"","Date","Absents","Paramset","Infections_or_Exposed_per_day_Patient","Infections_or_Exposed_per_day_HCW","total_infections","nosocomial_proportion","PCR_pooled","LFD_pooled","HCW_symp_test","patient_symp_test","new_hcw_infs","cumulative_hcw_infs","new_pat_infs","cumulative_pats_infs","new_nosocomial_hcw_infs","new_nosocomial_pat_infs"
"1","2020-03-12",2,1,89,198,9153,0.54320987654321,0,0,852,945,101,198,27,60,7,27
"2","2020-03-13",6,1,88,307,9153,0.54320987654321,0,0,852,945,109,307,8,68,25,8
"3","2020-03-14",13,1,90,417,9153,0.54320987654321,0,0,852,945,110,417,11,79,35,11
"4","2020-03-15",28,1,91,559,9153,0.54320987654321,0,0,852,945,142,559,13,92,58,13
"5","2020-03-16",41,1,89,717,9153,0.54320987654321,0,0,852,945,158,717,9,101,88,9
"6","2020-03-17",58,1,128,904,9153,0.54320987654321,0,0,852,945,190,907,40,141,100,40
"7","2020-03-18",97,1,171,1097,9153,0.54320987654321,0,0,852,945,206,1113,53,194,115,53
"8","2020-03-19",134,1,184,1322,9153,0.54320987654321,0,0,852,945,259,1372,38,232,170,38
"9","2020-03-20",184,1,163,1543,9153,0.54320987654321,0,0,852,945,251,1623,16,248,172,16
"10","2020-03-21",224,1,162,1809,9153,0.54320987654321,0,0,852,945,321,1944,18,266,224,18
"11","2020-03-22",275,1,147,2055,9153,0.54320987654321,0,0,852,945,303,2247,17,283,241,17
"12","2020-03-23",332,1,123,2268,9153,0.54320987654321,0,0,852,945,282,2529,13,296,210,13
"13","2020-03-24",417,1,144,2458,9153,0.54320987654321,0,0,852,945,282,2811,25,321,213,25
"14","2020-03-25",475,1,168,2653,9153,0.54320987654321,0,0,852,945,311,3122,44,365,245,44
"15","2020-03-26",534,1,165,2786,9153,0.54320987654321,0,0,852,945,271,3393,24,389,199,24
"16","2020-03-27",610,1,171,2934,9153,0.54320987654321,0,0,852,945,308,3701,26,415,240,26
"17","2020-03-28",682,1,168,3115,9153,0.54320987654321,0,0,852,945,350,4051,19,434,289,19
"18","2020-03-29",740,1,170,3166,9153,0.54320987654321,0,0,852,945,261,4312,36,470,213,36
"19","2020-03-30",803,1,181,3186,9153,0.54320987654321,0,0,852,945,245,4557,33,503,211,33
"20","2020-03-31",835,1,207,3198,9153,0.54320987654321,0,0,852,945,243,4800,49,552,197,49
"21","2020-04-01",873,1,202,3146,9153,0.54320987654321,0,0,852,945,188,4988,32,584,144,32
"22","2020-04-02",912,1,217,3128,9153,0.54320987654321,0,0,852,945,246,5234,36,620,192,36
"23","2020-04-03",890,1,229,3011,9153,0.54320987654321,0,0,852,945,155,5389,39,659,117,39
"24","2020-04-04",900,1,213,2889,9153,0.54320987654321,0,0,852,945,161,5550,21,680,125,21
"25","2020-04-05",895,1,214,2805,9153,0.54320987654321,0,0,852,945,189,5739,22,702,152,22
"26","2020-04-06",871,1,260,2663,9153,0.54320987654321,0,0,852,945,122,5861,65,767,76,65
"27","2020-04-07",833,1,275,2545,9153,0.54320987654321,0,0,852,945,148,6009,54,821,118,54
"28","2020-04-08",799,1,263,2374,9153,0.54320987654321,0,0,852,945,89,6098,28,849,58,28
"29","2020-04-09",743,1,231,2239,9153,0.54320987654321,0,0,852,945,112,6210,13,862,88,13
"30","2020-04-10",716,1,212,2098,9153,0.54320987654321,0,0,852,945,92,6302,16,878,61,16
"31","2020-04-11",664,1,195,1928,9153,0.54320987654321,0,0,852,945,82,6384,17,895,55,17
"32","2020-04-12",624,1,202,1805,9153,0.54320987654321,0,0,852,945,89,6473,31,926,48,31
"33","2020-04-13",587,1,226,1663,9153,0.54320987654321,0,0,852,945,62,6535,32,958,38,32
"34","2020-04-14",544,1,206,1492,9153,0.54320987654321,0,0,852,945,52,6587,16,974,31,16
"35","2020-04-15",508,1,190,1386,9153,0.54320987654321,0,0,852,945,66,6653,10,984,41,10
"36","2020-04-16",476,1,182,1286,9153,0.54320987654321,0,0,852,945,56,6709,19,1003,34,19
"37","2020-04-17",452,1,196,1209,9153,0.54320987654321,0,0,852,945,46,6755,29,1032,26,29
"38","2020-04-18",415,1,210,1092,9153,0.54320987654321,0,0,852,945,33,6788,40,1072,13,40
"39","2020-04-19",383,1,231,1003,9153,0.54320987654321,0,0,852,945,49,6837,41,1113,23,41
"40","2020-04-20",341,1,261,914,9153,0.54320987654321,0,0,852,945,37,6874,62,1175,18,62
"41","2020-04-21",325,1,261,847,9153,0.54320987654321,0,0,852,945,45,6919,33,1208,20,33
"42","2020-04-22",298,1,283,770,9153,0.54320987654321,0,0,852,945,31,6950,61,1269,13,61
"43","2020-04-23",277,1,278,715,9153,0.54320987654321,0,0,852,945,38,6988,29,1298,15,29
"44","2020-04-24",244,1,266,662,9153,0.54320987654321,0,0,852,945,31,7019,28,1326,11,28
"45","2020-04-25",232,1,237,603,9153,0.54320987654321,0,0,852,945,24,7043,16,1342,14,16
"46","2020-04-26",200,1,206,551,9153,0.54320987654321,0,0,852,945,24,7067,16,1358,9,16
"47","2020-04-27",196,1,206,519,9153,0.54320987654321,0,0,852,945,24,7091,23,1381,6,23
"48","2020-04-28",180,1,210,485,9153,0.54320987654321,0,0,852,945,20,7111,28,1409,4,28
"49","2020-04-29",163,1,180,472,9153,0.54320987654321,0,0,852,945,27,7138,8,1417,9,8
"50","2020-04-30",143,1,162,434,9153,0.54320987654321,0,0,852,945,11,7149,18,1435,3,18
"51","2020-05-01",137,1,183,412,9153,0.54320987654321,0,0,852,945,24,7173,27,1462,5,27
"52","2020-05-02",127,1,176,382,9153,0.54320987654321,0,0,852,945,16,7189,23,1485,4,23
"53","2020-05-03",118,1,172,366,9153,0.54320987654321,0,0,852,945,18,7207,15,1500,5,15
"54","2020-05-04",101,1,200,335,9153,0.54320987654321,0,0,852,945,20,7227,30,1530,6,30
"55","2020-05-05",91,1,188,317,9153,0.54320987654321,0,0,852,945,18,7245,35,1565,3,35
"56","2020-05-06",75,1,196,298,9153,0.54320987654321,0,0,852,945,22,7267,31,1596,6,31
"57","2020-05-07",72,1,237,276,9153,0.54320987654321,0,0,852,945,14,7281,38,1634,3,38
"58","2020-05-08",60,1,271,259,9153,0.54320987654321,0,0,852,945,20,7301,54,1688,5,54
"59","2020-05-09",52,1,276,241,9153,0.54320987654321,0,0,852,945,11,7312,55,1743,2,55
"60","2020-05-10",54,1,309,230,9153,0.54320987654321,0,0,852,945,14,7326,57,1800,5,57
"61","2020-05-11",59,1,330,218,9153,0.54320987654321,0,0,852,945,13,7339,65,1865,3,65
"62","2020-05-12",61,1,350,210,9153,0.54320987654321,0,0,852,945,13,7352,58,1923,1,58
"63","2020-05-13",65,1,326,204,9153,0.54320987654321,0,0,852,945,17,7369,43,1966,7,43
"64","2020-05-14",67,1,299,198,9153,0.54320987654321,0,0,852,945,12,7381,36,2002,3,36
"65","2020-05-15",70,1,322,180,9153,0.54320987654321,0,0,852,945,6,7387,45,2047,3,45
"66","2020-05-16",70,1,294,166,9153,0.54320987654321,0,0,852,945,10,7397,36,2083,1,36
"67","2020-05-17",67,1,296,164,9153,0.54320987654321,0,0,852,945,11,7408,39,2122,4,39
"68","2020-05-18",62,1,276,160,9153,0.54320987654321,0,0,852,945,14,7422,35,2157,3,35
"69","2020-05-19",54,1,268,161,9153,0.54320987654321,0,0,852,945,13,7435,33,2190,4,33
"70","2020-05-20",50,1,250,156,9153,0.54320987654321,0,0,852,945,11,7446,28,2218,2,28
"71","2020-05-21",49,1,243,147,9153,0.54320987654321,0,0,852,945,8,7454,24,2242,1,24
"72","2020-05-22",48,1,229,140,9153,0.54320987654321,0,0,852,945,8,7462,26,2268,3,26
"73","2020-05-23",41,1,244,131,9153,0.54320987654321,0,0,852,945,6,7468,44,2312,3,44
"74","2020-05-24",42,1,254,127,9153,0.54320987654321,0,0,852,945,9,7477,35,2347,3,35
"75","2020-05-25",36,1,267,122,9153,0.54320987654321,0,0,852,945,5,7482,51,2398,NA,51
"76","2020-05-26",34,1,269,116,9153,0.54320987654321,0,0,852,945,7,7489,24,2422,1,24
"77","2020-05-27",35,1,283,109,9153,0.54320987654321,0,0,852,945,1,7490,51,2473,NA,51
"78","2020-05-28",33,1,266,102,9153,0.54320987654321,0,0,852,945,8,7498,34,2507,2,35
"79","2020-05-29",30,1,267,94,9153,0.54320987654321,0,0,852,945,1,7499,36,2543,NA,36
"80","2020-05-30",29,1,251,84,9153,0.54320987654321,0,0,852,945,6,7505,26,2569,NA,26
"81","2020-05-31",30,1,268,80,9153,0.54320987654321,0,0,852,945,10,7515,52,2621,1,52
"82","2020-06-01",29,1,246,77,9153,0.54320987654321,0,0,852,945,3,7518,34,2655,NA,34
"83","2020-06-02",32,1,225,74,9153,0.54320987654321,0,0,852,945,8,7526,22,2677,1,22
"84","2020-06-03",28,1,209,69,9153,0.54320987654321,0,0,852,945,6,7532,24,2701,1,24
"85","2020-06-04",25,1,210,71,9153,0.54320987654321,0,0,852,945,6,7538,24,2725,1,24
"86","2020-06-05",23,1,190,71,9153,0.54320987654321,0,0,852,945,6,7544,13,2738,2,13
"87","2020-06-06",21,1,170,74,9153,0.54320987654321,0,0,852,945,9,7553,11,2749,1,11
"88","2020-06-07",16,1,160,69,9153,0.54320987654321,0,0,852,945,3,7556,21,2770,NA,21
"89","2020-03-14",2,2,63,185,6374,0.499686225290242,0,0,530,758,92,300,34,97,18,34
"90","2020-03-15",6,2,59,248,6374,0.499686225290242,0,0,530,758,78,378,35,132,18,35
"91","2020-03-16",17,2,74,298,6374,0.499686225290242,0,0,530,758,93,471,31,163,21,31
"92","2020-03-17",26,2,80,382,6374,0.499686225290242,0,0,530,758,83,554,29,192,27,29
"93","2020-03-18",40,2,104,451,6374,0.499686225290242,0,0,530,758,88,642,47,239,26,47
"94","2020-03-19",56,2,120,544,6374,0.499686225290242,0,0,530,758,103,745,51,290,37,51
"95","2020-03-20",85,2,128,596,6374,0.499686225290242,0,0,530,758,93,838,27,317,25,27
"96","2020-03-21",109,2,121,668,6374,0.499686225290242,0,0,530,758,95,933,21,338,27,21
"97","2020-03-22",134,2,133,742,6374,0.499686225290242,0,0,530,758,84,1017,36,374,26,36
"98","2020-03-23",151,2,148,826,6374,0.499686225290242,0,0,530,758,91,1108,45,419,33,45
"99","2020-03-24",175,2,147,873,6374,0.499686225290242,0,0,530,758,77,1185,28,447,30,28
"100","2020-03-25",203,2,115,914,6374,0.499686225290242,0,0,530,758,78,1263,29,476,23,29
"101","2020-03-26",229,2,99,944,6374,0.499686225290242,0,0,530,758,91,1354,43,519,31,43
"102","2020-03-27",241,2,99,996,6374,0.499686225290242,0,0,530,758,104,1458,48,567,33,48
"103","2020-03-28",250,2,91,1043,6374,0.499686225290242,0,0,530,758,104,1562,45,612,44,45
"104","2020-03-29",268,2,88,1098,6374,0.499686225290242,0,0,530,758,87,1649,46,658,26,46
"105","2020-03-30",300,2,93,1122,6374,0.499686225290242,0,0,530,758,83,1732,27,685,21,27
"106","2020-03-31",318,2,118,1121,6374,0.499686225290242,0,0,530,758,83,1815,56,741,21,56
"107","2020-04-01",327,2,122,1189,6374,0.499686225290242,0,0,530,758,93,1908,40,781,27,40
"108","2020-04-02",320,2,118,1231,6374,0.499686225290242,0,0,530,758,89,1997,29,810,21,29
"109","2020-04-03",307,2,120,1265,6374,0.499686225290242,0,0,530,758,93,2090,31,841,24,31
"110","2020-04-04",331,2,126,1291,6374,0.499686225290242,0,0,530,758,96,2186,25,866,26,25
"111","2020-04-05",329,2,157,1320,6374,0.499686225290242,0,0,530,758,85,2271,23,889,19,23
"112","2020-04-06",318,2,178,1329,6374,0.499686225290242,0,0,530,758,71,2342,28,917,16,28
"113","2020-04-07",313,2,205,1326,6374,0.499686225290242,0,0,530,758,100,2442,25,942,13,25
"114","2020-04-08",311,2,201,1305,6374,0.499686225290242,0,0,530,758,92,2534,40,982,27,40
"115","2020-04-09",320,2,179,1303,6374,0.499686225290242,0,0,530,758,101,2635,45,1027,21,45
"116","2020-04-10",342,2,177,1319,6374,0.499686225290242,0,0,530,758,89,2724,38,1065,21,38
"117","2020-04-11",337,2,216,1326,6374,0.499686225290242,0,0,530,758,88,2812,35,1100,25,35
"118","2020-04-12",345,2,238,1312,6374,0.499686225290242,0,0,530,758,93,2905,28,1128,23,28
"119","2020-04-13",344,2,232,1296,6374,0.499686225290242,0,0,530,758,101,3006,21,1149,25,21
"120","2020-04-14",343,2,226,1261,6374,0.499686225290242,0,0,530,758,83,3089,28,1177,21,28
"121","2020-04-15",349,2,188,1237,6374,0.499686225290242,0,0,530,758,96,3185,36,1213,24,36
"122","2020-04-16",347,2,178,1219,6374,0.499686225290242,0,0,530,758,85,3270,28,1241,19,28
"123","2020-04-17",346,2,201,1196,6374,0.499686225290242,0,0,530,758,80,3350,21,1262,15,21
"124","2020-04-18",338,2,234,1166,6374,0.499686225290242,0,0,530,758,86,3436,22,1284,28,22
"125","2020-04-19",333,2,288,1160,6374,0.499686225290242,0,0,530,758,80,3516,19,1303,20,19
"126","2020-04-20",331,2,292,1119,6374,0.499686225290242,0,0,530,758,97,3613,44,1347,24,44
"127","2020-04-21",329,2,257,1089,6374,0.499686225290242,0,0,530,758,81,3694,57,1404,23,57
"128","2020-04-22",316,2,245,1078,6374,0.499686225290242,0,0,530,758,79,3773,48,1452,22,48
"129","2020-04-23",318,2,254,1062,6374,0.499686225290242,0,0,530,758,67,3840,54,1506,17,54
"130","2020-04-24",304,2,226,1024,6374,0.499686225290242,0,0,530,758,81,3921,63,1569,17,63
"131","2020-04-25",281,2,207,989,6374,0.499686225290242,0,0,530,758,71,3992,47,1616,17,47
"132","2020-04-26",274,2,213,950,6374,0.499686225290242,0,0,530,758,64,4056,32,1648,11,32
"133","2020-04-27",275,2,187,917,6374,0.499686225290242,0,0,530,758,79,4135,27,1675,12,27
"134","2020-04-28",258,2,164,868,6374,0.499686225290242,0,0,530,758,61,4196,50,1725,8,50
"135","2020-04-29",256,2,144,851,6374,0.499686225290242,0,0,530,758,74,4270,40,1765,14,40
"136","2020-04-30",250,2,142,814,6374,0.499686225290242,0,0,530,758,73,4343,57,1822,12,57
"137","2020-05-01",254,2,135,778,6374,0.499686225290242,0,0,530,758,47,4390,33,1855,8,33
"138","2020-05-02",264,2,135,763,6374,0.499686225290242,0,0,530,758,60,4450,26,1881,11,26
"139","2020-05-03",252,2,144,753,6374,0.499686225290242,0,0,530,758,70,4520,21,1902,9,21
"140","2020-05-04",231,2,169,729,6374,0.499686225290242,0,0,530,758,53,4573,33,1935,5,33
"141","2020-05-05",232,2,178,700,6374,0.499686225290242,0,0,530,758,51,4624,25,1960,14,25
"142","2020-05-06",230,2,196,675,6374,0.499686225290242,0,0,530,758,54,4678,30,1990,5,30
"143","2020-05-07",223,2,201,666,6374,0.499686225290242,0,0,530,758,56,4734,43,2033,11,43
"144","2020-05-08",201,2,223,639,6374,0.499686225290242,0,0,530,758,58,4792,36,2069,10,36
"145","2020-05-09",195,2,252,628,6374,0.499686225290242,0,0,530,758,52,4844,23,2092,13,23
"146","2020-05-10",185,2,260,583,6374,0.499686225290242,0,0,530,758,54,4898,59,2151,12,59
"147","2020-05-11",179,2,288,562,6374,0.499686225290242,0,0,530,758,46,4944,55,2206,9,55
"148","2020-05-12",171,2,318,528,6374,0.499686225290242,0,0,530,758,39,4983,43,2249,9,43
"149","2020-05-13",156,2,296,516,6374,0.499686225290242,0,0,530,758,44,5027,27,2276,7,27
"150","2020-05-14",139,2,266,499,6374,0.499686225290242,0,0,530,758,43,5070,29,2305,7,29
"151","2020-05-15",151,2,230,482,6374,0.499686225290242,0,0,530,758,24,5094,22,2327,7,22
"152","2020-05-16",138,2,222,450,6374,0.499686225290242,0,0,530,758,47,5141,49,2376,7,49
"153","2020-05-17",143,2,241,432,6374,0.499686225290242,0,0,530,758,39,5180,33,2409,3,33
"154","2020-05-18",134,2,229,403,6374,0.499686225290242,0,0,530,758,31,5211,24,2433,3,24
"155","2020-05-19",134,2,217,393,6374,0.499686225290242,0,0,530,758,42,5253,45,2478,6,45
"156","2020-05-20",127,2,230,374,6374,0.499686225290242,0,0,530,758,36,5289,40,2518,8,40
"157","2020-05-21",130,2,210,375,6374,0.499686225290242,0,0,530,758,31,5320,59,2577,4,59
"158","2020-05-22",117,2,181,361,6374,0.499686225290242,0,0,530,758,27,5347,33,2610,8,33
"159","2020-05-23",117,2,177,346,6374,0.499686225290242,0,0,530,758,24,5371,55,2665,1,55
"160","2020-05-24",110,2,151,333,6374,0.499686225290242,0,0,530,758,31,5402,37,2702,4,37
"161","2020-05-25",114,2,135,316,6374,0.499686225290242,0,0,530,758,28,5430,39,2741,2,39
"162","2020-05-26",104,2,124,308,6374,0.499686225290242,0,0,530,758,20,5450,28,2769,1,28
"163","2020-05-27",99,2,118,289,6374,0.499686225290242,0,0,530,758,21,5471,19,2788,2,19
"164","2020-05-28",95,2,144,282,6374,0.499686225290242,0,0,530,758,21,5492,40,2828,6,40
"165","2020-05-29",90,2,169,260,6374,0.499686225290242,0,0,530,758,33,5525,28,2856,7,28
"166","2020-05-30",84,2,186,243,6374,0.499686225290242,0,0,530,758,23,5548,29,2885,2,29
"167","2020-05-31",83,2,203,235,6374,0.499686225290242,0,0,530,758,10,5558,23,2908,2,23
"168","2020-06-01",78,2,227,235,6374,0.499686225290242,0,0,530,758,24,5582,28,2936,6,28
"169","2020-06-02",78,2,233,230,6374,0.499686225290242,0,0,530,758,18,5600,20,2956,2,20
"170","2020-06-03",71,2,228,222,6374,0.499686225290242,0,0,530,758,25,5625,17,2973,2,17
"171","2020-06-04",65,2,222,214,6374,0.499686225290242,0,0,530,758,22,5647,32,3005,4,32
"172","2020-06-05",63,2,217,203,6374,0.499686225290242,0,0,530,758,17,5664,38,3043,1,38
"173","2020-06-06",64,2,217,183,6374,0.499686225290242,0,0,530,758,10,5674,43,3086,1,43
"174","2020-06-07",55,2,243,178,6374,0.499686225290242,0,0,530,758,14,5688,32,3118,1,32
"175","2020-03-13",5,3,173,239,7565,0.287640449438202,0,0,579,2025,46,101,28,71,21,28
"176","2020-03-14",11,3,177,336,7565,0.287640449438202,0,0,579,2025,55,156,25,96,26,25
"177","2020-03-15",18,3,195,433,7565,0.287640449438202,0,0,579,2025,72,228,25,121,44,25
"178","2020-03-16",36,3,268,512,7565,0.287640449438202,0,0,579,2025,52,280,24,145,36,24
"179","2020-03-17",54,3,266,604,7565,0.287640449438202,0,0,579,2025,67,347,23,168,49,23
"180","2020-03-18",78,3,280,689,7565,0.287640449438202,0,0,579,2025,89,436,32,200,66,32
"181","2020-03-19",103,3,278,790,7565,0.287640449438202,0,0,579,2025,95,531,68,268,78,68
"182","2020-03-20",126,3,286,886,7565,0.287640449438202,0,0,579,2025,103,634,55,323,84,55
"183","2020-03-21",163,3,268,971,7565,0.287640449438202,0,0,579,2025,140,774,66,389,115,66
"184","2020-03-22",197,3,277,1024,7565,0.287640449438202,0,0,579,2025,143,917,52,441,124,52
"185","2020-03-23",217,3,280,1106,7565,0.287640449438202,0,0,579,2025,144,1061,33,474,125,33
"186","2020-03-24",239,3,273,1164,7565,0.287640449438202,0,0,579,2025,155,1216,22,496,137,22
"187","2020-03-25",266,3,275,1178,7565,0.287640449438202,0,0,579,2025,208,1424,37,533,185,37
"188","2020-03-26",288,3,272,1210,7565,0.287640449438202,0,0,579,2025,159,1583,25,558,136,25
"189","2020-03-27",314,3,259,1240,7565,0.287640449438202,0,0,579,2025,214,1797,27,585,190,27
"190","2020-03-28",318,3,257,1273,7565,0.287640449438202,0,0,579,2025,191,1988,24,609,173,24
"191","2020-03-29",326,3,250,1295,7565,0.287640449438202,0,0,579,2025,180,2168,48,657,151,48
"192","2020-03-30",339,3,265,1340,7565,0.287640449438202,0,0,579,2025,240,2408,37,694,215,37
"193","2020-03-31",345,3,261,1360,7565,0.287640449438202,0,0,579,2025,205,2613,19,713,191,19
"194","2020-04-01",346,3,263,1380,7565,0.287640449438202,0,0,579,2025,211,2824,21,734,198,21
"195","2020-04-02",362,3,328,1380,7565,0.287640449438202,0,0,579,2025,194,3018,22,756,185,22
"196","2020-04-03",361,3,361,1426,7565,0.287640449438202,0,0,579,2025,236,3254,15,771,223,15
"197","2020-04-04",357,3,347,1420,7565,0.287640449438202,0,0,579,2025,203,3457,38,809,187,38
"198","2020-04-05",368,3,330,1427,7565,0.287640449438202,0,0,579,2025,225,3682,51,860,204,51
"199","2020-04-06",376,3,302,1428,7565,0.287640449438202,0,0,579,2025,199,3881,33,893,180,33
"200","2020-04-07",382,3,285,1430,7565,0.287640449438202,0,0,579,2025,202,4083,32,925,184,32
"201","2020-04-08",389,3,280,1425,7565,0.287640449438202,0,0,579,2025,159,4242,40,965,142,40
"202","2020-04-09",368,3,280,1411,7565,0.287640449438202,0,0,579,2025,206,4448,30,995,188,30
"203","2020-04-10",377,3,302,1378,7565,0.287640449438202,0,0,579,2025,159,4607,37,1032,145,37
"204","2020-04-11",396,3,300,1373,7565,0.287640449438202,0,0,579,2025,182,4789,41,1073,166,41
"205","2020-04-12",383,3,272,1357,7565,0.287640449438202,0,0,579,2025,140,4929,51,1124,124,51
"206","2020-04-13",387,3,284,1353,7565,0.287640449438202,0,0,579,2025,143,5072,37,1161,128,37
"207","2020-04-14",384,3,299,1341,7565,0.287640449438202,0,0,579,2025,94,5166,40,1201,86,40
"208","2020-04-15",388,3,303,1327,7565,0.287640449438202,0,0,579,2025,139,5305,30,1231,116,30
"209","2020-04-16",383,3,306,1315,7565,0.287640449438202,0,0,579,2025,120,5425,33,1264,110,33
"210","2020-04-17",372,3,349,1282,7565,0.287640449438202,0,0,579,2025,88,5513,34,1298,79,34
"211","2020-04-18",366,3,359,1257,7565,0.287640449438202,0,0,579,2025,93,5606,39,1337,76,39
"212","2020-04-19",366,3,362,1213,7565,0.287640449438202,0,0,579,2025,75,5681,29,1366,66,29
"213","2020-04-20",362,3,355,1222,7565,0.287640449438202,0,0,579,2025,72,5753,35,1401,62,35
"214","2020-04-21",340,3,340,1213,7565,0.287640449438202,0,0,579,2025,71,5824,45,1446,58,45
"215","2020-04-22",329,3,321,1193,7565,0.287640449438202,0,0,579,2025,65,5889,25,1471,56,25
"216","2020-04-23",331,3,350,1156,7565,0.287640449438202,0,0,579,2025,50,5939,26,1497,45,26
"217","2020-04-24",309,3,360,1128,7565,0.287640449438202,0,0,579,2025,65,6004,23,1520,58,23
"218","2020-04-25",291,3,404,1087,7565,0.287640449438202,0,0,579,2025,54,6058,27,1547,38,27
"219","2020-04-26",287,3,387,1066,7565,0.287640449438202,0,0,579,2025,42,6100,26,1573,29,26
"220","2020-04-27",273,3,368,1031,7565,0.287640449438202,0,0,579,2025,33,6133,50,1623,28,50
"221","2020-04-28",275,3,362,1001,7565,0.287640449438202,0,0,579,2025,43,6176,56,1679,35,56
"222","2020-04-29",261,3,352,979,7565,0.287640449438202,0,0,579,2025,29,6205,51,1730,25,51
"223","2020-04-30",258,3,383,941,7565,0.287640449438202,0,0,579,2025,30,6235,33,1763,24,33
"224","2020-05-01",258,3,394,911,7565,0.287640449438202,0,0,579,2025,26,6261,27,1790,18,27
"225","2020-05-02",249,3,385,881,7565,0.287640449438202,0,0,579,2025,26,6287,19,1809,15,19
"226","2020-05-03",238,3,365,835,7565,0.287640449438202,0,0,579,2025,31,6318,31,1840,20,31
"227","2020-05-04",220,3,354,795,7565,0.287640449438202,0,0,579,2025,23,6341,12,1852,18,12
"228","2020-05-05",226,3,337,749,7565,0.287640449438202,0,0,579,2025,26,6367,42,1894,12,42
"229","2020-05-06",213,3,348,720,7565,0.287640449438202,0,0,579,2025,23,6390,41,1935,16,41
"230","2020-05-07",206,3,348,694,7565,0.287640449438202,0,0,579,2025,26,6416,31,1966,16,31
"231","2020-05-08",207,3,375,662,7565,0.287640449438202,0,0,579,2025,26,6442,25,1991,17,25
"232","2020-05-09",201,3,355,652,7565,0.287640449438202,0,0,579,2025,19,6461,24,2015,10,24
"233","2020-05-10",188,3,352,635,7565,0.287640449438202,0,0,579,2025,18,6479,24,2039,10,24
"234","2020-05-11",186,3,337,622,7565,0.287640449438202,0,0,579,2025,14,6493,23,2062,9,23
"235","2020-05-12",173,3,342,608,7565,0.287640449438202,0,0,579,2025,12,6505,24,2086,6,24
"236","2020-05-13",173,3,338,581,7565,0.287640449438202,0,0,579,2025,19,6524,56,2142,9,56
"237","2020-05-14",166,3,350,545,7565,0.287640449438202,0,0,579,2025,17,6541,41,2183,12,41
"238","2020-05-15",148,3,341,527,7565,0.287640449438202,0,0,579,2025,17,6558,38,2221,7,38
"239","2020-05-16",141,3,346,509,7565,0.287640449438202,0,0,579,2025,17,6575,35,2256,12,35
"240","2020-05-17",136,3,338,499,7565,0.287640449438202,0,0,579,2025,15,6590,28,2284,7,28
"241","2020-05-18",133,3,337,473,7565,0.287640449438202,0,0,579,2025,10,6600,25,2309,6,25
"242","2020-05-19",132,3,347,456,7565,0.287640449438202,0,0,579,2025,9,6609,34,2343,6,34
"243","2020-05-20",131,3,355,447,7565,0.287640449438202,0,0,579,2025,12,6621,21,2364,11,21
"244","2020-05-21",120,3,347,428,7565,0.287640449438202,0,0,579,2025,12,6633,28,2392,7,28
"245","2020-05-22",125,3,341,417,7565,0.287640449438202,0,0,579,2025,13,6646,25,2417,9,25
"246","2020-05-23",128,3,348,422,7565,0.287640449438202,0,0,579,2025,11,6657,11,2428,7,11
"247","2020-05-24",129,3,403,416,7565,0.287640449438202,0,0,579,2025,13,6670,25,2453,8,25
"248","2020-05-25",122,3,394,412,7565,0.287640449438202,0,0,579,2025,9,6679,16,2469,5,16
"249","2020-05-26",112,3,393,397,7565,0.287640449438202,0,0,579,2025,8,6687,37,2506,7,37
"250","2020-05-27",105,3,375,370,7565,0.287640449438202,0,0,579,2025,13,6700,27,2533,10,27
"251","2020-05-28",101,3,350,355,7565,0.287640449438202,0,0,579,2025,7,6707,19,2552,5,19
"252","2020-05-29",102,3,365,323,7565,0.287640449438202,0,0,579,2025,10,6717,25,2577,5,25
"253","2020-05-30",93,3,378,310,7565,0.287640449438202,0,0,579,2025,5,6722,23,2600,3,23
"254","2020-05-31",90,3,376,287,7565,0.287640449438202,0,0,579,2025,13,6735,55,2655,10,55
"255","2020-06-01",83,3,364,273,7565,0.287640449438202,0,0,579,2025,6,6741,48,2703,4,48
"256","2020-06-02",80,3,351,254,7565,0.287640449438202,0,0,579,2025,7,6748,45,2748,3,45
"257","2020-06-03",76,3,346,245,7565,0.287640449438202,0,0,579,2025,6,6754,54,2802,3,54
"258","2020-06-04",81,3,323,233,7565,0.287640449438202,0,0,579,2025,10,6764,33,2835,6,33
"259","2020-06-05",71,3,315,217,7565,0.287640449438202,0,0,579,2025,7,6771,17,2852,5,17
"260","2020-06-06",68,3,328,205,7565,0.287640449438202,0,0,579,2025,11,6782,30,2882,8,30
"261","2020-06-07",64,3,317,186,7565,0.287640449438202,0,0,579,2025,5,6787,25,2907,3,25
"262","2020-03-13",2,4,109,132,6094,0.557105349524122,0,0,503,998,166,364,72,210,71,72
"263","2020-03-14",5,4,149,181,6094,0.557105349524122,0,0,503,998,195,559,32,242,107,32
"264","2020-03-15",10,4,138,245,6094,0.557105349524122,0,0,503,998,258,817,30,272,184,30
"265","2020-03-16",18,4,138,304,6094,0.557105349524122,0,0,503,998,297,1114,35,307,233,35
"266","2020-03-17",28,4,176,376,6094,0.557105349524122,0,0,503,998,400,1514,14,321,325,14
"267","2020-03-18",42,4,198,438,6094,0.557105349524122,0,0,503,998,462,1976,17,338,398,17
"268","2020-03-19",65,4,181,508,6094,0.557105349524122,0,0,503,998,547,2523,15,353,483,15
"269","2020-03-20",80,4,163,577,6094,0.557105349524122,0,0,503,998,521,3044,13,366,465,13
"270","2020-03-21",100,4,142,652,6094,0.557105349524122,0,0,503,998,653,3697,36,402,609,36
"271","2020-03-22",125,4,152,715,6094,0.557105349524122,0,0,503,998,617,4314,34,436,576,34
"272","2020-03-23",146,4,174,752,6094,0.557105349524122,0,0,503,998,586,4900,62,498,544,62
"273","2020-03-24",175,4,166,801,6094,0.557105349524122,0,0,503,998,567,5467,34,532,529,34
"274","2020-03-25",189,4,147,848,6094,0.557105349524122,0,0,503,998,533,6000,12,544,504,12
"275","2020-03-26",198,4,132,888,6094,0.557105349524122,0,0,503,998,369,6369,25,569,355,25
"276","2020-03-27",215,4,128,946,6094,0.557105349524122,0,0,503,998,335,6704,80,649,316,80
"277","2020-03-28",228,4,115,994,6094,0.557105349524122,0,0,503,998,233,6937,39,688,216,39
"278","2020-03-29",231,4,110,1027,6094,0.557105349524122,0,0,503,998,259,7196,26,714,247,26
"279","2020-03-30",248,4,116,1051,6094,0.557105349524122,0,0,503,998,162,7358,51,765,153,51
"280","2020-03-31",244,4,160,1093,6094,0.557105349524122,0,0,503,998,137,7495,27,792,122,27
"281","2020-04-01",266,4,164,1121,6094,0.557105349524122,0,0,503,998,75,7570,17,809,66,17
"282","2020-04-02",279,4,182,1158,6094,0.557105349524122,0,0,503,998,52,7622,12,821,51,12
"283","2020-04-03",295,4,236,1182,6094,0.557105349524122,0,0,503,998,53,7675,12,833,50,12
"284","2020-04-04",303,4,270,1200,6094,0.557105349524122,0,0,503,998,24,7699,16,849,19,16
"285","2020-04-05",324,4,269,1203,6094,0.557105349524122,0,0,503,998,24,7723,14,863,21,14
"286","2020-04-06",336,4,274,1211,6094,0.557105349524122,0,0,503,998,20,7743,13,876,15,13
"287","2020-04-07",347,4,271,1213,6094,0.557105349524122,0,0,503,998,13,7756,22,898,5,22
"288","2020-04-08",353,4,240,1204,6094,0.557105349524122,0,0,503,998,5,7761,67,965,5,67
"289","2020-04-09",355,4,263,1222,6094,0.557105349524122,0,0,503,998,13,7774,35,1000,10,35
"290","2020-04-10",352,4,243,1205,6094,0.557105349524122,0,0,503,998,10,7784,26,1026,7,26
"291","2020-04-11",361,4,241,1215,6094,0.557105349524122,0,0,503,998,6,7790,23,1049,4,23
"292","2020-04-12",361,4,273,1201,6094,0.557105349524122,0,0,503,998,11,7801,29,1078,6,29
"293","2020-04-13",352,4,273,1173,6094,0.557105349524122,0,0,503,998,7,7808,18,1096,3,18
"294","2020-04-14",347,4,283,1161,6094,0.557105349524122,0,0,503,998,5,7813,12,1108,3,12
"295","2020-04-15",336,4,308,1136,6094,0.557105349524122,0,0,503,998,9,7822,10,1118,5,10
"296","2020-04-16",332,4,301,1093,6094,0.557105349524122,0,0,503,998,1,7823,10,1128,NA,10
"297","2020-04-17",324,4,274,1073,6094,0.557105349524122,0,0,503,998,4,7827,10,1138,NA,10
"298","2020-04-18",316,4,256,1062,6094,0.557105349524122,0,0,503,998,5,7832,17,1155,2,17
"299","2020-04-19",303,4,266,1056,6094,0.557105349524122,0,0,503,998,1,7833,29,1184,NA,29
"300","2020-04-20",288,4,254,1014,6094,0.557105349524122,0,0,503,998,5,7838,23,1207,3,23
"301","2020-04-21",293,4,254,1007,6094,0.557105349524122,0,0,503,998,4,7842,20,1227,2,20
"302","2020-04-22",284,4,251,975,6094,0.557105349524122,0,0,503,998,2,7844,11,1238,1,11
"303","2020-04-23",279,4,221,952,6094,0.557105349524122,0,0,503,998,3,7847,18,1256,1,18
"304","2020-04-24",288,4,235,928,6094,0.557105349524122,0,0,503,998,4,7851,16,1272,1,16
"305","2020-04-25",280,4,225,911,6094,0.557105349524122,0,0,503,998,2,7853,11,1283,2,11
"306","2020-04-26",281,4,218,876,6094,0.557105349524122,0,0,503,998,5,7858,12,1295,1,12
"307","2020-04-27",291,4,197,859,6094,0.557105349524122,0,0,503,998,6,7864,17,1312,NA,17
"308","2020-04-28",274,4,181,860,6094,0.557105349524122,0,0,503,998,6,7870,35,1347,4,35
"309","2020-04-29",261,4,173,827,6094,0.557105349524122,0,0,503,998,1,7871,22,1369,NA,22
"310","2020-04-30",257,4,169,785,6094,0.557105349524122,0,0,503,998,2,7873,25,1394,NA,25
"311","2020-05-01",231,4,271,764,6094,0.557105349524122,0,0,503,998,7,7880,26,1420,1,26
"312","2020-05-02",218,4,320,736,6094,0.557105349524122,0,0,503,998,2,7882,33,1453,1,33
"313","2020-05-03",208,4,325,724,6094,0.557105349524122,0,0,503,998,NA,NA,29,1482,NA,29
"314","2020-05-04",195,4,345,695,6094,0.557105349524122,0,0,503,998,2,7884,26,1508,NA,26
"315","2020-05-05",193,4,313,673,6094,0.557105349524122,0,0,503,998,2,7886,20,1528,1,20
"316","2020-05-06",188,4,316,659,6094,0.557105349524122,0,0,503,998,2,7888,13,1541,NA,13
"317","2020-05-07",177,4,305,632,6094,0.557105349524122,0,0,503,998,2,7890,40,1581,NA,40
"318","2020-05-08",178,4,328,605,6094,0.557105349524122,0,0,503,998,5,7895,19,1600,2,19
"319","2020-05-09",181,4,329,597,6094,0.557105349524122,0,0,503,998,1,7896,38,1638,NA,38
"320","2020-05-10",177,4,348,575,6094,0.557105349524122,0,0,503,998,2,7898,20,1658,NA,20
"321","2020-05-11",172,4,327,569,6094,0.557105349524122,0,0,503,998,3,7901,19,1677,NA,19
"322","2020-05-12",163,4,287,558,6094,0.557105349524122,0,0,503,998,1,7902,69,1746,1,69
"323","2020-05-13",164,4,258,547,6094,0.557105349524122,0,0,503,998,3,7905,69,1815,2,69
"324","2020-05-14",163,4,251,519,6094,0.557105349524122,0,0,503,998,2,7907,43,1858,1,43
"325","2020-05-15",161,4,252,519,6094,0.557105349524122,0,0,503,998,1,7908,27,1885,NA,27
"326","2020-05-16",152,4,262,501,6094,0.557105349524122,0,0,503,998,1,7909,44,1929,NA,44
"327","2020-05-17",145,4,300,487,6094,0.557105349524122,0,0,503,998,NA,NA,30,1959,NA,30
"328","2020-05-18",134,4,303,460,6094,0.557105349524122,0,0,503,998,3,7912,19,1978,2,19
"329","2020-05-19",136,4,331,443,6094,0.557105349524122,0,0,503,998,2,7914,14,1992,NA,14
"330","2020-05-20",133,4,352,424,6094,0.557105349524122,0,0,503,998,1,7915,16,2008,NA,16
"331","2020-05-21",133,4,320,410,6094,0.557105349524122,0,0,503,998,3,7918,32,2040,NA,32
"332","2020-05-22",123,4,290,402,6094,0.557105349524122,0,0,503,998,3,7921,36,2076,NA,36
"333","2020-05-23",126,4,262,387,6094,0.557105349524122,0,0,503,998,2,7923,45,2121,1,45
"334","2020-05-24",124,4,245,364,6094,0.557105349524122,0,0,503,998,2,7925,37,2158,1,37
"335","2020-05-25",122,4,241,344,6094,0.557105349524122,0,0,503,998,2,7927,34,2192,NA,34
"336","2020-05-26",118,4,248,338,6094,0.557105349524122,0,0,503,998,1,7928,27,2219,1,27
"337","2020-05-27",115,4,236,326,6094,0.557105349524122,0,0,503,998,2,7930,30,2249,1,30
"338","2020-05-28",102,4,240,320,6094,0.557105349524122,0,0,503,998,2,7932,44,2293,NA,44
"339","2020-05-29",102,4,223,310,6094,0.557105349524122,0,0,503,998,1,7933,21,2314,NA,21
"340","2020-05-30",96,4,202,300,6094,0.557105349524122,0,0,503,998,2,7935,9,2323,1,9
"341","2020-05-31",85,4,190,292,6094,0.557105349524122,0,0,503,998,1,7936,15,2338,NA,15
"342","2020-06-01",83,4,210,287,6094,0.557105349524122,0,0,503,998,2,7938,71,2409,2,71
"343","2020-06-02",73,4,231,274,6094,0.557105349524122,0,0,503,998,1,7939,48,2457,1,48
"344","2020-06-03",80,4,211,269,6094,0.557105349524122,0,0,503,998,NA,NA,29,2486,NA,29
"345","2020-06-04",78,4,209,250,6094,0.557105349524122,0,0,503,998,1,7940,57,2543,NA,57
"346","2020-06-05",74,4,216,237,6094,0.557105349524122,0,0,503,998,1,7941,24,2567,NA,24
"347","2020-06-06",71,4,221,230,6094,0.557105349524122,0,0,503,998,NA,NA,68,2635,NA,68
"348","2020-06-07",69,4,244,216,6094,0.557105349524122,0,0,503,998,NA,NA,51,2686,NA,51
"349","2020-03-12",2,5,35,105,5602,0.283648696893966,0,0,472,581,28,51,20,43,4,20
"350","2020-03-13",5,5,39,173,5602,0.283648696893966,0,0,472,581,25,76,45,88,3,45
"351","2020-03-14",7,5,40,237,5602,0.283648696893966,0,0,472,581,28,104,35,123,6,35
"352","2020-03-15",15,5,45,329,5602,0.283648696893966,0,0,472,581,43,147,58,181,9,58
"353","2020-03-16",31,5,72,399,5602,0.283648696893966,0,0,472,581,35,182,37,218,10,37
"354","2020-03-17",49,5,72,473,5602,0.283648696893966,0,0,472,581,36,218,31,249,12,31
"355","2020-03-18",74,5,73,532,5602,0.283648696893966,0,0,472,581,29,247,23,272,15,23
"356","2020-03-19",97,5,72,597,5602,0.283648696893966,0,0,472,581,46,293,35,307,24,35
"357","2020-03-20",119,5,95,686,5602,0.283648696893966,0,0,472,581,40,333,22,329,16,22
"358","2020-03-21",136,5,112,754,5602,0.283648696893966,0,0,472,581,41,374,36,365,19,36
"359","2020-03-22",159,5,121,808,5602,0.283648696893966,0,0,472,581,43,417,37,402,18,37
"360","2020-03-23",176,5,148,862,5602,0.283648696893966,0,0,472,581,52,469,26,428,22,26
"361","2020-03-24",190,5,167,929,5602,0.283648696893966,0,0,472,581,40,509,20,448,14,20
"362","2020-03-25",199,5,194,956,5602,0.283648696893966,0,0,472,581,40,549,20,468,18,20
"363","2020-03-26",218,5,212,964,5602,0.283648696893966,0,0,472,581,44,593,24,492,21,24
"364","2020-03-27",237,5,231,968,5602,0.283648696893966,0,0,472,581,50,643,20,512,26,20
"365","2020-03-28",248,5,234,981,5602,0.283648696893966,0,0,472,581,62,705,14,526,33,14
"366","2020-03-29",260,5,247,959,5602,0.283648696893966,0,0,472,581,58,763,31,557,32,31
"367","2020-03-30",266,5,239,931,5602,0.283648696893966,0,0,472,581,67,830,34,591,35,34
"368","2020-03-31",276,5,220,900,5602,0.283648696893966,0,0,472,581,52,882,18,609,23,18
"369","2020-04-01",279,5,221,894,5602,0.283648696893966,0,0,472,581,58,940,20,629,31,20
"370","2020-04-02",269,5,193,903,5602,0.283648696893966,0,0,472,581,55,995,17,646,24,17
"371","2020-04-03",273,5,179,878,5602,0.283648696893966,0,0,472,581,59,1054,32,678,31,32
"372","2020-04-04",271,5,172,865,5602,0.283648696893966,0,0,472,581,62,1116,64,742,36,64
"373","2020-04-05",258,5,164,880,5602,0.283648696893966,0,0,472,581,64,1180,34,776,36,34
"374","2020-04-06",254,5,161,889,5602,0.283648696893966,0,0,472,581,64,1244,28,804,37,28
"375","2020-04-07",251,5,165,870,5602,0.283648696893966,0,0,472,581,68,1312,19,823,35,19
"376","2020-04-08",250,5,170,880,5602,0.283648696893966,0,0,472,581,55,1367,49,872,38,49
"377","2020-04-09",246,5,153,887,5602,0.283648696893966,0,0,472,581,60,1427,38,910,32,38
"378","2020-04-10",232,5,181,895,5602,0.283648696893966,0,0,472,581,56,1483,22,932,25,22
"379","2020-04-11",242,5,178,895,5602,0.283648696893966,0,0,472,581,71,1554,24,956,42,24
"380","2020-04-12",248,5,174,885,5602,0.283648696893966,0,0,472,581,71,1625,19,975,36,19
"381","2020-04-13",232,5,187,880,5602,0.283648696893966,0,0,472,581,69,1694,38,1013,36,38
"382","2020-04-14",223,5,215,852,5602,0.283648696893966,0,0,472,581,61,1755,27,1040,26,27
"383","2020-04-15",231,5,224,847,5602,0.283648696893966,0,0,472,581,64,1819,25,1065,30,25
"384","2020-04-16",233,5,246,828,5602,0.283648696893966,0,0,472,581,45,1864,20,1085,26,20
"385","2020-04-17",227,5,235,809,5602,0.283648696893966,0,0,472,581,60,1924,17,1102,33,17
"386","2020-04-18",219,5,252,812,5602,0.283648696893966,0,0,472,581,75,1999,18,1120,36,18
"387","2020-04-19",221,5,258,806,5602,0.283648696893966,0,0,472,581,67,2066,22,1142,37,22
"388","2020-04-20",233,5,287,801,5602,0.283648696893966,0,0,472,581,58,2124,18,1160,35,18
"389","2020-04-21",248,5,275,763,5602,0.283648696893966,0,0,472,581,53,2177,22,1182,20,22
"390","2020-04-22",238,5,294,766,5602,0.283648696893966,0,0,472,581,60,2237,19,1201,35,19
"391","2020-04-23",233,5,300,742,5602,0.283648696893966,0,0,472,581,56,2293,26,1227,21,26
"392","2020-04-24",225,5,278,760,5602,0.283648696893966,0,0,472,581,64,2357,60,1287,34,60
"393","2020-04-25",229,5,253,771,5602,0.283648696893966,0,0,472,581,49,2406,52,1339,24,52
"394","2020-04-26",221,5,220,765,5602,0.283648696893966,0,0,472,581,45,2451,31,1370,21,31
"395","2020-04-27",225,5,218,749,5602,0.283648696893966,0,0,472,581,50,2501,32,1402,22,32
"396","2020-04-28",213,5,211,733,5602,0.283648696893966,0,0,472,581,63,2564,13,1415,32,13
"397","2020-04-29",209,5,194,748,5602,0.283648696893966,0,0,472,581,62,2626,20,1435,22,20
"398","2020-04-30",206,5,196,738,5602,0.283648696893966,0,0,472,581,51,2677,23,1458,28,23
"399","2020-05-01",207,5,230,745,5602,0.283648696893966,0,0,472,581,38,2715,24,1482,10,24
"400","2020-05-02",211,5,239,739,5602,0.283648696893966,0,0,472,581,55,2770,32,1514,25,32
"401","2020-05-03",220,5,249,730,5602,0.283648696893966,0,0,472,581,44,2814,37,1551,15,37
"402","2020-05-04",198,5,242,728,5602,0.283648696893966,0,0,472,581,46,2860,29,1580,16,29
"403","2020-05-05",188,5,216,723,5602,0.283648696893966,0,0,472,581,35,2895,37,1617,16,37
"404","2020-05-06",175,5,222,702,5602,0.283648696893966,0,0,472,581,55,2950,22,1639,17,22
"405","2020-05-07",191,5,230,690,5602,0.283648696893966,0,0,472,581,39,2989,24,1663,13,24
"406","2020-05-08",189,5,243,674,5602,0.283648696893966,0,0,472,581,48,3037,21,1684,21,21
"407","2020-05-09",185,5,261,653,5602,0.283648696893966,0,0,472,581,43,3080,33,1717,20,33
"408","2020-05-10",170,5,263,638,5602,0.283648696893966,0,0,472,581,42,3122,17,1734,17,17
"409","2020-05-11",185,5,279,610,5602,0.283648696893966,0,0,472,581,29,3151,14,1748,9,14
"410","2020-05-12",183,5,261,601,5602,0.283648696893966,0,0,472,581,35,3186,17,1765,21,17
"411","2020-05-13",191,5,251,565,5602,0.283648696893966,0,0,472,581,42,3228,12,1777,18,12
"412","2020-05-14",169,5,259,539,5602,0.283648696893966,0,0,472,581,33,3261,12,1789,17,12
"413","2020-05-15",172,5,281,517,5602,0.283648696893966,0,0,472,581,23,3284,23,1812,12,23
"414","2020-05-16",157,5,274,502,5602,0.283648696893966,0,0,472,581,29,3313,15,1827,13,15
"415","2020-05-17",153,5,266,484,5602,0.283648696893966,0,0,472,581,44,3357,13,1840,23,13
"416","2020-05-18",150,5,261,468,5602,0.283648696893966,0,0,472,581,31,3388,24,1864,14,24
"417","2020-05-19",150,5,244,454,5602,0.283648696893966,0,0,472,581,36,3424,41,1905,15,41
"418","2020-05-20",141,5,216,429,5602,0.283648696893966,0,0,472,581,41,3465,36,1941,21,36
"419","2020-05-21",144,5,197,413,5602,0.283648696893966,0,0,472,581,26,3491,39,1980,13,39
"420","2020-05-22",137,5,214,404,5602,0.283648696893966,0,0,472,581,36,3527,36,2016,22,36
"421","2020-05-23",127,5,216,384,5602,0.283648696893966,0,0,472,581,32,3559,22,2038,18,22
"422","2020-05-24",119,5,194,367,5602,0.283648696893966,0,0,472,581,29,3588,48,2086,15,48
"423","2020-05-25",103,5,177,362,5602,0.283648696893966,0,0,472,581,24,3612,26,2112,10,26
"424","2020-05-26",97,5,164,350,5602,0.283648696893966,0,0,472,581,29,3641,57,2169,17,57
"425","2020-05-27",96,5,138,337,5602,0.283648696893966,0,0,472,581,17,3658,41,2210,7,41
"426","2020-05-28",92,5,157,315,5602,0.283648696893966,0,0,472,581,18,3676,38,2248,9,38
"427","2020-05-29",87,5,166,316,5602,0.283648696893966,0,0,472,581,23,3699,26,2274,8,26
"428","2020-05-30",88,5,161,304,5602,0.283648696893966,0,0,472,581,24,3723,41,2315,14,41
"429","2020-05-31",87,5,152,291,5602,0.283648696893966,0,0,472,581,19,3742,24,2339,10,24
"430","2020-06-01",87,5,182,284,5602,0.283648696893966,0,0,472,581,16,3758,29,2368,6,29
"431","2020-06-02",87,5,189,278,5602,0.283648696893966,0,0,472,581,18,3776,30,2398,8,30
"432","2020-06-03",88,5,201,279,5602,0.283648696893966,0,0,472,581,17,3793,39,2437,8,39
"433","2020-06-04",85,5,224,263,5602,0.283648696893966,0,0,472,581,8,3801,24,2461,3,24
"434","2020-06-05",83,5,220,242,5602,0.283648696893966,0,0,472,581,21,3822,23,2484,7,23
"435","2020-06-06",83,5,212,239,5602,0.283648696893966,0,0,472,581,14,3836,44,2528,6,44
"436","2020-06-07",83,5,206,234,5602,0.283648696893966,0,0,472,581,18,3854,30,2558,8,30
"437","2020-03-12",1,6,157,107,8671,0.847999077384385,0,0,717,1703,53,103,50,98,4,50
"438","2020-03-13",3,6,230,187,8671,0.847999077384385,0,0,717,1703,60,163,47,145,2,47
"439","2020-03-14",7,6,228,318,8671,0.847999077384385,0,0,717,1703,67,230,40,185,2,40
"440","2020-03-15",15,6,213,496,8671,0.847999077384385,0,0,717,1703,56,286,16,201,13,16
"441","2020-03-16",23,6,172,688,8671,0.847999077384385,0,0,717,1703,56,342,24,225,16,24
"442","2020-03-17",50,6,156,936,8671,0.847999077384385,0,0,717,1703,69,411,23,248,19,23
"443","2020-03-18",82,6,156,1278,8671,0.847999077384385,0,0,717,1703,62,473,67,315,18,67
"444","2020-03-19",127,6,144,1589,8671,0.847999077384385,0,0,717,1703,60,533,50,365,9,50
"445","2020-03-20",174,6,174,2010,8671,0.847999077384385,0,0,717,1703,70,603,35,400,14,35
"446","2020-03-21",233,6,173,2431,8671,0.847999077384385,0,0,717,1703,62,665,66,466,22,66
"447","2020-03-22",327,6,178,2904,8671,0.847999077384385,0,0,717,1703,74,739,37,503,15,37
"448","2020-03-23",439,6,172,3447,8671,0.847999077384385,0,0,717,1703,62,801,47,550,18,47
"449","2020-03-24",546,6,167,3945,8671,0.847999077384385,0,0,717,1703,58,859,30,580,11,30
"450","2020-03-25",668,6,175,4344,8671,0.847999077384385,0,0,717,1703,69,928,16,596,15,16
"451","2020-03-26",781,6,253,4588,8671,0.847999077384385,0,0,717,1703,72,1000,19,615,17,19
"452","2020-03-27",921,6,289,4775,8671,0.847999077384385,0,0,717,1703,60,1060,16,631,16,16
"453","2020-03-28",1059,6,265,4956,8671,0.847999077384385,0,0,717,1703,60,1120,60,691,15,60
"454","2020-03-29",1150,6,221,4970,8671,0.847999077384385,0,0,717,1703,74,1194,43,734,16,43
"455","2020-03-30",1231,6,182,4826,8671,0.847999077384385,0,0,717,1703,54,1248,22,756,14,22
"456","2020-03-31",1292,6,186,4618,8671,0.847999077384385,0,0,717,1703,80,1328,59,815,20,59
"457","2020-04-01",1320,6,246,4313,8671,0.847999077384385,0,0,717,1703,69,1397,32,847,19,32
"458","2020-04-02",1369,6,238,4031,8671,0.847999077384385,0,0,717,1703,62,1459,26,873,17,26
"459","2020-04-03",1360,6,215,3736,8671,0.847999077384385,0,0,717,1703,79,1538,43,916,23,43
"460","2020-04-04",1307,6,197,3333,8671,0.847999077384385,0,0,717,1703,73,1611,43,959,18,43
"461","2020-04-05",1226,6,179,2884,8671,0.847999077384385,0,0,717,1703,69,1680,42,1001,20,42
"462","2020-04-06",1143,6,213,2483,8671,0.847999077384385,0,0,717,1703,72,1752,15,1016,11,15
"463","2020-04-07",1050,6,211,2141,8671,0.847999077384385,0,0,717,1703,59,1811,21,1037,14,21
"464","2020-04-08",957,6,255,1850,8671,0.847999077384385,0,0,717,1703,75,1886,15,1052,17,15
"465","2020-04-09",816,6,289,1535,8671,0.847999077384385,0,0,717,1703,82,1968,48,1100,20,48
"466","2020-04-10",682,6,277,1250,8671,0.847999077384385,0,0,717,1703,78,2046,23,1123,18,23
"467","2020-04-11",583,6,257,1048,8671,0.847999077384385,0,0,717,1703,71,2117,40,1163,22,40
"468","2020-04-12",515,6,235,884,8671,0.847999077384385,0,0,717,1703,73,2190,58,1221,18,58
"469","2020-04-13",424,6,248,727,8671,0.847999077384385,0,0,717,1703,74,2264,51,1272,8,51
"470","2020-04-14",354,6,232,617,8671,0.847999077384385,0,0,717,1703,80,2344,40,1312,20,40
"471","2020-04-15",281,6,228,525,8671,0.847999077384385,0,0,717,1703,83,2427,22,1334,10,22
"472","2020-04-16",240,6,214,415,8671,0.847999077384385,0,0,717,1703,65,2492,24,1358,12,25
"473","2020-04-17",200,6,214,359,8671,0.847999077384385,0,0,717,1703,75,2567,12,1370,17,12
"474","2020-04-18",162,6,201,316,8671,0.847999077384385,0,0,717,1703,56,2623,20,1390,13,20
"475","2020-04-19",131,6,213,271,8671,0.847999077384385,0,0,717,1703,60,2683,22,1412,16,22
"476","2020-04-20",116,6,214,227,8671,0.847999077384385,0,0,717,1703,71,2754,15,1427,12,15
"477","2020-04-21",89,6,195,194,8671,0.847999077384385,0,0,717,1703,85,2839,9,1436,18,9
"478","2020-04-22",79,6,199,167,8671,0.847999077384385,0,0,717,1703,60,2899,9,1445,11,9
"479","2020-04-23",61,6,196,145,8671,0.847999077384385,0,0,717,1703,75,2974,5,1450,20,5
"480","2020-04-24",57,6,188,125,8671,0.847999077384385,0,0,717,1703,70,3044,14,1464,19,14
"481","2020-04-25",50,6,194,115,8671,0.847999077384385,0,0,717,1703,70,3114,35,1499,20,35
"482","2020-04-26",40,6,220,98,8671,0.847999077384385,0,0,717,1703,67,3181,20,1519,8,20
"483","2020-04-27",32,6,275,88,8671,0.847999077384385,0,0,717,1703,52,3233,19,1538,8,19
"484","2020-04-28",27,6,309,76,8671,0.847999077384385,0,0,717,1703,70,3303,18,1556,16,18
"485","2020-04-29",23,6,311,65,8671,0.847999077384385,0,0,717,1703,60,3363,18,1574,9,18
"486","2020-04-30",16,6,325,65,8671,0.847999077384385,0,0,717,1703,57,3420,17,1591,10,17
"487","2020-05-01",14,6,298,55,8671,0.847999077384385,0,0,717,1703,55,3475,19,1610,10,19
"488","2020-05-02",12,6,259,51,8671,0.847999077384385,0,0,717,1703,46,3521,27,1637,12,27
"489","2020-05-03",11,6,254,47,8671,0.847999077384385,0,0,717,1703,52,3573,51,1688,13,51
"490","2020-05-04",7,6,254,43,8671,0.847999077384385,0,0,717,1703,60,3633,42,1730,12,42
"491","2020-05-05",7,6,231,40,8671,0.847999077384385,0,0,717,1703,47,3680,17,1747,6,17
"492","2020-05-06",7,6,259,38,8671,0.847999077384385,0,0,717,1703,60,3740,11,1758,6,11
"493","2020-05-07",7,6,239,36,8671,0.847999077384385,0,0,717,1703,60,3800,15,1773,8,15
"494","2020-05-08",9,6,231,36,8671,0.847999077384385,0,0,717,1703,56,3856,24,1797,7,24
"495","2020-05-09",8,6,223,35,8671,0.847999077384385,0,0,717,1703,50,3906,29,1826,13,29
"496","2020-05-10",6,6,236,33,8671,0.847999077384385,0,0,717,1703,47,3953,51,1877,7,51
"497","2020-05-11",6,6,244,33,8671,0.847999077384385,0,0,717,1703,48,4001,34,1911,8,34
"498","2020-05-12",6,6,250,29,8671,0.847999077384385,0,0,717,1703,33,4034,26,1937,9,26
"499","2020-05-13",4,6,224,26,8671,0.847999077384385,0,0,717,1703,33,4067,38,1975,8,38
"500","2020-05-14",3,6,200,27,8671,0.847999077384385,0,0,717,1703,43,4110,54,2029,4,54
"501","2020-05-15",2,6,176,27,8671,0.847999077384385,0,0,717,1703,40,4150,32,2061,5,32
"502","2020-05-16",2,6,162,26,8671,0.847999077384385,0,0,717,1703,31,4181,22,2083,7,22
"503","2020-05-17",2,6,173,26,8671,0.847999077384385,0,0,717,1703,36,4217,17,2100,2,17
"504","2020-05-18",4,6,169,27,8671,0.847999077384385,0,0,717,1703,33,4250,19,2119,2,19
"505","2020-05-19",6,6,183,25,8671,0.847999077384385,0,0,717,1703,35,4285,19,2138,5,19
"506","2020-05-20",8,6,163,24,8671,0.847999077384385,0,0,717,1703,31,4316,15,2153,5,15
"507","2020-05-21",8,6,188,23,8671,0.847999077384385,0,0,717,1703,34,4350,32,2185,6,32
"508","2020-05-22",9,6,192,22,8671,0.847999077384385,0,0,717,1703,32,4382,21,2206,6,21
"509","2020-05-23",9,6,194,22,8671,0.847999077384385,0,0,717,1703,28,4410,17,2223,5,17
"510","2020-05-24",9,6,193,24,8671,0.847999077384385,0,0,717,1703,40,4450,13,2236,8,13
"511","2020-05-25",8,6,190,23,8671,0.847999077384385,0,0,717,1703,33,4483,14,2250,5,14
"512","2020-05-26",6,6,229,25,8671,0.847999077384385,0,0,717,1703,36,4519,18,2268,8,18
"513","2020-05-27",4,6,238,27,8671,0.847999077384385,0,0,717,1703,33,4552,8,2276,8,8
"514","2020-05-28",6,6,248,29,8671,0.847999077384385,0,0,717,1703,21,4573,65,2341,5,65
"515","2020-05-29",5,6,237,32,8671,0.847999077384385,0,0,717,1703,27,4600,60,2401,4,60
"516","2020-05-30",4,6,211,30,8671,0.847999077384385,0,0,717,1703,26,4626,33,2434,4,33
"517","2020-05-31",4,6,180,27,8671,0.847999077384385,0,0,717,1703,22,4648,29,2463,3,29
"518","2020-06-01",4,6,180,23,8671,0.847999077384385,0,0,717,1703,32,4680,38,2501,7,38
"519","2020-06-02",7,6,198,24,8671,0.847999077384385,0,0,717,1703,15,4695,47,2548,3,47
"520","2020-06-03",7,6,197,23,8671,0.847999077384385,0,0,717,1703,22,4717,53,2601,4,53
"521","2020-06-04",5,6,170,20,8671,0.847999077384385,0,0,717,1703,9,4726,38,2639,NA,38
"522","2020-06-05",7,6,167,18,8671,0.847999077384385,0,0,717,1703,18,4744,62,2701,3,62
"523","2020-06-06",7,6,157,17,8671,0.847999077384385,0,0,717,1703,20,4764,38,2739,3,38
"524","2020-06-07",8,6,190,13,8671,0.847999077384385,0,0,717,1703,13,4777,67,2806,3,67
"525","2020-03-13",3,7,67,273,7660,0.184725848563969,0,0,692,795,35,81,18,108,12,18
"526","2020-03-14",12,7,70,366,7660,0.184725848563969,0,0,692,795,41,122,12,120,10,12
"527","2020-03-15",28,7,81,456,7660,0.184725848563969,0,0,692,795,29,151,6,126,7,6
"528","2020-03-16",45,7,95,562,7660,0.184725848563969,0,0,692,795,43,194,9,135,23,9
"529","2020-03-17",70,7,102,670,7660,0.184725848563969,0,0,692,795,42,236,5,140,17,5
"530","2020-03-18",90,7,100,774,7660,0.184725848563969,0,0,692,795,56,292,49,189,35,49
"531","2020-03-19",128,7,128,873,7660,0.184725848563969,0,0,692,795,52,344,24,213,22,24
"532","2020-03-20",164,7,131,970,7660,0.184725848563969,0,0,692,795,46,390,48,261,21,48
"533","2020-03-21",193,7,143,1057,7660,0.184725848563969,0,0,692,795,63,453,33,294,34,33
"534","2020-03-22",212,7,168,1153,7660,0.184725848563969,0,0,692,795,40,493,22,316,16,22
"535","2020-03-23",242,7,164,1200,7660,0.184725848563969,0,0,692,795,54,547,55,371,23,55
"536","2020-03-24",272,7,143,1229,7660,0.184725848563969,0,0,692,795,68,615,46,417,43,46
"537","2020-03-25",295,7,156,1282,7660,0.184725848563969,0,0,692,795,60,675,50,467,35,50
"538","2020-03-26",310,7,161,1302,7660,0.184725848563969,0,0,692,795,61,736,30,497,29,30
"539","2020-03-27",330,7,147,1328,7660,0.184725848563969,0,0,692,795,68,804,54,551,38,54
"540","2020-03-28",343,7,169,1336,7660,0.184725848563969,0,0,692,795,63,867,34,585,39,34
"541","2020-03-29",370,7,152,1324,7660,0.184725848563969,0,0,692,795,51,918,29,614,30,29
"542","2020-03-30",376,7,141,1316,7660,0.184725848563969,0,0,692,795,58,976,24,638,35,24
"543","2020-03-31",373,7,128,1313,7660,0.184725848563969,0,0,692,795,49,1025,15,653,29,15
"544","2020-04-01",385,7,139,1313,7660,0.184725848563969,0,0,692,795,65,1090,22,675,36,22
"545","2020-04-02",386,7,141,1307,7660,0.184725848563969,0,0,692,795,64,1154,21,696,30,21
"546","2020-04-03",372,7,156,1265,7660,0.184725848563969,0,0,692,795,52,1206,17,713,31,17
"547","2020-04-04",358,7,205,1264,7660,0.184725848563969,0,0,692,795,63,1269,44,757,38,44
"548","2020-04-05",343,7,237,1258,7660,0.184725848563969,0,0,692,795,68,1337,18,775,39,18
"549","2020-04-06",344,7,233,1258,7660,0.184725848563969,0,0,692,795,57,1394,33,808,25,33
"550","2020-04-07",344,7,220,1238,7660,0.184725848563969,0,0,692,795,74,1468,19,827,36,19
"551","2020-04-08",332,7,192,1203,7660,0.184725848563969,0,0,692,795,65,1533,16,843,33,16
"552","2020-04-09",328,7,159,1210,7660,0.184725848563969,0,0,692,795,68,1601,14,857,32,14
"553","2020-04-10",328,7,154,1195,7660,0.184725848563969,0,0,692,795,71,1672,15,872,42,15
"554","2020-04-11",336,7,144,1184,7660,0.184725848563969,0,0,692,795,63,1735,18,890,27,18
"555","2020-04-12",348,7,167,1198,7660,0.184725848563969,0,0,692,795,62,1797,14,904,30,14
"556","2020-04-13",341,7,191,1200,7660,0.184725848563969,0,0,692,795,60,1857,9,913,35,9
"557","2020-04-14",333,7,184,1204,7660,0.184725848563969,0,0,692,795,56,1913,15,928,31,15
"558","2020-04-15",335,7,209,1213,7660,0.184725848563969,0,0,692,795,55,1968,32,960,33,32
"559","2020-04-16",329,7,205,1178,7660,0.184725848563969,0,0,692,795,68,2036,19,979,40,19
"560","2020-04-17",338,7,193,1179,7660,0.184725848563969,0,0,692,795,66,2102,25,1004,34,25
"561","2020-04-18",336,7,189,1167,7660,0.184725848563969,0,0,692,795,59,2161,50,1054,28,50
"562","2020-04-19",325,7,185,1136,7660,0.184725848563969,0,0,692,795,51,2212,27,1081,33,27
"563","2020-04-20",326,7,244,1134,7660,0.184725848563969,0,0,692,795,70,2282,23,1104,49,23
"564","2020-04-21",324,7,241,1138,7660,0.184725848563969,0,0,692,795,55,2337,15,1119,28,15
"565","2020-04-22",326,7,222,1127,7660,0.184725848563969,0,0,692,795,49,2386,29,1148,26,29
"566","2020-04-23",310,7,215,1098,7660,0.184725848563969,0,0,692,795,51,2437,30,1178,23,30
"567","2020-04-24",297,7,207,1100,7660,0.184725848563969,0,0,692,795,63,2500,52,1230,29,52
"568","2020-04-25",301,7,219,1080,7660,0.184725848563969,0,0,692,795,67,2567,28,1258,23,28
"569","2020-04-26",294,7,220,1044,7660,0.184725848563969,0,0,692,795,67,2634,13,1271,42,13
"570","2020-04-27",283,7,212,1008,7660,0.184725848563969,0,0,692,795,60,2694,39,1310,30,39
"571","2020-04-28",285,7,276,999,7660,0.184725848563969,0,0,692,795,62,2756,19,1329,34,19
"572","2020-04-29",271,7,266,989,7660,0.184725848563969,0,0,692,795,51,2807,16,1345,20,16
"573","2020-04-30",285,7,242,972,7660,0.184725848563969,0,0,692,795,48,2855,42,1387,24,42
"574","2020-05-01",291,7,230,953,7660,0.184725848563969,0,0,692,795,59,2914,26,1413,39,26
"575","2020-05-02",281,7,249,913,7660,0.184725848563969,0,0,692,795,44,2958,26,1439,27,26
"576","2020-05-03",262,7,246,902,7660,0.184725848563969,0,0,692,795,36,2994,17,1456,16,17
"577","2020-05-04",253,7,223,855,7660,0.184725848563969,0,0,692,795,41,3035,14,1470,28,14
"578","2020-05-05",250,7,230,843,7660,0.184725848563969,0,0,692,795,41,3076,26,1496,18,26
"579","2020-05-06",245,7,208,830,7660,0.184725848563969,0,0,692,795,45,3121,19,1515,24,19
"580","2020-05-07",234,7,207,814,7660,0.184725848563969,0,0,692,795,47,3168,16,1531,25,16
"581","2020-05-08",218,7,195,784,7660,0.184725848563969,0,0,692,795,41,3209,40,1571,24,40
"582","2020-05-09",211,7,170,768,7660,0.184725848563969,0,0,692,795,39,3248,27,1598,11,27
"583","2020-05-10",219,7,158,751,7660,0.184725848563969,0,0,692,795,38,3286,23,1621,18,23
"584","2020-05-11",211,7,185,720,7660,0.184725848563969,0,0,692,795,30,3316,12,1633,8,12
"585","2020-05-12",192,7,214,684,7660,0.184725848563969,0,0,692,795,38,3354,17,1650,17,17
"586","2020-05-13",184,7,232,668,7660,0.184725848563969,0,0,692,795,41,3395,13,1663,16,13
"587","2020-05-14",169,7,223,632,7660,0.184725848563969,0,0,692,795,34,3429,21,1684,21,21
"588","2020-05-15",157,7,206,612,7660,0.184725848563969,0,0,692,795,46,3475,9,1693,16,9
"589","2020-05-16",148,7,240,603,7660,0.184725848563969,0,0,692,795,40,3515,23,1716,21,23
"590","2020-05-17",147,7,227,564,7660,0.184725848563969,0,0,692,795,39,3554,13,1729,20,13
"591","2020-05-18",158,7,224,557,7660,0.184725848563969,0,0,692,795,21,3575,16,1745,11,16
"592","2020-05-19",158,7,236,523,7660,0.184725848563969,0,0,692,795,37,3612,28,1773,18,28
"593","2020-05-20",162,7,231,502,7660,0.184725848563969,0,0,692,795,30,3642,17,1790,11,17
"594","2020-05-21",163,7,208,480,7660,0.184725848563969,0,0,692,795,28,3670,13,1803,12,13
"595","2020-05-22",156,7,190,457,7660,0.184725848563969,0,0,692,795,28,3698,15,1818,10,15
"596","2020-05-23",158,7,212,442,7660,0.184725848563969,0,0,692,795,20,3718,8,1826,13,8
"597","2020-05-24",138,7,211,426,7660,0.184725848563969,0,0,692,795,36,3754,7,1833,20,7
"598","2020-05-25",124,7,185,404,7660,0.184725848563969,0,0,692,795,30,3784,22,1855,18,22
"599","2020-05-26",117,7,170,384,7660,0.184725848563969,0,0,692,795,27,3811,41,1896,15,41
"600","2020-05-27",108,7,167,356,7660,0.184725848563969,0,0,692,795,25,3836,32,1928,13,32
"601","2020-05-28",113,7,157,346,7660,0.184725848563969,0,0,692,795,35,3871,16,1944,18,16
"602","2020-05-29",113,7,156,322,7660,0.184725848563969,0,0,692,795,22,3893,19,1963,8,19
"603","2020-05-30",100,7,145,313,7660,0.184725848563969,0,0,692,795,36,3929,41,2004,26,41
"604","2020-05-31",99,7,161,309,7660,0.184725848563969,0,0,692,795,30,3959,51,2055,15,51
"605","2020-06-01",93,7,150,302,7660,0.184725848563969,0,0,692,795,23,3982,47,2102,12,47
"606","2020-06-02",84,7,155,283,7660,0.184725848563969,0,0,692,795,20,4002,27,2129,11,27
"607","2020-06-03",80,7,146,275,7660,0.184725848563969,0,0,692,795,27,4029,22,2151,13,22
"608","2020-06-04",66,7,130,265,7660,0.184725848563969,0,0,692,795,23,4052,48,2199,12,48
"609","2020-06-05",61,7,119,242,7660,0.184725848563969,0,0,692,795,24,4076,27,2226,18,27
"610","2020-06-06",63,7,116,241,7660,0.184725848563969,0,0,692,795,17,4093,21,2247,12,21
"611","2020-06-07",61,7,113,223,7660,0.184725848563969,0,0,692,795,27,4120,47,2294,15,47
"612","2020-03-13",1,8,159,191,6514,0.29444273871661,0,0,588,1643,65,161,25,50,6,25
"613","2020-03-14",7,8,179,271,6514,0.29444273871661,0,0,588,1643,56,217,13,63,10,13
"614","2020-03-15",16,8,185,339,6514,0.29444273871661,0,0,588,1643,68,285,12,75,15,12
"615","2020-03-16",26,8,232,414,6514,0.29444273871661,0,0,588,1643,58,343,NA,NA,18,NA
"616","2020-03-17",33,8,252,496,6514,0.29444273871661,0,0,588,1643,59,402,15,90,12,15
"617","2020-03-18",49,8,307,584,6514,0.29444273871661,0,0,588,1643,72,474,32,122,23,32
"618","2020-03-19",69,8,349,674,6514,0.29444273871661,0,0,588,1643,66,540,16,138,16,16
"619","2020-03-20",97,8,324,747,6514,0.29444273871661,0,0,588,1643,60,600,13,151,18,13
"620","2020-03-21",130,8,326,802,6514,0.29444273871661,0,0,588,1643,59,659,7,158,22,7
"621","2020-03-22",157,8,307,858,6514,0.29444273871661,0,0,588,1643,68,727,16,174,25,16
"622","2020-03-23",183,8,296,906,6514,0.29444273871661,0,0,588,1643,77,804,19,193,24,19
"623","2020-03-24",211,8,293,961,6514,0.29444273871661,0,0,588,1643,86,890,41,234,26,41
"624","2020-03-25",234,8,285,985,6514,0.29444273871661,0,0,588,1643,72,962,25,259,23,25
"625","2020-03-26",257,8,280,1026,6514,0.29444273871661,0,0,588,1643,70,1032,51,310,21,51
"626","2020-03-27",264,8,276,1052,6514,0.29444273871661,0,0,588,1643,57,1089,43,353,15,43
"627","2020-03-28",260,8,271,1076,6514,0.29444273871661,0,0,588,1643,65,1154,54,407,13,54
"628","2020-03-29",258,8,264,1081,6514,0.29444273871661,0,0,588,1643,55,1209,33,440,13,33
"629","2020-03-30",267,8,263,1099,6514,0.29444273871661,0,0,588,1643,54,1263,29,469,13,29
"630","2020-03-31",267,8,250,1151,6514,0.29444273871661,0,0,588,1643,64,1327,46,515,19,46
"631","2020-04-01",272,8,264,1155,6514,0.29444273871661,0,0,588,1643,72,1399,60,575,18,60
"632","2020-04-02",271,8,283,1160,6514,0.29444273871661,0,0,588,1643,70,1469,56,631,9,56
"633","2020-04-03",287,8,333,1183,6514,0.29444273871661,0,0,588,1643,69,1538,33,664,12,33
"634","2020-04-04",299,8,352,1199,6514,0.29444273871661,0,0,588,1643,60,1598,19,683,15,19
"635","2020-04-05",304,8,340,1201,6514,0.29444273871661,0,0,588,1643,80,1678,31,714,24,31
"636","2020-04-06",305,8,325,1185,6514,0.29444273871661,0,0,588,1643,66,1744,33,747,21,33
"637","2020-04-07",323,8,314,1191,6514,0.29444273871661,0,0,588,1643,75,1819,17,764,16,17
"638","2020-04-08",333,8,290,1206,6514,0.29444273871661,0,0,588,1643,76,1895,13,777,7,13
"639","2020-04-09",335,8,282,1202,6514,0.29444273871661,0,0,588,1643,63,1958,13,790,12,13
"640","2020-04-10",330,8,266,1201,6514,0.29444273871661,0,0,588,1643,78,2036,14,804,14,14
"641","2020-04-11",336,8,250,1197,6514,0.29444273871661,0,0,588,1643,94,2130,73,877,24,73
"642","2020-04-12",344,8,264,1198,6514,0.29444273871661,0,0,588,1643,75,2205,40,917,12,40
"643","2020-04-13",348,8,251,1207,6514,0.29444273871661,0,0,588,1643,80,2285,48,965,14,48
"644","2020-04-14",349,8,266,1184,6514,0.29444273871661,0,0,588,1643,68,2353,52,1017,12,52
"645","2020-04-15",336,8,270,1157,6514,0.29444273871661,0,0,588,1643,79,2432,36,1053,13,36
"646","2020-04-16",332,8,281,1124,6514,0.29444273871661,0,0,588,1643,77,2509,52,1105,25,52
"647","2020-04-17",332,8,284,1085,6514,0.29444273871661,0,0,588,1643,59,2568,65,1170,8,65
"648","2020-04-18",319,8,308,1075,6514,0.29444273871661,0,0,588,1643,61,2629,23,1193,7,23
"649","2020-04-19",313,8,293,1049,6514,0.29444273871661,0,0,588,1643,78,2707,54,1247,17,54
"650","2020-04-20",298,8,289,1020,6514,0.29444273871661,0,0,588,1643,70,2777,43,1290,6,43
"651","2020-04-21",292,8,332,1001,6514,0.29444273871661,0,0,588,1643,66,2843,25,1315,6,25
"652","2020-04-22",290,8,335,959,6514,0.29444273871661,0,0,588,1643,61,2904,25,1340,11,25
"653","2020-04-23",281,8,337,932,6514,0.29444273871661,0,0,588,1643,61,2965,23,1363,13,23
"654","2020-04-24",275,8,321,939,6514,0.29444273871661,0,0,588,1643,49,3014,40,1403,5,40
"655","2020-04-25",280,8,316,904,6514,0.29444273871661,0,0,588,1643,51,3065,26,1429,14,26
"656","2020-04-26",279,8,304,875,6514,0.29444273871661,0,0,588,1643,67,3132,39,1468,7,39
"657","2020-04-27",274,8,324,846,6514,0.29444273871661,0,0,588,1643,61,3193,27,1495,6,27
"658","2020-04-28",256,8,338,818,6514,0.29444273871661,0,0,588,1643,50,3243,78,1573,10,78
"659","2020-04-29",247,8,338,811,6514,0.29444273871661,0,0,588,1643,47,3290,39,1612,8,39
"660","2020-04-30",247,8,315,786,6514,0.29444273871661,0,0,588,1643,46,3336,15,1627,6,15
"661","2020-05-01",233,8,321,784,6514,0.29444273871661,0,0,588,1643,63,3399,9,1636,6,9
"662","2020-05-02",218,8,324,792,6514,0.29444273871661,0,0,588,1643,42,3441,19,1655,6,19
"663","2020-05-03",203,8,299,782,6514,0.29444273871661,0,0,588,1643,48,3489,19,1674,9,19
"664","2020-05-04",201,8,306,760,6514,0.29444273871661,0,0,588,1643,52,3541,14,1688,8,14
"665","2020-05-05",190,8,298,760,6514,0.29444273871661,0,0,588,1643,53,3594,13,1701,12,13
"666","2020-05-06",183,8,308,746,6514,0.29444273871661,0,0,588,1643,44,3638,8,1709,5,8
"667","2020-05-07",181,8,370,729,6514,0.29444273871661,0,0,588,1643,39,3677,11,1720,3,11
"668","2020-05-08",189,8,410,706,6514,0.29444273871661,0,0,588,1643,59,3736,11,1731,7,11
"669","2020-05-09",183,8,406,692,6514,0.29444273871661,0,0,588,1643,51,3787,16,1747,10,16
"670","2020-05-10",188,8,396,663,6514,0.29444273871661,0,0,588,1643,52,3839,67,1814,8,67
"671","2020-05-11",187,8,394,625,6514,0.29444273871661,0,0,588,1643,47,3886,21,1835,13,21
"672","2020-05-12",192,8,378,622,6514,0.29444273871661,0,0,588,1643,38,3924,24,1859,6,24
"673","2020-05-13",185,8,378,604,6514,0.29444273871661,0,0,588,1643,41,3965,17,1876,3,17
"674","2020-05-14",185,8,357,584,6514,0.29444273871661,0,0,588,1643,46,4011,16,1892,11,16
"675","2020-05-15",165,8,336,566,6514,0.29444273871661,0,0,588,1643,35,4046,33,1925,7,33
"676","2020-05-16",165,8,327,543,6514,0.29444273871661,0,0,588,1643,47,4093,46,1971,6,46
"677","2020-05-17",164,8,336,523,6514,0.29444273871661,0,0,588,1643,40,4133,26,1997,5,26
"678","2020-05-18",157,8,350,510,6514,0.29444273871661,0,0,588,1643,31,4164,24,2021,6,24
"679","2020-05-19",150,8,351,487,6514,0.29444273871661,0,0,588,1643,38,4202,10,2031,6,10
"680","2020-05-20",159,8,323,449,6514,0.29444273871661,0,0,588,1643,37,4239,10,2041,5,10
"681","2020-05-21",156,8,313,427,6514,0.29444273871661,0,0,588,1643,39,4278,21,2062,7,21
"682","2020-05-22",160,8,334,397,6514,0.29444273871661,0,0,588,1643,34,4312,44,2106,7,44
"683","2020-05-23",144,8,318,381,6514,0.29444273871661,0,0,588,1643,19,4331,37,2143,2,37
"684","2020-05-24",127,8,330,357,6514,0.29444273871661,0,0,588,1643,37,4368,23,2166,2,23
"685","2020-05-25",121,8,332,339,6514,0.29444273871661,0,0,588,1643,28,4396,16,2182,3,16
"686","2020-05-26",120,8,317,315,6514,0.29444273871661,0,0,588,1643,38,4434,15,2197,5,15
"687","2020-05-27",108,8,294,307,6514,0.29444273871661,0,0,588,1643,33,4467,36,2233,5,36
"688","2020-05-28",98,8,336,295,6514,0.29444273871661,0,0,588,1643,31,4498,16,2249,7,16
"689","2020-05-29",87,8,383,282,6514,0.29444273871661,0,0,588,1643,29,4527,27,2276,7,27
"690","2020-05-30",85,8,399,261,6514,0.29444273871661,0,0,588,1643,31,4558,43,2319,8,43
"691","2020-05-31",79,8,399,261,6514,0.29444273871661,0,0,588,1643,37,4595,25,2344,9,25
"692","2020-06-01",74,8,378,253,6514,0.29444273871661,0,0,588,1643,20,4615,21,2365,2,21
"693","2020-06-02",65,8,387,246,6514,0.29444273871661,0,0,588,1643,32,4647,10,2375,7,10
"694","2020-06-03",66,8,388,242,6514,0.29444273871661,0,0,588,1643,20,4667,46,2421,9,46
"695","2020-06-04",60,8,373,222,6514,0.29444273871661,0,0,588,1643,13,4680,38,2459,3,38
"696","2020-06-05",63,8,373,219,6514,0.29444273871661,0,0,588,1643,20,4700,41,2500,5,41
"697","2020-06-06",68,8,352,208,6514,0.29444273871661,0,0,588,1643,15,4715,28,2528,6,28
"698","2020-06-07",70,8,330,205,6514,0.29444273871661,0,0,588,1643,17,4732,21,2549,5,21
"699","2020-03-13",1,9,140,76,7880,0.941751269035533,0,0,650,936,17,44,55,91,9,55
"700","2020-03-14",1,9,125,105,7880,0.941751269035533,0,0,650,936,21,65,48,139,9,48
"701","2020-03-15",3,9,156,146,7880,0.941751269035533,0,0,650,936,19,84,56,195,8,56
"702","2020-03-16",6,9,172,212,7880,0.941751269035533,0,0,650,936,27,111,43,238,16,43
"703","2020-03-17",12,9,211,298,7880,0.941751269035533,0,0,650,936,36,147,58,296,28,58
"704","2020-03-18",20,9,229,406,7880,0.941751269035533,0,0,650,936,33,180,71,367,18,71
"705","2020-03-19",29,9,223,501,7880,0.941751269035533,0,0,650,936,28,208,70,437,19,70
"706","2020-03-20",46,9,228,631,7880,0.941751269035533,0,0,650,936,58,266,57,494,49,57
"707","2020-03-21",73,9,245,832,7880,0.941751269035533,0,0,650,936,54,320,36,530,46,36
"708","2020-03-22",108,9,236,996,7880,0.941751269035533,0,0,650,936,48,368,37,567,38,37
"709","2020-03-23",148,9,217,1210,7880,0.941751269035533,0,0,650,936,51,419,51,618,39,51
"710","2020-03-24",182,9,192,1451,7880,0.941751269035533,0,0,650,936,70,489,25,643,56,25
"711","2020-03-25",227,9,190,1705,7880,0.941751269035533,0,0,650,936,47,536,42,685,42,42
"712","2020-03-26",283,9,203,2111,7880,0.941751269035533,0,0,650,936,98,634,25,710,83,25
"713","2020-03-27",348,9,227,2418,7880,0.941751269035533,0,0,650,936,83,717,20,730,65,20
"714","2020-03-28",405,9,213,2733,7880,0.941751269035533,0,0,650,936,70,787,23,753,55,23
"715","2020-03-29",474,9,241,3060,7880,0.941751269035533,0,0,650,936,99,886,24,777,89,24
"716","2020-03-30",538,9,231,3387,7880,0.941751269035533,0,0,650,936,93,979,12,789,80,12
"717","2020-03-31",646,9,225,3616,7880,0.941751269035533,0,0,650,936,94,1073,32,821,84,32
"718","2020-04-01",751,9,229,3856,7880,0.941751269035533,0,0,650,936,107,1180,22,843,100,22
"719","2020-04-02",838,9,223,4025,7880,0.941751269035533,0,0,650,936,101,1281,75,918,85,75
"720","2020-04-03",911,9,198,4181,7880,0.941751269035533,0,0,650,936,109,1390,28,946,101,28
"721","2020-04-04",979,9,195,4207,7880,0.941751269035533,0,0,650,936,99,1489,27,973,88,27
"722","2020-04-05",1065,9,224,4109,7880,0.941751269035533,0,0,650,936,101,1590,13,986,95,13
"723","2020-04-06",1127,9,223,3991,7880,0.941751269035533,0,0,650,936,96,1686,7,993,82,7
"724","2020-04-07",1150,9,244,3771,7880,0.941751269035533,0,0,650,936,147,1833,9,1002,127,9
"725","2020-04-08",1159,9,259,3531,7880,0.941751269035533,0,0,650,936,141,1974,15,1017,130,15
"726","2020-04-09",1153,9,273,3243,7880,0.941751269035533,0,0,650,936,107,2081,61,1078,90,61
"727","2020-04-10",1144,9,245,2924,7880,0.941751269035533,0,0,650,936,101,2182,30,1108,93,30
"728","2020-04-11",1103,9,225,2631,7880,0.941751269035533,0,0,650,936,109,2291,20,1128,85,20
"729","2020-04-12",1022,9,214,2296,7880,0.941751269035533,0,0,650,936,118,2409,7,1135,113,7
"730","2020-04-13",948,9,253,2023,7880,0.941751269035533,0,0,650,936,99,2508,5,1140,85,5
"731","2020-04-14",860,9,273,1769,7880,0.941751269035533,0,0,650,936,78,2586,21,1161,69,21
"732","2020-04-15",757,9,249,1504,7880,0.941751269035533,0,0,650,936,127,2713,48,1209,108,48
"733","2020-04-16",662,9,256,1282,7880,0.941751269035533,0,0,650,936,85,2798,58,1267,73,58
"734","2020-04-17",572,9,259,1085,7880,0.941751269035533,0,0,650,936,102,2900,33,1300,85,33
"735","2020-04-18",513,9,231,895,7880,0.941751269035533,0,0,650,936,101,3001,22,1322,92,22
"736","2020-04-19",445,9,233,756,7880,0.941751269035533,0,0,650,936,116,3117,31,1353,99,31
"737","2020-04-20",387,9,249,622,7880,0.941751269035533,0,0,650,936,84,3201,65,1418,69,65
"738","2020-04-21",326,9,278,514,7880,0.941751269035533,0,0,650,936,88,3289,53,1471,76,53
"739","2020-04-22",280,9,246,419,7880,0.941751269035533,0,0,650,936,75,3364,67,1538,59,67
"740","2020-04-23",243,9,237,359,7880,0.941751269035533,0,0,650,936,91,3455,58,1596,80,58
"741","2020-04-24",199,9,225,289,7880,0.941751269035533,0,0,650,936,93,3548,37,1633,77,37
"742","2020-04-25",156,9,205,244,7880,0.941751269035533,0,0,650,936,74,3622,28,1661,64,28
"743","2020-04-26",129,9,223,208,7880,0.941751269035533,0,0,650,936,58,3680,21,1682,52,21
"744","2020-04-27",95,9,231,172,7880,0.941751269035533,0,0,650,936,66,3746,39,1721,50,39
"745","2020-04-28",80,9,220,151,7880,0.941751269035533,0,0,650,936,52,3798,24,1745,43,24
"746","2020-04-29",73,9,272,131,7880,0.941751269035533,0,0,650,936,59,3857,21,1766,42,21
"747","2020-04-30",62,9,292,111,7880,0.941751269035533,0,0,650,936,49,3906,50,1816,42,50
"748","2020-05-01",59,9,287,96,7880,0.941751269035533,0,0,650,936,57,3963,38,1854,49,38
"749","2020-05-02",53,9,305,85,7880,0.941751269035533,0,0,650,936,47,4010,17,1871,33,17
"750","2020-05-03",40,9,287,78,7880,0.941751269035533,0,0,650,936,46,4056,23,1894,39,23
"751","2020-05-04",38,9,257,67,7880,0.941751269035533,0,0,650,936,41,4097,12,1906,29,12
"752","2020-05-05",34,9,243,57,7880,0.941751269035533,0,0,650,936,49,4146,13,1919,41,13
"753","2020-05-06",25,9,222,52,7880,0.941751269035533,0,0,650,936,42,4188,42,1961,34,42
"754","2020-05-07",28,9,201,52,7880,0.941751269035533,0,0,650,936,42,4230,21,1982,33,21
"755","2020-05-08",20,9,192,51,7880,0.941751269035533,0,0,650,936,36,4266,16,1998,31,16
"756","2020-05-09",20,9,174,47,7880,0.941751269035533,0,0,650,936,37,4303,10,2008,28,10
"757","2020-05-10",19,9,177,44,7880,0.941751269035533,0,0,650,936,37,4340,10,2018,28,10
"758","2020-05-11",19,9,167,43,7880,0.941751269035533,0,0,650,936,41,4381,4,2022,34,4
"759","2020-05-12",18,9,158,42,7880,0.941751269035533,0,0,650,936,49,4430,18,2040,41,18
"760","2020-05-13",18,9,152,40,7880,0.941751269035533,0,0,650,936,32,4462,8,2048,25,8
"761","2020-05-14",14,9,207,39,7880,0.941751269035533,0,0,650,936,38,4500,30,2078,27,30
"762","2020-05-15",14,9,223,39,7880,0.941751269035533,0,0,650,936,42,4542,49,2127,35,49
"763","2020-05-16",12,9,230,37,7880,0.941751269035533,0,0,650,936,39,4581,27,2154,32,27
"764","2020-05-17",13,9,242,33,7880,0.941751269035533,0,0,650,936,36,4617,36,2190,26,36
"765","2020-05-18",12,9,210,37,7880,0.941751269035533,0,0,650,936,21,4638,67,2257,16,67
"766","2020-05-19",10,9,253,32,7880,0.941751269035533,0,0,650,936,29,4667,38,2295,21,38
"767","2020-05-20",8,9,243,27,7880,0.941751269035533,0,0,650,936,33,4700,56,2351,28,56
"768","2020-05-21",7,9,225,26,7880,0.941751269035533,0,0,650,936,19,4719,25,2376,13,25
"769","2020-05-22",6,9,235,26,7880,0.941751269035533,0,0,650,936,22,4741,35,2411,18,35
"770","2020-05-23",6,9,267,28,7880,0.941751269035533,0,0,650,936,24,4765,21,2432,21,21
"771","2020-05-24",4,9,275,25,7880,0.941751269035533,0,0,650,936,17,4782,27,2459,16,27
"772","2020-05-25",5,9,261,21,7880,0.941751269035533,0,0,650,936,20,4802,54,2513,15,54
"773","2020-05-26",5,9,241,23,7880,0.941751269035533,0,0,650,936,26,4828,23,2536,23,23
"774","2020-05-27",7,9,265,26,7880,0.941751269035533,0,0,650,936,22,4850,14,2550,18,14
"775","2020-05-28",7,9,247,28,7880,0.941751269035533,0,0,650,936,19,4869,30,2580,15,30
"776","2020-05-29",7,9,265,28,7880,0.941751269035533,0,0,650,936,20,4889,24,2604,17,24
"777","2020-05-30",7,9,282,30,7880,0.941751269035533,0,0,650,936,28,4917,20,2624,23,20
"778","2020-05-31",8,9,302,29,7880,0.941751269035533,0,0,650,936,17,4934,12,2636,15,12
"779","2020-06-01",7,9,284,30,7880,0.941751269035533,0,0,650,936,16,4950,13,2649,13,13
"780","2020-06-02",7,9,262,30,7880,0.941751269035533,0,0,650,936,5,4955,58,2707,4,58
"781","2020-06-03",7,9,241,30,7880,0.941751269035533,0,0,650,936,13,4968,65,2772,11,65
"782","2020-06-04",8,9,226,28,7880,0.941751269035533,0,0,650,936,20,4988,60,2832,14,60
"783","2020-06-05",9,9,211,25,7880,0.941751269035533,0,0,650,936,21,5009,30,2862,17,30
"784","2020-06-06",10,9,194,26,7880,0.941751269035533,0,0,650,936,11,5020,16,2878,9,16
"785","2020-06-07",8,9,213,25,7880,0.941751269035533,0,0,650,936,23,5043,24,2902,18,24
"786","2020-03-13",1,10,70,44,2485,0.407243460764588,0,0,204,1113,46,132,14,48,10,14
"787","2020-03-14",3,10,82,70,2485,0.407243460764588,0,0,204,1113,53,185,10,58,20,10
"788","2020-03-15",6,10,118,87,2485,0.407243460764588,0,0,204,1113,64,249,3,61,21,3
"789","2020-03-16",12,10,159,108,2485,0.407243460764588,0,0,204,1113,52,301,14,75,11,14
"790","2020-03-17",14,10,175,131,2485,0.407243460764588,0,0,204,1113,85,386,13,88,35,13
"791","2020-03-18",18,10,209,153,2485,0.407243460764588,0,0,204,1113,76,462,32,120,39,32
"792","2020-03-19",25,10,250,177,2485,0.407243460764588,0,0,204,1113,102,564,31,151,58,31
"793","2020-03-20",26,10,290,200,2485,0.407243460764588,0,0,204,1113,76,640,21,172,41,21
"794","2020-03-21",36,10,284,216,2485,0.407243460764588,0,0,204,1113,92,732,15,187,55,15
"795","2020-03-22",40,10,248,239,2485,0.407243460764588,0,0,204,1113,105,837,17,204,69,17
"796","2020-03-23",40,10,255,241,2485,0.407243460764588,0,0,204,1113,111,948,35,239,72,35
"797","2020-03-24",55,10,231,248,2485,0.407243460764588,0,0,204,1113,91,1039,16,255,58,16
"798","2020-03-25",58,10,218,252,2485,0.407243460764588,0,0,204,1113,105,1144,6,261,67,6
"799","2020-03-26",63,10,185,255,2485,0.407243460764588,0,0,204,1113,93,1237,6,267,56,6
"800","2020-03-27",70,10,204,258,2485,0.407243460764588,0,0,204,1113,102,1339,7,274,66,7
"801","2020-03-28",63,10,229,276,2485,0.407243460764588,0,0,204,1113,108,1447,9,283,63,9
"802","2020-03-29",65,10,212,291,2485,0.407243460764588,0,0,204,1113,118,1565,9,292,70,9
"803","2020-03-30",66,10,182,305,2485,0.407243460764588,0,0,204,1113,123,1688,13,305,85,13
"804","2020-03-31",64,10,181,317,2485,0.407243460764588,0,0,204,1113,85,1773,40,345,50,40
"805","2020-04-01",70,10,207,322,2485,0.407243460764588,0,0,204,1113,153,1926,23,368,108,23
"806","2020-04-02",74,10,211,331,2485,0.407243460764588,0,0,204,1113,122,2048,14,382,76,14
"807","2020-04-03",83,10,255,334,2485,0.407243460764588,0,0,204,1113,132,2180,20,402,82,20
"808","2020-04-04",86,10,247,353,2485,0.407243460764588,0,0,204,1113,129,2309,21,423,86,21
"809","2020-04-05",92,10,216,359,2485,0.407243460764588,0,0,204,1113,132,2441,45,468,84,45
"810","2020-04-06",107,10,206,366,2485,0.407243460764588,0,0,204,1113,113,2554,32,500,70,32
"811","2020-04-07",113,10,228,371,2485,0.407243460764588,0,0,204,1113,116,2670,48,548,83,48
"812","2020-04-08",117,10,215,374,2485,0.407243460764588,0,0,204,1113,104,2774,32,580,74,32
"813","2020-04-09",118,10,196,367,2485,0.407243460764588,0,0,204,1113,118,2892,24,604,78,24
"814","2020-04-10",111,10,190,370,2485,0.407243460764588,0,0,204,1113,131,3023,18,622,85,18
"815","2020-04-11",114,10,205,361,2485,0.407243460764588,0,0,204,1113,111,3134,65,687,78,65
"816","2020-04-12",106,10,190,360,2485,0.407243460764588,0,0,204,1113,96,3230,49,736,51,49
"817","2020-04-13",97,10,210,361,2485,0.407243460764588,0,0,204,1113,103,3333,42,778,59,42
"818","2020-04-14",90,10,213,367,2485,0.407243460764588,0,0,204,1113,90,3423,31,809,54,31
"819","2020-04-15",88,10,223,353,2485,0.407243460764588,0,0,204,1113,104,3527,13,822,60,13
"820","2020-04-16",84,10,204,365,2485,0.407243460764588,0,0,204,1113,98,3625,10,832,47,10
"821","2020-04-17",96,10,245,355,2485,0.407243460764588,0,0,204,1113,84,3709,57,889,60,57
"822","2020-04-18",101,10,238,352,2485,0.407243460764588,0,0,204,1113,76,3785,63,952,44,63
"823","2020-04-19",108,10,231,342,2485,0.407243460764588,0,0,204,1113,114,3899,73,1025,72,73
"824","2020-04-20",107,10,254,333,2485,0.407243460764588,0,0,204,1113,71,3970,61,1086,43,61
"825","2020-04-21",107,10,244,345,2485,0.407243460764588,0,0,204,1113,74,4044,28,1114,36,28
"826","2020-04-22",103,10,266,339,2485,0.407243460764588,0,0,204,1113,88,4132,30,1144,47,30
"827","2020-04-23",98,10,245,322,2485,0.407243460764588,0,0,204,1113,87,4219,44,1188,48,44
"828","2020-04-24",87,10,225,323,2485,0.407243460764588,0,0,204,1113,66,4285,16,1204,32,16
"829","2020-04-25",85,10,212,320,2485,0.407243460764588,0,0,204,1113,60,4345,15,1219,28,15
"830","2020-04-26",83,10,196,325,2485,0.407243460764588,0,0,204,1113,70,4415,31,1250,38,31
"831","2020-04-27",80,10,191,310,2485,0.407243460764588,0,0,204,1113,72,4487,14,1264,39,14
"832","2020-04-28",79,10,184,310,2485,0.407243460764588,0,0,204,1113,57,4544,15,1279,24,15
"833","2020-04-29",78,10,196,317,2485,0.407243460764588,0,0,204,1113,60,4604,9,1288,32,9
"834","2020-04-30",81,10,189,324,2485,0.407243460764588,0,0,204,1113,51,4655,14,1302,29,14
"835","2020-05-01",81,10,198,319,2485,0.407243460764588,0,0,204,1113,46,4701,10,1312,19,10
"836","2020-05-02",81,10,201,314,2485,0.407243460764588,0,0,204,1113,58,4759,9,1321,32,9
"837","2020-05-03",81,10,213,321,2485,0.407243460764588,0,0,204,1113,54,4813,19,1340,23,19
"838","2020-05-04",84,10,226,314,2485,0.407243460764588,0,0,204,1113,49,4862,38,1378,23,38
"839","2020-05-05",88,10,213,317,2485,0.407243460764588,0,0,204,1113,40,4902,21,1399,22,21
"840","2020-05-06",92,10,194,329,2485,0.407243460764588,0,0,204,1113,48,4950,35,1434,20,35
"841","2020-05-07",100,10,227,317,2485,0.407243460764588,0,0,204,1113,46,4996,37,1471,19,37
"842","2020-05-08",100,10,256,324,2485,0.407243460764588,0,0,204,1113,43,5039,37,1508,21,37
"843","2020-05-09",99,10,304,316,2485,0.407243460764588,0,0,204,1113,57,5096,56,1564,20,56
"844","2020-05-10",95,10,275,305,2485,0.407243460764588,0,0,204,1113,33,5129,36,1600,9,36
"845","2020-05-11",96,10,267,298,2485,0.407243460764588,0,0,204,1113,35,5164,67,1667,18,67
"846","2020-05-12",84,10,249,287,2485,0.407243460764588,0,0,204,1113,34,5198,63,1730,14,63
"847","2020-05-13",81,10,225,290,2485,0.407243460764588,0,0,204,1113,36,5234,38,1768,14,38
"848","2020-05-14",73,10,280,281,2485,0.407243460764588,0,0,204,1113,30,5264,33,1801,13,33
"849","2020-05-15",75,10,285,285,2485,0.407243460764588,0,0,204,1113,35,5299,9,1810,9,9
"850","2020-05-16",70,10,285,283,2485,0.407243460764588,0,0,204,1113,35,5334,34,1844,14,34
"851","2020-05-17",82,10,260,277,2485,0.407243460764588,0,0,204,1113,24,5358,55,1899,11,55
"852","2020-05-18",81,10,251,266,2485,0.407243460764588,0,0,204,1113,30,5388,22,1921,13,22
"853","2020-05-19",83,10,252,261,2485,0.407243460764588,0,0,204,1113,33,5421,26,1947,14,26
"854","2020-05-20",82,10,252,261,2485,0.407243460764588,0,0,204,1113,25,5446,44,1991,14,44
"855","2020-05-21",85,10,258,239,2485,0.407243460764588,0,0,204,1113,33,5479,27,2018,12,27
"856","2020-05-22",85,10,244,231,2485,0.407243460764588,0,0,204,1113,14,5493,13,2031,4,13
"857","2020-05-23",81,10,274,233,2485,0.407243460764588,0,0,204,1113,28,5521,15,2046,11,15
"858","2020-05-24",69,10,251,233,2485,0.407243460764588,0,0,204,1113,17,5538,9,2055,9,9
"859","2020-05-25",64,10,251,232,2485,0.407243460764588,0,0,204,1113,22,5560,8,2063,7,8
"860","2020-05-26",68,10,234,236,2485,0.407243460764588,0,0,204,1113,26,5586,10,2073,8,10
"861","2020-05-27",68,10,232,234,2485,0.407243460764588,0,0,204,1113,16,5602,11,2084,6,11
"862","2020-05-28",60,10,211,226,2485,0.407243460764588,0,0,204,1113,21,5623,39,2123,9,39
"863","2020-05-29",60,10,194,231,2485,0.407243460764588,0,0,204,1113,16,5639,44,2167,7,44
"864","2020-05-30",64,10,167,233,2485,0.407243460764588,0,0,204,1113,13,5652,33,2200,3,33
"865","2020-05-31",66,10,147,251,2485,0.407243460764588,0,0,204,1113,18,5670,42,2242,7,42
"866","2020-06-01",65,10,148,267,2485,0.407243460764588,0,0,204,1113,19,5689,50,2292,5,50
"867","2020-06-02",63,10,174,267,2485,0.407243460764588,0,0,204,1113,15,5704,40,2332,9,40
"868","2020-06-03",58,10,171,268,2485,0.407243460764588,0,0,204,1113,16,5720,40,2372,2,40
"869","2020-06-04",64,10,180,272,2485,0.407243460764588,0,0,204,1113,15,5735,40,2412,4,40
"870","2020-06-05",64,10,187,276,2485,0.407243460764588,0,0,204,1113,16,5751,24,2436,10,24
"871","2020-06-06",72,10,192,264,2485,0.407243460764588,0,0,204,1113,10,5761,36,2472,4,36
"872","2020-06-07",69,10,191,263,2485,0.407243460764588,0,0,204,1113,19,5780,50,2522,4,50
"873","2020-03-13",2,11,183,138,5928,0.241734143049933,0,0,546,1053,80,239,38,150,13,38
"874","2020-03-14",8,11,230,194,5928,0.241734143049933,0,0,546,1053,97,336,28,178,15,28
"875","2020-03-15",12,11,214,266,5928,0.241734143049933,0,0,546,1053,97,433,36,214,28,36
"876","2020-03-16",24,11,183,332,5928,0.241734143049933,0,0,546,1053,81,514,73,287,29,73
"877","2020-03-17",38,11,167,407,5928,0.241734143049933,0,0,546,1053,94,608,43,330,39,43
"878","2020-03-18",50,11,167,465,5928,0.241734143049933,0,0,546,1053,97,705,45,375,36,45
"879","2020-03-19",72,11,161,533,5928,0.241734143049933,0,0,546,1053,121,826,44,419,37,44
"880","2020-03-20",90,11,213,589,5928,0.241734143049933,0,0,546,1053,128,954,59,478,55,59
"881","2020-03-21",101,11,203,627,5928,0.241734143049933,0,0,546,1053,121,1075,29,507,50,29
"882","2020-03-22",117,11,235,689,5928,0.241734143049933,0,0,546,1053,92,1167,45,552,41,45
"883","2020-03-23",136,11,258,749,5928,0.241734143049933,0,0,546,1053,127,1294,45,597,58,45
"884","2020-03-24",150,11,235,792,5928,0.241734143049933,0,0,546,1053,125,1419,28,625,59,28
"885","2020-03-25",164,11,215,809,5928,0.241734143049933,0,0,546,1053,94,1513,33,658,41,33
"886","2020-03-26",168,11,194,849,5928,0.241734143049933,0,0,546,1053,117,1630,26,684,50,26
"887","2020-03-27",187,11,239,879,5928,0.241734143049933,0,0,546,1053,122,1752,28,712,52,28
"888","2020-03-28",199,11,267,884,5928,0.241734143049933,0,0,546,1053,127,1879,36,748,55,36
"889","2020-03-29",206,11,258,900,5928,0.241734143049933,0,0,546,1053,132,2011,29,777,48,29
"890","2020-03-30",211,11,235,921,5928,0.241734143049933,0,0,546,1053,140,2151,32,809,58,32
"891","2020-03-31",222,11,227,919,5928,0.241734143049933,0,0,546,1053,128,2279,32,841,54,32
"892","2020-04-01",235,11,230,919,5928,0.241734143049933,0,0,546,1053,121,2400,34,875,55,34
"893","2020-04-02",247,11,238,945,5928,0.241734143049933,0,0,546,1053,112,2512,62,937,44,62
"894","2020-04-03",235,11,224,938,5928,0.241734143049933,0,0,546,1053,146,2658,58,995,61,58
"895","2020-04-04",253,11,223,959,5928,0.241734143049933,0,0,546,1053,111,2769,48,1043,41,48
"896","2020-04-05",268,11,213,957,5928,0.241734143049933,0,0,546,1053,119,2888,40,1083,50,40
"897","2020-04-06",267,11,229,966,5928,0.241734143049933,0,0,546,1053,121,3009,33,1116,50,33
"898","2020-04-07",265,11,221,985,5928,0.241734143049933,0,0,546,1053,120,3129,27,1143,41,27
"899","2020-04-08",255,11,193,988,5928,0.241734143049933,0,0,546,1053,108,3237,28,1171,42,28
"900","2020-04-09",255,11,194,1000,5928,0.241734143049933,0,0,546,1053,112,3349,36,1207,45,36
"901","2020-04-10",276,11,240,1006,5928,0.241734143049933,0,0,546,1053,81,3430,47,1254,36,47
"902","2020-04-11",271,11,250,985,5928,0.241734143049933,0,0,546,1053,120,3550,44,1298,43,44
"903","2020-04-12",269,11,222,1000,5928,0.241734143049933,0,0,546,1053,96,3646,27,1325,27,27
"904","2020-04-13",274,11,201,989,5928,0.241734143049933,0,0,546,1053,126,3772,38,1363,48,38
"905","2020-04-14",282,11,223,998,5928,0.241734143049933,0,0,546,1053,114,3886,31,1394,34,31
"906","2020-04-15",286,11,223,997,5928,0.241734143049933,0,0,546,1053,103,3989,43,1437,45,43
"907","2020-04-16",284,11,255,976,5928,0.241734143049933,0,0,546,1053,96,4085,36,1473,35,36
"908","2020-04-17",278,11,255,966,5928,0.241734143049933,0,0,546,1053,95,4180,53,1526,26,53
"909","2020-04-18",272,11,235,956,5928,0.241734143049933,0,0,546,1053,95,4275,55,1581,32,55
"910","2020-04-19",269,11,212,946,5928,0.241734143049933,0,0,546,1053,80,4355,44,1625,29,44
"911","2020-04-20",266,11,211,931,5928,0.241734143049933,0,0,546,1053,110,4465,40,1665,47,40
"912","2020-04-21",252,11,197,923,5928,0.241734143049933,0,0,546,1053,93,4558,30,1695,24,30
"913","2020-04-22",259,11,203,935,5928,0.241734143049933,0,0,546,1053,77,4635,35,1730,26,35
"914","2020-04-23",253,11,196,915,5928,0.241734143049933,0,0,546,1053,80,4715,38,1768,22,38
"915","2020-04-24",244,11,197,923,5928,0.241734143049933,0,0,546,1053,62,4777,53,1821,22,53
"916","2020-04-25",248,11,234,908,5928,0.241734143049933,0,0,546,1053,67,4844,57,1878,18,57
"917","2020-04-26",238,11,224,901,5928,0.241734143049933,0,0,546,1053,77,4921,40,1918,19,40
"918","2020-04-27",234,11,250,895,5928,0.241734143049933,0,0,546,1053,70,4991,34,1952,15,35
"919","2020-04-28",229,11,256,880,5928,0.241734143049933,0,0,546,1053,68,5059,37,1989,19,37
"920","2020-04-29",236,11,270,874,5928,0.241734143049933,0,0,546,1053,67,5126,35,2024,24,35
"921","2020-04-30",246,11,242,859,5928,0.241734143049933,0,0,546,1053,65,5191,50,2074,11,50
"922","2020-05-01",242,11,248,833,5928,0.241734143049933,0,0,546,1053,63,5254,52,2126,20,52
"923","2020-05-02",237,11,222,803,5928,0.241734143049933,0,0,546,1053,52,5306,42,2168,18,42
"924","2020-05-03",242,11,205,767,5928,0.241734143049933,0,0,546,1053,43,5349,25,2193,13,25
"925","2020-05-04",242,11,196,744,5928,0.241734143049933,0,0,546,1053,47,5396,39,2232,12,39
"926","2020-05-05",253,11,192,743,5928,0.241734143049933,0,0,546,1053,50,5446,40,2272,15,40
"927","2020-05-06",233,11,234,704,5928,0.241734143049933,0,0,546,1053,52,5498,42,2314,11,42
"928","2020-05-07",222,11,241,668,5928,0.241734143049933,0,0,546,1053,48,5546,38,2352,11,38
"929","2020-05-08",214,11,292,652,5928,0.241734143049933,0,0,546,1053,41,5587,44,2396,11,44
"930","2020-05-09",203,11,279,639,5928,0.241734143049933,0,0,546,1053,46,5633,37,2433,10,37
"931","2020-05-10",203,11,252,622,5928,0.241734143049933,0,0,546,1053,41,5674,39,2472,9,39
"932","2020-05-11",190,11,268,612,5928,0.241734143049933,0,0,546,1053,35,5709,21,2493,8,21
"933","2020-05-12",171,11,263,598,5928,0.241734143049933,0,0,546,1053,47,5756,41,2534,9,41
"934","2020-05-13",165,11,240,583,5928,0.241734143049933,0,0,546,1053,40,5796,38,2572,9,38
"935","2020-05-14",160,11,225,563,5928,0.241734143049933,0,0,546,1053,31,5827,30,2602,5,30
"936","2020-05-15",164,11,197,540,5928,0.241734143049933,0,0,546,1053,39,5866,33,2635,11,33
"937","2020-05-16",158,11,186,535,5928,0.241734143049933,0,0,546,1053,40,5906,31,2666,8,31
"938","2020-05-17",146,11,236,519,5928,0.241734143049933,0,0,546,1053,40,5946,33,2699,11,33
"939","2020-05-18",148,11,264,517,5928,0.241734143049933,0,0,546,1053,28,5974,42,2741,5,42
"940","2020-05-19",159,11,302,507,5928,0.241734143049933,0,0,546,1053,32,6006,35,2776,5,35
"941","2020-05-20",154,11,284,481,5928,0.241734143049933,0,0,546,1053,31,6037,38,2814,4,38
"942","2020-05-21",145,11,264,468,5928,0.241734143049933,0,0,546,1053,33,6070,38,2852,8,38
"943","2020-05-22",140,11,263,449,5928,0.241734143049933,0,0,546,1053,28,6098,37,2889,5,37
"944","2020-05-23",141,11,280,425,5928,0.241734143049933,0,0,546,1053,38,6136,44,2933,10,44
"945","2020-05-24",140,11,253,398,5928,0.241734143049933,0,0,546,1053,31,6167,78,3011,4,78
"946","2020-05-25",133,11,229,371,5928,0.241734143049933,0,0,546,1053,27,6194,53,3064,3,53
"947","2020-05-26",123,11,205,368,5928,0.241734143049933,0,0,546,1053,20,6214,49,3113,2,49
"948","2020-05-27",120,11,171,356,5928,0.241734143049933,0,0,546,1053,17,6231,39,3152,3,39
"949","2020-05-28",115,11,169,338,5928,0.241734143049933,0,0,546,1053,20,6251,40,3192,1,40
"950","2020-05-29",104,11,204,325,5928,0.241734143049933,0,0,546,1053,17,6268,39,3231,1,39
"951","2020-05-30",100,11,199,300,5928,0.241734143049933,0,0,546,1053,25,6293,47,3278,2,47
"952","2020-05-31",99,11,204,281,5928,0.241734143049933,0,0,546,1053,13,6306,44,3322,3,44
"953","2020-06-01",97,11,226,268,5928,0.241734143049933,0,0,546,1053,16,6322,42,3364,6,42
"954","2020-06-02",86,11,201,257,5928,0.241734143049933,0,0,546,1053,15,6337,39,3403,2,39
"955","2020-06-03",84,11,202,260,5928,0.241734143049933,0,0,546,1053,18,6355,44,3447,6,44
"956","2020-06-04",82,11,226,264,5928,0.241734143049933,0,0,546,1053,18,6373,33,3480,1,33
"957","2020-06-05",92,11,230,248,5928,0.241734143049933,0,0,546,1053,14,6387,39,3519,NA,39
"958","2020-06-06",87,11,242,231,5928,0.241734143049933,0,0,546,1053,11,6398,48,3567,1,48
"959","2020-06-07",76,11,221,231,5928,0.241734143049933,0,0,546,1053,11,6409,40,3607,4,40
"960","2020-03-11",1,12,28,53,6608,0.199152542372881,0,0,561,868,39,39,12,14,3,12
"961","2020-03-12",1,12,52,131,6608,0.199152542372881,0,0,561,868,49,88,17,31,6,17
"962","2020-03-13",3,12,92,208,6608,0.199152542372881,0,0,561,868,44,132,45,76,11,45
"963","2020-03-14",11,12,124,299,6608,0.199152542372881,0,0,561,868,49,181,47,123,19,47
"964","2020-03-15",20,12,135,377,6608,0.199152542372881,0,0,561,868,64,245,16,139,26,16
"965","2020-03-16",37,12,140,469,6608,0.199152542372881,0,0,561,868,61,306,14,153,25,14
"966","2020-03-17",58,12,158,552,6608,0.199152542372881,0,0,561,868,73,379,51,204,36,51
"967","2020-03-18",82,12,191,633,6608,0.199152542372881,0,0,561,868,66,445,47,251,24,47
"968","2020-03-19",104,12,212,720,6608,0.199152542372881,0,0,561,868,78,523,23,274,44,23
"969","2020-03-20",131,12,210,779,6608,0.199152542372881,0,0,561,868,91,614,15,289,53,15
"970","2020-03-21",171,12,182,844,6608,0.199152542372881,0,0,561,868,89,703,8,297,53,8
"971","2020-03-22",190,12,180,892,6608,0.199152542372881,0,0,561,868,92,795,14,311,49,14
"972","2020-03-23",200,12,203,935,6608,0.199152542372881,0,0,561,868,85,880,64,375,55,64
"973","2020-03-24",217,12,196,953,6608,0.199152542372881,0,0,561,868,95,975,24,399,67,24
"974","2020-03-25",225,12,191,955,6608,0.199152542372881,0,0,561,868,102,1077,12,411,71,12
"975","2020-03-26",240,12,197,984,6608,0.199152542372881,0,0,561,868,92,1169,19,430,56,19
"976","2020-03-27",247,12,232,1011,6608,0.199152542372881,0,0,561,868,111,1280,13,443,76,13
"977","2020-03-28",244,12,245,1040,6608,0.199152542372881,0,0,561,868,107,1387,9,452,66,9
"978","2020-03-29",267,12,239,1024,6608,0.199152542372881,0,0,561,868,106,1493,9,461,63,9
"979","2020-03-30",281,12,229,1022,6608,0.199152542372881,0,0,561,868,104,1597,21,482,77,21
"980","2020-03-31",288,12,250,1013,6608,0.199152542372881,0,0,561,868,116,1713,47,529,83,47
"981","2020-04-01",284,12,256,1016,6608,0.199152542372881,0,0,561,868,114,1827,26,555,83,26
"982","2020-04-02",290,12,237,1010,6608,0.199152542372881,0,0,561,868,117,1944,33,588,88,33
"983","2020-04-03",290,12,229,1012,6608,0.199152542372881,0,0,561,868,109,2053,75,663,74,75
"984","2020-04-04",277,12,223,1020,6608,0.199152542372881,0,0,561,868,111,2164,57,720,86,57
"985","2020-04-05",280,12,224,1012,6608,0.199152542372881,0,0,561,868,99,2263,40,760,60,40
"986","2020-04-06",277,12,208,1001,6608,0.199152542372881,0,0,561,868,115,2378,49,809,82,49
"987","2020-04-07",266,12,203,1007,6608,0.199152542372881,0,0,561,868,100,2478,38,847,63,38
"988","2020-04-08",274,12,217,1004,6608,0.199152542372881,0,0,561,868,108,2586,25,872,78,25
"989","2020-04-09",265,12,219,1025,6608,0.199152542372881,0,0,561,868,105,2691,51,923,75,51
"990","2020-04-10",257,12,227,1020,6608,0.199152542372881,0,0,561,868,98,2789,24,947,65,24
"991","2020-04-11",271,12,220,1026,6608,0.199152542372881,0,0,561,868,103,2892,22,969,63,22
"992","2020-04-12",260,12,216,1035,6608,0.199152542372881,0,0,561,868,82,2974,69,1038,58,69
"993","2020-04-13",268,12,192,1051,6608,0.199152542372881,0,0,561,868,87,3061,60,1098,64,60
"994","2020-04-14",282,12,208,1052,6608,0.199152542372881,0,0,561,868,98,3159,42,1140,63,42
"995","2020-04-15",279,12,220,1069,6608,0.199152542372881,0,0,561,868,87,3246,78,1218,58,78
"996","2020-04-16",287,12,214,1069,6608,0.199152542372881,0,0,561,868,74,3320,48,1266,47,48
"997","2020-04-17",296,12,197,1052,6608,0.199152542372881,0,0,561,868,92,3412,32,1298,59,32
"998","2020-04-18",295,12,192,1037,6608,0.199152542372881,0,0,561,868,96,3508,28,1326,64,28
"999","2020-04-19",299,12,186,1039,6608,0.199152542372881,0,0,561,868,89,3597,47,1373,56,47
"1000","2020-04-20",292,12,218,1054,6608,0.199152542372881,0,0,561,868,68,3665,26,1399,37,26
"1001","2020-04-21",274,12,265,1024,6608,0.199152542372881,0,0,561,868,86,3751,33,1432,65,33
"1002","2020-04-22",285,12,268,1000,6608,0.199152542372881,0,0,561,868,88,3839,30,1462,54,30
"1003","2020-04-23",292,12,290,982,6608,0.199152542372881,0,0,561,868,68,3907,20,1482,42,20
"1004","2020-04-24",289,12,309,976,6608,0.199152542372881,0,0,561,868,65,3972,40,1522,36,40
"1005","2020-04-25",279,12,303,939,6608,0.199152542372881,0,0,561,868,65,4037,27,1549,38,27
"1006","2020-04-26",264,12,281,923,6608,0.199152542372881,0,0,561,868,66,4103,17,1566,35,17
"1007","2020-04-27",261,12,284,924,6608,0.199152542372881,0,0,561,868,66,4169,16,1582,26,16
"1008","2020-04-28",279,12,303,905,6608,0.199152542372881,0,0,561,868,79,4248,14,1596,41,14
"1009","2020-04-29",269,12,311,895,6608,0.199152542372881,0,0,561,868,50,4298,21,1617,26,21
"1010","2020-04-30",245,12,314,893,6608,0.199152542372881,0,0,561,868,53,4351,19,1636,31,19
"1011","2020-05-01",244,12,292,860,6608,0.199152542372881,0,0,561,868,58,4409,85,1721,28,85
"1012","2020-05-02",243,12,268,850,6608,0.199152542372881,0,0,561,868,52,4461,72,1793,21,72
"1013","2020-05-03",243,12,240,846,6608,0.199152542372881,0,0,561,868,55,4516,57,1850,28,57
"1014","2020-05-04",234,12,252,813,6608,0.199152542372881,0,0,561,868,43,4559,53,1903,24,53
"1015","2020-05-05",211,12,228,803,6608,0.199152542372881,0,0,561,868,58,4617,26,1929,34,26
"1016","2020-05-06",200,12,253,785,6608,0.199152542372881,0,0,561,868,42,4659,46,1975,16,46
"1017","2020-05-07",201,12,260,767,6608,0.199152542372881,0,0,561,868,51,4710,26,2001,26,26
"1018","2020-05-08",201,12,245,751,6608,0.199152542372881,0,0,561,868,38,4748,65,2066,18,65
"1019","2020-05-09",194,12,239,730,6608,0.199152542372881,0,0,561,868,53,4801,44,2110,36,44
"1020","2020-05-10",193,12,276,722,6608,0.199152542372881,0,0,561,868,53,4854,69,2179,28,69
"1021","2020-05-11",190,12,306,694,6608,0.199152542372881,0,0,561,868,40,4894,40,2219,25,40
"1022","2020-05-12",193,12,294,666,6608,0.199152542372881,0,0,561,868,49,4943,24,2243,19,24
"1023","2020-05-13",192,12,268,656,6608,0.199152542372881,0,0,561,868,36,4979,20,2263,15,20
"1024","2020-05-14",183,12,257,639,6608,0.199152542372881,0,0,561,868,31,5010,14,2277,14,14
"1025","2020-05-15",180,12,250,600,6608,0.199152542372881,0,0,561,868,37,5047,48,2325,17,48
"1026","2020-05-16",177,12,270,592,6608,0.199152542372881,0,0,561,868,32,5079,46,2371,21,46
"1027","2020-05-17",170,12,268,572,6608,0.199152542372881,0,0,561,868,34,5113,65,2436,20,65
"1028","2020-05-18",162,12,236,544,6608,0.199152542372881,0,0,561,868,33,5146,50,2486,10,50
"1029","2020-05-19",155,12,247,525,6608,0.199152542372881,0,0,561,868,38,5184,67,2553,25,67
"1030","2020-05-20",150,12,260,502,6608,0.199152542372881,0,0,561,868,29,5213,71,2624,13,71
"1031","2020-05-21",147,12,294,491,6608,0.199152542372881,0,0,561,868,30,5243,34,2658,18,34
"1032","2020-05-22",137,12,290,462,6608,0.199152542372881,0,0,561,868,28,5271,21,2679,21,21
"1033","2020-05-23",132,12,308,429,6608,0.199152542372881,0,0,561,868,29,5300,25,2704,20,25
"1034","2020-05-24",119,12,296,422,6608,0.199152542372881,0,0,561,868,24,5324,22,2726,18,22
"1035","2020-05-25",117,12,290,404,6608,0.199152542372881,0,0,561,868,24,5348,22,2748,9,22
"1036","2020-05-26",113,12,256,381,6608,0.199152542372881,0,0,561,868,37,5385,60,2808,18,60
"1037","2020-05-27",110,12,248,365,6608,0.199152542372881,0,0,561,868,27,5412,36,2844,11,36
"1038","2020-05-28",110,12,257,354,6608,0.199152542372881,0,0,561,868,17,5429,31,2875,13,31
"1039","2020-05-29",103,12,253,348,6608,0.199152542372881,0,0,561,868,30,5459,28,2903,15,28
"1040","2020-05-30",100,12,240,342,6608,0.199152542372881,0,0,561,868,22,5481,17,2920,13,17
"1041","2020-05-31",104,12,236,319,6608,0.199152542372881,0,0,561,868,18,5499,22,2942,5,22
"1042","2020-06-01",101,12,232,301,6608,0.199152542372881,0,0,561,868,18,5517,41,2983,13,41
"1043","2020-06-02",97,12,213,288,6608,0.199152542372881,0,0,561,868,19,5536,59,3042,9,59
"1044","2020-06-03",93,12,198,282,6608,0.199152542372881,0,0,561,868,21,5557,31,3073,8,31
"1045","2020-06-04",88,12,212,271,6608,0.199152542372881,0,0,561,868,13,5570,22,3095,9,22
"1046","2020-06-05",90,12,214,260,6608,0.199152542372881,0,0,561,868,12,5582,43,3138,5,43
"1047","2020-06-06",84,12,239,240,6608,0.199152542372881,0,0,561,868,21,5603,36,3174,6,36
"1048","2020-06-07",79,12,243,230,6608,0.199152542372881,0,0,561,868,14,5617,57,3231,7,57
"1049","2020-03-12",2,13,61,56,3147,0.338735303463616,0,0,280,724,55,105,11,19,4,11
"1050","2020-03-13",2,13,76,77,3147,0.338735303463616,0,0,280,724,68,173,5,24,15,5
"1051","2020-03-14",4,13,83,106,3147,0.338735303463616,0,0,280,724,64,237,2,26,10,2
"1052","2020-03-15",12,13,105,133,3147,0.338735303463616,0,0,280,724,92,329,8,34,34,8
"1053","2020-03-16",16,13,136,166,3147,0.338735303463616,0,0,280,724,70,399,22,56,37,22
"1054","2020-03-17",20,13,140,198,3147,0.338735303463616,0,0,280,724,75,474,13,69,37,13
"1055","2020-03-18",26,13,140,224,3147,0.338735303463616,0,0,280,724,70,544,13,82,27,13
"1056","2020-03-19",29,13,165,262,3147,0.338735303463616,0,0,280,724,84,628,13,95,35,13
"1057","2020-03-20",40,13,177,299,3147,0.338735303463616,0,0,280,724,105,733,29,124,52,29
"1058","2020-03-21",50,13,190,353,3147,0.338735303463616,0,0,280,724,91,824,14,138,37,14
"1059","2020-03-22",58,13,210,390,3147,0.338735303463616,0,0,280,724,87,911,25,163,40,25
"1060","2020-03-23",63,13,237,410,3147,0.338735303463616,0,0,280,724,95,1006,38,201,40,38
"1061","2020-03-24",75,13,259,423,3147,0.338735303463616,0,0,280,724,109,1115,37,238,63,37
"1062","2020-03-25",86,13,253,424,3147,0.338735303463616,0,0,280,724,90,1205,53,291,43,53
"1063","2020-03-26",94,13,259,427,3147,0.338735303463616,0,0,280,724,84,1289,49,340,42,49
"1064","2020-03-27",97,13,257,422,3147,0.338735303463616,0,0,280,724,85,1374,36,376,36,36
"1065","2020-03-28",100,13,253,426,3147,0.338735303463616,0,0,280,724,83,1457,43,419,25,43
"1066","2020-03-29",105,13,260,430,3147,0.338735303463616,0,0,280,724,63,1520,43,462,26,43
"1067","2020-03-30",110,13,240,435,3147,0.338735303463616,0,0,280,724,67,1587,34,496,25,34
"1068","2020-03-31",119,13,220,446,3147,0.338735303463616,0,0,280,724,66,1653,25,521,25,25
"1069","2020-04-01",122,13,216,439,3147,0.338735303463616,0,0,280,724,77,1730,39,560,31,39
"1070","2020-04-02",121,13,209,434,3147,0.338735303463616,0,0,280,724,77,1807,20,580,25,20
"1071","2020-04-03",129,13,208,429,3147,0.338735303463616,0,0,280,724,78,1885,15,595,22,15
"1072","2020-04-04",128,13,197,422,3147,0.338735303463616,0,0,280,724,75,1960,28,623,26,28
"1073","2020-04-05",119,13,178,436,3147,0.338735303463616,0,0,280,724,78,2038,23,646,24,23
"1074","2020-04-06",130,13,204,432,3147,0.338735303463616,0,0,280,724,99,2137,17,663,47,17
"1075","2020-04-07",125,13,261,450,3147,0.338735303463616,0,0,280,724,69,2206,28,691,27,28
"1076","2020-04-08",129,13,275,444,3147,0.338735303463616,0,0,280,724,83,2289,26,717,37,26
"1077","2020-04-09",133,13,264,451,3147,0.338735303463616,0,0,280,724,75,2364,21,738,29,21
"1078","2020-04-10",122,13,274,465,3147,0.338735303463616,0,0,280,724,93,2457,48,786,33,48
"1079","2020-04-11",123,13,283,469,3147,0.338735303463616,0,0,280,724,74,2531,30,816,31,30
"1080","2020-04-12",129,13,306,466,3147,0.338735303463616,0,0,280,724,69,2600,22,838,26,22
"1081","2020-04-13",128,13,280,468,3147,0.338735303463616,0,0,280,724,70,2670,37,875,27,37
"1082","2020-04-14",121,13,293,456,3147,0.338735303463616,0,0,280,724,64,2734,58,933,18,58
"1083","2020-04-15",114,13,273,454,3147,0.338735303463616,0,0,280,724,75,2809,32,965,29,32
"1084","2020-04-16",119,13,273,454,3147,0.338735303463616,0,0,280,724,62,2871,45,1010,15,45
"1085","2020-04-17",129,13,272,439,3147,0.338735303463616,0,0,280,724,73,2944,40,1050,26,40
"1086","2020-04-18",136,13,276,449,3147,0.338735303463616,0,0,280,724,65,3009,47,1097,17,47
"1087","2020-04-19",134,13,276,460,3147,0.338735303463616,0,0,280,724,65,3074,55,1152,17,55
"1088","2020-04-20",125,13,297,470,3147,0.338735303463616,0,0,280,724,63,3137,59,1211,16,59
"1089","2020-04-21",137,13,292,453,3147,0.338735303463616,0,0,280,724,50,3187,37,1248,9,37
"1090","2020-04-22",135,13,299,466,3147,0.338735303463616,0,0,280,724,65,3252,57,1305,13,57
"1091","2020-04-23",140,13,297,451,3147,0.338735303463616,0,0,280,724,60,3312,56,1361,11,56
"1092","2020-04-24",136,13,303,435,3147,0.338735303463616,0,0,280,724,82,3394,39,1400,9,39
"1093","2020-04-25",129,13,308,424,3147,0.338735303463616,0,0,280,724,70,3464,31,1431,20,31
"1094","2020-04-26",129,13,306,422,3147,0.338735303463616,0,0,280,724,69,3533,15,1446,15,15
"1095","2020-04-27",129,13,328,413,3147,0.338735303463616,0,0,280,724,50,3583,28,1474,8,28
"1096","2020-04-28",129,13,319,417,3147,0.338735303463616,0,0,280,724,50,3633,23,1497,12,23
"1097","2020-04-29",131,13,303,428,3147,0.338735303463616,0,0,280,724,69,3702,27,1524,13,27
"1098","2020-04-30",120,13,324,441,3147,0.338735303463616,0,0,280,724,58,3760,22,1546,13,22
"1099","2020-05-01",123,13,331,428,3147,0.338735303463616,0,0,280,724,63,3823,51,1597,18,51
"1100","2020-05-02",125,13,339,425,3147,0.338735303463616,0,0,280,724,68,3891,37,1634,20,37
"1101","2020-05-03",127,13,325,424,3147,0.338735303463616,0,0,280,724,58,3949,44,1678,14,44
"1102","2020-05-04",123,13,317,414,3147,0.338735303463616,0,0,280,724,60,4009,25,1703,10,25
"1103","2020-05-05",104,13,318,402,3147,0.338735303463616,0,0,280,724,61,4070,13,1716,13,13
"1104","2020-05-06",108,13,314,402,3147,0.338735303463616,0,0,280,724,48,4118,22,1738,5,22
"1105","2020-05-07",117,13,351,392,3147,0.338735303463616,0,0,280,724,46,4164,39,1777,12,39
"1106","2020-05-08",109,13,320,392,3147,0.338735303463616,0,0,280,724,52,4216,42,1819,11,42
"1107","2020-05-09",103,13,303,385,3147,0.338735303463616,0,0,280,724,47,4263,53,1872,12,53
"1108","2020-05-10",90,13,317,379,3147,0.338735303463616,0,0,280,724,46,4309,48,1920,8,48
"1109","2020-05-11",92,13,308,372,3147,0.338735303463616,0,0,280,724,32,4341,50,1970,8,50
"1110","2020-05-12",103,13,308,357,3147,0.338735303463616,0,0,280,724,42,4383,32,2002,2,32
"1111","2020-05-13",94,13,330,350,3147,0.338735303463616,0,0,280,724,35,4418,26,2028,9,26
"1112","2020-05-14",82,13,343,361,3147,0.338735303463616,0,0,280,724,39,4457,55,2083,10,55
"1113","2020-05-15",89,13,364,340,3147,0.338735303463616,0,0,280,724,31,4488,56,2139,6,56
"1114","2020-05-16",90,13,367,346,3147,0.338735303463616,0,0,280,724,46,4534,25,2164,8,25
"1115","2020-05-17",103,13,369,329,3147,0.338735303463616,0,0,280,724,37,4571,38,2202,7,38
"1116","2020-05-18",99,13,368,336,3147,0.338735303463616,0,0,280,724,31,4602,49,2251,5,49
"1117","2020-05-19",96,13,357,337,3147,0.338735303463616,0,0,280,724,30,4632,32,2283,11,32
"1118","2020-05-20",104,13,365,320,3147,0.338735303463616,0,0,280,724,26,4658,18,2301,6,18
"1119","2020-05-21",103,13,341,311,3147,0.338735303463616,0,0,280,724,30,4688,20,2321,6,20
"1120","2020-05-22",92,13,315,305,3147,0.338735303463616,0,0,280,724,32,4720,43,2364,4,43
"1121","2020-05-23",86,13,305,303,3147,0.338735303463616,0,0,280,724,25,4745,30,2394,9,30
"1122","2020-05-24",85,13,300,294,3147,0.338735303463616,0,0,280,724,23,4768,20,2414,5,20
"1123","2020-05-25",88,13,313,285,3147,0.338735303463616,0,0,280,724,26,4794,13,2427,5,13
"1124","2020-05-26",89,13,292,278,3147,0.338735303463616,0,0,280,724,27,4821,14,2441,4,14
"1125","2020-05-27",81,13,278,268,3147,0.338735303463616,0,0,280,724,20,4841,14,2455,5,14
"1126","2020-05-28",86,13,275,278,3147,0.338735303463616,0,0,280,724,23,4864,31,2486,3,31
"1127","2020-05-29",86,13,279,273,3147,0.338735303463616,0,0,280,724,29,4893,24,2510,9,24
"1128","2020-05-30",91,13,278,274,3147,0.338735303463616,0,0,280,724,25,4918,24,2534,5,24
"1129","2020-05-31",88,13,269,270,3147,0.338735303463616,0,0,280,724,20,4938,14,2548,5,14
"1130","2020-06-01",86,13,249,277,3147,0.338735303463616,0,0,280,724,27,4965,34,2582,7,34
"1131","2020-06-02",83,13,237,273,3147,0.338735303463616,0,0,280,724,23,4988,36,2618,4,36
"1132","2020-06-03",79,13,239,262,3147,0.338735303463616,0,0,280,724,22,5010,40,2658,6,40
"1133","2020-06-04",76,13,255,258,3147,0.338735303463616,0,0,280,724,14,5024,46,2704,5,46
"1134","2020-06-05",76,13,280,255,3147,0.338735303463616,0,0,280,724,11,5035,40,2744,3,40
"1135","2020-06-06",73,13,305,247,3147,0.338735303463616,0,0,280,724,20,5055,27,2771,2,27
"1136","2020-06-07",75,13,298,250,3147,0.338735303463616,0,0,280,724,18,5073,32,2803,5,32
"1137","2020-03-14",3,14,132,156,7262,0.811346736436243,0,0,641,1227,132,319,26,185,90,26
"1138","2020-03-15",8,14,129,227,7262,0.811346736436243,0,0,641,1227,178,497,19,204,135,19
"1139","2020-03-16",19,14,131,279,7262,0.811346736436243,0,0,641,1227,192,689,10,214,152,10
"1140","2020-03-17",31,14,152,344,7262,0.811346736436243,0,0,641,1227,251,940,11,225,217,11
"1141","2020-03-18",39,14,167,428,7262,0.811346736436243,0,0,641,1227,350,1290,10,235,318,10
"1142","2020-03-19",64,14,220,517,7262,0.811346736436243,0,0,641,1227,324,1614,10,245,281,10
"1143","2020-03-20",80,14,256,609,7262,0.811346736436243,0,0,641,1227,452,2066,32,277,423,32
"1144","2020-03-21",100,14,277,721,7262,0.811346736436243,0,0,641,1227,454,2520,24,301,432,24
"1145","2020-03-22",120,14,271,848,7262,0.811346736436243,0,0,641,1227,520,3040,15,316,499,15
"1146","2020-03-23",137,14,249,961,7262,0.811346736436243,0,0,641,1227,633,3673,30,346,604,30
"1147","2020-03-24",154,14,229,1081,7262,0.811346736436243,0,0,641,1227,604,4277,19,365,577,19
"1148","2020-03-25",183,14,237,1225,7262,0.811346736436243,0,0,641,1227,540,4817,22,387,511,22
"1149","2020-03-26",205,14,223,1331,7262,0.811346736436243,0,0,641,1227,436,5253,67,454,422,67
"1150","2020-03-27",241,14,203,1465,7262,0.811346736436243,0,0,641,1227,416,5669,68,522,400,68
"1151","2020-03-28",281,14,198,1586,7262,0.811346736436243,0,0,641,1227,417,6086,23,545,398,23
"1152","2020-03-29",317,14,226,1671,7262,0.811346736436243,0,0,641,1227,355,6441,11,556,347,11
"1153","2020-03-30",358,14,210,1810,7262,0.811346736436243,0,0,641,1227,210,6651,12,568,200,12
"1154","2020-03-31",403,14,200,1917,7262,0.811346736436243,0,0,641,1227,215,6866,20,588,206,20
"1155","2020-04-01",442,14,183,2002,7262,0.811346736436243,0,0,641,1227,133,6999,52,640,125,52
"1156","2020-04-02",480,14,181,2065,7262,0.811346736436243,0,0,641,1227,161,7160,27,667,159,27
"1157","2020-04-03",511,14,192,2143,7262,0.811346736436243,0,0,641,1227,123,7283,20,687,114,20
"1158","2020-04-04",521,14,214,2190,7262,0.811346736436243,0,0,641,1227,81,7364,15,702,74,15
"1159","2020-04-05",552,14,234,2253,7262,0.811346736436243,0,0,641,1227,63,7427,15,717,59,15
"1160","2020-04-06",557,14,235,2286,7262,0.811346736436243,0,0,641,1227,52,7479,40,757,47,40
"1161","2020-04-07",596,14,246,2290,7262,0.811346736436243,0,0,641,1227,41,7520,29,786,36,29
"1162","2020-04-08",615,14,245,2236,7262,0.811346736436243,0,0,641,1227,42,7562,49,835,40,49
"1163","2020-04-09",611,14,231,2261,7262,0.811346736436243,0,0,641,1227,17,7579,49,884,17,49
"1164","2020-04-10",622,14,245,2217,7262,0.811346736436243,0,0,641,1227,22,7601,32,916,17,32
"1165","2020-04-11",627,14,281,2193,7262,0.811346736436243,0,0,641,1227,27,7628,22,938,20,22
"1166","2020-04-12",620,14,298,2126,7262,0.811346736436243,0,0,641,1227,18,7646,18,956,16,18
"1167","2020-04-13",633,14,283,2050,7262,0.811346736436243,0,0,641,1227,19,7665,28,984,15,28
"1168","2020-04-14",600,14,289,1947,7262,0.811346736436243,0,0,641,1227,12,7677,22,1006,10,22
"1169","2020-04-15",575,14,278,1870,7262,0.811346736436243,0,0,641,1227,11,7688,11,1017,9,11
"1170","2020-04-16",552,14,267,1783,7262,0.811346736436243,0,0,641,1227,7,7695,24,1041,5,24
"1171","2020-04-17",542,14,289,1677,7262,0.811346736436243,0,0,641,1227,13,7708,19,1060,7,19
"1172","2020-04-18",530,14,282,1572,7262,0.811346736436243,0,0,641,1227,6,7714,10,1070,3,10
"1173","2020-04-19",522,14,268,1447,7262,0.811346736436243,0,0,641,1227,7,7721,22,1092,5,22
"1174","2020-04-20",487,14,281,1335,7262,0.811346736436243,0,0,641,1227,3,7724,28,1120,2,28
"1175","2020-04-21",461,14,290,1259,7262,0.811346736436243,0,0,641,1227,7,7731,14,1134,2,14
"1176","2020-04-22",438,14,269,1169,7262,0.811346736436243,0,0,641,1227,8,7739,15,1149,2,15
"1177","2020-04-23",424,14,258,1071,7262,0.811346736436243,0,0,641,1227,2,7741,12,1161,NA,12
"1178","2020-04-24",374,14,244,1012,7262,0.811346736436243,0,0,641,1227,2,7743,8,1169,NA,8
"1179","2020-04-25",342,14,243,930,7262,0.811346736436243,0,0,641,1227,6,7749,15,1184,1,15
"1180","2020-04-26",302,14,258,855,7262,0.811346736436243,0,0,641,1227,2,7751,29,1213,2,29
"1181","2020-04-27",292,14,290,787,7262,0.811346736436243,0,0,641,1227,6,7757,65,1278,3,65
"1182","2020-04-28",276,14,302,725,7262,0.811346736436243,0,0,641,1227,2,7759,42,1320,1,42
"1183","2020-04-29",262,14,319,651,7262,0.811346736436243,0,0,641,1227,2,7761,46,1366,2,46
"1184","2020-04-30",240,14,298,604,7262,0.811346736436243,0,0,641,1227,6,7767,51,1417,2,51
"1185","2020-05-01",240,14,282,553,7262,0.811346736436243,0,0,641,1227,1,7768,29,1446,NA,29
"1186","2020-05-02",229,14,251,498,7262,0.811346736436243,0,0,641,1227,5,7773,13,1459,1,13
"1187","2020-05-03",209,14,242,475,7262,0.811346736436243,0,0,641,1227,4,7777,20,1479,1,20
"1188","2020-05-04",188,14,231,442,7262,0.811346736436243,0,0,641,1227,1,7778,13,1492,1,13
"1189","2020-05-05",163,14,261,408,7262,0.811346736436243,0,0,641,1227,2,7780,11,1503,1,11
"1190","2020-05-06",144,14,259,380,7262,0.811346736436243,0,0,641,1227,2,7782,29,1532,NA,29
"1191","2020-05-07",136,14,266,354,7262,0.811346736436243,0,0,641,1227,3,7785,28,1560,3,28
"1192","2020-05-08",113,14,253,343,7262,0.811346736436243,0,0,641,1227,4,7789,16,1576,2,16
"1193","2020-05-09",101,14,261,317,7262,0.811346736436243,0,0,641,1227,NA,NA,18,1594,NA,18
"1194","2020-05-10",98,14,251,292,7262,0.811346736436243,0,0,641,1227,3,7792,16,1610,NA,16
"1195","2020-05-11",88,14,237,278,7262,0.811346736436243,0,0,641,1227,2,7794,33,1643,NA,33
"1196","2020-05-12",82,14,243,260,7262,0.811346736436243,0,0,641,1227,2,7796,34,1677,1,34
"1197","2020-05-13",74,14,292,251,7262,0.811346736436243,0,0,641,1227,NA,NA,15,1692,NA,15
"1198","2020-05-14",65,14,284,242,7262,0.811346736436243,0,0,641,1227,1,7797,18,1710,NA,18
"1199","2020-05-15",67,14,286,234,7262,0.811346736436243,0,0,641,1227,4,7801,8,1718,2,8
"1200","2020-05-16",64,14,287,225,7262,0.811346736436243,0,0,641,1227,2,7803,6,1724,1,6
"1201","2020-05-17",56,14,274,210,7262,0.811346736436243,0,0,641,1227,2,7805,14,1738,1,14
"1202","2020-05-18",49,14,267,202,7262,0.811346736436243,0,0,641,1227,5,7810,11,1749,3,11
"1203","2020-05-19",47,14,252,187,7262,0.811346736436243,0,0,641,1227,1,7811,18,1767,NA,18
"1204","2020-05-20",54,14,234,178,7262,0.811346736436243,0,0,641,1227,3,7814,9,1776,1,9
"1205","2020-05-21",58,14,237,171,7262,0.811346736436243,0,0,641,1227,2,7816,28,1804,NA,28
"1206","2020-05-22",49,14,231,161,7262,0.811346736436243,0,0,641,1227,1,7817,30,1834,NA,30
"1207","2020-05-23",50,14,206,157,7262,0.811346736436243,0,0,641,1227,3,7820,21,1855,1,21
"1208","2020-05-24",46,14,208,154,7262,0.811346736436243,0,0,641,1227,3,7823,21,1876,1,21
"1209","2020-05-25",48,14,206,147,7262,0.811346736436243,0,0,641,1227,1,7824,17,1893,NA,17
"1210","2020-05-26",52,14,217,134,7262,0.811346736436243,0,0,641,1227,2,7826,48,1941,1,48
"1211","2020-05-27",44,14,211,138,7262,0.811346736436243,0,0,641,1227,4,7830,31,1972,NA,31
"1212","2020-05-28",40,14,206,129,7262,0.811346736436243,0,0,641,1227,3,7833,48,2020,2,48
"1213","2020-05-29",40,14,209,125,7262,0.811346736436243,0,0,641,1227,4,7837,30,2050,NA,30
"1214","2020-05-30",37,14,208,118,7262,0.811346736436243,0,0,641,1227,NA,NA,17,2067,NA,17
"1215","2020-05-31",42,14,250,120,7262,0.811346736436243,0,0,641,1227,1,7838,10,2077,1,10
"1216","2020-06-01",40,14,280,113,7262,0.811346736436243,0,0,641,1227,1,7839,17,2094,1,17
"1217","2020-06-02",35,14,280,103,7262,0.811346736436243,0,0,641,1227,1,7840,34,2128,1,34
"1218","2020-06-03",33,14,295,95,7262,0.811346736436243,0,0,641,1227,2,7842,23,2151,2,23
"1219","2020-06-04",30,14,268,96,7262,0.811346736436243,0,0,641,1227,NA,NA,6,2157,NA,6
"1220","2020-06-05",30,14,245,96,7262,0.811346736436243,0,0,641,1227,NA,NA,16,2173,NA,16
"1221","2020-06-06",30,14,243,97,7262,0.811346736436243,0,0,641,1227,2,7844,15,2188,NA,15
"1222","2020-06-07",28,14,241,93,7262,0.811346736436243,0,0,641,1227,NA,NA,51,2239,NA,51
"1223","2020-03-12",1,15,195,198,9550,0.739162303664921,0,0,751,1956,93,184,15,44,2,15
"1224","2020-03-13",5,15,264,364,9550,0.739162303664921,0,0,751,1956,89,273,9,53,10,9
"1225","2020-03-14",14,15,276,559,9550,0.739162303664921,0,0,751,1956,93,366,10,63,17,10
"1226","2020-03-15",32,15,255,817,9550,0.739162303664921,0,0,751,1956,90,456,23,86,16,23
"1227","2020-03-16",55,15,242,1113,9550,0.739162303664921,0,0,751,1956,107,563,21,107,15,21
"1228","2020-03-17",84,15,212,1509,9550,0.739162303664921,0,0,751,1956,110,673,25,132,35,25
"1229","2020-03-18",137,15,196,1952,9550,0.739162303664921,0,0,751,1956,114,787,17,149,31,17
"1230","2020-03-19",206,15,190,2473,9550,0.739162303664921,0,0,751,1956,128,915,38,187,47,38
"1231","2020-03-20",296,15,174,2952,9550,0.739162303664921,0,0,751,1956,134,1049,25,212,45,25
"1232","2020-03-21",401,15,187,3546,9550,0.739162303664921,0,0,751,1956,127,1176,32,244,36,32
"1233","2020-03-22",506,15,204,4074,9550,0.739162303664921,0,0,751,1956,130,1306,50,294,50,50
"1234","2020-03-23",650,15,241,4569,9550,0.739162303664921,0,0,751,1956,120,1426,20,314,35,20
"1235","2020-03-24",788,15,240,4963,9550,0.739162303664921,0,0,751,1956,98,1524,22,336,35,22
"1236","2020-03-25",922,15,216,5255,9550,0.739162303664921,0,0,751,1956,127,1651,40,376,47,40
"1237","2020-03-26",1069,15,217,5359,9550,0.739162303664921,0,0,751,1956,116,1767,20,396,36,20
"1238","2020-03-27",1206,15,289,5353,9550,0.739162303664921,0,0,751,1956,126,1893,15,411,45,15
"1239","2020-03-28",1284,15,315,5243,9550,0.739162303664921,0,0,751,1956,110,2003,39,450,35,39
"1240","2020-03-29",1411,15,292,5098,9550,0.739162303664921,0,0,751,1956,96,2099,26,476,34,26
"1241","2020-03-30",1462,15,298,4819,9550,0.739162303664921,0,0,751,1956,107,2206,14,490,34,14
"1242","2020-03-31",1514,15,270,4494,9550,0.739162303664921,0,0,751,1956,105,2311,16,506,29,16
"1243","2020-04-01",1496,15,237,4066,9550,0.739162303664921,0,0,751,1956,100,2411,26,532,29,26
"1244","2020-04-02",1435,15,222,3606,9550,0.739162303664921,0,0,751,1956,108,2519,22,554,28,22
"1245","2020-04-03",1350,15,201,3174,9550,0.739162303664921,0,0,751,1956,88,2607,39,593,18,39
"1246","2020-04-04",1277,15,202,2729,9550,0.739162303664921,0,0,751,1956,105,2712,61,654,26,61
"1247","2020-04-05",1113,15,194,2350,9550,0.739162303664921,0,0,751,1956,116,2828,54,708,44,54
"1248","2020-04-06",1008,15,178,1965,9550,0.739162303664921,0,0,751,1956,107,2935,44,752,24,44
"1249","2020-04-07",865,15,193,1660,9550,0.739162303664921,0,0,751,1956,102,3037,19,771,22,19
"1250","2020-04-08",745,15,260,1370,9550,0.739162303664921,0,0,751,1956,96,3133,11,782,13,11
"1251","2020-04-09",629,15,255,1153,9550,0.739162303664921,0,0,751,1956,106,3239,11,793,27,11
"1252","2020-04-10",513,15,245,948,9550,0.739162303664921,0,0,751,1956,85,3324,9,802,16,9
"1253","2020-04-11",421,15,251,769,9550,0.739162303664921,0,0,751,1956,93,3417,19,821,16,19
"1254","2020-04-12",364,15,251,615,9550,0.739162303664921,0,0,751,1956,109,3526,37,858,25,37
"1255","2020-04-13",264,15,233,516,9550,0.739162303664921,0,0,751,1956,105,3631,51,909,23,51
"1256","2020-04-14",196,15,220,441,9550,0.739162303664921,0,0,751,1956,111,3742,25,934,18,25
"1257","2020-04-15",158,15,216,377,9550,0.739162303664921,0,0,751,1956,98,3840,49,983,25,49
"1258","2020-04-16",125,15,215,311,9550,0.739162303664921,0,0,751,1956,78,3918,35,1018,18,35
"1259","2020-04-17",102,15,207,272,9550,0.739162303664921,0,0,751,1956,93,4011,29,1047,17,29
"1260","2020-04-18",83,15,203,239,9550,0.739162303664921,0,0,751,1956,88,4099,26,1073,24,26
"1261","2020-04-19",55,15,223,197,9550,0.739162303664921,0,0,751,1956,72,4171,23,1096,13,23
"1262","2020-04-20",47,15,221,170,9550,0.739162303664921,0,0,751,1956,78,4249,74,1170,19,74
"1263","2020-04-21",39,15,223,147,9550,0.739162303664921,0,0,751,1956,99,4348,37,1207,12,37
"1264","2020-04-22",29,15,216,130,9550,0.739162303664921,0,0,751,1956,76,4424,30,1237,14,30
"1265","2020-04-23",25,15,220,113,9550,0.739162303664921,0,0,751,1956,77,4501,22,1259,16,22
"1266","2020-04-24",20,15,218,97,9550,0.739162303664921,0,0,751,1956,89,4590,18,1277,21,18
"1267","2020-04-25",12,15,207,82,9550,0.739162303664921,0,0,751,1956,80,4670,46,1323,18,46
"1268","2020-04-26",13,15,196,71,9550,0.739162303664921,0,0,751,1956,66,4736,44,1367,4,44
"1269","2020-04-27",9,15,200,72,9550,0.739162303664921,0,0,751,1956,68,4804,30,1397,9,30
"1270","2020-04-28",11,15,208,69,9550,0.739162303664921,0,0,751,1956,80,4884,72,1469,22,72
"1271","2020-04-29",12,15,233,65,9550,0.739162303664921,0,0,751,1956,92,4976,32,1501,14,32
"1272","2020-04-30",11,15,246,60,9550,0.739162303664921,0,0,751,1956,55,5031,40,1541,9,40
"1273","2020-05-01",13,15,242,63,9550,0.739162303664921,0,0,751,1956,59,5090,32,1573,9,32
"1274","2020-05-02",16,15,264,60,9550,0.739162303664921,0,0,751,1956,43,5133,49,1622,6,49
"1275","2020-05-03",15,15,255,54,9550,0.739162303664921,0,0,751,1956,64,5197,21,1643,11,21
"1276","2020-05-04",17,15,248,49,9550,0.739162303664921,0,0,751,1956,48,5245,20,1663,10,20
"1277","2020-05-05",15,15,254,43,9550,0.739162303664921,0,0,751,1956,63,5308,36,1699,10,36
"1278","2020-05-06",14,15,257,38,9550,0.739162303664921,0,0,751,1956,63,5371,21,1720,7,21
"1279","2020-05-07",12,15,258,35,9550,0.739162303664921,0,0,751,1956,65,5436,26,1746,4,26
"1280","2020-05-08",10,15,247,37,9550,0.739162303664921,0,0,751,1956,48,5484,15,1761,6,15
"1281","2020-05-09",9,15,263,32,9550,0.739162303664921,0,0,751,1956,51,5535,15,1776,7,15
"1282","2020-05-10",8,15,253,31,9550,0.739162303664921,0,0,751,1956,43,5578,7,1783,5,7
"1283","2020-05-11",5,15,269,33,9550,0.739162303664921,0,0,751,1956,49,5627,45,1828,6,45
"1284","2020-05-12",9,15,317,32,9550,0.739162303664921,0,0,751,1956,29,5656,52,1880,2,52
"1285","2020-05-13",8,15,366,32,9550,0.739162303664921,0,0,751,1956,56,5712,51,1931,12,51
"1286","2020-05-14",10,15,363,33,9550,0.739162303664921,0,0,751,1956,40,5752,33,1964,6,33
"1287","2020-05-15",9,15,317,31,9550,0.739162303664921,0,0,751,1956,35,5787,22,1986,5,22
"1288","2020-05-16",7,15,314,29,9550,0.739162303664921,0,0,751,1956,46,5833,62,2048,10,62
"1289","2020-05-17",7,15,283,24,9550,0.739162303664921,0,0,751,1956,31,5864,24,2072,5,24
"1290","2020-05-18",10,15,266,24,9550,0.739162303664921,0,0,751,1956,42,5906,22,2094,5,22
"1291","2020-05-19",6,15,246,25,9550,0.739162303664921,0,0,751,1956,26,5932,53,2147,5,53
"1292","2020-05-20",8,15,230,23,9550,0.739162303664921,0,0,751,1956,34,5966,26,2173,3,26
"1293","2020-05-21",6,15,245,25,9550,0.739162303664921,0,0,751,1956,29,5995,14,2187,4,14
"1294","2020-05-22",6,15,255,26,9550,0.739162303664921,0,0,751,1956,22,6017,13,2200,1,13
"1295","2020-05-23",6,15,257,25,9550,0.739162303664921,0,0,751,1956,22,6039,43,2243,5,43
"1296","2020-05-24",7,15,268,25,9550,0.739162303664921,0,0,751,1956,29,6068,21,2264,2,21
"1297","2020-05-25",5,15,272,23,9550,0.739162303664921,0,0,751,1956,27,6095,14,2278,1,14
"1298","2020-05-26",5,15,256,21,9550,0.739162303664921,0,0,751,1956,23,6118,12,2290,5,12
"1299","2020-05-27",3,15,253,21,9550,0.739162303664921,0,0,751,1956,21,6139,24,2314,5,24
"1300","2020-05-28",3,15,266,22,9550,0.739162303664921,0,0,751,1956,29,6168,19,2333,7,19
"1301","2020-05-29",2,15,244,23,9550,0.739162303664921,0,0,751,1956,22,6190,18,2351,NA,18
"1302","2020-05-30",4,15,224,22,9550,0.739162303664921,0,0,751,1956,17,6207,16,2367,1,16
"1303","2020-05-31",3,15,212,22,9550,0.739162303664921,0,0,751,1956,20,6227,30,2397,1,30
"1304","2020-06-01",3,15,255,22,9550,0.739162303664921,0,0,751,1956,23,6250,20,2417,5,20
"1305","2020-06-02",6,15,258,21,9550,0.739162303664921,0,0,751,1956,15,6265,22,2439,6,22
"1306","2020-06-03",6,15,264,20,9550,0.739162303664921,0,0,751,1956,20,6285,9,2448,2,9
"1307","2020-06-04",6,15,278,16,9550,0.739162303664921,0,0,751,1956,19,6304,15,2463,2,15
"1308","2020-06-05",6,15,261,17,9550,0.739162303664921,0,0,751,1956,14,6318,9,2472,3,9
"1309","2020-06-06",7,15,302,15,9550,0.739162303664921,0,0,751,1956,21,6339,5,2477,3,5
"1310","2020-06-07",7,15,296,11,9550,0.739162303664921,0,0,751,1956,10,6349,8,2485,1,8
"1311","2020-03-12",1,16,85,51,4080,0.444362745098039,0,0,364,1687,57,121,36,59,2,36
"1312","2020-03-13",2,16,142,76,4080,0.444362745098039,0,0,364,1687,70,191,45,104,9,45
"1313","2020-03-14",4,16,167,104,4080,0.444362745098039,0,0,364,1687,80,271,35,139,19,35
"1314","2020-03-15",6,16,215,147,4080,0.444362745098039,0,0,364,1687,68,339,27,166,18,27
"1315","2020-03-16",13,16,213,181,4080,0.444362745098039,0,0,364,1687,77,416,62,228,27,62
"1316","2020-03-17",21,16,215,214,4080,0.444362745098039,0,0,364,1687,82,498,42,270,31,42
"1317","2020-03-18",31,16,202,240,4080,0.444362745098039,0,0,364,1687,93,591,78,348,29,78
"1318","2020-03-19",42,16,211,280,4080,0.444362745098039,0,0,364,1687,104,695,79,427,35,79
"1319","2020-03-20",51,16,204,309,4080,0.444362745098039,0,0,364,1687,93,788,46,473,45,46
"1320","2020-03-21",64,16,218,337,4080,0.444362745098039,0,0,364,1687,87,875,58,531,38,58
"1321","2020-03-22",68,16,214,360,4080,0.444362745098039,0,0,364,1687,94,969,44,575,32,44
"1322","2020-03-23",77,16,228,400,4080,0.444362745098039,0,0,364,1687,97,1066,41,616,38,41
"1323","2020-03-24",90,16,210,421,4080,0.444362745098039,0,0,364,1687,112,1178,32,648,46,32
"1324","2020-03-25",103,16,184,430,4080,0.444362745098039,0,0,364,1687,91,1269,46,694,22,46
"1325","2020-03-26",110,16,193,435,4080,0.444362745098039,0,0,364,1687,116,1385,32,726,36,32
"1326","2020-03-27",113,16,169,451,4080,0.444362745098039,0,0,364,1687,102,1487,42,768,48,42
"1327","2020-03-28",111,16,176,481,4080,0.444362745098039,0,0,364,1687,101,1588,43,811,43,43
"1328","2020-03-29",120,16,198,505,4080,0.444362745098039,0,0,364,1687,89,1677,36,847,44,36
"1329","2020-03-30",120,16,214,531,4080,0.444362745098039,0,0,364,1687,97,1774,37,884,48,37
"1330","2020-03-31",120,16,207,540,4080,0.444362745098039,0,0,364,1687,128,1902,30,914,56,30
"1331","2020-04-01",122,16,176,567,4080,0.444362745098039,0,0,364,1687,106,2008,38,952,45,38
"1332","2020-04-02",137,16,176,578,4080,0.444362745098039,0,0,364,1687,105,2113,49,1001,43,49
"1333","2020-04-03",139,16,219,586,4080,0.444362745098039,0,0,364,1687,111,2224,59,1060,53,59
"1334","2020-04-04",154,16,258,606,4080,0.444362745098039,0,0,364,1687,118,2342,65,1125,52,65
"1335","2020-04-05",166,16,251,628,4080,0.444362745098039,0,0,364,1687,105,2447,47,1172,41,47
"1336","2020-04-06",179,16,230,639,4080,0.444362745098039,0,0,364,1687,98,2545,44,1216,34,44
"1337","2020-04-07",188,16,211,655,4080,0.444362745098039,0,0,364,1687,105,2650,28,1244,43,28
"1338","2020-04-08",198,16,254,664,4080,0.444362745098039,0,0,364,1687,111,2761,30,1274,41,30
"1339","2020-04-09",194,16,252,666,4080,0.444362745098039,0,0,364,1687,99,2860,27,1301,51,27
"1340","2020-04-10",205,16,235,672,4080,0.444362745098039,0,0,364,1687,92,2952,38,1339,36,38
"1341","2020-04-11",204,16,239,699,4080,0.444362745098039,0,0,364,1687,95,3047,23,1362,39,23
"1342","2020-04-12",199,16,234,696,4080,0.444362745098039,0,0,364,1687,94,3141,37,1399,38,37
"1343","2020-04-13",198,16,257,705,4080,0.444362745098039,0,0,364,1687,102,3243,30,1429,39,30
"1344","2020-04-14",195,16,266,709,4080,0.444362745098039,0,0,364,1687,84,3327,28,1457,30,28
"1345","2020-04-15",185,16,249,714,4080,0.444362745098039,0,0,364,1687,79,3406,34,1491,31,34
"1346","2020-04-16",193,16,235,695,4080,0.444362745098039,0,0,364,1687,79,3485,38,1529,25,38
"1347","2020-04-17",190,16,211,688,4080,0.444362745098039,0,0,364,1687,85,3570,30,1559,20,30
"1348","2020-04-18",194,16,195,709,4080,0.444362745098039,0,0,364,1687,91,3661,50,1609,36,50
"1349","2020-04-19",208,16,204,708,4080,0.444362745098039,0,0,364,1687,69,3730,32,1641,26,32
"1350","2020-04-20",208,16,210,706,4080,0.444362745098039,0,0,364,1687,76,3806,28,1669,28,28
"1351","2020-04-21",209,16,217,708,4080,0.444362745098039,0,0,364,1687,76,3882,54,1723,26,54
"1352","2020-04-22",204,16,208,694,4080,0.444362745098039,0,0,364,1687,62,3944,47,1770,12,47
"1353","2020-04-23",190,16,207,694,4080,0.444362745098039,0,0,364,1687,65,4009,36,1806,20,36
"1354","2020-04-24",192,16,276,684,4080,0.444362745098039,0,0,364,1687,81,4090,31,1837,19,31
"1355","2020-04-25",197,16,303,668,4080,0.444362745098039,0,0,364,1687,66,4156,31,1868,12,31
"1356","2020-04-26",190,16,283,643,4080,0.444362745098039,0,0,364,1687,63,4219,34,1902,18,34
"1357","2020-04-27",189,16,264,630,4080,0.444362745098039,0,0,364,1687,62,4281,39,1941,20,39
"1358","2020-04-28",187,16,245,637,4080,0.444362745098039,0,0,364,1687,56,4337,46,1987,16,46
"1359","2020-04-29",192,16,226,644,4080,0.444362745098039,0,0,364,1687,65,4402,26,2013,16,26
"1360","2020-04-30",187,16,220,631,4080,0.444362745098039,0,0,364,1687,64,4466,45,2058,24,45
"1361","2020-05-01",194,16,226,603,4080,0.444362745098039,0,0,364,1687,67,4533,44,2102,16,44
"1362","2020-05-02",187,16,248,599,4080,0.444362745098039,0,0,364,1687,62,4595,35,2137,16,35
"1363","2020-05-03",189,16,244,589,4080,0.444362745098039,0,0,364,1687,64,4659,27,2164,17,27
"1364","2020-05-04",185,16,237,581,4080,0.444362745098039,0,0,364,1687,62,4721,25,2189,13,25
"1365","2020-05-05",180,16,256,569,4080,0.444362745098039,0,0,364,1687,61,4782,25,2214,15,25
"1366","2020-05-06",177,16,240,566,4080,0.444362745098039,0,0,364,1687,59,4841,22,2236,15,22
"1367","2020-05-07",177,16,240,548,4080,0.444362745098039,0,0,364,1687,49,4890,71,2307,16,71
"1368","2020-05-08",168,16,242,541,4080,0.444362745098039,0,0,364,1687,42,4932,67,2374,12,67
"1369","2020-05-09",156,16,254,534,4080,0.444362745098039,0,0,364,1687,55,4987,50,2424,12,50
"1370","2020-05-10",146,16,238,525,4080,0.444362745098039,0,0,364,1687,45,5032,48,2472,9,48
"1371","2020-05-11",143,16,201,501,4080,0.444362745098039,0,0,364,1687,36,5068,38,2510,7,38
"1372","2020-05-12",139,16,211,482,4080,0.444362745098039,0,0,364,1687,52,5120,46,2556,6,46
"1373","2020-05-13",138,16,198,478,4080,0.444362745098039,0,0,364,1687,51,5171,43,2599,15,43
"1374","2020-05-14",139,16,198,455,4080,0.444362745098039,0,0,364,1687,36,5207,44,2643,7,44
"1375","2020-05-15",133,16,197,428,4080,0.444362745098039,0,0,364,1687,36,5243,29,2672,10,29
"1376","2020-05-16",127,16,182,410,4080,0.444362745098039,0,0,364,1687,33,5276,30,2702,9,30
"1377","2020-05-17",119,16,176,417,4080,0.444362745098039,0,0,364,1687,29,5305,54,2756,8,54
"1378","2020-05-18",116,16,194,407,4080,0.444362745098039,0,0,364,1687,32,5337,44,2800,6,44
"1379","2020-05-19",115,16,222,403,4080,0.444362745098039,0,0,364,1687,26,5363,48,2848,7,48
"1380","2020-05-20",107,16,224,400,4080,0.444362745098039,0,0,364,1687,21,5384,27,2875,8,27
"1381","2020-05-21",103,16,244,380,4080,0.444362745098039,0,0,364,1687,22,5406,42,2917,4,42
"1382","2020-05-22",97,16,250,384,4080,0.444362745098039,0,0,364,1687,27,5433,42,2959,4,42
"1383","2020-05-23",96,16,228,374,4080,0.444362745098039,0,0,364,1687,30,5463,37,2996,5,37
"1384","2020-05-24",100,16,246,361,4080,0.444362745098039,0,0,364,1687,18,5481,43,3039,4,43
"1385","2020-05-25",96,16,233,353,4080,0.444362745098039,0,0,364,1687,28,5509,38,3077,4,38
"1386","2020-05-26",90,16,285,340,4080,0.444362745098039,0,0,364,1687,17,5526,31,3108,7,31
"1387","2020-05-27",89,16,274,324,4080,0.444362745098039,0,0,364,1687,25,5551,30,3138,2,30
"1388","2020-05-28",86,16,265,313,4080,0.444362745098039,0,0,364,1687,21,5572,65,3203,1,65
"1389","2020-05-29",87,16,252,305,4080,0.444362745098039,0,0,364,1687,16,5588,70,3273,NA,70
"1390","2020-05-30",86,16,266,298,4080,0.444362745098039,0,0,364,1687,18,5606,68,3341,5,68
"1391","2020-05-31",80,16,252,286,4080,0.444362745098039,0,0,364,1687,17,5623,47,3388,4,47
"1392","2020-06-01",78,16,244,260,4080,0.444362745098039,0,0,364,1687,22,5645,41,3429,5,41
"1393","2020-06-02",79,16,228,253,4080,0.444362745098039,0,0,364,1687,18,5663,59,3488,7,59
"1394","2020-06-03",77,16,239,228,4080,0.444362745098039,0,0,364,1687,18,5681,63,3551,5,63
"1395","2020-06-04",69,16,224,209,4080,0.444362745098039,0,0,364,1687,12,5693,47,3598,4,47
"1396","2020-06-05",63,16,205,211,4080,0.444362745098039,0,0,364,1687,22,5715,51,3649,4,51
"1397","2020-06-06",61,16,221,202,4080,0.444362745098039,0,0,364,1687,11,5726,36,3685,3,36
"1398","2020-06-07",61,16,213,186,4080,0.444362745098039,0,0,364,1687,16,5742,39,3724,3,39
"1399","2020-03-14",3,17,189,230,5254,0.186143890369242,0,0,413,1404,29,105,13,134,21,13
"1400","2020-03-15",12,17,178,286,5254,0.186143890369242,0,0,413,1404,41,146,48,182,36,48
"1401","2020-03-16",28,17,165,342,5254,0.186143890369242,0,0,413,1404,67,213,27,209,60,27
"1402","2020-03-17",37,17,179,411,5254,0.186143890369242,0,0,413,1404,86,299,51,260,76,51
"1403","2020-03-18",55,17,244,466,5254,0.186143890369242,0,0,413,1404,110,409,49,309,96,49
"1404","2020-03-19",77,17,243,513,5254,0.186143890369242,0,0,413,1404,104,513,22,331,99,22
"1405","2020-03-20",101,17,257,561,5254,0.186143890369242,0,0,413,1404,137,650,30,361,124,30
"1406","2020-03-21",114,17,281,590,5254,0.186143890369242,0,0,413,1404,216,866,58,419,201,58
"1407","2020-03-22",129,17,257,638,5254,0.186143890369242,0,0,413,1404,180,1046,27,446,166,27
"1408","2020-03-23",136,17,273,665,5254,0.186143890369242,0,0,413,1404,238,1284,18,464,223,18
"1409","2020-03-24",147,17,248,677,5254,0.186143890369242,0,0,413,1404,277,1561,10,474,268,10
"1410","2020-03-25",158,17,227,695,5254,0.186143890369242,0,0,413,1404,305,1866,19,493,295,19
"1411","2020-03-26",165,17,195,705,5254,0.186143890369242,0,0,413,1404,472,2338,41,534,464,41
"1412","2020-03-27",174,17,184,695,5254,0.186143890369242,0,0,413,1404,380,2718,42,576,373,42
"1413","2020-03-28",186,17,225,698,5254,0.186143890369242,0,0,413,1404,406,3124,24,600,400,24
"1414","2020-03-29",195,17,239,719,5254,0.186143890369242,0,0,413,1404,443,3567,51,651,434,51
"1415","2020-03-30",204,17,226,710,5254,0.186143890369242,0,0,413,1404,471,4038,31,682,467,31
"1416","2020-03-31",222,17,252,723,5254,0.186143890369242,0,0,413,1404,381,4419,26,708,373,26
"1417","2020-04-01",217,17,232,739,5254,0.186143890369242,0,0,413,1404,437,4856,32,740,433,32
"1418","2020-04-02",224,17,232,752,5254,0.186143890369242,0,0,413,1404,387,5243,30,770,380,30
"1419","2020-04-03",224,17,267,760,5254,0.186143890369242,0,0,413,1404,391,5634,17,787,385,17
"1420","2020-04-04",225,17,290,762,5254,0.186143890369242,0,0,413,1404,315,5949,26,813,312,26
"1421","2020-04-05",213,17,265,760,5254,0.186143890369242,0,0,413,1404,234,6183,44,857,234,44
"1422","2020-04-06",201,17,236,766,5254,0.186143890369242,0,0,413,1404,214,6397,15,872,210,15
"1423","2020-04-07",190,17,220,752,5254,0.186143890369242,0,0,413,1404,165,6562,48,920,164,48
"1424","2020-04-08",197,17,215,769,5254,0.186143890369242,0,0,413,1404,154,6716,50,970,151,50
"1425","2020-04-09",185,17,243,779,5254,0.186143890369242,0,0,413,1404,122,6838,44,1014,119,44
"1426","2020-04-10",187,17,231,802,5254,0.186143890369242,0,0,413,1404,106,6944,27,1041,106,27
"1427","2020-04-11",194,17,252,813,5254,0.186143890369242,0,0,413,1404,104,7048,9,1050,101,9
"1428","2020-04-12",212,17,293,817,5254,0.186143890369242,0,0,413,1404,57,7105,25,1075,54,25
"1429","2020-04-13",234,17,312,819,5254,0.186143890369242,0,0,413,1404,65,7170,58,1133,65,58
"1430","2020-04-14",236,17,273,843,5254,0.186143890369242,0,0,413,1404,57,7227,37,1170,56,37
"1431","2020-04-15",243,17,258,851,5254,0.186143890369242,0,0,413,1404,28,7255,25,1195,26,25
"1432","2020-04-16",250,17,238,862,5254,0.186143890369242,0,0,413,1404,38,7293,43,1238,36,43
"1433","2020-04-17",254,17,227,850,5254,0.186143890369242,0,0,413,1404,28,7321,34,1272,26,34
"1434","2020-04-18",248,17,214,834,5254,0.186143890369242,0,0,413,1404,21,7342,19,1291,19,19
"1435","2020-04-19",246,17,220,826,5254,0.186143890369242,0,0,413,1404,18,7360,18,1309,16,18
"1436","2020-04-20",236,17,208,815,5254,0.186143890369242,0,0,413,1404,15,7375,49,1358,14,49
"1437","2020-04-21",236,17,194,833,5254,0.186143890369242,0,0,413,1404,14,7389,40,1398,14,40
"1438","2020-04-22",225,17,175,824,5254,0.186143890369242,0,0,413,1404,8,7397,26,1424,8,26
"1439","2020-04-23",232,17,177,835,5254,0.186143890369242,0,0,413,1404,14,7411,29,1453,11,29
"1440","2020-04-24",224,17,170,829,5254,0.186143890369242,0,0,413,1404,5,7416,21,1474,4,21
"1441","2020-04-25",222,17,186,820,5254,0.186143890369242,0,0,413,1404,4,7420,19,1493,4,19
"1442","2020-04-26",219,17,195,798,5254,0.186143890369242,0,0,413,1404,6,7426,35,1528,5,35
"1443","2020-04-27",226,17,193,779,5254,0.186143890369242,0,0,413,1404,11,7437,29,1557,7,29
"1444","2020-04-28",233,17,200,775,5254,0.186143890369242,0,0,413,1404,8,7445,33,1590,8,33
"1445","2020-04-29",237,17,203,783,5254,0.186143890369242,0,0,413,1404,5,7450,54,1644,3,54
"1446","2020-04-30",230,17,202,770,5254,0.186143890369242,0,0,413,1404,4,7454,41,1685,4,41
"1447","2020-05-01",230,17,184,759,5254,0.186143890369242,0,0,413,1404,1,7455,41,1726,1,41
"1448","2020-05-02",230,17,214,728,5254,0.186143890369242,0,0,413,1404,6,7461,53,1779,5,53
"1449","2020-05-03",230,17,267,699,5254,0.186143890369242,0,0,413,1404,6,7467,21,1800,4,21
"1450","2020-05-04",211,17,284,687,5254,0.186143890369242,0,0,413,1404,2,7469,29,1829,1,29
"1451","2020-05-05",200,17,261,672,5254,0.186143890369242,0,0,413,1404,5,7474,17,1846,4,17
"1452","2020-05-06",188,17,223,660,5254,0.186143890369242,0,0,413,1404,4,7478,24,1870,4,24
"1453","2020-05-07",193,17,233,648,5254,0.186143890369242,0,0,413,1404,6,7484,25,1895,1,25
"1454","2020-05-08",191,17,227,636,5254,0.186143890369242,0,0,413,1404,5,7489,21,1916,5,21
"1455","2020-05-09",182,17,229,644,5254,0.186143890369242,0,0,413,1404,2,7491,8,1924,1,8
"1456","2020-05-10",170,17,270,619,5254,0.186143890369242,0,0,413,1404,2,7493,15,1939,2,15
"1457","2020-05-11",175,17,266,619,5254,0.186143890369242,0,0,413,1404,4,7497,12,1951,2,12
"1458","2020-05-12",173,17,254,597,5254,0.186143890369242,0,0,413,1404,4,7501,18,1969,1,18
"1459","2020-05-13",178,17,252,570,5254,0.186143890369242,0,0,413,1404,1,7502,20,1989,1,20
"1460","2020-05-14",161,17,282,559,5254,0.186143890369242,0,0,413,1404,2,7504,48,2037,2,48
"1461","2020-05-15",148,17,272,537,5254,0.186143890369242,0,0,413,1404,3,7507,25,2062,2,25
"1462","2020-05-16",143,17,259,515,5254,0.186143890369242,0,0,413,1404,1,7508,41,2103,1,41
"1463","2020-05-17",145,17,232,483,5254,0.186143890369242,0,0,413,1404,4,7512,35,2138,2,35
"1464","2020-05-18",135,17,234,462,5254,0.186143890369242,0,0,413,1404,6,7518,9,2147,4,9
"1465","2020-05-19",126,17,220,453,5254,0.186143890369242,0,0,413,1404,1,7519,64,2211,NA,64
"1466","2020-05-20",120,17,199,434,5254,0.186143890369242,0,0,413,1404,1,7520,29,2240,1,29
"1467","2020-05-21",114,17,209,414,5254,0.186143890369242,0,0,413,1404,3,7523,19,2259,2,19
"1468","2020-05-22",117,17,197,410,5254,0.186143890369242,0,0,413,1404,3,7526,37,2296,3,37
"1469","2020-05-23",123,17,203,394,5254,0.186143890369242,0,0,413,1404,3,7529,59,2355,2,59
"1470","2020-05-24",115,17,192,392,5254,0.186143890369242,0,0,413,1404,1,7530,41,2396,NA,41
"1471","2020-05-25",118,17,172,397,5254,0.186143890369242,0,0,413,1404,1,7531,40,2436,1,40
"1472","2020-05-26",118,17,167,399,5254,0.186143890369242,0,0,413,1404,4,7535,28,2464,3,28
"1473","2020-05-27",113,17,158,397,5254,0.186143890369242,0,0,413,1404,3,7538,54,2518,2,54
"1474","2020-05-28",112,17,221,388,5254,0.186143890369242,0,0,413,1404,2,7540,24,2542,1,24
"1475","2020-05-29",110,17,263,374,5254,0.186143890369242,0,0,413,1404,1,7541,38,2580,NA,38
"1476","2020-05-30",108,17,249,374,5254,0.186143890369242,0,0,413,1404,5,7546,53,2633,3,53
"1477","2020-05-31",106,17,243,354,5254,0.186143890369242,0,0,413,1404,2,7548,52,2685,1,52
"1478","2020-06-01",101,17,254,352,5254,0.186143890369242,0,0,413,1404,2,7550,50,2735,1,50
"1479","2020-06-02",97,17,268,331,5254,0.186143890369242,0,0,413,1404,2,7552,28,2763,2,28
"1480","2020-06-03",99,17,301,312,5254,0.186143890369242,0,0,413,1404,1,7553,22,2785,NA,22
"1481","2020-06-04",96,17,280,287,5254,0.186143890369242,0,0,413,1404,NA,NA,24,2809,NA,24
"1482","2020-06-05",88,17,310,267,5254,0.186143890369242,0,0,413,1404,3,7556,17,2826,NA,17
"1483","2020-06-06",84,17,297,261,5254,0.186143890369242,0,0,413,1404,1,7557,19,2845,1,19
"1484","2020-06-07",76,17,312,243,5254,0.186143890369242,0,0,413,1404,1,7558,49,2894,1,49
"1485","2020-03-15",4,18,144,151,4384,0.485629562043796,0,0,375,1786,17,87,33,73,4,33
"1486","2020-03-16",12,18,133,194,4384,0.485629562043796,0,0,375,1786,23,110,50,123,12,50
"1487","2020-03-17",17,18,127,235,4384,0.485629562043796,0,0,375,1786,24,134,31,154,12,31
"1488","2020-03-18",25,18,176,286,4384,0.485629562043796,0,0,375,1786,23,157,48,202,11,48
"1489","2020-03-19",33,18,198,332,4384,0.485629562043796,0,0,375,1786,27,184,69,271,13,69
"1490","2020-03-20",44,18,223,369,4384,0.485629562043796,0,0,375,1786,25,209,65,336,7,65
"1491","2020-03-21",59,18,227,419,4384,0.485629562043796,0,0,375,1786,26,235,40,376,7,40
"1492","2020-03-22",76,18,215,447,4384,0.485629562043796,0,0,375,1786,31,266,13,389,14,13
"1493","2020-03-23",88,18,247,478,4384,0.485629562043796,0,0,375,1786,19,285,37,426,5,37
"1494","2020-03-24",99,18,241,523,4384,0.485629562043796,0,0,375,1786,23,308,24,450,9,24
"1495","2020-03-25",114,18,272,537,4384,0.485629562043796,0,0,375,1786,24,332,16,466,8,16
"1496","2020-03-26",136,18,281,569,4384,0.485629562043796,0,0,375,1786,24,356,10,476,5,10
"1497","2020-03-27",141,18,298,597,4384,0.485629562043796,0,0,375,1786,26,382,33,509,13,33
"1498","2020-03-28",143,18,288,621,4384,0.485629562043796,0,0,375,1786,35,417,46,555,15,46
"1499","2020-03-29",149,18,275,624,4384,0.485629562043796,0,0,375,1786,34,451,24,579,18,24
"1500","2020-03-30",157,18,238,640,4384,0.485629562043796,0,0,375,1786,37,488,14,593,17,14
"1501","2020-03-31",163,18,209,625,4384,0.485629562043796,0,0,375,1786,35,523,11,604,17,11
"1502","2020-04-01",159,18,228,638,4384,0.485629562043796,0,0,375,1786,33,556,46,650,15,46
"1503","2020-04-02",161,18,205,648,4384,0.485629562043796,0,0,375,1786,40,596,24,674,17,24
"1504","2020-04-03",163,18,208,647,4384,0.485629562043796,0,0,375,1786,32,628,65,739,14,65
"1505","2020-04-04",175,18,231,651,4384,0.485629562043796,0,0,375,1786,39,667,26,765,26,26
"1506","2020-04-05",181,18,230,659,4384,0.485629562043796,0,0,375,1786,35,702,22,787,14,22
"1507","2020-04-06",182,18,231,659,4384,0.485629562043796,0,0,375,1786,30,732,15,802,16,15
"1508","2020-04-07",186,18,208,681,4384,0.485629562043796,0,0,375,1786,35,767,32,834,19,32
"1509","2020-04-08",188,18,194,684,4384,0.485629562043796,0,0,375,1786,35,802,26,860,15,26
"1510","2020-04-09",192,18,200,696,4384,0.485629562043796,0,0,375,1786,29,831,19,879,14,19
"1511","2020-04-10",215,18,208,714,4384,0.485629562043796,0,0,375,1786,29,860,20,899,9,20
"1512","2020-04-11",214,18,209,719,4384,0.485629562043796,0,0,375,1786,29,889,23,922,13,23
"1513","2020-04-12",216,18,206,719,4384,0.485629562043796,0,0,375,1786,30,919,20,942,13,20
"1514","2020-04-13",215,18,187,721,4384,0.485629562043796,0,0,375,1786,40,959,33,975,21,33
"1515","2020-04-14",211,18,196,704,4384,0.485629562043796,0,0,375,1786,38,997,27,1002,19,27
"1516","2020-04-15",222,18,199,701,4384,0.485629562043796,0,0,375,1786,25,1022,33,1035,12,33
"1517","2020-04-16",211,18,210,710,4384,0.485629562043796,0,0,375,1786,45,1067,19,1054,26,19
"1518","2020-04-17",210,18,227,705,4384,0.485629562043796,0,0,375,1786,30,1097,42,1096,13,42
"1519","2020-04-18",211,18,274,696,4384,0.485629562043796,0,0,375,1786,26,1123,25,1121,8,25
"1520","2020-04-19",198,18,267,687,4384,0.485629562043796,0,0,375,1786,24,1147,34,1155,11,34
"1521","2020-04-20",198,18,252,692,4384,0.485629562043796,0,0,375,1786,26,1173,24,1179,5,24
"1522","2020-04-21",207,18,240,684,4384,0.485629562043796,0,0,375,1786,40,1213,37,1216,10,37
"1523","2020-04-22",199,18,257,673,4384,0.485629562043796,0,0,375,1786,28,1241,30,1246,9,30
"1524","2020-04-23",201,18,266,656,4384,0.485629562043796,0,0,375,1786,25,1266,13,1259,6,13
"1525","2020-04-24",194,18,293,656,4384,0.485629562043796,0,0,375,1786,35,1301,11,1270,7,11
"1526","2020-04-25",190,18,266,668,4384,0.485629562043796,0,0,375,1786,31,1332,14,1284,13,14
"1527","2020-04-26",192,18,254,677,4384,0.485629562043796,0,0,375,1786,27,1359,8,1292,7,8
"1528","2020-04-27",191,18,265,687,4384,0.485629562043796,0,0,375,1786,26,1385,13,1305,12,13
"1529","2020-04-28",184,18,261,683,4384,0.485629562043796,0,0,375,1786,30,1415,11,1316,3,11
"1530","2020-04-29",181,18,237,669,4384,0.485629562043796,0,0,375,1786,36,1451,23,1339,13,23
"1531","2020-04-30",185,18,274,663,4384,0.485629562043796,0,0,375,1786,34,1485,21,1360,15,21
"1532","2020-05-01",175,18,282,652,4384,0.485629562043796,0,0,375,1786,26,1511,26,1386,11,26
"1533","2020-05-02",177,18,272,641,4384,0.485629562043796,0,0,375,1786,26,1537,25,1411,11,25
"1534","2020-05-03",176,18,244,616,4384,0.485629562043796,0,0,375,1786,30,1567,21,1432,12,21
"1535","2020-05-04",169,18,224,598,4384,0.485629562043796,0,0,375,1786,24,1591,29,1461,8,29
"1536","2020-05-05",169,18,250,582,4384,0.485629562043796,0,0,375,1786,28,1619,19,1480,6,19
"1537","2020-05-06",170,18,237,569,4384,0.485629562043796,0,0,375,1786,36,1655,13,1493,13,13
"1538","2020-05-07",166,18,239,565,4384,0.485629562043796,0,0,375,1786,21,1676,38,1531,11,38
"1539","2020-05-08",170,18,264,545,4384,0.485629562043796,0,0,375,1786,39,1715,43,1574,17,43
"1540","2020-05-09",164,18,279,523,4384,0.485629562043796,0,0,375,1786,21,1736,60,1634,9,60
"1541","2020-05-10",163,18,284,505,4384,0.485629562043796,0,0,375,1786,23,1759,22,1656,5,22
"1542","2020-05-11",159,18,246,482,4384,0.485629562043796,0,0,375,1786,17,1776,31,1687,7,31
"1543","2020-05-12",144,18,241,470,4384,0.485629562043796,0,0,375,1786,25,1801,17,1704,13,17
"1544","2020-05-13",144,18,234,462,4384,0.485629562043796,0,0,375,1786,35,1836,13,1717,13,13
"1545","2020-05-14",132,18,211,454,4384,0.485629562043796,0,0,375,1786,22,1858,49,1766,7,49
"1546","2020-05-15",124,18,209,460,4384,0.485629562043796,0,0,375,1786,28,1886,46,1812,19,46
"1547","2020-05-16",119,18,211,450,4384,0.485629562043796,0,0,375,1786,28,1914,48,1860,8,48
"1548","2020-05-17",116,18,207,435,4384,0.485629562043796,0,0,375,1786,16,1930,14,1874,7,14
"1549","2020-05-18",114,18,211,412,4384,0.485629562043796,0,0,375,1786,13,1943,29,1903,5,29
"1550","2020-05-19",119,18,230,406,4384,0.485629562043796,0,0,375,1786,16,1959,31,1934,4,31
"1551","2020-05-20",114,18,219,396,4384,0.485629562043796,0,0,375,1786,26,1985,33,1967,15,33
"1552","2020-05-21",116,18,205,400,4384,0.485629562043796,0,0,375,1786,15,2000,38,2005,5,38
"1553","2020-05-22",110,18,202,384,4384,0.485629562043796,0,0,375,1786,19,2019,37,2042,7,37
"1554","2020-05-23",111,18,196,363,4384,0.485629562043796,0,0,375,1786,23,2042,58,2100,9,58
"1555","2020-05-24",101,18,181,365,4384,0.485629562043796,0,0,375,1786,23,2065,25,2125,7,25
"1556","2020-05-25",97,18,187,361,4384,0.485629562043796,0,0,375,1786,21,2086,17,2142,6,17
"1557","2020-05-26",93,18,223,348,4384,0.485629562043796,0,0,375,1786,22,2108,23,2165,10,23
"1558","2020-05-27",90,18,218,338,4384,0.485629562043796,0,0,375,1786,22,2130,20,2185,10,20
"1559","2020-05-28",86,18,210,345,4384,0.485629562043796,0,0,375,1786,18,2148,13,2198,6,13
"1560","2020-05-29",89,18,204,317,4384,0.485629562043796,0,0,375,1786,36,2184,12,2210,25,12
"1561","2020-05-30",82,18,232,317,4384,0.485629562043796,0,0,375,1786,16,2200,3,2213,5,3
"1562","2020-05-31",83,18,265,323,4384,0.485629562043796,0,0,375,1786,33,2233,11,2224,19,11
"1563","2020-06-01",83,18,285,315,4384,0.485629562043796,0,0,375,1786,31,2264,13,2237,21,13
"1564","2020-06-02",89,18,264,303,4384,0.485629562043796,0,0,375,1786,22,2286,34,2271,12,34
"1565","2020-06-03",91,18,238,302,4384,0.485629562043796,0,0,375,1786,27,2313,17,2288,18,17
"1566","2020-06-04",87,18,255,292,4384,0.485629562043796,0,0,375,1786,21,2334,37,2325,14,37
"1567","2020-06-05",81,18,248,297,4384,0.485629562043796,0,0,375,1786,29,2363,25,2350,17,25
"1568","2020-06-06",84,18,242,285,4384,0.485629562043796,0,0,375,1786,15,2378,30,2380,10,30
"1569","2020-06-07",85,18,248,284,4384,0.485629562043796,0,0,375,1786,18,2396,24,2404,12,24
"1570","2020-03-12",1,19,52,96,5247,0.180865256336954,0,0,453,958,45,84,34,86,1,34
"1571","2020-03-13",1,19,78,161,5247,0.180865256336954,0,0,453,958,54,138,60,146,4,60
"1572","2020-03-14",5,19,86,217,5247,0.180865256336954,0,0,453,958,56,194,63,209,15,63
"1573","2020-03-15",17,19,75,285,5247,0.180865256336954,0,0,453,958,73,267,28,237,14,28
"1574","2020-03-16",28,19,73,342,5247,0.180865256336954,0,0,453,958,66,333,9,246,11,9
"1575","2020-03-17",42,19,86,401,5247,0.180865256336954,0,0,453,958,76,409,9,255,26,9
"1576","2020-03-18",59,19,120,466,5247,0.180865256336954,0,0,453,958,64,473,11,266,19,11
"1577","2020-03-19",80,19,117,513,5247,0.180865256336954,0,0,453,958,84,557,26,292,33,26
"1578","2020-03-20",97,19,110,557,5247,0.180865256336954,0,0,453,958,72,629,61,353,26,61
"1579","2020-03-21",116,19,97,588,5247,0.180865256336954,0,0,453,958,75,704,30,383,26,30
"1580","2020-03-22",130,19,94,629,5247,0.180865256336954,0,0,453,958,86,790,64,447,36,64
"1581","2020-03-23",142,19,106,678,5247,0.180865256336954,0,0,453,958,103,893,50,497,37,50
"1582","2020-03-24",163,19,136,709,5247,0.180865256336954,0,0,453,958,86,979,32,529,25,32
"1583","2020-03-25",173,19,139,731,5247,0.180865256336954,0,0,453,958,70,1049,24,553,23,24
"1584","2020-03-26",169,19,172,740,5247,0.180865256336954,0,0,453,958,95,1144,26,579,37,26
"1585","2020-03-27",176,19,198,746,5247,0.180865256336954,0,0,453,958,91,1235,55,634,33,55
"1586","2020-03-28",189,19,211,749,5247,0.180865256336954,0,0,453,958,79,1314,65,699,28,65
"1587","2020-03-29",201,19,213,744,5247,0.180865256336954,0,0,453,958,83,1397,38,737,20,38
"1588","2020-03-30",214,19,200,723,5247,0.180865256336954,0,0,453,958,88,1485,31,768,30,31
"1589","2020-03-31",200,19,221,714,5247,0.180865256336954,0,0,453,958,77,1562,25,793,19,25
"1590","2020-04-01",202,19,252,726,5247,0.180865256336954,0,0,453,958,91,1653,46,839,28,46
"1591","2020-04-02",205,19,270,724,5247,0.180865256336954,0,0,453,958,88,1741,38,877,22,38
"1592","2020-04-03",210,19,248,731,5247,0.180865256336954,0,0,453,958,71,1812,27,904,27,27
"1593","2020-04-04",203,19,229,731,5247,0.180865256336954,0,0,453,958,101,1913,28,932,38,28
"1594","2020-04-05",199,19,217,754,5247,0.180865256336954,0,0,453,958,89,2002,29,961,40,29
"1595","2020-04-06",191,19,214,761,5247,0.180865256336954,0,0,453,958,96,2098,37,998,34,37
"1596","2020-04-07",201,19,192,751,5247,0.180865256336954,0,0,453,958,88,2186,21,1019,30,21
"1597","2020-04-08",194,19,183,772,5247,0.180865256336954,0,0,453,958,91,2277,12,1031,29,12
"1598","2020-04-09",206,19,163,782,5247,0.180865256336954,0,0,453,958,87,2364,32,1063,34,32
"1599","2020-04-10",208,19,162,786,5247,0.180865256336954,0,0,453,958,91,2455,47,1110,37,47
"1600","2020-04-11",208,19,227,818,5247,0.180865256336954,0,0,453,958,62,2517,41,1151,16,41
"1601","2020-04-12",206,19,232,832,5247,0.180865256336954,0,0,453,958,87,2604,15,1166,23,15
"1602","2020-04-13",201,19,256,847,5247,0.180865256336954,0,0,453,958,85,2689,13,1179,23,13
"1603","2020-04-14",214,19,262,838,5247,0.180865256336954,0,0,453,958,89,2778,27,1206,21,27
"1604","2020-04-15",222,19,257,844,5247,0.180865256336954,0,0,453,958,85,2863,37,1243,21,37
"1605","2020-04-16",219,19,274,850,5247,0.180865256336954,0,0,453,958,75,2938,56,1299,26,56
"1606","2020-04-17",223,19,299,845,5247,0.180865256336954,0,0,453,958,87,3025,46,1345,21,46
"1607","2020-04-18",227,19,266,843,5247,0.180865256336954,0,0,453,958,80,3105,23,1368,19,23
"1608","2020-04-19",221,19,277,854,5247,0.180865256336954,0,0,453,958,76,3181,23,1391,24,23
"1609","2020-04-20",230,19,258,844,5247,0.180865256336954,0,0,453,958,63,3244,16,1407,16,16
"1610","2020-04-21",224,19,243,834,5247,0.180865256336954,0,0,453,958,83,3327,18,1425,25,18
"1611","2020-04-22",243,19,235,819,5247,0.180865256336954,0,0,453,958,80,3407,19,1444,23,19
"1612","2020-04-23",231,19,234,800,5247,0.180865256336954,0,0,453,958,79,3486,18,1462,21,18
"1613","2020-04-24",221,19,239,778,5247,0.180865256336954,0,0,453,958,79,3565,26,1488,21,26
"1614","2020-04-25",212,19,231,751,5247,0.180865256336954,0,0,453,958,72,3637,46,1534,20,46
"1615","2020-04-26",215,19,234,733,5247,0.180865256336954,0,0,453,958,73,3710,26,1560,18,26
"1616","2020-04-27",208,19,230,734,5247,0.180865256336954,0,0,453,958,70,3780,40,1600,19,40
"1617","2020-04-28",202,19,284,705,5247,0.180865256336954,0,0,453,958,70,3850,35,1635,9,35
"1618","2020-04-29",185,19,285,687,5247,0.180865256336954,0,0,453,958,69,3919,51,1686,18,51
"1619","2020-04-30",194,19,256,666,5247,0.180865256336954,0,0,453,958,54,3973,20,1706,9,20
"1620","2020-05-01",197,19,216,673,5247,0.180865256336954,0,0,453,958,54,4027,38,1744,10,38
"1621","2020-05-02",201,19,206,656,5247,0.180865256336954,0,0,453,958,47,4074,13,1757,6,13
"1622","2020-05-03",199,19,191,640,5247,0.180865256336954,0,0,453,958,37,4111,15,1772,4,15
"1623","2020-05-04",190,19,192,632,5247,0.180865256336954,0,0,453,958,51,4162,24,1796,8,24
"1624","2020-05-05",184,19,183,613,5247,0.180865256336954,0,0,453,958,66,4228,17,1813,14,17
"1625","2020-05-06",175,19,169,601,5247,0.180865256336954,0,0,453,958,47,4275,53,1866,8,53
"1626","2020-05-07",178,19,164,597,5247,0.180865256336954,0,0,453,958,40,4315,33,1899,5,33
"1627","2020-05-08",176,19,153,607,5247,0.180865256336954,0,0,453,958,52,4367,65,1964,11,65
"1628","2020-05-09",166,19,152,603,5247,0.180865256336954,0,0,453,958,53,4420,30,1994,11,30
"1629","2020-05-10",162,19,223,591,5247,0.180865256336954,0,0,453,958,41,4461,31,2025,8,31
"1630","2020-05-11",164,19,221,575,5247,0.180865256336954,0,0,453,958,47,4508,45,2070,10,45
"1631","2020-05-12",154,19,203,568,5247,0.180865256336954,0,0,453,958,41,4549,36,2106,7,36
"1632","2020-05-13",152,19,190,554,5247,0.180865256336954,0,0,453,958,43,4592,20,2126,7,20
"1633","2020-05-14",138,19,185,556,5247,0.180865256336954,0,0,453,958,39,4631,13,2139,6,13
"1634","2020-05-15",142,19,188,545,5247,0.180865256336954,0,0,453,958,33,4664,9,2148,4,9
"1635","2020-05-16",147,19,214,530,5247,0.180865256336954,0,0,453,958,45,4709,19,2167,12,19
"1636","2020-05-17",141,19,206,526,5247,0.180865256336954,0,0,453,958,37,4746,65,2232,9,65
"1637","2020-05-18",148,19,195,508,5247,0.180865256336954,0,0,453,958,43,4789,55,2287,9,55
"1638","2020-05-19",151,19,175,500,5247,0.180865256336954,0,0,453,958,39,4828,62,2349,11,62
"1639","2020-05-20",153,19,161,471,5247,0.180865256336954,0,0,453,958,30,4858,31,2380,2,31
"1640","2020-05-21",157,19,174,461,5247,0.180865256336954,0,0,453,958,36,4894,26,2406,9,26
"1641","2020-05-22",141,19,201,442,5247,0.180865256336954,0,0,453,958,29,4923,29,2435,5,29
"1642","2020-05-23",130,19,208,416,5247,0.180865256336954,0,0,453,958,31,4954,70,2505,8,70
"1643","2020-05-24",131,19,194,402,5247,0.180865256336954,0,0,453,958,19,4973,23,2528,7,23
"1644","2020-05-25",124,19,198,386,5247,0.180865256336954,0,0,453,958,23,4996,13,2541,9,13
"1645","2020-05-26",114,19,183,384,5247,0.180865256336954,0,0,453,958,21,5017,15,2556,5,15
"1646","2020-05-27",103,19,194,378,5247,0.180865256336954,0,0,453,958,25,5042,12,2568,5,12
"1647","2020-05-28",100,19,179,371,5247,0.180865256336954,0,0,453,958,20,5062,18,2586,5,18
"1648","2020-05-29",98,19,186,359,5247,0.180865256336954,0,0,453,958,26,5088,52,2638,7,52
"1649","2020-05-30",104,19,212,361,5247,0.180865256336954,0,0,453,958,19,5107,22,2660,3,22
"1650","2020-05-31",109,19,205,356,5247,0.180865256336954,0,0,453,958,22,5129,29,2689,8,29
"1651","2020-06-01",105,19,194,345,5247,0.180865256336954,0,0,453,958,21,5150,43,2732,7,43
"1652","2020-06-02",107,19,173,338,5247,0.180865256336954,0,0,453,958,18,5168,23,2755,4,23
"1653","2020-06-03",111,19,196,334,5247,0.180865256336954,0,0,453,958,25,5193,24,2779,3,24
"1654","2020-06-04",105,19,211,314,5247,0.180865256336954,0,0,453,958,24,5217,53,2832,6,53
"1655","2020-06-05",105,19,200,307,5247,0.180865256336954,0,0,453,958,11,5228,42,2874,2,42
"1656","2020-06-06",97,19,197,300,5247,0.180865256336954,0,0,453,958,14,5242,50,2924,2,50
"1657","2020-06-07",85,19,183,287,5247,0.180865256336954,0,0,453,958,14,5256,32,2956,1,32
"1658","2020-03-13",1,20,139,44,5224,0.81604134762634,0,0,493,1560,21,77,22,58,3,22
"1659","2020-03-14",1,20,185,65,5224,0.81604134762634,0,0,493,1560,29,106,13,71,10,13
"1660","2020-03-15",6,20,212,84,5224,0.81604134762634,0,0,493,1560,28,134,29,100,10,29
"1661","2020-03-16",8,20,215,111,5224,0.81604134762634,0,0,493,1560,33,167,39,139,16,39
"1662","2020-03-17",10,20,248,147,5224,0.81604134762634,0,0,493,1560,34,201,29,168,11,29
"1663","2020-03-18",12,20,287,180,5224,0.81604134762634,0,0,493,1560,30,231,27,195,15,27
"1664","2020-03-19",16,20,324,205,5224,0.81604134762634,0,0,493,1560,45,276,35,230,23,35
"1665","2020-03-20",24,20,323,255,5224,0.81604134762634,0,0,493,1560,49,325,38,268,25,38
"1666","2020-03-21",35,20,303,300,5224,0.81604134762634,0,0,493,1560,61,386,39,307,27,39
"1667","2020-03-22",43,20,303,334,5224,0.81604134762634,0,0,493,1560,50,436,50,357,30,50
"1668","2020-03-23",54,20,305,375,5224,0.81604134762634,0,0,493,1560,38,474,59,416,12,59
"1669","2020-03-24",68,20,288,430,5224,0.81604134762634,0,0,493,1560,35,509,58,474,20,58
"1670","2020-03-25",81,20,275,453,5224,0.81604134762634,0,0,493,1560,32,541,45,519,16,45
"1671","2020-03-26",89,20,252,524,5224,0.81604134762634,0,0,493,1560,32,573,40,559,11,40
"1672","2020-03-27",97,20,225,581,5224,0.81604134762634,0,0,493,1560,28,601,50,609,10,50
"1673","2020-03-28",105,20,206,618,5224,0.81604134762634,0,0,493,1560,44,645,45,654,24,45
"1674","2020-03-29",122,20,203,679,5224,0.81604134762634,0,0,493,1560,48,693,41,695,15,41
"1675","2020-03-30",132,20,188,731,5224,0.81604134762634,0,0,493,1560,42,735,35,730,17,35
"1676","2020-03-31",145,20,184,776,5224,0.81604134762634,0,0,493,1560,42,777,29,759,16,29
"1677","2020-04-01",172,20,178,841,5224,0.81604134762634,0,0,493,1560,33,810,30,789,16,30
"1678","2020-04-02",190,20,239,882,5224,0.81604134762634,0,0,493,1560,39,849,29,818,16,29
"1679","2020-04-03",207,20,248,928,5224,0.81604134762634,0,0,493,1560,41,890,34,852,11,34
"1680","2020-04-04",229,20,231,969,5224,0.81604134762634,0,0,493,1560,33,923,29,881,16,29
"1681","2020-04-05",249,20,207,1008,5224,0.81604134762634,0,0,493,1560,49,972,24,905,19,24
"1682","2020-04-06",272,20,175,1034,5224,0.81604134762634,0,0,493,1560,41,1013,43,948,15,43
"1683","2020-04-07",285,20,168,1104,5224,0.81604134762634,0,0,493,1560,48,1061,69,1017,16,69
"1684","2020-04-08",290,20,170,1176,5224,0.81604134762634,0,0,493,1560,26,1087,48,1065,11,48
"1685","2020-04-09",304,20,206,1190,5224,0.81604134762634,0,0,493,1560,41,1128,42,1107,19,42
"1686","2020-04-10",322,20,207,1189,5224,0.81604134762634,0,0,493,1560,46,1174,60,1167,15,60
"1687","2020-04-11",330,20,190,1205,5224,0.81604134762634,0,0,493,1560,44,1218,52,1219,13,52
"1688","2020-04-12",324,20,171,1219,5224,0.81604134762634,0,0,493,1560,45,1263,36,1255,15,36
"1689","2020-04-13",339,20,152,1225,5224,0.81604134762634,0,0,493,1560,38,1301,40,1295,17,40
"1690","2020-04-14",351,20,170,1205,5224,0.81604134762634,0,0,493,1560,38,1339,50,1345,15,50
"1691","2020-04-15",349,20,215,1206,5224,0.81604134762634,0,0,493,1560,44,1383,28,1373,11,28
"1692","2020-04-16",346,20,246,1187,5224,0.81604134762634,0,0,493,1560,43,1426,49,1422,8,49
"1693","2020-04-17",350,20,256,1190,5224,0.81604134762634,0,0,493,1560,34,1460,40,1462,3,40
"1694","2020-04-18",357,20,236,1174,5224,0.81604134762634,0,0,493,1560,42,1502,30,1492,8,30
"1695","2020-04-19",360,20,238,1180,5224,0.81604134762634,0,0,493,1560,46,1548,51,1543,17,51
"1696","2020-04-20",354,20,299,1145,5224,0.81604134762634,0,0,493,1560,43,1591,55,1598,9,55
"1697","2020-04-21",344,20,323,1096,5224,0.81604134762634,0,0,493,1560,26,1617,39,1637,9,39
"1698","2020-04-22",337,20,335,1071,5224,0.81604134762634,0,0,493,1560,51,1668,53,1690,17,53
"1699","2020-04-23",319,20,336,1050,5224,0.81604134762634,0,0,493,1560,34,1702,42,1732,6,42
"1700","2020-04-24",305,20,309,1037,5224,0.81604134762634,0,0,493,1560,35,1737,46,1778,9,46
"1701","2020-04-25",292,20,289,1027,5224,0.81604134762634,0,0,493,1560,38,1775,32,1810,20,32
"1702","2020-04-26",286,20,283,978,5224,0.81604134762634,0,0,493,1560,32,1807,57,1867,9,57
"1703","2020-04-27",279,20,287,937,5224,0.81604134762634,0,0,493,1560,37,1844,62,1929,13,62
"1704","2020-04-28",270,20,269,892,5224,0.81604134762634,0,0,493,1560,41,1885,44,1973,13,44
"1705","2020-04-29",275,20,249,857,5224,0.81604134762634,0,0,493,1560,40,1925,38,2011,10,38
"1706","2020-04-30",283,20,293,811,5224,0.81604134762634,0,0,493,1560,43,1968,62,2073,17,62
"1707","2020-05-01",286,20,280,767,5224,0.81604134762634,0,0,493,1560,36,2004,64,2137,13,64
"1708","2020-05-02",272,20,251,734,5224,0.81604134762634,0,0,493,1560,43,2047,57,2194,7,57
"1709","2020-05-03",257,20,239,700,5224,0.81604134762634,0,0,493,1560,33,2080,40,2234,8,40
"1710","2020-05-04",239,20,219,661,5224,0.81604134762634,0,0,493,1560,33,2113,43,2277,8,43
"1711","2020-05-05",227,20,216,633,5224,0.81604134762634,0,0,493,1560,23,2136,43,2320,5,43
"1712","2020-05-06",207,20,225,608,5224,0.81604134762634,0,0,493,1560,34,2170,43,2363,12,43
"1713","2020-05-07",204,20,226,582,5224,0.81604134762634,0,0,493,1560,31,2201,64,2427,8,64
"1714","2020-05-08",178,20,231,544,5224,0.81604134762634,0,0,493,1560,36,2237,40,2467,8,40
"1715","2020-05-09",167,20,198,510,5224,0.81604134762634,0,0,493,1560,32,2269,44,2511,11,44
"1716","2020-05-10",160,20,183,487,5224,0.81604134762634,0,0,493,1560,34,2303,47,2558,12,47
"1717","2020-05-11",148,20,165,474,5224,0.81604134762634,0,0,493,1560,34,2337,42,2600,12,42
"1718","2020-05-12",150,20,154,479,5224,0.81604134762634,0,0,493,1560,32,2369,50,2650,9,50
"1719","2020-05-13",146,20,149,461,5224,0.81604134762634,0,0,493,1560,31,2400,59,2709,10,59
"1720","2020-05-14",128,20,171,455,5224,0.81604134762634,0,0,493,1560,38,2438,66,2775,12,66
"1721","2020-05-15",131,20,214,444,5224,0.81604134762634,0,0,493,1560,23,2461,60,2835,8,60
"1722","2020-05-16",135,20,223,444,5224,0.81604134762634,0,0,493,1560,34,2495,65,2900,7,65
"1723","2020-05-17",137,20,231,447,5224,0.81604134762634,0,0,493,1560,14,2509,63,2963,6,63
"1724","2020-05-18",141,20,270,425,5224,0.81604134762634,0,0,493,1560,32,2541,58,3021,14,58
"1725","2020-05-19",128,20,275,401,5224,0.81604134762634,0,0,493,1560,32,2573,51,3072,8,51
"1726","2020-05-20",126,20,301,394,5224,0.81604134762634,0,0,493,1560,21,2594,68,3140,5,68
"1727","2020-05-21",127,20,276,375,5224,0.81604134762634,0,0,493,1560,23,2617,42,3182,12,42
"1728","2020-05-22",124,20,275,353,5224,0.81604134762634,0,0,493,1560,31,2648,30,3212,10,30
"1729","2020-05-23",117,20,245,340,5224,0.81604134762634,0,0,493,1560,21,2669,56,3268,5,56
"1730","2020-05-24",110,20,236,316,5224,0.81604134762634,0,0,493,1560,23,2692,38,3306,10,38
"1731","2020-05-25",103,20,249,301,5224,0.81604134762634,0,0,493,1560,22,2714,54,3360,7,54
"1732","2020-05-26",100,20,258,289,5224,0.81604134762634,0,0,493,1560,20,2734,32,3392,9,32
"1733","2020-05-27",94,20,246,268,5224,0.81604134762634,0,0,493,1560,23,2757,25,3417,5,25
"1734","2020-05-28",91,20,241,251,5224,0.81604134762634,0,0,493,1560,31,2788,39,3456,14,39
"1735","2020-05-29",76,20,221,245,5224,0.81604134762634,0,0,493,1560,25,2813,42,3498,10,42
"1736","2020-05-30",71,20,203,242,5224,0.81604134762634,0,0,493,1560,26,2839,44,3542,9,44
"1737","2020-05-31",70,20,170,240,5224,0.81604134762634,0,0,493,1560,22,2861,36,3578,8,36
"1738","2020-06-01",72,20,173,228,5224,0.81604134762634,0,0,493,1560,28,2889,19,3597,12,19
"1739","2020-06-02",74,20,207,205,5224,0.81604134762634,0,0,493,1560,23,2912,34,3631,10,34
"1740","2020-06-03",73,20,247,204,5224,0.81604134762634,0,0,493,1560,19,2931,39,3670,11,39
"1741","2020-06-04",75,20,278,203,5224,0.81604134762634,0,0,493,1560,12,2943,46,3716,6,46
"1742","2020-06-05",80,20,233,202,5224,0.81604134762634,0,0,493,1560,28,2971,52,3768,10,52
"1743","2020-06-06",78,20,212,195,5224,0.81604134762634,0,0,493,1560,24,2995,63,3831,10,63
"1744","2020-06-07",73,20,198,197,5224,0.81604134762634,0,0,493,1560,26,3021,45,3876,18,45
