"","Date","Absents","Paramset","Infections_or_Exposed_per_day_Patient","Infections_or_Exposed_per_day_HCW","total_infections","nosocomial_proportion","PCR_pooled","LFD_pooled","HCW_symp_test","patient_symp_test","new_hcw_infs","cumulative_hcw_infs","new_pat_infs","cumulative_pats_infs","new_nosocomial_hcw_infs","new_nosocomial_pat_infs"
"1","2020-03-12",2,1,26,93,7606,0.66066263476203,0,0,732,647,47,93,6,14,1,6
"2","2020-03-13",10,1,37,131,7606,0.66066263476203,0,0,732,647,38,131,10,24,6,10
"3","2020-03-14",14,1,55,182,7606,0.66066263476203,0,0,732,647,51,182,20,44,13,20
"4","2020-03-15",19,1,63,253,7606,0.66066263476203,0,0,732,647,71,253,10,54,23,10
"5","2020-03-16",29,1,82,316,7606,0.66066263476203,0,0,732,647,64,317,19,73,25,19
"6","2020-03-17",39,1,104,394,7606,0.66066263476203,0,0,732,647,80,397,33,106,41,33
"7","2020-03-18",49,1,116,496,7606,0.66066263476203,0,0,732,647,107,504,29,135,62,29
"8","2020-03-19",69,1,124,577,7606,0.66066263476203,0,0,732,647,92,596,29,164,50,29
"9","2020-03-20",83,1,139,665,7606,0.66066263476203,0,0,732,647,105,701,39,203,60,39
"10","2020-03-21",104,1,147,781,7606,0.66066263476203,0,0,732,647,139,840,18,221,97,18
"11","2020-03-22",136,1,145,881,7606,0.66066263476203,0,0,732,647,122,962,29,250,89,29
"12","2020-03-23",160,1,167,1008,7606,0.66066263476203,0,0,732,647,157,1119,38,288,117,38
"13","2020-03-24",182,1,160,1117,7606,0.66066263476203,0,0,732,647,165,1284,26,314,121,26
"14","2020-03-25",217,1,153,1223,7606,0.66066263476203,0,0,732,647,167,1451,23,337,132,23
"15","2020-03-26",240,1,133,1402,7606,0.66066263476203,0,0,732,647,234,1685,12,349,179,12
"16","2020-03-27",275,1,122,1506,7606,0.66066263476203,0,0,732,647,178,1863,21,370,145,21
"17","2020-03-28",310,1,115,1687,7606,0.66066263476203,0,0,732,647,256,2119,11,381,219,11
"18","2020-03-29",343,1,132,1783,7606,0.66066263476203,0,0,732,647,181,2300,38,419,146,38
"19","2020-03-30",379,1,126,1883,7606,0.66066263476203,0,0,732,647,214,2514,22,441,177,22
"20","2020-03-31",440,1,129,1985,7606,0.66066263476203,0,0,732,647,219,2733,19,460,188,19
"21","2020-04-01",474,1,115,2070,7606,0.66066263476203,0,0,732,647,207,2940,10,470,163,10
"22","2020-04-02",503,1,101,2154,7606,0.66066263476203,0,0,732,647,225,3165,14,484,187,14
"23","2020-04-03",527,1,101,2164,7606,0.66066263476203,0,0,732,647,162,3327,15,499,134,15
"24","2020-04-04",550,1,95,2163,7606,0.66066263476203,0,0,732,647,168,3495,14,513,140,14
"25","2020-04-05",559,1,139,2154,7606,0.66066263476203,0,0,732,647,161,3656,45,558,119,45
"26","2020-04-06",566,1,138,2152,7606,0.66066263476203,0,0,732,647,191,3847,24,582,162,24
"27","2020-04-07",547,1,173,2138,7606,0.66066263476203,0,0,732,647,166,4013,50,632,131,50
"28","2020-04-08",561,1,186,2089,7606,0.66066263476203,0,0,732,647,171,4184,41,673,133,41
"29","2020-04-09",579,1,189,2071,7606,0.66066263476203,0,0,732,647,169,4353,32,705,136,32
"30","2020-04-10",566,1,176,2027,7606,0.66066263476203,0,0,732,647,177,4530,22,727,148,22
"31","2020-04-11",551,1,150,1994,7606,0.66066263476203,0,0,732,647,147,4677,11,738,112,11
"32","2020-04-12",560,1,135,1952,7606,0.66066263476203,0,0,732,647,159,4836,17,755,125,17
"33","2020-04-13",582,1,177,1904,7606,0.66066263476203,0,0,732,647,138,4974,52,807,109,52
"34","2020-04-14",577,1,211,1853,7606,0.66066263476203,0,0,732,647,114,5088,55,862,94,55
"35","2020-04-15",554,1,226,1800,7606,0.66066263476203,0,0,732,647,122,5210,42,904,93,42
"36","2020-04-16",528,1,226,1787,7606,0.66066263476203,0,0,732,647,165,5375,46,950,136,46
"37","2020-04-17",529,1,208,1733,7606,0.66066263476203,0,0,732,647,116,5491,28,978,93,28
"38","2020-04-18",528,1,202,1681,7606,0.66066263476203,0,0,732,647,114,5605,24,1002,83,24
"39","2020-04-19",512,1,213,1587,7606,0.66066263476203,0,0,732,647,85,5690,45,1047,67,45
"40","2020-04-20",479,1,215,1520,7606,0.66066263476203,0,0,732,647,77,5767,38,1085,55,38
"41","2020-04-21",469,1,241,1440,7606,0.66066263476203,0,0,732,647,81,5848,53,1138,63,53
"42","2020-04-22",455,1,249,1368,7606,0.66066263476203,0,0,732,647,71,5919,48,1186,58,48
"43","2020-04-23",439,1,265,1250,7606,0.66066263476203,0,0,732,647,54,5973,51,1237,42,51
"44","2020-04-24",417,1,232,1168,7606,0.66066263476203,0,0,732,647,71,6044,35,1272,47,35
"45","2020-04-25",397,1,206,1088,7606,0.66066263476203,0,0,732,647,69,6113,25,1297,46,25
"46","2020-04-26",360,1,192,1009,7606,0.66066263476203,0,0,732,647,53,6166,22,1319,37,22
"47","2020-04-27",336,1,190,912,7606,0.66066263476203,0,0,732,647,45,6211,29,1348,32,29
"48","2020-04-28",313,1,186,844,7606,0.66066263476203,0,0,732,647,33,6244,25,1373,22,25
"49","2020-04-29",293,1,168,785,7606,0.66066263476203,0,0,732,647,42,6286,15,1388,26,15
"50","2020-04-30",264,1,179,716,7606,0.66066263476203,0,0,732,647,36,6322,27,1415,19,27
"51","2020-05-01",240,1,177,676,7606,0.66066263476203,0,0,732,647,35,6357,23,1438,17,23
"52","2020-05-02",220,1,187,624,7606,0.66066263476203,0,0,732,647,35,6392,43,1481,15,43
"53","2020-05-03",208,1,191,575,7606,0.66066263476203,0,0,732,647,34,6426,27,1508,20,27
"54","2020-05-04",190,1,217,532,7606,0.66066263476203,0,0,732,647,25,6451,54,1562,15,54
"55","2020-05-05",171,1,249,483,7606,0.66066263476203,0,0,732,647,22,6473,67,1629,10,67
"56","2020-05-06",159,1,236,449,7606,0.66066263476203,0,0,732,647,24,6497,29,1658,12,29
"57","2020-05-07",152,1,226,436,7606,0.66066263476203,0,0,732,647,31,6528,35,1693,16,35
"58","2020-05-08",142,1,205,398,7606,0.66066263476203,0,0,732,647,15,6543,27,1720,6,27
"59","2020-05-09",126,1,199,386,7606,0.66066263476203,0,0,732,647,33,6576,20,1740,13,20
"60","2020-05-10",114,1,198,360,7606,0.66066263476203,0,0,732,647,23,6599,26,1766,11,26
"61","2020-05-11",103,1,203,336,7606,0.66066263476203,0,0,732,647,12,6611,37,1803,8,37
"62","2020-05-12",105,1,198,311,7606,0.66066263476203,0,0,732,647,20,6631,29,1832,12,29
"63","2020-05-13",100,1,181,296,7606,0.66066263476203,0,0,732,647,20,6651,21,1853,13,21
"64","2020-05-14",93,1,165,284,7606,0.66066263476203,0,0,732,647,23,6674,20,1873,10,20
"65","2020-05-15",92,1,164,276,7606,0.66066263476203,0,0,732,647,12,6686,24,1897,4,24
"66","2020-05-16",93,1,159,255,7606,0.66066263476203,0,0,732,647,13,6699,15,1912,5,15
"67","2020-05-17",89,1,161,242,7606,0.66066263476203,0,0,732,647,17,6716,35,1947,10,35
"68","2020-05-18",86,1,164,229,7606,0.66066263476203,0,0,732,647,15,6731,22,1969,6,22
"69","2020-05-19",74,1,161,210,7606,0.66066263476203,0,0,732,647,9,6740,20,1989,4,20
"70","2020-05-20",65,1,168,199,7606,0.66066263476203,0,0,732,647,14,6754,30,2019,6,30
"71","2020-05-21",64,1,169,187,7606,0.66066263476203,0,0,732,647,11,6765,28,2047,3,28
"72","2020-05-22",58,1,174,182,7606,0.66066263476203,0,0,732,647,17,6782,25,2072,11,25
"73","2020-05-23",55,1,168,178,7606,0.66066263476203,0,0,732,647,14,6796,21,2093,7,21
"74","2020-05-24",57,1,181,162,7606,0.66066263476203,0,0,732,647,9,6805,44,2137,2,44
"75","2020-05-25",53,1,178,155,7606,0.66066263476203,0,0,732,647,12,6817,22,2159,4,22
"76","2020-05-26",52,1,165,154,7606,0.66066263476203,0,0,732,647,9,6826,17,2176,2,17
"77","2020-05-27",46,1,163,146,7606,0.66066263476203,0,0,732,647,7,6833,25,2201,2,25
"78","2020-05-28",46,1,161,141,7606,0.66066263476203,0,0,732,647,9,6842,20,2221,2,20
"79","2020-05-29",46,1,162,135,7606,0.66066263476203,0,0,732,647,8,6850,32,2253,5,32
"80","2020-05-30",41,1,188,125,7606,0.66066263476203,0,0,732,647,6,6856,44,2297,4,44
"81","2020-05-31",36,1,187,124,7606,0.66066263476203,0,0,732,647,15,6871,28,2325,6,28
"82","2020-06-01",34,1,179,118,7606,0.66066263476203,0,0,732,647,8,6879,27,2352,4,27
"83","2020-06-02",32,1,169,113,7606,0.66066263476203,0,0,732,647,8,6887,25,2377,4,25
"84","2020-06-03",34,1,158,107,7606,0.66066263476203,0,0,732,647,6,6893,20,2397,1,20
"85","2020-06-04",31,1,152,100,7606,0.66066263476203,0,0,732,647,2,6895,22,2419,1,22
"86","2020-06-05",34,1,146,94,7606,0.66066263476203,0,0,732,647,7,6902,18,2437,3,18
"87","2020-06-06",32,1,143,90,7606,0.66066263476203,0,0,732,647,4,6906,22,2459,NA,22
"88","2020-06-07",33,1,129,86,7606,0.66066263476203,0,0,732,647,6,6912,9,2468,2,9
"89","2020-03-14",3,2,65,100,4929,0.628727936701156,0,0,396,394,37,140,13,46,7,13
"90","2020-03-15",5,2,71,141,4929,0.628727936701156,0,0,396,394,41,181,11,57,12,11
"91","2020-03-16",9,2,65,178,4929,0.628727936701156,0,0,396,394,40,221,9,66,10,9
"92","2020-03-17",16,2,60,215,4929,0.628727936701156,0,0,396,394,44,265,15,81,17,15
"93","2020-03-18",26,2,58,251,4929,0.628727936701156,0,0,396,394,57,322,7,88,23,7
"94","2020-03-19",40,2,65,284,4929,0.628727936701156,0,0,396,394,41,363,19,107,14,19
"95","2020-03-20",48,2,62,318,4929,0.628727936701156,0,0,396,394,51,414,13,120,16,13
"96","2020-03-21",59,2,52,369,4929,0.628727936701156,0,0,396,394,41,455,28,148,13,28
"97","2020-03-22",72,2,47,415,4929,0.628727936701156,0,0,396,394,56,511,27,175,27,27
"98","2020-03-23",87,2,43,466,4929,0.628727936701156,0,0,396,394,60,571,23,198,23,23
"99","2020-03-24",105,2,66,523,4929,0.628727936701156,0,0,396,394,52,623,19,217,14,19
"100","2020-03-25",120,2,92,557,4929,0.628727936701156,0,0,396,394,64,687,30,247,24,30
"101","2020-03-26",131,2,84,594,4929,0.628727936701156,0,0,396,394,62,749,27,274,20,27
"102","2020-03-27",142,2,76,629,4929,0.628727936701156,0,0,396,394,42,791,28,302,17,28
"103","2020-03-28",150,2,73,654,4929,0.628727936701156,0,0,396,394,40,831,33,335,18,33
"104","2020-03-29",168,2,69,694,4929,0.628727936701156,0,0,396,394,55,886,51,386,13,51
"105","2020-03-30",181,2,65,719,4929,0.628727936701156,0,0,396,394,72,958,40,426,24,40
"106","2020-03-31",184,2,85,757,4929,0.628727936701156,0,0,396,394,51,1009,32,458,15,32
"107","2020-04-01",187,2,109,799,4929,0.628727936701156,0,0,396,394,47,1056,26,484,18,26
"108","2020-04-02",188,2,108,827,4929,0.628727936701156,0,0,396,394,66,1122,37,521,26,37
"109","2020-04-03",197,2,112,854,4929,0.628727936701156,0,0,396,394,64,1186,19,540,24,19
"110","2020-04-04",215,2,136,877,4929,0.628727936701156,0,0,396,394,46,1232,25,565,15,25
"111","2020-04-05",221,2,157,907,4929,0.628727936701156,0,0,396,394,51,1283,18,583,20,18
"112","2020-04-06",219,2,173,924,4929,0.628727936701156,0,0,396,394,55,1338,24,607,18,24
"113","2020-04-07",229,2,173,929,4929,0.628727936701156,0,0,396,394,63,1401,16,623,23,17
"114","2020-04-08",237,2,181,957,4929,0.628727936701156,0,0,396,394,73,1474,18,641,20,18
"115","2020-04-09",252,2,177,959,4929,0.628727936701156,0,0,396,394,62,1536,27,668,24,27
"116","2020-04-10",251,2,165,968,4929,0.628727936701156,0,0,396,394,53,1589,42,710,17,42
"117","2020-04-11",247,2,159,983,4929,0.628727936701156,0,0,396,394,64,1653,40,750,18,40
"118","2020-04-12",243,2,175,973,4929,0.628727936701156,0,0,396,394,61,1714,27,777,13,27
"119","2020-04-13",258,2,161,955,4929,0.628727936701156,0,0,396,394,72,1786,31,808,23,31
"120","2020-04-14",261,2,140,978,4929,0.628727936701156,0,0,396,394,54,1840,38,846,19,38
"121","2020-04-15",264,2,154,974,4929,0.628727936701156,0,0,396,394,61,1901,30,876,16,30
"122","2020-04-16",255,2,145,952,4929,0.628727936701156,0,0,396,394,67,1968,44,920,22,44
"123","2020-04-17",261,2,139,931,4929,0.628727936701156,0,0,396,394,62,2030,47,967,15,47
"124","2020-04-18",262,2,134,913,4929,0.628727936701156,0,0,396,394,50,2080,35,1002,14,35
"125","2020-04-19",262,2,140,923,4929,0.628727936701156,0,0,396,394,51,2131,48,1050,12,48
"126","2020-04-20",264,2,159,910,4929,0.628727936701156,0,0,396,394,63,2194,49,1099,21,49
"127","2020-04-21",263,2,155,915,4929,0.628727936701156,0,0,396,394,60,2254,48,1147,24,48
"128","2020-04-22",253,2,155,894,4929,0.628727936701156,0,0,396,394,53,2307,46,1193,12,46
"129","2020-04-23",262,2,155,890,4929,0.628727936701156,0,0,396,394,47,2354,40,1233,12,40
"130","2020-04-24",260,2,150,842,4929,0.628727936701156,0,0,396,394,61,2415,51,1284,22,51
"131","2020-04-25",257,2,138,827,4929,0.628727936701156,0,0,396,394,53,2468,42,1326,17,42
"132","2020-04-26",254,2,144,810,4929,0.628727936701156,0,0,396,394,58,2526,41,1367,15,41
"133","2020-04-27",245,2,144,792,4929,0.628727936701156,0,0,396,394,42,2568,35,1402,10,35
"134","2020-04-28",237,2,138,774,4929,0.628727936701156,0,0,396,394,45,2613,57,1459,13,57
"135","2020-04-29",235,2,139,760,4929,0.628727936701156,0,0,396,394,49,2662,33,1492,12,33
"136","2020-04-30",225,2,121,749,4929,0.628727936701156,0,0,396,394,56,2718,28,1520,15,28
"137","2020-05-01",224,2,130,750,4929,0.628727936701156,0,0,396,394,56,2774,46,1566,15,46
"138","2020-05-02",214,2,147,719,4929,0.628727936701156,0,0,396,394,55,2829,39,1605,9,39
"139","2020-05-03",201,2,156,682,4929,0.628727936701156,0,0,396,394,54,2883,40,1645,11,40
"140","2020-05-04",188,2,150,656,4929,0.628727936701156,0,0,396,394,47,2930,45,1690,12,45
"141","2020-05-05",183,2,150,628,4929,0.628727936701156,0,0,396,394,57,2987,32,1722,13,32
"142","2020-05-06",173,2,150,604,4929,0.628727936701156,0,0,396,394,50,3037,32,1754,7,32
"143","2020-05-07",172,2,128,586,4929,0.628727936701156,0,0,396,394,52,3089,24,1778,16,24
"144","2020-05-08",169,2,123,558,4929,0.628727936701156,0,0,396,394,47,3136,33,1811,14,33
"145","2020-05-09",167,2,140,547,4929,0.628727936701156,0,0,396,394,33,3169,15,1826,12,15
"146","2020-05-10",170,2,135,541,4929,0.628727936701156,0,0,396,394,34,3203,23,1849,9,23
"147","2020-05-11",156,2,148,523,4929,0.628727936701156,0,0,396,394,33,3236,26,1875,7,26
"148","2020-05-12",156,2,140,519,4929,0.628727936701156,0,0,396,394,52,3288,44,1919,15,44
"149","2020-05-13",160,2,157,507,4929,0.628727936701156,0,0,396,394,41,3329,21,1940,8,21
"150","2020-05-14",155,2,156,502,4929,0.628727936701156,0,0,396,394,41,3370,25,1965,9,25
"151","2020-05-15",143,2,136,495,4929,0.628727936701156,0,0,396,394,42,3412,38,2003,11,38
"152","2020-05-16",142,2,154,483,4929,0.628727936701156,0,0,396,394,33,3445,28,2031,12,28
"153","2020-05-17",140,2,145,480,4929,0.628727936701156,0,0,396,394,42,3487,25,2056,11,25
"154","2020-05-18",148,2,125,453,4929,0.628727936701156,0,0,396,394,37,3524,37,2093,11,37
"155","2020-05-19",140,2,106,434,4929,0.628727936701156,0,0,396,394,23,3547,43,2136,3,43
"156","2020-05-20",138,2,105,422,4929,0.628727936701156,0,0,396,394,25,3572,34,2170,6,34
"157","2020-05-21",137,2,118,401,4929,0.628727936701156,0,0,396,394,32,3604,22,2192,13,22
"158","2020-05-22",143,2,136,387,4929,0.628727936701156,0,0,396,394,28,3632,24,2216,9,24
"159","2020-05-23",134,2,151,366,4929,0.628727936701156,0,0,396,394,15,3647,20,2236,4,20
"160","2020-05-24",131,2,164,349,4929,0.628727936701156,0,0,396,394,33,3680,26,2262,7,26
"161","2020-05-25",120,2,160,340,4929,0.628727936701156,0,0,396,394,25,3705,19,2281,6,19
"162","2020-05-26",110,2,130,324,4929,0.628727936701156,0,0,396,394,24,3729,32,2313,6,32
"163","2020-05-27",97,2,127,308,4929,0.628727936701156,0,0,396,394,29,3758,33,2346,5,33
"164","2020-05-28",85,2,122,296,4929,0.628727936701156,0,0,396,394,29,3787,34,2380,10,34
"165","2020-05-29",82,2,128,280,4929,0.628727936701156,0,0,396,394,19,3806,40,2420,7,40
"166","2020-05-30",74,2,122,264,4929,0.628727936701156,0,0,396,394,21,3827,27,2447,5,27
"167","2020-05-31",73,2,130,257,4929,0.628727936701156,0,0,396,394,24,3851,20,2467,11,20
"168","2020-06-01",76,2,119,257,4929,0.628727936701156,0,0,396,394,25,3876,36,2503,5,36
"169","2020-06-02",76,2,121,256,4929,0.628727936701156,0,0,396,394,21,3897,21,2524,6,21
"170","2020-06-03",78,2,120,247,4929,0.628727936701156,0,0,396,394,19,3916,23,2547,7,23
"171","2020-06-04",79,2,111,232,4929,0.628727936701156,0,0,396,394,15,3931,27,2574,3,27
"172","2020-06-05",69,2,107,227,4929,0.628727936701156,0,0,396,394,15,3946,23,2597,4,23
"173","2020-06-06",80,2,98,211,4929,0.628727936701156,0,0,396,394,10,3956,27,2624,2,27
"174","2020-06-07",71,2,104,198,4929,0.628727936701156,0,0,396,394,18,3974,28,2652,5,28
"175","2020-03-14",4,3,195,172,5219,0.375934086989845,0,0,467,990,27,78,17,38,18,17
"176","2020-03-15",13,3,231,242,5219,0.375934086989845,0,0,467,990,40,118,22,60,19,22
"177","2020-03-16",18,3,227,301,5219,0.375934086989845,0,0,467,990,33,151,18,78,20,18
"178","2020-03-17",33,3,234,358,5219,0.375934086989845,0,0,467,990,43,194,16,94,32,16
"179","2020-03-18",40,3,243,404,5219,0.375934086989845,0,0,467,990,49,243,35,129,37,35
"180","2020-03-19",58,3,249,457,5219,0.375934086989845,0,0,467,990,57,300,32,161,44,32
"181","2020-03-20",83,3,275,506,5219,0.375934086989845,0,0,467,990,60,360,34,195,47,34
"182","2020-03-21",93,3,264,545,5219,0.375934086989845,0,0,467,990,92,452,37,232,83,37
"183","2020-03-22",104,3,255,611,5219,0.375934086989845,0,0,467,990,83,535,26,258,73,26
"184","2020-03-23",122,3,260,659,5219,0.375934086989845,0,0,467,990,92,627,27,285,78,27
"185","2020-03-24",121,3,270,694,5219,0.375934086989845,0,0,467,990,90,717,30,315,75,30
"186","2020-03-25",144,3,285,713,5219,0.375934086989845,0,0,467,990,82,799,40,355,74,40
"187","2020-03-26",143,3,298,747,5219,0.375934086989845,0,0,467,990,118,917,50,405,105,50
"188","2020-03-27",155,3,284,758,5219,0.375934086989845,0,0,467,990,114,1031,36,441,91,36
"189","2020-03-28",173,3,275,770,5219,0.375934086989845,0,0,467,990,125,1156,32,473,102,32
"190","2020-03-29",183,3,267,787,5219,0.375934086989845,0,0,467,990,137,1293,27,500,129,27
"191","2020-03-30",200,3,264,792,5219,0.375934086989845,0,0,467,990,170,1463,25,525,162,25
"192","2020-03-31",225,3,254,797,5219,0.375934086989845,0,0,467,990,135,1598,20,545,126,20
"193","2020-04-01",236,3,246,799,5219,0.375934086989845,0,0,467,990,207,1805,31,576,193,31
"194","2020-04-02",252,3,237,826,5219,0.375934086989845,0,0,467,990,191,1996,29,605,181,29
"195","2020-04-03",255,3,236,839,5219,0.375934086989845,0,0,467,990,143,2139,46,651,129,46
"196","2020-04-04",261,3,244,846,5219,0.375934086989845,0,0,467,990,176,2315,33,684,168,33
"197","2020-04-05",264,3,254,831,5219,0.375934086989845,0,0,467,990,172,2487,30,714,159,30
"198","2020-04-06",263,3,249,841,5219,0.375934086989845,0,0,467,990,211,2698,21,735,199,21
"199","2020-04-07",260,3,256,832,5219,0.375934086989845,0,0,467,990,204,2902,25,760,191,25
"200","2020-04-08",244,3,236,818,5219,0.375934086989845,0,0,467,990,201,3103,27,787,190,27
"201","2020-04-09",247,3,238,826,5219,0.375934086989845,0,0,467,990,191,3294,36,823,184,36
"202","2020-04-10",233,3,239,815,5219,0.375934086989845,0,0,467,990,201,3495,48,871,193,48
"203","2020-04-11",224,3,244,811,5219,0.375934086989845,0,0,467,990,177,3672,30,901,169,30
"204","2020-04-12",224,3,239,817,5219,0.375934086989845,0,0,467,990,142,3814,19,920,133,19
"205","2020-04-13",217,3,227,823,5219,0.375934086989845,0,0,467,990,203,4017,50,970,188,50
"206","2020-04-14",216,3,241,821,5219,0.375934086989845,0,0,467,990,150,4167,43,1013,143,43
"207","2020-04-15",228,3,284,820,5219,0.375934086989845,0,0,467,990,124,4291,41,1054,117,41
"208","2020-04-16",221,3,299,817,5219,0.375934086989845,0,0,467,990,145,4436,41,1095,134,41
"209","2020-04-17",235,3,305,824,5219,0.375934086989845,0,0,467,990,111,4547,41,1136,101,41
"210","2020-04-18",235,3,310,808,5219,0.375934086989845,0,0,467,990,131,4678,25,1161,122,25
"211","2020-04-19",231,3,294,799,5219,0.375934086989845,0,0,467,990,82,4760,32,1193,75,32
"212","2020-04-20",225,3,291,797,5219,0.375934086989845,0,0,467,990,104,4864,33,1226,98,33
"213","2020-04-21",216,3,298,785,5219,0.375934086989845,0,0,467,990,75,4939,53,1279,71,53
"214","2020-04-22",201,3,284,786,5219,0.375934086989845,0,0,467,990,95,5034,39,1318,81,39
"215","2020-04-23",197,3,275,781,5219,0.375934086989845,0,0,467,990,72,5106,33,1351,65,33
"216","2020-04-24",184,3,268,781,5219,0.375934086989845,0,0,467,990,76,5182,32,1383,65,32
"217","2020-04-25",182,3,283,745,5219,0.375934086989845,0,0,467,990,62,5244,22,1405,54,22
"218","2020-04-26",195,3,307,747,5219,0.375934086989845,0,0,467,990,58,5302,30,1435,54,30
"219","2020-04-27",201,3,325,762,5219,0.375934086989845,0,0,467,990,52,5354,26,1461,47,26
"220","2020-04-28",206,3,346,745,5219,0.375934086989845,0,0,467,990,37,5391,41,1502,32,41
"221","2020-04-29",216,3,327,726,5219,0.375934086989845,0,0,467,990,66,5457,30,1532,60,30
"222","2020-04-30",218,3,288,722,5219,0.375934086989845,0,0,467,990,39,5496,41,1573,36,41
"223","2020-05-01",217,3,291,714,5219,0.375934086989845,0,0,467,990,31,5527,31,1604,25,31
"224","2020-05-02",208,3,308,711,5219,0.375934086989845,0,0,467,990,35,5562,26,1630,31,26
"225","2020-05-03",196,3,290,710,5219,0.375934086989845,0,0,467,990,28,5590,33,1663,18,33
"226","2020-05-04",187,3,297,691,5219,0.375934086989845,0,0,467,990,35,5625,21,1684,27,21
"227","2020-05-05",184,3,301,664,5219,0.375934086989845,0,0,467,990,37,5662,41,1725,30,41
"228","2020-05-06",178,3,299,632,5219,0.375934086989845,0,0,467,990,33,5695,33,1758,30,33
"229","2020-05-07",166,3,316,621,5219,0.375934086989845,0,0,467,990,22,5717,31,1789,17,31
"230","2020-05-08",163,3,316,606,5219,0.375934086989845,0,0,467,990,24,5741,23,1812,17,23
"231","2020-05-09",166,3,312,606,5219,0.375934086989845,0,0,467,990,22,5763,20,1832,18,20
"232","2020-05-10",155,3,315,592,5219,0.375934086989845,0,0,467,990,24,5787,15,1847,20,15
"233","2020-05-11",156,3,318,584,5219,0.375934086989845,0,0,467,990,15,5802,23,1870,10,23
"234","2020-05-12",145,3,312,570,5219,0.375934086989845,0,0,467,990,29,5831,17,1887,21,17
"235","2020-05-13",141,3,325,556,5219,0.375934086989845,0,0,467,990,14,5845,15,1902,9,15
"236","2020-05-14",140,3,298,546,5219,0.375934086989845,0,0,467,990,14,5859,14,1916,12,14
"237","2020-05-15",142,3,316,528,5219,0.375934086989845,0,0,467,990,18,5877,10,1926,11,10
"238","2020-05-16",145,3,340,510,5219,0.375934086989845,0,0,467,990,16,5893,13,1939,14,13
"239","2020-05-17",148,3,352,498,5219,0.375934086989845,0,0,467,990,10,5903,11,1950,7,11
"240","2020-05-18",144,3,359,486,5219,0.375934086989845,0,0,467,990,12,5915,23,1973,7,23
"241","2020-05-19",149,3,351,471,5219,0.375934086989845,0,0,467,990,12,5927,40,2013,12,40
"242","2020-05-20",140,3,338,469,5219,0.375934086989845,0,0,467,990,13,5940,46,2059,10,46
"243","2020-05-21",143,3,331,448,5219,0.375934086989845,0,0,467,990,7,5947,26,2085,6,26
"244","2020-05-22",133,3,346,434,5219,0.375934086989845,0,0,467,990,13,5960,27,2112,10,27
"245","2020-05-23",124,3,331,416,5219,0.375934086989845,0,0,467,990,7,5967,31,2143,4,31
"246","2020-05-24",120,3,332,394,5219,0.375934086989845,0,0,467,990,9,5976,10,2153,6,10
"247","2020-05-25",112,3,319,367,5219,0.375934086989845,0,0,467,990,9,5985,28,2181,7,28
"248","2020-05-26",108,3,302,352,5219,0.375934086989845,0,0,467,990,13,5998,23,2204,5,23
"249","2020-05-27",111,3,300,352,5219,0.375934086989845,0,0,467,990,11,6009,29,2233,9,29
"250","2020-05-28",108,3,312,351,5219,0.375934086989845,0,0,467,990,9,6018,33,2266,9,33
"251","2020-05-29",106,3,314,339,5219,0.375934086989845,0,0,467,990,12,6030,32,2298,11,32
"252","2020-05-30",104,3,319,315,5219,0.375934086989845,0,0,467,990,9,6039,25,2323,7,25
"253","2020-05-31",99,3,317,303,5219,0.375934086989845,0,0,467,990,8,6047,24,2347,7,24
"254","2020-06-01",106,3,312,303,5219,0.375934086989845,0,0,467,990,16,6063,17,2364,12,17
"255","2020-06-02",100,3,307,301,5219,0.375934086989845,0,0,467,990,3,6066,18,2382,3,18
"256","2020-06-03",97,3,317,291,5219,0.375934086989845,0,0,467,990,4,6070,8,2390,4,8
"257","2020-06-04",96,3,318,282,5219,0.375934086989845,0,0,467,990,4,6074,24,2414,3,24
"258","2020-06-05",97,3,317,285,5219,0.375934086989845,0,0,467,990,8,6082,15,2429,5,15
"259","2020-06-06",92,3,302,278,5219,0.375934086989845,0,0,467,990,4,6086,15,2444,2,15
"260","2020-06-07",90,3,303,270,5219,0.375934086989845,0,0,467,990,3,6089,35,2479,2,35
"261","2020-03-15",2,4,57,108,4563,0.675432829278983,0,0,441,623,99,318,25,205,64,25
"262","2020-03-16",4,4,74,138,4563,0.675432829278983,0,0,441,623,135,453,24,229,100,24
"263","2020-03-17",15,4,85,170,4563,0.675432829278983,0,0,441,623,167,620,21,250,130,21
"264","2020-03-18",22,4,75,218,4563,0.675432829278983,0,0,441,623,240,860,55,305,185,55
"265","2020-03-19",34,4,90,248,4563,0.675432829278983,0,0,441,623,283,1143,28,333,243,28
"266","2020-03-20",43,4,95,301,4563,0.675432829278983,0,0,441,623,282,1425,40,373,238,40
"267","2020-03-21",55,4,130,345,4563,0.675432829278983,0,0,441,623,456,1881,42,415,420,42
"268","2020-03-22",61,4,143,372,4563,0.675432829278983,0,0,441,623,500,2381,25,440,477,25
"269","2020-03-23",77,4,135,424,4563,0.675432829278983,0,0,441,623,476,2857,9,449,440,9
"270","2020-03-24",81,4,122,471,4563,0.675432829278983,0,0,441,623,575,3432,6,455,552,6
"271","2020-03-25",97,4,105,518,4563,0.675432829278983,0,0,441,623,537,3969,11,466,513,11
"272","2020-03-26",106,4,120,554,4563,0.675432829278983,0,0,441,623,607,4576,13,479,591,13
"273","2020-03-27",115,4,125,566,4563,0.675432829278983,0,0,441,623,437,5013,67,546,421,67
"274","2020-03-28",121,4,143,599,4563,0.675432829278983,0,0,441,623,413,5426,57,603,394,57
"275","2020-03-29",131,4,147,626,4563,0.675432829278983,0,0,441,623,329,5755,62,665,316,62
"276","2020-03-30",144,4,133,654,4563,0.675432829278983,0,0,441,623,385,6140,58,723,366,58
"277","2020-03-31",163,4,168,691,4563,0.675432829278983,0,0,441,623,273,6413,10,733,261,10
"278","2020-04-01",172,4,182,717,4563,0.675432829278983,0,0,441,623,263,6676,26,759,256,26
"279","2020-04-02",182,4,189,732,4563,0.675432829278983,0,0,441,623,206,6882,59,818,201,59
"280","2020-04-03",194,4,210,757,4563,0.675432829278983,0,0,441,623,152,7034,24,842,144,24
"281","2020-04-04",217,4,194,788,4563,0.675432829278983,0,0,441,623,148,7182,21,863,136,21
"282","2020-04-05",231,4,167,803,4563,0.675432829278983,0,0,441,623,107,7289,44,907,101,44
"283","2020-04-06",227,4,171,802,4563,0.675432829278983,0,0,441,623,87,7376,41,948,80,41
"284","2020-04-07",227,4,174,797,4563,0.675432829278983,0,0,441,623,73,7449,32,980,69,32
"285","2020-04-08",224,4,178,819,4563,0.675432829278983,0,0,441,623,56,7505,25,1005,50,25
"286","2020-04-09",222,4,167,835,4563,0.675432829278983,0,0,441,623,30,7535,18,1023,24,18
"287","2020-04-10",229,4,170,829,4563,0.675432829278983,0,0,441,623,25,7560,73,1096,21,73
"288","2020-04-11",221,4,155,821,4563,0.675432829278983,0,0,441,623,26,7586,68,1164,22,68
"289","2020-04-12",225,4,195,828,4563,0.675432829278983,0,0,441,623,23,7609,88,1252,20,88
"290","2020-04-13",233,4,213,825,4563,0.675432829278983,0,0,441,623,12,7621,83,1335,11,83
"291","2020-04-14",225,4,183,814,4563,0.675432829278983,0,0,441,623,10,7631,24,1359,7,24
"292","2020-04-15",225,4,212,813,4563,0.675432829278983,0,0,441,623,16,7647,26,1385,12,26
"293","2020-04-16",228,4,202,796,4563,0.675432829278983,0,0,441,623,8,7655,25,1410,5,25
"294","2020-04-17",223,4,195,794,4563,0.675432829278983,0,0,441,623,8,7663,37,1447,6,37
"295","2020-04-18",222,4,215,781,4563,0.675432829278983,0,0,441,623,9,7672,25,1472,5,25
"296","2020-04-19",215,4,228,786,4563,0.675432829278983,0,0,441,623,6,7678,16,1488,4,16
"297","2020-04-20",225,4,230,783,4563,0.675432829278983,0,0,441,623,6,7684,11,1499,2,11
"298","2020-04-21",231,4,261,787,4563,0.675432829278983,0,0,441,623,5,7689,28,1527,4,28
"299","2020-04-22",240,4,245,778,4563,0.675432829278983,0,0,441,623,8,7697,13,1540,4,13
"300","2020-04-23",240,4,226,765,4563,0.675432829278983,0,0,441,623,8,7705,15,1555,6,15
"301","2020-04-24",241,4,225,773,4563,0.675432829278983,0,0,441,623,2,7707,38,1593,2,38
"302","2020-04-25",234,4,264,767,4563,0.675432829278983,0,0,441,623,4,7711,24,1617,NA,24
"303","2020-04-26",235,4,252,751,4563,0.675432829278983,0,0,441,623,1,7712,15,1632,1,15
"304","2020-04-27",217,4,258,733,4563,0.675432829278983,0,0,441,623,2,7714,16,1648,NA,16
"305","2020-04-28",216,4,258,724,4563,0.675432829278983,0,0,441,623,2,7716,24,1672,NA,24
"306","2020-04-29",210,4,228,723,4563,0.675432829278983,0,0,441,623,7,7723,13,1685,3,13
"307","2020-04-30",209,4,196,721,4563,0.675432829278983,0,0,441,623,2,7725,12,1697,NA,12
"308","2020-05-01",208,4,189,700,4563,0.675432829278983,0,0,441,623,5,7730,22,1719,3,22
"309","2020-05-02",218,4,200,682,4563,0.675432829278983,0,0,441,623,3,7733,9,1728,1,9
"310","2020-05-03",223,4,186,671,4563,0.675432829278983,0,0,441,623,2,7735,11,1739,1,11
"311","2020-05-04",215,4,166,659,4563,0.675432829278983,0,0,441,623,3,7738,12,1751,1,12
"312","2020-05-05",202,4,154,643,4563,0.675432829278983,0,0,441,623,3,7741,56,1807,2,56
"313","2020-05-06",201,4,174,646,4563,0.675432829278983,0,0,441,623,2,7743,25,1832,2,25
"314","2020-05-07",191,4,198,619,4563,0.675432829278983,0,0,441,623,5,7748,8,1840,2,8
"315","2020-05-08",189,4,165,614,4563,0.675432829278983,0,0,441,623,1,7749,43,1883,NA,43
"316","2020-05-09",178,4,160,602,4563,0.675432829278983,0,0,441,623,2,7751,72,1955,1,72
"317","2020-05-10",168,4,195,581,4563,0.675432829278983,0,0,441,623,2,7753,26,1981,NA,26
"318","2020-05-11",185,4,216,563,4563,0.675432829278983,0,0,441,623,5,7758,15,1996,1,15
"319","2020-05-12",189,4,233,547,4563,0.675432829278983,0,0,441,623,1,7759,30,2026,NA,30
"320","2020-05-13",183,4,234,539,4563,0.675432829278983,0,0,441,623,3,7762,27,2053,2,27
"321","2020-05-14",182,4,217,513,4563,0.675432829278983,0,0,441,623,1,7763,53,2106,1,53
"322","2020-05-15",176,4,181,507,4563,0.675432829278983,0,0,441,623,2,7765,63,2169,NA,63
"323","2020-05-16",172,4,161,485,4563,0.675432829278983,0,0,441,623,2,7767,31,2200,1,31
"324","2020-05-17",175,4,150,470,4563,0.675432829278983,0,0,441,623,1,7768,12,2212,NA,12
"325","2020-05-18",161,4,147,445,4563,0.675432829278983,0,0,441,623,NA,NA,16,2228,NA,16
"326","2020-05-19",162,4,136,433,4563,0.675432829278983,0,0,441,623,2,7770,26,2254,1,26
"327","2020-05-20",155,4,154,418,4563,0.675432829278983,0,0,441,623,3,7773,31,2285,2,31
"328","2020-05-21",152,4,168,400,4563,0.675432829278983,0,0,441,623,2,7775,45,2330,NA,45
"329","2020-05-22",143,4,176,397,4563,0.675432829278983,0,0,441,623,1,7776,25,2355,NA,25
"330","2020-05-23",139,4,147,387,4563,0.675432829278983,0,0,441,623,2,7778,30,2385,1,30
"331","2020-05-24",125,4,124,371,4563,0.675432829278983,0,0,441,623,1,7779,61,2446,NA,61
"332","2020-05-25",113,4,114,355,4563,0.675432829278983,0,0,441,623,1,7780,25,2471,NA,25
"333","2020-05-26",100,4,129,356,4563,0.675432829278983,0,0,441,623,2,7782,28,2499,NA,28
"334","2020-05-27",93,4,122,338,4563,0.675432829278983,0,0,441,623,1,7783,33,2532,NA,33
"335","2020-05-28",93,4,112,326,4563,0.675432829278983,0,0,441,623,2,7785,25,2557,2,25
"336","2020-05-29",87,4,107,313,4563,0.675432829278983,0,0,441,623,NA,NA,13,2570,NA,13
"337","2020-05-30",89,4,88,294,4563,0.675432829278983,0,0,441,623,2,7787,57,2627,1,57
"338","2020-05-31",86,4,77,289,4563,0.675432829278983,0,0,441,623,1,7788,31,2658,1,31
"339","2020-06-01",90,4,94,275,4563,0.675432829278983,0,0,441,623,NA,NA,19,2677,NA,19
"340","2020-06-02",91,4,101,266,4563,0.675432829278983,0,0,441,623,2,7790,20,2697,NA,20
"341","2020-06-03",93,4,89,248,4563,0.675432829278983,0,0,441,623,1,7791,9,2706,1,9
"342","2020-06-04",88,4,115,225,4563,0.675432829278983,0,0,441,623,NA,NA,14,2720,NA,14
"343","2020-06-05",89,4,113,214,4563,0.675432829278983,0,0,441,623,2,7793,12,2732,1,12
"344","2020-06-06",79,4,109,208,4563,0.675432829278983,0,0,441,623,3,7796,8,2740,1,8
"345","2020-06-07",83,4,123,204,4563,0.675432829278983,0,0,441,623,1,7797,18,2758,NA,18
"346","2020-03-14",3,5,44,103,3914,0.418497700562085,0,0,330,359,14,55,16,56,4,16
"347","2020-03-15",7,5,44,131,3914,0.418497700562085,0,0,330,359,16,71,14,70,4,14
"348","2020-03-16",10,5,45,169,3914,0.418497700562085,0,0,330,359,22,93,32,102,11,32
"349","2020-03-17",21,5,44,198,3914,0.418497700562085,0,0,330,359,24,117,38,140,8,38
"350","2020-03-18",32,5,48,232,3914,0.418497700562085,0,0,330,359,31,148,26,166,17,26
"351","2020-03-19",39,5,51,268,3914,0.418497700562085,0,0,330,359,29,177,24,190,18,24
"352","2020-03-20",48,5,47,295,3914,0.418497700562085,0,0,330,359,30,207,46,236,10,46
"353","2020-03-21",55,5,47,331,3914,0.418497700562085,0,0,330,359,25,232,23,259,18,23
"354","2020-03-22",63,5,52,373,3914,0.418497700562085,0,0,330,359,30,262,41,300,16,41
"355","2020-03-23",81,5,62,411,3914,0.418497700562085,0,0,330,359,32,294,40,340,18,40
"356","2020-03-24",87,5,71,446,3914,0.418497700562085,0,0,330,359,33,327,31,371,20,31
"357","2020-03-25",93,5,72,471,3914,0.418497700562085,0,0,330,359,28,355,38,409,20,38
"358","2020-03-26",103,5,72,496,3914,0.418497700562085,0,0,330,359,34,389,40,449,18,40
"359","2020-03-27",115,5,76,521,3914,0.418497700562085,0,0,330,359,27,416,45,494,16,45
"360","2020-03-28",123,5,82,544,3914,0.418497700562085,0,0,330,359,24,440,18,512,12,18
"361","2020-03-29",129,5,88,553,3914,0.418497700562085,0,0,330,359,29,469,20,532,13,20
"362","2020-03-30",131,5,87,565,3914,0.418497700562085,0,0,330,359,40,509,28,560,25,28
"363","2020-03-31",139,5,88,583,3914,0.418497700562085,0,0,330,359,36,545,20,580,22,20
"364","2020-04-01",144,5,83,605,3914,0.418497700562085,0,0,330,359,33,578,20,600,19,20
"365","2020-04-02",145,5,85,628,3914,0.418497700562085,0,0,330,359,38,616,23,623,24,23
"366","2020-04-03",147,5,87,642,3914,0.418497700562085,0,0,330,359,40,656,47,670,19,47
"367","2020-04-04",160,5,98,635,3914,0.418497700562085,0,0,330,359,44,700,34,704,32,34
"368","2020-04-05",173,5,91,626,3914,0.418497700562085,0,0,330,359,47,747,28,732,28,28
"369","2020-04-06",166,5,101,617,3914,0.418497700562085,0,0,330,359,50,797,41,773,30,41
"370","2020-04-07",171,5,129,618,3914,0.418497700562085,0,0,330,359,30,827,34,807,11,34
"371","2020-04-08",168,5,152,620,3914,0.418497700562085,0,0,330,359,51,878,21,828,42,21
"372","2020-04-09",172,5,148,624,3914,0.418497700562085,0,0,330,359,48,926,52,880,25,52
"373","2020-04-10",180,5,135,624,3914,0.418497700562085,0,0,330,359,36,962,32,912,21,32
"374","2020-04-11",171,5,131,620,3914,0.418497700562085,0,0,330,359,41,1003,52,964,28,52
"375","2020-04-12",165,5,131,637,3914,0.418497700562085,0,0,330,359,45,1048,34,998,33,34
"376","2020-04-13",183,5,145,626,3914,0.418497700562085,0,0,330,359,46,1094,39,1037,29,39
"377","2020-04-14",189,5,167,613,3914,0.418497700562085,0,0,330,359,35,1129,31,1068,19,31
"378","2020-04-15",194,5,175,601,3914,0.418497700562085,0,0,330,359,41,1170,33,1101,28,33
"379","2020-04-16",187,5,186,605,3914,0.418497700562085,0,0,330,359,43,1213,18,1119,21,18
"380","2020-04-17",191,5,187,601,3914,0.418497700562085,0,0,330,359,45,1258,23,1142,29,23
"381","2020-04-18",189,5,179,608,3914,0.418497700562085,0,0,330,359,48,1306,28,1170,27,28
"382","2020-04-19",192,5,177,596,3914,0.418497700562085,0,0,330,359,39,1345,46,1216,24,46
"383","2020-04-20",175,5,172,594,3914,0.418497700562085,0,0,330,359,30,1375,44,1260,12,44
"384","2020-04-21",163,5,171,590,3914,0.418497700562085,0,0,330,359,53,1428,41,1301,24,41
"385","2020-04-22",164,5,156,578,3914,0.418497700562085,0,0,330,359,45,1473,32,1333,26,32
"386","2020-04-23",185,5,137,565,3914,0.418497700562085,0,0,330,359,32,1505,22,1355,18,22
"387","2020-04-24",174,5,137,566,3914,0.418497700562085,0,0,330,359,48,1553,24,1379,29,24
"388","2020-04-25",172,5,149,545,3914,0.418497700562085,0,0,330,359,49,1602,46,1425,31,46
"389","2020-04-26",172,5,141,559,3914,0.418497700562085,0,0,330,359,44,1646,28,1453,33,28
"390","2020-04-27",174,5,127,536,3914,0.418497700562085,0,0,330,359,42,1688,46,1499,21,46
"391","2020-04-28",171,5,126,536,3914,0.418497700562085,0,0,330,359,53,1741,51,1550,37,51
"392","2020-04-29",169,5,127,524,3914,0.418497700562085,0,0,330,359,47,1788,59,1609,27,59
"393","2020-04-30",159,5,124,522,3914,0.418497700562085,0,0,330,359,38,1826,41,1650,21,41
"394","2020-05-01",150,5,121,529,3914,0.418497700562085,0,0,330,359,55,1881,54,1704,33,54
"395","2020-05-02",151,5,128,533,3914,0.418497700562085,0,0,330,359,46,1927,38,1742,29,38
"396","2020-05-03",142,5,129,518,3914,0.418497700562085,0,0,330,359,41,1968,31,1773,19,31
"397","2020-05-04",143,5,130,522,3914,0.418497700562085,0,0,330,359,31,1999,54,1827,16,54
"398","2020-05-05",150,5,119,531,3914,0.418497700562085,0,0,330,359,37,2036,42,1869,19,42
"399","2020-05-06",150,5,120,525,3914,0.418497700562085,0,0,330,359,30,2066,32,1901,15,32
"400","2020-05-07",142,5,126,520,3914,0.418497700562085,0,0,330,359,38,2104,28,1929,22,28
"401","2020-05-08",155,5,137,518,3914,0.418497700562085,0,0,330,359,27,2131,14,1943,14,14
"402","2020-05-09",157,5,141,506,3914,0.418497700562085,0,0,330,359,36,2167,19,1962,21,19
"403","2020-05-10",154,5,138,495,3914,0.418497700562085,0,0,330,359,29,2196,23,1985,20,23
"404","2020-05-11",157,5,152,507,3914,0.418497700562085,0,0,330,359,38,2234,21,2006,21,21
"405","2020-05-12",155,5,149,475,3914,0.418497700562085,0,0,330,359,32,2266,45,2051,20,45
"406","2020-05-13",155,5,135,470,3914,0.418497700562085,0,0,330,359,33,2299,31,2082,23,31
"407","2020-05-14",157,5,123,463,3914,0.418497700562085,0,0,330,359,29,2328,26,2108,14,26
"408","2020-05-15",148,5,112,464,3914,0.418497700562085,0,0,330,359,25,2353,29,2137,16,29
"409","2020-05-16",146,5,103,459,3914,0.418497700562085,0,0,330,359,16,2369,21,2158,8,21
"410","2020-05-17",149,5,121,457,3914,0.418497700562085,0,0,330,359,24,2393,21,2179,12,21
"411","2020-05-18",136,5,129,450,3914,0.418497700562085,0,0,330,359,27,2420,9,2188,15,9
"412","2020-05-19",126,5,116,450,3914,0.418497700562085,0,0,330,359,30,2450,19,2207,21,19
"413","2020-05-20",125,5,130,443,3914,0.418497700562085,0,0,330,359,33,2483,19,2226,14,19
"414","2020-05-21",119,5,139,423,3914,0.418497700562085,0,0,330,359,23,2506,37,2263,18,37
"415","2020-05-22",125,5,137,399,3914,0.418497700562085,0,0,330,359,21,2527,50,2313,14,50
"416","2020-05-23",118,5,143,402,3914,0.418497700562085,0,0,330,359,30,2557,41,2354,15,41
"417","2020-05-24",114,5,153,392,3914,0.418497700562085,0,0,330,359,33,2590,30,2384,21,30
"418","2020-05-25",117,5,155,379,3914,0.418497700562085,0,0,330,359,28,2618,38,2422,19,38
"419","2020-05-26",117,5,148,363,3914,0.418497700562085,0,0,330,359,24,2642,16,2438,15,16
"420","2020-05-27",107,5,138,358,3914,0.418497700562085,0,0,330,359,22,2664,18,2456,11,18
"421","2020-05-28",113,5,132,335,3914,0.418497700562085,0,0,330,359,23,2687,16,2472,11,16
"422","2020-05-29",109,5,123,314,3914,0.418497700562085,0,0,330,359,15,2702,38,2510,14,38
"423","2020-05-30",105,5,111,307,3914,0.418497700562085,0,0,330,359,15,2717,28,2538,6,28
"424","2020-05-31",97,5,112,287,3914,0.418497700562085,0,0,330,359,15,2732,37,2575,9,37
"425","2020-06-01",95,5,117,279,3914,0.418497700562085,0,0,330,359,21,2753,34,2609,17,34
"426","2020-06-02",94,5,136,279,3914,0.418497700562085,0,0,330,359,23,2776,47,2656,14,47
"427","2020-06-03",94,5,128,262,3914,0.418497700562085,0,0,330,359,18,2794,41,2697,13,41
"428","2020-06-04",84,5,117,246,3914,0.418497700562085,0,0,330,359,16,2810,27,2724,13,27
"429","2020-06-05",72,5,123,235,3914,0.418497700562085,0,0,330,359,12,2822,38,2762,4,38
"430","2020-06-06",70,5,131,237,3914,0.418497700562085,0,0,330,359,11,2833,23,2785,7,23
"431","2020-06-07",74,5,132,235,3914,0.418497700562085,0,0,330,359,16,2849,29,2814,12,29
"432","2020-03-12",1,6,64,55,8098,0.902321560879229,0,0,669,764,35,58,20,55,NA,20
"433","2020-03-13",1,6,71,91,8098,0.902321560879229,0,0,669,764,24,82,8,63,2,8
"434","2020-03-14",2,6,74,139,8098,0.902321560879229,0,0,669,764,29,111,21,84,4,21
"435","2020-03-15",9,6,97,196,8098,0.902321560879229,0,0,669,764,26,137,26,110,6,26
"436","2020-03-16",17,6,101,265,8098,0.902321560879229,0,0,669,764,32,169,29,139,10,29
"437","2020-03-17",24,6,97,361,8098,0.902321560879229,0,0,669,764,33,202,13,152,14,13
"438","2020-03-18",36,6,88,475,8098,0.902321560879229,0,0,669,764,36,238,15,167,14,15
"439","2020-03-19",56,6,72,588,8098,0.902321560879229,0,0,669,764,34,272,15,182,8,15
"440","2020-03-20",74,6,58,724,8098,0.902321560879229,0,0,669,764,43,315,15,197,20,15
"441","2020-03-21",94,6,67,912,8098,0.902321560879229,0,0,669,764,36,351,1,198,13,1
"442","2020-03-22",120,6,111,1074,8098,0.902321560879229,0,0,669,764,51,402,13,211,30,13
"443","2020-03-23",146,6,115,1282,8098,0.902321560879229,0,0,669,764,40,442,9,220,18,9
"444","2020-03-24",189,6,127,1564,8098,0.902321560879229,0,0,669,764,41,483,10,230,18,10
"445","2020-03-25",230,6,168,1805,8098,0.902321560879229,0,0,669,764,49,532,39,269,23,39
"446","2020-03-26",285,6,199,2088,8098,0.902321560879229,0,0,669,764,41,573,23,292,16,23
"447","2020-03-27",351,6,188,2415,8098,0.902321560879229,0,0,669,764,42,615,24,316,21,24
"448","2020-03-28",421,6,187,2785,8098,0.902321560879229,0,0,669,764,42,657,25,341,14,25
"449","2020-03-29",479,6,195,3035,8098,0.902321560879229,0,0,669,764,50,707,30,371,21,30
"450","2020-03-30",572,6,182,3326,8098,0.902321560879229,0,0,669,764,48,755,14,385,24,14
"451","2020-03-31",657,6,185,3696,8098,0.902321560879229,0,0,669,764,56,811,12,397,24,12
"452","2020-04-01",744,6,162,3825,8098,0.902321560879229,0,0,669,764,56,867,38,435,24,38
"453","2020-04-02",812,6,185,4032,8098,0.902321560879229,0,0,669,764,38,905,28,463,14,28
"454","2020-04-03",881,6,159,4153,8098,0.902321560879229,0,0,669,764,40,945,45,508,14,45
"455","2020-04-04",967,6,152,4206,8098,0.902321560879229,0,0,669,764,54,999,54,562,17,54
"456","2020-04-05",1046,6,182,4127,8098,0.902321560879229,0,0,669,764,42,1041,43,605,17,43
"457","2020-04-06",1069,6,166,4037,8098,0.902321560879229,0,0,669,764,52,1093,26,631,22,26
"458","2020-04-07",1106,6,161,3900,8098,0.902321560879229,0,0,669,764,46,1139,11,642,13,11
"459","2020-04-08",1145,6,149,3656,8098,0.902321560879229,0,0,669,764,51,1190,11,653,13,11
"460","2020-04-09",1121,6,176,3401,8098,0.902321560879229,0,0,669,764,53,1243,8,661,22,8
"461","2020-04-10",1111,6,202,3117,8098,0.902321560879229,0,0,669,764,48,1291,36,697,15,36
"462","2020-04-11",1074,6,227,2793,8098,0.902321560879229,0,0,669,764,47,1338,19,716,14,19
"463","2020-04-12",1030,6,205,2493,8098,0.902321560879229,0,0,669,764,56,1394,16,732,22,16
"464","2020-04-13",980,6,176,2146,8098,0.902321560879229,0,0,669,764,58,1452,41,773,25,41
"465","2020-04-14",890,6,212,1860,8098,0.902321560879229,0,0,669,764,58,1510,40,813,27,40
"466","2020-04-15",790,6,227,1584,8098,0.902321560879229,0,0,669,764,52,1562,30,843,27,30
"467","2020-04-16",747,6,228,1333,8098,0.902321560879229,0,0,669,764,49,1611,43,886,25,43
"468","2020-04-17",655,6,238,1111,8098,0.902321560879229,0,0,669,764,59,1670,33,919,24,33
"469","2020-04-18",554,6,271,926,8098,0.902321560879229,0,0,669,764,38,1708,24,943,15,24
"470","2020-04-19",465,6,283,755,8098,0.902321560879229,0,0,669,764,53,1761,55,998,17,55
"471","2020-04-20",387,6,254,593,8098,0.902321560879229,0,0,669,764,47,1808,34,1032,19,34
"472","2020-04-21",324,6,217,485,8098,0.902321560879229,0,0,669,764,43,1851,27,1059,8,27
"473","2020-04-22",262,6,187,406,8098,0.902321560879229,0,0,669,764,42,1893,23,1082,15,23
"474","2020-04-23",207,6,200,339,8098,0.902321560879229,0,0,669,764,33,1926,56,1138,11,56
"475","2020-04-24",168,6,171,263,8098,0.902321560879229,0,0,669,764,41,1967,27,1165,10,27
"476","2020-04-25",136,6,152,215,8098,0.902321560879229,0,0,669,764,46,2013,41,1206,21,41
"477","2020-04-26",105,6,139,174,8098,0.902321560879229,0,0,669,764,47,2060,35,1241,11,35
"478","2020-04-27",90,6,137,151,8098,0.902321560879229,0,0,669,764,52,2112,17,1258,17,17
"479","2020-04-28",76,6,151,122,8098,0.902321560879229,0,0,669,764,33,2145,11,1269,8,11
"480","2020-04-29",64,6,190,100,8098,0.902321560879229,0,0,669,764,43,2188,8,1277,11,8
"481","2020-04-30",50,6,212,87,8098,0.902321560879229,0,0,669,764,54,2242,59,1336,19,59
"482","2020-05-01",40,6,202,83,8098,0.902321560879229,0,0,669,764,36,2278,27,1363,14,27
"483","2020-05-02",37,6,220,65,8098,0.902321560879229,0,0,669,764,32,2310,21,1384,13,21
"484","2020-05-03",34,6,234,54,8098,0.902321560879229,0,0,669,764,32,2342,16,1400,7,16
"485","2020-05-04",28,6,215,42,8098,0.902321560879229,0,0,669,764,41,2383,22,1422,9,22
"486","2020-05-05",27,6,199,39,8098,0.902321560879229,0,0,669,764,47,2430,26,1448,15,26
"487","2020-05-06",23,6,191,39,8098,0.902321560879229,0,0,669,764,46,2476,73,1521,14,73
"488","2020-05-07",17,6,175,37,8098,0.902321560879229,0,0,669,764,42,2518,23,1544,17,23
"489","2020-05-08",17,6,165,36,8098,0.902321560879229,0,0,669,764,44,2562,29,1573,11,29
"490","2020-05-09",15,6,149,35,8098,0.902321560879229,0,0,669,764,42,2604,40,1613,17,40
"491","2020-05-10",13,6,162,34,8098,0.902321560879229,0,0,669,764,38,2642,52,1665,11,52
"492","2020-05-11",13,6,194,31,8098,0.902321560879229,0,0,669,764,29,2671,41,1706,9,41
"493","2020-05-12",11,6,172,34,8098,0.902321560879229,0,0,669,764,25,2696,29,1735,4,29
"494","2020-05-13",10,6,171,35,8098,0.902321560879229,0,0,669,764,31,2727,25,1760,12,25
"495","2020-05-14",11,6,185,30,8098,0.902321560879229,0,0,669,764,40,2767,17,1777,12,17
"496","2020-05-15",9,6,186,28,8098,0.902321560879229,0,0,669,764,44,2811,20,1797,15,20
"497","2020-05-16",9,6,176,27,8098,0.902321560879229,0,0,669,764,24,2835,50,1847,6,50
"498","2020-05-17",9,6,175,30,8098,0.902321560879229,0,0,669,764,29,2864,42,1889,11,42
"499","2020-05-18",10,6,171,32,8098,0.902321560879229,0,0,669,764,33,2897,52,1941,8,52
"500","2020-05-19",11,6,158,34,8098,0.902321560879229,0,0,669,764,31,2928,28,1969,12,28
"501","2020-05-20",11,6,190,30,8098,0.902321560879229,0,0,669,764,39,2967,20,1989,13,20
"502","2020-05-21",9,6,215,28,8098,0.902321560879229,0,0,669,764,37,3004,19,2008,13,19
"503","2020-05-22",10,6,200,27,8098,0.902321560879229,0,0,669,764,30,3034,41,2049,10,41
"504","2020-05-23",10,6,224,25,8098,0.902321560879229,0,0,669,764,26,3060,30,2079,10,30
"505","2020-05-24",9,6,213,25,8098,0.902321560879229,0,0,669,764,30,3090,47,2126,13,47
"506","2020-05-25",8,6,191,25,8098,0.902321560879229,0,0,669,764,26,3116,28,2154,5,28
"507","2020-05-26",6,6,169,24,8098,0.902321560879229,0,0,669,764,22,3138,35,2189,8,35
"508","2020-05-27",7,6,146,24,8098,0.902321560879229,0,0,669,764,27,3165,14,2203,8,14
"509","2020-05-28",8,6,170,27,8098,0.902321560879229,0,0,669,764,28,3193,22,2225,10,22
"510","2020-05-29",8,6,173,24,8098,0.902321560879229,0,0,669,764,28,3221,13,2238,7,13
"511","2020-05-30",7,6,184,23,8098,0.902321560879229,0,0,669,764,30,3251,41,2279,10,41
"512","2020-05-31",8,6,177,26,8098,0.902321560879229,0,0,669,764,25,3276,47,2326,5,47
"513","2020-06-01",8,6,161,21,8098,0.902321560879229,0,0,669,764,17,3293,31,2357,6,31
"514","2020-06-02",7,6,143,20,8098,0.902321560879229,0,0,669,764,27,3320,28,2385,8,28
"515","2020-06-03",8,6,140,17,8098,0.902321560879229,0,0,669,764,18,3338,36,2421,10,36
"516","2020-06-04",7,6,129,15,8098,0.902321560879229,0,0,669,764,22,3360,25,2446,9,25
"517","2020-06-05",6,6,131,16,8098,0.902321560879229,0,0,669,764,13,3373,13,2459,6,13
"518","2020-06-06",5,6,124,16,8098,0.902321560879229,0,0,669,764,20,3393,10,2469,6,10
"519","2020-06-07",5,6,142,18,8098,0.902321560879229,0,0,669,764,13,3406,9,2478,6,9
"520","2020-03-12",2,7,31,89,5158,0.293718495540907,0,0,462,364,14,33,18,54,1,18
"521","2020-03-13",4,7,48,144,5158,0.293718495540907,0,0,462,364,19,52,11,65,7,11
"522","2020-03-14",5,7,54,181,5158,0.293718495540907,0,0,462,364,18,70,30,95,7,30
"523","2020-03-15",18,7,63,226,5158,0.293718495540907,0,0,462,364,24,94,13,108,15,13
"524","2020-03-16",29,7,55,274,5158,0.293718495540907,0,0,462,364,18,112,14,122,5,14
"525","2020-03-17",42,7,62,339,5158,0.293718495540907,0,0,462,364,24,136,36,158,13,36
"526","2020-03-18",52,7,58,392,5158,0.293718495540907,0,0,462,364,27,163,13,171,15,13
"527","2020-03-19",64,7,68,456,5158,0.293718495540907,0,0,462,364,24,187,39,210,15,39
"528","2020-03-20",85,7,72,512,5158,0.293718495540907,0,0,462,364,29,216,43,253,19,43
"529","2020-03-21",107,7,79,561,5158,0.293718495540907,0,0,462,364,32,248,36,289,19,36
"530","2020-03-22",112,7,95,609,5158,0.293718495540907,0,0,462,364,34,282,30,319,26,30
"531","2020-03-23",120,7,108,628,5158,0.293718495540907,0,0,462,364,34,316,25,344,17,25
"532","2020-03-24",131,7,108,655,5158,0.293718495540907,0,0,462,364,34,350,14,358,20,14
"533","2020-03-25",148,7,120,674,5158,0.293718495540907,0,0,462,364,32,382,5,363,16,5
"534","2020-03-26",161,7,117,674,5158,0.293718495540907,0,0,462,364,34,416,9,372,22,9
"535","2020-03-27",167,7,110,693,5158,0.293718495540907,0,0,462,364,40,456,8,380,26,8
"536","2020-03-28",175,7,100,716,5158,0.293718495540907,0,0,462,364,49,505,15,395,29,15
"537","2020-03-29",188,7,101,720,5158,0.293718495540907,0,0,462,364,51,556,46,441,33,46
"538","2020-03-30",207,7,94,741,5158,0.293718495540907,0,0,462,364,50,606,19,460,26,19
"539","2020-03-31",212,7,93,754,5158,0.293718495540907,0,0,462,364,45,651,13,473,33,13
"540","2020-04-01",215,7,107,764,5158,0.293718495540907,0,0,462,364,32,683,49,522,23,49
"541","2020-04-02",222,7,106,780,5158,0.293718495540907,0,0,462,364,42,725,57,579,29,57
"542","2020-04-03",212,7,99,782,5158,0.293718495540907,0,0,462,364,47,772,40,619,29,40
"543","2020-04-04",213,7,91,785,5158,0.293718495540907,0,0,462,364,65,837,41,660,52,41
"544","2020-04-05",222,7,95,800,5158,0.293718495540907,0,0,462,364,50,887,28,688,31,28
"545","2020-04-06",215,7,90,817,5158,0.293718495540907,0,0,462,364,48,935,13,701,32,13
"546","2020-04-07",220,7,123,825,5158,0.293718495540907,0,0,462,364,40,975,16,717,26,16
"547","2020-04-08",223,7,136,829,5158,0.293718495540907,0,0,462,364,39,1014,42,759,22,42
"548","2020-04-09",222,7,152,835,5158,0.293718495540907,0,0,462,364,38,1052,49,808,22,49
"549","2020-04-10",236,7,129,838,5158,0.293718495540907,0,0,462,364,48,1100,19,827,25,19
"550","2020-04-11",241,7,128,851,5158,0.293718495540907,0,0,462,364,46,1146,53,880,32,53
"551","2020-04-12",229,7,116,851,5158,0.293718495540907,0,0,462,364,51,1197,31,911,38,31
"552","2020-04-13",219,7,129,859,5158,0.293718495540907,0,0,462,364,43,1240,48,959,28,48
"553","2020-04-14",221,7,143,856,5158,0.293718495540907,0,0,462,364,32,1272,50,1009,22,50
"554","2020-04-15",226,7,143,861,5158,0.293718495540907,0,0,462,364,53,1325,29,1038,35,29
"555","2020-04-16",237,7,161,887,5158,0.293718495540907,0,0,462,364,38,1363,37,1075,21,37
"556","2020-04-17",233,7,154,876,5158,0.293718495540907,0,0,462,364,40,1403,29,1104,27,29
"557","2020-04-18",237,7,161,874,5158,0.293718495540907,0,0,462,364,32,1435,46,1150,17,46
"558","2020-04-19",243,7,165,882,5158,0.293718495540907,0,0,462,364,53,1488,10,1160,32,10
"559","2020-04-20",251,7,183,866,5158,0.293718495540907,0,0,462,364,39,1527,43,1203,24,43
"560","2020-04-21",257,7,184,861,5158,0.293718495540907,0,0,462,364,45,1572,14,1217,33,14
"561","2020-04-22",254,7,171,841,5158,0.293718495540907,0,0,462,364,30,1602,17,1234,17,17
"562","2020-04-23",242,7,158,828,5158,0.293718495540907,0,0,462,364,48,1650,6,1240,26,6
"563","2020-04-24",246,7,179,826,5158,0.293718495540907,0,0,462,364,52,1702,7,1247,36,7
"564","2020-04-25",229,7,172,808,5158,0.293718495540907,0,0,462,364,54,1756,4,1251,34,4
"565","2020-04-26",213,7,161,787,5158,0.293718495540907,0,0,462,364,37,1793,1,1252,26,1
"566","2020-04-27",213,7,149,774,5158,0.293718495540907,0,0,462,364,31,1824,2,1254,20,2
"567","2020-04-28",204,7,138,758,5158,0.293718495540907,0,0,462,364,44,1868,48,1302,32,48
"568","2020-04-29",195,7,147,727,5158,0.293718495540907,0,0,462,364,46,1914,21,1323,30,21
"569","2020-04-30",205,7,157,730,5158,0.293718495540907,0,0,462,364,39,1953,65,1388,23,65
"570","2020-05-01",192,7,153,717,5158,0.293718495540907,0,0,462,364,48,2001,66,1454,31,66
"571","2020-05-02",200,7,165,702,5158,0.293718495540907,0,0,462,364,38,2039,35,1489,29,35
"572","2020-05-03",212,7,191,698,5158,0.293718495540907,0,0,462,364,42,2081,68,1557,30,68
"573","2020-05-04",205,7,185,679,5158,0.293718495540907,0,0,462,364,41,2122,70,1627,23,70
"574","2020-05-05",206,7,177,658,5158,0.293718495540907,0,0,462,364,24,2146,22,1649,15,22
"575","2020-05-06",207,7,164,649,5158,0.293718495540907,0,0,462,364,33,2179,18,1667,20,18
"576","2020-05-07",183,7,184,635,5158,0.293718495540907,0,0,462,364,32,2211,28,1695,18,28
"577","2020-05-08",187,7,162,607,5158,0.293718495540907,0,0,462,364,34,2245,17,1712,21,17
"578","2020-05-09",178,7,165,598,5158,0.293718495540907,0,0,462,364,36,2281,42,1754,15,42
"579","2020-05-10",168,7,164,602,5158,0.293718495540907,0,0,462,364,29,2310,25,1779,18,25
"580","2020-05-11",164,7,146,588,5158,0.293718495540907,0,0,462,364,31,2341,17,1796,17,17
"581","2020-05-12",151,7,159,551,5158,0.293718495540907,0,0,462,364,28,2369,22,1818,18,22
"582","2020-05-13",147,7,162,540,5158,0.293718495540907,0,0,462,364,40,2409,16,1834,22,16
"583","2020-05-14",151,7,138,519,5158,0.293718495540907,0,0,462,364,41,2450,48,1882,26,48
"584","2020-05-15",143,7,148,511,5158,0.293718495540907,0,0,462,364,30,2480,38,1920,19,38
"585","2020-05-16",138,7,129,503,5158,0.293718495540907,0,0,462,364,22,2502,33,1953,16,33
"586","2020-05-17",137,7,110,495,5158,0.293718495540907,0,0,462,364,35,2537,56,2009,24,56
"587","2020-05-18",134,7,120,486,5158,0.293718495540907,0,0,462,364,26,2563,43,2052,17,43
"588","2020-05-19",134,7,128,479,5158,0.293718495540907,0,0,462,364,26,2589,33,2085,19,33
"589","2020-05-20",136,7,118,466,5158,0.293718495540907,0,0,462,364,28,2617,30,2115,11,30
"590","2020-05-21",135,7,110,453,5158,0.293718495540907,0,0,462,364,31,2648,32,2147,15,32
"591","2020-05-22",140,7,102,430,5158,0.293718495540907,0,0,462,364,21,2669,17,2164,15,17
"592","2020-05-23",132,7,90,427,5158,0.293718495540907,0,0,462,364,22,2691,17,2181,13,17
"593","2020-05-24",133,7,120,421,5158,0.293718495540907,0,0,462,364,23,2714,14,2195,11,14
"594","2020-05-25",129,7,135,389,5158,0.293718495540907,0,0,462,364,18,2732,4,2199,8,4
"595","2020-05-26",122,7,141,363,5158,0.293718495540907,0,0,462,364,26,2758,9,2208,14,9
"596","2020-05-27",107,7,135,351,5158,0.293718495540907,0,0,462,364,22,2780,27,2235,11,27
"597","2020-05-28",105,7,127,340,5158,0.293718495540907,0,0,462,364,19,2799,41,2276,12,41
"598","2020-05-29",95,7,137,328,5158,0.293718495540907,0,0,462,364,21,2820,36,2312,12,36
"599","2020-05-30",99,7,136,304,5158,0.293718495540907,0,0,462,364,15,2835,47,2359,9,47
"600","2020-05-31",92,7,130,294,5158,0.293718495540907,0,0,462,364,26,2861,36,2395,15,36
"601","2020-06-01",87,7,113,288,5158,0.293718495540907,0,0,462,364,26,2887,26,2421,14,26
"602","2020-06-02",85,7,116,264,5158,0.293718495540907,0,0,462,364,18,2905,8,2429,10,8
"603","2020-06-03",86,7,119,251,5158,0.293718495540907,0,0,462,364,19,2924,5,2434,15,5
"604","2020-06-04",77,7,108,248,5158,0.293718495540907,0,0,462,364,20,2944,1,2435,9,1
"605","2020-06-05",71,7,111,239,5158,0.293718495540907,0,0,462,364,21,2965,7,2442,18,7
"606","2020-06-06",61,7,105,225,5158,0.293718495540907,0,0,462,364,12,2977,4,2446,8,4
"607","2020-06-07",56,7,113,215,5158,0.293718495540907,0,0,462,364,17,2994,6,2452,9,6
"608","2020-03-12",2,8,64,77,4455,0.376879910213244,0,0,351,977,28,51,12,16,1,12
"609","2020-03-13",2,8,94,117,4455,0.376879910213244,0,0,351,977,31,82,6,22,3,6
"610","2020-03-14",6,8,141,152,4455,0.376879910213244,0,0,351,977,27,109,6,28,3,6
"611","2020-03-15",8,8,169,192,4455,0.376879910213244,0,0,351,977,31,140,14,42,6,14
"612","2020-03-16",15,8,161,237,4455,0.376879910213244,0,0,351,977,31,171,25,67,6,25
"613","2020-03-17",26,8,188,289,4455,0.376879910213244,0,0,351,977,30,201,22,89,7,22
"614","2020-03-18",34,8,197,337,4455,0.376879910213244,0,0,351,977,27,228,13,102,8,13
"615","2020-03-19",44,8,229,386,4455,0.376879910213244,0,0,351,977,48,276,15,117,23,15
"616","2020-03-20",53,8,263,414,4455,0.376879910213244,0,0,351,977,34,310,35,152,20,35
"617","2020-03-21",68,8,276,455,4455,0.376879910213244,0,0,351,977,36,346,17,169,14,17
"618","2020-03-22",85,8,289,492,4455,0.376879910213244,0,0,351,977,36,382,21,190,20,21
"619","2020-03-23",98,8,263,503,4455,0.376879910213244,0,0,351,977,33,415,9,199,14,9
"620","2020-03-24",109,8,258,534,4455,0.376879910213244,0,0,351,977,38,453,14,213,12,14
"621","2020-03-25",125,8,259,548,4455,0.376879910213244,0,0,351,977,51,504,9,222,23,9
"622","2020-03-26",135,8,246,554,4455,0.376879910213244,0,0,351,977,37,541,29,251,16,29
"623","2020-03-27",151,8,226,579,4455,0.376879910213244,0,0,351,977,40,581,21,272,18,21
"624","2020-03-28",153,8,221,582,4455,0.376879910213244,0,0,351,977,41,622,11,283,18,11
"625","2020-03-29",157,8,219,589,4455,0.376879910213244,0,0,351,977,31,653,38,321,12,38
"626","2020-03-30",165,8,216,577,4455,0.376879910213244,0,0,351,977,49,702,29,350,22,29
"627","2020-03-31",165,8,218,614,4455,0.376879910213244,0,0,351,977,38,740,26,376,13,26
"628","2020-04-01",161,8,207,620,4455,0.376879910213244,0,0,351,977,34,774,23,399,13,23
"629","2020-04-02",167,8,200,638,4455,0.376879910213244,0,0,351,977,58,832,30,429,15,30
"630","2020-04-03",165,8,185,648,4455,0.376879910213244,0,0,351,977,41,873,33,462,9,33
"631","2020-04-04",172,8,220,652,4455,0.376879910213244,0,0,351,977,45,918,34,496,14,34
"632","2020-04-05",181,8,254,651,4455,0.376879910213244,0,0,351,977,42,960,23,519,7,23
"633","2020-04-06",172,8,266,653,4455,0.376879910213244,0,0,351,977,41,1001,38,557,9,38
"634","2020-04-07",180,8,280,674,4455,0.376879910213244,0,0,351,977,37,1038,50,607,7,50
"635","2020-04-08",176,8,248,700,4455,0.376879910213244,0,0,351,977,44,1082,30,637,9,30
"636","2020-04-09",183,8,258,701,4455,0.376879910213244,0,0,351,977,40,1122,20,657,7,20
"637","2020-04-10",193,8,277,690,4455,0.376879910213244,0,0,351,977,37,1159,18,675,9,18
"638","2020-04-11",198,8,252,685,4455,0.376879910213244,0,0,351,977,42,1201,22,697,11,22
"639","2020-04-12",200,8,253,692,4455,0.376879910213244,0,0,351,977,32,1233,23,720,8,23
"640","2020-04-13",201,8,266,683,4455,0.376879910213244,0,0,351,977,52,1285,18,738,18,18
"641","2020-04-14",214,8,262,689,4455,0.376879910213244,0,0,351,977,35,1320,13,751,7,13
"642","2020-04-15",224,8,238,683,4455,0.376879910213244,0,0,351,977,45,1365,21,772,17,21
"643","2020-04-16",221,8,231,684,4455,0.376879910213244,0,0,351,977,42,1407,10,782,9,10
"644","2020-04-17",205,8,235,684,4455,0.376879910213244,0,0,351,977,37,1444,8,790,19,8
"645","2020-04-18",199,8,237,688,4455,0.376879910213244,0,0,351,977,41,1485,12,802,13,12
"646","2020-04-19",191,8,269,685,4455,0.376879910213244,0,0,351,977,34,1519,30,832,10,30
"647","2020-04-20",195,8,292,673,4455,0.376879910213244,0,0,351,977,48,1567,14,846,13,14
"648","2020-04-21",180,8,274,660,4455,0.376879910213244,0,0,351,977,32,1599,9,855,8,9
"649","2020-04-22",177,8,311,659,4455,0.376879910213244,0,0,351,977,47,1646,43,898,14,43
"650","2020-04-23",168,8,309,660,4455,0.376879910213244,0,0,351,977,54,1700,45,943,13,45
"651","2020-04-24",191,8,291,666,4455,0.376879910213244,0,0,351,977,49,1749,59,1002,15,59
"652","2020-04-25",201,8,263,665,4455,0.376879910213244,0,0,351,977,40,1789,38,1040,10,38
"653","2020-04-26",195,8,232,664,4455,0.376879910213244,0,0,351,977,38,1827,48,1088,16,48
"654","2020-04-27",192,8,218,656,4455,0.376879910213244,0,0,351,977,39,1866,36,1124,12,36
"655","2020-04-28",184,8,213,637,4455,0.376879910213244,0,0,351,977,42,1908,47,1171,9,47
"656","2020-04-29",184,8,205,628,4455,0.376879910213244,0,0,351,977,42,1950,60,1231,7,60
"657","2020-04-30",193,8,232,620,4455,0.376879910213244,0,0,351,977,45,1995,27,1258,11,27
"658","2020-05-01",178,8,246,609,4455,0.376879910213244,0,0,351,977,44,2039,19,1277,12,19
"659","2020-05-02",169,8,245,601,4455,0.376879910213244,0,0,351,977,42,2081,12,1289,9,12
"660","2020-05-03",166,8,253,607,4455,0.376879910213244,0,0,351,977,44,2125,23,1312,11,23
"661","2020-05-04",168,8,243,599,4455,0.376879910213244,0,0,351,977,49,2174,32,1344,15,32
"662","2020-05-05",162,8,275,580,4455,0.376879910213244,0,0,351,977,44,2218,19,1363,14,19
"663","2020-05-06",158,8,310,579,4455,0.376879910213244,0,0,351,977,42,2260,12,1375,9,12
"664","2020-05-07",150,8,326,577,4455,0.376879910213244,0,0,351,977,42,2302,12,1387,14,12
"665","2020-05-08",148,8,326,574,4455,0.376879910213244,0,0,351,977,46,2348,10,1397,19,10
"666","2020-05-09",135,8,316,564,4455,0.376879910213244,0,0,351,977,59,2407,23,1420,26,23
"667","2020-05-10",142,8,309,568,4455,0.376879910213244,0,0,351,977,35,2442,22,1442,5,22
"668","2020-05-11",135,8,292,560,4455,0.376879910213244,0,0,351,977,39,2481,28,1470,16,28
"669","2020-05-12",154,8,288,544,4455,0.376879910213244,0,0,351,977,35,2516,23,1493,11,24
"670","2020-05-13",145,8,287,541,4455,0.376879910213244,0,0,351,977,38,2554,12,1505,10,12
"671","2020-05-14",143,8,320,523,4455,0.376879910213244,0,0,351,977,43,2597,14,1519,16,14
"672","2020-05-15",147,8,319,504,4455,0.376879910213244,0,0,351,977,39,2636,16,1535,19,16
"673","2020-05-16",148,8,323,494,4455,0.376879910213244,0,0,351,977,32,2668,15,1550,13,15
"674","2020-05-17",160,8,303,476,4455,0.376879910213244,0,0,351,977,47,2715,20,1570,12,20
"675","2020-05-18",171,8,282,471,4455,0.376879910213244,0,0,351,977,29,2744,32,1602,9,32
"676","2020-05-19",161,8,261,469,4455,0.376879910213244,0,0,351,977,33,2777,36,1638,13,36
"677","2020-05-20",164,8,289,476,4455,0.376879910213244,0,0,351,977,27,2804,23,1661,11,23
"678","2020-05-21",159,8,296,450,4455,0.376879910213244,0,0,351,977,23,2827,28,1689,6,28
"679","2020-05-22",154,8,289,436,4455,0.376879910213244,0,0,351,977,28,2855,28,1717,8,28
"680","2020-05-23",158,8,306,407,4455,0.376879910213244,0,0,351,977,19,2874,17,1734,6,17
"681","2020-05-24",137,8,286,397,4455,0.376879910213244,0,0,351,977,24,2898,25,1759,10,25
"682","2020-05-25",128,8,274,379,4455,0.376879910213244,0,0,351,977,33,2931,32,1791,15,32
"683","2020-05-26",119,8,274,368,4455,0.376879910213244,0,0,351,977,27,2958,20,1811,9,20
"684","2020-05-27",122,8,260,362,4455,0.376879910213244,0,0,351,977,18,2976,32,1843,4,32
"685","2020-05-28",114,8,239,355,4455,0.376879910213244,0,0,351,977,22,2998,26,1869,7,26
"686","2020-05-29",110,8,242,353,4455,0.376879910213244,0,0,351,977,29,3027,50,1919,8,50
"687","2020-05-30",107,8,236,331,4455,0.376879910213244,0,0,351,977,22,3049,24,1943,4,24
"688","2020-05-31",102,8,237,318,4455,0.376879910213244,0,0,351,977,14,3063,36,1979,2,36
"689","2020-06-01",95,8,229,310,4455,0.376879910213244,0,0,351,977,17,3080,24,2003,5,24
"690","2020-06-02",97,8,225,293,4455,0.376879910213244,0,0,351,977,13,3093,39,2042,3,39
"691","2020-06-03",85,8,253,282,4455,0.376879910213244,0,0,351,977,20,3113,26,2068,6,26
"692","2020-06-04",89,8,263,277,4455,0.376879910213244,0,0,351,977,16,3129,21,2089,4,21
"693","2020-06-05",82,8,278,257,4455,0.376879910213244,0,0,351,977,12,3141,19,2108,NA,19
"694","2020-06-06",76,8,262,244,4455,0.376879910213244,0,0,351,977,14,3155,25,2133,4,25
"695","2020-06-07",71,8,243,232,4455,0.376879910213244,0,0,351,977,14,3169,21,2154,5,21
"696","2020-03-15",3,9,116,85,7530,0.957503320053121,0,0,639,623,13,48,14,98,6,14
"697","2020-03-16",5,9,118,135,7530,0.957503320053121,0,0,639,623,15,63,18,116,10,18
"698","2020-03-17",12,9,106,182,7530,0.957503320053121,0,0,639,623,32,95,45,161,23,45
"699","2020-03-18",16,9,99,235,7530,0.957503320053121,0,0,639,623,16,111,31,192,11,31
"700","2020-03-19",28,9,113,300,7530,0.957503320053121,0,0,639,623,28,139,20,212,22,20
"701","2020-03-20",43,9,113,371,7530,0.957503320053121,0,0,639,623,32,171,28,240,24,28
"702","2020-03-21",55,9,124,451,7530,0.957503320053121,0,0,639,623,31,202,45,285,27,45
"703","2020-03-22",79,9,153,544,7530,0.957503320053121,0,0,639,623,49,251,21,306,41,21
"704","2020-03-23",93,9,145,658,7530,0.957503320053121,0,0,639,623,46,297,21,327,39,21
"705","2020-03-24",106,9,139,823,7530,0.957503320053121,0,0,639,623,49,346,13,340,41,13
"706","2020-03-25",129,9,169,925,7530,0.957503320053121,0,0,639,623,44,390,31,371,39,31
"707","2020-03-26",150,9,160,1072,7530,0.957503320053121,0,0,639,623,46,436,19,390,41,19
"708","2020-03-27",177,9,137,1251,7530,0.957503320053121,0,0,639,623,65,501,6,396,60,6
"709","2020-03-28",207,9,116,1469,7530,0.957503320053121,0,0,639,623,59,560,9,405,55,9
"710","2020-03-29",241,9,118,1706,7530,0.957503320053121,0,0,639,623,61,621,46,451,51,46
"711","2020-03-30",292,9,146,1906,7530,0.957503320053121,0,0,639,623,60,681,49,500,51,49
"712","2020-03-31",340,9,169,2114,7530,0.957503320053121,0,0,639,623,66,747,17,517,62,17
"713","2020-04-01",401,9,173,2392,7530,0.957503320053121,0,0,639,623,85,832,37,554,81,37
"714","2020-04-02",465,9,154,2628,7530,0.957503320053121,0,0,639,623,98,930,13,567,85,13
"715","2020-04-03",531,9,126,2925,7530,0.957503320053121,0,0,639,623,88,1018,15,582,85,15
"716","2020-04-04",601,9,152,3125,7530,0.957503320053121,0,0,639,623,65,1083,22,604,63,22
"717","2020-04-05",629,9,153,3343,7530,0.957503320053121,0,0,639,623,86,1169,46,650,80,46
"718","2020-04-06",706,9,141,3483,7530,0.957503320053121,0,0,639,623,95,1264,27,677,88,27
"719","2020-04-07",784,9,141,3558,7530,0.957503320053121,0,0,639,623,87,1351,42,719,80,42
"720","2020-04-08",857,9,153,3631,7530,0.957503320053121,0,0,639,623,89,1440,27,746,84,27
"721","2020-04-09",905,9,171,3633,7530,0.957503320053121,0,0,639,623,74,1514,11,757,69,11
"722","2020-04-10",938,9,194,3564,7530,0.957503320053121,0,0,639,623,98,1612,15,772,90,15
"723","2020-04-11",971,9,219,3453,7530,0.957503320053121,0,0,639,623,91,1703,43,815,86,43
"724","2020-04-12",1038,9,199,3315,7530,0.957503320053121,0,0,639,623,94,1797,19,834,86,19
"725","2020-04-13",1045,9,181,3156,7530,0.957503320053121,0,0,639,623,89,1886,17,851,85,17
"726","2020-04-14",1037,9,179,2948,7530,0.957503320053121,0,0,639,623,110,1996,21,872,101,21
"727","2020-04-15",999,9,195,2693,7530,0.957503320053121,0,0,639,623,77,2073,3,875,64,3
"728","2020-04-16",971,9,186,2432,7530,0.957503320053121,0,0,639,623,88,2161,12,887,83,12
"729","2020-04-17",932,9,162,2186,7530,0.957503320053121,0,0,639,623,97,2258,20,907,86,20
"730","2020-04-18",892,9,143,1916,7530,0.957503320053121,0,0,639,623,91,2349,57,964,86,57
"731","2020-04-19",812,9,152,1680,7530,0.957503320053121,0,0,639,623,75,2424,64,1028,68,64
"732","2020-04-20",739,9,145,1473,7530,0.957503320053121,0,0,639,623,86,2510,62,1090,85,62
"733","2020-04-21",662,9,158,1233,7530,0.957503320053121,0,0,639,623,83,2593,30,1120,72,30
"734","2020-04-22",602,9,181,1048,7530,0.957503320053121,0,0,639,623,81,2674,31,1151,74,31
"735","2020-04-23",528,9,176,883,7530,0.957503320053121,0,0,639,623,82,2756,47,1198,75,47
"736","2020-04-24",459,9,180,728,7530,0.957503320053121,0,0,639,623,92,2848,52,1250,83,52
"737","2020-04-25",379,9,231,565,7530,0.957503320053121,0,0,639,623,85,2933,67,1317,75,67
"738","2020-04-26",324,9,243,456,7530,0.957503320053121,0,0,639,623,90,3023,27,1344,86,27
"739","2020-04-27",262,9,240,391,7530,0.957503320053121,0,0,639,623,50,3073,24,1368,41,24
"740","2020-04-28",221,9,242,313,7530,0.957503320053121,0,0,639,623,50,3123,15,1383,46,15
"741","2020-04-29",171,9,224,260,7530,0.957503320053121,0,0,639,623,69,3192,20,1403,63,20
"742","2020-04-30",140,9,210,216,7530,0.957503320053121,0,0,639,623,64,3256,44,1447,59,44
"743","2020-05-01",110,9,196,177,7530,0.957503320053121,0,0,639,623,58,3314,25,1472,52,25
"744","2020-05-02",91,9,173,153,7530,0.957503320053121,0,0,639,623,61,3375,36,1508,54,36
"745","2020-05-03",74,9,159,138,7530,0.957503320053121,0,0,639,623,43,3418,25,1533,37,25
"746","2020-05-04",64,9,186,126,7530,0.957503320053121,0,0,639,623,66,3484,16,1549,62,16
"747","2020-05-05",49,9,178,111,7530,0.957503320053121,0,0,639,623,36,3520,14,1563,32,14
"748","2020-05-06",42,9,180,93,7530,0.957503320053121,0,0,639,623,48,3568,11,1574,43,11
"749","2020-05-07",34,9,205,84,7530,0.957503320053121,0,0,639,623,41,3609,41,1615,36,41
"750","2020-05-08",32,9,208,77,7530,0.957503320053121,0,0,639,623,39,3648,23,1638,35,23
"751","2020-05-09",33,9,218,70,7530,0.957503320053121,0,0,639,623,31,3679,74,1712,26,74
"752","2020-05-10",31,9,237,71,7530,0.957503320053121,0,0,639,623,43,3722,18,1730,36,18
"753","2020-05-11",25,9,237,64,7530,0.957503320053121,0,0,639,623,38,3760,14,1744,37,14
"754","2020-05-12",22,9,237,54,7530,0.957503320053121,0,0,639,623,28,3788,42,1786,27,42
"755","2020-05-13",18,9,250,48,7530,0.957503320053121,0,0,639,623,41,3829,16,1802,34,16
"756","2020-05-14",17,9,262,43,7530,0.957503320053121,0,0,639,623,34,3863,18,1820,28,18
"757","2020-05-15",19,9,246,39,7530,0.957503320053121,0,0,639,623,26,3889,17,1837,23,17
"758","2020-05-16",14,9,226,32,7530,0.957503320053121,0,0,639,623,20,3909,45,1882,17,45
"759","2020-05-17",14,9,206,38,7530,0.957503320053121,0,0,639,623,32,3941,56,1938,29,56
"760","2020-05-18",15,9,199,38,7530,0.957503320053121,0,0,639,623,19,3960,61,1999,18,61
"761","2020-05-19",15,9,217,33,7530,0.957503320053121,0,0,639,623,23,3983,64,2063,18,64
"762","2020-05-20",14,9,239,32,7530,0.957503320053121,0,0,639,623,25,4008,38,2101,24,38
"763","2020-05-21",15,9,231,32,7530,0.957503320053121,0,0,639,623,19,4027,32,2133,15,32
"764","2020-05-22",12,9,221,32,7530,0.957503320053121,0,0,639,623,23,4050,27,2160,18,27
"765","2020-05-23",10,9,223,31,7530,0.957503320053121,0,0,639,623,26,4076,13,2173,22,13
"766","2020-05-24",10,9,206,34,7530,0.957503320053121,0,0,639,623,13,4089,39,2212,12,39
"767","2020-05-25",9,9,196,33,7530,0.957503320053121,0,0,639,623,22,4111,22,2234,18,22
"768","2020-05-26",7,9,211,31,7530,0.957503320053121,0,0,639,623,19,4130,15,2249,16,15
"769","2020-05-27",7,9,202,30,7530,0.957503320053121,0,0,639,623,18,4148,25,2274,16,25
"770","2020-05-28",5,9,167,30,7530,0.957503320053121,0,0,639,623,13,4161,41,2315,10,41
"771","2020-05-29",5,9,141,28,7530,0.957503320053121,0,0,639,623,15,4176,25,2340,13,25
"772","2020-05-30",7,9,128,24,7530,0.957503320053121,0,0,639,623,13,4189,11,2351,10,11
"773","2020-05-31",5,9,119,22,7530,0.957503320053121,0,0,639,623,22,4211,3,2354,18,3
"774","2020-06-01",5,9,112,22,7530,0.957503320053121,0,0,639,623,16,4227,7,2361,13,7
"775","2020-06-02",6,9,98,21,7530,0.957503320053121,0,0,639,623,11,4238,8,2369,11,8
"776","2020-06-03",5,9,100,22,7530,0.957503320053121,0,0,639,623,12,4250,2,2371,11,2
"777","2020-06-04",3,9,131,19,7530,0.957503320053121,0,0,639,623,11,4261,2,2373,9,2
"778","2020-06-05",3,9,160,18,7530,0.957503320053121,0,0,639,623,11,4272,3,2376,11,3
"779","2020-06-06",2,9,177,19,7530,0.957503320053121,0,0,639,623,9,4281,NA,NA,8,NA
"780","2020-06-07",4,9,174,20,7530,0.957503320053121,0,0,639,623,13,4294,2,2378,12,2
"781","2020-03-14",1,10,61,39,2019,0.599306587419515,0,0,195,681,30,102,15,57,1,15
"782","2020-03-15",4,10,60,54,2019,0.599306587419515,0,0,195,681,42,144,18,75,11,18
"783","2020-03-16",5,10,59,73,2019,0.599306587419515,0,0,195,681,37,181,8,83,16,8
"784","2020-03-17",8,10,54,95,2019,0.599306587419515,0,0,195,681,37,218,7,90,21,7
"785","2020-03-18",8,10,61,118,2019,0.599306587419515,0,0,195,681,41,259,5,95,21,5
"786","2020-03-19",15,10,63,129,2019,0.599306587419515,0,0,195,681,39,298,11,106,23,11
"787","2020-03-20",19,10,66,149,2019,0.599306587419515,0,0,195,681,44,342,7,113,26,7
"788","2020-03-21",21,10,88,182,2019,0.599306587419515,0,0,195,681,65,407,7,120,37,7
"789","2020-03-22",22,10,104,199,2019,0.599306587419515,0,0,195,681,54,461,2,122,32,2
"790","2020-03-23",28,10,116,225,2019,0.599306587419515,0,0,195,681,72,533,3,125,51,3
"791","2020-03-24",33,10,116,241,2019,0.599306587419515,0,0,195,681,81,614,25,150,60,25
"792","2020-03-25",41,10,124,261,2019,0.599306587419515,0,0,195,681,59,673,32,182,43,32
"793","2020-03-26",41,10,125,279,2019,0.599306587419515,0,0,195,681,70,743,16,198,52,16
"794","2020-03-27",55,10,136,289,2019,0.599306587419515,0,0,195,681,65,808,15,213,42,15
"795","2020-03-28",65,10,159,286,2019,0.599306587419515,0,0,195,681,71,879,15,228,58,15
"796","2020-03-29",73,10,187,293,2019,0.599306587419515,0,0,195,681,83,962,10,238,53,10
"797","2020-03-30",75,10,192,311,2019,0.599306587419515,0,0,195,681,71,1033,11,249,55,11
"798","2020-03-31",78,10,180,314,2019,0.599306587419515,0,0,195,681,85,1118,29,278,63,29
"799","2020-04-01",84,10,162,328,2019,0.599306587419515,0,0,195,681,94,1212,32,310,67,32
"800","2020-04-02",92,10,139,316,2019,0.599306587419515,0,0,195,681,91,1303,17,327,74,17
"801","2020-04-03",84,10,157,303,2019,0.599306587419515,0,0,195,681,82,1385,25,352,53,25
"802","2020-04-04",80,10,146,296,2019,0.599306587419515,0,0,195,681,88,1473,34,386,66,34
"803","2020-04-05",79,10,125,298,2019,0.599306587419515,0,0,195,681,99,1572,42,428,80,42
"804","2020-04-06",85,10,121,296,2019,0.599306587419515,0,0,195,681,83,1655,42,470,57,42
"805","2020-04-07",89,10,149,285,2019,0.599306587419515,0,0,195,681,79,1734,31,501,53,31
"806","2020-04-08",85,10,165,278,2019,0.599306587419515,0,0,195,681,106,1840,33,534,75,33
"807","2020-04-09",77,10,150,273,2019,0.599306587419515,0,0,195,681,87,1927,31,565,57,31
"808","2020-04-10",84,10,134,280,2019,0.599306587419515,0,0,195,681,90,2017,24,589,67,24
"809","2020-04-11",88,10,171,280,2019,0.599306587419515,0,0,195,681,104,2121,27,616,74,27
"810","2020-04-12",84,10,168,276,2019,0.599306587419515,0,0,195,681,79,2200,38,654,63,38
"811","2020-04-13",82,10,188,267,2019,0.599306587419515,0,0,195,681,68,2268,25,679,48,25
"812","2020-04-14",76,10,199,266,2019,0.599306587419515,0,0,195,681,89,2357,20,699,67,20
"813","2020-04-15",81,10,207,267,2019,0.599306587419515,0,0,195,681,90,2447,34,733,63,34
"814","2020-04-16",84,10,217,275,2019,0.599306587419515,0,0,195,681,80,2527,24,757,61,24
"815","2020-04-17",77,10,200,272,2019,0.599306587419515,0,0,195,681,77,2604,23,780,44,23
"816","2020-04-18",74,10,209,249,2019,0.599306587419515,0,0,195,681,76,2680,20,800,53,20
"817","2020-04-19",80,10,203,236,2019,0.599306587419515,0,0,195,681,80,2760,24,824,56,24
"818","2020-04-20",77,10,183,247,2019,0.599306587419515,0,0,195,681,79,2839,33,857,53,33
"819","2020-04-21",79,10,149,247,2019,0.599306587419515,0,0,195,681,84,2923,28,885,64,28
"820","2020-04-22",68,10,124,242,2019,0.599306587419515,0,0,195,681,73,2996,27,912,49,27
"821","2020-04-23",70,10,114,255,2019,0.599306587419515,0,0,195,681,70,3066,23,935,49,23
"822","2020-04-24",71,10,106,254,2019,0.599306587419515,0,0,195,681,49,3115,21,956,30,21
"823","2020-04-25",70,10,116,265,2019,0.599306587419515,0,0,195,681,65,3180,9,965,44,9
"824","2020-04-26",68,10,163,273,2019,0.599306587419515,0,0,195,681,70,3250,34,999,51,34
"825","2020-04-27",70,10,170,275,2019,0.599306587419515,0,0,195,681,63,3313,22,1021,48,22
"826","2020-04-28",71,10,213,272,2019,0.599306587419515,0,0,195,681,58,3371,19,1040,30,19
"827","2020-04-29",77,10,248,276,2019,0.599306587419515,0,0,195,681,72,3443,24,1064,47,24
"828","2020-04-30",76,10,248,285,2019,0.599306587419515,0,0,195,681,51,3494,14,1078,35,14
"829","2020-05-01",78,10,228,285,2019,0.599306587419515,0,0,195,681,74,3568,21,1099,57,21
"830","2020-05-02",77,10,198,283,2019,0.599306587419515,0,0,195,681,40,3608,28,1127,24,28
"831","2020-05-03",78,10,186,278,2019,0.599306587419515,0,0,195,681,43,3651,31,1158,28,31
"832","2020-05-04",80,10,171,275,2019,0.599306587419515,0,0,195,681,50,3701,20,1178,31,20
"833","2020-05-05",80,10,170,260,2019,0.599306587419515,0,0,195,681,55,3756,28,1206,32,28
"834","2020-05-06",79,10,157,257,2019,0.599306587419515,0,0,195,681,40,3796,24,1230,24,24
"835","2020-05-07",86,10,184,265,2019,0.599306587419515,0,0,195,681,35,3831,12,1242,19,12
"836","2020-05-08",84,10,173,261,2019,0.599306587419515,0,0,195,681,38,3869,13,1255,22,13
"837","2020-05-09",79,10,182,257,2019,0.599306587419515,0,0,195,681,49,3918,32,1287,31,32
"838","2020-05-10",79,10,217,270,2019,0.599306587419515,0,0,195,681,48,3966,17,1304,29,17
"839","2020-05-11",80,10,210,273,2019,0.599306587419515,0,0,195,681,31,3997,27,1331,19,27
"840","2020-05-12",85,10,173,276,2019,0.599306587419515,0,0,195,681,46,4043,24,1355,25,24
"841","2020-05-13",82,10,208,277,2019,0.599306587419515,0,0,195,681,44,4087,34,1389,29,34
"842","2020-05-14",78,10,229,288,2019,0.599306587419515,0,0,195,681,51,4138,17,1406,30,17
"843","2020-05-15",75,10,235,276,2019,0.599306587419515,0,0,195,681,40,4178,16,1422,19,16
"844","2020-05-16",84,10,212,268,2019,0.599306587419515,0,0,195,681,32,4210,35,1457,21,35
"845","2020-05-17",82,10,198,266,2019,0.599306587419515,0,0,195,681,42,4252,13,1470,23,13
"846","2020-05-18",76,10,185,263,2019,0.599306587419515,0,0,195,681,25,4277,16,1486,15,16
"847","2020-05-19",65,10,168,255,2019,0.599306587419515,0,0,195,681,20,4297,9,1495,12,9
"848","2020-05-20",76,10,156,259,2019,0.599306587419515,0,0,195,681,26,4323,17,1512,17,17
"849","2020-05-21",70,10,137,254,2019,0.599306587419515,0,0,195,681,30,4353,27,1539,20,27
"850","2020-05-22",75,10,161,247,2019,0.599306587419515,0,0,195,681,31,4384,36,1575,21,36
"851","2020-05-23",73,10,177,240,2019,0.599306587419515,0,0,195,681,27,4411,32,1607,18,32
"852","2020-05-24",75,10,181,237,2019,0.599306587419515,0,0,195,681,23,4434,26,1633,12,26
"853","2020-05-25",73,10,187,236,2019,0.599306587419515,0,0,195,681,24,4458,26,1659,13,26
"854","2020-05-26",74,10,201,228,2019,0.599306587419515,0,0,195,681,24,4482,9,1668,11,9
"855","2020-05-27",68,10,199,215,2019,0.599306587419515,0,0,195,681,21,4503,17,1685,8,17
"856","2020-05-28",69,10,209,204,2019,0.599306587419515,0,0,195,681,28,4531,13,1698,16,13
"857","2020-05-29",62,10,199,192,2019,0.599306587419515,0,0,195,681,28,4559,17,1715,17,17
"858","2020-05-30",57,10,198,180,2019,0.599306587419515,0,0,195,681,12,4571,23,1738,8,23
"859","2020-05-31",54,10,191,168,2019,0.599306587419515,0,0,195,681,22,4593,29,1767,14,29
"860","2020-06-01",52,10,187,169,2019,0.599306587419515,0,0,195,681,21,4614,8,1775,14,8
"861","2020-06-02",49,10,161,164,2019,0.599306587419515,0,0,195,681,22,4636,20,1795,16,20
"862","2020-06-03",49,10,135,170,2019,0.599306587419515,0,0,195,681,17,4653,18,1813,11,18
"863","2020-06-04",48,10,111,159,2019,0.599306587419515,0,0,195,681,8,4661,8,1821,4,8
"864","2020-06-05",49,10,109,164,2019,0.599306587419515,0,0,195,681,18,4679,7,1828,11,7
"865","2020-06-06",52,10,98,159,2019,0.599306587419515,0,0,195,681,10,4689,12,1840,3,12
"866","2020-06-07",48,10,86,162,2019,0.599306587419515,0,0,195,681,12,4701,21,1861,10,21
"867","2020-03-14",2,11,137,121,4253,0.413355278626852,0,0,374,776,51,172,60,167,13,60
"868","2020-03-15",7,11,133,167,4253,0.413355278626852,0,0,374,776,70,242,61,228,22,61
"869","2020-03-16",10,11,116,214,4253,0.413355278626852,0,0,374,776,59,301,46,274,18,46
"870","2020-03-17",17,11,103,273,4253,0.413355278626852,0,0,374,776,59,360,33,307,22,33
"871","2020-03-18",35,11,95,306,4253,0.413355278626852,0,0,374,776,49,409,58,365,17,58
"872","2020-03-19",44,11,89,349,4253,0.413355278626852,0,0,374,776,60,469,44,409,20,44
"873","2020-03-20",67,11,109,396,4253,0.413355278626852,0,0,374,776,74,543,62,471,32,62
"874","2020-03-21",84,11,124,444,4253,0.413355278626852,0,0,374,776,65,608,49,520,34,49
"875","2020-03-22",93,11,138,495,4253,0.413355278626852,0,0,374,776,80,688,33,553,39,33
"876","2020-03-23",106,11,127,544,4253,0.413355278626852,0,0,374,776,85,773,45,598,41,45
"877","2020-03-24",118,11,140,577,4253,0.413355278626852,0,0,374,776,67,840,59,657,30,59
"878","2020-03-25",130,11,137,608,4253,0.413355278626852,0,0,374,776,69,909,59,716,39,59
"879","2020-03-26",152,11,122,640,4253,0.413355278626852,0,0,374,776,72,981,56,772,37,56
"880","2020-03-27",149,11,121,679,4253,0.413355278626852,0,0,374,776,69,1050,52,824,33,52
"881","2020-03-28",155,11,136,715,4253,0.413355278626852,0,0,374,776,83,1133,41,865,42,41
"882","2020-03-29",178,11,150,710,4253,0.413355278626852,0,0,374,776,76,1209,49,914,35,49
"883","2020-03-30",189,11,149,714,4253,0.413355278626852,0,0,374,776,76,1285,39,953,31,39
"884","2020-03-31",192,11,152,738,4253,0.413355278626852,0,0,374,776,80,1365,38,991,42,38
"885","2020-04-01",186,11,157,778,4253,0.413355278626852,0,0,374,776,54,1419,45,1036,29,45
"886","2020-04-02",183,11,180,784,4253,0.413355278626852,0,0,374,776,80,1499,31,1067,39,31
"887","2020-04-03",201,11,207,756,4253,0.413355278626852,0,0,374,776,73,1572,43,1110,33,43
"888","2020-04-04",212,11,193,733,4253,0.413355278626852,0,0,374,776,80,1652,41,1151,40,41
"889","2020-04-05",205,11,178,722,4253,0.413355278626852,0,0,374,776,68,1720,47,1198,27,47
"890","2020-04-06",212,11,161,702,4253,0.413355278626852,0,0,374,776,81,1801,31,1229,44,31
"891","2020-04-07",231,11,146,714,4253,0.413355278626852,0,0,374,776,57,1858,42,1271,17,42
"892","2020-04-08",233,11,141,702,4253,0.413355278626852,0,0,374,776,76,1934,39,1310,32,39
"893","2020-04-09",226,11,167,696,4253,0.413355278626852,0,0,374,776,73,2007,29,1339,33,29
"894","2020-04-10",226,11,182,681,4253,0.413355278626852,0,0,374,776,77,2084,35,1374,33,35
"895","2020-04-11",209,11,207,685,4253,0.413355278626852,0,0,374,776,79,2163,27,1401,33,27
"896","2020-04-12",195,11,186,680,4253,0.413355278626852,0,0,374,776,75,2238,37,1438,28,37
"897","2020-04-13",196,11,190,649,4253,0.413355278626852,0,0,374,776,69,2307,34,1472,20,34
"898","2020-04-14",198,11,173,658,4253,0.413355278626852,0,0,374,776,75,2382,40,1512,32,40
"899","2020-04-15",187,11,147,657,4253,0.413355278626852,0,0,374,776,70,2452,59,1571,35,59
"900","2020-04-16",185,11,132,663,4253,0.413355278626852,0,0,374,776,73,2525,47,1618,25,47
"901","2020-04-17",182,11,119,665,4253,0.413355278626852,0,0,374,776,74,2599,50,1668,31,50
"902","2020-04-18",187,11,114,673,4253,0.413355278626852,0,0,374,776,57,2656,51,1719,21,51
"903","2020-04-19",200,11,94,696,4253,0.413355278626852,0,0,374,776,60,2716,42,1761,22,42
"904","2020-04-20",193,11,95,694,4253,0.413355278626852,0,0,374,776,62,2778,38,1799,26,38
"905","2020-04-21",178,11,155,706,4253,0.413355278626852,0,0,374,776,67,2845,38,1837,24,38
"906","2020-04-22",200,11,174,719,4253,0.413355278626852,0,0,374,776,73,2918,29,1866,31,29
"907","2020-04-23",210,11,182,695,4253,0.413355278626852,0,0,374,776,75,2993,34,1900,31,34
"908","2020-04-24",205,11,188,700,4253,0.413355278626852,0,0,374,776,78,3071,36,1936,28,36
"909","2020-04-25",207,11,230,712,4253,0.413355278626852,0,0,374,776,56,3127,44,1980,19,44
"910","2020-04-26",206,11,232,726,4253,0.413355278626852,0,0,374,776,71,3198,54,2034,39,54
"911","2020-04-27",210,11,252,711,4253,0.413355278626852,0,0,374,776,70,3268,53,2087,29,53
"912","2020-04-28",210,11,267,694,4253,0.413355278626852,0,0,374,776,58,3326,61,2148,25,61
"913","2020-04-29",196,11,270,675,4253,0.413355278626852,0,0,374,776,42,3368,39,2187,15,39
"914","2020-04-30",195,11,222,657,4253,0.413355278626852,0,0,374,776,60,3428,30,2217,25,30
"915","2020-05-01",188,11,195,638,4253,0.413355278626852,0,0,374,776,55,3483,48,2265,18,48
"916","2020-05-02",184,11,177,615,4253,0.413355278626852,0,0,374,776,72,3555,56,2321,30,56
"917","2020-05-03",188,11,185,601,4253,0.413355278626852,0,0,374,776,58,3613,36,2357,22,36
"918","2020-05-04",183,11,173,557,4253,0.413355278626852,0,0,374,776,53,3666,44,2401,19,44
"919","2020-05-05",177,11,180,530,4253,0.413355278626852,0,0,374,776,42,3708,35,2436,18,35
"920","2020-05-06",174,11,164,517,4253,0.413355278626852,0,0,374,776,38,3746,43,2479,12,43
"921","2020-05-07",166,11,199,514,4253,0.413355278626852,0,0,374,776,58,3804,45,2524,25,45
"922","2020-05-08",166,11,246,491,4253,0.413355278626852,0,0,374,776,45,3849,52,2576,22,52
"923","2020-05-09",161,11,243,467,4253,0.413355278626852,0,0,374,776,59,3908,51,2627,20,51
"924","2020-05-10",150,11,226,458,4253,0.413355278626852,0,0,374,776,45,3953,36,2663,11,36
"925","2020-05-11",138,11,231,449,4253,0.413355278626852,0,0,374,776,44,3997,38,2701,19,38
"926","2020-05-12",131,11,213,441,4253,0.413355278626852,0,0,374,776,48,4045,36,2737,22,36
"927","2020-05-13",128,11,250,436,4253,0.413355278626852,0,0,374,776,36,4081,39,2776,10,39
"928","2020-05-14",126,11,268,428,4253,0.413355278626852,0,0,374,776,42,4123,39,2815,13,39
"929","2020-05-15",122,11,287,411,4253,0.413355278626852,0,0,374,776,40,4163,60,2875,18,60
"930","2020-05-16",120,11,290,406,4253,0.413355278626852,0,0,374,776,32,4195,68,2943,13,68
"931","2020-05-17",120,11,296,402,4253,0.413355278626852,0,0,374,776,39,4234,64,3007,14,64
"932","2020-05-18",119,11,302,387,4253,0.413355278626852,0,0,374,776,36,4270,53,3060,14,53
"933","2020-05-19",120,11,303,365,4253,0.413355278626852,0,0,374,776,34,4304,38,3098,11,38
"934","2020-05-20",117,11,307,355,4253,0.413355278626852,0,0,374,776,37,4341,48,3146,13,48
"935","2020-05-21",122,11,276,329,4253,0.413355278626852,0,0,374,776,34,4375,46,3192,10,46
"936","2020-05-22",115,11,248,303,4253,0.413355278626852,0,0,374,776,31,4406,45,3237,8,45
"937","2020-05-23",114,11,229,287,4253,0.413355278626852,0,0,374,776,28,4434,52,3289,6,52
"938","2020-05-24",102,11,190,266,4253,0.413355278626852,0,0,374,776,23,4457,40,3329,7,40
"939","2020-05-25",99,11,167,248,4253,0.413355278626852,0,0,374,776,18,4475,41,3370,7,41
"940","2020-05-26",92,11,159,236,4253,0.413355278626852,0,0,374,776,27,4502,46,3416,7,46
"941","2020-05-27",83,11,172,226,4253,0.413355278626852,0,0,374,776,29,4531,28,3444,7,28
"942","2020-05-28",68,11,161,215,4253,0.413355278626852,0,0,374,776,29,4560,53,3497,16,53
"943","2020-05-29",70,11,151,211,4253,0.413355278626852,0,0,374,776,28,4588,43,3540,12,43
"944","2020-05-30",68,11,135,212,4253,0.413355278626852,0,0,374,776,26,4614,49,3589,10,49
"945","2020-05-31",66,11,125,217,4253,0.413355278626852,0,0,374,776,27,4641,39,3628,13,39
"946","2020-06-01",57,11,128,215,4253,0.413355278626852,0,0,374,776,26,4667,51,3679,9,51
"947","2020-06-02",54,11,119,200,4253,0.413355278626852,0,0,374,776,19,4686,44,3723,12,44
"948","2020-06-03",61,11,94,194,4253,0.413355278626852,0,0,374,776,16,4702,45,3768,8,45
"949","2020-06-04",62,11,84,185,4253,0.413355278626852,0,0,374,776,18,4720,45,3813,9,45
"950","2020-06-05",57,11,82,187,4253,0.413355278626852,0,0,374,776,25,4745,57,3870,9,57
"951","2020-06-06",48,11,65,180,4253,0.413355278626852,0,0,374,776,15,4760,34,3904,4,34
"952","2020-06-07",46,11,55,180,4253,0.413355278626852,0,0,374,776,21,4781,41,3945,10,41
"953","2020-03-13",4,12,39,103,4280,0.274065420560748,0,0,331,568,19,46,16,41,3,16
"954","2020-03-14",8,12,50,140,4280,0.274065420560748,0,0,331,568,29,75,9,50,6,9
"955","2020-03-15",9,12,57,181,4280,0.274065420560748,0,0,331,568,33,108,8,58,12,8
"956","2020-03-16",13,12,58,220,4280,0.274065420560748,0,0,331,568,30,138,22,80,14,22
"957","2020-03-17",21,12,64,263,4280,0.274065420560748,0,0,331,568,32,170,15,95,14,15
"958","2020-03-18",32,12,65,315,4280,0.274065420560748,0,0,331,568,48,218,5,100,32,5
"959","2020-03-19",49,12,76,349,4280,0.274065420560748,0,0,331,568,34,252,7,107,17,7
"960","2020-03-20",59,12,76,388,4280,0.274065420560748,0,0,331,568,59,311,31,138,28,31
"961","2020-03-21",67,12,103,407,4280,0.274065420560748,0,0,331,568,55,366,42,180,40,42
"962","2020-03-22",75,12,105,445,4280,0.274065420560748,0,0,331,568,41,407,37,217,27,37
"963","2020-03-23",87,12,108,479,4280,0.274065420560748,0,0,331,568,63,470,13,230,44,13
"964","2020-03-24",96,12,115,503,4280,0.274065420560748,0,0,331,568,68,538,12,242,44,12
"965","2020-03-25",106,12,135,528,4280,0.274065420560748,0,0,331,568,69,607,13,255,54,13
"966","2020-03-26",109,12,140,555,4280,0.274065420560748,0,0,331,568,70,677,32,287,43,32
"967","2020-03-27",120,12,137,554,4280,0.274065420560748,0,0,331,568,51,728,25,312,36,25
"968","2020-03-28",129,12,160,558,4280,0.274065420560748,0,0,331,568,70,798,39,351,46,39
"969","2020-03-29",144,12,184,556,4280,0.274065420560748,0,0,331,568,70,868,23,374,51,23
"970","2020-03-30",149,12,201,585,4280,0.274065420560748,0,0,331,568,73,941,21,395,56,21
"971","2020-03-31",164,12,197,593,4280,0.274065420560748,0,0,331,568,76,1017,48,443,58,48
"972","2020-04-01",160,12,188,589,4280,0.274065420560748,0,0,331,568,72,1089,43,486,56,43
"973","2020-04-02",164,12,186,614,4280,0.274065420560748,0,0,331,568,74,1163,35,521,54,35
"974","2020-04-03",173,12,190,629,4280,0.274065420560748,0,0,331,568,77,1240,50,571,61,50
"975","2020-04-04",179,12,178,618,4280,0.274065420560748,0,0,331,568,88,1328,30,601,63,30
"976","2020-04-05",182,12,161,615,4280,0.274065420560748,0,0,331,568,85,1413,21,622,63,21
"977","2020-04-06",177,12,149,610,4280,0.274065420560748,0,0,331,568,63,1476,25,647,52,25
"978","2020-04-07",171,12,139,607,4280,0.274065420560748,0,0,331,568,65,1541,35,682,49,35
"979","2020-04-08",188,12,137,624,4280,0.274065420560748,0,0,331,568,73,1614,28,710,60,28
"980","2020-04-09",184,12,142,628,4280,0.274065420560748,0,0,331,568,84,1698,16,726,66,16
"981","2020-04-10",170,12,174,636,4280,0.274065420560748,0,0,331,568,71,1769,40,766,48,40
"982","2020-04-11",169,12,190,647,4280,0.274065420560748,0,0,331,568,76,1845,24,790,61,24
"983","2020-04-12",170,12,175,653,4280,0.274065420560748,0,0,331,568,82,1927,61,851,58,61
"984","2020-04-13",182,12,182,680,4280,0.274065420560748,0,0,331,568,67,1994,43,894,42,43
"985","2020-04-14",178,12,200,681,4280,0.274065420560748,0,0,331,568,68,2062,18,912,49,18
"986","2020-04-15",179,12,183,682,4280,0.274065420560748,0,0,331,568,62,2124,59,971,43,59
"987","2020-04-16",188,12,204,693,4280,0.274065420560748,0,0,331,568,73,2197,29,1000,62,29
"988","2020-04-17",200,12,216,695,4280,0.274065420560748,0,0,331,568,76,2273,26,1026,62,26
"989","2020-04-18",204,12,217,690,4280,0.274065420560748,0,0,331,568,58,2331,49,1075,40,49
"990","2020-04-19",194,12,225,660,4280,0.274065420560748,0,0,331,568,73,2404,44,1119,55,44
"991","2020-04-20",194,12,235,671,4280,0.274065420560748,0,0,331,568,79,2483,40,1159,59,40
"992","2020-04-21",189,12,246,671,4280,0.274065420560748,0,0,331,568,66,2549,58,1217,50,58
"993","2020-04-22",182,12,251,657,4280,0.274065420560748,0,0,331,568,68,2617,37,1254,58,37
"994","2020-04-23",180,12,250,652,4280,0.274065420560748,0,0,331,568,61,2678,16,1270,50,16
"995","2020-04-24",169,12,268,663,4280,0.274065420560748,0,0,331,568,70,2748,52,1322,52,52
"996","2020-04-25",162,12,277,651,4280,0.274065420560748,0,0,331,568,67,2815,66,1388,43,66
"997","2020-04-26",178,12,269,644,4280,0.274065420560748,0,0,331,568,68,2883,30,1418,51,30
"998","2020-04-27",176,12,244,627,4280,0.274065420560748,0,0,331,568,56,2939,56,1474,42,56
"999","2020-04-28",188,12,258,617,4280,0.274065420560748,0,0,331,568,59,2998,47,1521,44,47
"1000","2020-04-29",180,12,245,599,4280,0.274065420560748,0,0,331,568,55,3053,27,1548,43,27
"1001","2020-04-30",170,12,232,600,4280,0.274065420560748,0,0,331,568,61,3114,10,1558,43,10
"1002","2020-05-01",181,12,234,594,4280,0.274065420560748,0,0,331,568,57,3171,7,1565,37,7
"1003","2020-05-02",176,12,231,588,4280,0.274065420560748,0,0,331,568,48,3219,32,1597,38,32
"1004","2020-05-03",163,12,225,585,4280,0.274065420560748,0,0,331,568,56,3275,22,1619,32,22
"1005","2020-05-04",162,12,232,559,4280,0.274065420560748,0,0,331,568,58,3333,18,1637,36,18
"1006","2020-05-05",158,12,237,570,4280,0.274065420560748,0,0,331,568,44,3377,19,1656,27,19
"1007","2020-05-06",161,12,208,565,4280,0.274065420560748,0,0,331,568,58,3435,36,1692,37,36
"1008","2020-05-07",171,12,196,568,4280,0.274065420560748,0,0,331,568,40,3475,43,1735,31,43
"1009","2020-05-08",160,12,196,568,4280,0.274065420560748,0,0,331,568,55,3530,17,1752,44,17
"1010","2020-05-09",169,12,180,557,4280,0.274065420560748,0,0,331,568,36,3566,21,1773,24,21
"1011","2020-05-10",182,12,171,544,4280,0.274065420560748,0,0,331,568,42,3608,50,1823,20,50
"1012","2020-05-11",177,12,184,528,4280,0.274065420560748,0,0,331,568,38,3646,55,1878,27,55
"1013","2020-05-12",181,12,200,536,4280,0.274065420560748,0,0,331,568,45,3691,46,1924,35,46
"1014","2020-05-13",172,12,191,528,4280,0.274065420560748,0,0,331,568,47,3738,34,1958,33,34
"1015","2020-05-14",164,12,184,506,4280,0.274065420560748,0,0,331,568,39,3777,30,1988,23,30
"1016","2020-05-15",171,12,201,503,4280,0.274065420560748,0,0,331,568,34,3811,14,2002,27,14
"1017","2020-05-16",168,12,196,497,4280,0.274065420560748,0,0,331,568,29,3840,19,2021,15,19
"1018","2020-05-17",147,12,189,476,4280,0.274065420560748,0,0,331,568,31,3871,13,2034,17,13
"1019","2020-05-18",138,12,209,467,4280,0.274065420560748,0,0,331,568,31,3902,18,2052,15,18
"1020","2020-05-19",128,12,221,446,4280,0.274065420560748,0,0,331,568,39,3941,13,2065,23,13
"1021","2020-05-20",127,12,219,416,4280,0.274065420560748,0,0,331,568,21,3962,43,2108,18,43
"1022","2020-05-21",128,12,210,410,4280,0.274065420560748,0,0,331,568,30,3992,36,2144,21,36
"1023","2020-05-22",113,12,204,405,4280,0.274065420560748,0,0,331,568,42,4034,33,2177,31,33
"1024","2020-05-23",106,12,198,375,4280,0.274065420560748,0,0,331,568,33,4067,8,2185,23,8
"1025","2020-05-24",113,12,191,366,4280,0.274065420560748,0,0,331,568,24,4091,11,2196,16,11
"1026","2020-05-25",112,12,188,348,4280,0.274065420560748,0,0,331,568,19,4110,6,2202,15,6
"1027","2020-05-26",105,12,190,326,4280,0.274065420560748,0,0,331,568,34,4144,29,2231,26,29
"1028","2020-05-27",114,12,202,314,4280,0.274065420560748,0,0,331,568,21,4165,13,2244,12,13
"1029","2020-05-28",102,12,217,317,4280,0.274065420560748,0,0,331,568,21,4186,11,2255,13,11
"1030","2020-05-29",95,12,224,302,4280,0.274065420560748,0,0,331,568,22,4208,7,2262,12,7
"1031","2020-05-30",90,12,213,294,4280,0.274065420560748,0,0,331,568,15,4223,4,2266,10,4
"1032","2020-05-31",82,12,203,287,4280,0.274065420560748,0,0,331,568,22,4245,2,2268,12,2
"1033","2020-06-01",87,12,208,275,4280,0.274065420560748,0,0,331,568,17,4262,23,2291,13,23
"1034","2020-06-02",89,12,200,266,4280,0.274065420560748,0,0,331,568,20,4282,23,2314,15,23
"1035","2020-06-03",74,12,198,258,4280,0.274065420560748,0,0,331,568,13,4295,13,2327,8,13
"1036","2020-06-04",73,12,200,247,4280,0.274065420560748,0,0,331,568,15,4310,29,2356,11,29
"1037","2020-06-05",78,12,183,235,4280,0.274065420560748,0,0,331,568,22,4332,13,2369,19,13
"1038","2020-06-06",72,12,177,216,4280,0.274065420560748,0,0,331,568,15,4347,14,2383,12,14
"1039","2020-06-07",74,12,185,212,4280,0.274065420560748,0,0,331,568,17,4364,24,2407,10,24
"1040","2020-03-13",1,13,27,26,2117,0.489844119036372,0,0,199,569,21,75,11,34,4,11
"1041","2020-03-14",2,13,34,35,2117,0.489844119036372,0,0,199,569,28,103,9,43,10,9
"1042","2020-03-15",4,13,59,51,2117,0.489844119036372,0,0,199,569,28,131,7,50,4,7
"1043","2020-03-16",6,13,63,71,2117,0.489844119036372,0,0,199,569,38,169,5,55,11,5
"1044","2020-03-17",7,13,74,92,2117,0.489844119036372,0,0,199,569,32,201,7,62,11,7
"1045","2020-03-18",8,13,80,112,2117,0.489844119036372,0,0,199,569,37,238,5,67,14,5
"1046","2020-03-19",12,13,82,137,2117,0.489844119036372,0,0,199,569,40,278,6,73,18,6
"1047","2020-03-20",18,13,84,156,2117,0.489844119036372,0,0,199,569,37,315,3,76,20,3
"1048","2020-03-21",30,13,110,175,2117,0.489844119036372,0,0,199,569,44,359,5,81,23,5
"1049","2020-03-22",33,13,118,186,2117,0.489844119036372,0,0,199,569,56,415,12,93,30,12
"1050","2020-03-23",40,13,111,200,2117,0.489844119036372,0,0,199,569,62,477,18,111,33,18
"1051","2020-03-24",43,13,104,210,2117,0.489844119036372,0,0,199,569,58,535,13,124,30,13
"1052","2020-03-25",51,13,94,227,2117,0.489844119036372,0,0,199,569,55,590,10,134,26,10
"1053","2020-03-26",55,13,97,247,2117,0.489844119036372,0,0,199,569,58,648,16,150,35,16
"1054","2020-03-27",56,13,114,270,2117,0.489844119036372,0,0,199,569,55,703,13,163,27,13
"1055","2020-03-28",51,13,114,297,2117,0.489844119036372,0,0,199,569,52,755,20,183,26,20
"1056","2020-03-29",59,13,127,306,2117,0.489844119036372,0,0,199,569,40,795,22,205,22,22
"1057","2020-03-30",66,13,149,324,2117,0.489844119036372,0,0,199,569,49,844,14,219,27,14
"1058","2020-03-31",73,13,181,344,2117,0.489844119036372,0,0,199,569,72,916,8,227,39,8
"1059","2020-04-01",78,13,189,362,2117,0.489844119036372,0,0,199,569,59,975,11,238,35,11
"1060","2020-04-02",90,13,183,357,2117,0.489844119036372,0,0,199,569,68,1043,12,250,31,12
"1061","2020-04-03",95,13,182,364,2117,0.489844119036372,0,0,199,569,55,1098,13,263,31,13
"1062","2020-04-04",99,13,219,366,2117,0.489844119036372,0,0,199,569,53,1151,22,285,31,22
"1063","2020-04-05",101,13,243,360,2117,0.489844119036372,0,0,199,569,58,1209,13,298,28,13
"1064","2020-04-06",100,13,229,349,2117,0.489844119036372,0,0,199,569,53,1262,20,318,29,20
"1065","2020-04-07",103,13,222,341,2117,0.489844119036372,0,0,199,569,51,1313,40,358,31,40
"1066","2020-04-08",101,13,205,331,2117,0.489844119036372,0,0,199,569,49,1362,37,395,26,37
"1067","2020-04-09",92,13,219,324,2117,0.489844119036372,0,0,199,569,59,1421,15,410,39,15
"1068","2020-04-10",88,13,224,312,2117,0.489844119036372,0,0,199,569,58,1479,17,427,20,17
"1069","2020-04-11",84,13,236,298,2117,0.489844119036372,0,0,199,569,56,1535,23,450,23,23
"1070","2020-04-12",82,13,253,299,2117,0.489844119036372,0,0,199,569,59,1594,21,471,31,21
"1071","2020-04-13",79,13,243,291,2117,0.489844119036372,0,0,199,569,61,1655,33,504,29,33
"1072","2020-04-14",78,13,255,287,2117,0.489844119036372,0,0,199,569,54,1709,44,548,13,44
"1073","2020-04-15",82,13,258,277,2117,0.489844119036372,0,0,199,569,45,1754,44,592,25,44
"1074","2020-04-16",82,13,273,288,2117,0.489844119036372,0,0,199,569,54,1808,37,629,15,37
"1075","2020-04-17",87,13,265,277,2117,0.489844119036372,0,0,199,569,52,1860,30,659,22,30
"1076","2020-04-18",89,13,264,278,2117,0.489844119036372,0,0,199,569,56,1916,25,684,19,25
"1077","2020-04-19",93,13,246,274,2117,0.489844119036372,0,0,199,569,47,1963,41,725,19,41
"1078","2020-04-20",90,13,260,274,2117,0.489844119036372,0,0,199,569,61,2024,18,743,21,18
"1079","2020-04-21",84,13,251,283,2117,0.489844119036372,0,0,199,569,46,2070,23,766,13,23
"1080","2020-04-22",83,13,240,284,2117,0.489844119036372,0,0,199,569,40,2110,23,789,15,23
"1081","2020-04-23",86,13,245,281,2117,0.489844119036372,0,0,199,569,46,2156,11,800,13,11
"1082","2020-04-24",82,13,256,274,2117,0.489844119036372,0,0,199,569,45,2201,22,822,22,22
"1083","2020-04-25",84,13,237,260,2117,0.489844119036372,0,0,199,569,42,2243,39,861,16,39
"1084","2020-04-26",77,13,216,256,2117,0.489844119036372,0,0,199,569,59,2302,20,881,22,20
"1085","2020-04-27",82,13,205,251,2117,0.489844119036372,0,0,199,569,39,2341,13,894,12,13
"1086","2020-04-28",85,13,192,257,2117,0.489844119036372,0,0,199,569,47,2388,19,913,17,19
"1087","2020-04-29",78,13,240,260,2117,0.489844119036372,0,0,199,569,39,2427,12,925,9,12
"1088","2020-04-30",77,13,260,275,2117,0.489844119036372,0,0,199,569,44,2471,9,934,22,9
"1089","2020-05-01",77,13,254,281,2117,0.489844119036372,0,0,199,569,48,2519,13,947,24,13
"1090","2020-05-02",76,13,262,291,2117,0.489844119036372,0,0,199,569,45,2564,18,965,19,18
"1091","2020-05-03",77,13,252,295,2117,0.489844119036372,0,0,199,569,46,2610,22,987,20,22
"1092","2020-05-04",79,13,251,305,2117,0.489844119036372,0,0,199,569,57,2667,19,1006,17,19
"1093","2020-05-05",80,13,273,304,2117,0.489844119036372,0,0,199,569,52,2719,14,1020,18,14
"1094","2020-05-06",85,13,301,297,2117,0.489844119036372,0,0,199,569,42,2761,13,1033,13,13
"1095","2020-05-07",81,13,298,300,2117,0.489844119036372,0,0,199,569,33,2794,15,1048,14,15
"1096","2020-05-08",84,13,266,301,2117,0.489844119036372,0,0,199,569,46,2840,23,1071,27,23
"1097","2020-05-09",87,13,257,302,2117,0.489844119036372,0,0,199,569,42,2882,27,1098,17,27
"1098","2020-05-10",88,13,249,287,2117,0.489844119036372,0,0,199,569,39,2921,23,1121,16,23
"1099","2020-05-11",88,13,238,283,2117,0.489844119036372,0,0,199,569,48,2969,33,1154,21,33
"1100","2020-05-12",85,13,216,268,2117,0.489844119036372,0,0,199,569,29,2998,20,1174,11,20
"1101","2020-05-13",85,13,226,274,2117,0.489844119036372,0,0,199,569,35,3033,14,1188,18,14
"1102","2020-05-14",90,13,213,272,2117,0.489844119036372,0,0,199,569,40,3073,11,1199,18,11
"1103","2020-05-15",85,13,214,267,2117,0.489844119036372,0,0,199,569,41,3114,10,1209,20,10
"1104","2020-05-16",80,13,232,257,2117,0.489844119036372,0,0,199,569,36,3150,9,1218,16,9
"1105","2020-05-17",78,13,229,244,2117,0.489844119036372,0,0,199,569,45,3195,22,1240,25,22
"1106","2020-05-18",75,13,229,242,2117,0.489844119036372,0,0,199,569,39,3234,18,1258,15,18
"1107","2020-05-19",83,13,223,238,2117,0.489844119036372,0,0,199,569,35,3269,14,1272,15,14
"1108","2020-05-20",75,13,240,234,2117,0.489844119036372,0,0,199,569,37,3306,25,1297,15,25
"1109","2020-05-21",65,13,265,237,2117,0.489844119036372,0,0,199,569,31,3337,30,1327,18,30
"1110","2020-05-22",70,13,292,232,2117,0.489844119036372,0,0,199,569,28,3365,15,1342,14,15
"1111","2020-05-23",67,13,270,219,2117,0.489844119036372,0,0,199,569,41,3406,23,1365,14,23
"1112","2020-05-24",70,13,282,220,2117,0.489844119036372,0,0,199,569,24,3430,28,1393,10,28
"1113","2020-05-25",71,13,262,219,2117,0.489844119036372,0,0,199,569,22,3452,23,1416,14,23
"1114","2020-05-26",61,13,251,212,2117,0.489844119036372,0,0,199,569,27,3479,12,1428,8,12
"1115","2020-05-27",61,13,250,207,2117,0.489844119036372,0,0,199,569,27,3506,14,1442,9,14
"1116","2020-05-28",64,13,251,211,2117,0.489844119036372,0,0,199,569,14,3520,13,1455,6,13
"1117","2020-05-29",59,13,240,212,2117,0.489844119036372,0,0,199,569,24,3544,14,1469,8,14
"1118","2020-05-30",58,13,227,209,2117,0.489844119036372,0,0,199,569,24,3568,10,1479,11,10
"1119","2020-05-31",54,13,212,192,2117,0.489844119036372,0,0,199,569,26,3594,13,1492,7,13
"1120","2020-06-01",52,13,202,190,2117,0.489844119036372,0,0,199,569,19,3613,20,1512,8,20
"1121","2020-06-02",55,13,199,190,2117,0.489844119036372,0,0,199,569,20,3633,31,1543,13,31
"1122","2020-06-03",59,13,205,182,2117,0.489844119036372,0,0,199,569,19,3652,12,1555,9,12
"1123","2020-06-04",58,13,202,176,2117,0.489844119036372,0,0,199,569,17,3669,17,1572,5,17
"1124","2020-06-05",57,13,204,181,2117,0.489844119036372,0,0,199,569,17,3686,18,1590,11,18
"1125","2020-06-06",61,13,189,174,2117,0.489844119036372,0,0,199,569,26,3712,23,1613,13,23
"1126","2020-06-07",59,13,177,162,2117,0.489844119036372,0,0,199,569,15,3727,28,1641,11,28
"1127","2020-03-13",1,14,43,51,6327,0.870712818081239,0,0,526,773,36,91,10,48,20,10
"1128","2020-03-14",2,14,61,78,6327,0.870712818081239,0,0,526,773,48,139,9,57,24,9
"1129","2020-03-15",3,14,79,118,6327,0.870712818081239,0,0,526,773,57,196,26,83,46,26
"1130","2020-03-16",10,14,82,151,6327,0.870712818081239,0,0,526,773,69,265,17,100,50,17
"1131","2020-03-17",14,14,92,194,6327,0.870712818081239,0,0,526,773,97,362,12,112,81,12
"1132","2020-03-18",20,14,111,240,6327,0.870712818081239,0,0,526,773,120,482,10,122,103,10
"1133","2020-03-19",29,14,136,296,6327,0.870712818081239,0,0,526,773,121,603,1,123,96,1
"1134","2020-03-20",37,14,152,350,6327,0.870712818081239,0,0,526,773,151,754,3,126,124,3
"1135","2020-03-21",49,14,156,427,6327,0.870712818081239,0,0,526,773,200,954,5,131,188,5
"1136","2020-03-22",66,14,156,497,6327,0.870712818081239,0,0,526,773,184,1138,37,168,169,37
"1137","2020-03-23",80,14,141,573,6327,0.870712818081239,0,0,526,773,245,1383,22,190,228,22
"1138","2020-03-24",103,14,156,636,6327,0.870712818081239,0,0,526,773,319,1702,27,217,304,27
"1139","2020-03-25",121,14,173,693,6327,0.870712818081239,0,0,526,773,291,1993,51,268,280,51
"1140","2020-03-26",138,14,194,777,6327,0.870712818081239,0,0,526,773,364,2357,57,325,353,57
"1141","2020-03-27",165,14,211,846,6327,0.870712818081239,0,0,526,773,408,2765,32,357,390,32
"1142","2020-03-28",186,14,199,926,6327,0.870712818081239,0,0,526,773,463,3228,26,383,449,26
"1143","2020-03-29",190,14,177,1022,6327,0.870712818081239,0,0,526,773,383,3611,35,418,367,35
"1144","2020-03-30",211,14,170,1116,6327,0.870712818081239,0,0,526,773,435,4046,21,439,419,21
"1145","2020-03-31",219,14,166,1188,6327,0.870712818081239,0,0,526,773,516,4562,17,456,507,17
"1146","2020-04-01",247,14,169,1327,6327,0.870712818081239,0,0,526,773,344,4906,18,474,336,18
"1147","2020-04-02",268,14,178,1437,6327,0.870712818081239,0,0,526,773,419,5325,31,505,404,31
"1148","2020-04-03",285,14,178,1483,6327,0.870712818081239,0,0,526,773,386,5711,24,529,374,24
"1149","2020-04-04",321,14,175,1559,6327,0.870712818081239,0,0,526,773,324,6035,14,543,313,14
"1150","2020-04-05",367,14,174,1623,6327,0.870712818081239,0,0,526,773,254,6289,45,588,246,45
"1151","2020-04-06",383,14,179,1729,6327,0.870712818081239,0,0,526,773,242,6531,20,608,237,20
"1152","2020-04-07",409,14,168,1816,6327,0.870712818081239,0,0,526,773,229,6760,19,627,223,19
"1153","2020-04-08",441,14,167,1906,6327,0.870712818081239,0,0,526,773,150,6910,10,637,146,10
"1154","2020-04-09",475,14,176,1958,6327,0.870712818081239,0,0,526,773,123,7033,36,673,119,36
"1155","2020-04-10",495,14,195,2008,6327,0.870712818081239,0,0,526,773,102,7135,43,716,99,43
"1156","2020-04-11",494,14,195,2016,6327,0.870712818081239,0,0,526,773,89,7224,52,768,86,52
"1157","2020-04-12",513,14,179,2020,6327,0.870712818081239,0,0,526,773,87,7311,22,790,83,22
"1158","2020-04-13",535,14,212,2044,6327,0.870712818081239,0,0,526,773,60,7371,16,806,58,16
"1159","2020-04-14",555,14,229,1983,6327,0.870712818081239,0,0,526,773,31,7402,51,857,28,51
"1160","2020-04-15",564,14,247,1919,6327,0.870712818081239,0,0,526,773,30,7432,37,894,27,37
"1161","2020-04-16",570,14,232,1868,6327,0.870712818081239,0,0,526,773,22,7454,33,927,20,33
"1162","2020-04-17",581,14,232,1807,6327,0.870712818081239,0,0,526,773,22,7476,44,971,20,44
"1163","2020-04-18",576,14,200,1781,6327,0.870712818081239,0,0,526,773,10,7486,63,1034,10,63
"1164","2020-04-19",556,14,199,1680,6327,0.870712818081239,0,0,526,773,17,7503,61,1095,15,61
"1165","2020-04-20",547,14,199,1601,6327,0.870712818081239,0,0,526,773,9,7512,28,1123,7,28
"1166","2020-04-21",520,14,222,1471,6327,0.870712818081239,0,0,526,773,12,7524,14,1137,9,14
"1167","2020-04-22",482,14,233,1377,6327,0.870712818081239,0,0,526,773,10,7534,17,1154,8,17
"1168","2020-04-23",458,14,229,1285,6327,0.870712818081239,0,0,526,773,6,7540,27,1181,5,27
"1169","2020-04-24",434,14,212,1207,6327,0.870712818081239,0,0,526,773,8,7548,18,1199,6,18
"1170","2020-04-25",411,14,214,1105,6327,0.870712818081239,0,0,526,773,7,7555,5,1204,5,5
"1171","2020-04-26",399,14,206,1028,6327,0.870712818081239,0,0,526,773,5,7560,7,1211,1,7
"1172","2020-04-27",375,14,196,934,6327,0.870712818081239,0,0,526,773,4,7564,11,1222,1,11
"1173","2020-04-28",363,14,213,859,6327,0.870712818081239,0,0,526,773,2,7566,22,1244,1,22
"1174","2020-04-29",344,14,202,840,6327,0.870712818081239,0,0,526,773,5,7571,49,1293,3,49
"1175","2020-04-30",320,14,213,776,6327,0.870712818081239,0,0,526,773,6,7577,50,1343,5,50
"1176","2020-05-01",284,14,211,709,6327,0.870712818081239,0,0,526,773,5,7582,31,1374,2,31
"1177","2020-05-02",272,14,200,658,6327,0.870712818081239,0,0,526,773,NA,NA,26,1400,NA,26
"1178","2020-05-03",243,14,199,607,6327,0.870712818081239,0,0,526,773,NA,NA,53,1453,NA,53
"1179","2020-05-04",219,14,206,555,6327,0.870712818081239,0,0,526,773,1,7583,30,1483,NA,30
"1180","2020-05-05",195,14,223,528,6327,0.870712818081239,0,0,526,773,1,7584,19,1502,NA,19
"1181","2020-05-06",178,14,229,495,6327,0.870712818081239,0,0,526,773,5,7589,19,1521,3,19
"1182","2020-05-07",158,14,217,452,6327,0.870712818081239,0,0,526,773,4,7593,17,1538,2,17
"1183","2020-05-08",151,14,198,417,6327,0.870712818081239,0,0,526,773,5,7598,14,1552,2,14
"1184","2020-05-09",138,14,195,383,6327,0.870712818081239,0,0,526,773,1,7599,10,1562,NA,10
"1185","2020-05-10",128,14,176,345,6327,0.870712818081239,0,0,526,773,2,7601,22,1584,2,22
"1186","2020-05-11",114,14,173,310,6327,0.870712818081239,0,0,526,773,1,7602,49,1633,1,49
"1187","2020-05-12",105,14,170,293,6327,0.870712818081239,0,0,526,773,4,7606,23,1656,3,23
"1188","2020-05-13",96,14,170,270,6327,0.870712818081239,0,0,526,773,4,7610,10,1666,3,10
"1189","2020-05-14",90,14,158,247,6327,0.870712818081239,0,0,526,773,1,7611,30,1696,NA,30
"1190","2020-05-15",81,14,141,237,6327,0.870712818081239,0,0,526,773,2,7613,18,1714,1,18
"1191","2020-05-16",76,14,134,229,6327,0.870712818081239,0,0,526,773,2,7615,21,1735,1,21
"1192","2020-05-17",68,14,126,215,6327,0.870712818081239,0,0,526,773,3,7618,29,1764,NA,29
"1193","2020-05-18",69,14,138,202,6327,0.870712818081239,0,0,526,773,5,7623,26,1790,2,26
"1194","2020-05-19",64,14,179,185,6327,0.870712818081239,0,0,526,773,2,7625,13,1803,NA,13
"1195","2020-05-20",61,14,196,167,6327,0.870712818081239,0,0,526,773,3,7628,52,1855,1,52
"1196","2020-05-21",54,14,194,150,6327,0.870712818081239,0,0,526,773,1,7629,54,1909,NA,54
"1197","2020-05-22",53,14,186,150,6327,0.870712818081239,0,0,526,773,2,7631,21,1930,1,21
"1198","2020-05-23",47,14,195,138,6327,0.870712818081239,0,0,526,773,2,7633,50,1980,2,50
"1199","2020-05-24",43,14,178,129,6327,0.870712818081239,0,0,526,773,1,7634,28,2008,NA,28
"1200","2020-05-25",40,14,181,125,6327,0.870712818081239,0,0,526,773,1,7635,23,2031,1,23
"1201","2020-05-26",41,14,176,114,6327,0.870712818081239,0,0,526,773,1,7636,5,2036,1,5
"1202","2020-05-27",39,14,189,116,6327,0.870712818081239,0,0,526,773,2,7638,5,2041,NA,5
"1203","2020-05-28",35,14,189,110,6327,0.870712818081239,0,0,526,773,4,7642,35,2076,1,35
"1204","2020-05-29",33,14,192,112,6327,0.870712818081239,0,0,526,773,1,7643,34,2110,NA,34
"1205","2020-05-30",34,14,178,114,6327,0.870712818081239,0,0,526,773,1,7644,43,2153,NA,43
"1206","2020-05-31",34,14,170,115,6327,0.870712818081239,0,0,526,773,5,7649,18,2171,3,18
"1207","2020-06-01",31,14,160,116,6327,0.870712818081239,0,0,526,773,NA,NA,19,2190,NA,19
"1208","2020-06-02",31,14,156,108,6327,0.870712818081239,0,0,526,773,NA,NA,10,2200,NA,10
"1209","2020-06-03",28,14,138,103,6327,0.870712818081239,0,0,526,773,NA,NA,15,2215,NA,15
"1210","2020-06-04",30,14,139,96,6327,0.870712818081239,0,0,526,773,2,7651,10,2225,2,10
"1211","2020-06-05",30,14,135,92,6327,0.870712818081239,0,0,526,773,1,7652,23,2248,1,23
"1212","2020-06-06",29,14,136,83,6327,0.870712818081239,0,0,526,773,1,7653,15,2263,1,15
"1213","2020-06-07",28,14,156,68,6327,0.870712818081239,0,0,526,773,3,7656,33,2296,3,33
"1214","2020-03-13",2,15,154,141,8685,0.832354634427173,0,0,762,1313,55,144,14,31,7,14
"1215","2020-03-14",3,15,196,219,8685,0.832354634427173,0,0,762,1313,37,181,13,44,8,13
"1216","2020-03-15",9,15,191,318,8685,0.832354634427173,0,0,762,1313,45,226,17,61,6,17
"1217","2020-03-16",20,15,176,453,8685,0.832354634427173,0,0,762,1313,49,275,8,69,9,8
"1218","2020-03-17",39,15,170,619,8685,0.832354634427173,0,0,762,1313,67,342,12,81,21,12
"1219","2020-03-18",65,15,189,855,8685,0.832354634427173,0,0,762,1313,57,399,10,91,16,10
"1220","2020-03-19",92,15,188,1127,8685,0.832354634427173,0,0,762,1313,73,472,17,108,21,17
"1221","2020-03-20",116,15,204,1393,8685,0.832354634427173,0,0,762,1313,73,545,10,118,27,10
"1222","2020-03-21",166,15,207,1823,8685,0.832354634427173,0,0,762,1313,67,612,11,129,24,11
"1223","2020-03-22",218,15,191,2280,8685,0.832354634427173,0,0,762,1313,65,677,28,157,26,28
"1224","2020-03-23",291,15,174,2701,8685,0.832354634427173,0,0,762,1313,54,731,24,181,24,24
"1225","2020-03-24",374,15,150,3211,8685,0.832354634427173,0,0,762,1313,66,797,19,200,23,19
"1226","2020-03-25",497,15,132,3643,8685,0.832354634427173,0,0,762,1313,68,865,24,224,29,24
"1227","2020-03-26",603,15,138,4129,8685,0.832354634427173,0,0,762,1313,57,922,25,249,20,25
"1228","2020-03-27",724,15,181,4389,8685,0.832354634427173,0,0,762,1313,79,1001,28,277,24,28
"1229","2020-03-28",849,15,217,4600,8685,0.832354634427173,0,0,762,1313,76,1077,16,293,33,16
"1230","2020-03-29",982,15,256,4695,8685,0.832354634427173,0,0,762,1313,63,1140,23,316,19,23
"1231","2020-03-30",1091,15,266,4786,8685,0.832354634427173,0,0,762,1313,75,1215,14,330,28,14
"1232","2020-03-31",1206,15,225,4743,8685,0.832354634427173,0,0,762,1313,76,1291,22,352,29,22
"1233","2020-04-01",1260,15,217,4695,8685,0.832354634427173,0,0,762,1313,63,1354,31,383,27,31
"1234","2020-04-02",1325,15,248,4475,8685,0.832354634427173,0,0,762,1313,85,1439,15,398,40,15
"1235","2020-04-03",1384,15,225,4158,8685,0.832354634427173,0,0,762,1313,63,1502,13,411,24,13
"1236","2020-04-04",1368,15,216,3862,8685,0.832354634427173,0,0,762,1313,85,1587,7,418,34,7
"1237","2020-04-05",1332,15,224,3559,8685,0.832354634427173,0,0,762,1313,82,1669,13,431,27,13
"1238","2020-04-06",1276,15,231,3145,8685,0.832354634427173,0,0,762,1313,74,1743,9,440,28,9
"1239","2020-04-07",1176,15,223,2801,8685,0.832354634427173,0,0,762,1313,78,1821,37,477,31,37
"1240","2020-04-08",1084,15,206,2438,8685,0.832354634427173,0,0,762,1313,74,1895,29,506,28,29
"1241","2020-04-09",998,15,192,2104,8685,0.832354634427173,0,0,762,1313,77,1972,32,538,31,32
"1242","2020-04-10",879,15,233,1806,8685,0.832354634427173,0,0,762,1313,84,2056,14,552,21,14
"1243","2020-04-11",781,15,283,1518,8685,0.832354634427173,0,0,762,1313,67,2123,9,561,26,9
"1244","2020-04-12",683,15,334,1281,8685,0.832354634427173,0,0,762,1313,81,2204,8,569,30,8
"1245","2020-04-13",595,15,378,1046,8685,0.832354634427173,0,0,762,1313,80,2284,27,596,25,27
"1246","2020-04-14",512,15,334,845,8685,0.832354634427173,0,0,762,1313,76,2360,34,630,23,34
"1247","2020-04-15",428,15,312,715,8685,0.832354634427173,0,0,762,1313,74,2434,25,655,34,25
"1248","2020-04-16",341,15,269,576,8685,0.832354634427173,0,0,762,1313,94,2528,34,689,29,34
"1249","2020-04-17",272,15,250,477,8685,0.832354634427173,0,0,762,1313,60,2588,20,709,22,20
"1250","2020-04-18",233,15,247,387,8685,0.832354634427173,0,0,762,1313,74,2662,34,743,32,34
"1251","2020-04-19",192,15,212,306,8685,0.832354634427173,0,0,762,1313,70,2732,27,770,25,27
"1252","2020-04-20",148,15,177,252,8685,0.832354634427173,0,0,762,1313,64,2796,41,811,17,41
"1253","2020-04-21",124,15,187,212,8685,0.832354634427173,0,0,762,1313,68,2864,30,841,22,30
"1254","2020-04-22",106,15,172,190,8685,0.832354634427173,0,0,762,1313,59,2923,26,867,18,26
"1255","2020-04-23",89,15,179,175,8685,0.832354634427173,0,0,762,1313,67,2990,17,884,24,17
"1256","2020-04-24",76,15,196,147,8685,0.832354634427173,0,0,762,1313,63,3053,39,923,13,39
"1257","2020-04-25",57,15,195,122,8685,0.832354634427173,0,0,762,1313,62,3115,27,950,21,27
"1258","2020-04-26",44,15,193,108,8685,0.832354634427173,0,0,762,1313,60,3175,17,967,18,17
"1259","2020-04-27",45,15,172,93,8685,0.832354634427173,0,0,762,1313,67,3242,21,988,13,21
"1260","2020-04-28",37,15,174,81,8685,0.832354634427173,0,0,762,1313,53,3295,18,1006,14,18
"1261","2020-04-29",31,15,171,78,8685,0.832354634427173,0,0,762,1313,52,3347,23,1029,21,23
"1262","2020-04-30",25,15,154,66,8685,0.832354634427173,0,0,762,1313,68,3415,29,1058,20,29
"1263","2020-05-01",22,15,144,57,8685,0.832354634427173,0,0,762,1313,63,3478,24,1082,16,24
"1264","2020-05-02",18,15,138,52,8685,0.832354634427173,0,0,762,1313,50,3528,36,1118,11,36
"1265","2020-05-03",15,15,129,52,8685,0.832354634427173,0,0,762,1313,50,3578,43,1161,19,43
"1266","2020-05-04",10,15,139,49,8685,0.832354634427173,0,0,762,1313,52,3630,25,1186,13,25
"1267","2020-05-05",10,15,179,47,8685,0.832354634427173,0,0,762,1313,57,3687,25,1211,13,25
"1268","2020-05-06",12,15,183,46,8685,0.832354634427173,0,0,762,1313,50,3737,14,1225,17,14
"1269","2020-05-07",11,15,165,42,8685,0.832354634427173,0,0,762,1313,42,3779,32,1257,11,32
"1270","2020-05-08",10,15,208,40,8685,0.832354634427173,0,0,762,1313,40,3819,13,1270,12,13
"1271","2020-05-09",12,15,256,36,8685,0.832354634427173,0,0,762,1313,44,3863,32,1302,13,32
"1272","2020-05-10",14,15,235,36,8685,0.832354634427173,0,0,762,1313,51,3914,31,1333,10,31
"1273","2020-05-11",15,15,224,37,8685,0.832354634427173,0,0,762,1313,45,3959,19,1352,13,19
"1274","2020-05-12",13,15,227,37,8685,0.832354634427173,0,0,762,1313,43,4002,37,1389,18,37
"1275","2020-05-13",9,15,212,36,8685,0.832354634427173,0,0,762,1313,44,4046,27,1416,9,27
"1276","2020-05-14",10,15,249,31,8685,0.832354634427173,0,0,762,1313,40,4086,11,1427,15,11
"1277","2020-05-15",9,15,275,29,8685,0.832354634427173,0,0,762,1313,48,4134,28,1455,9,28
"1278","2020-05-16",7,15,247,28,8685,0.832354634427173,0,0,762,1313,31,4165,10,1465,5,10
"1279","2020-05-17",7,15,232,27,8685,0.832354634427173,0,0,762,1313,43,4208,15,1480,18,15
"1280","2020-05-18",7,15,204,24,8685,0.832354634427173,0,0,762,1313,36,4244,10,1490,11,10
"1281","2020-05-19",9,15,200,25,8685,0.832354634427173,0,0,762,1313,43,4287,27,1517,17,27
"1282","2020-05-20",11,15,194,23,8685,0.832354634427173,0,0,762,1313,35,4322,13,1530,11,13
"1283","2020-05-21",10,15,212,24,8685,0.832354634427173,0,0,762,1313,30,4352,9,1539,8,9
"1284","2020-05-22",10,15,194,24,8685,0.832354634427173,0,0,762,1313,26,4378,11,1550,10,11
"1285","2020-05-23",10,15,186,24,8685,0.832354634427173,0,0,762,1313,35,4413,13,1563,12,13
"1286","2020-05-24",9,15,225,22,8685,0.832354634427173,0,0,762,1313,28,4441,37,1600,7,37
"1287","2020-05-25",8,15,215,18,8685,0.832354634427173,0,0,762,1313,20,4461,23,1623,8,23
"1288","2020-05-26",7,15,206,19,8685,0.832354634427173,0,0,762,1313,17,4478,30,1653,6,30
"1289","2020-05-27",5,15,201,19,8685,0.832354634427173,0,0,762,1313,26,4504,19,1672,6,19
"1290","2020-05-28",4,15,183,18,8685,0.832354634427173,0,0,762,1313,21,4525,15,1687,6,15
"1291","2020-05-29",4,15,168,18,8685,0.832354634427173,0,0,762,1313,28,4553,23,1710,6,23
"1292","2020-05-30",4,15,198,18,8685,0.832354634427173,0,0,762,1313,18,4571,18,1728,3,18
"1293","2020-05-31",4,15,188,19,8685,0.832354634427173,0,0,762,1313,27,4598,14,1742,9,14
"1294","2020-06-01",3,15,177,15,8685,0.832354634427173,0,0,762,1313,26,4624,6,1748,3,6
"1295","2020-06-02",3,15,165,15,8685,0.832354634427173,0,0,762,1313,18,4642,21,1769,4,21
"1296","2020-06-03",2,15,137,14,8685,0.832354634427173,0,0,762,1313,10,4652,20,1789,3,20
"1297","2020-06-04",2,15,121,12,8685,0.832354634427173,0,0,762,1313,20,4672,11,1800,2,11
"1298","2020-06-05",2,15,125,12,8685,0.832354634427173,0,0,762,1313,15,4687,20,1820,3,20
"1299","2020-06-06",2,15,105,14,8685,0.832354634427173,0,0,762,1313,19,4706,11,1831,12,11
"1300","2020-06-07",1,15,118,14,8685,0.832354634427173,0,0,762,1313,17,4723,18,1849,5,18
"1301","2020-03-14",4,16,78,55,2920,0.565068493150685,0,0,241,1123,35,152,41,114,8,41
"1302","2020-03-15",6,16,78,71,2920,0.565068493150685,0,0,241,1123,41,193,46,160,10,46
"1303","2020-03-16",7,16,109,93,2920,0.565068493150685,0,0,241,1123,47,240,27,187,11,27
"1304","2020-03-17",8,16,138,116,2920,0.565068493150685,0,0,241,1123,54,294,37,224,24,37
"1305","2020-03-18",14,16,143,146,2920,0.565068493150685,0,0,241,1123,55,349,42,266,25,42
"1306","2020-03-19",22,16,143,170,2920,0.565068493150685,0,0,241,1123,56,405,59,325,20,59
"1307","2020-03-20",25,16,171,195,2920,0.565068493150685,0,0,241,1123,46,451,63,388,22,63
"1308","2020-03-21",26,16,165,205,2920,0.565068493150685,0,0,241,1123,57,508,59,447,24,59
"1309","2020-03-22",31,16,178,228,2920,0.565068493150685,0,0,241,1123,56,564,46,493,17,46
"1310","2020-03-23",38,16,182,254,2920,0.565068493150685,0,0,241,1123,42,606,40,533,10,40
"1311","2020-03-24",47,16,189,275,2920,0.565068493150685,0,0,241,1123,63,669,37,570,32,37
"1312","2020-03-25",50,16,204,283,2920,0.565068493150685,0,0,241,1123,54,723,51,621,19,51
"1313","2020-03-26",57,16,209,290,2920,0.565068493150685,0,0,241,1123,54,777,41,662,27,41
"1314","2020-03-27",66,16,222,295,2920,0.565068493150685,0,0,241,1123,66,843,26,688,39,26
"1315","2020-03-28",76,16,207,306,2920,0.565068493150685,0,0,241,1123,57,900,35,723,29,35
"1316","2020-03-29",77,16,192,310,2920,0.565068493150685,0,0,241,1123,57,957,34,757,37,34
"1317","2020-03-30",86,16,187,327,2920,0.565068493150685,0,0,241,1123,45,1002,34,791,24,34
"1318","2020-03-31",91,16,173,331,2920,0.565068493150685,0,0,241,1123,71,1073,33,824,36,33
"1319","2020-04-01",93,16,148,333,2920,0.565068493150685,0,0,241,1123,59,1132,24,848,24,24
"1320","2020-04-02",93,16,140,350,2920,0.565068493150685,0,0,241,1123,60,1192,32,880,22,32
"1321","2020-04-03",93,16,162,360,2920,0.565068493150685,0,0,241,1123,71,1263,25,905,28,25
"1322","2020-04-04",102,16,176,383,2920,0.565068493150685,0,0,241,1123,66,1329,54,959,29,54
"1323","2020-04-05",111,16,179,394,2920,0.565068493150685,0,0,241,1123,60,1389,63,1022,26,63
"1324","2020-04-06",109,16,192,414,2920,0.565068493150685,0,0,241,1123,65,1454,45,1067,28,45
"1325","2020-04-07",114,16,195,418,2920,0.565068493150685,0,0,241,1123,68,1522,51,1118,30,51
"1326","2020-04-08",116,16,174,424,2920,0.565068493150685,0,0,241,1123,74,1596,35,1153,33,35
"1327","2020-04-09",112,16,204,436,2920,0.565068493150685,0,0,241,1123,66,1662,42,1195,25,42
"1328","2020-04-10",118,16,203,444,2920,0.565068493150685,0,0,241,1123,50,1712,38,1233,22,38
"1329","2020-04-11",120,16,222,447,2920,0.565068493150685,0,0,241,1123,58,1770,34,1267,28,34
"1330","2020-04-12",125,16,233,459,2920,0.565068493150685,0,0,241,1123,67,1837,39,1306,26,39
"1331","2020-04-13",130,16,228,462,2920,0.565068493150685,0,0,241,1123,50,1887,51,1357,21,51
"1332","2020-04-14",130,16,213,456,2920,0.565068493150685,0,0,241,1123,63,1950,39,1396,31,39
"1333","2020-04-15",131,16,211,454,2920,0.565068493150685,0,0,241,1123,53,2003,33,1429,26,33
"1334","2020-04-16",142,16,195,461,2920,0.565068493150685,0,0,241,1123,65,2068,31,1460,23,31
"1335","2020-04-17",143,16,189,466,2920,0.565068493150685,0,0,241,1123,63,2131,38,1498,25,38
"1336","2020-04-18",130,16,192,471,2920,0.565068493150685,0,0,241,1123,61,2192,33,1531,25,33
"1337","2020-04-19",134,16,205,468,2920,0.565068493150685,0,0,241,1123,60,2252,67,1598,29,67
"1338","2020-04-20",131,16,233,450,2920,0.565068493150685,0,0,241,1123,58,2310,45,1643,21,45
"1339","2020-04-21",126,16,230,468,2920,0.565068493150685,0,0,241,1123,61,2371,36,1679,26,36
"1340","2020-04-22",132,16,225,469,2920,0.565068493150685,0,0,241,1123,59,2430,63,1742,28,63
"1341","2020-04-23",131,16,212,461,2920,0.565068493150685,0,0,241,1123,58,2488,58,1800,20,58
"1342","2020-04-24",135,16,203,461,2920,0.565068493150685,0,0,241,1123,56,2544,36,1836,23,36
"1343","2020-04-25",146,16,224,461,2920,0.565068493150685,0,0,241,1123,60,2604,20,1856,27,20
"1344","2020-04-26",135,16,210,468,2920,0.565068493150685,0,0,241,1123,52,2656,17,1873,20,17
"1345","2020-04-27",129,16,236,475,2920,0.565068493150685,0,0,241,1123,52,2708,24,1897,25,24
"1346","2020-04-28",126,16,255,487,2920,0.565068493150685,0,0,241,1123,43,2751,25,1922,19,25
"1347","2020-04-29",128,16,286,487,2920,0.565068493150685,0,0,241,1123,56,2807,25,1947,19,25
"1348","2020-04-30",125,16,268,472,2920,0.565068493150685,0,0,241,1123,52,2859,55,2002,20,55
"1349","2020-05-01",124,16,276,486,2920,0.565068493150685,0,0,241,1123,44,2903,30,2032,19,30
"1350","2020-05-02",118,16,274,484,2920,0.565068493150685,0,0,241,1123,53,2956,36,2068,15,36
"1351","2020-05-03",128,16,271,487,2920,0.565068493150685,0,0,241,1123,55,3011,43,2111,20,43
"1352","2020-05-04",128,16,284,483,2920,0.565068493150685,0,0,241,1123,56,3067,26,2137,17,26
"1353","2020-05-05",138,16,273,474,2920,0.565068493150685,0,0,241,1123,51,3118,51,2188,18,51
"1354","2020-05-06",146,16,262,457,2920,0.565068493150685,0,0,241,1123,53,3171,63,2251,20,63
"1355","2020-05-07",151,16,225,454,2920,0.565068493150685,0,0,241,1123,49,3220,62,2313,21,62
"1356","2020-05-08",151,16,200,445,2920,0.565068493150685,0,0,241,1123,49,3269,49,2362,20,49
"1357","2020-05-09",150,16,191,424,2920,0.565068493150685,0,0,241,1123,48,3317,40,2402,14,40
"1358","2020-05-10",135,16,176,407,2920,0.565068493150685,0,0,241,1123,51,3368,45,2447,21,45
"1359","2020-05-11",140,16,179,394,2920,0.565068493150685,0,0,241,1123,48,3416,42,2489,21,42
"1360","2020-05-12",132,16,202,380,2920,0.565068493150685,0,0,241,1123,43,3459,36,2525,19,36
"1361","2020-05-13",119,16,206,369,2920,0.565068493150685,0,0,241,1123,43,3502,31,2556,11,31
"1362","2020-05-14",112,16,200,356,2920,0.565068493150685,0,0,241,1123,39,3541,67,2623,12,67
"1363","2020-05-15",104,16,193,343,2920,0.565068493150685,0,0,241,1123,42,3583,46,2669,16,46
"1364","2020-05-16",102,16,181,328,2920,0.565068493150685,0,0,241,1123,43,3626,49,2718,19,49
"1365","2020-05-17",110,16,164,314,2920,0.565068493150685,0,0,241,1123,33,3659,49,2767,11,49
"1366","2020-05-18",109,16,151,304,2920,0.565068493150685,0,0,241,1123,44,3703,34,2801,15,34
"1367","2020-05-19",105,16,152,307,2920,0.565068493150685,0,0,241,1123,31,3734,26,2827,13,26
"1368","2020-05-20",102,16,156,312,2920,0.565068493150685,0,0,241,1123,42,3776,49,2876,13,49
"1369","2020-05-21",93,16,187,305,2920,0.565068493150685,0,0,241,1123,23,3799,51,2927,10,51
"1370","2020-05-22",89,16,219,303,2920,0.565068493150685,0,0,241,1123,24,3823,46,2973,6,46
"1371","2020-05-23",84,16,227,305,2920,0.565068493150685,0,0,241,1123,33,3856,56,3029,13,56
"1372","2020-05-24",79,16,232,313,2920,0.565068493150685,0,0,241,1123,31,3887,33,3062,13,33
"1373","2020-05-25",77,16,228,307,2920,0.565068493150685,0,0,241,1123,31,3918,39,3101,9,39
"1374","2020-05-26",82,16,209,297,2920,0.565068493150685,0,0,241,1123,27,3945,35,3136,12,35
"1375","2020-05-27",84,16,193,286,2920,0.565068493150685,0,0,241,1123,25,3970,29,3165,9,29
"1376","2020-05-28",89,16,190,276,2920,0.565068493150685,0,0,241,1123,28,3998,22,3187,8,22
"1377","2020-05-29",94,16,199,271,2920,0.565068493150685,0,0,241,1123,26,4024,31,3218,9,31
"1378","2020-05-30",93,16,187,268,2920,0.565068493150685,0,0,241,1123,20,4044,31,3249,5,31
"1379","2020-05-31",93,16,201,261,2920,0.565068493150685,0,0,241,1123,23,4067,33,3282,10,33
"1380","2020-06-01",87,16,207,250,2920,0.565068493150685,0,0,241,1123,25,4092,33,3315,13,33
"1381","2020-06-02",78,16,213,242,2920,0.565068493150685,0,0,241,1123,21,4113,30,3345,7,30
"1382","2020-06-03",70,16,228,228,2920,0.565068493150685,0,0,241,1123,18,4131,47,3392,9,47
"1383","2020-06-04",67,16,203,224,2920,0.565068493150685,0,0,241,1123,23,4154,39,3431,12,39
"1384","2020-06-05",58,16,210,213,2920,0.565068493150685,0,0,241,1123,10,4164,49,3480,2,49
"1385","2020-06-06",56,16,191,198,2920,0.565068493150685,0,0,241,1123,22,4186,35,3515,11,35
"1386","2020-06-07",55,16,196,197,2920,0.565068493150685,0,0,241,1123,14,4200,27,3542,5,27
"1387","2020-03-13",1,17,81,82,3609,0.331947908007758,0,0,311,782,17,35,25,64,8,25
"1388","2020-03-14",6,17,90,111,3609,0.331947908007758,0,0,311,782,23,58,26,90,18,26
"1389","2020-03-15",8,17,98,137,3609,0.331947908007758,0,0,311,782,27,85,32,122,20,32
"1390","2020-03-16",14,17,111,169,3609,0.331947908007758,0,0,311,782,50,135,19,141,48,19
"1391","2020-03-17",19,17,104,202,3609,0.331947908007758,0,0,311,782,47,182,12,153,37,12
"1392","2020-03-18",24,17,105,235,3609,0.331947908007758,0,0,311,782,53,235,13,166,47,13
"1393","2020-03-19",32,17,105,258,3609,0.331947908007758,0,0,311,782,68,303,27,193,60,27
"1394","2020-03-20",36,17,102,297,3609,0.331947908007758,0,0,311,782,75,378,22,215,69,22
"1395","2020-03-21",47,17,80,322,3609,0.331947908007758,0,0,311,782,87,465,24,239,81,24
"1396","2020-03-22",57,17,88,360,3609,0.331947908007758,0,0,311,782,104,569,43,282,95,43
"1397","2020-03-23",72,17,93,380,3609,0.331947908007758,0,0,311,782,128,697,23,305,122,23
"1398","2020-03-24",89,17,94,387,3609,0.331947908007758,0,0,311,782,188,885,21,326,180,21
"1399","2020-03-25",99,17,116,407,3609,0.331947908007758,0,0,311,782,133,1018,46,372,127,46
"1400","2020-03-26",109,17,133,426,3609,0.331947908007758,0,0,311,782,188,1206,25,397,185,25
"1401","2020-03-27",118,17,141,434,3609,0.331947908007758,0,0,311,782,224,1430,10,407,221,10
"1402","2020-03-28",124,17,138,452,3609,0.331947908007758,0,0,311,782,265,1695,11,418,259,11
"1403","2020-03-29",129,17,148,471,3609,0.331947908007758,0,0,311,782,312,2007,14,432,304,14
"1404","2020-03-30",133,17,138,477,3609,0.331947908007758,0,0,311,782,260,2267,32,464,258,32
"1405","2020-03-31",127,17,114,492,3609,0.331947908007758,0,0,311,782,305,2572,52,516,301,52
"1406","2020-04-01",144,17,141,512,3609,0.331947908007758,0,0,311,782,376,2948,30,546,372,30
"1407","2020-04-02",138,17,152,502,3609,0.331947908007758,0,0,311,782,343,3291,11,557,337,11
"1408","2020-04-03",148,17,176,502,3609,0.331947908007758,0,0,311,782,431,3722,11,568,429,11
"1409","2020-04-04",148,17,214,521,3609,0.331947908007758,0,0,311,782,353,4075,32,600,345,32
"1410","2020-04-05",162,17,231,510,3609,0.331947908007758,0,0,311,782,400,4475,25,625,393,25
"1411","2020-04-06",153,17,212,528,3609,0.331947908007758,0,0,311,782,355,4830,12,637,350,12
"1412","2020-04-07",151,17,176,538,3609,0.331947908007758,0,0,311,782,306,5136,12,649,304,12
"1413","2020-04-08",135,17,163,534,3609,0.331947908007758,0,0,311,782,323,5459,29,678,317,29
"1414","2020-04-09",138,17,132,543,3609,0.331947908007758,0,0,311,782,280,5739,30,708,275,30
"1415","2020-04-10",132,17,146,543,3609,0.331947908007758,0,0,311,782,233,5972,44,752,231,44
"1416","2020-04-11",132,17,133,540,3609,0.331947908007758,0,0,311,782,211,6183,58,810,210,58
"1417","2020-04-12",124,17,145,535,3609,0.331947908007758,0,0,311,782,182,6365,27,837,177,27
"1418","2020-04-13",126,17,174,551,3609,0.331947908007758,0,0,311,782,167,6532,17,854,165,17
"1419","2020-04-14",129,17,183,558,3609,0.331947908007758,0,0,311,782,145,6677,37,891,140,37
"1420","2020-04-15",144,17,174,562,3609,0.331947908007758,0,0,311,782,100,6777,31,922,97,31
"1421","2020-04-16",148,17,195,563,3609,0.331947908007758,0,0,311,782,86,6863,11,933,84,11
"1422","2020-04-17",161,17,196,576,3609,0.331947908007758,0,0,311,782,66,6929,10,943,65,10
"1423","2020-04-18",155,17,184,560,3609,0.331947908007758,0,0,311,782,66,6995,10,953,64,10
"1424","2020-04-19",153,17,216,560,3609,0.331947908007758,0,0,311,782,50,7045,26,979,48,26
"1425","2020-04-20",154,17,223,560,3609,0.331947908007758,0,0,311,782,36,7081,13,992,34,13
"1426","2020-04-21",162,17,213,558,3609,0.331947908007758,0,0,311,782,26,7107,34,1026,24,34
"1427","2020-04-22",158,17,196,555,3609,0.331947908007758,0,0,311,782,22,7129,51,1077,20,51
"1428","2020-04-23",157,17,212,535,3609,0.331947908007758,0,0,311,782,22,7151,24,1101,20,24
"1429","2020-04-24",151,17,211,515,3609,0.331947908007758,0,0,311,782,12,7163,34,1135,11,34
"1430","2020-04-25",157,17,224,507,3609,0.331947908007758,0,0,311,782,9,7172,65,1200,8,65
"1431","2020-04-26",158,17,207,501,3609,0.331947908007758,0,0,311,782,11,7183,52,1252,10,52
"1432","2020-04-27",162,17,184,506,3609,0.331947908007758,0,0,311,782,8,7191,38,1290,8,38
"1433","2020-04-28",149,17,162,495,3609,0.331947908007758,0,0,311,782,14,7205,52,1342,13,52
"1434","2020-04-29",137,17,156,497,3609,0.331947908007758,0,0,311,782,12,7217,28,1370,12,28
"1435","2020-04-30",144,17,191,502,3609,0.331947908007758,0,0,311,782,10,7227,19,1389,8,19
"1436","2020-05-01",129,17,191,492,3609,0.331947908007758,0,0,311,782,6,7233,16,1405,5,16
"1437","2020-05-02",121,17,180,481,3609,0.331947908007758,0,0,311,782,6,7239,15,1420,3,15
"1438","2020-05-03",116,17,161,463,3609,0.331947908007758,0,0,311,782,9,7248,15,1435,8,15
"1439","2020-05-04",114,17,158,459,3609,0.331947908007758,0,0,311,782,11,7259,45,1480,11,45
"1440","2020-05-05",116,17,171,455,3609,0.331947908007758,0,0,311,782,NA,NA,26,1506,NA,26
"1441","2020-05-06",124,17,211,463,3609,0.331947908007758,0,0,311,782,2,7261,30,1536,2,30
"1442","2020-05-07",123,17,202,466,3609,0.331947908007758,0,0,311,782,4,7265,48,1584,3,48
"1443","2020-05-08",130,17,190,475,3609,0.331947908007758,0,0,311,782,3,7268,36,1620,2,36
"1444","2020-05-09",140,17,212,474,3609,0.331947908007758,0,0,311,782,2,7270,38,1658,2,38
"1445","2020-05-10",137,17,236,470,3609,0.331947908007758,0,0,311,782,7,7277,49,1707,5,49
"1446","2020-05-11",130,17,237,453,3609,0.331947908007758,0,0,311,782,4,7281,48,1755,4,48
"1447","2020-05-12",141,17,237,436,3609,0.331947908007758,0,0,311,782,3,7284,33,1788,3,33
"1448","2020-05-13",140,17,213,427,3609,0.331947908007758,0,0,311,782,3,7287,51,1839,2,51
"1449","2020-05-14",132,17,183,425,3609,0.331947908007758,0,0,311,782,3,7290,57,1896,NA,57
"1450","2020-05-15",136,17,178,433,3609,0.331947908007758,0,0,311,782,NA,NA,25,1921,NA,25
"1451","2020-05-16",129,17,206,403,3609,0.331947908007758,0,0,311,782,1,7291,26,1947,1,26
"1452","2020-05-17",127,17,217,388,3609,0.331947908007758,0,0,311,782,9,7300,26,1973,5,26
"1453","2020-05-18",133,17,237,379,3609,0.331947908007758,0,0,311,782,5,7305,35,2008,3,35
"1454","2020-05-19",125,17,208,364,3609,0.331947908007758,0,0,311,782,1,7306,43,2051,1,43
"1455","2020-05-20",119,17,195,373,3609,0.331947908007758,0,0,311,782,3,7309,55,2106,2,55
"1456","2020-05-21",117,17,193,375,3609,0.331947908007758,0,0,311,782,1,7310,38,2144,1,38
"1457","2020-05-22",111,17,202,372,3609,0.331947908007758,0,0,311,782,4,7314,26,2170,3,26
"1458","2020-05-23",116,17,191,374,3609,0.331947908007758,0,0,311,782,1,7315,46,2216,1,46
"1459","2020-05-24",122,17,217,371,3609,0.331947908007758,0,0,311,782,5,7320,24,2240,4,24
"1460","2020-05-25",120,17,214,364,3609,0.331947908007758,0,0,311,782,2,7322,23,2263,2,23
"1461","2020-05-26",114,17,208,344,3609,0.331947908007758,0,0,311,782,5,7327,38,2301,4,38
"1462","2020-05-27",106,17,186,347,3609,0.331947908007758,0,0,311,782,1,7328,25,2326,1,25
"1463","2020-05-28",100,17,168,329,3609,0.331947908007758,0,0,311,782,2,7330,18,2344,2,18
"1464","2020-05-29",96,17,162,319,3609,0.331947908007758,0,0,311,782,NA,NA,8,2352,NA,8
"1465","2020-05-30",94,17,184,327,3609,0.331947908007758,0,0,311,782,3,7333,5,2357,2,5
"1466","2020-05-31",89,17,191,318,3609,0.331947908007758,0,0,311,782,2,7335,12,2369,2,12
"1467","2020-06-01",83,17,196,307,3609,0.331947908007758,0,0,311,782,2,7337,13,2382,2,13
"1468","2020-06-02",85,17,185,302,3609,0.331947908007758,0,0,311,782,1,7338,9,2391,1,9
"1469","2020-06-03",88,17,185,286,3609,0.331947908007758,0,0,311,782,3,7341,22,2413,2,22
"1470","2020-06-04",87,17,173,274,3609,0.331947908007758,0,0,311,782,NA,NA,38,2451,NA,38
"1471","2020-06-05",92,17,138,256,3609,0.331947908007758,0,0,311,782,1,7342,43,2494,1,43
"1472","2020-06-06",84,17,111,246,3609,0.331947908007758,0,0,311,782,3,7345,39,2533,2,39
"1473","2020-06-07",77,17,106,233,3609,0.331947908007758,0,0,311,782,1,7346,33,2566,1,33
"1474","2020-03-14",2,18,103,70,3078,0.60006497725796,0,0,278,1022,12,39,9,33,4,9
"1475","2020-03-15",4,18,99,94,3078,0.60006497725796,0,0,278,1022,15,54,6,39,6,6
"1476","2020-03-16",6,18,93,112,3078,0.60006497725796,0,0,278,1022,19,73,4,43,13,4
"1477","2020-03-17",12,18,130,136,3078,0.60006497725796,0,0,278,1022,22,95,4,47,11,4
"1478","2020-03-18",19,18,134,161,3078,0.60006497725796,0,0,278,1022,23,118,7,54,14,7
"1479","2020-03-19",25,18,159,178,3078,0.60006497725796,0,0,278,1022,13,131,4,58,8,4
"1480","2020-03-20",31,18,181,197,3078,0.60006497725796,0,0,278,1022,22,153,8,66,18,8
"1481","2020-03-21",40,18,185,221,3078,0.60006497725796,0,0,278,1022,36,189,27,93,26,27
"1482","2020-03-22",44,18,187,245,3078,0.60006497725796,0,0,278,1022,24,213,17,110,20,17
"1483","2020-03-23",52,18,180,265,3078,0.60006497725796,0,0,278,1022,34,247,30,140,31,30
"1484","2020-03-24",53,18,153,281,3078,0.60006497725796,0,0,278,1022,31,278,18,158,22,18
"1485","2020-03-25",58,18,135,303,3078,0.60006497725796,0,0,278,1022,30,308,18,176,23,18
"1486","2020-03-26",62,18,133,315,3078,0.60006497725796,0,0,278,1022,36,344,28,204,18,28
"1487","2020-03-27",65,18,120,325,3078,0.60006497725796,0,0,278,1022,27,371,20,224,18,20
"1488","2020-03-28",75,18,128,347,3078,0.60006497725796,0,0,278,1022,22,393,31,255,14,31
"1489","2020-03-29",82,18,161,368,3078,0.60006497725796,0,0,278,1022,33,426,43,298,23,43
"1490","2020-03-30",85,18,144,395,3078,0.60006497725796,0,0,278,1022,39,465,41,339,25,41
"1491","2020-03-31",90,18,146,405,3078,0.60006497725796,0,0,278,1022,23,488,17,356,13,17
"1492","2020-04-01",94,18,168,415,3078,0.60006497725796,0,0,278,1022,30,518,11,367,16,11
"1493","2020-04-02",103,18,214,427,3078,0.60006497725796,0,0,278,1022,23,541,13,380,12,13
"1494","2020-04-03",113,18,221,435,3078,0.60006497725796,0,0,278,1022,16,557,30,410,10,30
"1495","2020-04-04",100,18,232,468,3078,0.60006497725796,0,0,278,1022,20,577,12,422,14,12
"1496","2020-04-05",102,18,211,482,3078,0.60006497725796,0,0,278,1022,34,611,13,435,21,13
"1497","2020-04-06",108,18,194,494,3078,0.60006497725796,0,0,278,1022,35,646,11,446,19,11
"1498","2020-04-07",109,18,174,485,3078,0.60006497725796,0,0,278,1022,23,669,34,480,13,34
"1499","2020-04-08",105,18,209,489,3078,0.60006497725796,0,0,278,1022,19,688,27,507,8,27
"1500","2020-04-09",105,18,229,485,3078,0.60006497725796,0,0,278,1022,27,715,21,528,17,21
"1501","2020-04-10",114,18,201,488,3078,0.60006497725796,0,0,278,1022,24,739,11,539,12,11
"1502","2020-04-11",128,18,222,495,3078,0.60006497725796,0,0,278,1022,24,763,42,581,15,42
"1503","2020-04-12",129,18,213,491,3078,0.60006497725796,0,0,278,1022,23,786,21,602,16,21
"1504","2020-04-13",135,18,231,503,3078,0.60006497725796,0,0,278,1022,23,809,42,644,14,42
"1505","2020-04-14",145,18,252,477,3078,0.60006497725796,0,0,278,1022,27,836,32,676,13,32
"1506","2020-04-15",151,18,247,488,3078,0.60006497725796,0,0,278,1022,20,856,43,719,8,43
"1507","2020-04-16",155,18,246,477,3078,0.60006497725796,0,0,278,1022,31,887,46,765,20,46
"1508","2020-04-17",146,18,228,468,3078,0.60006497725796,0,0,278,1022,21,908,21,786,9,21
"1509","2020-04-18",142,18,233,446,3078,0.60006497725796,0,0,278,1022,12,920,39,825,4,39
"1510","2020-04-19",144,18,207,453,3078,0.60006497725796,0,0,278,1022,16,936,21,846,9,21
"1511","2020-04-20",133,18,215,451,3078,0.60006497725796,0,0,278,1022,28,964,11,857,13,11
"1512","2020-04-21",124,18,198,456,3078,0.60006497725796,0,0,278,1022,24,988,11,868,9,11
"1513","2020-04-22",126,18,172,432,3078,0.60006497725796,0,0,278,1022,19,1007,14,882,9,14
"1514","2020-04-23",117,18,159,446,3078,0.60006497725796,0,0,278,1022,33,1040,4,886,24,4
"1515","2020-04-24",119,18,135,455,3078,0.60006497725796,0,0,278,1022,29,1069,9,895,13,9
"1516","2020-04-25",124,18,120,469,3078,0.60006497725796,0,0,278,1022,34,1103,17,912,21,17
"1517","2020-04-26",128,18,118,465,3078,0.60006497725796,0,0,278,1022,30,1133,50,962,23,50
"1518","2020-04-27",129,18,116,461,3078,0.60006497725796,0,0,278,1022,20,1153,24,986,14,24
"1519","2020-04-28",137,18,172,462,3078,0.60006497725796,0,0,278,1022,21,1174,49,1035,12,49
"1520","2020-04-29",126,18,166,463,3078,0.60006497725796,0,0,278,1022,23,1197,52,1087,15,52
"1521","2020-04-30",135,18,221,466,3078,0.60006497725796,0,0,278,1022,26,1223,38,1125,15,38
"1522","2020-05-01",137,18,265,479,3078,0.60006497725796,0,0,278,1022,19,1242,27,1152,13,27
"1523","2020-05-02",135,18,240,475,3078,0.60006497725796,0,0,278,1022,27,1269,17,1169,16,17
"1524","2020-05-03",129,18,283,465,3078,0.60006497725796,0,0,278,1022,17,1286,17,1186,7,17
"1525","2020-05-04",130,18,306,478,3078,0.60006497725796,0,0,278,1022,33,1319,12,1198,21,12
"1526","2020-05-05",128,18,266,463,3078,0.60006497725796,0,0,278,1022,13,1332,20,1218,8,20
"1527","2020-05-06",137,18,232,446,3078,0.60006497725796,0,0,278,1022,28,1360,15,1233,19,15
"1528","2020-05-07",129,18,222,427,3078,0.60006497725796,0,0,278,1022,38,1398,42,1275,27,42
"1529","2020-05-08",128,18,201,415,3078,0.60006497725796,0,0,278,1022,21,1419,19,1294,12,19
"1530","2020-05-09",125,18,210,406,3078,0.60006497725796,0,0,278,1022,23,1442,33,1327,15,33
"1531","2020-05-10",120,18,203,398,3078,0.60006497725796,0,0,278,1022,30,1472,55,1382,23,55
"1532","2020-05-11",115,18,184,387,3078,0.60006497725796,0,0,278,1022,24,1496,30,1412,17,30
"1533","2020-05-12",107,18,173,378,3078,0.60006497725796,0,0,278,1022,26,1522,16,1428,17,16
"1534","2020-05-13",109,18,145,378,3078,0.60006497725796,0,0,278,1022,22,1544,58,1486,13,58
"1535","2020-05-14",107,18,192,388,3078,0.60006497725796,0,0,278,1022,32,1576,50,1536,20,50
"1536","2020-05-15",102,18,187,382,3078,0.60006497725796,0,0,278,1022,19,1595,45,1581,13,45
"1537","2020-05-16",104,18,203,356,3078,0.60006497725796,0,0,278,1022,21,1616,26,1607,9,26
"1538","2020-05-17",108,18,235,364,3078,0.60006497725796,0,0,278,1022,19,1635,19,1626,11,19
"1539","2020-05-18",111,18,248,356,3078,0.60006497725796,0,0,278,1022,22,1657,24,1650,12,24
"1540","2020-05-19",113,18,245,347,3078,0.60006497725796,0,0,278,1022,20,1677,23,1673,14,23
"1541","2020-05-20",111,18,224,346,3078,0.60006497725796,0,0,278,1022,26,1703,5,1678,21,5
"1542","2020-05-21",117,18,222,349,3078,0.60006497725796,0,0,278,1022,19,1722,8,1686,12,8
"1543","2020-05-22",112,18,192,334,3078,0.60006497725796,0,0,278,1022,15,1737,32,1718,8,32
"1544","2020-05-23",105,18,165,326,3078,0.60006497725796,0,0,278,1022,23,1760,46,1764,17,46
"1545","2020-05-24",101,18,146,315,3078,0.60006497725796,0,0,278,1022,18,1778,41,1805,10,41
"1546","2020-05-25",104,18,124,301,3078,0.60006497725796,0,0,278,1022,22,1800,32,1837,13,32
"1547","2020-05-26",106,18,121,295,3078,0.60006497725796,0,0,278,1022,16,1816,35,1872,8,35
"1548","2020-05-27",100,18,139,284,3078,0.60006497725796,0,0,278,1022,14,1830,33,1905,9,33
"1549","2020-05-28",85,18,165,270,3078,0.60006497725796,0,0,278,1022,18,1848,32,1937,12,32
"1550","2020-05-29",80,18,179,258,3078,0.60006497725796,0,0,278,1022,9,1857,31,1968,5,31
"1551","2020-05-30",81,18,199,249,3078,0.60006497725796,0,0,278,1022,10,1867,27,1995,4,27
"1552","2020-05-31",82,18,207,247,3078,0.60006497725796,0,0,278,1022,9,1876,22,2017,4,22
"1553","2020-06-01",72,18,192,243,3078,0.60006497725796,0,0,278,1022,17,1893,35,2052,11,35
"1554","2020-06-02",65,18,171,236,3078,0.60006497725796,0,0,278,1022,14,1907,9,2061,10,9
"1555","2020-06-03",64,18,152,233,3078,0.60006497725796,0,0,278,1022,23,1930,6,2067,14,6
"1556","2020-06-04",64,18,122,236,3078,0.60006497725796,0,0,278,1022,13,1943,6,2073,7,6
"1557","2020-06-05",72,18,106,235,3078,0.60006497725796,0,0,278,1022,19,1962,5,2078,14,5
"1558","2020-06-06",67,18,92,226,3078,0.60006497725796,0,0,278,1022,13,1975,2,2080,8,2
"1559","2020-06-07",66,18,86,221,3078,0.60006497725796,0,0,278,1022,13,1988,5,2085,7,5
"1560","2020-03-12",1,19,32,51,3333,0.29042904290429,0,0,294,449,28,59,29,67,1,29
"1561","2020-03-13",1,19,33,80,3333,0.29042904290429,0,0,294,449,31,90,44,111,5,44
"1562","2020-03-14",1,19,37,107,3333,0.29042904290429,0,0,294,449,31,121,33,144,10,33
"1563","2020-03-15",3,19,49,138,3333,0.29042904290429,0,0,294,449,46,167,16,160,14,16
"1564","2020-03-16",7,19,73,169,3333,0.29042904290429,0,0,294,449,48,215,9,169,20,9
"1565","2020-03-17",9,19,90,198,3333,0.29042904290429,0,0,294,449,61,276,10,179,26,10
"1566","2020-03-18",20,19,78,222,3333,0.29042904290429,0,0,294,449,37,313,5,184,19,5
"1567","2020-03-19",26,19,84,260,3333,0.29042904290429,0,0,294,449,53,366,14,198,28,14
"1568","2020-03-20",39,19,103,281,3333,0.29042904290429,0,0,294,449,57,423,27,225,36,27
"1569","2020-03-21",48,19,109,303,3333,0.29042904290429,0,0,294,449,64,487,21,246,26,21
"1570","2020-03-22",55,19,109,325,3333,0.29042904290429,0,0,294,449,68,555,38,284,45,38
"1571","2020-03-23",65,19,103,337,3333,0.29042904290429,0,0,294,449,72,627,20,304,38,20
"1572","2020-03-24",76,19,94,351,3333,0.29042904290429,0,0,294,449,63,690,21,325,36,21
"1573","2020-03-25",79,19,87,372,3333,0.29042904290429,0,0,294,449,61,751,26,351,41,26
"1574","2020-03-26",84,19,101,384,3333,0.29042904290429,0,0,294,449,72,823,13,364,41,13
"1575","2020-03-27",87,19,111,388,3333,0.29042904290429,0,0,294,449,78,901,14,378,43,14
"1576","2020-03-28",87,19,118,402,3333,0.29042904290429,0,0,294,449,82,983,34,412,48,34
"1577","2020-03-29",97,19,127,406,3333,0.29042904290429,0,0,294,449,59,1042,29,441,32,29
"1578","2020-03-30",104,19,141,429,3333,0.29042904290429,0,0,294,449,63,1105,18,459,30,18
"1579","2020-03-31",109,19,133,431,3333,0.29042904290429,0,0,294,449,79,1184,35,494,35,35
"1580","2020-04-01",114,19,129,437,3333,0.29042904290429,0,0,294,449,98,1282,23,517,66,23
"1581","2020-04-02",114,19,150,450,3333,0.29042904290429,0,0,294,449,60,1342,49,566,29,49
"1582","2020-04-03",119,19,165,455,3333,0.29042904290429,0,0,294,449,48,1390,47,613,28,47
"1583","2020-04-04",125,19,167,467,3333,0.29042904290429,0,0,294,449,57,1447,35,648,25,35
"1584","2020-04-05",125,19,165,460,3333,0.29042904290429,0,0,294,449,50,1497,24,672,19,24
"1585","2020-04-06",121,19,181,457,3333,0.29042904290429,0,0,294,449,46,1543,15,687,20,15
"1586","2020-04-07",115,19,207,450,3333,0.29042904290429,0,0,294,449,63,1606,13,700,27,13
"1587","2020-04-08",106,19,203,456,3333,0.29042904290429,0,0,294,449,54,1660,21,721,18,21
"1588","2020-04-09",114,19,173,450,3333,0.29042904290429,0,0,294,449,66,1726,49,770,31,49
"1589","2020-04-10",109,19,159,455,3333,0.29042904290429,0,0,294,449,58,1784,42,812,22,42
"1590","2020-04-11",111,19,151,448,3333,0.29042904290429,0,0,294,449,71,1855,45,857,30,45
"1591","2020-04-12",105,19,149,440,3333,0.29042904290429,0,0,294,449,60,1915,25,882,23,25
"1592","2020-04-13",98,19,133,439,3333,0.29042904290429,0,0,294,449,39,1954,41,923,17,41
"1593","2020-04-14",106,19,128,442,3333,0.29042904290429,0,0,294,449,74,2028,12,935,23,12
"1594","2020-04-15",120,19,131,442,3333,0.29042904290429,0,0,294,449,70,2098,12,947,28,12
"1595","2020-04-16",123,19,121,439,3333,0.29042904290429,0,0,294,449,65,2163,8,955,31,8
"1596","2020-04-17",121,19,113,438,3333,0.29042904290429,0,0,294,449,63,2226,4,959,33,4
"1597","2020-04-18",123,19,108,444,3333,0.29042904290429,0,0,294,449,62,2288,4,963,37,4
"1598","2020-04-19",124,19,126,438,3333,0.29042904290429,0,0,294,449,70,2358,9,972,39,9
"1599","2020-04-20",132,19,124,438,3333,0.29042904290429,0,0,294,449,70,2428,9,981,37,9
"1600","2020-04-21",126,19,117,432,3333,0.29042904290429,0,0,294,449,66,2494,47,1028,30,47
"1601","2020-04-22",118,19,152,430,3333,0.29042904290429,0,0,294,449,75,2569,56,1084,26,56
"1602","2020-04-23",109,19,173,455,3333,0.29042904290429,0,0,294,449,56,2625,35,1119,25,35
"1603","2020-04-24",108,19,214,468,3333,0.29042904290429,0,0,294,449,67,2692,27,1146,28,27
"1604","2020-04-25",116,19,220,472,3333,0.29042904290429,0,0,294,449,61,2753,64,1210,36,64
"1605","2020-04-26",115,19,236,477,3333,0.29042904290429,0,0,294,449,72,2825,50,1260,34,50
"1606","2020-04-27",131,19,236,475,3333,0.29042904290429,0,0,294,449,55,2880,46,1306,19,46
"1607","2020-04-28",136,19,242,481,3333,0.29042904290429,0,0,294,449,50,2930,57,1363,23,57
"1608","2020-04-29",142,19,260,476,3333,0.29042904290429,0,0,294,449,43,2973,31,1394,14,31
"1609","2020-04-30",147,19,241,481,3333,0.29042904290429,0,0,294,449,34,3007,20,1414,8,20
"1610","2020-05-01",143,19,219,478,3333,0.29042904290429,0,0,294,449,44,3051,22,1436,16,22
"1611","2020-05-02",136,19,184,473,3333,0.29042904290429,0,0,294,449,46,3097,17,1453,20,17
"1612","2020-05-03",144,19,169,481,3333,0.29042904290429,0,0,294,449,41,3138,19,1472,9,19
"1613","2020-05-04",134,19,173,486,3333,0.29042904290429,0,0,294,449,36,3174,26,1498,11,26
"1614","2020-05-05",133,19,160,489,3333,0.29042904290429,0,0,294,449,31,3205,30,1528,11,30
"1615","2020-05-06",133,19,143,488,3333,0.29042904290429,0,0,294,449,41,3246,10,1538,14,10
"1616","2020-05-07",126,19,128,491,3333,0.29042904290429,0,0,294,449,42,3288,57,1595,13,57
"1617","2020-05-08",143,19,118,478,3333,0.29042904290429,0,0,294,449,32,3320,57,1652,12,57
"1618","2020-05-09",140,19,125,502,3333,0.29042904290429,0,0,294,449,33,3353,51,1703,5,51
"1619","2020-05-10",136,19,139,489,3333,0.29042904290429,0,0,294,449,48,3401,27,1730,20,27
"1620","2020-05-11",126,19,141,489,3333,0.29042904290429,0,0,294,449,27,3428,49,1779,8,49
"1621","2020-05-12",126,19,132,479,3333,0.29042904290429,0,0,294,449,41,3469,22,1801,14,22
"1622","2020-05-13",128,19,122,476,3333,0.29042904290429,0,0,294,449,38,3507,63,1864,13,63
"1623","2020-05-14",136,19,120,473,3333,0.29042904290429,0,0,294,449,37,3544,54,1918,14,54
"1624","2020-05-15",123,19,120,463,3333,0.29042904290429,0,0,294,449,28,3572,53,1971,17,53
"1625","2020-05-16",123,19,107,454,3333,0.29042904290429,0,0,294,449,31,3603,65,2036,17,65
"1626","2020-05-17",117,19,115,448,3333,0.29042904290429,0,0,294,449,25,3628,49,2085,10,49
"1627","2020-05-18",124,19,135,434,3333,0.29042904290429,0,0,294,449,24,3652,55,2140,8,55
"1628","2020-05-19",128,19,152,428,3333,0.29042904290429,0,0,294,449,17,3669,58,2198,6,58
"1629","2020-05-20",132,19,151,415,3333,0.29042904290429,0,0,294,449,33,3702,60,2258,13,60
"1630","2020-05-21",133,19,152,401,3333,0.29042904290429,0,0,294,449,16,3718,34,2292,3,34
"1631","2020-05-22",139,19,162,381,3333,0.29042904290429,0,0,294,449,19,3737,32,2324,7,32
"1632","2020-05-23",136,19,150,357,3333,0.29042904290429,0,0,294,449,17,3754,21,2345,8,21
"1633","2020-05-24",135,19,155,343,3333,0.29042904290429,0,0,294,449,19,3773,10,2355,4,10
"1634","2020-05-25",132,19,159,350,3333,0.29042904290429,0,0,294,449,16,3789,9,2364,6,9
"1635","2020-05-26",123,19,150,329,3333,0.29042904290429,0,0,294,449,16,3805,17,2381,3,17
"1636","2020-05-27",106,19,153,315,3333,0.29042904290429,0,0,294,449,16,3821,39,2420,6,39
"1637","2020-05-28",99,19,154,305,3333,0.29042904290429,0,0,294,449,18,3839,28,2448,4,28
"1638","2020-05-29",91,19,178,310,3333,0.29042904290429,0,0,294,449,15,3854,18,2466,3,18
"1639","2020-05-30",82,19,173,291,3333,0.29042904290429,0,0,294,449,22,3876,13,2479,7,13
"1640","2020-05-31",88,19,180,271,3333,0.29042904290429,0,0,294,449,28,3904,9,2488,12,9
"1641","2020-06-01",79,19,170,259,3333,0.29042904290429,0,0,294,449,21,3925,15,2503,5,15
"1642","2020-06-02",76,19,170,246,3333,0.29042904290429,0,0,294,449,10,3935,16,2519,5,16
"1643","2020-06-03",73,19,167,242,3333,0.29042904290429,0,0,294,449,10,3945,5,2524,3,5
"1644","2020-06-04",70,19,151,232,3333,0.29042904290429,0,0,294,449,13,3958,7,2531,7,7
"1645","2020-06-05",65,19,149,219,3333,0.29042904290429,0,0,294,449,15,3973,10,2541,8,10
"1646","2020-06-06",72,19,139,210,3333,0.29042904290429,0,0,294,449,13,3986,2,2543,5,2
"1647","2020-06-07",63,19,129,189,3333,0.29042904290429,0,0,294,449,15,4001,4,2547,9,4
"1648","2020-03-15",1,20,97,48,4380,0.885159817351598,0,0,420,784,16,51,25,54,5,25
"1649","2020-03-16",1,20,108,63,4380,0.885159817351598,0,0,420,784,20,71,10,64,11,10
"1650","2020-03-17",6,20,139,95,4380,0.885159817351598,0,0,420,784,21,92,20,84,14,20
"1651","2020-03-18",9,20,155,111,4380,0.885159817351598,0,0,420,784,21,113,17,101,8,17
"1652","2020-03-19",13,20,157,138,4380,0.885159817351598,0,0,420,784,29,142,10,111,15,10
"1653","2020-03-20",21,20,165,168,4380,0.885159817351598,0,0,420,784,24,166,19,130,15,19
"1654","2020-03-21",27,20,185,198,4380,0.885159817351598,0,0,420,784,22,188,31,161,14,31
"1655","2020-03-22",35,20,156,242,4380,0.885159817351598,0,0,420,784,18,206,23,184,11,23
"1656","2020-03-23",49,20,141,280,4380,0.885159817351598,0,0,420,784,22,228,18,202,14,18
"1657","2020-03-24",53,20,145,321,4380,0.885159817351598,0,0,420,784,24,252,13,215,16,13
"1658","2020-03-25",62,20,148,351,4380,0.885159817351598,0,0,420,784,30,282,14,229,19,14
"1659","2020-03-26",66,20,137,383,4380,0.885159817351598,0,0,420,784,38,320,20,249,24,20
"1660","2020-03-27",79,20,121,428,4380,0.885159817351598,0,0,420,784,35,355,23,272,25,23
"1661","2020-03-28",92,20,111,464,4380,0.885159817351598,0,0,420,784,43,398,27,299,32,27
"1662","2020-03-29",109,20,147,498,4380,0.885159817351598,0,0,420,784,32,430,33,332,21,33
"1663","2020-03-30",117,20,172,524,4380,0.885159817351598,0,0,420,784,35,465,39,371,23,39
"1664","2020-03-31",130,20,165,556,4380,0.885159817351598,0,0,420,784,42,507,52,423,24,52
"1665","2020-04-01",133,20,178,618,4380,0.885159817351598,0,0,420,784,48,555,45,468,33,45
"1666","2020-04-02",154,20,148,663,4380,0.885159817351598,0,0,420,784,25,580,38,506,17,38
"1667","2020-04-03",174,20,140,719,4380,0.885159817351598,0,0,420,784,32,612,37,543,13,37
"1668","2020-04-04",184,20,135,743,4380,0.885159817351598,0,0,420,784,28,640,59,602,13,59
"1669","2020-04-05",195,20,169,773,4380,0.885159817351598,0,0,420,784,25,665,56,658,16,56
"1670","2020-04-06",212,20,181,822,4380,0.885159817351598,0,0,420,784,14,679,34,692,8,34
"1671","2020-04-07",221,20,205,850,4380,0.885159817351598,0,0,420,784,31,710,39,731,18,39
"1672","2020-04-08",239,20,193,886,4380,0.885159817351598,0,0,420,784,20,730,29,760,11,29
"1673","2020-04-09",243,20,170,892,4380,0.885159817351598,0,0,420,784,36,766,56,816,19,56
"1674","2020-04-10",227,20,161,916,4380,0.885159817351598,0,0,420,784,33,799,46,862,17,46
"1675","2020-04-11",227,20,184,930,4380,0.885159817351598,0,0,420,784,24,823,53,915,9,53
"1676","2020-04-12",228,20,171,948,4380,0.885159817351598,0,0,420,784,29,852,52,967,14,52
"1677","2020-04-13",224,20,170,950,4380,0.885159817351598,0,0,420,784,28,880,36,1003,9,36
"1678","2020-04-14",242,20,146,977,4380,0.885159817351598,0,0,420,784,29,909,54,1057,7,54
"1679","2020-04-15",245,20,136,974,4380,0.885159817351598,0,0,420,784,19,928,48,1105,7,48
"1680","2020-04-16",254,20,137,980,4380,0.885159817351598,0,0,420,784,32,960,60,1165,10,60
"1681","2020-04-17",275,20,145,1005,4380,0.885159817351598,0,0,420,784,21,981,42,1207,5,42
"1682","2020-04-18",295,20,194,1015,4380,0.885159817351598,0,0,420,784,26,1007,42,1249,10,42
"1683","2020-04-19",303,20,226,980,4380,0.885159817351598,0,0,420,784,23,1030,30,1279,10,30
"1684","2020-04-20",300,20,249,988,4380,0.885159817351598,0,0,420,784,21,1051,52,1331,9,52
"1685","2020-04-21",287,20,237,957,4380,0.885159817351598,0,0,420,784,31,1082,40,1371,5,40
"1686","2020-04-22",288,20,232,937,4380,0.885159817351598,0,0,420,784,28,1110,39,1410,15,39
"1687","2020-04-23",283,20,250,929,4380,0.885159817351598,0,0,420,784,26,1136,46,1456,10,46
"1688","2020-04-24",268,20,279,930,4380,0.885159817351598,0,0,420,784,17,1153,54,1510,11,54
"1689","2020-04-25",251,20,290,927,4380,0.885159817351598,0,0,420,784,17,1170,33,1543,4,33
"1690","2020-04-26",246,20,267,930,4380,0.885159817351598,0,0,420,784,22,1192,29,1572,12,29
"1691","2020-04-27",240,20,235,892,4380,0.885159817351598,0,0,420,784,29,1221,28,1600,11,28
"1692","2020-04-28",246,20,200,856,4380,0.885159817351598,0,0,420,784,29,1250,20,1620,17,20
"1693","2020-04-29",242,20,188,836,4380,0.885159817351598,0,0,420,784,29,1279,63,1683,9,63
"1694","2020-04-30",250,20,213,807,4380,0.885159817351598,0,0,420,784,33,1312,56,1739,14,56
"1695","2020-05-01",256,20,198,786,4380,0.885159817351598,0,0,420,784,25,1337,41,1780,9,41
"1696","2020-05-02",253,20,200,767,4380,0.885159817351598,0,0,420,784,32,1369,49,1829,18,49
"1697","2020-05-03",248,20,184,730,4380,0.885159817351598,0,0,420,784,30,1399,50,1879,13,50
"1698","2020-05-04",246,20,174,720,4380,0.885159817351598,0,0,420,784,28,1427,39,1918,11,39
"1699","2020-05-05",235,20,158,695,4380,0.885159817351598,0,0,420,784,25,1452,54,1972,13,54
"1700","2020-05-06",228,20,149,661,4380,0.885159817351598,0,0,420,784,23,1475,53,2025,13,53
"1701","2020-05-07",209,20,168,623,4380,0.885159817351598,0,0,420,784,27,1502,50,2075,10,50
"1702","2020-05-08",198,20,167,589,4380,0.885159817351598,0,0,420,784,20,1522,32,2107,8,32
"1703","2020-05-09",196,20,215,540,4380,0.885159817351598,0,0,420,784,25,1547,37,2144,10,37
"1704","2020-05-10",176,20,200,514,4380,0.885159817351598,0,0,420,784,18,1565,44,2188,6,44
"1705","2020-05-11",170,20,187,485,4380,0.885159817351598,0,0,420,784,26,1591,29,2217,11,29
"1706","2020-05-12",157,20,205,459,4380,0.885159817351598,0,0,420,784,19,1610,27,2244,4,27
"1707","2020-05-13",152,20,190,462,4380,0.885159817351598,0,0,420,784,30,1640,34,2278,12,34
"1708","2020-05-14",159,20,172,445,4380,0.885159817351598,0,0,420,784,21,1661,38,2316,8,38
"1709","2020-05-15",155,20,148,424,4380,0.885159817351598,0,0,420,784,24,1685,42,2358,12,42
"1710","2020-05-16",146,20,176,393,4380,0.885159817351598,0,0,420,784,21,1706,52,2410,14,52
"1711","2020-05-17",147,20,209,386,4380,0.885159817351598,0,0,420,784,11,1717,39,2449,6,39
"1712","2020-05-18",144,20,237,359,4380,0.885159817351598,0,0,420,784,20,1737,34,2483,14,34
"1713","2020-05-19",140,20,267,344,4380,0.885159817351598,0,0,420,784,25,1762,28,2511,15,28
"1714","2020-05-20",136,20,251,336,4380,0.885159817351598,0,0,420,784,19,1781,45,2556,10,45
"1715","2020-05-21",112,20,237,320,4380,0.885159817351598,0,0,420,784,24,1805,55,2611,12,55
"1716","2020-05-22",107,20,231,310,4380,0.885159817351598,0,0,420,784,23,1828,65,2676,8,65
"1717","2020-05-23",102,20,216,294,4380,0.885159817351598,0,0,420,784,12,1840,35,2711,4,35
"1718","2020-05-24",98,20,216,278,4380,0.885159817351598,0,0,420,784,22,1862,53,2764,13,53
"1719","2020-05-25",89,20,196,268,4380,0.885159817351598,0,0,420,784,16,1878,44,2808,4,44
"1720","2020-05-26",89,20,164,251,4380,0.885159817351598,0,0,420,784,15,1893,38,2846,5,38
"1721","2020-05-27",79,20,165,237,4380,0.885159817351598,0,0,420,784,14,1907,34,2880,11,34
"1722","2020-05-28",83,20,181,222,4380,0.885159817351598,0,0,420,784,17,1924,41,2921,12,41
"1723","2020-05-29",71,20,157,211,4380,0.885159817351598,0,0,420,784,23,1947,38,2959,13,38
"1724","2020-05-30",66,20,143,201,4380,0.885159817351598,0,0,420,784,17,1964,22,2981,13,22
"1725","2020-05-31",60,20,121,202,4380,0.885159817351598,0,0,420,784,11,1975,23,3004,9,23
"1726","2020-06-01",65,20,108,198,4380,0.885159817351598,0,0,420,784,19,1994,28,3032,11,28
"1727","2020-06-02",60,20,105,192,4380,0.885159817351598,0,0,420,784,21,2015,27,3059,14,27
"1728","2020-06-03",60,20,93,186,4380,0.885159817351598,0,0,420,784,10,2025,33,3092,4,33
"1729","2020-06-04",54,20,80,171,4380,0.885159817351598,0,0,420,784,14,2039,26,3118,5,26
"1730","2020-06-05",54,20,65,156,4380,0.885159817351598,0,0,420,784,18,2057,31,3149,14,31
"1731","2020-06-06",50,20,56,149,4380,0.885159817351598,0,0,420,784,9,2066,26,3175,7,26
"1732","2020-06-07",50,20,55,146,4380,0.885159817351598,0,0,420,784,11,2077,17,3192,5,17
