"","Date","Absents","Paramset","Infections_or_Exposed_per_day_Patient","Infections_or_Exposed_per_day_HCW","total_infections","nosocomial_proportion","PCR_pooled","LFD_pooled","HCW_symp_test","patient_symp_test","new_hcw_infs","cumulative_hcw_infs","new_pat_infs","cumulative_pats_infs","new_nosocomial_hcw_infs","new_nosocomial_pat_infs"
"1","2020-03-12",1,1,82,192,9192,0.548411662315057,0,0,752,941,90,193,23,56,4,23
"2","2020-03-13",5,1,82,309,9192,0.548411662315057,0,0,752,941,117,310,15,71,21,15
"3","2020-03-14",15,1,131,438,9192,0.548411662315057,0,0,752,941,129,439,49,120,41,49
"4","2020-03-15",33,1,178,589,9192,0.548411662315057,0,0,752,941,151,590,54,174,69,54
"5","2020-03-16",56,1,201,765,9192,0.548411662315057,0,0,752,941,176,766,49,223,91,49
"6","2020-03-17",81,1,177,956,9192,0.548411662315057,0,0,752,941,193,959,25,248,119,25
"7","2020-03-18",120,1,164,1200,9192,0.548411662315057,0,0,752,941,254,1213,18,266,167,18
"8","2020-03-19",175,1,188,1403,9192,0.548411662315057,0,0,752,941,233,1446,48,314,141,48
"9","2020-03-20",216,1,216,1586,9192,0.548411662315057,0,0,752,941,217,1663,53,367,152,53
"10","2020-03-21",280,1,243,1875,9192,0.548411662315057,0,0,752,941,338,2001,53,420,274,53
"11","2020-03-22",330,1,228,2128,9192,0.548411662315057,0,0,752,941,316,2317,29,449,237,29
"12","2020-03-23",392,1,199,2358,9192,0.548411662315057,0,0,752,941,323,2640,22,471,252,22
"13","2020-03-24",454,1,184,2529,9192,0.548411662315057,0,0,752,941,271,2911,22,493,204,22
"14","2020-03-25",509,1,179,2709,9192,0.548411662315057,0,0,752,941,307,3218,19,512,242,19
"15","2020-03-26",575,1,172,2841,9192,0.548411662315057,0,0,752,941,280,3498,18,530,218,18
"16","2020-03-27",639,1,158,2936,9192,0.548411662315057,0,0,752,941,250,3748,18,548,199,18
"17","2020-03-28",680,1,150,3045,9192,0.548411662315057,0,0,752,941,303,4051,15,563,265,15
"18","2020-03-29",725,1,178,3104,9192,0.548411662315057,0,0,752,941,278,4329,38,601,230,38
"19","2020-03-30",753,1,189,3132,9192,0.548411662315057,0,0,752,941,263,4592,42,643,203,42
"20","2020-03-31",781,1,236,3133,9192,0.548411662315057,0,0,752,941,225,4817,59,702,174,59
"21","2020-04-01",808,1,235,3096,9192,0.548411662315057,0,0,752,941,230,5047,33,735,190,33
"22","2020-04-02",793,1,225,3046,9192,0.548411662315057,0,0,752,941,203,5250,31,766,161,31
"23","2020-04-03",784,1,207,2989,9192,0.548411662315057,0,0,752,941,219,5469,13,779,180,13
"24","2020-04-04",792,1,188,2879,9192,0.548411662315057,0,0,752,941,160,5629,19,798,124,19
"25","2020-04-05",807,1,183,2740,9192,0.548411662315057,0,0,752,941,134,5763,19,817,110,19
"26","2020-04-06",820,1,161,2586,9192,0.548411662315057,0,0,752,941,127,5890,11,828,96,11
"27","2020-04-07",809,1,161,2456,9192,0.548411662315057,0,0,752,941,124,6014,11,839,96,11
"28","2020-04-08",796,1,151,2319,9192,0.548411662315057,0,0,752,941,111,6125,14,853,72,14
"29","2020-04-09",771,1,152,2182,9192,0.548411662315057,0,0,752,941,105,6230,18,871,84,18
"30","2020-04-10",764,1,153,2050,9192,0.548411662315057,0,0,752,941,70,6300,21,892,38,21
"31","2020-04-11",705,1,163,1881,9192,0.548411662315057,0,0,752,941,65,6365,23,915,40,23
"32","2020-04-12",648,1,198,1737,9192,0.548411662315057,0,0,752,941,79,6444,38,953,53,38
"33","2020-04-13",583,1,225,1635,9192,0.548411662315057,0,0,752,941,74,6518,53,1006,43,53
"34","2020-04-14",541,1,230,1524,9192,0.548411662315057,0,0,752,941,74,6592,33,1039,45,33
"35","2020-04-15",485,1,220,1386,9192,0.548411662315057,0,0,752,941,53,6645,29,1068,27,29
"36","2020-04-16",455,1,220,1271,9192,0.548411662315057,0,0,752,941,54,6699,19,1087,32,19
"37","2020-04-17",416,1,198,1139,9192,0.548411662315057,0,0,752,941,41,6740,18,1105,16,18
"38","2020-04-18",383,1,192,1060,9192,0.548411662315057,0,0,752,941,47,6787,15,1120,25,15
"39","2020-04-19",347,1,233,958,9192,0.548411662315057,0,0,752,941,26,6813,56,1176,13,56
"40","2020-04-20",328,1,245,876,9192,0.548411662315057,0,0,752,941,28,6841,46,1222,13,46
"41","2020-04-21",301,1,259,809,9192,0.548411662315057,0,0,752,941,45,6886,35,1257,21,35
"42","2020-04-22",276,1,275,745,9192,0.548411662315057,0,0,752,941,27,6913,51,1308,12,51
"43","2020-04-23",246,1,289,690,9192,0.548411662315057,0,0,752,941,34,6947,59,1367,15,59
"44","2020-04-24",221,1,265,646,9192,0.548411662315057,0,0,752,941,33,6980,29,1396,10,29
"45","2020-04-25",209,1,256,605,9192,0.548411662315057,0,0,752,941,34,7014,33,1429,10,33
"46","2020-04-26",187,1,255,558,9192,0.548411662315057,0,0,752,941,29,7043,30,1459,12,30
"47","2020-04-27",161,1,278,513,9192,0.548411662315057,0,0,752,941,31,7074,55,1514,11,55
"48","2020-04-28",150,1,303,491,9192,0.548411662315057,0,0,752,941,28,7102,52,1566,7,52
"49","2020-04-29",134,1,288,470,9192,0.548411662315057,0,0,752,941,22,7124,39,1605,9,39
"50","2020-04-30",125,1,273,446,9192,0.548411662315057,0,0,752,941,19,7143,34,1639,6,34
"51","2020-05-01",113,1,245,415,9192,0.548411662315057,0,0,752,941,25,7168,17,1656,8,17
"52","2020-05-02",111,1,239,402,9192,0.548411662315057,0,0,752,941,23,7191,28,1684,8,28
"53","2020-05-03",113,1,246,384,9192,0.548411662315057,0,0,752,941,20,7211,41,1725,7,41
"54","2020-05-04",108,1,236,364,9192,0.548411662315057,0,0,752,941,17,7228,25,1750,5,25
"55","2020-05-05",97,1,235,340,9192,0.548411662315057,0,0,752,941,20,7248,36,1786,5,36
"56","2020-05-06",108,1,248,315,9192,0.548411662315057,0,0,752,941,16,7264,38,1824,3,38
"57","2020-05-07",109,1,242,302,9192,0.548411662315057,0,0,752,941,20,7284,33,1857,6,33
"58","2020-05-08",98,1,229,284,9192,0.548411662315057,0,0,752,941,10,7294,27,1884,4,27
"59","2020-05-09",91,1,230,274,9192,0.548411662315057,0,0,752,941,15,7309,19,1903,4,19
"60","2020-05-10",86,1,252,255,9192,0.548411662315057,0,0,752,941,15,7324,59,1962,3,59
"61","2020-05-11",82,1,253,236,9192,0.548411662315057,0,0,752,941,12,7336,36,1998,1,36
"62","2020-05-12",75,1,226,225,9192,0.548411662315057,0,0,752,941,17,7353,17,2015,7,17
"63","2020-05-13",63,1,217,205,9192,0.548411662315057,0,0,752,941,10,7363,25,2040,1,25
"64","2020-05-14",53,1,223,197,9192,0.548411662315057,0,0,752,941,12,7375,34,2074,3,34
"65","2020-05-15",54,1,210,186,9192,0.548411662315057,0,0,752,941,8,7383,22,2096,2,22
"66","2020-05-16",50,1,193,175,9192,0.548411662315057,0,0,752,941,11,7394,17,2113,2,17
"67","2020-05-17",53,1,188,173,9192,0.548411662315057,0,0,752,941,11,7405,20,2133,1,20
"68","2020-05-18",52,1,203,162,9192,0.548411662315057,0,0,752,941,9,7414,30,2163,2,30
"69","2020-05-19",52,1,196,153,9192,0.548411662315057,0,0,752,941,11,7425,25,2188,2,25
"70","2020-05-20",48,1,230,152,9192,0.548411662315057,0,0,752,941,12,7437,56,2244,2,56
"71","2020-05-21",48,1,274,138,9192,0.548411662315057,0,0,752,941,8,7445,69,2313,2,69
"72","2020-05-22",46,1,305,132,9192,0.548411662315057,0,0,752,941,6,7451,66,2379,2,66
"73","2020-05-23",46,1,295,124,9192,0.548411662315057,0,0,752,941,8,7459,41,2420,NA,41
"74","2020-05-24",40,1,285,127,9192,0.548411662315057,0,0,752,941,13,7472,41,2461,3,41
"75","2020-05-25",35,1,257,118,9192,0.548411662315057,0,0,752,941,5,7477,24,2485,NA,24
"76","2020-05-26",38,1,269,115,9192,0.548411662315057,0,0,752,941,2,7479,36,2521,NA,36
"77","2020-05-27",35,1,269,116,9192,0.548411662315057,0,0,752,941,10,7489,32,2553,1,32
"78","2020-05-28",35,1,250,118,9192,0.548411662315057,0,0,752,941,14,7503,22,2575,4,22
"79","2020-05-29",35,1,236,111,9192,0.548411662315057,0,0,752,941,7,7510,25,2600,NA,25
"80","2020-05-30",31,1,226,106,9192,0.548411662315057,0,0,752,941,5,7515,34,2634,NA,34
"81","2020-05-31",27,1,198,105,9192,0.548411662315057,0,0,752,941,5,7520,17,2651,NA,17
"82","2020-06-01",30,1,179,98,9192,0.548411662315057,0,0,752,941,6,7526,16,2667,3,16
"83","2020-06-02",25,1,172,96,9192,0.548411662315057,0,0,752,941,5,7531,15,2682,3,15
"84","2020-06-03",24,1,170,88,9192,0.548411662315057,0,0,752,941,4,7535,15,2697,NA,15
"85","2020-06-04",22,1,156,81,9192,0.548411662315057,0,0,752,941,1,7536,11,2708,NA,11
"86","2020-06-05",21,1,154,71,9192,0.548411662315057,0,0,752,941,2,7538,18,2726,NA,18
"87","2020-06-06",21,1,168,67,9192,0.548411662315057,0,0,752,941,7,7545,33,2759,1,33
"88","2020-06-07",22,1,195,69,9192,0.548411662315057,0,0,752,941,6,7551,54,2813,1,54
"89","2020-03-13",1,2,107,137,6327,0.488857278330963,0,0,558,714,69,223,14,57,10,14
"90","2020-03-14",5,2,113,205,6327,0.488857278330963,0,0,558,714,65,288,19,76,4,19
"91","2020-03-15",13,2,140,289,6327,0.488857278330963,0,0,558,714,83,371,10,86,17,10
"92","2020-03-16",23,2,136,358,6327,0.488857278330963,0,0,558,714,76,447,16,102,19,16
"93","2020-03-17",33,2,144,438,6327,0.488857278330963,0,0,558,714,91,538,28,130,36,28
"94","2020-03-18",51,2,144,513,6327,0.488857278330963,0,0,558,714,93,631,28,158,30,28
"95","2020-03-19",64,2,153,597,6327,0.488857278330963,0,0,558,714,92,723,27,185,27,27
"96","2020-03-20",89,2,175,667,6327,0.488857278330963,0,0,558,714,118,841,33,218,39,33
"97","2020-03-21",111,2,169,741,6327,0.488857278330963,0,0,558,714,116,957,37,255,32,37
"98","2020-03-22",135,2,153,804,6327,0.488857278330963,0,0,558,714,94,1051,36,291,28,36
"99","2020-03-23",161,2,133,867,6327,0.488857278330963,0,0,558,714,97,1148,42,333,19,42
"100","2020-03-24",198,2,131,925,6327,0.488857278330963,0,0,558,714,88,1236,29,362,24,29
"101","2020-03-25",218,2,114,938,6327,0.488857278330963,0,0,558,714,104,1340,47,409,33,47
"102","2020-03-26",244,2,107,972,6327,0.488857278330963,0,0,558,714,97,1437,39,448,34,39
"103","2020-03-27",259,2,148,1020,6327,0.488857278330963,0,0,558,714,97,1534,32,480,22,32
"104","2020-03-28",273,2,180,1038,6327,0.488857278330963,0,0,558,714,76,1610,27,507,22,27
"105","2020-03-29",290,2,185,1077,6327,0.488857278330963,0,0,558,714,91,1701,33,540,28,33
"106","2020-03-30",301,2,202,1117,6327,0.488857278330963,0,0,558,714,95,1796,40,580,29,40
"107","2020-03-31",303,2,194,1135,6327,0.488857278330963,0,0,558,714,75,1871,34,614,20,34
"108","2020-04-01",301,2,208,1126,6327,0.488857278330963,0,0,558,714,95,1966,25,639,24,25
"109","2020-04-02",304,2,208,1159,6327,0.488857278330963,0,0,558,714,84,2050,18,657,26,18
"110","2020-04-03",318,2,220,1176,6327,0.488857278330963,0,0,558,714,87,2137,35,692,18,35
"111","2020-04-04",321,2,224,1198,6327,0.488857278330963,0,0,558,714,93,2230,58,750,31,58
"112","2020-04-05",308,2,195,1205,6327,0.488857278330963,0,0,558,714,67,2297,32,782,10,32
"113","2020-04-06",307,2,181,1223,6327,0.488857278330963,0,0,558,714,102,2399,62,844,30,62
"114","2020-04-07",304,2,164,1219,6327,0.488857278330963,0,0,558,714,89,2488,48,892,23,48
"115","2020-04-08",325,2,210,1220,6327,0.488857278330963,0,0,558,714,99,2587,48,940,20,48
"116","2020-04-09",330,2,217,1242,6327,0.488857278330963,0,0,558,714,103,2690,71,1011,27,71
"117","2020-04-10",328,2,188,1242,6327,0.488857278330963,0,0,558,714,95,2785,36,1047,19,36
"118","2020-04-11",326,2,171,1263,6327,0.488857278330963,0,0,558,714,86,2871,47,1094,16,47
"119","2020-04-12",334,2,157,1257,6327,0.488857278330963,0,0,558,714,90,2961,45,1139,21,45
"120","2020-04-13",331,2,175,1269,6327,0.488857278330963,0,0,558,714,104,3065,46,1185,19,46
"121","2020-04-14",348,2,199,1258,6327,0.488857278330963,0,0,558,714,104,3169,37,1222,19,37
"122","2020-04-15",345,2,241,1237,6327,0.488857278330963,0,0,558,714,104,3273,29,1251,19,29
"123","2020-04-16",359,2,245,1219,6327,0.488857278330963,0,0,558,714,75,3348,51,1302,13,51
"124","2020-04-17",359,2,231,1198,6327,0.488857278330963,0,0,558,714,92,3440,41,1343,28,41
"125","2020-04-18",358,2,258,1139,6327,0.488857278330963,0,0,558,714,76,3516,19,1362,15,19
"126","2020-04-19",364,2,237,1088,6327,0.488857278330963,0,0,558,714,83,3599,22,1384,22,22
"127","2020-04-20",361,2,230,1044,6327,0.488857278330963,0,0,558,714,71,3670,27,1411,12,27
"128","2020-04-21",336,2,217,1013,6327,0.488857278330963,0,0,558,714,74,3744,66,1477,16,66
"129","2020-04-22",318,2,199,1002,6327,0.488857278330963,0,0,558,714,68,3812,46,1523,13,46
"130","2020-04-23",295,2,243,958,6327,0.488857278330963,0,0,558,714,75,3887,40,1563,19,40
"131","2020-04-24",271,2,223,917,6327,0.488857278330963,0,0,558,714,65,3952,23,1586,10,23
"132","2020-04-25",272,2,221,898,6327,0.488857278330963,0,0,558,714,86,4038,23,1609,11,23
"133","2020-04-26",256,2,213,884,6327,0.488857278330963,0,0,558,714,79,4117,37,1646,21,37
"134","2020-04-27",246,2,190,860,6327,0.488857278330963,0,0,558,714,75,4192,29,1675,17,29
"135","2020-04-28",253,2,189,839,6327,0.488857278330963,0,0,558,714,72,4264,33,1708,13,33
"136","2020-04-29",248,2,166,810,6327,0.488857278330963,0,0,558,714,74,4338,26,1734,16,26
"137","2020-04-30",240,2,202,790,6327,0.488857278330963,0,0,558,714,69,4407,66,1800,16,66
"138","2020-05-01",239,2,259,767,6327,0.488857278330963,0,0,558,714,71,4478,45,1845,15,45
"139","2020-05-02",227,2,243,757,6327,0.488857278330963,0,0,558,714,55,4533,44,1889,10,44
"140","2020-05-03",217,2,222,729,6327,0.488857278330963,0,0,558,714,63,4596,50,1939,6,50
"141","2020-05-04",212,2,231,704,6327,0.488857278330963,0,0,558,714,57,4653,58,1997,13,58
"142","2020-05-05",195,2,214,692,6327,0.488857278330963,0,0,558,714,65,4718,34,2031,9,34
"143","2020-05-06",191,2,222,679,6327,0.488857278330963,0,0,558,714,51,4769,33,2064,8,33
"144","2020-05-07",186,2,241,668,6327,0.488857278330963,0,0,558,714,51,4820,24,2088,9,24
"145","2020-05-08",186,2,273,635,6327,0.488857278330963,0,0,558,714,40,4860,39,2127,12,39
"146","2020-05-09",176,2,292,633,6327,0.488857278330963,0,0,558,714,50,4910,57,2184,8,57
"147","2020-05-10",176,2,285,607,6327,0.488857278330963,0,0,558,714,58,4968,56,2240,8,56
"148","2020-05-11",169,2,303,574,6327,0.488857278330963,0,0,558,714,47,5015,48,2288,5,48
"149","2020-05-12",162,2,307,565,6327,0.488857278330963,0,0,558,714,46,5061,33,2321,8,33
"150","2020-05-13",158,2,267,555,6327,0.488857278330963,0,0,558,714,47,5108,22,2343,12,22
"151","2020-05-14",157,2,240,545,6327,0.488857278330963,0,0,558,714,45,5153,47,2390,8,47
"152","2020-05-15",151,2,205,528,6327,0.488857278330963,0,0,558,714,42,5195,33,2423,8,33
"153","2020-05-16",156,2,190,506,6327,0.488857278330963,0,0,558,714,45,5240,48,2471,9,48
"154","2020-05-17",151,2,207,505,6327,0.488857278330963,0,0,558,714,42,5282,60,2531,5,60
"155","2020-05-18",155,2,207,475,6327,0.488857278330963,0,0,558,714,30,5312,25,2556,10,25
"156","2020-05-19",151,2,186,458,6327,0.488857278330963,0,0,558,714,46,5358,25,2581,8,25
"157","2020-05-20",142,2,181,438,6327,0.488857278330963,0,0,558,714,35,5393,19,2600,7,19
"158","2020-05-21",134,2,171,431,6327,0.488857278330963,0,0,558,714,32,5425,26,2626,6,26
"159","2020-05-22",130,2,159,410,6327,0.488857278330963,0,0,558,714,20,5445,41,2667,3,41
"160","2020-05-23",113,2,136,388,6327,0.488857278330963,0,0,558,714,21,5466,51,2718,2,51
"161","2020-05-24",108,2,135,382,6327,0.488857278330963,0,0,558,714,28,5494,40,2758,7,40
"162","2020-05-25",102,2,156,345,6327,0.488857278330963,0,0,558,714,21,5515,34,2792,2,34
"163","2020-05-26",99,2,150,325,6327,0.488857278330963,0,0,558,714,23,5538,23,2815,8,23
"164","2020-05-27",97,2,133,311,6327,0.488857278330963,0,0,558,714,22,5560,22,2837,3,22
"165","2020-05-28",96,2,156,299,6327,0.488857278330963,0,0,558,714,26,5586,45,2882,5,45
"166","2020-05-29",89,2,147,292,6327,0.488857278330963,0,0,558,714,18,5604,42,2924,3,42
"167","2020-05-30",94,2,141,286,6327,0.488857278330963,0,0,558,714,25,5629,25,2949,4,25
"168","2020-05-31",88,2,139,264,6327,0.488857278330963,0,0,558,714,16,5645,31,2980,3,31
"169","2020-06-01",79,2,156,246,6327,0.488857278330963,0,0,558,714,22,5667,29,3009,2,29
"170","2020-06-02",75,2,158,235,6327,0.488857278330963,0,0,558,714,16,5683,44,3053,4,44
"171","2020-06-03",73,2,174,230,6327,0.488857278330963,0,0,558,714,23,5706,32,3085,3,32
"172","2020-06-04",67,2,192,224,6327,0.488857278330963,0,0,558,714,15,5721,40,3125,2,40
"173","2020-06-05",62,2,184,218,6327,0.488857278330963,0,0,558,714,15,5736,28,3153,3,28
"174","2020-06-06",62,2,168,215,6327,0.488857278330963,0,0,558,714,16,5752,33,3186,2,33
"175","2020-06-07",63,2,164,213,6327,0.488857278330963,0,0,558,714,18,5770,29,3215,7,29
"176","2020-03-13",2,3,213,239,7512,0.268237486687966,0,0,618,1737,36,88,18,44,15,18
"177","2020-03-14",9,3,279,312,7512,0.268237486687966,0,0,618,1737,45,133,17,61,22,17
"178","2020-03-15",23,3,283,400,7512,0.268237486687966,0,0,618,1737,55,188,27,88,28,27
"179","2020-03-16",40,3,296,493,7512,0.268237486687966,0,0,618,1737,59,247,40,128,37,40
"180","2020-03-17",52,3,308,585,7512,0.268237486687966,0,0,618,1737,67,314,34,162,49,34
"181","2020-03-18",67,3,309,689,7512,0.268237486687966,0,0,618,1737,89,403,19,181,75,19
"182","2020-03-19",98,3,301,783,7512,0.268237486687966,0,0,618,1737,102,505,17,198,82,17
"183","2020-03-20",128,3,315,848,7512,0.268237486687966,0,0,618,1737,113,618,54,252,87,54
"184","2020-03-21",161,3,305,929,7512,0.268237486687966,0,0,618,1737,119,737,49,301,95,49
"185","2020-03-22",184,3,320,1021,7512,0.268237486687966,0,0,618,1737,138,875,37,338,116,37
"186","2020-03-23",213,3,305,1072,7512,0.268237486687966,0,0,618,1737,128,1003,34,372,105,34
"187","2020-03-24",248,3,297,1123,7512,0.268237486687966,0,0,618,1737,172,1175,29,401,149,29
"188","2020-03-25",282,3,265,1160,7512,0.268237486687966,0,0,618,1737,175,1350,23,424,156,23
"189","2020-03-26",291,3,242,1201,7512,0.268237486687966,0,0,618,1737,181,1531,25,449,160,25
"190","2020-03-27",307,3,236,1239,7512,0.268237486687966,0,0,618,1737,177,1708,43,492,153,43
"191","2020-03-28",312,3,246,1283,7512,0.268237486687966,0,0,618,1737,212,1920,42,534,199,42
"192","2020-03-29",329,3,246,1332,7512,0.268237486687966,0,0,618,1737,203,2123,53,587,172,53
"193","2020-03-30",339,3,247,1350,7512,0.268237486687966,0,0,618,1737,211,2334,36,623,189,36
"194","2020-03-31",349,3,263,1358,7512,0.268237486687966,0,0,618,1737,212,2546,35,658,192,35
"195","2020-04-01",358,3,264,1389,7512,0.268237486687966,0,0,618,1737,209,2755,26,684,191,26
"196","2020-04-02",365,3,300,1389,7512,0.268237486687966,0,0,618,1737,220,2975,21,705,199,21
"197","2020-04-03",375,3,313,1408,7512,0.268237486687966,0,0,618,1737,184,3159,28,733,168,28
"198","2020-04-04",381,3,316,1390,7512,0.268237486687966,0,0,618,1737,216,3375,28,761,186,28
"199","2020-04-05",382,3,280,1391,7512,0.268237486687966,0,0,618,1737,224,3599,37,798,201,37
"200","2020-04-06",383,3,291,1378,7512,0.268237486687966,0,0,618,1737,202,3801,31,829,181,31
"201","2020-04-07",376,3,302,1375,7512,0.268237486687966,0,0,618,1737,164,3965,38,867,156,38
"202","2020-04-08",358,3,300,1360,7512,0.268237486687966,0,0,618,1737,172,4137,60,927,159,60
"203","2020-04-09",362,3,312,1356,7512,0.268237486687966,0,0,618,1737,154,4291,43,970,141,43
"204","2020-04-10",350,3,297,1332,7512,0.268237486687966,0,0,618,1737,170,4461,30,1000,160,30
"205","2020-04-11",350,3,320,1304,7512,0.268237486687966,0,0,618,1737,148,4609,31,1031,137,31
"206","2020-04-12",341,3,344,1283,7512,0.268237486687966,0,0,618,1737,138,4747,28,1059,125,28
"207","2020-04-13",336,3,356,1251,7512,0.268237486687966,0,0,618,1737,107,4854,24,1083,90,24
"208","2020-04-14",337,3,347,1220,7512,0.268237486687966,0,0,618,1737,116,4970,47,1130,100,47
"209","2020-04-15",340,3,362,1218,7512,0.268237486687966,0,0,618,1737,113,5083,31,1161,102,31
"210","2020-04-16",348,3,352,1216,7512,0.268237486687966,0,0,618,1737,100,5183,30,1191,91,30
"211","2020-04-17",344,3,337,1194,7512,0.268237486687966,0,0,618,1737,83,5266,40,1231,71,40
"212","2020-04-18",350,3,339,1176,7512,0.268237486687966,0,0,618,1737,94,5360,27,1258,82,28
"213","2020-04-19",344,3,331,1170,7512,0.268237486687966,0,0,618,1737,91,5451,41,1299,69,41
"214","2020-04-20",337,3,331,1151,7512,0.268237486687966,0,0,618,1737,65,5516,27,1326,50,27
"215","2020-04-21",322,3,327,1124,7512,0.268237486687966,0,0,618,1737,56,5572,27,1353,47,27
"216","2020-04-22",329,3,332,1104,7512,0.268237486687966,0,0,618,1737,64,5636,40,1393,52,40
"217","2020-04-23",304,3,323,1077,7512,0.268237486687966,0,0,618,1737,62,5698,46,1439,45,46
"218","2020-04-24",294,3,313,1073,7512,0.268237486687966,0,0,618,1737,53,5751,35,1474,49,35
"219","2020-04-25",279,3,304,1051,7512,0.268237486687966,0,0,618,1737,52,5803,42,1516,42,42
"220","2020-04-26",278,3,300,1015,7512,0.268237486687966,0,0,618,1737,37,5840,23,1539,32,23
"221","2020-04-27",278,3,317,994,7512,0.268237486687966,0,0,618,1737,35,5875,22,1561,29,22
"222","2020-04-28",284,3,362,992,7512,0.268237486687966,0,0,618,1737,37,5912,17,1578,31,17
"223","2020-04-29",264,3,369,966,7512,0.268237486687966,0,0,618,1737,41,5953,24,1602,27,24
"224","2020-04-30",275,3,352,930,7512,0.268237486687966,0,0,618,1737,27,5980,23,1625,22,23
"225","2020-05-01",283,3,337,917,7512,0.268237486687966,0,0,618,1737,35,6015,17,1642,25,17
"226","2020-05-02",276,3,337,892,7512,0.268237486687966,0,0,618,1737,38,6053,30,1672,26,30
"227","2020-05-03",266,3,324,881,7512,0.268237486687966,0,0,618,1737,35,6088,15,1687,24,15
"228","2020-05-04",246,3,344,867,7512,0.268237486687966,0,0,618,1737,33,6121,21,1708,23,21
"229","2020-05-05",236,3,322,842,7512,0.268237486687966,0,0,618,1737,30,6151,27,1735,22,27
"230","2020-05-06",238,3,344,802,7512,0.268237486687966,0,0,618,1737,29,6180,22,1757,17,22
"231","2020-05-07",230,3,332,782,7512,0.268237486687966,0,0,618,1737,31,6211,19,1776,25,19
"232","2020-05-08",213,3,339,740,7512,0.268237486687966,0,0,618,1737,25,6236,25,1801,23,25
"233","2020-05-09",207,3,365,728,7512,0.268237486687966,0,0,618,1737,23,6259,26,1827,16,26
"234","2020-05-10",195,3,361,702,7512,0.268237486687966,0,0,618,1737,20,6279,18,1845,17,18
"235","2020-05-11",200,3,358,671,7512,0.268237486687966,0,0,618,1737,27,6306,20,1865,13,20
"236","2020-05-12",196,3,370,634,7512,0.268237486687966,0,0,618,1737,21,6327,34,1899,15,34
"237","2020-05-13",191,3,355,617,7512,0.268237486687966,0,0,618,1737,24,6351,33,1932,14,33
"238","2020-05-14",176,3,369,594,7512,0.268237486687966,0,0,618,1737,17,6368,25,1957,13,25
"239","2020-05-15",168,3,368,557,7512,0.268237486687966,0,0,618,1737,22,6390,49,2006,16,49
"240","2020-05-16",161,3,376,531,7512,0.268237486687966,0,0,618,1737,18,6408,50,2056,9,50
"241","2020-05-17",162,3,366,514,7512,0.268237486687966,0,0,618,1737,21,6429,39,2095,17,39
"242","2020-05-18",146,3,373,507,7512,0.268237486687966,0,0,618,1737,15,6444,37,2132,10,37
"243","2020-05-19",136,3,351,499,7512,0.268237486687966,0,0,618,1737,8,6452,28,2160,3,28
"244","2020-05-20",132,3,360,461,7512,0.268237486687966,0,0,618,1737,18,6470,21,2181,11,21
"245","2020-05-21",126,3,385,439,7512,0.268237486687966,0,0,618,1737,20,6490,39,2220,15,39
"246","2020-05-22",128,3,415,420,7512,0.268237486687966,0,0,618,1737,12,6502,41,2261,7,41
"247","2020-05-23",120,3,392,412,7512,0.268237486687966,0,0,618,1737,13,6515,32,2293,9,32
"248","2020-05-24",117,3,383,382,7512,0.268237486687966,0,0,618,1737,12,6527,28,2321,10,28
"249","2020-05-25",114,3,388,364,7512,0.268237486687966,0,0,618,1737,10,6537,29,2350,6,29
"250","2020-05-26",110,3,379,357,7512,0.268237486687966,0,0,618,1737,12,6549,17,2367,8,17
"251","2020-05-27",106,3,388,333,7512,0.268237486687966,0,0,618,1737,7,6556,17,2384,5,17
"252","2020-05-28",97,3,370,311,7512,0.268237486687966,0,0,618,1737,9,6565,15,2399,6,15
"253","2020-05-29",88,3,359,287,7512,0.268237486687966,0,0,618,1737,9,6574,9,2408,3,9
"254","2020-05-30",86,3,389,278,7512,0.268237486687966,0,0,618,1737,10,6584,13,2421,7,13
"255","2020-05-31",81,3,389,273,7512,0.268237486687966,0,0,618,1737,19,6603,19,2440,10,19
"256","2020-06-01",80,3,375,257,7512,0.268237486687966,0,0,618,1737,9,6612,37,2477,4,37
"257","2020-06-02",79,3,353,261,7512,0.268237486687966,0,0,618,1737,12,6624,33,2510,10,33
"258","2020-06-03",67,3,335,254,7512,0.268237486687966,0,0,618,1737,16,6640,25,2535,10,25
"259","2020-06-04",71,3,325,234,7512,0.268237486687966,0,0,618,1737,8,6648,49,2584,6,49
"260","2020-06-05",72,3,334,215,7512,0.268237486687966,0,0,618,1737,7,6655,34,2618,6,34
"261","2020-06-06",65,3,329,208,7512,0.268237486687966,0,0,618,1737,11,6666,37,2655,7,37
"262","2020-06-07",57,3,347,206,7512,0.268237486687966,0,0,618,1737,9,6675,54,2709,9,54
"263","2020-03-13",2,4,114,127,6151,0.559908957893026,0,0,523,1008,154,376,64,240,65,64
"264","2020-03-14",3,4,152,185,6151,0.559908957893026,0,0,523,1008,207,583,39,279,135,39
"265","2020-03-15",9,4,161,253,6151,0.559908957893026,0,0,523,1008,243,826,84,363,169,84
"266","2020-03-16",14,4,192,315,6151,0.559908957893026,0,0,523,1008,323,1149,45,408,254,45
"267","2020-03-17",27,4,230,393,6151,0.559908957893026,0,0,523,1008,472,1621,29,437,394,29
"268","2020-03-18",43,4,220,466,6151,0.559908957893026,0,0,523,1008,493,2114,75,512,426,75
"269","2020-03-19",62,4,200,532,6151,0.559908957893026,0,0,523,1008,608,2722,41,553,546,41
"270","2020-03-20",80,4,183,593,6151,0.559908957893026,0,0,523,1008,672,3394,41,594,627,41
"271","2020-03-21",103,4,200,671,6151,0.559908957893026,0,0,523,1008,631,4025,19,613,564,19
"272","2020-03-22",118,4,226,747,6151,0.559908957893026,0,0,523,1008,852,4877,19,632,810,19
"273","2020-03-23",146,4,218,808,6151,0.559908957893026,0,0,523,1008,527,5404,11,643,505,11
"274","2020-03-24",176,4,197,873,6151,0.559908957893026,0,0,523,1008,477,5881,7,650,450,7
"275","2020-03-25",189,4,197,914,6151,0.559908957893026,0,0,523,1008,428,6309,7,657,401,7
"276","2020-03-26",218,4,194,973,6151,0.559908957893026,0,0,523,1008,288,6597,8,665,265,8
"277","2020-03-27",233,4,229,1004,6151,0.559908957893026,0,0,523,1008,266,6863,11,676,250,11
"278","2020-03-28",249,4,230,1047,6151,0.559908957893026,0,0,523,1008,191,7054,27,703,175,27
"279","2020-03-29",274,4,217,1069,6151,0.559908957893026,0,0,523,1008,147,7201,76,779,140,76
"280","2020-03-30",285,4,214,1107,6151,0.559908957893026,0,0,523,1008,142,7343,50,829,132,50
"281","2020-03-31",275,4,219,1125,6151,0.559908957893026,0,0,523,1008,101,7444,33,862,94,33
"282","2020-04-01",284,4,213,1144,6151,0.559908957893026,0,0,523,1008,68,7512,35,897,65,35
"283","2020-04-02",286,4,245,1191,6151,0.559908957893026,0,0,523,1008,63,7575,25,922,51,25
"284","2020-04-03",305,4,273,1188,6151,0.559908957893026,0,0,523,1008,44,7619,27,949,37,27
"285","2020-04-04",315,4,276,1195,6151,0.559908957893026,0,0,523,1008,39,7658,19,968,33,19
"286","2020-04-05",318,4,247,1232,6151,0.559908957893026,0,0,523,1008,29,7687,16,984,24,16
"287","2020-04-06",312,4,212,1211,6151,0.559908957893026,0,0,523,1008,14,7701,23,1007,13,23
"288","2020-04-07",320,4,184,1195,6151,0.559908957893026,0,0,523,1008,22,7723,38,1045,15,38
"289","2020-04-08",329,4,217,1178,6151,0.559908957893026,0,0,523,1008,9,7732,16,1061,5,16
"290","2020-04-09",329,4,213,1178,6151,0.559908957893026,0,0,523,1008,18,7750,40,1101,10,40
"291","2020-04-10",321,4,221,1164,6151,0.559908957893026,0,0,523,1008,8,7758,15,1116,8,15
"292","2020-04-11",313,4,242,1149,6151,0.559908957893026,0,0,523,1008,12,7770,14,1130,5,14
"293","2020-04-12",304,4,261,1131,6151,0.559908957893026,0,0,523,1008,6,7776,11,1141,5,11
"294","2020-04-13",319,4,252,1118,6151,0.559908957893026,0,0,523,1008,9,7785,NA,NA,5,NA
"295","2020-04-14",323,4,238,1118,6151,0.559908957893026,0,0,523,1008,5,7790,6,1147,NA,6
"296","2020-04-15",312,4,252,1106,6151,0.559908957893026,0,0,523,1008,8,7798,4,1151,3,4
"297","2020-04-16",307,4,231,1112,6151,0.559908957893026,0,0,523,1008,4,7802,9,1160,NA,9
"298","2020-04-17",308,4,227,1096,6151,0.559908957893026,0,0,523,1008,3,7805,7,1167,2,7
"299","2020-04-18",303,4,241,1062,6151,0.559908957893026,0,0,523,1008,3,7808,10,1177,2,10
"300","2020-04-19",310,4,279,1057,6151,0.559908957893026,0,0,523,1008,NA,NA,15,1192,NA,15
"301","2020-04-20",309,4,274,1060,6151,0.559908957893026,0,0,523,1008,4,7812,67,1259,3,67
"302","2020-04-21",311,4,250,1051,6151,0.559908957893026,0,0,523,1008,6,7818,27,1286,2,27
"303","2020-04-22",311,4,236,1037,6151,0.559908957893026,0,0,523,1008,2,7820,15,1301,NA,15
"304","2020-04-23",316,4,234,1004,6151,0.559908957893026,0,0,523,1008,1,7821,8,1309,NA,8
"305","2020-04-24",317,4,235,936,6151,0.559908957893026,0,0,523,1008,4,7825,5,1314,1,5
"306","2020-04-25",316,4,293,897,6151,0.559908957893026,0,0,523,1008,7,7832,16,1330,4,16
"307","2020-04-26",319,4,339,879,6151,0.559908957893026,0,0,523,1008,3,7835,15,1345,1,15
"308","2020-04-27",293,4,302,881,6151,0.559908957893026,0,0,523,1008,3,7838,29,1374,NA,29
"309","2020-04-28",274,4,255,857,6151,0.559908957893026,0,0,523,1008,5,7843,22,1396,1,22
"310","2020-04-29",273,4,253,807,6151,0.559908957893026,0,0,523,1008,NA,NA,22,1418,NA,22
"311","2020-04-30",250,4,235,805,6151,0.559908957893026,0,0,523,1008,8,7851,13,1431,NA,13
"312","2020-05-01",242,4,219,768,6151,0.559908957893026,0,0,523,1008,5,7856,14,1445,NA,14
"313","2020-05-02",244,4,243,754,6151,0.559908957893026,0,0,523,1008,5,7861,15,1460,1,15
"314","2020-05-03",221,4,276,721,6151,0.559908957893026,0,0,523,1008,2,7863,20,1480,1,20
"315","2020-05-04",218,4,324,707,6151,0.559908957893026,0,0,523,1008,4,7867,17,1497,2,17
"316","2020-05-05",223,4,326,674,6151,0.559908957893026,0,0,523,1008,4,7871,12,1509,NA,12
"317","2020-05-06",218,4,322,686,6151,0.559908957893026,0,0,523,1008,4,7875,11,1520,1,11
"318","2020-05-07",223,4,288,672,6151,0.559908957893026,0,0,523,1008,2,7877,47,1567,1,47
"319","2020-05-08",205,4,264,647,6151,0.559908957893026,0,0,523,1008,3,7880,34,1601,1,34
"320","2020-05-09",194,4,258,627,6151,0.559908957893026,0,0,523,1008,1,7881,19,1620,NA,19
"321","2020-05-10",196,4,271,611,6151,0.559908957893026,0,0,523,1008,3,7884,17,1637,NA,17
"322","2020-05-11",201,4,264,588,6151,0.559908957893026,0,0,523,1008,2,7886,75,1712,1,75
"323","2020-05-12",186,4,254,583,6151,0.559908957893026,0,0,523,1008,3,7889,67,1779,1,67
"324","2020-05-13",175,4,243,562,6151,0.559908957893026,0,0,523,1008,1,7890,65,1844,1,65
"325","2020-05-14",171,4,237,533,6151,0.559908957893026,0,0,523,1008,4,7894,17,1861,3,17
"326","2020-05-15",164,4,220,516,6151,0.559908957893026,0,0,523,1008,2,7896,30,1891,NA,30
"327","2020-05-16",166,4,242,501,6151,0.559908957893026,0,0,523,1008,2,7898,22,1913,NA,22
"328","2020-05-17",166,4,236,491,6151,0.559908957893026,0,0,523,1008,2,7900,22,1935,1,22
"329","2020-05-18",156,4,238,464,6151,0.559908957893026,0,0,523,1008,1,7901,51,1986,NA,51
"330","2020-05-19",157,4,248,450,6151,0.559908957893026,0,0,523,1008,NA,NA,22,2008,NA,22
"331","2020-05-20",155,4,244,424,6151,0.559908957893026,0,0,523,1008,1,7902,20,2028,NA,20
"332","2020-05-21",147,4,238,403,6151,0.559908957893026,0,0,523,1008,2,7904,14,2042,NA,14
"333","2020-05-22",146,4,232,392,6151,0.559908957893026,0,0,523,1008,2,7906,27,2069,1,27
"334","2020-05-23",136,4,196,390,6151,0.559908957893026,0,0,523,1008,2,7908,68,2137,2,68
"335","2020-05-24",121,4,189,367,6151,0.559908957893026,0,0,523,1008,2,7910,46,2183,1,46
"336","2020-05-25",116,4,171,365,6151,0.559908957893026,0,0,523,1008,2,7912,21,2204,2,21
"337","2020-05-26",114,4,168,351,6151,0.559908957893026,0,0,523,1008,2,7914,21,2225,1,21
"338","2020-05-27",107,4,171,334,6151,0.559908957893026,0,0,523,1008,2,7916,30,2255,1,30
"339","2020-05-28",107,4,152,314,6151,0.559908957893026,0,0,523,1008,1,7917,17,2272,NA,17
"340","2020-05-29",103,4,150,307,6151,0.559908957893026,0,0,523,1008,2,7919,23,2295,2,23
"341","2020-05-30",103,4,153,285,6151,0.559908957893026,0,0,523,1008,NA,NA,37,2332,NA,37
"342","2020-05-31",100,4,183,266,6151,0.559908957893026,0,0,523,1008,3,7922,33,2365,1,33
"343","2020-06-01",97,4,212,249,6151,0.559908957893026,0,0,523,1008,1,7923,58,2423,NA,58
"344","2020-06-02",88,4,202,231,6151,0.559908957893026,0,0,523,1008,NA,NA,45,2468,NA,45
"345","2020-06-03",85,4,177,232,6151,0.559908957893026,0,0,523,1008,NA,NA,29,2497,NA,29
"346","2020-06-04",76,4,161,221,6151,0.559908957893026,0,0,523,1008,NA,NA,80,2577,NA,80
"347","2020-06-05",77,4,183,209,6151,0.559908957893026,0,0,523,1008,NA,NA,40,2617,NA,40
"348","2020-06-06",65,4,186,206,6151,0.559908957893026,0,0,523,1008,1,7924,27,2644,NA,27
"349","2020-06-07",59,4,246,193,6151,0.559908957893026,0,0,523,1008,1,7925,17,2661,1,17
"350","2020-03-12",1,5,42,117,5609,0.294526653592441,0,0,444,754,32,57,36,80,1,36
"351","2020-03-13",2,5,47,180,5609,0.294526653592441,0,0,444,754,39,96,29,109,7,29
"352","2020-03-14",8,5,80,241,5609,0.294526653592441,0,0,444,754,33,129,53,162,7,53
"353","2020-03-15",19,5,73,312,5609,0.294526653592441,0,0,444,754,43,172,52,214,16,52
"354","2020-03-16",36,5,71,388,5609,0.294526653592441,0,0,444,754,34,206,35,249,10,35
"355","2020-03-17",53,5,75,452,5609,0.294526653592441,0,0,444,754,42,248,67,316,13,67
"356","2020-03-18",76,5,72,524,5609,0.294526653592441,0,0,444,754,41,289,62,378,14,62
"357","2020-03-19",95,5,65,592,5609,0.294526653592441,0,0,444,754,57,346,39,417,17,39
"358","2020-03-20",115,5,70,671,5609,0.294526653592441,0,0,444,754,41,387,40,457,23,40
"359","2020-03-21",135,5,93,763,5609,0.294526653592441,0,0,444,754,34,421,23,480,16,23
"360","2020-03-22",151,5,119,810,5609,0.294526653592441,0,0,444,754,49,470,19,499,23,19
"361","2020-03-23",167,5,112,859,5609,0.294526653592441,0,0,444,754,59,529,51,550,31,51
"362","2020-03-24",182,5,106,909,5609,0.294526653592441,0,0,444,754,54,583,52,602,30,52
"363","2020-03-25",193,5,106,937,5609,0.294526653592441,0,0,444,754,40,623,42,644,20,42
"364","2020-03-26",200,5,98,933,5609,0.294526653592441,0,0,444,754,72,695,24,668,33,24
"365","2020-03-27",224,5,104,974,5609,0.294526653592441,0,0,444,754,49,744,17,685,22,17
"366","2020-03-28",229,5,114,990,5609,0.294526653592441,0,0,444,754,53,797,10,695,32,10
"367","2020-03-29",238,5,122,985,5609,0.294526653592441,0,0,444,754,53,850,10,705,28,10
"368","2020-03-30",250,5,139,972,5609,0.294526653592441,0,0,444,754,51,901,20,725,34,20
"369","2020-03-31",274,5,158,1003,5609,0.294526653592441,0,0,444,754,43,944,47,772,22,47
"370","2020-04-01",282,5,182,995,5609,0.294526653592441,0,0,444,754,55,999,38,810,29,38
"371","2020-04-02",311,5,214,985,5609,0.294526653592441,0,0,444,754,49,1048,14,824,28,14
"372","2020-04-03",295,5,209,983,5609,0.294526653592441,0,0,444,754,46,1094,18,842,23,18
"373","2020-04-04",308,5,200,949,5609,0.294526653592441,0,0,444,754,76,1170,19,861,34,19
"374","2020-04-05",308,5,201,952,5609,0.294526653592441,0,0,444,754,69,1239,42,903,35,42
"375","2020-04-06",296,5,242,950,5609,0.294526653592441,0,0,444,754,51,1290,25,928,22,25
"376","2020-04-07",290,5,241,934,5609,0.294526653592441,0,0,444,754,72,1362,25,953,36,25
"377","2020-04-08",283,5,232,901,5609,0.294526653592441,0,0,444,754,61,1423,38,991,33,38
"378","2020-04-09",265,5,208,883,5609,0.294526653592441,0,0,444,754,49,1472,31,1022,21,31
"379","2020-04-10",274,5,198,849,5609,0.294526653592441,0,0,444,754,89,1561,58,1080,52,58
"380","2020-04-11",269,5,188,845,5609,0.294526653592441,0,0,444,754,50,1611,49,1129,28,49
"381","2020-04-12",265,5,210,848,5609,0.294526653592441,0,0,444,754,60,1671,30,1159,28,30
"382","2020-04-13",250,5,207,824,5609,0.294526653592441,0,0,444,754,53,1724,57,1216,26,57
"383","2020-04-14",235,5,196,827,5609,0.294526653592441,0,0,444,754,53,1777,27,1243,22,27
"384","2020-04-15",233,5,202,828,5609,0.294526653592441,0,0,444,754,56,1833,30,1273,29,30
"385","2020-04-16",218,5,195,835,5609,0.294526653592441,0,0,444,754,52,1885,21,1294,28,21
"386","2020-04-17",227,5,209,840,5609,0.294526653592441,0,0,444,754,49,1934,15,1309,17,15
"387","2020-04-18",215,5,212,831,5609,0.294526653592441,0,0,444,754,45,1979,38,1347,17,38
"388","2020-04-19",218,5,183,823,5609,0.294526653592441,0,0,444,754,62,2041,32,1379,28,32
"389","2020-04-20",229,5,165,801,5609,0.294526653592441,0,0,444,754,46,2087,26,1405,16,26
"390","2020-04-21",226,5,196,800,5609,0.294526653592441,0,0,444,754,42,2129,33,1438,17,33
"391","2020-04-22",228,5,191,796,5609,0.294526653592441,0,0,444,754,47,2176,29,1467,23,29
"392","2020-04-23",242,5,192,778,5609,0.294526653592441,0,0,444,754,41,2217,28,1495,15,28
"393","2020-04-24",228,5,159,755,5609,0.294526653592441,0,0,444,754,45,2262,26,1521,18,26
"394","2020-04-25",230,5,172,750,5609,0.294526653592441,0,0,444,754,50,2312,29,1550,19,29
"395","2020-04-26",219,5,175,749,5609,0.294526653592441,0,0,444,754,50,2362,35,1585,21,35
"396","2020-04-27",223,5,171,754,5609,0.294526653592441,0,0,444,754,46,2408,35,1620,15,35
"397","2020-04-28",217,5,183,764,5609,0.294526653592441,0,0,444,754,35,2443,28,1648,14,28
"398","2020-04-29",216,5,216,766,5609,0.294526653592441,0,0,444,754,52,2495,32,1680,27,32
"399","2020-04-30",211,5,225,776,5609,0.294526653592441,0,0,444,754,37,2532,51,1731,14,51
"400","2020-05-01",206,5,201,749,5609,0.294526653592441,0,0,444,754,66,2598,37,1768,31,37
"401","2020-05-02",209,5,189,743,5609,0.294526653592441,0,0,444,754,43,2641,20,1788,14,20
"402","2020-05-03",214,5,213,742,5609,0.294526653592441,0,0,444,754,58,2699,16,1804,25,16
"403","2020-05-04",211,5,186,728,5609,0.294526653592441,0,0,444,754,40,2739,19,1823,12,19
"404","2020-05-05",213,5,183,723,5609,0.294526653592441,0,0,444,754,59,2798,22,1845,28,22
"405","2020-05-06",204,5,214,718,5609,0.294526653592441,0,0,444,754,68,2866,44,1889,30,44
"406","2020-05-07",201,5,204,711,5609,0.294526653592441,0,0,444,754,47,2913,29,1918,23,29
"407","2020-05-08",205,5,236,672,5609,0.294526653592441,0,0,444,754,51,2964,25,1943,28,25
"408","2020-05-09",200,5,224,647,5609,0.294526653592441,0,0,444,754,33,2997,15,1958,16,15
"409","2020-05-10",196,5,248,634,5609,0.294526653592441,0,0,444,754,50,3047,21,1979,27,21
"410","2020-05-11",185,5,275,588,5609,0.294526653592441,0,0,444,754,49,3096,24,2003,26,24
"411","2020-05-12",173,5,273,584,5609,0.294526653592441,0,0,444,754,27,3123,22,2025,11,22
"412","2020-05-13",180,5,241,545,5609,0.294526653592441,0,0,444,754,47,3170,26,2051,23,26
"413","2020-05-14",174,5,222,531,5609,0.294526653592441,0,0,444,754,43,3213,31,2082,18,31
"414","2020-05-15",158,5,185,513,5609,0.294526653592441,0,0,444,754,33,3246,41,2123,11,41
"415","2020-05-16",147,5,174,497,5609,0.294526653592441,0,0,444,754,36,3282,27,2150,13,27
"416","2020-05-17",147,5,160,480,5609,0.294526653592441,0,0,444,754,32,3314,24,2174,12,24
"417","2020-05-18",146,5,183,470,5609,0.294526653592441,0,0,444,754,30,3344,26,2200,12,26
"418","2020-05-19",151,5,203,451,5609,0.294526653592441,0,0,444,754,27,3371,9,2209,9,9
"419","2020-05-20",139,5,189,444,5609,0.294526653592441,0,0,444,754,28,3399,40,2249,12,40
"420","2020-05-21",128,5,185,428,5609,0.294526653592441,0,0,444,754,26,3425,32,2281,11,32
"421","2020-05-22",126,5,187,400,5609,0.294526653592441,0,0,444,754,29,3454,34,2315,15,34
"422","2020-05-23",121,5,200,382,5609,0.294526653592441,0,0,444,754,43,3497,21,2336,23,21
"423","2020-05-24",111,5,224,382,5609,0.294526653592441,0,0,444,754,31,3528,24,2360,12,24
"424","2020-05-25",104,5,227,354,5609,0.294526653592441,0,0,444,754,30,3558,57,2417,15,57
"425","2020-05-26",97,5,228,346,5609,0.294526653592441,0,0,444,754,25,3583,37,2454,10,37
"426","2020-05-27",91,5,210,332,5609,0.294526653592441,0,0,444,754,25,3608,76,2530,14,76
"427","2020-05-28",91,5,186,309,5609,0.294526653592441,0,0,444,754,33,3641,36,2566,15,36
"428","2020-05-29",90,5,197,305,5609,0.294526653592441,0,0,444,754,23,3664,40,2606,9,40
"429","2020-05-30",92,5,192,294,5609,0.294526653592441,0,0,444,754,20,3684,35,2641,9,35
"430","2020-05-31",91,5,191,283,5609,0.294526653592441,0,0,444,754,22,3706,33,2674,10,33
"431","2020-06-01",92,5,215,264,5609,0.294526653592441,0,0,444,754,13,3719,28,2702,7,28
"432","2020-06-02",88,5,218,257,5609,0.294526653592441,0,0,444,754,13,3732,25,2727,9,25
"433","2020-06-03",84,5,212,251,5609,0.294526653592441,0,0,444,754,14,3746,30,2757,5,30
"434","2020-06-04",77,5,211,244,5609,0.294526653592441,0,0,444,754,15,3761,34,2791,7,34
"435","2020-06-05",69,5,184,227,5609,0.294526653592441,0,0,444,754,17,3778,19,2810,6,19
"436","2020-06-06",65,5,159,218,5609,0.294526653592441,0,0,444,754,26,3804,30,2840,13,30
"437","2020-06-07",55,5,143,192,5609,0.294526653592441,0,0,444,754,16,3820,19,2859,11,19
"438","2020-03-13",2,6,95,142,8643,0.842762929538355,0,0,707,1701,52,162,28,110,7,28
"439","2020-03-14",6,6,107,209,8643,0.842762929538355,0,0,707,1701,60,222,22,132,6,22
"440","2020-03-15",12,6,172,296,8643,0.842762929538355,0,0,707,1701,66,288,57,189,14,57
"441","2020-03-16",20,6,219,408,8643,0.842762929538355,0,0,707,1701,61,349,67,256,8,67
"442","2020-03-17",34,6,214,545,8643,0.842762929538355,0,0,707,1701,69,418,40,296,17,40
"443","2020-03-18",44,6,235,784,8643,0.842762929538355,0,0,707,1701,64,482,49,345,17,49
"444","2020-03-19",75,6,220,1000,8643,0.842762929538355,0,0,707,1701,63,545,26,371,9,26
"445","2020-03-20",110,6,199,1331,8643,0.842762929538355,0,0,707,1701,61,606,16,387,17,16
"446","2020-03-21",150,6,214,1653,8643,0.842762929538355,0,0,707,1701,78,684,13,400,24,13
"447","2020-03-22",212,6,202,2039,8643,0.842762929538355,0,0,707,1701,94,778,38,438,32,38
"448","2020-03-23",259,6,220,2519,8643,0.842762929538355,0,0,707,1701,59,837,20,458,17,20
"449","2020-03-24",334,6,253,2913,8643,0.842762929538355,0,0,707,1701,72,909,54,512,20,54
"450","2020-03-25",441,6,248,3422,8643,0.842762929538355,0,0,707,1701,71,980,30,542,14,30
"451","2020-03-26",533,6,258,3762,8643,0.842762929538355,0,0,707,1701,60,1040,42,584,21,42
"452","2020-03-27",648,6,229,4238,8643,0.842762929538355,0,0,707,1701,67,1107,52,636,11,52
"453","2020-03-28",759,6,195,4525,8643,0.842762929538355,0,0,707,1701,63,1170,41,677,12,41
"454","2020-03-29",883,6,178,4658,8643,0.842762929538355,0,0,707,1701,57,1227,30,707,14,30
"455","2020-03-30",1038,6,156,4816,8643,0.842762929538355,0,0,707,1701,76,1303,45,752,13,45
"456","2020-03-31",1172,6,138,4815,8643,0.842762929538355,0,0,707,1701,66,1369,33,785,14,33
"457","2020-04-01",1238,6,140,4652,8643,0.842762929538355,0,0,707,1701,59,1428,24,809,4,24
"458","2020-04-02",1312,6,150,4447,8643,0.842762929538355,0,0,707,1701,66,1494,22,831,6,22
"459","2020-04-03",1357,6,206,4142,8643,0.842762929538355,0,0,707,1701,71,1565,34,865,17,34
"460","2020-04-04",1410,6,219,3819,8643,0.842762929538355,0,0,707,1701,69,1634,50,915,17,50
"461","2020-04-05",1373,6,226,3523,8643,0.842762929538355,0,0,707,1701,68,1702,33,948,11,33
"462","2020-04-06",1306,6,248,3162,8643,0.842762929538355,0,0,707,1701,72,1774,25,973,11,25
"463","2020-04-07",1211,6,235,2801,8643,0.842762929538355,0,0,707,1701,69,1843,23,996,15,23
"464","2020-04-08",1148,6,224,2443,8643,0.842762929538355,0,0,707,1701,59,1902,9,1005,9,9
"465","2020-04-09",1044,6,220,2141,8643,0.842762929538355,0,0,707,1701,84,1986,21,1026,15,21
"466","2020-04-10",914,6,188,1840,8643,0.842762929538355,0,0,707,1701,67,2053,17,1043,16,17
"467","2020-04-11",774,6,186,1585,8643,0.842762929538355,0,0,707,1701,73,2126,39,1082,20,39
"468","2020-04-12",683,6,171,1340,8643,0.842762929538355,0,0,707,1701,70,2196,22,1104,15,22
"469","2020-04-13",594,6,171,1102,8643,0.842762929538355,0,0,707,1701,68,2264,17,1121,19,17
"470","2020-04-14",507,6,171,919,8643,0.842762929538355,0,0,707,1701,70,2334,13,1134,13,13
"471","2020-04-15",427,6,177,778,8643,0.842762929538355,0,0,707,1701,67,2401,17,1151,11,17
"472","2020-04-16",359,6,244,653,8643,0.842762929538355,0,0,707,1701,75,2476,20,1171,12,20
"473","2020-04-17",307,6,243,548,8643,0.842762929538355,0,0,707,1701,72,2548,12,1183,16,12
"474","2020-04-18",260,6,215,450,8643,0.842762929538355,0,0,707,1701,81,2629,33,1216,16,33
"475","2020-04-19",211,6,198,366,8643,0.842762929538355,0,0,707,1701,71,2700,37,1253,19,37
"476","2020-04-20",168,6,232,311,8643,0.842762929538355,0,0,707,1701,70,2770,30,1283,11,30
"477","2020-04-21",138,6,230,261,8643,0.842762929538355,0,0,707,1701,70,2840,21,1304,13,21
"478","2020-04-22",108,6,265,218,8643,0.842762929538355,0,0,707,1701,70,2910,31,1335,13,31
"479","2020-04-23",94,6,274,188,8643,0.842762929538355,0,0,707,1701,70,2980,53,1388,25,53
"480","2020-04-24",84,6,254,161,8643,0.842762929538355,0,0,707,1701,77,3057,39,1427,19,39
"481","2020-04-25",68,6,244,141,8643,0.842762929538355,0,0,707,1701,65,3122,72,1499,23,72
"482","2020-04-26",56,6,219,131,8643,0.842762929538355,0,0,707,1701,68,3190,28,1527,11,28
"483","2020-04-27",50,6,215,106,8643,0.842762929538355,0,0,707,1701,69,3259,38,1565,15,38
"484","2020-04-28",45,6,222,92,8643,0.842762929538355,0,0,707,1701,41,3300,29,1594,8,29
"485","2020-04-29",37,6,200,82,8643,0.842762929538355,0,0,707,1701,67,3367,17,1611,13,17
"486","2020-04-30",28,6,203,75,8643,0.842762929538355,0,0,707,1701,59,3426,24,1635,9,24
"487","2020-05-01",24,6,195,72,8643,0.842762929538355,0,0,707,1701,63,3489,26,1661,16,26
"488","2020-05-02",21,6,178,66,8643,0.842762929538355,0,0,707,1701,54,3543,37,1698,8,37
"489","2020-05-03",19,6,176,62,8643,0.842762929538355,0,0,707,1701,57,3600,24,1722,15,24
"490","2020-05-04",17,6,196,62,8643,0.842762929538355,0,0,707,1701,67,3667,14,1736,5,14
"491","2020-05-05",13,6,207,58,8643,0.842762929538355,0,0,707,1701,50,3717,21,1757,7,21
"492","2020-05-06",11,6,206,56,8643,0.842762929538355,0,0,707,1701,45,3762,20,1777,5,20
"493","2020-05-07",16,6,210,54,8643,0.842762929538355,0,0,707,1701,44,3806,36,1813,4,36
"494","2020-05-08",16,6,198,53,8643,0.842762929538355,0,0,707,1701,40,3846,18,1831,NA,18
"495","2020-05-09",16,6,200,52,8643,0.842762929538355,0,0,707,1701,41,3887,32,1863,5,32
"496","2020-05-10",15,6,195,54,8643,0.842762929538355,0,0,707,1701,53,3940,20,1883,7,20
"497","2020-05-11",14,6,156,52,8643,0.842762929538355,0,0,707,1701,42,3982,13,1896,3,13
"498","2020-05-12",14,6,168,54,8643,0.842762929538355,0,0,707,1701,48,4030,20,1916,6,20
"499","2020-05-13",15,6,177,49,8643,0.842762929538355,0,0,707,1701,56,4086,38,1954,7,38
"500","2020-05-14",8,6,198,47,8643,0.842762929538355,0,0,707,1701,43,4129,25,1979,8,25
"501","2020-05-15",10,6,214,42,8643,0.842762929538355,0,0,707,1701,42,4171,34,2013,5,34
"502","2020-05-16",10,6,230,42,8643,0.842762929538355,0,0,707,1701,37,4208,28,2041,6,28
"503","2020-05-17",10,6,210,37,8643,0.842762929538355,0,0,707,1701,32,4240,21,2062,8,21
"504","2020-05-18",9,6,207,34,8643,0.842762929538355,0,0,707,1701,39,4279,27,2089,5,27
"505","2020-05-19",10,6,211,34,8643,0.842762929538355,0,0,707,1701,52,4331,45,2134,10,45
"506","2020-05-20",11,6,204,33,8643,0.842762929538355,0,0,707,1701,55,4386,34,2168,14,34
"507","2020-05-21",12,6,212,34,8643,0.842762929538355,0,0,707,1701,34,4420,22,2190,4,22
"508","2020-05-22",10,6,200,31,8643,0.842762929538355,0,0,707,1701,22,4442,11,2201,4,11
"509","2020-05-23",9,6,213,25,8643,0.842762929538355,0,0,707,1701,26,4468,18,2219,5,18
"510","2020-05-24",10,6,221,27,8643,0.842762929538355,0,0,707,1701,26,4494,17,2236,8,17
"511","2020-05-25",10,6,191,26,8643,0.842762929538355,0,0,707,1701,43,4537,42,2278,11,42
"512","2020-05-26",8,6,188,26,8643,0.842762929538355,0,0,707,1701,31,4568,20,2298,7,20
"513","2020-05-27",6,6,188,23,8643,0.842762929538355,0,0,707,1701,34,4602,49,2347,8,49
"514","2020-05-28",7,6,182,19,8643,0.842762929538355,0,0,707,1701,26,4628,18,2365,5,18
"515","2020-05-29",7,6,184,19,8643,0.842762929538355,0,0,707,1701,16,4644,28,2393,3,28
"516","2020-05-30",6,6,242,20,8643,0.842762929538355,0,0,707,1701,28,4672,14,2407,4,14
"517","2020-05-31",5,6,231,18,8643,0.842762929538355,0,0,707,1701,17,4689,10,2417,6,10
"518","2020-06-01",5,6,211,16,8643,0.842762929538355,0,0,707,1701,25,4714,13,2430,10,13
"519","2020-06-02",4,6,175,14,8643,0.842762929538355,0,0,707,1701,23,4737,46,2476,5,46
"520","2020-06-03",5,6,153,13,8643,0.842762929538355,0,0,707,1701,16,4753,37,2513,6,37
"521","2020-06-04",4,6,151,13,8643,0.842762929538355,0,0,707,1701,17,4770,61,2574,3,61
"522","2020-06-05",4,6,152,13,8643,0.842762929538355,0,0,707,1701,12,4782,32,2606,4,32
"523","2020-06-06",5,6,178,12,8643,0.842762929538355,0,0,707,1701,13,4795,38,2644,NA,38
"524","2020-06-07",5,6,198,11,8643,0.842762929538355,0,0,707,1701,18,4813,41,2685,6,41
"525","2020-03-13",3,7,60,268,7711,0.192063286214499,0,0,676,676,28,84,65,158,9,65
"526","2020-03-14",9,7,70,365,7711,0.192063286214499,0,0,676,676,43,127,39,197,16,39
"527","2020-03-15",26,7,79,480,7711,0.192063286214499,0,0,676,676,33,160,16,213,10,16
"528","2020-03-16",43,7,95,590,7711,0.192063286214499,0,0,676,676,37,197,35,248,18,35
"529","2020-03-17",58,7,84,678,7711,0.192063286214499,0,0,676,676,37,234,54,302,19,54
"530","2020-03-18",83,7,85,782,7711,0.192063286214499,0,0,676,676,37,271,31,333,12,31
"531","2020-03-19",125,7,92,863,7711,0.192063286214499,0,0,676,676,40,311,30,363,20,30
"532","2020-03-20",156,7,120,953,7711,0.192063286214499,0,0,676,676,47,358,21,384,25,21
"533","2020-03-21",186,7,123,1038,7711,0.192063286214499,0,0,676,676,57,415,9,393,30,9
"534","2020-03-22",203,7,132,1117,7711,0.192063286214499,0,0,676,676,58,473,13,406,33,13
"535","2020-03-23",221,7,119,1179,7711,0.192063286214499,0,0,676,676,55,528,8,414,29,8
"536","2020-03-24",247,7,119,1227,7711,0.192063286214499,0,0,676,676,45,573,11,425,25,11
"537","2020-03-25",280,7,112,1253,7711,0.192063286214499,0,0,676,676,67,640,22,447,36,22
"538","2020-03-26",280,7,148,1259,7711,0.192063286214499,0,0,676,676,60,700,10,457,32,10
"539","2020-03-27",295,7,156,1277,7711,0.192063286214499,0,0,676,676,46,746,11,468,22,11
"540","2020-03-28",309,7,149,1320,7711,0.192063286214499,0,0,676,676,63,809,25,493,36,25
"541","2020-03-29",321,7,164,1336,7711,0.192063286214499,0,0,676,676,63,872,11,504,36,11
"542","2020-03-30",329,7,189,1333,7711,0.192063286214499,0,0,676,676,71,943,47,551,45,47
"543","2020-03-31",346,7,226,1324,7711,0.192063286214499,0,0,676,676,68,1011,48,599,28,48
"544","2020-04-01",357,7,219,1340,7711,0.192063286214499,0,0,676,676,59,1070,19,618,33,19
"545","2020-04-02",366,7,212,1341,7711,0.192063286214499,0,0,676,676,61,1131,12,630,29,12
"546","2020-04-03",378,7,223,1350,7711,0.192063286214499,0,0,676,676,48,1179,33,663,31,33
"547","2020-04-04",381,7,207,1316,7711,0.192063286214499,0,0,676,676,77,1256,28,691,45,28
"548","2020-04-05",376,7,186,1276,7711,0.192063286214499,0,0,676,676,75,1331,21,712,43,21
"549","2020-04-06",384,7,188,1295,7711,0.192063286214499,0,0,676,676,73,1404,32,744,42,32
"550","2020-04-07",378,7,221,1298,7711,0.192063286214499,0,0,676,676,85,1489,39,783,47,39
"551","2020-04-08",357,7,200,1296,7711,0.192063286214499,0,0,676,676,71,1560,12,795,43,12
"552","2020-04-09",352,7,183,1285,7711,0.192063286214499,0,0,676,676,66,1626,39,834,34,39
"553","2020-04-10",337,7,183,1245,7711,0.192063286214499,0,0,676,676,59,1685,27,861,30,27
"554","2020-04-11",331,7,197,1237,7711,0.192063286214499,0,0,676,676,73,1758,32,893,38,32
"555","2020-04-12",330,7,197,1215,7711,0.192063286214499,0,0,676,676,70,1828,22,915,35,22
"556","2020-04-13",311,7,192,1227,7711,0.192063286214499,0,0,676,676,78,1906,17,932,40,17
"557","2020-04-14",312,7,187,1206,7711,0.192063286214499,0,0,676,676,60,1966,15,947,40,15
"558","2020-04-15",310,7,153,1176,7711,0.192063286214499,0,0,676,676,70,2036,20,967,41,20
"559","2020-04-16",302,7,169,1173,7711,0.192063286214499,0,0,676,676,61,2097,28,995,34,28
"560","2020-04-17",306,7,182,1149,7711,0.192063286214499,0,0,676,676,82,2179,9,1004,51,9
"561","2020-04-18",304,7,171,1128,7711,0.192063286214499,0,0,676,676,62,2241,10,1014,36,10
"562","2020-04-19",317,7,165,1121,7711,0.192063286214499,0,0,676,676,54,2295,10,1024,30,10
"563","2020-04-20",323,7,163,1097,7711,0.192063286214499,0,0,676,676,67,2362,32,1056,32,32
"564","2020-04-21",307,7,157,1076,7711,0.192063286214499,0,0,676,676,62,2424,24,1080,28,24
"565","2020-04-22",298,7,150,1079,7711,0.192063286214499,0,0,676,676,55,2479,16,1096,23,16
"566","2020-04-23",301,7,135,1061,7711,0.192063286214499,0,0,676,676,58,2537,12,1108,27,12
"567","2020-04-24",285,7,148,1051,7711,0.192063286214499,0,0,676,676,59,2596,13,1121,28,13
"568","2020-04-25",285,7,191,1049,7711,0.192063286214499,0,0,676,676,66,2662,8,1129,35,8
"569","2020-04-26",276,7,173,1039,7711,0.192063286214499,0,0,676,676,48,2710,11,1140,24,11
"570","2020-04-27",275,7,185,1024,7711,0.192063286214499,0,0,676,676,62,2772,6,1146,29,6
"571","2020-04-28",277,7,202,1003,7711,0.192063286214499,0,0,676,676,40,2812,4,1150,18,4
"572","2020-04-29",279,7,199,987,7711,0.192063286214499,0,0,676,676,67,2879,8,1158,28,8
"573","2020-04-30",278,7,171,986,7711,0.192063286214499,0,0,676,676,65,2944,45,1203,37,45
"574","2020-05-01",280,7,168,962,7711,0.192063286214499,0,0,676,676,45,2989,22,1225,20,22
"575","2020-05-02",272,7,174,945,7711,0.192063286214499,0,0,676,676,54,3043,19,1244,32,19
"576","2020-05-03",263,7,171,912,7711,0.192063286214499,0,0,676,676,49,3092,40,1284,25,40
"577","2020-05-04",255,7,164,883,7711,0.192063286214499,0,0,676,676,53,3145,19,1303,25,19
"578","2020-05-05",250,7,169,866,7711,0.192063286214499,0,0,676,676,43,3188,13,1316,19,13
"579","2020-05-06",241,7,217,837,7711,0.192063286214499,0,0,676,676,47,3235,13,1329,24,13
"580","2020-05-07",231,7,259,814,7711,0.192063286214499,0,0,676,676,44,3279,31,1360,20,31
"581","2020-05-08",228,7,245,800,7711,0.192063286214499,0,0,676,676,56,3335,34,1394,21,34
"582","2020-05-09",230,7,276,777,7711,0.192063286214499,0,0,676,676,51,3386,47,1441,22,47
"583","2020-05-10",229,7,282,720,7711,0.192063286214499,0,0,676,676,35,3421,26,1467,17,26
"584","2020-05-11",228,7,265,707,7711,0.192063286214499,0,0,676,676,42,3463,24,1491,11,24
"585","2020-05-12",218,7,269,698,7711,0.192063286214499,0,0,676,676,35,3498,24,1515,17,24
"586","2020-05-13",210,7,257,676,7711,0.192063286214499,0,0,676,676,33,3531,9,1524,17,9
"587","2020-05-14",206,7,290,652,7711,0.192063286214499,0,0,676,676,33,3564,35,1559,17,35
"588","2020-05-15",201,7,269,642,7711,0.192063286214499,0,0,676,676,42,3606,52,1611,22,52
"589","2020-05-16",188,7,252,608,7711,0.192063286214499,0,0,676,676,38,3644,42,1653,18,42
"590","2020-05-17",175,7,239,604,7711,0.192063286214499,0,0,676,676,37,3681,19,1672,16,19
"591","2020-05-18",166,7,206,582,7711,0.192063286214499,0,0,676,676,28,3709,20,1692,12,20
"592","2020-05-19",159,7,198,547,7711,0.192063286214499,0,0,676,676,38,3747,46,1738,22,46
"593","2020-05-20",159,7,221,506,7711,0.192063286214499,0,0,676,676,39,3786,31,1769,22,31
"594","2020-05-21",157,7,205,490,7711,0.192063286214499,0,0,676,676,30,3816,18,1787,14,18
"595","2020-05-22",141,7,191,463,7711,0.192063286214499,0,0,676,676,21,3837,8,1795,11,8
"596","2020-05-23",130,7,200,433,7711,0.192063286214499,0,0,676,676,24,3861,13,1808,8,13
"597","2020-05-24",124,7,190,431,7711,0.192063286214499,0,0,676,676,21,3882,9,1817,10,9
"598","2020-05-25",125,7,222,421,7711,0.192063286214499,0,0,676,676,19,3901,21,1838,8,21
"599","2020-05-26",128,7,222,396,7711,0.192063286214499,0,0,676,676,28,3929,11,1849,16,11
"600","2020-05-27",114,7,207,367,7711,0.192063286214499,0,0,676,676,20,3949,29,1878,10,29
"601","2020-05-28",102,7,198,352,7711,0.192063286214499,0,0,676,676,28,3977,22,1900,14,22
"602","2020-05-29",101,7,188,338,7711,0.192063286214499,0,0,676,676,29,4006,60,1960,11,60
"603","2020-05-30",100,7,207,337,7711,0.192063286214499,0,0,676,676,28,4034,27,1987,12,27
"604","2020-05-31",99,7,220,322,7711,0.192063286214499,0,0,676,676,16,4050,41,2028,11,41
"605","2020-06-01",94,7,223,309,7711,0.192063286214499,0,0,676,676,31,4081,28,2056,14,28
"606","2020-06-02",87,7,212,299,7711,0.192063286214499,0,0,676,676,15,4096,25,2081,3,25
"607","2020-06-03",90,7,215,289,7711,0.192063286214499,0,0,676,676,16,4112,12,2093,7,12
"608","2020-06-04",91,7,206,279,7711,0.192063286214499,0,0,676,676,13,4125,10,2103,5,10
"609","2020-06-05",92,7,170,258,7711,0.192063286214499,0,0,676,676,11,4136,9,2112,6,9
"610","2020-06-06",87,7,149,243,7711,0.192063286214499,0,0,676,676,19,4155,7,2119,7,7
"611","2020-06-07",86,7,125,227,7711,0.192063286214499,0,0,676,676,17,4172,59,2178,9,59
"612","2020-03-13",4,8,200,192,6672,0.287619904076739,0,0,577,1256,63,159,47,111,13,47
"613","2020-03-14",11,8,194,255,6672,0.287619904076739,0,0,577,1256,44,203,17,128,5,17
"614","2020-03-15",20,8,259,315,6672,0.287619904076739,0,0,577,1256,54,257,14,142,7,14
"615","2020-03-16",34,8,280,393,6672,0.287619904076739,0,0,577,1256,57,314,21,163,7,21
"616","2020-03-17",46,8,314,489,6672,0.287619904076739,0,0,577,1256,69,383,36,199,18,36
"617","2020-03-18",60,8,307,559,6672,0.287619904076739,0,0,577,1256,62,445,21,220,15,21
"618","2020-03-19",85,8,310,636,6672,0.287619904076739,0,0,577,1256,49,494,22,242,13,22
"619","2020-03-20",106,8,290,691,6672,0.287619904076739,0,0,577,1256,52,546,46,288,15,46
"620","2020-03-21",129,8,289,758,6672,0.287619904076739,0,0,577,1256,61,607,53,341,12,53
"621","2020-03-22",147,8,298,829,6672,0.287619904076739,0,0,577,1256,80,687,45,386,24,45
"622","2020-03-23",165,8,275,896,6672,0.287619904076739,0,0,577,1256,64,751,34,420,12,34
"623","2020-03-24",180,8,262,934,6672,0.287619904076739,0,0,577,1256,61,812,33,453,12,33
"624","2020-03-25",201,8,285,968,6672,0.287619904076739,0,0,577,1256,59,871,25,478,15,25
"625","2020-03-26",209,8,271,1012,6672,0.287619904076739,0,0,577,1256,57,928,65,543,17,65
"626","2020-03-27",223,8,328,1066,6672,0.287619904076739,0,0,577,1256,64,992,44,587,13,44
"627","2020-03-28",236,8,343,1066,6672,0.287619904076739,0,0,577,1256,57,1049,20,607,13,20
"628","2020-03-29",251,8,346,1087,6672,0.287619904076739,0,0,577,1256,62,1111,15,622,16,15
"629","2020-03-30",262,8,361,1095,6672,0.287619904076739,0,0,577,1256,81,1192,16,638,23,16
"630","2020-03-31",286,8,363,1123,6672,0.287619904076739,0,0,577,1256,72,1264,37,675,12,37
"631","2020-04-01",292,8,345,1119,6672,0.287619904076739,0,0,577,1256,70,1334,19,694,11,19
"632","2020-04-02",302,8,327,1134,6672,0.287619904076739,0,0,577,1256,67,1401,11,705,19,11
"633","2020-04-03",309,8,308,1128,6672,0.287619904076739,0,0,577,1256,72,1473,8,713,18,8
"634","2020-04-04",313,8,290,1136,6672,0.287619904076739,0,0,577,1256,68,1541,6,719,22,6
"635","2020-04-05",314,8,270,1115,6672,0.287619904076739,0,0,577,1256,81,1622,11,730,24,11
"636","2020-04-06",310,8,269,1131,6672,0.287619904076739,0,0,577,1256,77,1699,72,802,23,72
"637","2020-04-07",308,8,264,1123,6672,0.287619904076739,0,0,577,1256,76,1775,29,831,15,29
"638","2020-04-08",311,8,273,1124,6672,0.287619904076739,0,0,577,1256,64,1839,37,868,11,37
"639","2020-04-09",304,8,299,1119,6672,0.287619904076739,0,0,577,1256,73,1912,38,906,12,38
"640","2020-04-10",289,8,305,1133,6672,0.287619904076739,0,0,577,1256,72,1984,54,960,6,54
"641","2020-04-11",291,8,343,1116,6672,0.287619904076739,0,0,577,1256,78,2062,15,975,14,15
"642","2020-04-12",299,8,351,1116,6672,0.287619904076739,0,0,577,1256,53,2115,19,994,9,19
"643","2020-04-13",294,8,329,1106,6672,0.287619904076739,0,0,577,1256,57,2172,18,1012,11,18
"644","2020-04-14",287,8,338,1072,6672,0.287619904076739,0,0,577,1256,60,2232,58,1070,12,58
"645","2020-04-15",287,8,309,1052,6672,0.287619904076739,0,0,577,1256,63,2295,61,1131,11,61
"646","2020-04-16",286,8,297,1063,6672,0.287619904076739,0,0,577,1256,63,2358,33,1164,7,33
"647","2020-04-17",291,8,292,1063,6672,0.287619904076739,0,0,577,1256,80,2438,20,1184,18,20
"648","2020-04-18",270,8,287,1039,6672,0.287619904076739,0,0,577,1256,62,2500,17,1201,12,17
"649","2020-04-19",262,8,296,1021,6672,0.287619904076739,0,0,577,1256,79,2579,21,1222,9,21
"650","2020-04-20",272,8,337,1025,6672,0.287619904076739,0,0,577,1256,59,2638,28,1250,13,28
"651","2020-04-21",269,8,374,1031,6672,0.287619904076739,0,0,577,1256,67,2705,15,1265,6,15
"652","2020-04-22",269,8,366,1031,6672,0.287619904076739,0,0,577,1256,50,2755,39,1304,8,39
"653","2020-04-23",274,8,334,1032,6672,0.287619904076739,0,0,577,1256,64,2819,24,1328,11,24
"654","2020-04-24",278,8,334,1014,6672,0.287619904076739,0,0,577,1256,71,2890,30,1358,15,30
"655","2020-04-25",288,8,319,1001,6672,0.287619904076739,0,0,577,1256,70,2960,26,1384,8,26
"656","2020-04-26",287,8,345,976,6672,0.287619904076739,0,0,577,1256,61,3021,36,1420,8,36
"657","2020-04-27",289,8,335,957,6672,0.287619904076739,0,0,577,1256,64,3085,45,1465,17,45
"658","2020-04-28",288,8,339,953,6672,0.287619904076739,0,0,577,1256,64,3149,67,1532,14,67
"659","2020-04-29",287,8,340,929,6672,0.287619904076739,0,0,577,1256,64,3213,68,1600,6,68
"660","2020-04-30",281,8,332,903,6672,0.287619904076739,0,0,577,1256,69,3282,45,1645,4,45
"661","2020-05-01",272,8,328,884,6672,0.287619904076739,0,0,577,1256,52,3334,38,1683,10,38
"662","2020-05-02",263,8,297,860,6672,0.287619904076739,0,0,577,1256,65,3399,28,1711,7,28
"663","2020-05-03",252,8,305,840,6672,0.287619904076739,0,0,577,1256,54,3453,17,1728,12,17
"664","2020-05-04",240,8,300,831,6672,0.287619904076739,0,0,577,1256,59,3512,36,1764,13,36
"665","2020-05-05",235,8,292,796,6672,0.287619904076739,0,0,577,1256,57,3569,31,1795,12,31
"666","2020-05-06",226,8,289,765,6672,0.287619904076739,0,0,577,1256,59,3628,38,1833,11,38
"667","2020-05-07",226,8,291,747,6672,0.287619904076739,0,0,577,1256,45,3673,61,1894,8,61
"668","2020-05-08",225,8,317,717,6672,0.287619904076739,0,0,577,1256,40,3713,39,1933,8,39
"669","2020-05-09",227,8,357,709,6672,0.287619904076739,0,0,577,1256,39,3752,62,1995,5,62
"670","2020-05-10",221,8,363,686,6672,0.287619904076739,0,0,577,1256,58,3810,57,2052,15,57
"671","2020-05-11",219,8,373,667,6672,0.287619904076739,0,0,577,1256,51,3861,33,2085,10,33
"672","2020-05-12",211,8,378,640,6672,0.287619904076739,0,0,577,1256,35,3896,18,2103,2,18
"673","2020-05-13",195,8,398,627,6672,0.287619904076739,0,0,577,1256,56,3952,14,2117,6,14
"674","2020-05-14",183,8,386,605,6672,0.287619904076739,0,0,577,1256,35,3987,15,2132,2,15
"675","2020-05-15",178,8,372,577,6672,0.287619904076739,0,0,577,1256,43,4030,57,2189,14,57
"676","2020-05-16",172,8,365,577,6672,0.287619904076739,0,0,577,1256,38,4068,68,2257,7,68
"677","2020-05-17",176,8,352,564,6672,0.287619904076739,0,0,577,1256,32,4100,16,2273,8,16
"678","2020-05-18",162,8,343,559,6672,0.287619904076739,0,0,577,1256,47,4147,13,2286,8,13
"679","2020-05-19",156,8,322,522,6672,0.287619904076739,0,0,577,1256,39,4186,21,2307,9,21
"680","2020-05-20",160,8,311,502,6672,0.287619904076739,0,0,577,1256,36,4222,38,2345,6,38
"681","2020-05-21",150,8,308,492,6672,0.287619904076739,0,0,577,1256,30,4252,54,2399,10,54
"682","2020-05-22",148,8,305,465,6672,0.287619904076739,0,0,577,1256,32,4284,57,2456,9,57
"683","2020-05-23",149,8,306,451,6672,0.287619904076739,0,0,577,1256,24,4308,42,2498,3,42
"684","2020-05-24",134,8,330,451,6672,0.287619904076739,0,0,577,1256,30,4338,30,2528,4,30
"685","2020-05-25",133,8,322,443,6672,0.287619904076739,0,0,577,1256,26,4364,20,2548,3,20
"686","2020-05-26",133,8,325,414,6672,0.287619904076739,0,0,577,1256,28,4392,10,2558,7,10
"687","2020-05-27",125,8,335,396,6672,0.287619904076739,0,0,577,1256,32,4424,55,2613,8,55
"688","2020-05-28",130,8,329,375,6672,0.287619904076739,0,0,577,1256,23,4447,30,2643,1,30
"689","2020-05-29",127,8,326,360,6672,0.287619904076739,0,0,577,1256,23,4470,9,2652,4,9
"690","2020-05-30",118,8,368,344,6672,0.287619904076739,0,0,577,1256,21,4491,18,2670,2,18
"691","2020-05-31",118,8,374,335,6672,0.287619904076739,0,0,577,1256,16,4507,31,2701,1,31
"692","2020-06-01",114,8,381,324,6672,0.287619904076739,0,0,577,1256,19,4526,34,2735,2,34
"693","2020-06-02",109,8,363,312,6672,0.287619904076739,0,0,577,1256,17,4543,39,2774,2,39
"694","2020-06-03",106,8,354,297,6672,0.287619904076739,0,0,577,1256,26,4569,21,2795,4,21
"695","2020-06-04",95,8,349,289,6672,0.287619904076739,0,0,577,1256,15,4584,25,2820,2,25
"696","2020-06-05",89,8,342,270,6672,0.287619904076739,0,0,577,1256,18,4602,42,2862,2,42
"697","2020-06-06",79,8,337,245,6672,0.287619904076739,0,0,577,1256,21,4623,24,2886,4,24
"698","2020-06-07",75,8,329,229,6672,0.287619904076739,0,0,577,1256,18,4641,36,2922,NA,36
"699","2020-03-12",1,9,80,39,7799,0.942941402743942,0,0,749,1330,17,34,45,75,5,45
"700","2020-03-13",3,9,91,66,7799,0.942941402743942,0,0,749,1330,19,53,69,144,11,69
"701","2020-03-14",4,9,105,89,7799,0.942941402743942,0,0,749,1330,32,85,79,223,18,79
"702","2020-03-15",7,9,104,127,7799,0.942941402743942,0,0,749,1330,31,116,64,287,21,64
"703","2020-03-16",8,9,110,179,7799,0.942941402743942,0,0,749,1330,38,154,42,329,30,42
"704","2020-03-17",12,9,124,265,7799,0.942941402743942,0,0,749,1330,40,194,15,344,30,15
"705","2020-03-18",25,9,155,339,7799,0.942941402743942,0,0,749,1330,40,234,17,361,32,17
"706","2020-03-19",35,9,161,432,7799,0.942941402743942,0,0,749,1330,52,286,10,371,41,10
"707","2020-03-20",44,9,186,544,7799,0.942941402743942,0,0,749,1330,59,345,21,392,48,21
"708","2020-03-21",63,9,186,719,7799,0.942941402743942,0,0,749,1330,58,403,18,410,45,18
"709","2020-03-22",90,9,196,915,7799,0.942941402743942,0,0,749,1330,61,464,23,433,51,23
"710","2020-03-23",136,9,194,1106,7799,0.942941402743942,0,0,749,1330,57,521,57,490,43,57
"711","2020-03-24",172,9,201,1280,7799,0.942941402743942,0,0,749,1330,90,611,53,543,73,53
"712","2020-03-25",218,9,184,1541,7799,0.942941402743942,0,0,749,1330,78,689,25,568,71,25
"713","2020-03-26",255,9,179,1796,7799,0.942941402743942,0,0,749,1330,76,765,56,624,66,56
"714","2020-03-27",316,9,172,2155,7799,0.942941402743942,0,0,749,1330,92,857,29,653,78,29
"715","2020-03-28",382,9,199,2404,7799,0.942941402743942,0,0,749,1330,73,930,29,682,63,29
"716","2020-03-29",431,9,205,2707,7799,0.942941402743942,0,0,749,1330,111,1041,21,703,93,21
"717","2020-03-30",504,9,169,3004,7799,0.942941402743942,0,0,749,1330,65,1106,43,746,55,43
"718","2020-03-31",561,9,157,3289,7799,0.942941402743942,0,0,749,1330,69,1175,43,789,61,43
"719","2020-04-01",636,9,147,3591,7799,0.942941402743942,0,0,749,1330,118,1293,45,834,106,45
"720","2020-04-02",739,9,204,3746,7799,0.942941402743942,0,0,749,1330,85,1378,15,849,74,15
"721","2020-04-03",837,9,236,3873,7799,0.942941402743942,0,0,749,1330,99,1477,59,908,82,59
"722","2020-04-04",920,9,220,3955,7799,0.942941402743942,0,0,749,1330,107,1584,34,942,96,34
"723","2020-04-05",1010,9,234,3898,7799,0.942941402743942,0,0,749,1330,66,1650,49,991,56,49
"724","2020-04-06",1057,9,263,3871,7799,0.942941402743942,0,0,749,1330,88,1738,27,1018,72,27
"725","2020-04-07",1123,9,276,3767,7799,0.942941402743942,0,0,749,1330,83,1821,18,1036,75,18
"726","2020-04-08",1158,9,259,3563,7799,0.942941402743942,0,0,749,1330,94,1915,28,1064,82,28
"727","2020-04-09",1157,9,238,3381,7799,0.942941402743942,0,0,749,1330,96,2011,44,1108,85,44
"728","2020-04-10",1147,9,236,3144,7799,0.942941402743942,0,0,749,1330,100,2111,45,1153,87,45
"729","2020-04-11",1114,9,222,2877,7799,0.942941402743942,0,0,749,1330,96,2207,32,1185,82,32
"730","2020-04-12",1064,9,196,2611,7799,0.942941402743942,0,0,749,1330,88,2295,20,1205,74,20
"731","2020-04-13",989,9,183,2358,7799,0.942941402743942,0,0,749,1330,96,2391,15,1220,88,15
"732","2020-04-14",923,9,170,2068,7799,0.942941402743942,0,0,749,1330,85,2476,10,1230,78,10
"733","2020-04-15",841,9,190,1812,7799,0.942941402743942,0,0,749,1330,95,2571,9,1239,80,9
"734","2020-04-16",751,9,185,1544,7799,0.942941402743942,0,0,749,1330,98,2669,7,1246,86,7
"735","2020-04-17",650,9,193,1319,7799,0.942941402743942,0,0,749,1330,90,2759,17,1263,80,17
"736","2020-04-18",565,9,237,1133,7799,0.942941402743942,0,0,749,1330,96,2855,28,1291,84,28
"737","2020-04-19",493,9,232,964,7799,0.942941402743942,0,0,749,1330,102,2957,22,1313,89,22
"738","2020-04-20",434,9,228,801,7799,0.942941402743942,0,0,749,1330,75,3032,77,1390,69,77
"739","2020-04-21",366,9,225,669,7799,0.942941402743942,0,0,749,1330,80,3112,41,1431,69,41
"740","2020-04-22",308,9,257,561,7799,0.942941402743942,0,0,749,1330,67,3179,11,1442,55,11
"741","2020-04-23",266,9,293,480,7799,0.942941402743942,0,0,749,1330,79,3258,17,1459,76,17
"742","2020-04-24",230,9,286,409,7799,0.942941402743942,0,0,749,1330,68,3326,43,1502,56,43
"743","2020-04-25",197,9,286,351,7799,0.942941402743942,0,0,749,1330,84,3410,40,1542,72,40
"744","2020-04-26",166,9,266,307,7799,0.942941402743942,0,0,749,1330,55,3465,28,1570,46,28
"745","2020-04-27",146,9,243,264,7799,0.942941402743942,0,0,749,1330,57,3522,68,1638,45,68
"746","2020-04-28",122,9,236,231,7799,0.942941402743942,0,0,749,1330,64,3586,62,1700,51,62
"747","2020-04-29",103,9,269,193,7799,0.942941402743942,0,0,749,1330,60,3646,38,1738,48,38
"748","2020-04-30",97,9,274,164,7799,0.942941402743942,0,0,749,1330,61,3707,61,1799,50,61
"749","2020-05-01",85,9,266,134,7799,0.942941402743942,0,0,749,1330,52,3759,48,1847,43,48
"750","2020-05-02",75,9,302,120,7799,0.942941402743942,0,0,749,1330,65,3824,18,1865,52,18
"751","2020-05-03",62,9,303,116,7799,0.942941402743942,0,0,749,1330,47,3871,47,1912,36,47
"752","2020-05-04",52,9,302,96,7799,0.942941402743942,0,0,749,1330,52,3923,25,1937,43,25
"753","2020-05-05",49,9,300,88,7799,0.942941402743942,0,0,749,1330,40,3963,8,1945,36,8
"754","2020-05-06",42,9,262,77,7799,0.942941402743942,0,0,749,1330,40,4003,54,1999,29,54
"755","2020-05-07",32,9,236,70,7799,0.942941402743942,0,0,749,1330,46,4049,23,2022,36,23
"756","2020-05-08",24,9,259,68,7799,0.942941402743942,0,0,749,1330,50,4099,15,2037,40,15
"757","2020-05-09",19,9,260,58,7799,0.942941402743942,0,0,749,1330,41,4140,34,2071,36,34
"758","2020-05-10",19,9,252,53,7799,0.942941402743942,0,0,749,1330,47,4187,14,2085,35,14
"759","2020-05-11",18,9,263,52,7799,0.942941402743942,0,0,749,1330,48,4235,23,2108,39,23
"760","2020-05-12",17,9,244,53,7799,0.942941402743942,0,0,749,1330,35,4270,21,2129,27,21
"761","2020-05-13",19,9,232,52,7799,0.942941402743942,0,0,749,1330,37,4307,29,2158,26,29
"762","2020-05-14",19,9,209,48,7799,0.942941402743942,0,0,749,1330,31,4338,13,2171,22,13
"763","2020-05-15",20,9,198,48,7799,0.942941402743942,0,0,749,1330,38,4376,36,2207,29,36
"764","2020-05-16",18,9,187,47,7799,0.942941402743942,0,0,749,1330,26,4402,42,2249,23,42
"765","2020-05-17",16,9,190,47,7799,0.942941402743942,0,0,749,1330,26,4428,24,2273,20,24
"766","2020-05-18",14,9,224,46,7799,0.942941402743942,0,0,749,1330,29,4457,31,2304,21,31
"767","2020-05-19",15,9,217,41,7799,0.942941402743942,0,0,749,1330,31,4488,18,2322,24,18
"768","2020-05-20",12,9,271,41,7799,0.942941402743942,0,0,749,1330,21,4509,14,2336,15,14
"769","2020-05-21",11,9,281,41,7799,0.942941402743942,0,0,749,1330,19,4528,17,2353,11,17
"770","2020-05-22",11,9,258,38,7799,0.942941402743942,0,0,749,1330,22,4550,11,2364,19,11
"771","2020-05-23",12,9,258,37,7799,0.942941402743942,0,0,749,1330,18,4568,47,2411,13,47
"772","2020-05-24",13,9,267,32,7799,0.942941402743942,0,0,749,1330,23,4591,46,2457,18,46
"773","2020-05-25",13,9,280,29,7799,0.942941402743942,0,0,749,1330,23,4614,38,2495,15,38
"774","2020-05-26",13,9,260,29,7799,0.942941402743942,0,0,749,1330,22,4636,60,2555,15,60
"775","2020-05-27",12,9,269,32,7799,0.942941402743942,0,0,749,1330,20,4656,50,2605,10,50
"776","2020-05-28",11,9,252,28,7799,0.942941402743942,0,0,749,1330,23,4679,31,2636,19,31
"777","2020-05-29",9,9,247,25,7799,0.942941402743942,0,0,749,1330,16,4695,48,2684,12,48
"778","2020-05-30",9,9,224,23,7799,0.942941402743942,0,0,749,1330,22,4717,34,2718,19,34
"779","2020-05-31",8,9,200,24,7799,0.942941402743942,0,0,749,1330,26,4743,35,2753,23,35
"780","2020-06-01",8,9,212,25,7799,0.942941402743942,0,0,749,1330,18,4761,44,2797,17,44
"781","2020-06-02",6,9,220,24,7799,0.942941402743942,0,0,749,1330,10,4771,73,2870,8,73
"782","2020-06-03",6,9,219,24,7799,0.942941402743942,0,0,749,1330,9,4780,85,2955,9,85
"783","2020-06-04",7,9,210,22,7799,0.942941402743942,0,0,749,1330,17,4797,58,3013,11,58
"784","2020-06-05",7,9,197,22,7799,0.942941402743942,0,0,749,1330,14,4811,36,3049,13,36
"785","2020-06-06",6,9,183,19,7799,0.942941402743942,0,0,749,1330,12,4823,32,3081,9,32
"786","2020-06-07",5,9,180,18,7799,0.942941402743942,0,0,749,1330,12,4835,16,3097,6,16
"787","2020-03-14",2,10,117,81,2594,0.427139552814187,0,0,222,1341,68,205,15,110,14,15
"788","2020-03-15",6,10,130,106,2594,0.427139552814187,0,0,222,1341,84,289,40,150,37,40
"789","2020-03-16",14,10,161,132,2594,0.427139552814187,0,0,222,1341,69,358,27,177,30,27
"790","2020-03-17",18,10,160,156,2594,0.427139552814187,0,0,222,1341,81,439,37,214,41,37
"791","2020-03-18",26,10,157,180,2594,0.427139552814187,0,0,222,1341,82,521,24,238,36,24
"792","2020-03-19",30,10,152,198,2594,0.427139552814187,0,0,222,1341,89,610,37,275,48,37
"793","2020-03-20",36,10,137,219,2594,0.427139552814187,0,0,222,1341,88,698,49,324,61,49
"794","2020-03-21",49,10,134,249,2594,0.427139552814187,0,0,222,1341,98,796,25,349,56,25
"795","2020-03-22",55,10,142,274,2594,0.427139552814187,0,0,222,1341,89,885,17,366,45,17
"796","2020-03-23",61,10,121,292,2594,0.427139552814187,0,0,222,1341,105,990,14,380,63,14
"797","2020-03-24",67,10,121,301,2594,0.427139552814187,0,0,222,1341,106,1096,18,398,64,18
"798","2020-03-25",67,10,118,327,2594,0.427139552814187,0,0,222,1341,75,1171,9,407,49,9
"799","2020-03-26",75,10,164,348,2594,0.427139552814187,0,0,222,1341,94,1265,11,418,62,11
"800","2020-03-27",84,10,214,356,2594,0.427139552814187,0,0,222,1341,108,1373,46,464,63,46
"801","2020-03-28",83,10,243,375,2594,0.427139552814187,0,0,222,1341,101,1474,51,515,59,51
"802","2020-03-29",85,10,246,379,2594,0.427139552814187,0,0,222,1341,106,1580,30,545,63,30
"803","2020-03-30",84,10,233,377,2594,0.427139552814187,0,0,222,1341,118,1698,49,594,72,49
"804","2020-03-31",91,10,217,382,2594,0.427139552814187,0,0,222,1341,99,1797,25,619,63,25
"805","2020-04-01",103,10,204,389,2594,0.427139552814187,0,0,222,1341,95,1892,65,684,68,65
"806","2020-04-02",108,10,183,394,2594,0.427139552814187,0,0,222,1341,121,2013,34,718,76,34
"807","2020-04-03",106,10,170,405,2594,0.427139552814187,0,0,222,1341,121,2134,51,769,74,51
"808","2020-04-04",112,10,211,406,2594,0.427139552814187,0,0,222,1341,116,2250,32,801,68,32
"809","2020-04-05",120,10,234,418,2594,0.427139552814187,0,0,222,1341,111,2361,14,815,68,14
"810","2020-04-06",126,10,222,414,2594,0.427139552814187,0,0,222,1341,126,2487,18,833,87,18
"811","2020-04-07",122,10,210,415,2594,0.427139552814187,0,0,222,1341,106,2593,19,852,68,19
"812","2020-04-08",114,10,217,404,2594,0.427139552814187,0,0,222,1341,108,2701,53,905,70,53
"813","2020-04-09",115,10,253,397,2594,0.427139552814187,0,0,222,1341,111,2812,43,948,75,43
"814","2020-04-10",123,10,262,380,2594,0.427139552814187,0,0,222,1341,102,2914,14,962,64,14
"815","2020-04-11",117,10,241,383,2594,0.427139552814187,0,0,222,1341,127,3041,20,982,89,20
"816","2020-04-12",110,10,215,385,2594,0.427139552814187,0,0,222,1341,105,3146,19,1001,58,19
"817","2020-04-13",111,10,203,386,2594,0.427139552814187,0,0,222,1341,117,3263,32,1033,76,32
"818","2020-04-14",112,10,194,392,2594,0.427139552814187,0,0,222,1341,90,3353,42,1075,53,42
"819","2020-04-15",124,10,215,405,2594,0.427139552814187,0,0,222,1341,94,3447,65,1140,54,65
"820","2020-04-16",122,10,196,405,2594,0.427139552814187,0,0,222,1341,82,3529,40,1180,52,40
"821","2020-04-17",119,10,197,404,2594,0.427139552814187,0,0,222,1341,88,3617,23,1203,50,23
"822","2020-04-18",119,10,234,393,2594,0.427139552814187,0,0,222,1341,62,3679,59,1262,22,59
"823","2020-04-19",122,10,219,392,2594,0.427139552814187,0,0,222,1341,63,3742,32,1294,35,32
"824","2020-04-20",127,10,220,391,2594,0.427139552814187,0,0,222,1341,71,3813,36,1330,38,36
"825","2020-04-21",125,10,210,393,2594,0.427139552814187,0,0,222,1341,69,3882,15,1345,30,15
"826","2020-04-22",120,10,195,385,2594,0.427139552814187,0,0,222,1341,77,3959,20,1365,50,20
"827","2020-04-23",119,10,202,372,2594,0.427139552814187,0,0,222,1341,68,4027,58,1423,31,58
"828","2020-04-24",116,10,218,378,2594,0.427139552814187,0,0,222,1341,66,4093,26,1449,39,26
"829","2020-04-25",121,10,234,363,2594,0.427139552814187,0,0,222,1341,77,4170,17,1466,37,17
"830","2020-04-26",118,10,254,353,2594,0.427139552814187,0,0,222,1341,77,4247,30,1496,41,30
"831","2020-04-27",111,10,266,360,2594,0.427139552814187,0,0,222,1341,65,4312,13,1509,26,13
"832","2020-04-28",110,10,314,359,2594,0.427139552814187,0,0,222,1341,59,4371,20,1529,28,20
"833","2020-04-29",104,10,292,360,2594,0.427139552814187,0,0,222,1341,55,4426,13,1542,29,13
"834","2020-04-30",112,10,274,367,2594,0.427139552814187,0,0,222,1341,61,4487,53,1595,31,53
"835","2020-05-01",107,10,267,357,2594,0.427139552814187,0,0,222,1341,53,4540,68,1663,27,68
"836","2020-05-02",96,10,254,370,2594,0.427139552814187,0,0,222,1341,66,4606,29,1692,32,29
"837","2020-05-03",98,10,254,373,2594,0.427139552814187,0,0,222,1341,46,4652,21,1713,21,21
"838","2020-05-04",99,10,260,349,2594,0.427139552814187,0,0,222,1341,46,4698,43,1756,15,43
"839","2020-05-05",102,10,239,356,2594,0.427139552814187,0,0,222,1341,59,4757,23,1779,29,23
"840","2020-05-06",103,10,213,361,2594,0.427139552814187,0,0,222,1341,49,4806,40,1819,20,40
"841","2020-05-07",98,10,190,364,2594,0.427139552814187,0,0,222,1341,57,4863,57,1876,20,57
"842","2020-05-08",104,10,172,373,2594,0.427139552814187,0,0,222,1341,39,4902,50,1926,14,50
"843","2020-05-09",110,10,229,362,2594,0.427139552814187,0,0,222,1341,51,4953,58,1984,12,58
"844","2020-05-10",112,10,242,367,2594,0.427139552814187,0,0,222,1341,43,4996,56,2040,19,56
"845","2020-05-11",104,10,247,359,2594,0.427139552814187,0,0,222,1341,36,5032,55,2095,15,56
"846","2020-05-12",106,10,227,341,2594,0.427139552814187,0,0,222,1341,45,5077,54,2149,21,54
"847","2020-05-13",109,10,215,332,2594,0.427139552814187,0,0,222,1341,54,5131,33,2182,26,33
"848","2020-05-14",99,10,213,313,2594,0.427139552814187,0,0,222,1341,37,5168,21,2203,12,21
"849","2020-05-15",94,10,235,295,2594,0.427139552814187,0,0,222,1341,33,5201,14,2217,13,14
"850","2020-05-16",92,10,231,286,2594,0.427139552814187,0,0,222,1341,38,5239,15,2232,19,15
"851","2020-05-17",84,10,240,281,2594,0.427139552814187,0,0,222,1341,32,5271,53,2285,13,53
"852","2020-05-18",83,10,214,266,2594,0.427139552814187,0,0,222,1341,30,5301,29,2314,15,29
"853","2020-05-19",78,10,217,256,2594,0.427139552814187,0,0,222,1341,38,5339,17,2331,17,17
"854","2020-05-20",66,10,255,256,2594,0.427139552814187,0,0,222,1341,25,5364,21,2352,10,21
"855","2020-05-21",69,10,254,237,2594,0.427139552814187,0,0,222,1341,28,5392,13,2365,15,13
"856","2020-05-22",74,10,230,225,2594,0.427139552814187,0,0,222,1341,26,5418,11,2376,10,11
"857","2020-05-23",66,10,201,200,2594,0.427139552814187,0,0,222,1341,24,5442,8,2384,12,8
"858","2020-05-24",64,10,209,208,2594,0.427139552814187,0,0,222,1341,28,5470,14,2398,11,14
"859","2020-05-25",60,10,257,212,2594,0.427139552814187,0,0,222,1341,23,5493,43,2441,10,43
"860","2020-05-26",55,10,248,200,2594,0.427139552814187,0,0,222,1341,19,5512,14,2455,10,14
"861","2020-05-27",61,10,262,195,2594,0.427139552814187,0,0,222,1341,24,5536,11,2466,7,11
"862","2020-05-28",61,10,278,202,2594,0.427139552814187,0,0,222,1341,30,5566,33,2499,8,33
"863","2020-05-29",56,10,303,198,2594,0.427139552814187,0,0,222,1341,17,5583,26,2525,9,26
"864","2020-05-30",66,10,288,201,2594,0.427139552814187,0,0,222,1341,24,5607,14,2539,8,14
"865","2020-05-31",68,10,260,194,2594,0.427139552814187,0,0,222,1341,10,5617,15,2554,3,15
"866","2020-06-01",67,10,235,192,2594,0.427139552814187,0,0,222,1341,19,5636,32,2586,11,32
"867","2020-06-02",69,10,245,193,2594,0.427139552814187,0,0,222,1341,20,5656,14,2600,12,14
"868","2020-06-03",64,10,256,193,2594,0.427139552814187,0,0,222,1341,19,5675,33,2633,9,33
"869","2020-06-04",56,10,251,186,2594,0.427139552814187,0,0,222,1341,19,5694,35,2668,9,35
"870","2020-06-05",48,10,229,179,2594,0.427139552814187,0,0,222,1341,21,5715,29,2697,6,29
"871","2020-06-06",41,10,215,174,2594,0.427139552814187,0,0,222,1341,13,5728,13,2710,5,13
"872","2020-06-07",43,10,224,167,2594,0.427139552814187,0,0,222,1341,17,5745,15,2725,9,15
"873","2020-03-13",1,11,105,174,6081,0.271172504522283,0,0,534,1276,85,239,54,177,6,54
"874","2020-03-14",4,11,159,249,6081,0.271172504522283,0,0,534,1276,73,312,72,249,12,72
"875","2020-03-15",10,11,196,333,6081,0.271172504522283,0,0,534,1276,89,401,63,312,15,63
"876","2020-03-16",32,11,244,396,6081,0.271172504522283,0,0,534,1276,94,495,42,354,27,42
"877","2020-03-17",43,11,279,450,6081,0.271172504522283,0,0,534,1276,94,589,59,413,24,59
"878","2020-03-18",64,11,269,495,6081,0.271172504522283,0,0,534,1276,110,699,54,467,37,54
"879","2020-03-19",91,11,247,554,6081,0.271172504522283,0,0,534,1276,112,811,40,507,38,40
"880","2020-03-20",116,11,230,611,6081,0.271172504522283,0,0,534,1276,104,915,55,562,35,55
"881","2020-03-21",137,11,209,659,6081,0.271172504522283,0,0,534,1276,122,1037,44,606,38,44
"882","2020-03-22",151,11,191,709,6081,0.271172504522283,0,0,534,1276,140,1177,44,650,56,44
"883","2020-03-23",161,11,188,759,6081,0.271172504522283,0,0,534,1276,91,1268,37,687,27,37
"884","2020-03-24",182,11,220,817,6081,0.271172504522283,0,0,534,1276,107,1375,42,729,36,42
"885","2020-03-25",199,11,189,834,6081,0.271172504522283,0,0,534,1276,109,1484,33,762,46,33
"886","2020-03-26",203,11,159,867,6081,0.271172504522283,0,0,534,1276,119,1603,33,795,51,33
"887","2020-03-27",206,11,147,899,6081,0.271172504522283,0,0,534,1276,133,1736,21,816,60,21
"888","2020-03-28",218,11,142,911,6081,0.271172504522283,0,0,534,1276,130,1866,40,856,53,40
"889","2020-03-29",243,11,136,931,6081,0.271172504522283,0,0,534,1276,142,2008,35,891,58,35
"890","2020-03-30",241,11,204,972,6081,0.271172504522283,0,0,534,1276,118,2126,27,918,52,27
"891","2020-03-31",239,11,239,994,6081,0.271172504522283,0,0,534,1276,109,2235,43,961,37,43
"892","2020-04-01",235,11,231,1005,6081,0.271172504522283,0,0,534,1276,132,2367,33,994,57,33
"893","2020-04-02",241,11,212,1009,6081,0.271172504522283,0,0,534,1276,114,2481,49,1043,43,49
"894","2020-04-03",259,11,170,1015,6081,0.271172504522283,0,0,534,1276,135,2616,40,1083,55,40
"895","2020-04-04",262,11,166,1026,6081,0.271172504522283,0,0,534,1276,99,2715,25,1108,49,25
"896","2020-04-05",264,11,162,1015,6081,0.271172504522283,0,0,534,1276,119,2834,33,1141,43,33
"897","2020-04-06",270,11,153,1023,6081,0.271172504522283,0,0,534,1276,110,2944,33,1174,45,33
"898","2020-04-07",299,11,152,1051,6081,0.271172504522283,0,0,534,1276,115,3059,46,1220,50,46
"899","2020-04-08",299,11,142,1044,6081,0.271172504522283,0,0,534,1276,109,3168,36,1256,39,36
"900","2020-04-09",294,11,133,1036,6081,0.271172504522283,0,0,534,1276,106,3274,42,1298,39,42
"901","2020-04-10",292,11,140,1042,6081,0.271172504522283,0,0,534,1276,107,3381,25,1323,43,25
"902","2020-04-11",303,11,144,1074,6081,0.271172504522283,0,0,534,1276,99,3480,37,1360,33,37
"903","2020-04-12",304,11,146,1095,6081,0.271172504522283,0,0,534,1276,93,3573,54,1414,29,54
"904","2020-04-13",300,11,240,1098,6081,0.271172504522283,0,0,534,1276,92,3665,50,1464,32,50
"905","2020-04-14",279,11,267,1096,6081,0.271172504522283,0,0,534,1276,96,3761,35,1499,37,35
"906","2020-04-15",281,11,281,1072,6081,0.271172504522283,0,0,534,1276,103,3864,54,1553,47,54
"907","2020-04-16",291,11,254,1074,6081,0.271172504522283,0,0,534,1276,96,3960,31,1584,29,31
"908","2020-04-17",292,11,268,1076,6081,0.271172504522283,0,0,534,1276,89,4049,28,1612,19,28
"909","2020-04-18",281,11,306,1058,6081,0.271172504522283,0,0,534,1276,86,4135,34,1646,26,34
"910","2020-04-19",271,11,299,1000,6081,0.271172504522283,0,0,534,1276,89,4224,38,1684,20,38
"911","2020-04-20",274,11,303,985,6081,0.271172504522283,0,0,534,1276,87,4311,33,1717,28,33
"912","2020-04-21",280,11,351,958,6081,0.271172504522283,0,0,534,1276,85,4396,29,1746,21,29
"913","2020-04-22",288,11,344,927,6081,0.271172504522283,0,0,534,1276,77,4473,30,1776,18,30
"914","2020-04-23",284,11,314,895,6081,0.271172504522283,0,0,534,1276,71,4544,31,1807,18,31
"915","2020-04-24",271,11,275,897,6081,0.271172504522283,0,0,534,1276,86,4630,23,1830,23,23
"916","2020-04-25",256,11,251,863,6081,0.271172504522283,0,0,534,1276,72,4702,29,1859,27,29
"917","2020-04-26",252,11,238,856,6081,0.271172504522283,0,0,534,1276,73,4775,23,1882,16,23
"918","2020-04-27",260,11,294,858,6081,0.271172504522283,0,0,534,1276,85,4860,48,1930,23,48
"919","2020-04-28",246,11,301,824,6081,0.271172504522283,0,0,534,1276,85,4945,48,1978,21,48
"920","2020-04-29",232,11,296,802,6081,0.271172504522283,0,0,534,1276,58,5003,56,2034,15,56
"921","2020-04-30",225,11,263,815,6081,0.271172504522283,0,0,534,1276,61,5064,34,2068,19,34
"922","2020-05-01",225,11,247,799,6081,0.271172504522283,0,0,534,1276,69,5133,28,2096,23,28
"923","2020-05-02",223,11,233,786,6081,0.271172504522283,0,0,534,1276,55,5188,34,2130,9,34
"924","2020-05-03",222,11,250,775,6081,0.271172504522283,0,0,534,1276,62,5250,24,2154,18,24
"925","2020-05-04",211,11,232,761,6081,0.271172504522283,0,0,534,1276,56,5306,43,2197,15,43
"926","2020-05-05",207,11,253,748,6081,0.271172504522283,0,0,534,1276,56,5362,29,2226,11,29
"927","2020-05-06",204,11,244,723,6081,0.271172504522283,0,0,534,1276,41,5403,37,2263,11,37
"928","2020-05-07",207,11,216,709,6081,0.271172504522283,0,0,534,1276,49,5452,32,2295,6,32
"929","2020-05-08",216,11,228,691,6081,0.271172504522283,0,0,534,1276,43,5495,36,2331,13,36
"930","2020-05-09",213,11,225,666,6081,0.271172504522283,0,0,534,1276,53,5548,44,2375,10,44
"931","2020-05-10",206,11,284,651,6081,0.271172504522283,0,0,534,1276,44,5592,41,2416,10,41
"932","2020-05-11",207,11,286,634,6081,0.271172504522283,0,0,534,1276,39,5631,51,2467,7,51
"933","2020-05-12",205,11,266,602,6081,0.271172504522283,0,0,534,1276,43,5674,37,2504,7,37
"934","2020-05-13",201,11,235,585,6081,0.271172504522283,0,0,534,1276,45,5719,39,2543,11,39
"935","2020-05-14",189,11,264,580,6081,0.271172504522283,0,0,534,1276,38,5757,58,2601,9,58
"936","2020-05-15",164,11,263,557,6081,0.271172504522283,0,0,534,1276,30,5787,50,2651,2,50
"937","2020-05-16",178,11,278,533,6081,0.271172504522283,0,0,534,1276,28,5815,48,2699,9,48
"938","2020-05-17",165,11,234,536,6081,0.271172504522283,0,0,534,1276,40,5855,43,2742,6,43
"939","2020-05-18",154,11,210,524,6081,0.271172504522283,0,0,534,1276,34,5889,35,2777,8,35
"940","2020-05-19",147,11,201,499,6081,0.271172504522283,0,0,534,1276,37,5926,37,2814,9,37
"941","2020-05-20",140,11,185,481,6081,0.271172504522283,0,0,534,1276,25,5951,43,2857,8,43
"942","2020-05-21",145,11,171,471,6081,0.271172504522283,0,0,534,1276,32,5983,61,2918,7,61
"943","2020-05-22",144,11,164,436,6081,0.271172504522283,0,0,534,1276,24,6007,66,2984,4,66
"944","2020-05-23",128,11,165,424,6081,0.271172504522283,0,0,534,1276,21,6028,52,3036,5,52
"945","2020-05-24",133,11,176,396,6081,0.271172504522283,0,0,534,1276,25,6053,50,3086,5,50
"946","2020-05-25",129,11,217,373,6081,0.271172504522283,0,0,534,1276,20,6073,52,3138,1,52
"947","2020-05-26",123,11,226,368,6081,0.271172504522283,0,0,534,1276,29,6102,39,3177,8,39
"948","2020-05-27",119,11,202,356,6081,0.271172504522283,0,0,534,1276,18,6120,45,3222,4,45
"949","2020-05-28",98,11,226,339,6081,0.271172504522283,0,0,534,1276,17,6137,39,3261,2,39
"950","2020-05-29",94,11,229,330,6081,0.271172504522283,0,0,534,1276,16,6153,33,3294,3,33
"951","2020-05-30",94,11,219,312,6081,0.271172504522283,0,0,534,1276,17,6170,58,3352,6,58
"952","2020-05-31",84,11,184,291,6081,0.271172504522283,0,0,534,1276,28,6198,50,3402,4,50
"953","2020-06-01",78,11,210,284,6081,0.271172504522283,0,0,534,1276,17,6215,39,3441,4,39
"954","2020-06-02",80,11,202,272,6081,0.271172504522283,0,0,534,1276,22,6237,29,3470,4,29
"955","2020-06-03",80,11,215,270,6081,0.271172504522283,0,0,534,1276,17,6254,31,3501,5,31
"956","2020-06-04",86,11,185,264,6081,0.271172504522283,0,0,534,1276,11,6265,38,3539,5,38
"957","2020-06-05",84,11,156,252,6081,0.271172504522283,0,0,534,1276,8,6273,54,3593,2,54
"958","2020-06-06",78,11,133,231,6081,0.271172504522283,0,0,534,1276,15,6288,39,3632,6,39
"959","2020-06-07",78,11,142,207,6081,0.271172504522283,0,0,534,1276,14,6302,45,3677,3,45
"960","2020-03-12",1,12,69,154,6675,0.193707865168539,0,0,541,789,44,84,45,63,12,45
"961","2020-03-13",2,12,71,223,6675,0.193707865168539,0,0,541,789,43,127,26,89,12,26
"962","2020-03-14",11,12,83,287,6675,0.193707865168539,0,0,541,789,58,185,45,134,29,45
"963","2020-03-15",18,12,88,370,6675,0.193707865168539,0,0,541,789,68,253,19,153,30,19
"964","2020-03-16",32,12,101,444,6675,0.193707865168539,0,0,541,789,62,315,56,209,30,56
"965","2020-03-17",48,12,116,534,6675,0.193707865168539,0,0,541,789,81,396,64,273,45,64
"966","2020-03-18",71,12,130,611,6675,0.193707865168539,0,0,541,789,78,474,24,297,43,24
"967","2020-03-19",88,12,136,684,6675,0.193707865168539,0,0,541,789,78,552,26,323,44,26
"968","2020-03-20",121,12,148,779,6675,0.193707865168539,0,0,541,789,79,631,26,349,45,26
"969","2020-03-21",149,12,168,862,6675,0.193707865168539,0,0,541,789,99,730,24,373,61,24
"970","2020-03-22",176,12,184,919,6675,0.193707865168539,0,0,541,789,105,835,67,440,64,67
"971","2020-03-23",187,12,194,965,6675,0.193707865168539,0,0,541,789,91,926,30,470,60,30
"972","2020-03-24",215,12,188,1002,6675,0.193707865168539,0,0,541,789,104,1030,23,493,67,23
"973","2020-03-25",239,12,209,1042,6675,0.193707865168539,0,0,541,789,97,1127,38,531,63,38
"974","2020-03-26",262,12,219,1061,6675,0.193707865168539,0,0,541,789,121,1248,26,557,88,26
"975","2020-03-27",270,12,211,1086,6675,0.193707865168539,0,0,541,789,96,1344,52,609,62,52
"976","2020-03-28",285,12,196,1082,6675,0.193707865168539,0,0,541,789,114,1458,41,650,84,41
"977","2020-03-29",298,12,202,1080,6675,0.193707865168539,0,0,541,789,105,1563,14,664,75,14
"978","2020-03-30",304,12,212,1079,6675,0.193707865168539,0,0,541,789,109,1672,37,701,76,37
"979","2020-03-31",302,12,208,1060,6675,0.193707865168539,0,0,541,789,110,1782,41,742,66,41
"980","2020-04-01",302,12,205,1057,6675,0.193707865168539,0,0,541,789,108,1890,25,767,77,25
"981","2020-04-02",308,12,173,1039,6675,0.193707865168539,0,0,541,789,126,2016,49,816,97,49
"982","2020-04-03",312,12,184,1038,6675,0.193707865168539,0,0,541,789,85,2101,73,889,50,73
"983","2020-04-04",302,12,218,1031,6675,0.193707865168539,0,0,541,789,109,2210,37,926,73,37
"984","2020-04-05",283,12,222,1025,6675,0.193707865168539,0,0,541,789,131,2341,29,955,98,29
"985","2020-04-06",297,12,254,1043,6675,0.193707865168539,0,0,541,789,87,2428,11,966,54,11
"986","2020-04-07",296,12,263,1035,6675,0.193707865168539,0,0,541,789,93,2521,13,979,56,13
"987","2020-04-08",288,12,271,1038,6675,0.193707865168539,0,0,541,789,102,2623,47,1026,65,47
"988","2020-04-09",278,12,291,1041,6675,0.193707865168539,0,0,541,789,101,2724,34,1060,63,34
"989","2020-04-10",276,12,273,1064,6675,0.193707865168539,0,0,541,789,85,2809,38,1098,53,38
"990","2020-04-11",286,12,293,1077,6675,0.193707865168539,0,0,541,789,97,2906,43,1141,68,43
"991","2020-04-12",304,12,299,1074,6675,0.193707865168539,0,0,541,789,84,2990,46,1187,53,46
"992","2020-04-13",290,12,275,1091,6675,0.193707865168539,0,0,541,789,85,3075,23,1210,55,23
"993","2020-04-14",281,12,273,1102,6675,0.193707865168539,0,0,541,789,108,3183,21,1231,75,21
"994","2020-04-15",290,12,272,1118,6675,0.193707865168539,0,0,541,789,92,3275,54,1285,60,54
"995","2020-04-16",296,12,288,1098,6675,0.193707865168539,0,0,541,789,98,3373,25,1310,62,25
"996","2020-04-17",289,12,262,1089,6675,0.193707865168539,0,0,541,789,91,3464,23,1333,63,23
"997","2020-04-18",277,12,239,1071,6675,0.193707865168539,0,0,541,789,73,3537,49,1382,43,49
"998","2020-04-19",281,12,222,1065,6675,0.193707865168539,0,0,541,789,95,3632,61,1443,58,61
"999","2020-04-20",289,12,229,1031,6675,0.193707865168539,0,0,541,789,90,3722,30,1473,51,30
"1000","2020-04-21",297,12,283,998,6675,0.193707865168539,0,0,541,789,79,3801,16,1489,49,16
"1001","2020-04-22",284,12,289,990,6675,0.193707865168539,0,0,541,789,75,3876,12,1501,45,12
"1002","2020-04-23",281,12,270,958,6675,0.193707865168539,0,0,541,789,73,3949,19,1520,49,19
"1003","2020-04-24",284,12,256,930,6675,0.193707865168539,0,0,541,789,44,3993,49,1569,22,49
"1004","2020-04-25",276,12,232,927,6675,0.193707865168539,0,0,541,789,59,4052,57,1626,39,57
"1005","2020-04-26",265,12,261,924,6675,0.193707865168539,0,0,541,789,73,4125,78,1704,39,78
"1006","2020-04-27",258,12,233,912,6675,0.193707865168539,0,0,541,789,75,4200,21,1725,40,21
"1007","2020-04-28",246,12,231,921,6675,0.193707865168539,0,0,541,789,63,4263,26,1751,34,26
"1008","2020-04-29",246,12,241,912,6675,0.193707865168539,0,0,541,789,46,4309,27,1778,21,27
"1009","2020-04-30",246,12,279,888,6675,0.193707865168539,0,0,541,789,73,4382,16,1794,49,16
"1010","2020-05-01",235,12,286,891,6675,0.193707865168539,0,0,541,789,54,4436,13,1807,35,13
"1011","2020-05-02",233,12,309,858,6675,0.193707865168539,0,0,541,789,63,4499,32,1839,27,32
"1012","2020-05-03",220,12,311,847,6675,0.193707865168539,0,0,541,789,49,4548,78,1917,28,78
"1013","2020-05-04",221,12,335,817,6675,0.193707865168539,0,0,541,789,57,4605,70,1987,32,70
"1014","2020-05-05",227,12,303,810,6675,0.193707865168539,0,0,541,789,47,4652,56,2043,30,56
"1015","2020-05-06",228,12,270,770,6675,0.193707865168539,0,0,541,789,63,4715,51,2094,39,51
"1016","2020-05-07",214,12,265,746,6675,0.193707865168539,0,0,541,789,51,4766,30,2124,26,30
"1017","2020-05-08",220,12,270,711,6675,0.193707865168539,0,0,541,789,41,4807,26,2150,15,26
"1018","2020-05-09",223,12,295,697,6675,0.193707865168539,0,0,541,789,45,4852,33,2183,21,33
"1019","2020-05-10",219,12,319,698,6675,0.193707865168539,0,0,541,789,42,4894,44,2227,23,44
"1020","2020-05-11",213,12,324,682,6675,0.193707865168539,0,0,541,789,38,4932,24,2251,18,24
"1021","2020-05-12",209,12,297,673,6675,0.193707865168539,0,0,541,789,47,4979,36,2287,25,36
"1022","2020-05-13",198,12,276,659,6675,0.193707865168539,0,0,541,789,33,5012,23,2310,19,23
"1023","2020-05-14",192,12,274,626,6675,0.193707865168539,0,0,541,789,33,5045,30,2340,16,30
"1024","2020-05-15",175,12,268,618,6675,0.193707865168539,0,0,541,789,35,5080,15,2355,21,15
"1025","2020-05-16",166,12,289,611,6675,0.193707865168539,0,0,541,789,41,5121,47,2402,22,47
"1026","2020-05-17",164,12,312,593,6675,0.193707865168539,0,0,541,789,46,5167,27,2429,28,27
"1027","2020-05-18",156,12,281,564,6675,0.193707865168539,0,0,541,789,32,5199,32,2461,12,32
"1028","2020-05-19",152,12,266,553,6675,0.193707865168539,0,0,541,789,31,5230,45,2506,14,45
"1029","2020-05-20",153,12,236,534,6675,0.193707865168539,0,0,541,789,28,5258,30,2536,16,30
"1030","2020-05-21",155,12,232,506,6675,0.193707865168539,0,0,541,789,22,5280,41,2577,12,41
"1031","2020-05-22",151,12,248,464,6675,0.193707865168539,0,0,541,789,23,5303,16,2593,7,16
"1032","2020-05-23",144,12,270,434,6675,0.193707865168539,0,0,541,789,37,5340,12,2605,23,12
"1033","2020-05-24",138,12,286,421,6675,0.193707865168539,0,0,541,789,26,5366,15,2620,17,15
"1034","2020-05-25",138,12,273,396,6675,0.193707865168539,0,0,541,789,32,5398,12,2632,17,12
"1035","2020-05-26",130,12,245,372,6675,0.193707865168539,0,0,541,789,23,5421,12,2644,11,12
"1036","2020-05-27",112,12,228,356,6675,0.193707865168539,0,0,541,789,17,5438,14,2658,9,14
"1037","2020-05-28",108,12,251,343,6675,0.193707865168539,0,0,541,789,24,5462,8,2666,11,8
"1038","2020-05-29",110,12,255,311,6675,0.193707865168539,0,0,541,789,26,5488,15,2681,15,15
"1039","2020-05-30",103,12,260,304,6675,0.193707865168539,0,0,541,789,13,5501,19,2700,7,19
"1040","2020-05-31",98,12,254,289,6675,0.193707865168539,0,0,541,789,18,5519,50,2750,8,50
"1041","2020-06-01",91,12,241,280,6675,0.193707865168539,0,0,541,789,15,5534,47,2797,6,47
"1042","2020-06-02",86,12,246,263,6675,0.193707865168539,0,0,541,789,18,5552,25,2822,3,25
"1043","2020-06-03",87,12,248,263,6675,0.193707865168539,0,0,541,789,20,5572,11,2833,13,11
"1044","2020-06-04",83,12,249,252,6675,0.193707865168539,0,0,541,789,15,5587,12,2845,6,12
"1045","2020-06-05",75,12,241,242,6675,0.193707865168539,0,0,541,789,17,5604,40,2885,8,40
"1046","2020-06-06",77,12,239,236,6675,0.193707865168539,0,0,541,789,13,5617,24,2909,10,24
"1047","2020-06-07",78,12,229,227,6675,0.193707865168539,0,0,541,789,16,5633,71,2980,10,71
"1048","2020-03-13",1,13,108,66,3152,0.334073604060914,0,0,282,992,63,180,7,26,11,7
"1049","2020-03-14",4,13,128,91,3152,0.334073604060914,0,0,282,992,61,241,23,49,16,23
"1050","2020-03-15",11,13,143,127,3152,0.334073604060914,0,0,282,992,71,312,16,65,22,16
"1051","2020-03-16",18,13,159,156,3152,0.334073604060914,0,0,282,992,77,389,6,71,38,6
"1052","2020-03-17",23,13,166,183,3152,0.334073604060914,0,0,282,992,67,456,9,80,18,9
"1053","2020-03-18",34,13,186,220,3152,0.334073604060914,0,0,282,992,76,532,8,88,30,8
"1054","2020-03-19",44,13,204,255,3152,0.334073604060914,0,0,282,992,86,618,7,95,50,7
"1055","2020-03-20",49,13,215,271,3152,0.334073604060914,0,0,282,992,97,715,10,105,53,10
"1056","2020-03-21",52,13,208,303,3152,0.334073604060914,0,0,282,992,113,828,23,128,61,23
"1057","2020-03-22",59,13,215,327,3152,0.334073604060914,0,0,282,992,85,913,34,162,40,34
"1058","2020-03-23",69,13,200,345,3152,0.334073604060914,0,0,282,992,87,1000,12,174,45,12
"1059","2020-03-24",84,13,201,365,3152,0.334073604060914,0,0,282,992,95,1095,11,185,54,11
"1060","2020-03-25",89,13,204,376,3152,0.334073604060914,0,0,282,992,86,1181,15,200,38,15
"1061","2020-03-26",96,13,227,376,3152,0.334073604060914,0,0,282,992,78,1259,11,211,40,11
"1062","2020-03-27",108,13,229,389,3152,0.334073604060914,0,0,282,992,110,1369,11,222,55,11
"1063","2020-03-28",116,13,218,392,3152,0.334073604060914,0,0,282,992,93,1462,21,243,40,21
"1064","2020-03-29",120,13,221,401,3152,0.334073604060914,0,0,282,992,73,1535,24,267,24,24
"1065","2020-03-30",117,13,214,409,3152,0.334073604060914,0,0,282,992,77,1612,39,306,27,39
"1066","2020-03-31",120,13,218,405,3152,0.334073604060914,0,0,282,992,111,1723,35,341,60,35
"1067","2020-04-01",114,13,246,409,3152,0.334073604060914,0,0,282,992,93,1816,39,380,35,39
"1068","2020-04-02",111,13,284,418,3152,0.334073604060914,0,0,282,992,77,1893,45,425,39,45
"1069","2020-04-03",110,13,258,422,3152,0.334073604060914,0,0,282,992,77,1970,24,449,33,24
"1070","2020-04-04",113,13,260,428,3152,0.334073604060914,0,0,282,992,54,2024,46,495,16,46
"1071","2020-04-05",108,13,263,444,3152,0.334073604060914,0,0,282,992,71,2095,25,520,23,25
"1072","2020-04-06",110,13,277,444,3152,0.334073604060914,0,0,282,992,76,2171,57,577,22,57
"1073","2020-04-07",102,13,263,459,3152,0.334073604060914,0,0,282,992,74,2245,36,613,25,36
"1074","2020-04-08",115,13,261,467,3152,0.334073604060914,0,0,282,992,58,2303,36,649,16,36
"1075","2020-04-09",112,13,280,459,3152,0.334073604060914,0,0,282,992,72,2375,24,673,13,24
"1076","2020-04-10",115,13,286,481,3152,0.334073604060914,0,0,282,992,64,2439,21,694,16,21
"1077","2020-04-11",114,13,294,499,3152,0.334073604060914,0,0,282,992,72,2511,24,718,23,24
"1078","2020-04-12",123,13,290,489,3152,0.334073604060914,0,0,282,992,82,2593,44,762,27,44
"1079","2020-04-13",131,13,268,480,3152,0.334073604060914,0,0,282,992,71,2664,24,786,20,24
"1080","2020-04-14",129,13,246,492,3152,0.334073604060914,0,0,282,992,80,2744,19,805,18,19
"1081","2020-04-15",124,13,237,504,3152,0.334073604060914,0,0,282,992,76,2820,34,839,25,34
"1082","2020-04-16",127,13,267,487,3152,0.334073604060914,0,0,282,992,78,2898,27,866,29,27
"1083","2020-04-17",125,13,253,488,3152,0.334073604060914,0,0,282,992,79,2977,33,899,25,33
"1084","2020-04-18",132,13,308,480,3152,0.334073604060914,0,0,282,992,58,3035,29,928,12,29
"1085","2020-04-19",129,13,301,477,3152,0.334073604060914,0,0,282,992,58,3093,15,943,16,15
"1086","2020-04-20",119,13,314,478,3152,0.334073604060914,0,0,282,992,65,3158,19,962,13,19
"1087","2020-04-21",128,13,288,474,3152,0.334073604060914,0,0,282,992,69,3227,43,1005,22,43
"1088","2020-04-22",131,13,313,465,3152,0.334073604060914,0,0,282,992,57,3284,26,1031,13,26
"1089","2020-04-23",130,13,332,461,3152,0.334073604060914,0,0,282,992,63,3347,13,1044,16,13
"1090","2020-04-24",133,13,327,466,3152,0.334073604060914,0,0,282,992,58,3405,10,1054,13,10
"1091","2020-04-25",128,13,325,468,3152,0.334073604060914,0,0,282,992,76,3481,21,1075,19,21
"1092","2020-04-26",126,13,319,469,3152,0.334073604060914,0,0,282,992,72,3553,29,1104,16,29
"1093","2020-04-27",128,13,326,464,3152,0.334073604060914,0,0,282,992,64,3617,26,1130,17,26
"1094","2020-04-28",120,13,323,482,3152,0.334073604060914,0,0,282,992,70,3687,19,1149,17,19
"1095","2020-04-29",114,13,315,473,3152,0.334073604060914,0,0,282,992,72,3759,36,1185,25,36
"1096","2020-04-30",118,13,280,446,3152,0.334073604060914,0,0,282,992,66,3825,40,1225,13,40
"1097","2020-05-01",112,13,253,439,3152,0.334073604060914,0,0,282,992,56,3881,20,1245,14,20
"1098","2020-05-02",114,13,280,433,3152,0.334073604060914,0,0,282,992,56,3937,21,1266,13,21
"1099","2020-05-03",122,13,288,432,3152,0.334073604060914,0,0,282,992,63,4000,42,1308,19,42
"1100","2020-05-04",124,13,271,422,3152,0.334073604060914,0,0,282,992,53,4053,15,1323,11,15
"1101","2020-05-05",125,13,277,416,3152,0.334073604060914,0,0,282,992,53,4106,28,1351,11,28
"1102","2020-05-06",125,13,319,401,3152,0.334073604060914,0,0,282,992,58,4164,38,1389,15,38
"1103","2020-05-07",121,13,318,393,3152,0.334073604060914,0,0,282,992,50,4214,22,1411,16,22
"1104","2020-05-08",120,13,339,394,3152,0.334073604060914,0,0,282,992,41,4255,52,1463,14,52
"1105","2020-05-09",117,13,341,395,3152,0.334073604060914,0,0,282,992,44,4299,24,1487,12,24
"1106","2020-05-10",106,13,377,381,3152,0.334073604060914,0,0,282,992,58,4357,43,1530,12,43
"1107","2020-05-11",107,13,383,378,3152,0.334073604060914,0,0,282,992,35,4392,55,1585,7,55
"1108","2020-05-12",113,13,346,376,3152,0.334073604060914,0,0,282,992,51,4443,44,1629,11,44
"1109","2020-05-13",117,13,361,372,3152,0.334073604060914,0,0,282,992,30,4473,19,1648,6,19
"1110","2020-05-14",118,13,346,367,3152,0.334073604060914,0,0,282,992,40,4513,15,1663,12,15
"1111","2020-05-15",121,13,340,368,3152,0.334073604060914,0,0,282,992,37,4550,15,1678,9,15
"1112","2020-05-16",123,13,319,359,3152,0.334073604060914,0,0,282,992,42,4592,9,1687,9,9
"1113","2020-05-17",125,13,308,354,3152,0.334073604060914,0,0,282,992,37,4629,8,1695,4,8
"1114","2020-05-18",122,13,292,352,3152,0.334073604060914,0,0,282,992,34,4663,39,1734,6,39
"1115","2020-05-19",118,13,287,354,3152,0.334073604060914,0,0,282,992,20,4683,45,1779,4,45
"1116","2020-05-20",116,13,291,348,3152,0.334073604060914,0,0,282,992,32,4715,20,1799,11,20
"1117","2020-05-21",125,13,303,346,3152,0.334073604060914,0,0,282,992,26,4741,19,1818,3,19
"1118","2020-05-22",121,13,289,343,3152,0.334073604060914,0,0,282,992,25,4766,20,1838,4,20
"1119","2020-05-23",115,13,303,351,3152,0.334073604060914,0,0,282,992,35,4801,40,1878,9,40
"1120","2020-05-24",111,13,303,338,3152,0.334073604060914,0,0,282,992,38,4839,42,1920,12,42
"1121","2020-05-25",109,13,293,338,3152,0.334073604060914,0,0,282,992,23,4862,37,1957,9,37
"1122","2020-05-26",100,13,278,319,3152,0.334073604060914,0,0,282,992,27,4889,33,1990,8,33
"1123","2020-05-27",103,13,283,311,3152,0.334073604060914,0,0,282,992,17,4906,26,2016,3,26
"1124","2020-05-28",91,13,298,297,3152,0.334073604060914,0,0,282,992,13,4919,18,2034,4,18
"1125","2020-05-29",92,13,302,280,3152,0.334073604060914,0,0,282,992,27,4946,32,2066,9,32
"1126","2020-05-30",93,13,318,279,3152,0.334073604060914,0,0,282,992,24,4970,26,2092,6,26
"1127","2020-05-31",91,13,302,270,3152,0.334073604060914,0,0,282,992,19,4989,20,2112,7,20
"1128","2020-06-01",88,13,289,251,3152,0.334073604060914,0,0,282,992,19,5008,44,2156,4,44
"1129","2020-06-02",91,13,288,237,3152,0.334073604060914,0,0,282,992,25,5033,40,2196,4,40
"1130","2020-06-03",80,13,270,226,3152,0.334073604060914,0,0,282,992,22,5055,16,2212,5,16
"1131","2020-06-04",73,13,258,214,3152,0.334073604060914,0,0,282,992,13,5068,27,2239,NA,27
"1132","2020-06-05",66,13,260,227,3152,0.334073604060914,0,0,282,992,15,5083,24,2263,3,24
"1133","2020-06-06",55,13,270,208,3152,0.334073604060914,0,0,282,992,10,5093,7,2270,1,7
"1134","2020-06-07",51,13,282,198,3152,0.334073604060914,0,0,282,992,12,5105,11,2281,2,11
"1135","2020-03-11",1,14,36,23,7132,0.80440269209198,0,0,558,1289,39,43,30,38,3,30
"1136","2020-03-12",1,14,54,52,7132,0.80440269209198,0,0,558,1289,46,89,12,50,17,12
"1137","2020-03-13",2,14,80,88,7132,0.80440269209198,0,0,558,1289,53,142,6,56,21,6
"1138","2020-03-14",8,14,95,132,7132,0.80440269209198,0,0,558,1289,67,209,10,66,39,10
"1139","2020-03-15",11,14,119,187,7132,0.80440269209198,0,0,558,1289,87,296,63,129,54,63
"1140","2020-03-16",18,14,157,245,7132,0.80440269209198,0,0,558,1289,112,408,59,188,78,59
"1141","2020-03-17",27,14,171,312,7132,0.80440269209198,0,0,558,1289,141,549,33,221,113,33
"1142","2020-03-18",39,14,151,400,7132,0.80440269209198,0,0,558,1289,247,796,41,262,218,41
"1143","2020-03-19",52,14,154,494,7132,0.80440269209198,0,0,558,1289,229,1025,37,299,194,37
"1144","2020-03-20",76,14,187,595,7132,0.80440269209198,0,0,558,1289,349,1374,16,315,313,16
"1145","2020-03-21",92,14,216,708,7132,0.80440269209198,0,0,558,1289,341,1715,34,349,308,34
"1146","2020-03-22",105,14,214,821,7132,0.80440269209198,0,0,558,1289,431,2146,16,365,398,16
"1147","2020-03-23",127,14,222,919,7132,0.80440269209198,0,0,558,1289,534,2680,46,411,498,46
"1148","2020-03-24",154,14,210,1045,7132,0.80440269209198,0,0,558,1289,462,3142,56,467,440,56
"1149","2020-03-25",181,14,211,1182,7132,0.80440269209198,0,0,558,1289,611,3753,33,500,577,33
"1150","2020-03-26",222,14,222,1312,7132,0.80440269209198,0,0,558,1289,472,4225,42,542,451,42
"1151","2020-03-27",249,14,241,1422,7132,0.80440269209198,0,0,558,1289,616,4841,16,558,590,16
"1152","2020-03-28",273,14,255,1562,7132,0.80440269209198,0,0,558,1289,448,5289,11,569,440,11
"1153","2020-03-29",321,14,258,1678,7132,0.80440269209198,0,0,558,1289,342,5631,8,577,327,8
"1154","2020-03-30",363,14,241,1785,7132,0.80440269209198,0,0,558,1289,418,6049,6,583,404,6
"1155","2020-03-31",395,14,226,1884,7132,0.80440269209198,0,0,558,1289,299,6348,4,587,281,4
"1156","2020-04-01",424,14,213,1966,7132,0.80440269209198,0,0,558,1289,193,6541,6,593,186,6
"1157","2020-04-02",450,14,209,2063,7132,0.80440269209198,0,0,558,1289,220,6761,12,605,210,12
"1158","2020-04-03",470,14,199,2094,7132,0.80440269209198,0,0,558,1289,155,6916,65,670,150,65
"1159","2020-04-04",509,14,210,2170,7132,0.80440269209198,0,0,558,1289,138,7054,32,702,135,32
"1160","2020-04-05",536,14,212,2231,7132,0.80440269209198,0,0,558,1289,135,7189,26,728,128,26
"1161","2020-04-06",542,14,225,2237,7132,0.80440269209198,0,0,558,1289,97,7286,39,767,94,39
"1162","2020-04-07",547,14,249,2210,7132,0.80440269209198,0,0,558,1289,71,7357,18,785,65,18
"1163","2020-04-08",564,14,287,2200,7132,0.80440269209198,0,0,558,1289,62,7419,24,809,54,24
"1164","2020-04-09",568,14,284,2159,7132,0.80440269209198,0,0,558,1289,57,7476,14,823,56,14
"1165","2020-04-10",594,14,258,2109,7132,0.80440269209198,0,0,558,1289,34,7510,4,827,32,4
"1166","2020-04-11",601,14,260,2062,7132,0.80440269209198,0,0,558,1289,36,7546,9,836,31,9
"1167","2020-04-12",594,14,244,1987,7132,0.80440269209198,0,0,558,1289,20,7566,14,850,17,14
"1168","2020-04-13",600,14,238,1879,7132,0.80440269209198,0,0,558,1289,20,7586,12,862,17,12
"1169","2020-04-14",613,14,262,1800,7132,0.80440269209198,0,0,558,1289,18,7604,12,874,15,12
"1170","2020-04-15",608,14,263,1754,7132,0.80440269209198,0,0,558,1289,11,7615,13,887,7,13
"1171","2020-04-16",594,14,267,1685,7132,0.80440269209198,0,0,558,1289,9,7624,59,946,7,59
"1172","2020-04-17",575,14,280,1587,7132,0.80440269209198,0,0,558,1289,12,7636,35,981,9,35
"1173","2020-04-18",537,14,253,1507,7132,0.80440269209198,0,0,558,1289,7,7643,13,994,7,13
"1174","2020-04-19",503,14,248,1387,7132,0.80440269209198,0,0,558,1289,4,7647,8,1002,3,8
"1175","2020-04-20",483,14,245,1293,7132,0.80440269209198,0,0,558,1289,5,7652,30,1032,3,30
"1176","2020-04-21",452,14,252,1204,7132,0.80440269209198,0,0,558,1289,10,7662,22,1054,6,22
"1177","2020-04-22",420,14,273,1131,7132,0.80440269209198,0,0,558,1289,5,7667,43,1097,3,43
"1178","2020-04-23",396,14,273,1044,7132,0.80440269209198,0,0,558,1289,6,7673,42,1139,4,42
"1179","2020-04-24",356,14,277,953,7132,0.80440269209198,0,0,558,1289,3,7676,23,1162,1,23
"1180","2020-04-25",341,14,278,891,7132,0.80440269209198,0,0,558,1289,6,7682,15,1177,4,15
"1181","2020-04-26",338,14,255,813,7132,0.80440269209198,0,0,558,1289,2,7684,4,1181,2,4
"1182","2020-04-27",306,14,254,729,7132,0.80440269209198,0,0,558,1289,4,7688,16,1197,3,16
"1183","2020-04-28",277,14,230,675,7132,0.80440269209198,0,0,558,1289,2,7690,12,1209,1,12
"1184","2020-04-29",251,14,238,633,7132,0.80440269209198,0,0,558,1289,3,7693,12,1221,1,12
"1185","2020-04-30",236,14,229,573,7132,0.80440269209198,0,0,558,1289,3,7696,7,1228,2,7
"1186","2020-05-01",221,14,222,541,7132,0.80440269209198,0,0,558,1289,6,7702,6,1234,3,6
"1187","2020-05-02",208,14,236,514,7132,0.80440269209198,0,0,558,1289,8,7710,9,1243,3,9
"1188","2020-05-03",182,14,228,480,7132,0.80440269209198,0,0,558,1289,2,7712,7,1250,1,7
"1189","2020-05-04",165,14,230,468,7132,0.80440269209198,0,0,558,1289,8,7720,16,1266,5,16
"1190","2020-05-05",161,14,241,443,7132,0.80440269209198,0,0,558,1289,3,7723,30,1296,1,30
"1191","2020-05-06",160,14,234,418,7132,0.80440269209198,0,0,558,1289,4,7727,19,1315,2,19
"1192","2020-05-07",140,14,210,399,7132,0.80440269209198,0,0,558,1289,6,7733,12,1327,3,12
"1193","2020-05-08",135,14,228,385,7132,0.80440269209198,0,0,558,1289,3,7736,19,1346,2,19
"1194","2020-05-09",117,14,214,360,7132,0.80440269209198,0,0,558,1289,2,7738,15,1361,2,15
"1195","2020-05-10",115,14,209,338,7132,0.80440269209198,0,0,558,1289,6,7744,16,1377,3,16
"1196","2020-05-11",115,14,191,326,7132,0.80440269209198,0,0,558,1289,2,7746,6,1383,1,6
"1197","2020-05-12",112,14,221,310,7132,0.80440269209198,0,0,558,1289,5,7751,8,1391,3,8
"1198","2020-05-13",96,14,218,297,7132,0.80440269209198,0,0,558,1289,3,7754,19,1410,3,19
"1199","2020-05-14",98,14,225,287,7132,0.80440269209198,0,0,558,1289,2,7756,26,1436,NA,26
"1200","2020-05-15",92,14,259,286,7132,0.80440269209198,0,0,558,1289,3,7759,32,1468,1,32
"1201","2020-05-16",95,14,302,264,7132,0.80440269209198,0,0,558,1289,2,7761,25,1493,1,25
"1202","2020-05-17",90,14,305,259,7132,0.80440269209198,0,0,558,1289,4,7765,17,1510,4,17
"1203","2020-05-18",82,14,295,248,7132,0.80440269209198,0,0,558,1289,2,7767,16,1526,NA,16
"1204","2020-05-19",71,14,281,235,7132,0.80440269209198,0,0,558,1289,2,7769,16,1542,2,16
"1205","2020-05-20",69,14,275,228,7132,0.80440269209198,0,0,558,1289,4,7773,21,1563,1,21
"1206","2020-05-21",72,14,279,219,7132,0.80440269209198,0,0,558,1289,3,7776,21,1584,2,21
"1207","2020-05-22",66,14,289,205,7132,0.80440269209198,0,0,558,1289,4,7780,8,1592,2,8
"1208","2020-05-23",59,14,283,194,7132,0.80440269209198,0,0,558,1289,NA,NA,28,1620,NA,28
"1209","2020-05-24",54,14,261,189,7132,0.80440269209198,0,0,558,1289,2,7782,29,1649,NA,29
"1210","2020-05-25",52,14,254,175,7132,0.80440269209198,0,0,558,1289,3,7785,16,1665,1,16
"1211","2020-05-26",51,14,239,171,7132,0.80440269209198,0,0,558,1289,2,7787,19,1684,1,19
"1212","2020-05-27",51,14,228,164,7132,0.80440269209198,0,0,558,1289,NA,NA,20,1704,NA,20
"1213","2020-05-28",40,14,200,153,7132,0.80440269209198,0,0,558,1289,1,7788,10,1714,1,10
"1214","2020-05-29",39,14,192,133,7132,0.80440269209198,0,0,558,1289,2,7790,18,1732,NA,18
"1215","2020-05-30",40,14,170,128,7132,0.80440269209198,0,0,558,1289,3,7793,70,1802,1,70
"1216","2020-05-31",40,14,182,129,7132,0.80440269209198,0,0,558,1289,NA,NA,19,1821,NA,19
"1217","2020-06-01",43,14,203,123,7132,0.80440269209198,0,0,558,1289,NA,NA,14,1835,NA,14
"1218","2020-06-02",43,14,217,122,7132,0.80440269209198,0,0,558,1289,NA,NA,9,1844,NA,9
"1219","2020-06-03",43,14,216,122,7132,0.80440269209198,0,0,558,1289,NA,NA,9,1853,NA,9
"1220","2020-06-04",40,14,242,117,7132,0.80440269209198,0,0,558,1289,2,7795,6,1859,2,6
"1221","2020-06-05",37,14,243,116,7132,0.80440269209198,0,0,558,1289,1,7796,13,1872,NA,13
"1222","2020-06-06",36,14,242,118,7132,0.80440269209198,0,0,558,1289,NA,NA,39,1911,NA,39
"1223","2020-06-07",28,14,280,120,7132,0.80440269209198,0,0,558,1289,2,7798,33,1944,1,33
"1224","2020-03-13",9,15,279,376,9497,0.738233126250395,0,0,851,1974,88,268,24,46,6,24
"1225","2020-03-14",20,15,284,582,9497,0.738233126250395,0,0,851,1974,97,365,10,56,17,10
"1226","2020-03-15",39,15,324,823,9497,0.738233126250395,0,0,851,1974,115,480,15,71,17,15
"1227","2020-03-16",61,15,316,1145,9497,0.738233126250395,0,0,851,1974,110,590,30,101,38,30
"1228","2020-03-17",85,15,281,1608,9497,0.738233126250395,0,0,851,1974,91,681,10,111,17,10
"1229","2020-03-18",130,15,323,2095,9497,0.738233126250395,0,0,851,1974,121,802,12,123,38,12
"1230","2020-03-19",196,15,310,2666,9497,0.738233126250395,0,0,851,1974,105,907,13,136,38,13
"1231","2020-03-20",263,15,302,3283,9497,0.738233126250395,0,0,851,1974,113,1020,39,175,39,39
"1232","2020-03-21",364,15,261,3843,9497,0.738233126250395,0,0,851,1974,119,1139,20,195,38,20
"1233","2020-03-22",485,15,227,4613,9497,0.738233126250395,0,0,851,1974,132,1271,30,225,34,30
"1234","2020-03-23",640,15,199,5012,9497,0.738233126250395,0,0,851,1974,121,1392,19,244,40,19
"1235","2020-03-24",843,15,181,5305,9497,0.738233126250395,0,0,851,1974,113,1505,18,262,39,18
"1236","2020-03-25",1017,15,159,5512,9497,0.738233126250395,0,0,851,1974,120,1625,15,277,51,15
"1237","2020-03-26",1210,15,148,5512,9497,0.738233126250395,0,0,851,1974,108,1733,39,316,33,39
"1238","2020-03-27",1363,15,149,5414,9497,0.738233126250395,0,0,851,1974,125,1858,44,360,47,44
"1239","2020-03-28",1503,15,176,5232,9497,0.738233126250395,0,0,851,1974,139,1997,17,377,45,17
"1240","2020-03-29",1581,15,253,4926,9497,0.738233126250395,0,0,851,1974,122,2119,33,410,38,33
"1241","2020-03-30",1610,15,275,4586,9497,0.738233126250395,0,0,851,1974,109,2228,38,448,28,38
"1242","2020-03-31",1566,15,286,4222,9497,0.738233126250395,0,0,851,1974,106,2334,61,509,34,61
"1243","2020-04-01",1511,15,260,3784,9497,0.738233126250395,0,0,851,1974,119,2453,52,561,31,52
"1244","2020-04-02",1415,15,260,3356,9497,0.738233126250395,0,0,851,1974,102,2555,27,588,23,27
"1245","2020-04-03",1305,15,245,2893,9497,0.738233126250395,0,0,851,1974,106,2661,44,632,31,44
"1246","2020-04-04",1149,15,227,2482,9497,0.738233126250395,0,0,851,1974,87,2748,30,662,30,30
"1247","2020-04-05",1018,15,228,2100,9497,0.738233126250395,0,0,851,1974,86,2834,23,685,18,23
"1248","2020-04-06",868,15,240,1755,9497,0.738233126250395,0,0,851,1974,122,2956,26,711,32,26
"1249","2020-04-07",744,15,249,1467,9497,0.738233126250395,0,0,851,1974,105,3061,55,766,28,55
"1250","2020-04-08",625,15,229,1227,9497,0.738233126250395,0,0,851,1974,107,3168,25,791,21,25
"1251","2020-04-09",500,15,261,1043,9497,0.738233126250395,0,0,851,1974,100,3268,20,811,25,20
"1252","2020-04-10",419,15,257,863,9497,0.738233126250395,0,0,851,1974,94,3362,25,836,25,25
"1253","2020-04-11",344,15,229,723,9497,0.738233126250395,0,0,851,1974,107,3469,46,882,19,46
"1254","2020-04-12",273,15,211,587,9497,0.738233126250395,0,0,851,1974,85,3554,31,913,24,31
"1255","2020-04-13",239,15,195,487,9497,0.738233126250395,0,0,851,1974,115,3669,31,944,26,31
"1256","2020-04-14",191,15,187,419,9497,0.738233126250395,0,0,851,1974,97,3766,23,967,26,23
"1257","2020-04-15",160,15,181,358,9497,0.738233126250395,0,0,851,1974,83,3849,10,977,18,10
"1258","2020-04-16",126,15,184,301,9497,0.738233126250395,0,0,851,1974,97,3946,18,995,21,18
"1259","2020-04-17",95,15,177,266,9497,0.738233126250395,0,0,851,1974,74,4020,40,1035,17,40
"1260","2020-04-18",82,15,161,227,9497,0.738233126250395,0,0,851,1974,78,4098,17,1052,19,17
"1261","2020-04-19",69,15,170,187,9497,0.738233126250395,0,0,851,1974,91,4189,17,1069,17,17
"1262","2020-04-20",52,15,248,168,9497,0.738233126250395,0,0,851,1974,87,4276,18,1087,17,18
"1263","2020-04-21",45,15,254,145,9497,0.738233126250395,0,0,851,1974,76,4352,21,1108,15,21
"1264","2020-04-22",34,15,232,131,9497,0.738233126250395,0,0,851,1974,88,4440,25,1133,27,25
"1265","2020-04-23",31,15,211,112,9497,0.738233126250395,0,0,851,1974,97,4537,18,1151,22,18
"1266","2020-04-24",28,15,203,102,9497,0.738233126250395,0,0,851,1974,73,4610,22,1173,9,22
"1267","2020-04-25",22,15,197,90,9497,0.738233126250395,0,0,851,1974,86,4696,56,1229,17,56
"1268","2020-04-26",23,15,207,80,9497,0.738233126250395,0,0,851,1974,66,4762,24,1253,8,24
"1269","2020-04-27",21,15,230,71,9497,0.738233126250395,0,0,851,1974,78,4840,20,1273,18,20
"1270","2020-04-28",20,15,230,68,9497,0.738233126250395,0,0,851,1974,64,4904,44,1317,9,44
"1271","2020-04-29",18,15,238,62,9497,0.738233126250395,0,0,851,1974,62,4966,34,1351,14,34
"1272","2020-04-30",19,15,216,64,9497,0.738233126250395,0,0,851,1974,76,5042,12,1363,15,12
"1273","2020-05-01",18,15,210,64,9497,0.738233126250395,0,0,851,1974,58,5100,16,1379,15,16
"1274","2020-05-02",16,15,209,66,9497,0.738233126250395,0,0,851,1974,66,5166,36,1415,14,36
"1275","2020-05-03",13,15,212,59,9497,0.738233126250395,0,0,851,1974,70,5236,18,1433,7,18
"1276","2020-05-04",12,15,227,59,9497,0.738233126250395,0,0,851,1974,54,5290,24,1457,10,24
"1277","2020-05-05",11,15,218,57,9497,0.738233126250395,0,0,851,1974,56,5346,33,1490,16,33
"1278","2020-05-06",14,15,222,56,9497,0.738233126250395,0,0,851,1974,43,5389,50,1540,8,50
"1279","2020-05-07",14,15,257,52,9497,0.738233126250395,0,0,851,1974,58,5447,68,1608,6,69
"1280","2020-05-08",12,15,250,50,9497,0.738233126250395,0,0,851,1974,64,5511,36,1644,8,36
"1281","2020-05-09",14,15,237,42,9497,0.738233126250395,0,0,851,1974,57,5568,58,1702,2,58
"1282","2020-05-10",13,15,242,37,9497,0.738233126250395,0,0,851,1974,30,5598,57,1759,2,57
"1283","2020-05-11",11,15,320,39,9497,0.738233126250395,0,0,851,1974,50,5648,34,1793,11,34
"1284","2020-05-12",10,15,360,39,9497,0.738233126250395,0,0,851,1974,55,5703,54,1847,5,54
"1285","2020-05-13",6,15,375,34,9497,0.738233126250395,0,0,851,1974,36,5739,31,1878,7,31
"1286","2020-05-14",4,15,330,29,9497,0.738233126250395,0,0,851,1974,44,5783,64,1942,6,64
"1287","2020-05-15",4,15,316,31,9497,0.738233126250395,0,0,851,1974,48,5831,40,1982,8,40
"1288","2020-05-16",3,15,281,32,9497,0.738233126250395,0,0,851,1974,31,5862,32,2014,3,32
"1289","2020-05-17",4,15,278,28,9497,0.738233126250395,0,0,851,1974,44,5906,24,2038,6,24
"1290","2020-05-18",5,15,277,28,9497,0.738233126250395,0,0,851,1974,32,5938,21,2059,4,21
"1291","2020-05-19",5,15,255,24,9497,0.738233126250395,0,0,851,1974,35,5973,21,2080,6,21
"1292","2020-05-20",7,15,233,23,9497,0.738233126250395,0,0,851,1974,26,5999,53,2133,8,53
"1293","2020-05-21",7,15,235,24,9497,0.738233126250395,0,0,851,1974,40,6039,21,2154,5,21
"1294","2020-05-22",6,15,231,24,9497,0.738233126250395,0,0,851,1974,21,6060,15,2169,1,15
"1295","2020-05-23",6,15,280,22,9497,0.738233126250395,0,0,851,1974,29,6089,33,2202,1,33
"1296","2020-05-24",5,15,291,21,9497,0.738233126250395,0,0,851,1974,39,6128,20,2222,10,20
"1297","2020-05-25",5,15,272,20,9497,0.738233126250395,0,0,851,1974,23,6151,54,2276,3,54
"1298","2020-05-26",5,15,250,22,9497,0.738233126250395,0,0,851,1974,22,6173,36,2312,4,36
"1299","2020-05-27",3,15,233,21,9497,0.738233126250395,0,0,851,1974,22,6195,20,2332,2,20
"1300","2020-05-28",4,15,216,20,9497,0.738233126250395,0,0,851,1974,25,6220,32,2364,2,32
"1301","2020-05-29",4,15,207,22,9497,0.738233126250395,0,0,851,1974,14,6234,22,2386,3,22
"1302","2020-05-30",3,15,219,20,9497,0.738233126250395,0,0,851,1974,35,6269,50,2436,5,50
"1303","2020-05-31",5,15,218,23,9497,0.738233126250395,0,0,851,1974,20,6289,34,2470,3,34
"1304","2020-06-01",5,15,246,23,9497,0.738233126250395,0,0,851,1974,21,6310,44,2514,2,44
"1305","2020-06-02",6,15,274,23,9497,0.738233126250395,0,0,851,1974,21,6331,26,2540,3,26
"1306","2020-06-03",6,15,263,17,9497,0.738233126250395,0,0,851,1974,16,6347,36,2576,NA,36
"1307","2020-06-04",7,15,302,16,9497,0.738233126250395,0,0,851,1974,16,6363,19,2595,4,19
"1308","2020-06-05",7,15,301,14,9497,0.738233126250395,0,0,851,1974,12,6375,13,2608,1,13
"1309","2020-06-06",9,15,258,15,9497,0.738233126250395,0,0,851,1974,15,6390,7,2615,3,7
"1310","2020-06-07",7,15,239,12,9497,0.738233126250395,0,0,851,1974,8,6398,8,2623,NA,8
"1311","2020-03-13",4,16,153,96,4024,0.428677932405567,0,0,353,1579,66,192,42,159,9,42
"1312","2020-03-14",9,16,194,129,4024,0.428677932405567,0,0,353,1579,63,255,30,189,17,30
"1313","2020-03-15",15,16,220,172,4024,0.428677932405567,0,0,353,1579,61,316,78,267,13,78
"1314","2020-03-16",24,16,234,206,4024,0.428677932405567,0,0,353,1579,78,394,63,330,18,63
"1315","2020-03-17",31,16,270,247,4024,0.428677932405567,0,0,353,1579,99,493,72,402,34,72
"1316","2020-03-18",41,16,292,285,4024,0.428677932405567,0,0,353,1579,75,568,38,440,21,38
"1317","2020-03-19",52,16,278,337,4024,0.428677932405567,0,0,353,1579,98,666,51,491,36,51
"1318","2020-03-20",70,16,273,365,4024,0.428677932405567,0,0,353,1579,83,749,42,533,39,42
"1319","2020-03-21",77,16,237,381,4024,0.428677932405567,0,0,353,1579,94,843,50,583,44,50
"1320","2020-03-22",94,16,215,412,4024,0.428677932405567,0,0,353,1579,112,955,47,630,39,47
"1321","2020-03-23",106,16,246,447,4024,0.428677932405567,0,0,353,1579,104,1059,37,667,39,37
"1322","2020-03-24",120,16,263,479,4024,0.428677932405567,0,0,353,1579,89,1148,37,704,33,37
"1323","2020-03-25",130,16,274,490,4024,0.428677932405567,0,0,353,1579,105,1253,63,767,49,63
"1324","2020-03-26",135,16,244,531,4024,0.428677932405567,0,0,353,1579,118,1371,46,813,47,46
"1325","2020-03-27",126,16,200,547,4024,0.428677932405567,0,0,353,1579,117,1488,66,879,49,66
"1326","2020-03-28",125,16,183,553,4024,0.428677932405567,0,0,353,1579,81,1569,58,937,31,58
"1327","2020-03-29",128,16,175,558,4024,0.428677932405567,0,0,353,1579,103,1672,65,1002,44,65
"1328","2020-03-30",123,16,179,555,4024,0.428677932405567,0,0,353,1579,101,1773,53,1055,45,53
"1329","2020-03-31",120,16,225,545,4024,0.428677932405567,0,0,353,1579,112,1885,61,1116,51,61
"1330","2020-04-01",121,16,230,559,4024,0.428677932405567,0,0,353,1579,90,1975,48,1164,33,48
"1331","2020-04-02",123,16,204,560,4024,0.428677932405567,0,0,353,1579,109,2084,36,1200,42,36
"1332","2020-04-03",126,16,201,559,4024,0.428677932405567,0,0,353,1579,90,2174,38,1238,29,38
"1333","2020-04-04",139,16,186,583,4024,0.428677932405567,0,0,353,1579,103,2277,32,1270,37,32
"1334","2020-04-05",133,16,221,604,4024,0.428677932405567,0,0,353,1579,82,2359,42,1312,28,42
"1335","2020-04-06",135,16,219,600,4024,0.428677932405567,0,0,353,1579,115,2474,38,1350,53,38
"1336","2020-04-07",136,16,224,629,4024,0.428677932405567,0,0,353,1579,86,2560,32,1382,34,32
"1337","2020-04-08",145,16,224,630,4024,0.428677932405567,0,0,353,1579,89,2649,35,1417,29,35
"1338","2020-04-09",148,16,229,633,4024,0.428677932405567,0,0,353,1579,87,2736,52,1469,30,52
"1339","2020-04-10",158,16,285,665,4024,0.428677932405567,0,0,353,1579,114,2850,35,1504,55,35
"1340","2020-04-11",152,16,281,661,4024,0.428677932405567,0,0,353,1579,87,2937,67,1571,38,67
"1341","2020-04-12",166,16,273,667,4024,0.428677932405567,0,0,353,1579,99,3036,49,1620,43,49
"1342","2020-04-13",186,16,309,654,4024,0.428677932405567,0,0,353,1579,88,3124,31,1651,35,31
"1343","2020-04-14",193,16,297,652,4024,0.428677932405567,0,0,353,1579,68,3192,53,1704,24,53
"1344","2020-04-15",189,16,283,669,4024,0.428677932405567,0,0,353,1579,101,3293,36,1740,29,36
"1345","2020-04-16",195,16,259,662,4024,0.428677932405567,0,0,353,1579,88,3381,24,1764,34,24
"1346","2020-04-17",198,16,245,657,4024,0.428677932405567,0,0,353,1579,91,3472,32,1796,29,32
"1347","2020-04-18",202,16,263,637,4024,0.428677932405567,0,0,353,1579,76,3548,36,1832,18,36
"1348","2020-04-19",187,16,266,639,4024,0.428677932405567,0,0,353,1579,90,3638,27,1859,30,27
"1349","2020-04-20",180,16,250,620,4024,0.428677932405567,0,0,353,1579,90,3728,52,1911,25,52
"1350","2020-04-21",182,16,264,604,4024,0.428677932405567,0,0,353,1579,95,3823,63,1974,30,63
"1351","2020-04-22",180,16,246,584,4024,0.428677932405567,0,0,353,1579,86,3909,40,2014,30,40
"1352","2020-04-23",182,16,253,565,4024,0.428677932405567,0,0,353,1579,81,3990,32,2046,17,32
"1353","2020-04-24",170,16,243,552,4024,0.428677932405567,0,0,353,1579,78,4068,45,2091,22,45
"1354","2020-04-25",173,16,237,545,4024,0.428677932405567,0,0,353,1579,71,4139,25,2116,17,25
"1355","2020-04-26",173,16,260,548,4024,0.428677932405567,0,0,353,1579,62,4201,37,2153,19,37
"1356","2020-04-27",167,16,262,553,4024,0.428677932405567,0,0,353,1579,65,4266,50,2203,19,50
"1357","2020-04-28",163,16,257,525,4024,0.428677932405567,0,0,353,1579,80,4346,29,2232,21,29
"1358","2020-04-29",163,16,274,526,4024,0.428677932405567,0,0,353,1579,60,4406,36,2268,14,36
"1359","2020-04-30",156,16,295,519,4024,0.428677932405567,0,0,353,1579,60,4466,30,2298,12,30
"1360","2020-05-01",150,16,291,533,4024,0.428677932405567,0,0,353,1579,64,4530,25,2323,18,25
"1361","2020-05-02",137,16,277,522,4024,0.428677932405567,0,0,353,1579,49,4579,28,2351,9,28
"1362","2020-05-03",146,16,256,534,4024,0.428677932405567,0,0,353,1579,63,4642,42,2393,20,42
"1363","2020-05-04",147,16,249,516,4024,0.428677932405567,0,0,353,1579,65,4707,29,2422,20,29
"1364","2020-05-05",139,16,251,537,4024,0.428677932405567,0,0,353,1579,52,4759,30,2452,13,30
"1365","2020-05-06",133,16,277,579,4024,0.428677932405567,0,0,353,1579,50,4809,27,2479,12,27
"1366","2020-05-07",133,16,272,577,4024,0.428677932405567,0,0,353,1579,49,4858,35,2514,12,35
"1367","2020-05-08",149,16,255,584,4024,0.428677932405567,0,0,353,1579,47,4905,38,2552,11,38
"1368","2020-05-09",171,16,256,558,4024,0.428677932405567,0,0,353,1579,53,4958,56,2608,13,56
"1369","2020-05-10",167,16,252,562,4024,0.428677932405567,0,0,353,1579,50,5008,44,2652,14,44
"1370","2020-05-11",171,16,245,565,4024,0.428677932405567,0,0,353,1579,46,5054,53,2705,11,53
"1371","2020-05-12",173,16,242,542,4024,0.428677932405567,0,0,353,1579,40,5094,59,2764,6,59
"1372","2020-05-13",178,16,251,536,4024,0.428677932405567,0,0,353,1579,43,5137,47,2811,9,47
"1373","2020-05-14",175,16,265,524,4024,0.428677932405567,0,0,353,1579,42,5179,43,2854,17,43
"1374","2020-05-15",176,16,274,508,4024,0.428677932405567,0,0,353,1579,32,5211,43,2897,8,43
"1375","2020-05-16",158,16,270,491,4024,0.428677932405567,0,0,353,1579,45,5256,38,2935,15,38
"1376","2020-05-17",151,16,242,484,4024,0.428677932405567,0,0,353,1579,42,5298,36,2971,6,36
"1377","2020-05-18",144,16,249,468,4024,0.428677932405567,0,0,353,1579,47,5345,26,2997,9,26
"1378","2020-05-19",141,16,221,432,4024,0.428677932405567,0,0,353,1579,30,5375,35,3032,8,35
"1379","2020-05-20",135,16,228,406,4024,0.428677932405567,0,0,353,1579,35,5410,33,3065,11,33
"1380","2020-05-21",134,16,228,385,4024,0.428677932405567,0,0,353,1579,36,5446,32,3097,11,32
"1381","2020-05-22",122,16,224,376,4024,0.428677932405567,0,0,353,1579,28,5474,29,3126,7,29
"1382","2020-05-23",118,16,240,376,4024,0.428677932405567,0,0,353,1579,37,5511,39,3165,6,39
"1383","2020-05-24",114,16,236,360,4024,0.428677932405567,0,0,353,1579,33,5544,55,3220,14,55
"1384","2020-05-25",102,16,265,357,4024,0.428677932405567,0,0,353,1579,26,5570,37,3257,7,37
"1385","2020-05-26",104,16,268,347,4024,0.428677932405567,0,0,353,1579,20,5590,41,3298,8,41
"1386","2020-05-27",98,16,319,337,4024,0.428677932405567,0,0,353,1579,29,5619,50,3348,9,50
"1387","2020-05-28",93,16,306,335,4024,0.428677932405567,0,0,353,1579,26,5645,56,3404,6,56
"1388","2020-05-29",93,16,304,329,4024,0.428677932405567,0,0,353,1579,22,5667,40,3444,4,40
"1389","2020-05-30",95,16,288,317,4024,0.428677932405567,0,0,353,1579,21,5688,76,3520,4,76
"1390","2020-05-31",91,16,276,303,4024,0.428677932405567,0,0,353,1579,20,5708,52,3572,1,52
"1391","2020-06-01",93,16,263,285,4024,0.428677932405567,0,0,353,1579,29,5737,48,3620,10,48
"1392","2020-06-02",88,16,243,271,4024,0.428677932405567,0,0,353,1579,16,5753,51,3671,2,51
"1393","2020-06-03",90,16,222,257,4024,0.428677932405567,0,0,353,1579,22,5775,44,3715,4,44
"1394","2020-06-04",97,16,237,247,4024,0.428677932405567,0,0,353,1579,21,5796,41,3756,3,41
"1395","2020-06-05",91,16,231,236,4024,0.428677932405567,0,0,353,1579,16,5812,44,3800,4,44
"1396","2020-06-06",87,16,227,230,4024,0.428677932405567,0,0,353,1579,14,5826,39,3839,6,39
"1397","2020-06-07",89,16,206,216,4024,0.428677932405567,0,0,353,1579,15,5841,28,3867,4,28
"1398","2020-03-13",4,17,143,162,5381,0.178219661772905,0,0,457,1168,27,66,13,67,17,13
"1399","2020-03-14",11,17,161,221,5381,0.178219661772905,0,0,457,1168,23,89,15,82,18,15
"1400","2020-03-15",19,17,196,287,5381,0.178219661772905,0,0,457,1168,38,127,12,94,29,12
"1401","2020-03-16",30,17,262,347,5381,0.178219661772905,0,0,457,1168,53,180,10,104,46,10
"1402","2020-03-17",39,17,247,416,5381,0.178219661772905,0,0,457,1168,86,266,15,119,78,15
"1403","2020-03-18",59,17,259,471,5381,0.178219661772905,0,0,457,1168,76,342,50,169,66,50
"1404","2020-03-19",84,17,241,523,5381,0.178219661772905,0,0,457,1168,97,439,19,188,94,19
"1405","2020-03-20",105,17,219,561,5381,0.178219661772905,0,0,457,1168,125,564,45,233,116,45
"1406","2020-03-21",114,17,193,621,5381,0.178219661772905,0,0,457,1168,192,756,27,260,182,27
"1407","2020-03-22",133,17,194,685,5381,0.178219661772905,0,0,457,1168,200,956,33,293,193,33
"1408","2020-03-23",149,17,183,712,5381,0.178219661772905,0,0,457,1168,218,1174,30,323,210,30
"1409","2020-03-24",170,17,220,724,5381,0.178219661772905,0,0,457,1168,213,1387,35,358,203,35
"1410","2020-03-25",178,17,221,732,5381,0.178219661772905,0,0,457,1168,301,1688,19,377,294,19
"1411","2020-03-26",184,17,235,747,5381,0.178219661772905,0,0,457,1168,301,1989,16,393,287,16
"1412","2020-03-27",191,17,254,757,5381,0.178219661772905,0,0,457,1168,417,2406,11,404,405,11
"1413","2020-03-28",210,17,253,754,5381,0.178219661772905,0,0,457,1168,324,2730,41,445,314,41
"1414","2020-03-29",215,17,245,749,5381,0.178219661772905,0,0,457,1168,419,3149,24,469,413,24
"1415","2020-03-30",222,17,255,760,5381,0.178219661772905,0,0,457,1168,419,3568,10,479,413,10
"1416","2020-03-31",214,17,237,753,5381,0.178219661772905,0,0,457,1168,413,3981,10,489,407,10
"1417","2020-04-01",221,17,223,755,5381,0.178219661772905,0,0,457,1168,472,4453,13,502,464,13
"1418","2020-04-02",220,17,214,760,5381,0.178219661772905,0,0,457,1168,358,4811,58,560,355,58
"1419","2020-04-03",228,17,213,756,5381,0.178219661772905,0,0,457,1168,361,5172,63,623,355,63
"1420","2020-04-04",230,17,248,765,5381,0.178219661772905,0,0,457,1168,331,5503,22,645,329,22
"1421","2020-04-05",217,17,252,785,5381,0.178219661772905,0,0,457,1168,238,5741,34,679,232,34
"1422","2020-04-06",211,17,226,775,5381,0.178219661772905,0,0,457,1168,270,6011,48,727,265,48
"1423","2020-04-07",223,17,205,774,5381,0.178219661772905,0,0,457,1168,252,6263,53,780,249,53
"1424","2020-04-08",212,17,179,760,5381,0.178219661772905,0,0,457,1168,164,6427,30,810,161,30
"1425","2020-04-09",216,17,171,778,5381,0.178219661772905,0,0,457,1168,192,6619,21,831,190,21
"1426","2020-04-10",204,17,175,784,5381,0.178219661772905,0,0,457,1168,131,6750,37,868,129,37
"1427","2020-04-11",204,17,197,788,5381,0.178219661772905,0,0,457,1168,96,6846,14,882,93,14
"1428","2020-04-12",210,17,203,798,5381,0.178219661772905,0,0,457,1168,88,6934,15,897,83,15
"1429","2020-04-13",205,17,192,792,5381,0.178219661772905,0,0,457,1168,95,7029,5,902,94,5
"1430","2020-04-14",203,17,185,802,5381,0.178219661772905,0,0,457,1168,53,7082,14,916,49,14
"1431","2020-04-15",210,17,175,791,5381,0.178219661772905,0,0,457,1168,58,7140,31,947,55,31
"1432","2020-04-16",214,17,180,794,5381,0.178219661772905,0,0,457,1168,25,7165,24,971,25,24
"1433","2020-04-17",215,17,197,788,5381,0.178219661772905,0,0,457,1168,40,7205,18,989,40,18
"1434","2020-04-18",209,17,205,799,5381,0.178219661772905,0,0,457,1168,36,7241,46,1035,33,46
"1435","2020-04-19",217,17,230,801,5381,0.178219661772905,0,0,457,1168,21,7262,29,1064,19,29
"1436","2020-04-20",220,17,229,800,5381,0.178219661772905,0,0,457,1168,18,7280,28,1092,17,28
"1437","2020-04-21",219,17,222,806,5381,0.178219661772905,0,0,457,1168,15,7295,31,1123,13,31
"1438","2020-04-22",221,17,226,816,5381,0.178219661772905,0,0,457,1168,19,7314,30,1153,18,30
"1439","2020-04-23",216,17,263,825,5381,0.178219661772905,0,0,457,1168,14,7328,59,1212,13,59
"1440","2020-04-24",213,17,263,830,5381,0.178219661772905,0,0,457,1168,21,7349,30,1242,18,30
"1441","2020-04-25",212,17,309,815,5381,0.178219661772905,0,0,457,1168,13,7362,37,1279,11,37
"1442","2020-04-26",206,17,301,819,5381,0.178219661772905,0,0,457,1168,10,7372,30,1309,9,30
"1443","2020-04-27",213,17,284,811,5381,0.178219661772905,0,0,457,1168,9,7381,16,1325,6,16
"1444","2020-04-28",217,17,286,791,5381,0.178219661772905,0,0,457,1168,7,7388,18,1343,6,18
"1445","2020-04-29",208,17,270,785,5381,0.178219661772905,0,0,457,1168,5,7393,53,1396,4,53
"1446","2020-04-30",205,17,251,779,5381,0.178219661772905,0,0,457,1168,6,7399,45,1441,4,45
"1447","2020-05-01",210,17,236,763,5381,0.178219661772905,0,0,457,1168,2,7401,25,1466,2,25
"1448","2020-05-02",213,17,246,746,5381,0.178219661772905,0,0,457,1168,3,7404,75,1541,2,75
"1449","2020-05-03",215,17,241,726,5381,0.178219661772905,0,0,457,1168,8,7412,45,1586,5,45
"1450","2020-05-04",215,17,216,729,5381,0.178219661772905,0,0,457,1168,2,7414,36,1622,2,36
"1451","2020-05-05",212,17,224,718,5381,0.178219661772905,0,0,457,1168,7,7421,51,1673,3,51
"1452","2020-05-06",218,17,230,699,5381,0.178219661772905,0,0,457,1168,5,7426,30,1703,2,30
"1453","2020-05-07",232,17,237,679,5381,0.178219661772905,0,0,457,1168,3,7429,26,1729,3,26
"1454","2020-05-08",233,17,233,660,5381,0.178219661772905,0,0,457,1168,5,7434,40,1769,3,40
"1455","2020-05-09",222,17,228,634,5381,0.178219661772905,0,0,457,1168,2,7436,29,1798,1,29
"1456","2020-05-10",224,17,211,614,5381,0.178219661772905,0,0,457,1168,7,7443,29,1827,3,29
"1457","2020-05-11",211,17,200,598,5381,0.178219661772905,0,0,457,1168,5,7448,38,1865,4,38
"1458","2020-05-12",202,17,192,597,5381,0.178219661772905,0,0,457,1168,7,7455,20,1885,5,20
"1459","2020-05-13",192,17,217,606,5381,0.178219661772905,0,0,457,1168,2,7457,22,1907,2,22
"1460","2020-05-14",173,17,232,592,5381,0.178219661772905,0,0,457,1168,2,7459,14,1921,2,14
"1461","2020-05-15",171,17,229,586,5381,0.178219661772905,0,0,457,1168,4,7463,13,1934,3,13
"1462","2020-05-16",174,17,232,558,5381,0.178219661772905,0,0,457,1168,5,7468,15,1949,5,15
"1463","2020-05-17",158,17,227,529,5381,0.178219661772905,0,0,457,1168,2,7470,22,1971,NA,22
"1464","2020-05-18",160,17,236,503,5381,0.178219661772905,0,0,457,1168,3,7473,52,2023,2,52
"1465","2020-05-19",155,17,259,520,5381,0.178219661772905,0,0,457,1168,NA,NA,26,2049,NA,26
"1466","2020-05-20",146,17,257,523,5381,0.178219661772905,0,0,457,1168,2,7475,70,2119,1,70
"1467","2020-05-21",146,17,236,502,5381,0.178219661772905,0,0,457,1168,2,7477,34,2153,2,34
"1468","2020-05-22",127,17,218,478,5381,0.178219661772905,0,0,457,1168,4,7481,21,2174,2,21
"1469","2020-05-23",125,17,201,458,5381,0.178219661772905,0,0,457,1168,3,7484,42,2216,2,42
"1470","2020-05-24",133,17,200,435,5381,0.178219661772905,0,0,457,1168,2,7486,38,2254,1,38
"1471","2020-05-25",134,17,223,430,5381,0.178219661772905,0,0,457,1168,2,7488,54,2308,2,54
"1472","2020-05-26",122,17,215,410,5381,0.178219661772905,0,0,457,1168,3,7491,26,2334,3,26
"1473","2020-05-27",130,17,229,400,5381,0.178219661772905,0,0,457,1168,3,7494,46,2380,2,46
"1474","2020-05-28",115,17,216,381,5381,0.178219661772905,0,0,457,1168,1,7495,30,2410,1,30
"1475","2020-05-29",123,17,223,364,5381,0.178219661772905,0,0,457,1168,NA,NA,37,2447,NA,37
"1476","2020-05-30",115,17,203,365,5381,0.178219661772905,0,0,457,1168,2,7497,22,2469,1,22
"1477","2020-05-31",111,17,180,337,5381,0.178219661772905,0,0,457,1168,1,7498,9,2478,1,9
"1478","2020-06-01",96,17,173,326,5381,0.178219661772905,0,0,457,1168,3,7501,40,2518,1,40
"1479","2020-06-02",106,17,196,308,5381,0.178219661772905,0,0,457,1168,1,7502,33,2551,1,33
"1480","2020-06-03",95,17,207,292,5381,0.178219661772905,0,0,457,1168,2,7504,37,2588,2,37
"1481","2020-06-04",94,17,261,276,5381,0.178219661772905,0,0,457,1168,NA,NA,22,2610,NA,22
"1482","2020-06-05",85,17,258,258,5381,0.178219661772905,0,0,457,1168,2,7506,16,2626,1,16
"1483","2020-06-06",84,17,262,246,5381,0.178219661772905,0,0,457,1168,1,7507,20,2646,1,20
"1484","2020-06-07",77,17,272,227,5381,0.178219661772905,0,0,457,1168,2,7509,19,2665,2,19
"1485","2020-03-13",3,18,223,84,4415,0.481766704416761,0,0,380,1462,21,55,13,34,4,13
"1486","2020-03-14",7,18,235,127,4415,0.481766704416761,0,0,380,1462,26,81,33,67,5,33
"1487","2020-03-15",10,18,201,160,4415,0.481766704416761,0,0,380,1462,25,106,20,87,15,20
"1488","2020-03-16",16,18,228,197,4415,0.481766704416761,0,0,380,1462,26,132,38,125,10,38
"1489","2020-03-17",22,18,252,232,4415,0.481766704416761,0,0,380,1462,24,156,23,148,7,23
"1490","2020-03-18",33,18,251,264,4415,0.481766704416761,0,0,380,1462,24,180,22,170,11,22
"1491","2020-03-19",41,18,235,299,4415,0.481766704416761,0,0,380,1462,25,205,17,187,13,17
"1492","2020-03-20",50,18,213,337,4415,0.481766704416761,0,0,380,1462,29,234,7,194,17,7
"1493","2020-03-21",60,18,195,374,4415,0.481766704416761,0,0,380,1462,37,271,13,207,21,13
"1494","2020-03-22",69,18,172,415,4415,0.481766704416761,0,0,380,1462,38,309,8,215,18,8
"1495","2020-03-23",74,18,142,444,4415,0.481766704416761,0,0,380,1462,36,345,5,220,21,5
"1496","2020-03-24",88,18,151,455,4415,0.481766704416761,0,0,380,1462,24,369,8,228,8,8
"1497","2020-03-25",97,18,173,493,4415,0.481766704416761,0,0,380,1462,47,416,4,232,26,4
"1498","2020-03-26",108,18,170,524,4415,0.481766704416761,0,0,380,1462,40,456,50,282,27,50
"1499","2020-03-27",120,18,157,531,4415,0.481766704416761,0,0,380,1462,35,491,58,340,16,58
"1500","2020-03-28",134,18,167,558,4415,0.481766704416761,0,0,380,1462,47,538,52,392,26,52
"1501","2020-03-29",142,18,163,584,4415,0.481766704416761,0,0,380,1462,31,569,41,433,19,41
"1502","2020-03-30",160,18,232,609,4415,0.481766704416761,0,0,380,1462,31,600,20,453,18,20
"1503","2020-03-31",160,18,260,634,4415,0.481766704416761,0,0,380,1462,35,635,11,464,18,11
"1504","2020-04-01",168,18,244,656,4415,0.481766704416761,0,0,380,1462,37,672,12,476,21,12
"1505","2020-04-02",177,18,228,666,4415,0.481766704416761,0,0,380,1462,33,705,15,491,16,15
"1506","2020-04-03",182,18,252,652,4415,0.481766704416761,0,0,380,1462,48,753,9,500,25,9
"1507","2020-04-04",184,18,240,674,4415,0.481766704416761,0,0,380,1462,32,785,37,537,16,37
"1508","2020-04-05",190,18,225,699,4415,0.481766704416761,0,0,380,1462,42,827,48,585,22,48
"1509","2020-04-06",182,18,235,718,4415,0.481766704416761,0,0,380,1462,37,864,23,608,15,23
"1510","2020-04-07",182,18,245,735,4415,0.481766704416761,0,0,380,1462,37,901,19,627,16,19
"1511","2020-04-08",187,18,210,741,4415,0.481766704416761,0,0,380,1462,30,931,39,666,17,39
"1512","2020-04-09",194,18,241,737,4415,0.481766704416761,0,0,380,1462,39,970,49,715,22,49
"1513","2020-04-10",198,18,242,749,4415,0.481766704416761,0,0,380,1462,26,996,39,754,8,39
"1514","2020-04-11",203,18,229,759,4415,0.481766704416761,0,0,380,1462,43,1039,15,769,18,15
"1515","2020-04-12",213,18,232,768,4415,0.481766704416761,0,0,380,1462,32,1071,12,781,11,12
"1516","2020-04-13",216,18,233,787,4415,0.481766704416761,0,0,380,1462,32,1103,8,789,10,8
"1517","2020-04-14",221,18,243,771,4415,0.481766704416761,0,0,380,1462,38,1141,12,801,21,12
"1518","2020-04-15",214,18,231,777,4415,0.481766704416761,0,0,380,1462,45,1186,45,846,23,45
"1519","2020-04-16",215,18,246,763,4415,0.481766704416761,0,0,380,1462,38,1224,20,866,17,20
"1520","2020-04-17",207,18,239,767,4415,0.481766704416761,0,0,380,1462,35,1259,15,881,12,15
"1521","2020-04-18",199,18,213,764,4415,0.481766704416761,0,0,380,1462,40,1299,44,925,24,44
"1522","2020-04-19",184,18,211,740,4415,0.481766704416761,0,0,380,1462,41,1340,32,957,14,32
"1523","2020-04-20",193,18,258,738,4415,0.481766704416761,0,0,380,1462,34,1374,17,974,12,17
"1524","2020-04-21",205,18,243,718,4415,0.481766704416761,0,0,380,1462,34,1408,14,988,14,14
"1525","2020-04-22",207,18,226,705,4415,0.481766704416761,0,0,380,1462,34,1442,19,1007,14,19
"1526","2020-04-23",198,18,217,707,4415,0.481766704416761,0,0,380,1462,31,1473,15,1022,10,15
"1527","2020-04-24",196,18,209,694,4415,0.481766704416761,0,0,380,1462,29,1502,34,1056,10,34
"1528","2020-04-25",202,18,187,682,4415,0.481766704416761,0,0,380,1462,21,1523,33,1089,8,33
"1529","2020-04-26",203,18,180,665,4415,0.481766704416761,0,0,380,1462,30,1553,37,1126,8,37
"1530","2020-04-27",191,18,190,668,4415,0.481766704416761,0,0,380,1462,37,1590,42,1168,10,42
"1531","2020-04-28",190,18,182,640,4415,0.481766704416761,0,0,380,1462,33,1623,59,1227,9,59
"1532","2020-04-29",197,18,187,654,4415,0.481766704416761,0,0,380,1462,29,1652,40,1267,12,40
"1533","2020-04-30",187,18,229,661,4415,0.481766704416761,0,0,380,1462,42,1694,31,1298,16,31
"1534","2020-05-01",187,18,223,655,4415,0.481766704416761,0,0,380,1462,30,1724,16,1314,16,16
"1535","2020-05-02",170,18,226,652,4415,0.481766704416761,0,0,380,1462,42,1766,28,1342,22,28
"1536","2020-05-03",174,18,274,624,4415,0.481766704416761,0,0,380,1462,32,1798,23,1365,17,23
"1537","2020-05-04",178,18,262,624,4415,0.481766704416761,0,0,380,1462,27,1825,28,1393,13,28
"1538","2020-05-05",170,18,254,597,4415,0.481766704416761,0,0,380,1462,38,1863,13,1406,10,13
"1539","2020-05-06",159,18,236,583,4415,0.481766704416761,0,0,380,1462,29,1892,8,1414,13,8
"1540","2020-05-07",169,18,255,560,4415,0.481766704416761,0,0,380,1462,33,1925,13,1427,17,13
"1541","2020-05-08",173,18,269,567,4415,0.481766704416761,0,0,380,1462,32,1957,10,1437,13,10
"1542","2020-05-09",177,18,287,565,4415,0.481766704416761,0,0,380,1462,30,1987,35,1472,13,35
"1543","2020-05-10",179,18,274,556,4415,0.481766704416761,0,0,380,1462,32,2019,39,1511,12,39
"1544","2020-05-11",185,18,272,549,4415,0.481766704416761,0,0,380,1462,27,2046,44,1555,8,44
"1545","2020-05-12",185,18,267,534,4415,0.481766704416761,0,0,380,1462,19,2065,19,1574,10,19
"1546","2020-05-13",182,18,241,518,4415,0.481766704416761,0,0,380,1462,29,2094,15,1589,10,15
"1547","2020-05-14",178,18,259,502,4415,0.481766704416761,0,0,380,1462,22,2116,21,1610,9,21
"1548","2020-05-15",166,18,286,495,4415,0.481766704416761,0,0,380,1462,19,2135,36,1646,8,36
"1549","2020-05-16",159,18,307,480,4415,0.481766704416761,0,0,380,1462,22,2157,32,1678,10,32
"1550","2020-05-17",153,18,266,464,4415,0.481766704416761,0,0,380,1462,25,2182,28,1706,7,28
"1551","2020-05-18",147,18,254,445,4415,0.481766704416761,0,0,380,1462,16,2198,22,1728,3,22
"1552","2020-05-19",134,18,281,435,4415,0.481766704416761,0,0,380,1462,20,2218,13,1741,9,13
"1553","2020-05-20",126,18,269,424,4415,0.481766704416761,0,0,380,1462,23,2241,41,1782,11,41
"1554","2020-05-21",118,18,256,416,4415,0.481766704416761,0,0,380,1462,13,2254,25,1807,4,25
"1555","2020-05-22",123,18,230,394,4415,0.481766704416761,0,0,380,1462,14,2268,21,1828,6,21
"1556","2020-05-23",130,18,207,377,4415,0.481766704416761,0,0,380,1462,13,2281,20,1848,6,20
"1557","2020-05-24",123,18,171,345,4415,0.481766704416761,0,0,380,1462,25,2306,32,1880,9,32
"1558","2020-05-25",107,18,173,330,4415,0.481766704416761,0,0,380,1462,21,2327,54,1934,7,54
"1559","2020-05-26",107,18,182,315,4415,0.481766704416761,0,0,380,1462,13,2340,24,1958,6,24
"1560","2020-05-27",106,18,189,301,4415,0.481766704416761,0,0,380,1462,20,2360,44,2002,6,44
"1561","2020-05-28",105,18,186,303,4415,0.481766704416761,0,0,380,1462,20,2380,44,2046,11,44
"1562","2020-05-29",94,18,241,305,4415,0.481766704416761,0,0,380,1462,15,2395,46,2092,6,46
"1563","2020-05-30",84,18,223,302,4415,0.481766704416761,0,0,380,1462,20,2415,45,2137,10,45
"1564","2020-05-31",81,18,235,278,4415,0.481766704416761,0,0,380,1462,16,2431,23,2160,6,23
"1565","2020-06-01",83,18,236,283,4415,0.481766704416761,0,0,380,1462,14,2445,11,2171,5,11
"1566","2020-06-02",81,18,226,263,4415,0.481766704416761,0,0,380,1462,18,2463,35,2206,6,35
"1567","2020-06-03",82,18,209,260,4415,0.481766704416761,0,0,380,1462,17,2480,50,2256,8,50
"1568","2020-06-04",77,18,205,246,4415,0.481766704416761,0,0,380,1462,11,2491,45,2301,6,45
"1569","2020-06-05",74,18,175,228,4415,0.481766704416761,0,0,380,1462,8,2499,20,2321,4,20
"1570","2020-06-06",77,18,160,224,4415,0.481766704416761,0,0,380,1462,11,2510,14,2335,4,14
"1571","2020-06-07",74,18,200,218,4415,0.481766704416761,0,0,380,1462,18,2528,27,2362,11,27
"1572","2020-03-13",2,19,138,159,5146,0.170617955693743,0,0,527,927,61,174,15,69,8,15
"1573","2020-03-14",4,19,132,203,5146,0.170617955693743,0,0,527,927,75,249,50,119,14,50
"1574","2020-03-15",13,19,117,257,5146,0.170617955693743,0,0,527,927,84,333,53,172,27,53
"1575","2020-03-16",22,19,118,314,5146,0.170617955693743,0,0,527,927,63,396,60,232,15,60
"1576","2020-03-17",30,19,146,382,5146,0.170617955693743,0,0,527,927,57,453,71,303,14,71
"1577","2020-03-18",45,19,148,436,5146,0.170617955693743,0,0,527,927,54,507,51,354,12,51
"1578","2020-03-19",64,19,136,468,5146,0.170617955693743,0,0,527,927,73,580,28,382,20,28
"1579","2020-03-20",84,19,168,497,5146,0.170617955693743,0,0,527,927,85,665,16,398,28,16
"1580","2020-03-21",101,19,199,540,5146,0.170617955693743,0,0,527,927,75,740,22,420,23,22
"1581","2020-03-22",117,19,213,588,5146,0.170617955693743,0,0,527,927,84,824,12,432,28,12
"1582","2020-03-23",126,19,211,621,5146,0.170617955693743,0,0,527,927,90,914,20,452,32,20
"1583","2020-03-24",142,19,218,644,5146,0.170617955693743,0,0,527,927,90,1004,48,500,35,48
"1584","2020-03-25",160,19,206,656,5146,0.170617955693743,0,0,527,927,73,1077,26,526,30,26
"1585","2020-03-26",165,19,234,673,5146,0.170617955693743,0,0,527,927,97,1174,18,544,40,18
"1586","2020-03-27",168,19,241,675,5146,0.170617955693743,0,0,527,927,84,1258,14,558,33,14
"1587","2020-03-28",172,19,215,666,5146,0.170617955693743,0,0,527,927,84,1342,13,571,39,13
"1588","2020-03-29",179,19,186,672,5146,0.170617955693743,0,0,527,927,88,1430,12,583,35,12
"1589","2020-03-30",194,19,172,694,5146,0.170617955693743,0,0,527,927,105,1535,71,654,38,71
"1590","2020-03-31",203,19,183,708,5146,0.170617955693743,0,0,527,927,100,1635,59,713,46,59
"1591","2020-04-01",195,19,172,735,5146,0.170617955693743,0,0,527,927,88,1723,28,741,30,28
"1592","2020-04-02",197,19,155,732,5146,0.170617955693743,0,0,527,927,94,1817,22,763,43,22
"1593","2020-04-03",203,19,126,754,5146,0.170617955693743,0,0,527,927,85,1902,9,772,27,9
"1594","2020-04-04",216,19,111,765,5146,0.170617955693743,0,0,527,927,85,1987,13,785,35,13
"1595","2020-04-05",214,19,122,770,5146,0.170617955693743,0,0,527,927,80,2067,10,795,21,10
"1596","2020-04-06",213,19,187,792,5146,0.170617955693743,0,0,527,927,93,2160,9,804,38,9
"1597","2020-04-07",212,19,196,806,5146,0.170617955693743,0,0,527,927,118,2278,14,818,52,14
"1598","2020-04-08",218,19,203,800,5146,0.170617955693743,0,0,527,927,84,2362,6,824,33,6
"1599","2020-04-09",214,19,213,798,5146,0.170617955693743,0,0,527,927,81,2443,7,831,34,7
"1600","2020-04-10",221,19,232,795,5146,0.170617955693743,0,0,527,927,101,2544,11,842,34,11
"1601","2020-04-11",218,19,204,796,5146,0.170617955693743,0,0,527,927,117,2661,11,853,35,11
"1602","2020-04-12",221,19,193,776,5146,0.170617955693743,0,0,527,927,100,2761,21,874,51,21
"1603","2020-04-13",213,19,179,761,5146,0.170617955693743,0,0,527,927,92,2853,85,959,42,85
"1604","2020-04-14",219,19,227,759,5146,0.170617955693743,0,0,527,927,100,2953,54,1013,39,54
"1605","2020-04-15",214,19,263,746,5146,0.170617955693743,0,0,527,927,80,3033,54,1067,34,54
"1606","2020-04-16",223,19,260,746,5146,0.170617955693743,0,0,527,927,84,3117,29,1096,33,29
"1607","2020-04-17",215,19,234,764,5146,0.170617955693743,0,0,527,927,84,3201,36,1132,29,36
"1608","2020-04-18",204,19,217,753,5146,0.170617955693743,0,0,527,927,84,3285,72,1204,30,72
"1609","2020-04-19",195,19,192,750,5146,0.170617955693743,0,0,527,927,49,3334,40,1244,12,40
"1610","2020-04-20",199,19,194,753,5146,0.170617955693743,0,0,527,927,85,3419,41,1285,19,41
"1611","2020-04-21",189,19,200,759,5146,0.170617955693743,0,0,527,927,75,3494,78,1363,19,78
"1612","2020-04-22",196,19,214,742,5146,0.170617955693743,0,0,527,927,67,3561,41,1404,10,41
"1613","2020-04-23",200,19,220,747,5146,0.170617955693743,0,0,527,927,65,3626,25,1429,15,25
"1614","2020-04-24",200,19,216,744,5146,0.170617955693743,0,0,527,927,74,3700,28,1457,14,28
"1615","2020-04-25",211,19,213,769,5146,0.170617955693743,0,0,527,927,60,3760,20,1477,12,20
"1616","2020-04-26",219,19,224,763,5146,0.170617955693743,0,0,527,927,70,3830,15,1492,23,15
"1617","2020-04-27",224,19,250,758,5146,0.170617955693743,0,0,527,927,80,3910,79,1571,17,79
"1618","2020-04-28",221,19,296,760,5146,0.170617955693743,0,0,527,927,63,3973,38,1609,7,38
"1619","2020-04-29",221,19,294,760,5146,0.170617955693743,0,0,527,927,66,4039,46,1655,16,46
"1620","2020-04-30",214,19,301,766,5146,0.170617955693743,0,0,527,927,71,4110,19,1674,17,19
"1621","2020-05-01",208,19,280,753,5146,0.170617955693743,0,0,527,927,53,4163,22,1696,10,22
"1622","2020-05-02",203,19,268,747,5146,0.170617955693743,0,0,527,927,61,4224,24,1720,13,24
"1623","2020-05-03",190,19,232,737,5146,0.170617955693743,0,0,527,927,57,4281,23,1743,5,23
"1624","2020-05-04",185,19,240,727,5146,0.170617955693743,0,0,527,927,56,4337,17,1760,14,17
"1625","2020-05-05",194,19,240,718,5146,0.170617955693743,0,0,527,927,56,4393,43,1803,17,43
"1626","2020-05-06",191,19,250,712,5146,0.170617955693743,0,0,527,927,41,4434,25,1828,8,25
"1627","2020-05-07",181,19,264,684,5146,0.170617955693743,0,0,527,927,44,4478,12,1840,8,12
"1628","2020-05-08",186,19,266,649,5146,0.170617955693743,0,0,527,927,63,4541,32,1872,20,32
"1629","2020-05-09",191,19,294,628,5146,0.170617955693743,0,0,527,927,43,4584,37,1909,11,37
"1630","2020-05-10",194,19,311,621,5146,0.170617955693743,0,0,527,927,52,4636,70,1979,12,70
"1631","2020-05-11",182,19,304,625,5146,0.170617955693743,0,0,527,927,46,4682,52,2031,10,52
"1632","2020-05-12",166,19,263,588,5146,0.170617955693743,0,0,527,927,47,4729,22,2053,6,22
"1633","2020-05-13",165,19,222,582,5146,0.170617955693743,0,0,527,927,39,4768,20,2073,7,20
"1634","2020-05-14",168,19,213,568,5146,0.170617955693743,0,0,527,927,37,4805,36,2109,15,36
"1635","2020-05-15",168,19,238,557,5146,0.170617955693743,0,0,527,927,38,4843,44,2153,15,44
"1636","2020-05-16",164,19,276,538,5146,0.170617955693743,0,0,527,927,36,4879,43,2196,6,43
"1637","2020-05-17",166,19,246,521,5146,0.170617955693743,0,0,527,927,47,4926,26,2222,11,26
"1638","2020-05-18",175,19,223,516,5146,0.170617955693743,0,0,527,927,36,4962,16,2238,4,16
"1639","2020-05-19",179,19,211,503,5146,0.170617955693743,0,0,527,927,31,4993,26,2264,8,26
"1640","2020-05-20",176,19,220,496,5146,0.170617955693743,0,0,527,927,35,5028,14,2278,13,14
"1641","2020-05-21",171,19,251,479,5146,0.170617955693743,0,0,527,927,34,5062,19,2297,5,19
"1642","2020-05-22",155,19,288,462,5146,0.170617955693743,0,0,527,927,20,5082,18,2315,8,18
"1643","2020-05-23",142,19,274,450,5146,0.170617955693743,0,0,527,927,26,5108,18,2333,5,18
"1644","2020-05-24",137,19,269,434,5146,0.170617955693743,0,0,527,927,23,5131,32,2365,6,32
"1645","2020-05-25",133,19,234,423,5146,0.170617955693743,0,0,527,927,22,5153,53,2418,7,53
"1646","2020-05-26",131,19,215,405,5146,0.170617955693743,0,0,527,927,26,5179,34,2452,6,34
"1647","2020-05-27",122,19,245,391,5146,0.170617955693743,0,0,527,927,27,5206,13,2465,4,13
"1648","2020-05-28",118,19,232,366,5146,0.170617955693743,0,0,527,927,25,5231,47,2512,8,47
"1649","2020-05-29",122,19,203,354,5146,0.170617955693743,0,0,527,927,19,5250,32,2544,3,32
"1650","2020-05-30",118,19,185,331,5146,0.170617955693743,0,0,527,927,19,5269,19,2563,1,19
"1651","2020-05-31",112,19,191,315,5146,0.170617955693743,0,0,527,927,23,5292,14,2577,9,14
"1652","2020-06-01",102,19,202,303,5146,0.170617955693743,0,0,527,927,23,5315,51,2628,6,51
"1653","2020-06-02",101,19,219,284,5146,0.170617955693743,0,0,527,927,19,5334,18,2646,4,18
"1654","2020-06-03",90,19,200,277,5146,0.170617955693743,0,0,527,927,24,5358,44,2690,4,44
"1655","2020-06-04",91,19,204,265,5146,0.170617955693743,0,0,527,927,18,5376,18,2708,3,18
"1656","2020-06-05",83,19,206,247,5146,0.170617955693743,0,0,527,927,15,5391,5,2713,5,5
"1657","2020-06-06",77,19,210,245,5146,0.170617955693743,0,0,527,927,10,5401,11,2724,1,11
"1658","2020-06-07",76,19,203,236,5146,0.170617955693743,0,0,527,927,10,5411,20,2744,2,20
"1659","2020-03-13",1,20,195,53,5008,0.811900958466454,0,0,432,1079,17,66,38,90,6,38
"1660","2020-03-14",2,20,255,85,5008,0.811900958466454,0,0,432,1079,25,91,30,120,8,30
"1661","2020-03-15",5,20,267,116,5008,0.811900958466454,0,0,432,1079,36,127,32,152,9,32
"1662","2020-03-16",9,20,260,154,5008,0.811900958466454,0,0,432,1079,29,156,43,195,11,43
"1663","2020-03-17",11,20,231,194,5008,0.811900958466454,0,0,432,1079,27,183,32,227,6,32
"1664","2020-03-18",17,20,210,231,5008,0.811900958466454,0,0,432,1079,38,221,33,260,16,33
"1665","2020-03-19",20,20,200,277,5008,0.811900958466454,0,0,432,1079,39,260,57,317,14,57
"1666","2020-03-20",27,20,184,326,5008,0.811900958466454,0,0,432,1079,24,284,39,356,5,39
"1667","2020-03-21",40,20,182,378,5008,0.811900958466454,0,0,432,1079,45,329,40,396,23,40
"1668","2020-03-22",49,20,187,422,5008,0.811900958466454,0,0,432,1079,34,363,40,436,21,40
"1669","2020-03-23",53,20,219,463,5008,0.811900958466454,0,0,432,1079,37,400,36,472,19,36
"1670","2020-03-24",80,20,250,528,5008,0.811900958466454,0,0,432,1079,32,432,37,509,13,37
"1671","2020-03-25",96,20,251,586,5008,0.811900958466454,0,0,432,1079,41,473,34,543,20,34
"1672","2020-03-26",111,20,272,631,5008,0.811900958466454,0,0,432,1079,32,505,44,587,12,44
"1673","2020-03-27",122,20,251,686,5008,0.811900958466454,0,0,432,1079,41,546,37,624,22,37
"1674","2020-03-28",140,20,237,711,5008,0.811900958466454,0,0,432,1079,34,580,37,661,11,37
"1675","2020-03-29",166,20,231,767,5008,0.811900958466454,0,0,432,1079,39,619,30,691,13,30
"1676","2020-03-30",185,20,241,785,5008,0.811900958466454,0,0,432,1079,43,662,36,727,13,36
"1677","2020-03-31",177,20,270,788,5008,0.811900958466454,0,0,432,1079,39,701,40,767,25,40
"1678","2020-04-01",186,20,261,846,5008,0.811900958466454,0,0,432,1079,39,740,60,827,18,60
"1679","2020-04-02",200,20,245,862,5008,0.811900958466454,0,0,432,1079,45,785,62,889,21,62
"1680","2020-04-03",224,20,265,907,5008,0.811900958466454,0,0,432,1079,37,822,44,933,15,44
"1681","2020-04-04",234,20,264,937,5008,0.811900958466454,0,0,432,1079,42,864,39,972,11,39
"1682","2020-04-05",247,20,277,927,5008,0.811900958466454,0,0,432,1079,49,913,38,1010,21,38
"1683","2020-04-06",258,20,256,945,5008,0.811900958466454,0,0,432,1079,44,957,60,1070,16,60
"1684","2020-04-07",275,20,250,966,5008,0.811900958466454,0,0,432,1079,43,1000,40,1110,13,40
"1685","2020-04-08",277,20,236,975,5008,0.811900958466454,0,0,432,1079,50,1050,41,1151,20,41
"1686","2020-04-09",281,20,263,983,5008,0.811900958466454,0,0,432,1079,35,1085,51,1202,13,51
"1687","2020-04-10",269,20,284,1004,5008,0.811900958466454,0,0,432,1079,52,1137,56,1258,19,56
"1688","2020-04-11",271,20,267,1011,5008,0.811900958466454,0,0,432,1079,47,1184,55,1313,15,55
"1689","2020-04-12",260,20,258,1010,5008,0.811900958466454,0,0,432,1079,35,1219,34,1347,13,34
"1690","2020-04-13",259,20,233,1017,5008,0.811900958466454,0,0,432,1079,40,1259,31,1378,12,31
"1691","2020-04-14",253,20,216,1010,5008,0.811900958466454,0,0,432,1079,52,1311,31,1409,18,31
"1692","2020-04-15",266,20,201,1001,5008,0.811900958466454,0,0,432,1079,47,1358,16,1425,23,16
"1693","2020-04-16",263,20,184,1001,5008,0.811900958466454,0,0,432,1079,44,1402,50,1475,14,50
"1694","2020-04-17",273,20,183,1006,5008,0.811900958466454,0,0,432,1079,50,1452,42,1517,24,42
"1695","2020-04-18",268,20,190,1006,5008,0.811900958466454,0,0,432,1079,34,1486,72,1589,17,72
"1696","2020-04-19",266,20,203,1013,5008,0.811900958466454,0,0,432,1079,40,1526,46,1635,10,46
"1697","2020-04-20",270,20,280,1009,5008,0.811900958466454,0,0,432,1079,48,1574,47,1682,11,47
"1698","2020-04-21",278,20,293,992,5008,0.811900958466454,0,0,432,1079,38,1612,27,1709,14,27
"1699","2020-04-22",271,20,252,965,5008,0.811900958466454,0,0,432,1079,38,1650,63,1772,13,63
"1700","2020-04-23",277,20,244,946,5008,0.811900958466454,0,0,432,1079,40,1690,58,1830,12,58
"1701","2020-04-24",281,20,253,926,5008,0.811900958466454,0,0,432,1079,47,1737,50,1880,19,50
"1702","2020-04-25",295,20,269,935,5008,0.811900958466454,0,0,432,1079,36,1773,44,1924,10,44
"1703","2020-04-26",293,20,266,894,5008,0.811900958466454,0,0,432,1079,48,1821,43,1967,16,43
"1704","2020-04-27",290,20,307,858,5008,0.811900958466454,0,0,432,1079,38,1859,57,2024,11,57
"1705","2020-04-28",281,20,331,840,5008,0.811900958466454,0,0,432,1079,48,1907,42,2066,13,42
"1706","2020-04-29",278,20,338,807,5008,0.811900958466454,0,0,432,1079,36,1943,34,2100,7,34
"1707","2020-04-30",270,20,345,792,5008,0.811900958466454,0,0,432,1079,35,1978,29,2129,7,29
"1708","2020-05-01",258,20,320,742,5008,0.811900958466454,0,0,432,1079,46,2024,28,2157,14,28
"1709","2020-05-02",235,20,307,722,5008,0.811900958466454,0,0,432,1079,26,2050,55,2212,4,55
"1710","2020-05-03",216,20,306,690,5008,0.811900958466454,0,0,432,1079,40,2090,43,2255,17,43
"1711","2020-05-04",208,20,270,665,5008,0.811900958466454,0,0,432,1079,30,2120,34,2289,7,34
"1712","2020-05-05",208,20,248,630,5008,0.811900958466454,0,0,432,1079,38,2158,39,2328,13,39
"1713","2020-05-06",197,20,280,608,5008,0.811900958466454,0,0,432,1079,29,2187,65,2393,6,65
"1714","2020-05-07",186,20,259,597,5008,0.811900958466454,0,0,432,1079,27,2214,51,2444,8,51
"1715","2020-05-08",179,20,245,588,5008,0.811900958466454,0,0,432,1079,42,2256,63,2507,9,63
"1716","2020-05-09",165,20,239,549,5008,0.811900958466454,0,0,432,1079,37,2293,47,2554,16,47
"1717","2020-05-10",174,20,229,532,5008,0.811900958466454,0,0,432,1079,28,2321,74,2628,5,74
"1718","2020-05-11",170,20,211,520,5008,0.811900958466454,0,0,432,1079,31,2352,64,2692,4,64
"1719","2020-05-12",160,20,224,494,5008,0.811900958466454,0,0,432,1079,30,2382,39,2731,3,39
"1720","2020-05-13",162,20,224,486,5008,0.811900958466454,0,0,432,1079,27,2409,53,2784,12,53
"1721","2020-05-14",164,20,207,465,5008,0.811900958466454,0,0,432,1079,35,2444,35,2819,12,35
"1722","2020-05-15",168,20,236,452,5008,0.811900958466454,0,0,432,1079,35,2479,44,2863,9,44
"1723","2020-05-16",169,20,252,431,5008,0.811900958466454,0,0,432,1079,26,2505,43,2906,7,43
"1724","2020-05-17",162,20,252,408,5008,0.811900958466454,0,0,432,1079,31,2536,36,2942,9,36
"1725","2020-05-18",152,20,245,404,5008,0.811900958466454,0,0,432,1079,29,2565,29,2971,7,29
"1726","2020-05-19",150,20,231,381,5008,0.811900958466454,0,0,432,1079,31,2596,38,3009,4,38
"1727","2020-05-20",133,20,216,366,5008,0.811900958466454,0,0,432,1079,28,2624,41,3050,12,41
"1728","2020-05-21",120,20,202,340,5008,0.811900958466454,0,0,432,1079,29,2653,49,3099,5,49
"1729","2020-05-22",103,20,186,318,5008,0.811900958466454,0,0,432,1079,28,2681,34,3133,10,34
"1730","2020-05-23",95,20,212,312,5008,0.811900958466454,0,0,432,1079,36,2717,47,3180,14,47
"1731","2020-05-24",88,20,226,298,5008,0.811900958466454,0,0,432,1079,28,2745,46,3226,13,46
"1732","2020-05-25",84,20,237,278,5008,0.811900958466454,0,0,432,1079,23,2768,34,3260,13,34
"1733","2020-05-26",80,20,266,263,5008,0.811900958466454,0,0,432,1079,19,2787,30,3290,5,30
"1734","2020-05-27",82,20,255,248,5008,0.811900958466454,0,0,432,1079,19,2806,40,3330,12,40
"1735","2020-05-28",77,20,256,246,5008,0.811900958466454,0,0,432,1079,18,2824,51,3381,9,51
"1736","2020-05-29",77,20,268,233,5008,0.811900958466454,0,0,432,1079,19,2843,52,3433,9,52
"1737","2020-05-30",79,20,256,240,5008,0.811900958466454,0,0,432,1079,27,2870,54,3487,9,54
"1738","2020-05-31",75,20,250,244,5008,0.811900958466454,0,0,432,1079,15,2885,27,3514,6,27
"1739","2020-06-01",72,20,267,239,5008,0.811900958466454,0,0,432,1079,16,2901,35,3549,5,35
"1740","2020-06-02",70,20,304,222,5008,0.811900958466454,0,0,432,1079,14,2915,39,3588,7,39
"1741","2020-06-03",65,20,324,213,5008,0.811900958466454,0,0,432,1079,18,2933,38,3626,9,38
"1742","2020-06-04",71,20,341,205,5008,0.811900958466454,0,0,432,1079,16,2949,28,3654,9,28
"1743","2020-06-05",68,20,319,194,5008,0.811900958466454,0,0,432,1079,25,2974,28,3682,11,28
"1744","2020-06-06",63,20,280,186,5008,0.811900958466454,0,0,432,1079,13,2987,55,3737,6,55
"1745","2020-06-07",60,20,250,179,5008,0.811900958466454,0,0,432,1079,16,3003,51,3788,7,51
