"","Date","Absents","Paramset","Infections_or_Exposed_per_day_Patient","Infections_or_Exposed_per_day_HCW","total_infections","nosocomial_proportion","PCR_pooled","LFD_pooled","HCW_symp_test","patient_symp_test","new_hcw_infs","cumulative_hcw_infs","new_pat_infs","cumulative_pats_infs","new_nosocomial_hcw_infs","new_nosocomial_pat_infs"
"1","2020-03-12",1,1,31,94,7849,0.660211491909797,0,0,702,596,46,94,12,18,1,12
"2","2020-03-13",2,1,46,137,7849,0.660211491909797,0,0,702,596,43,137,14,32,5,14
"3","2020-03-14",7,1,64,201,7849,0.660211491909797,0,0,702,596,64,201,13,45,19,13
"4","2020-03-15",19,1,61,253,7849,0.660211491909797,0,0,702,596,52,253,12,57,19,12
"5","2020-03-16",27,1,56,328,7849,0.660211491909797,0,0,702,596,75,328,6,63,32,6
"6","2020-03-17",38,1,84,397,7849,0.660211491909797,0,0,702,596,71,399,28,91,36,28
"7","2020-03-18",53,1,100,478,7849,0.660211491909797,0,0,702,596,85,484,22,113,35,22
"8","2020-03-19",71,1,113,558,7849,0.660211491909797,0,0,702,596,90,574,28,141,47,28
"9","2020-03-20",80,1,118,628,7849,0.660211491909797,0,0,702,596,90,664,21,162,39,21
"10","2020-03-21",97,1,103,758,7849,0.660211491909797,0,0,702,596,151,815,8,170,95,8
"11","2020-03-22",106,1,110,862,7849,0.660211491909797,0,0,702,596,141,956,24,194,107,24
"12","2020-03-23",140,1,126,1005,7849,0.660211491909797,0,0,702,596,174,1130,25,219,132,25
"13","2020-03-24",167,1,141,1121,7849,0.660211491909797,0,0,702,596,170,1300,31,250,129,31
"14","2020-03-25",202,1,152,1252,7849,0.660211491909797,0,0,702,596,182,1482,34,284,142,34
"15","2020-03-26",224,1,139,1398,7849,0.660211491909797,0,0,702,596,202,1684,18,302,169,18
"16","2020-03-27",267,1,121,1524,7849,0.660211491909797,0,0,702,596,200,1884,14,316,161,14
"17","2020-03-28",291,1,132,1670,7849,0.660211491909797,0,0,702,596,227,2111,32,348,184,32
"18","2020-03-29",344,1,136,1782,7849,0.660211491909797,0,0,702,596,206,2317,28,376,166,28
"19","2020-03-30",364,1,129,1900,7849,0.660211491909797,0,0,702,596,204,2521,22,398,159,22
"20","2020-03-31",401,1,125,2033,7849,0.660211491909797,0,0,702,596,267,2788,18,416,228,18
"21","2020-04-01",433,1,135,2161,7849,0.660211491909797,0,0,702,596,242,3030,27,443,199,27
"22","2020-04-02",491,1,147,2198,7849,0.660211491909797,0,0,702,596,191,3221,28,471,155,28
"23","2020-04-03",524,1,137,2281,7849,0.660211491909797,0,0,702,596,229,3450,22,493,187,22
"24","2020-04-04",560,1,161,2318,7849,0.660211491909797,0,0,702,596,211,3661,31,524,168,31
"25","2020-04-05",578,1,176,2366,7849,0.660211491909797,0,0,702,596,229,3890,39,563,185,39
"26","2020-04-06",604,1,202,2461,7849,0.660211491909797,0,0,702,596,286,4176,53,616,252,53
"27","2020-04-07",618,1,225,2471,7849,0.660211491909797,0,0,702,596,196,4372,57,673,162,57
"28","2020-04-08",632,1,235,2458,7849,0.660211491909797,0,0,702,596,190,4562,51,724,162,51
"29","2020-04-09",617,1,246,2451,7849,0.660211491909797,0,0,702,596,186,4748,40,764,167,40
"30","2020-04-10",625,1,257,2432,7849,0.660211491909797,0,0,702,596,210,4958,52,816,181,52
"31","2020-04-11",633,1,256,2388,7849,0.660211491909797,0,0,702,596,159,5117,37,853,134,37
"32","2020-04-12",628,1,236,2328,7849,0.660211491909797,0,0,702,596,144,5261,34,887,120,34
"33","2020-04-13",634,1,214,2271,7849,0.660211491909797,0,0,702,596,161,5422,15,902,135,15
"34","2020-04-14",634,1,184,2145,7849,0.660211491909797,0,0,702,596,111,5533,12,914,93,12
"35","2020-04-15",625,1,165,2022,7849,0.660211491909797,0,0,702,596,122,5655,15,929,95,15
"36","2020-04-16",616,1,169,1938,7849,0.660211491909797,0,0,702,596,121,5776,25,954,102,25
"37","2020-04-17",607,1,164,1767,7849,0.660211491909797,0,0,702,596,69,5845,20,974,53,20
"38","2020-04-18",595,1,159,1654,7849,0.660211491909797,0,0,702,596,93,5938,20,994,74,20
"39","2020-04-19",586,1,160,1550,7849,0.660211491909797,0,0,702,596,81,6019,17,1011,61,17
"40","2020-04-20",551,1,173,1407,7849,0.660211491909797,0,0,702,596,56,6075,40,1051,44,40
"41","2020-04-21",519,1,173,1310,7849,0.660211491909797,0,0,702,596,59,6134,21,1072,43,21
"42","2020-04-22",494,1,170,1211,7849,0.660211491909797,0,0,702,596,57,6191,34,1106,40,34
"43","2020-04-23",453,1,180,1114,7849,0.660211491909797,0,0,702,596,61,6252,34,1140,39,34
"44","2020-04-24",401,1,209,1030,7849,0.660211491909797,0,0,702,596,57,6309,47,1187,39,47
"45","2020-04-25",366,1,216,938,7849,0.660211491909797,0,0,702,596,34,6343,39,1226,21,39
"46","2020-04-26",323,1,205,857,7849,0.660211491909797,0,0,702,596,39,6382,20,1246,25,20
"47","2020-04-27",304,1,190,794,7849,0.660211491909797,0,0,702,596,39,6421,20,1266,23,20
"48","2020-04-28",270,1,200,730,7849,0.660211491909797,0,0,702,596,36,6457,28,1294,21,28
"49","2020-04-29",236,1,213,670,7849,0.660211491909797,0,0,702,596,34,6491,37,1331,18,37
"50","2020-04-30",229,1,228,611,7849,0.660211491909797,0,0,702,596,26,6517,44,1375,17,44
"51","2020-05-01",220,1,222,565,7849,0.660211491909797,0,0,702,596,20,6537,32,1407,12,32
"52","2020-05-02",197,1,212,529,7849,0.660211491909797,0,0,702,596,33,6570,27,1434,14,27
"53","2020-05-03",184,1,191,497,7849,0.660211491909797,0,0,702,596,29,6599,23,1457,16,23
"54","2020-05-04",163,1,181,470,7849,0.660211491909797,0,0,702,596,29,6628,14,1471,15,14
"55","2020-05-05",157,1,160,440,7849,0.660211491909797,0,0,702,596,18,6646,18,1489,10,18
"56","2020-05-06",146,1,142,394,7849,0.660211491909797,0,0,702,596,21,6667,7,1496,7,7
"57","2020-05-07",127,1,140,374,7849,0.660211491909797,0,0,702,596,23,6690,11,1507,12,11
"58","2020-05-08",118,1,152,362,7849,0.660211491909797,0,0,702,596,33,6723,38,1545,9,38
"59","2020-05-09",112,1,153,343,7849,0.660211491909797,0,0,702,596,18,6741,21,1566,10,21
"60","2020-05-10",101,1,140,319,7849,0.660211491909797,0,0,702,596,17,6758,17,1583,5,17
"61","2020-05-11",96,1,122,308,7849,0.660211491909797,0,0,702,596,18,6776,8,1591,6,8
"62","2020-05-12",86,1,133,291,7849,0.660211491909797,0,0,702,596,12,6788,28,1619,7,28
"63","2020-05-13",81,1,150,287,7849,0.660211491909797,0,0,702,596,25,6813,30,1649,8,30
"64","2020-05-14",80,1,165,266,7849,0.660211491909797,0,0,702,596,13,6826,25,1674,4,25
"65","2020-05-15",75,1,161,241,7849,0.660211491909797,0,0,702,596,12,6838,16,1690,4,16
"66","2020-05-16",66,1,156,223,7849,0.660211491909797,0,0,702,596,10,6848,17,1707,3,17
"67","2020-05-17",60,1,150,207,7849,0.660211491909797,0,0,702,596,10,6858,17,1724,2,17
"68","2020-05-18",59,1,167,198,7849,0.660211491909797,0,0,702,596,17,6875,34,1758,8,34
"69","2020-05-19",69,1,183,200,7849,0.660211491909797,0,0,702,596,12,6887,45,1803,2,45
"70","2020-05-20",64,1,184,196,7849,0.660211491909797,0,0,702,596,20,6907,22,1825,9,22
"71","2020-05-21",64,1,193,187,7849,0.660211491909797,0,0,702,596,12,6919,27,1852,2,27
"72","2020-05-22",58,1,210,173,7849,0.660211491909797,0,0,702,596,4,6923,30,1882,2,30
"73","2020-05-23",58,1,204,164,7849,0.660211491909797,0,0,702,596,5,6928,26,1908,1,26
"74","2020-05-24",58,1,224,153,7849,0.660211491909797,0,0,702,596,12,6940,43,1951,2,43
"75","2020-05-25",50,1,232,142,7849,0.660211491909797,0,0,702,596,10,6950,41,1992,3,41
"76","2020-05-26",39,1,217,131,7849,0.660211491909797,0,0,702,596,7,6957,40,2032,3,40
"77","2020-05-27",43,1,198,131,7849,0.660211491909797,0,0,702,596,10,6967,23,2055,1,23
"78","2020-05-28",39,1,172,128,7849,0.660211491909797,0,0,702,596,11,6978,20,2075,7,20
"79","2020-05-29",38,1,175,125,7849,0.660211491909797,0,0,702,596,5,6983,25,2100,1,25
"80","2020-05-30",40,1,178,120,7849,0.660211491909797,0,0,702,596,7,6990,34,2134,3,34
"81","2020-05-31",39,1,183,113,7849,0.660211491909797,0,0,702,596,8,6998,35,2169,6,35
"82","2020-06-01",39,1,201,105,7849,0.660211491909797,0,0,702,596,5,7003,36,2205,1,36
"83","2020-06-02",36,1,194,97,7849,0.660211491909797,0,0,702,596,8,7011,34,2239,3,34
"84","2020-06-03",29,1,187,91,7849,0.660211491909797,0,0,702,596,4,7015,31,2270,3,31
"85","2020-06-04",33,1,177,82,7849,0.660211491909797,0,0,702,596,4,7019,17,2287,1,17
"86","2020-06-05",34,1,168,78,7849,0.660211491909797,0,0,702,596,6,7025,19,2306,2,19
"87","2020-06-06",31,1,167,71,7849,0.660211491909797,0,0,702,596,3,7028,26,2332,1,26
"88","2020-06-07",31,1,163,73,7849,0.660211491909797,0,0,702,596,10,7038,27,2359,3,27
"89","2020-03-13",1,2,37,63,4807,0.61639276055752,0,0,418,445,47,133,17,34,1,17
"90","2020-03-14",5,2,28,97,4807,0.61639276055752,0,0,418,445,59,192,15,49,11,15
"91","2020-03-15",9,2,29,136,4807,0.61639276055752,0,0,418,445,45,237,27,76,8,27
"92","2020-03-16",12,2,29,177,4807,0.61639276055752,0,0,418,445,56,293,26,102,13,26
"93","2020-03-17",20,2,24,215,4807,0.61639276055752,0,0,418,445,55,348,20,122,21,20
"94","2020-03-18",27,2,25,262,4807,0.61639276055752,0,0,418,445,50,398,12,134,25,12
"95","2020-03-19",36,2,31,305,4807,0.61639276055752,0,0,418,445,60,458,30,164,29,30
"96","2020-03-20",52,2,38,356,4807,0.61639276055752,0,0,418,445,54,512,28,192,16,28
"97","2020-03-21",62,2,35,398,4807,0.61639276055752,0,0,418,445,64,576,16,208,29,16
"98","2020-03-22",70,2,52,448,4807,0.61639276055752,0,0,418,445,56,632,9,217,21,9
"99","2020-03-23",84,2,55,475,4807,0.61639276055752,0,0,418,445,54,686,23,240,24,23
"100","2020-03-24",93,2,59,511,4807,0.61639276055752,0,0,418,445,51,737,19,259,18,19
"101","2020-03-25",110,2,61,550,4807,0.61639276055752,0,0,418,445,61,798,20,279,25,20
"102","2020-03-26",116,2,60,614,4807,0.61639276055752,0,0,418,445,60,858,21,300,21,21
"103","2020-03-27",131,2,68,675,4807,0.61639276055752,0,0,418,445,54,912,27,327,22,27
"104","2020-03-28",142,2,68,709,4807,0.61639276055752,0,0,418,445,55,967,44,371,27,44
"105","2020-03-29",158,2,70,738,4807,0.61639276055752,0,0,418,445,49,1016,35,406,22,35
"106","2020-03-30",171,2,76,780,4807,0.61639276055752,0,0,418,445,50,1066,25,431,20,25
"107","2020-03-31",185,2,89,803,4807,0.61639276055752,0,0,418,445,51,1117,31,462,16,31
"108","2020-04-01",187,2,97,830,4807,0.61639276055752,0,0,418,445,38,1155,23,485,5,23
"109","2020-04-02",205,2,113,842,4807,0.61639276055752,0,0,418,445,46,1201,24,509,13,24
"110","2020-04-03",212,2,112,864,4807,0.61639276055752,0,0,418,445,64,1265,21,530,22,21
"111","2020-04-04",218,2,127,882,4807,0.61639276055752,0,0,418,445,56,1321,40,570,17,40
"112","2020-04-05",224,2,124,913,4807,0.61639276055752,0,0,418,445,45,1366,40,610,15,40
"113","2020-04-06",236,2,109,925,4807,0.61639276055752,0,0,418,445,63,1429,26,636,12,26
"114","2020-04-07",242,2,118,933,4807,0.61639276055752,0,0,418,445,52,1481,30,666,11,30
"115","2020-04-08",246,2,125,925,4807,0.61639276055752,0,0,418,445,46,1527,22,688,16,22
"116","2020-04-09",255,2,134,935,4807,0.61639276055752,0,0,418,445,56,1583,32,720,18,32
"117","2020-04-10",248,2,152,908,4807,0.61639276055752,0,0,418,445,57,1640,50,770,14,50
"118","2020-04-11",253,2,166,923,4807,0.61639276055752,0,0,418,445,62,1702,37,807,18,37
"119","2020-04-12",252,2,172,907,4807,0.61639276055752,0,0,418,445,68,1770,28,835,17,28
"120","2020-04-13",236,2,165,912,4807,0.61639276055752,0,0,418,445,53,1823,27,862,14,27
"121","2020-04-14",235,2,181,910,4807,0.61639276055752,0,0,418,445,55,1878,42,904,24,42
"122","2020-04-15",237,2,188,926,4807,0.61639276055752,0,0,418,445,63,1941,39,943,17,39
"123","2020-04-16",243,2,168,902,4807,0.61639276055752,0,0,418,445,62,2003,32,975,17,32
"124","2020-04-17",245,2,139,879,4807,0.61639276055752,0,0,418,445,54,2057,27,1002,15,27
"125","2020-04-18",237,2,137,860,4807,0.61639276055752,0,0,418,445,57,2114,40,1042,12,40
"126","2020-04-19",249,2,141,846,4807,0.61639276055752,0,0,418,445,68,2182,29,1071,23,29
"127","2020-04-20",263,2,143,849,4807,0.61639276055752,0,0,418,445,62,2244,18,1089,22,18
"128","2020-04-21",255,2,178,827,4807,0.61639276055752,0,0,418,445,57,2301,45,1134,19,45
"129","2020-04-22",255,2,179,821,4807,0.61639276055752,0,0,418,445,53,2354,28,1162,16,28
"130","2020-04-23",237,2,163,785,4807,0.61639276055752,0,0,418,445,63,2417,31,1193,25,31
"131","2020-04-24",237,2,174,792,4807,0.61639276055752,0,0,418,445,53,2470,41,1234,17,41
"132","2020-04-25",235,2,170,776,4807,0.61639276055752,0,0,418,445,54,2524,65,1299,20,65
"133","2020-04-26",213,2,160,749,4807,0.61639276055752,0,0,418,445,80,2604,52,1351,22,52
"134","2020-04-27",202,2,148,728,4807,0.61639276055752,0,0,418,445,51,2655,67,1418,16,67
"135","2020-04-28",200,2,169,691,4807,0.61639276055752,0,0,418,445,62,2717,52,1470,12,52
"136","2020-04-29",188,2,166,675,4807,0.61639276055752,0,0,418,445,54,2771,37,1507,19,37
"137","2020-04-30",188,2,163,650,4807,0.61639276055752,0,0,418,445,49,2820,31,1538,12,31
"138","2020-05-01",187,2,135,650,4807,0.61639276055752,0,0,418,445,46,2866,32,1570,11,32
"139","2020-05-02",187,2,124,642,4807,0.61639276055752,0,0,418,445,35,2901,57,1627,10,57
"140","2020-05-03",200,2,123,614,4807,0.61639276055752,0,0,418,445,45,2946,26,1653,16,26
"141","2020-05-04",192,2,131,594,4807,0.61639276055752,0,0,418,445,46,2992,36,1689,11,36
"142","2020-05-05",193,2,131,600,4807,0.61639276055752,0,0,418,445,46,3038,30,1719,9,30
"143","2020-05-06",208,2,139,579,4807,0.61639276055752,0,0,418,445,48,3086,23,1742,9,23
"144","2020-05-07",200,2,161,579,4807,0.61639276055752,0,0,418,445,46,3132,29,1771,14,29
"145","2020-05-08",183,2,190,561,4807,0.61639276055752,0,0,418,445,62,3194,43,1814,18,43
"146","2020-05-09",177,2,168,529,4807,0.61639276055752,0,0,418,445,57,3251,42,1856,14,42
"147","2020-05-10",170,2,178,514,4807,0.61639276055752,0,0,418,445,37,3288,37,1893,9,37
"148","2020-05-11",167,2,199,515,4807,0.61639276055752,0,0,418,445,41,3329,46,1939,9,46
"149","2020-05-12",163,2,202,510,4807,0.61639276055752,0,0,418,445,53,3382,41,1980,22,41
"150","2020-05-13",150,2,182,484,4807,0.61639276055752,0,0,418,445,45,3427,58,2038,12,58
"151","2020-05-14",154,2,205,478,4807,0.61639276055752,0,0,418,445,38,3465,53,2091,13,53
"152","2020-05-15",155,2,203,463,4807,0.61639276055752,0,0,418,445,46,3511,41,2132,6,41
"153","2020-05-16",151,2,179,454,4807,0.61639276055752,0,0,418,445,32,3543,39,2171,10,39
"154","2020-05-17",138,2,156,427,4807,0.61639276055752,0,0,418,445,36,3579,28,2199,14,28
"155","2020-05-18",128,2,134,408,4807,0.61639276055752,0,0,418,445,40,3619,38,2237,13,38
"156","2020-05-19",122,2,128,395,4807,0.61639276055752,0,0,418,445,29,3648,33,2270,4,33
"157","2020-05-20",122,2,137,382,4807,0.61639276055752,0,0,418,445,25,3673,38,2308,5,38
"158","2020-05-21",104,2,119,380,4807,0.61639276055752,0,0,418,445,39,3712,30,2338,18,30
"159","2020-05-22",103,2,113,365,4807,0.61639276055752,0,0,418,445,37,3749,37,2375,12,37
"160","2020-05-23",100,2,99,348,4807,0.61639276055752,0,0,418,445,29,3778,27,2402,4,27
"161","2020-05-24",100,2,117,324,4807,0.61639276055752,0,0,418,445,40,3818,29,2431,10,29
"162","2020-05-25",107,2,130,308,4807,0.61639276055752,0,0,418,445,24,3842,21,2452,6,21
"163","2020-05-26",99,2,126,308,4807,0.61639276055752,0,0,418,445,23,3865,25,2477,8,25
"164","2020-05-27",89,2,117,297,4807,0.61639276055752,0,0,418,445,23,3888,33,2510,3,33
"165","2020-05-28",97,2,105,290,4807,0.61639276055752,0,0,418,445,20,3908,38,2548,8,38
"166","2020-05-29",93,2,101,279,4807,0.61639276055752,0,0,418,445,22,3930,21,2569,7,21
"167","2020-05-30",93,2,92,267,4807,0.61639276055752,0,0,418,445,19,3949,34,2603,13,34
"168","2020-05-31",87,2,108,262,4807,0.61639276055752,0,0,418,445,28,3977,23,2626,7,23
"169","2020-06-01",78,2,97,253,4807,0.61639276055752,0,0,418,445,21,3998,39,2665,5,39
"170","2020-06-02",76,2,84,250,4807,0.61639276055752,0,0,418,445,21,4019,32,2697,3,32
"171","2020-06-03",75,2,81,238,4807,0.61639276055752,0,0,418,445,11,4030,22,2719,3,22
"172","2020-06-04",67,2,76,227,4807,0.61639276055752,0,0,418,445,22,4052,24,2743,NA,24
"173","2020-06-05",67,2,74,209,4807,0.61639276055752,0,0,418,445,17,4069,24,2767,7,24
"174","2020-06-06",62,2,77,201,4807,0.61639276055752,0,0,418,445,20,4089,23,2790,7,23
"175","2020-06-07",64,2,74,193,4807,0.61639276055752,0,0,418,445,11,4100,26,2816,2,26
"176","2020-03-13",3,3,117,118,5170,0.384332688588008,0,0,466,1068,21,58,12,53,8,12
"177","2020-03-14",5,3,131,154,5170,0.384332688588008,0,0,466,1068,28,86,29,82,20,29
"178","2020-03-15",14,3,138,200,5170,0.384332688588008,0,0,466,1068,33,119,19,101,18,19
"179","2020-03-16",20,3,157,255,5170,0.384332688588008,0,0,466,1068,33,152,20,121,21,20
"180","2020-03-17",27,3,141,323,5170,0.384332688588008,0,0,466,1068,40,192,19,140,27,19
"181","2020-03-18",41,3,151,371,5170,0.384332688588008,0,0,466,1068,37,229,22,162,28,22
"182","2020-03-19",50,3,144,420,5170,0.384332688588008,0,0,466,1068,61,290,33,195,47,33
"183","2020-03-20",63,3,145,473,5170,0.384332688588008,0,0,466,1068,67,357,38,233,58,38
"184","2020-03-21",81,3,189,537,5170,0.384332688588008,0,0,466,1068,82,439,32,265,70,32
"185","2020-03-22",93,3,222,601,5170,0.384332688588008,0,0,466,1068,86,525,33,298,74,33
"186","2020-03-23",112,3,262,654,5170,0.384332688588008,0,0,466,1068,90,615,27,325,73,27
"187","2020-03-24",135,3,287,689,5170,0.384332688588008,0,0,466,1068,94,709,39,364,78,39
"188","2020-03-25",163,3,297,728,5170,0.384332688588008,0,0,466,1068,123,832,26,390,115,26
"189","2020-03-26",176,3,318,756,5170,0.384332688588008,0,0,466,1068,111,943,22,412,98,22
"190","2020-03-27",179,3,338,765,5170,0.384332688588008,0,0,466,1068,102,1045,25,437,93,25
"191","2020-03-28",192,3,329,804,5170,0.384332688588008,0,0,466,1068,135,1180,19,456,124,19
"192","2020-03-29",207,3,341,806,5170,0.384332688588008,0,0,466,1068,142,1322,13,469,132,13
"193","2020-03-30",208,3,342,820,5170,0.384332688588008,0,0,466,1068,175,1497,25,494,157,25
"194","2020-03-31",214,3,314,837,5170,0.384332688588008,0,0,466,1068,176,1673,19,513,165,19
"195","2020-04-01",210,3,321,846,5170,0.384332688588008,0,0,466,1068,174,1847,21,534,168,21
"196","2020-04-02",221,3,311,839,5170,0.384332688588008,0,0,466,1068,190,2037,37,571,179,37
"197","2020-04-03",236,3,294,846,5170,0.384332688588008,0,0,466,1068,151,2188,28,599,145,28
"198","2020-04-04",235,3,284,847,5170,0.384332688588008,0,0,466,1068,244,2432,28,627,229,28
"199","2020-04-05",225,3,286,842,5170,0.384332688588008,0,0,466,1068,183,2615,26,653,174,26
"200","2020-04-06",226,3,276,833,5170,0.384332688588008,0,0,466,1068,189,2804,27,680,175,27
"201","2020-04-07",221,3,275,852,5170,0.384332688588008,0,0,466,1068,158,2962,35,715,146,35
"202","2020-04-08",219,3,272,858,5170,0.384332688588008,0,0,466,1068,202,3164,33,748,188,33
"203","2020-04-09",212,3,250,873,5170,0.384332688588008,0,0,466,1068,186,3350,39,787,172,39
"204","2020-04-10",213,3,236,875,5170,0.384332688588008,0,0,466,1068,173,3523,37,824,161,37
"205","2020-04-11",218,3,248,883,5170,0.384332688588008,0,0,466,1068,182,3705,28,852,175,28
"206","2020-04-12",236,3,268,891,5170,0.384332688588008,0,0,466,1068,160,3865,53,905,153,53
"207","2020-04-13",241,3,278,885,5170,0.384332688588008,0,0,466,1068,137,4002,48,953,128,48
"208","2020-04-14",235,3,280,882,5170,0.384332688588008,0,0,466,1068,133,4135,45,998,125,45
"209","2020-04-15",248,3,267,887,5170,0.384332688588008,0,0,466,1068,137,4272,56,1054,129,56
"210","2020-04-16",256,3,254,879,5170,0.384332688588008,0,0,466,1068,149,4421,67,1121,145,67
"211","2020-04-17",262,3,248,868,5170,0.384332688588008,0,0,466,1068,130,4551,16,1137,122,16
"212","2020-04-18",266,3,251,865,5170,0.384332688588008,0,0,466,1068,125,4676,24,1161,118,24
"213","2020-04-19",255,3,283,847,5170,0.384332688588008,0,0,466,1068,112,4788,33,1194,103,33
"214","2020-04-20",251,3,290,863,5170,0.384332688588008,0,0,466,1068,94,4882,27,1221,89,27
"215","2020-04-21",257,3,298,873,5170,0.384332688588008,0,0,466,1068,100,4982,27,1248,93,27
"216","2020-04-22",234,3,281,839,5170,0.384332688588008,0,0,466,1068,100,5082,19,1267,94,19
"217","2020-04-23",226,3,289,816,5170,0.384332688588008,0,0,466,1068,73,5155,14,1281,70,14
"218","2020-04-24",214,3,294,777,5170,0.384332688588008,0,0,466,1068,64,5219,40,1321,58,40
"219","2020-04-25",207,3,277,761,5170,0.384332688588008,0,0,466,1068,65,5284,24,1345,57,24
"220","2020-04-26",209,3,273,730,5170,0.384332688588008,0,0,466,1068,72,5356,20,1365,62,20
"221","2020-04-27",213,3,265,717,5170,0.384332688588008,0,0,466,1068,46,5402,19,1384,38,19
"222","2020-04-28",211,3,258,703,5170,0.384332688588008,0,0,466,1068,40,5442,29,1413,36,29
"223","2020-04-29",209,3,254,683,5170,0.384332688588008,0,0,466,1068,43,5485,47,1460,36,47
"224","2020-04-30",205,3,250,671,5170,0.384332688588008,0,0,466,1068,50,5535,36,1496,48,36
"225","2020-05-01",204,3,261,657,5170,0.384332688588008,0,0,466,1068,42,5577,36,1532,34,36
"226","2020-05-02",192,3,257,668,5170,0.384332688588008,0,0,466,1068,39,5616,39,1571,30,39
"227","2020-05-03",188,3,249,670,5170,0.384332688588008,0,0,466,1068,41,5657,27,1598,37,27
"228","2020-05-04",186,3,259,648,5170,0.384332688588008,0,0,466,1068,38,5695,46,1644,33,46
"229","2020-05-05",180,3,256,647,5170,0.384332688588008,0,0,466,1068,31,5726,42,1686,28,42
"230","2020-05-06",180,3,258,635,5170,0.384332688588008,0,0,466,1068,30,5756,44,1730,22,44
"231","2020-05-07",185,3,260,636,5170,0.384332688588008,0,0,466,1068,26,5782,46,1776,22,46
"232","2020-05-08",190,3,267,634,5170,0.384332688588008,0,0,466,1068,20,5802,48,1824,16,48
"233","2020-05-09",192,3,268,622,5170,0.384332688588008,0,0,466,1068,26,5828,35,1859,22,35
"234","2020-05-10",186,3,295,605,5170,0.384332688588008,0,0,466,1068,24,5852,35,1894,21,35
"235","2020-05-11",178,3,275,596,5170,0.384332688588008,0,0,466,1068,24,5876,38,1932,19,38
"236","2020-05-12",183,3,288,581,5170,0.384332688588008,0,0,466,1068,23,5899,22,1954,15,22
"237","2020-05-13",181,3,318,549,5170,0.384332688588008,0,0,466,1068,21,5920,23,1977,14,23
"238","2020-05-14",175,3,344,523,5170,0.384332688588008,0,0,466,1068,16,5936,32,2009,12,32
"239","2020-05-15",164,3,338,497,5170,0.384332688588008,0,0,466,1068,16,5952,16,2025,14,16
"240","2020-05-16",159,3,341,481,5170,0.384332688588008,0,0,466,1068,15,5967,29,2054,11,29
"241","2020-05-17",147,3,331,473,5170,0.384332688588008,0,0,466,1068,18,5985,42,2096,15,42
"242","2020-05-18",142,3,345,446,5170,0.384332688588008,0,0,466,1068,11,5996,31,2127,8,31
"243","2020-05-19",134,3,365,423,5170,0.384332688588008,0,0,466,1068,13,6009,31,2158,11,31
"244","2020-05-20",125,3,357,411,5170,0.384332688588008,0,0,466,1068,14,6023,43,2201,11,43
"245","2020-05-21",118,3,345,399,5170,0.384332688588008,0,0,466,1068,11,6034,34,2235,8,34
"246","2020-05-22",110,3,333,384,5170,0.384332688588008,0,0,466,1068,14,6048,38,2273,9,38
"247","2020-05-23",104,3,315,357,5170,0.384332688588008,0,0,466,1068,12,6060,40,2313,9,40
"248","2020-05-24",109,3,303,354,5170,0.384332688588008,0,0,466,1068,14,6074,37,2350,8,37
"249","2020-05-25",112,3,288,367,5170,0.384332688588008,0,0,466,1068,18,6092,31,2381,14,31
"250","2020-05-26",105,3,288,345,5170,0.384332688588008,0,0,466,1068,16,6108,47,2428,12,47
"251","2020-05-27",99,3,290,341,5170,0.384332688588008,0,0,466,1068,10,6118,41,2469,8,41
"252","2020-05-28",94,3,284,333,5170,0.384332688588008,0,0,466,1068,12,6130,32,2501,12,32
"253","2020-05-29",95,3,269,322,5170,0.384332688588008,0,0,466,1068,12,6142,28,2529,8,28
"254","2020-05-30",96,3,259,315,5170,0.384332688588008,0,0,466,1068,5,6147,52,2581,4,52
"255","2020-05-31",89,3,277,299,5170,0.384332688588008,0,0,466,1068,6,6153,33,2614,5,33
"256","2020-06-01",83,3,291,290,5170,0.384332688588008,0,0,466,1068,18,6171,23,2637,17,23
"257","2020-06-02",79,3,292,286,5170,0.384332688588008,0,0,466,1068,8,6179,36,2673,5,36
"258","2020-06-03",83,3,271,276,5170,0.384332688588008,0,0,466,1068,5,6184,30,2703,2,30
"259","2020-06-04",84,3,268,262,5170,0.384332688588008,0,0,466,1068,10,6194,28,2731,6,28
"260","2020-06-05",81,3,269,261,5170,0.384332688588008,0,0,466,1068,5,6199,24,2755,3,24
"261","2020-06-06",78,3,289,243,5170,0.384332688588008,0,0,466,1068,9,6208,18,2773,9,18
"262","2020-06-07",78,3,277,229,5170,0.384332688588008,0,0,466,1068,10,6218,20,2793,8,20
"263","2020-03-14",4,4,48,93,4756,0.672834314550042,0,0,417,532,78,245,14,64,30,14
"264","2020-03-15",9,4,41,116,4756,0.672834314550042,0,0,417,532,102,347,54,118,60,54
"265","2020-03-16",13,4,46,148,4756,0.672834314550042,0,0,417,532,138,485,59,177,106,59
"266","2020-03-17",21,4,72,178,4756,0.672834314550042,0,0,417,532,188,673,50,227,159,50
"267","2020-03-18",26,4,77,215,4756,0.672834314550042,0,0,417,532,221,894,54,281,177,54
"268","2020-03-19",37,4,85,251,4756,0.672834314550042,0,0,417,532,293,1187,45,326,254,45
"269","2020-03-20",46,4,113,286,4756,0.672834314550042,0,0,417,532,395,1582,50,376,357,50
"270","2020-03-21",50,4,108,329,4756,0.672834314550042,0,0,417,532,382,1964,29,405,347,29
"271","2020-03-22",57,4,79,351,4756,0.672834314550042,0,0,417,532,583,2547,40,445,541,40
"272","2020-03-23",60,4,76,378,4756,0.672834314550042,0,0,417,532,571,3118,29,474,546,29
"273","2020-03-24",74,4,106,434,4756,0.672834314550042,0,0,417,532,542,3660,56,530,517,56
"274","2020-03-25",94,4,136,460,4756,0.672834314550042,0,0,417,532,665,4325,26,556,640,26
"275","2020-03-26",107,4,166,505,4756,0.672834314550042,0,0,417,532,531,4856,27,583,508,27
"276","2020-03-27",116,4,189,528,4756,0.672834314550042,0,0,417,532,476,5332,17,600,458,17
"277","2020-03-28",125,4,205,568,4756,0.672834314550042,0,0,417,532,432,5764,23,623,416,23
"278","2020-03-29",134,4,204,593,4756,0.672834314550042,0,0,417,532,332,6096,67,690,317,67
"279","2020-03-30",148,4,183,639,4756,0.672834314550042,0,0,417,532,423,6519,20,710,415,20
"280","2020-03-31",153,4,169,674,4756,0.672834314550042,0,0,417,532,259,6778,18,728,250,18
"281","2020-04-01",154,4,185,701,4756,0.672834314550042,0,0,417,532,181,6959,10,738,174,10
"282","2020-04-02",158,4,205,727,4756,0.672834314550042,0,0,417,532,140,7099,17,755,134,17
"283","2020-04-03",173,4,217,733,4756,0.672834314550042,0,0,417,532,107,7206,8,763,103,8
"284","2020-04-04",183,4,206,756,4756,0.672834314550042,0,0,417,532,67,7273,4,767,63,4
"285","2020-04-05",192,4,198,799,4756,0.672834314550042,0,0,417,532,52,7325,10,777,42,10
"286","2020-04-06",201,4,226,834,4756,0.672834314550042,0,0,417,532,43,7368,30,807,42,30
"287","2020-04-07",211,4,236,880,4756,0.672834314550042,0,0,417,532,52,7420,69,876,49,69
"288","2020-04-08",227,4,265,882,4756,0.672834314550042,0,0,417,532,31,7451,95,971,28,95
"289","2020-04-09",236,4,265,887,4756,0.672834314550042,0,0,417,532,38,7489,36,1007,33,36
"290","2020-04-10",247,4,262,881,4756,0.672834314550042,0,0,417,532,37,7526,25,1032,35,25
"291","2020-04-11",248,4,224,891,4756,0.672834314550042,0,0,417,532,21,7547,25,1057,19,25
"292","2020-04-12",258,4,222,904,4756,0.672834314550042,0,0,417,532,36,7583,36,1093,29,36
"293","2020-04-13",272,4,209,926,4756,0.672834314550042,0,0,417,532,13,7596,17,1110,9,17
"294","2020-04-14",269,4,213,921,4756,0.672834314550042,0,0,417,532,12,7608,14,1124,10,14
"295","2020-04-15",265,4,211,913,4756,0.672834314550042,0,0,417,532,8,7616,15,1139,7,15
"296","2020-04-16",253,4,201,900,4756,0.672834314550042,0,0,417,532,6,7622,7,1146,5,7
"297","2020-04-17",248,4,195,901,4756,0.672834314550042,0,0,417,532,12,7634,15,1161,9,15
"298","2020-04-18",253,4,212,890,4756,0.672834314550042,0,0,417,532,9,7643,20,1181,4,20
"299","2020-04-19",243,4,212,860,4756,0.672834314550042,0,0,417,532,2,7645,53,1234,NA,53
"300","2020-04-20",225,4,181,837,4756,0.672834314550042,0,0,417,532,15,7660,22,1256,8,22
"301","2020-04-21",229,4,163,811,4756,0.672834314550042,0,0,417,532,4,7664,15,1271,2,15
"302","2020-04-22",215,4,172,792,4756,0.672834314550042,0,0,417,532,3,7667,55,1326,2,55
"303","2020-04-23",221,4,200,781,4756,0.672834314550042,0,0,417,532,5,7672,65,1391,3,65
"304","2020-04-24",214,4,236,757,4756,0.672834314550042,0,0,417,532,3,7675,24,1415,2,24
"305","2020-04-25",207,4,242,751,4756,0.672834314550042,0,0,417,532,8,7683,20,1435,5,20
"306","2020-04-26",204,4,233,738,4756,0.672834314550042,0,0,417,532,6,7689,21,1456,3,21
"307","2020-04-27",215,4,244,746,4756,0.672834314550042,0,0,417,532,2,7691,57,1513,1,58
"308","2020-04-28",207,4,248,726,4756,0.672834314550042,0,0,417,532,4,7695,33,1546,3,33
"309","2020-04-29",222,4,239,720,4756,0.672834314550042,0,0,417,532,3,7698,17,1563,2,17
"310","2020-04-30",218,4,251,747,4756,0.672834314550042,0,0,417,532,7,7705,20,1583,4,20
"311","2020-05-01",225,4,228,730,4756,0.672834314550042,0,0,417,532,6,7711,25,1608,2,25
"312","2020-05-02",227,4,211,729,4756,0.672834314550042,0,0,417,532,2,7713,91,1699,1,91
"313","2020-05-03",230,4,202,709,4756,0.672834314550042,0,0,417,532,5,7718,29,1728,2,29
"314","2020-05-04",221,4,234,696,4756,0.672834314550042,0,0,417,532,3,7721,21,1749,2,21
"315","2020-05-05",212,4,242,702,4756,0.672834314550042,0,0,417,532,2,7723,10,1759,NA,10
"316","2020-05-06",198,4,245,683,4756,0.672834314550042,0,0,417,532,2,7725,27,1786,2,27
"317","2020-05-07",191,4,232,663,4756,0.672834314550042,0,0,417,532,4,7729,15,1801,3,15
"318","2020-05-08",175,4,221,648,4756,0.672834314550042,0,0,417,532,2,7731,30,1831,1,30
"319","2020-05-09",180,4,230,627,4756,0.672834314550042,0,0,417,532,3,7734,62,1893,1,62
"320","2020-05-10",179,4,226,586,4756,0.672834314550042,0,0,417,532,4,7738,45,1938,2,45
"321","2020-05-11",174,4,222,568,4756,0.672834314550042,0,0,417,532,7,7745,29,1967,5,29
"322","2020-05-12",174,4,215,553,4756,0.672834314550042,0,0,417,532,1,7746,23,1990,NA,23
"323","2020-05-13",174,4,196,539,4756,0.672834314550042,0,0,417,532,2,7748,56,2046,NA,56
"324","2020-05-14",174,4,214,521,4756,0.672834314550042,0,0,417,532,4,7752,47,2093,2,47
"325","2020-05-15",178,4,218,523,4756,0.672834314550042,0,0,417,532,4,7756,57,2150,1,57
"326","2020-05-16",167,4,202,497,4756,0.672834314550042,0,0,417,532,2,7758,52,2202,1,52
"327","2020-05-17",158,4,201,470,4756,0.672834314550042,0,0,417,532,2,7760,48,2250,NA,48
"328","2020-05-18",152,4,184,446,4756,0.672834314550042,0,0,417,532,3,7763,38,2288,2,38
"329","2020-05-19",144,4,164,431,4756,0.672834314550042,0,0,417,532,4,7767,51,2339,2,51
"330","2020-05-20",139,4,140,425,4756,0.672834314550042,0,0,417,532,3,7770,41,2380,1,41
"331","2020-05-21",137,4,122,403,4756,0.672834314550042,0,0,417,532,5,7775,28,2408,2,28
"332","2020-05-22",130,4,132,394,4756,0.672834314550042,0,0,417,532,NA,NA,30,2438,NA,30
"333","2020-05-23",126,4,122,366,4756,0.672834314550042,0,0,417,532,2,7777,47,2485,2,47
"334","2020-05-24",117,4,116,354,4756,0.672834314550042,0,0,417,532,2,7779,40,2525,1,40
"335","2020-05-25",112,4,145,330,4756,0.672834314550042,0,0,417,532,3,7782,54,2579,NA,54
"336","2020-05-26",111,4,138,317,4756,0.672834314550042,0,0,417,532,3,7785,39,2618,NA,39
"337","2020-05-27",104,4,160,308,4756,0.672834314550042,0,0,417,532,4,7789,72,2690,1,72
"338","2020-05-28",103,4,164,315,4756,0.672834314550042,0,0,417,532,2,7791,31,2721,NA,31
"339","2020-05-29",88,4,177,303,4756,0.672834314550042,0,0,417,532,2,7793,47,2768,1,47
"340","2020-05-30",82,4,181,304,4756,0.672834314550042,0,0,417,532,2,7795,22,2790,1,22
"341","2020-05-31",85,4,196,303,4756,0.672834314550042,0,0,417,532,NA,NA,28,2818,NA,28
"342","2020-06-01",86,4,189,292,4756,0.672834314550042,0,0,417,532,2,7797,53,2871,2,53
"343","2020-06-02",81,4,184,288,4756,0.672834314550042,0,0,417,532,1,7798,43,2914,1,43
"344","2020-06-03",81,4,185,287,4756,0.672834314550042,0,0,417,532,1,7799,27,2941,1,27
"345","2020-06-04",78,4,166,259,4756,0.672834314550042,0,0,417,532,1,7800,36,2977,NA,36
"346","2020-06-05",89,4,155,243,4756,0.672834314550042,0,0,417,532,1,7801,36,3013,NA,36
"347","2020-06-06",87,4,152,236,4756,0.672834314550042,0,0,417,532,NA,NA,30,3043,NA,30
"348","2020-06-07",80,4,138,229,4756,0.672834314550042,0,0,417,532,1,7802,47,3090,1,47
"349","2020-03-12",1,5,37,40,3840,0.404427083333333,0,0,317,434,12,22,10,20,1,10
"350","2020-03-13",1,5,49,61,3840,0.404427083333333,0,0,317,434,12,34,14,34,4,14
"351","2020-03-14",4,5,51,97,3840,0.404427083333333,0,0,317,434,14,48,21,55,5,21
"352","2020-03-15",7,5,50,132,3840,0.404427083333333,0,0,317,434,16,64,12,67,4,12
"353","2020-03-16",12,5,42,181,3840,0.404427083333333,0,0,317,434,22,86,7,74,11,7
"354","2020-03-17",15,5,43,219,3840,0.404427083333333,0,0,317,434,23,109,21,95,14,21
"355","2020-03-18",26,5,50,255,3840,0.404427083333333,0,0,317,434,31,140,24,119,11,24
"356","2020-03-19",35,5,63,298,3840,0.404427083333333,0,0,317,434,23,163,25,144,11,25
"357","2020-03-20",49,5,66,340,3840,0.404427083333333,0,0,317,434,29,192,18,162,12,18
"358","2020-03-21",57,5,77,374,3840,0.404427083333333,0,0,317,434,30,222,16,178,16,16
"359","2020-03-22",70,5,73,408,3840,0.404427083333333,0,0,317,434,24,246,20,198,15,20
"360","2020-03-23",78,5,78,438,3840,0.404427083333333,0,0,317,434,34,280,12,210,17,12
"361","2020-03-24",95,5,94,457,3840,0.404427083333333,0,0,317,434,33,313,38,248,20,38
"362","2020-03-25",102,5,94,461,3840,0.404427083333333,0,0,317,434,30,343,24,272,19,24
"363","2020-03-26",100,5,91,473,3840,0.404427083333333,0,0,317,434,36,379,45,317,24,45
"364","2020-03-27",107,5,83,480,3840,0.404427083333333,0,0,317,434,33,412,29,346,19,29
"365","2020-03-28",117,5,83,493,3840,0.404427083333333,0,0,317,434,34,446,23,369,15,23
"366","2020-03-29",125,5,77,522,3840,0.404427083333333,0,0,317,434,35,481,26,395,20,26
"367","2020-03-30",135,5,68,531,3840,0.404427083333333,0,0,317,434,32,513,30,425,16,30
"368","2020-03-31",139,5,64,546,3840,0.404427083333333,0,0,317,434,30,543,34,459,20,34
"369","2020-04-01",138,5,83,575,3840,0.404427083333333,0,0,317,434,44,587,55,514,28,55
"370","2020-04-02",150,5,99,595,3840,0.404427083333333,0,0,317,434,60,647,56,570,43,57
"371","2020-04-03",147,5,107,604,3840,0.404427083333333,0,0,317,434,47,694,37,607,26,37
"372","2020-04-04",145,5,107,615,3840,0.404427083333333,0,0,317,434,49,743,16,623,35,16
"373","2020-04-05",148,5,112,621,3840,0.404427083333333,0,0,317,434,41,784,20,643,29,20
"374","2020-04-06",144,5,105,618,3840,0.404427083333333,0,0,317,434,48,832,15,658,22,15
"375","2020-04-07",146,5,114,634,3840,0.404427083333333,0,0,317,434,43,875,32,690,28,32
"376","2020-04-08",155,5,145,653,3840,0.404427083333333,0,0,317,434,36,911,26,716,20,26
"377","2020-04-09",162,5,140,661,3840,0.404427083333333,0,0,317,434,42,953,45,761,27,45
"378","2020-04-10",174,5,142,680,3840,0.404427083333333,0,0,317,434,44,997,44,805,28,44
"379","2020-04-11",176,5,151,685,3840,0.404427083333333,0,0,317,434,51,1048,33,838,37,33
"380","2020-04-12",174,5,148,677,3840,0.404427083333333,0,0,317,434,47,1095,59,897,22,59
"381","2020-04-13",183,5,159,648,3840,0.404427083333333,0,0,317,434,42,1137,45,942,30,45
"382","2020-04-14",180,5,160,631,3840,0.404427083333333,0,0,317,434,47,1184,48,990,36,48
"383","2020-04-15",180,5,154,614,3840,0.404427083333333,0,0,317,434,44,1228,38,1028,26,38
"384","2020-04-16",180,5,154,602,3840,0.404427083333333,0,0,317,434,37,1265,35,1063,13,35
"385","2020-04-17",168,5,156,590,3840,0.404427083333333,0,0,317,434,38,1303,34,1097,22,34
"386","2020-04-18",173,5,168,576,3840,0.404427083333333,0,0,317,434,38,1341,26,1123,15,26
"387","2020-04-19",174,5,189,555,3840,0.404427083333333,0,0,317,434,39,1380,21,1144,24,21
"388","2020-04-20",170,5,199,546,3840,0.404427083333333,0,0,317,434,50,1430,25,1169,25,25
"389","2020-04-21",166,5,171,540,3840,0.404427083333333,0,0,317,434,37,1467,21,1190,23,21
"390","2020-04-22",165,5,154,543,3840,0.404427083333333,0,0,317,434,36,1503,26,1216,22,26
"391","2020-04-23",161,5,143,520,3840,0.404427083333333,0,0,317,434,46,1549,24,1240,33,24
"392","2020-04-24",164,5,171,506,3840,0.404427083333333,0,0,317,434,41,1590,46,1286,19,46
"393","2020-04-25",158,5,166,498,3840,0.404427083333333,0,0,317,434,46,1636,37,1323,33,37
"394","2020-04-26",156,5,187,488,3840,0.404427083333333,0,0,317,434,34,1670,36,1359,24,36
"395","2020-04-27",151,5,188,494,3840,0.404427083333333,0,0,317,434,35,1705,29,1388,21,29
"396","2020-04-28",149,5,178,494,3840,0.404427083333333,0,0,317,434,34,1739,36,1424,18,36
"397","2020-04-29",141,5,156,499,3840,0.404427083333333,0,0,317,434,34,1773,27,1451,21,27
"398","2020-04-30",131,5,153,485,3840,0.404427083333333,0,0,317,434,30,1803,57,1508,13,57
"399","2020-05-01",125,5,154,472,3840,0.404427083333333,0,0,317,434,44,1847,34,1542,23,34
"400","2020-05-02",128,5,184,466,3840,0.404427083333333,0,0,317,434,47,1894,20,1562,29,20
"401","2020-05-03",118,5,181,459,3840,0.404427083333333,0,0,317,434,40,1934,19,1581,22,19
"402","2020-05-04",125,5,181,454,3840,0.404427083333333,0,0,317,434,34,1968,24,1605,19,24
"403","2020-05-05",125,5,185,473,3840,0.404427083333333,0,0,317,434,40,2008,26,1631,29,26
"404","2020-05-06",126,5,167,466,3840,0.404427083333333,0,0,317,434,37,2045,28,1659,22,28
"405","2020-05-07",130,5,157,465,3840,0.404427083333333,0,0,317,434,44,2089,17,1676,25,17
"406","2020-05-08",133,5,140,449,3840,0.404427083333333,0,0,317,434,36,2125,22,1698,22,22
"407","2020-05-09",122,5,150,452,3840,0.404427083333333,0,0,317,434,30,2155,15,1713,20,15
"408","2020-05-10",121,5,138,444,3840,0.404427083333333,0,0,317,434,33,2188,47,1760,19,47
"409","2020-05-11",111,5,149,450,3840,0.404427083333333,0,0,317,434,32,2220,35,1795,23,35
"410","2020-05-12",115,5,140,459,3840,0.404427083333333,0,0,317,434,32,2252,33,1828,23,33
"411","2020-05-13",113,5,142,451,3840,0.404427083333333,0,0,317,434,42,2294,28,1856,25,28
"412","2020-05-14",116,5,138,436,3840,0.404427083333333,0,0,317,434,28,2322,39,1895,21,39
"413","2020-05-15",119,5,129,433,3840,0.404427083333333,0,0,317,434,34,2356,28,1923,16,28
"414","2020-05-16",124,5,121,428,3840,0.404427083333333,0,0,317,434,21,2377,26,1949,10,26
"415","2020-05-17",130,5,121,429,3840,0.404427083333333,0,0,317,434,12,2389,30,1979,2,30
"416","2020-05-18",127,5,116,419,3840,0.404427083333333,0,0,317,434,29,2418,41,2020,16,41
"417","2020-05-19",121,5,110,411,3840,0.404427083333333,0,0,317,434,20,2438,32,2052,13,32
"418","2020-05-20",119,5,115,398,3840,0.404427083333333,0,0,317,434,22,2460,61,2113,13,61
"419","2020-05-21",117,5,111,399,3840,0.404427083333333,0,0,317,434,35,2495,49,2162,23,49
"420","2020-05-22",116,5,105,392,3840,0.404427083333333,0,0,317,434,31,2526,25,2187,16,25
"421","2020-05-23",115,5,108,369,3840,0.404427083333333,0,0,317,434,24,2550,32,2219,17,32
"422","2020-05-24",112,5,95,347,3840,0.404427083333333,0,0,317,434,19,2569,26,2245,7,26
"423","2020-05-25",114,5,89,346,3840,0.404427083333333,0,0,317,434,15,2584,20,2265,12,20
"424","2020-05-26",115,5,81,329,3840,0.404427083333333,0,0,317,434,27,2611,24,2289,16,24
"425","2020-05-27",116,5,78,329,3840,0.404427083333333,0,0,317,434,21,2632,22,2311,13,22
"426","2020-05-28",111,5,83,324,3840,0.404427083333333,0,0,317,434,24,2656,41,2352,13,41
"427","2020-05-29",106,5,74,316,3840,0.404427083333333,0,0,317,434,17,2673,29,2381,12,29
"428","2020-05-30",100,5,64,314,3840,0.404427083333333,0,0,317,434,12,2685,38,2419,6,38
"429","2020-05-31",102,5,75,306,3840,0.404427083333333,0,0,317,434,21,2706,39,2458,14,39
"430","2020-06-01",97,5,82,299,3840,0.404427083333333,0,0,317,434,22,2728,36,2494,15,36
"431","2020-06-02",91,5,67,289,3840,0.404427083333333,0,0,317,434,22,2750,23,2517,15,23
"432","2020-06-03",84,5,60,275,3840,0.404427083333333,0,0,317,434,15,2765,26,2543,8,26
"433","2020-06-04",83,5,53,274,3840,0.404427083333333,0,0,317,434,17,2782,39,2582,12,39
"434","2020-06-05",83,5,52,261,3840,0.404427083333333,0,0,317,434,15,2797,38,2620,8,38
"435","2020-06-06",81,5,58,245,3840,0.404427083333333,0,0,317,434,11,2808,41,2661,3,41
"436","2020-06-07",70,5,60,242,3840,0.404427083333333,0,0,317,434,19,2827,29,2690,9,29
"437","2020-03-14",1,6,89,132,8112,0.900394477317554,0,0,695,1079,26,97,17,49,7,17
"438","2020-03-15",4,6,122,191,8112,0.900394477317554,0,0,695,1079,48,145,14,63,8,14
"439","2020-03-16",12,6,131,274,8112,0.900394477317554,0,0,695,1079,25,170,15,78,10,15
"440","2020-03-17",19,6,106,378,8112,0.900394477317554,0,0,695,1079,37,207,11,89,16,11
"441","2020-03-18",34,6,102,476,8112,0.900394477317554,0,0,695,1079,38,245,19,108,15,19
"442","2020-03-19",47,6,100,584,8112,0.900394477317554,0,0,695,1079,35,280,23,131,8,23
"443","2020-03-20",72,6,131,750,8112,0.900394477317554,0,0,695,1079,41,321,16,147,14,16
"444","2020-03-21",99,6,133,909,8112,0.900394477317554,0,0,695,1079,41,362,29,176,19,29
"445","2020-03-22",139,6,133,1144,8112,0.900394477317554,0,0,695,1079,40,402,38,214,16,38
"446","2020-03-23",174,6,140,1396,8112,0.900394477317554,0,0,695,1079,49,451,26,240,23,26
"447","2020-03-24",206,6,186,1684,8112,0.900394477317554,0,0,695,1079,40,491,24,264,16,24
"448","2020-03-25",241,6,192,2016,8112,0.900394477317554,0,0,695,1079,31,522,20,284,14,20
"449","2020-03-26",290,6,200,2324,8112,0.900394477317554,0,0,695,1079,38,560,11,295,21,11
"450","2020-03-27",354,6,178,2850,8112,0.900394477317554,0,0,695,1079,60,620,11,306,36,11
"451","2020-03-28",426,6,162,3231,8112,0.900394477317554,0,0,695,1079,53,673,16,322,24,16
"452","2020-03-29",506,6,158,3618,8112,0.900394477317554,0,0,695,1079,48,721,11,333,22,11
"453","2020-03-30",592,6,142,3993,8112,0.900394477317554,0,0,695,1079,49,770,51,384,26,51
"454","2020-03-31",690,6,131,4224,8112,0.900394477317554,0,0,695,1079,58,828,42,426,29,42
"455","2020-04-01",818,6,158,4334,8112,0.900394477317554,0,0,695,1079,43,871,40,466,13,40
"456","2020-04-02",934,6,149,4391,8112,0.900394477317554,0,0,695,1079,46,917,19,485,15,19
"457","2020-04-03",1044,6,152,4367,8112,0.900394477317554,0,0,695,1079,46,963,14,499,13,14
"458","2020-04-04",1149,6,168,4356,8112,0.900394477317554,0,0,695,1079,56,1019,9,508,27,9
"459","2020-04-05",1223,6,140,4190,8112,0.900394477317554,0,0,695,1079,65,1084,14,522,19,14
"460","2020-04-06",1284,6,117,4008,8112,0.900394477317554,0,0,695,1079,62,1146,33,555,32,33
"461","2020-04-07",1320,6,109,3689,8112,0.900394477317554,0,0,695,1079,63,1209,19,574,21,19
"462","2020-04-08",1290,6,114,3385,8112,0.900394477317554,0,0,695,1079,45,1254,21,595,17,21
"463","2020-04-09",1250,6,136,3037,8112,0.900394477317554,0,0,695,1079,45,1299,14,609,16,14
"464","2020-04-10",1176,6,157,2697,8112,0.900394477317554,0,0,695,1079,54,1353,21,630,22,21
"465","2020-04-11",1084,6,202,2309,8112,0.900394477317554,0,0,695,1079,57,1410,16,646,8,16
"466","2020-04-12",983,6,217,1985,8112,0.900394477317554,0,0,695,1079,37,1447,17,663,13,17
"467","2020-04-13",871,6,238,1703,8112,0.900394477317554,0,0,695,1079,44,1491,38,701,16,38
"468","2020-04-14",761,6,246,1457,8112,0.900394477317554,0,0,695,1079,48,1539,22,723,12,22
"469","2020-04-15",670,6,255,1239,8112,0.900394477317554,0,0,695,1079,46,1585,19,742,17,19
"470","2020-04-16",578,6,222,1043,8112,0.900394477317554,0,0,695,1079,43,1628,52,794,14,52
"471","2020-04-17",501,6,204,865,8112,0.900394477317554,0,0,695,1079,42,1670,30,824,12,30
"472","2020-04-18",432,6,219,734,8112,0.900394477317554,0,0,695,1079,35,1705,10,834,10,10
"473","2020-04-19",375,6,199,611,8112,0.900394477317554,0,0,695,1079,57,1762,10,844,23,10
"474","2020-04-20",314,6,182,510,8112,0.900394477317554,0,0,695,1079,47,1809,11,855,14,11
"475","2020-04-21",269,6,169,420,8112,0.900394477317554,0,0,695,1079,44,1853,14,869,15,14
"476","2020-04-22",229,6,172,343,8112,0.900394477317554,0,0,695,1079,65,1918,57,926,35,57
"477","2020-04-23",197,6,194,295,8112,0.900394477317554,0,0,695,1079,45,1963,56,982,13,56
"478","2020-04-24",166,6,185,247,8112,0.900394477317554,0,0,695,1079,48,2011,33,1015,12,33
"479","2020-04-25",128,6,179,202,8112,0.900394477317554,0,0,695,1079,49,2060,28,1043,13,28
"480","2020-04-26",100,6,170,169,8112,0.900394477317554,0,0,695,1079,48,2108,15,1058,20,15
"481","2020-04-27",88,6,155,145,8112,0.900394477317554,0,0,695,1079,58,2166,43,1101,18,43
"482","2020-04-28",75,6,136,124,8112,0.900394477317554,0,0,695,1079,32,2198,66,1167,15,66
"483","2020-04-29",61,6,131,112,8112,0.900394477317554,0,0,695,1079,35,2233,51,1218,7,51
"484","2020-04-30",52,6,123,100,8112,0.900394477317554,0,0,695,1079,34,2267,30,1248,11,30
"485","2020-05-01",40,6,134,87,8112,0.900394477317554,0,0,695,1079,39,2306,31,1279,6,31
"486","2020-05-02",35,6,169,70,8112,0.900394477317554,0,0,695,1079,52,2358,28,1307,14,28
"487","2020-05-03",26,6,207,66,8112,0.900394477317554,0,0,695,1079,44,2402,36,1343,11,36
"488","2020-05-04",26,6,241,57,8112,0.900394477317554,0,0,695,1079,33,2435,31,1374,5,31
"489","2020-05-05",23,6,224,58,8112,0.900394477317554,0,0,695,1079,40,2475,24,1398,13,24
"490","2020-05-06",20,6,201,56,8112,0.900394477317554,0,0,695,1079,35,2510,14,1412,8,14
"491","2020-05-07",18,6,166,54,8112,0.900394477317554,0,0,695,1079,48,2558,10,1422,16,10
"492","2020-05-08",16,6,179,52,8112,0.900394477317554,0,0,695,1079,41,2599,21,1443,7,21
"493","2020-05-09",17,6,207,47,8112,0.900394477317554,0,0,695,1079,39,2638,30,1473,9,30
"494","2020-05-10",18,6,225,42,8112,0.900394477317554,0,0,695,1079,32,2670,40,1513,10,40
"495","2020-05-11",15,6,200,37,8112,0.900394477317554,0,0,695,1079,27,2697,22,1535,3,22
"496","2020-05-12",17,6,182,36,8112,0.900394477317554,0,0,695,1079,28,2725,17,1552,8,17
"497","2020-05-13",17,6,179,38,8112,0.900394477317554,0,0,695,1079,35,2760,27,1579,14,27
"498","2020-05-14",16,6,221,38,8112,0.900394477317554,0,0,695,1079,33,2793,47,1626,7,47
"499","2020-05-15",14,6,261,34,8112,0.900394477317554,0,0,695,1079,26,2819,38,1664,2,38
"500","2020-05-16",13,6,233,33,8112,0.900394477317554,0,0,695,1079,30,2849,26,1690,6,26
"501","2020-05-17",11,6,211,32,8112,0.900394477317554,0,0,695,1079,35,2884,58,1748,4,58
"502","2020-05-18",10,6,190,30,8112,0.900394477317554,0,0,695,1079,19,2903,49,1797,7,49
"503","2020-05-19",7,6,152,32,8112,0.900394477317554,0,0,695,1079,17,2920,24,1821,5,24
"504","2020-05-20",7,6,159,27,8112,0.900394477317554,0,0,695,1079,19,2939,14,1835,6,14
"505","2020-05-21",5,6,137,29,8112,0.900394477317554,0,0,695,1079,24,2963,20,1855,5,20
"506","2020-05-22",8,6,131,26,8112,0.900394477317554,0,0,695,1079,24,2987,21,1876,6,21
"507","2020-05-23",7,6,126,25,8112,0.900394477317554,0,0,695,1079,25,3012,36,1912,10,36
"508","2020-05-24",7,6,119,26,8112,0.900394477317554,0,0,695,1079,22,3034,42,1954,7,42
"509","2020-05-25",6,6,150,24,8112,0.900394477317554,0,0,695,1079,27,3061,22,1976,5,22
"510","2020-05-26",5,6,182,21,8112,0.900394477317554,0,0,695,1079,21,3082,43,2019,7,43
"511","2020-05-27",5,6,192,22,8112,0.900394477317554,0,0,695,1079,8,3090,32,2051,1,32
"512","2020-05-28",5,6,185,20,8112,0.900394477317554,0,0,695,1079,21,3111,25,2076,6,25
"513","2020-05-29",2,6,164,22,8112,0.900394477317554,0,0,695,1079,20,3131,20,2096,9,20
"514","2020-05-30",3,6,147,23,8112,0.900394477317554,0,0,695,1079,19,3150,21,2117,5,21
"515","2020-05-31",2,6,164,23,8112,0.900394477317554,0,0,695,1079,21,3171,22,2139,6,22
"516","2020-06-01",4,6,166,23,8112,0.900394477317554,0,0,695,1079,15,3186,27,2166,4,27
"517","2020-06-02",6,6,159,22,8112,0.900394477317554,0,0,695,1079,16,3202,17,2183,3,17
"518","2020-06-03",6,6,154,27,8112,0.900394477317554,0,0,695,1079,22,3224,34,2217,9,34
"519","2020-06-04",8,6,151,28,8112,0.900394477317554,0,0,695,1079,13,3237,24,2241,6,24
"520","2020-06-05",10,6,126,26,8112,0.900394477317554,0,0,695,1079,19,3256,19,2260,6,19
"521","2020-06-06",13,6,118,28,8112,0.900394477317554,0,0,695,1079,14,3270,20,2280,7,20
"522","2020-06-07",13,6,111,27,8112,0.900394477317554,0,0,695,1079,18,3288,15,2295,6,15
"523","2020-03-13",1,7,30,147,5099,0.269856834673465,0,0,419,428,23,62,8,36,4,8
"524","2020-03-14",4,7,44,191,5099,0.269856834673465,0,0,419,428,24,86,10,46,7,10
"525","2020-03-15",6,7,60,239,5099,0.269856834673465,0,0,419,428,18,104,11,57,8,11
"526","2020-03-16",16,7,64,292,5099,0.269856834673465,0,0,419,428,24,128,9,66,12,9
"527","2020-03-17",25,7,62,356,5099,0.269856834673465,0,0,419,428,32,160,8,74,11,8
"528","2020-03-18",41,7,79,413,5099,0.269856834673465,0,0,419,428,33,193,NA,NA,23,NA
"529","2020-03-19",54,7,79,463,5099,0.269856834673465,0,0,419,428,41,234,1,75,28,1
"530","2020-03-20",76,7,81,489,5099,0.269856834673465,0,0,419,428,39,273,8,83,24,8
"531","2020-03-21",100,7,74,537,5099,0.269856834673465,0,0,419,428,53,326,38,121,36,38
"532","2020-03-22",119,7,77,596,5099,0.269856834673465,0,0,419,428,31,357,43,164,23,43
"533","2020-03-23",133,7,84,639,5099,0.269856834673465,0,0,419,428,41,398,49,213,27,49
"534","2020-03-24",154,7,80,681,5099,0.269856834673465,0,0,419,428,54,452,27,240,38,27
"535","2020-03-25",156,7,84,693,5099,0.269856834673465,0,0,419,428,56,508,26,266,38,26
"536","2020-03-26",174,7,97,708,5099,0.269856834673465,0,0,419,428,57,565,7,273,45,7
"537","2020-03-27",184,7,103,715,5099,0.269856834673465,0,0,419,428,40,605,9,282,24,9
"538","2020-03-28",187,7,95,730,5099,0.269856834673465,0,0,419,428,32,637,37,319,22,37
"539","2020-03-29",195,7,85,744,5099,0.269856834673465,0,0,419,428,46,683,21,340,34,21
"540","2020-03-30",204,7,90,769,5099,0.269856834673465,0,0,419,428,52,735,19,359,35,19
"541","2020-03-31",212,7,106,772,5099,0.269856834673465,0,0,419,428,46,781,21,380,33,21
"542","2020-04-01",230,7,107,762,5099,0.269856834673465,0,0,419,428,54,835,36,416,34,36
"543","2020-04-02",228,7,106,766,5099,0.269856834673465,0,0,419,428,39,874,58,474,30,58
"544","2020-04-03",220,7,118,786,5099,0.269856834673465,0,0,419,428,34,908,48,522,19,48
"545","2020-04-04",226,7,134,799,5099,0.269856834673465,0,0,419,428,36,944,23,545,23,23
"546","2020-04-05",235,7,137,814,5099,0.269856834673465,0,0,419,428,41,985,17,562,28,17
"547","2020-04-06",233,7,136,802,5099,0.269856834673465,0,0,419,428,40,1025,14,576,25,14
"548","2020-04-07",229,7,115,808,5099,0.269856834673465,0,0,419,428,50,1075,20,596,33,20
"549","2020-04-08",222,7,102,813,5099,0.269856834673465,0,0,419,428,32,1107,25,621,20,25
"550","2020-04-09",222,7,126,817,5099,0.269856834673465,0,0,419,428,48,1155,19,640,36,19
"551","2020-04-10",243,7,123,813,5099,0.269856834673465,0,0,419,428,43,1198,19,659,26,19
"552","2020-04-11",240,7,120,817,5099,0.269856834673465,0,0,419,428,45,1243,56,715,24,56
"553","2020-04-12",236,7,124,805,5099,0.269856834673465,0,0,419,428,37,1280,20,735,19,20
"554","2020-04-13",231,7,135,823,5099,0.269856834673465,0,0,419,428,41,1321,22,757,30,22
"555","2020-04-14",222,7,141,819,5099,0.269856834673465,0,0,419,428,39,1360,44,801,28,44
"556","2020-04-15",223,7,121,822,5099,0.269856834673465,0,0,419,428,41,1401,24,825,26,24
"557","2020-04-16",226,7,134,807,5099,0.269856834673465,0,0,419,428,34,1435,25,850,19,25
"558","2020-04-17",221,7,146,785,5099,0.269856834673465,0,0,419,428,38,1473,21,871,24,21
"559","2020-04-18",228,7,160,762,5099,0.269856834673465,0,0,419,428,56,1529,33,904,37,33
"560","2020-04-19",217,7,147,760,5099,0.269856834673465,0,0,419,428,37,1566,18,922,25,18
"561","2020-04-20",214,7,161,749,5099,0.269856834673465,0,0,419,428,49,1615,17,939,31,17
"562","2020-04-21",216,7,159,751,5099,0.269856834673465,0,0,419,428,53,1668,35,974,32,35
"563","2020-04-22",221,7,144,754,5099,0.269856834673465,0,0,419,428,53,1721,59,1033,27,59
"564","2020-04-23",225,7,131,761,5099,0.269856834673465,0,0,419,428,47,1768,43,1076,34,43
"565","2020-04-24",209,7,161,761,5099,0.269856834673465,0,0,419,428,49,1817,22,1098,29,22
"566","2020-04-25",194,7,169,762,5099,0.269856834673465,0,0,419,428,36,1853,18,1116,29,18
"567","2020-04-26",190,7,155,767,5099,0.269856834673465,0,0,419,428,42,1895,11,1127,25,11
"568","2020-04-27",198,7,156,765,5099,0.269856834673465,0,0,419,428,54,1949,12,1139,39,12
"569","2020-04-28",201,7,165,739,5099,0.269856834673465,0,0,419,428,39,1988,53,1192,22,53
"570","2020-04-29",200,7,160,748,5099,0.269856834673465,0,0,419,428,44,2032,47,1239,27,47
"571","2020-04-30",199,7,151,725,5099,0.269856834673465,0,0,419,428,42,2074,27,1266,24,27
"572","2020-05-01",203,7,168,713,5099,0.269856834673465,0,0,419,428,42,2116,7,1273,25,7
"573","2020-05-02",201,7,182,696,5099,0.269856834673465,0,0,419,428,31,2147,21,1294,16,21
"574","2020-05-03",210,7,190,696,5099,0.269856834673465,0,0,419,428,44,2191,43,1337,25,43
"575","2020-05-04",213,7,202,679,5099,0.269856834673465,0,0,419,428,38,2229,37,1374,24,37
"576","2020-05-05",204,7,211,646,5099,0.269856834673465,0,0,419,428,45,2274,27,1401,29,27
"577","2020-05-06",199,7,213,635,5099,0.269856834673465,0,0,419,428,37,2311,28,1429,19,28
"578","2020-05-07",188,7,196,622,5099,0.269856834673465,0,0,419,428,45,2356,34,1463,24,34
"579","2020-05-08",181,7,176,604,5099,0.269856834673465,0,0,419,428,36,2392,25,1488,24,25
"580","2020-05-09",180,7,170,593,5099,0.269856834673465,0,0,419,428,38,2430,19,1507,28,19
"581","2020-05-10",171,7,157,589,5099,0.269856834673465,0,0,419,428,38,2468,41,1548,26,41
"582","2020-05-11",154,7,167,567,5099,0.269856834673465,0,0,419,428,26,2494,17,1565,15,17
"583","2020-05-12",162,7,164,559,5099,0.269856834673465,0,0,419,428,27,2521,15,1580,14,15
"584","2020-05-13",154,7,142,557,5099,0.269856834673465,0,0,419,428,30,2551,38,1618,14,38
"585","2020-05-14",156,7,133,526,5099,0.269856834673465,0,0,419,428,28,2579,44,1662,18,44
"586","2020-05-15",159,7,137,510,5099,0.269856834673465,0,0,419,428,29,2608,36,1698,21,36
"587","2020-05-16",154,7,163,495,5099,0.269856834673465,0,0,419,428,42,2650,48,1746,25,48
"588","2020-05-17",145,7,164,487,5099,0.269856834673465,0,0,419,428,22,2672,30,1776,12,30
"589","2020-05-18",148,7,147,488,5099,0.269856834673465,0,0,419,428,29,2701,35,1811,17,35
"590","2020-05-19",139,7,136,467,5099,0.269856834673465,0,0,419,428,26,2727,34,1845,14,34
"591","2020-05-20",143,7,129,464,5099,0.269856834673465,0,0,419,428,32,2759,25,1870,20,25
"592","2020-05-21",134,7,114,442,5099,0.269856834673465,0,0,419,428,30,2789,29,1899,22,29
"593","2020-05-22",124,7,105,436,5099,0.269856834673465,0,0,419,428,22,2811,40,1939,8,40
"594","2020-05-23",126,7,109,426,5099,0.269856834673465,0,0,419,428,19,2830,34,1973,13,34
"595","2020-05-24",132,7,134,413,5099,0.269856834673465,0,0,419,428,22,2852,56,2029,14,56
"596","2020-05-25",133,7,142,407,5099,0.269856834673465,0,0,419,428,22,2874,41,2070,15,41
"597","2020-05-26",135,7,129,397,5099,0.269856834673465,0,0,419,428,23,2897,38,2108,18,38
"598","2020-05-27",121,7,115,371,5099,0.269856834673465,0,0,419,428,34,2931,28,2136,16,28
"599","2020-05-28",118,7,107,354,5099,0.269856834673465,0,0,419,428,13,2944,30,2166,12,30
"600","2020-05-29",112,7,107,344,5099,0.269856834673465,0,0,419,428,31,2975,10,2176,21,10
"601","2020-05-30",106,7,102,316,5099,0.269856834673465,0,0,419,428,23,2998,38,2214,15,38
"602","2020-05-31",98,7,92,307,5099,0.269856834673465,0,0,419,428,15,3013,19,2233,10,19
"603","2020-06-01",91,7,90,307,5099,0.269856834673465,0,0,419,428,20,3033,34,2267,16,34
"604","2020-06-02",82,7,95,282,5099,0.269856834673465,0,0,419,428,20,3053,31,2298,16,31
"605","2020-06-03",79,7,86,279,5099,0.269856834673465,0,0,419,428,13,3066,24,2322,10,24
"606","2020-06-04",76,7,78,259,5099,0.269856834673465,0,0,419,428,12,3078,24,2346,6,24
"607","2020-06-05",71,7,72,239,5099,0.269856834673465,0,0,419,428,14,3092,24,2370,10,24
"608","2020-06-06",67,7,70,234,5099,0.269856834673465,0,0,419,428,14,3106,15,2385,11,15
"609","2020-06-07",71,7,66,222,5099,0.269856834673465,0,0,419,428,16,3122,16,2401,9,16
"610","2020-03-13",2,8,113,100,4510,0.406430155210643,0,0,363,822,24,69,12,21,2,12
"611","2020-03-14",6,8,131,137,4510,0.406430155210643,0,0,363,822,28,97,5,26,5,5
"612","2020-03-15",13,8,134,176,4510,0.406430155210643,0,0,363,822,27,124,6,32,6,6
"613","2020-03-16",19,8,155,226,4510,0.406430155210643,0,0,363,822,31,155,14,46,7,14
"614","2020-03-17",24,8,171,268,4510,0.406430155210643,0,0,363,822,37,192,17,63,12,17
"615","2020-03-18",36,8,173,311,4510,0.406430155210643,0,0,363,822,30,222,13,76,9,13
"616","2020-03-19",47,8,174,370,4510,0.406430155210643,0,0,363,822,31,253,18,94,10,18
"617","2020-03-20",62,8,171,419,4510,0.406430155210643,0,0,363,822,31,284,8,102,7,8
"618","2020-03-21",73,8,204,466,4510,0.406430155210643,0,0,363,822,29,313,27,129,8,27
"619","2020-03-22",84,8,210,511,4510,0.406430155210643,0,0,363,822,47,360,16,145,12,16
"620","2020-03-23",95,8,214,536,4510,0.406430155210643,0,0,363,822,40,400,11,156,17,11
"621","2020-03-24",108,8,225,569,4510,0.406430155210643,0,0,363,822,32,432,7,163,6,7
"622","2020-03-25",119,8,236,585,4510,0.406430155210643,0,0,363,822,42,474,5,168,16,5
"623","2020-03-26",131,8,227,606,4510,0.406430155210643,0,0,363,822,44,518,13,181,17,13
"624","2020-03-27",138,8,244,632,4510,0.406430155210643,0,0,363,822,37,555,13,194,14,13
"625","2020-03-28",156,8,249,635,4510,0.406430155210643,0,0,363,822,63,618,18,212,23,18
"626","2020-03-29",162,8,224,650,4510,0.406430155210643,0,0,363,822,47,665,15,227,19,15
"627","2020-03-30",168,8,248,662,4510,0.406430155210643,0,0,363,822,50,715,28,255,15,28
"628","2020-03-31",170,8,282,666,4510,0.406430155210643,0,0,363,822,52,767,16,271,25,16
"629","2020-04-01",176,8,297,674,4510,0.406430155210643,0,0,363,822,58,825,20,291,18,20
"630","2020-04-02",187,8,301,689,4510,0.406430155210643,0,0,363,822,54,879,23,314,18,23
"631","2020-04-03",188,8,300,697,4510,0.406430155210643,0,0,363,822,49,928,23,337,27,23
"632","2020-04-04",185,8,272,709,4510,0.406430155210643,0,0,363,822,53,981,31,368,22,31
"633","2020-04-05",195,8,260,732,4510,0.406430155210643,0,0,363,822,48,1029,38,406,11,38
"634","2020-04-06",202,8,267,738,4510,0.406430155210643,0,0,363,822,51,1080,43,449,17,43
"635","2020-04-07",219,8,275,752,4510,0.406430155210643,0,0,363,822,47,1127,34,483,14,34
"636","2020-04-08",223,8,271,773,4510,0.406430155210643,0,0,363,822,48,1175,38,521,13,38
"637","2020-04-09",230,8,278,761,4510,0.406430155210643,0,0,363,822,39,1214,30,551,11,30
"638","2020-04-10",230,8,265,752,4510,0.406430155210643,0,0,363,822,34,1248,27,578,11,27
"639","2020-04-11",231,8,282,730,4510,0.406430155210643,0,0,363,822,49,1297,17,595,9,17
"640","2020-04-12",231,8,270,729,4510,0.406430155210643,0,0,363,822,41,1338,29,624,11,29
"641","2020-04-13",225,8,261,722,4510,0.406430155210643,0,0,363,822,53,1391,29,653,17,29
"642","2020-04-14",214,8,251,706,4510,0.406430155210643,0,0,363,822,47,1438,28,681,10,28
"643","2020-04-15",212,8,248,698,4510,0.406430155210643,0,0,363,822,62,1500,44,725,14,44
"644","2020-04-16",196,8,246,701,4510,0.406430155210643,0,0,363,822,41,1541,17,742,8,17
"645","2020-04-17",193,8,257,705,4510,0.406430155210643,0,0,363,822,40,1581,19,761,10,19
"646","2020-04-18",195,8,254,700,4510,0.406430155210643,0,0,363,822,48,1629,13,774,11,13
"647","2020-04-19",191,8,232,718,4510,0.406430155210643,0,0,363,822,39,1668,11,785,16,11
"648","2020-04-20",198,8,233,710,4510,0.406430155210643,0,0,363,822,48,1716,33,818,15,33
"649","2020-04-21",197,8,243,718,4510,0.406430155210643,0,0,363,822,59,1775,41,859,19,41
"650","2020-04-22",186,8,258,718,4510,0.406430155210643,0,0,363,822,49,1824,52,911,17,52
"651","2020-04-23",205,8,281,717,4510,0.406430155210643,0,0,363,822,50,1874,19,930,23,19
"652","2020-04-24",207,8,274,723,4510,0.406430155210643,0,0,363,822,52,1926,50,980,14,50
"653","2020-04-25",195,8,278,713,4510,0.406430155210643,0,0,363,822,53,1979,33,1013,16,33
"654","2020-04-26",196,8,257,713,4510,0.406430155210643,0,0,363,822,48,2027,22,1035,9,22
"655","2020-04-27",187,8,258,707,4510,0.406430155210643,0,0,363,822,38,2065,58,1093,7,58
"656","2020-04-28",192,8,280,690,4510,0.406430155210643,0,0,363,822,42,2107,42,1135,7,42
"657","2020-04-29",198,8,286,659,4510,0.406430155210643,0,0,363,822,40,2147,45,1180,8,45
"658","2020-04-30",184,8,299,640,4510,0.406430155210643,0,0,363,822,49,2196,35,1215,10,35
"659","2020-05-01",185,8,291,635,4510,0.406430155210643,0,0,363,822,33,2229,50,1265,11,50
"660","2020-05-02",190,8,291,625,4510,0.406430155210643,0,0,363,822,31,2260,27,1292,5,27
"661","2020-05-03",176,8,282,625,4510,0.406430155210643,0,0,363,822,41,2301,20,1312,10,20
"662","2020-05-04",178,8,300,626,4510,0.406430155210643,0,0,363,822,38,2339,15,1327,9,15
"663","2020-05-05",177,8,311,621,4510,0.406430155210643,0,0,363,822,36,2375,19,1346,3,19
"664","2020-05-06",177,8,297,616,4510,0.406430155210643,0,0,363,822,42,2417,15,1361,12,15
"665","2020-05-07",167,8,266,596,4510,0.406430155210643,0,0,363,822,38,2455,7,1368,10,7
"666","2020-05-08",175,8,279,594,4510,0.406430155210643,0,0,363,822,40,2495,11,1379,11,11
"667","2020-05-09",167,8,282,580,4510,0.406430155210643,0,0,363,822,28,2523,32,1411,4,32
"668","2020-05-10",180,8,283,563,4510,0.406430155210643,0,0,363,822,36,2559,42,1453,9,42
"669","2020-05-11",184,8,268,544,4510,0.406430155210643,0,0,363,822,36,2595,32,1485,5,32
"670","2020-05-12",178,8,256,539,4510,0.406430155210643,0,0,363,822,32,2627,34,1519,8,34
"671","2020-05-13",168,8,256,526,4510,0.406430155210643,0,0,363,822,27,2654,43,1562,4,43
"672","2020-05-14",165,8,251,502,4510,0.406430155210643,0,0,363,822,22,2676,36,1598,5,36
"673","2020-05-15",151,8,247,488,4510,0.406430155210643,0,0,363,822,35,2711,25,1623,8,25
"674","2020-05-16",151,8,238,479,4510,0.406430155210643,0,0,363,822,23,2734,16,1639,4,16
"675","2020-05-17",133,8,230,460,4510,0.406430155210643,0,0,363,822,34,2768,14,1653,12,14
"676","2020-05-18",124,8,264,445,4510,0.406430155210643,0,0,363,822,26,2794,15,1668,2,15
"677","2020-05-19",119,8,272,436,4510,0.406430155210643,0,0,363,822,24,2818,9,1677,6,9
"678","2020-05-20",117,8,277,401,4510,0.406430155210643,0,0,363,822,25,2843,6,1683,2,6
"679","2020-05-21",123,8,261,398,4510,0.406430155210643,0,0,363,822,29,2872,28,1711,5,28
"680","2020-05-22",124,8,268,371,4510,0.406430155210643,0,0,363,822,18,2890,30,1741,6,30
"681","2020-05-23",127,8,279,355,4510,0.406430155210643,0,0,363,822,19,2909,24,1765,3,24
"682","2020-05-24",133,8,270,339,4510,0.406430155210643,0,0,363,822,24,2933,14,1779,5,14
"683","2020-05-25",124,8,300,307,4510,0.406430155210643,0,0,363,822,18,2951,17,1796,10,17
"684","2020-05-26",117,8,317,308,4510,0.406430155210643,0,0,363,822,20,2971,27,1823,7,27
"685","2020-05-27",118,8,316,296,4510,0.406430155210643,0,0,363,822,28,2999,42,1865,12,42
"686","2020-05-28",105,8,311,296,4510,0.406430155210643,0,0,363,822,14,3013,44,1909,2,44
"687","2020-05-29",95,8,320,287,4510,0.406430155210643,0,0,363,822,17,3030,35,1944,2,35
"688","2020-05-30",80,8,314,275,4510,0.406430155210643,0,0,363,822,17,3047,13,1957,5,13
"689","2020-05-31",72,8,302,261,4510,0.406430155210643,0,0,363,822,20,3067,20,1977,5,20
"690","2020-06-01",74,8,288,253,4510,0.406430155210643,0,0,363,822,24,3091,13,1990,5,13
"691","2020-06-02",75,8,274,243,4510,0.406430155210643,0,0,363,822,18,3109,8,1998,3,8
"692","2020-06-03",68,8,270,238,4510,0.406430155210643,0,0,363,822,17,3126,5,2003,4,5
"693","2020-06-04",69,8,293,240,4510,0.406430155210643,0,0,363,822,14,3140,2,2005,4,2
"694","2020-06-05",68,8,285,226,4510,0.406430155210643,0,0,363,822,17,3157,3,2008,8,3
"695","2020-06-06",69,8,295,212,4510,0.406430155210643,0,0,363,822,14,3171,23,2031,4,23
"696","2020-06-07",76,8,287,220,4510,0.406430155210643,0,0,363,822,14,3185,31,2062,10,31
"697","2020-03-15",2,9,103,85,7476,0.964686998394864,0,0,616,708,15,58,27,59,8,27
"698","2020-03-16",8,9,99,118,7476,0.964686998394864,0,0,616,708,24,82,15,74,11,15
"699","2020-03-17",11,9,97,159,7476,0.964686998394864,0,0,616,708,16,98,14,88,9,14
"700","2020-03-18",16,9,97,207,7476,0.964686998394864,0,0,616,708,16,114,21,109,13,21
"701","2020-03-19",20,9,88,260,7476,0.964686998394864,0,0,616,708,29,143,37,146,20,37
"702","2020-03-20",26,9,118,297,7476,0.964686998394864,0,0,616,708,38,181,33,179,32,33
"703","2020-03-21",35,9,133,373,7476,0.964686998394864,0,0,616,708,39,220,15,194,28,15
"704","2020-03-22",48,9,140,478,7476,0.964686998394864,0,0,616,708,29,249,22,216,23,22
"705","2020-03-23",55,9,151,569,7476,0.964686998394864,0,0,616,708,37,286,12,228,34,12
"706","2020-03-24",77,9,147,670,7476,0.964686998394864,0,0,616,708,44,330,48,276,37,48
"707","2020-03-25",100,9,144,803,7476,0.964686998394864,0,0,616,708,48,378,44,320,37,44
"708","2020-03-26",125,9,135,918,7476,0.964686998394864,0,0,616,708,51,429,21,341,43,21
"709","2020-03-27",150,9,154,1089,7476,0.964686998394864,0,0,616,708,48,477,8,349,45,8
"710","2020-03-28",183,9,150,1270,7476,0.964686998394864,0,0,616,708,47,524,4,353,43,4
"711","2020-03-29",209,9,148,1524,7476,0.964686998394864,0,0,616,708,41,565,7,360,35,7
"712","2020-03-30",243,9,178,1705,7476,0.964686998394864,0,0,616,708,43,608,7,367,37,7
"713","2020-03-31",272,9,181,1997,7476,0.964686998394864,0,0,616,708,61,669,10,377,54,10
"714","2020-04-01",319,9,168,2213,7476,0.964686998394864,0,0,616,708,60,729,17,394,52,17
"715","2020-04-02",371,9,159,2403,7476,0.964686998394864,0,0,616,708,62,791,39,433,57,39
"716","2020-04-03",437,9,136,2635,7476,0.964686998394864,0,0,616,708,73,864,19,452,61,19
"717","2020-04-04",513,9,125,2839,7476,0.964686998394864,0,0,616,708,57,921,13,465,50,13
"718","2020-04-05",586,9,139,2970,7476,0.964686998394864,0,0,616,708,68,989,16,481,63,16
"719","2020-04-06",654,9,131,3163,7476,0.964686998394864,0,0,616,708,72,1061,36,517,69,36
"720","2020-04-07",729,9,135,3342,7476,0.964686998394864,0,0,616,708,71,1132,23,540,69,23
"721","2020-04-08",796,9,137,3361,7476,0.964686998394864,0,0,616,708,63,1195,58,598,60,58
"722","2020-04-09",845,9,171,3406,7476,0.964686998394864,0,0,616,708,91,1286,32,630,83,32
"723","2020-04-10",900,9,168,3438,7476,0.964686998394864,0,0,616,708,77,1363,40,670,73,40
"724","2020-04-11",930,9,211,3377,7476,0.964686998394864,0,0,616,708,91,1454,42,712,85,42
"725","2020-04-12",966,9,220,3279,7476,0.964686998394864,0,0,616,708,73,1527,59,771,63,59
"726","2020-04-13",987,9,226,3153,7476,0.964686998394864,0,0,616,708,80,1607,32,803,75,32
"727","2020-04-14",995,9,230,2972,7476,0.964686998394864,0,0,616,708,76,1683,27,830,70,27
"728","2020-04-15",987,9,220,2831,7476,0.964686998394864,0,0,616,708,72,1755,64,894,67,64
"729","2020-04-16",959,9,203,2603,7476,0.964686998394864,0,0,616,708,96,1851,38,932,86,38
"730","2020-04-17",918,9,180,2364,7476,0.964686998394864,0,0,616,708,82,1933,60,992,68,60
"731","2020-04-18",879,9,164,2133,7476,0.964686998394864,0,0,616,708,74,2007,25,1017,71,25
"732","2020-04-19",805,9,173,1884,7476,0.964686998394864,0,0,616,708,81,2088,21,1038,71,21
"733","2020-04-20",758,9,160,1687,7476,0.964686998394864,0,0,616,708,77,2165,17,1055,70,17
"734","2020-04-21",692,9,144,1503,7476,0.964686998394864,0,0,616,708,64,2229,20,1075,58,20
"735","2020-04-22",610,9,189,1274,7476,0.964686998394864,0,0,616,708,49,2278,12,1087,44,12
"736","2020-04-23",570,9,214,1115,7476,0.964686998394864,0,0,616,708,76,2354,11,1098,71,11
"737","2020-04-24",503,9,210,947,7476,0.964686998394864,0,0,616,708,72,2426,16,1114,68,16
"738","2020-04-25",423,9,200,797,7476,0.964686998394864,0,0,616,708,77,2503,51,1165,74,51
"739","2020-04-26",386,9,181,692,7476,0.964686998394864,0,0,616,708,61,2564,59,1224,55,59
"740","2020-04-27",325,9,182,599,7476,0.964686998394864,0,0,616,708,66,2630,69,1293,59,69
"741","2020-04-28",275,9,185,492,7476,0.964686998394864,0,0,616,708,67,2697,27,1320,61,27
"742","2020-04-29",242,9,184,410,7476,0.964686998394864,0,0,616,708,67,2764,18,1338,58,18
"743","2020-04-30",199,9,169,355,7476,0.964686998394864,0,0,616,708,60,2824,30,1368,53,30
"744","2020-05-01",171,9,159,299,7476,0.964686998394864,0,0,616,708,58,2882,20,1388,50,20
"745","2020-05-02",167,9,217,249,7476,0.964686998394864,0,0,616,708,66,2948,10,1398,59,10
"746","2020-05-03",134,9,192,206,7476,0.964686998394864,0,0,616,708,50,2998,26,1424,45,26
"747","2020-05-04",119,9,179,176,7476,0.964686998394864,0,0,616,708,72,3070,43,1467,60,43
"748","2020-05-05",101,9,147,147,7476,0.964686998394864,0,0,616,708,51,3121,33,1500,46,33
"749","2020-05-06",86,9,139,130,7476,0.964686998394864,0,0,616,708,40,3161,30,1530,36,30
"750","2020-05-07",73,9,173,115,7476,0.964686998394864,0,0,616,708,63,3224,16,1546,55,16
"751","2020-05-08",62,9,221,94,7476,0.964686998394864,0,0,616,708,57,3281,29,1575,52,29
"752","2020-05-09",40,9,230,87,7476,0.964686998394864,0,0,616,708,43,3324,55,1630,37,55
"753","2020-05-10",37,9,244,71,7476,0.964686998394864,0,0,616,708,48,3372,24,1654,43,24
"754","2020-05-11",26,9,268,64,7476,0.964686998394864,0,0,616,708,59,3431,17,1671,48,17
"755","2020-05-12",25,9,264,56,7476,0.964686998394864,0,0,616,708,40,3471,18,1689,36,18
"756","2020-05-13",26,9,233,53,7476,0.964686998394864,0,0,616,708,47,3518,10,1699,44,10
"757","2020-05-14",23,9,208,49,7476,0.964686998394864,0,0,616,708,35,3553,5,1704,30,5
"758","2020-05-15",19,9,186,50,7476,0.964686998394864,0,0,616,708,58,3611,6,1710,54,6
"759","2020-05-16",16,9,158,50,7476,0.964686998394864,0,0,616,708,59,3670,3,1713,53,3
"760","2020-05-17",16,9,170,51,7476,0.964686998394864,0,0,616,708,44,3714,9,1722,41,9
"761","2020-05-18",17,9,172,52,7476,0.964686998394864,0,0,616,708,37,3751,24,1746,36,24
"762","2020-05-19",19,9,167,51,7476,0.964686998394864,0,0,616,708,31,3782,59,1805,28,59
"763","2020-05-20",14,9,176,48,7476,0.964686998394864,0,0,616,708,39,3821,58,1863,37,58
"764","2020-05-21",11,9,179,44,7476,0.964686998394864,0,0,616,708,45,3866,58,1921,43,58
"765","2020-05-22",14,9,188,36,7476,0.964686998394864,0,0,616,708,29,3895,41,1962,27,41
"766","2020-05-23",17,9,197,33,7476,0.964686998394864,0,0,616,708,32,3927,57,2019,28,57
"767","2020-05-24",16,9,191,30,7476,0.964686998394864,0,0,616,708,32,3959,27,2046,31,27
"768","2020-05-25",15,9,172,26,7476,0.964686998394864,0,0,616,708,27,3986,39,2085,23,39
"769","2020-05-26",13,9,177,24,7476,0.964686998394864,0,0,616,708,28,4014,23,2108,26,23
"770","2020-05-27",13,9,177,22,7476,0.964686998394864,0,0,616,708,15,4029,35,2143,13,35
"771","2020-05-28",14,9,178,22,7476,0.964686998394864,0,0,616,708,30,4059,47,2190,26,47
"772","2020-05-29",10,9,167,20,7476,0.964686998394864,0,0,616,708,21,4080,42,2232,17,42
"773","2020-05-30",8,9,156,19,7476,0.964686998394864,0,0,616,708,21,4101,44,2276,18,44
"774","2020-05-31",8,9,125,18,7476,0.964686998394864,0,0,616,708,22,4123,33,2309,19,33
"775","2020-06-01",6,9,141,16,7476,0.964686998394864,0,0,616,708,17,4140,18,2327,14,18
"776","2020-06-02",5,9,151,13,7476,0.964686998394864,0,0,616,708,19,4159,15,2342,17,15
"777","2020-06-03",5,9,127,14,7476,0.964686998394864,0,0,616,708,12,4171,41,2383,10,41
"778","2020-06-04",4,9,104,16,7476,0.964686998394864,0,0,616,708,11,4182,39,2422,9,39
"779","2020-06-05",4,9,92,14,7476,0.964686998394864,0,0,616,708,20,4202,45,2467,18,45
"780","2020-06-06",3,9,79,12,7476,0.964686998394864,0,0,616,708,18,4220,13,2480,17,13
"781","2020-06-07",1,9,83,11,7476,0.964686998394864,0,0,616,708,18,4238,19,2499,16,19
"782","2020-03-14",1,10,46,37,1995,0.635087719298246,0,0,177,837,34,97,1,30,10,1
"783","2020-03-15",3,10,50,57,1995,0.635087719298246,0,0,177,837,39,136,3,33,10,3
"784","2020-03-16",4,10,75,77,1995,0.635087719298246,0,0,177,837,42,178,1,34,23,1
"785","2020-03-17",10,10,93,90,1995,0.635087719298246,0,0,177,837,39,217,NA,NA,26,NA
"786","2020-03-18",11,10,112,112,1995,0.635087719298246,0,0,177,837,49,266,3,37,24,3
"787","2020-03-19",12,10,121,128,1995,0.635087719298246,0,0,177,837,48,314,6,43,26,6
"788","2020-03-20",16,10,121,149,1995,0.635087719298246,0,0,177,837,60,374,11,54,35,11
"789","2020-03-21",24,10,122,173,1995,0.635087719298246,0,0,177,837,59,433,3,57,39,3
"790","2020-03-22",29,10,131,189,1995,0.635087719298246,0,0,177,837,65,498,20,77,43,20
"791","2020-03-23",40,10,148,208,1995,0.635087719298246,0,0,177,837,47,545,7,84,34,7
"792","2020-03-24",39,10,169,215,1995,0.635087719298246,0,0,177,837,65,610,14,98,39,14
"793","2020-03-25",50,10,150,224,1995,0.635087719298246,0,0,177,837,67,677,11,109,41,11
"794","2020-03-26",60,10,136,233,1995,0.635087719298246,0,0,177,837,98,775,6,115,70,6
"795","2020-03-27",68,10,128,246,1995,0.635087719298246,0,0,177,837,91,866,15,130,75,15
"796","2020-03-28",67,10,118,254,1995,0.635087719298246,0,0,177,837,73,939,14,144,46,14
"797","2020-03-29",68,10,115,262,1995,0.635087719298246,0,0,177,837,89,1028,12,156,62,12
"798","2020-03-30",71,10,101,273,1995,0.635087719298246,0,0,177,837,87,1115,20,176,67,20
"799","2020-03-31",76,10,87,272,1995,0.635087719298246,0,0,177,837,80,1195,20,196,51,20
"800","2020-04-01",70,10,105,270,1995,0.635087719298246,0,0,177,837,84,1279,18,214,61,18
"801","2020-04-02",69,10,109,256,1995,0.635087719298246,0,0,177,837,90,1369,27,241,69,27
"802","2020-04-03",67,10,112,258,1995,0.635087719298246,0,0,177,837,90,1459,22,263,65,22
"803","2020-04-04",74,10,105,251,1995,0.635087719298246,0,0,177,837,93,1552,29,292,67,29
"804","2020-04-05",83,10,99,251,1995,0.635087719298246,0,0,177,837,97,1649,16,308,72,16
"805","2020-04-06",78,10,89,256,1995,0.635087719298246,0,0,177,837,77,1726,9,317,50,9
"806","2020-04-07",81,10,98,267,1995,0.635087719298246,0,0,177,837,84,1810,23,340,59,23
"807","2020-04-08",87,10,126,280,1995,0.635087719298246,0,0,177,837,86,1896,28,368,57,28
"808","2020-04-09",84,10,128,271,1995,0.635087719298246,0,0,177,837,95,1991,25,393,68,25
"809","2020-04-10",83,10,113,268,1995,0.635087719298246,0,0,177,837,52,2043,37,430,42,37
"810","2020-04-11",76,10,107,274,1995,0.635087719298246,0,0,177,837,84,2127,39,469,62,39
"811","2020-04-12",71,10,104,270,1995,0.635087719298246,0,0,177,837,72,2199,37,506,46,37
"812","2020-04-13",74,10,149,268,1995,0.635087719298246,0,0,177,837,91,2290,33,539,63,33
"813","2020-04-14",71,10,199,270,1995,0.635087719298246,0,0,177,837,94,2384,41,580,60,41
"814","2020-04-15",77,10,209,276,1995,0.635087719298246,0,0,177,837,97,2481,33,613,68,33
"815","2020-04-16",85,10,233,278,1995,0.635087719298246,0,0,177,837,70,2551,17,630,50,17
"816","2020-04-17",86,10,204,277,1995,0.635087719298246,0,0,177,837,55,2606,12,642,42,12
"817","2020-04-18",93,10,193,274,1995,0.635087719298246,0,0,177,837,56,2662,23,665,33,23
"818","2020-04-19",94,10,170,268,1995,0.635087719298246,0,0,177,837,65,2727,28,693,47,28
"819","2020-04-20",85,10,150,263,1995,0.635087719298246,0,0,177,837,90,2817,27,720,61,27
"820","2020-04-21",86,10,174,269,1995,0.635087719298246,0,0,177,837,68,2885,42,762,42,42
"821","2020-04-22",85,10,176,274,1995,0.635087719298246,0,0,177,837,73,2958,36,798,42,36
"822","2020-04-23",82,10,163,281,1995,0.635087719298246,0,0,177,837,49,3007,21,819,32,21
"823","2020-04-24",84,10,146,289,1995,0.635087719298246,0,0,177,837,66,3073,42,861,40,42
"824","2020-04-25",78,10,130,288,1995,0.635087719298246,0,0,177,837,58,3131,29,890,41,29
"825","2020-04-26",82,10,135,298,1995,0.635087719298246,0,0,177,837,66,3197,11,901,40,11
"826","2020-04-27",89,10,168,311,1995,0.635087719298246,0,0,177,837,61,3258,18,919,44,18
"827","2020-04-28",90,10,208,309,1995,0.635087719298246,0,0,177,837,39,3297,38,957,26,38
"828","2020-04-29",84,10,199,303,1995,0.635087719298246,0,0,177,837,55,3352,25,982,33,25
"829","2020-04-30",82,10,176,308,1995,0.635087719298246,0,0,177,837,55,3407,16,998,37,16
"830","2020-05-01",82,10,155,305,1995,0.635087719298246,0,0,177,837,59,3466,15,1013,37,15
"831","2020-05-02",90,10,170,314,1995,0.635087719298246,0,0,177,837,51,3517,15,1028,29,15
"832","2020-05-03",84,10,162,315,1995,0.635087719298246,0,0,177,837,42,3559,11,1039,20,11
"833","2020-05-04",88,10,208,318,1995,0.635087719298246,0,0,177,837,38,3597,34,1073,23,34
"834","2020-05-05",84,10,206,316,1995,0.635087719298246,0,0,177,837,56,3653,15,1088,33,15
"835","2020-05-06",87,10,208,324,1995,0.635087719298246,0,0,177,837,42,3695,31,1119,34,31
"836","2020-05-07",93,10,204,319,1995,0.635087719298246,0,0,177,837,51,3746,31,1150,27,31
"837","2020-05-08",99,10,209,325,1995,0.635087719298246,0,0,177,837,38,3784,51,1201,23,51
"838","2020-05-09",96,10,185,328,1995,0.635087719298246,0,0,177,837,39,3823,25,1226,25,25
"839","2020-05-10",98,10,176,322,1995,0.635087719298246,0,0,177,837,33,3856,37,1263,21,37
"840","2020-05-11",90,10,210,318,1995,0.635087719298246,0,0,177,837,38,3894,47,1310,25,47
"841","2020-05-12",94,10,200,299,1995,0.635087719298246,0,0,177,837,41,3935,33,1343,24,33
"842","2020-05-13",95,10,186,302,1995,0.635087719298246,0,0,177,837,31,3966,19,1362,23,19
"843","2020-05-14",91,10,170,278,1995,0.635087719298246,0,0,177,837,46,4012,42,1404,28,42
"844","2020-05-15",77,10,170,273,1995,0.635087719298246,0,0,177,837,33,4045,33,1437,17,33
"845","2020-05-16",75,10,199,268,1995,0.635087719298246,0,0,177,837,34,4079,14,1451,22,14
"846","2020-05-17",77,10,193,257,1995,0.635087719298246,0,0,177,837,26,4105,11,1462,13,11
"847","2020-05-18",82,10,162,243,1995,0.635087719298246,0,0,177,837,29,4134,17,1479,17,17
"848","2020-05-19",75,10,139,234,1995,0.635087719298246,0,0,177,837,34,4168,13,1492,22,13
"849","2020-05-20",71,10,142,226,1995,0.635087719298246,0,0,177,837,27,4195,13,1505,14,13
"850","2020-05-21",70,10,188,226,1995,0.635087719298246,0,0,177,837,39,4234,11,1516,23,11
"851","2020-05-22",75,10,203,231,1995,0.635087719298246,0,0,177,837,30,4264,10,1526,15,10
"852","2020-05-23",76,10,223,232,1995,0.635087719298246,0,0,177,837,16,4280,7,1533,13,7
"853","2020-05-24",76,10,209,226,1995,0.635087719298246,0,0,177,837,19,4299,31,1564,14,31
"854","2020-05-25",70,10,194,226,1995,0.635087719298246,0,0,177,837,17,4316,32,1596,9,32
"855","2020-05-26",74,10,193,224,1995,0.635087719298246,0,0,177,837,25,4341,13,1609,14,13
"856","2020-05-27",72,10,195,215,1995,0.635087719298246,0,0,177,837,25,4366,14,1623,11,14
"857","2020-05-28",71,10,170,206,1995,0.635087719298246,0,0,177,837,25,4391,9,1632,15,9
"858","2020-05-29",71,10,149,199,1995,0.635087719298246,0,0,177,837,19,4410,11,1643,11,11
"859","2020-05-30",68,10,154,187,1995,0.635087719298246,0,0,177,837,24,4434,6,1649,17,6
"860","2020-05-31",65,10,144,178,1995,0.635087719298246,0,0,177,837,14,4448,18,1667,11,18
"861","2020-06-01",66,10,149,174,1995,0.635087719298246,0,0,177,837,19,4467,9,1676,12,9
"862","2020-06-02",63,10,158,173,1995,0.635087719298246,0,0,177,837,19,4486,2,1678,11,2
"863","2020-06-03",62,10,177,167,1995,0.635087719298246,0,0,177,837,16,4502,6,1684,11,6
"864","2020-06-04",61,10,172,148,1995,0.635087719298246,0,0,177,837,25,4527,6,1690,15,6
"865","2020-06-05",57,10,178,144,1995,0.635087719298246,0,0,177,837,8,4535,8,1698,4,8
"866","2020-06-06",50,10,180,140,1995,0.635087719298246,0,0,177,837,15,4550,18,1716,10,18
"867","2020-06-07",43,10,181,133,1995,0.635087719298246,0,0,177,837,17,4567,6,1722,11,6
"868","2020-03-13",3,11,40,90,4186,0.400382226469183,0,0,363,728,37,118,32,95,4,32
"869","2020-03-14",5,11,43,123,4186,0.400382226469183,0,0,363,728,36,154,21,116,10,21
"870","2020-03-15",10,11,49,168,4186,0.400382226469183,0,0,363,728,46,200,32,148,20,32
"871","2020-03-16",16,11,40,213,4186,0.400382226469183,0,0,363,728,55,255,30,178,19,30
"872","2020-03-17",22,11,41,267,4186,0.400382226469183,0,0,363,728,70,325,15,193,31,15
"873","2020-03-18",37,11,67,332,4186,0.400382226469183,0,0,363,728,53,378,25,218,29,25
"874","2020-03-19",46,11,77,375,4186,0.400382226469183,0,0,363,728,56,434,20,238,20,20
"875","2020-03-20",57,11,98,436,4186,0.400382226469183,0,0,363,728,67,501,22,260,33,22
"876","2020-03-21",77,11,114,482,4186,0.400382226469183,0,0,363,728,81,582,53,313,43,53
"877","2020-03-22",98,11,94,525,4186,0.400382226469183,0,0,363,728,79,661,61,374,35,61
"878","2020-03-23",109,11,101,562,4186,0.400382226469183,0,0,363,728,82,743,61,435,44,61
"879","2020-03-24",123,11,150,609,4186,0.400382226469183,0,0,363,728,71,814,71,506,39,71
"880","2020-03-25",133,11,156,625,4186,0.400382226469183,0,0,363,728,90,904,71,577,50,71
"881","2020-03-26",154,11,154,652,4186,0.400382226469183,0,0,363,728,83,987,68,645,45,68
"882","2020-03-27",173,11,126,673,4186,0.400382226469183,0,0,363,728,63,1050,72,717,37,72
"883","2020-03-28",176,11,102,696,4186,0.400382226469183,0,0,363,728,79,1129,55,772,40,55
"884","2020-03-29",176,11,108,702,4186,0.400382226469183,0,0,363,728,65,1194,57,829,34,57
"885","2020-03-30",186,11,158,716,4186,0.400382226469183,0,0,363,728,82,1276,60,889,38,60
"886","2020-03-31",201,11,183,708,4186,0.400382226469183,0,0,363,728,87,1363,51,940,36,51
"887","2020-04-01",200,11,177,724,4186,0.400382226469183,0,0,363,728,70,1433,44,984,33,44
"888","2020-04-02",213,11,152,725,4186,0.400382226469183,0,0,363,728,72,1505,50,1034,39,50
"889","2020-04-03",214,11,147,726,4186,0.400382226469183,0,0,363,728,80,1585,27,1061,33,27
"890","2020-04-04",221,11,169,751,4186,0.400382226469183,0,0,363,728,76,1661,45,1106,36,45
"891","2020-04-05",221,11,159,748,4186,0.400382226469183,0,0,363,728,86,1747,46,1152,41,46
"892","2020-04-06",218,11,136,766,4186,0.400382226469183,0,0,363,728,70,1817,38,1190,30,38
"893","2020-04-07",214,11,145,773,4186,0.400382226469183,0,0,363,728,88,1905,48,1238,43,48
"894","2020-04-08",226,11,180,754,4186,0.400382226469183,0,0,363,728,71,1976,33,1271,28,33
"895","2020-04-09",202,11,178,740,4186,0.400382226469183,0,0,363,728,85,2061,36,1307,38,36
"896","2020-04-10",195,11,221,716,4186,0.400382226469183,0,0,363,728,82,2143,28,1335,30,28
"897","2020-04-11",188,11,252,684,4186,0.400382226469183,0,0,363,728,74,2217,33,1368,38,33
"898","2020-04-12",190,11,226,693,4186,0.400382226469183,0,0,363,728,87,2304,67,1435,39,67
"899","2020-04-13",191,11,222,665,4186,0.400382226469183,0,0,363,728,81,2385,48,1483,36,48
"900","2020-04-14",182,11,211,657,4186,0.400382226469183,0,0,363,728,69,2454,40,1523,38,40
"901","2020-04-15",174,11,191,649,4186,0.400382226469183,0,0,363,728,82,2536,35,1558,44,35
"902","2020-04-16",189,11,160,622,4186,0.400382226469183,0,0,363,728,70,2606,34,1592,35,34
"903","2020-04-17",189,11,158,636,4186,0.400382226469183,0,0,363,728,68,2674,30,1622,20,30
"904","2020-04-18",195,11,186,654,4186,0.400382226469183,0,0,363,728,74,2748,32,1654,30,32
"905","2020-04-19",198,11,220,653,4186,0.400382226469183,0,0,363,728,70,2818,51,1705,27,51
"906","2020-04-20",200,11,195,650,4186,0.400382226469183,0,0,363,728,74,2892,45,1750,22,45
"907","2020-04-21",194,11,187,651,4186,0.400382226469183,0,0,363,728,78,2970,50,1800,27,50
"908","2020-04-22",189,11,218,653,4186,0.400382226469183,0,0,363,728,56,3026,37,1837,28,37
"909","2020-04-23",173,11,219,658,4186,0.400382226469183,0,0,363,728,61,3087,58,1895,27,58
"910","2020-04-24",176,11,237,659,4186,0.400382226469183,0,0,363,728,43,3130,42,1937,15,42
"911","2020-04-25",175,11,249,622,4186,0.400382226469183,0,0,363,728,71,3201,34,1971,25,34
"912","2020-04-26",163,11,249,615,4186,0.400382226469183,0,0,363,728,46,3247,37,2008,15,37
"913","2020-04-27",162,11,270,602,4186,0.400382226469183,0,0,363,728,65,3312,44,2052,27,44
"914","2020-04-28",173,11,255,593,4186,0.400382226469183,0,0,363,728,52,3364,27,2079,20,27
"915","2020-04-29",180,11,229,578,4186,0.400382226469183,0,0,363,728,53,3417,37,2116,20,37
"916","2020-04-30",186,11,208,559,4186,0.400382226469183,0,0,363,728,61,3478,39,2155,22,39
"917","2020-05-01",179,11,216,542,4186,0.400382226469183,0,0,363,728,61,3539,34,2189,30,34
"918","2020-05-02",171,11,206,530,4186,0.400382226469183,0,0,363,728,62,3601,34,2223,22,34
"919","2020-05-03",172,11,200,514,4186,0.400382226469183,0,0,363,728,69,3670,37,2260,20,37
"920","2020-05-04",159,11,186,498,4186,0.400382226469183,0,0,363,728,40,3710,39,2299,12,39
"921","2020-05-05",153,11,199,485,4186,0.400382226469183,0,0,363,728,46,3756,30,2329,18,30
"922","2020-05-06",141,11,170,477,4186,0.400382226469183,0,0,363,728,50,3806,48,2377,24,48
"923","2020-05-07",134,11,162,463,4186,0.400382226469183,0,0,363,728,46,3852,33,2410,16,33
"924","2020-05-08",131,11,136,462,4186,0.400382226469183,0,0,363,728,53,3905,34,2444,15,34
"925","2020-05-09",123,11,132,452,4186,0.400382226469183,0,0,363,728,55,3960,45,2489,16,45
"926","2020-05-10",119,11,173,447,4186,0.400382226469183,0,0,363,728,42,4002,56,2545,20,56
"927","2020-05-11",129,11,204,437,4186,0.400382226469183,0,0,363,728,47,4049,33,2578,17,33
"928","2020-05-12",126,11,216,428,4186,0.400382226469183,0,0,363,728,35,4084,45,2623,6,45
"929","2020-05-13",129,11,214,441,4186,0.400382226469183,0,0,363,728,38,4122,67,2690,12,67
"930","2020-05-14",129,11,208,425,4186,0.400382226469183,0,0,363,728,35,4157,70,2760,12,70
"931","2020-05-15",122,11,238,415,4186,0.400382226469183,0,0,363,728,35,4192,48,2808,6,48
"932","2020-05-16",127,11,265,406,4186,0.400382226469183,0,0,363,728,35,4227,42,2850,11,42
"933","2020-05-17",129,11,253,406,4186,0.400382226469183,0,0,363,728,36,4263,39,2889,11,39
"934","2020-05-18",124,11,247,399,4186,0.400382226469183,0,0,363,728,22,4285,64,2953,6,64
"935","2020-05-19",122,11,229,399,4186,0.400382226469183,0,0,363,728,33,4318,69,3022,9,69
"936","2020-05-20",120,11,220,382,4186,0.400382226469183,0,0,363,728,28,4346,42,3064,8,42
"937","2020-05-21",112,11,215,354,4186,0.400382226469183,0,0,363,728,35,4381,59,3123,12,59
"938","2020-05-22",108,11,241,330,4186,0.400382226469183,0,0,363,728,29,4410,50,3173,13,50
"939","2020-05-23",100,11,239,316,4186,0.400382226469183,0,0,363,728,21,4431,32,3205,8,32
"940","2020-05-24",98,11,253,283,4186,0.400382226469183,0,0,363,728,31,4462,41,3246,9,41
"941","2020-05-25",88,11,233,282,4186,0.400382226469183,0,0,363,728,41,4503,32,3278,14,32
"942","2020-05-26",89,11,235,277,4186,0.400382226469183,0,0,363,728,26,4529,41,3319,8,41
"943","2020-05-27",78,11,222,271,4186,0.400382226469183,0,0,363,728,26,4555,38,3357,9,38
"944","2020-05-28",81,11,203,268,4186,0.400382226469183,0,0,363,728,26,4581,29,3386,8,29
"945","2020-05-29",77,11,188,263,4186,0.400382226469183,0,0,363,728,27,4608,29,3415,11,29
"946","2020-05-30",76,11,168,243,4186,0.400382226469183,0,0,363,728,24,4632,28,3443,6,28
"947","2020-05-31",69,11,158,232,4186,0.400382226469183,0,0,363,728,18,4650,42,3485,9,42
"948","2020-06-01",69,11,140,234,4186,0.400382226469183,0,0,363,728,21,4671,49,3534,6,49
"949","2020-06-02",62,11,157,225,4186,0.400382226469183,0,0,363,728,21,4692,50,3584,9,50
"950","2020-06-03",59,11,183,215,4186,0.400382226469183,0,0,363,728,17,4709,32,3616,7,32
"951","2020-06-04",56,11,171,209,4186,0.400382226469183,0,0,363,728,12,4721,34,3650,4,34
"952","2020-06-05",62,11,168,210,4186,0.400382226469183,0,0,363,728,20,4741,43,3693,8,43
"953","2020-06-06",58,11,157,203,4186,0.400382226469183,0,0,363,728,16,4757,59,3752,8,59
"954","2020-06-07",56,11,133,197,4186,0.400382226469183,0,0,363,728,13,4770,46,3798,7,46
"955","2020-03-12",1,12,26,86,4428,0.276422764227642,0,0,401,484,21,39,13,35,4,13
"956","2020-03-13",3,12,51,133,4428,0.276422764227642,0,0,401,484,33,72,6,41,10,6
"957","2020-03-14",9,12,67,192,4428,0.276422764227642,0,0,401,484,21,93,5,46,9,5
"958","2020-03-15",12,12,84,237,4428,0.276422764227642,0,0,401,484,23,116,4,50,13,4
"959","2020-03-16",28,12,95,293,4428,0.276422764227642,0,0,401,484,32,148,8,58,17,8
"960","2020-03-17",43,12,96,346,4428,0.276422764227642,0,0,401,484,31,179,27,85,16,27
"961","2020-03-18",53,12,87,392,4428,0.276422764227642,0,0,401,484,40,219,15,100,20,15
"962","2020-03-19",68,12,110,444,4428,0.276422764227642,0,0,401,484,42,261,19,119,20,19
"963","2020-03-20",83,12,108,481,4428,0.276422764227642,0,0,401,484,41,302,31,150,28,31
"964","2020-03-21",97,12,107,522,4428,0.276422764227642,0,0,401,484,55,357,18,168,33,18
"965","2020-03-22",118,12,106,559,4428,0.276422764227642,0,0,401,484,35,392,2,170,24,2
"966","2020-03-23",121,12,112,582,4428,0.276422764227642,0,0,401,484,43,435,12,182,29,12
"967","2020-03-24",124,12,110,594,4428,0.276422764227642,0,0,401,484,72,507,31,213,47,31
"968","2020-03-25",144,12,115,604,4428,0.276422764227642,0,0,401,484,50,557,46,259,32,46
"969","2020-03-26",157,12,126,607,4428,0.276422764227642,0,0,401,484,74,631,41,300,59,41
"970","2020-03-27",165,12,137,606,4428,0.276422764227642,0,0,401,484,66,697,43,343,49,43
"971","2020-03-28",167,12,153,615,4428,0.276422764227642,0,0,401,484,73,770,56,399,49,56
"972","2020-03-29",171,12,164,605,4428,0.276422764227642,0,0,401,484,60,830,42,441,40,42
"973","2020-03-30",178,12,153,602,4428,0.276422764227642,0,0,401,484,71,901,19,460,47,19
"974","2020-03-31",189,12,161,613,4428,0.276422764227642,0,0,401,484,75,976,21,481,55,21
"975","2020-04-01",185,12,155,591,4428,0.276422764227642,0,0,401,484,80,1056,43,524,58,43
"976","2020-04-02",179,12,157,575,4428,0.276422764227642,0,0,401,484,77,1133,46,570,54,46
"977","2020-04-03",179,12,152,581,4428,0.276422764227642,0,0,401,484,81,1214,42,612,59,42
"978","2020-04-04",182,12,183,583,4428,0.276422764227642,0,0,401,484,69,1283,32,644,49,32
"979","2020-04-05",179,12,190,581,4428,0.276422764227642,0,0,401,484,87,1370,22,666,67,22
"980","2020-04-06",175,12,186,591,4428,0.276422764227642,0,0,401,484,97,1467,58,724,73,58
"981","2020-04-07",176,12,183,592,4428,0.276422764227642,0,0,401,484,96,1563,51,775,78,51
"982","2020-04-08",172,12,178,584,4428,0.276422764227642,0,0,401,484,65,1628,62,837,55,62
"983","2020-04-09",163,12,169,596,4428,0.276422764227642,0,0,401,484,88,1716,55,892,67,55
"984","2020-04-10",167,12,190,601,4428,0.276422764227642,0,0,401,484,74,1790,46,938,58,46
"985","2020-04-11",165,12,189,605,4428,0.276422764227642,0,0,401,484,102,1892,30,968,81,30
"986","2020-04-12",162,12,186,626,4428,0.276422764227642,0,0,401,484,80,1972,36,1004,52,36
"987","2020-04-13",166,12,172,627,4428,0.276422764227642,0,0,401,484,92,2064,24,1028,79,24
"988","2020-04-14",161,12,191,631,4428,0.276422764227642,0,0,401,484,74,2138,52,1080,54,52
"989","2020-04-15",167,12,199,647,4428,0.276422764227642,0,0,401,484,76,2214,33,1113,52,33
"990","2020-04-16",183,12,187,662,4428,0.276422764227642,0,0,401,484,69,2283,32,1145,55,32
"991","2020-04-17",173,12,169,659,4428,0.276422764227642,0,0,401,484,75,2358,29,1174,57,29
"992","2020-04-18",182,12,184,659,4428,0.276422764227642,0,0,401,484,72,2430,47,1221,60,47
"993","2020-04-19",183,12,180,678,4428,0.276422764227642,0,0,401,484,64,2494,38,1259,51,38
"994","2020-04-20",186,12,172,685,4428,0.276422764227642,0,0,401,484,79,2573,18,1277,49,18
"995","2020-04-21",183,12,190,693,4428,0.276422764227642,0,0,401,484,60,2633,15,1292,45,15
"996","2020-04-22",177,12,189,685,4428,0.276422764227642,0,0,401,484,59,2692,31,1323,43,31
"997","2020-04-23",181,12,194,685,4428,0.276422764227642,0,0,401,484,59,2751,47,1370,41,47
"998","2020-04-24",197,12,197,679,4428,0.276422764227642,0,0,401,484,57,2808,57,1427,41,57
"999","2020-04-25",195,12,237,663,4428,0.276422764227642,0,0,401,484,72,2880,53,1480,56,53
"1000","2020-04-26",195,12,245,685,4428,0.276422764227642,0,0,401,484,66,2946,29,1509,44,29
"1001","2020-04-27",191,12,252,679,4428,0.276422764227642,0,0,401,484,76,3022,43,1552,53,43
"1002","2020-04-28",190,12,251,673,4428,0.276422764227642,0,0,401,484,57,3079,57,1609,42,57
"1003","2020-04-29",195,12,245,662,4428,0.276422764227642,0,0,401,484,60,3139,35,1644,41,35
"1004","2020-04-30",195,12,238,665,4428,0.276422764227642,0,0,401,484,78,3217,44,1688,62,44
"1005","2020-05-01",184,12,235,649,4428,0.276422764227642,0,0,401,484,62,3279,20,1708,47,20
"1006","2020-05-02",173,12,249,622,4428,0.276422764227642,0,0,401,484,64,3343,23,1731,48,23
"1007","2020-05-03",178,12,237,601,4428,0.276422764227642,0,0,401,484,53,3396,30,1761,36,30
"1008","2020-05-04",176,12,228,607,4428,0.276422764227642,0,0,401,484,46,3442,64,1825,25,64
"1009","2020-05-05",182,12,215,600,4428,0.276422764227642,0,0,401,484,65,3507,44,1869,47,44
"1010","2020-05-06",176,12,196,584,4428,0.276422764227642,0,0,401,484,44,3551,55,1924,31,55
"1011","2020-05-07",166,12,196,550,4428,0.276422764227642,0,0,401,484,48,3599,30,1954,40,30
"1012","2020-05-08",164,12,212,549,4428,0.276422764227642,0,0,401,484,56,3655,35,1989,32,35
"1013","2020-05-09",165,12,236,550,4428,0.276422764227642,0,0,401,484,51,3706,45,2034,37,45
"1014","2020-05-10",155,12,226,535,4428,0.276422764227642,0,0,401,484,30,3736,33,2067,23,33
"1015","2020-05-11",150,12,234,533,4428,0.276422764227642,0,0,401,484,44,3780,52,2119,30,52
"1016","2020-05-12",148,12,247,535,4428,0.276422764227642,0,0,401,484,42,3822,26,2145,28,26
"1017","2020-05-13",142,12,263,539,4428,0.276422764227642,0,0,401,484,41,3863,29,2174,27,29
"1018","2020-05-14",136,12,266,528,4428,0.276422764227642,0,0,401,484,38,3901,48,2222,18,48
"1019","2020-05-15",137,12,269,521,4428,0.276422764227642,0,0,401,484,52,3953,40,2262,36,40
"1020","2020-05-16",141,12,275,512,4428,0.276422764227642,0,0,401,484,26,3979,24,2286,16,24
"1021","2020-05-17",146,12,246,498,4428,0.276422764227642,0,0,401,484,32,4011,42,2328,23,42
"1022","2020-05-18",147,12,244,485,4428,0.276422764227642,0,0,401,484,38,4049,18,2346,19,18
"1023","2020-05-19",142,12,218,467,4428,0.276422764227642,0,0,401,484,26,4075,17,2363,17,17
"1024","2020-05-20",143,12,220,446,4428,0.276422764227642,0,0,401,484,32,4107,11,2374,16,11
"1025","2020-05-21",155,12,204,445,4428,0.276422764227642,0,0,401,484,28,4135,12,2386,21,12
"1026","2020-05-22",152,12,200,424,4428,0.276422764227642,0,0,401,484,36,4171,31,2417,25,31
"1027","2020-05-23",143,12,203,416,4428,0.276422764227642,0,0,401,484,23,4194,14,2431,19,14
"1028","2020-05-24",132,12,206,410,4428,0.276422764227642,0,0,401,484,28,4222,13,2444,15,13
"1029","2020-05-25",126,12,195,399,4428,0.276422764227642,0,0,401,484,25,4247,37,2481,14,37
"1030","2020-05-26",115,12,192,385,4428,0.276422764227642,0,0,401,484,23,4270,23,2504,14,23
"1031","2020-05-27",123,12,185,364,4428,0.276422764227642,0,0,401,484,22,4292,36,2540,15,36
"1032","2020-05-28",102,12,200,347,4428,0.276422764227642,0,0,401,484,32,4324,41,2581,20,41
"1033","2020-05-29",106,12,183,331,4428,0.276422764227642,0,0,401,484,27,4351,35,2616,15,35
"1034","2020-05-30",105,12,173,305,4428,0.276422764227642,0,0,401,484,28,4379,37,2653,16,37
"1035","2020-05-31",102,12,172,304,4428,0.276422764227642,0,0,401,484,23,4402,41,2694,17,41
"1036","2020-06-01",101,12,181,298,4428,0.276422764227642,0,0,401,484,21,4423,34,2728,15,34
"1037","2020-06-02",106,12,199,283,4428,0.276422764227642,0,0,401,484,23,4446,22,2750,18,22
"1038","2020-06-03",95,12,172,255,4428,0.276422764227642,0,0,401,484,23,4469,43,2793,14,43
"1039","2020-06-04",93,12,165,252,4428,0.276422764227642,0,0,401,484,13,4482,25,2818,9,25
"1040","2020-06-05",77,12,161,234,4428,0.276422764227642,0,0,401,484,16,4498,26,2844,10,26
"1041","2020-06-06",73,12,161,231,4428,0.276422764227642,0,0,401,484,11,4509,23,2867,6,23
"1042","2020-06-07",69,12,152,214,4428,0.276422764227642,0,0,401,484,18,4527,21,2888,15,21
"1043","2020-03-13",1,13,22,35,2222,0.525652565256526,0,0,196,577,21,61,13,36,1,13
"1044","2020-03-14",3,13,30,47,2222,0.525652565256526,0,0,196,577,36,97,7,43,9,7
"1045","2020-03-15",3,13,42,64,2222,0.525652565256526,0,0,196,577,35,132,6,49,5,6
"1046","2020-03-16",5,13,49,84,2222,0.525652565256526,0,0,196,577,49,181,3,52,14,3
"1047","2020-03-17",8,13,59,101,2222,0.525652565256526,0,0,196,577,39,220,10,62,16,10
"1048","2020-03-18",9,13,70,124,2222,0.525652565256526,0,0,196,577,41,261,8,70,17,8
"1049","2020-03-19",17,13,74,142,2222,0.525652565256526,0,0,196,577,46,307,15,85,25,15
"1050","2020-03-20",21,13,76,157,2222,0.525652565256526,0,0,196,577,51,358,16,101,32,16
"1051","2020-03-21",26,13,60,171,2222,0.525652565256526,0,0,196,577,42,400,18,119,15,18
"1052","2020-03-22",32,13,59,194,2222,0.525652565256526,0,0,196,577,49,449,17,136,18,17
"1053","2020-03-23",37,13,67,218,2222,0.525652565256526,0,0,196,577,54,503,11,147,25,11
"1054","2020-03-24",46,13,90,239,2222,0.525652565256526,0,0,196,577,40,543,22,169,17,22
"1055","2020-03-25",51,13,120,241,2222,0.525652565256526,0,0,196,577,47,590,24,193,19,24
"1056","2020-03-26",54,13,120,256,2222,0.525652565256526,0,0,196,577,54,644,14,207,25,14
"1057","2020-03-27",58,13,129,271,2222,0.525652565256526,0,0,196,577,38,682,14,221,18,14
"1058","2020-03-28",67,13,125,282,2222,0.525652565256526,0,0,196,577,55,737,16,237,27,16
"1059","2020-03-29",78,13,112,295,2222,0.525652565256526,0,0,196,577,63,800,12,249,34,12
"1060","2020-03-30",78,13,129,305,2222,0.525652565256526,0,0,196,577,58,858,10,259,28,10
"1061","2020-03-31",84,13,136,310,2222,0.525652565256526,0,0,196,577,56,914,9,268,30,9
"1062","2020-04-01",92,13,139,322,2222,0.525652565256526,0,0,196,577,67,981,16,284,38,16
"1063","2020-04-02",93,13,135,333,2222,0.525652565256526,0,0,196,577,61,1042,28,312,29,28
"1064","2020-04-03",98,13,147,347,2222,0.525652565256526,0,0,196,577,50,1092,21,333,20,21
"1065","2020-04-04",94,13,156,360,2222,0.525652565256526,0,0,196,577,65,1157,11,344,37,11
"1066","2020-04-05",92,13,143,373,2222,0.525652565256526,0,0,196,577,59,1216,26,370,31,26
"1067","2020-04-06",109,13,148,390,2222,0.525652565256526,0,0,196,577,58,1274,16,386,23,16
"1068","2020-04-07",103,13,163,394,2222,0.525652565256526,0,0,196,577,64,1338,27,413,36,27
"1069","2020-04-08",105,13,168,414,2222,0.525652565256526,0,0,196,577,77,1415,38,451,51,38
"1070","2020-04-09",107,13,199,424,2222,0.525652565256526,0,0,196,577,62,1477,26,477,37,26
"1071","2020-04-10",118,13,219,425,2222,0.525652565256526,0,0,196,577,75,1552,27,504,32,27
"1072","2020-04-11",124,13,247,432,2222,0.525652565256526,0,0,196,577,55,1607,30,534,31,30
"1073","2020-04-12",120,13,243,407,2222,0.525652565256526,0,0,196,577,53,1660,30,564,23,30
"1074","2020-04-13",117,13,257,393,2222,0.525652565256526,0,0,196,577,36,1696,31,595,15,31
"1075","2020-04-14",119,13,246,394,2222,0.525652565256526,0,0,196,577,48,1744,29,624,25,29
"1076","2020-04-15",113,13,238,395,2222,0.525652565256526,0,0,196,577,34,1778,29,653,12,29
"1077","2020-04-16",118,13,260,376,2222,0.525652565256526,0,0,196,577,54,1832,24,677,23,24
"1078","2020-04-17",108,13,274,369,2222,0.525652565256526,0,0,196,577,49,1881,27,704,18,27
"1079","2020-04-18",107,13,269,352,2222,0.525652565256526,0,0,196,577,48,1929,38,742,18,38
"1080","2020-04-19",110,13,242,354,2222,0.525652565256526,0,0,196,577,39,1968,43,785,17,43
"1081","2020-04-20",100,13,217,344,2222,0.525652565256526,0,0,196,577,51,2019,41,826,12,41
"1082","2020-04-21",101,13,228,341,2222,0.525652565256526,0,0,196,577,48,2067,24,850,16,24
"1083","2020-04-22",105,13,244,335,2222,0.525652565256526,0,0,196,577,51,2118,16,866,18,16
"1084","2020-04-23",103,13,263,314,2222,0.525652565256526,0,0,196,577,44,2162,21,887,19,21
"1085","2020-04-24",99,13,245,308,2222,0.525652565256526,0,0,196,577,34,2196,39,926,15,39
"1086","2020-04-25",91,13,238,296,2222,0.525652565256526,0,0,196,577,41,2237,30,956,12,30
"1087","2020-04-26",87,13,216,291,2222,0.525652565256526,0,0,196,577,42,2279,39,995,7,39
"1088","2020-04-27",87,13,209,269,2222,0.525652565256526,0,0,196,577,45,2324,37,1032,20,37
"1089","2020-04-28",82,13,197,272,2222,0.525652565256526,0,0,196,577,46,2370,24,1056,18,24
"1090","2020-04-29",79,13,239,273,2222,0.525652565256526,0,0,196,577,48,2418,17,1073,21,17
"1091","2020-04-30",70,13,255,290,2222,0.525652565256526,0,0,196,577,41,2459,22,1095,14,22
"1092","2020-05-01",71,13,248,287,2222,0.525652565256526,0,0,196,577,44,2503,31,1126,22,31
"1093","2020-05-02",74,13,251,286,2222,0.525652565256526,0,0,196,577,37,2540,42,1168,13,42
"1094","2020-05-03",76,13,234,293,2222,0.525652565256526,0,0,196,577,33,2573,30,1198,10,30
"1095","2020-05-04",71,13,215,295,2222,0.525652565256526,0,0,196,577,35,2608,32,1230,13,32
"1096","2020-05-05",68,13,211,303,2222,0.525652565256526,0,0,196,577,62,2670,29,1259,16,29
"1097","2020-05-06",66,13,233,307,2222,0.525652565256526,0,0,196,577,43,2713,30,1289,16,30
"1098","2020-05-07",71,13,248,304,2222,0.525652565256526,0,0,196,577,40,2753,26,1315,17,26
"1099","2020-05-08",66,13,232,296,2222,0.525652565256526,0,0,196,577,34,2787,13,1328,10,13
"1100","2020-05-09",64,13,223,291,2222,0.525652565256526,0,0,196,577,36,2823,23,1351,8,23
"1101","2020-05-10",62,13,212,292,2222,0.525652565256526,0,0,196,577,42,2865,17,1368,14,17
"1102","2020-05-11",69,13,207,288,2222,0.525652565256526,0,0,196,577,43,2908,36,1404,13,36
"1103","2020-05-12",78,13,218,294,2222,0.525652565256526,0,0,196,577,38,2946,15,1419,14,15
"1104","2020-05-13",84,13,243,291,2222,0.525652565256526,0,0,196,577,40,2986,29,1448,11,29
"1105","2020-05-14",86,13,264,283,2222,0.525652565256526,0,0,196,577,31,3017,26,1474,12,26
"1106","2020-05-15",90,13,265,281,2222,0.525652565256526,0,0,196,577,36,3053,20,1494,11,20
"1107","2020-05-16",90,13,247,257,2222,0.525652565256526,0,0,196,577,38,3091,17,1511,12,17
"1108","2020-05-17",93,13,235,261,2222,0.525652565256526,0,0,196,577,36,3127,20,1531,16,20
"1109","2020-05-18",86,13,234,246,2222,0.525652565256526,0,0,196,577,32,3159,12,1543,16,12
"1110","2020-05-19",83,13,227,241,2222,0.525652565256526,0,0,196,577,28,3187,18,1561,11,18
"1111","2020-05-20",78,13,225,222,2222,0.525652565256526,0,0,196,577,29,3216,24,1585,17,24
"1112","2020-05-21",69,13,214,216,2222,0.525652565256526,0,0,196,577,30,3246,20,1605,12,20
"1113","2020-05-22",71,13,198,214,2222,0.525652565256526,0,0,196,577,37,3283,13,1618,13,13
"1114","2020-05-23",75,13,177,206,2222,0.525652565256526,0,0,196,577,26,3309,21,1639,12,21
"1115","2020-05-24",72,13,176,197,2222,0.525652565256526,0,0,196,577,20,3329,15,1654,8,15
"1116","2020-05-25",72,13,194,187,2222,0.525652565256526,0,0,196,577,34,3363,10,1664,11,10
"1117","2020-05-26",66,13,200,182,2222,0.525652565256526,0,0,196,577,23,3386,14,1678,10,14
"1118","2020-05-27",61,13,212,172,2222,0.525652565256526,0,0,196,577,28,3414,10,1688,16,10
"1119","2020-05-28",60,13,221,175,2222,0.525652565256526,0,0,196,577,27,3441,11,1699,14,11
"1120","2020-05-29",52,13,205,161,2222,0.525652565256526,0,0,196,577,25,3466,4,1703,10,4
"1121","2020-05-30",46,13,214,153,2222,0.525652565256526,0,0,196,577,27,3493,10,1713,18,10
"1122","2020-05-31",38,13,213,156,2222,0.525652565256526,0,0,196,577,25,3518,21,1734,9,21
"1123","2020-06-01",41,13,201,146,2222,0.525652565256526,0,0,196,577,18,3536,7,1741,11,7
"1124","2020-06-02",40,13,212,142,2222,0.525652565256526,0,0,196,577,23,3559,5,1746,15,5
"1125","2020-06-03",41,13,226,137,2222,0.525652565256526,0,0,196,577,16,3575,4,1750,10,4
"1126","2020-06-04",41,13,221,139,2222,0.525652565256526,0,0,196,577,29,3604,5,1755,17,5
"1127","2020-06-05",43,13,234,144,2222,0.525652565256526,0,0,196,577,19,3623,4,1759,13,4
"1128","2020-06-06",45,13,227,151,2222,0.525652565256526,0,0,196,577,13,3636,7,1766,6,7
"1129","2020-06-07",57,13,220,147,2222,0.525652565256526,0,0,196,577,16,3652,14,1780,11,14
"1130","2020-03-14",2,14,97,86,6476,0.874150710315009,0,0,610,743,39,132,11,67,25,11
"1131","2020-03-15",6,14,95,119,6476,0.874150710315009,0,0,610,743,60,192,36,103,47,36
"1132","2020-03-16",8,14,110,151,6476,0.874150710315009,0,0,610,743,83,275,22,125,64,22
"1133","2020-03-17",16,14,108,190,6476,0.874150710315009,0,0,610,743,105,380,5,130,87,5
"1134","2020-03-18",20,14,108,225,6476,0.874150710315009,0,0,610,743,101,481,9,139,85,9
"1135","2020-03-19",30,14,133,278,6476,0.874150710315009,0,0,610,743,123,604,10,149,105,10
"1136","2020-03-20",44,14,145,337,6476,0.874150710315009,0,0,610,743,180,784,44,193,160,44
"1137","2020-03-21",49,14,151,412,6476,0.874150710315009,0,0,610,743,177,961,17,210,157,17
"1138","2020-03-22",64,14,159,478,6476,0.874150710315009,0,0,610,743,262,1223,15,225,243,15
"1139","2020-03-23",88,14,171,551,6476,0.874150710315009,0,0,610,743,280,1503,21,246,256,21
"1140","2020-03-24",106,14,171,625,6476,0.874150710315009,0,0,610,743,326,1829,56,302,310,56
"1141","2020-03-25",126,14,169,725,6476,0.874150710315009,0,0,610,743,395,2224,33,335,383,33
"1142","2020-03-26",146,14,160,804,6476,0.874150710315009,0,0,610,743,381,2605,38,373,359,38
"1143","2020-03-27",162,14,158,863,6476,0.874150710315009,0,0,610,743,603,3208,26,399,588,26
"1144","2020-03-28",180,14,161,953,6476,0.874150710315009,0,0,610,743,491,3699,20,419,481,20
"1145","2020-03-29",201,14,147,1038,6476,0.874150710315009,0,0,610,743,526,4225,21,440,514,21
"1146","2020-03-30",205,14,149,1147,6476,0.874150710315009,0,0,610,743,520,4745,16,456,504,16
"1147","2020-03-31",215,14,146,1266,6476,0.874150710315009,0,0,610,743,431,5176,7,463,421,7
"1148","2020-04-01",239,14,142,1361,6476,0.874150710315009,0,0,610,743,340,5516,38,501,334,38
"1149","2020-04-02",259,14,157,1462,6476,0.874150710315009,0,0,610,743,315,5831,23,524,309,23
"1150","2020-04-03",285,14,170,1519,6476,0.874150710315009,0,0,610,743,249,6080,26,550,242,26
"1151","2020-04-04",312,14,186,1649,6476,0.874150710315009,0,0,610,743,332,6412,34,584,327,34
"1152","2020-04-05",342,14,177,1726,6476,0.874150710315009,0,0,610,743,184,6596,12,596,178,12
"1153","2020-04-06",388,14,178,1807,6476,0.874150710315009,0,0,610,743,192,6788,5,601,181,5
"1154","2020-04-07",427,14,190,1843,6476,0.874150710315009,0,0,610,743,109,6897,8,609,101,8
"1155","2020-04-08",449,14,192,1891,6476,0.874150710315009,0,0,610,743,124,7021,5,614,121,5
"1156","2020-04-09",474,14,204,1949,6476,0.874150710315009,0,0,610,743,103,7124,36,650,100,36
"1157","2020-04-10",501,14,204,1993,6476,0.874150710315009,0,0,610,743,66,7190,36,686,63,36
"1158","2020-04-11",519,14,212,2020,6476,0.874150710315009,0,0,610,743,42,7232,60,746,41,60
"1159","2020-04-12",534,14,238,1985,6476,0.874150710315009,0,0,610,743,55,7287,45,791,51,45
"1160","2020-04-13",537,14,251,1953,6476,0.874150710315009,0,0,610,743,55,7342,55,846,54,55
"1161","2020-04-14",534,14,264,1908,6476,0.874150710315009,0,0,610,743,30,7372,42,888,25,42
"1162","2020-04-15",538,14,282,1867,6476,0.874150710315009,0,0,610,743,27,7399,48,936,23,48
"1163","2020-04-16",538,14,286,1831,6476,0.874150710315009,0,0,610,743,21,7420,31,967,19,31
"1164","2020-04-17",537,14,252,1766,6476,0.874150710315009,0,0,610,743,20,7440,22,989,20,22
"1165","2020-04-18",533,14,224,1710,6476,0.874150710315009,0,0,610,743,11,7451,30,1019,10,30
"1166","2020-04-19",520,14,217,1635,6476,0.874150710315009,0,0,610,743,17,7468,29,1048,14,29
"1167","2020-04-20",518,14,206,1580,6476,0.874150710315009,0,0,610,743,16,7484,16,1064,13,16
"1168","2020-04-21",506,14,188,1491,6476,0.874150710315009,0,0,610,743,6,7490,10,1074,5,10
"1169","2020-04-22",493,14,177,1445,6476,0.874150710315009,0,0,610,743,10,7500,10,1084,9,10
"1170","2020-04-23",477,14,162,1338,6476,0.874150710315009,0,0,610,743,7,7507,37,1121,5,37
"1171","2020-04-24",459,14,189,1245,6476,0.874150710315009,0,0,610,743,3,7510,19,1140,2,19
"1172","2020-04-25",453,14,177,1171,6476,0.874150710315009,0,0,610,743,5,7515,22,1162,2,22
"1173","2020-04-26",426,14,168,1115,6476,0.874150710315009,0,0,610,743,4,7519,23,1185,4,23
"1174","2020-04-27",390,14,153,1022,6476,0.874150710315009,0,0,610,743,6,7525,14,1199,4,14
"1175","2020-04-28",370,14,161,938,6476,0.874150710315009,0,0,610,743,5,7530,9,1208,5,9
"1176","2020-04-29",337,14,196,871,6476,0.874150710315009,0,0,610,743,3,7533,11,1219,2,11
"1177","2020-04-30",306,14,208,792,6476,0.874150710315009,0,0,610,743,2,7535,7,1226,NA,7
"1178","2020-05-01",269,14,203,744,6476,0.874150710315009,0,0,610,743,2,7537,11,1237,NA,11
"1179","2020-05-02",232,14,226,684,6476,0.874150710315009,0,0,610,743,5,7542,39,1276,2,39
"1180","2020-05-03",215,14,226,623,6476,0.874150710315009,0,0,610,743,4,7546,64,1340,NA,64
"1181","2020-05-04",201,14,238,572,6476,0.874150710315009,0,0,610,743,3,7549,36,1376,3,36
"1182","2020-05-05",182,14,245,530,6476,0.874150710315009,0,0,610,743,8,7557,33,1409,2,33
"1183","2020-05-06",176,14,268,482,6476,0.874150710315009,0,0,610,743,6,7563,18,1427,1,18
"1184","2020-05-07",174,14,257,451,6476,0.874150710315009,0,0,610,743,3,7566,5,1432,1,5
"1185","2020-05-08",163,14,260,409,6476,0.874150710315009,0,0,610,743,2,7568,10,1442,1,10
"1186","2020-05-09",157,14,244,391,6476,0.874150710315009,0,0,610,743,NA,NA,47,1489,NA,47
"1187","2020-05-10",144,14,242,373,6476,0.874150710315009,0,0,610,743,2,7570,50,1539,2,50
"1188","2020-05-11",128,14,248,339,6476,0.874150710315009,0,0,610,743,1,7571,18,1557,NA,18
"1189","2020-05-12",121,14,229,327,6476,0.874150710315009,0,0,610,743,4,7575,32,1589,3,32
"1190","2020-05-13",113,14,214,315,6476,0.874150710315009,0,0,610,743,5,7580,19,1608,2,19
"1191","2020-05-14",99,14,204,284,6476,0.874150710315009,0,0,610,743,2,7582,61,1669,2,61
"1192","2020-05-15",92,14,184,266,6476,0.874150710315009,0,0,610,743,2,7584,55,1724,2,55
"1193","2020-05-16",93,14,184,251,6476,0.874150710315009,0,0,610,743,5,7589,32,1756,2,32
"1194","2020-05-17",83,14,195,238,6476,0.874150710315009,0,0,610,743,1,7590,12,1768,NA,12
"1195","2020-05-18",84,14,200,214,6476,0.874150710315009,0,0,610,743,NA,NA,13,1781,NA,13
"1196","2020-05-19",78,14,199,206,6476,0.874150710315009,0,0,610,743,6,7596,9,1790,4,9
"1197","2020-05-20",66,14,224,198,6476,0.874150710315009,0,0,610,743,1,7597,16,1806,1,16
"1198","2020-05-21",68,14,217,187,6476,0.874150710315009,0,0,610,743,3,7600,9,1815,3,9
"1199","2020-05-22",70,14,213,180,6476,0.874150710315009,0,0,610,743,1,7601,10,1825,1,10
"1200","2020-05-23",60,14,221,174,6476,0.874150710315009,0,0,610,743,2,7603,12,1837,1,12
"1201","2020-05-24",60,14,230,173,6476,0.874150710315009,0,0,610,743,2,7605,11,1848,2,11
"1202","2020-05-25",55,14,229,163,6476,0.874150710315009,0,0,610,743,1,7606,33,1881,NA,33
"1203","2020-05-26",53,14,239,150,6476,0.874150710315009,0,0,610,743,NA,NA,57,1938,NA,57
"1204","2020-05-27",52,14,237,149,6476,0.874150710315009,0,0,610,743,5,7611,33,1971,3,33
"1205","2020-05-28",49,14,227,147,6476,0.874150710315009,0,0,610,743,1,7612,21,1992,1,21
"1206","2020-05-29",44,14,205,146,6476,0.874150710315009,0,0,610,743,4,7616,11,2003,1,11
"1207","2020-05-30",37,14,225,137,6476,0.874150710315009,0,0,610,743,2,7618,9,2012,1,9
"1208","2020-05-31",40,14,210,132,6476,0.874150710315009,0,0,610,743,2,7620,27,2039,1,27
"1209","2020-06-01",43,14,190,138,6476,0.874150710315009,0,0,610,743,1,7621,25,2064,1,25
"1210","2020-06-02",45,14,198,125,6476,0.874150710315009,0,0,610,743,2,7623,32,2096,2,32
"1211","2020-06-03",50,14,192,120,6476,0.874150710315009,0,0,610,743,6,7629,22,2118,4,22
"1212","2020-06-04",42,14,180,111,6476,0.874150710315009,0,0,610,743,2,7631,15,2133,NA,15
"1213","2020-06-05",40,14,169,101,6476,0.874150710315009,0,0,610,743,NA,NA,11,2144,NA,11
"1214","2020-06-06",40,14,163,102,6476,0.874150710315009,0,0,610,743,3,7634,9,2153,1,9
"1215","2020-06-07",36,14,151,103,6476,0.874150710315009,0,0,610,743,2,7636,7,2160,2,7
"1216","2020-03-13",3,15,85,167,8614,0.834107267239378,0,0,829,987,48,148,16,25,3,16
"1217","2020-03-14",5,15,103,245,8614,0.834107267239378,0,0,829,987,44,192,11,36,4,11
"1218","2020-03-15",12,15,140,347,8614,0.834107267239378,0,0,829,987,48,240,17,53,13,17
"1219","2020-03-16",22,15,190,485,8614,0.834107267239378,0,0,829,987,53,293,17,70,10,17
"1220","2020-03-17",45,15,210,670,8614,0.834107267239378,0,0,829,987,67,360,13,83,20,13
"1221","2020-03-18",70,15,230,888,8614,0.834107267239378,0,0,829,987,60,420,16,99,14,16
"1222","2020-03-19",102,15,234,1169,8614,0.834107267239378,0,0,829,987,70,490,14,113,27,14
"1223","2020-03-20",139,15,246,1536,8614,0.834107267239378,0,0,829,987,46,536,10,123,14,10
"1224","2020-03-21",191,15,223,1897,8614,0.834107267239378,0,0,829,987,70,606,10,133,27,10
"1225","2020-03-22",248,15,217,2444,8614,0.834107267239378,0,0,829,987,80,686,14,147,32,14
"1226","2020-03-23",318,15,208,2968,8614,0.834107267239378,0,0,829,987,72,758,26,173,25,26
"1227","2020-03-24",399,15,244,3443,8614,0.834107267239378,0,0,829,987,80,838,15,188,30,15
"1228","2020-03-25",494,15,225,3994,8614,0.834107267239378,0,0,829,987,66,904,18,206,19,18
"1229","2020-03-26",609,15,220,4387,8614,0.834107267239378,0,0,829,987,67,971,27,233,25,27
"1230","2020-03-27",751,15,188,4689,8614,0.834107267239378,0,0,829,987,63,1034,22,255,29,22
"1231","2020-03-28",866,15,180,4869,8614,0.834107267239378,0,0,829,987,67,1101,16,271,18,16
"1232","2020-03-29",976,15,226,4921,8614,0.834107267239378,0,0,829,987,73,1174,8,279,34,8
"1233","2020-03-30",1120,15,214,5002,8614,0.834107267239378,0,0,829,987,70,1244,17,296,31,17
"1234","2020-03-31",1241,15,182,4922,8614,0.834107267239378,0,0,829,987,77,1321,27,323,25,27
"1235","2020-04-01",1326,15,163,4676,8614,0.834107267239378,0,0,829,987,69,1390,18,341,26,18
"1236","2020-04-02",1365,15,154,4331,8614,0.834107267239378,0,0,829,987,74,1464,16,357,32,16
"1237","2020-04-03",1357,15,137,4012,8614,0.834107267239378,0,0,829,987,85,1549,26,383,35,26
"1238","2020-04-04",1356,15,131,3611,8614,0.834107267239378,0,0,829,987,71,1620,24,407,25,24
"1239","2020-04-05",1327,15,120,3160,8614,0.834107267239378,0,0,829,987,85,1705,28,435,28,28
"1240","2020-04-06",1231,15,145,2756,8614,0.834107267239378,0,0,829,987,65,1770,17,452,27,17
"1241","2020-04-07",1110,15,204,2363,8614,0.834107267239378,0,0,829,987,69,1839,15,467,16,15
"1242","2020-04-08",991,15,288,1984,8614,0.834107267239378,0,0,829,987,78,1917,9,476,29,9
"1243","2020-04-09",889,15,283,1673,8614,0.834107267239378,0,0,829,987,67,1984,37,513,24,37
"1244","2020-04-10",778,15,247,1442,8614,0.834107267239378,0,0,829,987,74,2058,20,533,21,20
"1245","2020-04-11",649,15,222,1213,8614,0.834107267239378,0,0,829,987,75,2133,13,546,24,13
"1246","2020-04-12",548,15,221,1031,8614,0.834107267239378,0,0,829,987,68,2201,22,568,29,22
"1247","2020-04-13",454,15,204,848,8614,0.834107267239378,0,0,829,987,76,2277,35,603,19,35
"1248","2020-04-14",385,15,189,676,8614,0.834107267239378,0,0,829,987,64,2341,24,627,22,24
"1249","2020-04-15",325,15,183,555,8614,0.834107267239378,0,0,829,987,77,2418,11,638,14,11
"1250","2020-04-16",262,15,170,460,8614,0.834107267239378,0,0,829,987,53,2471,31,669,12,31
"1251","2020-04-17",212,15,154,398,8614,0.834107267239378,0,0,829,987,65,2536,36,705,25,36
"1252","2020-04-18",190,15,161,345,8614,0.834107267239378,0,0,829,987,61,2597,35,740,15,35
"1253","2020-04-19",158,15,196,287,8614,0.834107267239378,0,0,829,987,71,2668,19,759,20,19
"1254","2020-04-20",133,15,197,260,8614,0.834107267239378,0,0,829,987,53,2721,40,799,15,40
"1255","2020-04-21",105,15,170,217,8614,0.834107267239378,0,0,829,987,58,2779,20,819,12,20
"1256","2020-04-22",86,15,208,190,8614,0.834107267239378,0,0,829,987,74,2853,18,837,17,18
"1257","2020-04-23",76,15,246,158,8614,0.834107267239378,0,0,829,987,65,2918,12,849,16,12
"1258","2020-04-24",68,15,246,138,8614,0.834107267239378,0,0,829,987,62,2980,35,884,17,35
"1259","2020-04-25",55,15,222,126,8614,0.834107267239378,0,0,829,987,68,3048,37,921,14,37
"1260","2020-04-26",46,15,205,116,8614,0.834107267239378,0,0,829,987,72,3120,16,937,17,16
"1261","2020-04-27",39,15,239,100,8614,0.834107267239378,0,0,829,987,68,3188,28,965,19,28
"1262","2020-04-28",36,15,227,95,8614,0.834107267239378,0,0,829,987,55,3243,34,999,17,34
"1263","2020-04-29",31,15,199,82,8614,0.834107267239378,0,0,829,987,60,3303,24,1023,14,24
"1264","2020-04-30",21,15,178,76,8614,0.834107267239378,0,0,829,987,48,3351,17,1040,15,17
"1265","2020-05-01",19,15,189,65,8614,0.834107267239378,0,0,829,987,56,3407,39,1079,18,39
"1266","2020-05-02",18,15,274,60,8614,0.834107267239378,0,0,829,987,48,3455,37,1116,15,37
"1267","2020-05-03",17,15,267,61,8614,0.834107267239378,0,0,829,987,61,3516,33,1149,18,33
"1268","2020-05-04",17,15,247,57,8614,0.834107267239378,0,0,829,987,54,3570,47,1196,14,47
"1269","2020-05-05",14,15,202,53,8614,0.834107267239378,0,0,829,987,46,3616,39,1235,13,39
"1270","2020-05-06",18,15,198,52,8614,0.834107267239378,0,0,829,987,50,3666,38,1273,16,38
"1271","2020-05-07",20,15,165,53,8614,0.834107267239378,0,0,829,987,39,3705,33,1306,10,33
"1272","2020-05-08",19,15,183,52,8614,0.834107267239378,0,0,829,987,44,3749,21,1327,13,21
"1273","2020-05-09",19,15,233,50,8614,0.834107267239378,0,0,829,987,42,3791,26,1353,11,26
"1274","2020-05-10",19,15,250,51,8614,0.834107267239378,0,0,829,987,51,3842,17,1370,12,17
"1275","2020-05-11",19,15,225,53,8614,0.834107267239378,0,0,829,987,49,3891,34,1404,12,35
"1276","2020-05-12",18,15,203,49,8614,0.834107267239378,0,0,829,987,35,3926,20,1424,8,20
"1277","2020-05-13",17,15,235,40,8614,0.834107267239378,0,0,829,987,44,3970,13,1437,10,13
"1278","2020-05-14",17,15,262,40,8614,0.834107267239378,0,0,829,987,39,4009,12,1449,8,12
"1279","2020-05-15",18,15,263,40,8614,0.834107267239378,0,0,829,987,36,4045,28,1477,9,28
"1280","2020-05-16",15,15,266,42,8614,0.834107267239378,0,0,829,987,41,4086,35,1512,10,35
"1281","2020-05-17",14,15,288,41,8614,0.834107267239378,0,0,829,987,31,4117,32,1544,4,32
"1282","2020-05-18",14,15,298,42,8614,0.834107267239378,0,0,829,987,38,4155,13,1557,14,13
"1283","2020-05-19",14,15,292,38,8614,0.834107267239378,0,0,829,987,40,4195,15,1572,14,15
"1284","2020-05-20",11,15,284,39,8614,0.834107267239378,0,0,829,987,41,4236,16,1588,10,16
"1285","2020-05-21",9,15,259,41,8614,0.834107267239378,0,0,829,987,35,4271,11,1599,7,11
"1286","2020-05-22",6,15,235,36,8614,0.834107267239378,0,0,829,987,46,4317,11,1610,14,11
"1287","2020-05-23",9,15,243,31,8614,0.834107267239378,0,0,829,987,26,4343,17,1627,4,17
"1288","2020-05-24",9,15,242,30,8614,0.834107267239378,0,0,829,987,27,4370,38,1665,8,38
"1289","2020-05-25",8,15,262,30,8614,0.834107267239378,0,0,829,987,31,4401,28,1693,7,28
"1290","2020-05-26",8,15,246,32,8614,0.834107267239378,0,0,829,987,27,4428,18,1711,9,18
"1291","2020-05-27",7,15,277,33,8614,0.834107267239378,0,0,829,987,30,4458,13,1724,8,13
"1292","2020-05-28",7,15,251,33,8614,0.834107267239378,0,0,829,987,14,4472,9,1733,3,9
"1293","2020-05-29",7,15,249,33,8614,0.834107267239378,0,0,829,987,26,4498,15,1748,4,15
"1294","2020-05-30",5,15,233,31,8614,0.834107267239378,0,0,829,987,17,4515,9,1757,3,9
"1295","2020-05-31",6,15,222,28,8614,0.834107267239378,0,0,829,987,24,4539,8,1765,6,8
"1296","2020-06-01",5,15,249,25,8614,0.834107267239378,0,0,829,987,25,4564,13,1778,10,13
"1297","2020-06-02",6,15,234,23,8614,0.834107267239378,0,0,829,987,15,4579,18,1796,8,18
"1298","2020-06-03",6,15,219,20,8614,0.834107267239378,0,0,829,987,27,4606,10,1806,6,10
"1299","2020-06-04",5,15,210,19,8614,0.834107267239378,0,0,829,987,14,4620,5,1811,3,5
"1300","2020-06-05",5,15,210,19,8614,0.834107267239378,0,0,829,987,11,4631,8,1819,3,8
"1301","2020-06-06",6,15,208,16,8614,0.834107267239378,0,0,829,987,21,4652,5,1824,7,5
"1302","2020-06-07",6,15,222,17,8614,0.834107267239378,0,0,829,987,11,4663,10,1834,4,10
"1303","2020-03-14",2,16,74,48,2904,0.568526170798898,0,0,253,944,38,138,36,120,12,36
"1304","2020-03-15",3,16,72,64,2904,0.568526170798898,0,0,253,944,39,177,30,150,7,30
"1305","2020-03-16",6,16,71,86,2904,0.568526170798898,0,0,253,944,50,227,36,186,13,36
"1306","2020-03-17",11,16,87,108,2904,0.568526170798898,0,0,253,944,44,271,35,221,14,35
"1307","2020-03-18",15,16,105,136,2904,0.568526170798898,0,0,253,944,48,319,36,257,20,36
"1308","2020-03-19",22,16,119,155,2904,0.568526170798898,0,0,253,944,68,387,26,283,29,26
"1309","2020-03-20",25,16,120,179,2904,0.568526170798898,0,0,253,944,63,450,25,308,30,25
"1310","2020-03-21",30,16,102,205,2904,0.568526170798898,0,0,253,944,56,506,57,365,27,57
"1311","2020-03-22",35,16,103,224,2904,0.568526170798898,0,0,253,944,66,572,48,413,35,48
"1312","2020-03-23",39,16,106,247,2904,0.568526170798898,0,0,253,944,54,626,40,453,29,40
"1313","2020-03-24",43,16,131,263,2904,0.568526170798898,0,0,253,944,64,690,37,490,29,37
"1314","2020-03-25",51,16,154,283,2904,0.568526170798898,0,0,253,944,47,737,55,545,24,55
"1315","2020-03-26",56,16,177,295,2904,0.568526170798898,0,0,253,944,54,791,44,589,20,44
"1316","2020-03-27",67,16,178,313,2904,0.568526170798898,0,0,253,944,64,855,41,630,37,41
"1317","2020-03-28",75,16,165,320,2904,0.568526170798898,0,0,253,944,61,916,51,681,26,51
"1318","2020-03-29",83,16,156,332,2904,0.568526170798898,0,0,253,944,63,979,34,715,40,34
"1319","2020-03-30",89,16,169,338,2904,0.568526170798898,0,0,253,944,75,1054,52,767,43,52
"1320","2020-03-31",96,16,188,347,2904,0.568526170798898,0,0,253,944,70,1124,64,831,40,64
"1321","2020-04-01",101,16,216,369,2904,0.568526170798898,0,0,253,944,66,1190,63,894,40,63
"1322","2020-04-02",99,16,235,392,2904,0.568526170798898,0,0,253,944,69,1259,54,948,33,54
"1323","2020-04-03",96,16,222,403,2904,0.568526170798898,0,0,253,944,67,1326,51,999,36,51
"1324","2020-04-04",100,16,192,420,2904,0.568526170798898,0,0,253,944,66,1392,38,1037,30,38
"1325","2020-04-05",96,16,181,427,2904,0.568526170798898,0,0,253,944,77,1469,32,1069,37,32
"1326","2020-04-06",103,16,166,438,2904,0.568526170798898,0,0,253,944,74,1543,42,1111,28,42
"1327","2020-04-07",104,16,192,453,2904,0.568526170798898,0,0,253,944,61,1604,44,1155,27,44
"1328","2020-04-08",111,16,181,457,2904,0.568526170798898,0,0,253,944,76,1680,30,1185,35,30
"1329","2020-04-09",114,16,193,467,2904,0.568526170798898,0,0,253,944,62,1742,39,1224,32,39
"1330","2020-04-10",118,16,215,468,2904,0.568526170798898,0,0,253,944,57,1799,46,1270,37,46
"1331","2020-04-11",118,16,211,463,2904,0.568526170798898,0,0,253,944,56,1855,39,1309,23,39
"1332","2020-04-12",128,16,244,472,2904,0.568526170798898,0,0,253,944,63,1918,35,1344,20,35
"1333","2020-04-13",125,16,256,464,2904,0.568526170798898,0,0,253,944,71,1989,42,1386,30,42
"1334","2020-04-14",129,16,269,462,2904,0.568526170798898,0,0,253,944,60,2049,42,1428,31,42
"1335","2020-04-15",126,16,254,473,2904,0.568526170798898,0,0,253,944,58,2107,44,1472,28,44
"1336","2020-04-16",129,16,255,471,2904,0.568526170798898,0,0,253,944,60,2167,31,1503,34,31
"1337","2020-04-17",136,16,250,477,2904,0.568526170798898,0,0,253,944,79,2246,35,1538,26,35
"1338","2020-04-18",141,16,235,469,2904,0.568526170798898,0,0,253,944,62,2308,35,1573,27,35
"1339","2020-04-19",140,16,229,463,2904,0.568526170798898,0,0,253,944,70,2378,28,1601,34,28
"1340","2020-04-20",139,16,208,477,2904,0.568526170798898,0,0,253,944,57,2435,29,1630,26,29
"1341","2020-04-21",131,16,197,461,2904,0.568526170798898,0,0,253,944,78,2513,41,1671,27,41
"1342","2020-04-22",134,16,181,467,2904,0.568526170798898,0,0,253,944,59,2572,35,1706,26,35
"1343","2020-04-23",133,16,177,463,2904,0.568526170798898,0,0,253,944,67,2639,59,1765,29,59
"1344","2020-04-24",126,16,204,455,2904,0.568526170798898,0,0,253,944,60,2699,32,1797,28,32
"1345","2020-04-25",120,16,212,452,2904,0.568526170798898,0,0,253,944,58,2757,36,1833,21,36
"1346","2020-04-26",116,16,235,451,2904,0.568526170798898,0,0,253,944,58,2815,23,1856,27,23
"1347","2020-04-27",122,16,218,444,2904,0.568526170798898,0,0,253,944,59,2874,29,1885,25,29
"1348","2020-04-28",134,16,232,438,2904,0.568526170798898,0,0,253,944,42,2916,52,1937,20,52
"1349","2020-04-29",126,16,222,430,2904,0.568526170798898,0,0,253,944,48,2964,52,1989,12,52
"1350","2020-04-30",123,16,257,424,2904,0.568526170798898,0,0,253,944,51,3015,48,2037,19,48
"1351","2020-05-01",121,16,245,426,2904,0.568526170798898,0,0,253,944,52,3067,38,2075,26,38
"1352","2020-05-02",125,16,224,431,2904,0.568526170798898,0,0,253,944,51,3118,40,2115,20,40
"1353","2020-05-03",127,16,220,436,2904,0.568526170798898,0,0,253,944,61,3179,33,2148,29,33
"1354","2020-05-04",117,16,213,427,2904,0.568526170798898,0,0,253,944,53,3232,53,2201,15,53
"1355","2020-05-05",111,16,204,419,2904,0.568526170798898,0,0,253,944,50,3282,44,2245,28,44
"1356","2020-05-06",113,16,210,410,2904,0.568526170798898,0,0,253,944,53,3335,30,2275,21,30
"1357","2020-05-07",115,16,185,414,2904,0.568526170798898,0,0,253,944,46,3381,31,2306,13,31
"1358","2020-05-08",118,16,174,426,2904,0.568526170798898,0,0,253,944,44,3425,52,2358,17,52
"1359","2020-05-09",118,16,179,421,2904,0.568526170798898,0,0,253,944,43,3468,38,2396,20,38
"1360","2020-05-10",125,16,195,407,2904,0.568526170798898,0,0,253,944,41,3509,41,2437,14,41
"1361","2020-05-11",120,16,202,403,2904,0.568526170798898,0,0,253,944,42,3551,35,2472,19,35
"1362","2020-05-12",121,16,207,400,2904,0.568526170798898,0,0,253,944,49,3600,31,2503,18,31
"1363","2020-05-13",118,16,214,402,2904,0.568526170798898,0,0,253,944,38,3638,30,2533,13,30
"1364","2020-05-14",127,16,224,390,2904,0.568526170798898,0,0,253,944,36,3674,26,2559,20,26
"1365","2020-05-15",128,16,208,371,2904,0.568526170798898,0,0,253,944,40,3714,38,2597,16,38
"1366","2020-05-16",123,16,209,353,2904,0.568526170798898,0,0,253,944,39,3753,31,2628,11,31
"1367","2020-05-17",108,16,214,334,2904,0.568526170798898,0,0,253,944,31,3784,25,2653,12,25
"1368","2020-05-18",115,16,208,327,2904,0.568526170798898,0,0,253,944,32,3816,54,2707,9,54
"1369","2020-05-19",108,16,203,312,2904,0.568526170798898,0,0,253,944,28,3844,41,2748,12,41
"1370","2020-05-20",108,16,233,310,2904,0.568526170798898,0,0,253,944,16,3860,47,2795,5,47
"1371","2020-05-21",102,16,249,310,2904,0.568526170798898,0,0,253,944,37,3897,37,2832,10,37
"1372","2020-05-22",93,16,229,305,2904,0.568526170798898,0,0,253,944,20,3917,37,2869,5,37
"1373","2020-05-23",87,16,240,294,2904,0.568526170798898,0,0,253,944,23,3940,43,2912,9,43
"1374","2020-05-24",90,16,222,278,2904,0.568526170798898,0,0,253,944,27,3967,42,2954,15,42
"1375","2020-05-25",83,16,198,263,2904,0.568526170798898,0,0,253,944,19,3986,47,3001,6,47
"1376","2020-05-26",74,16,194,263,2904,0.568526170798898,0,0,253,944,18,4004,62,3063,7,62
"1377","2020-05-27",72,16,179,253,2904,0.568526170798898,0,0,253,944,22,4026,59,3122,7,59
"1378","2020-05-28",70,16,189,258,2904,0.568526170798898,0,0,253,944,32,4058,45,3167,13,45
"1379","2020-05-29",72,16,191,253,2904,0.568526170798898,0,0,253,944,26,4084,41,3208,13,41
"1380","2020-05-30",72,16,203,236,2904,0.568526170798898,0,0,253,944,18,4102,56,3264,8,56
"1381","2020-05-31",68,16,206,239,2904,0.568526170798898,0,0,253,944,14,4116,40,3304,7,40
"1382","2020-06-01",68,16,210,243,2904,0.568526170798898,0,0,253,944,22,4138,28,3332,12,28
"1383","2020-06-02",74,16,195,226,2904,0.568526170798898,0,0,253,944,16,4154,29,3361,9,29
"1384","2020-06-03",72,16,184,221,2904,0.568526170798898,0,0,253,944,18,4172,35,3396,5,35
"1385","2020-06-04",61,16,199,212,2904,0.568526170798898,0,0,253,944,23,4195,58,3454,12,58
"1386","2020-06-05",61,16,217,200,2904,0.568526170798898,0,0,253,944,12,4207,41,3495,6,41
"1387","2020-06-06",59,16,224,193,2904,0.568526170798898,0,0,253,944,10,4217,52,3547,4,52
"1388","2020-06-07",59,16,208,197,2904,0.568526170798898,0,0,253,944,22,4239,40,3587,6,40
"1389","2020-03-13",1,17,47,71,3462,0.314558058925477,0,0,319,841,20,35,23,61,12,23
"1390","2020-03-14",1,17,65,97,3462,0.314558058925477,0,0,319,841,16,51,32,93,13,32
"1391","2020-03-15",3,17,79,145,3462,0.314558058925477,0,0,319,841,34,85,23,116,25,23
"1392","2020-03-16",10,17,82,169,3462,0.314558058925477,0,0,319,841,33,118,11,127,28,11
"1393","2020-03-17",15,17,87,203,3462,0.314558058925477,0,0,319,841,41,159,12,139,35,12
"1394","2020-03-18",26,17,99,239,3462,0.314558058925477,0,0,319,841,48,207,12,151,44,12
"1395","2020-03-19",35,17,105,270,3462,0.314558058925477,0,0,319,841,58,265,9,160,51,9
"1396","2020-03-20",51,17,106,304,3462,0.314558058925477,0,0,319,841,43,308,39,199,39,39
"1397","2020-03-21",61,17,126,329,3462,0.314558058925477,0,0,319,841,78,386,34,233,74,34
"1398","2020-03-22",71,17,146,359,3462,0.314558058925477,0,0,319,841,109,495,31,264,99,31
"1399","2020-03-23",80,17,138,392,3462,0.314558058925477,0,0,319,841,108,603,37,301,105,37
"1400","2020-03-24",89,17,149,413,3462,0.314558058925477,0,0,319,841,125,728,26,327,120,26
"1401","2020-03-25",96,17,139,406,3462,0.314558058925477,0,0,319,841,160,888,17,344,155,17
"1402","2020-03-26",97,17,116,419,3462,0.314558058925477,0,0,319,841,152,1040,16,360,148,16
"1403","2020-03-27",100,17,107,440,3462,0.314558058925477,0,0,319,841,202,1242,41,401,194,41
"1404","2020-03-28",104,17,104,454,3462,0.314558058925477,0,0,319,841,234,1476,21,422,231,21
"1405","2020-03-29",110,17,108,471,3462,0.314558058925477,0,0,319,841,299,1775,20,442,296,20
"1406","2020-03-30",113,17,148,480,3462,0.314558058925477,0,0,319,841,235,2010,42,484,230,42
"1407","2020-03-31",112,17,176,494,3462,0.314558058925477,0,0,319,841,368,2378,36,520,364,36
"1408","2020-04-01",110,17,188,502,3462,0.314558058925477,0,0,319,841,317,2695,22,542,311,22
"1409","2020-04-02",130,17,175,516,3462,0.314558058925477,0,0,319,841,283,2978,23,565,278,23
"1410","2020-04-03",140,17,147,515,3462,0.314558058925477,0,0,319,841,343,3321,12,577,340,12
"1411","2020-04-04",147,17,131,525,3462,0.314558058925477,0,0,319,841,363,3684,18,595,358,18
"1412","2020-04-05",145,17,134,552,3462,0.314558058925477,0,0,319,841,315,3999,40,635,311,40
"1413","2020-04-06",148,17,162,581,3462,0.314558058925477,0,0,319,841,373,4372,22,657,366,22
"1414","2020-04-07",164,17,159,608,3462,0.314558058925477,0,0,319,841,362,4734,23,680,360,23
"1415","2020-04-08",171,17,142,607,3462,0.314558058925477,0,0,319,841,287,5021,18,698,284,18
"1416","2020-04-09",164,17,139,597,3462,0.314558058925477,0,0,319,841,287,5308,52,750,285,52
"1417","2020-04-10",151,17,134,594,3462,0.314558058925477,0,0,319,841,286,5594,28,778,284,28
"1418","2020-04-11",151,17,124,588,3462,0.314558058925477,0,0,319,841,232,5826,57,835,229,57
"1419","2020-04-12",160,17,141,579,3462,0.314558058925477,0,0,319,841,182,6008,43,878,179,43
"1420","2020-04-13",156,17,151,571,3462,0.314558058925477,0,0,319,841,206,6214,40,918,204,40
"1421","2020-04-14",152,17,154,560,3462,0.314558058925477,0,0,319,841,154,6368,39,957,153,39
"1422","2020-04-15",152,17,146,554,3462,0.314558058925477,0,0,319,841,150,6518,26,983,150,26
"1423","2020-04-16",149,17,182,553,3462,0.314558058925477,0,0,319,841,111,6629,18,1001,111,18
"1424","2020-04-17",154,17,185,543,3462,0.314558058925477,0,0,319,841,94,6723,17,1018,93,17
"1425","2020-04-18",151,17,163,514,3462,0.314558058925477,0,0,319,841,99,6822,21,1039,98,21
"1426","2020-04-19",138,17,151,526,3462,0.314558058925477,0,0,319,841,71,6893,27,1066,70,27
"1427","2020-04-20",148,17,134,520,3462,0.314558058925477,0,0,319,841,63,6956,17,1083,63,17
"1428","2020-04-21",144,17,130,506,3462,0.314558058925477,0,0,319,841,52,7008,20,1103,51,20
"1429","2020-04-22",143,17,177,523,3462,0.314558058925477,0,0,319,841,33,7041,49,1152,33,49
"1430","2020-04-23",142,17,213,524,3462,0.314558058925477,0,0,319,841,35,7076,59,1211,34,59
"1431","2020-04-24",135,17,199,529,3462,0.314558058925477,0,0,319,841,35,7111,29,1240,35,29
"1432","2020-04-25",142,17,193,529,3462,0.314558058925477,0,0,319,841,19,7130,23,1263,18,23
"1433","2020-04-26",145,17,176,528,3462,0.314558058925477,0,0,319,841,23,7153,13,1276,20,13
"1434","2020-04-27",147,17,203,551,3462,0.314558058925477,0,0,319,841,16,7169,17,1293,15,17
"1435","2020-04-28",150,17,241,536,3462,0.314558058925477,0,0,319,841,13,7182,35,1328,12,35
"1436","2020-04-29",152,17,275,530,3462,0.314558058925477,0,0,319,841,12,7194,22,1350,10,22
"1437","2020-04-30",151,17,263,519,3462,0.314558058925477,0,0,319,841,13,7207,15,1365,13,15
"1438","2020-05-01",162,17,259,509,3462,0.314558058925477,0,0,319,841,9,7216,22,1387,9,22
"1439","2020-05-02",153,17,236,517,3462,0.314558058925477,0,0,319,841,6,7222,58,1445,6,58
"1440","2020-05-03",152,17,232,507,3462,0.314558058925477,0,0,319,841,1,7223,20,1465,1,20
"1441","2020-05-04",146,17,224,486,3462,0.314558058925477,0,0,319,841,4,7227,20,1485,4,20
"1442","2020-05-05",143,17,201,477,3462,0.314558058925477,0,0,319,841,4,7231,11,1496,2,11
"1443","2020-05-06",136,17,190,466,3462,0.314558058925477,0,0,319,841,7,7238,12,1508,5,12
"1444","2020-05-07",133,17,171,463,3462,0.314558058925477,0,0,319,841,5,7243,43,1551,3,43
"1445","2020-05-08",128,17,170,462,3462,0.314558058925477,0,0,319,841,3,7246,60,1611,2,60
"1446","2020-05-09",128,17,190,453,3462,0.314558058925477,0,0,319,841,8,7254,39,1650,8,39
"1447","2020-05-10",128,17,201,439,3462,0.314558058925477,0,0,319,841,3,7257,51,1701,3,51
"1448","2020-05-11",116,17,193,422,3462,0.314558058925477,0,0,319,841,6,7263,59,1760,5,59
"1449","2020-05-12",119,17,182,414,3462,0.314558058925477,0,0,319,841,4,7267,40,1800,3,40
"1450","2020-05-13",123,17,179,402,3462,0.314558058925477,0,0,319,841,5,7272,23,1823,3,23
"1451","2020-05-14",131,17,210,396,3462,0.314558058925477,0,0,319,841,2,7274,20,1843,2,20
"1452","2020-05-15",131,17,210,382,3462,0.314558058925477,0,0,319,841,3,7277,18,1861,1,18
"1453","2020-05-16",125,17,205,369,3462,0.314558058925477,0,0,319,841,4,7281,14,1875,3,14
"1454","2020-05-17",126,17,236,368,3462,0.314558058925477,0,0,319,841,3,7284,31,1906,1,31
"1455","2020-05-18",126,17,227,354,3462,0.314558058925477,0,0,319,841,4,7288,33,1939,2,33
"1456","2020-05-19",113,17,205,338,3462,0.314558058925477,0,0,319,841,3,7291,23,1962,3,23
"1457","2020-05-20",106,17,183,318,3462,0.314558058925477,0,0,319,841,2,7293,37,1999,2,37
"1458","2020-05-21",95,17,177,308,3462,0.314558058925477,0,0,319,841,1,7294,26,2025,1,26
"1459","2020-05-22",91,17,171,293,3462,0.314558058925477,0,0,319,841,1,7295,38,2063,1,38
"1460","2020-05-23",89,17,190,287,3462,0.314558058925477,0,0,319,841,2,7297,35,2098,2,35
"1461","2020-05-24",80,17,205,279,3462,0.314558058925477,0,0,319,841,2,7299,28,2126,1,28
"1462","2020-05-25",74,17,183,266,3462,0.314558058925477,0,0,319,841,4,7303,14,2140,3,14
"1463","2020-05-26",73,17,205,263,3462,0.314558058925477,0,0,319,841,1,7304,28,2168,1,28
"1464","2020-05-27",71,17,209,237,3462,0.314558058925477,0,0,319,841,NA,NA,30,2198,NA,30
"1465","2020-05-28",67,17,196,239,3462,0.314558058925477,0,0,319,841,2,7306,26,2224,1,26
"1466","2020-05-29",59,17,163,243,3462,0.314558058925477,0,0,319,841,NA,NA,18,2242,NA,18
"1467","2020-05-30",62,17,156,230,3462,0.314558058925477,0,0,319,841,2,7308,19,2261,2,19
"1468","2020-05-31",70,17,163,225,3462,0.314558058925477,0,0,319,841,NA,NA,11,2272,NA,11
"1469","2020-06-01",74,17,160,220,3462,0.314558058925477,0,0,319,841,1,7309,32,2304,NA,32
"1470","2020-06-02",73,17,152,215,3462,0.314558058925477,0,0,319,841,NA,NA,26,2330,NA,26
"1471","2020-06-03",73,17,165,212,3462,0.314558058925477,0,0,319,841,2,7311,13,2343,1,13
"1472","2020-06-04",68,17,157,206,3462,0.314558058925477,0,0,319,841,3,7314,8,2351,2,8
"1473","2020-06-05",69,17,146,204,3462,0.314558058925477,0,0,319,841,NA,NA,6,2357,NA,6
"1474","2020-06-06",63,17,146,194,3462,0.314558058925477,0,0,319,841,2,7316,6,2363,2,6
"1475","2020-06-07",58,17,143,195,3462,0.314558058925477,0,0,319,841,NA,NA,8,2371,NA,8
"1476","2020-03-15",1,18,79,104,3212,0.610834371108344,0,0,292,953,20,57,3,34,9,3
"1477","2020-03-16",4,18,85,127,3212,0.610834371108344,0,0,292,953,20,77,22,56,11,22
"1478","2020-03-17",9,18,88,159,3212,0.610834371108344,0,0,292,953,14,91,23,79,7,24
"1479","2020-03-18",15,18,74,189,3212,0.610834371108344,0,0,292,953,22,113,31,110,15,31
"1480","2020-03-19",20,18,63,223,3212,0.610834371108344,0,0,292,953,17,130,22,132,11,22
"1481","2020-03-20",31,18,72,260,3212,0.610834371108344,0,0,292,953,26,156,19,151,19,19
"1482","2020-03-21",42,18,116,306,3212,0.610834371108344,0,0,292,953,30,186,21,172,15,21
"1483","2020-03-22",60,18,137,319,3212,0.610834371108344,0,0,292,953,24,210,29,201,18,29
"1484","2020-03-23",65,18,174,350,3212,0.610834371108344,0,0,292,953,24,234,35,236,15,35
"1485","2020-03-24",77,18,169,379,3212,0.610834371108344,0,0,292,953,19,253,46,282,12,46
"1486","2020-03-25",88,18,162,412,3212,0.610834371108344,0,0,292,953,26,279,16,298,15,16
"1487","2020-03-26",101,18,147,446,3212,0.610834371108344,0,0,292,953,31,310,10,308,24,10
"1488","2020-03-27",102,18,134,456,3212,0.610834371108344,0,0,292,953,25,335,13,321,13,13
"1489","2020-03-28",111,18,151,462,3212,0.610834371108344,0,0,292,953,20,355,14,335,13,14
"1490","2020-03-29",111,18,143,469,3212,0.610834371108344,0,0,292,953,26,381,15,350,19,15
"1491","2020-03-30",122,18,144,479,3212,0.610834371108344,0,0,292,953,28,409,10,360,20,10
"1492","2020-03-31",124,18,144,491,3212,0.610834371108344,0,0,292,953,22,431,7,367,16,7
"1493","2020-04-01",135,18,173,500,3212,0.610834371108344,0,0,292,953,22,453,24,391,13,24
"1494","2020-04-02",135,18,208,494,3212,0.610834371108344,0,0,292,953,18,471,22,413,10,22
"1495","2020-04-03",146,18,233,485,3212,0.610834371108344,0,0,292,953,23,494,18,431,18,18
"1496","2020-04-04",148,18,207,480,3212,0.610834371108344,0,0,292,953,24,518,9,440,16,9
"1497","2020-04-05",143,18,189,478,3212,0.610834371108344,0,0,292,953,21,539,10,450,19,10
"1498","2020-04-06",144,18,164,472,3212,0.610834371108344,0,0,292,953,26,565,4,454,23,4
"1499","2020-04-07",145,18,169,474,3212,0.610834371108344,0,0,292,953,33,598,9,463,28,9
"1500","2020-04-08",129,18,175,450,3212,0.610834371108344,0,0,292,953,29,627,30,493,22,30
"1501","2020-04-09",135,18,170,454,3212,0.610834371108344,0,0,292,953,20,647,14,507,14,14
"1502","2020-04-10",130,18,162,455,3212,0.610834371108344,0,0,292,953,25,672,10,517,15,10
"1503","2020-04-11",120,18,202,463,3212,0.610834371108344,0,0,292,953,23,695,8,525,12,8
"1504","2020-04-12",115,18,180,458,3212,0.610834371108344,0,0,292,953,31,726,10,535,21,10
"1505","2020-04-13",111,18,173,459,3212,0.610834371108344,0,0,292,953,23,749,44,579,15,44
"1506","2020-04-14",106,18,202,455,3212,0.610834371108344,0,0,292,953,30,779,55,634,22,55
"1507","2020-04-15",113,18,200,448,3212,0.610834371108344,0,0,292,953,26,805,35,669,17,35
"1508","2020-04-16",111,18,189,431,3212,0.610834371108344,0,0,292,953,29,834,46,715,19,46
"1509","2020-04-17",110,18,181,421,3212,0.610834371108344,0,0,292,953,17,851,23,738,9,23
"1510","2020-04-18",120,18,196,439,3212,0.610834371108344,0,0,292,953,21,872,22,760,13,22
"1511","2020-04-19",124,18,167,440,3212,0.610834371108344,0,0,292,953,24,896,16,776,13,16
"1512","2020-04-20",123,18,159,453,3212,0.610834371108344,0,0,292,953,23,919,11,787,18,11
"1513","2020-04-21",131,18,179,473,3212,0.610834371108344,0,0,292,953,29,948,31,818,18,31
"1514","2020-04-22",128,18,227,488,3212,0.610834371108344,0,0,292,953,25,973,36,854,14,36
"1515","2020-04-23",128,18,243,488,3212,0.610834371108344,0,0,292,953,31,1004,22,876,20,22
"1516","2020-04-24",132,18,214,499,3212,0.610834371108344,0,0,292,953,29,1033,7,883,19,7
"1517","2020-04-25",133,18,207,488,3212,0.610834371108344,0,0,292,953,24,1057,13,896,15,13
"1518","2020-04-26",139,18,182,490,3212,0.610834371108344,0,0,292,953,38,1095,13,909,24,13
"1519","2020-04-27",139,18,162,492,3212,0.610834371108344,0,0,292,953,39,1134,44,953,27,44
"1520","2020-04-28",135,18,209,489,3212,0.610834371108344,0,0,292,953,29,1163,53,1006,18,53
"1521","2020-04-29",133,18,234,489,3212,0.610834371108344,0,0,292,953,22,1185,21,1027,11,21
"1522","2020-04-30",133,18,222,485,3212,0.610834371108344,0,0,292,953,25,1210,12,1039,13,12
"1523","2020-05-01",129,18,187,476,3212,0.610834371108344,0,0,292,953,25,1235,13,1052,15,13
"1524","2020-05-02",121,18,187,464,3212,0.610834371108344,0,0,292,953,38,1273,36,1088,22,36
"1525","2020-05-03",121,18,215,467,3212,0.610834371108344,0,0,292,953,30,1303,17,1105,19,17
"1526","2020-05-04",129,18,237,459,3212,0.610834371108344,0,0,292,953,30,1333,50,1155,16,50
"1527","2020-05-05",130,18,230,456,3212,0.610834371108344,0,0,292,953,32,1365,35,1190,17,35
"1528","2020-05-06",143,18,207,447,3212,0.610834371108344,0,0,292,953,31,1396,43,1233,19,43
"1529","2020-05-07",134,18,198,453,3212,0.610834371108344,0,0,292,953,22,1418,28,1261,15,28
"1530","2020-05-08",136,18,201,454,3212,0.610834371108344,0,0,292,953,28,1446,31,1292,16,31
"1531","2020-05-09",141,18,183,449,3212,0.610834371108344,0,0,292,953,21,1467,26,1318,10,26
"1532","2020-05-10",140,18,210,447,3212,0.610834371108344,0,0,292,953,28,1495,19,1337,18,19
"1533","2020-05-11",140,18,181,424,3212,0.610834371108344,0,0,292,953,26,1521,49,1386,17,49
"1534","2020-05-12",134,18,187,414,3212,0.610834371108344,0,0,292,953,14,1535,26,1412,8,26
"1535","2020-05-13",123,18,205,397,3212,0.610834371108344,0,0,292,953,34,1569,16,1428,26,16
"1536","2020-05-14",127,18,231,386,3212,0.610834371108344,0,0,292,953,13,1582,17,1445,9,17
"1537","2020-05-15",125,18,244,374,3212,0.610834371108344,0,0,292,953,24,1606,34,1479,18,34
"1538","2020-05-16",124,18,251,362,3212,0.610834371108344,0,0,292,953,22,1628,47,1526,12,47
"1539","2020-05-17",120,18,251,347,3212,0.610834371108344,0,0,292,953,17,1645,29,1555,9,29
"1540","2020-05-18",105,18,244,347,3212,0.610834371108344,0,0,292,953,16,1661,10,1565,10,10
"1541","2020-05-19",96,18,237,344,3212,0.610834371108344,0,0,292,953,18,1679,13,1578,12,13
"1542","2020-05-20",88,18,220,340,3212,0.610834371108344,0,0,292,953,19,1698,13,1591,13,13
"1543","2020-05-21",83,18,208,325,3212,0.610834371108344,0,0,292,953,24,1722,48,1639,21,48
"1544","2020-05-22",76,18,211,312,3212,0.610834371108344,0,0,292,953,24,1746,36,1675,16,36
"1545","2020-05-23",71,18,203,302,3212,0.610834371108344,0,0,292,953,23,1769,46,1721,12,46
"1546","2020-05-24",68,18,240,286,3212,0.610834371108344,0,0,292,953,13,1782,33,1754,9,33
"1547","2020-05-25",76,18,244,286,3212,0.610834371108344,0,0,292,953,17,1799,28,1782,9,28
"1548","2020-05-26",81,18,239,275,3212,0.610834371108344,0,0,292,953,24,1823,34,1816,16,34
"1549","2020-05-27",83,18,224,285,3212,0.610834371108344,0,0,292,953,12,1835,28,1844,7,28
"1550","2020-05-28",83,18,212,267,3212,0.610834371108344,0,0,292,953,11,1846,21,1865,10,21
"1551","2020-05-29",82,18,187,271,3212,0.610834371108344,0,0,292,953,20,1866,10,1875,16,10
"1552","2020-05-30",84,18,184,254,3212,0.610834371108344,0,0,292,953,11,1877,33,1908,7,33
"1553","2020-05-31",81,18,175,248,3212,0.610834371108344,0,0,292,953,10,1887,15,1923,8,15
"1554","2020-06-01",71,18,189,247,3212,0.610834371108344,0,0,292,953,11,1898,25,1948,7,25
"1555","2020-06-02",78,18,184,246,3212,0.610834371108344,0,0,292,953,18,1916,33,1981,14,33
"1556","2020-06-03",74,18,185,233,3212,0.610834371108344,0,0,292,953,9,1925,34,2015,6,34
"1557","2020-06-04",76,18,179,218,3212,0.610834371108344,0,0,292,953,7,1932,18,2033,7,18
"1558","2020-06-05",79,18,158,210,3212,0.610834371108344,0,0,292,953,11,1943,35,2068,9,35
"1559","2020-06-06",70,18,157,197,3212,0.610834371108344,0,0,292,953,11,1954,36,2104,6,36
"1560","2020-06-07",71,18,139,196,3212,0.610834371108344,0,0,292,953,11,1965,24,2128,7,24
"1561","2020-03-12",2,19,23,45,3358,0.263251935675998,0,0,314,581,27,56,11,16,3,11
"1562","2020-03-13",2,19,34,69,3358,0.263251935675998,0,0,314,581,34,90,9,25,8,9
"1563","2020-03-14",4,19,38,97,3358,0.263251935675998,0,0,314,581,33,123,4,29,12,4
"1564","2020-03-15",6,19,33,123,3358,0.263251935675998,0,0,314,581,45,168,5,34,15,5
"1565","2020-03-16",9,19,51,153,3358,0.263251935675998,0,0,314,581,45,213,1,35,15,1
"1566","2020-03-17",12,19,66,188,3358,0.263251935675998,0,0,314,581,55,268,5,40,26,5
"1567","2020-03-18",22,19,74,213,3358,0.263251935675998,0,0,314,581,69,337,20,60,35,20
"1568","2020-03-19",26,19,88,239,3358,0.263251935675998,0,0,314,581,55,392,19,79,29,19
"1569","2020-03-20",35,19,84,260,3358,0.263251935675998,0,0,314,581,75,467,27,106,47,27
"1570","2020-03-21",45,19,90,274,3358,0.263251935675998,0,0,314,581,60,527,24,130,33,24
"1571","2020-03-22",49,19,90,313,3358,0.263251935675998,0,0,314,581,62,589,11,141,32,11
"1572","2020-03-23",61,19,87,341,3358,0.263251935675998,0,0,314,581,62,651,16,157,32,16
"1573","2020-03-24",66,19,85,348,3358,0.263251935675998,0,0,314,581,71,722,50,207,49,50
"1574","2020-03-25",70,19,85,365,3358,0.263251935675998,0,0,314,581,63,785,35,242,35,36
"1575","2020-03-26",77,19,75,377,3358,0.263251935675998,0,0,314,581,63,848,21,263,31,21
"1576","2020-03-27",87,19,81,391,3358,0.263251935675998,0,0,314,581,65,913,9,272,42,9
"1577","2020-03-28",86,19,90,433,3358,0.263251935675998,0,0,314,581,80,993,8,280,44,8
"1578","2020-03-29",100,19,87,446,3358,0.263251935675998,0,0,314,581,62,1055,20,300,46,20
"1579","2020-03-30",105,19,99,452,3358,0.263251935675998,0,0,314,581,72,1127,45,345,42,45
"1580","2020-03-31",119,19,100,466,3358,0.263251935675998,0,0,314,581,58,1185,43,388,31,43
"1581","2020-04-01",123,19,114,489,3358,0.263251935675998,0,0,314,581,71,1256,34,422,35,34
"1582","2020-04-02",128,19,119,511,3358,0.263251935675998,0,0,314,581,61,1317,9,431,34,9
"1583","2020-04-03",133,19,122,522,3358,0.263251935675998,0,0,314,581,67,1384,19,450,28,19
"1584","2020-04-04",142,19,138,544,3358,0.263251935675998,0,0,314,581,70,1454,34,484,31,34
"1585","2020-04-05",138,19,167,544,3358,0.263251935675998,0,0,314,581,59,1513,21,505,27,21
"1586","2020-04-06",128,19,181,551,3358,0.263251935675998,0,0,314,581,73,1586,14,519,37,14
"1587","2020-04-07",125,19,187,543,3358,0.263251935675998,0,0,314,581,62,1648,20,539,26,20
"1588","2020-04-08",128,19,197,547,3358,0.263251935675998,0,0,314,581,59,1707,59,598,25,59
"1589","2020-04-09",142,19,185,541,3358,0.263251935675998,0,0,314,581,59,1766,29,627,26,29
"1590","2020-04-10",139,19,176,522,3358,0.263251935675998,0,0,314,581,57,1823,59,686,33,59
"1591","2020-04-11",139,19,178,528,3358,0.263251935675998,0,0,314,581,46,1869,65,751,10,65
"1592","2020-04-12",136,19,180,516,3358,0.263251935675998,0,0,314,581,67,1936,21,772,32,21
"1593","2020-04-13",150,19,182,518,3358,0.263251935675998,0,0,314,581,54,1990,43,815,10,43
"1594","2020-04-14",155,19,181,520,3358,0.263251935675998,0,0,314,581,53,2043,26,841,15,26
"1595","2020-04-15",160,19,198,517,3358,0.263251935675998,0,0,314,581,49,2092,22,863,18,22
"1596","2020-04-16",146,19,181,510,3358,0.263251935675998,0,0,314,581,59,2151,18,881,23,18
"1597","2020-04-17",143,19,177,512,3358,0.263251935675998,0,0,314,581,72,2223,17,898,37,17
"1598","2020-04-18",144,19,157,513,3358,0.263251935675998,0,0,314,581,65,2288,44,942,27,44
"1599","2020-04-19",147,19,146,506,3358,0.263251935675998,0,0,314,581,62,2350,52,994,29,52
"1600","2020-04-20",143,19,152,507,3358,0.263251935675998,0,0,314,581,48,2398,26,1020,20,26
"1601","2020-04-21",134,19,172,520,3358,0.263251935675998,0,0,314,581,58,2456,19,1039,36,19
"1602","2020-04-22",132,19,194,532,3358,0.263251935675998,0,0,314,581,55,2511,53,1092,20,53
"1603","2020-04-23",134,19,170,535,3358,0.263251935675998,0,0,314,581,58,2569,36,1128,23,36
"1604","2020-04-24",136,19,196,540,3358,0.263251935675998,0,0,314,581,55,2624,47,1175,29,47
"1605","2020-04-25",139,19,197,539,3358,0.263251935675998,0,0,314,581,44,2668,57,1232,19,57
"1606","2020-04-26",143,19,191,536,3358,0.263251935675998,0,0,314,581,45,2713,29,1261,19,29
"1607","2020-04-27",141,19,216,520,3358,0.263251935675998,0,0,314,581,49,2762,68,1329,21,68
"1608","2020-04-28",150,19,232,514,3358,0.263251935675998,0,0,314,581,49,2811,29,1358,13,29
"1609","2020-04-29",147,19,254,512,3358,0.263251935675998,0,0,314,581,39,2850,15,1373,9,15
"1610","2020-04-30",155,19,231,515,3358,0.263251935675998,0,0,314,581,38,2888,13,1386,12,13
"1611","2020-05-01",160,19,248,516,3358,0.263251935675998,0,0,314,581,39,2927,39,1425,12,39
"1612","2020-05-02",158,19,229,506,3358,0.263251935675998,0,0,314,581,48,2975,17,1442,11,17
"1613","2020-05-03",160,19,211,491,3358,0.263251935675998,0,0,314,581,44,3019,33,1475,13,33
"1614","2020-05-04",165,19,184,484,3358,0.263251935675998,0,0,314,581,32,3051,19,1494,7,19
"1615","2020-05-05",152,19,175,483,3358,0.263251935675998,0,0,314,581,35,3086,46,1540,12,46
"1616","2020-05-06",157,19,146,465,3358,0.263251935675998,0,0,314,581,33,3119,13,1553,10,13
"1617","2020-05-07",144,19,137,452,3358,0.263251935675998,0,0,314,581,41,3160,17,1570,13,17
"1618","2020-05-08",133,19,127,434,3358,0.263251935675998,0,0,314,581,48,3208,7,1577,15,7
"1619","2020-05-09",129,19,140,420,3358,0.263251935675998,0,0,314,581,43,3251,10,1587,16,10
"1620","2020-05-10",121,19,170,419,3358,0.263251935675998,0,0,314,581,41,3292,52,1639,18,52
"1621","2020-05-11",111,19,181,421,3358,0.263251935675998,0,0,314,581,39,3331,53,1692,16,53
"1622","2020-05-12",121,19,191,404,3358,0.263251935675998,0,0,314,581,28,3359,48,1740,10,48
"1623","2020-05-13",112,19,205,392,3358,0.263251935675998,0,0,314,581,42,3401,39,1779,15,39
"1624","2020-05-14",109,19,211,380,3358,0.263251935675998,0,0,314,581,32,3433,34,1813,7,34
"1625","2020-05-15",113,19,193,386,3358,0.263251935675998,0,0,314,581,30,3463,52,1865,8,52
"1626","2020-05-16",118,19,177,371,3358,0.263251935675998,0,0,314,581,27,3490,59,1924,7,59
"1627","2020-05-17",126,19,150,369,3358,0.263251935675998,0,0,314,581,34,3524,36,1960,11,36
"1628","2020-05-18",128,19,146,360,3358,0.263251935675998,0,0,314,581,23,3547,41,2001,11,41
"1629","2020-05-19",112,19,127,349,3358,0.263251935675998,0,0,314,581,31,3578,37,2038,8,37
"1630","2020-05-20",109,19,118,336,3358,0.263251935675998,0,0,314,581,24,3602,38,2076,7,38
"1631","2020-05-21",108,19,137,328,3358,0.263251935675998,0,0,314,581,23,3625,35,2111,7,35
"1632","2020-05-22",105,19,143,308,3358,0.263251935675998,0,0,314,581,25,3650,61,2172,6,61
"1633","2020-05-23",90,19,152,299,3358,0.263251935675998,0,0,314,581,19,3669,33,2205,6,33
"1634","2020-05-24",80,19,136,288,3358,0.263251935675998,0,0,314,581,16,3685,61,2266,3,61
"1635","2020-05-25",80,19,138,270,3358,0.263251935675998,0,0,314,581,31,3716,31,2297,7,31
"1636","2020-05-26",86,19,150,261,3358,0.263251935675998,0,0,314,581,23,3739,39,2336,4,39
"1637","2020-05-27",85,19,169,264,3358,0.263251935675998,0,0,314,581,24,3763,53,2389,6,53
"1638","2020-05-28",85,19,185,254,3358,0.263251935675998,0,0,314,581,21,3784,19,2408,11,19
"1639","2020-05-29",76,19,183,244,3358,0.263251935675998,0,0,314,581,25,3809,20,2428,10,20
"1640","2020-05-30",83,19,161,229,3358,0.263251935675998,0,0,314,581,16,3825,10,2438,7,10
"1641","2020-05-31",77,19,153,223,3358,0.263251935675998,0,0,314,581,14,3839,13,2451,8,13
"1642","2020-06-01",71,19,136,224,3358,0.263251935675998,0,0,314,581,21,3860,9,2460,7,9
"1643","2020-06-02",69,19,125,221,3358,0.263251935675998,0,0,314,581,14,3874,41,2501,3,41
"1644","2020-06-03",64,19,111,214,3358,0.263251935675998,0,0,314,581,22,3896,38,2539,8,38
"1645","2020-06-04",65,19,96,211,3358,0.263251935675998,0,0,314,581,14,3910,24,2563,8,24
"1646","2020-06-05",67,19,78,205,3358,0.263251935675998,0,0,314,581,19,3929,28,2591,6,28
"1647","2020-06-06",62,19,89,205,3358,0.263251935675998,0,0,314,581,13,3942,25,2616,4,25
"1648","2020-06-07",65,19,105,201,3358,0.263251935675998,0,0,314,581,13,3955,19,2635,4,19
"1649","2020-03-14",2,20,45,43,4329,0.873642873642874,0,0,368,810,12,47,11,24,6,11
"1650","2020-03-15",4,20,67,58,4329,0.873642873642874,0,0,368,810,17,64,7,31,9,7
"1651","2020-03-16",5,20,77,82,4329,0.873642873642874,0,0,368,810,20,84,9,40,10,9
"1652","2020-03-17",10,20,84,98,4329,0.873642873642874,0,0,368,810,17,101,17,57,8,17
"1653","2020-03-18",13,20,93,114,4329,0.873642873642874,0,0,368,810,25,126,20,77,12,20
"1654","2020-03-19",14,20,135,142,4329,0.873642873642874,0,0,368,810,23,149,18,95,10,18
"1655","2020-03-20",17,20,148,171,4329,0.873642873642874,0,0,368,810,18,167,11,106,9,11
"1656","2020-03-21",28,20,136,210,4329,0.873642873642874,0,0,368,810,21,188,9,115,15,9
"1657","2020-03-22",36,20,122,232,4329,0.873642873642874,0,0,368,810,29,217,10,125,16,10
"1658","2020-03-23",42,20,111,260,4329,0.873642873642874,0,0,368,810,28,245,12,137,20,12
"1659","2020-03-24",46,20,153,295,4329,0.873642873642874,0,0,368,810,33,278,28,165,21,28
"1660","2020-03-25",54,20,182,317,4329,0.873642873642874,0,0,368,810,23,301,34,199,11,34
"1661","2020-03-26",68,20,156,356,4329,0.873642873642874,0,0,368,810,31,332,25,224,21,25
"1662","2020-03-27",72,20,140,381,4329,0.873642873642874,0,0,368,810,30,362,26,250,16,26
"1663","2020-03-28",75,20,108,410,4329,0.873642873642874,0,0,368,810,32,394,19,269,22,19
"1664","2020-03-29",86,20,97,424,4329,0.873642873642874,0,0,368,810,34,428,20,289,21,20
"1665","2020-03-30",98,20,102,436,4329,0.873642873642874,0,0,368,810,32,460,34,323,23,34
"1666","2020-03-31",115,20,89,471,4329,0.873642873642874,0,0,368,810,30,490,31,354,21,31
"1667","2020-04-01",115,20,99,493,4329,0.873642873642874,0,0,368,810,31,521,30,384,18,30
"1668","2020-04-02",115,20,126,517,4329,0.873642873642874,0,0,368,810,39,560,28,412,19,28
"1669","2020-04-03",124,20,123,546,4329,0.873642873642874,0,0,368,810,36,596,35,447,24,35
"1670","2020-04-04",132,20,111,561,4329,0.873642873642874,0,0,368,810,39,635,33,480,26,33
"1671","2020-04-05",134,20,112,588,4329,0.873642873642874,0,0,368,810,42,677,26,506,32,26
"1672","2020-04-06",139,20,143,614,4329,0.873642873642874,0,0,368,810,46,723,23,529,35,23
"1673","2020-04-07",140,20,156,632,4329,0.873642873642874,0,0,368,810,36,759,35,564,25,35
"1674","2020-04-08",158,20,197,651,4329,0.873642873642874,0,0,368,810,43,802,37,601,28,37
"1675","2020-04-09",175,20,211,704,4329,0.873642873642874,0,0,368,810,48,850,51,652,36,51
"1676","2020-04-10",186,20,210,720,4329,0.873642873642874,0,0,368,810,32,882,53,705,16,53
"1677","2020-04-11",179,20,216,759,4329,0.873642873642874,0,0,368,810,36,918,54,759,19,54
"1678","2020-04-12",185,20,248,779,4329,0.873642873642874,0,0,368,810,24,942,40,799,11,40
"1679","2020-04-13",194,20,232,791,4329,0.873642873642874,0,0,368,810,28,970,55,854,14,55
"1680","2020-04-14",188,20,209,799,4329,0.873642873642874,0,0,368,810,34,1004,40,894,18,40
"1681","2020-04-15",190,20,243,810,4329,0.873642873642874,0,0,368,810,33,1037,35,929,17,35
"1682","2020-04-16",187,20,237,841,4329,0.873642873642874,0,0,368,810,28,1065,54,983,13,54
"1683","2020-04-17",205,20,259,864,4329,0.873642873642874,0,0,368,810,34,1099,55,1038,18,55
"1684","2020-04-18",231,20,230,859,4329,0.873642873642874,0,0,368,810,25,1124,51,1089,11,51
"1685","2020-04-19",237,20,224,864,4329,0.873642873642874,0,0,368,810,32,1156,34,1123,15,34
"1686","2020-04-20",238,20,203,867,4329,0.873642873642874,0,0,368,810,27,1183,27,1150,16,27
"1687","2020-04-21",260,20,205,847,4329,0.873642873642874,0,0,368,810,28,1211,49,1199,19,49
"1688","2020-04-22",261,20,187,822,4329,0.873642873642874,0,0,368,810,26,1237,54,1253,14,54
"1689","2020-04-23",260,20,161,820,4329,0.873642873642874,0,0,368,810,19,1256,52,1305,9,52
"1690","2020-04-24",252,20,150,817,4329,0.873642873642874,0,0,368,810,25,1281,33,1338,11,33
"1691","2020-04-25",236,20,193,813,4329,0.873642873642874,0,0,368,810,24,1305,46,1384,7,46
"1692","2020-04-26",231,20,233,794,4329,0.873642873642874,0,0,368,810,26,1331,19,1403,9,19
"1693","2020-04-27",234,20,283,793,4329,0.873642873642874,0,0,368,810,19,1350,33,1436,4,33
"1694","2020-04-28",210,20,239,776,4329,0.873642873642874,0,0,368,810,25,1375,44,1480,10,44
"1695","2020-04-29",218,20,218,760,4329,0.873642873642874,0,0,368,810,28,1403,49,1529,15,49
"1696","2020-04-30",220,20,209,751,4329,0.873642873642874,0,0,368,810,37,1440,56,1585,27,56
"1697","2020-05-01",225,20,195,730,4329,0.873642873642874,0,0,368,810,28,1468,39,1624,11,39
"1698","2020-05-02",220,20,173,736,4329,0.873642873642874,0,0,368,810,27,1495,44,1668,12,44
"1699","2020-05-03",219,20,174,727,4329,0.873642873642874,0,0,368,810,29,1524,32,1700,11,32
"1700","2020-05-04",212,20,198,718,4329,0.873642873642874,0,0,368,810,29,1553,30,1730,11,30
"1701","2020-05-05",224,20,198,685,4329,0.873642873642874,0,0,368,810,27,1580,26,1756,13,26
"1702","2020-05-06",209,20,185,660,4329,0.873642873642874,0,0,368,810,30,1610,54,1810,14,54
"1703","2020-05-07",202,20,176,645,4329,0.873642873642874,0,0,368,810,29,1639,55,1865,15,55
"1704","2020-05-08",181,20,167,635,4329,0.873642873642874,0,0,368,810,18,1657,30,1895,7,30
"1705","2020-05-09",193,20,196,619,4329,0.873642873642874,0,0,368,810,22,1679,30,1925,9,30
"1706","2020-05-10",182,20,188,607,4329,0.873642873642874,0,0,368,810,24,1703,39,1964,11,39
"1707","2020-05-11",171,20,163,608,4329,0.873642873642874,0,0,368,810,32,1735,31,1995,18,31
"1708","2020-05-12",159,20,151,579,4329,0.873642873642874,0,0,368,810,25,1760,35,2030,16,35
"1709","2020-05-13",160,20,140,561,4329,0.873642873642874,0,0,368,810,25,1785,53,2083,11,53
"1710","2020-05-14",153,20,123,562,4329,0.873642873642874,0,0,368,810,21,1806,61,2144,9,61
"1711","2020-05-15",163,20,113,550,4329,0.873642873642874,0,0,368,810,28,1834,45,2189,12,45
"1712","2020-05-16",151,20,103,547,4329,0.873642873642874,0,0,368,810,13,1847,40,2229,5,40
"1713","2020-05-17",155,20,96,546,4329,0.873642873642874,0,0,368,810,24,1871,30,2259,12,30
"1714","2020-05-18",160,20,104,529,4329,0.873642873642874,0,0,368,810,10,1881,41,2300,6,41
"1715","2020-05-19",171,20,159,494,4329,0.873642873642874,0,0,368,810,18,1899,28,2328,9,28
"1716","2020-05-20",167,20,198,484,4329,0.873642873642874,0,0,368,810,12,1911,35,2363,9,35
"1717","2020-05-21",177,20,236,495,4329,0.873642873642874,0,0,368,810,20,1931,25,2388,9,25
"1718","2020-05-22",163,20,231,464,4329,0.873642873642874,0,0,368,810,18,1949,28,2416,11,28
"1719","2020-05-23",152,20,258,452,4329,0.873642873642874,0,0,368,810,18,1967,19,2435,9,19
"1720","2020-05-24",140,20,228,421,4329,0.873642873642874,0,0,368,810,16,1983,24,2459,4,24
"1721","2020-05-25",135,20,226,401,4329,0.873642873642874,0,0,368,810,19,2002,38,2497,8,38
"1722","2020-05-26",122,20,215,383,4329,0.873642873642874,0,0,368,810,17,2019,31,2528,8,31
"1723","2020-05-27",116,20,210,358,4329,0.873642873642874,0,0,368,810,11,2030,38,2566,8,38
"1724","2020-05-28",107,20,225,337,4329,0.873642873642874,0,0,368,810,16,2046,46,2612,8,46
"1725","2020-05-29",101,20,226,318,4329,0.873642873642874,0,0,368,810,4,2050,31,2643,1,31
"1726","2020-05-30",102,20,222,309,4329,0.873642873642874,0,0,368,810,13,2063,33,2676,8,33
"1727","2020-05-31",111,20,210,291,4329,0.873642873642874,0,0,368,810,17,2080,40,2716,11,40
"1728","2020-06-01",105,20,196,280,4329,0.873642873642874,0,0,368,810,12,2092,26,2742,7,26
"1729","2020-06-02",101,20,179,259,4329,0.873642873642874,0,0,368,810,13,2105,34,2776,4,34
"1730","2020-06-03",94,20,184,237,4329,0.873642873642874,0,0,368,810,9,2114,45,2821,8,45
"1731","2020-06-04",86,20,192,223,4329,0.873642873642874,0,0,368,810,13,2127,34,2855,3,34
"1732","2020-06-05",84,20,210,216,4329,0.873642873642874,0,0,368,810,17,2144,50,2905,10,50
"1733","2020-06-06",77,20,175,213,4329,0.873642873642874,0,0,368,810,16,2160,37,2942,13,37
"1734","2020-06-07",64,20,155,206,4329,0.873642873642874,0,0,368,810,10,2170,35,2977,6,35
