"","Date","Absents","Paramset","Infections_or_Exposed_per_day_Patient","Infections_or_Exposed_per_day_HCW","total_infections","nosocomial_proportion","PCR_pooled","LFD_pooled","HCW_symp_test","patient_symp_test","new_hcw_infs","cumulative_hcw_infs","new_pat_infs","cumulative_pats_infs","new_nosocomial_hcw_infs","new_nosocomial_pat_infs"
"1","2020-03-13",2,1,25,80,3790,0.450395778364116,8250,28510,189,419,30,80,8,17,4,8
"2","2020-03-14",12,1,32,117,3790,0.450395778364116,8250,28510,189,419,37,117,10,27,7,10
"3","2020-03-15",14,1,38,147,3790,0.450395778364116,8250,28510,189,419,30,147,11,38,11,11
"4","2020-03-16",19,1,37,181,3790,0.450395778364116,8250,28510,189,419,34,181,6,44,13,6
"5","2020-03-17",33,1,49,207,3790,0.450395778364116,8250,28510,189,419,29,210,13,57,12,13
"6","2020-03-18",45,1,54,251,3790,0.450395778364116,8250,28510,189,419,44,254,13,70,16,13
"7","2020-03-19",59,1,55,286,3790,0.450395778364116,8250,28510,189,419,43,297,8,78,19,8
"8","2020-03-20",66,1,51,321,3790,0.450395778364116,8250,28510,189,419,40,337,6,84,15,6
"9","2020-03-21",86,1,56,336,3790,0.450395778364116,8250,28510,189,419,25,362,12,96,14,12
"10","2020-03-22",103,1,75,359,3790,0.450395778364116,8250,28510,189,419,38,400,19,115,18,19
"11","2020-03-23",103,1,81,367,3790,0.450395778364116,8250,28510,189,419,35,435,16,131,15,16
"12","2020-03-24",99,1,93,381,3790,0.450395778364116,8250,28510,189,419,34,469,25,156,17,25
"13","2020-03-25",97,1,96,395,3790,0.450395778364116,8250,28510,189,419,45,514,18,174,23,18
"14","2020-03-26",95,1,87,406,3790,0.450395778364116,8250,28510,189,419,48,562,12,186,27,12
"15","2020-03-27",107,1,85,415,3790,0.450395778364116,8250,28510,189,419,49,611,18,204,23,18
"16","2020-03-28",112,1,101,416,3790,0.450395778364116,8250,28510,189,419,41,652,26,230,14,26
"17","2020-03-29",126,1,93,423,3790,0.450395778364116,8250,28510,189,419,44,696,16,246,17,16
"18","2020-03-30",125,1,93,432,3790,0.450395778364116,8250,28510,189,419,46,742,19,265,25,19
"19","2020-03-31",130,1,89,446,3790,0.450395778364116,8250,28510,189,419,43,785,12,277,23,12
"20","2020-04-01",137,1,82,451,3790,0.450395778364116,8250,28510,189,419,36,821,18,295,18,18
"21","2020-04-02",138,1,89,475,3790,0.450395778364116,8250,28510,189,419,52,873,22,317,26,22
"22","2020-04-03",159,1,85,464,3790,0.450395778364116,8250,28510,189,419,43,916,17,334,21,17
"23","2020-04-04",163,1,82,482,3790,0.450395778364116,8250,28510,189,419,47,963,13,347,24,13
"24","2020-04-05",159,1,77,490,3790,0.450395778364116,8250,28510,189,419,47,1010,17,364,22,17
"25","2020-04-06",154,1,87,499,3790,0.450395778364116,8250,28510,189,419,45,1055,20,384,18,20
"26","2020-04-07",146,1,83,494,3790,0.450395778364116,8250,28510,189,419,47,1102,14,398,30,14
"27","2020-04-08",144,1,88,495,3790,0.450395778364116,8250,28510,189,419,57,1159,12,410,31,12
"28","2020-04-09",148,1,90,502,3790,0.450395778364116,8250,28510,189,419,47,1206,18,428,30,18
"29","2020-04-10",163,1,93,519,3790,0.450395778364116,8250,28510,189,419,61,1267,18,446,28,18
"30","2020-04-11",174,1,84,521,3790,0.450395778364116,8250,28510,189,419,56,1323,10,456,25,10
"31","2020-04-12",153,1,77,535,3790,0.450395778364116,8250,28510,189,419,52,1375,14,470,24,14
"32","2020-04-13",145,1,94,557,3790,0.450395778364116,8250,28510,189,419,65,1440,28,498,27,28
"33","2020-04-14",151,1,79,566,3790,0.450395778364116,8250,28510,189,419,64,1504,12,510,32,12
"34","2020-04-15",155,1,90,578,3790,0.450395778364116,8250,28510,189,419,56,1560,14,524,35,14
"35","2020-04-16",166,1,93,578,3790,0.450395778364116,8250,28510,189,419,48,1608,16,540,22,16
"36","2020-04-17",179,1,91,576,3790,0.450395778364116,8250,28510,189,419,47,1655,12,552,25,12
"37","2020-04-18",181,1,83,591,3790,0.450395778364116,8250,28510,189,419,65,1720,9,561,35,9
"38","2020-04-19",189,1,92,599,3790,0.450395778364116,8250,28510,189,419,60,1780,25,586,31,25
"39","2020-04-20",200,1,94,613,3790,0.450395778364116,8250,28510,189,419,51,1831,18,604,21,18
"40","2020-04-21",201,1,107,615,3790,0.450395778364116,8250,28510,189,419,56,1887,19,623,31,19
"41","2020-04-22",205,1,119,619,3790,0.450395778364116,8250,28510,189,419,52,1939,23,646,25,23
"42","2020-04-23",198,1,115,601,3790,0.450395778364116,8250,28510,189,419,44,1983,16,662,20,16
"43","2020-04-24",212,1,105,632,3790,0.450395778364116,8250,28510,189,419,84,2067,20,682,47,20
"44","2020-04-25",231,1,113,633,3790,0.450395778364116,8250,28510,189,419,63,2130,22,704,23,22
"45","2020-04-26",222,1,103,623,3790,0.450395778364116,8250,28510,189,419,53,2183,13,717,28,13
"46","2020-04-27",219,1,90,633,3790,0.450395778364116,8250,28510,189,419,57,2240,7,724,27,7
"47","2020-04-28",216,1,92,635,3790,0.450395778364116,8250,28510,189,419,54,2294,15,739,21,15
"48","2020-04-29",211,1,82,622,3790,0.450395778364116,8250,28510,189,419,51,2345,7,746,25,7
"49","2020-04-30",211,1,83,613,3790,0.450395778364116,8250,28510,189,419,42,2387,13,759,24,13
"50","2020-05-01",225,1,93,602,3790,0.450395778364116,8250,28510,189,419,47,2434,21,780,22,21
"51","2020-05-02",217,1,93,620,3790,0.450395778364116,8250,28510,189,419,75,2509,25,805,41,25
"52","2020-05-03",202,1,102,604,3790,0.450395778364116,8250,28510,189,419,46,2555,18,823,25,18
"53","2020-05-04",191,1,100,598,3790,0.450395778364116,8250,28510,189,419,46,2601,27,850,22,27
"54","2020-05-05",191,1,103,580,3790,0.450395778364116,8250,28510,189,419,42,2643,24,874,19,24
"55","2020-05-06",198,1,103,572,3790,0.450395778364116,8250,28510,189,419,49,2692,16,890,20,16
"56","2020-05-07",196,1,90,573,3790,0.450395778364116,8250,28510,189,419,50,2742,11,901,29,11
"57","2020-05-08",198,1,94,554,3790,0.450395778364116,8250,28510,189,419,40,2782,21,922,15,21
"58","2020-05-09",184,1,82,541,3790,0.450395778364116,8250,28510,189,419,40,2822,10,932,21,10
"59","2020-05-10",195,1,73,533,3790,0.450395778364116,8250,28510,189,419,46,2868,9,941,17,9
"60","2020-05-11",192,1,83,523,3790,0.450395778364116,8250,28510,189,419,36,2904,14,955,17,14
"61","2020-05-12",181,1,90,500,3790,0.450395778364116,8250,28510,189,419,36,2940,24,979,12,24
"62","2020-05-13",178,1,115,494,3790,0.450395778364116,8250,28510,189,419,36,2976,35,1014,11,35
"63","2020-05-14",175,1,126,480,3790,0.450395778364116,8250,28510,189,419,37,3013,30,1044,20,30
"64","2020-05-15",167,1,134,468,3790,0.450395778364116,8250,28510,189,419,36,3049,30,1074,16,30
"65","2020-05-16",186,1,121,463,3790,0.450395778364116,8250,28510,189,419,38,3087,14,1088,20,14
"66","2020-05-17",169,1,116,444,3790,0.450395778364116,8250,28510,189,419,31,3118,14,1102,15,14
"67","2020-05-18",166,1,129,424,3790,0.450395778364116,8250,28510,189,419,24,3142,27,1129,13,27
"68","2020-05-19",152,1,121,403,3790,0.450395778364116,8250,28510,189,419,27,3169,14,1143,8,14
"69","2020-05-20",147,1,122,398,3790,0.450395778364116,8250,28510,189,419,32,3201,17,1160,14,17
"70","2020-05-21",152,1,102,383,3790,0.450395778364116,8250,28510,189,419,34,3235,10,1170,13,10
"71","2020-05-22",154,1,90,373,3790,0.450395778364116,8250,28510,189,419,30,3265,8,1178,18,8
"72","2020-05-23",133,1,98,362,3790,0.450395778364116,8250,28510,189,419,27,3292,27,1205,9,27
"73","2020-05-24",134,1,107,343,3790,0.450395778364116,8250,28510,189,419,31,3323,28,1233,14,28
"74","2020-05-25",136,1,114,345,3790,0.450395778364116,8250,28510,189,419,33,3356,23,1256,14,23
"75","2020-05-26",134,1,118,338,3790,0.450395778364116,8250,28510,189,419,29,3385,18,1274,20,18
"76","2020-05-27",133,1,126,335,3790,0.450395778364116,8250,28510,189,419,30,3415,25,1299,16,25
"77","2020-05-28",124,1,118,327,3790,0.450395778364116,8250,28510,189,419,17,3432,18,1317,9,18
"78","2020-05-29",118,1,104,308,3790,0.450395778364116,8250,28510,189,419,24,3456,13,1330,11,13
"79","2020-05-30",125,1,99,293,3790,0.450395778364116,8250,28510,189,419,18,3474,16,1346,6,16
"80","2020-05-31",107,1,99,294,3790,0.450395778364116,8250,28510,189,419,27,3501,15,1361,18,15
"81","2020-06-01",98,1,93,294,3790,0.450395778364116,8250,28510,189,419,27,3528,9,1370,16,9
"82","2020-06-02",92,1,88,272,3790,0.450395778364116,8250,28510,189,419,19,3547,18,1388,9,18
"83","2020-06-03",87,1,80,263,3790,0.450395778364116,8250,28510,189,419,13,3560,14,1402,6,14
"84","2020-06-04",84,1,78,241,3790,0.450395778364116,8250,28510,189,419,16,3576,6,1408,7,6
"85","2020-06-05",87,1,76,238,3790,0.450395778364116,8250,28510,189,419,19,3595,10,1418,11,10
"86","2020-06-06",80,1,73,233,3790,0.450395778364116,8250,28510,189,419,20,3615,9,1427,10,9
"87","2020-06-07",76,1,78,229,3790,0.450395778364116,8250,28510,189,419,18,3633,15,1442,9,15
"88","2020-03-07",1,2,0,0,4744,0.789839797639123,8490,30618,273,337,NA,NA,NA,NA,NA,NA
"89","2020-03-08",1,2,0,0,4744,0.789839797639123,8490,30618,273,337,NA,NA,NA,NA,NA,NA
"90","2020-03-09",0,2,0,0,4744,0.789839797639123,8490,30618,273,337,NA,NA,NA,NA,NA,NA
"91","2020-03-10",0,2,0,0,4744,0.789839797639123,8490,30618,273,337,NA,NA,1,1,NA,1
"92","2020-03-11",0,2,0,0,4744,0.789839797639123,8490,30618,273,337,12,12,3,4,NA,3
"93","2020-03-12",0,2,0,0,4744,0.789839797639123,8490,30618,273,337,18,30,4,8,NA,4
"94","2020-03-13",1,2,34,35,4744,0.789839797639123,8490,30618,273,337,26,56,6,14,1,6
"95","2020-03-14",4,2,26,58,4744,0.789839797639123,8490,30618,273,337,22,78,9,23,5,9
"96","2020-03-15",6,2,32,71,4744,0.789839797639123,8490,30618,273,337,18,96,10,33,4,10
"97","2020-03-16",7,2,34,97,4744,0.789839797639123,8490,30618,273,337,33,129,8,41,8,8
"98","2020-03-17",8,2,34,120,4744,0.789839797639123,8490,30618,273,337,20,149,6,47,9,6
"99","2020-03-18",12,2,36,145,4744,0.789839797639123,8490,30618,273,337,29,178,3,50,13,3
"100","2020-03-19",18,2,44,162,4744,0.789839797639123,8490,30618,273,337,33,211,7,57,16,7
"101","2020-03-20",32,2,51,197,4744,0.789839797639123,8490,30618,273,337,27,238,9,66,18,9
"102","2020-03-21",39,2,53,222,4744,0.789839797639123,8490,30618,273,337,31,269,15,81,14,15
"103","2020-03-22",54,2,48,250,4744,0.789839797639123,8490,30618,273,337,49,318,13,94,26,13
"104","2020-03-23",65,2,48,294,4744,0.789839797639123,8490,30618,273,337,34,352,26,120,17,26
"105","2020-03-24",69,2,56,319,4744,0.789839797639123,8490,30618,273,337,44,396,5,125,27,5
"106","2020-03-25",74,2,52,366,4744,0.789839797639123,8490,30618,273,337,45,441,14,139,28,14
"107","2020-03-26",79,2,59,389,4744,0.789839797639123,8490,30618,273,337,45,486,17,156,30,17
"108","2020-03-27",87,2,63,413,4744,0.789839797639123,8490,30618,273,337,49,535,7,163,26,7
"109","2020-03-28",96,2,74,438,4744,0.789839797639123,8490,30618,273,337,50,585,9,172,32,9
"110","2020-03-29",120,2,62,464,4744,0.789839797639123,8490,30618,273,337,41,626,10,182,27,10
"111","2020-03-30",121,2,67,499,4744,0.789839797639123,8490,30618,273,337,55,681,6,188,32,6
"112","2020-03-31",118,2,72,528,4744,0.789839797639123,8490,30618,273,337,53,734,8,196,36,8
"113","2020-04-01",128,2,70,563,4744,0.789839797639123,8490,30618,273,337,54,788,10,206,39,10
"114","2020-04-02",146,2,76,605,4744,0.789839797639123,8490,30618,273,337,57,845,10,216,41,10
"115","2020-04-03",190,2,75,643,4744,0.789839797639123,8490,30618,273,337,65,910,7,223,44,7
"116","2020-04-04",218,2,73,676,4744,0.789839797639123,8490,30618,273,337,53,963,5,228,34,5
"117","2020-04-05",200,2,73,711,4744,0.789839797639123,8490,30618,273,337,59,1022,16,244,37,16
"118","2020-04-06",210,2,74,772,4744,0.789839797639123,8490,30618,273,337,56,1078,16,260,39,16
"119","2020-04-07",220,2,66,823,4744,0.789839797639123,8490,30618,273,337,75,1153,13,273,49,13
"120","2020-04-08",230,2,76,859,4744,0.789839797639123,8490,30618,273,337,48,1201,16,289,31,16
"121","2020-04-09",234,2,79,903,4744,0.789839797639123,8490,30618,273,337,53,1254,19,308,36,19
"122","2020-04-10",276,2,76,918,4744,0.789839797639123,8490,30618,273,337,77,1331,12,320,52,12
"123","2020-04-11",280,2,65,947,4744,0.789839797639123,8490,30618,273,337,64,1395,5,325,39,5
"124","2020-04-12",303,2,68,979,4744,0.789839797639123,8490,30618,273,337,70,1465,6,331,50,6
"125","2020-04-13",308,2,76,1016,4744,0.789839797639123,8490,30618,273,337,78,1543,7,338,52,7
"126","2020-04-14",306,2,75,1047,4744,0.789839797639123,8490,30618,273,337,55,1598,13,351,32,13
"127","2020-04-15",325,2,73,1075,4744,0.789839797639123,8490,30618,273,337,66,1664,16,367,39,16
"128","2020-04-16",329,2,74,1093,4744,0.789839797639123,8490,30618,273,337,49,1713,14,381,29,14
"129","2020-04-17",378,2,93,1102,4744,0.789839797639123,8490,30618,273,337,65,1778,23,404,40,23
"130","2020-04-18",401,2,100,1109,4744,0.789839797639123,8490,30618,273,337,47,1825,25,429,35,25
"131","2020-04-19",375,2,88,1091,4744,0.789839797639123,8490,30618,273,337,63,1888,25,454,41,25
"132","2020-04-20",360,2,87,1094,4744,0.789839797639123,8490,30618,273,337,55,1943,29,483,32,29
"133","2020-04-21",356,2,85,1084,4744,0.789839797639123,8490,30618,273,337,73,2016,30,513,46,30
"134","2020-04-22",345,2,87,1070,4744,0.789839797639123,8490,30618,273,337,63,2079,17,530,36,17
"135","2020-04-23",349,2,86,1079,4744,0.789839797639123,8490,30618,273,337,80,2159,23,553,54,23
"136","2020-04-24",385,2,94,1066,4744,0.789839797639123,8490,30618,273,337,69,2228,18,571,48,18
"137","2020-04-25",370,2,104,1076,4744,0.789839797639123,8490,30618,273,337,69,2297,17,588,39,17
"138","2020-04-26",334,2,106,1039,4744,0.789839797639123,8490,30618,273,337,63,2360,21,609,40,21
"139","2020-04-27",342,2,123,994,4744,0.789839797639123,8490,30618,273,337,66,2426,18,627,39,18
"140","2020-04-28",340,2,116,972,4744,0.789839797639123,8490,30618,273,337,60,2486,16,643,38,16
"141","2020-04-29",343,2,108,974,4744,0.789839797639123,8490,30618,273,337,52,2538,25,668,29,25
"142","2020-04-30",341,2,96,954,4744,0.789839797639123,8490,30618,273,337,51,2589,16,684,29,16
"143","2020-05-01",335,2,85,908,4744,0.789839797639123,8490,30618,273,337,57,2646,30,714,39,30
"144","2020-05-02",333,2,69,881,4744,0.789839797639123,8490,30618,273,337,52,2698,34,748,27,34
"145","2020-05-03",318,2,67,859,4744,0.789839797639123,8490,30618,273,337,56,2754,37,785,39,37
"146","2020-05-04",286,2,86,822,4744,0.789839797639123,8490,30618,273,337,57,2811,32,817,35,32
"147","2020-05-05",280,2,96,786,4744,0.789839797639123,8490,30618,273,337,37,2848,28,845,27,28
"148","2020-05-06",268,2,101,752,4744,0.789839797639123,8490,30618,273,337,42,2890,25,870,22,25
"149","2020-05-07",256,2,110,708,4744,0.789839797639123,8490,30618,273,337,61,2951,19,889,41,19
"150","2020-05-08",244,2,100,671,4744,0.789839797639123,8490,30618,273,337,39,2990,36,925,18,36
"151","2020-05-09",245,2,92,644,4744,0.789839797639123,8490,30618,273,337,51,3041,34,959,39,34
"152","2020-05-10",259,2,92,607,4744,0.789839797639123,8490,30618,273,337,37,3078,27,986,22,27
"153","2020-05-11",257,2,97,563,4744,0.789839797639123,8490,30618,273,337,47,3125,20,1006,24,20
"154","2020-05-12",239,2,90,529,4744,0.789839797639123,8490,30618,273,337,35,3160,12,1018,18,12
"155","2020-05-13",232,2,79,503,4744,0.789839797639123,8490,30618,273,337,32,3192,19,1037,21,19
"156","2020-05-14",221,2,78,475,4744,0.789839797639123,8490,30618,273,337,36,3228,23,1060,24,23
"157","2020-05-15",215,2,73,443,4744,0.789839797639123,8490,30618,273,337,33,3261,23,1083,22,23
"158","2020-05-16",203,2,70,413,4744,0.789839797639123,8490,30618,273,337,35,3296,21,1104,26,21
"159","2020-05-17",169,2,62,379,4744,0.789839797639123,8490,30618,273,337,43,3339,12,1116,25,12
"160","2020-05-18",167,2,57,357,4744,0.789839797639123,8490,30618,273,337,36,3375,17,1133,21,17
"161","2020-05-19",156,2,58,340,4744,0.789839797639123,8490,30618,273,337,27,3402,25,1158,18,25
"162","2020-05-20",146,2,62,330,4744,0.789839797639123,8490,30618,273,337,29,3431,14,1172,17,14
"163","2020-05-21",147,2,60,318,4744,0.789839797639123,8490,30618,273,337,33,3464,15,1187,28,15
"164","2020-05-22",133,2,55,297,4744,0.789839797639123,8490,30618,273,337,18,3482,22,1209,10,22
"165","2020-05-23",127,2,52,296,4744,0.789839797639123,8490,30618,273,337,38,3520,13,1222,24,13
"166","2020-05-24",107,2,44,290,4744,0.789839797639123,8490,30618,273,337,25,3545,20,1242,15,20
"167","2020-05-25",105,2,48,274,4744,0.789839797639123,8490,30618,273,337,24,3569,14,1256,13,14
"168","2020-05-26",97,2,52,261,4744,0.789839797639123,8490,30618,273,337,15,3584,13,1269,11,13
"169","2020-05-27",97,2,52,253,4744,0.789839797639123,8490,30618,273,337,19,3603,13,1282,11,13
"170","2020-05-28",93,2,52,249,4744,0.789839797639123,8490,30618,273,337,24,3627,21,1303,12,21
"171","2020-05-29",99,2,51,243,4744,0.789839797639123,8490,30618,273,337,23,3650,10,1313,14,10
"172","2020-05-30",94,2,54,238,4744,0.789839797639123,8490,30618,273,337,25,3675,10,1323,13,10
"173","2020-05-31",86,2,63,217,4744,0.789839797639123,8490,30618,273,337,23,3698,9,1332,11,9
"174","2020-06-01",85,2,63,214,4744,0.789839797639123,8490,30618,273,337,11,3709,11,1343,8,11
"175","2020-06-02",81,2,61,207,4744,0.789839797639123,8490,30618,273,337,14,3723,9,1352,9,9
"176","2020-06-03",81,2,69,195,4744,0.789839797639123,8490,30618,273,337,18,3741,17,1369,14,17
"177","2020-06-04",77,2,73,184,4744,0.789839797639123,8490,30618,273,337,15,3756,8,1377,7,8
"178","2020-06-05",71,2,75,171,4744,0.789839797639123,8490,30618,273,337,17,3773,21,1398,14,21
"179","2020-06-06",71,2,68,159,4744,0.789839797639123,8490,30618,273,337,18,3791,11,1409,11,11
"180","2020-06-07",59,2,65,155,4744,0.789839797639123,8490,30618,273,337,16,3807,11,1420,6,11
"181","2020-03-13",1,3,88,71,4832,0.665355960264901,8370,31459,275,938,12,29,11,22,7,11
"182","2020-03-14",10,3,94,95,4832,0.665355960264901,8370,31459,275,938,14,43,8,30,11,8
"183","2020-03-15",12,3,107,132,4832,0.665355960264901,8370,31459,275,938,23,66,12,42,16,12
"184","2020-03-16",11,3,116,161,4832,0.665355960264901,8370,31459,275,938,26,92,15,57,13,15
"185","2020-03-17",21,3,129,204,4832,0.665355960264901,8370,31459,275,938,24,116,13,70,20,13
"186","2020-03-18",33,3,157,246,4832,0.665355960264901,8370,31459,275,938,36,152,8,78,31,8
"187","2020-03-19",40,3,179,275,4832,0.665355960264901,8370,31459,275,938,37,189,15,93,31,15
"188","2020-03-20",61,3,196,308,4832,0.665355960264901,8370,31459,275,938,22,211,10,103,20,10
"189","2020-03-21",65,3,205,351,4832,0.665355960264901,8370,31459,275,938,49,260,10,113,46,10
"190","2020-03-22",87,3,238,400,4832,0.665355960264901,8370,31459,275,938,44,304,22,135,40,22
"191","2020-03-23",101,3,264,439,4832,0.665355960264901,8370,31459,275,938,51,355,12,147,44,12
"192","2020-03-24",105,3,265,484,4832,0.665355960264901,8370,31459,275,938,55,410,17,164,48,18
"193","2020-03-25",104,3,234,514,4832,0.665355960264901,8370,31459,275,938,59,469,12,176,53,12
"194","2020-03-26",120,3,219,545,4832,0.665355960264901,8370,31459,275,938,75,544,25,201,71,25
"195","2020-03-27",141,3,205,567,4832,0.665355960264901,8370,31459,275,938,78,622,20,221,73,20
"196","2020-03-28",164,3,194,605,4832,0.665355960264901,8370,31459,275,938,78,700,10,231,72,10
"197","2020-03-29",178,3,184,634,4832,0.665355960264901,8370,31459,275,938,105,805,16,247,99,16
"198","2020-03-30",183,3,186,661,4832,0.665355960264901,8370,31459,275,938,75,880,15,262,67,15
"199","2020-03-31",186,3,209,672,4832,0.665355960264901,8370,31459,275,938,115,995,14,276,112,14
"200","2020-04-01",194,3,204,695,4832,0.665355960264901,8370,31459,275,938,106,1101,14,290,97,14
"201","2020-04-02",194,3,224,734,4832,0.665355960264901,8370,31459,275,938,115,1216,22,312,111,22
"202","2020-04-03",240,3,240,750,4832,0.665355960264901,8370,31459,275,938,118,1334,18,330,110,18
"203","2020-04-04",241,3,234,775,4832,0.665355960264901,8370,31459,275,938,136,1470,26,356,132,26
"204","2020-04-05",220,3,223,788,4832,0.665355960264901,8370,31459,275,938,162,1632,10,366,155,10
"205","2020-04-06",225,3,219,848,4832,0.665355960264901,8370,31459,275,938,113,1745,12,378,108,12
"206","2020-04-07",229,3,219,856,4832,0.665355960264901,8370,31459,275,938,150,1895,17,395,144,17
"207","2020-04-08",238,3,225,861,4832,0.665355960264901,8370,31459,275,938,128,2023,14,409,119,14
"208","2020-04-09",251,3,248,874,4832,0.665355960264901,8370,31459,275,938,146,2169,12,421,140,12
"209","2020-04-10",262,3,230,861,4832,0.665355960264901,8370,31459,275,938,139,2308,9,430,134,9
"210","2020-04-11",268,3,238,896,4832,0.665355960264901,8370,31459,275,938,131,2439,12,442,124,12
"211","2020-04-12",288,3,229,923,4832,0.665355960264901,8370,31459,275,938,151,2590,21,463,148,21
"212","2020-04-13",298,3,226,930,4832,0.665355960264901,8370,31459,275,938,148,2738,27,490,141,27
"213","2020-04-14",296,3,217,935,4832,0.665355960264901,8370,31459,275,938,179,2917,25,515,176,25
"214","2020-04-15",298,3,246,937,4832,0.665355960264901,8370,31459,275,938,107,3024,33,548,103,33
"215","2020-04-16",299,3,256,934,4832,0.665355960264901,8370,31459,275,938,116,3140,26,574,111,26
"216","2020-04-17",327,3,243,941,4832,0.665355960264901,8370,31459,275,938,161,3301,42,616,153,42
"217","2020-04-18",334,3,244,952,4832,0.665355960264901,8370,31459,275,938,115,3416,31,647,112,31
"218","2020-04-19",314,3,245,922,4832,0.665355960264901,8370,31459,275,938,121,3537,28,675,113,28
"219","2020-04-20",307,3,242,922,4832,0.665355960264901,8370,31459,275,938,103,3640,31,706,100,31
"220","2020-04-21",296,3,233,914,4832,0.665355960264901,8370,31459,275,938,108,3748,26,732,102,26
"221","2020-04-22",306,3,210,903,4832,0.665355960264901,8370,31459,275,938,89,3837,38,770,82,38
"222","2020-04-23",301,3,185,893,4832,0.665355960264901,8370,31459,275,938,90,3927,41,811,84,41
"223","2020-04-24",315,3,193,879,4832,0.665355960264901,8370,31459,275,938,97,4024,27,838,89,27
"224","2020-04-25",340,3,215,867,4832,0.665355960264901,8370,31459,275,938,92,4116,28,866,86,28
"225","2020-04-26",317,3,228,848,4832,0.665355960264901,8370,31459,275,938,87,4203,17,883,83,17
"226","2020-04-27",314,3,232,837,4832,0.665355960264901,8370,31459,275,938,98,4301,25,908,93,25
"227","2020-04-28",310,3,238,823,4832,0.665355960264901,8370,31459,275,938,61,4362,34,942,57,34
"228","2020-04-29",295,3,246,786,4832,0.665355960264901,8370,31459,275,938,78,4440,30,972,73,30
"229","2020-04-30",297,3,222,774,4832,0.665355960264901,8370,31459,275,938,76,4516,41,1013,71,41
"230","2020-05-01",298,3,228,772,4832,0.665355960264901,8370,31459,275,938,67,4583,27,1040,63,27
"231","2020-05-02",273,3,218,734,4832,0.665355960264901,8370,31459,275,938,43,4626,29,1069,40,29
"232","2020-05-03",266,3,216,711,4832,0.665355960264901,8370,31459,275,938,39,4665,21,1090,37,21
"233","2020-05-04",245,3,213,699,4832,0.665355960264901,8370,31459,275,938,53,4718,29,1119,48,29
"234","2020-05-05",228,3,203,677,4832,0.665355960264901,8370,31459,275,938,49,4767,13,1132,47,13
"235","2020-05-06",229,3,201,641,4832,0.665355960264901,8370,31459,275,938,45,4812,34,1166,43,34
"236","2020-05-07",214,3,211,629,4832,0.665355960264901,8370,31459,275,938,55,4867,32,1198,51,32
"237","2020-05-08",202,3,214,606,4832,0.665355960264901,8370,31459,275,938,51,4918,32,1230,49,32
"238","2020-05-09",199,3,212,592,4832,0.665355960264901,8370,31459,275,938,34,4952,29,1259,31,29
"239","2020-05-10",187,3,218,569,4832,0.665355960264901,8370,31459,275,938,36,4988,34,1293,33,34
"240","2020-05-11",181,3,239,560,4832,0.665355960264901,8370,31459,275,938,41,5029,28,1321,36,28
"241","2020-05-12",179,3,237,546,4832,0.665355960264901,8370,31459,275,938,25,5054,26,1347,23,26
"242","2020-05-13",171,3,227,538,4832,0.665355960264901,8370,31459,275,938,28,5082,31,1378,25,31
"243","2020-05-14",174,3,249,512,4832,0.665355960264901,8370,31459,275,938,20,5102,28,1406,16,28
"244","2020-05-15",175,3,235,500,4832,0.665355960264901,8370,31459,275,938,33,5135,18,1424,26,18
"245","2020-05-16",172,3,238,471,4832,0.665355960264901,8370,31459,275,938,19,5154,37,1461,16,37
"246","2020-05-17",161,3,259,444,4832,0.665355960264901,8370,31459,275,938,20,5174,26,1487,17,26
"247","2020-05-18",160,3,267,423,4832,0.665355960264901,8370,31459,275,938,21,5195,17,1504,17,17
"248","2020-05-19",152,3,270,410,4832,0.665355960264901,8370,31459,275,938,30,5225,21,1525,27,21
"249","2020-05-20",150,3,262,389,4832,0.665355960264901,8370,31459,275,938,25,5250,20,1545,25,20
"250","2020-05-21",145,3,255,374,4832,0.665355960264901,8370,31459,275,938,30,5280,22,1567,27,22
"251","2020-05-22",133,3,239,365,4832,0.665355960264901,8370,31459,275,938,23,5303,25,1592,18,25
"252","2020-05-23",133,3,228,351,4832,0.665355960264901,8370,31459,275,938,19,5322,30,1622,18,30
"253","2020-05-24",128,3,201,334,4832,0.665355960264901,8370,31459,275,938,14,5336,31,1653,14,31
"254","2020-05-25",135,3,191,317,4832,0.665355960264901,8370,31459,275,938,14,5350,42,1695,12,42
"255","2020-05-26",133,3,170,307,4832,0.665355960264901,8370,31459,275,938,13,5363,31,1726,12,31
"256","2020-05-27",129,3,173,296,4832,0.665355960264901,8370,31459,275,938,21,5384,20,1746,20,20
"257","2020-05-28",124,3,194,286,4832,0.665355960264901,8370,31459,275,938,13,5397,20,1766,12,20
"258","2020-05-29",122,3,207,275,4832,0.665355960264901,8370,31459,275,938,16,5413,11,1777,16,11
"259","2020-05-30",118,3,226,267,4832,0.665355960264901,8370,31459,275,938,7,5420,16,1793,5,16
"260","2020-05-31",111,3,236,256,4832,0.665355960264901,8370,31459,275,938,12,5432,20,1813,10,20
"261","2020-06-01",95,3,238,238,4832,0.665355960264901,8370,31459,275,938,9,5441,26,1839,7,26
"262","2020-06-02",88,3,245,230,4832,0.665355960264901,8370,31459,275,938,12,5453,20,1859,11,20
"263","2020-06-03",86,3,236,217,4832,0.665355960264901,8370,31459,275,938,12,5465,17,1876,11,17
"264","2020-06-04",80,3,223,206,4832,0.665355960264901,8370,31459,275,938,8,5473,25,1901,7,25
"265","2020-06-05",79,3,219,207,4832,0.665355960264901,8370,31459,275,938,12,5485,14,1915,8,14
"266","2020-06-06",68,3,211,190,4832,0.665355960264901,8370,31459,275,938,9,5494,28,1943,9,28
"267","2020-06-07",64,3,207,180,4832,0.665355960264901,8370,31459,275,938,6,5500,23,1966,5,23
"268","2020-03-07",1,4,0,0,3865,0.765847347994825,8370,28036,271,481,NA,NA,NA,NA,NA,NA
"269","2020-03-08",1,4,0,0,3865,0.765847347994825,8370,28036,271,481,NA,NA,NA,NA,NA,NA
"270","2020-03-09",0,4,0,0,3865,0.765847347994825,8370,28036,271,481,NA,NA,NA,NA,NA,NA
"271","2020-03-10",0,4,0,0,3865,0.765847347994825,8370,28036,271,481,NA,NA,NA,NA,NA,NA
"272","2020-03-11",0,4,0,0,3865,0.765847347994825,8370,28036,271,481,25,25,7,7,2,7
"273","2020-03-12",0,4,0,0,3865,0.765847347994825,8370,28036,271,481,27,52,22,29,3,22
"274","2020-03-13",0,4,0,0,3865,0.765847347994825,8370,28036,271,481,34,86,10,39,10,10
"275","2020-03-14",5,4,23,43,3865,0.765847347994825,8370,28036,271,481,47,133,12,51,15,12
"276","2020-03-15",9,4,27,53,3865,0.765847347994825,8370,28036,271,481,33,166,26,77,14,26
"277","2020-03-16",9,4,27,64,3865,0.765847347994825,8370,28036,271,481,26,192,22,99,18,22
"278","2020-03-17",11,4,27,84,3865,0.765847347994825,8370,28036,271,481,45,237,20,119,22,20
"279","2020-03-18",15,4,27,103,3865,0.765847347994825,8370,28036,271,481,55,292,27,146,30,27
"280","2020-03-19",19,4,29,120,3865,0.765847347994825,8370,28036,271,481,44,336,11,157,32,11
"281","2020-03-20",28,4,59,142,3865,0.765847347994825,8370,28036,271,481,36,372,14,171,22,14
"282","2020-03-21",29,4,58,164,3865,0.765847347994825,8370,28036,271,481,51,423,11,182,27,11
"283","2020-03-22",36,4,51,178,3865,0.765847347994825,8370,28036,271,481,57,480,5,187,37,5
"284","2020-03-23",41,4,72,192,3865,0.765847347994825,8370,28036,271,481,58,538,8,195,42,8
"285","2020-03-24",45,4,63,216,3865,0.765847347994825,8370,28036,271,481,51,589,9,204,35,9
"286","2020-03-25",50,4,64,245,3865,0.765847347994825,8370,28036,271,481,58,647,2,206,34,2
"287","2020-03-26",48,4,76,261,3865,0.765847347994825,8370,28036,271,481,57,704,2,208,39,2
"288","2020-03-27",54,4,64,279,3865,0.765847347994825,8370,28036,271,481,43,747,19,227,30,19
"289","2020-03-28",65,4,55,286,3865,0.765847347994825,8370,28036,271,481,66,813,27,254,42,27
"290","2020-03-29",94,4,54,305,3865,0.765847347994825,8370,28036,271,481,49,862,17,271,31,17
"291","2020-03-30",97,4,69,335,3865,0.765847347994825,8370,28036,271,481,45,907,13,284,25,13
"292","2020-03-31",95,4,84,370,3865,0.765847347994825,8370,28036,271,481,57,964,33,317,38,33
"293","2020-04-01",98,4,92,389,3865,0.765847347994825,8370,28036,271,481,53,1017,10,327,33,10
"294","2020-04-02",110,4,82,422,3865,0.765847347994825,8370,28036,271,481,62,1079,10,337,38,10
"295","2020-04-03",145,4,70,435,3865,0.765847347994825,8370,28036,271,481,65,1144,25,362,38,25
"296","2020-04-04",160,4,76,439,3865,0.765847347994825,8370,28036,271,481,61,1205,42,404,37,42
"297","2020-04-05",135,4,86,467,3865,0.765847347994825,8370,28036,271,481,56,1261,60,464,38,60
"298","2020-04-06",139,4,94,486,3865,0.765847347994825,8370,28036,271,481,58,1319,24,488,42,24
"299","2020-04-07",147,4,92,508,3865,0.765847347994825,8370,28036,271,481,61,1380,29,517,34,29
"300","2020-04-08",151,4,99,511,3865,0.765847347994825,8370,28036,271,481,81,1461,40,557,55,40
"301","2020-04-09",155,4,97,536,3865,0.765847347994825,8370,28036,271,481,65,1526,39,596,42,39
"302","2020-04-10",170,4,83,566,3865,0.765847347994825,8370,28036,271,481,77,1603,23,619,58,23
"303","2020-04-11",178,4,91,591,3865,0.765847347994825,8370,28036,271,481,72,1675,17,636,42,17
"304","2020-04-12",175,4,88,608,3865,0.765847347994825,8370,28036,271,481,50,1725,28,664,34,28
"305","2020-04-13",174,4,95,607,3865,0.765847347994825,8370,28036,271,481,79,1804,45,709,52,45
"306","2020-04-14",171,4,109,632,3865,0.765847347994825,8370,28036,271,481,68,1872,23,732,35,23
"307","2020-04-15",175,4,99,648,3865,0.765847347994825,8370,28036,271,481,76,1948,14,746,56,14
"308","2020-04-16",177,4,102,655,3865,0.765847347994825,8370,28036,271,481,75,2023,25,771,43,25
"309","2020-04-17",185,4,107,672,3865,0.765847347994825,8370,28036,271,481,45,2068,53,824,25,53
"310","2020-04-18",199,4,122,703,3865,0.765847347994825,8370,28036,271,481,72,2140,35,859,43,35
"311","2020-04-19",208,4,117,692,3865,0.765847347994825,8370,28036,271,481,55,2195,43,902,30,43
"312","2020-04-20",217,4,102,718,3865,0.765847347994825,8370,28036,271,481,64,2259,49,951,39,49
"313","2020-04-21",209,4,101,707,3865,0.765847347994825,8370,28036,271,481,83,2342,48,999,56,48
"314","2020-04-22",221,4,98,706,3865,0.765847347994825,8370,28036,271,481,61,2403,33,1032,27,33
"315","2020-04-23",224,4,107,704,3865,0.765847347994825,8370,28036,271,481,69,2472,58,1090,46,58
"316","2020-04-24",259,4,97,714,3865,0.765847347994825,8370,28036,271,481,79,2551,50,1140,60,50
"317","2020-04-25",266,4,103,715,3865,0.765847347994825,8370,28036,271,481,59,2610,59,1199,42,59
"318","2020-04-26",243,4,119,715,3865,0.765847347994825,8370,28036,271,481,65,2675,49,1248,38,49
"319","2020-04-27",229,4,136,722,3865,0.765847347994825,8370,28036,271,481,61,2736,38,1286,38,38
"320","2020-04-28",235,4,141,712,3865,0.765847347994825,8370,28036,271,481,54,2790,31,1317,41,31
"321","2020-04-29",230,4,129,692,3865,0.765847347994825,8370,28036,271,481,57,2847,26,1343,33,26
"322","2020-04-30",240,4,112,690,3865,0.765847347994825,8370,28036,271,481,62,2909,32,1375,30,32
"323","2020-05-01",241,4,97,680,3865,0.765847347994825,8370,28036,271,481,49,2958,33,1408,36,33
"324","2020-05-02",226,4,84,673,3865,0.765847347994825,8370,28036,271,481,65,3023,19,1427,32,19
"325","2020-05-03",226,4,101,663,3865,0.765847347994825,8370,28036,271,481,48,3071,22,1449,33,22
"326","2020-05-04",231,4,82,660,3865,0.765847347994825,8370,28036,271,481,43,3114,14,1463,27,14
"327","2020-05-05",220,4,70,634,3865,0.765847347994825,8370,28036,271,481,61,3175,17,1480,32,17
"328","2020-05-06",216,4,74,608,3865,0.765847347994825,8370,28036,271,481,32,3207,8,1488,21,8
"329","2020-05-07",208,4,76,602,3865,0.765847347994825,8370,28036,271,481,46,3253,18,1506,35,18
"330","2020-05-08",214,4,74,605,3865,0.765847347994825,8370,28036,271,481,46,3299,35,1541,28,35
"331","2020-05-09",231,4,89,585,3865,0.765847347994825,8370,28036,271,481,48,3347,22,1563,33,22
"332","2020-05-10",208,4,93,581,3865,0.765847347994825,8370,28036,271,481,48,3395,55,1618,24,55
"333","2020-05-11",195,4,97,580,3865,0.765847347994825,8370,28036,271,481,38,3433,44,1662,22,44
"334","2020-05-12",198,4,109,566,3865,0.765847347994825,8370,28036,271,481,38,3471,52,1714,26,52
"335","2020-05-13",199,4,130,550,3865,0.765847347994825,8370,28036,271,481,46,3517,36,1750,25,36
"336","2020-05-14",194,4,117,543,3865,0.765847347994825,8370,28036,271,481,44,3561,28,1778,25,28
"337","2020-05-15",202,4,135,538,3865,0.765847347994825,8370,28036,271,481,34,3595,47,1825,22,47
"338","2020-05-16",190,4,139,524,3865,0.765847347994825,8370,28036,271,481,46,3641,34,1859,25,34
"339","2020-05-17",186,4,128,527,3865,0.765847347994825,8370,28036,271,481,33,3674,19,1878,19,19
"340","2020-05-18",185,4,135,521,3865,0.765847347994825,8370,28036,271,481,29,3703,22,1900,15,22
"341","2020-05-19",179,4,153,516,3865,0.765847347994825,8370,28036,271,481,45,3748,46,1946,25,46
"342","2020-05-20",169,4,142,500,3865,0.765847347994825,8370,28036,271,481,34,3782,55,2001,21,55
"343","2020-05-21",167,4,149,489,3865,0.765847347994825,8370,28036,271,481,38,3820,42,2043,23,42
"344","2020-05-22",160,4,141,480,3865,0.765847347994825,8370,28036,271,481,38,3858,44,2087,21,44
"345","2020-05-23",151,4,129,455,3865,0.765847347994825,8370,28036,271,481,40,3898,20,2107,26,20
"346","2020-05-24",149,4,124,441,3865,0.765847347994825,8370,28036,271,481,29,3927,49,2156,17,49
"347","2020-05-25",148,4,142,422,3865,0.765847347994825,8370,28036,271,481,35,3962,54,2210,19,54
"348","2020-05-26",145,4,143,415,3865,0.765847347994825,8370,28036,271,481,31,3993,58,2268,27,58
"349","2020-05-27",145,4,166,409,3865,0.765847347994825,8370,28036,271,481,32,4025,38,2306,24,38
"350","2020-05-28",145,4,161,401,3865,0.765847347994825,8370,28036,271,481,18,4043,46,2352,11,46
"351","2020-05-29",139,4,139,382,3865,0.765847347994825,8370,28036,271,481,24,4067,23,2375,13,23
"352","2020-05-30",139,4,120,375,3865,0.765847347994825,8370,28036,271,481,31,4098,23,2398,18,23
"353","2020-05-31",125,4,108,355,3865,0.765847347994825,8370,28036,271,481,30,4128,11,2409,21,11
"354","2020-06-01",113,4,99,339,3865,0.765847347994825,8370,28036,271,481,26,4154,8,2417,18,8
"355","2020-06-02",104,4,95,314,3865,0.765847347994825,8370,28036,271,481,18,4172,20,2437,16,20
"356","2020-06-03",100,4,84,297,3865,0.765847347994825,8370,28036,271,481,18,4190,18,2455,14,18
"357","2020-06-04",95,4,72,271,3865,0.765847347994825,8370,28036,271,481,23,4213,8,2463,13,8
"358","2020-06-05",97,4,62,262,3865,0.765847347994825,8370,28036,271,481,15,4228,12,2475,11,12
"359","2020-06-06",93,4,51,253,3865,0.765847347994825,8370,28036,271,481,12,4240,11,2486,9,11
"360","2020-06-07",88,4,48,227,3865,0.765847347994825,8370,28036,271,481,16,4256,24,2510,5,24
"361","2020-03-12",1,5,9,30,4515,0.748172757475083,8340,30383,205,305,7,15,11,15,3,11
"362","2020-03-13",1,5,16,51,4515,0.748172757475083,8340,30383,205,305,7,22,3,18,2,3
"363","2020-03-14",7,5,18,64,4515,0.748172757475083,8340,30383,205,305,9,31,8,26,2,8
"364","2020-03-15",10,5,15,82,4515,0.748172757475083,8340,30383,205,305,14,45,16,42,11,16
"365","2020-03-16",11,5,18,108,4515,0.748172757475083,8340,30383,205,305,17,62,10,52,8,10
"366","2020-03-17",14,5,32,136,4515,0.748172757475083,8340,30383,205,305,12,74,28,80,8,28
"367","2020-03-18",20,5,32,157,4515,0.748172757475083,8340,30383,205,305,27,101,16,96,22,16
"368","2020-03-19",27,5,35,174,4515,0.748172757475083,8340,30383,205,305,22,123,19,115,17,19
"369","2020-03-20",39,5,39,207,4515,0.748172757475083,8340,30383,205,305,34,157,22,137,23,22
"370","2020-03-21",47,5,33,226,4515,0.748172757475083,8340,30383,205,305,45,202,28,165,43,28
"371","2020-03-22",62,5,35,258,4515,0.748172757475083,8340,30383,205,305,27,229,34,199,22,34
"372","2020-03-23",67,5,43,279,4515,0.748172757475083,8340,30383,205,305,49,278,37,236,43,37
"373","2020-03-24",76,5,39,291,4515,0.748172757475083,8340,30383,205,305,41,319,30,266,36,30
"374","2020-03-25",78,5,40,328,4515,0.748172757475083,8340,30383,205,305,69,388,28,294,64,28
"375","2020-03-26",83,5,41,367,4515,0.748172757475083,8340,30383,205,305,51,439,22,316,46,22
"376","2020-03-27",103,5,51,400,4515,0.748172757475083,8340,30383,205,305,64,503,26,342,56,26
"377","2020-03-28",106,5,49,416,4515,0.748172757475083,8340,30383,205,305,78,581,34,376,74,34
"378","2020-03-29",111,5,61,454,4515,0.748172757475083,8340,30383,205,305,74,655,21,397,69,21
"379","2020-03-30",120,5,66,487,4515,0.748172757475083,8340,30383,205,305,88,743,30,427,75,30
"380","2020-03-31",114,5,72,507,4515,0.748172757475083,8340,30383,205,305,106,849,20,447,99,20
"381","2020-04-01",134,5,73,545,4515,0.748172757475083,8340,30383,205,305,108,957,19,466,99,19
"382","2020-04-02",141,5,68,573,4515,0.748172757475083,8340,30383,205,305,119,1076,11,477,113,11
"383","2020-04-03",190,5,69,583,4515,0.748172757475083,8340,30383,205,305,116,1192,20,497,110,20
"384","2020-04-04",224,5,77,618,4515,0.748172757475083,8340,30383,205,305,118,1310,15,512,109,15
"385","2020-04-05",203,5,80,640,4515,0.748172757475083,8340,30383,205,305,114,1424,20,532,107,20
"386","2020-04-06",191,5,85,642,4515,0.748172757475083,8340,30383,205,305,178,1602,30,562,173,30
"387","2020-04-07",187,5,81,657,4515,0.748172757475083,8340,30383,205,305,114,1716,29,591,109,29
"388","2020-04-08",179,5,83,701,4515,0.748172757475083,8340,30383,205,305,128,1844,30,621,121,30
"389","2020-04-09",188,5,76,723,4515,0.748172757475083,8340,30383,205,305,139,1983,25,646,130,25
"390","2020-04-10",222,5,79,753,4515,0.748172757475083,8340,30383,205,305,121,2104,26,672,118,26
"391","2020-04-11",246,5,75,778,4515,0.748172757475083,8340,30383,205,305,149,2253,15,687,148,15
"392","2020-04-12",236,5,74,808,4515,0.748172757475083,8340,30383,205,305,134,2387,33,720,128,33
"393","2020-04-13",234,5,77,817,4515,0.748172757475083,8340,30383,205,305,150,2537,29,749,144,29
"394","2020-04-14",253,5,81,815,4515,0.748172757475083,8340,30383,205,305,175,2712,55,804,164,55
"395","2020-04-15",271,5,77,844,4515,0.748172757475083,8340,30383,205,305,141,2853,36,840,138,36
"396","2020-04-16",267,5,80,832,4515,0.748172757475083,8340,30383,205,305,143,2996,42,882,141,42
"397","2020-04-17",285,5,81,835,4515,0.748172757475083,8340,30383,205,305,144,3140,36,918,137,36
"398","2020-04-18",270,5,87,854,4515,0.748172757475083,8340,30383,205,305,174,3314,37,955,163,37
"399","2020-04-19",257,5,105,851,4515,0.748172757475083,8340,30383,205,305,139,3453,29,984,134,29
"400","2020-04-20",255,5,108,841,4515,0.748172757475083,8340,30383,205,305,167,3620,34,1018,161,34
"401","2020-04-21",248,5,106,836,4515,0.748172757475083,8340,30383,205,305,124,3744,32,1050,120,32
"402","2020-04-22",236,5,109,825,4515,0.748172757475083,8340,30383,205,305,119,3863,36,1086,113,36
"403","2020-04-23",243,5,90,839,4515,0.748172757475083,8340,30383,205,305,142,4005,41,1127,134,41
"404","2020-04-24",270,5,94,853,4515,0.748172757475083,8340,30383,205,305,104,4109,37,1164,97,37
"405","2020-04-25",267,5,92,862,4515,0.748172757475083,8340,30383,205,305,116,4225,34,1198,112,34
"406","2020-04-26",276,5,89,906,4515,0.748172757475083,8340,30383,205,305,104,4329,35,1233,101,35
"407","2020-04-27",291,5,94,914,4515,0.748172757475083,8340,30383,205,305,120,4449,46,1279,119,46
"408","2020-04-28",284,5,111,912,4515,0.748172757475083,8340,30383,205,305,112,4561,27,1306,106,27
"409","2020-04-29",291,5,111,907,4515,0.748172757475083,8340,30383,205,305,93,4654,30,1336,87,30
"410","2020-04-30",295,5,107,896,4515,0.748172757475083,8340,30383,205,305,65,4719,36,1372,63,36
"411","2020-05-01",305,5,101,875,4515,0.748172757475083,8340,30383,205,305,85,4804,35,1407,76,35
"412","2020-05-02",318,5,103,857,4515,0.748172757475083,8340,30383,205,305,75,4879,43,1450,71,43
"413","2020-05-03",284,5,115,842,4515,0.748172757475083,8340,30383,205,305,79,4958,28,1478,78,28
"414","2020-05-04",285,5,112,845,4515,0.748172757475083,8340,30383,205,305,65,5023,18,1496,59,18
"415","2020-05-05",290,5,115,797,4515,0.748172757475083,8340,30383,205,305,51,5074,26,1522,48,26
"416","2020-05-06",281,5,107,775,4515,0.748172757475083,8340,30383,205,305,61,5135,17,1539,59,17
"417","2020-05-07",276,5,110,774,4515,0.748172757475083,8340,30383,205,305,45,5180,15,1554,44,15
"418","2020-05-08",306,5,113,754,4515,0.748172757475083,8340,30383,205,305,37,5217,24,1578,36,24
"419","2020-05-09",313,5,109,725,4515,0.748172757475083,8340,30383,205,305,42,5259,20,1598,39,20
"420","2020-05-10",286,5,112,708,4515,0.748172757475083,8340,30383,205,305,42,5301,11,1609,38,11
"421","2020-05-11",262,5,107,682,4515,0.748172757475083,8340,30383,205,305,37,5338,17,1626,34,17
"422","2020-05-12",258,5,103,655,4515,0.748172757475083,8340,30383,205,305,26,5364,11,1637,23,11
"423","2020-05-13",258,5,94,637,4515,0.748172757475083,8340,30383,205,305,25,5389,20,1657,22,20
"424","2020-05-14",255,5,81,601,4515,0.748172757475083,8340,30383,205,305,21,5410,7,1664,19,7
"425","2020-05-15",217,5,82,577,4515,0.748172757475083,8340,30383,205,305,17,5427,9,1673,13,9
"426","2020-05-16",199,5,76,552,4515,0.748172757475083,8340,30383,205,305,15,5442,23,1696,10,23
"427","2020-05-17",199,5,63,524,4515,0.748172757475083,8340,30383,205,305,22,5464,14,1710,14,14
"428","2020-05-18",189,5,67,496,4515,0.748172757475083,8340,30383,205,305,21,5485,34,1744,18,34
"429","2020-05-19",172,5,63,465,4515,0.748172757475083,8340,30383,205,305,13,5498,35,1779,11,35
"430","2020-05-20",158,5,70,436,4515,0.748172757475083,8340,30383,205,305,23,5521,24,1803,19,24
"431","2020-05-21",145,5,63,402,4515,0.748172757475083,8340,30383,205,305,13,5534,32,1835,12,32
"432","2020-05-22",149,5,61,383,4515,0.748172757475083,8340,30383,205,305,10,5544,24,1859,8,24
"433","2020-05-23",146,5,60,365,4515,0.748172757475083,8340,30383,205,305,9,5553,14,1873,6,14
"434","2020-05-24",129,5,58,357,4515,0.748172757475083,8340,30383,205,305,10,5563,19,1892,7,19
"435","2020-05-25",120,5,55,330,4515,0.748172757475083,8340,30383,205,305,9,5572,26,1918,9,26
"436","2020-05-26",114,5,54,315,4515,0.748172757475083,8340,30383,205,305,11,5583,24,1942,11,24
"437","2020-05-27",124,5,49,297,4515,0.748172757475083,8340,30383,205,305,9,5592,35,1977,8,35
"438","2020-05-28",120,5,47,277,4515,0.748172757475083,8340,30383,205,305,8,5600,30,2007,5,30
"439","2020-05-29",114,5,50,269,4515,0.748172757475083,8340,30383,205,305,11,5611,21,2028,6,21
"440","2020-05-30",111,5,49,252,4515,0.748172757475083,8340,30383,205,305,10,5621,46,2074,7,46
"441","2020-05-31",108,5,57,238,4515,0.748172757475083,8340,30383,205,305,10,5631,26,2100,7,26
"442","2020-06-01",106,5,62,222,4515,0.748172757475083,8340,30383,205,305,4,5635,28,2128,3,28
"443","2020-06-02",101,5,61,218,4515,0.748172757475083,8340,30383,205,305,7,5642,9,2137,5,9
"444","2020-06-03",89,5,67,215,4515,0.748172757475083,8340,30383,205,305,7,5649,27,2164,5,27
"445","2020-06-04",84,5,79,206,4515,0.748172757475083,8340,30383,205,305,4,5653,11,2175,4,11
"446","2020-06-05",76,5,70,190,4515,0.748172757475083,8340,30383,205,305,7,5660,12,2187,5,12
"447","2020-06-06",73,5,66,188,4515,0.748172757475083,8340,30383,205,305,5,5665,16,2203,3,16
"448","2020-06-07",61,5,56,179,4515,0.748172757475083,8340,30383,205,305,2,5667,12,2215,1,12
"449","2020-03-08",2,6,0,0,4311,0.799814428206913,8355,30791,224,631,NA,NA,NA,NA,NA,NA
"450","2020-03-09",2,6,0,0,4311,0.799814428206913,8355,30791,224,631,NA,NA,NA,NA,NA,NA
"451","2020-03-10",0,6,0,0,4311,0.799814428206913,8355,30791,224,631,NA,NA,NA,NA,NA,NA
"452","2020-03-11",0,6,0,0,4311,0.799814428206913,8355,30791,224,631,11,11,12,12,NA,12
"453","2020-03-12",0,6,0,0,4311,0.799814428206913,8355,30791,224,631,19,30,15,27,NA,15
"454","2020-03-13",4,6,64,59,4311,0.799814428206913,8355,30791,224,631,14,44,16,43,2,16
"455","2020-03-14",6,6,62,80,4311,0.799814428206913,8355,30791,224,631,14,58,10,53,3,10
"456","2020-03-15",12,6,56,102,4311,0.799814428206913,8355,30791,224,631,18,76,7,60,8,7
"457","2020-03-16",17,6,69,134,4311,0.799814428206913,8355,30791,224,631,18,94,7,67,6,7
"458","2020-03-17",19,6,79,164,4311,0.799814428206913,8355,30791,224,631,29,123,16,83,12,16
"459","2020-03-18",25,6,86,193,4311,0.799814428206913,8355,30791,224,631,22,145,13,96,13,13
"460","2020-03-19",32,6,86,235,4311,0.799814428206913,8355,30791,224,631,33,178,11,107,20,11
"461","2020-03-20",44,6,80,260,4311,0.799814428206913,8355,30791,224,631,43,221,21,128,25,21
"462","2020-03-21",71,6,73,289,4311,0.799814428206913,8355,30791,224,631,37,258,10,138,27,10
"463","2020-03-22",74,6,60,338,4311,0.799814428206913,8355,30791,224,631,37,295,11,149,26,11
"464","2020-03-23",75,6,48,365,4311,0.799814428206913,8355,30791,224,631,38,333,8,157,30,8
"465","2020-03-24",84,6,45,375,4311,0.799814428206913,8355,30791,224,631,40,373,1,158,29,1
"466","2020-03-25",98,6,44,408,4311,0.799814428206913,8355,30791,224,631,52,425,16,174,40,16
"467","2020-03-26",111,6,55,429,4311,0.799814428206913,8355,30791,224,631,46,471,29,203,34,29
"468","2020-03-27",130,6,77,461,4311,0.799814428206913,8355,30791,224,631,62,533,29,232,46,29
"469","2020-03-28",131,6,95,462,4311,0.799814428206913,8355,30791,224,631,36,569,37,269,28,37
"470","2020-03-29",145,6,89,496,4311,0.799814428206913,8355,30791,224,631,56,625,38,307,45,38
"471","2020-03-30",145,6,105,513,4311,0.799814428206913,8355,30791,224,631,55,680,23,330,35,23
"472","2020-03-31",145,6,99,540,4311,0.799814428206913,8355,30791,224,631,58,738,18,348,53,18
"473","2020-04-01",143,6,114,552,4311,0.799814428206913,8355,30791,224,631,44,782,31,379,37,31
"474","2020-04-02",145,6,113,565,4311,0.799814428206913,8355,30791,224,631,70,852,48,427,62,48
"475","2020-04-03",175,6,121,590,4311,0.799814428206913,8355,30791,224,631,86,938,23,450,66,23
"476","2020-04-04",186,6,131,613,4311,0.799814428206913,8355,30791,224,631,71,1009,17,467,56,17
"477","2020-04-05",206,6,112,628,4311,0.799814428206913,8355,30791,224,631,76,1085,10,477,58,10
"478","2020-04-06",211,6,95,627,4311,0.799814428206913,8355,30791,224,631,75,1160,10,487,60,10
"479","2020-04-07",205,6,85,642,4311,0.799814428206913,8355,30791,224,631,82,1242,6,493,69,6
"480","2020-04-08",211,6,76,660,4311,0.799814428206913,8355,30791,224,631,95,1337,6,499,81,6
"481","2020-04-09",210,6,94,663,4311,0.799814428206913,8355,30791,224,631,83,1420,8,507,70,8
"482","2020-04-10",249,6,84,685,4311,0.799814428206913,8355,30791,224,631,83,1503,11,518,69,11
"483","2020-04-11",275,6,80,679,4311,0.799814428206913,8355,30791,224,631,89,1592,34,552,80,34
"484","2020-04-12",241,6,77,676,4311,0.799814428206913,8355,30791,224,631,92,1684,18,570,73,18
"485","2020-04-13",228,6,86,682,4311,0.799814428206913,8355,30791,224,631,86,1770,16,586,71,16
"486","2020-04-14",219,6,127,681,4311,0.799814428206913,8355,30791,224,631,101,1871,11,597,87,11
"487","2020-04-15",220,6,141,683,4311,0.799814428206913,8355,30791,224,631,106,1977,14,611,90,14
"488","2020-04-16",235,6,151,688,4311,0.799814428206913,8355,30791,224,631,80,2057,34,645,66,34
"489","2020-04-17",235,6,156,691,4311,0.799814428206913,8355,30791,224,631,97,2154,38,683,77,38
"490","2020-04-18",218,6,192,715,4311,0.799814428206913,8355,30791,224,631,97,2251,18,701,84,18
"491","2020-04-19",222,6,179,718,4311,0.799814428206913,8355,30791,224,631,104,2355,17,718,91,17
"492","2020-04-20",228,6,151,723,4311,0.799814428206913,8355,30791,224,631,86,2441,21,739,76,21
"493","2020-04-21",227,6,167,708,4311,0.799814428206913,8355,30791,224,631,88,2529,34,773,77,34
"494","2020-04-22",231,6,207,721,4311,0.799814428206913,8355,30791,224,631,92,2621,19,792,77,19
"495","2020-04-23",215,6,209,714,4311,0.799814428206913,8355,30791,224,631,113,2734,33,825,95,33
"496","2020-04-24",227,6,201,716,4311,0.799814428206913,8355,30791,224,631,81,2815,29,854,67,29
"497","2020-04-25",234,6,172,732,4311,0.799814428206913,8355,30791,224,631,86,2901,33,887,71,33
"498","2020-04-26",232,6,138,711,4311,0.799814428206913,8355,30791,224,631,79,2980,48,935,67,48
"499","2020-04-27",225,6,111,718,4311,0.799814428206913,8355,30791,224,631,78,3058,45,980,67,45
"500","2020-04-28",221,6,144,724,4311,0.799814428206913,8355,30791,224,631,114,3172,31,1011,96,31
"501","2020-04-29",219,6,137,717,4311,0.799814428206913,8355,30791,224,631,86,3258,31,1042,66,31
"502","2020-04-30",225,6,140,689,4311,0.799814428206913,8355,30791,224,631,58,3316,21,1063,48,21
"503","2020-05-01",233,6,130,677,4311,0.799814428206913,8355,30791,224,631,83,3399,15,1078,72,15
"504","2020-05-02",234,6,131,677,4311,0.799814428206913,8355,30791,224,631,59,3458,17,1095,49,17
"505","2020-05-03",214,6,146,654,4311,0.799814428206913,8355,30791,224,631,53,3511,29,1124,45,29
"506","2020-05-04",210,6,141,645,4311,0.799814428206913,8355,30791,224,631,61,3572,24,1148,51,24
"507","2020-05-05",198,6,142,644,4311,0.799814428206913,8355,30791,224,631,57,3629,18,1166,46,18
"508","2020-05-06",196,6,135,654,4311,0.799814428206913,8355,30791,224,631,42,3671,22,1188,35,22
"509","2020-05-07",193,6,157,629,4311,0.799814428206913,8355,30791,224,631,54,3725,34,1222,41,34
"510","2020-05-08",205,6,183,610,4311,0.799814428206913,8355,30791,224,631,58,3783,25,1247,37,25
"511","2020-05-09",199,6,180,591,4311,0.799814428206913,8355,30791,224,631,32,3815,34,1281,24,34
"512","2020-05-10",181,6,198,583,4311,0.799814428206913,8355,30791,224,631,44,3859,36,1317,32,36
"513","2020-05-11",180,6,216,553,4311,0.799814428206913,8355,30791,224,631,43,3902,27,1344,29,27
"514","2020-05-12",173,6,217,526,4311,0.799814428206913,8355,30791,224,631,40,3942,22,1366,29,22
"515","2020-05-13",164,6,196,518,4311,0.799814428206913,8355,30791,224,631,26,3968,10,1376,18,10
"516","2020-05-14",155,6,205,518,4311,0.799814428206913,8355,30791,224,631,30,3998,19,1395,18,19
"517","2020-05-15",170,6,205,515,4311,0.799814428206913,8355,30791,224,631,30,4028,8,1403,20,8
"518","2020-05-16",173,6,203,495,4311,0.799814428206913,8355,30791,224,631,30,4058,19,1422,23,19
"519","2020-05-17",169,6,195,500,4311,0.799814428206913,8355,30791,224,631,36,4094,26,1448,29,26
"520","2020-05-18",164,6,204,500,4311,0.799814428206913,8355,30791,224,631,40,4134,23,1471,31,23
"521","2020-05-19",162,6,205,489,4311,0.799814428206913,8355,30791,224,631,28,4162,46,1517,18,46
"522","2020-05-20",165,6,217,472,4311,0.799814428206913,8355,30791,224,631,25,4187,43,1560,20,43
"523","2020-05-21",165,6,218,478,4311,0.799814428206913,8355,30791,224,631,26,4213,27,1587,21,27
"524","2020-05-22",156,6,197,446,4311,0.799814428206913,8355,30791,224,631,27,4240,30,1617,23,30
"525","2020-05-23",155,6,181,433,4311,0.799814428206913,8355,30791,224,631,30,4270,23,1640,22,23
"526","2020-05-24",156,6,169,418,4311,0.799814428206913,8355,30791,224,631,36,4306,21,1661,26,21
"527","2020-05-25",152,6,156,421,4311,0.799814428206913,8355,30791,224,631,17,4323,14,1675,14,14
"528","2020-05-26",142,6,143,398,4311,0.799814428206913,8355,30791,224,631,24,4347,7,1682,23,7
"529","2020-05-27",138,6,145,391,4311,0.799814428206913,8355,30791,224,631,15,4362,8,1690,10,8
"530","2020-05-28",145,6,143,377,4311,0.799814428206913,8355,30791,224,631,20,4382,7,1697,19,7
"531","2020-05-29",147,6,136,358,4311,0.799814428206913,8355,30791,224,631,13,4395,7,1704,12,7
"532","2020-05-30",142,6,140,349,4311,0.799814428206913,8355,30791,224,631,21,4416,14,1718,15,14
"533","2020-05-31",131,6,133,336,4311,0.799814428206913,8355,30791,224,631,19,4435,11,1729,15,11
"534","2020-06-01",131,6,133,325,4311,0.799814428206913,8355,30791,224,631,20,4455,13,1742,12,13
"535","2020-06-02",129,6,128,315,4311,0.799814428206913,8355,30791,224,631,16,4471,4,1746,13,4
"536","2020-06-03",133,6,125,309,4311,0.799814428206913,8355,30791,224,631,21,4492,17,1763,13,17
"537","2020-06-04",120,6,118,311,4311,0.799814428206913,8355,30791,224,631,12,4504,13,1776,11,13
"538","2020-06-05",110,6,104,294,4311,0.799814428206913,8355,30791,224,631,13,4517,9,1785,11,9
"539","2020-06-06",114,6,99,285,4311,0.799814428206913,8355,30791,224,631,8,4525,19,1804,7,19
"540","2020-06-07",106,6,87,277,4311,0.799814428206913,8355,30791,224,631,11,4536,11,1815,8,11
"541","2020-03-13",5,7,28,65,3984,0.478413654618474,8325,29025,211,290,6,26,16,53,3,16
"542","2020-03-14",8,7,33,90,3984,0.478413654618474,8325,29025,211,290,10,36,23,76,3,23
"543","2020-03-15",10,7,32,115,3984,0.478413654618474,8325,29025,211,290,9,45,14,90,3,14
"544","2020-03-16",12,7,38,148,3984,0.478413654618474,8325,29025,211,290,15,60,14,104,10,14
"545","2020-03-17",18,7,41,181,3984,0.478413654618474,8325,29025,211,290,9,69,5,109,6,5
"546","2020-03-18",29,7,46,207,3984,0.478413654618474,8325,29025,211,290,15,84,20,129,10,20
"547","2020-03-19",38,7,49,243,3984,0.478413654618474,8325,29025,211,290,16,100,23,152,11,23
"548","2020-03-20",54,7,55,278,3984,0.478413654618474,8325,29025,211,290,26,126,10,162,17,10
"549","2020-03-21",66,7,52,310,3984,0.478413654618474,8325,29025,211,290,18,144,10,172,11,10
"550","2020-03-22",74,7,54,335,3984,0.478413654618474,8325,29025,211,290,22,166,22,194,15,22
"551","2020-03-23",84,7,53,355,3984,0.478413654618474,8325,29025,211,290,33,199,13,207,27,13
"552","2020-03-24",94,7,47,381,3984,0.478413654618474,8325,29025,211,290,33,232,35,242,26,35
"553","2020-03-25",99,7,48,412,3984,0.478413654618474,8325,29025,211,290,35,267,30,272,31,30
"554","2020-03-26",101,7,39,431,3984,0.478413654618474,8325,29025,211,290,32,299,42,314,28,42
"555","2020-03-27",104,7,40,464,3984,0.478413654618474,8325,29025,211,290,41,340,37,351,36,37
"556","2020-03-28",115,7,34,480,3984,0.478413654618474,8325,29025,211,290,41,381,20,371,38,20
"557","2020-03-29",159,7,38,510,3984,0.478413654618474,8325,29025,211,290,63,444,11,382,53,11
"558","2020-03-30",168,7,46,528,3984,0.478413654618474,8325,29025,211,290,47,491,10,392,41,10
"559","2020-03-31",157,7,42,547,3984,0.478413654618474,8325,29025,211,290,65,556,11,403,54,11
"560","2020-04-01",165,7,44,548,3984,0.478413654618474,8325,29025,211,290,59,615,8,411,51,8
"561","2020-04-02",169,7,55,550,3984,0.478413654618474,8325,29025,211,290,67,682,15,426,57,15
"562","2020-04-03",202,7,53,558,3984,0.478413654618474,8325,29025,211,290,73,755,26,452,65,26
"563","2020-04-04",208,7,60,577,3984,0.478413654618474,8325,29025,211,290,95,850,13,465,79,13
"564","2020-04-05",174,7,53,582,3984,0.478413654618474,8325,29025,211,290,62,912,39,504,56,39
"565","2020-04-06",167,7,46,584,3984,0.478413654618474,8325,29025,211,290,67,979,20,524,60,20
"566","2020-04-07",173,7,41,601,3984,0.478413654618474,8325,29025,211,290,97,1076,36,560,90,36
"567","2020-04-08",164,7,37,610,3984,0.478413654618474,8325,29025,211,290,72,1148,28,588,68,28
"568","2020-04-09",179,7,44,611,3984,0.478413654618474,8325,29025,211,290,82,1230,33,621,75,33
"569","2020-04-10",206,7,41,627,3984,0.478413654618474,8325,29025,211,290,102,1332,41,662,97,41
"570","2020-04-11",209,7,41,644,3984,0.478413654618474,8325,29025,211,290,93,1425,23,685,82,23
"571","2020-04-12",210,7,37,618,3984,0.478413654618474,8325,29025,211,290,122,1547,12,697,118,12
"572","2020-04-13",212,7,46,616,3984,0.478413654618474,8325,29025,211,290,83,1630,12,709,72,12
"573","2020-04-14",210,7,46,622,3984,0.478413654618474,8325,29025,211,290,121,1751,12,721,115,12
"574","2020-04-15",213,7,54,631,3984,0.478413654618474,8325,29025,211,290,106,1857,51,772,100,51
"575","2020-04-16",216,7,47,626,3984,0.478413654618474,8325,29025,211,290,138,1995,17,789,135,17
"576","2020-04-17",217,7,51,627,3984,0.478413654618474,8325,29025,211,290,125,2120,30,819,117,30
"577","2020-04-18",241,7,58,627,3984,0.478413654618474,8325,29025,211,290,115,2235,25,844,106,25
"578","2020-04-19",218,7,53,635,3984,0.478413654618474,8325,29025,211,290,109,2344,29,873,102,29
"579","2020-04-20",212,7,63,657,3984,0.478413654618474,8325,29025,211,290,125,2469,30,903,117,30
"580","2020-04-21",208,7,70,643,3984,0.478413654618474,8325,29025,211,290,130,2599,27,930,118,27
"581","2020-04-22",210,7,83,643,3984,0.478413654618474,8325,29025,211,290,123,2722,42,972,115,42
"582","2020-04-23",198,7,90,633,3984,0.478413654618474,8325,29025,211,290,135,2857,17,989,126,17
"583","2020-04-24",199,7,90,624,3984,0.478413654618474,8325,29025,211,290,107,2964,8,997,103,8
"584","2020-04-25",194,7,91,618,3984,0.478413654618474,8325,29025,211,290,105,3069,38,1035,100,38
"585","2020-04-26",189,7,85,613,3984,0.478413654618474,8325,29025,211,290,104,3173,41,1076,101,41
"586","2020-04-27",184,7,81,614,3984,0.478413654618474,8325,29025,211,290,90,3263,32,1108,85,32
"587","2020-04-28",179,7,65,620,3984,0.478413654618474,8325,29025,211,290,100,3363,29,1137,86,29
"588","2020-04-29",187,7,58,622,3984,0.478413654618474,8325,29025,211,290,112,3475,26,1163,106,26
"589","2020-04-30",188,7,59,614,3984,0.478413654618474,8325,29025,211,290,110,3585,19,1182,104,19
"590","2020-05-01",206,7,53,609,3984,0.478413654618474,8325,29025,211,290,101,3686,14,1196,95,14
"591","2020-05-02",205,7,61,599,3984,0.478413654618474,8325,29025,211,290,93,3779,30,1226,87,30
"592","2020-05-03",193,7,65,600,3984,0.478413654618474,8325,29025,211,290,106,3885,19,1245,102,19
"593","2020-05-04",188,7,76,599,3984,0.478413654618474,8325,29025,211,290,101,3986,28,1273,94,28
"594","2020-05-05",193,7,70,598,3984,0.478413654618474,8325,29025,211,290,85,4071,22,1295,78,22
"595","2020-05-06",181,7,77,557,3984,0.478413654618474,8325,29025,211,290,71,4142,17,1312,71,17
"596","2020-05-07",177,7,84,540,3984,0.478413654618474,8325,29025,211,290,81,4223,36,1348,73,36
"597","2020-05-08",180,7,83,538,3984,0.478413654618474,8325,29025,211,290,69,4292,31,1379,64,31
"598","2020-05-09",179,7,77,532,3984,0.478413654618474,8325,29025,211,290,70,4362,35,1414,64,35
"599","2020-05-10",180,7,75,533,3984,0.478413654618474,8325,29025,211,290,72,4434,24,1438,66,24
"600","2020-05-11",176,7,64,531,3984,0.478413654618474,8325,29025,211,290,52,4486,40,1478,49,40
"601","2020-05-12",168,7,63,519,3984,0.478413654618474,8325,29025,211,290,42,4528,39,1517,40,39
"602","2020-05-13",168,7,56,515,3984,0.478413654618474,8325,29025,211,290,45,4573,22,1539,41,22
"603","2020-05-14",165,7,59,501,3984,0.478413654618474,8325,29025,211,290,42,4615,29,1568,39,29
"604","2020-05-15",182,7,63,481,3984,0.478413654618474,8325,29025,211,290,45,4660,34,1602,38,34
"605","2020-05-16",190,7,67,481,3984,0.478413654618474,8325,29025,211,290,38,4698,41,1643,34,41
"606","2020-05-17",174,7,58,470,3984,0.478413654618474,8325,29025,211,290,36,4734,30,1673,33,30
"607","2020-05-18",166,7,66,454,3984,0.478413654618474,8325,29025,211,290,38,4772,31,1704,34,31
"608","2020-05-19",160,7,77,444,3984,0.478413654618474,8325,29025,211,290,30,4802,15,1719,26,15
"609","2020-05-20",160,7,76,439,3984,0.478413654618474,8325,29025,211,290,33,4835,27,1746,28,27
"610","2020-05-21",159,7,56,425,3984,0.478413654618474,8325,29025,211,290,27,4862,38,1784,24,38
"611","2020-05-22",156,7,49,410,3984,0.478413654618474,8325,29025,211,290,26,4888,27,1811,24,27
"612","2020-05-23",140,7,44,393,3984,0.478413654618474,8325,29025,211,290,26,4914,25,1836,25,25
"613","2020-05-24",123,7,47,369,3984,0.478413654618474,8325,29025,211,290,14,4928,19,1855,13,19
"614","2020-05-25",121,7,52,370,3984,0.478413654618474,8325,29025,211,290,24,4952,17,1872,20,17
"615","2020-05-26",120,7,59,362,3984,0.478413654618474,8325,29025,211,290,13,4965,8,1880,11,8
"616","2020-05-27",111,7,65,352,3984,0.478413654618474,8325,29025,211,290,15,4980,20,1900,14,20
"617","2020-05-28",109,7,62,342,3984,0.478413654618474,8325,29025,211,290,14,4994,17,1917,10,17
"618","2020-05-29",105,7,50,330,3984,0.478413654618474,8325,29025,211,290,12,5006,14,1931,12,14
"619","2020-05-30",103,7,45,321,3984,0.478413654618474,8325,29025,211,290,17,5023,6,1937,16,6
"620","2020-05-31",106,7,36,320,3984,0.478413654618474,8325,29025,211,290,13,5036,7,1944,11,7
"621","2020-06-01",95,7,32,293,3984,0.478413654618474,8325,29025,211,290,13,5049,7,1951,9,7
"622","2020-06-02",86,7,32,273,3984,0.478413654618474,8325,29025,211,290,9,5058,8,1959,9,8
"623","2020-06-03",91,7,31,246,3984,0.478413654618474,8325,29025,211,290,4,5062,5,1964,4,5
"624","2020-06-04",87,7,30,240,3984,0.478413654618474,8325,29025,211,290,7,5069,4,1968,7,4
"625","2020-06-05",83,7,36,217,3984,0.478413654618474,8325,29025,211,290,4,5073,3,1971,3,3
"626","2020-06-06",88,7,29,197,3984,0.478413654618474,8325,29025,211,290,4,5077,4,1975,3,4
"627","2020-06-07",67,7,24,181,3984,0.478413654618474,8325,29025,211,290,5,5082,17,1992,4,17
"628","2020-03-14",1,8,57,63,4390,0.673348519362187,8325,29854,237,988,18,62,5,27,4,5
"629","2020-03-15",6,8,57,90,4390,0.673348519362187,8325,29854,237,988,22,84,4,31,5,4
"630","2020-03-16",11,8,76,112,4390,0.673348519362187,8325,29854,237,988,18,102,8,39,4,8
"631","2020-03-17",14,8,96,135,4390,0.673348519362187,8325,29854,237,988,16,118,10,49,5,10
"632","2020-03-18",16,8,106,165,4390,0.673348519362187,8325,29854,237,988,16,134,7,56,7,7
"633","2020-03-19",19,8,108,206,4390,0.673348519362187,8325,29854,237,988,21,155,7,63,10,7
"634","2020-03-20",29,8,117,245,4390,0.673348519362187,8325,29854,237,988,39,194,5,68,25,5
"635","2020-03-21",41,8,136,292,4390,0.673348519362187,8325,29854,237,988,25,219,7,75,13,7
"636","2020-03-22",64,8,136,330,4390,0.673348519362187,8325,29854,237,988,36,255,6,81,22,6
"637","2020-03-23",75,8,157,364,4390,0.673348519362187,8325,29854,237,988,35,290,7,88,20,7
"638","2020-03-24",86,8,196,384,4390,0.673348519362187,8325,29854,237,988,33,323,26,114,18,26
"639","2020-03-25",99,8,212,430,4390,0.673348519362187,8325,29854,237,988,39,362,8,122,21,8
"640","2020-03-26",116,8,215,465,4390,0.673348519362187,8325,29854,237,988,35,397,16,138,19,16
"641","2020-03-27",139,8,200,488,4390,0.673348519362187,8325,29854,237,988,39,436,8,146,22,8
"642","2020-03-28",154,8,226,522,4390,0.673348519362187,8325,29854,237,988,52,488,10,156,31,10
"643","2020-03-29",177,8,224,544,4390,0.673348519362187,8325,29854,237,988,41,529,12,168,21,12
"644","2020-03-30",185,8,217,580,4390,0.673348519362187,8325,29854,237,988,48,577,22,190,33,22
"645","2020-03-31",172,8,193,611,4390,0.673348519362187,8325,29854,237,988,39,616,28,218,22,28
"646","2020-04-01",176,8,190,615,4390,0.673348519362187,8325,29854,237,988,43,659,24,242,28,24
"647","2020-04-02",180,8,172,644,4390,0.673348519362187,8325,29854,237,988,47,706,19,261,29,19
"648","2020-04-03",211,8,180,649,4390,0.673348519362187,8325,29854,237,988,56,762,22,283,40,22
"649","2020-04-04",237,8,156,666,4390,0.673348519362187,8325,29854,237,988,61,823,24,307,42,24
"650","2020-04-05",214,8,153,674,4390,0.673348519362187,8325,29854,237,988,36,859,17,324,28,17
"651","2020-04-06",208,8,162,685,4390,0.673348519362187,8325,29854,237,988,73,932,20,344,52,20
"652","2020-04-07",210,8,183,688,4390,0.673348519362187,8325,29854,237,988,66,998,16,360,47,16
"653","2020-04-08",215,8,195,686,4390,0.673348519362187,8325,29854,237,988,51,1049,19,379,36,19
"654","2020-04-09",220,8,199,695,4390,0.673348519362187,8325,29854,237,988,49,1098,24,403,30,24
"655","2020-04-10",238,8,217,717,4390,0.673348519362187,8325,29854,237,988,53,1151,21,424,33,21
"656","2020-04-11",240,8,219,715,4390,0.673348519362187,8325,29854,237,988,60,1211,23,447,42,23
"657","2020-04-12",230,8,218,727,4390,0.673348519362187,8325,29854,237,988,55,1266,26,473,38,26
"658","2020-04-13",230,8,199,756,4390,0.673348519362187,8325,29854,237,988,65,1331,15,488,43,15
"659","2020-04-14",233,8,202,750,4390,0.673348519362187,8325,29854,237,988,68,1399,13,501,49,13
"660","2020-04-15",227,8,195,762,4390,0.673348519362187,8325,29854,237,988,40,1439,12,513,29,12
"661","2020-04-16",227,8,190,789,4390,0.673348519362187,8325,29854,237,988,54,1493,10,523,40,10
"662","2020-04-17",238,8,201,785,4390,0.673348519362187,8325,29854,237,988,49,1542,14,537,30,14
"663","2020-04-18",252,8,207,803,4390,0.673348519362187,8325,29854,237,988,49,1591,18,555,26,18
"664","2020-04-19",256,8,203,825,4390,0.673348519362187,8325,29854,237,988,47,1638,26,581,32,26
"665","2020-04-20",246,8,180,843,4390,0.673348519362187,8325,29854,237,988,45,1683,30,611,29,30
"666","2020-04-21",252,8,177,854,4390,0.673348519362187,8325,29854,237,988,52,1735,11,622,30,11
"667","2020-04-22",268,8,193,860,4390,0.673348519362187,8325,29854,237,988,40,1775,1,623,25,1
"668","2020-04-23",287,8,222,873,4390,0.673348519362187,8325,29854,237,988,49,1824,12,635,31,12
"669","2020-04-24",317,8,233,862,4390,0.673348519362187,8325,29854,237,988,47,1871,24,659,30,24
"670","2020-04-25",306,8,217,869,4390,0.673348519362187,8325,29854,237,988,41,1912,28,687,30,28
"671","2020-04-26",312,8,208,858,4390,0.673348519362187,8325,29854,237,988,46,1958,29,716,32,29
"672","2020-04-27",312,8,202,843,4390,0.673348519362187,8325,29854,237,988,54,2012,19,735,35,19
"673","2020-04-28",298,8,197,829,4390,0.673348519362187,8325,29854,237,988,47,2059,18,753,30,18
"674","2020-04-29",294,8,217,807,4390,0.673348519362187,8325,29854,237,988,41,2100,13,766,28,13
"675","2020-04-30",282,8,210,780,4390,0.673348519362187,8325,29854,237,988,48,2148,22,788,24,22
"676","2020-05-01",284,8,179,756,4390,0.673348519362187,8325,29854,237,988,40,2188,21,809,22,21
"677","2020-05-02",278,8,184,742,4390,0.673348519362187,8325,29854,237,988,41,2229,16,825,21,16
"678","2020-05-03",245,8,187,718,4390,0.673348519362187,8325,29854,237,988,41,2270,12,837,27,12
"679","2020-05-04",238,8,203,706,4390,0.673348519362187,8325,29854,237,988,35,2305,11,848,25,11
"680","2020-05-05",238,8,226,681,4390,0.673348519362187,8325,29854,237,988,35,2340,20,868,21,20
"681","2020-05-06",236,8,237,654,4390,0.673348519362187,8325,29854,237,988,34,2374,18,886,20,18
"682","2020-05-07",231,8,247,633,4390,0.673348519362187,8325,29854,237,988,43,2417,20,906,28,20
"683","2020-05-08",222,8,255,641,4390,0.673348519362187,8325,29854,237,988,32,2449,12,918,19,12
"684","2020-05-09",222,8,225,623,4390,0.673348519362187,8325,29854,237,988,38,2487,8,926,28,8
"685","2020-05-10",205,8,233,605,4390,0.673348519362187,8325,29854,237,988,35,2522,6,932,24,6
"686","2020-05-11",204,8,234,591,4390,0.673348519362187,8325,29854,237,988,26,2548,2,934,13,2
"687","2020-05-12",196,8,222,581,4390,0.673348519362187,8325,29854,237,988,29,2577,7,941,16,7
"688","2020-05-13",187,8,220,551,4390,0.673348519362187,8325,29854,237,988,35,2612,18,959,25,18
"689","2020-05-14",178,8,232,528,4390,0.673348519362187,8325,29854,237,988,40,2652,16,975,25,16
"690","2020-05-15",181,8,233,497,4390,0.673348519362187,8325,29854,237,988,28,2680,4,979,17,4
"691","2020-05-16",179,8,222,484,4390,0.673348519362187,8325,29854,237,988,23,2703,9,988,15,9
"692","2020-05-17",186,8,224,445,4390,0.673348519362187,8325,29854,237,988,39,2742,6,994,27,6
"693","2020-05-18",173,8,198,428,4390,0.673348519362187,8325,29854,237,988,33,2775,4,998,23,4
"694","2020-05-19",166,8,193,404,4390,0.673348519362187,8325,29854,237,988,34,2809,3,1001,22,3
"695","2020-05-20",159,8,183,392,4390,0.673348519362187,8325,29854,237,988,36,2845,15,1016,18,15
"696","2020-05-21",155,8,171,383,4390,0.673348519362187,8325,29854,237,988,28,2873,9,1025,21,9
"697","2020-05-22",149,8,157,361,4390,0.673348519362187,8325,29854,237,988,21,2894,12,1037,13,12
"698","2020-05-23",160,8,157,346,4390,0.673348519362187,8325,29854,237,988,38,2932,15,1052,30,15
"699","2020-05-24",137,8,153,328,4390,0.673348519362187,8325,29854,237,988,30,2962,25,1077,21,25
"700","2020-05-25",137,8,155,306,4390,0.673348519362187,8325,29854,237,988,23,2985,23,1100,16,23
"701","2020-05-26",131,8,160,284,4390,0.673348519362187,8325,29854,237,988,46,3031,27,1127,35,27
"702","2020-05-27",126,8,161,276,4390,0.673348519362187,8325,29854,237,988,22,3053,27,1154,16,27
"703","2020-05-28",115,8,164,266,4390,0.673348519362187,8325,29854,237,988,14,3067,10,1164,11,10
"704","2020-05-29",120,8,152,261,4390,0.673348519362187,8325,29854,237,988,13,3080,17,1181,6,17
"705","2020-05-30",104,8,163,247,4390,0.673348519362187,8325,29854,237,988,14,3094,9,1190,11,9
"706","2020-05-31",86,8,165,240,4390,0.673348519362187,8325,29854,237,988,21,3115,8,1198,11,8
"707","2020-06-01",77,8,159,230,4390,0.673348519362187,8325,29854,237,988,24,3139,11,1209,14,11
"708","2020-06-02",75,8,161,218,4390,0.673348519362187,8325,29854,237,988,22,3161,9,1218,13,9
"709","2020-06-03",81,8,168,219,4390,0.673348519362187,8325,29854,237,988,11,3172,10,1228,8,10
"710","2020-06-04",82,8,164,219,4390,0.673348519362187,8325,29854,237,988,17,3189,9,1237,13,9
"711","2020-06-05",79,8,159,214,4390,0.673348519362187,8325,29854,237,988,16,3205,7,1244,8,7
"712","2020-06-06",75,8,151,214,4390,0.673348519362187,8325,29854,237,988,13,3218,6,1250,6,6
"713","2020-06-07",77,8,145,223,4390,0.673348519362187,8325,29854,237,988,14,3232,7,1257,7,7
"714","2020-03-15",1,9,31,27,5753,0.957413523379107,8280,31631,263,481,7,30,8,58,6,8
"715","2020-03-16",2,9,47,36,5753,0.957413523379107,8280,31631,263,481,16,46,3,61,13,3
"716","2020-03-17",2,9,57,57,5753,0.957413523379107,8280,31631,263,481,16,62,3,64,13,3
"717","2020-03-18",4,9,59,68,5753,0.957413523379107,8280,31631,263,481,6,68,20,84,4,20
"718","2020-03-19",6,9,45,87,5753,0.957413523379107,8280,31631,263,481,17,85,18,102,16,18
"719","2020-03-20",7,9,46,110,5753,0.957413523379107,8280,31631,263,481,18,103,16,118,16,16
"720","2020-03-21",17,9,50,127,5753,0.957413523379107,8280,31631,263,481,20,123,11,129,17,11
"721","2020-03-22",18,9,48,145,5753,0.957413523379107,8280,31631,263,481,28,151,14,143,22,14
"722","2020-03-23",21,9,49,170,5753,0.957413523379107,8280,31631,263,481,22,173,8,151,20,8
"723","2020-03-24",27,9,43,192,5753,0.957413523379107,8280,31631,263,481,36,209,10,161,33,10
"724","2020-03-25",31,9,40,209,5753,0.957413523379107,8280,31631,263,481,39,248,25,186,37,25
"725","2020-03-26",33,9,44,239,5753,0.957413523379107,8280,31631,263,481,39,287,33,219,32,33
"726","2020-03-27",50,9,53,284,5753,0.957413523379107,8280,31631,263,481,44,331,31,250,37,31
"727","2020-03-28",64,9,59,322,5753,0.957413523379107,8280,31631,263,481,50,381,10,260,48,10
"728","2020-03-29",72,9,51,342,5753,0.957413523379107,8280,31631,263,481,37,418,21,281,35,21
"729","2020-03-30",74,9,64,380,5753,0.957413523379107,8280,31631,263,481,66,484,32,313,64,32
"730","2020-03-31",87,9,74,435,5753,0.957413523379107,8280,31631,263,481,64,548,11,324,59,11
"731","2020-04-01",99,9,94,498,5753,0.957413523379107,8280,31631,263,481,56,604,48,372,54,48
"732","2020-04-02",113,9,103,544,5753,0.957413523379107,8280,31631,263,481,90,694,15,387,88,15
"733","2020-04-03",134,9,95,593,5753,0.957413523379107,8280,31631,263,481,77,771,14,401,72,14
"734","2020-04-04",137,9,91,649,5753,0.957413523379107,8280,31631,263,481,90,861,25,426,89,25
"735","2020-04-05",203,9,90,725,5753,0.957413523379107,8280,31631,263,481,104,965,16,442,103,16
"736","2020-04-06",222,9,80,793,5753,0.957413523379107,8280,31631,263,481,60,1025,15,457,58,15
"737","2020-04-07",210,9,80,860,5753,0.957413523379107,8280,31631,263,481,117,1142,37,494,111,37
"738","2020-04-08",213,9,93,916,5753,0.957413523379107,8280,31631,263,481,92,1234,38,532,88,38
"739","2020-04-09",218,9,103,976,5753,0.957413523379107,8280,31631,263,481,108,1342,26,558,103,26
"740","2020-04-10",298,9,102,1070,5753,0.957413523379107,8280,31631,263,481,140,1482,25,583,135,25
"741","2020-04-11",327,9,120,1151,5753,0.957413523379107,8280,31631,263,481,103,1585,40,623,102,40
"742","2020-04-12",337,9,125,1221,5753,0.957413523379107,8280,31631,263,481,150,1735,44,667,147,44
"743","2020-04-13",346,9,142,1250,5753,0.957413523379107,8280,31631,263,481,120,1855,30,697,118,30
"744","2020-04-14",341,9,152,1306,5753,0.957413523379107,8280,31631,263,481,117,1972,20,717,114,20
"745","2020-04-15",371,9,143,1381,5753,0.957413523379107,8280,31631,263,481,120,2092,17,734,118,17
"746","2020-04-16",388,9,140,1433,5753,0.957413523379107,8280,31631,263,481,145,2237,13,747,137,13
"747","2020-04-17",481,9,134,1477,5753,0.957413523379107,8280,31631,263,481,117,2354,45,792,114,45
"748","2020-04-18",511,9,119,1534,5753,0.957413523379107,8280,31631,263,481,140,2494,41,833,135,41
"749","2020-04-19",461,9,110,1544,5753,0.957413523379107,8280,31631,263,481,133,2627,45,878,129,45
"750","2020-04-20",461,9,120,1621,5753,0.957413523379107,8280,31631,263,481,148,2775,22,900,142,22
"751","2020-04-21",486,9,131,1648,5753,0.957413523379107,8280,31631,263,481,137,2912,15,915,134,15
"752","2020-04-22",494,9,136,1654,5753,0.957413523379107,8280,31631,263,481,104,3016,12,927,100,12
"753","2020-04-23",517,9,132,1624,5753,0.957413523379107,8280,31631,263,481,132,3148,14,941,130,14
"754","2020-04-24",532,9,136,1651,5753,0.957413523379107,8280,31631,263,481,129,3277,31,972,125,31
"755","2020-04-25",547,9,123,1642,5753,0.957413523379107,8280,31631,263,481,128,3405,28,1000,124,28
"756","2020-04-26",535,9,102,1607,5753,0.957413523379107,8280,31631,263,481,114,3519,13,1013,111,13
"757","2020-04-27",534,9,93,1587,5753,0.957413523379107,8280,31631,263,481,154,3673,35,1048,151,35
"758","2020-04-28",525,9,102,1549,5753,0.957413523379107,8280,31631,263,481,110,3783,10,1058,109,10
"759","2020-04-29",524,9,108,1515,5753,0.957413523379107,8280,31631,263,481,103,3886,10,1068,98,10
"760","2020-04-30",528,9,89,1463,5753,0.957413523379107,8280,31631,263,481,105,3991,33,1101,104,33
"761","2020-05-01",535,9,106,1384,5753,0.957413523379107,8280,31631,263,481,90,4081,59,1160,85,59
"762","2020-05-02",525,9,101,1335,5753,0.957413523379107,8280,31631,263,481,102,4183,54,1214,98,54
"763","2020-05-03",483,9,102,1267,5753,0.957413523379107,8280,31631,263,481,81,4264,26,1240,80,26
"764","2020-05-04",466,9,110,1223,5753,0.957413523379107,8280,31631,263,481,111,4375,18,1258,110,18
"765","2020-05-05",453,9,109,1174,5753,0.957413523379107,8280,31631,263,481,97,4472,10,1268,94,10
"766","2020-05-06",445,9,97,1129,5753,0.957413523379107,8280,31631,263,481,66,4538,5,1273,63,5
"767","2020-05-07",416,9,111,1071,5753,0.957413523379107,8280,31631,263,481,90,4628,26,1299,88,26
"768","2020-05-08",408,9,101,1006,5753,0.957413523379107,8280,31631,263,481,71,4699,16,1315,69,16
"769","2020-05-09",383,9,93,935,5753,0.957413523379107,8280,31631,263,481,62,4761,8,1323,61,8
"770","2020-05-10",374,9,86,880,5753,0.957413523379107,8280,31631,263,481,58,4819,11,1334,57,11
"771","2020-05-11",370,9,66,822,5753,0.957413523379107,8280,31631,263,481,59,4878,11,1345,58,11
"772","2020-05-12",342,9,59,728,5753,0.957413523379107,8280,31631,263,481,45,4923,5,1350,44,5
"773","2020-05-13",319,9,78,697,5753,0.957413523379107,8280,31631,263,481,49,4972,37,1387,47,37
"774","2020-05-14",306,9,81,648,5753,0.957413523379107,8280,31631,263,481,50,5022,22,1409,49,22
"775","2020-05-15",273,9,84,579,5753,0.957413523379107,8280,31631,263,481,43,5065,19,1428,41,19
"776","2020-05-16",287,9,75,541,5753,0.957413523379107,8280,31631,263,481,29,5094,33,1461,29,33
"777","2020-05-17",236,9,79,496,5753,0.957413523379107,8280,31631,263,481,31,5125,38,1499,31,38
"778","2020-05-18",206,9,94,447,5753,0.957413523379107,8280,31631,263,481,32,5157,43,1542,30,43
"779","2020-05-19",192,9,93,406,5753,0.957413523379107,8280,31631,263,481,26,5183,29,1571,26,29
"780","2020-05-20",175,9,81,358,5753,0.957413523379107,8280,31631,263,481,24,5207,11,1582,24,11
"781","2020-05-21",169,9,78,329,5753,0.957413523379107,8280,31631,263,481,12,5219,14,1596,10,14
"782","2020-05-22",147,9,70,305,5753,0.957413523379107,8280,31631,263,481,17,5236,22,1618,15,22
"783","2020-05-23",115,9,65,272,5753,0.957413523379107,8280,31631,263,481,10,5246,15,1633,10,15
"784","2020-05-24",105,9,62,251,5753,0.957413523379107,8280,31631,263,481,20,5266,9,1642,19,9
"785","2020-05-25",97,9,58,233,5753,0.957413523379107,8280,31631,263,481,12,5278,8,1650,9,8
"786","2020-05-26",94,9,68,224,5753,0.957413523379107,8280,31631,263,481,12,5290,8,1658,10,8
"787","2020-05-27",93,9,74,216,5753,0.957413523379107,8280,31631,263,481,7,5297,5,1663,7,5
"788","2020-05-28",80,9,68,199,5753,0.957413523379107,8280,31631,263,481,12,5309,3,1666,11,3
"789","2020-05-29",74,9,66,173,5753,0.957413523379107,8280,31631,263,481,18,5327,6,1672,15,6
"790","2020-05-30",70,9,60,160,5753,0.957413523379107,8280,31631,263,481,13,5340,5,1677,11,5
"791","2020-05-31",68,9,62,146,5753,0.957413523379107,8280,31631,263,481,7,5347,22,1699,6,22
"792","2020-06-01",60,9,70,131,5753,0.957413523379107,8280,31631,263,481,10,5357,29,1728,10,29
"793","2020-06-02",49,9,80,117,5753,0.957413523379107,8280,31631,263,481,8,5365,30,1758,6,30
"794","2020-06-03",45,9,75,106,5753,0.957413523379107,8280,31631,263,481,13,5378,30,1788,12,30
"795","2020-06-04",42,9,80,95,5753,0.957413523379107,8280,31631,263,481,10,5388,16,1804,9,16
"796","2020-06-05",39,9,79,87,5753,0.957413523379107,8280,31631,263,481,8,5396,15,1819,8,15
"797","2020-06-06",37,9,76,77,5753,0.957413523379107,8280,31631,263,481,5,5401,24,1843,5,24
"798","2020-06-07",31,9,76,69,5753,0.957413523379107,8280,31631,263,481,3,5404,19,1862,3,19
"799","2020-03-08",1,10,0,0,5656,0.947666195190948,8460,31033,332,489,NA,NA,NA,NA,NA,NA
"800","2020-03-09",1,10,0,0,5656,0.947666195190948,8460,31033,332,489,NA,NA,NA,NA,NA,NA
"801","2020-03-10",0,10,0,0,5656,0.947666195190948,8460,31033,332,489,NA,NA,NA,NA,NA,NA
"802","2020-03-11",0,10,0,0,5656,0.947666195190948,8460,31033,332,489,11,11,13,13,NA,13
"803","2020-03-12",0,10,0,0,5656,0.947666195190948,8460,31033,332,489,15,26,10,23,3,10
"804","2020-03-13",1,10,44,17,5656,0.947666195190948,8460,31033,332,489,9,35,10,33,2,10
"805","2020-03-14",3,10,47,26,5656,0.947666195190948,8460,31033,332,489,23,58,4,37,7,4
"806","2020-03-15",4,10,49,37,5656,0.947666195190948,8460,31033,332,489,13,71,9,46,8,9
"807","2020-03-16",3,10,52,49,5656,0.947666195190948,8460,31033,332,489,26,97,4,50,12,4
"808","2020-03-17",5,10,46,65,5656,0.947666195190948,8460,31033,332,489,24,121,6,56,15,6
"809","2020-03-18",7,10,44,82,5656,0.947666195190948,8460,31033,332,489,28,149,10,66,17,10
"810","2020-03-19",13,10,52,102,5656,0.947666195190948,8460,31033,332,489,22,171,12,78,11,12
"811","2020-03-20",19,10,59,122,5656,0.947666195190948,8460,31033,332,489,38,209,8,86,22,8
"812","2020-03-21",22,10,65,149,5656,0.947666195190948,8460,31033,332,489,33,242,13,99,22,13
"813","2020-03-22",30,10,58,176,5656,0.947666195190948,8460,31033,332,489,39,281,5,104,32,5
"814","2020-03-23",34,10,50,199,5656,0.947666195190948,8460,31033,332,489,54,335,9,113,40,9
"815","2020-03-24",37,10,53,232,5656,0.947666195190948,8460,31033,332,489,39,374,15,128,29,15
"816","2020-03-25",43,10,44,261,5656,0.947666195190948,8460,31033,332,489,60,434,8,136,47,8
"817","2020-03-26",46,10,62,294,5656,0.947666195190948,8460,31033,332,489,41,475,15,151,31,15
"818","2020-03-27",60,10,61,326,5656,0.947666195190948,8460,31033,332,489,51,526,14,165,40,14
"819","2020-03-28",76,10,79,358,5656,0.947666195190948,8460,31033,332,489,50,576,14,179,45,14
"820","2020-03-29",92,10,75,395,5656,0.947666195190948,8460,31033,332,489,51,627,11,190,31,11
"821","2020-03-30",96,10,69,436,5656,0.947666195190948,8460,31033,332,489,69,696,10,200,59,10
"822","2020-03-31",108,10,87,479,5656,0.947666195190948,8460,31033,332,489,62,758,17,217,46,17
"823","2020-04-01",118,10,101,540,5656,0.947666195190948,8460,31033,332,489,67,825,6,223,54,6
"824","2020-04-02",125,10,118,615,5656,0.947666195190948,8460,31033,332,489,81,906,16,239,66,16
"825","2020-04-03",174,10,120,712,5656,0.947666195190948,8460,31033,332,489,73,979,11,250,67,11
"826","2020-04-04",215,10,113,773,5656,0.947666195190948,8460,31033,332,489,85,1064,4,254,73,4
"827","2020-04-05",206,10,102,840,5656,0.947666195190948,8460,31033,332,489,83,1147,17,271,70,17
"828","2020-04-06",216,10,118,918,5656,0.947666195190948,8460,31033,332,489,110,1257,13,284,100,13
"829","2020-04-07",231,10,112,1021,5656,0.947666195190948,8460,31033,332,489,102,1359,11,295,92,11
"830","2020-04-08",243,10,115,1117,5656,0.947666195190948,8460,31033,332,489,102,1461,19,314,83,19
"831","2020-04-09",273,10,108,1210,5656,0.947666195190948,8460,31033,332,489,101,1562,17,331,92,17
"832","2020-04-10",374,10,104,1315,5656,0.947666195190948,8460,31033,332,489,77,1639,16,347,61,16
"833","2020-04-11",391,10,102,1380,5656,0.947666195190948,8460,31033,332,489,95,1734,8,355,85,8
"834","2020-04-12",412,10,113,1479,5656,0.947666195190948,8460,31033,332,489,103,1837,18,373,89,18
"835","2020-04-13",426,10,130,1518,5656,0.947666195190948,8460,31033,332,489,124,1961,14,387,107,14
"836","2020-04-14",413,10,155,1614,5656,0.947666195190948,8460,31033,332,489,106,2067,12,399,87,12
"837","2020-04-15",448,10,155,1645,5656,0.947666195190948,8460,31033,332,489,113,2180,13,412,101,13
"838","2020-04-16",451,10,173,1664,5656,0.947666195190948,8460,31033,332,489,107,2287,9,421,94,9
"839","2020-04-17",548,10,171,1676,5656,0.947666195190948,8460,31033,332,489,79,2366,27,448,74,27
"840","2020-04-18",563,10,161,1712,5656,0.947666195190948,8460,31033,332,489,97,2463,19,467,86,19
"841","2020-04-19",529,10,157,1734,5656,0.947666195190948,8460,31033,332,489,87,2550,19,486,78,19
"842","2020-04-20",519,10,151,1751,5656,0.947666195190948,8460,31033,332,489,99,2649,11,497,82,11
"843","2020-04-21",545,10,133,1743,5656,0.947666195190948,8460,31033,332,489,86,2735,11,508,79,11
"844","2020-04-22",538,10,124,1723,5656,0.947666195190948,8460,31033,332,489,101,2836,17,525,83,17
"845","2020-04-23",548,10,132,1728,5656,0.947666195190948,8460,31033,332,489,91,2927,21,546,74,21
"846","2020-04-24",587,10,136,1715,5656,0.947666195190948,8460,31033,332,489,90,3017,19,565,75,19
"847","2020-04-25",598,10,135,1673,5656,0.947666195190948,8460,31033,332,489,100,3117,23,588,88,23
"848","2020-04-26",579,10,137,1632,5656,0.947666195190948,8460,31033,332,489,76,3193,20,608,65,20
"849","2020-04-27",587,10,141,1563,5656,0.947666195190948,8460,31033,332,489,63,3256,32,640,57,32
"850","2020-04-28",559,10,131,1502,5656,0.947666195190948,8460,31033,332,489,85,3341,14,654,77,14
"851","2020-04-29",548,10,122,1439,5656,0.947666195190948,8460,31033,332,489,88,3429,16,670,76,16
"852","2020-04-30",549,10,109,1341,5656,0.947666195190948,8460,31033,332,489,67,3496,10,680,59,10
"853","2020-05-01",500,10,97,1248,5656,0.947666195190948,8460,31033,332,489,61,3557,5,685,49,5
"854","2020-05-02",488,10,111,1135,5656,0.947666195190948,8460,31033,332,489,58,3615,8,693,47,8
"855","2020-05-03",435,10,134,1054,5656,0.947666195190948,8460,31033,332,489,68,3683,7,700,53,7
"856","2020-05-04",407,10,131,996,5656,0.947666195190948,8460,31033,332,489,51,3734,25,725,41,25
"857","2020-05-05",389,10,114,917,5656,0.947666195190948,8460,31033,332,489,54,3788,16,741,45,16
"858","2020-05-06",373,10,129,845,5656,0.947666195190948,8460,31033,332,489,59,3847,18,759,43,18
"859","2020-05-07",345,10,153,780,5656,0.947666195190948,8460,31033,332,489,57,3904,23,782,43,23
"860","2020-05-08",315,10,156,713,5656,0.947666195190948,8460,31033,332,489,43,3947,17,799,33,17
"861","2020-05-09",309,10,174,665,5656,0.947666195190948,8460,31033,332,489,43,3990,13,812,36,13
"862","2020-05-10",274,10,170,610,5656,0.947666195190948,8460,31033,332,489,25,4015,11,823,21,11
"863","2020-05-11",258,10,154,569,5656,0.947666195190948,8460,31033,332,489,37,4052,21,844,29,21
"864","2020-05-12",243,10,152,516,5656,0.947666195190948,8460,31033,332,489,21,4073,11,855,14,11
"865","2020-05-13",232,10,148,484,5656,0.947666195190948,8460,31033,332,489,28,4101,8,863,23,8
"866","2020-05-14",223,10,144,438,5656,0.947666195190948,8460,31033,332,489,32,4133,13,876,28,13
"867","2020-05-15",193,10,145,415,5656,0.947666195190948,8460,31033,332,489,30,4163,13,889,24,13
"868","2020-05-16",172,10,131,381,5656,0.947666195190948,8460,31033,332,489,24,4187,4,893,12,4
"869","2020-05-17",165,10,134,342,5656,0.947666195190948,8460,31033,332,489,29,4216,6,899,22,6
"870","2020-05-18",153,10,126,315,5656,0.947666195190948,8460,31033,332,489,26,4242,4,903,17,4
"871","2020-05-19",142,10,120,292,5656,0.947666195190948,8460,31033,332,489,24,4266,12,915,16,12
"872","2020-05-20",133,10,110,267,5656,0.947666195190948,8460,31033,332,489,23,4289,9,924,16,9
"873","2020-05-21",122,10,94,249,5656,0.947666195190948,8460,31033,332,489,28,4317,9,933,22,9
"874","2020-05-22",107,10,82,233,5656,0.947666195190948,8460,31033,332,489,21,4338,8,941,15,8
"875","2020-05-23",95,10,84,200,5656,0.947666195190948,8460,31033,332,489,25,4363,2,943,18,2
"876","2020-05-24",84,10,97,184,5656,0.947666195190948,8460,31033,332,489,24,4387,4,947,16,4
"877","2020-05-25",70,10,104,164,5656,0.947666195190948,8460,31033,332,489,16,4403,10,957,13,10
"878","2020-05-26",64,10,115,158,5656,0.947666195190948,8460,31033,332,489,17,4420,5,962,14,5
"879","2020-05-27",58,10,107,150,5656,0.947666195190948,8460,31033,332,489,23,4443,6,968,16,6
"880","2020-05-28",50,10,114,140,5656,0.947666195190948,8460,31033,332,489,14,4457,3,971,10,3
"881","2020-05-29",43,10,100,136,5656,0.947666195190948,8460,31033,332,489,18,4475,8,979,16,8
"882","2020-05-30",43,10,83,126,5656,0.947666195190948,8460,31033,332,489,16,4491,9,988,10,9
"883","2020-05-31",45,10,70,120,5656,0.947666195190948,8460,31033,332,489,11,4502,16,1004,7,16
"884","2020-06-01",45,10,58,101,5656,0.947666195190948,8460,31033,332,489,21,4523,9,1013,14,9
"885","2020-06-02",40,10,50,90,5656,0.947666195190948,8460,31033,332,489,13,4536,11,1024,6,11
"886","2020-06-03",40,10,50,86,5656,0.947666195190948,8460,31033,332,489,13,4549,14,1038,11,14
"887","2020-06-04",43,10,51,82,5656,0.947666195190948,8460,31033,332,489,20,4569,10,1048,14,10
"888","2020-06-05",38,10,64,73,5656,0.947666195190948,8460,31033,332,489,9,4578,11,1059,6,11
"889","2020-06-06",35,10,54,62,5656,0.947666195190948,8460,31033,332,489,11,4589,5,1064,11,5
"890","2020-06-07",31,10,54,58,5656,0.947666195190948,8460,31033,332,489,15,4604,8,1072,13,8
"891","2020-03-08",1,11,0,0,5895,0.811874469889737,8325,32859,370,527,NA,NA,NA,NA,NA,NA
"892","2020-03-09",1,11,0,0,5895,0.811874469889737,8325,32859,370,527,NA,NA,NA,NA,NA,NA
"893","2020-03-10",0,11,0,0,5895,0.811874469889737,8325,32859,370,527,NA,NA,2,2,NA,2
"894","2020-03-11",0,11,0,0,5895,0.811874469889737,8325,32859,370,527,25,25,13,15,NA,13
"895","2020-03-12",0,11,0,0,5895,0.811874469889737,8325,32859,370,527,20,45,25,40,1,25
"896","2020-03-13",2,11,20,54,5895,0.811874469889737,8325,32859,370,527,26,71,30,70,7,30
"897","2020-03-14",10,11,19,76,5895,0.811874469889737,8325,32859,370,527,24,95,20,90,7,20
"898","2020-03-15",12,11,41,103,5895,0.811874469889737,8325,32859,370,527,37,132,21,111,13,21
"899","2020-03-16",12,11,44,128,5895,0.811874469889737,8325,32859,370,527,29,161,28,139,17,28
"900","2020-03-17",15,11,37,169,5895,0.811874469889737,8325,32859,370,527,45,206,28,167,31,28
"901","2020-03-18",23,11,39,201,5895,0.811874469889737,8325,32859,370,527,44,250,39,206,24,39
"902","2020-03-19",30,11,39,237,5895,0.811874469889737,8325,32859,370,527,36,286,50,256,15,50
"903","2020-03-20",39,11,44,282,5895,0.811874469889737,8325,32859,370,527,43,329,52,308,27,52
"904","2020-03-21",46,11,56,326,5895,0.811874469889737,8325,32859,370,527,53,382,42,350,30,42
"905","2020-03-22",60,11,68,384,5895,0.811874469889737,8325,32859,370,527,65,447,81,431,41,81
"906","2020-03-23",67,11,83,432,5895,0.811874469889737,8325,32859,370,527,56,503,72,503,42,72
"907","2020-03-24",75,11,95,467,5895,0.811874469889737,8325,32859,370,527,63,566,55,558,43,55
"908","2020-03-25",81,11,103,526,5895,0.811874469889737,8325,32859,370,527,60,626,33,591,50,33
"909","2020-03-26",93,11,94,601,5895,0.811874469889737,8325,32859,370,527,64,690,33,624,48,33
"910","2020-03-27",129,11,85,684,5895,0.811874469889737,8325,32859,370,527,62,752,33,657,43,33
"911","2020-03-28",163,11,70,772,5895,0.811874469889737,8325,32859,370,527,77,829,33,690,55,33
"912","2020-03-29",204,11,70,847,5895,0.811874469889737,8325,32859,370,527,73,902,31,721,52,31
"913","2020-03-30",213,11,73,889,5895,0.811874469889737,8325,32859,370,527,79,981,42,763,60,42
"914","2020-03-31",215,11,87,971,5895,0.811874469889737,8325,32859,370,527,67,1048,61,824,53,61
"915","2020-04-01",249,11,86,1049,5895,0.811874469889737,8325,32859,370,527,71,1119,31,855,48,31
"916","2020-04-02",266,11,92,1115,5895,0.811874469889737,8325,32859,370,527,81,1200,63,918,65,63
"917","2020-04-03",365,11,93,1202,5895,0.811874469889737,8325,32859,370,527,71,1271,56,974,55,56
"918","2020-04-04",416,11,103,1285,5895,0.811874469889737,8325,32859,370,527,83,1354,44,1018,66,44
"919","2020-04-05",407,11,107,1353,5895,0.811874469889737,8325,32859,370,527,82,1436,43,1061,52,43
"920","2020-04-06",416,11,113,1417,5895,0.811874469889737,8325,32859,370,527,108,1544,33,1094,85,33
"921","2020-04-07",426,11,117,1452,5895,0.811874469889737,8325,32859,370,527,75,1619,34,1128,59,34
"922","2020-04-08",429,11,108,1510,5895,0.811874469889737,8325,32859,370,527,82,1701,52,1180,67,52
"923","2020-04-09",438,11,127,1550,5895,0.811874469889737,8325,32859,370,527,87,1788,54,1234,60,54
"924","2020-04-10",522,11,118,1599,5895,0.811874469889737,8325,32859,370,527,76,1864,42,1276,56,42
"925","2020-04-11",531,11,112,1611,5895,0.811874469889737,8325,32859,370,527,107,1971,35,1311,74,35
"926","2020-04-12",488,11,113,1638,5895,0.811874469889737,8325,32859,370,527,93,2064,49,1360,72,49
"927","2020-04-13",496,11,123,1644,5895,0.811874469889737,8325,32859,370,527,84,2148,40,1400,66,40
"928","2020-04-14",500,11,113,1619,5895,0.811874469889737,8325,32859,370,527,81,2229,30,1430,57,30
"929","2020-04-15",504,11,106,1605,5895,0.811874469889737,8325,32859,370,527,83,2312,65,1495,70,65
"930","2020-04-16",524,11,97,1596,5895,0.811874469889737,8325,32859,370,527,74,2386,45,1540,57,45
"931","2020-04-17",572,11,101,1562,5895,0.811874469889737,8325,32859,370,527,83,2469,37,1577,62,37
"932","2020-04-18",546,11,131,1544,5895,0.811874469889737,8325,32859,370,527,103,2572,43,1620,76,43
"933","2020-04-19",512,11,137,1515,5895,0.811874469889737,8325,32859,370,527,57,2629,52,1672,44,52
"934","2020-04-20",499,11,156,1475,5895,0.811874469889737,8325,32859,370,527,83,2712,44,1716,61,44
"935","2020-04-21",490,11,140,1413,5895,0.811874469889737,8325,32859,370,527,70,2782,43,1759,53,43
"936","2020-04-22",496,11,137,1369,5895,0.811874469889737,8325,32859,370,527,77,2859,19,1778,52,19
"937","2020-04-23",483,11,121,1309,5895,0.811874469889737,8325,32859,370,527,79,2938,17,1795,61,17
"938","2020-04-24",444,11,134,1252,5895,0.811874469889737,8325,32859,370,527,67,3005,40,1835,48,40
"939","2020-04-25",475,11,148,1192,5895,0.811874469889737,8325,32859,370,527,73,3078,39,1874,51,39
"940","2020-04-26",466,11,179,1131,5895,0.811874469889737,8325,32859,370,527,71,3149,47,1921,52,47
"941","2020-04-27",441,11,184,1085,5895,0.811874469889737,8325,32859,370,527,58,3207,37,1958,40,37
"942","2020-04-28",436,11,162,1014,5895,0.811874469889737,8325,32859,370,527,63,3270,47,2005,43,47
"943","2020-04-29",422,11,168,941,5895,0.811874469889737,8325,32859,370,527,51,3321,45,2050,37,45
"944","2020-04-30",409,11,193,886,5895,0.811874469889737,8325,32859,370,527,74,3395,31,2081,52,31
"945","2020-05-01",387,11,221,829,5895,0.811874469889737,8325,32859,370,527,63,3458,31,2112,43,31
"946","2020-05-02",346,11,206,760,5895,0.811874469889737,8325,32859,370,527,59,3517,36,2148,43,36
"947","2020-05-03",309,11,181,733,5895,0.811874469889737,8325,32859,370,527,51,3568,40,2188,32,40
"948","2020-05-04",294,11,181,682,5895,0.811874469889737,8325,32859,370,527,53,3621,26,2214,39,26
"949","2020-05-05",274,11,155,642,5895,0.811874469889737,8325,32859,370,527,58,3679,27,2241,39,27
"950","2020-05-06",250,11,149,581,5895,0.811874469889737,8325,32859,370,527,46,3725,29,2270,28,29
"951","2020-05-07",240,11,141,557,5895,0.811874469889737,8325,32859,370,527,59,3784,42,2312,46,42
"952","2020-05-08",218,11,154,504,5895,0.811874469889737,8325,32859,370,527,46,3830,29,2341,33,29
"953","2020-05-09",210,11,149,472,5895,0.811874469889737,8325,32859,370,527,49,3879,25,2366,36,25
"954","2020-05-10",189,11,139,444,5895,0.811874469889737,8325,32859,370,527,45,3924,38,2404,36,38
"955","2020-05-11",185,11,157,423,5895,0.811874469889737,8325,32859,370,527,34,3958,51,2455,18,51
"956","2020-05-12",180,11,168,379,5895,0.811874469889737,8325,32859,370,527,41,3999,39,2494,26,39
"957","2020-05-13",168,11,154,350,5895,0.811874469889737,8325,32859,370,527,34,4033,36,2530,20,36
"958","2020-05-14",155,11,158,337,5895,0.811874469889737,8325,32859,370,527,34,4067,49,2579,22,49
"959","2020-05-15",137,11,168,316,5895,0.811874469889737,8325,32859,370,527,46,4113,44,2623,37,44
"960","2020-05-16",132,11,172,297,5895,0.811874469889737,8325,32859,370,527,33,4146,33,2656,21,33
"961","2020-05-17",116,11,180,282,5895,0.811874469889737,8325,32859,370,527,33,4179,54,2710,18,54
"962","2020-05-18",103,11,182,274,5895,0.811874469889737,8325,32859,370,527,30,4209,55,2765,21,55
"963","2020-05-19",90,11,183,277,5895,0.811874469889737,8325,32859,370,527,32,4241,45,2810,21,45
"964","2020-05-20",87,11,168,268,5895,0.811874469889737,8325,32859,370,527,23,4264,39,2849,12,39
"965","2020-05-21",85,11,151,259,5895,0.811874469889737,8325,32859,370,527,28,4292,42,2891,16,42
"966","2020-05-22",81,11,123,245,5895,0.811874469889737,8325,32859,370,527,35,4327,30,2921,23,30
"967","2020-05-23",79,11,110,237,5895,0.811874469889737,8325,32859,370,527,30,4357,33,2954,20,33
"968","2020-05-24",78,11,95,240,5895,0.811874469889737,8325,32859,370,527,24,4381,19,2973,15,19
"969","2020-05-25",75,11,73,239,5895,0.811874469889737,8325,32859,370,527,17,4398,18,2991,11,18
"970","2020-05-26",77,11,68,216,5895,0.811874469889737,8325,32859,370,527,24,4422,22,3013,18,22
"971","2020-05-27",77,11,88,202,5895,0.811874469889737,8325,32859,370,527,25,4447,21,3034,13,21
"972","2020-05-28",71,11,93,190,5895,0.811874469889737,8325,32859,370,527,14,4461,42,3076,9,42
"973","2020-05-29",63,11,90,173,5895,0.811874469889737,8325,32859,370,527,24,4485,43,3119,16,43
"974","2020-05-30",66,11,88,160,5895,0.811874469889737,8325,32859,370,527,15,4500,54,3173,8,54
"975","2020-05-31",59,11,82,150,5895,0.811874469889737,8325,32859,370,527,18,4518,36,3209,10,36
"976","2020-06-01",55,11,88,137,5895,0.811874469889737,8325,32859,370,527,11,4529,44,3253,7,44
"977","2020-06-02",49,11,85,127,5895,0.811874469889737,8325,32859,370,527,18,4547,49,3302,8,49
"978","2020-06-03",49,11,89,111,5895,0.811874469889737,8325,32859,370,527,12,4559,35,3337,6,35
"979","2020-06-04",43,11,94,98,5895,0.811874469889737,8325,32859,370,527,11,4570,28,3365,7,28
"980","2020-06-05",38,11,92,94,5895,0.811874469889737,8325,32859,370,527,24,4594,33,3398,9,33
"981","2020-06-06",29,11,94,88,5895,0.811874469889737,8325,32859,370,527,10,4604,21,3419,4,21
"982","2020-06-07",31,11,97,80,5895,0.811874469889737,8325,32859,370,527,16,4620,29,3448,9,29
"983","2020-03-08",1,12,0,0,3972,0.582829808660624,8250,28057,251,490,NA,NA,NA,NA,NA,NA
"984","2020-03-09",1,12,0,0,3972,0.582829808660624,8250,28057,251,490,NA,NA,NA,NA,NA,NA
"985","2020-03-10",0,12,0,0,3972,0.582829808660624,8250,28057,251,490,NA,NA,1,1,NA,1
"986","2020-03-11",0,12,0,0,3972,0.582829808660624,8250,28057,251,490,11,11,3,4,NA,3
"987","2020-03-12",1,12,13,30,3972,0.582829808660624,8250,28057,251,490,9,20,7,11,NA,7
"988","2020-03-13",3,12,20,56,3972,0.582829808660624,8250,28057,251,490,11,31,6,17,2,6
"989","2020-03-14",5,12,30,78,3972,0.582829808660624,8250,28057,251,490,12,43,NA,NA,2,NA
"990","2020-03-15",10,12,35,96,3972,0.582829808660624,8250,28057,251,490,11,54,4,21,4,4
"991","2020-03-16",15,12,41,128,3972,0.582829808660624,8250,28057,251,490,12,66,6,27,5,6
"992","2020-03-17",17,12,37,148,3972,0.582829808660624,8250,28057,251,490,21,87,4,31,13,4
"993","2020-03-18",22,12,31,175,3972,0.582829808660624,8250,28057,251,490,22,109,5,36,15,5
"994","2020-03-19",30,12,34,206,3972,0.582829808660624,8250,28057,251,490,18,127,5,41,9,5
"995","2020-03-20",45,12,42,225,3972,0.582829808660624,8250,28057,251,490,26,153,25,66,15,25
"996","2020-03-21",67,12,53,248,3972,0.582829808660624,8250,28057,251,490,27,180,4,70,23,4
"997","2020-03-22",82,12,55,287,3972,0.582829808660624,8250,28057,251,490,19,199,3,73,8,3
"998","2020-03-23",86,12,76,309,3972,0.582829808660624,8250,28057,251,490,20,219,18,91,13,18
"999","2020-03-24",88,12,66,339,3972,0.582829808660624,8250,28057,251,490,33,252,9,100,19,9
"1000","2020-03-25",92,12,73,367,3972,0.582829808660624,8250,28057,251,490,38,290,12,112,28,12
"1001","2020-03-26",97,12,77,393,3972,0.582829808660624,8250,28057,251,490,34,324,24,136,24,24
"1002","2020-03-27",116,12,65,411,3972,0.582829808660624,8250,28057,251,490,36,360,5,141,21,5
"1003","2020-03-28",116,12,66,433,3972,0.582829808660624,8250,28057,251,490,25,385,1,142,19,1
"1004","2020-03-29",106,12,65,434,3972,0.582829808660624,8250,28057,251,490,41,426,4,146,26,4
"1005","2020-03-30",102,12,67,456,3972,0.582829808660624,8250,28057,251,490,46,472,17,163,35,17
"1006","2020-03-31",118,12,60,478,3972,0.582829808660624,8250,28057,251,490,56,528,20,183,44,20
"1007","2020-04-01",123,12,55,493,3972,0.582829808660624,8250,28057,251,490,51,579,17,200,39,17
"1008","2020-04-02",127,12,57,516,3972,0.582829808660624,8250,28057,251,490,58,637,6,206,40,6
"1009","2020-04-03",149,12,55,547,3972,0.582829808660624,8250,28057,251,490,40,677,11,217,36,11
"1010","2020-04-04",157,12,51,560,3972,0.582829808660624,8250,28057,251,490,41,718,17,234,29,17
"1011","2020-04-05",165,12,61,572,3972,0.582829808660624,8250,28057,251,490,51,769,19,253,34,19
"1012","2020-04-06",174,12,69,596,3972,0.582829808660624,8250,28057,251,490,57,826,23,276,47,23
"1013","2020-04-07",174,12,75,626,3972,0.582829808660624,8250,28057,251,490,61,887,8,284,49,8
"1014","2020-04-08",194,12,79,626,3972,0.582829808660624,8250,28057,251,490,41,928,15,299,33,15
"1015","2020-04-09",200,12,80,636,3972,0.582829808660624,8250,28057,251,490,64,992,17,316,55,17
"1016","2020-04-10",221,12,83,659,3972,0.582829808660624,8250,28057,251,490,72,1064,12,328,58,12
"1017","2020-04-11",235,12,66,658,3972,0.582829808660624,8250,28057,251,490,68,1132,21,349,47,21
"1018","2020-04-12",230,12,63,680,3972,0.582829808660624,8250,28057,251,490,68,1200,18,367,54,18
"1019","2020-04-13",236,12,67,706,3972,0.582829808660624,8250,28057,251,490,52,1252,17,384,38,17
"1020","2020-04-14",220,12,67,705,3972,0.582829808660624,8250,28057,251,490,69,1321,30,414,55,30
"1021","2020-04-15",219,12,78,700,3972,0.582829808660624,8250,28057,251,490,68,1389,11,425,59,11
"1022","2020-04-16",212,12,80,697,3972,0.582829808660624,8250,28057,251,490,57,1446,13,438,43,13
"1023","2020-04-17",238,12,88,710,3972,0.582829808660624,8250,28057,251,490,66,1512,19,457,57,19
"1024","2020-04-18",249,12,99,690,3972,0.582829808660624,8250,28057,251,490,80,1592,32,489,68,32
"1025","2020-04-19",230,12,110,689,3972,0.582829808660624,8250,28057,251,490,57,1649,17,506,44,17
"1026","2020-04-20",221,12,114,670,3972,0.582829808660624,8250,28057,251,490,75,1724,10,516,63,10
"1027","2020-04-21",226,12,119,682,3972,0.582829808660624,8250,28057,251,490,62,1786,16,532,56,16
"1028","2020-04-22",213,12,104,681,3972,0.582829808660624,8250,28057,251,490,63,1849,10,542,47,10
"1029","2020-04-23",219,12,119,709,3972,0.582829808660624,8250,28057,251,490,73,1922,26,568,55,26
"1030","2020-04-24",225,12,106,708,3972,0.582829808660624,8250,28057,251,490,78,2000,5,573,67,5
"1031","2020-04-25",205,12,107,703,3972,0.582829808660624,8250,28057,251,490,68,2068,24,597,56,24
"1032","2020-04-26",231,12,117,692,3972,0.582829808660624,8250,28057,251,490,53,2121,32,629,47,32
"1033","2020-04-27",229,12,108,700,3972,0.582829808660624,8250,28057,251,490,65,2186,36,665,57,36
"1034","2020-04-28",225,12,107,703,3972,0.582829808660624,8250,28057,251,490,54,2240,25,690,39,25
"1035","2020-04-29",224,12,115,698,3972,0.582829808660624,8250,28057,251,490,44,2284,17,707,35,17
"1036","2020-04-30",237,12,117,695,3972,0.582829808660624,8250,28057,251,490,62,2346,16,723,56,16
"1037","2020-05-01",236,12,131,700,3972,0.582829808660624,8250,28057,251,490,54,2400,15,738,46,15
"1038","2020-05-02",253,12,152,690,3972,0.582829808660624,8250,28057,251,490,57,2457,8,746,48,8
"1039","2020-05-03",222,12,160,675,3972,0.582829808660624,8250,28057,251,490,56,2513,25,771,48,25
"1040","2020-05-04",219,12,154,657,3972,0.582829808660624,8250,28057,251,490,49,2562,7,778,38,7
"1041","2020-05-05",209,12,162,615,3972,0.582829808660624,8250,28057,251,490,42,2604,9,787,33,9
"1042","2020-05-06",211,12,167,592,3972,0.582829808660624,8250,28057,251,490,55,2659,14,801,42,14
"1043","2020-05-07",194,12,159,592,3972,0.582829808660624,8250,28057,251,490,53,2712,9,810,39,9
"1044","2020-05-08",215,12,174,579,3972,0.582829808660624,8250,28057,251,490,48,2760,8,818,41,8
"1045","2020-05-09",197,12,169,568,3972,0.582829808660624,8250,28057,251,490,41,2801,28,846,36,28
"1046","2020-05-10",204,12,166,549,3972,0.582829808660624,8250,28057,251,490,49,2850,17,863,40,17
"1047","2020-05-11",196,12,157,527,3972,0.582829808660624,8250,28057,251,490,57,2907,23,886,47,23
"1048","2020-05-12",190,12,145,509,3972,0.582829808660624,8250,28057,251,490,47,2954,30,916,36,30
"1049","2020-05-13",187,12,141,489,3972,0.582829808660624,8250,28057,251,490,48,3002,35,951,40,35
"1050","2020-05-14",191,12,147,480,3972,0.582829808660624,8250,28057,251,490,53,3055,17,968,44,17
"1051","2020-05-15",178,12,133,460,3972,0.582829808660624,8250,28057,251,490,39,3094,32,1000,28,32
"1052","2020-05-16",181,12,122,448,3972,0.582829808660624,8250,28057,251,490,40,3134,26,1026,33,26
"1053","2020-05-17",151,12,120,447,3972,0.582829808660624,8250,28057,251,490,52,3186,26,1052,43,26
"1054","2020-05-18",149,12,117,439,3972,0.582829808660624,8250,28057,251,490,35,3221,24,1076,26,24
"1055","2020-05-19",151,12,117,426,3972,0.582829808660624,8250,28057,251,490,41,3262,39,1115,31,39
"1056","2020-05-20",147,12,115,408,3972,0.582829808660624,8250,28057,251,490,35,3297,23,1138,30,23
"1057","2020-05-21",139,12,106,394,3972,0.582829808660624,8250,28057,251,490,43,3340,29,1167,34,29
"1058","2020-05-22",137,12,114,376,3972,0.582829808660624,8250,28057,251,490,46,3386,20,1187,34,20
"1059","2020-05-23",144,12,101,379,3972,0.582829808660624,8250,28057,251,490,35,3421,16,1203,30,16
"1060","2020-05-24",138,12,106,366,3972,0.582829808660624,8250,28057,251,490,33,3454,29,1232,27,29
"1061","2020-05-25",129,12,96,350,3972,0.582829808660624,8250,28057,251,490,30,3484,37,1269,25,37
"1062","2020-05-26",123,12,92,332,3972,0.582829808660624,8250,28057,251,490,33,3517,28,1297,25,28
"1063","2020-05-27",124,12,96,310,3972,0.582829808660624,8250,28057,251,490,31,3548,43,1340,22,43
"1064","2020-05-28",127,12,98,305,3972,0.582829808660624,8250,28057,251,490,28,3576,25,1365,26,25
"1065","2020-05-29",110,12,91,288,3972,0.582829808660624,8250,28057,251,490,20,3596,17,1382,16,17
"1066","2020-05-30",101,12,90,274,3972,0.582829808660624,8250,28057,251,490,34,3630,14,1396,29,14
"1067","2020-05-31",95,12,80,262,3972,0.582829808660624,8250,28057,251,490,20,3650,6,1402,17,6
"1068","2020-06-01",94,12,72,249,3972,0.582829808660624,8250,28057,251,490,21,3671,14,1416,18,14
"1069","2020-06-02",88,12,69,238,3972,0.582829808660624,8250,28057,251,490,24,3695,16,1432,20,16
"1070","2020-06-03",80,12,75,240,3972,0.582829808660624,8250,28057,251,490,17,3712,9,1441,15,9
"1071","2020-06-04",70,12,72,226,3972,0.582829808660624,8250,28057,251,490,14,3726,11,1452,11,11
"1072","2020-06-05",75,12,84,213,3972,0.582829808660624,8250,28057,251,490,18,3744,5,1457,16,5
"1073","2020-06-06",72,12,78,208,3972,0.582829808660624,8250,28057,251,490,21,3765,8,1465,16,8
"1074","2020-06-07",75,12,74,193,3972,0.582829808660624,8250,28057,251,490,13,3778,4,1469,12,4
"1075","2020-03-08",1,13,0,0,5673,0.918737881191609,8265,31671,330,430,NA,NA,NA,NA,NA,NA
"1076","2020-03-09",1,13,0,0,5673,0.918737881191609,8265,31671,330,430,NA,NA,NA,NA,NA,NA
"1077","2020-03-10",0,13,0,0,5673,0.918737881191609,8265,31671,330,430,NA,NA,1,1,NA,1
"1078","2020-03-11",0,13,0,0,5673,0.918737881191609,8265,31671,330,430,14,14,5,6,NA,5
"1079","2020-03-12",0,13,0,0,5673,0.918737881191609,8265,31671,330,430,16,30,1,7,NA,1
"1080","2020-03-13",3,13,16,14,5673,0.918737881191609,8265,31671,330,430,21,51,9,16,8,9
"1081","2020-03-14",4,13,24,21,5673,0.918737881191609,8265,31671,330,430,13,64,3,19,2,3
"1082","2020-03-15",1,13,25,30,5673,0.918737881191609,8265,31671,330,430,18,82,2,21,6,2
"1083","2020-03-16",1,13,37,39,5673,0.918737881191609,8265,31671,330,430,26,108,2,23,14,2
"1084","2020-03-17",2,13,34,47,5673,0.918737881191609,8265,31671,330,430,28,136,9,32,16,9
"1085","2020-03-18",4,13,40,53,5673,0.918737881191609,8265,31671,330,430,26,162,8,40,19,8
"1086","2020-03-19",6,13,48,63,5673,0.918737881191609,8265,31671,330,430,21,183,9,49,12,9
"1087","2020-03-20",13,13,50,74,5673,0.918737881191609,8265,31671,330,430,38,221,9,58,22,9
"1088","2020-03-21",17,13,49,87,5673,0.918737881191609,8265,31671,330,430,28,249,4,62,15,4
"1089","2020-03-22",15,13,54,101,5673,0.918737881191609,8265,31671,330,430,37,286,5,67,25,5
"1090","2020-03-23",16,13,54,121,5673,0.918737881191609,8265,31671,330,430,36,322,14,81,25,14
"1091","2020-03-24",19,13,45,136,5673,0.918737881191609,8265,31671,330,430,31,353,6,87,18,6
"1092","2020-03-25",20,13,54,168,5673,0.918737881191609,8265,31671,330,430,49,402,7,94,36,7
"1093","2020-03-26",23,13,56,206,5673,0.918737881191609,8265,31671,330,430,55,457,10,104,41,10
"1094","2020-03-27",29,13,72,250,5673,0.918737881191609,8265,31671,330,430,53,510,13,117,35,13
"1095","2020-03-28",44,13,72,273,5673,0.918737881191609,8265,31671,330,430,52,562,7,124,36,7
"1096","2020-03-29",56,13,81,320,5673,0.918737881191609,8265,31671,330,430,70,632,15,139,50,15
"1097","2020-03-30",60,13,98,354,5673,0.918737881191609,8265,31671,330,430,59,691,16,155,50,16
"1098","2020-03-31",67,13,105,410,5673,0.918737881191609,8265,31671,330,430,62,753,14,169,47,14
"1099","2020-04-01",77,13,107,474,5673,0.918737881191609,8265,31671,330,430,73,826,11,180,56,11
"1100","2020-04-02",88,13,116,554,5673,0.918737881191609,8265,31671,330,430,62,888,9,189,49,9
"1101","2020-04-03",125,13,107,589,5673,0.918737881191609,8265,31671,330,430,52,940,13,202,42,13
"1102","2020-04-04",181,13,109,628,5673,0.918737881191609,8265,31671,330,430,67,1007,20,222,49,20
"1103","2020-04-05",182,13,120,700,5673,0.918737881191609,8265,31671,330,430,69,1076,19,241,59,19
"1104","2020-04-06",194,13,111,782,5673,0.918737881191609,8265,31671,330,430,67,1143,9,250,50,9
"1105","2020-04-07",215,13,113,830,5673,0.918737881191609,8265,31671,330,430,70,1213,17,267,61,17
"1106","2020-04-08",231,13,116,903,5673,0.918737881191609,8265,31671,330,430,86,1299,21,288,64,21
"1107","2020-04-09",238,13,114,948,5673,0.918737881191609,8265,31671,330,430,82,1381,12,300,68,12
"1108","2020-04-10",304,13,113,1008,5673,0.918737881191609,8265,31671,330,430,83,1464,19,319,76,19
"1109","2020-04-11",304,13,127,1085,5673,0.918737881191609,8265,31671,330,430,86,1550,11,330,63,11
"1110","2020-04-12",317,13,135,1142,5673,0.918737881191609,8265,31671,330,430,87,1637,14,344,63,14
"1111","2020-04-13",315,13,134,1188,5673,0.918737881191609,8265,31671,330,430,76,1713,14,358,62,14
"1112","2020-04-14",323,13,137,1261,5673,0.918737881191609,8265,31671,330,430,69,1782,17,375,55,17
"1113","2020-04-15",346,13,121,1335,5673,0.918737881191609,8265,31671,330,430,93,1875,18,393,76,18
"1114","2020-04-16",375,13,149,1427,5673,0.918737881191609,8265,31671,330,430,61,1936,14,407,47,14
"1115","2020-04-17",461,13,160,1479,5673,0.918737881191609,8265,31671,330,430,62,1998,14,421,49,14
"1116","2020-04-18",486,13,155,1519,5673,0.918737881191609,8265,31671,330,430,99,2097,17,438,83,17
"1117","2020-04-19",460,13,154,1555,5673,0.918737881191609,8265,31671,330,430,84,2181,25,463,73,25
"1118","2020-04-20",468,13,140,1586,5673,0.918737881191609,8265,31671,330,430,63,2244,25,488,54,25
"1119","2020-04-21",462,13,140,1614,5673,0.918737881191609,8265,31671,330,430,81,2325,17,505,64,17
"1120","2020-04-22",480,13,146,1631,5673,0.918737881191609,8265,31671,330,430,70,2395,16,521,48,16
"1121","2020-04-23",474,13,149,1627,5673,0.918737881191609,8265,31671,330,430,95,2490,9,530,73,9
"1122","2020-04-24",532,13,136,1592,5673,0.918737881191609,8265,31671,330,430,93,2583,14,544,76,14
"1123","2020-04-25",537,13,117,1583,5673,0.918737881191609,8265,31671,330,430,86,2669,8,552,77,8
"1124","2020-04-26",497,13,111,1555,5673,0.918737881191609,8265,31671,330,430,105,2774,12,564,82,12
"1125","2020-04-27",497,13,110,1515,5673,0.918737881191609,8265,31671,330,430,81,2855,16,580,66,16
"1126","2020-04-28",504,13,101,1471,5673,0.918737881191609,8265,31671,330,430,73,2928,32,612,60,32
"1127","2020-04-29",486,13,91,1445,5673,0.918737881191609,8265,31671,330,430,77,3005,10,622,70,10
"1128","2020-04-30",498,13,92,1400,5673,0.918737881191609,8265,31671,330,430,59,3064,16,638,52,16
"1129","2020-05-01",503,13,106,1359,5673,0.918737881191609,8265,31671,330,430,49,3113,15,653,38,15
"1130","2020-05-02",485,13,122,1309,5673,0.918737881191609,8265,31671,330,430,76,3189,24,677,62,24
"1131","2020-05-03",453,13,138,1267,5673,0.918737881191609,8265,31671,330,430,73,3262,24,701,57,24
"1132","2020-05-04",440,13,137,1214,5673,0.918737881191609,8265,31671,330,430,84,3346,19,720,68,19
"1133","2020-05-05",431,13,134,1175,5673,0.918737881191609,8265,31671,330,430,41,3387,16,736,33,16
"1134","2020-05-06",428,13,132,1108,5673,0.918737881191609,8265,31671,330,430,65,3452,15,751,47,15
"1135","2020-05-07",419,13,130,1062,5673,0.918737881191609,8265,31671,330,430,79,3531,16,767,66,16
"1136","2020-05-08",401,13,124,998,5673,0.918737881191609,8265,31671,330,430,54,3585,22,789,45,22
"1137","2020-05-09",390,13,125,937,5673,0.918737881191609,8265,31671,330,430,46,3631,18,807,42,18
"1138","2020-05-10",379,13,126,880,5673,0.918737881191609,8265,31671,330,430,48,3679,19,826,38,19
"1139","2020-05-11",361,13,120,816,5673,0.918737881191609,8265,31671,330,430,46,3725,9,835,42,9
"1140","2020-05-12",343,13,117,764,5673,0.918737881191609,8265,31671,330,430,39,3764,20,855,30,20
"1141","2020-05-13",329,13,112,692,5673,0.918737881191609,8265,31671,330,430,45,3809,10,865,37,10
"1142","2020-05-14",305,13,105,643,5673,0.918737881191609,8265,31671,330,430,37,3846,10,875,32,10
"1143","2020-05-15",257,13,106,600,5673,0.918737881191609,8265,31671,330,430,44,3890,13,888,35,13
"1144","2020-05-16",237,13,96,583,5673,0.918737881191609,8265,31671,330,430,40,3930,10,898,32,10
"1145","2020-05-17",210,13,96,527,5673,0.918737881191609,8265,31671,330,430,30,3960,10,908,22,10
"1146","2020-05-18",204,13,94,502,5673,0.918737881191609,8265,31671,330,430,33,3993,11,919,23,11
"1147","2020-05-19",189,13,96,451,5673,0.918737881191609,8265,31671,330,430,23,4016,8,927,16,8
"1148","2020-05-20",168,13,95,406,5673,0.918737881191609,8265,31671,330,430,33,4049,8,935,23,8
"1149","2020-05-21",159,13,102,369,5673,0.918737881191609,8265,31671,330,430,23,4072,3,938,19,3
"1150","2020-05-22",149,13,101,338,5673,0.918737881191609,8265,31671,330,430,31,4103,6,944,19,6
"1151","2020-05-23",143,13,101,321,5673,0.918737881191609,8265,31671,330,430,35,4138,11,955,27,11
"1152","2020-05-24",128,13,104,296,5673,0.918737881191609,8265,31671,330,430,29,4167,7,962,20,7
"1153","2020-05-25",109,13,99,273,5673,0.918737881191609,8265,31671,330,430,18,4185,8,970,15,8
"1154","2020-05-26",104,13,99,251,5673,0.918737881191609,8265,31671,330,430,23,4208,3,973,21,3
"1155","2020-05-27",99,13,101,230,5673,0.918737881191609,8265,31671,330,430,17,4225,4,977,11,4
"1156","2020-05-28",89,13,98,219,5673,0.918737881191609,8265,31671,330,430,13,4238,6,983,11,6
"1157","2020-05-29",74,13,98,204,5673,0.918737881191609,8265,31671,330,430,17,4255,7,990,12,7
"1158","2020-05-30",67,13,103,183,5673,0.918737881191609,8265,31671,330,430,17,4272,6,996,15,6
"1159","2020-05-31",66,13,108,168,5673,0.918737881191609,8265,31671,330,430,16,4288,12,1008,12,12
"1160","2020-06-01",71,13,107,155,5673,0.918737881191609,8265,31671,330,430,17,4305,11,1019,11,11
"1161","2020-06-02",59,13,102,142,5673,0.918737881191609,8265,31671,330,430,14,4319,7,1026,9,7
"1162","2020-06-03",56,13,91,136,5673,0.918737881191609,8265,31671,330,430,15,4334,13,1039,10,13
"1163","2020-06-04",56,13,99,129,5673,0.918737881191609,8265,31671,330,430,10,4344,19,1058,4,19
"1164","2020-06-05",52,13,112,127,5673,0.918737881191609,8265,31671,330,430,14,4358,5,1063,6,5
"1165","2020-06-06",54,13,113,122,5673,0.918737881191609,8265,31671,330,430,16,4374,5,1068,11,5
"1166","2020-06-07",43,13,121,108,5673,0.918737881191609,8265,31671,330,430,14,4388,3,1071,12,3
"1167","2020-03-13",4,14,35,29,5621,0.918875644903042,8220,31948,342,632,24,59,22,42,15,22
"1168","2020-03-14",7,14,43,43,5621,0.918875644903042,8220,31948,342,632,21,80,10,52,15,10
"1169","2020-03-15",7,14,45,66,5621,0.918875644903042,8220,31948,342,632,22,102,10,62,10,10
"1170","2020-03-16",11,14,61,91,5621,0.918875644903042,8220,31948,342,632,32,134,17,79,24,17
"1171","2020-03-17",13,14,59,115,5621,0.918875644903042,8220,31948,342,632,30,164,19,98,21,19
"1172","2020-03-18",16,14,56,151,5621,0.918875644903042,8220,31948,342,632,30,194,14,112,22,14
"1173","2020-03-19",19,14,67,186,5621,0.918875644903042,8220,31948,342,632,44,238,21,133,26,21
"1174","2020-03-20",20,14,59,203,5621,0.918875644903042,8220,31948,342,632,36,274,9,142,26,9
"1175","2020-03-21",29,14,60,248,5621,0.918875644903042,8220,31948,342,632,34,308,5,147,28,5
"1176","2020-03-22",45,14,73,286,5621,0.918875644903042,8220,31948,342,632,55,363,2,149,44,2
"1177","2020-03-23",48,14,72,327,5621,0.918875644903042,8220,31948,342,632,41,404,2,151,31,2
"1178","2020-03-24",61,14,78,372,5621,0.918875644903042,8220,31948,342,632,33,437,6,157,26,6
"1179","2020-03-25",67,14,78,414,5621,0.918875644903042,8220,31948,342,632,55,492,3,160,40,3
"1180","2020-03-26",79,14,91,468,5621,0.918875644903042,8220,31948,342,632,52,544,6,166,45,6
"1181","2020-03-27",101,14,88,520,5621,0.918875644903042,8220,31948,342,632,60,604,25,191,56,25
"1182","2020-03-28",116,14,78,573,5621,0.918875644903042,8220,31948,342,632,35,639,20,211,29,20
"1183","2020-03-29",145,14,79,644,5621,0.918875644903042,8220,31948,342,632,74,713,13,224,63,13
"1184","2020-03-30",157,14,86,686,5621,0.918875644903042,8220,31948,342,632,45,758,24,248,34,24
"1185","2020-03-31",164,14,86,761,5621,0.918875644903042,8220,31948,342,632,65,823,16,264,53,16
"1186","2020-04-01",188,14,84,815,5621,0.918875644903042,8220,31948,342,632,61,884,26,290,51,26
"1187","2020-04-02",216,14,99,886,5621,0.918875644903042,8220,31948,342,632,56,940,22,312,51,22
"1188","2020-04-03",259,14,105,949,5621,0.918875644903042,8220,31948,342,632,78,1018,28,340,61,28
"1189","2020-04-04",320,14,105,1024,5621,0.918875644903042,8220,31948,342,632,63,1081,23,363,48,23
"1190","2020-04-05",327,14,101,1123,5621,0.918875644903042,8220,31948,342,632,59,1140,11,374,44,11
"1191","2020-04-06",338,14,86,1175,5621,0.918875644903042,8220,31948,342,632,52,1192,7,381,44,7
"1192","2020-04-07",328,14,83,1239,5621,0.918875644903042,8220,31948,342,632,67,1259,6,387,55,6
"1193","2020-04-08",347,14,89,1279,5621,0.918875644903042,8220,31948,342,632,70,1329,8,395,60,8
"1194","2020-04-09",359,14,89,1326,5621,0.918875644903042,8220,31948,342,632,62,1391,25,420,48,25
"1195","2020-04-10",466,14,94,1365,5621,0.918875644903042,8220,31948,342,632,76,1467,12,432,66,12
"1196","2020-04-11",461,14,94,1396,5621,0.918875644903042,8220,31948,342,632,46,1513,5,437,36,5
"1197","2020-04-12",438,14,101,1447,5621,0.918875644903042,8220,31948,342,632,54,1567,10,447,44,10
"1198","2020-04-13",454,14,119,1483,5621,0.918875644903042,8220,31948,342,632,71,1638,16,463,61,16
"1199","2020-04-14",473,14,127,1551,5621,0.918875644903042,8220,31948,342,632,66,1704,45,508,58,45
"1200","2020-04-15",478,14,138,1518,5621,0.918875644903042,8220,31948,342,632,56,1760,29,537,50,29
"1201","2020-04-16",495,14,149,1509,5621,0.918875644903042,8220,31948,342,632,58,1818,38,575,46,38
"1202","2020-04-17",513,14,161,1521,5621,0.918875644903042,8220,31948,342,632,65,1883,21,596,55,21
"1203","2020-04-18",507,14,162,1503,5621,0.918875644903042,8220,31948,342,632,76,1959,43,639,66,43
"1204","2020-04-19",509,14,160,1473,5621,0.918875644903042,8220,31948,342,632,66,2025,23,662,55,23
"1205","2020-04-20",505,14,154,1432,5621,0.918875644903042,8220,31948,342,632,60,2085,19,681,51,19
"1206","2020-04-21",506,14,149,1395,5621,0.918875644903042,8220,31948,342,632,60,2145,38,719,51,38
"1207","2020-04-22",498,14,176,1351,5621,0.918875644903042,8220,31948,342,632,81,2226,50,769,66,50
"1208","2020-04-23",474,14,183,1317,5621,0.918875644903042,8220,31948,342,632,57,2283,40,809,44,40
"1209","2020-04-24",489,14,178,1263,5621,0.918875644903042,8220,31948,342,632,70,2353,25,834,55,25
"1210","2020-04-25",472,14,164,1219,5621,0.918875644903042,8220,31948,342,632,70,2423,11,845,56,11
"1211","2020-04-26",419,14,154,1158,5621,0.918875644903042,8220,31948,342,632,64,2487,10,855,48,10
"1212","2020-04-27",396,14,142,1130,5621,0.918875644903042,8220,31948,342,632,66,2553,5,860,48,5
"1213","2020-04-28",384,14,155,1080,5621,0.918875644903042,8220,31948,342,632,57,2610,34,894,48,34
"1214","2020-04-29",376,14,150,1030,5621,0.918875644903042,8220,31948,342,632,66,2676,25,919,56,25
"1215","2020-04-30",375,14,164,991,5621,0.918875644903042,8220,31948,342,632,50,2726,25,944,42,25
"1216","2020-05-01",375,14,169,939,5621,0.918875644903042,8220,31948,342,632,51,2777,23,967,47,23
"1217","2020-05-02",361,14,167,872,5621,0.918875644903042,8220,31948,342,632,61,2838,8,975,48,8
"1218","2020-05-03",319,14,151,798,5621,0.918875644903042,8220,31948,342,632,46,2884,36,1011,37,36
"1219","2020-05-04",308,14,144,768,5621,0.918875644903042,8220,31948,342,632,50,2934,23,1034,36,23
"1220","2020-05-05",282,14,129,729,5621,0.918875644903042,8220,31948,342,632,58,2992,22,1056,55,22
"1221","2020-05-06",264,14,154,680,5621,0.918875644903042,8220,31948,342,632,62,3054,11,1067,56,11
"1222","2020-05-07",241,14,156,658,5621,0.918875644903042,8220,31948,342,632,53,3107,33,1100,46,33
"1223","2020-05-08",211,14,166,609,5621,0.918875644903042,8220,31948,342,632,46,3153,41,1141,39,41
"1224","2020-05-09",213,14,177,578,5621,0.918875644903042,8220,31948,342,632,48,3201,22,1163,41,22
"1225","2020-05-10",209,14,168,562,5621,0.918875644903042,8220,31948,342,632,54,3255,53,1216,46,53
"1226","2020-05-11",198,14,170,542,5621,0.918875644903042,8220,31948,342,632,35,3290,44,1260,27,44
"1227","2020-05-12",186,14,159,504,5621,0.918875644903042,8220,31948,342,632,37,3327,40,1300,27,40
"1228","2020-05-13",181,14,156,466,5621,0.918875644903042,8220,31948,342,632,42,3369,19,1319,36,19
"1229","2020-05-14",175,14,155,441,5621,0.918875644903042,8220,31948,342,632,56,3425,38,1357,46,38
"1230","2020-05-15",165,14,144,407,5621,0.918875644903042,8220,31948,342,632,42,3467,40,1397,36,40
"1231","2020-05-16",155,14,155,381,5621,0.918875644903042,8220,31948,342,632,43,3510,29,1426,34,29
"1232","2020-05-17",132,14,143,357,5621,0.918875644903042,8220,31948,342,632,49,3559,40,1466,43,40
"1233","2020-05-18",118,14,130,332,5621,0.918875644903042,8220,31948,342,632,38,3597,38,1504,32,38
"1234","2020-05-19",118,14,124,319,5621,0.918875644903042,8220,31948,342,632,44,3641,35,1539,34,35
"1235","2020-05-20",112,14,134,294,5621,0.918875644903042,8220,31948,342,632,34,3675,39,1578,28,39
"1236","2020-05-21",106,14,128,287,5621,0.918875644903042,8220,31948,342,632,42,3717,34,1612,36,34
"1237","2020-05-22",89,14,134,275,5621,0.918875644903042,8220,31948,342,632,27,3744,22,1634,22,22
"1238","2020-05-23",89,14,145,266,5621,0.918875644903042,8220,31948,342,632,33,3777,28,1662,25,28
"1239","2020-05-24",84,14,153,257,5621,0.918875644903042,8220,31948,342,632,31,3808,24,1686,26,24
"1240","2020-05-25",86,14,172,242,5621,0.918875644903042,8220,31948,342,632,41,3849,12,1698,34,12
"1241","2020-05-26",79,14,176,227,5621,0.918875644903042,8220,31948,342,632,26,3875,24,1722,21,24
"1242","2020-05-27",81,14,160,232,5621,0.918875644903042,8220,31948,342,632,29,3904,26,1748,25,26
"1243","2020-05-28",78,14,144,219,5621,0.918875644903042,8220,31948,342,632,35,3939,25,1773,30,25
"1244","2020-05-29",85,14,131,212,5621,0.918875644903042,8220,31948,342,632,22,3961,15,1788,19,15
"1245","2020-05-30",91,14,127,197,5621,0.918875644903042,8220,31948,342,632,20,3981,24,1812,16,24
"1246","2020-05-31",87,14,124,190,5621,0.918875644903042,8220,31948,342,632,25,4006,32,1844,18,32
"1247","2020-06-01",83,14,120,179,5621,0.918875644903042,8220,31948,342,632,25,4031,26,1870,21,26
"1248","2020-06-02",81,14,119,167,5621,0.918875644903042,8220,31948,342,632,27,4058,28,1898,22,28
"1249","2020-06-03",73,14,120,152,5621,0.918875644903042,8220,31948,342,632,26,4084,25,1923,22,25
"1250","2020-06-04",73,14,126,141,5621,0.918875644903042,8220,31948,342,632,25,4109,21,1944,24,21
"1251","2020-06-05",72,14,108,132,5621,0.918875644903042,8220,31948,342,632,27,4136,11,1955,24,11
"1252","2020-06-06",67,14,120,127,5621,0.918875644903042,8220,31948,342,632,14,4150,8,1963,13,8
"1253","2020-06-07",54,14,127,118,5621,0.918875644903042,8220,31948,342,632,22,4172,12,1975,19,12
"1254","2020-03-13",1,15,48,86,4473,0.59333780460541,8220,30689,232,854,20,65,11,23,3,11
"1255","2020-03-14",8,15,62,133,4473,0.59333780460541,8220,30689,232,854,25,90,8,31,3,8
"1256","2020-03-15",18,15,87,166,4473,0.59333780460541,8220,30689,232,854,25,115,5,36,1,5
"1257","2020-03-16",26,15,91,192,4473,0.59333780460541,8220,30689,232,854,33,148,11,47,11,11
"1258","2020-03-17",30,15,95,236,4473,0.59333780460541,8220,30689,232,854,34,182,6,53,10,6
"1259","2020-03-18",36,15,111,284,4473,0.59333780460541,8220,30689,232,854,28,210,7,60,16,7
"1260","2020-03-19",46,15,104,323,4473,0.59333780460541,8220,30689,232,854,44,254,6,66,13,6
"1261","2020-03-20",68,15,92,344,4473,0.59333780460541,8220,30689,232,854,41,295,13,79,17,13
"1262","2020-03-21",68,15,80,380,4473,0.59333780460541,8220,30689,232,854,39,334,10,89,19,10
"1263","2020-03-22",82,15,73,425,4473,0.59333780460541,8220,30689,232,854,38,372,5,94,13,5
"1264","2020-03-23",90,15,66,463,4473,0.59333780460541,8220,30689,232,854,34,406,12,106,19,12
"1265","2020-03-24",99,15,69,483,4473,0.59333780460541,8220,30689,232,854,52,458,7,113,29,7
"1266","2020-03-25",113,15,58,510,4473,0.59333780460541,8220,30689,232,854,51,509,7,120,27,7
"1267","2020-03-26",126,15,47,533,4473,0.59333780460541,8220,30689,232,854,47,556,7,127,27,7
"1268","2020-03-27",146,15,63,538,4473,0.59333780460541,8220,30689,232,854,66,622,9,136,37,9
"1269","2020-03-28",186,15,85,559,4473,0.59333780460541,8220,30689,232,854,50,672,5,141,26,5
"1270","2020-03-29",190,15,96,572,4473,0.59333780460541,8220,30689,232,854,55,727,7,148,34,7
"1271","2020-03-30",179,15,90,561,4473,0.59333780460541,8220,30689,232,854,49,776,10,158,24,10
"1272","2020-03-31",173,15,106,567,4473,0.59333780460541,8220,30689,232,854,62,838,7,165,33,7
"1273","2020-04-01",176,15,99,583,4473,0.59333780460541,8220,30689,232,854,59,897,7,172,30,7
"1274","2020-04-02",166,15,88,586,4473,0.59333780460541,8220,30689,232,854,39,936,14,186,19,14
"1275","2020-04-03",193,15,106,616,4473,0.59333780460541,8220,30689,232,854,57,993,10,196,34,10
"1276","2020-04-04",191,15,138,620,4473,0.59333780460541,8220,30689,232,854,53,1046,16,212,27,16
"1277","2020-04-05",207,15,182,621,4473,0.59333780460541,8220,30689,232,854,64,1110,4,216,46,4
"1278","2020-04-06",213,15,175,628,4473,0.59333780460541,8220,30689,232,854,45,1155,4,220,26,4
"1279","2020-04-07",209,15,178,642,4473,0.59333780460541,8220,30689,232,854,65,1220,8,228,30,8
"1280","2020-04-08",215,15,181,670,4473,0.59333780460541,8220,30689,232,854,70,1290,4,232,44,4
"1281","2020-04-09",228,15,200,672,4473,0.59333780460541,8220,30689,232,854,58,1348,8,240,30,8
"1282","2020-04-10",237,15,177,691,4473,0.59333780460541,8220,30689,232,854,67,1415,5,245,35,5
"1283","2020-04-11",241,15,156,719,4473,0.59333780460541,8220,30689,232,854,64,1479,11,256,40,11
"1284","2020-04-12",248,15,152,708,4473,0.59333780460541,8220,30689,232,854,46,1525,4,260,24,4
"1285","2020-04-13",255,15,174,722,4473,0.59333780460541,8220,30689,232,854,45,1570,12,272,26,12
"1286","2020-04-14",241,15,186,736,4473,0.59333780460541,8220,30689,232,854,64,1634,8,280,34,8
"1287","2020-04-15",237,15,161,758,4473,0.59333780460541,8220,30689,232,854,65,1699,11,291,28,11
"1288","2020-04-16",239,15,157,754,4473,0.59333780460541,8220,30689,232,854,47,1746,11,302,30,11
"1289","2020-04-17",269,15,196,740,4473,0.59333780460541,8220,30689,232,854,52,1798,12,314,21,12
"1290","2020-04-18",275,15,198,748,4473,0.59333780460541,8220,30689,232,854,58,1856,14,328,26,14
"1291","2020-04-19",253,15,201,740,4473,0.59333780460541,8220,30689,232,854,64,1920,7,335,35,7
"1292","2020-04-20",231,15,216,751,4473,0.59333780460541,8220,30689,232,854,67,1987,15,350,44,15
"1293","2020-04-21",239,15,229,769,4473,0.59333780460541,8220,30689,232,854,52,2039,17,367,27,17
"1294","2020-04-22",235,15,210,762,4473,0.59333780460541,8220,30689,232,854,62,2101,24,391,28,24
"1295","2020-04-23",239,15,245,741,4473,0.59333780460541,8220,30689,232,854,58,2159,25,416,29,25
"1296","2020-04-24",234,15,254,750,4473,0.59333780460541,8220,30689,232,854,53,2212,17,433,28,17
"1297","2020-04-25",225,15,274,737,4473,0.59333780460541,8220,30689,232,854,51,2263,17,450,28,17
"1298","2020-04-26",237,15,282,736,4473,0.59333780460541,8220,30689,232,854,57,2320,11,461,43,11
"1299","2020-04-27",240,15,262,736,4473,0.59333780460541,8220,30689,232,854,63,2383,9,470,35,9
"1300","2020-04-28",234,15,236,705,4473,0.59333780460541,8220,30689,232,854,57,2440,6,476,32,6
"1301","2020-04-29",240,15,205,691,4473,0.59333780460541,8220,30689,232,854,51,2491,10,486,32,10
"1302","2020-04-30",235,15,187,699,4473,0.59333780460541,8220,30689,232,854,47,2538,14,500,21,14
"1303","2020-05-01",270,15,182,672,4473,0.59333780460541,8220,30689,232,854,54,2592,9,509,28,9
"1304","2020-05-02",285,15,162,686,4473,0.59333780460541,8220,30689,232,854,47,2639,15,524,24,15
"1305","2020-05-03",230,15,160,680,4473,0.59333780460541,8220,30689,232,854,61,2700,11,535,39,11
"1306","2020-05-04",228,15,143,653,4473,0.59333780460541,8220,30689,232,854,45,2745,14,549,19,14
"1307","2020-05-05",220,15,137,652,4473,0.59333780460541,8220,30689,232,854,53,2798,10,559,26,10
"1308","2020-05-06",217,15,114,637,4473,0.59333780460541,8220,30689,232,854,41,2839,12,571,22,12
"1309","2020-05-07",209,15,130,626,4473,0.59333780460541,8220,30689,232,854,36,2875,14,585,15,14
"1310","2020-05-08",200,15,145,606,4473,0.59333780460541,8220,30689,232,854,42,2917,14,599,18,14
"1311","2020-05-09",187,15,143,579,4473,0.59333780460541,8220,30689,232,854,53,2970,10,609,28,10
"1312","2020-05-10",190,15,170,554,4473,0.59333780460541,8220,30689,232,854,51,3021,16,625,26,16
"1313","2020-05-11",189,15,197,524,4473,0.59333780460541,8220,30689,232,854,45,3066,10,635,23,10
"1314","2020-05-12",189,15,216,510,4473,0.59333780460541,8220,30689,232,854,38,3104,11,646,19,11
"1315","2020-05-13",178,15,212,505,4473,0.59333780460541,8220,30689,232,854,41,3145,6,652,20,6
"1316","2020-05-14",166,15,200,506,4473,0.59333780460541,8220,30689,232,854,34,3179,11,663,14,11
"1317","2020-05-15",165,15,217,500,4473,0.59333780460541,8220,30689,232,854,33,3212,9,672,18,9
"1318","2020-05-16",177,15,193,492,4473,0.59333780460541,8220,30689,232,854,51,3263,13,685,23,13
"1319","2020-05-17",159,15,171,475,4473,0.59333780460541,8220,30689,232,854,41,3304,10,695,21,10
"1320","2020-05-18",148,15,164,452,4473,0.59333780460541,8220,30689,232,854,35,3339,19,714,17,19
"1321","2020-05-19",139,15,191,448,4473,0.59333780460541,8220,30689,232,854,33,3372,19,733,18,19
"1322","2020-05-20",145,15,213,436,4473,0.59333780460541,8220,30689,232,854,32,3404,9,742,15,9
"1323","2020-05-21",155,15,226,431,4473,0.59333780460541,8220,30689,232,854,30,3434,4,746,8,4
"1324","2020-05-22",141,15,215,422,4473,0.59333780460541,8220,30689,232,854,28,3462,2,748,10,2
"1325","2020-05-23",120,15,182,422,4473,0.59333780460541,8220,30689,232,854,30,3492,4,752,9,4
"1326","2020-05-24",126,15,203,402,4473,0.59333780460541,8220,30689,232,854,19,3511,8,760,10,8
"1327","2020-05-25",124,15,224,400,4473,0.59333780460541,8220,30689,232,854,43,3554,14,774,27,14
"1328","2020-05-26",125,15,246,395,4473,0.59333780460541,8220,30689,232,854,25,3579,12,786,10,12
"1329","2020-05-27",123,15,233,383,4473,0.59333780460541,8220,30689,232,854,26,3605,16,802,14,16
"1330","2020-05-28",121,15,239,359,4473,0.59333780460541,8220,30689,232,854,25,3630,9,811,16,9
"1331","2020-05-29",141,15,219,357,4473,0.59333780460541,8220,30689,232,854,24,3654,5,816,13,5
"1332","2020-05-30",160,15,198,352,4473,0.59333780460541,8220,30689,232,854,19,3673,6,822,9,6
"1333","2020-05-31",136,15,176,345,4473,0.59333780460541,8220,30689,232,854,24,3697,4,826,9,4
"1334","2020-06-01",138,15,152,341,4473,0.59333780460541,8220,30689,232,854,14,3711,4,830,6,4
"1335","2020-06-02",124,15,134,317,4473,0.59333780460541,8220,30689,232,854,13,3724,1,831,8,1
"1336","2020-06-03",125,15,127,301,4473,0.59333780460541,8220,30689,232,854,11,3735,4,835,4,4
"1337","2020-06-04",121,15,108,291,4473,0.59333780460541,8220,30689,232,854,20,3755,4,839,10,4
"1338","2020-06-05",115,15,90,276,4473,0.59333780460541,8220,30689,232,854,12,3767,8,847,4,8
"1339","2020-06-06",104,15,86,260,4473,0.59333780460541,8220,30689,232,854,13,3780,2,849,4,2
"1340","2020-06-07",95,15,91,246,4473,0.59333780460541,8220,30689,232,854,13,3793,1,850,6,1
"1341","2020-03-13",2,16,33,22,5766,0.914325355532432,8385,32295,318,708,18,44,15,28,3,15
"1342","2020-03-14",3,16,35,31,5766,0.914325355532432,8385,32295,318,708,19,63,20,48,3,20
"1343","2020-03-15",4,16,44,45,5766,0.914325355532432,8385,32295,318,708,27,90,10,58,8,10
"1344","2020-03-16",4,16,57,62,5766,0.914325355532432,8385,32295,318,708,22,112,21,79,8,21
"1345","2020-03-17",5,16,85,74,5766,0.914325355532432,8385,32295,318,708,24,136,26,105,11,26
"1346","2020-03-18",6,16,83,101,5766,0.914325355532432,8385,32295,318,708,32,168,22,127,14,22
"1347","2020-03-19",11,16,91,121,5766,0.914325355532432,8385,32295,318,708,44,212,28,155,24,28
"1348","2020-03-20",14,16,109,149,5766,0.914325355532432,8385,32295,318,708,45,257,23,178,27,23
"1349","2020-03-21",23,16,115,189,5766,0.914325355532432,8385,32295,318,708,54,311,34,212,43,34
"1350","2020-03-22",39,16,133,212,5766,0.914325355532432,8385,32295,318,708,48,359,31,243,32,31
"1351","2020-03-23",44,16,149,254,5766,0.914325355532432,8385,32295,318,708,52,411,40,283,42,40
"1352","2020-03-24",50,16,158,283,5766,0.914325355532432,8385,32295,318,708,38,449,54,337,26,54
"1353","2020-03-25",63,16,148,342,5766,0.914325355532432,8385,32295,318,708,59,508,48,385,41,48
"1354","2020-03-26",69,16,150,376,5766,0.914325355532432,8385,32295,318,708,61,569,42,427,42,42
"1355","2020-03-27",93,16,155,428,5766,0.914325355532432,8385,32295,318,708,52,621,26,453,32,26
"1356","2020-03-28",128,16,159,485,5766,0.914325355532432,8385,32295,318,708,70,691,54,507,53,54
"1357","2020-03-29",129,16,163,532,5766,0.914325355532432,8385,32295,318,708,48,739,35,542,28,35
"1358","2020-03-30",138,16,158,599,5766,0.914325355532432,8385,32295,318,708,64,803,40,582,40,40
"1359","2020-03-31",141,16,137,683,5766,0.914325355532432,8385,32295,318,708,74,877,21,603,51,21
"1360","2020-04-01",153,16,133,749,5766,0.914325355532432,8385,32295,318,708,52,929,25,628,38,25
"1361","2020-04-02",168,16,118,825,5766,0.914325355532432,8385,32295,318,708,76,1005,30,658,62,30
"1362","2020-04-03",234,16,107,889,5766,0.914325355532432,8385,32295,318,708,59,1064,41,699,43,41
"1363","2020-04-04",272,16,106,945,5766,0.914325355532432,8385,32295,318,708,59,1123,22,721,41,22
"1364","2020-04-05",285,16,114,1006,5766,0.914325355532432,8385,32295,318,708,64,1187,31,752,44,31
"1365","2020-04-06",281,16,127,1132,5766,0.914325355532432,8385,32295,318,708,64,1251,30,782,45,30
"1366","2020-04-07",310,16,138,1173,5766,0.914325355532432,8385,32295,318,708,72,1323,48,830,52,48
"1367","2020-04-08",324,16,147,1227,5766,0.914325355532432,8385,32295,318,708,62,1385,42,872,48,42
"1368","2020-04-09",342,16,138,1274,5766,0.914325355532432,8385,32295,318,708,67,1452,33,905,47,33
"1369","2020-04-10",433,16,133,1284,5766,0.914325355532432,8385,32295,318,708,70,1522,50,955,52,50
"1370","2020-04-11",409,16,131,1339,5766,0.914325355532432,8385,32295,318,708,71,1593,43,998,53,43
"1371","2020-04-12",407,16,146,1351,5766,0.914325355532432,8385,32295,318,708,69,1662,36,1034,45,36
"1372","2020-04-13",417,16,154,1403,5766,0.914325355532432,8385,32295,318,708,99,1761,26,1060,78,26
"1373","2020-04-14",410,16,177,1462,5766,0.914325355532432,8385,32295,318,708,61,1822,39,1099,44,39
"1374","2020-04-15",404,16,182,1484,5766,0.914325355532432,8385,32295,318,708,86,1908,33,1132,68,33
"1375","2020-04-16",419,16,205,1504,5766,0.914325355532432,8385,32295,318,708,84,1992,29,1161,66,29
"1376","2020-04-17",483,16,183,1533,5766,0.914325355532432,8385,32295,318,708,71,2063,49,1210,53,49
"1377","2020-04-18",511,16,191,1579,5766,0.914325355532432,8385,32295,318,708,89,2152,31,1241,64,31
"1378","2020-04-19",485,16,175,1587,5766,0.914325355532432,8385,32295,318,708,69,2221,35,1276,52,35
"1379","2020-04-20",487,16,168,1611,5766,0.914325355532432,8385,32295,318,708,90,2311,19,1295,70,19
"1380","2020-04-21",504,16,176,1594,5766,0.914325355532432,8385,32295,318,708,67,2378,30,1325,52,30
"1381","2020-04-22",520,16,169,1559,5766,0.914325355532432,8385,32295,318,708,82,2460,35,1360,59,35
"1382","2020-04-23",522,16,187,1565,5766,0.914325355532432,8385,32295,318,708,91,2551,55,1415,73,55
"1383","2020-04-24",558,16,196,1524,5766,0.914325355532432,8385,32295,318,708,63,2614,41,1456,49,41
"1384","2020-04-25",564,16,187,1509,5766,0.914325355532432,8385,32295,318,708,74,2688,24,1480,55,24
"1385","2020-04-26",511,16,189,1457,5766,0.914325355532432,8385,32295,318,708,73,2761,34,1514,55,34
"1386","2020-04-27",512,16,214,1425,5766,0.914325355532432,8385,32295,318,708,65,2826,20,1534,48,20
"1387","2020-04-28",489,16,193,1384,5766,0.914325355532432,8385,32295,318,708,71,2897,30,1564,51,30
"1388","2020-04-29",489,16,187,1331,5766,0.914325355532432,8385,32295,318,708,55,2952,44,1608,40,44
"1389","2020-04-30",470,16,192,1264,5766,0.914325355532432,8385,32295,318,708,63,3015,30,1638,51,30
"1390","2020-05-01",447,16,196,1220,5766,0.914325355532432,8385,32295,318,708,60,3075,21,1659,41,21
"1391","2020-05-02",449,16,213,1161,5766,0.914325355532432,8385,32295,318,708,51,3126,26,1685,34,26
"1392","2020-05-03",429,16,206,1104,5766,0.914325355532432,8385,32295,318,708,55,3181,38,1723,40,38
"1393","2020-05-04",412,16,185,1056,5766,0.914325355532432,8385,32295,318,708,56,3237,37,1760,48,37
"1394","2020-05-05",393,16,168,971,5766,0.914325355532432,8385,32295,318,708,55,3292,55,1815,31,55
"1395","2020-05-06",376,16,155,901,5766,0.914325355532432,8385,32295,318,708,44,3336,51,1866,32,51
"1396","2020-05-07",370,16,138,848,5766,0.914325355532432,8385,32295,318,708,57,3393,41,1907,43,41
"1397","2020-05-08",331,16,140,779,5766,0.914325355532432,8385,32295,318,708,60,3453,48,1955,41,48
"1398","2020-05-09",304,16,130,723,5766,0.914325355532432,8385,32295,318,708,44,3497,26,1981,31,26
"1399","2020-05-10",277,16,124,676,5766,0.914325355532432,8385,32295,318,708,39,3536,27,2008,30,27
"1400","2020-05-11",261,16,121,640,5766,0.914325355532432,8385,32295,318,708,44,3580,35,2043,29,35
"1401","2020-05-12",258,16,111,591,5766,0.914325355532432,8385,32295,318,708,50,3630,30,2073,32,30
"1402","2020-05-13",252,16,114,543,5766,0.914325355532432,8385,32295,318,708,38,3668,30,2103,35,30
"1403","2020-05-14",228,16,103,484,5766,0.914325355532432,8385,32295,318,708,38,3706,41,2144,28,41
"1404","2020-05-15",206,16,98,436,5766,0.914325355532432,8385,32295,318,708,37,3743,44,2188,23,44
"1405","2020-05-16",196,16,105,387,5766,0.914325355532432,8385,32295,318,708,41,3784,31,2219,22,31
"1406","2020-05-17",169,16,106,337,5766,0.914325355532432,8385,32295,318,708,21,3805,38,2257,13,38
"1407","2020-05-18",151,16,129,306,5766,0.914325355532432,8385,32295,318,708,32,3837,21,2278,20,21
"1408","2020-05-19",133,16,155,267,5766,0.914325355532432,8385,32295,318,708,17,3854,27,2305,10,27
"1409","2020-05-20",118,16,156,251,5766,0.914325355532432,8385,32295,318,708,31,3885,28,2333,23,28
"1410","2020-05-21",119,16,154,239,5766,0.914325355532432,8385,32295,318,708,27,3912,22,2355,19,22
"1411","2020-05-22",104,16,155,214,5766,0.914325355532432,8385,32295,318,708,22,3934,19,2374,15,19
"1412","2020-05-23",95,16,150,202,5766,0.914325355532432,8385,32295,318,708,14,3948,27,2401,5,27
"1413","2020-05-24",87,16,152,178,5766,0.914325355532432,8385,32295,318,708,28,3976,18,2419,15,18
"1414","2020-05-25",82,16,158,168,5766,0.914325355532432,8385,32295,318,708,19,3995,29,2448,13,29
"1415","2020-05-26",73,16,157,163,5766,0.914325355532432,8385,32295,318,708,16,4011,22,2470,12,22
"1416","2020-05-27",67,16,166,151,5766,0.914325355532432,8385,32295,318,708,27,4038,26,2496,12,26
"1417","2020-05-28",59,16,157,139,5766,0.914325355532432,8385,32295,318,708,18,4056,26,2522,9,26
"1418","2020-05-29",55,16,141,130,5766,0.914325355532432,8385,32295,318,708,24,4080,27,2549,18,27
"1419","2020-05-30",52,16,163,127,5766,0.914325355532432,8385,32295,318,708,17,4097,32,2581,10,32
"1420","2020-05-31",44,16,163,123,5766,0.914325355532432,8385,32295,318,708,15,4112,27,2608,9,27
"1421","2020-06-01",50,16,168,110,5766,0.914325355532432,8385,32295,318,708,20,4132,24,2632,11,24
"1422","2020-06-02",51,16,149,105,5766,0.914325355532432,8385,32295,318,708,16,4148,23,2655,9,23
"1423","2020-06-03",47,16,147,95,5766,0.914325355532432,8385,32295,318,708,23,4171,38,2693,13,38
"1424","2020-06-04",45,16,130,89,5766,0.914325355532432,8385,32295,318,708,20,4191,26,2719,9,26
"1425","2020-06-05",45,16,130,89,5766,0.914325355532432,8385,32295,318,708,16,4207,25,2744,12,25
"1426","2020-06-06",41,16,125,86,5766,0.914325355532432,8385,32295,318,708,17,4224,14,2758,12,14
"1427","2020-06-07",35,16,111,75,5766,0.914325355532432,8385,32295,318,708,23,4247,20,2778,15,20
"1428","2020-03-07",1,17,0,0,4677,0.765234124438743,8280,30674,307,650,NA,NA,NA,NA,NA,NA
"1429","2020-03-08",1,17,0,0,4677,0.765234124438743,8280,30674,307,650,NA,NA,NA,NA,NA,NA
"1430","2020-03-09",0,17,0,0,4677,0.765234124438743,8280,30674,307,650,NA,NA,NA,NA,NA,NA
"1431","2020-03-10",0,17,0,0,4677,0.765234124438743,8280,30674,307,650,NA,NA,2,2,NA,2
"1432","2020-03-11",0,17,0,0,4677,0.765234124438743,8280,30674,307,650,7,7,13,15,2,13
"1433","2020-03-12",0,17,0,0,4677,0.765234124438743,8280,30674,307,650,5,12,7,22,2,7
"1434","2020-03-13",1,17,59,44,4677,0.765234124438743,8280,30674,307,650,6,18,9,31,5,9
"1435","2020-03-14",10,17,67,58,4677,0.765234124438743,8280,30674,307,650,5,23,5,36,4,5
"1436","2020-03-15",10,17,58,76,4677,0.765234124438743,8280,30674,307,650,4,27,2,38,4,2
"1437","2020-03-16",10,17,54,94,4677,0.765234124438743,8280,30674,307,650,9,36,14,52,6,14
"1438","2020-03-17",13,17,64,123,4677,0.765234124438743,8280,30674,307,650,21,57,13,65,18,13
"1439","2020-03-18",19,17,71,142,4677,0.765234124438743,8280,30674,307,650,13,70,10,75,10,10
"1440","2020-03-19",23,17,75,169,4677,0.765234124438743,8280,30674,307,650,19,89,5,80,15,5
"1441","2020-03-20",31,17,85,205,4677,0.765234124438743,8280,30674,307,650,25,114,18,98,23,18
"1442","2020-03-21",40,17,80,236,4677,0.765234124438743,8280,30674,307,650,20,134,11,109,19,11
"1443","2020-03-22",60,17,72,267,4677,0.765234124438743,8280,30674,307,650,22,156,9,118,20,9
"1444","2020-03-23",70,17,69,298,4677,0.765234124438743,8280,30674,307,650,31,187,8,126,28,8
"1445","2020-03-24",76,17,56,323,4677,0.765234124438743,8280,30674,307,650,32,219,7,133,29,7
"1446","2020-03-25",84,17,70,359,4677,0.765234124438743,8280,30674,307,650,28,247,6,139,27,6
"1447","2020-03-26",87,17,86,384,4677,0.765234124438743,8280,30674,307,650,35,282,3,142,32,3
"1448","2020-03-27",107,17,98,418,4677,0.765234124438743,8280,30674,307,650,50,332,14,156,49,14
"1449","2020-03-28",121,17,122,425,4677,0.765234124438743,8280,30674,307,650,55,387,10,166,48,10
"1450","2020-03-29",128,17,144,453,4677,0.765234124438743,8280,30674,307,650,46,433,7,173,41,7
"1451","2020-03-30",131,17,140,478,4677,0.765234124438743,8280,30674,307,650,54,487,11,184,50,11
"1452","2020-03-31",138,17,131,507,4677,0.765234124438743,8280,30674,307,650,79,566,16,200,74,16
"1453","2020-04-01",138,17,136,520,4677,0.765234124438743,8280,30674,307,650,79,645,25,225,78,25
"1454","2020-04-02",141,17,163,558,4677,0.765234124438743,8280,30674,307,650,66,711,22,247,62,22
"1455","2020-04-03",164,17,160,598,4677,0.765234124438743,8280,30674,307,650,79,790,14,261,78,14
"1456","2020-04-04",178,17,147,628,4677,0.765234124438743,8280,30674,307,650,95,885,5,266,92,5
"1457","2020-04-05",184,17,124,650,4677,0.765234124438743,8280,30674,307,650,110,995,19,285,105,19
"1458","2020-04-06",182,17,105,683,4677,0.765234124438743,8280,30674,307,650,111,1106,7,292,108,7
"1459","2020-04-07",175,17,88,708,4677,0.765234124438743,8280,30674,307,650,107,1213,11,303,101,11
"1460","2020-04-08",184,17,73,735,4677,0.765234124438743,8280,30674,307,650,101,1314,23,326,96,23
"1461","2020-04-09",202,17,73,767,4677,0.765234124438743,8280,30674,307,650,128,1442,31,357,125,31
"1462","2020-04-10",266,17,72,802,4677,0.765234124438743,8280,30674,307,650,150,1592,16,373,144,16
"1463","2020-04-11",259,17,97,837,4677,0.765234124438743,8280,30674,307,650,146,1738,28,401,141,28
"1464","2020-04-12",234,17,96,858,4677,0.765234124438743,8280,30674,307,650,143,1881,22,423,141,22
"1465","2020-04-13",238,17,95,889,4677,0.765234124438743,8280,30674,307,650,124,2005,39,462,118,39
"1466","2020-04-14",241,17,96,917,4677,0.765234124438743,8280,30674,307,650,160,2165,33,495,157,33
"1467","2020-04-15",248,17,93,944,4677,0.765234124438743,8280,30674,307,650,156,2321,16,511,152,16
"1468","2020-04-16",250,17,123,950,4677,0.765234124438743,8280,30674,307,650,154,2475,18,529,152,18
"1469","2020-04-17",271,17,135,968,4677,0.765234124438743,8280,30674,307,650,166,2641,21,550,162,21
"1470","2020-04-18",322,17,128,998,4677,0.765234124438743,8280,30674,307,650,173,2814,14,564,170,14
"1471","2020-04-19",332,17,121,1036,4677,0.765234124438743,8280,30674,307,650,135,2949,17,581,133,17
"1472","2020-04-20",336,17,114,1028,4677,0.765234124438743,8280,30674,307,650,187,3136,27,608,184,27
"1473","2020-04-21",344,17,141,1029,4677,0.765234124438743,8280,30674,307,650,154,3290,30,638,150,30
"1474","2020-04-22",348,17,154,1037,4677,0.765234124438743,8280,30674,307,650,139,3429,29,667,139,29
"1475","2020-04-23",369,17,157,1048,4677,0.765234124438743,8280,30674,307,650,110,3539,18,685,108,18
"1476","2020-04-24",405,17,143,1042,4677,0.765234124438743,8280,30674,307,650,157,3696,28,713,156,28
"1477","2020-04-25",380,17,157,1038,4677,0.765234124438743,8280,30674,307,650,144,3840,18,731,138,18
"1478","2020-04-26",347,17,175,1017,4677,0.765234124438743,8280,30674,307,650,128,3968,5,736,127,5
"1479","2020-04-27",336,17,200,1006,4677,0.765234124438743,8280,30674,307,650,121,4089,5,741,121,5
"1480","2020-04-28",330,17,194,1021,4677,0.765234124438743,8280,30674,307,650,115,4204,24,765,111,24
"1481","2020-04-29",326,17,183,1018,4677,0.765234124438743,8280,30674,307,650,117,4321,16,781,116,16
"1482","2020-04-30",305,17,171,967,4677,0.765234124438743,8280,30674,307,650,109,4430,8,789,108,8
"1483","2020-05-01",319,17,155,948,4677,0.765234124438743,8280,30674,307,650,92,4522,27,816,87,27
"1484","2020-05-02",314,17,161,915,4677,0.765234124438743,8280,30674,307,650,93,4615,18,834,90,18
"1485","2020-05-03",311,17,151,876,4677,0.765234124438743,8280,30674,307,650,97,4712,13,847,94,13
"1486","2020-05-04",309,17,158,858,4677,0.765234124438743,8280,30674,307,650,97,4809,24,871,95,24
"1487","2020-05-05",298,17,135,815,4677,0.765234124438743,8280,30674,307,650,76,4885,17,888,71,17
"1488","2020-05-06",300,17,140,767,4677,0.765234124438743,8280,30674,307,650,80,4965,11,899,78,11
"1489","2020-05-07",293,17,147,732,4677,0.765234124438743,8280,30674,307,650,73,5038,24,923,71,24
"1490","2020-05-08",294,17,144,702,4677,0.765234124438743,8280,30674,307,650,69,5107,8,931,66,8
"1491","2020-05-09",297,17,156,648,4677,0.765234124438743,8280,30674,307,650,51,5158,10,941,49,10
"1492","2020-05-10",257,17,167,633,4677,0.765234124438743,8280,30674,307,650,69,5227,4,945,67,4
"1493","2020-05-11",239,17,166,594,4677,0.765234124438743,8280,30674,307,650,38,5265,2,947,38,2
"1494","2020-05-12",232,17,152,567,4677,0.765234124438743,8280,30674,307,650,27,5292,5,952,26,5
"1495","2020-05-13",220,17,133,527,4677,0.765234124438743,8280,30674,307,650,53,5345,20,972,52,20
"1496","2020-05-14",209,17,122,492,4677,0.765234124438743,8280,30674,307,650,27,5372,17,989,25,17
"1497","2020-05-15",173,17,118,469,4677,0.765234124438743,8280,30674,307,650,17,5389,15,1004,17,15
"1498","2020-05-16",172,17,106,449,4677,0.765234124438743,8280,30674,307,650,28,5417,7,1011,26,7
"1499","2020-05-17",151,17,121,426,4677,0.765234124438743,8280,30674,307,650,31,5448,8,1019,28,8
"1500","2020-05-18",149,17,131,416,4677,0.765234124438743,8280,30674,307,650,23,5471,27,1046,22,27
"1501","2020-05-19",130,17,154,392,4677,0.765234124438743,8280,30674,307,650,24,5495,16,1062,24,16
"1502","2020-05-20",129,17,171,381,4677,0.765234124438743,8280,30674,307,650,15,5510,9,1071,13,9
"1503","2020-05-21",132,17,170,365,4677,0.765234124438743,8280,30674,307,650,17,5527,13,1084,15,13
"1504","2020-05-22",128,17,161,351,4677,0.765234124438743,8280,30674,307,650,17,5544,7,1091,15,7
"1505","2020-05-23",129,17,148,342,4677,0.765234124438743,8280,30674,307,650,12,5556,7,1098,12,7
"1506","2020-05-24",125,17,141,337,4677,0.765234124438743,8280,30674,307,650,10,5566,9,1107,9,9
"1507","2020-05-25",106,17,128,330,4677,0.765234124438743,8280,30674,307,650,20,5586,7,1114,17,7
"1508","2020-05-26",111,17,110,317,4677,0.765234124438743,8280,30674,307,650,16,5602,9,1123,15,9
"1509","2020-05-27",105,17,92,304,4677,0.765234124438743,8280,30674,307,650,11,5613,12,1135,9,12
"1510","2020-05-28",101,17,78,291,4677,0.765234124438743,8280,30674,307,650,11,5624,10,1145,10,10
"1511","2020-05-29",104,17,69,275,4677,0.765234124438743,8280,30674,307,650,8,5632,7,1152,7,7
"1512","2020-05-30",99,17,71,263,4677,0.765234124438743,8280,30674,307,650,9,5641,5,1157,9,5
"1513","2020-05-31",96,17,74,243,4677,0.765234124438743,8280,30674,307,650,4,5645,6,1163,3,6
"1514","2020-06-01",94,17,70,232,4677,0.765234124438743,8280,30674,307,650,9,5654,17,1180,6,17
"1515","2020-06-02",88,17,65,220,4677,0.765234124438743,8280,30674,307,650,3,5657,18,1198,2,18
"1516","2020-06-03",80,17,75,215,4677,0.765234124438743,8280,30674,307,650,6,5663,12,1210,6,12
"1517","2020-06-04",78,17,75,199,4677,0.765234124438743,8280,30674,307,650,2,5665,12,1222,2,12
"1518","2020-06-05",75,17,71,186,4677,0.765234124438743,8280,30674,307,650,5,5670,13,1235,4,13
"1519","2020-06-06",70,17,80,178,4677,0.765234124438743,8280,30674,307,650,4,5674,12,1247,4,12
"1520","2020-06-07",61,17,74,169,4677,0.765234124438743,8280,30674,307,650,2,5676,13,1260,2,13
"1521","2020-03-12",1,18,54,20,5156,0.895267649340574,8205,31459,292,690,6,10,16,20,NA,16
"1522","2020-03-13",3,18,70,26,5156,0.895267649340574,8205,31459,292,690,7,17,5,25,2,5
"1523","2020-03-14",8,18,85,36,5156,0.895267649340574,8205,31459,292,690,9,26,16,41,3,16
"1524","2020-03-15",8,18,74,45,5156,0.895267649340574,8205,31459,292,690,11,37,9,50,5,9
"1525","2020-03-16",5,18,79,60,5156,0.895267649340574,8205,31459,292,690,12,49,9,59,10,9
"1526","2020-03-17",6,18,74,68,5156,0.895267649340574,8205,31459,292,690,16,65,3,62,10,3
"1527","2020-03-18",10,18,82,81,5156,0.895267649340574,8205,31459,292,690,17,82,5,67,13,5
"1528","2020-03-19",13,18,91,96,5156,0.895267649340574,8205,31459,292,690,20,102,12,79,17,12
"1529","2020-03-20",18,18,78,121,5156,0.895267649340574,8205,31459,292,690,24,126,9,88,20,9
"1530","2020-03-21",31,18,74,135,5156,0.895267649340574,8205,31459,292,690,30,156,19,107,27,19
"1531","2020-03-22",32,18,89,152,5156,0.895267649340574,8205,31459,292,690,29,185,8,115,25,8
"1532","2020-03-23",32,18,89,180,5156,0.895267649340574,8205,31459,292,690,32,217,4,119,28,4
"1533","2020-03-24",34,18,115,203,5156,0.895267649340574,8205,31459,292,690,43,260,11,130,37,11
"1534","2020-03-25",36,18,136,224,5156,0.895267649340574,8205,31459,292,690,40,300,4,134,36,4
"1535","2020-03-26",38,18,149,241,5156,0.895267649340574,8205,31459,292,690,47,347,13,147,45,13
"1536","2020-03-27",51,18,167,266,5156,0.895267649340574,8205,31459,292,690,37,384,14,161,34,14
"1537","2020-03-28",60,18,156,295,5156,0.895267649340574,8205,31459,292,690,53,437,25,186,49,25
"1538","2020-03-29",71,18,126,340,5156,0.895267649340574,8205,31459,292,690,58,495,8,194,55,8
"1539","2020-03-30",75,18,113,378,5156,0.895267649340574,8205,31459,292,690,67,562,7,201,62,7
"1540","2020-03-31",84,18,96,429,5156,0.895267649340574,8205,31459,292,690,75,637,24,225,69,24
"1541","2020-04-01",93,18,87,464,5156,0.895267649340574,8205,31459,292,690,81,718,23,248,78,23
"1542","2020-04-02",107,18,87,500,5156,0.895267649340574,8205,31459,292,690,108,826,27,275,105,27
"1543","2020-04-03",143,18,105,556,5156,0.895267649340574,8205,31459,292,690,130,956,23,298,124,23
"1544","2020-04-04",140,18,115,618,5156,0.895267649340574,8205,31459,292,690,99,1055,16,314,96,16
"1545","2020-04-05",179,18,141,638,5156,0.895267649340574,8205,31459,292,690,105,1160,16,330,95,16
"1546","2020-04-06",189,18,138,664,5156,0.895267649340574,8205,31459,292,690,128,1288,24,354,125,24
"1547","2020-04-07",188,18,151,706,5156,0.895267649340574,8205,31459,292,690,150,1438,15,369,147,15
"1548","2020-04-08",196,18,146,748,5156,0.895267649340574,8205,31459,292,690,167,1605,20,389,162,20
"1549","2020-04-09",198,18,168,784,5156,0.895267649340574,8205,31459,292,690,155,1760,16,405,151,16
"1550","2020-04-10",245,18,167,823,5156,0.895267649340574,8205,31459,292,690,169,1929,15,420,163,15
"1551","2020-04-11",277,18,157,858,5156,0.895267649340574,8205,31459,292,690,148,2077,16,436,143,16
"1552","2020-04-12",244,18,134,917,5156,0.895267649340574,8205,31459,292,690,181,2258,15,451,180,15
"1553","2020-04-13",256,18,122,925,5156,0.895267649340574,8205,31459,292,690,152,2410,30,481,150,30
"1554","2020-04-14",260,18,121,985,5156,0.895267649340574,8205,31459,292,690,200,2610,36,517,196,36
"1555","2020-04-15",276,18,160,1011,5156,0.895267649340574,8205,31459,292,690,151,2761,42,559,148,42
"1556","2020-04-16",288,18,150,1066,5156,0.895267649340574,8205,31459,292,690,161,2922,39,598,159,39
"1557","2020-04-17",321,18,150,1115,5156,0.895267649340574,8205,31459,292,690,143,3065,24,622,141,24
"1558","2020-04-18",349,18,146,1142,5156,0.895267649340574,8205,31459,292,690,172,3237,20,642,168,20
"1559","2020-04-19",366,18,157,1171,5156,0.895267649340574,8205,31459,292,690,159,3396,21,663,156,21
"1560","2020-04-20",360,18,169,1205,5156,0.895267649340574,8205,31459,292,690,170,3566,23,686,163,23
"1561","2020-04-21",365,18,165,1251,5156,0.895267649340574,8205,31459,292,690,163,3729,13,699,160,13
"1562","2020-04-22",379,18,185,1265,5156,0.895267649340574,8205,31459,292,690,155,3884,19,718,152,19
"1563","2020-04-23",398,18,176,1305,5156,0.895267649340574,8205,31459,292,690,150,4034,34,752,148,34
"1564","2020-04-24",441,18,149,1289,5156,0.895267649340574,8205,31459,292,690,130,4164,34,786,127,34
"1565","2020-04-25",454,18,169,1288,5156,0.895267649340574,8205,31459,292,690,113,4277,17,803,110,17
"1566","2020-04-26",452,18,196,1269,5156,0.895267649340574,8205,31459,292,690,121,4398,26,829,118,26
"1567","2020-04-27",456,18,195,1243,5156,0.895267649340574,8205,31459,292,690,93,4491,36,865,88,36
"1568","2020-04-28",455,18,185,1231,5156,0.895267649340574,8205,31459,292,690,90,4581,15,880,87,15
"1569","2020-04-29",440,18,175,1227,5156,0.895267649340574,8205,31459,292,690,87,4668,17,897,85,17
"1570","2020-04-30",425,18,170,1216,5156,0.895267649340574,8205,31459,292,690,80,4748,14,911,76,14
"1571","2020-05-01",459,18,150,1196,5156,0.895267649340574,8205,31459,292,690,74,4822,13,924,73,13
"1572","2020-05-02",442,18,151,1175,5156,0.895267649340574,8205,31459,292,690,56,4878,26,950,54,26
"1573","2020-05-03",381,18,151,1155,5156,0.895267649340574,8205,31459,292,690,53,4931,35,985,53,35
"1574","2020-05-04",365,18,155,1145,5156,0.895267649340574,8205,31459,292,690,68,4999,24,1009,68,24
"1575","2020-05-05",360,18,156,1098,5156,0.895267649340574,8205,31459,292,690,51,5050,12,1021,50,12
"1576","2020-05-06",358,18,146,1076,5156,0.895267649340574,8205,31459,292,690,40,5090,35,1056,40,35
"1577","2020-05-07",354,18,163,1056,5156,0.895267649340574,8205,31459,292,690,38,5128,34,1090,35,34
"1578","2020-05-08",363,18,166,1028,5156,0.895267649340574,8205,31459,292,690,42,5170,30,1120,41,30
"1579","2020-05-09",374,18,183,973,5156,0.895267649340574,8205,31459,292,690,47,5217,43,1163,44,43
"1580","2020-05-10",360,18,163,947,5156,0.895267649340574,8205,31459,292,690,36,5253,30,1193,34,30
"1581","2020-05-11",361,18,183,891,5156,0.895267649340574,8205,31459,292,690,34,5287,19,1212,34,19
"1582","2020-05-12",332,18,198,828,5156,0.895267649340574,8205,31459,292,690,26,5313,29,1241,24,29
"1583","2020-05-13",320,18,193,780,5156,0.895267649340574,8205,31459,292,690,27,5340,19,1260,26,19
"1584","2020-05-14",315,18,177,738,5156,0.895267649340574,8205,31459,292,690,27,5367,26,1286,26,26
"1585","2020-05-15",278,18,188,688,5156,0.895267649340574,8205,31459,292,690,21,5388,28,1314,16,28
"1586","2020-05-16",250,18,200,631,5156,0.895267649340574,8205,31459,292,690,21,5409,17,1331,20,17
"1587","2020-05-17",230,18,185,588,5156,0.895267649340574,8205,31459,292,690,18,5427,19,1350,17,19
"1588","2020-05-18",199,18,178,550,5156,0.895267649340574,8205,31459,292,690,13,5440,15,1365,13,15
"1589","2020-05-19",195,18,159,507,5156,0.895267649340574,8205,31459,292,690,17,5457,20,1385,13,20
"1590","2020-05-20",195,18,165,463,5156,0.895267649340574,8205,31459,292,690,19,5476,13,1398,18,13
"1591","2020-05-21",187,18,176,438,5156,0.895267649340574,8205,31459,292,690,16,5492,10,1408,14,10
"1592","2020-05-22",157,18,166,411,5156,0.895267649340574,8205,31459,292,690,15,5507,6,1414,11,6
"1593","2020-05-23",162,18,175,393,5156,0.895267649340574,8205,31459,292,690,11,5518,16,1430,10,16
"1594","2020-05-24",149,18,166,362,5156,0.895267649340574,8205,31459,292,690,8,5526,20,1450,4,20
"1595","2020-05-25",142,18,150,326,5156,0.895267649340574,8205,31459,292,690,4,5530,24,1474,4,24
"1596","2020-05-26",141,18,130,304,5156,0.895267649340574,8205,31459,292,690,12,5542,19,1493,11,19
"1597","2020-05-27",127,18,130,273,5156,0.895267649340574,8205,31459,292,690,10,5552,20,1513,8,20
"1598","2020-05-28",113,18,125,255,5156,0.895267649340574,8205,31459,292,690,9,5561,19,1532,7,19
"1599","2020-05-29",114,18,117,233,5156,0.895267649340574,8205,31459,292,690,10,5571,14,1546,6,14
"1600","2020-05-30",99,18,107,223,5156,0.895267649340574,8205,31459,292,690,7,5578,2,1548,7,2
"1601","2020-05-31",84,18,97,205,5156,0.895267649340574,8205,31459,292,690,9,5587,3,1551,9,3
"1602","2020-06-01",83,18,92,198,5156,0.895267649340574,8205,31459,292,690,NA,NA,3,1554,NA,3
"1603","2020-06-02",78,18,79,175,5156,0.895267649340574,8205,31459,292,690,3,5590,4,1558,2,4
"1604","2020-06-03",71,18,73,160,5156,0.895267649340574,8205,31459,292,690,6,5596,8,1566,3,8
"1605","2020-06-04",76,18,67,151,5156,0.895267649340574,8205,31459,292,690,5,5601,9,1575,5,9
"1606","2020-06-05",64,18,60,132,5156,0.895267649340574,8205,31459,292,690,4,5605,19,1594,4,19
"1607","2020-06-06",60,18,47,112,5156,0.895267649340574,8205,31459,292,690,1,5606,5,1599,1,5
"1608","2020-06-07",58,18,62,104,5156,0.895267649340574,8205,31459,292,690,3,5609,6,1605,3,6
"1609","2020-03-12",1,19,24,30,3319,0.609520940042181,8535,25593,220,409,21,36,8,13,NA,8
"1610","2020-03-13",2,19,27,44,3319,0.609520940042181,8535,25593,220,409,18,54,2,15,6,2
"1611","2020-03-14",9,19,35,62,3319,0.609520940042181,8535,25593,220,409,22,76,3,18,7,3
"1612","2020-03-15",10,19,28,84,3319,0.609520940042181,8535,25593,220,409,27,103,17,35,9,17
"1613","2020-03-16",13,19,28,101,3319,0.609520940042181,8535,25593,220,409,25,128,8,43,10,8
"1614","2020-03-17",15,19,40,117,3319,0.609520940042181,8535,25593,220,409,41,169,3,46,26,3
"1615","2020-03-18",16,19,39,131,3319,0.609520940042181,8535,25593,220,409,33,202,4,50,19,4
"1616","2020-03-19",20,19,36,143,3319,0.609520940042181,8535,25593,220,409,42,244,8,58,28,8
"1617","2020-03-20",24,19,30,179,3319,0.609520940042181,8535,25593,220,409,51,295,14,72,39,14
"1618","2020-03-21",28,19,36,197,3319,0.609520940042181,8535,25593,220,409,54,349,18,90,40,18
"1619","2020-03-22",41,19,37,228,3319,0.609520940042181,8535,25593,220,409,68,417,21,111,54,21
"1620","2020-03-23",56,19,42,248,3319,0.609520940042181,8535,25593,220,409,63,480,21,132,52,21
"1621","2020-03-24",62,19,65,269,3319,0.609520940042181,8535,25593,220,409,58,538,27,159,44,27
"1622","2020-03-25",80,19,62,299,3319,0.609520940042181,8535,25593,220,409,87,625,24,183,73,24
"1623","2020-03-26",83,19,61,316,3319,0.609520940042181,8535,25593,220,409,102,727,13,196,80,13
"1624","2020-03-27",107,19,64,336,3319,0.609520940042181,8535,25593,220,409,105,832,6,202,94,6
"1625","2020-03-28",110,19,65,369,3319,0.609520940042181,8535,25593,220,409,127,959,9,211,108,9
"1626","2020-03-29",127,19,72,384,3319,0.609520940042181,8535,25593,220,409,110,1069,7,218,93,7
"1627","2020-03-30",126,19,88,402,3319,0.609520940042181,8535,25593,220,409,96,1165,14,232,85,14
"1628","2020-03-31",118,19,102,417,3319,0.609520940042181,8535,25593,220,409,142,1307,19,251,120,19
"1629","2020-04-01",111,19,113,419,3319,0.609520940042181,8535,25593,220,409,126,1433,20,271,115,20
"1630","2020-04-02",119,19,118,437,3319,0.609520940042181,8535,25593,220,409,124,1557,23,294,107,23
"1631","2020-04-03",133,19,111,459,3319,0.609520940042181,8535,25593,220,409,155,1712,14,308,146,14
"1632","2020-04-04",136,19,116,480,3319,0.609520940042181,8535,25593,220,409,149,1861,20,328,129,20
"1633","2020-04-05",124,19,113,476,3319,0.609520940042181,8535,25593,220,409,164,2025,26,354,148,26
"1634","2020-04-06",120,19,109,511,3319,0.609520940042181,8535,25593,220,409,165,2190,13,367,150,13
"1635","2020-04-07",130,19,97,537,3319,0.609520940042181,8535,25593,220,409,152,2342,27,394,137,27
"1636","2020-04-08",139,19,103,551,3319,0.609520940042181,8535,25593,220,409,170,2512,23,417,148,23
"1637","2020-04-09",140,19,97,555,3319,0.609520940042181,8535,25593,220,409,157,2669,29,446,140,29
"1638","2020-04-10",165,19,108,565,3319,0.609520940042181,8535,25593,220,409,173,2842,24,470,158,24
"1639","2020-04-11",196,19,117,575,3319,0.609520940042181,8535,25593,220,409,138,2980,12,482,124,12
"1640","2020-04-12",194,19,125,584,3319,0.609520940042181,8535,25593,220,409,155,3135,18,500,146,18
"1641","2020-04-13",192,19,111,615,3319,0.609520940042181,8535,25593,220,409,138,3273,22,522,127,22
"1642","2020-04-14",188,19,93,629,3319,0.609520940042181,8535,25593,220,409,128,3401,14,536,113,14
"1643","2020-04-15",189,19,85,613,3319,0.609520940042181,8535,25593,220,409,140,3541,11,547,130,11
"1644","2020-04-16",199,19,76,608,3319,0.609520940042181,8535,25593,220,409,137,3678,13,560,130,13
"1645","2020-04-17",206,19,79,604,3319,0.609520940042181,8535,25593,220,409,116,3794,19,579,108,19
"1646","2020-04-18",197,19,86,604,3319,0.609520940042181,8535,25593,220,409,137,3931,43,622,122,43
"1647","2020-04-19",185,19,94,594,3319,0.609520940042181,8535,25593,220,409,124,4055,36,658,110,36
"1648","2020-04-20",184,19,112,582,3319,0.609520940042181,8535,25593,220,409,104,4159,44,702,89,44
"1649","2020-04-21",184,19,101,574,3319,0.609520940042181,8535,25593,220,409,88,4247,18,720,77,18
"1650","2020-04-22",181,19,76,557,3319,0.609520940042181,8535,25593,220,409,110,4357,12,732,101,12
"1651","2020-04-23",176,19,76,546,3319,0.609520940042181,8535,25593,220,409,92,4449,9,741,82,9
"1652","2020-04-24",167,19,97,537,3319,0.609520940042181,8535,25593,220,409,85,4534,31,772,72,31
"1653","2020-04-25",174,19,105,522,3319,0.609520940042181,8535,25593,220,409,59,4593,29,801,54,29
"1654","2020-04-26",181,19,113,513,3319,0.609520940042181,8535,25593,220,409,71,4664,50,851,64,50
"1655","2020-04-27",179,19,115,519,3319,0.609520940042181,8535,25593,220,409,68,4732,37,888,58,37
"1656","2020-04-28",184,19,110,521,3319,0.609520940042181,8535,25593,220,409,57,4789,33,921,49,33
"1657","2020-04-29",187,19,99,521,3319,0.609520940042181,8535,25593,220,409,52,4841,25,946,40,25
"1658","2020-04-30",189,19,99,527,3319,0.609520940042181,8535,25593,220,409,61,4902,50,996,46,50
"1659","2020-05-01",181,19,105,514,3319,0.609520940042181,8535,25593,220,409,57,4959,64,1060,49,64
"1660","2020-05-02",184,19,100,495,3319,0.609520940042181,8535,25593,220,409,45,5004,31,1091,30,31
"1661","2020-05-03",184,19,91,493,3319,0.609520940042181,8535,25593,220,409,42,5046,21,1112,32,21
"1662","2020-05-04",174,19,92,485,3319,0.609520940042181,8535,25593,220,409,35,5081,30,1142,26,30
"1663","2020-05-05",158,19,84,483,3319,0.609520940042181,8535,25593,220,409,47,5128,26,1168,41,26
"1664","2020-05-06",152,19,100,465,3319,0.609520940042181,8535,25593,220,409,30,5158,18,1186,24,18
"1665","2020-05-07",144,19,101,454,3319,0.609520940042181,8535,25593,220,409,42,5200,31,1217,31,31
"1666","2020-05-08",151,19,87,431,3319,0.609520940042181,8535,25593,220,409,26,5226,42,1259,19,42
"1667","2020-05-09",145,19,87,420,3319,0.609520940042181,8535,25593,220,409,25,5251,21,1280,19,21
"1668","2020-05-10",143,19,73,420,3319,0.609520940042181,8535,25593,220,409,24,5275,24,1304,21,24
"1669","2020-05-11",139,19,66,408,3319,0.609520940042181,8535,25593,220,409,23,5298,42,1346,17,42
"1670","2020-05-12",142,19,60,396,3319,0.609520940042181,8535,25593,220,409,24,5322,41,1387,19,41
"1671","2020-05-13",143,19,66,388,3319,0.609520940042181,8535,25593,220,409,22,5344,17,1404,19,17
"1672","2020-05-14",142,19,70,391,3319,0.609520940042181,8535,25593,220,409,24,5368,36,1440,14,36
"1673","2020-05-15",151,19,64,382,3319,0.609520940042181,8535,25593,220,409,22,5390,36,1476,13,36
"1674","2020-05-16",151,19,65,370,3319,0.609520940042181,8535,25593,220,409,26,5416,35,1511,17,35
"1675","2020-05-17",138,19,58,371,3319,0.609520940042181,8535,25593,220,409,24,5440,37,1548,20,37
"1676","2020-05-18",133,19,49,368,3319,0.609520940042181,8535,25593,220,409,18,5458,39,1587,14,39
"1677","2020-05-19",121,19,45,366,3319,0.609520940042181,8535,25593,220,409,25,5483,31,1618,14,31
"1678","2020-05-20",117,19,60,365,3319,0.609520940042181,8535,25593,220,409,21,5504,19,1637,16,19
"1679","2020-05-21",118,19,67,362,3319,0.609520940042181,8535,25593,220,409,22,5526,17,1654,14,17
"1680","2020-05-22",119,19,73,354,3319,0.609520940042181,8535,25593,220,409,17,5543,7,1661,14,7
"1681","2020-05-23",116,19,77,360,3319,0.609520940042181,8535,25593,220,409,14,5557,9,1670,8,9
"1682","2020-05-24",126,19,89,364,3319,0.609520940042181,8535,25593,220,409,22,5579,3,1673,17,3
"1683","2020-05-25",127,19,97,343,3319,0.609520940042181,8535,25593,220,409,21,5600,8,1681,12,8
"1684","2020-05-26",122,19,110,353,3319,0.609520940042181,8535,25593,220,409,8,5608,5,1686,5,5
"1685","2020-05-27",124,19,122,341,3319,0.609520940042181,8535,25593,220,409,8,5616,26,1712,7,26
"1686","2020-05-28",125,19,114,322,3319,0.609520940042181,8535,25593,220,409,9,5625,15,1727,6,15
"1687","2020-05-29",128,19,117,306,3319,0.609520940042181,8535,25593,220,409,5,5630,11,1738,4,11
"1688","2020-05-30",122,19,92,292,3319,0.609520940042181,8535,25593,220,409,10,5640,17,1755,7,17
"1689","2020-05-31",109,19,89,271,3319,0.609520940042181,8535,25593,220,409,10,5650,10,1765,6,10
"1690","2020-06-01",106,19,83,262,3319,0.609520940042181,8535,25593,220,409,6,5656,14,1779,3,14
"1691","2020-06-02",103,19,81,248,3319,0.609520940042181,8535,25593,220,409,9,5665,8,1787,7,8
"1692","2020-06-03",97,19,78,227,3319,0.609520940042181,8535,25593,220,409,4,5669,10,1797,1,10
"1693","2020-06-04",91,19,72,219,3319,0.609520940042181,8535,25593,220,409,2,5671,19,1816,1,19
"1694","2020-06-05",79,19,62,209,3319,0.609520940042181,8535,25593,220,409,13,5684,14,1830,5,14
"1695","2020-06-06",83,19,60,205,3319,0.609520940042181,8535,25593,220,409,8,5692,19,1849,3,19
"1696","2020-06-07",76,19,56,196,3319,0.609520940042181,8535,25593,220,409,3,5695,14,1863,NA,14
"1697","2020-03-08",1,20,0,0,5454,0.953795379537954,8295,32626,303,630,NA,NA,NA,NA,NA,NA
"1698","2020-03-09",1,20,0,0,5454,0.953795379537954,8295,32626,303,630,NA,NA,NA,NA,NA,NA
"1699","2020-03-10",0,20,0,0,5454,0.953795379537954,8295,32626,303,630,NA,NA,1,1,NA,1
"1700","2020-03-11",0,20,0,0,5454,0.953795379537954,8295,32626,303,630,6,6,3,4,NA,3
"1701","2020-03-12",0,20,0,0,5454,0.953795379537954,8295,32626,303,630,6,12,6,10,NA,6
"1702","2020-03-13",3,20,43,16,5454,0.953795379537954,8295,32626,303,630,2,14,4,14,NA,4
"1703","2020-03-14",3,20,54,23,5454,0.953795379537954,8295,32626,303,630,7,21,8,22,3,8
"1704","2020-03-15",1,20,52,30,5454,0.953795379537954,8295,32626,303,630,9,30,5,27,6,5
"1705","2020-03-16",1,20,46,46,5454,0.953795379537954,8295,32626,303,630,9,39,13,40,6,13
"1706","2020-03-17",2,20,38,62,5454,0.953795379537954,8295,32626,303,630,10,49,7,47,5,7
"1707","2020-03-18",4,20,57,67,5454,0.953795379537954,8295,32626,303,630,9,58,12,59,7,12
"1708","2020-03-19",7,20,69,83,5454,0.953795379537954,8295,32626,303,630,11,69,11,70,4,11
"1709","2020-03-20",9,20,71,97,5454,0.953795379537954,8295,32626,303,630,14,83,9,79,9,9
"1710","2020-03-21",22,20,77,116,5454,0.953795379537954,8295,32626,303,630,16,99,7,86,13,7
"1711","2020-03-22",26,20,76,140,5454,0.953795379537954,8295,32626,303,630,17,116,15,101,12,15
"1712","2020-03-23",29,20,73,156,5454,0.953795379537954,8295,32626,303,630,28,144,11,112,26,11
"1713","2020-03-24",31,20,71,182,5454,0.953795379537954,8295,32626,303,630,19,163,5,117,16,5
"1714","2020-03-25",35,20,90,216,5454,0.953795379537954,8295,32626,303,630,37,200,21,138,33,21
"1715","2020-03-26",39,20,116,244,5454,0.953795379537954,8295,32626,303,630,43,243,12,150,37,12
"1716","2020-03-27",51,20,135,278,5454,0.953795379537954,8295,32626,303,630,51,294,24,174,40,24
"1717","2020-03-28",57,20,121,309,5454,0.953795379537954,8295,32626,303,630,37,331,10,184,31,10
"1718","2020-03-29",70,20,122,333,5454,0.953795379537954,8295,32626,303,630,63,394,24,208,54,24
"1719","2020-03-30",80,20,140,382,5454,0.953795379537954,8295,32626,303,630,43,437,29,237,38,29
"1720","2020-03-31",82,20,123,425,5454,0.953795379537954,8295,32626,303,630,68,505,25,262,62,25
"1721","2020-04-01",87,20,145,463,5454,0.953795379537954,8295,32626,303,630,81,586,19,281,75,19
"1722","2020-04-02",99,20,123,530,5454,0.953795379537954,8295,32626,303,630,100,686,30,311,88,30
"1723","2020-04-03",132,20,100,580,5454,0.953795379537954,8295,32626,303,630,61,747,19,330,54,19
"1724","2020-04-04",165,20,111,636,5454,0.953795379537954,8295,32626,303,630,73,820,23,353,67,23
"1725","2020-04-05",170,20,106,694,5454,0.953795379537954,8295,32626,303,630,108,928,24,377,104,24
"1726","2020-04-06",154,20,107,705,5454,0.953795379537954,8295,32626,303,630,108,1036,19,396,99,19
"1727","2020-04-07",176,20,120,779,5454,0.953795379537954,8295,32626,303,630,97,1133,27,423,90,27
"1728","2020-04-08",188,20,145,801,5454,0.953795379537954,8295,32626,303,630,116,1249,22,445,102,22
"1729","2020-04-09",206,20,147,861,5454,0.953795379537954,8295,32626,303,630,109,1358,27,472,107,27
"1730","2020-04-10",263,20,144,954,5454,0.953795379537954,8295,32626,303,630,129,1487,23,495,128,23
"1731","2020-04-11",300,20,162,986,5454,0.953795379537954,8295,32626,303,630,148,1635,33,528,140,33
"1732","2020-04-12",304,20,183,1065,5454,0.953795379537954,8295,32626,303,630,130,1765,37,565,124,37
"1733","2020-04-13",318,20,180,1109,5454,0.953795379537954,8295,32626,303,630,123,1888,38,603,111,38
"1734","2020-04-14",314,20,154,1151,5454,0.953795379537954,8295,32626,303,630,161,2049,28,631,152,28
"1735","2020-04-15",331,20,139,1199,5454,0.953795379537954,8295,32626,303,630,167,2216,17,648,157,17
"1736","2020-04-16",329,20,132,1240,5454,0.953795379537954,8295,32626,303,630,186,2402,36,684,183,36
"1737","2020-04-17",412,20,162,1277,5454,0.953795379537954,8295,32626,303,630,158,2560,38,722,148,38
"1738","2020-04-18",410,20,179,1321,5454,0.953795379537954,8295,32626,303,630,139,2699,28,750,134,28
"1739","2020-04-19",405,20,201,1346,5454,0.953795379537954,8295,32626,303,630,146,2845,22,772,141,22
"1740","2020-04-20",419,20,177,1383,5454,0.953795379537954,8295,32626,303,630,140,2985,20,792,138,20
"1741","2020-04-21",420,20,150,1394,5454,0.953795379537954,8295,32626,303,630,144,3129,24,816,136,24
"1742","2020-04-22",436,20,126,1380,5454,0.953795379537954,8295,32626,303,630,143,3272,22,838,141,22
"1743","2020-04-23",458,20,119,1395,5454,0.953795379537954,8295,32626,303,630,148,3420,31,869,144,31
"1744","2020-04-24",478,20,125,1397,5454,0.953795379537954,8295,32626,303,630,132,3552,19,888,122,19
"1745","2020-04-25",499,20,141,1393,5454,0.953795379537954,8295,32626,303,630,137,3689,17,905,128,17
"1746","2020-04-26",494,20,123,1391,5454,0.953795379537954,8295,32626,303,630,109,3798,14,919,105,14
"1747","2020-04-27",487,20,135,1425,5454,0.953795379537954,8295,32626,303,630,110,3908,15,934,108,15
"1748","2020-04-28",484,20,118,1410,5454,0.953795379537954,8295,32626,303,630,122,4030,16,950,118,16
"1749","2020-04-29",476,20,111,1374,5454,0.953795379537954,8295,32626,303,630,134,4164,11,961,128,11
"1750","2020-04-30",465,20,127,1342,5454,0.953795379537954,8295,32626,303,630,100,4264,12,973,94,12
"1751","2020-05-01",501,20,175,1299,5454,0.953795379537954,8295,32626,303,630,100,4364,22,995,93,22
"1752","2020-05-02",472,20,200,1272,5454,0.953795379537954,8295,32626,303,630,95,4459,35,1030,93,35
"1753","2020-05-03",420,20,196,1232,5454,0.953795379537954,8295,32626,303,630,97,4556,31,1061,96,31
"1754","2020-05-04",400,20,178,1193,5454,0.953795379537954,8295,32626,303,630,80,4636,23,1084,77,23
"1755","2020-05-05",400,20,139,1156,5454,0.953795379537954,8295,32626,303,630,89,4725,16,1100,81,16
"1756","2020-05-06",389,20,119,1091,5454,0.953795379537954,8295,32626,303,630,75,4800,21,1121,71,21
"1757","2020-05-07",388,20,120,1080,5454,0.953795379537954,8295,32626,303,630,69,4869,25,1146,66,25
"1758","2020-05-08",390,20,120,1039,5454,0.953795379537954,8295,32626,303,630,64,4933,13,1159,60,13
"1759","2020-05-09",405,20,103,976,5454,0.953795379537954,8295,32626,303,630,43,4976,24,1183,37,24
"1760","2020-05-10",359,20,99,919,5454,0.953795379537954,8295,32626,303,630,47,5023,21,1204,44,21
"1761","2020-05-11",349,20,86,870,5454,0.953795379537954,8295,32626,303,630,46,5069,20,1224,44,20
"1762","2020-05-12",325,20,85,801,5454,0.953795379537954,8295,32626,303,630,49,5118,18,1242,47,18
"1763","2020-05-13",315,20,108,765,5454,0.953795379537954,8295,32626,303,630,40,5158,14,1256,37,14
"1764","2020-05-14",296,20,112,727,5454,0.953795379537954,8295,32626,303,630,36,5194,17,1273,35,17
"1765","2020-05-15",285,20,112,687,5454,0.953795379537954,8295,32626,303,630,36,5230,11,1284,33,11
"1766","2020-05-16",272,20,130,630,5454,0.953795379537954,8295,32626,303,630,39,5269,8,1292,36,8
"1767","2020-05-17",238,20,144,571,5454,0.953795379537954,8295,32626,303,630,31,5300,15,1307,28,15
"1768","2020-05-18",223,20,161,527,5454,0.953795379537954,8295,32626,303,630,25,5325,16,1323,25,16
"1769","2020-05-19",223,20,156,476,5454,0.953795379537954,8295,32626,303,630,20,5345,9,1332,19,9
"1770","2020-05-20",213,20,147,444,5454,0.953795379537954,8295,32626,303,630,20,5365,18,1350,18,18
"1771","2020-05-21",197,20,141,400,5454,0.953795379537954,8295,32626,303,630,24,5389,21,1371,24,21
"1772","2020-05-22",172,20,144,358,5454,0.953795379537954,8295,32626,303,630,16,5405,17,1388,14,17
"1773","2020-05-23",155,20,118,313,5454,0.953795379537954,8295,32626,303,630,23,5428,13,1401,20,13
"1774","2020-05-24",131,20,107,287,5454,0.953795379537954,8295,32626,303,630,16,5444,17,1418,14,17
"1775","2020-05-25",126,20,94,257,5454,0.953795379537954,8295,32626,303,630,12,5456,17,1435,10,17
"1776","2020-05-26",104,20,86,228,5454,0.953795379537954,8295,32626,303,630,22,5478,16,1451,19,16
"1777","2020-05-27",92,20,67,204,5454,0.953795379537954,8295,32626,303,630,7,5485,16,1467,4,16
"1778","2020-05-28",89,20,60,188,5454,0.953795379537954,8295,32626,303,630,13,5498,14,1481,12,14
"1779","2020-05-29",71,20,58,176,5454,0.953795379537954,8295,32626,303,630,14,5512,14,1495,12,14
"1780","2020-05-30",68,20,61,161,5454,0.953795379537954,8295,32626,303,630,15,5527,18,1513,13,18
"1781","2020-05-31",66,20,76,147,5454,0.953795379537954,8295,32626,303,630,9,5536,17,1530,9,17
"1782","2020-06-01",53,20,95,141,5454,0.953795379537954,8295,32626,303,630,10,5546,20,1550,10,20
"1783","2020-06-02",52,20,112,132,5454,0.953795379537954,8295,32626,303,630,5,5551,13,1563,4,13
"1784","2020-06-03",55,20,123,129,5454,0.953795379537954,8295,32626,303,630,9,5560,17,1580,8,17
"1785","2020-06-04",51,20,127,127,5454,0.953795379537954,8295,32626,303,630,13,5573,25,1605,12,25
"1786","2020-06-05",50,20,114,119,5454,0.953795379537954,8295,32626,303,630,9,5582,16,1621,7,16
"1787","2020-06-06",42,20,123,105,5454,0.953795379537954,8295,32626,303,630,6,5588,26,1647,6,26
"1788","2020-06-07",30,20,119,97,5454,0.953795379537954,8295,32626,303,630,6,5594,20,1667,3,20
