"","Date","Absents","Paramset","Infections_or_Exposed_per_day_Patient","Infections_or_Exposed_per_day_HCW","total_infections","nosocomial_proportion","PCR_pooled","LFD_pooled","HCW_symp_test","patient_symp_test","new_hcw_infs","cumulative_hcw_infs","new_pat_infs","cumulative_pats_infs","new_nosocomial_hcw_infs","new_nosocomial_pat_infs"
"1","2020-03-13",3,1,37,134,5875,0.378723404255319,8325,35771,288,769,46,134,10,25,7,10
"2","2020-03-14",17,1,45,193,5875,0.378723404255319,8325,35771,288,769,59,193,8,33,11,8
"3","2020-03-15",23,1,49,252,5875,0.378723404255319,8325,35771,288,769,59,252,9,42,15,9
"4","2020-03-16",23,1,52,304,5875,0.378723404255319,8325,35771,288,769,53,305,10,52,18,10
"5","2020-03-17",31,1,73,383,5875,0.378723404255319,8325,35771,288,769,80,385,22,74,29,22
"6","2020-03-18",44,1,91,462,5875,0.378723404255319,8325,35771,288,769,89,474,30,104,33,30
"7","2020-03-19",61,1,99,528,5875,0.378723404255319,8325,35771,288,769,84,558,23,127,36,23
"8","2020-03-20",98,1,96,589,5875,0.378723404255319,8325,35771,288,769,77,635,19,146,24,19
"9","2020-03-21",117,1,102,664,5875,0.378723404255319,8325,35771,288,769,94,729,18,164,49,18
"10","2020-03-22",169,1,102,707,5875,0.378723404255319,8325,35771,288,769,65,794,21,185,28,21
"11","2020-03-23",193,1,119,746,5875,0.378723404255319,8325,35771,288,769,77,871,34,219,35,34
"12","2020-03-24",194,1,134,800,5875,0.378723404255319,8325,35771,288,769,91,962,27,246,44,27
"13","2020-03-25",204,1,147,815,5875,0.378723404255319,8325,35771,288,769,73,1035,26,272,36,26
"14","2020-03-26",223,1,158,850,5875,0.378723404255319,8325,35771,288,769,92,1127,35,307,50,35
"15","2020-03-27",281,1,161,878,5875,0.378723404255319,8325,35771,288,769,96,1223,29,336,52,29
"16","2020-03-28",295,1,155,892,5875,0.378723404255319,8325,35771,288,769,80,1303,26,362,48,26
"17","2020-03-29",277,1,141,896,5875,0.378723404255319,8325,35771,288,769,88,1391,15,377,43,15
"18","2020-03-30",271,1,127,919,5875,0.378723404255319,8325,35771,288,769,91,1482,12,389,47,12
"19","2020-03-31",281,1,123,938,5875,0.378723404255319,8325,35771,288,769,95,1577,15,404,51,15
"20","2020-04-01",292,1,111,960,5875,0.378723404255319,8325,35771,288,769,92,1669,20,424,43,20
"21","2020-04-02",300,1,115,965,5875,0.378723404255319,8325,35771,288,769,94,1763,16,440,45,16
"22","2020-04-03",319,1,100,992,5875,0.378723404255319,8325,35771,288,769,98,1861,8,448,50,8
"23","2020-04-04",335,1,101,1004,5875,0.378723404255319,8325,35771,288,769,86,1947,13,461,42,13
"24","2020-04-05",320,1,88,1012,5875,0.378723404255319,8325,35771,288,769,96,2043,8,469,53,8
"25","2020-04-06",318,1,89,1012,5875,0.378723404255319,8325,35771,288,769,82,2125,20,489,39,20
"26","2020-04-07",299,1,104,1005,5875,0.378723404255319,8325,35771,288,769,87,2212,26,515,44,26
"27","2020-04-08",306,1,135,1001,5875,0.378723404255319,8325,35771,288,769,82,2294,34,549,38,34
"28","2020-04-09",293,1,136,978,5875,0.378723404255319,8325,35771,288,769,75,2369,30,579,40,30
"29","2020-04-10",322,1,131,971,5875,0.378723404255319,8325,35771,288,769,84,2453,20,599,35,20
"30","2020-04-11",327,1,130,954,5875,0.378723404255319,8325,35771,288,769,71,2524,22,621,33,22
"31","2020-04-12",315,1,163,938,5875,0.378723404255319,8325,35771,288,769,80,2604,45,666,33,45
"32","2020-04-13",316,1,164,935,5875,0.378723404255319,8325,35771,288,769,78,2682,27,693,33,27
"33","2020-04-14",313,1,178,912,5875,0.378723404255319,8325,35771,288,769,76,2758,38,731,30,38
"34","2020-04-15",303,1,194,917,5875,0.378723404255319,8325,35771,288,769,82,2840,39,770,41,39
"35","2020-04-16",294,1,190,911,5875,0.378723404255319,8325,35771,288,769,86,2926,23,793,28,23
"36","2020-04-17",341,1,178,919,5875,0.378723404255319,8325,35771,288,769,82,3008,22,815,30,22
"37","2020-04-18",343,1,170,917,5875,0.378723404255319,8325,35771,288,769,76,3084,27,842,33,27
"38","2020-04-19",300,1,160,921,5875,0.378723404255319,8325,35771,288,769,74,3158,22,864,30,22
"39","2020-04-20",284,1,159,915,5875,0.378723404255319,8325,35771,288,769,80,3238,24,888,42,24
"40","2020-04-21",285,1,179,928,5875,0.378723404255319,8325,35771,288,769,89,3327,42,930,42,42
"41","2020-04-22",288,1,179,909,5875,0.378723404255319,8325,35771,288,769,60,3387,30,960,30,30
"42","2020-04-23",296,1,169,890,5875,0.378723404255319,8325,35771,288,769,69,3456,19,979,28,19
"43","2020-04-24",283,1,148,880,5875,0.378723404255319,8325,35771,288,769,60,3516,19,998,30,19
"44","2020-04-25",278,1,146,854,5875,0.378723404255319,8325,35771,288,769,69,3585,16,1014,30,16
"45","2020-04-26",268,1,144,833,5875,0.378723404255319,8325,35771,288,769,54,3639,14,1028,16,14
"46","2020-04-27",271,1,179,819,5875,0.378723404255319,8325,35771,288,769,63,3702,52,1080,22,52
"47","2020-04-28",264,1,169,819,5875,0.378723404255319,8325,35771,288,769,81,3783,26,1106,38,26
"48","2020-04-29",261,1,188,809,5875,0.378723404255319,8325,35771,288,769,68,3851,41,1147,23,41
"49","2020-04-30",264,1,190,772,5875,0.378723404255319,8325,35771,288,769,56,3907,23,1170,19,23
"50","2020-05-01",249,1,195,773,5875,0.378723404255319,8325,35771,288,769,81,3988,42,1212,26,42
"51","2020-05-02",233,1,197,753,5875,0.378723404255319,8325,35771,288,769,53,4041,34,1246,21,34
"52","2020-05-03",254,1,175,746,5875,0.378723404255319,8325,35771,288,769,53,4094,17,1263,15,17
"53","2020-05-04",239,1,157,743,5875,0.378723404255319,8325,35771,288,769,66,4160,14,1277,18,14
"54","2020-05-05",226,1,176,732,5875,0.378723404255319,8325,35771,288,769,54,4214,39,1316,19,39
"55","2020-05-06",224,1,161,720,5875,0.378723404255319,8325,35771,288,769,50,4264,24,1340,19,24
"56","2020-05-07",212,1,168,705,5875,0.378723404255319,8325,35771,288,769,63,4327,21,1361,22,21
"57","2020-05-08",227,1,203,692,5875,0.378723404255319,8325,35771,288,769,56,4383,52,1413,21,52
"58","2020-05-09",251,1,192,700,5875,0.378723404255319,8325,35771,288,769,61,4444,26,1439,23,26
"59","2020-05-10",204,1,192,692,5875,0.378723404255319,8325,35771,288,769,47,4491,30,1469,19,30
"60","2020-05-11",205,1,198,687,5875,0.378723404255319,8325,35771,288,769,60,4551,37,1506,26,37
"61","2020-05-12",205,1,203,695,5875,0.378723404255319,8325,35771,288,769,55,4606,42,1548,24,42
"62","2020-05-13",202,1,230,676,5875,0.378723404255319,8325,35771,288,769,45,4651,51,1599,20,51
"63","2020-05-14",210,1,232,653,5875,0.378723404255319,8325,35771,288,769,38,4689,50,1649,10,50
"64","2020-05-15",218,1,225,635,5875,0.378723404255319,8325,35771,288,769,41,4730,37,1686,15,37
"65","2020-05-16",212,1,199,598,5875,0.378723404255319,8325,35771,288,769,33,4763,16,1702,14,16
"66","2020-05-17",207,1,192,576,5875,0.378723404255319,8325,35771,288,769,37,4800,29,1731,15,29
"67","2020-05-18",207,1,182,550,5875,0.378723404255319,8325,35771,288,769,38,4838,20,1751,13,20
"68","2020-05-19",204,1,153,516,5875,0.378723404255319,8325,35771,288,769,19,4857,17,1768,5,17
"69","2020-05-20",199,1,157,501,5875,0.378723404255319,8325,35771,288,769,34,4891,29,1797,13,29
"70","2020-05-21",187,1,157,482,5875,0.378723404255319,8325,35771,288,769,43,4934,22,1819,17,22
"71","2020-05-22",194,1,156,448,5875,0.378723404255319,8325,35771,288,769,20,4954,27,1846,9,27
"72","2020-05-23",195,1,157,435,5875,0.378723404255319,8325,35771,288,769,29,4983,24,1870,12,24
"73","2020-05-24",172,1,157,408,5875,0.378723404255319,8325,35771,288,769,24,5007,26,1896,10,26
"74","2020-05-25",153,1,142,375,5875,0.378723404255319,8325,35771,288,769,26,5033,10,1906,9,10
"75","2020-05-26",140,1,143,352,5875,0.378723404255319,8325,35771,288,769,21,5054,16,1922,6,16
"76","2020-05-27",126,1,124,345,5875,0.378723404255319,8325,35771,288,769,27,5081,5,1927,13,5
"77","2020-05-28",121,1,117,329,5875,0.378723404255319,8325,35771,288,769,26,5107,8,1935,14,8
"78","2020-05-29",105,1,96,327,5875,0.378723404255319,8325,35771,288,769,27,5134,11,1946,13,11
"79","2020-05-30",98,1,109,322,5875,0.378723404255319,8325,35771,288,769,23,5157,23,1969,8,23
"80","2020-05-31",105,1,109,313,5875,0.378723404255319,8325,35771,288,769,22,5179,15,1984,8,15
"81","2020-06-01",101,1,112,289,5875,0.378723404255319,8325,35771,288,769,16,5195,21,2005,3,21
"82","2020-06-02",102,1,113,277,5875,0.378723404255319,8325,35771,288,769,12,5207,23,2028,2,23
"83","2020-06-03",103,1,107,258,5875,0.378723404255319,8325,35771,288,769,19,5226,15,2043,6,15
"84","2020-06-04",99,1,101,242,5875,0.378723404255319,8325,35771,288,769,14,5240,9,2052,4,9
"85","2020-06-05",102,1,106,238,5875,0.378723404255319,8325,35771,288,769,18,5258,22,2074,5,22
"86","2020-06-06",97,1,109,223,5875,0.378723404255319,8325,35771,288,769,18,5276,18,2092,5,18
"87","2020-06-07",79,1,120,226,5875,0.378723404255319,8325,35771,288,769,16,5292,18,2110,4,18
"88","2020-03-14",7,2,57,104,5611,0.703617893423632,8400,32898,374,574,36,149,8,35,5,8
"89","2020-03-15",10,2,60,143,5611,0.703617893423632,8400,32898,374,574,58,207,19,54,14,19
"90","2020-03-16",16,2,67,183,5611,0.703617893423632,8400,32898,374,574,43,250,14,68,20,14
"91","2020-03-17",22,2,85,224,5611,0.703617893423632,8400,32898,374,574,55,305,6,74,26,6
"92","2020-03-18",33,2,97,283,5611,0.703617893423632,8400,32898,374,574,69,374,15,89,32,15
"93","2020-03-19",39,2,104,332,5611,0.703617893423632,8400,32898,374,574,55,429,12,101,27,12
"94","2020-03-20",55,2,104,386,5611,0.703617893423632,8400,32898,374,574,70,499,15,116,36,15
"95","2020-03-21",69,2,110,447,5611,0.703617893423632,8400,32898,374,574,67,566,16,132,31,16
"96","2020-03-22",105,2,98,538,5611,0.703617893423632,8400,32898,374,574,64,630,20,152,33,20
"97","2020-03-23",110,2,81,615,5611,0.703617893423632,8400,32898,374,574,63,693,27,179,33,27
"98","2020-03-24",118,2,71,681,5611,0.703617893423632,8400,32898,374,574,86,779,26,205,46,26
"99","2020-03-25",129,2,73,765,5611,0.703617893423632,8400,32898,374,574,67,846,17,222,33,17
"100","2020-03-26",151,2,94,825,5611,0.703617893423632,8400,32898,374,574,84,930,24,246,46,24
"101","2020-03-27",210,2,111,866,5611,0.703617893423632,8400,32898,374,574,90,1020,20,266,59,20
"102","2020-03-28",261,2,97,939,5611,0.703617893423632,8400,32898,374,574,63,1083,21,287,39,21
"103","2020-03-29",267,2,97,991,5611,0.703617893423632,8400,32898,374,574,81,1164,30,317,42,30
"104","2020-03-30",284,2,110,1031,5611,0.703617893423632,8400,32898,374,574,91,1255,35,352,56,35
"105","2020-03-31",292,2,109,1089,5611,0.703617893423632,8400,32898,374,574,77,1332,22,374,43,22
"106","2020-04-01",320,2,106,1125,5611,0.703617893423632,8400,32898,374,574,104,1436,15,389,60,15
"107","2020-04-02",330,2,101,1158,5611,0.703617893423632,8400,32898,374,574,72,1508,19,408,39,19
"108","2020-04-03",389,2,84,1230,5611,0.703617893423632,8400,32898,374,574,93,1601,36,444,62,36
"109","2020-04-04",361,2,85,1271,5611,0.703617893423632,8400,32898,374,574,87,1688,25,469,47,25
"110","2020-04-05",405,2,109,1293,5611,0.703617893423632,8400,32898,374,574,93,1781,29,498,61,29
"111","2020-04-06",406,2,131,1292,5611,0.703617893423632,8400,32898,374,574,92,1873,22,520,53,22
"112","2020-04-07",408,2,125,1341,5611,0.703617893423632,8400,32898,374,574,96,1969,34,554,57,34
"113","2020-04-08",391,2,130,1357,5611,0.703617893423632,8400,32898,374,574,82,2051,41,595,52,41
"114","2020-04-09",413,2,122,1351,5611,0.703617893423632,8400,32898,374,574,121,2172,45,640,86,45
"115","2020-04-10",485,2,150,1341,5611,0.703617893423632,8400,32898,374,574,88,2260,39,679,49,39
"116","2020-04-11",507,2,148,1307,5611,0.703617893423632,8400,32898,374,574,101,2361,48,727,58,48
"117","2020-04-12",442,2,136,1299,5611,0.703617893423632,8400,32898,374,574,90,2451,47,774,61,47
"118","2020-04-13",451,2,129,1276,5611,0.703617893423632,8400,32898,374,574,89,2540,27,801,45,27
"119","2020-04-14",438,2,125,1276,5611,0.703617893423632,8400,32898,374,574,102,2642,48,849,60,48
"120","2020-04-15",445,2,126,1261,5611,0.703617893423632,8400,32898,374,574,92,2734,41,890,47,41
"121","2020-04-16",425,2,147,1221,5611,0.703617893423632,8400,32898,374,574,99,2833,28,918,55,28
"122","2020-04-17",439,2,132,1167,5611,0.703617893423632,8400,32898,374,574,81,2914,34,952,38,34
"123","2020-04-18",431,2,130,1178,5611,0.703617893423632,8400,32898,374,574,84,2998,28,980,45,28
"124","2020-04-19",401,2,136,1159,5611,0.703617893423632,8400,32898,374,574,94,3092,39,1019,57,39
"125","2020-04-20",391,2,157,1144,5611,0.703617893423632,8400,32898,374,574,84,3176,40,1059,54,40
"126","2020-04-21",377,2,194,1133,5611,0.703617893423632,8400,32898,374,574,83,3259,31,1090,52,31
"127","2020-04-22",366,2,188,1099,5611,0.703617893423632,8400,32898,374,574,73,3332,29,1119,41,29
"128","2020-04-23",361,2,165,1061,5611,0.703617893423632,8400,32898,374,574,68,3400,32,1151,42,32
"129","2020-04-24",354,2,153,1019,5611,0.703617893423632,8400,32898,374,574,79,3479,27,1178,45,27
"130","2020-04-25",373,2,150,941,5611,0.703617893423632,8400,32898,374,574,67,3546,29,1207,37,29
"131","2020-04-26",352,2,142,904,5611,0.703617893423632,8400,32898,374,574,64,3610,51,1258,32,51
"132","2020-04-27",336,2,152,857,5611,0.703617893423632,8400,32898,374,574,65,3675,28,1286,35,28
"133","2020-04-28",329,2,169,825,5611,0.703617893423632,8400,32898,374,574,48,3723,38,1324,32,38
"134","2020-04-29",331,2,172,787,5611,0.703617893423632,8400,32898,374,574,70,3793,40,1364,37,40
"135","2020-04-30",318,2,166,752,5611,0.703617893423632,8400,32898,374,574,65,3858,38,1402,28,38
"136","2020-05-01",303,2,146,706,5611,0.703617893423632,8400,32898,374,574,44,3902,31,1433,22,31
"137","2020-05-02",281,2,171,657,5611,0.703617893423632,8400,32898,374,574,58,3960,50,1483,20,50
"138","2020-05-03",247,2,159,624,5611,0.703617893423632,8400,32898,374,574,48,4008,27,1510,23,27
"139","2020-05-04",236,2,151,588,5611,0.703617893423632,8400,32898,374,574,48,4056,45,1555,15,45
"140","2020-05-05",221,2,145,571,5611,0.703617893423632,8400,32898,374,574,41,4097,43,1598,26,43
"141","2020-05-06",203,2,180,554,5611,0.703617893423632,8400,32898,374,574,58,4155,37,1635,30,37
"142","2020-05-07",195,2,165,552,5611,0.703617893423632,8400,32898,374,574,61,4216,34,1669,21,34
"143","2020-05-08",177,2,171,538,5611,0.703617893423632,8400,32898,374,574,42,4258,47,1716,20,47
"144","2020-05-09",157,2,167,527,5611,0.703617893423632,8400,32898,374,574,52,4310,56,1772,31,56
"145","2020-05-10",143,2,152,488,5611,0.703617893423632,8400,32898,374,574,51,4361,43,1815,23,43
"146","2020-05-11",138,2,135,471,5611,0.703617893423632,8400,32898,374,574,49,4410,40,1855,20,40
"147","2020-05-12",125,2,144,449,5611,0.703617893423632,8400,32898,374,574,40,4450,31,1886,14,31
"148","2020-05-13",127,2,137,432,5611,0.703617893423632,8400,32898,374,574,42,4492,47,1933,17,47
"149","2020-05-14",137,2,129,418,5611,0.703617893423632,8400,32898,374,574,44,4536,34,1967,16,34
"150","2020-05-15",141,2,125,401,5611,0.703617893423632,8400,32898,374,574,46,4582,31,1998,26,31
"151","2020-05-16",156,2,126,386,5611,0.703617893423632,8400,32898,374,574,46,4628,24,2022,26,24
"152","2020-05-17",145,2,138,358,5611,0.703617893423632,8400,32898,374,574,33,4661,32,2054,16,32
"153","2020-05-18",136,2,126,342,5611,0.703617893423632,8400,32898,374,574,35,4696,32,2086,21,32
"154","2020-05-19",131,2,134,327,5611,0.703617893423632,8400,32898,374,574,25,4721,35,2121,16,35
"155","2020-05-20",129,2,136,307,5611,0.703617893423632,8400,32898,374,574,41,4762,22,2143,23,22
"156","2020-05-21",118,2,154,295,5611,0.703617893423632,8400,32898,374,574,31,4793,26,2169,15,26
"157","2020-05-22",117,2,140,289,5611,0.703617893423632,8400,32898,374,574,26,4819,35,2204,16,35
"158","2020-05-23",105,2,134,279,5611,0.703617893423632,8400,32898,374,574,22,4841,24,2228,12,24
"159","2020-05-24",89,2,138,265,5611,0.703617893423632,8400,32898,374,574,22,4863,30,2258,12,30
"160","2020-05-25",88,2,125,251,5611,0.703617893423632,8400,32898,374,574,24,4887,27,2285,10,27
"161","2020-05-26",86,2,122,244,5611,0.703617893423632,8400,32898,374,574,17,4904,31,2316,7,31
"162","2020-05-27",85,2,129,227,5611,0.703617893423632,8400,32898,374,574,25,4929,22,2338,11,22
"163","2020-05-28",79,2,124,206,5611,0.703617893423632,8400,32898,374,574,18,4947,41,2379,7,41
"164","2020-05-29",79,2,130,203,5611,0.703617893423632,8400,32898,374,574,26,4973,33,2412,10,33
"165","2020-05-30",82,2,143,192,5611,0.703617893423632,8400,32898,374,574,18,4991,28,2440,9,28
"166","2020-05-31",82,2,152,171,5611,0.703617893423632,8400,32898,374,574,26,5017,43,2483,11,43
"167","2020-06-01",72,2,144,163,5611,0.703617893423632,8400,32898,374,574,15,5032,34,2517,8,34
"168","2020-06-02",65,2,128,152,5611,0.703617893423632,8400,32898,374,574,17,5049,36,2553,11,36
"169","2020-06-03",61,2,128,143,5611,0.703617893423632,8400,32898,374,574,26,5075,32,2585,15,32
"170","2020-06-04",59,2,133,133,5611,0.703617893423632,8400,32898,374,574,18,5093,25,2610,5,25
"171","2020-06-05",50,2,120,131,5611,0.703617893423632,8400,32898,374,574,11,5104,25,2635,4,25
"172","2020-06-06",46,2,105,122,5611,0.703617893423632,8400,32898,374,574,14,5118,30,2665,6,30
"173","2020-06-07",43,2,95,116,5611,0.703617893423632,8400,32898,374,574,16,5134,17,2682,9,17
"174","2020-03-08",2,3,0,0,6266,0.54676029364826,8265,35785,313,1268,NA,NA,NA,NA,NA,NA
"175","2020-03-09",2,3,0,0,6266,0.54676029364826,8265,35785,313,1268,NA,NA,NA,NA,NA,NA
"176","2020-03-10",0,3,0,0,6266,0.54676029364826,8265,35785,313,1268,NA,NA,2,2,NA,2
"177","2020-03-11",0,3,0,0,6266,0.54676029364826,8265,35785,313,1268,16,16,18,20,2,18
"178","2020-03-12",0,3,0,0,6266,0.54676029364826,8265,35785,313,1268,13,29,15,35,3,15
"179","2020-03-13",2,3,112,132,6266,0.54676029364826,8265,35785,313,1268,17,46,5,40,8,5
"180","2020-03-14",9,3,161,178,6266,0.54676029364826,8265,35785,313,1268,21,67,8,48,14,8
"181","2020-03-15",18,3,195,270,6266,0.54676029364826,8265,35785,313,1268,25,92,26,74,11,26
"182","2020-03-16",21,3,217,330,6266,0.54676029364826,8265,35785,313,1268,33,125,25,99,21,25
"183","2020-03-17",29,3,219,391,6266,0.54676029364826,8265,35785,313,1268,33,158,28,127,20,28
"184","2020-03-18",42,3,218,471,6266,0.54676029364826,8265,35785,313,1268,52,210,23,150,45,23
"185","2020-03-19",59,3,204,560,6266,0.54676029364826,8265,35785,313,1268,59,269,44,194,47,44
"186","2020-03-20",91,3,203,607,6266,0.54676029364826,8265,35785,313,1268,53,322,40,234,45,40
"187","2020-03-21",172,3,219,691,6266,0.54676029364826,8265,35785,313,1268,69,391,32,266,52,32
"188","2020-03-22",194,3,241,758,6266,0.54676029364826,8265,35785,313,1268,76,467,33,299,69,33
"189","2020-03-23",205,3,252,820,6266,0.54676029364826,8265,35785,313,1268,89,556,38,337,79,38
"190","2020-03-24",233,3,248,917,6266,0.54676029364826,8265,35785,313,1268,85,641,46,383,75,46
"191","2020-03-25",252,3,228,971,6266,0.54676029364826,8265,35785,313,1268,107,748,25,408,99,25
"192","2020-03-26",265,3,227,1035,6266,0.54676029364826,8265,35785,313,1268,108,856,28,436,100,28
"193","2020-03-27",351,3,235,1113,6266,0.54676029364826,8265,35785,313,1268,134,990,29,465,123,29
"194","2020-03-28",363,3,218,1143,6266,0.54676029364826,8265,35785,313,1268,111,1101,31,496,100,31
"195","2020-03-29",345,3,221,1177,6266,0.54676029364826,8265,35785,313,1268,125,1226,18,514,113,18
"196","2020-03-30",338,3,232,1201,6266,0.54676029364826,8265,35785,313,1268,164,1390,22,536,148,22
"197","2020-03-31",341,3,221,1200,6266,0.54676029364826,8265,35785,313,1268,137,1527,15,551,133,15
"198","2020-04-01",357,3,234,1233,6266,0.54676029364826,8265,35785,313,1268,146,1673,15,566,135,15
"199","2020-04-02",365,3,279,1263,6266,0.54676029364826,8265,35785,313,1268,146,1819,9,575,134,9
"200","2020-04-03",415,3,281,1274,6266,0.54676029364826,8265,35785,313,1268,145,1964,11,586,136,11
"201","2020-04-04",393,3,281,1290,6266,0.54676029364826,8265,35785,313,1268,99,2063,43,629,90,43
"202","2020-04-05",398,3,271,1285,6266,0.54676029364826,8265,35785,313,1268,147,2210,23,652,134,23
"203","2020-04-06",413,3,267,1296,6266,0.54676029364826,8265,35785,313,1268,171,2381,26,678,161,26
"204","2020-04-07",417,3,268,1314,6266,0.54676029364826,8265,35785,313,1268,139,2520,29,707,127,29
"205","2020-04-08",419,3,264,1313,6266,0.54676029364826,8265,35785,313,1268,129,2649,25,732,118,25
"206","2020-04-09",428,3,281,1291,6266,0.54676029364826,8265,35785,313,1268,173,2822,20,752,159,20
"207","2020-04-10",486,3,283,1273,6266,0.54676029364826,8265,35785,313,1268,155,2977,14,766,146,14
"208","2020-04-11",496,3,266,1281,6266,0.54676029364826,8265,35785,313,1268,135,3112,11,777,117,11
"209","2020-04-12",439,3,259,1268,6266,0.54676029364826,8265,35785,313,1268,149,3261,14,791,143,14
"210","2020-04-13",418,3,287,1269,6266,0.54676029364826,8265,35785,313,1268,120,3381,31,822,110,31
"211","2020-04-14",414,3,307,1259,6266,0.54676029364826,8265,35785,313,1268,132,3513,43,865,113,43
"212","2020-04-15",409,3,307,1251,6266,0.54676029364826,8265,35785,313,1268,141,3654,34,899,132,34
"213","2020-04-16",420,3,289,1230,6266,0.54676029364826,8265,35785,313,1268,158,3812,29,928,146,29
"214","2020-04-17",432,3,272,1192,6266,0.54676029364826,8265,35785,313,1268,137,3949,29,957,125,29
"215","2020-04-18",411,3,258,1180,6266,0.54676029364826,8265,35785,313,1268,115,4064,41,998,110,41
"216","2020-04-19",404,3,251,1146,6266,0.54676029364826,8265,35785,313,1268,137,4201,52,1050,120,52
"217","2020-04-20",407,3,265,1132,6266,0.54676029364826,8265,35785,313,1268,121,4322,37,1087,113,37
"218","2020-04-21",388,3,275,1109,6266,0.54676029364826,8265,35785,313,1268,95,4417,52,1139,85,52
"219","2020-04-22",378,3,276,1073,6266,0.54676029364826,8265,35785,313,1268,73,4490,41,1180,69,41
"220","2020-04-23",365,3,261,1043,6266,0.54676029364826,8265,35785,313,1268,72,4562,38,1218,62,38
"221","2020-04-24",358,3,261,1017,6266,0.54676029364826,8265,35785,313,1268,76,4638,27,1245,67,27
"222","2020-04-25",376,3,249,990,6266,0.54676029364826,8265,35785,313,1268,75,4713,22,1267,64,22
"223","2020-04-26",340,3,246,950,6266,0.54676029364826,8265,35785,313,1268,75,4788,49,1316,67,49
"224","2020-04-27",340,3,247,908,6266,0.54676029364826,8265,35785,313,1268,67,4855,48,1364,56,48
"225","2020-04-28",331,3,233,875,6266,0.54676029364826,8265,35785,313,1268,61,4916,55,1419,51,55
"226","2020-04-29",324,3,262,825,6266,0.54676029364826,8265,35785,313,1268,51,4967,36,1455,48,36
"227","2020-04-30",309,3,271,806,6266,0.54676029364826,8265,35785,313,1268,53,5020,28,1483,48,28
"228","2020-05-01",297,3,274,774,6266,0.54676029364826,8265,35785,313,1268,37,5057,31,1514,32,31
"229","2020-05-02",280,3,296,749,6266,0.54676029364826,8265,35785,313,1268,39,5096,24,1538,29,24
"230","2020-05-03",265,3,313,709,6266,0.54676029364826,8265,35785,313,1268,48,5144,44,1582,42,44
"231","2020-05-04",241,3,303,676,6266,0.54676029364826,8265,35785,313,1268,31,5175,28,1610,26,28
"232","2020-05-05",225,3,281,664,6266,0.54676029364826,8265,35785,313,1268,41,5216,46,1656,38,46
"233","2020-05-06",215,3,277,644,6266,0.54676029364826,8265,35785,313,1268,45,5261,26,1682,38,26
"234","2020-05-07",213,3,268,628,6266,0.54676029364826,8265,35785,313,1268,45,5306,40,1722,38,40
"235","2020-05-08",223,3,268,596,6266,0.54676029364826,8265,35785,313,1268,31,5337,41,1763,27,41
"236","2020-05-09",223,3,290,585,6266,0.54676029364826,8265,35785,313,1268,34,5371,29,1792,30,29
"237","2020-05-10",204,3,290,568,6266,0.54676029364826,8265,35785,313,1268,27,5398,26,1818,25,26
"238","2020-05-11",205,3,291,552,6266,0.54676029364826,8265,35785,313,1268,27,5425,27,1845,23,27
"239","2020-05-12",198,3,260,537,6266,0.54676029364826,8265,35785,313,1268,22,5447,32,1877,20,32
"240","2020-05-13",202,3,228,494,6266,0.54676029364826,8265,35785,313,1268,30,5477,43,1920,20,43
"241","2020-05-14",198,3,240,486,6266,0.54676029364826,8265,35785,313,1268,27,5504,33,1953,20,33
"242","2020-05-15",167,3,275,449,6266,0.54676029364826,8265,35785,313,1268,27,5531,31,1984,21,31
"243","2020-05-16",157,3,297,432,6266,0.54676029364826,8265,35785,313,1268,22,5553,48,2032,18,48
"244","2020-05-17",157,3,287,409,6266,0.54676029364826,8265,35785,313,1268,22,5575,35,2067,17,35
"245","2020-05-18",148,3,333,394,6266,0.54676029364826,8265,35785,313,1268,16,5591,36,2103,15,36
"246","2020-05-19",148,3,345,372,6266,0.54676029364826,8265,35785,313,1268,27,5618,40,2143,25,40
"247","2020-05-20",138,3,361,349,6266,0.54676029364826,8265,35785,313,1268,26,5644,51,2194,22,51
"248","2020-05-21",128,3,367,337,6266,0.54676029364826,8265,35785,313,1268,25,5669,33,2227,22,33
"249","2020-05-22",123,3,347,323,6266,0.54676029364826,8265,35785,313,1268,28,5697,23,2250,26,23
"250","2020-05-23",120,3,342,301,6266,0.54676029364826,8265,35785,313,1268,17,5714,22,2272,16,22
"251","2020-05-24",112,3,319,285,6266,0.54676029364826,8265,35785,313,1268,23,5737,19,2291,17,19
"252","2020-05-25",108,3,295,279,6266,0.54676029364826,8265,35785,313,1268,16,5753,15,2306,14,15
"253","2020-05-26",96,3,280,271,6266,0.54676029364826,8265,35785,313,1268,12,5765,33,2339,11,33
"254","2020-05-27",95,3,309,258,6266,0.54676029364826,8265,35785,313,1268,7,5772,40,2379,6,40
"255","2020-05-28",88,3,328,248,6266,0.54676029364826,8265,35785,313,1268,11,5783,23,2402,9,23
"256","2020-05-29",87,3,332,239,6266,0.54676029364826,8265,35785,313,1268,12,5795,11,2413,10,11
"257","2020-05-30",83,3,328,228,6266,0.54676029364826,8265,35785,313,1268,9,5804,11,2424,6,11
"258","2020-05-31",69,3,307,217,6266,0.54676029364826,8265,35785,313,1268,10,5814,10,2434,8,10
"259","2020-06-01",71,3,280,203,6266,0.54676029364826,8265,35785,313,1268,13,5827,34,2468,12,34
"260","2020-06-02",66,3,293,176,6266,0.54676029364826,8265,35785,313,1268,15,5842,26,2494,11,26
"261","2020-06-03",60,3,307,167,6266,0.54676029364826,8265,35785,313,1268,10,5852,24,2518,8,24
"262","2020-06-04",60,3,309,166,6266,0.54676029364826,8265,35785,313,1268,16,5868,21,2539,16,21
"263","2020-06-05",52,3,308,155,6266,0.54676029364826,8265,35785,313,1268,4,5872,20,2559,3,20
"264","2020-06-06",52,3,298,150,6266,0.54676029364826,8265,35785,313,1268,8,5880,24,2583,6,24
"265","2020-06-07",50,3,303,153,6266,0.54676029364826,8265,35785,313,1268,8,5888,20,2603,7,20
"266","2020-03-07",2,4,0,0,5102,0.707369658957272,8175,32180,264,653,NA,NA,NA,NA,NA,NA
"267","2020-03-08",2,4,0,0,5102,0.707369658957272,8175,32180,264,653,NA,NA,NA,NA,NA,NA
"268","2020-03-09",0,4,0,0,5102,0.707369658957272,8175,32180,264,653,NA,NA,NA,NA,NA,NA
"269","2020-03-10",0,4,0,0,5102,0.707369658957272,8175,32180,264,653,NA,NA,5,5,NA,5
"270","2020-03-11",0,4,0,0,5102,0.707369658957272,8175,32180,264,653,25,25,12,17,1,12
"271","2020-03-12",0,4,0,0,5102,0.707369658957272,8175,32180,264,653,46,71,22,39,7,22
"272","2020-03-13",2,4,55,62,5102,0.707369658957272,8175,32180,264,653,47,118,4,43,15,4
"273","2020-03-14",8,4,80,95,5102,0.707369658957272,8175,32180,264,653,55,173,9,52,15,9
"274","2020-03-15",13,4,102,117,5102,0.707369658957272,8175,32180,264,653,62,235,7,59,20,7
"275","2020-03-16",14,4,118,155,5102,0.707369658957272,8175,32180,264,653,58,293,5,64,23,5
"276","2020-03-17",12,4,108,188,5102,0.707369658957272,8175,32180,264,653,72,365,5,69,25,5
"277","2020-03-18",22,4,112,234,5102,0.707369658957272,8175,32180,264,653,67,432,56,125,31,56
"278","2020-03-19",27,4,116,287,5102,0.707369658957272,8175,32180,264,653,73,505,54,179,38,54
"279","2020-03-20",42,4,141,320,5102,0.707369658957272,8175,32180,264,653,85,590,30,209,51,30
"280","2020-03-21",81,4,139,368,5102,0.707369658957272,8175,32180,264,653,74,664,19,228,43,19
"281","2020-03-22",90,4,133,414,5102,0.707369658957272,8175,32180,264,653,101,765,32,260,49,32
"282","2020-03-23",97,4,138,456,5102,0.707369658957272,8175,32180,264,653,90,855,15,275,47,15
"283","2020-03-24",108,4,148,516,5102,0.707369658957272,8175,32180,264,653,120,975,15,290,63,15
"284","2020-03-25",121,4,156,552,5102,0.707369658957272,8175,32180,264,653,107,1082,68,358,68,68
"285","2020-03-26",137,4,159,596,5102,0.707369658957272,8175,32180,264,653,103,1185,31,389,52,31
"286","2020-03-27",174,4,158,650,5102,0.707369658957272,8175,32180,264,653,126,1311,23,412,79,23
"287","2020-03-28",175,4,145,690,5102,0.707369658957272,8175,32180,264,653,115,1426,32,444,71,32
"288","2020-03-29",213,4,143,752,5102,0.707369658957272,8175,32180,264,653,119,1545,29,473,76,29
"289","2020-03-30",215,4,139,778,5102,0.707369658957272,8175,32180,264,653,102,1647,11,484,65,11
"290","2020-03-31",225,4,170,816,5102,0.707369658957272,8175,32180,264,653,102,1749,9,493,62,9
"291","2020-04-01",231,4,169,822,5102,0.707369658957272,8175,32180,264,653,103,1852,13,506,67,13
"292","2020-04-02",241,4,165,831,5102,0.707369658957272,8175,32180,264,653,105,1957,21,527,68,21
"293","2020-04-03",306,4,144,869,5102,0.707369658957272,8175,32180,264,653,82,2039,63,590,49,63
"294","2020-04-04",304,4,124,894,5102,0.707369658957272,8175,32180,264,653,85,2124,36,626,50,36
"295","2020-04-05",281,4,106,915,5102,0.707369658957272,8175,32180,264,653,98,2222,17,643,65,17
"296","2020-04-06",276,4,117,932,5102,0.707369658957272,8175,32180,264,653,99,2321,20,663,60,20
"297","2020-04-07",281,4,148,936,5102,0.707369658957272,8175,32180,264,653,99,2420,50,713,50,50
"298","2020-04-08",293,4,163,930,5102,0.707369658957272,8175,32180,264,653,109,2529,93,806,62,93
"299","2020-04-09",294,4,157,937,5102,0.707369658957272,8175,32180,264,653,84,2613,35,841,40,35
"300","2020-04-10",306,4,173,925,5102,0.707369658957272,8175,32180,264,653,94,2707,17,858,47,17
"301","2020-04-11",309,4,182,918,5102,0.707369658957272,8175,32180,264,653,88,2795,23,881,55,23
"302","2020-04-12",294,4,179,922,5102,0.707369658957272,8175,32180,264,653,73,2868,26,907,49,26
"303","2020-04-13",303,4,186,943,5102,0.707369658957272,8175,32180,264,653,95,2963,23,930,60,23
"304","2020-04-14",288,4,211,953,5102,0.707369658957272,8175,32180,264,653,91,3054,20,950,46,20
"305","2020-04-15",266,4,213,925,5102,0.707369658957272,8175,32180,264,653,83,3137,22,972,44,22
"306","2020-04-16",267,4,232,922,5102,0.707369658957272,8175,32180,264,653,90,3227,17,989,60,17
"307","2020-04-17",277,4,215,951,5102,0.707369658957272,8175,32180,264,653,85,3312,29,1018,48,29
"308","2020-04-18",297,4,219,962,5102,0.707369658957272,8175,32180,264,653,93,3405,26,1044,52,26
"309","2020-04-19",288,4,199,947,5102,0.707369658957272,8175,32180,264,653,84,3489,23,1067,40,23
"310","2020-04-20",282,4,190,962,5102,0.707369658957272,8175,32180,264,653,74,3563,36,1103,49,36
"311","2020-04-21",282,4,192,975,5102,0.707369658957272,8175,32180,264,653,94,3657,42,1145,54,42
"312","2020-04-22",306,4,202,1001,5102,0.707369658957272,8175,32180,264,653,94,3751,16,1161,44,16
"313","2020-04-23",319,4,229,986,5102,0.707369658957272,8175,32180,264,653,70,3821,12,1173,36,12
"314","2020-04-24",354,4,249,992,5102,0.707369658957272,8175,32180,264,653,82,3903,30,1203,46,30
"315","2020-04-25",366,4,240,966,5102,0.707369658957272,8175,32180,264,653,76,3979,64,1267,46,64
"316","2020-04-26",368,4,252,927,5102,0.707369658957272,8175,32180,264,653,55,4034,38,1305,28,38
"317","2020-04-27",367,4,260,921,5102,0.707369658957272,8175,32180,264,653,76,4110,35,1340,36,35
"318","2020-04-28",364,4,286,897,5102,0.707369658957272,8175,32180,264,653,65,4175,23,1363,40,23
"319","2020-04-29",355,4,262,874,5102,0.707369658957272,8175,32180,264,653,73,4248,16,1379,38,16
"320","2020-04-30",341,4,219,854,5102,0.707369658957272,8175,32180,264,653,72,4320,20,1399,37,20
"321","2020-05-01",340,4,218,845,5102,0.707369658957272,8175,32180,264,653,64,4384,20,1419,28,20
"322","2020-05-02",322,4,208,820,5102,0.707369658957272,8175,32180,264,653,62,4446,28,1447,36,28
"323","2020-05-03",268,4,185,767,5102,0.707369658957272,8175,32180,264,653,66,4512,65,1512,25,65
"324","2020-05-04",245,4,189,733,5102,0.707369658957272,8175,32180,264,653,51,4563,33,1545,26,33
"325","2020-05-05",235,4,181,712,5102,0.707369658957272,8175,32180,264,653,71,4634,35,1580,40,35
"326","2020-05-06",231,4,167,693,5102,0.707369658957272,8175,32180,264,653,45,4679,46,1626,27,46
"327","2020-05-07",226,4,137,654,5102,0.707369658957272,8175,32180,264,653,41,4720,50,1676,21,50
"328","2020-05-08",206,4,127,643,5102,0.707369658957272,8175,32180,264,653,49,4769,55,1731,25,55
"329","2020-05-09",204,4,155,621,5102,0.707369658957272,8175,32180,264,653,56,4825,31,1762,26,31
"330","2020-05-10",212,4,157,605,5102,0.707369658957272,8175,32180,264,653,48,4873,28,1790,17,28
"331","2020-05-11",214,4,179,585,5102,0.707369658957272,8175,32180,264,653,54,4927,18,1808,35,18
"332","2020-05-12",209,4,166,566,5102,0.707369658957272,8175,32180,264,653,50,4977,14,1822,26,14
"333","2020-05-13",194,4,142,526,5102,0.707369658957272,8175,32180,264,653,55,5032,20,1842,29,20
"334","2020-05-14",196,4,126,511,5102,0.707369658957272,8175,32180,264,653,31,5063,38,1880,15,38
"335","2020-05-15",184,4,121,504,5102,0.707369658957272,8175,32180,264,653,42,5105,14,1894,23,14
"336","2020-05-16",192,4,149,484,5102,0.707369658957272,8175,32180,264,653,40,5145,18,1912,19,18
"337","2020-05-17",169,4,149,468,5102,0.707369658957272,8175,32180,264,653,40,5185,24,1936,23,24
"338","2020-05-18",160,4,136,449,5102,0.707369658957272,8175,32180,264,653,31,5216,12,1948,17,12
"339","2020-05-19",156,4,116,409,5102,0.707369658957272,8175,32180,264,653,36,5252,19,1967,12,19
"340","2020-05-20",147,4,125,386,5102,0.707369658957272,8175,32180,264,653,27,5279,65,2032,9,65
"341","2020-05-21",137,4,142,365,5102,0.707369658957272,8175,32180,264,653,28,5307,56,2088,16,56
"342","2020-05-22",117,4,146,349,5102,0.707369658957272,8175,32180,264,653,35,5342,25,2113,9,25
"343","2020-05-23",117,4,160,316,5102,0.707369658957272,8175,32180,264,653,33,5375,27,2140,18,27
"344","2020-05-24",111,4,155,310,5102,0.707369658957272,8175,32180,264,653,38,5413,38,2178,22,38
"345","2020-05-25",110,4,155,295,5102,0.707369658957272,8175,32180,264,653,28,5441,66,2244,14,66
"346","2020-05-26",105,4,179,272,5102,0.707369658957272,8175,32180,264,653,21,5462,30,2274,8,30
"347","2020-05-27",113,4,157,263,5102,0.707369658957272,8175,32180,264,653,23,5485,77,2351,12,77
"348","2020-05-28",105,4,139,253,5102,0.707369658957272,8175,32180,264,653,36,5521,63,2414,13,63
"349","2020-05-29",114,4,117,242,5102,0.707369658957272,8175,32180,264,653,30,5551,45,2459,13,45
"350","2020-05-30",95,4,101,240,5102,0.707369658957272,8175,32180,264,653,23,5574,42,2501,15,42
"351","2020-05-31",87,4,125,229,5102,0.707369658957272,8175,32180,264,653,28,5602,45,2546,17,45
"352","2020-06-01",80,4,127,228,5102,0.707369658957272,8175,32180,264,653,27,5629,41,2587,10,41
"353","2020-06-02",75,4,139,220,5102,0.707369658957272,8175,32180,264,653,21,5650,15,2602,16,15
"354","2020-06-03",68,4,135,220,5102,0.707369658957272,8175,32180,264,653,23,5673,24,2626,10,24
"355","2020-06-04",69,4,127,214,5102,0.707369658957272,8175,32180,264,653,19,5692,48,2674,9,48
"356","2020-06-05",67,4,108,206,5102,0.707369658957272,8175,32180,264,653,8,5700,33,2707,7,33
"357","2020-06-06",68,4,109,195,5102,0.707369658957272,8175,32180,264,653,20,5720,37,2744,15,37
"358","2020-06-07",73,4,129,187,5102,0.707369658957272,8175,32180,264,653,22,5742,20,2764,10,20
"359","2020-03-13",2,5,40,65,5489,0.638003279285844,8400,32913,311,497,18,53,17,58,5,17
"360","2020-03-14",9,5,40,84,5489,0.638003279285844,8400,32913,311,497,21,74,9,67,9,9
"361","2020-03-15",13,5,50,121,5489,0.638003279285844,8400,32913,311,497,18,92,12,79,7,12
"362","2020-03-16",18,5,55,148,5489,0.638003279285844,8400,32913,311,497,27,119,14,93,18,14
"363","2020-03-17",21,5,67,171,5489,0.638003279285844,8400,32913,311,497,48,167,31,124,36,31
"364","2020-03-18",27,5,69,235,5489,0.638003279285844,8400,32913,311,497,38,205,26,150,26,26
"365","2020-03-19",36,5,82,277,5489,0.638003279285844,8400,32913,311,497,50,255,23,173,37,23
"366","2020-03-20",51,5,80,319,5489,0.638003279285844,8400,32913,311,497,43,298,39,212,36,39
"367","2020-03-21",86,5,95,369,5489,0.638003279285844,8400,32913,311,497,45,343,44,256,34,44
"368","2020-03-22",97,5,87,432,5489,0.638003279285844,8400,32913,311,497,57,400,19,275,43,19
"369","2020-03-23",98,5,101,481,5489,0.638003279285844,8400,32913,311,497,69,469,26,301,55,26
"370","2020-03-24",116,5,112,540,5489,0.638003279285844,8400,32913,311,497,78,547,22,323,65,22
"371","2020-03-25",133,5,107,598,5489,0.638003279285844,8400,32913,311,497,93,640,33,356,78,33
"372","2020-03-26",147,5,96,634,5489,0.638003279285844,8400,32913,311,497,94,734,23,379,86,23
"373","2020-03-27",194,5,94,689,5489,0.638003279285844,8400,32913,311,497,90,824,34,413,74,34
"374","2020-03-28",191,5,98,744,5489,0.638003279285844,8400,32913,311,497,89,913,47,460,76,47
"375","2020-03-29",220,5,97,839,5489,0.638003279285844,8400,32913,311,497,109,1022,38,498,96,38
"376","2020-03-30",231,5,106,903,5489,0.638003279285844,8400,32913,311,497,115,1137,25,523,99,25
"377","2020-03-31",222,5,93,971,5489,0.638003279285844,8400,32913,311,497,103,1240,26,549,92,26
"378","2020-04-01",227,5,87,1038,5489,0.638003279285844,8400,32913,311,497,158,1398,22,571,147,22
"379","2020-04-02",242,5,82,1054,5489,0.638003279285844,8400,32913,311,497,146,1544,14,585,131,14
"380","2020-04-03",309,5,99,1092,5489,0.638003279285844,8400,32913,311,497,149,1693,22,607,132,22
"381","2020-04-04",373,5,100,1148,5489,0.638003279285844,8400,32913,311,497,150,1843,29,636,138,29
"382","2020-04-05",367,5,109,1198,5489,0.638003279285844,8400,32913,311,497,152,1995,44,680,132,44
"383","2020-04-06",376,5,110,1179,5489,0.638003279285844,8400,32913,311,497,152,2147,65,745,142,65
"384","2020-04-07",396,5,107,1194,5489,0.638003279285844,8400,32913,311,497,136,2283,54,799,126,54
"385","2020-04-08",401,5,108,1187,5489,0.638003279285844,8400,32913,311,497,187,2470,45,844,166,45
"386","2020-04-09",399,5,103,1196,5489,0.638003279285844,8400,32913,311,497,179,2649,54,898,169,54
"387","2020-04-10",435,5,87,1197,5489,0.638003279285844,8400,32913,311,497,155,2804,43,941,143,43
"388","2020-04-11",392,5,83,1218,5489,0.638003279285844,8400,32913,311,497,152,2956,29,970,142,29
"389","2020-04-12",391,5,102,1206,5489,0.638003279285844,8400,32913,311,497,156,3112,50,1020,142,50
"390","2020-04-13",375,5,111,1198,5489,0.638003279285844,8400,32913,311,497,177,3289,47,1067,160,47
"391","2020-04-14",364,5,101,1199,5489,0.638003279285844,8400,32913,311,497,142,3431,50,1117,131,50
"392","2020-04-15",377,5,83,1217,5489,0.638003279285844,8400,32913,311,497,160,3591,56,1173,150,56
"393","2020-04-16",383,5,83,1181,5489,0.638003279285844,8400,32913,311,497,144,3735,42,1215,128,42
"394","2020-04-17",388,5,91,1180,5489,0.638003279285844,8400,32913,311,497,112,3847,30,1245,104,30
"395","2020-04-18",434,5,75,1152,5489,0.638003279285844,8400,32913,311,497,150,3997,30,1275,138,30
"396","2020-04-19",388,5,73,1140,5489,0.638003279285844,8400,32913,311,497,121,4118,17,1292,107,17
"397","2020-04-20",384,5,64,1113,5489,0.638003279285844,8400,32913,311,497,109,4227,22,1314,99,22
"398","2020-04-21",374,5,60,1068,5489,0.638003279285844,8400,32913,311,497,130,4357,29,1343,127,29
"399","2020-04-22",366,5,75,1021,5489,0.638003279285844,8400,32913,311,497,105,4462,36,1379,92,36
"400","2020-04-23",359,5,76,990,5489,0.638003279285844,8400,32913,311,497,100,4562,59,1438,91,59
"401","2020-04-24",394,5,85,972,5489,0.638003279285844,8400,32913,311,497,95,4657,35,1473,85,35
"402","2020-04-25",365,5,80,946,5489,0.638003279285844,8400,32913,311,497,100,4757,37,1510,92,37
"403","2020-04-26",342,5,87,907,5489,0.638003279285844,8400,32913,311,497,80,4837,28,1538,77,28
"404","2020-04-27",334,5,93,889,5489,0.638003279285844,8400,32913,311,497,79,4916,35,1573,70,35
"405","2020-04-28",344,5,110,860,5489,0.638003279285844,8400,32913,311,497,52,4968,50,1623,46,50
"406","2020-04-29",341,5,131,833,5489,0.638003279285844,8400,32913,311,497,57,5025,33,1656,44,33
"407","2020-04-30",332,5,147,795,5489,0.638003279285844,8400,32913,311,497,56,5081,34,1690,46,34
"408","2020-05-01",305,5,153,763,5489,0.638003279285844,8400,32913,311,497,67,5148,23,1713,59,23
"409","2020-05-02",294,5,149,728,5489,0.638003279285844,8400,32913,311,497,48,5196,19,1732,40,19
"410","2020-05-03",270,5,160,730,5489,0.638003279285844,8400,32913,311,497,41,5237,17,1749,34,17
"411","2020-05-04",259,5,179,699,5489,0.638003279285844,8400,32913,311,497,44,5281,21,1770,35,21
"412","2020-05-05",226,5,173,669,5489,0.638003279285844,8400,32913,311,497,47,5328,15,1785,36,15
"413","2020-05-06",213,5,172,627,5489,0.638003279285844,8400,32913,311,497,36,5364,24,1809,31,24
"414","2020-05-07",214,5,157,609,5489,0.638003279285844,8400,32913,311,497,31,5395,34,1843,24,34
"415","2020-05-08",192,5,149,610,5489,0.638003279285844,8400,32913,311,497,33,5428,55,1898,24,55
"416","2020-05-09",194,5,135,592,5489,0.638003279285844,8400,32913,311,497,21,5449,38,1936,17,38
"417","2020-05-10",187,5,139,564,5489,0.638003279285844,8400,32913,311,497,37,5486,33,1969,32,33
"418","2020-05-11",177,5,129,525,5489,0.638003279285844,8400,32913,311,497,19,5505,32,2001,14,32
"419","2020-05-12",174,5,131,510,5489,0.638003279285844,8400,32913,311,497,23,5528,27,2028,17,27
"420","2020-05-13",170,5,147,490,5489,0.638003279285844,8400,32913,311,497,23,5551,50,2078,20,50
"421","2020-05-14",160,5,152,484,5489,0.638003279285844,8400,32913,311,497,20,5571,35,2113,16,35
"422","2020-05-15",164,5,138,454,5489,0.638003279285844,8400,32913,311,497,21,5592,20,2133,16,20
"423","2020-05-16",173,5,131,444,5489,0.638003279285844,8400,32913,311,497,23,5615,15,2148,15,15
"424","2020-05-17",157,5,118,421,5489,0.638003279285844,8400,32913,311,497,12,5627,25,2173,8,25
"425","2020-05-18",154,5,108,398,5489,0.638003279285844,8400,32913,311,497,16,5643,33,2206,8,33
"426","2020-05-19",153,5,114,390,5489,0.638003279285844,8400,32913,311,497,16,5659,14,2220,11,14
"427","2020-05-20",148,5,97,379,5489,0.638003279285844,8400,32913,311,497,14,5673,16,2236,10,16
"428","2020-05-21",145,5,90,367,5489,0.638003279285844,8400,32913,311,497,19,5692,35,2271,8,35
"429","2020-05-22",147,5,88,357,5489,0.638003279285844,8400,32913,311,497,15,5707,42,2313,12,42
"430","2020-05-23",136,5,85,340,5489,0.638003279285844,8400,32913,311,497,15,5722,62,2375,12,62
"431","2020-05-24",129,5,90,326,5489,0.638003279285844,8400,32913,311,497,16,5738,25,2400,9,25
"432","2020-05-25",125,5,89,316,5489,0.638003279285844,8400,32913,311,497,16,5754,24,2424,9,24
"433","2020-05-26",121,5,79,302,5489,0.638003279285844,8400,32913,311,497,15,5769,33,2457,13,33
"434","2020-05-27",125,5,71,284,5489,0.638003279285844,8400,32913,311,497,16,5785,13,2470,12,13
"435","2020-05-28",120,5,60,269,5489,0.638003279285844,8400,32913,311,497,12,5797,22,2492,7,22
"436","2020-05-29",106,5,59,248,5489,0.638003279285844,8400,32913,311,497,5,5802,21,2513,3,21
"437","2020-05-30",91,5,63,240,5489,0.638003279285844,8400,32913,311,497,8,5810,34,2547,5,34
"438","2020-05-31",85,5,66,233,5489,0.638003279285844,8400,32913,311,497,9,5819,32,2579,5,32
"439","2020-06-01",79,5,81,213,5489,0.638003279285844,8400,32913,311,497,10,5829,42,2621,7,42
"440","2020-06-02",72,5,74,194,5489,0.638003279285844,8400,32913,311,497,7,5836,26,2647,5,26
"441","2020-06-03",58,5,64,178,5489,0.638003279285844,8400,32913,311,497,9,5845,39,2686,7,39
"442","2020-06-04",59,5,64,158,5489,0.638003279285844,8400,32913,311,497,7,5852,28,2714,5,28
"443","2020-06-05",60,5,62,150,5489,0.638003279285844,8400,32913,311,497,11,5863,33,2747,7,33
"444","2020-06-06",56,5,67,146,5489,0.638003279285844,8400,32913,311,497,9,5872,48,2795,4,48
"445","2020-06-07",48,5,73,138,5489,0.638003279285844,8400,32913,311,497,4,5876,29,2824,2,29
"446","2020-03-07",1,6,0,0,5569,0.733704435266655,8235,33494,335,1223,NA,NA,NA,NA,NA,NA
"447","2020-03-08",1,6,0,0,5569,0.733704435266655,8235,33494,335,1223,NA,NA,NA,NA,NA,NA
"448","2020-03-09",0,6,0,0,5569,0.733704435266655,8235,33494,335,1223,NA,NA,NA,NA,NA,NA
"449","2020-03-10",0,6,0,0,5569,0.733704435266655,8235,33494,335,1223,NA,NA,3,3,NA,3
"450","2020-03-11",0,6,0,0,5569,0.733704435266655,8235,33494,335,1223,31,31,5,8,NA,5
"451","2020-03-12",0,6,0,0,5569,0.733704435266655,8235,33494,335,1223,30,61,12,20,NA,12
"452","2020-03-13",2,6,63,76,5569,0.733704435266655,8235,33494,335,1223,27,88,27,47,6,27
"453","2020-03-14",7,6,69,109,5569,0.733704435266655,8235,33494,335,1223,44,132,26,73,11,26
"454","2020-03-15",19,6,98,145,5569,0.733704435266655,8235,33494,335,1223,36,168,18,91,7,18
"455","2020-03-16",22,6,111,181,5569,0.733704435266655,8235,33494,335,1223,40,208,30,121,17,30
"456","2020-03-17",32,6,106,225,5569,0.733704435266655,8235,33494,335,1223,44,252,19,140,19,19
"457","2020-03-18",39,6,142,275,5569,0.733704435266655,8235,33494,335,1223,57,309,43,183,33,43
"458","2020-03-19",52,6,149,327,5569,0.733704435266655,8235,33494,335,1223,50,359,30,213,31,30
"459","2020-03-20",76,6,138,370,5569,0.733704435266655,8235,33494,335,1223,94,453,37,250,52,37
"460","2020-03-21",104,6,170,428,5569,0.733704435266655,8235,33494,335,1223,66,519,50,300,35,50
"461","2020-03-22",103,6,159,476,5569,0.733704435266655,8235,33494,335,1223,89,608,52,352,66,52
"462","2020-03-23",113,6,147,516,5569,0.733704435266655,8235,33494,335,1223,79,687,31,383,55,31
"463","2020-03-24",118,6,117,555,5569,0.733704435266655,8235,33494,335,1223,92,779,21,404,65,21
"464","2020-03-25",127,6,94,618,5569,0.733704435266655,8235,33494,335,1223,93,872,17,421,71,17
"465","2020-03-26",140,6,93,652,5569,0.733704435266655,8235,33494,335,1223,94,966,15,436,67,15
"466","2020-03-27",168,6,85,684,5569,0.733704435266655,8235,33494,335,1223,97,1063,16,452,74,16
"467","2020-03-28",169,6,79,723,5569,0.733704435266655,8235,33494,335,1223,117,1180,18,470,88,18
"468","2020-03-29",218,6,81,771,5569,0.733704435266655,8235,33494,335,1223,114,1294,14,484,88,14
"469","2020-03-30",223,6,120,792,5569,0.733704435266655,8235,33494,335,1223,120,1414,48,532,98,48
"470","2020-03-31",230,6,124,831,5569,0.733704435266655,8235,33494,335,1223,121,1535,48,580,99,48
"471","2020-04-01",242,6,118,868,5569,0.733704435266655,8235,33494,335,1223,123,1658,33,613,107,33
"472","2020-04-02",260,6,116,915,5569,0.733704435266655,8235,33494,335,1223,133,1791,27,640,105,27
"473","2020-04-03",295,6,118,929,5569,0.733704435266655,8235,33494,335,1223,145,1936,24,664,123,24
"474","2020-04-04",345,6,143,958,5569,0.733704435266655,8235,33494,335,1223,119,2055,49,713,92,49
"475","2020-04-05",313,6,165,988,5569,0.733704435266655,8235,33494,335,1223,139,2194,47,760,112,47
"476","2020-04-06",305,6,195,1003,5569,0.733704435266655,8235,33494,335,1223,118,2312,31,791,98,31
"477","2020-04-07",299,6,233,1018,5569,0.733704435266655,8235,33494,335,1223,103,2415,33,824,76,33
"478","2020-04-08",309,6,249,1047,5569,0.733704435266655,8235,33494,335,1223,124,2539,19,843,101,19
"479","2020-04-09",293,6,254,1065,5569,0.733704435266655,8235,33494,335,1223,140,2679,40,883,110,40
"480","2020-04-10",359,6,284,1090,5569,0.733704435266655,8235,33494,335,1223,134,2813,26,909,106,26
"481","2020-04-11",339,6,286,1120,5569,0.733704435266655,8235,33494,335,1223,116,2929,38,947,93,38
"482","2020-04-12",321,6,251,1115,5569,0.733704435266655,8235,33494,335,1223,114,3043,60,1007,93,60
"483","2020-04-13",336,6,260,1171,5569,0.733704435266655,8235,33494,335,1223,122,3165,46,1053,98,46
"484","2020-04-14",341,6,231,1167,5569,0.733704435266655,8235,33494,335,1223,127,3292,32,1085,101,32
"485","2020-04-15",338,6,212,1199,5569,0.733704435266655,8235,33494,335,1223,100,3392,36,1121,82,36
"486","2020-04-16",369,6,175,1209,5569,0.733704435266655,8235,33494,335,1223,109,3501,26,1147,92,26
"487","2020-04-17",389,6,175,1195,5569,0.733704435266655,8235,33494,335,1223,129,3630,16,1163,108,16
"488","2020-04-18",406,6,156,1202,5569,0.733704435266655,8235,33494,335,1223,104,3734,18,1181,77,18
"489","2020-04-19",418,6,150,1174,5569,0.733704435266655,8235,33494,335,1223,96,3830,21,1202,76,21
"490","2020-04-20",432,6,136,1176,5569,0.733704435266655,8235,33494,335,1223,93,3923,11,1213,77,11
"491","2020-04-21",419,6,127,1161,5569,0.733704435266655,8235,33494,335,1223,94,4017,25,1238,76,25
"492","2020-04-22",415,6,129,1133,5569,0.733704435266655,8235,33494,335,1223,87,4104,57,1295,68,57
"493","2020-04-23",402,6,158,1099,5569,0.733704435266655,8235,33494,335,1223,92,4196,62,1357,76,62
"494","2020-04-24",418,6,166,1064,5569,0.733704435266655,8235,33494,335,1223,80,4276,64,1421,59,64
"495","2020-04-25",402,6,155,1014,5569,0.733704435266655,8235,33494,335,1223,55,4331,83,1504,44,83
"496","2020-04-26",353,6,142,969,5569,0.733704435266655,8235,33494,335,1223,68,4399,40,1544,44,40
"497","2020-04-27",324,6,131,916,5569,0.733704435266655,8235,33494,335,1223,53,4452,55,1599,40,55
"498","2020-04-28",328,6,127,876,5569,0.733704435266655,8235,33494,335,1223,53,4505,65,1664,35,65
"499","2020-04-29",330,6,179,831,5569,0.733704435266655,8235,33494,335,1223,66,4571,41,1705,50,41
"500","2020-04-30",311,6,240,816,5569,0.733704435266655,8235,33494,335,1223,69,4640,19,1724,46,19
"501","2020-05-01",286,6,271,786,5569,0.733704435266655,8235,33494,335,1223,52,4692,48,1772,32,48
"502","2020-05-02",284,6,266,780,5569,0.733704435266655,8235,33494,335,1223,42,4734,34,1806,30,34
"503","2020-05-03",275,6,227,748,5569,0.733704435266655,8235,33494,335,1223,42,4776,49,1855,31,49
"504","2020-05-04",275,6,198,738,5569,0.733704435266655,8235,33494,335,1223,43,4819,42,1897,27,42
"505","2020-05-05",251,6,171,703,5569,0.733704435266655,8235,33494,335,1223,43,4862,46,1943,23,46
"506","2020-05-06",244,6,167,702,5569,0.733704435266655,8235,33494,335,1223,38,4900,41,1984,19,41
"507","2020-05-07",250,6,164,672,5569,0.733704435266655,8235,33494,335,1223,40,4940,28,2012,23,28
"508","2020-05-08",258,6,189,651,5569,0.733704435266655,8235,33494,335,1223,47,4987,15,2027,25,15
"509","2020-05-09",241,6,195,639,5569,0.733704435266655,8235,33494,335,1223,35,5022,13,2040,14,13
"510","2020-05-10",228,6,183,628,5569,0.733704435266655,8235,33494,335,1223,41,5063,8,2048,28,8
"511","2020-05-11",214,6,172,597,5569,0.733704435266655,8235,33494,335,1223,35,5098,8,2056,21,8
"512","2020-05-12",215,6,158,571,5569,0.733704435266655,8235,33494,335,1223,41,5139,8,2064,27,8
"513","2020-05-13",203,6,136,552,5569,0.733704435266655,8235,33494,335,1223,24,5163,12,2076,11,12
"514","2020-05-14",198,6,129,537,5569,0.733704435266655,8235,33494,335,1223,30,5193,8,2084,19,8
"515","2020-05-15",179,6,128,526,5569,0.733704435266655,8235,33494,335,1223,25,5218,18,2102,20,18
"516","2020-05-16",189,6,171,495,5569,0.733704435266655,8235,33494,335,1223,34,5252,42,2144,20,42
"517","2020-05-17",185,6,219,481,5569,0.733704435266655,8235,33494,335,1223,16,5268,45,2189,12,45
"518","2020-05-18",180,6,245,460,5569,0.733704435266655,8235,33494,335,1223,24,5292,37,2226,11,37
"519","2020-05-19",169,6,234,449,5569,0.733704435266655,8235,33494,335,1223,19,5311,21,2247,8,21
"520","2020-05-20",168,6,228,416,5569,0.733704435266655,8235,33494,335,1223,23,5334,36,2283,13,36
"521","2020-05-21",160,6,241,395,5569,0.733704435266655,8235,33494,335,1223,26,5360,34,2317,14,34
"522","2020-05-22",152,6,230,375,5569,0.733704435266655,8235,33494,335,1223,21,5381,47,2364,11,47
"523","2020-05-23",153,6,200,358,5569,0.733704435266655,8235,33494,335,1223,17,5398,29,2393,8,29
"524","2020-05-24",126,6,185,344,5569,0.733704435266655,8235,33494,335,1223,24,5422,20,2413,16,20
"525","2020-05-25",117,6,181,324,5569,0.733704435266655,8235,33494,335,1223,15,5437,42,2455,4,42
"526","2020-05-26",108,6,184,304,5569,0.733704435266655,8235,33494,335,1223,20,5457,48,2503,10,48
"527","2020-05-27",99,6,182,280,5569,0.733704435266655,8235,33494,335,1223,15,5472,36,2539,6,36
"528","2020-05-28",92,6,169,277,5569,0.733704435266655,8235,33494,335,1223,16,5488,20,2559,8,20
"529","2020-05-29",95,6,158,272,5569,0.733704435266655,8235,33494,335,1223,18,5506,13,2572,9,13
"530","2020-05-30",87,6,187,259,5569,0.733704435266655,8235,33494,335,1223,11,5517,46,2618,4,46
"531","2020-05-31",81,6,205,248,5569,0.733704435266655,8235,33494,335,1223,16,5533,41,2659,5,41
"532","2020-06-01",77,6,209,248,5569,0.733704435266655,8235,33494,335,1223,16,5549,27,2686,11,27
"533","2020-06-02",81,6,201,242,5569,0.733704435266655,8235,33494,335,1223,11,5560,20,2706,8,20
"534","2020-06-03",83,6,185,233,5569,0.733704435266655,8235,33494,335,1223,13,5573,31,2737,5,31
"535","2020-06-04",81,6,158,215,5569,0.733704435266655,8235,33494,335,1223,12,5585,19,2756,8,19
"536","2020-06-05",76,6,146,208,5569,0.733704435266655,8235,33494,335,1223,11,5596,6,2762,3,6
"537","2020-06-06",64,6,144,198,5569,0.733704435266655,8235,33494,335,1223,16,5612,6,2768,10,6
"538","2020-06-07",75,6,129,183,5569,0.733704435266655,8235,33494,335,1223,8,5620,25,2793,4,25
"539","2020-03-14",16,7,43,192,5932,0.393122049898854,8355,35713,317,543,19,59,17,110,11,17
"540","2020-03-15",26,7,41,253,5932,0.393122049898854,8355,35713,317,543,21,80,17,127,6,17
"541","2020-03-16",29,7,49,311,5932,0.393122049898854,8355,35713,317,543,24,104,35,162,16,35
"542","2020-03-17",37,7,49,364,5932,0.393122049898854,8355,35713,317,543,34,138,41,203,15,41
"543","2020-03-18",49,7,62,413,5932,0.393122049898854,8355,35713,317,543,33,171,52,255,21,52
"544","2020-03-19",62,7,58,474,5932,0.393122049898854,8355,35713,317,543,29,200,25,280,21,25
"545","2020-03-20",109,7,56,522,5932,0.393122049898854,8355,35713,317,543,51,251,17,297,39,17
"546","2020-03-21",142,7,63,583,5932,0.393122049898854,8355,35713,317,543,49,300,39,336,36,39
"547","2020-03-22",163,7,67,630,5932,0.393122049898854,8355,35713,317,543,56,356,24,360,41,24
"548","2020-03-23",173,7,61,681,5932,0.393122049898854,8355,35713,317,543,51,407,20,380,36,20
"549","2020-03-24",179,7,65,748,5932,0.393122049898854,8355,35713,317,543,57,464,33,413,46,33
"550","2020-03-25",195,7,61,781,5932,0.393122049898854,8355,35713,317,543,65,529,29,442,57,29
"551","2020-03-26",208,7,66,822,5932,0.393122049898854,8355,35713,317,543,89,618,29,471,71,29
"552","2020-03-27",240,7,74,832,5932,0.393122049898854,8355,35713,317,543,71,689,42,513,53,42
"553","2020-03-28",256,7,66,878,5932,0.393122049898854,8355,35713,317,543,88,777,52,565,74,52
"554","2020-03-29",280,7,60,889,5932,0.393122049898854,8355,35713,317,543,75,852,52,617,60,52
"555","2020-03-30",275,7,61,904,5932,0.393122049898854,8355,35713,317,543,90,942,58,675,80,58
"556","2020-03-31",268,7,65,916,5932,0.393122049898854,8355,35713,317,543,92,1034,31,706,77,31
"557","2020-04-01",272,7,80,926,5932,0.393122049898854,8355,35713,317,543,103,1137,14,720,87,14
"558","2020-04-02",277,7,80,944,5932,0.393122049898854,8355,35713,317,543,138,1275,16,736,126,16
"559","2020-04-03",318,7,81,946,5932,0.393122049898854,8355,35713,317,543,105,1380,14,750,87,14
"560","2020-04-04",315,7,87,966,5932,0.393122049898854,8355,35713,317,543,118,1498,15,765,101,15
"561","2020-04-05",306,7,95,981,5932,0.393122049898854,8355,35713,317,543,140,1638,9,774,125,9
"562","2020-04-06",314,7,97,1001,5932,0.393122049898854,8355,35713,317,543,123,1761,13,787,108,13
"563","2020-04-07",305,7,101,1002,5932,0.393122049898854,8355,35713,317,543,132,1893,37,824,116,37
"564","2020-04-08",303,7,115,1031,5932,0.393122049898854,8355,35713,317,543,131,2024,19,843,113,19
"565","2020-04-09",307,7,116,1045,5932,0.393122049898854,8355,35713,317,543,115,2139,43,886,102,43
"566","2020-04-10",346,7,123,1056,5932,0.393122049898854,8355,35713,317,543,109,2248,58,944,91,58
"567","2020-04-11",373,7,137,1063,5932,0.393122049898854,8355,35713,317,543,139,2387,32,976,127,32
"568","2020-04-12",336,7,143,1048,5932,0.393122049898854,8355,35713,317,543,148,2535,21,997,135,21
"569","2020-04-13",323,7,135,1029,5932,0.393122049898854,8355,35713,317,543,120,2655,53,1050,104,53
"570","2020-04-14",333,7,129,1041,5932,0.393122049898854,8355,35713,317,543,116,2771,25,1075,101,25
"571","2020-04-15",333,7,140,1031,5932,0.393122049898854,8355,35713,317,543,127,2898,13,1088,114,13
"572","2020-04-16",338,7,140,1019,5932,0.393122049898854,8355,35713,317,543,105,3003,6,1094,96,6
"573","2020-04-17",333,7,157,1017,5932,0.393122049898854,8355,35713,317,543,125,3128,9,1103,112,9
"574","2020-04-18",317,7,170,1019,5932,0.393122049898854,8355,35713,317,543,97,3225,51,1154,89,51
"575","2020-04-19",315,7,156,1010,5932,0.393122049898854,8355,35713,317,543,118,3343,39,1193,104,39
"576","2020-04-20",309,7,169,995,5932,0.393122049898854,8355,35713,317,543,114,3457,25,1218,99,25
"577","2020-04-21",292,7,143,985,5932,0.393122049898854,8355,35713,317,543,104,3561,47,1265,90,47
"578","2020-04-22",293,7,145,979,5932,0.393122049898854,8355,35713,317,543,93,3654,67,1332,82,67
"579","2020-04-23",289,7,139,957,5932,0.393122049898854,8355,35713,317,543,99,3753,56,1388,89,56
"580","2020-04-24",331,7,136,950,5932,0.393122049898854,8355,35713,317,543,100,3853,35,1423,84,35
"581","2020-04-25",335,7,134,948,5932,0.393122049898854,8355,35713,317,543,82,3935,30,1453,71,30
"582","2020-04-26",307,7,150,942,5932,0.393122049898854,8355,35713,317,543,89,4024,35,1488,76,35
"583","2020-04-27",306,7,167,921,5932,0.393122049898854,8355,35713,317,543,73,4097,26,1514,56,26
"584","2020-04-28",306,7,167,895,5932,0.393122049898854,8355,35713,317,543,92,4189,34,1548,83,34
"585","2020-04-29",308,7,180,865,5932,0.393122049898854,8355,35713,317,543,68,4257,27,1575,55,27
"586","2020-04-30",306,7,173,858,5932,0.393122049898854,8355,35713,317,543,61,4318,28,1603,51,28
"587","2020-05-01",296,7,169,841,5932,0.393122049898854,8355,35713,317,543,61,4379,18,1621,51,18
"588","2020-05-02",291,7,153,834,5932,0.393122049898854,8355,35713,317,543,62,4441,8,1629,52,8
"589","2020-05-03",287,7,142,821,5932,0.393122049898854,8355,35713,317,543,72,4513,13,1642,65,13
"590","2020-05-04",282,7,118,790,5932,0.393122049898854,8355,35713,317,543,64,4577,7,1649,57,7
"591","2020-05-05",270,7,103,765,5932,0.393122049898854,8355,35713,317,543,47,4624,7,1656,41,7
"592","2020-05-06",262,7,89,748,5932,0.393122049898854,8355,35713,317,543,59,4683,9,1665,51,9
"593","2020-05-07",260,7,107,734,5932,0.393122049898854,8355,35713,317,543,51,4734,8,1673,45,8
"594","2020-05-08",246,7,126,708,5932,0.393122049898854,8355,35713,317,543,35,4769,7,1680,31,7
"595","2020-05-09",239,7,145,687,5932,0.393122049898854,8355,35713,317,543,29,4798,19,1699,23,19
"596","2020-05-10",226,7,145,661,5932,0.393122049898854,8355,35713,317,543,44,4842,43,1742,33,43
"597","2020-05-11",218,7,136,633,5932,0.393122049898854,8355,35713,317,543,34,4876,34,1776,27,34
"598","2020-05-12",211,7,143,608,5932,0.393122049898854,8355,35713,317,543,28,4904,22,1798,23,22
"599","2020-05-13",210,7,126,601,5932,0.393122049898854,8355,35713,317,543,28,4932,41,1839,21,41
"600","2020-05-14",199,7,116,578,5932,0.393122049898854,8355,35713,317,543,27,4959,35,1874,22,35
"601","2020-05-15",202,7,126,561,5932,0.393122049898854,8355,35713,317,543,30,4989,33,1907,24,33
"602","2020-05-16",214,7,131,538,5932,0.393122049898854,8355,35713,317,543,19,5008,51,1958,13,51
"603","2020-05-17",190,7,157,516,5932,0.393122049898854,8355,35713,317,543,29,5037,24,1982,20,24
"604","2020-05-18",176,7,139,501,5932,0.393122049898854,8355,35713,317,543,27,5064,9,1991,16,9
"605","2020-05-19",170,7,119,482,5932,0.393122049898854,8355,35713,317,543,25,5089,13,2004,18,13
"606","2020-05-20",164,7,106,454,5932,0.393122049898854,8355,35713,317,543,15,5104,19,2023,11,19
"607","2020-05-21",159,7,113,429,5932,0.393122049898854,8355,35713,317,543,34,5138,16,2039,26,16
"608","2020-05-22",154,7,137,416,5932,0.393122049898854,8355,35713,317,543,16,5154,14,2053,11,14
"609","2020-05-23",147,7,148,404,5932,0.393122049898854,8355,35713,317,543,23,5177,14,2067,15,14
"610","2020-05-24",131,7,137,397,5932,0.393122049898854,8355,35713,317,543,20,5197,26,2093,15,26
"611","2020-05-25",131,7,127,390,5932,0.393122049898854,8355,35713,317,543,15,5212,41,2134,14,41
"612","2020-05-26",127,7,128,377,5932,0.393122049898854,8355,35713,317,543,20,5232,32,2166,13,32
"613","2020-05-27",123,7,114,363,5932,0.393122049898854,8355,35713,317,543,13,5245,32,2198,7,32
"614","2020-05-28",125,7,116,362,5932,0.393122049898854,8355,35713,317,543,18,5263,27,2225,11,27
"615","2020-05-29",117,7,111,344,5932,0.393122049898854,8355,35713,317,543,18,5281,28,2253,13,28
"616","2020-05-30",116,7,118,319,5932,0.393122049898854,8355,35713,317,543,7,5288,16,2269,5,16
"617","2020-05-31",120,7,112,287,5932,0.393122049898854,8355,35713,317,543,14,5302,9,2278,9,9
"618","2020-06-01",115,7,108,283,5932,0.393122049898854,8355,35713,317,543,19,5321,6,2284,14,6
"619","2020-06-02",107,7,88,276,5932,0.393122049898854,8355,35713,317,543,8,5329,7,2291,3,7
"620","2020-06-03",107,7,91,276,5932,0.393122049898854,8355,35713,317,543,14,5343,7,2298,9,7
"621","2020-06-04",99,7,80,261,5932,0.393122049898854,8355,35713,317,543,14,5357,35,2333,12,35
"622","2020-06-05",100,7,86,252,5932,0.393122049898854,8355,35713,317,543,8,5365,22,2355,6,22
"623","2020-06-06",98,7,99,238,5932,0.393122049898854,8355,35713,317,543,4,5369,49,2404,2,49
"624","2020-06-07",92,7,97,218,5932,0.393122049898854,8355,35713,317,543,1,5370,25,2429,NA,25
"625","2020-03-07",1,8,0,0,6025,0.613609958506224,8370,34552,333,1160,NA,NA,NA,NA,NA,NA
"626","2020-03-08",1,8,0,0,6025,0.613609958506224,8370,34552,333,1160,NA,NA,NA,NA,NA,NA
"627","2020-03-09",0,8,0,0,6025,0.613609958506224,8370,34552,333,1160,NA,NA,NA,NA,NA,NA
"628","2020-03-10",0,8,0,0,6025,0.613609958506224,8370,34552,333,1160,NA,NA,NA,NA,NA,NA
"629","2020-03-11",0,8,0,0,6025,0.613609958506224,8370,34552,333,1160,30,30,6,6,NA,6
"630","2020-03-12",0,8,0,0,6025,0.613609958506224,8370,34552,333,1160,25,55,12,18,2,12
"631","2020-03-13",2,8,113,104,6025,0.613609958506224,8370,34552,333,1160,28,83,26,44,4,26
"632","2020-03-14",5,8,115,146,6025,0.613609958506224,8370,34552,333,1160,28,111,26,70,4,26
"633","2020-03-15",16,8,106,202,6025,0.613609958506224,8370,34552,333,1160,24,135,12,82,9,12
"634","2020-03-16",22,8,126,267,6025,0.613609958506224,8370,34552,333,1160,41,176,19,101,13,19
"635","2020-03-17",21,8,144,329,6025,0.613609958506224,8370,34552,333,1160,39,215,20,121,13,20
"636","2020-03-18",34,8,148,392,6025,0.613609958506224,8370,34552,333,1160,47,262,19,140,27,19
"637","2020-03-19",49,8,172,461,6025,0.613609958506224,8370,34552,333,1160,56,318,11,151,28,11
"638","2020-03-20",84,8,181,522,6025,0.613609958506224,8370,34552,333,1160,37,355,10,161,18,10
"639","2020-03-21",107,8,191,601,6025,0.613609958506224,8370,34552,333,1160,51,406,7,168,29,7
"640","2020-03-22",151,8,208,647,6025,0.613609958506224,8370,34552,333,1160,53,459,13,181,27,13
"641","2020-03-23",163,8,210,732,6025,0.613609958506224,8370,34552,333,1160,56,515,20,201,30,20
"642","2020-03-24",178,8,218,780,6025,0.613609958506224,8370,34552,333,1160,65,580,10,211,46,10
"643","2020-03-25",196,8,219,836,6025,0.613609958506224,8370,34552,333,1160,66,646,22,233,41,22
"644","2020-03-26",206,8,227,862,6025,0.613609958506224,8370,34552,333,1160,65,711,25,258,34,25
"645","2020-03-27",261,8,224,915,6025,0.613609958506224,8370,34552,333,1160,71,782,35,293,40,35
"646","2020-03-28",334,8,226,962,6025,0.613609958506224,8370,34552,333,1160,72,854,37,330,48,37
"647","2020-03-29",300,8,225,1005,6025,0.613609958506224,8370,34552,333,1160,71,925,32,362,40,32
"648","2020-03-30",301,8,241,1057,6025,0.613609958506224,8370,34552,333,1160,88,1013,24,386,62,24
"649","2020-03-31",306,8,243,1070,6025,0.613609958506224,8370,34552,333,1160,77,1090,26,412,46,26
"650","2020-04-01",309,8,272,1123,6025,0.613609958506224,8370,34552,333,1160,83,1173,13,425,53,13
"651","2020-04-02",332,8,265,1162,6025,0.613609958506224,8370,34552,333,1160,82,1255,26,451,57,26
"652","2020-04-03",416,8,264,1201,6025,0.613609958506224,8370,34552,333,1160,70,1325,28,479,52,28
"653","2020-04-04",393,8,259,1232,6025,0.613609958506224,8370,34552,333,1160,56,1381,37,516,35,37
"654","2020-04-05",395,8,229,1248,6025,0.613609958506224,8370,34552,333,1160,83,1464,37,553,47,37
"655","2020-04-06",398,8,246,1275,6025,0.613609958506224,8370,34552,333,1160,87,1551,24,577,57,24
"656","2020-04-07",398,8,264,1264,6025,0.613609958506224,8370,34552,333,1160,81,1632,30,607,48,30
"657","2020-04-08",414,8,271,1233,6025,0.613609958506224,8370,34552,333,1160,73,1705,33,640,42,33
"658","2020-04-09",409,8,244,1250,6025,0.613609958506224,8370,34552,333,1160,101,1806,21,661,57,21
"659","2020-04-10",465,8,242,1255,6025,0.613609958506224,8370,34552,333,1160,104,1910,13,674,61,13
"660","2020-04-11",459,8,234,1267,6025,0.613609958506224,8370,34552,333,1160,67,1977,38,712,41,38
"661","2020-04-12",418,8,238,1259,6025,0.613609958506224,8370,34552,333,1160,84,2061,23,735,48,23
"662","2020-04-13",409,8,286,1250,6025,0.613609958506224,8370,34552,333,1160,90,2151,25,760,63,25
"663","2020-04-14",410,8,310,1225,6025,0.613609958506224,8370,34552,333,1160,87,2238,34,794,53,34
"664","2020-04-15",416,8,306,1212,6025,0.613609958506224,8370,34552,333,1160,71,2309,52,846,48,52
"665","2020-04-16",421,8,325,1208,6025,0.613609958506224,8370,34552,333,1160,90,2399,22,868,61,22
"666","2020-04-17",426,8,346,1194,6025,0.613609958506224,8370,34552,333,1160,75,2474,26,894,51,26
"667","2020-04-18",423,8,339,1178,6025,0.613609958506224,8370,34552,333,1160,77,2551,24,918,49,24
"668","2020-04-19",387,8,336,1163,6025,0.613609958506224,8370,34552,333,1160,65,2616,31,949,44,31
"669","2020-04-20",384,8,319,1137,6025,0.613609958506224,8370,34552,333,1160,81,2697,21,970,59,21
"670","2020-04-21",365,8,315,1111,6025,0.613609958506224,8370,34552,333,1160,79,2776,30,1000,47,30
"671","2020-04-22",345,8,298,1080,6025,0.613609958506224,8370,34552,333,1160,76,2852,42,1042,51,42
"672","2020-04-23",338,8,270,1047,6025,0.613609958506224,8370,34552,333,1160,61,2913,31,1073,29,31
"673","2020-04-24",341,8,302,1014,6025,0.613609958506224,8370,34552,333,1160,54,2967,13,1086,30,13
"674","2020-04-25",354,8,319,975,6025,0.613609958506224,8370,34552,333,1160,51,3018,28,1114,32,28
"675","2020-04-26",344,8,314,943,6025,0.613609958506224,8370,34552,333,1160,55,3073,44,1158,31,44
"676","2020-04-27",330,8,310,881,6025,0.613609958506224,8370,34552,333,1160,67,3140,48,1206,44,48
"677","2020-04-28",306,8,317,830,6025,0.613609958506224,8370,34552,333,1160,76,3216,55,1261,44,55
"678","2020-04-29",305,8,328,805,6025,0.613609958506224,8370,34552,333,1160,64,3280,33,1294,36,33
"679","2020-04-30",297,8,326,786,6025,0.613609958506224,8370,34552,333,1160,54,3334,19,1313,21,19
"680","2020-05-01",297,8,321,765,6025,0.613609958506224,8370,34552,333,1160,66,3400,14,1327,44,14
"681","2020-05-02",285,8,337,738,6025,0.613609958506224,8370,34552,333,1160,51,3451,40,1367,29,40
"682","2020-05-03",246,8,348,720,6025,0.613609958506224,8370,34552,333,1160,66,3517,49,1416,38,49
"683","2020-05-04",247,8,328,723,6025,0.613609958506224,8370,34552,333,1160,57,3574,31,1447,32,31
"684","2020-05-05",253,8,293,701,6025,0.613609958506224,8370,34552,333,1160,41,3615,48,1495,20,48
"685","2020-05-06",246,8,296,681,6025,0.613609958506224,8370,34552,333,1160,43,3658,21,1516,22,21
"686","2020-05-07",236,8,283,655,6025,0.613609958506224,8370,34552,333,1160,56,3714,22,1538,32,22
"687","2020-05-08",239,8,286,635,6025,0.613609958506224,8370,34552,333,1160,39,3753,14,1552,21,14
"688","2020-05-09",232,8,284,623,6025,0.613609958506224,8370,34552,333,1160,50,3803,18,1570,25,18
"689","2020-05-10",228,8,271,619,6025,0.613609958506224,8370,34552,333,1160,25,3828,45,1615,14,45
"690","2020-05-11",212,8,298,613,6025,0.613609958506224,8370,34552,333,1160,47,3875,31,1646,28,31
"691","2020-05-12",208,8,262,585,6025,0.613609958506224,8370,34552,333,1160,29,3904,21,1667,13,21
"692","2020-05-13",204,8,250,561,6025,0.613609958506224,8370,34552,333,1160,47,3951,37,1704,24,37
"693","2020-05-14",200,8,241,538,6025,0.613609958506224,8370,34552,333,1160,35,3986,37,1741,14,37
"694","2020-05-15",182,8,242,519,6025,0.613609958506224,8370,34552,333,1160,40,4026,39,1780,24,39
"695","2020-05-16",186,8,246,482,6025,0.613609958506224,8370,34552,333,1160,34,4060,33,1813,23,33
"696","2020-05-17",162,8,272,448,6025,0.613609958506224,8370,34552,333,1160,26,4086,38,1851,11,38
"697","2020-05-18",156,8,265,430,6025,0.613609958506224,8370,34552,333,1160,27,4113,31,1882,19,31
"698","2020-05-19",147,8,281,408,6025,0.613609958506224,8370,34552,333,1160,30,4143,34,1916,20,34
"699","2020-05-20",137,8,255,378,6025,0.613609958506224,8370,34552,333,1160,16,4159,36,1952,6,36
"700","2020-05-21",132,8,258,362,6025,0.613609958506224,8370,34552,333,1160,23,4182,41,1993,9,41
"701","2020-05-22",129,8,260,331,6025,0.613609958506224,8370,34552,333,1160,31,4213,24,2017,17,24
"702","2020-05-23",125,8,261,320,6025,0.613609958506224,8370,34552,333,1160,28,4241,19,2036,14,19
"703","2020-05-24",124,8,279,293,6025,0.613609958506224,8370,34552,333,1160,26,4267,10,2046,17,10
"704","2020-05-25",120,8,289,288,6025,0.613609958506224,8370,34552,333,1160,25,4292,12,2058,13,12
"705","2020-05-26",107,8,291,266,6025,0.613609958506224,8370,34552,333,1160,18,4310,11,2069,9,11
"706","2020-05-27",101,8,269,258,6025,0.613609958506224,8370,34552,333,1160,22,4332,13,2082,11,13
"707","2020-05-28",100,8,265,259,6025,0.613609958506224,8370,34552,333,1160,15,4347,34,2116,7,34
"708","2020-05-29",91,8,269,243,6025,0.613609958506224,8370,34552,333,1160,22,4369,14,2130,6,14
"709","2020-05-30",79,8,246,228,6025,0.613609958506224,8370,34552,333,1160,17,4386,10,2140,4,10
"710","2020-05-31",72,8,250,222,6025,0.613609958506224,8370,34552,333,1160,18,4404,11,2151,8,11
"711","2020-06-01",69,8,253,211,6025,0.613609958506224,8370,34552,333,1160,15,4419,19,2170,6,19
"712","2020-06-02",70,8,236,190,6025,0.613609958506224,8370,34552,333,1160,19,4438,16,2186,9,16
"713","2020-06-03",66,8,233,173,6025,0.613609958506224,8370,34552,333,1160,23,4461,6,2192,14,6
"714","2020-06-04",57,8,227,164,6025,0.613609958506224,8370,34552,333,1160,19,4480,7,2199,12,7
"715","2020-06-05",58,8,214,159,6025,0.613609958506224,8370,34552,333,1160,15,4495,5,2204,6,5
"716","2020-06-06",64,8,208,157,6025,0.613609958506224,8370,34552,333,1160,22,4517,11,2215,7,11
"717","2020-06-07",53,8,205,156,6025,0.613609958506224,8370,34552,333,1160,11,4528,14,2229,6,14
"718","2020-03-13",1,9,74,46,6187,0.935025052529497,8415,32346,332,905,12,26,6,59,2,6
"719","2020-03-14",2,9,88,64,6187,0.935025052529497,8415,32346,332,905,9,35,13,72,5,13
"720","2020-03-15",6,9,108,86,6187,0.935025052529497,8415,32346,332,905,22,57,25,97,12,25
"721","2020-03-16",9,9,109,116,6187,0.935025052529497,8415,32346,332,905,16,73,26,123,14,26
"722","2020-03-17",13,9,126,160,6187,0.935025052529497,8415,32346,332,905,19,92,20,143,12,20
"723","2020-03-18",19,9,151,196,6187,0.935025052529497,8415,32346,332,905,31,123,17,160,25,17
"724","2020-03-19",29,9,170,238,6187,0.935025052529497,8415,32346,332,905,32,155,45,205,25,45
"725","2020-03-20",37,9,178,296,6187,0.935025052529497,8415,32346,332,905,29,184,50,255,26,50
"726","2020-03-21",60,9,164,366,6187,0.935025052529497,8415,32346,332,905,42,226,36,291,37,36
"727","2020-03-22",94,9,144,415,6187,0.935025052529497,8415,32346,332,905,47,273,45,336,39,45
"728","2020-03-23",102,9,136,474,6187,0.935025052529497,8415,32346,332,905,54,327,31,367,47,31
"729","2020-03-24",105,9,148,530,6187,0.935025052529497,8415,32346,332,905,55,382,17,384,48,17
"730","2020-03-25",120,9,143,583,6187,0.935025052529497,8415,32346,332,905,71,453,42,426,66,42
"731","2020-03-26",128,9,141,680,6187,0.935025052529497,8415,32346,332,905,69,522,25,451,59,25
"732","2020-03-27",192,9,148,757,6187,0.935025052529497,8415,32346,332,905,70,592,35,486,63,35
"733","2020-03-28",235,9,146,845,6187,0.935025052529497,8415,32346,332,905,92,684,49,535,85,49
"734","2020-03-29",221,9,150,909,6187,0.935025052529497,8415,32346,332,905,98,782,39,574,91,39
"735","2020-03-30",215,9,145,1011,6187,0.935025052529497,8415,32346,332,905,112,894,59,633,101,59
"736","2020-03-31",236,9,170,1073,6187,0.935025052529497,8415,32346,332,905,124,1018,27,660,113,27
"737","2020-04-01",258,9,187,1168,6187,0.935025052529497,8415,32346,332,905,102,1120,59,719,96,59
"738","2020-04-02",279,9,172,1228,6187,0.935025052529497,8415,32346,332,905,121,1241,42,761,114,42
"739","2020-04-03",352,9,175,1292,6187,0.935025052529497,8415,32346,332,905,114,1355,15,776,106,15
"740","2020-04-04",367,9,183,1415,6187,0.935025052529497,8415,32346,332,905,124,1479,58,834,120,58
"741","2020-04-05",390,9,196,1477,6187,0.935025052529497,8415,32346,332,905,137,1616,21,855,133,21
"742","2020-04-06",403,9,222,1569,6187,0.935025052529497,8415,32346,332,905,152,1768,24,879,145,24
"743","2020-04-07",416,9,218,1656,6187,0.935025052529497,8415,32346,332,905,157,1925,46,925,150,46
"744","2020-04-08",432,9,246,1691,6187,0.935025052529497,8415,32346,332,905,184,2109,36,961,175,36
"745","2020-04-09",459,9,240,1744,6187,0.935025052529497,8415,32346,332,905,159,2268,61,1022,155,61
"746","2020-04-10",594,9,242,1778,6187,0.935025052529497,8415,32346,332,905,206,2474,29,1051,201,29
"747","2020-04-11",642,9,210,1829,6187,0.935025052529497,8415,32346,332,905,171,2645,21,1072,165,21
"748","2020-04-12",598,9,183,1866,6187,0.935025052529497,8415,32346,332,905,141,2786,22,1094,136,22
"749","2020-04-13",602,9,197,1891,6187,0.935025052529497,8415,32346,332,905,194,2980,20,1114,187,20
"750","2020-04-14",603,9,216,1898,6187,0.935025052529497,8415,32346,332,905,159,3139,27,1141,154,27
"751","2020-04-15",608,9,217,1902,6187,0.935025052529497,8415,32346,332,905,187,3326,35,1176,178,35
"752","2020-04-16",621,9,195,1861,6187,0.935025052529497,8415,32346,332,905,157,3483,35,1211,152,35
"753","2020-04-17",681,9,167,1812,6187,0.935025052529497,8415,32346,332,905,178,3661,67,1278,169,67
"754","2020-04-18",651,9,135,1756,6187,0.935025052529497,8415,32346,332,905,138,3799,73,1351,136,73
"755","2020-04-19",617,9,122,1698,6187,0.935025052529497,8415,32346,332,905,152,3951,35,1386,143,35
"756","2020-04-20",634,9,126,1666,6187,0.935025052529497,8415,32346,332,905,140,4091,25,1411,138,25
"757","2020-04-21",615,9,145,1588,6187,0.935025052529497,8415,32346,332,905,136,4227,33,1444,133,33
"758","2020-04-22",614,9,173,1509,6187,0.935025052529497,8415,32346,332,905,142,4369,28,1472,136,28
"759","2020-04-23",598,9,220,1448,6187,0.935025052529497,8415,32346,332,905,116,4485,38,1510,110,38
"760","2020-04-24",554,9,225,1369,6187,0.935025052529497,8415,32346,332,905,107,4592,13,1523,100,13
"761","2020-04-25",564,9,217,1316,6187,0.935025052529497,8415,32346,332,905,101,4693,57,1580,96,57
"762","2020-04-26",512,9,200,1230,6187,0.935025052529497,8415,32346,332,905,77,4770,28,1608,75,28
"763","2020-04-27",474,9,195,1151,6187,0.935025052529497,8415,32346,332,905,80,4850,20,1628,78,20
"764","2020-04-28",465,9,175,1048,6187,0.935025052529497,8415,32346,332,905,98,4948,14,1642,95,14
"765","2020-04-29",453,9,167,967,6187,0.935025052529497,8415,32346,332,905,70,5018,20,1662,66,20
"766","2020-04-30",429,9,209,897,6187,0.935025052529497,8415,32346,332,905,89,5107,47,1709,86,47
"767","2020-05-01",378,9,226,834,6187,0.935025052529497,8415,32346,332,905,57,5164,32,1741,51,32
"768","2020-05-02",335,9,207,764,6187,0.935025052529497,8415,32346,332,905,67,5231,16,1757,64,16
"769","2020-05-03",304,9,192,687,6187,0.935025052529497,8415,32346,332,905,46,5277,21,1778,42,21
"770","2020-05-04",283,9,191,645,6187,0.935025052529497,8415,32346,332,905,52,5329,12,1790,47,12
"771","2020-05-05",258,9,215,592,6187,0.935025052529497,8415,32346,332,905,37,5366,13,1803,33,13
"772","2020-05-06",224,9,230,554,6187,0.935025052529497,8415,32346,332,905,33,5399,22,1825,29,22
"773","2020-05-07",204,9,266,507,6187,0.935025052529497,8415,32346,332,905,40,5439,52,1877,39,52
"774","2020-05-08",169,9,249,459,6187,0.935025052529497,8415,32346,332,905,28,5467,87,1964,25,87
"775","2020-05-09",175,9,230,437,6187,0.935025052529497,8415,32346,332,905,32,5499,43,2007,28,43
"776","2020-05-10",163,9,233,401,6187,0.935025052529497,8415,32346,332,905,21,5520,17,2024,21,17
"777","2020-05-11",151,9,214,368,6187,0.935025052529497,8415,32346,332,905,23,5543,25,2049,19,25
"778","2020-05-12",143,9,209,357,6187,0.935025052529497,8415,32346,332,905,16,5559,30,2079,15,30
"779","2020-05-13",134,9,209,323,6187,0.935025052529497,8415,32346,332,905,26,5585,61,2140,20,61
"780","2020-05-14",126,9,216,286,6187,0.935025052529497,8415,32346,332,905,16,5601,37,2177,14,37
"781","2020-05-15",121,9,218,262,6187,0.935025052529497,8415,32346,332,905,22,5623,47,2224,17,47
"782","2020-05-16",109,9,175,259,6187,0.935025052529497,8415,32346,332,905,18,5641,27,2251,13,27
"783","2020-05-17",103,9,169,235,6187,0.935025052529497,8415,32346,332,905,15,5656,17,2268,12,17
"784","2020-05-18",96,9,154,224,6187,0.935025052529497,8415,32346,332,905,16,5672,24,2292,15,24
"785","2020-05-19",83,9,136,202,6187,0.935025052529497,8415,32346,332,905,17,5689,51,2343,14,51
"786","2020-05-20",87,9,124,191,6187,0.935025052529497,8415,32346,332,905,12,5701,32,2375,12,32
"787","2020-05-21",84,9,103,175,6187,0.935025052529497,8415,32346,332,905,8,5709,34,2409,7,34
"788","2020-05-22",78,9,104,160,6187,0.935025052529497,8415,32346,332,905,15,5724,19,2428,13,19
"789","2020-05-23",69,9,120,143,6187,0.935025052529497,8415,32346,332,905,11,5735,11,2439,9,11
"790","2020-05-24",50,9,130,132,6187,0.935025052529497,8415,32346,332,905,7,5742,35,2474,7,35
"791","2020-05-25",45,9,125,123,6187,0.935025052529497,8415,32346,332,905,12,5754,25,2499,10,25
"792","2020-05-26",45,9,162,115,6187,0.935025052529497,8415,32346,332,905,10,5764,39,2538,10,39
"793","2020-05-27",38,9,188,123,6187,0.935025052529497,8415,32346,332,905,3,5767,38,2576,2,38
"794","2020-05-28",32,9,185,125,6187,0.935025052529497,8415,32346,332,905,6,5773,23,2599,5,23
"795","2020-05-29",32,9,178,113,6187,0.935025052529497,8415,32346,332,905,3,5776,22,2621,2,22
"796","2020-05-30",33,9,161,106,6187,0.935025052529497,8415,32346,332,905,8,5784,42,2663,5,42
"797","2020-05-31",33,9,190,98,6187,0.935025052529497,8415,32346,332,905,4,5788,28,2691,1,28
"798","2020-06-01",32,9,195,97,6187,0.935025052529497,8415,32346,332,905,9,5797,19,2710,8,19
"799","2020-06-02",27,9,205,91,6187,0.935025052529497,8415,32346,332,905,7,5804,44,2754,5,44
"800","2020-06-03",24,9,174,89,6187,0.935025052529497,8415,32346,332,905,4,5808,30,2784,3,30
"801","2020-06-04",24,9,156,89,6187,0.935025052529497,8415,32346,332,905,3,5811,17,2801,2,17
"802","2020-06-05",22,9,175,77,6187,0.935025052529497,8415,32346,332,905,4,5815,24,2825,3,24
"803","2020-06-06",22,9,177,77,6187,0.935025052529497,8415,32346,332,905,5,5820,41,2866,4,41
"804","2020-06-07",24,9,165,72,6187,0.935025052529497,8415,32346,332,905,3,5823,25,2891,1,25
"805","2020-03-15",1,10,89,51,5904,0.900745257452574,8355,31844,335,979,40,144,13,66,15,13
"806","2020-03-16",1,10,103,65,5904,0.900745257452574,8355,31844,335,979,41,185,9,75,26,9
"807","2020-03-17",2,10,117,91,5904,0.900745257452574,8355,31844,335,979,41,226,22,97,19,22
"808","2020-03-18",3,10,120,118,5904,0.900745257452574,8355,31844,335,979,61,287,23,120,37,23
"809","2020-03-19",8,10,134,139,5904,0.900745257452574,8355,31844,335,979,54,341,21,141,36,21
"810","2020-03-20",13,10,134,159,5904,0.900745257452574,8355,31844,335,979,59,400,21,162,40,21
"811","2020-03-21",23,10,122,191,5904,0.900745257452574,8355,31844,335,979,83,483,19,181,59,19
"812","2020-03-22",36,10,111,232,5904,0.900745257452574,8355,31844,335,979,102,585,9,190,80,9
"813","2020-03-23",38,10,128,279,5904,0.900745257452574,8355,31844,335,979,93,678,4,194,64,4
"814","2020-03-24",46,10,127,332,5904,0.900745257452574,8355,31844,335,979,89,767,6,200,70,6
"815","2020-03-25",61,10,142,389,5904,0.900745257452574,8355,31844,335,979,116,883,8,208,98,8
"816","2020-03-26",74,10,153,445,5904,0.900745257452574,8355,31844,335,979,105,988,31,239,83,31
"817","2020-03-27",97,10,182,490,5904,0.900745257452574,8355,31844,335,979,93,1081,26,265,78,26
"818","2020-03-28",161,10,194,543,5904,0.900745257452574,8355,31844,335,979,122,1203,15,280,101,15
"819","2020-03-29",182,10,214,605,5904,0.900745257452574,8355,31844,335,979,102,1305,17,297,80,17
"820","2020-03-30",194,10,202,677,5904,0.900745257452574,8355,31844,335,979,98,1403,27,324,80,27
"821","2020-03-31",198,10,216,738,5904,0.900745257452574,8355,31844,335,979,133,1536,16,340,104,16
"822","2020-04-01",207,10,208,828,5904,0.900745257452574,8355,31844,335,979,107,1643,18,358,85,18
"823","2020-04-02",220,10,215,907,5904,0.900745257452574,8355,31844,335,979,115,1758,15,373,88,15
"824","2020-04-03",297,10,203,990,5904,0.900745257452574,8355,31844,335,979,166,1924,5,378,148,5
"825","2020-04-04",300,10,203,1073,5904,0.900745257452574,8355,31844,335,979,134,2058,11,389,113,11
"826","2020-04-05",317,10,203,1161,5904,0.900745257452574,8355,31844,335,979,110,2168,35,424,83,35
"827","2020-04-06",329,10,181,1229,5904,0.900745257452574,8355,31844,335,979,110,2278,40,464,90,40
"828","2020-04-07",349,10,175,1331,5904,0.900745257452574,8355,31844,335,979,134,2412,20,484,115,20
"829","2020-04-08",369,10,195,1388,5904,0.900745257452574,8355,31844,335,979,135,2547,21,505,100,21
"830","2020-04-09",394,10,190,1476,5904,0.900745257452574,8355,31844,335,979,111,2658,22,527,86,22
"831","2020-04-10",521,10,199,1537,5904,0.900745257452574,8355,31844,335,979,109,2767,38,565,84,38
"832","2020-04-11",532,10,176,1599,5904,0.900745257452574,8355,31844,335,979,90,2857,31,596,72,31
"833","2020-04-12",500,10,191,1610,5904,0.900745257452574,8355,31844,335,979,111,2968,19,615,94,19
"834","2020-04-13",527,10,198,1697,5904,0.900745257452574,8355,31844,335,979,97,3065,17,632,82,17
"835","2020-04-14",534,10,195,1732,5904,0.900745257452574,8355,31844,335,979,124,3189,20,652,99,20
"836","2020-04-15",558,10,193,1727,5904,0.900745257452574,8355,31844,335,979,128,3317,24,676,109,24
"837","2020-04-16",572,10,183,1713,5904,0.900745257452574,8355,31844,335,979,86,3403,39,715,66,39
"838","2020-04-17",630,10,160,1745,5904,0.900745257452574,8355,31844,335,979,75,3478,13,728,61,13
"839","2020-04-18",649,10,150,1722,5904,0.900745257452574,8355,31844,335,979,104,3582,23,751,82,23
"840","2020-04-19",577,10,157,1713,5904,0.900745257452574,8355,31844,335,979,88,3670,19,770,56,19
"841","2020-04-20",543,10,167,1710,5904,0.900745257452574,8355,31844,335,979,85,3755,55,825,69,55
"842","2020-04-21",543,10,215,1678,5904,0.900745257452574,8355,31844,335,979,88,3843,50,875,75,50
"843","2020-04-22",535,10,212,1663,5904,0.900745257452574,8355,31844,335,979,97,3940,34,909,76,34
"844","2020-04-23",539,10,186,1606,5904,0.900745257452574,8355,31844,335,979,76,4016,21,930,59,21
"845","2020-04-24",571,10,180,1539,5904,0.900745257452574,8355,31844,335,979,56,4072,24,954,44,24
"846","2020-04-25",548,10,157,1517,5904,0.900745257452574,8355,31844,335,979,53,4125,17,971,33,17
"847","2020-04-26",527,10,153,1454,5904,0.900745257452574,8355,31844,335,979,70,4195,22,993,52,22
"848","2020-04-27",524,10,152,1388,5904,0.900745257452574,8355,31844,335,979,46,4241,33,1026,29,33
"849","2020-04-28",511,10,146,1304,5904,0.900745257452574,8355,31844,335,979,47,4288,39,1065,32,39
"850","2020-04-29",494,10,174,1243,5904,0.900745257452574,8355,31844,335,979,57,4345,31,1096,42,31
"851","2020-04-30",469,10,213,1185,5904,0.900745257452574,8355,31844,335,979,58,4403,21,1117,39,21
"852","2020-05-01",428,10,238,1105,5904,0.900745257452574,8355,31844,335,979,42,4445,17,1134,25,17
"853","2020-05-02",432,10,230,997,5904,0.900745257452574,8355,31844,335,979,32,4477,42,1176,24,42
"854","2020-05-03",392,10,206,944,5904,0.900745257452574,8355,31844,335,979,46,4523,16,1192,28,16
"855","2020-05-04",369,10,186,873,5904,0.900745257452574,8355,31844,335,979,44,4567,17,1209,26,17
"856","2020-05-05",361,10,193,819,5904,0.900745257452574,8355,31844,335,979,51,4618,32,1241,38,32
"857","2020-05-06",346,10,227,735,5904,0.900745257452574,8355,31844,335,979,46,4664,49,1290,30,49
"858","2020-05-07",322,10,241,688,5904,0.900745257452574,8355,31844,335,979,56,4720,29,1319,35,29
"859","2020-05-08",282,10,249,639,5904,0.900745257452574,8355,31844,335,979,36,4756,29,1348,22,29
"860","2020-05-09",268,10,243,585,5904,0.900745257452574,8355,31844,335,979,35,4791,28,1376,28,28
"861","2020-05-10",241,10,237,553,5904,0.900745257452574,8355,31844,335,979,28,4819,16,1392,22,16
"862","2020-05-11",221,10,203,510,5904,0.900745257452574,8355,31844,335,979,34,4853,13,1405,24,13
"863","2020-05-12",195,10,202,451,5904,0.900745257452574,8355,31844,335,979,26,4879,29,1434,17,29
"864","2020-05-13",183,10,187,410,5904,0.900745257452574,8355,31844,335,979,37,4916,28,1462,28,28
"865","2020-05-14",176,10,179,377,5904,0.900745257452574,8355,31844,335,979,32,4948,13,1475,17,13
"866","2020-05-15",151,10,172,355,5904,0.900745257452574,8355,31844,335,979,23,4971,18,1493,17,18
"867","2020-05-16",132,10,191,334,5904,0.900745257452574,8355,31844,335,979,31,5002,24,1517,22,24
"868","2020-05-17",121,10,180,320,5904,0.900745257452574,8355,31844,335,979,24,5026,41,1558,19,41
"869","2020-05-18",116,10,190,292,5904,0.900745257452574,8355,31844,335,979,25,5051,15,1573,13,15
"870","2020-05-19",112,10,185,264,5904,0.900745257452574,8355,31844,335,979,23,5074,24,1597,17,24
"871","2020-05-20",109,10,203,248,5904,0.900745257452574,8355,31844,335,979,24,5098,23,1620,10,23
"872","2020-05-21",96,10,179,240,5904,0.900745257452574,8355,31844,335,979,26,5124,32,1652,12,32
"873","2020-05-22",88,10,163,220,5904,0.900745257452574,8355,31844,335,979,19,5143,19,1671,11,19
"874","2020-05-23",93,10,160,205,5904,0.900745257452574,8355,31844,335,979,22,5165,16,1687,11,16
"875","2020-05-24",90,10,152,188,5904,0.900745257452574,8355,31844,335,979,16,5181,26,1713,10,26
"876","2020-05-25",80,10,149,179,5904,0.900745257452574,8355,31844,335,979,18,5199,19,1732,8,19
"877","2020-05-26",71,10,137,177,5904,0.900745257452574,8355,31844,335,979,16,5215,17,1749,5,17
"878","2020-05-27",70,10,140,164,5904,0.900745257452574,8355,31844,335,979,12,5227,29,1778,5,29
"879","2020-05-28",68,10,128,145,5904,0.900745257452574,8355,31844,335,979,8,5235,22,1800,3,22
"880","2020-05-29",63,10,123,141,5904,0.900745257452574,8355,31844,335,979,16,5251,27,1827,13,27
"881","2020-05-30",62,10,131,127,5904,0.900745257452574,8355,31844,335,979,12,5263,29,1856,7,29
"882","2020-05-31",49,10,149,113,5904,0.900745257452574,8355,31844,335,979,7,5270,32,1888,3,32
"883","2020-06-01",41,10,166,110,5904,0.900745257452574,8355,31844,335,979,8,5278,15,1903,7,15
"884","2020-06-02",40,10,178,97,5904,0.900745257452574,8355,31844,335,979,10,5288,11,1914,6,11
"885","2020-06-03",32,10,188,90,5904,0.900745257452574,8355,31844,335,979,10,5298,16,1930,5,16
"886","2020-06-04",34,10,175,85,5904,0.900745257452574,8355,31844,335,979,11,5309,23,1953,5,23
"887","2020-06-05",36,10,158,83,5904,0.900745257452574,8355,31844,335,979,10,5319,11,1964,1,11
"888","2020-06-06",36,10,140,81,5904,0.900745257452574,8355,31844,335,979,7,5326,14,1978,2,14
"889","2020-06-07",30,10,130,78,5904,0.900745257452574,8355,31844,335,979,10,5336,14,1992,6,14
"890","2020-03-08",1,11,0,0,6574,0.692120474596897,8505,34890,360,766,NA,NA,NA,NA,NA,NA
"891","2020-03-09",1,11,0,0,6574,0.692120474596897,8505,34890,360,766,NA,NA,NA,NA,NA,NA
"892","2020-03-10",0,11,0,0,6574,0.692120474596897,8505,34890,360,766,NA,NA,1,1,NA,1
"893","2020-03-11",0,11,0,0,6574,0.692120474596897,8505,34890,360,766,34,34,8,9,NA,8
"894","2020-03-12",0,11,0,0,6574,0.692120474596897,8505,34890,360,766,36,70,31,40,2,31
"895","2020-03-13",1,11,93,77,6574,0.692120474596897,8505,34890,360,766,62,132,37,77,13,37
"896","2020-03-14",7,11,134,110,6574,0.692120474596897,8505,34890,360,766,46,178,49,126,10,49
"897","2020-03-15",19,11,129,148,6574,0.692120474596897,8505,34890,360,766,92,270,68,194,32,68
"898","2020-03-16",26,11,115,200,6574,0.692120474596897,8505,34890,360,766,60,330,46,240,22,46
"899","2020-03-17",32,11,110,242,6574,0.692120474596897,8505,34890,360,766,63,393,49,289,31,49
"900","2020-03-18",42,11,109,300,6574,0.692120474596897,8505,34890,360,766,84,477,35,324,37,35
"901","2020-03-19",53,11,101,347,6574,0.692120474596897,8505,34890,360,766,102,579,21,345,59,21
"902","2020-03-20",77,11,108,410,6574,0.692120474596897,8505,34890,360,766,73,652,31,376,41,31
"903","2020-03-21",99,11,125,475,6574,0.692120474596897,8505,34890,360,766,106,758,42,418,58,42
"904","2020-03-22",117,11,163,551,6574,0.692120474596897,8505,34890,360,766,93,851,49,467,60,49
"905","2020-03-23",124,11,177,615,6574,0.692120474596897,8505,34890,360,766,99,950,58,525,60,58
"906","2020-03-24",129,11,185,676,6574,0.692120474596897,8505,34890,360,766,133,1083,32,557,86,32
"907","2020-03-25",145,11,197,740,6574,0.692120474596897,8505,34890,360,766,97,1180,38,595,63,38
"908","2020-03-26",166,11,211,821,6574,0.692120474596897,8505,34890,360,766,123,1303,28,623,88,28
"909","2020-03-27",215,11,219,899,6574,0.692120474596897,8505,34890,360,766,147,1450,38,661,99,38
"910","2020-03-28",237,11,216,983,6574,0.692120474596897,8505,34890,360,766,105,1555,36,697,71,36
"911","2020-03-29",302,11,220,1021,6574,0.692120474596897,8505,34890,360,766,117,1672,28,725,87,28
"912","2020-03-30",312,11,208,1093,6574,0.692120474596897,8505,34890,360,766,111,1783,40,765,79,40
"913","2020-03-31",312,11,181,1142,6574,0.692120474596897,8505,34890,360,766,96,1879,25,790,70,25
"914","2020-04-01",331,11,157,1223,6574,0.692120474596897,8505,34890,360,766,134,2013,32,822,102,32
"915","2020-04-02",346,11,175,1283,6574,0.692120474596897,8505,34890,360,766,118,2131,71,893,74,71
"916","2020-04-03",453,11,199,1364,6574,0.692120474596897,8505,34890,360,766,128,2259,50,943,94,50
"917","2020-04-04",491,11,212,1414,6574,0.692120474596897,8505,34890,360,766,131,2390,39,982,93,39
"918","2020-04-05",473,11,198,1465,6574,0.692120474596897,8505,34890,360,766,106,2496,51,1033,69,51
"919","2020-04-06",478,11,178,1541,6574,0.692120474596897,8505,34890,360,766,119,2615,41,1074,83,41
"920","2020-04-07",482,11,150,1568,6574,0.692120474596897,8505,34890,360,766,129,2744,36,1110,85,36
"921","2020-04-08",495,11,159,1600,6574,0.692120474596897,8505,34890,360,766,116,2860,46,1156,82,46
"922","2020-04-09",504,11,171,1654,6574,0.692120474596897,8505,34890,360,766,88,2948,51,1207,58,51
"923","2020-04-10",567,11,172,1674,6574,0.692120474596897,8505,34890,360,766,89,3037,37,1244,52,37
"924","2020-04-11",557,11,189,1691,6574,0.692120474596897,8505,34890,360,766,124,3161,34,1278,75,34
"925","2020-04-12",543,11,203,1708,6574,0.692120474596897,8505,34890,360,766,101,3262,44,1322,66,44
"926","2020-04-13",540,11,192,1710,6574,0.692120474596897,8505,34890,360,766,105,3367,56,1378,76,56
"927","2020-04-14",544,11,172,1721,6574,0.692120474596897,8505,34890,360,766,120,3487,57,1435,82,57
"928","2020-04-15",539,11,143,1691,6574,0.692120474596897,8505,34890,360,766,107,3594,56,1491,78,56
"929","2020-04-16",554,11,166,1677,6574,0.692120474596897,8505,34890,360,766,96,3690,29,1520,69,29
"930","2020-04-17",580,11,181,1652,6574,0.692120474596897,8505,34890,360,766,82,3772,25,1545,54,25
"931","2020-04-18",596,11,191,1608,6574,0.692120474596897,8505,34890,360,766,93,3865,26,1571,53,26
"932","2020-04-19",512,11,217,1573,6574,0.692120474596897,8505,34890,360,766,85,3950,28,1599,45,28
"933","2020-04-20",514,11,255,1537,6574,0.692120474596897,8505,34890,360,766,93,4043,31,1630,62,31
"934","2020-04-21",489,11,275,1491,6574,0.692120474596897,8505,34890,360,766,80,4123,56,1686,45,56
"935","2020-04-22",490,11,259,1435,6574,0.692120474596897,8505,34890,360,766,76,4199,45,1731,47,45
"936","2020-04-23",473,11,244,1387,6574,0.692120474596897,8505,34890,360,766,67,4266,32,1763,41,32
"937","2020-04-24",488,11,218,1361,6574,0.692120474596897,8505,34890,360,766,72,4338,36,1799,41,36
"938","2020-04-25",497,11,193,1296,6574,0.692120474596897,8505,34890,360,766,66,4404,26,1825,37,26
"939","2020-04-26",464,11,147,1223,6574,0.692120474596897,8505,34890,360,766,63,4467,26,1851,36,26
"940","2020-04-27",451,11,137,1158,6574,0.692120474596897,8505,34890,360,766,61,4528,27,1878,38,27
"941","2020-04-28",437,11,149,1062,6574,0.692120474596897,8505,34890,360,766,56,4584,34,1912,32,34
"942","2020-04-29",428,11,197,1010,6574,0.692120474596897,8505,34890,360,766,49,4633,41,1953,24,41
"943","2020-04-30",417,11,207,937,6574,0.692120474596897,8505,34890,360,766,64,4697,47,2000,34,47
"944","2020-05-01",379,11,219,863,6574,0.692120474596897,8505,34890,360,766,46,4743,44,2044,27,44
"945","2020-05-02",335,11,205,819,6574,0.692120474596897,8505,34890,360,766,54,4797,38,2082,23,38
"946","2020-05-03",288,11,200,769,6574,0.692120474596897,8505,34890,360,766,44,4841,59,2141,20,59
"947","2020-05-04",272,11,213,699,6574,0.692120474596897,8505,34890,360,766,51,4892,37,2178,29,37
"948","2020-05-05",266,11,216,644,6574,0.692120474596897,8505,34890,360,766,48,4940,36,2214,23,36
"949","2020-05-06",245,11,208,605,6574,0.692120474596897,8505,34890,360,766,41,4981,33,2247,22,33
"950","2020-05-07",218,11,232,563,6574,0.692120474596897,8505,34890,360,766,45,5026,47,2294,22,47
"951","2020-05-08",186,11,259,530,6574,0.692120474596897,8505,34890,360,766,49,5075,31,2325,25,31
"952","2020-05-09",178,11,276,512,6574,0.692120474596897,8505,34890,360,766,48,5123,40,2365,23,40
"953","2020-05-10",171,11,293,483,6574,0.692120474596897,8505,34890,360,766,42,5165,37,2402,21,37
"954","2020-05-11",164,11,257,466,6574,0.692120474596897,8505,34890,360,766,43,5208,34,2436,21,34
"955","2020-05-12",159,11,240,437,6574,0.692120474596897,8505,34890,360,766,26,5234,25,2461,10,25
"956","2020-05-13",152,11,227,431,6574,0.692120474596897,8505,34890,360,766,24,5258,14,2475,13,14
"957","2020-05-14",156,11,204,413,6574,0.692120474596897,8505,34890,360,766,36,5294,35,2510,19,35
"958","2020-05-15",156,11,218,410,6574,0.692120474596897,8505,34890,360,766,22,5316,47,2557,9,47
"959","2020-05-16",157,11,220,391,6574,0.692120474596897,8505,34890,360,766,39,5355,69,2626,19,69
"960","2020-05-17",148,11,200,374,6574,0.692120474596897,8505,34890,360,766,24,5379,51,2677,9,51
"961","2020-05-18",147,11,209,352,6574,0.692120474596897,8505,34890,360,766,30,5409,74,2751,16,74
"962","2020-05-19",137,11,196,334,6574,0.692120474596897,8505,34890,360,766,30,5439,51,2802,13,51
"963","2020-05-20",133,11,178,319,6574,0.692120474596897,8505,34890,360,766,20,5459,56,2858,9,56
"964","2020-05-21",122,11,204,296,6574,0.692120474596897,8505,34890,360,766,24,5483,54,2912,11,54
"965","2020-05-22",113,11,196,270,6574,0.692120474596897,8505,34890,360,766,17,5500,50,2962,7,50
"966","2020-05-23",98,11,193,252,6574,0.692120474596897,8505,34890,360,766,20,5520,44,3006,9,44
"967","2020-05-24",89,11,189,244,6574,0.692120474596897,8505,34890,360,766,18,5538,50,3056,11,50
"968","2020-05-25",81,11,192,222,6574,0.692120474596897,8505,34890,360,766,23,5561,31,3087,8,31
"969","2020-05-26",80,11,188,215,6574,0.692120474596897,8505,34890,360,766,19,5580,37,3124,9,37
"970","2020-05-27",78,11,184,201,6574,0.692120474596897,8505,34890,360,766,21,5601,67,3191,11,67
"971","2020-05-28",81,11,185,186,6574,0.692120474596897,8505,34890,360,766,17,5618,60,3251,8,60
"972","2020-05-29",82,11,167,180,6574,0.692120474596897,8505,34890,360,766,18,5636,49,3300,10,49
"973","2020-05-30",77,11,149,167,6574,0.692120474596897,8505,34890,360,766,12,5648,50,3350,6,50
"974","2020-05-31",69,11,131,153,6574,0.692120474596897,8505,34890,360,766,13,5661,42,3392,4,42
"975","2020-06-01",62,11,123,137,6574,0.692120474596897,8505,34890,360,766,13,5674,29,3421,6,29
"976","2020-06-02",58,11,140,128,6574,0.692120474596897,8505,34890,360,766,8,5682,58,3479,7,58
"977","2020-06-03",51,11,158,119,6574,0.692120474596897,8505,34890,360,766,9,5691,56,3535,2,56
"978","2020-06-04",44,11,168,117,6574,0.692120474596897,8505,34890,360,766,14,5705,52,3587,4,52
"979","2020-06-05",40,11,166,108,6574,0.692120474596897,8505,34890,360,766,15,5720,48,3635,2,48
"980","2020-06-06",45,11,147,103,6574,0.692120474596897,8505,34890,360,766,10,5730,32,3667,4,32
"981","2020-06-07",41,11,138,102,6574,0.692120474596897,8505,34890,360,766,16,5746,51,3718,9,51
"982","2020-03-13",4,12,33,113,5595,0.482931188561215,8325,34372,307,737,17,62,13,44,7,13
"983","2020-03-14",7,12,35,149,5595,0.482931188561215,8325,34372,307,737,33,95,25,69,10,25
"984","2020-03-15",18,12,52,207,5595,0.482931188561215,8325,34372,307,737,23,118,29,98,13,29
"985","2020-03-16",20,12,61,250,5595,0.482931188561215,8325,34372,307,737,38,156,38,136,18,38
"986","2020-03-17",27,12,55,304,5595,0.482931188561215,8325,34372,307,737,33,189,19,155,15,19
"987","2020-03-18",43,12,71,368,5595,0.482931188561215,8325,34372,307,737,51,240,14,169,27,14
"988","2020-03-19",56,12,75,410,5595,0.482931188561215,8325,34372,307,737,59,299,26,195,37,26
"989","2020-03-20",75,12,79,467,5595,0.482931188561215,8325,34372,307,737,46,345,38,233,30,38
"990","2020-03-21",120,12,85,515,5595,0.482931188561215,8325,34372,307,737,63,408,20,253,45,20
"991","2020-03-22",137,12,86,565,5595,0.482931188561215,8325,34372,307,737,63,471,25,278,43,25
"992","2020-03-23",154,12,105,594,5595,0.482931188561215,8325,34372,307,737,60,531,29,307,43,29
"993","2020-03-24",157,12,121,647,5595,0.482931188561215,8325,34372,307,737,74,605,31,338,62,31
"994","2020-03-25",167,12,103,676,5595,0.482931188561215,8325,34372,307,737,68,673,27,365,45,27
"995","2020-03-26",190,12,118,712,5595,0.482931188561215,8325,34372,307,737,72,745,32,397,52,32
"996","2020-03-27",242,12,124,752,5595,0.482931188561215,8325,34372,307,737,90,835,28,425,74,28
"997","2020-03-28",245,12,128,767,5595,0.482931188561215,8325,34372,307,737,74,909,23,448,62,23
"998","2020-03-29",265,12,136,779,5595,0.482931188561215,8325,34372,307,737,102,1011,20,468,73,20
"999","2020-03-30",268,12,153,808,5595,0.482931188561215,8325,34372,307,737,76,1087,15,483,64,15
"1000","2020-03-31",272,12,147,835,5595,0.482931188561215,8325,34372,307,737,101,1188,50,533,84,50
"1001","2020-04-01",290,12,125,876,5595,0.482931188561215,8325,34372,307,737,73,1261,28,561,54,28
"1002","2020-04-02",285,12,125,884,5595,0.482931188561215,8325,34372,307,737,85,1346,19,580,71,19
"1003","2020-04-03",312,12,149,908,5595,0.482931188561215,8325,34372,307,737,97,1443,19,599,79,19
"1004","2020-04-04",300,12,151,935,5595,0.482931188561215,8325,34372,307,737,83,1526,7,606,64,7
"1005","2020-04-05",316,12,152,959,5595,0.482931188561215,8325,34372,307,737,98,1624,6,612,78,6
"1006","2020-04-06",315,12,151,966,5595,0.482931188561215,8325,34372,307,737,75,1699,23,635,64,23
"1007","2020-04-07",310,12,165,980,5595,0.482931188561215,8325,34372,307,737,96,1795,46,681,80,46
"1008","2020-04-08",296,12,168,983,5595,0.482931188561215,8325,34372,307,737,70,1865,42,723,48,42
"1009","2020-04-09",298,12,191,1026,5595,0.482931188561215,8325,34372,307,737,84,1949,23,746,59,23
"1010","2020-04-10",335,12,198,1021,5595,0.482931188561215,8325,34372,307,737,86,2035,44,790,67,44
"1011","2020-04-11",345,12,211,1023,5595,0.482931188561215,8325,34372,307,737,75,2110,32,822,58,32
"1012","2020-04-12",314,12,230,1030,5595,0.482931188561215,8325,34372,307,737,83,2193,23,845,66,23
"1013","2020-04-13",317,12,225,1037,5595,0.482931188561215,8325,34372,307,737,107,2300,37,882,83,37
"1014","2020-04-14",312,12,245,1054,5595,0.482931188561215,8325,34372,307,737,105,2405,57,939,87,57
"1015","2020-04-15",315,12,231,1051,5595,0.482931188561215,8325,34372,307,737,67,2472,40,979,44,40
"1016","2020-04-16",323,12,217,1057,5595,0.482931188561215,8325,34372,307,737,80,2552,52,1031,66,52
"1017","2020-04-17",346,12,201,1041,5595,0.482931188561215,8325,34372,307,737,110,2662,28,1059,86,28
"1018","2020-04-18",359,12,192,1040,5595,0.482931188561215,8325,34372,307,737,91,2753,42,1101,70,42
"1019","2020-04-19",346,12,207,1046,5595,0.482931188561215,8325,34372,307,737,75,2828,18,1119,58,18
"1020","2020-04-20",345,12,207,1043,5595,0.482931188561215,8325,34372,307,737,96,2924,28,1147,66,28
"1021","2020-04-21",335,12,211,1017,5595,0.482931188561215,8325,34372,307,737,96,3020,27,1174,78,27
"1022","2020-04-22",337,12,204,1003,5595,0.482931188561215,8325,34372,307,737,88,3108,31,1205,69,31
"1023","2020-04-23",326,12,193,974,5595,0.482931188561215,8325,34372,307,737,86,3194,51,1256,76,51
"1024","2020-04-24",341,12,185,955,5595,0.482931188561215,8325,34372,307,737,78,3272,40,1296,60,40
"1025","2020-04-25",338,12,197,954,5595,0.482931188561215,8325,34372,307,737,77,3349,38,1334,63,38
"1026","2020-04-26",336,12,212,927,5595,0.482931188561215,8325,34372,307,737,60,3409,53,1387,47,53
"1027","2020-04-27",323,12,206,899,5595,0.482931188561215,8325,34372,307,737,75,3484,46,1433,54,46
"1028","2020-04-28",326,12,208,851,5595,0.482931188561215,8325,34372,307,737,77,3561,80,1513,68,80
"1029","2020-04-29",311,12,225,827,5595,0.482931188561215,8325,34372,307,737,65,3626,29,1542,45,29
"1030","2020-04-30",319,12,220,802,5595,0.482931188561215,8325,34372,307,737,74,3700,16,1558,51,16
"1031","2020-05-01",306,12,216,756,5595,0.482931188561215,8325,34372,307,737,58,3758,38,1596,41,38
"1032","2020-05-02",299,12,239,736,5595,0.482931188561215,8325,34372,307,737,55,3813,25,1621,42,25
"1033","2020-05-03",252,12,232,703,5595,0.482931188561215,8325,34372,307,737,53,3866,16,1637,41,16
"1034","2020-05-04",239,12,248,685,5595,0.482931188561215,8325,34372,307,737,45,3911,38,1675,36,38
"1035","2020-05-05",214,12,266,652,5595,0.482931188561215,8325,34372,307,737,58,3969,18,1693,39,18
"1036","2020-05-06",217,12,255,648,5595,0.482931188561215,8325,34372,307,737,55,4024,10,1703,37,10
"1037","2020-05-07",196,12,255,642,5595,0.482931188561215,8325,34372,307,737,44,4068,14,1717,32,14
"1038","2020-05-08",185,12,238,617,5595,0.482931188561215,8325,34372,307,737,46,4114,8,1725,38,8
"1039","2020-05-09",190,12,263,608,5595,0.482931188561215,8325,34372,307,737,49,4163,45,1770,36,45
"1040","2020-05-10",192,12,266,590,5595,0.482931188561215,8325,34372,307,737,46,4209,25,1795,34,25
"1041","2020-05-11",196,12,266,585,5595,0.482931188561215,8325,34372,307,737,48,4257,49,1844,31,49
"1042","2020-05-12",190,12,254,580,5595,0.482931188561215,8325,34372,307,737,33,4290,25,1869,28,25
"1043","2020-05-13",185,12,266,569,5595,0.482931188561215,8325,34372,307,737,32,4322,12,1881,25,12
"1044","2020-05-14",183,12,255,559,5595,0.482931188561215,8325,34372,307,737,39,4361,8,1889,28,8
"1045","2020-05-15",189,12,242,552,5595,0.482931188561215,8325,34372,307,737,36,4397,13,1902,22,13
"1046","2020-05-16",194,12,231,553,5595,0.482931188561215,8325,34372,307,737,31,4428,35,1937,23,35
"1047","2020-05-17",175,12,229,513,5595,0.482931188561215,8325,34372,307,737,34,4462,19,1956,25,19
"1048","2020-05-18",162,12,209,507,5595,0.482931188561215,8325,34372,307,737,31,4493,17,1973,18,17
"1049","2020-05-19",157,12,217,486,5595,0.482931188561215,8325,34372,307,737,21,4514,18,1991,12,18
"1050","2020-05-20",157,12,201,472,5595,0.482931188561215,8325,34372,307,737,26,4540,25,2016,17,25
"1051","2020-05-21",155,12,191,456,5595,0.482931188561215,8325,34372,307,737,19,4559,34,2050,16,34
"1052","2020-05-22",148,12,206,442,5595,0.482931188561215,8325,34372,307,737,26,4585,24,2074,16,24
"1053","2020-05-23",135,12,203,422,5595,0.482931188561215,8325,34372,307,737,23,4608,27,2101,14,27
"1054","2020-05-24",137,12,197,401,5595,0.482931188561215,8325,34372,307,737,25,4633,29,2130,12,29
"1055","2020-05-25",141,12,202,384,5595,0.482931188561215,8325,34372,307,737,16,4649,30,2160,13,30
"1056","2020-05-26",139,12,201,363,5595,0.482931188561215,8325,34372,307,737,9,4658,41,2201,6,41
"1057","2020-05-27",135,12,188,347,5595,0.482931188561215,8325,34372,307,737,27,4685,12,2213,18,12
"1058","2020-05-28",133,12,203,311,5595,0.482931188561215,8325,34372,307,737,20,4705,7,2220,16,7
"1059","2020-05-29",122,12,207,292,5595,0.482931188561215,8325,34372,307,737,19,4724,11,2231,9,11
"1060","2020-05-30",116,12,201,273,5595,0.482931188561215,8325,34372,307,737,18,4742,9,2240,10,9
"1061","2020-05-31",94,12,213,266,5595,0.482931188561215,8325,34372,307,737,14,4756,34,2274,7,34
"1062","2020-06-01",90,12,211,259,5595,0.482931188561215,8325,34372,307,737,21,4777,16,2290,12,16
"1063","2020-06-02",84,12,221,251,5595,0.482931188561215,8325,34372,307,737,16,4793,28,2318,9,28
"1064","2020-06-03",81,12,208,243,5595,0.482931188561215,8325,34372,307,737,20,4813,21,2339,12,21
"1065","2020-06-04",83,12,201,237,5595,0.482931188561215,8325,34372,307,737,16,4829,19,2358,8,19
"1066","2020-06-05",87,12,203,219,5595,0.482931188561215,8325,34372,307,737,11,4840,14,2372,5,14
"1067","2020-06-06",81,12,192,214,5595,0.482931188561215,8325,34372,307,737,16,4856,17,2389,14,17
"1068","2020-06-07",82,12,189,212,5595,0.482931188561215,8325,34372,307,737,11,4867,31,2420,6,31
"1069","2020-03-08",1,13,0,0,6107,0.860815457671524,8190,31386,336,618,NA,NA,NA,NA,NA,NA
"1070","2020-03-09",1,13,0,0,6107,0.860815457671524,8190,31386,336,618,NA,NA,NA,NA,NA,NA
"1071","2020-03-10",0,13,0,0,6107,0.860815457671524,8190,31386,336,618,NA,NA,NA,NA,NA,NA
"1072","2020-03-11",0,13,0,0,6107,0.860815457671524,8190,31386,336,618,15,15,3,3,NA,3
"1073","2020-03-12",0,13,0,0,6107,0.860815457671524,8190,31386,336,618,18,33,12,15,NA,12
"1074","2020-03-13",3,13,33,32,6107,0.860815457671524,8190,31386,336,618,32,65,14,29,2,14
"1075","2020-03-14",7,13,43,50,6107,0.860815457671524,8190,31386,336,618,19,84,8,37,4,8
"1076","2020-03-15",7,13,47,63,6107,0.860815457671524,8190,31386,336,618,37,121,10,47,11,10
"1077","2020-03-16",6,13,63,84,6107,0.860815457671524,8190,31386,336,618,27,148,12,59,6,12
"1078","2020-03-17",6,13,75,107,6107,0.860815457671524,8190,31386,336,618,23,171,18,77,11,18
"1079","2020-03-18",13,13,75,133,6107,0.860815457671524,8190,31386,336,618,66,237,14,91,29,14
"1080","2020-03-19",19,13,99,169,6107,0.860815457671524,8190,31386,336,618,46,283,21,112,26,21
"1081","2020-03-20",23,13,92,190,6107,0.860815457671524,8190,31386,336,618,53,336,13,125,23,13
"1082","2020-03-21",35,13,87,236,6107,0.860815457671524,8190,31386,336,618,61,397,22,147,35,22
"1083","2020-03-22",52,13,94,261,6107,0.860815457671524,8190,31386,336,618,76,473,13,160,49,13
"1084","2020-03-23",66,13,99,304,6107,0.860815457671524,8190,31386,336,618,62,535,21,181,37,21
"1085","2020-03-24",70,13,101,333,6107,0.860815457671524,8190,31386,336,618,84,619,30,211,54,30
"1086","2020-03-25",77,13,109,368,6107,0.860815457671524,8190,31386,336,618,84,703,19,230,52,19
"1087","2020-03-26",81,13,104,403,6107,0.860815457671524,8190,31386,336,618,76,779,13,243,50,13
"1088","2020-03-27",106,13,119,454,6107,0.860815457671524,8190,31386,336,618,92,871,18,261,68,18
"1089","2020-03-28",125,13,115,515,6107,0.860815457671524,8190,31386,336,618,97,968,12,273,66,12
"1090","2020-03-29",153,13,112,573,6107,0.860815457671524,8190,31386,336,618,129,1097,17,290,91,17
"1091","2020-03-30",154,13,107,634,6107,0.860815457671524,8190,31386,336,618,109,1206,21,311,77,21
"1092","2020-03-31",160,13,120,719,6107,0.860815457671524,8190,31386,336,618,130,1336,14,325,110,14
"1093","2020-04-01",170,13,130,806,6107,0.860815457671524,8190,31386,336,618,120,1456,13,338,87,13
"1094","2020-04-02",192,13,123,878,6107,0.860815457671524,8190,31386,336,618,89,1545,13,351,69,13
"1095","2020-04-03",236,13,132,998,6107,0.860815457671524,8190,31386,336,618,98,1643,25,376,82,25
"1096","2020-04-04",258,13,132,1079,6107,0.860815457671524,8190,31386,336,618,134,1777,18,394,102,18
"1097","2020-04-05",273,13,133,1165,6107,0.860815457671524,8190,31386,336,618,129,1906,28,422,108,28
"1098","2020-04-06",284,13,128,1320,6107,0.860815457671524,8190,31386,336,618,100,2006,13,435,77,13
"1099","2020-04-07",297,13,153,1401,6107,0.860815457671524,8190,31386,336,618,117,2123,17,452,92,17
"1100","2020-04-08",319,13,176,1507,6107,0.860815457671524,8190,31386,336,618,106,2229,20,472,84,20
"1101","2020-04-09",342,13,182,1622,6107,0.860815457671524,8190,31386,336,618,113,2342,14,486,79,14
"1102","2020-04-10",474,13,205,1701,6107,0.860815457671524,8190,31386,336,618,89,2431,14,500,68,14
"1103","2020-04-11",531,13,213,1787,6107,0.860815457671524,8190,31386,336,618,122,2553,7,507,92,7
"1104","2020-04-12",553,13,208,1838,6107,0.860815457671524,8190,31386,336,618,101,2654,23,530,67,23
"1105","2020-04-13",579,13,233,1883,6107,0.860815457671524,8190,31386,336,618,109,2763,22,552,82,22
"1106","2020-04-14",579,13,239,1919,6107,0.860815457671524,8190,31386,336,618,113,2876,14,566,87,14
"1107","2020-04-15",612,13,237,2027,6107,0.860815457671524,8190,31386,336,618,127,3003,4,570,100,4
"1108","2020-04-16",642,13,221,2064,6107,0.860815457671524,8190,31386,336,618,75,3078,19,589,58,19
"1109","2020-04-17",759,13,212,2001,6107,0.860815457671524,8190,31386,336,618,111,3189,9,598,88,9
"1110","2020-04-18",746,13,202,1942,6107,0.860815457671524,8190,31386,336,618,68,3257,9,607,42,9
"1111","2020-04-19",671,13,191,1904,6107,0.860815457671524,8190,31386,336,618,99,3356,8,615,76,8
"1112","2020-04-20",673,13,186,1856,6107,0.860815457671524,8190,31386,336,618,93,3449,7,622,70,7
"1113","2020-04-21",693,13,167,1790,6107,0.860815457671524,8190,31386,336,618,73,3522,11,633,49,11
"1114","2020-04-22",663,13,149,1744,6107,0.860815457671524,8190,31386,336,618,54,3576,16,649,41,16
"1115","2020-04-23",638,13,145,1679,6107,0.860815457671524,8190,31386,336,618,74,3650,12,661,56,12
"1116","2020-04-24",602,13,129,1589,6107,0.860815457671524,8190,31386,336,618,86,3736,17,678,64,17
"1117","2020-04-25",596,13,127,1510,6107,0.860815457671524,8190,31386,336,618,61,3797,11,689,43,11
"1118","2020-04-26",575,13,124,1415,6107,0.860815457671524,8190,31386,336,618,66,3863,14,703,46,14
"1119","2020-04-27",547,13,118,1341,6107,0.860815457671524,8190,31386,336,618,76,3939,6,709,53,6
"1120","2020-04-28",510,13,138,1238,6107,0.860815457671524,8190,31386,336,618,67,4006,30,739,35,30
"1121","2020-04-29",499,13,149,1175,6107,0.860815457671524,8190,31386,336,618,56,4062,37,776,41,37
"1122","2020-04-30",484,13,149,1110,6107,0.860815457671524,8190,31386,336,618,45,4107,35,811,26,35
"1123","2020-05-01",432,13,157,1018,6107,0.860815457671524,8190,31386,336,618,51,4158,27,838,33,27
"1124","2020-05-02",409,13,180,952,6107,0.860815457671524,8190,31386,336,618,44,4202,25,863,29,25
"1125","2020-05-03",355,13,191,905,6107,0.860815457671524,8190,31386,336,618,71,4273,33,896,43,33
"1126","2020-05-04",336,13,190,836,6107,0.860815457671524,8190,31386,336,618,57,4330,37,933,36,37
"1127","2020-05-05",318,13,204,756,6107,0.860815457671524,8190,31386,336,618,52,4382,22,955,32,22
"1128","2020-05-06",312,13,223,701,6107,0.860815457671524,8190,31386,336,618,35,4417,27,982,24,27
"1129","2020-05-07",288,13,233,634,6107,0.860815457671524,8190,31386,336,618,41,4458,20,1002,26,20
"1130","2020-05-08",247,13,219,576,6107,0.860815457671524,8190,31386,336,618,53,4511,14,1016,32,14
"1131","2020-05-09",242,13,197,540,6107,0.860815457671524,8190,31386,336,618,42,4553,11,1027,31,11
"1132","2020-05-10",213,13,168,497,6107,0.860815457671524,8190,31386,336,618,36,4589,23,1050,23,23
"1133","2020-05-11",200,13,153,459,6107,0.860815457671524,8190,31386,336,618,39,4628,20,1070,22,20
"1134","2020-05-12",191,13,136,422,6107,0.860815457671524,8190,31386,336,618,40,4668,24,1094,25,24
"1135","2020-05-13",168,13,122,377,6107,0.860815457671524,8190,31386,336,618,26,4694,28,1122,13,28
"1136","2020-05-14",159,13,120,345,6107,0.860815457671524,8190,31386,336,618,43,4737,29,1151,22,29
"1137","2020-05-15",146,13,107,334,6107,0.860815457671524,8190,31386,336,618,25,4762,14,1165,11,14
"1138","2020-05-16",120,13,114,307,6107,0.860815457671524,8190,31386,336,618,37,4799,17,1182,20,17
"1139","2020-05-17",110,13,117,285,6107,0.860815457671524,8190,31386,336,618,26,4825,18,1200,19,18
"1140","2020-05-18",92,13,124,257,6107,0.860815457671524,8190,31386,336,618,29,4854,18,1218,12,18
"1141","2020-05-19",84,13,121,236,6107,0.860815457671524,8190,31386,336,618,35,4889,15,1233,20,15
"1142","2020-05-20",86,13,152,223,6107,0.860815457671524,8190,31386,336,618,25,4914,4,1237,15,4
"1143","2020-05-21",80,13,166,203,6107,0.860815457671524,8190,31386,336,618,24,4938,8,1245,12,8
"1144","2020-05-22",78,13,175,188,6107,0.860815457671524,8190,31386,336,618,22,4960,9,1254,15,9
"1145","2020-05-23",80,13,178,176,6107,0.860815457671524,8190,31386,336,618,23,4983,12,1266,15,12
"1146","2020-05-24",71,13,175,165,6107,0.860815457671524,8190,31386,336,618,23,5006,18,1284,15,18
"1147","2020-05-25",65,13,184,154,6107,0.860815457671524,8190,31386,336,618,22,5028,10,1294,7,10
"1148","2020-05-26",58,13,204,144,6107,0.860815457671524,8190,31386,336,618,19,5047,6,1300,8,6
"1149","2020-05-27",53,13,202,133,6107,0.860815457671524,8190,31386,336,618,19,5066,9,1309,12,9
"1150","2020-05-28",48,13,181,131,6107,0.860815457671524,8190,31386,336,618,9,5075,3,1312,3,3
"1151","2020-05-29",44,13,172,120,6107,0.860815457671524,8190,31386,336,618,18,5093,7,1319,9,7
"1152","2020-05-30",43,13,175,113,6107,0.860815457671524,8190,31386,336,618,12,5105,14,1333,5,14
"1153","2020-05-31",41,13,170,101,6107,0.860815457671524,8190,31386,336,618,19,5124,7,1340,10,7
"1154","2020-06-01",39,13,156,101,6107,0.860815457671524,8190,31386,336,618,14,5138,21,1361,9,21
"1155","2020-06-02",35,13,143,87,6107,0.860815457671524,8190,31386,336,618,14,5152,10,1371,5,10
"1156","2020-06-03",34,13,142,80,6107,0.860815457671524,8190,31386,336,618,9,5161,8,1379,6,8
"1157","2020-06-04",35,13,129,66,6107,0.860815457671524,8190,31386,336,618,11,5172,9,1388,5,9
"1158","2020-06-05",29,13,141,61,6107,0.860815457671524,8190,31386,336,618,9,5181,6,1394,4,7
"1159","2020-06-06",31,13,154,61,6107,0.860815457671524,8190,31386,336,618,10,5191,13,1407,4,13
"1160","2020-06-07",28,13,138,55,6107,0.860815457671524,8190,31386,336,618,14,5205,12,1419,4,12
"1161","2020-03-13",1,14,58,46,6122,0.866383534792551,8490,34175,305,1063,29,76,10,43,10,10
"1162","2020-03-14",2,14,69,67,6122,0.866383534792551,8490,34175,305,1063,33,109,16,59,16,16
"1163","2020-03-15",11,14,85,92,6122,0.866383534792551,8490,34175,305,1063,36,145,31,90,14,31
"1164","2020-03-16",16,14,101,125,6122,0.866383534792551,8490,34175,305,1063,36,181,26,116,23,26
"1165","2020-03-17",19,14,111,157,6122,0.866383534792551,8490,34175,305,1063,44,225,21,137,29,21
"1166","2020-03-18",24,14,116,204,6122,0.866383534792551,8490,34175,305,1063,55,280,39,176,29,39
"1167","2020-03-19",29,14,152,261,6122,0.866383534792551,8490,34175,305,1063,58,338,32,208,45,32
"1168","2020-03-20",45,14,168,306,6122,0.866383534792551,8490,34175,305,1063,50,388,24,232,39,24
"1169","2020-03-21",59,14,170,370,6122,0.866383534792551,8490,34175,305,1063,64,452,44,276,50,44
"1170","2020-03-22",67,14,176,436,6122,0.866383534792551,8490,34175,305,1063,65,517,17,293,47,17
"1171","2020-03-23",69,14,178,516,6122,0.866383534792551,8490,34175,305,1063,66,583,23,316,49,23
"1172","2020-03-24",83,14,198,578,6122,0.866383534792551,8490,34175,305,1063,62,645,8,324,45,8
"1173","2020-03-25",96,14,186,666,6122,0.866383534792551,8490,34175,305,1063,93,738,3,327,68,3
"1174","2020-03-26",120,14,187,740,6122,0.866383534792551,8490,34175,305,1063,81,819,6,333,55,6
"1175","2020-03-27",169,14,193,848,6122,0.866383534792551,8490,34175,305,1063,66,885,7,340,41,7
"1176","2020-03-28",199,14,178,907,6122,0.866383534792551,8490,34175,305,1063,83,968,2,342,65,2
"1177","2020-03-29",256,14,162,994,6122,0.866383534792551,8490,34175,305,1063,92,1060,6,348,70,6
"1178","2020-03-30",278,14,154,1100,6122,0.866383534792551,8490,34175,305,1063,79,1139,44,392,64,44
"1179","2020-03-31",279,14,145,1175,6122,0.866383534792551,8490,34175,305,1063,88,1227,16,408,65,16
"1180","2020-04-01",301,14,127,1242,6122,0.866383534792551,8490,34175,305,1063,102,1329,20,428,78,20
"1181","2020-04-02",330,14,123,1303,6122,0.866383534792551,8490,34175,305,1063,106,1435,11,439,83,11
"1182","2020-04-03",420,14,120,1353,6122,0.866383534792551,8490,34175,305,1063,88,1523,13,452,66,13
"1183","2020-04-04",476,14,142,1352,6122,0.866383534792551,8490,34175,305,1063,91,1614,41,493,70,41
"1184","2020-04-05",438,14,145,1413,6122,0.866383534792551,8490,34175,305,1063,120,1734,30,523,92,30
"1185","2020-04-06",433,14,147,1470,6122,0.866383534792551,8490,34175,305,1063,98,1832,49,572,85,49
"1186","2020-04-07",446,14,154,1494,6122,0.866383534792551,8490,34175,305,1063,93,1925,48,620,79,48
"1187","2020-04-08",457,14,166,1503,6122,0.866383534792551,8490,34175,305,1063,114,2039,56,676,97,56
"1188","2020-04-09",456,14,141,1545,6122,0.866383534792551,8490,34175,305,1063,100,2139,43,719,81,43
"1189","2020-04-10",523,14,128,1583,6122,0.866383534792551,8490,34175,305,1063,112,2251,49,768,91,49
"1190","2020-04-11",517,14,130,1571,6122,0.866383534792551,8490,34175,305,1063,107,2358,49,817,85,49
"1191","2020-04-12",488,14,132,1578,6122,0.866383534792551,8490,34175,305,1063,95,2453,28,845,83,28
"1192","2020-04-13",480,14,143,1540,6122,0.866383534792551,8490,34175,305,1063,146,2599,45,890,129,45
"1193","2020-04-14",478,14,178,1531,6122,0.866383534792551,8490,34175,305,1063,98,2697,20,910,77,20
"1194","2020-04-15",482,14,184,1529,6122,0.866383534792551,8490,34175,305,1063,126,2823,13,923,96,13
"1195","2020-04-16",493,14,189,1576,6122,0.866383534792551,8490,34175,305,1063,105,2928,14,937,80,14
"1196","2020-04-17",515,14,180,1570,6122,0.866383534792551,8490,34175,305,1063,91,3019,23,960,79,23
"1197","2020-04-18",511,14,207,1537,6122,0.866383534792551,8490,34175,305,1063,100,3119,8,968,79,8
"1198","2020-04-19",475,14,238,1550,6122,0.866383534792551,8490,34175,305,1063,84,3203,18,986,72,18
"1199","2020-04-20",476,14,239,1522,6122,0.866383534792551,8490,34175,305,1063,95,3298,13,999,74,13
"1200","2020-04-21",486,14,241,1472,6122,0.866383534792551,8490,34175,305,1063,94,3392,6,1005,68,6
"1201","2020-04-22",484,14,243,1377,6122,0.866383534792551,8490,34175,305,1063,88,3480,8,1013,65,8
"1202","2020-04-23",474,14,237,1285,6122,0.866383534792551,8490,34175,305,1063,67,3547,35,1048,51,35
"1203","2020-04-24",466,14,225,1213,6122,0.866383534792551,8490,34175,305,1063,84,3631,23,1071,75,23
"1204","2020-04-25",451,14,200,1168,6122,0.866383534792551,8490,34175,305,1063,65,3696,21,1092,49,21
"1205","2020-04-26",416,14,219,1136,6122,0.866383534792551,8490,34175,305,1063,77,3773,12,1104,59,12
"1206","2020-04-27",408,14,232,1063,6122,0.866383534792551,8490,34175,305,1063,60,3833,13,1117,46,13
"1207","2020-04-28",394,14,254,1000,6122,0.866383534792551,8490,34175,305,1063,56,3889,12,1129,42,12
"1208","2020-04-29",366,14,238,927,6122,0.866383534792551,8490,34175,305,1063,71,3960,53,1182,51,53
"1209","2020-04-30",337,14,225,849,6122,0.866383534792551,8490,34175,305,1063,63,4023,61,1243,49,61
"1210","2020-05-01",315,14,215,787,6122,0.866383534792551,8490,34175,305,1063,54,4077,69,1312,36,69
"1211","2020-05-02",313,14,199,709,6122,0.866383534792551,8490,34175,305,1063,60,4137,34,1346,50,34
"1212","2020-05-03",286,14,218,663,6122,0.866383534792551,8490,34175,305,1063,61,4198,24,1370,45,24
"1213","2020-05-04",263,14,219,622,6122,0.866383534792551,8490,34175,305,1063,69,4267,8,1378,55,8
"1214","2020-05-05",235,14,221,585,6122,0.866383534792551,8490,34175,305,1063,46,4313,17,1395,31,17
"1215","2020-05-06",229,14,197,568,6122,0.866383534792551,8490,34175,305,1063,59,4372,7,1402,48,7
"1216","2020-05-07",222,14,220,555,6122,0.866383534792551,8490,34175,305,1063,45,4417,7,1409,29,7
"1217","2020-05-08",215,14,222,523,6122,0.866383534792551,8490,34175,305,1063,49,4466,32,1441,39,32
"1218","2020-05-09",193,14,217,499,6122,0.866383534792551,8490,34175,305,1063,48,4514,38,1479,35,38
"1219","2020-05-10",173,14,203,462,6122,0.866383534792551,8490,34175,305,1063,47,4561,18,1497,38,18
"1220","2020-05-11",166,14,188,428,6122,0.866383534792551,8490,34175,305,1063,35,4596,18,1515,25,18
"1221","2020-05-12",160,14,207,401,6122,0.866383534792551,8490,34175,305,1063,38,4634,10,1525,29,10
"1222","2020-05-13",154,14,223,378,6122,0.866383534792551,8490,34175,305,1063,45,4679,6,1531,32,6
"1223","2020-05-14",148,14,227,360,6122,0.866383534792551,8490,34175,305,1063,42,4721,6,1537,31,6
"1224","2020-05-15",131,14,232,350,6122,0.866383534792551,8490,34175,305,1063,40,4761,16,1553,29,16
"1225","2020-05-16",139,14,231,335,6122,0.866383534792551,8490,34175,305,1063,31,4792,40,1593,22,40
"1226","2020-05-17",133,14,232,333,6122,0.866383534792551,8490,34175,305,1063,41,4833,58,1651,29,58
"1227","2020-05-18",121,14,230,303,6122,0.866383534792551,8490,34175,305,1063,27,4860,56,1707,21,56
"1228","2020-05-19",116,14,235,296,6122,0.866383534792551,8490,34175,305,1063,34,4894,43,1750,22,43
"1229","2020-05-20",108,14,250,285,6122,0.866383534792551,8490,34175,305,1063,20,4914,33,1783,18,33
"1230","2020-05-21",99,14,243,278,6122,0.866383534792551,8490,34175,305,1063,27,4941,42,1825,19,42
"1231","2020-05-22",98,14,222,279,6122,0.866383534792551,8490,34175,305,1063,26,4967,34,1859,16,34
"1232","2020-05-23",90,14,207,270,6122,0.866383534792551,8490,34175,305,1063,27,4994,9,1868,22,9
"1233","2020-05-24",87,14,187,271,6122,0.866383534792551,8490,34175,305,1063,26,5020,13,1881,18,13
"1234","2020-05-25",87,14,175,262,6122,0.866383534792551,8490,34175,305,1063,19,5039,21,1902,16,21
"1235","2020-05-26",81,14,192,253,6122,0.866383534792551,8490,34175,305,1063,25,5064,33,1935,18,33
"1236","2020-05-27",86,14,206,226,6122,0.866383534792551,8490,34175,305,1063,23,5087,25,1960,17,25
"1237","2020-05-28",88,14,194,212,6122,0.866383534792551,8490,34175,305,1063,21,5108,14,1974,13,14
"1238","2020-05-29",89,14,181,201,6122,0.866383534792551,8490,34175,305,1063,23,5131,22,1996,18,22
"1239","2020-05-30",93,14,153,180,6122,0.866383534792551,8490,34175,305,1063,22,5153,43,2039,20,43
"1240","2020-05-31",74,14,133,166,6122,0.866383534792551,8490,34175,305,1063,12,5165,45,2084,9,45
"1241","2020-06-01",67,14,168,154,6122,0.866383534792551,8490,34175,305,1063,21,5186,36,2120,15,36
"1242","2020-06-02",58,14,164,150,6122,0.866383534792551,8490,34175,305,1063,14,5200,26,2146,9,26
"1243","2020-06-03",51,14,165,140,6122,0.866383534792551,8490,34175,305,1063,12,5212,19,2165,8,19
"1244","2020-06-04",50,14,158,136,6122,0.866383534792551,8490,34175,305,1063,14,5226,12,2177,13,12
"1245","2020-06-05",45,14,162,128,6122,0.866383534792551,8490,34175,305,1063,15,5241,11,2188,8,11
"1246","2020-06-06",38,14,161,116,6122,0.866383534792551,8490,34175,305,1063,12,5253,11,2199,8,11
"1247","2020-06-07",36,14,162,109,6122,0.866383534792551,8490,34175,305,1063,11,5264,10,2209,11,10
"1248","2020-03-07",1,15,0,0,6380,0.500156739811912,8250,36915,383,1237,NA,NA,NA,NA,NA,NA
"1249","2020-03-08",1,15,0,0,6380,0.500156739811912,8250,36915,383,1237,NA,NA,NA,NA,NA,NA
"1250","2020-03-09",0,15,0,0,6380,0.500156739811912,8250,36915,383,1237,NA,NA,NA,NA,NA,NA
"1251","2020-03-10",0,15,0,0,6380,0.500156739811912,8250,36915,383,1237,NA,NA,NA,NA,NA,NA
"1252","2020-03-11",0,15,0,0,6380,0.500156739811912,8250,36915,383,1237,52,52,7,7,NA,7
"1253","2020-03-12",1,15,67,71,6380,0.500156739811912,8250,36915,383,1237,43,95,11,18,3,11
"1254","2020-03-13",8,15,66,118,6380,0.500156739811912,8250,36915,383,1237,50,145,9,27,5,9
"1255","2020-03-14",11,15,69,173,6380,0.500156739811912,8250,36915,383,1237,47,192,13,40,8,13
"1256","2020-03-15",20,15,77,235,6380,0.500156739811912,8250,36915,383,1237,61,253,4,44,8,4
"1257","2020-03-16",24,15,76,291,6380,0.500156739811912,8250,36915,383,1237,59,312,6,50,14,6
"1258","2020-03-17",34,15,79,361,6380,0.500156739811912,8250,36915,383,1237,56,368,6,56,21,6
"1259","2020-03-18",45,15,139,422,6380,0.500156739811912,8250,36915,383,1237,59,427,17,73,18,17
"1260","2020-03-19",61,15,182,486,6380,0.500156739811912,8250,36915,383,1237,74,501,6,79,35,6
"1261","2020-03-20",83,15,167,555,6380,0.500156739811912,8250,36915,383,1237,60,561,6,85,24,6
"1262","2020-03-21",134,15,158,605,6380,0.500156739811912,8250,36915,383,1237,81,642,14,99,34,14
"1263","2020-03-22",157,15,173,686,6380,0.500156739811912,8250,36915,383,1237,73,715,14,113,37,14
"1264","2020-03-23",160,15,166,744,6380,0.500156739811912,8250,36915,383,1237,82,797,5,118,44,5
"1265","2020-03-24",170,15,159,820,6380,0.500156739811912,8250,36915,383,1237,106,903,11,129,58,11
"1266","2020-03-25",182,15,209,881,6380,0.500156739811912,8250,36915,383,1237,78,981,10,139,33,10
"1267","2020-03-26",194,15,214,925,6380,0.500156739811912,8250,36915,383,1237,92,1073,17,156,54,17
"1268","2020-03-27",291,15,203,990,6380,0.500156739811912,8250,36915,383,1237,76,1149,19,175,41,19
"1269","2020-03-28",322,15,200,1037,6380,0.500156739811912,8250,36915,383,1237,106,1255,9,184,52,9
"1270","2020-03-29",330,15,192,1092,6380,0.500156739811912,8250,36915,383,1237,85,1340,7,191,42,7
"1271","2020-03-30",343,15,163,1112,6380,0.500156739811912,8250,36915,383,1237,84,1424,6,197,43,6
"1272","2020-03-31",335,15,143,1136,6380,0.500156739811912,8250,36915,383,1237,79,1503,12,209,42,12
"1273","2020-04-01",370,15,128,1162,6380,0.500156739811912,8250,36915,383,1237,102,1605,21,230,61,21
"1274","2020-04-02",389,15,129,1184,6380,0.500156739811912,8250,36915,383,1237,94,1699,15,245,48,15
"1275","2020-04-03",453,15,182,1178,6380,0.500156739811912,8250,36915,383,1237,72,1771,17,262,38,17
"1276","2020-04-04",442,15,191,1158,6380,0.500156739811912,8250,36915,383,1237,103,1874,20,282,55,20
"1277","2020-04-05",391,15,177,1153,6380,0.500156739811912,8250,36915,383,1237,93,1967,18,300,47,18
"1278","2020-04-06",388,15,184,1132,6380,0.500156739811912,8250,36915,383,1237,94,2061,24,324,46,24
"1279","2020-04-07",389,15,200,1109,6380,0.500156739811912,8250,36915,383,1237,81,2142,19,343,40,19
"1280","2020-04-08",377,15,273,1107,6380,0.500156739811912,8250,36915,383,1237,115,2257,28,371,63,28
"1281","2020-04-09",359,15,270,1095,6380,0.500156739811912,8250,36915,383,1237,93,2350,22,393,50,22
"1282","2020-04-10",375,15,231,1080,6380,0.500156739811912,8250,36915,383,1237,98,2448,20,413,49,20
"1283","2020-04-11",368,15,211,1066,6380,0.500156739811912,8250,36915,383,1237,94,2542,29,442,42,29
"1284","2020-04-12",357,15,205,1043,6380,0.500156739811912,8250,36915,383,1237,70,2612,30,472,31,30
"1285","2020-04-13",357,15,208,1051,6380,0.500156739811912,8250,36915,383,1237,78,2690,16,488,45,16
"1286","2020-04-14",343,15,203,1040,6380,0.500156739811912,8250,36915,383,1237,95,2785,19,507,45,19
"1287","2020-04-15",327,15,182,1024,6380,0.500156739811912,8250,36915,383,1237,95,2880,26,533,43,26
"1288","2020-04-16",336,15,177,1021,6380,0.500156739811912,8250,36915,383,1237,88,2968,16,549,47,16
"1289","2020-04-17",350,15,170,1005,6380,0.500156739811912,8250,36915,383,1237,84,3052,37,586,32,37
"1290","2020-04-18",346,15,184,1016,6380,0.500156739811912,8250,36915,383,1237,87,3139,33,619,40,33
"1291","2020-04-19",334,15,184,1009,6380,0.500156739811912,8250,36915,383,1237,81,3220,21,640,33,21
"1292","2020-04-20",315,15,202,990,6380,0.500156739811912,8250,36915,383,1237,83,3303,36,676,36,36
"1293","2020-04-21",311,15,207,1008,6380,0.500156739811912,8250,36915,383,1237,80,3383,18,694,41,18
"1294","2020-04-22",312,15,184,997,6380,0.500156739811912,8250,36915,383,1237,86,3469,26,720,40,26
"1295","2020-04-23",303,15,172,972,6380,0.500156739811912,8250,36915,383,1237,71,3540,18,738,27,18
"1296","2020-04-24",325,15,190,971,6380,0.500156739811912,8250,36915,383,1237,77,3617,16,754,41,16
"1297","2020-04-25",337,15,230,969,6380,0.500156739811912,8250,36915,383,1237,82,3699,28,782,43,28
"1298","2020-04-26",301,15,237,921,6380,0.500156739811912,8250,36915,383,1237,72,3771,40,822,32,40
"1299","2020-04-27",303,15,238,915,6380,0.500156739811912,8250,36915,383,1237,63,3834,43,865,29,43
"1300","2020-04-28",309,15,213,896,6380,0.500156739811912,8250,36915,383,1237,68,3902,22,887,31,22
"1301","2020-04-29",310,15,198,875,6380,0.500156739811912,8250,36915,383,1237,61,3963,39,926,23,39
"1302","2020-04-30",307,15,192,861,6380,0.500156739811912,8250,36915,383,1237,73,4036,31,957,26,31
"1303","2020-05-01",280,15,173,833,6380,0.500156739811912,8250,36915,383,1237,62,4098,19,976,19,19
"1304","2020-05-02",259,15,197,827,6380,0.500156739811912,8250,36915,383,1237,61,4159,17,993,24,17
"1305","2020-05-03",242,15,235,808,6380,0.500156739811912,8250,36915,383,1237,60,4219,13,1006,22,13
"1306","2020-05-04",235,15,226,781,6380,0.500156739811912,8250,36915,383,1237,63,4282,6,1012,29,6
"1307","2020-05-05",213,15,235,768,6380,0.500156739811912,8250,36915,383,1237,43,4325,6,1018,20,6
"1308","2020-05-06",214,15,242,739,6380,0.500156739811912,8250,36915,383,1237,46,4371,8,1026,17,8
"1309","2020-05-07",210,15,276,712,6380,0.500156739811912,8250,36915,383,1237,62,4433,20,1046,30,20
"1310","2020-05-08",210,15,282,699,6380,0.500156739811912,8250,36915,383,1237,58,4491,29,1075,17,29
"1311","2020-05-09",210,15,258,691,6380,0.500156739811912,8250,36915,383,1237,47,4538,31,1106,26,31
"1312","2020-05-10",210,15,244,671,6380,0.500156739811912,8250,36915,383,1237,50,4588,26,1132,20,26
"1313","2020-05-11",210,15,214,650,6380,0.500156739811912,8250,36915,383,1237,38,4626,22,1154,9,22
"1314","2020-05-12",204,15,197,632,6380,0.500156739811912,8250,36915,383,1237,47,4673,29,1183,15,29
"1315","2020-05-13",194,15,198,622,6380,0.500156739811912,8250,36915,383,1237,39,4712,21,1204,17,21
"1316","2020-05-14",195,15,206,605,6380,0.500156739811912,8250,36915,383,1237,44,4756,10,1214,15,10
"1317","2020-05-15",206,15,179,597,6380,0.500156739811912,8250,36915,383,1237,39,4795,29,1243,10,29
"1318","2020-05-16",226,15,176,583,6380,0.500156739811912,8250,36915,383,1237,34,4829,25,1268,9,25
"1319","2020-05-17",199,15,173,564,6380,0.500156739811912,8250,36915,383,1237,36,4865,31,1299,8,31
"1320","2020-05-18",192,15,164,538,6380,0.500156739811912,8250,36915,383,1237,36,4901,17,1316,15,17
"1321","2020-05-19",192,15,158,510,6380,0.500156739811912,8250,36915,383,1237,31,4932,14,1330,14,14
"1322","2020-05-20",190,15,222,487,6380,0.500156739811912,8250,36915,383,1237,36,4968,13,1343,17,13
"1323","2020-05-21",179,15,246,458,6380,0.500156739811912,8250,36915,383,1237,32,5000,23,1366,9,23
"1324","2020-05-22",159,15,226,444,6380,0.500156739811912,8250,36915,383,1237,31,5031,36,1402,13,36
"1325","2020-05-23",147,15,209,435,6380,0.500156739811912,8250,36915,383,1237,27,5058,36,1438,9,36
"1326","2020-05-24",141,15,214,422,6380,0.500156739811912,8250,36915,383,1237,31,5089,17,1455,11,17
"1327","2020-05-25",132,15,245,401,6380,0.500156739811912,8250,36915,383,1237,21,5110,16,1471,7,16
"1328","2020-05-26",125,15,238,386,6380,0.500156739811912,8250,36915,383,1237,28,5138,19,1490,8,19
"1329","2020-05-27",118,15,285,367,6380,0.500156739811912,8250,36915,383,1237,29,5167,13,1503,12,13
"1330","2020-05-28",121,15,292,365,6380,0.500156739811912,8250,36915,383,1237,33,5200,19,1522,12,19
"1331","2020-05-29",129,15,292,353,6380,0.500156739811912,8250,36915,383,1237,22,5222,23,1545,7,23
"1332","2020-05-30",122,15,271,343,6380,0.500156739811912,8250,36915,383,1237,19,5241,30,1575,5,30
"1333","2020-05-31",132,15,263,334,6380,0.500156739811912,8250,36915,383,1237,15,5256,15,1590,4,15
"1334","2020-06-01",129,15,257,333,6380,0.500156739811912,8250,36915,383,1237,21,5277,16,1606,8,16
"1335","2020-06-02",113,15,212,327,6380,0.500156739811912,8250,36915,383,1237,18,5295,7,1613,7,7
"1336","2020-06-03",108,15,213,316,6380,0.500156739811912,8250,36915,383,1237,22,5317,14,1627,7,14
"1337","2020-06-04",101,15,220,296,6380,0.500156739811912,8250,36915,383,1237,13,5330,14,1641,3,14
"1338","2020-06-05",94,15,209,268,6380,0.500156739811912,8250,36915,383,1237,17,5347,13,1654,7,13
"1339","2020-06-06",88,15,213,267,6380,0.500156739811912,8250,36915,383,1237,7,5354,24,1678,1,24
"1340","2020-06-07",72,15,193,255,6380,0.500156739811912,8250,36915,383,1237,11,5365,15,1693,5,15
"1341","2020-03-13",1,16,77,53,6052,0.838070059484468,8490,33514,349,951,39,104,31,91,8,31
"1342","2020-03-14",2,16,75,74,6052,0.838070059484468,8490,33514,349,951,43,147,19,110,15,19
"1343","2020-03-15",14,16,76,92,6052,0.838070059484468,8490,33514,349,951,57,204,19,129,27,19
"1344","2020-03-16",18,16,75,118,6052,0.838070059484468,8490,33514,349,951,66,270,31,160,33,31
"1345","2020-03-17",12,16,111,166,6052,0.838070059484468,8490,33514,349,951,62,332,35,195,34,35
"1346","2020-03-18",15,16,119,202,6052,0.838070059484468,8490,33514,349,951,66,398,22,217,38,22
"1347","2020-03-19",26,16,124,246,6052,0.838070059484468,8490,33514,349,951,83,481,44,261,45,44
"1348","2020-03-20",47,16,153,283,6052,0.838070059484468,8490,33514,349,951,81,562,28,289,51,28
"1349","2020-03-21",80,16,181,320,6052,0.838070059484468,8490,33514,349,951,95,657,35,324,63,35
"1350","2020-03-22",99,16,168,365,6052,0.838070059484468,8490,33514,349,951,69,726,46,370,44,46
"1351","2020-03-23",103,16,165,422,6052,0.838070059484468,8490,33514,349,951,109,835,31,401,80,31
"1352","2020-03-24",114,16,160,481,6052,0.838070059484468,8490,33514,349,951,85,920,45,446,54,45
"1353","2020-03-25",117,16,162,552,6052,0.838070059484468,8490,33514,349,951,93,1013,46,492,74,46
"1354","2020-03-26",119,16,169,621,6052,0.838070059484468,8490,33514,349,951,97,1110,50,542,78,50
"1355","2020-03-27",168,16,166,664,6052,0.838070059484468,8490,33514,349,951,107,1217,31,573,77,31
"1356","2020-03-28",180,16,193,720,6052,0.838070059484468,8490,33514,349,951,110,1327,33,606,82,33
"1357","2020-03-29",181,16,202,793,6052,0.838070059484468,8490,33514,349,951,113,1440,31,637,88,31
"1358","2020-03-30",183,16,183,855,6052,0.838070059484468,8490,33514,349,951,122,1562,59,696,86,59
"1359","2020-03-31",202,16,183,908,6052,0.838070059484468,8490,33514,349,951,104,1666,40,736,74,40
"1360","2020-04-01",231,16,176,1006,6052,0.838070059484468,8490,33514,349,951,120,1786,46,782,80,46
"1361","2020-04-02",250,16,156,1090,6052,0.838070059484468,8490,33514,349,951,123,1909,47,829,97,47
"1362","2020-04-03",308,16,157,1181,6052,0.838070059484468,8490,33514,349,951,133,2042,50,879,98,50
"1363","2020-04-04",328,16,176,1263,6052,0.838070059484468,8490,33514,349,951,116,2158,46,925,88,46
"1364","2020-04-05",354,16,192,1329,6052,0.838070059484468,8490,33514,349,951,118,2276,26,951,92,26
"1365","2020-04-06",396,16,231,1390,6052,0.838070059484468,8490,33514,349,951,121,2397,51,1002,88,51
"1366","2020-04-07",405,16,250,1425,6052,0.838070059484468,8490,33514,349,951,96,2493,48,1050,63,48
"1367","2020-04-08",413,16,248,1513,6052,0.838070059484468,8490,33514,349,951,103,2596,39,1089,72,39
"1368","2020-04-09",442,16,261,1590,6052,0.838070059484468,8490,33514,349,951,119,2715,26,1115,88,26
"1369","2020-04-10",540,16,264,1646,6052,0.838070059484468,8490,33514,349,951,108,2823,41,1156,77,41
"1370","2020-04-11",580,16,254,1685,6052,0.838070059484468,8490,33514,349,951,114,2937,31,1187,81,31
"1371","2020-04-12",526,16,271,1700,6052,0.838070059484468,8490,33514,349,951,103,3040,44,1231,78,44
"1372","2020-04-13",504,16,259,1741,6052,0.838070059484468,8490,33514,349,951,93,3133,58,1289,63,58
"1373","2020-04-14",509,16,287,1731,6052,0.838070059484468,8490,33514,349,951,102,3235,64,1353,83,64
"1374","2020-04-15",527,16,278,1730,6052,0.838070059484468,8490,33514,349,951,102,3337,40,1393,71,40
"1375","2020-04-16",526,16,275,1712,6052,0.838070059484468,8490,33514,349,951,103,3440,55,1448,73,55
"1376","2020-04-17",582,16,245,1662,6052,0.838070059484468,8490,33514,349,951,90,3530,74,1522,60,74
"1377","2020-04-18",572,16,228,1658,6052,0.838070059484468,8490,33514,349,951,111,3641,61,1583,77,61
"1378","2020-04-19",570,16,211,1637,6052,0.838070059484468,8490,33514,349,951,80,3721,45,1628,53,45
"1379","2020-04-20",552,16,201,1576,6052,0.838070059484468,8490,33514,349,951,80,3801,40,1668,54,40
"1380","2020-04-21",546,16,195,1557,6052,0.838070059484468,8490,33514,349,951,89,3890,36,1704,66,36
"1381","2020-04-22",537,16,219,1501,6052,0.838070059484468,8490,33514,349,951,84,3974,39,1743,64,39
"1382","2020-04-23",534,16,243,1436,6052,0.838070059484468,8490,33514,349,951,73,4047,31,1774,50,31
"1383","2020-04-24",518,16,248,1378,6052,0.838070059484468,8490,33514,349,951,64,4111,53,1827,41,53
"1384","2020-04-25",503,16,258,1335,6052,0.838070059484468,8490,33514,349,951,60,4171,55,1882,41,55
"1385","2020-04-26",482,16,242,1272,6052,0.838070059484468,8490,33514,349,951,68,4239,44,1926,49,44
"1386","2020-04-27",475,16,239,1220,6052,0.838070059484468,8490,33514,349,951,62,4301,57,1983,38,57
"1387","2020-04-28",442,16,257,1117,6052,0.838070059484468,8490,33514,349,951,49,4350,46,2029,28,46
"1388","2020-04-29",430,16,247,1065,6052,0.838070059484468,8490,33514,349,951,67,4417,56,2085,48,56
"1389","2020-04-30",412,16,237,985,6052,0.838070059484468,8490,33514,349,951,58,4475,40,2125,29,40
"1390","2020-05-01",396,16,229,929,6052,0.838070059484468,8490,33514,349,951,51,4526,53,2178,28,53
"1391","2020-05-02",390,16,205,848,6052,0.838070059484468,8490,33514,349,951,43,4569,63,2241,28,63
"1392","2020-05-03",337,16,200,768,6052,0.838070059484468,8490,33514,349,951,54,4623,59,2300,34,59
"1393","2020-05-04",325,16,199,718,6052,0.838070059484468,8490,33514,349,951,80,4703,36,2336,56,36
"1394","2020-05-05",299,16,184,682,6052,0.838070059484468,8490,33514,349,951,53,4756,41,2377,30,41
"1395","2020-05-06",277,16,176,632,6052,0.838070059484468,8490,33514,349,951,53,4809,46,2423,33,46
"1396","2020-05-07",255,16,199,592,6052,0.838070059484468,8490,33514,349,951,44,4853,35,2458,27,35
"1397","2020-05-08",223,16,233,556,6052,0.838070059484468,8490,33514,349,951,45,4898,34,2492,21,34
"1398","2020-05-09",215,16,248,505,6052,0.838070059484468,8490,33514,349,951,54,4952,32,2524,34,32
"1399","2020-05-10",209,16,248,470,6052,0.838070059484468,8490,33514,349,951,44,4996,29,2553,23,29
"1400","2020-05-11",196,16,231,438,6052,0.838070059484468,8490,33514,349,951,47,5043,58,2611,30,58
"1401","2020-05-12",182,16,224,407,6052,0.838070059484468,8490,33514,349,951,38,5081,33,2644,27,33
"1402","2020-05-13",180,16,257,382,6052,0.838070059484468,8490,33514,349,951,37,5118,35,2679,20,35
"1403","2020-05-14",181,16,252,344,6052,0.838070059484468,8490,33514,349,951,37,5155,33,2712,24,33
"1404","2020-05-15",155,16,233,315,6052,0.838070059484468,8490,33514,349,951,39,5194,34,2746,25,34
"1405","2020-05-16",145,16,216,304,6052,0.838070059484468,8490,33514,349,951,28,5222,39,2785,20,39
"1406","2020-05-17",122,16,219,277,6052,0.838070059484468,8490,33514,349,951,25,5247,54,2839,13,54
"1407","2020-05-18",109,16,216,252,6052,0.838070059484468,8490,33514,349,951,25,5272,35,2874,16,35
"1408","2020-05-19",100,16,199,231,6052,0.838070059484468,8490,33514,349,951,22,5294,42,2916,13,42
"1409","2020-05-20",97,16,187,221,6052,0.838070059484468,8490,33514,349,951,20,5314,41,2957,4,41
"1410","2020-05-21",86,16,199,213,6052,0.838070059484468,8490,33514,349,951,24,5338,28,2985,14,28
"1411","2020-05-22",76,16,226,204,6052,0.838070059484468,8490,33514,349,951,16,5354,38,3023,9,38
"1412","2020-05-23",68,16,252,195,6052,0.838070059484468,8490,33514,349,951,23,5377,43,3066,10,43
"1413","2020-05-24",63,16,235,186,6052,0.838070059484468,8490,33514,349,951,21,5398,47,3113,9,47
"1414","2020-05-25",62,16,223,182,6052,0.838070059484468,8490,33514,349,951,17,5415,43,3156,11,43
"1415","2020-05-26",66,16,224,181,6052,0.838070059484468,8490,33514,349,951,13,5428,45,3201,9,45
"1416","2020-05-27",60,16,208,180,6052,0.838070059484468,8490,33514,349,951,24,5452,33,3234,12,33
"1417","2020-05-28",61,16,200,174,6052,0.838070059484468,8490,33514,349,951,23,5475,33,3267,10,33
"1418","2020-05-29",51,16,180,162,6052,0.838070059484468,8490,33514,349,951,13,5488,47,3314,8,47
"1419","2020-05-30",49,16,199,150,6052,0.838070059484468,8490,33514,349,951,15,5503,27,3341,8,27
"1420","2020-05-31",55,16,213,145,6052,0.838070059484468,8490,33514,349,951,17,5520,43,3384,7,43
"1421","2020-06-01",48,16,229,139,6052,0.838070059484468,8490,33514,349,951,11,5531,38,3422,4,38
"1422","2020-06-02",46,16,218,125,6052,0.838070059484468,8490,33514,349,951,9,5540,25,3447,2,25
"1423","2020-06-03",43,16,221,123,6052,0.838070059484468,8490,33514,349,951,8,5548,26,3473,2,26
"1424","2020-06-04",38,16,208,113,6052,0.838070059484468,8490,33514,349,951,11,5559,27,3500,6,27
"1425","2020-06-05",39,16,223,112,6052,0.838070059484468,8490,33514,349,951,16,5575,30,3530,6,30
"1426","2020-06-06",40,16,241,107,6052,0.838070059484468,8490,33514,349,951,10,5585,22,3552,4,22
"1427","2020-06-07",33,16,234,101,6052,0.838070059484468,8490,33514,349,951,10,5595,22,3574,3,22
"1428","2020-03-12",3,17,35,61,5941,0.674297256354149,8220,34579,353,1091,18,26,19,35,8,19
"1429","2020-03-13",6,17,73,88,5941,0.674297256354149,8220,34579,353,1091,20,46,23,58,13,23
"1430","2020-03-14",8,17,93,132,5941,0.674297256354149,8220,34579,353,1091,18,64,19,77,16,19
"1431","2020-03-15",15,17,91,168,5941,0.674297256354149,8220,34579,353,1091,22,86,32,109,19,32
"1432","2020-03-16",23,17,106,208,5941,0.674297256354149,8220,34579,353,1091,30,116,18,127,28,18
"1433","2020-03-17",28,17,109,252,5941,0.674297256354149,8220,34579,353,1091,44,160,26,153,37,26
"1434","2020-03-18",37,17,136,308,5941,0.674297256354149,8220,34579,353,1091,38,198,43,196,33,43
"1435","2020-03-19",42,17,143,345,5941,0.674297256354149,8220,34579,353,1091,45,243,36,232,42,36
"1436","2020-03-20",62,17,165,431,5941,0.674297256354149,8220,34579,353,1091,61,304,35,267,57,35
"1437","2020-03-21",93,17,200,485,5941,0.674297256354149,8220,34579,353,1091,78,382,28,295,73,28
"1438","2020-03-22",121,17,206,557,5941,0.674297256354149,8220,34579,353,1091,60,442,16,311,51,16
"1439","2020-03-23",131,17,211,606,5941,0.674297256354149,8220,34579,353,1091,77,519,15,326,67,15
"1440","2020-03-24",139,17,184,667,5941,0.674297256354149,8220,34579,353,1091,74,593,30,356,69,30
"1441","2020-03-25",153,17,155,734,5941,0.674297256354149,8220,34579,353,1091,80,673,19,375,76,19
"1442","2020-03-26",167,17,145,777,5941,0.674297256354149,8220,34579,353,1091,136,809,22,397,126,22
"1443","2020-03-27",209,17,125,835,5941,0.674297256354149,8220,34579,353,1091,110,919,34,431,100,34
"1444","2020-03-28",245,17,131,903,5941,0.674297256354149,8220,34579,353,1091,125,1044,22,453,121,22
"1445","2020-03-29",250,17,127,963,5941,0.674297256354149,8220,34579,353,1091,99,1143,32,485,95,32
"1446","2020-03-30",258,17,154,1023,5941,0.674297256354149,8220,34579,353,1091,151,1294,17,502,147,17
"1447","2020-03-31",274,17,176,1088,5941,0.674297256354149,8220,34579,353,1091,121,1415,46,548,116,46
"1448","2020-04-01",282,17,176,1136,5941,0.674297256354149,8220,34579,353,1091,154,1569,42,590,143,42
"1449","2020-04-02",303,17,181,1179,5941,0.674297256354149,8220,34579,353,1091,141,1710,21,611,135,21
"1450","2020-04-03",384,17,170,1233,5941,0.674297256354149,8220,34579,353,1091,149,1859,35,646,141,35
"1451","2020-04-04",387,17,211,1261,5941,0.674297256354149,8220,34579,353,1091,209,2068,25,671,202,25
"1452","2020-04-05",402,17,217,1293,5941,0.674297256354149,8220,34579,353,1091,156,2224,45,716,148,45
"1453","2020-04-06",397,17,208,1321,5941,0.674297256354149,8220,34579,353,1091,192,2416,41,757,182,41
"1454","2020-04-07",392,17,199,1314,5941,0.674297256354149,8220,34579,353,1091,202,2618,42,799,198,42
"1455","2020-04-08",410,17,177,1327,5941,0.674297256354149,8220,34579,353,1091,172,2790,62,861,169,62
"1456","2020-04-09",420,17,195,1365,5941,0.674297256354149,8220,34579,353,1091,173,2963,37,898,167,37
"1457","2020-04-10",468,17,188,1400,5941,0.674297256354149,8220,34579,353,1091,180,3143,47,945,175,47
"1458","2020-04-11",461,17,211,1401,5941,0.674297256354149,8220,34579,353,1091,179,3322,23,968,175,23
"1459","2020-04-12",452,17,240,1391,5941,0.674297256354149,8220,34579,353,1091,173,3495,12,980,173,12
"1460","2020-04-13",457,17,242,1384,5941,0.674297256354149,8220,34579,353,1091,190,3685,39,1019,179,39
"1461","2020-04-14",454,17,248,1402,5941,0.674297256354149,8220,34579,353,1091,170,3855,36,1055,167,36
"1462","2020-04-15",447,17,237,1366,5941,0.674297256354149,8220,34579,353,1091,169,4024,61,1116,161,61
"1463","2020-04-16",438,17,205,1333,5941,0.674297256354149,8220,34579,353,1091,119,4143,24,1140,117,24
"1464","2020-04-17",466,17,189,1337,5941,0.674297256354149,8220,34579,353,1091,121,4264,12,1152,119,12
"1465","2020-04-18",502,17,179,1300,5941,0.674297256354149,8220,34579,353,1091,140,4404,8,1160,134,8
"1466","2020-04-19",423,17,167,1280,5941,0.674297256354149,8220,34579,353,1091,120,4524,9,1169,115,9
"1467","2020-04-20",409,17,170,1258,5941,0.674297256354149,8220,34579,353,1091,133,4657,14,1183,131,14
"1468","2020-04-21",388,17,163,1228,5941,0.674297256354149,8220,34579,353,1091,89,4746,26,1209,88,26
"1469","2020-04-22",399,17,199,1184,5941,0.674297256354149,8220,34579,353,1091,97,4843,38,1247,89,38
"1470","2020-04-23",393,17,234,1146,5941,0.674297256354149,8220,34579,353,1091,110,4953,66,1313,109,66
"1471","2020-04-24",392,17,277,1130,5941,0.674297256354149,8220,34579,353,1091,84,5037,53,1366,81,53
"1472","2020-04-25",390,17,314,1075,5941,0.674297256354149,8220,34579,353,1091,84,5121,31,1397,78,31
"1473","2020-04-26",391,17,306,1011,5941,0.674297256354149,8220,34579,353,1091,63,5184,18,1415,61,18
"1474","2020-04-27",371,17,312,974,5941,0.674297256354149,8220,34579,353,1091,68,5252,21,1436,65,21
"1475","2020-04-28",353,17,315,927,5941,0.674297256354149,8220,34579,353,1091,46,5298,11,1447,43,11
"1476","2020-04-29",332,17,295,885,5941,0.674297256354149,8220,34579,353,1091,56,5354,18,1465,54,18
"1477","2020-04-30",320,17,261,840,5941,0.674297256354149,8220,34579,353,1091,60,5414,48,1513,57,48
"1478","2020-05-01",323,17,258,800,5941,0.674297256354149,8220,34579,353,1091,51,5465,47,1560,48,47
"1479","2020-05-02",290,17,249,773,5941,0.674297256354149,8220,34579,353,1091,37,5502,18,1578,34,18
"1480","2020-05-03",265,17,265,717,5941,0.674297256354149,8220,34579,353,1091,37,5539,20,1598,34,20
"1481","2020-05-04",260,17,266,677,5941,0.674297256354149,8220,34579,353,1091,40,5579,29,1627,35,29
"1482","2020-05-05",247,17,265,635,5941,0.674297256354149,8220,34579,353,1091,24,5603,38,1665,23,38
"1483","2020-05-06",240,17,271,589,5941,0.674297256354149,8220,34579,353,1091,31,5634,51,1716,29,51
"1484","2020-05-07",238,17,256,560,5941,0.674297256354149,8220,34579,353,1091,25,5659,60,1776,24,60
"1485","2020-05-08",228,17,238,554,5941,0.674297256354149,8220,34579,353,1091,30,5689,31,1807,28,31
"1486","2020-05-09",220,17,208,541,5941,0.674297256354149,8220,34579,353,1091,33,5722,26,1833,31,26
"1487","2020-05-10",201,17,160,537,5941,0.674297256354149,8220,34579,353,1091,18,5740,28,1861,18,28
"1488","2020-05-11",186,17,141,519,5941,0.674297256354149,8220,34579,353,1091,18,5758,23,1884,16,23
"1489","2020-05-12",174,17,137,504,5941,0.674297256354149,8220,34579,353,1091,23,5781,32,1916,20,32
"1490","2020-05-13",167,17,140,451,5941,0.674297256354149,8220,34579,353,1091,19,5800,32,1948,16,32
"1491","2020-05-14",158,17,130,434,5941,0.674297256354149,8220,34579,353,1091,17,5817,35,1983,15,35
"1492","2020-05-15",132,17,128,405,5941,0.674297256354149,8220,34579,353,1091,18,5835,26,2009,17,26
"1493","2020-05-16",136,17,161,393,5941,0.674297256354149,8220,34579,353,1091,16,5851,12,2021,16,12
"1494","2020-05-17",127,17,186,369,5941,0.674297256354149,8220,34579,353,1091,15,5866,22,2043,12,22
"1495","2020-05-18",128,17,190,369,5941,0.674297256354149,8220,34579,353,1091,15,5881,20,2063,13,20
"1496","2020-05-19",126,17,190,336,5941,0.674297256354149,8220,34579,353,1091,8,5889,10,2073,8,10
"1497","2020-05-20",125,17,198,334,5941,0.674297256354149,8220,34579,353,1091,15,5904,11,2084,12,11
"1498","2020-05-21",124,17,212,324,5941,0.674297256354149,8220,34579,353,1091,9,5913,11,2095,7,11
"1499","2020-05-22",120,17,229,308,5941,0.674297256354149,8220,34579,353,1091,9,5922,17,2112,7,17
"1500","2020-05-23",116,17,222,297,5941,0.674297256354149,8220,34579,353,1091,8,5930,29,2141,5,29
"1501","2020-05-24",106,17,213,279,5941,0.674297256354149,8220,34579,353,1091,9,5939,23,2164,8,23
"1502","2020-05-25",94,17,218,263,5941,0.674297256354149,8220,34579,353,1091,6,5945,16,2180,5,16
"1503","2020-05-26",85,17,219,258,5941,0.674297256354149,8220,34579,353,1091,5,5950,41,2221,5,41
"1504","2020-05-27",80,17,218,241,5941,0.674297256354149,8220,34579,353,1091,19,5969,50,2271,15,50
"1505","2020-05-28",75,17,203,224,5941,0.674297256354149,8220,34579,353,1091,15,5984,33,2304,12,33
"1506","2020-05-29",77,17,165,220,5941,0.674297256354149,8220,34579,353,1091,6,5990,27,2331,5,27
"1507","2020-05-30",76,17,190,209,5941,0.674297256354149,8220,34579,353,1091,5,5995,9,2340,5,9
"1508","2020-05-31",73,17,209,210,5941,0.674297256354149,8220,34579,353,1091,3,5998,41,2381,1,41
"1509","2020-06-01",71,17,198,199,5941,0.674297256354149,8220,34579,353,1091,13,6011,33,2414,7,33
"1510","2020-06-02",72,17,176,190,5941,0.674297256354149,8220,34579,353,1091,4,6015,40,2454,4,40
"1511","2020-06-03",72,17,186,188,5941,0.674297256354149,8220,34579,353,1091,8,6023,21,2475,7,21
"1512","2020-06-04",69,17,166,180,5941,0.674297256354149,8220,34579,353,1091,5,6028,14,2489,4,14
"1513","2020-06-05",67,17,141,166,5941,0.674297256354149,8220,34579,353,1091,6,6034,34,2523,6,34
"1514","2020-06-06",60,17,121,163,5941,0.674297256354149,8220,34579,353,1091,7,6041,30,2553,7,30
"1515","2020-06-07",52,17,130,152,5941,0.674297256354149,8220,34579,353,1091,2,6043,18,2571,1,18
"1516","2020-03-13",1,18,126,40,5564,0.806434219985622,8385,32500,339,1359,9,22,18,39,2,18
"1517","2020-03-14",1,18,126,58,5564,0.806434219985622,8385,32500,339,1359,11,33,6,45,6,6
"1518","2020-03-15",8,18,117,78,5564,0.806434219985622,8385,32500,339,1359,18,51,26,71,11,26
"1519","2020-03-16",11,18,149,102,5564,0.806434219985622,8385,32500,339,1359,15,66,19,90,5,19
"1520","2020-03-17",10,18,182,136,5564,0.806434219985622,8385,32500,339,1359,26,92,26,116,17,26
"1521","2020-03-18",15,18,203,166,5564,0.806434219985622,8385,32500,339,1359,28,120,19,135,19,19
"1522","2020-03-19",19,18,185,192,5564,0.806434219985622,8385,32500,339,1359,23,143,33,168,18,33
"1523","2020-03-20",28,18,166,238,5564,0.806434219985622,8385,32500,339,1359,21,164,21,189,16,21
"1524","2020-03-21",49,18,194,277,5564,0.806434219985622,8385,32500,339,1359,39,203,12,201,29,12
"1525","2020-03-22",48,18,188,324,5564,0.806434219985622,8385,32500,339,1359,48,251,9,210,37,9
"1526","2020-03-23",50,18,189,361,5564,0.806434219985622,8385,32500,339,1359,54,305,31,241,46,31
"1527","2020-03-24",66,18,178,404,5564,0.806434219985622,8385,32500,339,1359,65,370,23,264,59,23
"1528","2020-03-25",80,18,174,450,5564,0.806434219985622,8385,32500,339,1359,66,436,29,293,59,29
"1529","2020-03-26",95,18,174,511,5564,0.806434219985622,8385,32500,339,1359,70,506,24,317,63,24
"1530","2020-03-27",129,18,184,553,5564,0.806434219985622,8385,32500,339,1359,62,568,45,362,48,45
"1531","2020-03-28",143,18,211,616,5564,0.806434219985622,8385,32500,339,1359,75,643,42,404,64,42
"1532","2020-03-29",196,18,232,663,5564,0.806434219985622,8385,32500,339,1359,88,731,47,451,77,47
"1533","2020-03-30",209,18,260,705,5564,0.806434219985622,8385,32500,339,1359,102,833,20,471,97,20
"1534","2020-03-31",201,18,243,759,5564,0.806434219985622,8385,32500,339,1359,99,932,39,510,95,39
"1535","2020-04-01",216,18,203,820,5564,0.806434219985622,8385,32500,339,1359,129,1061,32,542,123,32
"1536","2020-04-02",223,18,188,902,5564,0.806434219985622,8385,32500,339,1359,136,1197,38,580,126,38
"1537","2020-04-03",301,18,158,946,5564,0.806434219985622,8385,32500,339,1359,117,1314,31,611,104,31
"1538","2020-04-04",316,18,148,1006,5564,0.806434219985622,8385,32500,339,1359,131,1445,22,633,125,22
"1539","2020-04-05",253,18,124,1069,5564,0.806434219985622,8385,32500,339,1359,139,1584,43,676,132,43
"1540","2020-04-06",253,18,131,1125,5564,0.806434219985622,8385,32500,339,1359,137,1721,24,700,130,24
"1541","2020-04-07",288,18,153,1174,5564,0.806434219985622,8385,32500,339,1359,192,1913,27,727,184,27
"1542","2020-04-08",300,18,152,1217,5564,0.806434219985622,8385,32500,339,1359,143,2056,48,775,135,48
"1543","2020-04-09",329,18,186,1260,5564,0.806434219985622,8385,32500,339,1359,176,2232,32,807,169,32
"1544","2020-04-10",385,18,214,1268,5564,0.806434219985622,8385,32500,339,1359,152,2384,33,840,144,33
"1545","2020-04-11",398,18,209,1305,5564,0.806434219985622,8385,32500,339,1359,181,2565,23,863,171,23
"1546","2020-04-12",445,18,198,1359,5564,0.806434219985622,8385,32500,339,1359,143,2708,29,892,135,29
"1547","2020-04-13",474,18,232,1361,5564,0.806434219985622,8385,32500,339,1359,190,2898,35,927,184,35
"1548","2020-04-14",447,18,212,1353,5564,0.806434219985622,8385,32500,339,1359,172,3070,40,967,166,40
"1549","2020-04-15",450,18,178,1372,5564,0.806434219985622,8385,32500,339,1359,146,3216,27,994,141,27
"1550","2020-04-16",460,18,162,1363,5564,0.806434219985622,8385,32500,339,1359,149,3365,26,1020,142,26
"1551","2020-04-17",499,18,154,1379,5564,0.806434219985622,8385,32500,339,1359,174,3539,23,1043,165,23
"1552","2020-04-18",531,18,201,1346,5564,0.806434219985622,8385,32500,339,1359,123,3662,12,1055,117,12
"1553","2020-04-19",472,18,215,1343,5564,0.806434219985622,8385,32500,339,1359,149,3811,19,1074,144,19
"1554","2020-04-20",455,18,219,1326,5564,0.806434219985622,8385,32500,339,1359,147,3958,38,1112,140,38
"1555","2020-04-21",439,18,237,1289,5564,0.806434219985622,8385,32500,339,1359,113,4071,71,1183,107,71
"1556","2020-04-22",422,18,276,1264,5564,0.806434219985622,8385,32500,339,1359,137,4208,35,1218,127,35
"1557","2020-04-23",411,18,303,1240,5564,0.806434219985622,8385,32500,339,1359,112,4320,16,1234,106,16
"1558","2020-04-24",384,18,255,1222,5564,0.806434219985622,8385,32500,339,1359,108,4428,18,1252,105,18
"1559","2020-04-25",395,18,247,1176,5564,0.806434219985622,8385,32500,339,1359,134,4562,14,1266,127,14
"1560","2020-04-26",391,18,248,1138,5564,0.806434219985622,8385,32500,339,1359,98,4660,16,1282,89,16
"1561","2020-04-27",379,18,224,1079,5564,0.806434219985622,8385,32500,339,1359,96,4756,17,1299,94,17
"1562","2020-04-28",380,18,230,1058,5564,0.806434219985622,8385,32500,339,1359,73,4829,12,1311,67,12
"1563","2020-04-29",386,18,219,1002,5564,0.806434219985622,8385,32500,339,1359,87,4916,38,1349,83,38
"1564","2020-04-30",378,18,217,977,5564,0.806434219985622,8385,32500,339,1359,76,4992,49,1398,70,49
"1565","2020-05-01",398,18,201,950,5564,0.806434219985622,8385,32500,339,1359,64,5056,64,1462,60,64
"1566","2020-05-02",361,18,182,906,5564,0.806434219985622,8385,32500,339,1359,51,5107,30,1492,44,30
"1567","2020-05-03",337,18,160,878,5564,0.806434219985622,8385,32500,339,1359,58,5165,13,1505,55,13
"1568","2020-05-04",320,18,134,846,5564,0.806434219985622,8385,32500,339,1359,39,5204,17,1522,35,17
"1569","2020-05-05",315,18,126,806,5564,0.806434219985622,8385,32500,339,1359,43,5247,39,1561,39,39
"1570","2020-05-06",306,18,120,775,5564,0.806434219985622,8385,32500,339,1359,36,5283,41,1602,33,41
"1571","2020-05-07",280,18,118,733,5564,0.806434219985622,8385,32500,339,1359,43,5326,44,1646,38,44
"1572","2020-05-08",278,18,115,693,5564,0.806434219985622,8385,32500,339,1359,41,5367,57,1703,36,57
"1573","2020-05-09",271,18,141,644,5564,0.806434219985622,8385,32500,339,1359,31,5398,31,1734,24,31
"1574","2020-05-10",255,18,189,611,5564,0.806434219985622,8385,32500,339,1359,38,5436,36,1770,35,36
"1575","2020-05-11",237,18,192,569,5564,0.806434219985622,8385,32500,339,1359,30,5466,16,1786,26,16
"1576","2020-05-12",213,18,195,526,5564,0.806434219985622,8385,32500,339,1359,14,5480,36,1822,12,36
"1577","2020-05-13",203,18,219,489,5564,0.806434219985622,8385,32500,339,1359,26,5506,26,1848,20,26
"1578","2020-05-14",199,18,219,445,5564,0.806434219985622,8385,32500,339,1359,21,5527,17,1865,20,17
"1579","2020-05-15",165,18,219,421,5564,0.806434219985622,8385,32500,339,1359,22,5549,27,1892,19,27
"1580","2020-05-16",172,18,238,390,5564,0.806434219985622,8385,32500,339,1359,23,5572,32,1924,21,32
"1581","2020-05-17",168,18,212,378,5564,0.806434219985622,8385,32500,339,1359,23,5595,23,1947,19,23
"1582","2020-05-18",165,18,172,352,5564,0.806434219985622,8385,32500,339,1359,15,5610,35,1982,14,35
"1583","2020-05-19",171,18,158,335,5564,0.806434219985622,8385,32500,339,1359,15,5625,34,2016,13,34
"1584","2020-05-20",159,18,157,318,5564,0.806434219985622,8385,32500,339,1359,18,5643,46,2062,11,46
"1585","2020-05-21",153,18,159,309,5564,0.806434219985622,8385,32500,339,1359,24,5667,23,2085,19,23
"1586","2020-05-22",140,18,147,289,5564,0.806434219985622,8385,32500,339,1359,13,5680,12,2097,9,12
"1587","2020-05-23",120,18,140,283,5564,0.806434219985622,8385,32500,339,1359,10,5690,16,2113,7,16
"1588","2020-05-24",98,18,154,263,5564,0.806434219985622,8385,32500,339,1359,10,5700,25,2138,9,25
"1589","2020-05-25",92,18,177,247,5564,0.806434219985622,8385,32500,339,1359,10,5710,13,2151,9,13
"1590","2020-05-26",87,18,172,240,5564,0.806434219985622,8385,32500,339,1359,13,5723,14,2165,10,14
"1591","2020-05-27",84,18,183,232,5564,0.806434219985622,8385,32500,339,1359,7,5730,25,2190,5,25
"1592","2020-05-28",87,18,188,230,5564,0.806434219985622,8385,32500,339,1359,4,5734,17,2207,3,17
"1593","2020-05-29",76,18,179,219,5564,0.806434219985622,8385,32500,339,1359,13,5747,12,2219,7,12
"1594","2020-05-30",79,18,162,198,5564,0.806434219985622,8385,32500,339,1359,9,5756,32,2251,6,32
"1595","2020-05-31",69,18,143,181,5564,0.806434219985622,8385,32500,339,1359,6,5762,33,2284,5,33
"1596","2020-06-01",63,18,118,177,5564,0.806434219985622,8385,32500,339,1359,16,5778,37,2321,11,37
"1597","2020-06-02",54,18,112,167,5564,0.806434219985622,8385,32500,339,1359,4,5782,38,2359,2,38
"1598","2020-06-03",59,18,108,160,5564,0.806434219985622,8385,32500,339,1359,10,5792,37,2396,7,37
"1599","2020-06-04",49,18,116,154,5564,0.806434219985622,8385,32500,339,1359,5,5797,33,2429,3,33
"1600","2020-06-05",52,18,135,138,5564,0.806434219985622,8385,32500,339,1359,3,5800,17,2446,2,17
"1601","2020-06-06",48,18,160,135,5564,0.806434219985622,8385,32500,339,1359,5,5805,12,2458,1,12
"1602","2020-06-07",48,18,164,126,5564,0.806434219985622,8385,32500,339,1359,4,5809,9,2467,3,9
"1603","2020-03-12",2,19,29,55,4812,0.537822111388196,8235,31624,254,669,24,53,29,47,2,29
"1604","2020-03-13",3,19,60,83,4812,0.537822111388196,8235,31624,254,669,24,77,29,76,4,29
"1605","2020-03-14",8,19,80,111,4812,0.537822111388196,8235,31624,254,669,33,110,37,113,12,37
"1606","2020-03-15",12,19,82,135,4812,0.537822111388196,8235,31624,254,669,38,148,21,134,10,21
"1607","2020-03-16",17,19,89,175,4812,0.537822111388196,8235,31624,254,669,52,200,18,152,26,18
"1608","2020-03-17",21,19,105,213,4812,0.537822111388196,8235,31624,254,669,43,243,10,162,19,10
"1609","2020-03-18",31,19,104,258,4812,0.537822111388196,8235,31624,254,669,61,304,8,170,25,8
"1610","2020-03-19",35,19,96,304,4812,0.537822111388196,8235,31624,254,669,55,359,21,191,37,21
"1611","2020-03-20",49,19,87,334,4812,0.537822111388196,8235,31624,254,669,72,431,11,202,42,11
"1612","2020-03-21",71,19,84,370,4812,0.537822111388196,8235,31624,254,669,77,508,43,245,50,43
"1613","2020-03-22",97,19,84,409,4812,0.537822111388196,8235,31624,254,669,89,597,48,293,55,48
"1614","2020-03-23",103,19,83,447,4812,0.537822111388196,8235,31624,254,669,87,684,35,328,57,35
"1615","2020-03-24",117,19,81,482,4812,0.537822111388196,8235,31624,254,669,92,776,45,373,64,45
"1616","2020-03-25",119,19,88,517,4812,0.537822111388196,8235,31624,254,669,91,867,40,413,63,40
"1617","2020-03-26",124,19,101,548,4812,0.537822111388196,8235,31624,254,669,122,989,41,454,87,41
"1618","2020-03-27",156,19,135,583,4812,0.537822111388196,8235,31624,254,669,117,1106,45,499,92,45
"1619","2020-03-28",178,19,151,625,4812,0.537822111388196,8235,31624,254,669,134,1240,37,536,107,37
"1620","2020-03-29",185,19,155,661,4812,0.537822111388196,8235,31624,254,669,106,1346,43,579,83,43
"1621","2020-03-30",189,19,151,698,4812,0.537822111388196,8235,31624,254,669,137,1483,23,602,114,23
"1622","2020-03-31",180,19,144,710,4812,0.537822111388196,8235,31624,254,669,132,1615,13,615,103,13
"1623","2020-04-01",196,19,131,737,4812,0.537822111388196,8235,31624,254,669,147,1762,15,630,121,15
"1624","2020-04-02",219,19,129,772,4812,0.537822111388196,8235,31624,254,669,141,1903,38,668,121,38
"1625","2020-04-03",266,19,139,783,4812,0.537822111388196,8235,31624,254,669,175,2078,46,714,141,46
"1626","2020-04-04",265,19,166,778,4812,0.537822111388196,8235,31624,254,669,145,2223,43,757,119,43
"1627","2020-04-05",262,19,164,810,4812,0.537822111388196,8235,31624,254,669,156,2379,29,786,124,29
"1628","2020-04-06",264,19,160,821,4812,0.537822111388196,8235,31624,254,669,163,2542,18,804,129,18
"1629","2020-04-07",265,19,163,835,4812,0.537822111388196,8235,31624,254,669,144,2686,16,820,119,16
"1630","2020-04-08",271,19,167,836,4812,0.537822111388196,8235,31624,254,669,167,2853,28,848,139,28
"1631","2020-04-09",258,19,154,877,4812,0.537822111388196,8235,31624,254,669,173,3026,32,880,139,32
"1632","2020-04-10",261,19,149,910,4812,0.537822111388196,8235,31624,254,669,148,3174,29,909,124,29
"1633","2020-04-11",269,19,159,888,4812,0.537822111388196,8235,31624,254,669,169,3343,42,951,147,42
"1634","2020-04-12",256,19,157,894,4812,0.537822111388196,8235,31624,254,669,156,3499,49,1000,126,49
"1635","2020-04-13",261,19,166,912,4812,0.537822111388196,8235,31624,254,669,140,3639,27,1027,109,27
"1636","2020-04-14",266,19,174,921,4812,0.537822111388196,8235,31624,254,669,153,3792,11,1038,131,11
"1637","2020-04-15",256,19,189,906,4812,0.537822111388196,8235,31624,254,669,136,3928,14,1052,114,14
"1638","2020-04-16",268,19,179,918,4812,0.537822111388196,8235,31624,254,669,127,4055,37,1089,105,37
"1639","2020-04-17",315,19,156,929,4812,0.537822111388196,8235,31624,254,669,135,4190,41,1130,116,41
"1640","2020-04-18",322,19,156,912,4812,0.537822111388196,8235,31624,254,669,122,4312,42,1172,100,42
"1641","2020-04-19",298,19,158,901,4812,0.537822111388196,8235,31624,254,669,102,4414,51,1223,74,51
"1642","2020-04-20",282,19,158,900,4812,0.537822111388196,8235,31624,254,669,111,4525,69,1292,86,69
"1643","2020-04-21",283,19,157,899,4812,0.537822111388196,8235,31624,254,669,109,4634,55,1347,83,55
"1644","2020-04-22",298,19,178,890,4812,0.537822111388196,8235,31624,254,669,109,4743,37,1384,85,37
"1645","2020-04-23",292,19,178,865,4812,0.537822111388196,8235,31624,254,669,83,4826,22,1406,68,22
"1646","2020-04-24",302,19,155,834,4812,0.537822111388196,8235,31624,254,669,102,4928,14,1420,74,14
"1647","2020-04-25",290,19,165,802,4812,0.537822111388196,8235,31624,254,669,73,5001,16,1436,55,16
"1648","2020-04-26",290,19,180,784,4812,0.537822111388196,8235,31624,254,669,70,5071,9,1445,59,9
"1649","2020-04-27",294,19,206,768,4812,0.537822111388196,8235,31624,254,669,65,5136,10,1455,52,10
"1650","2020-04-28",291,19,230,777,4812,0.537822111388196,8235,31624,254,669,54,5190,25,1480,46,25
"1651","2020-04-29",281,19,219,762,4812,0.537822111388196,8235,31624,254,669,68,5258,52,1532,54,52
"1652","2020-04-30",276,19,191,730,4812,0.537822111388196,8235,31624,254,669,54,5312,29,1561,37,29
"1653","2020-05-01",277,19,168,725,4812,0.537822111388196,8235,31624,254,669,42,5354,50,1611,29,50
"1654","2020-05-02",286,19,193,712,4812,0.537822111388196,8235,31624,254,669,49,5403,22,1633,29,22
"1655","2020-05-03",255,19,211,722,4812,0.537822111388196,8235,31624,254,669,55,5458,26,1659,41,26
"1656","2020-05-04",242,19,203,709,4812,0.537822111388196,8235,31624,254,669,32,5490,51,1710,20,51
"1657","2020-05-05",227,19,214,680,4812,0.537822111388196,8235,31624,254,669,33,5523,43,1753,17,43
"1658","2020-05-06",223,19,189,654,4812,0.537822111388196,8235,31624,254,669,33,5556,22,1775,23,22
"1659","2020-05-07",226,19,174,652,4812,0.537822111388196,8235,31624,254,669,39,5595,44,1819,26,44
"1660","2020-05-08",208,19,156,625,4812,0.537822111388196,8235,31624,254,669,47,5642,61,1880,30,61
"1661","2020-05-09",193,19,141,609,4812,0.537822111388196,8235,31624,254,669,34,5676,55,1935,17,55
"1662","2020-05-10",197,19,178,576,4812,0.537822111388196,8235,31624,254,669,34,5710,59,1994,18,59
"1663","2020-05-11",191,19,183,552,4812,0.537822111388196,8235,31624,254,669,34,5744,23,2017,23,23
"1664","2020-05-12",179,19,178,520,4812,0.537822111388196,8235,31624,254,669,28,5772,32,2049,19,32
"1665","2020-05-13",175,19,185,520,4812,0.537822111388196,8235,31624,254,669,25,5797,22,2071,16,22
"1666","2020-05-14",170,19,185,498,4812,0.537822111388196,8235,31624,254,669,33,5830,18,2089,15,18
"1667","2020-05-15",169,19,200,475,4812,0.537822111388196,8235,31624,254,669,37,5867,43,2132,20,43
"1668","2020-05-16",170,19,197,458,4812,0.537822111388196,8235,31624,254,669,21,5888,30,2162,17,30
"1669","2020-05-17",173,19,201,433,4812,0.537822111388196,8235,31624,254,669,22,5910,23,2185,16,23
"1670","2020-05-18",170,19,199,418,4812,0.537822111388196,8235,31624,254,669,22,5932,40,2225,11,40
"1671","2020-05-19",169,19,197,416,4812,0.537822111388196,8235,31624,254,669,21,5953,27,2252,11,27
"1672","2020-05-20",164,19,201,396,4812,0.537822111388196,8235,31624,254,669,20,5973,22,2274,9,22
"1673","2020-05-21",153,19,204,369,4812,0.537822111388196,8235,31624,254,669,10,5983,57,2331,4,57
"1674","2020-05-22",133,19,193,345,4812,0.537822111388196,8235,31624,254,669,17,6000,31,2362,12,31
"1675","2020-05-23",132,19,174,336,4812,0.537822111388196,8235,31624,254,669,15,6015,41,2403,8,41
"1676","2020-05-24",115,19,149,330,4812,0.537822111388196,8235,31624,254,669,12,6027,24,2427,9,24
"1677","2020-05-25",114,19,140,315,4812,0.537822111388196,8235,31624,254,669,7,6034,24,2451,2,24
"1678","2020-05-26",103,19,125,303,4812,0.537822111388196,8235,31624,254,669,18,6052,32,2483,9,32
"1679","2020-05-27",102,19,112,278,4812,0.537822111388196,8235,31624,254,669,10,6062,34,2517,6,34
"1680","2020-05-28",103,19,128,261,4812,0.537822111388196,8235,31624,254,669,8,6070,22,2539,3,22
"1681","2020-05-29",101,19,119,257,4812,0.537822111388196,8235,31624,254,669,14,6084,16,2555,8,16
"1682","2020-05-30",101,19,109,256,4812,0.537822111388196,8235,31624,254,669,9,6093,11,2566,4,11
"1683","2020-05-31",92,19,102,243,4812,0.537822111388196,8235,31624,254,669,13,6106,5,2571,6,5
"1684","2020-06-01",84,19,100,233,4812,0.537822111388196,8235,31624,254,669,7,6113,12,2583,3,12
"1685","2020-06-02",82,19,99,224,4812,0.537822111388196,8235,31624,254,669,11,6124,28,2611,4,28
"1686","2020-06-03",70,19,74,224,4812,0.537822111388196,8235,31624,254,669,9,6133,36,2647,3,36
"1687","2020-06-04",66,19,75,219,4812,0.537822111388196,8235,31624,254,669,9,6142,33,2680,3,33
"1688","2020-06-05",71,19,63,210,4812,0.537822111388196,8235,31624,254,669,7,6149,31,2711,3,31
"1689","2020-06-06",69,19,63,202,4812,0.537822111388196,8235,31624,254,669,4,6153,18,2729,2,18
"1690","2020-06-07",66,19,73,196,4812,0.537822111388196,8235,31624,254,669,7,6160,13,2742,3,13
"1691","2020-03-07",1,20,0,0,5954,0.920053745381256,8400,31892,360,1077,NA,NA,NA,NA,NA,NA
"1692","2020-03-08",2,20,0,0,5954,0.920053745381256,8400,31892,360,1077,NA,NA,NA,NA,NA,NA
"1693","2020-03-09",1,20,0,0,5954,0.920053745381256,8400,31892,360,1077,NA,NA,NA,NA,NA,NA
"1694","2020-03-10",0,20,0,0,5954,0.920053745381256,8400,31892,360,1077,NA,NA,NA,NA,NA,NA
"1695","2020-03-11",0,20,0,0,5954,0.920053745381256,8400,31892,360,1077,8,8,1,1,NA,1
"1696","2020-03-12",0,20,0,0,5954,0.920053745381256,8400,31892,360,1077,10,18,14,15,1,14
"1697","2020-03-13",0,20,0,0,5954,0.920053745381256,8400,31892,360,1077,14,32,9,24,2,9
"1698","2020-03-14",1,20,63,35,5954,0.920053745381256,8400,31892,360,1077,18,50,6,30,3,6
"1699","2020-03-15",5,20,86,56,5954,0.920053745381256,8400,31892,360,1077,13,63,10,40,8,10
"1700","2020-03-16",7,20,109,72,5954,0.920053745381256,8400,31892,360,1077,22,85,19,59,13,19
"1701","2020-03-17",11,20,120,91,5954,0.920053745381256,8400,31892,360,1077,23,108,20,79,14,20
"1702","2020-03-18",14,20,123,118,5954,0.920053745381256,8400,31892,360,1077,27,135,14,93,12,14
"1703","2020-03-19",17,20,148,149,5954,0.920053745381256,8400,31892,360,1077,38,173,35,128,26,35
"1704","2020-03-20",21,20,182,173,5954,0.920053745381256,8400,31892,360,1077,27,200,15,143,17,15
"1705","2020-03-21",28,20,186,212,5954,0.920053745381256,8400,31892,360,1077,48,248,16,159,40,16
"1706","2020-03-22",43,20,192,250,5954,0.920053745381256,8400,31892,360,1077,32,280,9,168,30,9
"1707","2020-03-23",51,20,175,296,5954,0.920053745381256,8400,31892,360,1077,52,332,18,186,37,18
"1708","2020-03-24",48,20,158,336,5954,0.920053745381256,8400,31892,360,1077,45,377,19,205,37,19
"1709","2020-03-25",57,20,177,393,5954,0.920053745381256,8400,31892,360,1077,48,425,20,225,36,20
"1710","2020-03-26",79,20,178,439,5954,0.920053745381256,8400,31892,360,1077,53,478,15,240,45,15
"1711","2020-03-27",109,20,187,489,5954,0.920053745381256,8400,31892,360,1077,74,552,28,268,63,28
"1712","2020-03-28",130,20,213,565,5954,0.920053745381256,8400,31892,360,1077,80,632,21,289,66,21
"1713","2020-03-29",156,20,229,639,5954,0.920053745381256,8400,31892,360,1077,89,721,15,304,78,15
"1714","2020-03-30",171,20,242,716,5954,0.920053745381256,8400,31892,360,1077,94,815,14,318,81,14
"1715","2020-03-31",178,20,241,797,5954,0.920053745381256,8400,31892,360,1077,115,930,21,339,109,21
"1716","2020-04-01",198,20,251,857,5954,0.920053745381256,8400,31892,360,1077,128,1058,34,373,118,34
"1717","2020-04-02",211,20,235,930,5954,0.920053745381256,8400,31892,360,1077,124,1182,21,394,114,21
"1718","2020-04-03",288,20,209,1003,5954,0.920053745381256,8400,31892,360,1077,166,1348,28,422,154,28
"1719","2020-04-04",340,20,238,1053,5954,0.920053745381256,8400,31892,360,1077,141,1489,28,450,132,28
"1720","2020-04-05",335,20,225,1118,5954,0.920053745381256,8400,31892,360,1077,143,1632,20,470,136,20
"1721","2020-04-06",326,20,204,1197,5954,0.920053745381256,8400,31892,360,1077,216,1848,20,490,201,20
"1722","2020-04-07",338,20,224,1268,5954,0.920053745381256,8400,31892,360,1077,157,2005,46,536,146,46
"1723","2020-04-08",354,20,232,1376,5954,0.920053745381256,8400,31892,360,1077,178,2183,45,581,158,45
"1724","2020-04-09",369,20,243,1461,5954,0.920053745381256,8400,31892,360,1077,207,2390,42,623,199,42
"1725","2020-04-10",482,20,240,1572,5954,0.920053745381256,8400,31892,360,1077,181,2571,45,668,166,45
"1726","2020-04-11",482,20,227,1625,5954,0.920053745381256,8400,31892,360,1077,184,2755,31,699,170,31
"1727","2020-04-12",462,20,208,1627,5954,0.920053745381256,8400,31892,360,1077,178,2933,25,724,166,25
"1728","2020-04-13",478,20,175,1693,5954,0.920053745381256,8400,31892,360,1077,181,3114,55,779,174,55
"1729","2020-04-14",509,20,181,1721,5954,0.920053745381256,8400,31892,360,1077,188,3302,48,827,179,48
"1730","2020-04-15",527,20,201,1773,5954,0.920053745381256,8400,31892,360,1077,241,3543,38,865,229,38
"1731","2020-04-16",536,20,193,1800,5954,0.920053745381256,8400,31892,360,1077,197,3740,28,893,184,28
"1732","2020-04-17",609,20,237,1822,5954,0.920053745381256,8400,31892,360,1077,113,3853,41,934,100,41
"1733","2020-04-18",631,20,264,1802,5954,0.920053745381256,8400,31892,360,1077,129,3982,26,960,116,26
"1734","2020-04-19",580,20,273,1806,5954,0.920053745381256,8400,31892,360,1077,140,4122,30,990,134,30
"1735","2020-04-20",591,20,241,1804,5954,0.920053745381256,8400,31892,360,1077,146,4268,35,1025,136,35
"1736","2020-04-21",574,20,229,1781,5954,0.920053745381256,8400,31892,360,1077,112,4380,22,1047,108,22
"1737","2020-04-22",570,20,233,1735,5954,0.920053745381256,8400,31892,360,1077,149,4529,18,1065,138,18
"1738","2020-04-23",575,20,222,1670,5954,0.920053745381256,8400,31892,360,1077,113,4642,15,1080,108,15
"1739","2020-04-24",570,20,212,1587,5954,0.920053745381256,8400,31892,360,1077,91,4733,10,1090,82,10
"1740","2020-04-25",555,20,235,1525,5954,0.920053745381256,8400,31892,360,1077,96,4829,20,1110,91,20
"1741","2020-04-26",547,20,230,1442,5954,0.920053745381256,8400,31892,360,1077,87,4916,14,1124,81,14
"1742","2020-04-27",524,20,199,1383,5954,0.920053745381256,8400,31892,360,1077,86,5002,16,1140,73,16
"1743","2020-04-28",511,20,176,1321,5954,0.920053745381256,8400,31892,360,1077,64,5066,33,1173,59,33
"1744","2020-04-29",496,20,172,1239,5954,0.920053745381256,8400,31892,360,1077,81,5147,33,1206,70,33
"1745","2020-04-30",470,20,192,1163,5954,0.920053745381256,8400,31892,360,1077,63,5210,21,1227,55,21
"1746","2020-05-01",413,20,200,1084,5954,0.920053745381256,8400,31892,360,1077,45,5255,32,1259,38,32
"1747","2020-05-02",398,20,183,1024,5954,0.920053745381256,8400,31892,360,1077,54,5309,34,1293,50,34
"1748","2020-05-03",365,20,172,921,5954,0.920053745381256,8400,31892,360,1077,65,5374,34,1327,59,34
"1749","2020-05-04",351,20,150,859,5954,0.920053745381256,8400,31892,360,1077,42,5416,30,1357,34,30
"1750","2020-05-05",331,20,134,784,5954,0.920053745381256,8400,31892,360,1077,32,5448,37,1394,25,37
"1751","2020-05-06",311,20,146,717,5954,0.920053745381256,8400,31892,360,1077,36,5484,48,1442,30,48
"1752","2020-05-07",302,20,194,652,5954,0.920053745381256,8400,31892,360,1077,31,5515,39,1481,23,39
"1753","2020-05-08",273,20,259,584,5954,0.920053745381256,8400,31892,360,1077,30,5545,40,1521,26,40
"1754","2020-05-09",252,20,258,545,5954,0.920053745381256,8400,31892,360,1077,28,5573,31,1552,22,31
"1755","2020-05-10",217,20,227,491,5954,0.920053745381256,8400,31892,360,1077,37,5610,16,1568,31,16
"1756","2020-05-11",196,20,215,439,5954,0.920053745381256,8400,31892,360,1077,24,5634,21,1589,22,21
"1757","2020-05-12",179,20,214,401,5954,0.920053745381256,8400,31892,360,1077,19,5653,14,1603,13,14
"1758","2020-05-13",168,20,256,373,5954,0.920053745381256,8400,31892,360,1077,17,5670,8,1611,16,8
"1759","2020-05-14",148,20,245,336,5954,0.920053745381256,8400,31892,360,1077,22,5692,12,1623,19,12
"1760","2020-05-15",129,20,269,322,5954,0.920053745381256,8400,31892,360,1077,25,5717,10,1633,19,10
"1761","2020-05-16",121,20,230,306,5954,0.920053745381256,8400,31892,360,1077,15,5732,16,1649,12,16
"1762","2020-05-17",114,20,191,261,5954,0.920053745381256,8400,31892,360,1077,18,5750,19,1668,10,19
"1763","2020-05-18",105,20,187,250,5954,0.920053745381256,8400,31892,360,1077,9,5759,24,1692,7,24
"1764","2020-05-19",93,20,207,233,5954,0.920053745381256,8400,31892,360,1077,17,5776,21,1713,11,21
"1765","2020-05-20",86,20,215,216,5954,0.920053745381256,8400,31892,360,1077,11,5787,36,1749,8,36
"1766","2020-05-21",77,20,219,196,5954,0.920053745381256,8400,31892,360,1077,15,5802,34,1783,10,34
"1767","2020-05-22",74,20,198,186,5954,0.920053745381256,8400,31892,360,1077,15,5817,35,1818,12,35
"1768","2020-05-23",74,20,187,171,5954,0.920053745381256,8400,31892,360,1077,8,5825,26,1844,6,26
"1769","2020-05-24",50,20,183,152,5954,0.920053745381256,8400,31892,360,1077,11,5836,30,1874,7,30
"1770","2020-05-25",49,20,169,144,5954,0.920053745381256,8400,31892,360,1077,10,5846,37,1911,5,37
"1771","2020-05-26",47,20,192,131,5954,0.920053745381256,8400,31892,360,1077,6,5852,43,1954,3,43
"1772","2020-05-27",43,20,199,116,5954,0.920053745381256,8400,31892,360,1077,10,5862,40,1994,6,40
"1773","2020-05-28",46,20,190,109,5954,0.920053745381256,8400,31892,360,1077,7,5869,24,2018,5,24
"1774","2020-05-29",54,20,185,98,5954,0.920053745381256,8400,31892,360,1077,7,5876,27,2045,6,27
"1775","2020-05-30",49,20,184,91,5954,0.920053745381256,8400,31892,360,1077,7,5883,39,2084,5,39
"1776","2020-05-31",40,20,177,80,5954,0.920053745381256,8400,31892,360,1077,2,5885,20,2104,1,20
"1777","2020-06-01",34,20,167,81,5954,0.920053745381256,8400,31892,360,1077,6,5891,25,2129,3,25
"1778","2020-06-02",38,20,191,75,5954,0.920053745381256,8400,31892,360,1077,4,5895,21,2150,NA,21
"1779","2020-06-03",34,20,188,74,5954,0.920053745381256,8400,31892,360,1077,5,5900,19,2169,2,19
"1780","2020-06-04",31,20,157,71,5954,0.920053745381256,8400,31892,360,1077,3,5903,18,2187,2,18
"1781","2020-06-05",26,20,162,68,5954,0.920053745381256,8400,31892,360,1077,8,5911,35,2222,5,35
"1782","2020-06-06",23,20,178,61,5954,0.920053745381256,8400,31892,360,1077,7,5918,31,2253,1,31
"1783","2020-06-07",22,20,183,58,5954,0.920053745381256,8400,31892,360,1077,6,5924,17,2270,3,17
