"","Date","Absents","Paramset","Infections_or_Exposed_per_day_Patient","Infections_or_Exposed_per_day_HCW","total_infections","nosocomial_proportion","PCR_pooled","LFD_pooled","HCW_symp_test","patient_symp_test","new_hcw_infs","cumulative_hcw_infs","new_pat_infs","cumulative_pats_infs","new_nosocomial_hcw_infs","new_nosocomial_pat_infs"
"1","2020-03-13",4,1,96,293,9230,0.568147345612134,0,0,852,973,100,293,16,76,25,16
"2","2020-03-14",13,1,131,418,9230,0.568147345612134,0,0,852,973,125,418,41,117,34,41
"3","2020-03-15",23,1,164,554,9230,0.568147345612134,0,0,852,973,136,554,48,165,61,48
"4","2020-03-16",39,1,177,720,9230,0.568147345612134,0,0,852,973,168,722,33,198,86,33
"5","2020-03-17",65,1,182,892,9230,0.568147345612134,0,0,852,973,176,898,34,232,93,34
"6","2020-03-18",98,1,203,1094,9230,0.568147345612134,0,0,852,973,209,1107,47,279,147,47
"7","2020-03-19",132,1,216,1339,9230,0.568147345612134,0,0,852,973,270,1377,37,316,206,37
"8","2020-03-20",185,1,264,1558,9230,0.568147345612134,0,0,852,973,252,1629,62,378,198,62
"9","2020-03-21",238,1,271,1846,9230,0.568147345612134,0,0,852,973,335,1964,53,431,257,53
"10","2020-03-22",294,1,263,2087,9230,0.568147345612134,0,0,852,973,302,2266,45,476,224,45
"11","2020-03-23",369,1,250,2335,9230,0.568147345612134,0,0,852,973,326,2592,33,509,274,33
"12","2020-03-24",431,1,211,2524,9230,0.568147345612134,0,0,852,973,284,2876,18,527,217,18
"13","2020-03-25",503,1,226,2690,9230,0.568147345612134,0,0,852,973,292,3168,41,568,236,41
"14","2020-03-26",585,1,242,2927,9230,0.568147345612134,0,0,852,973,361,3529,48,616,299,48
"15","2020-03-27",653,1,226,3119,9230,0.568147345612134,0,0,852,973,353,3882,30,646,286,30
"16","2020-03-28",690,1,236,3201,9230,0.568147345612134,0,0,852,973,289,4171,41,687,228,41
"17","2020-03-29",761,1,218,3328,9230,0.568147345612134,0,0,852,973,325,4496,27,714,281,27
"18","2020-03-30",811,1,199,3385,9230,0.568147345612134,0,0,852,973,291,4787,27,741,242,27
"19","2020-03-31",855,1,186,3409,9230,0.568147345612134,0,0,852,973,258,5045,16,757,218,16
"20","2020-04-01",898,1,160,3374,9230,0.568147345612134,0,0,852,973,223,5268,20,777,170,20
"21","2020-04-02",929,1,146,3336,9230,0.568147345612134,0,0,852,973,211,5479,12,789,166,12
"22","2020-04-03",931,1,134,3219,9230,0.568147345612134,0,0,852,973,188,5667,15,804,148,15
"23","2020-04-04",976,1,167,3051,9230,0.568147345612134,0,0,852,973,120,5787,43,847,93,43
"24","2020-04-05",957,1,175,2907,9230,0.568147345612134,0,0,852,973,139,5926,30,877,101,30
"25","2020-04-06",930,1,212,2762,9230,0.568147345612134,0,0,852,973,148,6074,53,930,107,53
"26","2020-04-07",899,1,264,2565,9230,0.568147345612134,0,0,852,973,122,6196,79,1009,91,79
"27","2020-04-08",837,1,303,2373,9230,0.568147345612134,0,0,852,973,96,6292,49,1058,70,49
"28","2020-04-09",780,1,264,2155,9230,0.568147345612134,0,0,852,973,95,6387,27,1085,66,27
"29","2020-04-10",707,1,224,2008,9230,0.568147345612134,0,0,852,973,78,6465,22,1107,54,22
"30","2020-04-11",645,1,212,1850,9230,0.568147345612134,0,0,852,973,76,6541,15,1122,48,15
"31","2020-04-12",590,1,202,1725,9230,0.568147345612134,0,0,852,973,89,6630,26,1148,59,26
"32","2020-04-13",536,1,226,1557,9230,0.568147345612134,0,0,852,973,51,6681,50,1198,30,50
"33","2020-04-14",499,1,256,1445,9230,0.568147345612134,0,0,852,973,67,6748,53,1251,49,53
"34","2020-04-15",465,1,220,1307,9230,0.568147345612134,0,0,852,973,48,6796,23,1274,27,23
"35","2020-04-16",427,1,231,1183,9230,0.568147345612134,0,0,852,973,49,6845,26,1300,29,26
"36","2020-04-17",409,1,269,1084,9230,0.568147345612134,0,0,852,973,33,6878,64,1364,18,64
"37","2020-04-18",372,1,262,1017,9230,0.568147345612134,0,0,852,973,51,6929,39,1403,26,39
"38","2020-04-19",341,1,261,936,9230,0.568147345612134,0,0,852,973,42,6971,36,1439,13,36
"39","2020-04-20",306,1,245,851,9230,0.568147345612134,0,0,852,973,30,7001,32,1471,5,32
"40","2020-04-21",277,1,202,766,9230,0.568147345612134,0,0,852,973,25,7026,15,1486,11,15
"41","2020-04-22",253,1,201,711,9230,0.568147345612134,0,0,852,973,34,7060,18,1504,15,18
"42","2020-04-23",218,1,190,658,9230,0.568147345612134,0,0,852,973,24,7084,17,1521,10,17
"43","2020-04-24",205,1,185,628,9230,0.568147345612134,0,0,852,973,34,7118,24,1545,14,24
"44","2020-04-25",179,1,186,580,9230,0.568147345612134,0,0,852,973,18,7136,24,1569,5,24
"45","2020-04-26",171,1,199,536,9230,0.568147345612134,0,0,852,973,21,7157,41,1610,8,41
"46","2020-04-27",171,1,183,499,9230,0.568147345612134,0,0,852,973,25,7182,26,1636,8,26
"47","2020-04-28",152,1,188,473,9230,0.568147345612134,0,0,852,973,23,7205,23,1659,4,23
"48","2020-04-29",138,1,181,433,9230,0.568147345612134,0,0,852,973,15,7220,18,1677,7,18
"49","2020-04-30",137,1,197,399,9230,0.568147345612134,0,0,852,973,13,7233,30,1707,1,30
"50","2020-05-01",128,1,183,371,9230,0.568147345612134,0,0,852,973,25,7258,16,1723,5,16
"51","2020-05-02",120,1,194,350,9230,0.568147345612134,0,0,852,973,16,7274,32,1755,7,32
"52","2020-05-03",107,1,218,326,9230,0.568147345612134,0,0,852,973,12,7286,55,1810,1,55
"53","2020-05-04",96,1,224,314,9230,0.568147345612134,0,0,852,973,27,7313,29,1839,3,29
"54","2020-05-05",96,1,214,298,9230,0.568147345612134,0,0,852,973,18,7331,19,1858,6,19
"55","2020-05-06",93,1,200,275,9230,0.568147345612134,0,0,852,973,7,7338,22,1880,2,22
"56","2020-05-07",85,1,212,249,9230,0.568147345612134,0,0,852,973,14,7352,28,1908,4,28
"57","2020-05-08",78,1,229,240,9230,0.568147345612134,0,0,852,973,14,7366,48,1956,2,48
"58","2020-05-09",73,1,210,233,9230,0.568147345612134,0,0,852,973,20,7386,22,1978,7,22
"59","2020-05-10",67,1,220,217,9230,0.568147345612134,0,0,852,973,11,7397,38,2016,6,38
"60","2020-05-11",66,1,212,208,9230,0.568147345612134,0,0,852,973,12,7409,19,2035,NA,19
"61","2020-05-12",58,1,199,207,9230,0.568147345612134,0,0,852,973,15,7424,18,2053,3,18
"62","2020-05-13",51,1,219,206,9230,0.568147345612134,0,0,852,973,12,7436,44,2097,4,44
"63","2020-05-14",48,1,211,201,9230,0.568147345612134,0,0,852,973,14,7450,20,2117,3,20
"64","2020-05-15",50,1,199,197,9230,0.568147345612134,0,0,852,973,18,7468,12,2129,5,12
"65","2020-05-16",46,1,230,201,9230,0.568147345612134,0,0,852,973,18,7486,44,2173,2,44
"66","2020-05-17",51,1,267,180,9230,0.568147345612134,0,0,852,973,8,7494,65,2238,2,65
"67","2020-05-18",46,1,277,180,9230,0.568147345612134,0,0,852,973,8,7502,57,2295,2,57
"68","2020-05-19",47,1,269,172,9230,0.568147345612134,0,0,852,973,9,7511,39,2334,2,39
"69","2020-05-20",47,1,275,159,9230,0.568147345612134,0,0,852,973,9,7520,43,2377,3,43
"70","2020-05-21",45,1,265,155,9230,0.568147345612134,0,0,852,973,9,7529,27,2404,1,27
"71","2020-05-22",40,1,252,141,9230,0.568147345612134,0,0,852,973,10,7539,28,2432,3,28
"72","2020-05-23",43,1,273,134,9230,0.568147345612134,0,0,852,973,6,7545,49,2481,2,49
"73","2020-05-24",40,1,258,123,9230,0.568147345612134,0,0,852,973,7,7552,37,2518,1,37
"74","2020-05-25",38,1,228,120,9230,0.568147345612134,0,0,852,973,4,7556,24,2542,2,24
"75","2020-05-26",35,1,223,110,9230,0.568147345612134,0,0,852,973,2,7558,35,2577,NA,35
"76","2020-05-27",34,1,203,93,9230,0.568147345612134,0,0,852,973,4,7562,17,2594,1,17
"77","2020-05-28",36,1,197,88,9230,0.568147345612134,0,0,852,973,6,7568,26,2620,2,26
"78","2020-05-29",36,1,187,81,9230,0.568147345612134,0,0,852,973,5,7573,17,2637,1,17
"79","2020-05-30",33,1,160,81,9230,0.568147345612134,0,0,852,973,6,7579,8,2645,1,8
"80","2020-05-31",31,1,196,76,9230,0.568147345612134,0,0,852,973,5,7584,44,2689,1,44
"81","2020-06-01",30,1,193,74,9230,0.568147345612134,0,0,852,973,6,7590,31,2720,NA,31
"82","2020-06-02",26,1,173,72,9230,0.568147345612134,0,0,852,973,6,7596,16,2736,2,16
"83","2020-06-03",25,1,162,68,9230,0.568147345612134,0,0,852,973,4,7600,14,2750,1,14
"84","2020-06-04",25,1,153,65,9230,0.568147345612134,0,0,852,973,2,7602,22,2772,1,22
"85","2020-06-05",22,1,185,60,9230,0.568147345612134,0,0,852,973,1,7603,39,2811,NA,39
"86","2020-06-06",20,1,179,57,9230,0.568147345612134,0,0,852,973,NA,NA,28,2839,NA,28
"87","2020-06-07",17,1,167,56,9230,0.568147345612134,0,0,852,973,5,7608,19,2858,2,19
"88","2020-03-12",1,2,52,99,6410,0.493759750390016,0,0,575,743,83,149,24,53,6,24
"89","2020-03-13",3,2,77,165,6410,0.493759750390016,0,0,575,743,66,215,23,76,5,23
"90","2020-03-14",5,2,70,223,6410,0.493759750390016,0,0,575,743,70,285,18,94,7,18
"91","2020-03-15",13,2,72,290,6410,0.493759750390016,0,0,575,743,88,373,21,115,17,21
"92","2020-03-16",22,2,99,356,6410,0.493759750390016,0,0,575,743,86,459,19,134,30,19
"93","2020-03-17",30,2,106,423,6410,0.493759750390016,0,0,575,743,91,550,30,164,30,30
"94","2020-03-18",52,2,99,506,6410,0.493759750390016,0,0,575,743,81,631,41,205,22,41
"95","2020-03-19",71,2,89,587,6410,0.493759750390016,0,0,575,743,104,735,29,234,44,29
"96","2020-03-20",94,2,87,678,6410,0.493759750390016,0,0,575,743,89,824,21,255,23,21
"97","2020-03-21",126,2,75,764,6410,0.493759750390016,0,0,575,743,93,917,38,293,24,38
"98","2020-03-22",153,2,87,818,6410,0.493759750390016,0,0,575,743,98,1015,25,318,25,25
"99","2020-03-23",179,2,106,902,6410,0.493759750390016,0,0,575,743,92,1107,45,363,25,45
"100","2020-03-24",204,2,148,963,6410,0.493759750390016,0,0,575,743,89,1196,27,390,30,27
"101","2020-03-25",212,2,137,1038,6410,0.493759750390016,0,0,575,743,95,1291,56,446,32,56
"102","2020-03-26",237,2,145,1050,6410,0.493759750390016,0,0,575,743,92,1383,51,497,32,51
"103","2020-03-27",249,2,177,1119,6410,0.493759750390016,0,0,575,743,74,1457,37,534,11,37
"104","2020-03-28",261,2,187,1156,6410,0.493759750390016,0,0,575,743,114,1571,53,587,43,53
"105","2020-03-29",276,2,185,1196,6410,0.493759750390016,0,0,575,743,91,1662,51,638,25,51
"106","2020-03-30",299,2,198,1221,6410,0.493759750390016,0,0,575,743,96,1758,53,691,30,53
"107","2020-03-31",309,2,212,1236,6410,0.493759750390016,0,0,575,743,92,1850,40,731,23,40
"108","2020-04-01",341,2,226,1220,6410,0.493759750390016,0,0,575,743,107,1957,58,789,30,58
"109","2020-04-02",338,2,219,1248,6410,0.493759750390016,0,0,575,743,93,2050,47,836,21,47
"110","2020-04-03",352,2,230,1252,6410,0.493759750390016,0,0,575,743,89,2139,43,879,22,43
"111","2020-04-04",362,2,224,1274,6410,0.493759750390016,0,0,575,743,81,2220,58,937,18,58
"112","2020-04-05",366,2,239,1292,6410,0.493759750390016,0,0,575,743,94,2314,47,984,25,47
"113","2020-04-06",352,2,262,1273,6410,0.493759750390016,0,0,575,743,115,2429,51,1035,27,51
"114","2020-04-07",363,2,280,1259,6410,0.493759750390016,0,0,575,743,112,2541,50,1085,32,50
"115","2020-04-08",345,2,271,1220,6410,0.493759750390016,0,0,575,743,97,2638,51,1136,26,51
"116","2020-04-09",347,2,282,1212,6410,0.493759750390016,0,0,575,743,87,2725,51,1187,25,51
"117","2020-04-10",355,2,255,1181,6410,0.493759750390016,0,0,575,743,116,2841,30,1217,30,30
"118","2020-04-11",344,2,221,1167,6410,0.493759750390016,0,0,575,743,96,2937,57,1274,22,57
"119","2020-04-12",319,2,219,1133,6410,0.493759750390016,0,0,575,743,96,3033,36,1310,25,36
"120","2020-04-13",322,2,226,1138,6410,0.493759750390016,0,0,575,743,86,3119,35,1345,24,35
"121","2020-04-14",309,2,261,1110,6410,0.493759750390016,0,0,575,743,97,3216,33,1378,18,33
"122","2020-04-15",320,2,252,1095,6410,0.493759750390016,0,0,575,743,77,3293,37,1415,11,37
"123","2020-04-16",315,2,238,1077,6410,0.493759750390016,0,0,575,743,100,3393,35,1450,23,35
"124","2020-04-17",300,2,235,1058,6410,0.493759750390016,0,0,575,743,83,3476,40,1490,23,40
"125","2020-04-18",293,2,209,1013,6410,0.493759750390016,0,0,575,743,89,3565,33,1523,27,33
"126","2020-04-19",294,2,211,977,6410,0.493759750390016,0,0,575,743,88,3653,33,1556,19,33
"127","2020-04-20",291,2,197,964,6410,0.493759750390016,0,0,575,743,78,3731,51,1607,14,51
"128","2020-04-21",293,2,191,954,6410,0.493759750390016,0,0,575,743,72,3803,37,1644,13,37
"129","2020-04-22",279,2,208,952,6410,0.493759750390016,0,0,575,743,70,3873,48,1692,12,48
"130","2020-04-23",271,2,208,930,6410,0.493759750390016,0,0,575,743,100,3973,38,1730,18,38
"131","2020-04-24",253,2,219,905,6410,0.493759750390016,0,0,575,743,64,4037,46,1776,14,46
"132","2020-04-25",257,2,201,897,6410,0.493759750390016,0,0,575,743,78,4115,31,1807,11,31
"133","2020-04-26",257,2,191,880,6410,0.493759750390016,0,0,575,743,79,4194,46,1853,12,46
"134","2020-04-27",247,2,186,872,6410,0.493759750390016,0,0,575,743,59,4253,40,1893,11,40
"135","2020-04-28",237,2,210,857,6410,0.493759750390016,0,0,575,743,60,4313,30,1923,7,30
"136","2020-04-29",233,2,243,848,6410,0.493759750390016,0,0,575,743,55,4368,36,1959,8,36
"137","2020-04-30",239,2,263,810,6410,0.493759750390016,0,0,575,743,75,4443,40,1999,13,40
"138","2020-05-01",252,2,272,807,6410,0.493759750390016,0,0,575,743,66,4509,33,2032,14,33
"139","2020-05-02",237,2,284,789,6410,0.493759750390016,0,0,575,743,52,4561,34,2066,6,34
"140","2020-05-03",236,2,265,784,6410,0.493759750390016,0,0,575,743,48,4609,32,2098,9,32
"141","2020-05-04",232,2,250,764,6410,0.493759750390016,0,0,575,743,61,4670,38,2136,9,38
"142","2020-05-05",227,2,227,722,6410,0.493759750390016,0,0,575,743,68,4738,47,2183,16,47
"143","2020-05-06",212,2,245,691,6410,0.493759750390016,0,0,575,743,50,4788,42,2225,6,42
"144","2020-05-07",200,2,246,658,6410,0.493759750390016,0,0,575,743,45,4833,25,2250,3,25
"145","2020-05-08",180,2,233,647,6410,0.493759750390016,0,0,575,743,57,4890,21,2271,15,21
"146","2020-05-09",186,2,266,621,6410,0.493759750390016,0,0,575,743,51,4941,30,2301,7,30
"147","2020-05-10",177,2,269,598,6410,0.493759750390016,0,0,575,743,52,4993,25,2326,6,25
"148","2020-05-11",171,2,253,592,6410,0.493759750390016,0,0,575,743,41,5034,28,2354,7,28
"149","2020-05-12",169,2,231,570,6410,0.493759750390016,0,0,575,743,40,5074,37,2391,9,37
"150","2020-05-13",165,2,209,571,6410,0.493759750390016,0,0,575,743,37,5111,45,2436,7,45
"151","2020-05-14",160,2,186,551,6410,0.493759750390016,0,0,575,743,44,5155,61,2497,9,61
"152","2020-05-15",162,2,167,536,6410,0.493759750390016,0,0,575,743,41,5196,46,2543,5,46
"153","2020-05-16",149,2,143,504,6410,0.493759750390016,0,0,575,743,43,5239,40,2583,5,40
"154","2020-05-17",158,2,153,481,6410,0.493759750390016,0,0,575,743,37,5276,30,2613,6,30
"155","2020-05-18",148,2,172,473,6410,0.493759750390016,0,0,575,743,19,5295,42,2655,2,42
"156","2020-05-19",143,2,172,442,6410,0.493759750390016,0,0,575,743,31,5326,26,2681,3,26
"157","2020-05-20",140,2,157,418,6410,0.493759750390016,0,0,575,743,26,5352,23,2704,3,23
"158","2020-05-21",138,2,152,409,6410,0.493759750390016,0,0,575,743,34,5386,54,2758,4,54
"159","2020-05-22",133,2,186,404,6410,0.493759750390016,0,0,575,743,33,5419,53,2811,3,53
"160","2020-05-23",129,2,175,376,6410,0.493759750390016,0,0,575,743,36,5455,47,2858,5,47
"161","2020-05-24",111,2,184,353,6410,0.493759750390016,0,0,575,743,30,5485,41,2899,6,41
"162","2020-05-25",106,2,179,345,6410,0.493759750390016,0,0,575,743,31,5516,25,2924,4,25
"163","2020-05-26",100,2,166,334,6410,0.493759750390016,0,0,575,743,23,5539,30,2954,4,30
"164","2020-05-27",97,2,149,318,6410,0.493759750390016,0,0,575,743,34,5573,37,2991,7,37
"165","2020-05-28",87,2,131,300,6410,0.493759750390016,0,0,575,743,27,5600,41,3032,6,41
"166","2020-05-29",80,2,125,284,6410,0.493759750390016,0,0,575,743,28,5628,55,3087,5,55
"167","2020-05-30",74,2,160,279,6410,0.493759750390016,0,0,575,743,24,5652,39,3126,4,39
"168","2020-05-31",74,2,157,282,6410,0.493759750390016,0,0,575,743,24,5676,35,3161,5,35
"169","2020-06-01",77,2,167,270,6410,0.493759750390016,0,0,575,743,21,5697,38,3199,3,38
"170","2020-06-02",70,2,164,250,6410,0.493759750390016,0,0,575,743,19,5716,43,3242,4,43
"171","2020-06-03",67,2,184,230,6410,0.493759750390016,0,0,575,743,17,5733,43,3285,2,43
"172","2020-06-04",69,2,189,213,6410,0.493759750390016,0,0,575,743,16,5749,44,3329,3,44
"173","2020-06-05",70,2,174,213,6410,0.493759750390016,0,0,575,743,16,5765,30,3359,2,30
"174","2020-06-06",70,2,151,196,6410,0.493759750390016,0,0,575,743,13,5778,36,3395,1,36
"175","2020-06-07",66,2,166,186,6410,0.493759750390016,0,0,575,743,12,5790,35,3430,3,35
"176","2020-03-11",1,3,129,70,7433,0.283869231804117,0,0,660,1776,32,32,16,16,5,16
"177","2020-03-12",2,3,220,149,7433,0.283869231804117,0,0,660,1776,41,73,22,38,12,22
"178","2020-03-13",3,3,247,255,7433,0.283869231804117,0,0,660,1776,42,115,13,51,17,13
"179","2020-03-14",7,3,248,347,7433,0.283869231804117,0,0,660,1776,39,154,13,64,17,13
"180","2020-03-15",19,3,266,458,7433,0.283869231804117,0,0,660,1776,57,211,38,102,34,38
"181","2020-03-16",34,3,304,563,7433,0.283869231804117,0,0,660,1776,49,260,45,147,34,45
"182","2020-03-17",57,3,289,684,7433,0.283869231804117,0,0,660,1776,67,327,32,179,49,32
"183","2020-03-18",79,3,287,798,7433,0.283869231804117,0,0,660,1776,80,407,31,210,58,31
"184","2020-03-19",107,3,275,877,7433,0.283869231804117,0,0,660,1776,82,489,26,236,63,26
"185","2020-03-20",143,3,271,947,7433,0.283869231804117,0,0,660,1776,104,593,26,262,86,26
"186","2020-03-21",177,3,266,1013,7433,0.283869231804117,0,0,660,1776,121,714,25,287,106,25
"187","2020-03-22",208,3,289,1068,7433,0.283869231804117,0,0,660,1776,106,820,30,317,93,30
"188","2020-03-23",228,3,292,1107,7433,0.283869231804117,0,0,660,1776,127,947,42,359,107,42
"189","2020-03-24",262,3,291,1166,7433,0.283869231804117,0,0,660,1776,145,1092,50,409,126,50
"190","2020-03-25",276,3,295,1201,7433,0.283869231804117,0,0,660,1776,161,1253,52,461,142,52
"191","2020-03-26",288,3,296,1250,7433,0.283869231804117,0,0,660,1776,182,1435,49,510,161,49
"192","2020-03-27",311,3,297,1285,7433,0.283869231804117,0,0,660,1776,195,1630,36,546,176,36
"193","2020-03-28",329,3,268,1288,7433,0.283869231804117,0,0,660,1776,211,1841,18,564,184,18
"194","2020-03-29",340,3,251,1295,7433,0.283869231804117,0,0,660,1776,200,2041,14,578,178,14
"195","2020-03-30",361,3,255,1321,7433,0.283869231804117,0,0,660,1776,202,2243,23,601,177,23
"196","2020-03-31",346,3,247,1332,7433,0.283869231804117,0,0,660,1776,161,2404,24,625,151,24
"197","2020-04-01",355,3,254,1336,7433,0.283869231804117,0,0,660,1776,227,2631,42,667,202,42
"198","2020-04-02",373,3,261,1339,7433,0.283869231804117,0,0,660,1776,195,2826,40,707,171,40
"199","2020-04-03",363,3,266,1346,7433,0.283869231804117,0,0,660,1776,217,3043,46,753,187,46
"200","2020-04-04",346,3,274,1335,7433,0.283869231804117,0,0,660,1776,217,3260,32,785,195,32
"201","2020-04-05",336,3,273,1314,7433,0.283869231804117,0,0,660,1776,192,3452,28,813,175,28
"202","2020-04-06",334,3,273,1290,7433,0.283869231804117,0,0,660,1776,222,3674,23,836,202,23
"203","2020-04-07",349,3,255,1270,7433,0.283869231804117,0,0,660,1776,146,3820,43,879,133,43
"204","2020-04-08",351,3,252,1265,7433,0.283869231804117,0,0,660,1776,171,3991,61,940,150,61
"205","2020-04-09",351,3,256,1229,7433,0.283869231804117,0,0,660,1776,198,4189,54,994,178,54
"206","2020-04-10",345,3,254,1216,7433,0.283869231804117,0,0,660,1776,173,4362,33,1027,159,33
"207","2020-04-11",357,3,250,1226,7433,0.283869231804117,0,0,660,1776,182,4544,20,1047,171,20
"208","2020-04-12",361,3,268,1224,7433,0.283869231804117,0,0,660,1776,120,4664,37,1084,114,37
"209","2020-04-13",351,3,281,1246,7433,0.283869231804117,0,0,660,1776,146,4810,53,1137,137,53
"210","2020-04-14",345,3,279,1260,7433,0.283869231804117,0,0,660,1776,126,4936,39,1176,111,39
"211","2020-04-15",338,3,278,1243,7433,0.283869231804117,0,0,660,1776,112,5048,49,1225,94,49
"212","2020-04-16",321,3,277,1231,7433,0.283869231804117,0,0,660,1776,111,5159,35,1260,100,35
"213","2020-04-17",334,3,269,1225,7433,0.283869231804117,0,0,660,1776,125,5284,31,1291,108,31
"214","2020-04-18",329,3,261,1218,7433,0.283869231804117,0,0,660,1776,87,5371,21,1312,71,21
"215","2020-04-19",329,3,266,1210,7433,0.283869231804117,0,0,660,1776,98,5469,19,1331,85,19
"216","2020-04-20",330,3,291,1182,7433,0.283869231804117,0,0,660,1776,80,5549,29,1360,65,29
"217","2020-04-21",336,3,345,1168,7433,0.283869231804117,0,0,660,1776,77,5626,28,1388,67,28
"218","2020-04-22",340,3,363,1133,7433,0.283869231804117,0,0,660,1776,62,5688,27,1415,52,27
"219","2020-04-23",339,3,373,1130,7433,0.283869231804117,0,0,660,1776,62,5750,33,1448,49,33
"220","2020-04-24",328,3,346,1070,7433,0.283869231804117,0,0,660,1776,66,5816,25,1473,57,25
"221","2020-04-25",327,3,346,1047,7433,0.283869231804117,0,0,660,1776,52,5868,23,1496,37,23
"222","2020-04-26",327,3,335,1029,7433,0.283869231804117,0,0,660,1776,50,5918,27,1523,38,27
"223","2020-04-27",314,3,339,1008,7433,0.283869231804117,0,0,660,1776,45,5963,41,1564,35,41
"224","2020-04-28",296,3,317,983,7433,0.283869231804117,0,0,660,1776,56,6019,35,1599,43,35
"225","2020-04-29",278,3,295,971,7433,0.283869231804117,0,0,660,1776,44,6063,29,1628,32,29
"226","2020-04-30",269,3,297,923,7433,0.283869231804117,0,0,660,1776,41,6104,24,1652,28,24
"227","2020-05-01",248,3,323,886,7433,0.283869231804117,0,0,660,1776,28,6132,21,1673,23,21
"228","2020-05-02",238,3,319,856,7433,0.283869231804117,0,0,660,1776,30,6162,18,1691,19,18
"229","2020-05-03",226,3,321,821,7433,0.283869231804117,0,0,660,1776,28,6190,41,1732,20,41
"230","2020-05-04",218,3,317,798,7433,0.283869231804117,0,0,660,1776,24,6214,29,1761,18,29
"231","2020-05-05",202,3,302,769,7433,0.283869231804117,0,0,660,1776,23,6237,17,1778,17,17
"232","2020-05-06",195,3,282,738,7433,0.283869231804117,0,0,660,1776,22,6259,22,1800,12,22
"233","2020-05-07",197,3,284,688,7433,0.283869231804117,0,0,660,1776,28,6287,22,1822,16,22
"234","2020-05-08",201,3,283,666,7433,0.283869231804117,0,0,660,1776,23,6310,23,1845,16,23
"235","2020-05-09",199,3,282,655,7433,0.283869231804117,0,0,660,1776,18,6328,41,1886,12,41
"236","2020-05-10",187,3,289,620,7433,0.283869231804117,0,0,660,1776,16,6344,37,1923,7,37
"237","2020-05-11",192,3,320,597,7433,0.283869231804117,0,0,660,1776,21,6365,38,1961,17,38
"238","2020-05-12",197,3,325,590,7433,0.283869231804117,0,0,660,1776,18,6383,29,1990,12,29
"239","2020-05-13",187,3,343,576,7433,0.283869231804117,0,0,660,1776,13,6396,29,2019,10,29
"240","2020-05-14",179,3,337,559,7433,0.283869231804117,0,0,660,1776,18,6414,17,2036,12,17
"241","2020-05-15",168,3,331,557,7433,0.283869231804117,0,0,660,1776,16,6430,24,2060,10,24
"242","2020-05-16",160,3,341,549,7433,0.283869231804117,0,0,660,1776,12,6442,24,2084,7,24
"243","2020-05-17",156,3,340,539,7433,0.283869231804117,0,0,660,1776,15,6457,46,2130,9,46
"244","2020-05-18",152,3,349,521,7433,0.283869231804117,0,0,660,1776,14,6471,39,2169,8,39
"245","2020-05-19",144,3,345,501,7433,0.283869231804117,0,0,660,1776,16,6487,30,2199,12,30
"246","2020-05-20",155,3,377,498,7433,0.283869231804117,0,0,660,1776,11,6498,19,2218,4,19
"247","2020-05-21",154,3,376,497,7433,0.283869231804117,0,0,660,1776,13,6511,49,2267,7,49
"248","2020-05-22",156,3,365,475,7433,0.283869231804117,0,0,660,1776,13,6524,38,2305,6,38
"249","2020-05-23",153,3,344,452,7433,0.283869231804117,0,0,660,1776,12,6536,25,2330,6,25
"250","2020-05-24",152,3,334,418,7433,0.283869231804117,0,0,660,1776,8,6544,38,2368,4,38
"251","2020-05-25",143,3,329,394,7433,0.283869231804117,0,0,660,1776,18,6562,30,2398,14,30
"252","2020-05-26",133,3,337,379,7433,0.283869231804117,0,0,660,1776,9,6571,29,2427,6,29
"253","2020-05-27",126,3,344,354,7433,0.283869231804117,0,0,660,1776,16,6587,36,2463,9,36
"254","2020-05-28",114,3,349,345,7433,0.283869231804117,0,0,660,1776,9,6596,40,2503,8,40
"255","2020-05-29",108,3,347,321,7433,0.283869231804117,0,0,660,1776,13,6609,31,2534,9,31
"256","2020-05-30",98,3,345,307,7433,0.283869231804117,0,0,660,1776,12,6621,43,2577,9,43
"257","2020-05-31",90,3,343,287,7433,0.283869231804117,0,0,660,1776,8,6629,38,2615,6,38
"258","2020-06-01",88,3,327,281,7433,0.283869231804117,0,0,660,1776,8,6637,49,2664,6,49
"259","2020-06-02",85,3,319,264,7433,0.283869231804117,0,0,660,1776,12,6649,54,2718,8,54
"260","2020-06-03",88,3,317,251,7433,0.283869231804117,0,0,660,1776,10,6659,45,2763,8,45
"261","2020-06-04",85,3,333,245,7433,0.283869231804117,0,0,660,1776,12,6671,26,2789,8,26
"262","2020-06-05",83,3,324,236,7433,0.283869231804117,0,0,660,1776,12,6683,25,2814,11,25
"263","2020-06-06",81,3,323,228,7433,0.283869231804117,0,0,660,1776,10,6693,41,2855,6,41
"264","2020-06-07",78,3,333,219,7433,0.283869231804117,0,0,660,1776,8,6701,42,2897,7,42
"265","2020-03-13",2,4,102,107,6161,0.570686576854407,0,0,571,1109,145,357,31,150,65,31
"266","2020-03-14",2,4,146,159,6161,0.570686576854407,0,0,571,1109,201,558,23,173,113,23
"267","2020-03-15",8,4,150,222,6161,0.570686576854407,0,0,571,1109,211,769,45,218,141,45
"268","2020-03-16",17,4,221,280,6161,0.570686576854407,0,0,571,1109,338,1107,69,287,270,69
"269","2020-03-17",25,4,234,348,6161,0.570686576854407,0,0,571,1109,397,1504,50,337,328,50
"270","2020-03-18",44,4,220,408,6161,0.570686576854407,0,0,571,1109,474,1978,53,390,402,53
"271","2020-03-19",63,4,214,466,6161,0.570686576854407,0,0,571,1109,598,2576,37,427,530,37
"272","2020-03-20",77,4,243,555,6161,0.570686576854407,0,0,571,1109,630,3206,41,468,570,41
"273","2020-03-21",95,4,240,636,6161,0.570686576854407,0,0,571,1109,601,3807,25,493,537,25
"274","2020-03-22",112,4,246,699,6161,0.570686576854407,0,0,571,1109,658,4465,23,516,605,23
"275","2020-03-23",144,4,240,774,6161,0.570686576854407,0,0,571,1109,618,5083,19,535,588,19
"276","2020-03-24",165,4,275,844,6161,0.570686576854407,0,0,571,1109,618,5701,18,553,577,18
"277","2020-03-25",173,4,252,889,6161,0.570686576854407,0,0,571,1109,493,6194,56,609,467,56
"278","2020-03-26",190,4,230,936,6161,0.570686576854407,0,0,571,1109,395,6589,43,652,369,43
"279","2020-03-27",218,4,198,1001,6161,0.570686576854407,0,0,571,1109,281,6870,29,681,267,29
"280","2020-03-28",230,4,186,1048,6161,0.570686576854407,0,0,571,1109,267,7137,17,698,253,17
"281","2020-03-29",249,4,226,1079,6161,0.570686576854407,0,0,571,1109,156,7293,14,712,145,14
"282","2020-03-30",259,4,271,1120,6161,0.570686576854407,0,0,571,1109,119,7412,39,751,118,39
"283","2020-03-31",264,4,256,1135,6161,0.570686576854407,0,0,571,1109,97,7509,57,808,92,57
"284","2020-04-01",288,4,293,1145,6161,0.570686576854407,0,0,571,1109,87,7596,34,842,81,34
"285","2020-04-02",293,4,278,1181,6161,0.570686576854407,0,0,571,1109,63,7659,30,872,56,30
"286","2020-04-03",282,4,265,1197,6161,0.570686576854407,0,0,571,1109,47,7706,21,893,43,21
"287","2020-04-04",301,4,265,1183,6161,0.570686576854407,0,0,571,1109,21,7727,36,929,19,36
"288","2020-04-05",304,4,236,1186,6161,0.570686576854407,0,0,571,1109,25,7752,24,953,21,24
"289","2020-04-06",314,4,229,1183,6161,0.570686576854407,0,0,571,1109,17,7769,11,964,17,11
"290","2020-04-07",317,4,270,1176,6161,0.570686576854407,0,0,571,1109,11,7780,13,977,8,13
"291","2020-04-08",308,4,303,1173,6161,0.570686576854407,0,0,571,1109,13,7793,13,990,9,13
"292","2020-04-09",306,4,287,1175,6161,0.570686576854407,0,0,571,1109,10,7803,12,1002,7,12
"293","2020-04-10",311,4,284,1186,6161,0.570686576854407,0,0,571,1109,9,7812,26,1028,5,26
"294","2020-04-11",316,4,325,1175,6161,0.570686576854407,0,0,571,1109,8,7820,34,1062,3,34
"295","2020-04-12",318,4,326,1185,6161,0.570686576854407,0,0,571,1109,5,7825,36,1098,4,36
"296","2020-04-13",301,4,321,1171,6161,0.570686576854407,0,0,571,1109,8,7833,23,1121,4,23
"297","2020-04-14",314,4,309,1161,6161,0.570686576854407,0,0,571,1109,9,7842,72,1193,5,72
"298","2020-04-15",316,4,273,1150,6161,0.570686576854407,0,0,571,1109,4,7846,41,1234,1,41
"299","2020-04-16",341,4,280,1115,6161,0.570686576854407,0,0,571,1109,3,7849,27,1261,3,27
"300","2020-04-17",344,4,273,1092,6161,0.570686576854407,0,0,571,1109,3,7852,11,1272,NA,11
"301","2020-04-18",325,4,262,1101,6161,0.570686576854407,0,0,571,1109,5,7857,15,1287,3,15
"302","2020-04-19",321,4,270,1092,6161,0.570686576854407,0,0,571,1109,2,7859,22,1309,NA,22
"303","2020-04-20",325,4,253,1063,6161,0.570686576854407,0,0,571,1109,4,7863,48,1357,2,48
"304","2020-04-21",328,4,229,1027,6161,0.570686576854407,0,0,571,1109,1,7864,32,1389,1,32
"305","2020-04-22",319,4,231,989,6161,0.570686576854407,0,0,571,1109,3,7867,32,1421,NA,32
"306","2020-04-23",291,4,237,968,6161,0.570686576854407,0,0,571,1109,3,7870,39,1460,1,39
"307","2020-04-24",289,4,213,924,6161,0.570686576854407,0,0,571,1109,5,7875,29,1489,2,29
"308","2020-04-25",298,4,254,911,6161,0.570686576854407,0,0,571,1109,1,7876,20,1509,1,20
"309","2020-04-26",287,4,227,899,6161,0.570686576854407,0,0,571,1109,2,7878,12,1521,NA,12
"310","2020-04-27",277,4,225,879,6161,0.570686576854407,0,0,571,1109,3,7881,38,1559,1,38
"311","2020-04-28",269,4,263,845,6161,0.570686576854407,0,0,571,1109,5,7886,21,1580,NA,21
"312","2020-04-29",266,4,309,829,6161,0.570686576854407,0,0,571,1109,1,7887,56,1636,NA,56
"313","2020-04-30",255,4,286,814,6161,0.570686576854407,0,0,571,1109,2,7889,43,1679,1,43
"314","2020-05-01",257,4,273,799,6161,0.570686576854407,0,0,571,1109,5,7894,23,1702,NA,23
"315","2020-05-02",232,4,266,785,6161,0.570686576854407,0,0,571,1109,4,7898,20,1722,2,20
"316","2020-05-03",229,4,287,758,6161,0.570686576854407,0,0,571,1109,4,7902,14,1736,1,14
"317","2020-05-04",217,4,278,732,6161,0.570686576854407,0,0,571,1109,4,7906,19,1755,3,19
"318","2020-05-05",210,4,256,696,6161,0.570686576854407,0,0,571,1109,3,7909,21,1776,NA,21
"319","2020-05-06",206,4,257,675,6161,0.570686576854407,0,0,571,1109,1,7910,64,1840,NA,64
"320","2020-05-07",211,4,282,665,6161,0.570686576854407,0,0,571,1109,2,7912,26,1866,NA,26
"321","2020-05-08",193,4,270,649,6161,0.570686576854407,0,0,571,1109,NA,NA,20,1886,NA,20
"322","2020-05-09",205,4,236,640,6161,0.570686576854407,0,0,571,1109,1,7913,17,1903,NA,17
"323","2020-05-10",193,4,216,627,6161,0.570686576854407,0,0,571,1109,NA,NA,26,1929,NA,26
"324","2020-05-11",192,4,205,585,6161,0.570686576854407,0,0,571,1109,1,7914,33,1962,1,33
"325","2020-05-12",181,4,258,558,6161,0.570686576854407,0,0,571,1109,2,7916,10,1972,NA,10
"326","2020-05-13",171,4,299,521,6161,0.570686576854407,0,0,571,1109,2,7918,14,1986,1,14
"327","2020-05-14",161,4,270,504,6161,0.570686576854407,0,0,571,1109,1,7919,20,2006,NA,20
"328","2020-05-15",154,4,272,488,6161,0.570686576854407,0,0,571,1109,1,7920,16,2022,NA,16
"329","2020-05-16",141,4,305,486,6161,0.570686576854407,0,0,571,1109,2,7922,20,2042,1,20
"330","2020-05-17",137,4,322,469,6161,0.570686576854407,0,0,571,1109,1,7923,20,2062,NA,20
"331","2020-05-18",129,4,300,454,6161,0.570686576854407,0,0,571,1109,NA,NA,17,2079,NA,17
"332","2020-05-19",113,4,267,442,6161,0.570686576854407,0,0,571,1109,3,7926,26,2105,NA,26
"333","2020-05-20",115,4,248,429,6161,0.570686576854407,0,0,571,1109,NA,NA,21,2126,NA,21
"334","2020-05-21",108,4,248,418,6161,0.570686576854407,0,0,571,1109,1,7927,76,2202,NA,76
"335","2020-05-22",106,4,269,397,6161,0.570686576854407,0,0,571,1109,4,7931,44,2246,NA,44
"336","2020-05-23",102,4,272,390,6161,0.570686576854407,0,0,571,1109,1,7932,24,2270,1,24
"337","2020-05-24",103,4,250,373,6161,0.570686576854407,0,0,571,1109,2,7934,19,2289,NA,19
"338","2020-05-25",101,4,247,350,6161,0.570686576854407,0,0,571,1109,NA,NA,20,2309,NA,20
"339","2020-05-26",110,4,250,339,6161,0.570686576854407,0,0,571,1109,2,7936,49,2358,NA,49
"340","2020-05-27",105,4,257,319,6161,0.570686576854407,0,0,571,1109,1,7937,31,2389,1,31
"341","2020-05-28",101,4,274,313,6161,0.570686576854407,0,0,571,1109,NA,NA,25,2414,NA,25
"342","2020-05-29",102,4,262,291,6161,0.570686576854407,0,0,571,1109,2,7939,49,2463,1,49
"343","2020-05-30",101,4,240,292,6161,0.570686576854407,0,0,571,1109,2,7941,18,2481,1,18
"344","2020-05-31",104,4,238,281,6161,0.570686576854407,0,0,571,1109,1,7942,25,2506,NA,25
"345","2020-06-01",106,4,258,271,6161,0.570686576854407,0,0,571,1109,2,7944,20,2526,2,20
"346","2020-06-02",97,4,271,260,6161,0.570686576854407,0,0,571,1109,NA,NA,47,2573,NA,47
"347","2020-06-03",89,4,292,254,6161,0.570686576854407,0,0,571,1109,NA,NA,16,2589,NA,16
"348","2020-06-04",92,4,316,242,6161,0.570686576854407,0,0,571,1109,1,7945,19,2608,NA,19
"349","2020-06-05",83,4,322,238,6161,0.570686576854407,0,0,571,1109,NA,NA,15,2623,NA,15
"350","2020-06-06",81,4,313,222,6161,0.570686576854407,0,0,571,1109,1,7946,13,2636,1,13
"351","2020-06-07",68,4,279,202,6161,0.570686576854407,0,0,571,1109,NA,NA,19,2655,NA,19
"352","2020-03-12",1,5,51,112,5649,0.280934678704195,0,0,509,714,22,52,51,95,1,51
"353","2020-03-13",5,5,54,167,5649,0.280934678704195,0,0,509,714,28,80,42,137,3,42
"354","2020-03-14",9,5,53,230,5649,0.280934678704195,0,0,509,714,21,101,54,191,4,54
"355","2020-03-15",18,5,68,300,5649,0.280934678704195,0,0,509,714,41,142,26,217,15,26
"356","2020-03-16",28,5,89,361,5649,0.280934678704195,0,0,509,714,36,178,64,281,9,64
"357","2020-03-17",37,5,115,444,5649,0.280934678704195,0,0,509,714,37,215,44,325,14,44
"358","2020-03-18",55,5,133,507,5649,0.280934678704195,0,0,509,714,35,250,43,368,16,43
"359","2020-03-19",75,5,150,576,5649,0.280934678704195,0,0,509,714,46,296,48,416,17,48
"360","2020-03-20",91,5,176,617,5649,0.280934678704195,0,0,509,714,57,353,28,444,27,28
"361","2020-03-21",118,5,171,663,5649,0.280934678704195,0,0,509,714,49,402,57,501,24,57
"362","2020-03-22",148,5,164,717,5649,0.280934678704195,0,0,509,714,43,445,40,541,20,40
"363","2020-03-23",172,5,145,754,5649,0.280934678704195,0,0,509,714,46,491,52,593,19,52
"364","2020-03-24",180,5,133,775,5649,0.280934678704195,0,0,509,714,49,540,30,623,19,30
"365","2020-03-25",194,5,122,790,5649,0.280934678704195,0,0,509,714,52,592,34,657,19,34
"366","2020-03-26",205,5,97,819,5649,0.280934678704195,0,0,509,714,45,637,29,686,17,29
"367","2020-03-27",218,5,94,835,5649,0.280934678704195,0,0,509,714,57,694,18,704,20,18
"368","2020-03-28",216,5,107,851,5649,0.280934678704195,0,0,509,714,58,752,27,731,27,27
"369","2020-03-29",208,5,136,862,5649,0.280934678704195,0,0,509,714,59,811,25,756,22,25
"370","2020-03-30",217,5,130,889,5649,0.280934678704195,0,0,509,714,59,870,20,776,31,20
"371","2020-03-31",234,5,127,886,5649,0.280934678704195,0,0,509,714,75,945,43,819,43,43
"372","2020-04-01",239,5,134,911,5649,0.280934678704195,0,0,509,714,58,1003,62,881,31,62
"373","2020-04-02",248,5,154,930,5649,0.280934678704195,0,0,509,714,73,1076,43,924,32,43
"374","2020-04-03",255,5,177,913,5649,0.280934678704195,0,0,509,714,66,1142,29,953,35,29
"375","2020-04-04",273,5,184,925,5649,0.280934678704195,0,0,509,714,86,1228,63,1016,44,63
"376","2020-04-05",275,5,166,933,5649,0.280934678704195,0,0,509,714,63,1291,40,1056,26,40
"377","2020-04-06",268,5,157,933,5649,0.280934678704195,0,0,509,714,63,1354,37,1093,41,37
"378","2020-04-07",266,5,155,959,5649,0.280934678704195,0,0,509,714,65,1419,19,1112,36,19
"379","2020-04-08",267,5,176,970,5649,0.280934678704195,0,0,509,714,44,1463,22,1134,22,22
"380","2020-04-09",270,5,215,957,5649,0.280934678704195,0,0,509,714,73,1536,12,1146,46,12
"381","2020-04-10",273,5,240,941,5649,0.280934678704195,0,0,509,714,67,1603,20,1166,33,20
"382","2020-04-11",258,5,251,957,5649,0.280934678704195,0,0,509,714,76,1679,28,1194,35,28
"383","2020-04-12",262,5,242,942,5649,0.280934678704195,0,0,509,714,50,1729,18,1212,29,18
"384","2020-04-13",264,5,250,937,5649,0.280934678704195,0,0,509,714,70,1799,20,1232,34,20
"385","2020-04-14",269,5,237,931,5649,0.280934678704195,0,0,509,714,61,1860,20,1252,34,20
"386","2020-04-15",269,5,273,912,5649,0.280934678704195,0,0,509,714,88,1948,38,1290,46,38
"387","2020-04-16",262,5,300,893,5649,0.280934678704195,0,0,509,714,58,2006,21,1311,27,21
"388","2020-04-17",256,5,274,879,5649,0.280934678704195,0,0,509,714,67,2073,32,1343,28,32
"389","2020-04-18",260,5,243,856,5649,0.280934678704195,0,0,509,714,57,2130,26,1369,25,26
"390","2020-04-19",260,5,219,830,5649,0.280934678704195,0,0,509,714,51,2181,26,1395,24,26
"391","2020-04-20",252,5,204,820,5649,0.280934678704195,0,0,509,714,70,2251,30,1425,22,30
"392","2020-04-21",245,5,197,797,5649,0.280934678704195,0,0,509,714,76,2327,19,1444,27,19
"393","2020-04-22",248,5,186,781,5649,0.280934678704195,0,0,509,714,52,2379,17,1461,21,17
"394","2020-04-23",238,5,217,766,5649,0.280934678704195,0,0,509,714,48,2427,17,1478,26,17
"395","2020-04-24",228,5,210,745,5649,0.280934678704195,0,0,509,714,58,2485,23,1501,30,23
"396","2020-04-25",213,5,182,737,5649,0.280934678704195,0,0,509,714,65,2550,65,1566,31,65
"397","2020-04-26",202,5,163,759,5649,0.280934678704195,0,0,509,714,50,2600,40,1606,19,40
"398","2020-04-27",191,5,184,770,5649,0.280934678704195,0,0,509,714,46,2646,33,1639,20,33
"399","2020-04-28",185,5,220,751,5649,0.280934678704195,0,0,509,714,43,2689,28,1667,23,28
"400","2020-04-29",170,5,230,735,5649,0.280934678704195,0,0,509,714,47,2736,25,1692,19,25
"401","2020-04-30",181,5,237,745,5649,0.280934678704195,0,0,509,714,40,2776,21,1713,16,21
"402","2020-05-01",176,5,229,737,5649,0.280934678704195,0,0,509,714,39,2815,19,1732,24,19
"403","2020-05-02",190,5,217,731,5649,0.280934678704195,0,0,509,714,55,2870,18,1750,25,18
"404","2020-05-03",196,5,204,713,5649,0.280934678704195,0,0,509,714,54,2924,27,1777,17,27
"405","2020-05-04",210,5,214,719,5649,0.280934678704195,0,0,509,714,48,2972,62,1839,29,62
"406","2020-05-05",205,5,236,710,5649,0.280934678704195,0,0,509,714,49,3021,29,1868,16,29
"407","2020-05-06",207,5,230,693,5649,0.280934678704195,0,0,509,714,49,3070,31,1899,21,31
"408","2020-05-07",200,5,214,685,5649,0.280934678704195,0,0,509,714,37,3107,31,1930,16,31
"409","2020-05-08",198,5,234,662,5649,0.280934678704195,0,0,509,714,49,3156,30,1960,19,30
"410","2020-05-09",191,5,208,632,5649,0.280934678704195,0,0,509,714,40,3196,25,1985,16,25
"411","2020-05-10",186,5,234,616,5649,0.280934678704195,0,0,509,714,47,3243,26,2011,22,26
"412","2020-05-11",175,5,225,597,5649,0.280934678704195,0,0,509,714,40,3283,26,2037,17,26
"413","2020-05-12",178,5,191,596,5649,0.280934678704195,0,0,509,714,35,3318,38,2075,11,38
"414","2020-05-13",170,5,174,590,5649,0.280934678704195,0,0,509,714,47,3365,24,2099,20,24
"415","2020-05-14",162,5,166,572,5649,0.280934678704195,0,0,509,714,42,3407,27,2126,19,27
"416","2020-05-15",172,5,186,567,5649,0.280934678704195,0,0,509,714,31,3438,28,2154,19,28
"417","2020-05-16",163,5,169,555,5649,0.280934678704195,0,0,509,714,38,3476,45,2199,17,45
"418","2020-05-17",155,5,186,546,5649,0.280934678704195,0,0,509,714,27,3503,25,2224,8,25
"419","2020-05-18",155,5,196,546,5649,0.280934678704195,0,0,509,714,32,3535,21,2245,12,21
"420","2020-05-19",154,5,215,531,5649,0.280934678704195,0,0,509,714,30,3565,23,2268,14,23
"421","2020-05-20",154,5,245,517,5649,0.280934678704195,0,0,509,714,32,3597,28,2296,19,28
"422","2020-05-21",148,5,225,494,5649,0.280934678704195,0,0,509,714,26,3623,53,2349,8,53
"423","2020-05-22",141,5,213,464,5649,0.280934678704195,0,0,509,714,31,3654,29,2378,14,29
"424","2020-05-23",142,5,219,452,5649,0.280934678704195,0,0,509,714,31,3685,15,2393,15,15
"425","2020-05-24",137,5,208,445,5649,0.280934678704195,0,0,509,714,27,3712,16,2409,14,16
"426","2020-05-25",139,5,218,429,5649,0.280934678704195,0,0,509,714,31,3743,19,2428,19,19
"427","2020-05-26",133,5,213,394,5649,0.280934678704195,0,0,509,714,21,3764,19,2447,12,19
"428","2020-05-27",130,5,185,369,5649,0.280934678704195,0,0,509,714,17,3781,14,2461,9,14
"429","2020-05-28",131,5,160,348,5649,0.280934678704195,0,0,509,714,27,3808,17,2478,9,17
"430","2020-05-29",125,5,144,342,5649,0.280934678704195,0,0,509,714,27,3835,18,2496,14,18
"431","2020-05-30",115,5,146,323,5649,0.280934678704195,0,0,509,714,29,3864,50,2546,22,50
"432","2020-05-31",110,5,172,324,5649,0.280934678704195,0,0,509,714,29,3893,45,2591,15,45
"433","2020-06-01",97,5,192,306,5649,0.280934678704195,0,0,509,714,27,3920,65,2656,11,65
"434","2020-06-02",93,5,188,288,5649,0.280934678704195,0,0,509,714,22,3942,31,2687,10,31
"435","2020-06-03",88,5,195,280,5649,0.280934678704195,0,0,509,714,17,3959,58,2745,6,58
"436","2020-06-04",76,5,193,264,5649,0.280934678704195,0,0,509,714,16,3975,43,2788,6,43
"437","2020-06-05",69,5,217,258,5649,0.280934678704195,0,0,509,714,23,3998,47,2835,8,47
"438","2020-06-06",64,5,202,245,5649,0.280934678704195,0,0,509,714,22,4020,26,2861,14,26
"439","2020-06-07",64,5,186,239,5649,0.280934678704195,0,0,509,714,15,4035,31,2892,6,31
"440","2020-03-13",4,6,201,181,8716,0.858880220284534,0,0,715,1506,58,157,9,50,7,9
"441","2020-03-14",5,6,198,296,8716,0.858880220284534,0,0,715,1506,61,218,7,57,15,7
"442","2020-03-15",10,6,185,419,8716,0.858880220284534,0,0,715,1506,63,281,7,64,21,7
"443","2020-03-16",27,6,192,606,8716,0.858880220284534,0,0,715,1506,61,342,4,68,20,4
"444","2020-03-17",42,6,234,817,8716,0.858880220284534,0,0,715,1506,83,425,6,74,29,6
"445","2020-03-18",67,6,264,1184,8716,0.858880220284534,0,0,715,1506,88,513,7,81,41,7
"446","2020-03-19",107,6,249,1537,8716,0.858880220284534,0,0,715,1506,64,577,20,101,23,20
"447","2020-03-20",162,6,233,1974,8716,0.858880220284534,0,0,715,1506,102,679,60,161,48,60
"448","2020-03-21",230,6,188,2433,8716,0.858880220284534,0,0,715,1506,66,745,30,191,16,30
"449","2020-03-22",314,6,169,2950,8716,0.858880220284534,0,0,715,1506,68,813,16,207,20,16
"450","2020-03-23",396,6,226,3405,8716,0.858880220284534,0,0,715,1506,72,885,31,238,34,31
"451","2020-03-24",512,6,273,3846,8716,0.858880220284534,0,0,715,1506,74,959,50,288,26,50
"452","2020-03-25",639,6,318,4322,8716,0.858880220284534,0,0,715,1506,72,1031,44,332,13,44
"453","2020-03-26",768,6,305,4643,8716,0.858880220284534,0,0,715,1506,67,1098,15,347,14,15
"454","2020-03-27",890,6,304,4930,8716,0.858880220284534,0,0,715,1506,69,1167,15,362,8,15
"455","2020-03-28",1007,6,312,5118,8716,0.858880220284534,0,0,715,1506,62,1229,21,383,6,21
"456","2020-03-29",1148,6,280,5134,8716,0.858880220284534,0,0,715,1506,82,1311,15,398,21,15
"457","2020-03-30",1246,6,273,5045,8716,0.858880220284534,0,0,715,1506,73,1384,13,411,27,13
"458","2020-03-31",1334,6,264,4891,8716,0.858880220284534,0,0,715,1506,51,1435,22,433,9,22
"459","2020-04-01",1390,6,216,4590,8716,0.858880220284534,0,0,715,1506,75,1510,29,462,21,29
"460","2020-04-02",1427,6,219,4237,8716,0.858880220284534,0,0,715,1506,49,1559,17,479,9,17
"461","2020-04-03",1429,6,245,3887,8716,0.858880220284534,0,0,715,1506,76,1635,21,500,15,21
"462","2020-04-04",1380,6,226,3468,8716,0.858880220284534,0,0,715,1506,75,1710,45,545,21,45
"463","2020-04-05",1295,6,264,3047,8716,0.858880220284534,0,0,715,1506,69,1779,49,594,22,49
"464","2020-04-06",1217,6,279,2652,8716,0.858880220284534,0,0,715,1506,82,1861,36,630,27,36
"465","2020-04-07",1104,6,288,2235,8716,0.858880220284534,0,0,715,1506,79,1940,22,652,16,22
"466","2020-04-08",988,6,253,1852,8716,0.858880220284534,0,0,715,1506,68,2008,14,666,18,14
"467","2020-04-09",868,6,204,1549,8716,0.858880220284534,0,0,715,1506,51,2059,16,682,11,16
"468","2020-04-10",741,6,187,1266,8716,0.858880220284534,0,0,715,1506,79,2138,26,708,21,26
"469","2020-04-11",641,6,181,1038,8716,0.858880220284534,0,0,715,1506,87,2225,31,739,18,31
"470","2020-04-12",531,6,172,848,8716,0.858880220284534,0,0,715,1506,73,2298,20,759,13,20
"471","2020-04-13",448,6,184,679,8716,0.858880220284534,0,0,715,1506,57,2355,26,785,9,26
"472","2020-04-14",365,6,185,554,8716,0.858880220284534,0,0,715,1506,77,2432,24,809,10,24
"473","2020-04-15",285,6,215,451,8716,0.858880220284534,0,0,715,1506,85,2517,54,863,28,54
"474","2020-04-16",209,6,205,361,8716,0.858880220284534,0,0,715,1506,73,2590,47,910,16,47
"475","2020-04-17",163,6,204,299,8716,0.858880220284534,0,0,715,1506,73,2663,27,937,10,27
"476","2020-04-18",136,6,222,249,8716,0.858880220284534,0,0,715,1506,56,2719,12,949,9,12
"477","2020-04-19",107,6,233,206,8716,0.858880220284534,0,0,715,1506,57,2776,8,957,14,8
"478","2020-04-20",75,6,228,168,8716,0.858880220284534,0,0,715,1506,60,2836,52,1009,13,52
"479","2020-04-21",54,6,212,140,8716,0.858880220284534,0,0,715,1506,61,2897,33,1042,13,33
"480","2020-04-22",48,6,201,109,8716,0.858880220284534,0,0,715,1506,77,2974,40,1082,9,40
"481","2020-04-23",42,6,197,78,8716,0.858880220284534,0,0,715,1506,69,3043,31,1113,16,31
"482","2020-04-24",33,6,187,67,8716,0.858880220284534,0,0,715,1506,57,3100,17,1130,9,17
"483","2020-04-25",26,6,177,54,8716,0.858880220284534,0,0,715,1506,53,3153,20,1150,9,20
"484","2020-04-26",20,6,191,51,8716,0.858880220284534,0,0,715,1506,67,3220,14,1164,17,14
"485","2020-04-27",16,6,180,44,8716,0.858880220284534,0,0,715,1506,55,3275,13,1177,8,13
"486","2020-04-28",16,6,170,39,8716,0.858880220284534,0,0,715,1506,58,3333,62,1239,17,62
"487","2020-04-29",11,6,176,33,8716,0.858880220284534,0,0,715,1506,45,3378,48,1287,5,48
"488","2020-04-30",8,6,161,31,8716,0.858880220284534,0,0,715,1506,61,3439,56,1343,11,56
"489","2020-05-01",10,6,177,29,8716,0.858880220284534,0,0,715,1506,65,3504,31,1374,16,31
"490","2020-05-02",7,6,169,28,8716,0.858880220284534,0,0,715,1506,60,3564,27,1401,8,27
"491","2020-05-03",10,6,167,24,8716,0.858880220284534,0,0,715,1506,52,3616,48,1449,7,48
"492","2020-05-04",10,6,177,23,8716,0.858880220284534,0,0,715,1506,45,3661,37,1486,9,37
"493","2020-05-05",9,6,208,26,8716,0.858880220284534,0,0,715,1506,45,3706,27,1513,8,27
"494","2020-05-06",9,6,254,29,8716,0.858880220284534,0,0,715,1506,51,3757,16,1529,7,16
"495","2020-05-07",9,6,313,28,8716,0.858880220284534,0,0,715,1506,60,3817,9,1538,10,9
"496","2020-05-08",6,6,329,25,8716,0.858880220284534,0,0,715,1506,45,3862,9,1547,9,9
"497","2020-05-09",7,6,299,26,8716,0.858880220284534,0,0,715,1506,47,3909,43,1590,2,43
"498","2020-05-10",5,6,262,23,8716,0.858880220284534,0,0,715,1506,43,3952,33,1623,2,33
"499","2020-05-11",5,6,240,25,8716,0.858880220284534,0,0,715,1506,49,4001,32,1655,7,32
"500","2020-05-12",6,6,247,24,8716,0.858880220284534,0,0,715,1506,49,4050,40,1695,7,40
"501","2020-05-13",6,6,248,24,8716,0.858880220284534,0,0,715,1506,49,4099,30,1725,7,30
"502","2020-05-14",7,6,246,23,8716,0.858880220284534,0,0,715,1506,30,4129,30,1755,6,30
"503","2020-05-15",7,6,212,23,8716,0.858880220284534,0,0,715,1506,39,4168,48,1803,3,48
"504","2020-05-16",7,6,194,22,8716,0.858880220284534,0,0,715,1506,30,4198,36,1839,5,36
"505","2020-05-17",6,6,173,24,8716,0.858880220284534,0,0,715,1506,51,4249,38,1877,7,38
"506","2020-05-18",6,6,170,24,8716,0.858880220284534,0,0,715,1506,35,4284,26,1903,10,26
"507","2020-05-19",5,6,174,22,8716,0.858880220284534,0,0,715,1506,31,4315,30,1933,NA,30
"508","2020-05-20",5,6,179,23,8716,0.858880220284534,0,0,715,1506,29,4344,18,1951,6,18
"509","2020-05-21",4,6,221,22,8716,0.858880220284534,0,0,715,1506,38,4382,45,1996,6,45
"510","2020-05-22",5,6,214,20,8716,0.858880220284534,0,0,715,1506,20,4402,26,2022,2,26
"511","2020-05-23",5,6,198,20,8716,0.858880220284534,0,0,715,1506,31,4433,48,2070,7,48
"512","2020-05-24",6,6,162,19,8716,0.858880220284534,0,0,715,1506,30,4463,34,2104,6,34
"513","2020-05-25",6,6,155,16,8716,0.858880220284534,0,0,715,1506,29,4492,40,2144,3,40
"514","2020-05-26",5,6,147,15,8716,0.858880220284534,0,0,715,1506,28,4520,13,2157,5,13
"515","2020-05-27",5,6,139,16,8716,0.858880220284534,0,0,715,1506,23,4543,17,2174,3,17
"516","2020-05-28",4,6,130,16,8716,0.858880220284534,0,0,715,1506,23,4566,10,2184,6,10
"517","2020-05-29",5,6,125,15,8716,0.858880220284534,0,0,715,1506,24,4590,7,2191,7,7
"518","2020-05-30",6,6,121,14,8716,0.858880220284534,0,0,715,1506,23,4613,18,2209,4,18
"519","2020-05-31",8,6,179,15,8716,0.858880220284534,0,0,715,1506,27,4640,46,2255,7,46
"520","2020-06-01",9,6,176,14,8716,0.858880220284534,0,0,715,1506,16,4656,19,2274,2,19
"521","2020-06-02",9,6,188,15,8716,0.858880220284534,0,0,715,1506,25,4681,19,2293,4,19
"522","2020-06-03",8,6,169,13,8716,0.858880220284534,0,0,715,1506,21,4702,51,2344,3,51
"523","2020-06-04",8,6,163,13,8716,0.858880220284534,0,0,715,1506,23,4725,37,2381,4,37
"524","2020-06-05",6,6,154,15,8716,0.858880220284534,0,0,715,1506,26,4751,60,2441,4,60
"525","2020-06-06",5,6,179,15,8716,0.858880220284534,0,0,715,1506,12,4763,29,2470,NA,29
"526","2020-06-07",4,6,187,15,8716,0.858880220284534,0,0,715,1506,16,4779,52,2522,1,52
"527","2020-03-13",6,7,97,263,7720,0.203626943005181,0,0,720,917,27,75,6,49,6,6
"528","2020-03-14",13,7,103,346,7720,0.203626943005181,0,0,720,917,38,113,4,53,13,4
"529","2020-03-15",23,7,95,456,7720,0.203626943005181,0,0,720,917,37,150,8,61,20,8
"530","2020-03-16",49,7,82,557,7720,0.203626943005181,0,0,720,917,45,195,2,63,15,2
"531","2020-03-17",75,7,86,677,7720,0.203626943005181,0,0,720,917,41,236,10,73,22,10
"532","2020-03-18",101,7,118,775,7720,0.203626943005181,0,0,720,917,46,282,57,130,26,57
"533","2020-03-19",136,7,134,893,7720,0.203626943005181,0,0,720,917,37,319,25,155,19,25
"534","2020-03-20",159,7,129,975,7720,0.203626943005181,0,0,720,917,50,369,17,172,32,17
"535","2020-03-21",201,7,143,1055,7720,0.203626943005181,0,0,720,917,39,408,16,188,24,16
"536","2020-03-22",243,7,134,1147,7720,0.203626943005181,0,0,720,917,54,462,49,237,37,49
"537","2020-03-23",267,7,130,1203,7720,0.203626943005181,0,0,720,917,47,509,20,257,24,20
"538","2020-03-24",292,7,146,1248,7720,0.203626943005181,0,0,720,917,51,560,12,269,34,12
"539","2020-03-25",310,7,150,1301,7720,0.203626943005181,0,0,720,917,60,620,7,276,38,7
"540","2020-03-26",321,7,170,1325,7720,0.203626943005181,0,0,720,917,66,686,17,293,43,17
"541","2020-03-27",353,7,206,1338,7720,0.203626943005181,0,0,720,917,51,737,18,311,31,18
"542","2020-03-28",370,7,186,1357,7720,0.203626943005181,0,0,720,917,66,803,20,331,34,20
"543","2020-03-29",372,7,178,1379,7720,0.203626943005181,0,0,720,917,64,867,22,353,36,22
"544","2020-03-30",386,7,182,1383,7720,0.203626943005181,0,0,720,917,69,936,44,397,43,44
"545","2020-03-31",383,7,174,1396,7720,0.203626943005181,0,0,720,917,67,1003,32,429,35,32
"546","2020-04-01",394,7,167,1405,7720,0.203626943005181,0,0,720,917,56,1059,33,462,35,33
"547","2020-04-02",395,7,154,1416,7720,0.203626943005181,0,0,720,917,55,1114,17,479,25,17
"548","2020-04-03",381,7,179,1396,7720,0.203626943005181,0,0,720,917,72,1186,38,517,40,38
"549","2020-04-04",360,7,180,1377,7720,0.203626943005181,0,0,720,917,92,1278,54,571,58,54
"550","2020-04-05",369,7,169,1375,7720,0.203626943005181,0,0,720,917,78,1356,58,629,46,58
"551","2020-04-06",359,7,165,1343,7720,0.203626943005181,0,0,720,917,77,1433,32,661,39,32
"552","2020-04-07",368,7,155,1318,7720,0.203626943005181,0,0,720,917,53,1486,12,673,31,12
"553","2020-04-08",358,7,134,1285,7720,0.203626943005181,0,0,720,917,59,1545,14,687,31,14
"554","2020-04-09",354,7,138,1282,7720,0.203626943005181,0,0,720,917,78,1623,21,708,46,21
"555","2020-04-10",355,7,183,1278,7720,0.203626943005181,0,0,720,917,86,1709,25,733,41,25
"556","2020-04-11",347,7,206,1259,7720,0.203626943005181,0,0,720,917,51,1760,14,747,33,14
"557","2020-04-12",326,7,183,1233,7720,0.203626943005181,0,0,720,917,55,1815,18,765,29,18
"558","2020-04-13",322,7,191,1220,7720,0.203626943005181,0,0,720,917,56,1871,21,786,31,21
"559","2020-04-14",312,7,228,1210,7720,0.203626943005181,0,0,720,917,78,1949,19,805,49,19
"560","2020-04-15",308,7,274,1226,7720,0.203626943005181,0,0,720,917,71,2020,10,815,36,10
"561","2020-04-16",307,7,269,1216,7720,0.203626943005181,0,0,720,917,54,2074,10,825,34,10
"562","2020-04-17",304,7,247,1210,7720,0.203626943005181,0,0,720,917,63,2137,3,828,34,3
"563","2020-04-18",314,7,207,1190,7720,0.203626943005181,0,0,720,917,67,2204,4,832,34,4
"564","2020-04-19",317,7,194,1182,7720,0.203626943005181,0,0,720,917,81,2285,4,836,48,4
"565","2020-04-20",303,7,194,1170,7720,0.203626943005181,0,0,720,917,57,2342,11,847,34,11
"566","2020-04-21",301,7,191,1175,7720,0.203626943005181,0,0,720,917,71,2413,60,907,37,60
"567","2020-04-22",295,7,196,1151,7720,0.203626943005181,0,0,720,917,65,2478,34,941,37,34
"568","2020-04-23",298,7,167,1128,7720,0.203626943005181,0,0,720,917,63,2541,18,959,35,18
"569","2020-04-24",289,7,169,1113,7720,0.203626943005181,0,0,720,917,55,2596,24,983,32,24
"570","2020-04-25",293,7,177,1104,7720,0.203626943005181,0,0,720,917,65,2661,22,1005,33,22
"571","2020-04-26",291,7,230,1063,7720,0.203626943005181,0,0,720,917,54,2715,16,1021,26,16
"572","2020-04-27",304,7,222,1052,7720,0.203626943005181,0,0,720,917,62,2777,15,1036,40,15
"573","2020-04-28",296,7,200,1017,7720,0.203626943005181,0,0,720,917,53,2830,6,1042,31,6
"574","2020-04-29",291,7,194,1000,7720,0.203626943005181,0,0,720,917,49,2879,8,1050,16,8
"575","2020-04-30",276,7,182,962,7720,0.203626943005181,0,0,720,917,57,2936,16,1066,22,16
"576","2020-05-01",279,7,171,926,7720,0.203626943005181,0,0,720,917,52,2988,6,1072,24,6
"577","2020-05-02",272,7,189,885,7720,0.203626943005181,0,0,720,917,59,3047,10,1082,25,10
"578","2020-05-03",256,7,228,871,7720,0.203626943005181,0,0,720,917,55,3102,23,1105,28,23
"579","2020-05-04",243,7,214,864,7720,0.203626943005181,0,0,720,917,45,3147,40,1145,24,40
"580","2020-05-05",237,7,194,847,7720,0.203626943005181,0,0,720,917,44,3191,13,1158,21,13
"581","2020-05-06",236,7,186,811,7720,0.203626943005181,0,0,720,917,33,3224,11,1169,15,11
"582","2020-05-07",242,7,165,778,7720,0.203626943005181,0,0,720,917,48,3272,6,1175,21,6
"583","2020-05-08",225,7,172,738,7720,0.203626943005181,0,0,720,917,45,3317,7,1182,22,7
"584","2020-05-09",213,7,179,720,7720,0.203626943005181,0,0,720,917,42,3359,4,1186,18,4
"585","2020-05-10",215,7,176,692,7720,0.203626943005181,0,0,720,917,48,3407,33,1219,22,33
"586","2020-05-11",199,7,158,671,7720,0.203626943005181,0,0,720,917,36,3443,30,1249,11,30
"587","2020-05-12",183,7,151,630,7720,0.203626943005181,0,0,720,917,36,3479,10,1259,18,10
"588","2020-05-13",181,7,136,604,7720,0.203626943005181,0,0,720,917,44,3523,11,1270,17,11
"589","2020-05-14",163,7,114,591,7720,0.203626943005181,0,0,720,917,47,3570,6,1276,19,6
"590","2020-05-15",162,7,113,580,7720,0.203626943005181,0,0,720,917,30,3600,11,1287,13,11
"591","2020-05-16",154,7,119,564,7720,0.203626943005181,0,0,720,917,41,3641,9,1296,23,9
"592","2020-05-17",150,7,159,538,7720,0.203626943005181,0,0,720,917,27,3668,9,1305,9,9
"593","2020-05-18",150,7,164,518,7720,0.203626943005181,0,0,720,917,36,3704,4,1309,19,4
"594","2020-05-19",155,7,162,506,7720,0.203626943005181,0,0,720,917,30,3734,2,1311,15,2
"595","2020-05-20",156,7,182,488,7720,0.203626943005181,0,0,720,917,37,3771,4,1315,18,4
"596","2020-05-21",162,7,186,484,7720,0.203626943005181,0,0,720,917,34,3805,32,1347,17,32
"597","2020-05-22",157,7,160,451,7720,0.203626943005181,0,0,720,917,36,3841,75,1422,20,75
"598","2020-05-23",146,7,166,427,7720,0.203626943005181,0,0,720,917,27,3868,79,1501,16,79
"599","2020-05-24",138,7,168,417,7720,0.203626943005181,0,0,720,917,31,3899,78,1579,20,78
"600","2020-05-25",137,7,202,405,7720,0.203626943005181,0,0,720,917,35,3934,42,1621,15,42
"601","2020-05-26",128,7,229,377,7720,0.203626943005181,0,0,720,917,32,3966,50,1671,17,50
"602","2020-05-27",115,7,239,366,7720,0.203626943005181,0,0,720,917,25,3991,38,1709,11,38
"603","2020-05-28",104,7,222,360,7720,0.203626943005181,0,0,720,917,20,4011,60,1769,12,60
"604","2020-05-29",99,7,210,330,7720,0.203626943005181,0,0,720,917,21,4032,41,1810,10,41
"605","2020-05-30",98,7,219,311,7720,0.203626943005181,0,0,720,917,26,4058,24,1834,13,24
"606","2020-05-31",96,7,226,301,7720,0.203626943005181,0,0,720,917,18,4076,16,1850,10,16
"607","2020-06-01",89,7,252,286,7720,0.203626943005181,0,0,720,917,27,4103,38,1888,10,38
"608","2020-06-02",93,7,248,264,7720,0.203626943005181,0,0,720,917,20,4123,21,1909,11,21
"609","2020-06-03",85,7,245,250,7720,0.203626943005181,0,0,720,917,13,4136,34,1943,8,34
"610","2020-06-04",85,7,233,232,7720,0.203626943005181,0,0,720,917,26,4162,10,1953,12,10
"611","2020-06-05",85,7,198,224,7720,0.203626943005181,0,0,720,917,15,4177,34,1987,7,34
"612","2020-06-06",81,7,197,216,7720,0.203626943005181,0,0,720,917,16,4193,26,2013,6,26
"613","2020-06-07",74,7,203,211,7720,0.203626943005181,0,0,720,917,26,4219,38,2051,15,38
"614","2020-03-12",1,8,158,135,6644,0.291992775436484,0,0,562,1428,61,110,30,43,2,30
"615","2020-03-13",2,8,171,191,6644,0.291992775436484,0,0,562,1428,44,154,17,60,1,17
"616","2020-03-14",6,8,199,260,6644,0.291992775436484,0,0,562,1428,50,204,10,70,3,10
"617","2020-03-15",11,8,243,344,6644,0.291992775436484,0,0,562,1428,57,261,4,74,17,4
"618","2020-03-16",26,8,296,416,6644,0.291992775436484,0,0,562,1428,67,328,20,94,15,20
"619","2020-03-17",41,8,282,512,6644,0.291992775436484,0,0,562,1428,84,412,36,130,20,36
"620","2020-03-18",62,8,277,593,6644,0.291992775436484,0,0,562,1428,53,465,77,207,17,77
"621","2020-03-19",84,8,275,677,6644,0.291992775436484,0,0,562,1428,63,528,50,257,18,50
"622","2020-03-20",108,8,273,754,6644,0.291992775436484,0,0,562,1428,56,584,31,288,18,31
"623","2020-03-21",133,8,289,825,6644,0.291992775436484,0,0,562,1428,58,642,22,310,17,22
"624","2020-03-22",157,8,267,884,6644,0.291992775436484,0,0,562,1428,70,712,16,326,21,16
"625","2020-03-23",181,8,257,937,6644,0.291992775436484,0,0,562,1428,58,770,42,368,13,42
"626","2020-03-24",196,8,271,964,6644,0.291992775436484,0,0,562,1428,71,841,30,398,14,30
"627","2020-03-25",210,8,260,1000,6644,0.291992775436484,0,0,562,1428,79,920,23,421,19,23
"628","2020-03-26",226,8,261,1016,6644,0.291992775436484,0,0,562,1428,65,985,32,453,19,32
"629","2020-03-27",251,8,266,1048,6644,0.291992775436484,0,0,562,1428,45,1030,53,506,14,53
"630","2020-03-28",256,8,267,1063,6644,0.291992775436484,0,0,562,1428,71,1101,52,558,15,52
"631","2020-03-29",282,8,265,1060,6644,0.291992775436484,0,0,562,1428,51,1152,50,608,16,50
"632","2020-03-30",293,8,287,1067,6644,0.291992775436484,0,0,562,1428,72,1224,48,656,12,48
"633","2020-03-31",305,8,310,1053,6644,0.291992775436484,0,0,562,1428,84,1308,30,686,21,30
"634","2020-04-01",303,8,272,1071,6644,0.291992775436484,0,0,562,1428,60,1368,24,710,9,24
"635","2020-04-02",300,8,251,1073,6644,0.291992775436484,0,0,562,1428,71,1439,53,763,21,53
"636","2020-04-03",294,8,253,1091,6644,0.291992775436484,0,0,562,1428,74,1513,63,826,17,63
"637","2020-04-04",299,8,255,1095,6644,0.291992775436484,0,0,562,1428,78,1591,59,885,19,59
"638","2020-04-05",285,8,258,1093,6644,0.291992775436484,0,0,562,1428,48,1639,52,937,2,52
"639","2020-04-06",279,8,277,1120,6644,0.291992775436484,0,0,562,1428,68,1707,41,978,12,41
"640","2020-04-07",285,8,271,1129,6644,0.291992775436484,0,0,562,1428,59,1766,38,1016,8,38
"641","2020-04-08",293,8,272,1129,6644,0.291992775436484,0,0,562,1428,61,1827,30,1046,11,30
"642","2020-04-09",295,8,307,1127,6644,0.291992775436484,0,0,562,1428,78,1905,57,1103,16,57
"643","2020-04-10",299,8,296,1124,6644,0.291992775436484,0,0,562,1428,80,1985,27,1130,14,27
"644","2020-04-11",296,8,292,1138,6644,0.291992775436484,0,0,562,1428,72,2057,16,1146,9,16
"645","2020-04-12",316,8,286,1141,6644,0.291992775436484,0,0,562,1428,54,2111,23,1169,7,23
"646","2020-04-13",324,8,288,1128,6644,0.291992775436484,0,0,562,1428,83,2194,18,1187,17,18
"647","2020-04-14",311,8,288,1153,6644,0.291992775436484,0,0,562,1428,67,2261,16,1203,8,16
"648","2020-04-15",307,8,296,1134,6644,0.291992775436484,0,0,562,1428,74,2335,9,1212,11,9
"649","2020-04-16",316,8,319,1128,6644,0.291992775436484,0,0,562,1428,81,2416,7,1219,8,7
"650","2020-04-17",322,8,307,1112,6644,0.291992775436484,0,0,562,1428,82,2498,66,1285,17,66
"651","2020-04-18",328,8,288,1075,6644,0.291992775436484,0,0,562,1428,53,2551,48,1333,10,48
"652","2020-04-19",315,8,292,1058,6644,0.291992775436484,0,0,562,1428,57,2608,26,1359,6,26
"653","2020-04-20",311,8,271,1076,6644,0.291992775436484,0,0,562,1428,61,2669,17,1376,9,17
"654","2020-04-21",316,8,272,1044,6644,0.291992775436484,0,0,562,1428,62,2731,20,1396,13,20
"655","2020-04-22",314,8,288,1018,6644,0.291992775436484,0,0,562,1428,66,2797,40,1436,13,40
"656","2020-04-23",317,8,317,1011,6644,0.291992775436484,0,0,562,1428,57,2854,14,1450,8,14
"657","2020-04-24",293,8,341,995,6644,0.291992775436484,0,0,562,1428,73,2927,5,1455,18,5
"658","2020-04-25",294,8,349,979,6644,0.291992775436484,0,0,562,1428,69,2996,10,1465,22,10
"659","2020-04-26",288,8,335,959,6644,0.291992775436484,0,0,562,1428,64,3060,16,1481,16,16
"660","2020-04-27",289,8,326,950,6644,0.291992775436484,0,0,562,1428,77,3137,10,1491,15,10
"661","2020-04-28",281,8,363,914,6644,0.291992775436484,0,0,562,1428,84,3221,10,1501,17,10
"662","2020-04-29",281,8,372,900,6644,0.291992775436484,0,0,562,1428,75,3296,20,1521,12,20
"663","2020-04-30",268,8,367,897,6644,0.291992775436484,0,0,562,1428,71,3367,66,1587,22,66
"664","2020-05-01",270,8,334,870,6644,0.291992775436484,0,0,562,1428,47,3414,43,1630,9,43
"665","2020-05-02",268,8,318,851,6644,0.291992775436484,0,0,562,1428,56,3470,27,1657,16,27
"666","2020-05-03",249,8,343,842,6644,0.291992775436484,0,0,562,1428,53,3523,65,1722,14,65
"667","2020-05-04",242,8,332,821,6644,0.291992775436484,0,0,562,1428,35,3558,33,1755,7,33
"668","2020-05-05",236,8,342,808,6644,0.291992775436484,0,0,562,1428,58,3616,29,1784,7,29
"669","2020-05-06",248,8,371,775,6644,0.291992775436484,0,0,562,1428,45,3661,19,1803,5,19
"670","2020-05-07",252,8,404,759,6644,0.291992775436484,0,0,562,1428,52,3713,20,1823,3,20
"671","2020-05-08",250,8,367,728,6644,0.291992775436484,0,0,562,1428,41,3754,33,1856,5,33
"672","2020-05-09",233,8,377,725,6644,0.291992775436484,0,0,562,1428,51,3805,25,1881,3,25
"673","2020-05-10",231,8,378,726,6644,0.291992775436484,0,0,562,1428,49,3854,49,1930,6,49
"674","2020-05-11",213,8,363,697,6644,0.291992775436484,0,0,562,1428,44,3898,26,1956,3,26
"675","2020-05-12",212,8,346,681,6644,0.291992775436484,0,0,562,1428,40,3938,14,1970,6,14
"676","2020-05-13",185,8,326,657,6644,0.291992775436484,0,0,562,1428,52,3990,26,1996,4,26
"677","2020-05-14",163,8,317,651,6644,0.291992775436484,0,0,562,1428,42,4032,29,2025,6,29
"678","2020-05-15",159,8,293,606,6644,0.291992775436484,0,0,562,1428,47,4079,13,2038,9,13
"679","2020-05-16",153,8,297,588,6644,0.291992775436484,0,0,562,1428,46,4125,14,2052,10,14
"680","2020-05-17",147,8,306,567,6644,0.291992775436484,0,0,562,1428,44,4169,14,2066,10,14
"681","2020-05-18",144,8,323,542,6644,0.291992775436484,0,0,562,1428,32,4201,12,2078,6,12
"682","2020-05-19",145,8,324,514,6644,0.291992775436484,0,0,562,1428,46,4247,15,2093,7,15
"683","2020-05-20",146,8,369,497,6644,0.291992775436484,0,0,562,1428,36,4283,13,2106,7,13
"684","2020-05-21",151,8,372,473,6644,0.291992775436484,0,0,562,1428,34,4317,10,2116,4,10
"685","2020-05-22",149,8,349,438,6644,0.291992775436484,0,0,562,1428,30,4347,15,2131,3,15
"686","2020-05-23",150,8,351,414,6644,0.291992775436484,0,0,562,1428,38,4385,12,2143,11,12
"687","2020-05-24",148,8,333,396,6644,0.291992775436484,0,0,562,1428,37,4422,40,2183,8,40
"688","2020-05-25",146,8,340,373,6644,0.291992775436484,0,0,562,1428,53,4475,51,2234,13,51
"689","2020-05-26",135,8,340,362,6644,0.291992775436484,0,0,562,1428,18,4493,27,2261,3,27
"690","2020-05-27",134,8,359,352,6644,0.291992775436484,0,0,562,1428,21,4514,48,2309,4,48
"691","2020-05-28",121,8,361,340,6644,0.291992775436484,0,0,562,1428,28,4542,40,2349,7,40
"692","2020-05-29",110,8,363,321,6644,0.291992775436484,0,0,562,1428,28,4570,45,2394,8,45
"693","2020-05-30",98,8,351,303,6644,0.291992775436484,0,0,562,1428,21,4591,40,2434,4,40
"694","2020-05-31",93,8,369,295,6644,0.291992775436484,0,0,562,1428,28,4619,18,2452,4,18
"695","2020-06-01",91,8,342,278,6644,0.291992775436484,0,0,562,1428,17,4636,42,2494,1,42
"696","2020-06-02",85,8,324,261,6644,0.291992775436484,0,0,562,1428,14,4650,28,2522,2,28
"697","2020-06-03",79,8,308,235,6644,0.291992775436484,0,0,562,1428,18,4668,61,2583,6,61
"698","2020-06-04",77,8,313,218,6644,0.291992775436484,0,0,562,1428,27,4695,64,2647,4,64
"699","2020-06-05",73,8,297,215,6644,0.291992775436484,0,0,562,1428,11,4706,51,2698,2,51
"700","2020-06-06",73,8,292,195,6644,0.291992775436484,0,0,562,1428,11,4717,53,2751,5,53
"701","2020-06-07",74,8,279,180,6644,0.291992775436484,0,0,562,1428,19,4736,37,2788,3,37
"702","2020-03-12",1,9,77,58,7827,0.936757378305864,0,0,761,978,21,43,17,36,6,17
"703","2020-03-13",2,9,104,90,7827,0.936757378305864,0,0,761,978,27,70,17,53,12,17
"704","2020-03-14",4,9,118,136,7827,0.936757378305864,0,0,761,978,37,107,57,110,17,57
"705","2020-03-15",8,9,146,185,7827,0.936757378305864,0,0,761,978,35,142,26,136,25,26
"706","2020-03-16",13,9,158,250,7827,0.936757378305864,0,0,761,978,24,166,12,148,16,12
"707","2020-03-17",27,9,175,341,7827,0.936757378305864,0,0,761,978,40,206,25,173,30,25
"708","2020-03-18",41,9,191,434,7827,0.936757378305864,0,0,761,978,50,256,60,233,35,60
"709","2020-03-19",52,9,197,579,7827,0.936757378305864,0,0,761,978,48,304,35,268,36,35
"710","2020-03-20",72,9,190,738,7827,0.936757378305864,0,0,761,978,59,363,20,288,49,20
"711","2020-03-21",101,9,185,926,7827,0.936757378305864,0,0,761,978,73,436,25,313,56,25
"712","2020-03-22",126,9,182,1134,7827,0.936757378305864,0,0,761,978,70,506,48,361,57,48
"713","2020-03-23",155,9,160,1346,7827,0.936757378305864,0,0,761,978,87,593,39,400,69,39
"714","2020-03-24",175,9,156,1653,7827,0.936757378305864,0,0,761,978,58,651,26,426,49,26
"715","2020-03-25",218,9,141,1949,7827,0.936757378305864,0,0,761,978,75,726,26,452,67,26
"716","2020-03-26",298,9,138,2293,7827,0.936757378305864,0,0,761,978,77,803,9,461,69,9
"717","2020-03-27",353,9,138,2584,7827,0.936757378305864,0,0,761,978,78,881,11,472,70,11
"718","2020-03-28",424,9,141,2958,7827,0.936757378305864,0,0,761,978,78,959,57,529,67,57
"719","2020-03-29",517,9,185,3316,7827,0.936757378305864,0,0,761,978,83,1042,37,566,75,37
"720","2020-03-30",599,9,183,3559,7827,0.936757378305864,0,0,761,978,67,1109,19,585,55,19
"721","2020-03-31",710,9,183,3791,7827,0.936757378305864,0,0,761,978,109,1218,10,595,98,10
"722","2020-04-01",795,9,182,3959,7827,0.936757378305864,0,0,761,978,95,1313,20,615,79,20
"723","2020-04-02",870,9,182,4026,7827,0.936757378305864,0,0,761,978,72,1385,38,653,62,38
"724","2020-04-03",934,9,188,4096,7827,0.936757378305864,0,0,761,978,85,1470,17,670,78,17
"725","2020-04-04",1000,9,176,4076,7827,0.936757378305864,0,0,761,978,102,1572,17,687,85,17
"726","2020-04-05",1036,9,178,3963,7827,0.936757378305864,0,0,761,978,97,1669,52,739,81,52
"727","2020-04-06",1093,9,174,3818,7827,0.936757378305864,0,0,761,978,127,1796,22,761,111,22
"728","2020-04-07",1114,9,155,3586,7827,0.936757378305864,0,0,761,978,93,1889,30,791,80,30
"729","2020-04-08",1109,9,139,3320,7827,0.936757378305864,0,0,761,978,86,1975,61,852,78,61
"730","2020-04-09",1089,9,139,3031,7827,0.936757378305864,0,0,761,978,87,2062,58,910,75,58
"731","2020-04-10",1087,9,143,2737,7827,0.936757378305864,0,0,761,978,92,2154,23,933,80,23
"732","2020-04-11",1040,9,158,2458,7827,0.936757378305864,0,0,761,978,96,2250,33,966,82,33
"733","2020-04-12",977,9,150,2152,7827,0.936757378305864,0,0,761,978,84,2334,23,989,80,23
"734","2020-04-13",896,9,151,1868,7827,0.936757378305864,0,0,761,978,112,2446,15,1004,100,15
"735","2020-04-14",802,9,150,1584,7827,0.936757378305864,0,0,761,978,68,2514,23,1027,59,23
"736","2020-04-15",726,9,187,1347,7827,0.936757378305864,0,0,761,978,75,2589,10,1037,61,10
"737","2020-04-16",638,9,222,1153,7827,0.936757378305864,0,0,761,978,69,2658,6,1043,60,6
"738","2020-04-17",535,9,274,969,7827,0.936757378305864,0,0,761,978,83,2741,14,1057,73,14
"739","2020-04-18",455,9,273,801,7827,0.936757378305864,0,0,761,978,102,2843,13,1070,92,13
"740","2020-04-19",392,9,249,656,7827,0.936757378305864,0,0,761,978,78,2921,10,1080,64,10
"741","2020-04-20",324,9,234,551,7827,0.936757378305864,0,0,761,978,71,2992,45,1125,59,45
"742","2020-04-21",277,9,221,461,7827,0.936757378305864,0,0,761,978,77,3069,55,1180,59,55
"743","2020-04-22",228,9,223,375,7827,0.936757378305864,0,0,761,978,70,3139,25,1205,60,25
"744","2020-04-23",183,9,234,326,7827,0.936757378305864,0,0,761,978,67,3206,21,1226,62,21
"745","2020-04-24",162,9,249,275,7827,0.936757378305864,0,0,761,978,71,3277,13,1239,60,13
"746","2020-04-25",130,9,230,235,7827,0.936757378305864,0,0,761,978,52,3329,13,1252,45,13
"747","2020-04-26",110,9,242,194,7827,0.936757378305864,0,0,761,978,57,3386,11,1263,49,11
"748","2020-04-27",99,9,250,164,7827,0.936757378305864,0,0,761,978,70,3456,38,1301,57,38
"749","2020-04-28",80,9,250,142,7827,0.936757378305864,0,0,761,978,70,3526,51,1352,58,51
"750","2020-04-29",72,9,237,121,7827,0.936757378305864,0,0,761,978,38,3564,37,1389,32,37
"751","2020-04-30",65,9,217,110,7827,0.936757378305864,0,0,761,978,59,3623,24,1413,49,24
"752","2020-05-01",54,9,194,98,7827,0.936757378305864,0,0,761,978,42,3665,10,1423,38,10
"753","2020-05-02",48,9,178,96,7827,0.936757378305864,0,0,761,978,48,3713,2,1425,37,2
"754","2020-05-03",40,9,164,83,7827,0.936757378305864,0,0,761,978,46,3759,9,1434,41,9
"755","2020-05-04",29,9,211,78,7827,0.936757378305864,0,0,761,978,51,3810,40,1474,37,40
"756","2020-05-05",25,9,217,75,7827,0.936757378305864,0,0,761,978,34,3844,53,1527,25,53
"757","2020-05-06",24,9,252,69,7827,0.936757378305864,0,0,761,978,55,3899,24,1551,46,24
"758","2020-05-07",19,9,231,69,7827,0.936757378305864,0,0,761,978,57,3956,25,1576,49,25
"759","2020-05-08",17,9,216,64,7827,0.936757378305864,0,0,761,978,58,4014,70,1646,38,70
"760","2020-05-09",15,9,198,61,7827,0.936757378305864,0,0,761,978,46,4060,33,1679,40,33
"761","2020-05-10",14,9,190,54,7827,0.936757378305864,0,0,761,978,45,4105,12,1691,32,12
"762","2020-05-11",13,9,212,54,7827,0.936757378305864,0,0,761,978,46,4151,14,1705,32,14
"763","2020-05-12",14,9,246,48,7827,0.936757378305864,0,0,761,978,29,4180,17,1722,22,17
"764","2020-05-13",15,9,298,39,7827,0.936757378305864,0,0,761,978,36,4216,20,1742,32,20
"765","2020-05-14",15,9,299,35,7827,0.936757378305864,0,0,761,978,34,4250,47,1789,33,47
"766","2020-05-15",15,9,280,35,7827,0.936757378305864,0,0,761,978,48,4298,28,1817,37,28
"767","2020-05-16",14,9,291,35,7827,0.936757378305864,0,0,761,978,34,4332,44,1861,28,44
"768","2020-05-17",11,9,299,34,7827,0.936757378305864,0,0,761,978,33,4365,32,1893,25,32
"769","2020-05-18",10,9,284,34,7827,0.936757378305864,0,0,761,978,37,4402,15,1908,29,15
"770","2020-05-19",9,9,254,34,7827,0.936757378305864,0,0,761,978,31,4433,21,1929,27,21
"771","2020-05-20",8,9,229,33,7827,0.936757378305864,0,0,761,978,26,4459,17,1946,17,17
"772","2020-05-21",8,9,210,34,7827,0.936757378305864,0,0,761,978,39,4498,14,1960,34,14
"773","2020-05-22",8,9,194,33,7827,0.936757378305864,0,0,761,978,16,4514,20,1980,12,20
"774","2020-05-23",10,9,204,29,7827,0.936757378305864,0,0,761,978,22,4536,53,2033,16,53
"775","2020-05-24",11,9,182,27,7827,0.936757378305864,0,0,761,978,30,4566,44,2077,21,44
"776","2020-05-25",12,9,164,26,7827,0.936757378305864,0,0,761,978,19,4585,12,2089,16,12
"777","2020-05-26",11,9,199,24,7827,0.936757378305864,0,0,761,978,27,4612,17,2106,22,17
"778","2020-05-27",9,9,197,22,7827,0.936757378305864,0,0,761,978,21,4633,12,2118,17,12
"779","2020-05-28",8,9,178,23,7827,0.936757378305864,0,0,761,978,35,4668,14,2132,28,14
"780","2020-05-29",7,9,173,22,7827,0.936757378305864,0,0,761,978,17,4685,30,2162,12,30
"781","2020-05-30",6,9,198,19,7827,0.936757378305864,0,0,761,978,16,4701,42,2204,13,42
"782","2020-05-31",6,9,225,20,7827,0.936757378305864,0,0,761,978,28,4729,67,2271,20,67
"783","2020-06-01",5,9,252,17,7827,0.936757378305864,0,0,761,978,22,4751,64,2335,15,64
"784","2020-06-02",4,9,250,18,7827,0.936757378305864,0,0,761,978,26,4777,33,2368,19,33
"785","2020-06-03",5,9,252,19,7827,0.936757378305864,0,0,761,978,19,4796,36,2404,15,36
"786","2020-06-04",4,9,280,20,7827,0.936757378305864,0,0,761,978,14,4810,51,2455,13,51
"787","2020-06-05",4,9,272,20,7827,0.936757378305864,0,0,761,978,16,4826,44,2499,11,44
"788","2020-06-06",4,9,258,20,7827,0.936757378305864,0,0,761,978,17,4843,23,2522,14,23
"789","2020-06-07",4,9,262,24,7827,0.936757378305864,0,0,761,978,20,4863,14,2536,15,14
"790","2020-03-13",1,10,102,50,2688,0.453497023809524,0,0,209,1521,66,165,22,54,12,22
"791","2020-03-14",2,10,150,67,2688,0.453497023809524,0,0,209,1521,58,223,7,61,21,7
"792","2020-03-15",7,10,172,93,2688,0.453497023809524,0,0,209,1521,68,291,13,74,30,13
"793","2020-03-16",9,10,162,117,2688,0.453497023809524,0,0,209,1521,66,357,34,108,29,34
"794","2020-03-17",12,10,150,139,2688,0.453497023809524,0,0,209,1521,70,427,17,125,35,17
"795","2020-03-18",16,10,164,163,2688,0.453497023809524,0,0,209,1521,92,519,8,133,53,8
"796","2020-03-19",21,10,205,182,2688,0.453497023809524,0,0,209,1521,92,611,9,142,52,9
"797","2020-03-20",25,10,221,186,2688,0.453497023809524,0,0,209,1521,112,723,5,147,67,5
"798","2020-03-21",39,10,245,196,2688,0.453497023809524,0,0,209,1521,106,829,5,152,64,5
"799","2020-03-22",40,10,211,224,2688,0.453497023809524,0,0,209,1521,84,913,10,162,42,10
"800","2020-03-23",43,10,198,241,2688,0.453497023809524,0,0,209,1521,121,1034,30,192,84,30
"801","2020-03-24",50,10,198,248,2688,0.453497023809524,0,0,209,1521,99,1133,47,239,69,47
"802","2020-03-25",54,10,196,248,2688,0.453497023809524,0,0,209,1521,129,1262,18,257,74,18
"803","2020-03-26",59,10,215,258,2688,0.453497023809524,0,0,209,1521,88,1350,24,281,48,24
"804","2020-03-27",64,10,210,272,2688,0.453497023809524,0,0,209,1521,140,1490,49,330,97,49
"805","2020-03-28",60,10,214,274,2688,0.453497023809524,0,0,209,1521,118,1608,42,372,80,42
"806","2020-03-29",60,10,214,292,2688,0.453497023809524,0,0,209,1521,112,1720,22,394,86,22
"807","2020-03-30",66,10,243,292,2688,0.453497023809524,0,0,209,1521,121,1841,32,426,71,32
"808","2020-03-31",67,10,246,282,2688,0.453497023809524,0,0,209,1521,104,1945,50,476,62,50
"809","2020-04-01",69,10,267,305,2688,0.453497023809524,0,0,209,1521,101,2046,50,526,69,50
"810","2020-04-02",69,10,275,318,2688,0.453497023809524,0,0,209,1521,130,2176,28,554,95,28
"811","2020-04-03",69,10,280,331,2688,0.453497023809524,0,0,209,1521,101,2277,57,611,59,57
"812","2020-04-04",69,10,261,338,2688,0.453497023809524,0,0,209,1521,134,2411,40,651,74,40
"813","2020-04-05",82,10,274,354,2688,0.453497023809524,0,0,209,1521,117,2528,47,698,78,47
"814","2020-04-06",89,10,249,361,2688,0.453497023809524,0,0,209,1521,96,2624,62,760,65,62
"815","2020-04-07",94,10,227,363,2688,0.453497023809524,0,0,209,1521,89,2713,58,818,50,58
"816","2020-04-08",96,10,194,358,2688,0.453497023809524,0,0,209,1521,84,2797,42,860,55,42
"817","2020-04-09",101,10,181,368,2688,0.453497023809524,0,0,209,1521,109,2906,49,909,71,49
"818","2020-04-10",113,10,173,367,2688,0.453497023809524,0,0,209,1521,95,3001,22,931,49,22
"819","2020-04-11",115,10,178,379,2688,0.453497023809524,0,0,209,1521,91,3092,24,955,52,24
"820","2020-04-12",110,10,176,380,2688,0.453497023809524,0,0,209,1521,93,3185,25,980,52,25
"821","2020-04-13",105,10,170,380,2688,0.453497023809524,0,0,209,1521,93,3278,38,1018,42,38
"822","2020-04-14",105,10,205,381,2688,0.453497023809524,0,0,209,1521,86,3364,71,1089,47,71
"823","2020-04-15",109,10,208,393,2688,0.453497023809524,0,0,209,1521,83,3447,28,1117,42,28
"824","2020-04-16",109,10,210,396,2688,0.453497023809524,0,0,209,1521,84,3531,24,1141,39,24
"825","2020-04-17",100,10,244,392,2688,0.453497023809524,0,0,209,1521,95,3626,34,1175,59,34
"826","2020-04-18",110,10,232,402,2688,0.453497023809524,0,0,209,1521,69,3695,18,1193,30,18
"827","2020-04-19",116,10,222,391,2688,0.453497023809524,0,0,209,1521,70,3765,33,1226,34,33
"828","2020-04-20",118,10,208,401,2688,0.453497023809524,0,0,209,1521,78,3843,24,1250,44,24
"829","2020-04-21",117,10,189,405,2688,0.453497023809524,0,0,209,1521,72,3915,25,1275,35,25
"830","2020-04-22",113,10,170,398,2688,0.453497023809524,0,0,209,1521,89,4004,51,1326,52,51
"831","2020-04-23",114,10,172,385,2688,0.453497023809524,0,0,209,1521,85,4089,38,1364,43,38
"832","2020-04-24",118,10,193,373,2688,0.453497023809524,0,0,209,1521,71,4160,35,1399,33,35
"833","2020-04-25",111,10,196,365,2688,0.453497023809524,0,0,209,1521,73,4233,19,1418,43,19
"834","2020-04-26",104,10,181,383,2688,0.453497023809524,0,0,209,1521,67,4300,12,1430,41,12
"835","2020-04-27",101,10,177,384,2688,0.453497023809524,0,0,209,1521,67,4367,17,1447,27,17
"836","2020-04-28",107,10,167,389,2688,0.453497023809524,0,0,209,1521,73,4440,48,1495,44,48
"837","2020-04-29",108,10,155,375,2688,0.453497023809524,0,0,209,1521,65,4505,69,1564,33,69
"838","2020-04-30",105,10,185,376,2688,0.453497023809524,0,0,209,1521,48,4553,46,1610,21,46
"839","2020-05-01",103,10,187,376,2688,0.453497023809524,0,0,209,1521,74,4627,51,1661,38,51
"840","2020-05-02",94,10,205,391,2688,0.453497023809524,0,0,209,1521,55,4682,60,1721,27,60
"841","2020-05-03",87,10,208,408,2688,0.453497023809524,0,0,209,1521,56,4738,37,1758,28,37
"842","2020-05-04",98,10,203,414,2688,0.453497023809524,0,0,209,1521,55,4793,29,1787,32,29
"843","2020-05-05",101,10,183,414,2688,0.453497023809524,0,0,209,1521,40,4833,20,1807,12,20
"844","2020-05-06",110,10,193,407,2688,0.453497023809524,0,0,209,1521,46,4879,40,1847,23,40
"845","2020-05-07",106,10,202,411,2688,0.453497023809524,0,0,209,1521,42,4921,39,1886,18,39
"846","2020-05-08",113,10,225,411,2688,0.453497023809524,0,0,209,1521,54,4975,25,1911,25,25
"847","2020-05-09",126,10,253,407,2688,0.453497023809524,0,0,209,1521,43,5018,58,1969,16,58
"848","2020-05-10",131,10,260,404,2688,0.453497023809524,0,0,209,1521,48,5066,49,2018,24,49
"849","2020-05-11",121,10,277,405,2688,0.453497023809524,0,0,209,1521,42,5108,28,2046,13,28
"850","2020-05-12",118,10,291,397,2688,0.453497023809524,0,0,209,1521,45,5153,29,2075,25,29
"851","2020-05-13",114,10,267,400,2688,0.453497023809524,0,0,209,1521,46,5199,18,2093,20,18
"852","2020-05-14",121,10,246,395,2688,0.453497023809524,0,0,209,1521,49,5248,12,2105,25,12
"853","2020-05-15",113,10,218,380,2688,0.453497023809524,0,0,209,1521,28,5276,8,2113,13,8
"854","2020-05-16",103,10,209,359,2688,0.453497023809524,0,0,209,1521,26,5302,8,2121,18,8
"855","2020-05-17",105,10,194,349,2688,0.453497023809524,0,0,209,1521,35,5337,23,2144,12,23
"856","2020-05-18",105,10,199,330,2688,0.453497023809524,0,0,209,1521,39,5376,37,2181,18,37
"857","2020-05-19",98,10,200,321,2688,0.453497023809524,0,0,209,1521,21,5397,16,2197,10,16
"858","2020-05-20",94,10,171,317,2688,0.453497023809524,0,0,209,1521,22,5419,14,2211,6,14
"859","2020-05-21",84,10,164,305,2688,0.453497023809524,0,0,209,1521,28,5447,26,2237,10,26
"860","2020-05-22",85,10,168,297,2688,0.453497023809524,0,0,209,1521,35,5482,33,2270,19,33
"861","2020-05-23",88,10,147,270,2688,0.453497023809524,0,0,209,1521,21,5503,26,2296,11,26
"862","2020-05-24",96,10,143,267,2688,0.453497023809524,0,0,209,1521,26,5529,27,2323,6,27
"863","2020-05-25",93,10,160,260,2688,0.453497023809524,0,0,209,1521,33,5562,19,2342,19,19
"864","2020-05-26",89,10,161,256,2688,0.453497023809524,0,0,209,1521,26,5588,9,2351,17,9
"865","2020-05-27",85,10,159,248,2688,0.453497023809524,0,0,209,1521,23,5611,9,2360,10,9
"866","2020-05-28",95,10,153,239,2688,0.453497023809524,0,0,209,1521,17,5628,10,2370,8,10
"867","2020-05-29",95,10,162,236,2688,0.453497023809524,0,0,209,1521,15,5643,14,2384,10,14
"868","2020-05-30",93,10,160,239,2688,0.453497023809524,0,0,209,1521,16,5659,36,2420,6,36
"869","2020-05-31",84,10,141,229,2688,0.453497023809524,0,0,209,1521,28,5687,22,2442,13,22
"870","2020-06-01",86,10,139,228,2688,0.453497023809524,0,0,209,1521,14,5701,26,2468,2,26
"871","2020-06-02",89,10,170,233,2688,0.453497023809524,0,0,209,1521,14,5715,20,2488,5,20
"872","2020-06-03",88,10,188,222,2688,0.453497023809524,0,0,209,1521,15,5730,44,2532,5,44
"873","2020-06-04",86,10,221,221,2688,0.453497023809524,0,0,209,1521,16,5746,26,2558,4,26
"874","2020-06-05",78,10,235,220,2688,0.453497023809524,0,0,209,1521,16,5762,11,2569,5,11
"875","2020-06-06",73,10,211,218,2688,0.453497023809524,0,0,209,1521,15,5777,11,2580,5,11
"876","2020-06-07",72,10,202,222,2688,0.453497023809524,0,0,209,1521,17,5794,36,2616,8,36
"877","2020-03-12",2,11,72,116,6188,0.267937944408533,0,0,505,1278,79,149,70,145,11,70
"878","2020-03-13",6,11,136,180,6188,0.267937944408533,0,0,505,1278,107,256,56,201,9,56
"879","2020-03-14",9,11,197,250,6188,0.267937944408533,0,0,505,1278,92,348,45,246,17,45
"880","2020-03-15",17,11,197,323,6188,0.267937944408533,0,0,505,1278,111,459,48,294,35,48
"881","2020-03-16",24,11,223,410,6188,0.267937944408533,0,0,505,1278,106,565,68,362,34,68
"882","2020-03-17",45,11,280,475,6188,0.267937944408533,0,0,505,1278,121,686,39,401,35,39
"883","2020-03-18",64,11,307,543,6188,0.267937944408533,0,0,505,1278,121,807,41,442,37,41
"884","2020-03-19",79,11,256,609,6188,0.267937944408533,0,0,505,1278,110,917,46,488,40,46
"885","2020-03-20",103,11,229,654,6188,0.267937944408533,0,0,505,1278,110,1027,32,520,42,32
"886","2020-03-21",119,11,186,706,6188,0.267937944408533,0,0,505,1278,107,1134,39,559,41,39
"887","2020-03-22",145,11,169,775,6188,0.267937944408533,0,0,505,1278,107,1241,51,610,35,51
"888","2020-03-23",163,11,157,848,6188,0.267937944408533,0,0,505,1278,107,1348,38,648,46,38
"889","2020-03-24",173,11,152,875,6188,0.267937944408533,0,0,505,1278,136,1484,44,692,56,44
"890","2020-03-25",195,11,133,903,6188,0.267937944408533,0,0,505,1278,122,1606,57,749,48,57
"891","2020-03-26",214,11,180,908,6188,0.267937944408533,0,0,505,1278,132,1738,43,792,54,43
"892","2020-03-27",228,11,196,903,6188,0.267937944408533,0,0,505,1278,126,1864,46,838,48,46
"893","2020-03-28",247,11,200,910,6188,0.267937944408533,0,0,505,1278,100,1964,24,862,38,24
"894","2020-03-29",239,11,227,917,6188,0.267937944408533,0,0,505,1278,106,2070,29,891,41,29
"895","2020-03-30",265,11,264,912,6188,0.267937944408533,0,0,505,1278,133,2203,29,920,59,29
"896","2020-03-31",268,11,278,919,6188,0.267937944408533,0,0,505,1278,111,2314,36,956,48,36
"897","2020-04-01",264,11,281,938,6188,0.267937944408533,0,0,505,1278,133,2447,40,996,58,40
"898","2020-04-02",265,11,251,939,6188,0.267937944408533,0,0,505,1278,108,2555,31,1027,42,31
"899","2020-04-03",253,11,250,937,6188,0.267937944408533,0,0,505,1278,121,2676,38,1065,47,38
"900","2020-04-04",243,11,232,944,6188,0.267937944408533,0,0,505,1278,103,2779,31,1096,46,31
"901","2020-04-05",256,11,215,939,6188,0.267937944408533,0,0,505,1278,94,2873,35,1131,32,35
"902","2020-04-06",249,11,190,953,6188,0.267937944408533,0,0,505,1278,92,2965,33,1164,37,33
"903","2020-04-07",252,11,172,971,6188,0.267937944408533,0,0,505,1278,109,3074,31,1195,44,31
"904","2020-04-08",256,11,229,973,6188,0.267937944408533,0,0,505,1278,114,3188,18,1213,41,18
"905","2020-04-09",266,11,230,991,6188,0.267937944408533,0,0,505,1278,93,3281,33,1246,34,33
"906","2020-04-10",278,11,232,978,6188,0.267937944408533,0,0,505,1278,100,3381,32,1278,42,32
"907","2020-04-11",293,11,259,1003,6188,0.267937944408533,0,0,505,1278,112,3493,29,1307,35,29
"908","2020-04-12",293,11,258,996,6188,0.267937944408533,0,0,505,1278,115,3608,38,1345,32,38
"909","2020-04-13",287,11,230,1005,6188,0.267937944408533,0,0,505,1278,119,3727,36,1381,42,36
"910","2020-04-14",298,11,211,994,6188,0.267937944408533,0,0,505,1278,111,3838,35,1416,37,35
"911","2020-04-15",298,11,207,1016,6188,0.267937944408533,0,0,505,1278,89,3927,34,1450,27,34
"912","2020-04-16",300,11,190,1007,6188,0.267937944408533,0,0,505,1278,97,4024,31,1481,39,31
"913","2020-04-17",292,11,190,984,6188,0.267937944408533,0,0,505,1278,101,4125,16,1497,38,16
"914","2020-04-18",279,11,195,985,6188,0.267937944408533,0,0,505,1278,92,4217,23,1520,36,23
"915","2020-04-19",280,11,193,978,6188,0.267937944408533,0,0,505,1278,78,4295,30,1550,25,30
"916","2020-04-20",277,11,226,970,6188,0.267937944408533,0,0,505,1278,82,4377,41,1591,27,41
"917","2020-04-21",276,11,283,951,6188,0.267937944408533,0,0,505,1278,94,4471,60,1651,31,60
"918","2020-04-22",267,11,242,928,6188,0.267937944408533,0,0,505,1278,78,4549,57,1708,34,57
"919","2020-04-23",255,11,221,931,6188,0.267937944408533,0,0,505,1278,95,4644,52,1760,30,52
"920","2020-04-24",269,11,203,929,6188,0.267937944408533,0,0,505,1278,64,4708,29,1789,24,29
"921","2020-04-25",276,11,190,931,6188,0.267937944408533,0,0,505,1278,78,4786,42,1831,21,42
"922","2020-04-26",272,11,204,915,6188,0.267937944408533,0,0,505,1278,66,4852,29,1860,16,29
"923","2020-04-27",271,11,241,910,6188,0.267937944408533,0,0,505,1278,72,4924,34,1894,24,34
"924","2020-04-28",258,11,240,895,6188,0.267937944408533,0,0,505,1278,66,4990,32,1926,13,32
"925","2020-04-29",261,11,207,884,6188,0.267937944408533,0,0,505,1278,76,5066,25,1951,24,25
"926","2020-04-30",259,11,208,862,6188,0.267937944408533,0,0,505,1278,57,5123,21,1972,14,21
"927","2020-05-01",246,11,215,858,6188,0.267937944408533,0,0,505,1278,43,5166,36,2008,7,36
"928","2020-05-02",249,11,227,831,6188,0.267937944408533,0,0,505,1278,59,5225,39,2047,11,39
"929","2020-05-03",234,11,219,802,6188,0.267937944408533,0,0,505,1278,52,5277,24,2071,12,24
"930","2020-05-04",240,11,201,783,6188,0.267937944408533,0,0,505,1278,58,5335,31,2102,15,31
"931","2020-05-05",238,11,214,753,6188,0.267937944408533,0,0,505,1278,57,5392,20,2122,23,20
"932","2020-05-06",230,11,189,727,6188,0.267937944408533,0,0,505,1278,51,5443,21,2143,9,21
"933","2020-05-07",224,11,184,737,6188,0.267937944408533,0,0,505,1278,37,5480,29,2172,13,29
"934","2020-05-08",206,11,212,726,6188,0.267937944408533,0,0,505,1278,46,5526,27,2199,9,27
"935","2020-05-09",196,11,227,707,6188,0.267937944408533,0,0,505,1278,48,5574,28,2227,14,28
"936","2020-05-10",201,11,203,708,6188,0.267937944408533,0,0,505,1278,34,5608,28,2255,4,28
"937","2020-05-11",184,11,198,678,6188,0.267937944408533,0,0,505,1278,47,5655,41,2296,5,41
"938","2020-05-12",180,11,199,663,6188,0.267937944408533,0,0,505,1278,46,5701,37,2333,13,37
"939","2020-05-13",179,11,181,642,6188,0.267937944408533,0,0,505,1278,43,5744,47,2380,6,47
"940","2020-05-14",171,11,175,618,6188,0.267937944408533,0,0,505,1278,43,5787,45,2425,10,45
"941","2020-05-15",172,11,170,603,6188,0.267937944408533,0,0,505,1278,57,5844,38,2463,14,38
"942","2020-05-16",169,11,173,590,6188,0.267937944408533,0,0,505,1278,33,5877,36,2499,9,36
"943","2020-05-17",166,11,226,556,6188,0.267937944408533,0,0,505,1278,38,5915,48,2547,10,48
"944","2020-05-18",169,11,218,539,6188,0.267937944408533,0,0,505,1278,33,5948,49,2596,8,49
"945","2020-05-19",163,11,209,524,6188,0.267937944408533,0,0,505,1278,26,5974,35,2631,7,35
"946","2020-05-20",150,11,202,517,6188,0.267937944408533,0,0,505,1278,36,6010,60,2691,7,60
"947","2020-05-21",149,11,255,486,6188,0.267937944408533,0,0,505,1278,41,6051,56,2747,14,56
"948","2020-05-22",151,11,252,479,6188,0.267937944408533,0,0,505,1278,24,6075,53,2800,4,53
"949","2020-05-23",141,11,236,456,6188,0.267937944408533,0,0,505,1278,28,6103,37,2837,3,37
"950","2020-05-24",133,11,198,446,6188,0.267937944408533,0,0,505,1278,27,6130,36,2873,10,36
"951","2020-05-25",129,11,244,433,6188,0.267937944408533,0,0,505,1278,15,6145,36,2909,4,36
"952","2020-05-26",118,11,266,424,6188,0.267937944408533,0,0,505,1278,16,6161,43,2952,4,43
"953","2020-05-27",126,11,301,397,6188,0.267937944408533,0,0,505,1278,22,6183,42,2994,6,42
"954","2020-05-28",119,11,317,375,6188,0.267937944408533,0,0,505,1278,27,6210,50,3044,6,50
"955","2020-05-29",112,11,302,355,6188,0.267937944408533,0,0,505,1278,22,6232,41,3085,6,41
"956","2020-05-30",112,11,296,332,6188,0.267937944408533,0,0,505,1278,22,6254,41,3126,8,41
"957","2020-05-31",107,11,252,321,6188,0.267937944408533,0,0,505,1278,18,6272,43,3169,4,43
"958","2020-06-01",98,11,230,299,6188,0.267937944408533,0,0,505,1278,20,6292,39,3208,4,39
"959","2020-06-02",101,11,230,281,6188,0.267937944408533,0,0,505,1278,14,6306,33,3241,5,33
"960","2020-06-03",98,11,215,268,6188,0.267937944408533,0,0,505,1278,16,6322,44,3285,2,44
"961","2020-06-04",91,11,200,249,6188,0.267937944408533,0,0,505,1278,22,6344,64,3349,8,64
"962","2020-06-05",87,11,203,232,6188,0.267937944408533,0,0,505,1278,18,6362,56,3405,3,56
"963","2020-06-06",81,11,234,216,6188,0.267937944408533,0,0,505,1278,14,6376,26,3431,2,26
"964","2020-06-07",84,11,258,200,6188,0.267937944408533,0,0,505,1278,12,6388,49,3480,3,49
"965","2020-03-13",2,12,88,215,6659,0.194023126595585,0,0,606,874,28,107,16,76,5,16
"966","2020-03-14",9,12,99,285,6659,0.194023126595585,0,0,606,874,52,159,50,126,20,50
"967","2020-03-15",17,12,106,373,6659,0.194023126595585,0,0,606,874,63,222,30,156,29,30
"968","2020-03-16",36,12,118,459,6659,0.194023126595585,0,0,606,874,58,280,75,231,25,75
"969","2020-03-17",56,12,134,548,6659,0.194023126595585,0,0,606,874,70,350,48,279,45,48
"970","2020-03-18",81,12,148,621,6659,0.194023126595585,0,0,606,874,65,415,25,304,35,25
"971","2020-03-19",108,12,151,703,6659,0.194023126595585,0,0,606,874,69,484,30,334,41,30
"972","2020-03-20",125,12,158,758,6659,0.194023126595585,0,0,606,874,107,591,63,397,60,63
"973","2020-03-21",157,12,174,826,6659,0.194023126595585,0,0,606,874,95,686,31,428,56,31
"974","2020-03-22",185,12,176,889,6659,0.194023126595585,0,0,606,874,90,776,61,489,56,61
"975","2020-03-23",199,12,183,939,6659,0.194023126595585,0,0,606,874,101,877,34,523,66,34
"976","2020-03-24",218,12,186,970,6659,0.194023126595585,0,0,606,874,108,985,65,588,69,65
"977","2020-03-25",218,12,218,991,6659,0.194023126595585,0,0,606,874,85,1070,32,620,58,32
"978","2020-03-26",233,12,229,1013,6659,0.194023126595585,0,0,606,874,98,1168,23,643,70,23
"979","2020-03-27",256,12,227,1011,6659,0.194023126595585,0,0,606,874,141,1309,15,658,103,15
"980","2020-03-28",259,12,247,1053,6659,0.194023126595585,0,0,606,874,104,1413,14,672,72,14
"981","2020-03-29",265,12,254,1049,6659,0.194023126595585,0,0,606,874,104,1517,68,740,74,68
"982","2020-03-30",269,12,262,1042,6659,0.194023126595585,0,0,606,874,114,1631,69,809,88,69
"983","2020-03-31",283,12,262,1036,6659,0.194023126595585,0,0,606,874,95,1726,25,834,64,25
"984","2020-04-01",290,12,275,1055,6659,0.194023126595585,0,0,606,874,113,1839,80,914,76,80
"985","2020-04-02",287,12,273,1064,6659,0.194023126595585,0,0,606,874,122,1961,51,965,85,51
"986","2020-04-03",286,12,268,1053,6659,0.194023126595585,0,0,606,874,126,2087,27,992,86,27
"987","2020-04-04",282,12,275,1048,6659,0.194023126595585,0,0,606,874,89,2176,44,1036,62,44
"988","2020-04-05",267,12,280,1038,6659,0.194023126595585,0,0,606,874,105,2281,21,1057,69,21
"989","2020-04-06",271,12,296,1066,6659,0.194023126595585,0,0,606,874,108,2389,22,1079,84,22
"990","2020-04-07",258,12,293,1104,6659,0.194023126595585,0,0,606,874,97,2486,68,1147,71,68
"991","2020-04-08",272,12,299,1111,6659,0.194023126595585,0,0,606,874,106,2592,65,1212,73,65
"992","2020-04-09",283,12,295,1105,6659,0.194023126595585,0,0,606,874,93,2685,37,1249,64,37
"993","2020-04-10",279,12,275,1134,6659,0.194023126595585,0,0,606,874,112,2797,51,1300,83,51
"994","2020-04-11",274,12,278,1148,6659,0.194023126595585,0,0,606,874,99,2896,68,1368,70,68
"995","2020-04-12",275,12,251,1146,6659,0.194023126595585,0,0,606,874,127,3023,68,1436,82,68
"996","2020-04-13",271,12,232,1137,6659,0.194023126595585,0,0,606,874,89,3112,50,1486,54,50
"997","2020-04-14",278,12,248,1128,6659,0.194023126595585,0,0,606,874,95,3207,39,1525,57,39
"998","2020-04-15",284,12,251,1102,6659,0.194023126595585,0,0,606,874,95,3302,20,1545,67,20
"999","2020-04-16",280,12,257,1096,6659,0.194023126595585,0,0,606,874,76,3378,55,1600,38,55
"1000","2020-04-17",290,12,241,1089,6659,0.194023126595585,0,0,606,874,82,3460,30,1630,60,30
"1001","2020-04-18",301,12,232,1078,6659,0.194023126595585,0,0,606,874,90,3550,31,1661,60,31
"1002","2020-04-19",318,12,235,1072,6659,0.194023126595585,0,0,606,874,87,3637,46,1707,59,46
"1003","2020-04-20",317,12,270,1048,6659,0.194023126595585,0,0,606,874,70,3707,37,1744,38,37
"1004","2020-04-21",312,12,256,1036,6659,0.194023126595585,0,0,606,874,81,3788,16,1760,54,16
"1005","2020-04-22",304,12,267,1019,6659,0.194023126595585,0,0,606,874,61,3849,25,1785,31,25
"1006","2020-04-23",294,12,279,1007,6659,0.194023126595585,0,0,606,874,71,3920,45,1830,46,45
"1007","2020-04-24",292,12,290,981,6659,0.194023126595585,0,0,606,874,63,3983,19,1849,39,19
"1008","2020-04-25",288,12,271,978,6659,0.194023126595585,0,0,606,874,70,4053,57,1906,42,57
"1009","2020-04-26",283,12,289,975,6659,0.194023126595585,0,0,606,874,85,4138,20,1926,52,20
"1010","2020-04-27",291,12,289,956,6659,0.194023126595585,0,0,606,874,69,4207,23,1949,44,23
"1011","2020-04-28",280,12,258,933,6659,0.194023126595585,0,0,606,874,68,4275,54,2003,33,54
"1012","2020-04-29",259,12,260,903,6659,0.194023126595585,0,0,606,874,59,4334,66,2069,38,66
"1013","2020-04-30",248,12,277,894,6659,0.194023126595585,0,0,606,874,59,4393,34,2103,34,34
"1014","2020-05-01",242,12,275,878,6659,0.194023126595585,0,0,606,874,63,4456,34,2137,33,34
"1015","2020-05-02",232,12,258,836,6659,0.194023126595585,0,0,606,874,57,4513,30,2167,30,30
"1016","2020-05-03",219,12,254,811,6659,0.194023126595585,0,0,606,874,61,4574,48,2215,37,48
"1017","2020-05-04",206,12,254,796,6659,0.194023126595585,0,0,606,874,47,4621,40,2255,24,40
"1018","2020-05-05",206,12,277,785,6659,0.194023126595585,0,0,606,874,53,4674,26,2281,22,26
"1019","2020-05-06",201,12,273,763,6659,0.194023126595585,0,0,606,874,44,4718,38,2319,23,38
"1020","2020-05-07",208,12,257,722,6659,0.194023126595585,0,0,606,874,44,4762,60,2379,26,60
"1021","2020-05-08",187,12,240,709,6659,0.194023126595585,0,0,606,874,50,4812,36,2415,23,36
"1022","2020-05-09",179,12,236,677,6659,0.194023126595585,0,0,606,874,54,4866,14,2429,29,14
"1023","2020-05-10",187,12,234,667,6659,0.194023126595585,0,0,606,874,44,4910,12,2441,24,12
"1024","2020-05-11",188,12,232,647,6659,0.194023126595585,0,0,606,874,35,4945,12,2453,18,12
"1025","2020-05-12",176,12,242,628,6659,0.194023126595585,0,0,606,874,35,4980,68,2521,15,68
"1026","2020-05-13",185,12,259,599,6659,0.194023126595585,0,0,606,874,32,5012,67,2588,15,67
"1027","2020-05-14",175,12,282,582,6659,0.194023126595585,0,0,606,874,47,5059,31,2619,24,31
"1028","2020-05-15",175,12,288,552,6659,0.194023126595585,0,0,606,874,42,5101,36,2655,22,36
"1029","2020-05-16",177,12,298,557,6659,0.194023126595585,0,0,606,874,43,5144,79,2734,12,79
"1030","2020-05-17",166,12,288,546,6659,0.194023126595585,0,0,606,874,34,5178,59,2793,17,59
"1031","2020-05-18",150,12,295,512,6659,0.194023126595585,0,0,606,874,30,5208,44,2837,20,44
"1032","2020-05-19",157,12,269,489,6659,0.194023126595585,0,0,606,874,32,5240,16,2853,17,16
"1033","2020-05-20",144,12,252,456,6659,0.194023126595585,0,0,606,874,35,5275,17,2870,15,17
"1034","2020-05-21",143,12,282,436,6659,0.194023126595585,0,0,606,874,28,5303,24,2894,19,24
"1035","2020-05-22",146,12,295,412,6659,0.194023126595585,0,0,606,874,23,5326,60,2954,11,60
"1036","2020-05-23",138,12,291,411,6659,0.194023126595585,0,0,606,874,34,5360,34,2988,21,34
"1037","2020-05-24",134,12,287,400,6659,0.194023126595585,0,0,606,874,21,5381,22,3010,9,22
"1038","2020-05-25",135,12,259,392,6659,0.194023126595585,0,0,606,874,25,5406,39,3049,16,39
"1039","2020-05-26",128,12,247,376,6659,0.194023126595585,0,0,606,874,29,5435,50,3099,14,50
"1040","2020-05-27",127,12,258,373,6659,0.194023126595585,0,0,606,874,24,5459,36,3135,13,36
"1041","2020-05-28",120,12,275,360,6659,0.194023126595585,0,0,606,874,25,5484,53,3188,11,53
"1042","2020-05-29",109,12,294,355,6659,0.194023126595585,0,0,606,874,14,5498,23,3211,8,23
"1043","2020-05-30",101,12,282,338,6659,0.194023126595585,0,0,606,874,25,5523,25,3236,12,25
"1044","2020-05-31",94,12,274,327,6659,0.194023126595585,0,0,606,874,21,5544,38,3274,10,38
"1045","2020-06-01",88,12,272,317,6659,0.194023126595585,0,0,606,874,18,5562,52,3326,7,52
"1046","2020-06-02",76,12,261,306,6659,0.194023126595585,0,0,606,874,11,5573,57,3383,4,57
"1047","2020-06-03",81,12,282,293,6659,0.194023126595585,0,0,606,874,16,5589,51,3434,7,51
"1048","2020-06-04",75,12,277,285,6659,0.194023126595585,0,0,606,874,16,5605,64,3498,12,64
"1049","2020-06-05",80,12,273,265,6659,0.194023126595585,0,0,606,874,21,5626,55,3553,13,55
"1050","2020-06-06",82,12,257,256,6659,0.194023126595585,0,0,606,874,13,5639,52,3605,7,52
"1051","2020-06-07",79,12,249,234,6659,0.194023126595585,0,0,606,874,9,5648,22,3627,5,22
"1052","2020-03-14",1,13,75,103,3206,0.351528384279476,0,0,297,820,63,230,7,55,17,7
"1053","2020-03-15",5,13,96,132,3206,0.351528384279476,0,0,297,820,70,300,19,74,19,19
"1054","2020-03-16",9,13,121,173,3206,0.351528384279476,0,0,297,820,61,361,29,103,27,29
"1055","2020-03-17",11,13,122,212,3206,0.351528384279476,0,0,297,820,83,444,35,138,27,35
"1056","2020-03-18",25,13,140,245,3206,0.351528384279476,0,0,297,820,69,513,29,167,22,29
"1057","2020-03-19",35,13,153,286,3206,0.351528384279476,0,0,297,820,86,599,38,205,28,38
"1058","2020-03-20",48,13,179,339,3206,0.351528384279476,0,0,297,820,62,661,39,244,21,39
"1059","2020-03-21",59,13,191,364,3206,0.351528384279476,0,0,297,820,66,727,29,273,29,29
"1060","2020-03-22",68,13,197,396,3206,0.351528384279476,0,0,297,820,80,807,26,299,24,26
"1061","2020-03-23",82,13,197,422,3206,0.351528384279476,0,0,297,820,73,880,15,314,22,15
"1062","2020-03-24",89,13,217,445,3206,0.351528384279476,0,0,297,820,67,947,16,330,18,16
"1063","2020-03-25",90,13,221,473,3206,0.351528384279476,0,0,297,820,75,1022,10,340,22,10
"1064","2020-03-26",105,13,239,482,3206,0.351528384279476,0,0,297,820,91,1113,6,346,33,6
"1065","2020-03-27",111,13,227,481,3206,0.351528384279476,0,0,297,820,88,1201,10,356,39,10
"1066","2020-03-28",116,13,247,499,3206,0.351528384279476,0,0,297,820,76,1277,28,384,39,28
"1067","2020-03-29",118,13,253,499,3206,0.351528384279476,0,0,297,820,88,1365,35,419,38,35
"1068","2020-03-30",117,13,265,495,3206,0.351528384279476,0,0,297,820,88,1453,25,444,43,25
"1069","2020-03-31",127,13,248,508,3206,0.351528384279476,0,0,297,820,78,1531,16,460,27,16
"1070","2020-04-01",135,13,275,498,3206,0.351528384279476,0,0,297,820,104,1635,18,478,58,18
"1071","2020-04-02",133,13,266,482,3206,0.351528384279476,0,0,297,820,94,1729,33,511,41,33
"1072","2020-04-03",133,13,257,475,3206,0.351528384279476,0,0,297,820,72,1801,43,554,32,43
"1073","2020-04-04",139,13,261,458,3206,0.351528384279476,0,0,297,820,86,1887,36,590,30,36
"1074","2020-04-05",149,13,240,467,3206,0.351528384279476,0,0,297,820,78,1965,21,611,18,21
"1075","2020-04-06",157,13,229,467,3206,0.351528384279476,0,0,297,820,82,2047,16,627,36,16
"1076","2020-04-07",154,13,245,471,3206,0.351528384279476,0,0,297,820,101,2148,19,646,42,19
"1077","2020-04-08",153,13,287,485,3206,0.351528384279476,0,0,297,820,96,2244,46,692,42,46
"1078","2020-04-09",148,13,266,487,3206,0.351528384279476,0,0,297,820,74,2318,49,741,30,49
"1079","2020-04-10",150,13,257,491,3206,0.351528384279476,0,0,297,820,76,2394,60,801,20,60
"1080","2020-04-11",137,13,262,492,3206,0.351528384279476,0,0,297,820,84,2478,53,854,25,53
"1081","2020-04-12",126,13,253,493,3206,0.351528384279476,0,0,297,820,64,2542,36,890,17,36
"1082","2020-04-13",127,13,249,506,3206,0.351528384279476,0,0,297,820,72,2614,46,936,21,46
"1083","2020-04-14",135,13,275,522,3206,0.351528384279476,0,0,297,820,76,2690,27,963,27,27
"1084","2020-04-15",133,13,277,516,3206,0.351528384279476,0,0,297,820,68,2758,51,1014,18,51
"1085","2020-04-16",133,13,313,504,3206,0.351528384279476,0,0,297,820,67,2825,61,1075,18,61
"1086","2020-04-17",137,13,310,508,3206,0.351528384279476,0,0,297,820,70,2895,26,1101,14,26
"1087","2020-04-18",142,13,292,489,3206,0.351528384279476,0,0,297,820,66,2961,31,1132,16,31
"1088","2020-04-19",158,13,290,480,3206,0.351528384279476,0,0,297,820,53,3014,21,1153,17,21
"1089","2020-04-20",147,13,300,481,3206,0.351528384279476,0,0,297,820,65,3079,20,1173,13,20
"1090","2020-04-21",137,13,292,480,3206,0.351528384279476,0,0,297,820,70,3149,20,1193,22,20
"1091","2020-04-22",141,13,324,481,3206,0.351528384279476,0,0,297,820,59,3208,12,1205,13,12
"1092","2020-04-23",145,13,332,468,3206,0.351528384279476,0,0,297,820,54,3262,45,1250,14,45
"1093","2020-04-24",139,13,344,470,3206,0.351528384279476,0,0,297,820,66,3328,33,1283,14,33
"1094","2020-04-25",144,13,325,456,3206,0.351528384279476,0,0,297,820,55,3383,14,1297,13,14
"1095","2020-04-26",131,13,317,448,3206,0.351528384279476,0,0,297,820,80,3463,9,1306,31,9
"1096","2020-04-27",133,13,329,434,3206,0.351528384279476,0,0,297,820,71,3534,44,1350,21,44
"1097","2020-04-28",135,13,342,427,3206,0.351528384279476,0,0,297,820,55,3589,42,1392,9,42
"1098","2020-04-29",125,13,352,409,3206,0.351528384279476,0,0,297,820,58,3647,35,1427,12,35
"1099","2020-04-30",121,13,345,399,3206,0.351528384279476,0,0,297,820,71,3718,42,1469,16,42
"1100","2020-05-01",122,13,369,399,3206,0.351528384279476,0,0,297,820,61,3779,27,1496,19,27
"1101","2020-05-02",123,13,379,401,3206,0.351528384279476,0,0,297,820,56,3835,16,1512,16,16
"1102","2020-05-03",123,13,371,407,3206,0.351528384279476,0,0,297,820,49,3884,18,1530,8,18
"1103","2020-05-04",119,13,323,408,3206,0.351528384279476,0,0,297,820,65,3949,42,1572,19,42
"1104","2020-05-05",119,13,316,393,3206,0.351528384279476,0,0,297,820,56,4005,43,1615,8,43
"1105","2020-05-06",115,13,323,396,3206,0.351528384279476,0,0,297,820,47,4052,28,1643,17,28
"1106","2020-05-07",112,13,297,387,3206,0.351528384279476,0,0,297,820,58,4110,12,1655,15,12
"1107","2020-05-08",109,13,314,381,3206,0.351528384279476,0,0,297,820,48,4158,47,1702,12,47
"1108","2020-05-09",100,13,328,377,3206,0.351528384279476,0,0,297,820,39,4197,15,1717,9,15
"1109","2020-05-10",98,13,299,358,3206,0.351528384279476,0,0,297,820,53,4250,39,1756,13,39
"1110","2020-05-11",99,13,284,359,3206,0.351528384279476,0,0,297,820,39,4289,23,1779,16,23
"1111","2020-05-12",99,13,302,349,3206,0.351528384279476,0,0,297,820,44,4333,16,1795,13,16
"1112","2020-05-13",104,13,303,344,3206,0.351528384279476,0,0,297,820,53,4386,10,1805,12,10
"1113","2020-05-14",104,13,287,352,3206,0.351528384279476,0,0,297,820,39,4425,14,1819,13,14
"1114","2020-05-15",101,13,308,359,3206,0.351528384279476,0,0,297,820,40,4465,36,1855,13,36
"1115","2020-05-16",103,13,311,352,3206,0.351528384279476,0,0,297,820,46,4511,17,1872,16,17
"1116","2020-05-17",100,13,313,355,3206,0.351528384279476,0,0,297,820,47,4558,24,1896,14,24
"1117","2020-05-18",97,13,321,360,3206,0.351528384279476,0,0,297,820,37,4595,34,1930,7,34
"1118","2020-05-19",98,13,327,358,3206,0.351528384279476,0,0,297,820,39,4634,39,1969,4,39
"1119","2020-05-20",96,13,344,351,3206,0.351528384279476,0,0,297,820,33,4667,58,2027,10,58
"1120","2020-05-21",90,13,337,347,3206,0.351528384279476,0,0,297,820,28,4695,29,2056,6,29
"1121","2020-05-22",85,13,350,329,3206,0.351528384279476,0,0,297,820,29,4724,22,2078,7,22
"1122","2020-05-23",86,13,337,323,3206,0.351528384279476,0,0,297,820,39,4763,32,2110,12,32
"1123","2020-05-24",90,13,312,309,3206,0.351528384279476,0,0,297,820,31,4794,31,2141,8,31
"1124","2020-05-25",96,13,297,294,3206,0.351528384279476,0,0,297,820,29,4823,30,2171,11,30
"1125","2020-05-26",95,13,287,286,3206,0.351528384279476,0,0,297,820,19,4842,16,2187,5,16
"1126","2020-05-27",94,13,285,268,3206,0.351528384279476,0,0,297,820,26,4868,15,2202,10,15
"1127","2020-05-28",97,13,299,261,3206,0.351528384279476,0,0,297,820,17,4885,9,2211,2,9
"1128","2020-05-29",97,13,302,257,3206,0.351528384279476,0,0,297,820,22,4907,10,2221,6,10
"1129","2020-05-30",90,13,305,242,3206,0.351528384279476,0,0,297,820,28,4935,16,2237,12,16
"1130","2020-05-31",84,13,298,232,3206,0.351528384279476,0,0,297,820,31,4966,37,2274,14,37
"1131","2020-06-01",75,13,289,223,3206,0.351528384279476,0,0,297,820,19,4985,38,2312,2,38
"1132","2020-06-02",68,13,300,208,3206,0.351528384279476,0,0,297,820,14,4999,23,2335,4,23
"1133","2020-06-03",67,13,305,201,3206,0.351528384279476,0,0,297,820,22,5021,27,2362,6,27
"1134","2020-06-04",65,13,316,204,3206,0.351528384279476,0,0,297,820,15,5036,30,2392,3,30
"1135","2020-06-05",64,13,300,193,3206,0.351528384279476,0,0,297,820,24,5060,43,2435,6,43
"1136","2020-06-06",64,13,319,180,3206,0.351528384279476,0,0,297,820,12,5072,18,2453,3,18
"1137","2020-06-07",57,13,354,167,3206,0.351528384279476,0,0,297,820,18,5090,19,2472,5,19
"1138","2020-03-14",5,14,96,153,7184,0.802338530066815,0,0,646,1297,115,296,27,167,79,27
"1139","2020-03-15",14,14,133,210,7184,0.802338530066815,0,0,646,1297,123,419,18,185,84,18
"1140","2020-03-16",18,14,174,259,7184,0.802338530066815,0,0,646,1297,189,608,22,207,150,22
"1141","2020-03-17",32,14,182,325,7184,0.802338530066815,0,0,646,1297,215,823,65,272,175,65
"1142","2020-03-18",46,14,177,399,7184,0.802338530066815,0,0,646,1297,374,1197,56,328,335,56
"1143","2020-03-19",58,14,173,469,7184,0.802338530066815,0,0,646,1297,368,1565,26,354,329,26
"1144","2020-03-20",68,14,171,565,7184,0.802338530066815,0,0,646,1297,465,2030,18,372,431,18
"1145","2020-03-21",89,14,180,666,7184,0.802338530066815,0,0,646,1297,495,2525,6,378,469,6
"1146","2020-03-22",113,14,180,743,7184,0.802338530066815,0,0,646,1297,559,3084,7,385,532,7
"1147","2020-03-23",139,14,210,839,7184,0.802338530066815,0,0,646,1297,527,3611,54,439,502,54
"1148","2020-03-24",156,14,236,949,7184,0.802338530066815,0,0,646,1297,529,4140,59,498,511,59
"1149","2020-03-25",181,14,257,1076,7184,0.802338530066815,0,0,646,1297,612,4752,65,563,594,65
"1150","2020-03-26",210,14,263,1207,7184,0.802338530066815,0,0,646,1297,500,5252,44,607,484,44
"1151","2020-03-27",242,14,240,1344,7184,0.802338530066815,0,0,646,1297,518,5770,52,659,502,52
"1152","2020-03-28",271,14,216,1469,7184,0.802338530066815,0,0,646,1297,453,6223,62,721,442,62
"1153","2020-03-29",293,14,196,1594,7184,0.802338530066815,0,0,646,1297,312,6535,39,760,307,39
"1154","2020-03-30",322,14,199,1713,7184,0.802338530066815,0,0,646,1297,267,6802,24,784,259,24
"1155","2020-03-31",367,14,207,1768,7184,0.802338530066815,0,0,646,1297,251,7053,17,801,249,17
"1156","2020-04-01",381,14,224,1877,7184,0.802338530066815,0,0,646,1297,147,7200,10,811,144,10
"1157","2020-04-02",426,14,247,1940,7184,0.802338530066815,0,0,646,1297,118,7318,33,844,115,33
"1158","2020-04-03",464,14,267,2038,7184,0.802338530066815,0,0,646,1297,114,7432,35,879,109,35
"1159","2020-04-04",493,14,253,2107,7184,0.802338530066815,0,0,646,1297,72,7504,22,901,67,22
"1160","2020-04-05",532,14,251,2146,7184,0.802338530066815,0,0,646,1297,53,7557,40,941,51,40
"1161","2020-04-06",541,14,233,2211,7184,0.802338530066815,0,0,646,1297,45,7602,50,991,42,50
"1162","2020-04-07",559,14,249,2174,7184,0.802338530066815,0,0,646,1297,32,7634,47,1038,26,47
"1163","2020-04-08",596,14,301,2180,7184,0.802338530066815,0,0,646,1297,30,7664,12,1050,30,12
"1164","2020-04-09",601,14,338,2206,7184,0.802338530066815,0,0,646,1297,20,7684,5,1055,19,5
"1165","2020-04-10",611,14,310,2157,7184,0.802338530066815,0,0,646,1297,15,7699,12,1067,13,12
"1166","2020-04-11",611,14,265,2158,7184,0.802338530066815,0,0,646,1297,16,7715,5,1072,13,5
"1167","2020-04-12",613,14,277,2046,7184,0.802338530066815,0,0,646,1297,11,7726,12,1084,9,12
"1168","2020-04-13",637,14,278,2023,7184,0.802338530066815,0,0,646,1297,8,7734,23,1107,8,23
"1169","2020-04-14",622,14,274,1921,7184,0.802338530066815,0,0,646,1297,6,7740,20,1127,3,20
"1170","2020-04-15",613,14,316,1842,7184,0.802338530066815,0,0,646,1297,5,7745,37,1164,4,37
"1171","2020-04-16",593,14,294,1742,7184,0.802338530066815,0,0,646,1297,6,7751,21,1185,2,21
"1172","2020-04-17",583,14,290,1674,7184,0.802338530066815,0,0,646,1297,6,7757,20,1205,3,20
"1173","2020-04-18",563,14,267,1562,7184,0.802338530066815,0,0,646,1297,4,7761,28,1233,2,28
"1174","2020-04-19",536,14,255,1479,7184,0.802338530066815,0,0,646,1297,5,7766,28,1261,3,28
"1175","2020-04-20",508,14,243,1401,7184,0.802338530066815,0,0,646,1297,3,7769,18,1279,3,18
"1176","2020-04-21",488,14,266,1308,7184,0.802338530066815,0,0,646,1297,5,7774,17,1296,2,17
"1177","2020-04-22",452,14,246,1222,7184,0.802338530066815,0,0,646,1297,1,7775,14,1310,NA,14
"1178","2020-04-23",432,14,244,1144,7184,0.802338530066815,0,0,646,1297,2,7777,12,1322,1,12
"1179","2020-04-24",404,14,250,1064,7184,0.802338530066815,0,0,646,1297,2,7779,9,1331,1,9
"1180","2020-04-25",378,14,252,989,7184,0.802338530066815,0,0,646,1297,1,7780,4,1335,NA,4
"1181","2020-04-26",339,14,256,912,7184,0.802338530066815,0,0,646,1297,3,7783,11,1346,NA,11
"1182","2020-04-27",310,14,269,852,7184,0.802338530066815,0,0,646,1297,NA,NA,5,1351,NA,5
"1183","2020-04-28",289,14,267,816,7184,0.802338530066815,0,0,646,1297,1,7784,13,1364,NA,13
"1184","2020-04-29",275,14,251,755,7184,0.802338530066815,0,0,646,1297,1,7785,12,1376,1,12
"1185","2020-04-30",257,14,236,706,7184,0.802338530066815,0,0,646,1297,5,7790,6,1382,2,6
"1186","2020-05-01",238,14,226,650,7184,0.802338530066815,0,0,646,1297,2,7792,8,1390,NA,8
"1187","2020-05-02",224,14,219,596,7184,0.802338530066815,0,0,646,1297,1,7793,6,1396,1,6
"1188","2020-05-03",219,14,245,553,7184,0.802338530066815,0,0,646,1297,1,7794,10,1406,1,10
"1189","2020-05-04",201,14,243,502,7184,0.802338530066815,0,0,646,1297,1,7795,16,1422,1,16
"1190","2020-05-05",183,14,237,459,7184,0.802338530066815,0,0,646,1297,5,7800,29,1451,2,29
"1191","2020-05-06",165,14,236,422,7184,0.802338530066815,0,0,646,1297,3,7803,48,1499,2,48
"1192","2020-05-07",148,14,240,406,7184,0.802338530066815,0,0,646,1297,2,7805,65,1564,NA,65
"1193","2020-05-08",132,14,232,373,7184,0.802338530066815,0,0,646,1297,NA,NA,54,1618,NA,54
"1194","2020-05-09",131,14,263,342,7184,0.802338530066815,0,0,646,1297,2,7807,25,1643,2,25
"1195","2020-05-10",122,14,274,312,7184,0.802338530066815,0,0,646,1297,1,7808,14,1657,NA,14
"1196","2020-05-11",117,14,275,291,7184,0.802338530066815,0,0,646,1297,2,7810,12,1669,1,12
"1197","2020-05-12",109,14,275,280,7184,0.802338530066815,0,0,646,1297,2,7812,32,1701,1,32
"1198","2020-05-13",104,14,274,256,7184,0.802338530066815,0,0,646,1297,2,7814,20,1721,1,20
"1199","2020-05-14",101,14,246,243,7184,0.802338530066815,0,0,646,1297,2,7816,18,1739,2,18
"1200","2020-05-15",92,14,239,229,7184,0.802338530066815,0,0,646,1297,2,7818,16,1755,NA,16
"1201","2020-05-16",77,14,236,217,7184,0.802338530066815,0,0,646,1297,NA,NA,10,1765,NA,10
"1202","2020-05-17",70,14,264,209,7184,0.802338530066815,0,0,646,1297,3,7821,5,1770,1,5
"1203","2020-05-18",71,14,265,203,7184,0.802338530066815,0,0,646,1297,2,7823,10,1780,1,10
"1204","2020-05-19",68,14,248,195,7184,0.802338530066815,0,0,646,1297,2,7825,14,1794,NA,14
"1205","2020-05-20",68,14,250,185,7184,0.802338530066815,0,0,646,1297,3,7828,23,1817,2,23
"1206","2020-05-21",62,14,267,178,7184,0.802338530066815,0,0,646,1297,NA,NA,40,1857,NA,40
"1207","2020-05-22",56,14,273,172,7184,0.802338530066815,0,0,646,1297,NA,NA,27,1884,NA,27
"1208","2020-05-23",58,14,266,166,7184,0.802338530066815,0,0,646,1297,2,7830,16,1900,NA,16
"1209","2020-05-24",58,14,262,158,7184,0.802338530066815,0,0,646,1297,2,7832,10,1910,NA,10
"1210","2020-05-25",48,14,261,158,7184,0.802338530066815,0,0,646,1297,NA,NA,9,1919,NA,9
"1211","2020-05-26",45,14,265,151,7184,0.802338530066815,0,0,646,1297,2,7834,7,1926,1,7
"1212","2020-05-27",42,14,274,147,7184,0.802338530066815,0,0,646,1297,2,7836,7,1933,NA,7
"1213","2020-05-28",40,14,267,142,7184,0.802338530066815,0,0,646,1297,1,7837,7,1940,1,7
"1214","2020-05-29",44,14,248,144,7184,0.802338530066815,0,0,646,1297,NA,NA,3,1943,NA,3
"1215","2020-05-30",39,14,267,144,7184,0.802338530066815,0,0,646,1297,1,7838,10,1953,1,10
"1216","2020-05-31",40,14,270,133,7184,0.802338530066815,0,0,646,1297,2,7840,54,2007,1,54
"1217","2020-06-01",43,14,294,130,7184,0.802338530066815,0,0,646,1297,1,7841,24,2031,NA,24
"1218","2020-06-02",41,14,299,129,7184,0.802338530066815,0,0,646,1297,1,7842,29,2060,NA,29
"1219","2020-06-03",44,14,297,124,7184,0.802338530066815,0,0,646,1297,1,7843,13,2073,NA,13
"1220","2020-06-04",42,14,267,121,7184,0.802338530066815,0,0,646,1297,3,7846,4,2077,3,4
"1221","2020-06-05",41,14,259,123,7184,0.802338530066815,0,0,646,1297,2,7848,13,2090,1,13
"1222","2020-06-06",38,14,271,123,7184,0.802338530066815,0,0,646,1297,1,7849,34,2124,1,34
"1223","2020-06-07",35,14,291,117,7184,0.802338530066815,0,0,646,1297,NA,NA,23,2147,NA,23
"1224","2020-03-12",1,15,182,212,9538,0.737680855525267,0,0,705,1592,79,171,35,43,4,35
"1225","2020-03-13",4,15,188,357,9538,0.737680855525267,0,0,705,1592,93,264,30,73,7,30
"1226","2020-03-14",12,15,194,558,9538,0.737680855525267,0,0,705,1592,83,347,15,88,11,15
"1227","2020-03-15",26,15,222,769,9538,0.737680855525267,0,0,705,1592,110,457,6,94,25,6
"1228","2020-03-16",47,15,283,1106,9538,0.737680855525267,0,0,705,1592,101,558,5,99,24,5
"1229","2020-03-17",83,15,283,1498,9538,0.737680855525267,0,0,705,1592,128,686,30,129,35,30
"1230","2020-03-18",133,15,295,1961,9538,0.737680855525267,0,0,705,1592,107,793,41,170,34,41
"1231","2020-03-19",200,15,279,2529,9538,0.737680855525267,0,0,705,1592,145,938,30,200,51,30
"1232","2020-03-20",296,15,295,3098,9538,0.737680855525267,0,0,705,1592,115,1053,26,226,37,26
"1233","2020-03-21",411,15,251,3641,9538,0.737680855525267,0,0,705,1592,121,1174,37,263,49,37
"1234","2020-03-22",520,15,243,4211,9538,0.737680855525267,0,0,705,1592,124,1298,19,282,39,19
"1235","2020-03-23",654,15,239,4706,9538,0.737680855525267,0,0,705,1592,113,1411,16,298,45,16
"1236","2020-03-24",804,15,225,5162,9538,0.737680855525267,0,0,705,1592,122,1533,35,333,45,35
"1237","2020-03-25",964,15,261,5449,9538,0.737680855525267,0,0,705,1592,136,1669,25,358,45,25
"1238","2020-03-26",1106,15,261,5574,9538,0.737680855525267,0,0,705,1592,117,1786,42,400,42,42
"1239","2020-03-27",1230,15,246,5496,9538,0.737680855525267,0,0,705,1592,129,1915,54,454,41,54
"1240","2020-03-28",1349,15,236,5411,9538,0.737680855525267,0,0,705,1592,125,2040,22,476,44,22
"1241","2020-03-29",1447,15,207,5163,9538,0.737680855525267,0,0,705,1592,119,2159,25,501,37,25
"1242","2020-03-30",1486,15,227,4815,9538,0.737680855525267,0,0,705,1592,108,2267,26,527,25,26
"1243","2020-03-31",1490,15,270,4388,9538,0.737680855525267,0,0,705,1592,119,2386,29,556,36,29
"1244","2020-04-01",1478,15,273,3966,9538,0.737680855525267,0,0,705,1592,115,2501,32,588,34,32
"1245","2020-04-02",1425,15,243,3508,9538,0.737680855525267,0,0,705,1592,123,2624,14,602,31,14
"1246","2020-04-03",1348,15,244,3052,9538,0.737680855525267,0,0,705,1592,100,2724,37,639,37,37
"1247","2020-04-04",1242,15,251,2608,9538,0.737680855525267,0,0,705,1592,105,2829,36,675,27,36
"1248","2020-04-05",1120,15,251,2203,9538,0.737680855525267,0,0,705,1592,111,2940,20,695,31,20
"1249","2020-04-06",1003,15,232,1852,9538,0.737680855525267,0,0,705,1592,98,3038,20,715,23,20
"1250","2020-04-07",879,15,211,1560,9538,0.737680855525267,0,0,705,1592,92,3130,19,734,35,19
"1251","2020-04-08",731,15,198,1290,9538,0.737680855525267,0,0,705,1592,96,3226,15,749,27,15
"1252","2020-04-09",614,15,201,1091,9538,0.737680855525267,0,0,705,1592,107,3333,19,768,27,19
"1253","2020-04-10",491,15,215,888,9538,0.737680855525267,0,0,705,1592,100,3433,57,825,28,57
"1254","2020-04-11",372,15,250,746,9538,0.737680855525267,0,0,705,1592,97,3530,48,873,29,48
"1255","2020-04-12",282,15,249,609,9538,0.737680855525267,0,0,705,1592,83,3613,26,899,23,26
"1256","2020-04-13",216,15,236,519,9538,0.737680855525267,0,0,705,1592,93,3706,22,921,22,22
"1257","2020-04-14",161,15,299,435,9538,0.737680855525267,0,0,705,1592,116,3822,56,977,26,56
"1258","2020-04-15",120,15,318,369,9538,0.737680855525267,0,0,705,1592,107,3929,65,1042,19,65
"1259","2020-04-16",84,15,311,308,9538,0.737680855525267,0,0,705,1592,96,4025,57,1099,22,57
"1260","2020-04-17",68,15,272,267,9538,0.737680855525267,0,0,705,1592,103,4128,20,1119,26,20
"1261","2020-04-18",57,15,260,224,9538,0.737680855525267,0,0,705,1592,75,4203,11,1130,20,11
"1262","2020-04-19",56,15,252,198,9538,0.737680855525267,0,0,705,1592,94,4297,13,1143,17,13
"1263","2020-04-20",50,15,287,173,9538,0.737680855525267,0,0,705,1592,96,4393,45,1188,16,45
"1264","2020-04-21",42,15,301,156,9538,0.737680855525267,0,0,705,1592,92,4485,24,1212,18,24
"1265","2020-04-22",38,15,286,143,9538,0.737680855525267,0,0,705,1592,73,4558,30,1242,14,30
"1266","2020-04-23",36,15,285,121,9538,0.737680855525267,0,0,705,1592,65,4623,16,1258,12,16
"1267","2020-04-24",30,15,270,107,9538,0.737680855525267,0,0,705,1592,79,4702,21,1279,16,21
"1268","2020-04-25",30,15,255,96,9538,0.737680855525267,0,0,705,1592,86,4788,46,1325,20,46
"1269","2020-04-26",25,15,247,81,9538,0.737680855525267,0,0,705,1592,75,4863,72,1397,15,72
"1270","2020-04-27",23,15,274,69,9538,0.737680855525267,0,0,705,1592,93,4956,34,1431,17,34
"1271","2020-04-28",21,15,256,67,9538,0.737680855525267,0,0,705,1592,67,5023,20,1451,10,20
"1272","2020-04-29",19,15,320,59,9538,0.737680855525267,0,0,705,1592,67,5090,22,1473,14,22
"1273","2020-04-30",18,15,322,57,9538,0.737680855525267,0,0,705,1592,62,5152,16,1489,21,16
"1274","2020-05-01",17,15,313,56,9538,0.737680855525267,0,0,705,1592,61,5213,14,1503,9,14
"1275","2020-05-02",12,15,284,53,9538,0.737680855525267,0,0,705,1592,47,5260,39,1542,11,39
"1276","2020-05-03",12,15,268,51,9538,0.737680855525267,0,0,705,1592,71,5331,55,1597,12,55
"1277","2020-05-04",10,15,257,51,9538,0.737680855525267,0,0,705,1592,62,5393,31,1628,12,31
"1278","2020-05-05",9,15,248,52,9538,0.737680855525267,0,0,705,1592,53,5446,22,1650,10,22
"1279","2020-05-06",6,15,301,45,9538,0.737680855525267,0,0,705,1592,52,5498,13,1663,4,13
"1280","2020-05-07",7,15,281,40,9538,0.737680855525267,0,0,705,1592,40,5538,18,1681,4,18
"1281","2020-05-08",7,15,260,36,9538,0.737680855525267,0,0,705,1592,50,5588,19,1700,6,19
"1282","2020-05-09",6,15,250,33,9538,0.737680855525267,0,0,705,1592,50,5638,25,1725,6,25
"1283","2020-05-10",5,15,262,31,9538,0.737680855525267,0,0,705,1592,53,5691,29,1754,6,29
"1284","2020-05-11",6,15,267,29,9538,0.737680855525267,0,0,705,1592,42,5733,13,1767,6,13
"1285","2020-05-12",7,15,244,29,9538,0.737680855525267,0,0,705,1592,37,5770,9,1776,7,9
"1286","2020-05-13",8,15,225,29,9538,0.737680855525267,0,0,705,1592,32,5802,14,1790,7,14
"1287","2020-05-14",6,15,209,26,9538,0.737680855525267,0,0,705,1592,40,5842,8,1798,7,8
"1288","2020-05-15",6,15,211,22,9538,0.737680855525267,0,0,705,1592,46,5888,15,1813,8,15
"1289","2020-05-16",8,15,214,22,9538,0.737680855525267,0,0,705,1592,44,5932,10,1823,8,10
"1290","2020-05-17",8,15,213,22,9538,0.737680855525267,0,0,705,1592,38,5970,42,1865,8,42
"1291","2020-05-18",6,15,212,19,9538,0.737680855525267,0,0,705,1592,26,5996,28,1893,4,28
"1292","2020-05-19",5,15,232,18,9538,0.737680855525267,0,0,705,1592,38,6034,15,1908,6,15
"1293","2020-05-20",5,15,224,18,9538,0.737680855525267,0,0,705,1592,24,6058,45,1953,2,45
"1294","2020-05-21",5,15,277,18,9538,0.737680855525267,0,0,705,1592,27,6085,22,1975,4,22
"1295","2020-05-22",6,15,277,20,9538,0.737680855525267,0,0,705,1592,23,6108,15,1990,4,15
"1296","2020-05-23",5,15,261,19,9538,0.737680855525267,0,0,705,1592,26,6134,22,2012,6,22
"1297","2020-05-24",4,15,248,19,9538,0.737680855525267,0,0,705,1592,31,6165,17,2029,7,17
"1298","2020-05-25",5,15,245,19,9538,0.737680855525267,0,0,705,1592,31,6196,46,2075,6,46
"1299","2020-05-26",5,15,261,20,9538,0.737680855525267,0,0,705,1592,17,6213,52,2127,1,52
"1300","2020-05-27",4,15,262,17,9538,0.737680855525267,0,0,705,1592,30,6243,47,2174,4,47
"1301","2020-05-28",4,15,254,16,9538,0.737680855525267,0,0,705,1592,31,6274,30,2204,4,30
"1302","2020-05-29",4,15,269,17,9538,0.737680855525267,0,0,705,1592,18,6292,23,2227,4,23
"1303","2020-05-30",4,15,238,18,9538,0.737680855525267,0,0,705,1592,15,6307,39,2266,4,39
"1304","2020-05-31",3,15,228,15,9538,0.737680855525267,0,0,705,1592,24,6331,47,2313,5,47
"1305","2020-06-01",3,15,229,15,9538,0.737680855525267,0,0,705,1592,16,6347,51,2364,4,51
"1306","2020-06-02",3,15,251,15,9538,0.737680855525267,0,0,705,1592,15,6362,28,2392,1,28
"1307","2020-06-03",4,15,229,14,9538,0.737680855525267,0,0,705,1592,11,6373,39,2431,1,39
"1308","2020-06-04",5,15,215,12,9538,0.737680855525267,0,0,705,1592,13,6386,33,2464,2,33
"1309","2020-06-05",5,15,194,11,9538,0.737680855525267,0,0,705,1592,9,6395,18,2482,1,18
"1310","2020-06-06",4,15,176,12,9538,0.737680855525267,0,0,705,1592,16,6411,25,2507,1,25
"1311","2020-06-07",4,15,166,11,9538,0.737680855525267,0,0,705,1592,17,6428,29,2536,2,29
"1312","2020-03-14",2,16,211,101,4265,0.429777256740914,0,0,370,1642,69,260,35,176,15,35
"1313","2020-03-15",10,16,209,142,4265,0.429777256740914,0,0,370,1642,84,344,65,241,21,65
"1314","2020-03-16",17,16,248,178,4265,0.429777256740914,0,0,370,1642,74,418,73,314,25,73
"1315","2020-03-17",27,16,251,210,4265,0.429777256740914,0,0,370,1642,101,519,42,356,27,42
"1316","2020-03-18",37,16,251,241,4265,0.429777256740914,0,0,370,1642,96,615,47,403,34,47
"1317","2020-03-19",51,16,269,283,4265,0.429777256740914,0,0,370,1642,95,710,43,446,38,43
"1318","2020-03-20",56,16,252,334,4265,0.429777256740914,0,0,370,1642,100,810,54,500,43,54
"1319","2020-03-21",69,16,264,373,4265,0.429777256740914,0,0,370,1642,101,911,43,543,39,43
"1320","2020-03-22",74,16,265,403,4265,0.429777256740914,0,0,370,1642,85,996,50,593,36,50
"1321","2020-03-23",81,16,268,420,4265,0.429777256740914,0,0,370,1642,92,1088,29,622,32,29
"1322","2020-03-24",90,16,258,441,4265,0.429777256740914,0,0,370,1642,93,1181,53,675,37,53
"1323","2020-03-25",96,16,255,459,4265,0.429777256740914,0,0,370,1642,103,1284,39,714,50,39
"1324","2020-03-26",96,16,236,471,4265,0.429777256740914,0,0,370,1642,95,1379,51,765,43,51
"1325","2020-03-27",105,16,208,493,4265,0.429777256740914,0,0,370,1642,116,1495,50,815,46,50
"1326","2020-03-28",113,16,207,516,4265,0.429777256740914,0,0,370,1642,93,1588,32,847,48,32
"1327","2020-03-29",120,16,210,540,4265,0.429777256740914,0,0,370,1642,84,1672,41,888,34,41
"1328","2020-03-30",127,16,196,559,4265,0.429777256740914,0,0,370,1642,97,1769,49,937,36,49
"1329","2020-03-31",133,16,221,591,4265,0.429777256740914,0,0,370,1642,90,1859,59,996,36,59
"1330","2020-04-01",144,16,260,600,4265,0.429777256740914,0,0,370,1642,98,1957,30,1026,42,30
"1331","2020-04-02",153,16,267,632,4265,0.429777256740914,0,0,370,1642,93,2050,25,1051,40,25
"1332","2020-04-03",162,16,263,645,4265,0.429777256740914,0,0,370,1642,105,2155,35,1086,41,35
"1333","2020-04-04",163,16,293,676,4265,0.429777256740914,0,0,370,1642,116,2271,39,1125,51,39
"1334","2020-04-05",170,16,275,687,4265,0.429777256740914,0,0,370,1642,89,2360,35,1160,29,35
"1335","2020-04-06",175,16,263,693,4265,0.429777256740914,0,0,370,1642,107,2467,50,1210,42,50
"1336","2020-04-07",172,16,241,701,4265,0.429777256740914,0,0,370,1642,108,2575,35,1245,47,35
"1337","2020-04-08",178,16,223,699,4265,0.429777256740914,0,0,370,1642,111,2686,38,1283,44,38
"1338","2020-04-09",188,16,220,722,4265,0.429777256740914,0,0,370,1642,99,2785,51,1334,35,51
"1339","2020-04-10",203,16,205,733,4265,0.429777256740914,0,0,370,1642,100,2885,51,1385,26,51
"1340","2020-04-11",206,16,204,743,4265,0.429777256740914,0,0,370,1642,86,2971,36,1421,34,36
"1341","2020-04-12",213,16,196,713,4265,0.429777256740914,0,0,370,1642,96,3067,42,1463,31,42
"1342","2020-04-13",214,16,194,725,4265,0.429777256740914,0,0,370,1642,86,3153,28,1491,30,28
"1343","2020-04-14",218,16,191,716,4265,0.429777256740914,0,0,370,1642,117,3270,30,1521,43,30
"1344","2020-04-15",205,16,210,739,4265,0.429777256740914,0,0,370,1642,90,3360,42,1563,30,42
"1345","2020-04-16",201,16,223,720,4265,0.429777256740914,0,0,370,1642,103,3463,48,1611,41,48
"1346","2020-04-17",187,16,233,735,4265,0.429777256740914,0,0,370,1642,75,3538,34,1645,26,34
"1347","2020-04-18",191,16,225,728,4265,0.429777256740914,0,0,370,1642,69,3607,31,1676,20,31
"1348","2020-04-19",194,16,237,708,4265,0.429777256740914,0,0,370,1642,87,3694,40,1716,29,40
"1349","2020-04-20",194,16,239,705,4265,0.429777256740914,0,0,370,1642,91,3785,21,1737,29,21
"1350","2020-04-21",197,16,226,724,4265,0.429777256740914,0,0,370,1642,75,3860,29,1766,20,29
"1351","2020-04-22",213,16,208,698,4265,0.429777256740914,0,0,370,1642,83,3943,36,1802,33,36
"1352","2020-04-23",213,16,220,696,4265,0.429777256740914,0,0,370,1642,85,4028,50,1852,25,50
"1353","2020-04-24",217,16,225,693,4265,0.429777256740914,0,0,370,1642,75,4103,53,1905,20,53
"1354","2020-04-25",207,16,281,696,4265,0.429777256740914,0,0,370,1642,70,4173,46,1951,23,46
"1355","2020-04-26",189,16,277,679,4265,0.429777256740914,0,0,370,1642,74,4247,29,1980,25,29
"1356","2020-04-27",184,16,273,669,4265,0.429777256740914,0,0,370,1642,75,4322,44,2024,19,44
"1357","2020-04-28",182,16,253,645,4265,0.429777256740914,0,0,370,1642,67,4389,64,2088,16,64
"1358","2020-04-29",181,16,243,625,4265,0.429777256740914,0,0,370,1642,73,4462,54,2142,22,54
"1359","2020-04-30",176,16,233,605,4265,0.429777256740914,0,0,370,1642,81,4543,45,2187,24,45
"1360","2020-05-01",171,16,221,594,4265,0.429777256740914,0,0,370,1642,50,4593,35,2222,13,35
"1361","2020-05-02",166,16,233,579,4265,0.429777256740914,0,0,370,1642,57,4650,26,2248,15,26
"1362","2020-05-03",171,16,234,575,4265,0.429777256740914,0,0,370,1642,57,4707,49,2297,21,49
"1363","2020-05-04",166,16,288,561,4265,0.429777256740914,0,0,370,1642,59,4766,31,2328,19,31
"1364","2020-05-05",157,16,267,552,4265,0.429777256740914,0,0,370,1642,60,4826,46,2374,16,46
"1365","2020-05-06",142,16,254,544,4265,0.429777256740914,0,0,370,1642,49,4875,55,2429,10,55
"1366","2020-05-07",143,16,247,538,4265,0.429777256740914,0,0,370,1642,56,4931,61,2490,12,61
"1367","2020-05-08",146,16,261,526,4265,0.429777256740914,0,0,370,1642,55,4986,44,2534,13,44
"1368","2020-05-09",151,16,245,519,4265,0.429777256740914,0,0,370,1642,64,5050,49,2583,19,49
"1369","2020-05-10",150,16,249,514,4265,0.429777256740914,0,0,370,1642,57,5107,37,2620,18,37
"1370","2020-05-11",155,16,258,514,4265,0.429777256740914,0,0,370,1642,40,5147,36,2656,9,36
"1371","2020-05-12",168,16,269,514,4265,0.429777256740914,0,0,370,1642,45,5192,39,2695,12,39
"1372","2020-05-13",166,16,248,518,4265,0.429777256740914,0,0,370,1642,39,5231,32,2727,8,32
"1373","2020-05-14",160,16,256,509,4265,0.429777256740914,0,0,370,1642,45,5276,36,2763,7,36
"1374","2020-05-15",157,16,248,500,4265,0.429777256740914,0,0,370,1642,24,5300,20,2783,5,20
"1375","2020-05-16",155,16,268,489,4265,0.429777256740914,0,0,370,1642,43,5343,42,2825,9,42
"1376","2020-05-17",165,16,249,467,4265,0.429777256740914,0,0,370,1642,44,5387,42,2867,13,42
"1377","2020-05-18",157,16,227,448,4265,0.429777256740914,0,0,370,1642,36,5423,38,2905,7,38
"1378","2020-05-19",144,16,226,426,4265,0.429777256740914,0,0,370,1642,30,5453,40,2945,8,40
"1379","2020-05-20",138,16,235,416,4265,0.429777256740914,0,0,370,1642,32,5485,55,3000,6,55
"1380","2020-05-21",138,16,255,401,4265,0.429777256740914,0,0,370,1642,21,5506,55,3055,4,55
"1381","2020-05-22",127,16,250,385,4265,0.429777256740914,0,0,370,1642,25,5531,40,3095,10,40
"1382","2020-05-23",117,16,225,373,4265,0.429777256740914,0,0,370,1642,27,5558,43,3138,6,43
"1383","2020-05-24",102,16,209,366,4265,0.429777256740914,0,0,370,1642,24,5582,49,3187,8,49
"1384","2020-05-25",106,16,215,351,4265,0.429777256740914,0,0,370,1642,28,5610,33,3220,7,33
"1385","2020-05-26",99,16,205,333,4265,0.429777256740914,0,0,370,1642,33,5643,40,3260,10,40
"1386","2020-05-27",99,16,197,319,4265,0.429777256740914,0,0,370,1642,24,5667,53,3313,5,53
"1387","2020-05-28",92,16,185,307,4265,0.429777256740914,0,0,370,1642,21,5688,44,3357,4,44
"1388","2020-05-29",91,16,179,308,4265,0.429777256740914,0,0,370,1642,19,5707,53,3410,4,53
"1389","2020-05-30",103,16,214,301,4265,0.429777256740914,0,0,370,1642,20,5727,39,3449,5,39
"1390","2020-05-31",98,16,253,302,4265,0.429777256740914,0,0,370,1642,20,5747,49,3498,4,49
"1391","2020-06-01",92,16,291,301,4265,0.429777256740914,0,0,370,1642,12,5759,41,3539,NA,41
"1392","2020-06-02",99,16,276,293,4265,0.429777256740914,0,0,370,1642,15,5774,42,3581,3,42
"1393","2020-06-03",94,16,287,279,4265,0.429777256740914,0,0,370,1642,11,5785,18,3599,4,18
"1394","2020-06-04",97,16,279,263,4265,0.429777256740914,0,0,370,1642,17,5802,40,3639,3,40
"1395","2020-06-05",97,16,309,264,4265,0.429777256740914,0,0,370,1642,14,5816,30,3669,5,30
"1396","2020-06-06",87,16,284,264,4265,0.429777256740914,0,0,370,1642,9,5825,37,3706,2,37
"1397","2020-06-07",83,16,256,250,4265,0.429777256740914,0,0,370,1642,14,5839,23,3729,6,23
"1398","2020-03-13",2,17,75,157,5283,0.19799356426273,0,0,470,1413,32,90,28,67,22,28
"1399","2020-03-14",9,17,83,218,5283,0.19799356426273,0,0,470,1413,46,136,26,93,39,26
"1400","2020-03-15",14,17,85,281,5283,0.19799356426273,0,0,470,1413,49,185,37,130,41,37
"1401","2020-03-16",27,17,90,342,5283,0.19799356426273,0,0,470,1413,65,250,30,160,57,30
"1402","2020-03-17",41,17,86,422,5283,0.19799356426273,0,0,470,1413,92,342,23,183,79,23
"1403","2020-03-18",61,17,86,504,5283,0.19799356426273,0,0,470,1413,97,439,51,234,86,51
"1404","2020-03-19",73,17,105,554,5283,0.19799356426273,0,0,470,1413,152,591,22,256,142,22
"1405","2020-03-20",91,17,173,639,5283,0.19799356426273,0,0,470,1413,169,760,31,287,160,31
"1406","2020-03-21",122,17,190,684,5283,0.19799356426273,0,0,470,1413,202,962,23,310,193,23
"1407","2020-03-22",137,17,169,720,5283,0.19799356426273,0,0,470,1413,230,1192,20,330,212,20
"1408","2020-03-23",166,17,170,760,5283,0.19799356426273,0,0,470,1413,244,1436,17,347,235,17
"1409","2020-03-24",184,17,232,787,5283,0.19799356426273,0,0,470,1413,343,1779,21,368,332,21
"1410","2020-03-25",202,17,236,794,5283,0.19799356426273,0,0,470,1413,361,2140,12,380,352,12
"1411","2020-03-26",220,17,210,803,5283,0.19799356426273,0,0,470,1413,407,2547,18,398,397,18
"1412","2020-03-27",228,17,212,808,5283,0.19799356426273,0,0,470,1413,387,2934,9,407,380,9
"1413","2020-03-28",219,17,192,795,5283,0.19799356426273,0,0,470,1413,482,3416,15,422,477,15
"1414","2020-03-29",237,17,180,801,5283,0.19799356426273,0,0,470,1413,464,3880,56,478,455,56
"1415","2020-03-30",235,17,174,797,5283,0.19799356426273,0,0,470,1413,395,4275,26,504,388,26
"1416","2020-03-31",232,17,177,781,5283,0.19799356426273,0,0,470,1413,404,4679,24,528,401,24
"1417","2020-04-01",221,17,182,784,5283,0.19799356426273,0,0,470,1413,380,5059,18,546,377,18
"1418","2020-04-02",224,17,168,773,5283,0.19799356426273,0,0,470,1413,338,5397,29,575,330,29
"1419","2020-04-03",235,17,168,787,5283,0.19799356426273,0,0,470,1413,362,5759,32,607,359,32
"1420","2020-04-04",235,17,219,780,5283,0.19799356426273,0,0,470,1413,275,6034,16,623,267,16
"1421","2020-04-05",228,17,242,772,5283,0.19799356426273,0,0,470,1413,230,6264,32,655,226,32
"1422","2020-04-06",215,17,247,773,5283,0.19799356426273,0,0,470,1413,205,6469,25,680,197,25
"1423","2020-04-07",219,17,223,785,5283,0.19799356426273,0,0,470,1413,160,6629,9,689,158,9
"1424","2020-04-08",222,17,214,783,5283,0.19799356426273,0,0,470,1413,148,6777,13,702,144,13
"1425","2020-04-09",219,17,204,772,5283,0.19799356426273,0,0,470,1413,103,6880,6,708,100,6
"1426","2020-04-10",221,17,214,783,5283,0.19799356426273,0,0,470,1413,73,6953,16,724,71,16
"1427","2020-04-11",212,17,211,801,5283,0.19799356426273,0,0,470,1413,72,7025,22,746,68,22
"1428","2020-04-12",201,17,211,808,5283,0.19799356426273,0,0,470,1413,80,7105,12,758,79,12
"1429","2020-04-13",207,17,205,797,5283,0.19799356426273,0,0,470,1413,55,7160,13,771,52,13
"1430","2020-04-14",213,17,197,804,5283,0.19799356426273,0,0,470,1413,38,7198,11,782,37,11
"1431","2020-04-15",217,17,249,813,5283,0.19799356426273,0,0,470,1413,32,7230,59,841,30,59
"1432","2020-04-16",223,17,286,825,5283,0.19799356426273,0,0,470,1413,19,7249,43,884,19,43
"1433","2020-04-17",209,17,260,825,5283,0.19799356426273,0,0,470,1413,29,7278,64,948,25,64
"1434","2020-04-18",220,17,230,818,5283,0.19799356426273,0,0,470,1413,22,7300,49,997,21,49
"1435","2020-04-19",231,17,211,786,5283,0.19799356426273,0,0,470,1413,17,7317,26,1023,14,26
"1436","2020-04-20",235,17,267,784,5283,0.19799356426273,0,0,470,1413,11,7328,16,1039,7,16
"1437","2020-04-21",223,17,248,763,5283,0.19799356426273,0,0,470,1413,18,7346,16,1055,16,16
"1438","2020-04-22",220,17,268,785,5283,0.19799356426273,0,0,470,1413,4,7350,27,1082,3,27
"1439","2020-04-23",217,17,269,779,5283,0.19799356426273,0,0,470,1413,10,7360,35,1117,9,35
"1440","2020-04-24",216,17,234,764,5283,0.19799356426273,0,0,470,1413,10,7370,42,1159,8,42
"1441","2020-04-25",213,17,229,737,5283,0.19799356426273,0,0,470,1413,8,7378,24,1183,6,24
"1442","2020-04-26",212,17,211,746,5283,0.19799356426273,0,0,470,1413,5,7383,34,1217,4,34
"1443","2020-04-27",196,17,221,736,5283,0.19799356426273,0,0,470,1413,7,7390,32,1249,5,32
"1444","2020-04-28",196,17,275,722,5283,0.19799356426273,0,0,470,1413,7,7397,31,1280,4,31
"1445","2020-04-29",193,17,291,705,5283,0.19799356426273,0,0,470,1413,6,7403,13,1293,5,13
"1446","2020-04-30",191,17,324,698,5283,0.19799356426273,0,0,470,1413,5,7408,19,1312,4,19
"1447","2020-05-01",191,17,310,686,5283,0.19799356426273,0,0,470,1413,5,7413,11,1323,2,11
"1448","2020-05-02",186,17,272,674,5283,0.19799356426273,0,0,470,1413,8,7421,10,1333,4,10
"1449","2020-05-03",180,17,294,664,5283,0.19799356426273,0,0,470,1413,4,7425,13,1346,2,13
"1450","2020-05-04",186,17,286,646,5283,0.19799356426273,0,0,470,1413,4,7429,51,1397,3,51
"1451","2020-05-05",184,17,274,629,5283,0.19799356426273,0,0,470,1413,8,7437,22,1419,6,22
"1452","2020-05-06",181,17,244,620,5283,0.19799356426273,0,0,470,1413,5,7442,43,1462,3,43
"1453","2020-05-07",175,17,210,628,5283,0.19799356426273,0,0,470,1413,5,7447,35,1497,4,35
"1454","2020-05-08",168,17,211,627,5283,0.19799356426273,0,0,470,1413,1,7448,20,1517,1,20
"1455","2020-05-09",173,17,234,611,5283,0.19799356426273,0,0,470,1413,4,7452,14,1531,3,14
"1456","2020-05-10",172,17,237,607,5283,0.19799356426273,0,0,470,1413,3,7455,15,1546,1,15
"1457","2020-05-11",166,17,234,599,5283,0.19799356426273,0,0,470,1413,4,7459,23,1569,2,23
"1458","2020-05-12",159,17,240,593,5283,0.19799356426273,0,0,470,1413,1,7460,51,1620,1,51
"1459","2020-05-13",156,17,239,595,5283,0.19799356426273,0,0,470,1413,2,7462,65,1685,NA,65
"1460","2020-05-14",150,17,256,552,5283,0.19799356426273,0,0,470,1413,1,7463,43,1728,NA,43
"1461","2020-05-15",159,17,287,546,5283,0.19799356426273,0,0,470,1413,3,7466,37,1765,1,37
"1462","2020-05-16",151,17,287,526,5283,0.19799356426273,0,0,470,1413,4,7470,48,1813,3,48
"1463","2020-05-17",152,17,296,525,5283,0.19799356426273,0,0,470,1413,3,7473,40,1853,3,40
"1464","2020-05-18",148,17,280,507,5283,0.19799356426273,0,0,470,1413,6,7479,41,1894,3,41
"1465","2020-05-19",142,17,259,491,5283,0.19799356426273,0,0,470,1413,1,7480,26,1920,NA,26
"1466","2020-05-20",140,17,252,477,5283,0.19799356426273,0,0,470,1413,2,7482,18,1938,2,18
"1467","2020-05-21",139,17,264,465,5283,0.19799356426273,0,0,470,1413,2,7484,18,1956,1,18
"1468","2020-05-22",124,17,260,433,5283,0.19799356426273,0,0,470,1413,5,7489,17,1973,5,17
"1469","2020-05-23",122,17,278,429,5283,0.19799356426273,0,0,470,1413,1,7490,37,2010,1,37
"1470","2020-05-24",114,17,286,402,5283,0.19799356426273,0,0,470,1413,2,7492,11,2021,1,11
"1471","2020-05-25",117,17,264,379,5283,0.19799356426273,0,0,470,1413,1,7493,19,2040,NA,19
"1472","2020-05-26",117,17,237,374,5283,0.19799356426273,0,0,470,1413,1,7494,51,2091,1,51
"1473","2020-05-27",115,17,225,361,5283,0.19799356426273,0,0,470,1413,NA,NA,21,2112,NA,21
"1474","2020-05-28",121,17,203,342,5283,0.19799356426273,0,0,470,1413,1,7495,24,2136,NA,24
"1475","2020-05-29",125,17,181,322,5283,0.19799356426273,0,0,470,1413,1,7496,23,2159,1,23
"1476","2020-05-30",120,17,187,318,5283,0.19799356426273,0,0,470,1413,3,7499,44,2203,3,44
"1477","2020-05-31",116,17,214,308,5283,0.19799356426273,0,0,470,1413,2,7501,33,2236,2,33
"1478","2020-06-01",107,17,201,292,5283,0.19799356426273,0,0,470,1413,2,7503,56,2292,2,56
"1479","2020-06-02",112,17,192,296,5283,0.19799356426273,0,0,470,1413,2,7505,35,2327,2,35
"1480","2020-06-03",107,17,214,280,5283,0.19799356426273,0,0,470,1413,1,7506,28,2355,NA,28
"1481","2020-06-04",90,17,227,280,5283,0.19799356426273,0,0,470,1413,2,7508,64,2419,2,64
"1482","2020-06-05",85,17,253,276,5283,0.19799356426273,0,0,470,1413,2,7510,45,2464,2,45
"1483","2020-06-06",82,17,233,262,5283,0.19799356426273,0,0,470,1413,1,7511,30,2494,NA,30
"1484","2020-06-07",84,17,274,255,5283,0.19799356426273,0,0,470,1413,6,7517,45,2539,2,45
"1485","2020-03-14",1,18,95,113,4454,0.500673551863493,0,0,407,1962,17,67,34,115,4,34
"1486","2020-03-15",4,18,114,149,4454,0.500673551863493,0,0,407,1962,26,93,38,153,8,38
"1487","2020-03-16",10,18,107,194,4454,0.500673551863493,0,0,407,1962,25,118,22,175,11,22
"1488","2020-03-17",17,18,111,233,4454,0.500673551863493,0,0,407,1962,22,140,16,191,8,16
"1489","2020-03-18",29,18,173,278,4454,0.500673551863493,0,0,407,1962,27,167,26,217,15,26
"1490","2020-03-19",37,18,181,310,4454,0.500673551863493,0,0,407,1962,25,192,47,264,14,47
"1491","2020-03-20",51,18,194,351,4454,0.500673551863493,0,0,407,1962,15,207,55,319,7,55
"1492","2020-03-21",65,18,197,374,4454,0.500673551863493,0,0,407,1962,18,225,39,358,7,39
"1493","2020-03-22",80,18,203,413,4454,0.500673551863493,0,0,407,1962,32,257,21,379,13,21
"1494","2020-03-23",90,18,206,440,4454,0.500673551863493,0,0,407,1962,26,283,17,396,12,17
"1495","2020-03-24",102,18,191,459,4454,0.500673551863493,0,0,407,1962,24,307,44,440,13,44
"1496","2020-03-25",111,18,175,489,4454,0.500673551863493,0,0,407,1962,22,329,31,471,9,31
"1497","2020-03-26",120,18,164,530,4454,0.500673551863493,0,0,407,1962,32,361,43,514,15,43
"1498","2020-03-27",128,18,173,538,4454,0.500673551863493,0,0,407,1962,42,403,24,538,21,24
"1499","2020-03-28",135,18,179,579,4454,0.500673551863493,0,0,407,1962,23,426,24,562,10,24
"1500","2020-03-29",141,18,190,599,4454,0.500673551863493,0,0,407,1962,34,460,25,587,18,25
"1501","2020-03-30",140,18,217,613,4454,0.500673551863493,0,0,407,1962,27,487,48,635,13,48
"1502","2020-03-31",147,18,217,641,4454,0.500673551863493,0,0,407,1962,21,508,42,677,10,42
"1503","2020-04-01",152,18,221,637,4454,0.500673551863493,0,0,407,1962,43,551,47,724,24,47
"1504","2020-04-02",164,18,207,644,4454,0.500673551863493,0,0,407,1962,44,595,36,760,28,36
"1505","2020-04-03",171,18,240,665,4454,0.500673551863493,0,0,407,1962,33,628,48,808,19,48
"1506","2020-04-04",175,18,294,701,4454,0.500673551863493,0,0,407,1962,35,663,25,833,20,25
"1507","2020-04-05",175,18,325,733,4454,0.500673551863493,0,0,407,1962,39,702,61,894,25,61
"1508","2020-04-06",184,18,282,760,4454,0.500673551863493,0,0,407,1962,37,739,33,927,14,33
"1509","2020-04-07",194,18,254,750,4454,0.500673551863493,0,0,407,1962,22,761,21,948,5,21
"1510","2020-04-08",207,18,232,740,4454,0.500673551863493,0,0,407,1962,29,790,16,964,10,16
"1511","2020-04-09",215,18,223,764,4454,0.500673551863493,0,0,407,1962,43,833,18,982,18,18
"1512","2020-04-10",204,18,237,784,4454,0.500673551863493,0,0,407,1962,31,864,20,1002,15,20
"1513","2020-04-11",211,18,224,762,4454,0.500673551863493,0,0,407,1962,43,907,15,1017,17,15
"1514","2020-04-12",219,18,220,745,4454,0.500673551863493,0,0,407,1962,38,945,19,1036,17,19
"1515","2020-04-13",224,18,203,737,4454,0.500673551863493,0,0,407,1962,38,983,14,1050,22,14
"1516","2020-04-14",216,18,207,759,4454,0.500673551863493,0,0,407,1962,35,1018,46,1096,12,46
"1517","2020-04-15",212,18,206,747,4454,0.500673551863493,0,0,407,1962,44,1062,31,1127,16,31
"1518","2020-04-16",203,18,196,742,4454,0.500673551863493,0,0,407,1962,45,1107,31,1158,20,31
"1519","2020-04-17",219,18,188,739,4454,0.500673551863493,0,0,407,1962,31,1138,40,1198,13,40
"1520","2020-04-18",219,18,164,746,4454,0.500673551863493,0,0,407,1962,40,1178,34,1232,14,34
"1521","2020-04-19",217,18,178,736,4454,0.500673551863493,0,0,407,1962,29,1207,18,1250,10,18
"1522","2020-04-20",220,18,183,741,4454,0.500673551863493,0,0,407,1962,32,1239,5,1255,10,5
"1523","2020-04-21",209,18,248,742,4454,0.500673551863493,0,0,407,1962,30,1269,15,1270,13,15
"1524","2020-04-22",208,18,246,730,4454,0.500673551863493,0,0,407,1962,38,1307,15,1285,20,15
"1525","2020-04-23",209,18,236,723,4454,0.500673551863493,0,0,407,1962,29,1336,7,1292,14,7
"1526","2020-04-24",200,18,254,702,4454,0.500673551863493,0,0,407,1962,40,1376,29,1321,20,29
"1527","2020-04-25",185,18,230,713,4454,0.500673551863493,0,0,407,1962,27,1403,30,1351,14,30
"1528","2020-04-26",184,18,235,711,4454,0.500673551863493,0,0,407,1962,51,1454,10,1361,16,10
"1529","2020-04-27",176,18,236,706,4454,0.500673551863493,0,0,407,1962,32,1486,13,1374,19,13
"1530","2020-04-28",196,18,229,706,4454,0.500673551863493,0,0,407,1962,34,1520,7,1381,13,7
"1531","2020-04-29",191,18,217,686,4454,0.500673551863493,0,0,407,1962,27,1547,6,1387,13,6
"1532","2020-04-30",191,18,214,662,4454,0.500673551863493,0,0,407,1962,38,1585,22,1409,21,22
"1533","2020-05-01",198,18,208,652,4454,0.500673551863493,0,0,407,1962,37,1622,24,1433,14,24
"1534","2020-05-02",209,18,197,643,4454,0.500673551863493,0,0,407,1962,41,1663,36,1469,16,36
"1535","2020-05-03",200,18,219,632,4454,0.500673551863493,0,0,407,1962,42,1705,22,1491,19,22
"1536","2020-05-04",207,18,254,618,4454,0.500673551863493,0,0,407,1962,39,1744,15,1506,21,15
"1537","2020-05-05",199,18,230,598,4454,0.500673551863493,0,0,407,1962,45,1789,13,1519,21,13
"1538","2020-05-06",188,18,221,570,4454,0.500673551863493,0,0,407,1962,35,1824,21,1540,15,21
"1539","2020-05-07",179,18,193,567,4454,0.500673551863493,0,0,407,1962,31,1855,19,1559,11,19
"1540","2020-05-08",166,18,180,572,4454,0.500673551863493,0,0,407,1962,52,1907,32,1591,26,32
"1541","2020-05-09",160,18,175,553,4454,0.500673551863493,0,0,407,1962,38,1945,39,1630,16,39
"1542","2020-05-10",162,18,215,529,4454,0.500673551863493,0,0,407,1962,31,1976,34,1664,14,34
"1543","2020-05-11",152,18,213,522,4454,0.500673551863493,0,0,407,1962,37,2013,40,1704,20,40
"1544","2020-05-12",144,18,204,498,4454,0.500673551863493,0,0,407,1962,30,2043,40,1744,16,40
"1545","2020-05-13",143,18,188,490,4454,0.500673551863493,0,0,407,1962,29,2072,32,1776,15,32
"1546","2020-05-14",140,18,182,498,4454,0.500673551863493,0,0,407,1962,28,2100,24,1800,10,24
"1547","2020-05-15",137,18,182,471,4454,0.500673551863493,0,0,407,1962,27,2127,10,1810,13,10
"1548","2020-05-16",142,18,183,452,4454,0.500673551863493,0,0,407,1962,21,2148,13,1823,12,13
"1549","2020-05-17",135,18,173,436,4454,0.500673551863493,0,0,407,1962,23,2171,13,1836,11,13
"1550","2020-05-18",126,18,169,434,4454,0.500673551863493,0,0,407,1962,25,2196,26,1862,10,26
"1551","2020-05-19",119,18,138,427,4454,0.500673551863493,0,0,407,1962,31,2227,22,1884,14,22
"1552","2020-05-20",116,18,130,430,4454,0.500673551863493,0,0,407,1962,29,2256,11,1895,9,11
"1553","2020-05-21",120,18,172,417,4454,0.500673551863493,0,0,407,1962,26,2282,9,1904,15,9
"1554","2020-05-22",119,18,247,408,4454,0.500673551863493,0,0,407,1962,22,2304,15,1919,10,15
"1555","2020-05-23",116,18,324,386,4454,0.500673551863493,0,0,407,1962,11,2315,8,1927,6,8
"1556","2020-05-24",121,18,340,376,4454,0.500673551863493,0,0,407,1962,17,2332,12,1939,7,12
"1557","2020-05-25",126,18,330,378,4454,0.500673551863493,0,0,407,1962,21,2353,11,1950,10,11
"1558","2020-05-26",127,18,334,369,4454,0.500673551863493,0,0,407,1962,21,2374,15,1965,14,15
"1559","2020-05-27",129,18,315,361,4454,0.500673551863493,0,0,407,1962,23,2397,8,1973,14,8
"1560","2020-05-28",124,18,334,342,4454,0.500673551863493,0,0,407,1962,22,2419,18,1991,13,18
"1561","2020-05-29",124,18,317,326,4454,0.500673551863493,0,0,407,1962,21,2440,26,2017,13,26
"1562","2020-05-30",112,18,283,320,4454,0.500673551863493,0,0,407,1962,21,2461,18,2035,10,18
"1563","2020-05-31",106,18,256,308,4454,0.500673551863493,0,0,407,1962,19,2480,6,2041,12,6
"1564","2020-06-01",100,18,253,304,4454,0.500673551863493,0,0,407,1962,20,2500,7,2048,11,7
"1565","2020-06-02",101,18,228,297,4454,0.500673551863493,0,0,407,1962,22,2522,51,2099,15,51
"1566","2020-06-03",96,18,229,285,4454,0.500673551863493,0,0,407,1962,15,2537,26,2125,10,26
"1567","2020-06-04",89,18,204,282,4454,0.500673551863493,0,0,407,1962,18,2555,47,2172,12,47
"1568","2020-06-05",88,18,199,256,4454,0.500673551863493,0,0,407,1962,16,2571,31,2203,9,31
"1569","2020-06-06",85,18,194,235,4454,0.500673551863493,0,0,407,1962,18,2589,23,2226,9,23
"1570","2020-06-07",75,18,203,233,4454,0.500673551863493,0,0,407,1962,23,2612,25,2251,14,25
"1571","2020-03-12",1,19,74,110,5234,0.175200611387084,0,0,484,1104,61,116,16,38,4,16
"1572","2020-03-13",6,19,79,154,5234,0.175200611387084,0,0,484,1104,64,180,53,91,8,53
"1573","2020-03-14",10,19,89,204,5234,0.175200611387084,0,0,484,1104,71,251,61,152,15,61
"1574","2020-03-15",16,19,72,260,5234,0.175200611387084,0,0,484,1104,74,325,23,175,8,23
"1575","2020-03-16",28,19,91,325,5234,0.175200611387084,0,0,484,1104,87,412,54,229,23,54
"1576","2020-03-17",39,19,130,407,5234,0.175200611387084,0,0,484,1104,66,478,78,307,21,78
"1577","2020-03-18",59,19,198,455,5234,0.175200611387084,0,0,484,1104,72,550,60,367,25,60
"1578","2020-03-19",72,19,224,509,5234,0.175200611387084,0,0,484,1104,86,636,23,390,28,23
"1579","2020-03-20",84,19,215,542,5234,0.175200611387084,0,0,484,1104,73,709,20,410,29,20
"1580","2020-03-21",96,19,197,573,5234,0.175200611387084,0,0,484,1104,84,793,13,423,29,13
"1581","2020-03-22",112,19,177,612,5234,0.175200611387084,0,0,484,1104,98,891,16,439,33,16
"1582","2020-03-23",115,19,198,637,5234,0.175200611387084,0,0,484,1104,113,1004,21,460,47,21
"1583","2020-03-24",128,19,203,658,5234,0.175200611387084,0,0,484,1104,81,1085,13,473,29,13
"1584","2020-03-25",143,19,195,681,5234,0.175200611387084,0,0,484,1104,87,1172,14,487,38,14
"1585","2020-03-26",153,19,196,688,5234,0.175200611387084,0,0,484,1104,80,1252,53,540,37,53
"1586","2020-03-27",152,19,222,668,5234,0.175200611387084,0,0,484,1104,70,1322,31,571,23,31
"1587","2020-03-28",166,19,243,689,5234,0.175200611387084,0,0,484,1104,86,1408,42,613,35,42
"1588","2020-03-29",177,19,252,685,5234,0.175200611387084,0,0,484,1104,73,1481,44,657,34,44
"1589","2020-03-30",191,19,269,693,5234,0.175200611387084,0,0,484,1104,69,1550,67,724,21,67
"1590","2020-03-31",203,19,234,721,5234,0.175200611387084,0,0,484,1104,93,1643,51,775,24,51
"1591","2020-04-01",195,19,217,723,5234,0.175200611387084,0,0,484,1104,97,1740,42,817,36,42
"1592","2020-04-02",192,19,235,739,5234,0.175200611387084,0,0,484,1104,71,1811,31,848,19,31
"1593","2020-04-03",207,19,255,750,5234,0.175200611387084,0,0,484,1104,95,1906,35,883,23,35
"1594","2020-04-04",206,19,288,765,5234,0.175200611387084,0,0,484,1104,82,1988,26,909,26,26
"1595","2020-04-05",206,19,304,745,5234,0.175200611387084,0,0,484,1104,90,2078,23,932,25,23
"1596","2020-04-06",201,19,305,750,5234,0.175200611387084,0,0,484,1104,99,2177,14,946,40,14
"1597","2020-04-07",194,19,274,739,5234,0.175200611387084,0,0,484,1104,82,2259,13,959,28,13
"1598","2020-04-08",194,19,253,744,5234,0.175200611387084,0,0,484,1104,80,2339,64,1023,31,64
"1599","2020-04-09",204,19,272,765,5234,0.175200611387084,0,0,484,1104,101,2440,34,1057,32,34
"1600","2020-04-10",202,19,269,778,5234,0.175200611387084,0,0,484,1104,80,2520,18,1075,23,18
"1601","2020-04-11",202,19,246,776,5234,0.175200611387084,0,0,484,1104,107,2627,57,1132,41,57
"1602","2020-04-12",197,19,209,768,5234,0.175200611387084,0,0,484,1104,75,2702,42,1174,20,42
"1603","2020-04-13",210,19,200,775,5234,0.175200611387084,0,0,484,1104,95,2797,18,1192,30,18
"1604","2020-04-14",208,19,162,767,5234,0.175200611387084,0,0,484,1104,79,2876,20,1212,37,20
"1605","2020-04-15",206,19,150,787,5234,0.175200611387084,0,0,484,1104,92,2968,15,1227,29,15
"1606","2020-04-16",213,19,144,801,5234,0.175200611387084,0,0,484,1104,73,3041,15,1242,19,15
"1607","2020-04-17",209,19,200,811,5234,0.175200611387084,0,0,484,1104,72,3113,23,1265,24,23
"1608","2020-04-18",201,19,232,790,5234,0.175200611387084,0,0,484,1104,82,3195,29,1294,17,29
"1609","2020-04-19",218,19,222,790,5234,0.175200611387084,0,0,484,1104,86,3281,24,1318,15,24
"1610","2020-04-20",205,19,214,794,5234,0.175200611387084,0,0,484,1104,79,3360,45,1363,21,45
"1611","2020-04-21",200,19,209,784,5234,0.175200611387084,0,0,484,1104,72,3432,71,1434,21,71
"1612","2020-04-22",210,19,224,780,5234,0.175200611387084,0,0,484,1104,71,3503,31,1465,19,31
"1613","2020-04-23",199,19,198,748,5234,0.175200611387084,0,0,484,1104,77,3580,10,1475,28,10
"1614","2020-04-24",206,19,175,760,5234,0.175200611387084,0,0,484,1104,83,3663,13,1488,35,13
"1615","2020-04-25",209,19,157,755,5234,0.175200611387084,0,0,484,1104,87,3750,11,1499,25,11
"1616","2020-04-26",187,19,156,767,5234,0.175200611387084,0,0,484,1104,65,3815,32,1531,17,32
"1617","2020-04-27",195,19,147,764,5234,0.175200611387084,0,0,484,1104,72,3887,61,1592,26,61
"1618","2020-04-28",197,19,138,787,5234,0.175200611387084,0,0,484,1104,70,3957,24,1616,25,24
"1619","2020-04-29",196,19,158,800,5234,0.175200611387084,0,0,484,1104,66,4023,11,1627,11,11
"1620","2020-04-30",195,19,228,796,5234,0.175200611387084,0,0,484,1104,59,4082,27,1654,18,27
"1621","2020-05-01",201,19,240,770,5234,0.175200611387084,0,0,484,1104,82,4164,27,1681,24,27
"1622","2020-05-02",208,19,223,753,5234,0.175200611387084,0,0,484,1104,54,4218,32,1713,14,32
"1623","2020-05-03",218,19,269,738,5234,0.175200611387084,0,0,484,1104,65,4283,16,1729,15,16
"1624","2020-05-04",217,19,263,716,5234,0.175200611387084,0,0,484,1104,52,4335,18,1747,9,18
"1625","2020-05-05",207,19,246,705,5234,0.175200611387084,0,0,484,1104,51,4386,25,1772,15,25
"1626","2020-05-06",199,19,232,684,5234,0.175200611387084,0,0,484,1104,35,4421,13,1785,11,13
"1627","2020-05-07",218,19,219,676,5234,0.175200611387084,0,0,484,1104,60,4481,22,1807,14,22
"1628","2020-05-08",216,19,216,642,5234,0.175200611387084,0,0,484,1104,61,4542,24,1831,17,24
"1629","2020-05-09",215,19,206,623,5234,0.175200611387084,0,0,484,1104,62,4604,48,1879,14,48
"1630","2020-05-10",201,19,245,602,5234,0.175200611387084,0,0,484,1104,55,4659,19,1898,23,19
"1631","2020-05-11",185,19,227,587,5234,0.175200611387084,0,0,484,1104,46,4705,27,1925,12,27
"1632","2020-05-12",199,19,215,581,5234,0.175200611387084,0,0,484,1104,54,4759,16,1941,16,16
"1633","2020-05-13",193,19,210,561,5234,0.175200611387084,0,0,484,1104,44,4803,11,1952,14,11
"1634","2020-05-14",168,19,197,546,5234,0.175200611387084,0,0,484,1104,43,4846,22,1974,14,22
"1635","2020-05-15",149,19,178,542,5234,0.175200611387084,0,0,484,1104,47,4893,6,1980,17,6
"1636","2020-05-16",142,19,154,534,5234,0.175200611387084,0,0,484,1104,40,4933,18,1998,17,18
"1637","2020-05-17",145,19,150,527,5234,0.175200611387084,0,0,484,1104,33,4966,71,2069,8,71
"1638","2020-05-18",151,19,146,513,5234,0.175200611387084,0,0,484,1104,32,4998,28,2097,8,28
"1639","2020-05-19",142,19,145,516,5234,0.175200611387084,0,0,484,1104,35,5033,25,2122,10,25
"1640","2020-05-20",146,19,129,512,5234,0.175200611387084,0,0,484,1104,35,5068,16,2138,10,16
"1641","2020-05-21",144,19,123,497,5234,0.175200611387084,0,0,484,1104,26,5094,71,2209,4,71
"1642","2020-05-22",137,19,130,480,5234,0.175200611387084,0,0,484,1104,45,5139,24,2233,8,24
"1643","2020-05-23",128,19,123,473,5234,0.175200611387084,0,0,484,1104,23,5162,22,2255,6,22
"1644","2020-05-24",122,19,167,452,5234,0.175200611387084,0,0,484,1104,36,5198,7,2262,8,7
"1645","2020-05-25",123,19,193,461,5234,0.175200611387084,0,0,484,1104,28,5226,64,2326,8,64
"1646","2020-05-26",127,19,201,447,5234,0.175200611387084,0,0,484,1104,35,5261,57,2383,10,57
"1647","2020-05-27",127,19,223,416,5234,0.175200611387084,0,0,484,1104,26,5287,69,2452,8,69
"1648","2020-05-28",125,19,241,402,5234,0.175200611387084,0,0,484,1104,26,5313,67,2519,11,67
"1649","2020-05-29",133,19,242,388,5234,0.175200611387084,0,0,484,1104,20,5333,37,2556,6,37
"1650","2020-05-30",136,19,230,362,5234,0.175200611387084,0,0,484,1104,18,5351,35,2591,4,35
"1651","2020-05-31",138,19,213,356,5234,0.175200611387084,0,0,484,1104,22,5373,12,2603,3,12
"1652","2020-06-01",126,19,214,330,5234,0.175200611387084,0,0,484,1104,15,5388,13,2616,4,13
"1653","2020-06-02",115,19,208,299,5234,0.175200611387084,0,0,484,1104,16,5404,41,2657,5,41
"1654","2020-06-03",99,19,251,292,5234,0.175200611387084,0,0,484,1104,20,5424,21,2678,6,21
"1655","2020-06-04",94,19,263,287,5234,0.175200611387084,0,0,484,1104,13,5437,22,2700,4,22
"1656","2020-06-05",87,19,271,268,5234,0.175200611387084,0,0,484,1104,11,5448,39,2739,1,39
"1657","2020-06-06",76,19,280,245,5234,0.175200611387084,0,0,484,1104,10,5458,44,2783,1,44
"1658","2020-06-07",72,19,256,233,5234,0.175200611387084,0,0,484,1104,12,5470,55,2838,4,55
"1659","2020-03-12",1,20,71,43,5057,0.803836266561202,0,0,479,1570,20,34,13,34,2,13
"1660","2020-03-13",1,20,89,70,5057,0.803836266561202,0,0,479,1570,32,66,16,50,5,16
"1661","2020-03-14",3,20,153,107,5057,0.803836266561202,0,0,479,1570,37,103,18,68,17,18
"1662","2020-03-15",9,20,153,142,5057,0.803836266561202,0,0,479,1570,30,133,31,99,8,31
"1663","2020-03-16",21,20,153,166,5057,0.803836266561202,0,0,479,1570,41,174,35,134,20,35
"1664","2020-03-17",28,20,159,205,5057,0.803836266561202,0,0,479,1570,39,213,25,159,18,25
"1665","2020-03-18",36,20,217,253,5057,0.803836266561202,0,0,479,1570,35,248,23,182,14,23
"1666","2020-03-19",40,20,221,298,5057,0.803836266561202,0,0,479,1570,45,293,35,217,23,35
"1667","2020-03-20",52,20,199,346,5057,0.803836266561202,0,0,479,1570,61,354,54,271,44,54
"1668","2020-03-21",68,20,201,404,5057,0.803836266561202,0,0,479,1570,38,392,34,305,21,34
"1669","2020-03-22",77,20,220,452,5057,0.803836266561202,0,0,479,1570,49,441,39,344,23,39
"1670","2020-03-23",88,20,230,524,5057,0.803836266561202,0,0,479,1570,47,488,39,383,26,39
"1671","2020-03-24",100,20,219,554,5057,0.803836266561202,0,0,479,1570,46,534,44,427,24,44
"1672","2020-03-25",107,20,203,595,5057,0.803836266561202,0,0,479,1570,51,585,42,469,29,42
"1673","2020-03-26",120,20,190,642,5057,0.803836266561202,0,0,479,1570,40,625,51,520,16,51
"1674","2020-03-27",130,20,175,675,5057,0.803836266561202,0,0,479,1570,47,672,36,556,14,36
"1675","2020-03-28",147,20,218,713,5057,0.803836266561202,0,0,479,1570,52,724,51,607,25,51
"1676","2020-03-29",157,20,225,754,5057,0.803836266561202,0,0,479,1570,46,770,42,649,23,42
"1677","2020-03-30",164,20,208,764,5057,0.803836266561202,0,0,479,1570,42,812,45,694,17,45
"1678","2020-03-31",176,20,176,818,5057,0.803836266561202,0,0,479,1570,49,861,47,741,17,47
"1679","2020-04-01",202,20,177,855,5057,0.803836266561202,0,0,479,1570,34,895,62,803,8,62
"1680","2020-04-02",210,20,202,866,5057,0.803836266561202,0,0,479,1570,28,923,47,850,13,47
"1681","2020-04-03",214,20,174,876,5057,0.803836266561202,0,0,479,1570,38,961,35,885,14,35
"1682","2020-04-04",219,20,171,904,5057,0.803836266561202,0,0,479,1570,32,993,44,929,12,44
"1683","2020-04-05",235,20,215,923,5057,0.803836266561202,0,0,479,1570,46,1039,25,954,11,25
"1684","2020-04-06",249,20,201,983,5057,0.803836266561202,0,0,479,1570,52,1091,41,995,23,41
"1685","2020-04-07",252,20,222,1011,5057,0.803836266561202,0,0,479,1570,46,1137,38,1033,14,38
"1686","2020-04-08",248,20,262,1015,5057,0.803836266561202,0,0,479,1570,59,1196,60,1093,26,60
"1687","2020-04-09",275,20,283,1020,5057,0.803836266561202,0,0,479,1570,39,1235,30,1123,10,30
"1688","2020-04-10",294,20,260,1029,5057,0.803836266561202,0,0,479,1570,53,1288,38,1161,18,38
"1689","2020-04-11",304,20,269,1033,5057,0.803836266561202,0,0,479,1570,48,1336,39,1200,20,39
"1690","2020-04-12",304,20,251,1053,5057,0.803836266561202,0,0,479,1570,43,1379,38,1238,12,38
"1691","2020-04-13",300,20,226,1062,5057,0.803836266561202,0,0,479,1570,49,1428,36,1274,18,36
"1692","2020-04-14",296,20,220,1050,5057,0.803836266561202,0,0,479,1570,53,1481,56,1330,21,56
"1693","2020-04-15",305,20,190,1025,5057,0.803836266561202,0,0,479,1570,42,1523,45,1375,11,45
"1694","2020-04-16",293,20,172,1002,5057,0.803836266561202,0,0,479,1570,32,1555,66,1441,17,66
"1695","2020-04-17",286,20,164,988,5057,0.803836266561202,0,0,479,1570,33,1588,48,1489,10,48
"1696","2020-04-18",283,20,157,1000,5057,0.803836266561202,0,0,479,1570,41,1629,38,1527,19,38
"1697","2020-04-19",282,20,154,971,5057,0.803836266561202,0,0,479,1570,33,1662,49,1576,13,49
"1698","2020-04-20",269,20,223,937,5057,0.803836266561202,0,0,479,1570,52,1714,46,1622,13,46
"1699","2020-04-21",283,20,269,912,5057,0.803836266561202,0,0,479,1570,47,1761,42,1664,14,42
"1700","2020-04-22",277,20,259,894,5057,0.803836266561202,0,0,479,1570,44,1805,72,1736,8,72
"1701","2020-04-23",277,20,253,871,5057,0.803836266561202,0,0,479,1570,46,1851,44,1780,14,44
"1702","2020-04-24",280,20,220,867,5057,0.803836266561202,0,0,479,1570,38,1889,58,1838,12,58
"1703","2020-04-25",269,20,212,836,5057,0.803836266561202,0,0,479,1570,23,1912,39,1877,8,39
"1704","2020-04-26",264,20,199,811,5057,0.803836266561202,0,0,479,1570,41,1953,40,1917,15,40
"1705","2020-04-27",270,20,225,794,5057,0.803836266561202,0,0,479,1570,31,1984,59,1976,5,59
"1706","2020-04-28",253,20,263,785,5057,0.803836266561202,0,0,479,1570,32,2016,53,2029,10,53
"1707","2020-04-29",238,20,260,740,5057,0.803836266561202,0,0,479,1570,31,2047,44,2073,5,44
"1708","2020-04-30",225,20,258,728,5057,0.803836266561202,0,0,479,1570,28,2075,45,2118,12,45
"1709","2020-05-01",205,20,226,704,5057,0.803836266561202,0,0,479,1570,40,2115,70,2188,10,70
"1710","2020-05-02",192,20,184,667,5057,0.803836266561202,0,0,479,1570,44,2159,76,2264,12,76
"1711","2020-05-03",177,20,187,635,5057,0.803836266561202,0,0,479,1570,32,2191,47,2311,6,47
"1712","2020-05-04",173,20,212,626,5057,0.803836266561202,0,0,479,1570,36,2227,33,2344,6,33
"1713","2020-05-05",181,20,260,587,5057,0.803836266561202,0,0,479,1570,33,2260,37,2381,5,37
"1714","2020-05-06",188,20,259,578,5057,0.803836266561202,0,0,479,1570,41,2301,36,2417,15,36
"1715","2020-05-07",184,20,232,587,5057,0.803836266561202,0,0,479,1570,33,2334,36,2453,16,36
"1716","2020-05-08",189,20,282,585,5057,0.803836266561202,0,0,479,1570,30,2364,48,2501,5,48
"1717","2020-05-09",184,20,270,567,5057,0.803836266561202,0,0,479,1570,32,2396,53,2554,9,53
"1718","2020-05-10",188,20,239,552,5057,0.803836266561202,0,0,479,1570,24,2420,29,2583,12,29
"1719","2020-05-11",176,20,218,548,5057,0.803836266561202,0,0,479,1570,32,2452,31,2614,12,31
"1720","2020-05-12",160,20,195,525,5057,0.803836266561202,0,0,479,1570,31,2483,55,2669,14,55
"1721","2020-05-13",151,20,199,508,5057,0.803836266561202,0,0,479,1570,26,2509,41,2710,10,41
"1722","2020-05-14",152,20,249,479,5057,0.803836266561202,0,0,479,1570,40,2549,31,2741,11,31
"1723","2020-05-15",147,20,236,481,5057,0.803836266561202,0,0,479,1570,38,2587,48,2789,16,48
"1724","2020-05-16",143,20,256,472,5057,0.803836266561202,0,0,479,1570,34,2621,52,2841,11,52
"1725","2020-05-17",140,20,251,469,5057,0.803836266561202,0,0,479,1570,37,2658,42,2883,10,42
"1726","2020-05-18",143,20,225,447,5057,0.803836266561202,0,0,479,1570,32,2690,49,2932,14,49
"1727","2020-05-19",138,20,213,436,5057,0.803836266561202,0,0,479,1570,35,2725,54,2986,19,54
"1728","2020-05-20",137,20,207,414,5057,0.803836266561202,0,0,479,1570,20,2745,56,3042,1,56
"1729","2020-05-21",127,20,193,410,5057,0.803836266561202,0,0,479,1570,21,2766,42,3084,4,42
"1730","2020-05-22",124,20,197,376,5057,0.803836266561202,0,0,479,1570,19,2785,56,3140,4,56
"1731","2020-05-23",119,20,230,358,5057,0.803836266561202,0,0,479,1570,22,2807,49,3189,7,49
"1732","2020-05-24",115,20,229,349,5057,0.803836266561202,0,0,479,1570,21,2828,35,3224,9,35
"1733","2020-05-25",112,20,200,326,5057,0.803836266561202,0,0,479,1570,20,2848,29,3253,6,29
"1734","2020-05-26",108,20,174,320,5057,0.803836266561202,0,0,479,1570,28,2876,31,3284,14,31
"1735","2020-05-27",98,20,170,313,5057,0.803836266561202,0,0,479,1570,12,2888,44,3328,3,44
"1736","2020-05-28",95,20,171,311,5057,0.803836266561202,0,0,479,1570,20,2908,57,3385,10,57
"1737","2020-05-29",86,20,188,288,5057,0.803836266561202,0,0,479,1570,25,2933,48,3433,10,48
"1738","2020-05-30",91,20,223,271,5057,0.803836266561202,0,0,479,1570,19,2952,42,3475,6,42
"1739","2020-05-31",86,20,263,273,5057,0.803836266561202,0,0,479,1570,16,2968,42,3517,5,42
"1740","2020-06-01",76,20,284,259,5057,0.803836266561202,0,0,479,1570,18,2986,43,3560,10,43
"1741","2020-06-02",77,20,276,259,5057,0.803836266561202,0,0,479,1570,11,2997,39,3599,3,39
"1742","2020-06-03",74,20,254,251,5057,0.803836266561202,0,0,479,1570,14,3011,42,3641,6,42
"1743","2020-06-04",71,20,263,243,5057,0.803836266561202,0,0,479,1570,22,3033,48,3689,7,48
"1744","2020-06-05",79,20,278,231,5057,0.803836266561202,0,0,479,1570,9,3042,31,3720,4,31
"1745","2020-06-06",81,20,246,227,5057,0.803836266561202,0,0,479,1570,12,3054,55,3775,4,55
"1746","2020-06-07",77,20,218,222,5057,0.803836266561202,0,0,479,1570,13,3067,69,3844,6,69
