"","Date","Absents","Paramset","Infections_or_Exposed_per_day_Patient","Infections_or_Exposed_per_day_HCW","total_infections","nosocomial_proportion","PCR_pooled","LFD_pooled","HCW_symp_test","patient_symp_test","new_hcw_infs","cumulative_hcw_infs","new_pat_infs","cumulative_pats_infs","new_nosocomial_hcw_infs","new_nosocomial_pat_infs"
"1","2020-03-13",4,1,74,247,8269,0.287217317692587,8325,40549,472,1464,83,247,10,60,5,10
"2","2020-03-14",38,1,117,362,8269,0.287217317692587,8325,40549,472,1464,115,362,42,102,26,42
"3","2020-03-15",55,1,149,491,8269,0.287217317692587,8325,40549,472,1464,129,491,44,146,34,44
"4","2020-03-16",59,1,160,599,8269,0.287217317692587,8325,40549,472,1464,109,600,40,186,27,40
"5","2020-03-17",74,1,157,722,8269,0.287217317692587,8325,40549,472,1464,126,726,21,207,53,21
"6","2020-03-18",107,1,148,836,8269,0.287217317692587,8325,40549,472,1464,125,851,20,227,59,20
"7","2020-03-19",135,1,141,961,8269,0.287217317692587,8325,40549,472,1464,145,996,17,244,74,17
"8","2020-03-20",220,1,177,1055,8269,0.287217317692587,8325,40549,472,1464,126,1122,48,292,43,48
"9","2020-03-21",308,1,204,1127,8269,0.287217317692587,8325,40549,472,1464,115,1237,56,348,48,56
"10","2020-03-22",344,1,196,1199,8269,0.287217317692587,8325,40549,472,1464,122,1359,25,373,49,25
"11","2020-03-23",348,1,196,1260,8269,0.287217317692587,8325,40549,472,1464,125,1484,37,410,56,37
"12","2020-03-24",359,1,225,1320,8269,0.287217317692587,8325,40549,472,1464,143,1627,59,469,70,59
"13","2020-03-25",383,1,220,1396,8269,0.287217317692587,8325,40549,472,1464,168,1795,35,504,81,35
"14","2020-03-26",402,1,212,1418,8269,0.287217317692587,8325,40549,472,1464,129,1924,29,533,60,29
"15","2020-03-27",544,1,216,1458,8269,0.287217317692587,8325,40549,472,1464,136,2060,30,563,66,30
"16","2020-03-28",515,1,230,1472,8269,0.287217317692587,8325,40549,472,1464,120,2180,53,616,47,53
"17","2020-03-29",472,1,239,1489,8269,0.287217317692587,8325,40549,472,1464,135,2315,44,660,54,44
"18","2020-03-30",489,1,249,1520,8269,0.287217317692587,8325,40549,472,1464,128,2443,39,699,56,39
"19","2020-03-31",498,1,220,1521,8269,0.287217317692587,8325,40549,472,1464,110,2553,22,721,44,22
"20","2020-04-01",485,1,182,1517,8269,0.287217317692587,8325,40549,472,1464,134,2687,16,737,60,16
"21","2020-04-02",492,1,198,1520,8269,0.287217317692587,8325,40549,472,1464,130,2817,29,766,44,29
"22","2020-04-03",489,1,192,1534,8269,0.287217317692587,8325,40549,472,1464,129,2946,33,799,46,33
"23","2020-04-04",484,1,189,1560,8269,0.287217317692587,8325,40549,472,1464,130,3076,19,818,54,19
"24","2020-04-05",474,1,166,1541,8269,0.287217317692587,8325,40549,472,1464,112,3188,10,828,36,10
"25","2020-04-06",476,1,192,1491,8269,0.287217317692587,8325,40549,472,1464,102,3290,42,870,37,42
"26","2020-04-07",467,1,215,1474,8269,0.287217317692587,8325,40549,472,1464,130,3420,55,925,43,55
"27","2020-04-08",473,1,224,1463,8269,0.287217317692587,8325,40549,472,1464,114,3534,28,953,44,28
"28","2020-04-09",468,1,207,1473,8269,0.287217317692587,8325,40549,472,1464,131,3665,17,970,58,17
"29","2020-04-10",512,1,206,1469,8269,0.287217317692587,8325,40549,472,1464,129,3794,19,989,54,19
"30","2020-04-11",533,1,183,1456,8269,0.287217317692587,8325,40549,472,1464,112,3906,16,1005,47,16
"31","2020-04-12",469,1,154,1426,8269,0.287217317692587,8325,40549,472,1464,90,3996,13,1018,32,13
"32","2020-04-13",449,1,160,1428,8269,0.287217317692587,8325,40549,472,1464,127,4123,20,1038,50,20
"33","2020-04-14",454,1,183,1407,8269,0.287217317692587,8325,40549,472,1464,90,4213,33,1071,37,33
"34","2020-04-15",454,1,221,1375,8269,0.287217317692587,8325,40549,472,1464,86,4299,47,1118,37,47
"35","2020-04-16",439,1,256,1353,8269,0.287217317692587,8325,40549,472,1464,99,4398,56,1174,47,56
"36","2020-04-17",471,1,240,1333,8269,0.287217317692587,8325,40549,472,1464,104,4502,36,1210,51,36
"37","2020-04-18",465,1,237,1314,8269,0.287217317692587,8325,40549,472,1464,98,4600,21,1231,40,21
"38","2020-04-19",426,1,249,1278,8269,0.287217317692587,8325,40549,472,1464,76,4676,51,1282,30,51
"39","2020-04-20",409,1,251,1254,8269,0.287217317692587,8325,40549,472,1464,94,4770,30,1312,29,30
"40","2020-04-21",409,1,229,1207,8269,0.287217317692587,8325,40549,472,1464,84,4854,20,1332,27,20
"41","2020-04-22",391,1,230,1166,8269,0.287217317692587,8325,40549,472,1464,78,4932,24,1356,24,24
"42","2020-04-23",403,1,219,1160,8269,0.287217317692587,8325,40549,472,1464,93,5025,23,1379,32,23
"43","2020-04-24",389,1,215,1135,8269,0.287217317692587,8325,40549,472,1464,84,5109,22,1401,23,22
"44","2020-04-25",387,1,208,1129,8269,0.287217317692587,8325,40549,472,1464,80,5189,32,1433,21,32
"45","2020-04-26",367,1,205,1100,8269,0.287217317692587,8325,40549,472,1464,66,5255,19,1452,23,19
"46","2020-04-27",348,1,243,1065,8269,0.287217317692587,8325,40549,472,1464,63,5318,49,1501,14,49
"47","2020-04-28",328,1,275,1045,8269,0.287217317692587,8325,40549,472,1464,68,5386,48,1549,16,48
"48","2020-04-29",322,1,276,1027,8269,0.287217317692587,8325,40549,472,1464,62,5448,50,1599,13,50
"49","2020-04-30",308,1,273,980,8269,0.287217317692587,8325,40549,472,1464,59,5507,36,1635,14,36
"50","2020-05-01",278,1,280,943,8269,0.287217317692587,8325,40549,472,1464,45,5552,42,1677,10,42
"51","2020-05-02",286,1,311,926,8269,0.287217317692587,8325,40549,472,1464,59,5611,65,1742,17,65
"52","2020-05-03",280,1,314,888,8269,0.287217317692587,8325,40549,472,1464,52,5663,38,1780,20,38
"53","2020-05-04",286,1,270,865,8269,0.287217317692587,8325,40549,472,1464,66,5729,30,1810,18,30
"54","2020-05-05",272,1,236,838,8269,0.287217317692587,8325,40549,472,1464,52,5781,22,1832,19,22
"55","2020-05-06",271,1,226,798,8269,0.287217317692587,8325,40549,472,1464,51,5832,17,1849,12,17
"56","2020-05-07",268,1,233,784,8269,0.287217317692587,8325,40549,472,1464,48,5880,34,1883,10,34
"57","2020-05-08",280,1,232,763,8269,0.287217317692587,8325,40549,472,1464,53,5933,28,1911,10,28
"58","2020-05-09",256,1,218,748,8269,0.287217317692587,8325,40549,472,1464,52,5985,28,1939,14,28
"59","2020-05-10",235,1,217,718,8269,0.287217317692587,8325,40549,472,1464,44,6029,24,1963,12,24
"60","2020-05-11",223,1,235,705,8269,0.287217317692587,8325,40549,472,1464,45,6074,37,2000,10,37
"61","2020-05-12",230,1,247,675,8269,0.287217317692587,8325,40549,472,1464,39,6113,35,2035,11,35
"62","2020-05-13",229,1,228,642,8269,0.287217317692587,8325,40549,472,1464,31,6144,32,2067,3,32
"63","2020-05-14",224,1,262,609,8269,0.287217317692587,8325,40549,472,1464,26,6170,49,2116,7,49
"64","2020-05-15",209,1,280,588,8269,0.287217317692587,8325,40549,472,1464,30,6200,54,2170,9,54
"65","2020-05-16",214,1,284,563,8269,0.287217317692587,8325,40549,472,1464,37,6237,39,2209,9,39
"66","2020-05-17",213,1,256,541,8269,0.287217317692587,8325,40549,472,1464,35,6272,30,2239,9,30
"67","2020-05-18",200,1,226,506,8269,0.287217317692587,8325,40549,472,1464,32,6304,22,2261,7,22
"68","2020-05-19",174,1,220,483,8269,0.287217317692587,8325,40549,472,1464,35,6339,20,2281,6,20
"69","2020-05-20",165,1,203,471,8269,0.287217317692587,8325,40549,472,1464,33,6372,20,2301,11,20
"70","2020-05-21",154,1,213,446,8269,0.287217317692587,8325,40549,472,1464,23,6395,27,2328,6,27
"71","2020-05-22",162,1,190,434,8269,0.287217317692587,8325,40549,472,1464,29,6424,13,2341,9,13
"72","2020-05-23",151,1,186,428,8269,0.287217317692587,8325,40549,472,1464,30,6454,21,2362,6,21
"73","2020-05-24",140,1,179,403,8269,0.287217317692587,8325,40549,472,1464,24,6478,22,2384,3,22
"74","2020-05-25",140,1,215,378,8269,0.287217317692587,8325,40549,472,1464,25,6503,47,2431,3,47
"75","2020-05-26",133,1,248,371,8269,0.287217317692587,8325,40549,472,1464,26,6529,54,2485,3,54
"76","2020-05-27",132,1,254,360,8269,0.287217317692587,8325,40549,472,1464,18,6547,42,2527,1,42
"77","2020-05-28",130,1,248,338,8269,0.287217317692587,8325,40549,472,1464,17,6564,39,2566,2,39
"78","2020-05-29",129,1,246,317,8269,0.287217317692587,8325,40549,472,1464,17,6581,25,2591,5,25
"79","2020-05-30",127,1,229,309,8269,0.287217317692587,8325,40549,472,1464,19,6600,25,2616,5,25
"80","2020-05-31",119,1,206,286,8269,0.287217317692587,8325,40549,472,1464,15,6615,18,2634,1,18
"81","2020-06-01",109,1,196,279,8269,0.287217317692587,8325,40549,472,1464,24,6639,16,2650,6,16
"82","2020-06-02",99,1,208,272,8269,0.287217317692587,8325,40549,472,1464,22,6661,37,2687,4,37
"83","2020-06-03",95,1,202,253,8269,0.287217317692587,8325,40549,472,1464,15,6676,23,2710,1,23
"84","2020-06-04",89,1,192,242,8269,0.287217317692587,8325,40549,472,1464,17,6693,19,2729,5,19
"85","2020-06-05",82,1,191,223,8269,0.287217317692587,8325,40549,472,1464,10,6703,25,2754,3,25
"86","2020-06-06",82,1,205,209,8269,0.287217317692587,8325,40549,472,1464,8,6711,45,2799,NA,45
"87","2020-06-07",69,1,209,198,8269,0.287217317692587,8325,40549,472,1464,10,6721,28,2827,2,28
"88","2020-03-07",1,2,0,0,7088,0.59706546275395,8325,36022,362,914,NA,NA,NA,NA,NA,NA
"89","2020-03-08",2,2,0,0,7088,0.59706546275395,8325,36022,362,914,NA,NA,NA,NA,NA,NA
"90","2020-03-09",1,2,0,0,7088,0.59706546275395,8325,36022,362,914,NA,NA,NA,NA,NA,NA
"91","2020-03-10",0,2,0,0,7088,0.59706546275395,8325,36022,362,914,NA,NA,NA,NA,NA,NA
"92","2020-03-11",0,2,0,0,7088,0.59706546275395,8325,36022,362,914,58,58,12,12,NA,12
"93","2020-03-12",0,2,0,0,7088,0.59706546275395,8325,36022,362,914,77,135,29,41,1,29
"94","2020-03-13",2,2,45,118,7088,0.59706546275395,8325,36022,362,914,92,227,40,81,7,40
"95","2020-03-14",6,2,93,173,7088,0.59706546275395,8325,36022,362,914,80,307,20,101,17,20
"96","2020-03-15",19,2,94,215,7088,0.59706546275395,8325,36022,362,914,84,391,20,121,24,20
"97","2020-03-16",30,2,88,291,7088,0.59706546275395,8325,36022,362,914,90,481,37,158,31,37
"98","2020-03-17",34,2,71,359,7088,0.59706546275395,8325,36022,362,914,115,596,40,198,45,40
"99","2020-03-18",45,2,86,438,7088,0.59706546275395,8325,36022,362,914,100,696,34,232,43,34
"100","2020-03-19",63,2,127,534,7088,0.59706546275395,8325,36022,362,914,105,801,46,278,51,46
"101","2020-03-20",92,2,152,605,7088,0.59706546275395,8325,36022,362,914,96,897,55,333,49,55
"102","2020-03-21",128,2,162,738,7088,0.59706546275395,8325,36022,362,914,117,1014,39,372,49,39
"103","2020-03-22",185,2,150,840,7088,0.59706546275395,8325,36022,362,914,136,1150,44,416,55,44
"104","2020-03-23",190,2,186,924,7088,0.59706546275395,8325,36022,362,914,134,1284,42,458,72,42
"105","2020-03-24",198,2,226,1016,7088,0.59706546275395,8325,36022,362,914,135,1419,30,488,77,30
"106","2020-03-25",223,2,214,1123,7088,0.59706546275395,8325,36022,362,914,117,1536,32,520,64,32
"107","2020-03-26",250,2,189,1246,7088,0.59706546275395,8325,36022,362,914,153,1689,21,541,90,21
"108","2020-03-27",353,2,181,1344,7088,0.59706546275395,8325,36022,362,914,113,1802,25,566,63,25
"109","2020-03-28",392,2,200,1430,7088,0.59706546275395,8325,36022,362,914,131,1933,26,592,68,26
"110","2020-03-29",409,2,200,1546,7088,0.59706546275395,8325,36022,362,914,126,2059,27,619,73,27
"111","2020-03-30",437,2,229,1595,7088,0.59706546275395,8325,36022,362,914,136,2195,21,640,74,21
"112","2020-03-31",454,2,235,1688,7088,0.59706546275395,8325,36022,362,914,130,2325,31,671,70,31
"113","2020-04-01",475,2,216,1742,7088,0.59706546275395,8325,36022,362,914,134,2459,16,687,74,16
"114","2020-04-02",505,2,189,1802,7088,0.59706546275395,8325,36022,362,914,137,2596,25,712,72,25
"115","2020-04-03",661,2,195,1844,7088,0.59706546275395,8325,36022,362,914,146,2742,53,765,87,53
"116","2020-04-04",664,2,231,1865,7088,0.59706546275395,8325,36022,362,914,138,2880,40,805,68,40
"117","2020-04-05",598,2,217,1878,7088,0.59706546275395,8325,36022,362,914,116,2996,49,854,53,49
"118","2020-04-06",609,2,239,1934,7088,0.59706546275395,8325,36022,362,914,128,3124,25,879,71,25
"119","2020-04-07",623,2,243,1917,7088,0.59706546275395,8325,36022,362,914,120,3244,40,919,65,40
"120","2020-04-08",630,2,260,1866,7088,0.59706546275395,8325,36022,362,914,125,3369,36,955,62,36
"121","2020-04-09",625,2,250,1839,7088,0.59706546275395,8325,36022,362,914,119,3488,55,1010,73,55
"122","2020-04-10",663,2,257,1822,7088,0.59706546275395,8325,36022,362,914,131,3619,54,1064,63,54
"123","2020-04-11",674,2,284,1797,7088,0.59706546275395,8325,36022,362,914,145,3764,33,1097,64,33
"124","2020-04-12",595,2,245,1755,7088,0.59706546275395,8325,36022,362,914,96,3860,30,1127,41,30
"125","2020-04-13",579,2,231,1677,7088,0.59706546275395,8325,36022,362,914,119,3979,34,1161,69,34
"126","2020-04-14",565,2,208,1629,7088,0.59706546275395,8325,36022,362,914,125,4104,47,1208,55,47
"127","2020-04-15",547,2,207,1549,7088,0.59706546275395,8325,36022,362,914,84,4188,35,1243,31,35
"128","2020-04-16",529,2,219,1469,7088,0.59706546275395,8325,36022,362,914,87,4275,37,1280,44,37
"129","2020-04-17",542,2,195,1414,7088,0.59706546275395,8325,36022,362,914,116,4391,24,1304,58,24
"130","2020-04-18",515,2,216,1343,7088,0.59706546275395,8325,36022,362,914,105,4496,24,1328,45,24
"131","2020-04-19",467,2,247,1297,7088,0.59706546275395,8325,36022,362,914,92,4588,24,1352,35,24
"132","2020-04-20",450,2,256,1223,7088,0.59706546275395,8325,36022,362,914,76,4664,20,1372,31,20
"133","2020-04-21",428,2,220,1168,7088,0.59706546275395,8325,36022,362,914,73,4737,22,1394,30,22
"134","2020-04-22",421,2,220,1104,7088,0.59706546275395,8325,36022,362,914,80,4817,30,1424,31,30
"135","2020-04-23",415,2,242,1063,7088,0.59706546275395,8325,36022,362,914,51,4868,36,1460,18,36
"136","2020-04-24",356,2,243,1015,7088,0.59706546275395,8325,36022,362,914,70,4938,24,1484,35,24
"137","2020-04-25",357,2,227,973,7088,0.59706546275395,8325,36022,362,914,73,5011,27,1511,30,27
"138","2020-04-26",324,2,233,929,7088,0.59706546275395,8325,36022,362,914,64,5075,31,1542,24,31
"139","2020-04-27",316,2,250,887,7088,0.59706546275395,8325,36022,362,914,46,5121,24,1566,18,24
"140","2020-04-28",300,2,239,847,7088,0.59706546275395,8325,36022,362,914,60,5181,22,1588,27,22
"141","2020-04-29",292,2,258,812,7088,0.59706546275395,8325,36022,362,914,68,5249,38,1626,15,38
"142","2020-04-30",272,2,255,768,7088,0.59706546275395,8325,36022,362,914,57,5306,31,1657,22,31
"143","2020-05-01",256,2,226,718,7088,0.59706546275395,8325,36022,362,914,57,5363,34,1691,12,34
"144","2020-05-02",244,2,212,696,7088,0.59706546275395,8325,36022,362,914,54,5417,53,1744,23,53
"145","2020-05-03",251,2,186,645,7088,0.59706546275395,8325,36022,362,914,60,5477,38,1782,20,38
"146","2020-05-04",228,2,170,607,7088,0.59706546275395,8325,36022,362,914,60,5537,24,1806,28,24
"147","2020-05-05",219,2,141,568,7088,0.59706546275395,8325,36022,362,914,56,5593,17,1823,17,17
"148","2020-05-06",205,2,148,526,7088,0.59706546275395,8325,36022,362,914,58,5651,31,1854,17,31
"149","2020-05-07",196,2,190,506,7088,0.59706546275395,8325,36022,362,914,45,5696,39,1893,12,39
"150","2020-05-08",187,2,209,480,7088,0.59706546275395,8325,36022,362,914,42,5738,32,1925,12,32
"151","2020-05-09",173,2,188,460,7088,0.59706546275395,8325,36022,362,914,35,5773,54,1979,13,54
"152","2020-05-10",131,2,176,429,7088,0.59706546275395,8325,36022,362,914,39,5812,55,2034,13,55
"153","2020-05-11",121,2,165,412,7088,0.59706546275395,8325,36022,362,914,44,5856,47,2081,8,47
"154","2020-05-12",115,2,184,400,7088,0.59706546275395,8325,36022,362,914,36,5892,35,2116,9,35
"155","2020-05-13",111,2,218,390,7088,0.59706546275395,8325,36022,362,914,34,5926,39,2155,10,39
"156","2020-05-14",108,2,209,366,7088,0.59706546275395,8325,36022,362,914,43,5969,29,2184,6,29
"157","2020-05-15",113,2,194,357,7088,0.59706546275395,8325,36022,362,914,37,6006,38,2222,9,38
"158","2020-05-16",125,2,192,333,7088,0.59706546275395,8325,36022,362,914,39,6045,23,2245,6,23
"159","2020-05-17",119,2,183,335,7088,0.59706546275395,8325,36022,362,914,28,6073,32,2277,7,32
"160","2020-05-18",123,2,194,330,7088,0.59706546275395,8325,36022,362,914,25,6098,45,2322,4,45
"161","2020-05-19",122,2,170,309,7088,0.59706546275395,8325,36022,362,914,16,6114,25,2347,1,25
"162","2020-05-20",122,2,160,294,7088,0.59706546275395,8325,36022,362,914,28,6142,28,2375,10,28
"163","2020-05-21",119,2,182,286,7088,0.59706546275395,8325,36022,362,914,32,6174,23,2398,9,23
"164","2020-05-22",113,2,199,270,7088,0.59706546275395,8325,36022,362,914,18,6192,31,2429,2,31
"165","2020-05-23",106,2,228,252,7088,0.59706546275395,8325,36022,362,914,24,6216,30,2459,8,30
"166","2020-05-24",94,2,260,233,7088,0.59706546275395,8325,36022,362,914,18,6234,25,2484,4,25
"167","2020-05-25",86,2,249,229,7088,0.59706546275395,8325,36022,362,914,25,6259,31,2515,7,31
"168","2020-05-26",77,2,233,212,7088,0.59706546275395,8325,36022,362,914,15,6274,48,2563,6,48
"169","2020-05-27",71,2,227,190,7088,0.59706546275395,8325,36022,362,914,12,6286,41,2604,4,41
"170","2020-05-28",68,2,199,181,7088,0.59706546275395,8325,36022,362,914,19,6305,40,2644,8,40
"171","2020-05-29",64,2,189,175,7088,0.59706546275395,8325,36022,362,914,29,6334,30,2674,3,30
"172","2020-05-30",66,2,197,177,7088,0.59706546275395,8325,36022,362,914,14,6348,39,2713,5,39
"173","2020-05-31",57,2,224,168,7088,0.59706546275395,8325,36022,362,914,11,6359,27,2740,4,27
"174","2020-06-01",50,2,228,159,7088,0.59706546275395,8325,36022,362,914,8,6367,30,2770,2,30
"175","2020-06-02",47,2,232,153,7088,0.59706546275395,8325,36022,362,914,23,6390,36,2806,5,36
"176","2020-06-03",47,2,235,152,7088,0.59706546275395,8325,36022,362,914,12,6402,27,2833,1,27
"177","2020-06-04",47,2,225,150,7088,0.59706546275395,8325,36022,362,914,6,6408,30,2863,NA,30
"178","2020-06-05",56,2,204,150,7088,0.59706546275395,8325,36022,362,914,12,6420,36,2899,1,36
"179","2020-06-06",50,2,217,149,7088,0.59706546275395,8325,36022,362,914,11,6431,15,2914,3,15
"180","2020-06-07",44,2,206,139,7088,0.59706546275395,8325,36022,362,914,12,6443,34,2948,5,34
"181","2020-03-13",6,3,138,213,8305,0.43046357615894,8190,38155,482,1857,40,112,28,71,7,28
"182","2020-03-14",28,3,210,322,8305,0.43046357615894,8190,38155,482,1857,61,173,43,114,33,43
"183","2020-03-15",36,3,259,449,8305,0.43046357615894,8190,38155,482,1857,60,233,48,162,38,48
"184","2020-03-16",52,3,306,557,8305,0.43046357615894,8190,38155,482,1857,58,291,40,202,43,40
"185","2020-03-17",73,3,357,693,8305,0.43046357615894,8190,38155,482,1857,77,368,57,259,57,57
"186","2020-03-18",106,3,376,818,8305,0.43046357615894,8190,38155,482,1857,75,443,38,297,58,38
"187","2020-03-19",138,3,378,928,8305,0.43046357615894,8190,38155,482,1857,106,549,39,336,80,39
"188","2020-03-20",200,3,355,1042,8305,0.43046357615894,8190,38155,482,1857,111,660,34,370,93,34
"189","2020-03-21",240,3,350,1168,8305,0.43046357615894,8190,38155,482,1857,110,770,54,424,82,54
"190","2020-03-22",311,3,323,1294,8305,0.43046357615894,8190,38155,482,1857,126,896,42,466,113,42
"191","2020-03-23",330,3,336,1399,8305,0.43046357615894,8190,38155,482,1857,140,1036,45,511,116,45
"192","2020-03-24",340,3,316,1497,8305,0.43046357615894,8190,38155,482,1857,134,1170,64,575,108,64
"193","2020-03-25",354,3,323,1579,8305,0.43046357615894,8190,38155,482,1857,150,1320,40,615,133,40
"194","2020-03-26",385,3,301,1708,8305,0.43046357615894,8190,38155,482,1857,176,1496,36,651,153,36
"195","2020-03-27",516,3,281,1772,8305,0.43046357615894,8190,38155,482,1857,162,1658,30,681,142,30
"196","2020-03-28",561,3,290,1816,8305,0.43046357615894,8190,38155,482,1857,171,1829,27,708,150,27
"197","2020-03-29",520,3,319,1883,8305,0.43046357615894,8190,38155,482,1857,201,2030,40,748,187,40
"198","2020-03-30",524,3,290,1900,8305,0.43046357615894,8190,38155,482,1857,179,2209,15,763,166,15
"199","2020-03-31",541,3,287,1937,8305,0.43046357615894,8190,38155,482,1857,173,2382,28,791,155,28
"200","2020-04-01",566,3,302,1989,8305,0.43046357615894,8190,38155,482,1857,214,2596,32,823,194,32
"201","2020-04-02",583,3,277,2030,8305,0.43046357615894,8190,38155,482,1857,230,2826,24,847,217,24
"202","2020-04-03",666,3,273,2030,8305,0.43046357615894,8190,38155,482,1857,179,3005,23,870,159,23
"203","2020-04-04",675,3,317,2003,8305,0.43046357615894,8190,38155,482,1857,190,3195,26,896,176,26
"204","2020-04-05",646,3,342,1985,8305,0.43046357615894,8190,38155,482,1857,181,3376,54,950,154,54
"205","2020-04-06",649,3,339,1980,8305,0.43046357615894,8190,38155,482,1857,207,3583,48,998,186,48
"206","2020-04-07",657,3,355,1947,8305,0.43046357615894,8190,38155,482,1857,175,3758,33,1031,163,33
"207","2020-04-08",653,3,354,1924,8305,0.43046357615894,8190,38155,482,1857,184,3942,37,1068,175,37
"208","2020-04-09",642,3,393,1881,8305,0.43046357615894,8190,38155,482,1857,187,4129,22,1090,169,22
"209","2020-04-10",649,3,371,1822,8305,0.43046357615894,8190,38155,482,1857,181,4310,26,1116,159,26
"210","2020-04-11",609,3,352,1773,8305,0.43046357615894,8190,38155,482,1857,130,4440,20,1136,115,20
"211","2020-04-12",593,3,349,1711,8305,0.43046357615894,8190,38155,482,1857,151,4591,21,1157,135,21
"212","2020-04-13",579,3,321,1630,8305,0.43046357615894,8190,38155,482,1857,134,4725,12,1169,115,12
"213","2020-04-14",538,3,326,1557,8305,0.43046357615894,8190,38155,482,1857,128,4853,15,1184,116,15
"214","2020-04-15",524,3,308,1479,8305,0.43046357615894,8190,38155,482,1857,110,4963,18,1202,96,18
"215","2020-04-16",511,3,281,1420,8305,0.43046357615894,8190,38155,482,1857,75,5038,32,1234,69,32
"216","2020-04-17",500,3,268,1361,8305,0.43046357615894,8190,38155,482,1857,101,5139,25,1259,88,25
"217","2020-04-18",500,3,273,1284,8305,0.43046357615894,8190,38155,482,1857,81,5220,23,1282,68,23
"218","2020-04-19",430,3,274,1224,8305,0.43046357615894,8190,38155,482,1857,98,5318,20,1302,84,20
"219","2020-04-20",413,3,297,1165,8305,0.43046357615894,8190,38155,482,1857,77,5395,22,1324,69,22
"220","2020-04-21",407,3,295,1108,8305,0.43046357615894,8190,38155,482,1857,70,5465,25,1349,56,25
"221","2020-04-22",380,3,280,1064,8305,0.43046357615894,8190,38155,482,1857,77,5542,44,1393,70,44
"222","2020-04-23",355,3,282,1019,8305,0.43046357615894,8190,38155,482,1857,59,5601,51,1444,46,51
"223","2020-04-24",320,3,318,974,8305,0.43046357615894,8190,38155,482,1857,53,5654,43,1487,42,43
"224","2020-04-25",332,3,341,942,8305,0.43046357615894,8190,38155,482,1857,41,5695,44,1531,29,44
"225","2020-04-26",333,3,347,915,8305,0.43046357615894,8190,38155,482,1857,32,5727,55,1586,23,55
"226","2020-04-27",310,3,356,890,8305,0.43046357615894,8190,38155,482,1857,38,5765,53,1639,28,53
"227","2020-04-28",294,3,361,849,8305,0.43046357615894,8190,38155,482,1857,37,5802,32,1671,27,32
"228","2020-04-29",290,3,339,821,8305,0.43046357615894,8190,38155,482,1857,52,5854,21,1692,42,21
"229","2020-04-30",295,3,324,792,8305,0.43046357615894,8190,38155,482,1857,30,5884,52,1744,17,52
"230","2020-05-01",280,3,316,764,8305,0.43046357615894,8190,38155,482,1857,35,5919,44,1788,26,44
"231","2020-05-02",267,3,308,733,8305,0.43046357615894,8190,38155,482,1857,26,5945,44,1832,20,44
"232","2020-05-03",247,3,305,703,8305,0.43046357615894,8190,38155,482,1857,41,5986,28,1860,25,28
"233","2020-05-04",242,3,339,661,8305,0.43046357615894,8190,38155,482,1857,24,6010,34,1894,17,34
"234","2020-05-05",230,3,386,657,8305,0.43046357615894,8190,38155,482,1857,22,6032,26,1920,12,26
"235","2020-05-06",225,3,371,638,8305,0.43046357615894,8190,38155,482,1857,27,6059,31,1951,19,31
"236","2020-05-07",211,3,363,592,8305,0.43046357615894,8190,38155,482,1857,30,6089,25,1976,21,25
"237","2020-05-08",209,3,325,557,8305,0.43046357615894,8190,38155,482,1857,25,6114,26,2002,9,26
"238","2020-05-09",190,3,328,546,8305,0.43046357615894,8190,38155,482,1857,32,6146,21,2023,18,21
"239","2020-05-10",177,3,349,523,8305,0.43046357615894,8190,38155,482,1857,29,6175,37,2060,13,37
"240","2020-05-11",175,3,326,485,8305,0.43046357615894,8190,38155,482,1857,23,6198,33,2093,17,33
"241","2020-05-12",154,3,334,469,8305,0.43046357615894,8190,38155,482,1857,14,6212,21,2114,11,21
"242","2020-05-13",149,3,358,436,8305,0.43046357615894,8190,38155,482,1857,27,6239,37,2151,18,37
"243","2020-05-14",147,3,342,419,8305,0.43046357615894,8190,38155,482,1857,21,6260,29,2180,12,29
"244","2020-05-15",132,3,347,412,8305,0.43046357615894,8190,38155,482,1857,22,6282,37,2217,11,37
"245","2020-05-16",141,3,342,407,8305,0.43046357615894,8190,38155,482,1857,20,6302,26,2243,12,26
"246","2020-05-17",138,3,356,384,8305,0.43046357615894,8190,38155,482,1857,16,6318,20,2263,11,20
"247","2020-05-18",125,3,350,363,8305,0.43046357615894,8190,38155,482,1857,23,6341,32,2295,13,32
"248","2020-05-19",115,3,362,339,8305,0.43046357615894,8190,38155,482,1857,20,6361,31,2326,11,31
"249","2020-05-20",114,3,368,331,8305,0.43046357615894,8190,38155,482,1857,13,6374,41,2367,10,41
"250","2020-05-21",100,3,343,317,8305,0.43046357615894,8190,38155,482,1857,7,6381,44,2411,5,44
"251","2020-05-22",94,3,330,303,8305,0.43046357615894,8190,38155,482,1857,10,6391,40,2451,3,40
"252","2020-05-23",96,3,326,269,8305,0.43046357615894,8190,38155,482,1857,12,6403,32,2483,4,32
"253","2020-05-24",82,3,318,251,8305,0.43046357615894,8190,38155,482,1857,14,6417,27,2510,10,27
"254","2020-05-25",78,3,321,247,8305,0.43046357615894,8190,38155,482,1857,9,6426,52,2562,7,52
"255","2020-05-26",85,3,319,248,8305,0.43046357615894,8190,38155,482,1857,11,6437,39,2601,9,39
"256","2020-05-27",86,3,333,242,8305,0.43046357615894,8190,38155,482,1857,7,6444,53,2654,4,53
"257","2020-05-28",88,3,316,229,8305,0.43046357615894,8190,38155,482,1857,14,6458,36,2690,11,36
"258","2020-05-29",92,3,313,219,8305,0.43046357615894,8190,38155,482,1857,9,6467,31,2721,4,31
"259","2020-05-30",78,3,324,202,8305,0.43046357615894,8190,38155,482,1857,18,6485,40,2761,13,40
"260","2020-05-31",82,3,325,196,8305,0.43046357615894,8190,38155,482,1857,13,6498,32,2793,7,32
"261","2020-06-01",76,3,337,182,8305,0.43046357615894,8190,38155,482,1857,11,6509,41,2834,7,41
"262","2020-06-02",64,3,319,179,8305,0.43046357615894,8190,38155,482,1857,12,6521,28,2862,6,28
"263","2020-06-03",60,3,330,171,8305,0.43046357615894,8190,38155,482,1857,10,6531,37,2899,6,37
"264","2020-06-04",55,3,342,159,8305,0.43046357615894,8190,38155,482,1857,7,6538,34,2933,5,34
"265","2020-06-05",51,3,368,148,8305,0.43046357615894,8190,38155,482,1857,8,6546,40,2973,6,40
"266","2020-06-06",53,3,354,146,8305,0.43046357615894,8190,38155,482,1857,12,6558,33,3006,8,33
"267","2020-06-07",46,3,371,144,8305,0.43046357615894,8190,38155,482,1857,11,6569,17,3023,7,17
"268","2020-03-13",2,4,67,115,6792,0.627502944640754,8190,36068,360,1114,92,268,9,69,26,9
"269","2020-03-14",13,4,98,152,6792,0.627502944640754,8190,36068,360,1114,100,368,11,80,29,11
"270","2020-03-15",22,4,105,212,6792,0.627502944640754,8190,36068,360,1114,115,483,14,94,44,14
"271","2020-03-16",28,4,121,276,6792,0.627502944640754,8190,36068,360,1114,121,604,27,121,56,27
"272","2020-03-17",30,4,132,360,6792,0.627502944640754,8190,36068,360,1114,148,752,84,205,67,84
"273","2020-03-18",40,4,131,435,6792,0.627502944640754,8190,36068,360,1114,157,909,92,297,78,92
"274","2020-03-19",57,4,141,513,6792,0.627502944640754,8190,36068,360,1114,161,1070,39,336,87,39
"275","2020-03-20",92,4,179,587,6792,0.627502944640754,8190,36068,360,1114,168,1238,17,353,99,17
"276","2020-03-21",136,4,169,671,6792,0.627502944640754,8190,36068,360,1114,154,1392,24,377,83,24
"277","2020-03-22",159,4,163,744,6792,0.627502944640754,8190,36068,360,1114,141,1533,21,398,83,21
"278","2020-03-23",161,4,165,833,6792,0.627502944640754,8190,36068,360,1114,142,1675,20,418,79,20
"279","2020-03-24",197,4,216,921,6792,0.627502944640754,8190,36068,360,1114,166,1841,19,437,95,19
"280","2020-03-25",213,4,268,985,6792,0.627502944640754,8190,36068,360,1114,175,2016,23,460,93,23
"281","2020-03-26",226,4,256,1044,6792,0.627502944640754,8190,36068,360,1114,169,2185,67,527,94,67
"282","2020-03-27",304,4,214,1162,6792,0.627502944640754,8190,36068,360,1114,150,2335,74,601,77,74
"283","2020-03-28",314,4,194,1258,6792,0.627502944640754,8190,36068,360,1114,156,2491,87,688,95,87
"284","2020-03-29",348,4,237,1315,6792,0.627502944640754,8190,36068,360,1114,160,2651,49,737,88,49
"285","2020-03-30",370,4,235,1371,6792,0.627502944640754,8190,36068,360,1114,143,2794,21,758,88,21
"286","2020-03-31",370,4,264,1437,6792,0.627502944640754,8190,36068,360,1114,145,2939,16,774,84,16
"287","2020-04-01",409,4,248,1491,6792,0.627502944640754,8190,36068,360,1114,148,3087,38,812,88,38
"288","2020-04-02",427,4,279,1523,6792,0.627502944640754,8190,36068,360,1114,146,3233,15,827,91,15
"289","2020-04-03",522,4,258,1570,6792,0.627502944640754,8190,36068,360,1114,154,3387,13,840,76,13
"290","2020-04-04",558,4,252,1580,6792,0.627502944640754,8190,36068,360,1114,135,3522,15,855,74,15
"291","2020-04-05",497,4,228,1590,6792,0.627502944640754,8190,36068,360,1114,146,3668,33,888,78,33
"292","2020-04-06",490,4,207,1593,6792,0.627502944640754,8190,36068,360,1114,112,3780,22,910,66,22
"293","2020-04-07",474,4,199,1603,6792,0.627502944640754,8190,36068,360,1114,132,3912,32,942,70,32
"294","2020-04-08",461,4,213,1576,6792,0.627502944640754,8190,36068,360,1114,137,4049,36,978,75,36
"295","2020-04-09",474,4,221,1571,6792,0.627502944640754,8190,36068,360,1114,119,4168,17,995,71,17
"296","2020-04-10",511,4,226,1571,6792,0.627502944640754,8190,36068,360,1114,106,4274,18,1013,52,18
"297","2020-04-11",508,4,257,1556,6792,0.627502944640754,8190,36068,360,1114,110,4384,19,1032,51,19
"298","2020-04-12",469,4,274,1527,6792,0.627502944640754,8190,36068,360,1114,97,4481,33,1065,48,33
"299","2020-04-13",470,4,249,1496,6792,0.627502944640754,8190,36068,360,1114,99,4580,59,1124,38,59
"300","2020-04-14",485,4,249,1480,6792,0.627502944640754,8190,36068,360,1114,103,4683,24,1148,58,24
"301","2020-04-15",492,4,255,1487,6792,0.627502944640754,8190,36068,360,1114,114,4797,23,1171,57,23
"302","2020-04-16",482,4,280,1445,6792,0.627502944640754,8190,36068,360,1114,101,4898,19,1190,59,19
"303","2020-04-17",532,4,291,1425,6792,0.627502944640754,8190,36068,360,1114,94,4992,20,1210,36,20
"304","2020-04-18",525,4,278,1361,6792,0.627502944640754,8190,36068,360,1114,87,5079,57,1267,31,57
"305","2020-04-19",483,4,259,1324,6792,0.627502944640754,8190,36068,360,1114,93,5172,35,1302,41,35
"306","2020-04-20",467,4,230,1282,6792,0.627502944640754,8190,36068,360,1114,97,5269,27,1329,43,27
"307","2020-04-21",449,4,197,1234,6792,0.627502944640754,8190,36068,360,1114,91,5360,24,1353,42,24
"308","2020-04-22",438,4,180,1206,6792,0.627502944640754,8190,36068,360,1114,74,5434,41,1394,33,41
"309","2020-04-23",432,4,171,1136,6792,0.627502944640754,8190,36068,360,1114,70,5504,45,1439,30,45
"310","2020-04-24",414,4,160,1082,6792,0.627502944640754,8190,36068,360,1114,69,5573,27,1466,34,27
"311","2020-04-25",401,4,160,1050,6792,0.627502944640754,8190,36068,360,1114,75,5648,19,1485,30,19
"312","2020-04-26",361,4,216,1000,6792,0.627502944640754,8190,36068,360,1114,75,5723,20,1505,30,20
"313","2020-04-27",343,4,241,938,6792,0.627502944640754,8190,36068,360,1114,51,5774,18,1523,22,18
"314","2020-04-28",339,4,256,882,6792,0.627502944640754,8190,36068,360,1114,54,5828,24,1547,24,24
"315","2020-04-29",326,4,238,842,6792,0.627502944640754,8190,36068,360,1114,57,5885,18,1565,24,18
"316","2020-04-30",311,4,240,835,6792,0.627502944640754,8190,36068,360,1114,66,5951,21,1586,21,21
"317","2020-05-01",283,4,214,796,6792,0.627502944640754,8190,36068,360,1114,49,6000,13,1599,20,13
"318","2020-05-02",280,4,224,746,6792,0.627502944640754,8190,36068,360,1114,51,6051,28,1627,20,28
"319","2020-05-03",283,4,243,702,6792,0.627502944640754,8190,36068,360,1114,51,6102,25,1652,19,25
"320","2020-05-04",282,4,226,670,6792,0.627502944640754,8190,36068,360,1114,49,6151,28,1680,18,28
"321","2020-05-05",265,4,232,658,6792,0.627502944640754,8190,36068,360,1114,56,6207,23,1703,22,23
"322","2020-05-06",253,4,239,626,6792,0.627502944640754,8190,36068,360,1114,48,6255,25,1728,18,25
"323","2020-05-07",240,4,260,587,6792,0.627502944640754,8190,36068,360,1114,36,6291,21,1749,10,21
"324","2020-05-08",214,4,262,555,6792,0.627502944640754,8190,36068,360,1114,32,6323,23,1772,9,23
"325","2020-05-09",221,4,256,525,6792,0.627502944640754,8190,36068,360,1114,55,6378,30,1802,15,30
"326","2020-05-10",188,4,241,496,6792,0.627502944640754,8190,36068,360,1114,40,6418,39,1841,12,39
"327","2020-05-11",176,4,280,466,6792,0.627502944640754,8190,36068,360,1114,35,6453,25,1866,15,25
"328","2020-05-12",162,4,306,450,6792,0.627502944640754,8190,36068,360,1114,35,6488,9,1875,9,9
"329","2020-05-13",155,4,335,441,6792,0.627502944640754,8190,36068,360,1114,31,6519,68,1943,14,68
"330","2020-05-14",156,4,358,410,6792,0.627502944640754,8190,36068,360,1114,35,6554,47,1990,13,47
"331","2020-05-15",155,4,362,400,6792,0.627502944640754,8190,36068,360,1114,38,6592,26,2016,16,26
"332","2020-05-16",131,4,310,384,6792,0.627502944640754,8190,36068,360,1114,34,6626,15,2031,11,15
"333","2020-05-17",128,4,284,377,6792,0.627502944640754,8190,36068,360,1114,30,6656,17,2048,10,17
"334","2020-05-18",122,4,264,345,6792,0.627502944640754,8190,36068,360,1114,25,6681,26,2074,10,26
"335","2020-05-19",117,4,269,331,6792,0.627502944640754,8190,36068,360,1114,33,6714,72,2146,9,72
"336","2020-05-20",112,4,255,320,6792,0.627502944640754,8190,36068,360,1114,26,6740,31,2177,13,31
"337","2020-05-21",104,4,243,316,6792,0.627502944640754,8190,36068,360,1114,25,6765,28,2205,11,28
"338","2020-05-22",111,4,253,310,6792,0.627502944640754,8190,36068,360,1114,21,6786,37,2242,10,37
"339","2020-05-23",111,4,280,296,6792,0.627502944640754,8190,36068,360,1114,26,6812,34,2276,17,34
"340","2020-05-24",107,4,262,285,6792,0.627502944640754,8190,36068,360,1114,20,6832,75,2351,6,75
"341","2020-05-25",98,4,232,266,6792,0.627502944640754,8190,36068,360,1114,17,6849,38,2389,5,38
"342","2020-05-26",85,4,208,267,6792,0.627502944640754,8190,36068,360,1114,21,6870,69,2458,8,69
"343","2020-05-27",80,4,195,263,6792,0.627502944640754,8190,36068,360,1114,20,6890,47,2505,3,47
"344","2020-05-28",82,4,176,248,6792,0.627502944640754,8190,36068,360,1114,22,6912,30,2535,11,30
"345","2020-05-29",80,4,150,240,6792,0.627502944640754,8190,36068,360,1114,16,6928,48,2583,7,48
"346","2020-05-30",81,4,153,233,6792,0.627502944640754,8190,36068,360,1114,19,6947,38,2621,9,38
"347","2020-05-31",64,4,187,233,6792,0.627502944640754,8190,36068,360,1114,17,6964,38,2659,8,38
"348","2020-06-01",64,4,226,227,6792,0.627502944640754,8190,36068,360,1114,15,6979,20,2679,8,20
"349","2020-06-02",69,4,210,209,6792,0.627502944640754,8190,36068,360,1114,15,6994,27,2706,8,27
"350","2020-06-03",73,4,195,197,6792,0.627502944640754,8190,36068,360,1114,10,7004,45,2751,4,45
"351","2020-06-04",70,4,170,177,6792,0.627502944640754,8190,36068,360,1114,16,7020,29,2780,5,29
"352","2020-06-05",67,4,167,167,6792,0.627502944640754,8190,36068,360,1114,13,7033,37,2817,4,37
"353","2020-06-06",68,4,148,158,6792,0.627502944640754,8190,36068,360,1114,13,7046,37,2854,1,37
"354","2020-06-07",68,4,138,150,6792,0.627502944640754,8190,36068,360,1114,15,7061,63,2917,8,63
"355","2020-03-07",1,5,0,0,7101,0.531051964512041,8325,36776,392,652,NA,NA,NA,NA,NA,NA
"356","2020-03-08",2,5,0,0,7101,0.531051964512041,8325,36776,392,652,NA,NA,NA,NA,NA,NA
"357","2020-03-09",1,5,0,0,7101,0.531051964512041,8325,36776,392,652,NA,NA,NA,NA,NA,NA
"358","2020-03-10",0,5,0,0,7101,0.531051964512041,8325,36776,392,652,NA,NA,6,6,NA,6
"359","2020-03-11",0,5,0,0,7101,0.531051964512041,8325,36776,392,652,19,19,24,30,2,24
"360","2020-03-12",0,5,0,0,7101,0.531051964512041,8325,36776,392,652,16,35,27,57,1,27
"361","2020-03-13",3,5,90,127,7101,0.531051964512041,8325,36776,392,652,36,71,45,102,6,45
"362","2020-03-14",16,5,97,183,7101,0.531051964512041,8325,36776,392,652,30,101,53,155,14,53
"363","2020-03-15",25,5,124,263,7101,0.531051964512041,8325,36776,392,652,39,140,53,208,18,53
"364","2020-03-16",28,5,137,333,7101,0.531051964512041,8325,36776,392,652,48,188,42,250,20,42
"365","2020-03-17",42,5,154,420,7101,0.531051964512041,8325,36776,392,652,50,238,37,287,27,37
"366","2020-03-18",61,5,150,517,7101,0.531051964512041,8325,36776,392,652,67,305,20,307,45,20
"367","2020-03-19",78,5,156,582,7101,0.531051964512041,8325,36776,392,652,61,366,23,330,38,23
"368","2020-03-20",118,5,150,682,7101,0.531051964512041,8325,36776,392,652,79,445,17,347,50,17
"369","2020-03-21",196,5,181,772,7101,0.531051964512041,8325,36776,392,652,97,542,15,362,63,15
"370","2020-03-22",209,5,193,904,7101,0.531051964512041,8325,36776,392,652,103,645,39,401,76,39
"371","2020-03-23",216,5,199,998,7101,0.531051964512041,8325,36776,392,652,103,748,38,439,71,38
"372","2020-03-24",235,5,194,1063,7101,0.531051964512041,8325,36776,392,652,114,862,43,482,95,43
"373","2020-03-25",259,5,180,1162,7101,0.531051964512041,8325,36776,392,652,122,984,47,529,104,47
"374","2020-03-26",288,5,191,1253,7101,0.531051964512041,8325,36776,392,652,139,1123,26,555,117,26
"375","2020-03-27",390,5,165,1336,7101,0.531051964512041,8325,36776,392,652,130,1253,30,585,116,30
"376","2020-03-28",406,5,153,1392,7101,0.531051964512041,8325,36776,392,652,184,1437,55,640,159,55
"377","2020-03-29",440,5,146,1457,7101,0.531051964512041,8325,36776,392,652,185,1622,46,686,166,46
"378","2020-03-30",440,5,158,1513,7101,0.531051964512041,8325,36776,392,652,187,1809,35,721,166,35
"379","2020-03-31",452,5,196,1535,7101,0.531051964512041,8325,36776,392,652,157,1966,33,754,138,33
"380","2020-04-01",450,5,222,1556,7101,0.531051964512041,8325,36776,392,652,204,2170,27,781,177,27
"381","2020-04-02",454,5,220,1596,7101,0.531051964512041,8325,36776,392,652,189,2359,22,803,159,22
"382","2020-04-03",530,5,238,1616,7101,0.531051964512041,8325,36776,392,652,183,2542,23,826,160,23
"383","2020-04-04",522,5,250,1653,7101,0.531051964512041,8325,36776,392,652,201,2743,33,859,179,33
"384","2020-04-05",494,5,259,1671,7101,0.531051964512041,8325,36776,392,652,215,2958,43,902,198,43
"385","2020-04-06",511,5,272,1670,7101,0.531051964512041,8325,36776,392,652,229,3187,42,944,211,42
"386","2020-04-07",503,5,240,1670,7101,0.531051964512041,8325,36776,392,652,206,3393,28,972,180,28
"387","2020-04-08",529,5,234,1665,7101,0.531051964512041,8325,36776,392,652,158,3551,24,996,136,24
"388","2020-04-09",543,5,248,1637,7101,0.531051964512041,8325,36776,392,652,188,3739,47,1043,164,47
"389","2020-04-10",592,5,231,1649,7101,0.531051964512041,8325,36776,392,652,167,3906,32,1075,145,32
"390","2020-04-11",581,5,203,1611,7101,0.531051964512041,8325,36776,392,652,222,4128,30,1105,199,30
"391","2020-04-12",542,5,174,1581,7101,0.531051964512041,8325,36776,392,652,141,4269,21,1126,124,21
"392","2020-04-13",531,5,188,1554,7101,0.531051964512041,8325,36776,392,652,130,4399,27,1153,106,27
"393","2020-04-14",511,5,175,1495,7101,0.531051964512041,8325,36776,392,652,147,4546,31,1184,126,31
"394","2020-04-15",504,5,161,1437,7101,0.531051964512041,8325,36776,392,652,130,4676,32,1216,113,32
"395","2020-04-16",506,5,150,1372,7101,0.531051964512041,8325,36776,392,652,127,4803,28,1244,111,28
"396","2020-04-17",519,5,137,1330,7101,0.531051964512041,8325,36776,392,652,115,4918,28,1272,93,28
"397","2020-04-18",521,5,161,1290,7101,0.531051964512041,8325,36776,392,652,99,5017,28,1300,86,28
"398","2020-04-19",463,5,177,1213,7101,0.531051964512041,8325,36776,392,652,100,5117,32,1332,89,32
"399","2020-04-20",454,5,203,1184,7101,0.531051964512041,8325,36776,392,652,88,5205,15,1347,71,15
"400","2020-04-21",440,5,227,1132,7101,0.531051964512041,8325,36776,392,652,96,5301,14,1361,78,14
"401","2020-04-22",422,5,237,1089,7101,0.531051964512041,8325,36776,392,652,85,5386,14,1375,64,14
"402","2020-04-23",398,5,263,1068,7101,0.531051964512041,8325,36776,392,652,76,5462,17,1392,63,17
"403","2020-04-24",358,5,246,1034,7101,0.531051964512041,8325,36776,392,652,56,5518,25,1417,42,25
"404","2020-04-25",334,5,231,1021,7101,0.531051964512041,8325,36776,392,652,65,5583,24,1441,47,24
"405","2020-04-26",320,5,206,969,7101,0.531051964512041,8325,36776,392,652,47,5630,41,1482,29,41
"406","2020-04-27",306,5,220,952,7101,0.531051964512041,8325,36776,392,652,49,5679,39,1521,39,39
"407","2020-04-28",294,5,234,923,7101,0.531051964512041,8325,36776,392,652,46,5725,28,1549,36,28
"408","2020-04-29",278,5,214,894,7101,0.531051964512041,8325,36776,392,652,47,5772,39,1588,34,39
"409","2020-04-30",270,5,207,844,7101,0.531051964512041,8325,36776,392,652,31,5803,40,1628,21,40
"410","2020-05-01",269,5,233,799,7101,0.531051964512041,8325,36776,392,652,39,5842,39,1667,26,39
"411","2020-05-02",271,5,254,784,7101,0.531051964512041,8325,36776,392,652,37,5879,20,1687,28,20
"412","2020-05-03",250,5,276,760,7101,0.531051964512041,8325,36776,392,652,28,5907,22,1709,20,22
"413","2020-05-04",249,5,271,729,7101,0.531051964512041,8325,36776,392,652,34,5941,25,1734,23,25
"414","2020-05-05",241,5,257,695,7101,0.531051964512041,8325,36776,392,652,19,5960,25,1759,13,25
"415","2020-05-06",241,5,247,676,7101,0.531051964512041,8325,36776,392,652,23,5983,21,1780,17,21
"416","2020-05-07",234,5,220,638,7101,0.531051964512041,8325,36776,392,652,23,6006,18,1798,17,18
"417","2020-05-08",238,5,207,613,7101,0.531051964512041,8325,36776,392,652,21,6027,19,1817,13,19
"418","2020-05-09",245,5,192,589,7101,0.531051964512041,8325,36776,392,652,24,6051,9,1826,13,9
"419","2020-05-10",219,5,176,568,7101,0.531051964512041,8325,36776,392,652,28,6079,23,1849,12,23
"420","2020-05-11",199,5,178,532,7101,0.531051964512041,8325,36776,392,652,24,6103,20,1869,8,20
"421","2020-05-12",193,5,174,495,7101,0.531051964512041,8325,36776,392,652,11,6114,19,1888,5,19
"422","2020-05-13",181,5,161,471,7101,0.531051964512041,8325,36776,392,652,13,6127,16,1904,6,16
"423","2020-05-14",172,5,156,441,7101,0.531051964512041,8325,36776,392,652,15,6142,20,1924,4,20
"424","2020-05-15",161,5,150,418,7101,0.531051964512041,8325,36776,392,652,15,6157,18,1942,8,18
"425","2020-05-16",148,5,140,421,7101,0.531051964512041,8325,36776,392,652,14,6171,18,1960,3,18
"426","2020-05-17",134,5,123,410,7101,0.531051964512041,8325,36776,392,652,6,6177,16,1976,5,16
"427","2020-05-18",135,5,113,384,7101,0.531051964512041,8325,36776,392,652,11,6188,19,1995,5,19
"428","2020-05-19",125,5,113,376,7101,0.531051964512041,8325,36776,392,652,10,6198,17,2012,4,17
"429","2020-05-20",127,5,144,336,7101,0.531051964512041,8325,36776,392,652,11,6209,28,2040,4,28
"430","2020-05-21",124,5,171,326,7101,0.531051964512041,8325,36776,392,652,8,6217,17,2057,4,17
"431","2020-05-22",123,5,197,311,7101,0.531051964512041,8325,36776,392,652,14,6231,17,2074,2,17
"432","2020-05-23",118,5,213,293,7101,0.531051964512041,8325,36776,392,652,7,6238,47,2121,2,47
"433","2020-05-24",100,5,232,283,7101,0.531051964512041,8325,36776,392,652,13,6251,25,2146,5,25
"434","2020-05-25",92,5,224,267,7101,0.531051964512041,8325,36776,392,652,5,6256,30,2176,3,30
"435","2020-05-26",90,5,195,256,7101,0.531051964512041,8325,36776,392,652,10,6266,21,2197,7,21
"436","2020-05-27",86,5,190,239,7101,0.531051964512041,8325,36776,392,652,10,6276,24,2221,5,24
"437","2020-05-28",78,5,192,221,7101,0.531051964512041,8325,36776,392,652,14,6290,22,2243,5,22
"438","2020-05-29",71,5,188,214,7101,0.531051964512041,8325,36776,392,652,16,6306,19,2262,10,19
"439","2020-05-30",70,5,203,191,7101,0.531051964512041,8325,36776,392,652,9,6315,12,2274,2,12
"440","2020-05-31",73,5,201,173,7101,0.531051964512041,8325,36776,392,652,6,6321,25,2299,2,25
"441","2020-06-01",73,5,184,166,7101,0.531051964512041,8325,36776,392,652,11,6332,41,2340,3,41
"442","2020-06-02",73,5,203,156,7101,0.531051964512041,8325,36776,392,652,8,6340,47,2387,4,47
"443","2020-06-03",65,5,176,144,7101,0.531051964512041,8325,36776,392,652,6,6346,37,2424,6,37
"444","2020-06-04",62,5,164,137,7101,0.531051964512041,8325,36776,392,652,6,6352,25,2449,3,25
"445","2020-06-05",55,5,170,135,7101,0.531051964512041,8325,36776,392,652,7,6359,21,2470,2,21
"446","2020-06-06",49,5,177,135,7101,0.531051964512041,8325,36776,392,652,7,6366,24,2494,4,24
"447","2020-06-07",39,5,164,127,7101,0.531051964512041,8325,36776,392,652,6,6372,22,2516,4,22
"448","2020-03-13",3,6,179,162,7189,0.636806231742941,8235,37451,415,2167,60,150,5,42,8,5
"449","2020-03-14",23,6,230,234,7189,0.636806231742941,8235,37451,415,2167,55,205,8,50,15,8
"450","2020-03-15",32,6,276,331,7189,0.636806231742941,8235,37451,415,2167,80,285,8,58,26,8
"451","2020-03-16",35,6,262,432,7189,0.636806231742941,8235,37451,415,2167,73,358,55,113,29,55
"452","2020-03-17",51,6,294,542,7189,0.636806231742941,8235,37451,415,2167,106,464,49,162,62,49
"453","2020-03-18",64,6,312,688,7189,0.636806231742941,8235,37451,415,2167,108,572,32,194,55,32
"454","2020-03-19",88,6,281,800,7189,0.636806231742941,8235,37451,415,2167,118,690,24,218,69,24
"455","2020-03-20",129,6,261,908,7189,0.636806231742941,8235,37451,415,2167,130,820,11,229,86,11
"456","2020-03-21",192,6,246,1018,7189,0.636806231742941,8235,37451,415,2167,142,962,22,251,82,22
"457","2020-03-22",265,6,237,1140,7189,0.636806231742941,8235,37451,415,2167,149,1111,66,317,102,66
"458","2020-03-23",288,6,266,1241,7189,0.636806231742941,8235,37451,415,2167,141,1252,77,394,103,77
"459","2020-03-24",293,6,298,1307,7189,0.636806231742941,8235,37451,415,2167,138,1390,51,445,89,51
"460","2020-03-25",331,6,263,1417,7189,0.636806231742941,8235,37451,415,2167,141,1531,40,485,98,40
"461","2020-03-26",363,6,221,1484,7189,0.636806231742941,8235,37451,415,2167,171,1702,18,503,121,18
"462","2020-03-27",522,6,204,1551,7189,0.636806231742941,8235,37451,415,2167,188,1890,15,518,130,15
"463","2020-03-28",521,6,216,1585,7189,0.636806231742941,8235,37451,415,2167,183,2073,26,544,133,26
"464","2020-03-29",497,6,240,1627,7189,0.636806231742941,8235,37451,415,2167,159,2232,35,579,113,35
"465","2020-03-30",503,6,236,1641,7189,0.636806231742941,8235,37451,415,2167,162,2394,46,625,127,46
"466","2020-03-31",516,6,238,1666,7189,0.636806231742941,8235,37451,415,2167,185,2579,29,654,137,29
"467","2020-04-01",514,6,222,1698,7189,0.636806231742941,8235,37451,415,2167,183,2762,22,676,137,22
"468","2020-04-02",512,6,209,1666,7189,0.636806231742941,8235,37451,415,2167,144,2906,20,696,119,20
"469","2020-04-03",523,6,195,1648,7189,0.636806231742941,8235,37451,415,2167,192,3098,14,710,153,14
"470","2020-04-04",551,6,165,1613,7189,0.636806231742941,8235,37451,415,2167,140,3238,25,735,102,25
"471","2020-04-05",540,6,170,1594,7189,0.636806231742941,8235,37451,415,2167,139,3377,19,754,105,19
"472","2020-04-06",520,6,218,1585,7189,0.636806231742941,8235,37451,415,2167,131,3508,16,770,91,16
"473","2020-04-07",516,6,217,1554,7189,0.636806231742941,8235,37451,415,2167,152,3660,20,790,112,20
"474","2020-04-08",519,6,248,1524,7189,0.636806231742941,8235,37451,415,2167,149,3809,58,848,99,58
"475","2020-04-09",521,6,234,1499,7189,0.636806231742941,8235,37451,415,2167,120,3929,38,886,86,38
"476","2020-04-10",544,6,241,1444,7189,0.636806231742941,8235,37451,415,2167,148,4077,51,937,118,51
"477","2020-04-11",516,6,224,1424,7189,0.636806231742941,8235,37451,415,2167,101,4178,67,1004,70,67
"478","2020-04-12",474,6,221,1373,7189,0.636806231742941,8235,37451,415,2167,128,4306,33,1037,93,33
"479","2020-04-13",475,6,214,1368,7189,0.636806231742941,8235,37451,415,2167,93,4399,23,1060,73,23
"480","2020-04-14",453,6,178,1297,7189,0.636806231742941,8235,37451,415,2167,110,4509,17,1077,73,17
"481","2020-04-15",448,6,181,1238,7189,0.636806231742941,8235,37451,415,2167,95,4604,22,1099,57,22
"482","2020-04-16",422,6,166,1205,7189,0.636806231742941,8235,37451,415,2167,100,4704,17,1116,62,17
"483","2020-04-17",416,6,158,1157,7189,0.636806231742941,8235,37451,415,2167,72,4776,42,1158,42,42
"484","2020-04-18",417,6,180,1133,7189,0.636806231742941,8235,37451,415,2167,77,4853,24,1182,54,24
"485","2020-04-19",361,6,175,1105,7189,0.636806231742941,8235,37451,415,2167,90,4943,22,1204,49,22
"486","2020-04-20",356,6,155,1071,7189,0.636806231742941,8235,37451,415,2167,69,5012,20,1224,34,20
"487","2020-04-21",363,6,160,1034,7189,0.636806231742941,8235,37451,415,2167,72,5084,19,1243,43,19
"488","2020-04-22",352,6,145,997,7189,0.636806231742941,8235,37451,415,2167,61,5145,54,1297,33,54
"489","2020-04-23",355,6,153,977,7189,0.636806231742941,8235,37451,415,2167,52,5197,33,1330,27,33
"490","2020-04-24",342,6,195,920,7189,0.636806231742941,8235,37451,415,2167,66,5263,22,1352,35,22
"491","2020-04-25",340,6,264,889,7189,0.636806231742941,8235,37451,415,2167,58,5321,11,1363,30,11
"492","2020-04-26",319,6,291,874,7189,0.636806231742941,8235,37451,415,2167,59,5380,33,1396,31,33
"493","2020-04-27",303,6,250,846,7189,0.636806231742941,8235,37451,415,2167,57,5437,18,1414,26,18
"494","2020-04-28",273,6,215,816,7189,0.636806231742941,8235,37451,415,2167,42,5479,15,1429,25,15
"495","2020-04-29",265,6,272,802,7189,0.636806231742941,8235,37451,415,2167,68,5547,19,1448,34,19
"496","2020-04-30",266,6,297,778,7189,0.636806231742941,8235,37451,415,2167,44,5591,49,1497,13,49
"497","2020-05-01",264,6,282,749,7189,0.636806231742941,8235,37451,415,2167,40,5631,27,1524,21,27
"498","2020-05-02",242,6,299,711,7189,0.636806231742941,8235,37451,415,2167,47,5678,42,1566,24,42
"499","2020-05-03",234,6,266,686,7189,0.636806231742941,8235,37451,415,2167,34,5712,19,1585,9,19
"500","2020-05-04",225,6,242,670,7189,0.636806231742941,8235,37451,415,2167,33,5745,34,1619,16,34
"501","2020-05-05",222,6,223,657,7189,0.636806231742941,8235,37451,415,2167,39,5784,50,1669,19,50
"502","2020-05-06",215,6,209,646,7189,0.636806231742941,8235,37451,415,2167,42,5826,24,1693,20,24
"503","2020-05-07",203,6,212,627,7189,0.636806231742941,8235,37451,415,2167,48,5874,26,1719,23,26
"504","2020-05-08",197,6,213,603,7189,0.636806231742941,8235,37451,415,2167,39,5913,15,1734,18,15
"505","2020-05-09",198,6,216,585,7189,0.636806231742941,8235,37451,415,2167,31,5944,48,1782,10,48
"506","2020-05-10",189,6,237,575,7189,0.636806231742941,8235,37451,415,2167,27,5971,34,1816,10,34
"507","2020-05-11",192,6,244,556,7189,0.636806231742941,8235,37451,415,2167,28,5999,44,1860,13,44
"508","2020-05-12",186,6,231,535,7189,0.636806231742941,8235,37451,415,2167,34,6033,22,1882,13,22
"509","2020-05-13",178,6,207,514,7189,0.636806231742941,8235,37451,415,2167,31,6064,37,1919,13,37
"510","2020-05-14",180,6,207,473,7189,0.636806231742941,8235,37451,415,2167,29,6093,23,1942,10,23
"511","2020-05-15",183,6,176,471,7189,0.636806231742941,8235,37451,415,2167,23,6116,10,1952,12,10
"512","2020-05-16",180,6,200,459,7189,0.636806231742941,8235,37451,415,2167,32,6148,11,1963,15,11
"513","2020-05-17",158,6,189,445,7189,0.636806231742941,8235,37451,415,2167,25,6173,10,1973,8,10
"514","2020-05-18",157,6,177,421,7189,0.636806231742941,8235,37451,415,2167,25,6198,15,1988,11,15
"515","2020-05-19",142,6,168,390,7189,0.636806231742941,8235,37451,415,2167,27,6225,11,1999,9,11
"516","2020-05-20",151,6,161,363,7189,0.636806231742941,8235,37451,415,2167,18,6243,8,2007,7,8
"517","2020-05-21",142,6,153,341,7189,0.636806231742941,8235,37451,415,2167,19,6262,9,2016,6,9
"518","2020-05-22",130,6,147,318,7189,0.636806231742941,8235,37451,415,2167,18,6280,12,2028,3,12
"519","2020-05-23",124,6,151,296,7189,0.636806231742941,8235,37451,415,2167,23,6303,9,2037,10,9
"520","2020-05-24",121,6,154,293,7189,0.636806231742941,8235,37451,415,2167,17,6320,34,2071,5,34
"521","2020-05-25",109,6,164,280,7189,0.636806231742941,8235,37451,415,2167,13,6333,20,2091,2,20
"522","2020-05-26",113,6,158,279,7189,0.636806231742941,8235,37451,415,2167,18,6351,27,2118,6,27
"523","2020-05-27",95,6,155,266,7189,0.636806231742941,8235,37451,415,2167,18,6369,23,2141,6,23
"524","2020-05-28",88,6,146,254,7189,0.636806231742941,8235,37451,415,2167,14,6383,43,2184,3,43
"525","2020-05-29",84,6,141,239,7189,0.636806231742941,8235,37451,415,2167,12,6395,23,2207,4,23
"526","2020-05-30",82,6,139,225,7189,0.636806231742941,8235,37451,415,2167,13,6408,19,2226,6,19
"527","2020-05-31",80,6,192,230,7189,0.636806231742941,8235,37451,415,2167,10,6418,56,2282,6,56
"528","2020-06-01",74,6,229,215,7189,0.636806231742941,8235,37451,415,2167,4,6422,31,2313,2,31
"529","2020-06-02",63,6,260,204,7189,0.636806231742941,8235,37451,415,2167,9,6431,26,2339,4,26
"530","2020-06-03",65,6,284,204,7189,0.636806231742941,8235,37451,415,2167,6,6437,30,2369,1,31
"531","2020-06-04",63,6,250,190,7189,0.636806231742941,8235,37451,415,2167,18,6455,38,2407,2,38
"532","2020-06-05",71,6,245,189,7189,0.636806231742941,8235,37451,415,2167,7,6462,57,2464,2,57
"533","2020-06-06",69,6,248,174,7189,0.636806231742941,8235,37451,415,2167,11,6473,30,2494,3,30
"534","2020-06-07",55,6,234,161,7189,0.636806231742941,8235,37451,415,2167,7,6480,22,2516,4,22
"535","2020-03-13",8,7,62,263,8333,0.285011400456018,8205,39931,431,712,39,89,55,101,10,55
"536","2020-03-14",27,7,75,364,8333,0.285011400456018,8205,39931,431,712,41,130,26,127,14,26
"537","2020-03-15",58,7,94,468,8333,0.285011400456018,8205,39931,431,712,51,181,17,144,27,17
"538","2020-03-16",61,7,105,586,8333,0.285011400456018,8205,39931,431,712,63,244,23,167,40,23
"539","2020-03-17",69,7,128,709,8333,0.285011400456018,8205,39931,431,712,60,304,60,227,37,60
"540","2020-03-18",94,7,150,820,8333,0.285011400456018,8205,39931,431,712,52,356,29,256,33,29
"541","2020-03-19",122,7,159,913,8333,0.285011400456018,8205,39931,431,712,91,447,48,304,53,48
"542","2020-03-20",198,7,149,1011,8333,0.285011400456018,8205,39931,431,712,96,543,58,362,79,58
"543","2020-03-21",265,7,168,1102,8333,0.285011400456018,8205,39931,431,712,95,638,26,388,74,26
"544","2020-03-22",287,7,166,1191,8333,0.285011400456018,8205,39931,431,712,98,736,49,437,69,49
"545","2020-03-23",309,7,168,1274,8333,0.285011400456018,8205,39931,431,712,103,839,30,467,81,30
"546","2020-03-24",321,7,154,1346,8333,0.285011400456018,8205,39931,431,712,124,963,16,483,105,16
"547","2020-03-25",363,7,150,1402,8333,0.285011400456018,8205,39931,431,712,125,1088,12,495,96,12
"548","2020-03-26",391,7,153,1465,8333,0.285011400456018,8205,39931,431,712,131,1219,13,508,108,13
"549","2020-03-27",510,7,174,1484,8333,0.285011400456018,8205,39931,431,712,133,1352,49,557,104,49
"550","2020-03-28",497,7,170,1493,8333,0.285011400456018,8205,39931,431,712,131,1483,49,606,103,49
"551","2020-03-29",500,7,184,1529,8333,0.285011400456018,8205,39931,431,712,167,1650,51,657,143,51
"552","2020-03-30",505,7,207,1558,8333,0.285011400456018,8205,39931,431,712,175,1825,26,683,146,26
"553","2020-03-31",511,7,242,1571,8333,0.285011400456018,8205,39931,431,712,170,1995,57,740,133,57
"554","2020-04-01",511,7,266,1632,8333,0.285011400456018,8205,39931,431,712,152,2147,66,806,126,66
"555","2020-04-02",513,7,261,1659,8333,0.285011400456018,8205,39931,431,712,149,2296,24,830,123,24
"556","2020-04-03",597,7,252,1682,8333,0.285011400456018,8205,39931,431,712,160,2456,12,842,130,12
"557","2020-04-04",603,7,236,1695,8333,0.285011400456018,8205,39931,431,712,161,2617,37,879,145,37
"558","2020-04-05",546,7,237,1675,8333,0.285011400456018,8205,39931,431,712,157,2774,20,899,133,20
"559","2020-04-06",560,7,225,1655,8333,0.285011400456018,8205,39931,431,712,135,2909,13,912,111,13
"560","2020-04-07",551,7,229,1642,8333,0.285011400456018,8205,39931,431,712,156,3065,11,923,134,11
"561","2020-04-08",542,7,209,1615,8333,0.285011400456018,8205,39931,431,712,150,3215,36,959,131,36
"562","2020-04-09",534,7,190,1605,8333,0.285011400456018,8205,39931,431,712,130,3345,20,979,106,20
"563","2020-04-10",542,7,187,1597,8333,0.285011400456018,8205,39931,431,712,138,3483,23,1002,116,23
"564","2020-04-11",526,7,170,1556,8333,0.285011400456018,8205,39931,431,712,129,3612,31,1033,113,31
"565","2020-04-12",493,7,187,1505,8333,0.285011400456018,8205,39931,431,712,154,3766,23,1056,122,23
"566","2020-04-13",484,7,214,1465,8333,0.285011400456018,8205,39931,431,712,137,3903,13,1069,118,13
"567","2020-04-14",462,7,219,1451,8333,0.285011400456018,8205,39931,431,712,104,4007,13,1082,86,13
"568","2020-04-15",460,7,224,1423,8333,0.285011400456018,8205,39931,431,712,132,4139,12,1094,104,12
"569","2020-04-16",466,7,219,1364,8333,0.285011400456018,8205,39931,431,712,118,4257,39,1133,88,39
"570","2020-04-17",453,7,243,1331,8333,0.285011400456018,8205,39931,431,712,116,4373,24,1157,96,24
"571","2020-04-18",459,7,249,1270,8333,0.285011400456018,8205,39931,431,712,118,4491,20,1177,101,20
"572","2020-04-19",411,7,242,1274,8333,0.285011400456018,8205,39931,431,712,102,4593,20,1197,85,20
"573","2020-04-20",399,7,255,1236,8333,0.285011400456018,8205,39931,431,712,118,4711,20,1217,108,20
"574","2020-04-21",407,7,241,1199,8333,0.285011400456018,8205,39931,431,712,108,4819,7,1224,86,7
"575","2020-04-22",391,7,244,1165,8333,0.285011400456018,8205,39931,431,712,73,4892,14,1238,59,14
"576","2020-04-23",368,7,259,1127,8333,0.285011400456018,8205,39931,431,712,71,4963,8,1246,61,8
"577","2020-04-24",374,7,246,1090,8333,0.285011400456018,8205,39931,431,712,70,5033,8,1254,54,8
"578","2020-04-25",365,7,222,1058,8333,0.285011400456018,8205,39931,431,712,81,5114,39,1293,62,39
"579","2020-04-26",345,7,196,1040,8333,0.285011400456018,8205,39931,431,712,68,5182,24,1317,51,24
"580","2020-04-27",336,7,181,1000,8333,0.285011400456018,8205,39931,431,712,55,5237,32,1349,39,32
"581","2020-04-28",320,7,165,980,8333,0.285011400456018,8205,39931,431,712,61,5298,9,1358,45,9
"582","2020-04-29",303,7,168,974,8333,0.285011400456018,8205,39931,431,712,63,5361,10,1368,41,10
"583","2020-04-30",298,7,157,955,8333,0.285011400456018,8205,39931,431,712,59,5420,9,1377,42,9
"584","2020-05-01",276,7,151,930,8333,0.285011400456018,8205,39931,431,712,52,5472,7,1384,35,7
"585","2020-05-02",301,7,163,904,8333,0.285011400456018,8205,39931,431,712,37,5509,19,1403,25,19
"586","2020-05-03",287,7,172,876,8333,0.285011400456018,8205,39931,431,712,47,5556,7,1410,35,7
"587","2020-05-04",266,7,210,845,8333,0.285011400456018,8205,39931,431,712,39,5595,7,1417,28,7
"588","2020-05-05",266,7,197,811,8333,0.285011400456018,8205,39931,431,712,39,5634,14,1431,23,14
"589","2020-05-06",267,7,241,785,8333,0.285011400456018,8205,39931,431,712,29,5663,31,1462,23,31
"590","2020-05-07",277,7,235,760,8333,0.285011400456018,8205,39931,431,712,46,5709,26,1488,26,26
"591","2020-05-08",276,7,213,739,8333,0.285011400456018,8205,39931,431,712,31,5740,14,1502,18,14
"592","2020-05-09",263,7,190,689,8333,0.285011400456018,8205,39931,431,712,27,5767,22,1524,13,22
"593","2020-05-10",241,7,198,661,8333,0.285011400456018,8205,39931,431,712,29,5796,22,1546,19,22
"594","2020-05-11",238,7,203,650,8333,0.285011400456018,8205,39931,431,712,31,5827,19,1565,13,19
"595","2020-05-12",233,7,181,643,8333,0.285011400456018,8205,39931,431,712,25,5852,15,1580,12,15
"596","2020-05-13",228,7,174,623,8333,0.285011400456018,8205,39931,431,712,25,5877,32,1612,11,32
"597","2020-05-14",203,7,187,592,8333,0.285011400456018,8205,39931,431,712,31,5908,25,1637,21,25
"598","2020-05-15",187,7,238,581,8333,0.285011400456018,8205,39931,431,712,26,5934,25,1662,11,25
"599","2020-05-16",188,7,234,548,8333,0.285011400456018,8205,39931,431,712,13,5947,16,1678,5,16
"600","2020-05-17",178,7,229,517,8333,0.285011400456018,8205,39931,431,712,19,5966,12,1690,10,12
"601","2020-05-18",169,7,234,500,8333,0.285011400456018,8205,39931,431,712,10,5976,13,1703,4,13
"602","2020-05-19",156,7,232,468,8333,0.285011400456018,8205,39931,431,712,22,5998,10,1713,13,10
"603","2020-05-20",152,7,252,437,8333,0.285011400456018,8205,39931,431,712,13,6011,4,1717,7,4
"604","2020-05-21",148,7,274,398,8333,0.285011400456018,8205,39931,431,712,14,6025,8,1725,7,8
"605","2020-05-22",152,7,258,384,8333,0.285011400456018,8205,39931,431,712,19,6044,7,1732,10,7
"606","2020-05-23",129,7,232,365,8333,0.285011400456018,8205,39931,431,712,8,6052,3,1735,6,3
"607","2020-05-24",117,7,225,354,8333,0.285011400456018,8205,39931,431,712,16,6068,5,1740,10,5
"608","2020-05-25",119,7,238,331,8333,0.285011400456018,8205,39931,431,712,21,6089,59,1799,15,59
"609","2020-05-26",113,7,239,318,8333,0.285011400456018,8205,39931,431,712,20,6109,57,1856,12,57
"610","2020-05-27",108,7,225,314,8333,0.285011400456018,8205,39931,431,712,15,6124,58,1914,10,58
"611","2020-05-28",106,7,251,300,8333,0.285011400456018,8205,39931,431,712,16,6140,37,1951,6,37
"612","2020-05-29",101,7,242,290,8333,0.285011400456018,8205,39931,431,712,16,6156,35,1986,6,35
"613","2020-05-30",114,7,224,274,8333,0.285011400456018,8205,39931,431,712,10,6166,26,2012,6,26
"614","2020-05-31",107,7,203,276,8333,0.285011400456018,8205,39931,431,712,11,6177,16,2028,8,16
"615","2020-06-01",91,7,219,264,8333,0.285011400456018,8205,39931,431,712,14,6191,29,2057,8,29
"616","2020-06-02",83,7,237,251,8333,0.285011400456018,8205,39931,431,712,10,6201,25,2082,6,25
"617","2020-06-03",80,7,224,235,8333,0.285011400456018,8205,39931,431,712,14,6215,10,2092,7,10
"618","2020-06-04",82,7,227,223,8333,0.285011400456018,8205,39931,431,712,3,6218,34,2126,1,34
"619","2020-06-05",87,7,220,215,8333,0.285011400456018,8205,39931,431,712,10,6228,18,2144,9,18
"620","2020-06-06",84,7,235,202,8333,0.285011400456018,8205,39931,431,712,10,6238,24,2168,4,24
"621","2020-06-07",74,7,228,181,8333,0.285011400456018,8205,39931,431,712,4,6242,25,2193,1,25
"622","2020-03-13",4,8,101,193,7796,0.487044638276039,8250,37920,393,2057,61,163,13,72,5,13
"623","2020-03-14",22,8,128,261,7796,0.487044638276039,8250,37920,393,2057,58,221,7,79,14,7
"624","2020-03-15",38,8,167,348,7796,0.487044638276039,8250,37920,393,2057,72,293,36,115,21,36
"625","2020-03-16",54,8,176,455,7796,0.487044638276039,8250,37920,393,2057,78,371,20,135,25,20
"626","2020-03-17",70,8,221,560,7796,0.487044638276039,8250,37920,393,2057,79,450,44,179,27,44
"627","2020-03-18",92,8,261,670,7796,0.487044638276039,8250,37920,393,2057,67,517,13,192,28,13
"628","2020-03-19",109,8,293,774,7796,0.487044638276039,8250,37920,393,2057,88,605,17,209,42,17
"629","2020-03-20",161,8,295,895,7796,0.487044638276039,8250,37920,393,2057,89,694,12,221,41,12
"630","2020-03-21",178,8,294,1017,7796,0.487044638276039,8250,37920,393,2057,74,768,33,254,37,33
"631","2020-03-22",253,8,324,1102,7796,0.487044638276039,8250,37920,393,2057,100,868,24,278,60,24
"632","2020-03-23",270,8,298,1209,7796,0.487044638276039,8250,37920,393,2057,106,974,9,287,46,9
"633","2020-03-24",276,8,291,1304,7796,0.487044638276039,8250,37920,393,2057,112,1086,11,298,62,11
"634","2020-03-25",304,8,278,1409,7796,0.487044638276039,8250,37920,393,2057,114,1200,22,320,67,22
"635","2020-03-26",337,8,268,1509,7796,0.487044638276039,8250,37920,393,2057,102,1302,19,339,49,19
"636","2020-03-27",471,8,257,1616,7796,0.487044638276039,8250,37920,393,2057,108,1410,44,383,65,44
"637","2020-03-28",491,8,271,1706,7796,0.487044638276039,8250,37920,393,2057,116,1526,52,435,64,52
"638","2020-03-29",517,8,269,1773,7796,0.487044638276039,8250,37920,393,2057,123,1649,58,493,63,58
"639","2020-03-30",523,8,306,1867,7796,0.487044638276039,8250,37920,393,2057,127,1776,51,544,73,51
"640","2020-03-31",514,8,279,1940,7796,0.487044638276039,8250,37920,393,2057,110,1886,39,583,55,39
"641","2020-04-01",535,8,251,1950,7796,0.487044638276039,8250,37920,393,2057,109,1995,28,611,59,28
"642","2020-04-02",550,8,255,2008,7796,0.487044638276039,8250,37920,393,2057,119,2114,51,662,68,51
"643","2020-04-03",685,8,287,1995,7796,0.487044638276039,8250,37920,393,2057,108,2222,54,716,72,54
"644","2020-04-04",714,8,287,1990,7796,0.487044638276039,8250,37920,393,2057,126,2348,24,740,70,24
"645","2020-04-05",630,8,293,1960,7796,0.487044638276039,8250,37920,393,2057,111,2459,21,761,69,21
"646","2020-04-06",651,8,273,1960,7796,0.487044638276039,8250,37920,393,2057,119,2578,28,789,69,28
"647","2020-04-07",640,8,273,1933,7796,0.487044638276039,8250,37920,393,2057,90,2668,44,833,48,44
"648","2020-04-08",639,8,287,1900,7796,0.487044638276039,8250,37920,393,2057,108,2776,19,852,66,19
"649","2020-04-09",656,8,296,1835,7796,0.487044638276039,8250,37920,393,2057,106,2882,21,873,63,21
"650","2020-04-10",655,8,297,1764,7796,0.487044638276039,8250,37920,393,2057,108,2990,38,911,63,38
"651","2020-04-11",652,8,284,1712,7796,0.487044638276039,8250,37920,393,2057,100,3090,29,940,53,29
"652","2020-04-12",598,8,267,1678,7796,0.487044638276039,8250,37920,393,2057,94,3184,59,999,47,59
"653","2020-04-13",573,8,304,1585,7796,0.487044638276039,8250,37920,393,2057,90,3274,28,1027,45,28
"654","2020-04-14",554,8,302,1549,7796,0.487044638276039,8250,37920,393,2057,99,3373,22,1049,54,22
"655","2020-04-15",522,8,316,1471,7796,0.487044638276039,8250,37920,393,2057,97,3470,38,1087,51,38
"656","2020-04-16",482,8,305,1413,7796,0.487044638276039,8250,37920,393,2057,109,3579,37,1124,53,37
"657","2020-04-17",479,8,303,1354,7796,0.487044638276039,8250,37920,393,2057,94,3673,30,1154,55,30
"658","2020-04-18",463,8,291,1294,7796,0.487044638276039,8250,37920,393,2057,65,3738,15,1169,27,15
"659","2020-04-19",419,8,259,1246,7796,0.487044638276039,8250,37920,393,2057,84,3822,51,1220,39,51
"660","2020-04-20",398,8,276,1177,7796,0.487044638276039,8250,37920,393,2057,98,3920,42,1262,53,42
"661","2020-04-21",384,8,289,1125,7796,0.487044638276039,8250,37920,393,2057,72,3992,31,1293,37,31
"662","2020-04-22",391,8,305,1064,7796,0.487044638276039,8250,37920,393,2057,84,4076,54,1347,41,54
"663","2020-04-23",385,8,284,1029,7796,0.487044638276039,8250,37920,393,2057,86,4162,21,1368,40,21
"664","2020-04-24",351,8,275,973,7796,0.487044638276039,8250,37920,393,2057,61,4223,31,1399,26,31
"665","2020-04-25",346,8,275,926,7796,0.487044638276039,8250,37920,393,2057,74,4297,46,1445,27,46
"666","2020-04-26",326,8,282,889,7796,0.487044638276039,8250,37920,393,2057,67,4364,30,1475,26,30
"667","2020-04-27",320,8,275,843,7796,0.487044638276039,8250,37920,393,2057,70,4434,22,1497,34,22
"668","2020-04-28",302,8,337,813,7796,0.487044638276039,8250,37920,393,2057,64,4498,9,1506,35,9
"669","2020-04-29",281,8,341,793,7796,0.487044638276039,8250,37920,393,2057,66,4564,23,1529,24,23
"670","2020-04-30",277,8,327,783,7796,0.487044638276039,8250,37920,393,2057,52,4616,16,1545,26,16
"671","2020-05-01",283,8,327,750,7796,0.487044638276039,8250,37920,393,2057,60,4676,21,1566,23,21
"672","2020-05-02",286,8,315,717,7796,0.487044638276039,8250,37920,393,2057,67,4743,27,1593,21,27
"673","2020-05-03",249,8,327,685,7796,0.487044638276039,8250,37920,393,2057,57,4800,13,1606,24,13
"674","2020-05-04",238,8,313,671,7796,0.487044638276039,8250,37920,393,2057,52,4852,22,1628,18,22
"675","2020-05-05",233,8,300,651,7796,0.487044638276039,8250,37920,393,2057,50,4902,19,1647,21,19
"676","2020-05-06",225,8,318,621,7796,0.487044638276039,8250,37920,393,2057,52,4954,13,1660,18,13
"677","2020-05-07",212,8,332,584,7796,0.487044638276039,8250,37920,393,2057,42,4996,17,1677,14,17
"678","2020-05-08",193,8,325,552,7796,0.487044638276039,8250,37920,393,2057,61,5057,39,1716,24,39
"679","2020-05-09",185,8,318,525,7796,0.487044638276039,8250,37920,393,2057,34,5091,28,1744,15,28
"680","2020-05-10",166,8,287,506,7796,0.487044638276039,8250,37920,393,2057,51,5142,15,1759,20,15
"681","2020-05-11",148,8,274,487,7796,0.487044638276039,8250,37920,393,2057,45,5187,10,1769,14,10
"682","2020-05-12",145,8,254,444,7796,0.487044638276039,8250,37920,393,2057,35,5222,14,1783,11,14
"683","2020-05-13",144,8,271,421,7796,0.487044638276039,8250,37920,393,2057,42,5264,15,1798,17,15
"684","2020-05-14",137,8,295,398,7796,0.487044638276039,8250,37920,393,2057,39,5303,28,1826,15,28
"685","2020-05-15",118,8,326,377,7796,0.487044638276039,8250,37920,393,2057,44,5347,47,1873,18,47
"686","2020-05-16",114,8,330,363,7796,0.487044638276039,8250,37920,393,2057,37,5384,38,1911,18,38
"687","2020-05-17",110,8,328,357,7796,0.487044638276039,8250,37920,393,2057,46,5430,70,1981,17,70
"688","2020-05-18",108,8,332,346,7796,0.487044638276039,8250,37920,393,2057,32,5462,58,2039,11,58
"689","2020-05-19",100,8,346,335,7796,0.487044638276039,8250,37920,393,2057,41,5503,41,2080,13,41
"690","2020-05-20",93,8,365,317,7796,0.487044638276039,8250,37920,393,2057,34,5537,23,2103,15,23
"691","2020-05-21",90,8,345,298,7796,0.487044638276039,8250,37920,393,2057,34,5571,27,2130,12,27
"692","2020-05-22",96,8,351,279,7796,0.487044638276039,8250,37920,393,2057,28,5599,15,2145,8,15
"693","2020-05-23",96,8,361,259,7796,0.487044638276039,8250,37920,393,2057,32,5631,29,2174,15,29
"694","2020-05-24",90,8,343,244,7796,0.487044638276039,8250,37920,393,2057,15,5646,40,2214,4,40
"695","2020-05-25",85,8,333,224,7796,0.487044638276039,8250,37920,393,2057,20,5666,31,2245,7,31
"696","2020-05-26",82,8,325,213,7796,0.487044638276039,8250,37920,393,2057,17,5683,29,2274,9,29
"697","2020-05-27",79,8,311,203,7796,0.487044638276039,8250,37920,393,2057,20,5703,25,2299,6,25
"698","2020-05-28",77,8,319,193,7796,0.487044638276039,8250,37920,393,2057,20,5723,20,2319,3,20
"699","2020-05-29",75,8,320,183,7796,0.487044638276039,8250,37920,393,2057,30,5753,15,2334,9,15
"700","2020-05-30",65,8,301,185,7796,0.487044638276039,8250,37920,393,2057,22,5775,13,2347,11,13
"701","2020-05-31",59,8,291,179,7796,0.487044638276039,8250,37920,393,2057,16,5791,18,2365,3,18
"702","2020-06-01",56,8,280,170,7796,0.487044638276039,8250,37920,393,2057,22,5813,39,2404,6,39
"703","2020-06-02",53,8,290,162,7796,0.487044638276039,8250,37920,393,2057,15,5828,18,2422,8,18
"704","2020-06-03",54,8,314,154,7796,0.487044638276039,8250,37920,393,2057,15,5843,14,2436,4,14
"705","2020-06-04",49,8,329,150,7796,0.487044638276039,8250,37920,393,2057,15,5858,14,2450,5,14
"706","2020-06-05",42,8,314,138,7796,0.487044638276039,8250,37920,393,2057,13,5871,23,2473,4,23
"707","2020-06-06",47,8,336,131,7796,0.487044638276039,8250,37920,393,2057,10,5881,12,2485,5,12
"708","2020-06-07",38,8,335,128,7796,0.487044638276039,8250,37920,393,2057,15,5896,5,2490,2,5
"709","2020-03-08",1,9,0,0,6770,0.903397341211226,8430,33386,320,1389,NA,NA,NA,NA,NA,NA
"710","2020-03-09",1,9,0,0,6770,0.903397341211226,8430,33386,320,1389,NA,NA,NA,NA,NA,NA
"711","2020-03-10",0,9,0,0,6770,0.903397341211226,8430,33386,320,1389,NA,NA,7,7,NA,7
"712","2020-03-11",0,9,0,0,6770,0.903397341211226,8430,33386,320,1389,22,22,60,67,7,60
"713","2020-03-12",0,9,0,0,6770,0.903397341211226,8430,33386,320,1389,20,42,28,95,10,28
"714","2020-03-13",2,9,182,76,6770,0.903397341211226,8430,33386,320,1389,28,70,9,104,15,9
"715","2020-03-14",3,9,191,119,6770,0.903397341211226,8430,33386,320,1389,39,109,12,116,22,12
"716","2020-03-15",14,9,205,178,6770,0.903397341211226,8430,33386,320,1389,26,135,21,137,19,21
"717","2020-03-16",21,9,204,216,6770,0.903397341211226,8430,33386,320,1389,30,165,60,197,18,60
"718","2020-03-17",23,9,250,284,6770,0.903397341211226,8430,33386,320,1389,55,220,62,259,39,62
"719","2020-03-18",38,9,255,372,6770,0.903397341211226,8430,33386,320,1389,57,277,50,309,46,50
"720","2020-03-19",48,9,224,461,6770,0.903397341211226,8430,33386,320,1389,67,344,72,381,52,72
"721","2020-03-20",92,9,195,546,6770,0.903397341211226,8430,33386,320,1389,56,400,54,435,51,54
"722","2020-03-21",127,9,174,647,6770,0.903397341211226,8430,33386,320,1389,67,467,27,462,60,27
"723","2020-03-22",149,9,168,732,6770,0.903397341211226,8430,33386,320,1389,101,568,19,481,85,19
"724","2020-03-23",155,9,188,829,6770,0.903397341211226,8430,33386,320,1389,91,659,57,538,79,57
"725","2020-03-24",164,9,177,932,6770,0.903397341211226,8430,33386,320,1389,97,756,46,584,89,46
"726","2020-03-25",184,9,176,1038,6770,0.903397341211226,8430,33386,320,1389,121,877,43,627,112,43
"727","2020-03-26",213,9,161,1121,6770,0.903397341211226,8430,33386,320,1389,105,982,33,660,92,33
"728","2020-03-27",311,9,155,1248,6770,0.903397341211226,8430,33386,320,1389,145,1127,45,705,134,45
"729","2020-03-28",347,9,219,1345,6770,0.903397341211226,8430,33386,320,1389,126,1253,28,733,114,28
"730","2020-03-29",384,9,254,1460,6770,0.903397341211226,8430,33386,320,1389,134,1387,44,777,122,44
"731","2020-03-30",403,9,267,1550,6770,0.903397341211226,8430,33386,320,1389,165,1552,34,811,149,34
"732","2020-03-31",412,9,230,1620,6770,0.903397341211226,8430,33386,320,1389,148,1700,35,846,143,35
"733","2020-04-01",450,9,246,1721,6770,0.903397341211226,8430,33386,320,1389,174,1874,24,870,164,24
"734","2020-04-02",482,9,230,1851,6770,0.903397341211226,8430,33386,320,1389,178,2052,12,882,170,12
"735","2020-04-03",624,9,228,1944,6770,0.903397341211226,8430,33386,320,1389,199,2251,14,896,186,14
"736","2020-04-04",712,9,236,2001,6770,0.903397341211226,8430,33386,320,1389,207,2458,1,897,197,1
"737","2020-04-05",629,9,234,2066,6770,0.903397341211226,8430,33386,320,1389,172,2630,4,901,158,4
"738","2020-04-06",630,9,193,2091,6770,0.903397341211226,8430,33386,320,1389,168,2798,13,914,157,13
"739","2020-04-07",665,9,178,2105,6770,0.903397341211226,8430,33386,320,1389,206,3004,61,975,192,61
"740","2020-04-08",655,9,188,2124,6770,0.903397341211226,8430,33386,320,1389,175,3179,100,1075,165,100
"741","2020-04-09",661,9,206,2126,6770,0.903397341211226,8430,33386,320,1389,169,3348,68,1143,158,68
"742","2020-04-10",743,9,240,2094,6770,0.903397341211226,8430,33386,320,1389,174,3522,28,1171,163,28
"743","2020-04-11",672,9,234,2063,6770,0.903397341211226,8430,33386,320,1389,119,3641,29,1200,117,29
"744","2020-04-12",656,9,215,2012,6770,0.903397341211226,8430,33386,320,1389,150,3791,19,1219,140,19
"745","2020-04-13",660,9,187,1958,6770,0.903397341211226,8430,33386,320,1389,177,3968,16,1235,166,16
"746","2020-04-14",634,9,194,1861,6770,0.903397341211226,8430,33386,320,1389,137,4105,12,1247,126,12
"747","2020-04-15",634,9,187,1806,6770,0.903397341211226,8430,33386,320,1389,152,4257,65,1312,142,65
"748","2020-04-16",632,9,241,1712,6770,0.903397341211226,8430,33386,320,1389,161,4418,21,1333,156,21
"749","2020-04-17",613,9,286,1609,6770,0.903397341211226,8430,33386,320,1389,115,4533,18,1351,105,18
"750","2020-04-18",610,9,289,1523,6770,0.903397341211226,8430,33386,320,1389,113,4646,15,1366,106,15
"751","2020-04-19",560,9,266,1442,6770,0.903397341211226,8430,33386,320,1389,110,4756,12,1378,103,12
"752","2020-04-20",535,9,281,1395,6770,0.903397341211226,8430,33386,320,1389,120,4876,45,1423,113,45
"753","2020-04-21",508,9,303,1289,6770,0.903397341211226,8430,33386,320,1389,83,4959,40,1463,79,40
"754","2020-04-22",490,9,284,1205,6770,0.903397341211226,8430,33386,320,1389,76,5035,35,1498,69,35
"755","2020-04-23",465,9,263,1124,6770,0.903397341211226,8430,33386,320,1389,89,5124,47,1545,82,47
"756","2020-04-24",436,9,268,1049,6770,0.903397341211226,8430,33386,320,1389,68,5192,51,1596,62,51
"757","2020-04-25",414,9,297,995,6770,0.903397341211226,8430,33386,320,1389,53,5245,26,1622,48,26
"758","2020-04-26",374,9,341,904,6770,0.903397341211226,8430,33386,320,1389,67,5312,27,1649,59,27
"759","2020-04-27",355,9,351,853,6770,0.903397341211226,8430,33386,320,1389,66,5378,17,1666,61,17
"760","2020-04-28",339,9,320,784,6770,0.903397341211226,8430,33386,320,1389,39,5417,49,1715,35,49
"761","2020-04-29",316,9,299,728,6770,0.903397341211226,8430,33386,320,1389,51,5468,23,1738,48,23
"762","2020-04-30",286,9,297,674,6770,0.903397341211226,8430,33386,320,1389,42,5510,23,1761,38,23
"763","2020-05-01",219,9,256,613,6770,0.903397341211226,8430,33386,320,1389,51,5561,64,1825,44,64
"764","2020-05-02",223,9,251,542,6770,0.903397341211226,8430,33386,320,1389,30,5591,49,1874,23,49
"765","2020-05-03",193,9,252,500,6770,0.903397341211226,8430,33386,320,1389,39,5630,47,1921,30,47
"766","2020-05-04",186,9,226,469,6770,0.903397341211226,8430,33386,320,1389,31,5661,23,1944,27,23
"767","2020-05-05",183,9,197,434,6770,0.903397341211226,8430,33386,320,1389,27,5688,36,1980,23,36
"768","2020-05-06",170,9,185,388,6770,0.903397341211226,8430,33386,320,1389,36,5724,26,2006,30,26
"769","2020-05-07",165,9,179,355,6770,0.903397341211226,8430,33386,320,1389,27,5751,57,2063,22,57
"770","2020-05-08",152,9,175,313,6770,0.903397341211226,8430,33386,320,1389,21,5772,37,2100,19,37
"771","2020-05-09",139,9,234,290,6770,0.903397341211226,8430,33386,320,1389,25,5797,22,2122,16,22
"772","2020-05-10",123,9,272,266,6770,0.903397341211226,8430,33386,320,1389,29,5826,21,2143,23,21
"773","2020-05-11",112,9,256,258,6770,0.903397341211226,8430,33386,320,1389,11,5837,16,2159,8,16
"774","2020-05-12",91,9,234,227,6770,0.903397341211226,8430,33386,320,1389,14,5851,20,2179,12,20
"775","2020-05-13",90,9,262,215,6770,0.903397341211226,8430,33386,320,1389,20,5871,15,2194,16,15
"776","2020-05-14",88,9,268,217,6770,0.903397341211226,8430,33386,320,1389,9,5880,23,2217,6,23
"777","2020-05-15",81,9,237,213,6770,0.903397341211226,8430,33386,320,1389,18,5898,52,2269,15,52
"778","2020-05-16",76,9,212,201,6770,0.903397341211226,8430,33386,320,1389,24,5922,50,2319,18,50
"779","2020-05-17",77,9,209,198,6770,0.903397341211226,8430,33386,320,1389,11,5933,43,2362,9,43
"780","2020-05-18",71,9,199,198,6770,0.903397341211226,8430,33386,320,1389,10,5943,56,2418,7,56
"781","2020-05-19",75,9,190,189,6770,0.903397341211226,8430,33386,320,1389,12,5955,44,2462,9,44
"782","2020-05-20",72,9,174,184,6770,0.903397341211226,8430,33386,320,1389,19,5974,41,2503,14,41
"783","2020-05-21",69,9,164,176,6770,0.903397341211226,8430,33386,320,1389,14,5988,36,2539,8,36
"784","2020-05-22",77,9,156,170,6770,0.903397341211226,8430,33386,320,1389,21,6009,53,2592,18,53
"785","2020-05-23",71,9,183,165,6770,0.903397341211226,8430,33386,320,1389,18,6027,55,2647,15,55
"786","2020-05-24",61,9,179,154,6770,0.903397341211226,8430,33386,320,1389,18,6045,24,2671,13,24
"787","2020-05-25",62,9,205,146,6770,0.903397341211226,8430,33386,320,1389,13,6058,26,2697,12,26
"788","2020-05-26",59,9,202,140,6770,0.903397341211226,8430,33386,320,1389,11,6069,36,2733,6,36
"789","2020-05-27",59,9,229,124,6770,0.903397341211226,8430,33386,320,1389,12,6081,21,2754,10,21
"790","2020-05-28",51,9,224,122,6770,0.903397341211226,8430,33386,320,1389,10,6091,13,2767,7,13
"791","2020-05-29",42,9,230,111,6770,0.903397341211226,8430,33386,320,1389,6,6097,15,2782,3,15
"792","2020-05-30",40,9,215,104,6770,0.903397341211226,8430,33386,320,1389,15,6112,51,2833,11,51
"793","2020-05-31",37,9,191,99,6770,0.903397341211226,8430,33386,320,1389,8,6120,24,2857,5,24
"794","2020-06-01",36,9,173,88,6770,0.903397341211226,8430,33386,320,1389,5,6125,53,2910,5,53
"795","2020-06-02",31,9,164,85,6770,0.903397341211226,8430,33386,320,1389,5,6130,33,2943,4,33
"796","2020-06-03",28,9,143,89,6770,0.903397341211226,8430,33386,320,1389,4,6134,20,2963,4,20
"797","2020-06-04",29,9,138,78,6770,0.903397341211226,8430,33386,320,1389,5,6139,18,2981,4,18
"798","2020-06-05",31,9,191,75,6770,0.903397341211226,8430,33386,320,1389,5,6144,78,3059,4,78
"799","2020-06-06",26,9,190,75,6770,0.903397341211226,8430,33386,320,1389,11,6155,40,3099,6,40
"800","2020-06-07",22,9,195,67,6770,0.903397341211226,8430,33386,320,1389,4,6159,26,3125,3,26
"801","2020-03-08",1,10,0,0,6534,0.844658708295072,8400,32558,378,1547,NA,NA,NA,NA,NA,NA
"802","2020-03-09",1,10,0,0,6534,0.844658708295072,8400,32558,378,1547,NA,NA,NA,NA,NA,NA
"803","2020-03-10",0,10,0,0,6534,0.844658708295072,8400,32558,378,1547,NA,NA,1,1,NA,1
"804","2020-03-11",0,10,0,0,6534,0.844658708295072,8400,32558,378,1547,25,25,12,13,1,12
"805","2020-03-12",0,10,0,0,6534,0.844658708295072,8400,32558,378,1547,41,66,7,20,1,7
"806","2020-03-13",3,10,197,50,6534,0.844658708295072,8400,32558,378,1547,52,118,2,22,11,2
"807","2020-03-14",5,10,191,84,6534,0.844658708295072,8400,32558,378,1547,56,174,39,61,15,39
"808","2020-03-15",6,10,164,101,6534,0.844658708295072,8400,32558,378,1547,42,216,12,73,15,12
"809","2020-03-16",8,10,157,127,6534,0.844658708295072,8400,32558,378,1547,76,292,6,79,34,6
"810","2020-03-17",10,10,150,158,6534,0.844658708295072,8400,32558,378,1547,68,360,8,87,33,8
"811","2020-03-18",15,10,170,188,6534,0.844658708295072,8400,32558,378,1547,82,442,18,105,47,18
"812","2020-03-19",25,10,168,217,6534,0.844658708295072,8400,32558,378,1547,104,546,42,147,63,42
"813","2020-03-20",41,10,165,254,6534,0.844658708295072,8400,32558,378,1547,90,636,42,189,53,42
"814","2020-03-21",62,10,155,285,6534,0.844658708295072,8400,32558,378,1547,149,785,30,219,106,30
"815","2020-03-22",84,10,143,327,6534,0.844658708295072,8400,32558,378,1547,128,913,21,240,82,21
"816","2020-03-23",94,10,138,383,6534,0.844658708295072,8400,32558,378,1547,113,1026,58,298,72,58
"817","2020-03-24",101,10,133,431,6534,0.844658708295072,8400,32558,378,1547,128,1154,65,363,81,65
"818","2020-03-25",105,10,138,494,6534,0.844658708295072,8400,32558,378,1547,161,1315,19,382,106,19
"819","2020-03-26",108,10,186,552,6534,0.844658708295072,8400,32558,378,1547,181,1496,23,405,140,23
"820","2020-03-27",158,10,252,608,6534,0.844658708295072,8400,32558,378,1547,163,1659,18,423,126,18
"821","2020-03-28",205,10,257,695,6534,0.844658708295072,8400,32558,378,1547,153,1812,48,471,121,48
"822","2020-03-29",196,10,239,794,6534,0.844658708295072,8400,32558,378,1547,212,2024,28,499,170,28
"823","2020-03-30",199,10,222,883,6534,0.844658708295072,8400,32558,378,1547,155,2179,49,548,119,49
"824","2020-03-31",213,10,192,983,6534,0.844658708295072,8400,32558,378,1547,195,2374,47,595,162,47
"825","2020-04-01",237,10,187,1100,6534,0.844658708295072,8400,32558,378,1547,164,2538,30,625,125,30
"826","2020-04-02",259,10,229,1176,6534,0.844658708295072,8400,32558,378,1547,196,2734,22,647,154,22
"827","2020-04-03",341,10,225,1282,6534,0.844658708295072,8400,32558,378,1547,171,2905,38,685,132,38
"828","2020-04-04",374,10,204,1344,6534,0.844658708295072,8400,32558,378,1547,161,3066,63,748,120,63
"829","2020-04-05",387,10,186,1438,6534,0.844658708295072,8400,32558,378,1547,153,3219,33,781,115,33
"830","2020-04-06",382,10,192,1482,6534,0.844658708295072,8400,32558,378,1547,195,3414,47,828,162,47
"831","2020-04-07",392,10,230,1586,6534,0.844658708295072,8400,32558,378,1547,152,3566,37,865,125,37
"832","2020-04-08",408,10,227,1676,6534,0.844658708295072,8400,32558,378,1547,112,3678,64,929,80,64
"833","2020-04-09",430,10,224,1730,6534,0.844658708295072,8400,32558,378,1547,149,3827,34,963,122,34
"834","2020-04-10",565,10,205,1786,6534,0.844658708295072,8400,32558,378,1547,145,3972,51,1014,98,51
"835","2020-04-11",591,10,218,1848,6534,0.844658708295072,8400,32558,378,1547,135,4107,64,1078,101,64
"836","2020-04-12",534,10,252,1913,6534,0.844658708295072,8400,32558,378,1547,112,4219,24,1102,88,24
"837","2020-04-13",536,10,253,1977,6534,0.844658708295072,8400,32558,378,1547,106,4325,27,1129,75,27
"838","2020-04-14",559,10,246,2026,6534,0.844658708295072,8400,32558,378,1547,104,4429,21,1150,69,21
"839","2020-04-15",584,10,283,2042,6534,0.844658708295072,8400,32558,378,1547,98,4527,18,1168,69,18
"840","2020-04-16",603,10,296,2037,6534,0.844658708295072,8400,32558,378,1547,87,4614,37,1205,67,37
"841","2020-04-17",647,10,297,2048,6534,0.844658708295072,8400,32558,378,1547,101,4715,19,1224,61,19
"842","2020-04-18",639,10,271,2027,6534,0.844658708295072,8400,32558,378,1547,85,4800,28,1252,61,28
"843","2020-04-19",666,10,250,1994,6534,0.844658708295072,8400,32558,378,1547,84,4884,62,1314,62,62
"844","2020-04-20",704,10,238,1944,6534,0.844658708295072,8400,32558,378,1547,68,4952,51,1365,44,51
"845","2020-04-21",697,10,220,1879,6534,0.844658708295072,8400,32558,378,1547,78,5030,23,1388,49,23
"846","2020-04-22",695,10,233,1813,6534,0.844658708295072,8400,32558,378,1547,75,5105,24,1412,50,24
"847","2020-04-23",686,10,229,1725,6534,0.844658708295072,8400,32558,378,1547,72,5177,52,1464,48,52
"848","2020-04-24",681,10,255,1647,6534,0.844658708295072,8400,32558,378,1547,67,5244,36,1500,43,36
"849","2020-04-25",650,10,266,1573,6534,0.844658708295072,8400,32558,378,1547,75,5319,34,1534,38,34
"850","2020-04-26",587,10,289,1476,6534,0.844658708295072,8400,32558,378,1547,62,5381,31,1565,34,31
"851","2020-04-27",544,10,283,1367,6534,0.844658708295072,8400,32558,378,1547,47,5428,51,1616,26,51
"852","2020-04-28",521,10,328,1268,6534,0.844658708295072,8400,32558,378,1547,52,5480,39,1655,35,39
"853","2020-04-29",492,10,342,1177,6534,0.844658708295072,8400,32558,378,1547,54,5534,53,1708,30,53
"854","2020-04-30",472,10,360,1095,6534,0.844658708295072,8400,32558,378,1547,35,5569,28,1736,21,28
"855","2020-05-01",399,10,356,1007,6534,0.844658708295072,8400,32558,378,1547,49,5618,22,1758,28,22
"856","2020-05-02",399,10,307,934,6534,0.844658708295072,8400,32558,378,1547,47,5665,11,1769,21,11
"857","2020-05-03",370,10,298,836,6534,0.844658708295072,8400,32558,378,1547,32,5697,15,1784,12,15
"858","2020-05-04",342,10,287,756,6534,0.844658708295072,8400,32558,378,1547,29,5726,14,1798,13,14
"859","2020-05-05",305,10,261,694,6534,0.844658708295072,8400,32558,378,1547,30,5756,12,1810,13,12
"860","2020-05-06",288,10,251,632,6534,0.844658708295072,8400,32558,378,1547,33,5789,16,1826,13,16
"861","2020-05-07",266,10,223,575,6534,0.844658708295072,8400,32558,378,1547,32,5821,49,1875,10,49
"862","2020-05-08",238,10,229,530,6534,0.844658708295072,8400,32558,378,1547,33,5854,46,1921,17,46
"863","2020-05-09",219,10,218,468,6534,0.844658708295072,8400,32558,378,1547,34,5888,14,1935,22,14
"864","2020-05-10",182,10,216,429,6534,0.844658708295072,8400,32558,378,1547,31,5919,10,1945,17,10
"865","2020-05-11",170,10,197,393,6534,0.844658708295072,8400,32558,378,1547,32,5951,21,1966,12,21
"866","2020-05-12",158,10,183,359,6534,0.844658708295072,8400,32558,378,1547,35,5986,42,2008,15,42
"867","2020-05-13",147,10,182,325,6534,0.844658708295072,8400,32558,378,1547,27,6013,46,2054,14,46
"868","2020-05-14",135,10,158,296,6534,0.844658708295072,8400,32558,378,1547,26,6039,30,2084,8,30
"869","2020-05-15",117,10,152,261,6534,0.844658708295072,8400,32558,378,1547,28,6067,27,2111,7,27
"870","2020-05-16",105,10,140,238,6534,0.844658708295072,8400,32558,378,1547,14,6081,27,2138,5,27
"871","2020-05-17",99,10,137,226,6534,0.844658708295072,8400,32558,378,1547,30,6111,29,2167,17,29
"872","2020-05-18",94,10,139,204,6534,0.844658708295072,8400,32558,378,1547,32,6143,31,2198,6,31
"873","2020-05-19",85,10,163,194,6534,0.844658708295072,8400,32558,378,1547,8,6151,17,2215,1,17
"874","2020-05-20",74,10,192,169,6534,0.844658708295072,8400,32558,378,1547,20,6171,12,2227,10,12
"875","2020-05-21",66,10,172,160,6534,0.844658708295072,8400,32558,378,1547,22,6193,39,2266,8,39
"876","2020-05-22",59,10,191,147,6534,0.844658708295072,8400,32558,378,1547,14,6207,49,2315,7,49
"877","2020-05-23",55,10,200,138,6534,0.844658708295072,8400,32558,378,1547,13,6220,54,2369,7,54
"878","2020-05-24",46,10,219,123,6534,0.844658708295072,8400,32558,378,1547,11,6231,65,2434,5,65
"879","2020-05-25",42,10,249,114,6534,0.844658708295072,8400,32558,378,1547,19,6250,29,2463,4,29
"880","2020-05-26",42,10,232,105,6534,0.844658708295072,8400,32558,378,1547,15,6265,22,2485,5,22
"881","2020-05-27",41,10,241,102,6534,0.844658708295072,8400,32558,378,1547,11,6276,43,2528,3,43
"882","2020-05-28",39,10,224,93,6534,0.844658708295072,8400,32558,378,1547,12,6288,14,2542,3,14
"883","2020-05-29",36,10,196,89,6534,0.844658708295072,8400,32558,378,1547,16,6304,19,2561,5,19
"884","2020-05-30",35,10,187,86,6534,0.844658708295072,8400,32558,378,1547,18,6322,38,2599,3,38
"885","2020-05-31",41,10,223,79,6534,0.844658708295072,8400,32558,378,1547,8,6330,54,2653,3,54
"886","2020-06-01",38,10,247,77,6534,0.844658708295072,8400,32558,378,1547,12,6342,48,2701,4,48
"887","2020-06-02",31,10,238,73,6534,0.844658708295072,8400,32558,378,1547,12,6354,44,2745,3,44
"888","2020-06-03",30,10,209,72,6534,0.844658708295072,8400,32558,378,1547,15,6369,44,2789,5,44
"889","2020-06-04",28,10,196,70,6534,0.844658708295072,8400,32558,378,1547,10,6379,41,2830,5,41
"890","2020-06-05",33,10,181,66,6534,0.844658708295072,8400,32558,378,1547,12,6391,23,2853,4,23
"891","2020-06-06",28,10,178,65,6534,0.844658708295072,8400,32558,378,1547,13,6404,44,2897,4,44
"892","2020-06-07",25,10,182,66,6534,0.844658708295072,8400,32558,378,1547,12,6416,26,2923,5,26
"893","2020-03-13",3,11,147,180,7962,0.589675960813866,8340,35569,469,1516,70,213,25,92,6,25
"894","2020-03-14",8,11,143,290,7962,0.589675960813866,8340,35569,469,1516,109,322,75,167,24,75
"895","2020-03-15",49,11,124,379,7962,0.589675960813866,8340,35569,469,1516,127,449,58,225,47,58
"896","2020-03-16",57,11,113,486,7962,0.589675960813866,8340,35569,469,1516,111,560,72,297,41,72
"897","2020-03-17",65,11,129,621,7962,0.589675960813866,8340,35569,469,1516,137,697,92,389,74,92
"898","2020-03-18",85,11,168,729,7962,0.589675960813866,8340,35569,469,1516,136,833,58,447,69,58
"899","2020-03-19",110,11,160,853,7962,0.589675960813866,8340,35569,469,1516,135,968,61,508,79,61
"900","2020-03-20",197,11,150,1007,7962,0.589675960813866,8340,35569,469,1516,148,1116,55,563,80,55
"901","2020-03-21",242,11,137,1143,7962,0.589675960813866,8340,35569,469,1516,166,1282,47,610,90,47
"902","2020-03-22",282,11,138,1291,7962,0.589675960813866,8340,35569,469,1516,167,1449,35,645,100,35
"903","2020-03-23",301,11,182,1434,7962,0.589675960813866,8340,35569,469,1516,167,1616,46,691,90,46
"904","2020-03-24",309,11,163,1535,7962,0.589675960813866,8340,35569,469,1516,173,1789,47,738,112,47
"905","2020-03-25",341,11,163,1655,7962,0.589675960813866,8340,35569,469,1516,163,1952,48,786,95,48
"906","2020-03-26",388,11,209,1731,7962,0.589675960813866,8340,35569,469,1516,230,2182,35,821,154,35
"907","2020-03-27",554,11,212,1859,7962,0.589675960813866,8340,35569,469,1516,175,2357,31,852,124,31
"908","2020-03-28",595,11,212,1998,7962,0.589675960813866,8340,35569,469,1516,163,2520,47,899,94,47
"909","2020-03-29",593,11,252,2117,7962,0.589675960813866,8340,35569,469,1516,180,2700,54,953,118,54
"910","2020-03-30",626,11,244,2179,7962,0.589675960813866,8340,35569,469,1516,184,2884,36,989,116,36
"911","2020-03-31",630,11,229,2235,7962,0.589675960813866,8340,35569,469,1516,188,3072,27,1016,121,27
"912","2020-04-01",647,11,236,2236,7962,0.589675960813866,8340,35569,469,1516,185,3257,63,1079,129,63
"913","2020-04-02",660,11,219,2293,7962,0.589675960813866,8340,35569,469,1516,180,3437,28,1107,134,28
"914","2020-04-03",777,11,209,2324,7962,0.589675960813866,8340,35569,469,1516,153,3590,33,1140,101,33
"915","2020-04-04",791,11,199,2303,7962,0.589675960813866,8340,35569,469,1516,136,3726,55,1195,87,55
"916","2020-04-05",695,11,192,2250,7962,0.589675960813866,8340,35569,469,1516,171,3897,48,1243,102,48
"917","2020-04-06",702,11,181,2246,7962,0.589675960813866,8340,35569,469,1516,142,4039,41,1284,92,41
"918","2020-04-07",700,11,198,2215,7962,0.589675960813866,8340,35569,469,1516,141,4180,49,1333,91,49
"919","2020-04-08",722,11,222,2179,7962,0.589675960813866,8340,35569,469,1516,132,4312,54,1387,76,54
"920","2020-04-09",715,11,228,2138,7962,0.589675960813866,8340,35569,469,1516,135,4447,66,1453,88,66
"921","2020-04-10",751,11,215,2051,7962,0.589675960813866,8340,35569,469,1516,104,4551,48,1501,44,48
"922","2020-04-11",740,11,194,1957,7962,0.589675960813866,8340,35569,469,1516,135,4686,37,1538,82,37
"923","2020-04-12",699,11,227,1879,7962,0.589675960813866,8340,35569,469,1516,89,4775,40,1578,43,40
"924","2020-04-13",677,11,218,1779,7962,0.589675960813866,8340,35569,469,1516,99,4874,24,1602,54,24
"925","2020-04-14",664,11,217,1682,7962,0.589675960813866,8340,35569,469,1516,94,4968,37,1639,37,37
"926","2020-04-15",635,11,206,1618,7962,0.589675960813866,8340,35569,469,1516,81,5049,23,1662,39,23
"927","2020-04-16",612,11,214,1531,7962,0.589675960813866,8340,35569,469,1516,83,5132,23,1685,35,23
"928","2020-04-17",580,11,214,1436,7962,0.589675960813866,8340,35569,469,1516,82,5214,23,1708,37,23
"929","2020-04-18",546,11,202,1389,7962,0.589675960813866,8340,35569,469,1516,76,5290,31,1739,32,31
"930","2020-04-19",479,11,208,1288,7962,0.589675960813866,8340,35569,469,1516,72,5362,32,1771,36,32
"931","2020-04-20",457,11,228,1198,7962,0.589675960813866,8340,35569,469,1516,65,5427,47,1818,34,47
"932","2020-04-21",431,11,262,1140,7962,0.589675960813866,8340,35569,469,1516,63,5490,22,1840,30,22
"933","2020-04-22",410,11,267,1091,7962,0.589675960813866,8340,35569,469,1516,76,5566,22,1862,29,22
"934","2020-04-23",387,11,306,1020,7962,0.589675960813866,8340,35569,469,1516,70,5636,26,1888,34,26
"935","2020-04-24",334,11,262,951,7962,0.589675960813866,8340,35569,469,1516,61,5697,51,1939,28,51
"936","2020-04-25",332,11,234,896,7962,0.589675960813866,8340,35569,469,1516,69,5766,43,1982,33,43
"937","2020-04-26",315,11,213,837,7962,0.589675960813866,8340,35569,469,1516,61,5827,34,2016,15,34
"938","2020-04-27",302,11,191,776,7962,0.589675960813866,8340,35569,469,1516,56,5883,51,2067,23,51
"939","2020-04-28",281,11,167,722,7962,0.589675960813866,8340,35569,469,1516,52,5935,42,2109,14,42
"940","2020-04-29",264,11,161,674,7962,0.589675960813866,8340,35569,469,1516,62,5997,34,2143,31,34
"941","2020-04-30",251,11,143,620,7962,0.589675960813866,8340,35569,469,1516,46,6043,34,2177,14,34
"942","2020-05-01",221,11,176,583,7962,0.589675960813866,8340,35569,469,1516,53,6096,30,2207,18,30
"943","2020-05-02",220,11,207,552,7962,0.589675960813866,8340,35569,469,1516,34,6130,31,2238,11,31
"944","2020-05-03",192,11,258,521,7962,0.589675960813866,8340,35569,469,1516,39,6169,32,2270,19,32
"945","2020-05-04",177,11,275,479,7962,0.589675960813866,8340,35569,469,1516,32,6201,38,2308,6,38
"946","2020-05-05",170,11,270,458,7962,0.589675960813866,8340,35569,469,1516,57,6258,56,2364,25,56
"947","2020-05-06",162,11,321,408,7962,0.589675960813866,8340,35569,469,1516,46,6304,33,2397,14,33
"948","2020-05-07",153,11,303,378,7962,0.589675960813866,8340,35569,469,1516,24,6328,41,2438,7,41
"949","2020-05-08",150,11,269,347,7962,0.589675960813866,8340,35569,469,1516,30,6358,30,2468,7,30
"950","2020-05-09",124,11,282,335,7962,0.589675960813866,8340,35569,469,1516,48,6406,27,2495,10,27
"951","2020-05-10",110,11,306,317,7962,0.589675960813866,8340,35569,469,1516,28,6434,44,2539,6,44
"952","2020-05-11",102,11,291,300,7962,0.589675960813866,8340,35569,469,1516,34,6468,26,2565,14,26
"953","2020-05-12",98,11,293,287,7962,0.589675960813866,8340,35569,469,1516,26,6494,50,2615,10,50
"954","2020-05-13",90,11,299,277,7962,0.589675960813866,8340,35569,469,1516,22,6516,56,2671,8,56
"955","2020-05-14",92,11,285,268,7962,0.589675960813866,8340,35569,469,1516,20,6536,38,2709,6,38
"956","2020-05-15",85,11,289,262,7962,0.589675960813866,8340,35569,469,1516,28,6564,36,2745,7,36
"957","2020-05-16",94,11,278,240,7962,0.589675960813866,8340,35569,469,1516,35,6599,42,2787,12,42
"958","2020-05-17",79,11,266,233,7962,0.589675960813866,8340,35569,469,1516,22,6621,40,2827,2,40
"959","2020-05-18",82,11,259,215,7962,0.589675960813866,8340,35569,469,1516,14,6635,28,2855,1,28
"960","2020-05-19",79,11,280,204,7962,0.589675960813866,8340,35569,469,1516,16,6651,53,2908,3,53
"961","2020-05-20",73,11,301,201,7962,0.589675960813866,8340,35569,469,1516,26,6677,39,2947,5,39
"962","2020-05-21",66,11,288,194,7962,0.589675960813866,8340,35569,469,1516,25,6702,44,2991,8,44
"963","2020-05-22",58,11,292,184,7962,0.589675960813866,8340,35569,469,1516,17,6719,32,3023,5,32
"964","2020-05-23",57,11,271,187,7962,0.589675960813866,8340,35569,469,1516,12,6731,37,3060,2,37
"965","2020-05-24",62,11,227,187,7962,0.589675960813866,8340,35569,469,1516,17,6748,34,3094,8,34
"966","2020-05-25",59,11,211,187,7962,0.589675960813866,8340,35569,469,1516,19,6767,34,3128,8,34
"967","2020-05-26",61,11,192,170,7962,0.589675960813866,8340,35569,469,1516,19,6786,49,3177,2,49
"968","2020-05-27",66,11,167,165,7962,0.589675960813866,8340,35569,469,1516,16,6802,49,3226,3,49
"969","2020-05-28",63,11,144,160,7962,0.589675960813866,8340,35569,469,1516,14,6816,36,3262,6,36
"970","2020-05-29",66,11,149,156,7962,0.589675960813866,8340,35569,469,1516,14,6830,37,3299,3,37
"971","2020-05-30",55,11,142,155,7962,0.589675960813866,8340,35569,469,1516,14,6844,38,3337,5,38
"972","2020-05-31",49,11,126,149,7962,0.589675960813866,8340,35569,469,1516,12,6856,47,3384,3,47
"973","2020-06-01",47,11,110,134,7962,0.589675960813866,8340,35569,469,1516,9,6865,42,3426,1,42
"974","2020-06-02",40,11,115,126,7962,0.589675960813866,8340,35569,469,1516,13,6878,34,3460,2,34
"975","2020-06-03",34,11,115,124,7962,0.589675960813866,8340,35569,469,1516,16,6894,55,3515,2,55
"976","2020-06-04",38,11,106,123,7962,0.589675960813866,8340,35569,469,1516,5,6899,45,3560,2,45
"977","2020-06-05",41,11,113,111,7962,0.589675960813866,8340,35569,469,1516,8,6907,65,3625,3,65
"978","2020-06-06",45,11,116,111,7962,0.589675960813866,8340,35569,469,1516,11,6918,47,3672,3,47
"979","2020-06-07",45,11,109,101,7962,0.589675960813866,8340,35569,469,1516,13,6931,51,3723,4,51
"980","2020-03-08",2,12,0,0,7594,0.36278641032394,8400,38971,356,1146,NA,NA,NA,NA,NA,NA
"981","2020-03-09",2,12,0,0,7594,0.36278641032394,8400,38971,356,1146,NA,NA,NA,NA,NA,NA
"982","2020-03-10",0,12,0,0,7594,0.36278641032394,8400,38971,356,1146,NA,NA,1,1,NA,1
"983","2020-03-11",0,12,0,0,7594,0.36278641032394,8400,38971,356,1146,29,29,13,14,1,13
"984","2020-03-12",0,12,0,0,7594,0.36278641032394,8400,38971,356,1146,46,75,8,22,3,8
"985","2020-03-13",8,12,112,227,7594,0.36278641032394,8400,38971,356,1146,40,115,14,36,9,14
"986","2020-03-14",13,12,121,307,7594,0.36278641032394,8400,38971,356,1146,37,152,36,72,12,36
"987","2020-03-15",49,12,117,390,7594,0.36278641032394,8400,38971,356,1146,61,213,16,88,23,16
"988","2020-03-16",64,12,144,480,7594,0.36278641032394,8400,38971,356,1146,66,279,33,121,39,33
"989","2020-03-17",70,12,164,590,7594,0.36278641032394,8400,38971,356,1146,86,365,28,149,48,28
"990","2020-03-18",89,12,171,680,7594,0.36278641032394,8400,38971,356,1146,80,445,23,172,53,23
"991","2020-03-19",112,12,189,776,7594,0.36278641032394,8400,38971,356,1146,88,533,23,195,55,23
"992","2020-03-20",178,12,221,840,7594,0.36278641032394,8400,38971,356,1146,84,617,57,252,60,57
"993","2020-03-21",255,12,214,923,7594,0.36278641032394,8400,38971,356,1146,109,726,23,275,75,23
"994","2020-03-22",254,12,240,1015,7594,0.36278641032394,8400,38971,356,1146,92,818,15,290,65,15
"995","2020-03-23",267,12,243,1097,7594,0.36278641032394,8400,38971,356,1146,119,937,21,311,81,21
"996","2020-03-24",289,12,216,1163,7594,0.36278641032394,8400,38971,356,1146,126,1063,68,379,90,68
"997","2020-03-25",313,12,204,1185,7594,0.36278641032394,8400,38971,356,1146,123,1186,76,455,83,76
"998","2020-03-26",333,12,197,1271,7594,0.36278641032394,8400,38971,356,1146,116,1302,28,483,82,28
"999","2020-03-27",424,12,184,1305,7594,0.36278641032394,8400,38971,356,1146,171,1473,15,498,137,15
"1000","2020-03-28",438,12,180,1350,7594,0.36278641032394,8400,38971,356,1146,167,1640,26,524,116,26
"1001","2020-03-29",445,12,180,1387,7594,0.36278641032394,8400,38971,356,1146,139,1779,59,583,102,59
"1002","2020-03-30",443,12,169,1423,7594,0.36278641032394,8400,38971,356,1146,146,1925,46,629,103,46
"1003","2020-03-31",452,12,174,1449,7594,0.36278641032394,8400,38971,356,1146,159,2084,57,686,129,57
"1004","2020-04-01",459,12,164,1472,7594,0.36278641032394,8400,38971,356,1146,146,2230,38,724,114,38
"1005","2020-04-02",476,12,158,1510,7594,0.36278641032394,8400,38971,356,1146,144,2374,62,786,108,62
"1006","2020-04-03",536,12,194,1534,7594,0.36278641032394,8400,38971,356,1146,156,2530,38,824,120,38
"1007","2020-04-04",553,12,204,1541,7594,0.36278641032394,8400,38971,356,1146,134,2664,28,852,106,28
"1008","2020-04-05",510,12,228,1540,7594,0.36278641032394,8400,38971,356,1146,133,2797,32,884,107,32
"1009","2020-04-06",517,12,218,1552,7594,0.36278641032394,8400,38971,356,1146,144,2941,21,905,117,21
"1010","2020-04-07",504,12,217,1551,7594,0.36278641032394,8400,38971,356,1146,144,3085,19,924,109,19
"1011","2020-04-08",508,12,223,1544,7594,0.36278641032394,8400,38971,356,1146,125,3210,47,971,98,47
"1012","2020-04-09",497,12,248,1522,7594,0.36278641032394,8400,38971,356,1146,139,3349,28,999,108,28
"1013","2020-04-10",542,12,280,1518,7594,0.36278641032394,8400,38971,356,1146,134,3483,25,1024,110,25
"1014","2020-04-11",508,12,262,1518,7594,0.36278641032394,8400,38971,356,1146,129,3612,58,1082,99,58
"1015","2020-04-12",496,12,256,1488,7594,0.36278641032394,8400,38971,356,1146,123,3735,50,1132,97,50
"1016","2020-04-13",478,12,248,1485,7594,0.36278641032394,8400,38971,356,1146,120,3855,29,1161,96,29
"1017","2020-04-14",479,12,274,1499,7594,0.36278641032394,8400,38971,356,1146,113,3968,30,1191,79,30
"1018","2020-04-15",471,12,265,1448,7594,0.36278641032394,8400,38971,356,1146,144,4112,55,1246,105,55
"1019","2020-04-16",471,12,245,1407,7594,0.36278641032394,8400,38971,356,1146,96,4208,53,1299,70,53
"1020","2020-04-17",469,12,233,1398,7594,0.36278641032394,8400,38971,356,1146,112,4320,62,1361,82,62
"1021","2020-04-18",469,12,229,1374,7594,0.36278641032394,8400,38971,356,1146,79,4399,37,1398,56,37
"1022","2020-04-19",430,12,210,1329,7594,0.36278641032394,8400,38971,356,1146,98,4497,21,1419,70,21
"1023","2020-04-20",429,12,208,1281,7594,0.36278641032394,8400,38971,356,1146,85,4582,9,1428,58,9
"1024","2020-04-21",421,12,208,1228,7594,0.36278641032394,8400,38971,356,1146,74,4656,16,1444,43,16
"1025","2020-04-22",413,12,211,1179,7594,0.36278641032394,8400,38971,356,1146,77,4733,12,1456,59,12
"1026","2020-04-23",405,12,226,1122,7594,0.36278641032394,8400,38971,356,1146,66,4799,13,1469,39,13
"1027","2020-04-24",414,12,229,1083,7594,0.36278641032394,8400,38971,356,1146,69,4868,9,1478,46,9
"1028","2020-04-25",411,12,233,1019,7594,0.36278641032394,8400,38971,356,1146,66,4934,14,1492,41,14
"1029","2020-04-26",365,12,230,979,7594,0.36278641032394,8400,38971,356,1146,66,5000,74,1566,41,74
"1030","2020-04-27",351,12,232,937,7594,0.36278641032394,8400,38971,356,1146,55,5055,45,1611,34,45
"1031","2020-04-28",342,12,227,896,7594,0.36278641032394,8400,38971,356,1146,56,5111,58,1669,33,58
"1032","2020-04-29",333,12,251,884,7594,0.36278641032394,8400,38971,356,1146,65,5176,22,1691,40,22
"1033","2020-04-30",310,12,238,843,7594,0.36278641032394,8400,38971,356,1146,72,5248,41,1732,48,41
"1034","2020-05-01",280,12,250,814,7594,0.36278641032394,8400,38971,356,1146,52,5300,18,1750,34,18
"1035","2020-05-02",269,12,288,795,7594,0.36278641032394,8400,38971,356,1146,44,5344,31,1781,24,31
"1036","2020-05-03",265,12,275,762,7594,0.36278641032394,8400,38971,356,1146,43,5387,40,1821,25,40
"1037","2020-05-04",244,12,265,748,7594,0.36278641032394,8400,38971,356,1146,33,5420,31,1852,15,31
"1038","2020-05-05",222,12,232,729,7594,0.36278641032394,8400,38971,356,1146,60,5480,30,1882,33,30
"1039","2020-05-06",216,12,220,713,7594,0.36278641032394,8400,38971,356,1146,33,5513,32,1914,21,32
"1040","2020-05-07",223,12,249,695,7594,0.36278641032394,8400,38971,356,1146,32,5545,52,1966,11,52
"1041","2020-05-08",242,12,248,677,7594,0.36278641032394,8400,38971,356,1146,37,5582,29,1995,20,29
"1042","2020-05-09",244,12,277,665,7594,0.36278641032394,8400,38971,356,1146,28,5610,50,2045,15,50
"1043","2020-05-10",216,12,309,638,7594,0.36278641032394,8400,38971,356,1146,26,5636,22,2067,15,22
"1044","2020-05-11",216,12,302,622,7594,0.36278641032394,8400,38971,356,1146,25,5661,56,2123,12,56
"1045","2020-05-12",220,12,303,599,7594,0.36278641032394,8400,38971,356,1146,39,5700,80,2203,19,80
"1046","2020-05-13",218,12,300,570,7594,0.36278641032394,8400,38971,356,1146,30,5730,62,2265,15,62
"1047","2020-05-14",215,12,284,536,7594,0.36278641032394,8400,38971,356,1146,25,5755,71,2336,12,71
"1048","2020-05-15",193,12,270,521,7594,0.36278641032394,8400,38971,356,1146,25,5780,63,2399,15,63
"1049","2020-05-16",206,12,273,507,7594,0.36278641032394,8400,38971,356,1146,30,5810,27,2426,15,27
"1050","2020-05-17",197,12,269,489,7594,0.36278641032394,8400,38971,356,1146,29,5839,26,2452,18,26
"1051","2020-05-18",196,12,279,459,7594,0.36278641032394,8400,38971,356,1146,18,5857,26,2478,8,26
"1052","2020-05-19",177,12,264,430,7594,0.36278641032394,8400,38971,356,1146,28,5885,40,2518,17,40
"1053","2020-05-20",166,12,264,426,7594,0.36278641032394,8400,38971,356,1146,25,5910,31,2549,11,31
"1054","2020-05-21",156,12,245,409,7594,0.36278641032394,8400,38971,356,1146,23,5933,27,2576,12,27
"1055","2020-05-22",139,12,243,378,7594,0.36278641032394,8400,38971,356,1146,25,5958,55,2631,11,55
"1056","2020-05-23",118,12,258,356,7594,0.36278641032394,8400,38971,356,1146,18,5976,55,2686,7,55
"1057","2020-05-24",106,12,243,332,7594,0.36278641032394,8400,38971,356,1146,21,5997,32,2718,6,32
"1058","2020-05-25",87,12,246,316,7594,0.36278641032394,8400,38971,356,1146,11,6008,26,2744,7,26
"1059","2020-05-26",92,12,257,307,7594,0.36278641032394,8400,38971,356,1146,24,6032,21,2765,15,21
"1060","2020-05-27",93,12,282,278,7594,0.36278641032394,8400,38971,356,1146,23,6055,23,2788,12,23
"1061","2020-05-28",87,12,283,271,7594,0.36278641032394,8400,38971,356,1146,15,6070,14,2802,10,14
"1062","2020-05-29",79,12,272,265,7594,0.36278641032394,8400,38971,356,1146,17,6087,13,2815,9,13
"1063","2020-05-30",76,12,282,247,7594,0.36278641032394,8400,38971,356,1146,18,6105,20,2835,11,20
"1064","2020-05-31",76,12,268,237,7594,0.36278641032394,8400,38971,356,1146,18,6123,41,2876,12,41
"1065","2020-06-01",88,12,265,224,7594,0.36278641032394,8400,38971,356,1146,15,6138,57,2933,7,57
"1066","2020-06-02",80,12,252,216,7594,0.36278641032394,8400,38971,356,1146,9,6147,27,2960,6,27
"1067","2020-06-03",76,12,244,203,7594,0.36278641032394,8400,38971,356,1146,8,6155,16,2976,6,16
"1068","2020-06-04",77,12,233,188,7594,0.36278641032394,8400,38971,356,1146,10,6165,20,2996,3,20
"1069","2020-06-05",76,12,244,178,7594,0.36278641032394,8400,38971,356,1146,6,6171,13,3009,4,13
"1070","2020-06-06",77,12,227,170,7594,0.36278641032394,8400,38971,356,1146,10,6181,17,3026,4,17
"1071","2020-06-07",65,12,231,165,7594,0.36278641032394,8400,38971,356,1146,14,6195,8,3034,7,8
"1072","2020-03-08",1,13,0,0,6613,0.783456827461062,8325,33292,423,1061,NA,NA,NA,NA,NA,NA
"1073","2020-03-09",1,13,0,0,6613,0.783456827461062,8325,33292,423,1061,NA,NA,NA,NA,NA,NA
"1074","2020-03-10",0,13,0,0,6613,0.783456827461062,8325,33292,423,1061,NA,NA,4,4,NA,4
"1075","2020-03-11",0,13,0,0,6613,0.783456827461062,8325,33292,423,1061,43,43,22,26,NA,22
"1076","2020-03-12",0,13,0,0,6613,0.783456827461062,8325,33292,423,1061,41,84,22,48,2,22
"1077","2020-03-13",0,13,0,0,6613,0.783456827461062,8325,33292,423,1061,43,127,24,72,7,24
"1078","2020-03-14",1,13,128,106,6613,0.783456827461062,8325,33292,423,1061,56,183,19,91,16,19
"1079","2020-03-15",16,13,163,142,6613,0.783456827461062,8325,33292,423,1061,80,263,31,122,29,31
"1080","2020-03-16",20,13,190,191,6613,0.783456827461062,8325,33292,423,1061,72,335,31,153,26,31
"1081","2020-03-17",17,13,199,243,6613,0.783456827461062,8325,33292,423,1061,88,423,38,191,45,38
"1082","2020-03-18",27,13,205,306,6613,0.783456827461062,8325,33292,423,1061,102,525,26,217,60,26
"1083","2020-03-19",43,13,187,382,6613,0.783456827461062,8325,33292,423,1061,80,605,30,247,35,30
"1084","2020-03-20",72,13,190,450,6613,0.783456827461062,8325,33292,423,1061,117,722,23,270,76,23
"1085","2020-03-21",116,13,208,523,6613,0.783456827461062,8325,33292,423,1061,119,841,50,320,70,50
"1086","2020-03-22",126,13,204,603,6613,0.783456827461062,8325,33292,423,1061,149,990,42,362,101,42
"1087","2020-03-23",122,13,217,709,6613,0.783456827461062,8325,33292,423,1061,132,1122,38,400,87,38
"1088","2020-03-24",148,13,223,797,6613,0.783456827461062,8325,33292,423,1061,114,1236,38,438,75,38
"1089","2020-03-25",165,13,237,867,6613,0.783456827461062,8325,33292,423,1061,150,1386,24,462,92,24
"1090","2020-03-26",190,13,228,968,6613,0.783456827461062,8325,33292,423,1061,151,1537,44,506,97,44
"1091","2020-03-27",285,13,220,1083,6613,0.783456827461062,8325,33292,423,1061,148,1685,30,536,101,30
"1092","2020-03-28",280,13,251,1236,6613,0.783456827461062,8325,33292,423,1061,153,1838,13,549,102,13
"1093","2020-03-29",346,13,239,1350,6613,0.783456827461062,8325,33292,423,1061,157,1995,20,569,117,20
"1094","2020-03-30",387,13,241,1438,6613,0.783456827461062,8325,33292,423,1061,160,2155,32,601,124,32
"1095","2020-03-31",377,13,248,1541,6613,0.783456827461062,8325,33292,423,1061,121,2276,56,657,84,56
"1096","2020-04-01",419,13,232,1588,6613,0.783456827461062,8325,33292,423,1061,149,2425,55,712,102,55
"1097","2020-04-02",442,13,216,1671,6613,0.783456827461062,8325,33292,423,1061,145,2570,38,750,105,38
"1098","2020-04-03",568,13,192,1732,6613,0.783456827461062,8325,33292,423,1061,169,2739,46,796,129,46
"1099","2020-04-04",600,13,192,1846,6613,0.783456827461062,8325,33292,423,1061,151,2890,39,835,99,39
"1100","2020-04-05",594,13,183,1951,6613,0.783456827461062,8325,33292,423,1061,162,3052,46,881,110,46
"1101","2020-04-06",606,13,179,1967,6613,0.783456827461062,8325,33292,423,1061,146,3198,54,935,107,54
"1102","2020-04-07",604,13,189,2040,6613,0.783456827461062,8325,33292,423,1061,138,3336,21,956,95,21
"1103","2020-04-08",601,13,201,2066,6613,0.783456827461062,8325,33292,423,1061,145,3481,46,1002,102,46
"1104","2020-04-09",615,13,198,2095,6613,0.783456827461062,8325,33292,423,1061,110,3591,57,1059,79,57
"1105","2020-04-10",707,13,212,2076,6613,0.783456827461062,8325,33292,423,1061,131,3722,29,1088,92,29
"1106","2020-04-11",711,13,227,2039,6613,0.783456827461062,8325,33292,423,1061,100,3822,17,1105,70,17
"1107","2020-04-12",648,13,244,2027,6613,0.783456827461062,8325,33292,423,1061,118,3940,12,1117,78,12
"1108","2020-04-13",652,13,233,1968,6613,0.783456827461062,8325,33292,423,1061,108,4048,39,1156,68,39
"1109","2020-04-14",662,13,255,1925,6613,0.783456827461062,8325,33292,423,1061,99,4147,20,1176,69,20
"1110","2020-04-15",668,13,280,1873,6613,0.783456827461062,8325,33292,423,1061,105,4252,18,1194,56,18
"1111","2020-04-16",663,13,302,1765,6613,0.783456827461062,8325,33292,423,1061,91,4343,13,1207,60,13
"1112","2020-04-17",650,13,287,1670,6613,0.783456827461062,8325,33292,423,1061,86,4429,12,1219,60,12
"1113","2020-04-18",639,13,289,1584,6613,0.783456827461062,8325,33292,423,1061,83,4512,40,1259,47,40
"1114","2020-04-19",596,13,267,1511,6613,0.783456827461062,8325,33292,423,1061,72,4584,39,1298,42,39
"1115","2020-04-20",580,13,264,1443,6613,0.783456827461062,8325,33292,423,1061,78,4662,41,1339,52,41
"1116","2020-04-21",535,13,247,1317,6613,0.783456827461062,8325,33292,423,1061,73,4735,50,1389,40,50
"1117","2020-04-22",515,13,244,1229,6613,0.783456827461062,8325,33292,423,1061,84,4819,38,1427,48,38
"1118","2020-04-23",478,13,272,1166,6613,0.783456827461062,8325,33292,423,1061,97,4916,45,1472,56,45
"1119","2020-04-24",419,13,298,1078,6613,0.783456827461062,8325,33292,423,1061,68,4984,25,1497,37,25
"1120","2020-04-25",418,13,309,1023,6613,0.783456827461062,8325,33292,423,1061,85,5069,14,1511,40,14
"1121","2020-04-26",371,13,292,949,6613,0.783456827461062,8325,33292,423,1061,57,5126,13,1524,25,13
"1122","2020-04-27",355,13,290,888,6613,0.783456827461062,8325,33292,423,1061,78,5204,34,1558,35,34
"1123","2020-04-28",338,13,278,827,6613,0.783456827461062,8325,33292,423,1061,68,5272,46,1604,45,46
"1124","2020-04-29",320,13,263,790,6613,0.783456827461062,8325,33292,423,1061,65,5337,18,1622,35,18
"1125","2020-04-30",324,13,263,733,6613,0.783456827461062,8325,33292,423,1061,47,5384,23,1645,31,23
"1126","2020-05-01",277,13,271,678,6613,0.783456827461062,8325,33292,423,1061,47,5431,57,1702,25,57
"1127","2020-05-02",258,13,277,613,6613,0.783456827461062,8325,33292,423,1061,58,5489,50,1752,39,50
"1128","2020-05-03",262,13,289,584,6613,0.783456827461062,8325,33292,423,1061,48,5537,52,1804,20,52
"1129","2020-05-04",235,13,261,539,6613,0.783456827461062,8325,33292,423,1061,52,5589,37,1841,24,37
"1130","2020-05-05",225,13,260,516,6613,0.783456827461062,8325,33292,423,1061,46,5635,33,1874,23,33
"1131","2020-05-06",206,13,256,468,6613,0.783456827461062,8325,33292,423,1061,58,5693,34,1908,27,34
"1132","2020-05-07",183,13,264,437,6613,0.783456827461062,8325,33292,423,1061,37,5730,20,1928,13,20
"1133","2020-05-08",171,13,266,403,6613,0.783456827461062,8325,33292,423,1061,48,5778,22,1950,15,22
"1134","2020-05-09",168,13,265,380,6613,0.783456827461062,8325,33292,423,1061,38,5816,16,1966,11,16
"1135","2020-05-10",139,13,258,350,6613,0.783456827461062,8325,33292,423,1061,33,5849,17,1983,13,17
"1136","2020-05-11",131,13,285,328,6613,0.783456827461062,8325,33292,423,1061,29,5878,16,1999,12,16
"1137","2020-05-12",126,13,277,294,6613,0.783456827461062,8325,33292,423,1061,28,5906,18,2017,8,18
"1138","2020-05-13",119,13,265,285,6613,0.783456827461062,8325,33292,423,1061,30,5936,11,2028,11,11
"1139","2020-05-14",113,13,274,270,6613,0.783456827461062,8325,33292,423,1061,30,5966,10,2038,13,10
"1140","2020-05-15",99,13,261,253,6613,0.783456827461062,8325,33292,423,1061,23,5989,13,2051,5,13
"1141","2020-05-16",95,13,291,233,6613,0.783456827461062,8325,33292,423,1061,38,6027,8,2059,16,8
"1142","2020-05-17",85,13,300,220,6613,0.783456827461062,8325,33292,423,1061,26,6053,6,2065,10,6
"1143","2020-05-18",75,13,289,210,6613,0.783456827461062,8325,33292,423,1061,29,6082,NA,NA,11,NA
"1144","2020-05-19",67,13,295,201,6613,0.783456827461062,8325,33292,423,1061,24,6106,9,2074,13,9
"1145","2020-05-20",65,13,287,194,6613,0.783456827461062,8325,33292,423,1061,14,6120,31,2105,7,31
"1146","2020-05-21",62,13,287,185,6613,0.783456827461062,8325,33292,423,1061,22,6142,44,2149,9,44
"1147","2020-05-22",55,13,302,177,6613,0.783456827461062,8325,33292,423,1061,22,6164,41,2190,6,41
"1148","2020-05-23",56,13,287,166,6613,0.783456827461062,8325,33292,423,1061,18,6182,48,2238,7,48
"1149","2020-05-24",56,13,272,147,6613,0.783456827461062,8325,33292,423,1061,21,6203,55,2293,8,55
"1150","2020-05-25",55,13,272,135,6613,0.783456827461062,8325,33292,423,1061,18,6221,27,2320,6,27
"1151","2020-05-26",54,13,281,132,6613,0.783456827461062,8325,33292,423,1061,14,6235,15,2335,7,15
"1152","2020-05-27",53,13,295,123,6613,0.783456827461062,8325,33292,423,1061,17,6252,24,2359,6,24
"1153","2020-05-28",51,13,316,120,6613,0.783456827461062,8325,33292,423,1061,6,6258,32,2391,2,32
"1154","2020-05-29",47,13,307,115,6613,0.783456827461062,8325,33292,423,1061,15,6273,22,2413,5,22
"1155","2020-05-30",46,13,298,102,6613,0.783456827461062,8325,33292,423,1061,11,6284,34,2447,3,34
"1156","2020-05-31",41,13,285,89,6613,0.783456827461062,8325,33292,423,1061,5,6289,21,2468,3,21
"1157","2020-06-01",36,13,284,84,6613,0.783456827461062,8325,33292,423,1061,14,6303,26,2494,2,26
"1158","2020-06-02",34,13,263,81,6613,0.783456827461062,8325,33292,423,1061,12,6315,52,2546,7,52
"1159","2020-06-03",33,13,261,78,6613,0.783456827461062,8325,33292,423,1061,12,6327,18,2564,5,18
"1160","2020-06-04",30,13,265,72,6613,0.783456827461062,8325,33292,423,1061,7,6334,22,2586,NA,22
"1161","2020-06-05",34,13,235,68,6613,0.783456827461062,8325,33292,423,1061,16,6350,24,2610,8,24
"1162","2020-06-06",27,13,225,66,6613,0.783456827461062,8325,33292,423,1061,8,6358,33,2643,1,33
"1163","2020-06-07",26,13,226,61,6613,0.783456827461062,8325,33292,423,1061,9,6367,15,2658,7,15
"1164","2020-03-14",8,14,171,173,7046,0.792648311098496,8280,33551,426,1762,72,234,54,175,39,54
"1165","2020-03-15",22,14,194,233,7046,0.792648311098496,8280,33551,426,1762,98,332,65,240,62,65
"1166","2020-03-16",29,14,214,291,7046,0.792648311098496,8280,33551,426,1762,102,434,39,279,66,39
"1167","2020-03-17",39,14,243,367,7046,0.792648311098496,8280,33551,426,1762,111,545,55,334,70,55
"1168","2020-03-18",54,14,242,437,7046,0.792648311098496,8280,33551,426,1762,153,698,58,392,108,58
"1169","2020-03-19",63,14,244,535,7046,0.792648311098496,8280,33551,426,1762,124,822,34,426,86,34
"1170","2020-03-20",106,14,245,629,7046,0.792648311098496,8280,33551,426,1762,128,950,26,452,91,26
"1171","2020-03-21",159,14,252,721,7046,0.792648311098496,8280,33551,426,1762,136,1086,35,487,95,35
"1172","2020-03-22",172,14,251,825,7046,0.792648311098496,8280,33551,426,1762,158,1244,28,515,125,28
"1173","2020-03-23",186,14,253,928,7046,0.792648311098496,8280,33551,426,1762,139,1383,44,559,104,44
"1174","2020-03-24",203,14,289,1026,7046,0.792648311098496,8280,33551,426,1762,135,1518,59,618,104,59
"1175","2020-03-25",239,14,274,1119,7046,0.792648311098496,8280,33551,426,1762,174,1692,30,648,141,30
"1176","2020-03-26",276,14,268,1234,7046,0.792648311098496,8280,33551,426,1762,156,1848,17,665,122,17
"1177","2020-03-27",348,14,248,1317,7046,0.792648311098496,8280,33551,426,1762,168,2016,19,684,142,19
"1178","2020-03-28",369,14,229,1423,7046,0.792648311098496,8280,33551,426,1762,150,2166,15,699,121,15
"1179","2020-03-29",428,14,234,1536,7046,0.792648311098496,8280,33551,426,1762,158,2324,50,749,115,50
"1180","2020-03-30",456,14,223,1622,7046,0.792648311098496,8280,33551,426,1762,142,2466,27,776,115,27
"1181","2020-03-31",458,14,208,1695,7046,0.792648311098496,8280,33551,426,1762,144,2610,24,800,118,24
"1182","2020-04-01",476,14,225,1817,7046,0.792648311098496,8280,33551,426,1762,177,2787,15,815,148,15
"1183","2020-04-02",497,14,219,1935,7046,0.792648311098496,8280,33551,426,1762,126,2913,28,843,97,28
"1184","2020-04-03",646,14,203,1958,7046,0.792648311098496,8280,33551,426,1762,112,3025,13,856,88,13
"1185","2020-04-04",638,14,197,1979,7046,0.792648311098496,8280,33551,426,1762,128,3153,5,861,104,5
"1186","2020-04-05",635,14,252,2017,7046,0.792648311098496,8280,33551,426,1762,115,3268,12,873,92,12
"1187","2020-04-06",631,14,291,2071,7046,0.792648311098496,8280,33551,426,1762,124,3392,50,923,102,50
"1188","2020-04-07",635,14,276,2086,7046,0.792648311098496,8280,33551,426,1762,120,3512,28,951,85,28
"1189","2020-04-08",644,14,262,2067,7046,0.792648311098496,8280,33551,426,1762,118,3630,47,998,93,47
"1190","2020-04-09",660,14,237,2088,7046,0.792648311098496,8280,33551,426,1762,108,3738,23,1021,75,23
"1191","2020-04-10",747,14,237,2096,7046,0.792648311098496,8280,33551,426,1762,102,3840,27,1048,74,27
"1192","2020-04-11",767,14,224,2053,7046,0.792648311098496,8280,33551,426,1762,109,3949,13,1061,85,13
"1193","2020-04-12",670,14,207,2026,7046,0.792648311098496,8280,33551,426,1762,98,4047,15,1076,74,15
"1194","2020-04-13",680,14,197,1983,7046,0.792648311098496,8280,33551,426,1762,108,4155,20,1096,75,20
"1195","2020-04-14",675,14,196,1923,7046,0.792648311098496,8280,33551,426,1762,86,4241,5,1101,57,5
"1196","2020-04-15",668,14,196,1816,7046,0.792648311098496,8280,33551,426,1762,81,4322,9,1110,56,9
"1197","2020-04-16",650,14,221,1700,7046,0.792648311098496,8280,33551,426,1762,74,4396,9,1119,52,9
"1198","2020-04-17",630,14,212,1623,7046,0.792648311098496,8280,33551,426,1762,80,4476,12,1131,52,12
"1199","2020-04-18",632,14,207,1506,7046,0.792648311098496,8280,33551,426,1762,88,4564,11,1142,62,11
"1200","2020-04-19",570,14,199,1426,7046,0.792648311098496,8280,33551,426,1762,86,4650,6,1148,65,6
"1201","2020-04-20",534,14,193,1328,7046,0.792648311098496,8280,33551,426,1762,86,4736,9,1157,55,9
"1202","2020-04-21",508,14,228,1222,7046,0.792648311098496,8280,33551,426,1762,76,4812,3,1160,54,3
"1203","2020-04-22",473,14,257,1139,7046,0.792648311098496,8280,33551,426,1762,57,4869,6,1166,31,6
"1204","2020-04-23",452,14,284,1055,7046,0.792648311098496,8280,33551,426,1762,76,4945,3,1169,54,3
"1205","2020-04-24",414,14,297,969,7046,0.792648311098496,8280,33551,426,1762,56,5001,43,1212,26,43
"1206","2020-04-25",379,14,336,910,7046,0.792648311098496,8280,33551,426,1762,63,5064,63,1275,42,63
"1207","2020-04-26",340,14,324,827,7046,0.792648311098496,8280,33551,426,1762,72,5136,52,1327,48,52
"1208","2020-04-27",315,14,324,741,7046,0.792648311098496,8280,33551,426,1762,67,5203,14,1341,43,14
"1209","2020-04-28",291,14,310,703,7046,0.792648311098496,8280,33551,426,1762,57,5260,7,1348,29,7
"1210","2020-04-29",272,14,280,669,7046,0.792648311098496,8280,33551,426,1762,60,5320,48,1396,30,48
"1211","2020-04-30",253,14,307,608,7046,0.792648311098496,8280,33551,426,1762,42,5362,42,1438,25,42
"1212","2020-05-01",205,14,322,559,7046,0.792648311098496,8280,33551,426,1762,45,5407,25,1463,30,25
"1213","2020-05-02",188,14,314,526,7046,0.792648311098496,8280,33551,426,1762,53,5460,44,1507,30,44
"1214","2020-05-03",180,14,296,497,7046,0.792648311098496,8280,33551,426,1762,39,5499,20,1527,17,20
"1215","2020-05-04",174,14,282,461,7046,0.792648311098496,8280,33551,426,1762,49,5548,23,1550,33,23
"1216","2020-05-05",165,14,282,433,7046,0.792648311098496,8280,33551,426,1762,57,5605,14,1564,33,14
"1217","2020-05-06",159,14,266,412,7046,0.792648311098496,8280,33551,426,1762,52,5657,18,1582,25,18
"1218","2020-05-07",149,14,259,396,7046,0.792648311098496,8280,33551,426,1762,45,5702,9,1591,26,9
"1219","2020-05-08",142,14,238,376,7046,0.792648311098496,8280,33551,426,1762,41,5743,15,1606,24,15
"1220","2020-05-09",138,14,234,372,7046,0.792648311098496,8280,33551,426,1762,39,5782,11,1617,15,11
"1221","2020-05-10",123,14,255,354,7046,0.792648311098496,8280,33551,426,1762,43,5825,25,1642,19,25
"1222","2020-05-11",128,14,262,339,7046,0.792648311098496,8280,33551,426,1762,36,5861,31,1673,21,31
"1223","2020-05-12",123,14,241,323,7046,0.792648311098496,8280,33551,426,1762,39,5900,20,1693,22,20
"1224","2020-05-13",127,14,238,315,7046,0.792648311098496,8280,33551,426,1762,35,5935,9,1702,19,9
"1225","2020-05-14",124,14,252,301,7046,0.792648311098496,8280,33551,426,1762,29,5964,16,1718,13,16
"1226","2020-05-15",107,14,245,293,7046,0.792648311098496,8280,33551,426,1762,35,5999,4,1722,15,4
"1227","2020-05-16",107,14,241,277,7046,0.792648311098496,8280,33551,426,1762,28,6027,31,1753,13,31
"1228","2020-05-17",98,14,216,263,7046,0.792648311098496,8280,33551,426,1762,25,6052,9,1762,14,9
"1229","2020-05-18",87,14,229,266,7046,0.792648311098496,8280,33551,426,1762,28,6080,8,1770,13,8
"1230","2020-05-19",85,14,238,258,7046,0.792648311098496,8280,33551,426,1762,23,6103,7,1777,10,7
"1231","2020-05-20",83,14,262,258,7046,0.792648311098496,8280,33551,426,1762,17,6120,8,1785,8,8
"1232","2020-05-21",80,14,260,238,7046,0.792648311098496,8280,33551,426,1762,21,6141,10,1795,11,10
"1233","2020-05-22",87,14,281,219,7046,0.792648311098496,8280,33551,426,1762,14,6155,8,1803,8,8
"1234","2020-05-23",88,14,268,203,7046,0.792648311098496,8280,33551,426,1762,13,6168,11,1814,3,11
"1235","2020-05-24",93,14,254,192,7046,0.792648311098496,8280,33551,426,1762,24,6192,24,1838,14,24
"1236","2020-05-25",91,14,286,185,7046,0.792648311098496,8280,33551,426,1762,21,6213,19,1857,11,19
"1237","2020-05-26",83,14,288,174,7046,0.792648311098496,8280,33551,426,1762,22,6235,7,1864,14,7
"1238","2020-05-27",74,14,299,146,7046,0.792648311098496,8280,33551,426,1762,15,6250,14,1878,6,14
"1239","2020-05-28",71,14,297,143,7046,0.792648311098496,8280,33551,426,1762,15,6265,9,1887,10,9
"1240","2020-05-29",61,14,295,137,7046,0.792648311098496,8280,33551,426,1762,18,6283,11,1898,10,11
"1241","2020-05-30",57,14,286,140,7046,0.792648311098496,8280,33551,426,1762,15,6298,6,1904,6,6
"1242","2020-05-31",57,14,274,139,7046,0.792648311098496,8280,33551,426,1762,24,6322,49,1953,9,49
"1243","2020-06-01",50,14,279,136,7046,0.792648311098496,8280,33551,426,1762,17,6339,57,2010,11,57
"1244","2020-06-02",50,14,263,138,7046,0.792648311098496,8280,33551,426,1762,13,6352,57,2067,6,57
"1245","2020-06-03",49,14,258,139,7046,0.792648311098496,8280,33551,426,1762,21,6373,48,2115,18,48
"1246","2020-06-04",53,14,253,133,7046,0.792648311098496,8280,33551,426,1762,8,6381,25,2140,3,25
"1247","2020-06-05",53,14,275,128,7046,0.792648311098496,8280,33551,426,1762,14,6395,35,2175,8,35
"1248","2020-06-06",59,14,268,127,7046,0.792648311098496,8280,33551,426,1762,7,6402,35,2210,4,35
"1249","2020-06-07",50,14,238,123,7046,0.792648311098496,8280,33551,426,1762,6,6408,23,2233,3,23
"1250","2020-03-13",3,15,123,268,8682,0.416148352914075,8295,40771,446,2481,94,263,13,42,8,13
"1251","2020-03-14",15,15,117,368,8682,0.416148352914075,8295,40771,446,2481,101,364,14,56,10,14
"1252","2020-03-15",42,15,130,483,8682,0.416148352914075,8295,40771,446,2481,104,468,32,88,31,32
"1253","2020-03-16",52,15,144,604,8682,0.416148352914075,8295,40771,446,2481,119,587,16,104,36,16
"1254","2020-03-17",67,15,236,747,8682,0.416148352914075,8295,40771,446,2481,128,715,44,148,47,44
"1255","2020-03-18",91,15,302,893,8682,0.416148352914075,8295,40771,446,2481,124,839,39,187,49,39
"1256","2020-03-19",123,15,292,1027,8682,0.416148352914075,8295,40771,446,2481,113,952,28,215,46,28
"1257","2020-03-20",202,15,259,1155,8682,0.416148352914075,8295,40771,446,2481,134,1086,24,239,67,24
"1258","2020-03-21",315,15,219,1263,8682,0.416148352914075,8295,40771,446,2481,128,1214,39,278,56,39
"1259","2020-03-22",333,15,218,1351,8682,0.416148352914075,8295,40771,446,2481,130,1344,28,306,54,28
"1260","2020-03-23",341,15,203,1446,8682,0.416148352914075,8295,40771,446,2481,142,1486,29,335,72,29
"1261","2020-03-24",370,15,195,1533,8682,0.416148352914075,8295,40771,446,2481,160,1646,17,352,65,17
"1262","2020-03-25",405,15,198,1609,8682,0.416148352914075,8295,40771,446,2481,146,1792,20,372,70,20
"1263","2020-03-26",429,15,251,1667,8682,0.416148352914075,8295,40771,446,2481,158,1950,26,398,86,26
"1264","2020-03-27",566,15,312,1702,8682,0.416148352914075,8295,40771,446,2481,130,2080,41,439,61,41
"1265","2020-03-28",541,15,367,1708,8682,0.416148352914075,8295,40771,446,2481,121,2201,29,468,65,29
"1266","2020-03-29",524,15,352,1756,8682,0.416148352914075,8295,40771,446,2481,151,2352,41,509,51,41
"1267","2020-03-30",543,15,316,1767,8682,0.416148352914075,8295,40771,446,2481,150,2502,49,558,66,49
"1268","2020-03-31",555,15,291,1775,8682,0.416148352914075,8295,40771,446,2481,140,2642,63,621,55,63
"1269","2020-04-01",556,15,285,1770,8682,0.416148352914075,8295,40771,446,2481,171,2813,53,674,82,53
"1270","2020-04-02",557,15,268,1759,8682,0.416148352914075,8295,40771,446,2481,148,2961,45,719,62,45
"1271","2020-04-03",625,15,248,1774,8682,0.416148352914075,8295,40771,446,2481,139,3100,30,749,63,30
"1272","2020-04-04",629,15,233,1785,8682,0.416148352914075,8295,40771,446,2481,136,3236,39,788,71,39
"1273","2020-04-05",579,15,229,1798,8682,0.416148352914075,8295,40771,446,2481,121,3357,35,823,46,35
"1274","2020-04-06",556,15,222,1744,8682,0.416148352914075,8295,40771,446,2481,114,3471,31,854,43,31
"1275","2020-04-07",540,15,235,1701,8682,0.416148352914075,8295,40771,446,2481,115,3586,36,890,56,36
"1276","2020-04-08",539,15,246,1679,8682,0.416148352914075,8295,40771,446,2481,115,3701,20,910,43,20
"1277","2020-04-09",535,15,236,1641,8682,0.416148352914075,8295,40771,446,2481,123,3824,20,930,45,20
"1278","2020-04-10",537,15,224,1592,8682,0.416148352914075,8295,40771,446,2481,138,3962,17,947,60,17
"1279","2020-04-11",535,15,213,1551,8682,0.416148352914075,8295,40771,446,2481,99,4061,23,970,39,23
"1280","2020-04-12",504,15,216,1516,8682,0.416148352914075,8295,40771,446,2481,91,4152,37,1007,32,37
"1281","2020-04-13",494,15,277,1470,8682,0.416148352914075,8295,40771,446,2481,85,4237,56,1063,23,56
"1282","2020-04-14",464,15,284,1453,8682,0.416148352914075,8295,40771,446,2481,109,4346,38,1101,48,38
"1283","2020-04-15",459,15,286,1426,8682,0.416148352914075,8295,40771,446,2481,109,4455,24,1125,43,24
"1284","2020-04-16",444,15,267,1405,8682,0.416148352914075,8295,40771,446,2481,80,4535,40,1165,21,40
"1285","2020-04-17",470,15,258,1372,8682,0.416148352914075,8295,40771,446,2481,97,4632,51,1216,37,51
"1286","2020-04-18",476,15,304,1326,8682,0.416148352914075,8295,40771,446,2481,90,4722,51,1267,35,51
"1287","2020-04-19",424,15,291,1296,8682,0.416148352914075,8295,40771,446,2481,99,4821,38,1305,30,38
"1288","2020-04-20",414,15,276,1278,8682,0.416148352914075,8295,40771,446,2481,84,4905,48,1353,23,48
"1289","2020-04-21",419,15,264,1243,8682,0.416148352914075,8295,40771,446,2481,63,4968,32,1385,15,32
"1290","2020-04-22",392,15,282,1222,8682,0.416148352914075,8295,40771,446,2481,81,5049,37,1422,26,37
"1291","2020-04-23",401,15,301,1181,8682,0.416148352914075,8295,40771,446,2481,69,5118,54,1476,17,54
"1292","2020-04-24",381,15,299,1149,8682,0.416148352914075,8295,40771,446,2481,72,5190,28,1504,22,28
"1293","2020-04-25",374,15,280,1123,8682,0.416148352914075,8295,40771,446,2481,62,5252,12,1516,20,12
"1294","2020-04-26",382,15,277,1101,8682,0.416148352914075,8295,40771,446,2481,88,5340,18,1534,21,18
"1295","2020-04-27",374,15,259,1044,8682,0.416148352914075,8295,40771,446,2481,73,5413,20,1554,23,20
"1296","2020-04-28",352,15,252,1004,8682,0.416148352914075,8295,40771,446,2481,71,5484,14,1568,18,14
"1297","2020-04-29",369,15,250,957,8682,0.416148352914075,8295,40771,446,2481,74,5558,23,1591,20,23
"1298","2020-04-30",351,15,256,939,8682,0.416148352914075,8295,40771,446,2481,59,5617,12,1603,11,12
"1299","2020-05-01",353,15,250,896,8682,0.416148352914075,8295,40771,446,2481,66,5683,18,1621,21,18
"1300","2020-05-02",338,15,273,853,8682,0.416148352914075,8295,40771,446,2481,55,5738,16,1637,12,16
"1301","2020-05-03",309,15,278,811,8682,0.416148352914075,8295,40771,446,2481,57,5795,32,1669,18,32
"1302","2020-05-04",293,15,278,788,8682,0.416148352914075,8295,40771,446,2481,53,5848,54,1723,15,54
"1303","2020-05-05",284,15,271,783,8682,0.416148352914075,8295,40771,446,2481,51,5899,19,1742,18,19
"1304","2020-05-06",272,15,264,760,8682,0.416148352914075,8295,40771,446,2481,46,5945,58,1800,11,58
"1305","2020-05-07",264,15,245,714,8682,0.416148352914075,8295,40771,446,2481,43,5988,33,1833,5,33
"1306","2020-05-08",230,15,248,681,8682,0.416148352914075,8295,40771,446,2481,43,6031,24,1857,12,24
"1307","2020-05-09",219,15,236,669,8682,0.416148352914075,8295,40771,446,2481,35,6066,22,1879,9,22
"1308","2020-05-10",227,15,272,652,8682,0.416148352914075,8295,40771,446,2481,36,6102,29,1908,7,29
"1309","2020-05-11",228,15,256,622,8682,0.416148352914075,8295,40771,446,2481,55,6157,23,1931,12,23
"1310","2020-05-12",212,15,248,597,8682,0.416148352914075,8295,40771,446,2481,57,6214,17,1948,13,17
"1311","2020-05-13",198,15,284,568,8682,0.416148352914075,8295,40771,446,2481,35,6249,22,1970,8,22
"1312","2020-05-14",196,15,298,535,8682,0.416148352914075,8295,40771,446,2481,28,6277,39,2009,9,39
"1313","2020-05-15",202,15,276,516,8682,0.416148352914075,8295,40771,446,2481,41,6318,63,2072,11,63
"1314","2020-05-16",212,15,239,496,8682,0.416148352914075,8295,40771,446,2481,27,6345,38,2110,2,38
"1315","2020-05-17",176,15,224,484,8682,0.416148352914075,8295,40771,446,2481,18,6363,28,2138,3,28
"1316","2020-05-18",169,15,237,452,8682,0.416148352914075,8295,40771,446,2481,37,6400,41,2179,11,41
"1317","2020-05-19",161,15,296,445,8682,0.416148352914075,8295,40771,446,2481,23,6423,32,2211,4,32
"1318","2020-05-20",154,15,290,421,8682,0.416148352914075,8295,40771,446,2481,20,6443,54,2265,4,54
"1319","2020-05-21",157,15,289,400,8682,0.416148352914075,8295,40771,446,2481,22,6465,52,2317,3,52
"1320","2020-05-22",140,15,293,383,8682,0.416148352914075,8295,40771,446,2481,22,6487,38,2355,5,38
"1321","2020-05-23",122,15,285,365,8682,0.416148352914075,8295,40771,446,2481,26,6513,28,2383,10,28
"1322","2020-05-24",122,15,333,348,8682,0.416148352914075,8295,40771,446,2481,19,6532,18,2401,5,18
"1323","2020-05-25",109,15,324,329,8682,0.416148352914075,8295,40771,446,2481,25,6557,49,2450,5,49
"1324","2020-05-26",106,15,346,318,8682,0.416148352914075,8295,40771,446,2481,22,6579,40,2490,4,40
"1325","2020-05-27",115,15,355,298,8682,0.416148352914075,8295,40771,446,2481,23,6602,34,2524,2,34
"1326","2020-05-28",103,15,339,286,8682,0.416148352914075,8295,40771,446,2481,24,6626,55,2579,5,55
"1327","2020-05-29",113,15,328,263,8682,0.416148352914075,8295,40771,446,2481,21,6647,37,2616,6,37
"1328","2020-05-30",110,15,313,258,8682,0.416148352914075,8295,40771,446,2481,12,6659,24,2640,1,24
"1329","2020-05-31",87,15,302,257,8682,0.416148352914075,8295,40771,446,2481,24,6683,18,2658,5,18
"1330","2020-06-01",94,15,264,248,8682,0.416148352914075,8295,40771,446,2481,17,6700,38,2696,5,38
"1331","2020-06-02",88,15,231,235,8682,0.416148352914075,8295,40771,446,2481,13,6713,48,2744,2,48
"1332","2020-06-03",84,15,250,222,8682,0.416148352914075,8295,40771,446,2481,11,6724,26,2770,3,26
"1333","2020-06-04",86,15,248,213,8682,0.416148352914075,8295,40771,446,2481,9,6733,42,2812,NA,42
"1334","2020-06-05",74,15,259,203,8682,0.416148352914075,8295,40771,446,2481,14,6747,32,2844,2,32
"1335","2020-06-06",73,15,247,194,8682,0.416148352914075,8295,40771,446,2481,6,6753,47,2891,2,47
"1336","2020-06-07",78,15,277,189,8682,0.416148352914075,8295,40771,446,2481,7,6760,27,2918,2,27
"1337","2020-03-13",4,16,158,71,6774,0.751845290817833,8355,33405,392,1824,68,193,17,70,6,17
"1338","2020-03-14",7,16,201,101,6774,0.751845290817833,8355,33405,392,1824,69,262,33,103,13,33
"1339","2020-03-15",10,16,242,140,6774,0.751845290817833,8355,33405,392,1824,87,349,40,143,22,40
"1340","2020-03-16",16,16,242,188,6774,0.751845290817833,8355,33405,392,1824,108,457,34,177,50,34
"1341","2020-03-17",22,16,243,236,6774,0.751845290817833,8355,33405,392,1824,106,563,67,244,52,67
"1342","2020-03-18",29,16,201,302,6774,0.751845290817833,8355,33405,392,1824,119,682,54,298,62,54
"1343","2020-03-19",39,16,195,359,6774,0.751845290817833,8355,33405,392,1824,116,798,68,366,68,68
"1344","2020-03-20",63,16,177,429,6774,0.751845290817833,8355,33405,392,1824,141,939,50,416,88,50
"1345","2020-03-21",97,16,150,514,6774,0.751845290817833,8355,33405,392,1824,157,1096,46,462,97,46
"1346","2020-03-22",139,16,181,604,6774,0.751845290817833,8355,33405,392,1824,129,1225,66,528,77,66
"1347","2020-03-23",147,16,195,683,6774,0.751845290817833,8355,33405,392,1824,161,1386,31,559,101,31
"1348","2020-03-24",146,16,227,774,6774,0.751845290817833,8355,33405,392,1824,165,1551,35,594,107,35
"1349","2020-03-25",163,16,234,859,6774,0.751845290817833,8355,33405,392,1824,179,1730,36,630,122,36
"1350","2020-03-26",181,16,227,948,6774,0.751845290817833,8355,33405,392,1824,181,1911,31,661,107,31
"1351","2020-03-27",271,16,237,1032,6774,0.751845290817833,8355,33405,392,1824,195,2106,41,702,140,41
"1352","2020-03-28",293,16,267,1157,6774,0.751845290817833,8355,33405,392,1824,201,2307,40,742,150,40
"1353","2020-03-29",303,16,268,1278,6774,0.751845290817833,8355,33405,392,1824,170,2477,43,785,119,43
"1354","2020-03-30",323,16,259,1386,6774,0.751845290817833,8355,33405,392,1824,218,2695,58,843,154,58
"1355","2020-03-31",341,16,268,1464,6774,0.751845290817833,8355,33405,392,1824,205,2900,29,872,140,29
"1356","2020-04-01",370,16,240,1590,6774,0.751845290817833,8355,33405,392,1824,165,3065,24,896,119,24
"1357","2020-04-02",401,16,237,1673,6774,0.751845290817833,8355,33405,392,1824,181,3246,36,932,139,36
"1358","2020-04-03",505,16,223,1759,6774,0.751845290817833,8355,33405,392,1824,147,3393,50,982,105,50
"1359","2020-04-04",557,16,237,1828,6774,0.751845290817833,8355,33405,392,1824,152,3545,41,1023,96,41
"1360","2020-04-05",537,16,252,1890,6774,0.751845290817833,8355,33405,392,1824,140,3685,35,1058,93,35
"1361","2020-04-06",547,16,262,1991,6774,0.751845290817833,8355,33405,392,1824,167,3852,28,1086,131,28
"1362","2020-04-07",557,16,239,2056,6774,0.751845290817833,8355,33405,392,1824,152,4004,36,1122,109,36
"1363","2020-04-08",579,16,236,2052,6774,0.751845290817833,8355,33405,392,1824,129,4133,47,1169,83,47
"1364","2020-04-09",588,16,267,2074,6774,0.751845290817833,8355,33405,392,1824,122,4255,53,1222,79,53
"1365","2020-04-10",692,16,273,2066,6774,0.751845290817833,8355,33405,392,1824,111,4366,34,1256,60,34
"1366","2020-04-11",670,16,260,2113,6774,0.751845290817833,8355,33405,392,1824,117,4483,36,1292,65,36
"1367","2020-04-12",657,16,233,2071,6774,0.751845290817833,8355,33405,392,1824,140,4623,33,1325,81,33
"1368","2020-04-13",660,16,259,2029,6774,0.751845290817833,8355,33405,392,1824,87,4710,48,1373,44,48
"1369","2020-04-14",665,16,260,2018,6774,0.751845290817833,8355,33405,392,1824,105,4815,41,1414,60,41
"1370","2020-04-15",659,16,261,1954,6774,0.751845290817833,8355,33405,392,1824,75,4890,39,1453,42,39
"1371","2020-04-16",673,16,237,1887,6774,0.751845290817833,8355,33405,392,1824,100,4990,27,1480,62,27
"1372","2020-04-17",693,16,219,1807,6774,0.751845290817833,8355,33405,392,1824,81,5071,32,1512,46,32
"1373","2020-04-18",710,16,221,1715,6774,0.751845290817833,8355,33405,392,1824,93,5164,29,1541,51,29
"1374","2020-04-19",638,16,224,1615,6774,0.751845290817833,8355,33405,392,1824,73,5237,19,1560,40,19
"1375","2020-04-20",610,16,214,1520,6774,0.751845290817833,8355,33405,392,1824,64,5301,36,1596,37,36
"1376","2020-04-21",594,16,200,1435,6774,0.751845290817833,8355,33405,392,1824,73,5374,32,1628,39,32
"1377","2020-04-22",571,16,197,1351,6774,0.751845290817833,8355,33405,392,1824,58,5432,39,1667,32,39
"1378","2020-04-23",530,16,216,1255,6774,0.751845290817833,8355,33405,392,1824,77,5509,25,1692,38,25
"1379","2020-04-24",465,16,213,1190,6774,0.751845290817833,8355,33405,392,1824,60,5569,24,1716,32,24
"1380","2020-04-25",431,16,228,1118,6774,0.751845290817833,8355,33405,392,1824,66,5635,20,1736,34,20
"1381","2020-04-26",393,16,277,1029,6774,0.751845290817833,8355,33405,392,1824,52,5687,21,1757,23,21
"1382","2020-04-27",390,16,265,946,6774,0.751845290817833,8355,33405,392,1824,54,5741,23,1780,26,23
"1383","2020-04-28",357,16,274,878,6774,0.751845290817833,8355,33405,392,1824,53,5794,73,1853,21,73
"1384","2020-04-29",346,16,298,812,6774,0.751845290817833,8355,33405,392,1824,50,5844,43,1896,18,43
"1385","2020-04-30",344,16,322,747,6774,0.751845290817833,8355,33405,392,1824,54,5898,44,1940,26,44
"1386","2020-05-01",312,16,308,693,6774,0.751845290817833,8355,33405,392,1824,45,5943,37,1977,15,37
"1387","2020-05-02",301,16,288,643,6774,0.751845290817833,8355,33405,392,1824,45,5988,27,2004,15,27
"1388","2020-05-03",269,16,271,572,6774,0.751845290817833,8355,33405,392,1824,40,6028,35,2039,15,35
"1389","2020-05-04",245,16,282,522,6774,0.751845290817833,8355,33405,392,1824,38,6066,31,2070,16,31
"1390","2020-05-05",233,16,259,470,6774,0.751845290817833,8355,33405,392,1824,40,6106,28,2098,16,28
"1391","2020-05-06",207,16,257,441,6774,0.751845290817833,8355,33405,392,1824,32,6138,39,2137,7,39
"1392","2020-05-07",187,16,249,416,6774,0.751845290817833,8355,33405,392,1824,41,6179,44,2181,8,44
"1393","2020-05-08",182,16,245,386,6774,0.751845290817833,8355,33405,392,1824,33,6212,32,2213,11,32
"1394","2020-05-09",161,16,230,345,6774,0.751845290817833,8355,33405,392,1824,36,6248,33,2246,12,33
"1395","2020-05-10",136,16,227,326,6774,0.751845290817833,8355,33405,392,1824,35,6283,23,2269,12,23
"1396","2020-05-11",127,16,223,316,6774,0.751845290817833,8355,33405,392,1824,35,6318,25,2294,10,25
"1397","2020-05-12",117,16,212,300,6774,0.751845290817833,8355,33405,392,1824,18,6336,26,2320,5,26
"1398","2020-05-13",116,16,203,285,6774,0.751845290817833,8355,33405,392,1824,25,6361,26,2346,7,26
"1399","2020-05-14",103,16,223,267,6774,0.751845290817833,8355,33405,392,1824,20,6381,47,2393,6,47
"1400","2020-05-15",86,16,229,241,6774,0.751845290817833,8355,33405,392,1824,23,6404,50,2443,4,50
"1401","2020-05-16",88,16,215,223,6774,0.751845290817833,8355,33405,392,1824,22,6426,51,2494,8,51
"1402","2020-05-17",79,16,224,200,6774,0.751845290817833,8355,33405,392,1824,30,6456,44,2538,10,44
"1403","2020-05-18",79,16,204,188,6774,0.751845290817833,8355,33405,392,1824,22,6478,52,2590,9,52
"1404","2020-05-19",73,16,199,174,6774,0.751845290817833,8355,33405,392,1824,17,6495,42,2632,4,42
"1405","2020-05-20",69,16,221,164,6774,0.751845290817833,8355,33405,392,1824,20,6515,50,2682,7,50
"1406","2020-05-21",66,16,225,152,6774,0.751845290817833,8355,33405,392,1824,14,6529,52,2734,6,52
"1407","2020-05-22",51,16,213,143,6774,0.751845290817833,8355,33405,392,1824,14,6543,39,2773,4,39
"1408","2020-05-23",42,16,230,127,6774,0.751845290817833,8355,33405,392,1824,20,6563,51,2824,7,51
"1409","2020-05-24",42,16,233,128,6774,0.751845290817833,8355,33405,392,1824,17,6580,45,2869,2,45
"1410","2020-05-25",37,16,235,117,6774,0.751845290817833,8355,33405,392,1824,13,6593,32,2901,5,32
"1411","2020-05-26",36,16,214,119,6774,0.751845290817833,8355,33405,392,1824,16,6609,34,2935,1,34
"1412","2020-05-27",37,16,213,119,6774,0.751845290817833,8355,33405,392,1824,16,6625,41,2976,3,41
"1413","2020-05-28",43,16,202,121,6774,0.751845290817833,8355,33405,392,1824,13,6638,37,3013,6,37
"1414","2020-05-29",44,16,190,126,6774,0.751845290817833,8355,33405,392,1824,12,6650,35,3048,5,35
"1415","2020-05-30",52,16,187,125,6774,0.751845290817833,8355,33405,392,1824,13,6663,22,3070,2,22
"1416","2020-05-31",45,16,194,115,6774,0.751845290817833,8355,33405,392,1824,10,6673,32,3102,3,32
"1417","2020-06-01",42,16,222,116,6774,0.751845290817833,8355,33405,392,1824,12,6685,32,3134,2,32
"1418","2020-06-02",39,16,258,111,6774,0.751845290817833,8355,33405,392,1824,10,6695,46,3180,2,46
"1419","2020-06-03",38,16,242,109,6774,0.751845290817833,8355,33405,392,1824,9,6704,50,3230,4,50
"1420","2020-06-04",33,16,223,103,6774,0.751845290817833,8355,33405,392,1824,16,6720,54,3284,8,54
"1421","2020-06-05",38,16,222,106,6774,0.751845290817833,8355,33405,392,1824,9,6729,32,3316,3,32
"1422","2020-06-06",30,16,219,100,6774,0.751845290817833,8355,33405,392,1824,6,6735,58,3374,NA,58
"1423","2020-06-07",28,16,217,98,6774,0.751845290817833,8355,33405,392,1824,15,6750,49,3423,5,49
"1424","2020-03-12",1,17,69,90,7258,0.547809313860568,8220,35929,384,1744,26,40,50,99,16,50
"1425","2020-03-13",7,17,74,150,7258,0.547809313860568,8220,35929,384,1744,36,76,51,150,28,51
"1426","2020-03-14",25,17,78,205,7258,0.547809313860568,8220,35929,384,1744,43,119,29,179,31,29
"1427","2020-03-15",29,17,91,285,7258,0.547809313860568,8220,35929,384,1744,59,178,50,229,53,50
"1428","2020-03-16",27,17,161,357,7258,0.547809313860568,8220,35929,384,1744,38,216,45,274,29,45
"1429","2020-03-17",38,17,198,462,7258,0.547809313860568,8220,35929,384,1744,70,286,65,339,63,65
"1430","2020-03-18",48,17,213,564,7258,0.547809313860568,8220,35929,384,1744,90,376,43,382,80,43
"1431","2020-03-19",68,17,191,662,7258,0.547809313860568,8220,35929,384,1744,95,471,23,405,81,23
"1432","2020-03-20",122,17,167,770,7258,0.547809313860568,8220,35929,384,1744,95,566,20,425,88,20
"1433","2020-03-21",155,17,173,888,7258,0.547809313860568,8220,35929,384,1744,119,685,17,442,111,17
"1434","2020-03-22",226,17,227,1000,7258,0.547809313860568,8220,35929,384,1744,101,786,18,460,91,18
"1435","2020-03-23",247,17,289,1104,7258,0.547809313860568,8220,35929,384,1744,128,914,37,497,123,37
"1436","2020-03-24",266,17,291,1190,7258,0.547809313860568,8220,35929,384,1744,142,1056,20,517,136,20
"1437","2020-03-25",301,17,271,1280,7258,0.547809313860568,8220,35929,384,1744,142,1198,25,542,136,25
"1438","2020-03-26",326,17,219,1386,7258,0.547809313860568,8220,35929,384,1744,140,1338,15,557,131,15
"1439","2020-03-27",457,17,194,1487,7258,0.547809313860568,8220,35929,384,1744,194,1532,23,580,185,23
"1440","2020-03-28",490,17,191,1588,7258,0.547809313860568,8220,35929,384,1744,168,1700,68,648,162,68
"1441","2020-03-29",434,17,233,1624,7258,0.547809313860568,8220,35929,384,1744,190,1890,62,710,182,62
"1442","2020-03-30",443,17,240,1678,7258,0.547809313860568,8220,35929,384,1744,185,2075,34,744,178,34
"1443","2020-03-31",466,17,239,1740,7258,0.547809313860568,8220,35929,384,1744,184,2259,20,764,175,20
"1444","2020-04-01",489,17,207,1779,7258,0.547809313860568,8220,35929,384,1744,193,2452,43,807,182,43
"1445","2020-04-02",501,17,198,1782,7258,0.547809313860568,8220,35929,384,1744,234,2686,22,829,224,22
"1446","2020-04-03",564,17,183,1848,7258,0.547809313860568,8220,35929,384,1744,231,2917,25,854,219,25
"1447","2020-04-04",596,17,180,1828,7258,0.547809313860568,8220,35929,384,1744,200,3117,30,884,190,30
"1448","2020-04-05",592,17,174,1819,7258,0.547809313860568,8220,35929,384,1744,218,3335,15,899,210,15
"1449","2020-04-06",603,17,168,1806,7258,0.547809313860568,8220,35929,384,1744,178,3513,16,915,172,16
"1450","2020-04-07",596,17,168,1809,7258,0.547809313860568,8220,35929,384,1744,166,3679,15,930,159,15
"1451","2020-04-08",585,17,210,1790,7258,0.547809313860568,8220,35929,384,1744,188,3867,25,955,183,25
"1452","2020-04-09",596,17,216,1744,7258,0.547809313860568,8220,35929,384,1744,178,4045,40,995,167,40
"1453","2020-04-10",644,17,250,1720,7258,0.547809313860568,8220,35929,384,1744,156,4201,53,1048,154,53
"1454","2020-04-11",616,17,292,1689,7258,0.547809313860568,8220,35929,384,1744,159,4360,23,1071,151,23
"1455","2020-04-12",547,17,278,1660,7258,0.547809313860568,8220,35929,384,1744,151,4511,24,1095,142,24
"1456","2020-04-13",535,17,264,1583,7258,0.547809313860568,8220,35929,384,1744,145,4656,16,1111,138,16
"1457","2020-04-14",525,17,220,1540,7258,0.547809313860568,8220,35929,384,1744,111,4767,13,1124,105,13
"1458","2020-04-15",508,17,227,1465,7258,0.547809313860568,8220,35929,384,1744,147,4914,17,1141,130,17
"1459","2020-04-16",485,17,214,1413,7258,0.547809313860568,8220,35929,384,1744,104,5018,67,1208,99,67
"1460","2020-04-17",465,17,249,1328,7258,0.547809313860568,8220,35929,384,1744,95,5113,60,1268,92,60
"1461","2020-04-18",461,17,242,1270,7258,0.547809313860568,8220,35929,384,1744,89,5202,41,1309,83,41
"1462","2020-04-19",429,17,242,1227,7258,0.547809313860568,8220,35929,384,1744,95,5297,30,1339,87,30
"1463","2020-04-20",421,17,219,1169,7258,0.547809313860568,8220,35929,384,1744,93,5390,45,1384,86,45
"1464","2020-04-21",397,17,201,1110,7258,0.547809313860568,8220,35929,384,1744,72,5462,46,1430,68,46
"1465","2020-04-22",409,17,258,1039,7258,0.547809313860568,8220,35929,384,1744,69,5531,29,1459,63,30
"1466","2020-04-23",394,17,248,975,7258,0.547809313860568,8220,35929,384,1744,71,5602,23,1482,65,23
"1467","2020-04-24",386,17,240,944,7258,0.547809313860568,8220,35929,384,1744,62,5664,33,1515,58,33
"1468","2020-04-25",375,17,206,904,7258,0.547809313860568,8220,35929,384,1744,61,5725,54,1569,55,54
"1469","2020-04-26",375,17,227,873,7258,0.547809313860568,8220,35929,384,1744,38,5763,64,1633,30,64
"1470","2020-04-27",351,17,223,844,7258,0.547809313860568,8220,35929,384,1744,59,5822,53,1686,52,53
"1471","2020-04-28",328,17,211,803,7258,0.547809313860568,8220,35929,384,1744,47,5869,38,1724,44,38
"1472","2020-04-29",302,17,202,780,7258,0.547809313860568,8220,35929,384,1744,42,5911,31,1755,36,31
"1473","2020-04-30",286,17,238,729,7258,0.547809313860568,8220,35929,384,1744,32,5943,37,1792,26,37
"1474","2020-05-01",255,17,235,698,7258,0.547809313860568,8220,35929,384,1744,35,5978,20,1812,30,20
"1475","2020-05-02",243,17,245,681,7258,0.547809313860568,8220,35929,384,1744,19,5997,19,1831,16,19
"1476","2020-05-03",212,17,237,639,7258,0.547809313860568,8220,35929,384,1744,28,6025,16,1847,22,16
"1477","2020-05-04",202,17,239,607,7258,0.547809313860568,8220,35929,384,1744,28,6053,13,1860,22,13
"1478","2020-05-05",196,17,278,592,7258,0.547809313860568,8220,35929,384,1744,23,6076,16,1876,21,16
"1479","2020-05-06",186,17,264,570,7258,0.547809313860568,8220,35929,384,1744,18,6094,10,1886,14,10
"1480","2020-05-07",187,17,247,566,7258,0.547809313860568,8220,35929,384,1744,17,6111,15,1901,13,15
"1481","2020-05-08",178,17,233,545,7258,0.547809313860568,8220,35929,384,1744,18,6129,18,1919,15,18
"1482","2020-05-09",205,17,269,520,7258,0.547809313860568,8220,35929,384,1744,21,6150,50,1969,19,50
"1483","2020-05-10",193,17,278,492,7258,0.547809313860568,8220,35929,384,1744,16,6166,45,2014,14,45
"1484","2020-05-11",182,17,290,469,7258,0.547809313860568,8220,35929,384,1744,23,6189,29,2043,18,29
"1485","2020-05-12",174,17,274,454,7258,0.547809313860568,8220,35929,384,1744,14,6203,23,2066,11,23
"1486","2020-05-13",169,17,260,452,7258,0.547809313860568,8220,35929,384,1744,14,6217,58,2124,12,58
"1487","2020-05-14",165,17,246,431,7258,0.547809313860568,8220,35929,384,1744,21,6238,34,2158,16,34
"1488","2020-05-15",176,17,228,416,7258,0.547809313860568,8220,35929,384,1744,15,6253,20,2178,12,20
"1489","2020-05-16",143,17,198,408,7258,0.547809313860568,8220,35929,384,1744,20,6273,23,2201,15,23
"1490","2020-05-17",127,17,182,397,7258,0.547809313860568,8220,35929,384,1744,17,6290,19,2220,13,19
"1491","2020-05-18",125,17,168,385,7258,0.547809313860568,8220,35929,384,1744,15,6305,29,2249,15,29
"1492","2020-05-19",129,17,156,368,7258,0.547809313860568,8220,35929,384,1744,14,6319,16,2265,9,16
"1493","2020-05-20",130,17,158,338,7258,0.547809313860568,8220,35929,384,1744,10,6329,7,2272,6,7
"1494","2020-05-21",123,17,147,316,7258,0.547809313860568,8220,35929,384,1744,11,6340,13,2285,7,13
"1495","2020-05-22",96,17,144,295,7258,0.547809313860568,8220,35929,384,1744,11,6351,11,2296,7,11
"1496","2020-05-23",104,17,148,285,7258,0.547809313860568,8220,35929,384,1744,9,6360,43,2339,9,43
"1497","2020-05-24",101,17,162,269,7258,0.547809313860568,8220,35929,384,1744,11,6371,22,2361,6,22
"1498","2020-05-25",93,17,178,255,7258,0.547809313860568,8220,35929,384,1744,6,6377,46,2407,5,46
"1499","2020-05-26",80,17,182,238,7258,0.547809313860568,8220,35929,384,1744,7,6384,28,2435,5,28
"1500","2020-05-27",80,17,185,237,7258,0.547809313860568,8220,35929,384,1744,11,6395,45,2480,9,45
"1501","2020-05-28",78,17,218,231,7258,0.547809313860568,8220,35929,384,1744,12,6407,29,2509,10,29
"1502","2020-05-29",84,17,203,214,7258,0.547809313860568,8220,35929,384,1744,6,6413,41,2550,4,41
"1503","2020-05-30",76,17,203,204,7258,0.547809313860568,8220,35929,384,1744,8,6421,27,2577,6,27
"1504","2020-05-31",74,17,232,189,7258,0.547809313860568,8220,35929,384,1744,9,6430,11,2588,8,11
"1505","2020-06-01",73,17,235,171,7258,0.547809313860568,8220,35929,384,1744,4,6434,9,2597,4,9
"1506","2020-06-02",72,17,227,164,7258,0.547809313860568,8220,35929,384,1744,4,6438,8,2605,4,8
"1507","2020-06-03",69,17,235,151,7258,0.547809313860568,8220,35929,384,1744,8,6446,6,2611,7,6
"1508","2020-06-04",69,17,250,152,7258,0.547809313860568,8220,35929,384,1744,2,6448,15,2626,2,15
"1509","2020-06-05",63,17,265,138,7258,0.547809313860568,8220,35929,384,1744,9,6457,61,2687,7,61
"1510","2020-06-06",62,17,249,128,7258,0.547809313860568,8220,35929,384,1744,7,6464,21,2708,4,21
"1511","2020-06-07",45,17,228,124,7258,0.547809313860568,8220,35929,384,1744,4,6468,36,2744,4,36
"1512","2020-03-07",1,18,0,0,6672,0.719124700239808,8280,34964,405,2126,NA,NA,NA,NA,NA,NA
"1513","2020-03-08",1,18,0,0,6672,0.719124700239808,8280,34964,405,2126,NA,NA,NA,NA,NA,NA
"1514","2020-03-09",0,18,0,0,6672,0.719124700239808,8280,34964,405,2126,NA,NA,NA,NA,NA,NA
"1515","2020-03-10",0,18,0,0,6672,0.719124700239808,8280,34964,405,2126,NA,NA,4,4,NA,4
"1516","2020-03-11",0,18,0,0,6672,0.719124700239808,8280,34964,405,2126,18,18,44,48,NA,44
"1517","2020-03-12",0,18,0,0,6672,0.719124700239808,8280,34964,405,2126,14,32,45,93,2,45
"1518","2020-03-13",0,18,0,0,6672,0.719124700239808,8280,34964,405,2126,18,50,57,150,4,57
"1519","2020-03-14",2,18,171,130,6672,0.719124700239808,8280,34964,405,2126,34,84,26,176,12,26
"1520","2020-03-15",12,18,178,181,6672,0.719124700239808,8280,34964,405,2126,17,101,18,194,13,18
"1521","2020-03-16",19,18,186,244,6672,0.719124700239808,8280,34964,405,2126,26,127,13,207,19,13
"1522","2020-03-17",24,18,232,304,6672,0.719124700239808,8280,34964,405,2126,32,159,11,218,23,11
"1523","2020-03-18",31,18,223,354,6672,0.719124700239808,8280,34964,405,2126,33,192,37,255,16,37
"1524","2020-03-19",40,18,267,436,6672,0.719124700239808,8280,34964,405,2126,34,226,26,281,25,26
"1525","2020-03-20",65,18,304,517,6672,0.719124700239808,8280,34964,405,2126,44,270,16,297,32,16
"1526","2020-03-21",89,18,271,590,6672,0.719124700239808,8280,34964,405,2126,41,311,14,311,27,14
"1527","2020-03-22",150,18,300,671,6672,0.719124700239808,8280,34964,405,2126,50,361,14,325,33,14
"1528","2020-03-23",161,18,270,745,6672,0.719124700239808,8280,34964,405,2126,68,429,9,334,53,9
"1529","2020-03-24",159,18,225,830,6672,0.719124700239808,8280,34964,405,2126,68,497,10,344,53,10
"1530","2020-03-25",178,18,201,909,6672,0.719124700239808,8280,34964,405,2126,85,582,11,355,71,11
"1531","2020-03-26",203,18,183,1001,6672,0.719124700239808,8280,34964,405,2126,91,673,51,406,82,51
"1532","2020-03-27",307,18,225,1076,6672,0.719124700239808,8280,34964,405,2126,81,754,64,470,76,64
"1533","2020-03-28",369,18,261,1146,6672,0.719124700239808,8280,34964,405,2126,129,883,49,519,116,49
"1534","2020-03-29",355,18,280,1233,6672,0.719124700239808,8280,34964,405,2126,127,1010,36,555,112,36
"1535","2020-03-30",361,18,275,1334,6672,0.719124700239808,8280,34964,405,2126,122,1132,23,578,110,23
"1536","2020-03-31",388,18,290,1407,6672,0.719124700239808,8280,34964,405,2126,139,1271,13,591,123,13
"1537","2020-04-01",414,18,314,1470,6672,0.719124700239808,8280,34964,405,2126,164,1435,8,599,145,8
"1538","2020-04-02",446,18,283,1517,6672,0.719124700239808,8280,34964,405,2126,152,1587,60,659,137,60
"1539","2020-04-03",579,18,233,1585,6672,0.719124700239808,8280,34964,405,2126,172,1759,26,685,159,26
"1540","2020-04-04",585,18,250,1640,6672,0.719124700239808,8280,34964,405,2126,135,1894,17,702,120,17
"1541","2020-04-05",547,18,247,1672,6672,0.719124700239808,8280,34964,405,2126,187,2081,14,716,175,14
"1542","2020-04-06",549,18,230,1679,6672,0.719124700239808,8280,34964,405,2126,149,2230,18,734,141,18
"1543","2020-04-07",544,18,206,1700,6672,0.719124700239808,8280,34964,405,2126,203,2433,50,784,184,50
"1544","2020-04-08",552,18,231,1696,6672,0.719124700239808,8280,34964,405,2126,194,2627,36,820,184,36
"1545","2020-04-09",550,18,220,1680,6672,0.719124700239808,8280,34964,405,2126,189,2816,27,847,175,27
"1546","2020-04-10",574,18,216,1675,6672,0.719124700239808,8280,34964,405,2126,192,3008,14,861,174,14
"1547","2020-04-11",561,18,241,1639,6672,0.719124700239808,8280,34964,405,2126,190,3198,27,888,180,27
"1548","2020-04-12",516,18,236,1641,6672,0.719124700239808,8280,34964,405,2126,205,3403,56,944,190,56
"1549","2020-04-13",529,18,211,1608,6672,0.719124700239808,8280,34964,405,2126,211,3614,31,975,196,31
"1550","2020-04-14",524,18,197,1569,6672,0.719124700239808,8280,34964,405,2126,207,3821,26,1001,193,26
"1551","2020-04-15",524,18,198,1565,6672,0.719124700239808,8280,34964,405,2126,174,3995,62,1063,161,62
"1552","2020-04-16",512,18,220,1543,6672,0.719124700239808,8280,34964,405,2126,154,4149,51,1114,136,51
"1553","2020-04-17",517,18,249,1505,6672,0.719124700239808,8280,34964,405,2126,176,4325,35,1149,167,35
"1554","2020-04-18",520,18,243,1468,6672,0.719124700239808,8280,34964,405,2126,174,4499,30,1179,164,30
"1555","2020-04-19",497,18,228,1422,6672,0.719124700239808,8280,34964,405,2126,134,4633,21,1200,123,21
"1556","2020-04-20",487,18,229,1394,6672,0.719124700239808,8280,34964,405,2126,140,4773,15,1215,133,15
"1557","2020-04-21",471,18,207,1383,6672,0.719124700239808,8280,34964,405,2126,141,4914,16,1231,131,16
"1558","2020-04-22",463,18,204,1335,6672,0.719124700239808,8280,34964,405,2126,113,5027,33,1264,105,33
"1559","2020-04-23",449,18,189,1256,6672,0.719124700239808,8280,34964,405,2126,121,5148,26,1290,114,26
"1560","2020-04-24",440,18,167,1205,6672,0.719124700239808,8280,34964,405,2126,90,5238,47,1337,80,47
"1561","2020-04-25",433,18,248,1171,6672,0.719124700239808,8280,34964,405,2126,101,5339,37,1374,96,37
"1562","2020-04-26",419,18,250,1117,6672,0.719124700239808,8280,34964,405,2126,83,5422,48,1422,71,48
"1563","2020-04-27",396,18,252,1040,6672,0.719124700239808,8280,34964,405,2126,70,5492,32,1454,66,32
"1564","2020-04-28",380,18,220,992,6672,0.719124700239808,8280,34964,405,2126,79,5571,58,1512,72,58
"1565","2020-04-29",359,18,222,915,6672,0.719124700239808,8280,34964,405,2126,54,5625,55,1567,48,55
"1566","2020-04-30",363,18,220,871,6672,0.719124700239808,8280,34964,405,2126,69,5694,65,1632,64,65
"1567","2020-05-01",347,18,195,824,6672,0.719124700239808,8280,34964,405,2126,48,5742,40,1672,39,40
"1568","2020-05-02",345,18,202,766,6672,0.719124700239808,8280,34964,405,2126,50,5792,26,1698,45,26
"1569","2020-05-03",296,18,205,724,6672,0.719124700239808,8280,34964,405,2126,36,5828,35,1733,29,35
"1570","2020-05-04",283,18,197,688,6672,0.719124700239808,8280,34964,405,2126,38,5866,30,1763,29,30
"1571","2020-05-05",281,18,200,644,6672,0.719124700239808,8280,34964,405,2126,34,5900,23,1786,30,23
"1572","2020-05-06",271,18,216,597,6672,0.719124700239808,8280,34964,405,2126,28,5928,23,1809,20,23
"1573","2020-05-07",247,18,234,571,6672,0.719124700239808,8280,34964,405,2126,36,5964,9,1818,25,9
"1574","2020-05-08",209,18,223,541,6672,0.719124700239808,8280,34964,405,2126,29,5993,24,1842,22,24
"1575","2020-05-09",194,18,217,500,6672,0.719124700239808,8280,34964,405,2126,20,6013,24,1866,12,24
"1576","2020-05-10",186,18,236,475,6672,0.719124700239808,8280,34964,405,2126,25,6038,15,1881,18,15
"1577","2020-05-11",173,18,247,451,6672,0.719124700239808,8280,34964,405,2126,15,6053,11,1892,9,11
"1578","2020-05-12",145,18,237,424,6672,0.719124700239808,8280,34964,405,2126,13,6066,14,1906,13,14
"1579","2020-05-13",143,18,241,397,6672,0.719124700239808,8280,34964,405,2126,15,6081,9,1915,7,9
"1580","2020-05-14",142,18,240,378,6672,0.719124700239808,8280,34964,405,2126,15,6096,4,1919,11,4
"1581","2020-05-15",134,18,240,354,6672,0.719124700239808,8280,34964,405,2126,10,6106,6,1925,7,6
"1582","2020-05-16",136,18,229,334,6672,0.719124700239808,8280,34964,405,2126,13,6119,5,1930,9,5
"1583","2020-05-17",126,18,210,319,6672,0.719124700239808,8280,34964,405,2126,13,6132,8,1938,7,8
"1584","2020-05-18",114,18,179,291,6672,0.719124700239808,8280,34964,405,2126,10,6142,9,1947,6,9
"1585","2020-05-19",121,18,181,278,6672,0.719124700239808,8280,34964,405,2126,13,6155,23,1970,7,23
"1586","2020-05-20",117,18,158,259,6672,0.719124700239808,8280,34964,405,2126,9,6164,34,2004,5,34
"1587","2020-05-21",115,18,156,234,6672,0.719124700239808,8280,34964,405,2126,14,6178,12,2016,8,12
"1588","2020-05-22",105,18,156,227,6672,0.719124700239808,8280,34964,405,2126,7,6185,29,2045,5,29
"1589","2020-05-23",88,18,148,210,6672,0.719124700239808,8280,34964,405,2126,10,6195,26,2071,5,26
"1590","2020-05-24",85,18,143,202,6672,0.719124700239808,8280,34964,405,2126,5,6200,41,2112,5,41
"1591","2020-05-25",84,18,213,208,6672,0.719124700239808,8280,34964,405,2126,7,6207,48,2160,3,48
"1592","2020-05-26",75,18,245,210,6672,0.719124700239808,8280,34964,405,2126,5,6212,24,2184,3,24
"1593","2020-05-27",70,18,285,203,6672,0.719124700239808,8280,34964,405,2126,6,6218,38,2222,4,38
"1594","2020-05-28",64,18,275,196,6672,0.719124700239808,8280,34964,405,2126,7,6225,20,2242,2,20
"1595","2020-05-29",60,18,266,194,6672,0.719124700239808,8280,34964,405,2126,6,6231,15,2257,2,15
"1596","2020-05-30",67,18,250,183,6672,0.719124700239808,8280,34964,405,2126,9,6240,22,2279,3,22
"1597","2020-05-31",73,18,241,177,6672,0.719124700239808,8280,34964,405,2126,4,6244,53,2332,2,53
"1598","2020-06-01",74,18,235,167,6672,0.719124700239808,8280,34964,405,2126,6,6250,60,2392,4,60
"1599","2020-06-02",70,18,231,160,6672,0.719124700239808,8280,34964,405,2126,6,6256,34,2426,4,34
"1600","2020-06-03",64,18,206,152,6672,0.719124700239808,8280,34964,405,2126,9,6265,16,2442,7,16
"1601","2020-06-04",58,18,220,139,6672,0.719124700239808,8280,34964,405,2126,5,6270,16,2458,NA,16
"1602","2020-06-05",59,18,203,133,6672,0.719124700239808,8280,34964,405,2126,4,6274,16,2474,3,16
"1603","2020-06-06",53,18,197,125,6672,0.719124700239808,8280,34964,405,2126,6,6280,18,2492,4,18
"1604","2020-06-07",41,18,192,110,6672,0.719124700239808,8280,34964,405,2126,7,6287,34,2526,3,34
"1605","2020-03-12",1,19,86,102,6587,0.418399878548656,8385,37469,375,1179,69,107,31,55,3,31
"1606","2020-03-13",4,19,93,163,6587,0.418399878548656,8385,37469,375,1179,73,180,52,107,13,52
"1607","2020-03-14",7,19,79,220,6587,0.418399878548656,8385,37469,375,1179,110,290,22,129,30,22
"1608","2020-03-15",23,19,118,291,6587,0.418399878548656,8385,37469,375,1179,89,379,12,141,28,12
"1609","2020-03-16",32,19,123,369,6587,0.418399878548656,8385,37469,375,1179,109,488,7,148,63,7
"1610","2020-03-17",41,19,155,446,6587,0.418399878548656,8385,37469,375,1179,135,623,20,168,90,20
"1611","2020-03-18",63,19,138,501,6587,0.418399878548656,8385,37469,375,1179,113,736,52,220,76,52
"1612","2020-03-19",79,19,132,578,6587,0.418399878548656,8385,37469,375,1179,140,876,24,244,95,24
"1613","2020-03-20",114,19,115,645,6587,0.418399878548656,8385,37469,375,1179,177,1053,19,263,131,19
"1614","2020-03-21",183,19,144,692,6587,0.418399878548656,8385,37469,375,1179,167,1220,8,271,112,8
"1615","2020-03-22",202,19,136,764,6587,0.418399878548656,8385,37469,375,1179,188,1408,15,286,135,15
"1616","2020-03-23",204,19,117,844,6587,0.418399878548656,8385,37469,375,1179,194,1602,61,347,162,61
"1617","2020-03-24",219,19,112,903,6587,0.418399878548656,8385,37469,375,1179,176,1778,21,368,133,21
"1618","2020-03-25",225,19,119,968,6587,0.418399878548656,8385,37469,375,1179,212,1990,14,382,160,14
"1619","2020-03-26",252,19,125,1004,6587,0.418399878548656,8385,37469,375,1179,174,2164,66,448,122,66
"1620","2020-03-27",313,19,160,1040,6587,0.418399878548656,8385,37469,375,1179,226,2390,38,486,183,38
"1621","2020-03-28",366,19,188,1062,6587,0.418399878548656,8385,37469,375,1179,261,2651,22,508,219,22
"1622","2020-03-29",359,19,218,1102,6587,0.418399878548656,8385,37469,375,1179,235,2886,67,575,201,67
"1623","2020-03-30",338,19,230,1142,6587,0.418399878548656,8385,37469,375,1179,182,3068,40,615,141,40
"1624","2020-03-31",348,19,228,1183,6587,0.418399878548656,8385,37469,375,1179,195,3263,28,643,156,28
"1625","2020-04-01",355,19,198,1208,6587,0.418399878548656,8385,37469,375,1179,173,3436,43,686,138,43
"1626","2020-04-02",362,19,218,1237,6587,0.418399878548656,8385,37469,375,1179,221,3657,36,722,172,36
"1627","2020-04-03",428,19,258,1244,6587,0.418399878548656,8385,37469,375,1179,212,3869,11,733,172,11
"1628","2020-04-04",419,19,251,1277,6587,0.418399878548656,8385,37469,375,1179,183,4052,22,755,145,22
"1629","2020-04-05",392,19,231,1288,6587,0.418399878548656,8385,37469,375,1179,186,4238,18,773,156,18
"1630","2020-04-06",401,19,225,1291,6587,0.418399878548656,8385,37469,375,1179,201,4439,18,791,160,18
"1631","2020-04-07",399,19,246,1287,6587,0.418399878548656,8385,37469,375,1179,157,4596,32,823,122,32
"1632","2020-04-08",400,19,232,1278,6587,0.418399878548656,8385,37469,375,1179,142,4738,45,868,115,45
"1633","2020-04-09",386,19,223,1280,6587,0.418399878548656,8385,37469,375,1179,155,4893,25,893,119,25
"1634","2020-04-10",423,19,225,1256,6587,0.418399878548656,8385,37469,375,1179,133,5026,23,916,98,23
"1635","2020-04-11",403,19,226,1244,6587,0.418399878548656,8385,37469,375,1179,115,5141,11,927,81,11
"1636","2020-04-12",409,19,253,1226,6587,0.418399878548656,8385,37469,375,1179,114,5255,46,973,87,46
"1637","2020-04-13",395,19,236,1211,6587,0.418399878548656,8385,37469,375,1179,110,5365,32,1005,81,32
"1638","2020-04-14",381,19,224,1188,6587,0.418399878548656,8385,37469,375,1179,88,5453,13,1018,56,13
"1639","2020-04-15",380,19,223,1186,6587,0.418399878548656,8385,37469,375,1179,106,5559,9,1027,75,9
"1640","2020-04-16",381,19,237,1179,6587,0.418399878548656,8385,37469,375,1179,91,5650,40,1067,61,40
"1641","2020-04-17",407,19,213,1167,6587,0.418399878548656,8385,37469,375,1179,85,5735,28,1095,57,28
"1642","2020-04-18",403,19,216,1117,6587,0.418399878548656,8385,37469,375,1179,81,5816,11,1106,60,11
"1643","2020-04-19",350,19,237,1076,6587,0.418399878548656,8385,37469,375,1179,69,5885,32,1138,37,32
"1644","2020-04-20",347,19,251,1076,6587,0.418399878548656,8385,37469,375,1179,57,5942,29,1167,36,29
"1645","2020-04-21",353,19,237,1041,6587,0.418399878548656,8385,37469,375,1179,69,6011,62,1229,41,62
"1646","2020-04-22",348,19,253,1029,6587,0.418399878548656,8385,37469,375,1179,59,6070,48,1277,35,48
"1647","2020-04-23",344,19,234,1023,6587,0.418399878548656,8385,37469,375,1179,59,6129,62,1339,30,62
"1648","2020-04-24",338,19,231,982,6587,0.418399878548656,8385,37469,375,1179,56,6185,25,1364,25,25
"1649","2020-04-25",352,19,248,959,6587,0.418399878548656,8385,37469,375,1179,48,6233,16,1380,24,16
"1650","2020-04-26",329,19,245,921,6587,0.418399878548656,8385,37469,375,1179,53,6286,11,1391,31,11
"1651","2020-04-27",328,19,234,903,6587,0.418399878548656,8385,37469,375,1179,28,6314,15,1406,12,15
"1652","2020-04-28",306,19,211,884,6587,0.418399878548656,8385,37469,375,1179,38,6352,4,1410,24,4
"1653","2020-04-29",311,19,210,862,6587,0.418399878548656,8385,37469,375,1179,28,6380,7,1417,14,7
"1654","2020-04-30",300,19,200,840,6587,0.418399878548656,8385,37469,375,1179,24,6404,10,1427,9,10
"1655","2020-05-01",296,19,191,833,6587,0.418399878548656,8385,37469,375,1179,33,6437,39,1466,15,39
"1656","2020-05-02",286,19,205,830,6587,0.418399878548656,8385,37469,375,1179,36,6473,26,1492,17,26
"1657","2020-05-03",290,19,199,802,6587,0.418399878548656,8385,37469,375,1179,26,6499,69,1561,7,69
"1658","2020-05-04",272,19,199,791,6587,0.418399878548656,8385,37469,375,1179,30,6529,61,1622,10,61
"1659","2020-05-05",270,19,176,749,6587,0.418399878548656,8385,37469,375,1179,24,6553,34,1656,10,34
"1660","2020-05-06",263,19,179,714,6587,0.418399878548656,8385,37469,375,1179,17,6570,63,1719,5,63
"1661","2020-05-07",275,19,193,684,6587,0.418399878548656,8385,37469,375,1179,21,6591,38,1757,5,38
"1662","2020-05-08",257,19,212,682,6587,0.418399878548656,8385,37469,375,1179,20,6611,21,1778,6,21
"1663","2020-05-09",259,19,213,656,6587,0.418399878548656,8385,37469,375,1179,25,6636,37,1815,7,37
"1664","2020-05-10",229,19,201,624,6587,0.418399878548656,8385,37469,375,1179,20,6656,58,1873,6,58
"1665","2020-05-11",226,19,184,614,6587,0.418399878548656,8385,37469,375,1179,19,6675,42,1915,4,42
"1666","2020-05-12",217,19,167,589,6587,0.418399878548656,8385,37469,375,1179,23,6698,26,1941,5,26
"1667","2020-05-13",207,19,155,579,6587,0.418399878548656,8385,37469,375,1179,15,6713,62,2003,5,62
"1668","2020-05-14",199,19,177,554,6587,0.418399878548656,8385,37469,375,1179,18,6731,31,2034,5,31
"1669","2020-05-15",199,19,212,547,6587,0.418399878548656,8385,37469,375,1179,16,6747,47,2081,1,47
"1670","2020-05-16",183,19,222,515,6587,0.418399878548656,8385,37469,375,1179,15,6762,27,2108,5,27
"1671","2020-05-17",176,19,271,498,6587,0.418399878548656,8385,37469,375,1179,21,6783,27,2135,9,27
"1672","2020-05-18",162,19,305,489,6587,0.418399878548656,8385,37469,375,1179,11,6794,31,2166,3,31
"1673","2020-05-19",157,19,301,492,6587,0.418399878548656,8385,37469,375,1179,14,6808,64,2230,2,64
"1674","2020-05-20",155,19,268,470,6587,0.418399878548656,8385,37469,375,1179,14,6822,66,2296,2,66
"1675","2020-05-21",148,19,241,460,6587,0.418399878548656,8385,37469,375,1179,10,6832,35,2331,4,35
"1676","2020-05-22",141,19,218,452,6587,0.418399878548656,8385,37469,375,1179,12,6844,55,2386,3,55
"1677","2020-05-23",162,19,209,444,6587,0.418399878548656,8385,37469,375,1179,20,6864,37,2423,2,37
"1678","2020-05-24",158,19,219,418,6587,0.418399878548656,8385,37469,375,1179,13,6877,14,2437,1,14
"1679","2020-05-25",148,19,219,397,6587,0.418399878548656,8385,37469,375,1179,16,6893,26,2463,4,26
"1680","2020-05-26",148,19,216,367,6587,0.418399878548656,8385,37469,375,1179,13,6906,12,2475,2,12
"1681","2020-05-27",144,19,201,356,6587,0.418399878548656,8385,37469,375,1179,11,6917,19,2494,NA,19
"1682","2020-05-28",141,19,179,328,6587,0.418399878548656,8385,37469,375,1179,10,6927,8,2502,5,8
"1683","2020-05-29",124,19,178,323,6587,0.418399878548656,8385,37469,375,1179,7,6934,17,2519,1,17
"1684","2020-05-30",109,19,152,303,6587,0.418399878548656,8385,37469,375,1179,10,6944,12,2531,2,12
"1685","2020-05-31",102,19,155,290,6587,0.418399878548656,8385,37469,375,1179,8,6952,10,2541,1,10
"1686","2020-06-01",103,19,179,274,6587,0.418399878548656,8385,37469,375,1179,11,6963,7,2548,3,7
"1687","2020-06-02",91,19,177,260,6587,0.418399878548656,8385,37469,375,1179,13,6976,12,2560,3,12
"1688","2020-06-03",85,19,160,240,6587,0.418399878548656,8385,37469,375,1179,7,6983,12,2572,1,12
"1689","2020-06-04",73,19,157,226,6587,0.418399878548656,8385,37469,375,1179,7,6990,11,2583,2,11
"1690","2020-06-05",76,19,150,218,6587,0.418399878548656,8385,37469,375,1179,7,6997,11,2594,1,11
"1691","2020-06-06",72,19,143,206,6587,0.418399878548656,8385,37469,375,1179,8,7005,10,2604,2,10
"1692","2020-06-07",68,19,129,198,6587,0.418399878548656,8385,37469,375,1179,6,7011,12,2616,1,12
"1693","2020-03-07",1,20,0,0,6411,0.876462330369677,8280,32720,388,1547,NA,NA,NA,NA,NA,NA
"1694","2020-03-08",1,20,0,0,6411,0.876462330369677,8280,32720,388,1547,NA,NA,NA,NA,NA,NA
"1695","2020-03-09",0,20,0,0,6411,0.876462330369677,8280,32720,388,1547,NA,NA,NA,NA,NA,NA
"1696","2020-03-10",0,20,0,0,6411,0.876462330369677,8280,32720,388,1547,NA,NA,1,1,NA,1
"1697","2020-03-11",0,20,0,0,6411,0.876462330369677,8280,32720,388,1547,20,20,5,6,NA,5
"1698","2020-03-12",0,20,0,0,6411,0.876462330369677,8280,32720,388,1547,22,42,32,38,1,32
"1699","2020-03-13",6,20,115,70,6411,0.876462330369677,8280,32720,388,1547,30,72,33,71,9,33
"1700","2020-03-14",9,20,108,109,6411,0.876462330369677,8280,32720,388,1547,34,106,43,114,6,43
"1701","2020-03-15",11,20,125,135,6411,0.876462330369677,8280,32720,388,1547,36,142,46,160,15,46
"1702","2020-03-16",16,20,179,165,6411,0.876462330369677,8280,32720,388,1547,49,191,50,210,25,50
"1703","2020-03-17",23,20,227,217,6411,0.876462330369677,8280,32720,388,1547,53,244,43,253,37,43
"1704","2020-03-18",31,20,252,272,6411,0.876462330369677,8280,32720,388,1547,64,308,44,297,40,44
"1705","2020-03-19",40,20,280,337,6411,0.876462330369677,8280,32720,388,1547,84,392,28,325,48,28
"1706","2020-03-20",62,20,290,384,6411,0.876462330369677,8280,32720,388,1547,76,468,29,354,58,29
"1707","2020-03-21",108,20,262,440,6411,0.876462330369677,8280,32720,388,1547,85,553,45,399,63,45
"1708","2020-03-22",108,20,236,522,6411,0.876462330369677,8280,32720,388,1547,95,648,33,432,72,33
"1709","2020-03-23",111,20,261,594,6411,0.876462330369677,8280,32720,388,1547,124,772,44,476,108,44
"1710","2020-03-24",121,20,264,665,6411,0.876462330369677,8280,32720,388,1547,110,882,44,520,92,44
"1711","2020-03-25",146,20,263,752,6411,0.876462330369677,8280,32720,388,1547,107,989,56,576,85,56
"1712","2020-03-26",167,20,248,830,6411,0.876462330369677,8280,32720,388,1547,146,1135,48,624,127,48
"1713","2020-03-27",238,20,255,922,6411,0.876462330369677,8280,32720,388,1547,170,1305,31,655,142,31
"1714","2020-03-28",239,20,225,1006,6411,0.876462330369677,8280,32720,388,1547,204,1509,55,710,181,55
"1715","2020-03-29",282,20,232,1092,6411,0.876462330369677,8280,32720,388,1547,175,1684,37,747,141,37
"1716","2020-03-30",306,20,231,1191,6411,0.876462330369677,8280,32720,388,1547,165,1849,46,793,143,46
"1717","2020-03-31",318,20,239,1266,6411,0.876462330369677,8280,32720,388,1547,196,2045,44,837,173,44
"1718","2020-04-01",331,20,222,1367,6411,0.876462330369677,8280,32720,388,1547,154,2199,33,870,138,33
"1719","2020-04-02",347,20,197,1445,6411,0.876462330369677,8280,32720,388,1547,174,2373,20,890,160,20
"1720","2020-04-03",451,20,177,1535,6411,0.876462330369677,8280,32720,388,1547,179,2552,27,917,159,27
"1721","2020-04-04",466,20,160,1636,6411,0.876462330369677,8280,32720,388,1547,235,2787,25,942,210,25
"1722","2020-04-05",469,20,124,1695,6411,0.876462330369677,8280,32720,388,1547,224,3011,26,968,206,26
"1723","2020-04-06",478,20,129,1739,6411,0.876462330369677,8280,32720,388,1547,180,3191,23,991,162,23
"1724","2020-04-07",469,20,201,1829,6411,0.876462330369677,8280,32720,388,1547,202,3393,33,1024,185,33
"1725","2020-04-08",482,20,296,1896,6411,0.876462330369677,8280,32720,388,1547,192,3585,42,1066,169,42
"1726","2020-04-09",498,20,334,1927,6411,0.876462330369677,8280,32720,388,1547,186,3771,26,1092,173,26
"1727","2020-04-10",604,20,283,1952,6411,0.876462330369677,8280,32720,388,1547,158,3929,29,1121,146,29
"1728","2020-04-11",650,20,261,1897,6411,0.876462330369677,8280,32720,388,1547,152,4081,49,1170,133,49
"1729","2020-04-12",606,20,234,1878,6411,0.876462330369677,8280,32720,388,1547,166,4247,45,1215,156,45
"1730","2020-04-13",610,20,220,1889,6411,0.876462330369677,8280,32720,388,1547,145,4392,32,1247,132,32
"1731","2020-04-14",613,20,218,1836,6411,0.876462330369677,8280,32720,388,1547,144,4536,51,1298,132,51
"1732","2020-04-15",631,20,266,1818,6411,0.876462330369677,8280,32720,388,1547,124,4660,58,1356,115,58
"1733","2020-04-16",626,20,252,1815,6411,0.876462330369677,8280,32720,388,1547,85,4745,74,1430,72,74
"1734","2020-04-17",648,20,241,1731,6411,0.876462330369677,8280,32720,388,1547,100,4845,35,1465,84,35
"1735","2020-04-18",614,20,214,1647,6411,0.876462330369677,8280,32720,388,1547,113,4958,41,1506,95,41
"1736","2020-04-19",561,20,207,1594,6411,0.876462330369677,8280,32720,388,1547,86,5044,35,1541,76,35
"1737","2020-04-20",545,20,241,1545,6411,0.876462330369677,8280,32720,388,1547,91,5135,40,1581,79,40
"1738","2020-04-21",541,20,245,1483,6411,0.876462330369677,8280,32720,388,1547,77,5212,31,1612,63,31
"1739","2020-04-22",525,20,259,1391,6411,0.876462330369677,8280,32720,388,1547,79,5291,25,1637,61,25
"1740","2020-04-23",535,20,279,1315,6411,0.876462330369677,8280,32720,388,1547,81,5372,50,1687,74,50
"1741","2020-04-24",491,20,293,1249,6411,0.876462330369677,8280,32720,388,1547,56,5428,60,1747,44,60
"1742","2020-04-25",503,20,283,1159,6411,0.876462330369677,8280,32720,388,1547,59,5487,41,1788,50,41
"1743","2020-04-26",454,20,266,1101,6411,0.876462330369677,8280,32720,388,1547,61,5548,48,1836,52,48
"1744","2020-04-27",419,20,262,1042,6411,0.876462330369677,8280,32720,388,1547,51,5599,35,1871,35,35
"1745","2020-04-28",393,20,266,961,6411,0.876462330369677,8280,32720,388,1547,51,5650,28,1899,43,28
"1746","2020-04-29",370,20,259,867,6411,0.876462330369677,8280,32720,388,1547,47,5697,26,1925,34,26
"1747","2020-04-30",337,20,267,804,6411,0.876462330369677,8280,32720,388,1547,43,5740,35,1960,33,35
"1748","2020-05-01",303,20,305,745,6411,0.876462330369677,8280,32720,388,1547,34,5774,29,1989,27,29
"1749","2020-05-02",272,20,309,679,6411,0.876462330369677,8280,32720,388,1547,29,5803,43,2032,25,43
"1750","2020-05-03",251,20,323,626,6411,0.876462330369677,8280,32720,388,1547,29,5832,43,2075,22,43
"1751","2020-05-04",243,20,304,577,6411,0.876462330369677,8280,32720,388,1547,27,5859,29,2104,20,29
"1752","2020-05-05",234,20,307,518,6411,0.876462330369677,8280,32720,388,1547,34,5893,35,2139,24,35
"1753","2020-05-06",210,20,292,491,6411,0.876462330369677,8280,32720,388,1547,29,5922,29,2168,17,29
"1754","2020-05-07",187,20,308,463,6411,0.876462330369677,8280,32720,388,1547,28,5950,38,2206,18,38
"1755","2020-05-08",167,20,322,418,6411,0.876462330369677,8280,32720,388,1547,25,5975,37,2243,18,37
"1756","2020-05-09",159,20,303,400,6411,0.876462330369677,8280,32720,388,1547,23,5998,36,2279,11,36
"1757","2020-05-10",148,20,282,384,6411,0.876462330369677,8280,32720,388,1547,17,6015,36,2315,12,36
"1758","2020-05-11",138,20,266,330,6411,0.876462330369677,8280,32720,388,1547,26,6041,54,2369,18,54
"1759","2020-05-12",122,20,247,308,6411,0.876462330369677,8280,32720,388,1547,13,6054,44,2413,8,44
"1760","2020-05-13",123,20,223,287,6411,0.876462330369677,8280,32720,388,1547,16,6070,31,2444,10,31
"1761","2020-05-14",120,20,218,260,6411,0.876462330369677,8280,32720,388,1547,21,6091,40,2484,14,40
"1762","2020-05-15",105,20,264,240,6411,0.876462330369677,8280,32720,388,1547,14,6105,28,2512,6,28
"1763","2020-05-16",101,20,286,238,6411,0.876462330369677,8280,32720,388,1547,15,6120,65,2577,11,65
"1764","2020-05-17",81,20,298,232,6411,0.876462330369677,8280,32720,388,1547,17,6137,53,2630,10,53
"1765","2020-05-18",89,20,317,219,6411,0.876462330369677,8280,32720,388,1547,15,6152,40,2670,7,40
"1766","2020-05-19",82,20,320,206,6411,0.876462330369677,8280,32720,388,1547,15,6167,50,2720,7,50
"1767","2020-05-20",72,20,311,193,6411,0.876462330369677,8280,32720,388,1547,14,6181,37,2757,7,37
"1768","2020-05-21",71,20,299,183,6411,0.876462330369677,8280,32720,388,1547,7,6188,38,2795,4,38
"1769","2020-05-22",70,20,310,181,6411,0.876462330369677,8280,32720,388,1547,9,6197,54,2849,5,54
"1770","2020-05-23",71,20,320,185,6411,0.876462330369677,8280,32720,388,1547,9,6206,39,2888,2,39
"1771","2020-05-24",70,20,277,183,6411,0.876462330369677,8280,32720,388,1547,6,6212,37,2925,4,37
"1772","2020-05-25",53,20,263,177,6411,0.876462330369677,8280,32720,388,1547,7,6219,37,2962,3,37
"1773","2020-05-26",48,20,260,170,6411,0.876462330369677,8280,32720,388,1547,11,6230,43,3005,4,43
"1774","2020-05-27",47,20,246,170,6411,0.876462330369677,8280,32720,388,1547,7,6237,63,3068,4,63
"1775","2020-05-28",49,20,219,167,6411,0.876462330369677,8280,32720,388,1547,10,6247,55,3123,4,55
"1776","2020-05-29",49,20,197,150,6411,0.876462330369677,8280,32720,388,1547,6,6253,46,3169,1,46
"1777","2020-05-30",48,20,229,148,6411,0.876462330369677,8280,32720,388,1547,5,6258,45,3214,1,45
"1778","2020-05-31",45,20,228,140,6411,0.876462330369677,8280,32720,388,1547,7,6265,40,3254,4,40
"1779","2020-06-01",43,20,240,126,6411,0.876462330369677,8280,32720,388,1547,6,6271,41,3295,4,41
"1780","2020-06-02",43,20,232,114,6411,0.876462330369677,8280,32720,388,1547,7,6278,33,3328,4,33
"1781","2020-06-03",47,20,221,106,6411,0.876462330369677,8280,32720,388,1547,5,6283,39,3367,1,39
"1782","2020-06-04",38,20,210,98,6411,0.876462330369677,8280,32720,388,1547,3,6286,43,3410,NA,43
"1783","2020-06-05",37,20,265,90,6411,0.876462330369677,8280,32720,388,1547,5,6291,31,3441,2,31
"1784","2020-06-06",30,20,265,84,6411,0.876462330369677,8280,32720,388,1547,5,6296,23,3464,NA,23
"1785","2020-06-07",24,20,245,75,6411,0.876462330369677,8280,32720,388,1547,2,6298,21,3485,NA,21
