"","Date","Absents","Paramset","Infections_or_Exposed_per_day_Patient","Infections_or_Exposed_per_day_HCW","total_infections","nosocomial_proportion","PCR_pooled","LFD_pooled","HCW_symp_test","patient_symp_test","new_hcw_infs","cumulative_hcw_infs","new_pat_infs","cumulative_pats_infs","new_nosocomial_hcw_infs","new_nosocomial_pat_infs"
"1","2020-03-13",3,1,111,250,9236,0.562797747942832,0,0,795,906,99,251,43,83,25,43
"2","2020-03-14",9,1,117,379,9236,0.562797747942832,0,0,795,906,129,380,19,102,33,19
"3","2020-03-15",17,1,128,476,9236,0.562797747942832,0,0,795,906,97,477,24,126,36,24
"4","2020-03-16",30,1,156,647,9236,0.562797747942832,0,0,795,906,172,649,39,165,97,39
"5","2020-03-17",56,1,187,820,9236,0.562797747942832,0,0,795,906,174,823,47,212,89,47
"6","2020-03-18",106,1,184,1030,9236,0.562797747942832,0,0,795,906,220,1043,24,236,125,24
"7","2020-03-19",143,1,170,1228,9236,0.562797747942832,0,0,795,906,223,1266,30,266,137,30
"8","2020-03-20",184,1,169,1426,9236,0.562797747942832,0,0,795,906,232,1498,25,291,151,25
"9","2020-03-21",240,1,167,1701,9236,0.562797747942832,0,0,795,906,316,1814,13,304,233,13
"10","2020-03-22",295,1,214,1931,9236,0.562797747942832,0,0,795,906,273,2087,64,368,192,64
"11","2020-03-23",360,1,249,2168,9236,0.562797747942832,0,0,795,906,304,2391,57,425,243,57
"12","2020-03-24",421,1,233,2436,9236,0.562797747942832,0,0,795,906,362,2753,38,463,287,38
"13","2020-03-25",465,1,217,2621,9236,0.562797747942832,0,0,795,906,309,3062,27,490,244,27
"14","2020-03-26",538,1,207,2886,9236,0.562797747942832,0,0,795,906,378,3440,29,519,321,29
"15","2020-03-27",598,1,208,3044,9236,0.562797747942832,0,0,795,906,327,3767,26,545,265,26
"16","2020-03-28",642,1,240,3168,9236,0.562797747942832,0,0,795,906,315,4082,61,606,254,61
"17","2020-03-29",707,1,255,3327,9236,0.562797747942832,0,0,795,906,336,4418,55,661,272,55
"18","2020-03-30",762,1,295,3405,9236,0.562797747942832,0,0,795,906,310,4728,68,729,257,68
"19","2020-03-31",808,1,268,3452,9236,0.562797747942832,0,0,795,906,260,4988,33,762,218,33
"20","2020-04-01",860,1,236,3419,9236,0.562797747942832,0,0,795,906,231,5219,22,784,189,22
"21","2020-04-02",891,1,208,3403,9236,0.562797747942832,0,0,795,906,248,5467,19,803,210,19
"22","2020-04-03",917,1,200,3287,9236,0.562797747942832,0,0,795,906,171,5638,27,830,131,27
"23","2020-04-04",936,1,218,3168,9236,0.562797747942832,0,0,795,906,164,5802,38,868,122,38
"24","2020-04-05",911,1,272,3006,9236,0.562797747942832,0,0,795,906,129,5931,68,936,100,68
"25","2020-04-06",896,1,288,2796,9236,0.562797747942832,0,0,795,906,119,6050,58,994,89,58
"26","2020-04-07",894,1,307,2619,9236,0.562797747942832,0,0,795,906,128,6178,59,1053,95,59
"27","2020-04-08",838,1,317,2433,9236,0.562797747942832,0,0,795,906,128,6306,63,1116,91,63
"28","2020-04-09",794,1,303,2244,9236,0.562797747942832,0,0,795,906,77,6383,39,1155,48,39
"29","2020-04-10",739,1,290,2081,9236,0.562797747942832,0,0,795,906,107,6490,39,1194,74,39
"30","2020-04-11",705,1,291,1900,9236,0.562797747942832,0,0,795,906,70,6560,47,1241,47,47
"31","2020-04-12",668,1,288,1760,9236,0.562797747942832,0,0,795,906,86,6646,38,1279,68,38
"32","2020-04-13",616,1,281,1623,9236,0.562797747942832,0,0,795,906,64,6710,40,1319,35,40
"33","2020-04-14",549,1,250,1478,9236,0.562797747942832,0,0,795,906,54,6764,30,1349,36,30
"34","2020-04-15",511,1,230,1357,9236,0.562797747942832,0,0,795,906,57,6821,27,1376,33,27
"35","2020-04-16",453,1,205,1218,9236,0.562797747942832,0,0,795,906,44,6865,19,1395,25,19
"36","2020-04-17",420,1,196,1144,9236,0.562797747942832,0,0,795,906,58,6923,20,1415,35,20
"37","2020-04-18",374,1,187,1054,9236,0.562797747942832,0,0,795,906,42,6965,20,1435,13,20
"38","2020-04-19",352,1,183,978,9236,0.562797747942832,0,0,795,906,43,7008,19,1454,19,19
"39","2020-04-20",319,1,176,893,9236,0.562797747942832,0,0,795,906,27,7035,24,1478,9,24
"40","2020-04-21",279,1,184,809,9236,0.562797747942832,0,0,795,906,29,7064,22,1500,3,22
"41","2020-04-22",246,1,184,737,9236,0.562797747942832,0,0,795,906,26,7090,19,1519,8,19
"42","2020-04-23",228,1,182,676,9236,0.562797747942832,0,0,795,906,30,7120,13,1532,13,13
"43","2020-04-24",206,1,239,635,9236,0.562797747942832,0,0,795,906,34,7154,67,1599,12,67
"44","2020-04-25",188,1,269,578,9236,0.562797747942832,0,0,795,906,21,7175,68,1667,10,68
"45","2020-04-26",162,1,255,530,9236,0.562797747942832,0,0,795,906,19,7194,31,1698,10,31
"46","2020-04-27",152,1,253,499,9236,0.562797747942832,0,0,795,906,27,7221,35,1733,10,35
"47","2020-04-28",147,1,251,458,9236,0.562797747942832,0,0,795,906,22,7243,29,1762,6,29
"48","2020-04-29",141,1,276,438,9236,0.562797747942832,0,0,795,906,23,7266,52,1814,6,52
"49","2020-04-30",133,1,270,418,9236,0.562797747942832,0,0,795,906,24,7290,42,1856,10,42
"50","2020-05-01",125,1,265,394,9236,0.562797747942832,0,0,795,906,21,7311,25,1881,8,25
"51","2020-05-02",112,1,251,370,9236,0.562797747942832,0,0,795,906,12,7323,31,1912,5,31
"52","2020-05-03",98,1,238,344,9236,0.562797747942832,0,0,795,906,14,7337,30,1942,4,30
"53","2020-05-04",91,1,253,324,9236,0.562797747942832,0,0,795,906,15,7352,43,1985,1,43
"54","2020-05-05",80,1,278,311,9236,0.562797747942832,0,0,795,906,16,7368,58,2043,4,58
"55","2020-05-06",74,1,267,295,9236,0.562797747942832,0,0,795,906,16,7384,33,2076,1,33
"56","2020-05-07",71,1,265,276,9236,0.562797747942832,0,0,795,906,16,7400,27,2103,1,27
"57","2020-05-08",67,1,231,265,9236,0.562797747942832,0,0,795,906,23,7423,18,2121,9,18
"58","2020-05-09",60,1,214,262,9236,0.562797747942832,0,0,795,906,14,7437,21,2142,2,21
"59","2020-05-10",71,1,195,251,9236,0.562797747942832,0,0,795,906,10,7447,15,2157,3,15
"60","2020-05-11",63,1,195,237,9236,0.562797747942832,0,0,795,906,8,7455,18,2175,2,18
"61","2020-05-12",63,1,244,222,9236,0.562797747942832,0,0,795,906,12,7467,55,2230,3,55
"62","2020-05-13",63,1,248,207,9236,0.562797747942832,0,0,795,906,10,7477,36,2266,1,36
"63","2020-05-14",59,1,231,191,9236,0.562797747942832,0,0,795,906,7,7484,27,2293,1,27
"64","2020-05-15",59,1,211,188,9236,0.562797747942832,0,0,795,906,17,7501,21,2314,3,21
"65","2020-05-16",59,1,210,179,9236,0.562797747942832,0,0,795,906,11,7512,19,2333,3,19
"66","2020-05-17",48,1,197,163,9236,0.562797747942832,0,0,795,906,8,7520,33,2366,1,33
"67","2020-05-18",45,1,203,157,9236,0.562797747942832,0,0,795,906,10,7530,18,2384,1,18
"68","2020-05-19",43,1,215,152,9236,0.562797747942832,0,0,795,906,9,7539,41,2425,1,41
"69","2020-05-20",40,1,249,141,9236,0.562797747942832,0,0,795,906,7,7546,52,2477,1,52
"70","2020-05-21",37,1,249,132,9236,0.562797747942832,0,0,795,906,6,7552,39,2516,NA,39
"71","2020-05-22",33,1,254,126,9236,0.562797747942832,0,0,795,906,8,7560,42,2558,3,42
"72","2020-05-23",32,1,247,118,9236,0.562797747942832,0,0,795,906,8,7568,35,2593,2,35
"73","2020-05-24",36,1,254,116,9236,0.562797747942832,0,0,795,906,9,7577,37,2630,NA,37
"74","2020-05-25",32,1,273,111,9236,0.562797747942832,0,0,795,906,7,7584,46,2676,NA,46
"75","2020-05-26",29,1,302,104,9236,0.562797747942832,0,0,795,906,3,7587,65,2741,1,65
"76","2020-05-27",29,1,277,91,9236,0.562797747942832,0,0,795,906,4,7591,41,2782,NA,41
"77","2020-05-28",32,1,256,86,9236,0.562797747942832,0,0,795,906,3,7594,20,2802,NA,20
"78","2020-05-29",30,1,249,81,9236,0.562797747942832,0,0,795,906,4,7598,26,2828,4,26
"79","2020-05-30",28,1,228,80,9236,0.562797747942832,0,0,795,906,7,7605,22,2850,1,22
"80","2020-05-31",21,1,242,74,9236,0.562797747942832,0,0,795,906,2,7607,39,2889,1,39
"81","2020-06-01",24,1,242,70,9236,0.562797747942832,0,0,795,906,7,7614,41,2930,1,41
"82","2020-06-02",22,1,226,73,9236,0.562797747942832,0,0,795,906,5,7619,32,2962,2,32
"83","2020-06-03",19,1,243,69,9236,0.562797747942832,0,0,795,906,3,7622,49,3011,NA,49
"84","2020-06-04",18,1,257,69,9236,0.562797747942832,0,0,795,906,6,7628,51,3062,2,51
"85","2020-06-05",18,1,242,63,9236,0.562797747942832,0,0,795,906,1,7629,32,3094,NA,32
"86","2020-06-06",16,1,245,55,9236,0.562797747942832,0,0,795,906,5,7634,43,3137,1,43
"87","2020-06-07",19,1,245,52,9236,0.562797747942832,0,0,795,906,NA,NA,36,3173,NA,36
"88","2020-03-14",7,2,58,194,6167,0.493919247608237,0,0,566,801,69,247,16,46,7,16
"89","2020-03-15",16,2,73,249,6167,0.493919247608237,0,0,566,801,79,326,19,65,22,19
"90","2020-03-16",27,2,92,307,6167,0.493919247608237,0,0,566,801,89,415,25,90,11,25
"91","2020-03-17",39,2,88,381,6167,0.493919247608237,0,0,566,801,79,494,15,105,28,15
"92","2020-03-18",55,2,86,472,6167,0.493919247608237,0,0,566,801,99,593,15,120,33,15
"93","2020-03-19",70,2,94,549,6167,0.493919247608237,0,0,566,801,90,683,50,170,28,50
"94","2020-03-20",86,2,117,612,6167,0.493919247608237,0,0,566,801,86,769,31,201,31,31
"95","2020-03-21",99,2,152,678,6167,0.493919247608237,0,0,566,801,87,856,27,228,29,27
"96","2020-03-22",116,2,149,752,6167,0.493919247608237,0,0,566,801,99,955,25,253,30,25
"97","2020-03-23",131,2,169,802,6167,0.493919247608237,0,0,566,801,96,1051,32,285,21,32
"98","2020-03-24",156,2,151,871,6167,0.493919247608237,0,0,566,801,100,1151,54,339,21,54
"99","2020-03-25",183,2,144,932,6167,0.493919247608237,0,0,566,801,88,1239,36,375,25,36
"100","2020-03-26",205,2,136,973,6167,0.493919247608237,0,0,566,801,90,1329,51,426,34,51
"101","2020-03-27",230,2,128,1017,6167,0.493919247608237,0,0,566,801,96,1425,45,471,21,45
"102","2020-03-28",254,2,153,1084,6167,0.493919247608237,0,0,566,801,86,1511,61,532,24,61
"103","2020-03-29",266,2,162,1133,6167,0.493919247608237,0,0,566,801,94,1605,42,574,18,42
"104","2020-03-30",288,2,178,1155,6167,0.493919247608237,0,0,566,801,94,1699,52,626,25,52
"105","2020-03-31",298,2,174,1210,6167,0.493919247608237,0,0,566,801,100,1799,57,683,34,57
"106","2020-04-01",292,2,219,1217,6167,0.493919247608237,0,0,566,801,105,1904,35,718,34,35
"107","2020-04-02",308,2,231,1211,6167,0.493919247608237,0,0,566,801,83,1987,33,751,15,33
"108","2020-04-03",298,2,219,1231,6167,0.493919247608237,0,0,566,801,92,2079,25,776,24,25
"109","2020-04-04",305,2,192,1248,6167,0.493919247608237,0,0,566,801,99,2178,39,815,18,39
"110","2020-04-05",310,2,170,1235,6167,0.493919247608237,0,0,566,801,87,2265,33,848,22,33
"111","2020-04-06",308,2,190,1228,6167,0.493919247608237,0,0,566,801,81,2346,35,883,25,35
"112","2020-04-07",312,2,174,1227,6167,0.493919247608237,0,0,566,801,83,2429,29,912,22,29
"113","2020-04-08",329,2,151,1202,6167,0.493919247608237,0,0,566,801,97,2526,53,965,19,53
"114","2020-04-09",309,2,146,1187,6167,0.493919247608237,0,0,566,801,98,2624,34,999,32,34
"115","2020-04-10",321,2,138,1197,6167,0.493919247608237,0,0,566,801,89,2713,57,1056,30,57
"116","2020-04-11",321,2,126,1171,6167,0.493919247608237,0,0,566,801,79,2792,50,1106,11,50
"117","2020-04-12",333,2,133,1168,6167,0.493919247608237,0,0,566,801,87,2879,31,1137,22,31
"118","2020-04-13",337,2,172,1138,6167,0.493919247608237,0,0,566,801,83,2962,33,1170,15,33
"119","2020-04-14",316,2,199,1127,6167,0.493919247608237,0,0,566,801,79,3041,29,1199,16,29
"120","2020-04-15",318,2,212,1108,6167,0.493919247608237,0,0,566,801,80,3121,22,1221,19,22
"121","2020-04-16",324,2,228,1083,6167,0.493919247608237,0,0,566,801,81,3202,31,1252,17,31
"122","2020-04-17",317,2,227,1046,6167,0.493919247608237,0,0,566,801,84,3286,36,1288,17,36
"123","2020-04-18",310,2,235,1021,6167,0.493919247608237,0,0,566,801,75,3361,33,1321,13,33
"124","2020-04-19",283,2,244,1031,6167,0.493919247608237,0,0,566,801,74,3435,35,1356,14,35
"125","2020-04-20",272,2,231,989,6167,0.493919247608237,0,0,566,801,79,3514,38,1394,14,38
"126","2020-04-21",285,2,247,982,6167,0.493919247608237,0,0,566,801,68,3582,45,1439,9,45
"127","2020-04-22",273,2,271,942,6167,0.493919247608237,0,0,566,801,81,3663,49,1488,12,49
"128","2020-04-23",260,2,305,913,6167,0.493919247608237,0,0,566,801,72,3735,38,1526,17,38
"129","2020-04-24",262,2,283,897,6167,0.493919247608237,0,0,566,801,57,3792,23,1549,6,23
"130","2020-04-25",257,2,252,883,6167,0.493919247608237,0,0,566,801,90,3882,13,1562,13,13
"131","2020-04-26",260,2,227,876,6167,0.493919247608237,0,0,566,801,52,3934,23,1585,9,23
"132","2020-04-27",263,2,199,855,6167,0.493919247608237,0,0,566,801,64,3998,21,1606,11,21
"133","2020-04-28",251,2,175,843,6167,0.493919247608237,0,0,566,801,63,4061,30,1636,11,30
"134","2020-04-29",243,2,156,848,6167,0.493919247608237,0,0,566,801,68,4129,46,1682,16,46
"135","2020-04-30",252,2,150,828,6167,0.493919247608237,0,0,566,801,71,4200,51,1733,12,51
"136","2020-05-01",239,2,145,813,6167,0.493919247608237,0,0,566,801,64,4264,31,1764,10,31
"137","2020-05-02",228,2,158,777,6167,0.493919247608237,0,0,566,801,53,4317,29,1793,4,29
"138","2020-05-03",219,2,202,733,6167,0.493919247608237,0,0,566,801,58,4375,42,1835,8,42
"139","2020-05-04",201,2,198,689,6167,0.493919247608237,0,0,566,801,75,4450,48,1883,14,48
"140","2020-05-05",194,2,175,669,6167,0.493919247608237,0,0,566,801,72,4522,41,1924,17,41
"141","2020-05-06",189,2,177,658,6167,0.493919247608237,0,0,566,801,61,4583,36,1960,6,36
"142","2020-05-07",179,2,203,647,6167,0.493919247608237,0,0,566,801,59,4642,58,2018,13,58
"143","2020-05-08",183,2,217,628,6167,0.493919247608237,0,0,566,801,60,4702,59,2077,5,59
"144","2020-05-09",179,2,221,606,6167,0.493919247608237,0,0,566,801,42,4744,50,2127,2,50
"145","2020-05-10",179,2,192,579,6167,0.493919247608237,0,0,566,801,53,4797,24,2151,12,24
"146","2020-05-11",175,2,175,558,6167,0.493919247608237,0,0,566,801,52,4849,48,2199,10,48
"147","2020-05-12",175,2,176,524,6167,0.493919247608237,0,0,566,801,39,4888,47,2246,7,47
"148","2020-05-13",165,2,201,503,6167,0.493919247608237,0,0,566,801,47,4935,37,2283,5,37
"149","2020-05-14",165,2,206,489,6167,0.493919247608237,0,0,566,801,58,4993,41,2324,8,41
"150","2020-05-15",160,2,222,485,6167,0.493919247608237,0,0,566,801,32,5025,38,2362,6,38
"151","2020-05-16",160,2,224,465,6167,0.493919247608237,0,0,566,801,46,5071,53,2415,7,53
"152","2020-05-17",156,2,238,441,6167,0.493919247608237,0,0,566,801,42,5113,42,2457,6,42
"153","2020-05-18",154,2,227,423,6167,0.493919247608237,0,0,566,801,38,5151,45,2502,7,45
"154","2020-05-19",138,2,216,421,6167,0.493919247608237,0,0,566,801,29,5180,33,2535,5,33
"155","2020-05-20",133,2,225,401,6167,0.493919247608237,0,0,566,801,34,5214,28,2563,4,28
"156","2020-05-21",124,2,211,375,6167,0.493919247608237,0,0,566,801,38,5252,20,2583,7,20
"157","2020-05-22",113,2,207,361,6167,0.493919247608237,0,0,566,801,29,5281,23,2606,4,23
"158","2020-05-23",101,2,216,345,6167,0.493919247608237,0,0,566,801,29,5310,25,2631,3,25
"159","2020-05-24",97,2,195,345,6167,0.493919247608237,0,0,566,801,33,5343,48,2679,8,48
"160","2020-05-25",88,2,190,337,6167,0.493919247608237,0,0,566,801,25,5368,33,2712,2,33
"161","2020-05-26",90,2,190,355,6167,0.493919247608237,0,0,566,801,34,5402,31,2743,6,31
"162","2020-05-27",88,2,183,335,6167,0.493919247608237,0,0,566,801,28,5430,26,2769,5,26
"163","2020-05-28",84,2,157,319,6167,0.493919247608237,0,0,566,801,18,5448,29,2798,3,29
"164","2020-05-29",84,2,142,301,6167,0.493919247608237,0,0,566,801,17,5465,34,2832,1,34
"165","2020-05-30",85,2,132,297,6167,0.493919247608237,0,0,566,801,23,5488,34,2866,1,34
"166","2020-05-31",84,2,140,286,6167,0.493919247608237,0,0,566,801,24,5512,23,2889,3,23
"167","2020-06-01",85,2,138,278,6167,0.493919247608237,0,0,566,801,19,5531,40,2929,NA,40
"168","2020-06-02",91,2,134,257,6167,0.493919247608237,0,0,566,801,24,5555,41,2970,4,41
"169","2020-06-03",89,2,126,254,6167,0.493919247608237,0,0,566,801,22,5577,28,2998,2,28
"170","2020-06-04",84,2,122,239,6167,0.493919247608237,0,0,566,801,20,5597,44,3042,2,44
"171","2020-06-05",82,2,122,230,6167,0.493919247608237,0,0,566,801,11,5608,30,3072,1,30
"172","2020-06-06",76,2,120,227,6167,0.493919247608237,0,0,566,801,19,5627,45,3117,1,45
"173","2020-06-07",69,2,135,222,6167,0.493919247608237,0,0,566,801,26,5653,37,3154,4,37
"174","2020-03-12",1,3,144,152,7489,0.267325410602217,0,0,615,1907,33,52,26,44,14,26
"175","2020-03-13",4,3,167,247,7489,0.267325410602217,0,0,615,1907,39,91,35,79,15,35
"176","2020-03-14",12,3,179,337,7489,0.267325410602217,0,0,615,1907,67,158,30,109,41,30
"177","2020-03-15",20,3,190,448,7489,0.267325410602217,0,0,615,1907,73,231,63,172,54,63
"178","2020-03-16",38,3,213,548,7489,0.267325410602217,0,0,615,1907,75,306,41,213,52,41
"179","2020-03-17",62,3,261,656,7489,0.267325410602217,0,0,615,1907,80,386,39,252,56,40
"180","2020-03-18",94,3,258,761,7489,0.267325410602217,0,0,615,1907,88,474,35,287,63,35
"181","2020-03-19",123,3,243,838,7489,0.267325410602217,0,0,615,1907,106,580,44,331,84,44
"182","2020-03-20",154,3,249,929,7489,0.267325410602217,0,0,615,1907,106,686,47,378,85,47
"183","2020-03-21",185,3,253,1030,7489,0.267325410602217,0,0,615,1907,136,822,30,408,121,30
"184","2020-03-22",224,3,249,1096,7489,0.267325410602217,0,0,615,1907,134,956,25,433,113,25
"185","2020-03-23",251,3,255,1153,7489,0.267325410602217,0,0,615,1907,150,1106,24,457,127,24
"186","2020-03-24",264,3,262,1190,7489,0.267325410602217,0,0,615,1907,166,1272,17,474,149,17
"187","2020-03-25",280,3,260,1243,7489,0.267325410602217,0,0,615,1907,208,1480,26,500,188,26
"188","2020-03-26",305,3,242,1268,7489,0.267325410602217,0,0,615,1907,231,1711,21,521,205,21
"189","2020-03-27",327,3,257,1266,7489,0.267325410602217,0,0,615,1907,181,1892,20,541,160,20
"190","2020-03-28",340,3,270,1299,7489,0.267325410602217,0,0,615,1907,209,2101,15,556,184,15
"191","2020-03-29",347,3,272,1319,7489,0.267325410602217,0,0,615,1907,209,2310,19,575,191,19
"192","2020-03-30",356,3,262,1328,7489,0.267325410602217,0,0,615,1907,207,2517,25,600,190,25
"193","2020-03-31",371,3,248,1333,7489,0.267325410602217,0,0,615,1907,201,2718,28,628,189,28
"194","2020-04-01",374,3,268,1339,7489,0.267325410602217,0,0,615,1907,202,2920,23,651,181,23
"195","2020-04-02",361,3,282,1321,7489,0.267325410602217,0,0,615,1907,229,3149,43,694,214,43
"196","2020-04-03",355,3,274,1343,7489,0.267325410602217,0,0,615,1907,250,3399,61,755,235,61
"197","2020-04-04",352,3,275,1339,7489,0.267325410602217,0,0,615,1907,185,3584,46,801,169,46
"198","2020-04-05",353,3,306,1326,7489,0.267325410602217,0,0,615,1907,220,3804,51,852,201,51
"199","2020-04-06",353,3,315,1334,7489,0.267325410602217,0,0,615,1907,202,4006,57,909,186,57
"200","2020-04-07",350,3,308,1332,7489,0.267325410602217,0,0,615,1907,169,4175,40,949,152,40
"201","2020-04-08",348,3,313,1332,7489,0.267325410602217,0,0,615,1907,196,4371,44,993,180,44
"202","2020-04-09",354,3,337,1325,7489,0.267325410602217,0,0,615,1907,149,4520,35,1028,125,35
"203","2020-04-10",356,3,333,1335,7489,0.267325410602217,0,0,615,1907,147,4667,31,1059,129,31
"204","2020-04-11",352,3,310,1286,7489,0.267325410602217,0,0,615,1907,144,4811,14,1073,125,14
"205","2020-04-12",350,3,300,1287,7489,0.267325410602217,0,0,615,1907,107,4918,34,1107,94,34
"206","2020-04-13",337,3,327,1264,7489,0.267325410602217,0,0,615,1907,120,5038,42,1149,107,42
"207","2020-04-14",335,3,352,1266,7489,0.267325410602217,0,0,615,1907,123,5161,54,1203,111,54
"208","2020-04-15",342,3,350,1261,7489,0.267325410602217,0,0,615,1907,106,5267,35,1238,94,35
"209","2020-04-16",343,3,337,1237,7489,0.267325410602217,0,0,615,1907,90,5357,23,1261,83,23
"210","2020-04-17",344,3,322,1194,7489,0.267325410602217,0,0,615,1907,101,5458,16,1277,80,16
"211","2020-04-18",348,3,322,1177,7489,0.267325410602217,0,0,615,1907,67,5525,22,1299,58,22
"212","2020-04-19",342,3,329,1161,7489,0.267325410602217,0,0,615,1907,74,5599,48,1347,60,48
"213","2020-04-20",340,3,312,1122,7489,0.267325410602217,0,0,615,1907,70,5669,29,1376,57,29
"214","2020-04-21",336,3,296,1110,7489,0.267325410602217,0,0,615,1907,57,5726,50,1426,48,50
"215","2020-04-22",324,3,284,1094,7489,0.267325410602217,0,0,615,1907,53,5779,51,1477,49,51
"216","2020-04-23",322,3,304,1072,7489,0.267325410602217,0,0,615,1907,57,5836,45,1522,46,45
"217","2020-04-24",309,3,311,1053,7489,0.267325410602217,0,0,615,1907,36,5872,36,1558,28,36
"218","2020-04-25",304,3,361,1034,7489,0.267325410602217,0,0,615,1907,41,5913,29,1587,32,29
"219","2020-04-26",304,3,347,1009,7489,0.267325410602217,0,0,615,1907,56,5969,19,1606,45,19
"220","2020-04-27",302,3,355,972,7489,0.267325410602217,0,0,615,1907,41,6010,21,1627,26,21
"221","2020-04-28",298,3,371,954,7489,0.267325410602217,0,0,615,1907,35,6045,30,1657,19,30
"222","2020-04-29",296,3,375,918,7489,0.267325410602217,0,0,615,1907,38,6083,28,1685,32,28
"223","2020-04-30",271,3,346,890,7489,0.267325410602217,0,0,615,1907,30,6113,26,1711,27,26
"224","2020-05-01",266,3,349,878,7489,0.267325410602217,0,0,615,1907,35,6148,22,1733,16,22
"225","2020-05-02",262,3,357,853,7489,0.267325410602217,0,0,615,1907,33,6181,28,1761,23,28
"226","2020-05-03",247,3,372,827,7489,0.267325410602217,0,0,615,1907,30,6211,18,1779,22,18
"227","2020-05-04",233,3,350,809,7489,0.267325410602217,0,0,615,1907,28,6239,15,1794,20,15
"228","2020-05-05",222,3,353,812,7489,0.267325410602217,0,0,615,1907,36,6275,28,1822,21,28
"229","2020-05-06",210,3,343,797,7489,0.267325410602217,0,0,615,1907,26,6301,28,1850,15,28
"230","2020-05-07",215,3,329,765,7489,0.267325410602217,0,0,615,1907,15,6316,36,1886,10,36
"231","2020-05-08",208,3,338,723,7489,0.267325410602217,0,0,615,1907,20,6336,32,1918,10,32
"232","2020-05-09",185,3,322,692,7489,0.267325410602217,0,0,615,1907,28,6364,22,1940,16,22
"233","2020-05-10",182,3,325,690,7489,0.267325410602217,0,0,615,1907,26,6390,17,1957,23,17
"234","2020-05-11",185,3,330,648,7489,0.267325410602217,0,0,615,1907,19,6409,21,1978,15,21
"235","2020-05-12",176,3,359,627,7489,0.267325410602217,0,0,615,1907,21,6430,42,2020,16,42
"236","2020-05-13",167,3,338,607,7489,0.267325410602217,0,0,615,1907,18,6448,43,2063,11,43
"237","2020-05-14",159,3,331,595,7489,0.267325410602217,0,0,615,1907,17,6465,57,2120,14,57
"238","2020-05-15",160,3,343,590,7489,0.267325410602217,0,0,615,1907,15,6480,26,2146,9,26
"239","2020-05-16",160,3,349,574,7489,0.267325410602217,0,0,615,1907,18,6498,38,2184,15,38
"240","2020-05-17",155,3,373,568,7489,0.267325410602217,0,0,615,1907,17,6515,41,2225,11,41
"241","2020-05-18",155,3,366,562,7489,0.267325410602217,0,0,615,1907,19,6534,53,2278,13,53
"242","2020-05-19",152,3,351,546,7489,0.267325410602217,0,0,615,1907,19,6553,57,2335,12,57
"243","2020-05-20",154,3,350,529,7489,0.267325410602217,0,0,615,1907,15,6568,60,2395,11,60
"244","2020-05-21",161,3,337,504,7489,0.267325410602217,0,0,615,1907,10,6578,50,2445,9,50
"245","2020-05-22",149,3,353,486,7489,0.267325410602217,0,0,615,1907,9,6587,37,2482,5,37
"246","2020-05-23",146,3,352,453,7489,0.267325410602217,0,0,615,1907,17,6604,24,2506,11,24
"247","2020-05-24",139,3,341,427,7489,0.267325410602217,0,0,615,1907,9,6613,23,2529,8,23
"248","2020-05-25",131,3,325,403,7489,0.267325410602217,0,0,615,1907,18,6631,38,2567,11,38
"249","2020-05-26",129,3,320,387,7489,0.267325410602217,0,0,615,1907,11,6642,34,2601,9,34
"250","2020-05-27",118,3,339,377,7489,0.267325410602217,0,0,615,1907,7,6649,31,2632,4,31
"251","2020-05-28",110,3,321,360,7489,0.267325410602217,0,0,615,1907,13,6662,40,2672,9,40
"252","2020-05-29",100,3,347,334,7489,0.267325410602217,0,0,615,1907,13,6675,50,2722,5,50
"253","2020-05-30",101,3,331,303,7489,0.267325410602217,0,0,615,1907,8,6683,36,2758,6,36
"254","2020-05-31",97,3,325,284,7489,0.267325410602217,0,0,615,1907,16,6699,46,2804,14,46
"255","2020-06-01",87,3,320,265,7489,0.267325410602217,0,0,615,1907,4,6703,45,2849,2,45
"256","2020-06-02",82,3,338,251,7489,0.267325410602217,0,0,615,1907,9,6712,27,2876,5,27
"257","2020-06-03",86,3,335,240,7489,0.267325410602217,0,0,615,1907,10,6722,29,2905,6,29
"258","2020-06-04",74,3,319,226,7489,0.267325410602217,0,0,615,1907,6,6728,28,2933,5,28
"259","2020-06-05",77,3,300,223,7489,0.267325410602217,0,0,615,1907,5,6733,30,2963,5,30
"260","2020-06-06",74,3,284,209,7489,0.267325410602217,0,0,615,1907,6,6739,24,2987,5,24
"261","2020-06-07",71,3,287,189,7489,0.267325410602217,0,0,615,1907,7,6746,21,3008,2,21
"262","2020-03-13",1,4,127,137,6241,0.576029482454735,0,0,574,1009,104,300,7,60,40,7
"263","2020-03-14",6,4,139,193,6241,0.576029482454735,0,0,574,1009,166,466,13,73,94,13
"264","2020-03-15",9,4,135,251,6241,0.576029482454735,0,0,574,1009,191,657,76,149,117,76
"265","2020-03-16",19,4,165,303,6241,0.576029482454735,0,0,574,1009,311,968,19,168,235,19
"266","2020-03-17",31,4,197,372,6241,0.576029482454735,0,0,574,1009,304,1272,27,195,243,27
"267","2020-03-18",44,4,228,450,6241,0.576029482454735,0,0,574,1009,414,1686,55,250,338,55
"268","2020-03-19",67,4,216,522,6241,0.576029482454735,0,0,574,1009,408,2094,61,311,343,61
"269","2020-03-20",83,4,238,590,6241,0.576029482454735,0,0,574,1009,514,2608,82,393,452,82
"270","2020-03-21",99,4,229,654,6241,0.576029482454735,0,0,574,1009,615,3223,50,443,552,50
"271","2020-03-22",126,4,223,744,6241,0.576029482454735,0,0,574,1009,651,3874,41,484,601,41
"272","2020-03-23",155,4,208,815,6241,0.576029482454735,0,0,574,1009,581,4455,26,510,537,26
"273","2020-03-24",176,4,241,879,6241,0.576029482454735,0,0,574,1009,786,5241,32,542,747,32
"274","2020-03-25",197,4,222,924,6241,0.576029482454735,0,0,574,1009,518,5759,22,564,496,22
"275","2020-03-26",209,4,212,982,6241,0.576029482454735,0,0,574,1009,459,6218,20,584,433,20
"276","2020-03-27",230,4,210,1008,6241,0.576029482454735,0,0,574,1009,411,6629,9,593,387,9
"277","2020-03-28",242,4,232,1031,6241,0.576029482454735,0,0,574,1009,327,6956,19,612,312,19
"278","2020-03-29",258,4,246,1094,6241,0.576029482454735,0,0,574,1009,220,7176,26,638,203,26
"279","2020-03-30",264,4,214,1126,6241,0.576029482454735,0,0,574,1009,177,7353,39,677,164,39
"280","2020-03-31",284,4,188,1145,6241,0.576029482454735,0,0,574,1009,106,7459,71,748,93,71
"281","2020-04-01",293,4,194,1195,6241,0.576029482454735,0,0,574,1009,89,7548,44,792,86,44
"282","2020-04-02",309,4,186,1222,6241,0.576029482454735,0,0,574,1009,51,7599,76,868,47,76
"283","2020-04-03",321,4,164,1237,6241,0.576029482454735,0,0,574,1009,59,7658,38,906,56,38
"284","2020-04-04",346,4,146,1259,6241,0.576029482454735,0,0,574,1009,46,7704,36,942,41,36
"285","2020-04-05",343,4,174,1268,6241,0.576029482454735,0,0,574,1009,36,7740,16,958,31,16
"286","2020-04-06",347,4,180,1266,6241,0.576029482454735,0,0,574,1009,17,7757,16,974,14,16
"287","2020-04-07",349,4,215,1254,6241,0.576029482454735,0,0,574,1009,15,7772,16,990,11,16
"288","2020-04-08",348,4,226,1238,6241,0.576029482454735,0,0,574,1009,18,7790,17,1007,15,17
"289","2020-04-09",341,4,220,1238,6241,0.576029482454735,0,0,574,1009,15,7805,13,1020,11,13
"290","2020-04-10",340,4,230,1246,6241,0.576029482454735,0,0,574,1009,11,7816,8,1028,7,8
"291","2020-04-11",340,4,228,1205,6241,0.576029482454735,0,0,574,1009,9,7825,10,1038,6,10
"292","2020-04-12",336,4,250,1191,6241,0.576029482454735,0,0,574,1009,9,7834,16,1054,8,16
"293","2020-04-13",332,4,295,1194,6241,0.576029482454735,0,0,574,1009,7,7841,15,1069,2,15
"294","2020-04-14",317,4,307,1153,6241,0.576029482454735,0,0,574,1009,7,7848,22,1091,2,22
"295","2020-04-15",316,4,319,1138,6241,0.576029482454735,0,0,574,1009,4,7852,38,1129,2,38
"296","2020-04-16",325,4,324,1101,6241,0.576029482454735,0,0,574,1009,5,7857,48,1177,2,48
"297","2020-04-17",326,4,338,1083,6241,0.576029482454735,0,0,574,1009,4,7861,43,1220,3,43
"298","2020-04-18",316,4,308,1054,6241,0.576029482454735,0,0,574,1009,5,7866,22,1242,NA,22
"299","2020-04-19",316,4,276,1053,6241,0.576029482454735,0,0,574,1009,4,7870,17,1259,NA,17
"300","2020-04-20",321,4,250,1017,6241,0.576029482454735,0,0,574,1009,5,7875,44,1303,3,44
"301","2020-04-21",322,4,234,977,6241,0.576029482454735,0,0,574,1009,1,7876,34,1337,1,34
"302","2020-04-22",320,4,253,966,6241,0.576029482454735,0,0,574,1009,NA,NA,11,1348,NA,11
"303","2020-04-23",291,4,268,944,6241,0.576029482454735,0,0,574,1009,4,7880,38,1386,2,38
"304","2020-04-24",277,4,267,914,6241,0.576029482454735,0,0,574,1009,4,7884,20,1406,NA,20
"305","2020-04-25",262,4,262,900,6241,0.576029482454735,0,0,574,1009,2,7886,11,1417,1,11
"306","2020-04-26",256,4,277,873,6241,0.576029482454735,0,0,574,1009,4,7890,7,1424,1,7
"307","2020-04-27",234,4,286,860,6241,0.576029482454735,0,0,574,1009,2,7892,8,1432,NA,8
"308","2020-04-28",230,4,274,831,6241,0.576029482454735,0,0,574,1009,3,7895,8,1440,1,8
"309","2020-04-29",220,4,260,823,6241,0.576029482454735,0,0,574,1009,NA,NA,9,1449,NA,9
"310","2020-04-30",229,4,243,808,6241,0.576029482454735,0,0,574,1009,2,7897,93,1542,1,93
"311","2020-05-01",234,4,218,788,6241,0.576029482454735,0,0,574,1009,7,7904,31,1573,2,31
"312","2020-05-02",229,4,253,773,6241,0.576029482454735,0,0,574,1009,2,7906,23,1596,NA,23
"313","2020-05-03",226,4,253,731,6241,0.576029482454735,0,0,574,1009,2,7908,20,1616,1,20
"314","2020-05-04",228,4,224,721,6241,0.576029482454735,0,0,574,1009,5,7913,22,1638,2,22
"315","2020-05-05",218,4,204,712,6241,0.576029482454735,0,0,574,1009,2,7915,14,1652,1,14
"316","2020-05-06",220,4,196,699,6241,0.576029482454735,0,0,574,1009,1,7916,4,1656,1,4
"317","2020-05-07",202,4,205,680,6241,0.576029482454735,0,0,574,1009,3,7919,15,1671,2,15
"318","2020-05-08",192,4,211,662,6241,0.576029482454735,0,0,574,1009,3,7922,8,1679,3,8
"319","2020-05-09",198,4,198,646,6241,0.576029482454735,0,0,574,1009,1,7923,8,1687,1,8
"320","2020-05-10",194,4,181,622,6241,0.576029482454735,0,0,574,1009,2,7925,50,1737,NA,50
"321","2020-05-11",188,4,200,593,6241,0.576029482454735,0,0,574,1009,1,7926,61,1798,NA,61
"322","2020-05-12",185,4,275,586,6241,0.576029482454735,0,0,574,1009,2,7928,45,1843,1,45
"323","2020-05-13",172,4,266,532,6241,0.576029482454735,0,0,574,1009,1,7929,33,1876,NA,33
"324","2020-05-14",172,4,250,516,6241,0.576029482454735,0,0,574,1009,1,7930,43,1919,NA,43
"325","2020-05-15",162,4,234,486,6241,0.576029482454735,0,0,574,1009,NA,NA,54,1973,NA,54
"326","2020-05-16",140,4,213,477,6241,0.576029482454735,0,0,574,1009,2,7932,24,1997,1,24
"327","2020-05-17",129,4,190,459,6241,0.576029482454735,0,0,574,1009,NA,NA,33,2030,NA,33
"328","2020-05-18",119,4,236,418,6241,0.576029482454735,0,0,574,1009,1,7933,19,2049,NA,19
"329","2020-05-19",107,4,249,394,6241,0.576029482454735,0,0,574,1009,NA,NA,13,2062,NA,13
"330","2020-05-20",103,4,275,387,6241,0.576029482454735,0,0,574,1009,1,7934,10,2072,NA,10
"331","2020-05-21",107,4,282,377,6241,0.576029482454735,0,0,574,1009,1,7935,24,2096,NA,24
"332","2020-05-22",95,4,250,371,6241,0.576029482454735,0,0,574,1009,NA,NA,21,2117,NA,21
"333","2020-05-23",96,4,223,352,6241,0.576029482454735,0,0,574,1009,NA,NA,19,2136,NA,19
"334","2020-05-24",93,4,197,352,6241,0.576029482454735,0,0,574,1009,1,7936,14,2150,NA,14
"335","2020-05-25",92,4,208,344,6241,0.576029482454735,0,0,574,1009,1,7937,10,2160,NA,10
"336","2020-05-26",89,4,230,320,6241,0.576029482454735,0,0,574,1009,NA,NA,21,2181,NA,21
"337","2020-05-27",93,4,276,308,6241,0.576029482454735,0,0,574,1009,1,7938,16,2197,NA,16
"338","2020-05-28",82,4,269,301,6241,0.576029482454735,0,0,574,1009,NA,NA,66,2263,NA,66
"339","2020-05-29",84,4,262,309,6241,0.576029482454735,0,0,574,1009,1,7939,37,2300,NA,37
"340","2020-05-30",83,4,238,303,6241,0.576029482454735,0,0,574,1009,NA,NA,30,2330,NA,30
"341","2020-05-31",81,4,190,305,6241,0.576029482454735,0,0,574,1009,NA,NA,32,2362,NA,32
"342","2020-06-01",88,4,177,303,6241,0.576029482454735,0,0,574,1009,1,7940,35,2397,NA,35
"343","2020-06-02",97,4,166,291,6241,0.576029482454735,0,0,574,1009,NA,NA,30,2427,NA,30
"344","2020-06-03",94,4,194,281,6241,0.576029482454735,0,0,574,1009,NA,NA,65,2492,NA,65
"345","2020-06-04",95,4,200,260,6241,0.576029482454735,0,0,574,1009,2,7942,24,2516,NA,24
"346","2020-06-05",97,4,183,244,6241,0.576029482454735,0,0,574,1009,1,7943,26,2542,NA,26
"347","2020-06-06",97,4,165,233,6241,0.576029482454735,0,0,574,1009,NA,NA,25,2567,NA,25
"348","2020-06-07",93,4,164,223,6241,0.576029482454735,0,0,574,1009,1,7944,16,2583,NA,16
"349","2020-03-13",2,5,63,163,5782,0.294188861985472,0,0,535,918,34,75,31,90,6,31
"350","2020-03-14",5,5,72,229,5782,0.294188861985472,0,0,535,918,39,114,17,107,8,17
"351","2020-03-15",10,5,77,287,5782,0.294188861985472,0,0,535,918,32,146,10,117,6,10
"352","2020-03-16",17,5,82,371,5782,0.294188861985472,0,0,535,918,36,182,30,147,11,30
"353","2020-03-17",26,5,81,465,5782,0.294188861985472,0,0,535,918,38,220,26,173,18,26
"354","2020-03-18",46,5,73,540,5782,0.294188861985472,0,0,535,918,56,276,18,191,32,18
"355","2020-03-19",70,5,73,613,5782,0.294188861985472,0,0,535,918,52,328,41,232,29,41
"356","2020-03-20",91,5,67,686,5782,0.294188861985472,0,0,535,918,57,385,30,262,35,30
"357","2020-03-21",123,5,89,753,5782,0.294188861985472,0,0,535,918,59,444,26,288,29,26
"358","2020-03-22",147,5,115,823,5782,0.294188861985472,0,0,535,918,57,501,51,339,34,51
"359","2020-03-23",178,5,132,893,5782,0.294188861985472,0,0,535,918,58,559,29,368,35,29
"360","2020-03-24",206,5,144,942,5782,0.294188861985472,0,0,535,918,52,611,31,399,25,31
"361","2020-03-25",225,5,160,988,5782,0.294188861985472,0,0,535,918,48,659,44,443,27,44
"362","2020-03-26",237,5,168,1019,5782,0.294188861985472,0,0,535,918,53,712,31,474,31,31
"363","2020-03-27",252,5,169,1031,5782,0.294188861985472,0,0,535,918,69,781,35,509,37,35
"364","2020-03-28",266,5,170,1031,5782,0.294188861985472,0,0,535,918,62,843,43,552,38,43
"365","2020-03-29",281,5,175,1032,5782,0.294188861985472,0,0,535,918,68,911,49,601,30,49
"366","2020-03-30",294,5,190,1035,5782,0.294188861985472,0,0,535,918,70,981,40,641,36,40
"367","2020-03-31",296,5,188,1003,5782,0.294188861985472,0,0,535,918,81,1062,58,699,45,58
"368","2020-04-01",306,5,189,1003,5782,0.294188861985472,0,0,535,918,77,1139,44,743,42,44
"369","2020-04-02",314,5,180,981,5782,0.294188861985472,0,0,535,918,69,1208,33,776,34,33
"370","2020-04-03",296,5,165,965,5782,0.294188861985472,0,0,535,918,61,1269,38,814,42,38
"371","2020-04-04",286,5,151,958,5782,0.294188861985472,0,0,535,918,70,1339,38,852,44,38
"372","2020-04-05",269,5,171,951,5782,0.294188861985472,0,0,535,918,60,1399,28,880,39,28
"373","2020-04-06",264,5,170,952,5782,0.294188861985472,0,0,535,918,77,1476,24,904,47,24
"374","2020-04-07",276,5,152,939,5782,0.294188861985472,0,0,535,918,77,1553,41,945,39,41
"375","2020-04-08",264,5,138,949,5782,0.294188861985472,0,0,535,918,77,1630,33,978,47,33
"376","2020-04-09",253,5,138,951,5782,0.294188861985472,0,0,535,918,75,1705,27,1005,45,27
"377","2020-04-10",269,5,167,964,5782,0.294188861985472,0,0,535,918,59,1764,23,1028,42,23
"378","2020-04-11",259,5,186,955,5782,0.294188861985472,0,0,535,918,65,1829,18,1046,31,18
"379","2020-04-12",263,5,200,970,5782,0.294188861985472,0,0,535,918,76,1905,35,1081,38,35
"380","2020-04-13",252,5,229,964,5782,0.294188861985472,0,0,535,918,70,1975,31,1112,33,31
"381","2020-04-14",245,5,259,941,5782,0.294188861985472,0,0,535,918,75,2050,31,1143,38,31
"382","2020-04-15",236,5,274,910,5782,0.294188861985472,0,0,535,918,77,2127,67,1210,33,67
"383","2020-04-16",238,5,268,913,5782,0.294188861985472,0,0,535,918,47,2174,54,1264,19,54
"384","2020-04-17",230,5,263,895,5782,0.294188861985472,0,0,535,918,66,2240,40,1304,31,40
"385","2020-04-18",235,5,252,882,5782,0.294188861985472,0,0,535,918,49,2289,48,1352,17,48
"386","2020-04-19",232,5,259,863,5782,0.294188861985472,0,0,535,918,41,2330,31,1383,16,31
"387","2020-04-20",219,5,253,840,5782,0.294188861985472,0,0,535,918,62,2392,39,1422,24,39
"388","2020-04-21",211,5,240,842,5782,0.294188861985472,0,0,535,918,60,2452,28,1450,21,28
"389","2020-04-22",220,5,225,811,5782,0.294188861985472,0,0,535,918,52,2504,29,1479,29,29
"390","2020-04-23",218,5,249,803,5782,0.294188861985472,0,0,535,918,61,2565,19,1498,34,19
"391","2020-04-24",221,5,261,795,5782,0.294188861985472,0,0,535,918,46,2611,15,1513,21,15
"392","2020-04-25",219,5,233,788,5782,0.294188861985472,0,0,535,918,51,2662,24,1537,24,24
"393","2020-04-26",220,5,196,781,5782,0.294188861985472,0,0,535,918,48,2710,22,1559,18,22
"394","2020-04-27",231,5,187,750,5782,0.294188861985472,0,0,535,918,45,2755,40,1599,16,40
"395","2020-04-28",222,5,185,726,5782,0.294188861985472,0,0,535,918,45,2800,30,1629,19,30
"396","2020-04-29",208,5,215,708,5782,0.294188861985472,0,0,535,918,39,2839,22,1651,15,22
"397","2020-04-30",210,5,203,693,5782,0.294188861985472,0,0,535,918,52,2891,20,1671,17,20
"398","2020-05-01",211,5,223,680,5782,0.294188861985472,0,0,535,918,40,2931,38,1709,13,38
"399","2020-05-02",203,5,245,671,5782,0.294188861985472,0,0,535,918,36,2967,28,1737,15,28
"400","2020-05-03",197,5,246,661,5782,0.294188861985472,0,0,535,918,51,3018,30,1767,20,30
"401","2020-05-04",185,5,257,634,5782,0.294188861985472,0,0,535,918,53,3071,22,1789,19,22
"402","2020-05-05",186,5,248,603,5782,0.294188861985472,0,0,535,918,45,3116,26,1815,21,26
"403","2020-05-06",179,5,216,596,5782,0.294188861985472,0,0,535,918,35,3151,17,1832,19,17
"404","2020-05-07",163,5,213,585,5782,0.294188861985472,0,0,535,918,32,3183,30,1862,17,30
"405","2020-05-08",151,5,198,606,5782,0.294188861985472,0,0,535,918,40,3223,17,1879,14,17
"406","2020-05-09",149,5,202,606,5782,0.294188861985472,0,0,535,918,44,3267,23,1902,22,23
"407","2020-05-10",145,5,202,593,5782,0.294188861985472,0,0,535,918,40,3307,43,1945,14,43
"408","2020-05-11",152,5,193,594,5782,0.294188861985472,0,0,535,918,31,3338,42,1987,15,42
"409","2020-05-12",152,5,180,596,5782,0.294188861985472,0,0,535,918,37,3375,31,2018,14,31
"410","2020-05-13",155,5,158,575,5782,0.294188861985472,0,0,535,918,32,3407,38,2056,13,38
"411","2020-05-14",158,5,149,557,5782,0.294188861985472,0,0,535,918,35,3442,23,2079,10,23
"412","2020-05-15",160,5,140,539,5782,0.294188861985472,0,0,535,918,33,3475,33,2112,15,33
"413","2020-05-16",155,5,133,530,5782,0.294188861985472,0,0,535,918,44,3519,47,2159,18,47
"414","2020-05-17",157,5,117,510,5782,0.294188861985472,0,0,535,918,37,3556,33,2192,15,33
"415","2020-05-18",152,5,116,501,5782,0.294188861985472,0,0,535,918,35,3591,23,2215,14,23
"416","2020-05-19",143,5,114,490,5782,0.294188861985472,0,0,535,918,27,3618,16,2231,10,16
"417","2020-05-20",142,5,124,489,5782,0.294188861985472,0,0,535,918,14,3632,14,2245,9,14
"418","2020-05-21",137,5,127,466,5782,0.294188861985472,0,0,535,918,23,3655,22,2267,11,22
"419","2020-05-22",138,5,154,451,5782,0.294188861985472,0,0,535,918,18,3673,29,2296,6,29
"420","2020-05-23",136,5,181,427,5782,0.294188861985472,0,0,535,918,26,3699,20,2316,12,20
"421","2020-05-24",130,5,215,419,5782,0.294188861985472,0,0,535,918,25,3724,37,2353,7,37
"422","2020-05-25",128,5,195,406,5782,0.294188861985472,0,0,535,918,44,3768,39,2392,13,39
"423","2020-05-26",125,5,183,388,5782,0.294188861985472,0,0,535,918,28,3796,35,2427,7,35
"424","2020-05-27",127,5,158,383,5782,0.294188861985472,0,0,535,918,27,3823,38,2465,15,38
"425","2020-05-28",126,5,172,359,5782,0.294188861985472,0,0,535,918,24,3847,37,2502,13,37
"426","2020-05-29",115,5,178,338,5782,0.294188861985472,0,0,535,918,32,3879,47,2549,14,47
"427","2020-05-30",114,5,166,322,5782,0.294188861985472,0,0,535,918,20,3899,24,2573,14,24
"428","2020-05-31",116,5,152,298,5782,0.294188861985472,0,0,535,918,20,3919,35,2608,13,35
"429","2020-06-01",112,5,146,296,5782,0.294188861985472,0,0,535,918,17,3936,56,2664,8,57
"430","2020-06-02",109,5,137,292,5782,0.294188861985472,0,0,535,918,27,3963,39,2703,9,39
"431","2020-06-03",103,5,127,280,5782,0.294188861985472,0,0,535,918,21,3984,50,2753,11,50
"432","2020-06-04",94,5,136,276,5782,0.294188861985472,0,0,535,918,11,3995,31,2784,5,31
"433","2020-06-05",94,5,132,256,5782,0.294188861985472,0,0,535,918,22,4017,50,2834,12,50
"434","2020-06-06",90,5,137,243,5782,0.294188861985472,0,0,535,918,18,4035,28,2862,7,28
"435","2020-06-07",80,5,117,229,5782,0.294188861985472,0,0,535,918,14,4049,34,2896,7,34
"436","2020-03-12",1,6,128,111,8643,0.852713178294574,0,0,738,1731,56,117,54,107,3,54
"437","2020-03-13",2,6,141,177,8643,0.852713178294574,0,0,738,1731,52,169,35,142,1,35
"438","2020-03-14",7,6,185,266,8643,0.852713178294574,0,0,738,1731,59,228,47,189,11,47
"439","2020-03-15",13,6,221,371,8643,0.852713178294574,0,0,738,1731,56,284,29,218,14,29
"440","2020-03-16",20,6,220,506,8643,0.852713178294574,0,0,738,1731,70,354,16,234,16,16
"441","2020-03-17",41,6,258,683,8643,0.852713178294574,0,0,738,1731,67,421,29,263,15,29
"442","2020-03-18",71,6,257,928,8643,0.852713178294574,0,0,738,1731,67,488,58,321,21,58
"443","2020-03-19",97,6,250,1258,8643,0.852713178294574,0,0,738,1731,50,538,40,361,18,40
"444","2020-03-20",139,6,238,1662,8643,0.852713178294574,0,0,738,1731,66,604,54,415,19,54
"445","2020-03-21",184,6,207,2080,8643,0.852713178294574,0,0,738,1731,75,679,29,444,17,29
"446","2020-03-22",262,6,199,2515,8643,0.852713178294574,0,0,738,1731,75,754,24,468,15,24
"447","2020-03-23",333,6,193,3092,8643,0.852713178294574,0,0,738,1731,73,827,11,479,23,11
"448","2020-03-24",433,6,240,3576,8643,0.852713178294574,0,0,738,1731,84,911,17,496,30,17
"449","2020-03-25",538,6,240,3961,8643,0.852713178294574,0,0,738,1731,86,997,60,556,22,60
"450","2020-03-26",673,6,217,4296,8643,0.852713178294574,0,0,738,1731,67,1064,56,612,26,56
"451","2020-03-27",809,6,233,4612,8643,0.852713178294574,0,0,738,1731,55,1119,68,680,18,68
"452","2020-03-28",951,6,211,4911,8643,0.852713178294574,0,0,738,1731,73,1192,29,709,20,29
"453","2020-03-29",1073,6,188,5066,8643,0.852713178294574,0,0,738,1731,75,1267,23,732,13,23
"454","2020-03-30",1210,6,234,5005,8643,0.852713178294574,0,0,738,1731,71,1338,25,757,23,25
"455","2020-03-31",1302,6,224,4964,8643,0.852713178294574,0,0,738,1731,65,1403,27,784,15,27
"456","2020-04-01",1377,6,221,4731,8643,0.852713178294574,0,0,738,1731,76,1479,28,812,27,28
"457","2020-04-02",1410,6,195,4445,8643,0.852713178294574,0,0,738,1731,69,1548,31,843,13,31
"458","2020-04-03",1399,6,182,4102,8643,0.852713178294574,0,0,738,1731,59,1607,14,857,16,14
"459","2020-04-04",1370,6,159,3687,8643,0.852713178294574,0,0,738,1731,58,1665,11,868,10,11
"460","2020-04-05",1308,6,142,3254,8643,0.852713178294574,0,0,738,1731,80,1745,35,903,24,35
"461","2020-04-06",1216,6,181,2856,8643,0.852713178294574,0,0,738,1731,77,1822,74,977,18,74
"462","2020-04-07",1123,6,196,2476,8643,0.852713178294574,0,0,738,1731,65,1887,26,1003,12,26
"463","2020-04-08",1003,6,191,2104,8643,0.852713178294574,0,0,738,1731,68,1955,30,1033,4,30
"464","2020-04-09",900,6,222,1767,8643,0.852713178294574,0,0,738,1731,70,2025,14,1047,12,14
"465","2020-04-10",795,6,242,1468,8643,0.852713178294574,0,0,738,1731,67,2092,16,1063,19,16
"466","2020-04-11",686,6,255,1202,8643,0.852713178294574,0,0,738,1731,69,2161,47,1110,19,47
"467","2020-04-12",584,6,235,982,8643,0.852713178294574,0,0,738,1731,76,2237,52,1162,13,52
"468","2020-04-13",490,6,250,807,8643,0.852713178294574,0,0,738,1731,69,2306,67,1229,8,67
"469","2020-04-14",399,6,241,666,8643,0.852713178294574,0,0,738,1731,60,2366,69,1298,10,69
"470","2020-04-15",336,6,254,531,8643,0.852713178294574,0,0,738,1731,66,2432,43,1341,13,43
"471","2020-04-16",262,6,239,434,8643,0.852713178294574,0,0,738,1731,72,2504,26,1367,13,26
"472","2020-04-17",214,6,233,361,8643,0.852713178294574,0,0,738,1731,67,2571,22,1389,11,22
"473","2020-04-18",174,6,215,289,8643,0.852713178294574,0,0,738,1731,69,2640,34,1423,18,34
"474","2020-04-19",145,6,225,244,8643,0.852713178294574,0,0,738,1731,59,2699,44,1467,10,44
"475","2020-04-20",127,6,246,199,8643,0.852713178294574,0,0,738,1731,54,2753,41,1508,1,41
"476","2020-04-21",101,6,219,169,8643,0.852713178294574,0,0,738,1731,57,2810,36,1544,5,36
"477","2020-04-22",78,6,222,140,8643,0.852713178294574,0,0,738,1731,62,2872,20,1564,5,20
"478","2020-04-23",61,6,220,123,8643,0.852713178294574,0,0,738,1731,64,2936,30,1594,3,30
"479","2020-04-24",48,6,240,95,8643,0.852713178294574,0,0,738,1731,58,2994,26,1620,11,26
"480","2020-04-25",37,6,236,79,8643,0.852713178294574,0,0,738,1731,66,3060,10,1630,8,10
"481","2020-04-26",26,6,262,66,8643,0.852713178294574,0,0,738,1731,57,3117,11,1641,7,11
"482","2020-04-27",18,6,272,55,8643,0.852713178294574,0,0,738,1731,62,3179,39,1680,13,39
"483","2020-04-28",15,6,237,52,8643,0.852713178294574,0,0,738,1731,63,3242,67,1747,21,67
"484","2020-04-29",13,6,223,41,8643,0.852713178294574,0,0,738,1731,57,3299,55,1802,7,55
"485","2020-04-30",16,6,234,43,8643,0.852713178294574,0,0,738,1731,62,3361,30,1832,16,30
"486","2020-05-01",17,6,220,41,8643,0.852713178294574,0,0,738,1731,51,3412,11,1843,7,11
"487","2020-05-02",17,6,221,41,8643,0.852713178294574,0,0,738,1731,51,3463,10,1853,8,10
"488","2020-05-03",17,6,220,38,8643,0.852713178294574,0,0,738,1731,48,3511,29,1882,11,29
"489","2020-05-04",16,6,200,33,8643,0.852713178294574,0,0,738,1731,52,3563,37,1919,8,37
"490","2020-05-05",16,6,189,32,8643,0.852713178294574,0,0,738,1731,45,3608,28,1947,15,28
"491","2020-05-06",15,6,174,34,8643,0.852713178294574,0,0,738,1731,56,3664,26,1973,7,26
"492","2020-05-07",11,6,189,33,8643,0.852713178294574,0,0,738,1731,70,3734,17,1990,13,17
"493","2020-05-08",9,6,211,28,8643,0.852713178294574,0,0,738,1731,59,3793,43,2033,12,43
"494","2020-05-09",8,6,214,26,8643,0.852713178294574,0,0,738,1731,42,3835,19,2052,10,19
"495","2020-05-10",7,6,216,28,8643,0.852713178294574,0,0,738,1731,57,3892,40,2092,9,40
"496","2020-05-11",6,6,211,28,8643,0.852713178294574,0,0,738,1731,40,3932,20,2112,7,20
"497","2020-05-12",6,6,207,27,8643,0.852713178294574,0,0,738,1731,42,3974,28,2140,9,28
"498","2020-05-13",7,6,202,30,8643,0.852713178294574,0,0,738,1731,47,4021,43,2183,6,43
"499","2020-05-14",10,6,190,31,8643,0.852713178294574,0,0,738,1731,49,4070,51,2234,6,51
"500","2020-05-15",9,6,181,29,8643,0.852713178294574,0,0,738,1731,37,4107,29,2263,3,29
"501","2020-05-16",7,6,152,29,8643,0.852713178294574,0,0,738,1731,41,4148,15,2278,6,15
"502","2020-05-17",6,6,160,29,8643,0.852713178294574,0,0,738,1731,44,4192,21,2299,10,21
"503","2020-05-18",6,6,169,26,8643,0.852713178294574,0,0,738,1731,40,4232,14,2313,7,14
"504","2020-05-19",6,6,175,23,8643,0.852713178294574,0,0,738,1731,33,4265,17,2330,4,17
"505","2020-05-20",5,6,185,22,8643,0.852713178294574,0,0,738,1731,31,4296,31,2361,5,31
"506","2020-05-21",3,6,165,21,8643,0.852713178294574,0,0,738,1731,39,4335,24,2385,7,24
"507","2020-05-22",3,6,167,20,8643,0.852713178294574,0,0,738,1731,31,4366,19,2404,4,19
"508","2020-05-23",4,6,165,20,8643,0.852713178294574,0,0,738,1731,28,4394,15,2419,5,15
"509","2020-05-24",6,6,172,22,8643,0.852713178294574,0,0,738,1731,22,4416,35,2454,2,35
"510","2020-05-25",5,6,156,23,8643,0.852713178294574,0,0,738,1731,30,4446,59,2513,6,59
"511","2020-05-26",6,6,157,19,8643,0.852713178294574,0,0,738,1731,31,4477,40,2553,7,40
"512","2020-05-27",6,6,151,19,8643,0.852713178294574,0,0,738,1731,22,4499,20,2573,6,20
"513","2020-05-28",6,6,178,17,8643,0.852713178294574,0,0,738,1731,23,4522,16,2589,5,16
"514","2020-05-29",7,6,220,18,8643,0.852713178294574,0,0,738,1731,29,4551,14,2603,5,14
"515","2020-05-30",7,6,218,19,8643,0.852713178294574,0,0,738,1731,29,4580,9,2612,3,9
"516","2020-05-31",7,6,201,19,8643,0.852713178294574,0,0,738,1731,19,4599,34,2646,3,34
"517","2020-06-01",8,6,193,18,8643,0.852713178294574,0,0,738,1731,24,4623,21,2667,6,21
"518","2020-06-02",7,6,190,15,8643,0.852713178294574,0,0,738,1731,17,4640,20,2687,5,20
"519","2020-06-03",7,6,193,15,8643,0.852713178294574,0,0,738,1731,22,4662,15,2702,8,15
"520","2020-06-04",6,6,177,13,8643,0.852713178294574,0,0,738,1731,28,4690,52,2754,6,52
"521","2020-06-05",5,6,166,12,8643,0.852713178294574,0,0,738,1731,18,4708,41,2795,4,41
"522","2020-06-06",4,6,143,13,8643,0.852713178294574,0,0,738,1731,24,4732,43,2838,6,43
"523","2020-06-07",3,6,133,10,8643,0.852713178294574,0,0,738,1731,17,4749,30,2868,5,30
"524","2020-03-13",8,7,72,272,7667,0.198904395461067,0,0,637,669,38,99,62,180,8,62
"525","2020-03-14",15,7,105,377,7667,0.198904395461067,0,0,637,669,35,134,37,217,7,37
"526","2020-03-15",28,7,136,484,7667,0.198904395461067,0,0,637,669,37,171,15,232,19,15
"527","2020-03-16",50,7,131,603,7667,0.198904395461067,0,0,637,669,52,223,11,243,20,11
"528","2020-03-17",74,7,131,709,7667,0.198904395461067,0,0,637,669,50,273,51,294,30,51
"529","2020-03-18",107,7,130,813,7667,0.198904395461067,0,0,637,669,36,309,20,314,13,20
"530","2020-03-19",139,7,144,889,7667,0.198904395461067,0,0,637,669,43,352,13,327,20,13
"531","2020-03-20",175,7,170,979,7667,0.198904395461067,0,0,637,669,50,402,42,369,18,42
"532","2020-03-21",218,7,191,1061,7667,0.198904395461067,0,0,637,669,54,456,26,395,27,26
"533","2020-03-22",244,7,188,1127,7667,0.198904395461067,0,0,637,669,51,507,25,420,31,25
"534","2020-03-23",254,7,170,1175,7667,0.198904395461067,0,0,637,669,60,567,15,435,31,15
"535","2020-03-24",278,7,153,1203,7667,0.198904395461067,0,0,637,669,60,627,32,467,34,32
"536","2020-03-25",296,7,134,1216,7667,0.198904395461067,0,0,637,669,65,692,11,478,35,11
"537","2020-03-26",305,7,121,1238,7667,0.198904395461067,0,0,637,669,85,777,9,487,49,9
"538","2020-03-27",302,7,109,1255,7667,0.198904395461067,0,0,637,669,62,839,2,489,37,2
"539","2020-03-28",309,7,116,1267,7667,0.198904395461067,0,0,637,669,70,909,9,498,45,9
"540","2020-03-29",328,7,139,1291,7667,0.198904395461067,0,0,637,669,79,988,41,539,55,41
"541","2020-03-30",341,7,169,1309,7667,0.198904395461067,0,0,637,669,92,1080,72,611,47,72
"542","2020-03-31",343,7,160,1316,7667,0.198904395461067,0,0,637,669,76,1156,59,670,48,59
"543","2020-04-01",339,7,163,1302,7667,0.198904395461067,0,0,637,669,67,1223,41,711,36,41
"544","2020-04-02",359,7,200,1309,7667,0.198904395461067,0,0,637,669,67,1290,18,729,30,18
"545","2020-04-03",368,7,217,1297,7667,0.198904395461067,0,0,637,669,57,1347,20,749,32,20
"546","2020-04-04",367,7,217,1316,7667,0.198904395461067,0,0,637,669,70,1417,36,785,42,36
"547","2020-04-05",354,7,225,1345,7667,0.198904395461067,0,0,637,669,55,1472,32,817,30,32
"548","2020-04-06",358,7,262,1337,7667,0.198904395461067,0,0,637,669,51,1523,13,830,27,13
"549","2020-04-07",351,7,253,1332,7667,0.198904395461067,0,0,637,669,62,1585,26,856,32,26
"550","2020-04-08",346,7,229,1342,7667,0.198904395461067,0,0,637,669,65,1650,21,877,31,21
"551","2020-04-09",343,7,207,1332,7667,0.198904395461067,0,0,637,669,59,1709,25,902,27,25
"552","2020-04-10",341,7,180,1298,7667,0.198904395461067,0,0,637,669,70,1779,28,930,34,28
"553","2020-04-11",339,7,165,1286,7667,0.198904395461067,0,0,637,669,58,1837,12,942,30,12
"554","2020-04-12",351,7,182,1286,7667,0.198904395461067,0,0,637,669,63,1900,10,952,31,10
"555","2020-04-13",345,7,191,1276,7667,0.198904395461067,0,0,637,669,52,1952,13,965,25,13
"556","2020-04-14",343,7,226,1264,7667,0.198904395461067,0,0,637,669,72,2024,28,993,36,28
"557","2020-04-15",362,7,227,1254,7667,0.198904395461067,0,0,637,669,69,2093,28,1021,34,28
"558","2020-04-16",351,7,241,1224,7667,0.198904395461067,0,0,637,669,51,2144,16,1037,23,16
"559","2020-04-17",338,7,240,1203,7667,0.198904395461067,0,0,637,669,58,2202,16,1053,28,16
"560","2020-04-18",336,7,244,1195,7667,0.198904395461067,0,0,637,669,46,2248,10,1063,20,10
"561","2020-04-19",315,7,256,1188,7667,0.198904395461067,0,0,637,669,72,2320,8,1071,32,8
"562","2020-04-20",311,7,240,1162,7667,0.198904395461067,0,0,637,669,64,2384,3,1074,26,3
"563","2020-04-21",322,7,246,1153,7667,0.198904395461067,0,0,637,669,60,2444,5,1079,26,5
"564","2020-04-22",305,7,222,1129,7667,0.198904395461067,0,0,637,669,64,2508,10,1089,40,10
"565","2020-04-23",299,7,223,1114,7667,0.198904395461067,0,0,637,669,42,2550,38,1127,27,38
"566","2020-04-24",301,7,231,1112,7667,0.198904395461067,0,0,637,669,63,2613,37,1164,38,37
"567","2020-04-25",286,7,206,1067,7667,0.198904395461067,0,0,637,669,61,2674,14,1178,32,14
"568","2020-04-26",303,7,204,1047,7667,0.198904395461067,0,0,637,669,59,2733,14,1192,29,14
"569","2020-04-27",292,7,183,1030,7667,0.198904395461067,0,0,637,669,60,2793,22,1214,32,22
"570","2020-04-28",278,7,168,1008,7667,0.198904395461067,0,0,637,669,54,2847,12,1226,26,12
"571","2020-04-29",267,7,193,989,7667,0.198904395461067,0,0,637,669,61,2908,3,1229,28,3
"572","2020-04-30",267,7,174,957,7667,0.198904395461067,0,0,637,669,53,2961,8,1237,21,8
"573","2020-05-01",262,7,171,941,7667,0.198904395461067,0,0,637,669,49,3010,7,1244,21,7
"574","2020-05-02",248,7,156,908,7667,0.198904395461067,0,0,637,669,45,3055,3,1247,26,3
"575","2020-05-03",228,7,148,884,7667,0.198904395461067,0,0,637,669,38,3093,3,1250,17,3
"576","2020-05-04",240,7,162,871,7667,0.198904395461067,0,0,637,669,46,3139,3,1253,21,3
"577","2020-05-05",237,7,196,835,7667,0.198904395461067,0,0,637,669,49,3188,7,1260,17,7
"578","2020-05-06",232,7,239,794,7667,0.198904395461067,0,0,637,669,50,3238,15,1275,28,15
"579","2020-05-07",224,7,269,774,7667,0.198904395461067,0,0,637,669,34,3272,18,1293,15,18
"580","2020-05-08",221,7,261,753,7667,0.198904395461067,0,0,637,669,40,3312,18,1311,17,18
"581","2020-05-09",217,7,249,739,7667,0.198904395461067,0,0,637,669,46,3358,11,1322,22,11
"582","2020-05-10",213,7,272,713,7667,0.198904395461067,0,0,637,669,52,3410,5,1327,13,5
"583","2020-05-11",210,7,277,700,7667,0.198904395461067,0,0,637,669,32,3442,47,1374,16,47
"584","2020-05-12",207,7,287,669,7667,0.198904395461067,0,0,637,669,39,3481,16,1390,17,16
"585","2020-05-13",208,7,310,660,7667,0.198904395461067,0,0,637,669,43,3524,66,1456,22,66
"586","2020-05-14",205,7,299,633,7667,0.198904395461067,0,0,637,669,45,3569,38,1494,15,38
"587","2020-05-15",198,7,270,607,7667,0.198904395461067,0,0,637,669,44,3613,18,1512,14,18
"588","2020-05-16",198,7,258,587,7667,0.198904395461067,0,0,637,669,24,3637,52,1564,7,52
"589","2020-05-17",195,7,252,563,7667,0.198904395461067,0,0,637,669,33,3670,42,1606,16,42
"590","2020-05-18",182,7,256,540,7667,0.198904395461067,0,0,637,669,32,3702,21,1627,14,21
"591","2020-05-19",169,7,262,513,7667,0.198904395461067,0,0,637,669,20,3722,11,1638,6,11
"592","2020-05-20",161,7,279,479,7667,0.198904395461067,0,0,637,669,35,3757,24,1662,17,24
"593","2020-05-21",143,7,266,450,7667,0.198904395461067,0,0,637,669,26,3783,31,1693,16,31
"594","2020-05-22",136,7,242,428,7667,0.198904395461067,0,0,637,669,23,3806,52,1745,13,52
"595","2020-05-23",133,7,217,401,7667,0.198904395461067,0,0,637,669,23,3829,37,1782,11,37
"596","2020-05-24",126,7,208,377,7667,0.198904395461067,0,0,637,669,28,3857,28,1810,18,28
"597","2020-05-25",116,7,186,364,7667,0.198904395461067,0,0,637,669,27,3884,18,1828,15,18
"598","2020-05-26",105,7,196,353,7667,0.198904395461067,0,0,637,669,13,3897,13,1841,4,13
"599","2020-05-27",96,7,185,339,7667,0.198904395461067,0,0,637,669,19,3916,14,1855,8,14
"600","2020-05-28",96,7,169,326,7667,0.198904395461067,0,0,637,669,14,3930,12,1867,5,12
"601","2020-05-29",92,7,173,308,7667,0.198904395461067,0,0,637,669,14,3944,48,1915,8,48
"602","2020-05-30",82,7,158,303,7667,0.198904395461067,0,0,637,669,21,3965,24,1939,7,24
"603","2020-05-31",76,7,165,284,7667,0.198904395461067,0,0,637,669,18,3983,36,1975,8,36
"604","2020-06-01",69,7,192,279,7667,0.198904395461067,0,0,637,669,11,3994,18,1993,4,18
"605","2020-06-02",71,7,190,267,7667,0.198904395461067,0,0,637,669,23,4017,12,2005,15,12
"606","2020-06-03",66,7,192,255,7667,0.198904395461067,0,0,637,669,17,4034,10,2015,5,10
"607","2020-06-04",64,7,174,252,7667,0.198904395461067,0,0,637,669,20,4054,16,2031,13,16
"608","2020-06-05",65,7,166,231,7667,0.198904395461067,0,0,637,669,14,4068,62,2093,11,62
"609","2020-06-06",69,7,150,219,7667,0.198904395461067,0,0,637,669,11,4079,20,2113,5,20
"610","2020-06-07",62,7,136,214,7667,0.198904395461067,0,0,637,669,22,4101,15,2128,12,15
"611","2020-03-13",2,8,123,192,6522,0.279362158846979,0,0,543,1458,65,173,31,91,8,31
"612","2020-03-14",12,8,177,278,6522,0.279362158846979,0,0,543,1458,59,232,36,127,7,36
"613","2020-03-15",25,8,190,329,6522,0.279362158846979,0,0,543,1458,64,296,18,145,10,18
"614","2020-03-16",35,8,224,414,6522,0.279362158846979,0,0,543,1458,55,351,15,160,9,15
"615","2020-03-17",58,8,283,495,6522,0.279362158846979,0,0,543,1458,65,416,15,175,14,15
"616","2020-03-18",68,8,331,567,6522,0.279362158846979,0,0,543,1458,55,471,4,179,9,4
"617","2020-03-19",95,8,332,626,6522,0.279362158846979,0,0,543,1458,66,537,9,188,19,9
"618","2020-03-20",118,8,331,701,6522,0.279362158846979,0,0,543,1458,61,598,5,193,17,5
"619","2020-03-21",146,8,330,773,6522,0.279362158846979,0,0,543,1458,65,663,6,199,17,6
"620","2020-03-22",162,8,329,807,6522,0.279362158846979,0,0,543,1458,68,731,39,238,9,39
"621","2020-03-23",179,8,296,849,6522,0.279362158846979,0,0,543,1458,61,792,19,257,12,19
"622","2020-03-24",193,8,284,886,6522,0.279362158846979,0,0,543,1458,69,861,12,269,12,12
"623","2020-03-25",218,8,284,932,6522,0.279362158846979,0,0,543,1458,59,920,9,278,18,9
"624","2020-03-26",229,8,264,944,6522,0.279362158846979,0,0,543,1458,65,985,12,290,16,12
"625","2020-03-27",240,8,258,988,6522,0.279362158846979,0,0,543,1458,74,1059,8,298,22,8
"626","2020-03-28",233,8,257,991,6522,0.279362158846979,0,0,543,1458,88,1147,15,313,33,15
"627","2020-03-29",246,8,253,998,6522,0.279362158846979,0,0,543,1458,72,1219,41,354,28,41
"628","2020-03-30",250,8,259,996,6522,0.279362158846979,0,0,543,1458,68,1287,21,375,24,21
"629","2020-03-31",242,8,261,1019,6522,0.279362158846979,0,0,543,1458,69,1356,17,392,19,17
"630","2020-04-01",249,8,252,1008,6522,0.279362158846979,0,0,543,1458,71,1427,44,436,17,44
"631","2020-04-02",254,8,256,1035,6522,0.279362158846979,0,0,543,1458,75,1502,68,504,18,68
"632","2020-04-03",263,8,277,1050,6522,0.279362158846979,0,0,543,1458,62,1564,60,564,16,60
"633","2020-04-04",294,8,272,1047,6522,0.279362158846979,0,0,543,1458,75,1639,22,586,21,22
"634","2020-04-05",292,8,279,1057,6522,0.279362158846979,0,0,543,1458,67,1706,12,598,11,12
"635","2020-04-06",305,8,253,1047,6522,0.279362158846979,0,0,543,1458,67,1773,13,611,17,13
"636","2020-04-07",315,8,260,1037,6522,0.279362158846979,0,0,543,1458,80,1853,19,630,21,19
"637","2020-04-08",324,8,290,1052,6522,0.279362158846979,0,0,543,1458,61,1914,20,650,13,20
"638","2020-04-09",317,8,269,1037,6522,0.279362158846979,0,0,543,1458,70,1984,29,679,11,29
"639","2020-04-10",303,8,284,1034,6522,0.279362158846979,0,0,543,1458,69,2053,43,722,19,43
"640","2020-04-11",276,8,286,1028,6522,0.279362158846979,0,0,543,1458,77,2130,27,749,11,27
"641","2020-04-12",279,8,283,1059,6522,0.279362158846979,0,0,543,1458,65,2195,22,771,9,22
"642","2020-04-13",276,8,279,1090,6522,0.279362158846979,0,0,543,1458,58,2253,20,791,10,20
"643","2020-04-14",289,8,279,1078,6522,0.279362158846979,0,0,543,1458,59,2312,20,811,9,20
"644","2020-04-15",278,8,277,1081,6522,0.279362158846979,0,0,543,1458,71,2383,42,853,16,42
"645","2020-04-16",285,8,302,1075,6522,0.279362158846979,0,0,543,1458,67,2450,52,905,17,52
"646","2020-04-17",285,8,289,1072,6522,0.279362158846979,0,0,543,1458,85,2535,31,936,23,31
"647","2020-04-18",304,8,278,1096,6522,0.279362158846979,0,0,543,1458,77,2612,27,963,14,27
"648","2020-04-19",304,8,286,1110,6522,0.279362158846979,0,0,543,1458,74,2686,44,1007,16,44
"649","2020-04-20",316,8,332,1084,6522,0.279362158846979,0,0,543,1458,66,2752,33,1040,12,33
"650","2020-04-21",306,8,352,1065,6522,0.279362158846979,0,0,543,1458,85,2837,45,1085,12,45
"651","2020-04-22",312,8,330,1041,6522,0.279362158846979,0,0,543,1458,63,2900,27,1112,11,27
"652","2020-04-23",299,8,333,1024,6522,0.279362158846979,0,0,543,1458,71,2971,26,1138,15,26
"653","2020-04-24",316,8,335,1010,6522,0.279362158846979,0,0,543,1458,67,3038,37,1175,10,37
"654","2020-04-25",296,8,346,981,6522,0.279362158846979,0,0,543,1458,58,3096,29,1204,12,29
"655","2020-04-26",282,8,350,958,6522,0.279362158846979,0,0,543,1458,56,3152,34,1238,11,34
"656","2020-04-27",257,8,344,947,6522,0.279362158846979,0,0,543,1458,64,3216,17,1255,6,17
"657","2020-04-28",249,8,346,930,6522,0.279362158846979,0,0,543,1458,51,3267,27,1282,5,27
"658","2020-04-29",246,8,344,901,6522,0.279362158846979,0,0,543,1458,54,3321,13,1295,15,13
"659","2020-04-30",246,8,315,876,6522,0.279362158846979,0,0,543,1458,55,3376,15,1310,11,15
"660","2020-05-01",236,8,307,862,6522,0.279362158846979,0,0,543,1458,56,3432,15,1325,7,15
"661","2020-05-02",232,8,303,838,6522,0.279362158846979,0,0,543,1458,69,3501,18,1343,8,18
"662","2020-05-03",236,8,300,837,6522,0.279362158846979,0,0,543,1458,60,3561,11,1354,10,11
"663","2020-05-04",246,8,327,823,6522,0.279362158846979,0,0,543,1458,54,3615,17,1371,17,17
"664","2020-05-05",246,8,316,806,6522,0.279362158846979,0,0,543,1458,53,3668,38,1409,11,38
"665","2020-05-06",229,8,322,792,6522,0.279362158846979,0,0,543,1458,64,3732,25,1434,21,25
"666","2020-05-07",225,8,317,758,6522,0.279362158846979,0,0,543,1458,80,3812,43,1477,19,43
"667","2020-05-08",208,8,311,743,6522,0.279362158846979,0,0,543,1458,45,3857,42,1519,10,42
"668","2020-05-09",208,8,310,726,6522,0.279362158846979,0,0,543,1458,45,3902,53,1572,3,53
"669","2020-05-10",196,8,336,707,6522,0.279362158846979,0,0,543,1458,46,3948,54,1626,11,54
"670","2020-05-11",180,8,333,671,6522,0.279362158846979,0,0,543,1458,40,3988,54,1680,9,54
"671","2020-05-12",170,8,342,648,6522,0.279362158846979,0,0,543,1458,49,4037,62,1742,9,62
"672","2020-05-13",159,8,343,625,6522,0.279362158846979,0,0,543,1458,46,4083,71,1813,7,71
"673","2020-05-14",155,8,335,604,6522,0.279362158846979,0,0,543,1458,46,4129,40,1853,6,40
"674","2020-05-15",159,8,332,561,6522,0.279362158846979,0,0,543,1458,42,4171,39,1892,4,39
"675","2020-05-16",146,8,320,560,6522,0.279362158846979,0,0,543,1458,30,4201,30,1922,3,30
"676","2020-05-17",145,8,308,544,6522,0.279362158846979,0,0,543,1458,34,4235,28,1950,1,28
"677","2020-05-18",142,8,305,512,6522,0.279362158846979,0,0,543,1458,32,4267,22,1972,5,22
"678","2020-05-19",137,8,311,511,6522,0.279362158846979,0,0,543,1458,44,4311,10,1982,11,10
"679","2020-05-20",141,8,331,481,6522,0.279362158846979,0,0,543,1458,36,4347,11,1993,3,11
"680","2020-05-21",136,8,348,465,6522,0.279362158846979,0,0,543,1458,33,4380,12,2005,4,12
"681","2020-05-22",129,8,333,443,6522,0.279362158846979,0,0,543,1458,35,4415,27,2032,6,27
"682","2020-05-23",128,8,347,430,6522,0.279362158846979,0,0,543,1458,34,4449,28,2060,5,28
"683","2020-05-24",122,8,388,414,6522,0.279362158846979,0,0,543,1458,28,4477,18,2078,7,18
"684","2020-05-25",121,8,368,399,6522,0.279362158846979,0,0,543,1458,19,4496,45,2123,2,45
"685","2020-05-26",121,8,364,365,6522,0.279362158846979,0,0,543,1458,31,4527,32,2155,4,32
"686","2020-05-27",115,8,366,356,6522,0.279362158846979,0,0,543,1458,21,4548,20,2175,3,20
"687","2020-05-28",116,8,356,350,6522,0.279362158846979,0,0,543,1458,15,4563,21,2196,2,21
"688","2020-05-29",108,8,387,336,6522,0.279362158846979,0,0,543,1458,18,4581,21,2217,2,21
"689","2020-05-30",100,8,396,313,6522,0.279362158846979,0,0,543,1458,18,4599,37,2254,3,37
"690","2020-05-31",99,8,385,296,6522,0.279362158846979,0,0,543,1458,26,4625,31,2285,2,31
"691","2020-06-01",89,8,380,281,6522,0.279362158846979,0,0,543,1458,24,4649,40,2325,2,40
"692","2020-06-02",82,8,355,272,6522,0.279362158846979,0,0,543,1458,20,4669,19,2344,2,19
"693","2020-06-03",82,8,351,257,6522,0.279362158846979,0,0,543,1458,30,4699,19,2363,3,19
"694","2020-06-04",78,8,338,245,6522,0.279362158846979,0,0,543,1458,17,4716,37,2400,2,37
"695","2020-06-05",78,8,333,237,6522,0.279362158846979,0,0,543,1458,24,4740,32,2432,3,32
"696","2020-06-06",80,8,345,237,6522,0.279362158846979,0,0,543,1458,19,4759,15,2447,8,15
"697","2020-06-07",81,8,308,225,6522,0.279362158846979,0,0,543,1458,22,4781,13,2460,4,13
"698","2020-03-14",1,9,166,98,7800,0.943461538461538,0,0,649,1131,25,74,75,201,16,75
"699","2020-03-15",5,9,167,160,7800,0.943461538461538,0,0,649,1131,37,111,40,241,24,40
"700","2020-03-16",13,9,152,246,7800,0.943461538461538,0,0,649,1131,51,162,41,282,38,41
"701","2020-03-17",16,9,128,310,7800,0.943461538461538,0,0,649,1131,49,211,61,343,28,61
"702","2020-03-18",23,9,144,421,7800,0.943461538461538,0,0,649,1131,46,257,38,381,35,38
"703","2020-03-19",39,9,179,542,7800,0.943461538461538,0,0,649,1131,49,306,25,406,39,25
"704","2020-03-20",52,9,174,692,7800,0.943461538461538,0,0,649,1131,58,364,67,473,42,67
"705","2020-03-21",85,9,176,873,7800,0.943461538461538,0,0,649,1131,50,414,39,512,37,39
"706","2020-03-22",112,9,212,1072,7800,0.943461538461538,0,0,649,1131,61,475,14,526,46,14
"707","2020-03-23",136,9,194,1363,7800,0.943461538461538,0,0,649,1131,73,548,16,542,64,16
"708","2020-03-24",190,9,178,1669,7800,0.943461538461538,0,0,649,1131,83,631,8,550,70,8
"709","2020-03-25",237,9,190,1948,7800,0.943461538461538,0,0,649,1131,67,698,14,564,54,14
"710","2020-03-26",295,9,226,2275,7800,0.943461538461538,0,0,649,1131,88,786,12,576,74,12
"711","2020-03-27",368,9,231,2531,7800,0.943461538461538,0,0,649,1131,80,866,9,585,72,9
"712","2020-03-28",433,9,263,2904,7800,0.943461538461538,0,0,649,1131,113,979,12,597,101,12
"713","2020-03-29",516,9,251,3236,7800,0.943461538461538,0,0,649,1131,93,1072,19,616,80,19
"714","2020-03-30",613,9,232,3495,7800,0.943461538461538,0,0,649,1131,105,1177,60,676,96,60
"715","2020-03-31",685,9,257,3692,7800,0.943461538461538,0,0,649,1131,111,1288,30,706,97,30
"716","2020-04-01",798,9,284,3888,7800,0.943461538461538,0,0,649,1131,115,1403,13,719,106,13
"717","2020-04-02",892,9,265,4079,7800,0.943461538461538,0,0,649,1131,92,1495,43,762,86,43
"718","2020-04-03",972,9,234,4150,7800,0.943461538461538,0,0,649,1131,80,1575,40,802,69,40
"719","2020-04-04",1050,9,237,4159,7800,0.943461538461538,0,0,649,1131,101,1676,27,829,93,27
"720","2020-04-05",1085,9,204,4047,7800,0.943461538461538,0,0,649,1131,98,1774,20,849,84,20
"721","2020-04-06",1130,9,183,3923,7800,0.943461538461538,0,0,649,1131,113,1887,20,869,103,20
"722","2020-04-07",1170,9,187,3680,7800,0.943461538461538,0,0,649,1131,90,1977,17,886,78,17
"723","2020-04-08",1150,9,194,3447,7800,0.943461538461538,0,0,649,1131,103,2080,57,943,94,57
"724","2020-04-09",1112,9,236,3152,7800,0.943461538461538,0,0,649,1131,92,2172,32,975,75,32
"725","2020-04-10",1095,9,238,2834,7800,0.943461538461538,0,0,649,1131,94,2266,28,1003,82,28
"726","2020-04-11",1031,9,212,2493,7800,0.943461538461538,0,0,649,1131,85,2351,37,1040,69,37
"727","2020-04-12",994,9,187,2235,7800,0.943461538461538,0,0,649,1131,88,2439,26,1066,78,26
"728","2020-04-13",918,9,178,1948,7800,0.943461538461538,0,0,649,1131,99,2538,11,1077,90,11
"729","2020-04-14",808,9,170,1666,7800,0.943461538461538,0,0,649,1131,88,2626,20,1097,76,20
"730","2020-04-15",718,9,207,1398,7800,0.943461538461538,0,0,649,1131,101,2727,17,1114,86,17
"731","2020-04-16",646,9,243,1169,7800,0.943461538461538,0,0,649,1131,99,2826,43,1157,83,43
"732","2020-04-17",541,9,214,958,7800,0.943461538461538,0,0,649,1131,101,2927,18,1175,90,18
"733","2020-04-18",474,9,179,790,7800,0.943461538461538,0,0,649,1131,70,2997,14,1189,63,14
"734","2020-04-19",395,9,184,627,7800,0.943461538461538,0,0,649,1131,84,3081,12,1201,75,12
"735","2020-04-20",322,9,203,531,7800,0.943461538461538,0,0,649,1131,104,3185,16,1217,86,16
"736","2020-04-21",286,9,241,441,7800,0.943461538461538,0,0,649,1131,77,3262,10,1227,66,10
"737","2020-04-22",246,9,247,374,7800,0.943461538461538,0,0,649,1131,84,3346,10,1237,75,10
"738","2020-04-23",204,9,221,298,7800,0.943461538461538,0,0,649,1131,76,3422,13,1250,64,13
"739","2020-04-24",175,9,189,250,7800,0.943461538461538,0,0,649,1131,84,3506,11,1261,67,11
"740","2020-04-25",143,9,187,213,7800,0.943461538461538,0,0,649,1131,74,3580,63,1324,60,63
"741","2020-04-26",116,9,232,170,7800,0.943461538461538,0,0,649,1131,64,3644,54,1378,54,54
"742","2020-04-27",97,9,254,141,7800,0.943461538461538,0,0,649,1131,47,3691,24,1402,41,24
"743","2020-04-28",81,9,269,124,7800,0.943461538461538,0,0,649,1131,62,3753,16,1418,53,16
"744","2020-04-29",70,9,284,100,7800,0.943461538461538,0,0,649,1131,64,3817,27,1445,55,27
"745","2020-04-30",56,9,278,86,7800,0.943461538461538,0,0,649,1131,59,3876,15,1460,46,15
"746","2020-05-01",45,9,284,84,7800,0.943461538461538,0,0,649,1131,47,3923,15,1475,34,15
"747","2020-05-02",35,9,307,72,7800,0.943461538461538,0,0,649,1131,56,3979,12,1487,45,12
"748","2020-05-03",31,9,307,63,7800,0.943461538461538,0,0,649,1131,47,4026,10,1497,33,10
"749","2020-05-04",26,9,301,62,7800,0.943461538461538,0,0,649,1131,49,4075,14,1511,37,14
"750","2020-05-05",20,9,294,60,7800,0.943461538461538,0,0,649,1131,38,4113,12,1523,29,12
"751","2020-05-06",20,9,274,57,7800,0.943461538461538,0,0,649,1131,49,4162,9,1532,35,9
"752","2020-05-07",23,9,285,53,7800,0.943461538461538,0,0,649,1131,40,4202,19,1551,32,19
"753","2020-05-08",22,9,283,54,7800,0.943461538461538,0,0,649,1131,43,4245,59,1610,34,59
"754","2020-05-09",20,9,271,56,7800,0.943461538461538,0,0,649,1131,47,4292,31,1641,42,31
"755","2020-05-10",21,9,242,54,7800,0.943461538461538,0,0,649,1131,51,4343,26,1667,42,26
"756","2020-05-11",21,9,253,49,7800,0.943461538461538,0,0,649,1131,43,4386,11,1678,34,11
"757","2020-05-12",22,9,292,45,7800,0.943461538461538,0,0,649,1131,42,4428,8,1686,33,8
"758","2020-05-13",17,9,267,42,7800,0.943461538461538,0,0,649,1131,36,4464,14,1700,32,14
"759","2020-05-14",12,9,260,43,7800,0.943461538461538,0,0,649,1131,36,4500,60,1760,25,60
"760","2020-05-15",11,9,232,39,7800,0.943461538461538,0,0,649,1131,22,4522,32,1792,17,32
"761","2020-05-16",11,9,213,36,7800,0.943461538461538,0,0,649,1131,26,4548,23,1815,19,23
"762","2020-05-17",9,9,207,31,7800,0.943461538461538,0,0,649,1131,28,4576,22,1837,21,22
"763","2020-05-18",8,9,188,27,7800,0.943461538461538,0,0,649,1131,33,4609,30,1867,22,30
"764","2020-05-19",7,9,178,21,7800,0.943461538461538,0,0,649,1131,22,4631,20,1887,16,20
"765","2020-05-20",8,9,156,19,7800,0.943461538461538,0,0,649,1131,26,4657,14,1901,23,14
"766","2020-05-21",9,9,133,16,7800,0.943461538461538,0,0,649,1131,38,4695,33,1934,31,33
"767","2020-05-22",8,9,130,17,7800,0.943461538461538,0,0,649,1131,25,4720,22,1956,19,22
"768","2020-05-23",7,9,119,16,7800,0.943461538461538,0,0,649,1131,19,4739,34,1990,17,34
"769","2020-05-24",6,9,130,13,7800,0.943461538461538,0,0,649,1131,22,4761,43,2033,15,43
"770","2020-05-25",6,9,183,19,7800,0.943461538461538,0,0,649,1131,25,4786,31,2064,23,31
"771","2020-05-26",5,9,188,20,7800,0.943461538461538,0,0,649,1131,17,4803,16,2080,12,16
"772","2020-05-27",4,9,168,23,7800,0.943461538461538,0,0,649,1131,11,4814,16,2096,9,16
"773","2020-05-28",4,9,170,22,7800,0.943461538461538,0,0,649,1131,20,4834,18,2114,14,18
"774","2020-05-29",4,9,176,20,7800,0.943461538461538,0,0,649,1131,16,4850,11,2125,13,11
"775","2020-05-30",3,9,178,18,7800,0.943461538461538,0,0,649,1131,16,4866,42,2167,14,42
"776","2020-05-31",3,9,173,20,7800,0.943461538461538,0,0,649,1131,20,4886,24,2191,18,24
"777","2020-06-01",3,9,169,19,7800,0.943461538461538,0,0,649,1131,18,4904,12,2203,13,12
"778","2020-06-02",4,9,168,18,7800,0.943461538461538,0,0,649,1131,13,4917,8,2211,8,8
"779","2020-06-03",5,9,200,20,7800,0.943461538461538,0,0,649,1131,15,4932,10,2221,14,10
"780","2020-06-04",5,9,213,21,7800,0.943461538461538,0,0,649,1131,14,4946,57,2278,11,57
"781","2020-06-05",4,9,212,25,7800,0.943461538461538,0,0,649,1131,12,4958,42,2320,9,42
"782","2020-06-06",7,9,214,25,7800,0.943461538461538,0,0,649,1131,15,4973,59,2379,10,59
"783","2020-06-07",9,9,202,24,7800,0.943461538461538,0,0,649,1131,14,4987,57,2436,11,57
"784","2020-03-12",1,10,73,42,2823,0.453064116188452,0,0,248,1470,56,93,16,44,4,16
"785","2020-03-13",1,10,116,64,2823,0.453064116188452,0,0,248,1470,45,138,8,52,13,8
"786","2020-03-14",1,10,145,88,2823,0.453064116188452,0,0,248,1470,56,194,3,55,12,3
"787","2020-03-15",3,10,161,116,2823,0.453064116188452,0,0,248,1470,55,249,16,71,20,16
"788","2020-03-16",8,10,204,143,2823,0.453064116188452,0,0,248,1470,60,309,32,103,28,32
"789","2020-03-17",15,10,243,168,2823,0.453064116188452,0,0,248,1470,74,383,11,114,44,11
"790","2020-03-18",21,10,256,187,2823,0.453064116188452,0,0,248,1470,93,476,9,123,44,9
"791","2020-03-19",28,10,256,207,2823,0.453064116188452,0,0,248,1470,87,563,20,143,50,20
"792","2020-03-20",38,10,216,220,2823,0.453064116188452,0,0,248,1470,82,645,32,175,46,32
"793","2020-03-21",51,10,186,222,2823,0.453064116188452,0,0,248,1470,87,732,47,222,54,47
"794","2020-03-22",54,10,184,242,2823,0.453064116188452,0,0,248,1470,104,836,23,245,59,23
"795","2020-03-23",57,10,179,258,2823,0.453064116188452,0,0,248,1470,91,927,46,291,52,46
"796","2020-03-24",61,10,178,278,2823,0.453064116188452,0,0,248,1470,112,1039,19,310,71,19
"797","2020-03-25",64,10,175,276,2823,0.453064116188452,0,0,248,1470,116,1155,22,332,71,22
"798","2020-03-26",69,10,166,275,2823,0.453064116188452,0,0,248,1470,110,1265,16,348,65,16
"799","2020-03-27",69,10,175,280,2823,0.453064116188452,0,0,248,1470,110,1375,17,365,77,17
"800","2020-03-28",67,10,156,297,2823,0.453064116188452,0,0,248,1470,124,1499,47,412,89,47
"801","2020-03-29",76,10,164,284,2823,0.453064116188452,0,0,248,1470,116,1615,25,437,75,25
"802","2020-03-30",82,10,161,298,2823,0.453064116188452,0,0,248,1470,100,1715,41,478,65,41
"803","2020-03-31",80,10,148,324,2823,0.453064116188452,0,0,248,1470,142,1857,33,511,100,33
"804","2020-04-01",83,10,160,348,2823,0.453064116188452,0,0,248,1470,105,1962,62,573,57,62
"805","2020-04-02",80,10,215,367,2823,0.453064116188452,0,0,248,1470,100,2062,43,616,67,43
"806","2020-04-03",84,10,217,376,2823,0.453064116188452,0,0,248,1470,117,2179,31,647,69,31
"807","2020-04-04",89,10,211,384,2823,0.453064116188452,0,0,248,1470,109,2288,15,662,64,15
"808","2020-04-05",89,10,226,387,2823,0.453064116188452,0,0,248,1470,93,2381,15,677,62,15
"809","2020-04-06",91,10,215,388,2823,0.453064116188452,0,0,248,1470,101,2482,38,715,57,38
"810","2020-04-07",104,10,197,401,2823,0.453064116188452,0,0,248,1470,121,2603,19,734,77,19
"811","2020-04-08",111,10,183,415,2823,0.453064116188452,0,0,248,1470,97,2700,13,747,47,13
"812","2020-04-09",116,10,175,409,2823,0.453064116188452,0,0,248,1470,101,2801,11,758,60,11
"813","2020-04-10",120,10,160,414,2823,0.453064116188452,0,0,248,1470,98,2899,11,769,61,11
"814","2020-04-11",129,10,222,427,2823,0.453064116188452,0,0,248,1470,90,2989,16,785,52,16
"815","2020-04-12",127,10,252,441,2823,0.453064116188452,0,0,248,1470,89,3078,18,803,54,18
"816","2020-04-13",133,10,224,433,2823,0.453064116188452,0,0,248,1470,88,3166,43,846,61,43
"817","2020-04-14",140,10,269,431,2823,0.453064116188452,0,0,248,1470,95,3261,60,906,54,60
"818","2020-04-15",141,10,245,446,2823,0.453064116188452,0,0,248,1470,83,3344,41,947,46,41
"819","2020-04-16",143,10,225,425,2823,0.453064116188452,0,0,248,1470,76,3420,52,999,45,52
"820","2020-04-17",146,10,209,421,2823,0.453064116188452,0,0,248,1470,71,3491,29,1028,35,29
"821","2020-04-18",140,10,191,415,2823,0.453064116188452,0,0,248,1470,80,3571,29,1057,46,29
"822","2020-04-19",150,10,189,412,2823,0.453064116188452,0,0,248,1470,105,3676,56,1113,54,56
"823","2020-04-20",146,10,217,419,2823,0.453064116188452,0,0,248,1470,64,3740,22,1135,34,22
"824","2020-04-21",131,10,221,423,2823,0.453064116188452,0,0,248,1470,83,3823,56,1191,49,56
"825","2020-04-22",129,10,226,418,2823,0.453064116188452,0,0,248,1470,57,3880,54,1245,33,54
"826","2020-04-23",127,10,224,407,2823,0.453064116188452,0,0,248,1470,74,3954,75,1320,39,75
"827","2020-04-24",123,10,268,401,2823,0.453064116188452,0,0,248,1470,75,4029,36,1356,34,36
"828","2020-04-25",117,10,253,384,2823,0.453064116188452,0,0,248,1470,69,4098,23,1379,33,23
"829","2020-04-26",118,10,254,384,2823,0.453064116188452,0,0,248,1470,66,4164,24,1403,38,24
"830","2020-04-27",113,10,277,389,2823,0.453064116188452,0,0,248,1470,76,4240,15,1418,37,15
"831","2020-04-28",114,10,259,381,2823,0.453064116188452,0,0,248,1470,62,4302,12,1430,27,12
"832","2020-04-29",111,10,261,367,2823,0.453064116188452,0,0,248,1470,61,4363,11,1441,33,11
"833","2020-04-30",109,10,251,373,2823,0.453064116188452,0,0,248,1470,62,4425,7,1448,33,7
"834","2020-05-01",105,10,224,360,2823,0.453064116188452,0,0,248,1470,60,4485,19,1467,28,19
"835","2020-05-02",103,10,214,359,2823,0.453064116188452,0,0,248,1470,55,4540,17,1484,16,17
"836","2020-05-03",101,10,212,361,2823,0.453064116188452,0,0,248,1470,44,4584,57,1541,22,57
"837","2020-05-04",106,10,212,364,2823,0.453064116188452,0,0,248,1470,49,4633,23,1564,18,23
"838","2020-05-05",105,10,190,355,2823,0.453064116188452,0,0,248,1470,47,4680,13,1577,22,13
"839","2020-05-06",106,10,176,351,2823,0.453064116188452,0,0,248,1470,51,4731,19,1596,20,19
"840","2020-05-07",104,10,175,347,2823,0.453064116188452,0,0,248,1470,56,4787,41,1637,23,41
"841","2020-05-08",104,10,188,344,2823,0.453064116188452,0,0,248,1470,47,4834,44,1681,22,44
"842","2020-05-09",101,10,172,340,2823,0.453064116188452,0,0,248,1470,47,4881,31,1712,20,31
"843","2020-05-10",88,10,176,347,2823,0.453064116188452,0,0,248,1470,34,4915,13,1725,13,13
"844","2020-05-11",88,10,182,355,2823,0.453064116188452,0,0,248,1470,44,4959,12,1737,20,12
"845","2020-05-12",90,10,181,361,2823,0.453064116188452,0,0,248,1470,23,4982,30,1767,10,30
"846","2020-05-13",85,10,162,354,2823,0.453064116188452,0,0,248,1470,33,5015,50,1817,14,50
"847","2020-05-14",84,10,150,366,2823,0.453064116188452,0,0,248,1470,40,5055,37,1854,20,37
"848","2020-05-15",89,10,149,372,2823,0.453064116188452,0,0,248,1470,45,5100,48,1902,24,48
"849","2020-05-16",95,10,152,378,2823,0.453064116188452,0,0,248,1470,27,5127,33,1935,15,33
"850","2020-05-17",105,10,162,392,2823,0.453064116188452,0,0,248,1470,28,5155,42,1977,8,42
"851","2020-05-18",107,10,162,397,2823,0.453064116188452,0,0,248,1470,27,5182,30,2007,13,30
"852","2020-05-19",101,10,187,388,2823,0.453064116188452,0,0,248,1470,33,5215,22,2029,12,22
"853","2020-05-20",108,10,200,394,2823,0.453064116188452,0,0,248,1470,29,5244,43,2072,13,43
"854","2020-05-21",116,10,222,397,2823,0.453064116188452,0,0,248,1470,21,5265,20,2092,9,20
"855","2020-05-22",109,10,209,405,2823,0.453064116188452,0,0,248,1470,28,5293,23,2115,13,23
"856","2020-05-23",115,10,218,399,2823,0.453064116188452,0,0,248,1470,20,5313,41,2156,8,41
"857","2020-05-24",111,10,211,379,2823,0.453064116188452,0,0,248,1470,34,5347,25,2181,15,25
"858","2020-05-25",105,10,193,369,2823,0.453064116188452,0,0,248,1470,30,5377,21,2202,13,21
"859","2020-05-26",106,10,200,358,2823,0.453064116188452,0,0,248,1470,41,5418,31,2233,12,31
"860","2020-05-27",105,10,228,350,2823,0.453064116188452,0,0,248,1470,27,5445,20,2253,12,20
"861","2020-05-28",102,10,221,342,2823,0.453064116188452,0,0,248,1470,18,5463,11,2264,9,11
"862","2020-05-29",98,10,180,312,2823,0.453064116188452,0,0,248,1470,28,5491,12,2276,12,12
"863","2020-05-30",92,10,170,300,2823,0.453064116188452,0,0,248,1470,18,5509,12,2288,6,12
"864","2020-05-31",93,10,168,274,2823,0.453064116188452,0,0,248,1470,18,5527,28,2316,6,28
"865","2020-06-01",96,10,208,267,2823,0.453064116188452,0,0,248,1470,21,5548,13,2329,11,13
"866","2020-06-02",95,10,243,256,2823,0.453064116188452,0,0,248,1470,7,5555,14,2343,4,14
"867","2020-06-03",90,10,225,243,2823,0.453064116188452,0,0,248,1470,20,5575,14,2357,9,14
"868","2020-06-04",87,10,230,236,2823,0.453064116188452,0,0,248,1470,11,5586,12,2369,3,12
"869","2020-06-05",87,10,220,229,2823,0.453064116188452,0,0,248,1470,19,5605,19,2388,6,19
"870","2020-06-06",79,10,211,217,2823,0.453064116188452,0,0,248,1470,17,5622,19,2407,3,19
"871","2020-06-07",70,10,212,205,2823,0.453064116188452,0,0,248,1470,19,5641,28,2435,9,28
"872","2020-03-13",2,11,143,157,6023,0.248713265814378,0,0,478,1261,95,247,32,135,12,32
"873","2020-03-14",5,11,148,210,6023,0.248713265814378,0,0,478,1261,90,337,28,163,14,28
"874","2020-03-15",11,11,198,273,6023,0.248713265814378,0,0,478,1261,112,449,33,196,36,33
"875","2020-03-16",22,11,235,337,6023,0.248713265814378,0,0,478,1261,100,549,27,223,33,27
"876","2020-03-17",30,11,230,393,6023,0.248713265814378,0,0,478,1261,114,663,70,293,48,70
"877","2020-03-18",45,11,260,463,6023,0.248713265814378,0,0,478,1261,108,771,40,333,44,40
"878","2020-03-19",74,11,248,519,6023,0.248713265814378,0,0,478,1261,108,879,27,360,43,27
"879","2020-03-20",90,11,249,568,6023,0.248713265814378,0,0,478,1261,122,1001,44,404,60,44
"880","2020-03-21",115,11,234,630,6023,0.248713265814378,0,0,478,1261,132,1133,47,451,48,47
"881","2020-03-22",144,11,264,681,6023,0.248713265814378,0,0,478,1261,106,1239,45,496,44,45
"882","2020-03-23",157,11,253,730,6023,0.248713265814378,0,0,478,1261,110,1349,44,540,37,44
"883","2020-03-24",178,11,267,753,6023,0.248713265814378,0,0,478,1261,112,1461,37,577,36,37
"884","2020-03-25",198,11,253,783,6023,0.248713265814378,0,0,478,1261,116,1577,34,611,49,34
"885","2020-03-26",197,11,219,819,6023,0.248713265814378,0,0,478,1261,131,1708,24,635,56,24
"886","2020-03-27",217,11,203,851,6023,0.248713265814378,0,0,478,1261,121,1829,42,677,47,42
"887","2020-03-28",221,11,220,870,6023,0.248713265814378,0,0,478,1261,119,1948,40,717,51,40
"888","2020-03-29",227,11,219,896,6023,0.248713265814378,0,0,478,1261,119,2067,34,751,43,34
"889","2020-03-30",236,11,184,918,6023,0.248713265814378,0,0,478,1261,101,2168,42,793,41,42
"890","2020-03-31",239,11,217,926,6023,0.248713265814378,0,0,478,1261,121,2289,35,828,53,35
"891","2020-04-01",230,11,241,971,6023,0.248713265814378,0,0,478,1261,104,2393,36,864,49,36
"892","2020-04-02",232,11,255,985,6023,0.248713265814378,0,0,478,1261,100,2493,50,914,34,50
"893","2020-04-03",231,11,196,1005,6023,0.248713265814378,0,0,478,1261,128,2621,33,947,44,33
"894","2020-04-04",240,11,178,1001,6023,0.248713265814378,0,0,478,1261,106,2727,23,970,36,23
"895","2020-04-05",238,11,172,1016,6023,0.248713265814378,0,0,478,1261,102,2829,52,1022,29,52
"896","2020-04-06",256,11,149,1047,6023,0.248713265814378,0,0,478,1261,117,2946,44,1066,38,44
"897","2020-04-07",273,11,151,1084,6023,0.248713265814378,0,0,478,1261,108,3054,33,1099,37,33
"898","2020-04-08",288,11,140,1110,6023,0.248713265814378,0,0,478,1261,134,3188,47,1146,47,47
"899","2020-04-09",299,11,127,1130,6023,0.248713265814378,0,0,478,1261,102,3290,53,1199,44,53
"900","2020-04-10",299,11,132,1139,6023,0.248713265814378,0,0,478,1261,114,3404,41,1240,41,41
"901","2020-04-11",310,11,181,1157,6023,0.248713265814378,0,0,478,1261,96,3500,41,1281,35,41
"902","2020-04-12",328,11,184,1179,6023,0.248713265814378,0,0,478,1261,105,3605,40,1321,35,40
"903","2020-04-13",328,11,242,1161,6023,0.248713265814378,0,0,478,1261,96,3701,55,1376,32,55
"904","2020-04-14",326,11,238,1143,6023,0.248713265814378,0,0,478,1261,94,3795,61,1437,32,61
"905","2020-04-15",328,11,247,1119,6023,0.248713265814378,0,0,478,1261,97,3892,42,1479,29,42
"906","2020-04-16",335,11,248,1107,6023,0.248713265814378,0,0,478,1261,88,3980,30,1509,28,30
"907","2020-04-17",346,11,258,1087,6023,0.248713265814378,0,0,478,1261,80,4060,28,1537,22,28
"908","2020-04-18",332,11,239,1067,6023,0.248713265814378,0,0,478,1261,93,4153,44,1581,21,44
"909","2020-04-19",325,11,254,1015,6023,0.248713265814378,0,0,478,1261,88,4241,33,1614,21,33
"910","2020-04-20",310,11,280,985,6023,0.248713265814378,0,0,478,1261,78,4319,21,1635,27,21
"911","2020-04-21",304,11,286,984,6023,0.248713265814378,0,0,478,1261,86,4405,18,1653,30,18
"912","2020-04-22",306,11,315,929,6023,0.248713265814378,0,0,478,1261,76,4481,35,1688,14,35
"913","2020-04-23",292,11,282,896,6023,0.248713265814378,0,0,478,1261,69,4550,39,1727,20,39
"914","2020-04-24",274,11,251,869,6023,0.248713265814378,0,0,478,1261,74,4624,31,1758,18,31
"915","2020-04-25",274,11,228,838,6023,0.248713265814378,0,0,478,1261,80,4704,55,1813,16,55
"916","2020-04-26",257,11,272,841,6023,0.248713265814378,0,0,478,1261,70,4774,43,1856,18,43
"917","2020-04-27",245,11,286,814,6023,0.248713265814378,0,0,478,1261,59,4833,52,1908,17,52
"918","2020-04-28",231,11,272,813,6023,0.248713265814378,0,0,478,1261,67,4900,59,1967,16,59
"919","2020-04-29",223,11,273,793,6023,0.248713265814378,0,0,478,1261,65,4965,47,2014,17,47
"920","2020-04-30",231,11,258,780,6023,0.248713265814378,0,0,478,1261,63,5028,40,2054,20,40
"921","2020-05-01",226,11,255,756,6023,0.248713265814378,0,0,478,1261,69,5097,32,2086,11,32
"922","2020-05-02",221,11,253,737,6023,0.248713265814378,0,0,478,1261,55,5152,33,2119,14,33
"923","2020-05-03",208,11,238,726,6023,0.248713265814378,0,0,478,1261,57,5209,35,2154,16,35
"924","2020-05-04",218,11,291,718,6023,0.248713265814378,0,0,478,1261,63,5272,32,2186,12,32
"925","2020-05-05",231,11,339,717,6023,0.248713265814378,0,0,478,1261,67,5339,40,2226,15,40
"926","2020-05-06",220,11,323,706,6023,0.248713265814378,0,0,478,1261,46,5385,36,2262,10,36
"927","2020-05-07",200,11,284,691,6023,0.248713265814378,0,0,478,1261,44,5429,35,2297,11,35
"928","2020-05-08",206,11,251,687,6023,0.248713265814378,0,0,478,1261,45,5474,41,2338,12,41
"929","2020-05-09",201,11,226,683,6023,0.248713265814378,0,0,478,1261,47,5521,26,2364,10,26
"930","2020-05-10",207,11,205,674,6023,0.248713265814378,0,0,478,1261,58,5579,28,2392,15,28
"931","2020-05-11",204,11,191,662,6023,0.248713265814378,0,0,478,1261,36,5615,39,2431,8,39
"932","2020-05-12",190,11,176,655,6023,0.248713265814378,0,0,478,1261,43,5658,41,2472,11,41
"933","2020-05-13",183,11,160,608,6023,0.248713265814378,0,0,478,1261,43,5701,41,2513,9,41
"934","2020-05-14",179,11,161,607,6023,0.248713265814378,0,0,478,1261,45,5746,29,2542,11,29
"935","2020-05-15",177,11,166,580,6023,0.248713265814378,0,0,478,1261,45,5791,45,2587,9,45
"936","2020-05-16",165,11,228,574,6023,0.248713265814378,0,0,478,1261,40,5831,37,2624,10,37
"937","2020-05-17",165,11,325,563,6023,0.248713265814378,0,0,478,1261,49,5880,61,2685,13,61
"938","2020-05-18",157,11,342,550,6023,0.248713265814378,0,0,478,1261,47,5927,39,2724,17,39
"939","2020-05-19",149,11,326,522,6023,0.248713265814378,0,0,478,1261,29,5956,43,2767,6,43
"940","2020-05-20",144,11,309,502,6023,0.248713265814378,0,0,478,1261,30,5986,36,2803,8,36
"941","2020-05-21",143,11,336,469,6023,0.248713265814378,0,0,478,1261,27,6013,36,2839,7,36
"942","2020-05-22",137,11,287,447,6023,0.248713265814378,0,0,478,1261,30,6043,40,2879,7,40
"943","2020-05-23",139,11,264,431,6023,0.248713265814378,0,0,478,1261,22,6065,28,2907,2,28
"944","2020-05-24",132,11,228,410,6023,0.248713265814378,0,0,478,1261,24,6089,41,2948,6,41
"945","2020-05-25",126,11,268,386,6023,0.248713265814378,0,0,478,1261,25,6114,35,2983,4,35
"946","2020-05-26",118,11,305,363,6023,0.248713265814378,0,0,478,1261,24,6138,37,3020,6,37
"947","2020-05-27",119,11,305,346,6023,0.248713265814378,0,0,478,1261,26,6164,37,3057,4,37
"948","2020-05-28",110,11,305,331,6023,0.248713265814378,0,0,478,1261,19,6183,36,3093,2,36
"949","2020-05-29",100,11,285,310,6023,0.248713265814378,0,0,478,1261,23,6206,45,3138,5,45
"950","2020-05-30",102,11,247,287,6023,0.248713265814378,0,0,478,1261,19,6225,37,3175,5,37
"951","2020-05-31",98,11,239,271,6023,0.248713265814378,0,0,478,1261,13,6238,43,3218,3,43
"952","2020-06-01",93,11,266,254,6023,0.248713265814378,0,0,478,1261,12,6250,28,3246,NA,28
"953","2020-06-02",95,11,276,242,6023,0.248713265814378,0,0,478,1261,12,6262,41,3287,3,41
"954","2020-06-03",88,11,285,232,6023,0.248713265814378,0,0,478,1261,16,6278,39,3326,6,39
"955","2020-06-04",91,11,290,220,6023,0.248713265814378,0,0,478,1261,11,6289,29,3355,1,29
"956","2020-06-05",86,11,258,220,6023,0.248713265814378,0,0,478,1261,14,6303,29,3384,1,29
"957","2020-06-06",75,11,229,212,6023,0.248713265814378,0,0,478,1261,13,6316,22,3406,2,22
"958","2020-06-07",66,11,255,205,6023,0.248713265814378,0,0,478,1261,8,6324,34,3440,2,34
"959","2020-03-12",1,12,46,120,6549,0.180485570316079,0,0,554,1042,49,86,42,60,6,42
"960","2020-03-13",3,12,53,178,6549,0.180485570316079,0,0,554,1042,51,137,45,105,16,45
"961","2020-03-14",9,12,73,247,6549,0.180485570316079,0,0,554,1042,56,193,25,130,29,25
"962","2020-03-15",19,12,88,326,6549,0.180485570316079,0,0,554,1042,58,251,24,154,26,24
"963","2020-03-16",30,12,100,415,6549,0.180485570316079,0,0,554,1042,54,305,44,198,31,44
"964","2020-03-17",50,12,95,493,6549,0.180485570316079,0,0,554,1042,70,375,56,254,35,56
"965","2020-03-18",75,12,109,584,6549,0.180485570316079,0,0,554,1042,84,459,57,311,51,57
"966","2020-03-19",93,12,145,656,6549,0.180485570316079,0,0,554,1042,84,543,30,341,50,30
"967","2020-03-20",116,12,158,709,6549,0.180485570316079,0,0,554,1042,83,626,55,396,52,55
"968","2020-03-21",147,12,156,770,6549,0.180485570316079,0,0,554,1042,85,711,42,438,57,42
"969","2020-03-22",179,12,163,844,6549,0.180485570316079,0,0,554,1042,113,824,41,479,72,41
"970","2020-03-23",214,12,170,911,6549,0.180485570316079,0,0,554,1042,110,934,30,509,76,30
"971","2020-03-24",221,12,212,951,6549,0.180485570316079,0,0,554,1042,101,1035,55,564,70,55
"972","2020-03-25",229,12,206,975,6549,0.180485570316079,0,0,554,1042,98,1133,26,590,62,26
"973","2020-03-26",243,12,229,980,6549,0.180485570316079,0,0,554,1042,116,1249,28,618,85,28
"974","2020-03-27",258,12,238,1002,6549,0.180485570316079,0,0,554,1042,96,1345,48,666,63,48
"975","2020-03-28",251,12,261,1012,6549,0.180485570316079,0,0,554,1042,114,1459,46,712,73,46
"976","2020-03-29",245,12,252,1025,6549,0.180485570316079,0,0,554,1042,119,1578,45,757,80,45
"977","2020-03-30",250,12,264,1025,6549,0.180485570316079,0,0,554,1042,105,1683,25,782,77,25
"978","2020-03-31",254,12,282,1040,6549,0.180485570316079,0,0,554,1042,103,1786,18,800,73,18
"979","2020-04-01",265,12,259,1046,6549,0.180485570316079,0,0,554,1042,137,1923,27,827,103,27
"980","2020-04-02",267,12,262,1038,6549,0.180485570316079,0,0,554,1042,117,2040,28,855,85,28
"981","2020-04-03",269,12,243,1043,6549,0.180485570316079,0,0,554,1042,108,2148,8,863,80,8
"982","2020-04-04",268,12,237,1052,6549,0.180485570316079,0,0,554,1042,116,2264,7,870,83,7
"983","2020-04-05",269,12,225,1062,6549,0.180485570316079,0,0,554,1042,116,2380,41,911,76,41
"984","2020-04-06",256,12,226,1038,6549,0.180485570316079,0,0,554,1042,109,2489,22,933,77,22
"985","2020-04-07",257,12,231,1021,6549,0.180485570316079,0,0,554,1042,95,2584,51,984,66,51
"986","2020-04-08",256,12,228,1024,6549,0.180485570316079,0,0,554,1042,96,2680,42,1026,73,42
"987","2020-04-09",256,12,232,1028,6549,0.180485570316079,0,0,554,1042,114,2794,28,1054,87,28
"988","2020-04-10",253,12,267,1033,6549,0.180485570316079,0,0,554,1042,119,2913,45,1099,79,45
"989","2020-04-11",264,12,259,1017,6549,0.180485570316079,0,0,554,1042,73,2986,48,1147,51,48
"990","2020-04-12",257,12,261,1013,6549,0.180485570316079,0,0,554,1042,102,3088,37,1184,72,37
"991","2020-04-13",264,12,249,1009,6549,0.180485570316079,0,0,554,1042,108,3196,71,1255,64,71
"992","2020-04-14",278,12,254,999,6549,0.180485570316079,0,0,554,1042,63,3259,65,1320,38,65
"993","2020-04-15",284,12,232,1000,6549,0.180485570316079,0,0,554,1042,89,3348,49,1369,60,49
"994","2020-04-16",291,12,242,994,6549,0.180485570316079,0,0,554,1042,78,3426,67,1436,51,67
"995","2020-04-17",284,12,237,992,6549,0.180485570316079,0,0,554,1042,92,3518,59,1495,52,59
"996","2020-04-18",285,12,232,987,6549,0.180485570316079,0,0,554,1042,84,3602,32,1527,48,32
"997","2020-04-19",303,12,233,982,6549,0.180485570316079,0,0,554,1042,97,3699,26,1553,69,26
"998","2020-04-20",305,12,242,983,6549,0.180485570316079,0,0,554,1042,74,3773,29,1582,46,29
"999","2020-04-21",296,12,242,971,6549,0.180485570316079,0,0,554,1042,64,3837,23,1605,35,23
"1000","2020-04-22",272,12,275,971,6549,0.180485570316079,0,0,554,1042,80,3917,49,1654,48,49
"1001","2020-04-23",264,12,267,959,6549,0.180485570316079,0,0,554,1042,71,3988,48,1702,39,48
"1002","2020-04-24",270,12,256,919,6549,0.180485570316079,0,0,554,1042,68,4056,37,1739,35,37
"1003","2020-04-25",259,12,231,917,6549,0.180485570316079,0,0,554,1042,74,4130,34,1773,50,34
"1004","2020-04-26",234,12,225,891,6549,0.180485570316079,0,0,554,1042,76,4206,45,1818,44,45
"1005","2020-04-27",226,12,206,877,6549,0.180485570316079,0,0,554,1042,66,4272,40,1858,43,40
"1006","2020-04-28",223,12,209,875,6549,0.180485570316079,0,0,554,1042,48,4320,31,1889,28,31
"1007","2020-04-29",222,12,235,852,6549,0.180485570316079,0,0,554,1042,70,4390,19,1908,37,19
"1008","2020-04-30",221,12,265,860,6549,0.180485570316079,0,0,554,1042,59,4449,25,1933,31,25
"1009","2020-05-01",218,12,255,845,6549,0.180485570316079,0,0,554,1042,65,4514,16,1949,40,16
"1010","2020-05-02",212,12,236,824,6549,0.180485570316079,0,0,554,1042,65,4579,53,2002,37,53
"1011","2020-05-03",211,12,243,801,6549,0.180485570316079,0,0,554,1042,51,4630,27,2029,22,27
"1012","2020-05-04",200,12,270,793,6549,0.180485570316079,0,0,554,1042,56,4686,18,2047,35,18
"1013","2020-05-05",200,12,255,786,6549,0.180485570316079,0,0,554,1042,60,4746,13,2060,29,13
"1014","2020-05-06",203,12,271,786,6549,0.180485570316079,0,0,554,1042,50,4796,23,2083,26,23
"1015","2020-05-07",197,12,303,753,6549,0.180485570316079,0,0,554,1042,49,4845,36,2119,28,36
"1016","2020-05-08",202,12,325,746,6549,0.180485570316079,0,0,554,1042,40,4885,23,2142,25,23
"1017","2020-05-09",208,12,324,724,6549,0.180485570316079,0,0,554,1042,39,4924,22,2164,22,22
"1018","2020-05-10",211,12,292,721,6549,0.180485570316079,0,0,554,1042,43,4967,16,2180,23,16
"1019","2020-05-11",203,12,308,718,6549,0.180485570316079,0,0,554,1042,38,5005,26,2206,25,26
"1020","2020-05-12",201,12,310,693,6549,0.180485570316079,0,0,554,1042,50,5055,84,2290,33,84
"1021","2020-05-13",198,12,302,679,6549,0.180485570316079,0,0,554,1042,20,5075,34,2324,12,34
"1022","2020-05-14",195,12,290,663,6549,0.180485570316079,0,0,554,1042,42,5117,32,2356,19,32
"1023","2020-05-15",179,12,278,632,6549,0.180485570316079,0,0,554,1042,28,5145,22,2378,16,22
"1024","2020-05-16",171,12,295,626,6549,0.180485570316079,0,0,554,1042,38,5183,17,2395,19,17
"1025","2020-05-17",170,12,281,592,6549,0.180485570316079,0,0,554,1042,32,5215,14,2409,19,14
"1026","2020-05-18",176,12,288,577,6549,0.180485570316079,0,0,554,1042,26,5241,52,2461,8,52
"1027","2020-05-19",166,12,270,549,6549,0.180485570316079,0,0,554,1042,26,5267,39,2500,11,39
"1028","2020-05-20",165,12,260,522,6549,0.180485570316079,0,0,554,1042,33,5300,53,2553,19,53
"1029","2020-05-21",160,12,238,493,6549,0.180485570316079,0,0,554,1042,32,5332,54,2607,16,54
"1030","2020-05-22",147,12,232,468,6549,0.180485570316079,0,0,554,1042,26,5358,24,2631,15,24
"1031","2020-05-23",149,12,225,446,6549,0.180485570316079,0,0,554,1042,26,5384,23,2654,11,23
"1032","2020-05-24",142,12,260,436,6549,0.180485570316079,0,0,554,1042,35,5419,19,2673,18,19
"1033","2020-05-25",127,12,251,414,6549,0.180485570316079,0,0,554,1042,27,5446,31,2704,10,31
"1034","2020-05-26",123,12,246,404,6549,0.180485570316079,0,0,554,1042,13,5459,52,2756,7,52
"1035","2020-05-27",113,12,233,391,6549,0.180485570316079,0,0,554,1042,28,5487,78,2834,22,78
"1036","2020-05-28",119,12,232,367,6549,0.180485570316079,0,0,554,1042,26,5513,38,2872,17,38
"1037","2020-05-29",119,12,232,348,6549,0.180485570316079,0,0,554,1042,31,5544,39,2911,18,39
"1038","2020-05-30",108,12,242,338,6549,0.180485570316079,0,0,554,1042,22,5566,20,2931,10,20
"1039","2020-05-31",105,12,226,322,6549,0.180485570316079,0,0,554,1042,23,5589,12,2943,13,12
"1040","2020-06-01",105,12,238,297,6549,0.180485570316079,0,0,554,1042,23,5612,17,2960,9,17
"1041","2020-06-02",96,12,233,296,6549,0.180485570316079,0,0,554,1042,14,5626,14,2974,6,14
"1042","2020-06-03",94,12,232,286,6549,0.180485570316079,0,0,554,1042,15,5641,49,3023,6,49
"1043","2020-06-04",82,12,245,270,6549,0.180485570316079,0,0,554,1042,14,5655,34,3057,11,34
"1044","2020-06-05",85,12,255,248,6549,0.180485570316079,0,0,554,1042,13,5668,18,3075,7,18
"1045","2020-06-06",77,12,270,243,6549,0.180485570316079,0,0,554,1042,19,5687,12,3087,10,12
"1046","2020-06-07",71,12,269,246,6549,0.180485570316079,0,0,554,1042,14,5701,23,3110,7,23
"1047","2020-03-12",1,13,63,45,3210,0.342367601246106,0,0,320,841,64,100,8,13,3,8
"1048","2020-03-13",1,13,80,68,3210,0.342367601246106,0,0,320,841,63,163,23,36,8,23
"1049","2020-03-14",4,13,109,92,3210,0.342367601246106,0,0,320,841,66,229,16,52,13,16
"1050","2020-03-15",8,13,142,123,3210,0.342367601246106,0,0,320,841,58,287,17,69,13,17
"1051","2020-03-16",12,13,153,156,3210,0.342367601246106,0,0,320,841,84,371,13,82,29,13
"1052","2020-03-17",19,13,160,194,3210,0.342367601246106,0,0,320,841,97,468,8,90,39,8
"1053","2020-03-18",26,13,157,224,3210,0.342367601246106,0,0,320,841,80,548,6,96,39,6
"1054","2020-03-19",37,13,150,262,3210,0.342367601246106,0,0,320,841,91,639,8,104,35,8
"1055","2020-03-20",46,13,161,287,3210,0.342367601246106,0,0,320,841,94,733,7,111,48,7
"1056","2020-03-21",55,13,166,307,3210,0.342367601246106,0,0,320,841,98,831,28,139,43,28
"1057","2020-03-22",66,13,193,337,3210,0.342367601246106,0,0,320,841,101,932,30,169,51,30
"1058","2020-03-23",78,13,223,365,3210,0.342367601246106,0,0,320,841,107,1039,32,201,55,32
"1059","2020-03-24",83,13,218,392,3210,0.342367601246106,0,0,320,841,99,1138,38,239,48,38
"1060","2020-03-25",88,13,244,403,3210,0.342367601246106,0,0,320,841,103,1241,34,273,56,34
"1061","2020-03-26",84,13,242,417,3210,0.342367601246106,0,0,320,841,86,1327,35,308,42,35
"1062","2020-03-27",95,13,236,436,3210,0.342367601246106,0,0,320,841,89,1416,25,333,40,25
"1063","2020-03-28",97,13,225,454,3210,0.342367601246106,0,0,320,841,83,1499,28,361,40,28
"1064","2020-03-29",107,13,217,460,3210,0.342367601246106,0,0,320,841,91,1590,28,389,38,28
"1065","2020-03-30",100,13,248,485,3210,0.342367601246106,0,0,320,841,84,1674,34,423,33,34
"1066","2020-03-31",106,13,269,480,3210,0.342367601246106,0,0,320,841,74,1748,32,455,24,32
"1067","2020-04-01",105,13,278,482,3210,0.342367601246106,0,0,320,841,86,1834,30,485,24,30
"1068","2020-04-02",123,13,276,480,3210,0.342367601246106,0,0,320,841,85,1919,27,512,23,27
"1069","2020-04-03",122,13,262,498,3210,0.342367601246106,0,0,320,841,74,1993,14,526,30,14
"1070","2020-04-04",133,13,255,497,3210,0.342367601246106,0,0,320,841,76,2069,12,538,31,12
"1071","2020-04-05",136,13,258,491,3210,0.342367601246106,0,0,320,841,83,2152,40,578,29,40
"1072","2020-04-06",144,13,273,500,3210,0.342367601246106,0,0,320,841,90,2242,28,606,30,28
"1073","2020-04-07",142,13,272,509,3210,0.342367601246106,0,0,320,841,80,2322,18,624,31,18
"1074","2020-04-08",157,13,265,490,3210,0.342367601246106,0,0,320,841,81,2403,16,640,33,16
"1075","2020-04-09",148,13,242,479,3210,0.342367601246106,0,0,320,841,94,2497,16,656,34,16
"1076","2020-04-10",150,13,236,484,3210,0.342367601246106,0,0,320,841,84,2581,28,684,37,28
"1077","2020-04-11",147,13,247,477,3210,0.342367601246106,0,0,320,841,71,2652,45,729,29,45
"1078","2020-04-12",134,13,259,488,3210,0.342367601246106,0,0,320,841,92,2744,43,772,36,43
"1079","2020-04-13",138,13,296,475,3210,0.342367601246106,0,0,320,841,88,2832,48,820,28,48
"1080","2020-04-14",147,13,293,467,3210,0.342367601246106,0,0,320,841,73,2905,60,880,23,60
"1081","2020-04-15",135,13,280,467,3210,0.342367601246106,0,0,320,841,63,2968,45,925,15,45
"1082","2020-04-16",136,13,292,480,3210,0.342367601246106,0,0,320,841,72,3040,37,962,19,37
"1083","2020-04-17",127,13,296,477,3210,0.342367601246106,0,0,320,841,72,3112,53,1015,26,53
"1084","2020-04-18",119,13,289,486,3210,0.342367601246106,0,0,320,841,70,3182,31,1046,19,31
"1085","2020-04-19",122,13,276,498,3210,0.342367601246106,0,0,320,841,64,3246,39,1085,15,39
"1086","2020-04-20",119,13,283,512,3210,0.342367601246106,0,0,320,841,58,3304,35,1120,10,35
"1087","2020-04-21",115,13,324,508,3210,0.342367601246106,0,0,320,841,82,3386,27,1147,21,27
"1088","2020-04-22",124,13,327,511,3210,0.342367601246106,0,0,320,841,67,3453,27,1174,10,27
"1089","2020-04-23",119,13,303,503,3210,0.342367601246106,0,0,320,841,62,3515,42,1216,21,42
"1090","2020-04-24",128,13,313,503,3210,0.342367601246106,0,0,320,841,60,3575,42,1258,18,42
"1091","2020-04-25",136,13,298,471,3210,0.342367601246106,0,0,320,841,58,3633,31,1289,9,31
"1092","2020-04-26",140,13,290,471,3210,0.342367601246106,0,0,320,841,59,3692,15,1304,13,15
"1093","2020-04-27",137,13,315,487,3210,0.342367601246106,0,0,320,841,48,3740,27,1331,15,27
"1094","2020-04-28",137,13,347,480,3210,0.342367601246106,0,0,320,841,49,3789,21,1352,7,21
"1095","2020-04-29",130,13,330,480,3210,0.342367601246106,0,0,320,841,51,3840,47,1399,17,47
"1096","2020-04-30",135,13,301,466,3210,0.342367601246106,0,0,320,841,54,3894,21,1420,14,21
"1097","2020-05-01",140,13,289,456,3210,0.342367601246106,0,0,320,841,49,3943,42,1462,10,42
"1098","2020-05-02",136,13,291,448,3210,0.342367601246106,0,0,320,841,44,3987,40,1502,8,40
"1099","2020-05-03",130,13,288,441,3210,0.342367601246106,0,0,320,841,55,4042,49,1551,11,49
"1100","2020-05-04",129,13,312,452,3210,0.342367601246106,0,0,320,841,50,4092,43,1594,15,43
"1101","2020-05-05",119,13,294,445,3210,0.342367601246106,0,0,320,841,40,4132,29,1623,8,29
"1102","2020-05-06",121,13,292,438,3210,0.342367601246106,0,0,320,841,46,4178,12,1635,10,12
"1103","2020-05-07",122,13,296,414,3210,0.342367601246106,0,0,320,841,53,4231,25,1660,7,25
"1104","2020-05-08",118,13,287,418,3210,0.342367601246106,0,0,320,841,63,4294,23,1683,15,23
"1105","2020-05-09",129,13,273,412,3210,0.342367601246106,0,0,320,841,55,4349,47,1730,13,47
"1106","2020-05-10",124,13,267,405,3210,0.342367601246106,0,0,320,841,43,4392,21,1751,15,21
"1107","2020-05-11",134,13,262,401,3210,0.342367601246106,0,0,320,841,53,4445,23,1774,10,23
"1108","2020-05-12",135,13,253,393,3210,0.342367601246106,0,0,320,841,39,4484,22,1796,13,22
"1109","2020-05-13",129,13,288,384,3210,0.342367601246106,0,0,320,841,38,4522,13,1809,11,13
"1110","2020-05-14",125,13,336,381,3210,0.342367601246106,0,0,320,841,38,4560,16,1825,10,16
"1111","2020-05-15",120,13,348,380,3210,0.342367601246106,0,0,320,841,40,4600,13,1838,14,13
"1112","2020-05-16",103,13,340,358,3210,0.342367601246106,0,0,320,841,49,4649,7,1845,12,7
"1113","2020-05-17",105,13,318,342,3210,0.342367601246106,0,0,320,841,30,4679,11,1856,7,11
"1114","2020-05-18",98,13,327,326,3210,0.342367601246106,0,0,320,841,29,4708,11,1867,12,11
"1115","2020-05-19",100,13,307,324,3210,0.342367601246106,0,0,320,841,38,4746,12,1879,17,12
"1116","2020-05-20",99,13,325,304,3210,0.342367601246106,0,0,320,841,49,4795,16,1895,19,16
"1117","2020-05-21",94,13,312,303,3210,0.342367601246106,0,0,320,841,25,4820,18,1913,5,18
"1118","2020-05-22",95,13,320,297,3210,0.342367601246106,0,0,320,841,37,4857,33,1946,12,33
"1119","2020-05-23",95,13,333,280,3210,0.342367601246106,0,0,320,841,26,4883,42,1988,10,42
"1120","2020-05-24",94,13,349,266,3210,0.342367601246106,0,0,320,841,39,4922,49,2037,9,49
"1121","2020-05-25",83,13,380,256,3210,0.342367601246106,0,0,320,841,24,4946,17,2054,5,17
"1122","2020-05-26",81,13,378,246,3210,0.342367601246106,0,0,320,841,26,4972,20,2074,11,20
"1123","2020-05-27",77,13,367,233,3210,0.342367601246106,0,0,320,841,25,4997,15,2089,4,15
"1124","2020-05-28",71,13,344,222,3210,0.342367601246106,0,0,320,841,22,5019,28,2117,4,28
"1125","2020-05-29",63,13,341,214,3210,0.342367601246106,0,0,320,841,24,5043,31,2148,5,31
"1126","2020-05-30",63,13,324,209,3210,0.342367601246106,0,0,320,841,15,5058,13,2161,2,13
"1127","2020-05-31",57,13,327,207,3210,0.342367601246106,0,0,320,841,18,5076,9,2170,3,9
"1128","2020-06-01",57,13,335,211,3210,0.342367601246106,0,0,320,841,25,5101,7,2177,4,7
"1129","2020-06-02",52,13,335,203,3210,0.342367601246106,0,0,320,841,25,5126,10,2187,6,10
"1130","2020-06-03",49,13,310,207,3210,0.342367601246106,0,0,320,841,19,5145,15,2202,5,15
"1131","2020-06-04",50,13,310,205,3210,0.342367601246106,0,0,320,841,19,5164,20,2222,3,20
"1132","2020-06-05",50,13,314,203,3210,0.342367601246106,0,0,320,841,12,5176,16,2238,2,16
"1133","2020-06-06",48,13,312,207,3210,0.342367601246106,0,0,320,841,16,5192,22,2260,5,22
"1134","2020-06-07",48,13,302,196,3210,0.342367601246106,0,0,320,841,19,5211,17,2277,4,17
"1135","2020-03-12",1,14,86,52,7258,0.808624965555249,0,0,621,1476,62,111,30,82,13,30
"1136","2020-03-13",2,14,120,91,7258,0.808624965555249,0,0,621,1476,66,177,21,103,30,21
"1137","2020-03-14",3,14,149,157,7258,0.808624965555249,0,0,621,1476,89,266,45,148,60,45
"1138","2020-03-15",7,14,197,230,7258,0.808624965555249,0,0,621,1476,105,371,49,197,73,49
"1139","2020-03-16",14,14,212,305,7258,0.808624965555249,0,0,621,1476,135,506,32,229,101,32
"1140","2020-03-17",27,14,233,384,7258,0.808624965555249,0,0,621,1476,178,684,60,289,140,60
"1141","2020-03-18",34,14,219,471,7258,0.808624965555249,0,0,621,1476,250,934,34,323,213,34
"1142","2020-03-19",54,14,221,566,7258,0.808624965555249,0,0,621,1476,340,1274,32,355,312,32
"1143","2020-03-20",71,14,237,661,7258,0.808624965555249,0,0,621,1476,438,1712,36,391,398,36
"1144","2020-03-21",91,14,210,771,7258,0.808624965555249,0,0,621,1476,446,2158,20,411,422,20
"1145","2020-03-22",117,14,201,875,7258,0.808624965555249,0,0,621,1476,490,2648,26,437,463,26
"1146","2020-03-23",141,14,190,999,7258,0.808624965555249,0,0,621,1476,623,3271,16,453,603,16
"1147","2020-03-24",162,14,183,1115,7258,0.808624965555249,0,0,621,1476,585,3856,57,510,567,57
"1148","2020-03-25",197,14,181,1271,7258,0.808624965555249,0,0,621,1476,503,4359,43,553,478,43
"1149","2020-03-26",229,14,189,1446,7258,0.808624965555249,0,0,621,1476,496,4855,25,578,472,25
"1150","2020-03-27",259,14,171,1543,7258,0.808624965555249,0,0,621,1476,493,5348,35,613,481,35
"1151","2020-03-28",291,14,168,1677,7258,0.808624965555249,0,0,621,1476,536,5884,18,631,514,18
"1152","2020-03-29",330,14,166,1787,7258,0.808624965555249,0,0,621,1476,403,6287,16,647,397,16
"1153","2020-03-30",357,14,173,1886,7258,0.808624965555249,0,0,621,1476,262,6549,54,701,248,54
"1154","2020-03-31",399,14,164,1973,7258,0.808624965555249,0,0,621,1476,285,6834,29,730,274,29
"1155","2020-04-01",436,14,177,2036,7258,0.808624965555249,0,0,621,1476,184,7018,22,752,172,22
"1156","2020-04-02",463,14,203,2148,7258,0.808624965555249,0,0,621,1476,163,7181,12,764,153,12
"1157","2020-04-03",513,14,261,2243,7258,0.808624965555249,0,0,621,1476,117,7298,7,771,112,7
"1158","2020-04-04",543,14,275,2269,7258,0.808624965555249,0,0,621,1476,98,7396,1,772,97,1
"1159","2020-04-05",551,14,292,2320,7258,0.808624965555249,0,0,621,1476,64,7460,4,776,57,4
"1160","2020-04-06",588,14,299,2341,7258,0.808624965555249,0,0,621,1476,56,7516,28,804,49,28
"1161","2020-04-07",623,14,288,2307,7258,0.808624965555249,0,0,621,1476,52,7568,24,828,46,24
"1162","2020-04-08",633,14,280,2292,7258,0.808624965555249,0,0,621,1476,37,7605,24,852,34,24
"1163","2020-04-09",642,14,256,2209,7258,0.808624965555249,0,0,621,1476,30,7635,47,899,26,47
"1164","2020-04-10",630,14,240,2156,7258,0.808624965555249,0,0,621,1476,15,7650,30,929,15,30
"1165","2020-04-11",629,14,215,2110,7258,0.808624965555249,0,0,621,1476,21,7671,36,965,19,36
"1166","2020-04-12",634,14,223,2013,7258,0.808624965555249,0,0,621,1476,13,7684,18,983,12,18
"1167","2020-04-13",646,14,247,1924,7258,0.808624965555249,0,0,621,1476,8,7692,21,1004,8,21
"1168","2020-04-14",613,14,288,1847,7258,0.808624965555249,0,0,621,1476,10,7702,37,1041,10,37
"1169","2020-04-15",598,14,273,1732,7258,0.808624965555249,0,0,621,1476,4,7706,22,1063,2,22
"1170","2020-04-16",574,14,244,1613,7258,0.808624965555249,0,0,621,1476,9,7715,20,1083,6,20
"1171","2020-04-17",550,14,229,1512,7258,0.808624965555249,0,0,621,1476,5,7720,27,1110,3,27
"1172","2020-04-18",531,14,218,1414,7258,0.808624965555249,0,0,621,1476,1,7721,8,1118,NA,8
"1173","2020-04-19",509,14,267,1322,7258,0.808624965555249,0,0,621,1476,5,7726,33,1151,2,33
"1174","2020-04-20",461,14,271,1222,7258,0.808624965555249,0,0,621,1476,3,7729,17,1168,1,17
"1175","2020-04-21",425,14,286,1141,7258,0.808624965555249,0,0,621,1476,7,7736,9,1177,4,9
"1176","2020-04-22",393,14,311,1056,7258,0.808624965555249,0,0,621,1476,4,7740,23,1200,3,23
"1177","2020-04-23",358,14,318,970,7258,0.808624965555249,0,0,621,1476,3,7743,18,1218,1,18
"1178","2020-04-24",338,14,307,877,7258,0.808624965555249,0,0,621,1476,6,7749,36,1254,2,36
"1179","2020-04-25",311,14,288,807,7258,0.808624965555249,0,0,621,1476,1,7750,22,1276,1,22
"1180","2020-04-26",283,14,268,759,7258,0.808624965555249,0,0,621,1476,1,7751,33,1309,1,33
"1181","2020-04-27",246,14,262,709,7258,0.808624965555249,0,0,621,1476,3,7754,22,1331,1,22
"1182","2020-04-28",228,14,261,646,7258,0.808624965555249,0,0,621,1476,3,7757,18,1349,2,18
"1183","2020-04-29",216,14,250,601,7258,0.808624965555249,0,0,621,1476,2,7759,12,1361,1,12
"1184","2020-04-30",204,14,241,553,7258,0.808624965555249,0,0,621,1476,6,7765,11,1372,3,11
"1185","2020-05-01",192,14,221,531,7258,0.808624965555249,0,0,621,1476,3,7768,12,1384,2,12
"1186","2020-05-02",168,14,223,497,7258,0.808624965555249,0,0,621,1476,2,7770,25,1409,NA,25
"1187","2020-05-03",148,14,234,467,7258,0.808624965555249,0,0,621,1476,2,7772,13,1422,NA,13
"1188","2020-05-04",143,14,216,443,7258,0.808624965555249,0,0,621,1476,NA,NA,9,1431,NA,9
"1189","2020-05-05",131,14,217,423,7258,0.808624965555249,0,0,621,1476,2,7774,13,1444,NA,13
"1190","2020-05-06",117,14,224,412,7258,0.808624965555249,0,0,621,1476,3,7777,12,1456,2,12
"1191","2020-05-07",113,14,236,381,7258,0.808624965555249,0,0,621,1476,3,7780,12,1468,NA,12
"1192","2020-05-08",93,14,239,359,7258,0.808624965555249,0,0,621,1476,NA,NA,34,1502,NA,34
"1193","2020-05-09",97,14,234,345,7258,0.808624965555249,0,0,621,1476,2,7782,20,1522,NA,20
"1194","2020-05-10",97,14,220,316,7258,0.808624965555249,0,0,621,1476,4,7786,22,1544,1,22
"1195","2020-05-11",103,14,220,296,7258,0.808624965555249,0,0,621,1476,3,7789,13,1557,2,13
"1196","2020-05-12",105,14,263,288,7258,0.808624965555249,0,0,621,1476,1,7790,12,1569,1,12
"1197","2020-05-13",104,14,279,275,7258,0.808624965555249,0,0,621,1476,5,7795,10,1579,1,10
"1198","2020-05-14",101,14,298,270,7258,0.808624965555249,0,0,621,1476,3,7798,8,1587,NA,8
"1199","2020-05-15",101,14,269,257,7258,0.808624965555249,0,0,621,1476,3,7801,8,1595,2,8
"1200","2020-05-16",96,14,268,249,7258,0.808624965555249,0,0,621,1476,1,7802,10,1605,1,10
"1201","2020-05-17",94,14,273,243,7258,0.808624965555249,0,0,621,1476,1,7803,15,1620,NA,15
"1202","2020-05-18",81,14,308,234,7258,0.808624965555249,0,0,621,1476,2,7805,14,1634,2,14
"1203","2020-05-19",76,14,331,238,7258,0.808624965555249,0,0,621,1476,2,7807,22,1656,2,22
"1204","2020-05-20",69,14,348,227,7258,0.808624965555249,0,0,621,1476,1,7808,20,1676,1,20
"1205","2020-05-21",65,14,337,212,7258,0.808624965555249,0,0,621,1476,2,7810,6,1682,NA,6
"1206","2020-05-22",62,14,319,196,7258,0.808624965555249,0,0,621,1476,1,7811,15,1697,NA,15
"1207","2020-05-23",61,14,287,193,7258,0.808624965555249,0,0,621,1476,2,7813,16,1713,1,16
"1208","2020-05-24",61,14,258,185,7258,0.808624965555249,0,0,621,1476,3,7816,10,1723,2,10
"1209","2020-05-25",57,14,266,177,7258,0.808624965555249,0,0,621,1476,2,7818,7,1730,NA,7
"1210","2020-05-26",52,14,255,172,7258,0.808624965555249,0,0,621,1476,NA,NA,15,1745,NA,15
"1211","2020-05-27",49,14,248,156,7258,0.808624965555249,0,0,621,1476,NA,NA,14,1759,NA,14
"1212","2020-05-28",50,14,249,150,7258,0.808624965555249,0,0,621,1476,3,7821,29,1788,NA,29
"1213","2020-05-29",50,14,278,146,7258,0.808624965555249,0,0,621,1476,1,7822,42,1830,NA,42
"1214","2020-05-30",41,14,292,138,7258,0.808624965555249,0,0,621,1476,1,7823,29,1859,1,29
"1215","2020-05-31",42,14,291,138,7258,0.808624965555249,0,0,621,1476,NA,NA,18,1877,NA,18
"1216","2020-06-01",41,14,283,129,7258,0.808624965555249,0,0,621,1476,1,7824,15,1892,1,15
"1217","2020-06-02",41,14,271,124,7258,0.808624965555249,0,0,621,1476,NA,NA,14,1906,NA,14
"1218","2020-06-03",46,14,264,120,7258,0.808624965555249,0,0,621,1476,1,7825,28,1934,NA,28
"1219","2020-06-04",43,14,242,122,7258,0.808624965555249,0,0,621,1476,2,7827,18,1952,NA,18
"1220","2020-06-05",43,14,238,114,7258,0.808624965555249,0,0,621,1476,1,7828,14,1966,1,14
"1221","2020-06-06",47,14,238,106,7258,0.808624965555249,0,0,621,1476,2,7830,2,1968,1,2
"1222","2020-06-07",40,14,213,102,7258,0.808624965555249,0,0,621,1476,NA,NA,13,1981,NA,13
"1223","2020-03-12",2,15,117,196,9575,0.737441253263708,0,0,900,1893,89,184,17,44,4,17
"1224","2020-03-13",5,15,108,300,9575,0.737441253263708,0,0,900,1893,88,272,14,58,13,14
"1225","2020-03-14",9,15,123,466,9575,0.737441253263708,0,0,900,1893,106,378,34,92,20,34
"1226","2020-03-15",21,15,194,657,9575,0.737441253263708,0,0,900,1893,107,485,39,131,24,39
"1227","2020-03-16",43,15,187,968,9575,0.737441253263708,0,0,900,1893,120,605,24,155,29,24
"1228","2020-03-17",68,15,190,1266,9575,0.737441253263708,0,0,900,1893,111,716,29,184,28,29
"1229","2020-03-18",110,15,216,1664,9575,0.737441253263708,0,0,900,1893,119,835,19,203,48,19
"1230","2020-03-19",160,15,258,2045,9575,0.737441253263708,0,0,900,1893,93,928,28,231,33,28
"1231","2020-03-20",229,15,315,2515,9575,0.737441253263708,0,0,900,1893,128,1056,42,273,41,42
"1232","2020-03-21",309,15,340,3083,9575,0.737441253263708,0,0,900,1893,121,1177,41,314,46,41
"1233","2020-03-22",406,15,321,3655,9575,0.737441253263708,0,0,900,1893,118,1295,35,349,31,35
"1234","2020-03-23",533,15,299,4132,9575,0.737441253263708,0,0,900,1893,111,1406,21,370,31,21
"1235","2020-03-24",673,15,303,4791,9575,0.737441253263708,0,0,900,1893,116,1522,13,383,32,13
"1236","2020-03-25",812,15,245,5134,9575,0.737441253263708,0,0,900,1893,108,1630,10,393,41,10
"1237","2020-03-26",1001,15,238,5382,9575,0.737441253263708,0,0,900,1893,122,1752,11,404,37,11
"1238","2020-03-27",1172,15,205,5531,9575,0.737441253263708,0,0,900,1893,112,1864,8,412,43,8
"1239","2020-03-28",1319,15,197,5533,9575,0.737441253263708,0,0,900,1893,111,1975,15,427,33,15
"1240","2020-03-29",1463,15,191,5362,9575,0.737441253263708,0,0,900,1893,123,2098,40,467,39,40
"1241","2020-03-30",1548,15,244,5137,9575,0.737441253263708,0,0,900,1893,127,2225,46,513,42,46
"1242","2020-03-31",1612,15,300,4793,9575,0.737441253263708,0,0,900,1893,116,2341,27,540,43,27
"1243","2020-04-01",1623,15,314,4404,9575,0.737441253263708,0,0,900,1893,102,2443,18,558,32,18
"1244","2020-04-02",1546,15,336,3957,9575,0.737441253263708,0,0,900,1893,114,2557,59,617,38,59
"1245","2020-04-03",1481,15,321,3506,9575,0.737441253263708,0,0,900,1893,117,2674,40,657,36,40
"1246","2020-04-04",1380,15,285,3052,9575,0.737441253263708,0,0,900,1893,109,2783,39,696,32,39
"1247","2020-04-05",1233,15,277,2601,9575,0.737441253263708,0,0,900,1893,129,2912,44,740,42,44
"1248","2020-04-06",1086,15,247,2168,9575,0.737441253263708,0,0,900,1893,95,3007,61,801,33,61
"1249","2020-04-07",934,15,244,1809,9575,0.737441253263708,0,0,900,1893,105,3112,29,830,28,29
"1250","2020-04-08",807,15,236,1528,9575,0.737441253263708,0,0,900,1893,103,3215,29,859,36,29
"1251","2020-04-09",695,15,242,1267,9575,0.737441253263708,0,0,900,1893,110,3325,15,874,32,15
"1252","2020-04-10",546,15,218,1067,9575,0.737441253263708,0,0,900,1893,99,3424,14,888,25,14
"1253","2020-04-11",446,15,209,878,9575,0.737441253263708,0,0,900,1893,91,3515,17,905,16,17
"1254","2020-04-12",366,15,222,747,9575,0.737441253263708,0,0,900,1893,107,3622,34,939,25,34
"1255","2020-04-13",305,15,207,624,9575,0.737441253263708,0,0,900,1893,93,3715,30,969,19,30
"1256","2020-04-14",243,15,202,546,9575,0.737441253263708,0,0,900,1893,99,3814,60,1029,24,60
"1257","2020-04-15",195,15,248,462,9575,0.737441253263708,0,0,900,1893,102,3916,36,1065,24,36
"1258","2020-04-16",155,15,288,389,9575,0.737441253263708,0,0,900,1893,96,4012,45,1110,28,45
"1259","2020-04-17",134,15,303,323,9575,0.737441253263708,0,0,900,1893,89,4101,41,1151,18,41
"1260","2020-04-18",115,15,275,269,9575,0.737441253263708,0,0,900,1893,90,4191,43,1194,21,43
"1261","2020-04-19",92,15,258,224,9575,0.737441253263708,0,0,900,1893,86,4277,51,1245,18,51
"1262","2020-04-20",68,15,294,195,9575,0.737441253263708,0,0,900,1893,81,4358,26,1271,19,26
"1263","2020-04-21",59,15,292,166,9575,0.737441253263708,0,0,900,1893,80,4438,31,1302,16,31
"1264","2020-04-22",46,15,258,142,9575,0.737441253263708,0,0,900,1893,86,4524,34,1336,21,34
"1265","2020-04-23",37,15,279,121,9575,0.737441253263708,0,0,900,1893,75,4599,29,1365,16,29
"1266","2020-04-24",31,15,261,110,9575,0.737441253263708,0,0,900,1893,96,4695,48,1413,21,48
"1267","2020-04-25",23,15,238,99,9575,0.737441253263708,0,0,900,1893,61,4756,24,1437,9,24
"1268","2020-04-26",22,15,212,85,9575,0.737441253263708,0,0,900,1893,73,4829,31,1468,18,31
"1269","2020-04-27",21,15,209,78,9575,0.737441253263708,0,0,900,1893,84,4913,10,1478,17,10
"1270","2020-04-28",15,15,186,69,9575,0.737441253263708,0,0,900,1893,66,4979,14,1492,6,14
"1271","2020-04-29",13,15,194,62,9575,0.737441253263708,0,0,900,1893,75,5054,32,1524,12,32
"1272","2020-04-30",12,15,288,57,9575,0.737441253263708,0,0,900,1893,72,5126,19,1543,14,19
"1273","2020-05-01",10,15,303,61,9575,0.737441253263708,0,0,900,1893,59,5185,16,1559,7,16
"1274","2020-05-02",10,15,285,56,9575,0.737441253263708,0,0,900,1893,59,5244,13,1572,9,13
"1275","2020-05-03",11,15,280,53,9575,0.737441253263708,0,0,900,1893,58,5302,12,1584,10,12
"1276","2020-05-04",10,15,280,54,9575,0.737441253263708,0,0,900,1893,63,5365,20,1604,7,20
"1277","2020-05-05",13,15,249,54,9575,0.737441253263708,0,0,900,1893,47,5412,40,1644,5,40
"1278","2020-05-06",12,15,220,51,9575,0.737441253263708,0,0,900,1893,43,5455,57,1701,6,57
"1279","2020-05-07",13,15,204,49,9575,0.737441253263708,0,0,900,1893,46,5501,60,1761,9,60
"1280","2020-05-08",17,15,215,52,9575,0.737441253263708,0,0,900,1893,52,5553,41,1802,12,41
"1281","2020-05-09",15,15,198,47,9575,0.737441253263708,0,0,900,1893,66,5619,28,1830,8,28
"1282","2020-05-10",14,15,242,40,9575,0.737441253263708,0,0,900,1893,49,5668,64,1894,3,64
"1283","2020-05-11",16,15,302,39,9575,0.737441253263708,0,0,900,1893,51,5719,47,1941,10,47
"1284","2020-05-12",13,15,306,39,9575,0.737441253263708,0,0,900,1893,43,5762,62,2003,10,62
"1285","2020-05-13",12,15,275,35,9575,0.737441253263708,0,0,900,1893,45,5807,51,2054,6,51
"1286","2020-05-14",10,15,308,32,9575,0.737441253263708,0,0,900,1893,35,5842,45,2099,3,45
"1287","2020-05-15",6,15,320,26,9575,0.737441253263708,0,0,900,1893,33,5875,17,2116,2,17
"1288","2020-05-16",5,15,305,24,9575,0.737441253263708,0,0,900,1893,31,5906,39,2155,6,39
"1289","2020-05-17",5,15,283,22,9575,0.737441253263708,0,0,900,1893,28,5934,30,2185,6,30
"1290","2020-05-18",3,15,267,21,9575,0.737441253263708,0,0,900,1893,30,5964,43,2228,3,43
"1291","2020-05-19",5,15,242,18,9575,0.737441253263708,0,0,900,1893,30,5994,48,2276,1,48
"1292","2020-05-20",7,15,220,19,9575,0.737441253263708,0,0,900,1893,30,6024,46,2322,5,46
"1293","2020-05-21",6,15,221,18,9575,0.737441253263708,0,0,900,1893,30,6054,27,2349,2,27
"1294","2020-05-22",6,15,225,15,9575,0.737441253263708,0,0,900,1893,28,6082,19,2368,2,19
"1295","2020-05-23",8,15,216,14,9575,0.737441253263708,0,0,900,1893,21,6103,19,2387,3,19
"1296","2020-05-24",6,15,203,12,9575,0.737441253263708,0,0,900,1893,31,6134,17,2404,4,17
"1297","2020-05-25",7,15,184,11,9575,0.737441253263708,0,0,900,1893,25,6159,17,2421,1,17
"1298","2020-05-26",5,15,185,9,9575,0.737441253263708,0,0,900,1893,25,6184,40,2461,3,40
"1299","2020-05-27",3,15,195,10,9575,0.737441253263708,0,0,900,1893,22,6206,19,2480,4,19
"1300","2020-05-28",3,15,238,7,9575,0.737441253263708,0,0,900,1893,21,6227,16,2496,1,16
"1301","2020-05-29",3,15,249,6,9575,0.737441253263708,0,0,900,1893,20,6247,18,2514,3,18
"1302","2020-05-30",1,15,263,4,9575,0.737441253263708,0,0,900,1893,20,6267,15,2529,3,15
"1303","2020-05-31",1,15,257,3,9575,0.737441253263708,0,0,900,1893,13,6280,16,2545,1,16
"1304","2020-06-01",0,15,0,0,9575,0.737441253263708,0,0,900,1893,22,6302,38,2583,4,38
"1305","2020-06-02",0,15,0,0,9575,0.737441253263708,0,0,900,1893,17,6319,30,2613,3,30
"1306","2020-06-03",0,15,0,0,9575,0.737441253263708,0,0,900,1893,13,6332,29,2642,1,29
"1307","2020-06-04",0,15,0,0,9575,0.737441253263708,0,0,900,1893,14,6346,18,2660,2,18
"1308","2020-06-05",0,15,0,0,9575,0.737441253263708,0,0,900,1893,14,6360,15,2675,NA,15
"1309","2020-06-06",0,15,0,0,9575,0.737441253263708,0,0,900,1893,12,6372,11,2686,2,11
"1310","2020-06-07",1,15,208,6,9575,0.737441253263708,0,0,900,1893,19,6391,4,2690,NA,4
"1311","2020-03-12",1,16,101,41,4268,0.451733833177132,0,0,358,1443,51,122,19,40,8,19
"1312","2020-03-13",1,16,126,75,4268,0.451733833177132,0,0,358,1443,70,192,31,71,11,31
"1313","2020-03-14",2,16,137,114,4268,0.451733833177132,0,0,358,1443,87,279,49,120,18,49
"1314","2020-03-15",6,16,125,146,4268,0.451733833177132,0,0,358,1443,52,331,43,163,16,43
"1315","2020-03-16",9,16,157,182,4268,0.451733833177132,0,0,358,1443,85,416,41,204,26,41
"1316","2020-03-17",13,16,156,217,4268,0.451733833177132,0,0,358,1443,83,499,82,286,31,82
"1317","2020-03-18",22,16,144,271,4268,0.451733833177132,0,0,358,1443,76,575,86,372,28,86
"1318","2020-03-19",33,16,176,318,4268,0.451733833177132,0,0,358,1443,80,655,60,432,25,60
"1319","2020-03-20",47,16,184,368,4268,0.451733833177132,0,0,358,1443,96,751,57,489,33,57
"1320","2020-03-21",63,16,174,413,4268,0.451733833177132,0,0,358,1443,96,847,42,531,41,42
"1321","2020-03-22",81,16,207,452,4268,0.451733833177132,0,0,358,1443,74,921,46,577,26,46
"1322","2020-03-23",95,16,198,483,4268,0.451733833177132,0,0,358,1443,96,1017,37,614,28,37
"1323","2020-03-24",113,16,211,511,4268,0.451733833177132,0,0,358,1443,93,1110,36,650,40,36
"1324","2020-03-25",123,16,242,531,4268,0.451733833177132,0,0,358,1443,107,1217,45,695,48,45
"1325","2020-03-26",132,16,224,550,4268,0.451733833177132,0,0,358,1443,80,1297,27,722,31,27
"1326","2020-03-27",141,16,212,581,4268,0.451733833177132,0,0,358,1443,98,1395,36,758,36,36
"1327","2020-03-28",151,16,244,600,4268,0.451733833177132,0,0,358,1443,95,1490,34,792,37,34
"1328","2020-03-29",160,16,254,612,4268,0.451733833177132,0,0,358,1443,86,1576,30,822,29,30
"1329","2020-03-30",174,16,253,641,4268,0.451733833177132,0,0,358,1443,84,1660,34,856,37,34
"1330","2020-03-31",171,16,276,675,4268,0.451733833177132,0,0,358,1443,109,1769,41,897,49,41
"1331","2020-04-01",174,16,284,706,4268,0.451733833177132,0,0,358,1443,91,1860,31,928,27,31
"1332","2020-04-02",181,16,292,725,4268,0.451733833177132,0,0,358,1443,107,1967,23,951,35,23
"1333","2020-04-03",187,16,272,723,4268,0.451733833177132,0,0,358,1443,100,2067,44,995,31,44
"1334","2020-04-04",203,16,274,734,4268,0.451733833177132,0,0,358,1443,94,2161,43,1038,32,43
"1335","2020-04-05",199,16,250,724,4268,0.451733833177132,0,0,358,1443,83,2244,35,1073,25,35
"1336","2020-04-06",195,16,234,744,4268,0.451733833177132,0,0,358,1443,81,2325,25,1098,27,25
"1337","2020-04-07",200,16,236,761,4268,0.451733833177132,0,0,358,1443,81,2406,33,1131,27,33
"1338","2020-04-08",214,16,238,775,4268,0.451733833177132,0,0,358,1443,95,2501,42,1173,39,42
"1339","2020-04-09",216,16,220,777,4268,0.451733833177132,0,0,358,1443,94,2595,30,1203,38,30
"1340","2020-04-10",221,16,222,771,4268,0.451733833177132,0,0,358,1443,99,2694,33,1236,33,33
"1341","2020-04-11",214,16,229,768,4268,0.451733833177132,0,0,358,1443,90,2784,24,1260,29,24
"1342","2020-04-12",215,16,256,777,4268,0.451733833177132,0,0,358,1443,116,2900,33,1293,38,33
"1343","2020-04-13",219,16,264,783,4268,0.451733833177132,0,0,358,1443,102,3002,35,1328,33,35
"1344","2020-04-14",231,16,276,775,4268,0.451733833177132,0,0,358,1443,69,3071,35,1363,25,35
"1345","2020-04-15",220,16,316,791,4268,0.451733833177132,0,0,358,1443,95,3166,29,1392,29,29
"1346","2020-04-16",222,16,332,759,4268,0.451733833177132,0,0,358,1443,89,3255,47,1439,37,47
"1347","2020-04-17",221,16,325,763,4268,0.451733833177132,0,0,358,1443,87,3342,34,1473,32,34
"1348","2020-04-18",204,16,333,742,4268,0.451733833177132,0,0,358,1443,105,3447,32,1505,35,32
"1349","2020-04-19",211,16,297,724,4268,0.451733833177132,0,0,358,1443,86,3533,27,1532,24,27
"1350","2020-04-20",211,16,291,709,4268,0.451733833177132,0,0,358,1443,82,3615,56,1588,25,56
"1351","2020-04-21",203,16,278,687,4268,0.451733833177132,0,0,358,1443,80,3695,52,1640,27,52
"1352","2020-04-22",200,16,265,683,4268,0.451733833177132,0,0,358,1443,70,3765,39,1679,15,39
"1353","2020-04-23",198,16,251,677,4268,0.451733833177132,0,0,358,1443,73,3838,36,1715,22,36
"1354","2020-04-24",190,16,233,654,4268,0.451733833177132,0,0,358,1443,83,3921,37,1752,24,37
"1355","2020-04-25",207,16,219,647,4268,0.451733833177132,0,0,358,1443,68,3989,29,1781,23,29
"1356","2020-04-26",201,16,216,637,4268,0.451733833177132,0,0,358,1443,71,4060,53,1834,20,53
"1357","2020-04-27",191,16,245,616,4268,0.451733833177132,0,0,358,1443,78,4138,32,1866,28,32
"1358","2020-04-28",184,16,255,609,4268,0.451733833177132,0,0,358,1443,79,4217,50,1916,19,50
"1359","2020-04-29",189,16,269,577,4268,0.451733833177132,0,0,358,1443,64,4281,50,1966,15,50
"1360","2020-04-30",181,16,251,559,4268,0.451733833177132,0,0,358,1443,57,4338,34,2000,15,34
"1361","2020-05-01",184,16,302,554,4268,0.451733833177132,0,0,358,1443,61,4399,28,2028,19,28
"1362","2020-05-02",166,16,273,534,4268,0.451733833177132,0,0,358,1443,58,4457,31,2059,14,31
"1363","2020-05-03",158,16,269,522,4268,0.451733833177132,0,0,358,1443,71,4528,30,2089,18,30
"1364","2020-05-04",153,16,246,528,4268,0.451733833177132,0,0,358,1443,71,4599,40,2129,24,40
"1365","2020-05-05",149,16,253,513,4268,0.451733833177132,0,0,358,1443,55,4654,30,2159,13,30
"1366","2020-05-06",149,16,245,496,4268,0.451733833177132,0,0,358,1443,67,4721,27,2186,12,27
"1367","2020-05-07",145,16,239,480,4268,0.451733833177132,0,0,358,1443,49,4770,34,2220,14,34
"1368","2020-05-08",141,16,222,466,4268,0.451733833177132,0,0,358,1443,49,4819,36,2256,14,36
"1369","2020-05-09",147,16,231,481,4268,0.451733833177132,0,0,358,1443,47,4866,45,2301,9,45
"1370","2020-05-10",147,16,263,470,4268,0.451733833177132,0,0,358,1443,52,4918,57,2358,14,57
"1371","2020-05-11",147,16,292,460,4268,0.451733833177132,0,0,358,1443,44,4962,43,2401,9,43
"1372","2020-05-12",135,16,285,443,4268,0.451733833177132,0,0,358,1443,47,5009,40,2441,14,40
"1373","2020-05-13",133,16,287,437,4268,0.451733833177132,0,0,358,1443,51,5060,46,2487,17,46
"1374","2020-05-14",135,16,275,424,4268,0.451733833177132,0,0,358,1443,39,5099,27,2514,9,27
"1375","2020-05-15",124,16,284,413,4268,0.451733833177132,0,0,358,1443,28,5127,35,2549,7,35
"1376","2020-05-16",116,16,299,419,4268,0.451733833177132,0,0,358,1443,47,5174,30,2579,13,30
"1377","2020-05-17",109,16,290,415,4268,0.451733833177132,0,0,358,1443,36,5210,30,2609,16,30
"1378","2020-05-18",106,16,271,411,4268,0.451733833177132,0,0,358,1443,27,5237,32,2641,12,32
"1379","2020-05-19",115,16,238,390,4268,0.451733833177132,0,0,358,1443,50,5287,41,2682,18,41
"1380","2020-05-20",102,16,220,365,4268,0.451733833177132,0,0,358,1443,29,5316,55,2737,4,55
"1381","2020-05-21",97,16,231,358,4268,0.451733833177132,0,0,358,1443,31,5347,46,2783,8,46
"1382","2020-05-22",99,16,240,338,4268,0.451733833177132,0,0,358,1443,29,5376,29,2812,8,29
"1383","2020-05-23",97,16,237,329,4268,0.451733833177132,0,0,358,1443,24,5400,51,2863,6,51
"1384","2020-05-24",99,16,261,313,4268,0.451733833177132,0,0,358,1443,34,5434,67,2930,7,67
"1385","2020-05-25",99,16,245,327,4268,0.451733833177132,0,0,358,1443,25,5459,35,2965,7,35
"1386","2020-05-26",101,16,245,319,4268,0.451733833177132,0,0,358,1443,20,5479,47,3012,8,47
"1387","2020-05-27",103,16,271,310,4268,0.451733833177132,0,0,358,1443,24,5503,46,3058,4,46
"1388","2020-05-28",104,16,273,308,4268,0.451733833177132,0,0,358,1443,24,5527,31,3089,9,31
"1389","2020-05-29",101,16,278,314,4268,0.451733833177132,0,0,358,1443,24,5551,81,3170,4,81
"1390","2020-05-30",98,16,270,308,4268,0.451733833177132,0,0,358,1443,17,5568,64,3234,4,64
"1391","2020-05-31",90,16,266,295,4268,0.451733833177132,0,0,358,1443,17,5585,40,3274,4,40
"1392","2020-06-01",95,16,274,280,4268,0.451733833177132,0,0,358,1443,18,5603,50,3324,8,50
"1393","2020-06-02",84,16,278,279,4268,0.451733833177132,0,0,358,1443,18,5621,38,3362,4,38
"1394","2020-06-03",81,16,293,277,4268,0.451733833177132,0,0,358,1443,17,5638,38,3400,1,38
"1395","2020-06-04",73,16,284,258,4268,0.451733833177132,0,0,358,1443,16,5654,42,3442,4,42
"1396","2020-06-05",71,16,297,255,4268,0.451733833177132,0,0,358,1443,22,5676,38,3480,3,38
"1397","2020-06-06",71,16,283,239,4268,0.451733833177132,0,0,358,1443,22,5698,41,3521,4,41
"1398","2020-06-07",73,16,270,224,4268,0.451733833177132,0,0,358,1443,11,5709,29,3550,2,29
"1399","2020-03-13",3,17,163,169,5265,0.183855650522317,0,0,477,1160,32,66,45,106,24,45
"1400","2020-03-14",11,17,199,228,5265,0.183855650522317,0,0,477,1160,33,99,36,142,23,36
"1401","2020-03-15",18,17,191,284,5265,0.183855650522317,0,0,477,1160,62,161,16,158,49,16
"1402","2020-03-16",32,17,171,354,5265,0.183855650522317,0,0,477,1160,86,247,12,170,72,12
"1403","2020-03-17",45,17,183,418,5265,0.183855650522317,0,0,477,1160,64,311,7,177,57,7
"1404","2020-03-18",66,17,220,480,5265,0.183855650522317,0,0,477,1160,114,425,14,191,109,14
"1405","2020-03-19",82,17,233,516,5265,0.183855650522317,0,0,477,1160,127,552,53,244,117,53
"1406","2020-03-20",102,17,250,567,5265,0.183855650522317,0,0,477,1160,158,710,32,276,149,32
"1407","2020-03-21",118,17,222,612,5265,0.183855650522317,0,0,477,1160,196,906,23,299,185,23
"1408","2020-03-22",138,17,197,650,5265,0.183855650522317,0,0,477,1160,221,1127,45,344,214,45
"1409","2020-03-23",147,17,188,683,5265,0.183855650522317,0,0,477,1160,318,1445,24,368,310,24
"1410","2020-03-24",162,17,175,713,5265,0.183855650522317,0,0,477,1160,351,1796,21,389,342,21
"1411","2020-03-25",170,17,233,737,5265,0.183855650522317,0,0,477,1160,317,2113,31,420,305,31
"1412","2020-03-26",181,17,268,750,5265,0.183855650522317,0,0,477,1160,387,2500,67,487,374,67
"1413","2020-03-27",174,17,301,735,5265,0.183855650522317,0,0,477,1160,321,2821,42,529,317,42
"1414","2020-03-28",180,17,276,743,5265,0.183855650522317,0,0,477,1160,474,3295,61,590,468,61
"1415","2020-03-29",192,17,250,765,5265,0.183855650522317,0,0,477,1160,437,3732,39,629,431,39
"1416","2020-03-30",193,17,229,787,5265,0.183855650522317,0,0,477,1160,433,4165,21,650,429,21
"1417","2020-03-31",188,17,208,786,5265,0.183855650522317,0,0,477,1160,392,4557,59,709,385,59
"1418","2020-04-01",189,17,215,793,5265,0.183855650522317,0,0,477,1160,413,4970,58,767,404,58
"1419","2020-04-02",200,17,210,799,5265,0.183855650522317,0,0,477,1160,428,5398,38,805,416,38
"1420","2020-04-03",215,17,197,789,5265,0.183855650522317,0,0,477,1160,329,5727,22,827,327,22
"1421","2020-04-04",218,17,184,770,5265,0.183855650522317,0,0,477,1160,292,6019,24,851,285,24
"1422","2020-04-05",205,17,216,787,5265,0.183855650522317,0,0,477,1160,242,6261,12,863,239,12
"1423","2020-04-06",211,17,257,790,5265,0.183855650522317,0,0,477,1160,236,6497,11,874,235,11
"1424","2020-04-07",220,17,255,780,5265,0.183855650522317,0,0,477,1160,141,6638,33,907,140,33
"1425","2020-04-08",222,17,249,777,5265,0.183855650522317,0,0,477,1160,140,6778,19,926,138,19
"1426","2020-04-09",214,17,233,771,5265,0.183855650522317,0,0,477,1160,122,6900,59,985,118,59
"1427","2020-04-10",217,17,214,766,5265,0.183855650522317,0,0,477,1160,87,6987,36,1021,83,36
"1428","2020-04-11",220,17,242,781,5265,0.183855650522317,0,0,477,1160,84,7071,20,1041,84,20
"1429","2020-04-12",223,17,284,801,5265,0.183855650522317,0,0,477,1160,63,7134,17,1058,61,17
"1430","2020-04-13",225,17,319,796,5265,0.183855650522317,0,0,477,1160,53,7187,11,1069,50,11
"1431","2020-04-14",223,17,353,799,5265,0.183855650522317,0,0,477,1160,43,7230,9,1078,43,9
"1432","2020-04-15",227,17,320,792,5265,0.183855650522317,0,0,477,1160,22,7252,42,1120,22,42
"1433","2020-04-16",236,17,274,794,5265,0.183855650522317,0,0,477,1160,22,7274,56,1176,20,56
"1434","2020-04-17",234,17,259,784,5265,0.183855650522317,0,0,477,1160,24,7298,16,1192,21,16
"1435","2020-04-18",235,17,277,787,5265,0.183855650522317,0,0,477,1160,16,7314,15,1207,14,15
"1436","2020-04-19",242,17,289,766,5265,0.183855650522317,0,0,477,1160,8,7322,31,1238,7,31
"1437","2020-04-20",248,17,284,744,5265,0.183855650522317,0,0,477,1160,16,7338,26,1264,14,26
"1438","2020-04-21",247,17,299,735,5265,0.183855650522317,0,0,477,1160,9,7347,60,1324,7,60
"1439","2020-04-22",237,17,280,731,5265,0.183855650522317,0,0,477,1160,12,7359,28,1352,11,28
"1440","2020-04-23",232,17,266,732,5265,0.183855650522317,0,0,477,1160,12,7371,18,1370,10,18
"1441","2020-04-24",231,17,242,727,5265,0.183855650522317,0,0,477,1160,3,7374,8,1378,2,8
"1442","2020-04-25",220,17,230,724,5265,0.183855650522317,0,0,477,1160,7,7381,20,1398,6,20
"1443","2020-04-26",214,17,223,721,5265,0.183855650522317,0,0,477,1160,2,7383,45,1443,1,45
"1444","2020-04-27",196,17,253,716,5265,0.183855650522317,0,0,477,1160,6,7389,42,1485,4,42
"1445","2020-04-28",188,17,307,722,5265,0.183855650522317,0,0,477,1160,4,7393,54,1539,3,54
"1446","2020-04-29",189,17,334,715,5265,0.183855650522317,0,0,477,1160,4,7397,34,1573,4,34
"1447","2020-04-30",179,17,295,720,5265,0.183855650522317,0,0,477,1160,4,7401,38,1611,3,38
"1448","2020-05-01",167,17,254,711,5265,0.183855650522317,0,0,477,1160,8,7409,51,1662,5,51
"1449","2020-05-02",172,17,236,706,5265,0.183855650522317,0,0,477,1160,5,7414,60,1722,4,60
"1450","2020-05-03",167,17,249,681,5265,0.183855650522317,0,0,477,1160,5,7419,41,1763,1,41
"1451","2020-05-04",170,17,254,683,5265,0.183855650522317,0,0,477,1160,7,7426,42,1805,6,42
"1452","2020-05-05",181,17,247,666,5265,0.183855650522317,0,0,477,1160,7,7433,29,1834,4,29
"1453","2020-05-06",180,17,236,649,5265,0.183855650522317,0,0,477,1160,5,7438,33,1867,3,33
"1454","2020-05-07",180,17,229,654,5265,0.183855650522317,0,0,477,1160,2,7440,44,1911,2,44
"1455","2020-05-08",184,17,251,635,5265,0.183855650522317,0,0,477,1160,5,7445,26,1937,2,26
"1456","2020-05-09",179,17,243,622,5265,0.183855650522317,0,0,477,1160,4,7449,22,1959,3,22
"1457","2020-05-10",180,17,255,628,5265,0.183855650522317,0,0,477,1160,2,7451,17,1976,NA,17
"1458","2020-05-11",178,17,238,616,5265,0.183855650522317,0,0,477,1160,3,7454,36,2012,3,36
"1459","2020-05-12",170,17,249,591,5265,0.183855650522317,0,0,477,1160,2,7456,54,2066,NA,54
"1460","2020-05-13",166,17,265,595,5265,0.183855650522317,0,0,477,1160,1,7457,40,2106,1,40
"1461","2020-05-14",161,17,288,598,5265,0.183855650522317,0,0,477,1160,3,7460,22,2128,2,22
"1462","2020-05-15",167,17,276,573,5265,0.183855650522317,0,0,477,1160,2,7462,14,2142,2,14
"1463","2020-05-16",159,17,247,558,5265,0.183855650522317,0,0,477,1160,NA,NA,17,2159,NA,17
"1464","2020-05-17",150,17,232,555,5265,0.183855650522317,0,0,477,1160,NA,NA,14,2173,NA,14
"1465","2020-05-18",158,17,216,541,5265,0.183855650522317,0,0,477,1160,1,7463,14,2187,1,14
"1466","2020-05-19",153,17,207,506,5265,0.183855650522317,0,0,477,1160,2,7465,8,2195,NA,8
"1467","2020-05-20",149,17,212,485,5265,0.183855650522317,0,0,477,1160,2,7467,5,2200,NA,5
"1468","2020-05-21",153,17,209,477,5265,0.183855650522317,0,0,477,1160,NA,NA,2,2202,NA,2
"1469","2020-05-22",140,17,201,464,5265,0.183855650522317,0,0,477,1160,2,7469,4,2206,1,4
"1470","2020-05-23",140,17,191,435,5265,0.183855650522317,0,0,477,1160,2,7471,4,2210,2,4
"1471","2020-05-24",151,17,206,411,5265,0.183855650522317,0,0,477,1160,NA,NA,11,2221,NA,11
"1472","2020-05-25",137,17,244,409,5265,0.183855650522317,0,0,477,1160,6,7477,47,2268,5,47
"1473","2020-05-26",127,17,250,390,5265,0.183855650522317,0,0,477,1160,2,7479,28,2296,1,28
"1474","2020-05-27",131,17,232,360,5265,0.183855650522317,0,0,477,1160,3,7482,20,2316,3,20
"1475","2020-05-28",117,17,214,347,5265,0.183855650522317,0,0,477,1160,NA,NA,15,2331,NA,15
"1476","2020-05-29",116,17,192,336,5265,0.183855650522317,0,0,477,1160,1,7483,36,2367,NA,36
"1477","2020-05-30",110,17,189,327,5265,0.183855650522317,0,0,477,1160,1,7484,26,2393,1,26
"1478","2020-05-31",94,17,199,315,5265,0.183855650522317,0,0,477,1160,3,7487,24,2417,1,24
"1479","2020-06-01",90,17,196,301,5265,0.183855650522317,0,0,477,1160,1,7488,18,2435,1,18
"1480","2020-06-02",96,17,182,281,5265,0.183855650522317,0,0,477,1160,1,7489,17,2452,1,17
"1481","2020-06-03",84,17,169,269,5265,0.183855650522317,0,0,477,1160,3,7492,38,2490,1,38
"1482","2020-06-04",94,17,201,277,5265,0.183855650522317,0,0,477,1160,3,7495,43,2533,2,43
"1483","2020-06-05",90,17,242,273,5265,0.183855650522317,0,0,477,1160,5,7500,31,2564,3,31
"1484","2020-06-06",86,17,240,270,5265,0.183855650522317,0,0,477,1160,2,7502,28,2592,1,28
"1485","2020-06-07",81,17,224,263,5265,0.183855650522317,0,0,477,1160,NA,NA,18,2610,NA,18
"1486","2020-03-12",2,18,191,61,4329,0.469392469392469,0,0,388,1466,19,42,18,35,1,18
"1487","2020-03-13",4,18,239,99,4329,0.469392469392469,0,0,388,1466,22,64,39,74,7,39
"1488","2020-03-14",9,18,229,134,4329,0.469392469392469,0,0,388,1466,24,88,23,97,7,23
"1489","2020-03-15",13,18,217,171,4329,0.469392469392469,0,0,388,1466,28,116,38,135,12,38
"1490","2020-03-16",14,18,204,223,4329,0.469392469392469,0,0,388,1466,28,144,54,189,13,54
"1491","2020-03-17",28,18,223,273,4329,0.469392469392469,0,0,388,1466,25,169,52,241,13,52
"1492","2020-03-18",37,18,208,308,4329,0.469392469392469,0,0,388,1466,21,190,58,299,7,58
"1493","2020-03-19",43,18,200,345,4329,0.469392469392469,0,0,388,1466,27,217,35,334,7,35
"1494","2020-03-20",58,18,221,385,4329,0.469392469392469,0,0,388,1466,20,237,24,358,8,24
"1495","2020-03-21",74,18,206,418,4329,0.469392469392469,0,0,388,1466,16,253,13,371,6,13
"1496","2020-03-22",89,18,224,455,4329,0.469392469392469,0,0,388,1466,27,280,12,383,14,12
"1497","2020-03-23",102,18,199,496,4329,0.469392469392469,0,0,388,1466,26,306,16,399,12,16
"1498","2020-03-24",104,18,205,530,4329,0.469392469392469,0,0,388,1466,36,342,29,428,12,29
"1499","2020-03-25",125,18,192,553,4329,0.469392469392469,0,0,388,1466,20,362,18,446,11,18
"1500","2020-03-26",136,18,177,593,4329,0.469392469392469,0,0,388,1466,27,389,14,460,10,14
"1501","2020-03-27",142,18,133,617,4329,0.469392469392469,0,0,388,1466,33,422,15,475,22,15
"1502","2020-03-28",148,18,132,641,4329,0.469392469392469,0,0,388,1466,36,458,10,485,18,10
"1503","2020-03-29",163,18,185,667,4329,0.469392469392469,0,0,388,1466,22,480,28,513,9,28
"1504","2020-03-30",175,18,255,724,4329,0.469392469392469,0,0,388,1466,37,517,14,527,22,14
"1505","2020-03-31",189,18,288,744,4329,0.469392469392469,0,0,388,1466,45,562,11,538,30,11
"1506","2020-04-01",193,18,278,755,4329,0.469392469392469,0,0,388,1466,45,607,25,563,23,25
"1507","2020-04-02",205,18,253,765,4329,0.469392469392469,0,0,388,1466,48,655,47,610,21,47
"1508","2020-04-03",222,18,239,763,4329,0.469392469392469,0,0,388,1466,41,696,34,644,22,34
"1509","2020-04-04",218,18,274,772,4329,0.469392469392469,0,0,388,1466,29,725,22,666,8,22
"1510","2020-04-05",221,18,268,768,4329,0.469392469392469,0,0,388,1466,31,756,28,694,14,28
"1511","2020-04-06",223,18,249,745,4329,0.469392469392469,0,0,388,1466,38,794,31,725,15,31
"1512","2020-04-07",226,18,239,737,4329,0.469392469392469,0,0,388,1466,34,828,12,737,16,12
"1513","2020-04-08",224,18,234,729,4329,0.469392469392469,0,0,388,1466,49,877,14,751,28,14
"1514","2020-04-09",211,18,239,725,4329,0.469392469392469,0,0,388,1466,32,909,7,758,16,7
"1515","2020-04-10",208,18,247,729,4329,0.469392469392469,0,0,388,1466,39,948,5,763,16,5
"1516","2020-04-11",209,18,232,709,4329,0.469392469392469,0,0,388,1466,45,993,53,816,25,53
"1517","2020-04-12",192,18,216,702,4329,0.469392469392469,0,0,388,1466,46,1039,37,853,25,37
"1518","2020-04-13",190,18,203,681,4329,0.469392469392469,0,0,388,1466,38,1077,19,872,20,19
"1519","2020-04-14",184,18,211,683,4329,0.469392469392469,0,0,388,1466,32,1109,57,929,18,57
"1520","2020-04-15",184,18,237,682,4329,0.469392469392469,0,0,388,1466,46,1155,27,956,22,27
"1521","2020-04-16",199,18,217,670,4329,0.469392469392469,0,0,388,1466,25,1180,17,973,10,17
"1522","2020-04-17",190,18,202,671,4329,0.469392469392469,0,0,388,1466,33,1213,15,988,10,15
"1523","2020-04-18",192,18,188,655,4329,0.469392469392469,0,0,388,1466,34,1247,5,993,7,5
"1524","2020-04-19",198,18,188,671,4329,0.469392469392469,0,0,388,1466,32,1279,24,1017,11,24
"1525","2020-04-20",190,18,181,673,4329,0.469392469392469,0,0,388,1466,40,1319,38,1055,18,38
"1526","2020-04-21",187,18,177,683,4329,0.469392469392469,0,0,388,1466,45,1364,26,1081,19,26
"1527","2020-04-22",185,18,186,688,4329,0.469392469392469,0,0,388,1466,36,1400,25,1106,15,25
"1528","2020-04-23",182,18,224,670,4329,0.469392469392469,0,0,388,1466,32,1432,35,1141,11,35
"1529","2020-04-24",176,18,275,671,4329,0.469392469392469,0,0,388,1466,37,1469,46,1187,14,46
"1530","2020-04-25",175,18,248,669,4329,0.469392469392469,0,0,388,1466,31,1500,29,1216,9,29
"1531","2020-04-26",176,18,237,672,4329,0.469392469392469,0,0,388,1466,31,1531,26,1242,6,26
"1532","2020-04-27",187,18,251,670,4329,0.469392469392469,0,0,388,1466,40,1571,46,1288,19,46
"1533","2020-04-28",188,18,239,641,4329,0.469392469392469,0,0,388,1466,27,1598,21,1309,10,21
"1534","2020-04-29",186,18,233,643,4329,0.469392469392469,0,0,388,1466,28,1626,23,1332,9,23
"1535","2020-04-30",173,18,220,645,4329,0.469392469392469,0,0,388,1466,39,1665,25,1357,20,25
"1536","2020-05-01",177,18,219,624,4329,0.469392469392469,0,0,388,1466,33,1698,13,1370,16,13
"1537","2020-05-02",180,18,193,608,4329,0.469392469392469,0,0,388,1466,30,1728,17,1387,9,17
"1538","2020-05-03",178,18,185,600,4329,0.469392469392469,0,0,388,1466,35,1763,17,1404,17,17
"1539","2020-05-04",170,18,180,596,4329,0.469392469392469,0,0,388,1466,37,1800,14,1418,20,14
"1540","2020-05-05",167,18,176,580,4329,0.469392469392469,0,0,388,1466,30,1830,9,1427,13,9
"1541","2020-05-06",161,18,189,577,4329,0.469392469392469,0,0,388,1466,26,1856,9,1436,8,9
"1542","2020-05-07",169,18,203,535,4329,0.469392469392469,0,0,388,1466,26,1882,10,1446,11,10
"1543","2020-05-08",164,18,210,517,4329,0.469392469392469,0,0,388,1466,31,1913,25,1471,11,25
"1544","2020-05-09",154,18,194,509,4329,0.469392469392469,0,0,388,1466,31,1944,18,1489,17,18
"1545","2020-05-10",152,18,191,516,4329,0.469392469392469,0,0,388,1466,32,1976,13,1502,17,13
"1546","2020-05-11",152,18,227,492,4329,0.469392469392469,0,0,388,1466,35,2011,17,1519,19,17
"1547","2020-05-12",155,18,220,495,4329,0.469392469392469,0,0,388,1466,41,2052,15,1534,19,15
"1548","2020-05-13",148,18,286,492,4329,0.469392469392469,0,0,388,1466,30,2082,8,1542,18,8
"1549","2020-05-14",147,18,297,487,4329,0.469392469392469,0,0,388,1466,36,2118,2,1544,14,2
"1550","2020-05-15",152,18,274,493,4329,0.469392469392469,0,0,388,1466,39,2157,6,1550,25,6
"1551","2020-05-16",156,18,295,478,4329,0.469392469392469,0,0,388,1466,34,2191,18,1568,18,18
"1552","2020-05-17",157,18,317,463,4329,0.469392469392469,0,0,388,1466,47,2238,18,1586,32,18
"1553","2020-05-18",153,18,278,441,4329,0.469392469392469,0,0,388,1466,41,2279,18,1604,20,18
"1554","2020-05-19",146,18,243,421,4329,0.469392469392469,0,0,388,1466,24,2303,22,1626,14,22
"1555","2020-05-20",143,18,255,412,4329,0.469392469392469,0,0,388,1466,35,2338,32,1658,22,32
"1556","2020-05-21",131,18,263,383,4329,0.469392469392469,0,0,388,1466,39,2377,40,1698,19,40
"1557","2020-05-22",123,18,301,368,4329,0.469392469392469,0,0,388,1466,37,2414,21,1719,22,21
"1558","2020-05-23",115,18,298,349,4329,0.469392469392469,0,0,388,1466,28,2442,37,1756,14,37
"1559","2020-05-24",99,18,278,345,4329,0.469392469392469,0,0,388,1466,18,2460,21,1777,8,21
"1560","2020-05-25",104,18,247,337,4329,0.469392469392469,0,0,388,1466,30,2490,24,1801,16,24
"1561","2020-05-26",98,18,215,313,4329,0.469392469392469,0,0,388,1466,27,2517,20,1821,16,20
"1562","2020-05-27",98,18,195,297,4329,0.469392469392469,0,0,388,1466,25,2542,57,1878,18,57
"1563","2020-05-28",101,18,195,281,4329,0.469392469392469,0,0,388,1466,28,2570,22,1900,15,22
"1564","2020-05-29",95,18,230,257,4329,0.469392469392469,0,0,388,1466,22,2592,11,1911,13,11
"1565","2020-05-30",89,18,219,248,4329,0.469392469392469,0,0,388,1466,15,2607,10,1921,8,10
"1566","2020-05-31",90,18,217,240,4329,0.469392469392469,0,0,388,1466,22,2629,14,1935,11,14
"1567","2020-06-01",79,18,212,217,4329,0.469392469392469,0,0,388,1466,24,2653,47,1982,9,47
"1568","2020-06-02",73,18,177,215,4329,0.469392469392469,0,0,388,1466,15,2668,53,2035,8,53
"1569","2020-06-03",70,18,177,213,4329,0.469392469392469,0,0,388,1466,15,2683,27,2062,7,27
"1570","2020-06-04",62,18,168,211,4329,0.469392469392469,0,0,388,1466,18,2701,34,2096,12,34
"1571","2020-06-05",62,18,205,196,4329,0.469392469392469,0,0,388,1466,18,2719,40,2136,9,40
"1572","2020-06-06",62,18,208,174,4329,0.469392469392469,0,0,388,1466,11,2730,19,2155,3,19
"1573","2020-06-07",58,18,187,179,4329,0.469392469392469,0,0,388,1466,10,2740,27,2182,5,27
"1574","2020-03-13",2,19,116,172,5298,0.179879199697999,0,0,503,1078,67,157,15,117,10,15
"1575","2020-03-14",6,19,144,231,5298,0.179879199697999,0,0,503,1078,53,210,21,138,9,21
"1576","2020-03-15",11,19,136,295,5298,0.179879199697999,0,0,503,1078,63,273,59,197,16,59
"1577","2020-03-16",27,19,130,350,5298,0.179879199697999,0,0,503,1078,64,337,55,252,13,55
"1578","2020-03-17",38,19,118,414,5298,0.179879199697999,0,0,503,1078,57,394,34,286,9,34
"1579","2020-03-18",53,19,96,462,5298,0.179879199697999,0,0,503,1078,76,470,63,349,11,63
"1580","2020-03-19",73,19,93,514,5298,0.179879199697999,0,0,503,1078,66,536,34,383,17,34
"1581","2020-03-20",92,19,90,553,5298,0.179879199697999,0,0,503,1078,76,612,48,431,24,48
"1582","2020-03-21",106,19,79,593,5298,0.179879199697999,0,0,503,1078,81,693,27,458,18,27
"1583","2020-03-22",126,19,122,631,5298,0.179879199697999,0,0,503,1078,82,775,49,507,15,49
"1584","2020-03-23",133,19,115,648,5298,0.179879199697999,0,0,503,1078,80,855,45,552,26,45
"1585","2020-03-24",152,19,110,673,5298,0.179879199697999,0,0,503,1078,74,929,63,615,27,63
"1586","2020-03-25",170,19,108,686,5298,0.179879199697999,0,0,503,1078,71,1000,36,651,19,36
"1587","2020-03-26",177,19,102,700,5298,0.179879199697999,0,0,503,1078,84,1084,14,665,23,14
"1588","2020-03-27",186,19,94,708,5298,0.179879199697999,0,0,503,1078,92,1176,15,680,42,15
"1589","2020-03-28",198,19,97,735,5298,0.179879199697999,0,0,503,1078,86,1262,51,731,24,51
"1590","2020-03-29",198,19,137,739,5298,0.179879199697999,0,0,503,1078,86,1348,25,756,34,25
"1591","2020-03-30",203,19,140,745,5298,0.179879199697999,0,0,503,1078,88,1436,14,770,35,14
"1592","2020-03-31",194,19,140,754,5298,0.179879199697999,0,0,503,1078,87,1523,49,819,35,49
"1593","2020-04-01",178,19,162,757,5298,0.179879199697999,0,0,503,1078,120,1643,61,880,46,61
"1594","2020-04-02",177,19,216,761,5298,0.179879199697999,0,0,503,1078,85,1728,27,907,37,27
"1595","2020-04-03",184,19,241,763,5298,0.179879199697999,0,0,503,1078,108,1836,9,916,46,9
"1596","2020-04-04",179,19,233,783,5298,0.179879199697999,0,0,503,1078,93,1929,8,924,37,8
"1597","2020-04-05",180,19,198,791,5298,0.179879199697999,0,0,503,1078,91,2020,8,932,40,8
"1598","2020-04-06",177,19,183,786,5298,0.179879199697999,0,0,503,1078,102,2122,8,940,49,8
"1599","2020-04-07",187,19,180,790,5298,0.179879199697999,0,0,503,1078,112,2234,6,946,38,6
"1600","2020-04-08",205,19,178,791,5298,0.179879199697999,0,0,503,1078,112,2346,8,954,52,8
"1601","2020-04-09",214,19,187,798,5298,0.179879199697999,0,0,503,1078,107,2453,5,959,49,5
"1602","2020-04-10",210,19,213,790,5298,0.179879199697999,0,0,503,1078,100,2553,10,969,39,10
"1603","2020-04-11",211,19,200,797,5298,0.179879199697999,0,0,503,1078,107,2660,54,1023,43,54
"1604","2020-04-12",215,19,186,779,5298,0.179879199697999,0,0,503,1078,99,2759,15,1038,44,15
"1605","2020-04-13",216,19,191,774,5298,0.179879199697999,0,0,503,1078,79,2838,71,1109,30,71
"1606","2020-04-14",214,19,184,779,5298,0.179879199697999,0,0,503,1078,87,2925,30,1139,34,30
"1607","2020-04-15",206,19,225,780,5298,0.179879199697999,0,0,503,1078,83,3008,35,1174,23,35
"1608","2020-04-16",205,19,241,770,5298,0.179879199697999,0,0,503,1078,94,3102,40,1214,27,40
"1609","2020-04-17",202,19,251,784,5298,0.179879199697999,0,0,503,1078,76,3178,26,1240,10,26
"1610","2020-04-18",209,19,235,783,5298,0.179879199697999,0,0,503,1078,72,3250,24,1264,11,24
"1611","2020-04-19",212,19,239,786,5298,0.179879199697999,0,0,503,1078,58,3308,39,1303,7,39
"1612","2020-04-20",212,19,252,784,5298,0.179879199697999,0,0,503,1078,71,3379,50,1353,21,50
"1613","2020-04-21",223,19,248,812,5298,0.179879199697999,0,0,503,1078,80,3459,40,1393,22,40
"1614","2020-04-22",227,19,234,821,5298,0.179879199697999,0,0,503,1078,53,3512,59,1452,12,59
"1615","2020-04-23",221,19,220,832,5298,0.179879199697999,0,0,503,1078,56,3568,23,1475,10,23
"1616","2020-04-24",221,19,234,824,5298,0.179879199697999,0,0,503,1078,63,3631,16,1491,12,16
"1617","2020-04-25",218,19,230,814,5298,0.179879199697999,0,0,503,1078,61,3692,18,1509,13,18
"1618","2020-04-26",225,19,233,798,5298,0.179879199697999,0,0,503,1078,77,3769,58,1567,21,58
"1619","2020-04-27",232,19,210,793,5298,0.179879199697999,0,0,503,1078,65,3834,41,1608,17,41
"1620","2020-04-28",230,19,214,773,5298,0.179879199697999,0,0,503,1078,61,3895,20,1628,15,20
"1621","2020-04-29",218,19,186,753,5298,0.179879199697999,0,0,503,1078,53,3948,23,1651,11,23
"1622","2020-04-30",222,19,171,739,5298,0.179879199697999,0,0,503,1078,74,4022,21,1672,8,21
"1623","2020-05-01",217,19,170,707,5298,0.179879199697999,0,0,503,1078,49,4071,30,1702,11,30
"1624","2020-05-02",208,19,159,706,5298,0.179879199697999,0,0,503,1078,56,4127,16,1718,11,16
"1625","2020-05-03",194,19,140,691,5298,0.179879199697999,0,0,503,1078,51,4178,16,1734,7,16
"1626","2020-05-04",188,19,139,690,5298,0.179879199697999,0,0,503,1078,58,4236,59,1793,10,59
"1627","2020-05-05",176,19,166,682,5298,0.179879199697999,0,0,503,1078,62,4298,81,1874,12,81
"1628","2020-05-06",181,19,181,690,5298,0.179879199697999,0,0,503,1078,50,4348,31,1905,8,31
"1629","2020-05-07",179,19,213,712,5298,0.179879199697999,0,0,503,1078,49,4397,17,1922,5,17
"1630","2020-05-08",169,19,225,692,5298,0.179879199697999,0,0,503,1078,44,4441,10,1932,9,10
"1631","2020-05-09",177,19,255,682,5298,0.179879199697999,0,0,503,1078,50,4491,3,1935,8,3
"1632","2020-05-10",176,19,288,662,5298,0.179879199697999,0,0,503,1078,46,4537,6,1941,12,6
"1633","2020-05-11",174,19,307,632,5298,0.179879199697999,0,0,503,1078,51,4588,9,1950,14,9
"1634","2020-05-12",180,19,321,621,5298,0.179879199697999,0,0,503,1078,53,4641,16,1966,11,16
"1635","2020-05-13",187,19,339,608,5298,0.179879199697999,0,0,503,1078,37,4678,5,1971,11,5
"1636","2020-05-14",179,19,330,597,5298,0.179879199697999,0,0,503,1078,54,4732,13,1984,15,13
"1637","2020-05-15",192,19,303,585,5298,0.179879199697999,0,0,503,1078,32,4764,9,1993,8,9
"1638","2020-05-16",184,19,281,550,5298,0.179879199697999,0,0,503,1078,49,4813,74,2067,12,74
"1639","2020-05-17",176,19,267,542,5298,0.179879199697999,0,0,503,1078,39,4852,100,2167,13,100
"1640","2020-05-18",171,19,248,507,5298,0.179879199697999,0,0,503,1078,35,4887,57,2224,10,57
"1641","2020-05-19",162,19,212,495,5298,0.179879199697999,0,0,503,1078,34,4921,36,2260,5,36
"1642","2020-05-20",161,19,181,482,5298,0.179879199697999,0,0,503,1078,31,4952,32,2292,5,32
"1643","2020-05-21",161,19,160,473,5298,0.179879199697999,0,0,503,1078,27,4979,55,2347,5,55
"1644","2020-05-22",150,19,160,466,5298,0.179879199697999,0,0,503,1078,22,5001,21,2368,7,21
"1645","2020-05-23",145,19,166,460,5298,0.179879199697999,0,0,503,1078,29,5030,8,2376,7,8
"1646","2020-05-24",144,19,156,436,5298,0.179879199697999,0,0,503,1078,29,5059,14,2390,8,14
"1647","2020-05-25",140,19,191,412,5298,0.179879199697999,0,0,503,1078,21,5080,55,2445,4,55
"1648","2020-05-26",136,19,190,401,5298,0.179879199697999,0,0,503,1078,22,5102,77,2522,1,77
"1649","2020-05-27",128,19,175,372,5298,0.179879199697999,0,0,503,1078,28,5130,55,2577,4,55
"1650","2020-05-28",116,19,174,342,5298,0.179879199697999,0,0,503,1078,20,5150,54,2631,1,54
"1651","2020-05-29",109,19,177,314,5298,0.179879199697999,0,0,503,1078,12,5162,27,2658,1,27
"1652","2020-05-30",106,19,193,303,5298,0.179879199697999,0,0,503,1078,17,5179,17,2675,2,17
"1653","2020-05-31",104,19,203,303,5298,0.179879199697999,0,0,503,1078,22,5201,22,2697,3,22
"1654","2020-06-01",100,19,219,293,5298,0.179879199697999,0,0,503,1078,18,5219,63,2760,7,63
"1655","2020-06-02",91,19,200,276,5298,0.179879199697999,0,0,503,1078,16,5235,46,2806,3,46
"1656","2020-06-03",79,19,188,272,5298,0.179879199697999,0,0,503,1078,15,5250,26,2832,3,26
"1657","2020-06-04",78,19,200,254,5298,0.179879199697999,0,0,503,1078,13,5263,54,2886,4,54
"1658","2020-06-05",77,19,203,250,5298,0.179879199697999,0,0,503,1078,19,5282,22,2908,4,22
"1659","2020-06-06",73,19,178,240,5298,0.179879199697999,0,0,503,1078,16,5298,16,2924,2,16
"1660","2020-06-07",64,19,159,239,5298,0.179879199697999,0,0,503,1078,11,5309,56,2980,3,56
"1661","2020-03-14",3,20,230,74,5151,0.815181518151815,0,0,382,1484,24,92,35,100,7,35
"1662","2020-03-15",4,20,230,111,5151,0.815181518151815,0,0,382,1484,31,123,42,142,10,42
"1663","2020-03-16",6,20,233,162,5151,0.815181518151815,0,0,382,1484,33,156,32,174,13,32
"1664","2020-03-17",10,20,260,210,5151,0.815181518151815,0,0,382,1484,38,194,32,206,14,32
"1665","2020-03-18",16,20,249,253,5151,0.815181518151815,0,0,382,1484,33,227,21,227,18,21
"1666","2020-03-19",23,20,235,297,5151,0.815181518151815,0,0,382,1484,47,274,20,247,26,20
"1667","2020-03-20",35,20,262,350,5151,0.815181518151815,0,0,382,1484,42,316,36,283,17,36
"1668","2020-03-21",40,20,262,394,5151,0.815181518151815,0,0,382,1484,27,343,26,309,10,26
"1669","2020-03-22",58,20,234,436,5151,0.815181518151815,0,0,382,1484,40,383,59,368,18,59
"1670","2020-03-23",75,20,209,491,5151,0.815181518151815,0,0,382,1484,46,429,49,417,20,49
"1671","2020-03-24",90,20,183,540,5151,0.815181518151815,0,0,382,1484,47,476,47,464,26,47
"1672","2020-03-25",100,20,163,581,5151,0.815181518151815,0,0,382,1484,32,508,63,527,16,63
"1673","2020-03-26",111,20,158,647,5151,0.815181518151815,0,0,382,1484,34,542,48,575,18,48
"1674","2020-03-27",120,20,137,688,5151,0.815181518151815,0,0,382,1484,55,597,37,612,20,37
"1675","2020-03-28",143,20,130,760,5151,0.815181518151815,0,0,382,1484,52,649,20,632,15,20
"1676","2020-03-29",152,20,138,808,5151,0.815181518151815,0,0,382,1484,41,690,30,662,19,30
"1677","2020-03-30",169,20,197,847,5151,0.815181518151815,0,0,382,1484,58,748,57,719,31,57
"1678","2020-03-31",184,20,205,898,5151,0.815181518151815,0,0,382,1484,43,791,58,777,20,58
"1679","2020-04-01",212,20,197,954,5151,0.815181518151815,0,0,382,1484,43,834,52,829,16,52
"1680","2020-04-02",238,20,213,973,5151,0.815181518151815,0,0,382,1484,45,879,50,879,18,50
"1681","2020-04-03",252,20,238,990,5151,0.815181518151815,0,0,382,1484,54,933,40,919,19,40
"1682","2020-04-04",255,20,226,1014,5151,0.815181518151815,0,0,382,1484,38,971,37,956,17,37
"1683","2020-04-05",263,20,213,1027,5151,0.815181518151815,0,0,382,1484,39,1010,54,1010,15,54
"1684","2020-04-06",273,20,215,1044,5151,0.815181518151815,0,0,382,1484,48,1058,53,1063,16,53
"1685","2020-04-07",278,20,218,1058,5151,0.815181518151815,0,0,382,1484,41,1099,40,1103,12,40
"1686","2020-04-08",275,20,242,1071,5151,0.815181518151815,0,0,382,1484,25,1124,26,1129,5,26
"1687","2020-04-09",275,20,249,1068,5151,0.815181518151815,0,0,382,1484,37,1161,31,1160,8,31
"1688","2020-04-10",281,20,245,1087,5151,0.815181518151815,0,0,382,1484,55,1216,33,1193,20,33
"1689","2020-04-11",298,20,253,1044,5151,0.815181518151815,0,0,382,1484,43,1259,41,1234,19,41
"1690","2020-04-12",308,20,228,1030,5151,0.815181518151815,0,0,382,1484,53,1312,53,1287,22,53
"1691","2020-04-13",301,20,198,1024,5151,0.815181518151815,0,0,382,1484,44,1356,62,1349,9,62
"1692","2020-04-14",302,20,196,1024,5151,0.815181518151815,0,0,382,1484,41,1397,42,1391,10,42
"1693","2020-04-15",296,20,197,1021,5151,0.815181518151815,0,0,382,1484,40,1437,45,1436,18,45
"1694","2020-04-16",287,20,211,1027,5151,0.815181518151815,0,0,382,1484,48,1485,57,1493,9,57
"1695","2020-04-17",276,20,220,1028,5151,0.815181518151815,0,0,382,1484,36,1521,51,1544,10,51
"1696","2020-04-18",262,20,189,1002,5151,0.815181518151815,0,0,382,1484,53,1574,49,1593,24,49
"1697","2020-04-19",265,20,185,988,5151,0.815181518151815,0,0,382,1484,57,1631,43,1636,29,43
"1698","2020-04-20",265,20,183,984,5151,0.815181518151815,0,0,382,1484,53,1684,41,1677,20,41
"1699","2020-04-21",264,20,178,972,5151,0.815181518151815,0,0,382,1484,43,1727,74,1751,16,74
"1700","2020-04-22",261,20,166,965,5151,0.815181518151815,0,0,382,1484,54,1781,54,1805,22,54
"1701","2020-04-23",263,20,168,958,5151,0.815181518151815,0,0,382,1484,37,1818,34,1839,8,34
"1702","2020-04-24",274,20,165,943,5151,0.815181518151815,0,0,382,1484,41,1859,49,1888,12,49
"1703","2020-04-25",278,20,226,926,5151,0.815181518151815,0,0,382,1484,23,1882,36,1924,3,36
"1704","2020-04-26",267,20,261,908,5151,0.815181518151815,0,0,382,1484,43,1925,34,1958,12,34
"1705","2020-04-27",269,20,256,864,5151,0.815181518151815,0,0,382,1484,49,1974,57,2015,15,57
"1706","2020-04-28",264,20,237,821,5151,0.815181518151815,0,0,382,1484,43,2017,83,2098,18,83
"1707","2020-04-29",272,20,220,808,5151,0.815181518151815,0,0,382,1484,41,2058,46,2144,20,46
"1708","2020-04-30",259,20,211,775,5151,0.815181518151815,0,0,382,1484,35,2093,37,2181,13,37
"1709","2020-05-01",254,20,209,741,5151,0.815181518151815,0,0,382,1484,41,2134,40,2221,10,40
"1710","2020-05-02",247,20,196,713,5151,0.815181518151815,0,0,382,1484,33,2167,39,2260,9,39
"1711","2020-05-03",230,20,185,684,5151,0.815181518151815,0,0,382,1484,25,2192,43,2303,7,43
"1712","2020-05-04",214,20,173,663,5151,0.815181518151815,0,0,382,1484,59,2251,50,2353,20,50
"1713","2020-05-05",210,20,173,630,5151,0.815181518151815,0,0,382,1484,35,2286,45,2398,9,45
"1714","2020-05-06",192,20,165,600,5151,0.815181518151815,0,0,382,1484,41,2327,42,2440,22,42
"1715","2020-05-07",195,20,178,580,5151,0.815181518151815,0,0,382,1484,22,2349,30,2470,7,30
"1716","2020-05-08",190,20,223,549,5151,0.815181518151815,0,0,382,1484,43,2392,39,2509,13,39
"1717","2020-05-09",173,20,220,535,5151,0.815181518151815,0,0,382,1484,36,2428,23,2532,8,23
"1718","2020-05-10",173,20,218,538,5151,0.815181518151815,0,0,382,1484,31,2459,32,2564,11,32
"1719","2020-05-11",161,20,202,505,5151,0.815181518151815,0,0,382,1484,30,2489,34,2598,8,34
"1720","2020-05-12",150,20,182,505,5151,0.815181518151815,0,0,382,1484,31,2520,37,2635,15,37
"1721","2020-05-13",149,20,182,506,5151,0.815181518151815,0,0,382,1484,37,2557,55,2690,16,55
"1722","2020-05-14",149,20,231,494,5151,0.815181518151815,0,0,382,1484,28,2585,70,2760,11,70
"1723","2020-05-15",139,20,233,471,5151,0.815181518151815,0,0,382,1484,30,2615,58,2818,11,58
"1724","2020-05-16",135,20,222,451,5151,0.815181518151815,0,0,382,1484,28,2643,51,2869,10,51
"1725","2020-05-17",131,20,208,410,5151,0.815181518151815,0,0,382,1484,26,2669,42,2911,5,42
"1726","2020-05-18",143,20,209,391,5151,0.815181518151815,0,0,382,1484,25,2694,47,2958,2,47
"1727","2020-05-19",145,20,206,382,5151,0.815181518151815,0,0,382,1484,26,2720,35,2993,4,35
"1728","2020-05-20",140,20,197,352,5151,0.815181518151815,0,0,382,1484,16,2736,52,3045,3,52
"1729","2020-05-21",125,20,202,359,5151,0.815181518151815,0,0,382,1484,28,2764,45,3090,12,45
"1730","2020-05-22",113,20,190,337,5151,0.815181518151815,0,0,382,1484,20,2784,46,3136,7,46
"1731","2020-05-23",116,20,205,317,5151,0.815181518151815,0,0,382,1484,19,2803,58,3194,8,58
"1732","2020-05-24",106,20,228,305,5151,0.815181518151815,0,0,382,1484,17,2820,58,3252,5,58
"1733","2020-05-25",92,20,223,294,5151,0.815181518151815,0,0,382,1484,17,2837,62,3314,8,62
"1734","2020-05-26",89,20,228,281,5151,0.815181518151815,0,0,382,1484,19,2856,58,3372,9,58
"1735","2020-05-27",84,20,204,264,5151,0.815181518151815,0,0,382,1484,21,2877,53,3425,8,53
"1736","2020-05-28",79,20,190,254,5151,0.815181518151815,0,0,382,1484,18,2895,35,3460,8,35
"1737","2020-05-29",80,20,164,245,5151,0.815181518151815,0,0,382,1484,19,2914,51,3511,6,51
"1738","2020-05-30",74,20,200,238,5151,0.815181518151815,0,0,382,1484,21,2935,39,3550,7,39
"1739","2020-05-31",77,20,194,231,5151,0.815181518151815,0,0,382,1484,23,2958,55,3605,10,55
"1740","2020-06-01",70,20,173,222,5151,0.815181518151815,0,0,382,1484,17,2975,58,3663,6,58
"1741","2020-06-02",59,20,150,208,5151,0.815181518151815,0,0,382,1484,11,2986,47,3710,1,47
"1742","2020-06-03",61,20,143,186,5151,0.815181518151815,0,0,382,1484,23,3009,31,3741,5,31
"1743","2020-06-04",62,20,190,183,5151,0.815181518151815,0,0,382,1484,14,3023,54,3795,1,54
"1744","2020-06-05",61,20,218,170,5151,0.815181518151815,0,0,382,1484,18,3041,36,3831,8,36
"1745","2020-06-06",59,20,265,167,5151,0.815181518151815,0,0,382,1484,17,3058,39,3870,6,39
"1746","2020-06-07",58,20,268,164,5151,0.815181518151815,0,0,382,1484,13,3071,44,3914,6,44
