"","Date","Absents","Paramset","Infections_or_Exposed_per_day_Patient","Infections_or_Exposed_per_day_HCW","total_infections","nosocomial_proportion","PCR_pooled","LFD_pooled","HCW_symp_test","patient_symp_test","new_hcw_infs","cumulative_hcw_infs","new_pat_infs","cumulative_pats_infs","new_nosocomial_hcw_infs","new_nosocomial_pat_infs"
"1","2020-03-13",2,1,21,29,2399,0.530220925385577,8475,21198,123,261,6,29,4,17,1,4
"2","2020-03-14",4,1,17,47,2399,0.530220925385577,8475,21198,123,261,18,47,1,18,1,1
"3","2020-03-15",6,1,15,69,2399,0.530220925385577,8475,21198,123,261,22,69,3,21,5,3
"4","2020-03-16",6,1,22,84,2399,0.530220925385577,8475,21198,123,261,15,84,6,27,6,6
"5","2020-03-17",11,1,33,107,2399,0.530220925385577,8475,21198,123,261,23,107,11,38,11,11
"6","2020-03-18",11,1,39,124,2399,0.530220925385577,8475,21198,123,261,18,125,8,46,7,8
"7","2020-03-19",14,1,41,139,2399,0.530220925385577,8475,21198,123,261,21,146,11,57,8,11
"8","2020-03-20",26,1,47,151,2399,0.530220925385577,8475,21198,123,261,14,160,12,69,5,12
"9","2020-03-21",38,1,54,165,2399,0.530220925385577,8475,21198,123,261,20,180,16,85,11,16
"10","2020-03-22",50,1,56,185,2399,0.530220925385577,8475,21198,123,261,24,204,10,95,13,10
"11","2020-03-23",54,1,46,198,2399,0.530220925385577,8475,21198,123,261,19,223,6,101,8,6
"12","2020-03-24",58,1,45,212,2399,0.530220925385577,8475,21198,123,261,23,246,8,109,14,8
"13","2020-03-25",64,1,38,220,2399,0.530220925385577,8475,21198,123,261,17,263,3,112,11,3
"14","2020-03-26",73,1,37,220,2399,0.530220925385577,8475,21198,123,261,15,278,4,116,6,4
"15","2020-03-27",74,1,39,214,2399,0.530220925385577,8475,21198,123,261,17,295,9,125,7,9
"16","2020-03-28",76,1,36,223,2399,0.530220925385577,8475,21198,123,261,26,321,5,130,18,5
"17","2020-03-29",69,1,31,229,2399,0.530220925385577,8475,21198,123,261,28,349,4,134,19,4
"18","2020-03-30",72,1,22,223,2399,0.530220925385577,8475,21198,123,261,23,372,3,137,17,3
"19","2020-03-31",71,1,22,230,2399,0.530220925385577,8475,21198,123,261,31,403,5,142,9,5
"20","2020-04-01",73,1,27,230,2399,0.530220925385577,8475,21198,123,261,17,420,6,148,10,6
"21","2020-04-02",68,1,34,255,2399,0.530220925385577,8475,21198,123,261,38,458,11,159,17,11
"22","2020-04-03",74,1,39,270,2399,0.530220925385577,8475,21198,123,261,35,493,10,169,14,10
"23","2020-04-04",80,1,38,277,2399,0.530220925385577,8475,21198,123,261,25,518,7,176,16,7
"24","2020-04-05",91,1,45,276,2399,0.530220925385577,8475,21198,123,261,20,538,13,189,13,13
"25","2020-04-06",85,1,55,272,2399,0.530220925385577,8475,21198,123,261,21,559,14,203,8,14
"26","2020-04-07",86,1,55,285,2399,0.530220925385577,8475,21198,123,261,33,592,11,214,18,11
"27","2020-04-08",93,1,54,298,2399,0.530220925385577,8475,21198,123,261,27,619,6,220,15,6
"28","2020-04-09",102,1,46,300,2399,0.530220925385577,8475,21198,123,261,34,653,5,225,18,5
"29","2020-04-10",108,1,41,293,2399,0.530220925385577,8475,21198,123,261,24,677,5,230,11,5
"30","2020-04-11",110,1,43,295,2399,0.530220925385577,8475,21198,123,261,29,706,6,236,17,6
"31","2020-04-12",103,1,47,302,2399,0.530220925385577,8475,21198,123,261,26,732,9,245,12,9
"32","2020-04-13",106,1,46,314,2399,0.530220925385577,8475,21198,123,261,37,769,8,253,17,8
"33","2020-04-14",103,1,63,324,2399,0.530220925385577,8475,21198,123,261,29,798,23,276,16,23
"34","2020-04-15",95,1,60,315,2399,0.530220925385577,8475,21198,123,261,27,825,11,287,15,11
"35","2020-04-16",94,1,57,316,2399,0.530220925385577,8475,21198,123,261,29,854,15,302,13,15
"36","2020-04-17",97,1,71,333,2399,0.530220925385577,8475,21198,123,261,39,893,21,323,20,21
"37","2020-04-18",116,1,73,331,2399,0.530220925385577,8475,21198,123,261,33,926,17,340,21,17
"38","2020-04-19",108,1,69,338,2399,0.530220925385577,8475,21198,123,261,38,964,6,346,16,6
"39","2020-04-20",103,1,68,338,2399,0.530220925385577,8475,21198,123,261,25,989,5,351,9,5
"40","2020-04-21",107,1,66,349,2399,0.530220925385577,8475,21198,123,261,38,1027,11,362,23,11
"41","2020-04-22",125,1,70,346,2399,0.530220925385577,8475,21198,123,261,32,1059,15,377,16,15
"42","2020-04-23",125,1,73,352,2399,0.530220925385577,8475,21198,123,261,31,1090,12,389,16,12
"43","2020-04-24",140,1,66,356,2399,0.530220925385577,8475,21198,123,261,37,1127,10,399,16,10
"44","2020-04-25",133,1,61,370,2399,0.530220925385577,8475,21198,123,261,41,1168,14,413,27,14
"45","2020-04-26",131,1,69,379,2399,0.530220925385577,8475,21198,123,261,36,1204,18,431,14,18
"46","2020-04-27",129,1,81,376,2399,0.530220925385577,8475,21198,123,261,32,1236,18,449,19,18
"47","2020-04-28",127,1,84,376,2399,0.530220925385577,8475,21198,123,261,28,1264,22,471,10,22
"48","2020-04-29",113,1,86,385,2399,0.530220925385577,8475,21198,123,261,38,1302,19,490,24,19
"49","2020-04-30",110,1,85,397,2399,0.530220925385577,8475,21198,123,261,50,1352,20,510,30,20
"50","2020-05-01",118,1,90,416,2399,0.530220925385577,8475,21198,123,261,50,1402,23,533,25,23
"51","2020-05-02",134,1,92,412,2399,0.530220925385577,8475,21198,123,261,30,1432,14,547,16,14
"52","2020-05-03",123,1,91,403,2399,0.530220925385577,8475,21198,123,261,26,1458,16,563,15,16
"53","2020-05-04",121,1,90,413,2399,0.530220925385577,8475,21198,123,261,44,1502,18,581,26,18
"54","2020-05-05",123,1,87,410,2399,0.530220925385577,8475,21198,123,261,36,1538,23,604,22,23
"55","2020-05-06",131,1,89,402,2399,0.530220925385577,8475,21198,123,261,29,1567,17,621,20,17
"56","2020-05-07",134,1,89,402,2399,0.530220925385577,8475,21198,123,261,42,1609,12,633,23,12
"57","2020-05-08",147,1,98,384,2399,0.530220925385577,8475,21198,123,261,31,1640,19,652,18,19
"58","2020-05-09",135,1,96,395,2399,0.530220925385577,8475,21198,123,261,44,1684,18,670,23,18
"59","2020-05-10",129,1,93,398,2399,0.530220925385577,8475,21198,123,261,30,1714,17,687,14,17
"60","2020-05-11",126,1,76,396,2399,0.530220925385577,8475,21198,123,261,28,1742,8,695,17,8
"61","2020-05-12",124,1,63,394,2399,0.530220925385577,8475,21198,123,261,33,1775,6,701,22,6
"62","2020-05-13",119,1,61,383,2399,0.530220925385577,8475,21198,123,261,30,1805,13,714,15,13
"63","2020-05-14",118,1,63,366,2399,0.530220925385577,8475,21198,123,261,21,1826,12,726,15,12
"64","2020-05-15",120,1,79,349,2399,0.530220925385577,8475,21198,123,261,25,1851,26,752,18,26
"65","2020-05-16",117,1,73,346,2399,0.530220925385577,8475,21198,123,261,27,1878,8,760,17,8
"66","2020-05-17",125,1,69,347,2399,0.530220925385577,8475,21198,123,261,32,1910,9,769,20,9
"67","2020-05-18",121,1,70,340,2399,0.530220925385577,8475,21198,123,261,29,1939,14,783,23,14
"68","2020-05-19",118,1,70,334,2399,0.530220925385577,8475,21198,123,261,25,1964,8,791,13,8
"69","2020-05-20",118,1,75,320,2399,0.530220925385577,8475,21198,123,261,24,1988,14,805,13,14
"70","2020-05-21",112,1,68,323,2399,0.530220925385577,8475,21198,123,261,28,2016,9,814,19,9
"71","2020-05-22",110,1,55,316,2399,0.530220925385577,8475,21198,123,261,28,2044,6,820,18,6
"72","2020-05-23",110,1,52,298,2399,0.530220925385577,8475,21198,123,261,16,2060,12,832,10,12
"73","2020-05-24",104,1,59,297,2399,0.530220925385577,8475,21198,123,261,27,2087,13,845,16,13
"74","2020-05-25",106,1,55,294,2399,0.530220925385577,8475,21198,123,261,30,2117,10,855,22,10
"75","2020-05-26",100,1,62,284,2399,0.530220925385577,8475,21198,123,261,17,2134,11,866,9,11
"76","2020-05-27",93,1,59,274,2399,0.530220925385577,8475,21198,123,261,20,2154,8,874,13,8
"77","2020-05-28",94,1,58,271,2399,0.530220925385577,8475,21198,123,261,23,2177,10,884,14,10
"78","2020-05-29",94,1,51,262,2399,0.530220925385577,8475,21198,123,261,21,2198,6,890,10,6
"79","2020-05-30",94,1,43,258,2399,0.530220925385577,8475,21198,123,261,22,2220,5,895,14,5
"80","2020-05-31",77,1,47,242,2399,0.530220925385577,8475,21198,123,261,12,2232,9,904,9,9
"81","2020-06-01",66,1,45,235,2399,0.530220925385577,8475,21198,123,261,22,2254,8,912,15,8
"82","2020-06-02",71,1,49,233,2399,0.530220925385577,8475,21198,123,261,16,2270,9,921,11,9
"83","2020-06-03",75,1,50,220,2399,0.530220925385577,8475,21198,123,261,8,2278,15,936,2,15
"84","2020-06-04",78,1,52,217,2399,0.530220925385577,8475,21198,123,261,21,2299,7,943,12,7
"85","2020-06-05",72,1,45,206,2399,0.530220925385577,8475,21198,123,261,11,2310,8,951,8,8
"86","2020-06-06",84,1,44,189,2399,0.530220925385577,8475,21198,123,261,18,2328,4,955,11,4
"87","2020-06-07",85,1,44,185,2399,0.530220925385577,8475,21198,123,261,14,2342,7,962,9,7
"88","2020-03-15",2,2,19,27,4020,0.885074626865672,8400,28006,225,192,12,32,8,30,NA,8
"89","2020-03-16",3,2,23,39,4020,0.885074626865672,8400,28006,225,192,15,47,12,42,1,12
"90","2020-03-17",2,2,20,45,4020,0.885074626865672,8400,28006,225,192,6,53,9,51,3,9
"91","2020-03-18",2,2,17,55,4020,0.885074626865672,8400,28006,225,192,17,70,9,60,4,9
"92","2020-03-19",5,2,16,68,4020,0.885074626865672,8400,28006,225,192,12,82,11,71,6,11
"93","2020-03-20",11,2,12,85,4020,0.885074626865672,8400,28006,225,192,18,100,3,74,4,3
"94","2020-03-21",15,2,12,103,4020,0.885074626865672,8400,28006,225,192,16,116,4,78,7,4
"95","2020-03-22",20,2,11,114,4020,0.885074626865672,8400,28006,225,192,13,129,9,87,3,9
"96","2020-03-23",21,2,9,132,4020,0.885074626865672,8400,28006,225,192,19,148,12,99,5,12
"97","2020-03-24",25,2,9,161,4020,0.885074626865672,8400,28006,225,192,13,161,14,113,5,14
"98","2020-03-25",30,2,10,180,4020,0.885074626865672,8400,28006,225,192,21,182,8,121,11,8
"99","2020-03-26",28,2,15,197,4020,0.885074626865672,8400,28006,225,192,15,197,8,129,9,8
"100","2020-03-27",41,2,23,221,4020,0.885074626865672,8400,28006,225,192,20,217,9,138,13,9
"101","2020-03-28",58,2,24,246,4020,0.885074626865672,8400,28006,225,192,27,244,8,146,13,8
"102","2020-03-29",73,2,20,273,4020,0.885074626865672,8400,28006,225,192,22,266,10,156,11,10
"103","2020-03-30",78,2,16,303,4020,0.885074626865672,8400,28006,225,192,28,294,5,161,19,5
"104","2020-03-31",82,2,13,331,4020,0.885074626865672,8400,28006,225,192,25,319,6,167,20,6
"105","2020-04-01",85,2,13,345,4020,0.885074626865672,8400,28006,225,192,31,350,8,175,16,8
"106","2020-04-02",96,2,21,368,4020,0.885074626865672,8400,28006,225,192,17,367,5,180,9,5
"107","2020-04-03",110,2,24,386,4020,0.885074626865672,8400,28006,225,192,27,394,9,189,12,9
"108","2020-04-04",109,2,33,416,4020,0.885074626865672,8400,28006,225,192,30,424,2,191,22,2
"109","2020-04-05",121,2,33,449,4020,0.885074626865672,8400,28006,225,192,31,455,13,204,14,13
"110","2020-04-06",127,2,31,470,4020,0.885074626865672,8400,28006,225,192,26,481,7,211,14,7
"111","2020-04-07",122,2,35,499,4020,0.885074626865672,8400,28006,225,192,33,514,5,216,22,5
"112","2020-04-08",139,2,30,543,4020,0.885074626865672,8400,28006,225,192,36,550,15,231,25,15
"113","2020-04-09",147,2,34,579,4020,0.885074626865672,8400,28006,225,192,43,593,3,234,30,3
"114","2020-04-10",185,2,47,588,4020,0.885074626865672,8400,28006,225,192,29,622,5,239,17,5
"115","2020-04-11",201,2,57,601,4020,0.885074626865672,8400,28006,225,192,37,659,7,246,21,7
"116","2020-04-12",199,2,53,649,4020,0.885074626865672,8400,28006,225,192,32,691,12,258,23,12
"117","2020-04-13",201,2,55,680,4020,0.885074626865672,8400,28006,225,192,32,723,8,266,22,8
"118","2020-04-14",213,2,51,728,4020,0.885074626865672,8400,28006,225,192,46,769,2,268,31,2
"119","2020-04-15",212,2,49,733,4020,0.885074626865672,8400,28006,225,192,40,809,5,273,25,5
"120","2020-04-16",226,2,55,749,4020,0.885074626865672,8400,28006,225,192,46,855,13,286,32,13
"121","2020-04-17",246,2,59,761,4020,0.885074626865672,8400,28006,225,192,35,890,5,291,21,5
"122","2020-04-18",250,2,54,811,4020,0.885074626865672,8400,28006,225,192,49,939,7,298,40,7
"123","2020-04-19",241,2,63,829,4020,0.885074626865672,8400,28006,225,192,35,974,16,314,22,16
"124","2020-04-20",247,2,64,854,4020,0.885074626865672,8400,28006,225,192,45,1019,11,325,32,11
"125","2020-04-21",251,2,59,870,4020,0.885074626865672,8400,28006,225,192,34,1053,18,343,23,18
"126","2020-04-22",260,2,53,896,4020,0.885074626865672,8400,28006,225,192,32,1085,12,355,18,12
"127","2020-04-23",256,2,47,904,4020,0.885074626865672,8400,28006,225,192,37,1122,13,368,29,13
"128","2020-04-24",285,2,47,912,4020,0.885074626865672,8400,28006,225,192,31,1153,8,376,23,8
"129","2020-04-25",302,2,47,914,4020,0.885074626865672,8400,28006,225,192,36,1189,7,383,23,7
"130","2020-04-26",291,2,43,903,4020,0.885074626865672,8400,28006,225,192,36,1225,21,404,27,21
"131","2020-04-27",283,2,49,907,4020,0.885074626865672,8400,28006,225,192,41,1266,16,420,30,16
"132","2020-04-28",282,2,51,916,4020,0.885074626865672,8400,28006,225,192,52,1318,17,437,33,17
"133","2020-04-29",283,2,50,926,4020,0.885074626865672,8400,28006,225,192,29,1347,15,452,19,15
"134","2020-04-30",302,2,56,893,4020,0.885074626865672,8400,28006,225,192,43,1390,9,461,30,9
"135","2020-05-01",316,2,56,880,4020,0.885074626865672,8400,28006,225,192,40,1430,15,476,26,15
"136","2020-05-02",334,2,60,862,4020,0.885074626865672,8400,28006,225,192,36,1466,21,497,25,21
"137","2020-05-03",313,2,60,849,4020,0.885074626865672,8400,28006,225,192,37,1503,15,512,25,15
"138","2020-05-04",301,2,58,843,4020,0.885074626865672,8400,28006,225,192,23,1526,13,525,17,13
"139","2020-05-05",296,2,52,839,4020,0.885074626865672,8400,28006,225,192,50,1576,24,549,33,24
"140","2020-05-06",295,2,48,841,4020,0.885074626865672,8400,28006,225,192,29,1605,16,565,18,16
"141","2020-05-07",275,2,45,827,4020,0.885074626865672,8400,28006,225,192,33,1638,7,572,26,7
"142","2020-05-08",306,2,40,794,4020,0.885074626865672,8400,28006,225,192,37,1675,20,592,29,20
"143","2020-05-09",286,2,56,772,4020,0.885074626865672,8400,28006,225,192,35,1710,8,600,26,8
"144","2020-05-10",259,2,62,760,4020,0.885074626865672,8400,28006,225,192,33,1743,12,612,25,12
"145","2020-05-11",258,2,68,729,4020,0.885074626865672,8400,28006,225,192,40,1783,6,618,30,6
"146","2020-05-12",246,2,72,688,4020,0.885074626865672,8400,28006,225,192,29,1812,3,621,19,3
"147","2020-05-13",249,2,70,659,4020,0.885074626865672,8400,28006,225,192,34,1846,5,626,25,5
"148","2020-05-14",240,2,64,624,4020,0.885074626865672,8400,28006,225,192,30,1876,6,632,21,6
"149","2020-05-15",213,2,58,583,4020,0.885074626865672,8400,28006,225,192,26,1902,6,638,18,6
"150","2020-05-16",211,2,48,545,4020,0.885074626865672,8400,28006,225,192,29,1931,8,646,21,8
"151","2020-05-17",209,2,43,512,4020,0.885074626865672,8400,28006,225,192,26,1957,4,650,21,4
"152","2020-05-18",200,2,35,478,4020,0.885074626865672,8400,28006,225,192,35,1992,11,661,25,11
"153","2020-05-19",179,2,29,457,4020,0.885074626865672,8400,28006,225,192,36,2028,15,676,25,15
"154","2020-05-20",157,2,38,419,4020,0.885074626865672,8400,28006,225,192,31,2059,18,694,25,18
"155","2020-05-21",159,2,50,390,4020,0.885074626865672,8400,28006,225,192,23,2082,13,707,19,13
"156","2020-05-22",163,2,53,370,4020,0.885074626865672,8400,28006,225,192,22,2104,15,722,16,15
"157","2020-05-23",152,2,47,339,4020,0.885074626865672,8400,28006,225,192,25,2129,13,735,18,13
"158","2020-05-24",126,2,42,328,4020,0.885074626865672,8400,28006,225,192,16,2145,10,745,13,10
"159","2020-05-25",115,2,42,320,4020,0.885074626865672,8400,28006,225,192,28,2173,12,757,20,12
"160","2020-05-26",116,2,44,302,4020,0.885074626865672,8400,28006,225,192,22,2195,11,768,16,11
"161","2020-05-27",112,2,48,295,4020,0.885074626865672,8400,28006,225,192,16,2211,9,777,11,9
"162","2020-05-28",100,2,48,282,4020,0.885074626865672,8400,28006,225,192,20,2231,10,787,17,10
"163","2020-05-29",83,2,48,262,4020,0.885074626865672,8400,28006,225,192,12,2243,8,795,8,8
"164","2020-05-30",86,2,53,261,4020,0.885074626865672,8400,28006,225,192,21,2264,10,805,13,10
"165","2020-05-31",92,2,58,246,4020,0.885074626865672,8400,28006,225,192,12,2276,6,811,9,6
"166","2020-06-01",86,2,49,235,4020,0.885074626865672,8400,28006,225,192,22,2298,9,820,14,9
"167","2020-06-02",84,2,46,226,4020,0.885074626865672,8400,28006,225,192,18,2316,8,828,12,8
"168","2020-06-03",81,2,44,222,4020,0.885074626865672,8400,28006,225,192,15,2331,8,836,12,8
"169","2020-06-04",83,2,45,213,4020,0.885074626865672,8400,28006,225,192,10,2341,4,840,9,4
"170","2020-06-05",88,2,38,194,4020,0.885074626865672,8400,28006,225,192,7,2348,11,851,4,11
"171","2020-06-06",87,2,37,190,4020,0.885074626865672,8400,28006,225,192,23,2371,14,865,17,14
"172","2020-06-07",73,2,30,186,4020,0.885074626865672,8400,28006,225,192,12,2383,10,875,8,10
"173","2020-03-13",1,3,20,21,3636,0.744774477447745,8280,26064,207,617,7,12,2,9,5,2
"174","2020-03-14",2,3,24,35,3636,0.744774477447745,8280,26064,207,617,3,15,3,12,2,3
"175","2020-03-15",4,3,28,48,3636,0.744774477447745,8280,26064,207,617,12,27,5,17,8,5
"176","2020-03-16",5,3,42,63,3636,0.744774477447745,8280,26064,207,617,8,35,4,21,6,4
"177","2020-03-17",10,3,52,80,3636,0.744774477447745,8280,26064,207,617,7,42,6,27,5,6
"178","2020-03-18",13,3,51,91,3636,0.744774477447745,8280,26064,207,617,14,56,7,34,10,7
"179","2020-03-19",14,3,51,112,3636,0.744774477447745,8280,26064,207,617,19,75,4,38,15,4
"180","2020-03-20",22,3,48,134,3636,0.744774477447745,8280,26064,207,617,19,94,6,44,17,6
"181","2020-03-21",27,3,44,156,3636,0.744774477447745,8280,26064,207,617,17,111,5,49,13,5
"182","2020-03-22",37,3,46,182,3636,0.744774477447745,8280,26064,207,617,29,140,11,60,26,11
"183","2020-03-23",42,3,63,191,3636,0.744774477447745,8280,26064,207,617,20,160,7,67,19,7
"184","2020-03-24",39,3,62,214,3636,0.744774477447745,8280,26064,207,617,27,187,11,78,26,11
"185","2020-03-25",43,3,76,237,3636,0.744774477447745,8280,26064,207,617,33,220,10,88,31,10
"186","2020-03-26",50,3,80,269,3636,0.744774477447745,8280,26064,207,617,41,261,10,98,41,10
"187","2020-03-27",59,3,100,287,3636,0.744774477447745,8280,26064,207,617,38,299,11,109,31,11
"188","2020-03-28",64,3,123,302,3636,0.744774477447745,8280,26064,207,617,35,334,12,121,29,12
"189","2020-03-29",77,3,120,316,3636,0.744774477447745,8280,26064,207,617,45,379,22,143,40,22
"190","2020-03-30",87,3,133,336,3636,0.744774477447745,8280,26064,207,617,39,418,12,155,36,12
"191","2020-03-31",87,3,138,376,3636,0.744774477447745,8280,26064,207,617,56,474,7,162,55,7
"192","2020-04-01",93,3,141,401,3636,0.744774477447745,8280,26064,207,617,62,536,6,168,59,6
"193","2020-04-02",100,3,135,423,3636,0.744774477447745,8280,26064,207,617,52,588,26,194,51,26
"194","2020-04-03",124,3,148,432,3636,0.744774477447745,8280,26064,207,617,80,668,17,211,77,17
"195","2020-04-04",138,3,148,462,3636,0.744774477447745,8280,26064,207,617,66,734,9,220,64,9
"196","2020-04-05",160,3,138,484,3636,0.744774477447745,8280,26064,207,617,78,812,11,231,76,11
"197","2020-04-06",155,3,161,495,3636,0.744774477447745,8280,26064,207,617,68,880,15,246,63,15
"198","2020-04-07",150,3,154,517,3636,0.744774477447745,8280,26064,207,617,86,966,15,261,83,15
"199","2020-04-08",157,3,142,536,3636,0.744774477447745,8280,26064,207,617,115,1081,8,269,115,8
"200","2020-04-09",164,3,145,551,3636,0.744774477447745,8280,26064,207,617,86,1167,11,280,82,11
"201","2020-04-10",187,3,155,572,3636,0.744774477447745,8280,26064,207,617,98,1265,5,285,94,5
"202","2020-04-11",203,3,193,595,3636,0.744774477447745,8280,26064,207,617,118,1383,13,298,117,13
"203","2020-04-12",174,3,186,630,3636,0.744774477447745,8280,26064,207,617,112,1495,23,321,106,23
"204","2020-04-13",180,3,197,654,3636,0.744774477447745,8280,26064,207,617,99,1594,21,342,99,21
"205","2020-04-14",186,3,200,648,3636,0.744774477447745,8280,26064,207,617,110,1704,13,355,104,13
"206","2020-04-15",190,3,183,681,3636,0.744774477447745,8280,26064,207,617,115,1819,15,370,112,15
"207","2020-04-16",198,3,168,696,3636,0.744774477447745,8280,26064,207,617,112,1931,24,394,110,24
"208","2020-04-17",224,3,170,710,3636,0.744774477447745,8280,26064,207,617,133,2064,21,415,130,21
"209","2020-04-18",207,3,174,737,3636,0.744774477447745,8280,26064,207,617,119,2183,23,438,117,23
"210","2020-04-19",239,3,177,757,3636,0.744774477447745,8280,26064,207,617,102,2285,14,452,100,14
"211","2020-04-20",242,3,171,751,3636,0.744774477447745,8280,26064,207,617,136,2421,25,477,134,25
"212","2020-04-21",241,3,161,760,3636,0.744774477447745,8280,26064,207,617,117,2538,16,493,117,16
"213","2020-04-22",241,3,168,790,3636,0.744774477447745,8280,26064,207,617,115,2653,16,509,112,16
"214","2020-04-23",240,3,161,770,3636,0.744774477447745,8280,26064,207,617,113,2766,14,523,111,14
"215","2020-04-24",259,3,180,779,3636,0.744774477447745,8280,26064,207,617,131,2897,15,538,125,15
"216","2020-04-25",263,3,205,775,3636,0.744774477447745,8280,26064,207,617,116,3013,15,553,113,15
"217","2020-04-26",236,3,217,771,3636,0.744774477447745,8280,26064,207,617,119,3132,8,561,118,8
"218","2020-04-27",231,3,235,779,3636,0.744774477447745,8280,26064,207,617,114,3246,22,583,112,22
"219","2020-04-28",224,3,237,774,3636,0.744774477447745,8280,26064,207,617,102,3348,19,602,101,19
"220","2020-04-29",229,3,236,750,3636,0.744774477447745,8280,26064,207,617,113,3461,21,623,110,21
"221","2020-04-30",228,3,251,724,3636,0.744774477447745,8280,26064,207,617,80,3541,27,650,79,27
"222","2020-05-01",236,3,241,701,3636,0.744774477447745,8280,26064,207,617,107,3648,13,663,104,13
"223","2020-05-02",267,3,237,684,3636,0.744774477447745,8280,26064,207,617,84,3732,18,681,81,18
"224","2020-05-03",240,3,234,652,3636,0.744774477447745,8280,26064,207,617,81,3813,14,695,78,14
"225","2020-05-04",239,3,216,650,3636,0.744774477447745,8280,26064,207,617,83,3896,8,703,81,8
"226","2020-05-05",224,3,205,647,3636,0.744774477447745,8280,26064,207,617,88,3984,7,710,86,7
"227","2020-05-06",224,3,199,614,3636,0.744774477447745,8280,26064,207,617,55,4039,8,718,55,8
"228","2020-05-07",215,3,178,584,3636,0.744774477447745,8280,26064,207,617,83,4122,6,724,78,6
"229","2020-05-08",227,3,176,549,3636,0.744774477447745,8280,26064,207,617,63,4185,12,736,62,12
"230","2020-05-09",217,3,169,515,3636,0.744774477447745,8280,26064,207,617,58,4243,7,743,54,7
"231","2020-05-10",211,3,181,502,3636,0.744774477447745,8280,26064,207,617,67,4310,9,752,65,9
"232","2020-05-11",193,3,177,482,3636,0.744774477447745,8280,26064,207,617,55,4365,11,763,54,11
"233","2020-05-12",190,3,189,467,3636,0.744774477447745,8280,26064,207,617,55,4420,13,776,53,13
"234","2020-05-13",183,3,180,442,3636,0.744774477447745,8280,26064,207,617,44,4464,13,789,43,13
"235","2020-05-14",181,3,147,414,3636,0.744774477447745,8280,26064,207,617,38,4502,13,802,37,13
"236","2020-05-15",155,3,145,410,3636,0.744774477447745,8280,26064,207,617,59,4561,8,810,59,8
"237","2020-05-16",151,3,136,397,3636,0.744774477447745,8280,26064,207,617,54,4615,7,817,53,7
"238","2020-05-17",142,3,129,386,3636,0.744774477447745,8280,26064,207,617,37,4652,7,824,36,7
"239","2020-05-18",141,3,139,375,3636,0.744774477447745,8280,26064,207,617,33,4685,8,832,32,8
"240","2020-05-19",133,3,149,364,3636,0.744774477447745,8280,26064,207,617,38,4723,8,840,36,8
"241","2020-05-20",126,3,162,357,3636,0.744774477447745,8280,26064,207,617,34,4757,4,844,31,4
"242","2020-05-21",129,3,177,343,3636,0.744774477447745,8280,26064,207,617,27,4784,7,851,24,7
"243","2020-05-22",132,3,201,330,3636,0.744774477447745,8280,26064,207,617,27,4811,5,856,26,5
"244","2020-05-23",123,3,207,330,3636,0.744774477447745,8280,26064,207,617,28,4839,6,862,28,6
"245","2020-05-24",117,3,197,308,3636,0.744774477447745,8280,26064,207,617,14,4853,10,872,13,10
"246","2020-05-25",110,3,185,303,3636,0.744774477447745,8280,26064,207,617,15,4868,6,878,13,6
"247","2020-05-26",105,3,182,287,3636,0.744774477447745,8280,26064,207,617,26,4894,11,889,24,11
"248","2020-05-27",98,3,173,277,3636,0.744774477447745,8280,26064,207,617,10,4904,4,893,10,4
"249","2020-05-28",95,3,168,270,3636,0.744774477447745,8280,26064,207,617,14,4918,13,906,13,13
"250","2020-05-29",94,3,172,254,3636,0.744774477447745,8280,26064,207,617,3,4921,1,907,3,1
"251","2020-05-30",90,3,176,253,3636,0.744774477447745,8280,26064,207,617,11,4932,15,922,9,15
"252","2020-05-31",86,3,170,251,3636,0.744774477447745,8280,26064,207,617,6,4938,6,928,5,6
"253","2020-06-01",90,3,175,243,3636,0.744774477447745,8280,26064,207,617,9,4947,7,935,8,7
"254","2020-06-02",91,3,186,230,3636,0.744774477447745,8280,26064,207,617,10,4957,5,940,10,5
"255","2020-06-03",90,3,177,227,3636,0.744774477447745,8280,26064,207,617,12,4969,4,944,10,4
"256","2020-06-04",84,3,177,226,3636,0.744774477447745,8280,26064,207,617,8,4977,6,950,8,6
"257","2020-06-05",81,3,181,213,3636,0.744774477447745,8280,26064,207,617,5,4982,3,953,4,3
"258","2020-06-06",88,3,170,199,3636,0.744774477447745,8280,26064,207,617,7,4989,5,958,6,5
"259","2020-06-07",77,3,177,194,3636,0.744774477447745,8280,26064,207,617,5,4994,2,960,5,2
"260","2020-03-08",1,4,0,0,3189,0.87739103167137,8205,24131,160,262,NA,NA,NA,NA,NA,NA
"261","2020-03-09",1,4,0,0,3189,0.87739103167137,8205,24131,160,262,NA,NA,NA,NA,NA,NA
"262","2020-03-10",0,4,0,0,3189,0.87739103167137,8205,24131,160,262,NA,NA,NA,NA,NA,NA
"263","2020-03-11",0,4,0,0,3189,0.87739103167137,8205,24131,160,262,9,9,9,9,NA,9
"264","2020-03-12",0,4,0,0,3189,0.87739103167137,8205,24131,160,262,11,20,9,18,2,9
"265","2020-03-13",0,4,0,0,3189,0.87739103167137,8205,24131,160,262,9,29,2,20,2,2
"266","2020-03-14",1,4,19,12,3189,0.87739103167137,8205,24131,160,262,16,45,4,24,6,4
"267","2020-03-15",2,4,13,22,3189,0.87739103167137,8205,24131,160,262,12,57,13,37,4,13
"268","2020-03-16",2,4,10,30,3189,0.87739103167137,8205,24131,160,262,23,80,11,48,7,11
"269","2020-03-17",1,4,14,35,3189,0.87739103167137,8205,24131,160,262,23,103,5,53,13,5
"270","2020-03-18",3,4,17,41,3189,0.87739103167137,8205,24131,160,262,16,119,11,64,8,11
"271","2020-03-19",3,4,27,50,3189,0.87739103167137,8205,24131,160,262,31,150,18,82,18,18
"272","2020-03-20",5,4,29,58,3189,0.87739103167137,8205,24131,160,262,26,176,14,96,15,14
"273","2020-03-21",9,4,34,72,3189,0.87739103167137,8205,24131,160,262,22,198,7,103,15,7
"274","2020-03-22",10,4,40,85,3189,0.87739103167137,8205,24131,160,262,34,232,12,115,22,12
"275","2020-03-23",13,4,34,100,3189,0.87739103167137,8205,24131,160,262,29,261,8,123,22,8
"276","2020-03-24",21,4,43,112,3189,0.87739103167137,8205,24131,160,262,32,293,17,140,21,17
"277","2020-03-25",25,4,44,118,3189,0.87739103167137,8205,24131,160,262,34,327,21,161,26,21
"278","2020-03-26",28,4,32,132,3189,0.87739103167137,8205,24131,160,262,41,368,19,180,32,19
"279","2020-03-27",30,4,32,154,3189,0.87739103167137,8205,24131,160,262,42,410,13,193,31,13
"280","2020-03-28",37,4,28,166,3189,0.87739103167137,8205,24131,160,262,30,440,11,204,21,11
"281","2020-03-29",45,4,23,186,3189,0.87739103167137,8205,24131,160,262,30,470,16,220,26,16
"282","2020-03-30",47,4,27,202,3189,0.87739103167137,8205,24131,160,262,32,502,8,228,15,8
"283","2020-03-31",46,4,28,217,3189,0.87739103167137,8205,24131,160,262,32,534,5,233,25,5
"284","2020-04-01",52,4,30,236,3189,0.87739103167137,8205,24131,160,262,34,568,28,261,25,28
"285","2020-04-02",58,4,27,259,3189,0.87739103167137,8205,24131,160,262,44,612,21,282,29,21
"286","2020-04-03",72,4,22,278,3189,0.87739103167137,8205,24131,160,262,49,661,10,292,30,10
"287","2020-04-04",74,4,24,294,3189,0.87739103167137,8205,24131,160,262,41,702,37,329,30,37
"288","2020-04-05",81,4,18,311,3189,0.87739103167137,8205,24131,160,262,47,749,22,351,39,22
"289","2020-04-06",92,4,18,340,3189,0.87739103167137,8205,24131,160,262,43,792,25,376,32,25
"290","2020-04-07",96,4,20,362,3189,0.87739103167137,8205,24131,160,262,44,836,18,394,31,18
"291","2020-04-08",98,4,27,373,3189,0.87739103167137,8205,24131,160,262,41,877,18,412,28,18
"292","2020-04-09",100,4,27,379,3189,0.87739103167137,8205,24131,160,262,46,923,25,437,33,25
"293","2020-04-10",112,4,32,387,3189,0.87739103167137,8205,24131,160,262,37,960,21,458,23,21
"294","2020-04-11",146,4,33,406,3189,0.87739103167137,8205,24131,160,262,47,1007,27,485,37,27
"295","2020-04-12",145,4,40,406,3189,0.87739103167137,8205,24131,160,262,40,1047,36,521,26,36
"296","2020-04-13",131,4,45,422,3189,0.87739103167137,8205,24131,160,262,48,1095,10,531,35,10
"297","2020-04-14",131,4,47,452,3189,0.87739103167137,8205,24131,160,262,48,1143,10,541,35,10
"298","2020-04-15",132,4,47,457,3189,0.87739103167137,8205,24131,160,262,52,1195,6,547,31,6
"299","2020-04-16",137,4,48,456,3189,0.87739103167137,8205,24131,160,262,31,1226,8,555,21,8
"300","2020-04-17",163,4,55,450,3189,0.87739103167137,8205,24131,160,262,37,1263,13,568,28,13
"301","2020-04-18",148,4,54,460,3189,0.87739103167137,8205,24131,160,262,36,1299,26,594,28,26
"302","2020-04-19",152,4,53,470,3189,0.87739103167137,8205,24131,160,262,44,1343,18,612,31,18
"303","2020-04-20",153,4,44,489,3189,0.87739103167137,8205,24131,160,262,46,1389,11,623,36,11
"304","2020-04-21",148,4,53,493,3189,0.87739103167137,8205,24131,160,262,35,1424,21,644,24,21
"305","2020-04-22",153,4,53,500,3189,0.87739103167137,8205,24131,160,262,40,1464,31,675,27,31
"306","2020-04-23",155,4,47,509,3189,0.87739103167137,8205,24131,160,262,46,1510,31,706,33,31
"307","2020-04-24",166,4,49,519,3189,0.87739103167137,8205,24131,160,262,52,1562,14,720,40,14
"308","2020-04-25",181,4,51,521,3189,0.87739103167137,8205,24131,160,262,47,1609,8,728,39,8
"309","2020-04-26",155,4,48,520,3189,0.87739103167137,8205,24131,160,262,41,1650,7,735,21,7
"310","2020-04-27",158,4,58,518,3189,0.87739103167137,8205,24131,160,262,40,1690,10,745,28,10
"311","2020-04-28",164,4,72,505,3189,0.87739103167137,8205,24131,160,262,45,1735,17,762,22,17
"312","2020-04-29",162,4,78,536,3189,0.87739103167137,8205,24131,160,262,43,1778,19,781,32,19
"313","2020-04-30",165,4,73,552,3189,0.87739103167137,8205,24131,160,262,54,1832,47,828,34,47
"314","2020-05-01",172,4,75,562,3189,0.87739103167137,8205,24131,160,262,44,1876,30,858,30,30
"315","2020-05-02",173,4,66,598,3189,0.87739103167137,8205,24131,160,262,43,1919,28,886,25,28
"316","2020-05-03",182,4,70,597,3189,0.87739103167137,8205,24131,160,262,43,1962,33,919,27,33
"317","2020-05-04",182,4,67,600,3189,0.87739103167137,8205,24131,160,262,35,1997,33,952,24,33
"318","2020-05-05",177,4,67,609,3189,0.87739103167137,8205,24131,160,262,41,2038,42,994,24,42
"319","2020-05-06",172,4,70,622,3189,0.87739103167137,8205,24131,160,262,39,2077,29,1023,29,29
"320","2020-05-07",174,4,78,614,3189,0.87739103167137,8205,24131,160,262,41,2118,30,1053,23,30
"321","2020-05-08",183,4,76,599,3189,0.87739103167137,8205,24131,160,262,44,2162,13,1066,25,13
"322","2020-05-09",200,4,71,596,3189,0.87739103167137,8205,24131,160,262,37,2199,15,1081,28,15
"323","2020-05-10",191,4,63,592,3189,0.87739103167137,8205,24131,160,262,39,2238,11,1092,33,11
"324","2020-05-11",183,4,65,586,3189,0.87739103167137,8205,24131,160,262,35,2273,8,1100,25,8
"325","2020-05-12",177,4,75,605,3189,0.87739103167137,8205,24131,160,262,26,2299,7,1107,20,7
"326","2020-05-13",180,4,65,605,3189,0.87739103167137,8205,24131,160,262,35,2334,17,1124,23,17
"327","2020-05-14",173,4,67,578,3189,0.87739103167137,8205,24131,160,262,29,2363,36,1160,20,36
"328","2020-05-15",175,4,64,567,3189,0.87739103167137,8205,24131,160,262,30,2393,28,1188,20,28
"329","2020-05-16",160,4,57,556,3189,0.87739103167137,8205,24131,160,262,18,2411,11,1199,12,11
"330","2020-05-17",173,4,54,552,3189,0.87739103167137,8205,24131,160,262,25,2436,9,1208,18,9
"331","2020-05-18",172,4,50,543,3189,0.87739103167137,8205,24131,160,262,33,2469,28,1236,17,28
"332","2020-05-19",169,4,53,539,3189,0.87739103167137,8205,24131,160,262,29,2498,27,1263,16,27
"333","2020-05-20",175,4,52,521,3189,0.87739103167137,8205,24131,160,262,25,2523,7,1270,20,7
"334","2020-05-21",180,4,52,510,3189,0.87739103167137,8205,24131,160,262,32,2555,14,1284,17,14
"335","2020-05-22",197,4,55,501,3189,0.87739103167137,8205,24131,160,262,26,2581,7,1291,14,7
"336","2020-05-23",200,4,47,484,3189,0.87739103167137,8205,24131,160,262,29,2610,6,1297,23,6
"337","2020-05-24",172,4,57,472,3189,0.87739103167137,8205,24131,160,262,20,2630,6,1303,11,6
"338","2020-05-25",166,4,60,458,3189,0.87739103167137,8205,24131,160,262,12,2642,15,1318,8,15
"339","2020-05-26",160,4,68,440,3189,0.87739103167137,8205,24131,160,262,21,2663,18,1336,14,18
"340","2020-05-27",160,4,72,416,3189,0.87739103167137,8205,24131,160,262,20,2683,21,1357,12,21
"341","2020-05-28",151,4,81,394,3189,0.87739103167137,8205,24131,160,262,21,2704,15,1372,11,15
"342","2020-05-29",152,4,80,374,3189,0.87739103167137,8205,24131,160,262,19,2723,20,1392,13,20
"343","2020-05-30",143,4,80,372,3189,0.87739103167137,8205,24131,160,262,19,2742,12,1404,13,12
"344","2020-05-31",127,4,65,354,3189,0.87739103167137,8205,24131,160,262,15,2757,12,1416,15,12
"345","2020-06-01",124,4,60,332,3189,0.87739103167137,8205,24131,160,262,19,2776,8,1424,10,8
"346","2020-06-02",120,4,57,309,3189,0.87739103167137,8205,24131,160,262,25,2801,16,1440,18,16
"347","2020-06-03",106,4,65,302,3189,0.87739103167137,8205,24131,160,262,17,2818,14,1454,12,14
"348","2020-06-04",110,4,57,290,3189,0.87739103167137,8205,24131,160,262,12,2830,6,1460,10,6
"349","2020-06-05",109,4,52,279,3189,0.87739103167137,8205,24131,160,262,17,2847,12,1472,14,12
"350","2020-06-06",110,4,43,270,3189,0.87739103167137,8205,24131,160,262,17,2864,3,1475,13,3
"351","2020-06-07",98,4,43,256,3189,0.87739103167137,8205,24131,160,262,12,2876,22,1497,11,22
"352","2020-03-07",2,5,0,0,3555,0.820253164556962,8310,25880,192,202,NA,NA,NA,NA,NA,NA
"353","2020-03-08",2,5,0,0,3555,0.820253164556962,8310,25880,192,202,NA,NA,NA,NA,NA,NA
"354","2020-03-09",0,5,0,0,3555,0.820253164556962,8310,25880,192,202,NA,NA,NA,NA,NA,NA
"355","2020-03-10",0,5,0,0,3555,0.820253164556962,8310,25880,192,202,NA,NA,1,1,NA,1
"356","2020-03-11",0,5,0,0,3555,0.820253164556962,8310,25880,192,202,3,3,10,11,NA,10
"357","2020-03-12",0,5,0,0,3555,0.820253164556962,8310,25880,192,202,7,10,6,17,1,6
"358","2020-03-13",0,5,0,0,3555,0.820253164556962,8310,25880,192,202,5,15,7,24,1,7
"359","2020-03-14",0,5,0,0,3555,0.820253164556962,8310,25880,192,202,3,18,5,29,3,5
"360","2020-03-15",0,5,0,0,3555,0.820253164556962,8310,25880,192,202,5,23,7,36,2,7
"361","2020-03-16",0,5,0,0,3555,0.820253164556962,8310,25880,192,202,7,30,8,44,4,8
"362","2020-03-17",3,5,15,62,3555,0.820253164556962,8310,25880,192,202,6,36,3,47,3,3
"363","2020-03-18",5,5,11,71,3555,0.820253164556962,8310,25880,192,202,9,45,11,58,7,11
"364","2020-03-19",7,5,11,87,3555,0.820253164556962,8310,25880,192,202,8,53,8,66,4,8
"365","2020-03-20",12,5,10,99,3555,0.820253164556962,8310,25880,192,202,14,67,11,77,10,11
"366","2020-03-21",25,5,15,115,3555,0.820253164556962,8310,25880,192,202,16,83,7,84,14,7
"367","2020-03-22",27,5,22,120,3555,0.820253164556962,8310,25880,192,202,18,101,8,92,18,8
"368","2020-03-23",26,5,26,146,3555,0.820253164556962,8310,25880,192,202,11,112,12,104,11,12
"369","2020-03-24",26,5,24,176,3555,0.820253164556962,8310,25880,192,202,17,129,6,110,13,6
"370","2020-03-25",30,5,25,197,3555,0.820253164556962,8310,25880,192,202,26,155,4,114,23,4
"371","2020-03-26",33,5,22,213,3555,0.820253164556962,8310,25880,192,202,19,174,12,126,18,12
"372","2020-03-27",43,5,17,238,3555,0.820253164556962,8310,25880,192,202,31,205,15,141,27,15
"373","2020-03-28",54,5,14,260,3555,0.820253164556962,8310,25880,192,202,32,237,12,153,29,12
"374","2020-03-29",63,5,16,281,3555,0.820253164556962,8310,25880,192,202,57,294,11,164,54,11
"375","2020-03-30",64,5,17,306,3555,0.820253164556962,8310,25880,192,202,42,336,17,181,38,17
"376","2020-03-31",75,5,24,321,3555,0.820253164556962,8310,25880,192,202,45,381,16,197,43,16
"377","2020-04-01",84,5,26,354,3555,0.820253164556962,8310,25880,192,202,36,417,20,217,29,20
"378","2020-04-02",96,5,18,379,3555,0.820253164556962,8310,25880,192,202,58,475,11,228,56,11
"379","2020-04-03",106,5,25,414,3555,0.820253164556962,8310,25880,192,202,46,521,31,259,43,31
"380","2020-04-04",119,5,24,420,3555,0.820253164556962,8310,25880,192,202,59,580,17,276,56,17
"381","2020-04-05",115,5,26,432,3555,0.820253164556962,8310,25880,192,202,69,649,16,292,64,16
"382","2020-04-06",117,5,30,442,3555,0.820253164556962,8310,25880,192,202,73,722,18,310,69,18
"383","2020-04-07",116,5,30,458,3555,0.820253164556962,8310,25880,192,202,75,797,8,318,71,8
"384","2020-04-08",115,5,39,470,3555,0.820253164556962,8310,25880,192,202,72,869,12,330,70,12
"385","2020-04-09",109,5,44,491,3555,0.820253164556962,8310,25880,192,202,90,959,17,347,86,17
"386","2020-04-10",132,5,48,499,3555,0.820253164556962,8310,25880,192,202,101,1060,19,366,99,19
"387","2020-04-11",161,5,48,518,3555,0.820253164556962,8310,25880,192,202,105,1165,12,378,100,12
"388","2020-04-12",165,5,39,538,3555,0.820253164556962,8310,25880,192,202,99,1264,40,418,96,40
"389","2020-04-13",159,5,40,555,3555,0.820253164556962,8310,25880,192,202,133,1397,29,447,131,29
"390","2020-04-14",162,5,43,574,3555,0.820253164556962,8310,25880,192,202,113,1510,25,472,106,25
"391","2020-04-15",171,5,53,597,3555,0.820253164556962,8310,25880,192,202,151,1661,24,496,145,24
"392","2020-04-16",182,5,56,595,3555,0.820253164556962,8310,25880,192,202,147,1808,22,518,145,22
"393","2020-04-17",211,5,56,602,3555,0.820253164556962,8310,25880,192,202,149,1957,22,540,146,22
"394","2020-04-18",195,5,55,637,3555,0.820253164556962,8310,25880,192,202,175,2132,22,562,173,22
"395","2020-04-19",205,5,60,660,3555,0.820253164556962,8310,25880,192,202,156,2288,27,589,153,27
"396","2020-04-20",219,5,62,665,3555,0.820253164556962,8310,25880,192,202,154,2442,29,618,151,29
"397","2020-04-21",210,5,63,650,3555,0.820253164556962,8310,25880,192,202,151,2593,39,657,147,39
"398","2020-04-22",210,5,74,660,3555,0.820253164556962,8310,25880,192,202,161,2754,26,683,158,26
"399","2020-04-23",215,5,71,678,3555,0.820253164556962,8310,25880,192,202,161,2915,35,718,157,35
"400","2020-04-24",242,5,77,685,3555,0.820253164556962,8310,25880,192,202,143,3058,27,745,140,27
"401","2020-04-25",253,5,81,671,3555,0.820253164556962,8310,25880,192,202,162,3220,26,771,157,26
"402","2020-04-26",230,5,75,672,3555,0.820253164556962,8310,25880,192,202,165,3385,26,797,162,26
"403","2020-04-27",212,5,70,655,3555,0.820253164556962,8310,25880,192,202,113,3498,27,824,112,27
"404","2020-04-28",211,5,75,648,3555,0.820253164556962,8310,25880,192,202,147,3645,26,850,140,26
"405","2020-04-29",215,5,78,657,3555,0.820253164556962,8310,25880,192,202,133,3778,22,872,130,22
"406","2020-04-30",220,5,73,659,3555,0.820253164556962,8310,25880,192,202,109,3887,37,909,109,37
"407","2020-05-01",225,5,68,660,3555,0.820253164556962,8310,25880,192,202,127,4014,33,942,124,33
"408","2020-05-02",226,5,58,650,3555,0.820253164556962,8310,25880,192,202,87,4101,34,976,84,34
"409","2020-05-03",224,5,53,660,3555,0.820253164556962,8310,25880,192,202,100,4201,25,1001,100,25
"410","2020-05-04",233,5,49,661,3555,0.820253164556962,8310,25880,192,202,97,4298,20,1021,93,20
"411","2020-05-05",236,5,55,653,3555,0.820253164556962,8310,25880,192,202,76,4374,11,1032,75,11
"412","2020-05-06",228,5,52,645,3555,0.820253164556962,8310,25880,192,202,85,4459,21,1053,85,21
"413","2020-05-07",232,5,61,631,3555,0.820253164556962,8310,25880,192,202,79,4538,31,1084,78,31
"414","2020-05-08",227,5,72,612,3555,0.820253164556962,8310,25880,192,202,72,4610,20,1104,70,20
"415","2020-05-09",235,5,73,597,3555,0.820253164556962,8310,25880,192,202,65,4675,30,1134,65,30
"416","2020-05-10",216,5,78,598,3555,0.820253164556962,8310,25880,192,202,62,4737,20,1154,60,20
"417","2020-05-11",206,5,85,574,3555,0.820253164556962,8310,25880,192,202,55,4792,22,1176,53,22
"418","2020-05-12",209,5,79,539,3555,0.820253164556962,8310,25880,192,202,50,4842,25,1201,48,25
"419","2020-05-13",210,5,66,522,3555,0.820253164556962,8310,25880,192,202,35,4877,24,1225,35,24
"420","2020-05-14",195,5,62,510,3555,0.820253164556962,8310,25880,192,202,43,4920,19,1244,38,19
"421","2020-05-15",199,5,54,491,3555,0.820253164556962,8310,25880,192,202,34,4954,29,1273,34,29
"422","2020-05-16",176,5,49,474,3555,0.820253164556962,8310,25880,192,202,36,4990,27,1300,35,27
"423","2020-05-17",181,5,50,465,3555,0.820253164556962,8310,25880,192,202,23,5013,32,1332,21,32
"424","2020-05-18",170,5,45,459,3555,0.820253164556962,8310,25880,192,202,25,5038,28,1360,24,28
"425","2020-05-19",145,5,41,443,3555,0.820253164556962,8310,25880,192,202,24,5062,19,1379,22,19
"426","2020-05-20",143,5,39,447,3555,0.820253164556962,8310,25880,192,202,27,5089,19,1398,27,19
"427","2020-05-21",136,5,37,447,3555,0.820253164556962,8310,25880,192,202,11,5100,4,1402,10,4
"428","2020-05-22",140,5,37,416,3555,0.820253164556962,8310,25880,192,202,16,5116,15,1417,15,15
"429","2020-05-23",164,5,34,404,3555,0.820253164556962,8310,25880,192,202,18,5134,12,1429,16,12
"430","2020-05-24",147,5,34,395,3555,0.820253164556962,8310,25880,192,202,9,5143,10,1439,7,10
"431","2020-05-25",144,5,35,381,3555,0.820253164556962,8310,25880,192,202,16,5159,17,1456,16,17
"432","2020-05-26",140,5,41,366,3555,0.820253164556962,8310,25880,192,202,12,5171,11,1467,12,11
"433","2020-05-27",131,5,46,353,3555,0.820253164556962,8310,25880,192,202,9,5180,14,1481,8,14
"434","2020-05-28",128,5,48,341,3555,0.820253164556962,8310,25880,192,202,13,5193,6,1487,11,6
"435","2020-05-29",126,5,50,323,3555,0.820253164556962,8310,25880,192,202,13,5206,11,1498,11,11
"436","2020-05-30",101,5,48,315,3555,0.820253164556962,8310,25880,192,202,12,5218,7,1505,10,7
"437","2020-05-31",101,5,49,288,3555,0.820253164556962,8310,25880,192,202,8,5226,15,1520,8,15
"438","2020-06-01",97,5,49,268,3555,0.820253164556962,8310,25880,192,202,10,5236,15,1535,7,15
"439","2020-06-02",93,5,49,258,3555,0.820253164556962,8310,25880,192,202,6,5242,11,1546,5,11
"440","2020-06-03",96,5,46,248,3555,0.820253164556962,8310,25880,192,202,11,5253,10,1556,10,10
"441","2020-06-04",94,5,38,236,3555,0.820253164556962,8310,25880,192,202,7,5260,18,1574,5,18
"442","2020-06-05",82,5,36,227,3555,0.820253164556962,8310,25880,192,202,4,5264,9,1583,2,9
"443","2020-06-06",83,5,37,222,3555,0.820253164556962,8310,25880,192,202,6,5270,11,1594,6,11
"444","2020-06-07",68,5,35,211,3555,0.820253164556962,8310,25880,192,202,5,5275,8,1602,5,8
"445","2020-03-14",1,6,24,24,2897,0.829133586468761,8355,22930,151,417,7,24,NA,NA,1,NA
"446","2020-03-15",3,6,31,35,2897,0.829133586468761,8355,22930,151,417,9,33,5,10,4,5
"447","2020-03-16",5,6,35,48,2897,0.829133586468761,8355,22930,151,417,11,44,2,12,5,2
"448","2020-03-17",3,6,39,64,2897,0.829133586468761,8355,22930,151,417,6,50,1,13,3,1
"449","2020-03-18",6,6,42,81,2897,0.829133586468761,8355,22930,151,417,9,59,2,15,4,2
"450","2020-03-19",9,6,41,93,2897,0.829133586468761,8355,22930,151,417,16,75,7,22,11,7
"451","2020-03-20",12,6,28,108,2897,0.829133586468761,8355,22930,151,417,22,97,2,24,12,2
"452","2020-03-21",18,6,24,121,2897,0.829133586468761,8355,22930,151,417,17,114,5,29,10,5
"453","2020-03-22",28,6,22,133,2897,0.829133586468761,8355,22930,151,417,17,131,8,37,8,8
"454","2020-03-23",28,6,18,148,2897,0.829133586468761,8355,22930,151,417,21,152,6,43,13,6
"455","2020-03-24",29,6,28,166,2897,0.829133586468761,8355,22930,151,417,15,167,1,44,11,1
"456","2020-03-25",30,6,33,179,2897,0.829133586468761,8355,22930,151,417,25,192,5,49,18,5
"457","2020-03-26",39,6,28,194,2897,0.829133586468761,8355,22930,151,417,29,221,8,57,21,8
"458","2020-03-27",48,6,22,204,2897,0.829133586468761,8355,22930,151,417,18,239,6,63,8,6
"459","2020-03-28",52,6,20,219,2897,0.829133586468761,8355,22930,151,417,33,272,10,73,22,10
"460","2020-03-29",63,6,36,250,2897,0.829133586468761,8355,22930,151,417,28,300,10,83,20,10
"461","2020-03-30",69,6,35,262,2897,0.829133586468761,8355,22930,151,417,41,341,6,89,29,6
"462","2020-03-31",70,6,33,278,2897,0.829133586468761,8355,22930,151,417,24,365,6,95,18,6
"463","2020-04-01",72,6,38,303,2897,0.829133586468761,8355,22930,151,417,32,397,4,99,28,4
"464","2020-04-02",76,6,50,326,2897,0.829133586468761,8355,22930,151,417,31,428,12,111,26,12
"465","2020-04-03",89,6,56,340,2897,0.829133586468761,8355,22930,151,417,41,469,7,118,32,7
"466","2020-04-04",94,6,62,343,2897,0.829133586468761,8355,22930,151,417,38,507,5,123,31,5
"467","2020-04-05",112,6,76,360,2897,0.829133586468761,8355,22930,151,417,52,559,6,129,38,6
"468","2020-04-06",116,6,80,372,2897,0.829133586468761,8355,22930,151,417,60,619,10,139,47,10
"469","2020-04-07",108,6,71,386,2897,0.829133586468761,8355,22930,151,417,55,674,13,152,42,13
"470","2020-04-08",116,6,65,403,2897,0.829133586468761,8355,22930,151,417,52,726,12,164,45,12
"471","2020-04-09",114,6,62,444,2897,0.829133586468761,8355,22930,151,417,65,791,15,179,58,15
"472","2020-04-10",136,6,57,446,2897,0.829133586468761,8355,22930,151,417,46,837,8,187,33,8
"473","2020-04-11",152,6,53,451,2897,0.829133586468761,8355,22930,151,417,61,898,8,195,53,8
"474","2020-04-12",135,6,47,460,2897,0.829133586468761,8355,22930,151,417,77,975,22,217,73,22
"475","2020-04-13",130,6,40,465,2897,0.829133586468761,8355,22930,151,417,69,1044,26,243,59,26
"476","2020-04-14",138,6,48,481,2897,0.829133586468761,8355,22930,151,417,74,1118,31,274,67,31
"477","2020-04-15",138,6,50,495,2897,0.829133586468761,8355,22930,151,417,72,1190,26,300,60,26
"478","2020-04-16",147,6,47,483,2897,0.829133586468761,8355,22930,151,417,49,1239,24,324,43,24
"479","2020-04-17",154,6,49,498,2897,0.829133586468761,8355,22930,151,417,59,1298,11,335,50,11
"480","2020-04-18",156,6,51,502,2897,0.829133586468761,8355,22930,151,417,68,1366,23,358,62,23
"481","2020-04-19",153,6,44,509,2897,0.829133586468761,8355,22930,151,417,60,1426,15,373,54,15
"482","2020-04-20",160,6,41,501,2897,0.829133586468761,8355,22930,151,417,67,1493,9,382,58,9
"483","2020-04-21",166,6,48,495,2897,0.829133586468761,8355,22930,151,417,61,1554,20,402,53,20
"484","2020-04-22",170,6,46,491,2897,0.829133586468761,8355,22930,151,417,64,1618,31,433,48,31
"485","2020-04-23",160,6,70,481,2897,0.829133586468761,8355,22930,151,417,67,1685,12,445,58,12
"486","2020-04-24",182,6,68,481,2897,0.829133586468761,8355,22930,151,417,77,1762,14,459,67,14
"487","2020-04-25",173,6,75,473,2897,0.829133586468761,8355,22930,151,417,65,1827,10,469,53,10
"488","2020-04-26",144,6,78,472,2897,0.829133586468761,8355,22930,151,417,60,1887,11,480,51,11
"489","2020-04-27",139,6,70,478,2897,0.829133586468761,8355,22930,151,417,72,1959,10,490,61,10
"490","2020-04-28",125,6,69,467,2897,0.829133586468761,8355,22930,151,417,72,2031,20,510,68,20
"491","2020-04-29",128,6,73,458,2897,0.829133586468761,8355,22930,151,417,59,2090,19,529,54,19
"492","2020-04-30",141,6,80,459,2897,0.829133586468761,8355,22930,151,417,66,2156,10,539,60,10
"493","2020-05-01",139,6,90,455,2897,0.829133586468761,8355,22930,151,417,66,2222,21,560,59,21
"494","2020-05-02",143,6,79,472,2897,0.829133586468761,8355,22930,151,417,75,2297,7,567,72,7
"495","2020-05-03",156,6,75,469,2897,0.829133586468761,8355,22930,151,417,48,2345,25,592,43,25
"496","2020-05-04",155,6,69,459,2897,0.829133586468761,8355,22930,151,417,55,2400,29,621,51,29
"497","2020-05-05",157,6,58,462,2897,0.829133586468761,8355,22930,151,417,60,2460,15,636,59,15
"498","2020-05-06",145,6,57,457,2897,0.829133586468761,8355,22930,151,417,57,2517,19,655,53,19
"499","2020-05-07",132,6,66,446,2897,0.829133586468761,8355,22930,151,417,68,2585,29,684,63,29
"500","2020-05-08",130,6,57,435,2897,0.829133586468761,8355,22930,151,417,42,2627,18,702,33,18
"501","2020-05-09",156,6,57,441,2897,0.829133586468761,8355,22930,151,417,59,2686,9,711,47,9
"502","2020-05-10",151,6,71,436,2897,0.829133586468761,8355,22930,151,417,59,2745,15,726,53,15
"503","2020-05-11",141,6,80,436,2897,0.829133586468761,8355,22930,151,417,50,2795,11,737,40,11
"504","2020-05-12",139,6,77,433,2897,0.829133586468761,8355,22930,151,417,43,2838,9,746,36,9
"505","2020-05-13",148,6,80,425,2897,0.829133586468761,8355,22930,151,417,54,2892,19,765,46,19
"506","2020-05-14",149,6,87,422,2897,0.829133586468761,8355,22930,151,417,43,2935,25,790,36,25
"507","2020-05-15",153,6,78,408,2897,0.829133586468761,8355,22930,151,417,42,2977,25,815,39,25
"508","2020-05-16",130,6,77,419,2897,0.829133586468761,8355,22930,151,417,39,3016,19,834,35,19
"509","2020-05-17",134,6,77,403,2897,0.829133586468761,8355,22930,151,417,31,3047,19,853,29,19
"510","2020-05-18",136,6,76,394,2897,0.829133586468761,8355,22930,151,417,34,3081,9,862,28,9
"511","2020-05-19",132,6,72,396,2897,0.829133586468761,8355,22930,151,417,26,3107,13,875,22,13
"512","2020-05-20",129,6,85,375,2897,0.829133586468761,8355,22930,151,417,40,3147,9,884,35,9
"513","2020-05-21",130,6,82,358,2897,0.829133586468761,8355,22930,151,417,27,3174,13,897,20,13
"514","2020-05-22",126,6,75,339,2897,0.829133586468761,8355,22930,151,417,27,3201,12,909,22,12
"515","2020-05-23",129,6,77,334,2897,0.829133586468761,8355,22930,151,417,29,3230,12,921,26,12
"516","2020-05-24",115,6,79,328,2897,0.829133586468761,8355,22930,151,417,31,3261,9,930,28,9
"517","2020-05-25",118,6,82,322,2897,0.829133586468761,8355,22930,151,417,31,3292,6,936,27,6
"518","2020-05-26",107,6,81,305,2897,0.829133586468761,8355,22930,151,417,24,3316,4,940,23,4
"519","2020-05-27",103,6,70,290,2897,0.829133586468761,8355,22930,151,417,17,3333,11,951,12,11
"520","2020-05-28",96,6,73,282,2897,0.829133586468761,8355,22930,151,417,21,3354,6,957,17,6
"521","2020-05-29",88,6,92,269,2897,0.829133586468761,8355,22930,151,417,21,3375,6,963,18,6
"522","2020-05-30",92,6,91,260,2897,0.829133586468761,8355,22930,151,417,20,3395,7,970,20,7
"523","2020-05-31",88,6,71,245,2897,0.829133586468761,8355,22930,151,417,25,3420,11,981,23,11
"524","2020-06-01",78,6,72,252,2897,0.829133586468761,8355,22930,151,417,19,3439,8,989,18,8
"525","2020-06-02",83,6,73,249,2897,0.829133586468761,8355,22930,151,417,18,3457,4,993,11,4
"526","2020-06-03",84,6,73,244,2897,0.829133586468761,8355,22930,151,417,19,3476,12,1005,18,12
"527","2020-06-04",81,6,63,230,2897,0.829133586468761,8355,22930,151,417,6,3482,7,1012,4,7
"528","2020-06-05",88,6,58,227,2897,0.829133586468761,8355,22930,151,417,17,3499,10,1022,16,10
"529","2020-06-06",75,6,60,222,2897,0.829133586468761,8355,22930,151,417,20,3519,9,1031,18,9
"530","2020-06-07",73,6,52,215,2897,0.829133586468761,8355,22930,151,417,14,3533,8,1039,11,8
"531","2020-03-13",1,7,11,43,2458,0.543124491456469,8370,20999,148,155,8,17,7,16,4,7
"532","2020-03-14",2,7,10,61,2458,0.543124491456469,8370,20999,148,155,5,22,19,35,2,19
"533","2020-03-15",2,7,8,76,2458,0.543124491456469,8370,20999,148,155,5,27,13,48,3,13
"534","2020-03-16",5,7,12,91,2458,0.543124491456469,8370,20999,148,155,16,43,7,55,11,7
"535","2020-03-17",7,7,15,110,2458,0.543124491456469,8370,20999,148,155,14,57,11,66,11,11
"536","2020-03-18",13,7,16,134,2458,0.543124491456469,8370,20999,148,155,13,70,10,76,7,10
"537","2020-03-19",18,7,8,155,2458,0.543124491456469,8370,20999,148,155,17,87,9,85,15,9
"538","2020-03-20",29,7,7,170,2458,0.543124491456469,8370,20999,148,155,17,104,4,89,17,4
"539","2020-03-21",50,7,11,180,2458,0.543124491456469,8370,20999,148,155,20,124,4,93,16,4
"540","2020-03-22",58,7,18,192,2458,0.543124491456469,8370,20999,148,155,30,154,12,105,24,12
"541","2020-03-23",66,7,14,209,2458,0.543124491456469,8370,20999,148,155,29,183,10,115,29,10
"542","2020-03-24",68,7,19,218,2458,0.543124491456469,8370,20999,148,155,27,210,16,131,26,16
"543","2020-03-25",71,7,19,225,2458,0.543124491456469,8370,20999,148,155,25,235,12,143,24,12
"544","2020-03-26",76,7,25,234,2458,0.543124491456469,8370,20999,148,155,28,263,15,158,22,15
"545","2020-03-27",91,7,29,232,2458,0.543124491456469,8370,20999,148,155,21,284,18,176,19,18
"546","2020-03-28",80,7,31,242,2458,0.543124491456469,8370,20999,148,155,37,321,9,185,33,9
"547","2020-03-29",75,7,29,265,2458,0.543124491456469,8370,20999,148,155,42,363,6,191,41,6
"548","2020-03-30",68,7,31,271,2458,0.543124491456469,8370,20999,148,155,43,406,17,208,37,17
"549","2020-03-31",71,7,33,269,2458,0.543124491456469,8370,20999,148,155,36,442,10,218,32,10
"550","2020-04-01",73,7,34,269,2458,0.543124491456469,8370,20999,148,155,57,499,5,223,54,5
"551","2020-04-02",77,7,29,288,2458,0.543124491456469,8370,20999,148,155,64,563,9,232,62,9
"552","2020-04-03",72,7,34,296,2458,0.543124491456469,8370,20999,148,155,57,620,13,245,56,13
"553","2020-04-04",86,7,24,319,2458,0.543124491456469,8370,20999,148,155,61,681,10,255,57,10
"554","2020-04-05",88,7,25,327,2458,0.543124491456469,8370,20999,148,155,72,753,5,260,65,5
"555","2020-04-06",87,7,27,351,2458,0.543124491456469,8370,20999,148,155,97,850,25,285,92,25
"556","2020-04-07",87,7,34,358,2458,0.543124491456469,8370,20999,148,155,93,943,10,295,89,10
"557","2020-04-08",90,7,38,378,2458,0.543124491456469,8370,20999,148,155,93,1036,17,312,93,17
"558","2020-04-09",88,7,41,379,2458,0.543124491456469,8370,20999,148,155,97,1133,20,332,92,20
"559","2020-04-10",105,7,29,404,2458,0.543124491456469,8370,20999,148,155,92,1225,16,348,87,16
"560","2020-04-11",105,7,39,403,2458,0.543124491456469,8370,20999,148,155,97,1322,21,369,91,21
"561","2020-04-12",124,7,38,395,2458,0.543124491456469,8370,20999,148,155,113,1435,11,380,108,11
"562","2020-04-13",125,7,32,399,2458,0.543124491456469,8370,20999,148,155,102,1537,6,386,97,6
"563","2020-04-14",124,7,27,393,2458,0.543124491456469,8370,20999,148,155,112,1649,3,389,108,3
"564","2020-04-15",134,7,27,382,2458,0.543124491456469,8370,20999,148,155,82,1731,12,401,80,12
"565","2020-04-16",138,7,37,378,2458,0.543124491456469,8370,20999,148,155,107,1838,28,429,102,28
"566","2020-04-17",144,7,30,372,2458,0.543124491456469,8370,20999,148,155,113,1951,25,454,108,25
"567","2020-04-18",160,7,29,375,2458,0.543124491456469,8370,20999,148,155,143,2094,19,473,139,19
"568","2020-04-19",139,7,28,374,2458,0.543124491456469,8370,20999,148,155,97,2191,13,486,93,13
"569","2020-04-20",135,7,31,368,2458,0.543124491456469,8370,20999,148,155,110,2301,16,502,106,16
"570","2020-04-21",142,7,34,371,2458,0.543124491456469,8370,20999,148,155,114,2415,12,514,106,12
"571","2020-04-22",130,7,32,372,2458,0.543124491456469,8370,20999,148,155,99,2514,26,540,96,26
"572","2020-04-23",132,7,37,374,2458,0.543124491456469,8370,20999,148,155,82,2596,11,551,79,11
"573","2020-04-24",134,7,31,367,2458,0.543124491456469,8370,20999,148,155,124,2720,10,561,118,10
"574","2020-04-25",125,7,33,371,2458,0.543124491456469,8370,20999,148,155,79,2799,5,566,75,5
"575","2020-04-26",124,7,41,378,2458,0.543124491456469,8370,20999,148,155,112,2911,3,569,107,3
"576","2020-04-27",125,7,35,378,2458,0.543124491456469,8370,20999,148,155,93,3004,3,572,91,3
"577","2020-04-28",118,7,31,381,2458,0.543124491456469,8370,20999,148,155,109,3113,16,588,105,16
"578","2020-04-29",124,7,34,383,2458,0.543124491456469,8370,20999,148,155,100,3213,9,597,97,9
"579","2020-04-30",126,7,40,378,2458,0.543124491456469,8370,20999,148,155,91,3304,9,606,89,9
"580","2020-05-01",133,7,47,368,2458,0.543124491456469,8370,20999,148,155,114,3418,18,624,112,18
"581","2020-05-02",128,7,45,377,2458,0.543124491456469,8370,20999,148,155,95,3513,20,644,90,20
"582","2020-05-03",133,7,46,377,2458,0.543124491456469,8370,20999,148,155,71,3584,31,675,67,31
"583","2020-05-04",135,7,45,368,2458,0.543124491456469,8370,20999,148,155,108,3692,17,692,106,17
"584","2020-05-05",126,7,43,364,2458,0.543124491456469,8370,20999,148,155,67,3759,38,730,65,38
"585","2020-05-06",123,7,51,374,2458,0.543124491456469,8370,20999,148,155,78,3837,32,762,74,32
"586","2020-05-07",115,7,52,379,2458,0.543124491456469,8370,20999,148,155,74,3911,15,777,69,15
"587","2020-05-08",120,7,49,378,2458,0.543124491456469,8370,20999,148,155,86,3997,13,790,84,13
"588","2020-05-09",130,7,39,383,2458,0.543124491456469,8370,20999,148,155,67,4064,10,800,65,10
"589","2020-05-10",121,7,31,383,2458,0.543124491456469,8370,20999,148,155,52,4116,15,815,51,15
"590","2020-05-11",112,7,27,367,2458,0.543124491456469,8370,20999,148,155,62,4178,17,832,57,17
"591","2020-05-12",113,7,26,376,2458,0.543124491456469,8370,20999,148,155,49,4227,15,847,46,16
"592","2020-05-13",117,7,31,373,2458,0.543124491456469,8370,20999,148,155,61,4288,12,859,58,12
"593","2020-05-14",123,7,26,353,2458,0.543124491456469,8370,20999,148,155,38,4326,20,879,36,20
"594","2020-05-15",125,7,23,332,2458,0.543124491456469,8370,20999,148,155,44,4370,15,894,43,15
"595","2020-05-16",118,7,21,313,2458,0.543124491456469,8370,20999,148,155,36,4406,11,905,33,11
"596","2020-05-17",105,7,22,314,2458,0.543124491456469,8370,20999,148,155,50,4456,11,916,46,11
"597","2020-05-18",108,7,31,309,2458,0.543124491456469,8370,20999,148,155,30,4486,18,934,29,18
"598","2020-05-19",103,7,32,301,2458,0.543124491456469,8370,20999,148,155,32,4518,8,942,30,8
"599","2020-05-20",96,7,36,287,2458,0.543124491456469,8370,20999,148,155,28,4546,5,947,26,5
"600","2020-05-21",86,7,39,286,2458,0.543124491456469,8370,20999,148,155,28,4574,20,967,25,20
"601","2020-05-22",96,7,39,286,2458,0.543124491456469,8370,20999,148,155,34,4608,14,981,32,14
"602","2020-05-23",103,7,35,288,2458,0.543124491456469,8370,20999,148,155,28,4636,7,988,27,7
"603","2020-05-24",93,7,29,279,2458,0.543124491456469,8370,20999,148,155,23,4659,11,999,21,11
"604","2020-05-25",89,7,30,258,2458,0.543124491456469,8370,20999,148,155,22,4681,7,1006,18,7
"605","2020-05-26",92,7,33,249,2458,0.543124491456469,8370,20999,148,155,27,4708,5,1011,26,5
"606","2020-05-27",88,7,33,256,2458,0.543124491456469,8370,20999,148,155,15,4723,13,1024,14,13
"607","2020-05-28",89,7,34,254,2458,0.543124491456469,8370,20999,148,155,15,4738,12,1036,14,12
"608","2020-05-29",95,7,33,242,2458,0.543124491456469,8370,20999,148,155,17,4755,14,1050,16,14
"609","2020-05-30",97,7,26,218,2458,0.543124491456469,8370,20999,148,155,19,4774,11,1061,16,11
"610","2020-05-31",89,7,19,211,2458,0.543124491456469,8370,20999,148,155,14,4788,9,1070,11,9
"611","2020-06-01",81,7,20,201,2458,0.543124491456469,8370,20999,148,155,8,4796,16,1086,7,16
"612","2020-06-02",74,7,19,195,2458,0.543124491456469,8370,20999,148,155,15,4811,12,1098,12,12
"613","2020-06-03",72,7,18,195,2458,0.543124491456469,8370,20999,148,155,5,4816,10,1108,4,10
"614","2020-06-04",68,7,16,182,2458,0.543124491456469,8370,20999,148,155,11,4827,14,1122,9,14
"615","2020-06-05",64,7,15,176,2458,0.543124491456469,8370,20999,148,155,13,4840,3,1125,11,3
"616","2020-06-06",58,7,14,177,2458,0.543124491456469,8370,20999,148,155,5,4845,10,1135,3,10
"617","2020-06-07",55,7,18,169,2458,0.543124491456469,8370,20999,148,155,10,4855,14,1149,10,14
"618","2020-03-08",2,8,0,0,3613,0.788818156656518,8310,26510,184,552,NA,NA,NA,NA,NA,NA
"619","2020-03-09",2,8,0,0,3613,0.788818156656518,8310,26510,184,552,NA,NA,NA,NA,NA,NA
"620","2020-03-10",0,8,0,0,3613,0.788818156656518,8310,26510,184,552,NA,NA,NA,NA,NA,NA
"621","2020-03-11",0,8,0,0,3613,0.788818156656518,8310,26510,184,552,9,9,2,2,NA,2
"622","2020-03-12",0,8,0,0,3613,0.788818156656518,8310,26510,184,552,11,20,2,4,NA,2
"623","2020-03-13",2,8,30,26,3613,0.788818156656518,8310,26510,184,552,6,26,5,9,NA,5
"624","2020-03-14",6,8,38,41,3613,0.788818156656518,8310,26510,184,552,7,33,3,12,1,3
"625","2020-03-15",6,8,47,59,3613,0.788818156656518,8310,26510,184,552,10,43,1,13,2,1
"626","2020-03-16",7,8,59,74,3613,0.788818156656518,8310,26510,184,552,11,54,2,15,7,2
"627","2020-03-17",12,8,58,92,3613,0.788818156656518,8310,26510,184,552,7,61,6,21,4,6
"628","2020-03-18",15,8,56,106,3613,0.788818156656518,8310,26510,184,552,9,70,1,22,4,1
"629","2020-03-19",20,8,65,125,3613,0.788818156656518,8310,26510,184,552,7,77,3,25,3,3
"630","2020-03-20",30,8,79,148,3613,0.788818156656518,8310,26510,184,552,17,94,NA,NA,8,NA
"631","2020-03-21",41,8,90,162,3613,0.788818156656518,8310,26510,184,552,16,110,4,29,8,4
"632","2020-03-22",47,8,105,172,3613,0.788818156656518,8310,26510,184,552,6,116,NA,NA,2,NA
"633","2020-03-23",50,8,103,181,3613,0.788818156656518,8310,26510,184,552,20,136,7,36,14,7
"634","2020-03-24",50,8,96,196,3613,0.788818156656518,8310,26510,184,552,18,154,4,40,10,4
"635","2020-03-25",59,8,99,214,3613,0.788818156656518,8310,26510,184,552,21,175,1,41,13,1
"636","2020-03-26",65,8,111,220,3613,0.788818156656518,8310,26510,184,552,11,186,6,47,7,6
"637","2020-03-27",73,8,119,237,3613,0.788818156656518,8310,26510,184,552,21,207,4,51,12,4
"638","2020-03-28",75,8,111,248,3613,0.788818156656518,8310,26510,184,552,17,224,10,61,12,10
"639","2020-03-29",69,8,110,267,3613,0.788818156656518,8310,26510,184,552,13,237,7,68,10,7
"640","2020-03-30",69,8,108,276,3613,0.788818156656518,8310,26510,184,552,17,254,3,71,10,3
"641","2020-03-31",70,8,117,292,3613,0.788818156656518,8310,26510,184,552,25,279,3,74,20,3
"642","2020-04-01",67,8,116,301,3613,0.788818156656518,8310,26510,184,552,22,301,6,80,13,6
"643","2020-04-02",68,8,105,318,3613,0.788818156656518,8310,26510,184,552,24,325,5,85,15,5
"644","2020-04-03",78,8,108,336,3613,0.788818156656518,8310,26510,184,552,22,347,12,97,12,12
"645","2020-04-04",79,8,115,363,3613,0.788818156656518,8310,26510,184,552,23,370,10,107,17,10
"646","2020-04-05",92,8,113,366,3613,0.788818156656518,8310,26510,184,552,24,394,8,115,12,8
"647","2020-04-06",104,8,112,392,3613,0.788818156656518,8310,26510,184,552,26,420,10,125,17,10
"648","2020-04-07",109,8,119,405,3613,0.788818156656518,8310,26510,184,552,25,445,7,132,18,7
"649","2020-04-08",118,8,148,427,3613,0.788818156656518,8310,26510,184,552,29,474,10,142,23,10
"650","2020-04-09",116,8,157,458,3613,0.788818156656518,8310,26510,184,552,27,501,6,148,21,6
"651","2020-04-10",132,8,163,494,3613,0.788818156656518,8310,26510,184,552,30,531,4,152,18,4
"652","2020-04-11",150,8,168,516,3613,0.788818156656518,8310,26510,184,552,28,559,5,157,19,5
"653","2020-04-12",162,8,169,533,3613,0.788818156656518,8310,26510,184,552,27,586,4,161,19,4
"654","2020-04-13",151,8,167,552,3613,0.788818156656518,8310,26510,184,552,26,612,9,170,20,9
"655","2020-04-14",140,8,162,559,3613,0.788818156656518,8310,26510,184,552,19,631,14,184,15,14
"656","2020-04-15",150,8,148,615,3613,0.788818156656518,8310,26510,184,552,32,663,7,191,17,7
"657","2020-04-16",165,8,147,635,3613,0.788818156656518,8310,26510,184,552,15,678,5,196,7,5
"658","2020-04-17",195,8,150,660,3613,0.788818156656518,8310,26510,184,552,28,706,9,205,16,9
"659","2020-04-18",187,8,141,669,3613,0.788818156656518,8310,26510,184,552,39,745,8,213,31,8
"660","2020-04-19",209,8,138,679,3613,0.788818156656518,8310,26510,184,552,38,783,6,219,26,6
"661","2020-04-20",221,8,151,696,3613,0.788818156656518,8310,26510,184,552,20,803,6,225,14,6
"662","2020-04-21",225,8,142,713,3613,0.788818156656518,8310,26510,184,552,36,839,5,230,28,5
"663","2020-04-22",226,8,145,704,3613,0.788818156656518,8310,26510,184,552,38,877,4,234,31,4
"664","2020-04-23",220,8,133,712,3613,0.788818156656518,8310,26510,184,552,32,909,13,247,24,13
"665","2020-04-24",246,8,171,736,3613,0.788818156656518,8310,26510,184,552,32,941,12,259,19,12
"666","2020-04-25",253,8,170,742,3613,0.788818156656518,8310,26510,184,552,37,978,9,268,27,9
"667","2020-04-26",218,8,200,741,3613,0.788818156656518,8310,26510,184,552,27,1005,19,287,20,19
"668","2020-04-27",218,8,199,739,3613,0.788818156656518,8310,26510,184,552,26,1031,14,301,19,14
"669","2020-04-28",213,8,184,724,3613,0.788818156656518,8310,26510,184,552,25,1056,5,306,14,5
"670","2020-04-29",205,8,173,717,3613,0.788818156656518,8310,26510,184,552,37,1093,2,308,28,2
"671","2020-04-30",215,8,176,718,3613,0.788818156656518,8310,26510,184,552,35,1128,1,309,24,1
"672","2020-05-01",235,8,183,699,3613,0.788818156656518,8310,26510,184,552,39,1167,5,314,29,5
"673","2020-05-02",259,8,197,678,3613,0.788818156656518,8310,26510,184,552,29,1196,9,323,23,9
"674","2020-05-03",237,8,199,684,3613,0.788818156656518,8310,26510,184,552,31,1227,11,334,20,11
"675","2020-05-04",231,8,208,694,3613,0.788818156656518,8310,26510,184,552,26,1253,10,344,19,10
"676","2020-05-05",224,8,196,673,3613,0.788818156656518,8310,26510,184,552,25,1278,12,356,20,12
"677","2020-05-06",226,8,183,672,3613,0.788818156656518,8310,26510,184,552,31,1309,14,370,21,14
"678","2020-05-07",220,8,180,644,3613,0.788818156656518,8310,26510,184,552,24,1333,12,382,14,12
"679","2020-05-08",222,8,179,615,3613,0.788818156656518,8310,26510,184,552,21,1354,13,395,15,13
"680","2020-05-09",220,8,168,605,3613,0.788818156656518,8310,26510,184,552,37,1391,17,412,23,17
"681","2020-05-10",215,8,162,601,3613,0.788818156656518,8310,26510,184,552,37,1428,14,426,26,14
"682","2020-05-11",210,8,152,601,3613,0.788818156656518,8310,26510,184,552,32,1460,13,439,18,13
"683","2020-05-12",208,8,157,584,3613,0.788818156656518,8310,26510,184,552,36,1496,8,447,28,8
"684","2020-05-13",208,8,158,575,3613,0.788818156656518,8310,26510,184,552,31,1527,3,450,20,3
"685","2020-05-14",214,8,149,572,3613,0.788818156656518,8310,26510,184,552,26,1553,9,459,22,9
"686","2020-05-15",217,8,141,555,3613,0.788818156656518,8310,26510,184,552,35,1588,10,469,25,10
"687","2020-05-16",204,8,158,536,3613,0.788818156656518,8310,26510,184,552,29,1617,8,477,27,8
"688","2020-05-17",188,8,157,508,3613,0.788818156656518,8310,26510,184,552,32,1649,14,491,25,14
"689","2020-05-18",181,8,142,467,3613,0.788818156656518,8310,26510,184,552,34,1683,10,501,26,10
"690","2020-05-19",179,8,153,447,3613,0.788818156656518,8310,26510,184,552,31,1714,13,514,23,13
"691","2020-05-20",172,8,160,412,3613,0.788818156656518,8310,26510,184,552,33,1747,14,528,28,14
"692","2020-05-21",157,8,146,401,3613,0.788818156656518,8310,26510,184,552,32,1779,8,536,24,8
"693","2020-05-22",135,8,144,380,3613,0.788818156656518,8310,26510,184,552,20,1799,11,547,14,11
"694","2020-05-23",128,8,137,358,3613,0.788818156656518,8310,26510,184,552,26,1825,12,559,22,12
"695","2020-05-24",119,8,127,342,3613,0.788818156656518,8310,26510,184,552,26,1851,10,569,22,10
"696","2020-05-25",110,8,135,323,3613,0.788818156656518,8310,26510,184,552,25,1876,8,577,20,8
"697","2020-05-26",106,8,145,319,3613,0.788818156656518,8310,26510,184,552,20,1896,5,582,15,5
"698","2020-05-27",101,8,149,304,3613,0.788818156656518,8310,26510,184,552,21,1917,4,586,17,4
"699","2020-05-28",98,8,162,296,3613,0.788818156656518,8310,26510,184,552,17,1934,7,593,15,7
"700","2020-05-29",103,8,163,282,3613,0.788818156656518,8310,26510,184,552,17,1951,10,603,14,10
"701","2020-05-30",96,8,152,278,3613,0.788818156656518,8310,26510,184,552,22,1973,3,606,18,3
"702","2020-05-31",101,8,151,266,3613,0.788818156656518,8310,26510,184,552,19,1992,6,612,16,6
"703","2020-06-01",99,8,143,264,3613,0.788818156656518,8310,26510,184,552,22,2014,3,615,18,3
"704","2020-06-02",92,8,144,259,3613,0.788818156656518,8310,26510,184,552,10,2024,8,623,8,8
"705","2020-06-03",92,8,141,243,3613,0.788818156656518,8310,26510,184,552,11,2035,9,632,11,9
"706","2020-06-04",88,8,142,235,3613,0.788818156656518,8310,26510,184,552,22,2057,12,644,13,12
"707","2020-06-05",85,8,150,229,3613,0.788818156656518,8310,26510,184,552,18,2075,8,652,14,8
"708","2020-06-06",86,8,145,217,3613,0.788818156656518,8310,26510,184,552,13,2088,5,657,12,5
"709","2020-06-07",63,8,134,203,3613,0.788818156656518,8310,26510,184,552,13,2101,8,665,10,8
"710","2020-03-07",2,9,0,0,5268,0.978929384965831,8295,30700,283,259,NA,NA,NA,NA,NA,NA
"711","2020-03-08",2,9,0,0,5268,0.978929384965831,8295,30700,283,259,NA,NA,NA,NA,NA,NA
"712","2020-03-09",0,9,0,0,5268,0.978929384965831,8295,30700,283,259,NA,NA,NA,NA,NA,NA
"713","2020-03-10",0,9,0,0,5268,0.978929384965831,8295,30700,283,259,NA,NA,NA,NA,NA,NA
"714","2020-03-11",0,9,0,0,5268,0.978929384965831,8295,30700,283,259,3,3,1,1,1,1
"715","2020-03-12",0,9,0,0,5268,0.978929384965831,8295,30700,283,259,2,5,6,7,2,6
"716","2020-03-13",0,9,0,0,5268,0.978929384965831,8295,30700,283,259,9,14,8,15,5,8
"717","2020-03-14",1,9,26,7,5268,0.978929384965831,8295,30700,283,259,2,16,6,21,1,6
"718","2020-03-15",2,9,33,10,5268,0.978929384965831,8295,30700,283,259,9,25,5,26,8,5
"719","2020-03-16",3,9,32,15,5268,0.978929384965831,8295,30700,283,259,4,29,7,33,3,7
"720","2020-03-17",4,9,45,20,5268,0.978929384965831,8295,30700,283,259,6,35,4,37,6,4
"721","2020-03-18",4,9,44,23,5268,0.978929384965831,8295,30700,283,259,7,42,8,45,4,8
"722","2020-03-19",5,9,47,34,5268,0.978929384965831,8295,30700,283,259,12,54,3,48,9,3
"723","2020-03-20",5,9,59,42,5268,0.978929384965831,8295,30700,283,259,13,67,5,53,11,5
"724","2020-03-21",4,9,54,50,5268,0.978929384965831,8295,30700,283,259,11,78,3,56,10,3
"725","2020-03-22",9,9,38,65,5268,0.978929384965831,8295,30700,283,259,12,90,2,58,12,2
"726","2020-03-23",9,9,33,70,5268,0.978929384965831,8295,30700,283,259,14,104,2,60,13,2
"727","2020-03-24",6,9,33,74,5268,0.978929384965831,8295,30700,283,259,14,118,13,73,14,13
"728","2020-03-25",8,9,32,87,5268,0.978929384965831,8295,30700,283,259,22,140,5,78,21,5
"729","2020-03-26",9,9,26,96,5268,0.978929384965831,8295,30700,283,259,21,161,7,85,20,7
"730","2020-03-27",14,9,22,114,5268,0.978929384965831,8295,30700,283,259,26,187,1,86,22,1
"731","2020-03-28",24,9,29,131,5268,0.978929384965831,8295,30700,283,259,21,208,4,90,19,4
"732","2020-03-29",31,9,29,149,5268,0.978929384965831,8295,30700,283,259,32,240,5,95,31,5
"733","2020-03-30",34,9,26,161,5268,0.978929384965831,8295,30700,283,259,29,269,11,106,28,11
"734","2020-03-31",41,9,27,183,5268,0.978929384965831,8295,30700,283,259,35,304,4,110,34,4
"735","2020-04-01",46,9,32,204,5268,0.978929384965831,8295,30700,283,259,29,333,3,113,28,3
"736","2020-04-02",45,9,30,229,5268,0.978929384965831,8295,30700,283,259,47,380,1,114,46,1
"737","2020-04-03",60,9,30,255,5268,0.978929384965831,8295,30700,283,259,41,421,9,123,41,9
"738","2020-04-04",74,9,30,282,5268,0.978929384965831,8295,30700,283,259,43,464,6,129,43,6
"739","2020-04-05",74,9,42,333,5268,0.978929384965831,8295,30700,283,259,56,520,6,135,53,6
"740","2020-04-06",85,9,50,391,5268,0.978929384965831,8295,30700,283,259,52,572,4,139,49,4
"741","2020-04-07",87,9,73,439,5268,0.978929384965831,8295,30700,283,259,60,632,5,144,59,5
"742","2020-04-08",94,9,75,475,5268,0.978929384965831,8295,30700,283,259,46,678,13,157,45,13
"743","2020-04-09",106,9,72,545,5268,0.978929384965831,8295,30700,283,259,83,761,9,166,81,9
"744","2020-04-10",142,9,65,629,5268,0.978929384965831,8295,30700,283,259,79,840,15,181,77,15
"745","2020-04-11",153,9,65,693,5268,0.978929384965831,8295,30700,283,259,86,926,17,198,83,17
"746","2020-04-12",182,9,52,760,5268,0.978929384965831,8295,30700,283,259,75,1001,23,221,73,23
"747","2020-04-13",182,9,50,802,5268,0.978929384965831,8295,30700,283,259,86,1087,28,249,84,28
"748","2020-04-14",194,9,48,865,5268,0.978929384965831,8295,30700,283,259,80,1167,13,262,79,13
"749","2020-04-15",215,9,51,928,5268,0.978929384965831,8295,30700,283,259,91,1258,15,277,87,15
"750","2020-04-16",239,9,76,1003,5268,0.978929384965831,8295,30700,283,259,83,1341,26,303,82,26
"751","2020-04-17",319,9,78,1077,5268,0.978929384965831,8295,30700,283,259,69,1410,35,338,69,35
"752","2020-04-18",375,9,85,1142,5268,0.978929384965831,8295,30700,283,259,97,1507,9,347,94,9
"753","2020-04-19",356,9,97,1227,5268,0.978929384965831,8295,30700,283,259,90,1597,14,361,88,14
"754","2020-04-20",358,9,97,1257,5268,0.978929384965831,8295,30700,283,259,110,1707,16,377,108,16
"755","2020-04-21",371,9,99,1288,5268,0.978929384965831,8295,30700,283,259,109,1816,24,401,108,24
"756","2020-04-22",390,9,94,1318,5268,0.978929384965831,8295,30700,283,259,117,1933,14,415,116,14
"757","2020-04-23",396,9,80,1392,5268,0.978929384965831,8295,30700,283,259,95,2028,14,429,95,14
"758","2020-04-24",477,9,77,1413,5268,0.978929384965831,8295,30700,283,259,105,2133,12,441,104,12
"759","2020-04-25",474,9,83,1444,5268,0.978929384965831,8295,30700,283,259,132,2265,3,444,131,3
"760","2020-04-26",454,9,78,1464,5268,0.978929384965831,8295,30700,283,259,127,2392,5,449,125,5
"761","2020-04-27",450,9,84,1469,5268,0.978929384965831,8295,30700,283,259,94,2486,4,453,91,4
"762","2020-04-28",439,9,96,1514,5268,0.978929384965831,8295,30700,283,259,90,2576,2,455,90,2
"763","2020-04-29",424,9,91,1548,5268,0.978929384965831,8295,30700,283,259,109,2685,2,457,107,2
"764","2020-04-30",433,9,86,1571,5268,0.978929384965831,8295,30700,283,259,137,2822,1,458,136,1
"765","2020-05-01",494,9,81,1564,5268,0.978929384965831,8295,30700,283,259,90,2912,NA,NA,87,NA
"766","2020-05-02",508,9,74,1525,5268,0.978929384965831,8295,30700,283,259,115,3027,4,462,114,4
"767","2020-05-03",479,9,75,1509,5268,0.978929384965831,8295,30700,283,259,85,3112,10,472,84,10
"768","2020-05-04",507,9,94,1464,5268,0.978929384965831,8295,30700,283,259,79,3191,19,491,77,19
"769","2020-05-05",512,9,98,1416,5268,0.978929384965831,8295,30700,283,259,88,3279,19,510,88,19
"770","2020-05-06",525,9,87,1369,5268,0.978929384965831,8295,30700,283,259,87,3366,37,547,86,37
"771","2020-05-07",515,9,73,1315,5268,0.978929384965831,8295,30700,283,259,81,3447,29,576,81,29
"772","2020-05-08",481,9,83,1244,5268,0.978929384965831,8295,30700,283,259,74,3521,32,608,72,32
"773","2020-05-09",468,9,89,1163,5268,0.978929384965831,8295,30700,283,259,80,3601,20,628,78,20
"774","2020-05-10",445,9,91,1115,5268,0.978929384965831,8295,30700,283,259,65,3666,24,652,62,24
"775","2020-05-11",411,9,90,1039,5268,0.978929384965831,8295,30700,283,259,76,3742,17,669,76,17
"776","2020-05-12",390,9,85,976,5268,0.978929384965831,8295,30700,283,259,74,3816,21,690,74,21
"777","2020-05-13",380,9,83,891,5268,0.978929384965831,8295,30700,283,259,59,3875,14,704,59,14
"778","2020-05-14",377,9,75,827,5268,0.978929384965831,8295,30700,283,259,71,3946,7,711,70,7
"779","2020-05-15",338,9,73,765,5268,0.978929384965831,8295,30700,283,259,57,4003,6,717,55,6
"780","2020-05-16",321,9,72,708,5268,0.978929384965831,8295,30700,283,259,64,4067,13,730,64,13
"781","2020-05-17",281,9,73,669,5268,0.978929384965831,8295,30700,283,259,56,4123,18,748,54,18
"782","2020-05-18",269,9,65,611,5268,0.978929384965831,8295,30700,283,259,53,4176,16,764,51,16
"783","2020-05-19",258,9,52,579,5268,0.978929384965831,8295,30700,283,259,60,4236,8,772,59,8
"784","2020-05-20",234,9,60,551,5268,0.978929384965831,8295,30700,283,259,33,4269,14,786,33,14
"785","2020-05-21",212,9,62,516,5268,0.978929384965831,8295,30700,283,259,52,4321,20,806,51,20
"786","2020-05-22",200,9,66,485,5268,0.978929384965831,8295,30700,283,259,36,4357,12,818,36,12
"787","2020-05-23",183,9,60,425,5268,0.978929384965831,8295,30700,283,259,36,4393,14,832,35,14
"788","2020-05-24",178,9,66,383,5268,0.978929384965831,8295,30700,283,259,47,4440,16,848,47,16
"789","2020-05-25",159,9,74,355,5268,0.978929384965831,8295,30700,283,259,39,4479,17,865,39,17
"790","2020-05-26",147,9,76,329,5268,0.978929384965831,8295,30700,283,259,28,4507,8,873,28,8
"791","2020-05-27",135,9,67,291,5268,0.978929384965831,8295,30700,283,259,29,4536,14,887,28,14
"792","2020-05-28",125,9,68,269,5268,0.978929384965831,8295,30700,283,259,54,4590,13,900,53,13
"793","2020-05-29",111,9,65,251,5268,0.978929384965831,8295,30700,283,259,17,4607,9,909,16,9
"794","2020-05-30",97,9,55,230,5268,0.978929384965831,8295,30700,283,259,34,4641,15,924,34,15
"795","2020-05-31",69,9,53,228,5268,0.978929384965831,8295,30700,283,259,23,4664,13,937,22,13
"796","2020-06-01",65,9,49,215,5268,0.978929384965831,8295,30700,283,259,13,4677,9,946,11,9
"797","2020-06-02",55,9,42,204,5268,0.978929384965831,8295,30700,283,259,25,4702,6,952,25,6
"798","2020-06-03",57,9,29,183,5268,0.978929384965831,8295,30700,283,259,18,4720,8,960,18,8
"799","2020-06-04",58,9,24,165,5268,0.978929384965831,8295,30700,283,259,14,4734,8,968,14,8
"800","2020-06-05",46,9,21,144,5268,0.978929384965831,8295,30700,283,259,17,4751,4,972,16,4
"801","2020-06-06",57,9,23,141,5268,0.978929384965831,8295,30700,283,259,14,4765,9,981,14,9
"802","2020-06-07",59,9,16,123,5268,0.978929384965831,8295,30700,283,259,18,4783,3,984,17,3
"803","2020-03-14",1,10,35,5,5416,0.972858197932053,8370,30633,306,312,8,18,7,18,5,7
"804","2020-03-15",1,10,42,10,5416,0.972858197932053,8370,30633,306,312,9,27,2,20,3,2
"805","2020-03-16",1,10,41,14,5416,0.972858197932053,8370,30633,306,312,12,39,3,23,7,3
"806","2020-03-17",1,10,36,15,5416,0.972858197932053,8370,30633,306,312,6,45,4,27,2,4
"807","2020-03-18",3,10,34,22,5416,0.972858197932053,8370,30633,306,312,10,55,NA,NA,6,NA
"808","2020-03-19",3,10,32,27,5416,0.972858197932053,8370,30633,306,312,14,69,4,31,7,4
"809","2020-03-20",6,10,27,34,5416,0.972858197932053,8370,30633,306,312,19,88,1,32,14,1
"810","2020-03-21",7,10,35,47,5416,0.972858197932053,8370,30633,306,312,18,106,1,33,9,1
"811","2020-03-22",8,10,38,54,5416,0.972858197932053,8370,30633,306,312,14,120,2,35,10,2
"812","2020-03-23",7,10,39,68,5416,0.972858197932053,8370,30633,306,312,23,143,2,37,18,2
"813","2020-03-24",10,10,44,78,5416,0.972858197932053,8370,30633,306,312,32,175,NA,NA,23,NA
"814","2020-03-25",13,10,47,105,5416,0.972858197932053,8370,30633,306,312,25,200,2,39,23,2
"815","2020-03-26",15,10,52,116,5416,0.972858197932053,8370,30633,306,312,28,228,6,45,24,6
"816","2020-03-27",22,10,52,137,5416,0.972858197932053,8370,30633,306,312,37,265,10,55,27,10
"817","2020-03-28",34,10,41,142,5416,0.972858197932053,8370,30633,306,312,37,302,5,60,32,5
"818","2020-03-29",33,10,48,167,5416,0.972858197932053,8370,30633,306,312,39,341,2,62,32,2
"819","2020-03-30",36,10,59,186,5416,0.972858197932053,8370,30633,306,312,43,384,2,64,40,2
"820","2020-03-31",39,10,60,212,5416,0.972858197932053,8370,30633,306,312,38,422,1,65,34,1
"821","2020-04-01",44,10,58,219,5416,0.972858197932053,8370,30633,306,312,35,457,3,68,29,3
"822","2020-04-02",50,10,60,244,5416,0.972858197932053,8370,30633,306,312,41,498,7,75,33,7
"823","2020-04-03",66,10,56,277,5416,0.972858197932053,8370,30633,306,312,44,542,6,81,43,6
"824","2020-04-04",83,10,52,302,5416,0.972858197932053,8370,30633,306,312,54,596,10,91,43,10
"825","2020-04-05",91,10,54,345,5416,0.972858197932053,8370,30633,306,312,56,652,8,99,50,8
"826","2020-04-06",88,10,55,381,5416,0.972858197932053,8370,30633,306,312,54,706,4,103,48,4
"827","2020-04-07",96,10,71,426,5416,0.972858197932053,8370,30633,306,312,56,762,10,113,50,10
"828","2020-04-08",100,10,60,464,5416,0.972858197932053,8370,30633,306,312,83,845,2,115,76,2
"829","2020-04-09",107,10,54,530,5416,0.972858197932053,8370,30633,306,312,69,914,9,124,58,9
"830","2020-04-10",137,10,51,563,5416,0.972858197932053,8370,30633,306,312,54,968,18,142,52,18
"831","2020-04-11",150,10,63,617,5416,0.972858197932053,8370,30633,306,312,53,1021,19,161,50,19
"832","2020-04-12",152,10,72,629,5416,0.972858197932053,8370,30633,306,312,104,1125,7,168,96,7
"833","2020-04-13",161,10,85,691,5416,0.972858197932053,8370,30633,306,312,77,1202,6,174,72,6
"834","2020-04-14",169,10,79,723,5416,0.972858197932053,8370,30633,306,312,93,1295,8,182,82,8
"835","2020-04-15",186,10,78,793,5416,0.972858197932053,8370,30633,306,312,66,1361,10,192,56,10
"836","2020-04-16",197,10,81,834,5416,0.972858197932053,8370,30633,306,312,67,1428,13,205,61,13
"837","2020-04-17",242,10,81,877,5416,0.972858197932053,8370,30633,306,312,70,1498,17,222,62,17
"838","2020-04-18",249,10,73,937,5416,0.972858197932053,8370,30633,306,312,101,1599,9,231,91,9
"839","2020-04-19",260,10,77,970,5416,0.972858197932053,8370,30633,306,312,94,1693,15,246,86,15
"840","2020-04-20",276,10,83,1015,5416,0.972858197932053,8370,30633,306,312,92,1785,8,254,80,8
"841","2020-04-21",283,10,82,1077,5416,0.972858197932053,8370,30633,306,312,78,1863,10,264,74,10
"842","2020-04-22",298,10,96,1128,5416,0.972858197932053,8370,30633,306,312,85,1948,9,273,76,9
"843","2020-04-23",309,10,90,1179,5416,0.972858197932053,8370,30633,306,312,91,2039,6,279,85,6
"844","2020-04-24",353,10,84,1230,5416,0.972858197932053,8370,30633,306,312,81,2120,12,291,73,12
"845","2020-04-25",442,10,80,1284,5416,0.972858197932053,8370,30633,306,312,77,2197,4,295,74,4
"846","2020-04-26",428,10,89,1323,5416,0.972858197932053,8370,30633,306,312,70,2267,11,306,67,11
"847","2020-04-27",410,10,96,1403,5416,0.972858197932053,8370,30633,306,312,84,2351,14,320,80,14
"848","2020-04-28",420,10,96,1404,5416,0.972858197932053,8370,30633,306,312,93,2444,9,329,87,9
"849","2020-04-29",423,10,88,1461,5416,0.972858197932053,8370,30633,306,312,93,2537,13,342,90,13
"850","2020-04-30",450,10,95,1479,5416,0.972858197932053,8370,30633,306,312,67,2604,13,355,59,13
"851","2020-05-01",568,10,107,1482,5416,0.972858197932053,8370,30633,306,312,72,2676,11,366,68,11
"852","2020-05-02",516,10,122,1498,5416,0.972858197932053,8370,30633,306,312,70,2746,14,380,62,14
"853","2020-05-03",496,10,112,1511,5416,0.972858197932053,8370,30633,306,312,82,2828,10,390,78,10
"854","2020-05-04",498,10,100,1501,5416,0.972858197932053,8370,30633,306,312,71,2899,12,402,62,12
"855","2020-05-05",498,10,104,1478,5416,0.972858197932053,8370,30633,306,312,72,2971,8,410,68,8
"856","2020-05-06",495,10,106,1460,5416,0.972858197932053,8370,30633,306,312,67,3038,5,415,62,5
"857","2020-05-07",490,10,88,1436,5416,0.972858197932053,8370,30633,306,312,81,3119,8,423,75,8
"858","2020-05-08",501,10,88,1397,5416,0.972858197932053,8370,30633,306,312,52,3171,8,431,44,8
"859","2020-05-09",516,10,85,1356,5416,0.972858197932053,8370,30633,306,312,49,3220,14,445,47,14
"860","2020-05-10",465,10,89,1337,5416,0.972858197932053,8370,30633,306,312,63,3283,15,460,60,15
"861","2020-05-11",441,10,83,1258,5416,0.972858197932053,8370,30633,306,312,48,3331,14,474,42,14
"862","2020-05-12",436,10,88,1203,5416,0.972858197932053,8370,30633,306,312,42,3373,14,488,36,14
"863","2020-05-13",431,10,110,1152,5416,0.972858197932053,8370,30633,306,312,56,3429,15,503,55,15
"864","2020-05-14",411,10,102,1091,5416,0.972858197932053,8370,30633,306,312,35,3464,4,507,32,4
"865","2020-05-15",383,10,112,1054,5416,0.972858197932053,8370,30633,306,312,31,3495,5,512,27,5
"866","2020-05-16",365,10,103,979,5416,0.972858197932053,8370,30633,306,312,34,3529,6,518,27,6
"867","2020-05-17",347,10,89,927,5416,0.972858197932053,8370,30633,306,312,25,3554,3,521,21,3
"868","2020-05-18",359,10,87,854,5416,0.972858197932053,8370,30633,306,312,28,3582,6,527,28,6
"869","2020-05-19",341,10,69,792,5416,0.972858197932053,8370,30633,306,312,33,3615,6,533,31,6
"870","2020-05-20",329,10,69,758,5416,0.972858197932053,8370,30633,306,312,26,3641,11,544,24,11
"871","2020-05-21",322,10,68,712,5416,0.972858197932053,8370,30633,306,312,21,3662,18,562,19,18
"872","2020-05-22",288,10,69,645,5416,0.972858197932053,8370,30633,306,312,30,3692,14,576,25,14
"873","2020-05-23",270,10,76,597,5416,0.972858197932053,8370,30633,306,312,23,3715,4,580,19,4
"874","2020-05-24",234,10,66,559,5416,0.972858197932053,8370,30633,306,312,26,3741,8,588,22,8
"875","2020-05-25",210,10,56,516,5416,0.972858197932053,8370,30633,306,312,23,3764,6,594,19,6
"876","2020-05-26",191,10,53,483,5416,0.972858197932053,8370,30633,306,312,23,3787,13,607,22,13
"877","2020-05-27",175,10,51,437,5416,0.972858197932053,8370,30633,306,312,21,3808,10,617,19,10
"878","2020-05-28",157,10,49,399,5416,0.972858197932053,8370,30633,306,312,19,3827,9,626,16,9
"879","2020-05-29",141,10,56,356,5416,0.972858197932053,8370,30633,306,312,23,3850,9,635,21,9
"880","2020-05-30",141,10,54,325,5416,0.972858197932053,8370,30633,306,312,22,3872,15,650,21,15
"881","2020-05-31",132,10,49,284,5416,0.972858197932053,8370,30633,306,312,15,3887,12,662,13,12
"882","2020-06-01",124,10,45,254,5416,0.972858197932053,8370,30633,306,312,17,3904,4,666,14,4
"883","2020-06-02",116,10,51,228,5416,0.972858197932053,8370,30633,306,312,22,3926,8,674,22,8
"884","2020-06-03",112,10,48,199,5416,0.972858197932053,8370,30633,306,312,12,3938,10,684,12,10
"885","2020-06-04",109,10,40,170,5416,0.972858197932053,8370,30633,306,312,13,3951,7,691,12,7
"886","2020-06-05",92,10,48,163,5416,0.972858197932053,8370,30633,306,312,12,3963,6,697,10,6
"887","2020-06-06",75,10,41,150,5416,0.972858197932053,8370,30633,306,312,12,3975,5,702,8,5
"888","2020-06-07",57,10,46,133,5416,0.972858197932053,8370,30633,306,312,14,3989,2,704,12,2
"889","2020-03-13",1,11,13,19,5401,0.885761895945195,8325,31903,307,329,11,21,6,17,NA,6
"890","2020-03-14",1,11,14,34,5401,0.885761895945195,8325,31903,307,329,14,35,3,20,3,3
"891","2020-03-15",3,11,18,49,5401,0.885761895945195,8325,31903,307,329,13,48,5,25,1,5
"892","2020-03-16",5,11,12,60,5401,0.885761895945195,8325,31903,307,329,15,63,18,43,2,18
"893","2020-03-17",7,11,15,81,5401,0.885761895945195,8325,31903,307,329,17,80,12,55,7,12
"894","2020-03-18",10,11,21,109,5401,0.885761895945195,8325,31903,307,329,11,91,12,67,6,12
"895","2020-03-19",12,11,25,133,5401,0.885761895945195,8325,31903,307,329,24,115,8,75,15,8
"896","2020-03-20",21,11,27,159,5401,0.885761895945195,8325,31903,307,329,26,141,10,85,17,10
"897","2020-03-21",33,11,38,190,5401,0.885761895945195,8325,31903,307,329,27,168,8,93,15,8
"898","2020-03-22",42,11,44,230,5401,0.885761895945195,8325,31903,307,329,31,199,8,101,19,8
"899","2020-03-23",45,11,38,263,5401,0.885761895945195,8325,31903,307,329,21,220,14,115,13,14
"900","2020-03-24",45,11,34,291,5401,0.885761895945195,8325,31903,307,329,29,249,18,133,22,18
"901","2020-03-25",55,11,38,339,5401,0.885761895945195,8325,31903,307,329,33,282,17,150,23,17
"902","2020-03-26",62,11,37,373,5401,0.885761895945195,8325,31903,307,329,39,321,23,173,30,23
"903","2020-03-27",88,11,43,414,5401,0.885761895945195,8325,31903,307,329,40,361,35,208,27,35
"904","2020-03-28",111,11,38,463,5401,0.885761895945195,8325,31903,307,329,36,397,32,240,26,32
"905","2020-03-29",115,11,28,500,5401,0.885761895945195,8325,31903,307,329,37,434,23,263,31,23
"906","2020-03-30",124,11,25,540,5401,0.885761895945195,8325,31903,307,329,43,477,29,292,32,29
"907","2020-03-31",134,11,27,600,5401,0.885761895945195,8325,31903,307,329,51,528,26,318,43,26
"908","2020-04-01",140,11,26,675,5401,0.885761895945195,8325,31903,307,329,50,578,25,343,39,25
"909","2020-04-02",155,11,42,730,5401,0.885761895945195,8325,31903,307,329,44,622,27,370,34,27
"910","2020-04-03",190,11,50,797,5401,0.885761895945195,8325,31903,307,329,42,664,34,404,30,34
"911","2020-04-04",189,11,64,869,5401,0.885761895945195,8325,31903,307,329,54,718,27,431,38,27
"912","2020-04-05",221,11,62,917,5401,0.885761895945195,8325,31903,307,329,50,768,25,456,39,25
"913","2020-04-06",229,11,74,987,5401,0.885761895945195,8325,31903,307,329,54,822,39,495,45,39
"914","2020-04-07",239,11,73,1081,5401,0.885761895945195,8325,31903,307,329,60,882,22,517,48,22
"915","2020-04-08",257,11,66,1118,5401,0.885761895945195,8325,31903,307,329,55,937,16,533,39,16
"916","2020-04-09",270,11,71,1163,5401,0.885761895945195,8325,31903,307,329,62,999,25,558,50,25
"917","2020-04-10",347,11,76,1223,5401,0.885761895945195,8325,31903,307,329,64,1063,39,597,50,39
"918","2020-04-11",391,11,71,1270,5401,0.885761895945195,8325,31903,307,329,65,1128,43,640,59,43
"919","2020-04-12",366,11,59,1314,5401,0.885761895945195,8325,31903,307,329,71,1199,42,682,56,42
"920","2020-04-13",374,11,53,1381,5401,0.885761895945195,8325,31903,307,329,71,1270,51,733,57,51
"921","2020-04-14",369,11,53,1418,5401,0.885761895945195,8325,31903,307,329,52,1322,40,773,36,40
"922","2020-04-15",403,11,47,1450,5401,0.885761895945195,8325,31903,307,329,83,1405,28,801,74,28
"923","2020-04-16",429,11,53,1413,5401,0.885761895945195,8325,31903,307,329,72,1477,35,836,60,35
"924","2020-04-17",519,11,61,1473,5401,0.885761895945195,8325,31903,307,329,68,1545,38,874,56,38
"925","2020-04-18",505,11,83,1481,5401,0.885761895945195,8325,31903,307,329,77,1622,33,907,60,33
"926","2020-04-19",496,11,97,1509,5401,0.885761895945195,8325,31903,307,329,81,1703,31,938,73,31
"927","2020-04-20",495,11,86,1483,5401,0.885761895945195,8325,31903,307,329,61,1764,33,971,51,33
"928","2020-04-21",500,11,73,1486,5401,0.885761895945195,8325,31903,307,329,78,1842,24,995,67,24
"929","2020-04-22",492,11,71,1461,5401,0.885761895945195,8325,31903,307,329,87,1929,37,1032,67,37
"930","2020-04-23",488,11,79,1452,5401,0.885761895945195,8325,31903,307,329,62,1991,21,1053,54,21
"931","2020-04-24",509,11,88,1423,5401,0.885761895945195,8325,31903,307,329,73,2064,49,1102,58,49
"932","2020-04-25",537,11,75,1365,5401,0.885761895945195,8325,31903,307,329,75,2139,46,1148,59,46
"933","2020-04-26",493,11,66,1305,5401,0.885761895945195,8325,31903,307,329,57,2196,46,1194,46,46
"934","2020-04-27",487,11,70,1282,5401,0.885761895945195,8325,31903,307,329,68,2264,53,1247,54,53
"935","2020-04-28",480,11,91,1232,5401,0.885761895945195,8325,31903,307,329,60,2324,39,1286,51,39
"936","2020-04-29",453,11,102,1175,5401,0.885761895945195,8325,31903,307,329,56,2380,42,1328,40,42
"937","2020-04-30",443,11,112,1112,5401,0.885761895945195,8325,31903,307,329,69,2449,53,1381,51,53
"938","2020-05-01",411,11,109,1084,5401,0.885761895945195,8325,31903,307,329,48,2497,41,1422,41,41
"939","2020-05-02",385,11,106,987,5401,0.885761895945195,8325,31903,307,329,52,2549,45,1467,42,45
"940","2020-05-03",362,11,108,929,5401,0.885761895945195,8325,31903,307,329,44,2593,32,1499,35,32
"941","2020-05-04",341,11,94,907,5401,0.885761895945195,8325,31903,307,329,64,2657,27,1526,51,27
"942","2020-05-05",331,11,90,832,5401,0.885761895945195,8325,31903,307,329,53,2710,22,1548,41,22
"943","2020-05-06",331,11,98,782,5401,0.885761895945195,8325,31903,307,329,34,2744,34,1582,24,34
"944","2020-05-07",312,11,92,728,5401,0.885761895945195,8325,31903,307,329,42,2786,22,1604,30,22
"945","2020-05-08",271,11,80,693,5401,0.885761895945195,8325,31903,307,329,31,2817,26,1630,26,26
"946","2020-05-09",281,11,67,655,5401,0.885761895945195,8325,31903,307,329,33,2850,31,1661,20,31
"947","2020-05-10",250,11,58,610,5401,0.885761895945195,8325,31903,307,329,42,2892,37,1698,33,37
"948","2020-05-11",229,11,49,571,5401,0.885761895945195,8325,31903,307,329,29,2921,35,1733,21,35
"949","2020-05-12",204,11,56,535,5401,0.885761895945195,8325,31903,307,329,37,2958,37,1770,26,37
"950","2020-05-13",184,11,61,507,5401,0.885761895945195,8325,31903,307,329,31,2989,20,1790,21,20
"951","2020-05-14",182,11,77,471,5401,0.885761895945195,8325,31903,307,329,25,3014,14,1804,18,14
"952","2020-05-15",175,11,70,439,5401,0.885761895945195,8325,31903,307,329,33,3047,19,1823,25,19
"953","2020-05-16",154,11,85,424,5401,0.885761895945195,8325,31903,307,329,33,3080,22,1845,25,22
"954","2020-05-17",168,11,91,391,5401,0.885761895945195,8325,31903,307,329,29,3109,26,1871,23,26
"955","2020-05-18",163,11,83,361,5401,0.885761895945195,8325,31903,307,329,33,3142,27,1898,21,27
"956","2020-05-19",160,11,86,342,5401,0.885761895945195,8325,31903,307,329,32,3174,23,1921,23,23
"957","2020-05-20",153,11,76,324,5401,0.885761895945195,8325,31903,307,329,27,3201,33,1954,19,33
"958","2020-05-21",134,11,57,289,5401,0.885761895945195,8325,31903,307,329,20,3221,43,1997,13,43
"959","2020-05-22",130,11,56,262,5401,0.885761895945195,8325,31903,307,329,22,3243,48,2045,19,48
"960","2020-05-23",118,11,59,238,5401,0.885761895945195,8325,31903,307,329,23,3266,33,2078,17,33
"961","2020-05-24",91,11,60,220,5401,0.885761895945195,8325,31903,307,329,23,3289,28,2106,16,28
"962","2020-05-25",85,11,62,225,5401,0.885761895945195,8325,31903,307,329,26,3315,27,2133,15,27
"963","2020-05-26",79,11,62,211,5401,0.885761895945195,8325,31903,307,329,22,3337,21,2154,16,21
"964","2020-05-27",82,11,57,197,5401,0.885761895945195,8325,31903,307,329,22,3359,19,2173,16,19
"965","2020-05-28",81,11,57,178,5401,0.885761895945195,8325,31903,307,329,28,3387,22,2195,22,22
"966","2020-05-29",73,11,54,166,5401,0.885761895945195,8325,31903,307,329,19,3406,23,2218,15,23
"967","2020-05-30",73,11,52,160,5401,0.885761895945195,8325,31903,307,329,21,3427,29,2247,16,29
"968","2020-05-31",72,11,61,148,5401,0.885761895945195,8325,31903,307,329,23,3450,18,2265,16,18
"969","2020-06-01",69,11,58,128,5401,0.885761895945195,8325,31903,307,329,18,3468,28,2293,10,28
"970","2020-06-02",59,11,74,122,5401,0.885761895945195,8325,31903,307,329,13,3481,37,2330,6,37
"971","2020-06-03",51,11,81,107,5401,0.885761895945195,8325,31903,307,329,15,3496,24,2354,12,24
"972","2020-06-04",46,11,78,98,5401,0.885761895945195,8325,31903,307,329,17,3513,37,2391,15,37
"973","2020-06-05",42,11,64,91,5401,0.885761895945195,8325,31903,307,329,14,3527,31,2422,13,31
"974","2020-06-06",40,11,54,81,5401,0.885761895945195,8325,31903,307,329,13,3540,21,2443,9,21
"975","2020-06-07",30,11,47,74,5401,0.885761895945195,8325,31903,307,329,18,3558,29,2472,17,29
"976","2020-03-07",1,12,0,0,2428,0.640444810543657,8370,20512,131,246,NA,NA,NA,NA,NA,NA
"977","2020-03-08",1,12,0,0,2428,0.640444810543657,8370,20512,131,246,NA,NA,NA,NA,NA,NA
"978","2020-03-09",0,12,0,0,2428,0.640444810543657,8370,20512,131,246,NA,NA,NA,NA,NA,NA
"979","2020-03-10",0,12,0,0,2428,0.640444810543657,8370,20512,131,246,NA,NA,NA,NA,NA,NA
"980","2020-03-11",0,12,0,0,2428,0.640444810543657,8370,20512,131,246,3,3,6,6,NA,6
"981","2020-03-12",0,12,0,0,2428,0.640444810543657,8370,20512,131,246,3,6,7,13,NA,7
"982","2020-03-13",1,12,16,17,2428,0.640444810543657,8370,20512,131,246,5,11,3,16,1,3
"983","2020-03-14",4,12,24,20,2428,0.640444810543657,8370,20512,131,246,1,12,1,17,1,1
"984","2020-03-15",3,12,28,32,2428,0.640444810543657,8370,20512,131,246,10,22,1,18,5,1
"985","2020-03-16",2,12,35,47,2428,0.640444810543657,8370,20512,131,246,8,30,NA,NA,6,NA
"986","2020-03-17",2,12,44,53,2428,0.640444810543657,8370,20512,131,246,6,36,5,23,4,5
"987","2020-03-18",3,12,50,69,2428,0.640444810543657,8370,20512,131,246,6,42,4,27,1,4
"988","2020-03-19",9,12,50,80,2428,0.640444810543657,8370,20512,131,246,9,51,11,38,6,11
"989","2020-03-20",13,12,39,95,2428,0.640444810543657,8370,20512,131,246,11,62,5,43,6,5
"990","2020-03-21",16,12,36,111,2428,0.640444810543657,8370,20512,131,246,14,76,10,53,11,10
"991","2020-03-22",31,12,39,121,2428,0.640444810543657,8370,20512,131,246,16,92,11,64,13,11
"992","2020-03-23",34,12,45,136,2428,0.640444810543657,8370,20512,131,246,17,109,5,69,11,5
"993","2020-03-24",31,12,50,138,2428,0.640444810543657,8370,20512,131,246,18,127,10,79,11,10
"994","2020-03-25",35,12,50,149,2428,0.640444810543657,8370,20512,131,246,14,141,8,87,10,8
"995","2020-03-26",34,12,51,157,2428,0.640444810543657,8370,20512,131,246,18,159,2,89,14,2
"996","2020-03-27",44,12,51,167,2428,0.640444810543657,8370,20512,131,246,27,186,3,92,23,3
"997","2020-03-28",48,12,48,185,2428,0.640444810543657,8370,20512,131,246,23,209,4,96,20,4
"998","2020-03-29",39,12,47,191,2428,0.640444810543657,8370,20512,131,246,28,237,NA,NA,25,NA
"999","2020-03-30",39,12,41,205,2428,0.640444810543657,8370,20512,131,246,27,264,6,102,20,6
"1000","2020-03-31",50,12,41,208,2428,0.640444810543657,8370,20512,131,246,25,289,6,108,20,6
"1001","2020-04-01",50,12,40,221,2428,0.640444810543657,8370,20512,131,246,39,328,7,115,34,7
"1002","2020-04-02",51,12,38,223,2428,0.640444810543657,8370,20512,131,246,37,365,3,118,32,3
"1003","2020-04-03",56,12,38,235,2428,0.640444810543657,8370,20512,131,246,36,401,5,123,33,5
"1004","2020-04-04",67,12,36,251,2428,0.640444810543657,8370,20512,131,246,31,432,NA,NA,29,NA
"1005","2020-04-05",71,12,40,265,2428,0.640444810543657,8370,20512,131,246,37,469,1,124,33,1
"1006","2020-04-06",73,12,44,273,2428,0.640444810543657,8370,20512,131,246,39,508,3,127,27,3
"1007","2020-04-07",71,12,45,284,2428,0.640444810543657,8370,20512,131,246,46,554,3,130,37,3
"1008","2020-04-08",75,12,54,296,2428,0.640444810543657,8370,20512,131,246,38,592,7,137,34,7
"1009","2020-04-09",75,12,43,309,2428,0.640444810543657,8370,20512,131,246,42,634,7,144,34,7
"1010","2020-04-10",80,12,41,314,2428,0.640444810543657,8370,20512,131,246,39,673,7,151,37,7
"1011","2020-04-11",76,12,39,319,2428,0.640444810543657,8370,20512,131,246,38,711,11,162,38,11
"1012","2020-04-12",80,12,48,329,2428,0.640444810543657,8370,20512,131,246,32,743,12,174,25,12
"1013","2020-04-13",86,12,47,334,2428,0.640444810543657,8370,20512,131,246,47,790,6,180,44,6
"1014","2020-04-14",86,12,39,348,2428,0.640444810543657,8370,20512,131,246,65,855,7,187,59,7
"1015","2020-04-15",85,12,38,363,2428,0.640444810543657,8370,20512,131,246,44,899,7,194,38,7
"1016","2020-04-16",96,12,47,386,2428,0.640444810543657,8370,20512,131,246,42,941,8,202,36,8
"1017","2020-04-17",112,12,41,387,2428,0.640444810543657,8370,20512,131,246,38,979,18,220,34,18
"1018","2020-04-18",130,12,42,416,2428,0.640444810543657,8370,20512,131,246,44,1023,5,225,37,5
"1019","2020-04-19",124,12,56,412,2428,0.640444810543657,8370,20512,131,246,50,1073,6,231,43,6
"1020","2020-04-20",126,12,56,427,2428,0.640444810543657,8370,20512,131,246,57,1130,6,237,50,6
"1021","2020-04-21",129,12,68,423,2428,0.640444810543657,8370,20512,131,246,46,1176,11,248,38,11
"1022","2020-04-22",133,12,69,417,2428,0.640444810543657,8370,20512,131,246,47,1223,10,258,45,10
"1023","2020-04-23",133,12,74,413,2428,0.640444810543657,8370,20512,131,246,50,1273,5,263,45,5
"1024","2020-04-24",155,12,62,411,2428,0.640444810543657,8370,20512,131,246,54,1327,13,276,50,13
"1025","2020-04-25",155,12,56,411,2428,0.640444810543657,8370,20512,131,246,47,1374,11,287,45,11
"1026","2020-04-26",148,12,66,408,2428,0.640444810543657,8370,20512,131,246,55,1429,10,297,50,10
"1027","2020-04-27",146,12,75,410,2428,0.640444810543657,8370,20512,131,246,39,1468,17,314,35,17
"1028","2020-04-28",149,12,77,422,2428,0.640444810543657,8370,20512,131,246,45,1513,20,334,36,20
"1029","2020-04-29",155,12,80,410,2428,0.640444810543657,8370,20512,131,246,81,1594,8,342,75,8
"1030","2020-04-30",147,12,78,416,2428,0.640444810543657,8370,20512,131,246,49,1643,17,359,38,17
"1031","2020-05-01",135,12,83,417,2428,0.640444810543657,8370,20512,131,246,55,1698,16,375,49,16
"1032","2020-05-02",139,12,88,415,2428,0.640444810543657,8370,20512,131,246,79,1777,8,383,74,8
"1033","2020-05-03",138,12,87,421,2428,0.640444810543657,8370,20512,131,246,53,1830,17,400,45,17
"1034","2020-05-04",123,12,86,401,2428,0.640444810543657,8370,20512,131,246,52,1882,10,410,49,10
"1035","2020-05-05",113,12,95,420,2428,0.640444810543657,8370,20512,131,246,50,1932,14,424,48,14
"1036","2020-05-06",109,12,91,420,2428,0.640444810543657,8370,20512,131,246,61,1993,9,433,56,9
"1037","2020-05-07",120,12,83,421,2428,0.640444810543657,8370,20512,131,246,53,2046,14,447,51,14
"1038","2020-05-08",129,12,89,406,2428,0.640444810543657,8370,20512,131,246,44,2090,16,463,41,16
"1039","2020-05-09",137,12,72,389,2428,0.640444810543657,8370,20512,131,246,49,2139,12,475,48,12
"1040","2020-05-10",120,12,73,382,2428,0.640444810543657,8370,20512,131,246,51,2190,9,484,46,9
"1041","2020-05-11",117,12,68,388,2428,0.640444810543657,8370,20512,131,246,52,2242,10,494,49,10
"1042","2020-05-12",122,12,54,374,2428,0.640444810543657,8370,20512,131,246,62,2304,16,510,56,16
"1043","2020-05-13",124,12,51,384,2428,0.640444810543657,8370,20512,131,246,57,2361,9,519,49,9
"1044","2020-05-14",117,12,43,378,2428,0.640444810543657,8370,20512,131,246,45,2406,12,531,39,12
"1045","2020-05-15",117,12,48,363,2428,0.640444810543657,8370,20512,131,246,49,2455,8,539,46,8
"1046","2020-05-16",98,12,47,352,2428,0.640444810543657,8370,20512,131,246,37,2492,5,544,32,5
"1047","2020-05-17",114,12,44,344,2428,0.640444810543657,8370,20512,131,246,51,2543,5,549,48,5
"1048","2020-05-18",121,12,51,344,2428,0.640444810543657,8370,20512,131,246,50,2593,5,554,46,5
"1049","2020-05-19",114,12,59,350,2428,0.640444810543657,8370,20512,131,246,48,2641,9,563,43,9
"1050","2020-05-20",113,12,66,352,2428,0.640444810543657,8370,20512,131,246,33,2674,7,570,32,7
"1051","2020-05-21",117,12,71,342,2428,0.640444810543657,8370,20512,131,246,38,2712,3,573,34,3
"1052","2020-05-22",121,12,70,328,2428,0.640444810543657,8370,20512,131,246,36,2748,9,582,32,9
"1053","2020-05-23",121,12,71,311,2428,0.640444810543657,8370,20512,131,246,31,2779,6,588,29,6
"1054","2020-05-24",124,12,76,296,2428,0.640444810543657,8370,20512,131,246,44,2823,13,601,39,13
"1055","2020-05-25",121,12,77,297,2428,0.640444810543657,8370,20512,131,246,32,2855,11,612,28,11
"1056","2020-05-26",115,12,74,287,2428,0.640444810543657,8370,20512,131,246,32,2887,12,624,30,12
"1057","2020-05-27",109,12,73,274,2428,0.640444810543657,8370,20512,131,246,32,2919,17,641,30,17
"1058","2020-05-28",107,12,73,258,2428,0.640444810543657,8370,20512,131,246,28,2947,20,661,25,20
"1059","2020-05-29",101,12,75,248,2428,0.640444810543657,8370,20512,131,246,25,2972,10,671,24,10
"1060","2020-05-30",104,12,74,242,2428,0.640444810543657,8370,20512,131,246,29,3001,9,680,27,9
"1061","2020-05-31",85,12,63,228,2428,0.640444810543657,8370,20512,131,246,25,3026,4,684,22,4
"1062","2020-06-01",83,12,58,219,2428,0.640444810543657,8370,20512,131,246,21,3047,4,688,18,4
"1063","2020-06-02",86,12,56,214,2428,0.640444810543657,8370,20512,131,246,14,3061,4,692,12,4
"1064","2020-06-03",84,12,55,203,2428,0.640444810543657,8370,20512,131,246,23,3084,16,708,23,16
"1065","2020-06-04",79,12,54,195,2428,0.640444810543657,8370,20512,131,246,21,3105,9,717,20,9
"1066","2020-06-05",72,12,60,182,2428,0.640444810543657,8370,20512,131,246,23,3128,2,719,21,2
"1067","2020-06-06",65,12,63,187,2428,0.640444810543657,8370,20512,131,246,16,3144,3,722,16,3
"1068","2020-06-07",64,12,65,179,2428,0.640444810543657,8370,20512,131,246,17,3161,8,730,16,8
"1069","2020-03-13",2,13,11,7,5250,0.955619047619048,8400,31249,302,250,6,16,NA,NA,NA,NA
"1070","2020-03-14",3,13,9,8,5250,0.955619047619048,8400,31249,302,250,7,23,NA,NA,2,NA
"1071","2020-03-15",4,13,10,9,5250,0.955619047619048,8400,31249,302,250,12,35,2,5,6,2
"1072","2020-03-16",5,13,19,13,5250,0.955619047619048,8400,31249,302,250,10,45,6,11,2,6
"1073","2020-03-17",3,13,21,14,5250,0.955619047619048,8400,31249,302,250,17,62,3,14,6,3
"1074","2020-03-18",3,13,30,17,5250,0.955619047619048,8400,31249,302,250,10,72,3,17,4,3
"1075","2020-03-19",3,13,28,22,5250,0.955619047619048,8400,31249,302,250,19,91,1,18,11,1
"1076","2020-03-20",5,13,25,29,5250,0.955619047619048,8400,31249,302,250,15,106,1,19,12,1
"1077","2020-03-21",6,13,29,38,5250,0.955619047619048,8400,31249,302,250,18,124,2,21,10,2
"1078","2020-03-22",6,13,32,46,5250,0.955619047619048,8400,31249,302,250,12,136,8,29,9,8
"1079","2020-03-23",8,13,37,56,5250,0.955619047619048,8400,31249,302,250,29,165,9,38,21,9
"1080","2020-03-24",8,13,46,62,5250,0.955619047619048,8400,31249,302,250,34,199,4,42,21,4
"1081","2020-03-25",8,13,46,77,5250,0.955619047619048,8400,31249,302,250,30,229,7,49,24,7
"1082","2020-03-26",13,13,37,101,5250,0.955619047619048,8400,31249,302,250,29,258,3,52,25,3
"1083","2020-03-27",14,13,34,115,5250,0.955619047619048,8400,31249,302,250,35,293,2,54,26,2
"1084","2020-03-28",21,13,28,137,5250,0.955619047619048,8400,31249,302,250,39,332,2,56,27,2
"1085","2020-03-29",24,13,30,156,5250,0.955619047619048,8400,31249,302,250,35,367,3,59,29,3
"1086","2020-03-30",23,13,33,184,5250,0.955619047619048,8400,31249,302,250,44,411,6,65,32,6
"1087","2020-03-31",27,13,36,197,5250,0.955619047619048,8400,31249,302,250,35,446,6,71,27,6
"1088","2020-04-01",34,13,40,232,5250,0.955619047619048,8400,31249,302,250,46,492,7,78,37,7
"1089","2020-04-02",44,13,48,260,5250,0.955619047619048,8400,31249,302,250,40,532,1,79,34,1
"1090","2020-04-03",51,13,53,279,5250,0.955619047619048,8400,31249,302,250,57,589,10,89,50,10
"1091","2020-04-04",69,13,55,311,5250,0.955619047619048,8400,31249,302,250,36,625,3,92,29,3
"1092","2020-04-05",85,13,55,342,5250,0.955619047619048,8400,31249,302,250,44,669,7,99,31,7
"1093","2020-04-06",85,13,65,380,5250,0.955619047619048,8400,31249,302,250,48,717,6,105,42,6
"1094","2020-04-07",92,13,61,415,5250,0.955619047619048,8400,31249,302,250,58,775,6,111,51,6
"1095","2020-04-08",103,13,63,441,5250,0.955619047619048,8400,31249,302,250,52,827,16,127,40,16
"1096","2020-04-09",104,13,62,486,5250,0.955619047619048,8400,31249,302,250,61,888,8,135,48,8
"1097","2020-04-10",128,13,70,531,5250,0.955619047619048,8400,31249,302,250,45,933,13,148,38,13
"1098","2020-04-11",171,13,72,581,5250,0.955619047619048,8400,31249,302,250,64,997,5,153,52,5
"1099","2020-04-12",172,13,69,630,5250,0.955619047619048,8400,31249,302,250,59,1056,6,159,50,6
"1100","2020-04-13",176,13,78,670,5250,0.955619047619048,8400,31249,302,250,57,1113,7,166,50,7
"1101","2020-04-14",184,13,81,741,5250,0.955619047619048,8400,31249,302,250,61,1174,7,173,54,7
"1102","2020-04-15",186,13,84,811,5250,0.955619047619048,8400,31249,302,250,67,1241,15,188,56,15
"1103","2020-04-16",208,13,90,870,5250,0.955619047619048,8400,31249,302,250,51,1292,11,199,45,11
"1104","2020-04-17",262,13,98,932,5250,0.955619047619048,8400,31249,302,250,55,1347,10,209,46,10
"1105","2020-04-18",282,13,95,995,5250,0.955619047619048,8400,31249,302,250,80,1427,10,219,60,10
"1106","2020-04-19",284,13,85,1071,5250,0.955619047619048,8400,31249,302,250,74,1501,14,233,60,14
"1107","2020-04-20",272,13,85,1152,5250,0.955619047619048,8400,31249,302,250,55,1556,12,245,52,12
"1108","2020-04-21",277,13,79,1201,5250,0.955619047619048,8400,31249,302,250,49,1605,12,257,39,12
"1109","2020-04-22",302,13,84,1293,5250,0.955619047619048,8400,31249,302,250,58,1663,22,279,53,22
"1110","2020-04-23",310,13,85,1353,5250,0.955619047619048,8400,31249,302,250,76,1739,7,286,71,7
"1111","2020-04-24",390,13,78,1401,5250,0.955619047619048,8400,31249,302,250,63,1802,16,302,51,16
"1112","2020-04-25",392,13,77,1457,5250,0.955619047619048,8400,31249,302,250,46,1848,13,315,41,13
"1113","2020-04-26",446,13,77,1473,5250,0.955619047619048,8400,31249,302,250,74,1922,13,328,66,13
"1114","2020-04-27",465,13,72,1503,5250,0.955619047619048,8400,31249,302,250,55,1977,8,336,49,8
"1115","2020-04-28",480,13,73,1528,5250,0.955619047619048,8400,31249,302,250,53,2030,15,351,47,15
"1116","2020-04-29",493,13,65,1528,5250,0.955619047619048,8400,31249,302,250,71,2101,12,363,62,12
"1117","2020-04-30",507,13,67,1542,5250,0.955619047619048,8400,31249,302,250,57,2158,10,373,53,10
"1118","2020-05-01",574,13,70,1531,5250,0.955619047619048,8400,31249,302,250,64,2222,9,382,51,9
"1119","2020-05-02",571,13,60,1532,5250,0.955619047619048,8400,31249,302,250,58,2280,7,389,54,7
"1120","2020-05-03",522,13,64,1490,5250,0.955619047619048,8400,31249,302,250,63,2343,6,395,56,6
"1121","2020-05-04",519,13,65,1439,5250,0.955619047619048,8400,31249,302,250,57,2400,9,404,49,9
"1122","2020-05-05",509,13,83,1415,5250,0.955619047619048,8400,31249,302,250,57,2457,13,417,54,13
"1123","2020-05-06",497,13,79,1361,5250,0.955619047619048,8400,31249,302,250,58,2515,11,428,50,11
"1124","2020-05-07",482,13,71,1323,5250,0.955619047619048,8400,31249,302,250,49,2564,15,443,46,15
"1125","2020-05-08",494,13,75,1278,5250,0.955619047619048,8400,31249,302,250,40,2604,17,460,39,17
"1126","2020-05-09",514,13,68,1205,5250,0.955619047619048,8400,31249,302,250,36,2640,12,472,32,12
"1127","2020-05-10",459,13,75,1158,5250,0.955619047619048,8400,31249,302,250,57,2697,12,484,49,12
"1128","2020-05-11",439,13,89,1106,5250,0.955619047619048,8400,31249,302,250,46,2743,15,499,36,15
"1129","2020-05-12",415,13,92,1090,5250,0.955619047619048,8400,31249,302,250,29,2772,9,508,22,9
"1130","2020-05-13",422,13,80,1031,5250,0.955619047619048,8400,31249,302,250,35,2807,10,518,33,10
"1131","2020-05-14",414,13,76,965,5250,0.955619047619048,8400,31249,302,250,40,2847,4,522,38,4
"1132","2020-05-15",367,13,81,919,5250,0.955619047619048,8400,31249,302,250,32,2879,7,529,24,7
"1133","2020-05-16",339,13,83,864,5250,0.955619047619048,8400,31249,302,250,43,2922,3,532,40,3
"1134","2020-05-17",309,13,72,810,5250,0.955619047619048,8400,31249,302,250,40,2962,8,540,38,8
"1135","2020-05-18",299,13,83,768,5250,0.955619047619048,8400,31249,302,250,51,3013,3,543,43,3
"1136","2020-05-19",284,13,86,726,5250,0.955619047619048,8400,31249,302,250,33,3046,2,545,27,2
"1137","2020-05-20",258,13,84,671,5250,0.955619047619048,8400,31249,302,250,39,3085,3,548,33,3
"1138","2020-05-21",244,13,80,609,5250,0.955619047619048,8400,31249,302,250,31,3116,5,553,29,5
"1139","2020-05-22",216,13,70,546,5250,0.955619047619048,8400,31249,302,250,23,3139,5,558,20,5
"1140","2020-05-23",216,13,66,515,5250,0.955619047619048,8400,31249,302,250,31,3170,4,562,26,4
"1141","2020-05-24",200,13,73,476,5250,0.955619047619048,8400,31249,302,250,30,3200,4,566,28,4
"1142","2020-05-25",184,13,82,434,5250,0.955619047619048,8400,31249,302,250,23,3223,8,574,18,8
"1143","2020-05-26",178,13,73,385,5250,0.955619047619048,8400,31249,302,250,24,3247,9,583,21,9
"1144","2020-05-27",168,13,67,352,5250,0.955619047619048,8400,31249,302,250,33,3280,10,593,29,10
"1145","2020-05-28",158,13,74,322,5250,0.955619047619048,8400,31249,302,250,25,3305,7,600,20,7
"1146","2020-05-29",147,13,67,294,5250,0.955619047619048,8400,31249,302,250,20,3325,10,610,16,10
"1147","2020-05-30",133,13,67,273,5250,0.955619047619048,8400,31249,302,250,28,3353,4,614,28,4
"1148","2020-05-31",119,13,78,244,5250,0.955619047619048,8400,31249,302,250,12,3365,6,620,9,6
"1149","2020-06-01",107,13,85,216,5250,0.955619047619048,8400,31249,302,250,22,3387,8,628,16,8
"1150","2020-06-02",96,13,76,201,5250,0.955619047619048,8400,31249,302,250,23,3410,7,635,19,7
"1151","2020-06-03",86,13,75,187,5250,0.955619047619048,8400,31249,302,250,25,3435,6,641,19,6
"1152","2020-06-04",79,13,80,171,5250,0.955619047619048,8400,31249,302,250,14,3449,3,644,12,3
"1153","2020-06-05",73,13,86,160,5250,0.955619047619048,8400,31249,302,250,17,3466,6,650,14,6
"1154","2020-06-06",65,13,93,152,5250,0.955619047619048,8400,31249,302,250,17,3483,9,659,15,9
"1155","2020-06-07",50,13,95,136,5250,0.955619047619048,8400,31249,302,250,13,3496,5,664,12,5
"1156","2020-03-07",1,14,0,0,5041,0.9565562388415,8430,30747,331,343,NA,NA,NA,NA,NA,NA
"1157","2020-03-08",1,14,0,0,5041,0.9565562388415,8430,30747,331,343,NA,NA,NA,NA,NA,NA
"1158","2020-03-09",0,14,0,0,5041,0.9565562388415,8430,30747,331,343,NA,NA,NA,NA,NA,NA
"1159","2020-03-10",0,14,0,0,5041,0.9565562388415,8430,30747,331,343,NA,NA,NA,NA,NA,NA
"1160","2020-03-11",0,14,0,0,5041,0.9565562388415,8430,30747,331,343,6,6,7,7,NA,7
"1161","2020-03-12",0,14,0,0,5041,0.9565562388415,8430,30747,331,343,4,10,8,15,2,8
"1162","2020-03-13",1,14,12,12,5041,0.9565562388415,8430,30747,331,343,5,15,5,20,2,5
"1163","2020-03-14",1,14,17,15,5041,0.9565562388415,8430,30747,331,343,9,24,5,25,2,5
"1164","2020-03-15",1,14,21,27,5041,0.9565562388415,8430,30747,331,343,11,35,5,30,5,5
"1165","2020-03-16",3,14,28,35,5041,0.9565562388415,8430,30747,331,343,13,48,7,37,6,7
"1166","2020-03-17",5,14,27,42,5041,0.9565562388415,8430,30747,331,343,16,64,8,45,10,8
"1167","2020-03-18",7,14,33,56,5041,0.9565562388415,8430,30747,331,343,18,82,7,52,10,7
"1168","2020-03-19",10,14,32,75,5041,0.9565562388415,8430,30747,331,343,13,95,4,56,7,4
"1169","2020-03-20",11,14,32,93,5041,0.9565562388415,8430,30747,331,343,17,112,2,58,12,2
"1170","2020-03-21",17,14,33,108,5041,0.9565562388415,8430,30747,331,343,18,130,1,59,14,1
"1171","2020-03-22",23,14,37,136,5041,0.9565562388415,8430,30747,331,343,17,147,NA,NA,15,NA
"1172","2020-03-23",19,14,39,152,5041,0.9565562388415,8430,30747,331,343,19,166,1,60,12,1
"1173","2020-03-24",20,14,44,174,5041,0.9565562388415,8430,30747,331,343,23,189,8,68,15,8
"1174","2020-03-25",24,14,49,200,5041,0.9565562388415,8430,30747,331,343,26,215,12,80,20,12
"1175","2020-03-26",30,14,51,231,5041,0.9565562388415,8430,30747,331,343,25,240,2,82,22,2
"1176","2020-03-27",37,14,58,263,5041,0.9565562388415,8430,30747,331,343,23,263,2,84,18,2
"1177","2020-03-28",60,14,61,289,5041,0.9565562388415,8430,30747,331,343,34,297,2,86,28,2
"1178","2020-03-29",63,14,71,315,5041,0.9565562388415,8430,30747,331,343,40,337,13,99,28,13
"1179","2020-03-30",70,14,74,334,5041,0.9565562388415,8430,30747,331,343,29,366,3,102,24,3
"1180","2020-03-31",81,14,63,367,5041,0.9565562388415,8430,30747,331,343,35,401,6,108,29,6
"1181","2020-04-01",89,14,55,414,5041,0.9565562388415,8430,30747,331,343,39,440,10,118,34,10
"1182","2020-04-02",95,14,67,444,5041,0.9565562388415,8430,30747,331,343,46,486,12,130,37,12
"1183","2020-04-03",118,14,77,495,5041,0.9565562388415,8430,30747,331,343,31,517,15,145,26,15
"1184","2020-04-04",136,14,76,528,5041,0.9565562388415,8430,30747,331,343,36,553,10,155,31,10
"1185","2020-04-05",140,14,68,574,5041,0.9565562388415,8430,30747,331,343,37,590,20,175,33,20
"1186","2020-04-06",139,14,74,603,5041,0.9565562388415,8430,30747,331,343,42,632,19,194,33,19
"1187","2020-04-07",149,14,72,649,5041,0.9565562388415,8430,30747,331,343,43,675,7,201,37,7
"1188","2020-04-08",163,14,67,714,5041,0.9565562388415,8430,30747,331,343,44,719,6,207,40,6
"1189","2020-04-09",173,14,66,757,5041,0.9565562388415,8430,30747,331,343,62,781,7,214,50,7
"1190","2020-04-10",216,14,62,799,5041,0.9565562388415,8430,30747,331,343,33,814,3,217,29,3
"1191","2020-04-11",217,14,65,876,5041,0.9565562388415,8430,30747,331,343,37,851,6,223,31,6
"1192","2020-04-12",271,14,79,927,5041,0.9565562388415,8430,30747,331,343,46,897,5,228,41,5
"1193","2020-04-13",280,14,90,966,5041,0.9565562388415,8430,30747,331,343,49,946,6,234,44,6
"1194","2020-04-14",280,14,88,1005,5041,0.9565562388415,8430,30747,331,343,62,1008,12,246,52,12
"1195","2020-04-15",302,14,97,1038,5041,0.9565562388415,8430,30747,331,343,48,1056,7,253,43,7
"1196","2020-04-16",305,14,99,1075,5041,0.9565562388415,8430,30747,331,343,39,1095,6,259,33,6
"1197","2020-04-17",390,14,104,1136,5041,0.9565562388415,8430,30747,331,343,51,1146,9,268,43,9
"1198","2020-04-18",418,14,109,1168,5041,0.9565562388415,8430,30747,331,343,44,1190,5,273,37,5
"1199","2020-04-19",397,14,114,1198,5041,0.9565562388415,8430,30747,331,343,42,1232,7,280,39,7
"1200","2020-04-20",397,14,119,1228,5041,0.9565562388415,8430,30747,331,343,47,1279,2,282,41,2
"1201","2020-04-21",383,14,107,1252,5041,0.9565562388415,8430,30747,331,343,38,1317,12,294,30,12
"1202","2020-04-22",380,14,100,1257,5041,0.9565562388415,8430,30747,331,343,41,1358,10,304,34,10
"1203","2020-04-23",401,14,95,1267,5041,0.9565562388415,8430,30747,331,343,32,1390,15,319,25,15
"1204","2020-04-24",438,14,95,1278,5041,0.9565562388415,8430,30747,331,343,46,1436,11,330,34,11
"1205","2020-04-25",459,14,88,1275,5041,0.9565562388415,8430,30747,331,343,49,1485,18,348,41,18
"1206","2020-04-26",412,14,90,1290,5041,0.9565562388415,8430,30747,331,343,42,1527,11,359,36,11
"1207","2020-04-27",422,14,105,1301,5041,0.9565562388415,8430,30747,331,343,49,1576,12,371,39,12
"1208","2020-04-28",445,14,96,1278,5041,0.9565562388415,8430,30747,331,343,43,1619,7,378,41,7
"1209","2020-04-29",461,14,100,1279,5041,0.9565562388415,8430,30747,331,343,39,1658,16,394,38,16
"1210","2020-04-30",456,14,107,1228,5041,0.9565562388415,8430,30747,331,343,38,1696,22,416,34,22
"1211","2020-05-01",477,14,93,1206,5041,0.9565562388415,8430,30747,331,343,43,1739,24,440,34,24
"1212","2020-05-02",454,14,87,1193,5041,0.9565562388415,8430,30747,331,343,53,1792,8,448,53,8
"1213","2020-05-03",425,14,86,1134,5041,0.9565562388415,8430,30747,331,343,35,1827,9,457,30,9
"1214","2020-05-04",416,14,76,1083,5041,0.9565562388415,8430,30747,331,343,40,1867,10,467,36,10
"1215","2020-05-05",402,14,67,1065,5041,0.9565562388415,8430,30747,331,343,38,1905,3,470,29,3
"1216","2020-05-06",378,14,62,1005,5041,0.9565562388415,8430,30747,331,343,50,1955,2,472,42,2
"1217","2020-05-07",373,14,62,967,5041,0.9565562388415,8430,30747,331,343,29,1984,11,483,20,11
"1218","2020-05-08",362,14,59,926,5041,0.9565562388415,8430,30747,331,343,38,2022,12,495,34,12
"1219","2020-05-09",363,14,58,883,5041,0.9565562388415,8430,30747,331,343,49,2071,11,506,40,11
"1220","2020-05-10",344,14,65,839,5041,0.9565562388415,8430,30747,331,343,40,2111,18,524,33,18
"1221","2020-05-11",327,14,66,798,5041,0.9565562388415,8430,30747,331,343,35,2146,19,543,31,19
"1222","2020-05-12",309,14,74,745,5041,0.9565562388415,8430,30747,331,343,43,2189,16,559,36,16
"1223","2020-05-13",294,14,76,717,5041,0.9565562388415,8430,30747,331,343,32,2221,9,568,28,9
"1224","2020-05-14",275,14,77,666,5041,0.9565562388415,8430,30747,331,343,42,2263,20,588,35,20
"1225","2020-05-15",240,14,76,642,5041,0.9565562388415,8430,30747,331,343,32,2295,9,597,29,9
"1226","2020-05-16",229,14,68,622,5041,0.9565562388415,8430,30747,331,343,40,2335,14,611,34,14
"1227","2020-05-17",221,14,60,580,5041,0.9565562388415,8430,30747,331,343,31,2366,17,628,25,17
"1228","2020-05-18",213,14,56,548,5041,0.9565562388415,8430,30747,331,343,25,2391,10,638,22,10
"1229","2020-05-19",198,14,49,521,5041,0.9565562388415,8430,30747,331,343,40,2431,15,653,33,15
"1230","2020-05-20",195,14,48,497,5041,0.9565562388415,8430,30747,331,343,23,2454,20,673,20,20
"1231","2020-05-21",189,14,50,483,5041,0.9565562388415,8430,30747,331,343,29,2483,10,683,28,10
"1232","2020-05-22",185,14,49,455,5041,0.9565562388415,8430,30747,331,343,19,2502,9,692,18,9
"1233","2020-05-23",178,14,47,418,5041,0.9565562388415,8430,30747,331,343,32,2534,15,707,28,15
"1234","2020-05-24",153,14,50,380,5041,0.9565562388415,8430,30747,331,343,26,2560,16,723,23,16
"1235","2020-05-25",147,14,52,348,5041,0.9565562388415,8430,30747,331,343,32,2592,21,744,27,21
"1236","2020-05-26",138,14,56,320,5041,0.9565562388415,8430,30747,331,343,17,2609,12,756,15,12
"1237","2020-05-27",127,14,47,287,5041,0.9565562388415,8430,30747,331,343,27,2636,10,766,23,10
"1238","2020-05-28",124,14,54,255,5041,0.9565562388415,8430,30747,331,343,23,2659,14,780,21,14
"1239","2020-05-29",100,14,45,226,5041,0.9565562388415,8430,30747,331,343,22,2681,19,799,19,19
"1240","2020-05-30",89,14,53,201,5041,0.9565562388415,8430,30747,331,343,23,2704,14,813,19,14
"1241","2020-05-31",90,14,56,178,5041,0.9565562388415,8430,30747,331,343,13,2717,4,817,11,4
"1242","2020-06-01",70,14,54,155,5041,0.9565562388415,8430,30747,331,343,29,2746,10,827,23,10
"1243","2020-06-02",60,14,51,134,5041,0.9565562388415,8430,30747,331,343,21,2767,16,843,20,16
"1244","2020-06-03",55,14,53,122,5041,0.9565562388415,8430,30747,331,343,22,2789,11,854,17,11
"1245","2020-06-04",50,14,41,113,5041,0.9565562388415,8430,30747,331,343,14,2803,7,861,14,7
"1246","2020-06-05",42,14,36,98,5041,0.9565562388415,8430,30747,331,343,21,2824,6,867,18,6
"1247","2020-06-06",43,14,35,93,5041,0.9565562388415,8430,30747,331,343,18,2842,7,874,17,7
"1248","2020-06-07",37,14,30,87,5041,0.9565562388415,8430,30747,331,343,17,2859,6,880,17,6
"1249","2020-03-08",1,15,0,0,2952,0.661924119241192,8400,23601,172,464,NA,NA,NA,NA,NA,NA
"1250","2020-03-09",1,15,0,0,2952,0.661924119241192,8400,23601,172,464,NA,NA,NA,NA,NA,NA
"1251","2020-03-10",0,15,0,0,2952,0.661924119241192,8400,23601,172,464,NA,NA,NA,NA,NA,NA
"1252","2020-03-11",0,15,0,0,2952,0.661924119241192,8400,23601,172,464,11,11,5,5,NA,5
"1253","2020-03-12",0,15,0,0,2952,0.661924119241192,8400,23601,172,464,9,20,4,9,NA,4
"1254","2020-03-13",2,15,23,29,2952,0.661924119241192,8400,23601,172,464,23,43,1,10,1,1
"1255","2020-03-14",6,15,29,45,2952,0.661924119241192,8400,23601,172,464,18,61,2,12,9,2
"1256","2020-03-15",8,15,41,57,2952,0.661924119241192,8400,23601,172,464,15,76,1,13,4,1
"1257","2020-03-16",9,15,44,80,2952,0.661924119241192,8400,23601,172,464,15,91,3,16,5,3
"1258","2020-03-17",9,15,44,102,2952,0.661924119241192,8400,23601,172,464,19,110,3,19,9,3
"1259","2020-03-18",11,15,56,116,2952,0.661924119241192,8400,23601,172,464,25,135,1,20,11,1
"1260","2020-03-19",14,15,69,141,2952,0.661924119241192,8400,23601,172,464,24,159,1,21,14,1
"1261","2020-03-20",23,15,68,165,2952,0.661924119241192,8400,23601,172,464,20,179,NA,NA,15,NA
"1262","2020-03-21",34,15,61,185,2952,0.661924119241192,8400,23601,172,464,18,197,4,25,8,4
"1263","2020-03-22",41,15,60,211,2952,0.661924119241192,8400,23601,172,464,19,216,5,30,11,5
"1264","2020-03-23",49,15,61,233,2952,0.661924119241192,8400,23601,172,464,26,242,2,32,15,2
"1265","2020-03-24",55,15,66,254,2952,0.661924119241192,8400,23601,172,464,22,264,5,37,15,5
"1266","2020-03-25",62,15,75,279,2952,0.661924119241192,8400,23601,172,464,20,284,5,42,7,5
"1267","2020-03-26",69,15,77,309,2952,0.661924119241192,8400,23601,172,464,32,316,9,51,17,9
"1268","2020-03-27",80,15,84,332,2952,0.661924119241192,8400,23601,172,464,23,339,7,58,12,7
"1269","2020-03-28",88,15,85,334,2952,0.661924119241192,8400,23601,172,464,23,362,6,64,12,6
"1270","2020-03-29",93,15,85,334,2952,0.661924119241192,8400,23601,172,464,36,398,3,67,19,3
"1271","2020-03-30",97,15,74,344,2952,0.661924119241192,8400,23601,172,464,27,425,7,74,14,7
"1272","2020-03-31",101,15,68,351,2952,0.661924119241192,8400,23601,172,464,22,447,3,77,13,3
"1273","2020-04-01",110,15,86,359,2952,0.661924119241192,8400,23601,172,464,25,472,4,81,17,4
"1274","2020-04-02",114,15,98,376,2952,0.661924119241192,8400,23601,172,464,39,511,1,82,19,1
"1275","2020-04-03",126,15,87,394,2952,0.661924119241192,8400,23601,172,464,35,546,9,91,22,9
"1276","2020-04-04",139,15,118,406,2952,0.661924119241192,8400,23601,172,464,42,588,NA,NA,19,NA
"1277","2020-04-05",132,15,120,420,2952,0.661924119241192,8400,23601,172,464,40,628,7,98,23,7
"1278","2020-04-06",125,15,121,421,2952,0.661924119241192,8400,23601,172,464,40,668,7,105,26,7
"1279","2020-04-07",122,15,120,436,2952,0.661924119241192,8400,23601,172,464,33,701,8,113,20,8
"1280","2020-04-08",115,15,115,433,2952,0.661924119241192,8400,23601,172,464,40,741,10,123,31,10
"1281","2020-04-09",121,15,126,447,2952,0.661924119241192,8400,23601,172,464,37,778,7,130,22,7
"1282","2020-04-10",141,15,122,448,2952,0.661924119241192,8400,23601,172,464,50,828,4,134,35,4
"1283","2020-04-11",139,15,128,455,2952,0.661924119241192,8400,23601,172,464,26,854,8,142,14,8
"1284","2020-04-12",147,15,141,464,2952,0.661924119241192,8400,23601,172,464,26,880,5,147,10,5
"1285","2020-04-13",147,15,111,472,2952,0.661924119241192,8400,23601,172,464,30,910,4,151,18,4
"1286","2020-04-14",145,15,100,469,2952,0.661924119241192,8400,23601,172,464,30,940,3,154,20,3
"1287","2020-04-15",150,15,81,483,2952,0.661924119241192,8400,23601,172,464,30,970,5,159,17,5
"1288","2020-04-16",140,15,71,471,2952,0.661924119241192,8400,23601,172,464,35,1005,9,168,16,9
"1289","2020-04-17",153,15,79,467,2952,0.661924119241192,8400,23601,172,464,31,1036,5,173,19,5
"1290","2020-04-18",148,15,90,457,2952,0.661924119241192,8400,23601,172,464,47,1083,3,176,22,3
"1291","2020-04-19",144,15,94,453,2952,0.661924119241192,8400,23601,172,464,30,1113,5,181,15,5
"1292","2020-04-20",140,15,88,455,2952,0.661924119241192,8400,23601,172,464,27,1140,9,190,11,9
"1293","2020-04-21",140,15,93,437,2952,0.661924119241192,8400,23601,172,464,34,1174,6,196,18,6
"1294","2020-04-22",138,15,108,428,2952,0.661924119241192,8400,23601,172,464,37,1211,3,199,19,3
"1295","2020-04-23",142,15,127,436,2952,0.661924119241192,8400,23601,172,464,40,1251,1,200,19,1
"1296","2020-04-24",139,15,113,452,2952,0.661924119241192,8400,23601,172,464,23,1274,5,205,14,5
"1297","2020-04-25",139,15,102,454,2952,0.661924119241192,8400,23601,172,464,36,1310,4,209,21,4
"1298","2020-04-26",128,15,90,448,2952,0.661924119241192,8400,23601,172,464,41,1351,13,222,27,13
"1299","2020-04-27",127,15,81,454,2952,0.661924119241192,8400,23601,172,464,26,1377,3,225,10,3
"1300","2020-04-28",125,15,86,446,2952,0.661924119241192,8400,23601,172,464,34,1411,2,227,18,2
"1301","2020-04-29",128,15,99,451,2952,0.661924119241192,8400,23601,172,464,32,1443,8,235,19,8
"1302","2020-04-30",129,15,124,465,2952,0.661924119241192,8400,23601,172,464,40,1483,14,249,23,14
"1303","2020-05-01",147,15,139,474,2952,0.661924119241192,8400,23601,172,464,30,1513,9,258,15,9
"1304","2020-05-02",145,15,141,480,2952,0.661924119241192,8400,23601,172,464,41,1554,5,263,28,5
"1305","2020-05-03",166,15,145,478,2952,0.661924119241192,8400,23601,172,464,32,1586,7,270,13,7
"1306","2020-05-04",162,15,160,473,2952,0.661924119241192,8400,23601,172,464,30,1616,6,276,19,6
"1307","2020-05-05",150,15,175,478,2952,0.661924119241192,8400,23601,172,464,31,1647,10,286,16,10
"1308","2020-05-06",157,15,176,472,2952,0.661924119241192,8400,23601,172,464,39,1686,9,295,20,9
"1309","2020-05-07",161,15,163,468,2952,0.661924119241192,8400,23601,172,464,34,1720,8,303,15,8
"1310","2020-05-08",159,15,144,459,2952,0.661924119241192,8400,23601,172,464,35,1755,3,306,22,3
"1311","2020-05-09",180,15,120,454,2952,0.661924119241192,8400,23601,172,464,39,1794,1,307,20,1
"1312","2020-05-10",158,15,100,450,2952,0.661924119241192,8400,23601,172,464,34,1828,2,309,18,2
"1313","2020-05-11",157,15,80,455,2952,0.661924119241192,8400,23601,172,464,16,1844,2,311,11,2
"1314","2020-05-12",162,15,77,437,2952,0.661924119241192,8400,23601,172,464,42,1886,5,316,28,5
"1315","2020-05-13",153,15,83,423,2952,0.661924119241192,8400,23601,172,464,29,1915,7,323,17,7
"1316","2020-05-14",151,15,112,412,2952,0.661924119241192,8400,23601,172,464,17,1932,2,325,12,2
"1317","2020-05-15",153,15,119,399,2952,0.661924119241192,8400,23601,172,464,21,1953,3,328,10,3
"1318","2020-05-16",148,15,104,376,2952,0.661924119241192,8400,23601,172,464,21,1974,3,331,15,3
"1319","2020-05-17",140,15,91,355,2952,0.661924119241192,8400,23601,172,464,31,2005,3,334,19,3
"1320","2020-05-18",138,15,97,348,2952,0.661924119241192,8400,23601,172,464,28,2033,9,343,13,9
"1321","2020-05-19",132,15,107,344,2952,0.661924119241192,8400,23601,172,464,25,2058,6,349,14,6
"1322","2020-05-20",125,15,95,337,2952,0.661924119241192,8400,23601,172,464,18,2076,8,357,9,8
"1323","2020-05-21",115,15,91,329,2952,0.661924119241192,8400,23601,172,464,25,2101,9,366,17,9
"1324","2020-05-22",112,15,83,305,2952,0.661924119241192,8400,23601,172,464,31,2132,5,371,20,5
"1325","2020-05-23",112,15,71,301,2952,0.661924119241192,8400,23601,172,464,31,2163,5,376,22,5
"1326","2020-05-24",102,15,70,284,2952,0.661924119241192,8400,23601,172,464,16,2179,3,379,12,3
"1327","2020-05-25",93,15,73,269,2952,0.661924119241192,8400,23601,172,464,15,2194,6,385,3,6
"1328","2020-05-26",92,15,86,266,2952,0.661924119241192,8400,23601,172,464,18,2212,8,393,11,8
"1329","2020-05-27",96,15,82,261,2952,0.661924119241192,8400,23601,172,464,26,2238,4,397,15,4
"1330","2020-05-28",98,15,86,259,2952,0.661924119241192,8400,23601,172,464,20,2258,5,402,16,5
"1331","2020-05-29",101,15,80,255,2952,0.661924119241192,8400,23601,172,464,19,2277,4,406,13,4
"1332","2020-05-30",95,15,76,247,2952,0.661924119241192,8400,23601,172,464,12,2289,NA,NA,6,NA
"1333","2020-05-31",87,15,77,229,2952,0.661924119241192,8400,23601,172,464,15,2304,NA,NA,10,NA
"1334","2020-06-01",85,15,71,226,2952,0.661924119241192,8400,23601,172,464,17,2321,4,410,12,4
"1335","2020-06-02",82,15,75,232,2952,0.661924119241192,8400,23601,172,464,12,2333,3,413,9,3
"1336","2020-06-03",76,15,71,227,2952,0.661924119241192,8400,23601,172,464,15,2348,1,414,8,1
"1337","2020-06-04",75,15,54,213,2952,0.661924119241192,8400,23601,172,464,16,2364,3,417,10,3
"1338","2020-06-05",65,15,61,197,2952,0.661924119241192,8400,23601,172,464,13,2377,2,419,4,2
"1339","2020-06-06",66,15,60,198,2952,0.661924119241192,8400,23601,172,464,18,2395,2,421,11,2
"1340","2020-06-07",70,15,69,194,2952,0.661924119241192,8400,23601,172,464,10,2405,4,425,6,4
"1341","2020-03-14",2,16,31,18,5330,0.94953095684803,8415,30600,294,421,15,41,11,33,5,11
"1342","2020-03-15",5,16,32,22,5330,0.94953095684803,8415,30600,294,421,18,59,12,45,6,12
"1343","2020-03-16",5,16,35,29,5330,0.94953095684803,8415,30600,294,421,15,74,20,65,6,20
"1344","2020-03-17",6,16,29,35,5330,0.94953095684803,8415,30600,294,421,18,92,7,72,10,7
"1345","2020-03-18",6,16,37,44,5330,0.94953095684803,8415,30600,294,421,14,106,5,77,6,5
"1346","2020-03-19",10,16,42,50,5330,0.94953095684803,8415,30600,294,421,22,128,19,96,14,19
"1347","2020-03-20",16,16,53,63,5330,0.94953095684803,8415,30600,294,421,27,155,23,119,17,23
"1348","2020-03-21",18,16,54,77,5330,0.94953095684803,8415,30600,294,421,18,173,19,138,9,19
"1349","2020-03-22",24,16,52,94,5330,0.94953095684803,8415,30600,294,421,15,188,26,164,12,26
"1350","2020-03-23",28,16,60,104,5330,0.94953095684803,8415,30600,294,421,18,206,21,185,13,21
"1351","2020-03-24",26,16,53,120,5330,0.94953095684803,8415,30600,294,421,24,230,19,204,19,19
"1352","2020-03-25",31,16,43,138,5330,0.94953095684803,8415,30600,294,421,30,260,19,223,18,19
"1353","2020-03-26",31,16,51,152,5330,0.94953095684803,8415,30600,294,421,23,283,30,253,18,30
"1354","2020-03-27",35,16,60,175,5330,0.94953095684803,8415,30600,294,421,29,312,24,277,21,24
"1355","2020-03-28",43,16,61,197,5330,0.94953095684803,8415,30600,294,421,28,340,15,292,19,15
"1356","2020-03-29",47,16,61,239,5330,0.94953095684803,8415,30600,294,421,33,373,22,314,19,22
"1357","2020-03-30",52,16,77,271,5330,0.94953095684803,8415,30600,294,421,30,403,16,330,26,16
"1358","2020-03-31",63,16,79,301,5330,0.94953095684803,8415,30600,294,421,34,437,21,351,21,21
"1359","2020-04-01",67,16,78,324,5330,0.94953095684803,8415,30600,294,421,38,475,22,373,28,22
"1360","2020-04-02",76,16,73,360,5330,0.94953095684803,8415,30600,294,421,41,516,22,395,34,22
"1361","2020-04-03",108,16,96,392,5330,0.94953095684803,8415,30600,294,421,36,552,15,410,22,15
"1362","2020-04-04",137,16,96,436,5330,0.94953095684803,8415,30600,294,421,52,604,28,438,43,28
"1363","2020-04-05",139,16,90,478,5330,0.94953095684803,8415,30600,294,421,31,635,22,460,23,22
"1364","2020-04-06",136,16,86,529,5330,0.94953095684803,8415,30600,294,421,58,693,19,479,50,19
"1365","2020-04-07",140,16,80,575,5330,0.94953095684803,8415,30600,294,421,39,732,23,502,28,23
"1366","2020-04-08",142,16,75,617,5330,0.94953095684803,8415,30600,294,421,51,783,39,541,41,39
"1367","2020-04-09",161,16,77,667,5330,0.94953095684803,8415,30600,294,421,68,851,32,573,56,32
"1368","2020-04-10",182,16,82,725,5330,0.94953095684803,8415,30600,294,421,59,910,35,608,48,35
"1369","2020-04-11",215,16,85,776,5330,0.94953095684803,8415,30600,294,421,44,954,36,644,35,36
"1370","2020-04-12",221,16,110,820,5330,0.94953095684803,8415,30600,294,421,53,1007,34,678,44,34
"1371","2020-04-13",213,16,117,898,5330,0.94953095684803,8415,30600,294,421,61,1068,33,711,53,33
"1372","2020-04-14",212,16,123,953,5330,0.94953095684803,8415,30600,294,421,62,1130,29,740,49,29
"1373","2020-04-15",233,16,130,1043,5330,0.94953095684803,8415,30600,294,421,89,1219,21,761,78,21
"1374","2020-04-16",237,16,130,1140,5330,0.94953095684803,8415,30600,294,421,69,1288,32,793,59,32
"1375","2020-04-17",313,16,130,1202,5330,0.94953095684803,8415,30600,294,421,74,1362,26,819,65,26
"1376","2020-04-18",361,16,123,1313,5330,0.94953095684803,8415,30600,294,421,62,1424,20,839,54,20
"1377","2020-04-19",368,16,125,1379,5330,0.94953095684803,8415,30600,294,421,63,1487,18,857,54,18
"1378","2020-04-20",383,16,146,1434,5330,0.94953095684803,8415,30600,294,421,76,1563,31,888,64,31
"1379","2020-04-21",415,16,157,1489,5330,0.94953095684803,8415,30600,294,421,76,1639,25,913,68,25
"1380","2020-04-22",435,16,166,1556,5330,0.94953095684803,8415,30600,294,421,54,1693,28,941,46,28
"1381","2020-04-23",448,16,175,1605,5330,0.94953095684803,8415,30600,294,421,68,1761,23,964,62,23
"1382","2020-04-24",562,16,158,1625,5330,0.94953095684803,8415,30600,294,421,71,1832,45,1009,60,45
"1383","2020-04-25",545,16,155,1669,5330,0.94953095684803,8415,30600,294,421,64,1896,30,1039,52,30
"1384","2020-04-26",534,16,154,1690,5330,0.94953095684803,8415,30600,294,421,55,1951,48,1087,42,48
"1385","2020-04-27",527,16,135,1664,5330,0.94953095684803,8415,30600,294,421,67,2018,38,1125,54,38
"1386","2020-04-28",521,16,144,1663,5330,0.94953095684803,8415,30600,294,421,69,2087,24,1149,59,24
"1387","2020-04-29",526,16,143,1645,5330,0.94953095684803,8415,30600,294,421,60,2147,27,1176,55,27
"1388","2020-04-30",541,16,154,1566,5330,0.94953095684803,8415,30600,294,421,70,2217,33,1209,59,33
"1389","2020-05-01",578,16,164,1543,5330,0.94953095684803,8415,30600,294,421,54,2271,34,1243,47,34
"1390","2020-05-02",575,16,174,1469,5330,0.94953095684803,8415,30600,294,421,46,2317,42,1285,39,42
"1391","2020-05-03",533,16,150,1429,5330,0.94953095684803,8415,30600,294,421,66,2383,41,1326,53,41
"1392","2020-05-04",535,16,139,1379,5330,0.94953095684803,8415,30600,294,421,62,2445,44,1370,51,44
"1393","2020-05-05",521,16,122,1313,5330,0.94953095684803,8415,30600,294,421,61,2506,35,1405,51,35
"1394","2020-05-06",512,16,114,1278,5330,0.94953095684803,8415,30600,294,421,61,2567,36,1441,55,36
"1395","2020-05-07",508,16,131,1198,5330,0.94953095684803,8415,30600,294,421,35,2602,38,1479,27,38
"1396","2020-05-08",462,16,123,1125,5330,0.94953095684803,8415,30600,294,421,48,2650,30,1509,40,30
"1397","2020-05-09",461,16,131,1054,5330,0.94953095684803,8415,30600,294,421,53,2703,30,1539,45,30
"1398","2020-05-10",415,16,131,985,5330,0.94953095684803,8415,30600,294,421,64,2767,26,1565,53,26
"1399","2020-05-11",394,16,126,912,5330,0.94953095684803,8415,30600,294,421,69,2836,27,1592,61,27
"1400","2020-05-12",379,16,133,844,5330,0.94953095684803,8415,30600,294,421,39,2875,24,1616,25,24
"1401","2020-05-13",363,16,129,789,5330,0.94953095684803,8415,30600,294,421,37,2912,28,1644,32,28
"1402","2020-05-14",330,16,118,727,5330,0.94953095684803,8415,30600,294,421,45,2957,17,1661,36,17
"1403","2020-05-15",296,16,142,661,5330,0.94953095684803,8415,30600,294,421,31,2988,17,1678,26,17
"1404","2020-05-16",269,16,147,622,5330,0.94953095684803,8415,30600,294,421,34,3022,39,1717,27,39
"1405","2020-05-17",254,16,150,564,5330,0.94953095684803,8415,30600,294,421,30,3052,23,1740,27,23
"1406","2020-05-18",243,16,146,503,5330,0.94953095684803,8415,30600,294,421,27,3079,11,1751,19,11
"1407","2020-05-19",221,16,139,444,5330,0.94953095684803,8415,30600,294,421,31,3110,33,1784,26,33
"1408","2020-05-20",204,16,142,411,5330,0.94953095684803,8415,30600,294,421,26,3136,28,1812,24,28
"1409","2020-05-21",186,16,123,372,5330,0.94953095684803,8415,30600,294,421,31,3167,24,1836,27,24
"1410","2020-05-22",149,16,115,334,5330,0.94953095684803,8415,30600,294,421,29,3196,17,1853,21,17
"1411","2020-05-23",131,16,102,299,5330,0.94953095684803,8415,30600,294,421,28,3224,25,1878,24,25
"1412","2020-05-24",97,16,90,260,5330,0.94953095684803,8415,30600,294,421,29,3253,20,1898,23,20
"1413","2020-05-25",90,16,100,238,5330,0.94953095684803,8415,30600,294,421,27,3280,29,1927,21,29
"1414","2020-05-26",85,16,91,207,5330,0.94953095684803,8415,30600,294,421,27,3307,25,1952,21,25
"1415","2020-05-27",76,16,89,189,5330,0.94953095684803,8415,30600,294,421,18,3325,25,1977,15,25
"1416","2020-05-28",77,16,79,179,5330,0.94953095684803,8415,30600,294,421,28,3353,33,2010,23,33
"1417","2020-05-29",67,16,78,176,5330,0.94953095684803,8415,30600,294,421,25,3378,28,2038,20,28
"1418","2020-05-30",65,16,77,165,5330,0.94953095684803,8415,30600,294,421,26,3404,25,2063,22,25
"1419","2020-05-31",69,16,83,149,5330,0.94953095684803,8415,30600,294,421,17,3421,22,2085,15,22
"1420","2020-06-01",64,16,80,144,5330,0.94953095684803,8415,30600,294,421,16,3437,18,2103,12,18
"1421","2020-06-02",56,16,84,130,5330,0.94953095684803,8415,30600,294,421,26,3463,23,2126,23,23
"1422","2020-06-03",55,16,85,119,5330,0.94953095684803,8415,30600,294,421,15,3478,24,2150,13,24
"1423","2020-06-04",47,16,86,111,5330,0.94953095684803,8415,30600,294,421,18,3496,24,2174,15,24
"1424","2020-06-05",48,16,79,99,5330,0.94953095684803,8415,30600,294,421,20,3516,30,2204,14,30
"1425","2020-06-06",44,16,77,94,5330,0.94953095684803,8415,30600,294,421,18,3534,23,2227,13,23
"1426","2020-06-07",37,16,68,84,5330,0.94953095684803,8415,30600,294,421,12,3546,19,2246,10,19
"1427","2020-03-15",2,17,15,33,3579,0.827884884045823,8355,26166,214,369,3,10,6,36,3,6
"1428","2020-03-16",4,17,12,44,3579,0.827884884045823,8355,26166,214,369,5,15,9,45,2,9
"1429","2020-03-17",6,17,13,50,3579,0.827884884045823,8355,26166,214,369,5,20,12,57,4,12
"1430","2020-03-18",7,17,15,57,3579,0.827884884045823,8355,26166,214,369,3,23,6,63,3,6
"1431","2020-03-19",11,17,21,70,3579,0.827884884045823,8355,26166,214,369,11,34,12,75,9,12
"1432","2020-03-20",12,17,24,92,3579,0.827884884045823,8355,26166,214,369,9,43,14,89,6,14
"1433","2020-03-21",20,17,19,107,3579,0.827884884045823,8355,26166,214,369,9,52,5,94,8,5
"1434","2020-03-22",31,17,25,120,3579,0.827884884045823,8355,26166,214,369,15,67,4,98,15,4
"1435","2020-03-23",31,17,26,134,3579,0.827884884045823,8355,26166,214,369,10,77,5,103,9,5
"1436","2020-03-24",30,17,26,147,3579,0.827884884045823,8355,26166,214,369,5,82,6,109,5,6
"1437","2020-03-25",37,17,28,160,3579,0.827884884045823,8355,26166,214,369,16,98,5,114,15,5
"1438","2020-03-26",37,17,31,183,3579,0.827884884045823,8355,26166,214,369,14,112,2,116,12,2
"1439","2020-03-27",45,17,34,191,3579,0.827884884045823,8355,26166,214,369,24,136,3,119,23,3
"1440","2020-03-28",50,17,43,215,3579,0.827884884045823,8355,26166,214,369,23,159,4,123,22,4
"1441","2020-03-29",40,17,44,225,3579,0.827884884045823,8355,26166,214,369,24,183,4,127,23,4
"1442","2020-03-30",48,17,40,245,3579,0.827884884045823,8355,26166,214,369,27,210,3,130,26,3
"1443","2020-03-31",53,17,40,256,3579,0.827884884045823,8355,26166,214,369,29,239,8,138,28,8
"1444","2020-04-01",58,17,41,269,3579,0.827884884045823,8355,26166,214,369,29,268,6,144,25,6
"1445","2020-04-02",62,17,48,279,3579,0.827884884045823,8355,26166,214,369,36,304,5,149,36,5
"1446","2020-04-03",75,17,52,305,3579,0.827884884045823,8355,26166,214,369,39,343,2,151,37,2
"1447","2020-04-04",88,17,43,323,3579,0.827884884045823,8355,26166,214,369,43,386,6,157,42,6
"1448","2020-04-05",95,17,48,353,3579,0.827884884045823,8355,26166,214,369,67,453,12,169,64,12
"1449","2020-04-06",85,17,47,382,3579,0.827884884045823,8355,26166,214,369,72,525,15,184,69,15
"1450","2020-04-07",91,17,51,412,3579,0.827884884045823,8355,26166,214,369,68,593,23,207,68,23
"1451","2020-04-08",96,17,57,441,3579,0.827884884045823,8355,26166,214,369,60,653,18,225,58,18
"1452","2020-04-09",105,17,62,481,3579,0.827884884045823,8355,26166,214,369,94,747,10,235,93,10
"1453","2020-04-10",138,17,63,497,3579,0.827884884045823,8355,26166,214,369,112,859,7,242,108,7
"1454","2020-04-11",165,17,58,517,3579,0.827884884045823,8355,26166,214,369,95,954,9,251,92,9
"1455","2020-04-12",170,17,76,566,3579,0.827884884045823,8355,26166,214,369,99,1053,5,256,99,5
"1456","2020-04-13",173,17,96,595,3579,0.827884884045823,8355,26166,214,369,78,1131,6,262,76,6
"1457","2020-04-14",165,17,121,625,3579,0.827884884045823,8355,26166,214,369,120,1251,9,271,119,9
"1458","2020-04-15",175,17,125,643,3579,0.827884884045823,8355,26166,214,369,116,1367,9,280,115,9
"1459","2020-04-16",180,17,122,648,3579,0.827884884045823,8355,26166,214,369,131,1498,29,309,129,29
"1460","2020-04-17",213,17,106,656,3579,0.827884884045823,8355,26166,214,369,146,1644,16,325,146,16
"1461","2020-04-18",213,17,107,678,3579,0.827884884045823,8355,26166,214,369,128,1772,15,340,124,15
"1462","2020-04-19",236,17,104,691,3579,0.827884884045823,8355,26166,214,369,158,1930,21,361,157,21
"1463","2020-04-20",239,17,92,697,3579,0.827884884045823,8355,26166,214,369,122,2052,18,379,119,18
"1464","2020-04-21",245,17,99,691,3579,0.827884884045823,8355,26166,214,369,126,2178,18,397,123,18
"1465","2020-04-22",249,17,105,684,3579,0.827884884045823,8355,26166,214,369,128,2306,11,408,128,11
"1466","2020-04-23",257,17,102,704,3579,0.827884884045823,8355,26166,214,369,160,2466,7,415,160,7
"1467","2020-04-24",267,17,91,705,3579,0.827884884045823,8355,26166,214,369,130,2596,14,429,129,14
"1468","2020-04-25",267,17,86,708,3579,0.827884884045823,8355,26166,214,369,145,2741,17,446,143,17
"1469","2020-04-26",238,17,76,705,3579,0.827884884045823,8355,26166,214,369,154,2895,15,461,154,15
"1470","2020-04-27",237,17,71,722,3579,0.827884884045823,8355,26166,214,369,131,3026,23,484,129,23
"1471","2020-04-28",226,17,79,736,3579,0.827884884045823,8355,26166,214,369,165,3191,24,508,163,24
"1472","2020-04-29",217,17,74,715,3579,0.827884884045823,8355,26166,214,369,166,3357,18,526,164,18
"1473","2020-04-30",215,17,76,714,3579,0.827884884045823,8355,26166,214,369,153,3510,10,536,151,10
"1474","2020-05-01",246,17,85,710,3579,0.827884884045823,8355,26166,214,369,139,3649,12,548,139,12
"1475","2020-05-02",253,17,76,713,3579,0.827884884045823,8355,26166,214,369,111,3760,9,557,109,9
"1476","2020-05-03",253,17,85,697,3579,0.827884884045823,8355,26166,214,369,109,3869,10,567,109,10
"1477","2020-05-04",246,17,103,696,3579,0.827884884045823,8355,26166,214,369,111,3980,24,591,111,24
"1478","2020-05-05",238,17,97,690,3579,0.827884884045823,8355,26166,214,369,98,4078,20,611,97,20
"1479","2020-05-06",251,17,95,689,3579,0.827884884045823,8355,26166,214,369,100,4178,11,622,99,11
"1480","2020-05-07",243,17,116,665,3579,0.827884884045823,8355,26166,214,369,85,4263,7,629,84,7
"1481","2020-05-08",219,17,106,640,3579,0.827884884045823,8355,26166,214,369,71,4334,24,653,69,24
"1482","2020-05-09",207,17,91,643,3579,0.827884884045823,8355,26166,214,369,65,4399,16,669,65,16
"1483","2020-05-10",224,17,87,636,3579,0.827884884045823,8355,26166,214,369,70,4469,18,687,70,18
"1484","2020-05-11",229,17,87,622,3579,0.827884884045823,8355,26166,214,369,66,4535,13,700,66,13
"1485","2020-05-12",222,17,80,609,3579,0.827884884045823,8355,26166,214,369,54,4589,7,707,54,7
"1486","2020-05-13",205,17,86,603,3579,0.827884884045823,8355,26166,214,369,60,4649,17,724,60,17
"1487","2020-05-14",205,17,101,579,3579,0.827884884045823,8355,26166,214,369,57,4706,10,734,56,10
"1488","2020-05-15",232,17,111,569,3579,0.827884884045823,8355,26166,214,369,46,4752,13,747,46,13
"1489","2020-05-16",227,17,116,552,3579,0.827884884045823,8355,26166,214,369,49,4801,5,752,48,5
"1490","2020-05-17",194,17,108,533,3579,0.827884884045823,8355,26166,214,369,49,4850,15,767,47,15
"1491","2020-05-18",180,17,103,507,3579,0.827884884045823,8355,26166,214,369,23,4873,7,774,23,7
"1492","2020-05-19",177,17,98,472,3579,0.827884884045823,8355,26166,214,369,39,4912,5,779,37,5
"1493","2020-05-20",176,17,87,453,3579,0.827884884045823,8355,26166,214,369,36,4948,12,791,35,12
"1494","2020-05-21",176,17,84,427,3579,0.827884884045823,8355,26166,214,369,33,4981,14,805,33,14
"1495","2020-05-22",152,17,74,411,3579,0.827884884045823,8355,26166,214,369,26,5007,14,819,25,14
"1496","2020-05-23",160,17,75,390,3579,0.827884884045823,8355,26166,214,369,14,5021,9,828,14,9
"1497","2020-05-24",147,17,68,382,3579,0.827884884045823,8355,26166,214,369,16,5037,12,840,16,12
"1498","2020-05-25",141,17,56,357,3579,0.827884884045823,8355,26166,214,369,15,5052,12,852,15,12
"1499","2020-05-26",136,17,50,344,3579,0.827884884045823,8355,26166,214,369,19,5071,15,867,18,15
"1500","2020-05-27",127,17,51,323,3579,0.827884884045823,8355,26166,214,369,20,5091,10,877,19,10
"1501","2020-05-28",123,17,51,313,3579,0.827884884045823,8355,26166,214,369,19,5110,10,887,18,10
"1502","2020-05-29",112,17,48,295,3579,0.827884884045823,8355,26166,214,369,14,5124,9,896,14,9
"1503","2020-05-30",95,17,52,286,3579,0.827884884045823,8355,26166,214,369,16,5140,5,901,16,5
"1504","2020-05-31",84,17,52,272,3579,0.827884884045823,8355,26166,214,369,20,5160,11,912,19,11
"1505","2020-06-01",88,17,48,257,3579,0.827884884045823,8355,26166,214,369,13,5173,2,914,12,2
"1506","2020-06-02",82,17,41,254,3579,0.827884884045823,8355,26166,214,369,9,5182,4,918,9,4
"1507","2020-06-03",79,17,46,244,3579,0.827884884045823,8355,26166,214,369,10,5192,NA,NA,10,NA
"1508","2020-06-04",77,17,46,228,3579,0.827884884045823,8355,26166,214,369,7,5199,1,919,6,1
"1509","2020-06-05",76,17,49,215,3579,0.827884884045823,8355,26166,214,369,9,5208,NA,NA,9,NA
"1510","2020-06-06",79,17,51,203,3579,0.827884884045823,8355,26166,214,369,10,5218,1,920,10,1
"1511","2020-06-07",75,17,50,200,3579,0.827884884045823,8355,26166,214,369,7,5225,NA,NA,7,NA
"1512","2020-03-19",3,18,52,83,4897,0.93690014294466,8235,30126,254,367,5,27,5,62,5,5
"1513","2020-03-20",5,18,49,96,4897,0.93690014294466,8235,30126,254,367,8,35,6,68,6,6
"1514","2020-03-21",8,18,44,116,4897,0.93690014294466,8235,30126,254,367,13,48,11,79,11,11
"1515","2020-03-22",19,18,53,144,4897,0.93690014294466,8235,30126,254,367,7,55,6,85,4,6
"1516","2020-03-23",26,18,55,168,4897,0.93690014294466,8235,30126,254,367,15,70,10,95,13,10
"1517","2020-03-24",36,18,58,190,4897,0.93690014294466,8235,30126,254,367,13,83,10,105,12,10
"1518","2020-03-25",46,18,66,202,4897,0.93690014294466,8235,30126,254,367,27,110,8,113,24,8
"1519","2020-03-26",48,18,72,223,4897,0.93690014294466,8235,30126,254,367,16,126,13,126,16,13
"1520","2020-03-27",55,18,85,234,4897,0.93690014294466,8235,30126,254,367,26,152,11,137,22,11
"1521","2020-03-28",58,18,77,258,4897,0.93690014294466,8235,30126,254,367,15,167,1,138,13,1
"1522","2020-03-29",82,18,66,279,4897,0.93690014294466,8235,30126,254,367,31,198,15,153,30,15
"1523","2020-03-30",86,18,77,301,4897,0.93690014294466,8235,30126,254,367,23,221,15,168,22,15
"1524","2020-03-31",76,18,68,315,4897,0.93690014294466,8235,30126,254,367,32,253,10,178,29,10
"1525","2020-04-01",84,18,59,355,4897,0.93690014294466,8235,30126,254,367,23,276,11,189,20,11
"1526","2020-04-02",88,18,55,398,4897,0.93690014294466,8235,30126,254,367,34,310,16,205,32,16
"1527","2020-04-03",111,18,63,428,4897,0.93690014294466,8235,30126,254,367,47,357,7,212,45,7
"1528","2020-04-04",129,18,62,466,4897,0.93690014294466,8235,30126,254,367,40,397,7,219,35,7
"1529","2020-04-05",122,18,54,513,4897,0.93690014294466,8235,30126,254,367,60,457,9,228,58,9
"1530","2020-04-06",125,18,71,578,4897,0.93690014294466,8235,30126,254,367,54,511,11,239,52,11
"1531","2020-04-07",131,18,69,636,4897,0.93690014294466,8235,30126,254,367,67,578,13,252,67,13
"1532","2020-04-08",134,18,82,699,4897,0.93690014294466,8235,30126,254,367,66,644,12,264,65,12
"1533","2020-04-09",157,18,85,747,4897,0.93690014294466,8235,30126,254,367,90,734,8,272,89,8
"1534","2020-04-10",201,18,84,793,4897,0.93690014294466,8235,30126,254,367,67,801,15,287,63,15
"1535","2020-04-11",229,18,92,857,4897,0.93690014294466,8235,30126,254,367,82,883,13,300,82,13
"1536","2020-04-12",242,18,85,912,4897,0.93690014294466,8235,30126,254,367,60,943,19,319,57,19
"1537","2020-04-13",248,18,76,949,4897,0.93690014294466,8235,30126,254,367,104,1047,19,338,98,19
"1538","2020-04-14",266,18,67,990,4897,0.93690014294466,8235,30126,254,367,73,1120,8,346,72,8
"1539","2020-04-15",284,18,69,1018,4897,0.93690014294466,8235,30126,254,367,124,1244,14,360,122,14
"1540","2020-04-16",284,18,91,1044,4897,0.93690014294466,8235,30126,254,367,91,1335,17,377,90,17
"1541","2020-04-17",338,18,99,1066,4897,0.93690014294466,8235,30126,254,367,116,1451,20,397,115,20
"1542","2020-04-18",338,18,106,1119,4897,0.93690014294466,8235,30126,254,367,115,1566,14,411,113,14
"1543","2020-04-19",347,18,94,1137,4897,0.93690014294466,8235,30126,254,367,92,1658,8,419,90,8
"1544","2020-04-20",345,18,94,1140,4897,0.93690014294466,8235,30126,254,367,105,1763,15,434,105,15
"1545","2020-04-21",346,18,93,1141,4897,0.93690014294466,8235,30126,254,367,147,1910,11,445,146,11
"1546","2020-04-22",345,18,104,1140,4897,0.93690014294466,8235,30126,254,367,125,2035,23,468,122,23
"1547","2020-04-23",348,18,96,1114,4897,0.93690014294466,8235,30126,254,367,141,2176,13,481,140,13
"1548","2020-04-24",373,18,81,1144,4897,0.93690014294466,8235,30126,254,367,137,2313,14,495,136,14
"1549","2020-04-25",405,18,69,1126,4897,0.93690014294466,8235,30126,254,367,142,2455,8,503,139,8
"1550","2020-04-26",376,18,67,1136,4897,0.93690014294466,8235,30126,254,367,130,2585,18,521,129,18
"1551","2020-04-27",377,18,66,1104,4897,0.93690014294466,8235,30126,254,367,173,2758,23,544,171,23
"1552","2020-04-28",360,18,65,1099,4897,0.93690014294466,8235,30126,254,367,123,2881,17,561,123,17
"1553","2020-04-29",355,18,61,1084,4897,0.93690014294466,8235,30126,254,367,170,3051,14,575,167,14
"1554","2020-04-30",357,18,60,1089,4897,0.93690014294466,8235,30126,254,367,134,3185,25,600,133,25
"1555","2020-05-01",378,18,79,1104,4897,0.93690014294466,8235,30126,254,367,130,3315,23,623,127,23
"1556","2020-05-02",368,18,82,1082,4897,0.93690014294466,8235,30126,254,367,144,3459,33,656,143,33
"1557","2020-05-03",330,18,95,1073,4897,0.93690014294466,8235,30126,254,367,133,3592,23,679,131,23
"1558","2020-05-04",317,18,104,1069,4897,0.93690014294466,8235,30126,254,367,120,3712,15,694,119,15
"1559","2020-05-05",312,18,120,1035,4897,0.93690014294466,8235,30126,254,367,127,3839,19,713,126,19
"1560","2020-05-06",327,18,127,1005,4897,0.93690014294466,8235,30126,254,367,120,3959,19,732,117,19
"1561","2020-05-07",332,18,118,974,4897,0.93690014294466,8235,30126,254,367,120,4079,10,742,119,10
"1562","2020-05-08",344,18,99,969,4897,0.93690014294466,8235,30126,254,367,102,4181,16,758,100,16
"1563","2020-05-09",346,18,89,927,4897,0.93690014294466,8235,30126,254,367,89,4270,17,775,89,17
"1564","2020-05-10",330,18,88,882,4897,0.93690014294466,8235,30126,254,367,114,4384,20,795,114,20
"1565","2020-05-11",331,18,87,834,4897,0.93690014294466,8235,30126,254,367,77,4461,10,805,76,10
"1566","2020-05-12",337,18,86,788,4897,0.93690014294466,8235,30126,254,367,87,4548,19,824,87,19
"1567","2020-05-13",310,18,78,762,4897,0.93690014294466,8235,30126,254,367,74,4622,26,850,73,26
"1568","2020-05-14",282,18,79,724,4897,0.93690014294466,8235,30126,254,367,74,4696,13,863,73,13
"1569","2020-05-15",271,18,87,689,4897,0.93690014294466,8235,30126,254,367,80,4776,26,889,79,26
"1570","2020-05-16",256,18,81,636,4897,0.93690014294466,8235,30126,254,367,59,4835,13,902,58,13
"1571","2020-05-17",230,18,80,608,4897,0.93690014294466,8235,30126,254,367,60,4895,9,911,59,9
"1572","2020-05-18",225,18,84,565,4897,0.93690014294466,8235,30126,254,367,47,4942,10,921,46,10
"1573","2020-05-19",213,18,74,527,4897,0.93690014294466,8235,30126,254,367,50,4992,3,924,48,3
"1574","2020-05-20",206,18,65,493,4897,0.93690014294466,8235,30126,254,367,49,5041,8,932,48,8
"1575","2020-05-21",214,18,74,465,4897,0.93690014294466,8235,30126,254,367,41,5082,10,942,41,10
"1576","2020-05-22",184,18,71,432,4897,0.93690014294466,8235,30126,254,367,32,5114,14,956,29,14
"1577","2020-05-23",159,18,68,402,4897,0.93690014294466,8235,30126,254,367,42,5156,14,970,40,14
"1578","2020-05-24",157,18,66,389,4897,0.93690014294466,8235,30126,254,367,36,5192,10,980,36,10
"1579","2020-05-25",145,18,60,354,4897,0.93690014294466,8235,30126,254,367,26,5218,4,984,23,4
"1580","2020-05-26",126,18,47,339,4897,0.93690014294466,8235,30126,254,367,27,5245,7,991,27,7
"1581","2020-05-27",129,18,46,314,4897,0.93690014294466,8235,30126,254,367,19,5264,9,1000,19,9
"1582","2020-05-28",122,18,57,298,4897,0.93690014294466,8235,30126,254,367,27,5291,9,1009,27,9
"1583","2020-05-29",117,18,63,283,4897,0.93690014294466,8235,30126,254,367,18,5309,9,1018,18,9
"1584","2020-05-30",119,18,66,264,4897,0.93690014294466,8235,30126,254,367,16,5325,7,1025,16,7
"1585","2020-05-31",104,18,58,246,4897,0.93690014294466,8235,30126,254,367,12,5337,7,1032,12,7
"1586","2020-06-01",95,18,61,223,4897,0.93690014294466,8235,30126,254,367,8,5345,6,1038,8,6
"1587","2020-06-02",90,18,66,207,4897,0.93690014294466,8235,30126,254,367,8,5353,10,1048,7,10
"1588","2020-06-03",81,18,64,171,4897,0.93690014294466,8235,30126,254,367,9,5362,10,1058,9,10
"1589","2020-06-04",74,18,66,161,4897,0.93690014294466,8235,30126,254,367,4,5366,4,1062,4,4
"1590","2020-06-05",65,18,59,159,4897,0.93690014294466,8235,30126,254,367,13,5379,11,1073,13,11
"1591","2020-06-06",61,18,54,141,4897,0.93690014294466,8235,30126,254,367,8,5387,4,1077,8,4
"1592","2020-06-07",54,18,54,128,4897,0.93690014294466,8235,30126,254,367,4,5391,9,1086,4,9
"1593","2020-03-14",3,19,17,33,2133,0.687294889826535,8430,19472,125,245,15,34,NA,NA,6,NA
"1594","2020-03-15",5,19,14,43,2133,0.687294889826535,8430,19472,125,245,15,49,2,12,4,2
"1595","2020-03-16",7,19,14,53,2133,0.687294889826535,8430,19472,125,245,11,60,1,13,5,1
"1596","2020-03-17",9,19,18,60,2133,0.687294889826535,8430,19472,125,245,22,82,2,15,8,2
"1597","2020-03-18",10,19,16,69,2133,0.687294889826535,8430,19472,125,245,30,112,3,18,18,3
"1598","2020-03-19",11,19,18,73,2133,0.687294889826535,8430,19472,125,245,25,137,5,23,24,5
"1599","2020-03-20",15,19,17,83,2133,0.687294889826535,8430,19472,125,245,29,166,10,33,22,10
"1600","2020-03-21",20,19,20,94,2133,0.687294889826535,8430,19472,125,245,33,199,13,46,22,13
"1601","2020-03-22",21,19,16,99,2133,0.687294889826535,8430,19472,125,245,45,244,5,51,38,5
"1602","2020-03-23",18,19,19,114,2133,0.687294889826535,8430,19472,125,245,39,283,11,62,32,11
"1603","2020-03-24",20,19,19,125,2133,0.687294889826535,8430,19472,125,245,45,328,2,64,40,2
"1604","2020-03-25",32,19,18,135,2133,0.687294889826535,8430,19472,125,245,57,385,10,74,50,10
"1605","2020-03-26",37,19,22,141,2133,0.687294889826535,8430,19472,125,245,54,439,7,81,42,7
"1606","2020-03-27",37,19,25,157,2133,0.687294889826535,8430,19472,125,245,63,502,10,91,57,10
"1607","2020-03-28",35,19,28,163,2133,0.687294889826535,8430,19472,125,245,75,577,3,94,70,3
"1608","2020-03-29",34,19,35,159,2133,0.687294889826535,8430,19472,125,245,65,642,4,98,55,4
"1609","2020-03-30",42,19,28,169,2133,0.687294889826535,8430,19472,125,245,68,710,4,102,61,4
"1610","2020-03-31",44,19,22,186,2133,0.687294889826535,8430,19472,125,245,85,795,5,107,71,5
"1611","2020-04-01",36,19,25,188,2133,0.687294889826535,8430,19472,125,245,104,899,4,111,92,4
"1612","2020-04-02",37,19,24,196,2133,0.687294889826535,8430,19472,125,245,108,1007,21,132,98,21
"1613","2020-04-03",43,19,29,202,2133,0.687294889826535,8430,19472,125,245,106,1113,8,140,98,8
"1614","2020-04-04",45,19,39,210,2133,0.687294889826535,8430,19472,125,245,117,1230,17,157,111,17
"1615","2020-04-05",58,19,35,226,2133,0.687294889826535,8430,19472,125,245,99,1329,15,172,93,15
"1616","2020-04-06",52,19,37,238,2133,0.687294889826535,8430,19472,125,245,121,1450,18,190,116,18
"1617","2020-04-07",55,19,41,242,2133,0.687294889826535,8430,19472,125,245,156,1606,14,204,144,14
"1618","2020-04-08",61,19,44,242,2133,0.687294889826535,8430,19472,125,245,103,1709,11,215,95,11
"1619","2020-04-09",61,19,42,247,2133,0.687294889826535,8430,19472,125,245,132,1841,8,223,124,8
"1620","2020-04-10",70,19,39,259,2133,0.687294889826535,8430,19472,125,245,146,1987,13,236,135,13
"1621","2020-04-11",84,19,39,269,2133,0.687294889826535,8430,19472,125,245,145,2132,8,244,132,8
"1622","2020-04-12",96,19,39,273,2133,0.687294889826535,8430,19472,125,245,129,2261,5,249,120,5
"1623","2020-04-13",97,19,42,281,2133,0.687294889826535,8430,19472,125,245,150,2411,5,254,144,5
"1624","2020-04-14",92,19,52,274,2133,0.687294889826535,8430,19472,125,245,138,2549,8,262,131,8
"1625","2020-04-15",89,19,46,284,2133,0.687294889826535,8430,19472,125,245,151,2700,6,268,144,6
"1626","2020-04-16",88,19,49,263,2133,0.687294889826535,8430,19472,125,245,99,2799,18,286,95,18
"1627","2020-04-17",94,19,54,276,2133,0.687294889826535,8430,19472,125,245,181,2980,19,305,170,19
"1628","2020-04-18",94,19,57,290,2133,0.687294889826535,8430,19472,125,245,137,3117,22,327,130,22
"1629","2020-04-19",79,19,56,298,2133,0.687294889826535,8430,19472,125,245,133,3250,29,356,122,29
"1630","2020-04-20",80,19,48,293,2133,0.687294889826535,8430,19472,125,245,107,3357,13,369,104,13
"1631","2020-04-21",76,19,48,299,2133,0.687294889826535,8430,19472,125,245,135,3492,9,378,124,9
"1632","2020-04-22",80,19,44,315,2133,0.687294889826535,8430,19472,125,245,108,3600,15,393,97,15
"1633","2020-04-23",82,19,51,316,2133,0.687294889826535,8430,19472,125,245,130,3730,17,410,123,17
"1634","2020-04-24",90,19,58,326,2133,0.687294889826535,8430,19472,125,245,102,3832,14,424,96,14
"1635","2020-04-25",88,19,54,331,2133,0.687294889826535,8430,19472,125,245,100,3932,9,433,93,9
"1636","2020-04-26",104,19,71,339,2133,0.687294889826535,8430,19472,125,245,85,4017,7,440,79,7
"1637","2020-04-27",115,19,74,346,2133,0.687294889826535,8430,19472,125,245,100,4117,12,452,94,12
"1638","2020-04-28",115,19,69,343,2133,0.687294889826535,8430,19472,125,245,81,4198,26,478,76,26
"1639","2020-04-29",119,19,55,350,2133,0.687294889826535,8430,19472,125,245,66,4264,25,503,59,25
"1640","2020-04-30",123,19,50,351,2133,0.687294889826535,8430,19472,125,245,74,4338,29,532,68,29
"1641","2020-05-01",120,19,48,354,2133,0.687294889826535,8430,19472,125,245,85,4423,24,556,81,24
"1642","2020-05-02",123,19,50,355,2133,0.687294889826535,8430,19472,125,245,51,4474,21,577,47,21
"1643","2020-05-03",108,19,54,349,2133,0.687294889826535,8430,19472,125,245,62,4536,23,600,57,23
"1644","2020-05-04",103,19,51,342,2133,0.687294889826535,8430,19472,125,245,70,4606,9,609,62,9
"1645","2020-05-05",104,19,57,340,2133,0.687294889826535,8430,19472,125,245,34,4640,14,623,32,14
"1646","2020-05-06",107,19,54,337,2133,0.687294889826535,8430,19472,125,245,54,4694,18,641,48,18
"1647","2020-05-07",102,19,59,329,2133,0.687294889826535,8430,19472,125,245,36,4730,8,649,32,8
"1648","2020-05-08",106,19,65,310,2133,0.687294889826535,8430,19472,125,245,47,4777,9,658,39,9
"1649","2020-05-09",112,19,67,315,2133,0.687294889826535,8430,19472,125,245,48,4825,8,666,45,8
"1650","2020-05-10",112,19,75,324,2133,0.687294889826535,8430,19472,125,245,45,4870,3,669,41,3
"1651","2020-05-11",107,19,80,326,2133,0.687294889826535,8430,19472,125,245,31,4901,5,674,26,5
"1652","2020-05-12",106,19,71,336,2133,0.687294889826535,8430,19472,125,245,34,4935,12,686,29,12
"1653","2020-05-13",105,19,62,333,2133,0.687294889826535,8430,19472,125,245,35,4970,11,697,34,11
"1654","2020-05-14",111,19,59,333,2133,0.687294889826535,8430,19472,125,245,28,4998,26,723,26,26
"1655","2020-05-15",129,19,59,338,2133,0.687294889826535,8430,19472,125,245,27,5025,11,734,22,11
"1656","2020-05-16",123,19,56,335,2133,0.687294889826535,8430,19472,125,245,26,5051,21,755,25,21
"1657","2020-05-17",112,19,62,335,2133,0.687294889826535,8430,19472,125,245,19,5070,9,764,17,9
"1658","2020-05-18",111,19,60,343,2133,0.687294889826535,8430,19472,125,245,17,5087,8,772,15,8
"1659","2020-05-19",110,19,66,341,2133,0.687294889826535,8430,19472,125,245,21,5108,14,786,15,14
"1660","2020-05-20",105,19,70,347,2133,0.687294889826535,8430,19472,125,245,15,5123,7,793,13,7
"1661","2020-05-21",103,19,70,341,2133,0.687294889826535,8430,19472,125,245,15,5138,8,801,13,8
"1662","2020-05-22",92,19,66,324,2133,0.687294889826535,8430,19472,125,245,18,5156,7,808,16,7
"1663","2020-05-23",103,19,69,322,2133,0.687294889826535,8430,19472,125,245,12,5168,11,819,10,11
"1664","2020-05-24",97,19,72,321,2133,0.687294889826535,8430,19472,125,245,12,5180,7,826,11,7
"1665","2020-05-25",97,19,65,306,2133,0.687294889826535,8430,19472,125,245,26,5206,13,839,26,13
"1666","2020-05-26",92,19,53,288,2133,0.687294889826535,8430,19472,125,245,9,5215,11,850,8,11
"1667","2020-05-27",89,19,50,286,2133,0.687294889826535,8430,19472,125,245,12,5227,7,857,10,7
"1668","2020-05-28",88,19,52,283,2133,0.687294889826535,8430,19472,125,245,10,5237,8,865,8,8
"1669","2020-05-29",91,19,55,272,2133,0.687294889826535,8430,19472,125,245,9,5246,9,874,8,9
"1670","2020-05-30",77,19,51,261,2133,0.687294889826535,8430,19472,125,245,13,5259,7,881,11,7
"1671","2020-05-31",97,19,48,249,2133,0.687294889826535,8430,19472,125,245,8,5267,12,893,7,12
"1672","2020-06-01",89,19,40,240,2133,0.687294889826535,8430,19472,125,245,2,5269,8,901,1,8
"1673","2020-06-02",86,19,45,222,2133,0.687294889826535,8430,19472,125,245,11,5280,19,920,4,19
"1674","2020-06-03",85,19,50,205,2133,0.687294889826535,8430,19472,125,245,3,5283,19,939,1,19
"1675","2020-06-04",80,19,51,208,2133,0.687294889826535,8430,19472,125,245,4,5287,13,952,2,13
"1676","2020-06-05",87,19,53,204,2133,0.687294889826535,8430,19472,125,245,4,5291,5,957,2,5
"1677","2020-06-06",91,19,52,195,2133,0.687294889826535,8430,19472,125,245,4,5295,6,963,2,6
"1678","2020-06-07",68,19,49,187,2133,0.687294889826535,8430,19472,125,245,5,5300,5,968,4,5
"1679","2020-03-15",3,20,28,25,4809,0.97359118319817,8250,30373,289,294,1,9,2,14,NA,2
"1680","2020-03-16",4,20,29,29,4809,0.97359118319817,8250,30373,289,294,4,13,10,24,2,10
"1681","2020-03-17",5,20,31,35,4809,0.97359118319817,8250,30373,289,294,2,15,6,30,NA,6
"1682","2020-03-18",6,20,30,42,4809,0.97359118319817,8250,30373,289,294,3,18,11,41,NA,11
"1683","2020-03-19",11,20,28,53,4809,0.97359118319817,8250,30373,289,294,5,23,4,45,1,4
"1684","2020-03-20",13,20,30,65,4809,0.97359118319817,8250,30373,289,294,7,30,5,50,6,5
"1685","2020-03-21",17,20,26,76,4809,0.97359118319817,8250,30373,289,294,9,39,7,57,7,7
"1686","2020-03-22",16,20,22,84,4809,0.97359118319817,8250,30373,289,294,8,47,9,66,5,9
"1687","2020-03-23",21,20,25,94,4809,0.97359118319817,8250,30373,289,294,13,60,11,77,8,11
"1688","2020-03-24",23,20,36,105,4809,0.97359118319817,8250,30373,289,294,8,68,18,95,7,18
"1689","2020-03-25",27,20,36,120,4809,0.97359118319817,8250,30373,289,294,17,85,10,105,13,10
"1690","2020-03-26",28,20,33,128,4809,0.97359118319817,8250,30373,289,294,25,110,5,110,18,5
"1691","2020-03-27",29,20,27,143,4809,0.97359118319817,8250,30373,289,294,17,127,8,118,16,8
"1692","2020-03-28",43,20,27,158,4809,0.97359118319817,8250,30373,289,294,24,151,1,119,22,1
"1693","2020-03-29",53,20,31,183,4809,0.97359118319817,8250,30373,289,294,23,174,10,129,19,10
"1694","2020-03-30",47,20,36,204,4809,0.97359118319817,8250,30373,289,294,31,205,4,133,29,4
"1695","2020-03-31",49,20,33,226,4809,0.97359118319817,8250,30373,289,294,26,231,9,142,22,9
"1696","2020-04-01",50,20,29,240,4809,0.97359118319817,8250,30373,289,294,43,274,10,152,38,10
"1697","2020-04-02",52,20,23,280,4809,0.97359118319817,8250,30373,289,294,42,316,14,166,40,14
"1698","2020-04-03",73,20,30,309,4809,0.97359118319817,8250,30373,289,294,33,349,11,177,26,11
"1699","2020-04-04",83,20,26,335,4809,0.97359118319817,8250,30373,289,294,48,397,12,189,45,12
"1700","2020-04-05",80,20,24,370,4809,0.97359118319817,8250,30373,289,294,45,442,16,205,41,16
"1701","2020-04-06",83,20,31,399,4809,0.97359118319817,8250,30373,289,294,56,498,13,218,52,13
"1702","2020-04-07",94,20,32,442,4809,0.97359118319817,8250,30373,289,294,59,557,12,230,52,12
"1703","2020-04-08",102,20,43,450,4809,0.97359118319817,8250,30373,289,294,46,603,9,239,45,9
"1704","2020-04-09",113,20,50,501,4809,0.97359118319817,8250,30373,289,294,74,677,15,254,67,15
"1705","2020-04-10",126,20,62,544,4809,0.97359118319817,8250,30373,289,294,77,754,14,268,72,14
"1706","2020-04-11",159,20,71,599,4809,0.97359118319817,8250,30373,289,294,81,835,14,282,80,14
"1707","2020-04-12",179,20,81,629,4809,0.97359118319817,8250,30373,289,294,90,925,10,292,89,10
"1708","2020-04-13",174,20,96,677,4809,0.97359118319817,8250,30373,289,294,83,1008,20,312,79,20
"1709","2020-04-14",179,20,95,726,4809,0.97359118319817,8250,30373,289,294,121,1129,15,327,116,15
"1710","2020-04-15",203,20,77,767,4809,0.97359118319817,8250,30373,289,294,108,1237,20,347,104,20
"1711","2020-04-16",208,20,100,803,4809,0.97359118319817,8250,30373,289,294,105,1342,16,363,102,16
"1712","2020-04-17",263,20,127,806,4809,0.97359118319817,8250,30373,289,294,123,1465,23,386,117,23
"1713","2020-04-18",255,20,103,843,4809,0.97359118319817,8250,30373,289,294,116,1581,12,398,113,12
"1714","2020-04-19",257,20,99,863,4809,0.97359118319817,8250,30373,289,294,143,1724,11,409,139,11
"1715","2020-04-20",261,20,94,905,4809,0.97359118319817,8250,30373,289,294,147,1871,15,424,146,15
"1716","2020-04-21",253,20,96,942,4809,0.97359118319817,8250,30373,289,294,113,1984,14,438,112,14
"1717","2020-04-22",250,20,94,971,4809,0.97359118319817,8250,30373,289,294,173,2157,17,455,172,17
"1718","2020-04-23",255,20,85,982,4809,0.97359118319817,8250,30373,289,294,154,2311,18,473,151,18
"1719","2020-04-24",307,20,82,1017,4809,0.97359118319817,8250,30373,289,294,142,2453,9,482,137,9
"1720","2020-04-25",318,20,67,1067,4809,0.97359118319817,8250,30373,289,294,161,2614,19,501,159,19
"1721","2020-04-26",312,20,55,1109,4809,0.97359118319817,8250,30373,289,294,131,2745,18,519,129,18
"1722","2020-04-27",329,20,51,1123,4809,0.97359118319817,8250,30373,289,294,149,2894,15,534,148,15
"1723","2020-04-28",338,20,35,1117,4809,0.97359118319817,8250,30373,289,294,151,3045,16,550,150,16
"1724","2020-04-29",344,20,39,1129,4809,0.97359118319817,8250,30373,289,294,119,3164,8,558,117,8
"1725","2020-04-30",354,20,33,1167,4809,0.97359118319817,8250,30373,289,294,135,3299,9,567,134,9
"1726","2020-05-01",394,20,25,1164,4809,0.97359118319817,8250,30373,289,294,120,3419,19,586,119,19
"1727","2020-05-02",422,20,26,1194,4809,0.97359118319817,8250,30373,289,294,130,3549,4,590,128,4
"1728","2020-05-03",413,20,37,1162,4809,0.97359118319817,8250,30373,289,294,98,3647,16,606,94,16
"1729","2020-05-04",407,20,57,1120,4809,0.97359118319817,8250,30373,289,294,112,3759,11,617,110,11
"1730","2020-05-05",406,20,69,1108,4809,0.97359118319817,8250,30373,289,294,111,3870,22,639,109,22
"1731","2020-05-06",398,20,97,1101,4809,0.97359118319817,8250,30373,289,294,106,3976,17,656,103,17
"1732","2020-05-07",400,20,116,1086,4809,0.97359118319817,8250,30373,289,294,102,4078,14,670,101,14
"1733","2020-05-08",385,20,129,1032,4809,0.97359118319817,8250,30373,289,294,92,4170,15,685,89,15
"1734","2020-05-09",369,20,125,985,4809,0.97359118319817,8250,30373,289,294,81,4251,9,694,80,9
"1735","2020-05-10",343,20,128,957,4809,0.97359118319817,8250,30373,289,294,72,4323,15,709,70,15
"1736","2020-05-11",318,20,116,937,4809,0.97359118319817,8250,30373,289,294,77,4400,28,737,77,28
"1737","2020-05-12",301,20,116,908,4809,0.97359118319817,8250,30373,289,294,100,4500,22,759,100,22
"1738","2020-05-13",299,20,95,856,4809,0.97359118319817,8250,30373,289,294,64,4564,10,769,63,10
"1739","2020-05-14",290,20,85,818,4809,0.97359118319817,8250,30373,289,294,54,4618,13,782,54,13
"1740","2020-05-15",282,20,72,788,4809,0.97359118319817,8250,30373,289,294,60,4678,17,799,58,17
"1741","2020-05-16",286,20,75,757,4809,0.97359118319817,8250,30373,289,294,56,4734,23,822,55,23
"1742","2020-05-17",262,20,85,747,4809,0.97359118319817,8250,30373,289,294,49,4783,7,829,48,7
"1743","2020-05-18",263,20,78,711,4809,0.97359118319817,8250,30373,289,294,50,4833,19,848,48,19
"1744","2020-05-19",256,20,75,699,4809,0.97359118319817,8250,30373,289,294,45,4878,18,866,42,18
"1745","2020-05-20",249,20,76,649,4809,0.97359118319817,8250,30373,289,294,31,4909,17,883,30,17
"1746","2020-05-21",243,20,83,630,4809,0.97359118319817,8250,30373,289,294,28,4937,13,896,27,13
"1747","2020-05-22",224,20,80,603,4809,0.97359118319817,8250,30373,289,294,29,4966,10,906,29,10
"1748","2020-05-23",207,20,75,574,4809,0.97359118319817,8250,30373,289,294,31,4997,10,916,30,10
"1749","2020-05-24",215,20,78,560,4809,0.97359118319817,8250,30373,289,294,27,5024,17,933,26,17
"1750","2020-05-25",215,20,77,542,4809,0.97359118319817,8250,30373,289,294,21,5045,21,954,20,21
"1751","2020-05-26",204,20,74,505,4809,0.97359118319817,8250,30373,289,294,14,5059,9,963,13,9
"1752","2020-05-27",198,20,75,459,4809,0.97359118319817,8250,30373,289,294,18,5077,12,975,18,12
"1753","2020-05-28",187,20,77,473,4809,0.97359118319817,8250,30373,289,294,17,5094,17,992,15,17
"1754","2020-05-29",177,20,70,434,4809,0.97359118319817,8250,30373,289,294,17,5111,13,1005,16,13
"1755","2020-05-30",172,20,74,418,4809,0.97359118319817,8250,30373,289,294,19,5130,9,1014,19,9
"1756","2020-05-31",167,20,69,399,4809,0.97359118319817,8250,30373,289,294,10,5140,21,1035,9,21
"1757","2020-06-01",158,20,65,371,4809,0.97359118319817,8250,30373,289,294,15,5155,17,1052,15,17
"1758","2020-06-02",145,20,60,351,4809,0.97359118319817,8250,30373,289,294,17,5172,12,1064,15,12
"1759","2020-06-03",139,20,52,334,4809,0.97359118319817,8250,30373,289,294,13,5185,14,1078,13,14
"1760","2020-06-04",135,20,55,303,4809,0.97359118319817,8250,30373,289,294,6,5191,15,1093,5,15
"1761","2020-06-05",148,20,49,276,4809,0.97359118319817,8250,30373,289,294,12,5203,17,1110,10,17
"1762","2020-06-06",147,20,50,252,4809,0.97359118319817,8250,30373,289,294,7,5210,18,1128,7,18
"1763","2020-06-07",113,20,41,228,4809,0.97359118319817,8250,30373,289,294,5,5215,19,1147,4,19
