"","Date","Absents","Paramset","Infections_or_Exposed_per_day_Patient","Infections_or_Exposed_per_day_HCW","total_infections","nosocomial_proportion","PCR_pooled","LFD_pooled","HCW_symp_test","patient_symp_test","new_hcw_infs","cumulative_hcw_infs","new_pat_infs","cumulative_pats_infs","new_nosocomial_hcw_infs","new_nosocomial_pat_infs"
"1","2020-03-13",1,1,74,126,5844,0.381759069130732,1995,7965,552,701,52,126,19,63,8,19
"2","2020-03-14",6,1,91,188,5844,0.381759069130732,1995,7965,552,701,62,188,23,86,7,23
"3","2020-03-15",37,1,94,240,5844,0.381759069130732,1995,7965,552,701,52,240,17,103,12,17
"4","2020-03-16",47,1,99,298,5844,0.381759069130732,1995,7965,552,701,58,298,16,119,17,16
"5","2020-03-17",45,1,103,369,5844,0.381759069130732,1995,7965,552,701,73,371,24,143,24,24
"6","2020-03-18",55,1,121,432,5844,0.381759069130732,1995,7965,552,701,68,439,24,167,19,24
"7","2020-03-19",65,1,117,501,5844,0.381759069130732,1995,7965,552,701,79,518,23,190,29,23
"8","2020-03-20",113,1,106,567,5844,0.381759069130732,1995,7965,552,701,77,595,12,202,28,12
"9","2020-03-21",154,1,103,627,5844,0.381759069130732,1995,7965,552,701,89,684,11,213,44,11
"10","2020-03-22",156,1,94,680,5844,0.381759069130732,1995,7965,552,701,84,768,13,226,39,13
"11","2020-03-23",161,1,79,724,5844,0.381759069130732,1995,7965,552,701,77,845,6,232,33,6
"12","2020-03-24",170,1,81,788,5844,0.381759069130732,1995,7965,552,701,96,941,13,245,52,13
"13","2020-03-25",192,1,90,806,5844,0.381759069130732,1995,7965,552,701,74,1015,18,263,40,18
"14","2020-03-26",215,1,120,831,5844,0.381759069130732,1995,7965,552,701,77,1092,36,299,37,36
"15","2020-03-27",281,1,115,856,5844,0.381759069130732,1995,7965,552,701,86,1178,26,325,46,26
"16","2020-03-28",290,1,113,879,5844,0.381759069130732,1995,7965,552,701,88,1266,13,338,48,13
"17","2020-03-29",269,1,112,892,5844,0.381759069130732,1995,7965,552,701,90,1356,22,360,47,22
"18","2020-03-30",289,1,129,898,5844,0.381759069130732,1995,7965,552,701,76,1432,26,386,37,26
"19","2020-03-31",287,1,127,899,5844,0.381759069130732,1995,7965,552,701,79,1511,14,400,36,14
"20","2020-04-01",286,1,134,914,5844,0.381759069130732,1995,7965,552,701,96,1607,31,431,54,31
"21","2020-04-02",279,1,150,907,5844,0.381759069130732,1995,7965,552,701,64,1671,34,465,37,34
"22","2020-04-03",286,1,159,936,5844,0.381759069130732,1995,7965,552,701,95,1766,31,496,58,31
"23","2020-04-04",282,1,161,925,5844,0.381759069130732,1995,7965,552,701,75,1841,36,532,29,36
"24","2020-04-05",284,1,184,919,5844,0.381759069130732,1995,7965,552,701,85,1926,37,569,34,37
"25","2020-04-06",276,1,196,923,5844,0.381759069130732,1995,7965,552,701,84,2010,35,604,28,35
"26","2020-04-07",292,1,214,949,5844,0.381759069130732,1995,7965,552,701,100,2110,56,660,57,56
"27","2020-04-08",305,1,231,932,5844,0.381759069130732,1995,7965,552,701,69,2179,43,703,38,43
"28","2020-04-09",314,1,213,958,5844,0.381759069130732,1995,7965,552,701,98,2277,34,737,45,34
"29","2020-04-10",345,1,227,961,5844,0.381759069130732,1995,7965,552,701,80,2357,43,780,34,43
"30","2020-04-11",378,1,237,956,5844,0.381759069130732,1995,7965,552,701,86,2443,55,835,33,55
"31","2020-04-12",332,1,248,970,5844,0.381759069130732,1995,7965,552,701,93,2536,47,882,47,47
"32","2020-04-13",320,1,228,971,5844,0.381759069130732,1995,7965,552,701,79,2615,26,908,38,26
"33","2020-04-14",315,1,220,949,5844,0.381759069130732,1995,7965,552,701,77,2692,33,941,29,33
"34","2020-04-15",305,1,234,950,5844,0.381759069130732,1995,7965,552,701,90,2782,51,992,46,51
"35","2020-04-16",305,1,243,952,5844,0.381759069130732,1995,7965,552,701,74,2856,41,1033,29,41
"36","2020-04-17",314,1,221,944,5844,0.381759069130732,1995,7965,552,701,75,2931,27,1060,41,27
"37","2020-04-18",287,1,224,943,5844,0.381759069130732,1995,7965,552,701,79,3010,44,1104,40,44
"38","2020-04-19",299,1,204,928,5844,0.381759069130732,1995,7965,552,701,70,3080,27,1131,31,27
"39","2020-04-20",289,1,196,912,5844,0.381759069130732,1995,7965,552,701,79,3159,27,1158,33,27
"40","2020-04-21",273,1,189,911,5844,0.381759069130732,1995,7965,552,701,86,3245,32,1190,42,32
"41","2020-04-22",270,1,188,890,5844,0.381759069130732,1995,7965,552,701,57,3302,30,1220,16,30
"42","2020-04-23",263,1,204,870,5844,0.381759069130732,1995,7965,552,701,68,3370,51,1271,34,51
"43","2020-04-24",280,1,216,857,5844,0.381759069130732,1995,7965,552,701,68,3438,39,1310,26,39
"44","2020-04-25",285,1,210,866,5844,0.381759069130732,1995,7965,552,701,85,3523,22,1332,34,22
"45","2020-04-26",266,1,191,849,5844,0.381759069130732,1995,7965,552,701,61,3584,28,1360,23,28
"46","2020-04-27",261,1,185,842,5844,0.381759069130732,1995,7965,552,701,64,3648,15,1375,27,15
"47","2020-04-28",263,1,198,848,5844,0.381759069130732,1995,7965,552,701,67,3715,38,1413,29,38
"48","2020-04-29",266,1,181,834,5844,0.381759069130732,1995,7965,552,701,58,3773,24,1437,23,24
"49","2020-04-30",272,1,199,795,5844,0.381759069130732,1995,7965,552,701,66,3839,39,1476,28,39
"50","2020-05-01",283,1,213,801,5844,0.381759069130732,1995,7965,552,701,68,3907,38,1514,24,38
"51","2020-05-02",285,1,223,800,5844,0.381759069130732,1995,7965,552,701,65,3972,46,1560,26,46
"52","2020-05-03",269,1,214,771,5844,0.381759069130732,1995,7965,552,701,57,4029,28,1588,21,28
"53","2020-05-04",265,1,209,757,5844,0.381759069130732,1995,7965,552,701,62,4091,27,1615,24,27
"54","2020-05-05",261,1,217,743,5844,0.381759069130732,1995,7965,552,701,55,4146,40,1655,26,40
"55","2020-05-06",253,1,224,732,5844,0.381759069130732,1995,7965,552,701,59,4205,32,1687,24,32
"56","2020-05-07",248,1,235,729,5844,0.381759069130732,1995,7965,552,701,60,4265,43,1730,22,43
"57","2020-05-08",254,1,227,715,5844,0.381759069130732,1995,7965,552,701,56,4321,27,1757,24,27
"58","2020-05-09",252,1,213,697,5844,0.381759069130732,1995,7965,552,701,45,4366,24,1781,20,24
"59","2020-05-10",256,1,190,684,5844,0.381759069130732,1995,7965,552,701,51,4417,27,1808,12,27
"60","2020-05-11",249,1,193,662,5844,0.381759069130732,1995,7965,552,701,37,4454,35,1843,7,35
"61","2020-05-12",226,1,176,664,5844,0.381759069130732,1995,7965,552,701,56,4510,17,1860,15,17
"62","2020-05-13",220,1,154,647,5844,0.381759069130732,1995,7965,552,701,47,4557,11,1871,20,11
"63","2020-05-14",210,1,144,618,5844,0.381759069130732,1995,7965,552,701,42,4599,13,1884,14,13
"64","2020-05-15",219,1,126,594,5844,0.381759069130732,1995,7965,552,701,45,4644,8,1892,19,8
"65","2020-05-16",220,1,130,586,5844,0.381759069130732,1995,7965,552,701,45,4689,18,1910,23,18
"66","2020-05-17",176,1,137,559,5844,0.381759069130732,1995,7965,552,701,30,4719,30,1940,11,30
"67","2020-05-18",170,1,169,543,5844,0.381759069130732,1995,7965,552,701,42,4761,43,1983,16,43
"68","2020-05-19",173,1,173,536,5844,0.381759069130732,1995,7965,552,701,47,4808,34,2017,19,34
"69","2020-05-20",172,1,166,506,5844,0.381759069130732,1995,7965,552,701,28,4836,26,2043,9,26
"70","2020-05-21",169,1,164,479,5844,0.381759069130732,1995,7965,552,701,32,4868,19,2062,13,19
"71","2020-05-22",155,1,149,476,5844,0.381759069130732,1995,7965,552,701,39,4907,16,2078,15,16
"72","2020-05-23",159,1,148,458,5844,0.381759069130732,1995,7965,552,701,36,4943,18,2096,12,18
"73","2020-05-24",163,1,180,445,5844,0.381759069130732,1995,7965,552,701,30,4973,43,2139,7,43
"74","2020-05-25",149,1,191,410,5844,0.381759069130732,1995,7965,552,701,18,4991,31,2170,4,31
"75","2020-05-26",141,1,221,402,5844,0.381759069130732,1995,7965,552,701,28,5019,54,2224,11,54
"76","2020-05-27",137,1,208,378,5844,0.381759069130732,1995,7965,552,701,26,5045,35,2259,6,35
"77","2020-05-28",133,1,206,364,5844,0.381759069130732,1995,7965,552,701,21,5066,28,2287,9,28
"78","2020-05-29",136,1,216,351,5844,0.381759069130732,1995,7965,552,701,25,5091,38,2325,8,38
"79","2020-05-30",124,1,220,332,5844,0.381759069130732,1995,7965,552,701,24,5115,37,2362,8,37
"80","2020-05-31",106,1,209,324,5844,0.381759069130732,1995,7965,552,701,30,5145,31,2393,13,31
"81","2020-06-01",112,1,211,315,5844,0.381759069130732,1995,7965,552,701,20,5165,30,2423,8,30
"82","2020-06-02",111,1,220,288,5844,0.381759069130732,1995,7965,552,701,15,5180,40,2463,4,40
"83","2020-06-03",104,1,201,285,5844,0.381759069130732,1995,7965,552,701,32,5212,24,2487,9,24
"84","2020-06-04",107,1,176,270,5844,0.381759069130732,1995,7965,552,701,16,5228,21,2508,4,21
"85","2020-06-05",100,1,154,266,5844,0.381759069130732,1995,7965,552,701,23,5251,10,2518,8,10
"86","2020-06-06",99,1,153,260,5844,0.381759069130732,1995,7965,552,701,18,5269,31,2549,6,31
"87","2020-06-07",90,1,151,260,5844,0.381759069130732,1995,7965,552,701,19,5288,24,2573,5,24
"88","2020-03-07",1,2,0,0,5791,0.702642030737351,1995,7677,676,520,NA,NA,NA,NA,NA,NA
"89","2020-03-08",1,2,0,0,5791,0.702642030737351,1995,7677,676,520,NA,NA,NA,NA,NA,NA
"90","2020-03-09",0,2,0,0,5791,0.702642030737351,1995,7677,676,520,NA,NA,NA,NA,NA,NA
"91","2020-03-10",0,2,0,0,5791,0.702642030737351,1995,7677,676,520,NA,NA,NA,NA,NA,NA
"92","2020-03-11",0,2,0,0,5791,0.702642030737351,1995,7677,676,520,36,36,10,10,NA,10
"93","2020-03-12",0,2,0,0,5791,0.702642030737351,1995,7677,676,520,35,71,8,18,2,8
"94","2020-03-13",2,2,39,73,5791,0.702642030737351,1995,7677,676,520,34,105,18,36,4,18
"95","2020-03-14",3,2,46,104,5791,0.702642030737351,1995,7677,676,520,37,142,23,59,9,23
"96","2020-03-15",11,2,67,131,5791,0.702642030737351,1995,7677,676,520,49,191,22,81,14,22
"97","2020-03-16",14,2,84,172,5791,0.702642030737351,1995,7677,676,520,66,257,12,93,28,12
"98","2020-03-17",13,2,89,213,5791,0.702642030737351,1995,7677,676,520,63,320,21,114,24,21
"99","2020-03-18",19,2,85,269,5791,0.702642030737351,1995,7677,676,520,51,371,17,131,23,17
"100","2020-03-19",29,2,87,298,5791,0.702642030737351,1995,7677,676,520,50,421,25,156,30,25
"101","2020-03-20",52,2,82,358,5791,0.702642030737351,1995,7677,676,520,56,477,19,175,32,19
"102","2020-03-21",67,2,91,424,5791,0.702642030737351,1995,7677,676,520,86,563,24,199,45,24
"103","2020-03-22",105,2,100,488,5791,0.702642030737351,1995,7677,676,520,78,641,21,220,48,21
"104","2020-03-23",131,2,103,545,5791,0.702642030737351,1995,7677,676,520,70,711,38,258,39,38
"105","2020-03-24",135,2,86,608,5791,0.702642030737351,1995,7677,676,520,80,791,30,288,44,30
"106","2020-03-25",149,2,99,652,5791,0.702642030737351,1995,7677,676,520,86,877,34,322,44,34
"107","2020-03-26",153,2,90,700,5791,0.702642030737351,1995,7677,676,520,94,971,26,348,49,26
"108","2020-03-27",190,2,85,789,5791,0.702642030737351,1995,7677,676,520,95,1066,22,370,57,22
"109","2020-03-28",206,2,77,855,5791,0.702642030737351,1995,7677,676,520,86,1152,20,390,58,20
"110","2020-03-29",233,2,78,890,5791,0.702642030737351,1995,7677,676,520,85,1237,10,400,48,10
"111","2020-03-30",244,2,84,960,5791,0.702642030737351,1995,7677,676,520,85,1322,20,420,43,20
"112","2020-03-31",234,2,89,1023,5791,0.702642030737351,1995,7677,676,520,66,1388,33,453,33,33
"113","2020-04-01",266,2,87,1073,5791,0.702642030737351,1995,7677,676,520,94,1482,29,482,64,29
"114","2020-04-02",297,2,81,1130,5791,0.702642030737351,1995,7677,676,520,75,1557,26,508,44,26
"115","2020-04-03",362,2,88,1164,5791,0.702642030737351,1995,7677,676,520,76,1633,21,529,47,21
"116","2020-04-04",398,2,108,1186,5791,0.702642030737351,1995,7677,676,520,78,1711,22,551,47,22
"117","2020-04-05",410,2,132,1231,5791,0.702642030737351,1995,7677,676,520,83,1794,14,565,47,14
"118","2020-04-06",391,2,136,1264,5791,0.702642030737351,1995,7677,676,520,77,1871,25,590,43,25
"119","2020-04-07",404,2,137,1304,5791,0.702642030737351,1995,7677,676,520,66,1937,33,623,38,33
"120","2020-04-08",406,2,135,1343,5791,0.702642030737351,1995,7677,676,520,78,2015,31,654,45,31
"121","2020-04-09",417,2,110,1369,5791,0.702642030737351,1995,7677,676,520,93,2108,51,705,47,51
"122","2020-04-10",455,2,108,1377,5791,0.702642030737351,1995,7677,676,520,88,2196,44,749,56,44
"123","2020-04-11",466,2,124,1400,5791,0.702642030737351,1995,7677,676,520,98,2294,36,785,57,36
"124","2020-04-12",440,2,121,1417,5791,0.702642030737351,1995,7677,676,520,89,2383,37,822,46,37
"125","2020-04-13",451,2,109,1399,5791,0.702642030737351,1995,7677,676,520,87,2470,22,844,50,22
"126","2020-04-14",434,2,97,1389,5791,0.702642030737351,1995,7677,676,520,76,2546,18,862,39,18
"127","2020-04-15",428,2,114,1332,5791,0.702642030737351,1995,7677,676,520,82,2628,42,904,49,42
"128","2020-04-16",428,2,116,1324,5791,0.702642030737351,1995,7677,676,520,89,2717,42,946,46,42
"129","2020-04-17",464,2,122,1290,5791,0.702642030737351,1995,7677,676,520,76,2793,35,981,40,35
"130","2020-04-18",453,2,139,1253,5791,0.702642030737351,1995,7677,676,520,100,2893,25,1006,60,25
"131","2020-04-19",434,2,138,1197,5791,0.702642030737351,1995,7677,676,520,89,2982,16,1022,41,16
"132","2020-04-20",417,2,135,1158,5791,0.702642030737351,1995,7677,676,520,74,3056,35,1057,45,35
"133","2020-04-21",426,2,142,1144,5791,0.702642030737351,1995,7677,676,520,78,3134,24,1081,45,24
"134","2020-04-22",419,2,123,1109,5791,0.702642030737351,1995,7677,676,520,70,3204,40,1121,33,40
"135","2020-04-23",413,2,121,1085,5791,0.702642030737351,1995,7677,676,520,51,3255,42,1163,29,42
"136","2020-04-24",400,2,132,1075,5791,0.702642030737351,1995,7677,676,520,70,3325,28,1191,32,28
"137","2020-04-25",403,2,139,1026,5791,0.702642030737351,1995,7677,676,520,68,3393,25,1216,40,25
"138","2020-04-26",393,2,148,988,5791,0.702642030737351,1995,7677,676,520,71,3464,28,1244,38,28
"139","2020-04-27",385,2,120,943,5791,0.702642030737351,1995,7677,676,520,69,3533,24,1268,24,24
"140","2020-04-28",367,2,125,915,5791,0.702642030737351,1995,7677,676,520,61,3594,30,1298,33,30
"141","2020-04-29",354,2,115,879,5791,0.702642030737351,1995,7677,676,520,58,3652,32,1330,33,32
"142","2020-04-30",327,2,103,842,5791,0.702642030737351,1995,7677,676,520,54,3706,22,1352,28,22
"143","2020-05-01",339,2,88,812,5791,0.702642030737351,1995,7677,676,520,64,3770,30,1382,34,30
"144","2020-05-02",321,2,88,763,5791,0.702642030737351,1995,7677,676,520,50,3820,29,1411,29,29
"145","2020-05-03",257,2,113,728,5791,0.702642030737351,1995,7677,676,520,55,3875,21,1432,27,21
"146","2020-05-04",250,2,130,700,5791,0.702642030737351,1995,7677,676,520,48,3923,39,1471,28,39
"147","2020-05-05",233,2,120,656,5791,0.702642030737351,1995,7677,676,520,51,3974,50,1521,26,50
"148","2020-05-06",225,2,106,625,5791,0.702642030737351,1995,7677,676,520,44,4018,31,1552,18,31
"149","2020-05-07",226,2,101,601,5791,0.702642030737351,1995,7677,676,520,52,4070,20,1572,24,20
"150","2020-05-08",195,2,87,576,5791,0.702642030737351,1995,7677,676,520,48,4118,25,1597,19,25
"151","2020-05-09",195,2,92,544,5791,0.702642030737351,1995,7677,676,520,44,4162,31,1628,17,31
"152","2020-05-10",204,2,101,531,5791,0.702642030737351,1995,7677,676,520,42,4204,27,1655,20,27
"153","2020-05-11",199,2,102,495,5791,0.702642030737351,1995,7677,676,520,38,4242,29,1684,12,29
"154","2020-05-12",185,2,100,477,5791,0.702642030737351,1995,7677,676,520,39,4281,45,1729,18,45
"155","2020-05-13",181,2,89,469,5791,0.702642030737351,1995,7677,676,520,37,4318,24,1753,10,24
"156","2020-05-14",171,2,108,451,5791,0.702642030737351,1995,7677,676,520,25,4343,34,1787,11,34
"157","2020-05-15",169,2,115,441,5791,0.702642030737351,1995,7677,676,520,39,4382,28,1815,24,28
"158","2020-05-16",169,2,112,417,5791,0.702642030737351,1995,7677,676,520,37,4419,20,1835,19,20
"159","2020-05-17",162,2,124,400,5791,0.702642030737351,1995,7677,676,520,44,4463,29,1864,20,29
"160","2020-05-18",155,2,117,384,5791,0.702642030737351,1995,7677,676,520,38,4501,31,1895,20,31
"161","2020-05-19",149,2,126,363,5791,0.702642030737351,1995,7677,676,520,39,4540,24,1919,14,24
"162","2020-05-20",145,2,120,357,5791,0.702642030737351,1995,7677,676,520,48,4588,24,1943,31,24
"163","2020-05-21",139,2,121,338,5791,0.702642030737351,1995,7677,676,520,25,4613,12,1955,10,12
"164","2020-05-22",138,2,132,323,5791,0.702642030737351,1995,7677,676,520,21,4634,31,1986,9,31
"165","2020-05-23",133,2,153,306,5791,0.702642030737351,1995,7677,676,520,27,4661,27,2013,14,27
"166","2020-05-24",117,2,158,310,5791,0.702642030737351,1995,7677,676,520,24,4685,17,2030,9,17
"167","2020-05-25",111,2,163,297,5791,0.702642030737351,1995,7677,676,520,30,4715,35,2065,10,35
"168","2020-05-26",112,2,127,280,5791,0.702642030737351,1995,7677,676,520,24,4739,37,2102,8,37
"169","2020-05-27",111,2,146,272,5791,0.702642030737351,1995,7677,676,520,21,4760,29,2131,11,29
"170","2020-05-28",110,2,149,264,5791,0.702642030737351,1995,7677,676,520,22,4782,29,2160,9,29
"171","2020-05-29",101,2,142,246,5791,0.702642030737351,1995,7677,676,520,18,4800,37,2197,9,37
"172","2020-05-30",95,2,149,233,5791,0.702642030737351,1995,7677,676,520,23,4823,33,2230,11,33
"173","2020-05-31",74,2,121,216,5791,0.702642030737351,1995,7677,676,520,17,4840,30,2260,6,30
"174","2020-06-01",69,2,125,207,5791,0.702642030737351,1995,7677,676,520,20,4860,28,2288,9,28
"175","2020-06-02",61,2,113,197,5791,0.702642030737351,1995,7677,676,520,24,4884,24,2312,11,24
"176","2020-06-03",56,2,104,184,5791,0.702642030737351,1995,7677,676,520,19,4903,39,2351,8,39
"177","2020-06-04",58,2,105,177,5791,0.702642030737351,1995,7677,676,520,24,4927,28,2379,9,28
"178","2020-06-05",61,2,108,162,5791,0.702642030737351,1995,7677,676,520,22,4949,18,2397,7,18
"179","2020-06-06",60,2,105,150,5791,0.702642030737351,1995,7677,676,520,13,4962,24,2421,6,24
"180","2020-06-07",56,2,100,140,5791,0.702642030737351,1995,7677,676,520,11,4973,28,2449,9,28
"181","2020-03-13",5,3,78,122,6296,0.54002541296061,2115,8113,758,1514,28,67,23,59,11,23
"182","2020-03-14",16,3,97,165,6296,0.54002541296061,2115,8113,758,1514,27,94,12,71,14,12
"183","2020-03-15",28,3,106,209,6296,0.54002541296061,2115,8113,758,1514,39,133,11,82,26,11
"184","2020-03-16",31,3,113,275,6296,0.54002541296061,2115,8113,758,1514,43,176,25,107,29,25
"185","2020-03-17",44,3,152,331,6296,0.54002541296061,2115,8113,758,1514,31,207,27,134,25,27
"186","2020-03-18",53,3,188,388,6296,0.54002541296061,2115,8113,758,1514,58,265,18,152,50,18
"187","2020-03-19",70,3,210,447,6296,0.54002541296061,2115,8113,758,1514,51,316,13,165,41,13
"188","2020-03-20",95,3,232,513,6296,0.54002541296061,2115,8113,758,1514,75,391,20,185,63,20
"189","2020-03-21",107,3,245,577,6296,0.54002541296061,2115,8113,758,1514,79,470,21,206,63,21
"190","2020-03-22",146,3,273,661,6296,0.54002541296061,2115,8113,758,1514,78,548,18,224,68,18
"191","2020-03-23",161,3,288,723,6296,0.54002541296061,2115,8113,758,1514,77,625,29,253,69,29
"192","2020-03-24",160,3,279,791,6296,0.54002541296061,2115,8113,758,1514,94,719,27,280,77,27
"193","2020-03-25",187,3,252,855,6296,0.54002541296061,2115,8113,758,1514,100,819,22,302,90,22
"194","2020-03-26",205,3,254,895,6296,0.54002541296061,2115,8113,758,1514,114,933,30,332,103,30
"195","2020-03-27",283,3,279,945,6296,0.54002541296061,2115,8113,758,1514,107,1040,38,370,91,38
"196","2020-03-28",307,3,304,1016,6296,0.54002541296061,2115,8113,758,1514,121,1161,34,404,110,34
"197","2020-03-29",323,3,307,1044,6296,0.54002541296061,2115,8113,758,1514,111,1272,28,432,103,28
"198","2020-03-30",324,3,301,1074,6296,0.54002541296061,2115,8113,758,1514,129,1401,43,475,121,43
"199","2020-03-31",333,3,290,1083,6296,0.54002541296061,2115,8113,758,1514,130,1531,39,514,121,39
"200","2020-04-01",332,3,280,1137,6296,0.54002541296061,2115,8113,758,1514,137,1668,43,557,131,43
"201","2020-04-02",335,3,268,1163,6296,0.54002541296061,2115,8113,758,1514,142,1810,22,579,133,22
"202","2020-04-03",368,3,264,1191,6296,0.54002541296061,2115,8113,758,1514,161,1971,15,594,144,15
"203","2020-04-04",373,3,263,1225,6296,0.54002541296061,2115,8113,758,1514,196,2167,23,617,190,23
"204","2020-04-05",371,3,248,1243,6296,0.54002541296061,2115,8113,758,1514,139,2306,18,635,127,18
"205","2020-04-06",390,3,265,1270,6296,0.54002541296061,2115,8113,758,1514,164,2470,16,651,155,16
"206","2020-04-07",391,3,284,1266,6296,0.54002541296061,2115,8113,758,1514,136,2606,42,693,127,42
"207","2020-04-08",398,3,293,1270,6296,0.54002541296061,2115,8113,758,1514,158,2764,40,733,144,40
"208","2020-04-09",399,3,290,1288,6296,0.54002541296061,2115,8113,758,1514,167,2931,29,762,156,29
"209","2020-04-10",446,3,304,1291,6296,0.54002541296061,2115,8113,758,1514,145,3076,26,788,134,26
"210","2020-04-11",445,3,279,1303,6296,0.54002541296061,2115,8113,758,1514,157,3233,12,800,141,12
"211","2020-04-12",429,3,282,1318,6296,0.54002541296061,2115,8113,758,1514,136,3369,17,817,128,17
"212","2020-04-13",423,3,291,1329,6296,0.54002541296061,2115,8113,758,1514,122,3491,43,860,116,43
"213","2020-04-14",404,3,302,1323,6296,0.54002541296061,2115,8113,758,1514,160,3651,32,892,149,32
"214","2020-04-15",407,3,304,1324,6296,0.54002541296061,2115,8113,758,1514,129,3780,25,917,117,25
"215","2020-04-16",408,3,308,1283,6296,0.54002541296061,2115,8113,758,1514,103,3883,17,934,91,17
"216","2020-04-17",449,3,342,1246,6296,0.54002541296061,2115,8113,758,1514,132,4015,32,966,124,32
"217","2020-04-18",474,3,324,1222,6296,0.54002541296061,2115,8113,758,1514,132,4147,19,985,122,19
"218","2020-04-19",422,3,344,1181,6296,0.54002541296061,2115,8113,758,1514,130,4277,32,1017,119,32
"219","2020-04-20",416,3,356,1150,6296,0.54002541296061,2115,8113,758,1514,117,4394,18,1035,104,18
"220","2020-04-21",403,3,346,1130,6296,0.54002541296061,2115,8113,758,1514,114,4508,19,1054,105,19
"221","2020-04-22",396,3,323,1075,6296,0.54002541296061,2115,8113,758,1514,89,4597,15,1069,79,15
"222","2020-04-23",397,3,333,1049,6296,0.54002541296061,2115,8113,758,1514,92,4689,35,1104,81,35
"223","2020-04-24",396,3,335,1026,6296,0.54002541296061,2115,8113,758,1514,123,4812,33,1137,112,33
"224","2020-04-25",377,3,318,976,6296,0.54002541296061,2115,8113,758,1514,65,4877,21,1158,58,21
"225","2020-04-26",348,3,314,929,6296,0.54002541296061,2115,8113,758,1514,84,4961,29,1187,75,29
"226","2020-04-27",347,3,312,900,6296,0.54002541296061,2115,8113,758,1514,71,5032,28,1215,66,28
"227","2020-04-28",334,3,317,866,6296,0.54002541296061,2115,8113,758,1514,41,5073,33,1248,37,33
"228","2020-04-29",334,3,306,858,6296,0.54002541296061,2115,8113,758,1514,54,5127,40,1288,49,40
"229","2020-04-30",319,3,297,836,6296,0.54002541296061,2115,8113,758,1514,49,5176,45,1333,42,45
"230","2020-05-01",289,3,304,805,6296,0.54002541296061,2115,8113,758,1514,45,5221,37,1370,39,37
"231","2020-05-02",286,3,283,785,6296,0.54002541296061,2115,8113,758,1514,45,5266,31,1401,38,31
"232","2020-05-03",271,3,285,751,6296,0.54002541296061,2115,8113,758,1514,43,5309,28,1429,36,28
"233","2020-05-04",249,3,297,731,6296,0.54002541296061,2115,8113,758,1514,40,5349,16,1445,33,16
"234","2020-05-05",241,3,305,719,6296,0.54002541296061,2115,8113,758,1514,31,5380,14,1459,25,14
"235","2020-05-06",239,3,300,705,6296,0.54002541296061,2115,8113,758,1514,32,5412,19,1478,27,19
"236","2020-05-07",231,3,304,699,6296,0.54002541296061,2115,8113,758,1514,19,5431,29,1507,15,29
"237","2020-05-08",240,3,315,665,6296,0.54002541296061,2115,8113,758,1514,19,5450,22,1529,16,22
"238","2020-05-09",235,3,318,630,6296,0.54002541296061,2115,8113,758,1514,16,5466,18,1547,13,18
"239","2020-05-10",224,3,336,595,6296,0.54002541296061,2115,8113,758,1514,26,5492,18,1565,21,18
"240","2020-05-11",221,3,336,560,6296,0.54002541296061,2115,8113,758,1514,20,5512,10,1575,15,10
"241","2020-05-12",207,3,332,538,6296,0.54002541296061,2115,8113,758,1514,19,5531,52,1627,12,52
"242","2020-05-13",198,3,327,521,6296,0.54002541296061,2115,8113,758,1514,19,5550,42,1669,15,42
"243","2020-05-14",192,3,307,498,6296,0.54002541296061,2115,8113,758,1514,19,5569,48,1717,17,48
"244","2020-05-15",172,3,310,472,6296,0.54002541296061,2115,8113,758,1514,22,5591,30,1747,14,30
"245","2020-05-16",167,3,287,451,6296,0.54002541296061,2115,8113,758,1514,16,5607,20,1767,13,20
"246","2020-05-17",162,3,284,445,6296,0.54002541296061,2115,8113,758,1514,14,5621,26,1793,9,26
"247","2020-05-18",161,3,292,429,6296,0.54002541296061,2115,8113,758,1514,18,5639,17,1810,10,17
"248","2020-05-19",154,3,296,418,6296,0.54002541296061,2115,8113,758,1514,16,5655,32,1842,13,32
"249","2020-05-20",142,3,280,401,6296,0.54002541296061,2115,8113,758,1514,15,5670,37,1879,9,37
"250","2020-05-21",138,3,278,384,6296,0.54002541296061,2115,8113,758,1514,18,5688,18,1897,14,18
"251","2020-05-22",138,3,282,377,6296,0.54002541296061,2115,8113,758,1514,15,5703,26,1923,9,26
"252","2020-05-23",133,3,278,363,6296,0.54002541296061,2115,8113,758,1514,11,5714,24,1947,11,24
"253","2020-05-24",122,3,254,340,6296,0.54002541296061,2115,8113,758,1514,12,5726,29,1976,7,29
"254","2020-05-25",111,3,240,321,6296,0.54002541296061,2115,8113,758,1514,20,5746,15,1991,16,15
"255","2020-05-26",99,3,228,304,6296,0.54002541296061,2115,8113,758,1514,19,5765,34,2025,14,34
"256","2020-05-27",102,3,229,284,6296,0.54002541296061,2115,8113,758,1514,18,5783,40,2065,12,40
"257","2020-05-28",106,3,242,274,6296,0.54002541296061,2115,8113,758,1514,16,5799,28,2093,10,28
"258","2020-05-29",99,3,258,259,6296,0.54002541296061,2115,8113,758,1514,6,5805,36,2129,6,36
"259","2020-05-30",103,3,246,246,6296,0.54002541296061,2115,8113,758,1514,8,5813,27,2156,7,27
"260","2020-05-31",90,3,275,243,6296,0.54002541296061,2115,8113,758,1514,8,5821,27,2183,7,27
"261","2020-06-01",80,3,286,240,6296,0.54002541296061,2115,8113,758,1514,13,5834,14,2197,8,14
"262","2020-06-02",80,3,277,236,6296,0.54002541296061,2115,8113,758,1514,6,5840,21,2218,5,21
"263","2020-06-03",72,3,287,228,6296,0.54002541296061,2115,8113,758,1514,15,5855,22,2240,10,22
"264","2020-06-04",68,3,294,221,6296,0.54002541296061,2115,8113,758,1514,10,5865,29,2269,7,29
"265","2020-06-05",71,3,296,204,6296,0.54002541296061,2115,8113,758,1514,4,5869,13,2282,3,13
"266","2020-06-06",68,3,295,191,6296,0.54002541296061,2115,8113,758,1514,8,5877,17,2299,5,17
"267","2020-06-07",76,3,307,184,6296,0.54002541296061,2115,8113,758,1514,8,5885,23,2322,4,23
"268","2020-03-12",2,4,32,34,5227,0.720489764683375,2025,7286,591,728,47,101,44,80,8,44
"269","2020-03-13",3,4,60,59,5227,0.720489764683375,2025,7286,591,728,72,173,12,92,24,12
"270","2020-03-14",6,4,58,87,5227,0.720489764683375,2025,7286,591,728,68,241,8,100,20,8
"271","2020-03-15",19,4,81,114,5227,0.720489764683375,2025,7286,591,728,78,319,8,108,39,8
"272","2020-03-16",23,4,90,157,5227,0.720489764683375,2025,7286,591,728,74,393,7,115,33,7
"273","2020-03-17",23,4,115,190,5227,0.720489764683375,2025,7286,591,728,105,498,9,124,58,9
"274","2020-03-18",34,4,129,232,5227,0.720489764683375,2025,7286,591,728,99,597,4,128,58,4
"275","2020-03-19",43,4,147,261,5227,0.720489764683375,2025,7286,591,728,93,690,4,132,57,4
"276","2020-03-20",55,4,141,313,5227,0.720489764683375,2025,7286,591,728,95,785,7,139,56,7
"277","2020-03-21",87,4,156,357,5227,0.720489764683375,2025,7286,591,728,75,860,19,158,46,19
"278","2020-03-22",88,4,164,401,5227,0.720489764683375,2025,7286,591,728,92,952,45,203,52,45
"279","2020-03-23",94,4,161,435,5227,0.720489764683375,2025,7286,591,728,97,1049,73,276,59,73
"280","2020-03-24",102,4,144,479,5227,0.720489764683375,2025,7286,591,728,92,1141,68,344,51,68
"281","2020-03-25",108,4,122,522,5227,0.720489764683375,2025,7286,591,728,122,1263,37,381,80,37
"282","2020-03-26",116,4,102,575,5227,0.720489764683375,2025,7286,591,728,118,1381,51,432,73,51
"283","2020-03-27",156,4,101,601,5227,0.720489764683375,2025,7286,591,728,115,1496,67,499,65,67
"284","2020-03-28",161,4,129,633,5227,0.720489764683375,2025,7286,591,728,97,1593,31,530,52,31
"285","2020-03-29",195,4,123,678,5227,0.720489764683375,2025,7286,591,728,112,1705,21,551,65,21
"286","2020-03-30",202,4,135,745,5227,0.720489764683375,2025,7286,591,728,96,1801,31,582,59,32
"287","2020-03-31",203,4,133,784,5227,0.720489764683375,2025,7286,591,728,104,1905,12,594,58,12
"288","2020-04-01",220,4,131,815,5227,0.720489764683375,2025,7286,591,728,105,2010,11,605,68,11
"289","2020-04-02",237,4,155,850,5227,0.720489764683375,2025,7286,591,728,110,2120,13,618,68,13
"290","2020-04-03",296,4,182,856,5227,0.720489764683375,2025,7286,591,728,107,2227,13,631,74,13
"291","2020-04-04",306,4,209,896,5227,0.720489764683375,2025,7286,591,728,104,2331,52,683,70,52
"292","2020-04-05",296,4,197,913,5227,0.720489764683375,2025,7286,591,728,96,2427,39,722,63,39
"293","2020-04-06",287,4,184,931,5227,0.720489764683375,2025,7286,591,728,93,2520,22,744,54,22
"294","2020-04-07",282,4,148,984,5227,0.720489764683375,2025,7286,591,728,81,2601,8,752,49,8
"295","2020-04-08",282,4,134,995,5227,0.720489764683375,2025,7286,591,728,88,2689,66,818,50,66
"296","2020-04-09",277,4,150,1000,5227,0.720489764683375,2025,7286,591,728,95,2784,64,882,57,64
"297","2020-04-10",307,4,151,1039,5227,0.720489764683375,2025,7286,591,728,82,2866,43,925,44,43
"298","2020-04-11",317,4,143,1026,5227,0.720489764683375,2025,7286,591,728,90,2956,27,952,45,27
"299","2020-04-12",319,4,143,1037,5227,0.720489764683375,2025,7286,591,728,93,3049,34,986,51,34
"300","2020-04-13",324,4,159,1069,5227,0.720489764683375,2025,7286,591,728,73,3122,41,1027,44,41
"301","2020-04-14",318,4,163,1057,5227,0.720489764683375,2025,7286,591,728,106,3228,33,1060,67,33
"302","2020-04-15",333,4,169,1052,5227,0.720489764683375,2025,7286,591,728,85,3313,51,1111,46,51
"303","2020-04-16",351,4,163,1065,5227,0.720489764683375,2025,7286,591,728,93,3406,69,1180,56,69
"304","2020-04-17",399,4,159,1087,5227,0.720489764683375,2025,7286,591,728,93,3499,21,1201,58,21
"305","2020-04-18",402,4,193,1093,5227,0.720489764683375,2025,7286,591,728,85,3584,25,1226,51,25
"306","2020-04-19",372,4,205,1095,5227,0.720489764683375,2025,7286,591,728,80,3664,61,1287,44,61
"307","2020-04-20",371,4,217,1064,5227,0.720489764683375,2025,7286,591,728,78,3742,28,1315,49,28
"308","2020-04-21",369,4,226,1062,5227,0.720489764683375,2025,7286,591,728,76,3818,22,1337,39,22
"309","2020-04-22",353,4,211,1041,5227,0.720489764683375,2025,7286,591,728,69,3887,60,1397,36,60
"310","2020-04-23",338,4,203,993,5227,0.720489764683375,2025,7286,591,728,60,3947,25,1422,24,25
"311","2020-04-24",343,4,220,984,5227,0.720489764683375,2025,7286,591,728,64,4011,16,1438,35,16
"312","2020-04-25",339,4,204,965,5227,0.720489764683375,2025,7286,591,728,65,4076,19,1457,36,19
"313","2020-04-26",304,4,195,943,5227,0.720489764683375,2025,7286,591,728,78,4154,102,1559,43,102
"314","2020-04-27",315,4,168,928,5227,0.720489764683375,2025,7286,591,728,58,4212,58,1617,34,58
"315","2020-04-28",313,4,143,895,5227,0.720489764683375,2025,7286,591,728,81,4293,68,1685,41,68
"316","2020-04-29",317,4,132,873,5227,0.720489764683375,2025,7286,591,728,47,4340,68,1753,26,68
"317","2020-04-30",334,4,124,848,5227,0.720489764683375,2025,7286,591,728,65,4405,23,1776,42,23
"318","2020-05-01",336,4,113,826,5227,0.720489764683375,2025,7286,591,728,60,4465,17,1793,28,17
"319","2020-05-02",344,4,97,793,5227,0.720489764683375,2025,7286,591,728,51,4516,29,1822,21,29
"320","2020-05-03",325,4,95,761,5227,0.720489764683375,2025,7286,591,728,50,4566,15,1837,24,15
"321","2020-05-04",303,4,110,753,5227,0.720489764683375,2025,7286,591,728,62,4628,40,1877,36,40
"322","2020-05-05",290,4,164,725,5227,0.720489764683375,2025,7286,591,728,47,4675,28,1905,18,28
"323","2020-05-06",278,4,168,696,5227,0.720489764683375,2025,7286,591,728,39,4714,26,1931,23,26
"324","2020-05-07",251,4,196,679,5227,0.720489764683375,2025,7286,591,728,61,4775,19,1950,28,19
"325","2020-05-08",227,4,185,668,5227,0.720489764683375,2025,7286,591,728,49,4824,14,1964,23,14
"326","2020-05-09",229,4,190,639,5227,0.720489764683375,2025,7286,591,728,50,4874,26,1990,23,26
"327","2020-05-10",203,4,177,602,5227,0.720489764683375,2025,7286,591,728,43,4917,22,2012,21,22
"328","2020-05-11",202,4,160,583,5227,0.720489764683375,2025,7286,591,728,48,4965,11,2023,25,11
"329","2020-05-12",201,4,160,565,5227,0.720489764683375,2025,7286,591,728,43,5008,50,2073,19,50
"330","2020-05-13",194,4,146,560,5227,0.720489764683375,2025,7286,591,728,49,5057,36,2109,21,36
"331","2020-05-14",198,4,143,537,5227,0.720489764683375,2025,7286,591,728,42,5099,24,2133,12,24
"332","2020-05-15",202,4,171,516,5227,0.720489764683375,2025,7286,591,728,34,5133,13,2146,19,13
"333","2020-05-16",178,4,150,503,5227,0.720489764683375,2025,7286,591,728,43,5176,23,2169,24,23
"334","2020-05-17",186,4,157,495,5227,0.720489764683375,2025,7286,591,728,39,5215,34,2203,19,34
"335","2020-05-18",171,4,175,468,5227,0.720489764683375,2025,7286,591,728,35,5250,19,2222,13,19
"336","2020-05-19",157,4,180,447,5227,0.720489764683375,2025,7286,591,728,34,5284,28,2250,11,28
"337","2020-05-20",159,4,150,429,5227,0.720489764683375,2025,7286,591,728,27,5311,37,2287,13,37
"338","2020-05-21",144,4,137,409,5227,0.720489764683375,2025,7286,591,728,29,5340,17,2304,11,17
"339","2020-05-22",141,4,114,387,5227,0.720489764683375,2025,7286,591,728,30,5370,32,2336,13,32
"340","2020-05-23",150,4,117,362,5227,0.720489764683375,2025,7286,591,728,23,5393,57,2393,8,57
"341","2020-05-24",138,4,164,343,5227,0.720489764683375,2025,7286,591,728,26,5419,75,2468,10,75
"342","2020-05-25",131,4,186,338,5227,0.720489764683375,2025,7286,591,728,33,5452,48,2516,19,48
"343","2020-05-26",138,4,176,324,5227,0.720489764683375,2025,7286,591,728,32,5484,54,2570,13,54
"344","2020-05-27",134,4,170,316,5227,0.720489764683375,2025,7286,591,728,35,5519,43,2613,20,43
"345","2020-05-28",133,4,160,310,5227,0.720489764683375,2025,7286,591,728,26,5545,23,2636,13,23
"346","2020-05-29",125,4,152,304,5227,0.720489764683375,2025,7286,591,728,23,5568,15,2651,13,15
"347","2020-05-30",125,4,161,277,5227,0.720489764683375,2025,7286,591,728,25,5593,14,2665,11,14
"348","2020-05-31",115,4,151,262,5227,0.720489764683375,2025,7286,591,728,24,5617,5,2670,10,5
"349","2020-06-01",108,4,149,245,5227,0.720489764683375,2025,7286,591,728,12,5629,49,2719,4,49
"350","2020-06-02",93,4,146,225,5227,0.720489764683375,2025,7286,591,728,18,5647,21,2740,12,21
"351","2020-06-03",83,4,171,199,5227,0.720489764683375,2025,7286,591,728,19,5666,23,2763,10,23
"352","2020-06-04",81,4,165,186,5227,0.720489764683375,2025,7286,591,728,8,5674,35,2798,4,35
"353","2020-06-05",76,4,160,166,5227,0.720489764683375,2025,7286,591,728,11,5685,13,2811,NA,13
"354","2020-06-06",65,4,144,173,5227,0.720489764683375,2025,7286,591,728,19,5704,15,2826,9,15
"355","2020-06-07",57,4,126,159,5227,0.720489764683375,2025,7286,591,728,9,5713,8,2834,5,8
"356","2020-03-14",6,5,26,100,5445,0.637465564738292,2130,7783,723,580,21,61,17,42,9,17
"357","2020-03-15",9,5,20,138,5445,0.637465564738292,2130,7783,723,580,25,86,21,63,12,21
"358","2020-03-16",14,5,26,169,5445,0.637465564738292,2130,7783,723,580,36,122,14,77,23,14
"359","2020-03-17",18,5,25,216,5445,0.637465564738292,2130,7783,723,580,36,158,9,86,15,9
"360","2020-03-18",30,5,22,264,5445,0.637465564738292,2130,7783,723,580,45,203,17,103,27,17
"361","2020-03-19",39,5,22,319,5445,0.637465564738292,2130,7783,723,580,48,251,34,137,31,34
"362","2020-03-20",63,5,24,366,5445,0.637465564738292,2130,7783,723,580,34,285,22,159,28,22
"363","2020-03-21",107,5,32,405,5445,0.637465564738292,2130,7783,723,580,67,352,32,191,50,32
"364","2020-03-22",122,5,34,457,5445,0.637465564738292,2130,7783,723,580,61,413,32,223,41,32
"365","2020-03-23",124,5,28,527,5445,0.637465564738292,2130,7783,723,580,75,488,28,251,68,28
"366","2020-03-24",144,5,27,586,5445,0.637465564738292,2130,7783,723,580,78,566,21,272,66,21
"367","2020-03-25",159,5,24,627,5445,0.637465564738292,2130,7783,723,580,82,648,44,316,73,44
"368","2020-03-26",174,5,28,665,5445,0.637465564738292,2130,7783,723,580,108,756,27,343,98,27
"369","2020-03-27",245,5,42,712,5445,0.637465564738292,2130,7783,723,580,102,858,26,369,90,26
"370","2020-03-28",234,5,36,751,5445,0.637465564738292,2130,7783,723,580,80,938,45,414,68,45
"371","2020-03-29",245,5,64,785,5445,0.637465564738292,2130,7783,723,580,102,1040,45,459,91,45
"372","2020-03-30",251,5,68,847,5445,0.637465564738292,2130,7783,723,580,122,1162,25,484,112,25
"373","2020-03-31",239,5,71,878,5445,0.637465564738292,2130,7783,723,580,121,1283,35,519,109,35
"374","2020-04-01",251,5,90,907,5445,0.637465564738292,2130,7783,723,580,126,1409,46,565,110,46
"375","2020-04-02",258,5,82,959,5445,0.637465564738292,2130,7783,723,580,134,1543,49,614,118,49
"376","2020-04-03",289,5,80,978,5445,0.637465564738292,2130,7783,723,580,135,1678,25,639,120,25
"377","2020-04-04",314,5,87,1002,5445,0.637465564738292,2130,7783,723,580,132,1810,32,671,116,32
"378","2020-04-05",314,5,89,990,5445,0.637465564738292,2130,7783,723,580,169,1979,33,704,156,33
"379","2020-04-06",317,5,95,1026,5445,0.637465564738292,2130,7783,723,580,158,2137,38,742,147,38
"380","2020-04-07",323,5,93,1044,5445,0.637465564738292,2130,7783,723,580,134,2271,40,782,119,40
"381","2020-04-08",320,5,96,1064,5445,0.637465564738292,2130,7783,723,580,134,2405,70,852,119,70
"382","2020-04-09",328,5,85,1072,5445,0.637465564738292,2130,7783,723,580,148,2553,49,901,140,49
"383","2020-04-10",366,5,74,1071,5445,0.637465564738292,2130,7783,723,580,156,2709,41,942,148,41
"384","2020-04-11",372,5,71,1086,5445,0.637465564738292,2130,7783,723,580,139,2848,39,981,126,39
"385","2020-04-12",350,5,74,1073,5445,0.637465564738292,2130,7783,723,580,166,3014,48,1029,155,48
"386","2020-04-13",353,5,70,1063,5445,0.637465564738292,2130,7783,723,580,189,3203,27,1056,177,27
"387","2020-04-14",347,5,86,1076,5445,0.637465564738292,2130,7783,723,580,131,3334,27,1083,119,27
"388","2020-04-15",347,5,82,1088,5445,0.637465564738292,2130,7783,723,580,171,3505,24,1107,162,24
"389","2020-04-16",355,5,85,1078,5445,0.637465564738292,2130,7783,723,580,131,3636,50,1157,115,50
"390","2020-04-17",369,5,104,1076,5445,0.637465564738292,2130,7783,723,580,125,3761,43,1200,114,43
"391","2020-04-18",378,5,108,1057,5445,0.637465564738292,2130,7783,723,580,150,3911,16,1216,142,16
"392","2020-04-19",363,5,110,1062,5445,0.637465564738292,2130,7783,723,580,140,4051,56,1272,130,56
"393","2020-04-20",348,5,102,1023,5445,0.637465564738292,2130,7783,723,580,124,4175,49,1321,112,49
"394","2020-04-21",351,5,102,1016,5445,0.637465564738292,2130,7783,723,580,109,4284,24,1345,97,24
"395","2020-04-22",351,5,97,991,5445,0.637465564738292,2130,7783,723,580,101,4385,30,1375,91,30
"396","2020-04-23",344,5,117,993,5445,0.637465564738292,2130,7783,723,580,124,4509,44,1419,112,44
"397","2020-04-24",348,5,113,974,5445,0.637465564738292,2130,7783,723,580,93,4602,28,1447,85,28
"398","2020-04-25",342,5,112,947,5445,0.637465564738292,2130,7783,723,580,94,4696,25,1472,88,25
"399","2020-04-26",326,5,123,924,5445,0.637465564738292,2130,7783,723,580,79,4775,30,1502,69,30
"400","2020-04-27",320,5,132,906,5445,0.637465564738292,2130,7783,723,580,75,4850,27,1529,70,27
"401","2020-04-28",302,5,120,886,5445,0.637465564738292,2130,7783,723,580,86,4936,33,1562,78,33
"402","2020-04-29",305,5,120,877,5445,0.637465564738292,2130,7783,723,580,86,5022,33,1595,75,33
"403","2020-04-30",289,5,105,877,5445,0.637465564738292,2130,7783,723,580,67,5089,29,1624,61,29
"404","2020-05-01",296,5,114,835,5445,0.637465564738292,2130,7783,723,580,45,5134,27,1651,39,27
"405","2020-05-02",295,5,124,825,5445,0.637465564738292,2130,7783,723,580,52,5186,19,1670,45,19
"406","2020-05-03",281,5,126,818,5445,0.637465564738292,2130,7783,723,580,46,5232,37,1707,38,37
"407","2020-05-04",287,5,122,804,5445,0.637465564738292,2130,7783,723,580,45,5277,26,1733,39,26
"408","2020-05-05",275,5,135,781,5445,0.637465564738292,2130,7783,723,580,35,5312,20,1753,31,20
"409","2020-05-06",267,5,142,761,5445,0.637465564738292,2130,7783,723,580,41,5353,40,1793,32,40
"410","2020-05-07",269,5,140,709,5445,0.637465564738292,2130,7783,723,580,24,5377,51,1844,20,51
"411","2020-05-08",276,5,159,682,5445,0.637465564738292,2130,7783,723,580,27,5404,63,1907,21,63
"412","2020-05-09",255,5,150,663,5445,0.637465564738292,2130,7783,723,580,32,5436,29,1936,25,29
"413","2020-05-10",234,5,149,632,5445,0.637465564738292,2130,7783,723,580,28,5464,31,1967,18,31
"414","2020-05-11",214,5,149,599,5445,0.637465564738292,2130,7783,723,580,26,5490,39,2006,19,39
"415","2020-05-12",217,5,148,569,5445,0.637465564738292,2130,7783,723,580,27,5517,30,2036,18,30
"416","2020-05-13",205,5,148,548,5445,0.637465564738292,2130,7783,723,580,23,5540,41,2077,17,41
"417","2020-05-14",203,5,150,510,5445,0.637465564738292,2130,7783,723,580,20,5560,30,2107,15,30
"418","2020-05-15",173,5,131,489,5445,0.637465564738292,2130,7783,723,580,22,5582,19,2126,17,19
"419","2020-05-16",170,5,139,455,5445,0.637465564738292,2130,7783,723,580,23,5605,21,2147,14,21
"420","2020-05-17",163,5,134,439,5445,0.637465564738292,2130,7783,723,580,10,5615,27,2174,5,27
"421","2020-05-18",161,5,117,440,5445,0.637465564738292,2130,7783,723,580,18,5633,8,2182,13,8
"422","2020-05-19",143,5,118,414,5445,0.637465564738292,2130,7783,723,580,19,5652,15,2197,14,16
"423","2020-05-20",140,5,121,409,5445,0.637465564738292,2130,7783,723,580,15,5667,21,2218,10,21
"424","2020-05-21",129,5,122,380,5445,0.637465564738292,2130,7783,723,580,6,5673,33,2251,4,33
"425","2020-05-22",134,5,143,366,5445,0.637465564738292,2130,7783,723,580,10,5683,25,2276,5,25
"426","2020-05-23",139,5,130,349,5445,0.637465564738292,2130,7783,723,580,16,5699,41,2317,11,41
"427","2020-05-24",110,5,129,345,5445,0.637465564738292,2130,7783,723,580,9,5708,27,2344,6,27
"428","2020-05-25",105,5,112,334,5445,0.637465564738292,2130,7783,723,580,11,5719,29,2373,3,29
"429","2020-05-26",113,5,109,328,5445,0.637465564738292,2130,7783,723,580,11,5730,31,2404,7,31
"430","2020-05-27",112,5,97,311,5445,0.637465564738292,2130,7783,723,580,15,5745,39,2443,10,39
"431","2020-05-28",110,5,106,294,5445,0.637465564738292,2130,7783,723,580,8,5753,39,2482,4,39
"432","2020-05-29",103,5,102,281,5445,0.637465564738292,2130,7783,723,580,5,5758,43,2525,4,43
"433","2020-05-30",105,5,89,262,5445,0.637465564738292,2130,7783,723,580,8,5766,27,2552,2,27
"434","2020-05-31",100,5,94,244,5445,0.637465564738292,2130,7783,723,580,7,5773,24,2576,4,24
"435","2020-06-01",95,5,83,240,5445,0.637465564738292,2130,7783,723,580,4,5777,23,2599,1,23
"436","2020-06-02",81,5,94,223,5445,0.637465564738292,2130,7783,723,580,5,5782,20,2619,1,20
"437","2020-06-03",77,5,97,209,5445,0.637465564738292,2130,7783,723,580,5,5787,16,2635,1,16
"438","2020-06-04",75,5,93,197,5445,0.637465564738292,2130,7783,723,580,8,5795,16,2651,6,16
"439","2020-06-05",80,5,93,182,5445,0.637465564738292,2130,7783,723,580,5,5800,14,2665,NA,14
"440","2020-06-06",74,5,85,166,5445,0.637465564738292,2130,7783,723,580,5,5805,15,2680,4,15
"441","2020-06-07",72,5,64,159,5445,0.637465564738292,2130,7783,723,580,5,5810,20,2700,2,20
"442","2020-03-13",2,6,96,81,5405,0.718593894542091,2100,7716,540,1067,23,76,28,68,4,28
"443","2020-03-14",6,6,114,117,5405,0.718593894542091,2100,7716,540,1067,33,109,15,83,9,15
"444","2020-03-15",15,6,108,160,5405,0.718593894542091,2100,7716,540,1067,33,142,27,110,13,27
"445","2020-03-16",19,6,99,207,5405,0.718593894542091,2100,7716,540,1067,41,183,34,144,21,34
"446","2020-03-17",19,6,84,259,5405,0.718593894542091,2100,7716,540,1067,50,233,29,173,24,29
"447","2020-03-18",22,6,71,292,5405,0.718593894542091,2100,7716,540,1067,53,286,11,184,23,11
"448","2020-03-19",37,6,63,327,5405,0.718593894542091,2100,7716,540,1067,71,357,11,195,38,11
"449","2020-03-20",60,6,92,381,5405,0.718593894542091,2100,7716,540,1067,53,410,32,227,37,32
"450","2020-03-21",86,6,96,429,5405,0.718593894542091,2100,7716,540,1067,71,481,17,244,40,17
"451","2020-03-22",111,6,102,493,5405,0.718593894542091,2100,7716,540,1067,67,548,10,254,38,10
"452","2020-03-23",111,6,91,545,5405,0.718593894542091,2100,7716,540,1067,80,628,7,261,46,7
"453","2020-03-24",122,6,93,607,5405,0.718593894542091,2100,7716,540,1067,83,711,14,275,60,14
"454","2020-03-25",139,6,127,638,5405,0.718593894542091,2100,7716,540,1067,89,800,42,317,60,42
"455","2020-03-26",145,6,133,665,5405,0.718593894542091,2100,7716,540,1067,87,887,30,347,64,30
"456","2020-03-27",190,6,153,717,5405,0.718593894542091,2100,7716,540,1067,82,969,23,370,53,23
"457","2020-03-28",210,6,179,775,5405,0.718593894542091,2100,7716,540,1067,85,1054,19,389,68,19
"458","2020-03-29",220,6,179,830,5405,0.718593894542091,2100,7716,540,1067,92,1146,39,428,72,39
"459","2020-03-30",225,6,173,883,5405,0.718593894542091,2100,7716,540,1067,98,1244,30,458,70,30
"460","2020-03-31",234,6,150,901,5405,0.718593894542091,2100,7716,540,1067,109,1353,14,472,91,14
"461","2020-04-01",248,6,132,939,5405,0.718593894542091,2100,7716,540,1067,98,1451,44,516,74,44
"462","2020-04-02",266,6,122,993,5405,0.718593894542091,2100,7716,540,1067,101,1552,27,543,77,27
"463","2020-04-03",300,6,103,1011,5405,0.718593894542091,2100,7716,540,1067,119,1671,16,559,86,16
"464","2020-04-04",318,6,130,1043,5405,0.718593894542091,2100,7716,540,1067,122,1793,18,577,95,18
"465","2020-04-05",335,6,140,1076,5405,0.718593894542091,2100,7716,540,1067,126,1919,48,625,96,48
"466","2020-04-06",357,6,133,1097,5405,0.718593894542091,2100,7716,540,1067,153,2072,23,648,123,23
"467","2020-04-07",347,6,131,1106,5405,0.718593894542091,2100,7716,540,1067,114,2186,26,674,93,26
"468","2020-04-08",354,6,178,1135,5405,0.718593894542091,2100,7716,540,1067,151,2337,22,696,123,22
"469","2020-04-09",361,6,207,1162,5405,0.718593894542091,2100,7716,540,1067,129,2466,15,711,105,15
"470","2020-04-10",413,6,203,1164,5405,0.718593894542091,2100,7716,540,1067,119,2585,14,725,94,14
"471","2020-04-11",408,6,181,1157,5405,0.718593894542091,2100,7716,540,1067,123,2708,23,748,93,23
"472","2020-04-12",375,6,213,1134,5405,0.718593894542091,2100,7716,540,1067,117,2825,46,794,88,46
"473","2020-04-13",375,6,235,1111,5405,0.718593894542091,2100,7716,540,1067,116,2941,31,825,101,31
"474","2020-04-14",365,6,225,1089,5405,0.718593894542091,2100,7716,540,1067,115,3056,48,873,88,48
"475","2020-04-15",368,6,200,1065,5405,0.718593894542091,2100,7716,540,1067,100,3156,31,904,74,31
"476","2020-04-16",363,6,195,1057,5405,0.718593894542091,2100,7716,540,1067,116,3272,26,930,90,26
"477","2020-04-17",374,6,164,1049,5405,0.718593894542091,2100,7716,540,1067,92,3364,20,950,73,20
"478","2020-04-18",386,6,170,1045,5405,0.718593894542091,2100,7716,540,1067,125,3489,39,989,100,39
"479","2020-04-19",393,6,165,1001,5405,0.718593894542091,2100,7716,540,1067,86,3575,38,1027,69,38
"480","2020-04-20",369,6,153,1000,5405,0.718593894542091,2100,7716,540,1067,91,3666,58,1085,65,58
"481","2020-04-21",367,6,134,952,5405,0.718593894542091,2100,7716,540,1067,128,3794,77,1162,97,77
"482","2020-04-22",352,6,121,951,5405,0.718593894542091,2100,7716,540,1067,93,3887,36,1198,65,36
"483","2020-04-23",343,6,143,935,5405,0.718593894542091,2100,7716,540,1067,80,3967,14,1212,62,14
"484","2020-04-24",350,6,153,914,5405,0.718593894542091,2100,7716,540,1067,60,4027,24,1236,48,24
"485","2020-04-25",353,6,159,892,5405,0.718593894542091,2100,7716,540,1067,82,4109,35,1271,57,35
"486","2020-04-26",294,6,187,880,5405,0.718593894542091,2100,7716,540,1067,74,4183,29,1300,52,29
"487","2020-04-27",296,6,191,846,5405,0.718593894542091,2100,7716,540,1067,82,4265,20,1320,58,20
"488","2020-04-28",289,6,190,833,5405,0.718593894542091,2100,7716,540,1067,60,4325,30,1350,40,30
"489","2020-04-29",291,6,174,826,5405,0.718593894542091,2100,7716,540,1067,70,4395,38,1388,49,38
"490","2020-04-30",288,6,159,790,5405,0.718593894542091,2100,7716,540,1067,74,4469,25,1413,55,25
"491","2020-05-01",280,6,146,774,5405,0.718593894542091,2100,7716,540,1067,46,4515,57,1470,31,57
"492","2020-05-02",270,6,143,744,5405,0.718593894542091,2100,7716,540,1067,59,4574,16,1486,47,16
"493","2020-05-03",255,6,133,730,5405,0.718593894542091,2100,7716,540,1067,49,4623,21,1507,33,21
"494","2020-05-04",253,6,125,688,5405,0.718593894542091,2100,7716,540,1067,56,4679,46,1553,36,46
"495","2020-05-05",241,6,113,663,5405,0.718593894542091,2100,7716,540,1067,53,4732,49,1602,27,49
"496","2020-05-06",228,6,115,631,5405,0.718593894542091,2100,7716,540,1067,48,4780,17,1619,26,17
"497","2020-05-07",216,6,119,610,5405,0.718593894542091,2100,7716,540,1067,48,4828,17,1636,31,17
"498","2020-05-08",211,6,157,572,5405,0.718593894542091,2100,7716,540,1067,45,4873,20,1656,26,20
"499","2020-05-09",205,6,212,568,5405,0.718593894542091,2100,7716,540,1067,35,4908,22,1678,25,22
"500","2020-05-10",199,6,260,547,5405,0.718593894542091,2100,7716,540,1067,42,4950,57,1735,25,57
"501","2020-05-11",190,6,244,546,5405,0.718593894542091,2100,7716,540,1067,33,4983,30,1765,22,30
"502","2020-05-12",186,6,214,529,5405,0.718593894542091,2100,7716,540,1067,32,5015,17,1782,13,17
"503","2020-05-13",188,6,197,505,5405,0.718593894542091,2100,7716,540,1067,33,5048,51,1833,18,51
"504","2020-05-14",189,6,190,496,5405,0.718593894542091,2100,7716,540,1067,31,5079,35,1868,17,35
"505","2020-05-15",185,6,196,472,5405,0.718593894542091,2100,7716,540,1067,26,5105,41,1909,10,41
"506","2020-05-16",171,6,187,453,5405,0.718593894542091,2100,7716,540,1067,26,5131,32,1941,15,32
"507","2020-05-17",165,6,236,431,5405,0.718593894542091,2100,7716,540,1067,29,5160,48,1989,12,48
"508","2020-05-18",154,6,260,434,5405,0.718593894542091,2100,7716,540,1067,25,5185,45,2034,16,45
"509","2020-05-19",148,6,285,405,5405,0.718593894542091,2100,7716,540,1067,23,5208,21,2055,13,21
"510","2020-05-20",142,6,274,391,5405,0.718593894542091,2100,7716,540,1067,20,5228,8,2063,9,8
"511","2020-05-21",137,6,271,377,5405,0.718593894542091,2100,7716,540,1067,26,5254,13,2076,14,13
"512","2020-05-22",127,6,270,369,5405,0.718593894542091,2100,7716,540,1067,30,5284,19,2095,17,19
"513","2020-05-23",124,6,242,351,5405,0.718593894542091,2100,7716,540,1067,29,5313,41,2136,13,41
"514","2020-05-24",106,6,205,346,5405,0.718593894542091,2100,7716,540,1067,22,5335,32,2168,11,32
"515","2020-05-25",101,6,169,337,5405,0.718593894542091,2100,7716,540,1067,9,5344,36,2204,3,36
"516","2020-05-26",106,6,156,321,5405,0.718593894542091,2100,7716,540,1067,17,5361,26,2230,8,26
"517","2020-05-27",106,6,151,308,5405,0.718593894542091,2100,7716,540,1067,23,5384,20,2250,7,20
"518","2020-05-28",105,6,143,283,5405,0.718593894542091,2100,7716,540,1067,19,5403,29,2279,13,29
"519","2020-05-29",109,6,168,259,5405,0.718593894542091,2100,7716,540,1067,13,5416,24,2303,6,24
"520","2020-05-30",106,6,166,247,5405,0.718593894542091,2100,7716,540,1067,16,5432,10,2313,8,10
"521","2020-05-31",95,6,146,236,5405,0.718593894542091,2100,7716,540,1067,11,5443,17,2330,2,17
"522","2020-06-01",92,6,141,214,5405,0.718593894542091,2100,7716,540,1067,13,5456,17,2347,6,17
"523","2020-06-02",76,6,161,211,5405,0.718593894542091,2100,7716,540,1067,12,5468,6,2353,7,6
"524","2020-06-03",71,6,185,195,5405,0.718593894542091,2100,7716,540,1067,8,5476,7,2360,1,7
"525","2020-06-04",63,6,187,175,5405,0.718593894542091,2100,7716,540,1067,5,5481,4,2364,1,4
"526","2020-06-05",59,6,191,166,5405,0.718593894542091,2100,7716,540,1067,9,5490,7,2371,6,7
"527","2020-06-06",59,6,180,156,5405,0.718593894542091,2100,7716,540,1067,8,5498,3,2374,6,3
"528","2020-06-07",62,6,152,159,5405,0.718593894542091,2100,7716,540,1067,7,5505,7,2381,4,7
"529","2020-03-12",1,7,22,93,5885,0.398470688190314,1995,7854,636,452,12,29,11,25,NA,11
"530","2020-03-13",4,7,26,140,5885,0.398470688190314,1995,7854,636,452,19,48,7,32,9,7
"531","2020-03-14",12,7,21,188,5885,0.398470688190314,1995,7854,636,452,20,68,6,38,12,6
"532","2020-03-15",28,7,32,241,5885,0.398470688190314,1995,7854,636,452,29,97,4,42,11,4
"533","2020-03-16",39,7,22,302,5885,0.398470688190314,1995,7854,636,452,18,115,14,56,11,14
"534","2020-03-17",46,7,30,374,5885,0.398470688190314,1995,7854,636,452,28,143,31,87,19,31
"535","2020-03-18",61,7,36,433,5885,0.398470688190314,1995,7854,636,452,44,187,46,133,29,46
"536","2020-03-19",86,7,56,491,5885,0.398470688190314,1995,7854,636,452,40,227,44,177,22,44
"537","2020-03-20",107,7,55,539,5885,0.398470688190314,1995,7854,636,452,46,273,19,196,34,19
"538","2020-03-21",116,7,55,611,5885,0.398470688190314,1995,7854,636,452,66,339,43,239,52,43
"539","2020-03-22",158,7,58,666,5885,0.398470688190314,1995,7854,636,452,44,383,30,269,32,30
"540","2020-03-23",171,7,73,714,5885,0.398470688190314,1995,7854,636,452,69,452,16,285,55,16
"541","2020-03-24",169,7,79,768,5885,0.398470688190314,1995,7854,636,452,64,516,18,303,46,18
"542","2020-03-25",183,7,85,793,5885,0.398470688190314,1995,7854,636,452,75,591,37,340,61,37
"543","2020-03-26",186,7,85,808,5885,0.398470688190314,1995,7854,636,452,95,686,31,371,81,31
"544","2020-03-27",260,7,72,822,5885,0.398470688190314,1995,7854,636,452,105,791,16,387,90,16
"545","2020-03-28",308,7,79,849,5885,0.398470688190314,1995,7854,636,452,104,895,14,401,94,14
"546","2020-03-29",294,7,95,873,5885,0.398470688190314,1995,7854,636,452,89,984,5,406,78,5
"547","2020-03-30",291,7,80,897,5885,0.398470688190314,1995,7854,636,452,84,1068,4,410,70,4
"548","2020-03-31",282,7,82,886,5885,0.398470688190314,1995,7854,636,452,114,1182,10,420,99,10
"549","2020-04-01",289,7,75,928,5885,0.398470688190314,1995,7854,636,452,121,1303,36,456,109,36
"550","2020-04-02",288,7,72,944,5885,0.398470688190314,1995,7854,636,452,108,1411,20,476,97,20
"551","2020-04-03",326,7,75,956,5885,0.398470688190314,1995,7854,636,452,108,1519,12,488,97,12
"552","2020-04-04",330,7,86,968,5885,0.398470688190314,1995,7854,636,452,121,1640,19,507,109,19
"553","2020-04-05",301,7,86,999,5885,0.398470688190314,1995,7854,636,452,101,1741,47,554,88,47
"554","2020-04-06",299,7,97,1009,5885,0.398470688190314,1995,7854,636,452,123,1864,52,606,110,52
"555","2020-04-07",315,7,101,1028,5885,0.398470688190314,1995,7854,636,452,129,1993,63,669,113,63
"556","2020-04-08",329,7,96,1033,5885,0.398470688190314,1995,7854,636,452,135,2128,23,692,122,23
"557","2020-04-09",348,7,105,1058,5885,0.398470688190314,1995,7854,636,452,123,2251,11,703,108,11
"558","2020-04-10",365,7,109,1071,5885,0.398470688190314,1995,7854,636,452,161,2412,35,738,144,35
"559","2020-04-11",387,7,119,1065,5885,0.398470688190314,1995,7854,636,452,143,2555,41,779,130,41
"560","2020-04-12",365,7,121,1078,5885,0.398470688190314,1995,7854,636,452,108,2663,27,806,96,27
"561","2020-04-13",352,7,121,1085,5885,0.398470688190314,1995,7854,636,452,152,2815,46,852,143,46
"562","2020-04-14",360,7,105,1078,5885,0.398470688190314,1995,7854,636,452,123,2938,38,890,111,38
"563","2020-04-15",345,7,100,1045,5885,0.398470688190314,1995,7854,636,452,134,3072,21,911,118,21
"564","2020-04-16",339,7,111,1046,5885,0.398470688190314,1995,7854,636,452,135,3207,33,944,121,33
"565","2020-04-17",383,7,112,1047,5885,0.398470688190314,1995,7854,636,452,115,3322,35,979,107,35
"566","2020-04-18",363,7,113,1043,5885,0.398470688190314,1995,7854,636,452,131,3453,41,1020,120,41
"567","2020-04-19",357,7,130,1042,5885,0.398470688190314,1995,7854,636,452,188,3641,20,1040,174,20
"568","2020-04-20",361,7,139,1057,5885,0.398470688190314,1995,7854,636,452,131,3772,23,1063,120,23
"569","2020-04-21",342,7,147,1031,5885,0.398470688190314,1995,7854,636,452,118,3890,22,1085,106,22
"570","2020-04-22",325,7,154,1007,5885,0.398470688190314,1995,7854,636,452,95,3985,61,1146,84,61
"571","2020-04-23",325,7,158,992,5885,0.398470688190314,1995,7854,636,452,112,4097,43,1189,104,43
"572","2020-04-24",315,7,147,975,5885,0.398470688190314,1995,7854,636,452,115,4212,61,1250,111,61
"573","2020-04-25",306,7,140,950,5885,0.398470688190314,1995,7854,636,452,101,4313,38,1288,94,38
"574","2020-04-26",293,7,128,924,5885,0.398470688190314,1995,7854,636,452,99,4412,25,1313,88,25
"575","2020-04-27",294,7,140,912,5885,0.398470688190314,1995,7854,636,452,76,4488,14,1327,65,14
"576","2020-04-28",294,7,157,884,5885,0.398470688190314,1995,7854,636,452,79,4567,20,1347,65,20
"577","2020-04-29",301,7,150,857,5885,0.398470688190314,1995,7854,636,452,79,4646,43,1390,70,43
"578","2020-04-30",292,7,169,818,5885,0.398470688190314,1995,7854,636,452,69,4715,41,1431,58,41
"579","2020-05-01",306,7,165,791,5885,0.398470688190314,1995,7854,636,452,48,4763,28,1459,43,28
"580","2020-05-02",313,7,152,771,5885,0.398470688190314,1995,7854,636,452,61,4824,8,1467,48,8
"581","2020-05-03",285,7,148,745,5885,0.398470688190314,1995,7854,636,452,52,4876,34,1501,46,34
"582","2020-05-04",262,7,132,724,5885,0.398470688190314,1995,7854,636,452,44,4920,48,1549,40,48
"583","2020-05-05",241,7,126,712,5885,0.398470688190314,1995,7854,636,452,44,4964,61,1610,39,61
"584","2020-05-06",250,7,130,705,5885,0.398470688190314,1995,7854,636,452,30,4994,30,1640,27,30
"585","2020-05-07",242,7,114,686,5885,0.398470688190314,1995,7854,636,452,37,5031,62,1702,27,62
"586","2020-05-08",220,7,108,667,5885,0.398470688190314,1995,7854,636,452,44,5075,49,1751,38,49
"587","2020-05-09",221,7,105,653,5885,0.398470688190314,1995,7854,636,452,22,5097,60,1811,15,60
"588","2020-05-10",213,7,109,629,5885,0.398470688190314,1995,7854,636,452,30,5127,22,1833,22,22
"589","2020-05-11",210,7,107,623,5885,0.398470688190314,1995,7854,636,452,33,5160,22,1855,19,22
"590","2020-05-12",203,7,106,615,5885,0.398470688190314,1995,7854,636,452,25,5185,55,1910,23,55
"591","2020-05-13",193,7,124,595,5885,0.398470688190314,1995,7854,636,452,22,5207,62,1972,19,62
"592","2020-05-14",196,7,135,564,5885,0.398470688190314,1995,7854,636,452,23,5230,39,2011,17,39
"593","2020-05-15",210,7,144,542,5885,0.398470688190314,1995,7854,636,452,33,5263,51,2062,23,51
"594","2020-05-16",212,7,153,534,5885,0.398470688190314,1995,7854,636,452,22,5285,50,2112,17,50
"595","2020-05-17",181,7,154,516,5885,0.398470688190314,1995,7854,636,452,20,5305,23,2135,14,23
"596","2020-05-18",176,7,171,496,5885,0.398470688190314,1995,7854,636,452,18,5323,15,2150,14,15
"597","2020-05-19",170,7,155,475,5885,0.398470688190314,1995,7854,636,452,24,5347,11,2161,15,11
"598","2020-05-20",162,7,140,456,5885,0.398470688190314,1995,7854,636,452,12,5359,6,2167,9,6
"599","2020-05-21",151,7,124,442,5885,0.398470688190314,1995,7854,636,452,19,5378,7,2174,14,7
"600","2020-05-22",136,7,122,428,5885,0.398470688190314,1995,7854,636,452,11,5389,15,2189,8,15
"601","2020-05-23",127,7,110,428,5885,0.398470688190314,1995,7854,636,452,14,5403,42,2231,10,42
"602","2020-05-24",135,7,104,404,5885,0.398470688190314,1995,7854,636,452,15,5418,23,2254,10,23
"603","2020-05-25",126,7,99,384,5885,0.398470688190314,1995,7854,636,452,21,5439,18,2272,10,18
"604","2020-05-26",130,7,90,363,5885,0.398470688190314,1995,7854,636,452,18,5457,24,2296,11,24
"605","2020-05-27",131,7,94,351,5885,0.398470688190314,1995,7854,636,452,13,5470,44,2340,9,44
"606","2020-05-28",128,7,89,348,5885,0.398470688190314,1995,7854,636,452,13,5483,50,2390,10,50
"607","2020-05-29",133,7,89,326,5885,0.398470688190314,1995,7854,636,452,13,5496,28,2418,10,28
"608","2020-05-30",133,7,77,317,5885,0.398470688190314,1995,7854,636,452,13,5509,18,2436,8,18
"609","2020-05-31",125,7,89,303,5885,0.398470688190314,1995,7854,636,452,13,5522,26,2462,7,26
"610","2020-06-01",117,7,78,294,5885,0.398470688190314,1995,7854,636,452,11,5533,19,2481,7,19
"611","2020-06-02",109,7,77,277,5885,0.398470688190314,1995,7854,636,452,16,5549,59,2540,8,59
"612","2020-06-03",98,7,85,254,5885,0.398470688190314,1995,7854,636,452,13,5562,46,2586,10,46
"613","2020-06-04",91,7,81,258,5885,0.398470688190314,1995,7854,636,452,14,5576,22,2608,10,22
"614","2020-06-05",89,7,83,240,5885,0.398470688190314,1995,7854,636,452,9,5585,13,2621,8,13
"615","2020-06-06",83,7,77,230,5885,0.398470688190314,1995,7854,636,452,14,5599,14,2635,7,14
"616","2020-06-07",71,7,72,215,5885,0.398470688190314,1995,7854,636,452,9,5608,6,2641,7,6
"617","2020-03-07",1,8,0,0,5834,0.586904353788139,2010,7653,541,1069,NA,NA,NA,NA,NA,NA
"618","2020-03-08",1,8,0,0,5834,0.586904353788139,2010,7653,541,1069,NA,NA,NA,NA,NA,NA
"619","2020-03-09",0,8,0,0,5834,0.586904353788139,2010,7653,541,1069,NA,NA,NA,NA,NA,NA
"620","2020-03-10",0,8,0,0,5834,0.586904353788139,2010,7653,541,1069,NA,NA,2,2,NA,2
"621","2020-03-11",0,8,0,0,5834,0.586904353788139,2010,7653,541,1069,25,25,3,5,NA,3
"622","2020-03-12",0,8,0,0,5834,0.586904353788139,2010,7653,541,1069,22,47,6,11,1,6
"623","2020-03-13",6,8,89,115,5834,0.586904353788139,2010,7653,541,1069,26,73,7,18,NA,7
"624","2020-03-14",16,8,95,145,5834,0.586904353788139,2010,7653,541,1069,30,103,4,22,6,4
"625","2020-03-15",25,8,106,193,5834,0.586904353788139,2010,7653,541,1069,44,147,5,27,12,5
"626","2020-03-16",26,8,142,250,5834,0.586904353788139,2010,7653,541,1069,44,191,23,50,18,23
"627","2020-03-17",34,8,193,300,5834,0.586904353788139,2010,7653,541,1069,37,228,22,72,18,22
"628","2020-03-18",46,8,193,378,5834,0.586904353788139,2010,7653,541,1069,47,275,11,83,22,11
"629","2020-03-19",62,8,194,439,5834,0.586904353788139,2010,7653,541,1069,56,331,11,94,25,11
"630","2020-03-20",91,8,218,518,5834,0.586904353788139,2010,7653,541,1069,49,380,24,118,33,24
"631","2020-03-21",114,8,232,598,5834,0.586904353788139,2010,7653,541,1069,42,422,15,133,24,15
"632","2020-03-22",159,8,227,660,5834,0.586904353788139,2010,7653,541,1069,63,485,11,144,42,11
"633","2020-03-23",186,8,222,759,5834,0.586904353788139,2010,7653,541,1069,74,559,11,155,54,11
"634","2020-03-24",196,8,243,845,5834,0.586904353788139,2010,7653,541,1069,67,626,7,162,37,7
"635","2020-03-25",212,8,278,913,5834,0.586904353788139,2010,7653,541,1069,59,685,8,170,36,8
"636","2020-03-26",229,8,294,967,5834,0.586904353788139,2010,7653,541,1069,64,749,6,176,44,6
"637","2020-03-27",304,8,257,1044,5834,0.586904353788139,2010,7653,541,1069,77,826,26,202,46,26
"638","2020-03-28",363,8,245,1069,5834,0.586904353788139,2010,7653,541,1069,55,881,40,242,40,40
"639","2020-03-29",348,8,245,1103,5834,0.586904353788139,2010,7653,541,1069,84,965,32,274,50,32
"640","2020-03-30",336,8,263,1152,5834,0.586904353788139,2010,7653,541,1069,66,1031,26,300,33,26
"641","2020-03-31",352,8,258,1200,5834,0.586904353788139,2010,7653,541,1069,75,1106,37,337,51,37
"642","2020-04-01",373,8,248,1227,5834,0.586904353788139,2010,7653,541,1069,76,1182,39,376,47,39
"643","2020-04-02",384,8,236,1227,5834,0.586904353788139,2010,7653,541,1069,81,1263,31,407,50,31
"644","2020-04-03",451,8,225,1249,5834,0.586904353788139,2010,7653,541,1069,81,1344,44,451,45,44
"645","2020-04-04",418,8,247,1288,5834,0.586904353788139,2010,7653,541,1069,82,1426,52,503,55,52
"646","2020-04-05",410,8,253,1279,5834,0.586904353788139,2010,7653,541,1069,83,1509,35,538,52,35
"647","2020-04-06",408,8,258,1264,5834,0.586904353788139,2010,7653,541,1069,95,1604,38,576,64,38
"648","2020-04-07",390,8,261,1268,5834,0.586904353788139,2010,7653,541,1069,86,1690,35,611,55,35
"649","2020-04-08",388,8,266,1246,5834,0.586904353788139,2010,7653,541,1069,92,1782,18,629,56,18
"650","2020-04-09",399,8,287,1221,5834,0.586904353788139,2010,7653,541,1069,76,1858,16,645,46,16
"651","2020-04-10",442,8,299,1246,5834,0.586904353788139,2010,7653,541,1069,86,1944,16,661,59,16
"652","2020-04-11",444,8,301,1232,5834,0.586904353788139,2010,7653,541,1069,82,2026,31,692,49,31
"653","2020-04-12",409,8,328,1228,5834,0.586904353788139,2010,7653,541,1069,99,2125,22,714,61,22
"654","2020-04-13",421,8,301,1176,5834,0.586904353788139,2010,7653,541,1069,75,2200,24,738,55,24
"655","2020-04-14",417,8,283,1174,5834,0.586904353788139,2010,7653,541,1069,61,2261,18,756,39,18
"656","2020-04-15",420,8,254,1140,5834,0.586904353788139,2010,7653,541,1069,82,2343,8,764,48,8
"657","2020-04-16",412,8,244,1114,5834,0.586904353788139,2010,7653,541,1069,70,2413,22,786,50,22
"658","2020-04-17",416,8,255,1126,5834,0.586904353788139,2010,7653,541,1069,74,2487,51,837,46,51
"659","2020-04-18",441,8,301,1103,5834,0.586904353788139,2010,7653,541,1069,69,2556,22,859,44,22
"660","2020-04-19",398,8,319,1065,5834,0.586904353788139,2010,7653,541,1069,81,2637,22,881,52,22
"661","2020-04-20",384,8,324,1036,5834,0.586904353788139,2010,7653,541,1069,87,2724,16,897,50,16
"662","2020-04-21",363,8,322,998,5834,0.586904353788139,2010,7653,541,1069,60,2784,14,911,38,14
"663","2020-04-22",351,8,322,959,5834,0.586904353788139,2010,7653,541,1069,66,2850,41,952,36,41
"664","2020-04-23",342,8,330,921,5834,0.586904353788139,2010,7653,541,1069,76,2926,49,1001,53,49
"665","2020-04-24",316,8,347,888,5834,0.586904353788139,2010,7653,541,1069,55,2981,24,1025,30,24
"666","2020-04-25",321,8,351,850,5834,0.586904353788139,2010,7653,541,1069,57,3038,28,1053,39,28
"667","2020-04-26",312,8,328,810,5834,0.586904353788139,2010,7653,541,1069,64,3102,47,1100,39,47
"668","2020-04-27",294,8,312,785,5834,0.586904353788139,2010,7653,541,1069,59,3161,39,1139,33,39
"669","2020-04-28",292,8,312,756,5834,0.586904353788139,2010,7653,541,1069,73,3234,23,1162,44,23
"670","2020-04-29",283,8,309,727,5834,0.586904353788139,2010,7653,541,1069,50,3284,34,1196,30,34
"671","2020-04-30",273,8,313,712,5834,0.586904353788139,2010,7653,541,1069,61,3345,26,1222,34,26
"672","2020-05-01",284,8,309,687,5834,0.586904353788139,2010,7653,541,1069,58,3403,49,1271,33,49
"673","2020-05-02",252,8,283,651,5834,0.586904353788139,2010,7653,541,1069,48,3451,37,1308,29,37
"674","2020-05-03",236,8,308,614,5834,0.586904353788139,2010,7653,541,1069,35,3486,30,1338,19,30
"675","2020-05-04",231,8,321,589,5834,0.586904353788139,2010,7653,541,1069,46,3532,23,1361,16,23
"676","2020-05-05",220,8,306,565,5834,0.586904353788139,2010,7653,541,1069,40,3572,42,1403,17,42
"677","2020-05-06",209,8,292,547,5834,0.586904353788139,2010,7653,541,1069,35,3607,18,1421,19,18
"678","2020-05-07",202,8,289,532,5834,0.586904353788139,2010,7653,541,1069,36,3643,19,1440,17,19
"679","2020-05-08",182,8,295,509,5834,0.586904353788139,2010,7653,541,1069,51,3694,51,1491,25,51
"680","2020-05-09",177,8,308,498,5834,0.586904353788139,2010,7653,541,1069,45,3739,30,1521,19,30
"681","2020-05-10",166,8,288,491,5834,0.586904353788139,2010,7653,541,1069,31,3770,22,1543,15,22
"682","2020-05-11",165,8,313,478,5834,0.586904353788139,2010,7653,541,1069,37,3807,41,1584,15,41
"683","2020-05-12",164,8,319,477,5834,0.586904353788139,2010,7653,541,1069,50,3857,25,1609,25,25
"684","2020-05-13",169,8,303,465,5834,0.586904353788139,2010,7653,541,1069,30,3887,26,1635,16,26
"685","2020-05-14",166,8,283,441,5834,0.586904353788139,2010,7653,541,1069,34,3921,40,1675,20,40
"686","2020-05-15",157,8,272,419,5834,0.586904353788139,2010,7653,541,1069,41,3962,25,1700,18,25
"687","2020-05-16",154,8,247,423,5834,0.586904353788139,2010,7653,541,1069,17,3979,24,1724,9,24
"688","2020-05-17",152,8,289,408,5834,0.586904353788139,2010,7653,541,1069,31,4010,35,1759,17,35
"689","2020-05-18",151,8,294,393,5834,0.586904353788139,2010,7653,541,1069,36,4046,26,1785,20,26
"690","2020-05-19",146,8,312,380,5834,0.586904353788139,2010,7653,541,1069,34,4080,39,1824,15,39
"691","2020-05-20",136,8,319,355,5834,0.586904353788139,2010,7653,541,1069,30,4110,50,1874,18,50
"692","2020-05-21",128,8,317,346,5834,0.586904353788139,2010,7653,541,1069,27,4137,41,1915,12,41
"693","2020-05-22",122,8,318,347,5834,0.586904353788139,2010,7653,541,1069,29,4166,21,1936,14,21
"694","2020-05-23",125,8,303,329,5834,0.586904353788139,2010,7653,541,1069,28,4194,26,1962,13,26
"695","2020-05-24",109,8,288,317,5834,0.586904353788139,2010,7653,541,1069,23,4217,38,2000,9,38
"696","2020-05-25",98,8,290,305,5834,0.586904353788139,2010,7653,541,1069,23,4240,21,2021,13,21
"697","2020-05-26",94,8,288,297,5834,0.586904353788139,2010,7653,541,1069,25,4265,16,2037,13,16
"698","2020-05-27",92,8,286,291,5834,0.586904353788139,2010,7653,541,1069,30,4295,34,2071,18,34
"699","2020-05-28",94,8,275,283,5834,0.586904353788139,2010,7653,541,1069,19,4314,29,2100,10,29
"700","2020-05-29",96,8,273,269,5834,0.586904353788139,2010,7653,541,1069,18,4332,19,2119,10,19
"701","2020-05-30",97,8,247,256,5834,0.586904353788139,2010,7653,541,1069,19,4351,12,2131,16,12
"702","2020-05-31",94,8,220,255,5834,0.586904353788139,2010,7653,541,1069,24,4375,24,2155,7,24
"703","2020-06-01",86,8,215,245,5834,0.586904353788139,2010,7653,541,1069,15,4390,10,2165,6,10
"704","2020-06-02",83,8,206,227,5834,0.586904353788139,2010,7653,541,1069,22,4412,28,2193,11,28
"705","2020-06-03",83,8,198,229,5834,0.586904353788139,2010,7653,541,1069,18,4430,23,2216,10,23
"706","2020-06-04",87,8,201,218,5834,0.586904353788139,2010,7653,541,1069,18,4448,22,2238,7,22
"707","2020-06-05",83,8,203,211,5834,0.586904353788139,2010,7653,541,1069,14,4462,18,2256,7,18
"708","2020-06-06",84,8,210,199,5834,0.586904353788139,2010,7653,541,1069,15,4477,12,2268,8,12
"709","2020-06-07",79,8,215,191,5834,0.586904353788139,2010,7653,541,1069,20,4497,21,2289,10,21
"710","2020-03-13",1,9,47,32,6197,0.934323059544941,1995,7319,680,782,18,37,2,22,11,2
"711","2020-03-14",1,9,75,48,6197,0.934323059544941,1995,7319,680,782,12,49,6,28,6,6
"712","2020-03-15",5,9,103,76,6197,0.934323059544941,1995,7319,680,782,25,74,38,66,15,38
"713","2020-03-16",8,9,113,99,6197,0.934323059544941,1995,7319,680,782,19,93,9,75,13,9
"714","2020-03-17",13,9,140,124,6197,0.934323059544941,1995,7319,680,782,21,114,9,84,17,9
"715","2020-03-18",15,9,150,168,6197,0.934323059544941,1995,7319,680,782,36,150,19,103,33,19
"716","2020-03-19",23,9,155,207,6197,0.934323059544941,1995,7319,680,782,39,189,22,125,31,22
"717","2020-03-20",29,9,135,249,6197,0.934323059544941,1995,7319,680,782,41,230,21,146,33,21
"718","2020-03-21",45,9,128,290,6197,0.934323059544941,1995,7319,680,782,47,277,21,167,41,21
"719","2020-03-22",75,9,120,334,6197,0.934323059544941,1995,7319,680,782,49,326,59,226,43,59
"720","2020-03-23",78,9,121,389,6197,0.934323059544941,1995,7319,680,782,63,389,34,260,56,34
"721","2020-03-24",78,9,126,455,6197,0.934323059544941,1995,7319,680,782,71,460,16,276,66,16
"722","2020-03-25",86,9,119,486,6197,0.934323059544941,1995,7319,680,782,65,525,17,293,61,17
"723","2020-03-26",96,9,139,553,6197,0.934323059544941,1995,7319,680,782,77,602,42,335,74,42
"724","2020-03-27",154,9,140,608,6197,0.934323059544941,1995,7319,680,782,100,702,29,364,94,29
"725","2020-03-28",182,9,130,682,6197,0.934323059544941,1995,7319,680,782,105,807,24,388,99,24
"726","2020-03-29",195,9,141,738,6197,0.934323059544941,1995,7319,680,782,110,917,4,392,100,4
"727","2020-03-30",213,9,138,792,6197,0.934323059544941,1995,7319,680,782,88,1005,10,402,81,10
"728","2020-03-31",218,9,157,863,6197,0.934323059544941,1995,7319,680,782,120,1125,6,408,115,6
"729","2020-04-01",241,9,153,921,6197,0.934323059544941,1995,7319,680,782,106,1231,12,420,100,12
"730","2020-04-02",249,9,119,996,6197,0.934323059544941,1995,7319,680,782,121,1352,55,475,116,55
"731","2020-04-03",304,9,109,1088,6197,0.934323059544941,1995,7319,680,782,160,1512,51,526,151,51
"732","2020-04-04",328,9,123,1145,6197,0.934323059544941,1995,7319,680,782,134,1646,34,560,126,34
"733","2020-04-05",301,9,166,1243,6197,0.934323059544941,1995,7319,680,782,146,1792,56,616,140,56
"734","2020-04-06",313,9,188,1323,6197,0.934323059544941,1995,7319,680,782,142,1934,59,675,133,59
"735","2020-04-07",334,9,187,1372,6197,0.934323059544941,1995,7319,680,782,130,2064,41,716,125,41
"736","2020-04-08",347,9,197,1433,6197,0.934323059544941,1995,7319,680,782,177,2241,24,740,171,24
"737","2020-04-09",384,9,205,1506,6197,0.934323059544941,1995,7319,680,782,131,2372,29,769,125,29
"738","2020-04-10",504,9,203,1552,6197,0.934323059544941,1995,7319,680,782,196,2568,43,812,184,43
"739","2020-04-11",508,9,203,1610,6197,0.934323059544941,1995,7319,680,782,135,2703,65,877,128,65
"740","2020-04-12",511,9,195,1703,6197,0.934323059544941,1995,7319,680,782,148,2851,35,912,142,35
"741","2020-04-13",521,9,222,1735,6197,0.934323059544941,1995,7319,680,782,147,2998,15,927,142,15
"742","2020-04-14",521,9,235,1791,6197,0.934323059544941,1995,7319,680,782,142,3140,15,942,137,15
"743","2020-04-15",531,9,247,1810,6197,0.934323059544941,1995,7319,680,782,129,3269,9,951,123,9
"744","2020-04-16",529,9,240,1834,6197,0.934323059544941,1995,7319,680,782,146,3415,12,963,141,12
"745","2020-04-17",596,9,206,1830,6197,0.934323059544941,1995,7319,680,782,127,3542,38,1001,118,38
"746","2020-04-18",629,9,194,1791,6197,0.934323059544941,1995,7319,680,782,113,3655,48,1049,107,48
"747","2020-04-19",576,9,185,1785,6197,0.934323059544941,1995,7319,680,782,110,3765,74,1123,104,74
"748","2020-04-20",572,9,143,1771,6197,0.934323059544941,1995,7319,680,782,119,3884,54,1177,117,54
"749","2020-04-21",578,9,124,1734,6197,0.934323059544941,1995,7319,680,782,128,4012,27,1204,126,27
"750","2020-04-22",584,9,120,1697,6197,0.934323059544941,1995,7319,680,782,94,4106,22,1226,92,22
"751","2020-04-23",582,9,164,1652,6197,0.934323059544941,1995,7319,680,782,95,4201,31,1257,90,31
"752","2020-04-24",610,9,190,1561,6197,0.934323059544941,1995,7319,680,782,107,4308,19,1276,102,19
"753","2020-04-25",576,9,221,1510,6197,0.934323059544941,1995,7319,680,782,73,4381,15,1291,70,15
"754","2020-04-26",520,9,239,1412,6197,0.934323059544941,1995,7319,680,782,67,4448,15,1306,65,15
"755","2020-04-27",506,9,237,1339,6197,0.934323059544941,1995,7319,680,782,93,4541,6,1312,89,6
"756","2020-04-28",482,9,221,1257,6197,0.934323059544941,1995,7319,680,782,74,4615,24,1336,68,24
"757","2020-04-29",469,9,192,1178,6197,0.934323059544941,1995,7319,680,782,68,4683,57,1393,65,57
"758","2020-04-30",463,9,168,1100,6197,0.934323059544941,1995,7319,680,782,57,4740,48,1441,55,48
"759","2020-05-01",401,9,160,1026,6197,0.934323059544941,1995,7319,680,782,65,4805,67,1508,60,67
"760","2020-05-02",414,9,191,944,6197,0.934323059544941,1995,7319,680,782,47,4852,73,1581,42,73
"761","2020-05-03",390,9,198,874,6197,0.934323059544941,1995,7319,680,782,51,4903,40,1621,49,40
"762","2020-05-04",364,9,214,819,6197,0.934323059544941,1995,7319,680,782,59,4962,17,1638,55,17
"763","2020-05-05",342,9,226,731,6197,0.934323059544941,1995,7319,680,782,44,5006,10,1648,42,10
"764","2020-05-06",315,9,203,665,6197,0.934323059544941,1995,7319,680,782,51,5057,45,1693,47,45
"765","2020-05-07",288,9,176,592,6197,0.934323059544941,1995,7319,680,782,27,5084,30,1723,25,30
"766","2020-05-08",250,9,147,537,6197,0.934323059544941,1995,7319,680,782,34,5118,62,1785,30,62
"767","2020-05-09",228,9,139,475,6197,0.934323059544941,1995,7319,680,782,44,5162,37,1822,41,37
"768","2020-05-10",205,9,159,452,6197,0.934323059544941,1995,7319,680,782,30,5192,28,1850,26,28
"769","2020-05-11",192,9,203,420,6197,0.934323059544941,1995,7319,680,782,19,5211,58,1908,17,58
"770","2020-05-12",183,9,241,393,6197,0.934323059544941,1995,7319,680,782,24,5235,33,1941,22,33
"771","2020-05-13",174,9,236,370,6197,0.934323059544941,1995,7319,680,782,35,5270,31,1972,26,31
"772","2020-05-14",163,9,234,356,6197,0.934323059544941,1995,7319,680,782,23,5293,22,1994,20,22
"773","2020-05-15",143,9,222,332,6197,0.934323059544941,1995,7319,680,782,17,5310,30,2024,16,30
"774","2020-05-16",122,9,216,312,6197,0.934323059544941,1995,7319,680,782,20,5330,44,2068,17,44
"775","2020-05-17",111,9,195,281,6197,0.934323059544941,1995,7319,680,782,11,5341,27,2095,10,27
"776","2020-05-18",102,9,170,262,6197,0.934323059544941,1995,7319,680,782,14,5355,15,2110,11,15
"777","2020-05-19",94,9,164,263,6197,0.934323059544941,1995,7319,680,782,12,5367,15,2125,11,15
"778","2020-05-20",89,9,188,243,6197,0.934323059544941,1995,7319,680,782,14,5381,18,2143,14,18
"779","2020-05-21",85,9,196,227,6197,0.934323059544941,1995,7319,680,782,19,5400,8,2151,18,8
"780","2020-05-22",81,9,203,221,6197,0.934323059544941,1995,7319,680,782,13,5413,14,2165,10,14
"781","2020-05-23",87,9,217,198,6197,0.934323059544941,1995,7319,680,782,10,5423,37,2202,8,37
"782","2020-05-24",89,9,254,191,6197,0.934323059544941,1995,7319,680,782,10,5433,20,2222,5,20
"783","2020-05-25",85,9,234,172,6197,0.934323059544941,1995,7319,680,782,13,5446,11,2233,9,11
"784","2020-05-26",80,9,225,162,6197,0.934323059544941,1995,7319,680,782,9,5455,12,2245,7,12
"785","2020-05-27",77,9,194,153,6197,0.934323059544941,1995,7319,680,782,10,5465,42,2287,8,42
"786","2020-05-28",71,9,204,139,6197,0.934323059544941,1995,7319,680,782,6,5471,33,2320,5,33
"787","2020-05-29",71,9,208,129,6197,0.934323059544941,1995,7319,680,782,8,5479,16,2336,5,16
"788","2020-05-30",61,9,215,123,6197,0.934323059544941,1995,7319,680,782,6,5485,19,2355,5,19
"789","2020-05-31",44,9,183,128,6197,0.934323059544941,1995,7319,680,782,8,5493,29,2384,6,29
"790","2020-06-01",41,9,155,120,6197,0.934323059544941,1995,7319,680,782,6,5499,22,2406,5,22
"791","2020-06-02",40,9,171,111,6197,0.934323059544941,1995,7319,680,782,6,5505,16,2422,3,16
"792","2020-06-03",39,9,152,94,6197,0.934323059544941,1995,7319,680,782,1,5506,14,2436,1,14
"793","2020-06-04",40,9,145,95,6197,0.934323059544941,1995,7319,680,782,6,5512,37,2473,6,37
"794","2020-06-05",33,9,173,92,6197,0.934323059544941,1995,7319,680,782,6,5518,33,2506,5,33
"795","2020-06-06",30,9,172,101,6197,0.934323059544941,1995,7319,680,782,10,5528,49,2555,6,49
"796","2020-06-07",34,9,158,104,6197,0.934323059544941,1995,7319,680,782,5,5533,25,2580,3,25
"797","2020-03-14",6,10,115,38,5871,0.896099471980923,2070,7164,636,816,31,104,18,45,9,18
"798","2020-03-15",7,10,138,50,5871,0.896099471980923,2070,7164,636,816,27,131,18,63,11,18
"799","2020-03-16",4,10,120,71,5871,0.896099471980923,2070,7164,636,816,41,172,21,84,17,21
"800","2020-03-17",8,10,104,89,5871,0.896099471980923,2070,7164,636,816,42,214,13,97,24,13
"801","2020-03-18",15,10,108,119,5871,0.896099471980923,2070,7164,636,816,57,271,17,114,35,17
"802","2020-03-19",16,10,116,142,5871,0.896099471980923,2070,7164,636,816,41,312,20,134,26,20
"803","2020-03-20",37,10,118,168,5871,0.896099471980923,2070,7164,636,816,71,383,12,146,48,12
"804","2020-03-21",41,10,122,201,5871,0.896099471980923,2070,7164,636,816,75,458,24,170,44,24
"805","2020-03-22",46,10,125,230,5871,0.896099471980923,2070,7164,636,816,79,537,25,195,59,25
"806","2020-03-23",48,10,137,264,5871,0.896099471980923,2070,7164,636,816,72,609,17,212,56,17
"807","2020-03-24",47,10,149,303,5871,0.896099471980923,2070,7164,636,816,92,701,9,221,66,9
"808","2020-03-25",54,10,146,334,5871,0.896099471980923,2070,7164,636,816,73,774,32,253,55,32
"809","2020-03-26",64,10,140,368,5871,0.896099471980923,2070,7164,636,816,94,868,16,269,74,16
"810","2020-03-27",87,10,145,406,5871,0.896099471980923,2070,7164,636,816,118,986,12,281,96,12
"811","2020-03-28",96,10,142,462,5871,0.896099471980923,2070,7164,636,816,107,1093,8,289,81,8
"812","2020-03-29",113,10,168,496,5871,0.896099471980923,2070,7164,636,816,86,1179,12,301,64,12
"813","2020-03-30",135,10,180,547,5871,0.896099471980923,2070,7164,636,816,124,1303,22,323,107,22
"814","2020-03-31",130,10,195,626,5871,0.896099471980923,2070,7164,636,816,135,1438,18,341,112,18
"815","2020-04-01",140,10,197,689,5871,0.896099471980923,2070,7164,636,816,110,1548,12,353,83,12
"816","2020-04-02",148,10,226,743,5871,0.896099471980923,2070,7164,636,816,119,1667,11,364,91,11
"817","2020-04-03",192,10,213,804,5871,0.896099471980923,2070,7164,636,816,108,1775,12,376,82,12
"818","2020-04-04",245,10,194,891,5871,0.896099471980923,2070,7164,636,816,121,1896,32,408,101,32
"819","2020-04-05",238,10,199,969,5871,0.896099471980923,2070,7164,636,816,132,2028,36,444,99,36
"820","2020-04-06",234,10,209,1071,5871,0.896099471980923,2070,7164,636,816,131,2159,29,473,108,29
"821","2020-04-07",251,10,214,1150,5871,0.896099471980923,2070,7164,636,816,134,2293,29,502,104,29
"822","2020-04-08",267,10,212,1256,5871,0.896099471980923,2070,7164,636,816,133,2426,15,517,119,15
"823","2020-04-09",302,10,181,1353,5871,0.896099471980923,2070,7164,636,816,137,2563,12,529,117,12
"824","2020-04-10",402,10,195,1428,5871,0.896099471980923,2070,7164,636,816,129,2692,10,539,108,10
"825","2020-04-11",409,10,203,1539,5871,0.896099471980923,2070,7164,636,816,130,2822,28,567,113,28
"826","2020-04-12",463,10,182,1645,5871,0.896099471980923,2070,7164,636,816,127,2949,12,579,99,12
"827","2020-04-13",492,10,155,1660,5871,0.896099471980923,2070,7164,636,816,107,3056,12,591,92,12
"828","2020-04-14",510,10,158,1728,5871,0.896099471980923,2070,7164,636,816,101,3157,12,603,84,12
"829","2020-04-15",534,10,134,1810,5871,0.896099471980923,2070,7164,636,816,100,3257,29,632,87,29
"830","2020-04-16",543,10,147,1848,5871,0.896099471980923,2070,7164,636,816,113,3370,24,656,88,24
"831","2020-04-17",635,10,185,1837,5871,0.896099471980923,2070,7164,636,816,95,3465,19,675,75,19
"832","2020-04-18",679,10,201,1851,5871,0.896099471980923,2070,7164,636,816,101,3566,37,712,82,37
"833","2020-04-19",636,10,187,1849,5871,0.896099471980923,2070,7164,636,816,82,3648,22,734,61,22
"834","2020-04-20",622,10,199,1803,5871,0.896099471980923,2070,7164,636,816,78,3726,23,757,59,23
"835","2020-04-21",624,10,163,1773,5871,0.896099471980923,2070,7164,636,816,96,3822,25,782,74,25
"836","2020-04-22",617,10,155,1747,5871,0.896099471980923,2070,7164,636,816,82,3904,12,794,59,12
"837","2020-04-23",612,10,150,1722,5871,0.896099471980923,2070,7164,636,816,73,3977,22,816,56,22
"838","2020-04-24",614,10,196,1654,5871,0.896099471980923,2070,7164,636,816,95,4072,19,835,77,19
"839","2020-04-25",590,10,210,1557,5871,0.896099471980923,2070,7164,636,816,73,4145,33,868,56,33
"840","2020-04-26",543,10,191,1479,5871,0.896099471980923,2070,7164,636,816,64,4209,25,893,49,25
"841","2020-04-27",523,10,192,1427,5871,0.896099471980923,2070,7164,636,816,71,4280,8,901,52,8
"842","2020-04-28",499,10,215,1372,5871,0.896099471980923,2070,7164,636,816,55,4335,13,914,42,13
"843","2020-04-29",485,10,213,1270,5871,0.896099471980923,2070,7164,636,816,61,4396,10,924,43,10
"844","2020-04-30",479,10,215,1193,5871,0.896099471980923,2070,7164,636,816,59,4455,10,934,39,10
"845","2020-05-01",470,10,229,1111,5871,0.896099471980923,2070,7164,636,816,56,4511,8,942,40,8
"846","2020-05-02",440,10,212,1043,5871,0.896099471980923,2070,7164,636,816,44,4555,8,950,31,8
"847","2020-05-03",371,10,201,987,5871,0.896099471980923,2070,7164,636,816,54,4609,34,984,35,34
"848","2020-05-04",364,10,188,902,5871,0.896099471980923,2070,7164,636,816,58,4667,32,1016,35,32
"849","2020-05-05",357,10,160,818,5871,0.896099471980923,2070,7164,636,816,43,4710,9,1025,31,9
"850","2020-05-06",347,10,144,765,5871,0.896099471980923,2070,7164,636,816,42,4752,9,1034,25,9
"851","2020-05-07",320,10,154,703,5871,0.896099471980923,2070,7164,636,816,35,4787,19,1053,24,19
"852","2020-05-08",285,10,190,654,5871,0.896099471980923,2070,7164,636,816,36,4823,6,1059,27,6
"853","2020-05-09",273,10,195,607,5871,0.896099471980923,2070,7164,636,816,38,4861,7,1066,23,7
"854","2020-05-10",248,10,222,556,5871,0.896099471980923,2070,7164,636,816,38,4899,32,1098,24,32
"855","2020-05-11",224,10,240,517,5871,0.896099471980923,2070,7164,636,816,25,4924,19,1117,16,19
"856","2020-05-12",206,10,239,487,5871,0.896099471980923,2070,7164,636,816,32,4956,15,1132,22,15
"857","2020-05-13",197,10,211,445,5871,0.896099471980923,2070,7164,636,816,39,4995,9,1141,23,9
"858","2020-05-14",189,10,190,408,5871,0.896099471980923,2070,7164,636,816,32,5027,36,1177,18,36
"859","2020-05-15",152,10,192,369,5871,0.896099471980923,2070,7164,636,816,40,5067,19,1196,26,19
"860","2020-05-16",148,10,191,348,5871,0.896099471980923,2070,7164,636,816,27,5094,11,1207,18,11
"861","2020-05-17",129,10,185,311,5871,0.896099471980923,2070,7164,636,816,32,5126,32,1239,19,32
"862","2020-05-18",124,10,210,294,5871,0.896099471980923,2070,7164,636,816,25,5151,15,1254,12,15
"863","2020-05-19",120,10,198,274,5871,0.896099471980923,2070,7164,636,816,26,5177,23,1277,18,23
"864","2020-05-20",113,10,165,246,5871,0.896099471980923,2070,7164,636,816,25,5202,15,1292,13,15
"865","2020-05-21",105,10,154,239,5871,0.896099471980923,2070,7164,636,816,24,5226,24,1316,13,24
"866","2020-05-22",107,10,175,222,5871,0.896099471980923,2070,7164,636,816,18,5244,26,1342,11,26
"867","2020-05-23",114,10,164,206,5871,0.896099471980923,2070,7164,636,816,24,5268,36,1378,14,36
"868","2020-05-24",102,10,172,188,5871,0.896099471980923,2070,7164,636,816,35,5303,31,1409,23,31
"869","2020-05-25",98,10,171,181,5871,0.896099471980923,2070,7164,636,816,15,5318,26,1435,7,26
"870","2020-05-26",83,10,176,174,5871,0.896099471980923,2070,7164,636,816,15,5333,3,1438,11,3
"871","2020-05-27",71,10,169,154,5871,0.896099471980923,2070,7164,636,816,19,5352,34,1472,12,34
"872","2020-05-28",70,10,197,140,5871,0.896099471980923,2070,7164,636,816,14,5366,33,1505,11,33
"873","2020-05-29",65,10,202,133,5871,0.896099471980923,2070,7164,636,816,13,5379,13,1518,9,13
"874","2020-05-30",53,10,201,133,5871,0.896099471980923,2070,7164,636,816,12,5391,20,1538,7,20
"875","2020-05-31",47,10,194,122,5871,0.896099471980923,2070,7164,636,816,19,5410,7,1545,10,7
"876","2020-06-01",43,10,171,106,5871,0.896099471980923,2070,7164,636,816,18,5428,24,1569,12,24
"877","2020-06-02",44,10,167,106,5871,0.896099471980923,2070,7164,636,816,9,5437,16,1585,6,16
"878","2020-06-03",46,10,142,107,5871,0.896099471980923,2070,7164,636,816,18,5455,16,1601,11,16
"879","2020-06-04",41,10,139,96,5871,0.896099471980923,2070,7164,636,816,12,5467,15,1616,7,15
"880","2020-06-05",45,10,130,97,5871,0.896099471980923,2070,7164,636,816,12,5479,23,1639,7,23
"881","2020-06-06",38,10,122,90,5871,0.896099471980923,2070,7164,636,816,4,5483,15,1654,3,15
"882","2020-06-07",32,10,113,83,5871,0.896099471980923,2070,7164,636,816,5,5488,14,1668,4,14
"883","2020-03-13",1,11,57,102,6579,0.711506307949536,1995,7423,678,1032,39,122,24,48,2,24
"884","2020-03-14",12,11,75,146,6579,0.711506307949536,1995,7423,678,1032,43,165,22,70,8,22
"885","2020-03-15",14,11,98,185,6579,0.711506307949536,1995,7423,678,1032,44,209,22,92,12,22
"886","2020-03-16",19,11,132,242,6579,0.711506307949536,1995,7423,678,1032,66,275,17,109,31,17
"887","2020-03-17",31,11,131,312,6579,0.711506307949536,1995,7423,678,1032,57,332,37,146,29,37
"888","2020-03-18",43,11,116,391,6579,0.711506307949536,1995,7423,678,1032,64,396,49,195,25,49
"889","2020-03-19",54,11,95,485,6579,0.711506307949536,1995,7423,678,1032,76,472,57,252,43,57
"890","2020-03-20",88,11,122,568,6579,0.711506307949536,1995,7423,678,1032,78,550,46,298,44,46
"891","2020-03-21",107,11,112,667,6579,0.711506307949536,1995,7423,678,1032,79,629,58,356,56,58
"892","2020-03-22",139,11,109,761,6579,0.711506307949536,1995,7423,678,1032,107,736,65,421,50,65
"893","2020-03-23",158,11,99,868,6579,0.711506307949536,1995,7423,678,1032,82,818,54,475,52,54
"894","2020-03-24",172,11,125,965,6579,0.711506307949536,1995,7423,678,1032,108,926,43,518,74,43
"895","2020-03-25",203,11,142,1055,6579,0.711506307949536,1995,7423,678,1032,106,1032,34,552,60,34
"896","2020-03-26",228,11,132,1146,6579,0.711506307949536,1995,7423,678,1032,99,1131,46,598,70,46
"897","2020-03-27",298,11,158,1254,6579,0.711506307949536,1995,7423,678,1032,114,1245,52,650,73,53
"898","2020-03-28",358,11,154,1355,6579,0.711506307949536,1995,7423,678,1032,121,1366,53,703,80,53
"899","2020-03-29",389,11,177,1421,6579,0.711506307949536,1995,7423,678,1032,101,1467,47,750,59,47
"900","2020-03-30",400,11,173,1509,6579,0.711506307949536,1995,7423,678,1032,100,1567,39,789,71,39
"901","2020-03-31",407,11,190,1600,6579,0.711506307949536,1995,7423,678,1032,92,1659,43,832,68,43
"902","2020-04-01",429,11,210,1664,6579,0.711506307949536,1995,7423,678,1032,127,1786,47,879,84,47
"903","2020-04-02",446,11,205,1720,6579,0.711506307949536,1995,7423,678,1032,128,1914,40,919,96,40
"904","2020-04-03",613,11,221,1786,6579,0.711506307949536,1995,7423,678,1032,110,2024,43,962,74,43
"905","2020-04-04",620,11,245,1867,6579,0.711506307949536,1995,7423,678,1032,136,2160,36,998,94,36
"906","2020-04-05",562,11,248,1869,6579,0.711506307949536,1995,7423,678,1032,115,2275,27,1025,89,27
"907","2020-04-06",572,11,217,1872,6579,0.711506307949536,1995,7423,678,1032,125,2400,54,1079,90,54
"908","2020-04-07",579,11,190,1898,6579,0.711506307949536,1995,7423,678,1032,126,2526,67,1146,89,67
"909","2020-04-08",584,11,169,1915,6579,0.711506307949536,1995,7423,678,1032,116,2642,62,1208,84,62
"910","2020-04-09",608,11,168,1901,6579,0.711506307949536,1995,7423,678,1032,120,2762,45,1253,83,45
"911","2020-04-10",653,11,154,1903,6579,0.711506307949536,1995,7423,678,1032,113,2875,61,1314,72,61
"912","2020-04-11",682,11,140,1846,6579,0.711506307949536,1995,7423,678,1032,132,3007,36,1350,90,36
"913","2020-04-12",649,11,121,1820,6579,0.711506307949536,1995,7423,678,1032,103,3110,45,1395,59,45
"914","2020-04-13",630,11,118,1783,6579,0.711506307949536,1995,7423,678,1032,117,3227,48,1443,89,48
"915","2020-04-14",616,11,114,1751,6579,0.711506307949536,1995,7423,678,1032,113,3340,59,1502,82,59
"916","2020-04-15",606,11,107,1691,6579,0.711506307949536,1995,7423,678,1032,109,3449,51,1553,74,51
"917","2020-04-16",607,11,100,1622,6579,0.711506307949536,1995,7423,678,1032,87,3536,53,1606,50,53
"918","2020-04-17",598,11,94,1518,6579,0.711506307949536,1995,7423,678,1032,88,3624,64,1670,57,64
"919","2020-04-18",572,11,112,1439,6579,0.711506307949536,1995,7423,678,1032,83,3707,34,1704,47,34
"920","2020-04-19",522,11,164,1368,6579,0.711506307949536,1995,7423,678,1032,81,3788,54,1758,53,54
"921","2020-04-20",528,11,170,1271,6579,0.711506307949536,1995,7423,678,1032,80,3868,67,1825,47,67
"922","2020-04-21",504,11,142,1197,6579,0.711506307949536,1995,7423,678,1032,89,3957,55,1880,61,55
"923","2020-04-22",475,11,138,1128,6579,0.711506307949536,1995,7423,678,1032,63,4020,42,1922,35,42
"924","2020-04-23",429,11,120,1041,6579,0.711506307949536,1995,7423,678,1032,92,4112,45,1967,59,45
"925","2020-04-24",399,11,144,963,6579,0.711506307949536,1995,7423,678,1032,80,4192,43,2010,51,43
"926","2020-04-25",375,11,173,895,6579,0.711506307949536,1995,7423,678,1032,64,4256,53,2063,35,53
"927","2020-04-26",334,11,165,817,6579,0.711506307949536,1995,7423,678,1032,63,4319,44,2107,39,44
"928","2020-04-27",307,11,145,771,6579,0.711506307949536,1995,7423,678,1032,61,4380,45,2152,36,45
"929","2020-04-28",289,11,149,726,6579,0.711506307949536,1995,7423,678,1032,65,4445,48,2200,29,48
"930","2020-04-29",289,11,184,670,6579,0.711506307949536,1995,7423,678,1032,74,4519,42,2242,38,42
"931","2020-04-30",278,11,191,637,6579,0.711506307949536,1995,7423,678,1032,64,4583,30,2272,34,30
"932","2020-05-01",249,11,223,601,6579,0.711506307949536,1995,7423,678,1032,61,4644,48,2320,31,48
"933","2020-05-02",234,11,261,563,6579,0.711506307949536,1995,7423,678,1032,57,4701,41,2361,34,41
"934","2020-05-03",211,11,261,542,6579,0.711506307949536,1995,7423,678,1032,52,4753,44,2405,26,44
"935","2020-05-04",197,11,241,497,6579,0.711506307949536,1995,7423,678,1032,64,4817,37,2442,31,37
"936","2020-05-05",188,11,216,467,6579,0.711506307949536,1995,7423,678,1032,57,4874,40,2482,29,40
"937","2020-05-06",171,11,203,442,6579,0.711506307949536,1995,7423,678,1032,41,4915,41,2523,11,41
"938","2020-05-07",160,11,171,421,6579,0.711506307949536,1995,7423,678,1032,63,4978,51,2574,35,51
"939","2020-05-08",150,11,145,391,6579,0.711506307949536,1995,7423,678,1032,35,5013,47,2621,14,47
"940","2020-05-09",149,11,146,380,6579,0.711506307949536,1995,7423,678,1032,38,5051,40,2661,13,40
"941","2020-05-10",135,11,127,365,6579,0.711506307949536,1995,7423,678,1032,30,5081,70,2731,15,70
"942","2020-05-11",117,11,114,344,6579,0.711506307949536,1995,7423,678,1032,31,5112,49,2780,14,49
"943","2020-05-12",118,11,107,313,6579,0.711506307949536,1995,7423,678,1032,45,5157,45,2825,22,45
"944","2020-05-13",111,11,98,300,6579,0.711506307949536,1995,7423,678,1032,36,5193,40,2865,18,40
"945","2020-05-14",110,11,103,297,6579,0.711506307949536,1995,7423,678,1032,33,5226,39,2904,11,39
"946","2020-05-15",103,11,151,281,6579,0.711506307949536,1995,7423,678,1032,32,5258,37,2941,20,37
"947","2020-05-16",87,11,158,260,6579,0.711506307949536,1995,7423,678,1032,36,5294,26,2967,14,26
"948","2020-05-17",84,11,203,239,6579,0.711506307949536,1995,7423,678,1032,31,5325,35,3002,9,35
"949","2020-05-18",84,11,235,222,6579,0.711506307949536,1995,7423,678,1032,31,5356,44,3046,15,44
"950","2020-05-19",80,11,214,217,6579,0.711506307949536,1995,7423,678,1032,30,5386,35,3081,18,35
"951","2020-05-20",81,11,197,203,6579,0.711506307949536,1995,7423,678,1032,28,5414,32,3113,15,32
"952","2020-05-21",77,11,203,200,6579,0.711506307949536,1995,7423,678,1032,23,5437,40,3153,12,40
"953","2020-05-22",66,11,191,192,6579,0.711506307949536,1995,7423,678,1032,26,5463,56,3209,11,56
"954","2020-05-23",79,11,196,185,6579,0.711506307949536,1995,7423,678,1032,35,5498,35,3244,18,35
"955","2020-05-24",66,11,180,172,6579,0.711506307949536,1995,7423,678,1032,16,5514,21,3265,6,21
"956","2020-05-25",58,11,170,176,6579,0.711506307949536,1995,7423,678,1032,21,5535,24,3289,7,24
"957","2020-05-26",54,11,160,171,6579,0.711506307949536,1995,7423,678,1032,21,5556,21,3310,9,21
"958","2020-05-27",52,11,178,159,6579,0.711506307949536,1995,7423,678,1032,16,5572,25,3335,6,25
"959","2020-05-28",52,11,182,148,6579,0.711506307949536,1995,7423,678,1032,24,5596,36,3371,11,36
"960","2020-05-29",58,11,161,144,6579,0.711506307949536,1995,7423,678,1032,17,5613,41,3412,9,41
"961","2020-05-30",54,11,156,136,6579,0.711506307949536,1995,7423,678,1032,14,5627,40,3452,5,40
"962","2020-05-31",54,11,136,131,6579,0.711506307949536,1995,7423,678,1032,25,5652,48,3500,12,48
"963","2020-06-01",51,11,119,127,6579,0.711506307949536,1995,7423,678,1032,21,5673,45,3545,8,45
"964","2020-06-02",48,11,101,115,6579,0.711506307949536,1995,7423,678,1032,18,5691,38,3583,12,38
"965","2020-06-03",47,11,98,110,6579,0.711506307949536,1995,7423,678,1032,17,5708,54,3637,11,54
"966","2020-06-04",45,11,110,107,6579,0.711506307949536,1995,7423,678,1032,14,5722,42,3679,7,42
"967","2020-06-05",43,11,107,103,6579,0.711506307949536,1995,7423,678,1032,7,5729,56,3735,2,56
"968","2020-06-06",35,11,128,93,6579,0.711506307949536,1995,7423,678,1032,10,5739,48,3783,7,48
"969","2020-06-07",32,11,126,90,6579,0.711506307949536,1995,7423,678,1032,15,5754,57,3840,5,57
"970","2020-03-13",1,12,56,105,5367,0.475498416247438,1995,7684,637,746,25,59,26,44,8,26
"971","2020-03-14",4,12,75,142,5367,0.475498416247438,1995,7684,637,746,29,88,11,55,9,11
"972","2020-03-15",23,12,87,191,5367,0.475498416247438,1995,7684,637,746,27,115,28,83,11,28
"973","2020-03-16",27,12,86,256,5367,0.475498416247438,1995,7684,637,746,44,159,19,102,21,19
"974","2020-03-17",36,12,87,319,5367,0.475498416247438,1995,7684,637,746,33,192,32,134,20,32
"975","2020-03-18",46,12,99,366,5367,0.475498416247438,1995,7684,637,746,45,237,28,162,28,28
"976","2020-03-19",53,12,106,404,5367,0.475498416247438,1995,7684,637,746,34,271,33,195,21,33
"977","2020-03-20",78,12,107,454,5367,0.475498416247438,1995,7684,637,746,55,326,21,216,38,21
"978","2020-03-21",122,12,120,523,5367,0.475498416247438,1995,7684,637,746,54,380,32,248,33,32
"979","2020-03-22",126,12,121,576,5367,0.475498416247438,1995,7684,637,746,62,442,46,294,42,46
"980","2020-03-23",129,12,137,622,5367,0.475498416247438,1995,7684,637,746,50,492,29,323,36,29
"981","2020-03-24",147,12,134,663,5367,0.475498416247438,1995,7684,637,746,63,555,13,336,43,13
"982","2020-03-25",166,12,149,712,5367,0.475498416247438,1995,7684,637,746,73,628,10,346,51,10
"983","2020-03-26",182,12,147,744,5367,0.475498416247438,1995,7684,637,746,80,708,8,354,61,8
"984","2020-03-27",228,12,141,783,5367,0.475498416247438,1995,7684,637,746,66,774,14,368,50,14
"985","2020-03-28",216,12,142,818,5367,0.475498416247438,1995,7684,637,746,69,843,37,405,54,37
"986","2020-03-29",258,12,128,849,5367,0.475498416247438,1995,7684,637,746,88,931,19,424,66,19
"987","2020-03-30",271,12,130,877,5367,0.475498416247438,1995,7684,637,746,109,1040,19,443,81,19
"988","2020-03-31",266,12,145,873,5367,0.475498416247438,1995,7684,637,746,93,1133,29,472,72,29
"989","2020-04-01",273,12,152,905,5367,0.475498416247438,1995,7684,637,746,87,1220,23,495,66,23
"990","2020-04-02",289,12,147,926,5367,0.475498416247438,1995,7684,637,746,94,1314,40,535,70,40
"991","2020-04-03",342,12,143,912,5367,0.475498416247438,1995,7684,637,746,79,1393,51,586,65,51
"992","2020-04-04",354,12,141,920,5367,0.475498416247438,1995,7684,637,746,106,1499,50,636,88,50
"993","2020-04-05",326,12,118,906,5367,0.475498416247438,1995,7684,637,746,82,1581,36,672,64,36
"994","2020-04-06",329,12,133,896,5367,0.475498416247438,1995,7684,637,746,91,1672,21,693,74,21
"995","2020-04-07",313,12,148,881,5367,0.475498416247438,1995,7684,637,746,120,1792,10,703,99,10
"996","2020-04-08",310,12,150,879,5367,0.475498416247438,1995,7684,637,746,87,1879,16,719,67,16
"997","2020-04-09",299,12,182,894,5367,0.475498416247438,1995,7684,637,746,88,1967,45,764,68,45
"998","2020-04-10",308,12,202,903,5367,0.475498416247438,1995,7684,637,746,115,2082,20,784,101,20
"999","2020-04-11",315,12,199,923,5367,0.475498416247438,1995,7684,637,746,84,2166,15,799,72,15
"1000","2020-04-12",302,12,193,936,5367,0.475498416247438,1995,7684,637,746,96,2262,24,823,81,24
"1001","2020-04-13",295,12,176,944,5367,0.475498416247438,1995,7684,637,746,122,2384,37,860,97,37
"1002","2020-04-14",291,12,157,950,5367,0.475498416247438,1995,7684,637,746,85,2469,26,886,70,26
"1003","2020-04-15",291,12,160,958,5367,0.475498416247438,1995,7684,637,746,84,2553,33,919,65,33
"1004","2020-04-16",290,12,177,971,5367,0.475498416247438,1995,7684,637,746,97,2650,30,949,86,30
"1005","2020-04-17",302,12,178,968,5367,0.475498416247438,1995,7684,637,746,106,2756,22,971,87,22
"1006","2020-04-18",305,12,164,988,5367,0.475498416247438,1995,7684,637,746,101,2857,52,1023,87,52
"1007","2020-04-19",338,12,164,990,5367,0.475498416247438,1995,7684,637,746,89,2946,37,1060,57,37
"1008","2020-04-20",351,12,165,972,5367,0.475498416247438,1995,7684,637,746,72,3018,48,1108,51,48
"1009","2020-04-21",355,12,165,951,5367,0.475498416247438,1995,7684,637,746,92,3110,47,1155,73,47
"1010","2020-04-22",360,12,191,933,5367,0.475498416247438,1995,7684,637,746,78,3188,29,1184,60,29
"1011","2020-04-23",363,12,200,903,5367,0.475498416247438,1995,7684,637,746,57,3245,27,1211,45,27
"1012","2020-04-24",378,12,197,900,5367,0.475498416247438,1995,7684,637,746,91,3336,47,1258,73,47
"1013","2020-04-25",370,12,185,868,5367,0.475498416247438,1995,7684,637,746,88,3424,16,1274,70,16
"1014","2020-04-26",328,12,178,858,5367,0.475498416247438,1995,7684,637,746,78,3502,20,1294,58,20
"1015","2020-04-27",316,12,176,840,5367,0.475498416247438,1995,7684,637,746,83,3585,7,1301,68,7
"1016","2020-04-28",297,12,178,819,5367,0.475498416247438,1995,7684,637,746,73,3658,11,1312,58,11
"1017","2020-04-29",280,12,187,797,5367,0.475498416247438,1995,7684,637,746,64,3722,16,1328,45,16
"1018","2020-04-30",285,12,183,750,5367,0.475498416247438,1995,7684,637,746,56,3778,14,1342,45,14
"1019","2020-05-01",269,12,175,744,5367,0.475498416247438,1995,7684,637,746,49,3827,8,1350,41,8
"1020","2020-05-02",261,12,173,722,5367,0.475498416247438,1995,7684,637,746,59,3886,4,1354,42,4
"1021","2020-05-03",255,12,178,706,5367,0.475498416247438,1995,7684,637,746,56,3942,9,1363,43,9
"1022","2020-05-04",250,12,185,694,5367,0.475498416247438,1995,7684,637,746,60,4002,33,1396,48,33
"1023","2020-05-05",241,12,215,683,5367,0.475498416247438,1995,7684,637,746,50,4052,57,1453,38,57
"1024","2020-05-06",245,12,223,659,5367,0.475498416247438,1995,7684,637,746,40,4092,27,1480,31,27
"1025","2020-05-07",236,12,203,653,5367,0.475498416247438,1995,7684,637,746,51,4143,54,1534,33,54
"1026","2020-05-08",252,12,198,626,5367,0.475498416247438,1995,7684,637,746,52,4195,23,1557,40,23
"1027","2020-05-09",265,12,202,606,5367,0.475498416247438,1995,7684,637,746,43,4238,42,1599,30,42
"1028","2020-05-10",221,12,193,590,5367,0.475498416247438,1995,7684,637,746,48,4286,21,1620,37,21
"1029","2020-05-11",204,12,190,559,5367,0.475498416247438,1995,7684,637,746,55,4341,13,1633,41,13
"1030","2020-05-12",186,12,202,541,5367,0.475498416247438,1995,7684,637,746,48,4389,21,1654,32,21
"1031","2020-05-13",178,12,177,520,5367,0.475498416247438,1995,7684,637,746,40,4429,17,1671,33,17
"1032","2020-05-14",173,12,181,496,5367,0.475498416247438,1995,7684,637,746,34,4463,16,1687,24,16
"1033","2020-05-15",162,12,190,467,5367,0.475498416247438,1995,7684,637,746,31,4494,39,1726,24,39
"1034","2020-05-16",167,12,186,454,5367,0.475498416247438,1995,7684,637,746,40,4534,16,1742,24,16
"1035","2020-05-17",154,12,186,449,5367,0.475498416247438,1995,7684,637,746,34,4568,26,1768,23,26
"1036","2020-05-18",145,12,184,433,5367,0.475498416247438,1995,7684,637,746,33,4601,49,1817,20,49
"1037","2020-05-19",145,12,184,435,5367,0.475498416247438,1995,7684,637,746,35,4636,24,1841,24,24
"1038","2020-05-20",143,12,178,435,5367,0.475498416247438,1995,7684,637,746,31,4667,10,1851,21,10
"1039","2020-05-21",142,12,157,415,5367,0.475498416247438,1995,7684,637,746,27,4694,11,1862,20,11
"1040","2020-05-22",134,12,177,404,5367,0.475498416247438,1995,7684,637,746,21,4715,10,1872,13,10
"1041","2020-05-23",118,12,170,397,5367,0.475498416247438,1995,7684,637,746,27,4742,15,1887,17,15
"1042","2020-05-24",124,12,162,377,5367,0.475498416247438,1995,7684,637,746,22,4764,57,1944,15,57
"1043","2020-05-25",124,12,183,369,5367,0.475498416247438,1995,7684,637,746,32,4796,40,1984,24,40
"1044","2020-05-26",128,12,192,353,5367,0.475498416247438,1995,7684,637,746,29,4825,20,2004,23,20
"1045","2020-05-27",122,12,185,334,5367,0.475498416247438,1995,7684,637,746,22,4847,36,2040,15,36
"1046","2020-05-28",112,12,204,316,5367,0.475498416247438,1995,7684,637,746,17,4864,24,2064,8,24
"1047","2020-05-29",109,12,217,301,5367,0.475498416247438,1995,7684,637,746,23,4887,20,2084,18,20
"1048","2020-05-30",107,12,209,298,5367,0.475498416247438,1995,7684,637,746,9,4896,30,2114,5,30
"1049","2020-05-31",106,12,214,267,5367,0.475498416247438,1995,7684,637,746,19,4915,28,2142,13,28
"1050","2020-06-01",98,12,204,260,5367,0.475498416247438,1995,7684,637,746,12,4927,28,2170,11,28
"1051","2020-06-02",86,12,196,257,5367,0.475498416247438,1995,7684,637,746,7,4934,25,2195,6,25
"1052","2020-06-03",85,12,199,247,5367,0.475498416247438,1995,7684,637,746,12,4946,44,2239,9,44
"1053","2020-06-04",84,12,192,239,5367,0.475498416247438,1995,7684,637,746,12,4958,32,2271,9,32
"1054","2020-06-05",82,12,173,248,5367,0.475498416247438,1995,7684,637,746,10,4968,26,2297,6,26
"1055","2020-06-06",79,12,166,239,5367,0.475498416247438,1995,7684,637,746,21,4989,16,2313,19,16
"1056","2020-06-07",60,12,159,231,5367,0.475498416247438,1995,7684,637,746,8,4997,10,2323,7,10
"1057","2020-03-14",4,13,64,56,6019,0.863432463864429,2055,7154,531,651,27,100,4,20,10,4
"1058","2020-03-15",7,13,75,77,6019,0.863432463864429,2055,7154,531,651,38,138,1,21,13,1
"1059","2020-03-16",6,13,89,97,6019,0.863432463864429,2055,7154,531,651,31,169,2,23,11,2
"1060","2020-03-17",7,13,88,125,6019,0.863432463864429,2055,7154,531,651,48,217,3,26,25,3
"1061","2020-03-18",14,13,91,170,6019,0.863432463864429,2055,7154,531,651,49,266,NA,NA,20,NA
"1062","2020-03-19",19,13,87,202,6019,0.863432463864429,2055,7154,531,651,59,325,1,27,28,1
"1063","2020-03-20",38,13,98,250,6019,0.863432463864429,2055,7154,531,651,55,380,4,31,27,4
"1064","2020-03-21",59,13,95,301,6019,0.863432463864429,2055,7154,531,651,51,431,4,35,31,4
"1065","2020-03-22",76,13,94,340,6019,0.863432463864429,2055,7154,531,651,65,496,5,40,40,5
"1066","2020-03-23",79,13,99,390,6019,0.863432463864429,2055,7154,531,651,83,579,3,43,52,3
"1067","2020-03-24",81,13,117,453,6019,0.863432463864429,2055,7154,531,651,88,667,5,48,65,5
"1068","2020-03-25",85,13,138,512,6019,0.863432463864429,2055,7154,531,651,75,742,3,51,54,3
"1069","2020-03-26",100,13,152,568,6019,0.863432463864429,2055,7154,531,651,68,810,4,55,46,4
"1070","2020-03-27",143,13,147,639,6019,0.863432463864429,2055,7154,531,651,84,894,13,68,63,13
"1071","2020-03-28",180,13,152,713,6019,0.863432463864429,2055,7154,531,651,94,988,4,72,66,4
"1072","2020-03-29",179,13,179,789,6019,0.863432463864429,2055,7154,531,651,88,1076,24,96,65,24
"1073","2020-03-30",197,13,190,880,6019,0.863432463864429,2055,7154,531,651,118,1194,10,106,86,10
"1074","2020-03-31",217,13,193,962,6019,0.863432463864429,2055,7154,531,651,97,1291,10,116,65,10
"1075","2020-04-01",241,13,190,1058,6019,0.863432463864429,2055,7154,531,651,93,1384,29,145,72,29
"1076","2020-04-02",264,13,185,1162,6019,0.863432463864429,2055,7154,531,651,109,1493,10,155,81,10
"1077","2020-04-03",339,13,182,1242,6019,0.863432463864429,2055,7154,531,651,91,1584,6,161,76,6
"1078","2020-04-04",386,13,180,1327,6019,0.863432463864429,2055,7154,531,651,101,1685,13,174,82,13
"1079","2020-04-05",399,13,174,1456,6019,0.863432463864429,2055,7154,531,651,89,1774,17,191,65,17
"1080","2020-04-06",392,13,175,1536,6019,0.863432463864429,2055,7154,531,651,108,1882,13,204,78,13
"1081","2020-04-07",419,13,180,1636,6019,0.863432463864429,2055,7154,531,651,99,1981,17,221,72,17
"1082","2020-04-08",445,13,187,1732,6019,0.863432463864429,2055,7154,531,651,102,2083,15,236,84,15
"1083","2020-04-09",486,13,200,1758,6019,0.863432463864429,2055,7154,531,651,105,2188,6,242,78,6
"1084","2020-04-10",635,13,190,1813,6019,0.863432463864429,2055,7154,531,651,88,2276,11,253,69,11
"1085","2020-04-11",628,13,198,1842,6019,0.863432463864429,2055,7154,531,651,110,2386,12,265,80,12
"1086","2020-04-12",599,13,223,1812,6019,0.863432463864429,2055,7154,531,651,79,2465,15,280,51,15
"1087","2020-04-13",612,13,238,1833,6019,0.863432463864429,2055,7154,531,651,84,2549,9,289,58,9
"1088","2020-04-14",613,13,237,1834,6019,0.863432463864429,2055,7154,531,651,115,2664,15,304,85,15
"1089","2020-04-15",614,13,214,1824,6019,0.863432463864429,2055,7154,531,651,103,2767,18,322,74,18
"1090","2020-04-16",601,13,200,1827,6019,0.863432463864429,2055,7154,531,651,86,2853,15,337,60,15
"1091","2020-04-17",616,13,193,1769,6019,0.863432463864429,2055,7154,531,651,93,2946,27,364,66,27
"1092","2020-04-18",643,13,194,1705,6019,0.863432463864429,2055,7154,531,651,91,3037,20,384,59,20
"1093","2020-04-19",583,13,186,1643,6019,0.863432463864429,2055,7154,531,651,90,3127,17,401,67,17
"1094","2020-04-20",582,13,184,1597,6019,0.863432463864429,2055,7154,531,651,65,3192,10,411,43,10
"1095","2020-04-21",564,13,175,1549,6019,0.863432463864429,2055,7154,531,651,85,3277,13,424,63,13
"1096","2020-04-22",559,13,188,1447,6019,0.863432463864429,2055,7154,531,651,93,3370,13,437,63,13
"1097","2020-04-23",542,13,201,1405,6019,0.863432463864429,2055,7154,531,651,89,3459,30,467,68,30
"1098","2020-04-24",530,13,209,1349,6019,0.863432463864429,2055,7154,531,651,67,3526,17,484,50,17
"1099","2020-04-25",508,13,243,1271,6019,0.863432463864429,2055,7154,531,651,65,3591,20,504,44,20
"1100","2020-04-26",473,13,263,1222,6019,0.863432463864429,2055,7154,531,651,65,3656,20,524,40,20
"1101","2020-04-27",450,13,263,1167,6019,0.863432463864429,2055,7154,531,651,68,3724,24,548,47,24
"1102","2020-04-28",438,13,274,1084,6019,0.863432463864429,2055,7154,531,651,83,3807,16,564,60,16
"1103","2020-04-29",424,13,249,1007,6019,0.863432463864429,2055,7154,531,651,82,3889,12,576,55,12
"1104","2020-04-30",406,13,242,935,6019,0.863432463864429,2055,7154,531,651,78,3967,15,591,56,15
"1105","2020-05-01",373,13,236,850,6019,0.863432463864429,2055,7154,531,651,46,4013,23,614,28,23
"1106","2020-05-02",341,13,242,787,6019,0.863432463864429,2055,7154,531,651,71,4084,24,638,39,24
"1107","2020-05-03",316,13,249,734,6019,0.863432463864429,2055,7154,531,651,61,4145,14,652,43,14
"1108","2020-05-04",283,13,226,676,6019,0.863432463864429,2055,7154,531,651,62,4207,20,672,44,20
"1109","2020-05-05",256,13,218,603,6019,0.863432463864429,2055,7154,531,651,61,4268,25,697,45,25
"1110","2020-05-06",237,13,227,562,6019,0.863432463864429,2055,7154,531,651,59,4327,25,722,40,25
"1111","2020-05-07",214,13,219,503,6019,0.863432463864429,2055,7154,531,651,40,4367,20,742,27,20
"1112","2020-05-08",165,13,224,467,6019,0.863432463864429,2055,7154,531,651,41,4408,31,773,26,31
"1113","2020-05-09",174,13,231,439,6019,0.863432463864429,2055,7154,531,651,42,4450,20,793,26,20
"1114","2020-05-10",168,13,260,403,6019,0.863432463864429,2055,7154,531,651,38,4488,28,821,30,28
"1115","2020-05-11",170,13,266,375,6019,0.863432463864429,2055,7154,531,651,33,4521,20,841,23,20
"1116","2020-05-12",167,13,243,350,6019,0.863432463864429,2055,7154,531,651,39,4560,25,866,22,25
"1117","2020-05-13",154,13,224,338,6019,0.863432463864429,2055,7154,531,651,43,4603,30,896,34,30
"1118","2020-05-14",151,13,232,318,6019,0.863432463864429,2055,7154,531,651,35,4638,22,918,20,22
"1119","2020-05-15",141,13,236,311,6019,0.863432463864429,2055,7154,531,651,38,4676,24,942,23,24
"1120","2020-05-16",119,13,226,288,6019,0.863432463864429,2055,7154,531,651,29,4705,22,964,14,22
"1121","2020-05-17",105,13,220,269,6019,0.863432463864429,2055,7154,531,651,39,4744,21,985,25,21
"1122","2020-05-18",93,13,228,247,6019,0.863432463864429,2055,7154,531,651,39,4783,11,996,20,11
"1123","2020-05-19",87,13,218,244,6019,0.863432463864429,2055,7154,531,651,31,4814,18,1014,21,18
"1124","2020-05-20",87,13,217,219,6019,0.863432463864429,2055,7154,531,651,41,4855,21,1035,34,21
"1125","2020-05-21",86,13,214,212,6019,0.863432463864429,2055,7154,531,651,16,4871,22,1057,11,22
"1126","2020-05-22",75,13,222,192,6019,0.863432463864429,2055,7154,531,651,18,4889,32,1089,10,32
"1127","2020-05-23",76,13,218,181,6019,0.863432463864429,2055,7154,531,651,24,4913,15,1104,10,15
"1128","2020-05-24",66,13,213,168,6019,0.863432463864429,2055,7154,531,651,20,4933,17,1121,13,17
"1129","2020-05-25",61,13,216,151,6019,0.863432463864429,2055,7154,531,651,19,4952,15,1136,10,15
"1130","2020-05-26",63,13,188,138,6019,0.863432463864429,2055,7154,531,651,31,4983,14,1150,20,14
"1131","2020-05-27",57,13,204,119,6019,0.863432463864429,2055,7154,531,651,30,5013,6,1156,17,6
"1132","2020-05-28",51,13,195,106,6019,0.863432463864429,2055,7154,531,651,16,5029,24,1180,6,24
"1133","2020-05-29",48,13,203,93,6019,0.863432463864429,2055,7154,531,651,21,5050,10,1190,11,10
"1134","2020-05-30",41,13,212,85,6019,0.863432463864429,2055,7154,531,651,15,5065,4,1194,9,4
"1135","2020-05-31",40,13,206,76,6019,0.863432463864429,2055,7154,531,651,16,5081,14,1208,8,14
"1136","2020-06-01",38,13,205,70,6019,0.863432463864429,2055,7154,531,651,22,5103,16,1224,12,16
"1137","2020-06-02",28,13,211,66,6019,0.863432463864429,2055,7154,531,651,8,5111,17,1241,6,17
"1138","2020-06-03",26,13,218,63,6019,0.863432463864429,2055,7154,531,651,18,5129,17,1258,10,17
"1139","2020-06-04",26,13,222,57,6019,0.863432463864429,2055,7154,531,651,11,5140,11,1269,5,11
"1140","2020-06-05",24,13,199,57,6019,0.863432463864429,2055,7154,531,651,10,5150,14,1283,4,14
"1141","2020-06-06",22,13,197,54,6019,0.863432463864429,2055,7154,531,651,8,5158,7,1290,5,7
"1142","2020-06-07",21,13,186,53,6019,0.863432463864429,2055,7154,531,651,11,5169,4,1294,6,4
"1143","2020-03-08",1,14,0,0,6118,0.861556064073226,2025,7288,676,1199,NA,NA,NA,NA,NA,NA
"1144","2020-03-09",1,14,0,0,6118,0.861556064073226,2025,7288,676,1199,NA,NA,NA,NA,NA,NA
"1145","2020-03-10",0,14,0,0,6118,0.861556064073226,2025,7288,676,1199,NA,NA,1,1,NA,1
"1146","2020-03-11",0,14,0,0,6118,0.861556064073226,2025,7288,676,1199,21,21,10,11,1,10
"1147","2020-03-12",0,14,0,0,6118,0.861556064073226,2025,7288,676,1199,27,48,26,37,4,26
"1148","2020-03-13",1,14,77,67,6118,0.861556064073226,2025,7288,676,1199,33,81,25,62,13,25
"1149","2020-03-14",4,14,75,94,6118,0.861556064073226,2025,7288,676,1199,36,117,22,84,17,22
"1150","2020-03-15",16,14,66,133,6118,0.861556064073226,2025,7288,676,1199,43,160,15,99,26,15
"1151","2020-03-16",21,14,93,176,6118,0.861556064073226,2025,7288,676,1199,47,207,6,105,34,6
"1152","2020-03-17",14,14,114,207,6118,0.861556064073226,2025,7288,676,1199,53,260,9,114,34,9
"1153","2020-03-18",18,14,119,263,6118,0.861556064073226,2025,7288,676,1199,35,295,3,117,21,3
"1154","2020-03-19",33,14,108,311,6118,0.861556064073226,2025,7288,676,1199,45,340,6,123,25,6
"1155","2020-03-20",62,14,100,380,6118,0.861556064073226,2025,7288,676,1199,70,410,27,150,43,27
"1156","2020-03-21",80,14,107,449,6118,0.861556064073226,2025,7288,676,1199,62,472,16,166,43,16
"1157","2020-03-22",106,14,114,504,6118,0.861556064073226,2025,7288,676,1199,77,549,7,173,60,7
"1158","2020-03-23",113,14,134,566,6118,0.861556064073226,2025,7288,676,1199,74,623,11,184,56,11
"1159","2020-03-24",123,14,138,629,6118,0.861556064073226,2025,7288,676,1199,98,721,11,195,69,11
"1160","2020-03-25",139,14,139,704,6118,0.861556064073226,2025,7288,676,1199,61,782,37,232,46,37
"1161","2020-03-26",155,14,151,780,6118,0.861556064073226,2025,7288,676,1199,68,850,20,252,59,20
"1162","2020-03-27",209,14,174,837,6118,0.861556064073226,2025,7288,676,1199,98,948,39,291,82,39
"1163","2020-03-28",236,14,169,908,6118,0.861556064073226,2025,7288,676,1199,98,1046,41,332,78,41
"1164","2020-03-29",260,14,171,974,6118,0.861556064073226,2025,7288,676,1199,107,1153,31,363,98,31
"1165","2020-03-30",271,14,182,1056,6118,0.861556064073226,2025,7288,676,1199,109,1262,26,389,91,26
"1166","2020-03-31",278,14,190,1119,6118,0.861556064073226,2025,7288,676,1199,76,1338,6,395,64,6
"1167","2020-04-01",295,14,200,1180,6118,0.861556064073226,2025,7288,676,1199,111,1449,10,405,95,10
"1168","2020-04-02",308,14,177,1239,6118,0.861556064073226,2025,7288,676,1199,119,1568,8,413,100,8
"1169","2020-04-03",381,14,158,1316,6118,0.861556064073226,2025,7288,676,1199,104,1672,8,421,80,8
"1170","2020-04-04",406,14,166,1422,6118,0.861556064073226,2025,7288,676,1199,110,1782,32,453,93,32
"1171","2020-04-05",403,14,152,1462,6118,0.861556064073226,2025,7288,676,1199,113,1895,27,480,89,27
"1172","2020-04-06",417,14,144,1528,6118,0.861556064073226,2025,7288,676,1199,98,1993,12,492,73,12
"1173","2020-04-07",420,14,177,1539,6118,0.861556064073226,2025,7288,676,1199,94,2087,15,507,74,15
"1174","2020-04-08",427,14,182,1588,6118,0.861556064073226,2025,7288,676,1199,98,2185,53,560,83,53
"1175","2020-04-09",439,14,183,1628,6118,0.861556064073226,2025,7288,676,1199,114,2299,46,606,95,46
"1176","2020-04-10",542,14,181,1647,6118,0.861556064073226,2025,7288,676,1199,102,2401,27,633,85,27
"1177","2020-04-11",577,14,159,1651,6118,0.861556064073226,2025,7288,676,1199,108,2509,18,651,89,18
"1178","2020-04-12",512,14,160,1653,6118,0.861556064073226,2025,7288,676,1199,91,2600,59,710,75,59
"1179","2020-04-13",512,14,183,1638,6118,0.861556064073226,2025,7288,676,1199,86,2686,49,759,64,49
"1180","2020-04-14",510,14,185,1664,6118,0.861556064073226,2025,7288,676,1199,93,2779,29,788,73,29
"1181","2020-04-15",526,14,184,1644,6118,0.861556064073226,2025,7288,676,1199,87,2866,18,806,67,18
"1182","2020-04-16",532,14,174,1585,6118,0.861556064073226,2025,7288,676,1199,81,2947,9,815,63,9
"1183","2020-04-17",551,14,186,1552,6118,0.861556064073226,2025,7288,676,1199,98,3045,15,830,75,15
"1184","2020-04-18",532,14,171,1523,6118,0.861556064073226,2025,7288,676,1199,92,3137,22,852,71,22
"1185","2020-04-19",502,14,199,1515,6118,0.861556064073226,2025,7288,676,1199,67,3204,11,863,55,11
"1186","2020-04-20",496,14,188,1485,6118,0.861556064073226,2025,7288,676,1199,98,3302,10,873,71,10
"1187","2020-04-21",506,14,177,1446,6118,0.861556064073226,2025,7288,676,1199,64,3366,12,885,46,12
"1188","2020-04-22",484,14,156,1376,6118,0.861556064073226,2025,7288,676,1199,77,3443,8,893,59,8
"1189","2020-04-23",467,14,179,1329,6118,0.861556064073226,2025,7288,676,1199,68,3511,32,925,52,32
"1190","2020-04-24",483,14,179,1309,6118,0.861556064073226,2025,7288,676,1199,66,3577,25,950,48,25
"1191","2020-04-25",490,14,174,1232,6118,0.861556064073226,2025,7288,676,1199,74,3651,19,969,56,19
"1192","2020-04-26",447,14,178,1194,6118,0.861556064073226,2025,7288,676,1199,74,3725,47,1016,58,47
"1193","2020-04-27",426,14,176,1136,6118,0.861556064073226,2025,7288,676,1199,53,3778,24,1040,38,24
"1194","2020-04-28",405,14,190,1048,6118,0.861556064073226,2025,7288,676,1199,60,3838,29,1069,46,29
"1195","2020-04-29",395,14,209,982,6118,0.861556064073226,2025,7288,676,1199,80,3918,16,1085,63,16
"1196","2020-04-30",395,14,211,927,6118,0.861556064073226,2025,7288,676,1199,59,3977,20,1105,37,20
"1197","2020-05-01",365,14,237,869,6118,0.861556064073226,2025,7288,676,1199,61,4038,14,1119,51,14
"1198","2020-05-02",340,14,215,793,6118,0.861556064073226,2025,7288,676,1199,51,4089,13,1132,36,13
"1199","2020-05-03",311,14,217,731,6118,0.861556064073226,2025,7288,676,1199,49,4138,9,1141,37,9
"1200","2020-05-04",290,14,194,681,6118,0.861556064073226,2025,7288,676,1199,48,4186,8,1149,37,8
"1201","2020-05-05",275,14,178,626,6118,0.861556064073226,2025,7288,676,1199,44,4230,8,1157,32,8
"1202","2020-05-06",274,14,179,569,6118,0.861556064073226,2025,7288,676,1199,38,4268,4,1161,22,4
"1203","2020-05-07",245,14,196,511,6118,0.861556064073226,2025,7288,676,1199,42,4310,10,1171,28,10
"1204","2020-05-08",202,14,186,452,6118,0.861556064073226,2025,7288,676,1199,37,4347,49,1220,29,49
"1205","2020-05-09",183,14,170,400,6118,0.861556064073226,2025,7288,676,1199,57,4404,58,1278,29,58
"1206","2020-05-10",160,14,154,365,6118,0.861556064073226,2025,7288,676,1199,53,4457,71,1349,31,71
"1207","2020-05-11",154,14,149,332,6118,0.861556064073226,2025,7288,676,1199,43,4500,26,1375,30,26
"1208","2020-05-12",138,14,188,295,6118,0.861556064073226,2025,7288,676,1199,41,4541,18,1393,24,18
"1209","2020-05-13",124,14,212,275,6118,0.861556064073226,2025,7288,676,1199,31,4572,28,1421,24,28
"1210","2020-05-14",125,14,233,259,6118,0.861556064073226,2025,7288,676,1199,30,4602,19,1440,22,19
"1211","2020-05-15",113,14,227,256,6118,0.861556064073226,2025,7288,676,1199,41,4643,33,1473,24,33
"1212","2020-05-16",94,14,217,244,6118,0.861556064073226,2025,7288,676,1199,24,4667,25,1498,14,25
"1213","2020-05-17",91,14,205,223,6118,0.861556064073226,2025,7288,676,1199,27,4694,63,1561,18,63
"1214","2020-05-18",82,14,195,211,6118,0.861556064073226,2025,7288,676,1199,46,4740,46,1607,28,46
"1215","2020-05-19",77,14,200,207,6118,0.861556064073226,2025,7288,676,1199,27,4767,67,1674,20,67
"1216","2020-05-20",71,14,202,201,6118,0.861556064073226,2025,7288,676,1199,28,4795,31,1705,22,31
"1217","2020-05-21",63,14,171,204,6118,0.861556064073226,2025,7288,676,1199,31,4826,44,1749,24,44
"1218","2020-05-22",58,14,167,197,6118,0.861556064073226,2025,7288,676,1199,32,4858,32,1781,19,32
"1219","2020-05-23",63,14,169,190,6118,0.861556064073226,2025,7288,676,1199,23,4881,30,1811,19,30
"1220","2020-05-24",72,14,172,177,6118,0.861556064073226,2025,7288,676,1199,27,4908,14,1825,16,14
"1221","2020-05-25",74,14,148,182,6118,0.861556064073226,2025,7288,676,1199,22,4930,8,1833,14,8
"1222","2020-05-26",72,14,160,179,6118,0.861556064073226,2025,7288,676,1199,23,4953,12,1845,19,12
"1223","2020-05-27",73,14,181,178,6118,0.861556064073226,2025,7288,676,1199,18,4971,31,1876,11,31
"1224","2020-05-28",72,14,180,175,6118,0.861556064073226,2025,7288,676,1199,19,4990,24,1900,15,24
"1225","2020-05-29",61,14,191,168,6118,0.861556064073226,2025,7288,676,1199,11,5001,48,1948,8,48
"1226","2020-05-30",68,14,182,159,6118,0.861556064073226,2025,7288,676,1199,14,5015,21,1969,9,21
"1227","2020-05-31",54,14,179,146,6118,0.861556064073226,2025,7288,676,1199,14,5029,15,1984,14,15
"1228","2020-06-01",54,14,169,146,6118,0.861556064073226,2025,7288,676,1199,7,5036,16,2000,5,16
"1229","2020-06-02",54,14,160,134,6118,0.861556064073226,2025,7288,676,1199,19,5055,37,2037,12,37
"1230","2020-06-03",51,14,151,139,6118,0.861556064073226,2025,7288,676,1199,12,5067,43,2080,8,43
"1231","2020-06-04",43,14,156,129,6118,0.861556064073226,2025,7288,676,1199,13,5080,20,2100,6,20
"1232","2020-06-05",51,14,152,120,6118,0.861556064073226,2025,7288,676,1199,17,5097,42,2142,9,42
"1233","2020-06-06",41,14,148,120,6118,0.861556064073226,2025,7288,676,1199,10,5107,23,2165,6,23
"1234","2020-06-07",45,14,146,114,6118,0.861556064073226,2025,7288,676,1199,11,5118,5,2170,8,5
"1235","2020-03-12",1,15,108,101,6369,0.502904694614539,2025,7874,674,1470,55,93,7,14,3,7
"1236","2020-03-13",2,15,116,173,6369,0.502904694614539,2025,7874,674,1470,47,140,3,17,9,3
"1237","2020-03-14",12,15,100,241,6369,0.502904694614539,2025,7874,674,1470,48,188,NA,NA,8,NA
"1238","2020-03-15",21,15,95,318,6369,0.502904694614539,2025,7874,674,1470,53,241,10,27,15,10
"1239","2020-03-16",33,15,98,392,6369,0.502904694614539,2025,7874,674,1470,63,304,NA,NA,20,NA
"1240","2020-03-17",39,15,86,495,6369,0.502904694614539,2025,7874,674,1470,74,378,8,35,24,8
"1241","2020-03-18",58,15,70,586,6369,0.502904694614539,2025,7874,674,1470,65,443,3,38,27,3
"1242","2020-03-19",86,15,72,665,6369,0.502904694614539,2025,7874,674,1470,71,514,18,56,31,18
"1243","2020-03-20",118,15,71,733,6369,0.502904694614539,2025,7874,674,1470,66,580,12,68,29,12
"1244","2020-03-21",179,15,90,784,6369,0.502904694614539,2025,7874,674,1470,87,667,8,76,58,8
"1245","2020-03-22",210,15,128,849,6369,0.502904694614539,2025,7874,674,1470,85,752,17,93,37,17
"1246","2020-03-23",227,15,203,903,6369,0.502904694614539,2025,7874,674,1470,77,829,18,111,34,18
"1247","2020-03-24",242,15,247,928,6369,0.502904694614539,2025,7874,674,1470,81,910,14,125,44,14
"1248","2020-03-25",260,15,249,977,6369,0.502904694614539,2025,7874,674,1470,81,991,18,143,34,18
"1249","2020-03-26",259,15,258,1011,6369,0.502904694614539,2025,7874,674,1470,74,1065,17,160,45,17
"1250","2020-03-27",323,15,292,1048,6369,0.502904694614539,2025,7874,674,1470,85,1150,12,172,45,12
"1251","2020-03-28",324,15,259,1079,6369,0.502904694614539,2025,7874,674,1470,85,1235,10,182,37,10
"1252","2020-03-29",328,15,232,1104,6369,0.502904694614539,2025,7874,674,1470,85,1320,27,209,48,27
"1253","2020-03-30",328,15,212,1101,6369,0.502904694614539,2025,7874,674,1470,88,1408,10,219,45,10
"1254","2020-03-31",320,15,188,1122,6369,0.502904694614539,2025,7874,674,1470,69,1477,15,234,27,15
"1255","2020-04-01",325,15,161,1134,6369,0.502904694614539,2025,7874,674,1470,107,1584,8,242,55,8
"1256","2020-04-02",346,15,136,1168,6369,0.502904694614539,2025,7874,674,1470,100,1684,10,252,50,10
"1257","2020-04-03",402,15,136,1183,6369,0.502904694614539,2025,7874,674,1470,101,1785,12,264,56,12
"1258","2020-04-04",437,15,181,1197,6369,0.502904694614539,2025,7874,674,1470,97,1882,23,287,53,23
"1259","2020-04-05",407,15,201,1184,6369,0.502904694614539,2025,7874,674,1470,96,1978,17,304,47,17
"1260","2020-04-06",400,15,179,1188,6369,0.502904694614539,2025,7874,674,1470,85,2063,20,324,41,20
"1261","2020-04-07",411,15,162,1155,6369,0.502904694614539,2025,7874,674,1470,92,2155,19,343,50,19
"1262","2020-04-08",414,15,221,1132,6369,0.502904694614539,2025,7874,674,1470,81,2236,22,365,36,22
"1263","2020-04-09",405,15,252,1125,6369,0.502904694614539,2025,7874,674,1470,112,2348,16,381,61,16
"1264","2020-04-10",420,15,257,1094,6369,0.502904694614539,2025,7874,674,1470,106,2454,15,396,59,15
"1265","2020-04-11",390,15,237,1072,6369,0.502904694614539,2025,7874,674,1470,82,2536,28,424,36,28
"1266","2020-04-12",376,15,242,1063,6369,0.502904694614539,2025,7874,674,1470,93,2629,30,454,48,30
"1267","2020-04-13",369,15,253,1035,6369,0.502904694614539,2025,7874,674,1470,104,2733,22,476,56,22
"1268","2020-04-14",358,15,249,1051,6369,0.502904694614539,2025,7874,674,1470,86,2819,11,487,53,11
"1269","2020-04-15",350,15,277,1040,6369,0.502904694614539,2025,7874,674,1470,73,2892,17,504,32,17
"1270","2020-04-16",340,15,297,1032,6369,0.502904694614539,2025,7874,674,1470,90,2982,23,527,38,23
"1271","2020-04-17",349,15,261,1026,6369,0.502904694614539,2025,7874,674,1470,92,3074,22,549,50,22
"1272","2020-04-18",355,15,256,1021,6369,0.502904694614539,2025,7874,674,1470,76,3150,23,572,40,23
"1273","2020-04-19",341,15,277,1019,6369,0.502904694614539,2025,7874,674,1470,88,3238,27,599,43,27
"1274","2020-04-20",338,15,247,1003,6369,0.502904694614539,2025,7874,674,1470,98,3336,23,622,46,23
"1275","2020-04-21",319,15,230,972,6369,0.502904694614539,2025,7874,674,1470,71,3407,26,648,37,26
"1276","2020-04-22",312,15,267,958,6369,0.502904694614539,2025,7874,674,1470,85,3492,26,674,36,26
"1277","2020-04-23",313,15,255,930,6369,0.502904694614539,2025,7874,674,1470,81,3573,39,713,39,39
"1278","2020-04-24",330,15,213,909,6369,0.502904694614539,2025,7874,674,1470,74,3647,18,731,40,18
"1279","2020-04-25",303,15,216,893,6369,0.502904694614539,2025,7874,674,1470,67,3714,19,750,29,19
"1280","2020-04-26",294,15,301,875,6369,0.502904694614539,2025,7874,674,1470,62,3776,18,768,19,18
"1281","2020-04-27",283,15,313,855,6369,0.502904694614539,2025,7874,674,1470,74,3850,32,800,31,32
"1282","2020-04-28",284,15,338,842,6369,0.502904694614539,2025,7874,674,1470,56,3906,37,837,24,37
"1283","2020-04-29",287,15,338,806,6369,0.502904694614539,2025,7874,674,1470,57,3963,28,865,20,28
"1284","2020-04-30",294,15,299,786,6369,0.502904694614539,2025,7874,674,1470,59,4022,39,904,18,39
"1285","2020-05-01",295,15,267,766,6369,0.502904694614539,2025,7874,674,1470,64,4086,34,938,21,34
"1286","2020-05-02",305,15,272,748,6369,0.502904694614539,2025,7874,674,1470,64,4150,17,955,31,17
"1287","2020-05-03",269,15,236,720,6369,0.502904694614539,2025,7874,674,1470,43,4193,15,970,18,15
"1288","2020-05-04",259,15,248,715,6369,0.502904694614539,2025,7874,674,1470,45,4238,8,978,20,8
"1289","2020-05-05",251,15,231,699,6369,0.502904694614539,2025,7874,674,1470,64,4302,10,988,22,10
"1290","2020-05-06",239,15,217,675,6369,0.502904694614539,2025,7874,674,1470,53,4355,29,1017,20,29
"1291","2020-05-07",224,15,205,680,6369,0.502904694614539,2025,7874,674,1470,51,4406,12,1029,22,12
"1292","2020-05-08",228,15,182,656,6369,0.502904694614539,2025,7874,674,1470,59,4465,9,1038,26,9
"1293","2020-05-09",223,15,188,648,6369,0.502904694614539,2025,7874,674,1470,51,4516,15,1053,17,15
"1294","2020-05-10",215,15,186,631,6369,0.502904694614539,2025,7874,674,1470,52,4568,24,1077,22,24
"1295","2020-05-11",217,15,186,622,6369,0.502904694614539,2025,7874,674,1470,40,4608,14,1091,16,14
"1296","2020-05-12",204,15,208,597,6369,0.502904694614539,2025,7874,674,1470,45,4653,18,1109,11,18
"1297","2020-05-13",202,15,221,596,6369,0.502904694614539,2025,7874,674,1470,45,4698,27,1136,20,27
"1298","2020-05-14",197,15,208,564,6369,0.502904694614539,2025,7874,674,1470,36,4734,33,1169,8,33
"1299","2020-05-15",187,15,183,542,6369,0.502904694614539,2025,7874,674,1470,41,4775,25,1194,16,25
"1300","2020-05-16",192,15,183,539,6369,0.502904694614539,2025,7874,674,1470,44,4819,21,1215,18,21
"1301","2020-05-17",173,15,189,525,6369,0.502904694614539,2025,7874,674,1470,34,4853,24,1239,14,24
"1302","2020-05-18",158,15,186,509,6369,0.502904694614539,2025,7874,674,1470,28,4881,35,1274,8,35
"1303","2020-05-19",155,15,197,503,6369,0.502904694614539,2025,7874,674,1470,28,4909,16,1290,6,16
"1304","2020-05-20",152,15,202,474,6369,0.502904694614539,2025,7874,674,1470,32,4941,13,1303,14,13
"1305","2020-05-21",153,15,195,458,6369,0.502904694614539,2025,7874,674,1470,37,4978,20,1323,11,20
"1306","2020-05-22",140,15,193,449,6369,0.502904694614539,2025,7874,674,1470,32,5010,10,1333,9,10
"1307","2020-05-23",132,15,236,417,6369,0.502904694614539,2025,7874,674,1470,43,5053,8,1341,15,8
"1308","2020-05-24",125,15,277,397,6369,0.502904694614539,2025,7874,674,1470,25,5078,11,1352,10,11
"1309","2020-05-25",119,15,297,380,6369,0.502904694614539,2025,7874,674,1470,24,5102,15,1367,6,15
"1310","2020-05-26",116,15,302,361,6369,0.502904694614539,2025,7874,674,1470,23,5125,8,1375,10,8
"1311","2020-05-27",112,15,294,355,6369,0.502904694614539,2025,7874,674,1470,27,5152,20,1395,9,20
"1312","2020-05-28",112,15,245,350,6369,0.502904694614539,2025,7874,674,1470,29,5181,14,1409,5,14
"1313","2020-05-29",121,15,217,340,6369,0.502904694614539,2025,7874,674,1470,18,5199,8,1417,6,8
"1314","2020-05-30",115,15,203,334,6369,0.502904694614539,2025,7874,674,1470,24,5223,5,1422,5,5
"1315","2020-05-31",108,15,177,329,6369,0.502904694614539,2025,7874,674,1470,17,5240,17,1439,7,17
"1316","2020-06-01",107,15,190,301,6369,0.502904694614539,2025,7874,674,1470,19,5259,7,1446,6,7
"1317","2020-06-02",111,15,173,286,6369,0.502904694614539,2025,7874,674,1470,19,5278,8,1454,6,8
"1318","2020-06-03",109,15,171,280,6369,0.502904694614539,2025,7874,674,1470,12,5290,14,1468,1,14
"1319","2020-06-04",98,15,179,257,6369,0.502904694614539,2025,7874,674,1470,26,5316,10,1478,9,10
"1320","2020-06-05",86,15,165,243,6369,0.502904694614539,2025,7874,674,1470,16,5332,11,1489,4,11
"1321","2020-06-06",86,15,159,231,6369,0.502904694614539,2025,7874,674,1470,13,5345,6,1495,3,6
"1322","2020-06-07",81,15,137,207,6369,0.502904694614539,2025,7874,674,1470,8,5353,10,1505,5,10
"1323","2020-03-07",1,16,0,0,5992,0.838117489986649,2040,7731,642,1010,NA,NA,NA,NA,NA,NA
"1324","2020-03-08",1,16,0,0,5992,0.838117489986649,2040,7731,642,1010,NA,NA,NA,NA,NA,NA
"1325","2020-03-09",0,16,0,0,5992,0.838117489986649,2040,7731,642,1010,NA,NA,NA,NA,NA,NA
"1326","2020-03-10",0,16,0,0,5992,0.838117489986649,2040,7731,642,1010,NA,NA,4,4,NA,4
"1327","2020-03-11",0,16,0,0,5992,0.838117489986649,2040,7731,642,1010,33,33,22,26,NA,22
"1328","2020-03-12",0,16,0,0,5992,0.838117489986649,2040,7731,642,1010,34,67,25,51,2,25
"1329","2020-03-13",2,16,45,40,5992,0.838117489986649,2040,7731,642,1010,48,115,16,67,8,16
"1330","2020-03-14",6,16,70,61,5992,0.838117489986649,2040,7731,642,1010,31,146,18,85,5,18
"1331","2020-03-15",6,16,80,86,5992,0.838117489986649,2040,7731,642,1010,48,194,23,108,15,23
"1332","2020-03-16",9,16,78,122,5992,0.838117489986649,2040,7731,642,1010,57,251,37,145,23,37
"1333","2020-03-17",14,16,79,158,5992,0.838117489986649,2040,7731,642,1010,51,302,60,205,25,60
"1334","2020-03-18",21,16,102,201,5992,0.838117489986649,2040,7731,642,1010,80,382,39,244,32,39
"1335","2020-03-19",31,16,130,246,5992,0.838117489986649,2040,7731,642,1010,69,451,33,277,43,33
"1336","2020-03-20",43,16,134,274,5992,0.838117489986649,2040,7731,642,1010,91,542,52,329,50,52
"1337","2020-03-21",67,16,145,334,5992,0.838117489986649,2040,7731,642,1010,95,637,48,377,62,48
"1338","2020-03-22",87,16,153,382,5992,0.838117489986649,2040,7731,642,1010,84,721,37,414,53,37
"1339","2020-03-23",94,16,156,443,5992,0.838117489986649,2040,7731,642,1010,123,844,30,444,83,30
"1340","2020-03-24",105,16,154,498,5992,0.838117489986649,2040,7731,642,1010,115,959,62,506,79,62
"1341","2020-03-25",111,16,176,554,5992,0.838117489986649,2040,7731,642,1010,118,1077,57,563,87,57
"1342","2020-03-26",124,16,184,632,5992,0.838117489986649,2040,7731,642,1010,98,1175,62,625,67,62
"1343","2020-03-27",186,16,171,704,5992,0.838117489986649,2040,7731,642,1010,125,1300,35,660,93,35
"1344","2020-03-28",204,16,201,739,5992,0.838117489986649,2040,7731,642,1010,93,1393,33,693,74,33
"1345","2020-03-29",229,16,225,807,5992,0.838117489986649,2040,7731,642,1010,115,1508,33,726,90,33
"1346","2020-03-30",232,16,213,890,5992,0.838117489986649,2040,7731,642,1010,120,1628,59,785,87,59
"1347","2020-03-31",234,16,222,950,5992,0.838117489986649,2040,7731,642,1010,134,1762,53,838,111,53
"1348","2020-04-01",257,16,231,1031,5992,0.838117489986649,2040,7731,642,1010,115,1877,43,881,88,43
"1349","2020-04-02",276,16,240,1101,5992,0.838117489986649,2040,7731,642,1010,94,1971,25,906,71,25
"1350","2020-04-03",362,16,212,1167,5992,0.838117489986649,2040,7731,642,1010,113,2084,31,937,75,31
"1351","2020-04-04",411,16,209,1222,5992,0.838117489986649,2040,7731,642,1010,126,2210,54,991,95,54
"1352","2020-04-05",372,16,203,1303,5992,0.838117489986649,2040,7731,642,1010,109,2319,39,1030,79,39
"1353","2020-04-06",371,16,222,1381,5992,0.838117489986649,2040,7731,642,1010,102,2421,44,1074,71,44
"1354","2020-04-07",391,16,222,1415,5992,0.838117489986649,2040,7731,642,1010,114,2535,48,1122,84,48
"1355","2020-04-08",396,16,260,1433,5992,0.838117489986649,2040,7731,642,1010,105,2640,48,1170,82,48
"1356","2020-04-09",410,16,265,1477,5992,0.838117489986649,2040,7731,642,1010,95,2735,51,1221,60,51
"1357","2020-04-10",481,16,263,1504,5992,0.838117489986649,2040,7731,642,1010,121,2856,55,1276,84,55
"1358","2020-04-11",487,16,251,1500,5992,0.838117489986649,2040,7731,642,1010,105,2961,41,1317,77,41
"1359","2020-04-12",498,16,261,1562,5992,0.838117489986649,2040,7731,642,1010,108,3069,62,1379,81,62
"1360","2020-04-13",505,16,233,1618,5992,0.838117489986649,2040,7731,642,1010,83,3152,33,1412,50,33
"1361","2020-04-14",499,16,220,1611,5992,0.838117489986649,2040,7731,642,1010,93,3245,33,1445,63,33
"1362","2020-04-15",514,16,218,1656,5992,0.838117489986649,2040,7731,642,1010,92,3337,23,1468,76,23
"1363","2020-04-16",517,16,236,1661,5992,0.838117489986649,2040,7731,642,1010,75,3412,32,1500,51,32
"1364","2020-04-17",613,16,239,1634,5992,0.838117489986649,2040,7731,642,1010,96,3508,47,1547,71,47
"1365","2020-04-18",597,16,236,1639,5992,0.838117489986649,2040,7731,642,1010,87,3595,66,1613,59,66
"1366","2020-04-19",571,16,238,1618,5992,0.838117489986649,2040,7731,642,1010,73,3668,67,1680,49,67
"1367","2020-04-20",576,16,239,1601,5992,0.838117489986649,2040,7731,642,1010,70,3738,55,1735,52,55
"1368","2020-04-21",557,16,223,1556,5992,0.838117489986649,2040,7731,642,1010,70,3808,58,1793,42,58
"1369","2020-04-22",559,16,211,1487,5992,0.838117489986649,2040,7731,642,1010,59,3867,41,1834,35,41
"1370","2020-04-23",556,16,231,1456,5992,0.838117489986649,2040,7731,642,1010,79,3946,62,1896,56,62
"1371","2020-04-24",519,16,210,1430,5992,0.838117489986649,2040,7731,642,1010,61,4007,60,1956,42,60
"1372","2020-04-25",530,16,213,1391,5992,0.838117489986649,2040,7731,642,1010,52,4059,71,2027,37,71
"1373","2020-04-26",470,16,203,1339,5992,0.838117489986649,2040,7731,642,1010,56,4115,31,2058,39,31
"1374","2020-04-27",462,16,212,1258,5992,0.838117489986649,2040,7731,642,1010,66,4181,39,2097,35,39
"1375","2020-04-28",464,16,223,1192,5992,0.838117489986649,2040,7731,642,1010,51,4232,58,2155,25,58
"1376","2020-04-29",452,16,225,1145,5992,0.838117489986649,2040,7731,642,1010,43,4275,49,2204,20,49
"1377","2020-04-30",444,16,214,1095,5992,0.838117489986649,2040,7731,642,1010,59,4334,57,2261,33,57
"1378","2020-05-01",431,16,199,1004,5992,0.838117489986649,2040,7731,642,1010,46,4380,55,2316,23,55
"1379","2020-05-02",412,16,185,929,5992,0.838117489986649,2040,7731,642,1010,48,4428,30,2346,27,30
"1380","2020-05-03",399,16,220,842,5992,0.838117489986649,2040,7731,642,1010,31,4459,54,2400,15,54
"1381","2020-05-04",366,16,209,783,5992,0.838117489986649,2040,7731,642,1010,44,4503,50,2450,27,50
"1382","2020-05-05",337,16,201,714,5992,0.838117489986649,2040,7731,642,1010,38,4541,46,2496,14,46
"1383","2020-05-06",314,16,221,670,5992,0.838117489986649,2040,7731,642,1010,50,4591,34,2530,27,34
"1384","2020-05-07",287,16,247,605,5992,0.838117489986649,2040,7731,642,1010,47,4638,48,2578,25,48
"1385","2020-05-08",249,16,281,552,5992,0.838117489986649,2040,7731,642,1010,38,4676,44,2622,17,44
"1386","2020-05-09",236,16,278,521,5992,0.838117489986649,2040,7731,642,1010,37,4713,61,2683,16,61
"1387","2020-05-10",183,16,268,482,5992,0.838117489986649,2040,7731,642,1010,44,4757,35,2718,26,35
"1388","2020-05-11",180,16,256,434,5992,0.838117489986649,2040,7731,642,1010,52,4809,52,2770,28,52
"1389","2020-05-12",165,16,248,397,5992,0.838117489986649,2040,7731,642,1010,29,4838,44,2814,11,44
"1390","2020-05-13",165,16,238,366,5992,0.838117489986649,2040,7731,642,1010,28,4866,39,2853,18,39
"1391","2020-05-14",151,16,218,337,5992,0.838117489986649,2040,7731,642,1010,31,4897,28,2881,13,28
"1392","2020-05-15",136,16,208,312,5992,0.838117489986649,2040,7731,642,1010,32,4929,29,2910,11,29
"1393","2020-05-16",131,16,187,295,5992,0.838117489986649,2040,7731,642,1010,34,4963,18,2928,17,18
"1394","2020-05-17",120,16,187,283,5992,0.838117489986649,2040,7731,642,1010,25,4988,64,2992,10,64
"1395","2020-05-18",109,16,176,260,5992,0.838117489986649,2040,7731,642,1010,35,5023,50,3042,15,50
"1396","2020-05-19",109,16,171,254,5992,0.838117489986649,2040,7731,642,1010,25,5048,54,3096,9,54
"1397","2020-05-20",91,16,149,237,5992,0.838117489986649,2040,7731,642,1010,21,5069,60,3156,14,60
"1398","2020-05-21",91,16,185,211,5992,0.838117489986649,2040,7731,642,1010,27,5096,41,3197,11,41
"1399","2020-05-22",89,16,185,198,5992,0.838117489986649,2040,7731,642,1010,32,5128,43,3240,16,43
"1400","2020-05-23",94,16,203,182,5992,0.838117489986649,2040,7731,642,1010,21,5149,44,3284,9,44
"1401","2020-05-24",78,16,202,176,5992,0.838117489986649,2040,7731,642,1010,26,5175,35,3319,14,35
"1402","2020-05-25",71,16,209,163,5992,0.838117489986649,2040,7731,642,1010,30,5205,35,3354,15,35
"1403","2020-05-26",68,16,206,155,5992,0.838117489986649,2040,7731,642,1010,20,5225,53,3407,9,53
"1404","2020-05-27",69,16,216,156,5992,0.838117489986649,2040,7731,642,1010,21,5246,41,3448,11,41
"1405","2020-05-28",69,16,226,143,5992,0.838117489986649,2040,7731,642,1010,21,5267,42,3490,16,42
"1406","2020-05-29",68,16,233,132,5992,0.838117489986649,2040,7731,642,1010,15,5282,38,3528,8,38
"1407","2020-05-30",58,16,222,123,5992,0.838117489986649,2040,7731,642,1010,15,5297,23,3551,6,23
"1408","2020-05-31",49,16,210,113,5992,0.838117489986649,2040,7731,642,1010,20,5317,15,3566,10,15
"1409","2020-06-01",51,16,187,108,5992,0.838117489986649,2040,7731,642,1010,19,5336,24,3590,12,24
"1410","2020-06-02",47,16,171,98,5992,0.838117489986649,2040,7731,642,1010,15,5351,20,3610,8,20
"1411","2020-06-03",42,16,173,89,5992,0.838117489986649,2040,7731,642,1010,20,5371,20,3630,9,20
"1412","2020-06-04",37,16,158,87,5992,0.838117489986649,2040,7731,642,1010,14,5385,26,3656,6,26
"1413","2020-06-05",33,16,142,82,5992,0.838117489986649,2040,7731,642,1010,12,5397,23,3679,10,23
"1414","2020-06-06",28,16,134,82,5992,0.838117489986649,2040,7731,642,1010,13,5410,31,3710,7,31
"1415","2020-06-07",26,16,136,82,5992,0.838117489986649,2040,7731,642,1010,7,5417,33,3743,3,33
"1416","2020-03-08",2,17,0,0,5850,0.650940170940171,2070,8027,644,937,NA,NA,NA,NA,NA,NA
"1417","2020-03-09",2,17,0,0,5850,0.650940170940171,2070,8027,644,937,NA,NA,NA,NA,NA,NA
"1418","2020-03-10",0,17,0,0,5850,0.650940170940171,2070,8027,644,937,NA,NA,1,1,NA,1
"1419","2020-03-11",0,17,0,0,5850,0.650940170940171,2070,8027,644,937,7,7,12,13,3,12
"1420","2020-03-12",0,17,0,0,5850,0.650940170940171,2070,8027,644,937,11,18,10,23,2,10
"1421","2020-03-13",1,17,91,76,5850,0.650940170940171,2070,8027,644,937,14,32,9,32,12,9
"1422","2020-03-14",6,17,91,109,5850,0.650940170940171,2070,8027,644,937,16,48,23,55,11,23
"1423","2020-03-15",17,17,109,141,5850,0.650940170940171,2070,8027,644,937,28,76,31,86,25,31
"1424","2020-03-16",20,17,137,182,5850,0.650940170940171,2070,8027,644,937,23,99,26,112,18,26
"1425","2020-03-17",26,17,135,232,5850,0.650940170940171,2070,8027,644,937,25,124,33,145,21,33
"1426","2020-03-18",35,17,121,282,5850,0.650940170940171,2070,8027,644,937,44,168,24,169,39,24
"1427","2020-03-19",43,17,118,346,5850,0.650940170940171,2070,8027,644,937,43,211,35,204,38,35
"1428","2020-03-20",63,17,132,383,5850,0.650940170940171,2070,8027,644,937,53,264,21,225,49,21
"1429","2020-03-21",89,17,132,445,5850,0.650940170940171,2070,8027,644,937,48,312,19,244,43,19
"1430","2020-03-22",101,17,122,499,5850,0.650940170940171,2070,8027,644,937,55,367,13,257,48,13
"1431","2020-03-23",110,17,114,556,5850,0.650940170940171,2070,8027,644,937,67,434,21,278,62,21
"1432","2020-03-24",117,17,105,610,5850,0.650940170940171,2070,8027,644,937,80,514,20,298,72,20
"1433","2020-03-25",130,17,139,678,5850,0.650940170940171,2070,8027,644,937,55,569,17,315,52,17
"1434","2020-03-26",151,17,144,714,5850,0.650940170940171,2070,8027,644,937,91,660,29,344,86,29
"1435","2020-03-27",193,17,138,745,5850,0.650940170940171,2070,8027,644,937,83,743,24,368,81,24
"1436","2020-03-28",220,17,131,791,5850,0.650940170940171,2070,8027,644,937,100,843,11,379,95,11
"1437","2020-03-29",227,17,155,833,5850,0.650940170940171,2070,8027,644,937,93,936,33,412,89,33
"1438","2020-03-30",234,17,163,864,5850,0.650940170940171,2070,8027,644,937,89,1025,19,431,77,19
"1439","2020-03-31",248,17,153,908,5850,0.650940170940171,2070,8027,644,937,125,1150,47,478,117,47
"1440","2020-04-01",259,17,175,952,5850,0.650940170940171,2070,8027,644,937,121,1271,26,504,113,26
"1441","2020-04-02",260,17,163,973,5850,0.650940170940171,2070,8027,644,937,128,1399,13,517,122,13
"1442","2020-04-03",302,17,141,1016,5850,0.650940170940171,2070,8027,644,937,151,1550,11,528,147,11
"1443","2020-04-04",369,17,151,1075,5850,0.650940170940171,2070,8027,644,937,134,1684,19,547,128,19
"1444","2020-04-05",354,17,174,1125,5850,0.650940170940171,2070,8027,644,937,176,1860,50,597,172,50
"1445","2020-04-06",358,17,162,1202,5850,0.650940170940171,2070,8027,644,937,158,2018,50,647,156,50
"1446","2020-04-07",361,17,160,1226,5850,0.650940170940171,2070,8027,644,937,137,2155,35,682,130,35
"1447","2020-04-08",375,17,168,1282,5850,0.650940170940171,2070,8027,644,937,166,2321,38,720,161,38
"1448","2020-04-09",401,17,140,1313,5850,0.650940170940171,2070,8027,644,937,161,2482,55,775,155,55
"1449","2020-04-10",507,17,132,1339,5850,0.650940170940171,2070,8027,644,937,174,2656,25,800,169,25
"1450","2020-04-11",460,17,139,1353,5850,0.650940170940171,2070,8027,644,937,179,2835,31,831,174,31
"1451","2020-04-12",446,17,174,1351,5850,0.650940170940171,2070,8027,644,937,200,3035,30,861,197,30
"1452","2020-04-13",432,17,172,1359,5850,0.650940170940171,2070,8027,644,937,151,3186,52,913,144,52
"1453","2020-04-14",435,17,203,1362,5850,0.650940170940171,2070,8027,644,937,183,3369,46,959,176,46
"1454","2020-04-15",421,17,197,1322,5850,0.650940170940171,2070,8027,644,937,160,3529,55,1014,154,55
"1455","2020-04-16",421,17,197,1325,5850,0.650940170940171,2070,8027,644,937,177,3706,39,1053,170,39
"1456","2020-04-17",428,17,175,1289,5850,0.650940170940171,2070,8027,644,937,164,3870,20,1073,163,20
"1457","2020-04-18",444,17,184,1292,5850,0.650940170940171,2070,8027,644,937,138,4008,12,1085,131,12
"1458","2020-04-19",425,17,196,1265,5850,0.650940170940171,2070,8027,644,937,164,4172,19,1104,160,19
"1459","2020-04-20",417,17,223,1229,5850,0.650940170940171,2070,8027,644,937,142,4314,9,1113,137,9
"1460","2020-04-21",404,17,276,1234,5850,0.650940170940171,2070,8027,644,937,137,4451,8,1121,136,8
"1461","2020-04-22",407,17,266,1190,5850,0.650940170940171,2070,8027,644,937,126,4577,16,1137,119,16
"1462","2020-04-23",390,17,226,1161,5850,0.650940170940171,2070,8027,644,937,124,4701,53,1190,120,53
"1463","2020-04-24",414,17,206,1100,5850,0.650940170940171,2070,8027,644,937,102,4803,43,1233,98,43
"1464","2020-04-25",414,17,211,1067,5850,0.650940170940171,2070,8027,644,937,102,4905,56,1289,98,56
"1465","2020-04-26",395,17,209,1040,5850,0.650940170940171,2070,8027,644,937,73,4978,57,1346,72,57
"1466","2020-04-27",397,17,201,1006,5850,0.650940170940171,2070,8027,644,937,77,5055,41,1387,71,41
"1467","2020-04-28",382,17,213,977,5850,0.650940170940171,2070,8027,644,937,70,5125,25,1412,65,25
"1468","2020-04-29",374,17,211,936,5850,0.650940170940171,2070,8027,644,937,65,5190,21,1433,64,21
"1469","2020-04-30",359,17,201,925,5850,0.650940170940171,2070,8027,644,937,56,5246,11,1444,53,11
"1470","2020-05-01",320,17,237,868,5850,0.650940170940171,2070,8027,644,937,58,5304,14,1458,53,14
"1471","2020-05-02",299,17,218,819,5850,0.650940170940171,2070,8027,644,937,53,5357,38,1496,53,38
"1472","2020-05-03",270,17,199,780,5850,0.650940170940171,2070,8027,644,937,52,5409,32,1528,49,32
"1473","2020-05-04",253,17,223,754,5850,0.650940170940171,2070,8027,644,937,43,5452,47,1575,38,47
"1474","2020-05-05",254,17,248,723,5850,0.650940170940171,2070,8027,644,937,33,5485,43,1618,30,43
"1475","2020-05-06",248,17,227,699,5850,0.650940170940171,2070,8027,644,937,33,5518,26,1644,32,26
"1476","2020-05-07",253,17,210,689,5850,0.650940170940171,2070,8027,644,937,32,5550,18,1662,31,18
"1477","2020-05-08",230,17,193,650,5850,0.650940170940171,2070,8027,644,937,39,5589,9,1671,32,9
"1478","2020-05-09",241,17,198,613,5850,0.650940170940171,2070,8027,644,937,27,5616,10,1681,23,10
"1479","2020-05-10",231,17,239,591,5850,0.650940170940171,2070,8027,644,937,33,5649,42,1723,29,42
"1480","2020-05-11",224,17,228,556,5850,0.650940170940171,2070,8027,644,937,24,5673,50,1773,24,50
"1481","2020-05-12",214,17,213,511,5850,0.650940170940171,2070,8027,644,937,31,5704,62,1835,30,62
"1482","2020-05-13",211,17,230,490,5850,0.650940170940171,2070,8027,644,937,14,5718,38,1873,13,38
"1483","2020-05-14",206,17,219,471,5850,0.650940170940171,2070,8027,644,937,28,5746,30,1903,26,30
"1484","2020-05-15",205,17,235,437,5850,0.650940170940171,2070,8027,644,937,25,5771,37,1940,23,37
"1485","2020-05-16",182,17,235,415,5850,0.650940170940171,2070,8027,644,937,22,5793,34,1974,18,34
"1486","2020-05-17",169,17,258,392,5850,0.650940170940171,2070,8027,644,937,17,5810,23,1997,17,23
"1487","2020-05-18",161,17,253,377,5850,0.650940170940171,2070,8027,644,937,15,5825,23,2020,11,23
"1488","2020-05-19",144,17,228,359,5850,0.650940170940171,2070,8027,644,937,22,5847,18,2038,20,18
"1489","2020-05-20",134,17,192,334,5850,0.650940170940171,2070,8027,644,937,17,5864,39,2077,14,39
"1490","2020-05-21",121,17,162,320,5850,0.650940170940171,2070,8027,644,937,14,5878,36,2113,12,36
"1491","2020-05-22",120,17,160,312,5850,0.650940170940171,2070,8027,644,937,21,5899,39,2152,21,39
"1492","2020-05-23",113,17,176,309,5850,0.650940170940171,2070,8027,644,937,9,5908,50,2202,8,50
"1493","2020-05-24",99,17,191,301,5850,0.650940170940171,2070,8027,644,937,13,5921,62,2264,11,62
"1494","2020-05-25",99,17,194,278,5850,0.650940170940171,2070,8027,644,937,7,5928,26,2290,6,26
"1495","2020-05-26",99,17,193,265,5850,0.650940170940171,2070,8027,644,937,10,5938,32,2322,8,32
"1496","2020-05-27",102,17,171,252,5850,0.650940170940171,2070,8027,644,937,9,5947,18,2340,9,18
"1497","2020-05-28",95,17,170,257,5850,0.650940170940171,2070,8027,644,937,5,5952,41,2381,5,41
"1498","2020-05-29",88,17,169,243,5850,0.650940170940171,2070,8027,644,937,6,5958,25,2406,5,25
"1499","2020-05-30",90,17,161,237,5850,0.650940170940171,2070,8027,644,937,9,5967,39,2445,8,39
"1500","2020-05-31",87,17,160,222,5850,0.650940170940171,2070,8027,644,937,15,5982,23,2468,13,23
"1501","2020-06-01",78,17,153,212,5850,0.650940170940171,2070,8027,644,937,9,5991,16,2484,7,16
"1502","2020-06-02",71,17,124,197,5850,0.650940170940171,2070,8027,644,937,5,5996,35,2519,5,35
"1503","2020-06-03",68,17,121,182,5850,0.650940170940171,2070,8027,644,937,4,6000,15,2534,4,15
"1504","2020-06-04",73,17,106,157,5850,0.650940170940171,2070,8027,644,937,9,6009,20,2554,8,20
"1505","2020-06-05",68,17,99,145,5850,0.650940170940171,2070,8027,644,937,9,6018,41,2595,8,41
"1506","2020-06-06",67,17,85,136,5850,0.650940170940171,2070,8027,644,937,16,6034,23,2618,14,23
"1507","2020-06-07",65,17,76,121,5850,0.650940170940171,2070,8027,644,937,13,6047,19,2637,13,19
"1508","2020-03-13",1,18,57,48,5808,0.825585399449036,1980,7635,624,1170,10,25,36,83,NA,36
"1509","2020-03-14",1,18,56,68,5808,0.825585399449036,1980,7635,624,1170,13,38,25,108,8,25
"1510","2020-03-15",10,18,62,97,5808,0.825585399449036,1980,7635,624,1170,12,50,32,140,4,32
"1511","2020-03-16",12,18,68,115,5808,0.825585399449036,1980,7635,624,1170,21,71,16,156,10,16
"1512","2020-03-17",17,18,95,141,5808,0.825585399449036,1980,7635,624,1170,18,89,6,162,10,6
"1513","2020-03-18",20,18,141,183,5808,0.825585399449036,1980,7635,624,1170,30,119,13,175,24,13
"1514","2020-03-19",20,18,175,217,5808,0.825585399449036,1980,7635,624,1170,27,146,17,192,20,17
"1515","2020-03-20",37,18,165,261,5808,0.825585399449036,1980,7635,624,1170,31,177,20,212,22,20
"1516","2020-03-21",46,18,175,320,5808,0.825585399449036,1980,7635,624,1170,37,214,26,238,30,26
"1517","2020-03-22",76,18,175,355,5808,0.825585399449036,1980,7635,624,1170,37,251,21,259,27,21
"1518","2020-03-23",88,18,161,411,5808,0.825585399449036,1980,7635,624,1170,42,293,37,296,34,37
"1519","2020-03-24",90,18,155,459,5808,0.825585399449036,1980,7635,624,1170,49,342,32,328,39,32
"1520","2020-03-25",106,18,183,512,5808,0.825585399449036,1980,7635,624,1170,47,389,25,353,38,25
"1521","2020-03-26",117,18,162,580,5808,0.825585399449036,1980,7635,624,1170,52,441,11,364,44,11
"1522","2020-03-27",160,18,147,647,5808,0.825585399449036,1980,7635,624,1170,55,496,35,399,47,35
"1523","2020-03-28",179,18,138,725,5808,0.825585399449036,1980,7635,624,1170,77,573,17,416,69,17
"1524","2020-03-29",213,18,116,772,5808,0.825585399449036,1980,7635,624,1170,60,633,33,449,53,33
"1525","2020-03-30",218,18,103,811,5808,0.825585399449036,1980,7635,624,1170,85,718,38,487,81,38
"1526","2020-03-31",224,18,96,878,5808,0.825585399449036,1980,7635,624,1170,110,828,45,532,97,45
"1527","2020-04-01",226,18,127,952,5808,0.825585399449036,1980,7635,624,1170,89,917,35,567,83,35
"1528","2020-04-02",251,18,134,994,5808,0.825585399449036,1980,7635,624,1170,99,1016,53,620,93,53
"1529","2020-04-03",322,18,124,1042,5808,0.825585399449036,1980,7635,624,1170,109,1125,26,646,102,26
"1530","2020-04-04",373,18,131,1075,5808,0.825585399449036,1980,7635,624,1170,133,1258,29,675,122,29
"1531","2020-04-05",335,18,173,1093,5808,0.825585399449036,1980,7635,624,1170,130,1388,30,705,123,30
"1532","2020-04-06",332,18,229,1137,5808,0.825585399449036,1980,7635,624,1170,157,1545,36,741,145,36
"1533","2020-04-07",328,18,270,1179,5808,0.825585399449036,1980,7635,624,1170,144,1689,40,781,130,40
"1534","2020-04-08",347,18,248,1226,5808,0.825585399449036,1980,7635,624,1170,184,1873,32,813,171,32
"1535","2020-04-09",366,18,221,1249,5808,0.825585399449036,1980,7635,624,1170,153,2026,22,835,142,22
"1536","2020-04-10",414,18,222,1312,5808,0.825585399449036,1980,7635,624,1170,160,2186,34,869,149,34
"1537","2020-04-11",404,18,236,1362,5808,0.825585399449036,1980,7635,624,1170,199,2385,36,905,194,36
"1538","2020-04-12",423,18,223,1363,5808,0.825585399449036,1980,7635,624,1170,218,2603,23,928,209,23
"1539","2020-04-13",439,18,242,1405,5808,0.825585399449036,1980,7635,624,1170,132,2735,11,939,124,11
"1540","2020-04-14",447,18,240,1419,5808,0.825585399449036,1980,7635,624,1170,186,2921,18,957,182,18
"1541","2020-04-15",458,18,224,1423,5808,0.825585399449036,1980,7635,624,1170,200,3121,8,965,192,8
"1542","2020-04-16",461,18,221,1435,5808,0.825585399449036,1980,7635,624,1170,177,3298,36,1001,167,36
"1543","2020-04-17",518,18,233,1431,5808,0.825585399449036,1980,7635,624,1170,136,3434,42,1043,132,42
"1544","2020-04-18",561,18,245,1441,5808,0.825585399449036,1980,7635,624,1170,160,3594,53,1096,150,53
"1545","2020-04-19",487,18,217,1505,5808,0.825585399449036,1980,7635,624,1170,162,3756,19,1115,157,19
"1546","2020-04-20",466,18,203,1506,5808,0.825585399449036,1980,7635,624,1170,135,3891,36,1151,129,36
"1547","2020-04-21",471,18,203,1477,5808,0.825585399449036,1980,7635,624,1170,125,4016,12,1163,118,12
"1548","2020-04-22",464,18,245,1430,5808,0.825585399449036,1980,7635,624,1170,154,4170,16,1179,152,16
"1549","2020-04-23",462,18,254,1402,5808,0.825585399449036,1980,7635,624,1170,145,4315,14,1193,139,14
"1550","2020-04-24",497,18,284,1374,5808,0.825585399449036,1980,7635,624,1170,102,4417,57,1250,96,57
"1551","2020-04-25",471,18,287,1364,5808,0.825585399449036,1980,7635,624,1170,90,4507,43,1293,83,43
"1552","2020-04-26",463,18,255,1326,5808,0.825585399449036,1980,7635,624,1170,83,4590,25,1318,77,25
"1553","2020-04-27",479,18,205,1266,5808,0.825585399449036,1980,7635,624,1170,96,4686,33,1351,92,33
"1554","2020-04-28",456,18,199,1195,5808,0.825585399449036,1980,7635,624,1170,94,4780,45,1396,91,45
"1555","2020-04-29",451,18,228,1166,5808,0.825585399449036,1980,7635,624,1170,75,4855,24,1420,69,24
"1556","2020-04-30",434,18,237,1083,5808,0.825585399449036,1980,7635,624,1170,77,4932,25,1445,70,25
"1557","2020-05-01",406,18,219,1005,5808,0.825585399449036,1980,7635,624,1170,63,4995,40,1485,59,40
"1558","2020-05-02",387,18,189,957,5808,0.825585399449036,1980,7635,624,1170,69,5064,22,1507,60,22
"1559","2020-05-03",336,18,196,906,5808,0.825585399449036,1980,7635,624,1170,57,5121,26,1533,51,26
"1560","2020-05-04",317,18,244,841,5808,0.825585399449036,1980,7635,624,1170,43,5164,17,1550,39,17
"1561","2020-05-05",316,18,270,776,5808,0.825585399449036,1980,7635,624,1170,35,5199,6,1556,32,6
"1562","2020-05-06",293,18,248,725,5808,0.825585399449036,1980,7635,624,1170,50,5249,9,1565,45,9
"1563","2020-05-07",292,18,287,662,5808,0.825585399449036,1980,7635,624,1170,42,5291,24,1589,37,24
"1564","2020-05-08",252,18,298,615,5808,0.825585399449036,1980,7635,624,1170,35,5326,38,1627,30,38
"1565","2020-05-09",240,18,306,560,5808,0.825585399449036,1980,7635,624,1170,39,5365,33,1660,34,33
"1566","2020-05-10",223,18,253,523,5808,0.825585399449036,1980,7635,624,1170,23,5388,50,1710,21,50
"1567","2020-05-11",197,18,226,470,5808,0.825585399449036,1980,7635,624,1170,29,5417,52,1762,25,52
"1568","2020-05-12",190,18,260,433,5808,0.825585399449036,1980,7635,624,1170,34,5451,41,1803,32,41
"1569","2020-05-13",193,18,296,405,5808,0.825585399449036,1980,7635,624,1170,20,5471,21,1824,18,21
"1570","2020-05-14",173,18,289,380,5808,0.825585399449036,1980,7635,624,1170,27,5498,19,1843,19,19
"1571","2020-05-15",148,18,283,354,5808,0.825585399449036,1980,7635,624,1170,11,5509,13,1856,11,13
"1572","2020-05-16",136,18,291,330,5808,0.825585399449036,1980,7635,624,1170,18,5527,35,1891,16,35
"1573","2020-05-17",129,18,254,310,5808,0.825585399449036,1980,7635,624,1170,16,5543,17,1908,14,17
"1574","2020-05-18",126,18,222,276,5808,0.825585399449036,1980,7635,624,1170,16,5559,41,1949,14,41
"1575","2020-05-19",102,18,195,274,5808,0.825585399449036,1980,7635,624,1170,21,5580,27,1976,14,27
"1576","2020-05-20",95,18,147,256,5808,0.825585399449036,1980,7635,624,1170,15,5595,14,1990,9,14
"1577","2020-05-21",85,18,135,244,5808,0.825585399449036,1980,7635,624,1170,21,5616,13,2003,18,13
"1578","2020-05-22",69,18,148,229,5808,0.825585399449036,1980,7635,624,1170,11,5627,37,2040,9,37
"1579","2020-05-23",68,18,170,216,5808,0.825585399449036,1980,7635,624,1170,13,5640,18,2058,10,18
"1580","2020-05-24",70,18,162,204,5808,0.825585399449036,1980,7635,624,1170,12,5652,25,2083,6,25
"1581","2020-05-25",63,18,161,195,5808,0.825585399449036,1980,7635,624,1170,14,5666,17,2100,12,17
"1582","2020-05-26",67,18,171,191,5808,0.825585399449036,1980,7635,624,1170,11,5677,31,2131,10,31
"1583","2020-05-27",63,18,198,184,5808,0.825585399449036,1980,7635,624,1170,7,5684,24,2155,7,24
"1584","2020-05-28",62,18,221,175,5808,0.825585399449036,1980,7635,624,1170,6,5690,44,2199,5,44
"1585","2020-05-29",65,18,197,172,5808,0.825585399449036,1980,7635,624,1170,7,5697,35,2234,6,35
"1586","2020-05-30",62,18,184,169,5808,0.825585399449036,1980,7635,624,1170,14,5711,21,2255,12,21
"1587","2020-05-31",59,18,176,157,5808,0.825585399449036,1980,7635,624,1170,7,5718,23,2278,6,23
"1588","2020-06-01",61,18,170,156,5808,0.825585399449036,1980,7635,624,1170,8,5726,24,2302,5,24
"1589","2020-06-02",50,18,202,153,5808,0.825585399449036,1980,7635,624,1170,11,5737,14,2316,9,14
"1590","2020-06-03",48,18,227,152,5808,0.825585399449036,1980,7635,624,1170,6,5743,8,2324,4,8
"1591","2020-06-04",47,18,194,148,5808,0.825585399449036,1980,7635,624,1170,3,5746,20,2344,2,20
"1592","2020-06-05",51,18,179,143,5808,0.825585399449036,1980,7635,624,1170,8,5754,16,2360,7,16
"1593","2020-06-06",49,18,154,139,5808,0.825585399449036,1980,7635,624,1170,4,5758,17,2377,4,17
"1594","2020-06-07",45,18,128,138,5808,0.825585399449036,1980,7635,624,1170,5,5763,16,2393,2,16
"1595","2020-03-12",1,19,21,47,4750,0.541473684210526,2040,7388,536,758,41,60,18,45,8,18
"1596","2020-03-13",1,19,26,73,4750,0.541473684210526,2040,7388,536,758,42,102,8,53,11,8
"1597","2020-03-14",4,19,34,103,4750,0.541473684210526,2040,7388,536,758,45,147,19,72,11,19
"1598","2020-03-15",11,19,38,146,4750,0.541473684210526,2040,7388,536,758,39,186,32,104,14,32
"1599","2020-03-16",15,19,66,190,4750,0.541473684210526,2040,7388,536,758,58,244,34,138,34,34
"1600","2020-03-17",19,19,82,226,4750,0.541473684210526,2040,7388,536,758,70,314,17,155,42,17
"1601","2020-03-18",24,19,82,269,4750,0.541473684210526,2040,7388,536,758,84,398,6,161,54,6
"1602","2020-03-19",31,19,79,318,4750,0.541473684210526,2040,7388,536,758,100,498,3,164,72,3
"1603","2020-03-20",45,19,104,360,4750,0.541473684210526,2040,7388,536,758,96,594,36,200,69,36
"1604","2020-03-21",63,19,106,392,4750,0.541473684210526,2040,7388,536,758,116,710,14,214,84,14
"1605","2020-03-22",91,19,100,436,4750,0.541473684210526,2040,7388,536,758,112,822,11,225,82,11
"1606","2020-03-23",105,19,90,491,4750,0.541473684210526,2040,7388,536,758,133,955,6,231,105,6
"1607","2020-03-24",111,19,80,526,4750,0.541473684210526,2040,7388,536,758,132,1087,40,271,99,40
"1608","2020-03-25",119,19,79,545,4750,0.541473684210526,2040,7388,536,758,142,1229,26,297,109,26
"1609","2020-03-26",137,19,70,587,4750,0.541473684210526,2040,7388,536,758,152,1381,12,309,127,12
"1610","2020-03-27",183,19,82,636,4750,0.541473684210526,2040,7388,536,758,174,1555,46,355,143,46
"1611","2020-03-28",206,19,109,642,4750,0.541473684210526,2040,7388,536,758,163,1718,22,377,142,22
"1612","2020-03-29",189,19,140,663,4750,0.541473684210526,2040,7388,536,758,161,1879,55,432,135,55
"1613","2020-03-30",188,19,138,687,4750,0.541473684210526,2040,7388,536,758,192,2071,27,459,166,27
"1614","2020-03-31",202,19,147,697,4750,0.541473684210526,2040,7388,536,758,179,2250,48,507,156,48
"1615","2020-04-01",218,19,163,719,4750,0.541473684210526,2040,7388,536,758,178,2428,50,557,161,50
"1616","2020-04-02",220,19,169,751,4750,0.541473684210526,2040,7388,536,758,171,2599,31,588,140,31
"1617","2020-04-03",236,19,191,773,4750,0.541473684210526,2040,7388,536,758,193,2792,58,646,166,58
"1618","2020-04-04",233,19,203,797,4750,0.541473684210526,2040,7388,536,758,199,2991,47,693,166,47
"1619","2020-04-05",264,19,196,820,4750,0.541473684210526,2040,7388,536,758,149,3140,44,737,120,44
"1620","2020-04-06",263,19,197,850,4750,0.541473684210526,2040,7388,536,758,159,3299,18,755,135,18
"1621","2020-04-07",253,19,193,870,4750,0.541473684210526,2040,7388,536,758,177,3476,17,772,150,17
"1622","2020-04-08",255,19,174,896,4750,0.541473684210526,2040,7388,536,758,162,3638,9,781,138,9
"1623","2020-04-09",267,19,165,911,4750,0.541473684210526,2040,7388,536,758,148,3786,16,797,129,16
"1624","2020-04-10",302,19,164,928,4750,0.541473684210526,2040,7388,536,758,173,3959,12,809,149,12
"1625","2020-04-11",324,19,166,923,4750,0.541473684210526,2040,7388,536,758,133,4092,8,817,108,8
"1626","2020-04-12",312,19,158,942,4750,0.541473684210526,2040,7388,536,758,138,4230,12,829,118,12
"1627","2020-04-13",314,19,150,939,4750,0.541473684210526,2040,7388,536,758,135,4365,11,840,115,11
"1628","2020-04-14",305,19,148,910,4750,0.541473684210526,2040,7388,536,758,145,4510,14,854,123,14
"1629","2020-04-15",311,19,120,912,4750,0.541473684210526,2040,7388,536,758,96,4606,12,866,77,12
"1630","2020-04-16",303,19,126,904,4750,0.541473684210526,2040,7388,536,758,102,4708,7,873,79,7
"1631","2020-04-17",328,19,157,900,4750,0.541473684210526,2040,7388,536,758,86,4794,10,883,69,10
"1632","2020-04-18",317,19,159,898,4750,0.541473684210526,2040,7388,536,758,85,4879,27,910,66,27
"1633","2020-04-19",283,19,151,887,4750,0.541473684210526,2040,7388,536,758,88,4967,60,970,71,60
"1634","2020-04-20",272,19,135,883,4750,0.541473684210526,2040,7388,536,758,75,5042,32,1002,57,32
"1635","2020-04-21",281,19,133,861,4750,0.541473684210526,2040,7388,536,758,71,5113,14,1016,53,14
"1636","2020-04-22",282,19,158,849,4750,0.541473684210526,2040,7388,536,758,63,5176,17,1033,43,17
"1637","2020-04-23",278,19,185,837,4750,0.541473684210526,2040,7388,536,758,59,5235,7,1040,42,7
"1638","2020-04-24",279,19,188,807,4750,0.541473684210526,2040,7388,536,758,51,5286,29,1069,38,29
"1639","2020-04-25",284,19,176,785,4750,0.541473684210526,2040,7388,536,758,39,5325,44,1113,29,44
"1640","2020-04-26",298,19,188,761,4750,0.541473684210526,2040,7388,536,758,36,5361,25,1138,26,25
"1641","2020-04-27",291,19,195,755,4750,0.541473684210526,2040,7388,536,758,50,5411,11,1149,32,11
"1642","2020-04-28",277,19,189,742,4750,0.541473684210526,2040,7388,536,758,44,5455,22,1171,31,22
"1643","2020-04-29",270,19,206,725,4750,0.541473684210526,2040,7388,536,758,47,5502,47,1218,26,47
"1644","2020-04-30",264,19,194,720,4750,0.541473684210526,2040,7388,536,758,35,5537,33,1251,27,33
"1645","2020-05-01",285,19,210,713,4750,0.541473684210526,2040,7388,536,758,30,5567,57,1308,12,57
"1646","2020-05-02",307,19,206,687,4750,0.541473684210526,2040,7388,536,758,34,5601,67,1375,21,67
"1647","2020-05-03",256,19,198,649,4750,0.541473684210526,2040,7388,536,758,42,5643,43,1418,27,43
"1648","2020-05-04",252,19,183,630,4750,0.541473684210526,2040,7388,536,758,24,5667,23,1441,14,23
"1649","2020-05-05",235,19,195,601,4750,0.541473684210526,2040,7388,536,758,32,5699,24,1465,15,24
"1650","2020-05-06",234,19,184,562,4750,0.541473684210526,2040,7388,536,758,24,5723,16,1481,14,16
"1651","2020-05-07",225,19,171,529,4750,0.541473684210526,2040,7388,536,758,34,5757,7,1488,22,7
"1652","2020-05-08",225,19,187,532,4750,0.541473684210526,2040,7388,536,758,24,5781,6,1494,12,6
"1653","2020-05-09",202,19,180,527,4750,0.541473684210526,2040,7388,536,758,26,5807,14,1508,15,14
"1654","2020-05-10",185,19,179,498,4750,0.541473684210526,2040,7388,536,758,31,5838,12,1520,14,12
"1655","2020-05-11",176,19,192,485,4750,0.541473684210526,2040,7388,536,758,20,5858,6,1526,7,6
"1656","2020-05-12",176,19,180,484,4750,0.541473684210526,2040,7388,536,758,16,5874,9,1535,6,9
"1657","2020-05-13",158,19,176,477,4750,0.541473684210526,2040,7388,536,758,18,5892,8,1543,8,8
"1658","2020-05-14",164,19,194,451,4750,0.541473684210526,2040,7388,536,758,20,5912,13,1556,12,13
"1659","2020-05-15",146,19,170,441,4750,0.541473684210526,2040,7388,536,758,18,5930,53,1609,12,53
"1660","2020-05-16",140,19,178,410,4750,0.541473684210526,2040,7388,536,758,15,5945,24,1633,7,24
"1661","2020-05-17",127,19,189,397,4750,0.541473684210526,2040,7388,536,758,17,5962,55,1688,10,55
"1662","2020-05-18",125,19,173,387,4750,0.541473684210526,2040,7388,536,758,12,5974,53,1741,7,53
"1663","2020-05-19",122,19,194,390,4750,0.541473684210526,2040,7388,536,758,16,5990,26,1767,6,26
"1664","2020-05-20",121,19,219,389,4750,0.541473684210526,2040,7388,536,758,15,6005,20,1787,5,20
"1665","2020-05-21",115,19,218,376,4750,0.541473684210526,2040,7388,536,758,19,6024,36,1823,10,36
"1666","2020-05-22",121,19,198,362,4750,0.541473684210526,2040,7388,536,758,15,6039,22,1845,7,22
"1667","2020-05-23",127,19,201,355,4750,0.541473684210526,2040,7388,536,758,14,6053,38,1883,6,38
"1668","2020-05-24",130,19,191,346,4750,0.541473684210526,2040,7388,536,758,15,6068,25,1908,7,25
"1669","2020-05-25",118,19,177,339,4750,0.541473684210526,2040,7388,536,758,15,6083,22,1930,8,22
"1670","2020-05-26",118,19,164,334,4750,0.541473684210526,2040,7388,536,758,10,6093,19,1949,1,19
"1671","2020-05-27",124,19,180,321,4750,0.541473684210526,2040,7388,536,758,6,6099,47,1996,2,47
"1672","2020-05-28",126,19,169,311,4750,0.541473684210526,2040,7388,536,758,10,6109,31,2027,5,31
"1673","2020-05-29",125,19,160,299,4750,0.541473684210526,2040,7388,536,758,9,6118,20,2047,3,20
"1674","2020-05-30",108,19,131,287,4750,0.541473684210526,2040,7388,536,758,11,6129,17,2064,7,17
"1675","2020-05-31",107,19,137,279,4750,0.541473684210526,2040,7388,536,758,8,6137,7,2071,4,7
"1676","2020-06-01",112,19,122,266,4750,0.541473684210526,2040,7388,536,758,10,6147,6,2077,6,6
"1677","2020-06-02",101,19,134,260,4750,0.541473684210526,2040,7388,536,758,5,6152,8,2085,2,8
"1678","2020-06-03",93,19,133,250,4750,0.541473684210526,2040,7388,536,758,12,6164,10,2095,3,10
"1679","2020-06-04",89,19,136,241,4750,0.541473684210526,2040,7388,536,758,7,6171,23,2118,4,23
"1680","2020-06-05",87,19,125,234,4750,0.541473684210526,2040,7388,536,758,6,6177,13,2131,3,13
"1681","2020-06-06",91,19,114,221,4750,0.541473684210526,2040,7388,536,758,6,6183,34,2165,2,34
"1682","2020-06-07",81,19,120,223,4750,0.541473684210526,2040,7388,536,758,6,6189,19,2184,4,19
"1683","2020-03-14",2,20,49,49,5647,0.920134584735258,2085,7374,621,1024,17,56,18,60,7,18
"1684","2020-03-15",3,20,90,74,5647,0.920134584735258,2085,7374,621,1024,21,77,15,75,10,15
"1685","2020-03-16",5,20,93,93,5647,0.920134584735258,2085,7374,621,1024,20,97,17,92,10,17
"1686","2020-03-17",12,20,87,113,5647,0.920134584735258,2085,7374,621,1024,28,125,20,112,19,20
"1687","2020-03-18",14,20,94,147,5647,0.920134584735258,2085,7374,621,1024,45,170,20,132,28,20
"1688","2020-03-19",19,20,106,184,5647,0.920134584735258,2085,7374,621,1024,35,205,16,148,27,16
"1689","2020-03-20",29,20,109,222,5647,0.920134584735258,2085,7374,621,1024,54,259,25,173,46,25
"1690","2020-03-21",48,20,125,261,5647,0.920134584735258,2085,7374,621,1024,57,316,21,194,43,21
"1691","2020-03-22",64,20,173,297,5647,0.920134584735258,2085,7374,621,1024,49,365,14,208,42,14
"1692","2020-03-23",69,20,178,351,5647,0.920134584735258,2085,7374,621,1024,64,429,20,228,51,20
"1693","2020-03-24",76,20,165,414,5647,0.920134584735258,2085,7374,621,1024,75,504,28,256,65,28
"1694","2020-03-25",86,20,156,464,5647,0.920134584735258,2085,7374,621,1024,77,581,36,292,62,36
"1695","2020-03-26",96,20,177,512,5647,0.920134584735258,2085,7374,621,1024,83,664,39,331,77,39
"1696","2020-03-27",121,20,161,591,5647,0.920134584735258,2085,7374,621,1024,93,757,20,351,82,20
"1697","2020-03-28",130,20,161,664,5647,0.920134584735258,2085,7374,621,1024,106,863,37,388,86,37
"1698","2020-03-29",165,20,138,743,5647,0.920134584735258,2085,7374,621,1024,121,984,41,429,102,41
"1699","2020-03-30",176,20,115,795,5647,0.920134584735258,2085,7374,621,1024,136,1120,44,473,118,44
"1700","2020-03-31",176,20,106,858,5647,0.920134584735258,2085,7374,621,1024,130,1250,40,513,117,40
"1701","2020-04-01",189,20,113,913,5647,0.920134584735258,2085,7374,621,1024,150,1400,31,544,141,31
"1702","2020-04-02",204,20,158,978,5647,0.920134584735258,2085,7374,621,1024,163,1563,28,572,154,28
"1703","2020-04-03",285,20,195,1077,5647,0.920134584735258,2085,7374,621,1024,144,1707,34,606,131,34
"1704","2020-04-04",317,20,194,1144,5647,0.920134584735258,2085,7374,621,1024,167,1874,30,636,154,30
"1705","2020-04-05",341,20,217,1199,5647,0.920134584735258,2085,7374,621,1024,206,2080,31,667,199,31
"1706","2020-04-06",349,20,255,1273,5647,0.920134584735258,2085,7374,621,1024,176,2256,28,695,169,28
"1707","2020-04-07",343,20,246,1313,5647,0.920134584735258,2085,7374,621,1024,199,2455,42,737,186,42
"1708","2020-04-08",364,20,235,1393,5647,0.920134584735258,2085,7374,621,1024,210,2665,36,773,201,36
"1709","2020-04-09",391,20,234,1412,5647,0.920134584735258,2085,7374,621,1024,136,2801,38,811,127,38
"1710","2020-04-10",495,20,250,1488,5647,0.920134584735258,2085,7374,621,1024,189,2990,31,842,182,31
"1711","2020-04-11",498,20,267,1522,5647,0.920134584735258,2085,7374,621,1024,163,3153,43,885,144,43
"1712","2020-04-12",501,20,250,1561,5647,0.920134584735258,2085,7374,621,1024,136,3289,48,933,130,48
"1713","2020-04-13",526,20,220,1591,5647,0.920134584735258,2085,7374,621,1024,178,3467,59,992,170,59
"1714","2020-04-14",530,20,182,1607,5647,0.920134584735258,2085,7374,621,1024,167,3634,42,1034,158,42
"1715","2020-04-15",548,20,159,1604,5647,0.920134584735258,2085,7374,621,1024,138,3772,30,1064,132,30
"1716","2020-04-16",555,20,144,1602,5647,0.920134584735258,2085,7374,621,1024,172,3944,20,1084,158,20
"1717","2020-04-17",617,20,158,1575,5647,0.920134584735258,2085,7374,621,1024,139,4083,31,1115,130,31
"1718","2020-04-18",658,20,198,1540,5647,0.920134584735258,2085,7374,621,1024,103,4186,29,1144,98,29
"1719","2020-04-19",579,20,235,1514,5647,0.920134584735258,2085,7374,621,1024,121,4307,35,1179,110,35
"1720","2020-04-20",552,20,261,1464,5647,0.920134584735258,2085,7374,621,1024,124,4431,24,1203,115,24
"1721","2020-04-21",528,20,233,1459,5647,0.920134584735258,2085,7374,621,1024,112,4543,27,1230,105,27
"1722","2020-04-22",514,20,218,1402,5647,0.920134584735258,2085,7374,621,1024,93,4636,39,1269,88,39
"1723","2020-04-23",505,20,218,1348,5647,0.920134584735258,2085,7374,621,1024,96,4732,44,1313,90,44
"1724","2020-04-24",488,20,193,1313,5647,0.920134584735258,2085,7374,621,1024,106,4838,39,1352,99,39
"1725","2020-04-25",458,20,172,1215,5647,0.920134584735258,2085,7374,621,1024,56,4894,53,1405,48,53
"1726","2020-04-26",411,20,144,1149,5647,0.920134584735258,2085,7374,621,1024,82,4976,48,1453,74,48
"1727","2020-04-27",411,20,135,1121,5647,0.920134584735258,2085,7374,621,1024,66,5042,47,1500,61,47
"1728","2020-04-28",404,20,141,1046,5647,0.920134584735258,2085,7374,621,1024,62,5104,48,1548,57,48
"1729","2020-04-29",393,20,187,1004,5647,0.920134584735258,2085,7374,621,1024,61,5165,25,1573,58,25
"1730","2020-04-30",372,20,223,949,5647,0.920134584735258,2085,7374,621,1024,49,5214,37,1610,43,37
"1731","2020-05-01",362,20,252,910,5647,0.920134584735258,2085,7374,621,1024,37,5251,40,1650,31,40
"1732","2020-05-02",349,20,281,852,5647,0.920134584735258,2085,7374,621,1024,34,5285,48,1698,22,48
"1733","2020-05-03",323,20,282,799,5647,0.920134584735258,2085,7374,621,1024,46,5331,44,1742,40,44
"1734","2020-05-04",299,20,233,771,5647,0.920134584735258,2085,7374,621,1024,39,5370,28,1770,33,28
"1735","2020-05-05",287,20,189,723,5647,0.920134584735258,2085,7374,621,1024,33,5403,32,1802,29,32
"1736","2020-05-06",271,20,200,694,5647,0.920134584735258,2085,7374,621,1024,33,5436,51,1853,25,51
"1737","2020-05-07",270,20,188,634,5647,0.920134584735258,2085,7374,621,1024,26,5462,36,1889,22,36
"1738","2020-05-08",245,20,225,592,5647,0.920134584735258,2085,7374,621,1024,37,5499,43,1932,30,43
"1739","2020-05-09",229,20,228,573,5647,0.920134584735258,2085,7374,621,1024,32,5531,34,1966,24,34
"1740","2020-05-10",202,20,225,533,5647,0.920134584735258,2085,7374,621,1024,19,5550,54,2020,13,54
"1741","2020-05-11",197,20,236,475,5647,0.920134584735258,2085,7374,621,1024,24,5574,52,2072,16,52
"1742","2020-05-12",186,20,220,437,5647,0.920134584735258,2085,7374,621,1024,18,5592,32,2104,13,32
"1743","2020-05-13",175,20,215,422,5647,0.920134584735258,2085,7374,621,1024,20,5612,34,2138,15,34
"1744","2020-05-14",155,20,196,380,5647,0.920134584735258,2085,7374,621,1024,23,5635,39,2177,18,39
"1745","2020-05-15",134,20,197,355,5647,0.920134584735258,2085,7374,621,1024,27,5662,41,2218,22,41
"1746","2020-05-16",132,20,208,323,5647,0.920134584735258,2085,7374,621,1024,15,5677,39,2257,10,39
"1747","2020-05-17",133,20,187,299,5647,0.920134584735258,2085,7374,621,1024,21,5698,43,2300,17,43
"1748","2020-05-18",125,20,176,270,5647,0.920134584735258,2085,7374,621,1024,16,5714,41,2341,13,41
"1749","2020-05-19",117,20,172,249,5647,0.920134584735258,2085,7374,621,1024,18,5732,28,2369,14,28
"1750","2020-05-20",113,20,156,228,5647,0.920134584735258,2085,7374,621,1024,10,5742,27,2396,8,27
"1751","2020-05-21",110,20,137,217,5647,0.920134584735258,2085,7374,621,1024,12,5754,29,2425,10,29
"1752","2020-05-22",96,20,122,202,5647,0.920134584735258,2085,7374,621,1024,5,5759,37,2462,4,37
"1753","2020-05-23",86,20,155,190,5647,0.920134584735258,2085,7374,621,1024,12,5771,32,2494,9,32
"1754","2020-05-24",66,20,140,173,5647,0.920134584735258,2085,7374,621,1024,11,5782,26,2520,7,26
"1755","2020-05-25",56,20,117,163,5647,0.920134584735258,2085,7374,621,1024,7,5789,41,2561,4,41
"1756","2020-05-26",51,20,117,150,5647,0.920134584735258,2085,7374,621,1024,7,5796,19,2580,3,19
"1757","2020-05-27",47,20,140,142,5647,0.920134584735258,2085,7374,621,1024,5,5801,36,2616,2,36
"1758","2020-05-28",43,20,159,132,5647,0.920134584735258,2085,7374,621,1024,4,5805,27,2643,3,27
"1759","2020-05-29",36,20,149,124,5647,0.920134584735258,2085,7374,621,1024,4,5809,41,2684,2,41
"1760","2020-05-30",35,20,139,113,5647,0.920134584735258,2085,7374,621,1024,8,5817,39,2723,5,39
"1761","2020-05-31",35,20,139,108,5647,0.920134584735258,2085,7374,621,1024,3,5820,33,2756,3,33
"1762","2020-06-01",32,20,135,102,5647,0.920134584735258,2085,7374,621,1024,7,5827,30,2786,4,30
"1763","2020-06-02",34,20,124,93,5647,0.920134584735258,2085,7374,621,1024,3,5830,41,2827,2,41
"1764","2020-06-03",32,20,121,83,5647,0.920134584735258,2085,7374,621,1024,4,5834,34,2861,1,34
"1765","2020-06-04",30,20,139,75,5647,0.920134584735258,2085,7374,621,1024,4,5838,41,2902,3,41
"1766","2020-06-05",30,20,149,74,5647,0.920134584735258,2085,7374,621,1024,5,5843,22,2924,3,22
"1767","2020-06-06",32,20,162,76,5647,0.920134584735258,2085,7374,621,1024,5,5848,33,2957,2,33
"1768","2020-06-07",31,20,163,73,5647,0.920134584735258,2085,7374,621,1024,5,5853,25,2982,2,25
