"","Date","Absents","Paramset","Infections_or_Exposed_per_day_Patient","Infections_or_Exposed_per_day_HCW","total_infections","nosocomial_proportion","PCR_pooled","LFD_pooled","HCW_symp_test","patient_symp_test","new_hcw_infs","cumulative_hcw_infs","new_pat_infs","cumulative_pats_infs","new_nosocomial_hcw_infs","new_nosocomial_pat_infs"
"1","2020-03-16",3,1,32,76,4305,0.767247386759582,0,0,401,182,19,77,13,32,10,13
"2","2020-03-17",5,1,34,94,4305,0.767247386759582,0,0,401,182,20,97,6,38,7,6
"3","2020-03-18",9,1,43,114,4305,0.767247386759582,0,0,401,182,20,117,16,54,15,16
"4","2020-03-19",11,1,46,126,4305,0.767247386759582,0,0,401,182,19,136,9,63,9,9
"5","2020-03-20",20,1,49,151,4305,0.767247386759582,0,0,401,182,30,166,10,73,21,10
"6","2020-03-21",23,1,40,175,4305,0.767247386759582,0,0,401,182,26,192,4,77,18,4
"7","2020-03-22",29,1,35,213,4305,0.767247386759582,0,0,401,182,40,232,3,80,26,3
"8","2020-03-23",32,1,41,228,4305,0.767247386759582,0,0,401,182,23,255,15,95,14,15
"9","2020-03-24",37,1,38,266,4305,0.767247386759582,0,0,401,182,50,305,6,101,28,6
"10","2020-03-25",41,1,31,297,4305,0.767247386759582,0,0,401,182,42,347,4,105,27,4
"11","2020-03-26",48,1,33,318,4305,0.767247386759582,0,0,401,182,37,384,3,108,27,3
"12","2020-03-27",45,1,37,344,4305,0.767247386759582,0,0,401,182,51,435,8,116,35,8
"13","2020-03-28",55,1,38,362,4305,0.767247386759582,0,0,401,182,41,476,7,123,32,7
"14","2020-03-29",67,1,44,382,4305,0.767247386759582,0,0,401,182,47,523,10,133,38,10
"15","2020-03-30",81,1,45,401,4305,0.767247386759582,0,0,401,182,46,569,9,142,25,9
"16","2020-03-31",94,1,50,414,4305,0.767247386759582,0,0,401,182,34,603,8,150,26,8
"17","2020-04-01",101,1,41,449,4305,0.767247386759582,0,0,401,182,59,662,7,157,44,7
"18","2020-04-02",107,1,38,478,4305,0.767247386759582,0,0,401,182,60,722,5,162,49,5
"19","2020-04-03",127,1,43,493,4305,0.767247386759582,0,0,401,182,46,768,8,170,34,8
"20","2020-04-04",130,1,50,520,4305,0.767247386759582,0,0,401,182,66,834,12,182,53,12
"21","2020-04-05",128,1,49,554,4305,0.767247386759582,0,0,401,182,75,909,12,194,59,12
"22","2020-04-06",131,1,48,599,4305,0.767247386759582,0,0,401,182,81,990,3,197,60,3
"23","2020-04-07",130,1,49,635,4305,0.767247386759582,0,0,401,182,81,1071,12,209,66,12
"24","2020-04-08",135,1,45,640,4305,0.767247386759582,0,0,401,182,66,1137,9,218,51,9
"25","2020-04-09",148,1,48,676,4305,0.767247386759582,0,0,401,182,82,1219,12,230,67,12
"26","2020-04-10",152,1,59,705,4305,0.767247386759582,0,0,401,182,79,1298,17,247,62,17
"27","2020-04-11",157,1,73,750,4305,0.767247386759582,0,0,401,182,93,1391,22,269,79,22
"28","2020-04-12",185,1,58,780,4305,0.767247386759582,0,0,401,182,77,1468,12,281,59,12
"29","2020-04-13",188,1,67,807,4305,0.767247386759582,0,0,401,182,78,1546,14,295,70,14
"30","2020-04-14",205,1,69,818,4305,0.767247386759582,0,0,401,182,75,1621,13,308,59,13
"31","2020-04-15",225,1,71,845,4305,0.767247386759582,0,0,401,182,84,1705,8,316,71,8
"32","2020-04-16",229,1,73,859,4305,0.767247386759582,0,0,401,182,88,1793,13,329,73,13
"33","2020-04-17",234,1,69,877,4305,0.767247386759582,0,0,401,182,78,1871,11,340,70,11
"34","2020-04-18",248,1,65,908,4305,0.767247386759582,0,0,401,182,103,1974,7,347,90,7
"35","2020-04-19",241,1,55,913,4305,0.767247386759582,0,0,401,182,83,2057,10,357,68,10
"36","2020-04-20",247,1,52,907,4305,0.767247386759582,0,0,401,182,75,2132,3,360,66,3
"37","2020-04-21",254,1,51,911,4305,0.767247386759582,0,0,401,182,90,2222,12,372,77,12
"38","2020-04-22",252,1,44,918,4305,0.767247386759582,0,0,401,182,93,2315,5,377,81,5
"39","2020-04-23",258,1,42,903,4305,0.767247386759582,0,0,401,182,66,2381,9,386,56,9
"40","2020-04-24",255,1,39,880,4305,0.767247386759582,0,0,401,182,67,2448,8,394,53,8
"41","2020-04-25",249,1,36,876,4305,0.767247386759582,0,0,401,182,67,2515,7,401,58,7
"42","2020-04-26",243,1,37,859,4305,0.767247386759582,0,0,401,182,75,2590,3,404,57,3
"43","2020-04-27",245,1,46,844,4305,0.767247386759582,0,0,401,182,76,2666,11,415,63,11
"44","2020-04-28",226,1,48,830,4305,0.767247386759582,0,0,401,182,69,2735,14,429,59,14
"45","2020-04-29",221,1,48,808,4305,0.767247386759582,0,0,401,182,61,2796,5,434,50,5
"46","2020-04-30",215,1,51,780,4305,0.767247386759582,0,0,401,182,49,2845,8,442,38,8
"47","2020-05-01",209,1,56,768,4305,0.767247386759582,0,0,401,182,62,2907,14,456,47,14
"48","2020-05-02",226,1,55,759,4305,0.767247386759582,0,0,401,182,71,2978,12,468,56,12
"49","2020-05-03",227,1,58,736,4305,0.767247386759582,0,0,401,182,60,3038,11,479,55,11
"50","2020-05-04",234,1,62,714,4305,0.767247386759582,0,0,401,182,61,3099,9,488,51,9
"51","2020-05-05",235,1,58,693,4305,0.767247386759582,0,0,401,182,54,3153,6,494,41,6
"52","2020-05-06",232,1,58,695,4305,0.767247386759582,0,0,401,182,65,3218,7,501,54,7
"53","2020-05-07",224,1,61,688,4305,0.767247386759582,0,0,401,182,61,3279,15,516,49,15
"54","2020-05-08",230,1,66,675,4305,0.767247386759582,0,0,401,182,58,3337,18,534,53,18
"55","2020-05-09",221,1,69,658,4305,0.767247386759582,0,0,401,182,48,3385,10,544,38,10
"56","2020-05-10",213,1,73,639,4305,0.767247386759582,0,0,401,182,54,3439,22,566,46,22
"57","2020-05-11",191,1,87,625,4305,0.767247386759582,0,0,401,182,47,3486,19,585,38,19
"58","2020-05-12",191,1,84,637,4305,0.767247386759582,0,0,401,182,61,3547,17,602,55,17
"59","2020-05-13",185,1,76,624,4305,0.767247386759582,0,0,401,182,44,3591,17,619,34,17
"60","2020-05-14",185,1,69,596,4305,0.767247386759582,0,0,401,182,36,3627,10,629,29,10
"61","2020-05-15",190,1,77,574,4305,0.767247386759582,0,0,401,182,39,3666,13,642,30,13
"62","2020-05-16",177,1,66,549,4305,0.767247386759582,0,0,401,182,40,3706,11,653,34,11
"63","2020-05-17",171,1,64,532,4305,0.767247386759582,0,0,401,182,44,3750,13,666,37,13
"64","2020-05-18",174,1,70,525,4305,0.767247386759582,0,0,401,182,48,3798,17,683,40,17
"65","2020-05-19",171,1,69,504,4305,0.767247386759582,0,0,401,182,40,3838,13,696,33,13
"66","2020-05-20",167,1,61,491,4305,0.767247386759582,0,0,401,182,35,3873,9,705,30,9
"67","2020-05-21",163,1,53,450,4305,0.767247386759582,0,0,401,182,29,3902,9,714,24,9
"68","2020-05-22",145,1,52,435,4305,0.767247386759582,0,0,401,182,25,3927,5,719,21,5
"69","2020-05-23",144,1,42,422,4305,0.767247386759582,0,0,401,182,25,3952,2,721,20,2
"70","2020-05-24",149,1,40,396,4305,0.767247386759582,0,0,401,182,28,3980,2,723,25,2
"71","2020-05-25",143,1,38,374,4305,0.767247386759582,0,0,401,182,17,3997,5,728,16,5
"72","2020-05-26",139,1,33,350,4305,0.767247386759582,0,0,401,182,18,4015,6,734,13,6
"73","2020-05-27",135,1,38,341,4305,0.767247386759582,0,0,401,182,25,4040,10,744,19,10
"74","2020-05-28",127,1,33,333,4305,0.767247386759582,0,0,401,182,21,4061,NA,NA,16,NA
"75","2020-05-29",120,1,22,310,4305,0.767247386759582,0,0,401,182,20,4081,1,745,16,1
"76","2020-05-30",103,1,21,283,4305,0.767247386759582,0,0,401,182,14,4095,2,747,12,2
"77","2020-05-31",95,1,15,264,4305,0.767247386759582,0,0,401,182,13,4108,1,748,8,1
"78","2020-06-01",87,1,18,241,4305,0.767247386759582,0,0,401,182,18,4126,3,751,8,3
"79","2020-06-02",77,1,17,211,4305,0.767247386759582,0,0,401,182,8,4134,1,752,3,1
"80","2020-06-03",68,1,19,201,4305,0.767247386759582,0,0,401,182,11,4145,5,757,10,5
"81","2020-06-04",65,1,21,187,4305,0.767247386759582,0,0,401,182,15,4160,7,764,7,7
"82","2020-06-05",61,1,29,175,4305,0.767247386759582,0,0,401,182,9,4169,10,774,4,10
"83","2020-06-06",67,1,27,161,4305,0.767247386759582,0,0,401,182,8,4177,1,775,6,1
"84","2020-06-07",62,1,28,150,4305,0.767247386759582,0,0,401,182,9,4186,6,781,4,6
"85","2020-03-17",3,2,21,58,3154,0.840519974635384,0,0,266,157,11,71,3,22,2,3
"86","2020-03-18",3,2,21,69,3154,0.840519974635384,0,0,266,157,14,85,2,24,6,2
"87","2020-03-19",4,2,20,75,3154,0.840519974635384,0,0,266,157,13,98,3,27,5,3
"88","2020-03-20",7,2,13,90,3154,0.840519974635384,0,0,266,157,19,117,2,29,11,2
"89","2020-03-21",9,2,12,107,3154,0.840519974635384,0,0,266,157,24,141,2,31,8,2
"90","2020-03-22",14,2,10,119,3154,0.840519974635384,0,0,266,157,18,159,1,32,10,1
"91","2020-03-23",21,2,9,135,3154,0.840519974635384,0,0,266,157,21,180,3,35,12,3
"92","2020-03-24",24,2,9,147,3154,0.840519974635384,0,0,266,157,24,204,4,39,20,4
"93","2020-03-25",33,2,20,159,3154,0.840519974635384,0,0,266,157,19,223,2,41,10,2
"94","2020-03-26",42,2,22,176,3154,0.840519974635384,0,0,266,157,21,244,1,42,16,1
"95","2020-03-27",45,2,22,182,3154,0.840519974635384,0,0,266,157,22,266,3,45,12,3
"96","2020-03-28",48,2,22,197,3154,0.840519974635384,0,0,266,157,22,288,8,53,10,8
"97","2020-03-29",54,2,25,197,3154,0.840519974635384,0,0,266,157,16,304,6,59,11,6
"98","2020-03-30",52,2,35,215,3154,0.840519974635384,0,0,266,157,26,330,6,65,16,6
"99","2020-03-31",52,2,36,218,3154,0.840519974635384,0,0,266,157,28,358,10,75,16,10
"100","2020-04-01",53,2,43,226,3154,0.840519974635384,0,0,266,157,24,382,6,81,13,6
"101","2020-04-02",50,2,38,237,3154,0.840519974635384,0,0,266,157,30,412,8,89,21,8
"102","2020-04-03",55,2,35,255,3154,0.840519974635384,0,0,266,157,30,442,13,102,19,13
"103","2020-04-04",64,2,39,273,3154,0.840519974635384,0,0,266,157,21,463,10,112,9,10
"104","2020-04-05",65,2,31,290,3154,0.840519974635384,0,0,266,157,40,503,15,127,30,15
"105","2020-04-06",70,2,31,313,3154,0.840519974635384,0,0,266,157,24,527,7,134,16,7
"106","2020-04-07",76,2,27,342,3154,0.840519974635384,0,0,266,157,33,560,4,138,22,4
"107","2020-04-08",79,2,23,357,3154,0.840519974635384,0,0,266,157,19,579,9,147,12,9
"108","2020-04-09",91,2,28,370,3154,0.840519974635384,0,0,266,157,30,609,15,162,18,15
"109","2020-04-10",97,2,37,383,3154,0.840519974635384,0,0,266,157,25,634,12,174,13,12
"110","2020-04-11",102,2,38,397,3154,0.840519974635384,0,0,266,157,34,668,9,183,17,9
"111","2020-04-12",99,2,46,418,3154,0.840519974635384,0,0,266,157,31,699,13,196,21,13
"112","2020-04-13",107,2,48,424,3154,0.840519974635384,0,0,266,157,39,738,12,208,27,12
"113","2020-04-14",108,2,46,430,3154,0.840519974635384,0,0,266,157,26,764,9,217,14,9
"114","2020-04-15",111,2,44,430,3154,0.840519974635384,0,0,266,157,22,786,13,230,8,13
"115","2020-04-16",110,2,39,438,3154,0.840519974635384,0,0,266,157,18,804,7,237,9,7
"116","2020-04-17",113,2,40,461,3154,0.840519974635384,0,0,266,157,24,828,4,241,14,4
"117","2020-04-18",118,2,40,470,3154,0.840519974635384,0,0,266,157,31,859,12,253,21,12
"118","2020-04-19",125,2,49,483,3154,0.840519974635384,0,0,266,157,36,895,7,260,14,7
"119","2020-04-20",137,2,50,493,3154,0.840519974635384,0,0,266,157,37,932,5,265,26,5
"120","2020-04-21",141,2,46,509,3154,0.840519974635384,0,0,266,157,31,963,10,275,20,10
"121","2020-04-22",145,2,47,525,3154,0.840519974635384,0,0,266,157,33,996,9,284,26,9
"122","2020-04-23",152,2,47,536,3154,0.840519974635384,0,0,266,157,35,1031,6,290,22,6
"123","2020-04-24",160,2,58,568,3154,0.840519974635384,0,0,266,157,37,1068,6,296,18,6
"124","2020-04-25",157,2,60,558,3154,0.840519974635384,0,0,266,157,29,1097,5,301,15,5
"125","2020-04-26",169,2,53,576,3154,0.840519974635384,0,0,266,157,30,1127,5,306,20,5
"126","2020-04-27",166,2,48,558,3154,0.840519974635384,0,0,266,157,32,1159,12,318,16,12
"127","2020-04-28",165,2,45,563,3154,0.840519974635384,0,0,266,157,38,1197,11,329,29,11
"128","2020-04-29",164,2,44,571,3154,0.840519974635384,0,0,266,157,25,1222,14,343,12,14
"129","2020-04-30",164,2,42,566,3154,0.840519974635384,0,0,266,157,35,1257,8,351,20,8
"130","2020-05-01",152,2,47,579,3154,0.840519974635384,0,0,266,157,26,1283,13,364,12,13
"131","2020-05-02",151,2,51,584,3154,0.840519974635384,0,0,266,157,25,1308,15,379,16,15
"132","2020-05-03",144,2,49,585,3154,0.840519974635384,0,0,266,157,27,1335,10,389,18,10
"133","2020-05-04",136,2,45,601,3154,0.840519974635384,0,0,266,157,27,1362,13,402,9,13
"134","2020-05-05",139,2,41,609,3154,0.840519974635384,0,0,266,157,20,1382,16,418,12,16
"135","2020-05-06",144,2,46,594,3154,0.840519974635384,0,0,266,157,27,1409,10,428,13,10
"136","2020-05-07",139,2,56,596,3154,0.840519974635384,0,0,266,157,21,1430,11,439,8,11
"137","2020-05-08",150,2,59,597,3154,0.840519974635384,0,0,266,157,20,1450,4,443,7,4
"138","2020-05-09",160,2,64,589,3154,0.840519974635384,0,0,266,157,27,1477,14,457,16,14
"139","2020-05-10",163,2,70,600,3154,0.840519974635384,0,0,266,157,27,1504,10,467,14,10
"140","2020-05-11",165,2,73,593,3154,0.840519974635384,0,0,266,157,26,1530,15,482,13,15
"141","2020-05-12",177,2,72,593,3154,0.840519974635384,0,0,266,157,21,1551,16,498,18,16
"142","2020-05-13",174,2,75,583,3154,0.840519974635384,0,0,266,157,29,1580,18,516,10,18
"143","2020-05-14",172,2,78,545,3154,0.840519974635384,0,0,266,157,24,1604,18,534,19,18
"144","2020-05-15",165,2,76,532,3154,0.840519974635384,0,0,266,157,18,1622,12,546,12,12
"145","2020-05-16",164,2,72,510,3154,0.840519974635384,0,0,266,157,17,1639,11,557,12,11
"146","2020-05-17",164,2,60,479,3154,0.840519974635384,0,0,266,157,20,1659,17,574,10,17
"147","2020-05-18",161,2,60,460,3154,0.840519974635384,0,0,266,157,23,1682,14,588,12,14
"148","2020-05-19",147,2,64,442,3154,0.840519974635384,0,0,266,157,19,1701,12,600,9,12
"149","2020-05-20",148,2,60,443,3154,0.840519974635384,0,0,266,157,24,1725,8,608,15,8
"150","2020-05-21",152,2,52,418,3154,0.840519974635384,0,0,266,157,13,1738,9,617,5,9
"151","2020-05-22",148,2,48,417,3154,0.840519974635384,0,0,266,157,22,1760,12,629,15,12
"152","2020-05-23",135,2,50,426,3154,0.840519974635384,0,0,266,157,19,1779,9,638,12,9
"153","2020-05-24",123,2,50,398,3154,0.840519974635384,0,0,266,157,22,1801,23,661,10,23
"154","2020-05-25",121,2,49,386,3154,0.840519974635384,0,0,266,157,18,1819,21,682,11,21
"155","2020-05-26",118,2,51,357,3154,0.840519974635384,0,0,266,157,7,1826,12,694,3,12
"156","2020-05-27",114,2,50,350,3154,0.840519974635384,0,0,266,157,7,1833,9,703,3,9
"157","2020-05-28",106,2,47,347,3154,0.840519974635384,0,0,266,157,12,1845,12,715,8,12
"158","2020-05-29",105,2,56,343,3154,0.840519974635384,0,0,266,157,19,1864,14,729,8,14
"159","2020-05-30",102,2,59,334,3154,0.840519974635384,0,0,266,157,9,1873,16,745,4,16
"160","2020-05-31",99,2,53,341,3154,0.840519974635384,0,0,266,157,7,1880,13,758,3,13
"161","2020-06-01",95,2,52,323,3154,0.840519974635384,0,0,266,157,9,1889,14,772,5,14
"162","2020-06-02",94,2,40,313,3154,0.840519974635384,0,0,266,157,19,1908,19,791,12,19
"163","2020-06-03",89,2,36,298,3154,0.840519974635384,0,0,266,157,12,1920,10,801,2,10
"164","2020-06-04",82,2,37,285,3154,0.840519974635384,0,0,266,157,9,1929,9,810,5,9
"165","2020-06-05",76,2,44,279,3154,0.840519974635384,0,0,266,157,8,1937,17,827,6,17
"166","2020-06-06",73,2,38,266,3154,0.840519974635384,0,0,266,157,12,1949,4,831,4,4
"167","2020-06-07",80,2,33,252,3154,0.840519974635384,0,0,266,157,16,1965,8,839,7,8
"168","2020-03-15",1,3,34,50,2339,0.59042325780248,0,0,219,510,3,23,5,24,1,5
"169","2020-03-16",2,3,48,66,2339,0.59042325780248,0,0,219,510,11,34,6,30,6,6
"170","2020-03-17",4,3,63,95,2339,0.59042325780248,0,0,219,510,10,44,2,32,8,2
"171","2020-03-18",6,3,77,106,2339,0.59042325780248,0,0,219,510,16,60,6,38,13,6
"172","2020-03-19",12,3,81,120,2339,0.59042325780248,0,0,219,510,16,76,6,44,14,6
"173","2020-03-20",15,3,111,139,2339,0.59042325780248,0,0,219,510,17,93,4,48,15,4
"174","2020-03-21",20,3,118,160,2339,0.59042325780248,0,0,219,510,16,109,4,52,14,4
"175","2020-03-22",28,3,117,180,2339,0.59042325780248,0,0,219,510,13,122,4,56,11,4
"176","2020-03-23",36,3,114,189,2339,0.59042325780248,0,0,219,510,16,138,6,62,14,6
"177","2020-03-24",47,3,127,205,2339,0.59042325780248,0,0,219,510,26,164,5,67,23,5
"178","2020-03-25",56,3,121,225,2339,0.59042325780248,0,0,219,510,22,186,4,71,21,4
"179","2020-03-26",60,3,129,241,2339,0.59042325780248,0,0,219,510,29,215,8,79,28,8
"180","2020-03-27",66,3,140,249,2339,0.59042325780248,0,0,219,510,37,252,7,86,33,7
"181","2020-03-28",74,3,145,265,2339,0.59042325780248,0,0,219,510,36,288,16,102,30,16
"182","2020-03-29",75,3,174,278,2339,0.59042325780248,0,0,219,510,40,328,5,107,35,5
"183","2020-03-30",72,3,187,293,2339,0.59042325780248,0,0,219,510,55,383,8,115,54,8
"184","2020-03-31",70,3,175,310,2339,0.59042325780248,0,0,219,510,77,460,14,129,72,14
"185","2020-04-01",71,3,165,321,2339,0.59042325780248,0,0,219,510,69,529,13,142,64,13
"186","2020-04-02",75,3,164,326,2339,0.59042325780248,0,0,219,510,73,602,9,151,71,9
"187","2020-04-03",78,3,170,339,2339,0.59042325780248,0,0,219,510,65,667,18,169,60,18
"188","2020-04-04",83,3,171,339,2339,0.59042325780248,0,0,219,510,76,743,21,190,72,21
"189","2020-04-05",92,3,180,324,2339,0.59042325780248,0,0,219,510,76,819,16,206,71,16
"190","2020-04-06",95,3,164,320,2339,0.59042325780248,0,0,219,510,73,892,18,224,69,18
"191","2020-04-07",99,3,159,325,2339,0.59042325780248,0,0,219,510,91,983,14,238,86,14
"192","2020-04-08",94,3,158,326,2339,0.59042325780248,0,0,219,510,103,1086,18,256,99,18
"193","2020-04-09",96,3,143,328,2339,0.59042325780248,0,0,219,510,93,1179,17,273,88,17
"194","2020-04-10",106,3,140,341,2339,0.59042325780248,0,0,219,510,109,1288,15,288,105,15
"195","2020-04-11",102,3,128,346,2339,0.59042325780248,0,0,219,510,74,1362,12,300,73,12
"196","2020-04-12",93,3,126,347,2339,0.59042325780248,0,0,219,510,107,1469,16,316,105,16
"197","2020-04-13",96,3,131,356,2339,0.59042325780248,0,0,219,510,126,1595,28,344,124,28
"198","2020-04-14",91,3,129,357,2339,0.59042325780248,0,0,219,510,138,1733,29,373,133,29
"199","2020-04-15",100,3,121,358,2339,0.59042325780248,0,0,219,510,122,1855,30,403,121,30
"200","2020-04-16",104,3,118,371,2339,0.59042325780248,0,0,219,510,130,1985,20,423,126,20
"201","2020-04-17",93,3,121,364,2339,0.59042325780248,0,0,219,510,144,2129,25,448,141,25
"202","2020-04-18",95,3,122,363,2339,0.59042325780248,0,0,219,510,91,2220,13,461,89,13
"203","2020-04-19",103,3,117,366,2339,0.59042325780248,0,0,219,510,119,2339,17,478,115,17
"204","2020-04-20",106,3,115,375,2339,0.59042325780248,0,0,219,510,154,2493,13,491,152,13
"205","2020-04-21",109,3,116,381,2339,0.59042325780248,0,0,219,510,99,2592,9,500,98,9
"206","2020-04-22",104,3,123,368,2339,0.59042325780248,0,0,219,510,140,2732,16,516,136,16
"207","2020-04-23",98,3,119,368,2339,0.59042325780248,0,0,219,510,115,2847,16,532,114,16
"208","2020-04-24",102,3,136,368,2339,0.59042325780248,0,0,219,510,123,2970,8,540,123,8
"209","2020-04-25",100,3,139,380,2339,0.59042325780248,0,0,219,510,102,3072,7,547,100,7
"210","2020-04-26",102,3,155,367,2339,0.59042325780248,0,0,219,510,117,3189,11,558,114,11
"211","2020-04-27",103,3,154,368,2339,0.59042325780248,0,0,219,510,102,3291,13,571,100,13
"212","2020-04-28",108,3,182,362,2339,0.59042325780248,0,0,219,510,92,3383,18,589,88,18
"213","2020-04-29",108,3,197,365,2339,0.59042325780248,0,0,219,510,152,3535,5,594,151,5
"214","2020-04-30",112,3,192,360,2339,0.59042325780248,0,0,219,510,95,3630,16,610,94,16
"215","2020-05-01",105,3,184,357,2339,0.59042325780248,0,0,219,510,107,3737,17,627,104,17
"216","2020-05-02",102,3,186,350,2339,0.59042325780248,0,0,219,510,95,3832,20,647,93,20
"217","2020-05-03",90,3,186,340,2339,0.59042325780248,0,0,219,510,119,3951,14,661,118,14
"218","2020-05-04",86,3,177,333,2339,0.59042325780248,0,0,219,510,94,4045,15,676,90,15
"219","2020-05-05",81,3,194,330,2339,0.59042325780248,0,0,219,510,110,4155,8,684,106,8
"220","2020-05-06",82,3,194,321,2339,0.59042325780248,0,0,219,510,76,4231,13,697,74,13
"221","2020-05-07",78,3,183,316,2339,0.59042325780248,0,0,219,510,64,4295,14,711,62,14
"222","2020-05-08",88,3,174,317,2339,0.59042325780248,0,0,219,510,72,4367,13,724,72,13
"223","2020-05-09",88,3,190,323,2339,0.59042325780248,0,0,219,510,58,4425,10,734,56,10
"224","2020-05-10",91,3,184,324,2339,0.59042325780248,0,0,219,510,78,4503,11,745,76,11
"225","2020-05-11",92,3,183,328,2339,0.59042325780248,0,0,219,510,40,4543,7,752,38,7
"226","2020-05-12",95,3,192,317,2339,0.59042325780248,0,0,219,510,67,4610,10,762,62,10
"227","2020-05-13",104,3,194,329,2339,0.59042325780248,0,0,219,510,36,4646,11,773,34,11
"228","2020-05-14",105,3,206,323,2339,0.59042325780248,0,0,219,510,41,4687,13,786,38,13
"229","2020-05-15",101,3,212,315,2339,0.59042325780248,0,0,219,510,48,4735,11,797,46,11
"230","2020-05-16",104,3,223,308,2339,0.59042325780248,0,0,219,510,40,4775,12,809,36,12
"231","2020-05-17",101,3,227,299,2339,0.59042325780248,0,0,219,510,38,4813,7,816,38,7
"232","2020-05-18",100,3,225,304,2339,0.59042325780248,0,0,219,510,28,4841,12,828,26,12
"233","2020-05-19",97,3,228,292,2339,0.59042325780248,0,0,219,510,41,4882,13,841,40,13
"234","2020-05-20",88,3,214,283,2339,0.59042325780248,0,0,219,510,25,4907,14,855,24,14
"235","2020-05-21",84,3,208,281,2339,0.59042325780248,0,0,219,510,31,4938,6,861,30,6
"236","2020-05-22",87,3,229,272,2339,0.59042325780248,0,0,219,510,22,4960,19,880,20,19
"237","2020-05-23",81,3,215,269,2339,0.59042325780248,0,0,219,510,21,4981,9,889,19,9
"238","2020-05-24",80,3,205,259,2339,0.59042325780248,0,0,219,510,13,4994,18,907,13,18
"239","2020-05-25",78,3,202,250,2339,0.59042325780248,0,0,219,510,23,5017,15,922,22,15
"240","2020-05-26",74,3,200,237,2339,0.59042325780248,0,0,219,510,17,5034,15,937,17,15
"241","2020-05-27",71,3,191,221,2339,0.59042325780248,0,0,219,510,17,5051,19,956,15,19
"242","2020-05-28",75,3,212,211,2339,0.59042325780248,0,0,219,510,16,5067,10,966,16,10
"243","2020-05-29",73,3,212,216,2339,0.59042325780248,0,0,219,510,13,5080,14,980,11,14
"244","2020-05-30",74,3,206,209,2339,0.59042325780248,0,0,219,510,9,5089,17,997,8,17
"245","2020-05-31",78,3,204,200,2339,0.59042325780248,0,0,219,510,16,5105,15,1012,15,15
"246","2020-06-01",79,3,214,199,2339,0.59042325780248,0,0,219,510,9,5114,26,1038,8,26
"247","2020-06-02",78,3,208,194,2339,0.59042325780248,0,0,219,510,9,5123,22,1060,8,22
"248","2020-06-03",76,3,223,181,2339,0.59042325780248,0,0,219,510,14,5137,18,1078,14,18
"249","2020-06-04",67,3,227,172,2339,0.59042325780248,0,0,219,510,13,5150,19,1097,11,19
"250","2020-06-05",55,3,226,165,2339,0.59042325780248,0,0,219,510,14,5164,19,1116,13,19
"251","2020-06-06",53,3,218,165,2339,0.59042325780248,0,0,219,510,7,5171,14,1130,7,14
"252","2020-06-07",52,3,215,157,2339,0.59042325780248,0,0,219,510,18,5189,12,1142,18,12
"253","2020-03-13",1,4,19,19,2563,0.832618025751073,0,0,228,203,14,46,7,29,NA,7
"254","2020-03-14",2,4,26,31,2563,0.832618025751073,0,0,228,203,21,67,14,43,10,14
"255","2020-03-15",2,4,25,40,2563,0.832618025751073,0,0,228,203,23,90,11,54,13,11
"256","2020-03-16",3,4,31,44,2563,0.832618025751073,0,0,228,203,31,121,21,75,24,21
"257","2020-03-17",3,4,36,56,2563,0.832618025751073,0,0,228,203,33,154,13,88,23,13
"258","2020-03-18",4,4,35,70,2563,0.832618025751073,0,0,228,203,50,204,18,106,40,18
"259","2020-03-19",4,4,34,80,2563,0.832618025751073,0,0,228,203,58,262,10,116,48,10
"260","2020-03-20",6,4,28,96,2563,0.832618025751073,0,0,228,203,56,318,16,132,46,16
"261","2020-03-21",10,4,28,109,2563,0.832618025751073,0,0,228,203,62,380,15,147,53,15
"262","2020-03-22",16,4,23,127,2563,0.832618025751073,0,0,228,203,85,465,8,155,80,8
"263","2020-03-23",20,4,19,142,2563,0.832618025751073,0,0,228,203,141,606,17,172,125,17
"264","2020-03-24",25,4,24,156,2563,0.832618025751073,0,0,228,203,110,716,16,188,98,16
"265","2020-03-25",32,4,25,173,2563,0.832618025751073,0,0,228,203,155,871,4,192,141,4
"266","2020-03-26",39,4,27,185,2563,0.832618025751073,0,0,228,203,165,1036,10,202,159,10
"267","2020-03-27",41,4,30,208,2563,0.832618025751073,0,0,228,203,199,1235,11,213,193,11
"268","2020-03-28",43,4,35,215,2563,0.832618025751073,0,0,228,203,255,1490,7,220,248,7
"269","2020-03-29",47,4,41,236,2563,0.832618025751073,0,0,228,203,166,1656,7,227,152,7
"270","2020-03-30",51,4,36,252,2563,0.832618025751073,0,0,228,203,191,1847,3,230,185,3
"271","2020-03-31",52,4,36,255,2563,0.832618025751073,0,0,228,203,210,2057,22,252,201,22
"272","2020-04-01",55,4,24,277,2563,0.832618025751073,0,0,228,203,236,2293,31,283,226,31
"273","2020-04-02",55,4,29,287,2563,0.832618025751073,0,0,228,203,243,2536,21,304,233,21
"274","2020-04-03",70,4,29,314,2563,0.832618025751073,0,0,228,203,312,2848,31,335,300,31
"275","2020-04-04",84,4,40,325,2563,0.832618025751073,0,0,228,203,248,3096,22,357,239,22
"276","2020-04-05",84,4,34,337,2563,0.832618025751073,0,0,228,203,288,3384,28,385,279,28
"277","2020-04-06",91,4,39,353,2563,0.832618025751073,0,0,228,203,388,3772,32,417,379,32
"278","2020-04-07",100,4,31,358,2563,0.832618025751073,0,0,228,203,278,4050,35,452,267,35
"279","2020-04-08",105,4,25,376,2563,0.832618025751073,0,0,228,203,418,4468,20,472,410,20
"280","2020-04-09",110,4,25,374,2563,0.832618025751073,0,0,228,203,280,4748,24,496,272,24
"281","2020-04-10",101,4,28,390,2563,0.832618025751073,0,0,228,203,301,5049,39,535,293,39
"282","2020-04-11",101,4,29,393,2563,0.832618025751073,0,0,228,203,262,5311,20,555,259,20
"283","2020-04-12",112,4,35,391,2563,0.832618025751073,0,0,228,203,250,5561,13,568,245,13
"284","2020-04-13",115,4,44,385,2563,0.832618025751073,0,0,228,203,232,5793,22,590,228,22
"285","2020-04-14",121,4,44,394,2563,0.832618025751073,0,0,228,203,159,5952,24,614,155,24
"286","2020-04-15",122,4,47,404,2563,0.832618025751073,0,0,228,203,168,6120,38,652,163,38
"287","2020-04-16",125,4,55,402,2563,0.832618025751073,0,0,228,203,160,6280,30,682,155,30
"288","2020-04-17",131,4,66,412,2563,0.832618025751073,0,0,228,203,148,6428,26,708,145,26
"289","2020-04-18",121,4,68,407,2563,0.832618025751073,0,0,228,203,115,6543,24,732,112,24
"290","2020-04-19",114,4,72,403,2563,0.832618025751073,0,0,228,203,105,6648,25,757,104,25
"291","2020-04-20",121,4,52,418,2563,0.832618025751073,0,0,228,203,90,6738,23,780,87,23
"292","2020-04-21",118,4,64,418,2563,0.832618025751073,0,0,228,203,51,6789,34,814,50,34
"293","2020-04-22",116,4,62,419,2563,0.832618025751073,0,0,228,203,58,6847,39,853,54,39
"294","2020-04-23",120,4,54,441,2563,0.832618025751073,0,0,228,203,49,6896,42,895,42,42
"295","2020-04-24",125,4,65,455,2563,0.832618025751073,0,0,228,203,54,6950,15,910,51,15
"296","2020-04-25",135,4,86,463,2563,0.832618025751073,0,0,228,203,41,6991,27,937,39,27
"297","2020-04-26",138,4,93,457,2563,0.832618025751073,0,0,228,203,24,7015,37,974,22,37
"298","2020-04-27",123,4,91,465,2563,0.832618025751073,0,0,228,203,30,7045,26,1000,29,26
"299","2020-04-28",132,4,88,483,2563,0.832618025751073,0,0,228,203,12,7057,26,1026,12,26
"300","2020-04-29",142,4,87,481,2563,0.832618025751073,0,0,228,203,23,7080,33,1059,19,33
"301","2020-04-30",136,4,83,470,2563,0.832618025751073,0,0,228,203,13,7093,26,1085,13,26
"302","2020-05-01",141,4,69,470,2563,0.832618025751073,0,0,228,203,19,7112,19,1104,18,19
"303","2020-05-02",139,4,65,463,2563,0.832618025751073,0,0,228,203,10,7122,8,1112,9,8
"304","2020-05-03",141,4,75,448,2563,0.832618025751073,0,0,228,203,11,7133,15,1127,10,15
"305","2020-05-04",144,4,65,446,2563,0.832618025751073,0,0,228,203,12,7145,40,1167,11,40
"306","2020-05-05",135,4,65,450,2563,0.832618025751073,0,0,228,203,8,7153,20,1187,8,20
"307","2020-05-06",129,4,74,427,2563,0.832618025751073,0,0,228,203,9,7162,37,1224,7,37
"308","2020-05-07",131,4,79,425,2563,0.832618025751073,0,0,228,203,8,7170,49,1273,6,49
"309","2020-05-08",118,4,78,409,2563,0.832618025751073,0,0,228,203,8,7178,41,1314,7,41
"310","2020-05-09",114,4,83,399,2563,0.832618025751073,0,0,228,203,7,7185,20,1334,6,20
"311","2020-05-10",109,4,83,387,2563,0.832618025751073,0,0,228,203,10,7195,14,1348,9,14
"312","2020-05-11",112,4,79,374,2563,0.832618025751073,0,0,228,203,7,7202,18,1366,5,18
"313","2020-05-12",108,4,71,371,2563,0.832618025751073,0,0,228,203,7,7209,26,1392,6,26
"314","2020-05-13",101,4,71,357,2563,0.832618025751073,0,0,228,203,7,7216,11,1403,6,11
"315","2020-05-14",96,4,72,352,2563,0.832618025751073,0,0,228,203,7,7223,11,1414,3,11
"316","2020-05-15",97,4,62,334,2563,0.832618025751073,0,0,228,203,12,7235,7,1421,11,7
"317","2020-05-16",97,4,56,329,2563,0.832618025751073,0,0,228,203,5,7240,10,1431,3,10
"318","2020-05-17",99,4,50,338,2563,0.832618025751073,0,0,228,203,4,7244,8,1439,4,8
"319","2020-05-18",94,4,52,323,2563,0.832618025751073,0,0,228,203,4,7248,15,1454,2,15
"320","2020-05-19",93,4,52,311,2563,0.832618025751073,0,0,228,203,5,7253,11,1465,4,11
"321","2020-05-20",97,4,43,322,2563,0.832618025751073,0,0,228,203,2,7255,25,1490,1,25
"322","2020-05-21",108,4,42,314,2563,0.832618025751073,0,0,228,203,1,7256,12,1502,1,12
"323","2020-05-22",103,4,37,305,2563,0.832618025751073,0,0,228,203,2,7258,13,1515,1,13
"324","2020-05-23",97,4,32,295,2563,0.832618025751073,0,0,228,203,2,7260,14,1529,1,14
"325","2020-05-24",95,4,44,280,2563,0.832618025751073,0,0,228,203,2,7262,22,1551,2,22
"326","2020-05-25",90,4,46,269,2563,0.832618025751073,0,0,228,203,2,7264,8,1559,NA,8
"327","2020-05-26",89,4,39,261,2563,0.832618025751073,0,0,228,203,3,7267,7,1566,2,7
"328","2020-05-27",83,4,34,256,2563,0.832618025751073,0,0,228,203,1,7268,24,1590,NA,24
"329","2020-05-28",79,4,33,240,2563,0.832618025751073,0,0,228,203,2,7270,6,1596,1,6
"330","2020-05-29",80,4,39,225,2563,0.832618025751073,0,0,228,203,NA,NA,15,1611,NA,15
"331","2020-05-30",81,4,50,213,2563,0.832618025751073,0,0,228,203,5,7275,14,1625,2,14
"332","2020-05-31",77,4,59,210,2563,0.832618025751073,0,0,228,203,4,7279,12,1637,1,12
"333","2020-06-01",79,4,62,202,2563,0.832618025751073,0,0,228,203,5,7284,23,1660,4,23
"334","2020-06-02",77,4,60,196,2563,0.832618025751073,0,0,228,203,1,7285,10,1670,1,10
"335","2020-06-03",76,4,52,199,2563,0.832618025751073,0,0,228,203,3,7288,19,1689,2,19
"336","2020-06-04",66,4,49,202,2563,0.832618025751073,0,0,228,203,3,7291,17,1706,2,17
"337","2020-06-05",65,4,46,194,2563,0.832618025751073,0,0,228,203,2,7293,14,1720,2,14
"338","2020-06-06",65,4,44,186,2563,0.832618025751073,0,0,228,203,2,7295,25,1745,1,25
"339","2020-06-07",61,4,47,181,2563,0.832618025751073,0,0,228,203,NA,NA,24,1769,NA,24
"340","2020-03-13",1,5,10,19,2289,0.743556138051551,0,0,192,116,4,11,6,13,3,6
"341","2020-03-14",3,5,9,26,2289,0.743556138051551,0,0,192,116,1,12,6,19,NA,6
"342","2020-03-15",3,5,9,31,2289,0.743556138051551,0,0,192,116,9,21,2,21,3,2
"343","2020-03-16",5,5,15,37,2289,0.743556138051551,0,0,192,116,10,31,8,29,2,8
"344","2020-03-17",7,5,12,47,2289,0.743556138051551,0,0,192,116,8,39,10,39,6,10
"345","2020-03-18",9,5,20,56,2289,0.743556138051551,0,0,192,116,6,45,8,47,3,8
"346","2020-03-19",9,5,23,65,2289,0.743556138051551,0,0,192,116,7,52,8,55,4,8
"347","2020-03-20",8,5,23,78,2289,0.743556138051551,0,0,192,116,10,62,15,70,9,15
"348","2020-03-21",10,5,20,89,2289,0.743556138051551,0,0,192,116,11,73,11,81,8,11
"349","2020-03-22",14,5,24,102,2289,0.743556138051551,0,0,192,116,15,88,5,86,13,5
"350","2020-03-23",13,5,27,110,2289,0.743556138051551,0,0,192,116,19,107,3,89,16,3
"351","2020-03-24",17,5,24,125,2289,0.743556138051551,0,0,192,116,13,120,7,96,10,7
"352","2020-03-25",17,5,25,132,2289,0.743556138051551,0,0,192,116,16,136,12,108,11,12
"353","2020-03-26",24,5,25,143,2289,0.743556138051551,0,0,192,116,6,142,5,113,6,5
"354","2020-03-27",32,5,22,159,2289,0.743556138051551,0,0,192,116,15,157,8,121,12,8
"355","2020-03-28",33,5,22,174,2289,0.743556138051551,0,0,192,116,21,178,4,125,19,4
"356","2020-03-29",36,5,26,176,2289,0.743556138051551,0,0,192,116,16,194,11,136,12,11
"357","2020-03-30",40,5,27,179,2289,0.743556138051551,0,0,192,116,21,215,5,141,17,5
"358","2020-03-31",42,5,27,181,2289,0.743556138051551,0,0,192,116,18,233,8,149,15,8
"359","2020-04-01",47,5,27,197,2289,0.743556138051551,0,0,192,116,19,252,8,157,18,8
"360","2020-04-02",49,5,19,210,2289,0.743556138051551,0,0,192,116,22,274,7,164,17,7
"361","2020-04-03",48,5,18,226,2289,0.743556138051551,0,0,192,116,16,290,19,183,12,19
"362","2020-04-04",56,5,19,244,2289,0.743556138051551,0,0,192,116,26,316,13,196,22,13
"363","2020-04-05",54,5,20,253,2289,0.743556138051551,0,0,192,116,31,347,5,201,25,5
"364","2020-04-06",58,5,30,257,2289,0.743556138051551,0,0,192,116,29,376,17,218,25,17
"365","2020-04-07",59,5,32,270,2289,0.743556138051551,0,0,192,116,28,404,6,224,23,6
"366","2020-04-08",63,5,35,277,2289,0.743556138051551,0,0,192,116,41,445,8,232,39,8
"367","2020-04-09",63,5,35,280,2289,0.743556138051551,0,0,192,116,29,474,5,237,28,5
"368","2020-04-10",69,5,32,301,2289,0.743556138051551,0,0,192,116,40,514,7,244,37,7
"369","2020-04-11",75,5,26,330,2289,0.743556138051551,0,0,192,116,47,561,3,247,44,3
"370","2020-04-12",78,5,29,347,2289,0.743556138051551,0,0,192,116,38,599,9,256,35,9
"371","2020-04-13",83,5,32,354,2289,0.743556138051551,0,0,192,116,36,635,13,269,32,13
"372","2020-04-14",88,5,35,359,2289,0.743556138051551,0,0,192,116,58,693,11,280,55,11
"373","2020-04-15",86,5,35,366,2289,0.743556138051551,0,0,192,116,49,742,6,286,45,6
"374","2020-04-16",87,5,26,375,2289,0.743556138051551,0,0,192,116,49,791,8,294,45,8
"375","2020-04-17",98,5,30,373,2289,0.743556138051551,0,0,192,116,54,845,12,306,51,12
"376","2020-04-18",93,5,36,374,2289,0.743556138051551,0,0,192,116,37,882,15,321,34,15
"377","2020-04-19",100,5,36,371,2289,0.743556138051551,0,0,192,116,92,974,10,331,81,10
"378","2020-04-20",105,5,39,382,2289,0.743556138051551,0,0,192,116,56,1030,8,339,55,8
"379","2020-04-21",101,5,35,389,2289,0.743556138051551,0,0,192,116,54,1084,16,355,47,16
"380","2020-04-22",114,5,38,397,2289,0.743556138051551,0,0,192,116,63,1147,11,366,56,11
"381","2020-04-23",116,5,47,406,2289,0.743556138051551,0,0,192,116,59,1206,22,388,56,22
"382","2020-04-24",110,5,53,408,2289,0.743556138051551,0,0,192,116,60,1266,29,417,56,29
"383","2020-04-25",108,5,54,399,2289,0.743556138051551,0,0,192,116,56,1322,23,440,54,23
"384","2020-04-26",108,5,51,392,2289,0.743556138051551,0,0,192,116,58,1380,23,463,56,23
"385","2020-04-27",103,5,57,406,2289,0.743556138051551,0,0,192,116,68,1448,20,483,63,20
"386","2020-04-28",111,5,63,399,2289,0.743556138051551,0,0,192,116,62,1510,13,496,60,13
"387","2020-04-29",111,5,63,400,2289,0.743556138051551,0,0,192,116,54,1564,30,526,52,30
"388","2020-04-30",123,5,55,387,2289,0.743556138051551,0,0,192,116,38,1602,34,560,33,34
"389","2020-05-01",116,5,52,387,2289,0.743556138051551,0,0,192,116,31,1633,22,582,30,22
"390","2020-05-02",121,5,51,391,2289,0.743556138051551,0,0,192,116,39,1672,16,598,34,16
"391","2020-05-03",119,5,53,388,2289,0.743556138051551,0,0,192,116,41,1713,19,617,37,19
"392","2020-05-04",124,5,52,375,2289,0.743556138051551,0,0,192,116,42,1755,22,639,36,22
"393","2020-05-05",112,5,49,359,2289,0.743556138051551,0,0,192,116,32,1787,20,659,25,20
"394","2020-05-06",103,5,53,344,2289,0.743556138051551,0,0,192,116,26,1813,17,676,22,17
"395","2020-05-07",89,5,47,354,2289,0.743556138051551,0,0,192,116,36,1849,15,691,29,15
"396","2020-05-08",95,5,48,348,2289,0.743556138051551,0,0,192,116,36,1885,21,712,33,21
"397","2020-05-09",91,5,46,355,2289,0.743556138051551,0,0,192,116,35,1920,21,733,32,21
"398","2020-05-10",91,5,42,347,2289,0.743556138051551,0,0,192,116,26,1946,19,752,23,19
"399","2020-05-11",92,5,32,341,2289,0.743556138051551,0,0,192,116,37,1983,29,781,34,29
"400","2020-05-12",94,5,26,339,2289,0.743556138051551,0,0,192,116,29,2012,16,797,27,16
"401","2020-05-13",94,5,27,343,2289,0.743556138051551,0,0,192,116,23,2035,18,815,19,18
"402","2020-05-14",101,5,35,338,2289,0.743556138051551,0,0,192,116,25,2060,19,834,22,19
"403","2020-05-15",100,5,35,324,2289,0.743556138051551,0,0,192,116,30,2090,18,852,26,18
"404","2020-05-16",102,5,33,317,2289,0.743556138051551,0,0,192,116,19,2109,16,868,18,16
"405","2020-05-17",100,5,32,307,2289,0.743556138051551,0,0,192,116,35,2144,25,893,34,25
"406","2020-05-18",93,5,28,305,2289,0.743556138051551,0,0,192,116,27,2171,20,913,26,20
"407","2020-05-19",96,5,29,316,2289,0.743556138051551,0,0,192,116,19,2190,20,933,18,20
"408","2020-05-20",92,5,29,323,2289,0.743556138051551,0,0,192,116,22,2212,21,954,18,21
"409","2020-05-21",97,5,30,324,2289,0.743556138051551,0,0,192,116,18,2230,23,977,16,23
"410","2020-05-22",90,5,34,311,2289,0.743556138051551,0,0,192,116,33,2263,20,997,28,20
"411","2020-05-23",88,5,29,309,2289,0.743556138051551,0,0,192,116,25,2288,19,1016,21,19
"412","2020-05-24",88,5,35,299,2289,0.743556138051551,0,0,192,116,18,2306,18,1034,16,18
"413","2020-05-25",86,5,37,306,2289,0.743556138051551,0,0,192,116,30,2336,13,1047,30,13
"414","2020-05-26",87,5,33,300,2289,0.743556138051551,0,0,192,116,25,2361,18,1065,24,18
"415","2020-05-27",88,5,29,295,2289,0.743556138051551,0,0,192,116,15,2376,21,1086,14,21
"416","2020-05-28",76,5,37,287,2289,0.743556138051551,0,0,192,116,21,2397,18,1104,17,18
"417","2020-05-29",75,5,40,264,2289,0.743556138051551,0,0,192,116,26,2423,8,1112,23,8
"418","2020-05-30",67,5,38,258,2289,0.743556138051551,0,0,192,116,17,2440,20,1132,15,20
"419","2020-05-31",68,5,34,232,2289,0.743556138051551,0,0,192,116,19,2459,14,1146,18,14
"420","2020-06-01",70,5,37,225,2289,0.743556138051551,0,0,192,116,25,2484,11,1157,22,11
"421","2020-06-02",70,5,35,217,2289,0.743556138051551,0,0,192,116,13,2497,9,1166,10,9
"422","2020-06-03",68,5,27,216,2289,0.743556138051551,0,0,192,116,13,2510,7,1173,12,7
"423","2020-06-04",73,5,23,203,2289,0.743556138051551,0,0,192,116,28,2538,6,1179,26,6
"424","2020-06-05",74,5,31,201,2289,0.743556138051551,0,0,192,116,15,2553,14,1193,13,14
"425","2020-06-06",73,5,31,194,2289,0.743556138051551,0,0,192,116,22,2575,16,1209,22,16
"426","2020-06-07",66,5,24,179,2289,0.743556138051551,0,0,192,116,20,2595,12,1221,20,12
"427","2020-03-16",1,6,52,62,7034,0.951379016206995,0,0,622,307,12,53,NA,NA,6,NA
"428","2020-03-17",9,6,46,79,7034,0.951379016206995,0,0,622,307,17,70,3,28,9,3
"429","2020-03-18",10,6,42,97,7034,0.951379016206995,0,0,622,307,16,86,5,33,10,5
"430","2020-03-19",11,6,36,111,7034,0.951379016206995,0,0,622,307,15,101,8,41,8,8
"431","2020-03-20",16,6,43,145,7034,0.951379016206995,0,0,622,307,8,109,4,45,5,4
"432","2020-03-21",21,6,48,160,7034,0.951379016206995,0,0,622,307,21,130,8,53,12,8
"433","2020-03-22",29,6,34,191,7034,0.951379016206995,0,0,622,307,21,151,2,55,17,2
"434","2020-03-23",36,6,32,222,7034,0.951379016206995,0,0,622,307,18,169,3,58,13,3
"435","2020-03-24",35,6,39,267,7034,0.951379016206995,0,0,622,307,20,189,1,59,16,1
"436","2020-03-25",43,6,54,314,7034,0.951379016206995,0,0,622,307,24,213,NA,NA,14,NA
"437","2020-03-26",53,6,60,354,7034,0.951379016206995,0,0,622,307,18,231,NA,NA,11,NA
"438","2020-03-27",55,6,68,408,7034,0.951379016206995,0,0,622,307,18,249,5,64,13,5
"439","2020-03-28",65,6,64,455,7034,0.951379016206995,0,0,622,307,30,279,7,71,19,7
"440","2020-03-29",74,6,60,534,7034,0.951379016206995,0,0,622,307,24,303,11,82,16,11
"441","2020-03-30",96,6,62,610,7034,0.951379016206995,0,0,622,307,21,324,9,91,14,9
"442","2020-03-31",103,6,62,710,7034,0.951379016206995,0,0,622,307,30,354,3,94,22,3
"443","2020-04-01",121,6,68,808,7034,0.951379016206995,0,0,622,307,19,373,9,103,14,9
"444","2020-04-02",132,6,71,930,7034,0.951379016206995,0,0,622,307,25,398,15,118,17,15
"445","2020-04-03",160,6,80,1071,7034,0.951379016206995,0,0,622,307,37,435,12,130,31,12
"446","2020-04-04",184,6,71,1202,7034,0.951379016206995,0,0,622,307,18,453,15,145,14,15
"447","2020-04-05",210,6,70,1330,7034,0.951379016206995,0,0,622,307,24,477,17,162,17,17
"448","2020-04-06",222,6,72,1489,7034,0.951379016206995,0,0,622,307,27,504,14,176,22,14
"449","2020-04-07",272,6,72,1647,7034,0.951379016206995,0,0,622,307,38,542,11,187,29,11
"450","2020-04-08",317,6,67,1856,7034,0.951379016206995,0,0,622,307,32,574,14,201,21,14
"451","2020-04-09",361,6,59,2044,7034,0.951379016206995,0,0,622,307,29,603,2,203,20,2
"452","2020-04-10",402,6,71,2142,7034,0.951379016206995,0,0,622,307,39,642,9,212,30,9
"453","2020-04-11",449,6,87,2286,7034,0.951379016206995,0,0,622,307,34,676,16,228,25,16
"454","2020-04-12",499,6,85,2411,7034,0.951379016206995,0,0,622,307,29,705,10,238,19,10
"455","2020-04-13",556,6,96,2554,7034,0.951379016206995,0,0,622,307,31,736,12,250,23,12
"456","2020-04-14",597,6,83,2624,7034,0.951379016206995,0,0,622,307,47,783,8,258,38,8
"457","2020-04-15",635,6,85,2661,7034,0.951379016206995,0,0,622,307,32,815,15,273,24,15
"458","2020-04-16",667,6,91,2725,7034,0.951379016206995,0,0,622,307,31,846,24,297,22,24
"459","2020-04-17",705,6,87,2763,7034,0.951379016206995,0,0,622,307,32,878,15,312,23,15
"460","2020-04-18",726,6,82,2755,7034,0.951379016206995,0,0,622,307,37,915,10,322,26,10
"461","2020-04-19",741,6,93,2720,7034,0.951379016206995,0,0,622,307,40,955,6,328,29,6
"462","2020-04-20",754,6,97,2657,7034,0.951379016206995,0,0,622,307,32,987,6,334,19,6
"463","2020-04-21",756,6,108,2577,7034,0.951379016206995,0,0,622,307,33,1020,4,338,18,4
"464","2020-04-22",743,6,112,2426,7034,0.951379016206995,0,0,622,307,38,1058,16,354,28,16
"465","2020-04-23",735,6,110,2310,7034,0.951379016206995,0,0,622,307,41,1099,9,363,33,9
"466","2020-04-24",698,6,102,2196,7034,0.951379016206995,0,0,622,307,46,1145,9,372,26,9
"467","2020-04-25",690,6,110,2062,7034,0.951379016206995,0,0,622,307,43,1188,6,378,32,6
"468","2020-04-26",669,6,95,1916,7034,0.951379016206995,0,0,622,307,29,1217,29,407,21,29
"469","2020-04-27",641,6,86,1772,7034,0.951379016206995,0,0,622,307,25,1242,13,420,18,13
"470","2020-04-28",617,6,77,1635,7034,0.951379016206995,0,0,622,307,35,1277,16,436,29,16
"471","2020-04-29",590,6,66,1481,7034,0.951379016206995,0,0,622,307,29,1306,15,451,21,15
"472","2020-04-30",574,6,61,1340,7034,0.951379016206995,0,0,622,307,31,1337,17,468,22,17
"473","2020-05-01",542,6,52,1200,7034,0.951379016206995,0,0,622,307,26,1363,9,477,18,9
"474","2020-05-02",492,6,71,1049,7034,0.951379016206995,0,0,622,307,34,1397,16,493,25,16
"475","2020-05-03",450,6,76,920,7034,0.951379016206995,0,0,622,307,18,1415,14,507,10,14
"476","2020-05-04",408,6,73,798,7034,0.951379016206995,0,0,622,307,20,1435,12,519,11,12
"477","2020-05-05",358,6,73,702,7034,0.951379016206995,0,0,622,307,39,1474,18,537,25,18
"478","2020-05-06",314,6,63,599,7034,0.951379016206995,0,0,622,307,27,1501,19,556,20,19
"479","2020-05-07",262,6,54,500,7034,0.951379016206995,0,0,622,307,25,1526,19,575,16,19
"480","2020-05-08",238,6,58,429,7034,0.951379016206995,0,0,622,307,23,1549,10,585,17,10
"481","2020-05-09",209,6,54,377,7034,0.951379016206995,0,0,622,307,25,1574,8,593,14,8
"482","2020-05-10",182,6,49,330,7034,0.951379016206995,0,0,622,307,25,1599,5,598,13,5
"483","2020-05-11",156,6,51,284,7034,0.951379016206995,0,0,622,307,25,1624,11,609,13,11
"484","2020-05-12",134,6,47,240,7034,0.951379016206995,0,0,622,307,17,1641,23,632,6,23
"485","2020-05-13",119,6,45,211,7034,0.951379016206995,0,0,622,307,24,1665,9,641,16,9
"486","2020-05-14",108,6,47,179,7034,0.951379016206995,0,0,622,307,26,1691,14,655,14,14
"487","2020-05-15",96,6,64,153,7034,0.951379016206995,0,0,622,307,21,1712,15,670,16,15
"488","2020-05-16",80,6,70,129,7034,0.951379016206995,0,0,622,307,12,1724,8,678,9,8
"489","2020-05-17",69,6,71,123,7034,0.951379016206995,0,0,622,307,18,1742,13,691,10,13
"490","2020-05-18",57,6,81,108,7034,0.951379016206995,0,0,622,307,17,1759,6,697,11,6
"491","2020-05-19",48,6,81,95,7034,0.951379016206995,0,0,622,307,16,1775,2,699,10,2
"492","2020-05-20",44,6,67,86,7034,0.951379016206995,0,0,622,307,20,1795,4,703,13,4
"493","2020-05-21",39,6,77,78,7034,0.951379016206995,0,0,622,307,11,1806,17,720,8,17
"494","2020-05-22",33,6,87,75,7034,0.951379016206995,0,0,622,307,15,1821,8,728,13,8
"495","2020-05-23",32,6,96,67,7034,0.951379016206995,0,0,622,307,17,1838,6,734,9,6
"496","2020-05-24",26,6,82,58,7034,0.951379016206995,0,0,622,307,20,1858,7,741,13,7
"497","2020-05-25",23,6,72,52,7034,0.951379016206995,0,0,622,307,11,1869,12,753,8,12
"498","2020-05-26",22,6,71,47,7034,0.951379016206995,0,0,622,307,14,1883,11,764,10,11
"499","2020-05-27",17,6,70,44,7034,0.951379016206995,0,0,622,307,19,1902,7,771,12,7
"500","2020-05-28",12,6,63,37,7034,0.951379016206995,0,0,622,307,10,1912,13,784,7,13
"501","2020-05-29",11,6,50,38,7034,0.951379016206995,0,0,622,307,18,1930,17,801,12,17
"502","2020-05-30",9,6,60,38,7034,0.951379016206995,0,0,622,307,14,1944,19,820,9,19
"503","2020-05-31",10,6,66,33,7034,0.951379016206995,0,0,622,307,14,1958,15,835,11,15
"504","2020-06-01",11,6,56,33,7034,0.951379016206995,0,0,622,307,11,1969,13,848,4,13
"505","2020-06-02",10,6,52,30,7034,0.951379016206995,0,0,622,307,14,1983,12,860,9,12
"506","2020-06-03",8,6,41,28,7034,0.951379016206995,0,0,622,307,11,1994,7,867,7,7
"507","2020-06-04",7,6,39,31,7034,0.951379016206995,0,0,622,307,5,1999,5,872,3,5
"508","2020-06-05",6,6,34,32,7034,0.951379016206995,0,0,622,307,9,2008,6,878,6,6
"509","2020-06-06",5,6,33,29,7034,0.951379016206995,0,0,622,307,10,2018,7,885,9,7
"510","2020-06-07",5,6,31,31,7034,0.951379016206995,0,0,622,307,3,2021,15,900,1,15
"511","2020-03-16",4,7,20,83,2340,0.517948717948718,0,0,212,137,7,37,7,50,4,7
"512","2020-03-17",7,7,22,98,2340,0.517948717948718,0,0,212,137,8,45,NA,NA,6,NA
"513","2020-03-18",11,7,22,113,2340,0.517948717948718,0,0,212,137,6,51,1,51,4,1
"514","2020-03-19",13,7,19,127,2340,0.517948717948718,0,0,212,137,6,57,7,58,2,7
"515","2020-03-20",18,7,15,143,2340,0.517948717948718,0,0,212,137,10,67,13,71,9,13
"516","2020-03-21",21,7,12,155,2340,0.517948717948718,0,0,212,137,11,78,18,89,6,18
"517","2020-03-22",27,7,10,165,2340,0.517948717948718,0,0,212,137,11,89,10,99,6,10
"518","2020-03-23",30,7,12,174,2340,0.517948717948718,0,0,212,137,15,104,9,108,9,9
"519","2020-03-24",32,7,14,192,2340,0.517948717948718,0,0,212,137,10,114,17,125,5,17
"520","2020-03-25",35,7,12,199,2340,0.517948717948718,0,0,212,137,14,128,17,142,13,17
"521","2020-03-26",44,7,14,216,2340,0.517948717948718,0,0,212,137,18,146,14,156,9,14
"522","2020-03-27",50,7,21,228,2340,0.517948717948718,0,0,212,137,19,165,4,160,17,4
"523","2020-03-28",52,7,27,239,2340,0.517948717948718,0,0,212,137,18,183,10,170,16,10
"524","2020-03-29",55,7,31,260,2340,0.517948717948718,0,0,212,137,18,201,8,178,16,8
"525","2020-03-30",63,7,33,271,2340,0.517948717948718,0,0,212,137,21,222,11,189,20,11
"526","2020-03-31",66,7,28,278,2340,0.517948717948718,0,0,212,137,22,244,12,201,18,12
"527","2020-04-01",73,7,21,279,2340,0.517948717948718,0,0,212,137,20,264,16,217,14,16
"528","2020-04-02",75,7,24,286,2340,0.517948717948718,0,0,212,137,20,284,6,223,19,6
"529","2020-04-03",75,7,22,297,2340,0.517948717948718,0,0,212,137,33,317,19,242,29,19
"530","2020-04-04",78,7,23,305,2340,0.517948717948718,0,0,212,137,38,355,23,265,32,23
"531","2020-04-05",81,7,22,307,2340,0.517948717948718,0,0,212,137,20,375,19,284,19,19
"532","2020-04-06",77,7,19,315,2340,0.517948717948718,0,0,212,137,21,396,20,304,14,20
"533","2020-04-07",81,7,20,327,2340,0.517948717948718,0,0,212,137,34,430,12,316,31,12
"534","2020-04-08",79,7,25,332,2340,0.517948717948718,0,0,212,137,25,455,19,335,21,19
"535","2020-04-09",77,7,29,346,2340,0.517948717948718,0,0,212,137,36,491,14,349,32,14
"536","2020-04-10",81,7,32,350,2340,0.517948717948718,0,0,212,137,19,510,16,365,14,16
"537","2020-04-11",89,7,27,360,2340,0.517948717948718,0,0,212,137,41,551,34,399,33,34
"538","2020-04-12",89,7,23,367,2340,0.517948717948718,0,0,212,137,22,573,25,424,20,25
"539","2020-04-13",97,7,22,385,2340,0.517948717948718,0,0,212,137,33,606,18,442,29,18
"540","2020-04-14",103,7,20,398,2340,0.517948717948718,0,0,212,137,23,629,16,458,19,16
"541","2020-04-15",104,7,29,398,2340,0.517948717948718,0,0,212,137,33,662,13,471,27,13
"542","2020-04-16",112,7,40,410,2340,0.517948717948718,0,0,212,137,28,690,6,477,23,6
"543","2020-04-17",120,7,45,410,2340,0.517948717948718,0,0,212,137,34,724,10,487,31,10
"544","2020-04-18",123,7,49,415,2340,0.517948717948718,0,0,212,137,31,755,5,492,27,5
"545","2020-04-19",132,7,48,416,2340,0.517948717948718,0,0,212,137,43,798,4,496,38,4
"546","2020-04-20",126,7,55,398,2340,0.517948717948718,0,0,212,137,41,839,8,504,34,8
"547","2020-04-21",126,7,57,391,2340,0.517948717948718,0,0,212,137,42,881,11,515,38,11
"548","2020-04-22",129,7,50,398,2340,0.517948717948718,0,0,212,137,36,917,24,539,30,24
"549","2020-04-23",131,7,48,387,2340,0.517948717948718,0,0,212,137,29,946,14,553,24,14
"550","2020-04-24",123,7,41,380,2340,0.517948717948718,0,0,212,137,44,990,2,555,38,2
"551","2020-04-25",118,7,37,376,2340,0.517948717948718,0,0,212,137,32,1022,5,560,29,5
"552","2020-04-26",112,7,28,372,2340,0.517948717948718,0,0,212,137,39,1061,7,567,33,7
"553","2020-04-27",110,7,33,358,2340,0.517948717948718,0,0,212,137,37,1098,15,582,32,15
"554","2020-04-28",106,7,31,355,2340,0.517948717948718,0,0,212,137,30,1128,13,595,26,13
"555","2020-04-29",102,7,34,344,2340,0.517948717948718,0,0,212,137,36,1164,12,607,35,12
"556","2020-04-30",96,7,28,351,2340,0.517948717948718,0,0,212,137,28,1192,20,627,26,20
"557","2020-05-01",92,7,25,350,2340,0.517948717948718,0,0,212,137,27,1219,18,645,21,18
"558","2020-05-02",92,7,22,355,2340,0.517948717948718,0,0,212,137,37,1256,8,653,32,8
"559","2020-05-03",95,7,20,350,2340,0.517948717948718,0,0,212,137,25,1281,11,664,21,11
"560","2020-05-04",92,7,21,331,2340,0.517948717948718,0,0,212,137,44,1325,24,688,38,24
"561","2020-05-05",91,7,26,342,2340,0.517948717948718,0,0,212,137,34,1359,12,700,31,12
"562","2020-05-06",91,7,31,344,2340,0.517948717948718,0,0,212,137,19,1378,12,712,13,12
"563","2020-05-07",88,7,29,337,2340,0.517948717948718,0,0,212,137,25,1403,18,730,24,18
"564","2020-05-08",86,7,44,334,2340,0.517948717948718,0,0,212,137,29,1432,19,749,26,19
"565","2020-05-09",94,7,51,336,2340,0.517948717948718,0,0,212,137,28,1460,19,768,24,19
"566","2020-05-10",91,7,49,338,2340,0.517948717948718,0,0,212,137,32,1492,17,785,27,17
"567","2020-05-11",103,7,49,352,2340,0.517948717948718,0,0,212,137,27,1519,11,796,26,11
"568","2020-05-12",101,7,53,345,2340,0.517948717948718,0,0,212,137,31,1550,8,804,30,8
"569","2020-05-13",97,7,48,327,2340,0.517948717948718,0,0,212,137,30,1580,14,818,27,14
"570","2020-05-14",102,7,44,320,2340,0.517948717948718,0,0,212,137,26,1606,20,838,24,20
"571","2020-05-15",105,7,40,306,2340,0.517948717948718,0,0,212,137,23,1629,10,848,18,10
"572","2020-05-16",94,7,35,294,2340,0.517948717948718,0,0,212,137,25,1654,5,853,24,5
"573","2020-05-17",98,7,28,284,2340,0.517948717948718,0,0,212,137,27,1681,9,862,26,9
"574","2020-05-18",91,7,27,265,2340,0.517948717948718,0,0,212,137,31,1712,16,878,26,16
"575","2020-05-19",96,7,28,255,2340,0.517948717948718,0,0,212,137,36,1748,11,889,31,11
"576","2020-05-20",102,7,27,261,2340,0.517948717948718,0,0,212,137,32,1780,4,893,27,4
"577","2020-05-21",99,7,37,256,2340,0.517948717948718,0,0,212,137,27,1807,9,902,24,9
"578","2020-05-22",98,7,48,251,2340,0.517948717948718,0,0,212,137,23,1830,12,914,22,12
"579","2020-05-23",94,7,41,251,2340,0.517948717948718,0,0,212,137,31,1861,14,928,29,14
"580","2020-05-24",81,7,36,240,2340,0.517948717948718,0,0,212,137,34,1895,7,935,30,7
"581","2020-05-25",76,7,30,237,2340,0.517948717948718,0,0,212,137,28,1923,9,944,25,9
"582","2020-05-26",67,7,28,238,2340,0.517948717948718,0,0,212,137,19,1942,9,953,15,9
"583","2020-05-27",65,7,29,236,2340,0.517948717948718,0,0,212,137,27,1969,13,966,24,13
"584","2020-05-28",57,7,35,230,2340,0.517948717948718,0,0,212,137,16,1985,13,979,16,13
"585","2020-05-29",56,7,32,220,2340,0.517948717948718,0,0,212,137,20,2005,15,994,17,15
"586","2020-05-30",57,7,34,213,2340,0.517948717948718,0,0,212,137,22,2027,4,998,20,4
"587","2020-05-31",61,7,36,202,2340,0.517948717948718,0,0,212,137,15,2042,16,1014,15,16
"588","2020-06-01",61,7,33,197,2340,0.517948717948718,0,0,212,137,16,2058,5,1019,14,5
"589","2020-06-02",61,7,32,193,2340,0.517948717948718,0,0,212,137,14,2072,4,1023,14,4
"590","2020-06-03",57,7,30,183,2340,0.517948717948718,0,0,212,137,14,2086,4,1027,14,4
"591","2020-06-04",57,7,27,182,2340,0.517948717948718,0,0,212,137,12,2098,5,1032,12,5
"592","2020-06-05",51,7,26,171,2340,0.517948717948718,0,0,212,137,19,2117,10,1042,18,10
"593","2020-06-06",56,7,32,149,2340,0.517948717948718,0,0,212,137,22,2139,5,1047,20,5
"594","2020-06-07",53,7,31,139,2340,0.517948717948718,0,0,212,137,12,2151,2,1049,11,2
"595","2020-03-14",1,8,24,36,2165,0.652655889145497,0,0,191,397,6,23,4,15,1,4
"596","2020-03-15",1,8,25,47,2165,0.652655889145497,0,0,191,397,8,31,6,21,1,6
"597","2020-03-16",3,8,31,56,2165,0.652655889145497,0,0,191,397,7,38,3,24,NA,3
"598","2020-03-17",5,8,30,64,2165,0.652655889145497,0,0,191,397,9,47,4,28,4,4
"599","2020-03-18",8,8,31,77,2165,0.652655889145497,0,0,191,397,7,54,3,31,3,3
"600","2020-03-19",13,8,43,91,2165,0.652655889145497,0,0,191,397,11,65,1,32,2,1
"601","2020-03-20",18,8,54,110,2165,0.652655889145497,0,0,191,397,10,75,4,36,1,4
"602","2020-03-21",21,8,66,122,2165,0.652655889145497,0,0,191,397,8,83,7,43,5,7
"603","2020-03-22",23,8,73,146,2165,0.652655889145497,0,0,191,397,11,94,5,48,3,5
"604","2020-03-23",26,8,76,150,2165,0.652655889145497,0,0,191,397,13,107,8,56,3,8
"605","2020-03-24",34,8,84,165,2165,0.652655889145497,0,0,191,397,11,118,11,67,2,11
"606","2020-03-25",37,8,86,170,2165,0.652655889145497,0,0,191,397,6,124,7,74,3,7
"607","2020-03-26",37,8,86,180,2165,0.652655889145497,0,0,191,397,7,131,8,82,3,8
"608","2020-03-27",37,8,100,188,2165,0.652655889145497,0,0,191,397,8,139,4,86,4,4
"609","2020-03-28",38,8,107,201,2165,0.652655889145497,0,0,191,397,6,145,16,102,1,16
"610","2020-03-29",51,8,101,217,2165,0.652655889145497,0,0,191,397,12,157,11,113,2,11
"611","2020-03-30",56,8,91,240,2165,0.652655889145497,0,0,191,397,12,169,9,122,2,9
"612","2020-03-31",59,8,95,250,2165,0.652655889145497,0,0,191,397,13,182,15,137,5,15
"613","2020-04-01",65,8,97,259,2165,0.652655889145497,0,0,191,397,13,195,12,149,4,12
"614","2020-04-02",72,8,102,266,2165,0.652655889145497,0,0,191,397,9,204,11,160,5,11
"615","2020-04-03",80,8,110,271,2165,0.652655889145497,0,0,191,397,18,222,9,169,6,9
"616","2020-04-04",84,8,121,285,2165,0.652655889145497,0,0,191,397,7,229,6,175,3,6
"617","2020-04-05",76,8,122,300,2165,0.652655889145497,0,0,191,397,16,245,6,181,8,6
"618","2020-04-06",79,8,126,310,2165,0.652655889145497,0,0,191,397,16,261,6,187,10,6
"619","2020-04-07",82,8,130,309,2165,0.652655889145497,0,0,191,397,16,277,9,196,10,9
"620","2020-04-08",86,8,125,324,2165,0.652655889145497,0,0,191,397,19,296,8,204,13,8
"621","2020-04-09",91,8,117,325,2165,0.652655889145497,0,0,191,397,22,318,1,205,11,1
"622","2020-04-10",86,8,126,331,2165,0.652655889145497,0,0,191,397,16,334,4,209,6,4
"623","2020-04-11",90,8,108,329,2165,0.652655889145497,0,0,191,397,18,352,6,215,9,6
"624","2020-04-12",96,8,140,331,2165,0.652655889145497,0,0,191,397,22,374,4,219,14,4
"625","2020-04-13",101,8,130,324,2165,0.652655889145497,0,0,191,397,27,401,4,223,17,4
"626","2020-04-14",98,8,120,332,2165,0.652655889145497,0,0,191,397,24,425,18,241,13,18
"627","2020-04-15",94,8,116,334,2165,0.652655889145497,0,0,191,397,13,438,11,252,7,11
"628","2020-04-16",89,8,122,347,2165,0.652655889145497,0,0,191,397,20,458,9,261,12,9
"629","2020-04-17",92,8,131,342,2165,0.652655889145497,0,0,191,397,22,480,7,268,10,7
"630","2020-04-18",95,8,133,338,2165,0.652655889145497,0,0,191,397,22,502,6,274,13,6
"631","2020-04-19",91,8,144,336,2165,0.652655889145497,0,0,191,397,19,521,4,278,12,4
"632","2020-04-20",87,8,170,328,2165,0.652655889145497,0,0,191,397,26,547,10,288,18,10
"633","2020-04-21",85,8,196,326,2165,0.652655889145497,0,0,191,397,25,572,13,301,11,13
"634","2020-04-22",93,8,190,339,2165,0.652655889145497,0,0,191,397,17,589,8,309,11,8
"635","2020-04-23",91,8,192,342,2165,0.652655889145497,0,0,191,397,17,606,3,312,10,3
"636","2020-04-24",93,8,190,326,2165,0.652655889145497,0,0,191,397,21,627,10,322,10,10
"637","2020-04-25",87,8,194,333,2165,0.652655889145497,0,0,191,397,19,646,19,341,11,19
"638","2020-04-26",89,8,176,329,2165,0.652655889145497,0,0,191,397,20,666,7,348,12,7
"639","2020-04-27",81,8,187,332,2165,0.652655889145497,0,0,191,397,23,689,9,357,12,9
"640","2020-04-28",88,8,202,328,2165,0.652655889145497,0,0,191,397,13,702,9,366,8,9
"641","2020-04-29",81,8,182,323,2165,0.652655889145497,0,0,191,397,16,718,6,372,8,6
"642","2020-04-30",83,8,189,316,2165,0.652655889145497,0,0,191,397,15,733,4,376,10,4
"643","2020-05-01",81,8,173,311,2165,0.652655889145497,0,0,191,397,25,758,11,387,13,11
"644","2020-05-02",79,8,164,307,2165,0.652655889145497,0,0,191,397,17,775,10,397,7,10
"645","2020-05-03",81,8,172,311,2165,0.652655889145497,0,0,191,397,21,796,6,403,11,6
"646","2020-05-04",85,8,173,301,2165,0.652655889145497,0,0,191,397,22,818,16,419,11,16
"647","2020-05-05",78,8,173,288,2165,0.652655889145497,0,0,191,397,13,831,9,428,9,9
"648","2020-05-06",80,8,177,282,2165,0.652655889145497,0,0,191,397,12,843,10,438,6,10
"649","2020-05-07",81,8,171,293,2165,0.652655889145497,0,0,191,397,21,864,14,452,15,14
"650","2020-05-08",79,8,171,287,2165,0.652655889145497,0,0,191,397,20,884,17,469,10,17
"651","2020-05-09",81,8,156,286,2165,0.652655889145497,0,0,191,397,16,900,14,483,9,14
"652","2020-05-10",78,8,144,291,2165,0.652655889145497,0,0,191,397,22,922,8,491,6,8
"653","2020-05-11",79,8,123,289,2165,0.652655889145497,0,0,191,397,13,935,8,499,11,8
"654","2020-05-12",85,8,138,277,2165,0.652655889145497,0,0,191,397,14,949,10,509,4,10
"655","2020-05-13",77,8,169,276,2165,0.652655889145497,0,0,191,397,22,971,12,521,12,12
"656","2020-05-14",76,8,182,281,2165,0.652655889145497,0,0,191,397,23,994,6,527,17,6
"657","2020-05-15",76,8,190,280,2165,0.652655889145497,0,0,191,397,20,1014,7,534,12,7
"658","2020-05-16",83,8,167,277,2165,0.652655889145497,0,0,191,397,11,1025,6,540,4,6
"659","2020-05-17",85,8,140,274,2165,0.652655889145497,0,0,191,397,14,1039,3,543,7,3
"660","2020-05-18",82,8,135,279,2165,0.652655889145497,0,0,191,397,11,1050,5,548,5,5
"661","2020-05-19",76,8,130,276,2165,0.652655889145497,0,0,191,397,23,1073,4,552,12,4
"662","2020-05-20",83,8,120,267,2165,0.652655889145497,0,0,191,397,14,1087,11,563,4,11
"663","2020-05-21",82,8,111,267,2165,0.652655889145497,0,0,191,397,18,1105,7,570,10,7
"664","2020-05-22",79,8,115,272,2165,0.652655889145497,0,0,191,397,13,1118,11,581,9,11
"665","2020-05-23",77,8,129,276,2165,0.652655889145497,0,0,191,397,12,1130,6,587,9,6
"666","2020-05-24",76,8,124,284,2165,0.652655889145497,0,0,191,397,17,1147,8,595,9,8
"667","2020-05-25",76,8,119,271,2165,0.652655889145497,0,0,191,397,10,1157,8,603,3,8
"668","2020-05-26",76,8,126,247,2165,0.652655889145497,0,0,191,397,13,1170,6,609,8,6
"669","2020-05-27",74,8,122,240,2165,0.652655889145497,0,0,191,397,10,1180,8,617,7,8
"670","2020-05-28",73,8,134,236,2165,0.652655889145497,0,0,191,397,19,1199,9,626,12,9
"671","2020-05-29",77,8,138,226,2165,0.652655889145497,0,0,191,397,7,1206,11,637,3,11
"672","2020-05-30",69,8,135,229,2165,0.652655889145497,0,0,191,397,9,1215,9,646,4,9
"673","2020-05-31",66,8,123,231,2165,0.652655889145497,0,0,191,397,8,1223,16,662,2,16
"674","2020-06-01",67,8,127,221,2165,0.652655889145497,0,0,191,397,5,1228,4,666,3,4
"675","2020-06-02",67,8,137,214,2165,0.652655889145497,0,0,191,397,10,1238,11,677,2,11
"676","2020-06-03",62,8,154,201,2165,0.652655889145497,0,0,191,397,7,1245,6,683,3,6
"677","2020-06-04",63,8,146,195,2165,0.652655889145497,0,0,191,397,6,1251,2,685,1,2
"678","2020-06-05",62,8,148,204,2165,0.652655889145497,0,0,191,397,10,1261,3,688,7,3
"679","2020-06-06",62,8,130,191,2165,0.652655889145497,0,0,191,397,11,1272,1,689,8,1
"680","2020-06-07",69,8,123,188,2165,0.652655889145497,0,0,191,397,8,1280,2,691,6,2
"681","2020-03-15",1,9,20,14,6504,0.983394833948339,0,0,544,236,3,8,4,21,1,4
"682","2020-03-16",1,9,13,16,6504,0.983394833948339,0,0,544,236,3,11,7,28,2,7
"683","2020-03-17",3,9,17,17,6504,0.983394833948339,0,0,544,236,2,13,6,34,1,6
"684","2020-03-18",3,9,24,22,6504,0.983394833948339,0,0,544,236,NA,NA,5,39,NA,5
"685","2020-03-19",5,9,25,29,6504,0.983394833948339,0,0,544,236,6,19,7,46,4,7
"686","2020-03-20",7,9,26,33,6504,0.983394833948339,0,0,544,236,3,22,2,48,1,2
"687","2020-03-21",7,9,23,40,6504,0.983394833948339,0,0,544,236,5,27,6,54,2,6
"688","2020-03-22",9,9,18,56,6504,0.983394833948339,0,0,544,236,6,33,9,63,6,9
"689","2020-03-23",12,9,22,68,6504,0.983394833948339,0,0,544,236,9,42,3,66,8,3
"690","2020-03-24",12,9,25,73,6504,0.983394833948339,0,0,544,236,7,49,12,78,6,12
"691","2020-03-25",15,9,23,85,6504,0.983394833948339,0,0,544,236,14,63,6,84,12,6
"692","2020-03-26",15,9,25,101,6504,0.983394833948339,0,0,544,236,16,79,5,89,15,5
"693","2020-03-27",18,9,25,122,6504,0.983394833948339,0,0,544,236,15,94,19,108,14,19
"694","2020-03-28",24,9,22,137,6504,0.983394833948339,0,0,544,236,10,104,13,121,9,13
"695","2020-03-29",27,9,20,162,6504,0.983394833948339,0,0,544,236,21,125,8,129,17,8
"696","2020-03-30",28,9,16,192,6504,0.983394833948339,0,0,544,236,13,138,14,143,12,14
"697","2020-03-31",38,9,24,219,6504,0.983394833948339,0,0,544,236,18,156,17,160,15,17
"698","2020-04-01",40,9,34,260,6504,0.983394833948339,0,0,544,236,15,171,23,183,12,23
"699","2020-04-02",48,9,41,285,6504,0.983394833948339,0,0,544,236,15,186,12,195,12,12
"700","2020-04-03",52,9,43,321,6504,0.983394833948339,0,0,544,236,25,211,15,210,22,15
"701","2020-04-04",60,9,37,392,6504,0.983394833948339,0,0,544,236,26,237,11,221,24,11
"702","2020-04-05",65,9,32,436,6504,0.983394833948339,0,0,544,236,44,281,8,229,42,8
"703","2020-04-06",77,9,38,501,6504,0.983394833948339,0,0,544,236,34,315,7,236,32,7
"704","2020-04-07",82,9,41,590,6504,0.983394833948339,0,0,544,236,41,356,3,239,39,3
"705","2020-04-08",99,9,41,661,6504,0.983394833948339,0,0,544,236,36,392,9,248,34,9
"706","2020-04-09",112,9,33,766,6504,0.983394833948339,0,0,544,236,46,438,18,266,42,18
"707","2020-04-10",136,9,34,868,6504,0.983394833948339,0,0,544,236,53,491,10,276,51,10
"708","2020-04-11",155,9,43,969,6504,0.983394833948339,0,0,544,236,48,539,6,282,46,6
"709","2020-04-12",182,9,51,1083,6504,0.983394833948339,0,0,544,236,42,581,12,294,41,12
"710","2020-04-13",213,9,45,1204,6504,0.983394833948339,0,0,544,236,54,635,18,312,53,18
"711","2020-04-14",243,9,57,1352,6504,0.983394833948339,0,0,544,236,46,681,10,322,44,10
"712","2020-04-15",279,9,69,1463,6504,0.983394833948339,0,0,544,236,75,756,23,345,71,23
"713","2020-04-16",305,9,70,1607,6504,0.983394833948339,0,0,544,236,51,807,24,369,47,24
"714","2020-04-17",331,9,65,1771,6504,0.983394833948339,0,0,544,236,75,882,21,390,74,21
"715","2020-04-18",376,9,65,1922,6504,0.983394833948339,0,0,544,236,58,940,12,402,58,12
"716","2020-04-19",423,9,65,2028,6504,0.983394833948339,0,0,544,236,62,1002,5,407,60,5
"717","2020-04-20",449,9,65,2200,6504,0.983394833948339,0,0,544,236,62,1064,4,411,61,4
"718","2020-04-21",485,9,59,2281,6504,0.983394833948339,0,0,544,236,79,1143,3,414,78,3
"719","2020-04-22",524,9,51,2351,6504,0.983394833948339,0,0,544,236,56,1199,21,435,54,21
"720","2020-04-23",554,9,60,2372,6504,0.983394833948339,0,0,544,236,76,1275,18,453,69,18
"721","2020-04-24",586,9,62,2398,6504,0.983394833948339,0,0,544,236,73,1348,21,474,71,21
"722","2020-04-25",607,9,59,2426,6504,0.983394833948339,0,0,544,236,88,1436,8,482,87,8
"723","2020-04-26",627,9,56,2432,6504,0.983394833948339,0,0,544,236,71,1507,7,489,70,7
"724","2020-04-27",653,9,64,2434,6504,0.983394833948339,0,0,544,236,71,1578,8,497,71,8
"725","2020-04-28",665,9,77,2395,6504,0.983394833948339,0,0,544,236,81,1659,5,502,81,5
"726","2020-04-29",683,9,77,2313,6504,0.983394833948339,0,0,544,236,69,1728,23,525,65,23
"727","2020-04-30",684,9,79,2240,6504,0.983394833948339,0,0,544,236,100,1828,30,555,100,30
"728","2020-05-01",683,9,77,2140,6504,0.983394833948339,0,0,544,236,77,1905,22,577,76,22
"729","2020-05-02",690,9,70,2030,6504,0.983394833948339,0,0,544,236,65,1970,12,589,64,12
"730","2020-05-03",660,9,80,1944,6504,0.983394833948339,0,0,544,236,91,2061,21,610,90,21
"731","2020-05-04",654,9,79,1798,6504,0.983394833948339,0,0,544,236,67,2128,21,631,65,21
"732","2020-05-05",642,9,93,1684,6504,0.983394833948339,0,0,544,236,53,2181,29,660,53,29
"733","2020-05-06",590,9,97,1547,6504,0.983394833948339,0,0,544,236,77,2258,14,674,76,14
"734","2020-05-07",562,9,108,1425,6504,0.983394833948339,0,0,544,236,75,2333,27,701,74,27
"735","2020-05-08",538,9,100,1308,6504,0.983394833948339,0,0,544,236,45,2378,16,717,44,16
"736","2020-05-09",490,9,86,1182,6504,0.983394833948339,0,0,544,236,81,2459,13,730,78,13
"737","2020-05-10",468,9,79,1041,6504,0.983394833948339,0,0,544,236,88,2547,16,746,86,16
"738","2020-05-11",415,9,75,915,6504,0.983394833948339,0,0,544,236,71,2618,12,758,68,12
"739","2020-05-12",366,9,73,807,6504,0.983394833948339,0,0,544,236,56,2674,7,765,56,7
"740","2020-05-13",337,9,62,724,6504,0.983394833948339,0,0,544,236,63,2737,16,781,61,16
"741","2020-05-14",316,9,67,635,6504,0.983394833948339,0,0,544,236,62,2799,7,788,58,7
"742","2020-05-15",284,9,63,588,6504,0.983394833948339,0,0,544,236,66,2865,17,805,66,17
"743","2020-05-16",248,9,64,524,6504,0.983394833948339,0,0,544,236,61,2926,23,828,60,23
"744","2020-05-17",223,9,64,468,6504,0.983394833948339,0,0,544,236,59,2985,14,842,58,14
"745","2020-05-18",199,9,75,402,6504,0.983394833948339,0,0,544,236,65,3050,4,846,64,4
"746","2020-05-19",179,9,67,358,6504,0.983394833948339,0,0,544,236,55,3105,3,849,54,3
"747","2020-05-20",163,9,76,319,6504,0.983394833948339,0,0,544,236,38,3143,8,857,38,8
"748","2020-05-21",142,9,68,278,6504,0.983394833948339,0,0,544,236,47,3190,12,869,44,12
"749","2020-05-22",116,9,62,251,6504,0.983394833948339,0,0,544,236,36,3226,7,876,36,7
"750","2020-05-23",110,9,55,223,6504,0.983394833948339,0,0,544,236,49,3275,10,886,48,10
"751","2020-05-24",90,9,46,203,6504,0.983394833948339,0,0,544,236,47,3322,5,891,46,5
"752","2020-05-25",80,9,45,173,6504,0.983394833948339,0,0,544,236,53,3375,5,896,52,5
"753","2020-05-26",74,9,38,136,6504,0.983394833948339,0,0,544,236,42,3417,11,907,40,11
"754","2020-05-27",61,9,40,119,6504,0.983394833948339,0,0,544,236,50,3467,5,912,48,5
"755","2020-05-28",55,9,49,103,6504,0.983394833948339,0,0,544,236,36,3503,8,920,36,8
"756","2020-05-29",48,9,52,91,6504,0.983394833948339,0,0,544,236,45,3548,14,934,45,14
"757","2020-05-30",37,9,47,76,6504,0.983394833948339,0,0,544,236,44,3592,14,948,42,14
"758","2020-05-31",32,9,48,69,6504,0.983394833948339,0,0,544,236,37,3629,17,965,36,17
"759","2020-06-01",28,9,42,60,6504,0.983394833948339,0,0,544,236,37,3666,7,972,37,7
"760","2020-06-02",26,9,47,57,6504,0.983394833948339,0,0,544,236,33,3699,6,978,33,6
"761","2020-06-03",24,9,39,55,6504,0.983394833948339,0,0,544,236,30,3729,14,992,29,14
"762","2020-06-04",23,9,39,47,6504,0.983394833948339,0,0,544,236,19,3748,7,999,18,7
"763","2020-06-05",23,9,32,43,6504,0.983394833948339,0,0,544,236,41,3789,10,1009,41,10
"764","2020-06-06",18,9,30,42,6504,0.983394833948339,0,0,544,236,37,3826,7,1016,37,7
"765","2020-06-07",17,9,28,33,6504,0.983394833948339,0,0,544,236,30,3856,11,1027,29,11
"766","2020-03-15",1,10,17,15,2139,0.90135577372604,0,0,187,248,8,34,5,16,3,5
"767","2020-03-16",2,10,19,15,2139,0.90135577372604,0,0,187,248,11,45,2,18,1,2
"768","2020-03-17",4,10,29,18,2139,0.90135577372604,0,0,187,248,13,58,6,24,9,6
"769","2020-03-18",4,10,34,26,2139,0.90135577372604,0,0,187,248,13,71,3,27,9,3
"770","2020-03-19",4,10,36,27,2139,0.90135577372604,0,0,187,248,8,79,4,31,7,4
"771","2020-03-20",5,10,39,33,2139,0.90135577372604,0,0,187,248,18,97,NA,NA,11,NA
"772","2020-03-21",6,10,36,42,2139,0.90135577372604,0,0,187,248,19,116,3,34,13,3
"773","2020-03-22",5,10,31,50,2139,0.90135577372604,0,0,187,248,16,132,NA,NA,14,NA
"774","2020-03-23",7,10,42,57,2139,0.90135577372604,0,0,187,248,20,152,3,37,12,3
"775","2020-03-24",8,10,39,76,2139,0.90135577372604,0,0,187,248,22,174,1,38,17,1
"776","2020-03-25",10,10,40,86,2139,0.90135577372604,0,0,187,248,18,192,8,46,14,8
"777","2020-03-26",13,10,38,99,2139,0.90135577372604,0,0,187,248,23,215,5,51,19,5
"778","2020-03-27",17,10,28,110,2139,0.90135577372604,0,0,187,248,16,231,7,58,11,7
"779","2020-03-28",20,10,29,116,2139,0.90135577372604,0,0,187,248,24,255,6,64,16,6
"780","2020-03-29",29,10,30,132,2139,0.90135577372604,0,0,187,248,18,273,6,70,12,6
"781","2020-03-30",29,10,28,134,2139,0.90135577372604,0,0,187,248,26,299,10,80,18,10
"782","2020-03-31",33,10,26,144,2139,0.90135577372604,0,0,187,248,24,323,9,89,19,9
"783","2020-04-01",36,10,29,162,2139,0.90135577372604,0,0,187,248,25,348,11,100,22,11
"784","2020-04-02",40,10,29,177,2139,0.90135577372604,0,0,187,248,23,371,8,108,19,8
"785","2020-04-03",41,10,27,190,2139,0.90135577372604,0,0,187,248,37,408,4,112,29,4
"786","2020-04-04",41,10,29,206,2139,0.90135577372604,0,0,187,248,38,446,8,120,31,8
"787","2020-04-05",40,10,29,222,2139,0.90135577372604,0,0,187,248,40,486,2,122,35,2
"788","2020-04-06",48,10,35,245,2139,0.90135577372604,0,0,187,248,49,535,5,127,40,5
"789","2020-04-07",51,10,40,259,2139,0.90135577372604,0,0,187,248,48,583,4,131,39,4
"790","2020-04-08",58,10,42,266,2139,0.90135577372604,0,0,187,248,39,622,3,134,31,3
"791","2020-04-09",61,10,47,284,2139,0.90135577372604,0,0,187,248,38,660,6,140,29,6
"792","2020-04-10",66,10,50,294,2139,0.90135577372604,0,0,187,248,36,696,9,149,32,9
"793","2020-04-11",77,10,45,307,2139,0.90135577372604,0,0,187,248,38,734,10,159,32,10
"794","2020-04-12",81,10,42,312,2139,0.90135577372604,0,0,187,248,47,781,14,173,36,14
"795","2020-04-13",86,10,41,318,2139,0.90135577372604,0,0,187,248,39,820,7,180,35,7
"796","2020-04-14",86,10,42,320,2139,0.90135577372604,0,0,187,248,43,863,5,185,37,5
"797","2020-04-15",80,10,47,331,2139,0.90135577372604,0,0,187,248,35,898,7,192,28,7
"798","2020-04-16",86,10,51,357,2139,0.90135577372604,0,0,187,248,47,945,4,196,39,4
"799","2020-04-17",82,10,50,359,2139,0.90135577372604,0,0,187,248,61,1006,11,207,53,11
"800","2020-04-18",80,10,66,379,2139,0.90135577372604,0,0,187,248,45,1051,4,211,40,4
"801","2020-04-19",80,10,68,387,2139,0.90135577372604,0,0,187,248,51,1102,15,226,48,15
"802","2020-04-20",80,10,59,389,2139,0.90135577372604,0,0,187,248,57,1159,5,231,48,5
"803","2020-04-21",87,10,63,399,2139,0.90135577372604,0,0,187,248,46,1205,9,240,44,9
"804","2020-04-22",112,10,68,412,2139,0.90135577372604,0,0,187,248,57,1262,8,248,49,8
"805","2020-04-23",108,10,70,418,2139,0.90135577372604,0,0,187,248,52,1314,9,257,47,9
"806","2020-04-24",112,10,67,433,2139,0.90135577372604,0,0,187,248,71,1385,17,274,63,17
"807","2020-04-25",113,10,68,419,2139,0.90135577372604,0,0,187,248,45,1430,12,286,39,12
"808","2020-04-26",113,10,71,421,2139,0.90135577372604,0,0,187,248,61,1491,10,296,56,10
"809","2020-04-27",108,10,79,412,2139,0.90135577372604,0,0,187,248,39,1530,3,299,35,3
"810","2020-04-28",112,10,74,404,2139,0.90135577372604,0,0,187,248,49,1579,5,304,40,5
"811","2020-04-29",103,10,70,401,2139,0.90135577372604,0,0,187,248,57,1636,9,313,52,9
"812","2020-04-30",114,10,76,382,2139,0.90135577372604,0,0,187,248,45,1681,13,326,41,13
"813","2020-05-01",116,10,73,383,2139,0.90135577372604,0,0,187,248,69,1750,9,335,63,9
"814","2020-05-02",112,10,86,394,2139,0.90135577372604,0,0,187,248,54,1804,8,343,50,8
"815","2020-05-03",113,10,77,391,2139,0.90135577372604,0,0,187,248,55,1859,6,349,52,6
"816","2020-05-04",116,10,81,406,2139,0.90135577372604,0,0,187,248,68,1927,9,358,61,9
"817","2020-05-05",120,10,82,414,2139,0.90135577372604,0,0,187,248,58,1985,6,364,50,6
"818","2020-05-06",116,10,69,403,2139,0.90135577372604,0,0,187,248,45,2030,10,374,44,10
"819","2020-05-07",108,10,59,394,2139,0.90135577372604,0,0,187,248,55,2085,17,391,50,17
"820","2020-05-08",110,10,51,378,2139,0.90135577372604,0,0,187,248,63,2148,8,399,58,8
"821","2020-05-09",118,10,57,371,2139,0.90135577372604,0,0,187,248,50,2198,14,413,44,14
"822","2020-05-10",124,10,73,371,2139,0.90135577372604,0,0,187,248,57,2255,21,434,44,21
"823","2020-05-11",118,10,70,371,2139,0.90135577372604,0,0,187,248,51,2306,14,448,45,14
"824","2020-05-12",108,10,85,370,2139,0.90135577372604,0,0,187,248,53,2359,12,460,43,12
"825","2020-05-13",106,10,87,374,2139,0.90135577372604,0,0,187,248,47,2406,12,472,39,12
"826","2020-05-14",106,10,80,358,2139,0.90135577372604,0,0,187,248,26,2432,16,488,20,16
"827","2020-05-15",108,10,84,339,2139,0.90135577372604,0,0,187,248,40,2472,8,496,37,8
"828","2020-05-16",104,10,79,332,2139,0.90135577372604,0,0,187,248,34,2506,9,505,30,9
"829","2020-05-17",95,10,84,333,2139,0.90135577372604,0,0,187,248,20,2526,13,518,18,13
"830","2020-05-18",104,10,72,333,2139,0.90135577372604,0,0,187,248,39,2565,6,524,35,6
"831","2020-05-19",99,10,85,323,2139,0.90135577372604,0,0,187,248,33,2598,10,534,28,10
"832","2020-05-20",101,10,92,302,2139,0.90135577372604,0,0,187,248,39,2637,13,547,33,13
"833","2020-05-21",97,10,97,300,2139,0.90135577372604,0,0,187,248,29,2666,7,554,25,7
"834","2020-05-22",89,10,91,273,2139,0.90135577372604,0,0,187,248,46,2712,8,562,40,8
"835","2020-05-23",83,10,95,256,2139,0.90135577372604,0,0,187,248,44,2756,7,569,37,7
"836","2020-05-24",88,10,94,256,2139,0.90135577372604,0,0,187,248,24,2780,9,578,23,9
"837","2020-05-25",76,10,89,247,2139,0.90135577372604,0,0,187,248,33,2813,8,586,29,8
"838","2020-05-26",74,10,86,236,2139,0.90135577372604,0,0,187,248,27,2840,12,598,23,12
"839","2020-05-27",67,10,69,215,2139,0.90135577372604,0,0,187,248,30,2870,7,605,28,7
"840","2020-05-28",71,10,59,208,2139,0.90135577372604,0,0,187,248,27,2897,8,613,25,8
"841","2020-05-29",71,10,65,195,2139,0.90135577372604,0,0,187,248,26,2923,13,626,23,13
"842","2020-05-30",69,10,63,185,2139,0.90135577372604,0,0,187,248,29,2952,14,640,24,14
"843","2020-05-31",64,10,59,175,2139,0.90135577372604,0,0,187,248,33,2985,9,649,30,9
"844","2020-06-01",64,10,59,174,2139,0.90135577372604,0,0,187,248,23,3008,3,652,23,3
"845","2020-06-02",61,10,52,174,2139,0.90135577372604,0,0,187,248,26,3034,5,657,26,5
"846","2020-06-03",57,10,36,171,2139,0.90135577372604,0,0,187,248,14,3048,5,662,12,5
"847","2020-06-04",48,10,37,166,2139,0.90135577372604,0,0,187,248,20,3068,8,670,17,8
"848","2020-06-05",45,10,41,161,2139,0.90135577372604,0,0,187,248,22,3090,12,682,18,12
"849","2020-06-06",46,10,46,157,2139,0.90135577372604,0,0,187,248,19,3109,3,685,16,3
"850","2020-06-07",44,10,47,143,2139,0.90135577372604,0,0,187,248,15,3124,5,690,10,5
"851","2020-03-14",3,11,16,39,2662,0.7381667918858,0,0,230,204,10,34,8,27,2,8
"852","2020-03-15",4,11,28,50,2662,0.7381667918858,0,0,230,204,16,50,7,34,4,7
"853","2020-03-16",5,11,28,59,2662,0.7381667918858,0,0,230,204,16,66,15,49,3,15
"854","2020-03-17",5,11,31,74,2662,0.7381667918858,0,0,230,204,29,95,20,69,16,20
"855","2020-03-18",9,11,29,91,2662,0.7381667918858,0,0,230,204,12,107,19,88,5,19
"856","2020-03-19",11,11,32,107,2662,0.7381667918858,0,0,230,204,17,124,25,113,12,25
"857","2020-03-20",17,11,36,119,2662,0.7381667918858,0,0,230,204,22,146,38,151,15,38
"858","2020-03-21",21,11,43,135,2662,0.7381667918858,0,0,230,204,25,171,27,178,17,27
"859","2020-03-22",24,11,41,148,2662,0.7381667918858,0,0,230,204,25,196,26,204,17,26
"860","2020-03-23",26,11,41,165,2662,0.7381667918858,0,0,230,204,20,216,23,227,9,23
"861","2020-03-24",28,11,43,181,2662,0.7381667918858,0,0,230,204,25,241,35,262,14,35
"862","2020-03-25",30,11,42,190,2662,0.7381667918858,0,0,230,204,31,272,19,281,17,19
"863","2020-03-26",38,11,39,218,2662,0.7381667918858,0,0,230,204,25,297,31,312,18,31
"864","2020-03-27",35,11,41,220,2662,0.7381667918858,0,0,230,204,23,320,26,338,8,26
"865","2020-03-28",41,11,47,227,2662,0.7381667918858,0,0,230,204,35,355,29,367,25,29
"866","2020-03-29",42,11,46,234,2662,0.7381667918858,0,0,230,204,38,393,47,414,19,47
"867","2020-03-30",46,11,42,239,2662,0.7381667918858,0,0,230,204,29,422,40,454,15,40
"868","2020-03-31",52,11,46,254,2662,0.7381667918858,0,0,230,204,41,463,33,487,31,33
"869","2020-04-01",58,11,56,262,2662,0.7381667918858,0,0,230,204,33,496,25,512,24,25
"870","2020-04-02",58,11,55,271,2662,0.7381667918858,0,0,230,204,29,525,30,542,16,30
"871","2020-04-03",69,11,46,294,2662,0.7381667918858,0,0,230,204,30,555,27,569,19,27
"872","2020-04-04",64,11,49,302,2662,0.7381667918858,0,0,230,204,35,590,35,604,22,35
"873","2020-04-05",71,11,48,314,2662,0.7381667918858,0,0,230,204,18,608,37,641,12,37
"874","2020-04-06",77,11,51,325,2662,0.7381667918858,0,0,230,204,32,640,28,669,20,28
"875","2020-04-07",82,11,58,340,2662,0.7381667918858,0,0,230,204,30,670,25,694,19,25
"876","2020-04-08",80,11,58,374,2662,0.7381667918858,0,0,230,204,31,701,20,714,18,20
"877","2020-04-09",87,11,70,404,2662,0.7381667918858,0,0,230,204,29,730,18,732,15,18
"878","2020-04-10",84,11,59,430,2662,0.7381667918858,0,0,230,204,41,771,23,755,26,23
"879","2020-04-11",88,11,53,435,2662,0.7381667918858,0,0,230,204,36,807,25,780,25,25
"880","2020-04-12",95,11,43,459,2662,0.7381667918858,0,0,230,204,34,841,24,804,23,24
"881","2020-04-13",97,11,49,479,2662,0.7381667918858,0,0,230,204,38,879,22,826,19,22
"882","2020-04-14",103,11,47,484,2662,0.7381667918858,0,0,230,204,29,908,24,850,18,24
"883","2020-04-15",113,11,38,506,2662,0.7381667918858,0,0,230,204,33,941,11,861,22,11
"884","2020-04-16",117,11,55,515,2662,0.7381667918858,0,0,230,204,37,978,19,880,19,19
"885","2020-04-17",130,11,73,528,2662,0.7381667918858,0,0,230,204,23,1001,17,897,14,17
"886","2020-04-18",143,11,73,544,2662,0.7381667918858,0,0,230,204,35,1036,24,921,21,24
"887","2020-04-19",147,11,66,537,2662,0.7381667918858,0,0,230,204,37,1073,20,941,19,20
"888","2020-04-20",156,11,59,550,2662,0.7381667918858,0,0,230,204,39,1112,14,955,22,14
"889","2020-04-21",157,11,68,541,2662,0.7381667918858,0,0,230,204,31,1143,18,973,22,18
"890","2020-04-22",165,11,69,539,2662,0.7381667918858,0,0,230,204,35,1178,17,990,24,17
"891","2020-04-23",166,11,63,540,2662,0.7381667918858,0,0,230,204,30,1208,18,1008,25,18
"892","2020-04-24",159,11,67,536,2662,0.7381667918858,0,0,230,204,36,1244,30,1038,23,30
"893","2020-04-25",154,11,75,519,2662,0.7381667918858,0,0,230,204,36,1280,30,1068,19,30
"894","2020-04-26",148,11,75,500,2662,0.7381667918858,0,0,230,204,27,1307,32,1100,15,32
"895","2020-04-27",140,11,78,483,2662,0.7381667918858,0,0,230,204,28,1335,29,1129,21,29
"896","2020-04-28",133,11,68,480,2662,0.7381667918858,0,0,230,204,26,1361,43,1172,15,43
"897","2020-04-29",131,11,62,468,2662,0.7381667918858,0,0,230,204,38,1399,39,1211,20,39
"898","2020-04-30",127,11,53,452,2662,0.7381667918858,0,0,230,204,35,1434,32,1243,22,32
"899","2020-05-01",128,11,58,439,2662,0.7381667918858,0,0,230,204,31,1465,33,1276,18,33
"900","2020-05-02",128,11,52,428,2662,0.7381667918858,0,0,230,204,30,1495,35,1311,15,35
"901","2020-05-03",124,11,49,417,2662,0.7381667918858,0,0,230,204,26,1521,29,1340,17,29
"902","2020-05-04",118,11,41,403,2662,0.7381667918858,0,0,230,204,24,1545,23,1363,11,23
"903","2020-05-05",118,11,32,389,2662,0.7381667918858,0,0,230,204,31,1576,37,1400,20,37
"904","2020-05-06",114,11,50,383,2662,0.7381667918858,0,0,230,204,27,1603,32,1432,17,32
"905","2020-05-07",116,11,65,395,2662,0.7381667918858,0,0,230,204,29,1632,29,1461,21,29
"906","2020-05-08",118,11,85,390,2662,0.7381667918858,0,0,230,204,29,1661,28,1489,22,28
"907","2020-05-09",119,11,77,370,2662,0.7381667918858,0,0,230,204,31,1692,41,1530,18,41
"908","2020-05-10",119,11,67,354,2662,0.7381667918858,0,0,230,204,32,1724,39,1569,15,39
"909","2020-05-11",124,11,62,338,2662,0.7381667918858,0,0,230,204,28,1752,24,1593,19,24
"910","2020-05-12",125,11,61,329,2662,0.7381667918858,0,0,230,204,23,1775,44,1637,14,44
"911","2020-05-13",115,11,59,328,2662,0.7381667918858,0,0,230,204,47,1822,39,1676,25,39
"912","2020-05-14",108,11,67,314,2662,0.7381667918858,0,0,230,204,28,1850,36,1712,14,36
"913","2020-05-15",110,11,79,298,2662,0.7381667918858,0,0,230,204,20,1870,46,1758,10,46
"914","2020-05-16",101,11,79,285,2662,0.7381667918858,0,0,230,204,22,1892,51,1809,20,51
"915","2020-05-17",99,11,72,282,2662,0.7381667918858,0,0,230,204,22,1914,36,1845,16,36
"916","2020-05-18",87,11,69,284,2662,0.7381667918858,0,0,230,204,26,1940,42,1887,15,42
"917","2020-05-19",81,11,73,272,2662,0.7381667918858,0,0,230,204,21,1961,43,1930,14,43
"918","2020-05-20",83,11,77,265,2662,0.7381667918858,0,0,230,204,27,1988,23,1953,19,23
"919","2020-05-21",77,11,62,256,2662,0.7381667918858,0,0,230,204,19,2007,34,1987,9,34
"920","2020-05-22",59,11,63,252,2662,0.7381667918858,0,0,230,204,22,2029,51,2038,13,51
"921","2020-05-23",57,11,65,248,2662,0.7381667918858,0,0,230,204,20,2049,40,2078,9,40
"922","2020-05-24",53,11,68,245,2662,0.7381667918858,0,0,230,204,12,2061,27,2105,7,27
"923","2020-05-25",56,11,65,238,2662,0.7381667918858,0,0,230,204,25,2086,43,2148,17,43
"924","2020-05-26",55,11,49,231,2662,0.7381667918858,0,0,230,204,14,2100,37,2185,9,37
"925","2020-05-27",49,11,56,223,2662,0.7381667918858,0,0,230,204,19,2119,35,2220,13,35
"926","2020-05-28",51,11,43,220,2662,0.7381667918858,0,0,230,204,16,2135,36,2256,11,36
"927","2020-05-29",53,11,46,212,2662,0.7381667918858,0,0,230,204,17,2152,44,2300,11,44
"928","2020-05-30",52,11,39,219,2662,0.7381667918858,0,0,230,204,16,2168,33,2333,10,33
"929","2020-05-31",52,11,36,234,2662,0.7381667918858,0,0,230,204,17,2185,32,2365,11,32
"930","2020-06-01",58,11,37,219,2662,0.7381667918858,0,0,230,204,16,2201,49,2414,11,49
"931","2020-06-02",57,11,44,221,2662,0.7381667918858,0,0,230,204,14,2215,38,2452,12,38
"932","2020-06-03",60,11,39,216,2662,0.7381667918858,0,0,230,204,12,2227,37,2489,7,37
"933","2020-06-04",64,11,52,210,2662,0.7381667918858,0,0,230,204,18,2245,45,2534,11,45
"934","2020-06-05",64,11,53,206,2662,0.7381667918858,0,0,230,204,13,2258,43,2577,7,43
"935","2020-06-06",65,11,67,193,2662,0.7381667918858,0,0,230,204,13,2271,34,2611,11,34
"936","2020-06-07",63,11,70,190,2662,0.7381667918858,0,0,230,204,11,2282,31,2642,9,31
"937","2020-03-14",2,12,11,33,2010,0.547761194029851,0,0,158,196,12,31,7,24,5,7
"938","2020-03-15",4,12,14,48,2010,0.547761194029851,0,0,158,196,9,40,6,30,5,6
"939","2020-03-16",6,12,19,60,2010,0.547761194029851,0,0,158,196,4,44,10,40,2,10
"940","2020-03-17",6,12,21,71,2010,0.547761194029851,0,0,158,196,13,57,9,49,6,9
"941","2020-03-18",9,12,21,85,2010,0.547761194029851,0,0,158,196,14,71,9,58,11,9
"942","2020-03-19",10,12,20,95,2010,0.547761194029851,0,0,158,196,14,85,4,62,10,4
"943","2020-03-20",17,12,21,111,2010,0.547761194029851,0,0,158,196,17,102,NA,NA,15,NA
"944","2020-03-21",18,12,16,127,2010,0.547761194029851,0,0,158,196,17,119,5,67,13,5
"945","2020-03-22",17,12,13,145,2010,0.547761194029851,0,0,158,196,22,141,NA,NA,18,NA
"946","2020-03-23",24,12,14,156,2010,0.547761194029851,0,0,158,196,23,164,1,68,20,1
"947","2020-03-24",27,12,16,172,2010,0.547761194029851,0,0,158,196,17,181,5,73,12,5
"948","2020-03-25",34,12,17,180,2010,0.547761194029851,0,0,158,196,27,208,9,82,20,9
"949","2020-03-26",46,12,14,187,2010,0.547761194029851,0,0,158,196,22,230,4,86,20,4
"950","2020-03-27",44,12,12,202,2010,0.547761194029851,0,0,158,196,35,265,7,93,30,7
"951","2020-03-28",49,12,20,209,2010,0.547761194029851,0,0,158,196,19,284,8,101,14,8
"952","2020-03-29",59,12,24,202,2010,0.547761194029851,0,0,158,196,34,318,7,108,28,7
"953","2020-03-30",57,12,25,214,2010,0.547761194029851,0,0,158,196,31,349,3,111,27,3
"954","2020-03-31",59,12,35,230,2010,0.547761194029851,0,0,158,196,24,373,5,116,16,5
"955","2020-04-01",55,12,37,233,2010,0.547761194029851,0,0,158,196,41,414,NA,NA,35,NA
"956","2020-04-02",49,12,42,242,2010,0.547761194029851,0,0,158,196,30,444,9,125,23,9
"957","2020-04-03",52,12,51,256,2010,0.547761194029851,0,0,158,196,42,486,4,129,34,4
"958","2020-04-04",51,12,54,266,2010,0.547761194029851,0,0,158,196,37,523,12,141,30,12
"959","2020-04-05",49,12,62,287,2010,0.547761194029851,0,0,158,196,36,559,6,147,32,6
"960","2020-04-06",49,12,58,284,2010,0.547761194029851,0,0,158,196,38,597,5,152,29,5
"961","2020-04-07",51,12,50,294,2010,0.547761194029851,0,0,158,196,32,629,5,157,29,5
"962","2020-04-08",63,12,52,294,2010,0.547761194029851,0,0,158,196,45,674,1,158,38,1
"963","2020-04-09",73,12,55,307,2010,0.547761194029851,0,0,158,196,38,712,4,162,33,4
"964","2020-04-10",81,12,57,312,2010,0.547761194029851,0,0,158,196,41,753,4,166,35,4
"965","2020-04-11",83,12,61,315,2010,0.547761194029851,0,0,158,196,35,788,8,174,33,8
"966","2020-04-12",90,12,61,317,2010,0.547761194029851,0,0,158,196,34,822,9,183,30,9
"967","2020-04-13",94,12,65,334,2010,0.547761194029851,0,0,158,196,36,858,13,196,33,13
"968","2020-04-14",105,12,60,325,2010,0.547761194029851,0,0,158,196,39,897,4,200,32,4
"969","2020-04-15",99,12,65,312,2010,0.547761194029851,0,0,158,196,34,931,13,213,27,13
"970","2020-04-16",95,12,59,302,2010,0.547761194029851,0,0,158,196,35,966,13,226,32,13
"971","2020-04-17",90,12,50,296,2010,0.547761194029851,0,0,158,196,49,1015,19,245,42,19
"972","2020-04-18",93,12,56,297,2010,0.547761194029851,0,0,158,196,38,1053,12,257,30,12
"973","2020-04-19",90,12,50,304,2010,0.547761194029851,0,0,158,196,36,1089,17,274,32,17
"974","2020-04-20",87,12,48,306,2010,0.547761194029851,0,0,158,196,44,1133,5,279,36,5
"975","2020-04-21",80,12,44,314,2010,0.547761194029851,0,0,158,196,45,1178,14,293,38,14
"976","2020-04-22",79,12,50,317,2010,0.547761194029851,0,0,158,196,37,1215,8,301,32,8
"977","2020-04-23",81,12,49,337,2010,0.547761194029851,0,0,158,196,51,1266,3,304,44,3
"978","2020-04-24",83,12,43,341,2010,0.547761194029851,0,0,158,196,51,1317,17,321,40,17
"979","2020-04-25",76,12,40,341,2010,0.547761194029851,0,0,158,196,43,1360,32,353,38,32
"980","2020-04-26",75,12,41,333,2010,0.547761194029851,0,0,158,196,31,1391,16,369,28,16
"981","2020-04-27",78,12,45,338,2010,0.547761194029851,0,0,158,196,36,1427,14,383,30,14
"982","2020-04-28",87,12,49,345,2010,0.547761194029851,0,0,158,196,55,1482,11,394,50,11
"983","2020-04-29",90,12,59,341,2010,0.547761194029851,0,0,158,196,38,1520,21,415,32,21
"984","2020-04-30",88,12,61,345,2010,0.547761194029851,0,0,158,196,29,1549,9,424,24,9
"985","2020-05-01",90,12,59,344,2010,0.547761194029851,0,0,158,196,55,1604,12,436,47,12
"986","2020-05-02",92,12,67,340,2010,0.547761194029851,0,0,158,196,47,1651,5,441,42,5
"987","2020-05-03",94,12,60,327,2010,0.547761194029851,0,0,158,196,30,1681,17,458,28,17
"988","2020-05-04",92,12,66,321,2010,0.547761194029851,0,0,158,196,36,1717,12,470,31,12
"989","2020-05-05",81,12,72,312,2010,0.547761194029851,0,0,158,196,39,1756,11,481,33,11
"990","2020-05-06",82,12,70,300,2010,0.547761194029851,0,0,158,196,33,1789,21,502,24,21
"991","2020-05-07",81,12,67,280,2010,0.547761194029851,0,0,158,196,38,1827,23,525,35,23
"992","2020-05-08",76,12,56,278,2010,0.547761194029851,0,0,158,196,31,1858,11,536,30,11
"993","2020-05-09",82,12,64,281,2010,0.547761194029851,0,0,158,196,29,1887,16,552,23,16
"994","2020-05-10",74,12,63,274,2010,0.547761194029851,0,0,158,196,34,1921,18,570,25,18
"995","2020-05-11",75,12,70,277,2010,0.547761194029851,0,0,158,196,27,1948,12,582,23,12
"996","2020-05-12",81,12,78,278,2010,0.547761194029851,0,0,158,196,34,1982,5,587,32,5
"997","2020-05-13",78,12,84,276,2010,0.547761194029851,0,0,158,196,34,2016,9,596,28,9
"998","2020-05-14",76,12,85,267,2010,0.547761194029851,0,0,158,196,31,2047,10,606,26,10
"999","2020-05-15",82,12,82,268,2010,0.547761194029851,0,0,158,196,21,2068,3,609,20,3
"1000","2020-05-16",76,12,71,255,2010,0.547761194029851,0,0,158,196,29,2097,9,618,28,9
"1001","2020-05-17",83,12,73,254,2010,0.547761194029851,0,0,158,196,39,2136,7,625,34,7
"1002","2020-05-18",77,12,74,257,2010,0.547761194029851,0,0,158,196,25,2161,8,633,19,8
"1003","2020-05-19",72,12,76,251,2010,0.547761194029851,0,0,158,196,18,2179,9,642,14,9
"1004","2020-05-20",76,12,72,244,2010,0.547761194029851,0,0,158,196,32,2211,5,647,27,5
"1005","2020-05-21",73,12,71,237,2010,0.547761194029851,0,0,158,196,25,2236,4,651,23,4
"1006","2020-05-22",66,12,65,234,2010,0.547761194029851,0,0,158,196,20,2256,7,658,15,7
"1007","2020-05-23",66,12,66,224,2010,0.547761194029851,0,0,158,196,19,2275,7,665,16,7
"1008","2020-05-24",62,12,78,223,2010,0.547761194029851,0,0,158,196,27,2302,12,677,23,12
"1009","2020-05-25",70,12,89,216,2010,0.547761194029851,0,0,158,196,23,2325,13,690,21,13
"1010","2020-05-26",69,12,84,209,2010,0.547761194029851,0,0,158,196,18,2343,2,692,13,2
"1011","2020-05-27",61,12,77,191,2010,0.547761194029851,0,0,158,196,20,2363,2,694,16,2
"1012","2020-05-28",63,12,80,176,2010,0.547761194029851,0,0,158,196,16,2379,4,698,14,4
"1013","2020-05-29",62,12,84,181,2010,0.547761194029851,0,0,158,196,15,2394,8,706,13,8
"1014","2020-05-30",60,12,81,174,2010,0.547761194029851,0,0,158,196,15,2409,19,725,13,19
"1015","2020-05-31",58,12,79,163,2010,0.547761194029851,0,0,158,196,12,2421,14,739,12,14
"1016","2020-06-01",49,12,77,151,2010,0.547761194029851,0,0,158,196,15,2436,10,749,13,10
"1017","2020-06-02",48,12,81,155,2010,0.547761194029851,0,0,158,196,18,2454,9,758,14,9
"1018","2020-06-03",44,12,75,144,2010,0.547761194029851,0,0,158,196,23,2477,6,764,20,6
"1019","2020-06-04",38,12,71,136,2010,0.547761194029851,0,0,158,196,16,2493,6,770,16,6
"1020","2020-06-05",34,12,73,125,2010,0.547761194029851,0,0,158,196,14,2507,6,776,12,6
"1021","2020-06-06",35,12,61,117,2010,0.547761194029851,0,0,158,196,13,2520,3,779,13,3
"1022","2020-06-07",35,12,64,119,2010,0.547761194029851,0,0,158,196,13,2533,13,792,11,13
"1023","2020-03-19",2,13,25,45,2868,0.896792189679219,0,0,268,202,11,68,5,24,8,5
"1024","2020-03-20",6,13,22,50,2868,0.896792189679219,0,0,268,202,16,84,4,28,7,4
"1025","2020-03-21",7,13,25,60,2868,0.896792189679219,0,0,268,202,17,101,2,30,9,2
"1026","2020-03-22",7,13,24,67,2868,0.896792189679219,0,0,268,202,16,117,9,39,8,9
"1027","2020-03-23",12,13,26,72,2868,0.896792189679219,0,0,268,202,11,128,7,46,6,7
"1028","2020-03-24",15,13,24,88,2868,0.896792189679219,0,0,268,202,22,150,3,49,14,3
"1029","2020-03-25",17,13,18,107,2868,0.896792189679219,0,0,268,202,16,166,5,54,10,5
"1030","2020-03-26",19,13,17,111,2868,0.896792189679219,0,0,268,202,18,184,6,60,13,6
"1031","2020-03-27",22,13,17,123,2868,0.896792189679219,0,0,268,202,23,207,5,65,15,5
"1032","2020-03-28",28,13,22,140,2868,0.896792189679219,0,0,268,202,20,227,4,69,11,4
"1033","2020-03-29",32,13,28,145,2868,0.896792189679219,0,0,268,202,17,244,6,75,9,6
"1034","2020-03-30",31,13,32,164,2868,0.896792189679219,0,0,268,202,18,262,8,83,12,8
"1035","2020-03-31",34,13,36,184,2868,0.896792189679219,0,0,268,202,19,281,6,89,17,6
"1036","2020-04-01",40,13,37,206,2868,0.896792189679219,0,0,268,202,26,307,1,90,14,1
"1037","2020-04-02",46,13,41,219,2868,0.896792189679219,0,0,268,202,29,336,2,92,20,2
"1038","2020-04-03",46,13,40,240,2868,0.896792189679219,0,0,268,202,29,365,4,96,21,4
"1039","2020-04-04",46,13,34,269,2868,0.896792189679219,0,0,268,202,30,395,3,99,21,3
"1040","2020-04-05",50,13,31,286,2868,0.896792189679219,0,0,268,202,24,419,6,105,18,6
"1041","2020-04-06",58,13,32,306,2868,0.896792189679219,0,0,268,202,27,446,12,117,21,12
"1042","2020-04-07",62,13,33,307,2868,0.896792189679219,0,0,268,202,38,484,8,125,27,8
"1043","2020-04-08",70,13,41,341,2868,0.896792189679219,0,0,268,202,23,507,6,131,17,6
"1044","2020-04-09",75,13,48,372,2868,0.896792189679219,0,0,268,202,25,532,4,135,19,4
"1045","2020-04-10",87,13,46,383,2868,0.896792189679219,0,0,268,202,39,571,3,138,30,3
"1046","2020-04-11",92,13,48,402,2868,0.896792189679219,0,0,268,202,45,616,1,139,36,1
"1047","2020-04-12",97,13,57,414,2868,0.896792189679219,0,0,268,202,39,655,6,145,30,6
"1048","2020-04-13",97,13,60,412,2868,0.896792189679219,0,0,268,202,33,688,5,150,27,5
"1049","2020-04-14",109,13,66,420,2868,0.896792189679219,0,0,268,202,39,727,7,157,33,7
"1050","2020-04-15",109,13,60,442,2868,0.896792189679219,0,0,268,202,29,756,6,163,23,6
"1051","2020-04-16",117,13,73,462,2868,0.896792189679219,0,0,268,202,33,789,3,166,28,3
"1052","2020-04-17",109,13,69,458,2868,0.896792189679219,0,0,268,202,38,827,5,171,31,5
"1053","2020-04-18",116,13,68,456,2868,0.896792189679219,0,0,268,202,34,861,10,181,25,10
"1054","2020-04-19",112,13,80,451,2868,0.896792189679219,0,0,268,202,43,904,10,191,31,10
"1055","2020-04-20",124,13,78,467,2868,0.896792189679219,0,0,268,202,35,939,6,197,23,6
"1056","2020-04-21",120,13,74,472,2868,0.896792189679219,0,0,268,202,45,984,4,201,31,4
"1057","2020-04-22",118,13,75,498,2868,0.896792189679219,0,0,268,202,45,1029,11,212,33,11
"1058","2020-04-23",112,13,60,494,2868,0.896792189679219,0,0,268,202,36,1065,17,229,26,17
"1059","2020-04-24",115,13,64,506,2868,0.896792189679219,0,0,268,202,36,1101,9,238,31,9
"1060","2020-04-25",118,13,54,538,2868,0.896792189679219,0,0,268,202,34,1135,13,251,29,13
"1061","2020-04-26",138,13,51,572,2868,0.896792189679219,0,0,268,202,24,1159,8,259,15,8
"1062","2020-04-27",135,13,56,592,2868,0.896792189679219,0,0,268,202,46,1205,12,271,39,12
"1063","2020-04-28",144,13,63,628,2868,0.896792189679219,0,0,268,202,31,1236,13,284,21,13
"1064","2020-04-29",160,13,66,647,2868,0.896792189679219,0,0,268,202,39,1275,12,296,31,12
"1065","2020-04-30",169,13,63,646,2868,0.896792189679219,0,0,268,202,23,1298,8,304,17,8
"1066","2020-05-01",188,13,62,649,2868,0.896792189679219,0,0,268,202,48,1346,8,312,36,8
"1067","2020-05-02",200,13,65,642,2868,0.896792189679219,0,0,268,202,37,1383,10,322,27,10
"1068","2020-05-03",188,13,71,647,2868,0.896792189679219,0,0,268,202,27,1410,12,334,20,12
"1069","2020-05-04",202,13,72,657,2868,0.896792189679219,0,0,268,202,26,1436,8,342,22,8
"1070","2020-05-05",194,13,71,639,2868,0.896792189679219,0,0,268,202,35,1471,6,348,28,6
"1071","2020-05-06",189,13,74,625,2868,0.896792189679219,0,0,268,202,22,1493,14,362,18,14
"1072","2020-05-07",185,13,72,626,2868,0.896792189679219,0,0,268,202,33,1526,4,366,22,4
"1073","2020-05-08",183,13,76,606,2868,0.896792189679219,0,0,268,202,30,1556,7,373,24,7
"1074","2020-05-09",170,13,78,596,2868,0.896792189679219,0,0,268,202,38,1594,7,380,31,7
"1075","2020-05-10",175,13,81,589,2868,0.896792189679219,0,0,268,202,27,1621,7,387,19,7
"1076","2020-05-11",171,13,79,568,2868,0.896792189679219,0,0,268,202,31,1652,2,389,25,2
"1077","2020-05-12",181,13,87,550,2868,0.896792189679219,0,0,268,202,22,1674,4,393,16,4
"1078","2020-05-13",179,13,89,535,2868,0.896792189679219,0,0,268,202,29,1703,7,400,26,7
"1079","2020-05-14",182,13,90,517,2868,0.896792189679219,0,0,268,202,34,1737,9,409,26,9
"1080","2020-05-15",174,13,100,506,2868,0.896792189679219,0,0,268,202,30,1767,4,413,27,4
"1081","2020-05-16",174,13,90,491,2868,0.896792189679219,0,0,268,202,30,1797,3,416,27,3
"1082","2020-05-17",171,13,86,474,2868,0.896792189679219,0,0,268,202,30,1827,5,421,28,5
"1083","2020-05-18",165,13,83,474,2868,0.896792189679219,0,0,268,202,29,1856,4,425,25,4
"1084","2020-05-19",152,13,76,456,2868,0.896792189679219,0,0,268,202,26,1882,6,431,20,6
"1085","2020-05-20",151,13,79,437,2868,0.896792189679219,0,0,268,202,30,1912,2,433,26,2
"1086","2020-05-21",146,13,83,403,2868,0.896792189679219,0,0,268,202,20,1932,5,438,15,5
"1087","2020-05-22",138,13,96,378,2868,0.896792189679219,0,0,268,202,24,1956,6,444,19,6
"1088","2020-05-23",127,13,104,363,2868,0.896792189679219,0,0,268,202,27,1983,5,449,24,5
"1089","2020-05-24",124,13,99,345,2868,0.896792189679219,0,0,268,202,22,2005,9,458,17,9
"1090","2020-05-25",119,13,102,328,2868,0.896792189679219,0,0,268,202,34,2039,10,468,28,10
"1091","2020-05-26",123,13,95,303,2868,0.896792189679219,0,0,268,202,25,2064,3,471,21,3
"1092","2020-05-27",110,13,88,280,2868,0.896792189679219,0,0,268,202,20,2084,4,475,15,4
"1093","2020-05-28",100,13,84,274,2868,0.896792189679219,0,0,268,202,24,2108,8,483,17,8
"1094","2020-05-29",99,13,77,253,2868,0.896792189679219,0,0,268,202,11,2119,6,489,9,6
"1095","2020-05-30",94,13,69,241,2868,0.896792189679219,0,0,268,202,20,2139,5,494,16,5
"1096","2020-05-31",93,13,68,217,2868,0.896792189679219,0,0,268,202,14,2153,3,497,9,3
"1097","2020-06-01",86,13,72,191,2868,0.896792189679219,0,0,268,202,14,2167,6,503,9,6
"1098","2020-06-02",73,13,66,178,2868,0.896792189679219,0,0,268,202,15,2182,4,507,13,4
"1099","2020-06-03",72,13,62,166,2868,0.896792189679219,0,0,268,202,18,2200,2,509,16,2
"1100","2020-06-04",69,13,56,155,2868,0.896792189679219,0,0,268,202,16,2216,4,513,14,4
"1101","2020-06-05",59,13,65,146,2868,0.896792189679219,0,0,268,202,16,2232,10,523,12,10
"1102","2020-06-06",63,13,64,142,2868,0.896792189679219,0,0,268,202,18,2250,4,527,14,4
"1103","2020-06-07",51,13,67,140,2868,0.896792189679219,0,0,268,202,16,2266,1,528,16,1
"1104","2020-03-14",1,14,19,20,5245,0.953098188751192,0,0,478,314,10,33,11,44,5,11
"1105","2020-03-15",3,14,22,23,5245,0.953098188751192,0,0,478,314,12,45,14,58,11,14
"1106","2020-03-16",4,14,20,34,5245,0.953098188751192,0,0,478,314,17,62,10,68,11,10
"1107","2020-03-17",4,14,23,44,5245,0.953098188751192,0,0,478,314,17,79,8,76,12,8
"1108","2020-03-18",6,14,25,60,5245,0.953098188751192,0,0,478,314,18,97,5,81,13,5
"1109","2020-03-19",9,14,26,74,5245,0.953098188751192,0,0,478,314,18,115,3,84,12,3
"1110","2020-03-20",13,14,32,89,5245,0.953098188751192,0,0,478,314,34,149,10,94,27,10
"1111","2020-03-21",16,14,29,102,5245,0.953098188751192,0,0,478,314,21,170,13,107,19,13
"1112","2020-03-22",15,14,27,114,5245,0.953098188751192,0,0,478,314,37,207,3,110,32,3
"1113","2020-03-23",19,14,27,124,5245,0.953098188751192,0,0,478,314,38,245,3,113,34,3
"1114","2020-03-24",26,14,32,149,5245,0.953098188751192,0,0,478,314,53,298,7,120,48,7
"1115","2020-03-25",26,14,31,160,5245,0.953098188751192,0,0,478,314,55,353,14,134,48,14
"1116","2020-03-26",30,14,31,181,5245,0.953098188751192,0,0,478,314,55,408,15,149,48,15
"1117","2020-03-27",34,14,38,204,5245,0.953098188751192,0,0,478,314,71,479,20,169,65,20
"1118","2020-03-28",38,14,52,230,5245,0.953098188751192,0,0,478,314,67,546,7,176,65,7
"1119","2020-03-29",43,14,48,259,5245,0.953098188751192,0,0,478,314,104,650,8,184,102,8
"1120","2020-03-30",46,14,49,303,5245,0.953098188751192,0,0,478,314,96,746,15,199,92,15
"1121","2020-03-31",48,14,58,362,5245,0.953098188751192,0,0,478,314,131,877,11,210,125,11
"1122","2020-04-01",61,14,58,417,5245,0.953098188751192,0,0,478,314,133,1010,16,226,129,16
"1123","2020-04-02",66,14,61,461,5245,0.953098188751192,0,0,478,314,163,1173,14,240,154,14
"1124","2020-04-03",78,14,69,505,5245,0.953098188751192,0,0,478,314,183,1356,17,257,177,17
"1125","2020-04-04",88,14,78,552,5245,0.953098188751192,0,0,478,314,186,1542,11,268,186,11
"1126","2020-04-05",106,14,83,598,5245,0.953098188751192,0,0,478,314,180,1722,10,278,175,10
"1127","2020-04-06",121,14,87,639,5245,0.953098188751192,0,0,478,314,222,1944,10,288,214,10
"1128","2020-04-07",134,14,82,700,5245,0.953098188751192,0,0,478,314,241,2185,12,300,235,12
"1129","2020-04-08",148,14,89,754,5245,0.953098188751192,0,0,478,314,286,2471,11,311,284,11
"1130","2020-04-09",159,14,93,804,5245,0.953098188751192,0,0,478,314,294,2765,9,320,291,9
"1131","2020-04-10",169,14,94,864,5245,0.953098188751192,0,0,478,314,210,2975,20,340,206,20
"1132","2020-04-11",197,14,85,872,5245,0.953098188751192,0,0,478,314,269,3244,24,364,258,24
"1133","2020-04-12",215,14,87,922,5245,0.953098188751192,0,0,478,314,251,3495,14,378,248,14
"1134","2020-04-13",236,14,109,980,5245,0.953098188751192,0,0,478,314,312,3807,28,406,307,28
"1135","2020-04-14",253,14,125,1051,5245,0.953098188751192,0,0,478,314,248,4055,5,411,245,5
"1136","2020-04-15",255,14,134,1093,5245,0.953098188751192,0,0,478,314,224,4279,18,429,219,18
"1137","2020-04-16",273,14,133,1122,5245,0.953098188751192,0,0,478,314,267,4546,18,447,265,18
"1138","2020-04-17",289,14,124,1183,5245,0.953098188751192,0,0,478,314,258,4804,11,458,255,11
"1139","2020-04-18",291,14,110,1190,5245,0.953098188751192,0,0,478,314,234,5038,11,469,232,11
"1140","2020-04-19",290,14,107,1227,5245,0.953098188751192,0,0,478,314,213,5251,29,498,208,29
"1141","2020-04-20",299,14,92,1283,5245,0.953098188751192,0,0,478,314,173,5424,24,522,171,24
"1142","2020-04-21",306,14,85,1278,5245,0.953098188751192,0,0,478,314,170,5594,24,546,170,24
"1143","2020-04-22",332,14,82,1315,5245,0.953098188751192,0,0,478,314,144,5738,22,568,143,22
"1144","2020-04-23",342,14,89,1321,5245,0.953098188751192,0,0,478,314,142,5880,15,583,140,15
"1145","2020-04-24",354,14,75,1336,5245,0.953098188751192,0,0,478,314,136,6016,19,602,135,19
"1146","2020-04-25",355,14,67,1312,5245,0.953098188751192,0,0,478,314,130,6146,25,627,128,25
"1147","2020-04-26",365,14,66,1300,5245,0.953098188751192,0,0,478,314,90,6236,9,636,89,9
"1148","2020-04-27",366,14,70,1276,5245,0.953098188751192,0,0,478,314,74,6310,10,646,69,10
"1149","2020-04-28",362,14,72,1243,5245,0.953098188751192,0,0,478,314,91,6401,10,656,87,10
"1150","2020-04-29",355,14,69,1267,5245,0.953098188751192,0,0,478,314,62,6463,6,662,61,6
"1151","2020-04-30",354,14,71,1256,5245,0.953098188751192,0,0,478,314,60,6523,3,665,58,3
"1152","2020-05-01",344,14,78,1245,5245,0.953098188751192,0,0,478,314,43,6566,6,671,41,6
"1153","2020-05-02",357,14,89,1217,5245,0.953098188751192,0,0,478,314,23,6589,25,696,23,25
"1154","2020-05-03",355,14,90,1204,5245,0.953098188751192,0,0,478,314,28,6617,15,711,27,15
"1155","2020-05-04",349,14,91,1181,5245,0.953098188751192,0,0,478,314,21,6638,9,720,20,9
"1156","2020-05-05",364,14,81,1175,5245,0.953098188751192,0,0,478,314,24,6662,17,737,23,17
"1157","2020-05-06",352,14,81,1138,5245,0.953098188751192,0,0,478,314,17,6679,5,742,16,5
"1158","2020-05-07",350,14,80,1086,5245,0.953098188751192,0,0,478,314,13,6692,NA,NA,12,NA
"1159","2020-05-08",350,14,89,1042,5245,0.953098188751192,0,0,478,314,19,6711,6,748,18,6
"1160","2020-05-09",336,14,80,992,5245,0.953098188751192,0,0,478,314,14,6725,5,753,12,5
"1161","2020-05-10",331,14,73,958,5245,0.953098188751192,0,0,478,314,13,6738,3,756,13,3
"1162","2020-05-11",327,14,76,902,5245,0.953098188751192,0,0,478,314,8,6746,5,761,6,5
"1163","2020-05-12",307,14,66,869,5245,0.953098188751192,0,0,478,314,13,6759,2,763,9,2
"1164","2020-05-13",305,14,70,802,5245,0.953098188751192,0,0,478,314,8,6767,3,766,8,3
"1165","2020-05-14",289,14,78,727,5245,0.953098188751192,0,0,478,314,3,6770,12,778,3,12
"1166","2020-05-15",270,14,76,678,5245,0.953098188751192,0,0,478,314,5,6775,19,797,3,19
"1167","2020-05-16",243,14,77,651,5245,0.953098188751192,0,0,478,314,4,6779,11,808,3,11
"1168","2020-05-17",232,14,67,603,5245,0.953098188751192,0,0,478,314,12,6791,12,820,8,12
"1169","2020-05-18",200,14,71,554,5245,0.953098188751192,0,0,478,314,5,6796,17,837,5,17
"1170","2020-05-19",186,14,75,529,5245,0.953098188751192,0,0,478,314,5,6801,10,847,4,10
"1171","2020-05-20",171,14,80,482,5245,0.953098188751192,0,0,478,314,3,6804,10,857,3,10
"1172","2020-05-21",161,14,73,447,5245,0.953098188751192,0,0,478,314,1,6805,17,874,1,17
"1173","2020-05-22",156,14,78,419,5245,0.953098188751192,0,0,478,314,6,6811,22,896,5,22
"1174","2020-05-23",158,14,81,382,5245,0.953098188751192,0,0,478,314,2,6813,23,919,2,23
"1175","2020-05-24",138,14,87,344,5245,0.953098188751192,0,0,478,314,2,6815,9,928,2,9
"1176","2020-05-25",135,14,85,321,5245,0.953098188751192,0,0,478,314,1,6816,8,936,1,8
"1177","2020-05-26",128,14,86,297,5245,0.953098188751192,0,0,478,314,1,6817,9,945,1,9
"1178","2020-05-27",120,14,92,267,5245,0.953098188751192,0,0,478,314,3,6820,12,957,NA,12
"1179","2020-05-28",109,14,91,243,5245,0.953098188751192,0,0,478,314,3,6823,2,959,2,2
"1180","2020-05-29",97,14,90,228,5245,0.953098188751192,0,0,478,314,7,6830,4,963,4,4
"1181","2020-05-30",78,14,96,210,5245,0.953098188751192,0,0,478,314,4,6834,14,977,3,14
"1182","2020-05-31",75,14,101,199,5245,0.953098188751192,0,0,478,314,2,6836,11,988,2,11
"1183","2020-06-01",76,14,112,182,5245,0.953098188751192,0,0,478,314,3,6839,10,998,1,10
"1184","2020-06-02",66,14,118,174,5245,0.953098188751192,0,0,478,314,2,6841,4,1002,2,4
"1185","2020-06-03",55,14,113,163,5245,0.953098188751192,0,0,478,314,NA,NA,6,1008,NA,6
"1186","2020-06-04",49,14,107,154,5245,0.953098188751192,0,0,478,314,5,6846,4,1012,2,4
"1187","2020-06-05",39,14,99,151,5245,0.953098188751192,0,0,478,314,4,6850,2,1014,4,2
"1188","2020-06-06",43,14,93,138,5245,0.953098188751192,0,0,478,314,3,6853,6,1020,1,6
"1189","2020-06-07",36,14,90,137,5245,0.953098188751192,0,0,478,314,3,6856,3,1023,2,3
"1190","2020-03-14",1,15,46,67,7551,0.921997086478612,0,0,641,370,17,50,4,17,3,4
"1191","2020-03-15",3,15,49,90,7551,0.921997086478612,0,0,641,370,15,65,5,22,5,5
"1192","2020-03-16",7,15,64,121,7551,0.921997086478612,0,0,641,370,18,83,2,24,7,2
"1193","2020-03-17",11,15,68,153,7551,0.921997086478612,0,0,641,370,16,99,5,29,7,5
"1194","2020-03-18",17,15,71,199,7551,0.921997086478612,0,0,641,370,21,120,4,33,7,4
"1195","2020-03-19",22,15,65,254,7551,0.921997086478612,0,0,641,370,18,138,1,34,6,1
"1196","2020-03-20",37,15,80,300,7551,0.921997086478612,0,0,641,370,22,160,2,36,8,2
"1197","2020-03-21",46,15,72,356,7551,0.921997086478612,0,0,641,370,19,179,NA,NA,3,NA
"1198","2020-03-22",59,15,67,435,7551,0.921997086478612,0,0,641,370,16,195,1,37,6,1
"1199","2020-03-23",78,15,73,565,7551,0.921997086478612,0,0,641,370,16,211,2,39,10,2
"1200","2020-03-24",93,15,76,656,7551,0.921997086478612,0,0,641,370,27,238,2,41,10,2
"1201","2020-03-25",112,15,72,783,7551,0.921997086478612,0,0,641,370,20,258,4,45,12,4
"1202","2020-03-26",129,15,61,926,7551,0.921997086478612,0,0,641,370,31,289,3,48,12,3
"1203","2020-03-27",144,15,55,1099,7551,0.921997086478612,0,0,641,370,20,309,9,57,11,9
"1204","2020-03-28",184,15,52,1314,7551,0.921997086478612,0,0,641,370,34,343,4,61,19,4
"1205","2020-03-29",224,15,55,1420,7551,0.921997086478612,0,0,641,370,32,375,6,67,15,6
"1206","2020-03-30",240,15,47,1537,7551,0.921997086478612,0,0,641,370,29,404,7,74,15,7
"1207","2020-03-31",272,15,67,1682,7551,0.921997086478612,0,0,641,370,22,426,2,76,12,2
"1208","2020-04-01",307,15,79,1821,7551,0.921997086478612,0,0,641,370,25,451,1,77,12,1
"1209","2020-04-02",361,15,88,1945,7551,0.921997086478612,0,0,641,370,30,481,6,83,20,6
"1210","2020-04-03",406,15,106,2158,7551,0.921997086478612,0,0,641,370,32,513,3,86,17,3
"1211","2020-04-04",425,15,102,2269,7551,0.921997086478612,0,0,641,370,27,540,5,91,17,5
"1212","2020-04-05",458,15,123,2398,7551,0.921997086478612,0,0,641,370,33,573,4,95,16,4
"1213","2020-04-06",524,15,132,2627,7551,0.921997086478612,0,0,641,370,31,604,4,99,16,4
"1214","2020-04-07",570,15,147,2735,7551,0.921997086478612,0,0,641,370,43,647,2,101,23,2
"1215","2020-04-08",616,15,134,2945,7551,0.921997086478612,0,0,641,370,32,679,8,109,18,8
"1216","2020-04-09",650,15,131,3023,7551,0.921997086478612,0,0,641,370,42,721,7,116,22,7
"1217","2020-04-10",679,15,149,3103,7551,0.921997086478612,0,0,641,370,34,755,5,121,21,5
"1218","2020-04-11",746,15,145,3141,7551,0.921997086478612,0,0,641,370,34,789,1,122,19,1
"1219","2020-04-12",794,15,130,3187,7551,0.921997086478612,0,0,641,370,41,830,2,124,28,2
"1220","2020-04-13",822,15,127,3160,7551,0.921997086478612,0,0,641,370,45,875,NA,NA,28,NA
"1221","2020-04-14",871,15,127,3018,7551,0.921997086478612,0,0,641,370,43,918,3,127,27,3
"1222","2020-04-15",889,15,145,2895,7551,0.921997086478612,0,0,641,370,36,954,8,135,28,8
"1223","2020-04-16",905,15,148,2789,7551,0.921997086478612,0,0,641,370,44,998,15,150,27,15
"1224","2020-04-17",916,15,162,2662,7551,0.921997086478612,0,0,641,370,33,1031,12,162,21,12
"1225","2020-04-18",886,15,152,2486,7551,0.921997086478612,0,0,641,370,43,1074,8,170,32,8
"1226","2020-04-19",855,15,148,2304,7551,0.921997086478612,0,0,641,370,31,1105,9,179,19,9
"1227","2020-04-20",819,15,136,2100,7551,0.921997086478612,0,0,641,370,29,1134,16,195,14,16
"1228","2020-04-21",759,15,147,1867,7551,0.921997086478612,0,0,641,370,25,1159,5,200,14,5
"1229","2020-04-22",712,15,161,1655,7551,0.921997086478612,0,0,641,370,41,1200,5,205,23,5
"1230","2020-04-23",657,15,171,1485,7551,0.921997086478612,0,0,641,370,22,1222,6,211,14,6
"1231","2020-04-24",595,15,147,1296,7551,0.921997086478612,0,0,641,370,35,1257,NA,NA,15,NA
"1232","2020-04-25",542,15,141,1142,7551,0.921997086478612,0,0,641,370,34,1291,3,214,15,3
"1233","2020-04-26",489,15,138,985,7551,0.921997086478612,0,0,641,370,38,1329,1,215,16,1
"1234","2020-04-27",435,15,134,868,7551,0.921997086478612,0,0,641,370,32,1361,10,225,14,10
"1235","2020-04-28",380,15,138,718,7551,0.921997086478612,0,0,641,370,29,1390,5,230,12,5
"1236","2020-04-29",321,15,143,625,7551,0.921997086478612,0,0,641,370,23,1413,5,235,12,5
"1237","2020-04-30",274,15,149,516,7551,0.921997086478612,0,0,641,370,32,1445,4,239,19,4
"1238","2020-05-01",246,15,147,450,7551,0.921997086478612,0,0,641,370,34,1479,2,241,18,2
"1239","2020-05-02",209,15,120,384,7551,0.921997086478612,0,0,641,370,33,1512,1,242,16,1
"1240","2020-05-03",175,15,113,318,7551,0.921997086478612,0,0,641,370,32,1544,NA,NA,16,NA
"1241","2020-05-04",142,15,132,273,7551,0.921997086478612,0,0,641,370,24,1568,5,247,17,5
"1242","2020-05-05",123,15,132,242,7551,0.921997086478612,0,0,641,370,38,1606,4,251,18,4
"1243","2020-05-06",118,15,148,216,7551,0.921997086478612,0,0,641,370,35,1641,7,258,21,7
"1244","2020-05-07",99,15,170,188,7551,0.921997086478612,0,0,641,370,23,1664,4,262,10,4
"1245","2020-05-08",80,15,176,159,7551,0.921997086478612,0,0,641,370,29,1693,14,276,15,14
"1246","2020-05-09",65,15,148,140,7551,0.921997086478612,0,0,641,370,35,1728,13,289,20,13
"1247","2020-05-10",53,15,133,127,7551,0.921997086478612,0,0,641,370,29,1757,8,297,12,8
"1248","2020-05-11",45,15,131,118,7551,0.921997086478612,0,0,641,370,43,1800,4,301,24,4
"1249","2020-05-12",39,15,127,108,7551,0.921997086478612,0,0,641,370,23,1823,17,318,14,17
"1250","2020-05-13",31,15,109,98,7551,0.921997086478612,0,0,641,370,21,1844,5,323,10,5
"1251","2020-05-14",33,15,89,97,7551,0.921997086478612,0,0,641,370,24,1868,4,327,14,4
"1252","2020-05-15",31,15,83,95,7551,0.921997086478612,0,0,641,370,22,1890,4,331,12,4
"1253","2020-05-16",34,15,71,91,7551,0.921997086478612,0,0,641,370,19,1909,5,336,16,5
"1254","2020-05-17",28,15,70,87,7551,0.921997086478612,0,0,641,370,18,1927,2,338,10,2
"1255","2020-05-18",32,15,69,80,7551,0.921997086478612,0,0,641,370,19,1946,1,339,12,1
"1256","2020-05-19",28,15,71,74,7551,0.921997086478612,0,0,641,370,20,1966,5,344,11,5
"1257","2020-05-20",28,15,81,71,7551,0.921997086478612,0,0,641,370,25,1991,5,349,15,5
"1258","2020-05-21",24,15,69,63,7551,0.921997086478612,0,0,641,370,17,2008,11,360,8,11
"1259","2020-05-22",23,15,69,52,7551,0.921997086478612,0,0,641,370,25,2033,15,375,15,15
"1260","2020-05-23",20,15,68,47,7551,0.921997086478612,0,0,641,370,26,2059,4,379,11,4
"1261","2020-05-24",20,15,81,38,7551,0.921997086478612,0,0,641,370,19,2078,3,382,11,3
"1262","2020-05-25",17,15,74,35,7551,0.921997086478612,0,0,641,370,18,2096,2,384,9,2
"1263","2020-05-26",17,15,66,33,7551,0.921997086478612,0,0,641,370,21,2117,2,386,11,2
"1264","2020-05-27",14,15,83,31,7551,0.921997086478612,0,0,641,370,21,2138,4,390,11,4
"1265","2020-05-28",12,15,77,26,7551,0.921997086478612,0,0,641,370,13,2151,6,396,10,6
"1266","2020-05-29",10,15,80,24,7551,0.921997086478612,0,0,641,370,18,2169,6,402,12,6
"1267","2020-05-30",10,15,74,26,7551,0.921997086478612,0,0,641,370,16,2185,7,409,8,7
"1268","2020-05-31",12,15,68,30,7551,0.921997086478612,0,0,641,370,13,2198,9,418,7,9
"1269","2020-06-01",10,15,78,30,7551,0.921997086478612,0,0,641,370,14,2212,3,421,11,3
"1270","2020-06-02",9,15,78,29,7551,0.921997086478612,0,0,641,370,16,2228,5,426,11,5
"1271","2020-06-03",8,15,81,28,7551,0.921997086478612,0,0,641,370,13,2241,3,429,6,3
"1272","2020-06-04",9,15,85,30,7551,0.921997086478612,0,0,641,370,19,2260,2,431,11,2
"1273","2020-06-05",8,15,80,30,7551,0.921997086478612,0,0,641,370,11,2271,5,436,7,5
"1274","2020-06-06",7,15,89,29,7551,0.921997086478612,0,0,641,370,3,2274,9,445,NA,9
"1275","2020-06-07",7,15,95,25,7551,0.921997086478612,0,0,641,370,9,2283,4,449,3,4
"1276","2020-03-13",1,16,18,11,2618,0.885026737967914,0,0,209,367,6,25,6,16,NA,6
"1277","2020-03-14",1,16,22,12,2618,0.885026737967914,0,0,209,367,11,36,4,20,5,4
"1278","2020-03-15",2,16,25,21,2618,0.885026737967914,0,0,209,367,11,47,2,22,3,2
"1279","2020-03-16",3,16,27,31,2618,0.885026737967914,0,0,209,367,9,56,7,29,4,7
"1280","2020-03-17",6,16,37,39,2618,0.885026737967914,0,0,209,367,9,65,5,34,5,5
"1281","2020-03-18",6,16,32,44,2618,0.885026737967914,0,0,209,367,14,79,5,39,9,5
"1282","2020-03-19",9,16,35,50,2618,0.885026737967914,0,0,209,367,14,93,15,54,6,15
"1283","2020-03-20",11,16,47,60,2618,0.885026737967914,0,0,209,367,25,118,15,69,15,15
"1284","2020-03-21",12,16,49,69,2618,0.885026737967914,0,0,209,367,16,134,19,88,10,19
"1285","2020-03-22",12,16,44,81,2618,0.885026737967914,0,0,209,367,26,160,21,109,17,21
"1286","2020-03-23",14,16,44,94,2618,0.885026737967914,0,0,209,367,17,177,17,126,11,17
"1287","2020-03-24",16,16,39,104,2618,0.885026737967914,0,0,209,367,23,200,22,148,13,22
"1288","2020-03-25",25,16,42,114,2618,0.885026737967914,0,0,209,367,15,215,20,168,10,20
"1289","2020-03-26",26,16,44,115,2618,0.885026737967914,0,0,209,367,18,233,19,187,11,19
"1290","2020-03-27",30,16,42,124,2618,0.885026737967914,0,0,209,367,24,257,23,210,19,23
"1291","2020-03-28",34,16,40,142,2618,0.885026737967914,0,0,209,367,24,281,23,233,16,23
"1292","2020-03-29",37,16,44,148,2618,0.885026737967914,0,0,209,367,29,310,15,248,16,15
"1293","2020-03-30",40,16,42,162,2618,0.885026737967914,0,0,209,367,38,348,19,267,25,19
"1294","2020-03-31",45,16,40,173,2618,0.885026737967914,0,0,209,367,26,374,13,280,16,13
"1295","2020-04-01",44,16,45,180,2618,0.885026737967914,0,0,209,367,23,397,19,299,18,19
"1296","2020-04-02",47,16,48,191,2618,0.885026737967914,0,0,209,367,29,426,20,319,21,20
"1297","2020-04-03",46,16,62,194,2618,0.885026737967914,0,0,209,367,26,452,24,343,22,24
"1298","2020-04-04",48,16,62,200,2618,0.885026737967914,0,0,209,367,34,486,25,368,26,25
"1299","2020-04-05",52,16,55,218,2618,0.885026737967914,0,0,209,367,30,516,24,392,24,24
"1300","2020-04-06",50,16,60,224,2618,0.885026737967914,0,0,209,367,38,554,26,418,25,26
"1301","2020-04-07",48,16,57,239,2618,0.885026737967914,0,0,209,367,27,581,27,445,22,27
"1302","2020-04-08",51,16,54,266,2618,0.885026737967914,0,0,209,367,40,621,21,466,31,21
"1303","2020-04-09",54,16,47,275,2618,0.885026737967914,0,0,209,367,32,653,23,489,24,23
"1304","2020-04-10",55,16,44,296,2618,0.885026737967914,0,0,209,367,30,683,24,513,22,24
"1305","2020-04-11",56,16,37,324,2618,0.885026737967914,0,0,209,367,25,708,13,526,19,13
"1306","2020-04-12",59,16,42,329,2618,0.885026737967914,0,0,209,367,26,734,40,566,20,40
"1307","2020-04-13",69,16,46,347,2618,0.885026737967914,0,0,209,367,32,766,26,592,23,26
"1308","2020-04-14",72,16,54,378,2618,0.885026737967914,0,0,209,367,35,801,13,605,22,13
"1309","2020-04-15",68,16,45,401,2618,0.885026737967914,0,0,209,367,27,828,23,628,21,23
"1310","2020-04-16",73,16,47,429,2618,0.885026737967914,0,0,209,367,38,866,27,655,27,27
"1311","2020-04-17",84,16,44,459,2618,0.885026737967914,0,0,209,367,29,895,30,685,21,30
"1312","2020-04-18",98,16,58,464,2618,0.885026737967914,0,0,209,367,28,923,27,712,14,27
"1313","2020-04-19",108,16,57,519,2618,0.885026737967914,0,0,209,367,36,959,35,747,21,35
"1314","2020-04-20",115,16,56,528,2618,0.885026737967914,0,0,209,367,28,987,43,790,15,43
"1315","2020-04-21",129,16,60,535,2618,0.885026737967914,0,0,209,367,27,1014,51,841,14,51
"1316","2020-04-22",141,16,69,559,2618,0.885026737967914,0,0,209,367,40,1054,41,882,26,41
"1317","2020-04-23",152,16,83,585,2618,0.885026737967914,0,0,209,367,33,1087,30,912,20,30
"1318","2020-04-24",160,16,107,603,2618,0.885026737967914,0,0,209,367,22,1109,39,951,16,39
"1319","2020-04-25",159,16,108,619,2618,0.885026737967914,0,0,209,367,34,1143,32,983,21,32
"1320","2020-04-26",161,16,115,623,2618,0.885026737967914,0,0,209,367,32,1175,29,1012,20,29
"1321","2020-04-27",168,16,112,642,2618,0.885026737967914,0,0,209,367,29,1204,32,1044,22,32
"1322","2020-04-28",169,16,108,652,2618,0.885026737967914,0,0,209,367,25,1229,36,1080,17,36
"1323","2020-04-29",182,16,119,650,2618,0.885026737967914,0,0,209,367,27,1256,28,1108,18,28
"1324","2020-04-30",188,16,130,635,2618,0.885026737967914,0,0,209,367,28,1284,30,1138,18,30
"1325","2020-05-01",190,16,128,602,2618,0.885026737967914,0,0,209,367,23,1307,37,1175,13,37
"1326","2020-05-02",192,16,118,569,2618,0.885026737967914,0,0,209,367,24,1331,32,1207,16,32
"1327","2020-05-03",195,16,115,550,2618,0.885026737967914,0,0,209,367,30,1361,32,1239,23,32
"1328","2020-05-04",191,16,119,537,2618,0.885026737967914,0,0,209,367,23,1384,37,1276,13,37
"1329","2020-05-05",184,16,108,506,2618,0.885026737967914,0,0,209,367,24,1408,30,1306,13,30
"1330","2020-05-06",171,16,103,476,2618,0.885026737967914,0,0,209,367,26,1434,39,1345,17,39
"1331","2020-05-07",153,16,103,454,2618,0.885026737967914,0,0,209,367,32,1466,29,1374,22,29
"1332","2020-05-08",146,16,104,450,2618,0.885026737967914,0,0,209,367,23,1489,29,1403,16,29
"1333","2020-05-09",137,16,100,427,2618,0.885026737967914,0,0,209,367,27,1516,23,1426,18,23
"1334","2020-05-10",129,16,105,399,2618,0.885026737967914,0,0,209,367,31,1547,22,1448,19,22
"1335","2020-05-11",126,16,111,387,2618,0.885026737967914,0,0,209,367,20,1567,16,1464,14,16
"1336","2020-05-12",114,16,105,376,2618,0.885026737967914,0,0,209,367,19,1586,24,1488,7,24
"1337","2020-05-13",110,16,108,361,2618,0.885026737967914,0,0,209,367,28,1614,50,1538,14,50
"1338","2020-05-14",109,16,104,354,2618,0.885026737967914,0,0,209,367,33,1647,38,1576,19,38
"1339","2020-05-15",101,16,96,345,2618,0.885026737967914,0,0,209,367,21,1668,30,1606,14,30
"1340","2020-05-16",102,16,98,328,2618,0.885026737967914,0,0,209,367,22,1690,28,1634,16,28
"1341","2020-05-17",97,16,97,324,2618,0.885026737967914,0,0,209,367,23,1713,14,1648,10,14
"1342","2020-05-18",92,16,101,320,2618,0.885026737967914,0,0,209,367,29,1742,21,1669,24,21
"1343","2020-05-19",96,16,106,305,2618,0.885026737967914,0,0,209,367,28,1770,18,1687,20,18
"1344","2020-05-20",93,16,102,299,2618,0.885026737967914,0,0,209,367,21,1791,19,1706,13,19
"1345","2020-05-21",91,16,108,280,2618,0.885026737967914,0,0,209,367,29,1820,16,1722,18,16
"1346","2020-05-22",93,16,109,279,2618,0.885026737967914,0,0,209,367,25,1845,27,1749,17,27
"1347","2020-05-23",89,16,108,274,2618,0.885026737967914,0,0,209,367,23,1868,29,1778,15,29
"1348","2020-05-24",90,16,106,271,2618,0.885026737967914,0,0,209,367,26,1894,24,1802,19,24
"1349","2020-05-25",90,16,100,267,2618,0.885026737967914,0,0,209,367,14,1908,22,1824,11,22
"1350","2020-05-26",83,16,98,268,2618,0.885026737967914,0,0,209,367,16,1924,32,1856,8,32
"1351","2020-05-27",82,16,99,257,2618,0.885026737967914,0,0,209,367,22,1946,20,1876,17,20
"1352","2020-05-28",80,16,96,259,2618,0.885026737967914,0,0,209,367,22,1968,31,1907,17,31
"1353","2020-05-29",73,16,82,257,2618,0.885026737967914,0,0,209,367,17,1985,24,1931,11,24
"1354","2020-05-30",69,16,84,252,2618,0.885026737967914,0,0,209,367,23,2008,29,1960,20,29
"1355","2020-05-31",70,16,82,237,2618,0.885026737967914,0,0,209,367,18,2026,11,1971,15,11
"1356","2020-06-01",62,16,79,244,2618,0.885026737967914,0,0,209,367,13,2039,25,1996,11,25
"1357","2020-06-02",70,16,75,236,2618,0.885026737967914,0,0,209,367,18,2057,30,2026,12,30
"1358","2020-06-03",64,16,62,216,2618,0.885026737967914,0,0,209,367,14,2071,35,2061,12,35
"1359","2020-06-04",62,16,54,216,2618,0.885026737967914,0,0,209,367,16,2087,26,2087,14,26
"1360","2020-06-05",69,16,60,208,2618,0.885026737967914,0,0,209,367,19,2106,23,2110,13,23
"1361","2020-06-06",70,16,67,205,2618,0.885026737967914,0,0,209,367,10,2116,18,2128,9,18
"1362","2020-06-07",66,16,67,207,2618,0.885026737967914,0,0,209,367,14,2130,17,2145,10,17
"1363","2020-03-15",1,17,25,41,2051,0.665529010238908,0,0,175,288,2,14,NA,NA,1,NA
"1364","2020-03-16",2,17,24,53,2051,0.665529010238908,0,0,175,288,2,16,3,20,2,3
"1365","2020-03-17",4,17,22,69,2051,0.665529010238908,0,0,175,288,2,18,4,24,2,4
"1366","2020-03-18",5,17,30,83,2051,0.665529010238908,0,0,175,288,5,23,5,29,4,5
"1367","2020-03-19",7,17,34,96,2051,0.665529010238908,0,0,175,288,9,32,6,35,9,6
"1368","2020-03-20",13,17,32,103,2051,0.665529010238908,0,0,175,288,4,36,6,41,3,6
"1369","2020-03-21",21,17,31,122,2051,0.665529010238908,0,0,175,288,7,43,3,44,4,3
"1370","2020-03-22",31,17,28,138,2051,0.665529010238908,0,0,175,288,17,60,NA,NA,12,NA
"1371","2020-03-23",37,17,23,152,2051,0.665529010238908,0,0,175,288,13,73,8,52,11,8
"1372","2020-03-24",41,17,20,163,2051,0.665529010238908,0,0,175,288,9,82,6,58,7,6
"1373","2020-03-25",45,17,19,177,2051,0.665529010238908,0,0,175,288,13,95,4,62,12,4
"1374","2020-03-26",51,17,16,182,2051,0.665529010238908,0,0,175,288,20,115,6,68,19,6
"1375","2020-03-27",52,17,19,188,2051,0.665529010238908,0,0,175,288,28,143,2,70,27,2
"1376","2020-03-28",51,17,24,203,2051,0.665529010238908,0,0,175,288,17,160,NA,NA,16,NA
"1377","2020-03-29",53,17,36,215,2051,0.665529010238908,0,0,175,288,28,188,1,71,26,1
"1378","2020-03-30",54,17,41,214,2051,0.665529010238908,0,0,175,288,39,227,1,72,38,1
"1379","2020-03-31",54,17,35,228,2051,0.665529010238908,0,0,175,288,37,264,7,79,35,7
"1380","2020-04-01",54,17,39,231,2051,0.665529010238908,0,0,175,288,51,315,9,88,49,9
"1381","2020-04-02",55,17,53,239,2051,0.665529010238908,0,0,175,288,39,354,11,99,38,11
"1382","2020-04-03",61,17,51,256,2051,0.665529010238908,0,0,175,288,50,404,7,106,47,7
"1383","2020-04-04",60,17,59,250,2051,0.665529010238908,0,0,175,288,82,486,2,108,81,2
"1384","2020-04-05",53,17,57,251,2051,0.665529010238908,0,0,175,288,53,539,4,112,52,4
"1385","2020-04-06",59,17,66,257,2051,0.665529010238908,0,0,175,288,92,631,10,122,90,10
"1386","2020-04-07",66,17,71,279,2051,0.665529010238908,0,0,175,288,108,739,8,130,107,8
"1387","2020-04-08",72,17,68,294,2051,0.665529010238908,0,0,175,288,103,842,7,137,102,7
"1388","2020-04-09",77,17,59,299,2051,0.665529010238908,0,0,175,288,134,976,2,139,130,2
"1389","2020-04-10",77,17,55,313,2051,0.665529010238908,0,0,175,288,134,1110,8,147,133,8
"1390","2020-04-11",82,17,69,328,2051,0.665529010238908,0,0,175,288,149,1259,9,156,147,9
"1391","2020-04-12",88,17,57,337,2051,0.665529010238908,0,0,175,288,162,1421,12,168,159,12
"1392","2020-04-13",89,17,59,343,2051,0.665529010238908,0,0,175,288,175,1596,6,174,174,6
"1393","2020-04-14",93,17,61,361,2051,0.665529010238908,0,0,175,288,200,1796,20,194,198,20
"1394","2020-04-15",98,17,63,360,2051,0.665529010238908,0,0,175,288,185,1981,19,213,182,19
"1395","2020-04-16",96,17,80,363,2051,0.665529010238908,0,0,175,288,233,2214,13,226,231,13
"1396","2020-04-17",104,17,72,356,2051,0.665529010238908,0,0,175,288,245,2459,9,235,243,9
"1397","2020-04-18",105,17,71,365,2051,0.665529010238908,0,0,175,288,260,2719,12,247,257,12
"1398","2020-04-19",109,17,63,376,2051,0.665529010238908,0,0,175,288,225,2944,10,257,225,10
"1399","2020-04-20",100,17,56,374,2051,0.665529010238908,0,0,175,288,303,3247,9,266,301,9
"1400","2020-04-21",100,17,54,379,2051,0.665529010238908,0,0,175,288,232,3479,6,272,232,6
"1401","2020-04-22",100,17,64,382,2051,0.665529010238908,0,0,175,288,228,3707,10,282,226,10
"1402","2020-04-23",103,17,62,397,2051,0.665529010238908,0,0,175,288,196,3903,14,296,196,14
"1403","2020-04-24",102,17,61,420,2051,0.665529010238908,0,0,175,288,220,4123,12,308,216,12
"1404","2020-04-25",109,17,52,421,2051,0.665529010238908,0,0,175,288,216,4339,9,317,216,9
"1405","2020-04-26",110,17,77,416,2051,0.665529010238908,0,0,175,288,202,4541,4,321,202,4
"1406","2020-04-27",125,17,78,402,2051,0.665529010238908,0,0,175,288,212,4753,18,339,210,18
"1407","2020-04-28",133,17,80,395,2051,0.665529010238908,0,0,175,288,182,4935,18,357,181,18
"1408","2020-04-29",133,17,81,395,2051,0.665529010238908,0,0,175,288,148,5083,13,370,146,13
"1409","2020-04-30",137,17,84,384,2051,0.665529010238908,0,0,175,288,168,5251,18,388,167,18
"1410","2020-05-01",132,17,82,374,2051,0.665529010238908,0,0,175,288,139,5390,8,396,138,8
"1411","2020-05-02",129,17,87,374,2051,0.665529010238908,0,0,175,288,111,5501,8,404,110,8
"1412","2020-05-03",126,17,86,355,2051,0.665529010238908,0,0,175,288,119,5620,13,417,119,13
"1413","2020-05-04",116,17,83,344,2051,0.665529010238908,0,0,175,288,93,5713,8,425,93,8
"1414","2020-05-05",105,17,87,341,2051,0.665529010238908,0,0,175,288,95,5808,19,444,95,19
"1415","2020-05-06",108,17,94,333,2051,0.665529010238908,0,0,175,288,75,5883,21,465,74,21
"1416","2020-05-07",102,17,89,321,2051,0.665529010238908,0,0,175,288,64,5947,30,495,64,30
"1417","2020-05-08",96,17,84,300,2051,0.665529010238908,0,0,175,288,64,6011,7,502,64,7
"1418","2020-05-09",92,17,79,294,2051,0.665529010238908,0,0,175,288,55,6066,10,512,55,10
"1419","2020-05-10",92,17,71,286,2051,0.665529010238908,0,0,175,288,46,6112,5,517,45,5
"1420","2020-05-11",88,17,71,296,2051,0.665529010238908,0,0,175,288,37,6149,9,526,37,9
"1421","2020-05-12",89,17,86,281,2051,0.665529010238908,0,0,175,288,37,6186,15,541,37,15
"1422","2020-05-13",79,17,80,268,2051,0.665529010238908,0,0,175,288,29,6215,4,545,28,4
"1423","2020-05-14",76,17,83,263,2051,0.665529010238908,0,0,175,288,27,6242,12,557,27,12
"1424","2020-05-15",82,17,83,254,2051,0.665529010238908,0,0,175,288,36,6278,7,564,35,7
"1425","2020-05-16",81,17,77,244,2051,0.665529010238908,0,0,175,288,26,6304,8,572,24,8
"1426","2020-05-17",82,17,70,236,2051,0.665529010238908,0,0,175,288,23,6327,9,581,23,9
"1427","2020-05-18",85,17,65,234,2051,0.665529010238908,0,0,175,288,21,6348,18,599,21,18
"1428","2020-05-19",79,17,59,235,2051,0.665529010238908,0,0,175,288,16,6364,7,606,16,7
"1429","2020-05-20",77,17,59,228,2051,0.665529010238908,0,0,175,288,12,6376,18,624,11,18
"1430","2020-05-21",80,17,64,217,2051,0.665529010238908,0,0,175,288,8,6384,9,633,7,9
"1431","2020-05-22",73,17,61,208,2051,0.665529010238908,0,0,175,288,9,6393,11,644,9,11
"1432","2020-05-23",69,17,43,202,2051,0.665529010238908,0,0,175,288,8,6401,5,649,8,5
"1433","2020-05-24",59,17,39,196,2051,0.665529010238908,0,0,175,288,8,6409,3,652,8,3
"1434","2020-05-25",66,17,48,194,2051,0.665529010238908,0,0,175,288,7,6416,2,654,7,2
"1435","2020-05-26",64,17,46,179,2051,0.665529010238908,0,0,175,288,5,6421,3,657,5,3
"1436","2020-05-27",64,17,48,174,2051,0.665529010238908,0,0,175,288,3,6424,6,663,3,6
"1437","2020-05-28",57,17,52,164,2051,0.665529010238908,0,0,175,288,2,6426,7,670,2,7
"1438","2020-05-29",55,17,59,167,2051,0.665529010238908,0,0,175,288,4,6430,9,679,2,9
"1439","2020-05-30",53,17,69,165,2051,0.665529010238908,0,0,175,288,4,6434,6,685,4,6
"1440","2020-05-31",52,17,69,165,2051,0.665529010238908,0,0,175,288,6,6440,7,692,6,7
"1441","2020-06-01",41,17,67,156,2051,0.665529010238908,0,0,175,288,1,6441,4,696,1,4
"1442","2020-06-02",44,17,67,154,2051,0.665529010238908,0,0,175,288,5,6446,5,701,4,5
"1443","2020-06-03",46,17,62,153,2051,0.665529010238908,0,0,175,288,3,6449,4,705,3,4
"1444","2020-06-04",46,17,51,141,2051,0.665529010238908,0,0,175,288,1,6450,5,710,1,5
"1445","2020-06-05",45,17,50,137,2051,0.665529010238908,0,0,175,288,2,6452,3,713,2,3
"1446","2020-06-06",40,17,43,134,2051,0.665529010238908,0,0,175,288,1,6453,2,715,1,2
"1447","2020-06-07",43,17,55,124,2051,0.665529010238908,0,0,175,288,1,6454,5,720,1,5
"1448","2020-03-13",1,18,34,17,2170,0.848847926267281,0,0,161,326,2,8,2,6,1,2
"1449","2020-03-14",1,18,44,24,2170,0.848847926267281,0,0,161,326,3,11,5,11,1,5
"1450","2020-03-15",2,18,40,30,2170,0.848847926267281,0,0,161,326,4,15,4,15,3,4
"1451","2020-03-16",4,18,40,37,2170,0.848847926267281,0,0,161,326,NA,NA,4,19,NA,4
"1452","2020-03-17",4,18,31,45,2170,0.848847926267281,0,0,161,326,3,18,7,26,2,7
"1453","2020-03-18",8,18,29,50,2170,0.848847926267281,0,0,161,326,9,27,8,34,5,8
"1454","2020-03-19",11,18,33,53,2170,0.848847926267281,0,0,161,326,3,30,8,42,3,8
"1455","2020-03-20",13,18,36,63,2170,0.848847926267281,0,0,161,326,6,36,9,51,4,9
"1456","2020-03-21",16,18,55,73,2170,0.848847926267281,0,0,161,326,10,46,5,56,8,5
"1457","2020-03-22",15,18,50,80,2170,0.848847926267281,0,0,161,326,9,55,10,66,6,10
"1458","2020-03-23",18,18,51,90,2170,0.848847926267281,0,0,161,326,10,65,12,78,9,12
"1459","2020-03-24",20,18,61,98,2170,0.848847926267281,0,0,161,326,19,84,8,86,15,8
"1460","2020-03-25",19,18,72,105,2170,0.848847926267281,0,0,161,326,12,96,4,90,10,4
"1461","2020-03-26",17,18,74,116,2170,0.848847926267281,0,0,161,326,17,113,5,95,14,5
"1462","2020-03-27",15,18,60,127,2170,0.848847926267281,0,0,161,326,15,128,1,96,11,1
"1463","2020-03-28",20,18,58,133,2170,0.848847926267281,0,0,161,326,11,139,5,101,9,5
"1464","2020-03-29",28,18,51,143,2170,0.848847926267281,0,0,161,326,21,160,2,103,20,2
"1465","2020-03-30",28,18,53,155,2170,0.848847926267281,0,0,161,326,12,172,1,104,12,1
"1466","2020-03-31",33,18,56,168,2170,0.848847926267281,0,0,161,326,16,188,2,106,14,2
"1467","2020-04-01",38,18,66,175,2170,0.848847926267281,0,0,161,326,28,216,5,111,24,5
"1468","2020-04-02",43,18,62,183,2170,0.848847926267281,0,0,161,326,25,241,5,116,19,5
"1469","2020-04-03",47,18,75,205,2170,0.848847926267281,0,0,161,326,22,263,6,122,19,6
"1470","2020-04-04",48,18,79,226,2170,0.848847926267281,0,0,161,326,29,292,6,128,27,6
"1471","2020-04-05",52,18,93,229,2170,0.848847926267281,0,0,161,326,25,317,6,134,24,6
"1472","2020-04-06",59,18,98,240,2170,0.848847926267281,0,0,161,326,41,358,7,141,37,7
"1473","2020-04-07",61,18,86,264,2170,0.848847926267281,0,0,161,326,31,389,6,147,24,6
"1474","2020-04-08",65,18,91,268,2170,0.848847926267281,0,0,161,326,24,413,7,154,22,7
"1475","2020-04-09",76,18,90,289,2170,0.848847926267281,0,0,161,326,28,441,13,167,24,13
"1476","2020-04-10",75,18,94,287,2170,0.848847926267281,0,0,161,326,31,472,6,173,28,6
"1477","2020-04-11",81,18,111,309,2170,0.848847926267281,0,0,161,326,35,507,6,179,30,6
"1478","2020-04-12",82,18,114,305,2170,0.848847926267281,0,0,161,326,32,539,5,184,31,5
"1479","2020-04-13",81,18,113,314,2170,0.848847926267281,0,0,161,326,30,569,8,192,26,8
"1480","2020-04-14",77,18,109,309,2170,0.848847926267281,0,0,161,326,26,595,5,197,24,5
"1481","2020-04-15",81,18,96,315,2170,0.848847926267281,0,0,161,326,39,634,11,208,39,11
"1482","2020-04-16",73,18,83,309,2170,0.848847926267281,0,0,161,326,48,682,10,218,45,10
"1483","2020-04-17",85,18,76,306,2170,0.848847926267281,0,0,161,326,37,719,9,227,36,9
"1484","2020-04-18",83,18,60,308,2170,0.848847926267281,0,0,161,326,48,767,22,249,44,22
"1485","2020-04-19",81,18,58,323,2170,0.848847926267281,0,0,161,326,38,805,16,265,36,16
"1486","2020-04-20",79,18,65,339,2170,0.848847926267281,0,0,161,326,37,842,6,271,29,6
"1487","2020-04-21",93,18,64,358,2170,0.848847926267281,0,0,161,326,46,888,14,285,44,14
"1488","2020-04-22",89,18,80,368,2170,0.848847926267281,0,0,161,326,50,938,10,295,48,10
"1489","2020-04-23",96,18,86,377,2170,0.848847926267281,0,0,161,326,36,974,19,314,32,19
"1490","2020-04-24",96,18,64,391,2170,0.848847926267281,0,0,161,326,48,1022,5,319,47,5
"1491","2020-04-25",102,18,57,390,2170,0.848847926267281,0,0,161,326,31,1053,10,329,30,10
"1492","2020-04-26",112,18,58,390,2170,0.848847926267281,0,0,161,326,31,1084,11,340,28,11
"1493","2020-04-27",115,18,64,394,2170,0.848847926267281,0,0,161,326,26,1110,13,353,22,13
"1494","2020-04-28",113,18,62,380,2170,0.848847926267281,0,0,161,326,29,1139,13,366,28,13
"1495","2020-04-29",113,18,73,379,2170,0.848847926267281,0,0,161,326,42,1181,16,382,36,16
"1496","2020-04-30",108,18,92,378,2170,0.848847926267281,0,0,161,326,35,1216,15,397,33,15
"1497","2020-05-01",114,18,94,372,2170,0.848847926267281,0,0,161,326,35,1251,14,411,32,14
"1498","2020-05-02",110,18,76,379,2170,0.848847926267281,0,0,161,326,49,1300,20,431,42,20
"1499","2020-05-03",102,18,78,376,2170,0.848847926267281,0,0,161,326,30,1330,11,442,30,11
"1500","2020-05-04",104,18,86,384,2170,0.848847926267281,0,0,161,326,41,1371,15,457,38,15
"1501","2020-05-05",104,18,91,376,2170,0.848847926267281,0,0,161,326,48,1419,15,472,45,15
"1502","2020-05-06",115,18,86,355,2170,0.848847926267281,0,0,161,326,28,1447,7,479,27,7
"1503","2020-05-07",119,18,93,347,2170,0.848847926267281,0,0,161,326,32,1479,9,488,30,9
"1504","2020-05-08",112,18,89,337,2170,0.848847926267281,0,0,161,326,28,1507,3,491,27,3
"1505","2020-05-09",114,18,94,334,2170,0.848847926267281,0,0,161,326,25,1532,5,496,24,5
"1506","2020-05-10",113,18,98,326,2170,0.848847926267281,0,0,161,326,32,1564,22,518,27,22
"1507","2020-05-11",107,18,95,324,2170,0.848847926267281,0,0,161,326,36,1600,13,531,32,13
"1508","2020-05-12",99,18,81,328,2170,0.848847926267281,0,0,161,326,28,1628,21,552,26,21
"1509","2020-05-13",90,18,89,327,2170,0.848847926267281,0,0,161,326,39,1667,16,568,36,16
"1510","2020-05-14",85,18,92,317,2170,0.848847926267281,0,0,161,326,25,1692,14,582,24,14
"1511","2020-05-15",85,18,76,302,2170,0.848847926267281,0,0,161,326,27,1719,24,606,25,24
"1512","2020-05-16",78,18,56,301,2170,0.848847926267281,0,0,161,326,27,1746,17,623,25,17
"1513","2020-05-17",74,18,52,300,2170,0.848847926267281,0,0,161,326,34,1780,15,638,32,15
"1514","2020-05-18",73,18,68,295,2170,0.848847926267281,0,0,161,326,28,1808,14,652,25,14
"1515","2020-05-19",89,18,65,311,2170,0.848847926267281,0,0,161,326,21,1829,13,665,18,13
"1516","2020-05-20",87,18,56,316,2170,0.848847926267281,0,0,161,326,19,1848,19,684,17,19
"1517","2020-05-21",89,18,57,318,2170,0.848847926267281,0,0,161,326,25,1873,18,702,23,18
"1518","2020-05-22",83,18,59,310,2170,0.848847926267281,0,0,161,326,13,1886,12,714,12,12
"1519","2020-05-23",89,18,66,315,2170,0.848847926267281,0,0,161,326,14,1900,20,734,13,20
"1520","2020-05-24",97,18,63,316,2170,0.848847926267281,0,0,161,326,22,1922,10,744,20,10
"1521","2020-05-25",101,18,62,315,2170,0.848847926267281,0,0,161,326,14,1936,12,756,13,12
"1522","2020-05-26",90,18,52,304,2170,0.848847926267281,0,0,161,326,19,1955,15,771,18,15
"1523","2020-05-27",89,18,63,294,2170,0.848847926267281,0,0,161,326,18,1973,11,782,18,11
"1524","2020-05-28",86,18,69,290,2170,0.848847926267281,0,0,161,326,17,1990,10,792,16,10
"1525","2020-05-29",89,18,71,289,2170,0.848847926267281,0,0,161,326,17,2007,15,807,16,15
"1526","2020-05-30",88,18,65,283,2170,0.848847926267281,0,0,161,326,16,2023,12,819,14,12
"1527","2020-05-31",82,18,75,270,2170,0.848847926267281,0,0,161,326,10,2033,5,824,8,5
"1528","2020-06-01",82,18,54,244,2170,0.848847926267281,0,0,161,326,16,2049,8,832,15,8
"1529","2020-06-02",76,18,41,223,2170,0.848847926267281,0,0,161,326,15,2064,4,836,15,4
"1530","2020-06-03",70,18,40,209,2170,0.848847926267281,0,0,161,326,13,2077,1,837,13,1
"1531","2020-06-04",66,18,39,195,2170,0.848847926267281,0,0,161,326,14,2091,5,842,12,5
"1532","2020-06-05",63,18,44,184,2170,0.848847926267281,0,0,161,326,13,2104,8,850,12,8
"1533","2020-06-06",57,18,35,184,2170,0.848847926267281,0,0,161,326,11,2115,12,862,10,12
"1534","2020-06-07",59,18,30,178,2170,0.848847926267281,0,0,161,326,13,2128,8,870,13,8
"1535","2020-03-14",1,19,17,23,1298,0.49306625577812,0,0,115,154,14,39,4,19,7,4
"1536","2020-03-15",2,19,20,31,1298,0.49306625577812,0,0,115,154,11,50,9,28,6,9
"1537","2020-03-16",2,19,21,38,1298,0.49306625577812,0,0,115,154,9,59,8,36,4,8
"1538","2020-03-17",5,19,14,47,1298,0.49306625577812,0,0,115,154,15,74,7,43,11,7
"1539","2020-03-18",8,19,15,51,1298,0.49306625577812,0,0,115,154,17,91,4,47,8,4
"1540","2020-03-19",11,19,18,61,1298,0.49306625577812,0,0,115,154,20,111,4,51,14,4
"1541","2020-03-20",13,19,20,70,1298,0.49306625577812,0,0,115,154,15,126,11,62,11,11
"1542","2020-03-21",13,19,25,76,1298,0.49306625577812,0,0,115,154,19,145,15,77,12,15
"1543","2020-03-22",15,19,23,83,1298,0.49306625577812,0,0,115,154,19,164,7,84,17,7
"1544","2020-03-23",17,19,27,91,1298,0.49306625577812,0,0,115,154,21,185,7,91,14,7
"1545","2020-03-24",14,19,34,96,1298,0.49306625577812,0,0,115,154,24,209,3,94,14,3
"1546","2020-03-25",15,19,33,95,1298,0.49306625577812,0,0,115,154,21,230,9,103,13,9
"1547","2020-03-26",17,19,40,90,1298,0.49306625577812,0,0,115,154,33,263,4,107,25,4
"1548","2020-03-27",19,19,35,92,1298,0.49306625577812,0,0,115,154,24,287,9,116,15,9
"1549","2020-03-28",24,19,43,93,1298,0.49306625577812,0,0,115,154,24,311,5,121,15,5
"1550","2020-03-29",26,19,47,95,1298,0.49306625577812,0,0,115,154,25,336,11,132,14,11
"1551","2020-03-30",29,19,48,102,1298,0.49306625577812,0,0,115,154,29,365,5,137,22,5
"1552","2020-03-31",34,19,55,107,1298,0.49306625577812,0,0,115,154,31,396,8,145,24,8
"1553","2020-04-01",37,19,59,115,1298,0.49306625577812,0,0,115,154,29,425,15,160,20,15
"1554","2020-04-02",34,19,59,112,1298,0.49306625577812,0,0,115,154,29,454,6,166,22,6
"1555","2020-04-03",37,19,51,117,1298,0.49306625577812,0,0,115,154,37,491,9,175,31,9
"1556","2020-04-04",34,19,49,112,1298,0.49306625577812,0,0,115,154,26,517,5,180,18,5
"1557","2020-04-05",33,19,43,117,1298,0.49306625577812,0,0,115,154,39,556,6,186,24,6
"1558","2020-04-06",32,19,43,122,1298,0.49306625577812,0,0,115,154,40,596,6,192,30,6
"1559","2020-04-07",29,19,44,131,1298,0.49306625577812,0,0,115,154,36,632,14,206,28,14
"1560","2020-04-08",27,19,42,141,1298,0.49306625577812,0,0,115,154,59,691,12,218,50,12
"1561","2020-04-09",32,19,35,157,1298,0.49306625577812,0,0,115,154,55,746,15,233,42,15
"1562","2020-04-10",31,19,35,160,1298,0.49306625577812,0,0,115,154,50,796,6,239,42,6
"1563","2020-04-11",37,19,26,169,1298,0.49306625577812,0,0,115,154,40,836,4,243,31,4
"1564","2020-04-12",37,19,25,177,1298,0.49306625577812,0,0,115,154,57,893,3,246,45,3
"1565","2020-04-13",39,19,25,183,1298,0.49306625577812,0,0,115,154,59,952,11,257,44,11
"1566","2020-04-14",42,19,35,193,1298,0.49306625577812,0,0,115,154,47,999,4,261,38,4
"1567","2020-04-15",42,19,47,193,1298,0.49306625577812,0,0,115,154,60,1059,1,262,51,1
"1568","2020-04-16",50,19,51,200,1298,0.49306625577812,0,0,115,154,50,1109,22,284,39,22
"1569","2020-04-17",49,19,47,207,1298,0.49306625577812,0,0,115,154,48,1157,21,305,41,21
"1570","2020-04-18",50,19,47,217,1298,0.49306625577812,0,0,115,154,50,1207,12,317,39,12
"1571","2020-04-19",51,19,50,223,1298,0.49306625577812,0,0,115,154,34,1241,5,322,25,5
"1572","2020-04-20",56,19,47,226,1298,0.49306625577812,0,0,115,154,52,1293,7,329,42,7
"1573","2020-04-21",56,19,54,227,1298,0.49306625577812,0,0,115,154,53,1346,17,346,44,17
"1574","2020-04-22",65,19,53,222,1298,0.49306625577812,0,0,115,154,50,1396,18,364,39,18
"1575","2020-04-23",56,19,49,225,1298,0.49306625577812,0,0,115,154,47,1443,3,367,38,3
"1576","2020-04-24",63,19,51,229,1298,0.49306625577812,0,0,115,154,44,1487,16,383,36,16
"1577","2020-04-25",62,19,63,223,1298,0.49306625577812,0,0,115,154,38,1525,17,400,34,17
"1578","2020-04-26",69,19,57,227,1298,0.49306625577812,0,0,115,154,39,1564,18,418,30,18
"1579","2020-04-27",66,19,57,227,1298,0.49306625577812,0,0,115,154,31,1595,16,434,25,16
"1580","2020-04-28",71,19,60,222,1298,0.49306625577812,0,0,115,154,40,1635,6,440,33,6
"1581","2020-04-29",72,19,53,217,1298,0.49306625577812,0,0,115,154,40,1675,11,451,30,11
"1582","2020-04-30",73,19,47,209,1298,0.49306625577812,0,0,115,154,39,1714,7,458,29,7
"1583","2020-05-01",71,19,45,213,1298,0.49306625577812,0,0,115,154,34,1748,9,467,26,9
"1584","2020-05-02",70,19,47,211,1298,0.49306625577812,0,0,115,154,33,1781,5,472,28,5
"1585","2020-05-03",64,19,47,217,1298,0.49306625577812,0,0,115,154,39,1820,7,479,29,7
"1586","2020-05-04",61,19,50,220,1298,0.49306625577812,0,0,115,154,31,1851,4,483,24,4
"1587","2020-05-05",63,19,56,210,1298,0.49306625577812,0,0,115,154,31,1882,1,484,26,1
"1588","2020-05-06",57,19,57,201,1298,0.49306625577812,0,0,115,154,29,1911,21,505,22,21
"1589","2020-05-07",65,19,62,202,1298,0.49306625577812,0,0,115,154,51,1962,20,525,36,20
"1590","2020-05-08",63,19,73,195,1298,0.49306625577812,0,0,115,154,34,1996,28,553,21,28
"1591","2020-05-09",64,19,77,197,1298,0.49306625577812,0,0,115,154,23,2019,17,570,16,17
"1592","2020-05-10",65,19,60,204,1298,0.49306625577812,0,0,115,154,20,2039,8,578,14,8
"1593","2020-05-11",67,19,48,200,1298,0.49306625577812,0,0,115,154,21,2060,9,587,13,9
"1594","2020-05-12",67,19,56,197,1298,0.49306625577812,0,0,115,154,27,2087,4,591,19,4
"1595","2020-05-13",70,19,57,197,1298,0.49306625577812,0,0,115,154,28,2115,7,598,20,7
"1596","2020-05-14",61,19,54,200,1298,0.49306625577812,0,0,115,154,24,2139,18,616,17,18
"1597","2020-05-15",58,19,52,205,1298,0.49306625577812,0,0,115,154,19,2158,15,631,14,15
"1598","2020-05-16",59,19,49,193,1298,0.49306625577812,0,0,115,154,18,2176,10,641,14,10
"1599","2020-05-17",65,19,47,190,1298,0.49306625577812,0,0,115,154,26,2202,13,654,17,13
"1600","2020-05-18",65,19,39,175,1298,0.49306625577812,0,0,115,154,25,2227,15,669,14,15
"1601","2020-05-19",58,19,38,181,1298,0.49306625577812,0,0,115,154,23,2250,17,686,21,17
"1602","2020-05-20",54,19,45,179,1298,0.49306625577812,0,0,115,154,26,2276,18,704,16,18
"1603","2020-05-21",52,19,41,182,1298,0.49306625577812,0,0,115,154,18,2294,2,706,14,2
"1604","2020-05-22",57,19,42,179,1298,0.49306625577812,0,0,115,154,26,2320,13,719,18,13
"1605","2020-05-23",55,19,38,169,1298,0.49306625577812,0,0,115,154,22,2342,10,729,14,10
"1606","2020-05-24",49,19,43,170,1298,0.49306625577812,0,0,115,154,17,2359,8,737,11,8
"1607","2020-05-25",46,19,46,165,1298,0.49306625577812,0,0,115,154,22,2381,10,747,17,10
"1608","2020-05-26",51,19,42,161,1298,0.49306625577812,0,0,115,154,21,2402,6,753,15,6
"1609","2020-05-27",50,19,46,156,1298,0.49306625577812,0,0,115,154,14,2416,13,766,10,13
"1610","2020-05-28",52,19,45,150,1298,0.49306625577812,0,0,115,154,20,2436,5,771,18,5
"1611","2020-05-29",52,19,44,134,1298,0.49306625577812,0,0,115,154,16,2452,7,778,12,7
"1612","2020-05-30",48,19,43,136,1298,0.49306625577812,0,0,115,154,22,2474,9,787,20,9
"1613","2020-05-31",47,19,48,131,1298,0.49306625577812,0,0,115,154,34,2508,4,791,24,4
"1614","2020-06-01",50,19,47,118,1298,0.49306625577812,0,0,115,154,12,2520,10,801,11,10
"1615","2020-06-02",42,19,41,118,1298,0.49306625577812,0,0,115,154,26,2546,12,813,20,12
"1616","2020-06-03",36,19,39,110,1298,0.49306625577812,0,0,115,154,13,2559,5,818,11,5
"1617","2020-06-04",35,19,35,105,1298,0.49306625577812,0,0,115,154,20,2579,20,838,18,20
"1618","2020-06-05",28,19,29,103,1298,0.49306625577812,0,0,115,154,19,2598,13,851,17,13
"1619","2020-06-06",27,19,26,97,1298,0.49306625577812,0,0,115,154,7,2605,21,872,2,21
"1620","2020-06-07",26,19,24,93,1298,0.49306625577812,0,0,115,154,16,2621,9,881,16,9
"1621","2020-03-15",1,20,22,8,3878,0.963383187209902,0,0,356,238,4,19,6,28,3,6
"1622","2020-03-16",2,20,28,11,3878,0.963383187209902,0,0,356,238,8,27,3,31,3,3
"1623","2020-03-17",2,20,33,13,3878,0.963383187209902,0,0,356,238,5,32,3,34,2,3
"1624","2020-03-18",3,20,29,13,3878,0.963383187209902,0,0,356,238,10,42,7,41,3,7
"1625","2020-03-19",4,20,34,17,3878,0.963383187209902,0,0,356,238,4,46,6,47,1,6
"1626","2020-03-20",4,20,30,20,3878,0.963383187209902,0,0,356,238,8,54,5,52,5,5
"1627","2020-03-21",4,20,25,25,3878,0.963383187209902,0,0,356,238,11,65,5,57,8,5
"1628","2020-03-22",4,20,29,31,3878,0.963383187209902,0,0,356,238,9,74,4,61,7,4
"1629","2020-03-23",4,20,27,39,3878,0.963383187209902,0,0,356,238,8,82,4,65,7,4
"1630","2020-03-24",6,20,40,45,3878,0.963383187209902,0,0,356,238,19,101,5,70,15,5
"1631","2020-03-25",7,20,35,56,3878,0.963383187209902,0,0,356,238,21,122,4,74,14,4
"1632","2020-03-26",10,20,36,71,3878,0.963383187209902,0,0,356,238,15,137,3,77,10,3
"1633","2020-03-27",13,20,52,82,3878,0.963383187209902,0,0,356,238,22,159,3,80,19,3
"1634","2020-03-28",17,20,58,90,3878,0.963383187209902,0,0,356,238,21,180,7,87,19,7
"1635","2020-03-29",22,20,48,106,3878,0.963383187209902,0,0,356,238,17,197,6,93,13,6
"1636","2020-03-30",23,20,56,115,3878,0.963383187209902,0,0,356,238,24,221,8,101,19,8
"1637","2020-03-31",25,20,66,128,3878,0.963383187209902,0,0,356,238,26,247,9,110,24,9
"1638","2020-04-01",29,20,79,139,3878,0.963383187209902,0,0,356,238,28,275,10,120,27,10
"1639","2020-04-02",30,20,84,146,3878,0.963383187209902,0,0,356,238,27,302,7,127,24,7
"1640","2020-04-03",32,20,79,161,3878,0.963383187209902,0,0,356,238,31,333,10,137,27,10
"1641","2020-04-04",31,20,78,176,3878,0.963383187209902,0,0,356,238,41,374,5,142,37,5
"1642","2020-04-05",30,20,71,216,3878,0.963383187209902,0,0,356,238,36,410,4,146,34,4
"1643","2020-04-06",40,20,66,240,3878,0.963383187209902,0,0,356,238,45,455,4,150,37,4
"1644","2020-04-07",40,20,58,265,3878,0.963383187209902,0,0,356,238,35,490,9,159,29,9
"1645","2020-04-08",44,20,59,287,3878,0.963383187209902,0,0,356,238,53,543,9,168,49,9
"1646","2020-04-09",46,20,65,318,3878,0.963383187209902,0,0,356,238,46,589,17,185,39,17
"1647","2020-04-10",52,20,66,345,3878,0.963383187209902,0,0,356,238,31,620,6,191,30,6
"1648","2020-04-11",67,20,61,371,3878,0.963383187209902,0,0,356,238,40,660,7,198,39,7
"1649","2020-04-12",75,20,67,394,3878,0.963383187209902,0,0,356,238,40,700,12,210,36,12
"1650","2020-04-13",83,20,76,422,3878,0.963383187209902,0,0,356,238,40,740,14,224,38,14
"1651","2020-04-14",101,20,69,445,3878,0.963383187209902,0,0,356,238,39,779,16,240,35,16
"1652","2020-04-15",107,20,86,494,3878,0.963383187209902,0,0,356,238,52,831,9,249,44,9
"1653","2020-04-16",132,20,87,515,3878,0.963383187209902,0,0,356,238,49,880,23,272,43,23
"1654","2020-04-17",145,20,89,554,3878,0.963383187209902,0,0,356,238,41,921,10,282,36,10
"1655","2020-04-18",151,20,85,587,3878,0.963383187209902,0,0,356,238,41,962,10,292,40,10
"1656","2020-04-19",164,20,68,595,3878,0.963383187209902,0,0,356,238,33,995,18,310,32,18
"1657","2020-04-20",167,20,62,610,3878,0.963383187209902,0,0,356,238,55,1050,21,331,51,21
"1658","2020-04-21",164,20,53,641,3878,0.963383187209902,0,0,356,238,44,1094,15,346,41,15
"1659","2020-04-22",172,20,63,662,3878,0.963383187209902,0,0,356,238,75,1169,11,357,70,11
"1660","2020-04-23",165,20,78,692,3878,0.963383187209902,0,0,356,238,42,1211,7,364,37,7
"1661","2020-04-24",173,20,77,701,3878,0.963383187209902,0,0,356,238,53,1264,13,377,48,13
"1662","2020-04-25",172,20,72,737,3878,0.963383187209902,0,0,356,238,71,1335,10,387,66,10
"1663","2020-04-26",174,20,69,738,3878,0.963383187209902,0,0,356,238,84,1419,8,395,81,8
"1664","2020-04-27",173,20,64,752,3878,0.963383187209902,0,0,356,238,62,1481,14,409,62,14
"1665","2020-04-28",176,20,60,751,3878,0.963383187209902,0,0,356,238,79,1560,12,421,77,12
"1666","2020-04-29",181,20,74,765,3878,0.963383187209902,0,0,356,238,60,1620,10,431,56,10
"1667","2020-04-30",187,20,95,797,3878,0.963383187209902,0,0,356,238,47,1667,15,446,43,15
"1668","2020-05-01",182,20,103,816,3878,0.963383187209902,0,0,356,238,50,1717,11,457,44,11
"1669","2020-05-02",186,20,99,815,3878,0.963383187209902,0,0,356,238,52,1769,11,468,48,11
"1670","2020-05-03",189,20,103,828,3878,0.963383187209902,0,0,356,238,48,1817,15,483,46,15
"1671","2020-05-04",201,20,107,821,3878,0.963383187209902,0,0,356,238,66,1883,10,493,60,10
"1672","2020-05-05",207,20,122,798,3878,0.963383187209902,0,0,356,238,40,1923,14,507,37,14
"1673","2020-05-06",206,20,108,798,3878,0.963383187209902,0,0,356,238,52,1975,14,521,50,14
"1674","2020-05-07",207,20,122,782,3878,0.963383187209902,0,0,356,238,69,2044,16,537,67,16
"1675","2020-05-08",225,20,118,744,3878,0.963383187209902,0,0,356,238,47,2091,21,558,45,21
"1676","2020-05-09",238,20,107,769,3878,0.963383187209902,0,0,356,238,56,2147,13,571,55,13
"1677","2020-05-10",241,20,96,795,3878,0.963383187209902,0,0,356,238,51,2198,16,587,47,16
"1678","2020-05-11",241,20,81,797,3878,0.963383187209902,0,0,356,238,38,2236,13,600,31,13
"1679","2020-05-12",245,20,72,773,3878,0.963383187209902,0,0,356,238,37,2273,18,618,36,18
"1680","2020-05-13",250,20,78,760,3878,0.963383187209902,0,0,356,238,41,2314,18,636,38,18
"1681","2020-05-14",252,20,65,731,3878,0.963383187209902,0,0,356,238,40,2354,15,651,37,15
"1682","2020-05-15",239,20,75,734,3878,0.963383187209902,0,0,356,238,38,2392,22,673,36,22
"1683","2020-05-16",226,20,79,728,3878,0.963383187209902,0,0,356,238,38,2430,11,684,35,11
"1684","2020-05-17",227,20,73,703,3878,0.963383187209902,0,0,356,238,31,2461,12,696,28,12
"1685","2020-05-18",219,20,66,702,3878,0.963383187209902,0,0,356,238,48,2509,12,708,43,12
"1686","2020-05-19",210,20,57,681,3878,0.963383187209902,0,0,356,238,23,2532,10,718,22,10
"1687","2020-05-20",212,20,53,667,3878,0.963383187209902,0,0,356,238,31,2563,11,729,29,11
"1688","2020-05-21",203,20,57,647,3878,0.963383187209902,0,0,356,238,27,2590,25,754,24,25
"1689","2020-05-22",191,20,57,621,3878,0.963383187209902,0,0,356,238,28,2618,22,776,26,22
"1690","2020-05-23",197,20,50,604,3878,0.963383187209902,0,0,356,238,26,2644,25,801,25,25
"1691","2020-05-24",186,20,48,573,3878,0.963383187209902,0,0,356,238,19,2663,19,820,15,19
"1692","2020-05-25",186,20,48,564,3878,0.963383187209902,0,0,356,238,18,2681,15,835,16,15
"1693","2020-05-26",189,20,49,546,3878,0.963383187209902,0,0,356,238,13,2694,17,852,13,17
"1694","2020-05-27",169,20,42,532,3878,0.963383187209902,0,0,356,238,7,2701,13,865,7,13
"1695","2020-05-28",162,20,45,520,3878,0.963383187209902,0,0,356,238,20,2721,12,877,17,12
"1696","2020-05-29",168,20,50,515,3878,0.963383187209902,0,0,356,238,17,2738,12,889,15,12
"1697","2020-05-30",153,20,57,501,3878,0.963383187209902,0,0,356,238,21,2759,10,899,18,10
"1698","2020-05-31",154,20,62,481,3878,0.963383187209902,0,0,356,238,11,2770,7,906,10,7
"1699","2020-06-01",147,20,56,467,3878,0.963383187209902,0,0,356,238,8,2778,17,923,8,17
"1700","2020-06-02",139,20,55,453,3878,0.963383187209902,0,0,356,238,14,2792,7,930,10,7
"1701","2020-06-03",140,20,65,435,3878,0.963383187209902,0,0,356,238,14,2806,11,941,11,11
"1702","2020-06-04",134,20,56,423,3878,0.963383187209902,0,0,356,238,6,2812,8,949,6,8
"1703","2020-06-05",123,20,55,423,3878,0.963383187209902,0,0,356,238,14,2826,16,965,14,16
"1704","2020-06-06",118,20,56,412,3878,0.963383187209902,0,0,356,238,15,2841,10,975,10,10
"1705","2020-06-07",117,20,55,396,3878,0.963383187209902,0,0,356,238,10,2851,8,983,10,8
