"","Date","Absents","Paramset","Infections_or_Exposed_per_day_Patient","Infections_or_Exposed_per_day_HCW","total_infections","nosocomial_proportion","PCR_pooled","LFD_pooled","HCW_symp_test","patient_symp_test","new_hcw_infs","cumulative_hcw_infs","new_pat_infs","cumulative_pats_infs","new_nosocomial_hcw_infs","new_nosocomial_pat_infs"
"1","2020-03-12",2,1,25,86,7743,0.644969650006457,0,0,650,627,35,86,6,11,3,6
"2","2020-03-13",4,1,30,134,7743,0.644969650006457,0,0,650,627,48,134,8,19,6,8
"3","2020-03-14",8,1,41,175,7743,0.644969650006457,0,0,650,627,41,175,11,30,9,11
"4","2020-03-15",14,1,47,238,7743,0.644969650006457,0,0,650,627,64,239,8,38,20,8
"5","2020-03-16",31,1,49,307,7743,0.644969650006457,0,0,650,627,69,308,4,42,31,4
"6","2020-03-17",46,1,50,369,7743,0.644969650006457,0,0,650,627,64,372,8,50,30,8
"7","2020-03-18",61,1,46,440,7743,0.644969650006457,0,0,650,627,76,448,6,56,38,6
"8","2020-03-19",74,1,49,501,7743,0.644969650006457,0,0,650,627,73,521,9,65,38,9
"9","2020-03-20",83,1,66,550,7743,0.644969650006457,0,0,650,627,64,585,21,86,29,21
"10","2020-03-21",100,1,89,645,7743,0.644969650006457,0,0,650,627,114,699,28,114,69,28
"11","2020-03-22",122,1,84,752,7743,0.644969650006457,0,0,650,627,129,828,18,132,78,18
"12","2020-03-23",134,1,103,841,7743,0.644969650006457,0,0,650,627,126,954,21,153,76,21
"13","2020-03-24",139,1,103,932,7743,0.644969650006457,0,0,650,627,134,1088,23,176,101,23
"14","2020-03-25",165,1,127,1014,7743,0.644969650006457,0,0,650,627,135,1223,32,208,88,32
"15","2020-03-26",185,1,132,1121,7743,0.644969650006457,0,0,650,627,167,1390,22,230,130,22
"16","2020-03-27",206,1,118,1231,7743,0.644969650006457,0,0,650,627,162,1552,15,245,119,15
"17","2020-03-28",238,1,100,1301,7743,0.644969650006457,0,0,650,627,144,1696,9,254,108,9
"18","2020-03-29",262,1,97,1408,7743,0.644969650006457,0,0,650,627,190,1886,16,270,155,16
"19","2020-03-30",297,1,94,1523,7743,0.644969650006457,0,0,650,627,194,2080,6,276,155,6
"20","2020-03-31",332,1,95,1615,7743,0.644969650006457,0,0,650,627,184,2264,18,294,152,18
"21","2020-04-01",348,1,90,1727,7743,0.644969650006457,0,0,650,627,197,2461,14,308,159,14
"22","2020-04-02",383,1,94,1822,7743,0.644969650006457,0,0,650,627,188,2649,16,324,144,16
"23","2020-04-03",424,1,101,1908,7743,0.644969650006457,0,0,650,627,225,2874,16,340,171,16
"24","2020-04-04",440,1,101,1954,7743,0.644969650006457,0,0,650,627,189,3063,11,351,161,11
"25","2020-04-05",469,1,106,1973,7743,0.644969650006457,0,0,650,627,175,3238,13,364,139,13
"26","2020-04-06",482,1,102,2015,7743,0.644969650006457,0,0,650,627,189,3427,5,369,138,5
"27","2020-04-07",506,1,93,2056,7743,0.644969650006457,0,0,650,627,179,3606,14,383,153,14
"28","2020-04-08",512,1,99,2050,7743,0.644969650006457,0,0,650,627,174,3780,11,394,134,11
"29","2020-04-09",517,1,132,2055,7743,0.644969650006457,0,0,650,627,187,3967,30,424,154,30
"30","2020-04-10",532,1,151,2069,7743,0.644969650006457,0,0,650,627,186,4153,42,466,146,42
"31","2020-04-11",544,1,171,2068,7743,0.644969650006457,0,0,650,627,149,4302,35,501,112,35
"32","2020-04-12",537,1,176,2048,7743,0.644969650006457,0,0,650,627,157,4459,37,538,127,37
"33","2020-04-13",546,1,199,2007,7743,0.644969650006457,0,0,650,627,149,4608,49,587,114,49
"34","2020-04-14",546,1,199,1994,7743,0.644969650006457,0,0,650,627,160,4768,31,618,133,31
"35","2020-04-15",566,1,198,1975,7743,0.644969650006457,0,0,650,627,159,4927,30,648,120,30
"36","2020-04-16",572,1,176,1916,7743,0.644969650006457,0,0,650,627,112,5039,24,672,85,24
"37","2020-04-17",555,1,186,1841,7743,0.644969650006457,0,0,650,627,127,5166,32,704,100,32
"38","2020-04-18",535,1,190,1767,7743,0.644969650006457,0,0,650,627,121,5287,32,736,93,32
"39","2020-04-19",529,1,198,1720,7743,0.644969650006457,0,0,650,627,120,5407,39,775,96,39
"40","2020-04-20",516,1,226,1659,7743,0.644969650006457,0,0,650,627,97,5504,66,841,84,66
"41","2020-04-21",507,1,237,1591,7743,0.644969650006457,0,0,650,627,104,5608,45,886,84,45
"42","2020-04-22",487,1,245,1515,7743,0.644969650006457,0,0,650,627,84,5692,52,938,65,52
"43","2020-04-23",456,1,250,1456,7743,0.644969650006457,0,0,650,627,104,5796,43,981,84,43
"44","2020-04-24",443,1,235,1434,7743,0.644969650006457,0,0,650,627,118,5914,27,1008,104,27
"45","2020-04-25",439,1,228,1364,7743,0.644969650006457,0,0,650,627,85,5999,24,1032,74,24
"46","2020-04-26",424,1,200,1303,7743,0.644969650006457,0,0,650,627,73,6072,27,1059,57,27
"47","2020-04-27",395,1,199,1211,7743,0.644969650006457,0,0,650,627,54,6126,23,1082,29,23
"48","2020-04-28",380,1,193,1128,7743,0.644969650006457,0,0,650,627,59,6185,23,1105,48,23
"49","2020-04-29",363,1,168,1048,7743,0.644969650006457,0,0,650,627,50,6235,22,1127,36,22
"50","2020-04-30",355,1,178,984,7743,0.644969650006457,0,0,650,627,46,6281,38,1165,24,38
"51","2020-05-01",343,1,209,932,7743,0.644969650006457,0,0,650,627,48,6329,52,1217,30,52
"52","2020-05-02",325,1,207,870,7743,0.644969650006457,0,0,650,627,39,6368,36,1253,28,36
"53","2020-05-03",301,1,204,814,7743,0.644969650006457,0,0,650,627,38,6406,40,1293,24,40
"54","2020-05-04",285,1,215,752,7743,0.644969650006457,0,0,650,627,37,6443,50,1343,27,50
"55","2020-05-05",251,1,206,705,7743,0.644969650006457,0,0,650,627,35,6478,31,1374,21,31
"56","2020-05-06",236,1,196,637,7743,0.644969650006457,0,0,650,627,43,6521,27,1401,25,27
"57","2020-05-07",220,1,194,583,7743,0.644969650006457,0,0,650,627,31,6552,28,1429,17,28
"58","2020-05-08",190,1,208,531,7743,0.644969650006457,0,0,650,627,24,6576,50,1479,10,50
"59","2020-05-09",173,1,216,487,7743,0.644969650006457,0,0,650,627,25,6601,41,1520,15,41
"60","2020-05-10",159,1,211,458,7743,0.644969650006457,0,0,650,627,22,6623,39,1559,8,39
"61","2020-05-11",140,1,223,428,7743,0.644969650006457,0,0,650,627,20,6643,40,1599,10,40
"62","2020-05-12",131,1,203,409,7743,0.644969650006457,0,0,650,627,30,6673,16,1615,18,16
"63","2020-05-13",119,1,163,380,7743,0.644969650006457,0,0,650,627,15,6688,12,1627,4,12
"64","2020-05-14",100,1,144,355,7743,0.644969650006457,0,0,650,627,26,6714,16,1643,11,16
"65","2020-05-15",96,1,147,351,7743,0.644969650006457,0,0,650,627,24,6738,16,1659,13,16
"66","2020-05-16",89,1,127,329,7743,0.644969650006457,0,0,650,627,15,6753,10,1669,8,10
"67","2020-05-17",84,1,113,299,7743,0.644969650006457,0,0,650,627,13,6766,10,1679,5,10
"68","2020-05-18",87,1,120,273,7743,0.644969650006457,0,0,650,627,9,6775,18,1697,5,18
"69","2020-05-19",84,1,140,245,7743,0.644969650006457,0,0,650,627,10,6785,31,1728,5,31
"70","2020-05-20",68,1,138,227,7743,0.644969650006457,0,0,650,627,13,6798,20,1748,7,20
"71","2020-05-21",71,1,154,203,7743,0.644969650006457,0,0,650,627,7,6805,33,1781,2,33
"72","2020-05-22",70,1,175,187,7743,0.644969650006457,0,0,650,627,18,6823,41,1822,8,41
"73","2020-05-23",65,1,183,173,7743,0.644969650006457,0,0,650,627,11,6834,28,1850,5,28
"74","2020-05-24",63,1,188,166,7743,0.644969650006457,0,0,650,627,9,6843,40,1890,2,40
"75","2020-05-25",59,1,181,148,7743,0.644969650006457,0,0,650,627,11,6854,25,1915,4,25
"76","2020-05-26",55,1,177,147,7743,0.644969650006457,0,0,650,627,15,6869,26,1941,4,26
"77","2020-05-27",55,1,188,141,7743,0.644969650006457,0,0,650,627,14,6883,34,1975,4,34
"78","2020-05-28",51,1,174,144,7743,0.644969650006457,0,0,650,627,12,6895,17,1992,5,17
"79","2020-05-29",43,1,163,134,7743,0.644969650006457,0,0,650,627,4,6899,16,2008,2,16
"80","2020-05-30",37,1,161,121,7743,0.644969650006457,0,0,650,627,3,6902,13,2021,NA,13
"81","2020-05-31",39,1,153,118,7743,0.644969650006457,0,0,650,627,11,6913,12,2033,4,12
"82","2020-06-01",38,1,139,107,7743,0.644969650006457,0,0,650,627,2,6915,13,2046,NA,13
"83","2020-06-02",39,1,119,97,7743,0.644969650006457,0,0,650,627,4,6919,7,2053,1,7
"84","2020-06-03",41,1,130,94,7743,0.644969650006457,0,0,650,627,8,6927,25,2078,3,25
"85","2020-06-04",36,1,134,85,7743,0.644969650006457,0,0,650,627,1,6928,22,2100,1,22
"86","2020-06-05",38,1,154,79,7743,0.644969650006457,0,0,650,627,4,6932,30,2130,NA,30
"87","2020-06-06",36,1,170,76,7743,0.644969650006457,0,0,650,627,6,6938,30,2160,2,30
"88","2020-06-07",29,1,180,70,7743,0.644969650006457,0,0,650,627,3,6941,35,2195,2,35
"89","2020-03-14",2,2,39,104,4821,0.632856253889235,0,0,376,409,43,154,12,52,9,12
"90","2020-03-15",7,2,42,136,4821,0.632856253889235,0,0,376,409,35,189,26,78,5,26
"91","2020-03-16",8,2,43,175,4821,0.632856253889235,0,0,376,409,49,238,20,98,12,20
"92","2020-03-17",14,2,51,215,4821,0.632856253889235,0,0,376,409,38,276,23,121,7,23
"93","2020-03-18",22,2,48,244,4821,0.632856253889235,0,0,376,409,56,332,16,137,16,16
"94","2020-03-19",29,2,53,294,4821,0.632856253889235,0,0,376,409,64,396,22,159,19,22
"95","2020-03-20",42,2,56,338,4821,0.632856253889235,0,0,376,409,50,446,11,170,21,11
"96","2020-03-21",53,2,60,381,4821,0.632856253889235,0,0,376,409,59,505,12,182,27,12
"97","2020-03-22",69,2,67,407,4821,0.632856253889235,0,0,376,409,64,569,12,194,27,12
"98","2020-03-23",85,2,78,452,4821,0.632856253889235,0,0,376,409,53,622,28,222,23,28
"99","2020-03-24",95,2,90,494,4821,0.632856253889235,0,0,376,409,46,668,14,236,17,14
"100","2020-03-25",101,2,89,523,4821,0.632856253889235,0,0,376,409,66,734,12,248,19,12
"101","2020-03-26",108,2,82,573,4821,0.632856253889235,0,0,376,409,58,792,39,287,22,39
"102","2020-03-27",107,2,72,609,4821,0.632856253889235,0,0,376,409,60,852,20,307,24,20
"103","2020-03-28",118,2,62,639,4821,0.632856253889235,0,0,376,409,76,928,20,327,39,20
"104","2020-03-29",132,2,60,694,4821,0.632856253889235,0,0,376,409,81,1009,12,339,31,12
"105","2020-03-30",143,2,77,746,4821,0.632856253889235,0,0,376,409,68,1077,17,356,37,17
"106","2020-03-31",154,2,87,790,4821,0.632856253889235,0,0,376,409,39,1116,34,390,15,34
"107","2020-04-01",180,2,93,813,4821,0.632856253889235,0,0,376,409,64,1180,49,439,33,49
"108","2020-04-02",192,2,92,822,4821,0.632856253889235,0,0,376,409,68,1248,32,471,28,32
"109","2020-04-03",216,2,91,866,4821,0.632856253889235,0,0,376,409,50,1298,33,504,14,33
"110","2020-04-04",233,2,115,868,4821,0.632856253889235,0,0,376,409,60,1358,40,544,24,40
"111","2020-04-05",238,2,138,891,4821,0.632856253889235,0,0,376,409,44,1402,24,568,16,24
"112","2020-04-06",249,2,167,917,4821,0.632856253889235,0,0,376,409,61,1463,21,589,15,21
"113","2020-04-07",251,2,170,947,4821,0.632856253889235,0,0,376,409,62,1525,32,621,29,32
"114","2020-04-08",245,2,146,954,4821,0.632856253889235,0,0,376,409,63,1588,48,669,23,48
"115","2020-04-09",251,2,129,985,4821,0.632856253889235,0,0,376,409,52,1640,50,719,23,50
"116","2020-04-10",251,2,104,961,4821,0.632856253889235,0,0,376,409,62,1702,26,745,17,26
"117","2020-04-11",243,2,102,978,4821,0.632856253889235,0,0,376,409,61,1763,41,786,18,41
"118","2020-04-12",242,2,120,974,4821,0.632856253889235,0,0,376,409,58,1821,29,815,15,29
"119","2020-04-13",238,2,133,965,4821,0.632856253889235,0,0,376,409,68,1889,18,833,28,18
"120","2020-04-14",245,2,162,966,4821,0.632856253889235,0,0,376,409,48,1937,26,859,17,26
"121","2020-04-15",254,2,171,953,4821,0.632856253889235,0,0,376,409,44,1981,25,884,13,25
"122","2020-04-16",253,2,177,918,4821,0.632856253889235,0,0,376,409,69,2050,42,926,21,42
"123","2020-04-17",261,2,153,927,4821,0.632856253889235,0,0,376,409,70,2120,47,973,21,47
"124","2020-04-18",267,2,127,912,4821,0.632856253889235,0,0,376,409,51,2171,28,1001,13,28
"125","2020-04-19",258,2,114,910,4821,0.632856253889235,0,0,376,409,58,2229,30,1031,16,30
"126","2020-04-20",262,2,145,891,4821,0.632856253889235,0,0,376,409,58,2287,45,1076,25,45
"127","2020-04-21",257,2,140,872,4821,0.632856253889235,0,0,376,409,65,2352,29,1105,22,29
"128","2020-04-22",249,2,139,860,4821,0.632856253889235,0,0,376,409,45,2397,27,1132,10,27
"129","2020-04-23",257,2,123,837,4821,0.632856253889235,0,0,376,409,54,2451,41,1173,14,41
"130","2020-04-24",249,2,119,819,4821,0.632856253889235,0,0,376,409,53,2504,36,1209,13,36
"131","2020-04-25",247,2,128,799,4821,0.632856253889235,0,0,376,409,67,2571,43,1252,24,43
"132","2020-04-26",249,2,125,777,4821,0.632856253889235,0,0,376,409,39,2610,57,1309,14,57
"133","2020-04-27",244,2,137,765,4821,0.632856253889235,0,0,376,409,56,2666,41,1350,14,41
"134","2020-04-28",250,2,158,714,4821,0.632856253889235,0,0,376,409,48,2714,39,1389,3,39
"135","2020-04-29",241,2,168,715,4821,0.632856253889235,0,0,376,409,39,2753,54,1443,9,54
"136","2020-04-30",223,2,148,699,4821,0.632856253889235,0,0,376,409,46,2799,35,1478,16,35
"137","2020-05-01",224,2,139,684,4821,0.632856253889235,0,0,376,409,57,2856,35,1513,12,35
"138","2020-05-02",213,2,167,671,4821,0.632856253889235,0,0,376,409,56,2912,26,1539,6,26
"139","2020-05-03",205,2,183,662,4821,0.632856253889235,0,0,376,409,58,2970,18,1557,12,18
"140","2020-05-04",202,2,192,644,4821,0.632856253889235,0,0,376,409,49,3019,17,1574,12,17
"141","2020-05-05",191,2,183,625,4821,0.632856253889235,0,0,376,409,51,3070,22,1596,16,22
"142","2020-05-06",193,2,169,614,4821,0.632856253889235,0,0,376,409,55,3125,33,1629,17,33
"143","2020-05-07",196,2,152,586,4821,0.632856253889235,0,0,376,409,44,3169,15,1644,12,15
"144","2020-05-08",189,2,157,558,4821,0.632856253889235,0,0,376,409,49,3218,24,1668,11,24
"145","2020-05-09",190,2,166,561,4821,0.632856253889235,0,0,376,409,49,3267,21,1689,14,21
"146","2020-05-10",187,2,167,560,4821,0.632856253889235,0,0,376,409,43,3310,19,1708,16,19
"147","2020-05-11",177,2,153,545,4821,0.632856253889235,0,0,376,409,41,3351,24,1732,7,24
"148","2020-05-12",178,2,133,527,4821,0.632856253889235,0,0,376,409,36,3387,23,1755,11,23
"149","2020-05-13",169,2,128,503,4821,0.632856253889235,0,0,376,409,34,3421,37,1792,11,37
"150","2020-05-14",162,2,142,486,4821,0.632856253889235,0,0,376,409,48,3469,26,1818,14,26
"151","2020-05-15",151,2,136,493,4821,0.632856253889235,0,0,376,409,22,3491,42,1860,6,42
"152","2020-05-16",151,2,129,470,4821,0.632856253889235,0,0,376,409,41,3532,34,1894,7,34
"153","2020-05-17",145,2,108,452,4821,0.632856253889235,0,0,376,409,36,3568,45,1939,12,45
"154","2020-05-18",134,2,106,425,4821,0.632856253889235,0,0,376,409,32,3600,28,1967,8,28
"155","2020-05-19",122,2,94,412,4821,0.632856253889235,0,0,376,409,39,3639,22,1989,11,22
"156","2020-05-20",124,2,90,388,4821,0.632856253889235,0,0,376,409,28,3667,29,2018,6,29
"157","2020-05-21",116,2,101,376,4821,0.632856253889235,0,0,376,409,24,3691,31,2049,10,31
"158","2020-05-22",118,2,99,358,4821,0.632856253889235,0,0,376,409,29,3720,36,2085,10,36
"159","2020-05-23",103,2,113,337,4821,0.632856253889235,0,0,376,409,24,3744,40,2125,9,40
"160","2020-05-24",104,2,116,336,4821,0.632856253889235,0,0,376,409,25,3769,37,2162,4,37
"161","2020-05-25",110,2,124,333,4821,0.632856253889235,0,0,376,409,23,3792,44,2206,3,44
"162","2020-05-26",107,2,131,326,4821,0.632856253889235,0,0,376,409,17,3809,54,2260,4,54
"163","2020-05-27",103,2,120,315,4821,0.632856253889235,0,0,376,409,17,3826,45,2305,6,45
"164","2020-05-28",109,2,119,307,4821,0.632856253889235,0,0,376,409,18,3844,36,2341,4,36
"165","2020-05-29",108,2,123,295,4821,0.632856253889235,0,0,376,409,26,3870,30,2371,7,30
"166","2020-05-30",109,2,130,288,4821,0.632856253889235,0,0,376,409,22,3892,35,2406,2,35
"167","2020-05-31",103,2,130,269,4821,0.632856253889235,0,0,376,409,19,3911,26,2432,6,26
"168","2020-06-01",104,2,123,260,4821,0.632856253889235,0,0,376,409,22,3933,21,2453,3,21
"169","2020-06-02",107,2,115,243,4821,0.632856253889235,0,0,376,409,25,3958,25,2478,12,25
"170","2020-06-03",100,2,125,230,4821,0.632856253889235,0,0,376,409,13,3971,29,2507,4,29
"171","2020-06-04",94,2,111,230,4821,0.632856253889235,0,0,376,409,17,3988,35,2542,7,35
"172","2020-06-05",82,2,102,218,4821,0.632856253889235,0,0,376,409,15,4003,12,2554,4,12
"173","2020-06-06",78,2,104,199,4821,0.632856253889235,0,0,376,409,14,4017,31,2585,3,31
"174","2020-06-07",74,2,94,175,4821,0.632856253889235,0,0,376,409,16,4033,16,2601,8,16
"175","2020-03-13",1,3,71,107,5243,0.384321953080298,0,0,491,1260,23,62,16,40,12,16
"176","2020-03-14",3,3,92,163,5243,0.384321953080298,0,0,491,1260,28,90,21,61,16,21
"177","2020-03-15",7,3,117,214,5243,0.384321953080298,0,0,491,1260,34,124,19,80,20,19
"178","2020-03-16",16,3,130,268,5243,0.384321953080298,0,0,491,1260,36,160,24,104,27,24
"179","2020-03-17",27,3,158,325,5243,0.384321953080298,0,0,491,1260,35,195,13,117,25,13
"180","2020-03-18",39,3,172,378,5243,0.384321953080298,0,0,491,1260,54,249,23,140,45,23
"181","2020-03-19",61,3,189,422,5243,0.384321953080298,0,0,491,1260,64,313,26,166,57,26
"182","2020-03-20",78,3,188,480,5243,0.384321953080298,0,0,491,1260,48,361,15,181,36,15
"183","2020-03-21",95,3,211,524,5243,0.384321953080298,0,0,491,1260,83,444,45,226,72,45
"184","2020-03-22",112,3,232,574,5243,0.384321953080298,0,0,491,1260,92,536,33,259,84,33
"185","2020-03-23",121,3,253,625,5243,0.384321953080298,0,0,491,1260,77,613,26,285,68,26
"186","2020-03-24",127,3,267,658,5243,0.384321953080298,0,0,491,1260,99,712,25,310,87,25
"187","2020-03-25",140,3,273,685,5243,0.384321953080298,0,0,491,1260,94,806,22,332,80,22
"188","2020-03-26",154,3,278,729,5243,0.384321953080298,0,0,491,1260,124,930,18,350,113,18
"189","2020-03-27",158,3,274,731,5243,0.384321953080298,0,0,491,1260,119,1049,15,365,110,15
"190","2020-03-28",170,3,255,760,5243,0.384321953080298,0,0,491,1260,122,1171,26,391,110,26
"191","2020-03-29",178,3,244,781,5243,0.384321953080298,0,0,491,1260,134,1305,25,416,119,25
"192","2020-03-30",198,3,239,767,5243,0.384321953080298,0,0,491,1260,131,1436,42,458,120,42
"193","2020-03-31",204,3,247,798,5243,0.384321953080298,0,0,491,1260,164,1600,40,498,152,40
"194","2020-04-01",206,3,270,822,5243,0.384321953080298,0,0,491,1260,154,1754,29,527,144,29
"195","2020-04-02",207,3,264,813,5243,0.384321953080298,0,0,491,1260,178,1932,30,557,169,30
"196","2020-04-03",228,3,228,820,5243,0.384321953080298,0,0,491,1260,179,2111,30,587,168,30
"197","2020-04-04",235,3,257,844,5243,0.384321953080298,0,0,491,1260,128,2239,46,633,119,46
"198","2020-04-05",247,3,295,860,5243,0.384321953080298,0,0,491,1260,157,2396,22,655,151,22
"199","2020-04-06",246,3,288,854,5243,0.384321953080298,0,0,491,1260,184,2580,32,687,179,32
"200","2020-04-07",249,3,280,876,5243,0.384321953080298,0,0,491,1260,187,2767,51,738,179,51
"201","2020-04-08",262,3,272,884,5243,0.384321953080298,0,0,491,1260,223,2990,48,786,211,48
"202","2020-04-09",259,3,318,883,5243,0.384321953080298,0,0,491,1260,168,3158,47,833,160,47
"203","2020-04-10",241,3,343,894,5243,0.384321953080298,0,0,491,1260,176,3334,41,874,168,41
"204","2020-04-11",234,3,336,912,5243,0.384321953080298,0,0,491,1260,160,3494,39,913,151,39
"205","2020-04-12",222,3,315,922,5243,0.384321953080298,0,0,491,1260,162,3656,35,948,145,35
"206","2020-04-13",223,3,295,917,5243,0.384321953080298,0,0,491,1260,171,3827,31,979,157,31
"207","2020-04-14",237,3,273,936,5243,0.384321953080298,0,0,491,1260,129,3956,46,1025,119,46
"208","2020-04-15",242,3,271,935,5243,0.384321953080298,0,0,491,1260,123,4079,49,1074,118,49
"209","2020-04-16",233,3,274,931,5243,0.384321953080298,0,0,491,1260,165,4244,40,1114,159,40
"210","2020-04-17",243,3,277,912,5243,0.384321953080298,0,0,491,1260,128,4372,44,1158,116,44
"211","2020-04-18",256,3,305,919,5243,0.384321953080298,0,0,491,1260,126,4498,41,1199,120,41
"212","2020-04-19",263,3,286,916,5243,0.384321953080298,0,0,491,1260,99,4597,37,1236,92,37
"213","2020-04-20",272,3,299,918,5243,0.384321953080298,0,0,491,1260,118,4715,23,1259,111,23
"214","2020-04-21",269,3,318,925,5243,0.384321953080298,0,0,491,1260,102,4817,25,1284,97,25
"215","2020-04-22",258,3,344,903,5243,0.384321953080298,0,0,491,1260,95,4912,28,1312,89,28
"216","2020-04-23",262,3,336,896,5243,0.384321953080298,0,0,491,1260,83,4995,16,1328,74,16
"217","2020-04-24",256,3,333,873,5243,0.384321953080298,0,0,491,1260,81,5076,21,1349,78,21
"218","2020-04-25",253,3,305,848,5243,0.384321953080298,0,0,491,1260,66,5142,28,1377,58,28
"219","2020-04-26",238,3,320,823,5243,0.384321953080298,0,0,491,1260,53,5195,39,1416,50,39
"220","2020-04-27",226,3,311,802,5243,0.384321953080298,0,0,491,1260,61,5256,43,1459,52,43
"221","2020-04-28",219,3,313,780,5243,0.384321953080298,0,0,491,1260,72,5328,29,1488,62,29
"222","2020-04-29",217,3,335,772,5243,0.384321953080298,0,0,491,1260,53,5381,47,1535,47,47
"223","2020-04-30",215,3,327,770,5243,0.384321953080298,0,0,491,1260,43,5424,38,1573,38,38
"224","2020-05-01",219,3,321,767,5243,0.384321953080298,0,0,491,1260,37,5461,31,1604,32,31
"225","2020-05-02",209,3,334,745,5243,0.384321953080298,0,0,491,1260,47,5508,27,1631,42,27
"226","2020-05-03",210,3,348,730,5243,0.384321953080298,0,0,491,1260,40,5548,31,1662,38,31
"227","2020-05-04",189,3,354,706,5243,0.384321953080298,0,0,491,1260,50,5598,22,1684,47,22
"228","2020-05-05",200,3,355,689,5243,0.384321953080298,0,0,491,1260,38,5636,16,1700,31,16
"229","2020-05-06",203,3,337,683,5243,0.384321953080298,0,0,491,1260,25,5661,16,1716,19,16
"230","2020-05-07",198,3,337,677,5243,0.384321953080298,0,0,491,1260,34,5695,28,1744,31,28
"231","2020-05-08",187,3,318,653,5243,0.384321953080298,0,0,491,1260,21,5716,18,1762,17,18
"232","2020-05-09",175,3,318,630,5243,0.384321953080298,0,0,491,1260,27,5743,17,1779,25,17
"233","2020-05-10",173,3,317,614,5243,0.384321953080298,0,0,491,1260,21,5764,17,1796,17,17
"234","2020-05-11",177,3,315,590,5243,0.384321953080298,0,0,491,1260,30,5794,20,1816,21,20
"235","2020-05-12",165,3,310,574,5243,0.384321953080298,0,0,491,1260,16,5810,19,1835,14,19
"236","2020-05-13",151,3,305,551,5243,0.384321953080298,0,0,491,1260,25,5835,21,1856,21,21
"237","2020-05-14",152,3,303,524,5243,0.384321953080298,0,0,491,1260,25,5860,12,1868,20,12
"238","2020-05-15",150,3,306,498,5243,0.384321953080298,0,0,491,1260,13,5873,26,1894,12,26
"239","2020-05-16",154,3,301,488,5243,0.384321953080298,0,0,491,1260,24,5897,33,1927,14,33
"240","2020-05-17",158,3,298,459,5243,0.384321953080298,0,0,491,1260,16,5913,52,1979,11,52
"241","2020-05-18",152,3,280,442,5243,0.384321953080298,0,0,491,1260,26,5939,38,2017,20,38
"242","2020-05-19",140,3,283,449,5243,0.384321953080298,0,0,491,1260,13,5952,37,2054,6,37
"243","2020-05-20",133,3,293,422,5243,0.384321953080298,0,0,491,1260,12,5964,36,2090,9,36
"244","2020-05-21",121,3,300,410,5243,0.384321953080298,0,0,491,1260,14,5978,32,2122,12,32
"245","2020-05-22",120,3,318,392,5243,0.384321953080298,0,0,491,1260,19,5997,41,2163,16,41
"246","2020-05-23",115,3,324,378,5243,0.384321953080298,0,0,491,1260,6,6003,24,2187,5,24
"247","2020-05-24",110,3,351,355,5243,0.384321953080298,0,0,491,1260,15,6018,35,2222,9,35
"248","2020-05-25",109,3,336,332,5243,0.384321953080298,0,0,491,1260,9,6027,43,2265,5,43
"249","2020-05-26",106,3,376,310,5243,0.384321953080298,0,0,491,1260,12,6039,22,2287,8,22
"250","2020-05-27",110,3,374,286,5243,0.384321953080298,0,0,491,1260,10,6049,30,2317,6,30
"251","2020-05-28",111,3,366,284,5243,0.384321953080298,0,0,491,1260,13,6062,30,2347,9,30
"252","2020-05-29",106,3,344,268,5243,0.384321953080298,0,0,491,1260,4,6066,31,2378,2,31
"253","2020-05-30",98,3,333,266,5243,0.384321953080298,0,0,491,1260,9,6075,23,2401,5,23
"254","2020-05-31",86,3,307,258,5243,0.384321953080298,0,0,491,1260,8,6083,19,2420,6,19
"255","2020-06-01",82,3,301,244,5243,0.384321953080298,0,0,491,1260,10,6093,25,2445,8,25
"256","2020-06-02",79,3,297,237,5243,0.384321953080298,0,0,491,1260,9,6102,20,2465,8,20
"257","2020-06-03",66,3,287,234,5243,0.384321953080298,0,0,491,1260,7,6109,17,2482,6,17
"258","2020-06-04",70,3,275,233,5243,0.384321953080298,0,0,491,1260,7,6116,22,2504,6,22
"259","2020-06-05",62,3,276,217,5243,0.384321953080298,0,0,491,1260,10,6126,26,2530,6,26
"260","2020-06-06",60,3,280,207,5243,0.384321953080298,0,0,491,1260,7,6133,22,2552,5,22
"261","2020-06-07",63,3,279,202,5243,0.384321953080298,0,0,491,1260,9,6142,30,2582,8,30
"262","2020-03-13",2,4,52,68,4798,0.691121300541892,0,0,366,532,51,147,22,121,21,22
"263","2020-03-14",6,4,54,99,4798,0.691121300541892,0,0,366,532,97,244,55,176,48,55
"264","2020-03-15",11,4,55,140,4798,0.691121300541892,0,0,366,532,112,356,27,203,73,27
"265","2020-03-16",13,4,81,165,4798,0.691121300541892,0,0,366,532,129,485,31,234,95,31
"266","2020-03-17",20,4,80,205,4798,0.691121300541892,0,0,366,532,173,658,47,281,140,47
"267","2020-03-18",27,4,78,238,4798,0.691121300541892,0,0,366,532,213,871,39,320,175,39
"268","2020-03-19",34,4,69,259,4798,0.691121300541892,0,0,366,532,316,1187,32,352,286,32
"269","2020-03-20",38,4,55,304,4798,0.691121300541892,0,0,366,532,327,1514,31,383,294,31
"270","2020-03-21",53,4,54,336,4798,0.691121300541892,0,0,366,532,418,1932,56,439,387,56
"271","2020-03-22",60,4,57,380,4798,0.691121300541892,0,0,366,532,495,2427,31,470,462,31
"272","2020-03-23",72,4,70,424,4798,0.691121300541892,0,0,366,532,482,2909,25,495,453,25
"273","2020-03-24",84,4,99,473,4798,0.691121300541892,0,0,366,532,648,3557,52,547,625,52
"274","2020-03-25",91,4,117,504,4798,0.691121300541892,0,0,366,532,530,4087,33,580,507,33
"275","2020-03-26",106,4,123,543,4798,0.691121300541892,0,0,366,532,609,4696,27,607,583,27
"276","2020-03-27",121,4,133,592,4798,0.691121300541892,0,0,366,532,486,5182,18,625,458,18
"277","2020-03-28",119,4,124,641,4798,0.691121300541892,0,0,366,532,520,5702,9,634,506,9
"278","2020-03-29",137,4,119,677,4798,0.691121300541892,0,0,366,532,437,6139,9,643,425,9
"279","2020-03-30",150,4,119,714,4798,0.691121300541892,0,0,366,532,304,6443,11,654,294,11
"280","2020-03-31",157,4,124,762,4798,0.691121300541892,0,0,366,532,263,6706,2,656,256,2
"281","2020-04-01",172,4,118,804,4798,0.691121300541892,0,0,366,532,189,6895,2,658,182,2
"282","2020-04-02",176,4,160,836,4798,0.691121300541892,0,0,366,532,184,7079,22,680,175,22
"283","2020-04-03",187,4,156,860,4798,0.691121300541892,0,0,366,532,112,7191,65,745,108,65
"284","2020-04-04",201,4,134,870,4798,0.691121300541892,0,0,366,532,80,7271,26,771,74,26
"285","2020-04-05",209,4,115,872,4798,0.691121300541892,0,0,366,532,82,7353,7,778,78,7
"286","2020-04-06",213,4,107,882,4798,0.691121300541892,0,0,366,532,61,7414,13,791,53,13
"287","2020-04-07",233,4,133,918,4798,0.691121300541892,0,0,366,532,39,7453,10,801,37,10
"288","2020-04-08",244,4,164,911,4798,0.691121300541892,0,0,366,532,38,7491,12,813,34,12
"289","2020-04-09",257,4,217,915,4798,0.691121300541892,0,0,366,532,29,7520,82,895,25,82
"290","2020-04-10",262,4,236,944,4798,0.691121300541892,0,0,366,532,27,7547,37,932,24,37
"291","2020-04-11",266,4,224,955,4798,0.691121300541892,0,0,366,532,17,7564,88,1020,12,88
"292","2020-04-12",266,4,201,939,4798,0.691121300541892,0,0,366,532,8,7572,25,1045,7,25
"293","2020-04-13",266,4,194,935,4798,0.691121300541892,0,0,366,532,17,7589,21,1066,12,21
"294","2020-04-14",260,4,207,935,4798,0.691121300541892,0,0,366,532,14,7603,14,1080,10,14
"295","2020-04-15",254,4,218,927,4798,0.691121300541892,0,0,366,532,11,7614,8,1088,6,8
"296","2020-04-16",246,4,211,917,4798,0.691121300541892,0,0,366,532,11,7625,9,1097,10,9
"297","2020-04-17",254,4,196,872,4798,0.691121300541892,0,0,366,532,7,7632,7,1104,5,7
"298","2020-04-18",250,4,199,874,4798,0.691121300541892,0,0,366,532,7,7639,34,1138,4,34
"299","2020-04-19",239,4,220,844,4798,0.691121300541892,0,0,366,532,8,7647,14,1152,6,14
"300","2020-04-20",244,4,211,853,4798,0.691121300541892,0,0,366,532,5,7652,11,1163,3,11
"301","2020-04-21",234,4,209,836,4798,0.691121300541892,0,0,366,532,1,7653,17,1180,1,17
"302","2020-04-22",227,4,195,828,4798,0.691121300541892,0,0,366,532,6,7659,46,1226,3,46
"303","2020-04-23",228,4,166,802,4798,0.691121300541892,0,0,366,532,2,7661,28,1254,NA,28
"304","2020-04-24",213,4,157,780,4798,0.691121300541892,0,0,366,532,2,7663,69,1323,2,69
"305","2020-04-25",206,4,147,784,4798,0.691121300541892,0,0,366,532,6,7669,33,1356,5,33
"306","2020-04-26",206,4,138,781,4798,0.691121300541892,0,0,366,532,8,7677,29,1385,4,29
"307","2020-04-27",194,4,157,750,4798,0.691121300541892,0,0,366,532,4,7681,14,1399,1,14
"308","2020-04-28",190,4,160,737,4798,0.691121300541892,0,0,366,532,4,7685,10,1409,NA,10
"309","2020-04-29",190,4,186,717,4798,0.691121300541892,0,0,366,532,5,7690,12,1421,3,12
"310","2020-04-30",194,4,222,712,4798,0.691121300541892,0,0,366,532,5,7695,10,1431,NA,10
"311","2020-05-01",209,4,236,705,4798,0.691121300541892,0,0,366,532,5,7700,10,1441,3,10
"312","2020-05-02",211,4,211,698,4798,0.691121300541892,0,0,366,532,5,7705,12,1453,2,12
"313","2020-05-03",204,4,202,675,4798,0.691121300541892,0,0,366,532,4,7709,14,1467,1,14
"314","2020-05-04",205,4,224,660,4798,0.691121300541892,0,0,366,532,9,7718,10,1477,2,10
"315","2020-05-05",202,4,248,642,4798,0.691121300541892,0,0,366,532,4,7722,23,1500,2,23
"316","2020-05-06",202,4,237,628,4798,0.691121300541892,0,0,366,532,4,7726,69,1569,1,69
"317","2020-05-07",187,4,250,598,4798,0.691121300541892,0,0,366,532,3,7729,35,1604,NA,35
"318","2020-05-08",166,4,219,571,4798,0.691121300541892,0,0,366,532,3,7732,22,1626,2,22
"319","2020-05-09",158,4,178,552,4798,0.691121300541892,0,0,366,532,2,7734,17,1643,NA,17
"320","2020-05-10",155,4,163,520,4798,0.691121300541892,0,0,366,532,3,7737,16,1659,2,16
"321","2020-05-11",150,4,168,514,4798,0.691121300541892,0,0,366,532,4,7741,17,1676,2,17
"322","2020-05-12",153,4,199,497,4798,0.691121300541892,0,0,366,532,3,7744,83,1759,2,83
"323","2020-05-13",152,4,203,496,4798,0.691121300541892,0,0,366,532,2,7746,81,1840,2,81
"324","2020-05-14",145,4,196,492,4798,0.691121300541892,0,0,366,532,5,7751,96,1936,2,96
"325","2020-05-15",140,4,171,482,4798,0.691121300541892,0,0,366,532,3,7754,65,2001,2,65
"326","2020-05-16",139,4,160,459,4798,0.691121300541892,0,0,366,532,1,7755,26,2027,1,26
"327","2020-05-17",140,4,176,463,4798,0.691121300541892,0,0,366,532,2,7757,32,2059,2,32
"328","2020-05-18",144,4,183,467,4798,0.691121300541892,0,0,366,532,1,7758,22,2081,1,22
"329","2020-05-19",141,4,199,446,4798,0.691121300541892,0,0,366,532,1,7759,62,2143,1,62
"330","2020-05-20",129,4,197,417,4798,0.691121300541892,0,0,366,532,3,7762,53,2196,2,53
"331","2020-05-21",131,4,189,400,4798,0.691121300541892,0,0,366,532,2,7764,35,2231,2,35
"332","2020-05-22",127,4,180,392,4798,0.691121300541892,0,0,366,532,5,7769,36,2267,NA,36
"333","2020-05-23",128,4,188,388,4798,0.691121300541892,0,0,366,532,3,7772,10,2277,NA,10
"334","2020-05-24",125,4,190,362,4798,0.691121300541892,0,0,366,532,3,7775,18,2295,2,18
"335","2020-05-25",114,4,202,354,4798,0.691121300541892,0,0,366,532,3,7778,57,2352,1,57
"336","2020-05-26",106,4,208,336,4798,0.691121300541892,0,0,366,532,2,7780,38,2390,NA,38
"337","2020-05-27",108,4,201,336,4798,0.691121300541892,0,0,366,532,3,7783,66,2456,3,66
"338","2020-05-28",105,4,203,342,4798,0.691121300541892,0,0,366,532,1,7784,44,2500,NA,44
"339","2020-05-29",107,4,195,318,4798,0.691121300541892,0,0,366,532,1,7785,59,2559,NA,59
"340","2020-05-30",101,4,210,303,4798,0.691121300541892,0,0,366,532,NA,NA,29,2588,NA,29
"341","2020-05-31",98,4,202,287,4798,0.691121300541892,0,0,366,532,1,7786,28,2616,NA,28
"342","2020-06-01",104,4,203,267,4798,0.691121300541892,0,0,366,532,1,7787,30,2646,NA,30
"343","2020-06-02",94,4,185,249,4798,0.691121300541892,0,0,366,532,1,7788,38,2684,1,38
"344","2020-06-03",88,4,186,239,4798,0.691121300541892,0,0,366,532,4,7792,22,2706,2,22
"345","2020-06-04",82,4,183,220,4798,0.691121300541892,0,0,366,532,1,7793,24,2730,1,24
"346","2020-06-05",72,4,174,210,4798,0.691121300541892,0,0,366,532,2,7795,16,2746,NA,16
"347","2020-06-06",71,4,148,192,4798,0.691121300541892,0,0,366,532,2,7797,10,2756,1,10
"348","2020-06-07",66,4,147,186,4798,0.691121300541892,0,0,366,532,NA,NA,6,2762,NA,6
"349","2020-03-12",1,5,27,53,3955,0.443236409608091,0,0,357,376,19,38,13,34,1,13
"350","2020-03-13",1,5,34,69,3955,0.443236409608091,0,0,357,376,15,53,10,44,NA,10
"351","2020-03-14",2,5,41,90,3955,0.443236409608091,0,0,357,376,15,68,17,61,5,17
"352","2020-03-15",4,5,46,120,3955,0.443236409608091,0,0,357,376,15,83,31,92,6,31
"353","2020-03-16",10,5,48,152,3955,0.443236409608091,0,0,357,376,23,106,19,111,13,19
"354","2020-03-17",16,5,57,178,3955,0.443236409608091,0,0,357,376,17,123,17,128,9,17
"355","2020-03-18",25,5,63,213,3955,0.443236409608091,0,0,357,376,25,148,32,160,13,32
"356","2020-03-19",31,5,66,252,3955,0.443236409608091,0,0,357,376,26,174,40,200,16,40
"357","2020-03-20",38,5,65,291,3955,0.443236409608091,0,0,357,376,25,199,25,225,12,25
"358","2020-03-21",48,5,54,329,3955,0.443236409608091,0,0,357,376,21,220,25,250,14,25
"359","2020-03-22",63,5,58,358,3955,0.443236409608091,0,0,357,376,35,255,23,273,24,23
"360","2020-03-23",74,5,51,377,3955,0.443236409608091,0,0,357,376,41,296,22,295,22,22
"361","2020-03-24",83,5,59,403,3955,0.443236409608091,0,0,357,376,41,337,35,330,23,35
"362","2020-03-25",96,5,48,446,3955,0.443236409608091,0,0,357,376,38,375,42,372,20,42
"363","2020-03-26",106,5,44,479,3955,0.443236409608091,0,0,357,376,43,418,42,414,24,42
"364","2020-03-27",119,5,63,500,3955,0.443236409608091,0,0,357,376,38,456,17,431,24,17
"365","2020-03-28",132,5,69,538,3955,0.443236409608091,0,0,357,376,36,492,31,462,21,31
"366","2020-03-29",131,5,72,552,3955,0.443236409608091,0,0,357,376,44,536,29,491,29,29
"367","2020-03-30",135,5,81,568,3955,0.443236409608091,0,0,357,376,35,571,21,512,22,21
"368","2020-03-31",143,5,91,600,3955,0.443236409608091,0,0,357,376,51,622,22,534,31,22
"369","2020-04-01",147,5,93,615,3955,0.443236409608091,0,0,357,376,42,664,18,552,19,18
"370","2020-04-02",155,5,84,621,3955,0.443236409608091,0,0,357,376,41,705,40,592,27,40
"371","2020-04-03",152,5,105,633,3955,0.443236409608091,0,0,357,376,48,753,24,616,35,24
"372","2020-04-04",157,5,102,664,3955,0.443236409608091,0,0,357,376,38,791,23,639,22,23
"373","2020-04-05",166,5,106,672,3955,0.443236409608091,0,0,357,376,41,832,20,659,31,20
"374","2020-04-06",172,5,118,674,3955,0.443236409608091,0,0,357,376,42,874,21,680,26,21
"375","2020-04-07",165,5,117,676,3955,0.443236409608091,0,0,357,376,44,918,20,700,28,20
"376","2020-04-08",165,5,112,701,3955,0.443236409608091,0,0,357,376,46,964,38,738,29,38
"377","2020-04-09",170,5,113,728,3955,0.443236409608091,0,0,357,376,54,1018,27,765,30,27
"378","2020-04-10",180,5,110,733,3955,0.443236409608091,0,0,357,376,51,1069,44,809,43,44
"379","2020-04-11",187,5,126,746,3955,0.443236409608091,0,0,357,376,50,1119,33,842,27,33
"380","2020-04-12",193,5,143,748,3955,0.443236409608091,0,0,357,376,44,1163,25,867,26,25
"381","2020-04-13",187,5,136,752,3955,0.443236409608091,0,0,357,376,39,1202,42,909,27,42
"382","2020-04-14",200,5,131,755,3955,0.443236409608091,0,0,357,376,55,1257,52,961,39,52
"383","2020-04-15",199,5,144,738,3955,0.443236409608091,0,0,357,376,50,1307,29,990,31,29
"384","2020-04-16",209,5,137,724,3955,0.443236409608091,0,0,357,376,45,1352,25,1015,26,25
"385","2020-04-17",207,5,123,704,3955,0.443236409608091,0,0,357,376,41,1393,23,1038,30,23
"386","2020-04-18",214,5,127,696,3955,0.443236409608091,0,0,357,376,33,1426,23,1061,18,23
"387","2020-04-19",211,5,117,698,3955,0.443236409608091,0,0,357,376,41,1467,18,1079,29,18
"388","2020-04-20",222,5,106,680,3955,0.443236409608091,0,0,357,376,32,1499,23,1102,17,23
"389","2020-04-21",222,5,124,667,3955,0.443236409608091,0,0,357,376,40,1539,47,1149,24,47
"390","2020-04-22",228,5,149,646,3955,0.443236409608091,0,0,357,376,44,1583,23,1172,30,23
"391","2020-04-23",215,5,153,615,3955,0.443236409608091,0,0,357,376,45,1628,24,1196,26,24
"392","2020-04-24",219,5,136,595,3955,0.443236409608091,0,0,357,376,51,1679,39,1235,31,39
"393","2020-04-25",198,5,143,580,3955,0.443236409608091,0,0,357,376,28,1707,44,1279,17,44
"394","2020-04-26",200,5,154,575,3955,0.443236409608091,0,0,357,376,48,1755,37,1316,29,37
"395","2020-04-27",205,5,140,573,3955,0.443236409608091,0,0,357,376,40,1795,33,1349,25,33
"396","2020-04-28",191,5,117,572,3955,0.443236409608091,0,0,357,376,40,1835,21,1370,28,21
"397","2020-04-29",179,5,111,571,3955,0.443236409608091,0,0,357,376,33,1868,18,1388,21,18
"398","2020-04-30",170,5,121,561,3955,0.443236409608091,0,0,357,376,60,1928,20,1408,35,20
"399","2020-05-01",161,5,120,545,3955,0.443236409608091,0,0,357,376,42,1970,29,1437,25,29
"400","2020-05-02",159,5,120,533,3955,0.443236409608091,0,0,357,376,31,2001,34,1471,15,34
"401","2020-05-03",148,5,119,511,3955,0.443236409608091,0,0,357,376,36,2037,28,1499,18,28
"402","2020-05-04",132,5,115,501,3955,0.443236409608091,0,0,357,376,43,2080,43,1542,24,43
"403","2020-05-05",138,5,121,503,3955,0.443236409608091,0,0,357,376,41,2121,23,1565,22,23
"404","2020-05-06",133,5,118,502,3955,0.443236409608091,0,0,357,376,27,2148,21,1586,13,21
"405","2020-05-07",136,5,132,487,3955,0.443236409608091,0,0,357,376,38,2186,28,1614,28,28
"406","2020-05-08",134,5,158,491,3955,0.443236409608091,0,0,357,376,32,2218,37,1651,25,37
"407","2020-05-09",136,5,152,473,3955,0.443236409608091,0,0,357,376,34,2252,43,1694,21,43
"408","2020-05-10",136,5,135,459,3955,0.443236409608091,0,0,357,376,42,2294,26,1720,27,26
"409","2020-05-11",134,5,131,440,3955,0.443236409608091,0,0,357,376,35,2329,26,1746,18,26
"410","2020-05-12",128,5,123,421,3955,0.443236409608091,0,0,357,376,36,2365,28,1774,18,28
"411","2020-05-13",126,5,127,428,3955,0.443236409608091,0,0,357,376,35,2400,29,1803,17,29
"412","2020-05-14",123,5,140,420,3955,0.443236409608091,0,0,357,376,28,2428,25,1828,15,25
"413","2020-05-15",120,5,132,415,3955,0.443236409608091,0,0,357,376,33,2461,21,1849,24,21
"414","2020-05-16",118,5,151,412,3955,0.443236409608091,0,0,357,376,32,2493,22,1871,19,22
"415","2020-05-17",116,5,146,394,3955,0.443236409608091,0,0,357,376,26,2519,20,1891,13,20
"416","2020-05-18",107,5,165,381,3955,0.443236409608091,0,0,357,376,31,2550,33,1924,19,33
"417","2020-05-19",98,5,178,370,3955,0.443236409608091,0,0,357,376,30,2580,33,1957,22,33
"418","2020-05-20",100,5,196,361,3955,0.443236409608091,0,0,357,376,23,2603,24,1981,10,24
"419","2020-05-21",100,5,195,351,3955,0.443236409608091,0,0,357,376,34,2637,24,2005,18,24
"420","2020-05-22",92,5,173,344,3955,0.443236409608091,0,0,357,376,33,2670,13,2018,18,13
"421","2020-05-23",85,5,137,328,3955,0.443236409608091,0,0,357,376,19,2689,21,2039,9,21
"422","2020-05-24",81,5,124,318,3955,0.443236409608091,0,0,357,376,28,2717,21,2060,16,21
"423","2020-05-25",85,5,115,305,3955,0.443236409608091,0,0,357,376,25,2742,24,2084,22,24
"424","2020-05-26",93,5,114,300,3955,0.443236409608091,0,0,357,376,26,2768,24,2108,19,24
"425","2020-05-27",93,5,108,281,3955,0.443236409608091,0,0,357,376,19,2787,22,2130,16,22
"426","2020-05-28",91,5,98,279,3955,0.443236409608091,0,0,357,376,25,2812,24,2154,16,24
"427","2020-05-29",94,5,85,274,3955,0.443236409608091,0,0,357,376,22,2834,37,2191,18,37
"428","2020-05-30",96,5,75,271,3955,0.443236409608091,0,0,357,376,16,2850,37,2228,9,37
"429","2020-05-31",92,5,69,268,3955,0.443236409608091,0,0,357,376,18,2868,34,2262,10,34
"430","2020-06-01",90,5,76,277,3955,0.443236409608091,0,0,357,376,25,2893,25,2287,18,25
"431","2020-06-02",82,5,69,265,3955,0.443236409608091,0,0,357,376,21,2914,28,2315,11,28
"432","2020-06-03",83,5,86,249,3955,0.443236409608091,0,0,357,376,19,2933,33,2348,14,33
"433","2020-06-04",78,5,78,240,3955,0.443236409608091,0,0,357,376,11,2944,29,2377,10,29
"434","2020-06-05",78,5,61,231,3955,0.443236409608091,0,0,357,376,15,2959,14,2391,10,14
"435","2020-06-06",71,5,58,212,3955,0.443236409608091,0,0,357,376,15,2974,28,2419,8,28
"436","2020-06-07",70,5,69,206,3955,0.443236409608091,0,0,357,376,11,2985,20,2439,7,20
"437","2020-03-12",1,6,57,53,8297,0.902494877666627,0,0,780,850,22,41,9,20,NA,9
"438","2020-03-13",1,6,65,86,8297,0.902494877666627,0,0,780,850,24,65,5,25,1,5
"439","2020-03-14",2,6,50,125,8297,0.902494877666627,0,0,780,850,27,92,3,28,NA,3
"440","2020-03-15",5,6,53,176,8297,0.902494877666627,0,0,780,850,32,124,14,42,8,14
"441","2020-03-16",14,6,58,228,8297,0.902494877666627,0,0,780,850,43,167,21,63,11,21
"442","2020-03-17",27,6,70,295,8297,0.902494877666627,0,0,780,850,37,204,17,80,13,17
"443","2020-03-18",36,6,98,366,8297,0.902494877666627,0,0,780,850,41,245,38,118,13,38
"444","2020-03-19",45,6,114,459,8297,0.902494877666627,0,0,780,850,25,270,16,134,9,16
"445","2020-03-20",62,6,137,582,8297,0.902494877666627,0,0,780,850,54,324,18,152,23,18
"446","2020-03-21",83,6,122,731,8297,0.902494877666627,0,0,780,850,47,371,16,168,17,16
"447","2020-03-22",99,6,117,912,8297,0.902494877666627,0,0,780,850,45,416,35,203,16,35
"448","2020-03-23",130,6,144,1060,8297,0.902494877666627,0,0,780,850,35,451,28,231,10,28
"449","2020-03-24",150,6,164,1266,8297,0.902494877666627,0,0,780,850,35,486,19,250,11,19
"450","2020-03-25",191,6,178,1542,8297,0.902494877666627,0,0,780,850,47,533,15,265,13,15
"451","2020-03-26",242,6,184,1850,8297,0.902494877666627,0,0,780,850,48,581,25,290,13,25
"452","2020-03-27",296,6,165,2173,8297,0.902494877666627,0,0,780,850,42,623,14,304,12,14
"453","2020-03-28",365,6,180,2592,8297,0.902494877666627,0,0,780,850,36,659,17,321,13,17
"454","2020-03-29",425,6,201,2947,8297,0.902494877666627,0,0,780,850,52,711,16,337,25,16
"455","2020-03-30",480,6,239,3281,8297,0.902494877666627,0,0,780,850,48,759,16,353,28,16
"456","2020-03-31",582,6,254,3628,8297,0.902494877666627,0,0,780,850,60,819,41,394,27,41
"457","2020-04-01",692,6,221,4113,8297,0.902494877666627,0,0,780,850,44,863,39,433,15,39
"458","2020-04-02",791,6,210,4310,8297,0.902494877666627,0,0,780,850,46,909,20,453,16,20
"459","2020-04-03",906,6,187,4476,8297,0.902494877666627,0,0,780,850,50,959,11,464,18,11
"460","2020-04-04",984,6,221,4531,8297,0.902494877666627,0,0,780,850,63,1022,36,500,31,36
"461","2020-04-05",1095,6,237,4520,8297,0.902494877666627,0,0,780,850,41,1063,16,516,16,16
"462","2020-04-06",1193,6,240,4433,8297,0.902494877666627,0,0,780,850,56,1119,14,530,27,14
"463","2020-04-07",1255,6,211,4305,8297,0.902494877666627,0,0,780,850,59,1178,8,538,26,8
"464","2020-04-08",1277,6,204,4074,8297,0.902494877666627,0,0,780,850,55,1233,14,552,23,14
"465","2020-04-09",1280,6,205,3785,8297,0.902494877666627,0,0,780,850,54,1287,37,589,25,37
"466","2020-04-10",1262,6,236,3405,8297,0.902494877666627,0,0,780,850,50,1337,20,609,15,20
"467","2020-04-11",1228,6,236,3063,8297,0.902494877666627,0,0,780,850,55,1392,11,620,21,11
"468","2020-04-12",1175,6,253,2715,8297,0.902494877666627,0,0,780,850,54,1446,40,660,22,40
"469","2020-04-13",1083,6,247,2361,8297,0.902494877666627,0,0,780,850,66,1512,42,702,17,42
"470","2020-04-14",996,6,214,2031,8297,0.902494877666627,0,0,780,850,41,1553,29,731,13,29
"471","2020-04-15",907,6,269,1676,8297,0.902494877666627,0,0,780,850,36,1589,24,755,15,24
"472","2020-04-16",817,6,272,1403,8297,0.902494877666627,0,0,780,850,59,1648,33,788,29,33
"473","2020-04-17",699,6,244,1150,8297,0.902494877666627,0,0,780,850,57,1705,47,835,22,47
"474","2020-04-18",611,6,208,968,8297,0.902494877666627,0,0,780,850,45,1750,31,866,20,31
"475","2020-04-19",522,6,192,774,8297,0.902494877666627,0,0,780,850,40,1790,23,889,6,23
"476","2020-04-20",452,6,197,639,8297,0.902494877666627,0,0,780,850,50,1840,11,900,13,11
"477","2020-04-21",359,6,188,510,8297,0.902494877666627,0,0,780,850,42,1882,32,932,14,32
"478","2020-04-22",283,6,161,402,8297,0.902494877666627,0,0,780,850,63,1945,61,993,24,61
"479","2020-04-23",221,6,153,326,8297,0.902494877666627,0,0,780,850,56,2001,60,1053,17,60
"480","2020-04-24",182,6,148,273,8297,0.902494877666627,0,0,780,850,36,2037,26,1079,11,26
"481","2020-04-25",145,6,182,233,8297,0.902494877666627,0,0,780,850,60,2097,29,1108,17,29
"482","2020-04-26",106,6,224,193,8297,0.902494877666627,0,0,780,850,38,2135,53,1161,13,53
"483","2020-04-27",81,6,209,155,8297,0.902494877666627,0,0,780,850,40,2175,66,1227,10,66
"484","2020-04-28",67,6,216,132,8297,0.902494877666627,0,0,780,850,36,2211,45,1272,9,45
"485","2020-04-29",56,6,235,110,8297,0.902494877666627,0,0,780,850,40,2251,24,1296,8,24
"486","2020-04-30",48,6,217,93,8297,0.902494877666627,0,0,780,850,55,2306,42,1338,11,42
"487","2020-05-01",44,6,199,71,8297,0.902494877666627,0,0,780,850,29,2335,60,1398,7,60
"488","2020-05-02",37,6,181,58,8297,0.902494877666627,0,0,780,850,33,2368,21,1419,7,21
"489","2020-05-03",29,6,212,50,8297,0.902494877666627,0,0,780,850,44,2412,40,1459,13,40
"490","2020-05-04",25,6,197,45,8297,0.902494877666627,0,0,780,850,42,2454,22,1481,12,22
"491","2020-05-05",24,6,189,40,8297,0.902494877666627,0,0,780,850,37,2491,10,1491,13,10
"492","2020-05-06",20,6,164,35,8297,0.902494877666627,0,0,780,850,48,2539,10,1501,12,10
"493","2020-05-07",20,6,159,32,8297,0.902494877666627,0,0,780,850,53,2592,14,1515,12,14
"494","2020-05-08",13,6,159,31,8297,0.902494877666627,0,0,780,850,36,2628,14,1529,13,14
"495","2020-05-09",12,6,146,32,8297,0.902494877666627,0,0,780,850,28,2656,48,1577,7,48
"496","2020-05-10",15,6,137,33,8297,0.902494877666627,0,0,780,850,42,2698,60,1637,14,60
"497","2020-05-11",13,6,133,31,8297,0.902494877666627,0,0,780,850,44,2742,39,1676,12,39
"498","2020-05-12",11,6,125,29,8297,0.902494877666627,0,0,780,850,21,2763,28,1704,5,28
"499","2020-05-13",11,6,103,26,8297,0.902494877666627,0,0,780,850,43,2806,27,1731,12,27
"500","2020-05-14",8,6,98,26,8297,0.902494877666627,0,0,780,850,25,2831,62,1793,10,62
"501","2020-05-15",11,6,96,23,8297,0.902494877666627,0,0,780,850,32,2863,28,1821,9,28
"502","2020-05-16",10,6,125,21,8297,0.902494877666627,0,0,780,850,28,2891,20,1841,8,20
"503","2020-05-17",7,6,165,22,8297,0.902494877666627,0,0,780,850,29,2920,11,1852,8,11
"504","2020-05-18",7,6,210,24,8297,0.902494877666627,0,0,780,850,29,2949,33,1885,12,33
"505","2020-05-19",8,6,243,24,8297,0.902494877666627,0,0,780,850,26,2975,12,1897,5,12
"506","2020-05-20",7,6,237,22,8297,0.902494877666627,0,0,780,850,19,2994,12,1909,12,12
"507","2020-05-21",9,6,232,20,8297,0.902494877666627,0,0,780,850,24,3018,8,1917,7,8
"508","2020-05-22",6,6,245,17,8297,0.902494877666627,0,0,780,850,35,3053,9,1926,8,9
"509","2020-05-23",5,6,221,17,8297,0.902494877666627,0,0,780,850,23,3076,32,1958,8,32
"510","2020-05-24",4,6,204,18,8297,0.902494877666627,0,0,780,850,24,3100,25,1983,10,25
"511","2020-05-25",4,6,214,20,8297,0.902494877666627,0,0,780,850,15,3115,19,2002,2,19
"512","2020-05-26",3,6,184,24,8297,0.902494877666627,0,0,780,850,25,3140,43,2045,9,43
"513","2020-05-27",3,6,172,24,8297,0.902494877666627,0,0,780,850,22,3162,49,2094,11,49
"514","2020-05-28",2,6,197,23,8297,0.902494877666627,0,0,780,850,20,3182,34,2128,8,34
"515","2020-05-29",4,6,210,24,8297,0.902494877666627,0,0,780,850,21,3203,19,2147,8,19
"516","2020-05-30",6,6,188,22,8297,0.902494877666627,0,0,780,850,20,3223,19,2166,6,19
"517","2020-05-31",6,6,176,22,8297,0.902494877666627,0,0,780,850,22,3245,19,2185,9,19
"518","2020-06-01",6,6,156,19,8297,0.902494877666627,0,0,780,850,21,3266,24,2209,7,24
"519","2020-06-02",8,6,156,20,8297,0.902494877666627,0,0,780,850,21,3287,15,2224,12,15
"520","2020-06-03",8,6,147,18,8297,0.902494877666627,0,0,780,850,24,3311,37,2261,9,37
"521","2020-06-04",8,6,139,20,8297,0.902494877666627,0,0,780,850,18,3329,17,2278,7,17
"522","2020-06-05",6,6,136,19,8297,0.902494877666627,0,0,780,850,15,3344,30,2308,7,30
"523","2020-06-06",6,6,135,20,8297,0.902494877666627,0,0,780,850,17,3361,32,2340,6,32
"524","2020-06-07",7,6,123,18,8297,0.902494877666627,0,0,780,850,19,3380,24,2364,6,24
"525","2020-03-12",1,7,47,75,5198,0.277606771835321,0,0,485,476,18,29,22,57,2,22
"526","2020-03-13",2,7,62,116,5198,0.277606771835321,0,0,485,476,12,41,27,84,2,27
"527","2020-03-14",3,7,76,168,5198,0.277606771835321,0,0,485,476,22,63,12,96,9,12
"528","2020-03-15",8,7,86,222,5198,0.277606771835321,0,0,485,476,20,83,13,109,5,13
"529","2020-03-16",16,7,99,266,5198,0.277606771835321,0,0,485,476,24,107,33,142,11,33
"530","2020-03-17",23,7,93,328,5198,0.277606771835321,0,0,485,476,24,131,19,161,9,19
"531","2020-03-18",43,7,92,371,5198,0.277606771835321,0,0,485,476,25,156,37,198,18,37
"532","2020-03-19",60,7,85,424,5198,0.277606771835321,0,0,485,476,27,183,30,228,13,30
"533","2020-03-20",77,7,104,490,5198,0.277606771835321,0,0,485,476,30,213,39,267,16,39
"534","2020-03-21",95,7,118,545,5198,0.277606771835321,0,0,485,476,27,240,26,293,14,26
"535","2020-03-22",107,7,119,590,5198,0.277606771835321,0,0,485,476,38,278,16,309,20,16
"536","2020-03-23",122,7,109,634,5198,0.277606771835321,0,0,485,476,30,308,7,316,19,7
"537","2020-03-24",139,7,106,669,5198,0.277606771835321,0,0,485,476,26,334,7,323,14,7
"538","2020-03-25",152,7,126,685,5198,0.277606771835321,0,0,485,476,40,374,13,336,25,13
"539","2020-03-26",167,7,122,692,5198,0.277606771835321,0,0,485,476,35,409,4,340,25,4
"540","2020-03-27",181,7,104,705,5198,0.277606771835321,0,0,485,476,48,457,5,345,35,5
"541","2020-03-28",186,7,92,702,5198,0.277606771835321,0,0,485,476,36,493,3,348,23,3
"542","2020-03-29",197,7,87,729,5198,0.277606771835321,0,0,485,476,56,549,3,351,42,3
"543","2020-03-30",196,7,103,729,5198,0.277606771835321,0,0,485,476,50,599,4,355,35,4
"544","2020-03-31",197,7,105,763,5198,0.277606771835321,0,0,485,476,60,659,4,359,43,4
"545","2020-04-01",201,7,98,778,5198,0.277606771835321,0,0,485,476,52,711,5,364,36,5
"546","2020-04-02",194,7,97,784,5198,0.277606771835321,0,0,485,476,63,774,15,379,49,15
"547","2020-04-03",191,7,90,786,5198,0.277606771835321,0,0,485,476,77,851,27,406,61,27
"548","2020-04-04",198,7,86,794,5198,0.277606771835321,0,0,485,476,58,909,27,433,38,27
"549","2020-04-05",202,7,81,800,5198,0.277606771835321,0,0,485,476,61,970,56,489,46,56
"550","2020-04-06",218,7,90,797,5198,0.277606771835321,0,0,485,476,60,1030,65,554,50,65
"551","2020-04-07",230,7,102,798,5198,0.277606771835321,0,0,485,476,58,1088,64,618,44,64
"552","2020-04-08",227,7,99,811,5198,0.277606771835321,0,0,485,476,49,1137,35,653,30,35
"553","2020-04-09",242,7,113,815,5198,0.277606771835321,0,0,485,476,49,1186,20,673,33,20
"554","2020-04-10",242,7,107,829,5198,0.277606771835321,0,0,485,476,63,1249,17,690,43,17
"555","2020-04-11",233,7,127,829,5198,0.277606771835321,0,0,485,476,51,1300,15,705,39,15
"556","2020-04-12",243,7,117,834,5198,0.277606771835321,0,0,485,476,60,1360,37,742,43,37
"557","2020-04-13",233,7,136,837,5198,0.277606771835321,0,0,485,476,70,1430,56,798,50,56
"558","2020-04-14",229,7,163,824,5198,0.277606771835321,0,0,485,476,61,1491,34,832,42,34
"559","2020-04-15",238,7,155,829,5198,0.277606771835321,0,0,485,476,31,1522,47,879,24,47
"560","2020-04-16",225,7,154,842,5198,0.277606771835321,0,0,485,476,57,1579,49,928,41,49
"561","2020-04-17",227,7,159,849,5198,0.277606771835321,0,0,485,476,45,1624,35,963,30,35
"562","2020-04-18",236,7,168,834,5198,0.277606771835321,0,0,485,476,50,1674,39,1002,37,39
"563","2020-04-19",217,7,163,817,5198,0.277606771835321,0,0,485,476,58,1732,39,1041,43,39
"564","2020-04-20",224,7,175,814,5198,0.277606771835321,0,0,485,476,56,1788,37,1078,28,37
"565","2020-04-21",222,7,180,805,5198,0.277606771835321,0,0,485,476,48,1836,20,1098,36,20
"566","2020-04-22",212,7,154,809,5198,0.277606771835321,0,0,485,476,53,1889,39,1137,36,39
"567","2020-04-23",212,7,141,829,5198,0.277606771835321,0,0,485,476,37,1926,20,1157,21,20
"568","2020-04-24",220,7,141,815,5198,0.277606771835321,0,0,485,476,50,1976,14,1171,32,14
"569","2020-04-25",216,7,151,824,5198,0.277606771835321,0,0,485,476,45,2021,22,1193,33,22
"570","2020-04-26",218,7,167,822,5198,0.277606771835321,0,0,485,476,47,2068,40,1233,27,40
"571","2020-04-27",219,7,155,796,5198,0.277606771835321,0,0,485,476,44,2112,26,1259,32,26
"572","2020-04-28",229,7,146,793,5198,0.277606771835321,0,0,485,476,37,2149,18,1277,23,18
"573","2020-04-29",231,7,137,791,5198,0.277606771835321,0,0,485,476,35,2184,14,1291,26,14
"574","2020-04-30",236,7,148,776,5198,0.277606771835321,0,0,485,476,43,2227,33,1324,32,33
"575","2020-05-01",221,7,142,777,5198,0.277606771835321,0,0,485,476,48,2275,28,1352,25,28
"576","2020-05-02",224,7,139,740,5198,0.277606771835321,0,0,485,476,44,2319,13,1365,28,13
"577","2020-05-03",230,7,149,734,5198,0.277606771835321,0,0,485,476,37,2356,23,1388,18,23
"578","2020-05-04",221,7,160,726,5198,0.277606771835321,0,0,485,476,38,2394,64,1452,23,64
"579","2020-05-05",213,7,160,680,5198,0.277606771835321,0,0,485,476,28,2422,48,1500,18,48
"580","2020-05-06",206,7,145,657,5198,0.277606771835321,0,0,485,476,33,2455,19,1519,19,19
"581","2020-05-07",207,7,127,648,5198,0.277606771835321,0,0,485,476,29,2484,17,1536,17,17
"582","2020-05-08",211,7,120,639,5198,0.277606771835321,0,0,485,476,34,2518,10,1546,21,10
"583","2020-05-09",206,7,122,622,5198,0.277606771835321,0,0,485,476,27,2545,11,1557,17,11
"584","2020-05-10",200,7,140,585,5198,0.277606771835321,0,0,485,476,30,2575,12,1569,23,12
"585","2020-05-11",194,7,136,581,5198,0.277606771835321,0,0,485,476,34,2609,39,1608,20,39
"586","2020-05-12",186,7,139,570,5198,0.277606771835321,0,0,485,476,28,2637,23,1631,18,23
"587","2020-05-13",176,7,126,544,5198,0.277606771835321,0,0,485,476,25,2662,27,1658,14,27
"588","2020-05-14",162,7,120,525,5198,0.277606771835321,0,0,485,476,39,2701,22,1680,27,22
"589","2020-05-15",152,7,104,529,5198,0.277606771835321,0,0,485,476,26,2727,45,1725,19,45
"590","2020-05-16",151,7,110,512,5198,0.277606771835321,0,0,485,476,27,2754,35,1760,17,35
"591","2020-05-17",138,7,121,504,5198,0.277606771835321,0,0,485,476,47,2801,18,1778,27,18
"592","2020-05-18",134,7,137,483,5198,0.277606771835321,0,0,485,476,20,2821,34,1812,12,34
"593","2020-05-19",129,7,148,475,5198,0.277606771835321,0,0,485,476,35,2856,61,1873,23,61
"594","2020-05-20",120,7,137,463,5198,0.277606771835321,0,0,485,476,27,2883,23,1896,16,23
"595","2020-05-21",119,7,136,441,5198,0.277606771835321,0,0,485,476,25,2908,44,1940,15,44
"596","2020-05-22",124,7,137,426,5198,0.277606771835321,0,0,485,476,19,2927,37,1977,9,37
"597","2020-05-23",121,7,129,419,5198,0.277606771835321,0,0,485,476,22,2949,58,2035,14,58
"598","2020-05-24",124,7,129,410,5198,0.277606771835321,0,0,485,476,25,2974,52,2087,16,52
"599","2020-05-25",121,7,143,408,5198,0.277606771835321,0,0,485,476,14,2988,24,2111,6,24
"600","2020-05-26",115,7,151,388,5198,0.277606771835321,0,0,485,476,25,3013,16,2127,13,16
"601","2020-05-27",123,7,170,368,5198,0.277606771835321,0,0,485,476,16,3029,8,2135,13,8
"602","2020-05-28",114,7,181,361,5198,0.277606771835321,0,0,485,476,21,3050,17,2152,11,17
"603","2020-05-29",107,7,158,344,5198,0.277606771835321,0,0,485,476,15,3065,7,2159,8,7
"604","2020-05-30",98,7,146,339,5198,0.277606771835321,0,0,485,476,19,3084,13,2172,16,13
"605","2020-05-31",98,7,138,322,5198,0.277606771835321,0,0,485,476,15,3099,32,2204,8,32
"606","2020-06-01",96,7,144,296,5198,0.277606771835321,0,0,485,476,23,3122,22,2226,15,22
"607","2020-06-02",94,7,136,288,5198,0.277606771835321,0,0,485,476,28,3150,19,2245,18,19
"608","2020-06-03",88,7,132,280,5198,0.277606771835321,0,0,485,476,18,3168,32,2277,15,32
"609","2020-06-04",88,7,119,276,5198,0.277606771835321,0,0,485,476,22,3190,42,2319,14,42
"610","2020-06-05",87,7,109,266,5198,0.277606771835321,0,0,485,476,6,3196,19,2338,4,19
"611","2020-06-06",86,7,113,249,5198,0.277606771835321,0,0,485,476,11,3207,41,2379,9,41
"612","2020-06-07",80,7,109,231,5198,0.277606771835321,0,0,485,476,22,3229,13,2392,12,13
"613","2020-03-13",1,8,98,99,4452,0.38162623539982,0,0,387,854,29,101,6,42,5,6
"614","2020-03-14",4,8,111,140,4452,0.38162623539982,0,0,387,854,20,121,13,55,4,13
"615","2020-03-15",11,8,113,185,4452,0.38162623539982,0,0,387,854,30,151,7,62,13,7
"616","2020-03-16",19,8,104,233,4452,0.38162623539982,0,0,387,854,30,181,13,75,4,13
"617","2020-03-17",27,8,120,277,4452,0.38162623539982,0,0,387,854,37,218,18,93,7,18
"618","2020-03-18",39,8,131,325,4452,0.38162623539982,0,0,387,854,37,255,8,101,15,8
"619","2020-03-19",52,8,176,370,4452,0.38162623539982,0,0,387,854,52,307,20,121,15,20
"620","2020-03-20",64,8,218,409,4452,0.38162623539982,0,0,387,854,50,357,18,139,21,18
"621","2020-03-21",75,8,238,465,4452,0.38162623539982,0,0,387,854,44,401,18,157,14,18
"622","2020-03-22",88,8,235,490,4452,0.38162623539982,0,0,387,854,35,436,8,165,10,8
"623","2020-03-23",100,8,235,522,4452,0.38162623539982,0,0,387,854,46,482,15,180,17,15
"624","2020-03-24",118,8,262,556,4452,0.38162623539982,0,0,387,854,55,537,19,199,17,19
"625","2020-03-25",130,8,262,576,4452,0.38162623539982,0,0,387,854,53,590,35,234,25,35
"626","2020-03-26",140,8,267,612,4452,0.38162623539982,0,0,387,854,44,634,33,267,18,33
"627","2020-03-27",149,8,270,629,4452,0.38162623539982,0,0,387,854,49,683,46,313,20,46
"628","2020-03-28",162,8,293,651,4452,0.38162623539982,0,0,387,854,39,722,36,349,17,36
"629","2020-03-29",176,8,309,686,4452,0.38162623539982,0,0,387,854,50,772,25,374,7,25
"630","2020-03-30",187,8,304,703,4452,0.38162623539982,0,0,387,854,42,814,14,388,10,14
"631","2020-03-31",189,8,320,704,4452,0.38162623539982,0,0,387,854,32,846,17,405,16,17
"632","2020-04-01",194,8,319,695,4452,0.38162623539982,0,0,387,854,45,891,12,417,11,12
"633","2020-04-02",201,8,335,685,4452,0.38162623539982,0,0,387,854,46,937,9,426,16,9
"634","2020-04-03",199,8,316,686,4452,0.38162623539982,0,0,387,854,38,975,13,439,19,13
"635","2020-04-04",207,8,282,673,4452,0.38162623539982,0,0,387,854,42,1017,3,442,11,3
"636","2020-04-05",195,8,264,682,4452,0.38162623539982,0,0,387,854,70,1087,9,451,34,9
"637","2020-04-06",190,8,254,670,4452,0.38162623539982,0,0,387,854,56,1143,8,459,13,8
"638","2020-04-07",189,8,245,683,4452,0.38162623539982,0,0,387,854,50,1193,37,496,17,37
"639","2020-04-08",193,8,227,699,4452,0.38162623539982,0,0,387,854,54,1247,25,521,19,25
"640","2020-04-09",193,8,223,708,4452,0.38162623539982,0,0,387,854,45,1292,8,529,17,8
"641","2020-04-10",211,8,216,698,4452,0.38162623539982,0,0,387,854,43,1335,22,551,12,22
"642","2020-04-11",202,8,216,685,4452,0.38162623539982,0,0,387,854,55,1390,22,573,23,22
"643","2020-04-12",203,8,257,667,4452,0.38162623539982,0,0,387,854,46,1436,31,604,19,31
"644","2020-04-13",205,8,249,675,4452,0.38162623539982,0,0,387,854,47,1483,23,627,11,23
"645","2020-04-14",201,8,255,671,4452,0.38162623539982,0,0,387,854,48,1531,13,640,13,13
"646","2020-04-15",190,8,238,665,4452,0.38162623539982,0,0,387,854,51,1582,39,679,19,39
"647","2020-04-16",187,8,236,664,4452,0.38162623539982,0,0,387,854,36,1618,29,708,10,29
"648","2020-04-17",175,8,246,679,4452,0.38162623539982,0,0,387,854,44,1662,15,723,10,15
"649","2020-04-18",176,8,259,690,4452,0.38162623539982,0,0,387,854,49,1711,8,731,15,8
"650","2020-04-19",182,8,268,692,4452,0.38162623539982,0,0,387,854,38,1749,10,741,11,10
"651","2020-04-20",186,8,285,687,4452,0.38162623539982,0,0,387,854,45,1794,8,749,10,8
"652","2020-04-21",192,8,272,693,4452,0.38162623539982,0,0,387,854,48,1842,17,766,21,17
"653","2020-04-22",194,8,264,680,4452,0.38162623539982,0,0,387,854,32,1874,47,813,11,47
"654","2020-04-23",195,8,261,680,4452,0.38162623539982,0,0,387,854,40,1914,41,854,16,41
"655","2020-04-24",193,8,271,684,4452,0.38162623539982,0,0,387,854,62,1976,26,880,23,26
"656","2020-04-25",185,8,300,708,4452,0.38162623539982,0,0,387,854,37,2013,53,933,12,53
"657","2020-04-26",191,8,350,709,4452,0.38162623539982,0,0,387,854,45,2058,47,980,16,47
"658","2020-04-27",185,8,356,672,4452,0.38162623539982,0,0,387,854,41,2099,41,1021,11,41
"659","2020-04-28",185,8,346,669,4452,0.38162623539982,0,0,387,854,41,2140,29,1050,11,29
"660","2020-04-29",181,8,339,672,4452,0.38162623539982,0,0,387,854,43,2183,22,1072,9,22
"661","2020-04-30",184,8,328,671,4452,0.38162623539982,0,0,387,854,39,2222,16,1088,7,16
"662","2020-05-01",186,8,359,670,4452,0.38162623539982,0,0,387,854,56,2278,15,1103,19,15
"663","2020-05-02",197,8,365,670,4452,0.38162623539982,0,0,387,854,41,2319,32,1135,14,32
"664","2020-05-03",200,8,327,656,4452,0.38162623539982,0,0,387,854,35,2354,30,1165,8,30
"665","2020-05-04",194,8,326,646,4452,0.38162623539982,0,0,387,854,27,2381,20,1185,4,20
"666","2020-05-05",193,8,294,653,4452,0.38162623539982,0,0,387,854,33,2414,12,1197,6,12
"667","2020-05-06",198,8,280,648,4452,0.38162623539982,0,0,387,854,39,2453,17,1214,7,17
"668","2020-05-07",194,8,266,615,4452,0.38162623539982,0,0,387,854,47,2500,12,1226,11,12
"669","2020-05-08",187,8,257,595,4452,0.38162623539982,0,0,387,854,30,2530,14,1240,5,14
"670","2020-05-09",186,8,251,580,4452,0.38162623539982,0,0,387,854,38,2568,47,1287,2,47
"671","2020-05-10",168,8,292,565,4452,0.38162623539982,0,0,387,854,40,2608,47,1334,11,47
"672","2020-05-11",171,8,331,549,4452,0.38162623539982,0,0,387,854,54,2662,28,1362,12,28
"673","2020-05-12",164,8,346,526,4452,0.38162623539982,0,0,387,854,36,2698,38,1400,10,38
"674","2020-05-13",157,8,331,519,4452,0.38162623539982,0,0,387,854,35,2733,41,1441,9,41
"675","2020-05-14",154,8,339,490,4452,0.38162623539982,0,0,387,854,25,2758,39,1480,7,39
"676","2020-05-15",154,8,347,496,4452,0.38162623539982,0,0,387,854,32,2790,32,1512,4,32
"677","2020-05-16",142,8,331,464,4452,0.38162623539982,0,0,387,854,29,2819,46,1558,6,46
"678","2020-05-17",138,8,312,448,4452,0.38162623539982,0,0,387,854,33,2852,32,1590,4,32
"679","2020-05-18",131,8,309,430,4452,0.38162623539982,0,0,387,854,20,2872,31,1621,5,31
"680","2020-05-19",123,8,310,413,4452,0.38162623539982,0,0,387,854,22,2894,27,1648,4,27
"681","2020-05-20",127,8,303,400,4452,0.38162623539982,0,0,387,854,21,2915,13,1661,2,13
"682","2020-05-21",123,8,292,389,4452,0.38162623539982,0,0,387,854,24,2939,13,1674,7,13
"683","2020-05-22",124,8,291,378,4452,0.38162623539982,0,0,387,854,23,2962,38,1712,5,38
"684","2020-05-23",125,8,291,369,4452,0.38162623539982,0,0,387,854,18,2980,42,1754,5,42
"685","2020-05-24",124,8,297,362,4452,0.38162623539982,0,0,387,854,22,3002,35,1789,4,35
"686","2020-05-25",123,8,269,362,4452,0.38162623539982,0,0,387,854,30,3032,37,1826,7,37
"687","2020-05-26",124,8,288,345,4452,0.38162623539982,0,0,387,854,19,3051,24,1850,1,24
"688","2020-05-27",115,8,283,316,4452,0.38162623539982,0,0,387,854,27,3078,19,1869,9,19
"689","2020-05-28",109,8,264,303,4452,0.38162623539982,0,0,387,854,11,3089,24,1893,2,24
"690","2020-05-29",98,8,278,277,4452,0.38162623539982,0,0,387,854,21,3110,18,1911,7,18
"691","2020-05-30",91,8,269,267,4452,0.38162623539982,0,0,387,854,21,3131,31,1942,8,31
"692","2020-05-31",88,8,268,249,4452,0.38162623539982,0,0,387,854,15,3146,13,1955,4,13
"693","2020-06-01",88,8,273,235,4452,0.38162623539982,0,0,387,854,17,3163,25,1980,9,25
"694","2020-06-02",82,8,277,228,4452,0.38162623539982,0,0,387,854,14,3177,27,2007,2,27
"695","2020-06-03",80,8,292,225,4452,0.38162623539982,0,0,387,854,14,3191,19,2026,2,19
"696","2020-06-04",77,8,290,212,4452,0.38162623539982,0,0,387,854,18,3209,14,2040,4,14
"697","2020-06-05",80,8,280,221,4452,0.38162623539982,0,0,387,854,10,3219,19,2059,4,19
"698","2020-06-06",75,8,285,216,4452,0.38162623539982,0,0,387,854,12,3231,16,2075,1,16
"699","2020-06-07",73,8,282,200,4452,0.38162623539982,0,0,387,854,14,3245,8,2083,3,8
"700","2020-03-15",2,9,72,55,7466,0.965309402625234,0,0,691,793,16,57,20,118,10,20
"701","2020-03-16",3,9,101,73,7466,0.965309402625234,0,0,691,793,18,75,37,155,12,37
"702","2020-03-17",7,9,107,96,7466,0.965309402625234,0,0,691,793,28,103,36,191,20,36
"703","2020-03-18",14,9,98,126,7466,0.965309402625234,0,0,691,793,23,126,18,209,15,18
"704","2020-03-19",17,9,92,166,7466,0.965309402625234,0,0,691,793,36,162,14,223,32,14
"705","2020-03-20",23,9,107,211,7466,0.965309402625234,0,0,691,793,40,202,37,260,26,37
"706","2020-03-21",27,9,133,262,7466,0.965309402625234,0,0,691,793,30,232,36,296,27,36
"707","2020-03-22",41,9,157,339,7466,0.965309402625234,0,0,691,793,36,268,21,317,35,21
"708","2020-03-23",55,9,176,409,7466,0.965309402625234,0,0,691,793,50,318,14,331,40,14
"709","2020-03-24",65,9,205,511,7466,0.965309402625234,0,0,691,793,51,369,16,347,46,16
"710","2020-03-25",77,9,211,628,7466,0.965309402625234,0,0,691,793,45,414,9,356,41,9
"711","2020-03-26",94,9,196,743,7466,0.965309402625234,0,0,691,793,39,453,20,376,29,20
"712","2020-03-27",112,9,200,918,7466,0.965309402625234,0,0,691,793,61,514,15,391,51,15
"713","2020-03-28",133,9,204,1080,7466,0.965309402625234,0,0,691,793,56,570,51,442,53,51
"714","2020-03-29",154,9,208,1276,7466,0.965309402625234,0,0,691,793,73,643,49,491,65,49
"715","2020-03-30",183,9,188,1498,7466,0.965309402625234,0,0,691,793,72,715,21,512,61,21
"716","2020-03-31",234,9,178,1778,7466,0.965309402625234,0,0,691,793,63,778,18,530,61,18
"717","2020-04-01",273,9,192,2017,7466,0.965309402625234,0,0,691,793,73,851,14,544,70,14
"718","2020-04-02",344,9,198,2276,7466,0.965309402625234,0,0,691,793,82,933,16,560,77,16
"719","2020-04-03",414,9,198,2501,7466,0.965309402625234,0,0,691,793,87,1020,11,571,77,11
"720","2020-04-04",492,9,216,2759,7466,0.965309402625234,0,0,691,793,81,1101,48,619,74,48
"721","2020-04-05",570,9,196,3004,7466,0.965309402625234,0,0,691,793,76,1177,26,645,68,26
"722","2020-04-06",637,9,217,3228,7466,0.965309402625234,0,0,691,793,87,1264,9,654,81,9
"723","2020-04-07",691,9,200,3432,7466,0.965309402625234,0,0,691,793,93,1357,16,670,85,16
"724","2020-04-08",769,9,184,3612,7466,0.965309402625234,0,0,691,793,91,1448,41,711,86,41
"725","2020-04-09",814,9,165,3650,7466,0.965309402625234,0,0,691,793,93,1541,20,731,83,20
"726","2020-04-10",877,9,139,3699,7466,0.965309402625234,0,0,691,793,86,1627,15,746,83,15
"727","2020-04-11",929,9,133,3655,7466,0.965309402625234,0,0,691,793,93,1720,10,756,84,10
"728","2020-04-12",963,9,156,3617,7466,0.965309402625234,0,0,691,793,82,1802,13,769,75,13
"729","2020-04-13",998,9,146,3461,7466,0.965309402625234,0,0,691,793,83,1885,8,777,74,8
"730","2020-04-14",1003,9,155,3238,7466,0.965309402625234,0,0,691,793,85,1970,7,784,78,7
"731","2020-04-15",1026,9,189,3022,7466,0.965309402625234,0,0,691,793,89,2059,19,803,82,19
"732","2020-04-16",1025,9,198,2789,7466,0.965309402625234,0,0,691,793,77,2136,55,858,76,55
"733","2020-04-17",990,9,190,2536,7466,0.965309402625234,0,0,691,793,76,2212,62,920,68,62
"734","2020-04-18",942,9,196,2308,7466,0.965309402625234,0,0,691,793,125,2337,66,986,114,66
"735","2020-04-19",885,9,187,2020,7466,0.965309402625234,0,0,691,793,78,2415,30,1016,73,30
"736","2020-04-20",838,9,179,1777,7466,0.965309402625234,0,0,691,793,68,2483,30,1046,62,30
"737","2020-04-21",780,9,210,1546,7466,0.965309402625234,0,0,691,793,64,2547,63,1109,61,63
"738","2020-04-22",690,9,209,1352,7466,0.965309402625234,0,0,691,793,76,2623,45,1154,69,45
"739","2020-04-23",613,9,187,1144,7466,0.965309402625234,0,0,691,793,61,2684,37,1191,57,37
"740","2020-04-24",549,9,157,972,7466,0.965309402625234,0,0,691,793,74,2758,46,1237,67,46
"741","2020-04-25",485,9,150,831,7466,0.965309402625234,0,0,691,793,68,2826,36,1273,65,36
"742","2020-04-26",423,9,136,690,7466,0.965309402625234,0,0,691,793,68,2894,23,1296,62,23
"743","2020-04-27",345,9,114,573,7466,0.965309402625234,0,0,691,793,78,2972,20,1316,69,20
"744","2020-04-28",302,9,107,483,7466,0.965309402625234,0,0,691,793,67,3039,13,1329,64,13
"745","2020-04-29",251,9,102,394,7466,0.965309402625234,0,0,691,793,67,3106,54,1383,59,54
"746","2020-04-30",211,9,163,328,7466,0.965309402625234,0,0,691,793,55,3161,29,1412,53,29
"747","2020-05-01",160,9,206,273,7466,0.965309402625234,0,0,691,793,52,3213,18,1430,39,18
"748","2020-05-02",125,9,245,228,7466,0.965309402625234,0,0,691,793,55,3268,20,1450,49,20
"749","2020-05-03",100,9,240,185,7466,0.965309402625234,0,0,691,793,52,3320,41,1491,46,41
"750","2020-05-04",90,9,215,154,7466,0.965309402625234,0,0,691,793,48,3368,31,1522,48,31
"751","2020-05-05",71,9,170,135,7466,0.965309402625234,0,0,691,793,53,3421,50,1572,48,50
"752","2020-05-06",56,9,163,113,7466,0.965309402625234,0,0,691,793,42,3463,22,1594,40,22
"753","2020-05-07",44,9,161,98,7466,0.965309402625234,0,0,691,793,47,3510,17,1611,41,17
"754","2020-05-08",42,9,169,86,7466,0.965309402625234,0,0,691,793,35,3545,15,1626,31,15
"755","2020-05-09",36,9,157,84,7466,0.965309402625234,0,0,691,793,39,3584,14,1640,35,14
"756","2020-05-10",39,9,186,76,7466,0.965309402625234,0,0,691,793,36,3620,12,1652,35,12
"757","2020-05-11",32,9,169,71,7466,0.965309402625234,0,0,691,793,47,3667,62,1714,40,62
"758","2020-05-12",32,9,148,59,7466,0.965309402625234,0,0,691,793,47,3714,53,1767,42,53
"759","2020-05-13",29,9,136,54,7466,0.965309402625234,0,0,691,793,34,3748,63,1830,29,63
"760","2020-05-14",27,9,142,51,7466,0.965309402625234,0,0,691,793,33,3781,52,1882,32,52
"761","2020-05-15",23,9,122,44,7466,0.965309402625234,0,0,691,793,28,3809,48,1930,25,48
"762","2020-05-16",23,9,130,38,7466,0.965309402625234,0,0,691,793,33,3842,42,1972,31,42
"763","2020-05-17",17,9,158,38,7466,0.965309402625234,0,0,691,793,37,3879,70,2042,36,70
"764","2020-05-18",14,9,187,33,7466,0.965309402625234,0,0,691,793,31,3910,31,2073,28,31
"765","2020-05-19",10,9,207,33,7466,0.965309402625234,0,0,691,793,34,3944,20,2093,30,20
"766","2020-05-20",11,9,203,34,7466,0.965309402625234,0,0,691,793,26,3970,18,2111,19,18
"767","2020-05-21",8,9,189,33,7466,0.965309402625234,0,0,691,793,28,3998,13,2124,24,13
"768","2020-05-22",7,9,189,32,7466,0.965309402625234,0,0,691,793,21,4019,57,2181,19,57
"769","2020-05-23",7,9,191,29,7466,0.965309402625234,0,0,691,793,33,4052,44,2225,25,44
"770","2020-05-24",7,9,180,31,7466,0.965309402625234,0,0,691,793,25,4077,44,2269,23,44
"771","2020-05-25",8,9,196,32,7466,0.965309402625234,0,0,691,793,23,4100,36,2305,21,36
"772","2020-05-26",8,9,206,29,7466,0.965309402625234,0,0,691,793,24,4124,50,2355,17,50
"773","2020-05-27",9,9,220,25,7466,0.965309402625234,0,0,691,793,19,4143,57,2412,19,57
"774","2020-05-28",8,9,234,21,7466,0.965309402625234,0,0,691,793,25,4168,29,2441,21,29
"775","2020-05-29",8,9,232,22,7466,0.965309402625234,0,0,691,793,20,4188,15,2456,18,15
"776","2020-05-30",7,9,242,25,7466,0.965309402625234,0,0,691,793,23,4211,16,2472,19,16
"777","2020-05-31",6,9,217,26,7466,0.965309402625234,0,0,691,793,15,4226,52,2524,12,52
"778","2020-06-01",5,9,198,23,7466,0.965309402625234,0,0,691,793,15,4241,22,2546,12,22
"779","2020-06-02",7,9,187,22,7466,0.965309402625234,0,0,691,793,8,4249,22,2568,8,22
"780","2020-06-03",5,9,166,20,7466,0.965309402625234,0,0,691,793,20,4269,19,2587,16,19
"781","2020-06-04",7,9,149,17,7466,0.965309402625234,0,0,691,793,16,4285,30,2617,14,30
"782","2020-06-05",7,9,129,20,7466,0.965309402625234,0,0,691,793,11,4296,32,2649,8,32
"783","2020-06-06",8,9,121,18,7466,0.965309402625234,0,0,691,793,15,4311,15,2664,14,15
"784","2020-06-07",7,9,132,17,7466,0.965309402625234,0,0,691,793,21,4332,15,2679,17,15
"785","2020-03-14",1,10,95,36,1832,0.57914847161572,0,0,169,734,37,104,10,34,10,10
"786","2020-03-15",2,10,105,47,1832,0.57914847161572,0,0,169,734,32,136,6,40,18,6
"787","2020-03-16",3,10,121,61,1832,0.57914847161572,0,0,169,734,40,176,7,47,19,7
"788","2020-03-17",8,10,127,76,1832,0.57914847161572,0,0,169,734,41,217,11,58,15,11
"789","2020-03-18",10,10,119,92,1832,0.57914847161572,0,0,169,734,32,249,10,68,16,10
"790","2020-03-19",13,10,104,103,1832,0.57914847161572,0,0,169,734,54,303,15,83,35,15
"791","2020-03-20",18,10,96,125,1832,0.57914847161572,0,0,169,734,49,352,11,94,24,11
"792","2020-03-21",22,10,111,141,1832,0.57914847161572,0,0,169,734,58,410,13,107,39,13
"793","2020-03-22",26,10,105,168,1832,0.57914847161572,0,0,169,734,40,450,13,120,32,13
"794","2020-03-23",27,10,100,191,1832,0.57914847161572,0,0,169,734,65,515,19,139,43,19
"795","2020-03-24",26,10,92,200,1832,0.57914847161572,0,0,169,734,69,584,24,163,48,24
"796","2020-03-25",31,10,87,225,1832,0.57914847161572,0,0,169,734,63,647,14,177,48,14
"797","2020-03-26",33,10,99,236,1832,0.57914847161572,0,0,169,734,74,721,9,186,46,9
"798","2020-03-27",39,10,119,244,1832,0.57914847161572,0,0,169,734,78,799,5,191,58,5
"799","2020-03-28",42,10,132,254,1832,0.57914847161572,0,0,169,734,79,878,8,199,56,8
"800","2020-03-29",46,10,129,260,1832,0.57914847161572,0,0,169,734,103,981,6,205,76,6
"801","2020-03-30",59,10,116,264,1832,0.57914847161572,0,0,169,734,95,1076,20,225,73,20
"802","2020-03-31",74,10,102,275,1832,0.57914847161572,0,0,169,734,99,1175,18,243,75,18
"803","2020-04-01",78,10,114,290,1832,0.57914847161572,0,0,169,734,87,1262,18,261,56,18
"804","2020-04-02",89,10,128,302,1832,0.57914847161572,0,0,169,734,75,1337,22,283,57,22
"805","2020-04-03",86,10,149,308,1832,0.57914847161572,0,0,169,734,100,1437,18,301,77,18
"806","2020-04-04",92,10,152,305,1832,0.57914847161572,0,0,169,734,63,1500,32,333,49,32
"807","2020-04-05",104,10,153,299,1832,0.57914847161572,0,0,169,734,79,1579,36,369,58,36
"808","2020-04-06",102,10,179,291,1832,0.57914847161572,0,0,169,734,90,1669,46,415,71,46
"809","2020-04-07",94,10,182,290,1832,0.57914847161572,0,0,169,734,97,1766,24,439,74,24
"810","2020-04-08",91,10,155,287,1832,0.57914847161572,0,0,169,734,85,1851,17,456,67,17
"811","2020-04-09",88,10,145,286,1832,0.57914847161572,0,0,169,734,108,1959,9,465,78,9
"812","2020-04-10",89,10,147,288,1832,0.57914847161572,0,0,169,734,79,2038,5,470,55,5
"813","2020-04-11",86,10,166,302,1832,0.57914847161572,0,0,169,734,100,2138,11,481,75,11
"814","2020-04-12",71,10,180,291,1832,0.57914847161572,0,0,169,734,81,2219,34,515,58,34
"815","2020-04-13",71,10,165,286,1832,0.57914847161572,0,0,169,734,82,2301,32,547,64,32
"816","2020-04-14",71,10,168,292,1832,0.57914847161572,0,0,169,734,89,2390,42,589,62,42
"817","2020-04-15",72,10,164,296,1832,0.57914847161572,0,0,169,734,77,2467,39,628,56,39
"818","2020-04-16",74,10,188,297,1832,0.57914847161572,0,0,169,734,64,2531,39,667,47,39
"819","2020-04-17",79,10,196,294,1832,0.57914847161572,0,0,169,734,89,2620,18,685,66,18
"820","2020-04-18",80,10,197,311,1832,0.57914847161572,0,0,169,734,73,2693,16,701,45,16
"821","2020-04-19",84,10,182,306,1832,0.57914847161572,0,0,169,734,85,2778,14,715,53,14
"822","2020-04-20",85,10,193,314,1832,0.57914847161572,0,0,169,734,59,2837,33,748,42,33
"823","2020-04-21",87,10,225,317,1832,0.57914847161572,0,0,169,734,68,2905,23,771,43,23
"824","2020-04-22",95,10,235,302,1832,0.57914847161572,0,0,169,734,72,2977,23,794,42,23
"825","2020-04-23",92,10,226,298,1832,0.57914847161572,0,0,169,734,63,3040,18,812,33,18
"826","2020-04-24",87,10,203,298,1832,0.57914847161572,0,0,169,734,69,3109,20,832,48,20
"827","2020-04-25",86,10,167,277,1832,0.57914847161572,0,0,169,734,60,3169,22,854,30,22
"828","2020-04-26",97,10,153,270,1832,0.57914847161572,0,0,169,734,65,3234,13,867,47,13
"829","2020-04-27",91,10,148,259,1832,0.57914847161572,0,0,169,734,63,3297,27,894,43,27
"830","2020-04-28",89,10,139,250,1832,0.57914847161572,0,0,169,734,38,3335,35,929,19,35
"831","2020-04-29",87,10,125,242,1832,0.57914847161572,0,0,169,734,65,3400,35,964,51,35
"832","2020-04-30",79,10,124,237,1832,0.57914847161572,0,0,169,734,55,3455,20,984,35,20
"833","2020-05-01",82,10,140,245,1832,0.57914847161572,0,0,169,734,55,3510,17,1001,33,17
"834","2020-05-02",79,10,140,240,1832,0.57914847161572,0,0,169,734,46,3556,46,1047,31,46
"835","2020-05-03",69,10,155,238,1832,0.57914847161572,0,0,169,734,59,3615,38,1085,39,38
"836","2020-05-04",72,10,177,241,1832,0.57914847161572,0,0,169,734,50,3665,35,1120,31,35
"837","2020-05-05",73,10,210,241,1832,0.57914847161572,0,0,169,734,50,3715,37,1157,30,37
"838","2020-05-06",66,10,237,237,1832,0.57914847161572,0,0,169,734,52,3767,20,1177,30,20
"839","2020-05-07",70,10,240,239,1832,0.57914847161572,0,0,169,734,41,3808,21,1198,28,21
"840","2020-05-08",65,10,241,242,1832,0.57914847161572,0,0,169,734,37,3845,24,1222,21,24
"841","2020-05-09",63,10,265,224,1832,0.57914847161572,0,0,169,734,47,3892,30,1252,29,30
"842","2020-05-10",58,10,264,221,1832,0.57914847161572,0,0,169,734,45,3937,30,1282,29,30
"843","2020-05-11",52,10,235,210,1832,0.57914847161572,0,0,169,734,37,3974,7,1289,18,7
"844","2020-05-12",44,10,221,206,1832,0.57914847161572,0,0,169,734,33,4007,8,1297,23,8
"845","2020-05-13",45,10,203,204,1832,0.57914847161572,0,0,169,734,31,4038,16,1313,20,16
"846","2020-05-14",46,10,190,194,1832,0.57914847161572,0,0,169,734,36,4074,33,1346,19,33
"847","2020-05-15",43,10,200,190,1832,0.57914847161572,0,0,169,734,55,4129,17,1363,36,17
"848","2020-05-16",44,10,187,191,1832,0.57914847161572,0,0,169,734,23,4152,10,1373,9,10
"849","2020-05-17",51,10,191,185,1832,0.57914847161572,0,0,169,734,40,4192,8,1381,25,8
"850","2020-05-18",53,10,209,185,1832,0.57914847161572,0,0,169,734,22,4214,3,1384,13,3
"851","2020-05-19",52,10,198,177,1832,0.57914847161572,0,0,169,734,32,4246,4,1388,12,4
"852","2020-05-20",48,10,173,172,1832,0.57914847161572,0,0,169,734,26,4272,13,1401,11,13
"853","2020-05-21",47,10,159,166,1832,0.57914847161572,0,0,169,734,28,4300,17,1418,21,17
"854","2020-05-22",55,10,167,162,1832,0.57914847161572,0,0,169,734,26,4326,18,1436,17,18
"855","2020-05-23",54,10,160,161,1832,0.57914847161572,0,0,169,734,17,4343,29,1465,8,29
"856","2020-05-24",49,10,151,167,1832,0.57914847161572,0,0,169,734,34,4377,22,1487,18,22
"857","2020-05-25",49,10,151,159,1832,0.57914847161572,0,0,169,734,31,4408,27,1514,13,27
"858","2020-05-26",53,10,129,170,1832,0.57914847161572,0,0,169,734,28,4436,24,1538,16,24
"859","2020-05-27",51,10,124,172,1832,0.57914847161572,0,0,169,734,30,4466,15,1553,25,15
"860","2020-05-28",46,10,150,178,1832,0.57914847161572,0,0,169,734,17,4483,22,1575,12,22
"861","2020-05-29",42,10,151,186,1832,0.57914847161572,0,0,169,734,21,4504,23,1598,13,23
"862","2020-05-30",47,10,153,188,1832,0.57914847161572,0,0,169,734,24,4528,19,1617,9,19
"863","2020-05-31",47,10,161,183,1832,0.57914847161572,0,0,169,734,10,4538,24,1641,6,24
"864","2020-06-01",46,10,171,174,1832,0.57914847161572,0,0,169,734,17,4555,13,1654,10,13
"865","2020-06-02",45,10,162,171,1832,0.57914847161572,0,0,169,734,15,4570,20,1674,5,20
"866","2020-06-03",54,10,148,159,1832,0.57914847161572,0,0,169,734,13,4583,18,1692,9,18
"867","2020-06-04",53,10,139,153,1832,0.57914847161572,0,0,169,734,18,4601,7,1699,12,7
"868","2020-06-05",52,10,139,156,1832,0.57914847161572,0,0,169,734,7,4608,11,1710,4,11
"869","2020-06-06",45,10,142,149,1832,0.57914847161572,0,0,169,734,10,4618,14,1724,7,14
"870","2020-06-07",41,10,121,153,1832,0.57914847161572,0,0,169,734,10,4628,11,1735,4,11
"871","2020-03-14",1,11,97,129,4123,0.386611690516614,0,0,324,787,56,163,23,68,11,23
"872","2020-03-15",5,11,96,172,4123,0.386611690516614,0,0,324,787,51,214,34,102,11,34
"873","2020-03-16",8,11,90,220,4123,0.386611690516614,0,0,324,787,54,268,23,125,16,23
"874","2020-03-17",19,11,77,270,4123,0.386611690516614,0,0,324,787,59,327,45,170,23,45
"875","2020-03-18",28,11,105,313,4123,0.386611690516614,0,0,324,787,60,387,40,210,25,40
"876","2020-03-19",42,11,122,372,4123,0.386611690516614,0,0,324,787,57,444,34,244,22,34
"877","2020-03-20",54,11,122,416,4123,0.386611690516614,0,0,324,787,67,511,34,278,30,34
"878","2020-03-21",71,11,153,460,4123,0.386611690516614,0,0,324,787,68,579,43,321,23,43
"879","2020-03-22",94,11,143,496,4123,0.386611690516614,0,0,324,787,72,651,52,373,33,52
"880","2020-03-23",117,11,127,526,4123,0.386611690516614,0,0,324,787,76,727,58,431,42,58
"881","2020-03-24",126,11,119,551,4123,0.386611690516614,0,0,324,787,64,791,48,479,32,48
"882","2020-03-25",146,11,148,589,4123,0.386611690516614,0,0,324,787,74,865,47,526,38,47
"883","2020-03-26",154,11,146,615,4123,0.386611690516614,0,0,324,787,89,954,46,572,34,46
"884","2020-03-27",163,11,134,633,4123,0.386611690516614,0,0,324,787,64,1018,40,612,32,40
"885","2020-03-28",167,11,147,649,4123,0.386611690516614,0,0,324,787,82,1100,41,653,42,41
"886","2020-03-29",167,11,148,669,4123,0.386611690516614,0,0,324,787,75,1175,41,694,35,41
"887","2020-03-30",171,11,138,697,4123,0.386611690516614,0,0,324,787,69,1244,34,728,33,34
"888","2020-03-31",183,11,132,707,4123,0.386611690516614,0,0,324,787,81,1325,46,774,45,46
"889","2020-04-01",187,11,156,706,4123,0.386611690516614,0,0,324,787,84,1409,49,823,35,49
"890","2020-04-02",194,11,158,730,4123,0.386611690516614,0,0,324,787,66,1475,41,864,28,41
"891","2020-04-03",190,11,151,730,4123,0.386611690516614,0,0,324,787,68,1543,28,892,33,28
"892","2020-04-04",208,11,155,728,4123,0.386611690516614,0,0,324,787,86,1629,57,949,45,57
"893","2020-04-05",209,11,154,726,4123,0.386611690516614,0,0,324,787,92,1721,71,1020,40,71
"894","2020-04-06",202,11,140,722,4123,0.386611690516614,0,0,324,787,75,1796,40,1060,39,40
"895","2020-04-07",202,11,157,721,4123,0.386611690516614,0,0,324,787,81,1877,52,1112,43,52
"896","2020-04-08",204,11,158,707,4123,0.386611690516614,0,0,324,787,83,1960,46,1158,42,46
"897","2020-04-09",199,11,190,727,4123,0.386611690516614,0,0,324,787,84,2044,61,1219,36,61
"898","2020-04-10",205,11,188,714,4123,0.386611690516614,0,0,324,787,78,2122,73,1292,33,73
"899","2020-04-11",194,11,217,694,4123,0.386611690516614,0,0,324,787,88,2210,57,1349,41,57
"900","2020-04-12",199,11,245,692,4123,0.386611690516614,0,0,324,787,86,2296,38,1387,43,38
"901","2020-04-13",208,11,280,674,4123,0.386611690516614,0,0,324,787,77,2373,37,1424,36,37
"902","2020-04-14",198,11,291,667,4123,0.386611690516614,0,0,324,787,94,2467,29,1453,39,29
"903","2020-04-15",190,11,261,656,4123,0.386611690516614,0,0,324,787,85,2552,34,1487,43,34
"904","2020-04-16",194,11,224,651,4123,0.386611690516614,0,0,324,787,66,2618,44,1531,21,44
"905","2020-04-17",201,11,196,628,4123,0.386611690516614,0,0,324,787,72,2690,37,1568,41,37
"906","2020-04-18",201,11,193,607,4123,0.386611690516614,0,0,324,787,91,2781,71,1639,32,71
"907","2020-04-19",185,11,182,598,4123,0.386611690516614,0,0,324,787,70,2851,43,1682,26,43
"908","2020-04-20",176,11,161,600,4123,0.386611690516614,0,0,324,787,79,2930,53,1735,32,53
"909","2020-04-21",177,11,146,594,4123,0.386611690516614,0,0,324,787,83,3013,58,1793,36,58
"910","2020-04-22",179,11,158,589,4123,0.386611690516614,0,0,324,787,59,3072,62,1855,26,62
"911","2020-04-23",180,11,192,576,4123,0.386611690516614,0,0,324,787,73,3145,50,1905,29,50
"912","2020-04-24",169,11,188,571,4123,0.386611690516614,0,0,324,787,55,3200,45,1950,21,45
"913","2020-04-25",158,11,184,567,4123,0.386611690516614,0,0,324,787,62,3262,37,1987,17,37
"914","2020-04-26",156,11,218,584,4123,0.386611690516614,0,0,324,787,65,3327,64,2051,25,64
"915","2020-04-27",163,11,224,577,4123,0.386611690516614,0,0,324,787,58,3385,37,2088,29,37
"916","2020-04-28",158,11,205,566,4123,0.386611690516614,0,0,324,787,67,3452,49,2137,27,49
"917","2020-04-29",149,11,195,548,4123,0.386611690516614,0,0,324,787,72,3524,57,2194,35,57
"918","2020-04-30",140,11,171,544,4123,0.386611690516614,0,0,324,787,65,3589,56,2250,26,56
"919","2020-05-01",141,11,195,541,4123,0.386611690516614,0,0,324,787,65,3654,42,2292,32,42
"920","2020-05-02",140,11,192,548,4123,0.386611690516614,0,0,324,787,50,3704,55,2347,18,55
"921","2020-05-03",150,11,180,527,4123,0.386611690516614,0,0,324,787,49,3753,57,2404,17,57
"922","2020-05-04",141,11,165,521,4123,0.386611690516614,0,0,324,787,53,3806,65,2469,21,65
"923","2020-05-05",148,11,207,523,4123,0.386611690516614,0,0,324,787,61,3867,46,2515,31,46
"924","2020-05-06",150,11,233,510,4123,0.386611690516614,0,0,324,787,50,3917,35,2550,18,35
"925","2020-05-07",148,11,220,501,4123,0.386611690516614,0,0,324,787,50,3967,38,2588,14,38
"926","2020-05-08",145,11,191,478,4123,0.386611690516614,0,0,324,787,45,4012,39,2627,18,39
"927","2020-05-09",141,11,192,464,4123,0.386611690516614,0,0,324,787,41,4053,41,2668,16,41
"928","2020-05-10",130,11,198,443,4123,0.386611690516614,0,0,324,787,45,4098,42,2710,15,42
"929","2020-05-11",127,11,193,433,4123,0.386611690516614,0,0,324,787,32,4130,39,2749,12,39
"930","2020-05-12",116,11,200,437,4123,0.386611690516614,0,0,324,787,48,4178,52,2801,16,52
"931","2020-05-13",112,11,186,417,4123,0.386611690516614,0,0,324,787,43,4221,44,2845,12,44
"932","2020-05-14",110,11,206,400,4123,0.386611690516614,0,0,324,787,38,4259,48,2893,21,48
"933","2020-05-15",117,11,198,382,4123,0.386611690516614,0,0,324,787,24,4283,53,2946,7,53
"934","2020-05-16",118,11,182,375,4123,0.386611690516614,0,0,324,787,40,4323,37,2983,16,37
"935","2020-05-17",115,11,169,377,4123,0.386611690516614,0,0,324,787,30,4353,36,3019,11,36
"936","2020-05-18",118,11,190,376,4123,0.386611690516614,0,0,324,787,23,4376,29,3048,12,29
"937","2020-05-19",117,11,219,366,4123,0.386611690516614,0,0,324,787,38,4414,26,3074,13,26
"938","2020-05-20",121,11,207,363,4123,0.386611690516614,0,0,324,787,22,4436,53,3127,9,53
"939","2020-05-21",113,11,183,356,4123,0.386611690516614,0,0,324,787,30,4466,42,3169,10,42
"940","2020-05-22",104,11,181,358,4123,0.386611690516614,0,0,324,787,30,4496,59,3228,8,59
"941","2020-05-23",108,11,197,359,4123,0.386611690516614,0,0,324,787,31,4527,42,3270,15,42
"942","2020-05-24",114,11,194,343,4123,0.386611690516614,0,0,324,787,19,4546,66,3336,7,66
"943","2020-05-25",102,11,179,340,4123,0.386611690516614,0,0,324,787,18,4564,56,3392,10,56
"944","2020-05-26",103,11,198,333,4123,0.386611690516614,0,0,324,787,18,4582,74,3466,4,74
"945","2020-05-27",95,11,197,330,4123,0.386611690516614,0,0,324,787,22,4604,53,3519,6,53
"946","2020-05-28",96,11,213,313,4123,0.386611690516614,0,0,324,787,17,4621,50,3569,5,50
"947","2020-05-29",93,11,199,307,4123,0.386611690516614,0,0,324,787,23,4644,39,3608,11,39
"948","2020-05-30",86,11,173,286,4123,0.386611690516614,0,0,324,787,22,4666,40,3648,12,40
"949","2020-05-31",81,11,149,281,4123,0.386611690516614,0,0,324,787,16,4682,28,3676,5,28
"950","2020-06-01",81,11,135,259,4123,0.386611690516614,0,0,324,787,15,4697,38,3714,5,38
"951","2020-06-02",76,11,122,254,4123,0.386611690516614,0,0,324,787,19,4716,47,3761,5,47
"952","2020-06-03",78,11,129,238,4123,0.386611690516614,0,0,324,787,23,4739,33,3794,8,33
"953","2020-06-04",78,11,137,224,4123,0.386611690516614,0,0,324,787,21,4760,40,3834,6,40
"954","2020-06-05",78,11,153,216,4123,0.386611690516614,0,0,324,787,11,4771,31,3865,5,31
"955","2020-06-06",74,11,169,199,4123,0.386611690516614,0,0,324,787,13,4784,53,3918,5,53
"956","2020-06-07",69,11,177,197,4123,0.386611690516614,0,0,324,787,15,4799,38,3956,4,38
"957","2020-03-12",2,12,38,71,4322,0.290606200832948,0,0,321,606,19,43,18,49,4,18
"958","2020-03-13",6,12,56,111,4322,0.290606200832948,0,0,321,606,25,68,7,56,9,7
"959","2020-03-14",9,12,62,154,4322,0.290606200832948,0,0,321,606,31,99,4,60,11,4
"960","2020-03-15",12,12,80,189,4322,0.290606200832948,0,0,321,606,41,140,8,68,22,8
"961","2020-03-16",20,12,94,236,4322,0.290606200832948,0,0,321,606,25,165,27,95,14,27
"962","2020-03-17",30,12,99,274,4322,0.290606200832948,0,0,321,606,40,205,10,105,21,10
"963","2020-03-18",39,12,104,325,4322,0.290606200832948,0,0,321,606,35,240,10,115,23,10
"964","2020-03-19",49,12,113,383,4322,0.290606200832948,0,0,321,606,28,268,3,118,17,3
"965","2020-03-20",60,12,100,420,4322,0.290606200832948,0,0,321,606,56,324,1,119,35,1
"966","2020-03-21",68,12,97,465,4322,0.290606200832948,0,0,321,606,47,371,5,124,33,5
"967","2020-03-22",94,12,95,503,4322,0.290606200832948,0,0,321,606,52,423,12,136,34,12
"968","2020-03-23",107,12,102,533,4322,0.290606200832948,0,0,321,606,64,487,24,160,45,24
"969","2020-03-24",120,12,103,547,4322,0.290606200832948,0,0,321,606,71,558,33,193,51,33
"970","2020-03-25",136,12,102,567,4322,0.290606200832948,0,0,321,606,54,612,22,215,41,22
"971","2020-03-26",150,12,120,576,4322,0.290606200832948,0,0,321,606,72,684,28,243,55,28
"972","2020-03-27",154,12,121,588,4322,0.290606200832948,0,0,321,606,78,762,38,281,55,38
"973","2020-03-28",164,12,125,623,4322,0.290606200832948,0,0,321,606,84,846,11,292,62,11
"974","2020-03-29",157,12,116,659,4322,0.290606200832948,0,0,321,606,76,922,11,303,54,11
"975","2020-03-30",157,12,107,668,4322,0.290606200832948,0,0,321,606,87,1009,16,319,69,16
"976","2020-03-31",158,12,115,656,4322,0.290606200832948,0,0,321,606,93,1102,34,353,74,34
"977","2020-04-01",161,12,156,662,4322,0.290606200832948,0,0,321,606,93,1195,14,367,72,14
"978","2020-04-02",160,12,165,672,4322,0.290606200832948,0,0,321,606,90,1285,54,421,73,54
"979","2020-04-03",169,12,182,675,4322,0.290606200832948,0,0,321,606,90,1375,28,449,76,28
"980","2020-04-04",171,12,194,661,4322,0.290606200832948,0,0,321,606,69,1444,11,460,56,11
"981","2020-04-05",177,12,184,639,4322,0.290606200832948,0,0,321,606,81,1525,6,466,55,6
"982","2020-04-06",182,12,159,648,4322,0.290606200832948,0,0,321,606,81,1606,12,478,59,12
"983","2020-04-07",188,12,180,653,4322,0.290606200832948,0,0,321,606,92,1698,38,516,62,38
"984","2020-04-08",189,12,198,659,4322,0.290606200832948,0,0,321,606,78,1776,56,572,57,56
"985","2020-04-09",191,12,213,655,4322,0.290606200832948,0,0,321,606,88,1864,62,634,69,62
"986","2020-04-10",181,12,197,650,4322,0.290606200832948,0,0,321,606,96,1960,56,690,71,56
"987","2020-04-11",186,12,205,643,4322,0.290606200832948,0,0,321,606,89,2049,35,725,71,35
"988","2020-04-12",181,12,199,650,4322,0.290606200832948,0,0,321,606,86,2135,21,746,64,21
"989","2020-04-13",188,12,184,663,4322,0.290606200832948,0,0,321,606,73,2208,25,771,61,25
"990","2020-04-14",191,12,179,658,4322,0.290606200832948,0,0,321,606,82,2290,49,820,62,49
"991","2020-04-15",192,12,174,639,4322,0.290606200832948,0,0,321,606,84,2374,49,869,61,49
"992","2020-04-16",184,12,194,639,4322,0.290606200832948,0,0,321,606,72,2446,29,898,56,29
"993","2020-04-17",192,12,213,647,4322,0.290606200832948,0,0,321,606,59,2505,20,918,48,20
"994","2020-04-18",191,12,200,645,4322,0.290606200832948,0,0,321,606,72,2577,30,948,48,30
"995","2020-04-19",194,12,209,644,4322,0.290606200832948,0,0,321,606,72,2649,49,997,57,49
"996","2020-04-20",182,12,220,637,4322,0.290606200832948,0,0,321,606,83,2732,26,1023,62,26
"997","2020-04-21",172,12,204,641,4322,0.290606200832948,0,0,321,606,70,2802,26,1049,50,26
"998","2020-04-22",165,12,198,640,4322,0.290606200832948,0,0,321,606,64,2866,24,1073,48,24
"999","2020-04-23",177,12,213,640,4322,0.290606200832948,0,0,321,606,58,2924,17,1090,38,17
"1000","2020-04-24",176,12,214,639,4322,0.290606200832948,0,0,321,606,68,2992,23,1113,47,23
"1001","2020-04-25",168,12,218,644,4322,0.290606200832948,0,0,321,606,67,3059,17,1130,44,17
"1002","2020-04-26",170,12,236,616,4322,0.290606200832948,0,0,321,606,72,3131,21,1151,58,21
"1003","2020-04-27",176,12,227,618,4322,0.290606200832948,0,0,321,606,61,3192,40,1191,45,40
"1004","2020-04-28",174,12,234,606,4322,0.290606200832948,0,0,321,606,70,3262,26,1217,46,26
"1005","2020-04-29",187,12,249,584,4322,0.290606200832948,0,0,321,606,61,3323,42,1259,46,42
"1006","2020-04-30",174,12,245,578,4322,0.290606200832948,0,0,321,606,51,3374,63,1322,37,63
"1007","2020-05-01",162,12,237,594,4322,0.290606200832948,0,0,321,606,52,3426,46,1368,45,46
"1008","2020-05-02",167,12,208,591,4322,0.290606200832948,0,0,321,606,65,3491,22,1390,47,22
"1009","2020-05-03",149,12,197,594,4322,0.290606200832948,0,0,321,606,47,3538,29,1419,31,29
"1010","2020-05-04",145,12,178,580,4322,0.290606200832948,0,0,321,606,39,3577,50,1469,27,50
"1011","2020-05-05",153,12,175,582,4322,0.290606200832948,0,0,321,606,55,3632,56,1525,38,56
"1012","2020-05-06",137,12,183,585,4322,0.290606200832948,0,0,321,606,43,3675,38,1563,30,38
"1013","2020-05-07",142,12,166,570,4322,0.290606200832948,0,0,321,606,30,3705,53,1616,25,53
"1014","2020-05-08",162,12,171,568,4322,0.290606200832948,0,0,321,606,51,3756,17,1633,36,17
"1015","2020-05-09",164,12,165,565,4322,0.290606200832948,0,0,321,606,43,3799,13,1646,27,13
"1016","2020-05-10",177,12,164,565,4322,0.290606200832948,0,0,321,606,39,3838,15,1661,27,15
"1017","2020-05-11",174,12,154,553,4322,0.290606200832948,0,0,321,606,58,3896,21,1682,39,21
"1018","2020-05-12",171,12,153,545,4322,0.290606200832948,0,0,321,606,38,3934,55,1737,27,55
"1019","2020-05-13",164,12,173,534,4322,0.290606200832948,0,0,321,606,41,3975,30,1767,26,30
"1020","2020-05-14",168,12,172,529,4322,0.290606200832948,0,0,321,606,40,4015,27,1794,30,27
"1021","2020-05-15",164,12,195,490,4322,0.290606200832948,0,0,321,606,33,4048,23,1817,24,23
"1022","2020-05-16",158,12,190,473,4322,0.290606200832948,0,0,321,606,25,4073,14,1831,19,14
"1023","2020-05-17",159,12,201,455,4322,0.290606200832948,0,0,321,606,50,4123,39,1870,35,39
"1024","2020-05-18",150,12,205,449,4322,0.290606200832948,0,0,321,606,40,4163,34,1904,28,34
"1025","2020-05-19",136,12,177,447,4322,0.290606200832948,0,0,321,606,32,4195,39,1943,22,39
"1026","2020-05-20",143,12,169,428,4322,0.290606200832948,0,0,321,606,18,4213,35,1978,10,35
"1027","2020-05-21",133,12,181,398,4322,0.290606200832948,0,0,321,606,28,4241,26,2004,17,26
"1028","2020-05-22",117,12,193,384,4322,0.290606200832948,0,0,321,606,33,4274,23,2027,20,23
"1029","2020-05-23",112,12,205,368,4322,0.290606200832948,0,0,321,606,27,4301,36,2063,14,36
"1030","2020-05-24",107,12,208,353,4322,0.290606200832948,0,0,321,606,19,4320,26,2089,11,26
"1031","2020-05-25",111,12,211,338,4322,0.290606200832948,0,0,321,606,35,4355,41,2130,25,41
"1032","2020-05-26",109,12,245,314,4322,0.290606200832948,0,0,321,606,26,4381,44,2174,19,44
"1033","2020-05-27",100,12,242,293,4322,0.290606200832948,0,0,321,606,30,4411,35,2209,22,35
"1034","2020-05-28",91,12,237,270,4322,0.290606200832948,0,0,321,606,27,4438,39,2248,17,39
"1035","2020-05-29",88,12,230,264,4322,0.290606200832948,0,0,321,606,16,4454,31,2279,9,31
"1036","2020-05-30",84,12,231,250,4322,0.290606200832948,0,0,321,606,20,4474,41,2320,13,41
"1037","2020-05-31",72,12,214,246,4322,0.290606200832948,0,0,321,606,16,4490,38,2358,12,38
"1038","2020-06-01",66,12,189,238,4322,0.290606200832948,0,0,321,606,18,4508,31,2389,15,31
"1039","2020-06-02",65,12,182,234,4322,0.290606200832948,0,0,321,606,13,4521,19,2408,10,19
"1040","2020-06-03",69,12,181,230,4322,0.290606200832948,0,0,321,606,17,4538,25,2433,15,25
"1041","2020-06-04",71,12,176,222,4322,0.290606200832948,0,0,321,606,12,4550,29,2462,6,29
"1042","2020-06-05",71,12,152,218,4322,0.290606200832948,0,0,321,606,15,4565,22,2484,8,22
"1043","2020-06-06",69,12,157,213,4322,0.290606200832948,0,0,321,606,10,4575,14,2498,5,14
"1044","2020-06-07",73,12,148,207,4322,0.290606200832948,0,0,321,606,13,4588,18,2516,7,18
"1045","2020-03-14",1,13,51,50,2186,0.517383348581885,0,0,203,561,21,90,12,33,3,12
"1046","2020-03-15",2,13,60,67,2186,0.517383348581885,0,0,203,561,30,120,8,41,5,8
"1047","2020-03-16",3,13,66,86,2186,0.517383348581885,0,0,203,561,32,152,9,50,3,9
"1048","2020-03-17",5,13,66,100,2186,0.517383348581885,0,0,203,561,26,178,13,63,13,13
"1049","2020-03-18",8,13,65,120,2186,0.517383348581885,0,0,203,561,39,217,17,80,19,17
"1050","2020-03-19",15,13,70,140,2186,0.517383348581885,0,0,203,561,46,263,12,92,18,12
"1051","2020-03-20",20,13,73,163,2186,0.517383348581885,0,0,203,561,46,309,11,103,27,11
"1052","2020-03-21",25,13,86,191,2186,0.517383348581885,0,0,203,561,50,359,3,106,24,3
"1053","2020-03-22",36,13,78,214,2186,0.517383348581885,0,0,203,561,43,402,8,114,19,8
"1054","2020-03-23",51,13,73,237,2186,0.517383348581885,0,0,203,561,45,447,7,121,24,7
"1055","2020-03-24",55,13,95,261,2186,0.517383348581885,0,0,203,561,50,497,8,129,26,8
"1056","2020-03-25",57,13,107,277,2186,0.517383348581885,0,0,203,561,58,555,7,136,34,7
"1057","2020-03-26",59,13,114,305,2186,0.517383348581885,0,0,203,561,62,617,7,143,30,7
"1058","2020-03-27",65,13,125,319,2186,0.517383348581885,0,0,203,561,52,669,17,160,29,17
"1059","2020-03-28",70,13,132,341,2186,0.517383348581885,0,0,203,561,64,733,20,180,35,20
"1060","2020-03-29",71,13,141,362,2186,0.517383348581885,0,0,203,561,56,789,10,190,33,10
"1061","2020-03-30",64,13,145,373,2186,0.517383348581885,0,0,203,561,63,852,23,213,35,23
"1062","2020-03-31",70,13,159,386,2186,0.517383348581885,0,0,203,561,69,921,16,229,42,16
"1063","2020-04-01",79,13,176,393,2186,0.517383348581885,0,0,203,561,62,983,16,245,32,16
"1064","2020-04-02",88,13,189,385,2186,0.517383348581885,0,0,203,561,56,1039,17,262,31,17
"1065","2020-04-03",101,13,184,384,2186,0.517383348581885,0,0,203,561,53,1092,28,290,28,28
"1066","2020-04-04",106,13,177,383,2186,0.517383348581885,0,0,203,561,89,1181,18,308,61,18
"1067","2020-04-05",108,13,152,365,2186,0.517383348581885,0,0,203,561,56,1237,28,336,38,28
"1068","2020-04-06",117,13,156,354,2186,0.517383348581885,0,0,203,561,70,1307,26,362,41,26
"1069","2020-04-07",117,13,159,347,2186,0.517383348581885,0,0,203,561,65,1372,29,391,41,29
"1070","2020-04-08",119,13,180,349,2186,0.517383348581885,0,0,203,561,78,1450,22,413,36,22
"1071","2020-04-09",111,13,172,328,2186,0.517383348581885,0,0,203,561,78,1528,21,434,44,21
"1072","2020-04-10",101,13,182,318,2186,0.517383348581885,0,0,203,561,71,1599,21,455,47,21
"1073","2020-04-11",102,13,204,317,2186,0.517383348581885,0,0,203,561,71,1670,32,487,45,32
"1074","2020-04-12",103,13,197,317,2186,0.517383348581885,0,0,203,561,64,1734,33,520,37,33
"1075","2020-04-13",100,13,186,306,2186,0.517383348581885,0,0,203,561,69,1803,25,545,35,25
"1076","2020-04-14",99,13,203,301,2186,0.517383348581885,0,0,203,561,54,1857,19,564,24,19
"1077","2020-04-15",98,13,202,299,2186,0.517383348581885,0,0,203,561,44,1901,29,593,19,29
"1078","2020-04-16",97,13,188,292,2186,0.517383348581885,0,0,203,561,50,1951,22,615,22,22
"1079","2020-04-17",99,13,183,291,2186,0.517383348581885,0,0,203,561,49,2000,13,628,23,13
"1080","2020-04-18",100,13,199,291,2186,0.517383348581885,0,0,203,561,59,2059,23,651,28,23
"1081","2020-04-19",92,13,240,314,2186,0.517383348581885,0,0,203,561,68,2127,13,664,30,13
"1082","2020-04-20",88,13,224,303,2186,0.517383348581885,0,0,203,561,51,2178,16,680,27,16
"1083","2020-04-21",96,13,211,291,2186,0.517383348581885,0,0,203,561,57,2235,31,711,28,31
"1084","2020-04-22",93,13,219,297,2186,0.517383348581885,0,0,203,561,56,2291,37,748,22,37
"1085","2020-04-23",95,13,211,296,2186,0.517383348581885,0,0,203,561,41,2332,21,769,13,21
"1086","2020-04-24",92,13,209,281,2186,0.517383348581885,0,0,203,561,49,2381,18,787,20,18
"1087","2020-04-25",87,13,208,276,2186,0.517383348581885,0,0,203,561,37,2418,26,813,12,26
"1088","2020-04-26",97,13,195,296,2186,0.517383348581885,0,0,203,561,54,2472,24,837,28,24
"1089","2020-04-27",93,13,188,308,2186,0.517383348581885,0,0,203,561,50,2522,14,851,19,14
"1090","2020-04-28",84,13,203,306,2186,0.517383348581885,0,0,203,561,48,2570,11,862,15,11
"1091","2020-04-29",80,13,233,305,2186,0.517383348581885,0,0,203,561,53,2623,18,880,13,18
"1092","2020-04-30",82,13,221,311,2186,0.517383348581885,0,0,203,561,45,2668,19,899,17,19
"1093","2020-05-01",80,13,214,298,2186,0.517383348581885,0,0,203,561,37,2705,22,921,15,22
"1094","2020-05-02",75,13,221,290,2186,0.517383348581885,0,0,203,561,38,2743,14,935,19,14
"1095","2020-05-03",67,13,241,298,2186,0.517383348581885,0,0,203,561,31,2774,21,956,13,21
"1096","2020-05-04",70,13,227,301,2186,0.517383348581885,0,0,203,561,38,2812,13,969,16,13
"1097","2020-05-05",75,13,243,303,2186,0.517383348581885,0,0,203,561,49,2861,18,987,17,18
"1098","2020-05-06",86,13,253,294,2186,0.517383348581885,0,0,203,561,49,2910,19,1006,22,19
"1099","2020-05-07",89,13,243,293,2186,0.517383348581885,0,0,203,561,38,2948,32,1038,18,32
"1100","2020-05-08",91,13,244,285,2186,0.517383348581885,0,0,203,561,51,2999,43,1081,15,43
"1101","2020-05-09",105,13,256,283,2186,0.517383348581885,0,0,203,561,33,3032,16,1097,12,16
"1102","2020-05-10",110,13,258,290,2186,0.517383348581885,0,0,203,561,35,3067,16,1113,11,16
"1103","2020-05-11",111,13,262,275,2186,0.517383348581885,0,0,203,561,26,3093,29,1142,13,29
"1104","2020-05-12",103,13,266,260,2186,0.517383348581885,0,0,203,561,30,3123,18,1160,11,18
"1105","2020-05-13",91,13,261,245,2186,0.517383348581885,0,0,203,561,46,3169,17,1177,18,17
"1106","2020-05-14",87,13,258,240,2186,0.517383348581885,0,0,203,561,31,3200,27,1204,9,27
"1107","2020-05-15",81,13,266,233,2186,0.517383348581885,0,0,203,561,35,3235,24,1228,13,24
"1108","2020-05-16",65,13,279,233,2186,0.517383348581885,0,0,203,561,31,3266,30,1258,15,30
"1109","2020-05-17",56,13,283,226,2186,0.517383348581885,0,0,203,561,30,3296,19,1277,16,19
"1110","2020-05-18",51,13,266,229,2186,0.517383348581885,0,0,203,561,28,3324,41,1318,12,41
"1111","2020-05-19",58,13,258,229,2186,0.517383348581885,0,0,203,561,30,3354,37,1355,14,37
"1112","2020-05-20",65,13,265,230,2186,0.517383348581885,0,0,203,561,30,3384,45,1400,12,45
"1113","2020-05-21",59,13,265,222,2186,0.517383348581885,0,0,203,561,25,3409,33,1433,9,33
"1114","2020-05-22",61,13,261,227,2186,0.517383348581885,0,0,203,561,19,3428,15,1448,5,15
"1115","2020-05-23",63,13,252,223,2186,0.517383348581885,0,0,203,561,31,3459,14,1462,11,14
"1116","2020-05-24",75,13,274,218,2186,0.517383348581885,0,0,203,561,26,3485,12,1474,12,12
"1117","2020-05-25",76,13,264,216,2186,0.517383348581885,0,0,203,561,18,3503,17,1491,5,17
"1118","2020-05-26",71,13,266,211,2186,0.517383348581885,0,0,203,561,25,3528,12,1503,5,12
"1119","2020-05-27",63,13,267,207,2186,0.517383348581885,0,0,203,561,25,3553,12,1515,8,12
"1120","2020-05-28",65,13,243,202,2186,0.517383348581885,0,0,203,561,25,3578,5,1520,12,5
"1121","2020-05-29",65,13,227,190,2186,0.517383348581885,0,0,203,561,20,3598,10,1530,5,10
"1122","2020-05-30",65,13,222,178,2186,0.517383348581885,0,0,203,561,21,3619,6,1536,12,6
"1123","2020-05-31",57,13,217,181,2186,0.517383348581885,0,0,203,561,14,3633,3,1539,8,3
"1124","2020-06-01",59,13,213,181,2186,0.517383348581885,0,0,203,561,32,3665,11,1550,16,11
"1125","2020-06-02",57,13,221,185,2186,0.517383348581885,0,0,203,561,17,3682,12,1562,7,12
"1126","2020-06-03",60,13,217,186,2186,0.517383348581885,0,0,203,561,22,3704,20,1582,10,20
"1127","2020-06-04",58,13,220,185,2186,0.517383348581885,0,0,203,561,20,3724,5,1587,11,5
"1128","2020-06-05",58,13,215,175,2186,0.517383348581885,0,0,203,561,17,3741,2,1589,11,2
"1129","2020-06-06",58,13,208,181,2186,0.517383348581885,0,0,203,561,10,3751,6,1595,5,6
"1130","2020-06-07",59,13,199,171,2186,0.517383348581885,0,0,203,561,15,3766,17,1612,9,17
"1131","2020-03-13",1,14,58,62,6396,0.879299562226391,0,0,504,719,33,87,6,45,8,6
"1132","2020-03-14",3,14,71,90,6396,0.879299562226391,0,0,504,719,39,126,5,50,18,5
"1133","2020-03-15",4,14,85,123,6396,0.879299562226391,0,0,504,719,52,178,3,53,34,3
"1134","2020-03-16",7,14,102,159,6396,0.879299562226391,0,0,504,719,52,230,7,60,37,7
"1135","2020-03-17",15,14,104,194,6396,0.879299562226391,0,0,504,719,68,298,9,69,48,9
"1136","2020-03-18",27,14,108,245,6396,0.879299562226391,0,0,504,719,73,371,31,100,52,31
"1137","2020-03-19",39,14,118,302,6396,0.879299562226391,0,0,504,719,98,469,26,126,83,26
"1138","2020-03-20",53,14,123,345,6396,0.879299562226391,0,0,504,719,133,602,28,154,114,28
"1139","2020-03-21",59,14,151,412,6396,0.879299562226391,0,0,504,719,160,762,15,169,142,15
"1140","2020-03-22",77,14,148,487,6396,0.879299562226391,0,0,504,719,205,967,12,181,183,12
"1141","2020-03-23",91,14,153,542,6396,0.879299562226391,0,0,504,719,174,1141,38,219,160,38
"1142","2020-03-24",108,14,148,612,6396,0.879299562226391,0,0,504,719,248,1389,44,263,236,44
"1143","2020-03-25",119,14,145,684,6396,0.879299562226391,0,0,504,719,327,1716,28,291,311,28
"1144","2020-03-26",134,14,135,769,6396,0.879299562226391,0,0,504,719,375,2091,28,319,354,28
"1145","2020-03-27",149,14,135,856,6396,0.879299562226391,0,0,504,719,385,2476,12,331,369,12
"1146","2020-03-28",168,14,132,933,6396,0.879299562226391,0,0,504,719,490,2966,43,374,478,43
"1147","2020-03-29",184,14,142,1012,6396,0.879299562226391,0,0,504,719,464,3430,44,418,449,44
"1148","2020-03-30",207,14,163,1092,6396,0.879299562226391,0,0,504,719,441,3871,61,479,427,61
"1149","2020-03-31",227,14,180,1191,6396,0.879299562226391,0,0,504,719,489,4360,55,534,482,55
"1150","2020-04-01",252,14,187,1260,6396,0.879299562226391,0,0,504,719,639,4999,28,562,629,28
"1151","2020-04-02",281,14,173,1365,6396,0.879299562226391,0,0,504,719,398,5397,23,585,387,23
"1152","2020-04-03",304,14,180,1470,6396,0.879299562226391,0,0,504,719,409,5806,16,601,405,16
"1153","2020-04-04",338,14,198,1498,6396,0.879299562226391,0,0,504,719,317,6123,51,652,311,51
"1154","2020-04-05",357,14,199,1553,6396,0.879299562226391,0,0,504,719,295,6418,44,696,289,44
"1155","2020-04-06",379,14,193,1636,6396,0.879299562226391,0,0,504,719,244,6662,35,731,238,35
"1156","2020-04-07",382,14,219,1704,6396,0.879299562226391,0,0,504,719,243,6905,19,750,236,19
"1157","2020-04-08",392,14,235,1794,6396,0.879299562226391,0,0,504,719,174,7079,23,773,172,23
"1158","2020-04-09",429,14,259,1817,6396,0.879299562226391,0,0,504,719,137,7216,31,804,133,31
"1159","2020-04-10",448,14,246,1840,6396,0.879299562226391,0,0,504,719,92,7308,56,860,90,56
"1160","2020-04-11",456,14,242,1867,6396,0.879299562226391,0,0,504,719,81,7389,34,894,81,34
"1161","2020-04-12",482,14,233,1870,6396,0.879299562226391,0,0,504,719,61,7450,52,946,58,52
"1162","2020-04-13",487,14,220,1880,6396,0.879299562226391,0,0,504,719,43,7493,39,985,42,39
"1163","2020-04-14",519,14,231,1844,6396,0.879299562226391,0,0,504,719,39,7532,11,996,38,11
"1164","2020-04-15",535,14,251,1784,6396,0.879299562226391,0,0,504,719,17,7549,66,1062,15,66
"1165","2020-04-16",519,14,250,1785,6396,0.879299562226391,0,0,504,719,26,7575,53,1115,25,53
"1166","2020-04-17",514,14,241,1760,6396,0.879299562226391,0,0,504,719,30,7605,32,1147,28,32
"1167","2020-04-18",524,14,242,1714,6396,0.879299562226391,0,0,504,719,23,7628,19,1166,20,19
"1168","2020-04-19",524,14,243,1636,6396,0.879299562226391,0,0,504,719,15,7643,29,1195,14,29
"1169","2020-04-20",525,14,224,1595,6396,0.879299562226391,0,0,504,719,12,7655,22,1217,9,22
"1170","2020-04-21",514,14,213,1513,6396,0.879299562226391,0,0,504,719,4,7659,15,1232,3,15
"1171","2020-04-22",513,14,204,1440,6396,0.879299562226391,0,0,504,719,6,7665,9,1241,6,9
"1172","2020-04-23",487,14,184,1362,6396,0.879299562226391,0,0,504,719,4,7669,8,1249,4,8
"1173","2020-04-24",471,14,190,1284,6396,0.879299562226391,0,0,504,719,5,7674,11,1260,4,11
"1174","2020-04-25",456,14,190,1199,6396,0.879299562226391,0,0,504,719,3,7677,51,1311,3,51
"1175","2020-04-26",431,14,213,1087,6396,0.879299562226391,0,0,504,719,2,7679,52,1363,2,52
"1176","2020-04-27",403,14,227,1018,6396,0.879299562226391,0,0,504,719,3,7682,22,1385,3,22
"1177","2020-04-28",376,14,219,967,6396,0.879299562226391,0,0,504,719,2,7684,30,1415,2,30
"1178","2020-04-29",352,14,242,899,6396,0.879299562226391,0,0,504,719,5,7689,55,1470,4,55
"1179","2020-04-30",332,14,232,841,6396,0.879299562226391,0,0,504,719,1,7690,26,1496,1,26
"1180","2020-05-01",313,14,239,782,6396,0.879299562226391,0,0,504,719,4,7694,15,1511,4,15
"1181","2020-05-02",276,14,222,733,6396,0.879299562226391,0,0,504,719,4,7698,6,1517,4,6
"1182","2020-05-03",244,14,219,666,6396,0.879299562226391,0,0,504,719,1,7699,31,1548,NA,31
"1183","2020-05-04",236,14,218,633,6396,0.879299562226391,0,0,504,719,2,7701,27,1575,1,27
"1184","2020-05-05",212,14,185,589,6396,0.879299562226391,0,0,504,719,2,7703,20,1595,2,20
"1185","2020-05-06",193,14,172,530,6396,0.879299562226391,0,0,504,719,NA,NA,10,1605,NA,10
"1186","2020-05-07",191,14,184,496,6396,0.879299562226391,0,0,504,719,3,7706,25,1630,1,25
"1187","2020-05-08",181,14,178,460,6396,0.879299562226391,0,0,504,719,4,7710,16,1646,NA,16
"1188","2020-05-09",172,14,166,432,6396,0.879299562226391,0,0,504,719,5,7715,4,1650,1,4
"1189","2020-05-10",168,14,170,412,6396,0.879299562226391,0,0,504,719,3,7718,8,1658,NA,8
"1190","2020-05-11",155,14,166,395,6396,0.879299562226391,0,0,504,719,2,7720,12,1670,2,12
"1191","2020-05-12",146,14,165,365,6396,0.879299562226391,0,0,504,719,1,7721,8,1678,1,8
"1192","2020-05-13",131,14,167,350,6396,0.879299562226391,0,0,504,719,NA,NA,9,1687,NA,9
"1193","2020-05-14",112,14,156,330,6396,0.879299562226391,0,0,504,719,NA,NA,6,1693,NA,6
"1194","2020-05-15",108,14,162,301,6396,0.879299562226391,0,0,504,719,2,7723,6,1699,1,6
"1195","2020-05-16",102,14,184,287,6396,0.879299562226391,0,0,504,719,1,7724,25,1724,NA,25
"1196","2020-05-17",93,14,219,262,6396,0.879299562226391,0,0,504,719,3,7727,50,1774,NA,50
"1197","2020-05-18",87,14,222,263,6396,0.879299562226391,0,0,504,719,3,7730,59,1833,1,59
"1198","2020-05-19",93,14,219,245,6396,0.879299562226391,0,0,504,719,3,7733,62,1895,NA,62
"1199","2020-05-20",85,14,228,234,6396,0.879299562226391,0,0,504,719,2,7735,33,1928,2,33
"1200","2020-05-21",82,14,224,220,6396,0.879299562226391,0,0,504,719,1,7736,36,1964,1,36
"1201","2020-05-22",75,14,239,218,6396,0.879299562226391,0,0,504,719,1,7737,37,2001,1,37
"1202","2020-05-23",74,14,225,198,6396,0.879299562226391,0,0,504,719,3,7740,41,2042,3,41
"1203","2020-05-24",67,14,224,193,6396,0.879299562226391,0,0,504,719,3,7743,20,2062,1,20
"1204","2020-05-25",64,14,236,170,6396,0.879299562226391,0,0,504,719,2,7745,33,2095,2,33
"1205","2020-05-26",56,14,221,160,6396,0.879299562226391,0,0,504,719,4,7749,23,2118,2,23
"1206","2020-05-27",55,14,206,152,6396,0.879299562226391,0,0,504,719,1,7750,19,2137,NA,19
"1207","2020-05-28",53,14,207,144,6396,0.879299562226391,0,0,504,719,NA,NA,45,2182,NA,45
"1208","2020-05-29",51,14,195,126,6396,0.879299562226391,0,0,504,719,1,7751,43,2225,NA,43
"1209","2020-05-30",45,14,181,122,6396,0.879299562226391,0,0,504,719,1,7752,27,2252,1,27
"1210","2020-05-31",50,14,176,114,6396,0.879299562226391,0,0,504,719,2,7754,17,2269,1,17
"1211","2020-06-01",45,14,167,116,6396,0.879299562226391,0,0,504,719,1,7755,12,2281,NA,12
"1212","2020-06-02",44,14,157,106,6396,0.879299562226391,0,0,504,719,3,7758,32,2313,3,32
"1213","2020-06-03",38,14,153,101,6396,0.879299562226391,0,0,504,719,2,7760,14,2327,NA,14
"1214","2020-06-04",37,14,156,101,6396,0.879299562226391,0,0,504,719,3,7763,22,2349,3,22
"1215","2020-06-05",31,14,154,100,6396,0.879299562226391,0,0,504,719,1,7764,13,2362,1,13
"1216","2020-06-06",30,14,157,97,6396,0.879299562226391,0,0,504,719,1,7765,23,2385,NA,23
"1217","2020-06-07",27,14,164,95,6396,0.879299562226391,0,0,504,719,NA,NA,17,2402,NA,17
"1218","2020-03-12",1,15,137,96,8656,0.834912199630314,0,0,764,1240,39,75,17,30,1,17
"1219","2020-03-13",3,15,136,147,8656,0.834912199630314,0,0,764,1240,41,116,18,48,4,18
"1220","2020-03-14",8,15,168,244,8656,0.834912199630314,0,0,764,1240,53,169,23,71,3,23
"1221","2020-03-15",15,15,174,355,8656,0.834912199630314,0,0,764,1240,54,223,22,93,14,22
"1222","2020-03-16",22,15,176,484,8656,0.834912199630314,0,0,764,1240,45,268,19,112,7,19
"1223","2020-03-17",37,15,220,654,8656,0.834912199630314,0,0,764,1240,63,331,11,123,14,11
"1224","2020-03-18",61,15,214,861,8656,0.834912199630314,0,0,764,1240,51,382,11,134,11,11
"1225","2020-03-19",92,15,210,1167,8656,0.834912199630314,0,0,764,1240,63,445,10,144,17,10
"1226","2020-03-20",119,15,204,1475,8656,0.834912199630314,0,0,764,1240,86,531,25,169,19,25
"1227","2020-03-21",166,15,233,1862,8656,0.834912199630314,0,0,764,1240,70,601,28,197,26,28
"1228","2020-03-22",227,15,208,2315,8656,0.834912199630314,0,0,764,1240,69,670,29,226,17,29
"1229","2020-03-23",300,15,197,2745,8656,0.834912199630314,0,0,764,1240,72,742,12,238,30,12
"1230","2020-03-24",378,15,217,3315,8656,0.834912199630314,0,0,764,1240,70,812,9,247,19,9
"1231","2020-03-25",445,15,225,3740,8656,0.834912199630314,0,0,764,1240,65,877,34,281,25,34
"1232","2020-03-26",544,15,212,4212,8656,0.834912199630314,0,0,764,1240,55,932,19,300,24,19
"1233","2020-03-27",680,15,194,4503,8656,0.834912199630314,0,0,764,1240,66,998,10,310,26,10
"1234","2020-03-28",818,15,172,4805,8656,0.834912199630314,0,0,764,1240,66,1064,11,321,27,11
"1235","2020-03-29",961,15,153,4976,8656,0.834912199630314,0,0,764,1240,80,1144,15,336,20,15
"1236","2020-03-30",1098,15,136,5006,8656,0.834912199630314,0,0,764,1240,70,1214,26,362,32,26
"1237","2020-03-31",1218,15,118,4959,8656,0.834912199630314,0,0,764,1240,80,1294,16,378,34,16
"1238","2020-04-01",1337,15,102,4731,8656,0.834912199630314,0,0,764,1240,76,1370,5,383,20,5
"1239","2020-04-02",1390,15,116,4476,8656,0.834912199630314,0,0,764,1240,71,1441,11,394,30,11
"1240","2020-04-03",1444,15,172,4146,8656,0.834912199630314,0,0,764,1240,68,1509,15,409,27,15
"1241","2020-04-04",1423,15,177,3741,8656,0.834912199630314,0,0,764,1240,80,1589,6,415,33,6
"1242","2020-04-05",1370,15,158,3381,8656,0.834912199630314,0,0,764,1240,78,1667,9,424,37,9
"1243","2020-04-06",1299,15,138,2987,8656,0.834912199630314,0,0,764,1240,80,1747,21,445,29,21
"1244","2020-04-07",1201,15,129,2578,8656,0.834912199630314,0,0,764,1240,69,1816,22,467,25,22
"1245","2020-04-08",1089,15,155,2203,8656,0.834912199630314,0,0,764,1240,68,1884,12,479,29,12
"1246","2020-04-09",975,15,233,1857,8656,0.834912199630314,0,0,764,1240,70,1954,26,505,25,26
"1247","2020-04-10",819,15,245,1521,8656,0.834912199630314,0,0,764,1240,76,2030,18,523,29,18
"1248","2020-04-11",705,15,293,1265,8656,0.834912199630314,0,0,764,1240,70,2100,23,546,20,23
"1249","2020-04-12",593,15,262,1036,8656,0.834912199630314,0,0,764,1240,72,2172,15,561,32,15
"1250","2020-04-13",488,15,244,845,8656,0.834912199630314,0,0,764,1240,71,2243,30,591,27,30
"1251","2020-04-14",401,15,210,717,8656,0.834912199630314,0,0,764,1240,70,2313,48,639,26,48
"1252","2020-04-15",334,15,194,604,8656,0.834912199630314,0,0,764,1240,68,2381,25,664,22,25
"1253","2020-04-16",284,15,187,488,8656,0.834912199630314,0,0,764,1240,87,2468,27,691,26,27
"1254","2020-04-17",239,15,155,414,8656,0.834912199630314,0,0,764,1240,83,2551,33,724,29,33
"1255","2020-04-18",197,15,166,339,8656,0.834912199630314,0,0,764,1240,57,2608,29,753,19,29
"1256","2020-04-19",162,15,151,294,8656,0.834912199630314,0,0,764,1240,51,2659,28,781,14,28
"1257","2020-04-20",130,15,135,247,8656,0.834912199630314,0,0,764,1240,72,2731,36,817,28,36
"1258","2020-04-21",115,15,144,202,8656,0.834912199630314,0,0,764,1240,74,2805,30,847,20,30
"1259","2020-04-22",91,15,179,172,8656,0.834912199630314,0,0,764,1240,69,2874,17,864,24,17
"1260","2020-04-23",75,15,194,144,8656,0.834912199630314,0,0,764,1240,78,2952,12,876,18,12
"1261","2020-04-24",61,15,249,121,8656,0.834912199630314,0,0,764,1240,71,3023,20,896,24,20
"1262","2020-04-25",50,15,246,106,8656,0.834912199630314,0,0,764,1240,68,3091,25,921,15,25
"1263","2020-04-26",44,15,232,92,8656,0.834912199630314,0,0,764,1240,68,3159,41,962,21,41
"1264","2020-04-27",39,15,217,83,8656,0.834912199630314,0,0,764,1240,56,3215,26,988,14,26
"1265","2020-04-28",29,15,187,78,8656,0.834912199630314,0,0,764,1240,70,3285,17,1005,15,17
"1266","2020-04-29",23,15,177,70,8656,0.834912199630314,0,0,764,1240,64,3349,15,1020,17,15
"1267","2020-04-30",21,15,156,63,8656,0.834912199630314,0,0,764,1240,64,3413,27,1047,22,27
"1268","2020-05-01",21,15,144,59,8656,0.834912199630314,0,0,764,1240,62,3475,21,1068,22,21
"1269","2020-05-02",19,15,150,56,8656,0.834912199630314,0,0,764,1240,41,3516,19,1087,9,19
"1270","2020-05-03",14,15,144,54,8656,0.834912199630314,0,0,764,1240,59,3575,22,1109,18,22
"1271","2020-05-04",12,15,139,58,8656,0.834912199630314,0,0,764,1240,57,3632,45,1154,10,45
"1272","2020-05-05",11,15,159,57,8656,0.834912199630314,0,0,764,1240,38,3670,21,1175,12,21
"1273","2020-05-06",11,15,218,58,8656,0.834912199630314,0,0,764,1240,50,3720,12,1187,15,12
"1274","2020-05-07",11,15,227,56,8656,0.834912199630314,0,0,764,1240,45,3765,16,1203,17,16
"1275","2020-05-08",8,15,205,55,8656,0.834912199630314,0,0,764,1240,50,3815,12,1215,19,12
"1276","2020-05-09",14,15,187,50,8656,0.834912199630314,0,0,764,1240,44,3859,14,1229,15,14
"1277","2020-05-10",16,15,185,48,8656,0.834912199630314,0,0,764,1240,37,3896,30,1259,10,30
"1278","2020-05-11",17,15,172,48,8656,0.834912199630314,0,0,764,1240,47,3943,23,1282,15,23
"1279","2020-05-12",17,15,245,46,8656,0.834912199630314,0,0,764,1240,39,3982,14,1296,6,14
"1280","2020-05-13",17,15,294,41,8656,0.834912199630314,0,0,764,1240,38,4020,13,1309,14,13
"1281","2020-05-14",16,15,348,40,8656,0.834912199630314,0,0,764,1240,46,4066,15,1324,9,15
"1282","2020-05-15",17,15,359,42,8656,0.834912199630314,0,0,764,1240,39,4105,8,1332,5,8
"1283","2020-05-16",12,15,313,39,8656,0.834912199630314,0,0,764,1240,41,4146,10,1342,7,10
"1284","2020-05-17",11,15,277,35,8656,0.834912199630314,0,0,764,1240,47,4193,24,1366,15,24
"1285","2020-05-18",9,15,251,32,8656,0.834912199630314,0,0,764,1240,33,4226,33,1399,10,33
"1286","2020-05-19",8,15,263,30,8656,0.834912199630314,0,0,764,1240,36,4262,33,1432,4,33
"1287","2020-05-20",7,15,288,28,8656,0.834912199630314,0,0,764,1240,40,4302,22,1454,10,22
"1288","2020-05-21",6,15,276,26,8656,0.834912199630314,0,0,764,1240,30,4332,17,1471,13,17
"1289","2020-05-22",5,15,263,29,8656,0.834912199630314,0,0,764,1240,29,4361,20,1491,8,20
"1290","2020-05-23",5,15,224,30,8656,0.834912199630314,0,0,764,1240,33,4394,16,1507,8,16
"1291","2020-05-24",4,15,217,31,8656,0.834912199630314,0,0,764,1240,27,4421,16,1523,5,16
"1292","2020-05-25",6,15,227,31,8656,0.834912199630314,0,0,764,1240,33,4454,33,1556,9,33
"1293","2020-05-26",7,15,229,30,8656,0.834912199630314,0,0,764,1240,26,4480,22,1578,5,22
"1294","2020-05-27",10,15,254,32,8656,0.834912199630314,0,0,764,1240,23,4503,35,1613,2,35
"1295","2020-05-28",11,15,266,29,8656,0.834912199630314,0,0,764,1240,31,4534,33,1646,6,33
"1296","2020-05-29",11,15,278,27,8656,0.834912199630314,0,0,764,1240,15,4549,14,1660,2,14
"1297","2020-05-30",13,15,255,21,8656,0.834912199630314,0,0,764,1240,27,4576,18,1678,7,18
"1298","2020-05-31",14,15,225,21,8656,0.834912199630314,0,0,764,1240,22,4598,18,1696,5,18
"1299","2020-06-01",12,15,218,22,8656,0.834912199630314,0,0,764,1240,21,4619,21,1717,4,21
"1300","2020-06-02",10,15,217,22,8656,0.834912199630314,0,0,764,1240,18,4637,22,1739,4,22
"1301","2020-06-03",8,15,205,23,8656,0.834912199630314,0,0,764,1240,25,4662,14,1753,8,14
"1302","2020-06-04",7,15,189,21,8656,0.834912199630314,0,0,764,1240,23,4685,10,1763,6,10
"1303","2020-06-05",7,15,164,21,8656,0.834912199630314,0,0,764,1240,19,4704,14,1777,7,14
"1304","2020-06-06",4,15,129,18,8656,0.834912199630314,0,0,764,1240,7,4711,21,1798,2,21
"1305","2020-06-07",4,15,111,16,8656,0.834912199630314,0,0,764,1240,9,4720,13,1811,5,13
"1306","2020-03-13",1,16,53,53,3060,0.588888888888889,0,0,258,945,36,99,30,66,10,30
"1307","2020-03-14",5,16,71,68,3060,0.588888888888889,0,0,258,945,41,140,22,88,9,22
"1308","2020-03-15",9,16,96,83,3060,0.588888888888889,0,0,258,945,45,185,16,104,9,16
"1309","2020-03-16",11,16,99,106,3060,0.588888888888889,0,0,258,945,48,233,21,125,13,21
"1310","2020-03-17",14,16,99,123,3060,0.588888888888889,0,0,258,945,45,278,21,146,15,21
"1311","2020-03-18",19,16,129,146,3060,0.588888888888889,0,0,258,945,52,330,26,172,20,26
"1312","2020-03-19",23,16,161,165,3060,0.588888888888889,0,0,258,945,53,383,49,221,19,49
"1313","2020-03-20",28,16,161,181,3060,0.588888888888889,0,0,258,945,53,436,67,288,24,67
"1314","2020-03-21",33,16,157,195,3060,0.588888888888889,0,0,258,945,65,501,53,341,33,53
"1315","2020-03-22",36,16,150,215,3060,0.588888888888889,0,0,258,945,52,553,40,381,22,40
"1316","2020-03-23",39,16,127,239,3060,0.588888888888889,0,0,258,945,57,610,36,417,27,36
"1317","2020-03-24",46,16,166,268,3060,0.588888888888889,0,0,258,945,70,680,59,476,36,59
"1318","2020-03-25",51,16,182,292,3060,0.588888888888889,0,0,258,945,59,739,45,521,27,45
"1319","2020-03-26",55,16,185,319,3060,0.588888888888889,0,0,258,945,68,807,51,572,32,51
"1320","2020-03-27",62,16,172,342,3060,0.588888888888889,0,0,258,945,66,873,46,618,33,46
"1321","2020-03-28",71,16,169,358,3060,0.588888888888889,0,0,258,945,66,939,69,687,35,69
"1322","2020-03-29",76,16,165,378,3060,0.588888888888889,0,0,258,945,87,1026,69,756,49,69
"1323","2020-03-30",85,16,169,385,3060,0.588888888888889,0,0,258,945,62,1088,38,794,32,38
"1324","2020-03-31",97,16,178,408,3060,0.588888888888889,0,0,258,945,53,1141,70,864,27,70
"1325","2020-04-01",107,16,154,428,3060,0.588888888888889,0,0,258,945,54,1195,60,924,22,60
"1326","2020-04-02",117,16,178,430,3060,0.588888888888889,0,0,258,945,62,1257,58,982,26,58
"1327","2020-04-03",118,16,174,443,3060,0.588888888888889,0,0,258,945,58,1315,49,1031,21,49
"1328","2020-04-04",122,16,159,449,3060,0.588888888888889,0,0,258,945,52,1367,30,1061,23,30
"1329","2020-04-05",125,16,153,450,3060,0.588888888888889,0,0,258,945,64,1431,44,1105,24,44
"1330","2020-04-06",128,16,147,460,3060,0.588888888888889,0,0,258,945,59,1490,38,1143,24,38
"1331","2020-04-07",124,16,151,465,3060,0.588888888888889,0,0,258,945,73,1563,28,1171,35,28
"1332","2020-04-08",127,16,178,476,3060,0.588888888888889,0,0,258,945,67,1630,30,1201,34,30
"1333","2020-04-09",127,16,186,491,3060,0.588888888888889,0,0,258,945,66,1696,24,1225,24,24
"1334","2020-04-10",129,16,201,508,3060,0.588888888888889,0,0,258,945,56,1752,26,1251,20,26
"1335","2020-04-11",125,16,209,516,3060,0.588888888888889,0,0,258,945,58,1810,28,1279,25,28
"1336","2020-04-12",136,16,187,511,3060,0.588888888888889,0,0,258,945,57,1867,57,1336,22,57
"1337","2020-04-13",140,16,216,509,3060,0.588888888888889,0,0,258,945,62,1929,32,1368,22,32
"1338","2020-04-14",141,16,243,520,3060,0.588888888888889,0,0,258,945,58,1987,26,1394,19,26
"1339","2020-04-15",137,16,228,522,3060,0.588888888888889,0,0,258,945,58,2045,27,1421,25,27
"1340","2020-04-16",139,16,203,527,3060,0.588888888888889,0,0,258,945,63,2108,33,1454,28,33
"1341","2020-04-17",145,16,199,514,3060,0.588888888888889,0,0,258,945,71,2179,42,1496,26,42
"1342","2020-04-18",152,16,181,506,3060,0.588888888888889,0,0,258,945,62,2241,54,1550,21,54
"1343","2020-04-19",147,16,171,506,3060,0.588888888888889,0,0,258,945,58,2299,37,1587,25,37
"1344","2020-04-20",139,16,177,477,3060,0.588888888888889,0,0,258,945,61,2360,65,1652,24,65
"1345","2020-04-21",138,16,210,475,3060,0.588888888888889,0,0,258,945,56,2416,36,1688,26,36
"1346","2020-04-22",134,16,207,467,3060,0.588888888888889,0,0,258,945,51,2467,31,1719,17,31
"1347","2020-04-23",134,16,195,458,3060,0.588888888888889,0,0,258,945,68,2535,36,1755,37,36
"1348","2020-04-24",124,16,209,453,3060,0.588888888888889,0,0,258,945,64,2599,41,1796,28,41
"1349","2020-04-25",114,16,222,435,3060,0.588888888888889,0,0,258,945,76,2675,64,1860,34,64
"1350","2020-04-26",110,16,232,448,3060,0.588888888888889,0,0,258,945,67,2742,92,1952,30,92
"1351","2020-04-27",114,16,229,450,3060,0.588888888888889,0,0,258,945,45,2787,61,2013,16,61
"1352","2020-04-28",115,16,215,452,3060,0.588888888888889,0,0,258,945,52,2839,52,2065,22,52
"1353","2020-04-29",124,16,192,440,3060,0.588888888888889,0,0,258,945,63,2902,35,2100,26,35
"1354","2020-04-30",120,16,190,448,3060,0.588888888888889,0,0,258,945,62,2964,49,2149,27,49
"1355","2020-05-01",127,16,203,459,3060,0.588888888888889,0,0,258,945,53,3017,73,2222,21,73
"1356","2020-05-02",129,16,206,455,3060,0.588888888888889,0,0,258,945,61,3078,57,2279,24,57
"1357","2020-05-03",126,16,211,459,3060,0.588888888888889,0,0,258,945,55,3133,36,2315,29,36
"1358","2020-05-04",126,16,218,456,3060,0.588888888888889,0,0,258,945,43,3176,48,2363,17,48
"1359","2020-05-05",126,16,208,449,3060,0.588888888888889,0,0,258,945,50,3226,41,2404,17,41
"1360","2020-05-06",116,16,189,430,3060,0.588888888888889,0,0,258,945,50,3276,31,2435,18,31
"1361","2020-05-07",118,16,197,432,3060,0.588888888888889,0,0,258,945,43,3319,29,2464,10,29
"1362","2020-05-08",112,16,214,420,3060,0.588888888888889,0,0,258,945,45,3364,30,2494,18,30
"1363","2020-05-09",112,16,225,413,3060,0.588888888888889,0,0,258,945,41,3405,41,2535,11,41
"1364","2020-05-10",113,16,195,402,3060,0.588888888888889,0,0,258,945,50,3455,69,2604,20,69
"1365","2020-05-11",117,16,197,404,3060,0.588888888888889,0,0,258,945,42,3497,81,2685,19,81
"1366","2020-05-12",121,16,191,399,3060,0.588888888888889,0,0,258,945,33,3530,61,2746,13,61
"1367","2020-05-13",125,16,187,395,3060,0.588888888888889,0,0,258,945,41,3571,40,2786,16,40
"1368","2020-05-14",118,16,166,393,3060,0.588888888888889,0,0,258,945,31,3602,52,2838,9,52
"1369","2020-05-15",117,16,158,387,3060,0.588888888888889,0,0,258,945,45,3647,43,2881,14,43
"1370","2020-05-16",114,16,173,372,3060,0.588888888888889,0,0,258,945,30,3677,54,2935,7,54
"1371","2020-05-17",126,16,165,368,3060,0.588888888888889,0,0,258,945,33,3710,41,2976,10,41
"1372","2020-05-18",114,16,179,363,3060,0.588888888888889,0,0,258,945,33,3743,38,3014,14,38
"1373","2020-05-19",111,16,191,357,3060,0.588888888888889,0,0,258,945,32,3775,52,3066,15,52
"1374","2020-05-20",111,16,178,357,3060,0.588888888888889,0,0,258,945,34,3809,41,3107,9,41
"1375","2020-05-21",115,16,169,355,3060,0.588888888888889,0,0,258,945,33,3842,35,3142,15,35
"1376","2020-05-22",119,16,157,354,3060,0.588888888888889,0,0,258,945,31,3873,49,3191,14,49
"1377","2020-05-23",126,16,148,334,3060,0.588888888888889,0,0,258,945,24,3897,37,3228,8,37
"1378","2020-05-24",116,16,152,321,3060,0.588888888888889,0,0,258,945,20,3917,54,3282,10,54
"1379","2020-05-25",123,16,155,318,3060,0.588888888888889,0,0,258,945,26,3943,36,3318,10,36
"1380","2020-05-26",111,16,153,308,3060,0.588888888888889,0,0,258,945,21,3964,42,3360,10,42
"1381","2020-05-27",104,16,156,290,3060,0.588888888888889,0,0,258,945,14,3978,45,3405,6,45
"1382","2020-05-28",102,16,140,285,3060,0.588888888888889,0,0,258,945,23,4001,34,3439,7,34
"1383","2020-05-29",94,16,156,282,3060,0.588888888888889,0,0,258,945,14,4015,55,3494,6,55
"1384","2020-05-30",88,16,174,273,3060,0.588888888888889,0,0,258,945,15,4030,32,3526,6,32
"1385","2020-05-31",79,16,173,268,3060,0.588888888888889,0,0,258,945,18,4048,46,3572,8,46
"1386","2020-06-01",77,16,172,270,3060,0.588888888888889,0,0,258,945,23,4071,41,3613,3,41
"1387","2020-06-02",81,16,182,261,3060,0.588888888888889,0,0,258,945,16,4087,54,3667,6,54
"1388","2020-06-03",74,16,182,245,3060,0.588888888888889,0,0,258,945,20,4107,52,3719,12,52
"1389","2020-06-04",72,16,182,220,3060,0.588888888888889,0,0,258,945,18,4125,40,3759,11,40
"1390","2020-06-05",70,16,163,204,3060,0.588888888888889,0,0,258,945,28,4153,34,3793,10,34
"1391","2020-06-06",67,16,164,200,3060,0.588888888888889,0,0,258,945,17,4170,39,3832,8,39
"1392","2020-06-07",68,16,151,190,3060,0.588888888888889,0,0,258,945,11,4181,43,3875,2,43
"1393","2020-03-14",1,17,48,92,3548,0.318489289740699,0,0,283,790,12,37,1,19,7,1
"1394","2020-03-15",2,17,67,124,3548,0.318489289740699,0,0,283,790,18,55,31,50,12,31
"1395","2020-03-16",10,17,81,167,3548,0.318489289740699,0,0,283,790,18,73,32,82,16,32
"1396","2020-03-17",15,17,95,204,3548,0.318489289740699,0,0,283,790,24,97,21,103,22,21
"1397","2020-03-18",20,17,126,242,3548,0.318489289740699,0,0,283,790,31,128,10,113,28,10
"1398","2020-03-19",24,17,119,263,3548,0.318489289740699,0,0,283,790,41,169,16,129,39,16
"1399","2020-03-20",33,17,115,309,3548,0.318489289740699,0,0,283,790,49,218,26,155,42,26
"1400","2020-03-21",40,17,117,348,3548,0.318489289740699,0,0,283,790,60,278,31,186,55,31
"1401","2020-03-22",50,17,137,380,3548,0.318489289740699,0,0,283,790,79,357,45,231,78,45
"1402","2020-03-23",54,17,151,389,3548,0.318489289740699,0,0,283,790,79,436,43,274,73,43
"1403","2020-03-24",62,17,141,398,3548,0.318489289740699,0,0,283,790,116,552,52,326,110,52
"1404","2020-03-25",81,17,137,421,3548,0.318489289740699,0,0,283,790,128,680,36,362,122,36
"1405","2020-03-26",95,17,140,436,3548,0.318489289740699,0,0,283,790,131,811,26,388,126,26
"1406","2020-03-27",102,17,127,442,3548,0.318489289740699,0,0,283,790,197,1008,34,422,189,34
"1407","2020-03-28",110,17,126,442,3548,0.318489289740699,0,0,283,790,193,1201,45,467,187,45
"1408","2020-03-29",114,17,126,452,3548,0.318489289740699,0,0,283,790,230,1431,47,514,225,47
"1409","2020-03-30",117,17,124,462,3548,0.318489289740699,0,0,283,790,286,1717,14,528,286,14
"1410","2020-03-31",117,17,157,476,3548,0.318489289740699,0,0,283,790,335,2052,31,559,330,31
"1411","2020-04-01",116,17,175,480,3548,0.318489289740699,0,0,283,790,309,2361,40,599,302,40
"1412","2020-04-02",123,17,159,482,3548,0.318489289740699,0,0,283,790,347,2708,45,644,346,45
"1413","2020-04-03",127,17,126,488,3548,0.318489289740699,0,0,283,790,331,3039,30,674,329,30
"1414","2020-04-04",129,17,145,504,3548,0.318489289740699,0,0,283,790,376,3415,39,713,374,39
"1415","2020-04-05",133,17,138,517,3548,0.318489289740699,0,0,283,790,380,3795,27,740,377,27
"1416","2020-04-06",140,17,122,543,3548,0.318489289740699,0,0,283,790,378,4173,52,792,375,52
"1417","2020-04-07",152,17,113,565,3548,0.318489289740699,0,0,283,790,407,4580,30,822,403,30
"1418","2020-04-08",145,17,111,565,3548,0.318489289740699,0,0,283,790,385,4965,25,847,381,25
"1419","2020-04-09",142,17,143,568,3548,0.318489289740699,0,0,283,790,287,5252,14,861,283,14
"1420","2020-04-10",146,17,145,559,3548,0.318489289740699,0,0,283,790,311,5563,7,868,311,7
"1421","2020-04-11",150,17,127,566,3548,0.318489289740699,0,0,283,790,233,5796,5,873,232,5
"1422","2020-04-12",152,17,165,566,3548,0.318489289740699,0,0,283,790,238,6034,56,929,236,56
"1423","2020-04-13",147,17,189,582,3548,0.318489289740699,0,0,283,790,189,6223,32,961,189,32
"1424","2020-04-14",150,17,178,571,3548,0.318489289740699,0,0,283,790,148,6371,25,986,146,25
"1425","2020-04-15",163,17,184,566,3548,0.318489289740699,0,0,283,790,142,6513,51,1037,140,51
"1426","2020-04-16",164,17,187,574,3548,0.318489289740699,0,0,283,790,124,6637,38,1075,124,38
"1427","2020-04-17",165,17,208,584,3548,0.318489289740699,0,0,283,790,83,6720,15,1090,79,15
"1428","2020-04-18",166,17,213,579,3548,0.318489289740699,0,0,283,790,77,6797,37,1127,77,37
"1429","2020-04-19",167,17,181,561,3548,0.318489289740699,0,0,283,790,65,6862,28,1155,63,28
"1430","2020-04-20",167,17,163,568,3548,0.318489289740699,0,0,283,790,64,6926,20,1175,64,20
"1431","2020-04-21",162,17,162,558,3548,0.318489289740699,0,0,283,790,45,6971,48,1223,44,48
"1432","2020-04-22",159,17,214,561,3548,0.318489289740699,0,0,283,790,47,7018,26,1249,42,26
"1433","2020-04-23",153,17,239,556,3548,0.318489289740699,0,0,283,790,29,7047,21,1270,28,21
"1434","2020-04-24",158,17,219,542,3548,0.318489289740699,0,0,283,790,26,7073,8,1278,24,8
"1435","2020-04-25",157,17,210,557,3548,0.318489289740699,0,0,283,790,28,7101,15,1293,26,15
"1436","2020-04-26",156,17,237,538,3548,0.318489289740699,0,0,283,790,23,7124,11,1304,23,11
"1437","2020-04-27",152,17,264,531,3548,0.318489289740699,0,0,283,790,9,7133,4,1308,9,4
"1438","2020-04-28",161,17,267,520,3548,0.318489289740699,0,0,283,790,7,7140,2,1310,7,2
"1439","2020-04-29",156,17,235,517,3548,0.318489289740699,0,0,283,790,11,7151,7,1317,11,7
"1440","2020-04-30",162,17,254,515,3548,0.318489289740699,0,0,283,790,10,7161,55,1372,8,55
"1441","2020-05-01",148,17,282,493,3548,0.318489289740699,0,0,283,790,3,7164,57,1429,2,57
"1442","2020-05-02",150,17,257,469,3548,0.318489289740699,0,0,283,790,7,7171,64,1493,7,64
"1443","2020-05-03",146,17,260,472,3548,0.318489289740699,0,0,283,790,7,7178,34,1527,5,34
"1444","2020-05-04",153,17,224,467,3548,0.318489289740699,0,0,283,790,8,7186,22,1549,8,22
"1445","2020-05-05",143,17,190,460,3548,0.318489289740699,0,0,283,790,8,7194,12,1561,6,12
"1446","2020-05-06",141,17,167,461,3548,0.318489289740699,0,0,283,790,6,7200,13,1574,5,13
"1447","2020-05-07",139,17,152,469,3548,0.318489289740699,0,0,283,790,6,7206,11,1585,6,11
"1448","2020-05-08",136,17,151,454,3548,0.318489289740699,0,0,283,790,4,7210,32,1617,4,32
"1449","2020-05-09",127,17,184,448,3548,0.318489289740699,0,0,283,790,7,7217,21,1638,6,21
"1450","2020-05-10",131,17,222,462,3548,0.318489289740699,0,0,283,790,3,7220,44,1682,3,44
"1451","2020-05-11",133,17,219,466,3548,0.318489289740699,0,0,283,790,2,7222,25,1707,2,25
"1452","2020-05-12",122,17,218,434,3548,0.318489289740699,0,0,283,790,2,7224,14,1721,1,14
"1453","2020-05-13",116,17,212,430,3548,0.318489289740699,0,0,283,790,2,7226,8,1729,1,8
"1454","2020-05-14",115,17,247,412,3548,0.318489289740699,0,0,283,790,4,7230,25,1754,4,25
"1455","2020-05-15",116,17,242,408,3548,0.318489289740699,0,0,283,790,2,7232,9,1763,1,9
"1456","2020-05-16",119,17,206,399,3548,0.318489289740699,0,0,283,790,1,7233,18,1781,1,18
"1457","2020-05-17",113,17,180,387,3548,0.318489289740699,0,0,283,790,4,7237,32,1813,3,32
"1458","2020-05-18",105,17,173,381,3548,0.318489289740699,0,0,283,790,3,7240,49,1862,2,49
"1459","2020-05-19",110,17,151,367,3548,0.318489289740699,0,0,283,790,2,7242,50,1912,1,50
"1460","2020-05-20",113,17,130,342,3548,0.318489289740699,0,0,283,790,5,7247,24,1936,3,24
"1461","2020-05-21",108,17,110,323,3548,0.318489289740699,0,0,283,790,2,7249,24,1960,1,24
"1462","2020-05-22",113,17,108,320,3548,0.318489289740699,0,0,283,790,4,7253,33,1993,4,33
"1463","2020-05-23",108,17,134,310,3548,0.318489289740699,0,0,283,790,NA,NA,27,2020,NA,27
"1464","2020-05-24",104,17,133,301,3548,0.318489289740699,0,0,283,790,5,7258,20,2040,3,20
"1465","2020-05-25",98,17,135,281,3548,0.318489289740699,0,0,283,790,1,7259,44,2084,NA,44
"1466","2020-05-26",89,17,156,284,3548,0.318489289740699,0,0,283,790,1,7260,42,2126,1,42
"1467","2020-05-27",82,17,187,270,3548,0.318489289740699,0,0,283,790,NA,NA,42,2168,NA,42
"1468","2020-05-28",77,17,178,267,3548,0.318489289740699,0,0,283,790,3,7263,46,2214,3,46
"1469","2020-05-29",69,17,166,257,3548,0.318489289740699,0,0,283,790,2,7265,35,2249,2,35
"1470","2020-05-30",61,17,145,255,3548,0.318489289740699,0,0,283,790,3,7268,47,2296,3,47
"1471","2020-05-31",62,17,142,252,3548,0.318489289740699,0,0,283,790,1,7269,28,2324,1,28
"1472","2020-06-01",64,17,130,243,3548,0.318489289740699,0,0,283,790,2,7271,22,2346,2,22
"1473","2020-06-02",73,17,130,245,3548,0.318489289740699,0,0,283,790,1,7272,21,2367,1,21
"1474","2020-06-03",67,17,145,231,3548,0.318489289740699,0,0,283,790,NA,NA,17,2384,NA,17
"1475","2020-06-04",64,17,133,224,3548,0.318489289740699,0,0,283,790,3,7275,19,2403,3,19
"1476","2020-06-05",58,17,144,214,3548,0.318489289740699,0,0,283,790,4,7279,12,2415,1,12
"1477","2020-06-06",63,17,160,218,3548,0.318489289740699,0,0,283,790,NA,NA,15,2430,NA,15
"1478","2020-06-07",58,17,152,219,3548,0.318489289740699,0,0,283,790,NA,NA,24,2454,NA,24
"1479","2020-03-14",1,18,107,62,3314,0.637296318648159,0,0,270,1072,8,36,29,80,2,29
"1480","2020-03-15",3,18,100,82,3314,0.637296318648159,0,0,270,1072,11,47,25,105,8,25
"1481","2020-03-16",8,18,127,106,3314,0.637296318648159,0,0,270,1072,14,61,27,132,4,27
"1482","2020-03-17",12,18,127,130,3314,0.637296318648159,0,0,270,1072,15,76,22,154,10,22
"1483","2020-03-18",13,18,155,154,3314,0.637296318648159,0,0,270,1072,17,93,11,165,10,11
"1484","2020-03-19",19,18,168,177,3314,0.637296318648159,0,0,270,1072,13,106,9,174,8,9
"1485","2020-03-20",28,18,173,201,3314,0.637296318648159,0,0,270,1072,25,131,8,182,13,8
"1486","2020-03-21",36,18,169,222,3314,0.637296318648159,0,0,270,1072,26,157,21,203,17,21
"1487","2020-03-22",43,18,167,250,3314,0.637296318648159,0,0,270,1072,28,185,17,220,16,17
"1488","2020-03-23",45,18,139,266,3314,0.637296318648159,0,0,270,1072,28,213,10,230,18,10
"1489","2020-03-24",50,18,125,274,3314,0.637296318648159,0,0,270,1072,16,229,8,238,11,8
"1490","2020-03-25",59,18,114,295,3314,0.637296318648159,0,0,270,1072,40,269,12,250,29,12
"1491","2020-03-26",61,18,107,312,3314,0.637296318648159,0,0,270,1072,22,291,12,262,17,12
"1492","2020-03-27",65,18,95,334,3314,0.637296318648159,0,0,270,1072,21,312,28,290,13,28
"1493","2020-03-28",72,18,87,349,3314,0.637296318648159,0,0,270,1072,28,340,19,309,16,19
"1494","2020-03-29",72,18,62,378,3314,0.637296318648159,0,0,270,1072,21,361,17,326,12,17
"1495","2020-03-30",83,18,62,408,3314,0.637296318648159,0,0,270,1072,27,388,10,336,17,10
"1496","2020-03-31",91,18,64,445,3314,0.637296318648159,0,0,270,1072,33,421,9,345,22,9
"1497","2020-04-01",103,18,69,457,3314,0.637296318648159,0,0,270,1072,27,448,20,365,18,20
"1498","2020-04-02",108,18,86,488,3314,0.637296318648159,0,0,270,1072,32,480,34,399,21,34
"1499","2020-04-03",112,18,111,534,3314,0.637296318648159,0,0,270,1072,26,506,19,418,19,19
"1500","2020-04-04",116,18,124,561,3314,0.637296318648159,0,0,270,1072,26,532,36,454,19,36
"1501","2020-04-05",125,18,181,575,3314,0.637296318648159,0,0,270,1072,26,558,29,483,15,29
"1502","2020-04-06",133,18,237,596,3314,0.637296318648159,0,0,270,1072,28,586,33,516,17,33
"1503","2020-04-07",141,18,272,610,3314,0.637296318648159,0,0,270,1072,22,608,32,548,12,32
"1504","2020-04-08",142,18,246,613,3314,0.637296318648159,0,0,270,1072,25,633,17,565,13,17
"1505","2020-04-09",147,18,225,623,3314,0.637296318648159,0,0,270,1072,24,657,11,576,14,11
"1506","2020-04-10",159,18,195,626,3314,0.637296318648159,0,0,270,1072,35,692,8,584,21,8
"1507","2020-04-11",163,18,182,632,3314,0.637296318648159,0,0,270,1072,34,726,37,621,22,37
"1508","2020-04-12",169,18,206,621,3314,0.637296318648159,0,0,270,1072,20,746,26,647,11,26
"1509","2020-04-13",170,18,228,624,3314,0.637296318648159,0,0,270,1072,28,774,20,667,19,20
"1510","2020-04-14",179,18,232,637,3314,0.637296318648159,0,0,270,1072,28,802,24,691,13,24
"1511","2020-04-15",180,18,258,615,3314,0.637296318648159,0,0,270,1072,30,832,14,705,18,14
"1512","2020-04-16",184,18,261,612,3314,0.637296318648159,0,0,270,1072,31,863,36,741,19,36
"1513","2020-04-17",170,18,249,598,3314,0.637296318648159,0,0,270,1072,23,886,47,788,9,47
"1514","2020-04-18",169,18,241,592,3314,0.637296318648159,0,0,270,1072,38,924,30,818,16,30
"1515","2020-04-19",170,18,241,586,3314,0.637296318648159,0,0,270,1072,23,947,19,837,19,19
"1516","2020-04-20",163,18,237,582,3314,0.637296318648159,0,0,270,1072,31,978,38,875,23,38
"1517","2020-04-21",149,18,223,568,3314,0.637296318648159,0,0,270,1072,30,1008,44,919,18,44
"1518","2020-04-22",147,18,220,569,3314,0.637296318648159,0,0,270,1072,13,1021,52,971,6,52
"1519","2020-04-23",147,18,203,536,3314,0.637296318648159,0,0,270,1072,20,1041,23,994,11,23
"1520","2020-04-24",166,18,194,541,3314,0.637296318648159,0,0,270,1072,22,1063,16,1010,9,16
"1521","2020-04-25",162,18,173,541,3314,0.637296318648159,0,0,270,1072,15,1078,16,1026,9,16
"1522","2020-04-26",161,18,205,529,3314,0.637296318648159,0,0,270,1072,19,1097,17,1043,12,17
"1523","2020-04-27",169,18,196,520,3314,0.637296318648159,0,0,270,1072,21,1118,12,1055,15,12
"1524","2020-04-28",167,18,175,512,3314,0.637296318648159,0,0,270,1072,21,1139,6,1061,12,6
"1525","2020-04-29",167,18,155,510,3314,0.637296318648159,0,0,270,1072,19,1158,10,1071,12,10
"1526","2020-04-30",159,18,185,487,3314,0.637296318648159,0,0,270,1072,24,1182,9,1080,14,9
"1527","2020-05-01",143,18,180,480,3314,0.637296318648159,0,0,270,1072,26,1208,30,1110,14,30
"1528","2020-05-02",142,18,167,473,3314,0.637296318648159,0,0,270,1072,25,1233,19,1129,11,19
"1529","2020-05-03",140,18,172,452,3314,0.637296318648159,0,0,270,1072,19,1252,21,1150,11,21
"1530","2020-05-04",127,18,219,448,3314,0.637296318648159,0,0,270,1072,23,1275,42,1192,11,42
"1531","2020-05-05",129,18,257,441,3314,0.637296318648159,0,0,270,1072,24,1299,52,1244,8,52
"1532","2020-05-06",130,18,231,439,3314,0.637296318648159,0,0,270,1072,22,1321,50,1294,13,50
"1533","2020-05-07",134,18,204,433,3314,0.637296318648159,0,0,270,1072,21,1342,47,1341,8,47
"1534","2020-05-08",129,18,182,419,3314,0.637296318648159,0,0,270,1072,16,1358,42,1383,10,42
"1535","2020-05-09",125,18,182,401,3314,0.637296318648159,0,0,270,1072,11,1369,57,1440,8,57
"1536","2020-05-10",118,18,160,388,3314,0.637296318648159,0,0,270,1072,20,1389,34,1474,9,34
"1537","2020-05-11",118,18,184,379,3314,0.637296318648159,0,0,270,1072,12,1401,15,1489,4,15
"1538","2020-05-12",113,18,174,364,3314,0.637296318648159,0,0,270,1072,21,1422,20,1509,10,20
"1539","2020-05-13",107,18,178,344,3314,0.637296318648159,0,0,270,1072,20,1442,31,1540,15,31
"1540","2020-05-14",103,18,162,345,3314,0.637296318648159,0,0,270,1072,11,1453,24,1564,7,24
"1541","2020-05-15",100,18,190,345,3314,0.637296318648159,0,0,270,1072,16,1469,37,1601,8,37
"1542","2020-05-16",98,18,221,338,3314,0.637296318648159,0,0,270,1072,17,1486,25,1626,6,25
"1543","2020-05-17",106,18,204,345,3314,0.637296318648159,0,0,270,1072,14,1500,34,1660,9,34
"1544","2020-05-18",107,18,209,326,3314,0.637296318648159,0,0,270,1072,18,1518,41,1701,7,41
"1545","2020-05-19",104,18,237,334,3314,0.637296318648159,0,0,270,1072,17,1535,22,1723,7,22
"1546","2020-05-20",101,18,233,339,3314,0.637296318648159,0,0,270,1072,13,1548,19,1742,6,19
"1547","2020-05-21",103,18,223,337,3314,0.637296318648159,0,0,270,1072,18,1566,14,1756,9,14
"1548","2020-05-22",107,18,214,323,3314,0.637296318648159,0,0,270,1072,18,1584,33,1789,12,33
"1549","2020-05-23",103,18,236,312,3314,0.637296318648159,0,0,270,1072,13,1597,19,1808,6,19
"1550","2020-05-24",93,18,264,311,3314,0.637296318648159,0,0,270,1072,19,1616,12,1820,14,12
"1551","2020-05-25",84,18,220,285,3314,0.637296318648159,0,0,270,1072,9,1625,19,1839,5,19
"1552","2020-05-26",85,18,201,279,3314,0.637296318648159,0,0,270,1072,19,1644,17,1856,10,17
"1553","2020-05-27",83,18,169,262,3314,0.637296318648159,0,0,270,1072,15,1659,12,1868,10,12
"1554","2020-05-28",76,18,158,254,3314,0.637296318648159,0,0,270,1072,20,1679,39,1907,11,39
"1555","2020-05-29",73,18,137,233,3314,0.637296318648159,0,0,270,1072,23,1702,32,1939,18,32
"1556","2020-05-30",73,18,137,224,3314,0.637296318648159,0,0,270,1072,14,1716,22,1961,10,22
"1557","2020-05-31",67,18,147,217,3314,0.637296318648159,0,0,270,1072,12,1728,30,1991,8,30
"1558","2020-06-01",66,18,141,217,3314,0.637296318648159,0,0,270,1072,13,1741,35,2026,10,35
"1559","2020-06-02",63,18,124,221,3314,0.637296318648159,0,0,270,1072,14,1755,21,2047,10,21
"1560","2020-06-03",61,18,140,220,3314,0.637296318648159,0,0,270,1072,11,1766,20,2067,10,20
"1561","2020-06-04",65,18,158,214,3314,0.637296318648159,0,0,270,1072,8,1774,13,2080,6,13
"1562","2020-06-05",63,18,153,200,3314,0.637296318648159,0,0,270,1072,15,1789,20,2100,9,20
"1563","2020-06-06",66,18,179,190,3314,0.637296318648159,0,0,270,1072,11,1800,27,2127,8,27
"1564","2020-06-07",64,18,152,191,3314,0.637296318648159,0,0,270,1072,13,1813,12,2139,9,12
"1565","2020-03-12",1,19,49,72,3419,0.274934191284001,0,0,305,563,33,56,41,51,3,41
"1566","2020-03-13",3,19,46,101,3419,0.274934191284001,0,0,305,563,33,89,28,79,5,28
"1567","2020-03-14",6,19,56,121,3419,0.274934191284001,0,0,305,563,40,129,14,93,6,14
"1568","2020-03-15",12,19,60,151,3419,0.274934191284001,0,0,305,563,43,172,13,106,15,13
"1569","2020-03-16",21,19,54,180,3419,0.274934191284001,0,0,305,563,48,220,6,112,16,6
"1570","2020-03-17",30,19,64,216,3419,0.274934191284001,0,0,305,563,51,271,7,119,12,7
"1571","2020-03-18",38,19,68,245,3419,0.274934191284001,0,0,305,563,50,321,32,151,25,32
"1572","2020-03-19",47,19,76,290,3419,0.274934191284001,0,0,305,563,64,385,32,183,34,32
"1573","2020-03-20",54,19,92,331,3419,0.274934191284001,0,0,305,563,59,444,16,199,29,16
"1574","2020-03-21",61,19,91,361,3419,0.274934191284001,0,0,305,563,56,500,39,238,31,39
"1575","2020-03-22",70,19,91,380,3419,0.274934191284001,0,0,305,563,51,551,27,265,25,27
"1576","2020-03-23",80,19,86,405,3419,0.274934191284001,0,0,305,563,60,611,23,288,27,23
"1577","2020-03-24",90,19,90,426,3419,0.274934191284001,0,0,305,563,56,667,15,303,27,15
"1578","2020-03-25",95,19,115,446,3419,0.274934191284001,0,0,305,563,68,735,42,345,27,42
"1579","2020-03-26",96,19,135,461,3419,0.274934191284001,0,0,305,563,67,802,29,374,42,29
"1580","2020-03-27",110,19,156,479,3419,0.274934191284001,0,0,305,563,72,874,20,394,41,20
"1581","2020-03-28",118,19,156,480,3419,0.274934191284001,0,0,305,563,67,941,34,428,35,34
"1582","2020-03-29",117,19,147,489,3419,0.274934191284001,0,0,305,563,62,1003,29,457,40,29
"1583","2020-03-30",118,19,133,499,3419,0.274934191284001,0,0,305,563,78,1081,11,468,41,11
"1584","2020-03-31",118,19,123,481,3419,0.274934191284001,0,0,305,563,68,1149,11,479,32,11
"1585","2020-04-01",123,19,121,478,3419,0.274934191284001,0,0,305,563,58,1207,43,522,30,43
"1586","2020-04-02",133,19,107,476,3419,0.274934191284001,0,0,305,563,69,1276,20,542,44,20
"1587","2020-04-03",127,19,103,470,3419,0.274934191284001,0,0,305,563,61,1337,23,565,33,23
"1588","2020-04-04",128,19,90,468,3419,0.274934191284001,0,0,305,563,60,1397,34,599,30,34
"1589","2020-04-05",139,19,91,491,3419,0.274934191284001,0,0,305,563,61,1458,24,623,28,24
"1590","2020-04-06",140,19,85,513,3419,0.274934191284001,0,0,305,563,55,1513,24,647,33,24
"1591","2020-04-07",140,19,120,527,3419,0.274934191284001,0,0,305,563,76,1589,41,688,43,41
"1592","2020-04-08",146,19,123,532,3419,0.274934191284001,0,0,305,563,60,1649,24,712,29,24
"1593","2020-04-09",150,19,113,533,3419,0.274934191284001,0,0,305,563,86,1735,41,753,46,41
"1594","2020-04-10",152,19,113,539,3419,0.274934191284001,0,0,305,563,58,1793,29,782,27,29
"1595","2020-04-11",156,19,115,538,3419,0.274934191284001,0,0,305,563,54,1847,53,835,24,53
"1596","2020-04-12",147,19,140,535,3419,0.274934191284001,0,0,305,563,55,1902,56,891,24,56
"1597","2020-04-13",145,19,149,525,3419,0.274934191284001,0,0,305,563,43,1945,65,956,15,65
"1598","2020-04-14",148,19,133,516,3419,0.274934191284001,0,0,305,563,54,1999,57,1013,20,57
"1599","2020-04-15",144,19,157,528,3419,0.274934191284001,0,0,305,563,51,2050,32,1045,20,32
"1600","2020-04-16",142,19,155,517,3419,0.274934191284001,0,0,305,563,51,2101,13,1058,11,13
"1601","2020-04-17",139,19,149,531,3419,0.274934191284001,0,0,305,563,46,2147,18,1076,11,18
"1602","2020-04-18",140,19,123,527,3419,0.274934191284001,0,0,305,563,59,2206,31,1107,18,31
"1603","2020-04-19",150,19,107,518,3419,0.274934191284001,0,0,305,563,40,2246,18,1125,8,18
"1604","2020-04-20",151,19,110,522,3419,0.274934191284001,0,0,305,563,55,2301,18,1143,23,18
"1605","2020-04-21",147,19,112,513,3419,0.274934191284001,0,0,305,563,55,2356,15,1158,21,15
"1606","2020-04-22",145,19,151,497,3419,0.274934191284001,0,0,305,563,51,2407,44,1202,25,44
"1607","2020-04-23",140,19,178,482,3419,0.274934191284001,0,0,305,563,51,2458,39,1241,15,39
"1608","2020-04-24",141,19,181,503,3419,0.274934191284001,0,0,305,563,46,2504,33,1274,17,33
"1609","2020-04-25",139,19,211,494,3419,0.274934191284001,0,0,305,563,53,2557,25,1299,21,25
"1610","2020-04-26",132,19,220,490,3419,0.274934191284001,0,0,305,563,61,2618,57,1356,17,57
"1611","2020-04-27",129,19,229,481,3419,0.274934191284001,0,0,305,563,43,2661,38,1394,13,38
"1612","2020-04-28",131,19,216,477,3419,0.274934191284001,0,0,305,563,38,2699,27,1421,11,27
"1613","2020-04-29",142,19,185,483,3419,0.274934191284001,0,0,305,563,40,2739,19,1440,15,19
"1614","2020-04-30",143,19,164,484,3419,0.274934191284001,0,0,305,563,49,2788,14,1454,13,14
"1615","2020-05-01",142,19,165,496,3419,0.274934191284001,0,0,305,563,47,2835,23,1477,18,23
"1616","2020-05-02",141,19,174,490,3419,0.274934191284001,0,0,305,563,45,2880,32,1509,10,32
"1617","2020-05-03",146,19,173,484,3419,0.274934191284001,0,0,305,563,38,2918,31,1540,7,31
"1618","2020-05-04",138,19,169,460,3419,0.274934191284001,0,0,305,563,49,2967,21,1561,19,21
"1619","2020-05-05",145,19,146,452,3419,0.274934191284001,0,0,305,563,47,3014,60,1621,19,60
"1620","2020-05-06",139,19,144,454,3419,0.274934191284001,0,0,305,563,43,3057,54,1675,20,54
"1621","2020-05-07",140,19,132,454,3419,0.274934191284001,0,0,305,563,42,3099,30,1705,18,30
"1622","2020-05-08",151,19,122,439,3419,0.274934191284001,0,0,305,563,26,3125,18,1723,7,18
"1623","2020-05-09",153,19,148,424,3419,0.274934191284001,0,0,305,563,32,3157,24,1747,11,24
"1624","2020-05-10",148,19,174,423,3419,0.274934191284001,0,0,305,563,40,3197,34,1781,16,34
"1625","2020-05-11",154,19,176,455,3419,0.274934191284001,0,0,305,563,26,3223,34,1815,7,34
"1626","2020-05-12",141,19,187,463,3419,0.274934191284001,0,0,305,563,44,3267,41,1856,12,41
"1627","2020-05-13",136,19,182,444,3419,0.274934191284001,0,0,305,563,23,3290,20,1876,8,20
"1628","2020-05-14",134,19,208,427,3419,0.274934191284001,0,0,305,563,23,3313,54,1930,6,54
"1629","2020-05-15",129,19,204,419,3419,0.274934191284001,0,0,305,563,42,3355,29,1959,15,29
"1630","2020-05-16",128,19,219,408,3419,0.274934191284001,0,0,305,563,26,3381,26,1985,11,26
"1631","2020-05-17",133,19,202,397,3419,0.274934191284001,0,0,305,563,32,3413,14,1999,12,14
"1632","2020-05-18",129,19,195,376,3419,0.274934191284001,0,0,305,563,41,3454,53,2052,16,53
"1633","2020-05-19",127,19,180,356,3419,0.274934191284001,0,0,305,563,30,3484,48,2100,12,48
"1634","2020-05-20",120,19,161,345,3419,0.274934191284001,0,0,305,563,31,3515,18,2118,7,18
"1635","2020-05-21",114,19,158,334,3419,0.274934191284001,0,0,305,563,27,3542,20,2138,11,20
"1636","2020-05-22",109,19,168,330,3419,0.274934191284001,0,0,305,563,31,3573,28,2166,7,28
"1637","2020-05-23",98,19,187,316,3419,0.274934191284001,0,0,305,563,30,3603,45,2211,12,45
"1638","2020-05-24",87,19,182,290,3419,0.274934191284001,0,0,305,563,29,3632,30,2241,14,30
"1639","2020-05-25",82,19,194,275,3419,0.274934191284001,0,0,305,563,27,3659,27,2268,8,27
"1640","2020-05-26",82,19,179,257,3419,0.274934191284001,0,0,305,563,24,3683,42,2310,7,42
"1641","2020-05-27",83,19,156,260,3419,0.274934191284001,0,0,305,563,28,3711,31,2341,12,31
"1642","2020-05-28",83,19,155,250,3419,0.274934191284001,0,0,305,563,19,3730,47,2388,5,47
"1643","2020-05-29",71,19,153,246,3419,0.274934191284001,0,0,305,563,22,3752,22,2410,4,22
"1644","2020-05-30",68,19,161,239,3419,0.274934191284001,0,0,305,563,13,3765,17,2427,6,17
"1645","2020-05-31",64,19,143,238,3419,0.274934191284001,0,0,305,563,20,3785,10,2437,6,10
"1646","2020-06-01",69,19,144,229,3419,0.274934191284001,0,0,305,563,16,3801,15,2452,7,15
"1647","2020-06-02",62,19,141,210,3419,0.274934191284001,0,0,305,563,28,3829,12,2464,13,12
"1648","2020-06-03",61,19,133,203,3419,0.274934191284001,0,0,305,563,14,3843,16,2480,4,16
"1649","2020-06-04",65,19,126,209,3419,0.274934191284001,0,0,305,563,15,3858,28,2508,6,28
"1650","2020-06-05",68,19,119,201,3419,0.274934191284001,0,0,305,563,20,3878,31,2539,8,31
"1651","2020-06-06",67,19,114,193,3419,0.274934191284001,0,0,305,563,13,3891,37,2576,7,37
"1652","2020-06-07",63,19,101,180,3419,0.274934191284001,0,0,305,563,15,3906,35,2611,7,35
"1653","2020-03-16",3,20,138,75,4416,0.883152173913043,0,0,427,860,20,87,8,68,9,8
"1654","2020-03-17",7,20,146,103,4416,0.883152173913043,0,0,427,860,14,101,14,82,6,14
"1655","2020-03-18",10,20,139,125,4416,0.883152173913043,0,0,427,860,24,125,13,95,12,13
"1656","2020-03-19",15,20,127,159,4416,0.883152173913043,0,0,427,860,23,148,15,110,13,15
"1657","2020-03-20",22,20,145,197,4416,0.883152173913043,0,0,427,860,29,177,13,123,14,13
"1658","2020-03-21",27,20,172,222,4416,0.883152173913043,0,0,427,860,33,210,26,149,26,26
"1659","2020-03-22",34,20,160,249,4416,0.883152173913043,0,0,427,860,29,239,10,159,19,10
"1660","2020-03-23",37,20,138,292,4416,0.883152173913043,0,0,427,860,32,271,17,176,22,17
"1661","2020-03-24",40,20,131,329,4416,0.883152173913043,0,0,427,860,34,305,24,200,19,24
"1662","2020-03-25",50,20,111,362,4416,0.883152173913043,0,0,427,860,39,344,28,228,27,28
"1663","2020-03-26",57,20,102,371,4416,0.883152173913043,0,0,427,860,43,387,18,246,31,18
"1664","2020-03-27",65,20,102,413,4416,0.883152173913043,0,0,427,860,32,419,30,276,22,30
"1665","2020-03-28",77,20,143,445,4416,0.883152173913043,0,0,427,860,47,466,25,301,37,25
"1666","2020-03-29",95,20,187,487,4416,0.883152173913043,0,0,427,860,40,506,31,332,26,31
"1667","2020-03-30",107,20,174,520,4416,0.883152173913043,0,0,427,860,42,548,26,358,29,26
"1668","2020-03-31",124,20,171,557,4416,0.883152173913043,0,0,427,860,36,584,33,391,26,33
"1669","2020-04-01",137,20,143,600,4416,0.883152173913043,0,0,427,860,33,617,42,433,26,42
"1670","2020-04-02",146,20,140,639,4416,0.883152173913043,0,0,427,860,20,637,35,468,10,35
"1671","2020-04-03",152,20,135,684,4416,0.883152173913043,0,0,427,860,36,673,32,500,25,32
"1672","2020-04-04",163,20,174,722,4416,0.883152173913043,0,0,427,860,33,706,21,521,16,21
"1673","2020-04-05",173,20,163,741,4416,0.883152173913043,0,0,427,860,24,730,16,537,13,16
"1674","2020-04-06",180,20,138,772,4416,0.883152173913043,0,0,427,860,21,751,23,560,15,23
"1675","2020-04-07",188,20,136,811,4416,0.883152173913043,0,0,427,860,37,788,30,590,22,30
"1676","2020-04-08",201,20,146,830,4416,0.883152173913043,0,0,427,860,34,822,39,629,27,39
"1677","2020-04-09",213,20,144,878,4416,0.883152173913043,0,0,427,860,16,838,29,658,8,29
"1678","2020-04-10",228,20,148,903,4416,0.883152173913043,0,0,427,860,27,865,36,694,15,36
"1679","2020-04-11",242,20,133,917,4416,0.883152173913043,0,0,427,860,25,890,64,758,16,64
"1680","2020-04-12",244,20,125,939,4416,0.883152173913043,0,0,427,860,30,920,27,785,12,27
"1681","2020-04-13",262,20,113,938,4416,0.883152173913043,0,0,427,860,22,942,25,810,7,25
"1682","2020-04-14",263,20,110,937,4416,0.883152173913043,0,0,427,860,29,971,34,844,14,34
"1683","2020-04-15",265,20,127,948,4416,0.883152173913043,0,0,427,860,25,996,31,875,13,31
"1684","2020-04-16",266,20,176,949,4416,0.883152173913043,0,0,427,860,26,1022,33,908,15,33
"1685","2020-04-17",271,20,224,936,4416,0.883152173913043,0,0,427,860,25,1047,27,935,9,27
"1686","2020-04-18",266,20,265,987,4416,0.883152173913043,0,0,427,860,26,1073,39,974,14,39
"1687","2020-04-19",260,20,252,963,4416,0.883152173913043,0,0,427,860,39,1112,69,1043,17,69
"1688","2020-04-20",257,20,243,940,4416,0.883152173913043,0,0,427,860,24,1136,37,1080,6,37
"1689","2020-04-21",256,20,284,902,4416,0.883152173913043,0,0,427,860,16,1152,25,1105,6,25
"1690","2020-04-22",267,20,292,898,4416,0.883152173913043,0,0,427,860,33,1185,40,1145,20,40
"1691","2020-04-23",285,20,282,884,4416,0.883152173913043,0,0,427,860,26,1211,35,1180,13,35
"1692","2020-04-24",273,20,282,864,4416,0.883152173913043,0,0,427,860,20,1231,29,1209,5,29
"1693","2020-04-25",272,20,272,843,4416,0.883152173913043,0,0,427,860,23,1254,30,1239,10,30
"1694","2020-04-26",279,20,227,830,4416,0.883152173913043,0,0,427,860,37,1291,19,1258,14,19
"1695","2020-04-27",262,20,197,835,4416,0.883152173913043,0,0,427,860,39,1330,28,1286,20,28
"1696","2020-04-28",258,20,177,803,4416,0.883152173913043,0,0,427,860,21,1351,41,1327,11,41
"1697","2020-04-29",243,20,208,799,4416,0.883152173913043,0,0,427,860,22,1373,62,1389,14,62
"1698","2020-04-30",227,20,213,792,4416,0.883152173913043,0,0,427,860,35,1408,34,1423,18,34
"1699","2020-05-01",231,20,186,747,4416,0.883152173913043,0,0,427,860,17,1425,30,1453,6,30
"1700","2020-05-02",227,20,182,725,4416,0.883152173913043,0,0,427,860,25,1450,34,1487,15,34
"1701","2020-05-03",219,20,193,709,4416,0.883152173913043,0,0,427,860,35,1485,54,1541,22,54
"1702","2020-05-04",224,20,206,687,4416,0.883152173913043,0,0,427,860,30,1515,27,1568,14,27
"1703","2020-05-05",223,20,224,668,4416,0.883152173913043,0,0,427,860,34,1549,61,1629,20,61
"1704","2020-05-06",215,20,199,644,4416,0.883152173913043,0,0,427,860,21,1570,51,1680,12,51
"1705","2020-05-07",200,20,189,620,4416,0.883152173913043,0,0,427,860,19,1589,51,1731,12,51
"1706","2020-05-08",204,20,169,594,4416,0.883152173913043,0,0,427,860,24,1613,40,1771,8,40
"1707","2020-05-09",190,20,156,564,4416,0.883152173913043,0,0,427,860,20,1633,40,1811,6,40
"1708","2020-05-10",183,20,143,536,4416,0.883152173913043,0,0,427,860,23,1656,45,1856,9,45
"1709","2020-05-11",177,20,199,525,4416,0.883152173913043,0,0,427,860,20,1676,53,1909,9,53
"1710","2020-05-12",172,20,234,514,4416,0.883152173913043,0,0,427,860,13,1689,43,1952,5,43
"1711","2020-05-13",167,20,262,492,4416,0.883152173913043,0,0,427,860,20,1709,45,1997,9,45
"1712","2020-05-14",169,20,272,460,4416,0.883152173913043,0,0,427,860,26,1735,36,2033,6,36
"1713","2020-05-15",145,20,281,443,4416,0.883152173913043,0,0,427,860,18,1753,57,2090,8,57
"1714","2020-05-16",138,20,275,425,4416,0.883152173913043,0,0,427,860,23,1776,53,2143,14,53
"1715","2020-05-17",131,20,301,413,4416,0.883152173913043,0,0,427,860,15,1791,64,2207,5,64
"1716","2020-05-18",120,20,273,400,4416,0.883152173913043,0,0,427,860,22,1813,40,2247,7,40
"1717","2020-05-19",119,20,249,381,4416,0.883152173913043,0,0,427,860,18,1831,46,2293,8,46
"1718","2020-05-20",105,20,217,363,4416,0.883152173913043,0,0,427,860,23,1854,51,2344,11,51
"1719","2020-05-21",94,20,184,352,4416,0.883152173913043,0,0,427,860,20,1874,55,2399,7,55
"1720","2020-05-22",95,20,204,342,4416,0.883152173913043,0,0,427,860,23,1897,46,2445,13,46
"1721","2020-05-23",104,20,213,346,4416,0.883152173913043,0,0,427,860,20,1917,39,2484,7,39
"1722","2020-05-24",101,20,226,323,4416,0.883152173913043,0,0,427,860,16,1933,49,2533,6,49
"1723","2020-05-25",107,20,232,317,4416,0.883152173913043,0,0,427,860,11,1944,35,2568,5,35
"1724","2020-05-26",102,20,241,311,4416,0.883152173913043,0,0,427,860,16,1960,41,2609,9,41
"1725","2020-05-27",113,20,264,293,4416,0.883152173913043,0,0,427,860,16,1976,46,2655,8,46
"1726","2020-05-28",111,20,236,286,4416,0.883152173913043,0,0,427,860,15,1991,29,2684,7,29
"1727","2020-05-29",108,20,204,283,4416,0.883152173913043,0,0,427,860,7,1998,24,2708,2,24
"1728","2020-05-30",98,20,174,281,4416,0.883152173913043,0,0,427,860,12,2010,31,2739,4,31
"1729","2020-05-31",104,20,202,265,4416,0.883152173913043,0,0,427,860,18,2028,32,2771,7,32
"1730","2020-06-01",93,20,190,247,4416,0.883152173913043,0,0,427,860,17,2045,36,2807,11,36
"1731","2020-06-02",85,20,172,232,4416,0.883152173913043,0,0,427,860,20,2065,41,2848,10,41
"1732","2020-06-03",72,20,167,227,4416,0.883152173913043,0,0,427,860,17,2082,36,2884,11,36
"1733","2020-06-04",71,20,163,216,4416,0.883152173913043,0,0,427,860,19,2101,27,2911,12,27
"1734","2020-06-05",67,20,168,204,4416,0.883152173913043,0,0,427,860,10,2111,25,2936,6,25
"1735","2020-06-06",65,20,166,198,4416,0.883152173913043,0,0,427,860,23,2134,26,2962,15,26
"1736","2020-06-07",55,20,150,201,4416,0.883152173913043,0,0,427,860,10,2144,24,2986,7,24
