"","Date","Absents","Paramset","Infections_or_Exposed_per_day_Patient","Infections_or_Exposed_per_day_HCW","total_infections","nosocomial_proportion","PCR_pooled","LFD_pooled","HCW_symp_test","patient_symp_test","new_hcw_infs","cumulative_hcw_infs","new_pat_infs","cumulative_pats_infs","new_nosocomial_hcw_infs","new_nosocomial_pat_infs"
"1","2020-03-13",1,1,31,65,6005,0.704579517069109,0,0,551,351,26,65,10,28,3,10
"2","2020-03-14",2,1,39,94,6005,0.704579517069109,0,0,551,351,29,94,13,41,8,13
"3","2020-03-15",6,1,45,133,6005,0.704579517069109,0,0,551,351,39,133,10,51,14,10
"4","2020-03-16",11,1,47,168,6005,0.704579517069109,0,0,551,351,35,168,9,60,13,9
"5","2020-03-17",17,1,48,197,6005,0.704579517069109,0,0,551,351,30,198,8,68,15,8
"6","2020-03-18",26,1,52,229,6005,0.704579517069109,0,0,551,351,34,232,8,76,18,8
"7","2020-03-19",36,1,53,280,6005,0.704579517069109,0,0,551,351,56,288,9,85,27,9
"8","2020-03-20",48,1,59,321,6005,0.704579517069109,0,0,551,351,51,339,10,95,29,10
"9","2020-03-21",60,1,59,373,6005,0.704579517069109,0,0,551,351,61,400,15,110,34,15
"10","2020-03-22",67,1,63,451,6005,0.704579517069109,0,0,551,351,89,489,11,121,64,11
"11","2020-03-23",81,1,61,497,6005,0.704579517069109,0,0,551,351,61,550,15,136,51,15
"12","2020-03-24",99,1,71,549,6005,0.704579517069109,0,0,551,351,73,623,19,155,58,19
"13","2020-03-25",117,1,74,619,6005,0.704579517069109,0,0,551,351,98,721,14,169,73,14
"14","2020-03-26",134,1,78,663,6005,0.704579517069109,0,0,551,351,81,802,13,182,66,13
"15","2020-03-27",152,1,82,705,6005,0.704579517069109,0,0,551,351,77,879,17,199,60,17
"16","2020-03-28",163,1,79,753,6005,0.704579517069109,0,0,551,351,86,965,8,207,56,8
"17","2020-03-29",171,1,82,779,6005,0.704579517069109,0,0,551,351,70,1035,16,223,50,16
"18","2020-03-30",176,1,68,824,6005,0.704579517069109,0,0,551,351,103,1138,8,231,75,8
"19","2020-03-31",193,1,63,827,6005,0.704579517069109,0,0,551,351,65,1203,4,235,44,4
"20","2020-04-01",199,1,61,852,6005,0.704579517069109,0,0,551,351,85,1288,7,242,66,7
"21","2020-04-02",204,1,56,879,6005,0.704579517069109,0,0,551,351,95,1383,11,253,73,11
"22","2020-04-03",211,1,57,894,6005,0.704579517069109,0,0,551,351,89,1472,9,262,60,9
"23","2020-04-04",231,1,53,926,6005,0.704579517069109,0,0,551,351,98,1570,9,271,69,9
"24","2020-04-05",262,1,51,962,6005,0.704579517069109,0,0,551,351,106,1676,10,281,78,10
"25","2020-04-06",273,1,58,998,6005,0.704579517069109,0,0,551,351,99,1775,12,293,80,12
"26","2020-04-07",280,1,63,1034,6005,0.704579517069109,0,0,551,351,114,1889,11,304,84,11
"27","2020-04-08",281,1,64,1069,6005,0.704579517069109,0,0,551,351,110,1999,9,313,82,9
"28","2020-04-09",292,1,72,1085,6005,0.704579517069109,0,0,551,351,115,2114,14,327,86,14
"29","2020-04-10",295,1,73,1093,6005,0.704579517069109,0,0,551,351,93,2207,14,341,69,14
"30","2020-04-11",292,1,58,1114,6005,0.704579517069109,0,0,551,351,117,2324,7,348,87,7
"31","2020-04-12",276,1,52,1105,6005,0.704579517069109,0,0,551,351,95,2419,5,353,71,5
"32","2020-04-13",298,1,57,1107,6005,0.704579517069109,0,0,551,351,104,2523,12,365,85,12
"33","2020-04-14",294,1,53,1114,6005,0.704579517069109,0,0,551,351,97,2620,4,369,69,4
"34","2020-04-15",300,1,62,1104,6005,0.704579517069109,0,0,551,351,88,2708,12,381,64,12
"35","2020-04-16",298,1,73,1123,6005,0.704579517069109,0,0,551,351,105,2813,17,398,77,17
"36","2020-04-17",300,1,83,1124,6005,0.704579517069109,0,0,551,351,103,2916,16,414,82,16
"37","2020-04-18",298,1,106,1129,6005,0.704579517069109,0,0,551,351,101,3017,32,446,73,32
"38","2020-04-19",315,1,106,1124,6005,0.704579517069109,0,0,551,351,94,3111,16,462,70,16
"39","2020-04-20",297,1,104,1151,6005,0.704579517069109,0,0,551,351,129,3240,17,479,99,17
"40","2020-04-21",297,1,111,1141,6005,0.704579517069109,0,0,551,351,116,3356,10,489,98,10
"41","2020-04-22",313,1,99,1169,6005,0.704579517069109,0,0,551,351,121,3477,18,507,101,18
"42","2020-04-23",323,1,93,1173,6005,0.704579517069109,0,0,551,351,115,3592,13,520,84,13
"43","2020-04-24",317,1,97,1171,6005,0.704579517069109,0,0,551,351,88,3680,19,539,74,19
"44","2020-04-25",315,1,96,1158,6005,0.704579517069109,0,0,551,351,94,3774,15,554,75,15
"45","2020-04-26",303,1,105,1154,6005,0.704579517069109,0,0,551,351,100,3874,17,571,86,17
"46","2020-04-27",304,1,93,1157,6005,0.704579517069109,0,0,551,351,94,3968,11,582,76,11
"47","2020-04-28",300,1,91,1112,6005,0.704579517069109,0,0,551,351,71,4039,8,590,62,8
"48","2020-04-29",289,1,96,1069,6005,0.704579517069109,0,0,551,351,71,4110,19,609,55,19
"49","2020-04-30",290,1,97,1061,6005,0.704579517069109,0,0,551,351,97,4207,25,634,84,25
"50","2020-05-01",294,1,99,1025,6005,0.704579517069109,0,0,551,351,65,4272,18,652,47,18
"51","2020-05-02",300,1,88,1029,6005,0.704579517069109,0,0,551,351,92,4364,15,667,73,15
"52","2020-05-03",304,1,88,995,6005,0.704579517069109,0,0,551,351,77,4441,16,683,59,16
"53","2020-05-04",303,1,91,970,6005,0.704579517069109,0,0,551,351,73,4514,16,699,54,16
"54","2020-05-05",298,1,95,943,6005,0.704579517069109,0,0,551,351,81,4595,12,711,60,12
"55","2020-05-06",293,1,98,936,6005,0.704579517069109,0,0,551,351,81,4676,15,726,67,15
"56","2020-05-07",284,1,106,896,6005,0.704579517069109,0,0,551,351,67,4743,28,754,48,28
"57","2020-05-08",273,1,101,843,6005,0.704579517069109,0,0,551,351,51,4794,16,770,35,16
"58","2020-05-09",269,1,113,829,6005,0.704579517069109,0,0,551,351,63,4857,28,798,48,28
"59","2020-05-10",254,1,117,785,6005,0.704579517069109,0,0,551,351,39,4896,22,820,31,22
"60","2020-05-11",241,1,125,752,6005,0.704579517069109,0,0,551,351,53,4949,25,845,41,25
"61","2020-05-12",232,1,121,710,6005,0.704579517069109,0,0,551,351,44,4993,20,865,31,20
"62","2020-05-13",226,1,111,682,6005,0.704579517069109,0,0,551,351,47,5040,12,877,35,12
"63","2020-05-14",209,1,105,652,6005,0.704579517069109,0,0,551,351,44,5084,16,893,34,16
"64","2020-05-15",211,1,95,630,6005,0.704579517069109,0,0,551,351,44,5128,11,904,32,11
"65","2020-05-16",191,1,87,590,6005,0.704579517069109,0,0,551,351,38,5166,11,915,28,11
"66","2020-05-17",191,1,105,568,6005,0.704579517069109,0,0,551,351,39,5205,26,941,31,26
"67","2020-05-18",192,1,110,532,6005,0.704579517069109,0,0,551,351,38,5243,30,971,31,30
"68","2020-05-19",186,1,107,513,6005,0.704579517069109,0,0,551,351,37,5280,17,988,27,17
"69","2020-05-20",179,1,135,488,6005,0.704579517069109,0,0,551,351,26,5306,44,1032,17,44
"70","2020-05-21",174,1,152,475,6005,0.704579517069109,0,0,551,351,34,5340,32,1064,29,32
"71","2020-05-22",159,1,156,445,6005,0.704579517069109,0,0,551,351,31,5371,27,1091,20,27
"72","2020-05-23",151,1,151,425,6005,0.704579517069109,0,0,551,351,30,5401,35,1126,18,35
"73","2020-05-24",140,1,147,408,6005,0.704579517069109,0,0,551,351,32,5433,32,1158,24,32
"74","2020-05-25",133,1,158,397,6005,0.704579517069109,0,0,551,351,21,5454,31,1189,14,31
"75","2020-05-26",135,1,162,370,6005,0.704579517069109,0,0,551,351,21,5475,23,1212,14,23
"76","2020-05-27",123,1,156,349,6005,0.704579517069109,0,0,551,351,20,5495,18,1230,15,18
"77","2020-05-28",121,1,148,342,6005,0.704579517069109,0,0,551,351,29,5524,23,1253,27,23
"78","2020-05-29",115,1,152,316,6005,0.704579517069109,0,0,551,351,19,5543,29,1282,15,29
"79","2020-05-30",117,1,147,297,6005,0.704579517069109,0,0,551,351,13,5556,23,1305,11,23
"80","2020-05-31",109,1,135,284,6005,0.704579517069109,0,0,551,351,21,5577,21,1326,14,21
"81","2020-06-01",99,1,135,253,6005,0.704579517069109,0,0,551,351,17,5594,28,1354,12,28
"82","2020-06-02",82,1,131,246,6005,0.704579517069109,0,0,551,351,22,5616,15,1369,16,15
"83","2020-06-03",76,1,111,225,6005,0.704579517069109,0,0,551,351,14,5630,22,1391,12,22
"84","2020-06-04",65,1,103,221,6005,0.704579517069109,0,0,551,351,25,5655,10,1401,17,10
"85","2020-06-05",62,1,82,210,6005,0.704579517069109,0,0,551,351,16,5671,5,1406,11,5
"86","2020-06-06",57,1,82,205,6005,0.704579517069109,0,0,551,351,20,5691,10,1416,13,10
"87","2020-06-07",61,1,63,203,6005,0.704579517069109,0,0,551,351,16,5707,4,1420,15,4
"88","2020-03-14",1,2,24,62,3997,0.751563672754566,0,0,373,223,14,65,4,12,4,4
"89","2020-03-15",3,2,29,82,3997,0.751563672754566,0,0,373,223,21,86,10,22,9,10
"90","2020-03-16",6,2,36,104,3997,0.751563672754566,0,0,373,223,21,107,9,31,6,9
"91","2020-03-17",11,2,40,132,3997,0.751563672754566,0,0,373,223,28,135,15,46,7,15
"92","2020-03-18",14,2,52,146,3997,0.751563672754566,0,0,373,223,27,162,9,55,10,9
"93","2020-03-19",18,2,43,177,3997,0.751563672754566,0,0,373,223,31,193,7,62,15,7
"94","2020-03-20",23,2,49,208,3997,0.751563672754566,0,0,373,223,37,230,13,75,18,13
"95","2020-03-21",28,2,52,232,3997,0.751563672754566,0,0,373,223,27,257,11,86,10,11
"96","2020-03-22",35,2,51,275,3997,0.751563672754566,0,0,373,223,33,290,12,98,17,12
"97","2020-03-23",39,2,48,308,3997,0.751563672754566,0,0,373,223,32,322,3,101,17,3
"98","2020-03-24",38,2,51,339,3997,0.751563672754566,0,0,373,223,36,358,13,114,17,13
"99","2020-03-25",48,2,53,377,3997,0.751563672754566,0,0,373,223,40,398,10,124,22,10
"100","2020-03-26",60,2,56,399,3997,0.751563672754566,0,0,373,223,38,436,25,149,23,25
"101","2020-03-27",70,2,52,420,3997,0.751563672754566,0,0,373,223,36,472,13,162,11,13
"102","2020-03-28",77,2,45,432,3997,0.751563672754566,0,0,373,223,39,511,18,180,21,18
"103","2020-03-29",86,2,47,450,3997,0.751563672754566,0,0,373,223,47,558,20,200,26,20
"104","2020-03-30",98,2,57,481,3997,0.751563672754566,0,0,373,223,46,604,36,236,16,36
"105","2020-03-31",114,2,56,485,3997,0.751563672754566,0,0,373,223,35,639,23,259,18,23
"106","2020-04-01",122,2,55,496,3997,0.751563672754566,0,0,373,223,31,670,21,280,14,21
"107","2020-04-02",131,2,61,511,3997,0.751563672754566,0,0,373,223,47,717,22,302,20,22
"108","2020-04-03",132,2,70,545,3997,0.751563672754566,0,0,373,223,33,750,30,332,14,30
"109","2020-04-04",153,2,67,560,3997,0.751563672754566,0,0,373,223,41,791,24,356,16,24
"110","2020-04-05",153,2,66,587,3997,0.751563672754566,0,0,373,223,45,836,27,383,23,27
"111","2020-04-06",151,2,59,601,3997,0.751563672754566,0,0,373,223,38,874,40,423,17,40
"112","2020-04-07",154,2,55,637,3997,0.751563672754566,0,0,373,223,37,911,30,453,19,30
"113","2020-04-08",159,2,57,653,3997,0.751563672754566,0,0,373,223,38,949,27,480,18,27
"114","2020-04-09",150,2,60,673,3997,0.751563672754566,0,0,373,223,45,994,22,502,15,22
"115","2020-04-10",162,2,69,711,3997,0.751563672754566,0,0,373,223,36,1030,22,524,18,22
"116","2020-04-11",158,2,70,735,3997,0.751563672754566,0,0,373,223,38,1068,15,539,18,15
"117","2020-04-12",164,2,75,749,3997,0.751563672754566,0,0,373,223,32,1100,14,553,12,14
"118","2020-04-13",183,2,78,755,3997,0.751563672754566,0,0,373,223,40,1140,13,566,15,13
"119","2020-04-14",185,2,95,781,3997,0.751563672754566,0,0,373,223,42,1182,10,576,19,10
"120","2020-04-15",182,2,94,784,3997,0.751563672754566,0,0,373,223,38,1220,11,587,14,11
"121","2020-04-16",200,2,88,778,3997,0.751563672754566,0,0,373,223,32,1252,10,597,15,10
"122","2020-04-17",199,2,73,786,3997,0.751563672754566,0,0,373,223,48,1300,13,610,27,13
"123","2020-04-18",191,2,70,787,3997,0.751563672754566,0,0,373,223,54,1354,23,633,26,23
"124","2020-04-19",209,2,86,804,3997,0.751563672754566,0,0,373,223,44,1398,28,661,17,28
"125","2020-04-20",205,2,100,782,3997,0.751563672754566,0,0,373,223,38,1436,27,688,25,27
"126","2020-04-21",207,2,108,794,3997,0.751563672754566,0,0,373,223,39,1475,26,714,21,26
"127","2020-04-22",218,2,104,792,3997,0.751563672754566,0,0,373,223,40,1515,25,739,18,25
"128","2020-04-23",224,2,103,797,3997,0.751563672754566,0,0,373,223,44,1559,15,754,19,15
"129","2020-04-24",228,2,108,777,3997,0.751563672754566,0,0,373,223,32,1591,18,772,18,18
"130","2020-04-25",232,2,105,751,3997,0.751563672754566,0,0,373,223,42,1633,22,794,21,22
"131","2020-04-26",214,2,97,743,3997,0.751563672754566,0,0,373,223,32,1665,20,814,12,20
"132","2020-04-27",210,2,99,721,3997,0.751563672754566,0,0,373,223,38,1703,15,829,17,15
"133","2020-04-28",211,2,96,704,3997,0.751563672754566,0,0,373,223,46,1749,16,845,21,16
"134","2020-04-29",211,2,96,669,3997,0.751563672754566,0,0,373,223,56,1805,8,853,24,8
"135","2020-04-30",201,2,83,652,3997,0.751563672754566,0,0,373,223,36,1841,27,880,18,27
"136","2020-05-01",207,2,75,634,3997,0.751563672754566,0,0,373,223,36,1877,26,906,14,26
"137","2020-05-02",208,2,71,619,3997,0.751563672754566,0,0,373,223,33,1910,24,930,14,24
"138","2020-05-03",209,2,69,609,3997,0.751563672754566,0,0,373,223,40,1950,20,950,15,20
"139","2020-05-04",207,2,68,596,3997,0.751563672754566,0,0,373,223,36,1986,15,965,14,15
"140","2020-05-05",202,2,72,586,3997,0.751563672754566,0,0,373,223,40,2026,26,991,22,26
"141","2020-05-06",185,2,92,567,3997,0.751563672754566,0,0,373,223,30,2056,32,1023,8,32
"142","2020-05-07",176,2,93,548,3997,0.751563672754566,0,0,373,223,27,2083,20,1043,13,20
"143","2020-05-08",164,2,87,530,3997,0.751563672754566,0,0,373,223,36,2119,25,1068,22,25
"144","2020-05-09",156,2,87,514,3997,0.751563672754566,0,0,373,223,44,2163,22,1090,17,22
"145","2020-05-10",156,2,70,489,3997,0.751563672754566,0,0,373,223,25,2188,39,1129,10,39
"146","2020-05-11",151,2,74,475,3997,0.751563672754566,0,0,373,223,25,2213,20,1149,9,20
"147","2020-05-12",146,2,79,455,3997,0.751563672754566,0,0,373,223,33,2246,19,1168,16,19
"148","2020-05-13",145,2,80,462,3997,0.751563672754566,0,0,373,223,36,2282,24,1192,12,24
"149","2020-05-14",142,2,68,446,3997,0.751563672754566,0,0,373,223,24,2306,28,1220,7,28
"150","2020-05-15",141,2,76,436,3997,0.751563672754566,0,0,373,223,30,2336,20,1240,7,20
"151","2020-05-16",153,2,80,415,3997,0.751563672754566,0,0,373,223,30,2366,18,1258,11,18
"152","2020-05-17",139,2,73,413,3997,0.751563672754566,0,0,373,223,27,2393,23,1281,14,23
"153","2020-05-18",132,2,69,401,3997,0.751563672754566,0,0,373,223,30,2423,34,1315,15,34
"154","2020-05-19",128,2,69,385,3997,0.751563672754566,0,0,373,223,25,2448,32,1347,10,32
"155","2020-05-20",125,2,81,381,3997,0.751563672754566,0,0,373,223,26,2474,21,1368,8,21
"156","2020-05-21",124,2,80,364,3997,0.751563672754566,0,0,373,223,25,2499,24,1392,6,24
"157","2020-05-22",114,2,78,337,3997,0.751563672754566,0,0,373,223,23,2522,21,1413,9,21
"158","2020-05-23",96,2,82,330,3997,0.751563672754566,0,0,373,223,23,2545,37,1450,11,37
"159","2020-05-24",92,2,82,317,3997,0.751563672754566,0,0,373,223,17,2562,30,1480,5,30
"160","2020-05-25",94,2,81,309,3997,0.751563672754566,0,0,373,223,19,2581,23,1503,8,23
"161","2020-05-26",90,2,77,304,3997,0.751563672754566,0,0,373,223,22,2603,17,1520,10,17
"162","2020-05-27",86,2,75,297,3997,0.751563672754566,0,0,373,223,16,2619,15,1535,7,15
"163","2020-05-28",85,2,69,301,3997,0.751563672754566,0,0,373,223,22,2641,29,1564,11,29
"164","2020-05-29",83,2,67,293,3997,0.751563672754566,0,0,373,223,21,2662,13,1577,11,13
"165","2020-05-30",79,2,65,282,3997,0.751563672754566,0,0,373,223,14,2676,8,1585,5,8
"166","2020-05-31",81,2,63,278,3997,0.751563672754566,0,0,373,223,14,2690,14,1599,6,14
"167","2020-06-01",83,2,56,270,3997,0.751563672754566,0,0,373,223,19,2709,12,1611,8,12
"168","2020-06-02",83,2,53,261,3997,0.751563672754566,0,0,373,223,17,2726,14,1625,8,14
"169","2020-06-03",90,2,45,249,3997,0.751563672754566,0,0,373,223,14,2740,10,1635,7,10
"170","2020-06-04",84,2,48,235,3997,0.751563672754566,0,0,373,223,22,2762,15,1650,11,15
"171","2020-06-05",81,2,46,220,3997,0.751563672754566,0,0,373,223,25,2787,7,1657,10,7
"172","2020-06-06",81,2,39,212,3997,0.751563672754566,0,0,373,223,18,2805,7,1664,11,7
"173","2020-06-07",82,2,39,204,3997,0.751563672754566,0,0,373,223,7,2812,7,1671,2,7
"174","2020-03-12",1,3,49,31,3666,0.493180578286961,0,0,322,755,8,14,10,15,4,10
"175","2020-03-13",1,3,92,59,3666,0.493180578286961,0,0,322,755,15,29,4,19,5,4
"176","2020-03-14",1,3,117,84,3666,0.493180578286961,0,0,322,755,17,46,5,24,10,5
"177","2020-03-15",4,3,109,116,3666,0.493180578286961,0,0,322,755,18,64,3,27,9,3
"178","2020-03-16",8,3,119,141,3666,0.493180578286961,0,0,322,755,16,80,8,35,11,8
"179","2020-03-17",12,3,127,172,3666,0.493180578286961,0,0,322,755,23,103,9,44,16,9
"180","2020-03-18",16,3,127,206,3666,0.493180578286961,0,0,322,755,30,133,6,50,18,6
"181","2020-03-19",21,3,132,240,3666,0.493180578286961,0,0,322,755,15,148,8,58,12,8
"182","2020-03-20",27,3,140,264,3666,0.493180578286961,0,0,322,755,22,170,8,66,20,8
"183","2020-03-21",40,3,175,299,3666,0.493180578286961,0,0,322,755,33,203,6,72,27,6
"184","2020-03-22",47,3,204,333,3666,0.493180578286961,0,0,322,755,40,243,3,75,31,3
"185","2020-03-23",56,3,229,354,3666,0.493180578286961,0,0,322,755,35,278,14,89,28,14
"186","2020-03-24",68,3,224,375,3666,0.493180578286961,0,0,322,755,54,332,9,98,43,9
"187","2020-03-25",78,3,241,400,3666,0.493180578286961,0,0,322,755,44,376,16,114,39,16
"188","2020-03-26",89,3,262,427,3666,0.493180578286961,0,0,322,755,56,432,10,124,52,10
"189","2020-03-27",94,3,267,423,3666,0.493180578286961,0,0,322,755,55,487,13,137,49,13
"190","2020-03-28",100,3,279,441,3666,0.493180578286961,0,0,322,755,66,553,9,146,63,9
"191","2020-03-29",111,3,287,426,3666,0.493180578286961,0,0,322,755,68,621,16,162,56,16
"192","2020-03-30",120,3,282,429,3666,0.493180578286961,0,0,322,755,72,693,18,180,65,18
"193","2020-03-31",130,3,287,440,3666,0.493180578286961,0,0,322,755,92,785,20,200,81,20
"194","2020-04-01",137,3,275,445,3666,0.493180578286961,0,0,322,755,79,864,32,232,73,32
"195","2020-04-02",142,3,278,453,3666,0.493180578286961,0,0,322,755,130,994,22,254,118,22
"196","2020-04-03",156,3,266,461,3666,0.493180578286961,0,0,322,755,125,1119,26,280,119,26
"197","2020-04-04",155,3,276,477,3666,0.493180578286961,0,0,322,755,147,1266,37,317,138,37
"198","2020-04-05",156,3,253,506,3666,0.493180578286961,0,0,322,755,121,1387,38,355,118,38
"199","2020-04-06",158,3,236,514,3666,0.493180578286961,0,0,322,755,142,1529,27,382,140,27
"200","2020-04-07",150,3,259,510,3666,0.493180578286961,0,0,322,755,138,1667,39,421,125,39
"201","2020-04-08",142,3,281,524,3666,0.493180578286961,0,0,322,755,141,1808,28,449,133,28
"202","2020-04-09",137,3,274,543,3666,0.493180578286961,0,0,322,755,165,1973,28,477,157,28
"203","2020-04-10",133,3,248,563,3666,0.493180578286961,0,0,322,755,144,2117,22,499,138,22
"204","2020-04-11",144,3,258,587,3666,0.493180578286961,0,0,322,755,149,2266,23,522,145,23
"205","2020-04-12",146,3,238,602,3666,0.493180578286961,0,0,322,755,162,2428,29,551,151,29
"206","2020-04-13",144,3,237,598,3666,0.493180578286961,0,0,322,755,177,2605,24,575,169,24
"207","2020-04-14",150,3,238,598,3666,0.493180578286961,0,0,322,755,175,2780,27,602,167,27
"208","2020-04-15",162,3,236,612,3666,0.493180578286961,0,0,322,755,196,2976,27,629,188,27
"209","2020-04-16",168,3,247,626,3666,0.493180578286961,0,0,322,755,208,3184,22,651,204,22
"210","2020-04-17",175,3,267,609,3666,0.493180578286961,0,0,322,755,182,3366,16,667,173,16
"211","2020-04-18",170,3,287,609,3666,0.493180578286961,0,0,322,755,172,3538,17,684,165,17
"212","2020-04-19",173,3,280,596,3666,0.493180578286961,0,0,322,755,136,3674,12,696,133,12
"213","2020-04-20",178,3,268,605,3666,0.493180578286961,0,0,322,755,140,3814,22,718,137,22
"214","2020-04-21",172,3,258,610,3666,0.493180578286961,0,0,322,755,148,3962,34,752,143,34
"215","2020-04-22",165,3,256,604,3666,0.493180578286961,0,0,322,755,125,4087,28,780,121,28
"216","2020-04-23",167,3,244,608,3666,0.493180578286961,0,0,322,755,121,4208,35,815,115,35
"217","2020-04-24",154,3,252,600,3666,0.493180578286961,0,0,322,755,126,4334,31,846,119,31
"218","2020-04-25",152,3,254,600,3666,0.493180578286961,0,0,322,755,88,4422,32,878,85,32
"219","2020-04-26",149,3,281,605,3666,0.493180578286961,0,0,322,755,105,4527,26,904,102,26
"220","2020-04-27",152,3,297,605,3666,0.493180578286961,0,0,322,755,86,4613,33,937,82,33
"221","2020-04-28",155,3,298,597,3666,0.493180578286961,0,0,322,755,91,4704,27,964,88,27
"222","2020-04-29",163,3,286,583,3666,0.493180578286961,0,0,322,755,91,4795,28,992,89,28
"223","2020-04-30",164,3,277,577,3666,0.493180578286961,0,0,322,755,78,4873,33,1025,74,33
"224","2020-05-01",171,3,272,577,3666,0.493180578286961,0,0,322,755,77,4950,32,1057,70,32
"225","2020-05-02",169,3,250,558,3666,0.493180578286961,0,0,322,755,66,5016,22,1079,63,22
"226","2020-05-03",172,3,269,554,3666,0.493180578286961,0,0,322,755,59,5075,20,1099,57,20
"227","2020-05-04",167,3,274,537,3666,0.493180578286961,0,0,322,755,66,5141,25,1124,62,25
"228","2020-05-05",167,3,292,519,3666,0.493180578286961,0,0,322,755,43,5184,15,1139,41,15
"229","2020-05-06",172,3,298,522,3666,0.493180578286961,0,0,322,755,41,5225,20,1159,39,20
"230","2020-05-07",166,3,279,505,3666,0.493180578286961,0,0,322,755,42,5267,16,1175,37,16
"231","2020-05-08",161,3,265,514,3666,0.493180578286961,0,0,322,755,36,5303,16,1191,31,16
"232","2020-05-09",162,3,271,506,3666,0.493180578286961,0,0,322,755,21,5324,7,1198,21,7
"233","2020-05-10",146,3,281,496,3666,0.493180578286961,0,0,322,755,36,5360,26,1224,34,26
"234","2020-05-11",132,3,294,482,3666,0.493180578286961,0,0,322,755,26,5386,16,1240,23,16
"235","2020-05-12",132,3,293,461,3666,0.493180578286961,0,0,322,755,20,5406,20,1260,19,20
"236","2020-05-13",119,3,267,452,3666,0.493180578286961,0,0,322,755,27,5433,16,1276,23,16
"237","2020-05-14",119,3,247,429,3666,0.493180578286961,0,0,322,755,23,5456,16,1292,21,16
"238","2020-05-15",117,3,241,426,3666,0.493180578286961,0,0,322,755,21,5477,19,1311,18,19
"239","2020-05-16",113,3,247,422,3666,0.493180578286961,0,0,322,755,18,5495,9,1320,15,9
"240","2020-05-17",116,3,231,413,3666,0.493180578286961,0,0,322,755,14,5509,27,1347,11,27
"241","2020-05-18",125,3,228,402,3666,0.493180578286961,0,0,322,755,11,5520,13,1360,10,13
"242","2020-05-19",123,3,231,372,3666,0.493180578286961,0,0,322,755,23,5543,21,1381,21,21
"243","2020-05-20",117,3,233,371,3666,0.493180578286961,0,0,322,755,18,5561,20,1401,16,20
"244","2020-05-21",109,3,248,359,3666,0.493180578286961,0,0,322,755,7,5568,22,1423,7,22
"245","2020-05-22",114,3,243,348,3666,0.493180578286961,0,0,322,755,11,5579,31,1454,9,31
"246","2020-05-23",107,3,239,344,3666,0.493180578286961,0,0,322,755,12,5591,21,1475,10,21
"247","2020-05-24",110,3,247,344,3666,0.493180578286961,0,0,322,755,20,5611,26,1501,19,26
"248","2020-05-25",99,3,248,334,3666,0.493180578286961,0,0,322,755,11,5622,29,1530,9,29
"249","2020-05-26",95,3,261,333,3666,0.493180578286961,0,0,322,755,10,5632,21,1551,8,21
"250","2020-05-27",94,3,273,316,3666,0.493180578286961,0,0,322,755,14,5646,21,1572,13,21
"251","2020-05-28",94,3,258,304,3666,0.493180578286961,0,0,322,755,18,5664,12,1584,16,12
"252","2020-05-29",90,3,261,305,3666,0.493180578286961,0,0,322,755,11,5675,15,1599,9,15
"253","2020-05-30",90,3,256,295,3666,0.493180578286961,0,0,322,755,5,5680,11,1610,4,11
"254","2020-05-31",90,3,247,290,3666,0.493180578286961,0,0,322,755,5,5685,10,1620,5,10
"255","2020-06-01",92,3,242,291,3666,0.493180578286961,0,0,322,755,13,5698,11,1631,9,12
"256","2020-06-02",94,3,237,274,3666,0.493180578286961,0,0,322,755,4,5702,5,1636,4,5
"257","2020-06-03",95,3,233,266,3666,0.493180578286961,0,0,322,755,7,5709,11,1647,6,11
"258","2020-06-04",96,3,229,262,3666,0.493180578286961,0,0,322,755,5,5714,10,1657,5,10
"259","2020-06-05",88,3,233,265,3666,0.493180578286961,0,0,322,755,11,5725,9,1666,10,9
"260","2020-06-06",86,3,230,251,3666,0.493180578286961,0,0,322,755,13,5738,4,1670,12,4
"261","2020-06-07",79,3,238,231,3666,0.493180578286961,0,0,322,755,5,5743,11,1681,3,11
"262","2020-03-13",1,4,40,30,3329,0.768098528086512,0,0,247,383,36,87,6,35,12,6
"263","2020-03-14",2,4,35,45,3329,0.768098528086512,0,0,247,383,25,112,11,46,12,11
"264","2020-03-15",3,4,47,62,3329,0.768098528086512,0,0,247,383,41,153,16,62,19,16
"265","2020-03-16",4,4,49,86,3329,0.768098528086512,0,0,247,383,57,210,21,83,40,21
"266","2020-03-17",5,4,51,105,3329,0.768098528086512,0,0,247,383,64,274,16,99,44,16
"267","2020-03-18",10,4,46,126,3329,0.768098528086512,0,0,247,383,66,340,15,114,51,15
"268","2020-03-19",13,4,42,143,3329,0.768098528086512,0,0,247,383,100,440,12,126,74,12
"269","2020-03-20",18,4,36,173,3329,0.768098528086512,0,0,247,383,99,539,19,145,85,19
"270","2020-03-21",22,4,37,193,3329,0.768098528086512,0,0,247,383,144,683,24,169,127,24
"271","2020-03-22",26,4,44,208,3329,0.768098528086512,0,0,247,383,152,835,12,181,129,12
"272","2020-03-23",34,4,39,221,3329,0.768098528086512,0,0,247,383,176,1011,11,192,154,11
"273","2020-03-24",42,4,43,247,3329,0.768098528086512,0,0,247,383,206,1217,42,234,191,42
"274","2020-03-25",53,4,52,262,3329,0.768098528086512,0,0,247,383,224,1441,14,248,215,14
"275","2020-03-26",61,4,65,283,3329,0.768098528086512,0,0,247,383,303,1744,19,267,283,19
"276","2020-03-27",59,4,59,307,3329,0.768098528086512,0,0,247,383,364,2108,34,301,346,34
"277","2020-03-28",68,4,49,325,3329,0.768098528086512,0,0,247,383,455,2563,21,322,432,21
"278","2020-03-29",69,4,51,353,3329,0.768098528086512,0,0,247,383,413,2976,38,360,404,38
"279","2020-03-30",72,4,56,359,3329,0.768098528086512,0,0,247,383,434,3410,35,395,419,35
"280","2020-03-31",78,4,59,372,3329,0.768098528086512,0,0,247,383,407,3817,34,429,393,34
"281","2020-04-01",78,4,78,400,3329,0.768098528086512,0,0,247,383,441,4258,51,480,428,51
"282","2020-04-02",86,4,68,408,3329,0.768098528086512,0,0,247,383,473,4731,37,517,461,37
"283","2020-04-03",97,4,66,405,3329,0.768098528086512,0,0,247,383,439,5170,49,566,428,49
"284","2020-04-04",96,4,53,413,3329,0.768098528086512,0,0,247,383,379,5549,37,603,367,37
"285","2020-04-05",106,4,61,427,3329,0.768098528086512,0,0,247,383,328,5877,20,623,322,20
"286","2020-04-06",113,4,62,418,3329,0.768098528086512,0,0,247,383,296,6173,45,668,285,45
"287","2020-04-07",115,4,96,441,3329,0.768098528086512,0,0,247,383,246,6419,25,693,236,25
"288","2020-04-08",125,4,110,462,3329,0.768098528086512,0,0,247,383,215,6634,56,749,206,56
"289","2020-04-09",125,4,106,472,3329,0.768098528086512,0,0,247,383,146,6780,27,776,141,27
"290","2020-04-10",127,4,101,472,3329,0.768098528086512,0,0,247,383,141,6921,25,801,135,25
"291","2020-04-11",137,4,114,486,3329,0.768098528086512,0,0,247,383,112,7033,33,834,109,33
"292","2020-04-12",139,4,123,503,3329,0.768098528086512,0,0,247,383,83,7116,28,862,77,28
"293","2020-04-13",146,4,128,517,3329,0.768098528086512,0,0,247,383,74,7190,38,900,70,38
"294","2020-04-14",153,4,132,529,3329,0.768098528086512,0,0,247,383,55,7245,57,957,52,57
"295","2020-04-15",144,4,130,537,3329,0.768098528086512,0,0,247,383,55,7300,35,992,51,35
"296","2020-04-16",141,4,114,539,3329,0.768098528086512,0,0,247,383,43,7343,61,1053,37,61
"297","2020-04-17",139,4,112,550,3329,0.768098528086512,0,0,247,383,35,7378,58,1111,35,58
"298","2020-04-18",133,4,123,552,3329,0.768098528086512,0,0,247,383,29,7407,47,1158,29,47
"299","2020-04-19",137,4,118,574,3329,0.768098528086512,0,0,247,383,21,7428,36,1194,18,36
"300","2020-04-20",138,4,101,586,3329,0.768098528086512,0,0,247,383,21,7449,44,1238,19,44
"301","2020-04-21",134,4,88,586,3329,0.768098528086512,0,0,247,383,9,7458,18,1256,9,18
"302","2020-04-22",150,4,80,601,3329,0.768098528086512,0,0,247,383,9,7467,58,1314,5,58
"303","2020-04-23",153,4,68,625,3329,0.768098528086512,0,0,247,383,15,7482,32,1346,13,32
"304","2020-04-24",167,4,70,632,3329,0.768098528086512,0,0,247,383,5,7487,24,1370,4,24
"305","2020-04-25",171,4,71,632,3329,0.768098528086512,0,0,247,383,7,7494,35,1405,3,35
"306","2020-04-26",170,4,66,633,3329,0.768098528086512,0,0,247,383,5,7499,27,1432,4,27
"307","2020-04-27",174,4,66,639,3329,0.768098528086512,0,0,247,383,5,7504,28,1460,4,28
"308","2020-04-28",175,4,79,637,3329,0.768098528086512,0,0,247,383,4,7508,32,1492,2,32
"309","2020-04-29",162,4,73,633,3329,0.768098528086512,0,0,247,383,8,7516,60,1552,5,60
"310","2020-04-30",172,4,106,630,3329,0.768098528086512,0,0,247,383,5,7521,61,1613,3,61
"311","2020-05-01",160,4,102,616,3329,0.768098528086512,0,0,247,383,2,7523,50,1663,2,50
"312","2020-05-02",160,4,115,615,3329,0.768098528086512,0,0,247,383,6,7529,38,1701,2,38
"313","2020-05-03",161,4,106,605,3329,0.768098528086512,0,0,247,383,4,7533,18,1719,2,18
"314","2020-05-04",150,4,110,599,3329,0.768098528086512,0,0,247,383,4,7537,21,1740,4,21
"315","2020-05-05",157,4,126,604,3329,0.768098528086512,0,0,247,383,5,7542,14,1754,1,14
"316","2020-05-06",158,4,123,587,3329,0.768098528086512,0,0,247,383,7,7549,11,1765,3,11
"317","2020-05-07",146,4,128,576,3329,0.768098528086512,0,0,247,383,8,7557,21,1786,2,21
"318","2020-05-08",159,4,132,574,3329,0.768098528086512,0,0,247,383,2,7559,30,1816,1,30
"319","2020-05-09",157,4,120,550,3329,0.768098528086512,0,0,247,383,4,7563,27,1843,3,27
"320","2020-05-10",160,4,118,543,3329,0.768098528086512,0,0,247,383,3,7566,12,1855,2,12
"321","2020-05-11",158,4,105,525,3329,0.768098528086512,0,0,247,383,3,7569,9,1864,1,9
"322","2020-05-12",148,4,105,507,3329,0.768098528086512,0,0,247,383,5,7574,30,1894,3,30
"323","2020-05-13",157,4,113,489,3329,0.768098528086512,0,0,247,383,2,7576,17,1911,1,17
"324","2020-05-14",165,4,117,483,3329,0.768098528086512,0,0,247,383,1,7577,12,1923,NA,12
"325","2020-05-15",155,4,121,460,3329,0.768098528086512,0,0,247,383,NA,NA,21,1944,NA,21
"326","2020-05-16",161,4,105,431,3329,0.768098528086512,0,0,247,383,4,7581,42,1986,NA,42
"327","2020-05-17",147,4,102,426,3329,0.768098528086512,0,0,247,383,2,7583,46,2032,1,46
"328","2020-05-18",149,4,99,410,3329,0.768098528086512,0,0,247,383,2,7585,30,2062,1,30
"329","2020-05-19",142,4,102,394,3329,0.768098528086512,0,0,247,383,2,7587,26,2088,NA,26
"330","2020-05-20",127,4,101,375,3329,0.768098528086512,0,0,247,383,4,7591,38,2126,4,38
"331","2020-05-21",113,4,97,352,3329,0.768098528086512,0,0,247,383,NA,NA,23,2149,NA,23
"332","2020-05-22",114,4,105,336,3329,0.768098528086512,0,0,247,383,4,7595,15,2164,3,15
"333","2020-05-23",101,4,105,313,3329,0.768098528086512,0,0,247,383,3,7598,14,2178,3,14
"334","2020-05-24",103,4,122,287,3329,0.768098528086512,0,0,247,383,4,7602,37,2215,2,37
"335","2020-05-25",96,4,100,288,3329,0.768098528086512,0,0,247,383,5,7607,33,2248,2,33
"336","2020-05-26",97,4,110,264,3329,0.768098528086512,0,0,247,383,1,7608,24,2272,1,24
"337","2020-05-27",91,4,106,259,3329,0.768098528086512,0,0,247,383,2,7610,35,2307,1,35
"338","2020-05-28",90,4,102,241,3329,0.768098528086512,0,0,247,383,2,7612,25,2332,2,25
"339","2020-05-29",83,4,97,227,3329,0.768098528086512,0,0,247,383,2,7614,44,2376,2,44
"340","2020-05-30",75,4,98,213,3329,0.768098528086512,0,0,247,383,NA,NA,37,2413,NA,37
"341","2020-05-31",74,4,93,206,3329,0.768098528086512,0,0,247,383,2,7616,9,2422,1,9
"342","2020-06-01",68,4,84,197,3329,0.768098528086512,0,0,247,383,2,7618,15,2437,1,15
"343","2020-06-02",64,4,77,186,3329,0.768098528086512,0,0,247,383,2,7620,17,2454,1,17
"344","2020-06-03",60,4,79,187,3329,0.768098528086512,0,0,247,383,1,7621,38,2492,NA,38
"345","2020-06-04",59,4,84,182,3329,0.768098528086512,0,0,247,383,3,7624,40,2532,2,40
"346","2020-06-05",57,4,89,181,3329,0.768098528086512,0,0,247,383,1,7625,31,2563,1,31
"347","2020-06-06",59,4,93,178,3329,0.768098528086512,0,0,247,383,2,7627,17,2580,NA,17
"348","2020-06-07",53,4,87,168,3329,0.768098528086512,0,0,247,383,NA,NA,16,2596,NA,16
"349","2020-03-14",2,5,23,80,3047,0.595339678372169,0,0,288,218,15,35,3,43,4,3
"350","2020-03-15",3,5,23,95,3047,0.595339678372169,0,0,288,218,15,50,11,54,7,11
"351","2020-03-16",4,5,24,121,3047,0.595339678372169,0,0,288,218,13,63,15,69,6,15
"352","2020-03-17",8,5,26,144,3047,0.595339678372169,0,0,288,218,17,80,7,76,14,7
"353","2020-03-18",14,5,28,166,3047,0.595339678372169,0,0,288,218,7,87,13,89,4,13
"354","2020-03-19",18,5,28,198,3047,0.595339678372169,0,0,288,218,15,102,8,97,9,8
"355","2020-03-20",22,5,29,224,3047,0.595339678372169,0,0,288,218,30,132,4,101,22,4
"356","2020-03-21",30,5,28,259,3047,0.595339678372169,0,0,288,218,18,150,11,112,12,11
"357","2020-03-22",33,5,28,286,3047,0.595339678372169,0,0,288,218,18,168,7,119,11,7
"358","2020-03-23",42,5,32,305,3047,0.595339678372169,0,0,288,218,29,197,14,133,25,14
"359","2020-03-24",54,5,32,343,3047,0.595339678372169,0,0,288,218,27,224,9,142,21,9
"360","2020-03-25",58,5,38,370,3047,0.595339678372169,0,0,288,218,18,242,21,163,11,21
"361","2020-03-26",75,5,42,392,3047,0.595339678372169,0,0,288,218,28,270,14,177,19,14
"362","2020-03-27",92,5,47,404,3047,0.595339678372169,0,0,288,218,27,297,12,189,17,12
"363","2020-03-28",106,5,48,423,3047,0.595339678372169,0,0,288,218,35,332,17,206,25,17
"364","2020-03-29",117,5,40,448,3047,0.595339678372169,0,0,288,218,23,355,30,236,19,30
"365","2020-03-30",128,5,57,474,3047,0.595339678372169,0,0,288,218,43,398,28,264,32,28
"366","2020-03-31",122,5,60,487,3047,0.595339678372169,0,0,288,218,31,429,29,293,27,29
"367","2020-04-01",129,5,70,504,3047,0.595339678372169,0,0,288,218,31,460,20,313,23,20
"368","2020-04-02",126,5,68,510,3047,0.595339678372169,0,0,288,218,43,503,15,328,31,15
"369","2020-04-03",126,5,76,498,3047,0.595339678372169,0,0,288,218,29,532,24,352,20,24
"370","2020-04-04",123,5,81,513,3047,0.595339678372169,0,0,288,218,33,565,23,375,23,23
"371","2020-04-05",135,5,78,504,3047,0.595339678372169,0,0,288,218,40,605,28,403,31,28
"372","2020-04-06",139,5,77,488,3047,0.595339678372169,0,0,288,218,35,640,17,420,27,17
"373","2020-04-07",149,5,71,491,3047,0.595339678372169,0,0,288,218,35,675,22,442,32,22
"374","2020-04-08",154,5,63,483,3047,0.595339678372169,0,0,288,218,45,720,35,477,35,35
"375","2020-04-09",157,5,70,489,3047,0.595339678372169,0,0,288,218,40,760,36,513,29,36
"376","2020-04-10",156,5,61,492,3047,0.595339678372169,0,0,288,218,38,798,26,539,33,26
"377","2020-04-11",149,5,71,483,3047,0.595339678372169,0,0,288,218,31,829,24,563,26,24
"378","2020-04-12",141,5,70,475,3047,0.595339678372169,0,0,288,218,38,867,11,574,28,11
"379","2020-04-13",134,5,69,463,3047,0.595339678372169,0,0,288,218,31,898,13,587,20,13
"380","2020-04-14",133,5,67,453,3047,0.595339678372169,0,0,288,218,42,940,32,619,33,32
"381","2020-04-15",124,5,75,455,3047,0.595339678372169,0,0,288,218,22,962,14,633,12,14
"382","2020-04-16",118,5,80,467,3047,0.595339678372169,0,0,288,218,33,995,38,671,22,38
"383","2020-04-17",112,5,81,466,3047,0.595339678372169,0,0,288,218,46,1041,25,696,31,25
"384","2020-04-18",113,5,90,462,3047,0.595339678372169,0,0,288,218,25,1066,24,720,18,24
"385","2020-04-19",113,5,111,462,3047,0.595339678372169,0,0,288,218,39,1105,26,746,31,26
"386","2020-04-20",111,5,121,450,3047,0.595339678372169,0,0,288,218,41,1146,37,783,25,37
"387","2020-04-21",114,5,109,448,3047,0.595339678372169,0,0,288,218,32,1178,36,819,16,36
"388","2020-04-22",124,5,99,451,3047,0.595339678372169,0,0,288,218,32,1210,34,853,23,34
"389","2020-04-23",130,5,84,440,3047,0.595339678372169,0,0,288,218,30,1240,18,871,24,18
"390","2020-04-24",133,5,84,440,3047,0.595339678372169,0,0,288,218,28,1268,20,891,24,20
"391","2020-04-25",139,5,88,434,3047,0.595339678372169,0,0,288,218,40,1308,17,908,30,17
"392","2020-04-26",136,5,77,433,3047,0.595339678372169,0,0,288,218,47,1355,27,935,34,27
"393","2020-04-27",142,5,67,425,3047,0.595339678372169,0,0,288,218,34,1389,42,977,24,42
"394","2020-04-28",131,5,65,428,3047,0.595339678372169,0,0,288,218,28,1417,26,1003,20,26
"395","2020-04-29",133,5,78,424,3047,0.595339678372169,0,0,288,218,35,1452,36,1039,30,36
"396","2020-04-30",125,5,83,432,3047,0.595339678372169,0,0,288,218,31,1483,27,1066,22,27
"397","2020-05-01",125,5,91,437,3047,0.595339678372169,0,0,288,218,30,1513,33,1099,25,33
"398","2020-05-02",118,5,79,417,3047,0.595339678372169,0,0,288,218,25,1538,24,1123,19,24
"399","2020-05-03",121,5,76,416,3047,0.595339678372169,0,0,288,218,32,1570,34,1157,19,34
"400","2020-05-04",113,5,65,410,3047,0.595339678372169,0,0,288,218,27,1597,39,1196,17,39
"401","2020-05-05",122,5,76,408,3047,0.595339678372169,0,0,288,218,26,1623,25,1221,15,25
"402","2020-05-06",119,5,75,409,3047,0.595339678372169,0,0,288,218,33,1656,25,1246,22,25
"403","2020-05-07",121,5,79,408,3047,0.595339678372169,0,0,288,218,25,1681,27,1273,17,27
"404","2020-05-08",118,5,84,409,3047,0.595339678372169,0,0,288,218,31,1712,28,1301,21,28
"405","2020-05-09",127,5,91,407,3047,0.595339678372169,0,0,288,218,25,1737,28,1329,18,28
"406","2020-05-10",126,5,100,404,3047,0.595339678372169,0,0,288,218,33,1770,18,1347,25,18
"407","2020-05-11",120,5,105,407,3047,0.595339678372169,0,0,288,218,32,1802,22,1369,26,22
"408","2020-05-12",115,5,96,391,3047,0.595339678372169,0,0,288,218,37,1839,38,1407,30,38
"409","2020-05-13",108,5,96,388,3047,0.595339678372169,0,0,288,218,40,1879,43,1450,27,43
"410","2020-05-14",114,5,83,372,3047,0.595339678372169,0,0,288,218,30,1909,24,1474,25,24
"411","2020-05-15",114,5,78,359,3047,0.595339678372169,0,0,288,218,20,1929,16,1490,15,16
"412","2020-05-16",103,5,78,358,3047,0.595339678372169,0,0,288,218,22,1951,20,1510,16,20
"413","2020-05-17",96,5,72,345,3047,0.595339678372169,0,0,288,218,33,1984,21,1531,24,21
"414","2020-05-18",103,5,58,328,3047,0.595339678372169,0,0,288,218,24,2008,21,1552,21,21
"415","2020-05-19",103,5,62,320,3047,0.595339678372169,0,0,288,218,19,2027,26,1578,15,26
"416","2020-05-20",99,5,63,303,3047,0.595339678372169,0,0,288,218,21,2048,28,1606,16,28
"417","2020-05-21",92,5,57,290,3047,0.595339678372169,0,0,288,218,27,2075,22,1628,19,22
"418","2020-05-22",87,5,52,282,3047,0.595339678372169,0,0,288,218,22,2097,25,1653,18,25
"419","2020-05-23",87,5,55,273,3047,0.595339678372169,0,0,288,218,19,2116,26,1679,15,26
"420","2020-05-24",89,5,52,264,3047,0.595339678372169,0,0,288,218,32,2148,18,1697,24,18
"421","2020-05-25",88,5,57,272,3047,0.595339678372169,0,0,288,218,19,2167,16,1713,15,16
"422","2020-05-26",83,5,55,268,3047,0.595339678372169,0,0,288,218,17,2184,24,1737,11,24
"423","2020-05-27",85,5,47,266,3047,0.595339678372169,0,0,288,218,19,2203,19,1756,16,19
"424","2020-05-28",85,5,40,256,3047,0.595339678372169,0,0,288,218,22,2225,29,1785,19,29
"425","2020-05-29",86,5,48,242,3047,0.595339678372169,0,0,288,218,32,2257,28,1813,27,28
"426","2020-05-30",79,5,62,231,3047,0.595339678372169,0,0,288,218,15,2272,27,1840,13,27
"427","2020-05-31",75,5,65,221,3047,0.595339678372169,0,0,288,218,23,2295,23,1863,20,23
"428","2020-06-01",66,5,67,221,3047,0.595339678372169,0,0,288,218,23,2318,27,1890,19,27
"429","2020-06-02",61,5,65,218,3047,0.595339678372169,0,0,288,218,15,2333,25,1915,11,25
"430","2020-06-03",54,5,63,202,3047,0.595339678372169,0,0,288,218,16,2349,10,1925,14,10
"431","2020-06-04",47,5,66,195,3047,0.595339678372169,0,0,288,218,19,2368,15,1940,16,15
"432","2020-06-05",43,5,64,192,3047,0.595339678372169,0,0,288,218,20,2388,23,1963,16,23
"433","2020-06-06",47,5,66,188,3047,0.595339678372169,0,0,288,218,15,2403,35,1998,13,35
"434","2020-06-07",54,5,56,192,3047,0.595339678372169,0,0,288,218,7,2410,13,2011,6,13
"435","2020-03-14",2,6,48,73,7401,0.936359951357925,0,0,648,501,17,47,18,40,2,18
"436","2020-03-15",3,6,66,97,7401,0.936359951357925,0,0,648,501,14,61,6,46,3,6
"437","2020-03-16",5,6,89,124,7401,0.936359951357925,0,0,648,501,16,77,13,59,5,13
"438","2020-03-17",7,6,89,158,7401,0.936359951357925,0,0,648,501,8,85,8,67,2,8
"439","2020-03-18",13,6,88,199,7401,0.936359951357925,0,0,648,501,22,107,3,70,6,3
"440","2020-03-19",22,6,74,274,7401,0.936359951357925,0,0,648,501,18,125,3,73,6,3
"441","2020-03-20",31,6,70,330,7401,0.936359951357925,0,0,648,501,18,143,6,79,9,6
"442","2020-03-21",44,6,60,383,7401,0.936359951357925,0,0,648,501,28,171,5,84,16,5
"443","2020-03-22",57,6,60,473,7401,0.936359951357925,0,0,648,501,22,193,19,103,15,19
"444","2020-03-23",74,6,51,588,7401,0.936359951357925,0,0,648,501,34,227,25,128,17,25
"445","2020-03-24",93,6,48,672,7401,0.936359951357925,0,0,648,501,25,252,26,154,14,26
"446","2020-03-25",113,6,57,787,7401,0.936359951357925,0,0,648,501,26,278,26,180,14,26
"447","2020-03-26",140,6,55,925,7401,0.936359951357925,0,0,648,501,17,295,25,205,7,25
"448","2020-03-27",168,6,63,1041,7401,0.936359951357925,0,0,648,501,31,326,7,212,16,7
"449","2020-03-28",192,6,71,1216,7401,0.936359951357925,0,0,648,501,27,353,13,225,10,13
"450","2020-03-29",218,6,106,1385,7401,0.936359951357925,0,0,648,501,28,381,25,250,16,25
"451","2020-03-30",242,6,113,1574,7401,0.936359951357925,0,0,648,501,38,419,11,261,15,11
"452","2020-03-31",281,6,108,1791,7401,0.936359951357925,0,0,648,501,33,452,21,282,16,21
"453","2020-04-01",317,6,101,2045,7401,0.936359951357925,0,0,648,501,31,483,25,307,17,25
"454","2020-04-02",350,6,108,2315,7401,0.936359951357925,0,0,648,501,29,512,12,319,14,12
"455","2020-04-03",399,6,99,2587,7401,0.936359951357925,0,0,648,501,27,539,15,334,12,15
"456","2020-04-04",470,6,89,2837,7401,0.936359951357925,0,0,648,501,33,572,9,343,13,9
"457","2020-04-05",546,6,89,3014,7401,0.936359951357925,0,0,648,501,35,607,4,347,13,4
"458","2020-04-06",634,6,100,3241,7401,0.936359951357925,0,0,648,501,29,636,7,354,13,7
"459","2020-04-07",715,6,93,3365,7401,0.936359951357925,0,0,648,501,33,669,7,361,14,7
"460","2020-04-08",803,6,93,3436,7401,0.936359951357925,0,0,648,501,30,699,7,368,15,7
"461","2020-04-09",887,6,82,3409,7401,0.936359951357925,0,0,648,501,27,726,19,387,9,19
"462","2020-04-10",941,6,72,3453,7401,0.936359951357925,0,0,648,501,32,758,22,409,22,22
"463","2020-04-11",958,6,107,3339,7401,0.936359951357925,0,0,648,501,28,786,24,433,12,24
"464","2020-04-12",984,6,117,3211,7401,0.936359951357925,0,0,648,501,45,831,28,461,19,28
"465","2020-04-13",997,6,138,3027,7401,0.936359951357925,0,0,648,501,35,866,29,490,12,29
"466","2020-04-14",997,6,151,2853,7401,0.936359951357925,0,0,648,501,31,897,30,520,15,30
"467","2020-04-15",961,6,167,2658,7401,0.936359951357925,0,0,648,501,24,921,26,546,13,26
"468","2020-04-16",926,6,177,2428,7401,0.936359951357925,0,0,648,501,31,952,12,558,13,12
"469","2020-04-17",883,6,161,2243,7401,0.936359951357925,0,0,648,501,37,989,39,597,16,39
"470","2020-04-18",842,6,155,2008,7401,0.936359951357925,0,0,648,501,30,1019,55,652,10,55
"471","2020-04-19",782,6,138,1806,7401,0.936359951357925,0,0,648,501,26,1045,38,690,15,38
"472","2020-04-20",719,6,131,1624,7401,0.936359951357925,0,0,648,501,28,1073,40,730,7,40
"473","2020-04-21",639,6,117,1451,7401,0.936359951357925,0,0,648,501,28,1101,36,766,9,36
"474","2020-04-22",571,6,121,1269,7401,0.936359951357925,0,0,648,501,22,1123,32,798,6,32
"475","2020-04-23",509,6,129,1090,7401,0.936359951357925,0,0,648,501,21,1144,30,828,10,30
"476","2020-04-24",456,6,132,958,7401,0.936359951357925,0,0,648,501,34,1178,31,859,19,31
"477","2020-04-25",415,6,118,827,7401,0.936359951357925,0,0,648,501,20,1198,29,888,10,29
"478","2020-04-26",368,6,108,693,7401,0.936359951357925,0,0,648,501,36,1234,28,916,18,28
"479","2020-04-27",306,6,98,601,7401,0.936359951357925,0,0,648,501,23,1257,24,940,8,24
"480","2020-04-28",265,6,132,500,7401,0.936359951357925,0,0,648,501,22,1279,15,955,6,15
"481","2020-04-29",243,6,124,431,7401,0.936359951357925,0,0,648,501,47,1326,15,970,20,15
"482","2020-04-30",210,6,114,370,7401,0.936359951357925,0,0,648,501,30,1356,52,1022,6,52
"483","2020-05-01",185,6,121,319,7401,0.936359951357925,0,0,648,501,37,1393,28,1050,18,28
"484","2020-05-02",149,6,128,275,7401,0.936359951357925,0,0,648,501,34,1427,24,1074,15,24
"485","2020-05-03",120,6,124,237,7401,0.936359951357925,0,0,648,501,36,1463,19,1093,17,19
"486","2020-05-04",107,6,149,182,7401,0.936359951357925,0,0,648,501,20,1483,45,1138,9,45
"487","2020-05-05",100,6,139,156,7401,0.936359951357925,0,0,648,501,28,1511,23,1161,8,23
"488","2020-05-06",83,6,134,144,7401,0.936359951357925,0,0,648,501,34,1545,32,1193,15,32
"489","2020-05-07",65,6,119,133,7401,0.936359951357925,0,0,648,501,26,1571,21,1214,13,21
"490","2020-05-08",50,6,105,115,7401,0.936359951357925,0,0,648,501,39,1610,22,1236,18,22
"491","2020-05-09",44,6,97,103,7401,0.936359951357925,0,0,648,501,34,1644,32,1268,15,32
"492","2020-05-10",43,6,77,92,7401,0.936359951357925,0,0,648,501,26,1670,33,1301,9,33
"493","2020-05-11",39,6,80,86,7401,0.936359951357925,0,0,648,501,37,1707,11,1312,22,11
"494","2020-05-12",29,6,98,74,7401,0.936359951357925,0,0,648,501,23,1730,13,1325,13,13
"495","2020-05-13",25,6,149,73,7401,0.936359951357925,0,0,648,501,29,1759,21,1346,13,21
"496","2020-05-14",23,6,166,64,7401,0.936359951357925,0,0,648,501,35,1794,35,1381,18,35
"497","2020-05-15",20,6,199,62,7401,0.936359951357925,0,0,648,501,31,1825,13,1394,20,13
"498","2020-05-16",19,6,202,58,7401,0.936359951357925,0,0,648,501,37,1862,44,1438,22,44
"499","2020-05-17",16,6,230,59,7401,0.936359951357925,0,0,648,501,21,1883,25,1463,10,25
"500","2020-05-18",18,6,203,58,7401,0.936359951357925,0,0,648,501,22,1905,35,1498,13,35
"501","2020-05-19",16,6,174,56,7401,0.936359951357925,0,0,648,501,29,1934,38,1536,16,38
"502","2020-05-20",14,6,146,56,7401,0.936359951357925,0,0,648,501,14,1948,28,1564,6,28
"503","2020-05-21",12,6,127,55,7401,0.936359951357925,0,0,648,501,18,1966,15,1579,13,15
"504","2020-05-22",14,6,120,53,7401,0.936359951357925,0,0,648,501,24,1990,16,1595,10,16
"505","2020-05-23",14,6,128,47,7401,0.936359951357925,0,0,648,501,7,1997,13,1608,2,13
"506","2020-05-24",14,6,123,50,7401,0.936359951357925,0,0,648,501,17,2014,20,1628,11,20
"507","2020-05-25",11,6,106,50,7401,0.936359951357925,0,0,648,501,11,2025,25,1653,8,25
"508","2020-05-26",10,6,99,40,7401,0.936359951357925,0,0,648,501,20,2045,35,1688,10,35
"509","2020-05-27",11,6,109,35,7401,0.936359951357925,0,0,648,501,24,2069,20,1708,12,20
"510","2020-05-28",11,6,107,35,7401,0.936359951357925,0,0,648,501,17,2086,17,1725,5,17
"511","2020-05-29",8,6,96,40,7401,0.936359951357925,0,0,648,501,18,2104,18,1743,12,18
"512","2020-05-30",9,6,92,31,7401,0.936359951357925,0,0,648,501,12,2116,22,1765,5,22
"513","2020-05-31",7,6,93,26,7401,0.936359951357925,0,0,648,501,9,2125,12,1777,2,12
"514","2020-06-01",6,6,107,25,7401,0.936359951357925,0,0,648,501,15,2140,9,1786,5,9
"515","2020-06-02",8,6,99,21,7401,0.936359951357925,0,0,648,501,17,2157,9,1795,10,9
"516","2020-06-03",6,6,91,19,7401,0.936359951357925,0,0,648,501,11,2168,6,1801,5,6
"517","2020-06-04",6,6,80,18,7401,0.936359951357925,0,0,648,501,15,2183,10,1811,3,10
"518","2020-06-05",6,6,75,12,7401,0.936359951357925,0,0,648,501,13,2196,10,1821,9,10
"519","2020-06-06",6,6,71,12,7401,0.936359951357925,0,0,648,501,14,2210,19,1840,9,19
"520","2020-06-07",6,6,72,11,7401,0.936359951357925,0,0,648,501,13,2223,8,1848,6,8
"521","2020-03-13",2,7,30,65,3458,0.407171775592828,0,0,336,247,7,20,5,20,1,5
"522","2020-03-14",2,7,35,84,3458,0.407171775592828,0,0,336,247,14,34,17,37,6,17
"523","2020-03-15",5,7,36,108,3458,0.407171775592828,0,0,336,247,11,45,20,57,7,20
"524","2020-03-16",7,7,41,127,3458,0.407171775592828,0,0,336,247,13,58,14,71,3,14
"525","2020-03-17",14,7,36,161,3458,0.407171775592828,0,0,336,247,22,80,17,88,13,17
"526","2020-03-18",19,7,42,195,3458,0.407171775592828,0,0,336,247,21,101,24,112,14,24
"527","2020-03-19",26,7,37,226,3458,0.407171775592828,0,0,336,247,18,119,13,125,10,13
"528","2020-03-20",33,7,45,258,3458,0.407171775592828,0,0,336,247,17,136,23,148,14,23
"529","2020-03-21",46,7,35,284,3458,0.407171775592828,0,0,336,247,26,162,9,157,19,9
"530","2020-03-22",49,7,37,303,3458,0.407171775592828,0,0,336,247,23,185,31,188,13,31
"531","2020-03-23",55,7,46,331,3458,0.407171775592828,0,0,336,247,22,207,18,206,16,18
"532","2020-03-24",67,7,47,350,3458,0.407171775592828,0,0,336,247,29,236,26,232,24,26
"533","2020-03-25",75,7,46,372,3458,0.407171775592828,0,0,336,247,25,261,11,243,18,11
"534","2020-03-26",86,7,43,376,3458,0.407171775592828,0,0,336,247,24,285,16,259,17,16
"535","2020-03-27",100,7,40,401,3458,0.407171775592828,0,0,336,247,26,311,19,278,20,19
"536","2020-03-28",104,7,48,404,3458,0.407171775592828,0,0,336,247,37,348,28,306,24,28
"537","2020-03-29",119,7,52,412,3458,0.407171775592828,0,0,336,247,22,370,29,335,16,29
"538","2020-03-30",130,7,56,440,3458,0.407171775592828,0,0,336,247,24,394,10,345,16,10
"539","2020-03-31",124,7,59,452,3458,0.407171775592828,0,0,336,247,34,428,14,359,28,14
"540","2020-04-01",131,7,55,457,3458,0.407171775592828,0,0,336,247,41,469,14,373,30,14
"541","2020-04-02",131,7,56,455,3458,0.407171775592828,0,0,336,247,36,505,34,407,26,34
"542","2020-04-03",131,7,58,448,3458,0.407171775592828,0,0,336,247,47,552,16,423,36,16
"543","2020-04-04",133,7,64,440,3458,0.407171775592828,0,0,336,247,44,596,30,453,37,30
"544","2020-04-05",135,7,55,454,3458,0.407171775592828,0,0,336,247,40,636,12,465,34,12
"545","2020-04-06",141,7,53,454,3458,0.407171775592828,0,0,336,247,40,676,13,478,31,13
"546","2020-04-07",141,7,53,461,3458,0.407171775592828,0,0,336,247,43,719,9,487,34,9
"547","2020-04-08",141,7,57,461,3458,0.407171775592828,0,0,336,247,40,759,13,500,35,13
"548","2020-04-09",141,7,78,471,3458,0.407171775592828,0,0,336,247,55,814,22,522,47,22
"549","2020-04-10",140,7,84,490,3458,0.407171775592828,0,0,336,247,48,862,40,562,42,40
"550","2020-04-11",134,7,76,512,3458,0.407171775592828,0,0,336,247,28,890,37,599,23,37
"551","2020-04-12",132,7,70,522,3458,0.407171775592828,0,0,336,247,41,931,43,642,28,43
"552","2020-04-13",126,7,57,524,3458,0.407171775592828,0,0,336,247,33,964,48,690,24,48
"553","2020-04-14",134,7,54,525,3458,0.407171775592828,0,0,336,247,29,993,46,736,22,46
"554","2020-04-15",132,7,54,547,3458,0.407171775592828,0,0,336,247,32,1025,51,787,24,51
"555","2020-04-16",134,7,48,545,3458,0.407171775592828,0,0,336,247,41,1066,26,813,34,26
"556","2020-04-17",141,7,57,567,3458,0.407171775592828,0,0,336,247,30,1096,13,826,23,13
"557","2020-04-18",153,7,57,588,3458,0.407171775592828,0,0,336,247,44,1140,18,844,35,18
"558","2020-04-19",158,7,60,590,3458,0.407171775592828,0,0,336,247,32,1172,39,883,25,39
"559","2020-04-20",169,7,57,606,3458,0.407171775592828,0,0,336,247,35,1207,22,905,31,22
"560","2020-04-21",171,7,50,618,3458,0.407171775592828,0,0,336,247,39,1246,34,939,29,34
"561","2020-04-22",179,7,67,618,3458,0.407171775592828,0,0,336,247,25,1271,25,964,21,25
"562","2020-04-23",186,7,86,629,3458,0.407171775592828,0,0,336,247,22,1293,16,980,19,16
"563","2020-04-24",178,7,91,632,3458,0.407171775592828,0,0,336,247,26,1319,14,994,19,14
"564","2020-04-25",179,7,94,620,3458,0.407171775592828,0,0,336,247,29,1348,29,1023,20,29
"565","2020-04-26",176,7,90,611,3458,0.407171775592828,0,0,336,247,40,1388,17,1040,24,17
"566","2020-04-27",179,7,89,604,3458,0.407171775592828,0,0,336,247,26,1414,20,1060,16,20
"567","2020-04-28",182,7,86,601,3458,0.407171775592828,0,0,336,247,25,1439,10,1070,12,10
"568","2020-04-29",177,7,88,594,3458,0.407171775592828,0,0,336,247,42,1481,10,1080,28,10
"569","2020-04-30",170,7,99,597,3458,0.407171775592828,0,0,336,247,20,1501,34,1114,13,34
"570","2020-05-01",175,7,99,583,3458,0.407171775592828,0,0,336,247,34,1535,27,1141,20,27
"571","2020-05-02",173,7,87,585,3458,0.407171775592828,0,0,336,247,23,1558,18,1159,15,18
"572","2020-05-03",176,7,103,569,3458,0.407171775592828,0,0,336,247,35,1593,7,1166,23,7
"573","2020-05-04",165,7,104,533,3458,0.407171775592828,0,0,336,247,26,1619,9,1175,18,9
"574","2020-05-05",155,7,90,504,3458,0.407171775592828,0,0,336,247,18,1637,37,1212,13,37
"575","2020-05-06",150,7,80,484,3458,0.407171775592828,0,0,336,247,41,1678,30,1242,36,30
"576","2020-05-07",148,7,74,484,3458,0.407171775592828,0,0,336,247,32,1710,24,1266,23,24
"577","2020-05-08",141,7,80,453,3458,0.407171775592828,0,0,336,247,20,1730,5,1271,16,5
"578","2020-05-09",135,7,82,429,3458,0.407171775592828,0,0,336,247,21,1751,6,1277,19,6
"579","2020-05-10",126,7,82,417,3458,0.407171775592828,0,0,336,247,19,1770,14,1291,12,14
"580","2020-05-11",125,7,97,424,3458,0.407171775592828,0,0,336,247,42,1812,33,1324,37,33
"581","2020-05-12",119,7,89,404,3458,0.407171775592828,0,0,336,247,25,1837,32,1356,17,32
"582","2020-05-13",118,7,83,397,3458,0.407171775592828,0,0,336,247,24,1861,15,1371,16,15
"583","2020-05-14",116,7,77,384,3458,0.407171775592828,0,0,336,247,31,1892,43,1414,23,43
"584","2020-05-15",112,7,79,375,3458,0.407171775592828,0,0,336,247,15,1907,38,1452,12,38
"585","2020-05-16",106,7,71,375,3458,0.407171775592828,0,0,336,247,20,1927,31,1483,12,31
"586","2020-05-17",115,7,71,376,3458,0.407171775592828,0,0,336,247,18,1945,33,1516,14,33
"587","2020-05-18",111,7,67,367,3458,0.407171775592828,0,0,336,247,33,1978,32,1548,22,32
"588","2020-05-19",118,7,63,371,3458,0.407171775592828,0,0,336,247,19,1997,36,1584,16,36
"589","2020-05-20",114,7,64,357,3458,0.407171775592828,0,0,336,247,26,2023,30,1614,21,30
"590","2020-05-21",114,7,60,356,3458,0.407171775592828,0,0,336,247,27,2050,30,1644,19,30
"591","2020-05-22",117,7,54,343,3458,0.407171775592828,0,0,336,247,22,2072,35,1679,18,35
"592","2020-05-23",115,7,45,336,3458,0.407171775592828,0,0,336,247,26,2098,17,1696,19,17
"593","2020-05-24",104,7,48,339,3458,0.407171775592828,0,0,336,247,17,2115,16,1712,10,16
"594","2020-05-25",114,7,52,333,3458,0.407171775592828,0,0,336,247,28,2143,15,1727,24,15
"595","2020-05-26",107,7,53,325,3458,0.407171775592828,0,0,336,247,17,2160,31,1758,15,31
"596","2020-05-27",112,7,61,312,3458,0.407171775592828,0,0,336,247,21,2181,16,1774,16,16
"597","2020-05-28",104,7,59,316,3458,0.407171775592828,0,0,336,247,18,2199,13,1787,13,13
"598","2020-05-29",103,7,56,286,3458,0.407171775592828,0,0,336,247,11,2210,10,1797,10,10
"599","2020-05-30",109,7,55,278,3458,0.407171775592828,0,0,336,247,20,2230,13,1810,17,13
"600","2020-05-31",102,7,61,270,3458,0.407171775592828,0,0,336,247,16,2246,8,1818,12,8
"601","2020-06-01",86,7,60,258,3458,0.407171775592828,0,0,336,247,10,2256,20,1838,5,20
"602","2020-06-02",88,7,54,247,3458,0.407171775592828,0,0,336,247,14,2270,22,1860,11,22
"603","2020-06-03",83,7,59,241,3458,0.407171775592828,0,0,336,247,9,2279,26,1886,8,26
"604","2020-06-04",88,7,46,220,3458,0.407171775592828,0,0,336,247,14,2293,35,1921,10,35
"605","2020-06-05",80,7,49,209,3458,0.407171775592828,0,0,336,247,15,2308,18,1939,12,18
"606","2020-06-06",70,7,50,201,3458,0.407171775592828,0,0,336,247,16,2324,22,1961,14,22
"607","2020-06-07",69,7,51,193,3458,0.407171775592828,0,0,336,247,13,2337,21,1982,8,21
"608","2020-03-13",2,8,47,61,3060,0.504248366013072,0,0,250,552,14,42,10,24,3,10
"609","2020-03-14",3,8,69,92,3060,0.504248366013072,0,0,250,552,17,59,14,38,4,14
"610","2020-03-15",6,8,83,107,3060,0.504248366013072,0,0,250,552,15,74,9,47,3,9
"611","2020-03-16",9,8,89,131,3060,0.504248366013072,0,0,250,552,18,92,12,59,6,12
"612","2020-03-17",14,8,110,161,3060,0.504248366013072,0,0,250,552,21,113,10,69,5,10
"613","2020-03-18",19,8,134,187,3060,0.504248366013072,0,0,250,552,26,139,4,73,11,4
"614","2020-03-19",24,8,139,220,3060,0.504248366013072,0,0,250,552,20,159,4,77,12,4
"615","2020-03-20",30,8,136,254,3060,0.504248366013072,0,0,250,552,24,183,6,83,7,6
"616","2020-03-21",37,8,157,279,3060,0.504248366013072,0,0,250,552,20,203,4,87,8,4
"617","2020-03-22",47,8,176,304,3060,0.504248366013072,0,0,250,552,19,222,13,100,13,13
"618","2020-03-23",56,8,183,330,3060,0.504248366013072,0,0,250,552,28,250,9,109,18,9
"619","2020-03-24",62,8,193,349,3060,0.504248366013072,0,0,250,552,19,269,8,117,10,8
"620","2020-03-25",68,8,214,356,3060,0.504248366013072,0,0,250,552,29,298,9,126,9,9
"621","2020-03-26",71,8,203,358,3060,0.504248366013072,0,0,250,552,23,321,5,131,14,5
"622","2020-03-27",76,8,194,381,3060,0.504248366013072,0,0,250,552,18,339,9,140,10,9
"623","2020-03-28",86,8,161,381,3060,0.504248366013072,0,0,250,552,34,373,4,144,17,4
"624","2020-03-29",87,8,149,398,3060,0.504248366013072,0,0,250,552,23,396,2,146,11,2
"625","2020-03-30",87,8,127,403,3060,0.504248366013072,0,0,250,552,27,423,7,153,11,7
"626","2020-03-31",95,8,130,384,3060,0.504248366013072,0,0,250,552,31,454,13,166,15,13
"627","2020-04-01",96,8,145,401,3060,0.504248366013072,0,0,250,552,23,477,10,176,12,10
"628","2020-04-02",105,8,153,414,3060,0.504248366013072,0,0,250,552,24,501,5,181,13,5
"629","2020-04-03",118,8,170,425,3060,0.504248366013072,0,0,250,552,32,533,7,188,13,7
"630","2020-04-04",115,8,175,447,3060,0.504248366013072,0,0,250,552,28,561,13,201,13,13
"631","2020-04-05",123,8,176,474,3060,0.504248366013072,0,0,250,552,34,595,22,223,16,22
"632","2020-04-06",130,8,174,480,3060,0.504248366013072,0,0,250,552,34,629,16,239,12,16
"633","2020-04-07",133,8,186,490,3060,0.504248366013072,0,0,250,552,28,657,9,248,19,9
"634","2020-04-08",139,8,179,508,3060,0.504248366013072,0,0,250,552,28,685,8,256,11,8
"635","2020-04-09",141,8,188,501,3060,0.504248366013072,0,0,250,552,32,717,3,259,13,3
"636","2020-04-10",130,8,226,495,3060,0.504248366013072,0,0,250,552,31,748,4,263,13,4
"637","2020-04-11",146,8,229,507,3060,0.504248366013072,0,0,250,552,38,786,22,285,16,22
"638","2020-04-12",146,8,226,488,3060,0.504248366013072,0,0,250,552,31,817,22,307,14,22
"639","2020-04-13",153,8,195,494,3060,0.504248366013072,0,0,250,552,28,845,12,319,10,12
"640","2020-04-14",154,8,181,483,3060,0.504248366013072,0,0,250,552,36,881,10,329,16,10
"641","2020-04-15",157,8,154,481,3060,0.504248366013072,0,0,250,552,37,918,13,342,18,13
"642","2020-04-16",159,8,154,453,3060,0.504248366013072,0,0,250,552,43,961,22,364,19,22
"643","2020-04-17",162,8,166,461,3060,0.504248366013072,0,0,250,552,32,993,6,370,10,6
"644","2020-04-18",157,8,201,448,3060,0.504248366013072,0,0,250,552,43,1036,15,385,26,15
"645","2020-04-19",150,8,202,440,3060,0.504248366013072,0,0,250,552,22,1058,27,412,11,27
"646","2020-04-20",136,8,197,436,3060,0.504248366013072,0,0,250,552,34,1092,24,436,17,24
"647","2020-04-21",132,8,190,445,3060,0.504248366013072,0,0,250,552,31,1123,18,454,16,18
"648","2020-04-22",130,8,207,444,3060,0.504248366013072,0,0,250,552,39,1162,11,465,22,11
"649","2020-04-23",125,8,212,456,3060,0.504248366013072,0,0,250,552,28,1190,26,491,13,26
"650","2020-04-24",118,8,224,457,3060,0.504248366013072,0,0,250,552,45,1235,32,523,16,32
"651","2020-04-25",121,8,219,462,3060,0.504248366013072,0,0,250,552,34,1269,15,538,16,15
"652","2020-04-26",121,8,247,461,3060,0.504248366013072,0,0,250,552,25,1294,12,550,9,12
"653","2020-04-27",121,8,277,463,3060,0.504248366013072,0,0,250,552,33,1327,18,568,14,18
"654","2020-04-28",130,8,292,469,3060,0.504248366013072,0,0,250,552,31,1358,38,606,13,38
"655","2020-04-29",124,8,273,463,3060,0.504248366013072,0,0,250,552,41,1399,23,629,11,23
"656","2020-04-30",128,8,271,449,3060,0.504248366013072,0,0,250,552,27,1426,18,647,13,18
"657","2020-05-01",142,8,255,439,3060,0.504248366013072,0,0,250,552,33,1459,20,667,13,20
"658","2020-05-02",131,8,247,444,3060,0.504248366013072,0,0,250,552,25,1484,16,683,10,16
"659","2020-05-03",138,8,227,443,3060,0.504248366013072,0,0,250,552,51,1535,23,706,29,23
"660","2020-05-04",144,8,239,437,3060,0.504248366013072,0,0,250,552,30,1565,24,730,11,24
"661","2020-05-05",141,8,247,430,3060,0.504248366013072,0,0,250,552,26,1591,25,755,12,25
"662","2020-05-06",138,8,247,415,3060,0.504248366013072,0,0,250,552,21,1612,33,788,11,33
"663","2020-05-07",133,8,269,415,3060,0.504248366013072,0,0,250,552,36,1648,13,801,11,13
"664","2020-05-08",124,8,255,397,3060,0.504248366013072,0,0,250,552,24,1672,31,832,9,31
"665","2020-05-09",127,8,226,391,3060,0.504248366013072,0,0,250,552,19,1691,28,860,5,28
"666","2020-05-10",115,8,213,389,3060,0.504248366013072,0,0,250,552,19,1710,24,884,7,24
"667","2020-05-11",111,8,198,389,3060,0.504248366013072,0,0,250,552,22,1732,22,906,9,22
"668","2020-05-12",98,8,211,379,3060,0.504248366013072,0,0,250,552,24,1756,27,933,11,27
"669","2020-05-13",104,8,209,370,3060,0.504248366013072,0,0,250,552,19,1775,14,947,7,14
"670","2020-05-14",107,8,203,372,3060,0.504248366013072,0,0,250,552,27,1802,23,970,10,23
"671","2020-05-15",108,8,203,381,3060,0.504248366013072,0,0,250,552,32,1834,27,997,7,27
"672","2020-05-16",99,8,212,381,3060,0.504248366013072,0,0,250,552,15,1849,19,1016,4,19
"673","2020-05-17",98,8,235,370,3060,0.504248366013072,0,0,250,552,22,1871,5,1021,5,5
"674","2020-05-18",103,8,228,357,3060,0.504248366013072,0,0,250,552,20,1891,10,1031,8,10
"675","2020-05-19",103,8,232,339,3060,0.504248366013072,0,0,250,552,17,1908,8,1039,13,8
"676","2020-05-20",104,8,230,332,3060,0.504248366013072,0,0,250,552,20,1928,12,1051,9,12
"677","2020-05-21",105,8,219,325,3060,0.504248366013072,0,0,250,552,24,1952,10,1061,11,10
"678","2020-05-22",103,8,211,321,3060,0.504248366013072,0,0,250,552,19,1971,8,1069,7,8
"679","2020-05-23",108,8,214,309,3060,0.504248366013072,0,0,250,552,20,1991,7,1076,8,7
"680","2020-05-24",114,8,229,290,3060,0.504248366013072,0,0,250,552,20,2011,8,1084,9,8
"681","2020-05-25",103,8,240,295,3060,0.504248366013072,0,0,250,552,19,2030,12,1096,10,12
"682","2020-05-26",101,8,244,289,3060,0.504248366013072,0,0,250,552,30,2060,5,1101,11,5
"683","2020-05-27",94,8,220,279,3060,0.504248366013072,0,0,250,552,17,2077,6,1107,6,6
"684","2020-05-28",88,8,221,269,3060,0.504248366013072,0,0,250,552,19,2096,5,1112,11,5
"685","2020-05-29",89,8,223,266,3060,0.504248366013072,0,0,250,552,18,2114,15,1127,11,15
"686","2020-05-30",85,8,223,251,3060,0.504248366013072,0,0,250,552,9,2123,12,1139,4,12
"687","2020-05-31",77,8,220,250,3060,0.504248366013072,0,0,250,552,15,2138,11,1150,7,11
"688","2020-06-01",83,8,211,241,3060,0.504248366013072,0,0,250,552,15,2153,14,1164,6,14
"689","2020-06-02",85,8,210,238,3060,0.504248366013072,0,0,250,552,11,2164,14,1178,4,14
"690","2020-06-03",87,8,195,219,3060,0.504248366013072,0,0,250,552,11,2175,12,1190,6,12
"691","2020-06-04",87,8,204,218,3060,0.504248366013072,0,0,250,552,12,2187,19,1209,8,19
"692","2020-06-05",80,8,197,206,3060,0.504248366013072,0,0,250,552,11,2198,15,1224,5,15
"693","2020-06-06",69,8,197,206,3060,0.504248366013072,0,0,250,552,10,2208,16,1240,2,16
"694","2020-06-07",68,8,199,196,3060,0.504248366013072,0,0,250,552,10,2218,6,1246,6,6
"695","2020-03-16",2,9,29,74,6896,0.976508120649652,0,0,591,397,16,52,9,58,13,9
"696","2020-03-17",7,9,37,100,6896,0.976508120649652,0,0,591,397,22,74,19,77,19,19
"697","2020-03-18",13,9,45,116,6896,0.976508120649652,0,0,591,397,20,94,19,96,18,19
"698","2020-03-19",20,9,40,148,6896,0.976508120649652,0,0,591,397,21,115,8,104,20,8
"699","2020-03-20",25,9,38,180,6896,0.976508120649652,0,0,591,397,18,133,11,115,17,11
"700","2020-03-21",30,9,34,225,6896,0.976508120649652,0,0,591,397,23,156,20,135,19,20
"701","2020-03-22",41,9,40,294,6896,0.976508120649652,0,0,591,397,28,184,25,160,26,25
"702","2020-03-23",54,9,36,351,6896,0.976508120649652,0,0,591,397,33,217,31,191,30,31
"703","2020-03-24",62,9,40,420,6896,0.976508120649652,0,0,591,397,45,262,32,223,42,32
"704","2020-03-25",64,9,58,497,6896,0.976508120649652,0,0,591,397,38,300,28,251,37,28
"705","2020-03-26",77,9,59,567,6896,0.976508120649652,0,0,591,397,41,341,28,279,36,28
"706","2020-03-27",94,9,56,647,6896,0.976508120649652,0,0,591,397,47,388,32,311,44,32
"707","2020-03-28",114,9,46,757,6896,0.976508120649652,0,0,591,397,38,426,35,346,37,35
"708","2020-03-29",132,9,43,853,6896,0.976508120649652,0,0,591,397,38,464,18,364,35,18
"709","2020-03-30",158,9,53,975,6896,0.976508120649652,0,0,591,397,51,515,18,382,49,18
"710","2020-03-31",187,9,73,1092,6896,0.976508120649652,0,0,591,397,41,556,28,410,41,28
"711","2020-04-01",231,9,81,1223,6896,0.976508120649652,0,0,591,397,53,609,35,445,49,35
"712","2020-04-02",254,9,86,1382,6896,0.976508120649652,0,0,591,397,65,674,20,465,62,20
"713","2020-04-03",296,9,75,1515,6896,0.976508120649652,0,0,591,397,61,735,16,481,60,16
"714","2020-04-04",317,9,68,1687,6896,0.976508120649652,0,0,591,397,43,778,39,520,41,39
"715","2020-04-05",354,9,55,1838,6896,0.976508120649652,0,0,591,397,62,840,13,533,60,13
"716","2020-04-06",387,9,49,2001,6896,0.976508120649652,0,0,591,397,64,904,19,552,59,19
"717","2020-04-07",418,9,47,2153,6896,0.976508120649652,0,0,591,397,51,955,42,594,47,42
"718","2020-04-08",445,9,45,2285,6896,0.976508120649652,0,0,591,397,69,1024,13,607,67,13
"719","2020-04-09",489,9,64,2427,6896,0.976508120649652,0,0,591,397,45,1069,9,616,37,9
"720","2020-04-10",538,9,64,2540,6896,0.976508120649652,0,0,591,397,81,1150,6,622,75,6
"721","2020-04-11",593,9,55,2568,6896,0.976508120649652,0,0,591,397,89,1239,8,630,81,8
"722","2020-04-12",632,9,58,2632,6896,0.976508120649652,0,0,591,397,75,1314,5,635,72,5
"723","2020-04-13",670,9,79,2675,6896,0.976508120649652,0,0,591,397,67,1381,4,639,64,4
"724","2020-04-14",706,9,80,2703,6896,0.976508120649652,0,0,591,397,78,1459,4,643,75,4
"725","2020-04-15",750,9,97,2621,6896,0.976508120649652,0,0,591,397,85,1544,10,653,78,10
"726","2020-04-16",785,9,121,2589,6896,0.976508120649652,0,0,591,397,78,1622,16,669,74,16
"727","2020-04-17",763,9,135,2521,6896,0.976508120649652,0,0,591,397,84,1706,36,705,81,36
"728","2020-04-18",775,9,151,2440,6896,0.976508120649652,0,0,591,397,77,1783,46,751,71,46
"729","2020-04-19",777,9,162,2308,6896,0.976508120649652,0,0,591,397,87,1870,32,783,83,32
"730","2020-04-20",757,9,168,2224,6896,0.976508120649652,0,0,591,397,111,1981,45,828,111,45
"731","2020-04-21",741,9,166,2091,6896,0.976508120649652,0,0,591,397,83,2064,21,849,79,21
"732","2020-04-22",705,9,159,1960,6896,0.976508120649652,0,0,591,397,96,2160,11,860,95,11
"733","2020-04-23",658,9,145,1843,6896,0.976508120649652,0,0,591,397,66,2226,12,872,61,12
"734","2020-04-24",652,9,128,1707,6896,0.976508120649652,0,0,591,397,86,2312,9,881,85,9
"735","2020-04-25",610,9,111,1591,6896,0.976508120649652,0,0,591,397,84,2396,9,890,82,9
"736","2020-04-26",568,9,100,1433,6896,0.976508120649652,0,0,591,397,70,2466,12,902,66,12
"737","2020-04-27",548,9,85,1315,6896,0.976508120649652,0,0,591,397,87,2553,11,913,83,11
"738","2020-04-28",523,9,82,1190,6896,0.976508120649652,0,0,591,397,84,2637,8,921,84,8
"739","2020-04-29",492,9,89,1068,6896,0.976508120649652,0,0,591,397,65,2702,35,956,58,35
"740","2020-04-30",450,9,109,967,6896,0.976508120649652,0,0,591,397,72,2774,36,992,67,36
"741","2020-05-01",409,9,111,870,6896,0.976508120649652,0,0,591,397,69,2843,43,1035,68,43
"742","2020-05-02",372,9,107,754,6896,0.976508120649652,0,0,591,397,66,2909,20,1055,62,20
"743","2020-05-03",338,9,133,674,6896,0.976508120649652,0,0,591,397,64,2973,23,1078,62,23
"744","2020-05-04",297,9,141,587,6896,0.976508120649652,0,0,591,397,67,3040,15,1093,65,15
"745","2020-05-05",253,9,133,517,6896,0.976508120649652,0,0,591,397,53,3093,14,1107,53,14
"746","2020-05-06",212,9,119,443,6896,0.976508120649652,0,0,591,397,62,3155,12,1119,60,12
"747","2020-05-07",194,9,126,371,6896,0.976508120649652,0,0,591,397,60,3215,5,1124,55,5
"748","2020-05-08",166,9,107,325,6896,0.976508120649652,0,0,591,397,56,3271,8,1132,52,8
"749","2020-05-09",148,9,120,285,6896,0.976508120649652,0,0,591,397,52,3323,4,1136,50,4
"750","2020-05-10",133,9,127,247,6896,0.976508120649652,0,0,591,397,51,3374,5,1141,49,5
"751","2020-05-11",110,9,119,218,6896,0.976508120649652,0,0,591,397,43,3417,2,1143,41,2
"752","2020-05-12",97,9,131,190,6896,0.976508120649652,0,0,591,397,51,3468,32,1175,47,32
"753","2020-05-13",89,9,135,173,6896,0.976508120649652,0,0,591,397,48,3516,17,1192,43,17
"754","2020-05-14",84,9,134,153,6896,0.976508120649652,0,0,591,397,42,3558,29,1221,42,29
"755","2020-05-15",76,9,123,140,6896,0.976508120649652,0,0,591,397,35,3593,29,1250,32,29
"756","2020-05-16",64,9,144,119,6896,0.976508120649652,0,0,591,397,47,3640,37,1287,42,37
"757","2020-05-17",55,9,138,111,6896,0.976508120649652,0,0,591,397,40,3680,44,1331,36,44
"758","2020-05-18",52,9,122,99,6896,0.976508120649652,0,0,591,397,38,3718,27,1358,38,27
"759","2020-05-19",41,9,133,87,6896,0.976508120649652,0,0,591,397,31,3749,26,1384,27,26
"760","2020-05-20",37,9,140,84,6896,0.976508120649652,0,0,591,397,30,3779,16,1400,28,16
"761","2020-05-21",28,9,133,72,6896,0.976508120649652,0,0,591,397,28,3807,13,1413,27,13
"762","2020-05-22",23,9,117,65,6896,0.976508120649652,0,0,591,397,31,3838,21,1434,28,21
"763","2020-05-23",24,9,106,58,6896,0.976508120649652,0,0,591,397,30,3868,29,1463,28,29
"764","2020-05-24",17,9,99,54,6896,0.976508120649652,0,0,591,397,26,3894,16,1479,24,16
"765","2020-05-25",12,9,94,44,6896,0.976508120649652,0,0,591,397,30,3924,23,1502,29,23
"766","2020-05-26",13,9,95,31,6896,0.976508120649652,0,0,591,397,24,3948,18,1520,24,18
"767","2020-05-27",12,9,86,30,6896,0.976508120649652,0,0,591,397,17,3965,16,1536,17,16
"768","2020-05-28",12,9,86,28,6896,0.976508120649652,0,0,591,397,23,3988,8,1544,20,8
"769","2020-05-29",12,9,81,25,6896,0.976508120649652,0,0,591,397,20,4008,24,1568,16,24
"770","2020-05-30",7,9,84,24,6896,0.976508120649652,0,0,591,397,19,4027,11,1579,16,11
"771","2020-05-31",8,9,89,19,6896,0.976508120649652,0,0,591,397,24,4051,21,1600,21,21
"772","2020-06-01",9,9,90,17,6896,0.976508120649652,0,0,591,397,21,4072,12,1612,21,12
"773","2020-06-02",9,9,95,15,6896,0.976508120649652,0,0,591,397,12,4084,19,1631,11,19
"774","2020-06-03",7,9,88,14,6896,0.976508120649652,0,0,591,397,19,4103,7,1638,19,7
"775","2020-06-04",9,9,74,13,6896,0.976508120649652,0,0,591,397,13,4116,6,1644,12,6
"776","2020-06-05",6,9,65,12,6896,0.976508120649652,0,0,591,397,16,4132,17,1661,13,17
"777","2020-06-06",7,9,59,10,6896,0.976508120649652,0,0,591,397,13,4145,18,1679,10,18
"778","2020-06-07",6,9,55,9,6896,0.976508120649652,0,0,591,397,8,4153,12,1691,7,12
"779","2020-03-15",1,10,40,20,1845,0.791869918699187,0,0,183,542,20,82,4,40,13,4
"780","2020-03-16",1,10,61,25,1845,0.791869918699187,0,0,183,542,22,104,6,46,15,6
"781","2020-03-17",5,10,69,36,1845,0.791869918699187,0,0,183,542,28,132,10,56,18,10
"782","2020-03-18",8,10,62,41,1845,0.791869918699187,0,0,183,542,17,149,18,74,10,18
"783","2020-03-19",8,10,52,51,1845,0.791869918699187,0,0,183,542,32,181,1,75,24,1
"784","2020-03-20",10,10,63,62,1845,0.791869918699187,0,0,183,542,37,218,12,87,22,12
"785","2020-03-21",10,10,70,69,1845,0.791869918699187,0,0,183,542,31,249,10,97,24,10
"786","2020-03-22",12,10,78,80,1845,0.791869918699187,0,0,183,542,48,297,7,104,35,7
"787","2020-03-23",17,10,70,86,1845,0.791869918699187,0,0,183,542,43,340,2,106,33,2
"788","2020-03-24",14,10,55,93,1845,0.791869918699187,0,0,183,542,50,390,8,114,36,8
"789","2020-03-25",17,10,48,101,1845,0.791869918699187,0,0,183,542,54,444,7,121,44,7
"790","2020-03-26",18,10,46,104,1845,0.791869918699187,0,0,183,542,52,496,12,133,41,12
"791","2020-03-27",22,10,56,114,1845,0.791869918699187,0,0,183,542,44,540,3,136,33,3
"792","2020-03-28",26,10,59,127,1845,0.791869918699187,0,0,183,542,43,583,1,137,32,1
"793","2020-03-29",29,10,74,138,1845,0.791869918699187,0,0,183,542,47,630,8,145,36,8
"794","2020-03-30",30,10,73,146,1845,0.791869918699187,0,0,183,542,60,690,17,162,45,17
"795","2020-03-31",38,10,65,155,1845,0.791869918699187,0,0,183,542,47,737,11,173,35,11
"796","2020-04-01",34,10,82,162,1845,0.791869918699187,0,0,183,542,47,784,9,182,38,9
"797","2020-04-02",39,10,82,168,1845,0.791869918699187,0,0,183,542,52,836,16,198,43,16
"798","2020-04-03",41,10,105,191,1845,0.791869918699187,0,0,183,542,64,900,18,216,50,18
"799","2020-04-04",42,10,128,213,1845,0.791869918699187,0,0,183,542,62,962,7,223,53,7
"800","2020-04-05",46,10,134,223,1845,0.791869918699187,0,0,183,542,74,1036,5,228,61,5
"801","2020-04-06",52,10,133,221,1845,0.791869918699187,0,0,183,542,65,1101,3,231,55,3
"802","2020-04-07",52,10,121,242,1845,0.791869918699187,0,0,183,542,81,1182,9,240,66,9
"803","2020-04-08",60,10,108,251,1845,0.791869918699187,0,0,183,542,67,1249,12,252,52,12
"804","2020-04-09",61,10,123,254,1845,0.791869918699187,0,0,183,542,77,1326,11,263,66,11
"805","2020-04-10",66,10,129,249,1845,0.791869918699187,0,0,183,542,82,1408,8,271,67,8
"806","2020-04-11",70,10,110,261,1845,0.791869918699187,0,0,183,542,70,1478,14,285,61,14
"807","2020-04-12",75,10,107,273,1845,0.791869918699187,0,0,183,542,73,1551,14,299,63,14
"808","2020-04-13",75,10,98,290,1845,0.791869918699187,0,0,183,542,65,1616,17,316,52,17
"809","2020-04-14",72,10,105,291,1845,0.791869918699187,0,0,183,542,88,1704,22,338,76,22
"810","2020-04-15",77,10,121,300,1845,0.791869918699187,0,0,183,542,65,1769,15,353,56,15
"811","2020-04-16",80,10,117,306,1845,0.791869918699187,0,0,183,542,72,1841,16,369,57,16
"812","2020-04-17",74,10,123,313,1845,0.791869918699187,0,0,183,542,83,1924,10,379,65,10
"813","2020-04-18",78,10,122,314,1845,0.791869918699187,0,0,183,542,71,1995,9,388,56,9
"814","2020-04-19",72,10,106,321,1845,0.791869918699187,0,0,183,542,72,2067,24,412,60,24
"815","2020-04-20",74,10,92,349,1845,0.791869918699187,0,0,183,542,66,2133,28,440,49,28
"816","2020-04-21",89,10,87,368,1845,0.791869918699187,0,0,183,542,75,2208,26,466,62,26
"817","2020-04-22",88,10,76,365,1845,0.791869918699187,0,0,183,542,68,2276,14,480,53,14
"818","2020-04-23",96,10,101,371,1845,0.791869918699187,0,0,183,542,62,2338,18,498,50,18
"819","2020-04-24",105,10,100,375,1845,0.791869918699187,0,0,183,542,66,2404,27,525,52,27
"820","2020-04-25",108,10,95,371,1845,0.791869918699187,0,0,183,542,59,2463,19,544,45,19
"821","2020-04-26",107,10,101,378,1845,0.791869918699187,0,0,183,542,67,2530,16,560,57,16
"822","2020-04-27",106,10,121,381,1845,0.791869918699187,0,0,183,542,43,2573,22,582,33,22
"823","2020-04-28",107,10,120,377,1845,0.791869918699187,0,0,183,542,64,2637,16,598,53,16
"824","2020-04-29",107,10,118,373,1845,0.791869918699187,0,0,183,542,44,2681,14,612,33,14
"825","2020-04-30",102,10,118,356,1845,0.791869918699187,0,0,183,542,64,2745,8,620,51,8
"826","2020-05-01",105,10,95,339,1845,0.791869918699187,0,0,183,542,54,2799,12,632,39,12
"827","2020-05-02",108,10,99,338,1845,0.791869918699187,0,0,183,542,43,2842,9,641,36,9
"828","2020-05-03",113,10,80,327,1845,0.791869918699187,0,0,183,542,54,2896,10,651,39,10
"829","2020-05-04",114,10,75,315,1845,0.791869918699187,0,0,183,542,38,2934,9,660,23,9
"830","2020-05-05",101,10,70,312,1845,0.791869918699187,0,0,183,542,46,2980,17,677,35,17
"831","2020-05-06",101,10,96,312,1845,0.791869918699187,0,0,183,542,41,3021,20,697,24,20
"832","2020-05-07",99,10,92,289,1845,0.791869918699187,0,0,183,542,41,3062,26,723,28,26
"833","2020-05-08",90,10,124,292,1845,0.791869918699187,0,0,183,542,37,3099,13,736,31,13
"834","2020-05-09",84,10,123,289,1845,0.791869918699187,0,0,183,542,39,3138,20,756,34,20
"835","2020-05-10",89,10,135,282,1845,0.791869918699187,0,0,183,542,34,3172,7,763,28,7
"836","2020-05-11",88,10,167,299,1845,0.791869918699187,0,0,183,542,38,3210,17,780,27,17
"837","2020-05-12",95,10,172,291,1845,0.791869918699187,0,0,183,542,44,3254,17,797,35,17
"838","2020-05-13",88,10,168,292,1845,0.791869918699187,0,0,183,542,50,3304,11,808,35,11
"839","2020-05-14",83,10,181,282,1845,0.791869918699187,0,0,183,542,28,3332,9,817,20,9
"840","2020-05-15",84,10,177,268,1845,0.791869918699187,0,0,183,542,36,3368,16,833,24,16
"841","2020-05-16",80,10,170,258,1845,0.791869918699187,0,0,183,542,26,3394,16,849,17,16
"842","2020-05-17",70,10,150,254,1845,0.791869918699187,0,0,183,542,38,3432,12,861,29,12
"843","2020-05-18",74,10,127,241,1845,0.791869918699187,0,0,183,542,18,3450,11,872,12,11
"844","2020-05-19",62,10,119,225,1845,0.791869918699187,0,0,183,542,24,3474,7,879,16,7
"845","2020-05-20",65,10,127,226,1845,0.791869918699187,0,0,183,542,30,3504,27,906,21,27
"846","2020-05-21",67,10,134,224,1845,0.791869918699187,0,0,183,542,34,3538,11,917,26,11
"847","2020-05-22",68,10,123,212,1845,0.791869918699187,0,0,183,542,16,3554,14,931,11,14
"848","2020-05-23",67,10,121,211,1845,0.791869918699187,0,0,183,542,32,3586,18,949,21,18
"849","2020-05-24",71,10,120,205,1845,0.791869918699187,0,0,183,542,23,3609,10,959,17,10
"850","2020-05-25",61,10,114,197,1845,0.791869918699187,0,0,183,542,35,3644,17,976,23,17
"851","2020-05-26",63,10,128,196,1845,0.791869918699187,0,0,183,542,28,3672,7,983,22,7
"852","2020-05-27",65,10,129,185,1845,0.791869918699187,0,0,183,542,21,3693,13,996,15,13
"853","2020-05-28",66,10,114,176,1845,0.791869918699187,0,0,183,542,27,3720,10,1006,24,10
"854","2020-05-29",58,10,108,165,1845,0.791869918699187,0,0,183,542,23,3743,11,1017,18,11
"855","2020-05-30",57,10,106,158,1845,0.791869918699187,0,0,183,542,20,3763,10,1027,14,10
"856","2020-05-31",52,10,106,149,1845,0.791869918699187,0,0,183,542,18,3781,6,1033,12,6
"857","2020-06-01",50,10,101,148,1845,0.791869918699187,0,0,183,542,17,3798,6,1039,13,6
"858","2020-06-02",51,10,99,144,1845,0.791869918699187,0,0,183,542,17,3815,8,1047,14,8
"859","2020-06-03",45,10,100,132,1845,0.791869918699187,0,0,183,542,17,3832,4,1051,16,4
"860","2020-06-04",40,10,98,126,1845,0.791869918699187,0,0,183,542,17,3849,5,1056,14,5
"861","2020-06-05",40,10,87,122,1845,0.791869918699187,0,0,183,542,9,3858,7,1063,6,7
"862","2020-06-06",37,10,82,115,1845,0.791869918699187,0,0,183,542,18,3876,5,1068,14,5
"863","2020-06-07",33,10,87,115,1845,0.791869918699187,0,0,183,542,20,3896,7,1075,14,7
"864","2020-03-13",1,11,35,41,3247,0.583923621804743,0,0,272,301,28,59,41,71,3,41
"865","2020-03-14",1,11,37,56,3247,0.583923621804743,0,0,272,301,25,84,34,105,6,34
"866","2020-03-15",3,11,36,74,3247,0.583923621804743,0,0,272,301,32,116,19,124,12,19
"867","2020-03-16",5,11,33,95,3247,0.583923621804743,0,0,272,301,25,141,22,146,6,22
"868","2020-03-17",9,11,36,117,3247,0.583923621804743,0,0,272,301,32,173,28,174,15,28
"869","2020-03-18",17,11,45,145,3247,0.583923621804743,0,0,272,301,35,208,24,198,20,24
"870","2020-03-19",26,11,45,166,3247,0.583923621804743,0,0,272,301,35,243,22,220,19,22
"871","2020-03-20",33,11,44,192,3247,0.583923621804743,0,0,272,301,38,281,32,252,20,32
"872","2020-03-21",38,11,47,222,3247,0.583923621804743,0,0,272,301,42,323,45,297,24,45
"873","2020-03-22",42,11,52,245,3247,0.583923621804743,0,0,272,301,47,370,61,358,20,61
"874","2020-03-23",47,11,55,289,3247,0.583923621804743,0,0,272,301,39,409,55,413,23,55
"875","2020-03-24",51,11,58,315,3247,0.583923621804743,0,0,272,301,38,447,42,455,22,42
"876","2020-03-25",55,11,59,342,3247,0.583923621804743,0,0,272,301,46,493,52,507,31,52
"877","2020-03-26",63,11,68,363,3247,0.583923621804743,0,0,272,301,51,544,61,568,30,61
"878","2020-03-27",74,11,72,396,3247,0.583923621804743,0,0,272,301,34,578,60,628,20,60
"879","2020-03-28",85,11,66,419,3247,0.583923621804743,0,0,272,301,46,624,53,681,26,53
"880","2020-03-29",100,11,63,432,3247,0.583923621804743,0,0,272,301,23,647,61,742,13,61
"881","2020-03-30",109,11,60,451,3247,0.583923621804743,0,0,272,301,36,683,59,801,17,59
"882","2020-03-31",115,11,61,487,3247,0.583923621804743,0,0,272,301,51,734,54,855,30,54
"883","2020-04-01",124,11,66,506,3247,0.583923621804743,0,0,272,301,42,776,57,912,25,57
"884","2020-04-02",131,11,67,520,3247,0.583923621804743,0,0,272,301,49,825,57,969,26,57
"885","2020-04-03",135,11,62,546,3247,0.583923621804743,0,0,272,301,44,869,44,1013,24,44
"886","2020-04-04",137,11,56,549,3247,0.583923621804743,0,0,272,301,57,926,54,1067,31,54
"887","2020-04-05",137,11,61,557,3247,0.583923621804743,0,0,272,301,62,988,31,1098,32,31
"888","2020-04-06",143,11,56,573,3247,0.583923621804743,0,0,272,301,48,1036,39,1137,26,39
"889","2020-04-07",157,11,51,594,3247,0.583923621804743,0,0,272,301,51,1087,52,1189,28,52
"890","2020-04-08",158,11,56,595,3247,0.583923621804743,0,0,272,301,58,1145,61,1250,27,61
"891","2020-04-09",171,11,80,614,3247,0.583923621804743,0,0,272,301,59,1204,48,1298,22,48
"892","2020-04-10",162,11,91,625,3247,0.583923621804743,0,0,272,301,55,1259,29,1327,28,29
"893","2020-04-11",175,11,126,646,3247,0.583923621804743,0,0,272,301,67,1326,55,1382,35,55
"894","2020-04-12",178,11,119,655,3247,0.583923621804743,0,0,272,301,53,1379,31,1413,29,31
"895","2020-04-13",186,11,109,673,3247,0.583923621804743,0,0,272,301,59,1438,44,1457,32,44
"896","2020-04-14",185,11,94,681,3247,0.583923621804743,0,0,272,301,50,1488,45,1502,26,45
"897","2020-04-15",189,11,109,679,3247,0.583923621804743,0,0,272,301,61,1549,45,1547,37,45
"898","2020-04-16",181,11,105,670,3247,0.583923621804743,0,0,272,301,59,1608,55,1602,35,55
"899","2020-04-17",205,11,97,678,3247,0.583923621804743,0,0,272,301,38,1646,56,1658,15,56
"900","2020-04-18",207,11,115,680,3247,0.583923621804743,0,0,272,301,62,1708,55,1713,37,55
"901","2020-04-19",213,11,115,683,3247,0.583923621804743,0,0,272,301,43,1751,54,1767,29,54
"902","2020-04-20",210,11,127,676,3247,0.583923621804743,0,0,272,301,60,1811,43,1810,37,43
"903","2020-04-21",202,11,131,670,3247,0.583923621804743,0,0,272,301,60,1871,40,1850,35,40
"904","2020-04-22",207,11,140,659,3247,0.583923621804743,0,0,272,301,47,1918,30,1880,18,30
"905","2020-04-23",214,11,148,644,3247,0.583923621804743,0,0,272,301,59,1977,42,1922,34,42
"906","2020-04-24",212,11,135,619,3247,0.583923621804743,0,0,272,301,58,2035,39,1961,30,39
"907","2020-04-25",203,11,148,613,3247,0.583923621804743,0,0,272,301,48,2083,43,2004,22,43
"908","2020-04-26",201,11,144,603,3247,0.583923621804743,0,0,272,301,57,2140,66,2070,34,66
"909","2020-04-27",195,11,130,579,3247,0.583923621804743,0,0,272,301,55,2195,59,2129,36,59
"910","2020-04-28",200,11,111,555,3247,0.583923621804743,0,0,272,301,53,2248,59,2188,24,59
"911","2020-04-29",188,11,100,539,3247,0.583923621804743,0,0,272,301,44,2292,46,2234,19,46
"912","2020-04-30",170,11,103,525,3247,0.583923621804743,0,0,272,301,50,2342,42,2276,24,42
"913","2020-05-01",163,11,123,506,3247,0.583923621804743,0,0,272,301,48,2390,37,2313,28,37
"914","2020-05-02",161,11,131,473,3247,0.583923621804743,0,0,272,301,44,2434,27,2340,26,27
"915","2020-05-03",144,11,121,453,3247,0.583923621804743,0,0,272,301,48,2482,47,2387,25,47
"916","2020-05-04",142,11,128,432,3247,0.583923621804743,0,0,272,301,40,2522,46,2433,22,46
"917","2020-05-05",140,11,108,414,3247,0.583923621804743,0,0,272,301,39,2561,59,2492,19,59
"918","2020-05-06",135,11,121,412,3247,0.583923621804743,0,0,272,301,44,2605,48,2540,22,48
"919","2020-05-07",131,11,132,406,3247,0.583923621804743,0,0,272,301,36,2641,36,2576,17,36
"920","2020-05-08",118,11,168,382,3247,0.583923621804743,0,0,272,301,53,2694,37,2613,32,37
"921","2020-05-09",112,11,173,366,3247,0.583923621804743,0,0,272,301,43,2737,40,2653,19,40
"922","2020-05-10",117,11,192,336,3247,0.583923621804743,0,0,272,301,33,2770,53,2706,18,53
"923","2020-05-11",121,11,189,312,3247,0.583923621804743,0,0,272,301,35,2805,51,2757,17,51
"924","2020-05-12",111,11,182,296,3247,0.583923621804743,0,0,272,301,32,2837,43,2800,16,43
"925","2020-05-13",112,11,183,273,3247,0.583923621804743,0,0,272,301,39,2876,39,2839,20,39
"926","2020-05-14",107,11,188,263,3247,0.583923621804743,0,0,272,301,36,2912,26,2865,15,26
"927","2020-05-15",98,11,191,257,3247,0.583923621804743,0,0,272,301,32,2944,31,2896,11,31
"928","2020-05-16",96,11,168,260,3247,0.583923621804743,0,0,272,301,39,2983,49,2945,16,49
"929","2020-05-17",90,11,160,252,3247,0.583923621804743,0,0,272,301,35,3018,24,2969,18,24
"930","2020-05-18",73,11,166,246,3247,0.583923621804743,0,0,272,301,33,3051,35,3004,17,35
"931","2020-05-19",71,11,188,242,3247,0.583923621804743,0,0,272,301,16,3067,40,3044,5,40
"932","2020-05-20",61,11,203,237,3247,0.583923621804743,0,0,272,301,33,3100,36,3080,17,36
"933","2020-05-21",61,11,187,223,3247,0.583923621804743,0,0,272,301,25,3125,40,3120,10,40
"934","2020-05-22",70,11,168,213,3247,0.583923621804743,0,0,272,301,24,3149,36,3156,11,36
"935","2020-05-23",63,11,154,203,3247,0.583923621804743,0,0,272,301,28,3177,34,3190,10,34
"936","2020-05-24",64,11,136,207,3247,0.583923621804743,0,0,272,301,36,3213,34,3224,14,34
"937","2020-05-25",70,11,121,198,3247,0.583923621804743,0,0,272,301,28,3241,42,3266,12,42
"938","2020-05-26",65,11,99,202,3247,0.583923621804743,0,0,272,301,24,3265,39,3305,13,39
"939","2020-05-27",67,11,117,194,3247,0.583923621804743,0,0,272,301,22,3287,46,3351,12,46
"940","2020-05-28",68,11,118,189,3247,0.583923621804743,0,0,272,301,23,3310,39,3390,10,39
"941","2020-05-29",61,11,119,190,3247,0.583923621804743,0,0,272,301,30,3340,44,3434,17,44
"942","2020-05-30",62,11,133,181,3247,0.583923621804743,0,0,272,301,22,3362,32,3466,10,32
"943","2020-05-31",56,11,140,176,3247,0.583923621804743,0,0,272,301,24,3386,35,3501,17,35
"944","2020-06-01",47,11,137,170,3247,0.583923621804743,0,0,272,301,22,3408,33,3534,9,33
"945","2020-06-02",49,11,116,167,3247,0.583923621804743,0,0,272,301,19,3427,27,3561,11,27
"946","2020-06-03",48,11,91,162,3247,0.583923621804743,0,0,272,301,21,3448,29,3590,10,29
"947","2020-06-04",44,11,84,159,3247,0.583923621804743,0,0,272,301,19,3467,29,3619,14,29
"948","2020-06-05",43,11,76,159,3247,0.583923621804743,0,0,272,301,22,3489,38,3657,13,38
"949","2020-06-06",41,11,86,164,3247,0.583923621804743,0,0,272,301,12,3501,36,3693,6,36
"950","2020-06-07",39,11,81,173,3247,0.583923621804743,0,0,272,301,12,3513,48,3741,6,48
"951","2020-03-14",1,12,18,65,2897,0.422506040731791,0,0,277,405,15,45,4,36,10,4
"952","2020-03-15",5,12,29,86,2897,0.422506040731791,0,0,277,405,17,62,15,51,4,15
"953","2020-03-16",8,12,35,107,2897,0.422506040731791,0,0,277,405,25,87,10,61,11,10
"954","2020-03-17",9,12,44,135,2897,0.422506040731791,0,0,277,405,20,107,5,66,12,5
"955","2020-03-18",13,12,42,159,2897,0.422506040731791,0,0,277,405,22,129,9,75,18,9
"956","2020-03-19",16,12,41,186,2897,0.422506040731791,0,0,277,405,18,147,5,80,11,5
"957","2020-03-20",27,12,48,216,2897,0.422506040731791,0,0,277,405,38,185,4,84,28,4
"958","2020-03-21",34,12,50,235,2897,0.422506040731791,0,0,277,405,22,207,2,86,13,2
"959","2020-03-22",38,12,55,256,2897,0.422506040731791,0,0,277,405,22,229,13,99,16,13
"960","2020-03-23",42,12,54,281,2897,0.422506040731791,0,0,277,405,23,252,2,101,14,2
"961","2020-03-24",51,12,57,302,2897,0.422506040731791,0,0,277,405,37,289,9,110,35,9
"962","2020-03-25",59,12,58,316,2897,0.422506040731791,0,0,277,405,35,324,15,125,30,15
"963","2020-03-26",62,12,76,330,2897,0.422506040731791,0,0,277,405,42,366,25,150,30,25
"964","2020-03-27",64,12,72,347,2897,0.422506040731791,0,0,277,405,48,414,10,160,35,10
"965","2020-03-28",75,12,82,354,2897,0.422506040731791,0,0,277,405,30,444,4,164,24,4
"966","2020-03-29",84,12,86,377,2897,0.422506040731791,0,0,277,405,44,488,5,169,34,5
"967","2020-03-30",90,12,104,399,2897,0.422506040731791,0,0,277,405,38,526,14,183,29,14
"968","2020-03-31",92,12,112,404,2897,0.422506040731791,0,0,277,405,43,569,9,192,39,9
"969","2020-04-01",93,12,115,408,2897,0.422506040731791,0,0,277,405,50,619,24,216,37,24
"970","2020-04-02",105,12,120,416,2897,0.422506040731791,0,0,277,405,37,656,12,228,32,12
"971","2020-04-03",114,12,127,410,2897,0.422506040731791,0,0,277,405,35,691,10,238,30,10
"972","2020-04-04",112,12,131,422,2897,0.422506040731791,0,0,277,405,45,736,5,243,36,5
"973","2020-04-05",112,12,138,439,2897,0.422506040731791,0,0,277,405,45,781,14,257,35,14
"974","2020-04-06",119,12,154,443,2897,0.422506040731791,0,0,277,405,35,816,8,265,22,8
"975","2020-04-07",128,12,152,437,2897,0.422506040731791,0,0,277,405,49,865,38,303,40,38
"976","2020-04-08",133,12,156,440,2897,0.422506040731791,0,0,277,405,58,923,29,332,49,29
"977","2020-04-09",125,12,142,439,2897,0.422506040731791,0,0,277,405,43,966,20,352,37,20
"978","2020-04-10",118,12,129,424,2897,0.422506040731791,0,0,277,405,47,1013,9,361,30,9
"979","2020-04-11",126,12,129,422,2897,0.422506040731791,0,0,277,405,51,1064,30,391,36,30
"980","2020-04-12",126,12,116,418,2897,0.422506040731791,0,0,277,405,49,1113,25,416,37,25
"981","2020-04-13",120,12,103,409,2897,0.422506040731791,0,0,277,405,50,1163,21,437,39,21
"982","2020-04-14",116,12,91,412,2897,0.422506040731791,0,0,277,405,58,1221,23,460,46,23
"983","2020-04-15",109,12,80,419,2897,0.422506040731791,0,0,277,405,50,1271,20,480,46,20
"984","2020-04-16",122,12,70,421,2897,0.422506040731791,0,0,277,405,51,1322,13,493,39,13
"985","2020-04-17",129,12,74,438,2897,0.422506040731791,0,0,277,405,61,1383,15,508,47,15
"986","2020-04-18",121,12,89,447,2897,0.422506040731791,0,0,277,405,47,1430,30,538,37,30
"987","2020-04-19",119,12,107,451,2897,0.422506040731791,0,0,277,405,64,1494,12,550,57,12
"988","2020-04-20",123,12,118,457,2897,0.422506040731791,0,0,277,405,54,1548,6,556,45,6
"989","2020-04-21",125,12,125,462,2897,0.422506040731791,0,0,277,405,62,1610,4,560,53,4
"990","2020-04-22",128,12,130,462,2897,0.422506040731791,0,0,277,405,63,1673,8,568,50,8
"991","2020-04-23",130,12,115,475,2897,0.422506040731791,0,0,277,405,74,1747,4,572,58,4
"992","2020-04-24",123,12,110,447,2897,0.422506040731791,0,0,277,405,62,1809,9,581,54,9
"993","2020-04-25",121,12,112,455,2897,0.422506040731791,0,0,277,405,52,1861,8,589,41,8
"994","2020-04-26",129,12,113,445,2897,0.422506040731791,0,0,277,405,57,1918,11,600,49,11
"995","2020-04-27",126,12,108,443,2897,0.422506040731791,0,0,277,405,51,1969,12,612,43,12
"996","2020-04-28",128,12,91,447,2897,0.422506040731791,0,0,277,405,55,2024,18,630,48,18
"997","2020-04-29",127,12,94,456,2897,0.422506040731791,0,0,277,405,57,2081,10,640,47,10
"998","2020-04-30",113,12,105,440,2897,0.422506040731791,0,0,277,405,52,2133,34,674,34,34
"999","2020-05-01",109,12,117,428,2897,0.422506040731791,0,0,277,405,39,2172,13,687,35,13
"1000","2020-05-02",105,12,120,414,2897,0.422506040731791,0,0,277,405,64,2236,23,710,46,23
"1001","2020-05-03",100,12,117,418,2897,0.422506040731791,0,0,277,405,54,2290,13,723,51,13
"1002","2020-05-04",107,12,112,423,2897,0.422506040731791,0,0,277,405,49,2339,14,737,40,14
"1003","2020-05-05",100,12,108,427,2897,0.422506040731791,0,0,277,405,54,2393,30,767,44,30
"1004","2020-05-06",112,12,126,416,2897,0.422506040731791,0,0,277,405,38,2431,20,787,29,20
"1005","2020-05-07",118,12,121,405,2897,0.422506040731791,0,0,277,405,54,2485,22,809,44,22
"1006","2020-05-08",123,12,121,393,2897,0.422506040731791,0,0,277,405,61,2546,29,838,44,29
"1007","2020-05-09",123,12,128,407,2897,0.422506040731791,0,0,277,405,34,2580,20,858,28,20
"1008","2020-05-10",121,12,145,408,2897,0.422506040731791,0,0,277,405,45,2625,23,881,36,23
"1009","2020-05-11",118,12,132,393,2897,0.422506040731791,0,0,277,405,45,2670,17,898,34,17
"1010","2020-05-12",120,12,137,376,2897,0.422506040731791,0,0,277,405,30,2700,13,911,26,13
"1011","2020-05-13",112,12,131,365,2897,0.422506040731791,0,0,277,405,33,2733,29,940,25,29
"1012","2020-05-14",110,12,145,361,2897,0.422506040731791,0,0,277,405,34,2767,23,963,27,23
"1013","2020-05-15",108,12,129,354,2897,0.422506040731791,0,0,277,405,41,2808,26,989,36,26
"1014","2020-05-16",114,12,124,346,2897,0.422506040731791,0,0,277,405,27,2835,16,1005,22,16
"1015","2020-05-17",112,12,122,342,2897,0.422506040731791,0,0,277,405,31,2866,16,1021,23,16
"1016","2020-05-18",101,12,138,337,2897,0.422506040731791,0,0,277,405,29,2895,22,1043,21,22
"1017","2020-05-19",96,12,148,332,2897,0.422506040731791,0,0,277,405,23,2918,20,1063,19,20
"1018","2020-05-20",97,12,135,321,2897,0.422506040731791,0,0,277,405,24,2942,26,1089,19,26
"1019","2020-05-21",91,12,136,316,2897,0.422506040731791,0,0,277,405,21,2963,25,1114,18,25
"1020","2020-05-22",93,12,136,303,2897,0.422506040731791,0,0,277,405,26,2989,22,1136,19,22
"1021","2020-05-23",87,12,164,296,2897,0.422506040731791,0,0,277,405,18,3007,22,1158,16,22
"1022","2020-05-24",83,12,173,280,2897,0.422506040731791,0,0,277,405,23,3030,34,1192,17,34
"1023","2020-05-25",86,12,161,270,2897,0.422506040731791,0,0,277,405,21,3051,8,1200,14,8
"1024","2020-05-26",89,12,144,264,2897,0.422506040731791,0,0,277,405,15,3066,23,1223,13,23
"1025","2020-05-27",89,12,141,247,2897,0.422506040731791,0,0,277,405,20,3086,15,1238,16,15
"1026","2020-05-28",89,12,137,241,2897,0.422506040731791,0,0,277,405,15,3101,16,1254,12,16
"1027","2020-05-29",81,12,124,230,2897,0.422506040731791,0,0,277,405,14,3115,10,1264,11,10
"1028","2020-05-30",74,12,106,229,2897,0.422506040731791,0,0,277,405,12,3127,15,1279,10,15
"1029","2020-05-31",69,12,102,217,2897,0.422506040731791,0,0,277,405,17,3144,13,1292,12,13
"1030","2020-06-01",64,12,92,214,2897,0.422506040731791,0,0,277,405,18,3162,16,1308,12,16
"1031","2020-06-02",55,12,86,211,2897,0.422506040731791,0,0,277,405,19,3181,7,1315,15,7
"1032","2020-06-03",43,12,79,198,2897,0.422506040731791,0,0,277,405,13,3194,14,1329,8,14
"1033","2020-06-04",43,12,84,194,2897,0.422506040731791,0,0,277,405,17,3211,17,1346,14,17
"1034","2020-06-05",42,12,80,196,2897,0.422506040731791,0,0,277,405,19,3230,20,1366,13,20
"1035","2020-06-06",43,12,80,196,2897,0.422506040731791,0,0,277,405,14,3244,15,1381,9,15
"1036","2020-06-07",46,12,69,181,2897,0.422506040731791,0,0,277,405,13,3257,18,1399,8,18
"1037","2020-03-13",1,13,34,18,1920,0.71875,0,0,167,402,15,50,3,16,1,3
"1038","2020-03-14",3,13,34,25,1920,0.71875,0,0,167,402,30,80,6,22,8,6
"1039","2020-03-15",3,13,38,32,1920,0.71875,0,0,167,402,15,95,3,25,5,3
"1040","2020-03-16",5,13,37,44,1920,0.71875,0,0,167,402,26,121,5,30,12,5
"1041","2020-03-17",5,13,46,57,1920,0.71875,0,0,167,402,23,144,6,36,13,6
"1042","2020-03-18",6,13,45,70,1920,0.71875,0,0,167,402,24,168,5,41,14,5
"1043","2020-03-19",7,13,62,78,1920,0.71875,0,0,167,402,44,212,5,46,36,5
"1044","2020-03-20",7,13,72,84,1920,0.71875,0,0,167,402,37,249,5,51,27,5
"1045","2020-03-21",11,13,90,95,1920,0.71875,0,0,167,402,42,291,5,56,28,5
"1046","2020-03-22",17,13,105,114,1920,0.71875,0,0,167,402,32,323,4,60,25,4
"1047","2020-03-23",20,13,105,125,1920,0.71875,0,0,167,402,32,355,6,66,19,6
"1048","2020-03-24",25,13,119,136,1920,0.71875,0,0,167,402,53,408,4,70,34,4
"1049","2020-03-25",24,13,115,160,1920,0.71875,0,0,167,402,48,456,12,82,32,12
"1050","2020-03-26",33,13,109,180,1920,0.71875,0,0,167,402,49,505,6,88,34,6
"1051","2020-03-27",45,13,111,200,1920,0.71875,0,0,167,402,42,547,12,100,30,12
"1052","2020-03-28",44,13,110,228,1920,0.71875,0,0,167,402,51,598,9,109,37,9
"1053","2020-03-29",51,13,126,241,1920,0.71875,0,0,167,402,52,650,8,117,39,8
"1054","2020-03-30",54,13,119,247,1920,0.71875,0,0,167,402,49,699,14,131,31,14
"1055","2020-03-31",62,13,112,256,1920,0.71875,0,0,167,402,41,740,15,146,28,15
"1056","2020-04-01",74,13,111,264,1920,0.71875,0,0,167,402,49,789,20,166,39,20
"1057","2020-04-02",75,13,114,275,1920,0.71875,0,0,167,402,50,839,9,175,33,9
"1058","2020-04-03",72,13,116,271,1920,0.71875,0,0,167,402,36,875,25,200,24,25
"1059","2020-04-04",72,13,125,279,1920,0.71875,0,0,167,402,53,928,17,217,31,17
"1060","2020-04-05",66,13,120,289,1920,0.71875,0,0,167,402,35,963,7,224,25,7
"1061","2020-04-06",67,13,123,287,1920,0.71875,0,0,167,402,43,1006,18,242,27,18
"1062","2020-04-07",65,13,113,287,1920,0.71875,0,0,167,402,50,1056,6,248,34,6
"1063","2020-04-08",71,13,111,296,1920,0.71875,0,0,167,402,38,1094,10,258,22,10
"1064","2020-04-09",70,13,120,291,1920,0.71875,0,0,167,402,45,1139,14,272,31,14
"1065","2020-04-10",70,13,139,290,1920,0.71875,0,0,167,402,43,1182,6,278,30,6
"1066","2020-04-11",74,13,131,288,1920,0.71875,0,0,167,402,40,1222,17,295,26,17
"1067","2020-04-12",80,13,143,295,1920,0.71875,0,0,167,402,36,1258,10,305,25,10
"1068","2020-04-13",83,13,122,291,1920,0.71875,0,0,167,402,41,1299,13,318,21,13
"1069","2020-04-14",81,13,127,282,1920,0.71875,0,0,167,402,42,1341,12,330,26,12
"1070","2020-04-15",70,13,119,276,1920,0.71875,0,0,167,402,39,1380,20,350,16,20
"1071","2020-04-16",72,13,137,285,1920,0.71875,0,0,167,402,54,1434,19,369,38,19
"1072","2020-04-17",75,13,139,291,1920,0.71875,0,0,167,402,42,1476,15,384,28,15
"1073","2020-04-18",78,13,143,296,1920,0.71875,0,0,167,402,36,1512,16,400,19,16
"1074","2020-04-19",76,13,131,294,1920,0.71875,0,0,167,402,47,1559,26,426,23,26
"1075","2020-04-20",70,13,121,285,1920,0.71875,0,0,167,402,35,1594,23,449,22,23
"1076","2020-04-21",65,13,126,286,1920,0.71875,0,0,167,402,33,1627,13,462,19,13
"1077","2020-04-22",71,13,128,300,1920,0.71875,0,0,167,402,40,1667,6,468,21,6
"1078","2020-04-23",70,13,137,299,1920,0.71875,0,0,167,402,30,1697,7,475,22,7
"1079","2020-04-24",71,13,156,294,1920,0.71875,0,0,167,402,42,1739,15,490,26,15
"1080","2020-04-25",74,13,163,281,1920,0.71875,0,0,167,402,45,1784,20,510,25,20
"1081","2020-04-26",72,13,161,278,1920,0.71875,0,0,167,402,41,1825,7,517,24,7
"1082","2020-04-27",76,13,159,271,1920,0.71875,0,0,167,402,33,1858,6,523,19,6
"1083","2020-04-28",83,13,158,256,1920,0.71875,0,0,167,402,42,1900,7,530,24,7
"1084","2020-04-29",82,13,170,249,1920,0.71875,0,0,167,402,34,1934,22,552,22,22
"1085","2020-04-30",82,13,162,232,1920,0.71875,0,0,167,402,48,1982,12,564,32,12
"1086","2020-05-01",84,13,143,222,1920,0.71875,0,0,167,402,37,2019,17,581,22,17
"1087","2020-05-02",73,13,137,222,1920,0.71875,0,0,167,402,28,2047,13,594,13,13
"1088","2020-05-03",73,13,132,219,1920,0.71875,0,0,167,402,39,2086,7,601,22,7
"1089","2020-05-04",71,13,137,224,1920,0.71875,0,0,167,402,36,2122,4,605,19,4
"1090","2020-05-05",67,13,140,219,1920,0.71875,0,0,167,402,41,2163,18,623,30,18
"1091","2020-05-06",65,13,134,224,1920,0.71875,0,0,167,402,41,2204,11,634,21,11
"1092","2020-05-07",59,13,131,220,1920,0.71875,0,0,167,402,42,2246,13,647,29,13
"1093","2020-05-08",52,13,127,227,1920,0.71875,0,0,167,402,32,2278,15,662,20,15
"1094","2020-05-09",62,13,117,235,1920,0.71875,0,0,167,402,35,2313,17,679,21,17
"1095","2020-05-10",60,13,115,240,1920,0.71875,0,0,167,402,30,2343,23,702,17,23
"1096","2020-05-11",61,13,129,249,1920,0.71875,0,0,167,402,35,2378,17,719,20,17
"1097","2020-05-12",65,13,138,247,1920,0.71875,0,0,167,402,27,2405,10,729,14,10
"1098","2020-05-13",62,13,140,251,1920,0.71875,0,0,167,402,34,2439,8,737,14,8
"1099","2020-05-14",68,13,132,257,1920,0.71875,0,0,167,402,30,2469,12,749,19,12
"1100","2020-05-15",67,13,130,262,1920,0.71875,0,0,167,402,25,2494,10,759,17,10
"1101","2020-05-16",64,13,142,274,1920,0.71875,0,0,167,402,33,2527,11,770,18,11
"1102","2020-05-17",74,13,137,279,1920,0.71875,0,0,167,402,15,2542,7,777,10,7
"1103","2020-05-18",73,13,139,269,1920,0.71875,0,0,167,402,26,2568,7,784,15,7
"1104","2020-05-19",77,13,138,271,1920,0.71875,0,0,167,402,23,2591,13,797,14,13
"1105","2020-05-20",77,13,139,277,1920,0.71875,0,0,167,402,22,2613,9,806,13,9
"1106","2020-05-21",75,13,141,266,1920,0.71875,0,0,167,402,24,2637,7,813,10,7
"1107","2020-05-22",80,13,124,262,1920,0.71875,0,0,167,402,30,2667,6,819,18,6
"1108","2020-05-23",83,13,117,264,1920,0.71875,0,0,167,402,21,2688,11,830,11,11
"1109","2020-05-24",76,13,112,241,1920,0.71875,0,0,167,402,20,2708,7,837,11,7
"1110","2020-05-25",81,13,112,238,1920,0.71875,0,0,167,402,29,2737,9,846,17,9
"1111","2020-05-26",73,13,117,231,1920,0.71875,0,0,167,402,21,2758,6,852,15,6
"1112","2020-05-27",71,13,122,223,1920,0.71875,0,0,167,402,22,2780,3,855,12,3
"1113","2020-05-28",73,13,121,230,1920,0.71875,0,0,167,402,14,2794,5,860,8,5
"1114","2020-05-29",66,13,134,222,1920,0.71875,0,0,167,402,11,2805,13,873,8,13
"1115","2020-05-30",61,13,149,221,1920,0.71875,0,0,167,402,20,2825,14,887,11,14
"1116","2020-05-31",62,13,150,226,1920,0.71875,0,0,167,402,15,2840,10,897,12,10
"1117","2020-06-01",64,13,150,225,1920,0.71875,0,0,167,402,24,2864,14,911,16,14
"1118","2020-06-02",64,13,149,208,1920,0.71875,0,0,167,402,21,2885,10,921,14,10
"1119","2020-06-03",71,13,152,203,1920,0.71875,0,0,167,402,15,2900,9,930,14,9
"1120","2020-06-04",70,13,155,200,1920,0.71875,0,0,167,402,18,2918,14,944,9,14
"1121","2020-06-05",70,13,154,197,1920,0.71875,0,0,167,402,14,2932,10,954,10,10
"1122","2020-06-06",65,13,156,183,1920,0.71875,0,0,167,402,15,2947,15,969,9,15
"1123","2020-06-07",59,13,150,168,1920,0.71875,0,0,167,402,15,2962,7,976,12,7
"1124","2020-03-14",1,14,29,46,5856,0.920252732240437,0,0,540,484,29,73,10,41,19,10
"1125","2020-03-15",3,14,28,64,5856,0.920252732240437,0,0,540,484,24,97,21,62,13,21
"1126","2020-03-16",4,14,35,80,5856,0.920252732240437,0,0,540,484,27,124,22,84,18,22
"1127","2020-03-17",10,14,36,103,5856,0.920252732240437,0,0,540,484,34,158,13,97,27,13
"1128","2020-03-18",13,14,39,131,5856,0.920252732240437,0,0,540,484,43,201,11,108,36,11
"1129","2020-03-19",17,14,45,145,5856,0.920252732240437,0,0,540,484,78,279,5,113,65,5
"1130","2020-03-20",22,14,49,162,5856,0.920252732240437,0,0,540,484,62,341,4,117,57,4
"1131","2020-03-21",24,14,44,190,5856,0.920252732240437,0,0,540,484,64,405,2,119,59,2
"1132","2020-03-22",27,14,43,223,5856,0.920252732240437,0,0,540,484,102,507,6,125,93,6
"1133","2020-03-23",34,14,50,249,5856,0.920252732240437,0,0,540,484,130,637,3,128,123,3
"1134","2020-03-24",41,14,52,287,5856,0.920252732240437,0,0,540,484,96,733,2,130,89,2
"1135","2020-03-25",45,14,65,311,5856,0.920252732240437,0,0,540,484,141,874,17,147,134,17
"1136","2020-03-26",49,14,64,352,5856,0.920252732240437,0,0,540,484,160,1034,9,156,147,9
"1137","2020-03-27",61,14,73,389,5856,0.920252732240437,0,0,540,484,162,1196,7,163,153,7
"1138","2020-03-28",72,14,73,439,5856,0.920252732240437,0,0,540,484,209,1405,16,179,204,16
"1139","2020-03-29",80,14,80,478,5856,0.920252732240437,0,0,540,484,219,1624,38,217,205,38
"1140","2020-03-30",84,14,86,524,5856,0.920252732240437,0,0,540,484,265,1889,20,237,256,20
"1141","2020-03-31",88,14,94,584,5856,0.920252732240437,0,0,540,484,301,2190,14,251,296,14
"1142","2020-04-01",97,14,119,630,5856,0.920252732240437,0,0,540,484,337,2527,9,260,327,9
"1143","2020-04-02",113,14,114,718,5856,0.920252732240437,0,0,540,484,368,2895,21,281,364,21
"1144","2020-04-03",127,14,123,804,5856,0.920252732240437,0,0,540,484,388,3283,10,291,373,10
"1145","2020-04-04",146,14,147,907,5856,0.920252732240437,0,0,540,484,387,3670,5,296,384,5
"1146","2020-04-05",169,14,157,983,5856,0.920252732240437,0,0,540,484,322,3992,10,306,318,10
"1147","2020-04-06",201,14,158,1078,5856,0.920252732240437,0,0,540,484,397,4389,16,322,393,16
"1148","2020-04-07",224,14,158,1141,5856,0.920252732240437,0,0,540,484,310,4699,11,333,304,11
"1149","2020-04-08",257,14,155,1213,5856,0.920252732240437,0,0,540,484,291,4990,8,341,286,8
"1150","2020-04-09",285,14,148,1300,5856,0.920252732240437,0,0,540,484,226,5216,5,346,217,5
"1151","2020-04-10",303,14,140,1363,5856,0.920252732240437,0,0,540,484,254,5470,11,357,249,11
"1152","2020-04-11",321,14,142,1428,5856,0.920252732240437,0,0,540,484,194,5664,34,391,191,34
"1153","2020-04-12",347,14,155,1499,5856,0.920252732240437,0,0,540,484,175,5839,26,417,172,26
"1154","2020-04-13",365,14,151,1573,5856,0.920252732240437,0,0,540,484,167,6006,34,451,163,34
"1155","2020-04-14",401,14,144,1632,5856,0.920252732240437,0,0,540,484,162,6168,34,485,155,34
"1156","2020-04-15",426,14,144,1706,5856,0.920252732240437,0,0,540,484,134,6302,39,524,130,39
"1157","2020-04-16",454,14,143,1771,5856,0.920252732240437,0,0,540,484,117,6419,31,555,112,31
"1158","2020-04-17",481,14,125,1818,5856,0.920252732240437,0,0,540,484,105,6524,22,577,102,22
"1159","2020-04-18",504,14,118,1831,5856,0.920252732240437,0,0,540,484,76,6600,14,591,73,14
"1160","2020-04-19",522,14,112,1821,5856,0.920252732240437,0,0,540,484,88,6688,12,603,86,12
"1161","2020-04-20",519,14,108,1833,5856,0.920252732240437,0,0,540,484,75,6763,26,629,71,26
"1162","2020-04-21",515,14,133,1813,5856,0.920252732240437,0,0,540,484,52,6815,17,646,51,17
"1163","2020-04-22",503,14,141,1744,5856,0.920252732240437,0,0,540,484,46,6861,16,662,43,16
"1164","2020-04-23",485,14,153,1677,5856,0.920252732240437,0,0,540,484,37,6898,35,697,32,35
"1165","2020-04-24",477,14,157,1636,5856,0.920252732240437,0,0,540,484,28,6926,16,713,26,16
"1166","2020-04-25",470,14,168,1569,5856,0.920252732240437,0,0,540,484,18,6944,15,728,18,15
"1167","2020-04-26",461,14,167,1518,5856,0.920252732240437,0,0,540,484,13,6957,11,739,12,11
"1168","2020-04-27",453,14,176,1439,5856,0.920252732240437,0,0,540,484,19,6976,7,746,17,7
"1169","2020-04-28",439,14,167,1364,5856,0.920252732240437,0,0,540,484,9,6985,35,781,9,35
"1170","2020-04-29",443,14,183,1293,5856,0.920252732240437,0,0,540,484,19,7004,12,793,17,12
"1171","2020-04-30",432,14,171,1205,5856,0.920252732240437,0,0,540,484,10,7014,15,808,9,15
"1172","2020-05-01",414,14,174,1143,5856,0.920252732240437,0,0,540,484,14,7028,24,832,12,24
"1173","2020-05-02",391,14,169,1060,5856,0.920252732240437,0,0,540,484,9,7037,23,855,8,23
"1174","2020-05-03",380,14,153,999,5856,0.920252732240437,0,0,540,484,4,7041,19,874,2,19
"1175","2020-05-04",374,14,157,968,5856,0.920252732240437,0,0,540,484,4,7045,35,909,3,35
"1176","2020-05-05",354,14,144,882,5856,0.920252732240437,0,0,540,484,9,7054,22,931,8,22
"1177","2020-05-06",325,14,135,833,5856,0.920252732240437,0,0,540,484,10,7064,14,945,9,14
"1178","2020-05-07",308,14,120,772,5856,0.920252732240437,0,0,540,484,8,7072,8,953,6,8
"1179","2020-05-08",286,14,116,727,5856,0.920252732240437,0,0,540,484,5,7077,7,960,2,7
"1180","2020-05-09",277,14,113,654,5856,0.920252732240437,0,0,540,484,6,7083,6,966,5,6
"1181","2020-05-10",244,14,123,592,5856,0.920252732240437,0,0,540,484,4,7087,6,972,4,6
"1182","2020-05-11",224,14,114,539,5856,0.920252732240437,0,0,540,484,8,7095,5,977,6,5
"1183","2020-05-12",208,14,117,473,5856,0.920252732240437,0,0,540,484,3,7098,28,1005,2,28
"1184","2020-05-13",193,14,115,440,5856,0.920252732240437,0,0,540,484,7,7105,51,1056,5,51
"1185","2020-05-14",174,14,116,413,5856,0.920252732240437,0,0,540,484,4,7109,38,1094,4,38
"1186","2020-05-15",167,14,124,379,5856,0.920252732240437,0,0,540,484,4,7113,56,1150,4,56
"1187","2020-05-16",147,14,115,337,5856,0.920252732240437,0,0,540,484,3,7116,41,1191,2,41
"1188","2020-05-17",127,14,119,306,5856,0.920252732240437,0,0,540,484,5,7121,50,1241,4,50
"1189","2020-05-18",113,14,113,265,5856,0.920252732240437,0,0,540,484,8,7129,22,1263,7,22
"1190","2020-05-19",104,14,125,251,5856,0.920252732240437,0,0,540,484,5,7134,11,1274,4,11
"1191","2020-05-20",90,14,130,235,5856,0.920252732240437,0,0,540,484,5,7139,15,1289,4,15
"1192","2020-05-21",85,14,135,205,5856,0.920252732240437,0,0,540,484,4,7143,7,1296,3,7
"1193","2020-05-22",76,14,153,195,5856,0.920252732240437,0,0,540,484,1,7144,20,1316,1,20
"1194","2020-05-23",73,14,149,182,5856,0.920252732240437,0,0,540,484,2,7146,35,1351,2,35
"1195","2020-05-24",81,14,158,181,5856,0.920252732240437,0,0,540,484,5,7151,14,1365,4,14
"1196","2020-05-25",74,14,161,171,5856,0.920252732240437,0,0,540,484,5,7156,11,1376,4,11
"1197","2020-05-26",66,14,154,161,5856,0.920252732240437,0,0,540,484,NA,NA,10,1386,NA,10
"1198","2020-05-27",62,14,150,150,5856,0.920252732240437,0,0,540,484,1,7157,27,1413,1,27
"1199","2020-05-28",63,14,131,149,5856,0.920252732240437,0,0,540,484,3,7160,15,1428,1,15
"1200","2020-05-29",56,14,126,145,5856,0.920252732240437,0,0,540,484,5,7165,7,1435,4,7
"1201","2020-05-30",48,14,121,138,5856,0.920252732240437,0,0,540,484,NA,NA,16,1451,NA,16
"1202","2020-05-31",37,14,113,127,5856,0.920252732240437,0,0,540,484,NA,NA,17,1468,NA,17
"1203","2020-06-01",42,14,104,121,5856,0.920252732240437,0,0,540,484,NA,NA,26,1494,NA,26
"1204","2020-06-02",44,14,88,113,5856,0.920252732240437,0,0,540,484,1,7166,12,1506,1,12
"1205","2020-06-03",43,14,84,110,5856,0.920252732240437,0,0,540,484,NA,NA,4,1510,NA,4
"1206","2020-06-04",37,14,84,100,5856,0.920252732240437,0,0,540,484,1,7167,9,1519,1,9
"1207","2020-06-05",36,14,84,98,5856,0.920252732240437,0,0,540,484,NA,NA,10,1529,NA,10
"1208","2020-06-06",35,14,72,101,5856,0.920252732240437,0,0,540,484,2,7169,5,1534,2,5
"1209","2020-06-07",34,14,77,97,5856,0.920252732240437,0,0,540,484,2,7171,13,1547,2,13
"1210","2020-03-12",1,15,39,51,8083,0.887541754299146,0,0,552,555,18,42,9,15,1,9
"1211","2020-03-13",3,15,46,87,8083,0.887541754299146,0,0,552,555,23,65,6,21,5,6
"1212","2020-03-14",6,15,55,112,8083,0.887541754299146,0,0,552,555,19,84,7,28,6,7
"1213","2020-03-15",10,15,72,153,8083,0.887541754299146,0,0,552,555,24,108,9,37,2,9
"1214","2020-03-16",14,15,77,210,8083,0.887541754299146,0,0,552,555,20,128,7,44,4,7
"1215","2020-03-17",21,15,80,273,8083,0.887541754299146,0,0,552,555,37,165,5,49,11,5
"1216","2020-03-18",30,15,79,337,8083,0.887541754299146,0,0,552,555,37,202,13,62,15,13
"1217","2020-03-19",39,15,74,429,8083,0.887541754299146,0,0,552,555,39,241,4,66,13,4
"1218","2020-03-20",59,15,84,512,8083,0.887541754299146,0,0,552,555,42,283,14,80,15,14
"1219","2020-03-21",68,15,94,641,8083,0.887541754299146,0,0,552,555,38,321,1,81,13,1
"1220","2020-03-22",76,15,85,776,8083,0.887541754299146,0,0,552,555,34,355,6,87,18,6
"1221","2020-03-23",107,15,89,929,8083,0.887541754299146,0,0,552,555,35,390,12,99,14,12
"1222","2020-03-24",135,15,121,1109,8083,0.887541754299146,0,0,552,555,39,429,9,108,19,9
"1223","2020-03-25",161,15,107,1306,8083,0.887541754299146,0,0,552,555,35,464,6,114,10,6
"1224","2020-03-26",199,15,117,1550,8083,0.887541754299146,0,0,552,555,39,503,8,122,13,8
"1225","2020-03-27",236,15,132,1856,8083,0.887541754299146,0,0,552,555,49,552,2,124,25,2
"1226","2020-03-28",288,15,130,2235,8083,0.887541754299146,0,0,552,555,33,585,12,136,15,12
"1227","2020-03-29",346,15,141,2568,8083,0.887541754299146,0,0,552,555,39,624,11,147,15,11
"1228","2020-03-30",397,15,165,2898,8083,0.887541754299146,0,0,552,555,54,678,11,158,25,11
"1229","2020-03-31",466,15,173,3185,8083,0.887541754299146,0,0,552,555,47,725,15,173,22,15
"1230","2020-04-01",561,15,197,3488,8083,0.887541754299146,0,0,552,555,40,765,9,182,18,9
"1231","2020-04-02",659,15,207,3809,8083,0.887541754299146,0,0,552,555,42,807,12,194,23,12
"1232","2020-04-03",747,15,219,4049,8083,0.887541754299146,0,0,552,555,37,844,16,210,13,16
"1233","2020-04-04",843,15,207,4194,8083,0.887541754299146,0,0,552,555,38,882,13,223,13,13
"1234","2020-04-05",947,15,180,4253,8083,0.887541754299146,0,0,552,555,50,932,5,228,27,5
"1235","2020-04-06",1042,15,196,4210,8083,0.887541754299146,0,0,552,555,44,976,8,236,19,8
"1236","2020-04-07",1085,15,186,4117,8083,0.887541754299146,0,0,552,555,45,1021,7,243,19,7
"1237","2020-04-08",1143,15,216,3957,8083,0.887541754299146,0,0,552,555,41,1062,10,253,18,10
"1238","2020-04-09",1178,15,194,3734,8083,0.887541754299146,0,0,552,555,50,1112,27,280,22,27
"1239","2020-04-10",1179,15,175,3441,8083,0.887541754299146,0,0,552,555,55,1167,17,297,26,17
"1240","2020-04-11",1157,15,176,3152,8083,0.887541754299146,0,0,552,555,59,1226,11,308,26,11
"1241","2020-04-12",1115,15,172,2874,8083,0.887541754299146,0,0,552,555,49,1275,7,315,23,7
"1242","2020-04-13",1050,15,184,2532,8083,0.887541754299146,0,0,552,555,53,1328,7,322,26,7
"1243","2020-04-14",1016,15,204,2214,8083,0.887541754299146,0,0,552,555,48,1376,7,329,20,7
"1244","2020-04-15",911,15,213,1938,8083,0.887541754299146,0,0,552,555,62,1438,4,333,29,4
"1245","2020-04-16",812,15,235,1657,8083,0.887541754299146,0,0,552,555,44,1482,5,338,20,5
"1246","2020-04-17",711,15,246,1397,8083,0.887541754299146,0,0,552,555,67,1549,19,357,33,19
"1247","2020-04-18",619,15,245,1195,8083,0.887541754299146,0,0,552,555,57,1606,10,367,22,10
"1248","2020-04-19",528,15,234,990,8083,0.887541754299146,0,0,552,555,56,1662,13,380,23,13
"1249","2020-04-20",453,15,228,828,8083,0.887541754299146,0,0,552,555,57,1719,6,386,29,6
"1250","2020-04-21",373,15,218,674,8083,0.887541754299146,0,0,552,555,63,1782,4,390,29,4
"1251","2020-04-22",318,15,242,558,8083,0.887541754299146,0,0,552,555,47,1829,14,404,27,14
"1252","2020-04-23",248,15,224,467,8083,0.887541754299146,0,0,552,555,63,1892,21,425,29,21
"1253","2020-04-24",215,15,208,378,8083,0.887541754299146,0,0,552,555,60,1952,22,447,31,22
"1254","2020-04-25",183,15,203,321,8083,0.887541754299146,0,0,552,555,50,2002,21,468,16,21
"1255","2020-04-26",149,15,198,264,8083,0.887541754299146,0,0,552,555,51,2053,18,486,21,18
"1256","2020-04-27",119,15,171,219,8083,0.887541754299146,0,0,552,555,54,2107,14,500,22,14
"1257","2020-04-28",90,15,177,177,8083,0.887541754299146,0,0,552,555,48,2155,13,513,18,13
"1258","2020-04-29",68,15,214,159,8083,0.887541754299146,0,0,552,555,53,2208,13,526,23,13
"1259","2020-04-30",64,15,241,138,8083,0.887541754299146,0,0,552,555,52,2260,19,545,25,19
"1260","2020-05-01",56,15,262,109,8083,0.887541754299146,0,0,552,555,40,2300,18,563,12,18
"1261","2020-05-02",46,15,248,96,8083,0.887541754299146,0,0,552,555,42,2342,8,571,22,8
"1262","2020-05-03",43,15,214,81,8083,0.887541754299146,0,0,552,555,38,2380,21,592,16,21
"1263","2020-05-04",37,15,193,77,8083,0.887541754299146,0,0,552,555,36,2416,16,608,21,16
"1264","2020-05-05",37,15,166,73,8083,0.887541754299146,0,0,552,555,31,2447,6,614,7,6
"1265","2020-05-06",32,15,142,74,8083,0.887541754299146,0,0,552,555,36,2483,6,620,12,6
"1266","2020-05-07",29,15,143,73,8083,0.887541754299146,0,0,552,555,46,2529,8,628,17,8
"1267","2020-05-08",27,15,153,64,8083,0.887541754299146,0,0,552,555,32,2561,16,644,13,16
"1268","2020-05-09",27,15,155,60,8083,0.887541754299146,0,0,552,555,27,2588,20,664,10,20
"1269","2020-05-10",25,15,130,60,8083,0.887541754299146,0,0,552,555,43,2631,12,676,21,12
"1270","2020-05-11",22,15,129,56,8083,0.887541754299146,0,0,552,555,44,2675,26,702,18,26
"1271","2020-05-12",21,15,127,54,8083,0.887541754299146,0,0,552,555,24,2699,11,713,10,11
"1272","2020-05-13",20,15,118,50,8083,0.887541754299146,0,0,552,555,34,2733,14,727,15,14
"1273","2020-05-14",15,15,110,47,8083,0.887541754299146,0,0,552,555,28,2761,8,735,9,8
"1274","2020-05-15",11,15,112,42,8083,0.887541754299146,0,0,552,555,31,2792,10,745,12,10
"1275","2020-05-16",9,15,148,38,8083,0.887541754299146,0,0,552,555,40,2832,6,751,12,6
"1276","2020-05-17",11,15,174,35,8083,0.887541754299146,0,0,552,555,33,2865,13,764,13,13
"1277","2020-05-18",9,15,170,35,8083,0.887541754299146,0,0,552,555,23,2888,1,765,14,1
"1278","2020-05-19",7,15,173,30,8083,0.887541754299146,0,0,552,555,31,2919,10,775,10,10
"1279","2020-05-20",7,15,173,29,8083,0.887541754299146,0,0,552,555,29,2948,12,787,10,12
"1280","2020-05-21",8,15,167,24,8083,0.887541754299146,0,0,552,555,33,2981,4,791,15,4
"1281","2020-05-22",10,15,153,27,8083,0.887541754299146,0,0,552,555,20,3001,9,800,7,9
"1282","2020-05-23",9,15,141,29,8083,0.887541754299146,0,0,552,555,26,3027,3,803,8,3
"1283","2020-05-24",6,15,153,30,8083,0.887541754299146,0,0,552,555,33,3060,6,809,17,6
"1284","2020-05-25",9,15,160,31,8083,0.887541754299146,0,0,552,555,28,3088,10,819,20,10
"1285","2020-05-26",10,15,162,30,8083,0.887541754299146,0,0,552,555,21,3109,3,822,11,3
"1286","2020-05-27",12,15,160,30,8083,0.887541754299146,0,0,552,555,21,3130,13,835,9,13
"1287","2020-05-28",13,15,151,28,8083,0.887541754299146,0,0,552,555,27,3157,5,840,14,5
"1288","2020-05-29",13,15,168,28,8083,0.887541754299146,0,0,552,555,18,3175,6,846,9,6
"1289","2020-05-30",14,15,176,26,8083,0.887541754299146,0,0,552,555,19,3194,9,855,10,9
"1290","2020-05-31",13,15,151,27,8083,0.887541754299146,0,0,552,555,20,3214,11,866,8,11
"1291","2020-06-01",10,15,136,26,8083,0.887541754299146,0,0,552,555,15,3229,11,877,11,11
"1292","2020-06-02",8,15,131,27,8083,0.887541754299146,0,0,552,555,16,3245,4,881,11,4
"1293","2020-06-03",6,15,148,27,8083,0.887541754299146,0,0,552,555,20,3265,10,891,12,10
"1294","2020-06-04",6,15,152,28,8083,0.887541754299146,0,0,552,555,10,3275,6,897,2,6
"1295","2020-06-05",4,15,154,25,8083,0.887541754299146,0,0,552,555,12,3287,8,905,5,8
"1296","2020-06-06",4,15,131,22,8083,0.887541754299146,0,0,552,555,11,3298,8,913,5,8
"1297","2020-06-07",5,15,125,17,8083,0.887541754299146,0,0,552,555,17,3315,7,920,7,7
"1298","2020-03-13",1,16,43,20,2434,0.728019720624486,0,0,212,454,24,61,9,33,3,9
"1299","2020-03-14",2,16,38,35,2434,0.728019720624486,0,0,212,454,31,92,19,52,8,19
"1300","2020-03-15",2,16,47,49,2434,0.728019720624486,0,0,212,454,15,107,24,76,9,24
"1301","2020-03-16",4,16,61,62,2434,0.728019720624486,0,0,212,454,24,131,22,98,17,22
"1302","2020-03-17",5,16,47,79,2434,0.728019720624486,0,0,212,454,30,161,33,131,16,33
"1303","2020-03-18",5,16,52,85,2434,0.728019720624486,0,0,212,454,29,190,31,162,13,31
"1304","2020-03-19",9,16,51,99,2434,0.728019720624486,0,0,212,454,38,228,27,189,18,27
"1305","2020-03-20",11,16,49,126,2434,0.728019720624486,0,0,212,454,40,268,22,211,22,22
"1306","2020-03-21",17,16,56,137,2434,0.728019720624486,0,0,212,454,33,301,36,247,17,36
"1307","2020-03-22",19,16,47,154,2434,0.728019720624486,0,0,212,454,36,337,45,292,21,45
"1308","2020-03-23",25,16,54,176,2434,0.728019720624486,0,0,212,454,48,385,40,332,29,40
"1309","2020-03-24",31,16,58,192,2434,0.728019720624486,0,0,212,454,36,421,43,375,19,43
"1310","2020-03-25",37,16,72,201,2434,0.728019720624486,0,0,212,454,32,453,52,427,16,53
"1311","2020-03-26",44,16,65,221,2434,0.728019720624486,0,0,212,454,30,483,33,460,18,33
"1312","2020-03-27",52,16,69,231,2434,0.728019720624486,0,0,212,454,45,528,30,490,23,30
"1313","2020-03-28",50,16,81,252,2434,0.728019720624486,0,0,212,454,33,561,16,506,20,16
"1314","2020-03-29",58,16,104,256,2434,0.728019720624486,0,0,212,454,43,604,23,529,29,23
"1315","2020-03-30",60,16,118,275,2434,0.728019720624486,0,0,212,454,45,649,14,543,34,14
"1316","2020-03-31",65,16,129,291,2434,0.728019720624486,0,0,212,454,32,681,25,568,15,25
"1317","2020-04-01",71,16,123,299,2434,0.728019720624486,0,0,212,454,46,727,35,603,27,35
"1318","2020-04-02",70,16,114,319,2434,0.728019720624486,0,0,212,454,48,775,27,630,26,27
"1319","2020-04-03",71,16,124,326,2434,0.728019720624486,0,0,212,454,43,818,40,670,27,40
"1320","2020-04-04",83,16,123,337,2434,0.728019720624486,0,0,212,454,54,872,35,705,24,35
"1321","2020-04-05",87,16,138,352,2434,0.728019720624486,0,0,212,454,54,926,43,748,37,43
"1322","2020-04-06",93,16,131,359,2434,0.728019720624486,0,0,212,454,48,974,32,780,28,32
"1323","2020-04-07",92,16,130,366,2434,0.728019720624486,0,0,212,454,45,1019,35,815,28,35
"1324","2020-04-08",95,16,148,382,2434,0.728019720624486,0,0,212,454,45,1064,27,842,23,27
"1325","2020-04-09",99,16,155,401,2434,0.728019720624486,0,0,212,454,34,1098,37,879,17,37
"1326","2020-04-10",100,16,150,410,2434,0.728019720624486,0,0,212,454,47,1145,54,933,22,54
"1327","2020-04-11",100,16,158,405,2434,0.728019720624486,0,0,212,454,46,1191,38,971,26,38
"1328","2020-04-12",94,16,133,402,2434,0.728019720624486,0,0,212,454,35,1226,38,1009,16,38
"1329","2020-04-13",92,16,125,398,2434,0.728019720624486,0,0,212,454,38,1264,27,1036,17,27
"1330","2020-04-14",99,16,142,401,2434,0.728019720624486,0,0,212,454,36,1300,25,1061,16,25
"1331","2020-04-15",97,16,135,384,2434,0.728019720624486,0,0,212,454,42,1342,18,1079,20,18
"1332","2020-04-16",101,16,141,377,2434,0.728019720624486,0,0,212,454,40,1382,27,1106,20,27
"1333","2020-04-17",103,16,137,390,2434,0.728019720624486,0,0,212,454,38,1420,31,1137,12,31
"1334","2020-04-18",100,16,138,383,2434,0.728019720624486,0,0,212,454,35,1455,58,1195,20,58
"1335","2020-04-19",107,16,157,395,2434,0.728019720624486,0,0,212,454,41,1496,38,1233,23,38
"1336","2020-04-20",115,16,163,393,2434,0.728019720624486,0,0,212,454,40,1536,43,1276,20,43
"1337","2020-04-21",110,16,159,388,2434,0.728019720624486,0,0,212,454,43,1579,27,1303,23,27
"1338","2020-04-22",107,16,161,366,2434,0.728019720624486,0,0,212,454,41,1620,55,1358,22,55
"1339","2020-04-23",95,16,160,356,2434,0.728019720624486,0,0,212,454,49,1669,34,1392,23,34
"1340","2020-04-24",101,16,149,351,2434,0.728019720624486,0,0,212,454,42,1711,30,1422,25,30
"1341","2020-04-25",101,16,138,357,2434,0.728019720624486,0,0,212,454,45,1756,36,1458,28,36
"1342","2020-04-26",103,16,143,366,2434,0.728019720624486,0,0,212,454,41,1797,53,1511,20,53
"1343","2020-04-27",104,16,172,371,2434,0.728019720624486,0,0,212,454,38,1835,65,1576,19,65
"1344","2020-04-28",104,16,174,373,2434,0.728019720624486,0,0,212,454,48,1883,59,1635,24,59
"1345","2020-04-29",111,16,185,374,2434,0.728019720624486,0,0,212,454,41,1924,37,1672,25,37
"1346","2020-04-30",123,16,183,375,2434,0.728019720624486,0,0,212,454,30,1954,51,1723,9,51
"1347","2020-05-01",119,16,187,371,2434,0.728019720624486,0,0,212,454,30,1984,40,1763,16,40
"1348","2020-05-02",118,16,180,367,2434,0.728019720624486,0,0,212,454,33,2017,35,1798,19,35
"1349","2020-05-03",115,16,197,356,2434,0.728019720624486,0,0,212,454,29,2046,27,1825,18,27
"1350","2020-05-04",106,16,201,348,2434,0.728019720624486,0,0,212,454,41,2087,52,1877,26,52
"1351","2020-05-05",109,16,191,326,2434,0.728019720624486,0,0,212,454,37,2124,53,1930,16,53
"1352","2020-05-06",98,16,168,331,2434,0.728019720624486,0,0,212,454,31,2155,42,1972,11,42
"1353","2020-05-07",105,16,167,327,2434,0.728019720624486,0,0,212,454,46,2201,57,2029,19,57
"1354","2020-05-08",98,16,170,325,2434,0.728019720624486,0,0,212,454,28,2229,48,2077,13,48
"1355","2020-05-09",103,16,164,316,2434,0.728019720624486,0,0,212,454,31,2260,39,2116,12,39
"1356","2020-05-10",100,16,147,318,2434,0.728019720624486,0,0,212,454,43,2303,34,2150,19,34
"1357","2020-05-11",99,16,142,331,2434,0.728019720624486,0,0,212,454,28,2331,27,2177,19,27
"1358","2020-05-12",93,16,158,338,2434,0.728019720624486,0,0,212,454,35,2366,33,2210,17,33
"1359","2020-05-13",97,16,185,337,2434,0.728019720624486,0,0,212,454,31,2397,33,2243,15,33
"1360","2020-05-14",85,16,170,339,2434,0.728019720624486,0,0,212,454,31,2428,30,2273,17,30
"1361","2020-05-15",83,16,156,337,2434,0.728019720624486,0,0,212,454,38,2466,33,2306,20,33
"1362","2020-05-16",88,16,139,330,2434,0.728019720624486,0,0,212,454,27,2493,44,2350,15,44
"1363","2020-05-17",92,16,137,330,2434,0.728019720624486,0,0,212,454,23,2516,55,2405,14,55
"1364","2020-05-18",87,16,143,323,2434,0.728019720624486,0,0,212,454,28,2544,38,2443,13,38
"1365","2020-05-19",88,16,151,299,2434,0.728019720624486,0,0,212,454,23,2567,42,2485,17,42
"1366","2020-05-20",92,16,151,295,2434,0.728019720624486,0,0,212,454,24,2591,43,2528,15,43
"1367","2020-05-21",92,16,143,289,2434,0.728019720624486,0,0,212,454,33,2624,31,2559,20,31
"1368","2020-05-22",102,16,147,280,2434,0.728019720624486,0,0,212,454,23,2647,29,2588,5,29
"1369","2020-05-23",88,16,147,275,2434,0.728019720624486,0,0,212,454,21,2668,28,2616,13,28
"1370","2020-05-24",87,16,151,278,2434,0.728019720624486,0,0,212,454,19,2687,51,2667,12,51
"1371","2020-05-25",91,16,134,272,2434,0.728019720624486,0,0,212,454,32,2719,41,2708,18,41
"1372","2020-05-26",88,16,134,257,2434,0.728019720624486,0,0,212,454,22,2741,50,2758,16,50
"1373","2020-05-27",87,16,143,257,2434,0.728019720624486,0,0,212,454,24,2765,20,2778,9,20
"1374","2020-05-28",87,16,144,255,2434,0.728019720624486,0,0,212,454,16,2781,38,2816,9,38
"1375","2020-05-29",78,16,153,263,2434,0.728019720624486,0,0,212,454,28,2809,40,2856,15,40
"1376","2020-05-30",76,16,152,247,2434,0.728019720624486,0,0,212,454,12,2821,36,2892,4,36
"1377","2020-05-31",68,16,151,247,2434,0.728019720624486,0,0,212,454,25,2846,39,2931,14,39
"1378","2020-06-01",69,16,152,243,2434,0.728019720624486,0,0,212,454,17,2863,35,2966,8,35
"1379","2020-06-02",73,16,148,247,2434,0.728019720624486,0,0,212,454,24,2887,32,2998,12,32
"1380","2020-06-03",69,16,119,233,2434,0.728019720624486,0,0,212,454,12,2899,28,3026,7,28
"1381","2020-06-04",68,16,115,236,2434,0.728019720624486,0,0,212,454,18,2917,40,3066,8,40
"1382","2020-06-05",64,16,125,233,2434,0.728019720624486,0,0,212,454,13,2930,30,3096,5,30
"1383","2020-06-06",68,16,139,217,2434,0.728019720624486,0,0,212,454,16,2946,32,3128,10,32
"1384","2020-06-07",71,16,128,205,2434,0.728019720624486,0,0,212,454,11,2957,33,3161,6,33
"1385","2020-03-13",1,17,24,30,2280,0.440789473684211,0,0,168,450,6,22,3,12,4,3
"1386","2020-03-14",2,17,46,47,2280,0.440789473684211,0,0,168,450,16,38,8,20,11,8
"1387","2020-03-15",3,17,47,61,2280,0.440789473684211,0,0,168,450,14,52,6,26,9,6
"1388","2020-03-16",5,17,62,77,2280,0.440789473684211,0,0,168,450,22,74,4,30,19,4
"1389","2020-03-17",6,17,55,83,2280,0.440789473684211,0,0,168,450,27,101,6,36,24,6
"1390","2020-03-18",10,17,54,105,2280,0.440789473684211,0,0,168,450,17,118,9,45,16,9
"1391","2020-03-19",15,17,46,120,2280,0.440789473684211,0,0,168,450,35,153,9,54,31,9
"1392","2020-03-20",19,17,51,136,2280,0.440789473684211,0,0,168,450,36,189,5,59,35,5
"1393","2020-03-21",24,17,51,161,2280,0.440789473684211,0,0,168,450,48,237,3,62,45,3
"1394","2020-03-22",31,17,63,180,2280,0.440789473684211,0,0,168,450,72,309,5,67,72,5
"1395","2020-03-23",35,17,86,206,2280,0.440789473684211,0,0,168,450,63,372,4,71,59,4
"1396","2020-03-24",47,17,101,223,2280,0.440789473684211,0,0,168,450,77,449,2,73,74,2
"1397","2020-03-25",48,17,110,234,2280,0.440789473684211,0,0,168,450,93,542,14,87,91,14
"1398","2020-03-26",51,17,109,233,2280,0.440789473684211,0,0,168,450,91,633,12,99,89,12
"1399","2020-03-27",59,17,95,245,2280,0.440789473684211,0,0,168,450,104,737,6,105,102,6
"1400","2020-03-28",57,17,92,254,2280,0.440789473684211,0,0,168,450,137,874,3,108,135,3
"1401","2020-03-29",58,17,105,265,2280,0.440789473684211,0,0,168,450,129,1003,9,117,128,9
"1402","2020-03-30",64,17,100,285,2280,0.440789473684211,0,0,168,450,158,1161,10,127,156,10
"1403","2020-03-31",62,17,109,290,2280,0.440789473684211,0,0,168,450,155,1316,17,144,152,17
"1404","2020-04-01",68,17,113,303,2280,0.440789473684211,0,0,168,450,179,1495,19,163,177,19
"1405","2020-04-02",73,17,111,307,2280,0.440789473684211,0,0,168,450,221,1716,16,179,216,16
"1406","2020-04-03",68,17,104,302,2280,0.440789473684211,0,0,168,450,214,1930,4,183,210,4
"1407","2020-04-04",78,17,95,312,2280,0.440789473684211,0,0,168,450,244,2174,5,188,238,5
"1408","2020-04-05",81,17,81,322,2280,0.440789473684211,0,0,168,450,246,2420,6,194,244,6
"1409","2020-04-06",83,17,78,324,2280,0.440789473684211,0,0,168,450,263,2683,5,199,261,5
"1410","2020-04-07",87,17,74,328,2280,0.440789473684211,0,0,168,450,287,2970,2,201,286,2
"1411","2020-04-08",86,17,72,331,2280,0.440789473684211,0,0,168,450,269,3239,4,205,265,4
"1412","2020-04-09",84,17,81,332,2280,0.440789473684211,0,0,168,450,282,3521,24,229,282,24
"1413","2020-04-10",91,17,96,331,2280,0.440789473684211,0,0,168,450,274,3795,8,237,273,8
"1414","2020-04-11",97,17,104,331,2280,0.440789473684211,0,0,168,450,219,4014,4,241,218,4
"1415","2020-04-12",98,17,127,354,2280,0.440789473684211,0,0,168,450,241,4255,7,248,239,7
"1416","2020-04-13",94,17,140,355,2280,0.440789473684211,0,0,168,450,239,4494,19,267,235,19
"1417","2020-04-14",84,17,147,349,2280,0.440789473684211,0,0,168,450,229,4723,13,280,227,13
"1418","2020-04-15",84,17,140,333,2280,0.440789473684211,0,0,168,450,187,4910,25,305,185,25
"1419","2020-04-16",88,17,128,341,2280,0.440789473684211,0,0,168,450,198,5108,30,335,196,30
"1420","2020-04-17",89,17,149,351,2280,0.440789473684211,0,0,168,450,161,5269,36,371,161,36
"1421","2020-04-18",84,17,175,354,2280,0.440789473684211,0,0,168,450,161,5430,31,402,161,31
"1422","2020-04-19",82,17,190,342,2280,0.440789473684211,0,0,168,450,146,5576,37,439,145,37
"1423","2020-04-20",92,17,197,345,2280,0.440789473684211,0,0,168,450,166,5742,39,478,162,39
"1424","2020-04-21",105,17,202,340,2280,0.440789473684211,0,0,168,450,125,5867,24,502,125,24
"1425","2020-04-22",103,17,197,332,2280,0.440789473684211,0,0,168,450,118,5985,28,530,118,28
"1426","2020-04-23",101,17,200,318,2280,0.440789473684211,0,0,168,450,109,6094,22,552,107,22
"1427","2020-04-24",97,17,187,324,2280,0.440789473684211,0,0,168,450,94,6188,10,562,94,10
"1428","2020-04-25",97,17,177,310,2280,0.440789473684211,0,0,168,450,79,6267,9,571,79,9
"1429","2020-04-26",94,17,182,312,2280,0.440789473684211,0,0,168,450,58,6325,8,579,57,8
"1430","2020-04-27",88,17,169,301,2280,0.440789473684211,0,0,168,450,63,6388,9,588,59,9
"1431","2020-04-28",83,17,160,287,2280,0.440789473684211,0,0,168,450,52,6440,8,596,50,8
"1432","2020-04-29",87,17,136,305,2280,0.440789473684211,0,0,168,450,47,6487,23,619,46,23
"1433","2020-04-30",86,17,185,307,2280,0.440789473684211,0,0,168,450,40,6527,22,641,40,22
"1434","2020-05-01",87,17,165,328,2280,0.440789473684211,0,0,168,450,37,6564,26,667,35,26
"1435","2020-05-02",83,17,165,337,2280,0.440789473684211,0,0,168,450,23,6587,16,683,23,16
"1436","2020-05-03",90,17,146,348,2280,0.440789473684211,0,0,168,450,25,6612,38,721,24,38
"1437","2020-05-04",92,17,157,337,2280,0.440789473684211,0,0,168,450,23,6635,27,748,22,27
"1438","2020-05-05",91,17,161,338,2280,0.440789473684211,0,0,168,450,26,6661,15,763,25,15
"1439","2020-05-06",84,17,167,347,2280,0.440789473684211,0,0,168,450,18,6679,14,777,16,14
"1440","2020-05-07",89,17,162,342,2280,0.440789473684211,0,0,168,450,14,6693,16,793,13,16
"1441","2020-05-08",91,17,156,350,2280,0.440789473684211,0,0,168,450,10,6703,11,804,10,11
"1442","2020-05-09",99,17,167,348,2280,0.440789473684211,0,0,168,450,11,6714,30,834,9,30
"1443","2020-05-10",96,17,162,345,2280,0.440789473684211,0,0,168,450,10,6724,19,853,9,19
"1444","2020-05-11",94,17,154,351,2280,0.440789473684211,0,0,168,450,7,6731,17,870,7,17
"1445","2020-05-12",94,17,133,343,2280,0.440789473684211,0,0,168,450,13,6744,18,888,11,18
"1446","2020-05-13",106,17,117,335,2280,0.440789473684211,0,0,168,450,7,6751,29,917,7,29
"1447","2020-05-14",105,17,136,330,2280,0.440789473684211,0,0,168,450,11,6762,20,937,10,20
"1448","2020-05-15",103,17,136,327,2280,0.440789473684211,0,0,168,450,10,6772,12,949,9,12
"1449","2020-05-16",98,17,148,342,2280,0.440789473684211,0,0,168,450,1,6773,32,981,1,32
"1450","2020-05-17",99,17,148,329,2280,0.440789473684211,0,0,168,450,6,6779,30,1011,6,30
"1451","2020-05-18",96,17,166,326,2280,0.440789473684211,0,0,168,450,6,6785,14,1025,5,14
"1452","2020-05-19",94,17,167,324,2280,0.440789473684211,0,0,168,450,3,6788,27,1052,3,27
"1453","2020-05-20",91,17,168,308,2280,0.440789473684211,0,0,168,450,3,6791,29,1081,3,29
"1454","2020-05-21",81,17,152,294,2280,0.440789473684211,0,0,168,450,2,6793,25,1106,2,25
"1455","2020-05-22",81,17,137,287,2280,0.440789473684211,0,0,168,450,4,6797,8,1114,3,8
"1456","2020-05-23",78,17,117,255,2280,0.440789473684211,0,0,168,450,2,6799,8,1122,2,8
"1457","2020-05-24",76,17,123,244,2280,0.440789473684211,0,0,168,450,3,6802,10,1132,2,10
"1458","2020-05-25",78,17,135,221,2280,0.440789473684211,0,0,168,450,1,6803,17,1149,1,17
"1459","2020-05-26",74,17,134,218,2280,0.440789473684211,0,0,168,450,1,6804,12,1161,1,12
"1460","2020-05-27",66,17,135,209,2280,0.440789473684211,0,0,168,450,1,6805,10,1171,NA,10
"1461","2020-05-28",70,17,124,198,2280,0.440789473684211,0,0,168,450,3,6808,9,1180,3,9
"1462","2020-05-29",62,17,116,186,2280,0.440789473684211,0,0,168,450,NA,NA,9,1189,NA,9
"1463","2020-05-30",57,17,117,179,2280,0.440789473684211,0,0,168,450,2,6810,12,1201,2,12
"1464","2020-05-31",53,17,102,173,2280,0.440789473684211,0,0,168,450,NA,NA,17,1218,NA,17
"1465","2020-06-01",46,17,93,177,2280,0.440789473684211,0,0,168,450,2,6812,17,1235,1,17
"1466","2020-06-02",49,17,79,172,2280,0.440789473684211,0,0,168,450,1,6813,20,1255,1,20
"1467","2020-06-03",51,17,67,171,2280,0.440789473684211,0,0,168,450,1,6814,12,1267,1,12
"1468","2020-06-04",48,17,66,167,2280,0.440789473684211,0,0,168,450,NA,NA,5,1272,NA,5
"1469","2020-06-05",47,17,66,164,2280,0.440789473684211,0,0,168,450,1,6815,5,1277,1,5
"1470","2020-06-06",50,17,79,161,2280,0.440789473684211,0,0,168,450,NA,NA,8,1285,NA,8
"1471","2020-06-07",48,17,69,160,2280,0.440789473684211,0,0,168,450,NA,NA,6,1291,NA,6
"1472","2020-03-15",1,18,71,45,2381,0.729945401091978,0,0,239,543,5,20,12,35,1,12
"1473","2020-03-16",2,18,73,57,2381,0.729945401091978,0,0,239,543,5,25,20,55,2,20
"1474","2020-03-17",6,18,81,79,2381,0.729945401091978,0,0,239,543,11,36,10,65,5,10
"1475","2020-03-18",9,18,96,99,2381,0.729945401091978,0,0,239,543,7,43,11,76,4,11
"1476","2020-03-19",13,18,98,115,2381,0.729945401091978,0,0,239,543,11,54,3,79,7,3
"1477","2020-03-20",14,18,98,132,2381,0.729945401091978,0,0,239,543,11,65,11,90,6,11
"1478","2020-03-21",18,18,95,155,2381,0.729945401091978,0,0,239,543,9,74,11,101,6,11
"1479","2020-03-22",32,18,110,171,2381,0.729945401091978,0,0,239,543,14,88,14,115,8,14
"1480","2020-03-23",41,18,103,189,2381,0.729945401091978,0,0,239,543,10,98,8,123,8,8
"1481","2020-03-24",41,18,111,204,2381,0.729945401091978,0,0,239,543,12,110,3,126,11,3
"1482","2020-03-25",41,18,98,213,2381,0.729945401091978,0,0,239,543,10,120,4,130,7,4
"1483","2020-03-26",41,18,99,224,2381,0.729945401091978,0,0,239,543,14,134,4,134,10,4
"1484","2020-03-27",52,18,109,234,2381,0.729945401091978,0,0,239,543,13,147,16,150,10,16
"1485","2020-03-28",60,18,123,251,2381,0.729945401091978,0,0,239,543,21,168,12,162,16,12
"1486","2020-03-29",50,18,128,249,2381,0.729945401091978,0,0,239,543,18,186,25,187,15,25
"1487","2020-03-30",51,18,108,258,2381,0.729945401091978,0,0,239,543,16,202,8,195,11,8
"1488","2020-03-31",57,18,107,276,2381,0.729945401091978,0,0,239,543,22,224,13,208,20,13
"1489","2020-04-01",65,18,99,299,2381,0.729945401091978,0,0,239,543,16,240,16,224,13,16
"1490","2020-04-02",67,18,108,308,2381,0.729945401091978,0,0,239,543,22,262,12,236,16,12
"1491","2020-04-03",68,18,115,330,2381,0.729945401091978,0,0,239,543,30,292,31,267,24,31
"1492","2020-04-04",66,18,121,348,2381,0.729945401091978,0,0,239,543,27,319,29,296,24,29
"1493","2020-04-05",75,18,113,356,2381,0.729945401091978,0,0,239,543,25,344,20,316,17,20
"1494","2020-04-06",75,18,101,371,2381,0.729945401091978,0,0,239,543,17,361,21,337,13,21
"1495","2020-04-07",84,18,90,395,2381,0.729945401091978,0,0,239,543,32,393,19,356,23,19
"1496","2020-04-08",87,18,90,413,2381,0.729945401091978,0,0,239,543,24,417,11,367,19,11
"1497","2020-04-09",106,18,104,444,2381,0.729945401091978,0,0,239,543,25,442,26,393,23,26
"1498","2020-04-10",114,18,135,455,2381,0.729945401091978,0,0,239,543,25,467,34,427,19,34
"1499","2020-04-11",122,18,153,433,2381,0.729945401091978,0,0,239,543,31,498,14,441,25,14
"1500","2020-04-12",124,18,172,441,2381,0.729945401091978,0,0,239,543,34,532,11,452,24,11
"1501","2020-04-13",132,18,202,441,2381,0.729945401091978,0,0,239,543,29,561,3,455,24,3
"1502","2020-04-14",128,18,222,438,2381,0.729945401091978,0,0,239,543,30,591,24,479,26,24
"1503","2020-04-15",132,18,218,425,2381,0.729945401091978,0,0,239,543,31,622,28,507,24,28
"1504","2020-04-16",131,18,210,430,2381,0.729945401091978,0,0,239,543,33,655,17,524,25,17
"1505","2020-04-17",124,18,179,415,2381,0.729945401091978,0,0,239,543,37,692,27,551,31,27
"1506","2020-04-18",121,18,166,410,2381,0.729945401091978,0,0,239,543,27,719,10,561,22,10
"1507","2020-04-19",124,18,185,405,2381,0.729945401091978,0,0,239,543,35,754,12,573,25,12
"1508","2020-04-20",126,18,171,411,2381,0.729945401091978,0,0,239,543,52,806,7,580,49,7
"1509","2020-04-21",126,18,180,401,2381,0.729945401091978,0,0,239,543,41,847,9,589,32,9
"1510","2020-04-22",129,18,157,390,2381,0.729945401091978,0,0,239,543,29,876,1,590,25,1
"1511","2020-04-23",121,18,143,365,2381,0.729945401091978,0,0,239,543,45,921,30,620,37,30
"1512","2020-04-24",120,18,133,358,2381,0.729945401091978,0,0,239,543,34,955,15,635,29,15
"1513","2020-04-25",120,18,149,344,2381,0.729945401091978,0,0,239,543,22,977,13,648,12,13
"1514","2020-04-26",110,18,141,353,2381,0.729945401091978,0,0,239,543,42,1019,23,671,37,23
"1515","2020-04-27",103,18,137,340,2381,0.729945401091978,0,0,239,543,31,1050,26,697,25,26
"1516","2020-04-28",97,18,130,329,2381,0.729945401091978,0,0,239,543,27,1077,18,715,23,18
"1517","2020-04-29",89,18,117,333,2381,0.729945401091978,0,0,239,543,30,1107,14,729,24,14
"1518","2020-04-30",88,18,142,324,2381,0.729945401091978,0,0,239,543,23,1130,13,742,19,13
"1519","2020-05-01",94,18,143,321,2381,0.729945401091978,0,0,239,543,18,1148,7,749,14,7
"1520","2020-05-02",91,18,138,312,2381,0.729945401091978,0,0,239,543,30,1178,14,763,27,14
"1521","2020-05-03",88,18,113,312,2381,0.729945401091978,0,0,239,543,25,1203,7,770,24,7
"1522","2020-05-04",86,18,100,310,2381,0.729945401091978,0,0,239,543,21,1224,4,774,17,4
"1523","2020-05-05",86,18,139,298,2381,0.729945401091978,0,0,239,543,34,1258,9,783,29,9
"1524","2020-05-06",84,18,158,314,2381,0.729945401091978,0,0,239,543,24,1282,30,813,19,30
"1525","2020-05-07",78,18,147,330,2381,0.729945401091978,0,0,239,543,24,1306,18,831,21,18
"1526","2020-05-08",74,18,121,309,2381,0.729945401091978,0,0,239,543,30,1336,31,862,28,31
"1527","2020-05-09",72,18,97,302,2381,0.729945401091978,0,0,239,543,25,1361,18,880,22,18
"1528","2020-05-10",81,18,100,292,2381,0.729945401091978,0,0,239,543,25,1386,25,905,21,25
"1529","2020-05-11",76,18,117,303,2381,0.729945401091978,0,0,239,543,35,1421,38,943,32,38
"1530","2020-05-12",81,18,144,297,2381,0.729945401091978,0,0,239,543,20,1441,36,979,10,36
"1531","2020-05-13",78,18,143,295,2381,0.729945401091978,0,0,239,543,31,1472,30,1009,25,30
"1532","2020-05-14",76,18,173,285,2381,0.729945401091978,0,0,239,543,20,1492,33,1042,14,33
"1533","2020-05-15",76,18,181,285,2381,0.729945401091978,0,0,239,543,12,1504,28,1070,11,28
"1534","2020-05-16",79,18,183,278,2381,0.729945401091978,0,0,239,543,17,1521,32,1102,13,32
"1535","2020-05-17",73,18,191,267,2381,0.729945401091978,0,0,239,543,23,1544,16,1118,19,16
"1536","2020-05-18",72,18,189,283,2381,0.729945401091978,0,0,239,543,17,1561,9,1127,16,9
"1537","2020-05-19",72,18,193,273,2381,0.729945401091978,0,0,239,543,14,1575,14,1141,11,14
"1538","2020-05-20",74,18,188,275,2381,0.729945401091978,0,0,239,543,21,1596,25,1166,17,25
"1539","2020-05-21",79,18,181,265,2381,0.729945401091978,0,0,239,543,21,1617,30,1196,17,30
"1540","2020-05-22",71,18,175,264,2381,0.729945401091978,0,0,239,543,13,1630,20,1216,11,20
"1541","2020-05-23",70,18,172,269,2381,0.729945401091978,0,0,239,543,24,1654,21,1237,16,21
"1542","2020-05-24",74,18,147,258,2381,0.729945401091978,0,0,239,543,10,1664,26,1263,8,26
"1543","2020-05-25",79,18,140,267,2381,0.729945401091978,0,0,239,543,19,1683,18,1281,15,18
"1544","2020-05-26",79,18,142,270,2381,0.729945401091978,0,0,239,543,21,1704,22,1303,19,22
"1545","2020-05-27",82,18,132,256,2381,0.729945401091978,0,0,239,543,11,1715,24,1327,9,24
"1546","2020-05-28",78,18,125,251,2381,0.729945401091978,0,0,239,543,9,1724,14,1341,8,14
"1547","2020-05-29",79,18,116,230,2381,0.729945401091978,0,0,239,543,8,1732,15,1356,5,15
"1548","2020-05-30",78,18,104,219,2381,0.729945401091978,0,0,239,543,11,1743,12,1368,11,12
"1549","2020-05-31",81,18,92,208,2381,0.729945401091978,0,0,239,543,7,1750,13,1381,6,13
"1550","2020-06-01",78,18,96,187,2381,0.729945401091978,0,0,239,543,9,1759,15,1396,8,15
"1551","2020-06-02",74,18,104,179,2381,0.729945401091978,0,0,239,543,12,1771,12,1408,12,12
"1552","2020-06-03",63,18,119,164,2381,0.729945401091978,0,0,239,543,15,1786,17,1425,11,17
"1553","2020-06-04",67,18,128,169,2381,0.729945401091978,0,0,239,543,9,1795,12,1437,8,12
"1554","2020-06-05",63,18,127,172,2381,0.729945401091978,0,0,239,543,8,1803,11,1448,7,11
"1555","2020-06-06",56,18,120,170,2381,0.729945401091978,0,0,239,543,13,1816,10,1458,10,10
"1556","2020-06-07",45,18,111,162,2381,0.729945401091978,0,0,239,543,11,1827,16,1474,10,16
"1557","2020-03-14",2,19,46,59,2276,0.420474516695958,0,0,246,302,15,56,7,30,6,7
"1558","2020-03-15",3,19,43,74,2276,0.420474516695958,0,0,246,302,18,74,3,33,6,3
"1559","2020-03-16",6,19,51,92,2276,0.420474516695958,0,0,246,302,21,95,5,38,6,5
"1560","2020-03-17",8,19,47,112,2276,0.420474516695958,0,0,246,302,25,120,5,43,8,5
"1561","2020-03-18",15,19,43,134,2276,0.420474516695958,0,0,246,302,28,148,14,57,10,14
"1562","2020-03-19",19,19,35,150,2276,0.420474516695958,0,0,246,302,24,172,8,65,8,8
"1563","2020-03-20",25,19,34,166,2276,0.420474516695958,0,0,246,302,33,205,8,73,13,8
"1564","2020-03-21",33,19,34,182,2276,0.420474516695958,0,0,246,302,38,243,11,84,22,11
"1565","2020-03-22",43,19,45,197,2276,0.420474516695958,0,0,246,302,31,274,5,89,19,5
"1566","2020-03-23",51,19,51,214,2276,0.420474516695958,0,0,246,302,54,328,8,97,35,8
"1567","2020-03-24",57,19,50,224,2276,0.420474516695958,0,0,246,302,37,365,13,110,27,13
"1568","2020-03-25",59,19,44,237,2276,0.420474516695958,0,0,246,302,51,416,10,120,38,10
"1569","2020-03-26",62,19,42,236,2276,0.420474516695958,0,0,246,302,43,459,15,135,32,15
"1570","2020-03-27",71,19,46,239,2276,0.420474516695958,0,0,246,302,44,503,18,153,26,18
"1571","2020-03-28",72,19,43,256,2276,0.420474516695958,0,0,246,302,53,556,8,161,40,8
"1572","2020-03-29",78,19,39,265,2276,0.420474516695958,0,0,246,302,40,596,7,168,32,7
"1573","2020-03-30",79,19,42,267,2276,0.420474516695958,0,0,246,302,54,650,3,171,37,3
"1574","2020-03-31",80,19,49,271,2276,0.420474516695958,0,0,246,302,58,708,4,175,38,4
"1575","2020-04-01",77,19,52,273,2276,0.420474516695958,0,0,246,302,53,761,21,196,38,21
"1576","2020-04-02",85,19,47,270,2276,0.420474516695958,0,0,246,302,45,806,10,206,36,10
"1577","2020-04-03",78,19,42,279,2276,0.420474516695958,0,0,246,302,65,871,5,211,48,5
"1578","2020-04-04",76,19,47,288,2276,0.420474516695958,0,0,246,302,46,917,7,218,27,7
"1579","2020-04-05",67,19,63,301,2276,0.420474516695958,0,0,246,302,54,971,9,227,37,9
"1580","2020-04-06",71,19,63,307,2276,0.420474516695958,0,0,246,302,65,1036,5,232,40,5
"1581","2020-04-07",76,19,53,320,2276,0.420474516695958,0,0,246,302,67,1103,1,233,45,1
"1582","2020-04-08",84,19,54,321,2276,0.420474516695958,0,0,246,302,62,1165,5,238,46,5
"1583","2020-04-09",81,19,45,328,2276,0.420474516695958,0,0,246,302,71,1236,29,267,50,29
"1584","2020-04-10",90,19,47,335,2276,0.420474516695958,0,0,246,302,59,1295,24,291,37,24
"1585","2020-04-11",92,19,67,343,2276,0.420474516695958,0,0,246,302,70,1365,43,334,43,43
"1586","2020-04-12",96,19,77,342,2276,0.420474516695958,0,0,246,302,67,1432,21,355,47,21
"1587","2020-04-13",89,19,80,338,2276,0.420474516695958,0,0,246,302,60,1492,8,363,42,8
"1588","2020-04-14",85,19,74,345,2276,0.420474516695958,0,0,246,302,62,1554,9,372,39,9
"1589","2020-04-15",87,19,81,355,2276,0.420474516695958,0,0,246,302,58,1612,26,398,44,26
"1590","2020-04-16",83,19,93,372,2276,0.420474516695958,0,0,246,302,52,1664,17,415,31,17
"1591","2020-04-17",79,19,87,374,2276,0.420474516695958,0,0,246,302,61,1725,10,425,47,10
"1592","2020-04-18",75,19,87,377,2276,0.420474516695958,0,0,246,302,65,1790,34,459,48,34
"1593","2020-04-19",74,19,98,366,2276,0.420474516695958,0,0,246,302,63,1853,25,484,43,25
"1594","2020-04-20",90,19,109,369,2276,0.420474516695958,0,0,246,302,70,1923,30,514,50,30
"1595","2020-04-21",96,19,98,373,2276,0.420474516695958,0,0,246,302,53,1976,23,537,34,23
"1596","2020-04-22",99,19,92,377,2276,0.420474516695958,0,0,246,302,47,2023,32,569,31,32
"1597","2020-04-23",108,19,96,364,2276,0.420474516695958,0,0,246,302,47,2070,35,604,29,35
"1598","2020-04-24",105,19,113,375,2276,0.420474516695958,0,0,246,302,42,2112,21,625,25,21
"1599","2020-04-25",117,19,92,374,2276,0.420474516695958,0,0,246,302,54,2166,31,656,35,31
"1600","2020-04-26",121,19,100,371,2276,0.420474516695958,0,0,246,302,54,2220,23,679,36,23
"1601","2020-04-27",107,19,96,374,2276,0.420474516695958,0,0,246,302,40,2260,13,692,23,13
"1602","2020-04-28",111,19,128,369,2276,0.420474516695958,0,0,246,302,44,2304,7,699,22,7
"1603","2020-04-29",109,19,131,380,2276,0.420474516695958,0,0,246,302,37,2341,19,718,20,19
"1604","2020-04-30",99,19,127,358,2276,0.420474516695958,0,0,246,302,35,2376,10,728,23,10
"1605","2020-05-01",103,19,119,357,2276,0.420474516695958,0,0,246,302,38,2414,32,760,24,32
"1606","2020-05-02",97,19,102,347,2276,0.420474516695958,0,0,246,302,33,2447,23,783,19,23
"1607","2020-05-03",104,19,106,369,2276,0.420474516695958,0,0,246,302,28,2475,21,804,17,21
"1608","2020-05-04",102,19,111,369,2276,0.420474516695958,0,0,246,302,29,2504,18,822,14,18
"1609","2020-05-05",100,19,121,363,2276,0.420474516695958,0,0,246,302,22,2526,8,830,9,8
"1610","2020-05-06",98,19,130,345,2276,0.420474516695958,0,0,246,302,30,2556,25,855,16,25
"1611","2020-05-07",112,19,125,349,2276,0.420474516695958,0,0,246,302,32,2588,26,881,18,26
"1612","2020-05-08",111,19,134,343,2276,0.420474516695958,0,0,246,302,31,2619,50,931,21,50
"1613","2020-05-09",107,19,138,325,2276,0.420474516695958,0,0,246,302,26,2645,30,961,17,30
"1614","2020-05-10",97,19,140,307,2276,0.420474516695958,0,0,246,302,16,2661,39,1000,6,39
"1615","2020-05-11",98,19,141,296,2276,0.420474516695958,0,0,246,302,19,2680,36,1036,7,36
"1616","2020-05-12",90,19,142,285,2276,0.420474516695958,0,0,246,302,17,2697,21,1057,5,21
"1617","2020-05-13",89,19,134,266,2276,0.420474516695958,0,0,246,302,14,2711,36,1093,6,36
"1618","2020-05-14",80,19,121,268,2276,0.420474516695958,0,0,246,302,19,2730,36,1129,7,36
"1619","2020-05-15",74,19,116,272,2276,0.420474516695958,0,0,246,302,28,2758,37,1166,9,37
"1620","2020-05-16",79,19,111,267,2276,0.420474516695958,0,0,246,302,26,2784,16,1182,8,16
"1621","2020-05-17",73,19,99,260,2276,0.420474516695958,0,0,246,302,19,2803,30,1212,6,30
"1622","2020-05-18",76,19,81,262,2276,0.420474516695958,0,0,246,302,22,2825,35,1247,7,35
"1623","2020-05-19",73,19,81,260,2276,0.420474516695958,0,0,246,302,18,2843,39,1286,4,39
"1624","2020-05-20",69,19,72,244,2276,0.420474516695958,0,0,246,302,18,2861,51,1337,9,51
"1625","2020-05-21",63,19,71,238,2276,0.420474516695958,0,0,246,302,14,2875,22,1359,6,22
"1626","2020-05-22",66,19,60,227,2276,0.420474516695958,0,0,246,302,14,2889,21,1380,7,21
"1627","2020-05-23",60,19,53,218,2276,0.420474516695958,0,0,246,302,16,2905,24,1404,9,24
"1628","2020-05-24",63,19,50,221,2276,0.420474516695958,0,0,246,302,21,2926,12,1416,11,12
"1629","2020-05-25",59,19,57,220,2276,0.420474516695958,0,0,246,302,14,2940,12,1428,5,12
"1630","2020-05-26",70,19,48,230,2276,0.420474516695958,0,0,246,302,19,2959,9,1437,8,9
"1631","2020-05-27",70,19,45,224,2276,0.420474516695958,0,0,246,302,13,2972,31,1468,8,31
"1632","2020-05-28",72,19,44,220,2276,0.420474516695958,0,0,246,302,14,2986,20,1488,2,20
"1633","2020-05-29",72,19,53,217,2276,0.420474516695958,0,0,246,302,20,3006,22,1510,8,22
"1634","2020-05-30",75,19,51,213,2276,0.420474516695958,0,0,246,302,12,3018,32,1542,5,32
"1635","2020-05-31",74,19,56,210,2276,0.420474516695958,0,0,246,302,12,3030,34,1576,7,34
"1636","2020-06-01",72,19,74,206,2276,0.420474516695958,0,0,246,302,15,3045,26,1602,8,26
"1637","2020-06-02",62,19,74,197,2276,0.420474516695958,0,0,246,302,13,3058,15,1617,6,15
"1638","2020-06-03",58,19,73,187,2276,0.420474516695958,0,0,246,302,12,3070,4,1621,7,4
"1639","2020-06-04",58,19,80,177,2276,0.420474516695958,0,0,246,302,16,3086,8,1629,8,8
"1640","2020-06-05",55,19,78,161,2276,0.420474516695958,0,0,246,302,18,3104,14,1643,14,14
"1641","2020-06-06",47,19,77,148,2276,0.420474516695958,0,0,246,302,19,3123,19,1662,12,19
"1642","2020-06-07",45,19,73,137,2276,0.420474516695958,0,0,246,302,19,3142,13,1675,14,13
"1643","2020-03-13",1,20,32,23,4197,0.934238741958542,0,0,412,514,3,18,11,29,3,11
"1644","2020-03-14",1,20,40,26,4197,0.934238741958542,0,0,412,514,7,25,10,39,5,10
"1645","2020-03-15",1,20,57,36,4197,0.934238741958542,0,0,412,514,7,32,6,45,2,6
"1646","2020-03-16",2,20,48,52,4197,0.934238741958542,0,0,412,514,12,44,9,54,4,9
"1647","2020-03-17",2,20,62,74,4197,0.934238741958542,0,0,412,514,13,57,10,64,4,10
"1648","2020-03-18",5,20,75,94,4197,0.934238741958542,0,0,412,514,15,72,10,74,7,10
"1649","2020-03-19",5,20,68,111,4197,0.934238741958542,0,0,412,514,12,84,18,92,6,18
"1650","2020-03-20",6,20,70,123,4197,0.934238741958542,0,0,412,514,9,93,21,113,4,21
"1651","2020-03-21",12,20,82,144,4197,0.934238741958542,0,0,412,514,16,109,26,139,9,26
"1652","2020-03-22",14,20,93,170,4197,0.934238741958542,0,0,412,514,23,132,29,168,18,29
"1653","2020-03-23",17,20,110,201,4197,0.934238741958542,0,0,412,514,16,148,24,192,9,24
"1654","2020-03-24",25,20,124,237,4197,0.934238741958542,0,0,412,514,19,167,18,210,14,18
"1655","2020-03-25",26,20,132,265,4197,0.934238741958542,0,0,412,514,30,197,21,231,24,21
"1656","2020-03-26",35,20,137,287,4197,0.934238741958542,0,0,412,514,27,224,20,251,24,20
"1657","2020-03-27",42,20,150,319,4197,0.934238741958542,0,0,412,514,25,249,22,273,20,22
"1658","2020-03-28",47,20,153,341,4197,0.934238741958542,0,0,412,514,32,281,15,288,26,15
"1659","2020-03-29",59,20,135,365,4197,0.934238741958542,0,0,412,514,24,305,26,314,20,26
"1660","2020-03-30",67,20,134,394,4197,0.934238741958542,0,0,412,514,23,328,19,333,19,19
"1661","2020-03-31",74,20,140,409,4197,0.934238741958542,0,0,412,514,24,352,14,347,20,14
"1662","2020-04-01",85,20,146,425,4197,0.934238741958542,0,0,412,514,28,380,22,369,22,22
"1663","2020-04-02",93,20,137,462,4197,0.934238741958542,0,0,412,514,31,411,19,388,23,19
"1664","2020-04-03",101,20,125,498,4197,0.934238741958542,0,0,412,514,21,432,22,410,17,22
"1665","2020-04-04",116,20,138,513,4197,0.934238741958542,0,0,412,514,29,461,29,439,15,29
"1666","2020-04-05",120,20,131,533,4197,0.934238741958542,0,0,412,514,37,498,26,465,25,26
"1667","2020-04-06",132,20,113,565,4197,0.934238741958542,0,0,412,514,24,522,23,488,15,23
"1668","2020-04-07",135,20,136,576,4197,0.934238741958542,0,0,412,514,29,551,19,507,20,19
"1669","2020-04-08",147,20,120,592,4197,0.934238741958542,0,0,412,514,30,581,17,524,21,17
"1670","2020-04-09",152,20,105,591,4197,0.934238741958542,0,0,412,514,24,605,34,558,16,34
"1671","2020-04-10",164,20,89,613,4197,0.934238741958542,0,0,412,514,25,630,27,585,18,27
"1672","2020-04-11",166,20,94,660,4197,0.934238741958542,0,0,412,514,20,650,25,610,14,25
"1673","2020-04-12",173,20,87,683,4197,0.934238741958542,0,0,412,514,23,673,30,640,17,30
"1674","2020-04-13",169,20,72,699,4197,0.934238741958542,0,0,412,514,29,702,17,657,20,17
"1675","2020-04-14",189,20,62,707,4197,0.934238741958542,0,0,412,514,22,724,32,689,18,32
"1676","2020-04-15",189,20,64,731,4197,0.934238741958542,0,0,412,514,22,746,22,711,19,22
"1677","2020-04-16",190,20,69,760,4197,0.934238741958542,0,0,412,514,32,778,23,734,19,23
"1678","2020-04-17",200,20,108,781,4197,0.934238741958542,0,0,412,514,32,810,26,760,24,26
"1679","2020-04-18",201,20,143,807,4197,0.934238741958542,0,0,412,514,33,843,26,786,22,26
"1680","2020-04-19",212,20,155,826,4197,0.934238741958542,0,0,412,514,26,869,21,807,17,21
"1681","2020-04-20",221,20,176,869,4197,0.934238741958542,0,0,412,514,29,898,19,826,23,19
"1682","2020-04-21",224,20,160,884,4197,0.934238741958542,0,0,412,514,35,933,24,850,24,24
"1683","2020-04-22",232,20,135,911,4197,0.934238741958542,0,0,412,514,32,965,24,874,25,24
"1684","2020-04-23",250,20,130,897,4197,0.934238741958542,0,0,412,514,24,989,23,897,20,23
"1685","2020-04-24",245,20,110,908,4197,0.934238741958542,0,0,412,514,22,1011,28,925,19,28
"1686","2020-04-25",249,20,109,922,4197,0.934238741958542,0,0,412,514,11,1022,34,959,9,34
"1687","2020-04-26",253,20,110,914,4197,0.934238741958542,0,0,412,514,28,1050,22,981,20,22
"1688","2020-04-27",264,20,98,922,4197,0.934238741958542,0,0,412,514,15,1065,25,1006,9,25
"1689","2020-04-28",263,20,95,911,4197,0.934238741958542,0,0,412,514,21,1086,31,1037,15,31
"1690","2020-04-29",261,20,120,883,4197,0.934238741958542,0,0,412,514,23,1109,33,1070,17,33
"1691","2020-04-30",262,20,144,872,4197,0.934238741958542,0,0,412,514,14,1123,28,1098,9,28
"1692","2020-05-01",263,20,170,853,4197,0.934238741958542,0,0,412,514,19,1142,16,1114,11,16
"1693","2020-05-02",268,20,167,841,4197,0.934238741958542,0,0,412,514,18,1160,20,1134,12,20
"1694","2020-05-03",268,20,152,818,4197,0.934238741958542,0,0,412,514,20,1180,26,1160,13,26
"1695","2020-05-04",261,20,140,794,4197,0.934238741958542,0,0,412,514,25,1205,22,1182,12,22
"1696","2020-05-05",254,20,122,759,4197,0.934238741958542,0,0,412,514,14,1219,28,1210,9,28
"1697","2020-05-06",250,20,110,745,4197,0.934238741958542,0,0,412,514,27,1246,20,1230,21,20
"1698","2020-05-07",242,20,100,748,4197,0.934238741958542,0,0,412,514,16,1262,22,1252,5,22
"1699","2020-05-08",244,20,92,723,4197,0.934238741958542,0,0,412,514,19,1281,15,1267,13,15
"1700","2020-05-09",240,20,80,709,4197,0.934238741958542,0,0,412,514,35,1316,16,1283,29,16
"1701","2020-05-10",224,20,69,683,4197,0.934238741958542,0,0,412,514,29,1345,18,1301,23,18
"1702","2020-05-11",214,20,70,650,4197,0.934238741958542,0,0,412,514,31,1376,30,1331,24,30
"1703","2020-05-12",208,20,94,632,4197,0.934238741958542,0,0,412,514,20,1396,31,1362,16,31
"1704","2020-05-13",209,20,102,608,4197,0.934238741958542,0,0,412,514,27,1423,21,1383,22,21
"1705","2020-05-14",196,20,120,585,4197,0.934238741958542,0,0,412,514,24,1447,22,1405,19,22
"1706","2020-05-15",183,20,136,564,4197,0.934238741958542,0,0,412,514,22,1469,18,1423,19,18
"1707","2020-05-16",166,20,143,543,4197,0.934238741958542,0,0,412,514,29,1498,28,1451,24,28
"1708","2020-05-17",165,20,166,515,4197,0.934238741958542,0,0,412,514,26,1524,25,1476,19,25
"1709","2020-05-18",162,20,176,496,4197,0.934238741958542,0,0,412,514,18,1542,24,1500,16,24
"1710","2020-05-19",160,20,166,464,4197,0.934238741958542,0,0,412,514,24,1566,23,1523,18,23
"1711","2020-05-20",155,20,152,432,4197,0.934238741958542,0,0,412,514,24,1590,26,1549,17,26
"1712","2020-05-21",154,20,150,419,4197,0.934238741958542,0,0,412,514,20,1610,25,1574,15,25
"1713","2020-05-22",149,20,138,405,4197,0.934238741958542,0,0,412,514,22,1632,14,1588,13,14
"1714","2020-05-23",151,20,127,394,4197,0.934238741958542,0,0,412,514,27,1659,19,1607,24,19
"1715","2020-05-24",148,20,126,381,4197,0.934238741958542,0,0,412,514,8,1667,21,1628,6,21
"1716","2020-05-25",146,20,122,361,4197,0.934238741958542,0,0,412,514,21,1688,18,1646,15,18
"1717","2020-05-26",132,20,115,342,4197,0.934238741958542,0,0,412,514,20,1708,19,1665,19,19
"1718","2020-05-27",120,20,110,318,4197,0.934238741958542,0,0,412,514,14,1722,23,1688,11,23
"1719","2020-05-28",114,20,103,310,4197,0.934238741958542,0,0,412,514,22,1744,25,1713,14,25
"1720","2020-05-29",107,20,110,300,4197,0.934238741958542,0,0,412,514,21,1765,27,1740,19,27
"1721","2020-05-30",99,20,101,279,4197,0.934238741958542,0,0,412,514,23,1788,34,1774,18,34
"1722","2020-05-31",90,20,106,274,4197,0.934238741958542,0,0,412,514,24,1812,31,1805,19,31
"1723","2020-06-01",81,20,99,260,4197,0.934238741958542,0,0,412,514,17,1829,26,1831,15,26
"1724","2020-06-02",80,20,97,249,4197,0.934238741958542,0,0,412,514,13,1842,27,1858,10,27
"1725","2020-06-03",77,20,83,236,4197,0.934238741958542,0,0,412,514,16,1858,32,1890,12,32
"1726","2020-06-04",70,20,67,224,4197,0.934238741958542,0,0,412,514,17,1875,32,1922,16,32
"1727","2020-06-05",67,20,72,215,4197,0.934238741958542,0,0,412,514,12,1887,27,1949,9,27
"1728","2020-06-06",59,20,80,194,4197,0.934238741958542,0,0,412,514,6,1893,26,1975,4,26
"1729","2020-06-07",59,20,79,180,4197,0.934238741958542,0,0,412,514,9,1902,24,1999,7,24
