"","Date","Absents","Paramset","Infections_or_Exposed_per_day_Patient","Infections_or_Exposed_per_day_HCW","total_infections","nosocomial_proportion","PCR_pooled","LFD_pooled","HCW_symp_test","patient_symp_test","new_hcw_infs","cumulative_hcw_infs","new_pat_infs","cumulative_pats_infs","new_nosocomial_hcw_infs","new_nosocomial_pat_infs"
"1","2020-03-13",2,1,22,35,2397,0.521068001668753,8415,20549,117,210,14,35,6,14,2,6
"2","2020-03-14",5,1,23,47,2397,0.521068001668753,8415,20549,117,210,12,47,4,18,NA,4
"3","2020-03-15",5,1,19,66,2397,0.521068001668753,8415,20549,117,210,19,66,3,21,5,3
"4","2020-03-16",7,1,18,80,2397,0.521068001668753,8415,20549,117,210,14,80,2,23,6,2
"5","2020-03-17",11,1,20,93,2397,0.521068001668753,8415,20549,117,210,13,93,6,29,3,6
"6","2020-03-18",13,1,21,108,2397,0.521068001668753,8415,20549,117,210,16,109,3,32,6,3
"7","2020-03-19",16,1,20,126,2397,0.521068001668753,8415,20549,117,210,20,129,2,34,9,2
"8","2020-03-20",23,1,25,140,2397,0.521068001668753,8415,20549,117,210,20,149,7,41,7,7
"9","2020-03-21",33,1,31,162,2397,0.521068001668753,8415,20549,117,210,28,177,9,50,10,9
"10","2020-03-22",45,1,30,180,2397,0.521068001668753,8415,20549,117,210,24,201,7,57,14,7
"11","2020-03-23",47,1,33,186,2397,0.521068001668753,8415,20549,117,210,16,217,6,63,8,6
"12","2020-03-24",46,1,34,198,2397,0.521068001668753,8415,20549,117,210,26,243,7,70,12,7
"13","2020-03-25",52,1,43,200,2397,0.521068001668753,8415,20549,117,210,11,254,12,82,8,12
"14","2020-03-26",58,1,38,205,2397,0.521068001668753,8415,20549,117,210,16,270,5,87,9,5
"15","2020-03-27",66,1,34,204,2397,0.521068001668753,8415,20549,117,210,21,291,5,92,12,5
"16","2020-03-28",65,1,42,221,2397,0.521068001668753,8415,20549,117,210,29,320,15,107,13,15
"17","2020-03-29",63,1,37,218,2397,0.521068001668753,8415,20549,117,210,24,344,1,108,15,1
"18","2020-03-30",61,1,34,211,2397,0.521068001668753,8415,20549,117,210,13,357,4,112,4,4
"19","2020-03-31",62,1,31,212,2397,0.521068001668753,8415,20549,117,210,19,376,4,116,8,4
"20","2020-04-01",61,1,31,229,2397,0.521068001668753,8415,20549,117,210,30,406,4,120,17,4
"21","2020-04-02",59,1,33,236,2397,0.521068001668753,8415,20549,117,210,25,431,7,127,6,7
"22","2020-04-03",63,1,39,235,2397,0.521068001668753,8415,20549,117,210,17,448,12,139,7,12
"23","2020-04-04",59,1,44,248,2397,0.521068001668753,8415,20549,117,210,38,486,12,151,17,12
"24","2020-04-05",69,1,49,255,2397,0.521068001668753,8415,20549,117,210,26,512,9,160,10,9
"25","2020-04-06",77,1,59,267,2397,0.521068001668753,8415,20549,117,210,35,547,12,172,19,12
"26","2020-04-07",71,1,67,287,2397,0.521068001668753,8415,20549,117,210,35,582,17,189,18,17
"27","2020-04-08",76,1,73,300,2397,0.521068001668753,8415,20549,117,210,31,613,14,203,19,14
"28","2020-04-09",86,1,83,303,2397,0.521068001668753,8415,20549,117,210,25,638,21,224,14,21
"29","2020-04-10",93,1,80,306,2397,0.521068001668753,8415,20549,117,210,30,668,12,236,15,12
"30","2020-04-11",115,1,77,330,2397,0.521068001668753,8415,20549,117,210,43,711,13,249,19,13
"31","2020-04-12",112,1,74,340,2397,0.521068001668753,8415,20549,117,210,32,743,16,265,16,16
"32","2020-04-13",111,1,75,355,2397,0.521068001668753,8415,20549,117,210,39,782,14,279,18,14
"33","2020-04-14",107,1,77,345,2397,0.521068001668753,8415,20549,117,210,26,808,10,289,14,10
"34","2020-04-15",112,1,76,362,2397,0.521068001668753,8415,20549,117,210,43,851,14,303,27,14
"35","2020-04-16",113,1,84,363,2397,0.521068001668753,8415,20549,117,210,26,877,18,321,16,18
"36","2020-04-17",127,1,80,372,2397,0.521068001668753,8415,20549,117,210,35,912,18,339,17,18
"37","2020-04-18",140,1,76,388,2397,0.521068001668753,8415,20549,117,210,40,952,9,348,23,9
"38","2020-04-19",127,1,71,393,2397,0.521068001668753,8415,20549,117,210,42,994,16,364,25,16
"39","2020-04-20",112,1,68,380,2397,0.521068001668753,8415,20549,117,210,35,1029,12,376,19,12
"40","2020-04-21",118,1,84,381,2397,0.521068001668753,8415,20549,117,210,32,1061,19,395,18,19
"41","2020-04-22",106,1,89,390,2397,0.521068001668753,8415,20549,117,210,40,1101,12,407,22,12
"42","2020-04-23",105,1,81,369,2397,0.521068001668753,8415,20549,117,210,26,1127,11,418,17,11
"43","2020-04-24",123,1,85,384,2397,0.521068001668753,8415,20549,117,210,40,1167,19,437,24,19
"44","2020-04-25",107,1,89,392,2397,0.521068001668753,8415,20549,117,210,44,1211,19,456,25,19
"45","2020-04-26",111,1,100,387,2397,0.521068001668753,8415,20549,117,210,35,1246,18,474,20,18
"46","2020-04-27",121,1,87,390,2397,0.521068001668753,8415,20549,117,210,36,1282,9,483,19,9
"47","2020-04-28",127,1,85,392,2397,0.521068001668753,8415,20549,117,210,35,1317,14,497,22,14
"48","2020-04-29",133,1,76,393,2397,0.521068001668753,8415,20549,117,210,36,1353,8,505,19,8
"49","2020-04-30",129,1,63,408,2397,0.521068001668753,8415,20549,117,210,35,1388,2,507,19,2
"50","2020-05-01",124,1,54,411,2397,0.521068001668753,8415,20549,117,210,47,1435,4,511,23,4
"51","2020-05-02",152,1,56,410,2397,0.521068001668753,8415,20549,117,210,34,1469,8,519,19,8
"52","2020-05-03",131,1,62,411,2397,0.521068001668753,8415,20549,117,210,46,1515,10,529,32,10
"53","2020-05-04",112,1,60,419,2397,0.521068001668753,8415,20549,117,210,41,1556,10,539,16,10
"54","2020-05-05",107,1,61,412,2397,0.521068001668753,8415,20549,117,210,29,1585,11,550,19,11
"55","2020-05-06",110,1,58,411,2397,0.521068001668753,8415,20549,117,210,40,1625,6,556,21,6
"56","2020-05-07",111,1,60,414,2397,0.521068001668753,8415,20549,117,210,34,1659,6,562,22,6
"57","2020-05-08",129,1,66,407,2397,0.521068001668753,8415,20549,117,210,38,1697,11,573,19,11
"58","2020-05-09",136,1,74,403,2397,0.521068001668753,8415,20549,117,210,34,1731,13,586,17,13
"59","2020-05-10",139,1,62,386,2397,0.521068001668753,8415,20549,117,210,21,1752,6,592,12,6
"60","2020-05-11",138,1,60,388,2397,0.521068001668753,8415,20549,117,210,38,1790,5,597,25,5
"61","2020-05-12",138,1,61,384,2397,0.521068001668753,8415,20549,117,210,33,1823,9,606,16,9
"62","2020-05-13",145,1,64,380,2397,0.521068001668753,8415,20549,117,210,32,1855,14,620,15,14
"63","2020-05-14",149,1,72,382,2397,0.521068001668753,8415,20549,117,210,39,1894,18,638,23,18
"64","2020-05-15",150,1,84,369,2397,0.521068001668753,8415,20549,117,210,29,1923,15,653,18,15
"65","2020-05-16",135,1,75,358,2397,0.521068001668753,8415,20549,117,210,23,1946,7,660,14,7
"66","2020-05-17",129,1,73,348,2397,0.521068001668753,8415,20549,117,210,22,1968,13,673,14,13
"67","2020-05-18",132,1,78,325,2397,0.521068001668753,8415,20549,117,210,17,1985,16,689,11,16
"68","2020-05-19",128,1,79,307,2397,0.521068001668753,8415,20549,117,210,24,2009,17,706,15,17
"69","2020-05-20",125,1,86,305,2397,0.521068001668753,8415,20549,117,210,24,2033,14,720,15,14
"70","2020-05-21",114,1,76,290,2397,0.521068001668753,8415,20549,117,210,10,2043,6,726,6,6
"71","2020-05-22",114,1,65,285,2397,0.521068001668753,8415,20549,117,210,24,2067,11,737,13,11
"72","2020-05-23",116,1,61,277,2397,0.521068001668753,8415,20549,117,210,28,2095,8,745,14,8
"73","2020-05-24",111,1,59,267,2397,0.521068001668753,8415,20549,117,210,22,2117,10,755,12,10
"74","2020-05-25",102,1,50,249,2397,0.521068001668753,8415,20549,117,210,20,2137,3,758,10,3
"75","2020-05-26",94,1,49,239,2397,0.521068001668753,8415,20549,117,210,15,2152,3,761,8,3
"76","2020-05-27",83,1,46,230,2397,0.521068001668753,8415,20549,117,210,16,2168,4,765,12,4
"77","2020-05-28",85,1,41,226,2397,0.521068001668753,8415,20549,117,210,23,2191,6,771,15,6
"78","2020-05-29",82,1,41,205,2397,0.521068001668753,8415,20549,117,210,13,2204,5,776,8,5
"79","2020-05-30",74,1,39,210,2397,0.521068001668753,8415,20549,117,210,20,2224,4,780,14,4
"80","2020-05-31",64,1,40,207,2397,0.521068001668753,8415,20549,117,210,18,2242,7,787,13,7
"81","2020-06-01",61,1,42,206,2397,0.521068001668753,8415,20549,117,210,19,2261,8,795,11,8
"82","2020-06-02",66,1,49,204,2397,0.521068001668753,8415,20549,117,210,22,2283,10,805,12,10
"83","2020-06-03",68,1,49,197,2397,0.521068001668753,8415,20549,117,210,15,2298,10,815,7,10
"84","2020-06-04",68,1,49,194,2397,0.521068001668753,8415,20549,117,210,8,2306,8,823,3,8
"85","2020-06-05",73,1,48,185,2397,0.521068001668753,8415,20549,117,210,16,2322,6,829,9,6
"86","2020-06-06",66,1,44,180,2397,0.521068001668753,8415,20549,117,210,16,2338,9,838,8,9
"87","2020-06-07",63,1,49,177,2397,0.521068001668753,8415,20549,117,210,14,2352,8,846,10,8
"88","2020-03-14",1,2,7,25,3492,0.850229095074456,8250,25497,193,182,13,49,3,10,3,3
"89","2020-03-15",2,2,12,28,3492,0.850229095074456,8250,25497,193,182,17,66,7,17,6,7
"90","2020-03-16",2,2,17,34,3492,0.850229095074456,8250,25497,193,182,17,83,1,18,11,1
"91","2020-03-17",2,2,22,46,3492,0.850229095074456,8250,25497,193,182,10,93,2,20,6,2
"92","2020-03-18",5,2,20,59,3492,0.850229095074456,8250,25497,193,182,19,112,2,22,8,2
"93","2020-03-19",8,2,19,68,3492,0.850229095074456,8250,25497,193,182,16,128,9,31,9,9
"94","2020-03-20",12,2,19,78,3492,0.850229095074456,8250,25497,193,182,18,146,4,35,8,4
"95","2020-03-21",17,2,17,90,3492,0.850229095074456,8250,25497,193,182,17,163,2,37,7,2
"96","2020-03-22",23,2,18,112,3492,0.850229095074456,8250,25497,193,182,22,185,4,41,12,4
"97","2020-03-23",24,2,17,119,3492,0.850229095074456,8250,25497,193,182,23,208,3,44,7,3
"98","2020-03-24",23,2,20,132,3492,0.850229095074456,8250,25497,193,182,20,228,3,47,9,3
"99","2020-03-25",25,2,22,150,3492,0.850229095074456,8250,25497,193,182,26,254,2,49,15,2
"100","2020-03-26",28,2,24,160,3492,0.850229095074456,8250,25497,193,182,17,271,4,53,11,4
"101","2020-03-27",39,2,30,184,3492,0.850229095074456,8250,25497,193,182,33,304,4,57,21,4
"102","2020-03-28",43,2,31,199,3492,0.850229095074456,8250,25497,193,182,27,331,8,65,20,8
"103","2020-03-29",45,2,38,214,3492,0.850229095074456,8250,25497,193,182,27,358,7,72,11,7
"104","2020-03-30",52,2,37,226,3492,0.850229095074456,8250,25497,193,182,24,382,12,84,15,12
"105","2020-03-31",53,2,39,238,3492,0.850229095074456,8250,25497,193,182,41,423,9,93,25,9
"106","2020-04-01",55,2,34,271,3492,0.850229095074456,8250,25497,193,182,26,449,5,98,17,5
"107","2020-04-02",56,2,33,281,3492,0.850229095074456,8250,25497,193,182,32,481,7,105,21,7
"108","2020-04-03",69,2,34,300,3492,0.850229095074456,8250,25497,193,182,27,508,10,115,22,10
"109","2020-04-04",80,2,31,323,3492,0.850229095074456,8250,25497,193,182,36,544,11,126,24,11
"110","2020-04-05",95,2,29,346,3492,0.850229095074456,8250,25497,193,182,34,578,9,135,23,9
"111","2020-04-06",99,2,24,360,3492,0.850229095074456,8250,25497,193,182,33,611,10,145,28,10
"112","2020-04-07",103,2,32,378,3492,0.850229095074456,8250,25497,193,182,35,646,11,156,30,11
"113","2020-04-08",109,2,32,399,3492,0.850229095074456,8250,25497,193,182,40,686,9,165,25,9
"114","2020-04-09",117,2,32,401,3492,0.850229095074456,8250,25497,193,182,35,721,13,178,23,13
"115","2020-04-10",123,2,39,416,3492,0.850229095074456,8250,25497,193,182,41,762,13,191,26,13
"116","2020-04-11",130,2,45,416,3492,0.850229095074456,8250,25497,193,182,42,804,20,211,27,20
"117","2020-04-12",142,2,43,429,3492,0.850229095074456,8250,25497,193,182,38,842,8,219,25,8
"118","2020-04-13",142,2,39,451,3492,0.850229095074456,8250,25497,193,182,39,881,17,236,29,17
"119","2020-04-14",134,2,33,460,3492,0.850229095074456,8250,25497,193,182,44,925,11,247,33,11
"120","2020-04-15",131,2,26,506,3492,0.850229095074456,8250,25497,193,182,40,965,15,262,30,15
"121","2020-04-16",133,2,21,519,3492,0.850229095074456,8250,25497,193,182,47,1012,12,274,31,12
"122","2020-04-17",160,2,20,530,3492,0.850229095074456,8250,25497,193,182,32,1044,17,291,25,17
"123","2020-04-18",171,2,26,549,3492,0.850229095074456,8250,25497,193,182,38,1082,15,306,30,15
"124","2020-04-19",167,2,31,554,3492,0.850229095074456,8250,25497,193,182,43,1125,10,316,30,10
"125","2020-04-20",171,2,31,573,3492,0.850229095074456,8250,25497,193,182,43,1168,9,325,30,9
"126","2020-04-21",170,2,29,581,3492,0.850229095074456,8250,25497,193,182,43,1211,8,333,29,8
"127","2020-04-22",179,2,40,594,3492,0.850229095074456,8250,25497,193,182,37,1248,23,356,24,23
"128","2020-04-23",187,2,42,582,3492,0.850229095074456,8250,25497,193,182,50,1298,11,367,35,11
"129","2020-04-24",206,2,48,588,3492,0.850229095074456,8250,25497,193,182,54,1352,10,377,39,10
"130","2020-04-25",199,2,46,592,3492,0.850229095074456,8250,25497,193,182,48,1400,17,394,41,17
"131","2020-04-26",199,2,51,609,3492,0.850229095074456,8250,25497,193,182,44,1444,14,408,34,14
"132","2020-04-27",203,2,50,608,3492,0.850229095074456,8250,25497,193,182,40,1484,11,419,27,11
"133","2020-04-28",201,2,51,613,3492,0.850229095074456,8250,25497,193,182,42,1526,21,440,35,21
"134","2020-04-29",204,2,57,608,3492,0.850229095074456,8250,25497,193,182,41,1567,18,458,32,18
"135","2020-04-30",199,2,58,613,3492,0.850229095074456,8250,25497,193,182,52,1619,14,472,33,14
"136","2020-05-01",215,2,54,614,3492,0.850229095074456,8250,25497,193,182,41,1660,22,494,28,22
"137","2020-05-02",219,2,50,610,3492,0.850229095074456,8250,25497,193,182,46,1706,10,504,33,10
"138","2020-05-03",211,2,46,606,3492,0.850229095074456,8250,25497,193,182,39,1745,17,521,31,17
"139","2020-05-04",211,2,36,620,3492,0.850229095074456,8250,25497,193,182,31,1776,21,542,24,21
"140","2020-05-05",205,2,32,617,3492,0.850229095074456,8250,25497,193,182,29,1805,18,560,21,18
"141","2020-05-06",202,2,27,627,3492,0.850229095074456,8250,25497,193,182,28,1833,14,574,18,14
"142","2020-05-07",202,2,29,632,3492,0.850229095074456,8250,25497,193,182,39,1872,12,586,29,12
"143","2020-05-08",214,2,30,643,3492,0.850229095074456,8250,25497,193,182,25,1897,15,601,18,15
"144","2020-05-09",215,2,33,625,3492,0.850229095074456,8250,25497,193,182,38,1935,10,611,28,10
"145","2020-05-10",189,2,39,631,3492,0.850229095074456,8250,25497,193,182,16,1951,16,627,10,16
"146","2020-05-11",187,2,39,614,3492,0.850229095074456,8250,25497,193,182,34,1985,12,639,24,12
"147","2020-05-12",181,2,32,618,3492,0.850229095074456,8250,25497,193,182,33,2018,15,654,22,15
"148","2020-05-13",180,2,32,606,3492,0.850229095074456,8250,25497,193,182,23,2041,11,665,18,11
"149","2020-05-14",185,2,38,609,3492,0.850229095074456,8250,25497,193,182,21,2062,14,679,16,14
"150","2020-05-15",183,2,39,597,3492,0.850229095074456,8250,25497,193,182,32,2094,7,686,20,7
"151","2020-05-16",184,2,46,569,3492,0.850229095074456,8250,25497,193,182,24,2118,9,695,18,9
"152","2020-05-17",216,2,40,563,3492,0.850229095074456,8250,25497,193,182,15,2133,7,702,11,7
"153","2020-05-18",210,2,38,554,3492,0.850229095074456,8250,25497,193,182,18,2151,7,709,14,7
"154","2020-05-19",204,2,38,543,3492,0.850229095074456,8250,25497,193,182,34,2185,6,715,25,6
"155","2020-05-20",206,2,40,521,3492,0.850229095074456,8250,25497,193,182,23,2208,6,721,14,6
"156","2020-05-21",203,2,34,514,3492,0.850229095074456,8250,25497,193,182,11,2219,10,731,7,10
"157","2020-05-22",210,2,34,515,3492,0.850229095074456,8250,25497,193,182,17,2236,10,741,11,10
"158","2020-05-23",210,2,39,507,3492,0.850229095074456,8250,25497,193,182,14,2250,8,749,10,8
"159","2020-05-24",167,2,40,505,3492,0.850229095074456,8250,25497,193,182,25,2275,8,757,16,8
"160","2020-05-25",163,2,35,488,3492,0.850229095074456,8250,25497,193,182,16,2291,14,771,5,14
"161","2020-05-26",164,2,31,460,3492,0.850229095074456,8250,25497,193,182,16,2307,12,783,10,12
"162","2020-05-27",159,2,34,441,3492,0.850229095074456,8250,25497,193,182,20,2327,16,799,11,16
"163","2020-05-28",156,2,46,429,3492,0.850229095074456,8250,25497,193,182,12,2339,11,810,7,11
"164","2020-05-29",145,2,49,410,3492,0.850229095074456,8250,25497,193,182,20,2359,15,825,11,15
"165","2020-05-30",159,2,46,402,3492,0.850229095074456,8250,25497,193,182,13,2372,9,834,9,9
"166","2020-05-31",147,2,46,382,3492,0.850229095074456,8250,25497,193,182,21,2393,9,843,13,9
"167","2020-06-01",130,2,42,364,3492,0.850229095074456,8250,25497,193,182,18,2411,9,852,12,9
"168","2020-06-02",128,2,42,354,3492,0.850229095074456,8250,25497,193,182,12,2423,9,861,8,9
"169","2020-06-03",123,2,42,341,3492,0.850229095074456,8250,25497,193,182,15,2438,7,868,12,7
"170","2020-06-04",123,2,48,310,3492,0.850229095074456,8250,25497,193,182,12,2450,13,881,9,13
"171","2020-06-05",122,2,51,310,3492,0.850229095074456,8250,25497,193,182,14,2464,7,888,9,7
"172","2020-06-06",112,2,40,308,3492,0.850229095074456,8250,25497,193,182,9,2473,8,896,6,8
"173","2020-06-07",109,2,35,294,3492,0.850229095074456,8250,25497,193,182,19,2492,6,902,11,6
"174","2020-03-08",1,3,0,0,3655,0.749658002735978,8355,26660,185,579,NA,NA,NA,NA,NA,NA
"175","2020-03-09",1,3,0,0,3655,0.749658002735978,8355,26660,185,579,NA,NA,NA,NA,NA,NA
"176","2020-03-10",0,3,0,0,3655,0.749658002735978,8355,26660,185,579,NA,NA,NA,NA,NA,NA
"177","2020-03-11",0,3,0,0,3655,0.749658002735978,8355,26660,185,579,4,4,2,2,2,2
"178","2020-03-12",0,3,0,0,3655,0.749658002735978,8355,26660,185,579,4,8,7,9,NA,7
"179","2020-03-13",0,3,0,0,3655,0.749658002735978,8355,26660,185,579,2,10,2,11,1,2
"180","2020-03-14",0,3,0,0,3655,0.749658002735978,8355,26660,185,579,4,14,5,16,1,5
"181","2020-03-15",1,3,54,50,3655,0.749658002735978,8355,26660,185,579,10,24,11,27,9,11
"182","2020-03-16",2,3,55,67,3655,0.749658002735978,8355,26660,185,579,10,34,8,35,5,8
"183","2020-03-17",4,3,53,78,3655,0.749658002735978,8355,26660,185,579,14,48,8,43,12,8
"184","2020-03-18",5,3,60,94,3655,0.749658002735978,8355,26660,185,579,15,63,4,47,11,4
"185","2020-03-19",12,3,69,106,3655,0.749658002735978,8355,26660,185,579,12,75,6,53,9,6
"186","2020-03-20",15,3,93,123,3655,0.749658002735978,8355,26660,185,579,14,89,6,59,12,6
"187","2020-03-21",24,3,99,134,3655,0.749658002735978,8355,26660,185,579,21,110,7,66,18,7
"188","2020-03-22",34,3,100,153,3655,0.749658002735978,8355,26660,185,579,20,130,5,71,17,5
"189","2020-03-23",35,3,113,168,3655,0.749658002735978,8355,26660,185,579,16,146,8,79,14,8
"190","2020-03-24",40,3,124,174,3655,0.749658002735978,8355,26660,185,579,20,166,6,85,20,6
"191","2020-03-25",45,3,133,187,3655,0.749658002735978,8355,26660,185,579,29,195,6,91,26,6
"192","2020-03-26",46,3,150,200,3655,0.749658002735978,8355,26660,185,579,36,231,8,99,30,8
"193","2020-03-27",57,3,168,214,3655,0.749658002735978,8355,26660,185,579,22,253,10,109,20,10
"194","2020-03-28",63,3,180,241,3655,0.749658002735978,8355,26660,185,579,40,293,4,113,36,4
"195","2020-03-29",59,3,185,265,3655,0.749658002735978,8355,26660,185,579,44,337,3,116,42,3
"196","2020-03-30",67,3,196,280,3655,0.749658002735978,8355,26660,185,579,45,382,9,125,43,9
"197","2020-03-31",70,3,184,301,3655,0.749658002735978,8355,26660,185,579,48,430,10,135,44,10
"198","2020-04-01",72,3,188,318,3655,0.749658002735978,8355,26660,185,579,36,466,12,147,31,12
"199","2020-04-02",79,3,198,346,3655,0.749658002735978,8355,26660,185,579,48,514,10,157,47,10
"200","2020-04-03",95,3,193,371,3655,0.749658002735978,8355,26660,185,579,72,586,10,167,68,10
"201","2020-04-04",102,3,177,378,3655,0.749658002735978,8355,26660,185,579,79,665,9,176,75,9
"202","2020-04-05",109,3,178,411,3655,0.749658002735978,8355,26660,185,579,57,722,20,196,51,20
"203","2020-04-06",106,3,170,445,3655,0.749658002735978,8355,26660,185,579,64,786,16,212,63,16
"204","2020-04-07",106,3,158,453,3655,0.749658002735978,8355,26660,185,579,89,875,9,221,87,9
"205","2020-04-08",115,3,171,480,3655,0.749658002735978,8355,26660,185,579,65,940,10,231,61,10
"206","2020-04-09",122,3,168,493,3655,0.749658002735978,8355,26660,185,579,88,1028,27,258,84,27
"207","2020-04-10",126,3,175,512,3655,0.749658002735978,8355,26660,185,579,102,1130,10,268,98,10
"208","2020-04-11",154,3,193,552,3655,0.749658002735978,8355,26660,185,579,87,1217,26,294,82,26
"209","2020-04-12",170,3,198,571,3655,0.749658002735978,8355,26660,185,579,101,1318,15,309,99,15
"210","2020-04-13",160,3,195,569,3655,0.749658002735978,8355,26660,185,579,85,1403,10,319,82,10
"211","2020-04-14",172,3,184,592,3655,0.749658002735978,8355,26660,185,579,90,1493,9,328,90,9
"212","2020-04-15",179,3,174,602,3655,0.749658002735978,8355,26660,185,579,102,1595,9,337,95,9
"213","2020-04-16",186,3,159,617,3655,0.749658002735978,8355,26660,185,579,87,1682,10,347,85,10
"214","2020-04-17",223,3,159,629,3655,0.749658002735978,8355,26660,185,579,105,1787,11,358,103,11
"215","2020-04-18",220,3,151,629,3655,0.749658002735978,8355,26660,185,579,89,1876,16,374,85,16
"216","2020-04-19",201,3,151,650,3655,0.749658002735978,8355,26660,185,579,90,1966,18,392,87,18
"217","2020-04-20",207,3,148,655,3655,0.749658002735978,8355,26660,185,579,102,2068,18,410,98,18
"218","2020-04-21",206,3,146,660,3655,0.749658002735978,8355,26660,185,579,103,2171,18,428,99,18
"219","2020-04-22",196,3,158,666,3655,0.749658002735978,8355,26660,185,579,80,2251,15,443,74,15
"220","2020-04-23",199,3,160,666,3655,0.749658002735978,8355,26660,185,579,101,2352,15,458,98,15
"221","2020-04-24",219,3,161,647,3655,0.749658002735978,8355,26660,185,579,97,2449,17,475,95,17
"222","2020-04-25",244,3,168,659,3655,0.749658002735978,8355,26660,185,579,107,2556,18,493,103,18
"223","2020-04-26",222,3,182,677,3655,0.749658002735978,8355,26660,185,579,107,2663,17,510,101,17
"224","2020-04-27",217,3,179,662,3655,0.749658002735978,8355,26660,185,579,91,2754,13,523,86,13
"225","2020-04-28",217,3,169,663,3655,0.749658002735978,8355,26660,185,579,86,2840,17,540,84,17
"226","2020-04-29",227,3,179,668,3655,0.749658002735978,8355,26660,185,579,105,2945,11,551,102,11
"227","2020-04-30",213,3,165,667,3655,0.749658002735978,8355,26660,185,579,85,3030,17,568,83,17
"228","2020-05-01",223,3,172,683,3655,0.749658002735978,8355,26660,185,579,83,3113,10,578,81,10
"229","2020-05-02",218,3,183,667,3655,0.749658002735978,8355,26660,185,579,99,3212,19,597,95,19
"230","2020-05-03",215,3,193,650,3655,0.749658002735978,8355,26660,185,579,69,3281,24,621,66,24
"231","2020-05-04",211,3,186,638,3655,0.749658002735978,8355,26660,185,579,92,3373,20,641,89,20
"232","2020-05-05",206,3,180,646,3655,0.749658002735978,8355,26660,185,579,106,3479,18,659,103,18
"233","2020-05-06",203,3,185,628,3655,0.749658002735978,8355,26660,185,579,62,3541,19,678,59,19
"234","2020-05-07",206,3,194,608,3655,0.749658002735978,8355,26660,185,579,62,3603,18,696,61,19
"235","2020-05-08",207,3,197,577,3655,0.749658002735978,8355,26660,185,579,72,3675,28,724,69,28
"236","2020-05-09",199,3,196,569,3655,0.749658002735978,8355,26660,185,579,80,3755,17,741,79,17
"237","2020-05-10",197,3,199,565,3655,0.749658002735978,8355,26660,185,579,70,3825,16,757,65,16
"238","2020-05-11",189,3,204,552,3655,0.749658002735978,8355,26660,185,579,72,3897,16,773,69,16
"239","2020-05-12",174,3,202,550,3655,0.749658002735978,8355,26660,185,579,66,3963,11,784,60,11
"240","2020-05-13",177,3,190,545,3655,0.749658002735978,8355,26660,185,579,35,3998,18,802,32,18
"241","2020-05-14",172,3,186,535,3655,0.749658002735978,8355,26660,185,579,64,4062,11,813,63,11
"242","2020-05-15",184,3,190,532,3655,0.749658002735978,8355,26660,185,579,50,4112,15,828,48,15
"243","2020-05-16",178,3,204,533,3655,0.749658002735978,8355,26660,185,579,48,4160,16,844,47,16
"244","2020-05-17",174,3,197,514,3655,0.749658002735978,8355,26660,185,579,58,4218,16,860,53,16
"245","2020-05-18",175,3,208,508,3655,0.749658002735978,8355,26660,185,579,40,4258,16,876,39,16
"246","2020-05-19",169,3,202,493,3655,0.749658002735978,8355,26660,185,579,43,4301,14,890,42,14
"247","2020-05-20",161,3,191,469,3655,0.749658002735978,8355,26660,185,579,40,4341,14,904,38,14
"248","2020-05-21",163,3,191,473,3655,0.749658002735978,8355,26660,185,579,26,4367,19,923,23,19
"249","2020-05-22",158,3,188,465,3655,0.749658002735978,8355,26660,185,579,51,4418,6,929,51,6
"250","2020-05-23",158,3,201,441,3655,0.749658002735978,8355,26660,185,579,36,4454,12,941,35,12
"251","2020-05-24",157,3,201,442,3655,0.749658002735978,8355,26660,185,579,32,4486,10,951,31,10
"252","2020-05-25",156,3,184,428,3655,0.749658002735978,8355,26660,185,579,27,4513,11,962,25,11
"253","2020-05-26",149,3,186,402,3655,0.749658002735978,8355,26660,185,579,20,4533,10,972,18,10
"254","2020-05-27",146,3,184,391,3655,0.749658002735978,8355,26660,185,579,31,4564,9,981,28,9
"255","2020-05-28",150,3,192,386,3655,0.749658002735978,8355,26660,185,579,20,4584,16,997,19,16
"256","2020-05-29",159,3,191,375,3655,0.749658002735978,8355,26660,185,579,19,4603,6,1003,19,6
"257","2020-05-30",170,3,191,364,3655,0.749658002735978,8355,26660,185,579,22,4625,9,1012,20,9
"258","2020-05-31",151,3,176,350,3655,0.749658002735978,8355,26660,185,579,16,4641,16,1028,15,16
"259","2020-06-01",133,3,176,338,3655,0.749658002735978,8355,26660,185,579,17,4658,14,1042,16,14
"260","2020-06-02",130,3,199,325,3655,0.749658002735978,8355,26660,185,579,19,4677,19,1061,19,19
"261","2020-06-03",130,3,196,304,3655,0.749658002735978,8355,26660,185,579,19,4696,14,1075,18,14
"262","2020-06-04",126,3,182,291,3655,0.749658002735978,8355,26660,185,579,14,4710,15,1090,14,15
"263","2020-06-05",112,3,172,272,3655,0.749658002735978,8355,26660,185,579,13,4723,16,1106,12,16
"264","2020-06-06",104,3,183,261,3655,0.749658002735978,8355,26660,185,579,16,4739,8,1114,16,8
"265","2020-06-07",96,3,181,261,3655,0.749658002735978,8355,26660,185,579,17,4756,13,1127,16,13
"266","2020-03-13",1,4,28,13,2556,0.830985915492958,8265,21591,128,183,18,42,5,17,7,5
"267","2020-03-14",1,4,27,18,2556,0.830985915492958,8265,21591,128,183,19,61,13,30,3,13
"268","2020-03-15",2,4,24,25,2556,0.830985915492958,8265,21591,128,183,21,82,7,37,11,7
"269","2020-03-16",3,4,24,37,2556,0.830985915492958,8265,21591,128,183,23,105,10,47,9,10
"270","2020-03-17",4,4,22,50,2556,0.830985915492958,8265,21591,128,183,27,132,16,63,15,16
"271","2020-03-18",4,4,22,60,2556,0.830985915492958,8265,21591,128,183,18,150,4,67,5,4
"272","2020-03-19",6,4,28,70,2556,0.830985915492958,8265,21591,128,183,27,177,9,76,16,9
"273","2020-03-20",6,4,42,84,2556,0.830985915492958,8265,21591,128,183,21,198,9,85,13,9
"274","2020-03-21",14,4,41,100,2556,0.830985915492958,8265,21591,128,183,30,228,3,88,21,3
"275","2020-03-22",20,4,37,112,2556,0.830985915492958,8265,21591,128,183,27,255,5,93,16,5
"276","2020-03-23",24,4,31,126,2556,0.830985915492958,8265,21591,128,183,36,291,2,95,19,2
"277","2020-03-24",30,4,29,144,2556,0.830985915492958,8265,21591,128,183,32,323,7,102,20,7
"278","2020-03-25",34,4,35,148,2556,0.830985915492958,8265,21591,128,183,28,351,10,112,15,10
"279","2020-03-26",37,4,47,162,2556,0.830985915492958,8265,21591,128,183,30,381,14,126,18,14
"280","2020-03-27",46,4,50,173,2556,0.830985915492958,8265,21591,128,183,35,416,3,129,21,3
"281","2020-03-28",44,4,49,179,2556,0.830985915492958,8265,21591,128,183,30,446,15,144,16,15
"282","2020-03-29",47,4,54,202,2556,0.830985915492958,8265,21591,128,183,35,481,8,152,26,8
"283","2020-03-30",50,4,53,225,2556,0.830985915492958,8265,21591,128,183,32,513,5,157,25,5
"284","2020-03-31",49,4,60,237,2556,0.830985915492958,8265,21591,128,183,33,546,7,164,21,7
"285","2020-04-01",56,4,57,247,2556,0.830985915492958,8265,21591,128,183,29,575,15,179,17,15
"286","2020-04-02",61,4,56,257,2556,0.830985915492958,8265,21591,128,183,32,607,11,190,23,11
"287","2020-04-03",70,4,44,276,2556,0.830985915492958,8265,21591,128,183,33,640,9,199,19,9
"288","2020-04-04",95,4,40,287,2556,0.830985915492958,8265,21591,128,183,34,674,26,225,25,26
"289","2020-04-05",95,4,51,295,2556,0.830985915492958,8265,21591,128,183,33,707,16,241,22,16
"290","2020-04-06",91,4,61,300,2556,0.830985915492958,8265,21591,128,183,43,750,9,250,28,9
"291","2020-04-07",92,4,65,321,2556,0.830985915492958,8265,21591,128,183,56,806,12,262,42,12
"292","2020-04-08",98,4,60,329,2556,0.830985915492958,8265,21591,128,183,25,831,26,288,19,26
"293","2020-04-09",100,4,52,341,2556,0.830985915492958,8265,21591,128,183,40,871,28,316,28,28
"294","2020-04-10",115,4,57,349,2556,0.830985915492958,8265,21591,128,183,49,920,13,329,35,13
"295","2020-04-11",115,4,49,346,2556,0.830985915492958,8265,21591,128,183,48,968,15,344,31,15
"296","2020-04-12",115,4,42,355,2556,0.830985915492958,8265,21591,128,183,47,1015,11,355,33,11
"297","2020-04-13",113,4,54,364,2556,0.830985915492958,8265,21591,128,183,41,1056,11,366,26,11
"298","2020-04-14",111,4,66,377,2556,0.830985915492958,8265,21591,128,183,48,1104,8,374,24,8
"299","2020-04-15",111,4,71,400,2556,0.830985915492958,8265,21591,128,183,36,1140,1,375,27,1
"300","2020-04-16",120,4,72,410,2556,0.830985915492958,8265,21591,128,183,52,1192,10,385,31,10
"301","2020-04-17",134,4,58,428,2556,0.830985915492958,8265,21591,128,183,36,1228,22,407,24,22
"302","2020-04-18",133,4,48,424,2556,0.830985915492958,8265,21591,128,183,45,1273,8,415,30,8
"303","2020-04-19",141,4,45,439,2556,0.830985915492958,8265,21591,128,183,39,1312,7,422,21,7
"304","2020-04-20",140,4,36,445,2556,0.830985915492958,8265,21591,128,183,46,1358,9,431,34,9
"305","2020-04-21",142,4,38,447,2556,0.830985915492958,8265,21591,128,183,32,1390,13,444,18,13
"306","2020-04-22",144,4,35,454,2556,0.830985915492958,8265,21591,128,183,31,1421,24,468,16,24
"307","2020-04-23",139,4,33,440,2556,0.830985915492958,8265,21591,128,183,42,1463,25,493,26,25
"308","2020-04-24",146,4,44,440,2556,0.830985915492958,8265,21591,128,183,40,1503,18,511,22,18
"309","2020-04-25",153,4,43,437,2556,0.830985915492958,8265,21591,128,183,44,1547,24,535,30,24
"310","2020-04-26",158,4,39,441,2556,0.830985915492958,8265,21591,128,183,36,1583,18,553,18,18
"311","2020-04-27",157,4,36,435,2556,0.830985915492958,8265,21591,128,183,37,1620,39,592,28,39
"312","2020-04-28",152,4,33,423,2556,0.830985915492958,8265,21591,128,183,35,1655,40,632,26,40
"313","2020-04-29",148,4,33,429,2556,0.830985915492958,8265,21591,128,183,44,1699,27,659,31,27
"314","2020-04-30",146,4,34,407,2556,0.830985915492958,8265,21591,128,183,43,1742,21,680,32,21
"315","2020-05-01",151,4,47,401,2556,0.830985915492958,8265,21591,128,183,42,1784,17,697,33,17
"316","2020-05-02",147,4,50,401,2556,0.830985915492958,8265,21591,128,183,39,1823,28,725,23,28
"317","2020-05-03",134,4,53,412,2556,0.830985915492958,8265,21591,128,183,40,1863,10,735,33,10
"318","2020-05-04",131,4,59,422,2556,0.830985915492958,8265,21591,128,183,27,1890,23,758,17,23
"319","2020-05-05",131,4,52,412,2556,0.830985915492958,8265,21591,128,183,40,1930,45,803,27,45
"320","2020-05-06",141,4,47,399,2556,0.830985915492958,8265,21591,128,183,49,1979,31,834,30,31
"321","2020-05-07",145,4,40,393,2556,0.830985915492958,8265,21591,128,183,44,2023,50,884,31,50
"322","2020-05-08",149,4,36,393,2556,0.830985915492958,8265,21591,128,183,34,2057,17,901,22,17
"323","2020-05-09",146,4,37,395,2556,0.830985915492958,8265,21591,128,183,36,2093,22,923,28,22
"324","2020-05-10",136,4,40,377,2556,0.830985915492958,8265,21591,128,183,30,2123,34,957,21,34
"325","2020-05-11",138,4,49,374,2556,0.830985915492958,8265,21591,128,183,26,2149,21,978,16,21
"326","2020-05-12",131,4,48,376,2556,0.830985915492958,8265,21591,128,183,41,2190,22,1000,23,22
"327","2020-05-13",126,4,56,364,2556,0.830985915492958,8265,21591,128,183,33,2223,17,1017,21,17
"328","2020-05-14",120,4,56,355,2556,0.830985915492958,8265,21591,128,183,38,2261,29,1046,28,29
"329","2020-05-15",118,4,62,354,2556,0.830985915492958,8265,21591,128,183,37,2298,24,1070,24,24
"330","2020-05-16",124,4,78,340,2556,0.830985915492958,8265,21591,128,183,29,2327,5,1075,13,5
"331","2020-05-17",114,4,72,335,2556,0.830985915492958,8265,21591,128,183,27,2354,10,1085,20,10
"332","2020-05-18",113,4,66,337,2556,0.830985915492958,8265,21591,128,183,31,2385,7,1092,20,7
"333","2020-05-19",111,4,51,341,2556,0.830985915492958,8265,21591,128,183,26,2411,16,1108,20,16
"334","2020-05-20",103,4,46,338,2556,0.830985915492958,8265,21591,128,183,25,2436,19,1127,16,19
"335","2020-05-21",104,4,41,337,2556,0.830985915492958,8265,21591,128,183,24,2460,6,1133,18,6
"336","2020-05-22",106,4,47,318,2556,0.830985915492958,8265,21591,128,183,27,2487,10,1143,16,10
"337","2020-05-23",104,4,42,330,2556,0.830985915492958,8265,21591,128,183,22,2509,9,1152,15,9
"338","2020-05-24",112,4,52,309,2556,0.830985915492958,8265,21591,128,183,21,2530,9,1161,17,9
"339","2020-05-25",108,4,54,300,2556,0.830985915492958,8265,21591,128,183,21,2551,5,1166,15,5
"340","2020-05-26",106,4,56,295,2556,0.830985915492958,8265,21591,128,183,22,2573,14,1180,15,14
"341","2020-05-27",111,4,58,292,2556,0.830985915492958,8265,21591,128,183,16,2589,14,1194,12,14
"342","2020-05-28",105,4,53,295,2556,0.830985915492958,8265,21591,128,183,17,2606,13,1207,12,13
"343","2020-05-29",114,4,41,273,2556,0.830985915492958,8265,21591,128,183,33,2639,5,1212,22,5
"344","2020-05-30",109,4,48,276,2556,0.830985915492958,8265,21591,128,183,12,2651,20,1232,9,20
"345","2020-05-31",97,4,49,265,2556,0.830985915492958,8265,21591,128,183,17,2668,24,1256,15,24
"346","2020-06-01",90,4,48,271,2556,0.830985915492958,8265,21591,128,183,20,2688,20,1276,12,20
"347","2020-06-02",87,4,45,265,2556,0.830985915492958,8265,21591,128,183,16,2704,21,1297,13,21
"348","2020-06-03",79,4,47,260,2556,0.830985915492958,8265,21591,128,183,16,2720,22,1319,12,22
"349","2020-06-04",78,4,49,258,2556,0.830985915492958,8265,21591,128,183,11,2731,23,1342,8,23
"350","2020-06-05",77,4,45,249,2556,0.830985915492958,8265,21591,128,183,15,2746,19,1361,10,19
"351","2020-06-06",79,4,36,252,2556,0.830985915492958,8265,21591,128,183,17,2763,20,1381,11,20
"352","2020-06-07",65,4,27,238,2556,0.830985915492958,8265,21591,128,183,15,2778,20,1401,12,20
"353","2020-03-07",1,5,0,0,3554,0.833145751266179,8220,25653,235,209,NA,NA,NA,NA,NA,NA
"354","2020-03-08",1,5,0,0,3554,0.833145751266179,8220,25653,235,209,NA,NA,NA,NA,NA,NA
"355","2020-03-09",0,5,0,0,3554,0.833145751266179,8220,25653,235,209,NA,NA,NA,NA,NA,NA
"356","2020-03-10",0,5,0,0,3554,0.833145751266179,8220,25653,235,209,NA,NA,NA,NA,NA,NA
"357","2020-03-11",0,5,0,0,3554,0.833145751266179,8220,25653,235,209,2,2,4,4,NA,4
"358","2020-03-12",0,5,0,0,3554,0.833145751266179,8220,25653,235,209,3,5,9,13,1,9
"359","2020-03-13",0,5,0,0,3554,0.833145751266179,8220,25653,235,209,1,6,7,20,1,7
"360","2020-03-14",0,5,0,0,3554,0.833145751266179,8220,25653,235,209,4,10,9,29,1,9
"361","2020-03-15",1,5,27,32,3554,0.833145751266179,8220,25653,235,209,3,13,5,34,NA,5
"362","2020-03-16",1,5,27,45,3554,0.833145751266179,8220,25653,235,209,6,19,5,39,1,5
"363","2020-03-17",4,5,19,55,3554,0.833145751266179,8220,25653,235,209,8,27,2,41,2,2
"364","2020-03-18",7,5,14,66,3554,0.833145751266179,8220,25653,235,209,8,35,7,48,6,7
"365","2020-03-19",10,5,18,76,3554,0.833145751266179,8220,25653,235,209,5,40,7,55,4,7
"366","2020-03-20",17,5,17,86,3554,0.833145751266179,8220,25653,235,209,5,45,6,61,3,6
"367","2020-03-21",19,5,16,95,3554,0.833145751266179,8220,25653,235,209,11,56,6,67,7,6
"368","2020-03-22",24,5,24,113,3554,0.833145751266179,8220,25653,235,209,15,71,9,76,12,9
"369","2020-03-23",28,5,28,127,3554,0.833145751266179,8220,25653,235,209,14,85,6,82,9,6
"370","2020-03-24",25,5,23,150,3554,0.833145751266179,8220,25653,235,209,16,101,6,88,13,6
"371","2020-03-25",27,5,22,179,3554,0.833145751266179,8220,25653,235,209,19,120,2,90,16,2
"372","2020-03-26",28,5,19,198,3554,0.833145751266179,8220,25653,235,209,22,142,4,94,20,4
"373","2020-03-27",35,5,22,215,3554,0.833145751266179,8220,25653,235,209,17,159,4,98,13,4
"374","2020-03-28",48,5,25,225,3554,0.833145751266179,8220,25653,235,209,24,183,12,110,20,12
"375","2020-03-29",58,5,24,256,3554,0.833145751266179,8220,25653,235,209,19,202,7,117,15,7
"376","2020-03-30",60,5,22,271,3554,0.833145751266179,8220,25653,235,209,20,222,4,121,17,4
"377","2020-03-31",68,5,23,298,3554,0.833145751266179,8220,25653,235,209,37,259,8,129,30,8
"378","2020-04-01",76,5,29,320,3554,0.833145751266179,8220,25653,235,209,35,294,7,136,32,7
"379","2020-04-02",89,5,30,343,3554,0.833145751266179,8220,25653,235,209,38,332,13,149,31,13
"380","2020-04-03",96,5,30,374,3554,0.833145751266179,8220,25653,235,209,41,373,16,165,37,16
"381","2020-04-04",120,5,39,395,3554,0.833145751266179,8220,25653,235,209,51,424,11,176,47,11
"382","2020-04-05",129,5,40,425,3554,0.833145751266179,8220,25653,235,209,50,474,22,198,45,22
"383","2020-04-06",127,5,42,456,3554,0.833145751266179,8220,25653,235,209,70,544,9,207,68,9
"384","2020-04-07",124,5,52,480,3554,0.833145751266179,8220,25653,235,209,78,622,13,220,72,13
"385","2020-04-08",125,5,72,501,3554,0.833145751266179,8220,25653,235,209,81,703,8,228,78,8
"386","2020-04-09",120,5,64,535,3554,0.833145751266179,8220,25653,235,209,78,781,17,245,74,17
"387","2020-04-10",144,5,61,570,3554,0.833145751266179,8220,25653,235,209,87,868,17,262,82,17
"388","2020-04-11",161,5,55,580,3554,0.833145751266179,8220,25653,235,209,95,963,17,279,92,17
"389","2020-04-12",164,5,58,608,3554,0.833145751266179,8220,25653,235,209,98,1061,17,296,94,17
"390","2020-04-13",163,5,54,634,3554,0.833145751266179,8220,25653,235,209,92,1153,22,318,88,22
"391","2020-04-14",175,5,52,662,3554,0.833145751266179,8220,25653,235,209,108,1261,19,337,106,19
"392","2020-04-15",185,5,56,704,3554,0.833145751266179,8220,25653,235,209,112,1373,18,355,105,18
"393","2020-04-16",201,5,65,727,3554,0.833145751266179,8220,25653,235,209,127,1500,30,385,123,30
"394","2020-04-17",233,5,68,733,3554,0.833145751266179,8220,25653,235,209,168,1668,16,401,165,16
"395","2020-04-18",221,5,63,747,3554,0.833145751266179,8220,25653,235,209,117,1785,13,414,113,13
"396","2020-04-19",224,5,59,733,3554,0.833145751266179,8220,25653,235,209,140,1925,18,432,137,18
"397","2020-04-20",242,5,63,759,3554,0.833145751266179,8220,25653,235,209,126,2051,17,449,123,17
"398","2020-04-21",237,5,62,757,3554,0.833145751266179,8220,25653,235,209,136,2187,18,467,131,18
"399","2020-04-22",234,5,57,752,3554,0.833145751266179,8220,25653,235,209,144,2331,20,487,141,20
"400","2020-04-23",228,5,54,722,3554,0.833145751266179,8220,25653,235,209,127,2458,20,507,124,20
"401","2020-04-24",253,5,50,702,3554,0.833145751266179,8220,25653,235,209,138,2596,23,530,130,23
"402","2020-04-25",251,5,40,684,3554,0.833145751266179,8220,25653,235,209,147,2743,30,560,144,30
"403","2020-04-26",247,5,50,680,3554,0.833145751266179,8220,25653,235,209,135,2878,18,578,134,18
"404","2020-04-27",231,5,56,666,3554,0.833145751266179,8220,25653,235,209,124,3002,25,603,118,25
"405","2020-04-28",217,5,55,644,3554,0.833145751266179,8220,25653,235,209,152,3154,29,632,150,29
"406","2020-04-29",217,5,58,621,3554,0.833145751266179,8220,25653,235,209,120,3274,14,646,114,14
"407","2020-04-30",214,5,60,626,3554,0.833145751266179,8220,25653,235,209,134,3408,23,669,133,23
"408","2020-05-01",225,5,63,594,3554,0.833145751266179,8220,25653,235,209,117,3525,33,702,113,33
"409","2020-05-02",240,5,53,590,3554,0.833145751266179,8220,25653,235,209,124,3649,28,730,122,28
"410","2020-05-03",206,5,59,603,3554,0.833145751266179,8220,25653,235,209,125,3774,33,763,118,33
"411","2020-05-04",194,5,58,588,3554,0.833145751266179,8220,25653,235,209,123,3897,24,787,122,24
"412","2020-05-05",202,5,56,594,3554,0.833145751266179,8220,25653,235,209,106,4003,19,806,105,19
"413","2020-05-06",201,5,67,587,3554,0.833145751266179,8220,25653,235,209,117,4120,20,826,115,20
"414","2020-05-07",202,5,78,570,3554,0.833145751266179,8220,25653,235,209,91,4211,26,852,88,26
"415","2020-05-08",219,5,84,566,3554,0.833145751266179,8220,25653,235,209,82,4293,24,876,79,24
"416","2020-05-09",220,5,79,543,3554,0.833145751266179,8220,25653,235,209,105,4398,28,904,104,28
"417","2020-05-10",208,5,67,538,3554,0.833145751266179,8220,25653,235,209,100,4498,34,938,98,34
"418","2020-05-11",207,5,63,531,3554,0.833145751266179,8220,25653,235,209,70,4568,32,970,67,32
"419","2020-05-12",196,5,68,510,3554,0.833145751266179,8220,25653,235,209,66,4634,22,992,63,22
"420","2020-05-13",189,5,56,498,3554,0.833145751266179,8220,25653,235,209,66,4700,27,1019,64,27
"421","2020-05-14",195,5,58,481,3554,0.833145751266179,8220,25653,235,209,54,4754,21,1040,50,21
"422","2020-05-15",175,5,57,492,3554,0.833145751266179,8220,25653,235,209,59,4813,18,1058,58,18
"423","2020-05-16",160,5,50,490,3554,0.833145751266179,8220,25653,235,209,63,4876,19,1077,59,19
"424","2020-05-17",169,5,56,474,3554,0.833145751266179,8220,25653,235,209,46,4922,25,1102,45,25
"425","2020-05-18",163,5,50,470,3554,0.833145751266179,8220,25653,235,209,57,4979,23,1125,56,23
"426","2020-05-19",157,5,50,462,3554,0.833145751266179,8220,25653,235,209,35,5014,33,1158,33,33
"427","2020-05-20",159,5,46,448,3554,0.833145751266179,8220,25653,235,209,29,5043,24,1182,26,24
"428","2020-05-21",154,5,42,416,3554,0.833145751266179,8220,25653,235,209,33,5076,23,1205,32,23
"429","2020-05-22",167,5,43,399,3554,0.833145751266179,8220,25653,235,209,37,5113,19,1224,37,19
"430","2020-05-23",173,5,42,383,3554,0.833145751266179,8220,25653,235,209,24,5137,20,1244,22,20
"431","2020-05-24",146,5,32,366,3554,0.833145751266179,8220,25653,235,209,23,5160,22,1266,22,22
"432","2020-05-25",150,5,29,349,3554,0.833145751266179,8220,25653,235,209,20,5180,20,1286,18,20
"433","2020-05-26",139,5,32,365,3554,0.833145751266179,8220,25653,235,209,29,5209,21,1307,28,21
"434","2020-05-27",133,5,35,345,3554,0.833145751266179,8220,25653,235,209,19,5228,18,1325,19,18
"435","2020-05-28",127,5,31,333,3554,0.833145751266179,8220,25653,235,209,18,5246,12,1337,16,12
"436","2020-05-29",110,5,29,312,3554,0.833145751266179,8220,25653,235,209,21,5267,14,1351,17,14
"437","2020-05-30",103,5,30,294,3554,0.833145751266179,8220,25653,235,209,20,5287,14,1365,19,14
"438","2020-05-31",105,5,28,291,3554,0.833145751266179,8220,25653,235,209,8,5295,8,1373,8,8
"439","2020-06-01",98,5,30,277,3554,0.833145751266179,8220,25653,235,209,13,5308,7,1380,12,7
"440","2020-06-02",101,5,26,283,3554,0.833145751266179,8220,25653,235,209,7,5315,11,1391,6,11
"441","2020-06-03",103,5,27,266,3554,0.833145751266179,8220,25653,235,209,9,5324,17,1408,7,17
"442","2020-06-04",94,5,33,254,3554,0.833145751266179,8220,25653,235,209,5,5329,12,1420,4,12
"443","2020-06-05",106,5,34,242,3554,0.833145751266179,8220,25653,235,209,12,5341,16,1436,11,16
"444","2020-06-06",104,5,28,235,3554,0.833145751266179,8220,25653,235,209,7,5348,15,1451,6,15
"445","2020-06-07",90,5,26,225,3554,0.833145751266179,8220,25653,235,209,11,5359,12,1463,11,12
"446","2020-03-14",2,6,28,36,2975,0.842689075630252,8415,23436,148,349,5,27,7,26,1,7
"447","2020-03-15",4,6,27,50,2975,0.842689075630252,8415,23436,148,349,11,38,9,35,3,9
"448","2020-03-16",6,6,35,64,2975,0.842689075630252,8415,23436,148,349,18,56,10,45,11,10
"449","2020-03-17",10,6,36,77,2975,0.842689075630252,8415,23436,148,349,9,65,4,49,5,4
"450","2020-03-18",13,6,27,88,2975,0.842689075630252,8415,23436,148,349,8,73,9,58,3,9
"451","2020-03-19",15,6,37,96,2975,0.842689075630252,8415,23436,148,349,16,89,2,60,11,2
"452","2020-03-20",20,6,31,105,2975,0.842689075630252,8415,23436,148,349,27,116,1,61,19,1
"453","2020-03-21",25,6,36,116,2975,0.842689075630252,8415,23436,148,349,9,125,2,63,5,2
"454","2020-03-22",29,6,39,139,2975,0.842689075630252,8415,23436,148,349,20,145,3,66,13,3
"455","2020-03-23",34,6,37,158,2975,0.842689075630252,8415,23436,148,349,27,172,11,77,24,11
"456","2020-03-24",33,6,33,178,2975,0.842689075630252,8415,23436,148,349,23,195,11,88,18,11
"457","2020-03-25",38,6,27,192,2975,0.842689075630252,8415,23436,148,349,22,217,13,101,15,13
"458","2020-03-26",46,6,32,207,2975,0.842689075630252,8415,23436,148,349,28,245,5,106,23,5
"459","2020-03-27",53,6,36,230,2975,0.842689075630252,8415,23436,148,349,22,267,4,110,18,4
"460","2020-03-28",63,6,34,232,2975,0.842689075630252,8415,23436,148,349,37,304,12,122,29,12
"461","2020-03-29",63,6,29,240,2975,0.842689075630252,8415,23436,148,349,27,331,3,125,23,3
"462","2020-03-30",60,6,25,248,2975,0.842689075630252,8415,23436,148,349,37,368,8,133,31,8
"463","2020-03-31",59,6,25,248,2975,0.842689075630252,8415,23436,148,349,50,418,9,142,37,9
"464","2020-04-01",62,6,26,269,2975,0.842689075630252,8415,23436,148,349,33,451,12,154,25,12
"465","2020-04-02",64,6,27,276,2975,0.842689075630252,8415,23436,148,349,37,488,8,162,23,8
"466","2020-04-03",75,6,26,293,2975,0.842689075630252,8415,23436,148,349,51,539,11,173,40,11
"467","2020-04-04",75,6,27,297,2975,0.842689075630252,8415,23436,148,349,55,594,5,178,49,5
"468","2020-04-05",82,6,28,307,2975,0.842689075630252,8415,23436,148,349,46,640,9,187,35,9
"469","2020-04-06",84,6,32,321,2975,0.842689075630252,8415,23436,148,349,47,687,15,202,36,15
"470","2020-04-07",89,6,33,343,2975,0.842689075630252,8415,23436,148,349,48,735,14,216,37,14
"471","2020-04-08",98,6,36,348,2975,0.842689075630252,8415,23436,148,349,51,786,11,227,44,11
"472","2020-04-09",99,6,35,355,2975,0.842689075630252,8415,23436,148,349,44,830,13,240,40,13
"473","2020-04-10",119,6,40,366,2975,0.842689075630252,8415,23436,148,349,65,895,16,256,55,16
"474","2020-04-11",135,6,53,389,2975,0.842689075630252,8415,23436,148,349,47,942,7,263,44,7
"475","2020-04-12",129,6,59,404,2975,0.842689075630252,8415,23436,148,349,69,1011,16,279,63,16
"476","2020-04-13",125,6,59,400,2975,0.842689075630252,8415,23436,148,349,50,1061,14,293,45,14
"477","2020-04-14",135,6,74,415,2975,0.842689075630252,8415,23436,148,349,57,1118,13,306,51,13
"478","2020-04-15",127,6,79,420,2975,0.842689075630252,8415,23436,148,349,57,1175,6,312,47,6
"479","2020-04-16",133,6,74,444,2975,0.842689075630252,8415,23436,148,349,67,1242,15,327,57,15
"480","2020-04-17",145,6,96,436,2975,0.842689075630252,8415,23436,148,349,76,1318,16,343,68,16
"481","2020-04-18",149,6,103,437,2975,0.842689075630252,8415,23436,148,349,57,1375,12,355,48,12
"482","2020-04-19",150,6,109,441,2975,0.842689075630252,8415,23436,148,349,54,1429,8,363,44,8
"483","2020-04-20",154,6,90,466,2975,0.842689075630252,8415,23436,148,349,50,1479,11,374,45,11
"484","2020-04-21",138,6,82,481,2975,0.842689075630252,8415,23436,148,349,81,1560,10,384,75,10
"485","2020-04-22",152,6,75,473,2975,0.842689075630252,8415,23436,148,349,51,1611,10,394,43,10
"486","2020-04-23",152,6,85,477,2975,0.842689075630252,8415,23436,148,349,68,1679,24,418,55,24
"487","2020-04-24",161,6,83,476,2975,0.842689075630252,8415,23436,148,349,61,1740,27,445,51,27
"488","2020-04-25",153,6,85,493,2975,0.842689075630252,8415,23436,148,349,71,1811,21,466,67,21
"489","2020-04-26",159,6,81,487,2975,0.842689075630252,8415,23436,148,349,56,1867,17,483,47,17
"490","2020-04-27",160,6,95,511,2975,0.842689075630252,8415,23436,148,349,64,1931,26,509,58,26
"491","2020-04-28",163,6,106,513,2975,0.842689075630252,8415,23436,148,349,78,2009,23,532,75,23
"492","2020-04-29",157,6,120,516,2975,0.842689075630252,8415,23436,148,349,67,2076,12,544,58,12
"493","2020-04-30",160,6,108,518,2975,0.842689075630252,8415,23436,148,349,53,2129,18,562,48,18
"494","2020-05-01",159,6,95,517,2975,0.842689075630252,8415,23436,148,349,67,2196,29,591,59,29
"495","2020-05-02",181,6,99,505,2975,0.842689075630252,8415,23436,148,349,69,2265,35,626,60,35
"496","2020-05-03",167,6,88,515,2975,0.842689075630252,8415,23436,148,349,52,2317,19,645,44,19
"497","2020-05-04",166,6,80,498,2975,0.842689075630252,8415,23436,148,349,55,2372,22,667,48,22
"498","2020-05-05",161,6,81,500,2975,0.842689075630252,8415,23436,148,349,61,2433,17,684,53,17
"499","2020-05-06",158,6,81,492,2975,0.842689075630252,8415,23436,148,349,55,2488,7,691,42,7
"500","2020-05-07",165,6,93,492,2975,0.842689075630252,8415,23436,148,349,44,2532,7,698,43,7
"501","2020-05-08",185,6,109,483,2975,0.842689075630252,8415,23436,148,349,54,2586,8,706,49,8
"502","2020-05-09",168,6,120,493,2975,0.842689075630252,8415,23436,148,349,60,2646,16,722,55,16
"503","2020-05-10",179,6,118,482,2975,0.842689075630252,8415,23436,148,349,65,2711,20,742,62,20
"504","2020-05-11",174,6,117,472,2975,0.842689075630252,8415,23436,148,349,66,2777,22,764,55,22
"505","2020-05-12",177,6,125,477,2975,0.842689075630252,8415,23436,148,349,60,2837,21,785,54,21
"506","2020-05-13",176,6,108,486,2975,0.842689075630252,8415,23436,148,349,54,2891,17,802,48,17
"507","2020-05-14",163,6,106,492,2975,0.842689075630252,8415,23436,148,349,39,2930,23,825,34,23
"508","2020-05-15",170,6,98,470,2975,0.842689075630252,8415,23436,148,349,53,2983,28,853,48,28
"509","2020-05-16",172,6,104,462,2975,0.842689075630252,8415,23436,148,349,42,3025,19,872,37,19
"510","2020-05-17",168,6,87,460,2975,0.842689075630252,8415,23436,148,349,58,3083,9,881,54,9
"511","2020-05-18",167,6,79,439,2975,0.842689075630252,8415,23436,148,349,66,3149,12,893,58,12
"512","2020-05-19",157,6,80,443,2975,0.842689075630252,8415,23436,148,349,47,3196,30,923,42,30
"513","2020-05-20",155,6,75,429,2975,0.842689075630252,8415,23436,148,349,38,3234,21,944,32,21
"514","2020-05-21",156,6,70,417,2975,0.842689075630252,8415,23436,148,349,35,3269,12,956,32,12
"515","2020-05-22",147,6,72,403,2975,0.842689075630252,8415,23436,148,349,57,3326,14,970,53,14
"516","2020-05-23",148,6,81,390,2975,0.842689075630252,8415,23436,148,349,37,3363,14,984,29,14
"517","2020-05-24",127,6,69,383,2975,0.842689075630252,8415,23436,148,349,64,3427,25,1009,57,25
"518","2020-05-25",120,6,55,363,2975,0.842689075630252,8415,23436,148,349,45,3472,14,1023,41,14
"519","2020-05-26",117,6,68,345,2975,0.842689075630252,8415,23436,148,349,36,3508,17,1040,34,17
"520","2020-05-27",123,6,60,332,2975,0.842689075630252,8415,23436,148,349,30,3538,12,1052,27,12
"521","2020-05-28",112,6,56,328,2975,0.842689075630252,8415,23436,148,349,29,3567,14,1066,27,14
"522","2020-05-29",107,6,57,315,2975,0.842689075630252,8415,23436,148,349,34,3601,17,1083,26,17
"523","2020-05-30",101,6,56,304,2975,0.842689075630252,8415,23436,148,349,32,3633,10,1093,30,10
"524","2020-05-31",104,6,53,293,2975,0.842689075630252,8415,23436,148,349,34,3667,9,1102,28,9
"525","2020-06-01",106,6,54,285,2975,0.842689075630252,8415,23436,148,349,26,3693,5,1107,23,5
"526","2020-06-02",101,6,45,284,2975,0.842689075630252,8415,23436,148,349,30,3723,6,1113,29,6
"527","2020-06-03",90,6,45,279,2975,0.842689075630252,8415,23436,148,349,26,3749,3,1116,23,3
"528","2020-06-04",97,6,49,264,2975,0.842689075630252,8415,23436,148,349,14,3763,7,1123,14,7
"529","2020-06-05",101,6,48,258,2975,0.842689075630252,8415,23436,148,349,23,3786,11,1134,18,11
"530","2020-06-06",105,6,57,257,2975,0.842689075630252,8415,23436,148,349,17,3803,11,1145,15,11
"531","2020-06-07",93,6,49,245,2975,0.842689075630252,8415,23436,148,349,19,3822,6,1151,19,6
"532","2020-03-07",1,7,0,0,2317,0.523953388001726,8370,20684,152,200,NA,NA,NA,NA,NA,NA
"533","2020-03-08",1,7,0,0,2317,0.523953388001726,8370,20684,152,200,NA,NA,NA,NA,NA,NA
"534","2020-03-09",0,7,0,0,2317,0.523953388001726,8370,20684,152,200,NA,NA,NA,NA,NA,NA
"535","2020-03-10",0,7,0,0,2317,0.523953388001726,8370,20684,152,200,NA,NA,NA,NA,NA,NA
"536","2020-03-11",0,7,0,0,2317,0.523953388001726,8370,20684,152,200,3,3,3,3,NA,3
"537","2020-03-12",0,7,0,0,2317,0.523953388001726,8370,20684,152,200,6,9,5,8,NA,5
"538","2020-03-13",0,7,0,0,2317,0.523953388001726,8370,20684,152,200,3,12,6,14,1,6
"539","2020-03-14",1,7,19,40,2317,0.523953388001726,8370,20684,152,200,2,14,11,25,1,11
"540","2020-03-15",7,7,26,60,2317,0.523953388001726,8370,20684,152,200,12,26,6,31,6,6
"541","2020-03-16",8,7,22,70,2317,0.523953388001726,8370,20684,152,200,7,33,4,35,5,4
"542","2020-03-17",9,7,21,86,2317,0.523953388001726,8370,20684,152,200,6,39,3,38,4,3
"543","2020-03-18",14,7,20,103,2317,0.523953388001726,8370,20684,152,200,17,56,6,44,13,6
"544","2020-03-19",18,7,21,114,2317,0.523953388001726,8370,20684,152,200,9,65,4,48,8,4
"545","2020-03-20",24,7,25,136,2317,0.523953388001726,8370,20684,152,200,12,77,6,54,9,6
"546","2020-03-21",27,7,26,153,2317,0.523953388001726,8370,20684,152,200,15,92,13,67,13,13
"547","2020-03-22",33,7,27,168,2317,0.523953388001726,8370,20684,152,200,15,107,17,84,7,17
"548","2020-03-23",39,7,28,181,2317,0.523953388001726,8370,20684,152,200,27,134,12,96,21,12
"549","2020-03-24",44,7,25,202,2317,0.523953388001726,8370,20684,152,200,16,150,10,106,13,10
"550","2020-03-25",48,7,31,207,2317,0.523953388001726,8370,20684,152,200,22,172,14,120,21,14
"551","2020-03-26",47,7,32,219,2317,0.523953388001726,8370,20684,152,200,17,189,17,137,14,17
"552","2020-03-27",53,7,30,235,2317,0.523953388001726,8370,20684,152,200,32,221,18,155,28,18
"553","2020-03-28",58,7,37,244,2317,0.523953388001726,8370,20684,152,200,34,255,9,164,27,9
"554","2020-03-29",68,7,37,261,2317,0.523953388001726,8370,20684,152,200,46,301,3,167,44,3
"555","2020-03-30",67,7,35,273,2317,0.523953388001726,8370,20684,152,200,40,341,3,170,34,3
"556","2020-03-31",66,7,38,269,2317,0.523953388001726,8370,20684,152,200,44,385,17,187,42,17
"557","2020-04-01",69,7,33,271,2317,0.523953388001726,8370,20684,152,200,39,424,7,194,33,7
"558","2020-04-02",75,7,33,288,2317,0.523953388001726,8370,20684,152,200,43,467,8,202,38,8
"559","2020-04-03",84,7,39,284,2317,0.523953388001726,8370,20684,152,200,40,507,14,216,36,14
"560","2020-04-04",83,7,45,302,2317,0.523953388001726,8370,20684,152,200,55,562,19,235,49,19
"561","2020-04-05",86,7,51,308,2317,0.523953388001726,8370,20684,152,200,62,624,15,250,60,15
"562","2020-04-06",93,7,44,321,2317,0.523953388001726,8370,20684,152,200,57,681,21,271,51,21
"563","2020-04-07",91,7,47,325,2317,0.523953388001726,8370,20684,152,200,69,750,12,283,66,12
"564","2020-04-08",89,7,39,327,2317,0.523953388001726,8370,20684,152,200,74,824,14,297,70,14
"565","2020-04-09",97,7,38,343,2317,0.523953388001726,8370,20684,152,200,60,884,8,305,57,8
"566","2020-04-10",106,7,37,338,2317,0.523953388001726,8370,20684,152,200,88,972,12,317,84,12
"567","2020-04-11",121,7,40,340,2317,0.523953388001726,8370,20684,152,200,86,1058,16,333,80,16
"568","2020-04-12",108,7,43,333,2317,0.523953388001726,8370,20684,152,200,84,1142,6,339,80,6
"569","2020-04-13",101,7,55,318,2317,0.523953388001726,8370,20684,152,200,76,1218,13,352,73,13
"570","2020-04-14",98,7,51,309,2317,0.523953388001726,8370,20684,152,200,115,1333,10,362,109,10
"571","2020-04-15",107,7,39,323,2317,0.523953388001726,8370,20684,152,200,100,1433,22,384,97,22
"572","2020-04-16",105,7,47,335,2317,0.523953388001726,8370,20684,152,200,91,1524,14,398,87,14
"573","2020-04-17",105,7,41,329,2317,0.523953388001726,8370,20684,152,200,120,1644,24,422,114,24
"574","2020-04-18",98,7,41,343,2317,0.523953388001726,8370,20684,152,200,109,1753,30,452,104,30
"575","2020-04-19",96,7,46,339,2317,0.523953388001726,8370,20684,152,200,92,1845,9,461,91,9
"576","2020-04-20",101,7,38,351,2317,0.523953388001726,8370,20684,152,200,95,1940,5,466,92,5
"577","2020-04-21",108,7,41,361,2317,0.523953388001726,8370,20684,152,200,122,2062,20,486,115,20
"578","2020-04-22",102,7,40,380,2317,0.523953388001726,8370,20684,152,200,124,2186,24,510,116,24
"579","2020-04-23",98,7,33,388,2317,0.523953388001726,8370,20684,152,200,95,2281,16,526,90,16
"580","2020-04-24",110,7,35,404,2317,0.523953388001726,8370,20684,152,200,159,2440,12,538,154,12
"581","2020-04-25",122,7,38,398,2317,0.523953388001726,8370,20684,152,200,98,2538,19,557,92,19
"582","2020-04-26",147,7,35,405,2317,0.523953388001726,8370,20684,152,200,120,2658,9,566,118,9
"583","2020-04-27",143,7,36,402,2317,0.523953388001726,8370,20684,152,200,79,2737,7,573,77,7
"584","2020-04-28",136,7,32,409,2317,0.523953388001726,8370,20684,152,200,117,2854,6,579,115,6
"585","2020-04-29",136,7,37,420,2317,0.523953388001726,8370,20684,152,200,106,2960,28,607,101,28
"586","2020-04-30",150,7,46,415,2317,0.523953388001726,8370,20684,152,200,90,3050,18,625,88,18
"587","2020-05-01",156,7,43,401,2317,0.523953388001726,8370,20684,152,200,101,3151,15,640,99,15
"588","2020-05-02",157,7,42,390,2317,0.523953388001726,8370,20684,152,200,89,3240,25,665,85,25
"589","2020-05-03",129,7,43,388,2317,0.523953388001726,8370,20684,152,200,82,3322,15,680,81,15
"590","2020-05-04",127,7,48,378,2317,0.523953388001726,8370,20684,152,200,64,3386,9,689,62,9
"591","2020-05-05",130,7,49,373,2317,0.523953388001726,8370,20684,152,200,80,3466,9,698,75,9
"592","2020-05-06",130,7,48,372,2317,0.523953388001726,8370,20684,152,200,86,3552,5,703,84,5
"593","2020-05-07",116,7,44,371,2317,0.523953388001726,8370,20684,152,200,74,3626,5,708,71,5
"594","2020-05-08",114,7,45,365,2317,0.523953388001726,8370,20684,152,200,66,3692,4,712,60,4
"595","2020-05-09",108,7,49,354,2317,0.523953388001726,8370,20684,152,200,65,3757,9,721,64,9
"596","2020-05-10",109,7,54,362,2317,0.523953388001726,8370,20684,152,200,64,3821,6,727,62,6
"597","2020-05-11",109,7,49,351,2317,0.523953388001726,8370,20684,152,200,69,3890,4,731,69,4
"598","2020-05-12",103,7,48,341,2317,0.523953388001726,8370,20684,152,200,49,3939,24,755,48,24
"599","2020-05-13",104,7,42,348,2317,0.523953388001726,8370,20684,152,200,52,3991,26,781,48,26
"600","2020-05-14",110,7,42,354,2317,0.523953388001726,8370,20684,152,200,56,4047,18,799,55,18
"601","2020-05-15",119,7,41,337,2317,0.523953388001726,8370,20684,152,200,49,4096,15,814,48,15
"602","2020-05-16",118,7,36,326,2317,0.523953388001726,8370,20684,152,200,39,4135,16,830,36,16
"603","2020-05-17",121,7,33,312,2317,0.523953388001726,8370,20684,152,200,47,4182,27,857,44,27
"604","2020-05-18",119,7,32,311,2317,0.523953388001726,8370,20684,152,200,50,4232,14,871,49,14
"605","2020-05-19",115,7,31,294,2317,0.523953388001726,8370,20684,152,200,32,4264,10,881,32,10
"606","2020-05-20",117,7,33,287,2317,0.523953388001726,8370,20684,152,200,40,4304,22,903,39,22
"607","2020-05-21",109,7,36,267,2317,0.523953388001726,8370,20684,152,200,32,4336,24,927,31,24
"608","2020-05-22",101,7,28,237,2317,0.523953388001726,8370,20684,152,200,36,4372,16,943,36,16
"609","2020-05-23",90,7,34,227,2317,0.523953388001726,8370,20684,152,200,32,4404,5,948,32,5
"610","2020-05-24",86,7,36,219,2317,0.523953388001726,8370,20684,152,200,34,4438,5,953,34,5
"611","2020-05-25",81,7,28,203,2317,0.523953388001726,8370,20684,152,200,19,4457,5,958,19,5
"612","2020-05-26",72,7,39,203,2317,0.523953388001726,8370,20684,152,200,23,4480,3,961,22,3
"613","2020-05-27",65,7,43,196,2317,0.523953388001726,8370,20684,152,200,33,4513,3,964,30,3
"614","2020-05-28",61,7,47,191,2317,0.523953388001726,8370,20684,152,200,27,4540,2,966,26,2
"615","2020-05-29",59,7,44,184,2317,0.523953388001726,8370,20684,152,200,19,4559,4,970,17,4
"616","2020-05-30",63,7,46,182,2317,0.523953388001726,8370,20684,152,200,17,4576,11,981,15,11
"617","2020-05-31",58,7,45,176,2317,0.523953388001726,8370,20684,152,200,17,4593,3,984,16,3
"618","2020-06-01",55,7,43,178,2317,0.523953388001726,8370,20684,152,200,16,4609,5,989,15,5
"619","2020-06-02",52,7,37,169,2317,0.523953388001726,8370,20684,152,200,20,4629,6,995,17,6
"620","2020-06-03",48,7,31,169,2317,0.523953388001726,8370,20684,152,200,20,4649,9,1004,19,9
"621","2020-06-04",48,7,31,160,2317,0.523953388001726,8370,20684,152,200,12,4661,4,1008,9,4
"622","2020-06-05",47,7,28,155,2317,0.523953388001726,8370,20684,152,200,18,4679,15,1023,18,15
"623","2020-06-06",53,7,24,161,2317,0.523953388001726,8370,20684,152,200,8,4687,9,1032,6,9
"624","2020-06-07",44,7,31,144,2317,0.523953388001726,8370,20684,152,200,16,4703,7,1039,14,7
"625","2020-03-08",1,8,0,0,3444,0.768583042973287,8490,26062,191,382,NA,NA,NA,NA,NA,NA
"626","2020-03-09",1,8,0,0,3444,0.768583042973287,8490,26062,191,382,NA,NA,NA,NA,NA,NA
"627","2020-03-10",0,8,0,0,3444,0.768583042973287,8490,26062,191,382,NA,NA,NA,NA,NA,NA
"628","2020-03-11",0,8,0,0,3444,0.768583042973287,8490,26062,191,382,2,2,1,1,NA,1
"629","2020-03-12",0,8,0,0,3444,0.768583042973287,8490,26062,191,382,7,9,4,5,NA,4
"630","2020-03-13",3,8,32,27,3444,0.768583042973287,8490,26062,191,382,5,14,5,10,NA,5
"631","2020-03-14",5,8,41,36,3444,0.768583042973287,8490,26062,191,382,4,18,5,15,NA,5
"632","2020-03-15",4,8,47,47,3444,0.768583042973287,8490,26062,191,382,3,21,NA,NA,NA,NA
"633","2020-03-16",5,8,60,59,3444,0.768583042973287,8490,26062,191,382,6,27,9,24,4,9
"634","2020-03-17",6,8,57,68,3444,0.768583042973287,8490,26062,191,382,8,35,5,29,1,5
"635","2020-03-18",8,8,67,78,3444,0.768583042973287,8490,26062,191,382,10,45,4,33,2,4
"636","2020-03-19",10,8,66,91,3444,0.768583042973287,8490,26062,191,382,11,56,NA,NA,3,NA
"637","2020-03-20",18,8,67,107,3444,0.768583042973287,8490,26062,191,382,8,64,4,37,6,4
"638","2020-03-21",18,8,69,121,3444,0.768583042973287,8490,26062,191,382,18,82,3,40,11,3
"639","2020-03-22",18,8,77,132,3444,0.768583042973287,8490,26062,191,382,8,90,7,47,4,7
"640","2020-03-23",22,8,86,155,3444,0.768583042973287,8490,26062,191,382,12,102,3,50,8,3
"641","2020-03-24",23,8,82,170,3444,0.768583042973287,8490,26062,191,382,15,117,3,53,11,3
"642","2020-03-25",32,8,83,175,3444,0.768583042973287,8490,26062,191,382,23,140,2,55,14,2
"643","2020-03-26",38,8,86,191,3444,0.768583042973287,8490,26062,191,382,17,157,2,57,9,2
"644","2020-03-27",47,8,88,214,3444,0.768583042973287,8490,26062,191,382,16,173,1,58,8,1
"645","2020-03-28",61,8,92,235,3444,0.768583042973287,8490,26062,191,382,30,203,2,60,22,2
"646","2020-03-29",82,8,108,248,3444,0.768583042973287,8490,26062,191,382,26,229,9,69,16,9
"647","2020-03-30",81,8,107,265,3444,0.768583042973287,8490,26062,191,382,22,251,8,77,14,8
"648","2020-03-31",80,8,117,280,3444,0.768583042973287,8490,26062,191,382,26,277,14,91,19,14
"649","2020-04-01",80,8,119,300,3444,0.768583042973287,8490,26062,191,382,22,299,10,101,15,10
"650","2020-04-02",81,8,114,310,3444,0.768583042973287,8490,26062,191,382,25,324,10,111,21,10
"651","2020-04-03",90,8,111,330,3444,0.768583042973287,8490,26062,191,382,24,348,6,117,17,6
"652","2020-04-04",85,8,106,335,3444,0.768583042973287,8490,26062,191,382,33,381,14,131,21,14
"653","2020-04-05",85,8,102,365,3444,0.768583042973287,8490,26062,191,382,34,415,3,134,23,3
"654","2020-04-06",93,8,113,393,3444,0.768583042973287,8490,26062,191,382,32,447,12,146,23,12
"655","2020-04-07",95,8,121,414,3444,0.768583042973287,8490,26062,191,382,30,477,8,154,27,8
"656","2020-04-08",98,8,111,416,3444,0.768583042973287,8490,26062,191,382,27,504,12,166,20,12
"657","2020-04-09",100,8,113,437,3444,0.768583042973287,8490,26062,191,382,36,540,21,187,27,21
"658","2020-04-10",117,8,116,450,3444,0.768583042973287,8490,26062,191,382,24,564,20,207,15,20
"659","2020-04-11",150,8,116,452,3444,0.768583042973287,8490,26062,191,382,40,604,17,224,26,17
"660","2020-04-12",143,8,130,491,3444,0.768583042973287,8490,26062,191,382,41,645,8,232,28,8
"661","2020-04-13",129,8,136,502,3444,0.768583042973287,8490,26062,191,382,25,670,10,242,19,10
"662","2020-04-14",126,8,127,519,3444,0.768583042973287,8490,26062,191,382,37,707,9,251,31,9
"663","2020-04-15",131,8,120,538,3444,0.768583042973287,8490,26062,191,382,25,732,9,260,17,9
"664","2020-04-16",140,8,121,574,3444,0.768583042973287,8490,26062,191,382,35,767,8,268,22,8
"665","2020-04-17",176,8,116,589,3444,0.768583042973287,8490,26062,191,382,46,813,6,274,40,6
"666","2020-04-18",171,8,127,598,3444,0.768583042973287,8490,26062,191,382,38,851,18,292,31,18
"667","2020-04-19",172,8,128,595,3444,0.768583042973287,8490,26062,191,382,41,892,10,302,31,10
"668","2020-04-20",186,8,135,634,3444,0.768583042973287,8490,26062,191,382,32,924,15,317,23,15
"669","2020-04-21",192,8,132,640,3444,0.768583042973287,8490,26062,191,382,44,968,18,335,27,18
"670","2020-04-22",197,8,130,646,3444,0.768583042973287,8490,26062,191,382,27,995,17,352,22,17
"671","2020-04-23",198,8,123,658,3444,0.768583042973287,8490,26062,191,382,33,1028,18,370,20,18
"672","2020-04-24",214,8,141,648,3444,0.768583042973287,8490,26062,191,382,33,1061,7,377,24,7
"673","2020-04-25",227,8,140,650,3444,0.768583042973287,8490,26062,191,382,47,1108,13,390,36,13
"674","2020-04-26",228,8,135,670,3444,0.768583042973287,8490,26062,191,382,32,1140,4,394,21,4
"675","2020-04-27",229,8,152,666,3444,0.768583042973287,8490,26062,191,382,37,1177,8,402,23,8
"676","2020-04-28",231,8,155,670,3444,0.768583042973287,8490,26062,191,382,35,1212,9,411,27,9
"677","2020-04-29",230,8,160,674,3444,0.768583042973287,8490,26062,191,382,40,1252,12,423,30,12
"678","2020-04-30",238,8,164,659,3444,0.768583042973287,8490,26062,191,382,30,1282,10,433,22,10
"679","2020-05-01",253,8,166,646,3444,0.768583042973287,8490,26062,191,382,30,1312,7,440,21,7
"680","2020-05-02",247,8,169,642,3444,0.768583042973287,8490,26062,191,382,32,1344,9,449,25,9
"681","2020-05-03",230,8,175,635,3444,0.768583042973287,8490,26062,191,382,30,1374,10,459,21,10
"682","2020-05-04",225,8,189,643,3444,0.768583042973287,8490,26062,191,382,27,1401,7,466,21,7
"683","2020-05-05",219,8,197,612,3444,0.768583042973287,8490,26062,191,382,28,1429,3,469,20,3
"684","2020-05-06",222,8,191,608,3444,0.768583042973287,8490,26062,191,382,29,1458,13,482,24,13
"685","2020-05-07",215,8,183,610,3444,0.768583042973287,8490,26062,191,382,17,1475,13,495,11,13
"686","2020-05-08",218,8,189,617,3444,0.768583042973287,8490,26062,191,382,32,1507,7,502,18,7
"687","2020-05-09",211,8,194,626,3444,0.768583042973287,8490,26062,191,382,23,1530,12,514,16,12
"688","2020-05-10",206,8,184,617,3444,0.768583042973287,8490,26062,191,382,22,1552,9,523,15,9
"689","2020-05-11",204,8,165,612,3444,0.768583042973287,8490,26062,191,382,33,1585,6,529,24,6
"690","2020-05-12",193,8,157,599,3444,0.768583042973287,8490,26062,191,382,22,1607,6,535,16,6
"691","2020-05-13",190,8,153,568,3444,0.768583042973287,8490,26062,191,382,21,1628,7,542,14,7
"692","2020-05-14",198,8,159,550,3444,0.768583042973287,8490,26062,191,382,31,1659,16,558,17,16
"693","2020-05-15",190,8,144,524,3444,0.768583042973287,8490,26062,191,382,20,1679,10,568,15,10
"694","2020-05-16",197,8,127,517,3444,0.768583042973287,8490,26062,191,382,24,1703,13,581,17,13
"695","2020-05-17",187,8,143,519,3444,0.768583042973287,8490,26062,191,382,31,1734,12,593,22,12
"696","2020-05-18",175,8,140,488,3444,0.768583042973287,8490,26062,191,382,25,1759,7,600,17,7
"697","2020-05-19",174,8,135,476,3444,0.768583042973287,8490,26062,191,382,12,1771,8,608,11,8
"698","2020-05-20",164,8,125,455,3444,0.768583042973287,8490,26062,191,382,15,1786,7,615,10,7
"699","2020-05-21",147,8,125,434,3444,0.768583042973287,8490,26062,191,382,23,1809,17,632,20,17
"700","2020-05-22",149,8,121,403,3444,0.768583042973287,8490,26062,191,382,25,1834,12,644,21,12
"701","2020-05-23",150,8,118,380,3444,0.768583042973287,8490,26062,191,382,17,1851,12,656,12,12
"702","2020-05-24",136,8,126,363,3444,0.768583042973287,8490,26062,191,382,18,1869,17,673,14,17
"703","2020-05-25",129,8,118,338,3444,0.768583042973287,8490,26062,191,382,19,1888,7,680,16,7
"704","2020-05-26",117,8,134,327,3444,0.768583042973287,8490,26062,191,382,17,1905,7,687,12,7
"705","2020-05-27",109,8,133,324,3444,0.768583042973287,8490,26062,191,382,20,1925,11,698,14,11
"706","2020-05-28",111,8,135,299,3444,0.768583042973287,8490,26062,191,382,13,1938,10,708,11,10
"707","2020-05-29",111,8,138,289,3444,0.768583042973287,8490,26062,191,382,17,1955,9,717,15,9
"708","2020-05-30",103,8,153,274,3444,0.768583042973287,8490,26062,191,382,10,1965,17,734,6,17
"709","2020-05-31",88,8,155,269,3444,0.768583042973287,8490,26062,191,382,19,1984,14,748,16,14
"710","2020-06-01",89,8,157,259,3444,0.768583042973287,8490,26062,191,382,22,2006,4,752,20,4
"711","2020-06-02",93,8,146,239,3444,0.768583042973287,8490,26062,191,382,11,2017,8,760,9,8
"712","2020-06-03",98,8,137,230,3444,0.768583042973287,8490,26062,191,382,15,2032,11,771,13,11
"713","2020-06-04",90,8,124,227,3444,0.768583042973287,8490,26062,191,382,20,2052,7,778,17,7
"714","2020-06-05",85,8,129,225,3444,0.768583042973287,8490,26062,191,382,7,2059,2,780,7,2
"715","2020-06-06",80,8,126,225,3444,0.768583042973287,8490,26062,191,382,11,2070,7,787,7,7
"716","2020-06-07",78,8,129,226,3444,0.768583042973287,8490,26062,191,382,6,2076,1,788,4,1
"717","2020-03-13",2,9,21,9,5358,0.977416946621874,8325,31685,329,270,4,6,9,25,3,9
"718","2020-03-14",2,9,20,15,5358,0.977416946621874,8325,31685,329,270,3,9,8,33,3,8
"719","2020-03-15",2,9,27,20,5358,0.977416946621874,8325,31685,329,270,3,12,16,49,3,16
"720","2020-03-16",2,9,34,27,5358,0.977416946621874,8325,31685,329,270,6,18,6,55,4,6
"721","2020-03-17",3,9,32,33,5358,0.977416946621874,8325,31685,329,270,11,29,6,61,8,6
"722","2020-03-18",4,9,34,41,5358,0.977416946621874,8325,31685,329,270,6,35,4,65,6,4
"723","2020-03-19",4,9,29,47,5358,0.977416946621874,8325,31685,329,270,7,42,6,71,6,6
"724","2020-03-20",5,9,25,65,5358,0.977416946621874,8325,31685,329,270,16,58,9,80,13,9
"725","2020-03-21",11,9,31,85,5358,0.977416946621874,8325,31685,329,270,9,67,5,85,7,5
"726","2020-03-22",17,9,25,94,5358,0.977416946621874,8325,31685,329,270,11,78,4,89,8,4
"727","2020-03-23",18,9,27,111,5358,0.977416946621874,8325,31685,329,270,10,88,10,99,10,10
"728","2020-03-24",22,9,25,125,5358,0.977416946621874,8325,31685,329,270,13,101,8,107,12,8
"729","2020-03-25",27,9,23,132,5358,0.977416946621874,8325,31685,329,270,16,117,5,112,16,5
"730","2020-03-26",35,9,26,146,5358,0.977416946621874,8325,31685,329,270,18,135,5,117,15,5
"731","2020-03-27",46,9,21,167,5358,0.977416946621874,8325,31685,329,270,24,159,8,125,24,8
"732","2020-03-28",42,9,30,180,5358,0.977416946621874,8325,31685,329,270,19,178,10,135,18,10
"733","2020-03-29",39,9,30,204,5358,0.977416946621874,8325,31685,329,270,26,204,12,147,24,12
"734","2020-03-30",41,9,38,233,5358,0.977416946621874,8325,31685,329,270,20,224,11,158,17,11
"735","2020-03-31",39,9,36,267,5358,0.977416946621874,8325,31685,329,270,35,259,5,163,35,5
"736","2020-04-01",44,9,27,301,5358,0.977416946621874,8325,31685,329,270,44,303,4,167,44,4
"737","2020-04-02",50,9,22,331,5358,0.977416946621874,8325,31685,329,270,35,338,13,180,34,13
"738","2020-04-03",61,9,30,380,5358,0.977416946621874,8325,31685,329,270,45,383,9,189,43,9
"739","2020-04-04",96,9,47,418,5358,0.977416946621874,8325,31685,329,270,39,422,5,194,37,5
"740","2020-04-05",115,9,53,469,5358,0.977416946621874,8325,31685,329,270,49,471,22,216,48,22
"741","2020-04-06",115,9,45,519,5358,0.977416946621874,8325,31685,329,270,60,531,10,226,59,10
"742","2020-04-07",122,9,48,574,5358,0.977416946621874,8325,31685,329,270,56,587,12,238,55,12
"743","2020-04-08",134,9,48,627,5358,0.977416946621874,8325,31685,329,270,69,656,6,244,67,6
"744","2020-04-09",140,9,51,680,5358,0.977416946621874,8325,31685,329,270,87,743,21,265,84,21
"745","2020-04-10",176,9,52,751,5358,0.977416946621874,8325,31685,329,270,68,811,10,275,67,10
"746","2020-04-11",171,9,52,836,5358,0.977416946621874,8325,31685,329,270,81,892,8,283,77,8
"747","2020-04-12",206,9,53,904,5358,0.977416946621874,8325,31685,329,270,75,967,4,287,72,4
"748","2020-04-13",220,9,47,947,5358,0.977416946621874,8325,31685,329,270,89,1056,2,289,84,2
"749","2020-04-14",230,9,49,1020,5358,0.977416946621874,8325,31685,329,270,89,1145,5,294,85,5
"750","2020-04-15",238,9,42,1056,5358,0.977416946621874,8325,31685,329,270,97,1242,6,300,95,6
"751","2020-04-16",254,9,41,1106,5358,0.977416946621874,8325,31685,329,270,103,1345,2,302,101,2
"752","2020-04-17",324,9,52,1184,5358,0.977416946621874,8325,31685,329,270,94,1439,3,305,92,3
"753","2020-04-18",365,9,55,1233,5358,0.977416946621874,8325,31685,329,270,110,1549,3,308,108,3
"754","2020-04-19",344,9,55,1297,5358,0.977416946621874,8325,31685,329,270,112,1661,5,313,111,5
"755","2020-04-20",362,9,66,1336,5358,0.977416946621874,8325,31685,329,270,119,1780,13,326,119,13
"756","2020-04-21",384,9,69,1377,5358,0.977416946621874,8325,31685,329,270,110,1890,6,332,110,6
"757","2020-04-22",400,9,66,1416,5358,0.977416946621874,8325,31685,329,270,126,2016,2,334,126,2
"758","2020-04-23",424,9,70,1449,5358,0.977416946621874,8325,31685,329,270,139,2155,7,341,138,7
"759","2020-04-24",501,9,83,1454,5358,0.977416946621874,8325,31685,329,270,139,2294,11,352,138,11
"760","2020-04-25",530,9,88,1457,5358,0.977416946621874,8325,31685,329,270,116,2410,21,373,114,21
"761","2020-04-26",522,9,82,1490,5358,0.977416946621874,8325,31685,329,270,132,2542,6,379,130,6
"762","2020-04-27",527,9,80,1569,5358,0.977416946621874,8325,31685,329,270,139,2681,9,388,138,9
"763","2020-04-28",515,9,83,1542,5358,0.977416946621874,8325,31685,329,270,126,2807,21,409,123,21
"764","2020-04-29",529,9,84,1517,5358,0.977416946621874,8325,31685,329,270,126,2933,16,425,123,16
"765","2020-04-30",522,9,78,1494,5358,0.977416946621874,8325,31685,329,270,116,3049,13,438,113,13
"766","2020-05-01",566,9,69,1497,5358,0.977416946621874,8325,31685,329,270,115,3164,7,445,114,7
"767","2020-05-02",550,9,79,1462,5358,0.977416946621874,8325,31685,329,270,126,3290,3,448,125,3
"768","2020-05-03",515,9,83,1400,5358,0.977416946621874,8325,31685,329,270,118,3408,5,453,118,5
"769","2020-05-04",489,9,74,1346,5358,0.977416946621874,8325,31685,329,270,98,3506,13,466,98,13
"770","2020-05-05",480,9,62,1286,5358,0.977416946621874,8325,31685,329,270,130,3636,23,489,129,23
"771","2020-05-06",471,9,57,1232,5358,0.977416946621874,8325,31685,329,270,91,3727,16,505,90,16
"772","2020-05-07",461,9,79,1174,5358,0.977416946621874,8325,31685,329,270,72,3799,19,524,71,19
"773","2020-05-08",447,9,71,1097,5358,0.977416946621874,8325,31685,329,270,80,3879,26,550,79,26
"774","2020-05-09",429,9,74,1042,5358,0.977416946621874,8325,31685,329,270,103,3982,4,554,102,4
"775","2020-05-10",363,9,62,967,5358,0.977416946621874,8325,31685,329,270,76,4058,17,571,76,17
"776","2020-05-11",354,9,63,883,5358,0.977416946621874,8325,31685,329,270,68,4126,29,600,68,29
"777","2020-05-12",336,9,69,818,5358,0.977416946621874,8325,31685,329,270,78,4204,19,619,77,19
"778","2020-05-13",314,9,68,772,5358,0.977416946621874,8325,31685,329,270,89,4293,27,646,88,27
"779","2020-05-14",297,9,67,724,5358,0.977416946621874,8325,31685,329,270,74,4367,19,665,73,19
"780","2020-05-15",263,9,58,672,5358,0.977416946621874,8325,31685,329,270,57,4424,18,683,54,18
"781","2020-05-16",254,9,52,631,5358,0.977416946621874,8325,31685,329,270,56,4480,7,690,55,7
"782","2020-05-17",247,9,56,584,5358,0.977416946621874,8325,31685,329,270,68,4548,9,699,68,9
"783","2020-05-18",229,9,53,539,5358,0.977416946621874,8325,31685,329,270,57,4605,6,705,54,6
"784","2020-05-19",216,9,48,506,5358,0.977416946621874,8325,31685,329,270,47,4652,5,710,47,5
"785","2020-05-20",203,9,55,442,5358,0.977416946621874,8325,31685,329,270,31,4683,6,716,31,6
"786","2020-05-21",190,9,53,411,5358,0.977416946621874,8325,31685,329,270,58,4741,13,729,57,13
"787","2020-05-22",167,9,49,381,5358,0.977416946621874,8325,31685,329,270,30,4771,13,742,30,13
"788","2020-05-23",157,9,48,361,5358,0.977416946621874,8325,31685,329,270,27,4798,6,748,26,6
"789","2020-05-24",130,9,43,351,5358,0.977416946621874,8325,31685,329,270,22,4820,10,758,22,10
"790","2020-05-25",121,9,55,332,5358,0.977416946621874,8325,31685,329,270,30,4850,11,769,30,11
"791","2020-05-26",110,9,58,309,5358,0.977416946621874,8325,31685,329,270,17,4867,12,781,17,12
"792","2020-05-27",104,9,62,286,5358,0.977416946621874,8325,31685,329,270,21,4888,6,787,21,6
"793","2020-05-28",102,9,59,279,5358,0.977416946621874,8325,31685,329,270,21,4909,7,794,21,7
"794","2020-05-29",88,9,45,270,5358,0.977416946621874,8325,31685,329,270,12,4921,6,800,12,6
"795","2020-05-30",81,9,35,263,5358,0.977416946621874,8325,31685,329,270,25,4946,12,812,23,12
"796","2020-05-31",78,9,41,255,5358,0.977416946621874,8325,31685,329,270,12,4958,7,819,12,7
"797","2020-06-01",77,9,42,240,5358,0.977416946621874,8325,31685,329,270,13,4971,5,824,13,5
"798","2020-06-02",83,9,44,221,5358,0.977416946621874,8325,31685,329,270,14,4985,9,833,13,9
"799","2020-06-03",85,9,45,212,5358,0.977416946621874,8325,31685,329,270,8,4993,7,840,8,7
"800","2020-06-04",85,9,44,199,5358,0.977416946621874,8325,31685,329,270,12,5005,8,848,12,8
"801","2020-06-05",87,9,44,181,5358,0.977416946621874,8325,31685,329,270,10,5015,12,860,10,12
"802","2020-06-06",87,9,45,161,5358,0.977416946621874,8325,31685,329,270,12,5027,3,863,11,3
"803","2020-06-07",75,9,42,158,5358,0.977416946621874,8325,31685,329,270,13,5040,6,869,12,6
"804","2020-03-08",1,10,0,0,5582,0.970082407739162,8415,31199,355,372,NA,NA,NA,NA,NA,NA
"805","2020-03-09",1,10,0,0,5582,0.970082407739162,8415,31199,355,372,NA,NA,NA,NA,NA,NA
"806","2020-03-10",0,10,0,0,5582,0.970082407739162,8415,31199,355,372,NA,NA,1,1,NA,1
"807","2020-03-11",0,10,0,0,5582,0.970082407739162,8415,31199,355,372,5,5,NA,NA,NA,NA
"808","2020-03-12",0,10,0,0,5582,0.970082407739162,8415,31199,355,372,6,11,1,2,1,1
"809","2020-03-13",1,10,23,8,5582,0.970082407739162,8415,31199,355,372,4,15,1,3,NA,1
"810","2020-03-14",1,10,26,11,5582,0.970082407739162,8415,31199,355,372,10,25,1,4,4,1
"811","2020-03-15",2,10,22,13,5582,0.970082407739162,8415,31199,355,372,3,28,6,10,2,6
"812","2020-03-16",3,10,19,18,5582,0.970082407739162,8415,31199,355,372,6,34,5,15,1,5
"813","2020-03-17",3,10,23,24,5582,0.970082407739162,8415,31199,355,372,12,46,5,20,6,5
"814","2020-03-18",3,10,26,29,5582,0.970082407739162,8415,31199,355,372,13,59,5,25,11,5
"815","2020-03-19",3,10,33,34,5582,0.970082407739162,8415,31199,355,372,12,71,5,30,6,5
"816","2020-03-20",5,10,34,41,5582,0.970082407739162,8415,31199,355,372,14,85,1,31,8,1
"817","2020-03-21",7,10,37,53,5582,0.970082407739162,8415,31199,355,372,15,100,1,32,11,1
"818","2020-03-22",6,10,42,67,5582,0.970082407739162,8415,31199,355,372,25,125,3,35,18,3
"819","2020-03-23",9,10,46,89,5582,0.970082407739162,8415,31199,355,372,12,137,2,37,7,2
"820","2020-03-24",12,10,40,107,5582,0.970082407739162,8415,31199,355,372,16,153,5,42,12,5
"821","2020-03-25",14,10,38,131,5582,0.970082407739162,8415,31199,355,372,26,179,5,47,18,5
"822","2020-03-26",20,10,33,151,5582,0.970082407739162,8415,31199,355,372,18,197,8,55,13,8
"823","2020-03-27",26,10,36,175,5582,0.970082407739162,8415,31199,355,372,28,225,8,63,23,8
"824","2020-03-28",46,10,40,200,5582,0.970082407739162,8415,31199,355,372,30,255,8,71,29,8
"825","2020-03-29",53,10,33,231,5582,0.970082407739162,8415,31199,355,372,30,285,10,81,21,10
"826","2020-03-30",53,10,38,252,5582,0.970082407739162,8415,31199,355,372,32,317,10,91,27,10
"827","2020-03-31",59,10,34,294,5582,0.970082407739162,8415,31199,355,372,23,340,9,100,22,9
"828","2020-04-01",60,10,29,332,5582,0.970082407739162,8415,31199,355,372,40,380,3,103,32,3
"829","2020-04-02",65,10,44,378,5582,0.970082407739162,8415,31199,355,372,26,406,7,110,21,7
"830","2020-04-03",79,10,63,408,5582,0.970082407739162,8415,31199,355,372,37,443,3,113,30,3
"831","2020-04-04",86,10,75,464,5582,0.970082407739162,8415,31199,355,372,43,486,5,118,34,5
"832","2020-04-05",106,10,73,511,5582,0.970082407739162,8415,31199,355,372,42,528,6,124,34,6
"833","2020-04-06",108,10,79,596,5582,0.970082407739162,8415,31199,355,372,48,576,3,127,36,3
"834","2020-04-07",117,10,73,671,5582,0.970082407739162,8415,31199,355,372,43,619,11,138,37,11
"835","2020-04-08",142,10,69,742,5582,0.970082407739162,8415,31199,355,372,42,661,5,143,34,5
"836","2020-04-09",163,10,76,814,5582,0.970082407739162,8415,31199,355,372,38,699,9,152,34,9
"837","2020-04-10",207,10,81,906,5582,0.970082407739162,8415,31199,355,372,44,743,6,158,38,6
"838","2020-04-11",287,10,80,974,5582,0.970082407739162,8415,31199,355,372,39,782,16,174,33,16
"839","2020-04-12",290,10,82,1072,5582,0.970082407739162,8415,31199,355,372,52,834,5,179,46,5
"840","2020-04-13",289,10,84,1164,5582,0.970082407739162,8415,31199,355,372,52,886,2,181,43,2
"841","2020-04-14",304,10,86,1239,5582,0.970082407739162,8415,31199,355,372,40,926,1,182,37,1
"842","2020-04-15",312,10,89,1304,5582,0.970082407739162,8415,31199,355,372,70,996,2,184,58,2
"843","2020-04-16",338,10,80,1418,5582,0.970082407739162,8415,31199,355,372,52,1048,NA,NA,41,NA
"844","2020-04-17",450,10,84,1465,5582,0.970082407739162,8415,31199,355,372,63,1111,NA,NA,56,NA
"845","2020-04-18",428,10,83,1543,5582,0.970082407739162,8415,31199,355,372,55,1166,10,194,48,10
"846","2020-04-19",523,10,89,1566,5582,0.970082407739162,8415,31199,355,372,59,1225,9,203,53,9
"847","2020-04-20",530,10,90,1584,5582,0.970082407739162,8415,31199,355,372,60,1285,6,209,52,6
"848","2020-04-21",516,10,87,1660,5582,0.970082407739162,8415,31199,355,372,51,1336,2,211,43,2
"849","2020-04-22",527,10,86,1716,5582,0.970082407739162,8415,31199,355,372,52,1388,10,221,45,10
"850","2020-04-23",531,10,84,1730,5582,0.970082407739162,8415,31199,355,372,48,1436,14,235,40,14
"851","2020-04-24",666,10,91,1783,5582,0.970082407739162,8415,31199,355,372,47,1483,8,243,39,8
"852","2020-04-25",671,10,93,1730,5582,0.970082407739162,8415,31199,355,372,61,1544,6,249,54,6
"853","2020-04-26",540,10,92,1713,5582,0.970082407739162,8415,31199,355,372,62,1606,11,260,56,11
"854","2020-04-27",553,10,115,1688,5582,0.970082407739162,8415,31199,355,372,59,1665,13,273,51,13
"855","2020-04-28",554,10,115,1686,5582,0.970082407739162,8415,31199,355,372,53,1718,7,280,47,7
"856","2020-04-29",560,10,120,1650,5582,0.970082407739162,8415,31199,355,372,52,1770,16,296,48,16
"857","2020-04-30",549,10,115,1599,5582,0.970082407739162,8415,31199,355,372,63,1833,10,306,58,10
"858","2020-05-01",536,10,107,1524,5582,0.970082407739162,8415,31199,355,372,56,1889,10,316,53,10
"859","2020-05-02",518,10,102,1449,5582,0.970082407739162,8415,31199,355,372,54,1943,7,323,50,7
"860","2020-05-03",481,10,110,1357,5582,0.970082407739162,8415,31199,355,372,56,1999,7,330,50,7
"861","2020-05-04",479,10,121,1300,5582,0.970082407739162,8415,31199,355,372,61,2060,1,331,53,1
"862","2020-05-05",469,10,125,1265,5582,0.970082407739162,8415,31199,355,372,47,2107,4,335,41,4
"863","2020-05-06",451,10,125,1200,5582,0.970082407739162,8415,31199,355,372,61,2168,2,337,58,2
"864","2020-05-07",439,10,131,1158,5582,0.970082407739162,8415,31199,355,372,50,2218,5,342,43,5
"865","2020-05-08",378,10,127,1075,5582,0.970082407739162,8415,31199,355,372,70,2288,6,348,59,6
"866","2020-05-09",390,10,149,1017,5582,0.970082407739162,8415,31199,355,372,39,2327,6,354,34,6
"867","2020-05-10",388,10,142,965,5582,0.970082407739162,8415,31199,355,372,69,2396,13,367,60,13
"868","2020-05-11",361,10,132,900,5582,0.970082407739162,8415,31199,355,372,60,2456,7,374,50,7
"869","2020-05-12",345,10,133,825,5582,0.970082407739162,8415,31199,355,372,52,2508,4,378,47,4
"870","2020-05-13",333,10,121,802,5582,0.970082407739162,8415,31199,355,372,53,2561,6,384,49,6
"871","2020-05-14",327,10,119,746,5582,0.970082407739162,8415,31199,355,372,62,2623,8,392,52,8
"872","2020-05-15",301,10,124,686,5582,0.970082407739162,8415,31199,355,372,41,2664,7,399,33,7
"873","2020-05-16",270,10,129,646,5582,0.970082407739162,8415,31199,355,372,35,2699,11,410,33,11
"874","2020-05-17",244,10,139,583,5582,0.970082407739162,8415,31199,355,372,56,2755,4,414,52,4
"875","2020-05-18",226,10,134,513,5582,0.970082407739162,8415,31199,355,372,39,2794,7,421,35,7
"876","2020-05-19",207,10,140,475,5582,0.970082407739162,8415,31199,355,372,48,2842,4,425,44,4
"877","2020-05-20",200,10,138,418,5582,0.970082407739162,8415,31199,355,372,34,2876,9,434,31,9
"878","2020-05-21",180,10,121,373,5582,0.970082407739162,8415,31199,355,372,41,2917,5,439,37,5
"879","2020-05-22",161,10,101,339,5582,0.970082407739162,8415,31199,355,372,50,2967,3,442,47,3
"880","2020-05-23",159,10,90,294,5582,0.970082407739162,8415,31199,355,372,46,3013,8,450,37,8
"881","2020-05-24",130,10,90,270,5582,0.970082407739162,8415,31199,355,372,48,3061,6,456,45,6
"882","2020-05-25",129,10,81,231,5582,0.970082407739162,8415,31199,355,372,44,3105,3,459,39,3
"883","2020-05-26",112,10,71,207,5582,0.970082407739162,8415,31199,355,372,20,3125,8,467,20,8
"884","2020-05-27",103,10,71,179,5582,0.970082407739162,8415,31199,355,372,32,3157,5,472,32,5
"885","2020-05-28",94,10,60,165,5582,0.970082407739162,8415,31199,355,372,37,3194,17,489,33,17
"886","2020-05-29",71,10,57,136,5582,0.970082407739162,8415,31199,355,372,27,3221,11,500,24,11
"887","2020-05-30",68,10,64,127,5582,0.970082407739162,8415,31199,355,372,24,3245,6,506,23,6
"888","2020-05-31",57,10,61,118,5582,0.970082407739162,8415,31199,355,372,32,3277,10,516,29,10
"889","2020-06-01",44,10,59,107,5582,0.970082407739162,8415,31199,355,372,28,3305,8,524,27,8
"890","2020-06-02",45,10,57,93,5582,0.970082407739162,8415,31199,355,372,28,3333,10,534,26,10
"891","2020-06-03",43,10,61,83,5582,0.970082407739162,8415,31199,355,372,23,3356,5,539,19,5
"892","2020-06-04",44,10,53,77,5582,0.970082407739162,8415,31199,355,372,16,3372,12,551,14,12
"893","2020-06-05",43,10,45,68,5582,0.970082407739162,8415,31199,355,372,24,3396,8,559,20,8
"894","2020-06-06",38,10,49,61,5582,0.970082407739162,8415,31199,355,372,27,3423,6,565,24,6
"895","2020-06-07",34,10,50,52,5582,0.970082407739162,8415,31199,355,372,26,3449,6,571,23,6
"896","2020-03-14",1,11,23,30,5183,0.8840439899672,8385,31233,302,307,9,33,17,47,2,17
"897","2020-03-15",3,11,27,47,5183,0.8840439899672,8385,31233,302,307,17,50,10,57,7,10
"898","2020-03-16",5,11,25,57,5183,0.8840439899672,8385,31233,302,307,17,67,10,67,5,10
"899","2020-03-17",6,11,35,77,5183,0.8840439899672,8385,31233,302,307,11,78,15,82,3,15
"900","2020-03-18",8,11,55,93,5183,0.8840439899672,8385,31233,302,307,16,94,11,93,8,11
"901","2020-03-19",15,11,57,117,5183,0.8840439899672,8385,31233,302,307,13,107,14,107,5,14
"902","2020-03-20",17,11,44,129,5183,0.8840439899672,8385,31233,302,307,23,130,25,132,12,25
"903","2020-03-21",31,11,47,150,5183,0.8840439899672,8385,31233,302,307,16,146,27,159,10,27
"904","2020-03-22",32,11,52,177,5183,0.8840439899672,8385,31233,302,307,21,167,30,189,12,30
"905","2020-03-23",38,11,50,200,5183,0.8840439899672,8385,31233,302,307,25,192,30,219,17,30
"906","2020-03-24",45,11,44,243,5183,0.8840439899672,8385,31233,302,307,13,205,28,247,5,28
"907","2020-03-25",52,11,46,263,5183,0.8840439899672,8385,31233,302,307,22,227,34,281,13,34
"908","2020-03-26",52,11,38,291,5183,0.8840439899672,8385,31233,302,307,27,254,41,322,21,41
"909","2020-03-27",69,11,33,333,5183,0.8840439899672,8385,31233,302,307,29,283,43,365,16,43
"910","2020-03-28",75,11,36,381,5183,0.8840439899672,8385,31233,302,307,42,325,36,401,33,36
"911","2020-03-29",97,11,47,408,5183,0.8840439899672,8385,31233,302,307,43,368,37,438,30,37
"912","2020-03-30",95,11,43,448,5183,0.8840439899672,8385,31233,302,307,35,403,41,479,27,41
"913","2020-03-31",95,11,43,494,5183,0.8840439899672,8385,31233,302,307,37,440,31,510,28,31
"914","2020-04-01",102,11,45,537,5183,0.8840439899672,8385,31233,302,307,37,477,37,547,27,37
"915","2020-04-02",119,11,35,568,5183,0.8840439899672,8385,31233,302,307,42,519,41,588,35,41
"916","2020-04-03",147,11,41,611,5183,0.8840439899672,8385,31233,302,307,43,562,38,626,30,38
"917","2020-04-04",162,11,43,678,5183,0.8840439899672,8385,31233,302,307,28,590,23,649,23,23
"918","2020-04-05",194,11,41,724,5183,0.8840439899672,8385,31233,302,307,56,646,33,682,40,33
"919","2020-04-06",211,11,43,804,5183,0.8840439899672,8385,31233,302,307,60,706,19,701,44,19
"920","2020-04-07",211,11,39,871,5183,0.8840439899672,8385,31233,302,307,50,756,31,732,39,31
"921","2020-04-08",229,11,33,907,5183,0.8840439899672,8385,31233,302,307,56,812,39,771,41,39
"922","2020-04-09",239,11,27,999,5183,0.8840439899672,8385,31233,302,307,44,856,29,800,32,29
"923","2020-04-10",311,11,24,1029,5183,0.8840439899672,8385,31233,302,307,62,918,35,835,51,35
"924","2020-04-11",366,11,28,1062,5183,0.8840439899672,8385,31233,302,307,78,996,46,881,63,46
"925","2020-04-12",349,11,30,1123,5183,0.8840439899672,8385,31233,302,307,59,1055,36,917,48,36
"926","2020-04-13",329,11,38,1150,5183,0.8840439899672,8385,31233,302,307,44,1099,31,948,36,31
"927","2020-04-14",351,11,37,1184,5183,0.8840439899672,8385,31233,302,307,68,1167,28,976,55,28
"928","2020-04-15",349,11,26,1204,5183,0.8840439899672,8385,31233,302,307,60,1227,24,1000,52,24
"929","2020-04-16",365,11,28,1208,5183,0.8840439899672,8385,31233,302,307,61,1288,27,1027,47,27
"930","2020-04-17",423,11,36,1242,5183,0.8840439899672,8385,31233,302,307,51,1339,24,1051,38,24
"931","2020-04-18",426,11,54,1229,5183,0.8840439899672,8385,31233,302,307,47,1386,24,1075,35,24
"932","2020-04-19",394,11,58,1242,5183,0.8840439899672,8385,31233,302,307,65,1451,23,1098,57,23
"933","2020-04-20",403,11,66,1241,5183,0.8840439899672,8385,31233,302,307,68,1519,25,1123,56,25
"934","2020-04-21",399,11,69,1262,5183,0.8840439899672,8385,31233,302,307,57,1576,23,1146,48,23
"935","2020-04-22",414,11,66,1267,5183,0.8840439899672,8385,31233,302,307,63,1639,28,1174,52,28
"936","2020-04-23",407,11,68,1255,5183,0.8840439899672,8385,31233,302,307,58,1697,25,1199,39,25
"937","2020-04-24",435,11,66,1251,5183,0.8840439899672,8385,31233,302,307,63,1760,29,1228,48,29
"938","2020-04-25",416,11,54,1280,5183,0.8840439899672,8385,31233,302,307,62,1822,35,1263,48,35
"939","2020-04-26",400,11,56,1273,5183,0.8840439899672,8385,31233,302,307,66,1888,37,1300,50,37
"940","2020-04-27",402,11,62,1266,5183,0.8840439899672,8385,31233,302,307,49,1937,36,1336,37,36
"941","2020-04-28",392,11,52,1262,5183,0.8840439899672,8385,31233,302,307,56,1993,28,1364,46,28
"942","2020-04-29",402,11,57,1253,5183,0.8840439899672,8385,31233,302,307,65,2058,30,1394,50,30
"943","2020-04-30",412,11,58,1223,5183,0.8840439899672,8385,31233,302,307,56,2114,24,1418,41,24
"944","2020-05-01",408,11,67,1199,5183,0.8840439899672,8385,31233,302,307,76,2190,32,1450,61,32
"945","2020-05-02",452,11,71,1159,5183,0.8840439899672,8385,31233,302,307,49,2239,41,1491,34,41
"946","2020-05-03",417,11,72,1124,5183,0.8840439899672,8385,31233,302,307,55,2294,42,1533,41,42
"947","2020-05-04",396,11,72,1066,5183,0.8840439899672,8385,31233,302,307,51,2345,34,1567,40,34
"948","2020-05-05",387,11,57,1012,5183,0.8840439899672,8385,31233,302,307,57,2402,25,1592,47,25
"949","2020-05-06",371,11,57,974,5183,0.8840439899672,8385,31233,302,307,49,2451,42,1634,39,42
"950","2020-05-07",349,11,58,916,5183,0.8840439899672,8385,31233,302,307,35,2486,34,1668,26,34
"951","2020-05-08",357,11,55,883,5183,0.8840439899672,8385,31233,302,307,39,2525,38,1706,30,38
"952","2020-05-09",307,11,73,825,5183,0.8840439899672,8385,31233,302,307,54,2579,28,1734,40,28
"953","2020-05-10",288,11,60,767,5183,0.8840439899672,8385,31233,302,307,44,2623,39,1773,35,39
"954","2020-05-11",278,11,53,703,5183,0.8840439899672,8385,31233,302,307,39,2662,32,1805,31,32
"955","2020-05-12",263,11,52,665,5183,0.8840439899672,8385,31233,302,307,58,2720,25,1830,45,25
"956","2020-05-13",242,11,51,634,5183,0.8840439899672,8385,31233,302,307,52,2772,32,1862,37,32
"957","2020-05-14",229,11,64,577,5183,0.8840439899672,8385,31233,302,307,52,2824,29,1891,44,29
"958","2020-05-15",206,11,66,533,5183,0.8840439899672,8385,31233,302,307,49,2873,36,1927,33,36
"959","2020-05-16",211,11,63,485,5183,0.8840439899672,8385,31233,302,307,48,2921,42,1969,44,42
"960","2020-05-17",189,11,59,450,5183,0.8840439899672,8385,31233,302,307,44,2965,33,2002,34,33
"961","2020-05-18",170,11,48,411,5183,0.8840439899672,8385,31233,302,307,45,3010,42,2044,37,42
"962","2020-05-19",165,11,54,390,5183,0.8840439899672,8385,31233,302,307,32,3042,38,2082,27,38
"963","2020-05-20",165,11,51,352,5183,0.8840439899672,8385,31233,302,307,29,3071,23,2105,24,23
"964","2020-05-21",159,11,56,312,5183,0.8840439899672,8385,31233,302,307,37,3108,27,2132,32,27
"965","2020-05-22",142,11,65,295,5183,0.8840439899672,8385,31233,302,307,48,3156,24,2156,41,24
"966","2020-05-23",135,11,64,269,5183,0.8840439899672,8385,31233,302,307,28,3184,40,2196,25,40
"967","2020-05-24",112,11,73,254,5183,0.8840439899672,8385,31233,302,307,37,3221,32,2228,29,32
"968","2020-05-25",114,11,65,233,5183,0.8840439899672,8385,31233,302,307,32,3253,20,2248,21,20
"969","2020-05-26",103,11,70,217,5183,0.8840439899672,8385,31233,302,307,23,3276,33,2281,21,33
"970","2020-05-27",92,11,70,202,5183,0.8840439899672,8385,31233,302,307,35,3311,26,2307,32,26
"971","2020-05-28",92,11,60,190,5183,0.8840439899672,8385,31233,302,307,31,3342,44,2351,25,44
"972","2020-05-29",77,11,49,174,5183,0.8840439899672,8385,31233,302,307,28,3370,35,2386,24,35
"973","2020-05-30",70,11,46,161,5183,0.8840439899672,8385,31233,302,307,26,3396,28,2414,21,28
"974","2020-05-31",63,11,40,157,5183,0.8840439899672,8385,31233,302,307,31,3427,32,2446,28,32
"975","2020-06-01",49,11,30,149,5183,0.8840439899672,8385,31233,302,307,22,3449,28,2474,19,28
"976","2020-06-02",46,11,40,139,5183,0.8840439899672,8385,31233,302,307,19,3468,37,2511,17,37
"977","2020-06-03",46,11,36,128,5183,0.8840439899672,8385,31233,302,307,19,3487,32,2543,15,32
"978","2020-06-04",37,11,38,114,5183,0.8840439899672,8385,31233,302,307,22,3509,30,2573,19,30
"979","2020-06-05",38,11,32,105,5183,0.8840439899672,8385,31233,302,307,15,3524,29,2602,13,29
"980","2020-06-06",36,11,36,98,5183,0.8840439899672,8385,31233,302,307,13,3537,31,2633,11,31
"981","2020-06-07",35,11,36,95,5183,0.8840439899672,8385,31233,302,307,27,3564,38,2671,24,38
"982","2020-03-13",2,12,11,36,2546,0.652788688138256,8250,21339,134,220,6,13,13,22,3,13
"983","2020-03-14",5,12,12,49,2546,0.652788688138256,8250,21339,134,220,5,18,5,27,1,5
"984","2020-03-15",4,12,15,65,2546,0.652788688138256,8250,21339,134,220,7,25,2,29,3,2
"985","2020-03-16",3,12,15,82,2546,0.652788688138256,8250,21339,134,220,12,37,4,33,2,4
"986","2020-03-17",5,12,16,91,2546,0.652788688138256,8250,21339,134,220,13,50,3,36,6,3
"987","2020-03-18",9,12,16,109,2546,0.652788688138256,8250,21339,134,220,10,60,4,40,7,4
"988","2020-03-19",16,12,25,120,2546,0.652788688138256,8250,21339,134,220,11,71,8,48,8,8
"989","2020-03-20",29,12,26,132,2546,0.652788688138256,8250,21339,134,220,16,87,18,66,11,18
"990","2020-03-21",36,12,23,146,2546,0.652788688138256,8250,21339,134,220,19,106,6,72,14,6
"991","2020-03-22",41,12,26,161,2546,0.652788688138256,8250,21339,134,220,14,120,3,75,8,3
"992","2020-03-23",45,12,23,179,2546,0.652788688138256,8250,21339,134,220,18,138,3,78,16,3
"993","2020-03-24",47,12,28,188,2546,0.652788688138256,8250,21339,134,220,21,159,2,80,15,2
"994","2020-03-25",49,12,20,202,2546,0.652788688138256,8250,21339,134,220,15,174,9,89,11,9
"995","2020-03-26",52,12,23,209,2546,0.652788688138256,8250,21339,134,220,24,198,14,103,20,14
"996","2020-03-27",53,12,21,228,2546,0.652788688138256,8250,21339,134,220,18,216,8,111,11,8
"997","2020-03-28",61,12,26,237,2546,0.652788688138256,8250,21339,134,220,18,234,9,120,15,9
"998","2020-03-29",68,12,32,245,2546,0.652788688138256,8250,21339,134,220,32,266,11,131,21,11
"999","2020-03-30",71,12,38,254,2546,0.652788688138256,8250,21339,134,220,38,304,12,143,37,12
"1000","2020-03-31",75,12,38,277,2546,0.652788688138256,8250,21339,134,220,24,328,17,160,17,17
"1001","2020-04-01",79,12,37,283,2546,0.652788688138256,8250,21339,134,220,27,355,8,168,23,8
"1002","2020-04-02",74,12,38,303,2546,0.652788688138256,8250,21339,134,220,29,384,12,180,21,12
"1003","2020-04-03",88,12,43,299,2546,0.652788688138256,8250,21339,134,220,30,414,5,185,21,5
"1004","2020-04-04",97,12,47,312,2546,0.652788688138256,8250,21339,134,220,30,444,2,187,24,2
"1005","2020-04-05",90,12,44,326,2546,0.652788688138256,8250,21339,134,220,28,472,14,201,25,14
"1006","2020-04-06",89,12,48,332,2546,0.652788688138256,8250,21339,134,220,32,504,15,216,27,15
"1007","2020-04-07",94,12,51,340,2546,0.652788688138256,8250,21339,134,220,38,542,8,224,30,8
"1008","2020-04-08",100,12,49,347,2546,0.652788688138256,8250,21339,134,220,35,577,6,230,26,6
"1009","2020-04-09",104,12,57,349,2546,0.652788688138256,8250,21339,134,220,34,611,4,234,23,4
"1010","2020-04-10",106,12,66,362,2546,0.652788688138256,8250,21339,134,220,38,649,10,244,34,10
"1011","2020-04-11",104,12,70,375,2546,0.652788688138256,8250,21339,134,220,36,685,8,252,32,8
"1012","2020-04-12",117,12,62,381,2546,0.652788688138256,8250,21339,134,220,37,722,3,255,29,3
"1013","2020-04-13",118,12,69,394,2546,0.652788688138256,8250,21339,134,220,36,758,17,272,31,17
"1014","2020-04-14",108,12,69,401,2546,0.652788688138256,8250,21339,134,220,44,802,17,289,42,17
"1015","2020-04-15",112,12,67,409,2546,0.652788688138256,8250,21339,134,220,52,854,16,305,44,16
"1016","2020-04-16",121,12,73,422,2546,0.652788688138256,8250,21339,134,220,45,899,14,319,37,14
"1017","2020-04-17",136,12,78,422,2546,0.652788688138256,8250,21339,134,220,39,938,7,326,36,7
"1018","2020-04-18",133,12,77,425,2546,0.652788688138256,8250,21339,134,220,43,981,1,327,40,1
"1019","2020-04-19",144,12,69,430,2546,0.652788688138256,8250,21339,134,220,44,1025,2,329,41,2
"1020","2020-04-20",144,12,67,424,2546,0.652788688138256,8250,21339,134,220,39,1064,3,332,35,3
"1021","2020-04-21",146,12,59,444,2546,0.652788688138256,8250,21339,134,220,33,1097,12,344,29,12
"1022","2020-04-22",138,12,78,438,2546,0.652788688138256,8250,21339,134,220,38,1135,3,347,34,3
"1023","2020-04-23",135,12,79,466,2546,0.652788688138256,8250,21339,134,220,42,1177,1,348,39,1
"1024","2020-04-24",150,12,78,477,2546,0.652788688138256,8250,21339,134,220,33,1210,15,363,29,15
"1025","2020-04-25",157,12,88,479,2546,0.652788688138256,8250,21339,134,220,41,1251,6,369,36,6
"1026","2020-04-26",148,12,87,481,2546,0.652788688138256,8250,21339,134,220,39,1290,6,375,35,6
"1027","2020-04-27",149,12,76,477,2546,0.652788688138256,8250,21339,134,220,40,1330,4,379,36,4
"1028","2020-04-28",140,12,88,461,2546,0.652788688138256,8250,21339,134,220,37,1367,10,389,34,10
"1029","2020-04-29",142,12,96,463,2546,0.652788688138256,8250,21339,134,220,41,1408,6,395,33,6
"1030","2020-04-30",149,12,87,472,2546,0.652788688138256,8250,21339,134,220,32,1440,5,400,28,5
"1031","2020-05-01",146,12,94,483,2546,0.652788688138256,8250,21339,134,220,35,1475,16,416,26,16
"1032","2020-05-02",165,12,83,482,2546,0.652788688138256,8250,21339,134,220,40,1515,11,427,34,11
"1033","2020-05-03",164,12,84,479,2546,0.652788688138256,8250,21339,134,220,41,1556,13,440,36,13
"1034","2020-05-04",163,12,86,476,2546,0.652788688138256,8250,21339,134,220,38,1594,13,453,33,13
"1035","2020-05-05",165,12,84,457,2546,0.652788688138256,8250,21339,134,220,35,1629,6,459,30,6
"1036","2020-05-06",173,12,89,441,2546,0.652788688138256,8250,21339,134,220,30,1659,2,461,30,2
"1037","2020-05-07",166,12,87,434,2546,0.652788688138256,8250,21339,134,220,30,1689,6,467,25,6
"1038","2020-05-08",172,12,83,407,2546,0.652788688138256,8250,21339,134,220,35,1724,6,473,31,6
"1039","2020-05-09",160,12,82,394,2546,0.652788688138256,8250,21339,134,220,39,1763,7,480,36,7
"1040","2020-05-10",144,12,87,364,2546,0.652788688138256,8250,21339,134,220,29,1792,6,486,26,6
"1041","2020-05-11",142,12,84,365,2546,0.652788688138256,8250,21339,134,220,31,1823,10,496,26,10
"1042","2020-05-12",135,12,85,352,2546,0.652788688138256,8250,21339,134,220,32,1855,8,504,29,8
"1043","2020-05-13",125,12,86,338,2546,0.652788688138256,8250,21339,134,220,24,1879,14,518,20,14
"1044","2020-05-14",127,12,84,329,2546,0.652788688138256,8250,21339,134,220,39,1918,12,530,34,12
"1045","2020-05-15",115,12,73,326,2546,0.652788688138256,8250,21339,134,220,28,1946,14,544,24,14
"1046","2020-05-16",114,12,63,314,2546,0.652788688138256,8250,21339,134,220,26,1972,24,568,23,24
"1047","2020-05-17",112,12,64,302,2546,0.652788688138256,8250,21339,134,220,32,2004,9,577,30,9
"1048","2020-05-18",105,12,57,284,2546,0.652788688138256,8250,21339,134,220,37,2041,7,584,33,7
"1049","2020-05-19",99,12,50,282,2546,0.652788688138256,8250,21339,134,220,32,2073,5,589,30,5
"1050","2020-05-20",92,12,47,275,2546,0.652788688138256,8250,21339,134,220,26,2099,7,596,24,7
"1051","2020-05-21",86,12,50,253,2546,0.652788688138256,8250,21339,134,220,33,2132,4,600,28,4
"1052","2020-05-22",85,12,51,241,2546,0.652788688138256,8250,21339,134,220,19,2151,13,613,15,13
"1053","2020-05-23",82,12,51,228,2546,0.652788688138256,8250,21339,134,220,33,2184,10,623,28,10
"1054","2020-05-24",76,12,50,231,2546,0.652788688138256,8250,21339,134,220,18,2202,17,640,15,17
"1055","2020-05-25",73,12,54,221,2546,0.652788688138256,8250,21339,134,220,30,2232,12,652,26,12
"1056","2020-05-26",66,12,66,217,2546,0.652788688138256,8250,21339,134,220,23,2255,15,667,17,15
"1057","2020-05-27",68,12,68,215,2546,0.652788688138256,8250,21339,134,220,28,2283,10,677,24,10
"1058","2020-05-28",71,12,69,205,2546,0.652788688138256,8250,21339,134,220,28,2311,10,687,23,10
"1059","2020-05-29",75,12,73,203,2546,0.652788688138256,8250,21339,134,220,15,2326,5,692,12,5
"1060","2020-05-30",82,12,73,192,2546,0.652788688138256,8250,21339,134,220,24,2350,17,709,21,17
"1061","2020-05-31",76,12,67,186,2546,0.652788688138256,8250,21339,134,220,22,2372,10,719,20,10
"1062","2020-06-01",68,12,62,183,2546,0.652788688138256,8250,21339,134,220,25,2397,6,725,21,6
"1063","2020-06-02",72,12,56,182,2546,0.652788688138256,8250,21339,134,220,19,2416,6,731,13,6
"1064","2020-06-03",68,12,53,181,2546,0.652788688138256,8250,21339,134,220,22,2438,11,742,19,11
"1065","2020-06-04",62,12,52,176,2546,0.652788688138256,8250,21339,134,220,24,2462,6,748,22,6
"1066","2020-06-05",63,12,50,171,2546,0.652788688138256,8250,21339,134,220,20,2482,8,756,15,8
"1067","2020-06-06",58,12,48,169,2546,0.652788688138256,8250,21339,134,220,23,2505,2,758,20,2
"1068","2020-06-07",57,12,46,177,2546,0.652788688138256,8250,21339,134,220,19,2524,5,763,19,5
"1069","2020-03-08",1,13,0,0,5048,0.953446909667195,8295,30801,262,255,NA,NA,NA,NA,NA,NA
"1070","2020-03-09",1,13,0,0,5048,0.953446909667195,8295,30801,262,255,NA,NA,NA,NA,NA,NA
"1071","2020-03-10",0,13,0,0,5048,0.953446909667195,8295,30801,262,255,NA,NA,NA,NA,NA,NA
"1072","2020-03-11",0,13,0,0,5048,0.953446909667195,8295,30801,262,255,5,5,2,2,NA,2
"1073","2020-03-12",0,13,0,0,5048,0.953446909667195,8295,30801,262,255,5,10,5,7,NA,5
"1074","2020-03-13",1,13,10,5,5048,0.953446909667195,8295,30801,262,255,8,18,6,13,1,6
"1075","2020-03-14",2,13,12,10,5048,0.953446909667195,8295,30801,262,255,5,23,6,19,2,6
"1076","2020-03-15",1,13,15,14,5048,0.953446909667195,8295,30801,262,255,9,32,7,26,3,7
"1077","2020-03-16",1,13,13,21,5048,0.953446909667195,8295,30801,262,255,13,45,4,30,4,4
"1078","2020-03-17",1,13,15,25,5048,0.953446909667195,8295,30801,262,255,11,56,1,31,7,1
"1079","2020-03-18",2,13,14,34,5048,0.953446909667195,8295,30801,262,255,11,67,1,32,8,1
"1080","2020-03-19",2,13,12,41,5048,0.953446909667195,8295,30801,262,255,13,80,4,36,9,4
"1081","2020-03-20",4,13,13,50,5048,0.953446909667195,8295,30801,262,255,11,91,2,38,7,2
"1082","2020-03-21",8,13,13,61,5048,0.953446909667195,8295,30801,262,255,9,100,5,43,7,5
"1083","2020-03-22",15,13,15,70,5048,0.953446909667195,8295,30801,262,255,21,121,6,49,18,6
"1084","2020-03-23",17,13,16,76,5048,0.953446909667195,8295,30801,262,255,21,142,6,55,17,6
"1085","2020-03-24",19,13,21,92,5048,0.953446909667195,8295,30801,262,255,31,173,5,60,21,5
"1086","2020-03-25",21,13,22,102,5048,0.953446909667195,8295,30801,262,255,36,209,3,63,23,3
"1087","2020-03-26",24,13,29,119,5048,0.953446909667195,8295,30801,262,255,32,241,3,66,24,3
"1088","2020-03-27",26,13,30,133,5048,0.953446909667195,8295,30801,262,255,22,263,5,71,19,5
"1089","2020-03-28",30,13,31,154,5048,0.953446909667195,8295,30801,262,255,25,288,3,74,24,3
"1090","2020-03-29",37,13,30,177,5048,0.953446909667195,8295,30801,262,255,41,329,7,81,30,7
"1091","2020-03-30",33,13,31,194,5048,0.953446909667195,8295,30801,262,255,26,355,6,87,19,6
"1092","2020-03-31",34,13,39,219,5048,0.953446909667195,8295,30801,262,255,41,396,3,90,33,3
"1093","2020-04-01",40,13,49,241,5048,0.953446909667195,8295,30801,262,255,40,436,14,104,32,14
"1094","2020-04-02",44,13,52,273,5048,0.953446909667195,8295,30801,262,255,41,477,6,110,34,6
"1095","2020-04-03",62,13,59,279,5048,0.953446909667195,8295,30801,262,255,54,531,6,116,50,6
"1096","2020-04-04",74,13,61,322,5048,0.953446909667195,8295,30801,262,255,46,577,13,129,37,13
"1097","2020-04-05",77,13,57,337,5048,0.953446909667195,8295,30801,262,255,61,638,5,134,52,5
"1098","2020-04-06",90,13,58,375,5048,0.953446909667195,8295,30801,262,255,60,698,8,142,52,8
"1099","2020-04-07",97,13,63,416,5048,0.953446909667195,8295,30801,262,255,56,754,18,160,49,18
"1100","2020-04-08",102,13,62,460,5048,0.953446909667195,8295,30801,262,255,62,816,18,178,54,18
"1101","2020-04-09",115,13,59,492,5048,0.953446909667195,8295,30801,262,255,70,886,8,186,59,8
"1102","2020-04-10",132,13,68,545,5048,0.953446909667195,8295,30801,262,255,75,961,9,195,66,9
"1103","2020-04-11",139,13,74,568,5048,0.953446909667195,8295,30801,262,255,46,1007,13,208,41,13
"1104","2020-04-12",165,13,75,587,5048,0.953446909667195,8295,30801,262,255,72,1079,9,217,64,9
"1105","2020-04-13",167,13,68,622,5048,0.953446909667195,8295,30801,262,255,70,1149,8,225,63,8
"1106","2020-04-14",159,13,65,664,5048,0.953446909667195,8295,30801,262,255,73,1222,12,237,65,12
"1107","2020-04-15",168,13,73,706,5048,0.953446909667195,8295,30801,262,255,79,1301,11,248,67,11
"1108","2020-04-16",170,13,74,746,5048,0.953446909667195,8295,30801,262,255,73,1374,18,266,65,18
"1109","2020-04-17",200,13,76,783,5048,0.953446909667195,8295,30801,262,255,62,1436,17,283,54,17
"1110","2020-04-18",263,13,72,827,5048,0.953446909667195,8295,30801,262,255,75,1511,5,288,68,5
"1111","2020-04-19",241,13,69,896,5048,0.953446909667195,8295,30801,262,255,55,1566,15,303,47,15
"1112","2020-04-20",237,13,67,923,5048,0.953446909667195,8295,30801,262,255,86,1652,13,316,78,13
"1113","2020-04-21",259,13,68,985,5048,0.953446909667195,8295,30801,262,255,62,1714,8,324,55,8
"1114","2020-04-22",266,13,63,1014,5048,0.953446909667195,8295,30801,262,255,61,1775,8,332,55,8
"1115","2020-04-23",280,13,70,1040,5048,0.953446909667195,8295,30801,262,255,43,1818,6,338,34,6
"1116","2020-04-24",343,13,76,1070,5048,0.953446909667195,8295,30801,262,255,51,1869,10,348,44,10
"1117","2020-04-25",309,13,70,1119,5048,0.953446909667195,8295,30801,262,255,47,1916,3,351,37,3
"1118","2020-04-26",350,13,72,1160,5048,0.953446909667195,8295,30801,262,255,74,1990,16,367,64,16
"1119","2020-04-27",367,13,74,1159,5048,0.953446909667195,8295,30801,262,255,56,2046,9,376,50,9
"1120","2020-04-28",366,13,71,1227,5048,0.953446909667195,8295,30801,262,255,54,2100,10,386,49,10
"1121","2020-04-29",377,13,73,1272,5048,0.953446909667195,8295,30801,262,255,51,2151,16,402,46,16
"1122","2020-04-30",391,13,84,1299,5048,0.953446909667195,8295,30801,262,255,64,2215,17,419,55,17
"1123","2020-05-01",440,13,92,1302,5048,0.953446909667195,8295,30801,262,255,46,2261,12,431,37,12
"1124","2020-05-02",464,13,98,1311,5048,0.953446909667195,8295,30801,262,255,43,2304,11,442,35,11
"1125","2020-05-03",447,13,115,1299,5048,0.953446909667195,8295,30801,262,255,66,2370,13,455,57,13
"1126","2020-05-04",438,13,121,1297,5048,0.953446909667195,8295,30801,262,255,44,2414,8,463,35,8
"1127","2020-05-05",441,13,126,1275,5048,0.953446909667195,8295,30801,262,255,46,2460,7,470,41,7
"1128","2020-05-06",445,13,119,1262,5048,0.953446909667195,8295,30801,262,255,47,2507,18,488,42,18
"1129","2020-05-07",436,13,126,1246,5048,0.953446909667195,8295,30801,262,255,47,2554,19,507,36,19
"1130","2020-05-08",483,13,124,1215,5048,0.953446909667195,8295,30801,262,255,51,2605,19,526,44,19
"1131","2020-05-09",477,13,125,1191,5048,0.953446909667195,8295,30801,262,255,46,2651,11,537,36,11
"1132","2020-05-10",419,13,133,1172,5048,0.953446909667195,8295,30801,262,255,46,2697,7,544,41,7
"1133","2020-05-11",411,13,146,1125,5048,0.953446909667195,8295,30801,262,255,41,2738,9,553,36,9
"1134","2020-05-12",394,13,139,1066,5048,0.953446909667195,8295,30801,262,255,42,2780,14,567,37,14
"1135","2020-05-13",388,13,139,1029,5048,0.953446909667195,8295,30801,262,255,41,2821,7,574,32,7
"1136","2020-05-14",373,13,145,988,5048,0.953446909667195,8295,30801,262,255,35,2856,9,583,29,9
"1137","2020-05-15",346,13,148,968,5048,0.953446909667195,8295,30801,262,255,47,2903,8,591,46,8
"1138","2020-05-16",337,13,139,918,5048,0.953446909667195,8295,30801,262,255,48,2951,9,600,40,9
"1139","2020-05-17",315,13,133,894,5048,0.953446909667195,8295,30801,262,255,41,2992,11,611,33,11
"1140","2020-05-18",302,13,124,847,5048,0.953446909667195,8295,30801,262,255,39,3031,4,615,33,4
"1141","2020-05-19",297,13,114,794,5048,0.953446909667195,8295,30801,262,255,35,3066,10,625,31,10
"1142","2020-05-20",278,13,115,737,5048,0.953446909667195,8295,30801,262,255,34,3100,4,629,30,4
"1143","2020-05-21",290,13,119,684,5048,0.953446909667195,8295,30801,262,255,24,3124,5,634,22,5
"1144","2020-05-22",258,13,115,642,5048,0.953446909667195,8295,30801,262,255,26,3150,4,638,23,4
"1145","2020-05-23",242,13,122,595,5048,0.953446909667195,8295,30801,262,255,23,3173,3,641,22,3
"1146","2020-05-24",208,13,118,559,5048,0.953446909667195,8295,30801,262,255,26,3199,3,644,23,3
"1147","2020-05-25",198,13,125,531,5048,0.953446909667195,8295,30801,262,255,25,3224,2,646,19,2
"1148","2020-05-26",188,13,120,473,5048,0.953446909667195,8295,30801,262,255,40,3264,4,650,33,4
"1149","2020-05-27",189,13,120,452,5048,0.953446909667195,8295,30801,262,255,23,3287,7,657,20,7
"1150","2020-05-28",169,13,114,422,5048,0.953446909667195,8295,30801,262,255,24,3311,3,660,22,3
"1151","2020-05-29",154,13,106,399,5048,0.953446909667195,8295,30801,262,255,23,3334,2,662,22,2
"1152","2020-05-30",159,13,114,373,5048,0.953446909667195,8295,30801,262,255,18,3352,8,670,15,8
"1153","2020-05-31",150,13,122,360,5048,0.953446909667195,8295,30801,262,255,31,3383,5,675,25,5
"1154","2020-06-01",143,13,123,339,5048,0.953446909667195,8295,30801,262,255,22,3405,6,681,19,6
"1155","2020-06-02",126,13,127,312,5048,0.953446909667195,8295,30801,262,255,25,3430,4,685,22,4
"1156","2020-06-03",115,13,114,289,5048,0.953446909667195,8295,30801,262,255,17,3447,8,693,14,8
"1157","2020-06-04",115,13,114,270,5048,0.953446909667195,8295,30801,262,255,17,3464,8,701,13,8
"1158","2020-06-05",113,13,111,252,5048,0.953446909667195,8295,30801,262,255,13,3477,10,711,10,10
"1159","2020-06-06",108,13,116,229,5048,0.953446909667195,8295,30801,262,255,15,3492,2,713,10,2
"1160","2020-06-07",99,13,119,216,5048,0.953446909667195,8295,30801,262,255,16,3508,3,716,13,3
"1161","2020-03-13",2,14,13,10,4820,0.944398340248963,8325,30648,307,386,4,24,5,17,3,5
"1162","2020-03-14",2,14,21,14,4820,0.944398340248963,8325,30648,307,386,12,36,7,24,8,7
"1163","2020-03-15",0,14,0,0,4820,0.944398340248963,8325,30648,307,386,14,50,5,29,7,5
"1164","2020-03-16",0,14,0,0,4820,0.944398340248963,8325,30648,307,386,14,64,10,39,5,10
"1165","2020-03-17",3,14,35,46,4820,0.944398340248963,8325,30648,307,386,13,77,6,45,9,6
"1166","2020-03-18",6,14,36,60,4820,0.944398340248963,8325,30648,307,386,11,88,4,49,9,4
"1167","2020-03-19",9,14,30,72,4820,0.944398340248963,8325,30648,307,386,15,103,12,61,10,12
"1168","2020-03-20",14,14,34,86,4820,0.944398340248963,8325,30648,307,386,13,116,2,63,10,2
"1169","2020-03-21",22,14,38,105,4820,0.944398340248963,8325,30648,307,386,16,132,5,68,13,5
"1170","2020-03-22",30,14,37,122,4820,0.944398340248963,8325,30648,307,386,26,158,5,73,23,5
"1171","2020-03-23",34,14,40,135,4820,0.944398340248963,8325,30648,307,386,23,181,5,78,17,5
"1172","2020-03-24",30,14,39,150,4820,0.944398340248963,8325,30648,307,386,27,208,2,80,22,2
"1173","2020-03-25",32,14,32,177,4820,0.944398340248963,8325,30648,307,386,23,231,3,83,19,3
"1174","2020-03-26",33,14,34,210,4820,0.944398340248963,8325,30648,307,386,24,255,3,86,21,3
"1175","2020-03-27",39,14,42,215,4820,0.944398340248963,8325,30648,307,386,36,291,6,92,28,6
"1176","2020-03-28",43,14,40,242,4820,0.944398340248963,8325,30648,307,386,19,310,2,94,14,2
"1177","2020-03-29",62,14,37,274,4820,0.944398340248963,8325,30648,307,386,31,341,6,100,28,6
"1178","2020-03-30",71,14,36,296,4820,0.944398340248963,8325,30648,307,386,23,364,1,101,20,1
"1179","2020-03-31",69,14,42,327,4820,0.944398340248963,8325,30648,307,386,24,388,4,105,17,4
"1180","2020-04-01",68,14,44,344,4820,0.944398340248963,8325,30648,307,386,32,420,1,106,29,1
"1181","2020-04-02",79,14,47,372,4820,0.944398340248963,8325,30648,307,386,30,450,2,108,24,2
"1182","2020-04-03",118,14,51,423,4820,0.944398340248963,8325,30648,307,386,35,485,3,111,33,3
"1183","2020-04-04",125,14,53,482,4820,0.944398340248963,8325,30648,307,386,26,511,2,113,23,2
"1184","2020-04-05",146,14,65,518,4820,0.944398340248963,8325,30648,307,386,41,552,3,116,34,3
"1185","2020-04-06",141,14,67,549,4820,0.944398340248963,8325,30648,307,386,42,594,7,123,35,7
"1186","2020-04-07",139,14,71,607,4820,0.944398340248963,8325,30648,307,386,41,635,4,127,38,4
"1187","2020-04-08",160,14,73,635,4820,0.944398340248963,8325,30648,307,386,35,670,10,137,31,10
"1188","2020-04-09",166,14,92,691,4820,0.944398340248963,8325,30648,307,386,31,701,5,142,24,5
"1189","2020-04-10",201,14,84,745,4820,0.944398340248963,8325,30648,307,386,35,736,9,151,30,9
"1190","2020-04-11",251,14,92,774,4820,0.944398340248963,8325,30648,307,386,46,782,14,165,38,14
"1191","2020-04-12",230,14,86,813,4820,0.944398340248963,8325,30648,307,386,39,821,14,179,33,14
"1192","2020-04-13",230,14,81,834,4820,0.944398340248963,8325,30648,307,386,32,853,11,190,26,11
"1193","2020-04-14",242,14,69,866,4820,0.944398340248963,8325,30648,307,386,44,897,22,212,33,22
"1194","2020-04-15",238,14,67,902,4820,0.944398340248963,8325,30648,307,386,47,944,18,230,42,18
"1195","2020-04-16",244,14,72,925,4820,0.944398340248963,8325,30648,307,386,51,995,13,243,48,13
"1196","2020-04-17",304,14,69,960,4820,0.944398340248963,8325,30648,307,386,36,1031,25,268,30,25
"1197","2020-04-18",312,14,75,972,4820,0.944398340248963,8325,30648,307,386,43,1074,21,289,41,21
"1198","2020-04-19",301,14,78,987,4820,0.944398340248963,8325,30648,307,386,49,1123,19,308,45,19
"1199","2020-04-20",300,14,85,999,4820,0.944398340248963,8325,30648,307,386,55,1178,9,317,49,9
"1200","2020-04-21",315,14,91,1016,4820,0.944398340248963,8325,30648,307,386,47,1225,7,324,39,7
"1201","2020-04-22",322,14,84,1006,4820,0.944398340248963,8325,30648,307,386,45,1270,7,331,40,7
"1202","2020-04-23",333,14,84,1005,4820,0.944398340248963,8325,30648,307,386,43,1313,18,349,39,18
"1203","2020-04-24",355,14,87,1029,4820,0.944398340248963,8325,30648,307,386,43,1356,14,363,36,14
"1204","2020-04-25",344,14,88,1026,4820,0.944398340248963,8325,30648,307,386,51,1407,11,374,37,11
"1205","2020-04-26",319,14,92,1045,4820,0.944398340248963,8325,30648,307,386,40,1447,13,387,31,13
"1206","2020-04-27",317,14,92,1050,4820,0.944398340248963,8325,30648,307,386,52,1499,21,408,47,21
"1207","2020-04-28",321,14,92,1043,4820,0.944398340248963,8325,30648,307,386,53,1552,27,435,45,27
"1208","2020-04-29",333,14,86,1055,4820,0.944398340248963,8325,30648,307,386,42,1594,27,462,38,27
"1209","2020-04-30",335,14,89,1057,4820,0.944398340248963,8325,30648,307,386,38,1632,17,479,28,17
"1210","2020-05-01",347,14,78,1045,4820,0.944398340248963,8325,30648,307,386,49,1681,10,489,39,10
"1211","2020-05-02",342,14,82,1043,4820,0.944398340248963,8325,30648,307,386,48,1729,14,503,44,14
"1212","2020-05-03",345,14,96,1011,4820,0.944398340248963,8325,30648,307,386,55,1784,9,512,44,9
"1213","2020-05-04",360,14,99,1018,4820,0.944398340248963,8325,30648,307,386,34,1818,8,520,27,8
"1214","2020-05-05",330,14,86,1020,4820,0.944398340248963,8325,30648,307,386,50,1868,16,536,45,16
"1215","2020-05-06",316,14,92,982,4820,0.944398340248963,8325,30648,307,386,45,1913,9,545,39,9
"1216","2020-05-07",319,14,92,930,4820,0.944398340248963,8325,30648,307,386,42,1955,26,571,38,26
"1217","2020-05-08",317,14,104,911,4820,0.944398340248963,8325,30648,307,386,37,1992,28,599,33,28
"1218","2020-05-09",320,14,109,900,4820,0.944398340248963,8325,30648,307,386,56,2048,30,629,48,30
"1219","2020-05-10",309,14,109,881,4820,0.944398340248963,8325,30648,307,386,45,2093,22,651,43,22
"1220","2020-05-11",291,14,112,857,4820,0.944398340248963,8325,30648,307,386,36,2129,25,676,30,25
"1221","2020-05-12",297,14,104,837,4820,0.944398340248963,8325,30648,307,386,47,2176,28,704,39,28
"1222","2020-05-13",309,14,109,786,4820,0.944398340248963,8325,30648,307,386,43,2219,13,717,33,13
"1223","2020-05-14",292,14,94,761,4820,0.944398340248963,8325,30648,307,386,48,2267,21,738,42,21
"1224","2020-05-15",291,14,93,732,4820,0.944398340248963,8325,30648,307,386,24,2291,12,750,20,12
"1225","2020-05-16",283,14,89,710,4820,0.944398340248963,8325,30648,307,386,45,2336,17,767,41,17
"1226","2020-05-17",270,14,98,686,4820,0.944398340248963,8325,30648,307,386,36,2372,13,780,33,13
"1227","2020-05-18",271,14,97,647,4820,0.944398340248963,8325,30648,307,386,35,2407,14,794,34,14
"1228","2020-05-19",254,14,88,616,4820,0.944398340248963,8325,30648,307,386,43,2450,13,807,40,13
"1229","2020-05-20",238,14,91,595,4820,0.944398340248963,8325,30648,307,386,32,2482,4,811,27,4
"1230","2020-05-21",234,14,96,559,4820,0.944398340248963,8325,30648,307,386,29,2511,8,819,28,8
"1231","2020-05-22",233,14,91,530,4820,0.944398340248963,8325,30648,307,386,29,2540,14,833,28,14
"1232","2020-05-23",216,14,91,499,4820,0.944398340248963,8325,30648,307,386,23,2563,15,848,20,15
"1233","2020-05-24",177,14,87,472,4820,0.944398340248963,8325,30648,307,386,25,2588,11,859,22,11
"1234","2020-05-25",165,14,88,444,4820,0.944398340248963,8325,30648,307,386,31,2619,6,865,25,6
"1235","2020-05-26",147,14,80,412,4820,0.944398340248963,8325,30648,307,386,28,2647,15,880,27,15
"1236","2020-05-27",145,14,80,391,4820,0.944398340248963,8325,30648,307,386,20,2667,8,888,18,8
"1237","2020-05-28",141,14,79,373,4820,0.944398340248963,8325,30648,307,386,30,2697,10,898,25,10
"1238","2020-05-29",125,14,73,345,4820,0.944398340248963,8325,30648,307,386,28,2725,8,906,22,8
"1239","2020-05-30",129,14,73,319,4820,0.944398340248963,8325,30648,307,386,31,2756,3,909,28,3
"1240","2020-05-31",119,14,79,296,4820,0.944398340248963,8325,30648,307,386,21,2777,12,921,17,12
"1241","2020-06-01",109,14,88,280,4820,0.944398340248963,8325,30648,307,386,24,2801,11,932,19,11
"1242","2020-06-02",110,14,94,269,4820,0.944398340248963,8325,30648,307,386,32,2833,5,937,30,5
"1243","2020-06-03",102,14,102,255,4820,0.944398340248963,8325,30648,307,386,23,2856,6,943,20,6
"1244","2020-06-04",89,14,89,231,4820,0.944398340248963,8325,30648,307,386,18,2874,9,952,17,9
"1245","2020-06-05",89,14,84,212,4820,0.944398340248963,8325,30648,307,386,15,2889,10,962,13,10
"1246","2020-06-06",79,14,80,207,4820,0.944398340248963,8325,30648,307,386,21,2910,17,979,20,17
"1247","2020-06-07",74,14,77,206,4820,0.944398340248963,8325,30648,307,386,14,2924,7,986,13,7
"1248","2020-03-07",1,15,0,0,2859,0.635187128366562,8370,22839,161,477,NA,NA,NA,NA,NA,NA
"1249","2020-03-08",1,15,0,0,2859,0.635187128366562,8370,22839,161,477,NA,NA,NA,NA,NA,NA
"1250","2020-03-09",0,15,0,0,2859,0.635187128366562,8370,22839,161,477,NA,NA,NA,NA,NA,NA
"1251","2020-03-10",0,15,0,0,2859,0.635187128366562,8370,22839,161,477,NA,NA,NA,NA,NA,NA
"1252","2020-03-11",0,15,0,0,2859,0.635187128366562,8370,22839,161,477,14,14,2,2,NA,2
"1253","2020-03-12",0,15,0,0,2859,0.635187128366562,8370,22839,161,477,8,22,7,9,NA,7
"1254","2020-03-13",1,15,28,42,2859,0.635187128366562,8370,22839,161,477,11,33,5,14,1,5
"1255","2020-03-14",6,15,33,60,2859,0.635187128366562,8370,22839,161,477,7,40,5,19,NA,5
"1256","2020-03-15",7,15,35,81,2859,0.635187128366562,8370,22839,161,477,20,60,8,27,4,8
"1257","2020-03-16",10,15,42,104,2859,0.635187128366562,8370,22839,161,477,10,70,2,29,3,2
"1258","2020-03-17",13,15,58,130,2859,0.635187128366562,8370,22839,161,477,17,87,2,31,5,2
"1259","2020-03-18",19,15,52,147,2859,0.635187128366562,8370,22839,161,477,19,106,4,35,4,4
"1260","2020-03-19",28,15,50,173,2859,0.635187128366562,8370,22839,161,477,14,120,2,37,4,2
"1261","2020-03-20",35,15,54,187,2859,0.635187128366562,8370,22839,161,477,27,147,7,44,18,7
"1262","2020-03-21",42,15,42,209,2859,0.635187128366562,8370,22839,161,477,22,169,6,50,9,6
"1263","2020-03-22",65,15,37,223,2859,0.635187128366562,8370,22839,161,477,21,190,3,53,9,3
"1264","2020-03-23",64,15,31,251,2859,0.635187128366562,8370,22839,161,477,20,210,4,57,13,4
"1265","2020-03-24",71,15,33,269,2859,0.635187128366562,8370,22839,161,477,28,238,3,60,14,3
"1266","2020-03-25",74,15,36,285,2859,0.635187128366562,8370,22839,161,477,25,263,9,69,13,9
"1267","2020-03-26",73,15,46,291,2859,0.635187128366562,8370,22839,161,477,25,288,8,77,16,8
"1268","2020-03-27",88,15,40,304,2859,0.635187128366562,8370,22839,161,477,27,315,5,82,12,5
"1269","2020-03-28",88,15,50,316,2859,0.635187128366562,8370,22839,161,477,35,350,11,93,26,11
"1270","2020-03-29",88,15,55,320,2859,0.635187128366562,8370,22839,161,477,31,381,7,100,22,7
"1271","2020-03-30",96,15,51,320,2859,0.635187128366562,8370,22839,161,477,25,406,5,105,14,5
"1272","2020-03-31",91,15,58,326,2859,0.635187128366562,8370,22839,161,477,16,422,9,114,5,9
"1273","2020-04-01",94,15,66,325,2859,0.635187128366562,8370,22839,161,477,39,461,4,118,19,4
"1274","2020-04-02",99,15,63,335,2859,0.635187128366562,8370,22839,161,477,30,491,4,122,20,4
"1275","2020-04-03",107,15,63,347,2859,0.635187128366562,8370,22839,161,477,23,514,10,132,13,10
"1276","2020-04-04",110,15,76,346,2859,0.635187128366562,8370,22839,161,477,44,558,12,144,28,12
"1277","2020-04-05",101,15,80,345,2859,0.635187128366562,8370,22839,161,477,26,584,11,155,13,11
"1278","2020-04-06",97,15,76,359,2859,0.635187128366562,8370,22839,161,477,35,619,6,161,18,6
"1279","2020-04-07",94,15,81,386,2859,0.635187128366562,8370,22839,161,477,28,647,7,168,14,7
"1280","2020-04-08",100,15,92,384,2859,0.635187128366562,8370,22839,161,477,23,670,2,170,14,2
"1281","2020-04-09",98,15,106,389,2859,0.635187128366562,8370,22839,161,477,47,717,5,175,34,5
"1282","2020-04-10",106,15,102,404,2859,0.635187128366562,8370,22839,161,477,26,743,5,180,11,5
"1283","2020-04-11",119,15,92,423,2859,0.635187128366562,8370,22839,161,477,27,770,8,188,13,8
"1284","2020-04-12",120,15,84,436,2859,0.635187128366562,8370,22839,161,477,27,797,10,198,16,10
"1285","2020-04-13",119,15,80,435,2859,0.635187128366562,8370,22839,161,477,22,819,15,213,13,15
"1286","2020-04-14",125,15,63,456,2859,0.635187128366562,8370,22839,161,477,33,852,8,221,27,8
"1287","2020-04-15",130,15,55,454,2859,0.635187128366562,8370,22839,161,477,35,887,5,226,18,5
"1288","2020-04-16",130,15,54,463,2859,0.635187128366562,8370,22839,161,477,36,923,7,233,20,7
"1289","2020-04-17",147,15,73,460,2859,0.635187128366562,8370,22839,161,477,33,956,6,239,17,6
"1290","2020-04-18",160,15,67,467,2859,0.635187128366562,8370,22839,161,477,51,1007,10,249,31,10
"1291","2020-04-19",174,15,66,450,2859,0.635187128366562,8370,22839,161,477,24,1031,10,259,15,10
"1292","2020-04-20",168,15,62,457,2859,0.635187128366562,8370,22839,161,477,38,1069,2,261,18,2
"1293","2020-04-21",159,15,56,449,2859,0.635187128366562,8370,22839,161,477,33,1102,7,268,20,7
"1294","2020-04-22",149,15,79,439,2859,0.635187128366562,8370,22839,161,477,50,1152,8,276,31,8
"1295","2020-04-23",150,15,92,440,2859,0.635187128366562,8370,22839,161,477,40,1192,4,280,21,4
"1296","2020-04-24",145,15,96,433,2859,0.635187128366562,8370,22839,161,477,47,1239,6,286,33,6
"1297","2020-04-25",138,15,110,428,2859,0.635187128366562,8370,22839,161,477,26,1265,5,291,14,5
"1298","2020-04-26",123,15,105,425,2859,0.635187128366562,8370,22839,161,477,34,1299,8,299,19,8
"1299","2020-04-27",125,15,135,423,2859,0.635187128366562,8370,22839,161,477,27,1326,5,304,15,5
"1300","2020-04-28",128,15,152,406,2859,0.635187128366562,8370,22839,161,477,37,1363,5,309,23,5
"1301","2020-04-29",128,15,150,425,2859,0.635187128366562,8370,22839,161,477,39,1402,7,316,23,7
"1302","2020-04-30",135,15,144,430,2859,0.635187128366562,8370,22839,161,477,30,1432,15,331,19,15
"1303","2020-05-01",145,15,128,432,2859,0.635187128366562,8370,22839,161,477,36,1468,4,335,24,4
"1304","2020-05-02",140,15,133,434,2859,0.635187128366562,8370,22839,161,477,30,1498,6,341,12,6
"1305","2020-05-03",150,15,117,427,2859,0.635187128366562,8370,22839,161,477,33,1531,8,349,14,8
"1306","2020-05-04",149,15,121,411,2859,0.635187128366562,8370,22839,161,477,28,1559,10,359,15,10
"1307","2020-05-05",141,15,150,411,2859,0.635187128366562,8370,22839,161,477,28,1587,9,368,15,9
"1308","2020-05-06",139,15,151,419,2859,0.635187128366562,8370,22839,161,477,36,1623,9,377,17,9
"1309","2020-05-07",133,15,171,416,2859,0.635187128366562,8370,22839,161,477,39,1662,12,389,23,12
"1310","2020-05-08",135,15,154,428,2859,0.635187128366562,8370,22839,161,477,26,1688,3,392,15,3
"1311","2020-05-09",135,15,142,425,2859,0.635187128366562,8370,22839,161,477,33,1721,11,403,19,11
"1312","2020-05-10",136,15,152,423,2859,0.635187128366562,8370,22839,161,477,38,1759,12,415,18,12
"1313","2020-05-11",133,15,141,399,2859,0.635187128366562,8370,22839,161,477,29,1788,7,422,16,7
"1314","2020-05-12",126,15,137,390,2859,0.635187128366562,8370,22839,161,477,25,1813,5,427,12,5
"1315","2020-05-13",138,15,129,392,2859,0.635187128366562,8370,22839,161,477,36,1849,2,429,20,2
"1316","2020-05-14",144,15,138,387,2859,0.635187128366562,8370,22839,161,477,25,1874,4,433,15,4
"1317","2020-05-15",148,15,127,384,2859,0.635187128366562,8370,22839,161,477,18,1892,6,439,11,6
"1318","2020-05-16",152,15,110,379,2859,0.635187128366562,8370,22839,161,477,25,1917,3,442,9,3
"1319","2020-05-17",127,15,101,372,2859,0.635187128366562,8370,22839,161,477,19,1936,5,447,11,5
"1320","2020-05-18",123,15,83,373,2859,0.635187128366562,8370,22839,161,477,22,1958,3,450,12,3
"1321","2020-05-19",124,15,85,371,2859,0.635187128366562,8370,22839,161,477,17,1975,9,459,13,9
"1322","2020-05-20",123,15,93,349,2859,0.635187128366562,8370,22839,161,477,24,1999,5,464,12,5
"1323","2020-05-21",119,15,79,333,2859,0.635187128366562,8370,22839,161,477,17,2016,8,472,9,8
"1324","2020-05-22",113,15,76,328,2859,0.635187128366562,8370,22839,161,477,15,2031,3,475,5,3
"1325","2020-05-23",107,15,71,313,2859,0.635187128366562,8370,22839,161,477,16,2047,7,482,9,7
"1326","2020-05-24",106,15,66,292,2859,0.635187128366562,8370,22839,161,477,11,2058,8,490,3,8
"1327","2020-05-25",103,15,60,283,2859,0.635187128366562,8370,22839,161,477,10,2068,2,492,6,2
"1328","2020-05-26",102,15,67,277,2859,0.635187128366562,8370,22839,161,477,18,2086,11,503,12,11
"1329","2020-05-27",87,15,65,262,2859,0.635187128366562,8370,22839,161,477,21,2107,10,513,8,10
"1330","2020-05-28",81,15,75,257,2859,0.635187128366562,8370,22839,161,477,15,2122,13,526,7,13
"1331","2020-05-29",92,15,63,261,2859,0.635187128366562,8370,22839,161,477,18,2140,4,530,10,4
"1332","2020-05-30",105,15,76,245,2859,0.635187128366562,8370,22839,161,477,17,2157,13,543,7,13
"1333","2020-05-31",86,15,91,234,2859,0.635187128366562,8370,22839,161,477,14,2171,8,551,8,8
"1334","2020-06-01",81,15,97,230,2859,0.635187128366562,8370,22839,161,477,16,2187,9,560,7,9
"1335","2020-06-02",78,15,100,226,2859,0.635187128366562,8370,22839,161,477,16,2203,10,570,6,10
"1336","2020-06-03",78,15,109,220,2859,0.635187128366562,8370,22839,161,477,9,2212,3,573,4,3
"1337","2020-06-04",75,15,111,205,2859,0.635187128366562,8370,22839,161,477,10,2222,7,580,7,7
"1338","2020-06-05",74,15,103,201,2859,0.635187128366562,8370,22839,161,477,16,2238,3,583,10,3
"1339","2020-06-06",64,15,109,200,2859,0.635187128366562,8370,22839,161,477,13,2251,3,586,5,3
"1340","2020-06-07",63,15,105,185,2859,0.635187128366562,8370,22839,161,477,7,2258,6,592,4,6
"1341","2020-03-12",1,16,17,5,5401,0.94612108868728,8175,31013,280,314,9,14,7,12,1,7
"1342","2020-03-13",3,16,24,6,5401,0.94612108868728,8175,31013,280,314,13,27,13,25,2,13
"1343","2020-03-14",4,16,29,10,5401,0.94612108868728,8175,31013,280,314,9,36,13,38,2,13
"1344","2020-03-15",2,16,31,13,5401,0.94612108868728,8175,31013,280,314,11,47,15,53,5,15
"1345","2020-03-16",3,16,26,19,5401,0.94612108868728,8175,31013,280,314,12,59,18,71,5,18
"1346","2020-03-17",4,16,24,27,5401,0.94612108868728,8175,31013,280,314,10,69,10,81,7,10
"1347","2020-03-18",5,16,33,35,5401,0.94612108868728,8175,31013,280,314,11,80,16,97,7,16
"1348","2020-03-19",5,16,35,39,5401,0.94612108868728,8175,31013,280,314,14,94,15,112,8,15
"1349","2020-03-20",9,16,35,43,5401,0.94612108868728,8175,31013,280,314,20,114,14,126,16,14
"1350","2020-03-21",9,16,37,53,5401,0.94612108868728,8175,31013,280,314,19,133,13,139,16,13
"1351","2020-03-22",11,16,37,65,5401,0.94612108868728,8175,31013,280,314,18,151,16,155,10,16
"1352","2020-03-23",11,16,37,79,5401,0.94612108868728,8175,31013,280,314,29,180,17,172,16,17
"1353","2020-03-24",16,16,35,91,5401,0.94612108868728,8175,31013,280,314,23,203,18,190,17,18
"1354","2020-03-25",22,16,38,107,5401,0.94612108868728,8175,31013,280,314,20,223,19,209,18,19
"1355","2020-03-26",28,16,30,126,5401,0.94612108868728,8175,31013,280,314,28,251,15,224,9,15
"1356","2020-03-27",36,16,34,136,5401,0.94612108868728,8175,31013,280,314,31,282,15,239,25,15
"1357","2020-03-28",40,16,38,155,5401,0.94612108868728,8175,31013,280,314,30,312,19,258,21,19
"1358","2020-03-29",46,16,42,170,5401,0.94612108868728,8175,31013,280,314,27,339,30,288,17,30
"1359","2020-03-30",47,16,39,182,5401,0.94612108868728,8175,31013,280,314,33,372,15,303,21,15
"1360","2020-03-31",47,16,42,209,5401,0.94612108868728,8175,31013,280,314,32,404,32,335,23,32
"1361","2020-04-01",43,16,48,236,5401,0.94612108868728,8175,31013,280,314,40,444,27,362,33,27
"1362","2020-04-02",45,16,55,258,5401,0.94612108868728,8175,31013,280,314,34,478,18,380,23,18
"1363","2020-04-03",51,16,56,288,5401,0.94612108868728,8175,31013,280,314,39,517,18,398,32,18
"1364","2020-04-04",62,16,65,328,5401,0.94612108868728,8175,31013,280,314,28,545,12,410,22,12
"1365","2020-04-05",73,16,73,360,5401,0.94612108868728,8175,31013,280,314,56,601,19,429,46,19
"1366","2020-04-06",83,16,72,406,5401,0.94612108868728,8175,31013,280,314,52,653,24,453,39,24
"1367","2020-04-07",86,16,68,465,5401,0.94612108868728,8175,31013,280,314,46,699,22,475,33,22
"1368","2020-04-08",104,16,55,516,5401,0.94612108868728,8175,31013,280,314,42,741,16,491,33,16
"1369","2020-04-09",113,16,63,565,5401,0.94612108868728,8175,31013,280,314,48,789,20,511,34,20
"1370","2020-04-10",139,16,71,624,5401,0.94612108868728,8175,31013,280,314,53,842,24,535,41,24
"1371","2020-04-11",177,16,71,685,5401,0.94612108868728,8175,31013,280,314,40,882,25,560,30,25
"1372","2020-04-12",193,16,87,746,5401,0.94612108868728,8175,31013,280,314,68,950,27,587,54,27
"1373","2020-04-13",199,16,85,798,5401,0.94612108868728,8175,31013,280,314,44,994,29,616,32,29
"1374","2020-04-14",215,16,94,850,5401,0.94612108868728,8175,31013,280,314,65,1059,21,637,54,21
"1375","2020-04-15",225,16,95,905,5401,0.94612108868728,8175,31013,280,314,55,1114,22,659,38,22
"1376","2020-04-16",234,16,106,986,5401,0.94612108868728,8175,31013,280,314,76,1190,23,682,62,23
"1377","2020-04-17",315,16,112,1080,5401,0.94612108868728,8175,31013,280,314,59,1249,17,699,48,17
"1378","2020-04-18",333,16,94,1125,5401,0.94612108868728,8175,31013,280,314,54,1303,29,728,45,29
"1379","2020-04-19",355,16,89,1182,5401,0.94612108868728,8175,31013,280,314,48,1351,24,752,36,24
"1380","2020-04-20",353,16,90,1236,5401,0.94612108868728,8175,31013,280,314,84,1435,16,768,73,16
"1381","2020-04-21",357,16,95,1282,5401,0.94612108868728,8175,31013,280,314,58,1493,28,796,49,28
"1382","2020-04-22",371,16,94,1324,5401,0.94612108868728,8175,31013,280,314,67,1560,17,813,58,17
"1383","2020-04-23",374,16,100,1366,5401,0.94612108868728,8175,31013,280,314,58,1618,16,829,44,16
"1384","2020-04-24",465,16,106,1378,5401,0.94612108868728,8175,31013,280,314,54,1672,35,864,46,35
"1385","2020-04-25",484,16,117,1414,5401,0.94612108868728,8175,31013,280,314,60,1732,30,894,49,30
"1386","2020-04-26",423,16,115,1438,5401,0.94612108868728,8175,31013,280,314,64,1796,16,910,49,16
"1387","2020-04-27",429,16,119,1429,5401,0.94612108868728,8175,31013,280,314,41,1837,31,941,34,31
"1388","2020-04-28",421,16,129,1455,5401,0.94612108868728,8175,31013,280,314,69,1906,33,974,58,33
"1389","2020-04-29",439,16,119,1442,5401,0.94612108868728,8175,31013,280,314,54,1960,38,1012,43,38
"1390","2020-04-30",459,16,119,1444,5401,0.94612108868728,8175,31013,280,314,60,2020,34,1046,49,34
"1391","2020-05-01",480,16,133,1424,5401,0.94612108868728,8175,31013,280,314,49,2069,34,1080,39,34
"1392","2020-05-02",489,16,141,1426,5401,0.94612108868728,8175,31013,280,314,64,2133,28,1108,51,28
"1393","2020-05-03",472,16,138,1415,5401,0.94612108868728,8175,31013,280,314,59,2192,35,1143,51,35
"1394","2020-05-04",472,16,139,1406,5401,0.94612108868728,8175,31013,280,314,67,2259,36,1179,55,36
"1395","2020-05-05",491,16,120,1379,5401,0.94612108868728,8175,31013,280,314,39,2298,35,1214,30,35
"1396","2020-05-06",482,16,119,1355,5401,0.94612108868728,8175,31013,280,314,59,2357,33,1247,50,33
"1397","2020-05-07",474,16,117,1319,5401,0.94612108868728,8175,31013,280,314,57,2414,18,1265,46,18
"1398","2020-05-08",480,16,118,1268,5401,0.94612108868728,8175,31013,280,314,68,2482,34,1299,54,34
"1399","2020-05-09",469,16,125,1251,5401,0.94612108868728,8175,31013,280,314,64,2546,38,1337,50,38
"1400","2020-05-10",461,16,133,1221,5401,0.94612108868728,8175,31013,280,314,47,2593,31,1368,40,31
"1401","2020-05-11",447,16,140,1171,5401,0.94612108868728,8175,31013,280,314,49,2642,18,1386,42,18
"1402","2020-05-12",418,16,138,1087,5401,0.94612108868728,8175,31013,280,314,47,2689,31,1417,39,31
"1403","2020-05-13",397,16,136,1033,5401,0.94612108868728,8175,31013,280,314,40,2729,28,1445,36,28
"1404","2020-05-14",392,16,141,965,5401,0.94612108868728,8175,31013,280,314,28,2757,26,1471,26,26
"1405","2020-05-15",363,16,129,906,5401,0.94612108868728,8175,31013,280,314,40,2797,23,1494,32,23
"1406","2020-05-16",358,16,120,853,5401,0.94612108868728,8175,31013,280,314,45,2842,23,1517,39,23
"1407","2020-05-17",318,16,134,796,5401,0.94612108868728,8175,31013,280,314,44,2886,29,1546,39,29
"1408","2020-05-18",299,16,137,760,5401,0.94612108868728,8175,31013,280,314,34,2920,20,1566,29,20
"1409","2020-05-19",275,16,139,711,5401,0.94612108868728,8175,31013,280,314,30,2950,20,1586,22,20
"1410","2020-05-20",273,16,147,664,5401,0.94612108868728,8175,31013,280,314,24,2974,20,1606,20,20
"1411","2020-05-21",270,16,140,620,5401,0.94612108868728,8175,31013,280,314,35,3009,16,1622,28,16
"1412","2020-05-22",259,16,123,574,5401,0.94612108868728,8175,31013,280,314,28,3037,11,1633,23,11
"1413","2020-05-23",248,16,124,529,5401,0.94612108868728,8175,31013,280,314,25,3062,22,1655,16,22
"1414","2020-05-24",213,16,124,484,5401,0.94612108868728,8175,31013,280,314,24,3086,24,1679,16,24
"1415","2020-05-25",193,16,122,425,5401,0.94612108868728,8175,31013,280,314,25,3111,21,1700,18,21
"1416","2020-05-26",187,16,119,395,5401,0.94612108868728,8175,31013,280,314,27,3138,25,1725,21,25
"1417","2020-05-27",169,16,110,356,5401,0.94612108868728,8175,31013,280,314,31,3169,31,1756,22,31
"1418","2020-05-28",155,16,100,330,5401,0.94612108868728,8175,31013,280,314,18,3187,22,1778,16,22
"1419","2020-05-29",134,16,92,298,5401,0.94612108868728,8175,31013,280,314,19,3206,21,1799,14,21
"1420","2020-05-30",121,16,89,275,5401,0.94612108868728,8175,31013,280,314,20,3226,38,1837,18,38
"1421","2020-05-31",113,16,86,247,5401,0.94612108868728,8175,31013,280,314,22,3248,24,1861,20,24
"1422","2020-06-01",112,16,68,226,5401,0.94612108868728,8175,31013,280,314,20,3268,24,1885,17,24
"1423","2020-06-02",105,16,67,209,5401,0.94612108868728,8175,31013,280,314,13,3281,15,1900,10,15
"1424","2020-06-03",105,16,77,201,5401,0.94612108868728,8175,31013,280,314,21,3302,20,1920,16,20
"1425","2020-06-04",94,16,77,177,5401,0.94612108868728,8175,31013,280,314,22,3324,16,1936,18,16
"1426","2020-06-05",82,16,78,166,5401,0.94612108868728,8175,31013,280,314,19,3343,25,1961,14,25
"1427","2020-06-06",72,16,83,147,5401,0.94612108868728,8175,31013,280,314,16,3359,14,1975,12,14
"1428","2020-06-07",64,16,84,136,5401,0.94612108868728,8175,31013,280,314,21,3380,21,1996,19,21
"1429","2020-03-13",1,17,24,22,3870,0.844186046511628,8325,28381,196,357,1,9,12,16,1,12
"1430","2020-03-14",1,17,30,27,3870,0.844186046511628,8325,28381,196,357,6,15,2,18,5,2
"1431","2020-03-15",3,17,36,38,3870,0.844186046511628,8325,28381,196,357,5,20,7,25,1,7
"1432","2020-03-16",5,17,38,56,3870,0.844186046511628,8325,28381,196,357,7,27,4,29,4,4
"1433","2020-03-17",5,17,41,65,3870,0.844186046511628,8325,28381,196,357,7,34,5,34,5,5
"1434","2020-03-18",6,17,44,72,3870,0.844186046511628,8325,28381,196,357,8,42,7,41,8,7
"1435","2020-03-19",9,17,36,87,3870,0.844186046511628,8325,28381,196,357,7,49,3,44,6,3
"1436","2020-03-20",14,17,24,111,3870,0.844186046511628,8325,28381,196,357,18,67,NA,NA,16,NA
"1437","2020-03-21",22,17,24,115,3870,0.844186046511628,8325,28381,196,357,21,88,10,54,21,10
"1438","2020-03-22",28,17,24,134,3870,0.844186046511628,8325,28381,196,357,14,102,1,55,12,1
"1439","2020-03-23",31,17,38,153,3870,0.844186046511628,8325,28381,196,357,23,125,5,60,21,5
"1440","2020-03-24",34,17,42,165,3870,0.844186046511628,8325,28381,196,357,19,144,2,62,18,2
"1441","2020-03-25",40,17,50,182,3870,0.844186046511628,8325,28381,196,357,12,156,2,64,11,2
"1442","2020-03-26",47,17,43,203,3870,0.844186046511628,8325,28381,196,357,20,176,2,66,15,2
"1443","2020-03-27",60,17,42,217,3870,0.844186046511628,8325,28381,196,357,24,200,4,70,24,4
"1444","2020-03-28",61,17,47,237,3870,0.844186046511628,8325,28381,196,357,32,232,6,76,30,6
"1445","2020-03-29",73,17,44,240,3870,0.844186046511628,8325,28381,196,357,34,266,3,79,32,3
"1446","2020-03-30",73,17,46,255,3870,0.844186046511628,8325,28381,196,357,42,308,8,87,40,8
"1447","2020-03-31",76,17,48,288,3870,0.844186046511628,8325,28381,196,357,44,352,4,91,43,4
"1448","2020-04-01",78,17,49,306,3870,0.844186046511628,8325,28381,196,357,47,399,1,92,44,1
"1449","2020-04-02",79,17,51,329,3870,0.844186046511628,8325,28381,196,357,42,441,1,93,38,1
"1450","2020-04-03",91,17,48,361,3870,0.844186046511628,8325,28381,196,357,66,507,8,101,64,8
"1451","2020-04-04",110,17,48,392,3870,0.844186046511628,8325,28381,196,357,60,567,17,118,56,17
"1452","2020-04-05",101,17,45,413,3870,0.844186046511628,8325,28381,196,357,70,637,15,133,69,15
"1453","2020-04-06",104,17,56,429,3870,0.844186046511628,8325,28381,196,357,73,710,6,139,72,6
"1454","2020-04-07",111,17,65,448,3870,0.844186046511628,8325,28381,196,357,82,792,8,147,82,8
"1455","2020-04-08",119,17,64,465,3870,0.844186046511628,8325,28381,196,357,87,879,9,156,86,9
"1456","2020-04-09",119,17,66,477,3870,0.844186046511628,8325,28381,196,357,84,963,11,167,82,11
"1457","2020-04-10",144,17,63,505,3870,0.844186046511628,8325,28381,196,357,111,1074,9,176,109,9
"1458","2020-04-11",155,17,59,518,3870,0.844186046511628,8325,28381,196,357,130,1204,9,185,127,9
"1459","2020-04-12",147,17,65,545,3870,0.844186046511628,8325,28381,196,357,112,1316,11,196,112,11
"1460","2020-04-13",156,17,62,553,3870,0.844186046511628,8325,28381,196,357,105,1421,5,201,105,5
"1461","2020-04-14",152,17,59,569,3870,0.844186046511628,8325,28381,196,357,128,1549,9,210,127,9
"1462","2020-04-15",162,17,52,582,3870,0.844186046511628,8325,28381,196,357,120,1669,4,214,120,4
"1463","2020-04-16",173,17,60,604,3870,0.844186046511628,8325,28381,196,357,115,1784,6,220,113,6
"1464","2020-04-17",186,17,70,632,3870,0.844186046511628,8325,28381,196,357,159,1943,11,231,157,11
"1465","2020-04-18",208,17,70,637,3870,0.844186046511628,8325,28381,196,357,137,2080,15,246,136,15
"1466","2020-04-19",208,17,66,632,3870,0.844186046511628,8325,28381,196,357,142,2222,10,256,139,10
"1467","2020-04-20",197,17,68,624,3870,0.844186046511628,8325,28381,196,357,126,2348,19,275,122,19
"1468","2020-04-21",206,17,65,650,3870,0.844186046511628,8325,28381,196,357,145,2493,14,289,143,14
"1469","2020-04-22",214,17,59,650,3870,0.844186046511628,8325,28381,196,357,141,2634,8,297,139,8
"1470","2020-04-23",216,17,78,654,3870,0.844186046511628,8325,28381,196,357,157,2791,18,315,157,18
"1471","2020-04-24",237,17,92,656,3870,0.844186046511628,8325,28381,196,357,128,2919,23,338,127,23
"1472","2020-04-25",231,17,114,674,3870,0.844186046511628,8325,28381,196,357,131,3050,12,350,129,12
"1473","2020-04-26",241,17,107,679,3870,0.844186046511628,8325,28381,196,357,148,3198,12,362,148,12
"1474","2020-04-27",236,17,118,688,3870,0.844186046511628,8325,28381,196,357,179,3377,13,375,179,13
"1475","2020-04-28",221,17,115,711,3870,0.844186046511628,8325,28381,196,357,114,3491,16,391,113,16
"1476","2020-04-29",216,17,104,707,3870,0.844186046511628,8325,28381,196,357,123,3614,15,406,121,15
"1477","2020-04-30",224,17,103,698,3870,0.844186046511628,8325,28381,196,357,124,3738,9,415,124,9
"1478","2020-05-01",250,17,120,696,3870,0.844186046511628,8325,28381,196,357,145,3883,12,427,145,12
"1479","2020-05-02",251,17,140,701,3870,0.844186046511628,8325,28381,196,357,95,3978,17,444,95,17
"1480","2020-05-03",243,17,124,696,3870,0.844186046511628,8325,28381,196,357,81,4059,17,461,80,17
"1481","2020-05-04",239,17,117,687,3870,0.844186046511628,8325,28381,196,357,88,4147,5,466,87,5
"1482","2020-05-05",234,17,101,678,3870,0.844186046511628,8325,28381,196,357,78,4225,6,472,77,6
"1483","2020-05-06",241,17,88,668,3870,0.844186046511628,8325,28381,196,357,83,4308,6,478,82,6
"1484","2020-05-07",234,17,83,649,3870,0.844186046511628,8325,28381,196,357,77,4385,24,502,77,24
"1485","2020-05-08",219,17,70,649,3870,0.844186046511628,8325,28381,196,357,68,4453,8,510,68,8
"1486","2020-05-09",225,17,75,643,3870,0.844186046511628,8325,28381,196,357,59,4512,16,526,58,16
"1487","2020-05-10",213,17,84,640,3870,0.844186046511628,8325,28381,196,357,70,4582,5,531,68,5
"1488","2020-05-11",206,17,96,627,3870,0.844186046511628,8325,28381,196,357,52,4634,8,539,52,8
"1489","2020-05-12",212,17,95,621,3870,0.844186046511628,8325,28381,196,357,60,4694,14,553,59,14
"1490","2020-05-13",201,17,96,619,3870,0.844186046511628,8325,28381,196,357,58,4752,18,571,57,18
"1491","2020-05-14",195,17,101,605,3870,0.844186046511628,8325,28381,196,357,45,4797,8,579,44,8
"1492","2020-05-15",200,17,121,604,3870,0.844186046511628,8325,28381,196,357,40,4837,10,589,39,10
"1493","2020-05-16",206,17,109,593,3870,0.844186046511628,8325,28381,196,357,44,4881,7,596,43,7
"1494","2020-05-17",215,17,94,592,3870,0.844186046511628,8325,28381,196,357,28,4909,11,607,27,11
"1495","2020-05-18",210,17,85,596,3870,0.844186046511628,8325,28381,196,357,36,4945,5,612,36,5
"1496","2020-05-19",197,17,106,585,3870,0.844186046511628,8325,28381,196,357,30,4975,2,614,28,2
"1497","2020-05-20",201,17,122,564,3870,0.844186046511628,8325,28381,196,357,21,4996,9,623,21,9
"1498","2020-05-21",204,17,118,549,3870,0.844186046511628,8325,28381,196,357,31,5027,5,628,30,5
"1499","2020-05-22",216,17,107,560,3870,0.844186046511628,8325,28381,196,357,18,5045,8,636,18,8
"1500","2020-05-23",218,17,90,540,3870,0.844186046511628,8325,28381,196,357,29,5074,8,644,29,8
"1501","2020-05-24",186,17,105,545,3870,0.844186046511628,8325,28381,196,357,27,5101,9,653,27,9
"1502","2020-05-25",188,17,97,536,3870,0.844186046511628,8325,28381,196,357,31,5132,14,667,30,14
"1503","2020-05-26",183,17,96,511,3870,0.844186046511628,8325,28381,196,357,16,5148,15,682,16,15
"1504","2020-05-27",169,17,91,497,3870,0.844186046511628,8325,28381,196,357,19,5167,15,697,18,15
"1505","2020-05-28",166,17,87,482,3870,0.844186046511628,8325,28381,196,357,21,5188,5,702,20,5
"1506","2020-05-29",172,17,87,463,3870,0.844186046511628,8325,28381,196,357,23,5211,7,709,22,7
"1507","2020-05-30",181,17,74,435,3870,0.844186046511628,8325,28381,196,357,19,5230,1,710,19,1
"1508","2020-05-31",174,17,72,431,3870,0.844186046511628,8325,28381,196,357,18,5248,10,720,18,10
"1509","2020-06-01",158,17,61,408,3870,0.844186046511628,8325,28381,196,357,19,5267,9,729,17,9
"1510","2020-06-02",153,17,57,400,3870,0.844186046511628,8325,28381,196,357,8,5275,7,736,8,7
"1511","2020-06-03",153,17,44,399,3870,0.844186046511628,8325,28381,196,357,9,5284,7,743,9,7
"1512","2020-06-04",150,17,43,365,3870,0.844186046511628,8325,28381,196,357,14,5298,8,751,13,8
"1513","2020-06-05",151,17,48,344,3870,0.844186046511628,8325,28381,196,357,7,5305,9,760,7,9
"1514","2020-06-06",132,17,45,308,3870,0.844186046511628,8325,28381,196,357,7,5312,7,767,6,7
"1515","2020-06-07",119,17,43,283,3870,0.844186046511628,8325,28381,196,357,11,5323,4,771,11,4
"1516","2020-03-15",2,18,32,26,4746,0.935946059839865,8325,30235,238,348,2,13,2,23,1,2
"1517","2020-03-16",2,18,30,33,4746,0.935946059839865,8325,30235,238,348,6,19,2,25,3,2
"1518","2020-03-17",3,18,28,39,4746,0.935946059839865,8325,30235,238,348,6,25,5,30,3,5
"1519","2020-03-18",4,18,33,56,4746,0.935946059839865,8325,30235,238,348,6,31,3,33,3,3
"1520","2020-03-19",5,18,37,62,4746,0.935946059839865,8325,30235,238,348,6,37,13,46,6,13
"1521","2020-03-20",15,18,40,72,4746,0.935946059839865,8325,30235,238,348,9,46,5,51,7,5
"1522","2020-03-21",20,18,49,86,4746,0.935946059839865,8325,30235,238,348,12,58,10,61,9,10
"1523","2020-03-22",20,18,64,100,4746,0.935946059839865,8325,30235,238,348,15,73,11,72,10,11
"1524","2020-03-23",22,18,67,121,4746,0.935946059839865,8325,30235,238,348,24,97,7,79,20,7
"1525","2020-03-24",23,18,67,134,4746,0.935946059839865,8325,30235,238,348,19,116,6,85,16,6
"1526","2020-03-25",27,18,69,150,4746,0.935946059839865,8325,30235,238,348,28,144,8,93,27,8
"1527","2020-03-26",30,18,73,156,4746,0.935946059839865,8325,30235,238,348,25,169,4,97,21,4
"1528","2020-03-27",28,18,84,176,4746,0.935946059839865,8325,30235,238,348,28,197,10,107,26,10
"1529","2020-03-28",42,18,84,202,4746,0.935946059839865,8325,30235,238,348,30,227,9,116,28,9
"1530","2020-03-29",47,18,63,238,4746,0.935946059839865,8325,30235,238,348,44,271,NA,NA,44,NA
"1531","2020-03-30",52,18,48,269,4746,0.935946059839865,8325,30235,238,348,26,297,9,125,25,9
"1532","2020-03-31",62,18,61,300,4746,0.935946059839865,8325,30235,238,348,53,350,7,132,51,7
"1533","2020-04-01",72,18,60,328,4746,0.935946059839865,8325,30235,238,348,56,406,4,136,55,4
"1534","2020-04-02",75,18,54,353,4746,0.935946059839865,8325,30235,238,348,58,464,12,148,55,12
"1535","2020-04-03",95,18,57,374,4746,0.935946059839865,8325,30235,238,348,55,519,17,165,54,17
"1536","2020-04-04",99,18,68,404,4746,0.935946059839865,8325,30235,238,348,80,599,22,187,76,22
"1537","2020-04-05",102,18,80,441,4746,0.935946059839865,8325,30235,238,348,65,664,11,198,62,11
"1538","2020-04-06",100,18,86,473,4746,0.935946059839865,8325,30235,238,348,111,775,19,217,104,19
"1539","2020-04-07",109,18,79,503,4746,0.935946059839865,8325,30235,238,348,103,878,15,232,96,15
"1540","2020-04-08",107,18,79,542,4746,0.935946059839865,8325,30235,238,348,113,991,10,242,109,10
"1541","2020-04-09",125,18,67,559,4746,0.935946059839865,8325,30235,238,348,98,1089,17,259,96,17
"1542","2020-04-10",149,18,67,606,4746,0.935946059839865,8325,30235,238,348,129,1218,24,283,124,24
"1543","2020-04-11",167,18,61,654,4746,0.935946059839865,8325,30235,238,348,128,1346,14,297,128,14
"1544","2020-04-12",182,18,66,691,4746,0.935946059839865,8325,30235,238,348,154,1500,17,314,153,17
"1545","2020-04-13",196,18,65,706,4746,0.935946059839865,8325,30235,238,348,154,1654,20,334,154,20
"1546","2020-04-14",194,18,67,769,4746,0.935946059839865,8325,30235,238,348,150,1804,19,353,150,19
"1547","2020-04-15",208,18,79,821,4746,0.935946059839865,8325,30235,238,348,142,1946,16,369,141,16
"1548","2020-04-16",203,18,72,862,4746,0.935946059839865,8325,30235,238,348,204,2150,15,384,203,15
"1549","2020-04-17",258,18,90,931,4746,0.935946059839865,8325,30235,238,348,134,2284,10,394,134,10
"1550","2020-04-18",269,18,106,965,4746,0.935946059839865,8325,30235,238,348,179,2463,12,406,173,12
"1551","2020-04-19",309,18,90,991,4746,0.935946059839865,8325,30235,238,348,139,2602,22,428,136,22
"1552","2020-04-20",306,18,78,1011,4746,0.935946059839865,8325,30235,238,348,140,2742,18,446,139,18
"1553","2020-04-21",306,18,82,1058,4746,0.935946059839865,8325,30235,238,348,185,2927,21,467,183,21
"1554","2020-04-22",313,18,92,1098,4746,0.935946059839865,8325,30235,238,348,185,3112,14,481,182,14
"1555","2020-04-23",340,18,91,1092,4746,0.935946059839865,8325,30235,238,348,168,3280,21,502,160,21
"1556","2020-04-24",401,18,90,1168,4746,0.935946059839865,8325,30235,238,348,191,3471,19,521,188,19
"1557","2020-04-25",423,18,98,1179,4746,0.935946059839865,8325,30235,238,348,107,3578,21,542,104,21
"1558","2020-04-26",353,18,85,1202,4746,0.935946059839865,8325,30235,238,348,140,3718,14,556,139,14
"1559","2020-04-27",363,18,85,1187,4746,0.935946059839865,8325,30235,238,348,136,3854,30,586,136,30
"1560","2020-04-28",367,18,77,1194,4746,0.935946059839865,8325,30235,238,348,128,3982,26,612,127,26
"1561","2020-04-29",390,18,101,1193,4746,0.935946059839865,8325,30235,238,348,121,4103,25,637,120,25
"1562","2020-04-30",385,18,101,1177,4746,0.935946059839865,8325,30235,238,348,117,4220,21,658,116,21
"1563","2020-05-01",429,18,101,1167,4746,0.935946059839865,8325,30235,238,348,108,4328,18,676,108,18
"1564","2020-05-02",438,18,112,1153,4746,0.935946059839865,8325,30235,238,348,111,4439,10,686,108,10
"1565","2020-05-03",432,18,107,1133,4746,0.935946059839865,8325,30235,238,348,90,4529,28,714,89,28
"1566","2020-05-04",427,18,103,1085,4746,0.935946059839865,8325,30235,238,348,88,4617,26,740,88,26
"1567","2020-05-05",407,18,86,1064,4746,0.935946059839865,8325,30235,238,348,94,4711,23,763,92,23
"1568","2020-05-06",385,18,80,1037,4746,0.935946059839865,8325,30235,238,348,85,4796,17,780,85,17
"1569","2020-05-07",382,18,71,993,4746,0.935946059839865,8325,30235,238,348,88,4884,26,806,88,26
"1570","2020-05-08",370,18,60,941,4746,0.935946059839865,8325,30235,238,348,51,4935,20,826,51,20
"1571","2020-05-09",356,18,52,883,4746,0.935946059839865,8325,30235,238,348,70,5005,39,865,70,39
"1572","2020-05-10",339,18,55,851,4746,0.935946059839865,8325,30235,238,348,55,5060,26,891,54,26
"1573","2020-05-11",331,18,49,835,4746,0.935946059839865,8325,30235,238,348,54,5114,16,907,53,16
"1574","2020-05-12",335,18,72,790,4746,0.935946059839865,8325,30235,238,348,44,5158,18,925,43,18
"1575","2020-05-13",326,18,88,756,4746,0.935946059839865,8325,30235,238,348,71,5229,16,941,68,16
"1576","2020-05-14",314,18,97,732,4746,0.935946059839865,8325,30235,238,348,36,5265,21,962,36,21
"1577","2020-05-15",288,18,92,711,4746,0.935946059839865,8325,30235,238,348,48,5313,25,987,47,25
"1578","2020-05-16",272,18,98,675,4746,0.935946059839865,8325,30235,238,348,28,5341,21,1008,28,21
"1579","2020-05-17",238,18,99,654,4746,0.935946059839865,8325,30235,238,348,20,5361,29,1037,17,29
"1580","2020-05-18",227,18,93,633,4746,0.935946059839865,8325,30235,238,348,15,5376,22,1059,13,22
"1581","2020-05-19",218,18,87,609,4746,0.935946059839865,8325,30235,238,348,22,5398,25,1084,22,25
"1582","2020-05-20",211,18,100,571,4746,0.935946059839865,8325,30235,238,348,19,5417,19,1103,19,19
"1583","2020-05-21",200,18,112,532,4746,0.935946059839865,8325,30235,238,348,20,5437,8,1111,20,8
"1584","2020-05-22",184,18,108,499,4746,0.935946059839865,8325,30235,238,348,15,5452,9,1120,14,9
"1585","2020-05-23",185,18,85,460,4746,0.935946059839865,8325,30235,238,348,13,5465,15,1135,11,15
"1586","2020-05-24",179,18,68,428,4746,0.935946059839865,8325,30235,238,348,20,5485,15,1150,19,15
"1587","2020-05-25",167,18,60,394,4746,0.935946059839865,8325,30235,238,348,8,5493,11,1161,8,11
"1588","2020-05-26",159,18,48,369,4746,0.935946059839865,8325,30235,238,348,7,5500,5,1166,6,5
"1589","2020-05-27",156,18,42,361,4746,0.935946059839865,8325,30235,238,348,7,5507,13,1179,6,13
"1590","2020-05-28",158,18,40,339,4746,0.935946059839865,8325,30235,238,348,13,5520,8,1187,12,8
"1591","2020-05-29",151,18,31,319,4746,0.935946059839865,8325,30235,238,348,5,5525,8,1195,5,8
"1592","2020-05-30",138,18,42,299,4746,0.935946059839865,8325,30235,238,348,10,5535,10,1205,9,10
"1593","2020-05-31",119,18,32,280,4746,0.935946059839865,8325,30235,238,348,6,5541,6,1211,6,6
"1594","2020-06-01",112,18,34,270,4746,0.935946059839865,8325,30235,238,348,4,5545,7,1218,3,7
"1595","2020-06-02",99,18,37,262,4746,0.935946059839865,8325,30235,238,348,6,5551,10,1228,6,10
"1596","2020-06-03",95,18,35,258,4746,0.935946059839865,8325,30235,238,348,NA,NA,8,1236,NA,8
"1597","2020-06-04",82,18,36,230,4746,0.935946059839865,8325,30235,238,348,3,5554,4,1240,3,4
"1598","2020-06-05",75,18,50,214,4746,0.935946059839865,8325,30235,238,348,4,5558,4,1244,3,4
"1599","2020-06-06",79,18,54,197,4746,0.935946059839865,8325,30235,238,348,1,5559,8,1252,1,8
"1600","2020-06-07",69,18,55,183,4746,0.935946059839865,8325,30235,238,348,NA,NA,8,1260,NA,8
"1601","2020-03-13",1,19,13,14,2097,0.701001430615165,8460,18880,111,209,7,21,9,18,NA,9
"1602","2020-03-14",1,19,13,18,2097,0.701001430615165,8460,18880,111,209,9,30,7,25,1,7
"1603","2020-03-15",1,19,15,21,2097,0.701001430615165,8460,18880,111,209,17,47,6,31,5,6
"1604","2020-03-16",1,19,25,27,2097,0.701001430615165,8460,18880,111,209,10,57,4,35,3,4
"1605","2020-03-17",3,19,23,35,2097,0.701001430615165,8460,18880,111,209,20,77,9,44,11,9
"1606","2020-03-18",6,19,25,45,2097,0.701001430615165,8460,18880,111,209,17,94,24,68,13,24
"1607","2020-03-19",8,19,21,55,2097,0.701001430615165,8460,18880,111,209,28,122,9,77,20,9
"1608","2020-03-20",8,19,20,61,2097,0.701001430615165,8460,18880,111,209,14,136,2,79,11,2
"1609","2020-03-21",14,19,22,78,2097,0.701001430615165,8460,18880,111,209,25,161,8,87,18,8
"1610","2020-03-22",16,19,29,86,2097,0.701001430615165,8460,18880,111,209,33,194,13,100,22,13
"1611","2020-03-23",18,19,28,95,2097,0.701001430615165,8460,18880,111,209,29,223,2,102,20,2
"1612","2020-03-24",21,19,21,106,2097,0.701001430615165,8460,18880,111,209,51,274,4,106,43,4
"1613","2020-03-25",21,19,20,122,2097,0.701001430615165,8460,18880,111,209,34,308,11,117,31,11
"1614","2020-03-26",26,19,20,131,2097,0.701001430615165,8460,18880,111,209,40,348,5,122,31,5
"1615","2020-03-27",32,19,18,136,2097,0.701001430615165,8460,18880,111,209,56,404,3,125,48,3
"1616","2020-03-28",31,19,16,160,2097,0.701001430615165,8460,18880,111,209,63,467,2,127,53,2
"1617","2020-03-29",42,19,25,179,2097,0.701001430615165,8460,18880,111,209,53,520,15,142,44,15
"1618","2020-03-30",46,19,30,192,2097,0.701001430615165,8460,18880,111,209,66,586,7,149,58,7
"1619","2020-03-31",44,19,40,209,2097,0.701001430615165,8460,18880,111,209,70,656,8,157,68,8
"1620","2020-04-01",51,19,42,222,2097,0.701001430615165,8460,18880,111,209,74,730,5,162,70,5
"1621","2020-04-02",54,19,45,232,2097,0.701001430615165,8460,18880,111,209,71,801,4,166,67,4
"1622","2020-04-03",63,19,43,240,2097,0.701001430615165,8460,18880,111,209,73,874,11,177,60,11
"1623","2020-04-04",73,19,49,256,2097,0.701001430615165,8460,18880,111,209,101,975,8,185,88,8
"1624","2020-04-05",75,19,42,268,2097,0.701001430615165,8460,18880,111,209,86,1061,9,194,81,9
"1625","2020-04-06",77,19,45,278,2097,0.701001430615165,8460,18880,111,209,117,1178,5,199,108,5
"1626","2020-04-07",76,19,41,291,2097,0.701001430615165,8460,18880,111,209,122,1300,4,203,116,4
"1627","2020-04-08",75,19,49,293,2097,0.701001430615165,8460,18880,111,209,97,1397,2,205,85,2
"1628","2020-04-09",76,19,57,305,2097,0.701001430615165,8460,18880,111,209,144,1541,NA,NA,140,NA
"1629","2020-04-10",82,19,69,304,2097,0.701001430615165,8460,18880,111,209,101,1642,3,208,91,3
"1630","2020-04-11",98,19,72,314,2097,0.701001430615165,8460,18880,111,209,103,1745,8,216,95,8
"1631","2020-04-12",98,19,67,334,2097,0.701001430615165,8460,18880,111,209,131,1876,4,220,125,4
"1632","2020-04-13",99,19,59,325,2097,0.701001430615165,8460,18880,111,209,106,1982,11,231,102,11
"1633","2020-04-14",101,19,62,331,2097,0.701001430615165,8460,18880,111,209,123,2105,6,237,114,6
"1634","2020-04-15",102,19,54,326,2097,0.701001430615165,8460,18880,111,209,109,2214,1,238,106,1
"1635","2020-04-16",103,19,57,341,2097,0.701001430615165,8460,18880,111,209,108,2322,5,243,103,5
"1636","2020-04-17",101,19,46,356,2097,0.701001430615165,8460,18880,111,209,128,2450,6,249,124,6
"1637","2020-04-18",109,19,53,373,2097,0.701001430615165,8460,18880,111,209,102,2552,18,267,96,18
"1638","2020-04-19",104,19,48,382,2097,0.701001430615165,8460,18880,111,209,124,2676,14,281,118,14
"1639","2020-04-20",96,19,61,381,2097,0.701001430615165,8460,18880,111,209,119,2795,17,298,108,17
"1640","2020-04-21",102,19,70,386,2097,0.701001430615165,8460,18880,111,209,132,2927,9,307,125,9
"1641","2020-04-22",108,19,75,370,2097,0.701001430615165,8460,18880,111,209,116,3043,9,316,106,9
"1642","2020-04-23",111,19,72,368,2097,0.701001430615165,8460,18880,111,209,119,3162,14,330,108,14
"1643","2020-04-24",131,19,66,367,2097,0.701001430615165,8460,18880,111,209,112,3274,11,341,110,11
"1644","2020-04-25",125,19,60,375,2097,0.701001430615165,8460,18880,111,209,135,3409,2,343,129,2
"1645","2020-04-26",135,19,54,372,2097,0.701001430615165,8460,18880,111,209,97,3506,8,351,90,8
"1646","2020-04-27",144,19,55,385,2097,0.701001430615165,8460,18880,111,209,111,3617,10,361,109,10
"1647","2020-04-28",136,19,52,390,2097,0.701001430615165,8460,18880,111,209,116,3733,6,367,112,6
"1648","2020-04-29",130,19,53,392,2097,0.701001430615165,8460,18880,111,209,102,3835,9,376,94,9
"1649","2020-04-30",125,19,56,379,2097,0.701001430615165,8460,18880,111,209,93,3928,9,385,86,9
"1650","2020-05-01",126,19,55,374,2097,0.701001430615165,8460,18880,111,209,102,4030,19,404,93,19
"1651","2020-05-02",121,19,49,372,2097,0.701001430615165,8460,18880,111,209,80,4110,17,421,71,17
"1652","2020-05-03",128,19,49,375,2097,0.701001430615165,8460,18880,111,209,88,4198,15,436,77,15
"1653","2020-05-04",121,19,47,374,2097,0.701001430615165,8460,18880,111,209,69,4267,15,451,65,15
"1654","2020-05-05",118,19,38,365,2097,0.701001430615165,8460,18880,111,209,51,4318,4,455,44,4
"1655","2020-05-06",122,19,50,351,2097,0.701001430615165,8460,18880,111,209,66,4384,2,457,58,2
"1656","2020-05-07",130,19,51,339,2097,0.701001430615165,8460,18880,111,209,57,4441,7,464,50,7
"1657","2020-05-08",131,19,52,329,2097,0.701001430615165,8460,18880,111,209,60,4501,14,478,55,14
"1658","2020-05-09",148,19,55,315,2097,0.701001430615165,8460,18880,111,209,54,4555,20,498,51,20
"1659","2020-05-10",128,19,55,307,2097,0.701001430615165,8460,18880,111,209,40,4595,5,503,34,5
"1660","2020-05-11",117,19,53,305,2097,0.701001430615165,8460,18880,111,209,38,4633,5,508,34,5
"1661","2020-05-12",117,19,51,300,2097,0.701001430615165,8460,18880,111,209,37,4670,7,515,33,7
"1662","2020-05-13",114,19,51,283,2097,0.701001430615165,8460,18880,111,209,50,4720,10,525,47,10
"1663","2020-05-14",105,19,56,280,2097,0.701001430615165,8460,18880,111,209,30,4750,15,540,27,15
"1664","2020-05-15",107,19,59,276,2097,0.701001430615165,8460,18880,111,209,37,4787,11,551,29,11
"1665","2020-05-16",110,19,61,278,2097,0.701001430615165,8460,18880,111,209,21,4808,11,562,17,11
"1666","2020-05-17",100,19,65,275,2097,0.701001430615165,8460,18880,111,209,30,4838,6,568,29,6
"1667","2020-05-18",97,19,64,270,2097,0.701001430615165,8460,18880,111,209,21,4859,3,571,18,3
"1668","2020-05-19",93,19,59,244,2097,0.701001430615165,8460,18880,111,209,19,4878,10,581,15,10
"1669","2020-05-20",94,19,52,237,2097,0.701001430615165,8460,18880,111,209,16,4894,10,591,15,10
"1670","2020-05-21",94,19,58,246,2097,0.701001430615165,8460,18880,111,209,13,4907,10,601,10,10
"1671","2020-05-22",91,19,60,237,2097,0.701001430615165,8460,18880,111,209,28,4935,14,615,16,14
"1672","2020-05-23",80,19,61,237,2097,0.701001430615165,8460,18880,111,209,10,4945,8,623,8,8
"1673","2020-05-24",83,19,65,233,2097,0.701001430615165,8460,18880,111,209,18,4963,17,640,13,17
"1674","2020-05-25",75,19,58,238,2097,0.701001430615165,8460,18880,111,209,13,4976,7,647,11,7
"1675","2020-05-26",71,19,56,226,2097,0.701001430615165,8460,18880,111,209,14,4990,9,656,9,9
"1676","2020-05-27",69,19,56,224,2097,0.701001430615165,8460,18880,111,209,11,5001,17,673,8,17
"1677","2020-05-28",73,19,57,211,2097,0.701001430615165,8460,18880,111,209,13,5014,5,678,10,5
"1678","2020-05-29",79,19,54,204,2097,0.701001430615165,8460,18880,111,209,10,5024,3,681,8,3
"1679","2020-05-30",75,19,64,194,2097,0.701001430615165,8460,18880,111,209,8,5032,4,685,8,4
"1680","2020-05-31",63,19,65,196,2097,0.701001430615165,8460,18880,111,209,9,5041,4,689,7,4
"1681","2020-06-01",61,19,59,202,2097,0.701001430615165,8460,18880,111,209,13,5054,4,693,11,4
"1682","2020-06-02",64,19,63,180,2097,0.701001430615165,8460,18880,111,209,6,5060,12,705,4,12
"1683","2020-06-03",61,19,57,181,2097,0.701001430615165,8460,18880,111,209,9,5069,4,709,6,4
"1684","2020-06-04",59,19,51,178,2097,0.701001430615165,8460,18880,111,209,6,5075,7,716,6,7
"1685","2020-06-05",54,19,43,164,2097,0.701001430615165,8460,18880,111,209,8,5083,1,717,7,1
"1686","2020-06-06",56,19,41,163,2097,0.701001430615165,8460,18880,111,209,7,5090,9,726,5,9
"1687","2020-06-07",57,19,34,152,2097,0.701001430615165,8460,18880,111,209,8,5098,3,729,5,3
"1688","2020-03-08",1,20,0,0,5069,0.975932136516078,8295,30687,316,326,NA,NA,NA,NA,NA,NA
"1689","2020-03-09",1,20,0,0,5069,0.975932136516078,8295,30687,316,326,NA,NA,NA,NA,NA,NA
"1690","2020-03-10",0,20,0,0,5069,0.975932136516078,8295,30687,316,326,NA,NA,NA,NA,NA,NA
"1691","2020-03-11",0,20,0,0,5069,0.975932136516078,8295,30687,316,326,1,1,5,5,NA,5
"1692","2020-03-12",0,20,0,0,5069,0.975932136516078,8295,30687,316,326,4,5,3,8,NA,3
"1693","2020-03-13",0,20,0,0,5069,0.975932136516078,8295,30687,316,326,NA,NA,1,9,NA,1
"1694","2020-03-14",1,20,36,9,5069,0.975932136516078,8295,30687,316,326,5,10,3,12,1,3
"1695","2020-03-15",2,20,46,12,5069,0.975932136516078,8295,30687,316,326,4,14,5,17,1,5
"1696","2020-03-16",2,20,37,18,5069,0.975932136516078,8295,30687,316,326,7,21,1,18,5,1
"1697","2020-03-17",1,20,31,29,5069,0.975932136516078,8295,30687,316,326,4,25,3,21,1,3
"1698","2020-03-18",2,20,33,35,5069,0.975932136516078,8295,30687,316,326,9,34,2,23,5,2
"1699","2020-03-19",5,20,25,42,5069,0.975932136516078,8295,30687,316,326,9,43,1,24,6,1
"1700","2020-03-20",8,20,32,58,5069,0.975932136516078,8295,30687,316,326,9,52,3,27,7,3
"1701","2020-03-21",12,20,31,66,5069,0.975932136516078,8295,30687,316,326,13,65,1,28,9,1
"1702","2020-03-22",17,20,38,73,5069,0.975932136516078,8295,30687,316,326,9,74,4,32,9,4
"1703","2020-03-23",19,20,36,83,5069,0.975932136516078,8295,30687,316,326,9,83,1,33,3,1
"1704","2020-03-24",17,20,42,94,5069,0.975932136516078,8295,30687,316,326,20,103,5,38,20,5
"1705","2020-03-25",17,20,40,103,5069,0.975932136516078,8295,30687,316,326,13,116,5,43,9,5
"1706","2020-03-26",19,20,35,116,5069,0.975932136516078,8295,30687,316,326,19,135,7,50,18,7
"1707","2020-03-27",21,20,34,136,5069,0.975932136516078,8295,30687,316,326,20,155,8,58,19,8
"1708","2020-03-28",22,20,44,148,5069,0.975932136516078,8295,30687,316,326,26,181,4,62,23,4
"1709","2020-03-29",25,20,47,162,5069,0.975932136516078,8295,30687,316,326,29,210,4,66,29,4
"1710","2020-03-30",26,20,48,170,5069,0.975932136516078,8295,30687,316,326,27,237,5,71,26,5
"1711","2020-03-31",33,20,42,193,5069,0.975932136516078,8295,30687,316,326,34,271,12,83,29,12
"1712","2020-04-01",36,20,37,223,5069,0.975932136516078,8295,30687,316,326,37,308,13,96,37,13
"1713","2020-04-02",38,20,44,249,5069,0.975932136516078,8295,30687,316,326,46,354,11,107,43,11
"1714","2020-04-03",45,20,47,283,5069,0.975932136516078,8295,30687,316,326,25,379,14,121,25,14
"1715","2020-04-04",59,20,47,314,5069,0.975932136516078,8295,30687,316,326,59,438,19,140,52,19
"1716","2020-04-05",79,20,67,340,5069,0.975932136516078,8295,30687,316,326,34,472,9,149,31,9
"1717","2020-04-06",80,20,65,384,5069,0.975932136516078,8295,30687,316,326,55,527,14,163,51,14
"1718","2020-04-07",83,20,68,412,5069,0.975932136516078,8295,30687,316,326,63,590,18,181,59,18
"1719","2020-04-08",96,20,62,453,5069,0.975932136516078,8295,30687,316,326,58,648,8,189,57,8
"1720","2020-04-09",104,20,70,514,5069,0.975932136516078,8295,30687,316,326,59,707,9,198,53,9
"1721","2020-04-10",146,20,66,556,5069,0.975932136516078,8295,30687,316,326,77,784,18,216,75,18
"1722","2020-04-11",186,20,59,612,5069,0.975932136516078,8295,30687,316,326,58,842,16,232,57,16
"1723","2020-04-12",187,20,54,655,5069,0.975932136516078,8295,30687,316,326,65,907,13,245,61,13
"1724","2020-04-13",189,20,45,717,5069,0.975932136516078,8295,30687,316,326,86,993,12,257,83,12
"1725","2020-04-14",189,20,49,761,5069,0.975932136516078,8295,30687,316,326,90,1083,12,269,86,12
"1726","2020-04-15",207,20,46,801,5069,0.975932136516078,8295,30687,316,326,87,1170,17,286,83,17
"1727","2020-04-16",232,20,42,861,5069,0.975932136516078,8295,30687,316,326,97,1267,13,299,93,13
"1728","2020-04-17",264,20,37,894,5069,0.975932136516078,8295,30687,316,326,87,1354,17,316,81,17
"1729","2020-04-18",256,20,32,933,5069,0.975932136516078,8295,30687,316,326,90,1444,9,325,88,9
"1730","2020-04-19",291,20,37,983,5069,0.975932136516078,8295,30687,316,326,122,1566,8,333,120,8
"1731","2020-04-20",299,20,40,1040,5069,0.975932136516078,8295,30687,316,326,96,1662,12,345,95,12
"1732","2020-04-21",304,20,42,1057,5069,0.975932136516078,8295,30687,316,326,129,1791,20,365,126,20
"1733","2020-04-22",309,20,37,1102,5069,0.975932136516078,8295,30687,316,326,94,1885,12,377,91,12
"1734","2020-04-23",312,20,37,1153,5069,0.975932136516078,8295,30687,316,326,113,1998,17,394,107,17
"1735","2020-04-24",369,20,47,1194,5069,0.975932136516078,8295,30687,316,326,114,2112,24,418,112,24
"1736","2020-04-25",430,20,61,1223,5069,0.975932136516078,8295,30687,316,326,135,2247,9,427,132,9
"1737","2020-04-26",390,20,54,1256,5069,0.975932136516078,8295,30687,316,326,122,2369,15,442,117,15
"1738","2020-04-27",398,20,55,1292,5069,0.975932136516078,8295,30687,316,326,111,2480,15,457,109,15
"1739","2020-04-28",404,20,75,1311,5069,0.975932136516078,8295,30687,316,326,146,2626,10,467,142,10
"1740","2020-04-29",409,20,74,1347,5069,0.975932136516078,8295,30687,316,326,119,2745,16,483,119,16
"1741","2020-04-30",414,20,69,1357,5069,0.975932136516078,8295,30687,316,326,129,2874,24,507,125,24
"1742","2020-05-01",482,20,67,1343,5069,0.975932136516078,8295,30687,316,326,108,2982,25,532,106,25
"1743","2020-05-02",439,20,59,1351,5069,0.975932136516078,8295,30687,316,326,115,3097,21,553,113,21
"1744","2020-05-03",429,20,49,1341,5069,0.975932136516078,8295,30687,316,326,108,3205,32,585,105,32
"1745","2020-05-04",443,20,59,1303,5069,0.975932136516078,8295,30687,316,326,117,3322,23,608,116,23
"1746","2020-05-05",444,20,72,1309,5069,0.975932136516078,8295,30687,316,326,94,3416,27,635,92,27
"1747","2020-05-06",439,20,81,1261,5069,0.975932136516078,8295,30687,316,326,105,3521,17,652,102,17
"1748","2020-05-07",440,20,80,1190,5069,0.975932136516078,8295,30687,316,326,109,3630,31,683,104,31
"1749","2020-05-08",424,20,88,1168,5069,0.975932136516078,8295,30687,316,326,86,3716,21,704,84,21
"1750","2020-05-09",428,20,83,1145,5069,0.975932136516078,8295,30687,316,326,92,3808,30,734,91,30
"1751","2020-05-10",416,20,81,1104,5069,0.975932136516078,8295,30687,316,326,95,3903,24,758,91,24
"1752","2020-05-11",390,20,98,1047,5069,0.975932136516078,8295,30687,316,326,69,3972,40,798,68,40
"1753","2020-05-12",375,20,93,1008,5069,0.975932136516078,8295,30687,316,326,78,4050,30,828,75,30
"1754","2020-05-13",379,20,108,980,5069,0.975932136516078,8295,30687,316,326,88,4138,19,847,85,19
"1755","2020-05-14",364,20,100,945,5069,0.975932136516078,8295,30687,316,326,73,4211,30,877,73,30
"1756","2020-05-15",337,20,98,912,5069,0.975932136516078,8295,30687,316,326,73,4284,31,908,70,31
"1757","2020-05-16",339,20,87,877,5069,0.975932136516078,8295,30687,316,326,68,4352,26,934,66,26
"1758","2020-05-17",320,20,82,834,5069,0.975932136516078,8295,30687,316,326,59,4411,22,956,58,22
"1759","2020-05-18",315,20,67,774,5069,0.975932136516078,8295,30687,316,326,48,4459,18,974,48,18
"1760","2020-05-19",304,20,59,743,5069,0.975932136516078,8295,30687,316,326,46,4505,15,989,45,15
"1761","2020-05-20",281,20,59,697,5069,0.975932136516078,8295,30687,316,326,44,4549,21,1010,44,21
"1762","2020-05-21",277,20,62,680,5069,0.975932136516078,8295,30687,316,326,37,4586,23,1033,36,23
"1763","2020-05-22",267,20,69,635,5069,0.975932136516078,8295,30687,316,326,46,4632,18,1051,44,18
"1764","2020-05-23",246,20,58,584,5069,0.975932136516078,8295,30687,316,326,33,4665,27,1078,33,27
"1765","2020-05-24",233,20,61,522,5069,0.975932136516078,8295,30687,316,326,36,4701,23,1101,36,23
"1766","2020-05-25",218,20,53,491,5069,0.975932136516078,8295,30687,316,326,38,4739,28,1129,34,28
"1767","2020-05-26",201,20,58,440,5069,0.975932136516078,8295,30687,316,326,24,4763,19,1148,24,19
"1768","2020-05-27",191,20,56,397,5069,0.975932136516078,8295,30687,316,326,23,4786,18,1166,23,18
"1769","2020-05-28",174,20,49,365,5069,0.975932136516078,8295,30687,316,326,24,4810,18,1184,24,18
"1770","2020-05-29",138,20,46,326,5069,0.975932136516078,8295,30687,316,326,34,4844,18,1202,34,18
"1771","2020-05-30",133,20,51,306,5069,0.975932136516078,8295,30687,316,326,25,4869,22,1224,24,23
"1772","2020-05-31",105,20,39,267,5069,0.975932136516078,8295,30687,316,326,32,4901,21,1245,32,21
"1773","2020-06-01",89,20,40,245,5069,0.975932136516078,8295,30687,316,326,21,4922,25,1270,19,25
"1774","2020-06-02",83,20,47,228,5069,0.975932136516078,8295,30687,316,326,20,4942,26,1296,20,26
"1775","2020-06-03",83,20,44,207,5069,0.975932136516078,8295,30687,316,326,17,4959,16,1312,15,16
"1776","2020-06-04",83,20,48,196,5069,0.975932136516078,8295,30687,316,326,16,4975,25,1337,15,25
"1777","2020-06-05",81,20,57,177,5069,0.975932136516078,8295,30687,316,326,8,4983,16,1353,7,16
"1778","2020-06-06",75,20,47,166,5069,0.975932136516078,8295,30687,316,326,11,4994,22,1375,11,22
"1779","2020-06-07",68,20,50,156,5069,0.975932136516078,8295,30687,316,326,16,5010,20,1395,16,20
