"","Date","Absents","Paramset","Infections_or_Exposed_per_day_Patient","Infections_or_Exposed_per_day_HCW","total_infections","nosocomial_proportion","PCR_pooled","LFD_pooled","HCW_symp_test","patient_symp_test","new_hcw_infs","cumulative_hcw_infs","new_pat_infs","cumulative_pats_infs","new_nosocomial_hcw_infs","new_nosocomial_pat_infs"
"1","2020-03-13",5,1,47,139,5743,0.38429392303674,2040,8025,600,767,45,139,14,38,6,14
"2","2020-03-14",18,1,51,199,5743,0.38429392303674,2040,8025,600,767,60,199,5,43,10,5
"3","2020-03-15",22,1,53,255,5743,0.38429392303674,2040,8025,600,767,56,255,3,46,20,3
"4","2020-03-16",32,1,56,307,5743,0.38429392303674,2040,8025,600,767,53,308,9,55,13,9
"5","2020-03-17",45,1,53,368,5743,0.38429392303674,2040,8025,600,767,62,370,1,56,28,1
"6","2020-03-18",59,1,48,428,5743,0.38429392303674,2040,8025,600,767,67,437,8,64,28,8
"7","2020-03-19",69,1,59,482,5743,0.38429392303674,2040,8025,600,767,68,505,13,77,20,13
"8","2020-03-20",98,1,58,540,5743,0.38429392303674,2040,8025,600,767,77,582,11,88,29,11
"9","2020-03-21",131,1,69,584,5743,0.38429392303674,2040,8025,600,767,61,643,13,101,30,13
"10","2020-03-22",164,1,81,629,5743,0.38429392303674,2040,8025,600,767,71,714,26,127,32,26
"11","2020-03-23",161,1,114,678,5743,0.38429392303674,2040,8025,600,767,79,793,36,163,29,36
"12","2020-03-24",179,1,155,722,5743,0.38429392303674,2040,8025,600,767,88,881,47,210,48,47
"13","2020-03-25",190,1,157,762,5743,0.38429392303674,2040,8025,600,767,86,967,36,246,45,36
"14","2020-03-26",205,1,162,790,5743,0.38429392303674,2040,8025,600,767,94,1061,31,277,47,31
"15","2020-03-27",267,1,160,816,5743,0.38429392303674,2040,8025,600,767,91,1152,31,308,48,31
"16","2020-03-28",260,1,156,868,5743,0.38429392303674,2040,8025,600,767,101,1253,20,328,62,20
"17","2020-03-29",244,1,169,884,5743,0.38429392303674,2040,8025,600,767,76,1329,36,364,37,36
"18","2020-03-30",255,1,169,919,5743,0.38429392303674,2040,8025,600,767,105,1434,36,400,58,36
"19","2020-03-31",256,1,164,932,5743,0.38429392303674,2040,8025,600,767,83,1517,30,430,45,30
"20","2020-04-01",269,1,173,956,5743,0.38429392303674,2040,8025,600,767,95,1612,36,466,47,36
"21","2020-04-02",275,1,172,968,5743,0.38429392303674,2040,8025,600,767,94,1706,22,488,52,22
"22","2020-04-03",313,1,157,988,5743,0.38429392303674,2040,8025,600,767,94,1800,21,509,48,21
"23","2020-04-04",337,1,138,1035,5743,0.38429392303674,2040,8025,600,767,122,1922,19,528,67,19
"24","2020-04-05",312,1,166,1046,5743,0.38429392303674,2040,8025,600,767,90,2012,37,565,41,37
"25","2020-04-06",323,1,152,1049,5743,0.38429392303674,2040,8025,600,767,93,2105,22,587,34,22
"26","2020-04-07",327,1,173,1080,5743,0.38429392303674,2040,8025,600,767,107,2212,48,635,57,48
"27","2020-04-08",330,1,184,1063,5743,0.38429392303674,2040,8025,600,767,76,2288,38,673,39,38
"28","2020-04-09",335,1,188,1050,5743,0.38429392303674,2040,8025,600,767,72,2360,35,708,25,35
"29","2020-04-10",351,1,193,1045,5743,0.38429392303674,2040,8025,600,767,99,2459,27,735,53,27
"30","2020-04-11",377,1,190,1050,5743,0.38429392303674,2040,8025,600,767,92,2551,30,765,40,30
"31","2020-04-12",381,1,187,1045,5743,0.38429392303674,2040,8025,600,767,84,2635,31,796,50,31
"32","2020-04-13",362,1,191,1039,5743,0.38429392303674,2040,8025,600,767,87,2722,27,823,45,27
"33","2020-04-14",341,1,180,1042,5743,0.38429392303674,2040,8025,600,767,97,2819,27,850,39,27
"34","2020-04-15",344,1,175,1008,5743,0.38429392303674,2040,8025,600,767,67,2886,27,877,25,27
"35","2020-04-16",339,1,179,985,5743,0.38429392303674,2040,8025,600,767,66,2952,33,910,27,33
"36","2020-04-17",367,1,189,987,5743,0.38429392303674,2040,8025,600,767,87,3039,31,941,44,31
"37","2020-04-18",353,1,175,943,5743,0.38429392303674,2040,8025,600,767,70,3109,26,967,32,26
"38","2020-04-19",314,1,164,895,5743,0.38429392303674,2040,8025,600,767,48,3157,16,983,18,16
"39","2020-04-20",308,1,149,898,5743,0.38429392303674,2040,8025,600,767,82,3239,9,992,36,9
"40","2020-04-21",311,1,168,877,5743,0.38429392303674,2040,8025,600,767,68,3307,39,1031,31,39
"41","2020-04-22",303,1,156,866,5743,0.38429392303674,2040,8025,600,767,70,3377,23,1054,26,23
"42","2020-04-23",298,1,155,866,5743,0.38429392303674,2040,8025,600,767,70,3447,26,1080,23,26
"43","2020-04-24",312,1,193,863,5743,0.38429392303674,2040,8025,600,767,74,3521,55,1135,23,55
"44","2020-04-25",299,1,216,850,5743,0.38429392303674,2040,8025,600,767,69,3590,50,1185,31,50
"45","2020-04-26",298,1,213,831,5743,0.38429392303674,2040,8025,600,767,60,3650,34,1219,21,34
"46","2020-04-27",285,1,243,808,5743,0.38429392303674,2040,8025,600,767,64,3714,57,1276,24,57
"47","2020-04-28",266,1,260,783,5743,0.38429392303674,2040,8025,600,767,53,3767,45,1321,23,45
"48","2020-04-29",257,1,256,766,5743,0.38429392303674,2040,8025,600,767,68,3835,32,1353,27,32
"49","2020-04-30",248,1,237,759,5743,0.38429392303674,2040,8025,600,767,59,3894,41,1394,28,41
"50","2020-05-01",246,1,224,740,5743,0.38429392303674,2040,8025,600,767,56,3950,37,1431,15,37
"51","2020-05-02",239,1,206,726,5743,0.38429392303674,2040,8025,600,767,54,4004,29,1460,15,29
"52","2020-05-03",219,1,186,706,5743,0.38429392303674,2040,8025,600,767,48,4052,19,1479,26,19
"53","2020-05-04",213,1,178,690,5743,0.38429392303674,2040,8025,600,767,52,4104,14,1493,20,14
"54","2020-05-05",208,1,200,676,5743,0.38429392303674,2040,8025,600,767,60,4164,40,1533,22,40
"55","2020-05-06",204,1,212,659,5743,0.38429392303674,2040,8025,600,767,46,4210,38,1571,14,38
"56","2020-05-07",201,1,234,636,5743,0.38429392303674,2040,8025,600,767,38,4248,54,1625,18,54
"57","2020-05-08",192,1,237,625,5743,0.38429392303674,2040,8025,600,767,51,4299,40,1665,21,40
"58","2020-05-09",199,1,250,600,5743,0.38429392303674,2040,8025,600,767,44,4343,51,1716,11,51
"59","2020-05-10",197,1,233,599,5743,0.38429392303674,2040,8025,600,767,49,4392,36,1752,21,36
"60","2020-05-11",202,1,252,611,5743,0.38429392303674,2040,8025,600,767,52,4444,49,1801,14,49
"61","2020-05-12",195,1,231,588,5743,0.38429392303674,2040,8025,600,767,36,4480,29,1830,12,29
"62","2020-05-13",195,1,225,568,5743,0.38429392303674,2040,8025,600,767,48,4528,41,1871,18,41
"63","2020-05-14",203,1,222,556,5743,0.38429392303674,2040,8025,600,767,34,4562,37,1908,10,37
"64","2020-05-15",210,1,243,536,5743,0.38429392303674,2040,8025,600,767,39,4601,40,1948,10,40
"65","2020-05-16",200,1,221,518,5743,0.38429392303674,2040,8025,600,767,34,4635,27,1975,17,27
"66","2020-05-17",184,1,183,497,5743,0.38429392303674,2040,8025,600,767,27,4662,10,1985,7,10
"67","2020-05-18",179,1,172,473,5743,0.38429392303674,2040,8025,600,767,35,4697,20,2005,14,20
"68","2020-05-19",167,1,197,460,5743,0.38429392303674,2040,8025,600,767,34,4731,35,2040,8,35
"69","2020-05-20",161,1,194,447,5743,0.38429392303674,2040,8025,600,767,37,4768,30,2070,16,30
"70","2020-05-21",155,1,178,427,5743,0.38429392303674,2040,8025,600,767,28,4796,18,2088,12,18
"71","2020-05-22",141,1,167,410,5743,0.38429392303674,2040,8025,600,767,30,4826,27,2115,11,27
"72","2020-05-23",134,1,187,392,5743,0.38429392303674,2040,8025,600,767,26,4852,39,2154,7,39
"73","2020-05-24",128,1,195,367,5743,0.38429392303674,2040,8025,600,767,30,4882,38,2192,7,38
"74","2020-05-25",130,1,211,354,5743,0.38429392303674,2040,8025,600,767,28,4910,40,2232,10,40
"75","2020-05-26",120,1,194,332,5743,0.38429392303674,2040,8025,600,767,22,4932,32,2264,6,32
"76","2020-05-27",119,1,167,324,5743,0.38429392303674,2040,8025,600,767,30,4962,19,2283,16,19
"77","2020-05-28",116,1,150,311,5743,0.38429392303674,2040,8025,600,767,17,4979,15,2298,5,15
"78","2020-05-29",120,1,151,309,5743,0.38429392303674,2040,8025,600,767,32,5011,22,2320,11,22
"79","2020-05-30",124,1,145,308,5743,0.38429392303674,2040,8025,600,767,25,5036,16,2336,11,16
"80","2020-05-31",105,1,143,305,5743,0.38429392303674,2040,8025,600,767,24,5060,22,2358,11,22
"81","2020-06-01",94,1,146,290,5743,0.38429392303674,2040,8025,600,767,20,5080,20,2378,7,20
"82","2020-06-02",97,1,145,285,5743,0.38429392303674,2040,8025,600,767,22,5102,32,2410,4,32
"83","2020-06-03",92,1,141,277,5743,0.38429392303674,2040,8025,600,767,19,5121,19,2429,4,19
"84","2020-06-04",91,1,129,262,5743,0.38429392303674,2040,8025,600,767,14,5135,14,2443,6,14
"85","2020-06-05",94,1,124,248,5743,0.38429392303674,2040,8025,600,767,13,5148,10,2453,3,10
"86","2020-06-06",93,1,111,233,5743,0.38429392303674,2040,8025,600,767,10,5158,6,2459,5,6
"87","2020-06-07",92,1,107,233,5743,0.38429392303674,2040,8025,600,767,20,5178,17,2476,8,17
"88","2020-03-13",4,2,21,50,5742,0.712991988854058,2070,8238,618,485,41,103,6,21,5,6
"89","2020-03-14",5,2,18,75,5742,0.712991988854058,2070,8238,618,485,43,146,11,32,10,11
"90","2020-03-15",5,2,17,98,5742,0.712991988854058,2070,8238,618,485,34,180,8,40,5,8
"91","2020-03-16",8,2,21,129,5742,0.712991988854058,2070,8238,618,485,53,233,15,55,25,15
"92","2020-03-17",13,2,23,166,5742,0.712991988854058,2070,8238,618,485,45,278,13,68,16,13
"93","2020-03-18",18,2,48,210,5742,0.712991988854058,2070,8238,618,485,58,336,15,83,25,15
"94","2020-03-19",31,2,56,239,5742,0.712991988854058,2070,8238,618,485,64,400,13,96,34,13
"95","2020-03-20",40,2,60,300,5742,0.712991988854058,2070,8238,618,485,77,477,8,104,34,8
"96","2020-03-21",63,2,53,347,5742,0.712991988854058,2070,8238,618,485,70,547,12,116,33,12
"97","2020-03-22",81,2,75,403,5742,0.712991988854058,2070,8238,618,485,71,618,20,136,29,20
"98","2020-03-23",83,2,85,462,5742,0.712991988854058,2070,8238,618,485,76,694,34,170,40,34
"99","2020-03-24",91,2,101,502,5742,0.712991988854058,2070,8238,618,485,77,771,28,198,41,28
"100","2020-03-25",104,2,106,555,5742,0.712991988854058,2070,8238,618,485,64,835,23,221,38,23
"101","2020-03-26",114,2,110,606,5742,0.712991988854058,2070,8238,618,485,80,915,21,242,46,21
"102","2020-03-27",169,2,100,683,5742,0.712991988854058,2070,8238,618,485,99,1014,33,275,67,33
"103","2020-03-28",186,2,93,746,5742,0.712991988854058,2070,8238,618,485,90,1104,27,302,51,27
"104","2020-03-29",218,2,92,794,5742,0.712991988854058,2070,8238,618,485,94,1198,34,336,61,34
"105","2020-03-30",244,2,102,839,5742,0.712991988854058,2070,8238,618,485,91,1289,41,377,56,41
"106","2020-03-31",245,2,143,884,5742,0.712991988854058,2070,8238,618,485,96,1385,26,403,46,26
"107","2020-04-01",253,2,156,964,5742,0.712991988854058,2070,8238,618,485,112,1497,39,442,69,39
"108","2020-04-02",254,2,156,1022,5742,0.712991988854058,2070,8238,618,485,91,1588,31,473,64,31
"109","2020-04-03",326,2,142,1066,5742,0.712991988854058,2070,8238,618,485,99,1687,29,502,61,29
"110","2020-04-04",367,2,137,1112,5742,0.712991988854058,2070,8238,618,485,136,1823,23,525,86,23
"111","2020-04-05",351,2,158,1137,5742,0.712991988854058,2070,8238,618,485,104,1927,42,567,68,42
"112","2020-04-06",340,2,151,1197,5742,0.712991988854058,2070,8238,618,485,103,2030,54,621,64,54
"113","2020-04-07",357,2,169,1239,5742,0.712991988854058,2070,8238,618,485,100,2130,29,650,60,29
"114","2020-04-08",380,2,163,1289,5742,0.712991988854058,2070,8238,618,485,108,2238,21,671,70,21
"115","2020-04-09",405,2,182,1328,5742,0.712991988854058,2070,8238,618,485,89,2327,20,691,52,20
"116","2020-04-10",452,2,178,1342,5742,0.712991988854058,2070,8238,618,485,81,2408,39,730,53,39
"117","2020-04-11",462,2,144,1359,5742,0.712991988854058,2070,8238,618,485,97,2505,27,757,59,27
"118","2020-04-12",463,2,132,1397,5742,0.712991988854058,2070,8238,618,485,60,2565,35,792,42,35
"119","2020-04-13",467,2,126,1415,5742,0.712991988854058,2070,8238,618,485,103,2668,40,832,71,40
"120","2020-04-14",452,2,114,1404,5742,0.712991988854058,2070,8238,618,485,81,2749,39,871,47,39
"121","2020-04-15",452,2,117,1403,5742,0.712991988854058,2070,8238,618,485,78,2827,30,901,46,30
"122","2020-04-16",446,2,139,1412,5742,0.712991988854058,2070,8238,618,485,87,2914,33,934,45,33
"123","2020-04-17",485,2,166,1396,5742,0.712991988854058,2070,8238,618,485,110,3024,42,976,70,42
"124","2020-04-18",502,2,170,1389,5742,0.712991988854058,2070,8238,618,485,71,3095,45,1021,34,45
"125","2020-04-19",443,2,164,1392,5742,0.712991988854058,2070,8238,618,485,65,3160,44,1065,34,44
"126","2020-04-20",444,2,173,1374,5742,0.712991988854058,2070,8238,618,485,67,3227,34,1099,34,34
"127","2020-04-21",457,2,182,1326,5742,0.712991988854058,2070,8238,618,485,75,3302,56,1155,42,56
"128","2020-04-22",451,2,182,1280,5742,0.712991988854058,2070,8238,618,485,71,3373,36,1191,36,36
"129","2020-04-23",461,2,184,1254,5742,0.712991988854058,2070,8238,618,485,65,3438,38,1229,32,38
"130","2020-04-24",499,2,174,1239,5742,0.712991988854058,2070,8238,618,485,77,3515,33,1262,42,33
"131","2020-04-25",465,2,155,1172,5742,0.712991988854058,2070,8238,618,485,72,3587,37,1299,34,37
"132","2020-04-26",431,2,160,1118,5742,0.712991988854058,2070,8238,618,485,69,3656,37,1336,25,37
"133","2020-04-27",399,2,151,1054,5742,0.712991988854058,2070,8238,618,485,65,3721,26,1362,34,26
"134","2020-04-28",371,2,146,1006,5742,0.712991988854058,2070,8238,618,485,51,3772,23,1385,16,23
"135","2020-04-29",356,2,134,961,5742,0.712991988854058,2070,8238,618,485,68,3840,25,1410,37,25
"136","2020-04-30",343,2,141,908,5742,0.712991988854058,2070,8238,618,485,61,3901,46,1456,37,46
"137","2020-05-01",296,2,167,846,5742,0.712991988854058,2070,8238,618,485,59,3960,29,1485,28,29
"138","2020-05-02",305,2,175,786,5742,0.712991988854058,2070,8238,618,485,59,4019,22,1507,31,22
"139","2020-05-03",284,2,194,762,5742,0.712991988854058,2070,8238,618,485,46,4065,20,1527,21,20
"140","2020-05-04",275,2,180,724,5742,0.712991988854058,2070,8238,618,485,45,4110,30,1557,23,30
"141","2020-05-05",263,2,166,679,5742,0.712991988854058,2070,8238,618,485,54,4164,29,1586,20,29
"142","2020-05-06",254,2,146,666,5742,0.712991988854058,2070,8238,618,485,53,4217,28,1614,24,28
"143","2020-05-07",245,2,137,621,5742,0.712991988854058,2070,8238,618,485,54,4271,36,1650,20,36
"144","2020-05-08",228,2,163,589,5742,0.712991988854058,2070,8238,618,485,45,4316,21,1671,20,21
"145","2020-05-09",228,2,176,564,5742,0.712991988854058,2070,8238,618,485,38,4354,32,1703,9,32
"146","2020-05-10",207,2,188,529,5742,0.712991988854058,2070,8238,618,485,50,4404,42,1745,20,42
"147","2020-05-11",193,2,200,495,5742,0.712991988854058,2070,8238,618,485,44,4448,42,1787,22,42
"148","2020-05-12",187,2,219,466,5742,0.712991988854058,2070,8238,618,485,39,4487,25,1812,17,25
"149","2020-05-13",179,2,213,449,5742,0.712991988854058,2070,8238,618,485,46,4533,36,1848,24,36
"150","2020-05-14",160,2,201,420,5742,0.712991988854058,2070,8238,618,485,42,4575,37,1885,18,37
"151","2020-05-15",162,2,203,416,5742,0.712991988854058,2070,8238,618,485,33,4608,21,1906,14,21
"152","2020-05-16",150,2,219,393,5742,0.712991988854058,2070,8238,618,485,39,4647,16,1922,20,16
"153","2020-05-17",146,2,207,382,5742,0.712991988854058,2070,8238,618,485,37,4684,15,1937,14,15
"154","2020-05-18",145,2,184,375,5742,0.712991988854058,2070,8238,618,485,32,4716,23,1960,15,23
"155","2020-05-19",144,2,160,363,5742,0.712991988854058,2070,8238,618,485,34,4750,25,1985,15,25
"156","2020-05-20",149,2,167,348,5742,0.712991988854058,2070,8238,618,485,33,4783,43,2028,17,43
"157","2020-05-21",150,2,167,335,5742,0.712991988854058,2070,8238,618,485,22,4805,23,2051,11,23
"158","2020-05-22",134,2,166,323,5742,0.712991988854058,2070,8238,618,485,25,4830,25,2076,10,25
"159","2020-05-23",122,2,170,317,5742,0.712991988854058,2070,8238,618,485,26,4856,18,2094,8,18
"160","2020-05-24",123,2,179,305,5742,0.712991988854058,2070,8238,618,485,29,4885,27,2121,12,27
"161","2020-05-25",114,2,181,284,5742,0.712991988854058,2070,8238,618,485,28,4913,27,2148,12,27
"162","2020-05-26",97,2,174,261,5742,0.712991988854058,2070,8238,618,485,24,4937,23,2171,13,23
"163","2020-05-27",93,2,168,246,5742,0.712991988854058,2070,8238,618,485,19,4956,26,2197,9,26
"164","2020-05-28",88,2,168,234,5742,0.712991988854058,2070,8238,618,485,18,4974,20,2217,9,20
"165","2020-05-29",87,2,165,226,5742,0.712991988854058,2070,8238,618,485,19,4993,14,2231,9,14
"166","2020-05-30",100,2,150,215,5742,0.712991988854058,2070,8238,618,485,20,5013,17,2248,6,17
"167","2020-05-31",82,2,136,208,5742,0.712991988854058,2070,8238,618,485,15,5028,13,2261,7,13
"168","2020-06-01",72,2,133,191,5742,0.712991988854058,2070,8238,618,485,15,5043,23,2284,6,23
"169","2020-06-02",66,2,134,184,5742,0.712991988854058,2070,8238,618,485,13,5056,28,2312,5,28
"170","2020-06-03",60,2,128,172,5742,0.712991988854058,2070,8238,618,485,28,5084,31,2343,10,31
"171","2020-06-04",53,2,112,152,5742,0.712991988854058,2070,8238,618,485,14,5098,19,2362,5,19
"172","2020-06-05",47,2,101,151,5742,0.712991988854058,2070,8238,618,485,12,5110,18,2380,5,18
"173","2020-06-06",41,2,102,141,5742,0.712991988854058,2070,8238,618,485,11,5121,18,2398,5,18
"174","2020-06-07",49,2,107,128,5742,0.712991988854058,2070,8238,618,485,13,5134,20,2418,3,20
"175","2020-03-07",3,3,0,0,6356,0.533668974197609,2055,8281,645,1576,NA,NA,NA,NA,NA,NA
"176","2020-03-08",4,3,0,0,6356,0.533668974197609,2055,8281,645,1576,NA,NA,NA,NA,NA,NA
"177","2020-03-09",1,3,0,0,6356,0.533668974197609,2055,8281,645,1576,NA,NA,NA,NA,NA,NA
"178","2020-03-10",0,3,0,0,6356,0.533668974197609,2055,8281,645,1576,NA,NA,NA,NA,NA,NA
"179","2020-03-11",0,3,0,0,6356,0.533668974197609,2055,8281,645,1576,15,15,13,13,3,13
"180","2020-03-12",0,3,0,0,6356,0.533668974197609,2055,8281,645,1576,15,30,18,31,6,18
"181","2020-03-13",6,3,83,118,6356,0.533668974197609,2055,8281,645,1576,22,52,13,44,12,13
"182","2020-03-14",15,3,117,168,6356,0.533668974197609,2055,8281,645,1576,24,76,20,64,13,20
"183","2020-03-15",27,3,146,233,6356,0.533668974197609,2055,8281,645,1576,26,102,21,85,13,21
"184","2020-03-16",30,3,167,305,6356,0.533668974197609,2055,8281,645,1576,39,141,23,108,30,23
"185","2020-03-17",44,3,178,382,6356,0.533668974197609,2055,8281,645,1576,36,177,19,127,24,19
"186","2020-03-18",57,3,237,449,6356,0.533668974197609,2055,8281,645,1576,48,225,29,156,36,29
"187","2020-03-19",71,3,235,529,6356,0.533668974197609,2055,8281,645,1576,61,286,21,177,46,21
"188","2020-03-20",117,3,217,609,6356,0.533668974197609,2055,8281,645,1576,62,348,45,222,50,45
"189","2020-03-21",141,3,217,702,6356,0.533668974197609,2055,8281,645,1576,68,416,34,256,58,34
"190","2020-03-22",158,3,215,776,6356,0.533668974197609,2055,8281,645,1576,89,505,35,291,72,35
"191","2020-03-23",190,3,225,854,6356,0.533668974197609,2055,8281,645,1576,82,587,35,326,71,35
"192","2020-03-24",187,3,232,918,6356,0.533668974197609,2055,8281,645,1576,91,678,36,362,76,36
"193","2020-03-25",207,3,235,985,6356,0.533668974197609,2055,8281,645,1576,103,781,31,393,89,31
"194","2020-03-26",232,3,238,1029,6356,0.533668974197609,2055,8281,645,1576,110,891,23,416,96,23
"195","2020-03-27",314,3,240,1078,6356,0.533668974197609,2055,8281,645,1576,105,996,13,429,92,13
"196","2020-03-28",400,3,267,1103,6356,0.533668974197609,2055,8281,645,1576,120,1116,23,452,102,23
"197","2020-03-29",387,3,289,1155,6356,0.533668974197609,2055,8281,645,1576,119,1235,20,472,103,20
"198","2020-03-30",361,3,265,1200,6356,0.533668974197609,2055,8281,645,1576,125,1360,20,492,107,20
"199","2020-03-31",380,3,261,1245,6356,0.533668974197609,2055,8281,645,1576,141,1501,25,517,130,25
"200","2020-04-01",382,3,256,1293,6356,0.533668974197609,2055,8281,645,1576,143,1644,13,530,132,13
"201","2020-04-02",390,3,236,1304,6356,0.533668974197609,2055,8281,645,1576,146,1790,18,548,133,18
"202","2020-04-03",473,3,217,1317,6356,0.533668974197609,2055,8281,645,1576,117,1907,42,590,106,42
"203","2020-04-04",457,3,226,1317,6356,0.533668974197609,2055,8281,645,1576,177,2084,28,618,168,28
"204","2020-04-05",431,3,213,1335,6356,0.533668974197609,2055,8281,645,1576,154,2238,49,667,143,49
"205","2020-04-06",422,3,211,1320,6356,0.533668974197609,2055,8281,645,1576,185,2423,40,707,175,40
"206","2020-04-07",429,3,191,1352,6356,0.533668974197609,2055,8281,645,1576,140,2563,47,754,131,47
"207","2020-04-08",439,3,184,1349,6356,0.533668974197609,2055,8281,645,1576,159,2722,33,787,147,33
"208","2020-04-09",433,3,184,1376,6356,0.533668974197609,2055,8281,645,1576,131,2853,38,825,122,38
"209","2020-04-10",479,3,184,1355,6356,0.533668974197609,2055,8281,645,1576,138,2991,21,846,127,21
"210","2020-04-11",464,3,205,1314,6356,0.533668974197609,2055,8281,645,1576,123,3114,40,886,113,40
"211","2020-04-12",441,3,254,1282,6356,0.533668974197609,2055,8281,645,1576,150,3264,28,914,144,28
"212","2020-04-13",448,3,251,1264,6356,0.533668974197609,2055,8281,645,1576,127,3391,38,952,121,38
"213","2020-04-14",429,3,257,1223,6356,0.533668974197609,2055,8281,645,1576,149,3540,45,997,134,45
"214","2020-04-15",434,3,259,1206,6356,0.533668974197609,2055,8281,645,1576,131,3671,62,1059,125,62
"215","2020-04-16",425,3,261,1190,6356,0.533668974197609,2055,8281,645,1576,114,3785,37,1096,100,37
"216","2020-04-17",454,3,264,1167,6356,0.533668974197609,2055,8281,645,1576,111,3896,28,1124,106,28
"217","2020-04-18",448,3,302,1125,6356,0.533668974197609,2055,8281,645,1576,104,4000,21,1145,94,21
"218","2020-04-19",389,3,288,1096,6356,0.533668974197609,2055,8281,645,1576,102,4102,29,1174,90,29
"219","2020-04-20",369,3,302,1058,6356,0.533668974197609,2055,8281,645,1576,95,4197,45,1219,88,45
"220","2020-04-21",366,3,309,1018,6356,0.533668974197609,2055,8281,645,1576,98,4295,39,1258,83,39
"221","2020-04-22",354,3,307,997,6356,0.533668974197609,2055,8281,645,1576,103,4398,23,1281,97,23
"222","2020-04-23",365,3,289,990,6356,0.533668974197609,2055,8281,645,1576,56,4454,47,1328,48,47
"223","2020-04-24",350,3,290,956,6356,0.533668974197609,2055,8281,645,1576,88,4542,33,1361,74,33
"224","2020-04-25",355,3,282,942,6356,0.533668974197609,2055,8281,645,1576,72,4614,23,1384,65,23
"225","2020-04-26",340,3,279,910,6356,0.533668974197609,2055,8281,645,1576,80,4694,28,1412,66,28
"226","2020-04-27",341,3,302,906,6356,0.533668974197609,2055,8281,645,1576,51,4745,31,1443,42,31
"227","2020-04-28",328,3,292,888,6356,0.533668974197609,2055,8281,645,1576,66,4811,45,1488,56,45
"228","2020-04-29",322,3,328,847,6356,0.533668974197609,2055,8281,645,1576,41,4852,45,1533,36,45
"229","2020-04-30",303,3,345,837,6356,0.533668974197609,2055,8281,645,1576,55,4907,55,1588,50,55
"230","2020-05-01",265,3,335,798,6356,0.533668974197609,2055,8281,645,1576,64,4971,32,1620,52,32
"231","2020-05-02",271,3,330,784,6356,0.533668974197609,2055,8281,645,1576,60,5031,20,1640,51,20
"232","2020-05-03",280,3,337,734,6356,0.533668974197609,2055,8281,645,1576,45,5076,20,1660,43,20
"233","2020-05-04",263,3,304,704,6356,0.533668974197609,2055,8281,645,1576,34,5110,13,1673,29,13
"234","2020-05-05",252,3,301,661,6356,0.533668974197609,2055,8281,645,1576,33,5143,16,1689,27,16
"235","2020-05-06",243,3,307,623,6356,0.533668974197609,2055,8281,645,1576,44,5187,41,1730,37,41
"236","2020-05-07",244,3,299,600,6356,0.533668974197609,2055,8281,645,1576,38,5225,25,1755,25,25
"237","2020-05-08",223,3,283,583,6356,0.533668974197609,2055,8281,645,1576,36,5261,26,1781,28,26
"238","2020-05-09",203,3,276,558,6356,0.533668974197609,2055,8281,645,1576,43,5304,32,1813,31,32
"239","2020-05-10",176,3,284,536,6356,0.533668974197609,2055,8281,645,1576,26,5330,31,1844,23,31
"240","2020-05-11",182,3,295,522,6356,0.533668974197609,2055,8281,645,1576,22,5352,15,1859,16,15
"241","2020-05-12",176,3,288,504,6356,0.533668974197609,2055,8281,645,1576,38,5390,24,1883,30,24
"242","2020-05-13",168,3,265,493,6356,0.533668974197609,2055,8281,645,1576,34,5424,37,1920,29,37
"243","2020-05-14",160,3,264,478,6356,0.533668974197609,2055,8281,645,1576,32,5456,51,1971,26,51
"244","2020-05-15",157,3,286,461,6356,0.533668974197609,2055,8281,645,1576,35,5491,47,2018,27,47
"245","2020-05-16",154,3,309,440,6356,0.533668974197609,2055,8281,645,1576,25,5516,54,2072,16,54
"246","2020-05-17",151,3,309,426,6356,0.533668974197609,2055,8281,645,1576,24,5540,59,2131,16,59
"247","2020-05-18",144,3,292,419,6356,0.533668974197609,2055,8281,645,1576,24,5564,43,2174,18,43
"248","2020-05-19",142,3,299,409,6356,0.533668974197609,2055,8281,645,1576,19,5583,30,2204,16,30
"249","2020-05-20",140,3,279,391,6356,0.533668974197609,2055,8281,645,1576,27,5610,39,2243,21,39
"250","2020-05-21",132,3,284,381,6356,0.533668974197609,2055,8281,645,1576,21,5631,46,2289,13,46
"251","2020-05-22",141,3,269,372,6356,0.533668974197609,2055,8281,645,1576,22,5653,45,2334,17,45
"252","2020-05-23",139,3,272,340,6356,0.533668974197609,2055,8281,645,1576,23,5676,33,2367,18,33
"253","2020-05-24",132,3,250,331,6356,0.533668974197609,2055,8281,645,1576,20,5696,49,2416,16,49
"254","2020-05-25",125,3,270,318,6356,0.533668974197609,2055,8281,645,1576,16,5712,43,2459,14,43
"255","2020-05-26",115,3,282,303,6356,0.533668974197609,2055,8281,645,1576,15,5727,16,2475,11,16
"256","2020-05-27",113,3,282,292,6356,0.533668974197609,2055,8281,645,1576,20,5747,28,2503,14,28
"257","2020-05-28",118,3,289,278,6356,0.533668974197609,2055,8281,645,1576,16,5763,29,2532,9,29
"258","2020-05-29",105,3,266,267,6356,0.533668974197609,2055,8281,645,1576,11,5774,22,2554,9,22
"259","2020-05-30",105,3,252,261,6356,0.533668974197609,2055,8281,645,1576,14,5788,22,2576,13,22
"260","2020-05-31",99,3,265,244,6356,0.533668974197609,2055,8281,645,1576,10,5798,21,2597,8,21
"261","2020-06-01",93,3,285,230,6356,0.533668974197609,2055,8281,645,1576,8,5806,25,2622,7,25
"262","2020-06-02",91,3,262,222,6356,0.533668974197609,2055,8281,645,1576,11,5817,30,2652,7,30
"263","2020-06-03",84,3,275,213,6356,0.533668974197609,2055,8281,645,1576,10,5827,20,2672,10,20
"264","2020-06-04",81,3,265,192,6356,0.533668974197609,2055,8281,645,1576,13,5840,30,2702,7,30
"265","2020-06-05",81,3,256,180,6356,0.533668974197609,2055,8281,645,1576,7,5847,28,2730,7,28
"266","2020-06-06",70,3,239,171,6356,0.533668974197609,2055,8281,645,1576,12,5859,35,2765,9,35
"267","2020-06-07",58,3,257,152,6356,0.533668974197609,2055,8281,645,1576,9,5868,19,2784,7,19
"268","2020-03-08",1,4,0,0,5115,0.721603128054741,1965,7199,506,903,NA,NA,NA,NA,NA,NA
"269","2020-03-09",1,4,0,0,5115,0.721603128054741,1965,7199,506,903,NA,NA,NA,NA,NA,NA
"270","2020-03-10",0,4,0,0,5115,0.721603128054741,1965,7199,506,903,1,1,5,5,1,5
"271","2020-03-11",0,4,0,0,5115,0.721603128054741,1965,7199,506,903,37,38,18,23,4,18
"272","2020-03-12",0,4,0,0,5115,0.721603128054741,1965,7199,506,903,47,85,16,39,9,16
"273","2020-03-13",0,4,0,0,5115,0.721603128054741,1965,7199,506,903,46,131,13,52,10,13
"274","2020-03-14",0,4,0,0,5115,0.721603128054741,1965,7199,506,903,58,189,6,58,15,6
"275","2020-03-15",5,4,29,116,5115,0.721603128054741,1965,7199,506,903,60,249,6,64,20,6
"276","2020-03-16",8,4,32,157,5115,0.721603128054741,1965,7199,506,903,56,305,4,68,20,4
"277","2020-03-17",15,4,32,196,5115,0.721603128054741,1965,7199,506,903,76,381,2,70,31,2
"278","2020-03-18",21,4,52,220,5115,0.721603128054741,1965,7199,506,903,71,452,3,73,26,3
"279","2020-03-19",28,4,68,252,5115,0.721603128054741,1965,7199,506,903,90,542,15,88,42,15
"280","2020-03-20",46,4,93,295,5115,0.721603128054741,1965,7199,506,903,85,627,47,135,45,47
"281","2020-03-21",76,4,83,344,5115,0.721603128054741,1965,7199,506,903,82,709,72,207,39,72
"282","2020-03-22",94,4,83,380,5115,0.721603128054741,1965,7199,506,903,101,810,55,262,64,55
"283","2020-03-23",102,4,72,419,5115,0.721603128054741,1965,7199,506,903,90,900,85,347,52,85
"284","2020-03-24",112,4,66,457,5115,0.721603128054741,1965,7199,506,903,104,1004,50,397,56,50
"285","2020-03-25",117,4,72,489,5115,0.721603128054741,1965,7199,506,903,98,1102,59,456,66,59
"286","2020-03-26",131,4,92,520,5115,0.721603128054741,1965,7199,506,903,94,1196,35,491,57,35
"287","2020-03-27",165,4,83,562,5115,0.721603128054741,1965,7199,506,903,123,1319,51,542,79,51
"288","2020-03-28",165,4,69,603,5115,0.721603128054741,1965,7199,506,903,130,1449,29,571,77,29
"289","2020-03-29",168,4,66,613,5115,0.721603128054741,1965,7199,506,903,110,1559,28,599,70,28
"290","2020-03-30",181,4,57,641,5115,0.721603128054741,1965,7199,506,903,122,1681,33,632,76,33
"291","2020-03-31",188,4,69,665,5115,0.721603128054741,1965,7199,506,903,102,1783,31,663,63,31
"292","2020-04-01",202,4,91,702,5115,0.721603128054741,1965,7199,506,903,98,1881,28,691,66,28
"293","2020-04-02",203,4,129,734,5115,0.721603128054741,1965,7199,506,903,107,1988,37,728,69,37
"294","2020-04-03",228,4,147,739,5115,0.721603128054741,1965,7199,506,903,90,2078,32,760,45,32
"295","2020-04-04",272,4,172,746,5115,0.721603128054741,1965,7199,506,903,123,2201,65,825,80,65
"296","2020-04-05",257,4,172,762,5115,0.721603128054741,1965,7199,506,903,106,2307,66,891,70,66
"297","2020-04-06",248,4,162,812,5115,0.721603128054741,1965,7199,506,903,137,2444,62,953,78,62
"298","2020-04-07",254,4,153,841,5115,0.721603128054741,1965,7199,506,903,114,2558,68,1021,78,68
"299","2020-04-08",260,4,156,841,5115,0.721603128054741,1965,7199,506,903,115,2673,30,1051,69,30
"300","2020-04-09",268,4,136,882,5115,0.721603128054741,1965,7199,506,903,101,2774,30,1081,71,30
"301","2020-04-10",315,4,131,882,5115,0.721603128054741,1965,7199,506,903,89,2863,25,1106,45,25
"302","2020-04-11",299,4,147,904,5115,0.721603128054741,1965,7199,506,903,92,2955,26,1132,59,26
"303","2020-04-12",283,4,141,956,5115,0.721603128054741,1965,7199,506,903,112,3067,12,1144,63,12
"304","2020-04-13",283,4,133,970,5115,0.721603128054741,1965,7199,506,903,81,3148,32,1176,43,32
"305","2020-04-14",284,4,155,996,5115,0.721603128054741,1965,7199,506,903,94,3242,21,1197,42,21
"306","2020-04-15",299,4,154,1002,5115,0.721603128054741,1965,7199,506,903,96,3338,25,1222,61,25
"307","2020-04-16",314,4,135,1004,5115,0.721603128054741,1965,7199,506,903,94,3432,64,1286,44,64
"308","2020-04-17",342,4,117,1040,5115,0.721603128054741,1965,7199,506,903,80,3512,68,1354,48,68
"309","2020-04-18",382,4,108,1053,5115,0.721603128054741,1965,7199,506,903,94,3606,30,1384,59,30
"310","2020-04-19",354,4,112,1051,5115,0.721603128054741,1965,7199,506,903,80,3686,23,1407,53,23
"311","2020-04-20",332,4,133,1037,5115,0.721603128054741,1965,7199,506,903,79,3765,46,1453,43,46
"312","2020-04-21",337,4,138,1017,5115,0.721603128054741,1965,7199,506,903,91,3856,54,1507,52,54
"313","2020-04-22",331,4,132,1027,5115,0.721603128054741,1965,7199,506,903,89,3945,86,1593,48,86
"314","2020-04-23",328,4,163,1021,5115,0.721603128054741,1965,7199,506,903,79,4024,48,1641,42,48
"315","2020-04-24",344,4,177,990,5115,0.721603128054741,1965,7199,506,903,82,4106,58,1699,57,58
"316","2020-04-25",338,4,169,973,5115,0.721603128054741,1965,7199,506,903,72,4178,39,1738,36,39
"317","2020-04-26",337,4,167,989,5115,0.721603128054741,1965,7199,506,903,64,4242,47,1785,37,47
"318","2020-04-27",356,4,186,971,5115,0.721603128054741,1965,7199,506,903,62,4304,61,1846,38,61
"319","2020-04-28",338,4,186,947,5115,0.721603128054741,1965,7199,506,903,46,4350,40,1886,22,40
"320","2020-04-29",332,4,178,903,5115,0.721603128054741,1965,7199,506,903,82,4432,44,1930,50,44
"321","2020-04-30",319,4,170,883,5115,0.721603128054741,1965,7199,506,903,67,4499,23,1953,36,23
"322","2020-05-01",322,4,192,841,5115,0.721603128054741,1965,7199,506,903,66,4565,23,1976,39,23
"323","2020-05-02",293,4,206,846,5115,0.721603128054741,1965,7199,506,903,69,4634,76,2052,39,76
"324","2020-05-03",268,4,217,823,5115,0.721603128054741,1965,7199,506,903,50,4684,39,2091,20,39
"325","2020-05-04",255,4,193,792,5115,0.721603128054741,1965,7199,506,903,57,4741,45,2136,21,45
"326","2020-05-05",253,4,196,757,5115,0.721603128054741,1965,7199,506,903,66,4807,57,2193,32,57
"327","2020-05-06",251,4,218,737,5115,0.721603128054741,1965,7199,506,903,48,4855,27,2220,26,27
"328","2020-05-07",257,4,226,731,5115,0.721603128054741,1965,7199,506,903,54,4909,24,2244,17,24
"329","2020-05-08",253,4,222,700,5115,0.721603128054741,1965,7199,506,903,47,4956,69,2313,25,69
"330","2020-05-09",266,4,214,682,5115,0.721603128054741,1965,7199,506,903,39,4995,45,2358,17,45
"331","2020-05-10",252,4,183,672,5115,0.721603128054741,1965,7199,506,903,46,5041,23,2381,26,23
"332","2020-05-11",229,4,160,640,5115,0.721603128054741,1965,7199,506,903,45,5086,14,2395,28,14
"333","2020-05-12",225,4,158,619,5115,0.721603128054741,1965,7199,506,903,41,5127,35,2430,16,35
"334","2020-05-13",204,4,155,589,5115,0.721603128054741,1965,7199,506,903,39,5166,29,2459,18,29
"335","2020-05-14",190,4,192,563,5115,0.721603128054741,1965,7199,506,903,35,5201,55,2514,21,55
"336","2020-05-15",198,4,225,525,5115,0.721603128054741,1965,7199,506,903,31,5232,27,2541,11,27
"337","2020-05-16",212,4,207,510,5115,0.721603128054741,1965,7199,506,903,39,5271,12,2553,25,12
"338","2020-05-17",206,4,178,487,5115,0.721603128054741,1965,7199,506,903,28,5299,14,2567,19,14
"339","2020-05-18",203,4,148,459,5115,0.721603128054741,1965,7199,506,903,34,5333,10,2577,16,10
"340","2020-05-19",196,4,137,447,5115,0.721603128054741,1965,7199,506,903,19,5352,20,2597,10,20
"341","2020-05-20",196,4,124,429,5115,0.721603128054741,1965,7199,506,903,33,5385,31,2628,16,31
"342","2020-05-21",184,4,103,417,5115,0.721603128054741,1965,7199,506,903,30,5415,69,2697,15,69
"343","2020-05-22",182,4,90,400,5115,0.721603128054741,1965,7199,506,903,22,5437,28,2725,3,28
"344","2020-05-23",156,4,85,379,5115,0.721603128054741,1965,7199,506,903,28,5465,12,2737,13,12
"345","2020-05-24",144,4,85,354,5115,0.721603128054741,1965,7199,506,903,29,5494,15,2752,11,15
"346","2020-05-25",127,4,89,345,5115,0.721603128054741,1965,7199,506,903,30,5524,12,2764,13,12
"347","2020-05-26",118,4,122,342,5115,0.721603128054741,1965,7199,506,903,21,5545,16,2780,9,16
"348","2020-05-27",118,4,137,321,5115,0.721603128054741,1965,7199,506,903,29,5574,45,2825,19,45
"349","2020-05-28",120,4,156,312,5115,0.721603128054741,1965,7199,506,903,26,5600,71,2896,16,71
"350","2020-05-29",97,4,165,296,5115,0.721603128054741,1965,7199,506,903,27,5627,77,2973,14,77
"351","2020-05-30",96,4,194,277,5115,0.721603128054741,1965,7199,506,903,23,5650,53,3026,18,53
"352","2020-05-31",95,4,196,249,5115,0.721603128054741,1965,7199,506,903,26,5676,29,3055,18,29
"353","2020-06-01",92,4,177,236,5115,0.721603128054741,1965,7199,506,903,21,5697,35,3090,11,35
"354","2020-06-02",82,4,185,222,5115,0.721603128054741,1965,7199,506,903,14,5711,23,3113,8,23
"355","2020-06-03",82,4,193,208,5115,0.721603128054741,1965,7199,506,903,24,5735,24,3137,15,24
"356","2020-06-04",76,4,179,198,5115,0.721603128054741,1965,7199,506,903,16,5751,19,3156,11,19
"357","2020-06-05",76,4,168,195,5115,0.721603128054741,1965,7199,506,903,21,5772,42,3198,6,42
"358","2020-06-06",78,4,171,186,5115,0.721603128054741,1965,7199,506,903,10,5782,29,3227,4,29
"359","2020-06-07",71,4,163,183,5115,0.721603128054741,1965,7199,506,903,12,5794,23,3250,8,23
"360","2020-03-08",1,5,0,0,5560,0.665107913669065,2070,7878,702,542,NA,NA,NA,NA,NA,NA
"361","2020-03-09",1,5,0,0,5560,0.665107913669065,2070,7878,702,542,NA,NA,NA,NA,NA,NA
"362","2020-03-10",0,5,0,0,5560,0.665107913669065,2070,7878,702,542,NA,NA,3,3,NA,3
"363","2020-03-11",0,5,0,0,5560,0.665107913669065,2070,7878,702,542,15,15,10,13,NA,10
"364","2020-03-12",1,5,31,52,5560,0.665107913669065,2070,7878,702,542,11,26,14,27,1,14
"365","2020-03-13",6,5,35,80,5560,0.665107913669065,2070,7878,702,542,18,44,5,32,7,5
"366","2020-03-14",16,5,36,111,5560,0.665107913669065,2070,7878,702,542,13,57,14,46,5,14
"367","2020-03-15",16,5,38,154,5560,0.665107913669065,2070,7878,702,542,15,72,30,76,4,30
"368","2020-03-16",16,5,38,195,5560,0.665107913669065,2070,7878,702,542,25,97,14,90,9,14
"369","2020-03-17",23,5,31,247,5560,0.665107913669065,2070,7878,702,542,25,122,31,121,11,31
"370","2020-03-18",30,5,34,297,5560,0.665107913669065,2070,7878,702,542,34,156,23,144,15,23
"371","2020-03-19",35,5,25,357,5560,0.665107913669065,2070,7878,702,542,44,200,39,183,28,39
"372","2020-03-20",54,5,34,405,5560,0.665107913669065,2070,7878,702,542,44,244,28,211,35,28
"373","2020-03-21",92,5,46,451,5560,0.665107913669065,2070,7878,702,542,48,292,22,233,40,22
"374","2020-03-22",118,5,45,529,5560,0.665107913669065,2070,7878,702,542,63,355,35,268,48,35
"375","2020-03-23",125,5,45,588,5560,0.665107913669065,2070,7878,702,542,64,419,45,313,48,45
"376","2020-03-24",137,5,40,648,5560,0.665107913669065,2070,7878,702,542,79,498,30,343,66,30
"377","2020-03-25",149,5,36,697,5560,0.665107913669065,2070,7878,702,542,76,574,50,393,63,50
"378","2020-03-26",176,5,39,747,5560,0.665107913669065,2070,7878,702,542,80,654,35,428,62,35
"379","2020-03-27",243,5,47,808,5560,0.665107913669065,2070,7878,702,542,91,745,22,450,79,22
"380","2020-03-28",237,5,68,842,5560,0.665107913669065,2070,7878,702,542,107,852,27,477,88,27
"381","2020-03-29",246,5,76,879,5560,0.665107913669065,2070,7878,702,542,136,988,23,500,126,23
"382","2020-03-30",260,5,77,945,5560,0.665107913669065,2070,7878,702,542,114,1102,25,525,103,25
"383","2020-03-31",265,5,98,975,5560,0.665107913669065,2070,7878,702,542,158,1260,34,559,140,34
"384","2020-04-01",277,5,100,995,5560,0.665107913669065,2070,7878,702,542,118,1378,30,589,105,30
"385","2020-04-02",270,5,99,1027,5560,0.665107913669065,2070,7878,702,542,137,1515,43,632,127,43
"386","2020-04-03",308,5,99,1043,5560,0.665107913669065,2070,7878,702,542,136,1651,34,666,121,34
"387","2020-04-04",324,5,100,1054,5560,0.665107913669065,2070,7878,702,542,144,1795,24,690,128,24
"388","2020-04-05",350,5,105,1073,5560,0.665107913669065,2070,7878,702,542,189,1984,26,716,178,26
"389","2020-04-06",349,5,108,1079,5560,0.665107913669065,2070,7878,702,542,155,2139,28,744,147,28
"390","2020-04-07",341,5,122,1122,5560,0.665107913669065,2070,7878,702,542,171,2310,24,768,160,24
"391","2020-04-08",348,5,122,1156,5560,0.665107913669065,2070,7878,702,542,149,2459,29,797,138,29
"392","2020-04-09",365,5,116,1171,5560,0.665107913669065,2070,7878,702,542,187,2646,25,822,173,25
"393","2020-04-10",425,5,111,1157,5560,0.665107913669065,2070,7878,702,542,146,2792,25,847,133,25
"394","2020-04-11",420,5,109,1187,5560,0.665107913669065,2070,7878,702,542,155,2947,19,866,139,19
"395","2020-04-12",370,5,111,1162,5560,0.665107913669065,2070,7878,702,542,171,3118,49,915,161,49
"396","2020-04-13",377,5,124,1149,5560,0.665107913669065,2070,7878,702,542,140,3258,21,936,126,21
"397","2020-04-14",365,5,131,1153,5560,0.665107913669065,2070,7878,702,542,138,3396,25,961,128,25
"398","2020-04-15",366,5,128,1116,5560,0.665107913669065,2070,7878,702,542,143,3539,24,985,137,24
"399","2020-04-16",356,5,119,1102,5560,0.665107913669065,2070,7878,702,542,167,3706,25,1010,154,25
"400","2020-04-17",385,5,115,1112,5560,0.665107913669065,2070,7878,702,542,146,3852,23,1033,133,23
"401","2020-04-18",389,5,117,1099,5560,0.665107913669065,2070,7878,702,542,140,3992,22,1055,130,22
"402","2020-04-19",352,5,100,1090,5560,0.665107913669065,2070,7878,702,542,142,4134,16,1071,128,16
"403","2020-04-20",341,5,102,1076,5560,0.665107913669065,2070,7878,702,542,129,4263,15,1086,117,15
"404","2020-04-21",332,5,89,1034,5560,0.665107913669065,2070,7878,702,542,138,4401,19,1105,123,19
"405","2020-04-22",332,5,109,1032,5560,0.665107913669065,2070,7878,702,542,112,4513,18,1123,100,18
"406","2020-04-23",332,5,121,989,5560,0.665107913669065,2070,7878,702,542,114,4627,13,1136,105,13
"407","2020-04-24",346,5,111,958,5560,0.665107913669065,2070,7878,702,542,92,4719,18,1154,87,18
"408","2020-04-25",333,5,105,915,5560,0.665107913669065,2070,7878,702,542,84,4803,21,1175,77,21
"409","2020-04-26",320,5,120,886,5560,0.665107913669065,2070,7878,702,542,104,4907,22,1197,89,22
"410","2020-04-27",312,5,141,873,5560,0.665107913669065,2070,7878,702,542,66,4973,23,1220,62,23
"411","2020-04-28",302,5,172,847,5560,0.665107913669065,2070,7878,702,542,58,5031,23,1243,55,23
"412","2020-04-29",298,5,184,804,5560,0.665107913669065,2070,7878,702,542,57,5088,30,1273,47,30
"413","2020-04-30",298,5,181,768,5560,0.665107913669065,2070,7878,702,542,46,5134,46,1319,37,46
"414","2020-05-01",275,5,167,736,5560,0.665107913669065,2070,7878,702,542,52,5186,33,1352,42,33
"415","2020-05-02",304,5,156,727,5560,0.665107913669065,2070,7878,702,542,55,5241,51,1403,48,51
"416","2020-05-03",264,5,142,714,5560,0.665107913669065,2070,7878,702,542,59,5300,40,1443,43,40
"417","2020-05-04",253,5,158,705,5560,0.665107913669065,2070,7878,702,542,39,5339,22,1465,36,22
"418","2020-05-05",244,5,165,693,5560,0.665107913669065,2070,7878,702,542,42,5381,29,1494,35,29
"419","2020-05-06",241,5,169,672,5560,0.665107913669065,2070,7878,702,542,31,5412,22,1516,26,22
"420","2020-05-07",235,5,192,657,5560,0.665107913669065,2070,7878,702,542,40,5452,20,1536,30,20
"421","2020-05-08",243,5,174,625,5560,0.665107913669065,2070,7878,702,542,26,5478,41,1577,21,41
"422","2020-05-09",217,5,172,618,5560,0.665107913669065,2070,7878,702,542,27,5505,29,1606,20,29
"423","2020-05-10",221,5,155,601,5560,0.665107913669065,2070,7878,702,542,17,5522,39,1645,12,39
"424","2020-05-11",212,5,171,588,5560,0.665107913669065,2070,7878,702,542,24,5546,24,1669,18,24
"425","2020-05-12",215,5,188,554,5560,0.665107913669065,2070,7878,702,542,24,5570,39,1708,20,39
"426","2020-05-13",200,5,181,524,5560,0.665107913669065,2070,7878,702,542,23,5593,50,1758,14,50
"427","2020-05-14",190,5,181,511,5560,0.665107913669065,2070,7878,702,542,15,5608,31,1789,12,31
"428","2020-05-15",170,5,185,490,5560,0.665107913669065,2070,7878,702,542,24,5632,27,1816,15,27
"429","2020-05-16",190,5,163,484,5560,0.665107913669065,2070,7878,702,542,11,5643,25,1841,6,25
"430","2020-05-17",164,5,141,468,5560,0.665107913669065,2070,7878,702,542,17,5660,25,1866,9,25
"431","2020-05-18",166,5,133,438,5560,0.665107913669065,2070,7878,702,542,17,5677,25,1891,11,25
"432","2020-05-19",153,5,133,415,5560,0.665107913669065,2070,7878,702,542,16,5693,21,1912,12,21
"433","2020-05-20",146,5,124,381,5560,0.665107913669065,2070,7878,702,542,12,5705,28,1940,7,28
"434","2020-05-21",147,5,114,360,5560,0.665107913669065,2070,7878,702,542,10,5715,46,1986,8,46
"435","2020-05-22",139,5,119,345,5560,0.665107913669065,2070,7878,702,542,9,5724,52,2038,4,52
"436","2020-05-23",123,5,125,329,5560,0.665107913669065,2070,7878,702,542,10,5734,33,2071,6,33
"437","2020-05-24",121,5,134,295,5560,0.665107913669065,2070,7878,702,542,10,5744,23,2094,7,23
"438","2020-05-25",107,5,137,297,5560,0.665107913669065,2070,7878,702,542,6,5750,19,2113,3,19
"439","2020-05-26",97,5,126,284,5560,0.665107913669065,2070,7878,702,542,12,5762,19,2132,8,19
"440","2020-05-27",94,5,125,280,5560,0.665107913669065,2070,7878,702,542,10,5772,16,2148,4,16
"441","2020-05-28",86,5,126,263,5560,0.665107913669065,2070,7878,702,542,9,5781,19,2167,6,19
"442","2020-05-29",90,5,138,251,5560,0.665107913669065,2070,7878,702,542,6,5787,18,2185,5,18
"443","2020-05-30",92,5,133,239,5560,0.665107913669065,2070,7878,702,542,7,5794,40,2225,4,40
"444","2020-05-31",82,5,123,223,5560,0.665107913669065,2070,7878,702,542,5,5799,31,2256,3,31
"445","2020-06-01",79,5,109,205,5560,0.665107913669065,2070,7878,702,542,8,5807,32,2288,3,32
"446","2020-06-02",82,5,109,199,5560,0.665107913669065,2070,7878,702,542,6,5813,35,2323,3,35
"447","2020-06-03",80,5,108,187,5560,0.665107913669065,2070,7878,702,542,8,5821,26,2349,5,26
"448","2020-06-04",77,5,101,169,5560,0.665107913669065,2070,7878,702,542,3,5824,21,2370,2,21
"449","2020-06-05",68,5,98,158,5560,0.665107913669065,2070,7878,702,542,2,5826,33,2403,2,33
"450","2020-06-06",61,5,95,147,5560,0.665107913669065,2070,7878,702,542,9,5835,14,2417,4,14
"451","2020-06-07",57,5,91,140,5560,0.665107913669065,2070,7878,702,542,11,5846,21,2438,7,21
"452","2020-03-07",2,6,0,0,5417,0.706110393206572,2070,7926,500,1076,NA,NA,NA,NA,NA,NA
"453","2020-03-08",2,6,0,0,5417,0.706110393206572,2070,7926,500,1076,NA,NA,NA,NA,NA,NA
"454","2020-03-09",0,6,0,0,5417,0.706110393206572,2070,7926,500,1076,NA,NA,NA,NA,NA,NA
"455","2020-03-10",0,6,0,0,5417,0.706110393206572,2070,7926,500,1076,NA,NA,1,1,NA,1
"456","2020-03-11",0,6,0,0,5417,0.706110393206572,2070,7926,500,1076,29,29,26,27,NA,26
"457","2020-03-12",0,6,0,0,5417,0.706110393206572,2070,7926,500,1076,38,67,26,53,2,26
"458","2020-03-13",1,6,78,76,5417,0.706110393206572,2070,7926,500,1076,34,101,12,65,10,12
"459","2020-03-14",4,6,82,117,5417,0.706110393206572,2070,7926,500,1076,32,133,27,92,10,27
"460","2020-03-15",14,6,81,154,5417,0.706110393206572,2070,7926,500,1076,40,173,21,113,23,21
"461","2020-03-16",16,6,76,190,5417,0.706110393206572,2070,7926,500,1076,44,217,16,129,15,16
"462","2020-03-17",27,6,108,244,5417,0.706110393206572,2070,7926,500,1076,60,277,22,151,30,22
"463","2020-03-18",35,6,106,285,5417,0.706110393206572,2070,7926,500,1076,61,338,11,162,44,11
"464","2020-03-19",49,6,97,347,5417,0.706110393206572,2070,7926,500,1076,51,389,20,182,25,20
"465","2020-03-20",68,6,127,397,5417,0.706110393206572,2070,7926,500,1076,72,461,33,215,52,33
"466","2020-03-21",93,6,121,446,5417,0.706110393206572,2070,7926,500,1076,75,536,37,252,50,37
"467","2020-03-22",111,6,115,496,5417,0.706110393206572,2070,7926,500,1076,95,631,26,278,77,26
"468","2020-03-23",122,6,112,561,5417,0.706110393206572,2070,7926,500,1076,63,694,35,313,47,35
"469","2020-03-24",121,6,99,596,5417,0.706110393206572,2070,7926,500,1076,86,780,27,340,61,27
"470","2020-03-25",143,6,109,647,5417,0.706110393206572,2070,7926,500,1076,100,880,17,357,73,17
"471","2020-03-26",154,6,144,689,5417,0.706110393206572,2070,7926,500,1076,87,967,23,380,62,23
"472","2020-03-27",191,6,128,754,5417,0.706110393206572,2070,7926,500,1076,94,1061,31,411,71,31
"473","2020-03-28",252,6,148,799,5417,0.706110393206572,2070,7926,500,1076,117,1178,27,438,93,27
"474","2020-03-29",257,6,165,835,5417,0.706110393206572,2070,7926,500,1076,107,1285,11,449,82,11
"475","2020-03-30",245,6,156,894,5417,0.706110393206572,2070,7926,500,1076,90,1375,14,463,71,14
"476","2020-03-31",246,6,168,916,5417,0.706110393206572,2070,7926,500,1076,122,1497,36,499,96,36
"477","2020-04-01",261,6,177,962,5417,0.706110393206572,2070,7926,500,1076,163,1660,27,526,141,27
"478","2020-04-02",279,6,195,1007,5417,0.706110393206572,2070,7926,500,1076,105,1765,30,556,79,30
"479","2020-04-03",350,6,219,1021,5417,0.706110393206572,2070,7926,500,1076,115,1880,43,599,94,43
"480","2020-04-04",318,6,217,1064,5417,0.706110393206572,2070,7926,500,1076,136,2016,48,647,111,48
"481","2020-04-05",334,6,237,1066,5417,0.706110393206572,2070,7926,500,1076,116,2132,42,689,91,42
"482","2020-04-06",353,6,210,1086,5417,0.706110393206572,2070,7926,500,1076,109,2241,41,730,76,41
"483","2020-04-07",363,6,211,1108,5417,0.706110393206572,2070,7926,500,1076,133,2374,20,750,106,20
"484","2020-04-08",355,6,195,1105,5417,0.706110393206572,2070,7926,500,1076,96,2470,41,791,72,41
"485","2020-04-09",346,6,191,1084,5417,0.706110393206572,2070,7926,500,1076,114,2584,35,826,90,35
"486","2020-04-10",375,6,185,1107,5417,0.706110393206572,2070,7926,500,1076,120,2704,63,889,104,63
"487","2020-04-11",382,6,184,1112,5417,0.706110393206572,2070,7926,500,1076,112,2816,44,933,87,44
"488","2020-04-12",355,6,155,1115,5417,0.706110393206572,2070,7926,500,1076,129,2945,60,993,101,60
"489","2020-04-13",356,6,167,1086,5417,0.706110393206572,2070,7926,500,1076,97,3042,38,1031,66,38
"490","2020-04-14",344,6,193,1097,5417,0.706110393206572,2070,7926,500,1076,104,3146,34,1065,75,34
"491","2020-04-15",340,6,231,1055,5417,0.706110393206572,2070,7926,500,1076,105,3251,33,1098,86,33
"492","2020-04-16",347,6,223,1051,5417,0.706110393206572,2070,7926,500,1076,100,3351,65,1163,77,65
"493","2020-04-17",374,6,196,1042,5417,0.706110393206572,2070,7926,500,1076,99,3450,34,1197,70,34
"494","2020-04-18",405,6,183,993,5417,0.706110393206572,2070,7926,500,1076,114,3564,56,1253,88,56
"495","2020-04-19",378,6,174,963,5417,0.706110393206572,2070,7926,500,1076,92,3656,41,1294,58,41
"496","2020-04-20",361,6,205,952,5417,0.706110393206572,2070,7926,500,1076,93,3749,21,1315,65,21
"497","2020-04-21",351,6,200,928,5417,0.706110393206572,2070,7926,500,1076,89,3838,38,1353,63,38
"498","2020-04-22",349,6,183,913,5417,0.706110393206572,2070,7926,500,1076,70,3908,50,1403,52,50
"499","2020-04-23",342,6,186,877,5417,0.706110393206572,2070,7926,500,1076,85,3993,34,1437,70,34
"500","2020-04-24",322,6,168,850,5417,0.706110393206572,2070,7926,500,1076,87,4080,54,1491,62,54
"501","2020-04-25",302,6,159,826,5417,0.706110393206572,2070,7926,500,1076,79,4159,32,1523,51,32
"502","2020-04-26",283,6,170,795,5417,0.706110393206572,2070,7926,500,1076,69,4228,25,1548,51,25
"503","2020-04-27",270,6,216,762,5417,0.706110393206572,2070,7926,500,1076,68,4296,17,1565,38,17
"504","2020-04-28",268,6,222,749,5417,0.706110393206572,2070,7926,500,1076,70,4366,17,1582,50,17
"505","2020-04-29",265,6,219,732,5417,0.706110393206572,2070,7926,500,1076,50,4416,25,1607,31,25
"506","2020-04-30",249,6,201,721,5417,0.706110393206572,2070,7926,500,1076,55,4471,36,1643,35,36
"507","2020-05-01",241,6,177,690,5417,0.706110393206572,2070,7926,500,1076,44,4515,45,1688,30,45
"508","2020-05-02",236,6,172,692,5417,0.706110393206572,2070,7926,500,1076,53,4568,33,1721,41,33
"509","2020-05-03",220,6,178,684,5417,0.706110393206572,2070,7926,500,1076,54,4622,32,1753,37,32
"510","2020-05-04",218,6,202,671,5417,0.706110393206572,2070,7926,500,1076,46,4668,49,1802,28,49
"511","2020-05-05",208,6,186,669,5417,0.706110393206572,2070,7926,500,1076,27,4695,48,1850,15,48
"512","2020-05-06",201,6,171,640,5417,0.706110393206572,2070,7926,500,1076,41,4736,22,1872,23,22
"513","2020-05-07",198,6,158,627,5417,0.706110393206572,2070,7926,500,1076,42,4778,71,1943,27,71
"514","2020-05-08",205,6,182,603,5417,0.706110393206572,2070,7926,500,1076,40,4818,32,1975,23,32
"515","2020-05-09",216,6,183,583,5417,0.706110393206572,2070,7926,500,1076,34,4852,22,1997,21,22
"516","2020-05-10",199,6,175,566,5417,0.706110393206572,2070,7926,500,1076,48,4900,28,2025,25,28
"517","2020-05-11",197,6,157,559,5417,0.706110393206572,2070,7926,500,1076,25,4925,21,2046,13,21
"518","2020-05-12",203,6,144,539,5417,0.706110393206572,2070,7926,500,1076,21,4946,26,2072,8,26
"519","2020-05-13",193,6,131,520,5417,0.706110393206572,2070,7926,500,1076,46,4992,30,2102,25,30
"520","2020-05-14",201,6,137,502,5417,0.706110393206572,2070,7926,500,1076,26,5018,17,2119,12,17
"521","2020-05-15",201,6,168,474,5417,0.706110393206572,2070,7926,500,1076,32,5050,30,2149,15,30
"522","2020-05-16",188,6,190,464,5417,0.706110393206572,2070,7926,500,1076,32,5082,23,2172,14,23
"523","2020-05-17",172,6,178,448,5417,0.706110393206572,2070,7926,500,1076,30,5112,27,2199,18,27
"524","2020-05-18",162,6,183,424,5417,0.706110393206572,2070,7926,500,1076,19,5131,17,2216,11,17
"525","2020-05-19",151,6,197,417,5417,0.706110393206572,2070,7926,500,1076,29,5160,16,2232,9,16
"526","2020-05-20",153,6,204,398,5417,0.706110393206572,2070,7926,500,1076,17,5177,11,2243,4,11
"527","2020-05-21",138,6,226,381,5417,0.706110393206572,2070,7926,500,1076,37,5214,25,2268,23,25
"528","2020-05-22",124,6,242,372,5417,0.706110393206572,2070,7926,500,1076,26,5240,42,2310,16,42
"529","2020-05-23",114,6,232,354,5417,0.706110393206572,2070,7926,500,1076,32,5272,51,2361,15,51
"530","2020-05-24",123,6,237,353,5417,0.706110393206572,2070,7926,500,1076,21,5293,30,2391,13,30
"531","2020-05-25",120,6,215,350,5417,0.706110393206572,2070,7926,500,1076,28,5321,40,2431,11,40
"532","2020-05-26",109,6,180,344,5417,0.706110393206572,2070,7926,500,1076,27,5348,61,2492,19,61
"533","2020-05-27",110,6,152,346,5417,0.706110393206572,2070,7926,500,1076,16,5364,51,2543,9,51
"534","2020-05-28",114,6,132,340,5417,0.706110393206572,2070,7926,500,1076,17,5381,20,2563,8,20
"535","2020-05-29",114,6,108,318,5417,0.706110393206572,2070,7926,500,1076,18,5399,41,2604,10,41
"536","2020-05-30",115,6,103,300,5417,0.706110393206572,2070,7926,500,1076,15,5414,28,2632,8,28
"537","2020-05-31",94,6,89,290,5417,0.706110393206572,2070,7926,500,1076,15,5429,25,2657,5,25
"538","2020-06-01",92,6,115,280,5417,0.706110393206572,2070,7926,500,1076,14,5443,23,2680,5,23
"539","2020-06-02",97,6,153,269,5417,0.706110393206572,2070,7926,500,1076,10,5453,35,2715,5,35
"540","2020-06-03",94,6,178,258,5417,0.706110393206572,2070,7926,500,1076,18,5471,22,2737,13,22
"541","2020-06-04",92,6,167,253,5417,0.706110393206572,2070,7926,500,1076,11,5482,16,2753,4,16
"542","2020-06-05",94,6,160,233,5417,0.706110393206572,2070,7926,500,1076,16,5498,12,2765,11,12
"543","2020-06-06",90,6,157,226,5417,0.706110393206572,2070,7926,500,1076,10,5508,15,2780,6,15
"544","2020-06-07",92,6,153,223,5417,0.706110393206572,2070,7926,500,1076,10,5518,27,2807,5,27
"545","2020-03-12",1,7,30,93,5957,0.382239382239382,1980,7977,646,481,12,21,34,65,2,34
"546","2020-03-13",2,7,42,147,5957,0.382239382239382,1980,7977,646,481,19,40,29,94,7,29
"547","2020-03-14",10,7,47,205,5957,0.382239382239382,1980,7977,646,481,28,68,12,106,10,12
"548","2020-03-15",14,7,55,267,5957,0.382239382239382,1980,7977,646,481,32,100,12,118,12,12
"549","2020-03-16",23,7,57,326,5957,0.382239382239382,1980,7977,646,481,28,128,11,129,16,11
"550","2020-03-17",34,7,61,396,5957,0.382239382239382,1980,7977,646,481,35,163,7,136,31,7
"551","2020-03-18",51,7,58,469,5957,0.382239382239382,1980,7977,646,481,53,216,12,148,41,12
"552","2020-03-19",66,7,62,523,5957,0.382239382239382,1980,7977,646,481,41,257,4,152,38,4
"553","2020-03-20",102,7,60,578,5957,0.382239382239382,1980,7977,646,481,55,312,8,160,46,8
"554","2020-03-21",146,7,70,643,5957,0.382239382239382,1980,7977,646,481,58,370,7,167,42,7
"555","2020-03-22",172,7,71,708,5957,0.382239382239382,1980,7977,646,481,54,424,9,176,37,9
"556","2020-03-23",173,7,84,770,5957,0.382239382239382,1980,7977,646,481,72,496,49,225,56,49
"557","2020-03-24",189,7,102,823,5957,0.382239382239382,1980,7977,646,481,97,593,20,245,78,20
"558","2020-03-25",203,7,104,869,5957,0.382239382239382,1980,7977,646,481,106,699,7,252,98,7
"559","2020-03-26",222,7,90,900,5957,0.382239382239382,1980,7977,646,481,68,767,16,268,61,16
"560","2020-03-27",277,7,82,893,5957,0.382239382239382,1980,7977,646,481,95,862,27,295,84,27
"561","2020-03-28",305,7,73,933,5957,0.382239382239382,1980,7977,646,481,84,946,30,325,77,30
"562","2020-03-29",305,7,63,988,5957,0.382239382239382,1980,7977,646,481,110,1056,47,372,94,47
"563","2020-03-30",316,7,54,980,5957,0.382239382239382,1980,7977,646,481,124,1180,28,400,115,28
"564","2020-03-31",331,7,50,985,5957,0.382239382239382,1980,7977,646,481,125,1305,38,438,112,38
"565","2020-04-01",340,7,51,1002,5957,0.382239382239382,1980,7977,646,481,107,1412,20,458,93,20
"566","2020-04-02",329,7,60,1024,5957,0.382239382239382,1980,7977,646,481,120,1532,50,508,110,50
"567","2020-04-03",352,7,73,995,5957,0.382239382239382,1980,7977,646,481,127,1659,27,535,113,27
"568","2020-04-04",331,7,80,1001,5957,0.382239382239382,1980,7977,646,481,154,1813,26,561,140,26
"569","2020-04-05",320,7,111,1014,5957,0.382239382239382,1980,7977,646,481,169,1982,26,587,146,26
"570","2020-04-06",312,7,121,1014,5957,0.382239382239382,1980,7977,646,481,132,2114,49,636,121,49
"571","2020-04-07",293,7,128,1035,5957,0.382239382239382,1980,7977,646,481,127,2241,27,663,117,27
"572","2020-04-08",284,7,133,1028,5957,0.382239382239382,1980,7977,646,481,153,2394,12,675,139,12
"573","2020-04-09",298,7,118,1020,5957,0.382239382239382,1980,7977,646,481,161,2555,11,686,147,11
"574","2020-04-10",311,7,115,1014,5957,0.382239382239382,1980,7977,646,481,138,2693,11,697,128,11
"575","2020-04-11",337,7,95,1042,5957,0.382239382239382,1980,7977,646,481,162,2855,7,704,155,7
"576","2020-04-12",340,7,90,1051,5957,0.382239382239382,1980,7977,646,481,137,2992,24,728,124,24
"577","2020-04-13",334,7,116,1025,5957,0.382239382239382,1980,7977,646,481,135,3127,22,750,126,22
"578","2020-04-14",317,7,134,1029,5957,0.382239382239382,1980,7977,646,481,108,3235,30,780,96,30
"579","2020-04-15",328,7,143,1032,5957,0.382239382239382,1980,7977,646,481,152,3387,44,824,136,44
"580","2020-04-16",339,7,154,1030,5957,0.382239382239382,1980,7977,646,481,173,3560,54,878,161,54
"581","2020-04-17",392,7,140,1033,5957,0.382239382239382,1980,7977,646,481,108,3668,20,898,96,20
"582","2020-04-18",382,7,126,1008,5957,0.382239382239382,1980,7977,646,481,161,3829,28,926,150,28
"583","2020-04-19",360,7,145,1007,5957,0.382239382239382,1980,7977,646,481,103,3932,21,947,97,21
"584","2020-04-20",345,7,160,967,5957,0.382239382239382,1980,7977,646,481,119,4051,12,959,113,12
"585","2020-04-21",342,7,161,949,5957,0.382239382239382,1980,7977,646,481,106,4157,7,966,100,7
"586","2020-04-22",341,7,183,927,5957,0.382239382239382,1980,7977,646,481,82,4239,3,969,68,3
"587","2020-04-23",319,7,179,902,5957,0.382239382239382,1980,7977,646,481,127,4366,2,971,110,2
"588","2020-04-24",320,7,161,890,5957,0.382239382239382,1980,7977,646,481,93,4459,3,974,79,3
"589","2020-04-25",311,7,165,876,5957,0.382239382239382,1980,7977,646,481,104,4563,6,980,98,6
"590","2020-04-26",296,7,166,862,5957,0.382239382239382,1980,7977,646,481,60,4623,41,1021,58,41
"591","2020-04-27",295,7,168,837,5957,0.382239382239382,1980,7977,646,481,86,4709,56,1077,74,56
"592","2020-04-28",294,7,170,824,5957,0.382239382239382,1980,7977,646,481,66,4775,33,1110,55,33
"593","2020-04-29",277,7,153,811,5957,0.382239382239382,1980,7977,646,481,62,4837,41,1151,57,41
"594","2020-04-30",279,7,169,812,5957,0.382239382239382,1980,7977,646,481,65,4902,24,1175,57,24
"595","2020-05-01",282,7,159,782,5957,0.382239382239382,1980,7977,646,481,52,4954,59,1234,45,59
"596","2020-05-02",284,7,140,747,5957,0.382239382239382,1980,7977,646,481,39,4993,39,1273,32,39
"597","2020-05-03",242,7,131,733,5957,0.382239382239382,1980,7977,646,481,66,5059,43,1316,54,43
"598","2020-05-04",235,7,126,717,5957,0.382239382239382,1980,7977,646,481,35,5094,27,1343,30,27
"599","2020-05-05",226,7,110,708,5957,0.382239382239382,1980,7977,646,481,38,5132,21,1364,29,21
"600","2020-05-06",226,7,102,698,5957,0.382239382239382,1980,7977,646,481,37,5169,22,1386,29,22
"601","2020-05-07",227,7,94,671,5957,0.382239382239382,1980,7977,646,481,27,5196,24,1410,22,24
"602","2020-05-08",219,7,93,668,5957,0.382239382239382,1980,7977,646,481,40,5236,16,1426,25,16
"603","2020-05-09",240,7,114,646,5957,0.382239382239382,1980,7977,646,481,37,5273,9,1435,22,9
"604","2020-05-10",237,7,147,652,5957,0.382239382239382,1980,7977,646,481,33,5306,4,1439,31,4
"605","2020-05-11",236,7,179,629,5957,0.382239382239382,1980,7977,646,481,13,5319,5,1444,5,5
"606","2020-05-12",227,7,176,610,5957,0.382239382239382,1980,7977,646,481,26,5345,3,1447,20,3
"607","2020-05-13",224,7,166,588,5957,0.382239382239382,1980,7977,646,481,24,5369,34,1481,16,34
"608","2020-05-14",219,7,166,549,5957,0.382239382239382,1980,7977,646,481,20,5389,58,1539,13,58
"609","2020-05-15",224,7,176,527,5957,0.382239382239382,1980,7977,646,481,26,5415,53,1592,19,53
"610","2020-05-16",218,7,170,508,5957,0.382239382239382,1980,7977,646,481,24,5439,28,1620,19,28
"611","2020-05-17",203,7,158,491,5957,0.382239382239382,1980,7977,646,481,13,5452,19,1639,11,19
"612","2020-05-18",193,7,145,478,5957,0.382239382239382,1980,7977,646,481,10,5462,58,1697,7,58
"613","2020-05-19",190,7,133,465,5957,0.382239382239382,1980,7977,646,481,17,5479,39,1736,12,39
"614","2020-05-20",182,7,120,459,5957,0.382239382239382,1980,7977,646,481,14,5493,30,1766,7,30
"615","2020-05-21",173,7,124,454,5957,0.382239382239382,1980,7977,646,481,8,5501,36,1802,2,36
"616","2020-05-22",167,7,122,434,5957,0.382239382239382,1980,7977,646,481,9,5510,27,1829,6,27
"617","2020-05-23",147,7,113,415,5957,0.382239382239382,1980,7977,646,481,11,5521,10,1839,8,10
"618","2020-05-24",142,7,99,399,5957,0.382239382239382,1980,7977,646,481,9,5530,42,1881,5,42
"619","2020-05-25",139,7,97,387,5957,0.382239382239382,1980,7977,646,481,10,5540,21,1902,6,21
"620","2020-05-26",131,7,82,382,5957,0.382239382239382,1980,7977,646,481,13,5553,39,1941,12,39
"621","2020-05-27",133,7,80,365,5957,0.382239382239382,1980,7977,646,481,12,5565,57,1998,10,57
"622","2020-05-28",125,7,79,341,5957,0.382239382239382,1980,7977,646,481,10,5575,26,2024,8,26
"623","2020-05-29",105,7,80,341,5957,0.382239382239382,1980,7977,646,481,10,5585,20,2044,6,20
"624","2020-05-30",103,7,80,335,5957,0.382239382239382,1980,7977,646,481,10,5595,8,2052,7,8
"625","2020-05-31",102,7,75,320,5957,0.382239382239382,1980,7977,646,481,8,5603,17,2069,6,17
"626","2020-06-01",101,7,86,310,5957,0.382239382239382,1980,7977,646,481,11,5614,33,2102,5,33
"627","2020-06-02",100,7,92,297,5957,0.382239382239382,1980,7977,646,481,10,5624,12,2114,6,12
"628","2020-06-03",92,7,93,286,5957,0.382239382239382,1980,7977,646,481,9,5633,11,2125,5,11
"629","2020-06-04",96,7,93,278,5957,0.382239382239382,1980,7977,646,481,8,5641,25,2150,3,25
"630","2020-06-05",101,7,90,263,5957,0.382239382239382,1980,7977,646,481,6,5647,20,2170,4,20
"631","2020-06-06",117,7,93,244,5957,0.382239382239382,1980,7977,646,481,6,5653,17,2187,3,17
"632","2020-06-07",98,7,99,232,5957,0.382239382239382,1980,7977,646,481,5,5658,14,2201,5,14
"633","2020-03-07",1,8,0,0,5978,0.584476413516226,2025,7983,634,1243,NA,NA,NA,NA,NA,NA
"634","2020-03-08",1,8,0,0,5978,0.584476413516226,2025,7983,634,1243,NA,NA,NA,NA,NA,NA
"635","2020-03-09",0,8,0,0,5978,0.584476413516226,2025,7983,634,1243,NA,NA,NA,NA,NA,NA
"636","2020-03-10",0,8,0,0,5978,0.584476413516226,2025,7983,634,1243,NA,NA,3,3,NA,3
"637","2020-03-11",0,8,0,0,5978,0.584476413516226,2025,7983,634,1243,19,19,15,18,NA,15
"638","2020-03-12",0,8,0,0,5978,0.584476413516226,2025,7983,634,1243,22,41,15,33,NA,15
"639","2020-03-13",7,8,91,100,5978,0.584476413516226,2025,7983,634,1243,28,69,16,49,5,16
"640","2020-03-14",17,8,101,141,5978,0.584476413516226,2025,7983,634,1243,26,95,16,65,3,16
"641","2020-03-15",22,8,114,193,5978,0.584476413516226,2025,7983,634,1243,47,142,22,87,4,22
"642","2020-03-16",21,8,117,249,5978,0.584476413516226,2025,7983,634,1243,33,175,19,106,11,19
"643","2020-03-17",33,8,122,302,5978,0.584476413516226,2025,7983,634,1243,51,226,34,140,21,34
"644","2020-03-18",45,8,125,361,5978,0.584476413516226,2025,7983,634,1243,44,270,38,178,22,38
"645","2020-03-19",64,8,142,419,5978,0.584476413516226,2025,7983,634,1243,51,321,23,201,26,23
"646","2020-03-20",84,8,168,456,5978,0.584476413516226,2025,7983,634,1243,64,385,16,217,27,16
"647","2020-03-21",90,8,178,523,5978,0.584476413516226,2025,7983,634,1243,53,438,10,227,23,10
"648","2020-03-22",124,8,197,585,5978,0.584476413516226,2025,7983,634,1243,76,514,8,235,48,8
"649","2020-03-23",144,8,223,644,5978,0.584476413516226,2025,7983,634,1243,55,569,33,268,26,33
"650","2020-03-24",143,8,238,718,5978,0.584476413516226,2025,7983,634,1243,55,624,33,301,34,33
"651","2020-03-25",155,8,269,748,5978,0.584476413516226,2025,7983,634,1243,65,689,37,338,35,37
"652","2020-03-26",161,8,290,806,5978,0.584476413516226,2025,7983,634,1243,53,742,27,365,30,27
"653","2020-03-27",235,8,286,880,5978,0.584476413516226,2025,7983,634,1243,66,808,10,375,46,10
"654","2020-03-28",263,8,257,935,5978,0.584476413516226,2025,7983,634,1243,61,869,12,387,34,12
"655","2020-03-29",287,8,224,977,5978,0.584476413516226,2025,7983,634,1243,65,934,8,395,40,8
"656","2020-03-30",296,8,218,1050,5978,0.584476413516226,2025,7983,634,1243,64,998,8,403,32,8
"657","2020-03-31",303,8,230,1050,5978,0.584476413516226,2025,7983,634,1243,62,1060,10,413,35,10
"658","2020-04-01",316,8,232,1116,5978,0.584476413516226,2025,7983,634,1243,68,1128,17,430,46,17
"659","2020-04-02",335,8,228,1170,5978,0.584476413516226,2025,7983,634,1243,67,1195,36,466,38,36
"660","2020-04-03",417,8,249,1190,5978,0.584476413516226,2025,7983,634,1243,54,1249,36,502,38,36
"661","2020-04-04",424,8,238,1215,5978,0.584476413516226,2025,7983,634,1243,69,1318,26,528,45,26
"662","2020-04-05",381,8,228,1239,5978,0.584476413516226,2025,7983,634,1243,75,1393,25,553,57,25
"663","2020-04-06",389,8,203,1228,5978,0.584476413516226,2025,7983,634,1243,81,1474,27,580,47,27
"664","2020-04-07",393,8,207,1254,5978,0.584476413516226,2025,7983,634,1243,68,1542,41,621,33,41
"665","2020-04-08",410,8,204,1274,5978,0.584476413516226,2025,7983,634,1243,74,1616,28,649,48,28
"666","2020-04-09",413,8,239,1276,5978,0.584476413516226,2025,7983,634,1243,82,1698,19,668,48,19
"667","2020-04-10",453,8,241,1288,5978,0.584476413516226,2025,7983,634,1243,70,1768,6,674,43,6
"668","2020-04-11",478,8,270,1292,5978,0.584476413516226,2025,7983,634,1243,76,1844,18,692,47,18
"669","2020-04-12",456,8,275,1275,5978,0.584476413516226,2025,7983,634,1243,83,1927,34,726,53,34
"670","2020-04-13",442,8,258,1258,5978,0.584476413516226,2025,7983,634,1243,76,2003,26,752,50,26
"671","2020-04-14",438,8,241,1234,5978,0.584476413516226,2025,7983,634,1243,54,2057,32,784,28,32
"672","2020-04-15",420,8,231,1211,5978,0.584476413516226,2025,7983,634,1243,88,2145,20,804,62,20
"673","2020-04-16",408,8,259,1202,5978,0.584476413516226,2025,7983,634,1243,84,2229,19,823,48,19
"674","2020-04-17",418,8,263,1202,5978,0.584476413516226,2025,7983,634,1243,94,2323,19,842,63,19
"675","2020-04-18",416,8,265,1153,5978,0.584476413516226,2025,7983,634,1243,68,2391,16,858,43,16
"676","2020-04-19",366,8,229,1137,5978,0.584476413516226,2025,7983,634,1243,82,2473,34,892,46,34
"677","2020-04-20",360,8,219,1127,5978,0.584476413516226,2025,7983,634,1243,58,2531,22,914,34,22
"678","2020-04-21",349,8,220,1114,5978,0.584476413516226,2025,7983,634,1243,82,2613,21,935,59,21
"679","2020-04-22",351,8,231,1088,5978,0.584476413516226,2025,7983,634,1243,81,2694,19,954,58,19
"680","2020-04-23",352,8,268,1066,5978,0.584476413516226,2025,7983,634,1243,69,2763,31,985,41,31
"681","2020-04-24",348,8,281,1035,5978,0.584476413516226,2025,7983,634,1243,56,2819,22,1007,40,22
"682","2020-04-25",349,8,288,1014,5978,0.584476413516226,2025,7983,634,1243,63,2882,17,1024,38,17
"683","2020-04-26",339,8,292,991,5978,0.584476413516226,2025,7983,634,1243,63,2945,41,1065,38,41
"684","2020-04-27",327,8,266,965,5978,0.584476413516226,2025,7983,634,1243,56,3001,27,1092,34,27
"685","2020-04-28",327,8,235,952,5978,0.584476413516226,2025,7983,634,1243,54,3055,45,1137,39,45
"686","2020-04-29",328,8,256,935,5978,0.584476413516226,2025,7983,634,1243,58,3113,37,1174,36,37
"687","2020-04-30",320,8,281,905,5978,0.584476413516226,2025,7983,634,1243,62,3175,22,1196,31,22
"688","2020-05-01",306,8,315,860,5978,0.584476413516226,2025,7983,634,1243,61,3236,20,1216,30,20
"689","2020-05-02",306,8,319,824,5978,0.584476413516226,2025,7983,634,1243,51,3287,12,1228,25,12
"690","2020-05-03",289,8,290,776,5978,0.584476413516226,2025,7983,634,1243,51,3338,18,1246,33,18
"691","2020-05-04",278,8,286,740,5978,0.584476413516226,2025,7983,634,1243,55,3393,33,1279,29,33
"692","2020-05-05",264,8,322,719,5978,0.584476413516226,2025,7983,634,1243,57,3450,57,1336,29,57
"693","2020-05-06",257,8,322,699,5978,0.584476413516226,2025,7983,634,1243,56,3506,78,1414,26,78
"694","2020-05-07",260,8,341,694,5978,0.584476413516226,2025,7983,634,1243,47,3553,44,1458,20,44
"695","2020-05-08",251,8,338,651,5978,0.584476413516226,2025,7983,634,1243,52,3605,43,1501,28,43
"696","2020-05-09",256,8,313,602,5978,0.584476413516226,2025,7983,634,1243,47,3652,30,1531,27,30
"697","2020-05-10",234,8,288,591,5978,0.584476413516226,2025,7983,634,1243,43,3695,33,1564,20,33
"698","2020-05-11",229,8,263,550,5978,0.584476413516226,2025,7983,634,1243,36,3731,18,1582,15,18
"699","2020-05-12",222,8,295,526,5978,0.584476413516226,2025,7983,634,1243,35,3766,36,1618,21,36
"700","2020-05-13",203,8,308,500,5978,0.584476413516226,2025,7983,634,1243,42,3808,28,1646,18,28
"701","2020-05-14",190,8,301,488,5978,0.584476413516226,2025,7983,634,1243,40,3848,38,1684,17,38
"702","2020-05-15",181,8,289,474,5978,0.584476413516226,2025,7983,634,1243,31,3879,31,1715,21,31
"703","2020-05-16",158,8,279,452,5978,0.584476413516226,2025,7983,634,1243,44,3923,45,1760,21,45
"704","2020-05-17",154,8,307,436,5978,0.584476413516226,2025,7983,634,1243,24,3947,45,1805,13,45
"705","2020-05-18",142,8,319,410,5978,0.584476413516226,2025,7983,634,1243,36,3983,51,1856,16,51
"706","2020-05-19",142,8,308,387,5978,0.584476413516226,2025,7983,634,1243,37,4020,24,1880,10,24
"707","2020-05-20",145,8,295,380,5978,0.584476413516226,2025,7983,634,1243,25,4045,17,1897,17,17
"708","2020-05-21",152,8,280,337,5978,0.584476413516226,2025,7983,634,1243,26,4071,13,1910,18,13
"709","2020-05-22",139,8,287,328,5978,0.584476413516226,2025,7983,634,1243,37,4108,19,1929,19,19
"710","2020-05-23",133,8,283,316,5978,0.584476413516226,2025,7983,634,1243,26,4134,10,1939,13,10
"711","2020-05-24",122,8,281,314,5978,0.584476413516226,2025,7983,634,1243,34,4168,14,1953,18,14
"712","2020-05-25",119,8,291,306,5978,0.584476413516226,2025,7983,634,1243,22,4190,8,1961,13,8
"713","2020-05-26",107,8,306,280,5978,0.584476413516226,2025,7983,634,1243,17,4207,24,1985,7,24
"714","2020-05-27",102,8,303,274,5978,0.584476413516226,2025,7983,634,1243,22,4229,21,2006,10,21
"715","2020-05-28",84,8,289,260,5978,0.584476413516226,2025,7983,634,1243,27,4256,13,2019,16,13
"716","2020-05-29",73,8,272,251,5978,0.584476413516226,2025,7983,634,1243,14,4270,20,2039,6,20
"717","2020-05-30",76,8,296,248,5978,0.584476413516226,2025,7983,634,1243,19,4289,31,2070,3,31
"718","2020-05-31",71,8,290,233,5978,0.584476413516226,2025,7983,634,1243,22,4311,23,2093,10,23
"719","2020-06-01",71,8,285,213,5978,0.584476413516226,2025,7983,634,1243,12,4323,19,2112,4,19
"720","2020-06-02",68,8,262,201,5978,0.584476413516226,2025,7983,634,1243,14,4337,11,2123,6,11
"721","2020-06-03",70,8,246,187,5978,0.584476413516226,2025,7983,634,1243,12,4349,9,2132,6,9
"722","2020-06-04",73,8,251,175,5978,0.584476413516226,2025,7983,634,1243,14,4363,10,2142,5,10
"723","2020-06-05",76,8,255,164,5978,0.584476413516226,2025,7983,634,1243,17,4380,10,2152,13,10
"724","2020-06-06",70,8,266,151,5978,0.584476413516226,2025,7983,634,1243,19,4399,9,2161,8,9
"725","2020-06-07",72,8,289,145,5978,0.584476413516226,2025,7983,634,1243,17,4416,21,2182,9,21
"726","2020-03-13",2,9,40,30,6142,0.932269619016607,2040,7266,702,841,11,20,13,55,9,13
"727","2020-03-14",3,9,51,53,6142,0.932269619016607,2040,7266,702,841,12,32,16,71,7,16
"728","2020-03-15",6,9,75,72,6142,0.932269619016607,2040,7266,702,841,14,46,34,105,9,34
"729","2020-03-16",7,9,70,89,6142,0.932269619016607,2040,7266,702,841,18,64,13,118,13,13
"730","2020-03-17",6,9,75,117,6142,0.932269619016607,2040,7266,702,841,25,89,9,127,18,9
"731","2020-03-18",9,9,95,142,6142,0.932269619016607,2040,7266,702,841,19,108,12,139,15,12
"732","2020-03-19",13,9,93,182,6142,0.932269619016607,2040,7266,702,841,27,135,29,168,24,29
"733","2020-03-20",23,9,112,224,6142,0.932269619016607,2040,7266,702,841,39,174,8,176,32,8
"734","2020-03-21",34,9,129,256,6142,0.932269619016607,2040,7266,702,841,36,210,8,184,27,8
"735","2020-03-22",48,9,118,286,6142,0.932269619016607,2040,7266,702,841,59,269,6,190,54,6
"736","2020-03-23",58,9,108,345,6142,0.932269619016607,2040,7266,702,841,53,322,28,218,49,28
"737","2020-03-24",69,9,93,402,6142,0.932269619016607,2040,7266,702,841,47,369,11,229,44,11
"738","2020-03-25",78,9,88,447,6142,0.932269619016607,2040,7266,702,841,67,436,6,235,61,6
"739","2020-03-26",89,9,99,493,6142,0.932269619016607,2040,7266,702,841,66,502,7,242,58,7
"740","2020-03-27",109,9,108,552,6142,0.932269619016607,2040,7266,702,841,80,582,7,249,70,7
"741","2020-03-28",148,9,111,605,6142,0.932269619016607,2040,7266,702,841,65,647,42,291,58,42
"742","2020-03-29",164,9,122,692,6142,0.932269619016607,2040,7266,702,841,88,735,39,330,77,39
"743","2020-03-30",172,9,130,795,6142,0.932269619016607,2040,7266,702,841,110,845,20,350,102,20
"744","2020-03-31",178,9,159,847,6142,0.932269619016607,2040,7266,702,841,131,976,15,365,122,15
"745","2020-04-01",200,9,163,931,6142,0.932269619016607,2040,7266,702,841,109,1085,41,406,104,41
"746","2020-04-02",213,9,184,1027,6142,0.932269619016607,2040,7266,702,841,120,1205,29,435,110,29
"747","2020-04-03",310,9,214,1116,6142,0.932269619016607,2040,7266,702,841,115,1320,57,492,113,57
"748","2020-04-04",340,9,234,1197,6142,0.932269619016607,2040,7266,702,841,141,1461,60,552,135,60
"749","2020-04-05",358,9,256,1280,6142,0.932269619016607,2040,7266,702,841,126,1587,35,587,119,35
"750","2020-04-06",361,9,264,1396,6142,0.932269619016607,2040,7266,702,841,144,1731,26,613,138,26
"751","2020-04-07",376,9,286,1466,6142,0.932269619016607,2040,7266,702,841,167,1898,43,656,157,43
"752","2020-04-08",391,9,279,1551,6142,0.932269619016607,2040,7266,702,841,131,2029,57,713,123,57
"753","2020-04-09",422,9,263,1628,6142,0.932269619016607,2040,7266,702,841,176,2205,52,765,169,52
"754","2020-04-10",552,9,234,1690,6142,0.932269619016607,2040,7266,702,841,186,2391,34,799,177,34
"755","2020-04-11",548,9,198,1759,6142,0.932269619016607,2040,7266,702,841,171,2562,25,824,164,25
"756","2020-04-12",566,9,221,1794,6142,0.932269619016607,2040,7266,702,841,151,2713,52,876,149,52
"757","2020-04-13",587,9,208,1833,6142,0.932269619016607,2040,7266,702,841,143,2856,31,907,140,31
"758","2020-04-14",587,9,234,1840,6142,0.932269619016607,2040,7266,702,841,160,3016,21,928,154,21
"759","2020-04-15",606,9,223,1864,6142,0.932269619016607,2040,7266,702,841,159,3175,13,941,152,13
"760","2020-04-16",615,9,224,1873,6142,0.932269619016607,2040,7266,702,841,144,3319,41,982,140,41
"761","2020-04-17",683,9,238,1870,6142,0.932269619016607,2040,7266,702,841,153,3472,29,1011,146,29
"762","2020-04-18",707,9,261,1851,6142,0.932269619016607,2040,7266,702,841,129,3601,34,1045,125,34
"763","2020-04-19",607,9,254,1824,6142,0.932269619016607,2040,7266,702,841,164,3765,26,1071,155,26
"764","2020-04-20",592,9,246,1768,6142,0.932269619016607,2040,7266,702,841,113,3878,16,1087,109,16
"765","2020-04-21",596,9,251,1722,6142,0.932269619016607,2040,7266,702,841,118,3996,20,1107,113,20
"766","2020-04-22",577,9,220,1660,6142,0.932269619016607,2040,7266,702,841,127,4123,7,1114,121,7
"767","2020-04-23",570,9,212,1610,6142,0.932269619016607,2040,7266,702,841,120,4243,28,1142,117,28
"768","2020-04-24",593,9,214,1537,6142,0.932269619016607,2040,7266,702,841,118,4361,17,1159,114,17
"769","2020-04-25",565,9,217,1486,6142,0.932269619016607,2040,7266,702,841,97,4458,11,1170,91,11
"770","2020-04-26",502,9,187,1429,6142,0.932269619016607,2040,7266,702,841,109,4567,17,1187,104,17
"771","2020-04-27",491,9,160,1349,6142,0.932269619016607,2040,7266,702,841,76,4643,14,1201,73,14
"772","2020-04-28",461,9,145,1272,6142,0.932269619016607,2040,7266,702,841,78,4721,15,1216,75,15
"773","2020-04-29",465,9,139,1185,6142,0.932269619016607,2040,7266,702,841,71,4792,66,1282,69,66
"774","2020-04-30",451,9,180,1082,6142,0.932269619016607,2040,7266,702,841,56,4848,72,1354,55,72
"775","2020-05-01",401,9,206,1001,6142,0.932269619016607,2040,7266,702,841,50,4898,27,1381,45,27
"776","2020-05-02",393,9,199,908,6142,0.932269619016607,2040,7266,702,841,79,4977,15,1396,72,15
"777","2020-05-03",369,9,177,829,6142,0.932269619016607,2040,7266,702,841,53,5030,67,1463,49,67
"778","2020-05-04",358,9,190,755,6142,0.932269619016607,2040,7266,702,841,41,5071,88,1551,38,88
"779","2020-05-05",346,9,198,674,6142,0.932269619016607,2040,7266,702,841,41,5112,52,1603,36,52
"780","2020-05-06",317,9,182,623,6142,0.932269619016607,2040,7266,702,841,44,5156,31,1634,38,31
"781","2020-05-07",295,9,175,564,6142,0.932269619016607,2040,7266,702,841,45,5201,56,1690,41,56
"782","2020-05-08",247,9,161,508,6142,0.932269619016607,2040,7266,702,841,42,5243,42,1732,41,42
"783","2020-05-09",241,9,153,459,6142,0.932269619016607,2040,7266,702,841,32,5275,31,1763,30,31
"784","2020-05-10",202,9,161,419,6142,0.932269619016607,2040,7266,702,841,28,5303,31,1794,26,31
"785","2020-05-11",174,9,218,397,6142,0.932269619016607,2040,7266,702,841,27,5330,12,1806,25,12
"786","2020-05-12",157,9,242,360,6142,0.932269619016607,2040,7266,702,841,23,5353,10,1816,19,10
"787","2020-05-13",149,9,216,334,6142,0.932269619016607,2040,7266,702,841,20,5373,14,1830,16,14
"788","2020-05-14",135,9,233,305,6142,0.932269619016607,2040,7266,702,841,24,5397,11,1841,19,11
"789","2020-05-15",117,9,225,276,6142,0.932269619016607,2040,7266,702,841,27,5424,15,1856,25,15
"790","2020-05-16",112,9,206,252,6142,0.932269619016607,2040,7266,702,841,19,5443,55,1911,15,55
"791","2020-05-17",102,9,208,235,6142,0.932269619016607,2040,7266,702,841,12,5455,70,1981,11,70
"792","2020-05-18",94,9,214,220,6142,0.932269619016607,2040,7266,702,841,14,5469,33,2014,12,33
"793","2020-05-19",86,9,204,199,6142,0.932269619016607,2040,7266,702,841,19,5488,33,2047,15,33
"794","2020-05-20",80,9,196,185,6142,0.932269619016607,2040,7266,702,841,13,5501,55,2102,13,55
"795","2020-05-21",75,9,165,174,6142,0.932269619016607,2040,7266,702,841,17,5518,57,2159,14,57
"796","2020-05-22",62,9,186,165,6142,0.932269619016607,2040,7266,702,841,11,5529,72,2231,9,72
"797","2020-05-23",52,9,226,151,6142,0.932269619016607,2040,7266,702,841,16,5545,40,2271,13,40
"798","2020-05-24",49,9,218,135,6142,0.932269619016607,2040,7266,702,841,10,5555,25,2296,8,25
"799","2020-05-25",50,9,216,127,6142,0.932269619016607,2040,7266,702,841,7,5562,17,2313,6,17
"800","2020-05-26",51,9,206,134,6142,0.932269619016607,2040,7266,702,841,13,5575,49,2362,12,49
"801","2020-05-27",47,9,183,119,6142,0.932269619016607,2040,7266,702,841,5,5580,26,2388,5,26
"802","2020-05-28",48,9,168,115,6142,0.932269619016607,2040,7266,702,841,11,5591,24,2412,9,24
"803","2020-05-29",47,9,168,104,6142,0.932269619016607,2040,7266,702,841,8,5599,49,2461,8,49
"804","2020-05-30",48,9,176,102,6142,0.932269619016607,2040,7266,702,841,2,5601,14,2475,2,14
"805","2020-05-31",44,9,169,95,6142,0.932269619016607,2040,7266,702,841,4,5605,14,2489,4,14
"806","2020-06-01",35,9,162,89,6142,0.932269619016607,2040,7266,702,841,10,5615,10,2499,9,10
"807","2020-06-02",30,9,158,91,6142,0.932269619016607,2040,7266,702,841,6,5621,15,2514,6,15
"808","2020-06-03",24,9,142,89,6142,0.932269619016607,2040,7266,702,841,4,5625,12,2526,4,12
"809","2020-06-04",21,9,145,91,6142,0.932269619016607,2040,7266,702,841,9,5634,17,2543,7,17
"810","2020-06-05",26,9,148,89,6142,0.932269619016607,2040,7266,702,841,2,5636,14,2557,NA,14
"811","2020-06-06",30,9,144,96,6142,0.932269619016607,2040,7266,702,841,2,5638,40,2597,1,40
"812","2020-06-07",33,9,144,105,6142,0.932269619016607,2040,7266,702,841,3,5641,23,2620,2,23
"813","2020-03-13",1,10,49,31,5817,0.90218325597387,2130,7540,577,830,18,50,NA,NA,4,NA
"814","2020-03-14",6,10,60,45,5817,0.90218325597387,2130,7540,577,830,25,75,2,12,6,2
"815","2020-03-15",9,10,53,62,5817,0.90218325597387,2130,7540,577,830,23,98,2,14,5,2
"816","2020-03-16",9,10,63,84,5817,0.90218325597387,2130,7540,577,830,31,129,2,16,12,2
"817","2020-03-17",13,10,68,114,5817,0.90218325597387,2130,7540,577,830,37,166,5,21,15,5
"818","2020-03-18",15,10,93,137,5817,0.90218325597387,2130,7540,577,830,48,214,21,42,24,21
"819","2020-03-19",16,10,108,170,5817,0.90218325597387,2130,7540,577,830,34,248,11,53,17,11
"820","2020-03-20",29,10,125,199,5817,0.90218325597387,2130,7540,577,830,67,315,14,67,38,14
"821","2020-03-21",55,10,131,230,5817,0.90218325597387,2130,7540,577,830,59,374,8,75,39,8
"822","2020-03-22",59,10,138,267,5817,0.90218325597387,2130,7540,577,830,67,441,23,98,47,23
"823","2020-03-23",60,10,142,318,5817,0.90218325597387,2130,7540,577,830,73,514,23,121,50,23
"824","2020-03-24",69,10,169,351,5817,0.90218325597387,2130,7540,577,830,67,581,33,154,38,33
"825","2020-03-25",74,10,176,402,5817,0.90218325597387,2130,7540,577,830,78,659,21,175,53,21
"826","2020-03-26",88,10,157,460,5817,0.90218325597387,2130,7540,577,830,76,735,22,197,58,22
"827","2020-03-27",123,10,155,522,5817,0.90218325597387,2130,7540,577,830,106,841,9,206,81,9
"828","2020-03-28",136,10,179,572,5817,0.90218325597387,2130,7540,577,830,97,938,9,215,82,9
"829","2020-03-29",131,10,189,627,5817,0.90218325597387,2130,7540,577,830,90,1028,10,225,68,10
"830","2020-03-30",142,10,181,703,5817,0.90218325597387,2130,7540,577,830,95,1123,31,256,76,31
"831","2020-03-31",153,10,165,791,5817,0.90218325597387,2130,7540,577,830,101,1224,47,303,82,47
"832","2020-04-01",177,10,164,868,5817,0.90218325597387,2130,7540,577,830,138,1362,31,334,113,31
"833","2020-04-02",178,10,142,951,5817,0.90218325597387,2130,7540,577,830,126,1488,26,360,98,26
"834","2020-04-03",246,10,132,1029,5817,0.90218325597387,2130,7540,577,830,112,1600,28,388,87,28
"835","2020-04-04",302,10,111,1108,5817,0.90218325597387,2130,7540,577,830,124,1724,19,407,104,19
"836","2020-04-05",321,10,116,1200,5817,0.90218325597387,2130,7540,577,830,106,1830,44,451,93,44
"837","2020-04-06",326,10,146,1294,5817,0.90218325597387,2130,7540,577,830,140,1970,22,473,120,22
"838","2020-04-07",341,10,182,1375,5817,0.90218325597387,2130,7540,577,830,113,2083,39,512,97,39
"839","2020-04-08",367,10,208,1437,5817,0.90218325597387,2130,7540,577,830,148,2231,30,542,122,30
"840","2020-04-09",413,10,227,1481,5817,0.90218325597387,2130,7540,577,830,141,2372,35,577,121,35
"841","2020-04-10",502,10,254,1558,5817,0.90218325597387,2130,7540,577,830,111,2483,35,612,94,35
"842","2020-04-11",528,10,256,1604,5817,0.90218325597387,2130,7540,577,830,116,2599,16,628,82,16
"843","2020-04-12",562,10,242,1620,5817,0.90218325597387,2130,7540,577,830,131,2730,17,645,106,17
"844","2020-04-13",557,10,228,1626,5817,0.90218325597387,2130,7540,577,830,151,2881,21,666,124,21
"845","2020-04-14",555,10,192,1679,5817,0.90218325597387,2130,7540,577,830,121,3002,18,684,98,18
"846","2020-04-15",558,10,170,1702,5817,0.90218325597387,2130,7540,577,830,123,3125,22,706,95,22
"847","2020-04-16",563,10,142,1695,5817,0.90218325597387,2130,7540,577,830,133,3258,36,742,107,36
"848","2020-04-17",633,10,140,1667,5817,0.90218325597387,2130,7540,577,830,109,3367,46,788,85,46
"849","2020-04-18",632,10,173,1656,5817,0.90218325597387,2130,7540,577,830,106,3473,43,831,89,43
"850","2020-04-19",534,10,187,1617,5817,0.90218325597387,2130,7540,577,830,130,3603,20,851,105,20
"851","2020-04-20",539,10,176,1584,5817,0.90218325597387,2130,7540,577,830,91,3694,34,885,78,34
"852","2020-04-21",546,10,165,1595,5817,0.90218325597387,2130,7540,577,830,91,3785,37,922,71,37
"853","2020-04-22",542,10,174,1595,5817,0.90218325597387,2130,7540,577,830,88,3873,37,959,64,37
"854","2020-04-23",536,10,168,1555,5817,0.90218325597387,2130,7540,577,830,101,3974,27,986,81,27
"855","2020-04-24",544,10,190,1547,5817,0.90218325597387,2130,7540,577,830,101,4075,31,1017,88,31
"856","2020-04-25",512,10,197,1479,5817,0.90218325597387,2130,7540,577,830,76,4151,16,1033,58,16
"857","2020-04-26",514,10,218,1451,5817,0.90218325597387,2130,7540,577,830,73,4224,38,1071,57,38
"858","2020-04-27",492,10,228,1354,5817,0.90218325597387,2130,7540,577,830,66,4290,17,1088,53,17
"859","2020-04-28",477,10,254,1310,5817,0.90218325597387,2130,7540,577,830,70,4360,22,1110,51,22
"860","2020-04-29",473,10,252,1251,5817,0.90218325597387,2130,7540,577,830,63,4423,12,1122,47,12
"861","2020-04-30",450,10,226,1162,5817,0.90218325597387,2130,7540,577,830,52,4475,34,1156,39,34
"862","2020-05-01",460,10,192,1066,5817,0.90218325597387,2130,7540,577,830,52,4527,40,1196,37,40
"863","2020-05-02",463,10,184,982,5817,0.90218325597387,2130,7540,577,830,45,4572,34,1230,31,34
"864","2020-05-03",393,10,207,923,5817,0.90218325597387,2130,7540,577,830,55,4627,36,1266,38,36
"865","2020-05-04",371,10,194,844,5817,0.90218325597387,2130,7540,577,830,40,4667,34,1300,28,34
"866","2020-05-05",347,10,201,763,5817,0.90218325597387,2130,7540,577,830,40,4707,17,1317,28,17
"867","2020-05-06",332,10,189,721,5817,0.90218325597387,2130,7540,577,830,54,4761,10,1327,37,10
"868","2020-05-07",324,10,192,649,5817,0.90218325597387,2130,7540,577,830,43,4804,12,1339,35,12
"869","2020-05-08",263,10,204,588,5817,0.90218325597387,2130,7540,577,830,46,4850,42,1381,30,42
"870","2020-05-09",238,10,235,541,5817,0.90218325597387,2130,7540,577,830,36,4886,32,1413,20,32
"871","2020-05-10",230,10,232,496,5817,0.90218325597387,2130,7540,577,830,31,4917,42,1455,21,42
"872","2020-05-11",220,10,247,442,5817,0.90218325597387,2130,7540,577,830,34,4951,36,1491,25,36
"873","2020-05-12",208,10,236,398,5817,0.90218325597387,2130,7540,577,830,28,4979,50,1541,15,50
"874","2020-05-13",182,10,216,371,5817,0.90218325597387,2130,7540,577,830,36,5015,28,1569,26,28
"875","2020-05-14",164,10,191,343,5817,0.90218325597387,2130,7540,577,830,31,5046,25,1594,18,25
"876","2020-05-15",133,10,195,321,5817,0.90218325597387,2130,7540,577,830,33,5079,38,1632,19,38
"877","2020-05-16",133,10,202,291,5817,0.90218325597387,2130,7540,577,830,25,5104,43,1675,14,43
"878","2020-05-17",115,10,197,267,5817,0.90218325597387,2130,7540,577,830,26,5130,28,1703,16,28
"879","2020-05-18",109,10,192,245,5817,0.90218325597387,2130,7540,577,830,30,5160,20,1723,17,20
"880","2020-05-19",97,10,159,222,5817,0.90218325597387,2130,7540,577,830,24,5184,18,1741,12,18
"881","2020-05-20",98,10,162,204,5817,0.90218325597387,2130,7540,577,830,23,5207,36,1777,14,36
"882","2020-05-21",96,10,143,183,5817,0.90218325597387,2130,7540,577,830,27,5234,33,1810,19,33
"883","2020-05-22",83,10,152,159,5817,0.90218325597387,2130,7540,577,830,24,5258,23,1833,16,23
"884","2020-05-23",70,10,184,145,5817,0.90218325597387,2130,7540,577,830,24,5282,24,1857,17,24
"885","2020-05-24",56,10,210,136,5817,0.90218325597387,2130,7540,577,830,17,5299,38,1895,12,38
"886","2020-05-25",55,10,192,124,5817,0.90218325597387,2130,7540,577,830,21,5320,29,1924,14,29
"887","2020-05-26",56,10,196,120,5817,0.90218325597387,2130,7540,577,830,15,5335,29,1953,10,29
"888","2020-05-27",48,10,197,115,5817,0.90218325597387,2130,7540,577,830,14,5349,27,1980,9,27
"889","2020-05-28",43,10,199,104,5817,0.90218325597387,2130,7540,577,830,10,5359,28,2008,5,28
"890","2020-05-29",41,10,207,102,5817,0.90218325597387,2130,7540,577,830,18,5377,34,2042,9,34
"891","2020-05-30",45,10,217,92,5817,0.90218325597387,2130,7540,577,830,13,5390,21,2063,6,21
"892","2020-05-31",43,10,218,88,5817,0.90218325597387,2130,7540,577,830,21,5411,16,2079,13,16
"893","2020-06-01",33,10,208,84,5817,0.90218325597387,2130,7540,577,830,12,5423,24,2103,6,24
"894","2020-06-02",28,10,194,79,5817,0.90218325597387,2130,7540,577,830,11,5434,21,2124,8,21
"895","2020-06-03",26,10,184,78,5817,0.90218325597387,2130,7540,577,830,7,5441,16,2140,4,16
"896","2020-06-04",22,10,175,71,5817,0.90218325597387,2130,7540,577,830,12,5453,9,2149,6,9
"897","2020-06-05",23,10,151,69,5817,0.90218325597387,2130,7540,577,830,13,5466,12,2161,9,12
"898","2020-06-06",20,10,140,61,5817,0.90218325597387,2130,7540,577,830,7,5473,13,2174,6,13
"899","2020-06-07",18,10,112,54,5817,0.90218325597387,2130,7540,577,830,9,5482,10,2184,5,10
"900","2020-03-12",2,11,46,70,6813,0.716130926170556,1980,7594,776,846,36,71,15,37,1,15
"901","2020-03-13",2,11,54,102,6813,0.716130926170556,1980,7594,776,846,47,118,22,59,8,22
"902","2020-03-14",9,11,82,142,6813,0.716130926170556,1980,7594,776,846,50,168,33,92,16,33
"903","2020-03-15",20,11,91,176,6813,0.716130926170556,1980,7594,776,846,66,234,41,133,26,41
"904","2020-03-16",24,11,80,218,6813,0.716130926170556,1980,7594,776,846,72,306,37,170,30,37
"905","2020-03-17",35,11,88,284,6813,0.716130926170556,1980,7594,776,846,79,385,45,215,33,45
"906","2020-03-18",50,11,110,323,6813,0.716130926170556,1980,7594,776,846,73,458,68,283,43,68
"907","2020-03-19",57,11,112,382,6813,0.716130926170556,1980,7594,776,846,89,547,35,318,57,35
"908","2020-03-20",86,11,108,446,6813,0.716130926170556,1980,7594,776,846,96,643,41,359,52,41
"909","2020-03-21",101,11,140,530,6813,0.716130926170556,1980,7594,776,846,112,755,39,398,59,39
"910","2020-03-22",148,11,169,592,6813,0.716130926170556,1980,7594,776,846,99,854,35,433,60,35
"911","2020-03-23",161,11,172,672,6813,0.716130926170556,1980,7594,776,846,105,959,41,474,69,41
"912","2020-03-24",155,11,161,753,6813,0.716130926170556,1980,7594,776,846,107,1066,53,527,71,53
"913","2020-03-25",171,11,134,842,6813,0.716130926170556,1980,7594,776,846,109,1175,49,576,78,49
"914","2020-03-26",193,11,111,947,6813,0.716130926170556,1980,7594,776,846,108,1283,40,616,75,40
"915","2020-03-27",275,11,98,1054,6813,0.716130926170556,1980,7594,776,846,123,1406,44,660,81,44
"916","2020-03-28",326,11,94,1151,6813,0.716130926170556,1980,7594,776,846,120,1526,50,710,84,50
"917","2020-03-29",319,11,113,1244,6813,0.716130926170556,1980,7594,776,846,123,1649,50,760,84,50
"918","2020-03-30",333,11,123,1333,6813,0.716130926170556,1980,7594,776,846,140,1789,46,806,94,46
"919","2020-03-31",334,11,114,1414,6813,0.716130926170556,1980,7594,776,846,130,1919,43,849,83,43
"920","2020-04-01",374,11,118,1505,6813,0.716130926170556,1980,7594,776,846,129,2048,38,887,86,38
"921","2020-04-02",401,11,122,1574,6813,0.716130926170556,1980,7594,776,846,111,2159,33,920,75,33
"922","2020-04-03",536,11,153,1684,6813,0.716130926170556,1980,7594,776,846,104,2263,26,946,69,26
"923","2020-04-04",566,11,152,1758,6813,0.716130926170556,1980,7594,776,846,106,2369,39,985,80,39
"924","2020-04-05",543,11,153,1811,6813,0.716130926170556,1980,7594,776,846,125,2494,23,1008,89,23
"925","2020-04-06",551,11,130,1879,6813,0.716130926170556,1980,7594,776,846,105,2599,30,1038,71,30
"926","2020-04-07",582,11,118,1928,6813,0.716130926170556,1980,7594,776,846,155,2754,23,1061,112,23
"927","2020-04-08",598,11,151,1955,6813,0.716130926170556,1980,7594,776,846,127,2881,20,1081,84,20
"928","2020-04-09",619,11,153,1966,6813,0.716130926170556,1980,7594,776,846,140,3021,20,1101,101,20
"929","2020-04-10",689,11,152,2018,6813,0.716130926170556,1980,7594,776,846,91,3112,36,1137,61,36
"930","2020-04-11",689,11,152,2018,6813,0.716130926170556,1980,7594,776,846,94,3206,33,1170,67,33
"931","2020-04-12",637,11,146,1970,6813,0.716130926170556,1980,7594,776,846,96,3302,61,1231,55,61
"932","2020-04-13",649,11,145,1949,6813,0.716130926170556,1980,7594,776,846,108,3410,43,1274,65,43
"933","2020-04-14",639,11,143,1905,6813,0.716130926170556,1980,7594,776,846,81,3491,40,1314,49,40
"934","2020-04-15",620,11,146,1839,6813,0.716130926170556,1980,7594,776,846,111,3602,38,1352,79,38
"935","2020-04-16",612,11,141,1774,6813,0.716130926170556,1980,7594,776,846,82,3684,43,1395,50,43
"936","2020-04-17",642,11,142,1725,6813,0.716130926170556,1980,7594,776,846,88,3772,43,1438,60,43
"937","2020-04-18",649,11,180,1637,6813,0.716130926170556,1980,7594,776,846,80,3852,62,1500,40,62
"938","2020-04-19",624,11,210,1553,6813,0.716130926170556,1980,7594,776,846,70,3922,36,1536,43,36
"939","2020-04-20",598,11,198,1480,6813,0.716130926170556,1980,7594,776,846,91,4013,47,1583,50,47
"940","2020-04-21",576,11,194,1405,6813,0.716130926170556,1980,7594,776,846,79,4092,56,1639,46,56
"941","2020-04-22",550,11,174,1293,6813,0.716130926170556,1980,7594,776,846,79,4171,43,1682,35,43
"942","2020-04-23",527,11,187,1263,6813,0.716130926170556,1980,7594,776,846,95,4266,33,1715,53,33
"943","2020-04-24",484,11,199,1194,6813,0.716130926170556,1980,7594,776,846,66,4332,48,1763,42,48
"944","2020-04-25",468,11,229,1122,6813,0.716130926170556,1980,7594,776,846,72,4404,37,1800,35,37
"945","2020-04-26",414,11,273,1092,6813,0.716130926170556,1980,7594,776,846,56,4460,43,1843,24,43
"946","2020-04-27",383,11,288,1008,6813,0.716130926170556,1980,7594,776,846,74,4534,53,1896,38,53
"947","2020-04-28",369,11,290,941,6813,0.716130926170556,1980,7594,776,846,67,4601,42,1938,41,42
"948","2020-04-29",360,11,275,888,6813,0.716130926170556,1980,7594,776,846,44,4645,60,1998,15,60
"949","2020-04-30",342,11,252,825,6813,0.716130926170556,1980,7594,776,846,71,4716,61,2059,47,61
"950","2020-05-01",299,11,224,774,6813,0.716130926170556,1980,7594,776,846,51,4767,51,2110,21,51
"951","2020-05-02",295,11,194,733,6813,0.716130926170556,1980,7594,776,846,56,4823,53,2163,25,53
"952","2020-05-03",268,11,171,663,6813,0.716130926170556,1980,7594,776,846,40,4863,45,2208,22,45
"953","2020-05-04",256,11,184,627,6813,0.716130926170556,1980,7594,776,846,49,4912,38,2246,19,38
"954","2020-05-05",240,11,169,576,6813,0.716130926170556,1980,7594,776,846,42,4954,44,2290,17,44
"955","2020-05-06",230,11,165,540,6813,0.716130926170556,1980,7594,776,846,35,4989,43,2333,14,43
"956","2020-05-07",218,11,212,506,6813,0.716130926170556,1980,7594,776,846,44,5033,42,2375,25,42
"957","2020-05-08",212,11,221,477,6813,0.716130926170556,1980,7594,776,846,40,5073,32,2407,25,32
"958","2020-05-09",183,11,214,438,6813,0.716130926170556,1980,7594,776,846,39,5112,33,2440,24,33
"959","2020-05-10",166,11,215,415,6813,0.716130926170556,1980,7594,776,846,35,5147,41,2481,18,41
"960","2020-05-11",153,11,208,386,6813,0.716130926170556,1980,7594,776,846,42,5189,46,2527,14,46
"961","2020-05-12",150,11,220,354,6813,0.716130926170556,1980,7594,776,846,36,5225,47,2574,20,47
"962","2020-05-13",140,11,202,336,6813,0.716130926170556,1980,7594,776,846,44,5269,24,2598,18,24
"963","2020-05-14",139,11,191,317,6813,0.716130926170556,1980,7594,776,846,33,5302,33,2631,15,33
"964","2020-05-15",124,11,166,293,6813,0.716130926170556,1980,7594,776,846,33,5335,53,2684,12,53
"965","2020-05-16",119,11,178,292,6813,0.716130926170556,1980,7594,776,846,29,5364,51,2735,11,51
"966","2020-05-17",110,11,179,278,6813,0.716130926170556,1980,7594,776,846,29,5393,46,2781,15,46
"967","2020-05-18",112,11,190,264,6813,0.716130926170556,1980,7594,776,846,35,5428,40,2821,18,40
"968","2020-05-19",102,11,174,245,6813,0.716130926170556,1980,7594,776,846,27,5455,47,2868,10,47
"969","2020-05-20",99,11,154,236,6813,0.716130926170556,1980,7594,776,846,25,5480,35,2903,11,35
"970","2020-05-21",91,11,148,226,6813,0.716130926170556,1980,7594,776,846,30,5510,46,2949,15,46
"971","2020-05-22",83,11,174,202,6813,0.716130926170556,1980,7594,776,846,29,5539,27,2976,16,27
"972","2020-05-23",77,11,175,195,6813,0.716130926170556,1980,7594,776,846,16,5555,25,3001,6,25
"973","2020-05-24",67,11,181,177,6813,0.716130926170556,1980,7594,776,846,27,5582,25,3026,11,25
"974","2020-05-25",65,11,170,175,6813,0.716130926170556,1980,7594,776,846,17,5599,54,3080,8,54
"975","2020-05-26",63,11,156,169,6813,0.716130926170556,1980,7594,776,846,17,5616,47,3127,4,47
"976","2020-05-27",59,11,159,163,6813,0.716130926170556,1980,7594,776,846,22,5638,36,3163,11,36
"977","2020-05-28",56,11,165,163,6813,0.716130926170556,1980,7594,776,846,15,5653,39,3202,5,39
"978","2020-05-29",64,11,175,156,6813,0.716130926170556,1980,7594,776,846,19,5672,30,3232,8,30
"979","2020-05-30",74,11,201,148,6813,0.716130926170556,1980,7594,776,846,18,5690,31,3263,6,31
"980","2020-05-31",75,11,215,134,6813,0.716130926170556,1980,7594,776,846,14,5704,38,3301,5,38
"981","2020-06-01",70,11,212,125,6813,0.716130926170556,1980,7594,776,846,22,5726,54,3355,11,54
"982","2020-06-02",65,11,195,114,6813,0.716130926170556,1980,7594,776,846,13,5739,26,3381,4,26
"983","2020-06-03",63,11,189,105,6813,0.716130926170556,1980,7594,776,846,16,5755,35,3416,10,35
"984","2020-06-04",59,11,183,106,6813,0.716130926170556,1980,7594,776,846,7,5762,46,3462,3,46
"985","2020-06-05",49,11,165,99,6813,0.716130926170556,1980,7594,776,846,7,5769,39,3501,4,39
"986","2020-06-06",36,11,148,97,6813,0.716130926170556,1980,7594,776,846,10,5779,27,3528,1,27
"987","2020-06-07",31,11,138,83,6813,0.716130926170556,1980,7594,776,846,16,5795,53,3581,4,53
"988","2020-03-08",1,12,0,0,5542,0.481414651750271,1995,7781,608,748,NA,NA,NA,NA,NA,NA
"989","2020-03-09",1,12,0,0,5542,0.481414651750271,1995,7781,608,748,NA,NA,NA,NA,NA,NA
"990","2020-03-10",0,12,0,0,5542,0.481414651750271,1995,7781,608,748,NA,NA,NA,NA,NA,NA
"991","2020-03-11",0,12,0,0,5542,0.481414651750271,1995,7781,608,748,15,15,11,11,2,11
"992","2020-03-12",0,12,0,0,5542,0.481414651750271,1995,7781,608,748,26,41,6,17,1,6
"993","2020-03-13",4,12,36,103,5542,0.481414651750271,1995,7781,608,748,25,66,2,19,4,2
"994","2020-03-14",7,12,42,146,5542,0.481414651750271,1995,7781,608,748,25,91,3,22,8,3
"995","2020-03-15",19,12,42,180,5542,0.481414651750271,1995,7781,608,748,25,116,2,24,13,2
"996","2020-03-16",22,12,59,232,5542,0.481414651750271,1995,7781,608,748,41,157,5,29,23,5
"997","2020-03-17",29,12,63,276,5542,0.481414651750271,1995,7781,608,748,41,198,4,33,23,4
"998","2020-03-18",35,12,73,329,5542,0.481414651750271,1995,7781,608,748,28,226,16,49,21,16
"999","2020-03-19",47,12,72,386,5542,0.481414651750271,1995,7781,608,748,41,267,19,68,26,19
"1000","2020-03-20",74,12,64,448,5542,0.481414651750271,1995,7781,608,748,52,319,31,99,27,31
"1001","2020-03-21",102,12,66,503,5542,0.481414651750271,1995,7781,608,748,57,376,4,103,44,4
"1002","2020-03-22",124,12,85,549,5542,0.481414651750271,1995,7781,608,748,42,418,11,114,25,11
"1003","2020-03-23",144,12,111,604,5542,0.481414651750271,1995,7781,608,748,57,475,9,123,41,9
"1004","2020-03-24",152,12,120,650,5542,0.481414651750271,1995,7781,608,748,58,533,2,125,40,2
"1005","2020-03-25",170,12,125,679,5542,0.481414651750271,1995,7781,608,748,59,592,18,143,42,18
"1006","2020-03-26",185,12,131,720,5542,0.481414651750271,1995,7781,608,748,64,656,29,172,50,29
"1007","2020-03-27",215,12,136,766,5542,0.481414651750271,1995,7781,608,748,78,734,8,180,58,8
"1008","2020-03-28",245,12,141,807,5542,0.481414651750271,1995,7781,608,748,77,811,5,185,55,5
"1009","2020-03-29",263,12,160,855,5542,0.481414651750271,1995,7781,608,748,62,873,6,191,47,6
"1010","2020-03-30",262,12,170,886,5542,0.481414651750271,1995,7781,608,748,68,941,5,196,46,5
"1011","2020-03-31",257,12,180,905,5542,0.481414651750271,1995,7781,608,748,63,1004,17,213,48,17
"1012","2020-04-01",266,12,181,937,5542,0.481414651750271,1995,7781,608,748,80,1084,29,242,61,29
"1013","2020-04-02",271,12,170,957,5542,0.481414651750271,1995,7781,608,748,84,1168,40,282,68,40
"1014","2020-04-03",343,12,166,989,5542,0.481414651750271,1995,7781,608,748,77,1245,37,319,56,37
"1015","2020-04-04",370,12,169,1044,5542,0.481414651750271,1995,7781,608,748,76,1321,43,362,59,43
"1016","2020-04-05",330,12,196,1077,5542,0.481414651750271,1995,7781,608,748,69,1390,30,392,53,30
"1017","2020-04-06",318,12,215,1103,5542,0.481414651750271,1995,7781,608,748,100,1490,19,411,84,19
"1018","2020-04-07",321,12,207,1134,5542,0.481414651750271,1995,7781,608,748,91,1581,11,422,71,11
"1019","2020-04-08",339,12,177,1161,5542,0.481414651750271,1995,7781,608,748,76,1657,24,446,55,24
"1020","2020-04-09",348,12,169,1149,5542,0.481414651750271,1995,7781,608,748,93,1750,12,458,77,12
"1021","2020-04-10",375,12,173,1131,5542,0.481414651750271,1995,7781,608,748,95,1845,12,470,77,12
"1022","2020-04-11",378,12,172,1127,5542,0.481414651750271,1995,7781,608,748,87,1932,25,495,71,25
"1023","2020-04-12",390,12,168,1093,5542,0.481414651750271,1995,7781,608,748,115,2047,29,524,94,29
"1024","2020-04-13",390,12,196,1080,5542,0.481414651750271,1995,7781,608,748,84,2131,23,547,67,23
"1025","2020-04-14",390,12,207,1074,5542,0.481414651750271,1995,7781,608,748,97,2228,37,584,82,37
"1026","2020-04-15",365,12,190,1055,5542,0.481414651750271,1995,7781,608,748,98,2326,26,610,85,26
"1027","2020-04-16",360,12,190,1039,5542,0.481414651750271,1995,7781,608,748,85,2411,12,622,71,12
"1028","2020-04-17",374,12,192,1049,5542,0.481414651750271,1995,7781,608,748,117,2528,10,632,96,10
"1029","2020-04-18",375,12,217,1000,5542,0.481414651750271,1995,7781,608,748,95,2623,13,645,63,13
"1030","2020-04-19",341,12,210,980,5542,0.481414651750271,1995,7781,608,748,91,2714,12,657,72,12
"1031","2020-04-20",319,12,210,946,5542,0.481414651750271,1995,7781,608,748,82,2796,37,694,67,37
"1032","2020-04-21",309,12,220,934,5542,0.481414651750271,1995,7781,608,748,80,2876,28,722,67,28
"1033","2020-04-22",312,12,222,906,5542,0.481414651750271,1995,7781,608,748,97,2973,15,737,75,15
"1034","2020-04-23",323,12,220,891,5542,0.481414651750271,1995,7781,608,748,80,3053,37,774,60,37
"1035","2020-04-24",328,12,203,871,5542,0.481414651750271,1995,7781,608,748,70,3123,30,804,51,30
"1036","2020-04-25",324,12,221,864,5542,0.481414651750271,1995,7781,608,748,79,3202,20,824,62,20
"1037","2020-04-26",302,12,219,856,5542,0.481414651750271,1995,7781,608,748,98,3300,27,851,86,27
"1038","2020-04-27",285,12,204,836,5542,0.481414651750271,1995,7781,608,748,75,3375,46,897,62,46
"1039","2020-04-28",283,12,197,805,5542,0.481414651750271,1995,7781,608,748,71,3446,35,932,58,35
"1040","2020-04-29",275,12,182,796,5542,0.481414651750271,1995,7781,608,748,67,3513,20,952,55,20
"1041","2020-04-30",267,12,198,777,5542,0.481414651750271,1995,7781,608,748,75,3588,23,975,56,23
"1042","2020-05-01",275,12,196,773,5542,0.481414651750271,1995,7781,608,748,50,3638,52,1027,39,52
"1043","2020-05-02",266,12,180,750,5542,0.481414651750271,1995,7781,608,748,77,3715,28,1055,67,28
"1044","2020-05-03",233,12,178,738,5542,0.481414651750271,1995,7781,608,748,67,3782,53,1108,58,53
"1045","2020-05-04",236,12,193,716,5542,0.481414651750271,1995,7781,608,748,51,3833,20,1128,36,20
"1046","2020-05-05",229,12,187,703,5542,0.481414651750271,1995,7781,608,748,57,3890,32,1160,39,32
"1047","2020-05-06",241,12,193,671,5542,0.481414651750271,1995,7781,608,748,58,3948,55,1215,42,55
"1048","2020-05-07",229,12,205,658,5542,0.481414651750271,1995,7781,608,748,52,4000,39,1254,43,39
"1049","2020-05-08",226,12,187,634,5542,0.481414651750271,1995,7781,608,748,47,4047,43,1297,35,43
"1050","2020-05-09",239,12,189,590,5542,0.481414651750271,1995,7781,608,748,55,4102,28,1325,47,28
"1051","2020-05-10",222,12,211,577,5542,0.481414651750271,1995,7781,608,748,55,4157,15,1340,37,15
"1052","2020-05-11",211,12,225,566,5542,0.481414651750271,1995,7781,608,748,42,4199,11,1351,31,11
"1053","2020-05-12",203,12,207,552,5542,0.481414651750271,1995,7781,608,748,47,4246,12,1363,28,12
"1054","2020-05-13",187,12,216,552,5542,0.481414651750271,1995,7781,608,748,32,4278,27,1390,24,27
"1055","2020-05-14",182,12,213,543,5542,0.481414651750271,1995,7781,608,748,38,4316,66,1456,26,66
"1056","2020-05-15",162,12,192,528,5542,0.481414651750271,1995,7781,608,748,33,4349,59,1515,23,59
"1057","2020-05-16",148,12,173,508,5542,0.481414651750271,1995,7781,608,748,45,4394,30,1545,32,30
"1058","2020-05-17",160,12,159,500,5542,0.481414651750271,1995,7781,608,748,40,4434,13,1558,32,13
"1059","2020-05-18",153,12,156,474,5542,0.481414651750271,1995,7781,608,748,22,4456,11,1569,17,11
"1060","2020-05-19",155,12,167,454,5542,0.481414651750271,1995,7781,608,748,42,4498,12,1581,26,12
"1061","2020-05-20",149,12,178,445,5542,0.481414651750271,1995,7781,608,748,30,4528,10,1591,22,10
"1062","2020-05-21",144,12,164,422,5542,0.481414651750271,1995,7781,608,748,32,4560,9,1600,24,9
"1063","2020-05-22",153,12,171,406,5542,0.481414651750271,1995,7781,608,748,26,4586,10,1610,16,10
"1064","2020-05-23",165,12,159,393,5542,0.481414651750271,1995,7781,608,748,23,4609,8,1618,16,8
"1065","2020-05-24",142,12,163,372,5542,0.481414651750271,1995,7781,608,748,25,4634,8,1626,22,8
"1066","2020-05-25",137,12,161,356,5542,0.481414651750271,1995,7781,608,748,23,4657,8,1634,18,8
"1067","2020-05-26",123,12,172,332,5542,0.481414651750271,1995,7781,608,748,27,4684,42,1676,18,42
"1068","2020-05-27",123,12,168,317,5542,0.481414651750271,1995,7781,608,748,16,4700,29,1705,13,29
"1069","2020-05-28",118,12,157,295,5542,0.481414651750271,1995,7781,608,748,22,4722,36,1741,16,36
"1070","2020-05-29",108,12,147,284,5542,0.481414651750271,1995,7781,608,748,18,4740,39,1780,11,39
"1071","2020-05-30",100,12,140,281,5542,0.481414651750271,1995,7781,608,748,23,4763,49,1829,19,49
"1072","2020-05-31",99,12,140,257,5542,0.481414651750271,1995,7781,608,748,12,4775,38,1867,8,38
"1073","2020-06-01",94,12,147,244,5542,0.481414651750271,1995,7781,608,748,15,4790,26,1893,13,26
"1074","2020-06-02",89,12,161,231,5542,0.481414651750271,1995,7781,608,748,18,4808,34,1927,14,34
"1075","2020-06-03",87,12,164,234,5542,0.481414651750271,1995,7781,608,748,16,4824,37,1964,9,37
"1076","2020-06-04",81,12,159,218,5542,0.481414651750271,1995,7781,608,748,16,4840,27,1991,9,27
"1077","2020-06-05",81,12,138,200,5542,0.481414651750271,1995,7781,608,748,15,4855,18,2009,8,18
"1078","2020-06-06",68,12,134,187,5542,0.481414651750271,1995,7781,608,748,10,4865,35,2044,8,35
"1079","2020-06-07",62,12,133,180,5542,0.481414651750271,1995,7781,608,748,16,4881,26,2070,14,26
"1080","2020-03-08",1,13,0,0,5742,0.854406130268199,2085,7251,673,834,NA,NA,NA,NA,NA,NA
"1081","2020-03-09",1,13,0,0,5742,0.854406130268199,2085,7251,673,834,NA,NA,NA,NA,NA,NA
"1082","2020-03-10",0,13,0,0,5742,0.854406130268199,2085,7251,673,834,NA,NA,NA,NA,NA,NA
"1083","2020-03-11",0,13,0,0,5742,0.854406130268199,2085,7251,673,834,23,23,5,5,NA,5
"1084","2020-03-12",0,13,0,0,5742,0.854406130268199,2085,7251,673,834,29,52,13,18,1,13
"1085","2020-03-13",2,13,49,23,5742,0.854406130268199,2085,7251,673,834,28,80,6,24,6,6
"1086","2020-03-14",4,13,52,34,5742,0.854406130268199,2085,7251,673,834,31,111,10,34,12,10
"1087","2020-03-15",4,13,47,43,5742,0.854406130268199,2085,7251,673,834,43,154,6,40,13,6
"1088","2020-03-16",5,13,59,65,5742,0.854406130268199,2085,7251,673,834,41,195,2,42,19,2
"1089","2020-03-17",7,13,66,88,5742,0.854406130268199,2085,7251,673,834,53,248,1,43,31,1
"1090","2020-03-18",8,13,83,106,5742,0.854406130268199,2085,7251,673,834,54,302,1,44,34,1
"1091","2020-03-19",11,13,92,124,5742,0.854406130268199,2085,7251,673,834,66,368,1,45,47,1
"1092","2020-03-20",20,13,97,151,5742,0.854406130268199,2085,7251,673,834,63,431,6,51,43,6
"1093","2020-03-21",31,13,88,192,5742,0.854406130268199,2085,7251,673,834,65,496,14,65,39,14
"1094","2020-03-22",36,13,87,223,5742,0.854406130268199,2085,7251,673,834,90,586,6,71,68,6
"1095","2020-03-23",40,13,87,258,5742,0.854406130268199,2085,7251,673,834,82,668,7,78,56,7
"1096","2020-03-24",41,13,97,305,5742,0.854406130268199,2085,7251,673,834,90,758,7,85,59,7
"1097","2020-03-25",59,13,132,364,5742,0.854406130268199,2085,7251,673,834,79,837,4,89,52,4
"1098","2020-03-26",75,13,144,402,5742,0.854406130268199,2085,7251,673,834,89,926,8,97,71,8
"1099","2020-03-27",89,13,149,451,5742,0.854406130268199,2085,7251,673,834,108,1034,13,110,82,13
"1100","2020-03-28",110,13,136,507,5742,0.854406130268199,2085,7251,673,834,91,1125,18,128,72,18
"1101","2020-03-29",139,13,149,552,5742,0.854406130268199,2085,7251,673,834,98,1223,21,149,64,21
"1102","2020-03-30",144,13,144,619,5742,0.854406130268199,2085,7251,673,834,117,1340,17,166,82,17
"1103","2020-03-31",163,13,139,694,5742,0.854406130268199,2085,7251,673,834,88,1428,25,191,73,25
"1104","2020-04-01",170,13,145,778,5742,0.854406130268199,2085,7251,673,834,80,1508,20,211,50,20
"1105","2020-04-02",173,13,169,837,5742,0.854406130268199,2085,7251,673,834,115,1623,16,227,84,16
"1106","2020-04-03",228,13,187,915,5742,0.854406130268199,2085,7251,673,834,105,1728,15,242,87,15
"1107","2020-04-04",255,13,195,997,5742,0.854406130268199,2085,7251,673,834,121,1849,25,267,92,25
"1108","2020-04-05",285,13,192,1052,5742,0.854406130268199,2085,7251,673,834,117,1966,19,286,95,19
"1109","2020-04-06",301,13,197,1119,5742,0.854406130268199,2085,7251,673,834,93,2059,22,308,71,22
"1110","2020-04-07",285,13,192,1213,5742,0.854406130268199,2085,7251,673,834,128,2187,22,330,100,22
"1111","2020-04-08",306,13,216,1266,5742,0.854406130268199,2085,7251,673,834,111,2298,15,345,89,15
"1112","2020-04-09",339,13,229,1334,5742,0.854406130268199,2085,7251,673,834,100,2398,17,362,81,17
"1113","2020-04-10",447,13,210,1380,5742,0.854406130268199,2085,7251,673,834,91,2489,8,370,66,8
"1114","2020-04-11",472,13,206,1453,5742,0.854406130268199,2085,7251,673,834,131,2620,14,384,109,14
"1115","2020-04-12",459,13,228,1527,5742,0.854406130268199,2085,7251,673,834,80,2700,13,397,51,13
"1116","2020-04-13",476,13,216,1561,5742,0.854406130268199,2085,7251,673,834,103,2803,33,430,84,33
"1117","2020-04-14",487,13,191,1594,5742,0.854406130268199,2085,7251,673,834,104,2907,27,457,91,27
"1118","2020-04-15",492,13,202,1618,5742,0.854406130268199,2085,7251,673,834,87,2994,19,476,66,19
"1119","2020-04-16",504,13,201,1638,5742,0.854406130268199,2085,7251,673,834,83,3077,17,493,64,17
"1120","2020-04-17",574,13,227,1658,5742,0.854406130268199,2085,7251,673,834,113,3190,14,507,82,14
"1121","2020-04-18",597,13,242,1664,5742,0.854406130268199,2085,7251,673,834,85,3275,12,519,62,12
"1122","2020-04-19",566,13,256,1633,5742,0.854406130268199,2085,7251,673,834,111,3386,11,530,86,11
"1123","2020-04-20",546,13,240,1618,5742,0.854406130268199,2085,7251,673,834,86,3472,13,543,61,13
"1124","2020-04-21",552,13,237,1600,5742,0.854406130268199,2085,7251,673,834,65,3537,10,553,53,10
"1125","2020-04-22",545,13,239,1529,5742,0.854406130268199,2085,7251,673,834,90,3627,23,576,64,23
"1126","2020-04-23",530,13,230,1529,5742,0.854406130268199,2085,7251,673,834,60,3687,25,601,42,25
"1127","2020-04-24",569,13,207,1474,5742,0.854406130268199,2085,7251,673,834,69,3756,11,612,50,11
"1128","2020-04-25",525,13,210,1428,5742,0.854406130268199,2085,7251,673,834,67,3823,14,626,51,14
"1129","2020-04-26",457,13,214,1398,5742,0.854406130268199,2085,7251,673,834,61,3884,27,653,46,27
"1130","2020-04-27",468,13,210,1360,5742,0.854406130268199,2085,7251,673,834,74,3958,30,683,51,30
"1131","2020-04-28",457,13,197,1338,5742,0.854406130268199,2085,7251,673,834,66,4024,46,729,42,46
"1132","2020-04-29",468,13,189,1274,5742,0.854406130268199,2085,7251,673,834,45,4069,32,761,36,32
"1133","2020-04-30",466,13,180,1221,5742,0.854406130268199,2085,7251,673,834,52,4121,32,793,41,32
"1134","2020-05-01",409,13,169,1182,5742,0.854406130268199,2085,7251,673,834,53,4174,32,825,29,32
"1135","2020-05-02",431,13,164,1119,5742,0.854406130268199,2085,7251,673,834,77,4251,19,844,49,19
"1136","2020-05-03",419,13,164,1030,5742,0.854406130268199,2085,7251,673,834,52,4303,18,862,42,18
"1137","2020-05-04",402,13,182,977,5742,0.854406130268199,2085,7251,673,834,59,4362,33,895,41,33
"1138","2020-05-05",388,13,190,887,5742,0.854406130268199,2085,7251,673,834,66,4428,35,930,49,35
"1139","2020-05-06",360,13,182,810,5742,0.854406130268199,2085,7251,673,834,46,4474,25,955,30,25
"1140","2020-05-07",337,13,176,738,5742,0.854406130268199,2085,7251,673,834,47,4521,48,1003,28,48
"1141","2020-05-08",294,13,187,671,5742,0.854406130268199,2085,7251,673,834,39,4560,31,1034,26,31
"1142","2020-05-09",282,13,208,607,5742,0.854406130268199,2085,7251,673,834,48,4608,31,1065,37,31
"1143","2020-05-10",264,13,238,564,5742,0.854406130268199,2085,7251,673,834,48,4656,23,1088,27,23
"1144","2020-05-11",246,13,233,534,5742,0.854406130268199,2085,7251,673,834,42,4698,36,1124,32,36
"1145","2020-05-12",229,13,220,490,5742,0.854406130268199,2085,7251,673,834,29,4727,39,1163,19,39
"1146","2020-05-13",218,13,212,438,5742,0.854406130268199,2085,7251,673,834,33,4760,35,1198,17,35
"1147","2020-05-14",202,13,189,401,5742,0.854406130268199,2085,7251,673,834,43,4803,34,1232,28,34
"1148","2020-05-15",185,13,175,366,5742,0.854406130268199,2085,7251,673,834,32,4835,30,1262,22,30
"1149","2020-05-16",142,13,174,352,5742,0.854406130268199,2085,7251,673,834,36,4871,23,1285,17,23
"1150","2020-05-17",125,13,175,315,5742,0.854406130268199,2085,7251,673,834,25,4896,18,1303,13,18
"1151","2020-05-18",111,13,189,281,5742,0.854406130268199,2085,7251,673,834,35,4931,16,1319,21,16
"1152","2020-05-19",103,13,200,248,5742,0.854406130268199,2085,7251,673,834,22,4953,23,1342,12,23
"1153","2020-05-20",98,13,177,241,5742,0.854406130268199,2085,7251,673,834,15,4968,20,1362,6,20
"1154","2020-05-21",92,13,196,241,5742,0.854406130268199,2085,7251,673,834,21,4989,11,1373,12,11
"1155","2020-05-22",90,13,212,237,5742,0.854406130268199,2085,7251,673,834,30,5019,26,1399,19,26
"1156","2020-05-23",88,13,217,214,5742,0.854406130268199,2085,7251,673,834,25,5044,23,1422,15,23
"1157","2020-05-24",78,13,226,202,5742,0.854406130268199,2085,7251,673,834,17,5061,27,1449,14,27
"1158","2020-05-25",73,13,219,174,5742,0.854406130268199,2085,7251,673,834,23,5084,25,1474,15,25
"1159","2020-05-26",63,13,236,157,5742,0.854406130268199,2085,7251,673,834,22,5106,22,1496,15,22
"1160","2020-05-27",59,13,245,152,5742,0.854406130268199,2085,7251,673,834,26,5132,19,1515,18,19
"1161","2020-05-28",64,13,246,150,5742,0.854406130268199,2085,7251,673,834,18,5150,23,1538,8,23
"1162","2020-05-29",49,13,239,148,5742,0.854406130268199,2085,7251,673,834,12,5162,28,1566,7,28
"1163","2020-05-30",59,13,224,135,5742,0.854406130268199,2085,7251,673,834,21,5183,22,1588,13,22
"1164","2020-05-31",53,13,204,121,5742,0.854406130268199,2085,7251,673,834,12,5195,8,1596,5,8
"1165","2020-06-01",51,13,201,113,5742,0.854406130268199,2085,7251,673,834,12,5207,16,1612,6,16
"1166","2020-06-02",55,13,202,106,5742,0.854406130268199,2085,7251,673,834,13,5220,14,1626,6,14
"1167","2020-06-03",55,13,189,98,5742,0.854406130268199,2085,7251,673,834,9,5229,17,1643,6,17
"1168","2020-06-04",49,13,188,83,5742,0.854406130268199,2085,7251,673,834,10,5239,11,1654,2,11
"1169","2020-06-05",46,13,200,83,5742,0.854406130268199,2085,7251,673,834,12,5251,9,1663,6,9
"1170","2020-06-06",38,13,206,69,5742,0.854406130268199,2085,7251,673,834,12,5263,7,1670,4,7
"1171","2020-06-07",37,13,201,61,5742,0.854406130268199,2085,7251,673,834,14,5277,11,1681,8,11
"1172","2020-03-07",1,14,0,0,6127,0.84723355638975,2055,7941,619,911,NA,NA,NA,NA,NA,NA
"1173","2020-03-08",1,14,0,0,6127,0.84723355638975,2055,7941,619,911,NA,NA,NA,NA,NA,NA
"1174","2020-03-09",0,14,0,0,6127,0.84723355638975,2055,7941,619,911,NA,NA,NA,NA,NA,NA
"1175","2020-03-10",0,14,0,0,6127,0.84723355638975,2055,7941,619,911,NA,NA,1,1,NA,1
"1176","2020-03-11",0,14,0,0,6127,0.84723355638975,2055,7941,619,911,25,25,9,10,5,9
"1177","2020-03-12",0,14,0,0,6127,0.84723355638975,2055,7941,619,911,26,51,10,20,8,10
"1178","2020-03-13",0,14,0,0,6127,0.84723355638975,2055,7941,619,911,25,76,28,48,12,28
"1179","2020-03-14",1,14,75,76,6127,0.84723355638975,2055,7941,619,911,41,117,15,63,20,15
"1180","2020-03-15",4,14,87,102,6127,0.84723355638975,2055,7941,619,911,37,154,8,71,23,8
"1181","2020-03-16",6,14,101,140,6127,0.84723355638975,2055,7941,619,911,37,191,6,77,19,6
"1182","2020-03-17",11,14,116,176,6127,0.84723355638975,2055,7941,619,911,54,245,32,109,34,32
"1183","2020-03-18",16,14,124,224,6127,0.84723355638975,2055,7941,619,911,41,286,17,126,29,17
"1184","2020-03-19",23,14,116,280,6127,0.84723355638975,2055,7941,619,911,66,352,12,138,45,12
"1185","2020-03-20",37,14,149,333,6127,0.84723355638975,2055,7941,619,911,62,414,42,180,46,42
"1186","2020-03-21",65,14,169,394,6127,0.84723355638975,2055,7941,619,911,63,477,17,197,41,17
"1187","2020-03-22",82,14,174,479,6127,0.84723355638975,2055,7941,619,911,63,540,5,202,44,5
"1188","2020-03-23",93,14,161,546,6127,0.84723355638975,2055,7941,619,911,84,624,12,214,68,12
"1189","2020-03-24",108,14,161,620,6127,0.84723355638975,2055,7941,619,911,67,691,8,222,47,8
"1190","2020-03-25",118,14,155,693,6127,0.84723355638975,2055,7941,619,911,86,777,16,238,69,16
"1191","2020-03-26",138,14,153,764,6127,0.84723355638975,2055,7941,619,911,84,861,31,269,65,31
"1192","2020-03-27",183,14,144,835,6127,0.84723355638975,2055,7941,619,911,103,964,18,287,87,18
"1193","2020-03-28",253,14,141,900,6127,0.84723355638975,2055,7941,619,911,94,1058,41,328,69,41
"1194","2020-03-29",255,14,142,967,6127,0.84723355638975,2055,7941,619,911,96,1154,37,365,76,37
"1195","2020-03-30",245,14,143,1033,6127,0.84723355638975,2055,7941,619,911,104,1258,22,387,78,22
"1196","2020-03-31",267,14,150,1094,6127,0.84723355638975,2055,7941,619,911,88,1346,30,417,69,30
"1197","2020-04-01",295,14,131,1165,6127,0.84723355638975,2055,7941,619,911,114,1460,32,449,86,32
"1198","2020-04-02",309,14,123,1238,6127,0.84723355638975,2055,7941,619,911,99,1559,44,493,79,44
"1199","2020-04-03",417,14,152,1279,6127,0.84723355638975,2055,7941,619,911,90,1649,55,548,72,55
"1200","2020-04-04",391,14,160,1380,6127,0.84723355638975,2055,7941,619,911,117,1766,26,574,94,26
"1201","2020-04-05",422,14,183,1435,6127,0.84723355638975,2055,7941,619,911,91,1857,51,625,72,51
"1202","2020-04-06",441,14,196,1504,6127,0.84723355638975,2055,7941,619,911,103,1960,28,653,86,28
"1203","2020-04-07",447,14,220,1524,6127,0.84723355638975,2055,7941,619,911,113,2073,36,689,96,36
"1204","2020-04-08",453,14,210,1568,6127,0.84723355638975,2055,7941,619,911,88,2161,19,708,75,19
"1205","2020-04-09",473,14,204,1579,6127,0.84723355638975,2055,7941,619,911,83,2244,25,733,67,25
"1206","2020-04-10",554,14,206,1586,6127,0.84723355638975,2055,7941,619,911,133,2377,29,762,115,29
"1207","2020-04-11",576,14,199,1594,6127,0.84723355638975,2055,7941,619,911,97,2474,25,787,81,25
"1208","2020-04-12",530,14,203,1596,6127,0.84723355638975,2055,7941,619,911,102,2576,16,803,71,16
"1209","2020-04-13",540,14,224,1555,6127,0.84723355638975,2055,7941,619,911,73,2649,30,833,55,30
"1210","2020-04-14",537,14,222,1554,6127,0.84723355638975,2055,7941,619,911,101,2750,42,875,83,42
"1211","2020-04-15",530,14,244,1542,6127,0.84723355638975,2055,7941,619,911,80,2830,58,933,59,58
"1212","2020-04-16",537,14,237,1512,6127,0.84723355638975,2055,7941,619,911,95,2925,33,966,76,33
"1213","2020-04-17",536,14,216,1482,6127,0.84723355638975,2055,7941,619,911,86,3011,12,978,67,12
"1214","2020-04-18",537,14,188,1414,6127,0.84723355638975,2055,7941,619,911,54,3065,10,988,41,10
"1215","2020-04-19",491,14,180,1392,6127,0.84723355638975,2055,7941,619,911,63,3128,13,1001,44,13
"1216","2020-04-20",472,14,199,1347,6127,0.84723355638975,2055,7941,619,911,71,3199,48,1049,59,48
"1217","2020-04-21",436,14,204,1306,6127,0.84723355638975,2055,7941,619,911,79,3278,32,1081,49,32
"1218","2020-04-22",448,14,201,1267,6127,0.84723355638975,2055,7941,619,911,69,3347,20,1101,52,20
"1219","2020-04-23",432,14,218,1170,6127,0.84723355638975,2055,7941,619,911,62,3409,35,1136,49,35
"1220","2020-04-24",438,14,212,1131,6127,0.84723355638975,2055,7941,619,911,66,3475,20,1156,42,20
"1221","2020-04-25",428,14,199,1075,6127,0.84723355638975,2055,7941,619,911,58,3533,6,1162,40,6
"1222","2020-04-26",393,14,200,1034,6127,0.84723355638975,2055,7941,619,911,59,3592,27,1189,36,27
"1223","2020-04-27",375,14,200,984,6127,0.84723355638975,2055,7941,619,911,51,3643,48,1237,39,48
"1224","2020-04-28",379,14,224,924,6127,0.84723355638975,2055,7941,619,911,73,3716,41,1278,55,41
"1225","2020-04-29",363,14,243,866,6127,0.84723355638975,2055,7941,619,911,71,3787,26,1304,47,26
"1226","2020-04-30",346,14,277,821,6127,0.84723355638975,2055,7941,619,911,63,3850,18,1322,41,18
"1227","2020-05-01",316,14,250,791,6127,0.84723355638975,2055,7941,619,911,52,3902,13,1335,34,13
"1228","2020-05-02",293,14,213,766,6127,0.84723355638975,2055,7941,619,911,66,3968,16,1351,50,16
"1229","2020-05-03",276,14,189,729,6127,0.84723355638975,2055,7941,619,911,47,4015,26,1377,34,26
"1230","2020-05-04",268,14,175,672,6127,0.84723355638975,2055,7941,619,911,56,4071,47,1424,36,47
"1231","2020-05-05",255,14,163,637,6127,0.84723355638975,2055,7941,619,911,57,4128,16,1440,38,16
"1232","2020-05-06",235,14,184,614,6127,0.84723355638975,2055,7941,619,911,42,4170,14,1454,32,14
"1233","2020-05-07",222,14,188,575,6127,0.84723355638975,2055,7941,619,911,46,4216,14,1468,31,14
"1234","2020-05-08",201,14,178,542,6127,0.84723355638975,2055,7941,619,911,39,4255,43,1511,26,43
"1235","2020-05-09",198,14,177,519,6127,0.84723355638975,2055,7941,619,911,39,4294,22,1533,26,22
"1236","2020-05-10",200,14,192,487,6127,0.84723355638975,2055,7941,619,911,47,4341,22,1555,36,22
"1237","2020-05-11",187,14,177,457,6127,0.84723355638975,2055,7941,619,911,45,4386,8,1563,26,8
"1238","2020-05-12",179,14,174,450,6127,0.84723355638975,2055,7941,619,911,40,4426,9,1572,26,9
"1239","2020-05-13",176,14,203,429,6127,0.84723355638975,2055,7941,619,911,38,4464,9,1581,28,9
"1240","2020-05-14",170,14,217,410,6127,0.84723355638975,2055,7941,619,911,29,4493,15,1596,18,15
"1241","2020-05-15",163,14,244,386,6127,0.84723355638975,2055,7941,619,911,29,4522,35,1631,22,35
"1242","2020-05-16",157,14,255,360,6127,0.84723355638975,2055,7941,619,911,33,4555,43,1674,24,43
"1243","2020-05-17",130,14,273,351,6127,0.84723355638975,2055,7941,619,911,30,4585,33,1707,23,33
"1244","2020-05-18",132,14,252,339,6127,0.84723355638975,2055,7941,619,911,29,4614,26,1733,19,26
"1245","2020-05-19",122,14,249,324,6127,0.84723355638975,2055,7941,619,911,35,4649,44,1777,21,44
"1246","2020-05-20",115,14,253,325,6127,0.84723355638975,2055,7941,619,911,29,4678,31,1808,18,31
"1247","2020-05-21",113,14,272,308,6127,0.84723355638975,2055,7941,619,911,30,4708,41,1849,21,41
"1248","2020-05-22",114,14,272,289,6127,0.84723355638975,2055,7941,619,911,30,4738,49,1898,20,49
"1249","2020-05-23",121,14,255,279,6127,0.84723355638975,2055,7941,619,911,28,4766,36,1934,25,36
"1250","2020-05-24",111,14,260,270,6127,0.84723355638975,2055,7941,619,911,26,4792,42,1976,16,42
"1251","2020-05-25",100,14,258,251,6127,0.84723355638975,2055,7941,619,911,36,4828,24,2000,19,24
"1252","2020-05-26",95,14,225,246,6127,0.84723355638975,2055,7941,619,911,28,4856,11,2011,18,11
"1253","2020-05-27",98,14,203,237,6127,0.84723355638975,2055,7941,619,911,29,4885,8,2019,18,8
"1254","2020-05-28",95,14,188,226,6127,0.84723355638975,2055,7941,619,911,21,4906,8,2027,13,8
"1255","2020-05-29",90,14,178,209,6127,0.84723355638975,2055,7941,619,911,15,4921,8,2035,10,8
"1256","2020-05-30",86,14,165,207,6127,0.84723355638975,2055,7941,619,911,22,4943,7,2042,11,7
"1257","2020-05-31",84,14,167,195,6127,0.84723355638975,2055,7941,619,911,24,4967,7,2049,17,7
"1258","2020-06-01",80,14,157,181,6127,0.84723355638975,2055,7941,619,911,15,4982,29,2078,7,29
"1259","2020-06-02",75,14,175,173,6127,0.84723355638975,2055,7941,619,911,21,5003,47,2125,17,47
"1260","2020-06-03",72,14,167,164,6127,0.84723355638975,2055,7941,619,911,24,5027,39,2164,16,39
"1261","2020-06-04",66,14,169,151,6127,0.84723355638975,2055,7941,619,911,20,5047,29,2193,12,29
"1262","2020-06-05",61,14,182,137,6127,0.84723355638975,2055,7941,619,911,18,5065,22,2215,14,22
"1263","2020-06-06",53,14,178,128,6127,0.84723355638975,2055,7941,619,911,18,5083,21,2236,12,21
"1264","2020-06-07",44,14,167,116,6127,0.84723355638975,2055,7941,619,911,14,5097,27,2263,9,27
"1265","2020-03-12",2,15,65,85,6443,0.510942107713798,1950,8030,624,1155,50,93,7,20,2,7
"1266","2020-03-13",3,15,76,130,6443,0.510942107713798,1950,8030,624,1155,54,147,16,36,2,16
"1267","2020-03-14",21,15,82,188,6443,0.510942107713798,1950,8030,624,1155,58,205,7,43,10,7
"1268","2020-03-15",32,15,73,248,6443,0.510942107713798,1950,8030,624,1155,62,267,15,58,13,15
"1269","2020-03-16",42,15,67,304,6443,0.510942107713798,1950,8030,624,1155,60,327,10,68,12,10
"1270","2020-03-17",48,15,67,379,6443,0.510942107713798,1950,8030,624,1155,73,400,10,78,23,10
"1271","2020-03-18",61,15,64,446,6443,0.510942107713798,1950,8030,624,1155,77,477,12,90,26,12
"1272","2020-03-19",77,15,90,529,6443,0.510942107713798,1950,8030,624,1155,71,548,8,98,29,8
"1273","2020-03-20",114,15,136,596,6443,0.510942107713798,1950,8030,624,1155,72,620,8,106,37,8
"1274","2020-03-21",129,15,199,657,6443,0.510942107713798,1950,8030,624,1155,87,707,17,123,47,17
"1275","2020-03-22",168,15,220,733,6443,0.510942107713798,1950,8030,624,1155,91,798,10,133,48,10
"1276","2020-03-23",181,15,271,782,6443,0.510942107713798,1950,8030,624,1155,93,891,23,156,40,23
"1277","2020-03-24",184,15,275,841,6443,0.510942107713798,1950,8030,624,1155,96,987,28,184,41,28
"1278","2020-03-25",217,15,272,897,6443,0.510942107713798,1950,8030,624,1155,102,1089,17,201,61,17
"1279","2020-03-26",227,15,279,929,6443,0.510942107713798,1950,8030,624,1155,90,1179,11,212,50,11
"1280","2020-03-27",316,15,298,974,6443,0.510942107713798,1950,8030,624,1155,80,1259,10,222,43,10
"1281","2020-03-28",338,15,259,1043,6443,0.510942107713798,1950,8030,624,1155,89,1348,7,229,38,7
"1282","2020-03-29",325,15,231,1089,6443,0.510942107713798,1950,8030,624,1155,118,1466,7,236,62,7
"1283","2020-03-30",334,15,216,1118,6443,0.510942107713798,1950,8030,624,1155,82,1548,6,242,50,6
"1284","2020-03-31",335,15,223,1142,6443,0.510942107713798,1950,8030,624,1155,84,1632,9,251,43,9
"1285","2020-04-01",333,15,219,1155,6443,0.510942107713798,1950,8030,624,1155,89,1721,6,257,44,6
"1286","2020-04-02",346,15,222,1185,6443,0.510942107713798,1950,8030,624,1155,99,1820,19,276,55,19
"1287","2020-04-03",386,15,216,1185,6443,0.510942107713798,1950,8030,624,1155,66,1886,12,288,36,12
"1288","2020-04-04",407,15,252,1209,6443,0.510942107713798,1950,8030,624,1155,92,1978,12,300,48,12
"1289","2020-04-05",382,15,297,1207,6443,0.510942107713798,1950,8030,624,1155,94,2072,32,332,49,32
"1290","2020-04-06",372,15,311,1251,6443,0.510942107713798,1950,8030,624,1155,99,2171,23,355,44,23
"1291","2020-04-07",375,15,314,1276,6443,0.510942107713798,1950,8030,624,1155,103,2274,26,381,52,26
"1292","2020-04-08",371,15,281,1270,6443,0.510942107713798,1950,8030,624,1155,92,2366,21,402,46,21
"1293","2020-04-09",375,15,256,1257,6443,0.510942107713798,1950,8030,624,1155,82,2448,19,421,41,19
"1294","2020-04-10",424,15,235,1236,6443,0.510942107713798,1950,8030,624,1155,77,2525,14,435,46,14
"1295","2020-04-11",437,15,221,1216,6443,0.510942107713798,1950,8030,624,1155,106,2631,9,444,49,9
"1296","2020-04-12",405,15,188,1229,6443,0.510942107713798,1950,8030,624,1155,96,2727,9,453,46,9
"1297","2020-04-13",405,15,185,1209,6443,0.510942107713798,1950,8030,624,1155,78,2805,36,489,41,36
"1298","2020-04-14",405,15,185,1184,6443,0.510942107713798,1950,8030,624,1155,91,2896,33,522,38,33
"1299","2020-04-15",407,15,183,1170,6443,0.510942107713798,1950,8030,624,1155,83,2979,34,556,43,34
"1300","2020-04-16",395,15,263,1148,6443,0.510942107713798,1950,8030,624,1155,94,3073,32,588,52,32
"1301","2020-04-17",404,15,293,1128,6443,0.510942107713798,1950,8030,624,1155,75,3148,18,606,35,18
"1302","2020-04-18",386,15,269,1097,6443,0.510942107713798,1950,8030,624,1155,69,3217,19,625,32,19
"1303","2020-04-19",377,15,227,1075,6443,0.510942107713798,1950,8030,624,1155,79,3296,37,662,36,37
"1304","2020-04-20",362,15,249,1066,6443,0.510942107713798,1950,8030,624,1155,63,3359,37,699,36,37
"1305","2020-04-21",356,15,262,1052,6443,0.510942107713798,1950,8030,624,1155,74,3433,30,729,30,30
"1306","2020-04-22",342,15,314,1054,6443,0.510942107713798,1950,8030,624,1155,74,3507,37,766,32,37
"1307","2020-04-23",340,15,326,1049,6443,0.510942107713798,1950,8030,624,1155,75,3582,26,792,33,26
"1308","2020-04-24",340,15,332,1041,6443,0.510942107713798,1950,8030,624,1155,76,3658,20,812,23,20
"1309","2020-04-25",377,15,319,1000,6443,0.510942107713798,1950,8030,624,1155,71,3729,26,838,26,26
"1310","2020-04-26",346,15,303,978,6443,0.510942107713798,1950,8030,624,1155,66,3795,34,872,26,34
"1311","2020-04-27",322,15,318,960,6443,0.510942107713798,1950,8030,624,1155,59,3854,30,902,25,30
"1312","2020-04-28",316,15,312,907,6443,0.510942107713798,1950,8030,624,1155,59,3913,33,935,25,33
"1313","2020-04-29",324,15,294,905,6443,0.510942107713798,1950,8030,624,1155,63,3976,19,954,20,19
"1314","2020-04-30",330,15,259,858,6443,0.510942107713798,1950,8030,624,1155,78,4054,43,997,36,43
"1315","2020-05-01",308,15,239,839,6443,0.510942107713798,1950,8030,624,1155,50,4104,23,1020,17,23
"1316","2020-05-02",302,15,275,816,6443,0.510942107713798,1950,8030,624,1155,51,4155,18,1038,16,18
"1317","2020-05-03",280,15,266,808,6443,0.510942107713798,1950,8030,624,1155,50,4205,12,1050,22,12
"1318","2020-05-04",278,15,279,777,6443,0.510942107713798,1950,8030,624,1155,52,4257,28,1078,13,28
"1319","2020-05-05",276,15,291,785,6443,0.510942107713798,1950,8030,624,1155,53,4310,15,1093,12,15
"1320","2020-05-06",269,15,259,745,6443,0.510942107713798,1950,8030,624,1155,57,4367,14,1107,20,14
"1321","2020-05-07",266,15,239,725,6443,0.510942107713798,1950,8030,624,1155,49,4416,10,1117,16,10
"1322","2020-05-08",264,15,287,696,6443,0.510942107713798,1950,8030,624,1155,62,4478,16,1133,18,16
"1323","2020-05-09",240,15,289,656,6443,0.510942107713798,1950,8030,624,1155,47,4525,34,1167,15,34
"1324","2020-05-10",226,15,255,630,6443,0.510942107713798,1950,8030,624,1155,59,4584,46,1213,25,46
"1325","2020-05-11",217,15,218,611,6443,0.510942107713798,1950,8030,624,1155,34,4618,41,1254,11,41
"1326","2020-05-12",204,15,220,580,6443,0.510942107713798,1950,8030,624,1155,50,4668,29,1283,17,29
"1327","2020-05-13",197,15,224,564,6443,0.510942107713798,1950,8030,624,1155,34,4702,19,1302,12,19
"1328","2020-05-14",168,15,237,538,6443,0.510942107713798,1950,8030,624,1155,26,4728,31,1333,12,31
"1329","2020-05-15",162,15,236,511,6443,0.510942107713798,1950,8030,624,1155,32,4760,30,1363,7,30
"1330","2020-05-16",163,15,194,497,6443,0.510942107713798,1950,8030,624,1155,37,4797,28,1391,15,28
"1331","2020-05-17",161,15,174,463,6443,0.510942107713798,1950,8030,624,1155,33,4830,17,1408,11,17
"1332","2020-05-18",156,15,146,443,6443,0.510942107713798,1950,8030,624,1155,43,4873,18,1426,15,18
"1333","2020-05-19",147,15,136,415,6443,0.510942107713798,1950,8030,624,1155,36,4909,11,1437,12,11
"1334","2020-05-20",139,15,165,406,6443,0.510942107713798,1950,8030,624,1155,35,4944,13,1450,17,13
"1335","2020-05-21",152,15,230,402,6443,0.510942107713798,1950,8030,624,1155,42,4986,18,1468,12,18
"1336","2020-05-22",154,15,227,386,6443,0.510942107713798,1950,8030,624,1155,26,5012,24,1492,10,24
"1337","2020-05-23",154,15,201,368,6443,0.510942107713798,1950,8030,624,1155,29,5041,14,1506,10,14
"1338","2020-05-24",130,15,167,355,6443,0.510942107713798,1950,8030,624,1155,32,5073,11,1517,10,11
"1339","2020-05-25",122,15,153,345,6443,0.510942107713798,1950,8030,624,1155,26,5099,19,1536,14,19
"1340","2020-05-26",125,15,150,325,6443,0.510942107713798,1950,8030,624,1155,34,5133,8,1544,9,8
"1341","2020-05-27",121,15,178,323,6443,0.510942107713798,1950,8030,624,1155,25,5158,7,1551,6,7
"1342","2020-05-28",113,15,229,319,6443,0.510942107713798,1950,8030,624,1155,21,5179,6,1557,9,6
"1343","2020-05-29",110,15,287,315,6443,0.510942107713798,1950,8030,624,1155,26,5205,5,1562,8,5
"1344","2020-05-30",101,15,286,301,6443,0.510942107713798,1950,8030,624,1155,26,5231,11,1573,4,11
"1345","2020-05-31",102,15,268,293,6443,0.510942107713798,1950,8030,624,1155,19,5250,3,1576,10,3
"1346","2020-06-01",93,15,232,276,6443,0.510942107713798,1950,8030,624,1155,19,5269,19,1595,11,19
"1347","2020-06-02",83,15,219,267,6443,0.510942107713798,1950,8030,624,1155,22,5291,13,1608,8,13
"1348","2020-06-03",87,15,200,270,6443,0.510942107713798,1950,8030,624,1155,23,5314,9,1617,10,9
"1349","2020-06-04",85,15,189,261,6443,0.510942107713798,1950,8030,624,1155,17,5331,16,1633,4,16
"1350","2020-06-05",82,15,202,255,6443,0.510942107713798,1950,8030,624,1155,20,5351,12,1645,8,12
"1351","2020-06-06",81,15,188,239,6443,0.510942107713798,1950,8030,624,1155,17,5368,12,1657,5,12
"1352","2020-06-07",85,15,170,218,6443,0.510942107713798,1950,8030,624,1155,10,5378,21,1678,4,21
"1353","2020-03-12",1,16,50,26,6020,0.838704318936877,1935,6958,575,1125,32,65,33,61,3,33
"1354","2020-03-13",1,16,50,44,6020,0.838704318936877,1935,6958,575,1125,35,100,22,83,8,22
"1355","2020-03-14",4,16,58,57,6020,0.838704318936877,1935,6958,575,1125,41,141,19,102,12,19
"1356","2020-03-15",7,16,94,72,6020,0.838704318936877,1935,6958,575,1125,52,193,22,124,18,22
"1357","2020-03-16",8,16,92,97,6020,0.838704318936877,1935,6958,575,1125,56,249,19,143,21,19
"1358","2020-03-17",9,16,121,122,6020,0.838704318936877,1935,6958,575,1125,55,304,20,163,23,20
"1359","2020-03-18",11,16,125,155,6020,0.838704318936877,1935,6958,575,1125,62,366,21,184,40,21
"1360","2020-03-19",18,16,146,196,6020,0.838704318936877,1935,6958,575,1125,64,430,39,223,39,39
"1361","2020-03-20",24,16,147,236,6020,0.838704318936877,1935,6958,575,1125,52,482,47,270,32,47
"1362","2020-03-21",31,16,145,278,6020,0.838704318936877,1935,6958,575,1125,85,567,38,308,55,39
"1363","2020-03-22",66,16,164,333,6020,0.838704318936877,1935,6958,575,1125,87,654,46,354,52,46
"1364","2020-03-23",74,16,191,389,6020,0.838704318936877,1935,6958,575,1125,83,737,47,401,52,47
"1365","2020-03-24",77,16,184,448,6020,0.838704318936877,1935,6958,575,1125,111,848,55,456,69,55
"1366","2020-03-25",88,16,212,498,6020,0.838704318936877,1935,6958,575,1125,74,922,66,522,48,66
"1367","2020-03-26",92,16,208,554,6020,0.838704318936877,1935,6958,575,1125,109,1031,57,579,78,57
"1368","2020-03-27",131,16,189,625,6020,0.838704318936877,1935,6958,575,1125,123,1154,69,648,93,69
"1369","2020-03-28",174,16,170,692,6020,0.838704318936877,1935,6958,575,1125,103,1257,33,681,81,33
"1370","2020-03-29",183,16,168,791,6020,0.838704318936877,1935,6958,575,1125,104,1361,29,710,69,29
"1371","2020-03-30",185,16,165,864,6020,0.838704318936877,1935,6958,575,1125,129,1490,32,742,96,32
"1372","2020-03-31",205,16,171,988,6020,0.838704318936877,1935,6958,575,1125,93,1583,45,787,58,45
"1373","2020-04-01",227,16,182,1054,6020,0.838704318936877,1935,6958,575,1125,136,1719,45,832,102,45
"1374","2020-04-02",268,16,203,1134,6020,0.838704318936877,1935,6958,575,1125,116,1835,37,869,83,37
"1375","2020-04-03",335,16,202,1215,6020,0.838704318936877,1935,6958,575,1125,110,1945,51,920,79,51
"1376","2020-04-04",378,16,191,1300,6020,0.838704318936877,1935,6958,575,1125,109,2054,38,958,87,38
"1377","2020-04-05",389,16,185,1393,6020,0.838704318936877,1935,6958,575,1125,127,2181,37,995,98,37
"1378","2020-04-06",400,16,192,1448,6020,0.838704318936877,1935,6958,575,1125,91,2272,23,1018,67,23
"1379","2020-04-07",415,16,180,1523,6020,0.838704318936877,1935,6958,575,1125,130,2402,32,1050,100,32
"1380","2020-04-08",416,16,185,1562,6020,0.838704318936877,1935,6958,575,1125,121,2523,36,1086,86,36
"1381","2020-04-09",418,16,177,1637,6020,0.838704318936877,1935,6958,575,1125,115,2638,55,1141,81,55
"1382","2020-04-10",523,16,162,1646,6020,0.838704318936877,1935,6958,575,1125,104,2742,44,1185,67,44
"1383","2020-04-11",559,16,162,1668,6020,0.838704318936877,1935,6958,575,1125,116,2858,64,1249,76,64
"1384","2020-04-12",524,16,195,1709,6020,0.838704318936877,1935,6958,575,1125,108,2966,47,1296,67,47
"1385","2020-04-13",537,16,191,1699,6020,0.838704318936877,1935,6958,575,1125,90,3056,30,1326,65,30
"1386","2020-04-14",550,16,180,1701,6020,0.838704318936877,1935,6958,575,1125,86,3142,32,1358,64,32
"1387","2020-04-15",586,16,172,1703,6020,0.838704318936877,1935,6958,575,1125,99,3241,33,1391,62,33
"1388","2020-04-16",591,16,171,1727,6020,0.838704318936877,1935,6958,575,1125,103,3344,53,1444,74,53
"1389","2020-04-17",636,16,162,1712,6020,0.838704318936877,1935,6958,575,1125,106,3450,45,1489,70,45
"1390","2020-04-18",623,16,171,1698,6020,0.838704318936877,1935,6958,575,1125,78,3528,39,1528,54,39
"1391","2020-04-19",589,16,147,1685,6020,0.838704318936877,1935,6958,575,1125,97,3625,27,1555,67,27
"1392","2020-04-20",560,16,147,1646,6020,0.838704318936877,1935,6958,575,1125,97,3722,21,1576,68,21
"1393","2020-04-21",561,16,151,1607,6020,0.838704318936877,1935,6958,575,1125,93,3815,30,1606,61,30
"1394","2020-04-22",541,16,139,1567,6020,0.838704318936877,1935,6958,575,1125,82,3897,38,1644,42,38
"1395","2020-04-23",543,16,148,1533,6020,0.838704318936877,1935,6958,575,1125,81,3978,48,1692,52,48
"1396","2020-04-24",570,16,146,1481,6020,0.838704318936877,1935,6958,575,1125,68,4046,53,1745,39,53
"1397","2020-04-25",551,16,142,1409,6020,0.838704318936877,1935,6958,575,1125,81,4127,31,1776,51,31
"1398","2020-04-26",497,16,143,1361,6020,0.838704318936877,1935,6958,575,1125,75,4202,45,1821,50,45
"1399","2020-04-27",494,16,150,1306,6020,0.838704318936877,1935,6958,575,1125,74,4276,41,1862,42,41
"1400","2020-04-28",470,16,156,1224,6020,0.838704318936877,1935,6958,575,1125,64,4340,17,1879,42,17
"1401","2020-04-29",475,16,176,1136,6020,0.838704318936877,1935,6958,575,1125,72,4412,45,1924,45,45
"1402","2020-04-30",465,16,211,1034,6020,0.838704318936877,1935,6958,575,1125,57,4469,66,1990,33,66
"1403","2020-05-01",399,16,209,950,6020,0.838704318936877,1935,6958,575,1125,53,4522,67,2057,32,67
"1404","2020-05-02",377,16,231,895,6020,0.838704318936877,1935,6958,575,1125,49,4571,56,2113,29,56
"1405","2020-05-03",368,16,240,837,6020,0.838704318936877,1935,6958,575,1125,57,4628,41,2154,33,41
"1406","2020-05-04",345,16,218,751,6020,0.838704318936877,1935,6958,575,1125,47,4675,34,2188,28,34
"1407","2020-05-05",325,16,199,690,6020,0.838704318936877,1935,6958,575,1125,54,4729,68,2256,36,68
"1408","2020-05-06",291,16,196,624,6020,0.838704318936877,1935,6958,575,1125,57,4786,60,2316,32,60
"1409","2020-05-07",262,16,179,572,6020,0.838704318936877,1935,6958,575,1125,53,4839,48,2364,36,48
"1410","2020-05-08",230,16,197,521,6020,0.838704318936877,1935,6958,575,1125,30,4869,60,2424,12,60
"1411","2020-05-09",210,16,211,478,6020,0.838704318936877,1935,6958,575,1125,35,4904,44,2468,17,44
"1412","2020-05-10",183,16,224,428,6020,0.838704318936877,1935,6958,575,1125,51,4955,24,2492,32,24
"1413","2020-05-11",174,16,219,393,6020,0.838704318936877,1935,6958,575,1125,27,4982,30,2522,14,30
"1414","2020-05-12",159,16,231,374,6020,0.838704318936877,1935,6958,575,1125,40,5022,52,2574,21,52
"1415","2020-05-13",151,16,240,348,6020,0.838704318936877,1935,6958,575,1125,29,5051,47,2621,17,47
"1416","2020-05-14",141,16,243,328,6020,0.838704318936877,1935,6958,575,1125,29,5080,60,2681,14,60
"1417","2020-05-15",121,16,229,307,6020,0.838704318936877,1935,6958,575,1125,43,5123,30,2711,22,30
"1418","2020-05-16",130,16,212,276,6020,0.838704318936877,1935,6958,575,1125,29,5152,41,2752,15,41
"1419","2020-05-17",112,16,195,254,6020,0.838704318936877,1935,6958,575,1125,28,5180,68,2820,11,68
"1420","2020-05-18",104,16,204,240,6020,0.838704318936877,1935,6958,575,1125,29,5209,62,2882,17,62
"1421","2020-05-19",94,16,196,229,6020,0.838704318936877,1935,6958,575,1125,17,5226,47,2929,10,47
"1422","2020-05-20",87,16,203,210,6020,0.838704318936877,1935,6958,575,1125,35,5261,37,2966,18,37
"1423","2020-05-21",80,16,219,190,6020,0.838704318936877,1935,6958,575,1125,15,5276,35,3001,5,35
"1424","2020-05-22",78,16,244,172,6020,0.838704318936877,1935,6958,575,1125,25,5301,45,3046,6,45
"1425","2020-05-23",63,16,227,160,6020,0.838704318936877,1935,6958,575,1125,25,5326,34,3080,12,34
"1426","2020-05-24",59,16,206,149,6020,0.838704318936877,1935,6958,575,1125,17,5343,37,3117,5,37
"1427","2020-05-25",53,16,186,140,6020,0.838704318936877,1935,6958,575,1125,28,5371,45,3162,11,45
"1428","2020-05-26",49,16,174,131,6020,0.838704318936877,1935,6958,575,1125,19,5390,56,3218,10,56
"1429","2020-05-27",46,16,156,125,6020,0.838704318936877,1935,6958,575,1125,22,5412,50,3268,6,50
"1430","2020-05-28",45,16,170,118,6020,0.838704318936877,1935,6958,575,1125,13,5425,43,3311,4,43
"1431","2020-05-29",47,16,160,107,6020,0.838704318936877,1935,6958,575,1125,21,5446,33,3344,10,34
"1432","2020-05-30",48,16,178,99,6020,0.838704318936877,1935,6958,575,1125,20,5466,64,3408,4,64
"1433","2020-05-31",41,16,181,98,6020,0.838704318936877,1935,6958,575,1125,13,5479,51,3459,7,51
"1434","2020-06-01",42,16,185,96,6020,0.838704318936877,1935,6958,575,1125,12,5491,44,3503,8,44
"1435","2020-06-02",40,16,194,89,6020,0.838704318936877,1935,6958,575,1125,13,5504,28,3531,6,28
"1436","2020-06-03",35,16,175,87,6020,0.838704318936877,1935,6958,575,1125,13,5517,35,3566,5,35
"1437","2020-06-04",31,16,185,79,6020,0.838704318936877,1935,6958,575,1125,9,5526,45,3611,3,45
"1438","2020-06-05",24,16,191,68,6020,0.838704318936877,1935,6958,575,1125,12,5538,42,3653,4,42
"1439","2020-06-06",23,16,176,69,6020,0.838704318936877,1935,6958,575,1125,4,5542,39,3692,2,39
"1440","2020-06-07",22,16,169,73,6020,0.838704318936877,1935,6958,575,1125,11,5553,61,3753,5,61
"1441","2020-03-13",2,17,87,101,5856,0.652493169398907,2040,7863,578,914,14,30,13,29,8,13
"1442","2020-03-14",6,17,101,133,5856,0.652493169398907,2040,7863,578,914,23,53,8,37,19,8
"1443","2020-03-15",19,17,104,173,5856,0.652493169398907,2040,7863,578,914,19,72,19,56,14,19
"1444","2020-03-16",25,17,108,217,5856,0.652493169398907,2040,7863,578,914,17,89,18,74,13,18
"1445","2020-03-17",26,17,110,277,5856,0.652493169398907,2040,7863,578,914,29,118,10,84,23,10
"1446","2020-03-18",32,17,103,333,5856,0.652493169398907,2040,7863,578,914,26,144,25,109,21,25
"1447","2020-03-19",45,17,107,372,5856,0.652493169398907,2040,7863,578,914,43,187,11,120,40,11
"1448","2020-03-20",61,17,136,430,5856,0.652493169398907,2040,7863,578,914,45,232,35,155,40,35
"1449","2020-03-21",110,17,157,491,5856,0.652493169398907,2040,7863,578,914,40,272,30,185,33,30
"1450","2020-03-22",116,17,167,568,5856,0.652493169398907,2040,7863,578,914,42,314,13,198,34,13
"1451","2020-03-23",117,17,175,611,5856,0.652493169398907,2040,7863,578,914,68,382,10,208,63,10
"1452","2020-03-24",131,17,162,657,5856,0.652493169398907,2040,7863,578,914,66,448,12,220,57,12
"1453","2020-03-25",147,17,157,713,5856,0.652493169398907,2040,7863,578,914,59,507,13,233,55,13
"1454","2020-03-26",177,17,153,762,5856,0.652493169398907,2040,7863,578,914,73,580,24,257,68,24
"1455","2020-03-27",238,17,153,801,5856,0.652493169398907,2040,7863,578,914,83,663,15,272,75,15
"1456","2020-03-28",270,17,159,867,5856,0.652493169398907,2040,7863,578,914,85,748,11,283,82,11
"1457","2020-03-29",264,17,133,924,5856,0.652493169398907,2040,7863,578,914,115,863,28,311,109,28
"1458","2020-03-30",260,17,129,957,5856,0.652493169398907,2040,7863,578,914,135,998,25,336,130,25
"1459","2020-03-31",280,17,148,1004,5856,0.652493169398907,2040,7863,578,914,101,1099,35,371,98,35
"1460","2020-04-01",296,17,158,1088,5856,0.652493169398907,2040,7863,578,914,130,1229,29,400,122,29
"1461","2020-04-02",287,17,156,1126,5856,0.652493169398907,2040,7863,578,914,152,1381,41,441,147,41
"1462","2020-04-03",329,17,184,1155,5856,0.652493169398907,2040,7863,578,914,133,1514,52,493,122,52
"1463","2020-04-04",340,17,207,1208,5856,0.652493169398907,2040,7863,578,914,153,1667,59,552,150,59
"1464","2020-04-05",402,17,205,1245,5856,0.652493169398907,2040,7863,578,914,165,1832,44,596,158,44
"1465","2020-04-06",399,17,210,1269,5856,0.652493169398907,2040,7863,578,914,198,2030,59,655,192,59
"1466","2020-04-07",384,17,196,1306,5856,0.652493169398907,2040,7863,578,914,163,2193,69,724,152,69
"1467","2020-04-08",392,17,209,1293,5856,0.652493169398907,2040,7863,578,914,187,2380,46,770,180,46
"1468","2020-04-09",417,17,215,1286,5856,0.652493169398907,2040,7863,578,914,178,2558,39,809,176,39
"1469","2020-04-10",483,17,248,1286,5856,0.652493169398907,2040,7863,578,914,190,2748,31,840,185,31
"1470","2020-04-11",482,17,247,1292,5856,0.652493169398907,2040,7863,578,914,192,2940,11,851,184,11
"1471","2020-04-12",422,17,283,1293,5856,0.652493169398907,2040,7863,578,914,162,3102,48,899,159,48
"1472","2020-04-13",430,17,261,1282,5856,0.652493169398907,2040,7863,578,914,169,3271,25,924,164,25
"1473","2020-04-14",428,17,243,1274,5856,0.652493169398907,2040,7863,578,914,163,3434,44,968,161,44
"1474","2020-04-15",424,17,219,1268,5856,0.652493169398907,2040,7863,578,914,156,3590,35,1003,148,35
"1475","2020-04-16",412,17,250,1244,5856,0.652493169398907,2040,7863,578,914,171,3761,38,1041,166,38
"1476","2020-04-17",433,17,261,1235,5856,0.652493169398907,2040,7863,578,914,185,3946,52,1093,180,52
"1477","2020-04-18",421,17,275,1248,5856,0.652493169398907,2040,7863,578,914,135,4081,60,1153,133,60
"1478","2020-04-19",412,17,251,1204,5856,0.652493169398907,2040,7863,578,914,146,4227,47,1200,146,47
"1479","2020-04-20",396,17,228,1180,5856,0.652493169398907,2040,7863,578,914,126,4353,35,1235,118,35
"1480","2020-04-21",381,17,230,1162,5856,0.652493169398907,2040,7863,578,914,143,4496,57,1292,135,57
"1481","2020-04-22",387,17,241,1116,5856,0.652493169398907,2040,7863,578,914,125,4621,26,1318,121,26
"1482","2020-04-23",387,17,243,1090,5856,0.652493169398907,2040,7863,578,914,113,4734,28,1346,106,28
"1483","2020-04-24",385,17,255,1060,5856,0.652493169398907,2040,7863,578,914,120,4854,39,1385,116,39
"1484","2020-04-25",438,17,238,1032,5856,0.652493169398907,2040,7863,578,914,92,4946,24,1409,88,24
"1485","2020-04-26",383,17,217,987,5856,0.652493169398907,2040,7863,578,914,101,5047,11,1420,98,11
"1486","2020-04-27",378,17,188,971,5856,0.652493169398907,2040,7863,578,914,75,5122,4,1424,71,4
"1487","2020-04-28",367,17,180,930,5856,0.652493169398907,2040,7863,578,914,61,5183,12,1436,56,12
"1488","2020-04-29",353,17,185,871,5856,0.652493169398907,2040,7863,578,914,67,5250,9,1445,63,9
"1489","2020-04-30",347,17,196,842,5856,0.652493169398907,2040,7863,578,914,57,5307,51,1496,55,51
"1490","2020-05-01",343,17,214,808,5856,0.652493169398907,2040,7863,578,914,61,5368,53,1549,61,53
"1491","2020-05-02",287,17,213,769,5856,0.652493169398907,2040,7863,578,914,43,5411,27,1576,40,27
"1492","2020-05-03",272,17,229,729,5856,0.652493169398907,2040,7863,578,914,33,5444,18,1594,31,18
"1493","2020-05-04",258,17,238,692,5856,0.652493169398907,2040,7863,578,914,34,5478,40,1634,32,40
"1494","2020-05-05",245,17,256,634,5856,0.652493169398907,2040,7863,578,914,26,5504,26,1660,23,26
"1495","2020-05-06",234,17,229,606,5856,0.652493169398907,2040,7863,578,914,37,5541,16,1676,35,16
"1496","2020-05-07",224,17,278,567,5856,0.652493169398907,2040,7863,578,914,28,5569,18,1694,28,18
"1497","2020-05-08",207,17,261,549,5856,0.652493169398907,2040,7863,578,914,25,5594,13,1707,24,13
"1498","2020-05-09",207,17,238,530,5856,0.652493169398907,2040,7863,578,914,25,5619,19,1726,22,19
"1499","2020-05-10",184,17,224,502,5856,0.652493169398907,2040,7863,578,914,29,5648,34,1760,27,34
"1500","2020-05-11",167,17,227,455,5856,0.652493169398907,2040,7863,578,914,35,5683,67,1827,31,67
"1501","2020-05-12",169,17,214,431,5856,0.652493169398907,2040,7863,578,914,19,5702,57,1884,16,57
"1502","2020-05-13",162,17,212,416,5856,0.652493169398907,2040,7863,578,914,14,5716,25,1909,12,25
"1503","2020-05-14",148,17,193,399,5856,0.652493169398907,2040,7863,578,914,20,5736,43,1952,17,43
"1504","2020-05-15",145,17,189,395,5856,0.652493169398907,2040,7863,578,914,20,5756,26,1978,18,26
"1505","2020-05-16",147,17,186,385,5856,0.652493169398907,2040,7863,578,914,15,5771,25,2003,13,25
"1506","2020-05-17",139,17,185,375,5856,0.652493169398907,2040,7863,578,914,12,5783,29,2032,10,29
"1507","2020-05-18",133,17,187,356,5856,0.652493169398907,2040,7863,578,914,14,5797,33,2065,13,33
"1508","2020-05-19",121,17,167,355,5856,0.652493169398907,2040,7863,578,914,14,5811,28,2093,10,28
"1509","2020-05-20",116,17,143,333,5856,0.652493169398907,2040,7863,578,914,10,5821,23,2116,10,23
"1510","2020-05-21",108,17,149,334,5856,0.652493169398907,2040,7863,578,914,11,5832,19,2135,9,19
"1511","2020-05-22",105,17,183,329,5856,0.652493169398907,2040,7863,578,914,9,5841,40,2175,7,40
"1512","2020-05-23",95,17,212,323,5856,0.652493169398907,2040,7863,578,914,10,5851,54,2229,9,54
"1513","2020-05-24",95,17,206,313,5856,0.652493169398907,2040,7863,578,914,4,5855,35,2264,3,35
"1514","2020-05-25",98,17,220,305,5856,0.652493169398907,2040,7863,578,914,7,5862,40,2304,6,40
"1515","2020-05-26",94,17,248,301,5856,0.652493169398907,2040,7863,578,914,14,5876,25,2329,11,25
"1516","2020-05-27",90,17,237,290,5856,0.652493169398907,2040,7863,578,914,7,5883,13,2342,7,13
"1517","2020-05-28",96,17,208,283,5856,0.652493169398907,2040,7863,578,914,9,5892,20,2362,7,20
"1518","2020-05-29",96,17,212,263,5856,0.652493169398907,2040,7863,578,914,8,5900,27,2389,7,27
"1519","2020-05-30",99,17,200,256,5856,0.652493169398907,2040,7863,578,914,6,5906,37,2426,4,37
"1520","2020-05-31",89,17,186,244,5856,0.652493169398907,2040,7863,578,914,7,5913,18,2444,7,18
"1521","2020-06-01",89,17,179,239,5856,0.652493169398907,2040,7863,578,914,9,5922,23,2467,8,23
"1522","2020-06-02",88,17,182,222,5856,0.652493169398907,2040,7863,578,914,10,5932,19,2486,8,19
"1523","2020-06-03",91,17,174,213,5856,0.652493169398907,2040,7863,578,914,9,5941,16,2502,7,16
"1524","2020-06-04",82,17,156,202,5856,0.652493169398907,2040,7863,578,914,11,5952,15,2517,10,15
"1525","2020-06-05",77,17,145,194,5856,0.652493169398907,2040,7863,578,914,8,5960,23,2540,8,23
"1526","2020-06-06",81,17,129,179,5856,0.652493169398907,2040,7863,578,914,13,5973,26,2566,9,26
"1527","2020-06-07",71,17,142,171,5856,0.652493169398907,2040,7863,578,914,12,5985,20,2586,10,20
"1528","2020-03-14",1,18,107,68,5865,0.834782608695652,2025,7403,764,1224,14,45,14,43,9,14
"1529","2020-03-15",6,18,108,100,5865,0.834782608695652,2025,7403,764,1224,17,62,5,48,10,5
"1530","2020-03-16",9,18,96,128,5865,0.834782608695652,2025,7403,764,1224,22,84,22,70,11,22
"1531","2020-03-17",10,18,94,163,5865,0.834782608695652,2025,7403,764,1224,30,114,11,81,18,11
"1532","2020-03-18",14,18,98,214,5865,0.834782608695652,2025,7403,764,1224,28,142,23,104,23,23
"1533","2020-03-19",23,18,92,254,5865,0.834782608695652,2025,7403,764,1224,34,176,22,126,23,22
"1534","2020-03-20",35,18,71,304,5865,0.834782608695652,2025,7403,764,1224,35,211,37,163,26,37
"1535","2020-03-21",64,18,77,354,5865,0.834782608695652,2025,7403,764,1224,36,247,18,181,25,18
"1536","2020-03-22",76,18,87,397,5865,0.834782608695652,2025,7403,764,1224,41,288,28,209,38,28
"1537","2020-03-23",83,18,127,454,5865,0.834782608695652,2025,7403,764,1224,58,346,19,228,52,19
"1538","2020-03-24",94,18,128,526,5865,0.834782608695652,2025,7403,764,1224,46,392,49,277,38,49
"1539","2020-03-25",111,18,117,606,5865,0.834782608695652,2025,7403,764,1224,73,465,40,317,67,40
"1540","2020-03-26",118,18,118,641,5865,0.834782608695652,2025,7403,764,1224,70,535,15,332,64,15
"1541","2020-03-27",159,18,138,703,5865,0.834782608695652,2025,7403,764,1224,89,624,15,347,81,15
"1542","2020-03-28",193,18,145,751,5865,0.834782608695652,2025,7403,764,1224,80,704,39,386,69,39
"1543","2020-03-29",225,18,180,819,5865,0.834782608695652,2025,7403,764,1224,89,793,32,418,78,32
"1544","2020-03-30",229,18,180,903,5865,0.834782608695652,2025,7403,764,1224,103,896,35,453,95,35
"1545","2020-03-31",234,18,189,971,5865,0.834782608695652,2025,7403,764,1224,126,1022,20,473,116,20
"1546","2020-04-01",244,18,190,1019,5865,0.834782608695652,2025,7403,764,1224,125,1147,23,496,119,23
"1547","2020-04-02",264,18,200,1070,5865,0.834782608695652,2025,7403,764,1224,124,1271,9,505,116,9
"1548","2020-04-03",357,18,193,1131,5865,0.834782608695652,2025,7403,764,1224,135,1406,8,513,127,8
"1549","2020-04-04",379,18,185,1199,5865,0.834782608695652,2025,7403,764,1224,140,1546,5,518,132,5
"1550","2020-04-05",373,18,178,1271,5865,0.834782608695652,2025,7403,764,1224,167,1713,11,529,158,11
"1551","2020-04-06",396,18,209,1307,5865,0.834782608695652,2025,7403,764,1224,160,1873,37,566,153,37
"1552","2020-04-07",409,18,201,1333,5865,0.834782608695652,2025,7403,764,1224,151,2024,49,615,145,49
"1553","2020-04-08",423,18,187,1368,5865,0.834782608695652,2025,7403,764,1224,160,2184,48,663,154,48
"1554","2020-04-09",437,18,170,1456,5865,0.834782608695652,2025,7403,764,1224,148,2332,57,720,140,57
"1555","2020-04-10",519,18,147,1489,5865,0.834782608695652,2025,7403,764,1224,180,2512,56,776,167,56
"1556","2020-04-11",517,18,136,1532,5865,0.834782608695652,2025,7403,764,1224,151,2663,44,820,144,44
"1557","2020-04-12",506,18,138,1549,5865,0.834782608695652,2025,7403,764,1224,142,2805,32,852,138,32
"1558","2020-04-13",492,18,139,1556,5865,0.834782608695652,2025,7403,764,1224,148,2953,26,878,138,26
"1559","2020-04-14",487,18,165,1541,5865,0.834782608695652,2025,7403,764,1224,175,3128,14,892,172,14
"1560","2020-04-15",498,18,198,1551,5865,0.834782608695652,2025,7403,764,1224,159,3287,7,899,155,7
"1561","2020-04-16",502,18,228,1582,5865,0.834782608695652,2025,7403,764,1224,136,3423,14,913,129,14
"1562","2020-04-17",531,18,210,1532,5865,0.834782608695652,2025,7403,764,1224,135,3558,22,935,124,22
"1563","2020-04-18",528,18,206,1540,5865,0.834782608695652,2025,7403,764,1224,146,3704,46,981,141,46
"1564","2020-04-19",496,18,208,1500,5865,0.834782608695652,2025,7403,764,1224,132,3836,40,1021,125,40
"1565","2020-04-20",501,18,167,1487,5865,0.834782608695652,2025,7403,764,1224,131,3967,21,1042,125,21
"1566","2020-04-21",484,18,146,1445,5865,0.834782608695652,2025,7403,764,1224,152,4119,14,1056,144,14
"1567","2020-04-22",477,18,133,1411,5865,0.834782608695652,2025,7403,764,1224,166,4285,31,1087,161,31
"1568","2020-04-23",475,18,113,1405,5865,0.834782608695652,2025,7403,764,1224,105,4390,23,1110,103,23
"1569","2020-04-24",468,18,101,1342,5865,0.834782608695652,2025,7403,764,1224,138,4528,41,1151,132,41
"1570","2020-04-25",456,18,102,1302,5865,0.834782608695652,2025,7403,764,1224,79,4607,34,1185,78,34
"1571","2020-04-26",458,18,150,1234,5865,0.834782608695652,2025,7403,764,1224,113,4720,43,1228,107,43
"1572","2020-04-27",456,18,199,1190,5865,0.834782608695652,2025,7403,764,1224,85,4805,52,1280,79,52
"1573","2020-04-28",433,18,188,1137,5865,0.834782608695652,2025,7403,764,1224,91,4896,62,1342,87,62
"1574","2020-04-29",428,18,212,1074,5865,0.834782608695652,2025,7403,764,1224,96,4992,32,1374,90,32
"1575","2020-04-30",419,18,194,1026,5865,0.834782608695652,2025,7403,764,1224,49,5041,26,1400,45,26
"1576","2020-05-01",406,18,247,963,5865,0.834782608695652,2025,7403,764,1224,46,5087,11,1411,42,11
"1577","2020-05-02",425,18,245,885,5865,0.834782608695652,2025,7403,764,1224,41,5128,21,1432,38,21
"1578","2020-05-03",370,18,255,828,5865,0.834782608695652,2025,7403,764,1224,54,5182,37,1469,48,37
"1579","2020-05-04",349,18,255,762,5865,0.834782608695652,2025,7403,764,1224,43,5225,23,1492,40,23
"1580","2020-05-05",330,18,227,718,5865,0.834782608695652,2025,7403,764,1224,40,5265,20,1512,39,20
"1581","2020-05-06",307,18,202,659,5865,0.834782608695652,2025,7403,764,1224,49,5314,31,1543,43,31
"1582","2020-05-07",281,18,204,618,5865,0.834782608695652,2025,7403,764,1224,33,5347,24,1567,31,24
"1583","2020-05-08",263,18,183,573,5865,0.834782608695652,2025,7403,764,1224,23,5370,34,1601,18,34
"1584","2020-05-09",230,18,162,532,5865,0.834782608695652,2025,7403,764,1224,30,5400,57,1658,26,57
"1585","2020-05-10",202,18,147,501,5865,0.834782608695652,2025,7403,764,1224,26,5426,39,1697,22,39
"1586","2020-05-11",180,18,123,456,5865,0.834782608695652,2025,7403,764,1224,23,5449,50,1747,18,50
"1587","2020-05-12",174,18,113,428,5865,0.834782608695652,2025,7403,764,1224,24,5473,32,1779,18,32
"1588","2020-05-13",166,18,155,375,5865,0.834782608695652,2025,7403,764,1224,20,5493,25,1804,17,25
"1589","2020-05-14",161,18,201,348,5865,0.834782608695652,2025,7403,764,1224,12,5505,18,1822,8,18
"1590","2020-05-15",139,18,232,331,5865,0.834782608695652,2025,7403,764,1224,23,5528,29,1851,19,29
"1591","2020-05-16",124,18,214,325,5865,0.834782608695652,2025,7403,764,1224,12,5540,28,1879,11,28
"1592","2020-05-17",120,18,186,292,5865,0.834782608695652,2025,7403,764,1224,14,5554,21,1900,12,21
"1593","2020-05-18",118,18,230,265,5865,0.834782608695652,2025,7403,764,1224,11,5565,10,1910,11,10
"1594","2020-05-19",105,18,257,248,5865,0.834782608695652,2025,7403,764,1224,12,5577,8,1918,12,8
"1595","2020-05-20",100,18,240,232,5865,0.834782608695652,2025,7403,764,1224,11,5588,24,1942,10,24
"1596","2020-05-21",99,18,232,204,5865,0.834782608695652,2025,7403,764,1224,13,5601,8,1950,9,8
"1597","2020-05-22",81,18,226,193,5865,0.834782608695652,2025,7403,764,1224,7,5608,34,1984,6,34
"1598","2020-05-23",77,18,183,184,5865,0.834782608695652,2025,7403,764,1224,7,5615,39,2023,4,39
"1599","2020-05-24",69,18,200,175,5865,0.834782608695652,2025,7403,764,1224,10,5625,55,2078,6,55
"1600","2020-05-25",64,18,182,163,5865,0.834782608695652,2025,7403,764,1224,4,5629,28,2106,4,28
"1601","2020-05-26",62,18,191,151,5865,0.834782608695652,2025,7403,764,1224,11,5640,36,2142,7,36
"1602","2020-05-27",59,18,228,142,5865,0.834782608695652,2025,7403,764,1224,8,5648,25,2167,4,25
"1603","2020-05-28",53,18,217,138,5865,0.834782608695652,2025,7403,764,1224,6,5654,28,2195,5,28
"1604","2020-05-29",50,18,196,121,5865,0.834782608695652,2025,7403,764,1224,10,5664,45,2240,7,45
"1605","2020-05-30",52,18,162,119,5865,0.834782608695652,2025,7403,764,1224,8,5672,39,2279,5,39
"1606","2020-05-31",42,18,139,117,5865,0.834782608695652,2025,7403,764,1224,5,5677,43,2322,3,43
"1607","2020-06-01",36,18,155,118,5865,0.834782608695652,2025,7403,764,1224,7,5684,28,2350,5,28
"1608","2020-06-02",39,18,142,117,5865,0.834782608695652,2025,7403,764,1224,2,5686,34,2384,1,34
"1609","2020-06-03",36,18,123,113,5865,0.834782608695652,2025,7403,764,1224,4,5690,22,2406,4,22
"1610","2020-06-04",34,18,135,108,5865,0.834782608695652,2025,7403,764,1224,6,5696,21,2427,5,21
"1611","2020-06-05",39,18,137,106,5865,0.834782608695652,2025,7403,764,1224,5,5701,16,2443,2,16
"1612","2020-06-06",40,18,115,103,5865,0.834782608695652,2025,7403,764,1224,1,5702,18,2461,1,18
"1613","2020-06-07",41,18,112,102,5865,0.834782608695652,2025,7403,764,1224,4,5706,7,2468,3,7
"1614","2020-03-13",3,19,64,69,4669,0.525808524309274,2160,7846,547,675,32,102,11,43,6,11
"1615","2020-03-14",8,19,70,95,4669,0.525808524309274,2160,7846,547,675,40,142,33,76,13,33
"1616","2020-03-15",16,19,86,142,4669,0.525808524309274,2160,7846,547,675,34,176,16,92,13,16
"1617","2020-03-16",21,19,96,175,4669,0.525808524309274,2160,7846,547,675,44,220,8,100,26,8
"1618","2020-03-17",24,19,118,226,4669,0.525808524309274,2160,7846,547,675,68,288,11,111,35,11
"1619","2020-03-18",31,19,133,269,4669,0.525808524309274,2160,7846,547,675,47,335,39,150,26,39
"1620","2020-03-19",42,19,134,311,4669,0.525808524309274,2160,7846,547,675,76,411,17,167,58,17
"1621","2020-03-20",61,19,111,370,4669,0.525808524309274,2160,7846,547,675,77,488,12,179,53,12
"1622","2020-03-21",104,19,97,416,4669,0.525808524309274,2160,7846,547,675,104,592,51,230,72,51
"1623","2020-03-22",117,19,82,478,4669,0.525808524309274,2160,7846,547,675,81,673,43,273,57,43
"1624","2020-03-23",115,19,102,510,4669,0.525808524309274,2160,7846,547,675,96,769,33,306,71,33
"1625","2020-03-24",129,19,125,547,4669,0.525808524309274,2160,7846,547,675,114,883,23,329,87,23
"1626","2020-03-25",142,19,151,578,4669,0.525808524309274,2160,7846,547,675,127,1010,6,335,100,6
"1627","2020-03-26",156,19,128,586,4669,0.525808524309274,2160,7846,547,675,137,1147,10,345,114,10
"1628","2020-03-27",193,19,100,608,4669,0.525808524309274,2160,7846,547,675,158,1305,5,350,125,5
"1629","2020-03-28",190,19,97,618,4669,0.525808524309274,2160,7846,547,675,150,1455,15,365,127,15
"1630","2020-03-29",209,19,88,630,4669,0.525808524309274,2160,7846,547,675,163,1618,32,397,127,32
"1631","2020-03-30",208,19,76,646,4669,0.525808524309274,2160,7846,547,675,141,1759,24,421,120,24
"1632","2020-03-31",206,19,78,650,4669,0.525808524309274,2160,7846,547,675,169,1928,18,439,142,18
"1633","2020-04-01",207,19,85,666,4669,0.525808524309274,2160,7846,547,675,178,2106,13,452,149,13
"1634","2020-04-02",201,19,111,684,4669,0.525808524309274,2160,7846,547,675,181,2287,21,473,148,21
"1635","2020-04-03",224,19,145,684,4669,0.525808524309274,2160,7846,547,675,223,2510,42,515,207,42
"1636","2020-04-04",226,19,149,687,4669,0.525808524309274,2160,7846,547,675,175,2685,23,538,146,23
"1637","2020-04-05",220,19,153,699,4669,0.525808524309274,2160,7846,547,675,174,2859,20,558,152,20
"1638","2020-04-06",220,19,155,708,4669,0.525808524309274,2160,7846,547,675,206,3065,12,570,182,12
"1639","2020-04-07",203,19,174,721,4669,0.525808524309274,2160,7846,547,675,186,3251,11,581,151,11
"1640","2020-04-08",206,19,183,735,4669,0.525808524309274,2160,7846,547,675,167,3418,47,628,135,47
"1641","2020-04-09",223,19,167,765,4669,0.525808524309274,2160,7846,547,675,166,3584,29,657,145,29
"1642","2020-04-10",246,19,143,780,4669,0.525808524309274,2160,7846,547,675,197,3781,27,684,166,27
"1643","2020-04-11",248,19,147,793,4669,0.525808524309274,2160,7846,547,675,169,3950,24,708,147,24
"1644","2020-04-12",227,19,164,801,4669,0.525808524309274,2160,7846,547,675,139,4089,23,731,120,23
"1645","2020-04-13",224,19,168,799,4669,0.525808524309274,2160,7846,547,675,145,4234,20,751,120,20
"1646","2020-04-14",231,19,170,781,4669,0.525808524309274,2160,7846,547,675,127,4361,12,763,106,12
"1647","2020-04-15",236,19,145,798,4669,0.525808524309274,2160,7846,547,675,125,4486,21,784,104,21
"1648","2020-04-16",229,19,133,806,4669,0.525808524309274,2160,7846,547,675,118,4604,17,801,97,17
"1649","2020-04-17",238,19,137,827,4669,0.525808524309274,2160,7846,547,675,127,4731,29,830,107,29
"1650","2020-04-18",273,19,133,843,4669,0.525808524309274,2160,7846,547,675,99,4830,48,878,81,48
"1651","2020-04-19",282,19,152,861,4669,0.525808524309274,2160,7846,547,675,84,4914,50,928,64,50
"1652","2020-04-20",277,19,152,859,4669,0.525808524309274,2160,7846,547,675,105,5019,28,956,75,28
"1653","2020-04-21",276,19,139,857,4669,0.525808524309274,2160,7846,547,675,78,5097,21,977,69,21
"1654","2020-04-22",272,19,132,871,4669,0.525808524309274,2160,7846,547,675,63,5160,12,989,50,12
"1655","2020-04-23",271,19,143,855,4669,0.525808524309274,2160,7846,547,675,103,5263,34,1023,87,34
"1656","2020-04-24",300,19,147,837,4669,0.525808524309274,2160,7846,547,675,88,5351,36,1059,69,36
"1657","2020-04-25",303,19,139,816,4669,0.525808524309274,2160,7846,547,675,66,5417,61,1120,52,61
"1658","2020-04-26",272,19,172,795,4669,0.525808524309274,2160,7846,547,675,84,5501,76,1196,65,76
"1659","2020-04-27",270,19,181,787,4669,0.525808524309274,2160,7846,547,675,51,5552,51,1247,33,51
"1660","2020-04-28",265,19,193,764,4669,0.525808524309274,2160,7846,547,675,47,5599,53,1300,38,53
"1661","2020-04-29",265,19,197,740,4669,0.525808524309274,2160,7846,547,675,56,5655,35,1335,33,35
"1662","2020-04-30",269,19,185,729,4669,0.525808524309274,2160,7846,547,675,52,5707,27,1362,36,27
"1663","2020-05-01",261,19,166,713,4669,0.525808524309274,2160,7846,547,675,47,5754,18,1380,31,18
"1664","2020-05-02",251,19,149,685,4669,0.525808524309274,2160,7846,547,675,39,5793,17,1397,22,17
"1665","2020-05-03",254,19,147,665,4669,0.525808524309274,2160,7846,547,675,42,5835,18,1415,26,18
"1666","2020-05-04",242,19,167,672,4669,0.525808524309274,2160,7846,547,675,39,5874,36,1451,25,36
"1667","2020-05-05",229,19,204,665,4669,0.525808524309274,2160,7846,547,675,31,5905,25,1476,20,25
"1668","2020-05-06",230,19,251,636,4669,0.525808524309274,2160,7846,547,675,26,5931,21,1497,16,21
"1669","2020-05-07",215,19,258,642,4669,0.525808524309274,2160,7846,547,675,34,5965,63,1560,21,63
"1670","2020-05-08",209,19,249,628,4669,0.525808524309274,2160,7846,547,675,29,5994,37,1597,18,37
"1671","2020-05-09",207,19,236,607,4669,0.525808524309274,2160,7846,547,675,32,6026,30,1627,13,30
"1672","2020-05-10",209,19,222,588,4669,0.525808524309274,2160,7846,547,675,27,6053,40,1667,15,40
"1673","2020-05-11",208,19,204,572,4669,0.525808524309274,2160,7846,547,675,20,6073,35,1702,15,35
"1674","2020-05-12",204,19,207,559,4669,0.525808524309274,2160,7846,547,675,23,6096,42,1744,10,42
"1675","2020-05-13",196,19,189,540,4669,0.525808524309274,2160,7846,547,675,24,6120,21,1765,13,21
"1676","2020-05-14",194,19,182,525,4669,0.525808524309274,2160,7846,547,675,14,6134,27,1792,6,27
"1677","2020-05-15",184,19,184,497,4669,0.525808524309274,2160,7846,547,675,19,6153,18,1810,10,18
"1678","2020-05-16",173,19,192,495,4669,0.525808524309274,2160,7846,547,675,23,6176,42,1852,10,42
"1679","2020-05-17",160,19,214,455,4669,0.525808524309274,2160,7846,547,675,17,6193,24,1876,9,24
"1680","2020-05-18",154,19,234,432,4669,0.525808524309274,2160,7846,547,675,17,6210,49,1925,7,49
"1681","2020-05-19",145,19,205,422,4669,0.525808524309274,2160,7846,547,675,16,6226,24,1949,4,24
"1682","2020-05-20",145,19,183,406,4669,0.525808524309274,2160,7846,547,675,13,6239,14,1963,6,14
"1683","2020-05-21",139,19,162,399,4669,0.525808524309274,2160,7846,547,675,20,6259,14,1977,8,14
"1684","2020-05-22",153,19,161,393,4669,0.525808524309274,2160,7846,547,675,13,6272,48,2025,7,48
"1685","2020-05-23",150,19,145,379,4669,0.525808524309274,2160,7846,547,675,13,6285,31,2056,5,31
"1686","2020-05-24",142,19,132,365,4669,0.525808524309274,2160,7846,547,675,5,6290,25,2081,2,25
"1687","2020-05-25",136,19,107,337,4669,0.525808524309274,2160,7846,547,675,18,6308,25,2106,12,25
"1688","2020-05-26",125,19,119,317,4669,0.525808524309274,2160,7846,547,675,9,6317,18,2124,5,18
"1689","2020-05-27",123,19,121,317,4669,0.525808524309274,2160,7846,547,675,13,6330,25,2149,7,25
"1690","2020-05-28",117,19,125,304,4669,0.525808524309274,2160,7846,547,675,18,6348,21,2170,5,21
"1691","2020-05-29",101,19,120,293,4669,0.525808524309274,2160,7846,547,675,11,6359,43,2213,5,43
"1692","2020-05-30",110,19,140,278,4669,0.525808524309274,2160,7846,547,675,7,6366,37,2250,NA,37
"1693","2020-05-31",97,19,141,264,4669,0.525808524309274,2160,7846,547,675,4,6370,43,2293,2,43
"1694","2020-06-01",95,19,138,254,4669,0.525808524309274,2160,7846,547,675,6,6376,42,2335,3,42
"1695","2020-06-02",91,19,120,243,4669,0.525808524309274,2160,7846,547,675,4,6380,23,2358,NA,23
"1696","2020-06-03",84,19,101,228,4669,0.525808524309274,2160,7846,547,675,6,6386,41,2399,NA,41
"1697","2020-06-04",88,19,92,215,4669,0.525808524309274,2160,7846,547,675,8,6394,22,2421,4,22
"1698","2020-06-05",87,19,85,207,4669,0.525808524309274,2160,7846,547,675,5,6399,14,2435,2,14
"1699","2020-06-06",71,19,84,198,4669,0.525808524309274,2160,7846,547,675,10,6409,15,2450,1,15
"1700","2020-06-07",66,19,102,191,4669,0.525808524309274,2160,7846,547,675,4,6413,12,2462,3,12
"1701","2020-03-13",2,20,82,20,5767,0.921623027570661,2070,6777,604,1022,12,23,15,43,NA,15
"1702","2020-03-14",4,20,81,32,5767,0.921623027570661,2070,6777,604,1022,11,34,7,50,1,7
"1703","2020-03-15",3,20,119,46,5767,0.921623027570661,2070,6777,604,1022,9,43,10,60,2,10
"1704","2020-03-16",4,20,109,64,5767,0.921623027570661,2070,6777,604,1022,22,65,15,75,11,15
"1705","2020-03-17",4,20,95,89,5767,0.921623027570661,2070,6777,604,1022,24,89,16,91,11,16
"1706","2020-03-18",5,20,99,107,5767,0.921623027570661,2070,6777,604,1022,20,109,16,107,8,16
"1707","2020-03-19",9,20,111,132,5767,0.921623027570661,2070,6777,604,1022,21,130,22,129,15,22
"1708","2020-03-20",12,20,101,169,5767,0.921623027570661,2070,6777,604,1022,28,158,24,153,14,24
"1709","2020-03-21",29,20,94,201,5767,0.921623027570661,2070,6777,604,1022,45,203,12,165,26,12
"1710","2020-03-22",34,20,84,257,5767,0.921623027570661,2070,6777,604,1022,36,239,20,185,29,20
"1711","2020-03-23",36,20,97,304,5767,0.921623027570661,2070,6777,604,1022,42,281,14,199,27,14
"1712","2020-03-24",45,20,90,342,5767,0.921623027570661,2070,6777,604,1022,59,340,23,222,47,23
"1713","2020-03-25",53,20,85,394,5767,0.921623027570661,2070,6777,604,1022,71,411,44,266,66,44
"1714","2020-03-26",65,20,84,448,5767,0.921623027570661,2070,6777,604,1022,53,464,27,293,42,27
"1715","2020-03-27",97,20,80,505,5767,0.921623027570661,2070,6777,604,1022,62,526,30,323,47,30
"1716","2020-03-28",125,20,112,552,5767,0.921623027570661,2070,6777,604,1022,82,608,25,348,69,25
"1717","2020-03-29",137,20,141,605,5767,0.921623027570661,2070,6777,604,1022,75,683,29,377,69,29
"1718","2020-03-30",146,20,125,686,5767,0.921623027570661,2070,6777,604,1022,93,776,38,415,82,38
"1719","2020-03-31",162,20,119,772,5767,0.921623027570661,2070,6777,604,1022,97,873,21,436,86,21
"1720","2020-04-01",184,20,144,828,5767,0.921623027570661,2070,6777,604,1022,123,996,31,467,108,31
"1721","2020-04-02",201,20,156,896,5767,0.921623027570661,2070,6777,604,1022,102,1098,46,513,90,46
"1722","2020-04-03",253,20,201,950,5767,0.921623027570661,2070,6777,604,1022,121,1219,50,563,107,50
"1723","2020-04-04",315,20,236,1046,5767,0.921623027570661,2070,6777,604,1022,132,1351,46,609,111,46
"1724","2020-04-05",315,20,228,1119,5767,0.921623027570661,2070,6777,604,1022,128,1479,32,641,112,32
"1725","2020-04-06",324,20,210,1187,5767,0.921623027570661,2070,6777,604,1022,123,1602,33,674,112,33
"1726","2020-04-07",326,20,226,1284,5767,0.921623027570661,2070,6777,604,1022,169,1771,24,698,159,24
"1727","2020-04-08",352,20,254,1331,5767,0.921623027570661,2070,6777,604,1022,139,1910,46,744,131,46
"1728","2020-04-09",358,20,257,1413,5767,0.921623027570661,2070,6777,604,1022,159,2069,46,790,151,46
"1729","2020-04-10",423,20,253,1493,5767,0.921623027570661,2070,6777,604,1022,137,2206,30,820,128,30
"1730","2020-04-11",445,20,221,1549,5767,0.921623027570661,2070,6777,604,1022,162,2368,42,862,150,42
"1731","2020-04-12",463,20,238,1574,5767,0.921623027570661,2070,6777,604,1022,172,2540,50,912,160,50
"1732","2020-04-13",455,20,226,1606,5767,0.921623027570661,2070,6777,604,1022,142,2682,21,933,132,21
"1733","2020-04-14",462,20,193,1647,5767,0.921623027570661,2070,6777,604,1022,176,2858,24,957,164,24
"1734","2020-04-15",476,20,171,1682,5767,0.921623027570661,2070,6777,604,1022,141,2999,36,993,134,36
"1735","2020-04-16",504,20,199,1684,5767,0.921623027570661,2070,6777,604,1022,144,3143,45,1038,125,45
"1736","2020-04-17",619,20,199,1686,5767,0.921623027570661,2070,6777,604,1022,157,3300,48,1086,146,48
"1737","2020-04-18",626,20,197,1647,5767,0.921623027570661,2070,6777,604,1022,129,3429,62,1148,116,62
"1738","2020-04-19",567,20,178,1652,5767,0.921623027570661,2070,6777,604,1022,135,3564,48,1196,126,48
"1739","2020-04-20",564,20,170,1622,5767,0.921623027570661,2070,6777,604,1022,130,3694,29,1225,120,29
"1740","2020-04-21",576,20,151,1582,5767,0.921623027570661,2070,6777,604,1022,129,3823,36,1261,118,36
"1741","2020-04-22",563,20,131,1565,5767,0.921623027570661,2070,6777,604,1022,109,3932,42,1303,97,42
"1742","2020-04-23",551,20,142,1511,5767,0.921623027570661,2070,6777,604,1022,149,4081,30,1333,136,30
"1743","2020-04-24",556,20,147,1465,5767,0.921623027570661,2070,6777,604,1022,111,4192,22,1355,105,22
"1744","2020-04-25",536,20,134,1429,5767,0.921623027570661,2070,6777,604,1022,106,4298,38,1393,98,38
"1745","2020-04-26",490,20,128,1408,5767,0.921623027570661,2070,6777,604,1022,96,4394,44,1437,90,44
"1746","2020-04-27",470,20,123,1325,5767,0.921623027570661,2070,6777,604,1022,117,4511,35,1472,114,35
"1747","2020-04-28",451,20,126,1245,5767,0.921623027570661,2070,6777,604,1022,110,4621,28,1500,101,28
"1748","2020-04-29",434,20,195,1176,5767,0.921623027570661,2070,6777,604,1022,75,4696,22,1522,72,22
"1749","2020-04-30",433,20,239,1100,5767,0.921623027570661,2070,6777,604,1022,88,4784,22,1544,82,22
"1750","2020-05-01",411,20,240,1029,5767,0.921623027570661,2070,6777,604,1022,84,4868,27,1571,77,27
"1751","2020-05-02",385,20,215,972,5767,0.921623027570661,2070,6777,604,1022,71,4939,17,1588,61,17
"1752","2020-05-03",363,20,250,900,5767,0.921623027570661,2070,6777,604,1022,43,4982,19,1607,41,19
"1753","2020-05-04",347,20,307,827,5767,0.921623027570661,2070,6777,604,1022,51,5033,40,1647,46,40
"1754","2020-05-05",321,20,311,765,5767,0.921623027570661,2070,6777,604,1022,48,5081,37,1684,43,37
"1755","2020-05-06",308,20,286,711,5767,0.921623027570661,2070,6777,604,1022,35,5116,32,1716,27,32
"1756","2020-05-07",281,20,294,664,5767,0.921623027570661,2070,6777,604,1022,33,5149,19,1735,28,19
"1757","2020-05-08",239,20,273,610,5767,0.921623027570661,2070,6777,604,1022,32,5181,39,1774,27,39
"1758","2020-05-09",222,20,249,565,5767,0.921623027570661,2070,6777,604,1022,29,5210,40,1814,25,40
"1759","2020-05-10",216,20,236,518,5767,0.921623027570661,2070,6777,604,1022,36,5246,52,1866,33,52
"1760","2020-05-11",211,20,207,484,5767,0.921623027570661,2070,6777,604,1022,35,5281,36,1902,24,36
"1761","2020-05-12",213,20,178,449,5767,0.921623027570661,2070,6777,604,1022,27,5308,29,1931,23,29
"1762","2020-05-13",203,20,161,410,5767,0.921623027570661,2070,6777,604,1022,26,5334,35,1966,15,35
"1763","2020-05-14",184,20,137,389,5767,0.921623027570661,2070,6777,604,1022,25,5359,20,1986,20,20
"1764","2020-05-15",167,20,139,362,5767,0.921623027570661,2070,6777,604,1022,19,5378,15,2001,15,15
"1765","2020-05-16",173,20,189,331,5767,0.921623027570661,2070,6777,604,1022,25,5403,23,2024,20,23
"1766","2020-05-17",147,20,219,307,5767,0.921623027570661,2070,6777,604,1022,15,5418,20,2044,8,20
"1767","2020-05-18",131,20,229,286,5767,0.921623027570661,2070,6777,604,1022,18,5436,35,2079,13,35
"1768","2020-05-19",113,20,220,263,5767,0.921623027570661,2070,6777,604,1022,7,5443,39,2118,5,39
"1769","2020-05-20",104,20,240,243,5767,0.921623027570661,2070,6777,604,1022,18,5461,19,2137,14,19
"1770","2020-05-21",102,20,268,234,5767,0.921623027570661,2070,6777,604,1022,22,5483,38,2175,15,38
"1771","2020-05-22",93,20,283,202,5767,0.921623027570661,2070,6777,604,1022,16,5499,46,2221,10,46
"1772","2020-05-23",77,20,270,195,5767,0.921623027570661,2070,6777,604,1022,6,5505,38,2259,5,38
"1773","2020-05-24",70,20,246,176,5767,0.921623027570661,2070,6777,604,1022,15,5520,35,2294,9,35
"1774","2020-05-25",68,20,225,170,5767,0.921623027570661,2070,6777,604,1022,11,5531,39,2333,6,39
"1775","2020-05-26",64,20,243,166,5767,0.921623027570661,2070,6777,604,1022,7,5538,48,2381,3,48
"1776","2020-05-27",63,20,219,156,5767,0.921623027570661,2070,6777,604,1022,12,5550,49,2430,7,49
"1777","2020-05-28",64,20,201,146,5767,0.921623027570661,2070,6777,604,1022,13,5563,35,2465,8,35
"1778","2020-05-29",60,20,204,139,5767,0.921623027570661,2070,6777,604,1022,12,5575,35,2500,7,35
"1779","2020-05-30",57,20,171,126,5767,0.921623027570661,2070,6777,604,1022,4,5579,31,2531,2,31
"1780","2020-05-31",52,20,144,115,5767,0.921623027570661,2070,6777,604,1022,3,5582,25,2556,2,25
"1781","2020-06-01",48,20,136,106,5767,0.921623027570661,2070,6777,604,1022,7,5589,28,2584,5,28
"1782","2020-06-02",48,20,140,96,5767,0.921623027570661,2070,6777,604,1022,5,5594,34,2618,3,34
"1783","2020-06-03",42,20,130,90,5767,0.921623027570661,2070,6777,604,1022,5,5599,28,2646,3,28
"1784","2020-06-04",40,20,125,88,5767,0.921623027570661,2070,6777,604,1022,3,5602,27,2673,1,27
"1785","2020-06-05",31,20,113,73,5767,0.921623027570661,2070,6777,604,1022,7,5609,38,2711,4,38
"1786","2020-06-06",29,20,139,68,5767,0.921623027570661,2070,6777,604,1022,2,5611,30,2741,NA,30
"1787","2020-06-07",24,20,141,61,5767,0.921623027570661,2070,6777,604,1022,3,5614,37,2778,1,37
