"","Date","Absents","Paramset","Infections_or_Exposed_per_day_Patient","Infections_or_Exposed_per_day_HCW","total_infections","nosocomial_proportion","PCR_pooled","LFD_pooled","HCW_symp_test","patient_symp_test","new_hcw_infs","cumulative_hcw_infs","new_pat_infs","cumulative_pats_infs","new_nosocomial_hcw_infs","new_nosocomial_pat_infs"
"1","2020-03-13",1,1,22,30,4277,0.751695113397241,0,0,382,209,14,30,8,18,1,8
"2","2020-03-14",1,1,26,40,4277,0.751695113397241,0,0,382,209,10,40,3,21,2,3
"3","2020-03-15",3,1,24,59,4277,0.751695113397241,0,0,382,209,19,59,5,26,7,5
"4","2020-03-16",3,1,24,73,4277,0.751695113397241,0,0,382,209,14,73,3,29,6,3
"5","2020-03-17",8,1,25,91,4277,0.751695113397241,0,0,382,209,18,91,4,33,8,4
"6","2020-03-18",11,1,33,118,4277,0.751695113397241,0,0,382,209,27,118,6,39,16,6
"7","2020-03-19",16,1,37,141,4277,0.751695113397241,0,0,382,209,27,145,9,48,13,9
"8","2020-03-20",18,1,47,164,4277,0.751695113397241,0,0,382,209,25,170,14,62,11,14
"9","2020-03-21",25,1,52,181,4277,0.751695113397241,0,0,382,209,25,195,11,73,15,11
"10","2020-03-22",31,1,62,213,4277,0.751695113397241,0,0,382,209,36,231,17,90,21,17
"11","2020-03-23",43,1,65,236,4277,0.751695113397241,0,0,382,209,30,261,13,103,25,13
"12","2020-03-24",45,1,60,254,4277,0.751695113397241,0,0,382,209,30,291,17,120,19,17
"13","2020-03-25",57,1,66,273,4277,0.751695113397241,0,0,382,209,43,334,16,136,24,16
"14","2020-03-26",63,1,67,300,4277,0.751695113397241,0,0,382,209,44,378,12,148,33,12
"15","2020-03-27",69,1,70,328,4277,0.751695113397241,0,0,382,209,40,418,15,163,31,15
"16","2020-03-28",74,1,61,365,4277,0.751695113397241,0,0,382,209,49,467,4,167,38,4
"17","2020-03-29",84,1,56,396,4277,0.751695113397241,0,0,382,209,56,523,5,172,41,5
"18","2020-03-30",91,1,46,419,4277,0.751695113397241,0,0,382,209,48,571,1,173,39,1
"19","2020-03-31",102,1,39,456,4277,0.751695113397241,0,0,382,209,59,630,5,178,47,5
"20","2020-04-01",108,1,48,457,4277,0.751695113397241,0,0,382,209,33,663,13,191,23,13
"21","2020-04-02",116,1,54,475,4277,0.751695113397241,0,0,382,209,58,721,14,205,45,14
"22","2020-04-03",119,1,54,520,4277,0.751695113397241,0,0,382,209,68,789,10,215,49,10
"23","2020-04-04",124,1,55,546,4277,0.751695113397241,0,0,382,209,63,852,9,224,52,9
"24","2020-04-05",133,1,52,566,4277,0.751695113397241,0,0,382,209,62,914,9,233,50,9
"25","2020-04-06",133,1,53,563,4277,0.751695113397241,0,0,382,209,45,959,12,245,33,12
"26","2020-04-07",134,1,54,589,4277,0.751695113397241,0,0,382,209,70,1029,9,254,56,9
"27","2020-04-08",140,1,58,610,4277,0.751695113397241,0,0,382,209,61,1090,11,265,48,11
"28","2020-04-09",139,1,61,629,4277,0.751695113397241,0,0,382,209,65,1155,10,275,51,10
"29","2020-04-10",150,1,60,650,4277,0.751695113397241,0,0,382,209,69,1224,14,289,55,14
"30","2020-04-11",165,1,65,657,4277,0.751695113397241,0,0,382,209,56,1280,12,301,43,12
"31","2020-04-12",160,1,63,677,4277,0.751695113397241,0,0,382,209,74,1354,11,312,64,11
"32","2020-04-13",176,1,61,701,4277,0.751695113397241,0,0,382,209,76,1430,8,320,52,8
"33","2020-04-14",187,1,59,713,4277,0.751695113397241,0,0,382,209,62,1492,9,329,53,9
"34","2020-04-15",190,1,56,725,4277,0.751695113397241,0,0,382,209,72,1564,9,338,51,9
"35","2020-04-16",199,1,59,737,4277,0.751695113397241,0,0,382,209,77,1641,9,347,58,9
"36","2020-04-17",201,1,65,727,4277,0.751695113397241,0,0,382,209,69,1710,13,360,52,13
"37","2020-04-18",188,1,56,774,4277,0.751695113397241,0,0,382,209,88,1798,10,370,75,10
"38","2020-04-19",192,1,54,806,4277,0.751695113397241,0,0,382,209,89,1887,7,377,75,7
"39","2020-04-20",192,1,56,818,4277,0.751695113397241,0,0,382,209,79,1966,10,387,65,10
"40","2020-04-21",210,1,47,831,4277,0.751695113397241,0,0,382,209,92,2058,7,394,77,7
"41","2020-04-22",209,1,41,816,4277,0.751695113397241,0,0,382,209,65,2123,2,396,49,2
"42","2020-04-23",220,1,45,809,4277,0.751695113397241,0,0,382,209,64,2187,10,406,52,10
"43","2020-04-24",232,1,54,817,4277,0.751695113397241,0,0,382,209,72,2259,13,419,55,13
"44","2020-04-25",246,1,66,799,4277,0.751695113397241,0,0,382,209,67,2326,20,439,48,20
"45","2020-04-26",250,1,69,833,4277,0.751695113397241,0,0,382,209,81,2407,13,452,67,13
"46","2020-04-27",247,1,64,833,4277,0.751695113397241,0,0,382,209,78,2485,10,462,66,10
"47","2020-04-28",233,1,66,814,4277,0.751695113397241,0,0,382,209,70,2555,9,471,62,9
"48","2020-04-29",237,1,75,789,4277,0.751695113397241,0,0,382,209,58,2613,17,488,43,17
"49","2020-04-30",227,1,68,798,4277,0.751695113397241,0,0,382,209,83,2696,7,495,74,7
"50","2020-05-01",212,1,69,794,4277,0.751695113397241,0,0,382,209,77,2773,10,505,62,10
"51","2020-05-02",212,1,71,779,4277,0.751695113397241,0,0,382,209,58,2831,9,514,46,9
"52","2020-05-03",208,1,60,777,4277,0.751695113397241,0,0,382,209,69,2900,4,518,57,4
"53","2020-05-04",196,1,69,759,4277,0.751695113397241,0,0,382,209,55,2955,11,529,40,11
"54","2020-05-05",203,1,67,737,4277,0.751695113397241,0,0,382,209,57,3012,15,544,43,15
"55","2020-05-06",198,1,72,718,4277,0.751695113397241,0,0,382,209,56,3068,15,559,44,15
"56","2020-05-07",203,1,92,731,4277,0.751695113397241,0,0,382,209,76,3144,26,585,69,26
"57","2020-05-08",207,1,80,718,4277,0.751695113397241,0,0,382,209,64,3208,8,593,44,8
"58","2020-05-09",200,1,71,684,4277,0.751695113397241,0,0,382,209,43,3251,10,603,34,10
"59","2020-05-10",197,1,72,688,4277,0.751695113397241,0,0,382,209,64,3315,10,613,50,10
"60","2020-05-11",198,1,70,697,4277,0.751695113397241,0,0,382,209,72,3387,9,622,60,9
"61","2020-05-12",185,1,63,681,4277,0.751695113397241,0,0,382,209,47,3434,5,627,37,5
"62","2020-05-13",196,1,60,657,4277,0.751695113397241,0,0,382,209,42,3476,5,632,33,5
"63","2020-05-14",190,1,51,627,4277,0.751695113397241,0,0,382,209,41,3517,3,635,32,3
"64","2020-05-15",187,1,39,623,4277,0.751695113397241,0,0,382,209,55,3572,4,639,52,4
"65","2020-05-16",183,1,41,587,4277,0.751695113397241,0,0,382,209,46,3618,9,648,39,9
"66","2020-05-17",190,1,44,565,4277,0.751695113397241,0,0,382,209,47,3665,8,656,39,8
"67","2020-05-18",185,1,43,540,4277,0.751695113397241,0,0,382,209,31,3696,4,660,25,4
"68","2020-05-19",173,1,46,533,4277,0.751695113397241,0,0,382,209,35,3731,6,666,26,6
"69","2020-05-20",156,1,41,495,4277,0.751695113397241,0,0,382,209,27,3758,7,673,22,7
"70","2020-05-21",155,1,40,484,4277,0.751695113397241,0,0,382,209,35,3793,2,675,31,2
"71","2020-05-22",148,1,43,461,4277,0.751695113397241,0,0,382,209,30,3823,8,683,22,8
"72","2020-05-23",151,1,48,432,4277,0.751695113397241,0,0,382,209,30,3853,8,691,22,8
"73","2020-05-24",132,1,57,417,4277,0.751695113397241,0,0,382,209,33,3886,9,700,25,9
"74","2020-05-25",136,1,58,397,4277,0.751695113397241,0,0,382,209,26,3912,9,709,20,9
"75","2020-05-26",132,1,53,366,4277,0.751695113397241,0,0,382,209,17,3929,6,715,13,6
"76","2020-05-27",131,1,51,340,4277,0.751695113397241,0,0,382,209,20,3949,4,719,15,4
"77","2020-05-28",121,1,56,329,4277,0.751695113397241,0,0,382,209,25,3974,13,732,17,13
"78","2020-05-29",119,1,55,315,4277,0.751695113397241,0,0,382,209,32,4006,9,741,24,9
"79","2020-05-30",104,1,56,300,4277,0.751695113397241,0,0,382,209,16,4022,6,747,12,6
"80","2020-05-31",110,1,50,280,4277,0.751695113397241,0,0,382,209,13,4035,9,756,8,9
"81","2020-06-01",101,1,48,271,4277,0.751695113397241,0,0,382,209,20,4055,2,758,18,2
"82","2020-06-02",101,1,51,250,4277,0.751695113397241,0,0,382,209,21,4076,10,768,16,10
"83","2020-06-03",90,1,51,244,4277,0.751695113397241,0,0,382,209,20,4096,4,772,15,4
"84","2020-06-04",88,1,46,243,4277,0.751695113397241,0,0,382,209,18,4114,5,777,13,5
"85","2020-06-05",84,1,47,236,4277,0.751695113397241,0,0,382,209,20,4134,5,782,15,5
"86","2020-06-06",81,1,43,223,4277,0.751695113397241,0,0,382,209,16,4150,3,785,15,3
"87","2020-06-07",68,1,39,211,4277,0.751695113397241,0,0,382,209,15,4165,6,791,11,6
"88","2020-03-12",1,2,11,17,3169,0.817608078258126,0,0,287,133,10,17,5,5,NA,5
"89","2020-03-13",1,2,12,26,3169,0.817608078258126,0,0,287,133,6,23,2,7,1,2
"90","2020-03-14",3,2,17,31,3169,0.817608078258126,0,0,287,133,9,32,NA,NA,2,NA
"91","2020-03-15",4,2,24,37,3169,0.817608078258126,0,0,287,133,8,40,4,11,1,4
"92","2020-03-16",7,2,23,46,3169,0.817608078258126,0,0,287,133,10,50,11,22,4,11
"93","2020-03-17",8,2,25,56,3169,0.817608078258126,0,0,287,133,9,59,12,34,3,12
"94","2020-03-18",9,2,19,72,3169,0.817608078258126,0,0,287,133,15,74,9,43,6,9
"95","2020-03-19",11,2,20,90,3169,0.817608078258126,0,0,287,133,14,88,13,56,6,13
"96","2020-03-20",14,2,14,103,3169,0.817608078258126,0,0,287,133,14,102,17,73,6,17
"97","2020-03-21",15,2,15,116,3169,0.817608078258126,0,0,287,133,13,115,11,84,6,11
"98","2020-03-22",17,2,18,129,3169,0.817608078258126,0,0,287,133,22,137,7,91,11,7
"99","2020-03-23",18,2,18,146,3169,0.817608078258126,0,0,287,133,16,153,8,99,8,8
"100","2020-03-24",23,2,21,162,3169,0.817608078258126,0,0,287,133,11,164,8,107,6,8
"101","2020-03-25",31,2,16,170,3169,0.817608078258126,0,0,287,133,22,186,7,114,9,7
"102","2020-03-26",38,2,16,191,3169,0.817608078258126,0,0,287,133,24,210,13,127,14,13
"103","2020-03-27",45,2,19,207,3169,0.817608078258126,0,0,287,133,21,231,12,139,10,12
"104","2020-03-28",53,2,21,226,3169,0.817608078258126,0,0,287,133,19,250,5,144,11,5
"105","2020-03-29",57,2,29,233,3169,0.817608078258126,0,0,287,133,22,272,5,149,6,5
"106","2020-03-30",62,2,28,251,3169,0.817608078258126,0,0,287,133,23,295,3,152,18,3
"107","2020-03-31",63,2,29,259,3169,0.817608078258126,0,0,287,133,16,311,11,163,6,11
"108","2020-04-01",72,2,28,278,3169,0.817608078258126,0,0,287,133,21,332,12,175,11,12
"109","2020-04-02",76,2,30,293,3169,0.817608078258126,0,0,287,133,20,352,13,188,14,13
"110","2020-04-03",76,2,23,307,3169,0.817608078258126,0,0,287,133,19,371,10,198,15,10
"111","2020-04-04",82,2,26,321,3169,0.817608078258126,0,0,287,133,28,399,7,205,15,7
"112","2020-04-05",93,2,44,344,3169,0.817608078258126,0,0,287,133,19,418,9,214,9,9
"113","2020-04-06",95,2,46,349,3169,0.817608078258126,0,0,287,133,33,451,9,223,20,9
"114","2020-04-07",99,2,48,349,3169,0.817608078258126,0,0,287,133,30,481,12,235,17,12
"115","2020-04-08",93,2,40,375,3169,0.817608078258126,0,0,287,133,26,507,9,244,15,9
"116","2020-04-09",91,2,47,401,3169,0.817608078258126,0,0,287,133,21,528,12,256,11,13
"117","2020-04-10",101,2,55,424,3169,0.817608078258126,0,0,287,133,15,543,5,261,9,5
"118","2020-04-11",106,2,53,448,3169,0.817608078258126,0,0,287,133,17,560,2,263,6,2
"119","2020-04-12",104,2,51,484,3169,0.817608078258126,0,0,287,133,28,588,7,270,20,7
"120","2020-04-13",115,2,43,506,3169,0.817608078258126,0,0,287,133,23,611,6,276,12,6
"121","2020-04-14",128,2,33,513,3169,0.817608078258126,0,0,287,133,25,636,3,279,11,3
"122","2020-04-15",136,2,42,529,3169,0.817608078258126,0,0,287,133,23,659,4,283,14,4
"123","2020-04-16",153,2,49,563,3169,0.817608078258126,0,0,287,133,36,695,6,289,15,6
"124","2020-04-17",152,2,56,566,3169,0.817608078258126,0,0,287,133,22,717,11,300,11,11
"125","2020-04-18",161,2,65,592,3169,0.817608078258126,0,0,287,133,28,745,13,313,16,13
"126","2020-04-19",172,2,65,594,3169,0.817608078258126,0,0,287,133,22,767,18,331,11,18
"127","2020-04-20",171,2,59,613,3169,0.817608078258126,0,0,287,133,39,806,9,340,20,9
"128","2020-04-21",163,2,54,615,3169,0.817608078258126,0,0,287,133,29,835,8,348,15,8
"129","2020-04-22",166,2,64,607,3169,0.817608078258126,0,0,287,133,26,861,12,360,13,12
"130","2020-04-23",157,2,72,590,3169,0.817608078258126,0,0,287,133,29,890,13,373,18,13
"131","2020-04-24",168,2,68,599,3169,0.817608078258126,0,0,287,133,30,920,26,399,19,26
"132","2020-04-25",160,2,55,564,3169,0.817608078258126,0,0,287,133,27,947,20,419,14,20
"133","2020-04-26",160,2,46,540,3169,0.817608078258126,0,0,287,133,24,971,14,433,12,14
"134","2020-04-27",161,2,43,531,3169,0.817608078258126,0,0,287,133,27,998,15,448,6,15
"135","2020-04-28",165,2,36,520,3169,0.817608078258126,0,0,287,133,29,1027,21,469,17,21
"136","2020-04-29",160,2,38,506,3169,0.817608078258126,0,0,287,133,21,1048,20,489,8,20
"137","2020-04-30",157,2,42,514,3169,0.817608078258126,0,0,287,133,30,1078,11,500,16,11
"138","2020-05-01",148,2,40,504,3169,0.817608078258126,0,0,287,133,31,1109,12,512,12,12
"139","2020-05-02",146,2,41,496,3169,0.817608078258126,0,0,287,133,26,1135,19,531,18,19
"140","2020-05-03",138,2,34,495,3169,0.817608078258126,0,0,287,133,29,1164,11,542,13,11
"141","2020-05-04",144,2,31,494,3169,0.817608078258126,0,0,287,133,23,1187,20,562,12,20
"142","2020-05-05",137,2,32,489,3169,0.817608078258126,0,0,287,133,24,1211,16,578,14,16
"143","2020-05-06",142,2,28,485,3169,0.817608078258126,0,0,287,133,25,1236,15,593,10,15
"144","2020-05-07",139,2,36,496,3169,0.817608078258126,0,0,287,133,21,1257,16,609,13,16
"145","2020-05-08",139,2,39,510,3169,0.817608078258126,0,0,287,133,28,1285,17,626,18,17
"146","2020-05-09",141,2,53,515,3169,0.817608078258126,0,0,287,133,36,1321,12,638,20,12
"147","2020-05-10",148,2,58,508,3169,0.817608078258126,0,0,287,133,23,1344,14,652,13,14
"148","2020-05-11",137,2,63,515,3169,0.817608078258126,0,0,287,133,30,1374,17,669,18,17
"149","2020-05-12",141,2,64,492,3169,0.817608078258126,0,0,287,133,13,1387,15,684,8,15
"150","2020-05-13",139,2,57,481,3169,0.817608078258126,0,0,287,133,23,1410,19,703,8,19
"151","2020-05-14",148,2,48,483,3169,0.817608078258126,0,0,287,133,15,1425,18,721,7,18
"152","2020-05-15",148,2,44,476,3169,0.817608078258126,0,0,287,133,27,1452,19,740,17,19
"153","2020-05-16",150,2,45,464,3169,0.817608078258126,0,0,287,133,21,1473,16,756,7,16
"154","2020-05-17",135,2,46,451,3169,0.817608078258126,0,0,287,133,20,1493,20,776,10,20
"155","2020-05-18",138,2,44,453,3169,0.817608078258126,0,0,287,133,20,1513,19,795,14,19
"156","2020-05-19",147,2,46,447,3169,0.817608078258126,0,0,287,133,25,1538,14,809,11,14
"157","2020-05-20",143,2,44,439,3169,0.817608078258126,0,0,287,133,14,1552,16,825,7,16
"158","2020-05-21",134,2,44,437,3169,0.817608078258126,0,0,287,133,15,1567,20,845,7,20
"159","2020-05-22",130,2,38,413,3169,0.817608078258126,0,0,287,133,22,1589,16,861,8,16
"160","2020-05-23",119,2,38,412,3169,0.817608078258126,0,0,287,133,10,1599,15,876,8,15
"161","2020-05-24",133,2,38,401,3169,0.817608078258126,0,0,287,133,11,1610,15,891,4,15
"162","2020-05-25",125,2,40,390,3169,0.817608078258126,0,0,287,133,21,1631,12,903,12,12
"163","2020-05-26",116,2,47,397,3169,0.817608078258126,0,0,287,133,18,1649,13,916,12,13
"164","2020-05-27",117,2,45,398,3169,0.817608078258126,0,0,287,133,12,1661,5,921,7,5
"165","2020-05-28",120,2,48,375,3169,0.817608078258126,0,0,287,133,14,1675,9,930,8,9
"166","2020-05-29",121,2,53,373,3169,0.817608078258126,0,0,287,133,13,1688,10,940,5,10
"167","2020-05-30",119,2,52,355,3169,0.817608078258126,0,0,287,133,13,1701,5,945,11,5
"168","2020-05-31",111,2,51,342,3169,0.817608078258126,0,0,287,133,5,1706,11,956,4,11
"169","2020-06-01",114,2,50,333,3169,0.817608078258126,0,0,287,133,10,1716,5,961,8,5
"170","2020-06-02",108,2,43,327,3169,0.817608078258126,0,0,287,133,13,1729,7,968,8,7
"171","2020-06-03",106,2,40,317,3169,0.817608078258126,0,0,287,133,14,1743,5,973,7,5
"172","2020-06-04",98,2,41,303,3169,0.817608078258126,0,0,287,133,9,1752,8,981,4,8
"173","2020-06-05",93,2,49,284,3169,0.817608078258126,0,0,287,133,10,1762,10,991,5,10
"174","2020-06-06",93,2,58,281,3169,0.817608078258126,0,0,287,133,14,1776,5,996,8,5
"175","2020-06-07",87,2,50,258,3169,0.817608078258126,0,0,287,133,10,1786,12,1008,7,12
"176","2020-03-13",1,3,23,39,2361,0.596781024989411,0,0,202,478,9,12,5,13,3,5
"177","2020-03-14",4,3,31,56,2361,0.596781024989411,0,0,202,478,4,16,6,19,3,6
"178","2020-03-15",7,3,35,67,2361,0.596781024989411,0,0,202,478,4,20,15,34,1,15
"179","2020-03-16",11,3,38,76,2361,0.596781024989411,0,0,202,478,12,32,7,41,9,7
"180","2020-03-17",13,3,52,91,2361,0.596781024989411,0,0,202,478,9,41,7,48,7,7
"181","2020-03-18",18,3,52,111,2361,0.596781024989411,0,0,202,478,23,64,6,54,18,6
"182","2020-03-19",25,3,54,133,2361,0.596781024989411,0,0,202,478,13,77,8,62,11,8
"183","2020-03-20",28,3,60,153,2361,0.596781024989411,0,0,202,478,17,94,9,71,13,9
"184","2020-03-21",35,3,72,164,2361,0.596781024989411,0,0,202,478,14,108,13,84,13,13
"185","2020-03-22",40,3,78,175,2361,0.596781024989411,0,0,202,478,21,129,16,100,20,16
"186","2020-03-23",40,3,82,193,2361,0.596781024989411,0,0,202,478,30,159,10,110,29,10
"187","2020-03-24",44,3,78,206,2361,0.596781024989411,0,0,202,478,25,184,7,117,24,7
"188","2020-03-25",47,3,68,223,2361,0.596781024989411,0,0,202,478,25,209,7,124,25,7
"189","2020-03-26",46,3,81,227,2361,0.596781024989411,0,0,202,478,39,248,18,142,33,18
"190","2020-03-27",52,3,76,235,2361,0.596781024989411,0,0,202,478,53,301,18,160,46,18
"191","2020-03-28",51,3,88,243,2361,0.596781024989411,0,0,202,478,38,339,14,174,34,14
"192","2020-03-29",47,3,105,254,2361,0.596781024989411,0,0,202,478,44,383,12,186,39,12
"193","2020-03-30",57,3,121,262,2361,0.596781024989411,0,0,202,478,47,430,14,200,44,14
"194","2020-03-31",62,3,114,268,2361,0.596781024989411,0,0,202,478,61,491,13,213,58,13
"195","2020-04-01",70,3,103,260,2361,0.596781024989411,0,0,202,478,77,568,13,226,72,13
"196","2020-04-02",75,3,111,274,2361,0.596781024989411,0,0,202,478,60,628,15,241,57,15
"197","2020-04-03",78,3,115,283,2361,0.596781024989411,0,0,202,478,71,699,11,252,67,11
"198","2020-04-04",83,3,132,292,2361,0.596781024989411,0,0,202,478,90,789,13,265,83,13
"199","2020-04-05",91,3,144,306,2361,0.596781024989411,0,0,202,478,87,876,20,285,83,20
"200","2020-04-06",88,3,148,310,2361,0.596781024989411,0,0,202,478,96,972,9,294,93,9
"201","2020-04-07",90,3,136,312,2361,0.596781024989411,0,0,202,478,93,1065,15,309,90,15
"202","2020-04-08",84,3,126,317,2361,0.596781024989411,0,0,202,478,105,1170,8,317,102,8
"203","2020-04-09",87,3,129,334,2361,0.596781024989411,0,0,202,478,101,1271,6,323,99,6
"204","2020-04-10",87,3,125,357,2361,0.596781024989411,0,0,202,478,102,1373,15,338,98,15
"205","2020-04-11",91,3,129,354,2361,0.596781024989411,0,0,202,478,136,1509,15,353,133,15
"206","2020-04-12",95,3,123,363,2361,0.596781024989411,0,0,202,478,141,1650,9,362,135,9
"207","2020-04-13",99,3,141,360,2361,0.596781024989411,0,0,202,478,131,1781,6,368,127,6
"208","2020-04-14",100,3,149,365,2361,0.596781024989411,0,0,202,478,107,1888,13,381,100,13
"209","2020-04-15",109,3,149,352,2361,0.596781024989411,0,0,202,478,131,2019,8,389,128,8
"210","2020-04-16",103,3,154,359,2361,0.596781024989411,0,0,202,478,146,2165,17,406,141,17
"211","2020-04-17",108,3,153,360,2361,0.596781024989411,0,0,202,478,149,2314,8,414,144,8
"212","2020-04-18",106,3,156,368,2361,0.596781024989411,0,0,202,478,121,2435,13,427,116,13
"213","2020-04-19",104,3,156,377,2361,0.596781024989411,0,0,202,478,147,2582,13,440,141,13
"214","2020-04-20",106,3,147,374,2361,0.596781024989411,0,0,202,478,125,2707,20,460,124,20
"215","2020-04-21",105,3,144,373,2361,0.596781024989411,0,0,202,478,120,2827,19,479,118,19
"216","2020-04-22",106,3,154,370,2361,0.596781024989411,0,0,202,478,118,2945,21,500,115,21
"217","2020-04-23",115,3,162,381,2361,0.596781024989411,0,0,202,478,103,3048,19,519,97,19
"218","2020-04-24",113,3,155,386,2361,0.596781024989411,0,0,202,478,135,3183,14,533,133,14
"219","2020-04-25",116,3,153,399,2361,0.596781024989411,0,0,202,478,126,3309,7,540,121,7
"220","2020-04-26",116,3,163,394,2361,0.596781024989411,0,0,202,478,101,3410,12,552,98,12
"221","2020-04-27",112,3,170,399,2361,0.596781024989411,0,0,202,478,111,3521,16,568,110,16
"222","2020-04-28",114,3,162,407,2361,0.596781024989411,0,0,202,478,117,3638,18,586,115,18
"223","2020-04-29",113,3,170,400,2361,0.596781024989411,0,0,202,478,122,3760,20,606,119,20
"224","2020-04-30",109,3,168,408,2361,0.596781024989411,0,0,202,478,108,3868,19,625,105,19
"225","2020-05-01",107,3,170,389,2361,0.596781024989411,0,0,202,478,89,3957,5,630,88,5
"226","2020-05-02",105,3,179,377,2361,0.596781024989411,0,0,202,478,58,4015,15,645,57,15
"227","2020-05-03",102,3,194,378,2361,0.596781024989411,0,0,202,478,89,4104,22,667,86,22
"228","2020-05-04",102,3,200,372,2361,0.596781024989411,0,0,202,478,81,4185,14,681,75,14
"229","2020-05-05",98,3,201,370,2361,0.596781024989411,0,0,202,478,82,4267,23,704,81,23
"230","2020-05-06",96,3,188,358,2361,0.596781024989411,0,0,202,478,74,4341,16,720,72,16
"231","2020-05-07",101,3,163,350,2361,0.596781024989411,0,0,202,478,51,4392,13,733,50,13
"232","2020-05-08",104,3,173,344,2361,0.596781024989411,0,0,202,478,65,4457,23,756,64,23
"233","2020-05-09",97,3,172,336,2361,0.596781024989411,0,0,202,478,68,4525,18,774,63,18
"234","2020-05-10",103,3,164,342,2361,0.596781024989411,0,0,202,478,48,4573,16,790,47,16
"235","2020-05-11",101,3,168,334,2361,0.596781024989411,0,0,202,478,53,4626,13,803,51,13
"236","2020-05-12",105,3,166,321,2361,0.596781024989411,0,0,202,478,53,4679,15,818,51,15
"237","2020-05-13",103,3,156,304,2361,0.596781024989411,0,0,202,478,29,4708,28,846,28,28
"238","2020-05-14",96,3,152,300,2361,0.596781024989411,0,0,202,478,32,4740,6,852,27,6
"239","2020-05-15",89,3,152,287,2361,0.596781024989411,0,0,202,478,36,4776,20,872,35,20
"240","2020-05-16",87,3,151,284,2361,0.596781024989411,0,0,202,478,41,4817,22,894,40,22
"241","2020-05-17",78,3,168,266,2361,0.596781024989411,0,0,202,478,22,4839,16,910,20,16
"242","2020-05-18",77,3,171,262,2361,0.596781024989411,0,0,202,478,23,4862,28,938,21,28
"243","2020-05-19",73,3,189,254,2361,0.596781024989411,0,0,202,478,25,4887,14,952,24,14
"244","2020-05-20",65,3,205,249,2361,0.596781024989411,0,0,202,478,24,4911,11,963,23,11
"245","2020-05-21",61,3,195,242,2361,0.596781024989411,0,0,202,478,21,4932,7,970,19,7
"246","2020-05-22",65,3,194,236,2361,0.596781024989411,0,0,202,478,13,4945,7,977,12,7
"247","2020-05-23",68,3,190,245,2361,0.596781024989411,0,0,202,478,15,4960,2,979,10,2
"248","2020-05-24",69,3,202,249,2361,0.596781024989411,0,0,202,478,15,4975,5,984,12,5
"249","2020-05-25",71,3,203,245,2361,0.596781024989411,0,0,202,478,13,4988,3,987,11,3
"250","2020-05-26",72,3,198,245,2361,0.596781024989411,0,0,202,478,13,5001,6,993,12,6
"251","2020-05-27",68,3,202,245,2361,0.596781024989411,0,0,202,478,13,5014,7,1000,12,7
"252","2020-05-28",75,3,217,251,2361,0.596781024989411,0,0,202,478,8,5022,6,1006,8,6
"253","2020-05-29",73,3,198,243,2361,0.596781024989411,0,0,202,478,18,5040,8,1014,15,8
"254","2020-05-30",74,3,188,232,2361,0.596781024989411,0,0,202,478,6,5046,6,1020,5,6
"255","2020-05-31",72,3,168,223,2361,0.596781024989411,0,0,202,478,8,5054,5,1025,5,5
"256","2020-06-01",69,3,171,227,2361,0.596781024989411,0,0,202,478,5,5059,5,1030,5,5
"257","2020-06-02",70,3,165,214,2361,0.596781024989411,0,0,202,478,9,5068,13,1043,9,13
"258","2020-06-03",71,3,152,202,2361,0.596781024989411,0,0,202,478,9,5077,8,1051,8,8
"259","2020-06-04",66,3,156,186,2361,0.596781024989411,0,0,202,478,8,5085,10,1061,6,10
"260","2020-06-05",60,3,140,180,2361,0.596781024989411,0,0,202,478,4,5089,9,1070,4,9
"261","2020-06-06",54,3,149,183,2361,0.596781024989411,0,0,202,478,7,5096,12,1082,6,12
"262","2020-06-07",54,3,152,188,2361,0.596781024989411,0,0,202,478,5,5101,14,1096,5,14
"263","2020-03-15",1,4,35,37,2495,0.822444889779559,0,0,193,197,25,83,17,51,14,17
"264","2020-03-16",2,4,28,46,2495,0.822444889779559,0,0,193,197,14,97,16,67,9,16
"265","2020-03-17",3,4,28,55,2495,0.822444889779559,0,0,193,197,37,134,11,78,22,11
"266","2020-03-18",6,4,26,63,2495,0.822444889779559,0,0,193,197,44,178,18,96,30,18
"267","2020-03-19",8,4,34,74,2495,0.822444889779559,0,0,193,197,47,225,15,111,36,15
"268","2020-03-20",13,4,25,81,2495,0.822444889779559,0,0,193,197,62,287,9,120,55,9
"269","2020-03-21",16,4,25,94,2495,0.822444889779559,0,0,193,197,75,362,5,125,68,5
"270","2020-03-22",21,4,23,108,2495,0.822444889779559,0,0,193,197,67,429,5,130,62,5
"271","2020-03-23",22,4,25,107,2495,0.822444889779559,0,0,193,197,72,501,11,141,60,11
"272","2020-03-24",24,4,20,112,2495,0.822444889779559,0,0,193,197,91,592,5,146,85,5
"273","2020-03-25",26,4,24,117,2495,0.822444889779559,0,0,193,197,113,705,25,171,102,25
"274","2020-03-26",27,4,29,133,2495,0.822444889779559,0,0,193,197,166,871,25,196,161,25
"275","2020-03-27",25,4,28,137,2495,0.822444889779559,0,0,193,197,149,1020,20,216,138,20
"276","2020-03-28",30,4,24,147,2495,0.822444889779559,0,0,193,197,169,1189,11,227,158,11
"277","2020-03-29",28,4,34,165,2495,0.822444889779559,0,0,193,197,188,1377,8,235,175,8
"278","2020-03-30",33,4,36,172,2495,0.822444889779559,0,0,193,197,174,1551,22,257,169,22
"279","2020-03-31",39,4,36,183,2495,0.822444889779559,0,0,193,197,221,1772,9,266,210,9
"280","2020-04-01",45,4,45,198,2495,0.822444889779559,0,0,193,197,169,1941,18,284,158,18
"281","2020-04-02",49,4,40,212,2495,0.822444889779559,0,0,193,197,231,2172,14,298,221,14
"282","2020-04-03",55,4,41,227,2495,0.822444889779559,0,0,193,197,189,2361,13,311,179,13
"283","2020-04-04",58,4,36,232,2495,0.822444889779559,0,0,193,197,276,2637,28,339,269,28
"284","2020-04-05",60,4,30,250,2495,0.822444889779559,0,0,193,197,361,2998,13,352,352,13
"285","2020-04-06",64,4,40,261,2495,0.822444889779559,0,0,193,197,287,3285,14,366,278,14
"286","2020-04-07",61,4,43,280,2495,0.822444889779559,0,0,193,197,403,3688,16,382,394,16
"287","2020-04-08",59,4,48,287,2495,0.822444889779559,0,0,193,197,276,3964,13,395,263,13
"288","2020-04-09",67,4,40,300,2495,0.822444889779559,0,0,193,197,299,4263,7,402,289,7
"289","2020-04-10",67,4,40,310,2495,0.822444889779559,0,0,193,197,224,4487,34,436,218,34
"290","2020-04-11",73,4,47,325,2495,0.822444889779559,0,0,193,197,246,4733,36,472,238,36
"291","2020-04-12",75,4,48,324,2495,0.822444889779559,0,0,193,197,256,4989,35,507,250,35
"292","2020-04-13",77,4,45,321,2495,0.822444889779559,0,0,193,197,205,5194,28,535,202,28
"293","2020-04-14",86,4,46,342,2495,0.822444889779559,0,0,193,197,207,5401,24,559,203,24
"294","2020-04-15",90,4,44,347,2495,0.822444889779559,0,0,193,197,153,5554,19,578,149,19
"295","2020-04-16",91,4,47,371,2495,0.822444889779559,0,0,193,197,178,5732,15,593,176,15
"296","2020-04-17",94,4,49,368,2495,0.822444889779559,0,0,193,197,155,5887,28,621,153,28
"297","2020-04-18",91,4,51,385,2495,0.822444889779559,0,0,193,197,158,6045,10,631,154,10
"298","2020-04-19",104,4,48,397,2495,0.822444889779559,0,0,193,197,157,6202,15,646,153,15
"299","2020-04-20",108,4,47,412,2495,0.822444889779559,0,0,193,197,90,6292,15,661,85,15
"300","2020-04-21",107,4,49,426,2495,0.822444889779559,0,0,193,197,100,6392,37,698,96,37
"301","2020-04-22",108,4,47,431,2495,0.822444889779559,0,0,193,197,64,6456,27,725,60,27
"302","2020-04-23",115,4,53,446,2495,0.822444889779559,0,0,193,197,51,6507,20,745,47,20
"303","2020-04-24",125,4,71,428,2495,0.822444889779559,0,0,193,197,55,6562,16,761,53,16
"304","2020-04-25",130,4,67,426,2495,0.822444889779559,0,0,193,197,70,6632,11,772,67,11
"305","2020-04-26",122,4,66,424,2495,0.822444889779559,0,0,193,197,44,6676,10,782,40,10
"306","2020-04-27",117,4,77,441,2495,0.822444889779559,0,0,193,197,42,6718,39,821,37,39
"307","2020-04-28",115,4,76,437,2495,0.822444889779559,0,0,193,197,41,6759,14,835,39,14
"308","2020-04-29",115,4,90,431,2495,0.822444889779559,0,0,193,197,34,6793,31,866,33,31
"309","2020-04-30",117,4,102,421,2495,0.822444889779559,0,0,193,197,38,6831,17,883,34,17
"310","2020-05-01",114,4,91,427,2495,0.822444889779559,0,0,193,197,25,6856,19,902,20,19
"311","2020-05-02",110,4,78,422,2495,0.822444889779559,0,0,193,197,29,6885,10,912,25,10
"312","2020-05-03",120,4,78,420,2495,0.822444889779559,0,0,193,197,18,6903,20,932,17,20
"313","2020-05-04",121,4,70,422,2495,0.822444889779559,0,0,193,197,18,6921,33,965,16,33
"314","2020-05-05",123,4,60,442,2495,0.822444889779559,0,0,193,197,14,6935,22,987,14,22
"315","2020-05-06",119,4,65,453,2495,0.822444889779559,0,0,193,197,17,6952,44,1031,16,44
"316","2020-05-07",119,4,64,448,2495,0.822444889779559,0,0,193,197,12,6964,52,1083,9,52
"317","2020-05-08",113,4,70,438,2495,0.822444889779559,0,0,193,197,9,6973,29,1112,8,29
"318","2020-05-09",123,4,51,437,2495,0.822444889779559,0,0,193,197,11,6984,43,1155,10,43
"319","2020-05-10",120,4,50,430,2495,0.822444889779559,0,0,193,197,11,6995,35,1190,8,35
"320","2020-05-11",124,4,48,420,2495,0.822444889779559,0,0,193,197,12,7007,40,1230,11,40
"321","2020-05-12",130,4,54,422,2495,0.822444889779559,0,0,193,197,13,7020,17,1247,11,17
"322","2020-05-13",140,4,54,417,2495,0.822444889779559,0,0,193,197,12,7032,9,1256,6,9
"323","2020-05-14",130,4,49,395,2495,0.822444889779559,0,0,193,197,9,7041,12,1268,9,12
"324","2020-05-15",136,4,58,408,2495,0.822444889779559,0,0,193,197,7,7048,19,1287,4,19
"325","2020-05-16",130,4,52,407,2495,0.822444889779559,0,0,193,197,8,7056,32,1319,3,32
"326","2020-05-17",125,4,44,404,2495,0.822444889779559,0,0,193,197,6,7062,34,1353,6,34
"327","2020-05-18",130,4,47,392,2495,0.822444889779559,0,0,193,197,7,7069,24,1377,4,24
"328","2020-05-19",123,4,44,391,2495,0.822444889779559,0,0,193,197,6,7075,18,1395,4,18
"329","2020-05-20",120,4,42,396,2495,0.822444889779559,0,0,193,197,2,7077,14,1409,1,14
"330","2020-05-21",127,4,44,388,2495,0.822444889779559,0,0,193,197,5,7082,25,1434,5,25
"331","2020-05-22",124,4,39,368,2495,0.822444889779559,0,0,193,197,3,7085,21,1455,2,21
"332","2020-05-23",119,4,41,363,2495,0.822444889779559,0,0,193,197,7,7092,18,1473,3,18
"333","2020-05-24",126,4,44,349,2495,0.822444889779559,0,0,193,197,4,7096,24,1497,4,24
"334","2020-05-25",117,4,38,329,2495,0.822444889779559,0,0,193,197,3,7099,26,1523,3,26
"335","2020-05-26",117,4,34,321,2495,0.822444889779559,0,0,193,197,2,7101,12,1535,1,12
"336","2020-05-27",118,4,40,299,2495,0.822444889779559,0,0,193,197,NA,NA,16,1551,NA,16
"337","2020-05-28",110,4,53,280,2495,0.822444889779559,0,0,193,197,2,7103,18,1569,NA,18
"338","2020-05-29",104,4,52,272,2495,0.822444889779559,0,0,193,197,1,7104,24,1593,1,24
"339","2020-05-30",102,4,58,257,2495,0.822444889779559,0,0,193,197,NA,NA,11,1604,NA,11
"340","2020-05-31",84,4,58,246,2495,0.822444889779559,0,0,193,197,3,7107,27,1631,3,27
"341","2020-06-01",81,4,52,230,2495,0.822444889779559,0,0,193,197,1,7108,9,1640,NA,9
"342","2020-06-02",74,4,49,230,2495,0.822444889779559,0,0,193,197,2,7110,7,1647,2,7
"343","2020-06-03",65,4,43,215,2495,0.822444889779559,0,0,193,197,2,7112,6,1653,2,6
"344","2020-06-04",62,4,40,208,2495,0.822444889779559,0,0,193,197,NA,NA,7,1660,NA,7
"345","2020-06-05",58,4,39,209,2495,0.822444889779559,0,0,193,197,3,7115,5,1665,2,5
"346","2020-06-06",52,4,40,206,2495,0.822444889779559,0,0,193,197,1,7116,10,1675,NA,10
"347","2020-06-07",62,4,35,193,2495,0.822444889779559,0,0,193,197,2,7118,15,1690,NA,15
"348","2020-03-14",2,5,13,21,2223,0.720647773279352,0,0,191,134,1,5,2,21,NA,2
"349","2020-03-15",4,5,14,29,2223,0.720647773279352,0,0,191,134,4,9,5,26,1,5
"350","2020-03-16",4,5,17,36,2223,0.720647773279352,0,0,191,134,4,13,4,30,1,4
"351","2020-03-17",4,5,17,48,2223,0.720647773279352,0,0,191,134,7,20,7,37,3,7
"352","2020-03-18",10,5,17,58,2223,0.720647773279352,0,0,191,134,7,27,11,48,3,11
"353","2020-03-19",10,5,20,66,2223,0.720647773279352,0,0,191,134,7,34,10,58,5,10
"354","2020-03-20",14,5,18,81,2223,0.720647773279352,0,0,191,134,6,40,8,66,6,8
"355","2020-03-21",13,5,19,101,2223,0.720647773279352,0,0,191,134,8,48,4,70,5,4
"356","2020-03-22",13,5,16,110,2223,0.720647773279352,0,0,191,134,9,57,3,73,2,3
"357","2020-03-23",15,5,13,124,2223,0.720647773279352,0,0,191,134,13,70,12,85,12,12
"358","2020-03-24",20,5,14,142,2223,0.720647773279352,0,0,191,134,16,86,11,96,9,11
"359","2020-03-25",22,5,14,156,2223,0.720647773279352,0,0,191,134,9,95,6,102,5,6
"360","2020-03-26",26,5,14,177,2223,0.720647773279352,0,0,191,134,17,112,16,118,14,16
"361","2020-03-27",27,5,15,190,2223,0.720647773279352,0,0,191,134,8,120,15,133,6,15
"362","2020-03-28",34,5,17,209,2223,0.720647773279352,0,0,191,134,17,137,16,149,13,16
"363","2020-03-29",36,5,21,224,2223,0.720647773279352,0,0,191,134,16,153,11,160,15,11
"364","2020-03-30",43,5,18,240,2223,0.720647773279352,0,0,191,134,33,186,19,179,28,19
"365","2020-03-31",45,5,17,252,2223,0.720647773279352,0,0,191,134,16,202,9,188,13,9
"366","2020-04-01",48,5,16,263,2223,0.720647773279352,0,0,191,134,17,219,16,204,16,16
"367","2020-04-02",57,5,18,275,2223,0.720647773279352,0,0,191,134,21,240,15,219,16,15
"368","2020-04-03",61,5,31,286,2223,0.720647773279352,0,0,191,134,26,266,13,232,21,13
"369","2020-04-04",60,5,26,300,2223,0.720647773279352,0,0,191,134,25,291,15,247,24,15
"370","2020-04-05",66,5,35,313,2223,0.720647773279352,0,0,191,134,24,315,4,251,20,4
"371","2020-04-06",71,5,36,341,2223,0.720647773279352,0,0,191,134,26,341,8,259,20,8
"372","2020-04-07",80,5,26,345,2223,0.720647773279352,0,0,191,134,21,362,17,276,17,17
"373","2020-04-08",82,5,23,358,2223,0.720647773279352,0,0,191,134,31,393,10,286,29,10
"374","2020-04-09",82,5,22,365,2223,0.720647773279352,0,0,191,134,29,422,15,301,26,15
"375","2020-04-10",86,5,28,361,2223,0.720647773279352,0,0,191,134,16,438,24,325,12,24
"376","2020-04-11",95,5,38,378,2223,0.720647773279352,0,0,191,134,28,466,10,335,23,10
"377","2020-04-12",102,5,46,394,2223,0.720647773279352,0,0,191,134,37,503,9,344,32,9
"378","2020-04-13",102,5,47,404,2223,0.720647773279352,0,0,191,134,25,528,13,357,20,13
"379","2020-04-14",111,5,49,404,2223,0.720647773279352,0,0,191,134,34,562,12,369,27,12
"380","2020-04-15",112,5,50,407,2223,0.720647773279352,0,0,191,134,34,596,15,384,28,15
"381","2020-04-16",116,5,49,399,2223,0.720647773279352,0,0,191,134,32,628,18,402,29,18
"382","2020-04-17",124,5,46,400,2223,0.720647773279352,0,0,191,134,35,663,15,417,32,15
"383","2020-04-18",123,5,39,401,2223,0.720647773279352,0,0,191,134,37,700,20,437,34,20
"384","2020-04-19",121,5,53,409,2223,0.720647773279352,0,0,191,134,47,747,22,459,41,22
"385","2020-04-20",123,5,53,390,2223,0.720647773279352,0,0,191,134,32,779,18,477,30,18
"386","2020-04-21",114,5,52,400,2223,0.720647773279352,0,0,191,134,35,814,22,499,34,22
"387","2020-04-22",118,5,49,384,2223,0.720647773279352,0,0,191,134,39,853,8,507,35,8
"388","2020-04-23",117,5,47,374,2223,0.720647773279352,0,0,191,134,34,887,10,517,28,10
"389","2020-04-24",110,5,48,382,2223,0.720647773279352,0,0,191,134,24,911,14,531,22,14
"390","2020-04-25",111,5,53,361,2223,0.720647773279352,0,0,191,134,40,951,13,544,36,13
"391","2020-04-26",112,5,60,349,2223,0.720647773279352,0,0,191,134,46,997,13,557,44,13
"392","2020-04-27",110,5,57,343,2223,0.720647773279352,0,0,191,134,44,1041,26,583,36,26
"393","2020-04-28",108,5,62,335,2223,0.720647773279352,0,0,191,134,44,1085,15,598,41,15
"394","2020-04-29",96,5,54,339,2223,0.720647773279352,0,0,191,134,23,1108,16,614,20,16
"395","2020-04-30",95,5,54,322,2223,0.720647773279352,0,0,191,134,34,1142,18,632,29,18
"396","2020-05-01",93,5,63,319,2223,0.720647773279352,0,0,191,134,32,1174,14,646,26,14
"397","2020-05-02",93,5,66,305,2223,0.720647773279352,0,0,191,134,33,1207,11,657,32,11
"398","2020-05-03",83,5,59,305,2223,0.720647773279352,0,0,191,134,28,1235,8,665,26,8
"399","2020-05-04",81,5,61,300,2223,0.720647773279352,0,0,191,134,31,1266,14,679,28,14
"400","2020-05-05",76,5,63,296,2223,0.720647773279352,0,0,191,134,47,1313,8,687,44,8
"401","2020-05-06",83,5,55,287,2223,0.720647773279352,0,0,191,134,28,1341,10,697,27,10
"402","2020-05-07",79,5,48,276,2223,0.720647773279352,0,0,191,134,56,1397,12,709,51,12
"403","2020-05-08",80,5,45,261,2223,0.720647773279352,0,0,191,134,39,1436,11,720,37,11
"404","2020-05-09",72,5,40,280,2223,0.720647773279352,0,0,191,134,36,1472,17,737,32,17
"405","2020-05-10",79,5,37,283,2223,0.720647773279352,0,0,191,134,36,1508,17,754,31,17
"406","2020-05-11",83,5,44,297,2223,0.720647773279352,0,0,191,134,32,1540,12,766,28,12
"407","2020-05-12",89,5,58,292,2223,0.720647773279352,0,0,191,134,37,1577,13,779,34,13
"408","2020-05-13",82,5,59,300,2223,0.720647773279352,0,0,191,134,50,1627,24,803,46,24
"409","2020-05-14",83,5,60,296,2223,0.720647773279352,0,0,191,134,47,1674,17,820,43,17
"410","2020-05-15",84,5,60,289,2223,0.720647773279352,0,0,191,134,34,1708,21,841,26,21
"411","2020-05-16",85,5,63,288,2223,0.720647773279352,0,0,191,134,36,1744,27,868,30,27
"412","2020-05-17",74,5,52,274,2223,0.720647773279352,0,0,191,134,40,1784,25,893,35,25
"413","2020-05-18",68,5,52,272,2223,0.720647773279352,0,0,191,134,47,1831,23,916,44,23
"414","2020-05-19",70,5,44,264,2223,0.720647773279352,0,0,191,134,38,1869,33,949,37,33
"415","2020-05-20",79,5,44,256,2223,0.720647773279352,0,0,191,134,33,1902,19,968,26,19
"416","2020-05-21",77,5,54,246,2223,0.720647773279352,0,0,191,134,16,1918,17,985,15,17
"417","2020-05-22",74,5,48,233,2223,0.720647773279352,0,0,191,134,42,1960,23,1008,37,23
"418","2020-05-23",69,5,48,224,2223,0.720647773279352,0,0,191,134,30,1990,17,1025,27,17
"419","2020-05-24",73,5,42,225,2223,0.720647773279352,0,0,191,134,23,2013,16,1041,21,16
"420","2020-05-25",70,5,42,221,2223,0.720647773279352,0,0,191,134,26,2039,24,1065,21,24
"421","2020-05-26",67,5,36,219,2223,0.720647773279352,0,0,191,134,28,2067,15,1080,27,15
"422","2020-05-27",59,5,35,210,2223,0.720647773279352,0,0,191,134,14,2081,16,1096,13,16
"423","2020-05-28",57,5,39,213,2223,0.720647773279352,0,0,191,134,22,2103,18,1114,21,18
"424","2020-05-29",53,5,39,205,2223,0.720647773279352,0,0,191,134,24,2127,24,1138,22,24
"425","2020-05-30",56,5,32,198,2223,0.720647773279352,0,0,191,134,17,2144,28,1166,16,28
"426","2020-05-31",55,5,32,191,2223,0.720647773279352,0,0,191,134,26,2170,24,1190,22,24
"427","2020-06-01",54,5,30,186,2223,0.720647773279352,0,0,191,134,17,2187,10,1200,15,10
"428","2020-06-02",48,5,34,196,2223,0.720647773279352,0,0,191,134,20,2207,12,1212,20,12
"429","2020-06-03",51,5,33,192,2223,0.720647773279352,0,0,191,134,20,2227,15,1227,18,15
"430","2020-06-04",52,5,27,190,2223,0.720647773279352,0,0,191,134,16,2243,12,1239,12,12
"431","2020-06-05",51,5,24,186,2223,0.720647773279352,0,0,191,134,10,2253,14,1253,9,14
"432","2020-06-06",54,5,25,191,2223,0.720647773279352,0,0,191,134,11,2264,9,1262,10,9
"433","2020-06-07",55,5,24,192,2223,0.720647773279352,0,0,191,134,16,2280,13,1275,15,13
"434","2020-03-13",1,6,26,15,7029,0.952482572200882,0,0,682,259,13,23,7,14,2,7
"435","2020-03-14",1,6,36,26,7029,0.952482572200882,0,0,682,259,12,35,6,20,1,6
"436","2020-03-15",2,6,34,35,7029,0.952482572200882,0,0,682,259,9,44,6,26,4,6
"437","2020-03-16",4,6,33,49,7029,0.952482572200882,0,0,682,259,9,53,3,29,4,3
"438","2020-03-17",4,6,32,62,7029,0.952482572200882,0,0,682,259,9,62,13,42,5,13
"439","2020-03-18",8,6,33,76,7029,0.952482572200882,0,0,682,259,21,83,8,50,13,8
"440","2020-03-19",10,6,42,105,7029,0.952482572200882,0,0,682,259,17,100,4,54,10,4
"441","2020-03-20",14,6,36,123,7029,0.952482572200882,0,0,682,259,11,111,2,56,8,2
"442","2020-03-21",16,6,36,147,7029,0.952482572200882,0,0,682,259,15,126,8,64,11,8
"443","2020-03-22",23,6,38,179,7029,0.952482572200882,0,0,682,259,29,155,4,68,15,4
"444","2020-03-23",26,6,34,204,7029,0.952482572200882,0,0,682,259,16,171,10,78,11,10
"445","2020-03-24",36,6,30,230,7029,0.952482572200882,0,0,682,259,30,201,6,84,22,6
"446","2020-03-25",42,6,31,258,7029,0.952482572200882,0,0,682,259,12,213,8,92,10,8
"447","2020-03-26",44,6,31,278,7029,0.952482572200882,0,0,682,259,25,238,4,96,18,4
"448","2020-03-27",45,6,45,327,7029,0.952482572200882,0,0,682,259,14,252,8,104,8,8
"449","2020-03-28",60,6,51,350,7029,0.952482572200882,0,0,682,259,22,274,8,112,13,8
"450","2020-03-29",65,6,43,370,7029,0.952482572200882,0,0,682,259,26,300,9,121,19,9
"451","2020-03-30",80,6,42,423,7029,0.952482572200882,0,0,682,259,22,322,14,135,16,14
"452","2020-03-31",87,6,55,479,7029,0.952482572200882,0,0,682,259,23,345,9,144,17,9
"453","2020-04-01",93,6,54,530,7029,0.952482572200882,0,0,682,259,25,370,8,152,16,8
"454","2020-04-02",108,6,66,617,7029,0.952482572200882,0,0,682,259,26,396,13,165,21,13
"455","2020-04-03",123,6,61,703,7029,0.952482572200882,0,0,682,259,23,419,21,186,15,21
"456","2020-04-04",129,6,59,776,7029,0.952482572200882,0,0,682,259,19,438,10,196,13,10
"457","2020-04-05",141,6,58,879,7029,0.952482572200882,0,0,682,259,21,459,13,209,16,13
"458","2020-04-06",152,6,54,970,7029,0.952482572200882,0,0,682,259,37,496,7,216,27,7
"459","2020-04-07",177,6,47,1052,7029,0.952482572200882,0,0,682,259,29,525,13,229,21,13
"460","2020-04-08",202,6,41,1147,7029,0.952482572200882,0,0,682,259,19,544,13,242,11,13
"461","2020-04-09",238,6,35,1234,7029,0.952482572200882,0,0,682,259,28,572,8,250,18,8
"462","2020-04-10",258,6,34,1349,7029,0.952482572200882,0,0,682,259,31,603,5,255,22,5
"463","2020-04-11",288,6,44,1432,7029,0.952482572200882,0,0,682,259,21,624,17,272,12,17
"464","2020-04-12",307,6,54,1547,7029,0.952482572200882,0,0,682,259,28,652,11,283,19,11
"465","2020-04-13",327,6,55,1664,7029,0.952482572200882,0,0,682,259,23,675,17,300,16,17
"466","2020-04-14",353,6,57,1763,7029,0.952482572200882,0,0,682,259,26,701,23,323,19,23
"467","2020-04-15",381,6,71,1893,7029,0.952482572200882,0,0,682,259,26,727,20,343,16,20
"468","2020-04-16",405,6,71,2000,7029,0.952482572200882,0,0,682,259,20,747,24,367,12,24
"469","2020-04-17",438,6,92,2126,7029,0.952482572200882,0,0,682,259,26,773,23,390,10,23
"470","2020-04-18",472,6,108,2221,7029,0.952482572200882,0,0,682,259,25,798,23,413,15,23
"471","2020-04-19",506,6,87,2316,7029,0.952482572200882,0,0,682,259,19,817,28,441,12,28
"472","2020-04-20",531,6,103,2355,7029,0.952482572200882,0,0,682,259,21,838,30,471,14,30
"473","2020-04-21",565,6,108,2409,7029,0.952482572200882,0,0,682,259,20,858,15,486,12,15
"474","2020-04-22",602,6,110,2486,7029,0.952482572200882,0,0,682,259,21,879,8,494,14,8
"475","2020-04-23",632,6,98,2521,7029,0.952482572200882,0,0,682,259,20,899,8,502,6,8
"476","2020-04-24",659,6,109,2584,7029,0.952482572200882,0,0,682,259,19,918,23,525,10,23
"477","2020-04-25",681,6,99,2577,7029,0.952482572200882,0,0,682,259,20,938,9,534,9,9
"478","2020-04-26",712,6,93,2537,7029,0.952482572200882,0,0,682,259,21,959,3,537,11,3
"479","2020-04-27",742,6,98,2478,7029,0.952482572200882,0,0,682,259,19,978,11,548,10,11
"480","2020-04-28",739,6,89,2411,7029,0.952482572200882,0,0,682,259,14,992,20,568,5,20
"481","2020-04-29",735,6,105,2295,7029,0.952482572200882,0,0,682,259,15,1007,19,587,8,19
"482","2020-04-30",714,6,93,2136,7029,0.952482572200882,0,0,682,259,24,1031,17,604,13,17
"483","2020-05-01",696,6,78,1969,7029,0.952482572200882,0,0,682,259,14,1045,30,634,5,30
"484","2020-05-02",686,6,74,1832,7029,0.952482572200882,0,0,682,259,24,1069,12,646,13,12
"485","2020-05-03",651,6,79,1665,7029,0.952482572200882,0,0,682,259,28,1097,34,680,12,34
"486","2020-05-04",607,6,80,1519,7029,0.952482572200882,0,0,682,259,20,1117,24,704,15,24
"487","2020-05-05",572,6,78,1384,7029,0.952482572200882,0,0,682,259,16,1133,11,715,9,11
"488","2020-05-06",531,6,78,1217,7029,0.952482572200882,0,0,682,259,18,1151,15,730,10,15
"489","2020-05-07",488,6,65,1076,7029,0.952482572200882,0,0,682,259,19,1170,24,754,12,24
"490","2020-05-08",449,6,67,957,7029,0.952482572200882,0,0,682,259,21,1191,22,776,11,22
"491","2020-05-09",390,6,65,829,7029,0.952482572200882,0,0,682,259,30,1221,19,795,19,19
"492","2020-05-10",360,6,63,730,7029,0.952482572200882,0,0,682,259,20,1241,15,810,12,15
"493","2020-05-11",330,6,64,643,7029,0.952482572200882,0,0,682,259,18,1259,9,819,14,9
"494","2020-05-12",293,6,74,553,7029,0.952482572200882,0,0,682,259,20,1279,14,833,11,14
"495","2020-05-13",262,6,69,480,7029,0.952482572200882,0,0,682,259,28,1307,5,838,18,5
"496","2020-05-14",235,6,82,398,7029,0.952482572200882,0,0,682,259,20,1327,6,844,14,6
"497","2020-05-15",205,6,88,333,7029,0.952482572200882,0,0,682,259,11,1338,13,857,3,13
"498","2020-05-16",179,6,75,285,7029,0.952482572200882,0,0,682,259,22,1360,12,869,15,12
"499","2020-05-17",149,6,94,237,7029,0.952482572200882,0,0,682,259,20,1380,17,886,12,17
"500","2020-05-18",124,6,92,197,7029,0.952482572200882,0,0,682,259,21,1401,13,899,12,13
"501","2020-05-19",105,6,86,170,7029,0.952482572200882,0,0,682,259,25,1426,18,917,14,18
"502","2020-05-20",80,6,70,142,7029,0.952482572200882,0,0,682,259,21,1447,16,933,15,16
"503","2020-05-21",65,6,64,117,7029,0.952482572200882,0,0,682,259,12,1459,8,941,7,8
"504","2020-05-22",53,6,60,99,7029,0.952482572200882,0,0,682,259,18,1477,10,951,14,10
"505","2020-05-23",43,6,53,89,7029,0.952482572200882,0,0,682,259,18,1495,16,967,14,16
"506","2020-05-24",30,6,51,80,7029,0.952482572200882,0,0,682,259,19,1514,7,974,11,7
"507","2020-05-25",25,6,53,70,7029,0.952482572200882,0,0,682,259,12,1526,7,981,10,7
"508","2020-05-26",21,6,60,66,7029,0.952482572200882,0,0,682,259,13,1539,15,996,6,15
"509","2020-05-27",19,6,55,59,7029,0.952482572200882,0,0,682,259,12,1551,11,1007,9,11
"510","2020-05-28",20,6,48,53,7029,0.952482572200882,0,0,682,259,16,1567,8,1015,5,8
"511","2020-05-29",22,6,47,49,7029,0.952482572200882,0,0,682,259,16,1583,17,1032,11,17
"512","2020-05-30",21,6,43,49,7029,0.952482572200882,0,0,682,259,17,1600,17,1049,9,17
"513","2020-05-31",23,6,39,41,7029,0.952482572200882,0,0,682,259,10,1610,8,1057,7,8
"514","2020-06-01",23,6,31,37,7029,0.952482572200882,0,0,682,259,12,1622,7,1064,7,7
"515","2020-06-02",19,6,35,34,7029,0.952482572200882,0,0,682,259,15,1637,8,1072,9,8
"516","2020-06-03",16,6,40,31,7029,0.952482572200882,0,0,682,259,15,1652,5,1077,13,5
"517","2020-06-04",13,6,49,27,7029,0.952482572200882,0,0,682,259,6,1658,7,1084,5,7
"518","2020-06-05",11,6,45,21,7029,0.952482572200882,0,0,682,259,11,1669,9,1093,7,9
"519","2020-06-06",8,6,43,18,7029,0.952482572200882,0,0,682,259,14,1683,7,1100,8,7
"520","2020-06-07",6,6,36,16,7029,0.952482572200882,0,0,682,259,17,1700,7,1107,8,7
"521","2020-03-14",2,7,15,37,2182,0.497250229147571,0,0,228,119,4,17,7,28,2,7
"522","2020-03-15",3,7,14,51,2182,0.497250229147571,0,0,228,119,10,27,4,32,3,4
"523","2020-03-16",3,7,19,60,2182,0.497250229147571,0,0,228,119,8,35,11,43,5,11
"524","2020-03-17",4,7,19,69,2182,0.497250229147571,0,0,228,119,9,44,7,50,8,7
"525","2020-03-18",8,7,20,78,2182,0.497250229147571,0,0,228,119,7,51,12,62,5,12
"526","2020-03-19",11,7,19,92,2182,0.497250229147571,0,0,228,119,11,62,8,70,8,8
"527","2020-03-20",14,7,22,111,2182,0.497250229147571,0,0,228,119,11,73,3,73,8,3
"528","2020-03-21",14,7,19,134,2182,0.497250229147571,0,0,228,119,7,80,13,86,5,13
"529","2020-03-22",19,7,12,147,2182,0.497250229147571,0,0,228,119,12,92,10,96,9,10
"530","2020-03-23",30,7,10,161,2182,0.497250229147571,0,0,228,119,5,97,8,104,3,8
"531","2020-03-24",41,7,9,171,2182,0.497250229147571,0,0,228,119,11,108,3,107,8,3
"532","2020-03-25",43,7,12,183,2182,0.497250229147571,0,0,228,119,16,124,4,111,11,4
"533","2020-03-26",48,7,18,189,2182,0.497250229147571,0,0,228,119,14,138,14,125,9,14
"534","2020-03-27",50,7,23,206,2182,0.497250229147571,0,0,228,119,19,157,16,141,16,16
"535","2020-03-28",55,7,21,217,2182,0.497250229147571,0,0,228,119,12,169,13,154,11,13
"536","2020-03-29",61,7,17,204,2182,0.497250229147571,0,0,228,119,20,189,12,166,16,12
"537","2020-03-30",58,7,15,205,2182,0.497250229147571,0,0,228,119,21,210,8,174,19,8
"538","2020-03-31",55,7,19,217,2182,0.497250229147571,0,0,228,119,19,229,6,180,17,6
"539","2020-04-01",54,7,19,216,2182,0.497250229147571,0,0,228,119,20,249,21,201,13,21
"540","2020-04-02",53,7,16,212,2182,0.497250229147571,0,0,228,119,21,270,22,223,17,22
"541","2020-04-03",55,7,16,212,2182,0.497250229147571,0,0,228,119,26,296,8,231,23,8
"542","2020-04-04",60,7,15,220,2182,0.497250229147571,0,0,228,119,20,316,7,238,18,7
"543","2020-04-05",59,7,19,226,2182,0.497250229147571,0,0,228,119,24,340,21,259,20,21
"544","2020-04-06",60,7,21,229,2182,0.497250229147571,0,0,228,119,18,358,16,275,14,16
"545","2020-04-07",61,7,26,240,2182,0.497250229147571,0,0,228,119,15,373,22,297,13,22
"546","2020-04-08",59,7,32,258,2182,0.497250229147571,0,0,228,119,22,395,26,323,18,26
"547","2020-04-09",63,7,36,270,2182,0.497250229147571,0,0,228,119,25,420,31,354,18,31
"548","2020-04-10",65,7,33,268,2182,0.497250229147571,0,0,228,119,21,441,20,374,16,20
"549","2020-04-11",64,7,32,269,2182,0.497250229147571,0,0,228,119,17,458,9,383,12,9
"550","2020-04-12",68,7,40,278,2182,0.497250229147571,0,0,228,119,19,477,9,392,12,9
"551","2020-04-13",72,7,43,282,2182,0.497250229147571,0,0,228,119,23,500,4,396,19,4
"552","2020-04-14",72,7,42,288,2182,0.497250229147571,0,0,228,119,18,518,6,402,13,6
"553","2020-04-15",81,7,36,306,2182,0.497250229147571,0,0,228,119,20,538,13,415,19,13
"554","2020-04-16",83,7,35,304,2182,0.497250229147571,0,0,228,119,21,559,14,429,19,14
"555","2020-04-17",87,7,31,306,2182,0.497250229147571,0,0,228,119,17,576,10,439,11,10
"556","2020-04-18",86,7,32,312,2182,0.497250229147571,0,0,228,119,17,593,1,440,15,1
"557","2020-04-19",83,7,31,328,2182,0.497250229147571,0,0,228,119,29,622,4,444,24,4
"558","2020-04-20",87,7,38,322,2182,0.497250229147571,0,0,228,119,29,651,2,446,22,2
"559","2020-04-21",89,7,39,338,2182,0.497250229147571,0,0,228,119,19,670,14,460,11,14
"560","2020-04-22",91,7,36,345,2182,0.497250229147571,0,0,228,119,28,698,5,465,24,5
"561","2020-04-23",91,7,30,359,2182,0.497250229147571,0,0,228,119,20,718,4,469,15,4
"562","2020-04-24",91,7,28,370,2182,0.497250229147571,0,0,228,119,32,750,4,473,22,4
"563","2020-04-25",98,7,22,383,2182,0.497250229147571,0,0,228,119,32,782,3,476,29,3
"564","2020-04-26",98,7,22,389,2182,0.497250229147571,0,0,228,119,18,800,7,483,17,7
"565","2020-04-27",95,7,19,372,2182,0.497250229147571,0,0,228,119,36,836,15,498,35,15
"566","2020-04-28",96,7,23,374,2182,0.497250229147571,0,0,228,119,20,856,8,506,16,8
"567","2020-04-29",93,7,29,385,2182,0.497250229147571,0,0,228,119,25,881,10,516,16,10
"568","2020-04-30",92,7,26,386,2182,0.497250229147571,0,0,228,119,30,911,11,527,26,11
"569","2020-05-01",95,7,35,390,2182,0.497250229147571,0,0,228,119,32,943,7,534,25,7
"570","2020-05-02",102,7,38,381,2182,0.497250229147571,0,0,228,119,19,962,15,549,18,15
"571","2020-05-03",100,7,42,372,2182,0.497250229147571,0,0,228,119,35,997,7,556,29,7
"572","2020-05-04",104,7,44,354,2182,0.497250229147571,0,0,228,119,28,1025,7,563,25,7
"573","2020-05-05",111,7,44,349,2182,0.497250229147571,0,0,228,119,37,1062,3,566,33,3
"574","2020-05-06",107,7,37,340,2182,0.497250229147571,0,0,228,119,28,1090,9,575,24,9
"575","2020-05-07",107,7,36,336,2182,0.497250229147571,0,0,228,119,25,1115,3,578,19,3
"576","2020-05-08",101,7,35,337,2182,0.497250229147571,0,0,228,119,33,1148,8,586,31,8
"577","2020-05-09",100,7,44,329,2182,0.497250229147571,0,0,228,119,43,1191,13,599,36,13
"578","2020-05-10",101,7,38,333,2182,0.497250229147571,0,0,228,119,28,1219,12,611,26,12
"579","2020-05-11",99,7,28,341,2182,0.497250229147571,0,0,228,119,21,1240,11,622,18,11
"580","2020-05-12",96,7,25,338,2182,0.497250229147571,0,0,228,119,26,1266,15,637,23,15
"581","2020-05-13",101,7,28,331,2182,0.497250229147571,0,0,228,119,18,1284,14,651,16,14
"582","2020-05-14",103,7,24,323,2182,0.497250229147571,0,0,228,119,35,1319,14,665,30,14
"583","2020-05-15",101,7,27,320,2182,0.497250229147571,0,0,228,119,29,1348,11,676,26,11
"584","2020-05-16",96,7,26,318,2182,0.497250229147571,0,0,228,119,12,1360,33,709,9,33
"585","2020-05-17",95,7,21,321,2182,0.497250229147571,0,0,228,119,27,1387,27,736,25,27
"586","2020-05-18",93,7,21,319,2182,0.497250229147571,0,0,228,119,33,1420,13,749,26,13
"587","2020-05-19",90,7,21,309,2182,0.497250229147571,0,0,228,119,29,1449,8,757,23,8
"588","2020-05-20",92,7,22,298,2182,0.497250229147571,0,0,228,119,34,1483,3,760,31,3
"589","2020-05-21",88,7,18,284,2182,0.497250229147571,0,0,228,119,24,1507,4,764,22,4
"590","2020-05-22",96,7,15,294,2182,0.497250229147571,0,0,228,119,26,1533,6,770,24,6
"591","2020-05-23",91,7,12,283,2182,0.497250229147571,0,0,228,119,33,1566,10,780,27,10
"592","2020-05-24",91,7,15,279,2182,0.497250229147571,0,0,228,119,33,1599,6,786,30,6
"593","2020-05-25",88,7,12,271,2182,0.497250229147571,0,0,228,119,23,1622,10,796,18,10
"594","2020-05-26",90,7,14,262,2182,0.497250229147571,0,0,228,119,28,1650,7,803,25,7
"595","2020-05-27",87,7,17,252,2182,0.497250229147571,0,0,228,119,31,1681,14,817,29,14
"596","2020-05-28",87,7,23,248,2182,0.497250229147571,0,0,228,119,34,1715,13,830,31,13
"597","2020-05-29",78,7,28,247,2182,0.497250229147571,0,0,228,119,33,1748,6,836,29,6
"598","2020-05-30",81,7,36,241,2182,0.497250229147571,0,0,228,119,32,1780,10,846,30,10
"599","2020-05-31",79,7,27,237,2182,0.497250229147571,0,0,228,119,29,1809,8,854,28,8
"600","2020-06-01",79,7,25,218,2182,0.497250229147571,0,0,228,119,30,1839,9,863,30,9
"601","2020-06-02",73,7,15,205,2182,0.497250229147571,0,0,228,119,30,1869,4,867,29,4
"602","2020-06-03",70,7,18,212,2182,0.497250229147571,0,0,228,119,26,1895,3,870,25,3
"603","2020-06-04",76,7,19,200,2182,0.497250229147571,0,0,228,119,22,1917,7,877,20,7
"604","2020-06-05",77,7,14,191,2182,0.497250229147571,0,0,228,119,24,1941,3,880,24,3
"605","2020-06-06",66,7,9,188,2182,0.497250229147571,0,0,228,119,18,1959,7,887,17,7
"606","2020-06-07",67,7,12,179,2182,0.497250229147571,0,0,228,119,36,1995,7,894,36,7
"607","2020-03-12",1,8,20,9,2230,0.621076233183857,0,0,182,435,7,18,6,13,NA,6
"608","2020-03-13",1,8,22,18,2230,0.621076233183857,0,0,182,435,4,22,7,20,NA,7
"609","2020-03-14",1,8,35,27,2230,0.621076233183857,0,0,182,435,14,36,4,24,6,4
"610","2020-03-15",3,8,37,41,2230,0.621076233183857,0,0,182,435,10,46,6,30,3,6
"611","2020-03-16",4,8,40,52,2230,0.621076233183857,0,0,182,435,8,54,3,33,3,3
"612","2020-03-17",5,8,45,61,2230,0.621076233183857,0,0,182,435,18,72,7,40,9,7
"613","2020-03-18",6,8,57,76,2230,0.621076233183857,0,0,182,435,10,82,6,46,5,6
"614","2020-03-19",9,8,53,84,2230,0.621076233183857,0,0,182,435,16,98,3,49,12,3
"615","2020-03-20",15,8,50,99,2230,0.621076233183857,0,0,182,435,10,108,3,52,5,3
"616","2020-03-21",18,8,52,114,2230,0.621076233183857,0,0,182,435,13,121,5,57,9,5
"617","2020-03-22",22,8,53,132,2230,0.621076233183857,0,0,182,435,16,137,4,61,8,4
"618","2020-03-23",24,8,60,158,2230,0.621076233183857,0,0,182,435,20,157,NA,NA,12,NA
"619","2020-03-24",29,8,72,180,2230,0.621076233183857,0,0,182,435,24,181,3,64,17,3
"620","2020-03-25",30,8,76,189,2230,0.621076233183857,0,0,182,435,19,200,4,68,11,4
"621","2020-03-26",31,8,84,201,2230,0.621076233183857,0,0,182,435,19,219,3,71,11,3
"622","2020-03-27",33,8,83,201,2230,0.621076233183857,0,0,182,435,18,237,4,75,15,4
"623","2020-03-28",42,8,93,222,2230,0.621076233183857,0,0,182,435,22,259,5,80,15,5
"624","2020-03-29",42,8,97,233,2230,0.621076233183857,0,0,182,435,25,284,8,88,19,8
"625","2020-03-30",52,8,99,254,2230,0.621076233183857,0,0,182,435,25,309,4,92,18,4
"626","2020-03-31",56,8,108,276,2230,0.621076233183857,0,0,182,435,24,333,10,102,14,10
"627","2020-04-01",63,8,124,292,2230,0.621076233183857,0,0,182,435,15,348,13,115,12,13
"628","2020-04-02",65,8,117,314,2230,0.621076233183857,0,0,182,435,19,367,8,123,12,8
"629","2020-04-03",67,8,118,316,2230,0.621076233183857,0,0,182,435,24,391,8,131,20,8
"630","2020-04-04",68,8,133,336,2230,0.621076233183857,0,0,182,435,24,415,7,138,16,7
"631","2020-04-05",76,8,125,347,2230,0.621076233183857,0,0,182,435,15,430,10,148,5,10
"632","2020-04-06",83,8,131,339,2230,0.621076233183857,0,0,182,435,12,442,11,159,11,11
"633","2020-04-07",82,8,140,331,2230,0.621076233183857,0,0,182,435,18,460,7,166,13,7
"634","2020-04-08",81,8,146,341,2230,0.621076233183857,0,0,182,435,17,477,7,173,13,7
"635","2020-04-09",87,8,150,366,2230,0.621076233183857,0,0,182,435,14,491,14,187,9,14
"636","2020-04-10",94,8,165,385,2230,0.621076233183857,0,0,182,435,22,513,5,192,11,5
"637","2020-04-11",97,8,162,376,2230,0.621076233183857,0,0,182,435,21,534,4,196,9,4
"638","2020-04-12",99,8,167,379,2230,0.621076233183857,0,0,182,435,22,556,11,207,15,11
"639","2020-04-13",93,8,169,378,2230,0.621076233183857,0,0,182,435,20,576,5,212,11,5
"640","2020-04-14",97,8,160,366,2230,0.621076233183857,0,0,182,435,11,587,16,228,6,16
"641","2020-04-15",111,8,166,372,2230,0.621076233183857,0,0,182,435,23,610,6,234,17,6
"642","2020-04-16",117,8,163,360,2230,0.621076233183857,0,0,182,435,17,627,15,249,10,15
"643","2020-04-17",111,8,169,359,2230,0.621076233183857,0,0,182,435,17,644,10,259,6,10
"644","2020-04-18",111,8,168,363,2230,0.621076233183857,0,0,182,435,17,661,6,265,7,6
"645","2020-04-19",115,8,172,362,2230,0.621076233183857,0,0,182,435,17,678,6,271,11,6
"646","2020-04-20",119,8,180,360,2230,0.621076233183857,0,0,182,435,16,694,14,285,6,14
"647","2020-04-21",120,8,177,344,2230,0.621076233183857,0,0,182,435,11,705,6,291,6,6
"648","2020-04-22",110,8,184,353,2230,0.621076233183857,0,0,182,435,12,717,7,298,8,7
"649","2020-04-23",109,8,204,347,2230,0.621076233183857,0,0,182,435,22,739,11,309,12,11
"650","2020-04-24",112,8,210,340,2230,0.621076233183857,0,0,182,435,15,754,9,318,9,9
"651","2020-04-25",105,8,194,327,2230,0.621076233183857,0,0,182,435,14,768,6,324,8,6
"652","2020-04-26",101,8,179,318,2230,0.621076233183857,0,0,182,435,9,777,15,339,4,15
"653","2020-04-27",94,8,178,332,2230,0.621076233183857,0,0,182,435,16,793,13,352,5,13
"654","2020-04-28",95,8,181,338,2230,0.621076233183857,0,0,182,435,18,811,7,359,8,7
"655","2020-04-29",94,8,188,339,2230,0.621076233183857,0,0,182,435,23,834,8,367,12,8
"656","2020-04-30",98,8,175,343,2230,0.621076233183857,0,0,182,435,17,851,5,372,6,5
"657","2020-05-01",101,8,176,343,2230,0.621076233183857,0,0,182,435,19,870,6,378,7,6
"658","2020-05-02",100,8,166,324,2230,0.621076233183857,0,0,182,435,12,882,9,387,4,9
"659","2020-05-03",96,8,172,326,2230,0.621076233183857,0,0,182,435,18,900,10,397,6,10
"660","2020-05-04",103,8,152,332,2230,0.621076233183857,0,0,182,435,17,917,2,399,6,2
"661","2020-05-05",98,8,178,327,2230,0.621076233183857,0,0,182,435,21,938,7,406,10,7
"662","2020-05-06",100,8,190,326,2230,0.621076233183857,0,0,182,435,19,957,11,417,5,11
"663","2020-05-07",97,8,194,323,2230,0.621076233183857,0,0,182,435,14,971,8,425,9,8
"664","2020-05-08",92,8,206,310,2230,0.621076233183857,0,0,182,435,12,983,8,433,10,8
"665","2020-05-09",97,8,210,301,2230,0.621076233183857,0,0,182,435,15,998,13,446,7,13
"666","2020-05-10",98,8,212,288,2230,0.621076233183857,0,0,182,435,16,1014,15,461,8,15
"667","2020-05-11",89,8,208,281,2230,0.621076233183857,0,0,182,435,10,1024,15,476,2,15
"668","2020-05-12",94,8,222,264,2230,0.621076233183857,0,0,182,435,15,1039,11,487,6,11
"669","2020-05-13",88,8,223,268,2230,0.621076233183857,0,0,182,435,24,1063,11,498,10,11
"670","2020-05-14",80,8,211,268,2230,0.621076233183857,0,0,182,435,15,1078,14,512,7,14
"671","2020-05-15",75,8,207,260,2230,0.621076233183857,0,0,182,435,20,1098,3,515,10,3
"672","2020-05-16",71,8,214,253,2230,0.621076233183857,0,0,182,435,11,1109,10,525,5,10
"673","2020-05-17",66,8,205,248,2230,0.621076233183857,0,0,182,435,22,1131,10,535,11,10
"674","2020-05-18",74,8,186,262,2230,0.621076233183857,0,0,182,435,6,1137,3,538,1,3
"675","2020-05-19",68,8,179,251,2230,0.621076233183857,0,0,182,435,19,1156,4,542,6,4
"676","2020-05-20",76,8,162,241,2230,0.621076233183857,0,0,182,435,14,1170,8,550,5,8
"677","2020-05-21",76,8,150,235,2230,0.621076233183857,0,0,182,435,15,1185,3,553,7,3
"678","2020-05-22",81,8,148,241,2230,0.621076233183857,0,0,182,435,18,1203,3,556,11,3
"679","2020-05-23",80,8,150,241,2230,0.621076233183857,0,0,182,435,14,1217,10,566,6,10
"680","2020-05-24",82,8,149,243,2230,0.621076233183857,0,0,182,435,13,1230,1,567,7,1
"681","2020-05-25",70,8,159,238,2230,0.621076233183857,0,0,182,435,8,1238,6,573,7,6
"682","2020-05-26",70,8,154,241,2230,0.621076233183857,0,0,182,435,11,1249,10,583,6,10
"683","2020-05-27",65,8,163,241,2230,0.621076233183857,0,0,182,435,15,1264,5,588,12,5
"684","2020-05-28",68,8,172,239,2230,0.621076233183857,0,0,182,435,6,1270,11,599,4,11
"685","2020-05-29",68,8,169,243,2230,0.621076233183857,0,0,182,435,17,1287,10,609,10,10
"686","2020-05-30",71,8,155,234,2230,0.621076233183857,0,0,182,435,6,1293,9,618,4,9
"687","2020-05-31",74,8,149,233,2230,0.621076233183857,0,0,182,435,10,1303,5,623,4,5
"688","2020-06-01",77,8,157,232,2230,0.621076233183857,0,0,182,435,14,1317,9,632,6,9
"689","2020-06-02",75,8,165,226,2230,0.621076233183857,0,0,182,435,9,1326,6,638,5,6
"690","2020-06-03",78,8,156,223,2230,0.621076233183857,0,0,182,435,12,1338,6,644,8,6
"691","2020-06-04",77,8,158,207,2230,0.621076233183857,0,0,182,435,6,1344,6,650,3,6
"692","2020-06-05",72,8,152,192,2230,0.621076233183857,0,0,182,435,9,1353,9,659,4,9
"693","2020-06-06",67,8,149,190,2230,0.621076233183857,0,0,182,435,11,1364,6,665,6,6
"694","2020-06-07",64,8,158,185,2230,0.621076233183857,0,0,182,435,9,1373,11,676,8,11
"695","2020-03-17",1,9,30,50,6501,0.984002461159822,0,0,571,198,9,31,5,30,4,5
"696","2020-03-18",3,9,37,69,6501,0.984002461159822,0,0,571,198,10,41,4,34,7,4
"697","2020-03-19",5,9,44,93,6501,0.984002461159822,0,0,571,198,5,46,10,44,5,10
"698","2020-03-20",8,9,40,115,6501,0.984002461159822,0,0,571,198,12,58,12,56,10,12
"699","2020-03-21",10,9,40,145,6501,0.984002461159822,0,0,571,198,12,70,8,64,12,8
"700","2020-03-22",18,9,31,180,6501,0.984002461159822,0,0,571,198,18,88,6,70,15,6
"701","2020-03-23",23,9,40,213,6501,0.984002461159822,0,0,571,198,27,115,9,79,23,9
"702","2020-03-24",28,9,38,260,6501,0.984002461159822,0,0,571,198,15,130,8,87,15,8
"703","2020-03-25",37,9,35,291,6501,0.984002461159822,0,0,571,198,27,157,13,100,27,13
"704","2020-03-26",48,9,30,350,6501,0.984002461159822,0,0,571,198,26,183,15,115,22,15
"705","2020-03-27",55,9,36,407,6501,0.984002461159822,0,0,571,198,22,205,15,130,22,15
"706","2020-03-28",69,9,35,456,6501,0.984002461159822,0,0,571,198,28,233,12,142,28,12
"707","2020-03-29",79,9,33,527,6501,0.984002461159822,0,0,571,198,27,260,16,158,26,16
"708","2020-03-30",94,9,33,591,6501,0.984002461159822,0,0,571,198,36,296,15,173,34,15
"709","2020-03-31",110,9,38,692,6501,0.984002461159822,0,0,571,198,26,322,4,177,25,4
"710","2020-04-01",125,9,41,796,6501,0.984002461159822,0,0,571,198,39,361,5,182,37,5
"711","2020-04-02",145,9,49,871,6501,0.984002461159822,0,0,571,198,39,400,3,185,38,3
"712","2020-04-03",173,9,42,977,6501,0.984002461159822,0,0,571,198,45,445,5,190,44,5
"713","2020-04-04",199,9,39,1088,6501,0.984002461159822,0,0,571,198,36,481,4,194,33,4
"714","2020-04-05",232,9,42,1197,6501,0.984002461159822,0,0,571,198,39,520,20,214,37,20
"715","2020-04-06",243,9,48,1301,6501,0.984002461159822,0,0,571,198,56,576,15,229,55,15
"716","2020-04-07",280,9,56,1418,6501,0.984002461159822,0,0,571,198,73,649,14,243,70,14
"717","2020-04-08",318,9,56,1526,6501,0.984002461159822,0,0,571,198,52,701,21,264,51,21
"718","2020-04-09",337,9,55,1635,6501,0.984002461159822,0,0,571,198,45,746,13,277,45,13
"719","2020-04-10",368,9,62,1773,6501,0.984002461159822,0,0,571,198,48,794,16,293,45,16
"720","2020-04-11",389,9,61,1874,6501,0.984002461159822,0,0,571,198,48,842,12,305,45,12
"721","2020-04-12",415,9,66,1957,6501,0.984002461159822,0,0,571,198,43,885,5,310,38,5
"722","2020-04-13",463,9,60,2097,6501,0.984002461159822,0,0,571,198,53,938,5,315,51,5
"723","2020-04-14",483,9,58,2167,6501,0.984002461159822,0,0,571,198,78,1016,4,319,75,4
"724","2020-04-15",494,9,47,2212,6501,0.984002461159822,0,0,571,198,54,1070,2,321,54,2
"725","2020-04-16",541,9,40,2272,6501,0.984002461159822,0,0,571,198,61,1131,4,325,59,4
"726","2020-04-17",573,9,39,2313,6501,0.984002461159822,0,0,571,198,44,1175,4,329,42,4
"727","2020-04-18",611,9,50,2329,6501,0.984002461159822,0,0,571,198,72,1247,15,344,70,15
"728","2020-04-19",643,9,46,2288,6501,0.984002461159822,0,0,571,198,68,1315,29,373,68,29
"729","2020-04-20",668,9,40,2305,6501,0.984002461159822,0,0,571,198,62,1377,7,380,61,7
"730","2020-04-21",679,9,41,2302,6501,0.984002461159822,0,0,571,198,68,1445,15,395,66,15
"731","2020-04-22",698,9,34,2210,6501,0.984002461159822,0,0,571,198,83,1528,16,411,83,16
"732","2020-04-23",698,9,44,2118,6501,0.984002461159822,0,0,571,198,76,1604,10,421,73,10
"733","2020-04-24",691,9,38,2040,6501,0.984002461159822,0,0,571,198,64,1668,12,433,63,12
"734","2020-04-25",681,9,36,1931,6501,0.984002461159822,0,0,571,198,86,1754,24,457,85,24
"735","2020-04-26",646,9,39,1817,6501,0.984002461159822,0,0,571,198,86,1840,11,468,82,11
"736","2020-04-27",626,9,51,1672,6501,0.984002461159822,0,0,571,198,55,1895,24,492,55,24
"737","2020-04-28",608,9,53,1562,6501,0.984002461159822,0,0,571,198,85,1980,18,510,81,18
"738","2020-04-29",564,9,50,1447,6501,0.984002461159822,0,0,571,198,58,2038,9,519,55,9
"739","2020-04-30",526,9,58,1329,6501,0.984002461159822,0,0,571,198,71,2109,4,523,70,4
"740","2020-05-01",494,9,61,1213,6501,0.984002461159822,0,0,571,198,85,2194,4,527,82,4
"741","2020-05-02",455,9,65,1097,6501,0.984002461159822,0,0,571,198,67,2261,10,537,67,10
"742","2020-05-03",423,9,56,998,6501,0.984002461159822,0,0,571,198,76,2337,6,543,75,6
"743","2020-05-04",373,9,73,894,6501,0.984002461159822,0,0,571,198,84,2421,5,548,83,5
"744","2020-05-05",326,9,76,801,6501,0.984002461159822,0,0,571,198,53,2474,26,574,53,26
"745","2020-05-06",306,9,72,725,6501,0.984002461159822,0,0,571,198,71,2545,12,586,67,12
"746","2020-05-07",281,9,61,645,6501,0.984002461159822,0,0,571,198,59,2604,13,599,57,13
"747","2020-05-08",246,9,59,598,6501,0.984002461159822,0,0,571,198,67,2671,9,608,66,9
"748","2020-05-09",220,9,70,538,6501,0.984002461159822,0,0,571,198,67,2738,19,627,66,19
"749","2020-05-10",199,9,66,490,6501,0.984002461159822,0,0,571,198,54,2792,7,634,53,7
"750","2020-05-11",186,9,63,454,6501,0.984002461159822,0,0,571,198,54,2846,10,644,52,10
"751","2020-05-12",187,9,71,398,6501,0.984002461159822,0,0,571,198,56,2902,11,655,53,11
"752","2020-05-13",174,9,83,359,6501,0.984002461159822,0,0,571,198,65,2967,16,671,64,16
"753","2020-05-14",150,9,88,321,6501,0.984002461159822,0,0,571,198,76,3043,21,692,75,21
"754","2020-05-15",133,9,90,290,6501,0.984002461159822,0,0,571,198,61,3104,10,702,61,10
"755","2020-05-16",114,9,94,269,6501,0.984002461159822,0,0,571,198,49,3153,19,721,49,19
"756","2020-05-17",102,9,93,245,6501,0.984002461159822,0,0,571,198,39,3192,18,739,36,18
"757","2020-05-18",89,9,84,220,6501,0.984002461159822,0,0,571,198,58,3250,20,759,56,20
"758","2020-05-19",70,9,76,181,6501,0.984002461159822,0,0,571,198,53,3303,18,777,51,18
"759","2020-05-20",61,9,67,157,6501,0.984002461159822,0,0,571,198,44,3347,6,783,43,6
"760","2020-05-21",57,9,68,141,6501,0.984002461159822,0,0,571,198,45,3392,24,807,43,24
"761","2020-05-22",50,9,72,122,6501,0.984002461159822,0,0,571,198,35,3427,14,821,35,14
"762","2020-05-23",49,9,67,113,6501,0.984002461159822,0,0,571,198,47,3474,16,837,47,16
"763","2020-05-24",43,9,73,107,6501,0.984002461159822,0,0,571,198,50,3524,20,857,50,20
"764","2020-05-25",43,9,79,93,6501,0.984002461159822,0,0,571,198,45,3569,10,867,45,10
"765","2020-05-26",36,9,74,86,6501,0.984002461159822,0,0,571,198,48,3617,7,874,46,7
"766","2020-05-27",31,9,79,80,6501,0.984002461159822,0,0,571,198,57,3674,4,878,55,4
"767","2020-05-28",26,9,66,65,6501,0.984002461159822,0,0,571,198,45,3719,13,891,45,13
"768","2020-05-29",27,9,67,55,6501,0.984002461159822,0,0,571,198,31,3750,7,898,30,7
"769","2020-05-30",22,9,48,51,6501,0.984002461159822,0,0,571,198,35,3785,2,900,35,2
"770","2020-05-31",22,9,38,47,6501,0.984002461159822,0,0,571,198,45,3830,4,904,44,4
"771","2020-06-01",16,9,30,48,6501,0.984002461159822,0,0,571,198,25,3855,10,914,24,10
"772","2020-06-02",18,9,32,39,6501,0.984002461159822,0,0,571,198,32,3887,7,921,30,7
"773","2020-06-03",16,9,29,40,6501,0.984002461159822,0,0,571,198,31,3918,6,927,31,6
"774","2020-06-04",15,9,25,37,6501,0.984002461159822,0,0,571,198,25,3943,4,931,25,4
"775","2020-06-05",13,9,29,33,6501,0.984002461159822,0,0,571,198,21,3964,7,938,21,7
"776","2020-06-06",13,9,31,31,6501,0.984002461159822,0,0,571,198,24,3988,8,946,23,8
"777","2020-06-07",11,9,26,25,6501,0.984002461159822,0,0,571,198,22,4010,3,949,22,3
"778","2020-03-13",1,10,15,6,2240,0.923660714285714,0,0,216,259,9,26,3,10,1,3
"779","2020-03-14",2,10,14,6,2240,0.923660714285714,0,0,216,259,5,31,5,15,1,5
"780","2020-03-15",3,10,23,8,2240,0.923660714285714,0,0,216,259,6,37,6,21,4,6
"781","2020-03-16",3,10,27,13,2240,0.923660714285714,0,0,216,259,9,46,3,24,3,3
"782","2020-03-17",3,10,26,19,2240,0.923660714285714,0,0,216,259,12,58,5,29,3,5
"783","2020-03-18",3,10,28,22,2240,0.923660714285714,0,0,216,259,17,75,2,31,8,2
"784","2020-03-19",6,10,37,26,2240,0.923660714285714,0,0,216,259,18,93,4,35,5,4
"785","2020-03-20",5,10,42,31,2240,0.923660714285714,0,0,216,259,15,108,NA,NA,11,NA
"786","2020-03-21",6,10,40,39,2240,0.923660714285714,0,0,216,259,17,125,3,38,13,3
"787","2020-03-22",6,10,38,45,2240,0.923660714285714,0,0,216,259,17,142,3,41,11,3
"788","2020-03-23",7,10,41,52,2240,0.923660714285714,0,0,216,259,20,162,3,44,16,3
"789","2020-03-24",10,10,49,58,2240,0.923660714285714,0,0,216,259,21,183,6,50,17,6
"790","2020-03-25",12,10,44,62,2240,0.923660714285714,0,0,216,259,25,208,NA,NA,19,NA
"791","2020-03-26",12,10,45,69,2240,0.923660714285714,0,0,216,259,27,235,3,53,19,3
"792","2020-03-27",15,10,45,77,2240,0.923660714285714,0,0,216,259,28,263,5,58,21,5
"793","2020-03-28",14,10,57,82,2240,0.923660714285714,0,0,216,259,30,293,5,63,26,5
"794","2020-03-29",17,10,45,90,2240,0.923660714285714,0,0,216,259,27,320,7,70,24,7
"795","2020-03-30",19,10,44,102,2240,0.923660714285714,0,0,216,259,32,352,5,75,27,5
"796","2020-03-31",23,10,43,111,2240,0.923660714285714,0,0,216,259,19,371,7,82,14,7
"797","2020-04-01",24,10,41,133,2240,0.923660714285714,0,0,216,259,39,410,6,88,35,6
"798","2020-04-02",24,10,47,145,2240,0.923660714285714,0,0,216,259,40,450,5,93,32,5
"799","2020-04-03",28,10,45,156,2240,0.923660714285714,0,0,216,259,32,482,2,95,26,2
"800","2020-04-04",33,10,50,173,2240,0.923660714285714,0,0,216,259,39,521,5,100,27,5
"801","2020-04-05",35,10,55,182,2240,0.923660714285714,0,0,216,259,42,563,21,121,34,21
"802","2020-04-06",39,10,58,195,2240,0.923660714285714,0,0,216,259,33,596,12,133,25,12
"803","2020-04-07",38,10,69,202,2240,0.923660714285714,0,0,216,259,29,625,8,141,23,8
"804","2020-04-08",44,10,66,210,2240,0.923660714285714,0,0,216,259,48,673,5,146,38,5
"805","2020-04-09",52,10,70,224,2240,0.923660714285714,0,0,216,259,52,725,7,153,42,7
"806","2020-04-10",51,10,61,226,2240,0.923660714285714,0,0,216,259,53,778,14,167,44,14
"807","2020-04-11",57,10,62,230,2240,0.923660714285714,0,0,216,259,58,836,9,176,49,9
"808","2020-04-12",64,10,62,248,2240,0.923660714285714,0,0,216,259,67,903,7,183,57,7
"809","2020-04-13",68,10,52,257,2240,0.923660714285714,0,0,216,259,47,950,7,190,36,7
"810","2020-04-14",74,10,54,268,2240,0.923660714285714,0,0,216,259,43,993,4,194,40,4
"811","2020-04-15",79,10,45,279,2240,0.923660714285714,0,0,216,259,53,1046,11,205,41,11
"812","2020-04-16",83,10,40,287,2240,0.923660714285714,0,0,216,259,72,1118,15,220,65,15
"813","2020-04-17",85,10,28,299,2240,0.923660714285714,0,0,216,259,52,1170,12,232,46,12
"814","2020-04-18",81,10,36,312,2240,0.923660714285714,0,0,216,259,63,1233,13,245,56,13
"815","2020-04-19",80,10,40,339,2240,0.923660714285714,0,0,216,259,58,1291,13,258,49,13
"816","2020-04-20",77,10,30,363,2240,0.923660714285714,0,0,216,259,58,1349,7,265,50,7
"817","2020-04-21",84,10,48,365,2240,0.923660714285714,0,0,216,259,36,1385,6,271,29,6
"818","2020-04-22",86,10,45,378,2240,0.923660714285714,0,0,216,259,53,1438,15,286,46,15
"819","2020-04-23",82,10,36,374,2240,0.923660714285714,0,0,216,259,38,1476,19,305,34,19
"820","2020-04-24",90,10,40,384,2240,0.923660714285714,0,0,216,259,55,1531,8,313,47,8
"821","2020-04-25",94,10,40,398,2240,0.923660714285714,0,0,216,259,32,1563,4,317,26,4
"822","2020-04-26",93,10,48,406,2240,0.923660714285714,0,0,216,259,39,1602,9,326,33,9
"823","2020-04-27",100,10,41,405,2240,0.923660714285714,0,0,216,259,50,1652,6,332,40,6
"824","2020-04-28",94,10,40,409,2240,0.923660714285714,0,0,216,259,50,1702,5,337,40,5
"825","2020-04-29",92,10,52,416,2240,0.923660714285714,0,0,216,259,42,1744,10,347,34,10
"826","2020-04-30",96,10,50,416,2240,0.923660714285714,0,0,216,259,54,1798,8,355,48,8
"827","2020-05-01",97,10,48,423,2240,0.923660714285714,0,0,216,259,41,1839,6,361,33,6
"828","2020-05-02",96,10,48,435,2240,0.923660714285714,0,0,216,259,40,1879,4,365,37,4
"829","2020-05-03",103,10,50,448,2240,0.923660714285714,0,0,216,259,46,1925,3,368,38,3
"830","2020-05-04",108,10,44,443,2240,0.923660714285714,0,0,216,259,44,1969,3,371,36,3
"831","2020-05-05",114,10,53,441,2240,0.923660714285714,0,0,216,259,50,2019,8,379,40,8
"832","2020-05-06",125,10,50,440,2240,0.923660714285714,0,0,216,259,40,2059,4,383,32,4
"833","2020-05-07",125,10,53,445,2240,0.923660714285714,0,0,216,259,49,2108,9,392,45,9
"834","2020-05-08",132,10,57,429,2240,0.923660714285714,0,0,216,259,55,2163,6,398,48,6
"835","2020-05-09",135,10,73,448,2240,0.923660714285714,0,0,216,259,50,2213,20,418,42,20
"836","2020-05-10",134,10,69,446,2240,0.923660714285714,0,0,216,259,48,2261,21,439,40,21
"837","2020-05-11",136,10,63,449,2240,0.923660714285714,0,0,216,259,53,2314,13,452,46,13
"838","2020-05-12",131,10,62,448,2240,0.923660714285714,0,0,216,259,35,2349,11,463,34,11
"839","2020-05-13",124,10,61,457,2240,0.923660714285714,0,0,216,259,35,2384,7,470,26,7
"840","2020-05-14",125,10,64,438,2240,0.923660714285714,0,0,216,259,42,2426,5,475,38,5
"841","2020-05-15",127,10,80,436,2240,0.923660714285714,0,0,216,259,37,2463,9,484,34,9
"842","2020-05-16",130,10,83,428,2240,0.923660714285714,0,0,216,259,39,2502,7,491,34,7
"843","2020-05-17",131,10,70,416,2240,0.923660714285714,0,0,216,259,34,2536,8,499,28,8
"844","2020-05-18",126,10,71,403,2240,0.923660714285714,0,0,216,259,37,2573,8,507,31,8
"845","2020-05-19",136,10,60,396,2240,0.923660714285714,0,0,216,259,33,2606,8,515,27,8
"846","2020-05-20",138,10,68,381,2240,0.923660714285714,0,0,216,259,34,2640,7,522,31,7
"847","2020-05-21",136,10,69,369,2240,0.923660714285714,0,0,216,259,43,2683,8,530,38,8
"848","2020-05-22",126,10,79,346,2240,0.923660714285714,0,0,216,259,26,2709,3,533,19,3
"849","2020-05-23",132,10,75,323,2240,0.923660714285714,0,0,216,259,40,2749,6,539,36,6
"850","2020-05-24",130,10,70,302,2240,0.923660714285714,0,0,216,259,29,2778,4,543,27,4
"851","2020-05-25",118,10,67,298,2240,0.923660714285714,0,0,216,259,32,2810,7,550,28,7
"852","2020-05-26",108,10,73,281,2240,0.923660714285714,0,0,216,259,34,2844,9,559,30,9
"853","2020-05-27",104,10,63,271,2240,0.923660714285714,0,0,216,259,29,2873,6,565,21,6
"854","2020-05-28",100,10,55,263,2240,0.923660714285714,0,0,216,259,27,2900,10,575,21,10
"855","2020-05-29",94,10,59,259,2240,0.923660714285714,0,0,216,259,32,2932,14,589,27,14
"856","2020-05-30",84,10,51,263,2240,0.923660714285714,0,0,216,259,32,2964,7,596,30,7
"857","2020-05-31",76,10,54,253,2240,0.923660714285714,0,0,216,259,28,2992,8,604,23,8
"858","2020-06-01",83,10,48,256,2240,0.923660714285714,0,0,216,259,24,3016,8,612,19,8
"859","2020-06-02",80,10,45,237,2240,0.923660714285714,0,0,216,259,30,3046,6,618,26,6
"860","2020-06-03",73,10,42,238,2240,0.923660714285714,0,0,216,259,16,3062,7,625,15,7
"861","2020-06-04",72,10,37,217,2240,0.923660714285714,0,0,216,259,21,3083,8,633,20,8
"862","2020-06-05",71,10,38,216,2240,0.923660714285714,0,0,216,259,18,3101,12,645,16,12
"863","2020-06-06",69,10,34,206,2240,0.923660714285714,0,0,216,259,19,3120,15,660,18,15
"864","2020-06-07",64,10,37,205,2240,0.923660714285714,0,0,216,259,18,3138,5,665,16,5
"865","2020-03-14",1,11,31,43,3055,0.77152209492635,0,0,291,243,18,57,11,30,3,11
"866","2020-03-15",3,11,34,52,3055,0.77152209492635,0,0,291,243,11,68,6,36,2,6
"867","2020-03-16",4,11,36,66,3055,0.77152209492635,0,0,291,243,9,77,9,45,2,9
"868","2020-03-17",8,11,30,90,3055,0.77152209492635,0,0,291,243,16,93,16,61,5,16
"869","2020-03-18",12,11,29,107,3055,0.77152209492635,0,0,291,243,20,113,8,69,7,8
"870","2020-03-19",15,11,27,122,3055,0.77152209492635,0,0,291,243,24,137,13,82,12,13
"871","2020-03-20",21,11,29,147,3055,0.77152209492635,0,0,291,243,22,159,16,98,12,16
"872","2020-03-21",23,11,25,170,3055,0.77152209492635,0,0,291,243,15,174,23,121,7,23
"873","2020-03-22",25,11,24,194,3055,0.77152209492635,0,0,291,243,21,195,19,140,12,19
"874","2020-03-23",31,11,32,222,3055,0.77152209492635,0,0,291,243,29,224,15,155,20,15
"875","2020-03-24",32,11,26,246,3055,0.77152209492635,0,0,291,243,29,253,15,170,15,15
"876","2020-03-25",37,11,27,274,3055,0.77152209492635,0,0,291,243,26,279,8,178,12,8
"877","2020-03-26",45,11,30,310,3055,0.77152209492635,0,0,291,243,19,298,23,201,5,23
"878","2020-03-27",48,11,38,334,3055,0.77152209492635,0,0,291,243,23,321,9,210,12,9
"879","2020-03-28",60,11,43,356,3055,0.77152209492635,0,0,291,243,24,345,30,240,18,30
"880","2020-03-29",69,11,45,365,3055,0.77152209492635,0,0,291,243,25,370,24,264,16,24
"881","2020-03-30",85,11,44,390,3055,0.77152209492635,0,0,291,243,24,394,33,297,13,33
"882","2020-03-31",94,11,47,415,3055,0.77152209492635,0,0,291,243,28,422,17,314,15,17
"883","2020-04-01",105,11,48,455,3055,0.77152209492635,0,0,291,243,19,441,20,334,12,20
"884","2020-04-02",113,11,45,467,3055,0.77152209492635,0,0,291,243,38,479,26,360,26,26
"885","2020-04-03",126,11,51,464,3055,0.77152209492635,0,0,291,243,34,513,23,383,25,23
"886","2020-04-04",131,11,58,480,3055,0.77152209492635,0,0,291,243,28,541,36,419,15,36
"887","2020-04-05",131,11,48,483,3055,0.77152209492635,0,0,291,243,30,571,33,452,18,33
"888","2020-04-06",122,11,44,481,3055,0.77152209492635,0,0,291,243,30,601,30,482,20,30
"889","2020-04-07",135,11,46,470,3055,0.77152209492635,0,0,291,243,35,636,29,511,21,29
"890","2020-04-08",137,11,39,480,3055,0.77152209492635,0,0,291,243,28,664,20,531,19,20
"891","2020-04-09",137,11,39,507,3055,0.77152209492635,0,0,291,243,41,705,25,556,20,25
"892","2020-04-10",131,11,34,504,3055,0.77152209492635,0,0,291,243,49,754,24,580,28,24
"893","2020-04-11",136,11,34,501,3055,0.77152209492635,0,0,291,243,31,785,27,607,16,27
"894","2020-04-12",145,11,49,500,3055,0.77152209492635,0,0,291,243,36,821,19,626,21,19
"895","2020-04-13",155,11,61,518,3055,0.77152209492635,0,0,291,243,33,854,27,653,24,27
"896","2020-04-14",152,11,62,540,3055,0.77152209492635,0,0,291,243,35,889,38,691,13,38
"897","2020-04-15",154,11,61,559,3055,0.77152209492635,0,0,291,243,21,910,28,719,14,28
"898","2020-04-16",145,11,61,572,3055,0.77152209492635,0,0,291,243,30,940,36,755,18,36
"899","2020-04-17",153,11,52,571,3055,0.77152209492635,0,0,291,243,33,973,27,782,19,27
"900","2020-04-18",144,11,39,557,3055,0.77152209492635,0,0,291,243,43,1016,35,817,29,35
"901","2020-04-19",144,11,44,570,3055,0.77152209492635,0,0,291,243,45,1061,25,842,30,25
"902","2020-04-20",146,11,32,577,3055,0.77152209492635,0,0,291,243,37,1098,22,864,20,22
"903","2020-04-21",143,11,29,578,3055,0.77152209492635,0,0,291,243,25,1123,21,885,17,21
"904","2020-04-22",145,11,27,587,3055,0.77152209492635,0,0,291,243,31,1154,29,914,25,29
"905","2020-04-23",158,11,26,570,3055,0.77152209492635,0,0,291,243,44,1198,40,954,29,40
"906","2020-04-24",157,11,26,569,3055,0.77152209492635,0,0,291,243,43,1241,35,989,25,35
"907","2020-04-25",158,11,41,576,3055,0.77152209492635,0,0,291,243,39,1280,32,1021,31,32
"908","2020-04-26",153,11,39,573,3055,0.77152209492635,0,0,291,243,35,1315,40,1061,22,40
"909","2020-04-27",145,11,62,580,3055,0.77152209492635,0,0,291,243,36,1351,35,1096,25,35
"910","2020-04-28",147,11,80,564,3055,0.77152209492635,0,0,291,243,37,1388,23,1119,23,23
"911","2020-04-29",144,11,88,553,3055,0.77152209492635,0,0,291,243,24,1412,33,1152,16,33
"912","2020-04-30",146,11,88,534,3055,0.77152209492635,0,0,291,243,39,1451,31,1183,26,31
"913","2020-05-01",153,11,90,539,3055,0.77152209492635,0,0,291,243,29,1480,28,1211,22,28
"914","2020-05-02",162,11,95,537,3055,0.77152209492635,0,0,291,243,31,1511,41,1252,15,41
"915","2020-05-03",163,11,106,516,3055,0.77152209492635,0,0,291,243,41,1552,50,1302,25,50
"916","2020-05-04",163,11,108,483,3055,0.77152209492635,0,0,291,243,36,1588,37,1339,25,37
"917","2020-05-05",161,11,102,466,3055,0.77152209492635,0,0,291,243,32,1620,43,1382,28,43
"918","2020-05-06",159,11,91,456,3055,0.77152209492635,0,0,291,243,26,1646,28,1410,14,28
"919","2020-05-07",159,11,73,420,3055,0.77152209492635,0,0,291,243,25,1671,21,1431,13,21
"920","2020-05-08",148,11,85,401,3055,0.77152209492635,0,0,291,243,27,1698,32,1463,13,32
"921","2020-05-09",133,11,86,384,3055,0.77152209492635,0,0,291,243,22,1720,26,1489,17,26
"922","2020-05-10",128,11,86,366,3055,0.77152209492635,0,0,291,243,32,1752,28,1517,18,28
"923","2020-05-11",127,11,71,362,3055,0.77152209492635,0,0,291,243,29,1781,30,1547,16,30
"924","2020-05-12",128,11,65,340,3055,0.77152209492635,0,0,291,243,19,1800,29,1576,12,29
"925","2020-05-13",119,11,72,331,3055,0.77152209492635,0,0,291,243,24,1824,23,1599,17,23
"926","2020-05-14",107,11,58,330,3055,0.77152209492635,0,0,291,243,27,1851,23,1622,14,23
"927","2020-05-15",101,11,48,327,3055,0.77152209492635,0,0,291,243,18,1869,19,1641,11,19
"928","2020-05-16",101,11,50,321,3055,0.77152209492635,0,0,291,243,24,1893,29,1670,17,29
"929","2020-05-17",100,11,49,311,3055,0.77152209492635,0,0,291,243,19,1912,45,1715,10,45
"930","2020-05-18",98,11,52,299,3055,0.77152209492635,0,0,291,243,24,1936,38,1753,10,38
"931","2020-05-19",90,11,45,301,3055,0.77152209492635,0,0,291,243,19,1955,43,1796,9,43
"932","2020-05-20",90,11,39,300,3055,0.77152209492635,0,0,291,243,24,1979,50,1846,15,50
"933","2020-05-21",89,11,47,286,3055,0.77152209492635,0,0,291,243,23,2002,44,1890,15,44
"934","2020-05-22",92,11,48,283,3055,0.77152209492635,0,0,291,243,26,2028,31,1921,15,31
"935","2020-05-23",91,11,44,264,3055,0.77152209492635,0,0,291,243,30,2058,35,1956,21,35
"936","2020-05-24",95,11,54,271,3055,0.77152209492635,0,0,291,243,21,2079,41,1997,16,41
"937","2020-05-25",86,11,66,257,3055,0.77152209492635,0,0,291,243,21,2100,34,2031,15,34
"938","2020-05-26",83,11,63,259,3055,0.77152209492635,0,0,291,243,25,2125,38,2069,18,38
"939","2020-05-27",86,11,57,248,3055,0.77152209492635,0,0,291,243,16,2141,35,2104,11,35
"940","2020-05-28",84,11,54,232,3055,0.77152209492635,0,0,291,243,19,2160,53,2157,14,53
"941","2020-05-29",73,11,52,222,3055,0.77152209492635,0,0,291,243,14,2174,37,2194,8,37
"942","2020-05-30",68,11,47,224,3055,0.77152209492635,0,0,291,243,15,2189,30,2224,13,30
"943","2020-05-31",57,11,47,217,3055,0.77152209492635,0,0,291,243,21,2210,18,2242,18,18
"944","2020-06-01",59,11,52,216,3055,0.77152209492635,0,0,291,243,21,2231,31,2273,16,31
"945","2020-06-02",57,11,54,199,3055,0.77152209492635,0,0,291,243,14,2245,26,2299,11,26
"946","2020-06-03",51,11,43,198,3055,0.77152209492635,0,0,291,243,13,2258,20,2319,11,20
"947","2020-06-04",48,11,45,192,3055,0.77152209492635,0,0,291,243,8,2266,24,2343,5,24
"948","2020-06-05",57,11,35,182,3055,0.77152209492635,0,0,291,243,14,2280,21,2364,10,21
"949","2020-06-06",61,11,34,178,3055,0.77152209492635,0,0,291,243,15,2295,32,2396,11,32
"950","2020-06-07",63,11,38,170,3055,0.77152209492635,0,0,291,243,22,2317,27,2423,20,27
"951","2020-03-13",1,12,12,23,1814,0.511025358324146,0,0,151,221,4,17,6,12,NA,6
"952","2020-03-14",1,12,7,32,1814,0.511025358324146,0,0,151,221,11,28,12,24,3,12
"953","2020-03-15",1,12,12,40,1814,0.511025358324146,0,0,151,221,9,37,9,33,6,9
"954","2020-03-16",2,12,24,50,1814,0.511025358324146,0,0,151,221,9,46,4,37,5,4
"955","2020-03-17",4,12,35,59,1814,0.511025358324146,0,0,151,221,10,56,5,42,8,5
"956","2020-03-18",4,12,37,70,1814,0.511025358324146,0,0,151,221,8,64,2,44,5,2
"957","2020-03-19",6,12,45,83,1814,0.511025358324146,0,0,151,221,13,77,12,56,12,12
"958","2020-03-20",10,12,54,91,1814,0.511025358324146,0,0,151,221,9,86,5,61,5,5
"959","2020-03-21",13,12,58,102,1814,0.511025358324146,0,0,151,221,18,104,3,64,11,3
"960","2020-03-22",16,12,51,121,1814,0.511025358324146,0,0,151,221,19,123,3,67,13,3
"961","2020-03-23",23,12,54,128,1814,0.511025358324146,0,0,151,221,7,130,6,73,6,6
"962","2020-03-24",26,12,58,129,1814,0.511025358324146,0,0,151,221,12,142,2,75,9,2
"963","2020-03-25",29,12,58,146,1814,0.511025358324146,0,0,151,221,16,158,8,83,9,8
"964","2020-03-26",34,12,57,160,1814,0.511025358324146,0,0,151,221,20,178,7,90,13,7
"965","2020-03-27",37,12,57,172,1814,0.511025358324146,0,0,151,221,13,191,5,95,10,5
"966","2020-03-28",39,12,56,182,1814,0.511025358324146,0,0,151,221,22,213,1,96,19,1
"967","2020-03-29",43,12,49,192,1814,0.511025358324146,0,0,151,221,25,238,14,110,22,14
"968","2020-03-30",48,12,38,193,1814,0.511025358324146,0,0,151,221,22,260,6,116,12,6
"969","2020-03-31",55,12,48,198,1814,0.511025358324146,0,0,151,221,18,278,9,125,15,9
"970","2020-04-01",57,12,44,201,1814,0.511025358324146,0,0,151,221,28,306,10,135,25,10
"971","2020-04-02",60,12,51,212,1814,0.511025358324146,0,0,151,221,24,330,3,138,19,3
"972","2020-04-03",59,12,46,208,1814,0.511025358324146,0,0,151,221,27,357,4,142,24,4
"973","2020-04-04",64,12,43,214,1814,0.511025358324146,0,0,151,221,31,388,4,146,24,4
"974","2020-04-05",66,12,45,216,1814,0.511025358324146,0,0,151,221,32,420,3,149,29,3
"975","2020-04-06",56,12,45,238,1814,0.511025358324146,0,0,151,221,27,447,12,161,21,12
"976","2020-04-07",54,12,50,248,1814,0.511025358324146,0,0,151,221,34,481,6,167,29,6
"977","2020-04-08",62,12,49,250,1814,0.511025358324146,0,0,151,221,27,508,12,179,17,12
"978","2020-04-09",61,12,53,250,1814,0.511025358324146,0,0,151,221,35,543,5,184,31,5
"979","2020-04-10",57,12,50,246,1814,0.511025358324146,0,0,151,221,31,574,9,193,23,9
"980","2020-04-11",60,12,46,241,1814,0.511025358324146,0,0,151,221,37,611,9,202,30,9
"981","2020-04-12",61,12,44,245,1814,0.511025358324146,0,0,151,221,30,641,7,209,24,7
"982","2020-04-13",70,12,44,246,1814,0.511025358324146,0,0,151,221,29,670,11,220,22,11
"983","2020-04-14",70,12,38,245,1814,0.511025358324146,0,0,151,221,49,719,7,227,45,7
"984","2020-04-15",69,12,31,245,1814,0.511025358324146,0,0,151,221,33,752,5,232,28,5
"985","2020-04-16",75,12,32,266,1814,0.511025358324146,0,0,151,221,56,808,13,245,47,13
"986","2020-04-17",82,12,42,268,1814,0.511025358324146,0,0,151,221,34,842,9,254,30,9
"987","2020-04-18",75,12,50,273,1814,0.511025358324146,0,0,151,221,43,885,13,267,33,13
"988","2020-04-19",72,12,55,261,1814,0.511025358324146,0,0,151,221,39,924,10,277,37,10
"989","2020-04-20",68,12,54,274,1814,0.511025358324146,0,0,151,221,33,957,7,284,26,7
"990","2020-04-21",73,12,54,281,1814,0.511025358324146,0,0,151,221,42,999,12,296,33,12
"991","2020-04-22",75,12,58,283,1814,0.511025358324146,0,0,151,221,45,1044,4,300,34,4
"992","2020-04-23",72,12,68,297,1814,0.511025358324146,0,0,151,221,39,1083,17,317,32,17
"993","2020-04-24",74,12,84,297,1814,0.511025358324146,0,0,151,221,35,1118,22,339,32,22
"994","2020-04-25",84,12,88,300,1814,0.511025358324146,0,0,151,221,42,1160,7,346,35,7
"995","2020-04-26",94,12,96,300,1814,0.511025358324146,0,0,151,221,44,1204,15,361,36,15
"996","2020-04-27",99,12,81,304,1814,0.511025358324146,0,0,151,221,48,1252,23,384,37,23
"997","2020-04-28",98,12,96,302,1814,0.511025358324146,0,0,151,221,35,1287,9,393,29,9
"998","2020-04-29",98,12,90,297,1814,0.511025358324146,0,0,151,221,35,1322,22,415,30,22
"999","2020-04-30",94,12,86,296,1814,0.511025358324146,0,0,151,221,29,1351,28,443,26,28
"1000","2020-05-01",90,12,75,301,1814,0.511025358324146,0,0,151,221,51,1402,10,453,43,10
"1001","2020-05-02",88,12,87,303,1814,0.511025358324146,0,0,151,221,37,1439,11,464,30,11
"1002","2020-05-03",81,12,76,305,1814,0.511025358324146,0,0,151,221,38,1477,14,478,33,14
"1003","2020-05-04",79,12,88,298,1814,0.511025358324146,0,0,151,221,30,1507,2,480,26,2
"1004","2020-05-05",74,12,88,295,1814,0.511025358324146,0,0,151,221,49,1556,6,486,44,6
"1005","2020-05-06",75,12,89,293,1814,0.511025358324146,0,0,151,221,48,1604,17,503,43,17
"1006","2020-05-07",86,12,82,278,1814,0.511025358324146,0,0,151,221,37,1641,9,512,33,9
"1007","2020-05-08",86,12,87,273,1814,0.511025358324146,0,0,151,221,35,1676,17,529,31,17
"1008","2020-05-09",80,12,87,288,1814,0.511025358324146,0,0,151,221,50,1726,4,533,45,4
"1009","2020-05-10",83,12,91,279,1814,0.511025358324146,0,0,151,221,37,1763,9,542,31,9
"1010","2020-05-11",80,12,93,295,1814,0.511025358324146,0,0,151,221,31,1794,6,548,28,6
"1011","2020-05-12",86,12,93,277,1814,0.511025358324146,0,0,151,221,37,1831,14,562,29,14
"1012","2020-05-13",79,12,94,273,1814,0.511025358324146,0,0,151,221,36,1867,8,570,28,8
"1013","2020-05-14",67,12,97,268,1814,0.511025358324146,0,0,151,221,28,1895,9,579,23,9
"1014","2020-05-15",77,12,96,259,1814,0.511025358324146,0,0,151,221,49,1944,12,591,44,12
"1015","2020-05-16",78,12,91,254,1814,0.511025358324146,0,0,151,221,34,1978,7,598,31,7
"1016","2020-05-17",76,12,91,251,1814,0.511025358324146,0,0,151,221,26,2004,2,600,19,2
"1017","2020-05-18",83,12,92,242,1814,0.511025358324146,0,0,151,221,31,2035,9,609,27,9
"1018","2020-05-19",76,12,88,253,1814,0.511025358324146,0,0,151,221,40,2075,7,616,38,7
"1019","2020-05-20",80,12,86,243,1814,0.511025358324146,0,0,151,221,36,2111,6,622,31,6
"1020","2020-05-21",84,12,93,227,1814,0.511025358324146,0,0,151,221,38,2149,7,629,33,7
"1021","2020-05-22",79,12,95,219,1814,0.511025358324146,0,0,151,221,18,2167,5,634,18,5
"1022","2020-05-23",79,12,90,201,1814,0.511025358324146,0,0,151,221,33,2200,6,640,27,6
"1023","2020-05-24",78,12,85,192,1814,0.511025358324146,0,0,151,221,22,2222,9,649,19,9
"1024","2020-05-25",69,12,84,197,1814,0.511025358324146,0,0,151,221,18,2240,6,655,15,6
"1025","2020-05-26",69,12,76,202,1814,0.511025358324146,0,0,151,221,23,2263,7,662,18,7
"1026","2020-05-27",62,12,66,195,1814,0.511025358324146,0,0,151,221,17,2280,11,673,13,11
"1027","2020-05-28",62,12,56,190,1814,0.511025358324146,0,0,151,221,23,2303,17,690,17,17
"1028","2020-05-29",54,12,54,184,1814,0.511025358324146,0,0,151,221,18,2321,2,692,15,2
"1029","2020-05-30",52,12,54,177,1814,0.511025358324146,0,0,151,221,18,2339,13,705,16,13
"1030","2020-05-31",48,12,54,160,1814,0.511025358324146,0,0,151,221,19,2358,8,713,16,8
"1031","2020-06-01",46,12,48,149,1814,0.511025358324146,0,0,151,221,12,2370,3,716,12,3
"1032","2020-06-02",41,12,40,141,1814,0.511025358324146,0,0,151,221,22,2392,7,723,21,7
"1033","2020-06-03",42,12,38,139,1814,0.511025358324146,0,0,151,221,19,2411,7,730,17,7
"1034","2020-06-04",36,12,40,134,1814,0.511025358324146,0,0,151,221,15,2426,6,736,13,6
"1035","2020-06-05",40,12,46,132,1814,0.511025358324146,0,0,151,221,24,2450,7,743,23,7
"1036","2020-06-06",38,12,44,125,1814,0.511025358324146,0,0,151,221,13,2463,11,754,11,11
"1037","2020-06-07",38,12,48,118,1814,0.511025358324146,0,0,151,221,13,2476,3,757,12,3
"1038","2020-03-14",1,13,9,15,2018,0.857779980178394,0,0,180,207,6,21,2,10,1,2
"1039","2020-03-15",2,13,14,20,2018,0.857779980178394,0,0,180,207,8,29,2,12,2,2
"1040","2020-03-16",4,13,18,30,2018,0.857779980178394,0,0,180,207,7,36,7,19,2,7
"1041","2020-03-17",7,13,16,35,2018,0.857779980178394,0,0,180,207,13,49,2,21,7,2
"1042","2020-03-18",9,13,18,44,2018,0.857779980178394,0,0,180,207,12,61,3,24,10,3
"1043","2020-03-19",13,13,24,49,2018,0.857779980178394,0,0,180,207,9,70,2,26,5,2
"1044","2020-03-20",14,13,34,62,2018,0.857779980178394,0,0,180,207,17,87,3,29,8,3
"1045","2020-03-21",15,13,31,69,2018,0.857779980178394,0,0,180,207,21,108,3,32,10,3
"1046","2020-03-22",15,13,32,83,2018,0.857779980178394,0,0,180,207,16,124,2,34,10,2
"1047","2020-03-23",16,13,37,92,2018,0.857779980178394,0,0,180,207,18,142,NA,NA,15,NA
"1048","2020-03-24",16,13,36,99,2018,0.857779980178394,0,0,180,207,23,165,2,36,18,2
"1049","2020-03-25",16,13,42,116,2018,0.857779980178394,0,0,180,207,22,187,3,39,19,3
"1050","2020-03-26",23,13,43,126,2018,0.857779980178394,0,0,180,207,27,214,3,42,22,3
"1051","2020-03-27",24,13,39,138,2018,0.857779980178394,0,0,180,207,21,235,4,46,17,4
"1052","2020-03-28",29,13,39,148,2018,0.857779980178394,0,0,180,207,31,266,4,50,26,4
"1053","2020-03-29",31,13,44,149,2018,0.857779980178394,0,0,180,207,28,294,5,55,23,5
"1054","2020-03-30",42,13,48,160,2018,0.857779980178394,0,0,180,207,26,320,4,59,21,4
"1055","2020-03-31",40,13,57,169,2018,0.857779980178394,0,0,180,207,33,353,3,62,28,3
"1056","2020-04-01",46,13,62,184,2018,0.857779980178394,0,0,180,207,26,379,6,68,20,6
"1057","2020-04-02",41,13,56,199,2018,0.857779980178394,0,0,180,207,36,415,4,72,27,4
"1058","2020-04-03",46,13,59,207,2018,0.857779980178394,0,0,180,207,33,448,14,86,26,14
"1059","2020-04-04",46,13,52,222,2018,0.857779980178394,0,0,180,207,35,483,5,91,24,5
"1060","2020-04-05",49,13,55,230,2018,0.857779980178394,0,0,180,207,35,518,13,104,28,13
"1061","2020-04-06",46,13,53,239,2018,0.857779980178394,0,0,180,207,44,562,4,108,29,4
"1062","2020-04-07",56,13,50,250,2018,0.857779980178394,0,0,180,207,28,590,4,112,20,4
"1063","2020-04-08",57,13,50,249,2018,0.857779980178394,0,0,180,207,45,635,5,117,37,5
"1064","2020-04-09",62,13,52,264,2018,0.857779980178394,0,0,180,207,34,669,4,121,27,4
"1065","2020-04-10",62,13,44,277,2018,0.857779980178394,0,0,180,207,35,704,7,128,26,7
"1066","2020-04-11",69,13,48,287,2018,0.857779980178394,0,0,180,207,40,744,8,136,31,8
"1067","2020-04-12",75,13,42,294,2018,0.857779980178394,0,0,180,207,45,789,15,151,34,15
"1068","2020-04-13",75,13,56,309,2018,0.857779980178394,0,0,180,207,39,828,8,159,26,8
"1069","2020-04-14",75,13,63,323,2018,0.857779980178394,0,0,180,207,35,863,11,170,28,11
"1070","2020-04-15",78,13,68,330,2018,0.857779980178394,0,0,180,207,29,892,9,179,23,9
"1071","2020-04-16",77,13,62,330,2018,0.857779980178394,0,0,180,207,35,927,7,186,27,7
"1072","2020-04-17",82,13,74,335,2018,0.857779980178394,0,0,180,207,39,966,8,194,29,8
"1073","2020-04-18",78,13,85,345,2018,0.857779980178394,0,0,180,207,34,1000,5,199,20,5
"1074","2020-04-19",79,13,89,344,2018,0.857779980178394,0,0,180,207,44,1044,16,215,40,16
"1075","2020-04-20",85,13,87,337,2018,0.857779980178394,0,0,180,207,24,1068,7,222,20,7
"1076","2020-04-21",83,13,99,333,2018,0.857779980178394,0,0,180,207,48,1116,9,231,36,9
"1077","2020-04-22",84,13,87,330,2018,0.857779980178394,0,0,180,207,24,1140,10,241,18,10
"1078","2020-04-23",89,13,94,328,2018,0.857779980178394,0,0,180,207,27,1167,8,249,20,8
"1079","2020-04-24",101,13,110,320,2018,0.857779980178394,0,0,180,207,45,1212,13,262,33,13
"1080","2020-04-25",107,13,110,319,2018,0.857779980178394,0,0,180,207,25,1237,12,274,22,12
"1081","2020-04-26",106,13,105,302,2018,0.857779980178394,0,0,180,207,26,1263,13,287,14,13
"1082","2020-04-27",102,13,107,288,2018,0.857779980178394,0,0,180,207,25,1288,7,294,17,7
"1083","2020-04-28",104,13,96,287,2018,0.857779980178394,0,0,180,207,23,1311,12,306,14,12
"1084","2020-04-29",105,13,87,267,2018,0.857779980178394,0,0,180,207,39,1350,8,314,30,8
"1085","2020-04-30",96,13,91,238,2018,0.857779980178394,0,0,180,207,22,1372,10,324,11,10
"1086","2020-05-01",79,13,88,232,2018,0.857779980178394,0,0,180,207,27,1399,13,337,18,13
"1087","2020-05-02",82,13,79,233,2018,0.857779980178394,0,0,180,207,21,1420,10,347,17,10
"1088","2020-05-03",80,13,83,233,2018,0.857779980178394,0,0,180,207,26,1446,8,355,17,8
"1089","2020-05-04",79,13,88,245,2018,0.857779980178394,0,0,180,207,25,1471,11,366,16,11
"1090","2020-05-05",72,13,78,253,2018,0.857779980178394,0,0,180,207,23,1494,10,376,19,10
"1091","2020-05-06",71,13,77,244,2018,0.857779980178394,0,0,180,207,25,1519,9,385,15,9
"1092","2020-05-07",73,13,66,244,2018,0.857779980178394,0,0,180,207,25,1544,4,389,18,4
"1093","2020-05-08",76,13,76,257,2018,0.857779980178394,0,0,180,207,20,1564,8,397,15,8
"1094","2020-05-09",70,13,82,260,2018,0.857779980178394,0,0,180,207,38,1602,5,402,25,5
"1095","2020-05-10",69,13,82,270,2018,0.857779980178394,0,0,180,207,30,1632,7,409,18,7
"1096","2020-05-11",63,13,83,277,2018,0.857779980178394,0,0,180,207,38,1670,11,420,31,11
"1097","2020-05-12",73,13,76,279,2018,0.857779980178394,0,0,180,207,24,1694,14,434,18,14
"1098","2020-05-13",71,13,64,285,2018,0.857779980178394,0,0,180,207,27,1721,13,447,19,13
"1099","2020-05-14",73,13,67,283,2018,0.857779980178394,0,0,180,207,23,1744,9,456,16,9
"1100","2020-05-15",75,13,68,287,2018,0.857779980178394,0,0,180,207,20,1764,8,464,16,8
"1101","2020-05-16",70,13,65,274,2018,0.857779980178394,0,0,180,207,29,1793,15,479,21,15
"1102","2020-05-17",72,13,71,276,2018,0.857779980178394,0,0,180,207,13,1806,7,486,4,7
"1103","2020-05-18",77,13,65,282,2018,0.857779980178394,0,0,180,207,15,1821,5,491,13,5
"1104","2020-05-19",74,13,61,284,2018,0.857779980178394,0,0,180,207,22,1843,6,497,17,6
"1105","2020-05-20",75,13,63,287,2018,0.857779980178394,0,0,180,207,20,1863,8,505,15,8
"1106","2020-05-21",79,13,62,284,2018,0.857779980178394,0,0,180,207,26,1889,9,514,15,9
"1107","2020-05-22",77,13,68,277,2018,0.857779980178394,0,0,180,207,19,1908,8,522,15,8
"1108","2020-05-23",77,13,63,274,2018,0.857779980178394,0,0,180,207,15,1923,7,529,13,7
"1109","2020-05-24",78,13,65,278,2018,0.857779980178394,0,0,180,207,26,1949,3,532,17,3
"1110","2020-05-25",74,13,68,276,2018,0.857779980178394,0,0,180,207,19,1968,7,539,10,7
"1111","2020-05-26",77,13,68,280,2018,0.857779980178394,0,0,180,207,18,1986,1,540,17,1
"1112","2020-05-27",81,13,68,285,2018,0.857779980178394,0,0,180,207,15,2001,3,543,10,3
"1113","2020-05-28",77,13,68,293,2018,0.857779980178394,0,0,180,207,28,2029,6,549,19,6
"1114","2020-05-29",73,13,66,294,2018,0.857779980178394,0,0,180,207,14,2043,4,553,12,4
"1115","2020-05-30",77,13,65,284,2018,0.857779980178394,0,0,180,207,17,2060,NA,NA,15,NA
"1116","2020-05-31",79,13,65,284,2018,0.857779980178394,0,0,180,207,13,2073,4,557,7,4
"1117","2020-06-01",81,13,57,280,2018,0.857779980178394,0,0,180,207,14,2087,2,559,9,2
"1118","2020-06-02",72,13,52,259,2018,0.857779980178394,0,0,180,207,25,2112,7,566,20,7
"1119","2020-06-03",67,13,55,263,2018,0.857779980178394,0,0,180,207,13,2125,8,574,10,8
"1120","2020-06-04",67,13,46,261,2018,0.857779980178394,0,0,180,207,23,2148,2,576,20,2
"1121","2020-06-05",79,13,47,265,2018,0.857779980178394,0,0,180,207,19,2167,3,579,14,3
"1122","2020-06-06",77,13,52,259,2018,0.857779980178394,0,0,180,207,22,2189,1,580,19,1
"1123","2020-06-07",71,13,48,241,2018,0.857779980178394,0,0,180,207,13,2202,4,584,11,4
"1124","2020-03-16",1,14,43,32,5157,0.949001357378321,0,0,454,323,14,49,4,43,6,4
"1125","2020-03-17",2,14,41,39,5157,0.949001357378321,0,0,454,323,15,64,6,49,8,6
"1126","2020-03-18",3,14,44,61,5157,0.949001357378321,0,0,454,323,14,78,5,54,12,5
"1127","2020-03-19",5,14,47,73,5157,0.949001357378321,0,0,454,323,29,107,8,62,27,8
"1128","2020-03-20",6,14,41,89,5157,0.949001357378321,0,0,454,323,19,126,5,67,17,5
"1129","2020-03-21",9,14,50,102,5157,0.949001357378321,0,0,454,323,29,155,8,75,24,8
"1130","2020-03-22",13,14,58,121,5157,0.949001357378321,0,0,454,323,34,189,10,85,29,10
"1131","2020-03-23",17,14,54,146,5157,0.949001357378321,0,0,454,323,30,219,5,90,26,5
"1132","2020-03-24",22,14,54,166,5157,0.949001357378321,0,0,454,323,34,253,5,95,31,5
"1133","2020-03-25",23,14,53,186,5157,0.949001357378321,0,0,454,323,41,294,3,98,37,3
"1134","2020-03-26",30,14,59,220,5157,0.949001357378321,0,0,454,323,33,327,7,105,27,7
"1135","2020-03-27",36,14,66,256,5157,0.949001357378321,0,0,454,323,65,392,12,117,54,12
"1136","2020-03-28",38,14,67,284,5157,0.949001357378321,0,0,454,323,45,437,12,129,40,12
"1137","2020-03-29",48,14,67,311,5157,0.949001357378321,0,0,454,323,49,486,4,133,43,4
"1138","2020-03-30",52,14,68,340,5157,0.949001357378321,0,0,454,323,70,556,7,140,67,7
"1139","2020-03-31",57,14,73,377,5157,0.949001357378321,0,0,454,323,84,640,15,155,77,15
"1140","2020-04-01",73,14,75,437,5157,0.949001357378321,0,0,454,323,74,714,10,165,63,10
"1141","2020-04-02",85,14,77,484,5157,0.949001357378321,0,0,454,323,114,828,20,185,108,20
"1142","2020-04-03",97,14,73,534,5157,0.949001357378321,0,0,454,323,113,941,8,193,110,8
"1143","2020-04-04",109,14,72,586,5157,0.949001357378321,0,0,454,323,123,1064,6,199,115,6
"1144","2020-04-05",116,14,84,630,5157,0.949001357378321,0,0,454,323,139,1203,10,209,131,10
"1145","2020-04-06",135,14,83,696,5157,0.949001357378321,0,0,454,323,145,1348,5,214,141,5
"1146","2020-04-07",153,14,80,750,5157,0.949001357378321,0,0,454,323,127,1475,4,218,123,4
"1147","2020-04-08",159,14,70,812,5157,0.949001357378321,0,0,454,323,153,1628,3,221,149,3
"1148","2020-04-09",160,14,61,847,5157,0.949001357378321,0,0,454,323,145,1773,3,224,141,3
"1149","2020-04-10",179,14,63,897,5157,0.949001357378321,0,0,454,323,195,1968,1,225,183,1
"1150","2020-04-11",202,14,66,970,5157,0.949001357378321,0,0,454,323,163,2131,6,231,156,6
"1151","2020-04-12",219,14,62,1044,5157,0.949001357378321,0,0,454,323,225,2356,16,247,220,16
"1152","2020-04-13",243,14,59,1112,5157,0.949001357378321,0,0,454,323,229,2585,9,256,223,9
"1153","2020-04-14",252,14,57,1127,5157,0.949001357378321,0,0,454,323,209,2794,13,269,206,13
"1154","2020-04-15",283,14,61,1172,5157,0.949001357378321,0,0,454,323,253,3047,18,287,251,18
"1155","2020-04-16",306,14,65,1250,5157,0.949001357378321,0,0,454,323,225,3272,12,299,220,12
"1156","2020-04-17",318,14,68,1308,5157,0.949001357378321,0,0,454,323,267,3539,26,325,261,26
"1157","2020-04-18",329,14,67,1340,5157,0.949001357378321,0,0,454,323,239,3778,22,347,236,22
"1158","2020-04-19",332,14,73,1366,5157,0.949001357378321,0,0,454,323,261,4039,10,357,257,10
"1159","2020-04-20",334,14,85,1380,5157,0.949001357378321,0,0,454,323,218,4257,23,380,214,23
"1160","2020-04-21",352,14,86,1375,5157,0.949001357378321,0,0,454,323,235,4492,29,409,230,29
"1161","2020-04-22",354,14,96,1384,5157,0.949001357378321,0,0,454,323,253,4745,17,426,251,17
"1162","2020-04-23",355,14,102,1378,5157,0.949001357378321,0,0,454,323,233,4978,14,440,230,14
"1163","2020-04-24",352,14,97,1387,5157,0.949001357378321,0,0,454,323,247,5225,24,464,246,24
"1164","2020-04-25",344,14,86,1386,5157,0.949001357378321,0,0,454,323,204,5429,19,483,200,19
"1165","2020-04-26",362,14,78,1359,5157,0.949001357378321,0,0,454,323,193,5622,13,496,187,13
"1166","2020-04-27",360,14,80,1329,5157,0.949001357378321,0,0,454,323,166,5788,18,514,163,18
"1167","2020-04-28",361,14,87,1313,5157,0.949001357378321,0,0,454,323,142,5930,17,531,139,17
"1168","2020-04-29",352,14,97,1309,5157,0.949001357378321,0,0,454,323,122,6052,24,555,121,24
"1169","2020-04-30",357,14,96,1272,5157,0.949001357378321,0,0,454,323,118,6170,8,563,118,8
"1170","2020-05-01",366,14,77,1240,5157,0.949001357378321,0,0,454,323,93,6263,6,569,91,6
"1171","2020-05-02",375,14,83,1174,5157,0.949001357378321,0,0,454,323,102,6365,5,574,101,5
"1172","2020-05-03",372,14,94,1146,5157,0.949001357378321,0,0,454,323,82,6447,13,587,81,13
"1173","2020-05-04",365,14,86,1115,5157,0.949001357378321,0,0,454,323,68,6515,15,602,68,15
"1174","2020-05-05",354,14,97,1080,5157,0.949001357378321,0,0,454,323,70,6585,16,618,65,16
"1175","2020-05-06",362,14,95,1054,5157,0.949001357378321,0,0,454,323,44,6629,12,630,43,12
"1176","2020-05-07",351,14,86,994,5157,0.949001357378321,0,0,454,323,36,6665,6,636,35,6
"1177","2020-05-08",337,14,87,950,5157,0.949001357378321,0,0,454,323,22,6687,10,646,21,10
"1178","2020-05-09",324,14,97,917,5157,0.949001357378321,0,0,454,323,34,6721,9,655,33,9
"1179","2020-05-10",312,14,94,841,5157,0.949001357378321,0,0,454,323,23,6744,8,663,23,8
"1180","2020-05-11",293,14,89,782,5157,0.949001357378321,0,0,454,323,26,6770,7,670,25,7
"1181","2020-05-12",276,14,95,727,5157,0.949001357378321,0,0,454,323,10,6780,17,687,10,17
"1182","2020-05-13",247,14,100,674,5157,0.949001357378321,0,0,454,323,6,6786,9,696,6,9
"1183","2020-05-14",235,14,87,622,5157,0.949001357378321,0,0,454,323,15,6801,17,713,14,17
"1184","2020-05-15",215,14,91,578,5157,0.949001357378321,0,0,454,323,12,6813,13,726,9,13
"1185","2020-05-16",210,14,106,529,5157,0.949001357378321,0,0,454,323,13,6826,2,728,12,2
"1186","2020-05-17",185,14,96,497,5157,0.949001357378321,0,0,454,323,6,6832,27,755,5,27
"1187","2020-05-18",178,14,103,442,5157,0.949001357378321,0,0,454,323,12,6844,15,770,9,15
"1188","2020-05-19",173,14,99,412,5157,0.949001357378321,0,0,454,323,4,6848,13,783,2,13
"1189","2020-05-20",162,14,92,378,5157,0.949001357378321,0,0,454,323,6,6854,5,788,6,5
"1190","2020-05-21",153,14,83,359,5157,0.949001357378321,0,0,454,323,NA,NA,4,792,NA,4
"1191","2020-05-22",149,14,76,334,5157,0.949001357378321,0,0,454,323,4,6858,8,800,4,8
"1192","2020-05-23",128,14,64,291,5157,0.949001357378321,0,0,454,323,6,6864,4,804,5,4
"1193","2020-05-24",118,14,57,274,5157,0.949001357378321,0,0,454,323,6,6870,2,806,5,2
"1194","2020-05-25",110,14,50,252,5157,0.949001357378321,0,0,454,323,4,6874,11,817,2,11
"1195","2020-05-26",92,14,52,233,5157,0.949001357378321,0,0,454,323,6,6880,12,829,5,12
"1196","2020-05-27",90,14,54,218,5157,0.949001357378321,0,0,454,323,3,6883,6,835,3,6
"1197","2020-05-28",79,14,54,199,5157,0.949001357378321,0,0,454,323,2,6885,6,841,2,6
"1198","2020-05-29",66,14,49,196,5157,0.949001357378321,0,0,454,323,2,6887,5,846,1,5
"1199","2020-05-30",60,14,52,171,5157,0.949001357378321,0,0,454,323,2,6889,3,849,2,3
"1200","2020-05-31",58,14,52,156,5157,0.949001357378321,0,0,454,323,1,6890,3,852,1,3
"1201","2020-06-01",50,14,45,144,5157,0.949001357378321,0,0,454,323,NA,NA,1,853,NA,1
"1202","2020-06-02",49,14,54,123,5157,0.949001357378321,0,0,454,323,NA,NA,10,863,NA,10
"1203","2020-06-03",39,14,51,121,5157,0.949001357378321,0,0,454,323,2,6892,5,868,NA,5
"1204","2020-06-04",35,14,53,111,5157,0.949001357378321,0,0,454,323,1,6893,12,880,1,12
"1205","2020-06-05",34,14,53,97,5157,0.949001357378321,0,0,454,323,NA,NA,4,884,NA,4
"1206","2020-06-06",35,14,57,90,5157,0.949001357378321,0,0,454,323,1,6894,8,892,1,8
"1207","2020-06-07",32,14,63,86,5157,0.949001357378321,0,0,454,323,1,6895,3,895,1,3
"1208","2020-03-14",2,15,38,58,7367,0.918419980996335,0,0,734,429,13,37,3,17,1,3
"1209","2020-03-15",4,15,55,83,7367,0.918419980996335,0,0,734,429,14,51,2,19,1,2
"1210","2020-03-16",7,15,62,97,7367,0.918419980996335,0,0,734,429,9,60,5,24,1,5
"1211","2020-03-17",8,15,66,134,7367,0.918419980996335,0,0,734,429,9,69,4,28,2,4
"1212","2020-03-18",12,15,78,174,7367,0.918419980996335,0,0,734,429,9,78,4,32,3,4
"1213","2020-03-19",20,15,78,215,7367,0.918419980996335,0,0,734,429,17,95,4,36,5,4
"1214","2020-03-20",27,15,69,274,7367,0.918419980996335,0,0,734,429,20,115,6,42,7,6
"1215","2020-03-21",37,15,58,342,7367,0.918419980996335,0,0,734,429,28,143,3,45,12,3
"1216","2020-03-22",50,15,58,396,7367,0.918419980996335,0,0,734,429,18,161,NA,NA,7,NA
"1217","2020-03-23",62,15,61,460,7367,0.918419980996335,0,0,734,429,17,178,1,46,6,1
"1218","2020-03-24",74,15,51,537,7367,0.918419980996335,0,0,734,429,18,196,2,48,13,2
"1219","2020-03-25",94,15,70,636,7367,0.918419980996335,0,0,734,429,19,215,3,51,10,3
"1220","2020-03-26",111,15,81,773,7367,0.918419980996335,0,0,734,429,18,233,3,54,10,3
"1221","2020-03-27",130,15,92,899,7367,0.918419980996335,0,0,734,429,24,257,7,61,17,7
"1222","2020-03-28",145,15,87,1030,7367,0.918419980996335,0,0,734,429,31,288,3,64,17,3
"1223","2020-03-29",169,15,79,1167,7367,0.918419980996335,0,0,734,429,12,300,NA,NA,6,NA
"1224","2020-03-30",193,15,83,1276,7367,0.918419980996335,0,0,734,429,17,317,3,67,9,3
"1225","2020-03-31",231,15,77,1433,7367,0.918419980996335,0,0,734,429,26,343,4,71,15,4
"1226","2020-04-01",281,15,85,1536,7367,0.918419980996335,0,0,734,429,24,367,1,72,7,1
"1227","2020-04-02",310,15,78,1682,7367,0.918419980996335,0,0,734,429,13,380,1,73,8,1
"1228","2020-04-03",342,15,82,1772,7367,0.918419980996335,0,0,734,429,18,398,4,77,8,4
"1229","2020-04-04",380,15,100,1949,7367,0.918419980996335,0,0,734,429,21,419,2,79,8,2
"1230","2020-04-05",421,15,91,2189,7367,0.918419980996335,0,0,734,429,28,447,5,84,9,5
"1231","2020-04-06",472,15,85,2347,7367,0.918419980996335,0,0,734,429,21,468,5,89,8,5
"1232","2020-04-07",510,15,85,2606,7367,0.918419980996335,0,0,734,429,30,498,6,95,18,6
"1233","2020-04-08",553,15,76,2699,7367,0.918419980996335,0,0,734,429,38,536,10,105,13,10
"1234","2020-04-09",603,15,64,2828,7367,0.918419980996335,0,0,734,429,29,565,6,111,14,6
"1235","2020-04-10",666,15,89,2870,7367,0.918419980996335,0,0,734,429,22,587,7,118,11,7
"1236","2020-04-11",735,15,112,2934,7367,0.918419980996335,0,0,734,429,20,607,2,120,8,2
"1237","2020-04-12",760,15,130,2953,7367,0.918419980996335,0,0,734,429,33,640,7,127,23,7
"1238","2020-04-13",788,15,133,2939,7367,0.918419980996335,0,0,734,429,27,667,7,134,13,7
"1239","2020-04-14",826,15,135,2903,7367,0.918419980996335,0,0,734,429,31,698,8,142,15,8
"1240","2020-04-15",842,15,129,2799,7367,0.918419980996335,0,0,734,429,37,735,3,145,17,3
"1241","2020-04-16",860,15,123,2706,7367,0.918419980996335,0,0,734,429,23,758,4,149,10,4
"1242","2020-04-17",872,15,126,2583,7367,0.918419980996335,0,0,734,429,27,785,6,155,14,6
"1243","2020-04-18",831,15,126,2450,7367,0.918419980996335,0,0,734,429,34,819,5,160,17,5
"1244","2020-04-19",818,15,108,2295,7367,0.918419980996335,0,0,734,429,42,861,4,164,22,4
"1245","2020-04-20",805,15,104,2110,7367,0.918419980996335,0,0,734,429,23,884,11,175,11,11
"1246","2020-04-21",751,15,125,1941,7367,0.918419980996335,0,0,734,429,41,925,4,179,19,4
"1247","2020-04-22",705,15,136,1764,7367,0.918419980996335,0,0,734,429,38,963,3,182,20,3
"1248","2020-04-23",663,15,131,1606,7367,0.918419980996335,0,0,734,429,39,1002,2,184,21,2
"1249","2020-04-24",595,15,122,1431,7367,0.918419980996335,0,0,734,429,41,1043,3,187,18,3
"1250","2020-04-25",567,15,113,1334,7367,0.918419980996335,0,0,734,429,37,1080,4,191,18,4
"1251","2020-04-26",520,15,102,1184,7367,0.918419980996335,0,0,734,429,35,1115,2,193,15,2
"1252","2020-04-27",468,15,123,1059,7367,0.918419980996335,0,0,734,429,27,1142,NA,NA,8,NA
"1253","2020-04-28",430,15,118,952,7367,0.918419980996335,0,0,734,429,29,1171,6,199,12,6
"1254","2020-04-29",381,15,131,848,7367,0.918419980996335,0,0,734,429,36,1207,7,206,18,7
"1255","2020-04-30",334,15,124,740,7367,0.918419980996335,0,0,734,429,36,1243,5,211,24,5
"1256","2020-05-01",303,15,119,649,7367,0.918419980996335,0,0,734,429,36,1279,10,221,21,10
"1257","2020-05-02",271,15,108,570,7367,0.918419980996335,0,0,734,429,29,1308,3,224,19,3
"1258","2020-05-03",249,15,114,491,7367,0.918419980996335,0,0,734,429,35,1343,9,233,17,9
"1259","2020-05-04",215,15,130,422,7367,0.918419980996335,0,0,734,429,19,1362,8,241,10,8
"1260","2020-05-05",190,15,129,372,7367,0.918419980996335,0,0,734,429,28,1390,4,245,15,4
"1261","2020-05-06",170,15,155,345,7367,0.918419980996335,0,0,734,429,33,1423,4,249,18,4
"1262","2020-05-07",150,15,184,306,7367,0.918419980996335,0,0,734,429,30,1453,5,254,15,5
"1263","2020-05-08",121,15,184,274,7367,0.918419980996335,0,0,734,429,34,1487,8,262,17,8
"1264","2020-05-09",100,15,191,243,7367,0.918419980996335,0,0,734,429,25,1512,12,274,13,12
"1265","2020-05-10",85,15,198,218,7367,0.918419980996335,0,0,734,429,29,1541,9,283,12,9
"1266","2020-05-11",76,15,188,198,7367,0.918419980996335,0,0,734,429,33,1574,6,289,23,6
"1267","2020-05-12",77,15,170,185,7367,0.918419980996335,0,0,734,429,38,1612,4,293,19,4
"1268","2020-05-13",67,15,142,176,7367,0.918419980996335,0,0,734,429,28,1640,3,296,13,3
"1269","2020-05-14",63,15,130,155,7367,0.918419980996335,0,0,734,429,21,1661,5,301,10,5
"1270","2020-05-15",66,15,121,146,7367,0.918419980996335,0,0,734,429,26,1687,7,308,17,7
"1271","2020-05-16",58,15,136,133,7367,0.918419980996335,0,0,734,429,26,1713,7,315,19,7
"1272","2020-05-17",53,15,135,131,7367,0.918419980996335,0,0,734,429,30,1743,5,320,15,5
"1273","2020-05-18",50,15,134,126,7367,0.918419980996335,0,0,734,429,25,1768,4,324,14,4
"1274","2020-05-19",47,15,123,118,7367,0.918419980996335,0,0,734,429,27,1795,4,328,17,4
"1275","2020-05-20",45,15,108,105,7367,0.918419980996335,0,0,734,429,23,1818,3,331,11,3
"1276","2020-05-21",40,15,111,98,7367,0.918419980996335,0,0,734,429,21,1839,3,334,17,3
"1277","2020-05-22",36,15,109,94,7367,0.918419980996335,0,0,734,429,30,1869,2,336,20,2
"1278","2020-05-23",36,15,105,89,7367,0.918419980996335,0,0,734,429,21,1890,1,337,9,1
"1279","2020-05-24",39,15,117,76,7367,0.918419980996335,0,0,734,429,28,1918,3,340,15,3
"1280","2020-05-25",36,15,114,69,7367,0.918419980996335,0,0,734,429,16,1934,2,342,6,2
"1281","2020-05-26",28,15,102,58,7367,0.918419980996335,0,0,734,429,21,1955,2,344,8,2
"1282","2020-05-27",25,15,100,49,7367,0.918419980996335,0,0,734,429,21,1976,4,348,10,4
"1283","2020-05-28",22,15,93,45,7367,0.918419980996335,0,0,734,429,23,1999,7,355,16,7
"1284","2020-05-29",19,15,109,37,7367,0.918419980996335,0,0,734,429,24,2023,10,365,15,10
"1285","2020-05-30",17,15,94,30,7367,0.918419980996335,0,0,734,429,16,2039,10,375,10,10
"1286","2020-05-31",13,15,108,26,7367,0.918419980996335,0,0,734,429,17,2056,3,378,13,3
"1287","2020-06-01",9,15,98,24,7367,0.918419980996335,0,0,734,429,16,2072,2,380,10,2
"1288","2020-06-02",11,15,92,24,7367,0.918419980996335,0,0,734,429,8,2080,NA,NA,5,NA
"1289","2020-06-03",9,15,69,21,7367,0.918419980996335,0,0,734,429,16,2096,4,384,13,4
"1290","2020-06-04",10,15,59,19,7367,0.918419980996335,0,0,734,429,12,2108,4,388,11,4
"1291","2020-06-05",11,15,56,19,7367,0.918419980996335,0,0,734,429,15,2123,3,391,7,3
"1292","2020-06-06",9,15,58,18,7367,0.918419980996335,0,0,734,429,16,2139,1,392,10,1
"1293","2020-06-07",7,15,64,20,7367,0.918419980996335,0,0,734,429,8,2147,2,394,4,2
"1294","2020-03-17",2,16,33,20,2298,0.865535248041776,0,0,211,309,9,61,11,65,5,11
"1295","2020-03-18",2,16,42,27,2298,0.865535248041776,0,0,211,309,16,77,17,82,5,17
"1296","2020-03-19",2,16,51,33,2298,0.865535248041776,0,0,211,309,9,86,11,93,5,11
"1297","2020-03-20",5,16,46,39,2298,0.865535248041776,0,0,211,309,20,106,7,100,15,7
"1298","2020-03-21",6,16,38,45,2298,0.865535248041776,0,0,211,309,16,122,11,111,9,11
"1299","2020-03-22",6,16,31,54,2298,0.865535248041776,0,0,211,309,22,144,9,120,11,9
"1300","2020-03-23",7,16,39,65,2298,0.865535248041776,0,0,211,309,26,170,11,131,13,11
"1301","2020-03-24",9,16,47,80,2298,0.865535248041776,0,0,211,309,28,198,20,151,22,20
"1302","2020-03-25",10,16,45,82,2298,0.865535248041776,0,0,211,309,21,219,16,167,12,16
"1303","2020-03-26",15,16,51,97,2298,0.865535248041776,0,0,211,309,27,246,20,187,18,20
"1304","2020-03-27",15,16,60,102,2298,0.865535248041776,0,0,211,309,18,264,17,204,8,17
"1305","2020-03-28",16,16,68,115,2298,0.865535248041776,0,0,211,309,33,297,23,227,24,23
"1306","2020-03-29",18,16,70,127,2298,0.865535248041776,0,0,211,309,32,329,24,251,24,24
"1307","2020-03-30",19,16,81,150,2298,0.865535248041776,0,0,211,309,32,361,21,272,22,21
"1308","2020-03-31",23,16,74,156,2298,0.865535248041776,0,0,211,309,39,400,31,303,32,31
"1309","2020-04-01",28,16,67,164,2298,0.865535248041776,0,0,211,309,31,431,28,331,20,28
"1310","2020-04-02",34,16,75,174,2298,0.865535248041776,0,0,211,309,42,473,25,356,36,25
"1311","2020-04-03",37,16,78,185,2298,0.865535248041776,0,0,211,309,26,499,24,380,20,24
"1312","2020-04-04",40,16,68,198,2298,0.865535248041776,0,0,211,309,39,538,36,416,34,36
"1313","2020-04-05",43,16,55,210,2298,0.865535248041776,0,0,211,309,34,572,21,437,26,21
"1314","2020-04-06",50,16,56,222,2298,0.865535248041776,0,0,211,309,25,597,24,461,16,24
"1315","2020-04-07",53,16,65,225,2298,0.865535248041776,0,0,211,309,25,622,27,488,17,27
"1316","2020-04-08",50,16,64,241,2298,0.865535248041776,0,0,211,309,33,655,32,520,21,32
"1317","2020-04-09",53,16,68,256,2298,0.865535248041776,0,0,211,309,49,704,36,556,27,36
"1318","2020-04-10",55,16,81,252,2298,0.865535248041776,0,0,211,309,40,744,35,591,31,35
"1319","2020-04-11",56,16,76,256,2298,0.865535248041776,0,0,211,309,31,775,33,624,20,33
"1320","2020-04-12",58,16,71,270,2298,0.865535248041776,0,0,211,309,36,811,37,661,21,37
"1321","2020-04-13",62,16,61,271,2298,0.865535248041776,0,0,211,309,37,848,31,692,20,31
"1322","2020-04-14",60,16,59,281,2298,0.865535248041776,0,0,211,309,26,874,27,719,14,27
"1323","2020-04-15",66,16,66,294,2298,0.865535248041776,0,0,211,309,31,905,31,750,24,31
"1324","2020-04-16",67,16,73,301,2298,0.865535248041776,0,0,211,309,23,928,29,779,9,29
"1325","2020-04-17",72,16,72,311,2298,0.865535248041776,0,0,211,309,33,961,31,810,21,31
"1326","2020-04-18",76,16,87,331,2298,0.865535248041776,0,0,211,309,36,997,34,844,25,34
"1327","2020-04-19",85,16,90,357,2298,0.865535248041776,0,0,211,309,30,1027,34,878,18,34
"1328","2020-04-20",82,16,102,351,2298,0.865535248041776,0,0,211,309,35,1062,32,910,22,32
"1329","2020-04-21",88,16,106,364,2298,0.865535248041776,0,0,211,309,25,1087,32,942,16,32
"1330","2020-04-22",90,16,97,371,2298,0.865535248041776,0,0,211,309,41,1128,40,982,23,40
"1331","2020-04-23",83,16,92,366,2298,0.865535248041776,0,0,211,309,24,1152,52,1034,17,52
"1332","2020-04-24",83,16,89,355,2298,0.865535248041776,0,0,211,309,27,1179,43,1077,19,43
"1333","2020-04-25",86,16,84,364,2298,0.865535248041776,0,0,211,309,26,1205,35,1112,20,35
"1334","2020-04-26",84,16,86,374,2298,0.865535248041776,0,0,211,309,29,1234,27,1139,21,27
"1335","2020-04-27",89,16,94,390,2298,0.865535248041776,0,0,211,309,38,1272,26,1165,17,26
"1336","2020-04-28",90,16,89,400,2298,0.865535248041776,0,0,211,309,34,1306,34,1199,23,34
"1337","2020-04-29",100,16,91,393,2298,0.865535248041776,0,0,211,309,29,1335,36,1235,19,36
"1338","2020-04-30",110,16,85,397,2298,0.865535248041776,0,0,211,309,37,1372,32,1267,24,32
"1339","2020-05-01",107,16,80,392,2298,0.865535248041776,0,0,211,309,33,1405,25,1292,20,25
"1340","2020-05-02",112,16,75,386,2298,0.865535248041776,0,0,211,309,20,1425,33,1325,11,33
"1341","2020-05-03",112,16,70,374,2298,0.865535248041776,0,0,211,309,31,1456,33,1358,19,33
"1342","2020-05-04",119,16,76,376,2298,0.865535248041776,0,0,211,309,30,1486,19,1377,22,19
"1343","2020-05-05",120,16,71,388,2298,0.865535248041776,0,0,211,309,32,1518,43,1420,21,43
"1344","2020-05-06",117,16,68,374,2298,0.865535248041776,0,0,211,309,24,1542,44,1464,14,44
"1345","2020-05-07",112,16,61,395,2298,0.865535248041776,0,0,211,309,23,1565,30,1494,14,30
"1346","2020-05-08",111,16,71,395,2298,0.865535248041776,0,0,211,309,16,1581,45,1539,11,45
"1347","2020-05-09",102,16,76,396,2298,0.865535248041776,0,0,211,309,21,1602,48,1587,15,48
"1348","2020-05-10",111,16,76,402,2298,0.865535248041776,0,0,211,309,23,1625,39,1626,12,39
"1349","2020-05-11",112,16,75,399,2298,0.865535248041776,0,0,211,309,23,1648,32,1658,14,32
"1350","2020-05-12",117,16,72,404,2298,0.865535248041776,0,0,211,309,21,1669,43,1701,13,43
"1351","2020-05-13",114,16,93,418,2298,0.865535248041776,0,0,211,309,27,1696,41,1742,16,41
"1352","2020-05-14",116,16,83,426,2298,0.865535248041776,0,0,211,309,28,1724,34,1776,10,34
"1353","2020-05-15",127,16,89,429,2298,0.865535248041776,0,0,211,309,20,1744,26,1802,14,26
"1354","2020-05-16",134,16,96,434,2298,0.865535248041776,0,0,211,309,23,1767,47,1849,11,47
"1355","2020-05-17",124,16,109,434,2298,0.865535248041776,0,0,211,309,15,1782,29,1878,14,29
"1356","2020-05-18",110,16,106,434,2298,0.865535248041776,0,0,211,309,29,1811,22,1900,18,22
"1357","2020-05-19",109,16,120,433,2298,0.865535248041776,0,0,211,309,12,1823,30,1930,6,30
"1358","2020-05-20",116,16,124,415,2298,0.865535248041776,0,0,211,309,15,1838,23,1953,8,23
"1359","2020-05-21",118,16,125,396,2298,0.865535248041776,0,0,211,309,19,1857,22,1975,5,22
"1360","2020-05-22",115,16,125,398,2298,0.865535248041776,0,0,211,309,28,1885,26,2001,19,26
"1361","2020-05-23",116,16,122,396,2298,0.865535248041776,0,0,211,309,22,1907,28,2029,12,28
"1362","2020-05-24",123,16,117,378,2298,0.865535248041776,0,0,211,309,23,1930,24,2053,16,24
"1363","2020-05-25",129,16,124,371,2298,0.865535248041776,0,0,211,309,19,1949,32,2085,13,32
"1364","2020-05-26",125,16,114,355,2298,0.865535248041776,0,0,211,309,31,1980,21,2106,20,21
"1365","2020-05-27",110,16,112,328,2298,0.865535248041776,0,0,211,309,31,2011,32,2138,22,32
"1366","2020-05-28",114,16,114,318,2298,0.865535248041776,0,0,211,309,17,2028,37,2175,12,37
"1367","2020-05-29",116,16,114,305,2298,0.865535248041776,0,0,211,309,22,2050,25,2200,15,25
"1368","2020-05-30",106,16,125,289,2298,0.865535248041776,0,0,211,309,14,2064,26,2226,11,26
"1369","2020-05-31",102,16,121,277,2298,0.865535248041776,0,0,211,309,21,2085,20,2246,12,20
"1370","2020-06-01",94,16,108,258,2298,0.865535248041776,0,0,211,309,17,2102,25,2271,10,25
"1371","2020-06-02",85,16,93,251,2298,0.865535248041776,0,0,211,309,9,2111,32,2303,5,32
"1372","2020-06-03",93,16,95,242,2298,0.865535248041776,0,0,211,309,21,2132,21,2324,11,21
"1373","2020-06-04",81,16,90,228,2298,0.865535248041776,0,0,211,309,16,2148,31,2355,10,31
"1374","2020-06-05",74,16,87,213,2298,0.865535248041776,0,0,211,309,12,2160,22,2377,11,22
"1375","2020-06-06",74,16,75,198,2298,0.865535248041776,0,0,211,309,12,2172,19,2396,6,19
"1376","2020-06-07",67,16,74,193,2298,0.865535248041776,0,0,211,309,15,2187,36,2432,9,36
"1377","2020-03-13",1,17,18,23,1715,0.604081632653061,0,0,147,222,4,15,7,16,2,7
"1378","2020-03-14",2,17,21,35,1715,0.604081632653061,0,0,147,222,4,19,7,23,4,7
"1379","2020-03-15",3,17,22,44,1715,0.604081632653061,0,0,147,222,11,30,7,30,11,7
"1380","2020-03-16",4,17,21,53,1715,0.604081632653061,0,0,147,222,6,36,6,36,6,6
"1381","2020-03-17",5,17,29,62,1715,0.604081632653061,0,0,147,222,14,50,9,45,13,9
"1382","2020-03-18",6,17,33,83,1715,0.604081632653061,0,0,147,222,21,71,11,56,19,11
"1383","2020-03-19",10,17,29,99,1715,0.604081632653061,0,0,147,222,25,96,9,65,21,9
"1384","2020-03-20",11,17,26,108,1715,0.604081632653061,0,0,147,222,23,119,11,76,22,11
"1385","2020-03-21",14,17,28,119,1715,0.604081632653061,0,0,147,222,31,150,5,81,30,5
"1386","2020-03-22",19,17,26,144,1715,0.604081632653061,0,0,147,222,39,189,5,86,39,5
"1387","2020-03-23",30,17,36,154,1715,0.604081632653061,0,0,147,222,39,228,11,97,36,11
"1388","2020-03-24",33,17,43,178,1715,0.604081632653061,0,0,147,222,52,280,6,103,51,6
"1389","2020-03-25",36,17,38,176,1715,0.604081632653061,0,0,147,222,45,325,2,105,44,2
"1390","2020-03-26",47,17,35,188,1715,0.604081632653061,0,0,147,222,67,392,5,110,67,5
"1391","2020-03-27",48,17,38,186,1715,0.604081632653061,0,0,147,222,74,466,9,119,71,9
"1392","2020-03-28",49,17,42,193,1715,0.604081632653061,0,0,147,222,64,530,9,128,63,9
"1393","2020-03-29",52,17,44,207,1715,0.604081632653061,0,0,147,222,96,626,2,130,94,2
"1394","2020-03-30",47,17,52,214,1715,0.604081632653061,0,0,147,222,84,710,2,132,84,2
"1395","2020-03-31",50,17,49,212,1715,0.604081632653061,0,0,147,222,120,830,7,139,117,7
"1396","2020-04-01",57,17,49,223,1715,0.604081632653061,0,0,147,222,136,966,11,150,135,11
"1397","2020-04-02",52,17,53,230,1715,0.604081632653061,0,0,147,222,117,1083,11,161,115,11
"1398","2020-04-03",53,17,70,232,1715,0.604081632653061,0,0,147,222,154,1237,3,164,153,3
"1399","2020-04-04",54,17,68,229,1715,0.604081632653061,0,0,147,222,153,1390,8,172,151,8
"1400","2020-04-05",52,17,72,225,1715,0.604081632653061,0,0,147,222,170,1560,10,182,169,10
"1401","2020-04-06",55,17,56,246,1715,0.604081632653061,0,0,147,222,172,1732,11,193,167,11
"1402","2020-04-07",58,17,56,259,1715,0.604081632653061,0,0,147,222,188,1920,12,205,184,12
"1403","2020-04-08",58,17,56,248,1715,0.604081632653061,0,0,147,222,195,2115,9,214,194,9
"1404","2020-04-09",59,17,61,248,1715,0.604081632653061,0,0,147,222,213,2328,5,219,212,5
"1405","2020-04-10",66,17,46,262,1715,0.604081632653061,0,0,147,222,257,2585,11,230,255,11
"1406","2020-04-11",72,17,51,263,1715,0.604081632653061,0,0,147,222,187,2772,7,237,184,7
"1407","2020-04-12",76,17,54,277,1715,0.604081632653061,0,0,147,222,226,2998,11,248,224,11
"1408","2020-04-13",82,17,60,280,1715,0.604081632653061,0,0,147,222,273,3271,12,260,272,12
"1409","2020-04-14",90,17,78,282,1715,0.604081632653061,0,0,147,222,207,3478,6,266,206,6
"1410","2020-04-15",84,17,86,280,1715,0.604081632653061,0,0,147,222,211,3689,4,270,211,4
"1411","2020-04-16",80,17,95,275,1715,0.604081632653061,0,0,147,222,209,3898,1,271,208,1
"1412","2020-04-17",87,17,109,271,1715,0.604081632653061,0,0,147,222,233,4131,5,276,233,5
"1413","2020-04-18",87,17,116,264,1715,0.604081632653061,0,0,147,222,206,4337,18,294,205,18
"1414","2020-04-19",83,17,119,264,1715,0.604081632653061,0,0,147,222,180,4517,3,297,179,3
"1415","2020-04-20",80,17,121,260,1715,0.604081632653061,0,0,147,222,210,4727,4,301,208,4
"1416","2020-04-21",78,17,109,256,1715,0.604081632653061,0,0,147,222,189,4916,8,309,186,8
"1417","2020-04-22",80,17,89,251,1715,0.604081632653061,0,0,147,222,121,5037,9,318,120,9
"1418","2020-04-23",78,17,84,238,1715,0.604081632653061,0,0,147,222,141,5178,10,328,138,10
"1419","2020-04-24",72,17,94,233,1715,0.604081632653061,0,0,147,222,127,5305,3,331,126,3
"1420","2020-04-25",67,17,84,228,1715,0.604081632653061,0,0,147,222,116,5421,7,338,116,7
"1421","2020-04-26",66,17,73,222,1715,0.604081632653061,0,0,147,222,98,5519,5,343,98,5
"1422","2020-04-27",62,17,74,216,1715,0.604081632653061,0,0,147,222,100,5619,18,361,100,18
"1423","2020-04-28",54,17,85,216,1715,0.604081632653061,0,0,147,222,87,5706,12,373,87,12
"1424","2020-04-29",53,17,87,209,1715,0.604081632653061,0,0,147,222,98,5804,4,377,98,4
"1425","2020-04-30",63,17,92,215,1715,0.604081632653061,0,0,147,222,69,5873,14,391,69,14
"1426","2020-05-01",54,17,108,206,1715,0.604081632653061,0,0,147,222,62,5935,15,406,62,15
"1427","2020-05-02",59,17,99,210,1715,0.604081632653061,0,0,147,222,43,5978,9,415,42,9
"1428","2020-05-03",61,17,120,216,1715,0.604081632653061,0,0,147,222,50,6028,6,421,50,6
"1429","2020-05-04",56,17,128,216,1715,0.604081632653061,0,0,147,222,37,6065,19,440,37,19
"1430","2020-05-05",59,17,111,215,1715,0.604081632653061,0,0,147,222,33,6098,12,452,33,12
"1431","2020-05-06",62,17,108,218,1715,0.604081632653061,0,0,147,222,53,6151,16,468,53,16
"1432","2020-05-07",59,17,115,218,1715,0.604081632653061,0,0,147,222,35,6186,7,475,35,7
"1433","2020-05-08",68,17,117,213,1715,0.604081632653061,0,0,147,222,27,6213,4,479,27,4
"1434","2020-05-09",65,17,113,224,1715,0.604081632653061,0,0,147,222,26,6239,22,501,25,22
"1435","2020-05-10",69,17,99,230,1715,0.604081632653061,0,0,147,222,21,6260,10,511,21,10
"1436","2020-05-11",71,17,89,235,1715,0.604081632653061,0,0,147,222,30,6290,8,519,29,8
"1437","2020-05-12",71,17,83,236,1715,0.604081632653061,0,0,147,222,13,6303,16,535,13,16
"1438","2020-05-13",69,17,77,237,1715,0.604081632653061,0,0,147,222,21,6324,19,554,21,19
"1439","2020-05-14",67,17,66,243,1715,0.604081632653061,0,0,147,222,18,6342,19,573,16,19
"1440","2020-05-15",62,17,72,231,1715,0.604081632653061,0,0,147,222,15,6357,15,588,14,15
"1441","2020-05-16",61,17,68,233,1715,0.604081632653061,0,0,147,222,10,6367,19,607,10,19
"1442","2020-05-17",61,17,75,231,1715,0.604081632653061,0,0,147,222,14,6381,21,628,14,21
"1443","2020-05-18",65,17,79,228,1715,0.604081632653061,0,0,147,222,8,6389,16,644,8,16
"1444","2020-05-19",61,17,74,232,1715,0.604081632653061,0,0,147,222,7,6396,13,657,6,13
"1445","2020-05-20",65,17,71,226,1715,0.604081632653061,0,0,147,222,11,6407,13,670,11,13
"1446","2020-05-21",66,17,64,217,1715,0.604081632653061,0,0,147,222,2,6409,9,679,2,9
"1447","2020-05-22",70,17,67,216,1715,0.604081632653061,0,0,147,222,5,6414,14,693,5,14
"1448","2020-05-23",68,17,68,217,1715,0.604081632653061,0,0,147,222,6,6420,9,702,6,9
"1449","2020-05-24",70,17,62,214,1715,0.604081632653061,0,0,147,222,5,6425,20,722,5,20
"1450","2020-05-25",67,17,59,206,1715,0.604081632653061,0,0,147,222,2,6427,17,739,2,17
"1451","2020-05-26",66,17,66,201,1715,0.604081632653061,0,0,147,222,3,6430,12,751,2,12
"1452","2020-05-27",62,17,63,183,1715,0.604081632653061,0,0,147,222,7,6437,10,761,7,10
"1453","2020-05-28",59,17,52,177,1715,0.604081632653061,0,0,147,222,3,6440,9,770,2,9
"1454","2020-05-29",54,17,60,179,1715,0.604081632653061,0,0,147,222,3,6443,11,781,3,11
"1455","2020-05-30",52,17,66,172,1715,0.604081632653061,0,0,147,222,4,6447,1,782,2,1
"1456","2020-05-31",48,17,64,163,1715,0.604081632653061,0,0,147,222,4,6451,2,784,4,2
"1457","2020-06-01",48,17,60,155,1715,0.604081632653061,0,0,147,222,4,6455,2,786,4,2
"1458","2020-06-02",50,17,55,156,1715,0.604081632653061,0,0,147,222,NA,NA,7,793,NA,7
"1459","2020-06-03",48,17,46,158,1715,0.604081632653061,0,0,147,222,3,6458,3,796,3,3
"1460","2020-06-04",45,17,45,152,1715,0.604081632653061,0,0,147,222,NA,NA,2,798,NA,2
"1461","2020-06-05",52,17,52,146,1715,0.604081632653061,0,0,147,222,4,6462,9,807,4,9
"1462","2020-06-06",52,17,50,144,1715,0.604081632653061,0,0,147,222,1,6463,4,811,1,4
"1463","2020-06-07",44,17,51,141,1715,0.604081632653061,0,0,147,222,NA,NA,3,814,NA,3
"1464","2020-03-17",1,18,42,44,2004,0.839321357285429,0,0,175,338,6,19,4,35,3,4
"1465","2020-03-18",4,18,48,51,2004,0.839321357285429,0,0,175,338,3,22,4,39,3,4
"1466","2020-03-19",6,18,49,61,2004,0.839321357285429,0,0,175,338,4,26,13,52,3,13
"1467","2020-03-20",7,18,44,70,2004,0.839321357285429,0,0,175,338,7,33,8,60,7,8
"1468","2020-03-21",10,18,51,75,2004,0.839321357285429,0,0,175,338,8,41,5,65,5,5
"1469","2020-03-22",12,18,53,85,2004,0.839321357285429,0,0,175,338,7,48,5,70,4,5
"1470","2020-03-23",14,18,52,86,2004,0.839321357285429,0,0,175,338,9,57,10,80,7,10
"1471","2020-03-24",17,18,44,91,2004,0.839321357285429,0,0,175,338,8,65,13,93,8,13
"1472","2020-03-25",20,18,32,99,2004,0.839321357285429,0,0,175,338,5,70,6,99,2,6
"1473","2020-03-26",20,18,46,107,2004,0.839321357285429,0,0,175,338,12,82,8,107,11,8
"1474","2020-03-27",22,18,56,122,2004,0.839321357285429,0,0,175,338,10,92,10,117,9,10
"1475","2020-03-28",30,18,63,123,2004,0.839321357285429,0,0,175,338,11,103,16,133,7,16
"1476","2020-03-29",34,18,65,136,2004,0.839321357285429,0,0,175,338,12,115,6,139,11,6
"1477","2020-03-30",39,18,61,147,2004,0.839321357285429,0,0,175,338,17,132,4,143,15,4
"1478","2020-03-31",40,18,62,156,2004,0.839321357285429,0,0,175,338,14,146,5,148,9,5
"1479","2020-04-01",36,18,75,159,2004,0.839321357285429,0,0,175,338,30,176,6,154,26,6
"1480","2020-04-02",43,18,81,170,2004,0.839321357285429,0,0,175,338,17,193,8,162,15,8
"1481","2020-04-03",43,18,81,185,2004,0.839321357285429,0,0,175,338,22,215,7,169,20,7
"1482","2020-04-04",43,18,76,195,2004,0.839321357285429,0,0,175,338,22,237,17,186,19,17
"1483","2020-04-05",45,18,86,208,2004,0.839321357285429,0,0,175,338,25,262,12,198,24,12
"1484","2020-04-06",50,18,89,211,2004,0.839321357285429,0,0,175,338,24,286,11,209,22,11
"1485","2020-04-07",53,18,93,214,2004,0.839321357285429,0,0,175,338,19,305,12,221,18,12
"1486","2020-04-08",58,18,111,216,2004,0.839321357285429,0,0,175,338,19,324,12,233,19,12
"1487","2020-04-09",54,18,129,222,2004,0.839321357285429,0,0,175,338,26,350,16,249,25,16
"1488","2020-04-10",57,18,123,224,2004,0.839321357285429,0,0,175,338,23,373,8,257,20,8
"1489","2020-04-11",55,18,107,211,2004,0.839321357285429,0,0,175,338,18,391,12,269,15,12
"1490","2020-04-12",54,18,94,215,2004,0.839321357285429,0,0,175,338,37,428,9,278,36,9
"1491","2020-04-13",58,18,73,215,2004,0.839321357285429,0,0,175,338,31,459,7,285,28,7
"1492","2020-04-14",58,18,66,216,2004,0.839321357285429,0,0,175,338,31,490,4,289,30,4
"1493","2020-04-15",64,18,75,213,2004,0.839321357285429,0,0,175,338,27,517,4,293,26,4
"1494","2020-04-16",69,18,77,212,2004,0.839321357285429,0,0,175,338,36,553,4,297,34,4
"1495","2020-04-17",70,18,78,213,2004,0.839321357285429,0,0,175,338,30,583,2,299,25,2
"1496","2020-04-18",70,18,50,210,2004,0.839321357285429,0,0,175,338,40,623,11,310,39,11
"1497","2020-04-19",69,18,49,223,2004,0.839321357285429,0,0,175,338,48,671,6,316,47,6
"1498","2020-04-20",57,18,41,234,2004,0.839321357285429,0,0,175,338,50,721,2,318,49,2
"1499","2020-04-21",59,18,51,227,2004,0.839321357285429,0,0,175,338,30,751,14,332,25,14
"1500","2020-04-22",55,18,48,235,2004,0.839321357285429,0,0,175,338,39,790,4,336,36,4
"1501","2020-04-23",50,18,43,233,2004,0.839321357285429,0,0,175,338,27,817,4,340,27,4
"1502","2020-04-24",52,18,40,247,2004,0.839321357285429,0,0,175,338,35,852,4,344,34,4
"1503","2020-04-25",53,18,42,265,2004,0.839321357285429,0,0,175,338,38,890,4,348,31,4
"1504","2020-04-26",57,18,44,266,2004,0.839321357285429,0,0,175,338,42,932,11,359,34,11
"1505","2020-04-27",63,18,57,275,2004,0.839321357285429,0,0,175,338,38,970,4,363,34,4
"1506","2020-04-28",63,18,52,275,2004,0.839321357285429,0,0,175,338,51,1021,6,369,46,6
"1507","2020-04-29",59,18,63,279,2004,0.839321357285429,0,0,175,338,52,1073,9,378,47,9
"1508","2020-04-30",71,18,54,286,2004,0.839321357285429,0,0,175,338,36,1109,13,391,35,13
"1509","2020-05-01",73,18,58,289,2004,0.839321357285429,0,0,175,338,40,1149,7,398,38,7
"1510","2020-05-02",71,18,66,282,2004,0.839321357285429,0,0,175,338,44,1193,12,410,42,12
"1511","2020-05-03",72,18,62,296,2004,0.839321357285429,0,0,175,338,50,1243,5,415,49,5
"1512","2020-05-04",74,18,62,290,2004,0.839321357285429,0,0,175,338,35,1278,7,422,35,7
"1513","2020-05-05",69,18,55,299,2004,0.839321357285429,0,0,175,338,42,1320,10,432,40,10
"1514","2020-05-06",82,18,52,303,2004,0.839321357285429,0,0,175,338,43,1363,7,439,41,7
"1515","2020-05-07",78,18,48,298,2004,0.839321357285429,0,0,175,338,40,1403,4,443,40,4
"1516","2020-05-08",79,18,54,311,2004,0.839321357285429,0,0,175,338,27,1430,13,456,27,13
"1517","2020-05-09",87,18,60,330,2004,0.839321357285429,0,0,175,338,54,1484,20,476,51,20
"1518","2020-05-10",91,18,66,327,2004,0.839321357285429,0,0,175,338,36,1520,12,488,35,12
"1519","2020-05-11",94,18,70,323,2004,0.839321357285429,0,0,175,338,46,1566,8,496,44,8
"1520","2020-05-12",102,18,70,318,2004,0.839321357285429,0,0,175,338,42,1608,8,504,34,8
"1521","2020-05-13",98,18,74,311,2004,0.839321357285429,0,0,175,338,51,1659,16,520,49,16
"1522","2020-05-14",100,18,77,310,2004,0.839321357285429,0,0,175,338,29,1688,10,530,27,10
"1523","2020-05-15",96,18,75,312,2004,0.839321357285429,0,0,175,338,33,1721,22,552,33,22
"1524","2020-05-16",88,18,94,293,2004,0.839321357285429,0,0,175,338,34,1755,17,569,34,17
"1525","2020-05-17",87,18,113,286,2004,0.839321357285429,0,0,175,338,33,1788,9,578,31,9
"1526","2020-05-18",85,18,98,294,2004,0.839321357285429,0,0,175,338,23,1811,11,589,22,11
"1527","2020-05-19",88,18,79,300,2004,0.839321357285429,0,0,175,338,22,1833,11,600,21,11
"1528","2020-05-20",86,18,71,304,2004,0.839321357285429,0,0,175,338,30,1863,19,619,29,19
"1529","2020-05-21",83,18,65,289,2004,0.839321357285429,0,0,175,338,24,1887,7,626,22,7
"1530","2020-05-22",86,18,61,282,2004,0.839321357285429,0,0,175,338,20,1907,18,644,19,18
"1531","2020-05-23",88,18,52,289,2004,0.839321357285429,0,0,175,338,17,1924,11,655,16,11
"1532","2020-05-24",81,18,45,296,2004,0.839321357285429,0,0,175,338,25,1949,9,664,24,9
"1533","2020-05-25",84,18,44,295,2004,0.839321357285429,0,0,175,338,26,1975,15,679,26,15
"1534","2020-05-26",91,18,50,296,2004,0.839321357285429,0,0,175,338,26,2001,11,690,25,11
"1535","2020-05-27",89,18,58,300,2004,0.839321357285429,0,0,175,338,24,2025,3,693,23,3
"1536","2020-05-28",96,18,64,310,2004,0.839321357285429,0,0,175,338,21,2046,5,698,20,5
"1537","2020-05-29",97,18,59,323,2004,0.839321357285429,0,0,175,338,16,2062,17,715,15,17
"1538","2020-05-30",104,18,64,332,2004,0.839321357285429,0,0,175,338,21,2083,6,721,20,6
"1539","2020-05-31",103,18,57,328,2004,0.839321357285429,0,0,175,338,13,2096,9,730,13,9
"1540","2020-06-01",99,18,53,325,2004,0.839321357285429,0,0,175,338,26,2122,6,736,24,6
"1541","2020-06-02",86,18,46,326,2004,0.839321357285429,0,0,175,338,18,2140,5,741,17,5
"1542","2020-06-03",85,18,42,329,2004,0.839321357285429,0,0,175,338,22,2162,6,747,22,6
"1543","2020-06-04",81,18,45,325,2004,0.839321357285429,0,0,175,338,9,2171,6,753,8,6
"1544","2020-06-05",77,18,44,315,2004,0.839321357285429,0,0,175,338,19,2190,6,759,17,6
"1545","2020-06-06",66,18,42,298,2004,0.839321357285429,0,0,175,338,19,2209,4,763,19,4
"1546","2020-06-07",70,18,47,308,2004,0.839321357285429,0,0,175,338,25,2234,9,772,23,9
"1547","2020-03-15",1,19,24,46,1389,0.53491720662347,0,0,108,146,9,52,8,40,6,8
"1548","2020-03-16",2,19,22,54,1389,0.53491720662347,0,0,108,146,14,66,8,48,8,8
"1549","2020-03-17",5,19,31,72,1389,0.53491720662347,0,0,108,146,24,90,3,51,14,3
"1550","2020-03-18",10,19,28,80,1389,0.53491720662347,0,0,108,146,17,107,1,52,12,1
"1551","2020-03-19",13,19,21,92,1389,0.53491720662347,0,0,108,146,20,127,8,60,14,8
"1552","2020-03-20",18,19,23,101,1389,0.53491720662347,0,0,108,146,29,156,3,63,18,3
"1553","2020-03-21",21,19,19,112,1389,0.53491720662347,0,0,108,146,30,186,3,66,18,3
"1554","2020-03-22",23,19,24,122,1389,0.53491720662347,0,0,108,146,31,217,3,69,19,3
"1555","2020-03-23",23,19,15,132,1389,0.53491720662347,0,0,108,146,38,255,10,79,27,10
"1556","2020-03-24",22,19,17,146,1389,0.53491720662347,0,0,108,146,41,296,3,82,31,3
"1557","2020-03-25",23,19,19,154,1389,0.53491720662347,0,0,108,146,37,333,3,85,27,3
"1558","2020-03-26",24,19,21,162,1389,0.53491720662347,0,0,108,146,48,381,5,90,36,5
"1559","2020-03-27",27,19,20,166,1389,0.53491720662347,0,0,108,146,37,418,11,101,28,11
"1560","2020-03-28",28,19,25,175,1389,0.53491720662347,0,0,108,146,50,468,7,108,41,7
"1561","2020-03-29",31,19,27,187,1389,0.53491720662347,0,0,108,146,35,503,8,116,25,8
"1562","2020-03-30",38,19,28,201,1389,0.53491720662347,0,0,108,146,49,552,5,121,39,5
"1563","2020-03-31",44,19,35,208,1389,0.53491720662347,0,0,108,146,56,608,8,129,53,8
"1564","2020-04-01",49,19,41,208,1389,0.53491720662347,0,0,108,146,57,665,7,136,47,7
"1565","2020-04-02",51,19,38,209,1389,0.53491720662347,0,0,108,146,40,705,8,144,33,8
"1566","2020-04-03",62,19,37,225,1389,0.53491720662347,0,0,108,146,43,748,10,154,36,10
"1567","2020-04-04",64,19,35,234,1389,0.53491720662347,0,0,108,146,43,791,12,166,34,12
"1568","2020-04-05",74,19,39,231,1389,0.53491720662347,0,0,108,146,43,834,9,175,29,9
"1569","2020-04-06",77,19,43,227,1389,0.53491720662347,0,0,108,146,37,871,4,179,29,4
"1570","2020-04-07",78,19,46,221,1389,0.53491720662347,0,0,108,146,38,909,7,186,34,7
"1571","2020-04-08",77,19,42,215,1389,0.53491720662347,0,0,108,146,54,963,5,191,43,5
"1572","2020-04-09",75,19,50,210,1389,0.53491720662347,0,0,108,146,61,1024,6,197,50,6
"1573","2020-04-10",67,19,44,208,1389,0.53491720662347,0,0,108,146,41,1065,2,199,32,2
"1574","2020-04-11",68,19,42,203,1389,0.53491720662347,0,0,108,146,45,1110,5,204,38,5
"1575","2020-04-12",57,19,45,193,1389,0.53491720662347,0,0,108,146,49,1159,18,222,41,18
"1576","2020-04-13",51,19,39,194,1389,0.53491720662347,0,0,108,146,62,1221,16,238,49,16
"1577","2020-04-14",46,19,47,187,1389,0.53491720662347,0,0,108,146,72,1293,11,249,64,11
"1578","2020-04-15",45,19,45,193,1389,0.53491720662347,0,0,108,146,64,1357,11,260,52,11
"1579","2020-04-16",49,19,51,196,1389,0.53491720662347,0,0,108,146,44,1401,6,266,38,6
"1580","2020-04-17",44,19,57,192,1389,0.53491720662347,0,0,108,146,51,1452,4,270,46,4
"1581","2020-04-18",47,19,50,190,1389,0.53491720662347,0,0,108,146,45,1497,NA,NA,38,NA
"1582","2020-04-19",51,19,46,193,1389,0.53491720662347,0,0,108,146,46,1543,4,274,36,4
"1583","2020-04-20",55,19,50,192,1389,0.53491720662347,0,0,108,146,53,1596,2,276,41,2
"1584","2020-04-21",63,19,48,190,1389,0.53491720662347,0,0,108,146,65,1661,2,278,58,2
"1585","2020-04-22",68,19,51,182,1389,0.53491720662347,0,0,108,146,52,1713,2,280,42,2
"1586","2020-04-23",67,19,49,182,1389,0.53491720662347,0,0,108,146,47,1760,1,281,37,1
"1587","2020-04-24",67,19,51,180,1389,0.53491720662347,0,0,108,146,45,1805,10,291,39,10
"1588","2020-04-25",61,19,47,178,1389,0.53491720662347,0,0,108,146,59,1864,17,308,49,17
"1589","2020-04-26",58,19,59,170,1389,0.53491720662347,0,0,108,146,55,1919,2,310,50,2
"1590","2020-04-27",58,19,59,167,1389,0.53491720662347,0,0,108,146,50,1969,22,332,43,22
"1591","2020-04-28",51,19,55,168,1389,0.53491720662347,0,0,108,146,46,2015,25,357,37,25
"1592","2020-04-29",42,19,50,183,1389,0.53491720662347,0,0,108,146,49,2064,20,377,40,20
"1593","2020-04-30",43,19,50,178,1389,0.53491720662347,0,0,108,146,41,2105,12,389,36,12
"1594","2020-05-01",42,19,55,183,1389,0.53491720662347,0,0,108,146,47,2152,14,403,42,14
"1595","2020-05-02",44,19,56,175,1389,0.53491720662347,0,0,108,146,45,2197,24,427,31,24
"1596","2020-05-03",42,19,56,182,1389,0.53491720662347,0,0,108,146,36,2233,22,449,20,22
"1597","2020-05-04",47,19,45,181,1389,0.53491720662347,0,0,108,146,28,2261,17,466,19,17
"1598","2020-05-05",56,19,45,190,1389,0.53491720662347,0,0,108,146,41,2302,14,480,29,14
"1599","2020-05-06",60,19,49,191,1389,0.53491720662347,0,0,108,146,28,2330,11,491,20,11
"1600","2020-05-07",58,19,56,185,1389,0.53491720662347,0,0,108,146,20,2350,8,499,17,8
"1601","2020-05-08",61,19,53,179,1389,0.53491720662347,0,0,108,146,24,2374,17,516,17,17
"1602","2020-05-09",67,19,59,179,1389,0.53491720662347,0,0,108,146,34,2408,18,534,28,18
"1603","2020-05-10",72,19,63,173,1389,0.53491720662347,0,0,108,146,23,2431,11,545,18,11
"1604","2020-05-11",63,19,69,165,1389,0.53491720662347,0,0,108,146,33,2464,3,548,24,3
"1605","2020-05-12",53,19,62,166,1389,0.53491720662347,0,0,108,146,25,2489,10,558,24,10
"1606","2020-05-13",52,19,68,176,1389,0.53491720662347,0,0,108,146,27,2516,12,570,21,12
"1607","2020-05-14",55,19,68,175,1389,0.53491720662347,0,0,108,146,28,2544,2,572,16,2
"1608","2020-05-15",58,19,60,176,1389,0.53491720662347,0,0,108,146,34,2578,4,576,27,4
"1609","2020-05-16",53,19,59,173,1389,0.53491720662347,0,0,108,146,30,2608,7,583,25,7
"1610","2020-05-17",50,19,61,177,1389,0.53491720662347,0,0,108,146,27,2635,9,592,19,9
"1611","2020-05-18",56,19,49,166,1389,0.53491720662347,0,0,108,146,17,2652,8,600,15,8
"1612","2020-05-19",60,19,46,166,1389,0.53491720662347,0,0,108,146,32,2684,4,604,27,4
"1613","2020-05-20",56,19,43,167,1389,0.53491720662347,0,0,108,146,16,2700,1,605,13,1
"1614","2020-05-21",56,19,35,168,1389,0.53491720662347,0,0,108,146,18,2718,14,619,17,14
"1615","2020-05-22",55,19,35,177,1389,0.53491720662347,0,0,108,146,24,2742,9,628,17,9
"1616","2020-05-23",53,19,42,181,1389,0.53491720662347,0,0,108,146,12,2754,6,634,10,6
"1617","2020-05-24",58,19,38,172,1389,0.53491720662347,0,0,108,146,29,2783,16,650,24,16
"1618","2020-05-25",53,19,38,163,1389,0.53491720662347,0,0,108,146,18,2801,16,666,15,16
"1619","2020-05-26",59,19,45,160,1389,0.53491720662347,0,0,108,146,30,2831,4,670,23,4
"1620","2020-05-27",63,19,40,162,1389,0.53491720662347,0,0,108,146,14,2845,7,677,9,7
"1621","2020-05-28",63,19,47,152,1389,0.53491720662347,0,0,108,146,15,2860,4,681,11,4
"1622","2020-05-29",55,19,47,146,1389,0.53491720662347,0,0,108,146,14,2874,7,688,9,7
"1623","2020-05-30",56,19,48,137,1389,0.53491720662347,0,0,108,146,21,2895,5,693,15,5
"1624","2020-05-31",50,19,44,133,1389,0.53491720662347,0,0,108,146,17,2912,3,696,15,3
"1625","2020-06-01",47,19,44,135,1389,0.53491720662347,0,0,108,146,23,2935,13,709,16,13
"1626","2020-06-02",38,19,43,128,1389,0.53491720662347,0,0,108,146,11,2946,5,714,9,5
"1627","2020-06-03",37,19,46,122,1389,0.53491720662347,0,0,108,146,18,2964,5,719,14,5
"1628","2020-06-04",33,19,39,119,1389,0.53491720662347,0,0,108,146,16,2980,8,727,12,8
"1629","2020-06-05",40,19,43,116,1389,0.53491720662347,0,0,108,146,14,2994,3,730,10,3
"1630","2020-06-06",39,19,39,115,1389,0.53491720662347,0,0,108,146,9,3003,2,732,5,2
"1631","2020-06-07",44,19,46,117,1389,0.53491720662347,0,0,108,146,10,3013,8,740,7,8
"1632","2020-03-15",1,20,20,19,4031,0.964773009178864,0,0,392,279,5,20,5,11,2,5
"1633","2020-03-16",2,20,26,22,4031,0.964773009178864,0,0,392,279,10,30,6,17,5,6
"1634","2020-03-17",3,20,30,31,4031,0.964773009178864,0,0,392,279,5,35,1,18,2,1
"1635","2020-03-18",5,20,28,41,4031,0.964773009178864,0,0,392,279,9,44,5,23,7,5
"1636","2020-03-19",6,20,32,46,4031,0.964773009178864,0,0,392,279,7,51,10,33,5,10
"1637","2020-03-20",10,20,38,58,4031,0.964773009178864,0,0,392,279,14,65,11,44,9,11
"1638","2020-03-21",12,20,39,70,4031,0.964773009178864,0,0,392,279,8,73,4,48,4,4
"1639","2020-03-22",15,20,38,85,4031,0.964773009178864,0,0,392,279,15,88,7,55,9,7
"1640","2020-03-23",15,20,45,111,4031,0.964773009178864,0,0,392,279,15,103,10,65,12,10
"1641","2020-03-24",16,20,43,119,4031,0.964773009178864,0,0,392,279,15,118,5,70,11,5
"1642","2020-03-25",16,20,52,143,4031,0.964773009178864,0,0,392,279,18,136,9,79,14,9
"1643","2020-03-26",18,20,58,161,4031,0.964773009178864,0,0,392,279,12,148,10,89,8,10
"1644","2020-03-27",21,20,62,179,4031,0.964773009178864,0,0,392,279,15,163,8,97,14,8
"1645","2020-03-28",28,20,64,198,4031,0.964773009178864,0,0,392,279,24,187,9,106,21,9
"1646","2020-03-29",32,20,72,211,4031,0.964773009178864,0,0,392,279,17,204,7,113,17,7
"1647","2020-03-30",39,20,73,233,4031,0.964773009178864,0,0,392,279,17,221,10,123,14,10
"1648","2020-03-31",51,20,58,246,4031,0.964773009178864,0,0,392,279,22,243,17,140,17,17
"1649","2020-04-01",57,20,53,271,4031,0.964773009178864,0,0,392,279,23,266,15,155,20,15
"1650","2020-04-02",64,20,35,297,4031,0.964773009178864,0,0,392,279,25,291,13,168,21,13
"1651","2020-04-03",67,20,39,325,4031,0.964773009178864,0,0,392,279,25,316,9,177,16,9
"1652","2020-04-04",72,20,42,340,4031,0.964773009178864,0,0,392,279,22,338,13,190,20,13
"1653","2020-04-05",76,20,60,358,4031,0.964773009178864,0,0,392,279,26,364,11,201,25,11
"1654","2020-04-06",79,20,64,392,4031,0.964773009178864,0,0,392,279,27,391,12,213,21,12
"1655","2020-04-07",80,20,62,440,4031,0.964773009178864,0,0,392,279,31,422,6,219,25,6
"1656","2020-04-08",90,20,63,461,4031,0.964773009178864,0,0,392,279,19,441,9,228,17,9
"1657","2020-04-09",97,20,69,478,4031,0.964773009178864,0,0,392,279,34,475,10,238,30,10
"1658","2020-04-10",115,20,71,492,4031,0.964773009178864,0,0,392,279,29,504,5,243,22,5
"1659","2020-04-11",126,20,78,493,4031,0.964773009178864,0,0,392,279,31,535,13,256,29,13
"1660","2020-04-12",138,20,67,495,4031,0.964773009178864,0,0,392,279,24,559,6,262,21,6
"1661","2020-04-13",140,20,57,516,4031,0.964773009178864,0,0,392,279,42,601,15,277,36,15
"1662","2020-04-14",143,20,50,550,4031,0.964773009178864,0,0,392,279,34,635,18,295,30,18
"1663","2020-04-15",148,20,46,555,4031,0.964773009178864,0,0,392,279,35,670,16,311,30,16
"1664","2020-04-16",158,20,42,576,4031,0.964773009178864,0,0,392,279,31,701,7,318,26,7
"1665","2020-04-17",155,20,38,571,4031,0.964773009178864,0,0,392,279,33,734,18,336,28,18
"1666","2020-04-18",152,20,51,590,4031,0.964773009178864,0,0,392,279,43,777,21,357,38,21
"1667","2020-04-19",148,20,71,614,4031,0.964773009178864,0,0,392,279,23,800,19,376,19,19
"1668","2020-04-20",159,20,78,630,4031,0.964773009178864,0,0,392,279,24,824,12,388,18,12
"1669","2020-04-21",159,20,76,646,4031,0.964773009178864,0,0,392,279,33,857,28,416,31,28
"1670","2020-04-22",165,20,73,669,4031,0.964773009178864,0,0,392,279,28,885,14,430,26,14
"1671","2020-04-23",164,20,71,700,4031,0.964773009178864,0,0,392,279,28,913,21,451,23,21
"1672","2020-04-24",164,20,72,705,4031,0.964773009178864,0,0,392,279,21,934,22,473,17,22
"1673","2020-04-25",168,20,81,737,4031,0.964773009178864,0,0,392,279,21,955,21,494,17,21
"1674","2020-04-26",188,20,87,749,4031,0.964773009178864,0,0,392,279,20,975,21,515,17,21
"1675","2020-04-27",184,20,99,739,4031,0.964773009178864,0,0,392,279,23,998,18,533,20,18
"1676","2020-04-28",202,20,105,767,4031,0.964773009178864,0,0,392,279,23,1021,15,548,22,15
"1677","2020-04-29",199,20,96,759,4031,0.964773009178864,0,0,392,279,17,1038,13,561,16,13
"1678","2020-04-30",196,20,86,752,4031,0.964773009178864,0,0,392,279,11,1049,17,578,9,17
"1679","2020-05-01",204,20,74,760,4031,0.964773009178864,0,0,392,279,20,1069,17,595,16,17
"1680","2020-05-02",209,20,70,770,4031,0.964773009178864,0,0,392,279,23,1092,12,607,19,12
"1681","2020-05-03",207,20,69,781,4031,0.964773009178864,0,0,392,279,27,1119,17,624,24,17
"1682","2020-05-04",220,20,63,807,4031,0.964773009178864,0,0,392,279,25,1144,19,643,21,19
"1683","2020-05-05",215,20,71,781,4031,0.964773009178864,0,0,392,279,33,1177,13,656,29,13
"1684","2020-05-06",219,20,66,788,4031,0.964773009178864,0,0,392,279,24,1201,16,672,16,16
"1685","2020-05-07",228,20,67,776,4031,0.964773009178864,0,0,392,279,18,1219,13,685,14,13
"1686","2020-05-08",221,20,65,759,4031,0.964773009178864,0,0,392,279,30,1249,20,705,29,20
"1687","2020-05-09",225,20,78,738,4031,0.964773009178864,0,0,392,279,26,1275,19,724,21,19
"1688","2020-05-10",207,20,63,717,4031,0.964773009178864,0,0,392,279,35,1310,14,738,29,14
"1689","2020-05-11",200,20,62,706,4031,0.964773009178864,0,0,392,279,31,1341,16,754,29,16
"1690","2020-05-12",199,20,61,689,4031,0.964773009178864,0,0,392,279,26,1367,10,764,23,10
"1691","2020-05-13",198,20,73,683,4031,0.964773009178864,0,0,392,279,34,1401,5,769,34,5
"1692","2020-05-14",194,20,77,692,4031,0.964773009178864,0,0,392,279,26,1427,15,784,20,15
"1693","2020-05-15",202,20,74,684,4031,0.964773009178864,0,0,392,279,19,1446,13,797,19,13
"1694","2020-05-16",195,20,75,662,4031,0.964773009178864,0,0,392,279,17,1463,7,804,14,7
"1695","2020-05-17",201,20,81,653,4031,0.964773009178864,0,0,392,279,27,1490,19,823,26,19
"1696","2020-05-18",201,20,88,637,4031,0.964773009178864,0,0,392,279,31,1521,11,834,27,11
"1697","2020-05-19",205,20,87,619,4031,0.964773009178864,0,0,392,279,29,1550,12,846,24,12
"1698","2020-05-20",201,20,81,603,4031,0.964773009178864,0,0,392,279,26,1576,13,859,22,13
"1699","2020-05-21",206,20,84,587,4031,0.964773009178864,0,0,392,279,25,1601,10,869,23,10
"1700","2020-05-22",187,20,79,559,4031,0.964773009178864,0,0,392,279,17,1618,14,883,15,14
"1701","2020-05-23",183,20,83,555,4031,0.964773009178864,0,0,392,279,28,1646,9,892,28,9
"1702","2020-05-24",173,20,77,555,4031,0.964773009178864,0,0,392,279,28,1674,11,903,25,11
"1703","2020-05-25",172,20,70,549,4031,0.964773009178864,0,0,392,279,29,1703,16,919,28,16
"1704","2020-05-26",159,20,69,532,4031,0.964773009178864,0,0,392,279,25,1728,11,930,23,11
"1705","2020-05-27",162,20,58,523,4031,0.964773009178864,0,0,392,279,31,1759,12,942,30,12
"1706","2020-05-28",152,20,60,512,4031,0.964773009178864,0,0,392,279,30,1789,15,957,28,15
"1707","2020-05-29",154,20,55,500,4031,0.964773009178864,0,0,392,279,28,1817,12,969,27,12
"1708","2020-05-30",157,20,50,486,4031,0.964773009178864,0,0,392,279,16,1833,7,976,14,7
"1709","2020-05-31",163,20,43,496,4031,0.964773009178864,0,0,392,279,26,1859,12,988,26,12
"1710","2020-06-01",169,20,44,469,4031,0.964773009178864,0,0,392,279,22,1881,9,997,21,9
"1711","2020-06-02",172,20,44,463,4031,0.964773009178864,0,0,392,279,13,1894,11,1008,13,11
"1712","2020-06-03",158,20,43,448,4031,0.964773009178864,0,0,392,279,32,1926,8,1016,29,8
"1713","2020-06-04",153,20,41,430,4031,0.964773009178864,0,0,392,279,19,1945,5,1021,18,5
"1714","2020-06-05",162,20,40,400,4031,0.964773009178864,0,0,392,279,27,1972,5,1026,26,5
"1715","2020-06-06",144,20,41,372,4031,0.964773009178864,0,0,392,279,23,1995,9,1035,22,9
"1716","2020-06-07",139,20,37,341,4031,0.964773009178864,0,0,392,279,15,2010,5,1040,15,5
