"","Date","Absents","Paramset","Infections_or_Exposed_per_day_Patient","Infections_or_Exposed_per_day_HCW","total_infections","nosocomial_proportion","PCR_pooled","LFD_pooled","HCW_symp_test","patient_symp_test","new_hcw_infs","cumulative_hcw_infs","new_pat_infs","cumulative_pats_infs","new_nosocomial_hcw_infs","new_nosocomial_pat_infs"
"1","2020-03-15",4,1,57,136,6043,0.72530200231673,0,0,560,293,37,136,11,56,12,11
"2","2020-03-16",10,1,55,181,6043,0.72530200231673,0,0,560,293,45,181,7,63,25,7
"3","2020-03-17",16,1,61,212,6043,0.72530200231673,0,0,560,293,33,214,13,76,12,13
"4","2020-03-18",25,1,56,269,6043,0.72530200231673,0,0,560,293,59,273,5,81,38,5
"5","2020-03-19",35,1,53,330,6043,0.72530200231673,0,0,560,293,69,342,9,90,43,9
"6","2020-03-20",45,1,44,379,6043,0.72530200231673,0,0,560,293,59,401,10,100,38,10
"7","2020-03-21",54,1,53,431,6043,0.72530200231673,0,0,560,293,64,465,12,112,41,12
"8","2020-03-22",71,1,57,493,6043,0.72530200231673,0,0,560,293,77,542,12,124,51,12
"9","2020-03-23",86,1,77,534,6043,0.72530200231673,0,0,560,293,68,610,22,146,47,22
"10","2020-03-24",99,1,76,582,6043,0.72530200231673,0,0,560,293,67,677,16,162,53,16
"11","2020-03-25",112,1,70,632,6043,0.72530200231673,0,0,560,293,79,756,14,176,62,14
"12","2020-03-26",122,1,76,701,6043,0.72530200231673,0,0,560,293,104,860,13,189,83,13
"13","2020-03-27",141,1,73,764,6043,0.72530200231673,0,0,560,293,103,963,8,197,80,8
"14","2020-03-28",165,1,58,844,6043,0.72530200231673,0,0,560,293,127,1090,6,203,100,6
"15","2020-03-29",172,1,64,897,6043,0.72530200231673,0,0,560,293,110,1200,16,219,88,16
"16","2020-03-30",189,1,56,980,6043,0.72530200231673,0,0,560,293,137,1337,4,223,108,4
"17","2020-03-31",210,1,62,1020,6043,0.72530200231673,0,0,560,293,106,1443,24,247,87,24
"18","2020-04-01",232,1,73,1035,6043,0.72530200231673,0,0,560,293,95,1538,15,262,80,15
"19","2020-04-02",257,1,85,1106,6043,0.72530200231673,0,0,560,293,136,1674,24,286,112,24
"20","2020-04-03",281,1,90,1173,6043,0.72530200231673,0,0,560,293,136,1810,19,305,110,19
"21","2020-04-04",293,1,85,1248,6043,0.72530200231673,0,0,560,293,149,1959,19,324,130,19
"22","2020-04-05",319,1,92,1283,6043,0.72530200231673,0,0,560,293,121,2080,19,343,102,19
"23","2020-04-06",339,1,110,1313,6043,0.72530200231673,0,0,560,293,129,2209,33,376,110,33
"24","2020-04-07",359,1,111,1341,6043,0.72530200231673,0,0,560,293,124,2333,20,396,107,20
"25","2020-04-08",371,1,106,1372,6043,0.72530200231673,0,0,560,293,127,2460,16,412,108,16
"26","2020-04-09",384,1,89,1386,6043,0.72530200231673,0,0,560,293,130,2590,8,420,107,8
"27","2020-04-10",380,1,93,1395,6043,0.72530200231673,0,0,560,293,128,2718,16,436,108,16
"28","2020-04-11",385,1,82,1394,6043,0.72530200231673,0,0,560,293,126,2844,8,444,105,8
"29","2020-04-12",383,1,83,1412,6043,0.72530200231673,0,0,560,293,132,2976,21,465,100,21
"30","2020-04-13",391,1,90,1403,6043,0.72530200231673,0,0,560,293,120,3096,15,480,108,15
"31","2020-04-14",399,1,88,1442,6043,0.72530200231673,0,0,560,293,145,3241,15,495,121,15
"32","2020-04-15",391,1,98,1409,6043,0.72530200231673,0,0,560,293,95,3336,23,518,79,23
"33","2020-04-16",373,1,112,1369,6043,0.72530200231673,0,0,560,293,109,3445,26,544,92,26
"34","2020-04-17",393,1,120,1334,6043,0.72530200231673,0,0,560,293,94,3539,25,569,77,25
"35","2020-04-18",391,1,117,1296,6043,0.72530200231673,0,0,560,293,92,3631,17,586,66,17
"36","2020-04-19",399,1,117,1270,6043,0.72530200231673,0,0,560,293,102,3733,19,605,86,19
"37","2020-04-20",400,1,122,1263,6043,0.72530200231673,0,0,560,293,110,3843,25,630,88,25
"38","2020-04-21",376,1,113,1261,6043,0.72530200231673,0,0,560,293,109,3952,21,651,90,21
"39","2020-04-22",374,1,130,1223,6043,0.72530200231673,0,0,560,293,92,4044,26,677,74,26
"40","2020-04-23",391,1,128,1195,6043,0.72530200231673,0,0,560,293,84,4128,21,698,68,21
"41","2020-04-24",367,1,130,1156,6043,0.72530200231673,0,0,560,293,92,4220,18,716,81,18
"42","2020-04-25",353,1,124,1120,6043,0.72530200231673,0,0,560,293,86,4306,28,744,65,29
"43","2020-04-26",341,1,106,1102,6043,0.72530200231673,0,0,560,293,91,4397,13,757,68,13
"44","2020-04-27",308,1,93,1091,6043,0.72530200231673,0,0,560,293,96,4493,16,773,78,16
"45","2020-04-28",309,1,101,1038,6043,0.72530200231673,0,0,560,293,67,4560,29,802,52,29
"46","2020-04-29",315,1,101,1003,6043,0.72530200231673,0,0,560,293,71,4631,19,821,56,19
"47","2020-04-30",301,1,105,970,6043,0.72530200231673,0,0,560,293,68,4699,18,839,55,18
"48","2020-05-01",294,1,87,959,6043,0.72530200231673,0,0,560,293,85,4784,10,849,62,10
"49","2020-05-02",290,1,83,928,6043,0.72530200231673,0,0,560,293,55,4839,11,860,39,11
"50","2020-05-03",280,1,77,878,6043,0.72530200231673,0,0,560,293,48,4887,24,884,34,24
"51","2020-05-04",278,1,76,835,6043,0.72530200231673,0,0,560,293,49,4936,12,896,31,12
"52","2020-05-05",273,1,106,794,6043,0.72530200231673,0,0,560,293,52,4988,34,930,36,34
"53","2020-05-06",251,1,98,734,6043,0.72530200231673,0,0,560,293,40,5028,20,950,31,20
"54","2020-05-07",237,1,102,673,6043,0.72530200231673,0,0,560,293,31,5059,16,966,26,16
"55","2020-05-08",221,1,108,663,6043,0.72530200231673,0,0,560,293,58,5117,21,987,46,21
"56","2020-05-09",214,1,107,625,6043,0.72530200231673,0,0,560,293,37,5154,17,1004,29,17
"57","2020-05-10",196,1,126,573,6043,0.72530200231673,0,0,560,293,33,5187,33,1037,25,33
"58","2020-05-11",189,1,125,538,6043,0.72530200231673,0,0,560,293,36,5223,23,1060,22,23
"59","2020-05-12",171,1,126,515,6043,0.72530200231673,0,0,560,293,39,5262,24,1084,25,24
"60","2020-05-13",164,1,138,496,6043,0.72530200231673,0,0,560,293,41,5303,32,1116,29,32
"61","2020-05-14",162,1,135,469,6043,0.72530200231673,0,0,560,293,27,5330,30,1146,24,30
"62","2020-05-15",156,1,132,459,6043,0.72530200231673,0,0,560,293,32,5362,25,1171,15,25
"63","2020-05-16",153,1,135,428,6043,0.72530200231673,0,0,560,293,31,5393,20,1191,20,20
"64","2020-05-17",143,1,129,403,6043,0.72530200231673,0,0,560,293,25,5418,17,1208,14,17
"65","2020-05-18",132,1,133,372,6043,0.72530200231673,0,0,560,293,21,5439,27,1235,12,27
"66","2020-05-19",125,1,123,373,6043,0.72530200231673,0,0,560,293,41,5480,15,1250,24,15
"67","2020-05-20",113,1,113,354,6043,0.72530200231673,0,0,560,293,19,5499,17,1267,14,17
"68","2020-05-21",99,1,94,340,6043,0.72530200231673,0,0,560,293,27,5526,10,1277,17,10
"69","2020-05-22",96,1,93,326,6043,0.72530200231673,0,0,560,293,22,5548,16,1293,11,16
"70","2020-05-23",91,1,83,299,6043,0.72530200231673,0,0,560,293,10,5558,15,1308,7,15
"71","2020-05-24",91,1,97,272,6043,0.72530200231673,0,0,560,293,12,5570,25,1333,6,25
"72","2020-05-25",90,1,93,253,6043,0.72530200231673,0,0,560,293,14,5584,17,1350,6,17
"73","2020-05-26",87,1,110,237,6043,0.72530200231673,0,0,560,293,17,5601,34,1384,10,34
"74","2020-05-27",82,1,110,237,6043,0.72530200231673,0,0,560,293,18,5619,18,1402,11,18
"75","2020-05-28",76,1,117,212,6043,0.72530200231673,0,0,560,293,6,5625,24,1426,1,24
"76","2020-05-29",71,1,125,198,6043,0.72530200231673,0,0,560,293,12,5637,28,1454,6,28
"77","2020-05-30",64,1,123,194,6043,0.72530200231673,0,0,560,293,19,5656,26,1480,13,26
"78","2020-05-31",56,1,131,189,6043,0.72530200231673,0,0,560,293,12,5668,30,1510,7,30
"79","2020-06-01",49,1,125,173,6043,0.72530200231673,0,0,560,293,13,5681,23,1533,8,23
"80","2020-06-02",47,1,133,167,6043,0.72530200231673,0,0,560,293,18,5699,26,1559,11,26
"81","2020-06-03",50,1,135,154,6043,0.72530200231673,0,0,560,293,9,5708,19,1578,4,19
"82","2020-06-04",47,1,120,149,6043,0.72530200231673,0,0,560,293,10,5718,15,1593,7,15
"83","2020-06-05",47,1,118,138,6043,0.72530200231673,0,0,560,293,10,5728,25,1618,3,25
"84","2020-06-06",44,1,114,141,6043,0.72530200231673,0,0,560,293,13,5741,20,1638,5,20
"85","2020-06-07",50,1,107,136,6043,0.72530200231673,0,0,560,293,8,5749,16,1654,4,16
"86","2020-03-15",2,2,33,45,3681,0.724259712034773,0,0,291,209,34,110,8,22,8,8
"87","2020-03-16",4,2,31,56,3681,0.724259712034773,0,0,291,209,22,132,14,36,7,14
"88","2020-03-17",6,2,28,70,3681,0.724259712034773,0,0,291,209,30,162,5,41,12,5
"89","2020-03-18",10,2,29,86,3681,0.724259712034773,0,0,291,209,29,191,12,53,12,12
"90","2020-03-19",12,2,29,107,3681,0.724259712034773,0,0,291,209,35,226,14,67,18,14
"91","2020-03-20",14,2,39,131,3681,0.724259712034773,0,0,291,209,33,259,10,77,11,10
"92","2020-03-21",16,2,38,151,3681,0.724259712034773,0,0,291,209,30,289,14,91,17,14
"93","2020-03-22",19,2,36,172,3681,0.724259712034773,0,0,291,209,32,321,6,97,16,6
"94","2020-03-23",23,2,30,203,3681,0.724259712034773,0,0,291,209,37,358,5,102,16,5
"95","2020-03-24",31,2,31,231,3681,0.724259712034773,0,0,291,209,32,390,12,114,13,12
"96","2020-03-25",39,2,34,257,3681,0.724259712034773,0,0,291,209,39,429,10,124,12,10
"97","2020-03-26",50,2,29,283,3681,0.724259712034773,0,0,291,209,32,461,14,138,17,14
"98","2020-03-27",61,2,36,319,3681,0.724259712034773,0,0,291,209,43,504,9,147,27,9
"99","2020-03-28",69,2,52,333,3681,0.724259712034773,0,0,291,209,39,543,15,162,15,15
"100","2020-03-29",86,2,49,357,3681,0.724259712034773,0,0,291,209,38,581,15,177,19,15
"101","2020-03-30",91,2,47,375,3681,0.724259712034773,0,0,291,209,33,614,14,191,17,14
"102","2020-03-31",94,2,58,416,3681,0.724259712034773,0,0,291,209,36,650,13,204,18,13
"103","2020-04-01",102,2,51,448,3681,0.724259712034773,0,0,291,209,27,677,18,222,12,18
"104","2020-04-02",111,2,55,460,3681,0.724259712034773,0,0,291,209,37,714,19,241,14,19
"105","2020-04-03",116,2,49,481,3681,0.724259712034773,0,0,291,209,24,738,22,263,2,22
"106","2020-04-04",120,2,52,493,3681,0.724259712034773,0,0,291,209,46,784,16,279,14,16
"107","2020-04-05",118,2,59,499,3681,0.724259712034773,0,0,291,209,30,814,20,299,11,20
"108","2020-04-06",120,2,69,505,3681,0.724259712034773,0,0,291,209,42,856,20,319,19,20
"109","2020-04-07",126,2,68,522,3681,0.724259712034773,0,0,291,209,30,886,15,334,15,15
"110","2020-04-08",123,2,87,520,3681,0.724259712034773,0,0,291,209,33,919,17,351,16,17
"111","2020-04-09",121,2,81,538,3681,0.724259712034773,0,0,291,209,31,950,10,361,13,10
"112","2020-04-10",122,2,70,556,3681,0.724259712034773,0,0,291,209,31,981,15,376,12,15
"113","2020-04-11",136,2,72,562,3681,0.724259712034773,0,0,291,209,39,1020,10,386,19,10
"114","2020-04-12",144,2,71,562,3681,0.724259712034773,0,0,291,209,39,1059,14,400,17,14
"115","2020-04-13",144,2,64,576,3681,0.724259712034773,0,0,291,209,32,1091,15,415,7,15
"116","2020-04-14",142,2,63,594,3681,0.724259712034773,0,0,291,209,47,1138,11,426,19,11
"117","2020-04-15",149,2,66,614,3681,0.724259712034773,0,0,291,209,36,1174,20,446,19,20
"118","2020-04-16",152,2,66,640,3681,0.724259712034773,0,0,291,209,45,1219,15,461,16,15
"119","2020-04-17",154,2,69,662,3681,0.724259712034773,0,0,291,209,41,1260,24,485,14,24
"120","2020-04-18",148,2,80,673,3681,0.724259712034773,0,0,291,209,42,1302,22,507,18,22
"121","2020-04-19",152,2,93,673,3681,0.724259712034773,0,0,291,209,48,1350,20,527,19,20
"122","2020-04-20",174,2,96,693,3681,0.724259712034773,0,0,291,209,40,1390,20,547,22,20
"123","2020-04-21",186,2,105,708,3681,0.724259712034773,0,0,291,209,39,1429,14,561,21,14
"124","2020-04-22",192,2,121,713,3681,0.724259712034773,0,0,291,209,44,1473,11,572,24,11
"125","2020-04-23",201,2,131,715,3681,0.724259712034773,0,0,291,209,44,1517,20,592,17,20
"126","2020-04-24",195,2,132,718,3681,0.724259712034773,0,0,291,209,43,1560,20,612,13,20
"127","2020-04-25",209,2,124,712,3681,0.724259712034773,0,0,291,209,62,1622,18,630,27,18
"128","2020-04-26",214,2,106,703,3681,0.724259712034773,0,0,291,209,30,1652,29,659,13,29
"129","2020-04-27",212,2,114,689,3681,0.724259712034773,0,0,291,209,31,1683,25,684,9,25
"130","2020-04-28",210,2,108,673,3681,0.724259712034773,0,0,291,209,36,1719,30,714,14,30
"131","2020-04-29",211,2,105,663,3681,0.724259712034773,0,0,291,209,45,1764,37,751,22,37
"132","2020-04-30",203,2,95,668,3681,0.724259712034773,0,0,291,209,34,1798,31,782,12,31
"133","2020-05-01",233,2,94,649,3681,0.724259712034773,0,0,291,209,36,1834,28,810,12,28
"134","2020-05-02",226,2,81,633,3681,0.724259712034773,0,0,291,209,37,1871,26,836,16,26
"135","2020-05-03",205,2,105,613,3681,0.724259712034773,0,0,291,209,41,1912,32,868,12,32
"136","2020-05-04",198,2,96,591,3681,0.724259712034773,0,0,291,209,29,1941,33,901,11,33
"137","2020-05-05",200,2,77,575,3681,0.724259712034773,0,0,291,209,26,1967,27,928,14,27
"138","2020-05-06",195,2,75,565,3681,0.724259712034773,0,0,291,209,33,2000,28,956,14,28
"139","2020-05-07",193,2,67,570,3681,0.724259712034773,0,0,291,209,25,2025,10,966,14,10
"140","2020-05-08",174,2,66,564,3681,0.724259712034773,0,0,291,209,38,2063,33,999,8,33
"141","2020-05-09",159,2,64,551,3681,0.724259712034773,0,0,291,209,31,2094,22,1021,13,22
"142","2020-05-10",159,2,60,550,3681,0.724259712034773,0,0,291,209,36,2130,19,1040,13,19
"143","2020-05-11",154,2,57,551,3681,0.724259712034773,0,0,291,209,44,2174,19,1059,15,19
"144","2020-05-12",148,2,56,539,3681,0.724259712034773,0,0,291,209,30,2204,28,1087,14,28
"145","2020-05-13",144,2,69,542,3681,0.724259712034773,0,0,291,209,24,2228,22,1109,8,22
"146","2020-05-14",145,2,81,515,3681,0.724259712034773,0,0,291,209,29,2257,20,1129,9,20
"147","2020-05-15",142,2,83,520,3681,0.724259712034773,0,0,291,209,27,2284,20,1149,12,20
"148","2020-05-16",160,2,74,521,3681,0.724259712034773,0,0,291,209,28,2312,23,1172,15,23
"149","2020-05-17",161,2,83,515,3681,0.724259712034773,0,0,291,209,32,2344,16,1188,12,16
"150","2020-05-18",155,2,74,501,3681,0.724259712034773,0,0,291,209,24,2368,16,1204,9,16
"151","2020-05-19",155,2,64,486,3681,0.724259712034773,0,0,291,209,20,2388,11,1215,7,11
"152","2020-05-20",156,2,68,467,3681,0.724259712034773,0,0,291,209,21,2409,11,1226,9,11
"153","2020-05-21",154,2,59,438,3681,0.724259712034773,0,0,291,209,22,2431,22,1248,10,22
"154","2020-05-22",158,2,64,427,3681,0.724259712034773,0,0,291,209,31,2462,15,1263,13,15
"155","2020-05-23",139,2,73,405,3681,0.724259712034773,0,0,291,209,24,2486,13,1276,14,13
"156","2020-05-24",141,2,81,388,3681,0.724259712034773,0,0,291,209,29,2515,11,1287,17,11
"157","2020-05-25",144,2,69,391,3681,0.724259712034773,0,0,291,209,30,2545,25,1312,11,25
"158","2020-05-26",141,2,59,364,3681,0.724259712034773,0,0,291,209,16,2561,23,1335,4,23
"159","2020-05-27",136,2,54,349,3681,0.724259712034773,0,0,291,209,22,2583,19,1354,15,19
"160","2020-05-28",122,2,59,330,3681,0.724259712034773,0,0,291,209,26,2609,23,1377,9,23
"161","2020-05-29",105,2,67,321,3681,0.724259712034773,0,0,291,209,16,2625,23,1400,10,23
"162","2020-05-30",99,2,66,290,3681,0.724259712034773,0,0,291,209,20,2645,13,1413,6,13
"163","2020-05-31",92,2,71,265,3681,0.724259712034773,0,0,291,209,13,2658,18,1431,6,18
"164","2020-06-01",83,2,64,253,3681,0.724259712034773,0,0,291,209,18,2676,16,1447,7,16
"165","2020-06-02",73,2,65,239,3681,0.724259712034773,0,0,291,209,17,2693,15,1462,7,15
"166","2020-06-03",62,2,68,219,3681,0.724259712034773,0,0,291,209,21,2714,18,1480,12,18
"167","2020-06-04",68,2,56,209,3681,0.724259712034773,0,0,291,209,11,2725,12,1492,5,12
"168","2020-06-05",74,2,46,203,3681,0.724259712034773,0,0,291,209,10,2735,16,1508,6,16
"169","2020-06-06",72,2,38,202,3681,0.724259712034773,0,0,291,209,16,2751,13,1521,11,13
"170","2020-06-07",65,2,46,198,3681,0.724259712034773,0,0,291,209,18,2769,7,1528,7,7
"171","2020-03-14",1,3,57,76,3489,0.503009458297506,0,0,297,661,4,36,7,21,1,7
"172","2020-03-15",2,3,61,106,3489,0.503009458297506,0,0,297,661,19,55,10,31,10,10
"173","2020-03-16",5,3,65,133,3489,0.503009458297506,0,0,297,661,15,70,8,39,12,8
"174","2020-03-17",9,3,75,166,3489,0.503009458297506,0,0,297,661,32,102,8,47,24,8
"175","2020-03-18",21,3,83,200,3489,0.503009458297506,0,0,297,661,36,138,9,56,30,9
"176","2020-03-19",32,3,101,235,3489,0.503009458297506,0,0,297,661,21,159,11,67,18,11
"177","2020-03-20",44,3,112,254,3489,0.503009458297506,0,0,297,661,37,196,13,80,29,13
"178","2020-03-21",57,3,150,299,3489,0.503009458297506,0,0,297,661,46,242,8,88,38,8
"179","2020-03-22",62,3,183,333,3489,0.503009458297506,0,0,297,661,43,285,14,102,41,14
"180","2020-03-23",74,3,202,351,3489,0.503009458297506,0,0,297,661,41,326,11,113,35,11
"181","2020-03-24",81,3,203,374,3489,0.503009458297506,0,0,297,661,61,387,10,123,51,10
"182","2020-03-25",80,3,207,388,3489,0.503009458297506,0,0,297,661,56,443,5,128,51,5
"183","2020-03-26",88,3,214,393,3489,0.503009458297506,0,0,297,661,75,518,18,146,70,18
"184","2020-03-27",96,3,216,405,3489,0.503009458297506,0,0,297,661,78,596,22,168,69,22
"185","2020-03-28",103,3,195,428,3489,0.503009458297506,0,0,297,661,79,675,22,190,73,22
"186","2020-03-29",111,3,200,433,3489,0.503009458297506,0,0,297,661,98,773,24,214,91,24
"187","2020-03-30",125,3,217,437,3489,0.503009458297506,0,0,297,661,88,861,21,235,84,21
"188","2020-03-31",129,3,234,452,3489,0.503009458297506,0,0,297,661,128,989,31,266,121,31
"189","2020-04-01",133,3,246,467,3489,0.503009458297506,0,0,297,661,100,1089,28,294,93,28
"190","2020-04-02",124,3,229,485,3489,0.503009458297506,0,0,297,661,105,1194,36,330,99,36
"191","2020-04-03",128,3,226,487,3489,0.503009458297506,0,0,297,661,97,1291,14,344,96,14
"192","2020-04-04",117,3,214,493,3489,0.503009458297506,0,0,297,661,135,1426,28,372,124,28
"193","2020-04-05",124,3,203,490,3489,0.503009458297506,0,0,297,661,144,1570,35,407,141,35
"194","2020-04-06",112,3,195,501,3489,0.503009458297506,0,0,297,661,135,1705,22,429,128,22
"195","2020-04-07",124,3,180,496,3489,0.503009458297506,0,0,297,661,135,1840,30,459,127,30
"196","2020-04-08",125,3,196,496,3489,0.503009458297506,0,0,297,661,146,1986,20,479,137,20
"197","2020-04-09",131,3,182,512,3489,0.503009458297506,0,0,297,661,139,2125,19,498,136,19
"198","2020-04-10",126,3,197,508,3489,0.503009458297506,0,0,297,661,148,2273,25,523,143,25
"199","2020-04-11",144,3,207,515,3489,0.503009458297506,0,0,297,661,135,2408,32,555,127,32
"200","2020-04-12",147,3,203,501,3489,0.503009458297506,0,0,297,661,139,2547,35,590,135,35
"201","2020-04-13",151,3,201,506,3489,0.503009458297506,0,0,297,661,161,2708,33,623,156,33
"202","2020-04-14",142,3,212,514,3489,0.503009458297506,0,0,297,661,130,2838,31,654,127,31
"203","2020-04-15",147,3,268,514,3489,0.503009458297506,0,0,297,661,164,3002,22,676,161,22
"204","2020-04-16",147,3,297,524,3489,0.503009458297506,0,0,297,661,116,3118,19,695,112,19
"205","2020-04-17",153,3,275,550,3489,0.503009458297506,0,0,297,661,155,3273,30,725,148,30
"206","2020-04-18",146,3,269,563,3489,0.503009458297506,0,0,297,661,137,3410,36,761,131,36
"207","2020-04-19",142,3,283,572,3489,0.503009458297506,0,0,297,661,145,3555,32,793,141,32
"208","2020-04-20",140,3,280,586,3489,0.503009458297506,0,0,297,661,155,3710,29,822,150,29
"209","2020-04-21",148,3,289,593,3489,0.503009458297506,0,0,297,661,115,3825,35,857,113,35
"210","2020-04-22",148,3,289,573,3489,0.503009458297506,0,0,297,661,115,3940,19,876,114,19
"211","2020-04-23",162,3,271,579,3489,0.503009458297506,0,0,297,661,109,4049,15,891,105,15
"212","2020-04-24",157,3,267,595,3489,0.503009458297506,0,0,297,661,112,4161,35,926,109,35
"213","2020-04-25",157,3,303,598,3489,0.503009458297506,0,0,297,661,116,4277,34,960,109,34
"214","2020-04-26",155,3,285,610,3489,0.503009458297506,0,0,297,661,99,4376,41,1001,97,41
"215","2020-04-27",160,3,273,600,3489,0.503009458297506,0,0,297,661,105,4481,38,1039,100,38
"216","2020-04-28",157,3,283,575,3489,0.503009458297506,0,0,297,661,75,4556,33,1072,71,33
"217","2020-04-29",171,3,300,566,3489,0.503009458297506,0,0,297,661,82,4638,39,1111,76,39
"218","2020-04-30",169,3,300,569,3489,0.503009458297506,0,0,297,661,70,4708,30,1141,65,30
"219","2020-05-01",170,3,290,563,3489,0.503009458297506,0,0,297,661,61,4769,26,1167,56,26
"220","2020-05-02",167,3,293,551,3489,0.503009458297506,0,0,297,661,67,4836,20,1187,64,20
"221","2020-05-03",169,3,290,547,3489,0.503009458297506,0,0,297,661,77,4913,23,1210,70,23
"222","2020-05-04",169,3,266,537,3489,0.503009458297506,0,0,297,661,58,4971,28,1238,51,28
"223","2020-05-05",168,3,269,535,3489,0.503009458297506,0,0,297,661,47,5018,36,1274,45,36
"224","2020-05-06",146,3,259,531,3489,0.503009458297506,0,0,297,661,48,5066,16,1290,42,16
"225","2020-05-07",139,3,245,505,3489,0.503009458297506,0,0,297,661,31,5097,27,1317,27,27
"226","2020-05-08",140,3,264,480,3489,0.503009458297506,0,0,297,661,53,5150,25,1342,51,25
"227","2020-05-09",143,3,287,471,3489,0.503009458297506,0,0,297,661,32,5182,19,1361,29,19
"228","2020-05-10",132,3,282,466,3489,0.503009458297506,0,0,297,661,42,5224,19,1380,41,19
"229","2020-05-11",127,3,266,458,3489,0.503009458297506,0,0,297,661,25,5249,11,1391,23,11
"230","2020-05-12",120,3,255,440,3489,0.503009458297506,0,0,297,661,37,5286,23,1414,35,23
"231","2020-05-13",127,3,265,419,3489,0.503009458297506,0,0,297,661,20,5306,22,1436,19,22
"232","2020-05-14",119,3,258,400,3489,0.503009458297506,0,0,297,661,32,5338,27,1463,30,27
"233","2020-05-15",112,3,259,400,3489,0.503009458297506,0,0,297,661,14,5352,40,1503,11,40
"234","2020-05-16",109,3,245,391,3489,0.503009458297506,0,0,297,661,21,5373,25,1528,16,25
"235","2020-05-17",119,3,253,387,3489,0.503009458297506,0,0,297,661,20,5393,24,1552,20,24
"236","2020-05-18",125,3,257,388,3489,0.503009458297506,0,0,297,661,13,5406,23,1575,12,23
"237","2020-05-19",126,3,231,384,3489,0.503009458297506,0,0,297,661,14,5420,24,1599,11,24
"238","2020-05-20",123,3,238,382,3489,0.503009458297506,0,0,297,661,11,5431,15,1614,9,15
"239","2020-05-21",119,3,251,377,3489,0.503009458297506,0,0,297,661,15,5446,32,1646,12,32
"240","2020-05-22",112,3,258,378,3489,0.503009458297506,0,0,297,661,14,5460,18,1664,12,18
"241","2020-05-23",108,3,243,359,3489,0.503009458297506,0,0,297,661,10,5470,24,1688,8,24
"242","2020-05-24",112,3,275,337,3489,0.503009458297506,0,0,297,661,27,5497,26,1714,26,26
"243","2020-05-25",108,3,302,327,3489,0.503009458297506,0,0,297,661,9,5506,18,1732,6,18
"244","2020-05-26",106,3,293,301,3489,0.503009458297506,0,0,297,661,14,5520,19,1751,13,19
"245","2020-05-27",97,3,282,288,3489,0.503009458297506,0,0,297,661,10,5530,28,1779,7,28
"246","2020-05-28",97,3,275,268,3489,0.503009458297506,0,0,297,661,14,5544,31,1810,14,31
"247","2020-05-29",95,3,245,260,3489,0.503009458297506,0,0,297,661,6,5550,33,1843,5,33
"248","2020-05-30",93,3,231,251,3489,0.503009458297506,0,0,297,661,17,5567,35,1878,16,35
"249","2020-05-31",78,3,233,241,3489,0.503009458297506,0,0,297,661,18,5585,30,1908,14,30
"250","2020-06-01",63,3,248,232,3489,0.503009458297506,0,0,297,661,16,5601,35,1943,14,35
"251","2020-06-02",62,3,263,218,3489,0.503009458297506,0,0,297,661,4,5605,24,1967,3,24
"252","2020-06-03",59,3,275,215,3489,0.503009458297506,0,0,297,661,12,5617,21,1988,11,21
"253","2020-06-04",57,3,278,206,3489,0.503009458297506,0,0,297,661,7,5624,26,2014,7,26
"254","2020-06-05",60,3,254,202,3489,0.503009458297506,0,0,297,661,9,5633,34,2048,9,34
"255","2020-06-06",53,3,245,186,3489,0.503009458297506,0,0,297,661,7,5640,30,2078,5,30
"256","2020-06-07",55,3,237,178,3489,0.503009458297506,0,0,297,661,6,5646,22,2100,5,22
"257","2020-03-12",1,4,21,16,3581,0.765987154426138,0,0,322,324,16,44,22,31,2,22
"258","2020-03-13",1,4,22,26,3581,0.765987154426138,0,0,322,324,27,71,16,47,8,16
"259","2020-03-14",1,4,22,39,3581,0.765987154426138,0,0,322,324,38,109,20,67,16,20
"260","2020-03-15",2,4,27,51,3581,0.765987154426138,0,0,322,324,40,149,11,78,20,11
"261","2020-03-16",2,4,37,68,3581,0.765987154426138,0,0,322,324,47,196,10,88,27,10
"262","2020-03-17",3,4,35,81,3581,0.765987154426138,0,0,322,324,48,244,6,94,29,6
"263","2020-03-18",9,4,49,100,3581,0.765987154426138,0,0,322,324,77,321,8,102,60,8
"264","2020-03-19",14,4,55,123,3581,0.765987154426138,0,0,322,324,76,397,15,117,50,15
"265","2020-03-20",18,4,58,143,3581,0.765987154426138,0,0,322,324,104,501,26,143,80,26
"266","2020-03-21",23,4,62,168,3581,0.765987154426138,0,0,322,324,130,631,21,164,109,21
"267","2020-03-22",28,4,64,197,3581,0.765987154426138,0,0,322,324,143,774,20,184,125,20
"268","2020-03-23",37,4,68,216,3581,0.765987154426138,0,0,322,324,167,941,31,215,149,31
"269","2020-03-24",45,4,63,235,3581,0.765987154426138,0,0,322,324,203,1144,25,240,182,25
"270","2020-03-25",51,4,79,247,3581,0.765987154426138,0,0,322,324,246,1390,11,251,223,11
"271","2020-03-26",57,4,91,262,3581,0.765987154426138,0,0,322,324,243,1633,32,283,221,32
"272","2020-03-27",67,4,80,276,3581,0.765987154426138,0,0,322,324,280,1913,41,324,266,41
"273","2020-03-28",75,4,85,302,3581,0.765987154426138,0,0,322,324,399,2312,15,339,375,15
"274","2020-03-29",77,4,81,316,3581,0.765987154426138,0,0,322,324,390,2702,47,386,368,47
"275","2020-03-30",80,4,77,330,3581,0.765987154426138,0,0,322,324,447,3149,34,420,430,34
"276","2020-03-31",85,4,63,346,3581,0.765987154426138,0,0,322,324,499,3648,53,473,487,53
"277","2020-04-01",86,4,86,360,3581,0.765987154426138,0,0,322,324,565,4213,40,513,552,40
"278","2020-04-02",91,4,99,384,3581,0.765987154426138,0,0,322,324,484,4697,36,549,471,36
"279","2020-04-03",99,4,97,410,3581,0.765987154426138,0,0,322,324,556,5253,13,562,544,13
"280","2020-04-04",99,4,91,415,3581,0.765987154426138,0,0,322,324,368,5621,48,610,362,48
"281","2020-04-05",103,4,96,430,3581,0.765987154426138,0,0,322,324,384,6005,27,637,372,27
"282","2020-04-06",105,4,87,446,3581,0.765987154426138,0,0,322,324,333,6338,24,661,328,24
"283","2020-04-07",112,4,81,469,3581,0.765987154426138,0,0,322,324,238,6576,46,707,232,46
"284","2020-04-08",120,4,96,481,3581,0.765987154426138,0,0,322,324,231,6807,56,763,225,56
"285","2020-04-09",120,4,102,487,3581,0.765987154426138,0,0,322,324,162,6969,60,823,158,60
"286","2020-04-10",121,4,89,492,3581,0.765987154426138,0,0,322,324,143,7112,35,858,141,35
"287","2020-04-11",128,4,78,522,3581,0.765987154426138,0,0,322,324,103,7215,51,909,99,51
"288","2020-04-12",137,4,75,518,3581,0.765987154426138,0,0,322,324,94,7309,55,964,91,55
"289","2020-04-13",143,4,70,535,3581,0.765987154426138,0,0,322,324,87,7396,28,992,86,28
"290","2020-04-14",148,4,71,529,3581,0.765987154426138,0,0,322,324,58,7454,22,1014,58,22
"291","2020-04-15",149,4,91,539,3581,0.765987154426138,0,0,322,324,38,7492,53,1067,37,53
"292","2020-04-16",147,4,93,550,3581,0.765987154426138,0,0,322,324,41,7533,46,1113,39,46
"293","2020-04-17",143,4,84,578,3581,0.765987154426138,0,0,322,324,28,7561,67,1180,25,67
"294","2020-04-18",146,4,85,577,3581,0.765987154426138,0,0,322,324,27,7588,67,1247,21,67
"295","2020-04-19",143,4,88,574,3581,0.765987154426138,0,0,322,324,14,7602,37,1284,14,37
"296","2020-04-20",144,4,104,571,3581,0.765987154426138,0,0,322,324,16,7618,26,1310,12,26
"297","2020-04-21",150,4,127,586,3581,0.765987154426138,0,0,322,324,12,7630,28,1338,11,28
"298","2020-04-22",147,4,106,574,3581,0.765987154426138,0,0,322,324,8,7638,42,1380,6,42
"299","2020-04-23",152,4,97,588,3581,0.765987154426138,0,0,322,324,6,7644,56,1436,6,56
"300","2020-04-24",157,4,114,601,3581,0.765987154426138,0,0,322,324,15,7659,64,1500,12,64
"301","2020-04-25",157,4,107,604,3581,0.765987154426138,0,0,322,324,5,7664,37,1537,3,37
"302","2020-04-26",169,4,103,602,3581,0.765987154426138,0,0,322,324,3,7667,67,1604,3,67
"303","2020-04-27",168,4,107,615,3581,0.765987154426138,0,0,322,324,6,7673,51,1655,4,51
"304","2020-04-28",157,4,94,609,3581,0.765987154426138,0,0,322,324,4,7677,26,1681,2,26
"305","2020-04-29",160,4,95,612,3581,0.765987154426138,0,0,322,324,4,7681,24,1705,2,24
"306","2020-04-30",171,4,90,599,3581,0.765987154426138,0,0,322,324,2,7683,27,1732,2,27
"307","2020-05-01",172,4,127,598,3581,0.765987154426138,0,0,322,324,4,7687,15,1747,4,15
"308","2020-05-02",176,4,138,595,3581,0.765987154426138,0,0,322,324,4,7691,14,1761,2,14
"309","2020-05-03",168,4,116,593,3581,0.765987154426138,0,0,322,324,1,7692,23,1784,NA,23
"310","2020-05-04",172,4,98,605,3581,0.765987154426138,0,0,322,324,1,7693,42,1826,NA,42
"311","2020-05-05",181,4,104,589,3581,0.765987154426138,0,0,322,324,2,7695,26,1852,2,26
"312","2020-05-06",184,4,109,600,3581,0.765987154426138,0,0,322,324,2,7697,13,1865,1,13
"313","2020-05-07",175,4,126,593,3581,0.765987154426138,0,0,322,324,NA,NA,9,1874,NA,9
"314","2020-05-08",183,4,125,578,3581,0.765987154426138,0,0,322,324,2,7699,10,1884,NA,10
"315","2020-05-09",182,4,105,592,3581,0.765987154426138,0,0,322,324,3,7702,2,1886,3,2
"316","2020-05-10",175,4,86,595,3581,0.765987154426138,0,0,322,324,1,7703,10,1896,NA,10
"317","2020-05-11",180,4,68,576,3581,0.765987154426138,0,0,322,324,NA,NA,41,1937,NA,41
"318","2020-05-12",177,4,63,570,3581,0.765987154426138,0,0,322,324,2,7705,12,1949,1,12
"319","2020-05-13",178,4,59,584,3581,0.765987154426138,0,0,322,324,1,7706,14,1963,1,14
"320","2020-05-14",174,4,57,574,3581,0.765987154426138,0,0,322,324,NA,NA,8,1971,NA,8
"321","2020-05-15",171,4,58,582,3581,0.765987154426138,0,0,322,324,2,7708,37,2008,NA,37
"322","2020-05-16",159,4,60,550,3581,0.765987154426138,0,0,322,324,1,7709,20,2028,1,20
"323","2020-05-17",165,4,53,528,3581,0.765987154426138,0,0,322,324,NA,NA,41,2069,NA,41
"324","2020-05-18",156,4,49,496,3581,0.765987154426138,0,0,322,324,1,7710,27,2096,1,27
"325","2020-05-19",150,4,47,484,3581,0.765987154426138,0,0,322,324,NA,NA,12,2108,NA,12
"326","2020-05-20",144,4,42,473,3581,0.765987154426138,0,0,322,324,2,7712,34,2142,NA,34
"327","2020-05-21",142,4,43,451,3581,0.765987154426138,0,0,322,324,4,7716,29,2171,3,29
"328","2020-05-22",129,4,48,441,3581,0.765987154426138,0,0,322,324,NA,NA,26,2197,NA,26
"329","2020-05-23",131,4,50,418,3581,0.765987154426138,0,0,322,324,NA,NA,42,2239,NA,42
"330","2020-05-24",122,4,72,410,3581,0.765987154426138,0,0,322,324,NA,NA,11,2250,NA,11
"331","2020-05-25",125,4,67,398,3581,0.765987154426138,0,0,322,324,NA,NA,18,2268,NA,18
"332","2020-05-26",117,4,61,397,3581,0.765987154426138,0,0,322,324,NA,NA,8,2276,NA,8
"333","2020-05-27",110,4,62,369,3581,0.765987154426138,0,0,322,324,NA,NA,12,2288,NA,12
"334","2020-05-28",106,4,59,352,3581,0.765987154426138,0,0,322,324,1,7717,6,2294,NA,6
"335","2020-05-29",97,4,54,342,3581,0.765987154426138,0,0,322,324,NA,NA,16,2310,NA,16
"336","2020-05-30",94,4,47,322,3581,0.765987154426138,0,0,322,324,NA,NA,36,2346,NA,36
"337","2020-05-31",92,4,57,293,3581,0.765987154426138,0,0,322,324,1,7718,41,2387,NA,41
"338","2020-06-01",77,4,42,288,3581,0.765987154426138,0,0,322,324,4,7722,39,2426,1,39
"339","2020-06-02",71,4,39,275,3581,0.765987154426138,0,0,322,324,NA,NA,50,2476,NA,50
"340","2020-06-03",71,4,54,257,3581,0.765987154426138,0,0,322,324,2,7724,38,2514,1,38
"341","2020-06-04",76,4,62,245,3581,0.765987154426138,0,0,322,324,1,7725,51,2565,1,51
"342","2020-06-05",78,4,72,248,3581,0.765987154426138,0,0,322,324,2,7727,27,2592,2,27
"343","2020-06-06",78,4,66,233,3581,0.765987154426138,0,0,322,324,1,7728,35,2627,NA,35
"344","2020-06-07",75,4,60,228,3581,0.765987154426138,0,0,322,324,1,7729,16,2643,NA,16
"345","2020-03-15",3,5,23,81,2917,0.56085018854988,0,0,261,274,13,48,19,48,8,19
"346","2020-03-16",6,5,30,94,2917,0.56085018854988,0,0,261,274,9,57,23,71,3,23
"347","2020-03-17",10,5,25,122,2917,0.56085018854988,0,0,261,274,17,74,17,88,12,17
"348","2020-03-18",17,5,26,139,2917,0.56085018854988,0,0,261,274,12,86,14,102,7,14
"349","2020-03-19",25,5,25,173,2917,0.56085018854988,0,0,261,274,23,109,15,117,21,15
"350","2020-03-20",33,5,18,192,2917,0.56085018854988,0,0,261,274,16,125,9,126,13,9
"351","2020-03-21",48,5,21,220,2917,0.56085018854988,0,0,261,274,15,140,9,135,9,9
"352","2020-03-22",59,5,24,253,2917,0.56085018854988,0,0,261,274,29,169,5,140,23,5
"353","2020-03-23",68,5,31,261,2917,0.56085018854988,0,0,261,274,29,198,13,153,20,13
"354","2020-03-24",81,5,36,290,2917,0.56085018854988,0,0,261,274,17,215,10,163,14,10
"355","2020-03-25",82,5,43,310,2917,0.56085018854988,0,0,261,274,33,248,23,186,24,23
"356","2020-03-26",87,5,41,321,2917,0.56085018854988,0,0,261,274,32,280,6,192,21,6
"357","2020-03-27",92,5,47,343,2917,0.56085018854988,0,0,261,274,21,301,10,202,15,10
"358","2020-03-28",90,5,65,359,2917,0.56085018854988,0,0,261,274,50,351,17,219,38,17
"359","2020-03-29",93,5,59,374,2917,0.56085018854988,0,0,261,274,39,390,24,243,35,24
"360","2020-03-30",96,5,59,374,2917,0.56085018854988,0,0,261,274,35,425,33,276,28,33
"361","2020-03-31",88,5,64,393,2917,0.56085018854988,0,0,261,274,43,468,23,299,32,23
"362","2020-04-01",100,5,61,409,2917,0.56085018854988,0,0,261,274,42,510,31,330,39,31
"363","2020-04-02",102,5,57,421,2917,0.56085018854988,0,0,261,274,36,546,29,359,31,29
"364","2020-04-03",108,5,52,413,2917,0.56085018854988,0,0,261,274,34,580,34,393,30,34
"365","2020-04-04",110,5,56,424,2917,0.56085018854988,0,0,261,274,41,621,30,423,34,30
"366","2020-04-05",106,5,58,424,2917,0.56085018854988,0,0,261,274,31,652,26,449,24,26
"367","2020-04-06",106,5,62,426,2917,0.56085018854988,0,0,261,274,42,694,17,466,30,17
"368","2020-04-07",112,5,61,427,2917,0.56085018854988,0,0,261,274,27,721,19,485,20,19
"369","2020-04-08",112,5,70,411,2917,0.56085018854988,0,0,261,274,41,762,26,511,31,26
"370","2020-04-09",111,5,70,420,2917,0.56085018854988,0,0,261,274,34,796,31,542,27,31
"371","2020-04-10",108,5,77,441,2917,0.56085018854988,0,0,261,274,35,831,23,565,27,23
"372","2020-04-11",108,5,75,457,2917,0.56085018854988,0,0,261,274,46,877,15,580,32,15
"373","2020-04-12",110,5,90,443,2917,0.56085018854988,0,0,261,274,35,912,11,591,26,11
"374","2020-04-13",120,5,97,424,2917,0.56085018854988,0,0,261,274,33,945,15,606,21,15
"375","2020-04-14",115,5,98,429,2917,0.56085018854988,0,0,261,274,33,978,16,622,27,16
"376","2020-04-15",120,5,105,442,2917,0.56085018854988,0,0,261,274,42,1020,33,655,29,33
"377","2020-04-16",124,5,100,453,2917,0.56085018854988,0,0,261,274,32,1052,21,676,21,21
"378","2020-04-17",128,5,88,447,2917,0.56085018854988,0,0,261,274,25,1077,25,701,18,25
"379","2020-04-18",129,5,87,441,2917,0.56085018854988,0,0,261,274,48,1125,29,730,36,29
"380","2020-04-19",130,5,94,443,2917,0.56085018854988,0,0,261,274,31,1156,24,754,24,24
"381","2020-04-20",120,5,80,438,2917,0.56085018854988,0,0,261,274,30,1186,37,791,25,37
"382","2020-04-21",122,5,83,435,2917,0.56085018854988,0,0,261,274,38,1224,43,834,23,43
"383","2020-04-22",113,5,76,428,2917,0.56085018854988,0,0,261,274,29,1253,36,870,20,36
"384","2020-04-23",111,5,68,430,2917,0.56085018854988,0,0,261,274,24,1277,49,919,17,49
"385","2020-04-24",103,5,61,429,2917,0.56085018854988,0,0,261,274,22,1299,33,952,13,33
"386","2020-04-25",107,5,68,440,2917,0.56085018854988,0,0,261,274,20,1319,45,997,12,45
"387","2020-04-26",112,5,70,449,2917,0.56085018854988,0,0,261,274,30,1349,40,1037,19,40
"388","2020-04-27",123,5,79,448,2917,0.56085018854988,0,0,261,274,28,1377,41,1078,17,41
"389","2020-04-28",128,5,86,433,2917,0.56085018854988,0,0,261,274,19,1396,25,1103,10,25
"390","2020-04-29",126,5,86,438,2917,0.56085018854988,0,0,261,274,25,1421,30,1133,11,30
"391","2020-04-30",125,5,82,440,2917,0.56085018854988,0,0,261,274,25,1446,30,1163,12,30
"392","2020-05-01",127,5,78,443,2917,0.56085018854988,0,0,261,274,23,1469,38,1201,14,38
"393","2020-05-02",119,5,74,453,2917,0.56085018854988,0,0,261,274,36,1505,39,1240,26,39
"394","2020-05-03",118,5,66,454,2917,0.56085018854988,0,0,261,274,30,1535,28,1268,18,28
"395","2020-05-04",115,5,80,448,2917,0.56085018854988,0,0,261,274,25,1560,36,1304,16,36
"396","2020-05-05",118,5,91,441,2917,0.56085018854988,0,0,261,274,27,1587,43,1347,19,43
"397","2020-05-06",116,5,93,444,2917,0.56085018854988,0,0,261,274,26,1613,38,1385,20,38
"398","2020-05-07",119,5,95,452,2917,0.56085018854988,0,0,261,274,20,1633,37,1422,13,37
"399","2020-05-08",125,5,98,433,2917,0.56085018854988,0,0,261,274,20,1653,26,1448,14,26
"400","2020-05-09",133,5,96,430,2917,0.56085018854988,0,0,261,274,20,1673,21,1469,10,21
"401","2020-05-10",132,5,87,426,2917,0.56085018854988,0,0,261,274,28,1701,22,1491,21,22
"402","2020-05-11",132,5,98,400,2917,0.56085018854988,0,0,261,274,19,1720,22,1513,8,22
"403","2020-05-12",126,5,99,374,2917,0.56085018854988,0,0,261,274,26,1746,37,1550,18,37
"404","2020-05-13",132,5,99,364,2917,0.56085018854988,0,0,261,274,22,1768,38,1588,20,38
"405","2020-05-14",131,5,93,357,2917,0.56085018854988,0,0,261,274,20,1788,25,1613,14,25
"406","2020-05-15",127,5,99,356,2917,0.56085018854988,0,0,261,274,15,1803,20,1633,9,20
"407","2020-05-16",124,5,97,350,2917,0.56085018854988,0,0,261,274,23,1826,12,1645,18,12
"408","2020-05-17",122,5,93,322,2917,0.56085018854988,0,0,261,274,30,1856,14,1659,17,14
"409","2020-05-18",104,5,92,321,2917,0.56085018854988,0,0,261,274,22,1878,13,1672,21,13
"410","2020-05-19",107,5,85,312,2917,0.56085018854988,0,0,261,274,19,1897,20,1692,14,20
"411","2020-05-20",100,5,80,295,2917,0.56085018854988,0,0,261,274,12,1909,17,1709,9,17
"412","2020-05-21",100,5,78,288,2917,0.56085018854988,0,0,261,274,23,1932,17,1726,17,17
"413","2020-05-22",90,5,64,279,2917,0.56085018854988,0,0,261,274,25,1957,34,1760,22,34
"414","2020-05-23",85,5,60,269,2917,0.56085018854988,0,0,261,274,18,1975,24,1784,12,24
"415","2020-05-24",80,5,64,260,2917,0.56085018854988,0,0,261,274,29,2004,30,1814,23,30
"416","2020-05-25",84,5,65,251,2917,0.56085018854988,0,0,261,274,18,2022,18,1832,13,18
"417","2020-05-26",79,5,67,253,2917,0.56085018854988,0,0,261,274,19,2041,32,1864,10,32
"418","2020-05-27",79,5,61,259,2917,0.56085018854988,0,0,261,274,24,2065,27,1891,18,27
"419","2020-05-28",70,5,71,260,2917,0.56085018854988,0,0,261,274,20,2085,37,1928,14,37
"420","2020-05-29",74,5,63,251,2917,0.56085018854988,0,0,261,274,18,2103,36,1964,13,36
"421","2020-05-30",77,5,56,257,2917,0.56085018854988,0,0,261,274,20,2123,18,1982,17,18
"422","2020-05-31",76,5,62,256,2917,0.56085018854988,0,0,261,274,8,2131,22,2004,4,22
"423","2020-06-01",77,5,64,248,2917,0.56085018854988,0,0,261,274,17,2148,21,2025,11,21
"424","2020-06-02",73,5,62,237,2917,0.56085018854988,0,0,261,274,18,2166,15,2040,12,15
"425","2020-06-03",70,5,64,243,2917,0.56085018854988,0,0,261,274,18,2184,20,2060,12,20
"426","2020-06-04",70,5,71,229,2917,0.56085018854988,0,0,261,274,18,2202,20,2080,12,20
"427","2020-06-05",71,5,75,229,2917,0.56085018854988,0,0,261,274,15,2217,14,2094,13,14
"428","2020-06-06",65,5,78,214,2917,0.56085018854988,0,0,261,274,16,2233,27,2121,15,27
"429","2020-06-07",64,5,77,204,2917,0.56085018854988,0,0,261,274,9,2242,32,2153,8,32
"430","2020-03-14",1,6,40,54,7615,0.934077478660538,0,0,630,459,19,54,14,42,4,14
"431","2020-03-15",2,6,45,84,7615,0.934077478660538,0,0,630,459,15,69,20,62,4,20
"432","2020-03-16",3,6,63,112,7615,0.934077478660538,0,0,630,459,19,88,15,77,6,15
"433","2020-03-17",6,6,54,141,7615,0.934077478660538,0,0,630,459,23,111,28,105,10,28
"434","2020-03-18",12,6,53,182,7615,0.934077478660538,0,0,630,459,21,132,19,124,10,19
"435","2020-03-19",17,6,54,234,7615,0.934077478660538,0,0,630,459,37,169,17,141,22,17
"436","2020-03-20",28,6,52,284,7615,0.934077478660538,0,0,630,459,36,205,12,153,20,12
"437","2020-03-21",45,6,51,338,7615,0.934077478660538,0,0,630,459,28,233,7,160,16,7
"438","2020-03-22",52,6,72,422,7615,0.934077478660538,0,0,630,459,30,263,8,168,17,8
"439","2020-03-23",71,6,77,514,7615,0.934077478660538,0,0,630,459,36,299,10,178,21,10
"440","2020-03-24",86,6,92,623,7615,0.934077478660538,0,0,630,459,26,325,16,194,20,16
"441","2020-03-25",97,6,109,730,7615,0.934077478660538,0,0,630,459,40,365,22,216,30,22
"442","2020-03-26",116,6,105,893,7615,0.934077478660538,0,0,630,459,43,408,33,249,31,33
"443","2020-03-27",134,6,123,1091,7615,0.934077478660538,0,0,630,459,27,435,27,276,13,27
"444","2020-03-28",156,6,109,1308,7615,0.934077478660538,0,0,630,459,41,476,27,303,31,27
"445","2020-03-29",180,6,113,1549,7615,0.934077478660538,0,0,630,459,35,511,9,312,19,9
"446","2020-03-30",213,6,125,1776,7615,0.934077478660538,0,0,630,459,39,550,32,344,19,32
"447","2020-03-31",251,6,124,2086,7615,0.934077478660538,0,0,630,459,44,594,28,372,28,28
"448","2020-04-01",311,6,113,2362,7615,0.934077478660538,0,0,630,459,38,632,30,402,30,30
"449","2020-04-02",372,6,103,2689,7615,0.934077478660538,0,0,630,459,28,660,22,424,17,22
"450","2020-04-03",455,6,112,2925,7615,0.934077478660538,0,0,630,459,29,689,22,446,10,22
"451","2020-04-04",532,6,100,3188,7615,0.934077478660538,0,0,630,459,34,723,9,455,19,9
"452","2020-04-05",643,6,89,3351,7615,0.934077478660538,0,0,630,459,33,756,29,484,24,29
"453","2020-04-06",738,6,87,3432,7615,0.934077478660538,0,0,630,459,41,797,13,497,14,13
"454","2020-04-07",806,6,101,3533,7615,0.934077478660538,0,0,630,459,31,828,19,516,18,19
"455","2020-04-08",877,6,117,3605,7615,0.934077478660538,0,0,630,459,32,860,34,550,21,34
"456","2020-04-09",946,6,136,3590,7615,0.934077478660538,0,0,630,459,40,900,34,584,23,34
"457","2020-04-10",964,6,132,3524,7615,0.934077478660538,0,0,630,459,28,928,23,607,9,23
"458","2020-04-11",983,6,119,3475,7615,0.934077478660538,0,0,630,459,38,966,16,623,19,16
"459","2020-04-12",1008,6,98,3353,7615,0.934077478660538,0,0,630,459,40,1006,34,657,22,34
"460","2020-04-13",995,6,112,3147,7615,0.934077478660538,0,0,630,459,28,1034,24,681,13,24
"461","2020-04-14",1005,6,116,2965,7615,0.934077478660538,0,0,630,459,36,1070,20,701,12,20
"462","2020-04-15",980,6,114,2740,7615,0.934077478660538,0,0,630,459,28,1098,13,714,5,13
"463","2020-04-16",941,6,140,2494,7615,0.934077478660538,0,0,630,459,35,1133,13,727,17,13
"464","2020-04-17",903,6,130,2258,7615,0.934077478660538,0,0,630,459,22,1155,20,747,12,20
"465","2020-04-18",863,6,145,2033,7615,0.934077478660538,0,0,630,459,26,1181,32,779,13,32
"466","2020-04-19",800,6,131,1791,7615,0.934077478660538,0,0,630,459,32,1213,19,798,18,19
"467","2020-04-20",731,6,126,1577,7615,0.934077478660538,0,0,630,459,32,1245,13,811,21,13
"468","2020-04-21",661,6,123,1407,7615,0.934077478660538,0,0,630,459,32,1277,9,820,16,9
"469","2020-04-22",593,6,109,1242,7615,0.934077478660538,0,0,630,459,32,1309,20,840,12,20
"470","2020-04-23",527,6,113,1099,7615,0.934077478660538,0,0,630,459,42,1351,13,853,14,13
"471","2020-04-24",478,6,112,957,7615,0.934077478660538,0,0,630,459,35,1386,7,860,14,7
"472","2020-04-25",420,6,97,791,7615,0.934077478660538,0,0,630,459,42,1428,3,863,25,3
"473","2020-04-26",342,6,86,654,7615,0.934077478660538,0,0,630,459,26,1454,14,877,15,14
"474","2020-04-27",301,6,74,555,7615,0.934077478660538,0,0,630,459,47,1501,8,885,24,8
"475","2020-04-28",257,6,68,459,7615,0.934077478660538,0,0,630,459,28,1529,12,897,14,12
"476","2020-04-29",227,6,71,386,7615,0.934077478660538,0,0,630,459,31,1560,5,902,19,5
"477","2020-04-30",194,6,75,323,7615,0.934077478660538,0,0,630,459,21,1581,8,910,10,8
"478","2020-05-01",156,6,92,274,7615,0.934077478660538,0,0,630,459,32,1613,18,928,17,18
"479","2020-05-02",128,6,101,227,7615,0.934077478660538,0,0,630,459,34,1647,19,947,17,19
"480","2020-05-03",114,6,117,193,7615,0.934077478660538,0,0,630,459,30,1677,15,962,14,15
"481","2020-05-04",99,6,108,173,7615,0.934077478660538,0,0,630,459,19,1696,12,974,4,12
"482","2020-05-05",84,6,107,144,7615,0.934077478660538,0,0,630,459,34,1730,27,1001,14,27
"483","2020-05-06",67,6,125,118,7615,0.934077478660538,0,0,630,459,34,1764,49,1050,22,49
"484","2020-05-07",55,6,145,100,7615,0.934077478660538,0,0,630,459,34,1798,19,1069,19,19
"485","2020-05-08",53,6,133,87,7615,0.934077478660538,0,0,630,459,36,1834,21,1090,23,21
"486","2020-05-09",46,6,141,81,7615,0.934077478660538,0,0,630,459,43,1877,18,1108,22,18
"487","2020-05-10",37,6,160,72,7615,0.934077478660538,0,0,630,459,33,1910,14,1122,14,14
"488","2020-05-11",28,6,139,60,7615,0.934077478660538,0,0,630,459,39,1949,34,1156,19,34
"489","2020-05-12",24,6,126,51,7615,0.934077478660538,0,0,630,459,18,1967,38,1194,9,38
"490","2020-05-13",18,6,118,48,7615,0.934077478660538,0,0,630,459,20,1987,25,1219,13,25
"491","2020-05-14",14,6,97,40,7615,0.934077478660538,0,0,630,459,25,2012,21,1240,13,21
"492","2020-05-15",11,6,82,39,7615,0.934077478660538,0,0,630,459,30,2042,25,1265,11,25
"493","2020-05-16",11,6,103,36,7615,0.934077478660538,0,0,630,459,20,2062,17,1282,10,17
"494","2020-05-17",9,6,140,37,7615,0.934077478660538,0,0,630,459,20,2082,36,1318,9,36
"495","2020-05-18",12,6,154,35,7615,0.934077478660538,0,0,630,459,24,2106,34,1352,11,34
"496","2020-05-19",11,6,153,33,7615,0.934077478660538,0,0,630,459,14,2120,17,1369,7,17
"497","2020-05-20",11,6,158,31,7615,0.934077478660538,0,0,630,459,25,2145,22,1391,9,22
"498","2020-05-21",11,6,174,32,7615,0.934077478660538,0,0,630,459,29,2174,19,1410,13,19
"499","2020-05-22",12,6,163,28,7615,0.934077478660538,0,0,630,459,9,2183,17,1427,6,17
"500","2020-05-23",12,6,155,24,7615,0.934077478660538,0,0,630,459,19,2202,17,1444,11,17
"501","2020-05-24",10,6,135,25,7615,0.934077478660538,0,0,630,459,7,2209,20,1464,3,20
"502","2020-05-25",11,6,152,25,7615,0.934077478660538,0,0,630,459,23,2232,22,1486,8,22
"503","2020-05-26",11,6,132,24,7615,0.934077478660538,0,0,630,459,19,2251,22,1508,12,22
"504","2020-05-27",9,6,115,21,7615,0.934077478660538,0,0,630,459,16,2267,25,1533,8,25
"505","2020-05-28",10,6,118,19,7615,0.934077478660538,0,0,630,459,19,2286,32,1565,10,32
"506","2020-05-29",9,6,87,22,7615,0.934077478660538,0,0,630,459,15,2301,15,1580,9,15
"507","2020-05-30",6,6,90,24,7615,0.934077478660538,0,0,630,459,24,2325,22,1602,14,22
"508","2020-05-31",6,6,91,25,7615,0.934077478660538,0,0,630,459,20,2345,15,1617,10,15
"509","2020-06-01",5,6,90,24,7615,0.934077478660538,0,0,630,459,18,2363,26,1643,10,26
"510","2020-06-02",6,6,75,28,7615,0.934077478660538,0,0,630,459,16,2379,15,1658,13,15
"511","2020-06-03",7,6,58,26,7615,0.934077478660538,0,0,630,459,19,2398,9,1667,9,9
"512","2020-06-04",8,6,62,24,7615,0.934077478660538,0,0,630,459,12,2410,15,1682,8,15
"513","2020-06-05",9,6,58,25,7615,0.934077478660538,0,0,630,459,10,2420,18,1700,9,18
"514","2020-06-06",13,6,59,24,7615,0.934077478660538,0,0,630,459,17,2437,25,1725,9,25
"515","2020-06-07",15,6,57,24,7615,0.934077478660538,0,0,630,459,12,2449,7,1732,10,7
"516","2020-03-13",2,7,20,70,3337,0.368594545999401,0,0,268,252,11,20,22,48,4,22
"517","2020-03-14",3,7,25,102,3337,0.368594545999401,0,0,268,252,11,31,15,63,2,15
"518","2020-03-15",8,7,22,130,3337,0.368594545999401,0,0,268,252,5,36,11,74,2,11
"519","2020-03-16",13,7,23,152,3337,0.368594545999401,0,0,268,252,17,53,8,82,4,8
"520","2020-03-17",21,7,43,172,3337,0.368594545999401,0,0,268,252,20,73,21,103,13,21
"521","2020-03-18",27,7,40,197,3337,0.368594545999401,0,0,268,252,7,80,7,110,3,7
"522","2020-03-19",38,7,49,213,3337,0.368594545999401,0,0,268,252,21,101,26,136,12,26
"523","2020-03-20",46,7,56,238,3337,0.368594545999401,0,0,268,252,19,120,27,163,11,27
"524","2020-03-21",52,7,54,275,3337,0.368594545999401,0,0,268,252,19,139,15,178,11,15
"525","2020-03-22",56,7,48,289,3337,0.368594545999401,0,0,268,252,30,169,9,187,20,9
"526","2020-03-23",60,7,43,310,3337,0.368594545999401,0,0,268,252,19,188,8,195,13,8
"527","2020-03-24",62,7,39,334,3337,0.368594545999401,0,0,268,252,24,212,3,198,16,3
"528","2020-03-25",71,7,48,344,3337,0.368594545999401,0,0,268,252,22,234,5,203,19,5
"529","2020-03-26",73,7,48,360,3337,0.368594545999401,0,0,268,252,33,267,1,204,21,1
"530","2020-03-27",76,7,57,366,3337,0.368594545999401,0,0,268,252,33,300,6,210,24,6
"531","2020-03-28",88,7,50,381,3337,0.368594545999401,0,0,268,252,30,330,26,236,23,26
"532","2020-03-29",96,7,47,398,3337,0.368594545999401,0,0,268,252,32,362,10,246,22,10
"533","2020-03-30",99,7,55,421,3337,0.368594545999401,0,0,268,252,35,397,9,255,29,9
"534","2020-03-31",104,7,64,434,3337,0.368594545999401,0,0,268,252,46,443,7,262,36,7
"535","2020-04-01",105,7,69,435,3337,0.368594545999401,0,0,268,252,39,482,9,271,31,9
"536","2020-04-02",106,7,69,435,3337,0.368594545999401,0,0,268,252,38,520,22,293,33,22
"537","2020-04-03",115,7,67,445,3337,0.368594545999401,0,0,268,252,41,561,24,317,34,24
"538","2020-04-04",119,7,62,455,3337,0.368594545999401,0,0,268,252,29,590,52,369,22,52
"539","2020-04-05",125,7,63,465,3337,0.368594545999401,0,0,268,252,28,618,24,393,23,24
"540","2020-04-06",129,7,58,463,3337,0.368594545999401,0,0,268,252,41,659,17,410,27,17
"541","2020-04-07",134,7,56,476,3337,0.368594545999401,0,0,268,252,27,686,14,424,21,14
"542","2020-04-08",135,7,72,497,3337,0.368594545999401,0,0,268,252,42,728,7,431,33,7
"543","2020-04-09",140,7,87,489,3337,0.368594545999401,0,0,268,252,40,768,8,439,25,8
"544","2020-04-10",132,7,87,512,3337,0.368594545999401,0,0,268,252,45,813,2,441,34,2
"545","2020-04-11",129,7,73,519,3337,0.368594545999401,0,0,268,252,25,838,3,444,19,3
"546","2020-04-12",124,7,66,505,3337,0.368594545999401,0,0,268,252,31,869,4,448,18,4
"547","2020-04-13",124,7,83,509,3337,0.368594545999401,0,0,268,252,39,908,30,478,30,30
"548","2020-04-14",119,7,80,508,3337,0.368594545999401,0,0,268,252,57,965,23,501,47,23
"549","2020-04-15",123,7,66,496,3337,0.368594545999401,0,0,268,252,40,1005,11,512,32,11
"550","2020-04-16",121,7,70,500,3337,0.368594545999401,0,0,268,252,53,1058,13,525,43,13
"551","2020-04-17",128,7,68,487,3337,0.368594545999401,0,0,268,252,52,1110,17,542,45,17
"552","2020-04-18",128,7,77,505,3337,0.368594545999401,0,0,268,252,38,1148,16,558,28,16
"553","2020-04-19",128,7,67,501,3337,0.368594545999401,0,0,268,252,36,1184,44,602,26,44
"554","2020-04-20",130,7,72,506,3337,0.368594545999401,0,0,268,252,40,1224,36,638,29,36
"555","2020-04-21",139,7,71,497,3337,0.368594545999401,0,0,268,252,53,1277,44,682,44,44
"556","2020-04-22",136,7,70,509,3337,0.368594545999401,0,0,268,252,38,1315,42,724,28,42
"557","2020-04-23",137,7,73,504,3337,0.368594545999401,0,0,268,252,34,1349,18,742,29,18
"558","2020-04-24",135,7,76,502,3337,0.368594545999401,0,0,268,252,40,1389,24,766,32,24
"559","2020-04-25",139,7,74,515,3337,0.368594545999401,0,0,268,252,33,1422,29,795,26,29
"560","2020-04-26",136,7,65,533,3337,0.368594545999401,0,0,268,252,24,1446,25,820,20,25
"561","2020-04-27",156,7,62,529,3337,0.368594545999401,0,0,268,252,41,1487,18,838,32,18
"562","2020-04-28",146,7,49,533,3337,0.368594545999401,0,0,268,252,33,1520,33,871,26,33
"563","2020-04-29",145,7,44,541,3337,0.368594545999401,0,0,268,252,37,1557,36,907,23,36
"564","2020-04-30",151,7,48,551,3337,0.368594545999401,0,0,268,252,36,1593,21,928,31,21
"565","2020-05-01",149,7,51,535,3337,0.368594545999401,0,0,268,252,27,1620,19,947,21,19
"566","2020-05-02",149,7,50,525,3337,0.368594545999401,0,0,268,252,21,1641,12,959,13,12
"567","2020-05-03",163,7,52,514,3337,0.368594545999401,0,0,268,252,25,1666,41,1000,23,41
"568","2020-05-04",141,7,58,506,3337,0.368594545999401,0,0,268,252,30,1696,35,1035,17,35
"569","2020-05-05",144,7,69,510,3337,0.368594545999401,0,0,268,252,25,1721,22,1057,17,22
"570","2020-05-06",150,7,71,509,3337,0.368594545999401,0,0,268,252,31,1752,18,1075,24,18
"571","2020-05-07",149,7,70,508,3337,0.368594545999401,0,0,268,252,38,1790,34,1109,22,34
"572","2020-05-08",147,7,78,498,3337,0.368594545999401,0,0,268,252,21,1811,23,1132,13,23
"573","2020-05-09",145,7,95,487,3337,0.368594545999401,0,0,268,252,23,1834,41,1173,14,41
"574","2020-05-10",139,7,98,494,3337,0.368594545999401,0,0,268,252,27,1861,23,1196,23,23
"575","2020-05-11",144,7,96,479,3337,0.368594545999401,0,0,268,252,22,1883,12,1208,17,12
"576","2020-05-12",147,7,93,472,3337,0.368594545999401,0,0,268,252,27,1910,8,1216,17,8
"577","2020-05-13",138,7,81,448,3337,0.368594545999401,0,0,268,252,26,1936,27,1243,20,27
"578","2020-05-14",124,7,71,435,3337,0.368594545999401,0,0,268,252,22,1958,19,1262,15,19
"579","2020-05-15",123,7,74,402,3337,0.368594545999401,0,0,268,252,22,1980,14,1276,15,14
"580","2020-05-16",121,7,70,387,3337,0.368594545999401,0,0,268,252,18,1998,10,1286,13,10
"581","2020-05-17",113,7,63,381,3337,0.368594545999401,0,0,268,252,23,2021,7,1293,18,7
"582","2020-05-18",105,7,67,374,3337,0.368594545999401,0,0,268,252,19,2040,22,1315,17,22
"583","2020-05-19",107,7,67,352,3337,0.368594545999401,0,0,268,252,26,2066,25,1340,21,25
"584","2020-05-20",105,7,64,353,3337,0.368594545999401,0,0,268,252,30,2096,37,1377,23,37
"585","2020-05-21",106,7,77,342,3337,0.368594545999401,0,0,268,252,13,2109,17,1394,10,17
"586","2020-05-22",106,7,76,328,3337,0.368594545999401,0,0,268,252,24,2133,10,1404,18,10
"587","2020-05-23",101,7,70,318,3337,0.368594545999401,0,0,268,252,23,2156,6,1410,18,6
"588","2020-05-24",102,7,66,307,3337,0.368594545999401,0,0,268,252,18,2174,9,1419,15,9
"589","2020-05-25",106,7,61,294,3337,0.368594545999401,0,0,268,252,27,2201,12,1431,23,12
"590","2020-05-26",96,7,53,284,3337,0.368594545999401,0,0,268,252,18,2219,7,1438,11,7
"591","2020-05-27",97,7,45,273,3337,0.368594545999401,0,0,268,252,19,2238,13,1451,18,13
"592","2020-05-28",100,7,49,261,3337,0.368594545999401,0,0,268,252,23,2261,11,1462,18,11
"593","2020-05-29",94,7,47,255,3337,0.368594545999401,0,0,268,252,23,2284,14,1476,18,14
"594","2020-05-30",88,7,52,247,3337,0.368594545999401,0,0,268,252,29,2313,8,1484,22,8
"595","2020-05-31",83,7,48,237,3337,0.368594545999401,0,0,268,252,22,2335,7,1491,21,7
"596","2020-06-01",73,7,50,226,3337,0.368594545999401,0,0,268,252,27,2362,4,1495,25,4
"597","2020-06-02",72,7,48,228,3337,0.368594545999401,0,0,268,252,17,2379,4,1499,15,4
"598","2020-06-03",73,7,51,227,3337,0.368594545999401,0,0,268,252,13,2392,18,1517,11,18
"599","2020-06-04",71,7,50,221,3337,0.368594545999401,0,0,268,252,11,2403,16,1533,9,16
"600","2020-06-05",69,7,59,214,3337,0.368594545999401,0,0,268,252,23,2426,20,1553,20,20
"601","2020-06-06",68,7,68,217,3337,0.368594545999401,0,0,268,252,19,2445,17,1570,17,17
"602","2020-06-07",63,7,64,206,3337,0.368594545999401,0,0,268,252,17,2462,13,1583,15,13
"603","2020-03-14",1,8,50,68,3133,0.512926907117778,0,0,256,596,21,67,9,28,6,9
"604","2020-03-15",3,8,62,92,3133,0.512926907117778,0,0,256,596,20,87,7,35,6,7
"605","2020-03-16",5,8,60,122,3133,0.512926907117778,0,0,256,596,22,109,10,45,8,10
"606","2020-03-17",10,8,65,150,3133,0.512926907117778,0,0,256,596,24,133,4,49,10,4
"607","2020-03-18",12,8,53,171,3133,0.512926907117778,0,0,256,596,17,150,5,54,8,5
"608","2020-03-19",16,8,56,203,3133,0.512926907117778,0,0,256,596,22,172,11,65,9,11
"609","2020-03-20",24,8,66,231,3133,0.512926907117778,0,0,256,596,19,191,20,85,10,20
"610","2020-03-21",33,8,75,263,3133,0.512926907117778,0,0,256,596,26,217,18,103,10,18
"611","2020-03-22",42,8,81,298,3133,0.512926907117778,0,0,256,596,25,242,21,124,9,21
"612","2020-03-23",51,8,91,330,3133,0.512926907117778,0,0,256,596,19,261,17,141,10,17
"613","2020-03-24",63,8,105,353,3133,0.512926907117778,0,0,256,596,26,287,20,161,14,20
"614","2020-03-25",80,8,105,378,3133,0.512926907117778,0,0,256,596,28,315,15,176,15,15
"615","2020-03-26",86,8,141,389,3133,0.512926907117778,0,0,256,596,21,336,9,185,15,9
"616","2020-03-27",105,8,131,392,3133,0.512926907117778,0,0,256,596,31,367,21,206,18,21
"617","2020-03-28",108,8,130,403,3133,0.512926907117778,0,0,256,596,26,393,23,229,13,23
"618","2020-03-29",123,8,135,416,3133,0.512926907117778,0,0,256,596,25,418,17,246,7,17
"619","2020-03-30",132,8,134,415,3133,0.512926907117778,0,0,256,596,17,435,20,266,6,20
"620","2020-03-31",142,8,128,422,3133,0.512926907117778,0,0,256,596,21,456,17,283,3,17
"621","2020-04-01",142,8,131,446,3133,0.512926907117778,0,0,256,596,24,480,12,295,12,12
"622","2020-04-02",146,8,143,454,3133,0.512926907117778,0,0,256,596,26,506,19,314,5,19
"623","2020-04-03",141,8,169,444,3133,0.512926907117778,0,0,256,596,26,532,7,321,9,7
"624","2020-04-04",143,8,178,447,3133,0.512926907117778,0,0,256,596,16,548,7,328,6,7
"625","2020-04-05",139,8,183,455,3133,0.512926907117778,0,0,256,596,24,572,13,341,6,13
"626","2020-04-06",128,8,205,462,3133,0.512926907117778,0,0,256,596,25,597,6,347,9,6
"627","2020-04-07",125,8,210,459,3133,0.512926907117778,0,0,256,596,32,629,14,361,15,14
"628","2020-04-08",124,8,191,473,3133,0.512926907117778,0,0,256,596,25,654,13,374,12,13
"629","2020-04-09",127,8,218,462,3133,0.512926907117778,0,0,256,596,36,690,11,385,13,11
"630","2020-04-10",128,8,240,443,3133,0.512926907117778,0,0,256,596,32,722,6,391,11,6
"631","2020-04-11",124,8,221,470,3133,0.512926907117778,0,0,256,596,27,749,13,404,7,13
"632","2020-04-12",126,8,241,477,3133,0.512926907117778,0,0,256,596,32,781,10,414,13,10
"633","2020-04-13",134,8,247,471,3133,0.512926907117778,0,0,256,596,13,794,8,422,4,8
"634","2020-04-14",126,8,240,461,3133,0.512926907117778,0,0,256,596,39,833,5,427,19,5
"635","2020-04-15",119,8,250,451,3133,0.512926907117778,0,0,256,596,36,869,26,453,19,26
"636","2020-04-16",126,8,254,454,3133,0.512926907117778,0,0,256,596,28,897,18,471,12,18
"637","2020-04-17",124,8,220,446,3133,0.512926907117778,0,0,256,596,28,925,21,492,12,21
"638","2020-04-18",134,8,218,453,3133,0.512926907117778,0,0,256,596,31,956,27,519,10,27
"639","2020-04-19",128,8,215,447,3133,0.512926907117778,0,0,256,596,28,984,15,534,9,15
"640","2020-04-20",124,8,212,450,3133,0.512926907117778,0,0,256,596,24,1008,12,546,10,12
"641","2020-04-21",129,8,203,457,3133,0.512926907117778,0,0,256,596,28,1036,9,555,12,9
"642","2020-04-22",147,8,192,462,3133,0.512926907117778,0,0,256,596,32,1068,23,578,16,23
"643","2020-04-23",147,8,203,455,3133,0.512926907117778,0,0,256,596,28,1096,19,597,13,19
"644","2020-04-24",145,8,206,457,3133,0.512926907117778,0,0,256,596,22,1118,9,606,7,9
"645","2020-04-25",139,8,217,475,3133,0.512926907117778,0,0,256,596,31,1149,11,617,12,11
"646","2020-04-26",140,8,201,462,3133,0.512926907117778,0,0,256,596,36,1185,12,629,11,12
"647","2020-04-27",143,8,193,453,3133,0.512926907117778,0,0,256,596,28,1213,16,645,13,16
"648","2020-04-28",136,8,211,452,3133,0.512926907117778,0,0,256,596,42,1255,8,653,18,8
"649","2020-04-29",127,8,214,445,3133,0.512926907117778,0,0,256,596,39,1294,14,667,16,14
"650","2020-04-30",115,8,209,462,3133,0.512926907117778,0,0,256,596,29,1323,6,673,13,6
"651","2020-05-01",116,8,213,453,3133,0.512926907117778,0,0,256,596,38,1361,4,677,19,4
"652","2020-05-02",120,8,199,452,3133,0.512926907117778,0,0,256,596,29,1390,2,679,14,2
"653","2020-05-03",125,8,195,448,3133,0.512926907117778,0,0,256,596,31,1421,8,687,14,8
"654","2020-05-04",121,8,216,466,3133,0.512926907117778,0,0,256,596,27,1448,2,689,11,2
"655","2020-05-05",131,8,232,443,3133,0.512926907117778,0,0,256,596,22,1470,8,697,10,8
"656","2020-05-06",132,8,248,452,3133,0.512926907117778,0,0,256,596,33,1503,23,720,8,23
"657","2020-05-07",137,8,275,452,3133,0.512926907117778,0,0,256,596,29,1532,15,735,7,15
"658","2020-05-08",139,8,287,442,3133,0.512926907117778,0,0,256,596,34,1566,9,744,13,9
"659","2020-05-09",135,8,268,446,3133,0.512926907117778,0,0,256,596,31,1597,9,753,20,9
"660","2020-05-10",129,8,250,441,3133,0.512926907117778,0,0,256,596,34,1631,18,771,14,18
"661","2020-05-11",130,8,231,426,3133,0.512926907117778,0,0,256,596,37,1668,17,788,17,17
"662","2020-05-12",124,8,246,413,3133,0.512926907117778,0,0,256,596,33,1701,7,795,12,7
"663","2020-05-13",123,8,242,417,3133,0.512926907117778,0,0,256,596,31,1732,2,797,13,2
"664","2020-05-14",120,8,244,404,3133,0.512926907117778,0,0,256,596,26,1758,7,804,4,7
"665","2020-05-15",106,8,233,397,3133,0.512926907117778,0,0,256,596,30,1788,16,820,17,16
"666","2020-05-16",111,8,232,384,3133,0.512926907117778,0,0,256,596,23,1811,19,839,6,19
"667","2020-05-17",105,8,229,370,3133,0.512926907117778,0,0,256,596,36,1847,23,862,20,23
"668","2020-05-18",111,8,224,370,3133,0.512926907117778,0,0,256,596,22,1869,28,890,14,28
"669","2020-05-19",111,8,206,357,3133,0.512926907117778,0,0,256,596,23,1892,13,903,16,13
"670","2020-05-20",104,8,201,347,3133,0.512926907117778,0,0,256,596,29,1921,17,920,12,17
"671","2020-05-21",107,8,211,349,3133,0.512926907117778,0,0,256,596,24,1945,10,930,15,10
"672","2020-05-22",108,8,223,338,3133,0.512926907117778,0,0,256,596,25,1970,9,939,11,9
"673","2020-05-23",100,8,236,329,3133,0.512926907117778,0,0,256,596,23,1993,13,952,14,13
"674","2020-05-24",103,8,237,323,3133,0.512926907117778,0,0,256,596,23,2016,16,968,9,16
"675","2020-05-25",91,8,229,321,3133,0.512926907117778,0,0,256,596,16,2032,14,982,5,14
"676","2020-05-26",87,8,217,306,3133,0.512926907117778,0,0,256,596,14,2046,8,990,7,8
"677","2020-05-27",89,8,187,300,3133,0.512926907117778,0,0,256,596,12,2058,10,1000,5,10
"678","2020-05-28",82,8,176,294,3133,0.512926907117778,0,0,256,596,10,2068,3,1003,7,3
"679","2020-05-29",85,8,188,287,3133,0.512926907117778,0,0,256,596,10,2078,8,1011,4,8
"680","2020-05-30",85,8,195,281,3133,0.512926907117778,0,0,256,596,22,2100,10,1021,10,10
"681","2020-05-31",79,8,205,270,3133,0.512926907117778,0,0,256,596,17,2117,17,1038,10,17
"682","2020-06-01",81,8,218,260,3133,0.512926907117778,0,0,256,596,16,2133,8,1046,11,8
"683","2020-06-02",77,8,211,251,3133,0.512926907117778,0,0,256,596,16,2149,7,1053,9,7
"684","2020-06-03",72,8,229,233,3133,0.512926907117778,0,0,256,596,15,2164,8,1061,7,8
"685","2020-06-04",79,8,223,229,3133,0.512926907117778,0,0,256,596,15,2179,14,1075,10,14
"686","2020-06-05",80,8,212,219,3133,0.512926907117778,0,0,256,596,24,2203,15,1090,13,15
"687","2020-06-06",78,8,210,212,3133,0.512926907117778,0,0,256,596,16,2219,11,1101,10,11
"688","2020-06-07",77,8,220,201,3133,0.512926907117778,0,0,256,596,13,2232,12,1113,6,12
"689","2020-03-13",1,9,43,15,7177,0.976731224745715,0,0,665,305,8,17,12,38,3,12
"690","2020-03-14",1,9,43,21,7177,0.976731224745715,0,0,665,305,6,23,6,44,2,6
"691","2020-03-15",1,9,42,33,7177,0.976731224745715,0,0,665,305,11,34,17,61,8,17
"692","2020-03-16",2,9,44,48,7177,0.976731224745715,0,0,665,305,10,44,5,66,9,5
"693","2020-03-17",5,9,42,64,7177,0.976731224745715,0,0,665,305,16,60,20,86,15,20
"694","2020-03-18",8,9,45,85,7177,0.976731224745715,0,0,665,305,11,71,14,100,9,14
"695","2020-03-19",12,9,55,98,7177,0.976731224745715,0,0,665,305,13,84,19,119,12,19
"696","2020-03-20",20,9,72,119,7177,0.976731224745715,0,0,665,305,24,108,20,139,21,20
"697","2020-03-21",25,9,72,152,7177,0.976731224745715,0,0,665,305,19,127,13,152,18,13
"698","2020-03-22",28,9,78,195,7177,0.976731224745715,0,0,665,305,33,160,9,161,31,9
"699","2020-03-23",34,9,84,237,7177,0.976731224745715,0,0,665,305,35,195,9,170,32,9
"700","2020-03-24",43,9,79,295,7177,0.976731224745715,0,0,665,305,37,232,12,182,30,12
"701","2020-03-25",49,9,83,351,7177,0.976731224745715,0,0,665,305,30,262,9,191,27,9
"702","2020-03-26",62,9,86,413,7177,0.976731224745715,0,0,665,305,35,297,15,206,30,15
"703","2020-03-27",69,9,80,489,7177,0.976731224745715,0,0,665,305,48,345,19,225,42,19
"704","2020-03-28",80,9,70,563,7177,0.976731224745715,0,0,665,305,37,382,4,229,35,4
"705","2020-03-29",95,9,62,656,7177,0.976731224745715,0,0,665,305,50,432,8,237,43,8
"706","2020-03-30",111,9,74,747,7177,0.976731224745715,0,0,665,305,59,491,20,257,57,20
"707","2020-03-31",122,9,80,872,7177,0.976731224745715,0,0,665,305,51,542,6,263,45,6
"708","2020-04-01",146,9,80,1022,7177,0.976731224745715,0,0,665,305,63,605,6,269,60,6
"709","2020-04-02",171,9,72,1152,7177,0.976731224745715,0,0,665,305,64,669,8,277,62,8
"710","2020-04-03",186,9,61,1310,7177,0.976731224745715,0,0,665,305,61,730,9,286,60,9
"711","2020-04-04",221,9,83,1465,7177,0.976731224745715,0,0,665,305,58,788,24,310,56,24
"712","2020-04-05",246,9,88,1613,7177,0.976731224745715,0,0,665,305,62,850,11,321,58,11
"713","2020-04-06",286,9,77,1866,7177,0.976731224745715,0,0,665,305,56,906,9,330,54,9
"714","2020-04-07",326,9,89,2000,7177,0.976731224745715,0,0,665,305,64,970,29,359,63,29
"715","2020-04-08",370,9,89,2190,7177,0.976731224745715,0,0,665,305,80,1050,20,379,74,20
"716","2020-04-09",431,9,84,2335,7177,0.976731224745715,0,0,665,305,68,1118,13,392,64,13
"717","2020-04-10",481,9,82,2493,7177,0.976731224745715,0,0,665,305,90,1208,15,407,84,15
"718","2020-04-11",528,9,91,2620,7177,0.976731224745715,0,0,665,305,71,1279,14,421,69,14
"719","2020-04-12",572,9,95,2756,7177,0.976731224745715,0,0,665,305,77,1356,35,456,70,35
"720","2020-04-13",631,9,94,2836,7177,0.976731224745715,0,0,665,305,72,1428,11,467,67,11
"721","2020-04-14",690,9,99,2868,7177,0.976731224745715,0,0,665,305,74,1502,10,477,68,10
"722","2020-04-15",738,9,94,2917,7177,0.976731224745715,0,0,665,305,82,1584,29,506,74,29
"723","2020-04-16",747,9,96,2941,7177,0.976731224745715,0,0,665,305,93,1677,13,519,90,13
"724","2020-04-17",778,9,107,2876,7177,0.976731224745715,0,0,665,305,99,1776,43,562,98,43
"725","2020-04-18",804,9,103,2794,7177,0.976731224745715,0,0,665,305,83,1859,44,606,81,44
"726","2020-04-19",833,9,112,2725,7177,0.976731224745715,0,0,665,305,90,1949,17,623,85,17
"727","2020-04-20",831,9,121,2657,7177,0.976731224745715,0,0,665,305,74,2023,43,666,68,43
"728","2020-04-21",812,9,108,2509,7177,0.976731224745715,0,0,665,305,94,2117,35,701,93,35
"729","2020-04-22",774,9,137,2322,7177,0.976731224745715,0,0,665,305,85,2202,24,725,79,24
"730","2020-04-23",766,9,149,2207,7177,0.976731224745715,0,0,665,305,87,2289,11,736,83,11
"731","2020-04-24",740,9,159,2062,7177,0.976731224745715,0,0,665,305,83,2372,26,762,80,26
"732","2020-04-25",700,9,180,1896,7177,0.976731224745715,0,0,665,305,93,2465,20,782,90,20
"733","2020-04-26",662,9,176,1693,7177,0.976731224745715,0,0,665,305,95,2560,37,819,93,37
"734","2020-04-27",620,9,189,1561,7177,0.976731224745715,0,0,665,305,76,2636,45,864,73,45
"735","2020-04-28",566,9,192,1409,7177,0.976731224745715,0,0,665,305,75,2711,38,902,72,38
"736","2020-04-29",529,9,183,1283,7177,0.976731224745715,0,0,665,305,81,2792,19,921,76,19
"737","2020-04-30",473,9,157,1147,7177,0.976731224745715,0,0,665,305,74,2866,16,937,70,16
"738","2020-05-01",446,9,133,1000,7177,0.976731224745715,0,0,665,305,66,2932,43,980,61,43
"739","2020-05-02",392,9,114,874,7177,0.976731224745715,0,0,665,305,69,3001,19,999,66,19
"740","2020-05-03",343,9,101,751,7177,0.976731224745715,0,0,665,305,47,3048,14,1013,42,14
"741","2020-05-04",299,9,133,664,7177,0.976731224745715,0,0,665,305,52,3100,24,1037,49,24
"742","2020-05-05",280,9,146,591,7177,0.976731224745715,0,0,665,305,48,3148,17,1054,44,17
"743","2020-05-06",257,9,132,510,7177,0.976731224745715,0,0,665,305,60,3208,14,1068,54,14
"744","2020-05-07",237,9,108,418,7177,0.976731224745715,0,0,665,305,43,3251,41,1109,40,41
"745","2020-05-08",190,9,97,358,7177,0.976731224745715,0,0,665,305,50,3301,45,1154,50,45
"746","2020-05-09",176,9,104,306,7177,0.976731224745715,0,0,665,305,35,3336,41,1195,33,41
"747","2020-05-10",159,9,96,261,7177,0.976731224745715,0,0,665,305,58,3394,37,1232,56,37
"748","2020-05-11",141,9,96,218,7177,0.976731224745715,0,0,665,305,34,3428,24,1256,33,24
"749","2020-05-12",121,9,95,181,7177,0.976731224745715,0,0,665,305,37,3465,45,1301,33,45
"750","2020-05-13",104,9,107,162,7177,0.976731224745715,0,0,665,305,43,3508,30,1331,41,30
"751","2020-05-14",81,9,119,136,7177,0.976731224745715,0,0,665,305,41,3549,12,1343,41,12
"752","2020-05-15",75,9,129,111,7177,0.976731224745715,0,0,665,305,45,3594,16,1359,42,16
"753","2020-05-16",63,9,116,91,7177,0.976731224745715,0,0,665,305,30,3624,11,1370,29,11
"754","2020-05-17",55,9,114,82,7177,0.976731224745715,0,0,665,305,33,3657,8,1378,33,8
"755","2020-05-18",40,9,109,66,7177,0.976731224745715,0,0,665,305,19,3676,11,1389,19,11
"756","2020-05-19",31,9,105,57,7177,0.976731224745715,0,0,665,305,29,3705,23,1412,28,23
"757","2020-05-20",22,9,103,47,7177,0.976731224745715,0,0,665,305,20,3725,10,1422,20,10
"758","2020-05-21",19,9,103,40,7177,0.976731224745715,0,0,665,305,28,3753,9,1431,26,9
"759","2020-05-22",15,9,110,33,7177,0.976731224745715,0,0,665,305,25,3778,11,1442,25,11
"760","2020-05-23",11,9,125,25,7177,0.976731224745715,0,0,665,305,26,3804,7,1449,24,7
"761","2020-05-24",9,9,114,26,7177,0.976731224745715,0,0,665,305,26,3830,30,1479,25,30
"762","2020-05-25",8,9,100,24,7177,0.976731224745715,0,0,665,305,25,3855,37,1516,21,37
"763","2020-05-26",7,9,93,22,7177,0.976731224745715,0,0,665,305,21,3876,26,1542,19,26
"764","2020-05-27",7,9,88,21,7177,0.976731224745715,0,0,665,305,21,3897,10,1552,17,10
"765","2020-05-28",7,9,84,24,7177,0.976731224745715,0,0,665,305,14,3911,16,1568,12,16
"766","2020-05-29",5,9,78,26,7177,0.976731224745715,0,0,665,305,11,3922,14,1582,11,14
"767","2020-05-30",5,9,72,25,7177,0.976731224745715,0,0,665,305,19,3941,12,1594,19,12
"768","2020-05-31",3,9,72,26,7177,0.976731224745715,0,0,665,305,16,3957,16,1610,15,16
"769","2020-06-01",4,9,87,24,7177,0.976731224745715,0,0,665,305,13,3970,37,1647,13,37
"770","2020-06-02",4,9,79,22,7177,0.976731224745715,0,0,665,305,16,3986,27,1674,15,27
"771","2020-06-03",5,9,73,20,7177,0.976731224745715,0,0,665,305,8,3994,18,1692,6,18
"772","2020-06-04",3,9,75,19,7177,0.976731224745715,0,0,665,305,16,4010,15,1707,14,15
"773","2020-06-05",4,9,72,19,7177,0.976731224745715,0,0,665,305,19,4029,11,1718,19,11
"774","2020-06-06",4,9,78,16,7177,0.976731224745715,0,0,665,305,15,4044,11,1729,14,11
"775","2020-06-07",5,9,73,15,7177,0.976731224745715,0,0,665,305,9,4053,16,1745,9,16
"776","2020-03-16",2,10,60,33,2023,0.789915966386555,0,0,168,417,11,56,6,35,4,6
"777","2020-03-17",3,10,67,45,2023,0.789915966386555,0,0,168,417,14,70,3,38,8,3
"778","2020-03-18",5,10,79,52,2023,0.789915966386555,0,0,168,417,17,87,2,40,6,2
"779","2020-03-19",12,10,73,62,2023,0.789915966386555,0,0,168,417,23,110,7,47,10,7
"780","2020-03-20",15,10,78,74,2023,0.789915966386555,0,0,168,417,28,138,11,58,10,11
"781","2020-03-21",20,10,85,84,2023,0.789915966386555,0,0,168,417,26,164,4,62,18,4
"782","2020-03-22",24,10,89,93,2023,0.789915966386555,0,0,168,417,28,192,5,67,14,5
"783","2020-03-23",26,10,74,102,2023,0.789915966386555,0,0,168,417,33,225,2,69,23,2
"784","2020-03-24",29,10,63,119,2023,0.789915966386555,0,0,168,417,34,259,7,76,23,7
"785","2020-03-25",32,10,59,131,2023,0.789915966386555,0,0,168,417,34,293,9,85,25,9
"786","2020-03-26",33,10,73,143,2023,0.789915966386555,0,0,168,417,38,331,2,87,24,2
"787","2020-03-27",37,10,92,150,2023,0.789915966386555,0,0,168,417,54,385,9,96,36,9
"788","2020-03-28",37,10,95,160,2023,0.789915966386555,0,0,168,417,29,414,20,116,18,20
"789","2020-03-29",37,10,86,175,2023,0.789915966386555,0,0,168,417,47,461,4,120,36,4
"790","2020-03-30",38,10,75,192,2023,0.789915966386555,0,0,168,417,38,499,12,132,30,12
"791","2020-03-31",43,10,77,195,2023,0.789915966386555,0,0,168,417,66,565,13,145,48,13
"792","2020-04-01",51,10,61,213,2023,0.789915966386555,0,0,168,417,57,622,2,147,35,2
"793","2020-04-02",52,10,56,230,2023,0.789915966386555,0,0,168,417,38,660,13,160,26,13
"794","2020-04-03",51,10,57,248,2023,0.789915966386555,0,0,168,417,52,712,5,165,36,5
"795","2020-04-04",63,10,55,253,2023,0.789915966386555,0,0,168,417,40,752,10,175,31,10
"796","2020-04-05",67,10,59,273,2023,0.789915966386555,0,0,168,417,52,804,16,191,41,16
"797","2020-04-06",72,10,62,279,2023,0.789915966386555,0,0,168,417,41,845,14,205,29,14
"798","2020-04-07",71,10,67,291,2023,0.789915966386555,0,0,168,417,66,911,13,218,52,13
"799","2020-04-08",74,10,89,320,2023,0.789915966386555,0,0,168,417,43,954,23,241,26,23
"800","2020-04-09",77,10,119,340,2023,0.789915966386555,0,0,168,417,65,1019,11,252,48,11
"801","2020-04-10",84,10,133,353,2023,0.789915966386555,0,0,168,417,59,1078,10,262,49,10
"802","2020-04-11",81,10,147,363,2023,0.789915966386555,0,0,168,417,59,1137,16,278,47,16
"803","2020-04-12",86,10,161,367,2023,0.789915966386555,0,0,168,417,64,1201,11,289,46,11
"804","2020-04-13",96,10,181,362,2023,0.789915966386555,0,0,168,417,57,1258,7,296,45,7
"805","2020-04-14",106,10,152,346,2023,0.789915966386555,0,0,168,417,75,1333,13,309,55,13
"806","2020-04-15",112,10,126,333,2023,0.789915966386555,0,0,168,417,64,1397,9,318,48,9
"807","2020-04-16",113,10,118,336,2023,0.789915966386555,0,0,168,417,78,1475,8,326,64,8
"808","2020-04-17",111,10,111,346,2023,0.789915966386555,0,0,168,417,65,1540,14,340,52,14
"809","2020-04-18",114,10,129,324,2023,0.789915966386555,0,0,168,417,68,1608,19,359,60,19
"810","2020-04-19",110,10,149,318,2023,0.789915966386555,0,0,168,417,54,1662,25,384,39,25
"811","2020-04-20",99,10,137,298,2023,0.789915966386555,0,0,168,417,71,1733,15,399,51,15
"812","2020-04-21",93,10,137,287,2023,0.789915966386555,0,0,168,417,60,1793,23,422,48,23
"813","2020-04-22",81,10,139,274,2023,0.789915966386555,0,0,168,417,60,1853,28,450,46,28
"814","2020-04-23",79,10,137,261,2023,0.789915966386555,0,0,168,417,65,1918,26,476,49,26
"815","2020-04-24",73,10,124,268,2023,0.789915966386555,0,0,168,417,73,1991,25,501,54,25
"816","2020-04-25",67,10,104,254,2023,0.789915966386555,0,0,168,417,50,2041,18,519,38,18
"817","2020-04-26",71,10,100,251,2023,0.789915966386555,0,0,168,417,64,2105,10,529,47,10
"818","2020-04-27",72,10,86,258,2023,0.789915966386555,0,0,168,417,53,2158,21,550,43,21
"819","2020-04-28",74,10,83,270,2023,0.789915966386555,0,0,168,417,46,2204,16,566,34,16
"820","2020-04-29",71,10,85,263,2023,0.789915966386555,0,0,168,417,53,2257,16,582,43,16
"821","2020-04-30",72,10,75,274,2023,0.789915966386555,0,0,168,417,62,2319,8,590,49,8
"822","2020-05-01",75,10,93,278,2023,0.789915966386555,0,0,168,417,50,2369,18,608,42,18
"823","2020-05-02",76,10,100,280,2023,0.789915966386555,0,0,168,417,55,2424,6,614,44,6
"824","2020-05-03",71,10,103,284,2023,0.789915966386555,0,0,168,417,46,2470,32,646,40,32
"825","2020-05-04",74,10,97,286,2023,0.789915966386555,0,0,168,417,37,2507,13,659,26,13
"826","2020-05-05",72,10,98,299,2023,0.789915966386555,0,0,168,417,43,2550,8,667,31,8
"827","2020-05-06",78,10,101,301,2023,0.789915966386555,0,0,168,417,49,2599,11,678,38,11
"828","2020-05-07",75,10,89,303,2023,0.789915966386555,0,0,168,417,49,2648,12,690,39,12
"829","2020-05-08",80,10,98,301,2023,0.789915966386555,0,0,168,417,56,2704,6,696,46,6
"830","2020-05-09",79,10,109,309,2023,0.789915966386555,0,0,168,417,56,2760,15,711,44,15
"831","2020-05-10",85,10,117,313,2023,0.789915966386555,0,0,168,417,43,2803,8,719,29,8
"832","2020-05-11",82,10,123,315,2023,0.789915966386555,0,0,168,417,48,2851,10,729,38,10
"833","2020-05-12",87,10,135,312,2023,0.789915966386555,0,0,168,417,47,2898,11,740,35,11
"834","2020-05-13",81,10,130,312,2023,0.789915966386555,0,0,168,417,53,2951,19,759,42,19
"835","2020-05-14",87,10,135,316,2023,0.789915966386555,0,0,168,417,39,2990,23,782,32,23
"836","2020-05-15",91,10,135,299,2023,0.789915966386555,0,0,168,417,43,3033,4,786,35,4
"837","2020-05-16",92,10,135,290,2023,0.789915966386555,0,0,168,417,46,3079,9,795,35,9
"838","2020-05-17",92,10,120,284,2023,0.789915966386555,0,0,168,417,36,3115,19,814,27,19
"839","2020-05-18",97,10,109,263,2023,0.789915966386555,0,0,168,417,38,3153,13,827,26,13
"840","2020-05-19",93,10,93,256,2023,0.789915966386555,0,0,168,417,34,3187,9,836,27,9
"841","2020-05-20",96,10,108,251,2023,0.789915966386555,0,0,168,417,31,3218,15,851,25,15
"842","2020-05-21",91,10,116,250,2023,0.789915966386555,0,0,168,417,19,3237,10,861,16,10
"843","2020-05-22",86,10,103,253,2023,0.789915966386555,0,0,168,417,36,3273,16,877,30,16
"844","2020-05-23",81,10,94,255,2023,0.789915966386555,0,0,168,417,21,3294,21,898,15,21
"845","2020-05-24",74,10,96,254,2023,0.789915966386555,0,0,168,417,32,3326,17,915,27,17
"846","2020-05-25",65,10,95,244,2023,0.789915966386555,0,0,168,417,34,3360,9,924,30,9
"847","2020-05-26",61,10,104,249,2023,0.789915966386555,0,0,168,417,27,3387,6,930,20,6
"848","2020-05-27",64,10,96,239,2023,0.789915966386555,0,0,168,417,24,3411,11,941,23,11
"849","2020-05-28",61,10,98,232,2023,0.789915966386555,0,0,168,417,14,3425,13,954,10,13
"850","2020-05-29",60,10,100,226,2023,0.789915966386555,0,0,168,417,25,3450,12,966,15,12
"851","2020-05-30",63,10,76,229,2023,0.789915966386555,0,0,168,417,14,3464,10,976,10,10
"852","2020-05-31",65,10,59,225,2023,0.789915966386555,0,0,168,417,19,3483,10,986,17,10
"853","2020-06-01",70,10,57,213,2023,0.789915966386555,0,0,168,417,17,3500,7,993,9,7
"854","2020-06-02",71,10,50,219,2023,0.789915966386555,0,0,168,417,21,3521,11,1004,19,11
"855","2020-06-03",66,10,52,213,2023,0.789915966386555,0,0,168,417,10,3531,12,1016,5,12
"856","2020-06-04",66,10,55,209,2023,0.789915966386555,0,0,168,417,11,3542,6,1022,9,6
"857","2020-06-05",64,10,48,202,2023,0.789915966386555,0,0,168,417,12,3554,4,1026,8,4
"858","2020-06-06",68,10,36,205,2023,0.789915966386555,0,0,168,417,17,3571,3,1029,12,3
"859","2020-06-07",63,10,50,200,2023,0.789915966386555,0,0,168,417,17,3588,14,1043,11,14
"860","2020-03-13",1,11,42,51,3307,0.599032355609314,0,0,301,399,20,55,20,33,NA,20
"861","2020-03-14",2,11,42,73,3307,0.599032355609314,0,0,301,399,21,76,14,47,3,14
"862","2020-03-15",7,11,42,100,3307,0.599032355609314,0,0,301,399,30,106,13,60,7,13
"863","2020-03-16",8,11,36,120,3307,0.599032355609314,0,0,301,399,28,134,18,78,8,18
"864","2020-03-17",15,11,56,149,3307,0.599032355609314,0,0,301,399,34,168,19,97,15,19
"865","2020-03-18",17,11,68,179,3307,0.599032355609314,0,0,301,399,39,207,18,115,21,18
"866","2020-03-19",25,11,71,202,3307,0.599032355609314,0,0,301,399,41,248,22,137,20,22
"867","2020-03-20",34,11,65,231,3307,0.599032355609314,0,0,301,399,25,273,29,166,12,29
"868","2020-03-21",42,11,69,253,3307,0.599032355609314,0,0,301,399,53,326,42,208,31,42
"869","2020-03-22",46,11,61,278,3307,0.599032355609314,0,0,301,399,45,371,48,256,22,48
"870","2020-03-23",53,11,58,301,3307,0.599032355609314,0,0,301,399,31,402,54,310,14,54
"871","2020-03-24",58,11,67,320,3307,0.599032355609314,0,0,301,399,43,445,40,350,21,40
"872","2020-03-25",70,11,72,332,3307,0.599032355609314,0,0,301,399,35,480,35,385,20,35
"873","2020-03-26",76,11,77,356,3307,0.599032355609314,0,0,301,399,37,517,43,428,19,43
"874","2020-03-27",79,11,75,393,3307,0.599032355609314,0,0,301,399,43,560,28,456,24,28
"875","2020-03-28",81,11,64,407,3307,0.599032355609314,0,0,301,399,49,609,26,482,21,26
"876","2020-03-29",93,11,59,422,3307,0.599032355609314,0,0,301,399,48,657,32,514,24,32
"877","2020-03-30",108,11,52,440,3307,0.599032355609314,0,0,301,399,35,692,51,565,20,51
"878","2020-03-31",118,11,53,461,3307,0.599032355609314,0,0,301,399,45,737,54,619,15,54
"879","2020-04-01",125,11,82,481,3307,0.599032355609314,0,0,301,399,53,790,44,663,29,44
"880","2020-04-02",125,11,91,512,3307,0.599032355609314,0,0,301,399,61,851,42,705,35,42
"881","2020-04-03",129,11,85,548,3307,0.599032355609314,0,0,301,399,40,891,42,747,18,42
"882","2020-04-04",142,11,82,570,3307,0.599032355609314,0,0,301,399,43,934,32,779,22,32
"883","2020-04-05",141,11,87,579,3307,0.599032355609314,0,0,301,399,38,972,32,811,18,32
"884","2020-04-06",144,11,93,589,3307,0.599032355609314,0,0,301,399,43,1015,28,839,24,28
"885","2020-04-07",148,11,95,582,3307,0.599032355609314,0,0,301,399,44,1059,24,863,28,24
"886","2020-04-08",155,11,99,602,3307,0.599032355609314,0,0,301,399,59,1118,43,906,30,43
"887","2020-04-09",163,11,109,601,3307,0.599032355609314,0,0,301,399,50,1168,30,936,30,30
"888","2020-04-10",172,11,108,620,3307,0.599032355609314,0,0,301,399,37,1205,43,979,21,43
"889","2020-04-11",177,11,102,613,3307,0.599032355609314,0,0,301,399,54,1259,40,1019,26,40
"890","2020-04-12",183,11,124,592,3307,0.599032355609314,0,0,301,399,38,1297,40,1059,26,40
"891","2020-04-13",182,11,138,597,3307,0.599032355609314,0,0,301,399,47,1344,34,1093,23,34
"892","2020-04-14",182,11,154,596,3307,0.599032355609314,0,0,301,399,53,1397,46,1139,34,46
"893","2020-04-15",176,11,146,588,3307,0.599032355609314,0,0,301,399,53,1450,66,1205,26,66
"894","2020-04-16",169,11,137,575,3307,0.599032355609314,0,0,301,399,52,1502,71,1276,23,71
"895","2020-04-17",170,11,152,549,3307,0.599032355609314,0,0,301,399,71,1573,46,1322,40,46
"896","2020-04-18",157,11,185,537,3307,0.599032355609314,0,0,301,399,48,1621,40,1362,27,40
"897","2020-04-19",149,11,208,532,3307,0.599032355609314,0,0,301,399,58,1679,57,1419,35,57
"898","2020-04-20",146,11,203,536,3307,0.599032355609314,0,0,301,399,55,1734,38,1457,34,38
"899","2020-04-21",139,11,196,538,3307,0.599032355609314,0,0,301,399,56,1790,54,1511,24,54
"900","2020-04-22",144,11,209,546,3307,0.599032355609314,0,0,301,399,47,1837,45,1556,27,45
"901","2020-04-23",151,11,196,526,3307,0.599032355609314,0,0,301,399,50,1887,32,1588,20,32
"902","2020-04-24",146,11,188,513,3307,0.599032355609314,0,0,301,399,69,1956,39,1627,45,39
"903","2020-04-25",150,11,182,525,3307,0.599032355609314,0,0,301,399,59,2015,65,1692,28,65
"904","2020-04-26",150,11,172,509,3307,0.599032355609314,0,0,301,399,53,2068,37,1729,28,37
"905","2020-04-27",148,11,157,498,3307,0.599032355609314,0,0,301,399,48,2116,43,1772,25,43
"906","2020-04-28",152,11,136,498,3307,0.599032355609314,0,0,301,399,37,2153,57,1829,20,57
"907","2020-04-29",146,11,144,485,3307,0.599032355609314,0,0,301,399,51,2204,67,1896,31,67
"908","2020-04-30",139,11,122,476,3307,0.599032355609314,0,0,301,399,52,2256,47,1943,25,47
"909","2020-05-01",141,11,124,471,3307,0.599032355609314,0,0,301,399,50,2306,38,1981,25,38
"910","2020-05-02",135,11,151,458,3307,0.599032355609314,0,0,301,399,40,2346,52,2033,18,52
"911","2020-05-03",126,11,172,462,3307,0.599032355609314,0,0,301,399,56,2402,31,2064,32,31
"912","2020-05-04",125,11,178,439,3307,0.599032355609314,0,0,301,399,33,2435,28,2092,14,28
"913","2020-05-05",125,11,168,436,3307,0.599032355609314,0,0,301,399,52,2487,37,2129,35,37
"914","2020-05-06",113,11,142,416,3307,0.599032355609314,0,0,301,399,43,2530,33,2162,25,33
"915","2020-05-07",113,11,122,401,3307,0.599032355609314,0,0,301,399,27,2557,31,2193,16,31
"916","2020-05-08",105,11,142,411,3307,0.599032355609314,0,0,301,399,33,2590,55,2248,13,55
"917","2020-05-09",110,11,162,399,3307,0.599032355609314,0,0,301,399,33,2623,58,2306,16,58
"918","2020-05-10",120,11,147,392,3307,0.599032355609314,0,0,301,399,39,2662,44,2350,22,44
"919","2020-05-11",115,11,147,386,3307,0.599032355609314,0,0,301,399,41,2703,43,2393,18,43
"920","2020-05-12",105,11,142,374,3307,0.599032355609314,0,0,301,399,30,2733,34,2427,16,34
"921","2020-05-13",108,11,167,366,3307,0.599032355609314,0,0,301,399,33,2766,31,2458,19,31
"922","2020-05-14",108,11,178,342,3307,0.599032355609314,0,0,301,399,35,2801,40,2498,19,40
"923","2020-05-15",101,11,169,341,3307,0.599032355609314,0,0,301,399,49,2850,47,2545,27,47
"924","2020-05-16",91,11,161,332,3307,0.599032355609314,0,0,301,399,29,2879,32,2577,16,32
"925","2020-05-17",92,11,145,321,3307,0.599032355609314,0,0,301,399,30,2909,44,2621,18,44
"926","2020-05-18",95,11,123,312,3307,0.599032355609314,0,0,301,399,31,2940,44,2665,15,44
"927","2020-05-19",99,11,114,301,3307,0.599032355609314,0,0,301,399,28,2968,39,2704,22,39
"928","2020-05-20",95,11,124,286,3307,0.599032355609314,0,0,301,399,28,2996,39,2743,18,39
"929","2020-05-21",90,11,139,284,3307,0.599032355609314,0,0,301,399,31,3027,39,2782,19,39
"930","2020-05-22",89,11,134,276,3307,0.599032355609314,0,0,301,399,30,3057,37,2819,18,37
"931","2020-05-23",88,11,108,270,3307,0.599032355609314,0,0,301,399,29,3086,35,2854,16,35
"932","2020-05-24",85,11,96,265,3307,0.599032355609314,0,0,301,399,25,3111,63,2917,15,63
"933","2020-05-25",79,11,91,248,3307,0.599032355609314,0,0,301,399,24,3135,64,2981,15,64
"934","2020-05-26",75,11,84,236,3307,0.599032355609314,0,0,301,399,18,3153,48,3029,9,48
"935","2020-05-27",78,11,86,239,3307,0.599032355609314,0,0,301,399,17,3170,37,3066,7,37
"936","2020-05-28",81,11,80,233,3307,0.599032355609314,0,0,301,399,18,3188,39,3105,11,39
"937","2020-05-29",81,11,71,243,3307,0.599032355609314,0,0,301,399,17,3205,28,3133,8,28
"938","2020-05-30",80,11,65,240,3307,0.599032355609314,0,0,301,399,17,3222,28,3161,12,28
"939","2020-05-31",73,11,60,247,3307,0.599032355609314,0,0,301,399,18,3240,30,3191,10,30
"940","2020-06-01",72,11,60,258,3307,0.599032355609314,0,0,301,399,20,3260,48,3239,12,48
"941","2020-06-02",70,11,51,261,3307,0.599032355609314,0,0,301,399,18,3278,49,3288,15,49
"942","2020-06-03",69,11,42,263,3307,0.599032355609314,0,0,301,399,26,3304,47,3335,12,47
"943","2020-06-04",71,11,51,256,3307,0.599032355609314,0,0,301,399,14,3318,43,3378,11,43
"944","2020-06-05",69,11,60,261,3307,0.599032355609314,0,0,301,399,15,3333,31,3409,7,31
"945","2020-06-06",70,11,57,258,3307,0.599032355609314,0,0,301,399,5,3338,35,3444,3,35
"946","2020-06-07",72,11,62,251,3307,0.599032355609314,0,0,301,399,13,3351,25,3469,5,25
"947","2020-03-12",1,12,16,44,2862,0.39832285115304,0,0,241,340,10,16,10,13,1,10
"948","2020-03-13",2,12,16,64,2862,0.39832285115304,0,0,241,340,10,26,3,16,1,3
"949","2020-03-14",4,12,17,76,2862,0.39832285115304,0,0,241,340,13,39,2,18,2,2
"950","2020-03-15",4,12,20,110,2862,0.39832285115304,0,0,241,340,12,51,6,24,6,6
"951","2020-03-16",8,12,31,132,2862,0.39832285115304,0,0,241,340,17,68,10,34,8,10
"952","2020-03-17",15,12,35,161,2862,0.39832285115304,0,0,241,340,13,81,5,39,8,5
"953","2020-03-18",24,12,47,187,2862,0.39832285115304,0,0,241,340,22,103,16,55,14,16
"954","2020-03-19",30,12,54,216,2862,0.39832285115304,0,0,241,340,26,129,11,66,16,11
"955","2020-03-20",35,12,60,242,2862,0.39832285115304,0,0,241,340,24,153,9,75,20,9
"956","2020-03-21",41,12,60,261,2862,0.39832285115304,0,0,241,340,30,183,14,89,18,14
"957","2020-03-22",53,12,56,279,2862,0.39832285115304,0,0,241,340,32,215,10,99,14,10
"958","2020-03-23",57,12,43,302,2862,0.39832285115304,0,0,241,340,23,238,11,110,18,11
"959","2020-03-24",60,12,52,315,2862,0.39832285115304,0,0,241,340,29,267,10,120,21,10
"960","2020-03-25",61,12,62,332,2862,0.39832285115304,0,0,241,340,28,295,22,142,20,22
"961","2020-03-26",64,12,63,343,2862,0.39832285115304,0,0,241,340,31,326,22,164,20,22
"962","2020-03-27",74,12,59,365,2862,0.39832285115304,0,0,241,340,32,358,7,171,20,7
"963","2020-03-28",86,12,69,371,2862,0.39832285115304,0,0,241,340,46,404,15,186,34,15
"964","2020-03-29",89,12,77,371,2862,0.39832285115304,0,0,241,340,35,439,15,201,28,15
"965","2020-03-30",94,12,71,375,2862,0.39832285115304,0,0,241,340,34,473,13,214,27,13
"966","2020-03-31",102,12,68,381,2862,0.39832285115304,0,0,241,340,41,514,3,217,34,3
"967","2020-04-01",105,12,71,374,2862,0.39832285115304,0,0,241,340,35,549,35,252,26,35
"968","2020-04-02",111,12,83,377,2862,0.39832285115304,0,0,241,340,49,598,24,276,41,24
"969","2020-04-03",113,12,91,365,2862,0.39832285115304,0,0,241,340,54,652,20,296,43,20
"970","2020-04-04",109,12,90,374,2862,0.39832285115304,0,0,241,340,39,691,6,302,29,6
"971","2020-04-05",112,12,87,377,2862,0.39832285115304,0,0,241,340,50,741,13,315,38,13
"972","2020-04-06",112,12,94,385,2862,0.39832285115304,0,0,241,340,44,785,1,316,36,1
"973","2020-04-07",104,12,85,381,2862,0.39832285115304,0,0,241,340,67,852,8,324,49,8
"974","2020-04-08",102,12,88,378,2862,0.39832285115304,0,0,241,340,49,901,27,351,39,27
"975","2020-04-09",97,12,82,368,2862,0.39832285115304,0,0,241,340,45,946,17,368,38,17
"976","2020-04-10",98,12,80,364,2862,0.39832285115304,0,0,241,340,50,996,8,376,36,8
"977","2020-04-11",95,12,74,372,2862,0.39832285115304,0,0,241,340,59,1055,6,382,50,6
"978","2020-04-12",93,12,80,379,2862,0.39832285115304,0,0,241,340,32,1087,10,392,20,10
"979","2020-04-13",89,12,83,376,2862,0.39832285115304,0,0,241,340,51,1138,8,400,40,8
"980","2020-04-14",92,12,79,386,2862,0.39832285115304,0,0,241,340,49,1187,13,413,33,13
"981","2020-04-15",99,12,88,392,2862,0.39832285115304,0,0,241,340,50,1237,19,432,36,19
"982","2020-04-16",99,12,88,401,2862,0.39832285115304,0,0,241,340,59,1296,23,455,50,23
"983","2020-04-17",95,12,100,402,2862,0.39832285115304,0,0,241,340,77,1373,14,469,59,14
"984","2020-04-18",94,12,102,410,2862,0.39832285115304,0,0,241,340,52,1425,14,483,39,14
"985","2020-04-19",106,12,109,427,2862,0.39832285115304,0,0,241,340,51,1476,13,496,37,13
"986","2020-04-20",117,12,116,436,2862,0.39832285115304,0,0,241,340,52,1528,24,520,42,24
"987","2020-04-21",122,12,101,435,2862,0.39832285115304,0,0,241,340,58,1586,29,549,51,29
"988","2020-04-22",124,12,101,437,2862,0.39832285115304,0,0,241,340,47,1633,8,557,37,8
"989","2020-04-23",137,12,101,442,2862,0.39832285115304,0,0,241,340,61,1694,8,565,50,8
"990","2020-04-24",141,12,102,450,2862,0.39832285115304,0,0,241,340,68,1762,27,592,54,27
"991","2020-04-25",145,12,108,478,2862,0.39832285115304,0,0,241,340,45,1807,22,614,39,22
"992","2020-04-26",134,12,121,472,2862,0.39832285115304,0,0,241,340,54,1861,17,631,42,17
"993","2020-04-27",133,12,119,459,2862,0.39832285115304,0,0,241,340,59,1920,17,648,48,17
"994","2020-04-28",127,12,138,455,2862,0.39832285115304,0,0,241,340,61,1981,6,654,47,6
"995","2020-04-29",130,12,157,463,2862,0.39832285115304,0,0,241,340,56,2037,16,670,45,16
"996","2020-04-30",125,12,157,448,2862,0.39832285115304,0,0,241,340,48,2085,12,682,42,12
"997","2020-05-01",127,12,168,431,2862,0.39832285115304,0,0,241,340,49,2134,42,724,39,42
"998","2020-05-02",131,12,165,435,2862,0.39832285115304,0,0,241,340,51,2185,32,756,41,32
"999","2020-05-03",136,12,171,431,2862,0.39832285115304,0,0,241,340,62,2247,12,768,44,12
"1000","2020-05-04",131,12,172,433,2862,0.39832285115304,0,0,241,340,60,2307,5,773,47,5
"1001","2020-05-05",135,12,164,419,2862,0.39832285115304,0,0,241,340,36,2343,25,798,33,25
"1002","2020-05-06",132,12,169,397,2862,0.39832285115304,0,0,241,340,63,2406,29,827,53,29
"1003","2020-05-07",131,12,156,386,2862,0.39832285115304,0,0,241,340,54,2460,33,860,46,33
"1004","2020-05-08",121,12,158,380,2862,0.39832285115304,0,0,241,340,46,2506,18,878,40,18
"1005","2020-05-09",113,12,150,369,2862,0.39832285115304,0,0,241,340,59,2565,10,888,47,10
"1006","2020-05-10",103,12,137,365,2862,0.39832285115304,0,0,241,340,53,2618,6,894,46,6
"1007","2020-05-11",98,12,137,371,2862,0.39832285115304,0,0,241,340,41,2659,4,898,33,4
"1008","2020-05-12",96,12,137,368,2862,0.39832285115304,0,0,241,340,51,2710,5,903,43,5
"1009","2020-05-13",91,12,133,360,2862,0.39832285115304,0,0,241,340,62,2772,5,908,47,5
"1010","2020-05-14",83,12,130,361,2862,0.39832285115304,0,0,241,340,41,2813,12,920,37,12
"1011","2020-05-15",86,12,129,358,2862,0.39832285115304,0,0,241,340,64,2877,8,928,52,8
"1012","2020-05-16",86,12,124,348,2862,0.39832285115304,0,0,241,340,28,2905,12,940,22,12
"1013","2020-05-17",90,12,118,348,2862,0.39832285115304,0,0,241,340,34,2939,5,945,31,5
"1014","2020-05-18",95,12,115,335,2862,0.39832285115304,0,0,241,340,37,2976,7,952,29,7
"1015","2020-05-19",93,12,102,322,2862,0.39832285115304,0,0,241,340,39,3015,4,956,31,4
"1016","2020-05-20",91,12,97,309,2862,0.39832285115304,0,0,241,340,33,3048,3,959,30,3
"1017","2020-05-21",92,12,90,297,2862,0.39832285115304,0,0,241,340,32,3080,5,964,26,5
"1018","2020-05-22",92,12,96,289,2862,0.39832285115304,0,0,241,340,39,3119,14,978,34,14
"1019","2020-05-23",90,12,88,281,2862,0.39832285115304,0,0,241,340,33,3152,7,985,25,7
"1020","2020-05-24",90,12,89,285,2862,0.39832285115304,0,0,241,340,32,3184,27,1012,29,27
"1021","2020-05-25",89,12,106,281,2862,0.39832285115304,0,0,241,340,26,3210,15,1027,21,15
"1022","2020-05-26",85,12,111,272,2862,0.39832285115304,0,0,241,340,41,3251,12,1039,35,12
"1023","2020-05-27",84,12,117,266,2862,0.39832285115304,0,0,241,340,29,3280,9,1048,24,9
"1024","2020-05-28",82,12,125,269,2862,0.39832285115304,0,0,241,340,16,3296,5,1053,13,5
"1025","2020-05-29",78,12,126,255,2862,0.39832285115304,0,0,241,340,32,3328,7,1060,23,7
"1026","2020-05-30",82,12,117,253,2862,0.39832285115304,0,0,241,340,16,3344,5,1065,15,5
"1027","2020-05-31",80,12,118,247,2862,0.39832285115304,0,0,241,340,16,3360,14,1079,12,14
"1028","2020-06-01",77,12,112,238,2862,0.39832285115304,0,0,241,340,23,3383,3,1082,16,3
"1029","2020-06-02",73,12,108,225,2862,0.39832285115304,0,0,241,340,23,3406,2,1084,17,2
"1030","2020-06-03",72,12,111,228,2862,0.39832285115304,0,0,241,340,14,3420,19,1103,12,19
"1031","2020-06-04",76,12,102,216,2862,0.39832285115304,0,0,241,340,15,3435,10,1113,15,10
"1032","2020-06-05",73,12,100,208,2862,0.39832285115304,0,0,241,340,28,3463,16,1129,25,16
"1033","2020-06-06",64,12,95,191,2862,0.39832285115304,0,0,241,340,21,3484,10,1139,17,10
"1034","2020-06-07",56,12,83,175,2862,0.39832285115304,0,0,241,340,17,3501,10,1149,14,10
"1035","2020-03-14",1,13,39,27,1713,0.662580268534734,0,0,127,328,20,66,4,16,7,4
"1036","2020-03-15",2,13,43,40,1713,0.662580268534734,0,0,127,328,15,81,6,22,7,6
"1037","2020-03-16",3,13,52,51,1713,0.662580268534734,0,0,127,328,13,94,7,29,10,7
"1038","2020-03-17",5,13,59,67,1713,0.662580268534734,0,0,127,328,29,123,6,35,10,6
"1039","2020-03-18",6,13,60,76,1713,0.662580268534734,0,0,127,328,19,142,2,37,9,2
"1040","2020-03-19",9,13,58,86,1713,0.662580268534734,0,0,127,328,40,182,4,41,21,4
"1041","2020-03-20",12,13,63,107,1713,0.662580268534734,0,0,127,328,26,208,4,45,16,4
"1042","2020-03-21",16,13,67,114,1713,0.662580268534734,0,0,127,328,33,241,5,50,17,5
"1043","2020-03-22",20,13,80,126,1713,0.662580268534734,0,0,127,328,38,279,4,54,16,4
"1044","2020-03-23",22,13,81,130,1713,0.662580268534734,0,0,127,328,18,297,5,59,6,5
"1045","2020-03-24",22,13,83,141,1713,0.662580268534734,0,0,127,328,40,337,12,71,28,12
"1046","2020-03-25",25,13,94,161,1713,0.662580268534734,0,0,127,328,36,373,11,82,19,11
"1047","2020-03-26",32,13,101,174,1713,0.662580268534734,0,0,127,328,24,397,11,93,12,11
"1048","2020-03-27",33,13,100,185,1713,0.662580268534734,0,0,127,328,49,446,17,110,36,17
"1049","2020-03-28",38,13,110,190,1713,0.662580268534734,0,0,127,328,36,482,21,131,27,21
"1050","2020-03-29",42,13,102,209,1713,0.662580268534734,0,0,127,328,38,520,8,139,25,8
"1051","2020-03-30",51,13,109,217,1713,0.662580268534734,0,0,127,328,35,555,11,150,18,11
"1052","2020-03-31",58,13,104,222,1713,0.662580268534734,0,0,127,328,40,595,13,163,23,13
"1053","2020-04-01",63,13,101,223,1713,0.662580268534734,0,0,127,328,49,644,9,172,32,9
"1054","2020-04-02",61,13,105,238,1713,0.662580268534734,0,0,127,328,41,685,5,177,25,5
"1055","2020-04-03",66,13,112,237,1713,0.662580268534734,0,0,127,328,40,725,6,183,27,6
"1056","2020-04-04",66,13,103,245,1713,0.662580268534734,0,0,127,328,41,766,15,198,25,15
"1057","2020-04-05",64,13,107,245,1713,0.662580268534734,0,0,127,328,34,800,13,211,23,13
"1058","2020-04-06",65,13,104,250,1713,0.662580268534734,0,0,127,328,46,846,12,223,29,12
"1059","2020-04-07",63,13,127,251,1713,0.662580268534734,0,0,127,328,40,886,5,228,26,5
"1060","2020-04-08",71,13,135,256,1713,0.662580268534734,0,0,127,328,31,917,21,249,19,21
"1061","2020-04-09",75,13,131,258,1713,0.662580268534734,0,0,127,328,48,965,9,258,32,9
"1062","2020-04-10",78,13,129,256,1713,0.662580268534734,0,0,127,328,45,1010,19,277,26,19
"1063","2020-04-11",78,13,155,264,1713,0.662580268534734,0,0,127,328,47,1057,13,290,30,13
"1064","2020-04-12",80,13,161,260,1713,0.662580268534734,0,0,127,328,38,1095,19,309,24,19
"1065","2020-04-13",75,13,167,263,1713,0.662580268534734,0,0,127,328,30,1125,14,323,17,14
"1066","2020-04-14",79,13,170,254,1713,0.662580268534734,0,0,127,328,40,1165,23,346,19,23
"1067","2020-04-15",77,13,168,260,1713,0.662580268534734,0,0,127,328,60,1225,18,364,30,18
"1068","2020-04-16",78,13,181,257,1713,0.662580268534734,0,0,127,328,47,1272,14,378,30,14
"1069","2020-04-17",77,13,171,255,1713,0.662580268534734,0,0,127,328,31,1303,12,390,19,12
"1070","2020-04-18",75,13,151,242,1713,0.662580268534734,0,0,127,328,40,1343,9,399,17,9
"1071","2020-04-19",75,13,160,238,1713,0.662580268534734,0,0,127,328,35,1378,18,417,18,18
"1072","2020-04-20",73,13,167,231,1713,0.662580268534734,0,0,127,328,31,1409,12,429,19,12
"1073","2020-04-21",81,13,163,224,1713,0.662580268534734,0,0,127,328,37,1446,12,441,25,12
"1074","2020-04-22",73,13,147,232,1713,0.662580268534734,0,0,127,328,38,1484,7,448,23,7
"1075","2020-04-23",70,13,131,233,1713,0.662580268534734,0,0,127,328,41,1525,12,460,24,12
"1076","2020-04-24",70,13,127,233,1713,0.662580268534734,0,0,127,328,40,1565,11,471,21,11
"1077","2020-04-25",75,13,132,229,1713,0.662580268534734,0,0,127,328,48,1613,10,481,26,10
"1078","2020-04-26",74,13,116,235,1713,0.662580268534734,0,0,127,328,46,1659,17,498,31,17
"1079","2020-04-27",80,13,150,237,1713,0.662580268534734,0,0,127,328,46,1705,18,516,32,18
"1080","2020-04-28",68,13,138,235,1713,0.662580268534734,0,0,127,328,32,1737,21,537,15,21
"1081","2020-04-29",68,13,131,241,1713,0.662580268534734,0,0,127,328,49,1786,17,554,35,17
"1082","2020-04-30",70,13,134,238,1713,0.662580268534734,0,0,127,328,40,1826,7,561,20,7
"1083","2020-05-01",70,13,143,254,1713,0.662580268534734,0,0,127,328,47,1873,8,569,30,8
"1084","2020-05-02",69,13,157,248,1713,0.662580268534734,0,0,127,328,43,1916,7,576,20,7
"1085","2020-05-03",69,13,168,242,1713,0.662580268534734,0,0,127,328,37,1953,12,588,22,12
"1086","2020-05-04",70,13,172,240,1713,0.662580268534734,0,0,127,328,36,1989,18,606,21,18
"1087","2020-05-05",71,13,187,226,1713,0.662580268534734,0,0,127,328,37,2026,21,627,19,21
"1088","2020-05-06",73,13,193,225,1713,0.662580268534734,0,0,127,328,38,2064,24,651,24,24
"1089","2020-05-07",67,13,187,226,1713,0.662580268534734,0,0,127,328,42,2106,15,666,25,15
"1090","2020-05-08",64,13,173,224,1713,0.662580268534734,0,0,127,328,34,2140,21,687,22,21
"1091","2020-05-09",70,13,161,214,1713,0.662580268534734,0,0,127,328,34,2174,10,697,16,10
"1092","2020-05-10",70,13,150,214,1713,0.662580268534734,0,0,127,328,26,2200,10,707,15,10
"1093","2020-05-11",66,13,160,216,1713,0.662580268534734,0,0,127,328,24,2224,21,728,12,21
"1094","2020-05-12",64,13,164,204,1713,0.662580268534734,0,0,127,328,19,2243,18,746,9,18
"1095","2020-05-13",64,13,170,207,1713,0.662580268534734,0,0,127,328,35,2278,18,764,17,18
"1096","2020-05-14",69,13,176,199,1713,0.662580268534734,0,0,127,328,32,2310,10,774,18,10
"1097","2020-05-15",67,13,183,205,1713,0.662580268534734,0,0,127,328,35,2345,13,787,16,13
"1098","2020-05-16",59,13,197,198,1713,0.662580268534734,0,0,127,328,24,2369,18,805,17,18
"1099","2020-05-17",57,13,186,190,1713,0.662580268534734,0,0,127,328,20,2389,13,818,14,13
"1100","2020-05-18",60,13,189,192,1713,0.662580268534734,0,0,127,328,32,2421,14,832,16,14
"1101","2020-05-19",59,13,181,191,1713,0.662580268534734,0,0,127,328,19,2440,13,845,11,13
"1102","2020-05-20",58,13,169,182,1713,0.662580268534734,0,0,127,328,25,2465,8,853,11,8
"1103","2020-05-21",55,13,144,174,1713,0.662580268534734,0,0,127,328,18,2483,8,861,8,8
"1104","2020-05-22",54,13,148,175,1713,0.662580268534734,0,0,127,328,26,2509,2,863,12,2
"1105","2020-05-23",45,13,131,172,1713,0.662580268534734,0,0,127,328,23,2532,7,870,14,7
"1106","2020-05-24",44,13,131,183,1713,0.662580268534734,0,0,127,328,18,2550,7,877,11,7
"1107","2020-05-25",41,13,132,173,1713,0.662580268534734,0,0,127,328,23,2573,13,890,17,13
"1108","2020-05-26",43,13,135,176,1713,0.662580268534734,0,0,127,328,29,2602,11,901,17,11
"1109","2020-05-27",40,13,125,164,1713,0.662580268534734,0,0,127,328,25,2627,11,912,17,11
"1110","2020-05-28",38,13,119,163,1713,0.662580268534734,0,0,127,328,26,2653,10,922,14,10
"1111","2020-05-29",40,13,108,169,1713,0.662580268534734,0,0,127,328,20,2673,10,932,12,10
"1112","2020-05-30",46,13,116,174,1713,0.662580268534734,0,0,127,328,31,2704,6,938,23,6
"1113","2020-05-31",47,13,99,171,1713,0.662580268534734,0,0,127,328,15,2719,13,951,11,13
"1114","2020-06-01",44,13,91,176,1713,0.662580268534734,0,0,127,328,11,2730,14,965,9,14
"1115","2020-06-02",44,13,103,173,1713,0.662580268534734,0,0,127,328,15,2745,14,979,9,14
"1116","2020-06-03",58,13,101,191,1713,0.662580268534734,0,0,127,328,28,2773,14,993,20,14
"1117","2020-06-04",56,13,99,186,1713,0.662580268534734,0,0,127,328,16,2789,9,1002,6,9
"1118","2020-06-05",56,13,84,181,1713,0.662580268534734,0,0,127,328,19,2808,12,1014,11,12
"1119","2020-06-06",57,13,81,190,1713,0.662580268534734,0,0,127,328,11,2819,16,1030,9,16
"1120","2020-06-07",61,13,79,187,1713,0.662580268534734,0,0,127,328,14,2833,15,1045,10,15
"1121","2020-03-13",1,14,24,32,5767,0.923877232529912,0,0,498,462,14,39,5,28,5,5
"1122","2020-03-14",1,14,31,36,5767,0.923877232529912,0,0,498,462,15,54,4,32,9,4
"1123","2020-03-15",2,14,38,55,5767,0.923877232529912,0,0,498,462,30,84,10,42,20,10
"1124","2020-03-16",4,14,31,70,5767,0.923877232529912,0,0,498,462,28,112,19,61,19,19
"1125","2020-03-17",6,14,34,102,5767,0.923877232529912,0,0,498,462,30,142,7,68,24,7
"1126","2020-03-18",10,14,35,138,5767,0.923877232529912,0,0,498,462,41,183,5,73,32,5
"1127","2020-03-19",14,14,41,155,5767,0.923877232529912,0,0,498,462,55,238,7,80,45,7
"1128","2020-03-20",22,14,54,191,5767,0.923877232529912,0,0,498,462,58,296,7,87,40,7
"1129","2020-03-21",34,14,51,235,5767,0.923877232529912,0,0,498,462,60,356,8,95,41,8
"1130","2020-03-22",45,14,60,266,5767,0.923877232529912,0,0,498,462,90,446,19,114,80,19
"1131","2020-03-23",52,14,60,292,5767,0.923877232529912,0,0,498,462,107,553,16,130,93,16
"1132","2020-03-24",60,14,55,346,5767,0.923877232529912,0,0,498,462,128,681,24,154,117,24
"1133","2020-03-25",71,14,49,388,5767,0.923877232529912,0,0,498,462,127,808,30,184,112,30
"1134","2020-03-26",85,14,62,455,5767,0.923877232529912,0,0,498,462,185,993,15,199,174,15
"1135","2020-03-27",97,14,79,511,5767,0.923877232529912,0,0,498,462,233,1226,32,231,226,32
"1136","2020-03-28",104,14,87,568,5767,0.923877232529912,0,0,498,462,257,1483,13,244,252,13
"1137","2020-03-29",113,14,96,638,5767,0.923877232529912,0,0,498,462,276,1759,27,271,270,27
"1138","2020-03-30",125,14,95,694,5767,0.923877232529912,0,0,498,462,282,2041,27,298,273,27
"1139","2020-03-31",141,14,111,778,5767,0.923877232529912,0,0,498,462,387,2428,22,320,375,22
"1140","2020-04-01",159,14,126,830,5767,0.923877232529912,0,0,498,462,362,2790,10,330,353,10
"1141","2020-04-02",175,14,145,886,5767,0.923877232529912,0,0,498,462,432,3222,13,343,429,13
"1142","2020-04-03",195,14,131,928,5767,0.923877232529912,0,0,498,462,347,3569,24,367,339,24
"1143","2020-04-04",212,14,138,1010,5767,0.923877232529912,0,0,498,462,420,3989,20,387,416,20
"1144","2020-04-05",224,14,145,1099,5767,0.923877232529912,0,0,498,462,326,4315,6,393,317,6
"1145","2020-04-06",252,14,142,1165,5767,0.923877232529912,0,0,498,462,295,4610,10,403,290,10
"1146","2020-04-07",282,14,138,1216,5767,0.923877232529912,0,0,498,462,310,4920,26,429,302,26
"1147","2020-04-08",299,14,143,1273,5767,0.923877232529912,0,0,498,462,301,5221,28,457,297,28
"1148","2020-04-09",307,14,135,1333,5767,0.923877232529912,0,0,498,462,273,5494,24,481,268,24
"1149","2020-04-10",328,14,135,1376,5767,0.923877232529912,0,0,498,462,235,5729,29,510,233,29
"1150","2020-04-11",339,14,156,1397,5767,0.923877232529912,0,0,498,462,250,5979,9,519,244,9
"1151","2020-04-12",356,14,166,1433,5767,0.923877232529912,0,0,498,462,187,6166,10,529,182,10
"1152","2020-04-13",354,14,164,1472,5767,0.923877232529912,0,0,498,462,181,6347,26,555,178,26
"1153","2020-04-14",367,14,164,1497,5767,0.923877232529912,0,0,498,462,179,6526,24,579,175,24
"1154","2020-04-15",367,14,152,1536,5767,0.923877232529912,0,0,498,462,119,6645,18,597,114,18
"1155","2020-04-16",379,14,139,1508,5767,0.923877232529912,0,0,498,462,96,6741,35,632,95,35
"1156","2020-04-17",375,14,138,1515,5767,0.923877232529912,0,0,498,462,87,6828,20,652,86,20
"1157","2020-04-18",399,14,152,1504,5767,0.923877232529912,0,0,498,462,89,6917,34,686,85,34
"1158","2020-04-19",408,14,166,1525,5767,0.923877232529912,0,0,498,462,42,6959,16,702,41,16
"1159","2020-04-20",427,14,179,1539,5767,0.923877232529912,0,0,498,462,60,7019,18,720,59,18
"1160","2020-04-21",405,14,170,1518,5767,0.923877232529912,0,0,498,462,54,7073,15,735,51,15
"1161","2020-04-22",422,14,161,1504,5767,0.923877232529912,0,0,498,462,40,7113,8,743,39,8
"1162","2020-04-23",431,14,148,1471,5767,0.923877232529912,0,0,498,462,38,7151,16,759,36,16
"1163","2020-04-24",423,14,155,1443,5767,0.923877232529912,0,0,498,462,37,7188,10,769,34,10
"1164","2020-04-25",407,14,167,1423,5767,0.923877232529912,0,0,498,462,10,7198,7,776,10,7
"1165","2020-04-26",393,14,180,1381,5767,0.923877232529912,0,0,498,462,15,7213,10,786,14,10
"1166","2020-04-27",378,14,189,1334,5767,0.923877232529912,0,0,498,462,16,7229,5,791,11,5
"1167","2020-04-28",390,14,186,1263,5767,0.923877232529912,0,0,498,462,11,7240,8,799,7,8
"1168","2020-04-29",379,14,185,1212,5767,0.923877232529912,0,0,498,462,10,7250,8,807,7,8
"1169","2020-04-30",362,14,185,1153,5767,0.923877232529912,0,0,498,462,8,7258,11,818,7,11
"1170","2020-05-01",351,14,180,1088,5767,0.923877232529912,0,0,498,462,8,7266,21,839,5,21
"1171","2020-05-02",331,14,169,1027,5767,0.923877232529912,0,0,498,462,6,7272,22,861,4,22
"1172","2020-05-03",331,14,163,986,5767,0.923877232529912,0,0,498,462,4,7276,27,888,4,27
"1173","2020-05-04",321,14,156,916,5767,0.923877232529912,0,0,498,462,11,7287,15,903,6,15
"1174","2020-05-05",301,14,158,834,5767,0.923877232529912,0,0,498,462,3,7290,10,913,2,10
"1175","2020-05-06",268,14,158,787,5767,0.923877232529912,0,0,498,462,6,7296,32,945,4,32
"1176","2020-05-07",254,14,161,711,5767,0.923877232529912,0,0,498,462,2,7298,31,976,2,31
"1177","2020-05-08",244,14,157,673,5767,0.923877232529912,0,0,498,462,4,7302,16,992,4,16
"1178","2020-05-09",247,14,152,613,5767,0.923877232529912,0,0,498,462,6,7308,24,1016,5,24
"1179","2020-05-10",225,14,135,584,5767,0.923877232529912,0,0,498,462,2,7310,41,1057,2,41
"1180","2020-05-11",202,14,121,531,5767,0.923877232529912,0,0,498,462,NA,NA,18,1075,NA,18
"1181","2020-05-12",189,14,131,492,5767,0.923877232529912,0,0,498,462,2,7312,16,1091,1,16
"1182","2020-05-13",187,14,135,451,5767,0.923877232529912,0,0,498,462,6,7318,8,1099,6,8
"1183","2020-05-14",173,14,131,425,5767,0.923877232529912,0,0,498,462,3,7321,9,1108,2,9
"1184","2020-05-15",171,14,147,391,5767,0.923877232529912,0,0,498,462,4,7325,8,1116,1,8
"1185","2020-05-16",148,14,156,362,5767,0.923877232529912,0,0,498,462,2,7327,26,1142,1,26
"1186","2020-05-17",136,14,149,344,5767,0.923877232529912,0,0,498,462,1,7328,42,1184,1,42
"1187","2020-05-18",127,14,149,313,5767,0.923877232529912,0,0,498,462,4,7332,33,1217,3,33
"1188","2020-05-19",115,14,140,284,5767,0.923877232529912,0,0,498,462,2,7334,36,1253,1,36
"1189","2020-05-20",108,14,141,260,5767,0.923877232529912,0,0,498,462,1,7335,33,1286,NA,33
"1190","2020-05-21",97,14,153,237,5767,0.923877232529912,0,0,498,462,2,7337,40,1326,2,40
"1191","2020-05-22",79,14,139,214,5767,0.923877232529912,0,0,498,462,1,7338,18,1344,NA,18
"1192","2020-05-23",72,14,137,195,5767,0.923877232529912,0,0,498,462,2,7340,23,1367,2,23
"1193","2020-05-24",67,14,145,191,5767,0.923877232529912,0,0,498,462,2,7342,12,1379,1,12
"1194","2020-05-25",62,14,139,171,5767,0.923877232529912,0,0,498,462,3,7345,34,1413,2,34
"1195","2020-05-26",52,14,126,161,5767,0.923877232529912,0,0,498,462,1,7346,17,1430,1,17
"1196","2020-05-27",47,14,139,154,5767,0.923877232529912,0,0,498,462,1,7347,11,1441,NA,11
"1197","2020-05-28",46,14,147,155,5767,0.923877232529912,0,0,498,462,1,7348,25,1466,1,25
"1198","2020-05-29",45,14,160,142,5767,0.923877232529912,0,0,498,462,4,7352,3,1469,2,3
"1199","2020-05-30",40,14,166,146,5767,0.923877232529912,0,0,498,462,3,7355,15,1484,2,15
"1200","2020-05-31",43,14,170,142,5767,0.923877232529912,0,0,498,462,2,7357,17,1501,1,17
"1201","2020-06-01",52,14,172,144,5767,0.923877232529912,0,0,498,462,2,7359,18,1519,NA,18
"1202","2020-06-02",54,14,160,142,5767,0.923877232529912,0,0,498,462,7,7366,8,1527,6,8
"1203","2020-06-03",52,14,152,141,5767,0.923877232529912,0,0,498,462,1,7367,6,1533,1,6
"1204","2020-06-04",53,14,163,137,5767,0.923877232529912,0,0,498,462,1,7368,9,1542,NA,9
"1205","2020-06-05",49,14,165,137,5767,0.923877232529912,0,0,498,462,2,7370,9,1551,NA,9
"1206","2020-06-06",51,14,175,125,5767,0.923877232529912,0,0,498,462,1,7371,6,1557,1,6
"1207","2020-06-07",46,14,156,120,5767,0.923877232529912,0,0,498,462,1,7372,3,1560,NA,3
"1208","2020-03-14",5,15,71,109,8220,0.889051094890511,0,0,727,655,32,102,7,22,8,7
"1209","2020-03-15",9,15,74,149,8220,0.889051094890511,0,0,727,655,28,130,4,26,5,4
"1210","2020-03-16",12,15,76,196,8220,0.889051094890511,0,0,727,655,22,152,5,31,10,5
"1211","2020-03-17",18,15,67,243,8220,0.889051094890511,0,0,727,655,21,173,16,47,5,16
"1212","2020-03-18",28,15,69,318,8220,0.889051094890511,0,0,727,655,27,200,8,55,10,8
"1213","2020-03-19",38,15,69,389,8220,0.889051094890511,0,0,727,655,23,223,18,73,4,18
"1214","2020-03-20",46,15,91,484,8220,0.889051094890511,0,0,727,655,34,257,16,89,9,16
"1215","2020-03-21",66,15,101,603,8220,0.889051094890511,0,0,727,655,43,300,10,99,14,10
"1216","2020-03-22",89,15,104,733,8220,0.889051094890511,0,0,727,655,27,327,8,107,10,8
"1217","2020-03-23",115,15,123,876,8220,0.889051094890511,0,0,727,655,40,367,5,112,18,5
"1218","2020-03-24",149,15,113,1051,8220,0.889051094890511,0,0,727,655,46,413,1,113,20,1
"1219","2020-03-25",172,15,113,1250,8220,0.889051094890511,0,0,727,655,41,454,12,125,17,12
"1220","2020-03-26",207,15,127,1446,8220,0.889051094890511,0,0,727,655,44,498,10,135,23,10
"1221","2020-03-27",264,15,145,1679,8220,0.889051094890511,0,0,727,655,34,532,11,146,16,11
"1222","2020-03-28",298,15,143,2014,8220,0.889051094890511,0,0,727,655,40,572,9,155,18,9
"1223","2020-03-29",347,15,161,2332,8220,0.889051094890511,0,0,727,655,38,610,4,159,20,4
"1224","2020-03-30",403,15,161,2686,8220,0.889051094890511,0,0,727,655,44,654,15,174,19,15
"1225","2020-03-31",465,15,195,3088,8220,0.889051094890511,0,0,727,655,44,698,15,189,20,15
"1226","2020-04-01",548,15,203,3518,8220,0.889051094890511,0,0,727,655,38,736,15,204,13,15
"1227","2020-04-02",627,15,193,3848,8220,0.889051094890511,0,0,727,655,54,790,10,214,28,10
"1228","2020-04-03",703,15,177,4215,8220,0.889051094890511,0,0,727,655,51,841,8,222,23,8
"1229","2020-04-04",800,15,189,4349,8220,0.889051094890511,0,0,727,655,47,888,10,232,27,10
"1230","2020-04-05",915,15,181,4461,8220,0.889051094890511,0,0,727,655,43,931,3,235,20,3
"1231","2020-04-06",1025,15,183,4486,8220,0.889051094890511,0,0,727,655,36,967,7,242,16,7
"1232","2020-04-07",1118,15,193,4400,8220,0.889051094890511,0,0,727,655,53,1020,9,251,31,9
"1233","2020-04-08",1188,15,221,4305,8220,0.889051094890511,0,0,727,655,48,1068,21,272,21,21
"1234","2020-04-09",1240,15,237,4071,8220,0.889051094890511,0,0,727,655,45,1113,25,297,11,25
"1235","2020-04-10",1271,15,243,3801,8220,0.889051094890511,0,0,727,655,60,1173,13,310,22,13
"1236","2020-04-11",1268,15,253,3489,8220,0.889051094890511,0,0,727,655,42,1215,6,316,12,6
"1237","2020-04-12",1248,15,256,3123,8220,0.889051094890511,0,0,727,655,33,1248,9,325,14,9
"1238","2020-04-13",1182,15,230,2835,8220,0.889051094890511,0,0,727,655,55,1303,22,347,12,22
"1239","2020-04-14",1099,15,214,2486,8220,0.889051094890511,0,0,727,655,39,1342,14,361,16,14
"1240","2020-04-15",1003,15,228,2116,8220,0.889051094890511,0,0,727,655,37,1379,4,365,10,4
"1241","2020-04-16",905,15,244,1796,8220,0.889051094890511,0,0,727,655,53,1432,5,370,17,5
"1242","2020-04-17",818,15,271,1494,8220,0.889051094890511,0,0,727,655,41,1473,11,381,20,11
"1243","2020-04-18",727,15,272,1253,8220,0.889051094890511,0,0,727,655,53,1526,15,396,16,15
"1244","2020-04-19",594,15,249,1033,8220,0.889051094890511,0,0,727,655,46,1572,9,405,17,9
"1245","2020-04-20",502,15,217,839,8220,0.889051094890511,0,0,727,655,45,1617,14,419,16,14
"1246","2020-04-21",423,15,201,691,8220,0.889051094890511,0,0,727,655,46,1663,14,433,15,14
"1247","2020-04-22",359,15,219,550,8220,0.889051094890511,0,0,727,655,47,1710,12,445,20,12
"1248","2020-04-23",300,15,243,468,8220,0.889051094890511,0,0,727,655,44,1754,11,456,18,11
"1249","2020-04-24",234,15,266,401,8220,0.889051094890511,0,0,727,655,44,1798,11,467,23,11
"1250","2020-04-25",191,15,259,316,8220,0.889051094890511,0,0,727,655,60,1858,9,476,19,9
"1251","2020-04-26",160,15,279,251,8220,0.889051094890511,0,0,727,655,54,1912,6,482,25,6
"1252","2020-04-27",130,15,279,197,8220,0.889051094890511,0,0,727,655,46,1958,4,486,15,4
"1253","2020-04-28",103,15,251,159,8220,0.889051094890511,0,0,727,655,39,1997,2,488,21,2
"1254","2020-04-29",83,15,218,134,8220,0.889051094890511,0,0,727,655,52,2049,3,491,20,3
"1255","2020-04-30",70,15,192,106,8220,0.889051094890511,0,0,727,655,51,2100,9,500,17,9
"1256","2020-05-01",56,15,173,93,8220,0.889051094890511,0,0,727,655,41,2141,4,504,20,4
"1257","2020-05-02",42,15,158,81,8220,0.889051094890511,0,0,727,655,43,2184,2,506,16,2
"1258","2020-05-03",36,15,148,67,8220,0.889051094890511,0,0,727,655,45,2229,2,508,22,2
"1259","2020-05-04",30,15,167,57,8220,0.889051094890511,0,0,727,655,43,2272,16,524,10,16
"1260","2020-05-05",27,15,158,52,8220,0.889051094890511,0,0,727,655,49,2321,17,541,20,17
"1261","2020-05-06",25,15,144,48,8220,0.889051094890511,0,0,727,655,45,2366,13,554,23,13
"1262","2020-05-07",19,15,111,38,8220,0.889051094890511,0,0,727,655,51,2417,9,563,21,9
"1263","2020-05-08",14,15,105,31,8220,0.889051094890511,0,0,727,655,40,2457,17,580,13,17
"1264","2020-05-09",10,15,92,29,8220,0.889051094890511,0,0,727,655,37,2494,21,601,11,21
"1265","2020-05-10",10,15,87,25,8220,0.889051094890511,0,0,727,655,39,2533,13,614,12,13
"1266","2020-05-11",10,15,123,19,8220,0.889051094890511,0,0,727,655,31,2564,10,624,12,10
"1267","2020-05-12",8,15,127,19,8220,0.889051094890511,0,0,727,655,33,2597,7,631,9,7
"1268","2020-05-13",4,15,113,17,8220,0.889051094890511,0,0,727,655,28,2625,13,644,9,13
"1269","2020-05-14",6,15,99,16,8220,0.889051094890511,0,0,727,655,30,2655,6,650,14,6
"1270","2020-05-15",6,15,120,16,8220,0.889051094890511,0,0,727,655,24,2679,12,662,8,12
"1271","2020-05-16",7,15,132,17,8220,0.889051094890511,0,0,727,655,37,2716,10,672,18,10
"1272","2020-05-17",6,15,149,17,8220,0.889051094890511,0,0,727,655,35,2751,3,675,14,3
"1273","2020-05-18",6,15,164,17,8220,0.889051094890511,0,0,727,655,26,2777,10,685,9,10
"1274","2020-05-19",6,15,150,14,8220,0.889051094890511,0,0,727,655,34,2811,19,704,14,19
"1275","2020-05-20",8,15,165,15,8220,0.889051094890511,0,0,727,655,26,2837,8,712,9,8
"1276","2020-05-21",6,15,165,16,8220,0.889051094890511,0,0,727,655,27,2864,19,731,16,19
"1277","2020-05-22",6,15,166,13,8220,0.889051094890511,0,0,727,655,23,2887,9,740,12,9
"1278","2020-05-23",4,15,185,12,8220,0.889051094890511,0,0,727,655,32,2919,10,750,12,10
"1279","2020-05-24",4,15,154,10,8220,0.889051094890511,0,0,727,655,16,2935,6,756,5,6
"1280","2020-05-25",3,15,135,9,8220,0.889051094890511,0,0,727,655,19,2954,5,761,6,5
"1281","2020-05-26",2,15,114,9,8220,0.889051094890511,0,0,727,655,20,2974,6,767,8,6
"1282","2020-05-27",2,15,105,6,8220,0.889051094890511,0,0,727,655,17,2991,2,769,7,2
"1283","2020-05-28",2,15,86,5,8220,0.889051094890511,0,0,727,655,23,3014,6,775,7,6
"1284","2020-05-29",2,15,96,5,8220,0.889051094890511,0,0,727,655,15,3029,5,780,5,5
"1285","2020-05-30",2,15,122,4,8220,0.889051094890511,0,0,727,655,16,3045,12,792,10,12
"1286","2020-05-31",2,15,145,5,8220,0.889051094890511,0,0,727,655,22,3067,5,797,7,5
"1287","2020-06-01",2,15,153,9,8220,0.889051094890511,0,0,727,655,19,3086,7,804,3,7
"1288","2020-06-02",2,15,181,9,8220,0.889051094890511,0,0,727,655,18,3104,9,813,4,9
"1289","2020-06-03",2,15,193,10,8220,0.889051094890511,0,0,727,655,20,3124,8,821,8,8
"1290","2020-06-04",4,15,207,9,8220,0.889051094890511,0,0,727,655,12,3136,8,829,5,8
"1291","2020-06-05",4,15,201,11,8220,0.889051094890511,0,0,727,655,19,3155,15,844,9,15
"1292","2020-06-06",4,15,189,12,8220,0.889051094890511,0,0,727,655,22,3177,20,864,8,20
"1293","2020-06-07",5,15,172,13,8220,0.889051094890511,0,0,727,655,17,3194,9,873,9,9
"1294","2020-03-13",1,16,24,26,2269,0.705597179374174,0,0,168,553,12,45,15,29,1,15
"1295","2020-03-14",2,16,37,35,2269,0.705597179374174,0,0,168,553,24,69,10,39,10,10
"1296","2020-03-15",3,16,62,48,2269,0.705597179374174,0,0,168,553,24,93,14,53,10,14
"1297","2020-03-16",4,16,82,57,2269,0.705597179374174,0,0,168,553,30,123,10,63,11,10
"1298","2020-03-17",8,16,87,74,2269,0.705597179374174,0,0,168,553,29,152,10,73,12,10
"1299","2020-03-18",9,16,90,86,2269,0.705597179374174,0,0,168,553,24,176,4,77,12,4
"1300","2020-03-19",13,16,80,107,2269,0.705597179374174,0,0,168,553,37,213,11,88,19,11
"1301","2020-03-20",15,16,71,119,2269,0.705597179374174,0,0,168,553,34,247,20,108,14,20
"1302","2020-03-21",20,16,61,131,2269,0.705597179374174,0,0,168,553,40,287,21,129,28,21
"1303","2020-03-22",24,16,54,153,2269,0.705597179374174,0,0,168,553,44,331,14,143,24,14
"1304","2020-03-23",35,16,68,176,2269,0.705597179374174,0,0,168,553,46,377,23,166,32,23
"1305","2020-03-24",41,16,72,182,2269,0.705597179374174,0,0,168,553,40,417,22,188,23,22
"1306","2020-03-25",46,16,74,206,2269,0.705597179374174,0,0,168,553,42,459,18,206,17,18
"1307","2020-03-26",48,16,68,228,2269,0.705597179374174,0,0,168,553,35,494,40,246,25,40
"1308","2020-03-27",56,16,74,238,2269,0.705597179374174,0,0,168,553,32,526,26,272,11,26
"1309","2020-03-28",59,16,84,276,2269,0.705597179374174,0,0,168,553,38,564,16,288,28,16
"1310","2020-03-29",61,16,92,302,2269,0.705597179374174,0,0,168,553,45,609,22,310,22,22
"1311","2020-03-30",64,16,110,321,2269,0.705597179374174,0,0,168,553,35,644,25,335,20,25
"1312","2020-03-31",72,16,118,338,2269,0.705597179374174,0,0,168,553,38,682,15,350,21,15
"1313","2020-04-01",73,16,116,355,2269,0.705597179374174,0,0,168,553,52,734,23,373,31,23
"1314","2020-04-02",81,16,135,365,2269,0.705597179374174,0,0,168,553,45,779,26,399,28,26
"1315","2020-04-03",85,16,143,373,2269,0.705597179374174,0,0,168,553,33,812,44,443,19,44
"1316","2020-04-04",90,16,149,388,2269,0.705597179374174,0,0,168,553,41,853,36,479,24,36
"1317","2020-04-05",104,16,142,392,2269,0.705597179374174,0,0,168,553,46,899,43,522,26,43
"1318","2020-04-06",106,16,129,410,2269,0.705597179374174,0,0,168,553,51,950,41,563,27,41
"1319","2020-04-07",101,16,125,408,2269,0.705597179374174,0,0,168,553,45,995,46,609,22,46
"1320","2020-04-08",113,16,132,415,2269,0.705597179374174,0,0,168,553,50,1045,24,633,30,24
"1321","2020-04-09",115,16,143,414,2269,0.705597179374174,0,0,168,553,30,1075,63,696,15,63
"1322","2020-04-10",117,16,129,395,2269,0.705597179374174,0,0,168,553,33,1108,58,754,19,58
"1323","2020-04-11",124,16,111,405,2269,0.705597179374174,0,0,168,553,57,1165,34,788,33,34
"1324","2020-04-12",120,16,106,402,2269,0.705597179374174,0,0,168,553,43,1208,59,847,26,59
"1325","2020-04-13",123,16,99,404,2269,0.705597179374174,0,0,168,553,30,1238,53,900,13,53
"1326","2020-04-14",118,16,100,396,2269,0.705597179374174,0,0,168,553,44,1282,39,939,23,39
"1327","2020-04-15",115,16,128,404,2269,0.705597179374174,0,0,168,553,43,1325,54,993,21,54
"1328","2020-04-16",116,16,126,401,2269,0.705597179374174,0,0,168,553,44,1369,48,1041,25,48
"1329","2020-04-17",115,16,127,393,2269,0.705597179374174,0,0,168,553,33,1402,31,1072,22,31
"1330","2020-04-18",112,16,132,395,2269,0.705597179374174,0,0,168,553,48,1450,40,1112,21,40
"1331","2020-04-19",112,16,136,402,2269,0.705597179374174,0,0,168,553,39,1489,30,1142,22,30
"1332","2020-04-20",110,16,161,386,2269,0.705597179374174,0,0,168,553,43,1532,35,1177,19,35
"1333","2020-04-21",121,16,177,390,2269,0.705597179374174,0,0,168,553,47,1579,29,1206,21,29
"1334","2020-04-22",122,16,180,386,2269,0.705597179374174,0,0,168,553,40,1619,19,1225,17,19
"1335","2020-04-23",112,16,195,374,2269,0.705597179374174,0,0,168,553,37,1656,52,1277,23,52
"1336","2020-04-24",120,16,186,359,2269,0.705597179374174,0,0,168,553,32,1688,39,1316,15,39
"1337","2020-04-25",118,16,201,336,2269,0.705597179374174,0,0,168,553,51,1739,39,1355,30,39
"1338","2020-04-26",114,16,212,334,2269,0.705597179374174,0,0,168,553,36,1775,27,1382,19,27
"1339","2020-04-27",111,16,221,324,2269,0.705597179374174,0,0,168,553,31,1806,22,1404,16,22
"1340","2020-04-28",96,16,191,310,2269,0.705597179374174,0,0,168,553,47,1853,47,1451,20,47
"1341","2020-04-29",99,16,196,299,2269,0.705597179374174,0,0,168,553,43,1896,40,1491,23,40
"1342","2020-04-30",104,16,184,293,2269,0.705597179374174,0,0,168,553,51,1947,32,1523,31,32
"1343","2020-05-01",99,16,183,279,2269,0.705597179374174,0,0,168,553,28,1975,34,1557,15,34
"1344","2020-05-02",91,16,183,285,2269,0.705597179374174,0,0,168,553,44,2019,28,1585,25,28
"1345","2020-05-03",88,16,177,287,2269,0.705597179374174,0,0,168,553,51,2070,40,1625,30,40
"1346","2020-05-04",92,16,196,278,2269,0.705597179374174,0,0,168,553,50,2120,53,1678,25,53
"1347","2020-05-05",99,16,207,276,2269,0.705597179374174,0,0,168,553,27,2147,44,1722,15,44
"1348","2020-05-06",89,16,200,283,2269,0.705597179374174,0,0,168,553,48,2195,55,1777,28,55
"1349","2020-05-07",88,16,205,284,2269,0.705597179374174,0,0,168,553,39,2234,64,1841,19,64
"1350","2020-05-08",78,16,181,273,2269,0.705597179374174,0,0,168,553,38,2272,54,1895,21,54
"1351","2020-05-09",82,16,164,264,2269,0.705597179374174,0,0,168,553,35,2307,47,1942,14,47
"1352","2020-05-10",81,16,163,263,2269,0.705597179374174,0,0,168,553,27,2334,29,1971,13,29
"1353","2020-05-11",68,16,151,264,2269,0.705597179374174,0,0,168,553,33,2367,34,2005,16,34
"1354","2020-05-12",69,16,159,261,2269,0.705597179374174,0,0,168,553,35,2402,56,2061,16,56
"1355","2020-05-13",73,16,165,256,2269,0.705597179374174,0,0,168,553,44,2446,41,2102,21,41
"1356","2020-05-14",68,16,168,245,2269,0.705597179374174,0,0,168,553,31,2477,43,2145,14,43
"1357","2020-05-15",69,16,149,235,2269,0.705597179374174,0,0,168,553,34,2511,31,2176,13,31
"1358","2020-05-16",67,16,140,233,2269,0.705597179374174,0,0,168,553,24,2535,39,2215,14,39
"1359","2020-05-17",69,16,126,237,2269,0.705597179374174,0,0,168,553,32,2567,30,2245,17,30
"1360","2020-05-18",68,16,121,227,2269,0.705597179374174,0,0,168,553,39,2606,38,2283,19,38
"1361","2020-05-19",63,16,130,227,2269,0.705597179374174,0,0,168,553,29,2635,22,2305,20,22
"1362","2020-05-20",64,16,127,212,2269,0.705597179374174,0,0,168,553,28,2663,38,2343,18,38
"1363","2020-05-21",65,16,125,213,2269,0.705597179374174,0,0,168,553,32,2695,45,2388,19,45
"1364","2020-05-22",67,16,135,228,2269,0.705597179374174,0,0,168,553,23,2718,49,2437,12,49
"1365","2020-05-23",63,16,144,230,2269,0.705597179374174,0,0,168,553,23,2741,42,2479,10,42
"1366","2020-05-24",67,16,144,241,2269,0.705597179374174,0,0,168,553,23,2764,42,2521,17,42
"1367","2020-05-25",72,16,137,231,2269,0.705597179374174,0,0,168,553,27,2791,37,2558,13,37
"1368","2020-05-26",70,16,159,231,2269,0.705597179374174,0,0,168,553,23,2814,32,2590,10,32
"1369","2020-05-27",63,16,167,239,2269,0.705597179374174,0,0,168,553,23,2837,21,2611,14,21
"1370","2020-05-28",70,16,173,236,2269,0.705597179374174,0,0,168,553,24,2861,25,2636,12,25
"1371","2020-05-29",65,16,175,233,2269,0.705597179374174,0,0,168,553,28,2889,36,2672,12,36
"1372","2020-05-30",73,16,173,226,2269,0.705597179374174,0,0,168,553,21,2910,28,2700,14,28
"1373","2020-05-31",67,16,161,205,2269,0.705597179374174,0,0,168,553,18,2928,45,2745,8,45
"1374","2020-06-01",68,16,151,208,2269,0.705597179374174,0,0,168,553,17,2945,47,2792,14,47
"1375","2020-06-02",70,16,137,205,2269,0.705597179374174,0,0,168,553,18,2963,26,2818,9,26
"1376","2020-06-03",68,16,138,205,2269,0.705597179374174,0,0,168,553,14,2977,50,2868,6,50
"1377","2020-06-04",60,16,126,198,2269,0.705597179374174,0,0,168,553,15,2992,40,2908,7,40
"1378","2020-06-05",59,16,113,190,2269,0.705597179374174,0,0,168,553,17,3009,29,2937,12,29
"1379","2020-06-06",49,16,126,184,2269,0.705597179374174,0,0,168,553,10,3019,29,2966,5,29
"1380","2020-06-07",47,16,134,174,2269,0.705597179374174,0,0,168,553,19,3038,43,3009,12,43
"1381","2020-03-13",1,17,45,35,2522,0.504758128469469,0,0,198,406,4,15,8,30,3,8
"1382","2020-03-14",1,17,53,54,2522,0.504758128469469,0,0,198,406,6,21,7,37,5,7
"1383","2020-03-15",2,17,67,69,2522,0.504758128469469,0,0,198,406,12,33,6,43,12,6
"1384","2020-03-16",2,17,70,88,2522,0.504758128469469,0,0,198,406,15,48,7,50,13,7
"1385","2020-03-17",8,17,92,111,2522,0.504758128469469,0,0,198,406,16,64,5,55,16,5
"1386","2020-03-18",17,17,97,130,2522,0.504758128469469,0,0,198,406,22,86,4,59,16,4
"1387","2020-03-19",23,17,98,166,2522,0.504758128469469,0,0,198,406,16,102,20,79,14,20
"1388","2020-03-20",26,17,92,197,2522,0.504758128469469,0,0,198,406,22,124,15,94,19,15
"1389","2020-03-21",34,17,84,220,2522,0.504758128469469,0,0,198,406,33,157,12,106,32,12
"1390","2020-03-22",38,17,74,243,2522,0.504758128469469,0,0,198,406,44,201,17,123,42,17
"1391","2020-03-23",47,17,73,271,2522,0.504758128469469,0,0,198,406,45,246,18,141,44,18
"1392","2020-03-24",48,17,74,285,2522,0.504758128469469,0,0,198,406,63,309,8,149,60,8
"1393","2020-03-25",46,17,97,300,2522,0.504758128469469,0,0,198,406,68,377,20,169,66,20
"1394","2020-03-26",54,17,113,321,2522,0.504758128469469,0,0,198,406,71,448,17,186,69,17
"1395","2020-03-27",65,17,107,331,2522,0.504758128469469,0,0,198,406,91,539,16,202,88,16
"1396","2020-03-28",79,17,113,356,2522,0.504758128469469,0,0,198,406,96,635,11,213,95,11
"1397","2020-03-29",87,17,100,361,2522,0.504758128469469,0,0,198,406,118,753,4,217,114,4
"1398","2020-03-30",96,17,115,366,2522,0.504758128469469,0,0,198,406,111,864,15,232,106,15
"1399","2020-03-31",101,17,119,381,2522,0.504758128469469,0,0,198,406,157,1021,17,249,153,17
"1400","2020-04-01",112,17,134,386,2522,0.504758128469469,0,0,198,406,194,1215,13,262,190,13
"1401","2020-04-02",109,17,139,388,2522,0.504758128469469,0,0,198,406,178,1393,12,274,176,12
"1402","2020-04-03",107,17,127,381,2522,0.504758128469469,0,0,198,406,213,1606,5,279,210,5
"1403","2020-04-04",103,17,115,382,2522,0.504758128469469,0,0,198,406,228,1834,25,304,226,25
"1404","2020-04-05",101,17,124,377,2522,0.504758128469469,0,0,198,406,211,2045,10,314,209,10
"1405","2020-04-06",94,17,118,384,2522,0.504758128469469,0,0,198,406,338,2383,14,328,336,14
"1406","2020-04-07",95,17,125,372,2522,0.504758128469469,0,0,198,406,230,2613,22,350,225,22
"1407","2020-04-08",94,17,148,373,2522,0.504758128469469,0,0,198,406,288,2901,15,365,287,15
"1408","2020-04-09",94,17,156,376,2522,0.504758128469469,0,0,198,406,260,3161,11,376,257,11
"1409","2020-04-10",90,17,148,372,2522,0.504758128469469,0,0,198,406,305,3466,8,384,303,8
"1410","2020-04-11",87,17,125,381,2522,0.504758128469469,0,0,198,406,286,3752,20,404,283,20
"1411","2020-04-12",85,17,142,382,2522,0.504758128469469,0,0,198,406,297,4049,17,421,292,17
"1412","2020-04-13",91,17,142,372,2522,0.504758128469469,0,0,198,406,280,4329,16,437,277,16
"1413","2020-04-14",90,17,130,371,2522,0.504758128469469,0,0,198,406,260,4589,16,453,256,16
"1414","2020-04-15",90,17,123,359,2522,0.504758128469469,0,0,198,406,264,4853,19,472,264,19
"1415","2020-04-16",101,17,112,364,2522,0.504758128469469,0,0,198,406,242,5095,17,489,239,17
"1416","2020-04-17",108,17,121,354,2522,0.504758128469469,0,0,198,406,194,5289,25,514,192,25
"1417","2020-04-18",102,17,142,353,2522,0.504758128469469,0,0,198,406,191,5480,17,531,188,17
"1418","2020-04-19",113,17,142,344,2522,0.504758128469469,0,0,198,406,231,5711,19,550,229,19
"1419","2020-04-20",108,17,126,340,2522,0.504758128469469,0,0,198,406,163,5874,23,573,163,23
"1420","2020-04-21",111,17,117,348,2522,0.504758128469469,0,0,198,406,140,6014,15,588,139,15
"1421","2020-04-22",102,17,119,344,2522,0.504758128469469,0,0,198,406,136,6150,37,625,134,37
"1422","2020-04-23",93,17,115,353,2522,0.504758128469469,0,0,198,406,135,6285,29,654,135,29
"1423","2020-04-24",91,17,111,363,2522,0.504758128469469,0,0,198,406,132,6417,36,690,132,36
"1424","2020-04-25",101,17,100,375,2522,0.504758128469469,0,0,198,406,88,6505,39,729,88,39
"1425","2020-04-26",91,17,104,371,2522,0.504758128469469,0,0,198,406,70,6575,42,771,69,42
"1426","2020-04-27",89,17,97,390,2522,0.504758128469469,0,0,198,406,84,6659,35,806,83,35
"1427","2020-04-28",91,17,94,389,2522,0.504758128469469,0,0,198,406,65,6724,38,844,63,38
"1428","2020-04-29",100,17,83,385,2522,0.504758128469469,0,0,198,406,61,6785,23,867,59,23
"1429","2020-04-30",100,17,81,365,2522,0.504758128469469,0,0,198,406,37,6822,19,886,36,19
"1430","2020-05-01",98,17,86,358,2522,0.504758128469469,0,0,198,406,36,6858,10,896,36,10
"1431","2020-05-02",94,17,95,355,2522,0.504758128469469,0,0,198,406,25,6883,10,906,25,10
"1432","2020-05-03",101,17,103,343,2522,0.504758128469469,0,0,198,406,28,6911,5,911,28,5
"1433","2020-05-04",103,17,98,332,2522,0.504758128469469,0,0,198,406,20,6931,40,951,18,40
"1434","2020-05-05",97,17,118,340,2522,0.504758128469469,0,0,198,406,18,6949,32,983,18,32
"1435","2020-05-06",99,17,147,345,2522,0.504758128469469,0,0,198,406,15,6964,13,996,15,13
"1436","2020-05-07",100,17,146,350,2522,0.504758128469469,0,0,198,406,18,6982,8,1004,18,8
"1437","2020-05-08",109,17,147,357,2522,0.504758128469469,0,0,198,406,5,6987,14,1018,5,14
"1438","2020-05-09",107,17,140,362,2522,0.504758128469469,0,0,198,406,14,7001,21,1039,14,21
"1439","2020-05-10",97,17,132,363,2522,0.504758128469469,0,0,198,406,7,7008,20,1059,7,20
"1440","2020-05-11",103,17,149,365,2522,0.504758128469469,0,0,198,406,5,7013,11,1070,5,11
"1441","2020-05-12",102,17,165,348,2522,0.504758128469469,0,0,198,406,9,7022,14,1084,9,14
"1442","2020-05-13",99,17,161,338,2522,0.504758128469469,0,0,198,406,6,7028,18,1102,6,18
"1443","2020-05-14",100,17,147,338,2522,0.504758128469469,0,0,198,406,2,7030,28,1130,1,28
"1444","2020-05-15",95,17,144,340,2522,0.504758128469469,0,0,198,406,1,7031,33,1163,1,33
"1445","2020-05-16",94,17,131,326,2522,0.504758128469469,0,0,198,406,1,7032,16,1179,NA,16
"1446","2020-05-17",99,17,150,316,2522,0.504758128469469,0,0,198,406,1,7033,25,1204,1,25
"1447","2020-05-18",93,17,164,307,2522,0.504758128469469,0,0,198,406,4,7037,13,1217,3,13
"1448","2020-05-19",100,17,151,292,2522,0.504758128469469,0,0,198,406,1,7038,13,1230,1,13
"1449","2020-05-20",91,17,154,282,2522,0.504758128469469,0,0,198,406,2,7040,18,1248,1,18
"1450","2020-05-21",85,17,144,276,2522,0.504758128469469,0,0,198,406,3,7043,14,1262,3,14
"1451","2020-05-22",80,17,126,255,2522,0.504758128469469,0,0,198,406,1,7044,13,1275,1,13
"1452","2020-05-23",87,17,124,242,2522,0.504758128469469,0,0,198,406,NA,NA,31,1306,NA,31
"1453","2020-05-24",84,17,131,215,2522,0.504758128469469,0,0,198,406,4,7048,15,1321,3,15
"1454","2020-05-25",87,17,135,218,2522,0.504758128469469,0,0,198,406,2,7050,8,1329,2,8
"1455","2020-05-26",82,17,133,218,2522,0.504758128469469,0,0,198,406,3,7053,10,1339,3,10
"1456","2020-05-27",81,17,142,206,2522,0.504758128469469,0,0,198,406,2,7055,12,1351,2,12
"1457","2020-05-28",81,17,148,206,2522,0.504758128469469,0,0,198,406,3,7058,12,1363,1,12
"1458","2020-05-29",74,17,138,194,2522,0.504758128469469,0,0,198,406,3,7061,14,1377,3,14
"1459","2020-05-30",61,17,131,192,2522,0.504758128469469,0,0,198,406,2,7063,7,1384,2,7
"1460","2020-05-31",62,17,121,191,2522,0.504758128469469,0,0,198,406,3,7066,12,1396,3,12
"1461","2020-06-01",57,17,130,189,2522,0.504758128469469,0,0,198,406,2,7068,20,1416,1,20
"1462","2020-06-02",50,17,121,190,2522,0.504758128469469,0,0,198,406,NA,NA,10,1426,NA,10
"1463","2020-06-03",51,17,99,189,2522,0.504758128469469,0,0,198,406,2,7070,10,1436,1,10
"1464","2020-06-04",47,17,102,190,2522,0.504758128469469,0,0,198,406,1,7071,18,1454,1,18
"1465","2020-06-05",52,17,100,190,2522,0.504758128469469,0,0,198,406,NA,NA,11,1465,NA,11
"1466","2020-06-06",55,17,113,188,2522,0.504758128469469,0,0,198,406,1,7072,14,1479,1,14
"1467","2020-06-07",49,17,83,187,2522,0.504758128469469,0,0,198,406,NA,NA,15,1494,NA,15
"1468","2020-03-16",3,18,87,53,2496,0.739983974358974,0,0,217,626,7,33,8,60,3,8
"1469","2020-03-17",5,18,81,73,2496,0.739983974358974,0,0,217,626,12,45,16,76,9,16
"1470","2020-03-18",7,18,83,80,2496,0.739983974358974,0,0,217,626,9,54,21,97,5,21
"1471","2020-03-19",7,18,89,100,2496,0.739983974358974,0,0,217,626,10,64,10,107,6,10
"1472","2020-03-20",12,18,100,116,2496,0.739983974358974,0,0,217,626,13,77,13,120,7,13
"1473","2020-03-21",17,18,98,132,2496,0.739983974358974,0,0,217,626,12,89,19,139,9,19
"1474","2020-03-22",23,18,89,157,2496,0.739983974358974,0,0,217,626,11,100,18,157,7,18
"1475","2020-03-23",23,18,84,172,2496,0.739983974358974,0,0,217,626,12,112,9,166,8,9
"1476","2020-03-24",30,18,73,182,2496,0.739983974358974,0,0,217,626,21,133,5,171,17,5
"1477","2020-03-25",35,18,67,195,2496,0.739983974358974,0,0,217,626,16,149,6,177,10,6
"1478","2020-03-26",41,18,61,221,2496,0.739983974358974,0,0,217,626,18,167,15,192,12,15
"1479","2020-03-27",47,18,58,243,2496,0.739983974358974,0,0,217,626,17,184,25,217,13,25
"1480","2020-03-28",58,18,83,258,2496,0.739983974358974,0,0,217,626,21,205,15,232,12,15
"1481","2020-03-29",63,18,76,272,2496,0.739983974358974,0,0,217,626,29,234,9,241,18,9
"1482","2020-03-30",73,18,73,290,2496,0.739983974358974,0,0,217,626,26,260,7,248,19,7
"1483","2020-03-31",73,18,73,322,2496,0.739983974358974,0,0,217,626,14,274,5,253,13,5
"1484","2020-04-01",74,18,73,338,2496,0.739983974358974,0,0,217,626,30,304,5,258,23,5
"1485","2020-04-02",81,18,90,346,2496,0.739983974358974,0,0,217,626,33,337,4,262,29,4
"1486","2020-04-03",88,18,101,357,2496,0.739983974358974,0,0,217,626,28,365,7,269,24,7
"1487","2020-04-04",81,18,138,357,2496,0.739983974358974,0,0,217,626,25,390,8,277,21,8
"1488","2020-04-05",89,18,151,366,2496,0.739983974358974,0,0,217,626,31,421,5,282,27,5
"1489","2020-04-06",94,18,144,376,2496,0.739983974358974,0,0,217,626,32,453,17,299,27,17
"1490","2020-04-07",105,18,130,373,2496,0.739983974358974,0,0,217,626,34,487,18,317,24,18
"1491","2020-04-08",115,18,109,380,2496,0.739983974358974,0,0,217,626,51,538,18,335,45,18
"1492","2020-04-09",118,18,99,391,2496,0.739983974358974,0,0,217,626,37,575,39,374,30,39
"1493","2020-04-10",118,18,79,404,2496,0.739983974358974,0,0,217,626,35,610,33,407,31,33
"1494","2020-04-11",124,18,68,395,2496,0.739983974358974,0,0,217,626,35,645,36,443,29,36
"1495","2020-04-12",115,18,64,392,2496,0.739983974358974,0,0,217,626,38,683,33,476,32,33
"1496","2020-04-13",110,18,88,396,2496,0.739983974358974,0,0,217,626,28,711,38,514,21,38
"1497","2020-04-14",109,18,100,405,2496,0.739983974358974,0,0,217,626,17,728,17,531,11,17
"1498","2020-04-15",109,18,97,408,2496,0.739983974358974,0,0,217,626,20,748,9,540,16,9
"1499","2020-04-16",103,18,102,426,2496,0.739983974358974,0,0,217,626,30,778,7,547,23,7
"1500","2020-04-17",105,18,97,438,2496,0.739983974358974,0,0,217,626,34,812,11,558,27,11
"1501","2020-04-18",100,18,100,446,2496,0.739983974358974,0,0,217,626,14,826,26,584,7,26
"1502","2020-04-19",103,18,131,451,2496,0.739983974358974,0,0,217,626,25,851,35,619,17,35
"1503","2020-04-20",115,18,157,459,2496,0.739983974358974,0,0,217,626,21,872,16,635,18,16
"1504","2020-04-21",116,18,181,468,2496,0.739983974358974,0,0,217,626,18,890,22,657,14,22
"1505","2020-04-22",117,18,192,459,2496,0.739983974358974,0,0,217,626,23,913,32,689,18,32
"1506","2020-04-23",131,18,185,453,2496,0.739983974358974,0,0,217,626,22,935,19,708,15,19
"1507","2020-04-24",130,18,173,455,2496,0.739983974358974,0,0,217,626,35,970,16,724,31,16
"1508","2020-04-25",131,18,176,448,2496,0.739983974358974,0,0,217,626,24,994,13,737,18,13
"1509","2020-04-26",128,18,171,433,2496,0.739983974358974,0,0,217,626,25,1019,9,746,20,9
"1510","2020-04-27",123,18,168,424,2496,0.739983974358974,0,0,217,626,23,1042,9,755,18,9
"1511","2020-04-28",119,18,165,419,2496,0.739983974358974,0,0,217,626,37,1079,8,763,28,8
"1512","2020-04-29",123,18,187,406,2496,0.739983974358974,0,0,217,626,25,1104,23,786,20,23
"1513","2020-04-30",114,18,170,399,2496,0.739983974358974,0,0,217,626,34,1138,11,797,29,11
"1514","2020-05-01",109,18,146,382,2496,0.739983974358974,0,0,217,626,21,1159,29,826,16,29
"1515","2020-05-02",118,18,143,359,2496,0.739983974358974,0,0,217,626,24,1183,25,851,21,25
"1516","2020-05-03",120,18,163,353,2496,0.739983974358974,0,0,217,626,30,1213,16,867,29,16
"1517","2020-05-04",117,18,167,345,2496,0.739983974358974,0,0,217,626,26,1239,13,880,19,13
"1518","2020-05-05",118,18,154,338,2496,0.739983974358974,0,0,217,626,34,1273,13,893,28,13
"1519","2020-05-06",108,18,155,335,2496,0.739983974358974,0,0,217,626,31,1304,13,906,23,13
"1520","2020-05-07",112,18,176,331,2496,0.739983974358974,0,0,217,626,29,1333,7,913,23,7
"1521","2020-05-08",111,18,164,323,2496,0.739983974358974,0,0,217,626,29,1362,19,932,25,19
"1522","2020-05-09",94,18,166,309,2496,0.739983974358974,0,0,217,626,36,1398,30,962,34,30
"1523","2020-05-10",91,18,150,304,2496,0.739983974358974,0,0,217,626,26,1424,23,985,19,23
"1524","2020-05-11",86,18,137,298,2496,0.739983974358974,0,0,217,626,31,1455,19,1004,28,19
"1525","2020-05-12",85,18,126,293,2496,0.739983974358974,0,0,217,626,25,1480,30,1034,21,30
"1526","2020-05-13",79,18,128,290,2496,0.739983974358974,0,0,217,626,20,1500,21,1055,15,21
"1527","2020-05-14",70,18,118,277,2496,0.739983974358974,0,0,217,626,30,1530,22,1077,26,22
"1528","2020-05-15",69,18,111,275,2496,0.739983974358974,0,0,217,626,17,1547,19,1096,15,19
"1529","2020-05-16",76,18,102,270,2496,0.739983974358974,0,0,217,626,23,1570,25,1121,15,25
"1530","2020-05-17",83,18,94,265,2496,0.739983974358974,0,0,217,626,20,1590,12,1133,19,12
"1531","2020-05-18",77,18,105,256,2496,0.739983974358974,0,0,217,626,15,1605,15,1148,14,15
"1532","2020-05-19",70,18,117,258,2496,0.739983974358974,0,0,217,626,25,1630,8,1156,19,8
"1533","2020-05-20",70,18,134,259,2496,0.739983974358974,0,0,217,626,23,1653,19,1175,19,19
"1534","2020-05-21",79,18,122,253,2496,0.739983974358974,0,0,217,626,17,1670,21,1196,11,21
"1535","2020-05-22",70,18,111,249,2496,0.739983974358974,0,0,217,626,28,1698,15,1211,21,15
"1536","2020-05-23",70,18,93,247,2496,0.739983974358974,0,0,217,626,24,1722,11,1222,22,11
"1537","2020-05-24",62,18,85,241,2496,0.739983974358974,0,0,217,626,29,1751,12,1234,24,12
"1538","2020-05-25",59,18,82,244,2496,0.739983974358974,0,0,217,626,17,1768,16,1250,14,16
"1539","2020-05-26",57,18,72,239,2496,0.739983974358974,0,0,217,626,26,1794,19,1269,23,19
"1540","2020-05-27",66,18,78,234,2496,0.739983974358974,0,0,217,626,12,1806,15,1284,10,15
"1541","2020-05-28",58,18,74,233,2496,0.739983974358974,0,0,217,626,16,1822,19,1303,13,19
"1542","2020-05-29",62,18,79,234,2496,0.739983974358974,0,0,217,626,25,1847,16,1319,21,16
"1543","2020-05-30",58,18,72,246,2496,0.739983974358974,0,0,217,626,19,1866,6,1325,14,6
"1544","2020-05-31",63,18,76,248,2496,0.739983974358974,0,0,217,626,18,1884,6,1331,17,6
"1545","2020-06-01",68,18,67,244,2496,0.739983974358974,0,0,217,626,18,1902,6,1337,16,6
"1546","2020-06-02",73,18,58,237,2496,0.739983974358974,0,0,217,626,19,1921,2,1339,17,2
"1547","2020-06-03",70,18,74,226,2496,0.739983974358974,0,0,217,626,17,1938,3,1342,13,3
"1548","2020-06-04",66,18,76,222,2496,0.739983974358974,0,0,217,626,21,1959,8,1350,20,8
"1549","2020-06-05",67,18,86,224,2496,0.739983974358974,0,0,217,626,14,1973,5,1355,14,5
"1550","2020-06-06",68,18,93,223,2496,0.739983974358974,0,0,217,626,19,1992,1,1356,17,1
"1551","2020-06-07",66,18,97,218,2496,0.739983974358974,0,0,217,626,14,2006,12,1368,13,12
"1552","2020-03-13",1,19,28,46,2301,0.413298565840939,0,0,203,296,18,51,11,38,2,11
"1553","2020-03-14",3,19,37,67,2301,0.413298565840939,0,0,203,296,22,73,3,41,9,3
"1554","2020-03-15",4,19,36,87,2301,0.413298565840939,0,0,203,296,27,100,6,47,7,6
"1555","2020-03-16",8,19,45,109,2301,0.413298565840939,0,0,203,296,20,120,3,50,10,3
"1556","2020-03-17",10,19,34,133,2301,0.413298565840939,0,0,203,296,29,149,20,70,16,20
"1557","2020-03-18",13,19,30,148,2301,0.413298565840939,0,0,203,296,33,182,23,93,18,23
"1558","2020-03-19",15,19,41,162,2301,0.413298565840939,0,0,203,296,26,208,10,103,14,10
"1559","2020-03-20",20,19,58,174,2301,0.413298565840939,0,0,203,296,36,244,9,112,23,9
"1560","2020-03-21",27,19,69,189,2301,0.413298565840939,0,0,203,296,31,275,14,126,22,14
"1561","2020-03-22",37,19,76,205,2301,0.413298565840939,0,0,203,296,38,313,8,134,30,8
"1562","2020-03-23",40,19,79,206,2301,0.413298565840939,0,0,203,296,43,356,5,139,33,5
"1563","2020-03-24",46,19,85,219,2301,0.413298565840939,0,0,203,296,37,393,17,156,30,17
"1564","2020-03-25",52,19,79,233,2301,0.413298565840939,0,0,203,296,33,426,12,168,25,12
"1565","2020-03-26",55,19,71,240,2301,0.413298565840939,0,0,203,296,41,467,22,190,35,22
"1566","2020-03-27",63,19,82,255,2301,0.413298565840939,0,0,203,296,62,529,10,200,40,10
"1567","2020-03-28",69,19,98,260,2301,0.413298565840939,0,0,203,296,46,575,3,203,28,3
"1568","2020-03-29",71,19,103,256,2301,0.413298565840939,0,0,203,296,42,617,5,208,26,5
"1569","2020-03-30",80,19,108,255,2301,0.413298565840939,0,0,203,296,41,658,5,213,25,5
"1570","2020-03-31",84,19,97,256,2301,0.413298565840939,0,0,203,296,54,712,10,223,45,10
"1571","2020-04-01",85,19,97,260,2301,0.413298565840939,0,0,203,296,54,766,28,251,35,28
"1572","2020-04-02",90,19,89,259,2301,0.413298565840939,0,0,203,296,63,829,19,270,45,19
"1573","2020-04-03",85,19,73,269,2301,0.413298565840939,0,0,203,296,72,901,15,285,54,15
"1574","2020-04-04",81,19,66,261,2301,0.413298565840939,0,0,203,296,61,962,10,295,46,10
"1575","2020-04-05",83,19,69,260,2301,0.413298565840939,0,0,203,296,53,1015,19,314,36,19
"1576","2020-04-06",85,19,63,264,2301,0.413298565840939,0,0,203,296,48,1063,16,330,34,16
"1577","2020-04-07",87,19,72,273,2301,0.413298565840939,0,0,203,296,49,1112,25,355,29,25
"1578","2020-04-08",90,19,74,276,2301,0.413298565840939,0,0,203,296,70,1182,12,367,49,12
"1579","2020-04-09",89,19,74,282,2301,0.413298565840939,0,0,203,296,52,1234,28,395,34,28
"1580","2020-04-10",85,19,68,293,2301,0.413298565840939,0,0,203,296,64,1298,15,410,37,15
"1581","2020-04-11",83,19,65,289,2301,0.413298565840939,0,0,203,296,42,1340,16,426,31,16
"1582","2020-04-12",82,19,72,297,2301,0.413298565840939,0,0,203,296,46,1386,33,459,26,33
"1583","2020-04-13",79,19,62,289,2301,0.413298565840939,0,0,203,296,53,1439,33,492,35,33
"1584","2020-04-14",79,19,58,288,2301,0.413298565840939,0,0,203,296,46,1485,30,522,30,30
"1585","2020-04-15",73,19,78,305,2301,0.413298565840939,0,0,203,296,50,1535,23,545,28,23
"1586","2020-04-16",73,19,90,314,2301,0.413298565840939,0,0,203,296,57,1592,10,555,34,10
"1587","2020-04-17",80,19,98,319,2301,0.413298565840939,0,0,203,296,41,1633,44,599,23,44
"1588","2020-04-18",89,19,107,321,2301,0.413298565840939,0,0,203,296,48,1681,40,639,35,40
"1589","2020-04-19",91,19,109,319,2301,0.413298565840939,0,0,203,296,46,1727,43,682,33,43
"1590","2020-04-20",85,19,106,308,2301,0.413298565840939,0,0,203,296,45,1772,50,732,30,50
"1591","2020-04-21",84,19,93,303,2301,0.413298565840939,0,0,203,296,60,1832,33,765,46,33
"1592","2020-04-22",85,19,98,306,2301,0.413298565840939,0,0,203,296,51,1883,45,810,28,45
"1593","2020-04-23",91,19,95,294,2301,0.413298565840939,0,0,203,296,34,1917,34,844,23,34
"1594","2020-04-24",89,19,91,292,2301,0.413298565840939,0,0,203,296,39,1956,18,862,27,18
"1595","2020-04-25",84,19,85,302,2301,0.413298565840939,0,0,203,296,55,2011,29,891,33,29
"1596","2020-04-26",86,19,78,316,2301,0.413298565840939,0,0,203,296,32,2043,23,914,18,23
"1597","2020-04-27",88,19,81,321,2301,0.413298565840939,0,0,203,296,39,2082,23,937,19,23
"1598","2020-04-28",86,19,75,327,2301,0.413298565840939,0,0,203,296,41,2123,9,946,22,9
"1599","2020-04-29",92,19,81,346,2301,0.413298565840939,0,0,203,296,39,2162,34,980,16,34
"1600","2020-04-30",90,19,72,333,2301,0.413298565840939,0,0,203,296,33,2195,20,1000,23,20
"1601","2020-05-01",91,19,60,354,2301,0.413298565840939,0,0,203,296,35,2230,18,1018,14,18
"1602","2020-05-02",96,19,57,349,2301,0.413298565840939,0,0,203,296,40,2270,39,1057,28,39
"1603","2020-05-03",97,19,52,352,2301,0.413298565840939,0,0,203,296,47,2317,46,1103,28,46
"1604","2020-05-04",100,19,53,359,2301,0.413298565840939,0,0,203,296,32,2349,31,1134,15,31
"1605","2020-05-05",106,19,52,353,2301,0.413298565840939,0,0,203,296,33,2382,21,1155,19,21
"1606","2020-05-06",116,19,70,357,2301,0.413298565840939,0,0,203,296,27,2409,8,1163,9,8
"1607","2020-05-07",116,19,77,364,2301,0.413298565840939,0,0,203,296,31,2440,16,1179,19,16
"1608","2020-05-08",117,19,80,369,2301,0.413298565840939,0,0,203,296,46,2486,42,1221,29,42
"1609","2020-05-09",108,19,69,364,2301,0.413298565840939,0,0,203,296,35,2521,37,1258,15,37
"1610","2020-05-10",108,19,69,359,2301,0.413298565840939,0,0,203,296,37,2558,23,1281,21,23
"1611","2020-05-11",113,19,83,352,2301,0.413298565840939,0,0,203,296,30,2588,28,1309,16,28
"1612","2020-05-12",113,19,70,355,2301,0.413298565840939,0,0,203,296,24,2612,20,1329,13,20
"1613","2020-05-13",99,19,67,358,2301,0.413298565840939,0,0,203,296,31,2643,50,1379,20,50
"1614","2020-05-14",102,19,64,342,2301,0.413298565840939,0,0,203,296,17,2660,41,1420,5,41
"1615","2020-05-15",101,19,83,340,2301,0.413298565840939,0,0,203,296,33,2693,24,1444,17,24
"1616","2020-05-16",104,19,86,339,2301,0.413298565840939,0,0,203,296,30,2723,32,1476,15,32
"1617","2020-05-17",100,19,94,340,2301,0.413298565840939,0,0,203,296,26,2749,20,1496,11,20
"1618","2020-05-18",96,19,101,330,2301,0.413298565840939,0,0,203,296,29,2778,11,1507,16,11
"1619","2020-05-19",93,19,98,324,2301,0.413298565840939,0,0,203,296,23,2801,17,1524,15,17
"1620","2020-05-20",99,19,95,329,2301,0.413298565840939,0,0,203,296,19,2820,24,1548,9,24
"1621","2020-05-21",100,19,84,314,2301,0.413298565840939,0,0,203,296,28,2848,28,1576,12,28
"1622","2020-05-22",101,19,76,309,2301,0.413298565840939,0,0,203,296,20,2868,21,1597,12,21
"1623","2020-05-23",106,19,81,304,2301,0.413298565840939,0,0,203,296,20,2888,12,1609,13,12
"1624","2020-05-24",106,19,87,294,2301,0.413298565840939,0,0,203,296,17,2905,13,1622,5,13
"1625","2020-05-25",109,19,90,280,2301,0.413298565840939,0,0,203,296,20,2925,7,1629,9,7
"1626","2020-05-26",101,19,70,271,2301,0.413298565840939,0,0,203,296,13,2938,13,1642,6,13
"1627","2020-05-27",95,19,68,257,2301,0.413298565840939,0,0,203,296,24,2962,21,1663,13,21
"1628","2020-05-28",89,19,52,238,2301,0.413298565840939,0,0,203,296,21,2983,8,1671,13,8
"1629","2020-05-29",82,19,52,215,2301,0.413298565840939,0,0,203,296,30,3013,11,1682,19,11
"1630","2020-05-30",70,19,49,207,2301,0.413298565840939,0,0,203,296,21,3034,4,1686,13,4
"1631","2020-05-31",58,19,62,202,2301,0.413298565840939,0,0,203,296,23,3057,8,1694,19,8
"1632","2020-06-01",47,19,61,192,2301,0.413298565840939,0,0,203,296,29,3086,13,1707,15,13
"1633","2020-06-02",48,19,49,184,2301,0.413298565840939,0,0,203,296,27,3113,2,1709,22,2
"1634","2020-06-03",45,19,50,180,2301,0.413298565840939,0,0,203,296,28,3141,6,1715,23,6
"1635","2020-06-04",42,19,56,173,2301,0.413298565840939,0,0,203,296,23,3164,14,1729,19,14
"1636","2020-06-05",42,19,62,176,2301,0.413298565840939,0,0,203,296,22,3186,14,1743,12,14
"1637","2020-06-06",47,19,60,170,2301,0.413298565840939,0,0,203,296,19,3205,7,1750,11,7
"1638","2020-06-07",47,19,61,162,2301,0.413298565840939,0,0,203,296,14,3219,14,1764,10,14
"1639","2020-03-14",3,20,48,23,4107,0.933284635987339,0,0,366,430,6,27,11,34,2,11
"1640","2020-03-15",3,20,60,34,4107,0.933284635987339,0,0,366,430,13,40,11,45,4,11
"1641","2020-03-16",3,20,61,44,4107,0.933284635987339,0,0,366,430,11,51,13,58,6,13
"1642","2020-03-17",4,20,65,60,4107,0.933284635987339,0,0,366,430,16,67,14,72,6,14
"1643","2020-03-18",5,20,63,71,4107,0.933284635987339,0,0,366,430,11,78,10,82,7,10
"1644","2020-03-19",7,20,76,84,4107,0.933284635987339,0,0,366,430,11,89,14,96,6,14
"1645","2020-03-20",11,20,85,105,4107,0.933284635987339,0,0,366,430,25,114,15,111,18,15
"1646","2020-03-21",10,20,83,121,4107,0.933284635987339,0,0,366,430,14,128,15,126,11,15
"1647","2020-03-22",15,20,71,149,4107,0.933284635987339,0,0,366,430,14,142,21,147,11,21
"1648","2020-03-23",21,20,71,181,4107,0.933284635987339,0,0,366,430,13,155,15,162,10,15
"1649","2020-03-24",26,20,70,205,4107,0.933284635987339,0,0,366,430,19,174,16,178,14,16
"1650","2020-03-25",29,20,66,228,4107,0.933284635987339,0,0,366,430,26,200,21,199,19,21
"1651","2020-03-26",32,20,66,253,4107,0.933284635987339,0,0,366,430,25,225,22,221,17,22
"1652","2020-03-27",37,20,81,289,4107,0.933284635987339,0,0,366,430,23,248,26,247,19,26
"1653","2020-03-28",50,20,74,316,4107,0.933284635987339,0,0,366,430,18,266,19,266,15,19
"1654","2020-03-29",58,20,71,347,4107,0.933284635987339,0,0,366,430,33,299,13,279,21,13
"1655","2020-03-30",66,20,72,384,4107,0.933284635987339,0,0,366,430,22,321,22,301,13,22
"1656","2020-03-31",75,20,71,418,4107,0.933284635987339,0,0,366,430,21,342,16,317,16,16
"1657","2020-04-01",90,20,64,451,4107,0.933284635987339,0,0,366,430,20,362,18,335,15,18
"1658","2020-04-02",108,20,67,488,4107,0.933284635987339,0,0,366,430,21,383,26,361,16,26
"1659","2020-04-03",126,20,67,512,4107,0.933284635987339,0,0,366,430,18,401,25,386,12,25
"1660","2020-04-04",121,20,84,539,4107,0.933284635987339,0,0,366,430,29,430,15,401,22,15
"1661","2020-04-05",132,20,88,570,4107,0.933284635987339,0,0,366,430,16,446,17,418,13,17
"1662","2020-04-06",138,20,81,575,4107,0.933284635987339,0,0,366,430,32,478,24,442,23,24
"1663","2020-04-07",146,20,97,582,4107,0.933284635987339,0,0,366,430,28,506,28,470,20,28
"1664","2020-04-08",155,20,109,628,4107,0.933284635987339,0,0,366,430,25,531,32,502,17,32
"1665","2020-04-09",163,20,113,649,4107,0.933284635987339,0,0,366,430,28,559,27,529,25,27
"1666","2020-04-10",160,20,106,682,4107,0.933284635987339,0,0,366,430,22,581,25,554,15,25
"1667","2020-04-11",179,20,91,709,4107,0.933284635987339,0,0,366,430,28,609,43,597,22,43
"1668","2020-04-12",176,20,115,725,4107,0.933284635987339,0,0,366,430,23,632,37,634,16,37
"1669","2020-04-13",184,20,110,749,4107,0.933284635987339,0,0,366,430,27,659,29,663,18,29
"1670","2020-04-14",193,20,98,764,4107,0.933284635987339,0,0,366,430,16,675,32,695,14,32
"1671","2020-04-15",191,20,107,778,4107,0.933284635987339,0,0,366,430,21,696,26,721,16,26
"1672","2020-04-16",179,20,100,806,4107,0.933284635987339,0,0,366,430,19,715,43,764,9,43
"1673","2020-04-17",186,20,128,843,4107,0.933284635987339,0,0,366,430,23,738,29,793,12,29
"1674","2020-04-18",200,20,148,862,4107,0.933284635987339,0,0,366,430,16,754,22,815,10,22
"1675","2020-04-19",210,20,136,893,4107,0.933284635987339,0,0,366,430,19,773,27,842,9,27
"1676","2020-04-20",217,20,153,904,4107,0.933284635987339,0,0,366,430,21,794,38,880,15,38
"1677","2020-04-21",226,20,162,922,4107,0.933284635987339,0,0,366,430,19,813,27,907,15,27
"1678","2020-04-22",243,20,146,924,4107,0.933284635987339,0,0,366,430,27,840,23,930,19,23
"1679","2020-04-23",259,20,131,935,4107,0.933284635987339,0,0,366,430,26,866,17,947,17,17
"1680","2020-04-24",268,20,136,935,4107,0.933284635987339,0,0,366,430,21,887,24,971,17,24
"1681","2020-04-25",269,20,132,937,4107,0.933284635987339,0,0,366,430,24,911,30,1001,14,30
"1682","2020-04-26",263,20,155,959,4107,0.933284635987339,0,0,366,430,29,940,16,1017,15,16
"1683","2020-04-27",268,20,172,935,4107,0.933284635987339,0,0,366,430,21,961,40,1057,11,40
"1684","2020-04-28",269,20,177,915,4107,0.933284635987339,0,0,366,430,17,978,26,1083,8,26
"1685","2020-04-29",265,20,169,915,4107,0.933284635987339,0,0,366,430,23,1001,20,1103,9,20
"1686","2020-04-30",261,20,156,899,4107,0.933284635987339,0,0,366,430,15,1016,20,1123,5,20
"1687","2020-05-01",267,20,164,871,4107,0.933284635987339,0,0,366,430,34,1050,30,1153,25,30
"1688","2020-05-02",261,20,159,862,4107,0.933284635987339,0,0,366,430,13,1063,32,1185,11,32
"1689","2020-05-03",266,20,154,831,4107,0.933284635987339,0,0,366,430,19,1082,31,1216,11,31
"1690","2020-05-04",255,20,149,792,4107,0.933284635987339,0,0,366,430,19,1101,39,1255,8,39
"1691","2020-05-05",243,20,137,757,4107,0.933284635987339,0,0,366,430,16,1117,37,1292,11,37
"1692","2020-05-06",234,20,142,725,4107,0.933284635987339,0,0,366,430,20,1137,37,1329,12,37
"1693","2020-05-07",233,20,161,688,4107,0.933284635987339,0,0,366,430,17,1154,33,1362,10,33
"1694","2020-05-08",207,20,185,645,4107,0.933284635987339,0,0,366,430,24,1178,27,1389,16,27
"1695","2020-05-09",199,20,198,612,4107,0.933284635987339,0,0,366,430,19,1197,22,1411,10,22
"1696","2020-05-10",195,20,189,598,4107,0.933284635987339,0,0,366,430,22,1219,29,1440,14,29
"1697","2020-05-11",187,20,182,578,4107,0.933284635987339,0,0,366,430,21,1240,26,1466,12,26
"1698","2020-05-12",180,20,192,540,4107,0.933284635987339,0,0,366,430,18,1258,28,1494,13,28
"1699","2020-05-13",169,20,197,514,4107,0.933284635987339,0,0,366,430,15,1273,33,1527,8,33
"1700","2020-05-14",163,20,173,496,4107,0.933284635987339,0,0,366,430,13,1286,40,1567,7,40
"1701","2020-05-15",165,20,168,482,4107,0.933284635987339,0,0,366,430,18,1304,31,1598,12,31
"1702","2020-05-16",155,20,143,460,4107,0.933284635987339,0,0,366,430,18,1322,41,1639,12,41
"1703","2020-05-17",144,20,120,446,4107,0.933284635987339,0,0,366,430,12,1334,28,1667,9,28
"1704","2020-05-18",135,20,114,399,4107,0.933284635987339,0,0,366,430,20,1354,31,1698,16,31
"1705","2020-05-19",132,20,103,391,4107,0.933284635987339,0,0,366,430,17,1371,26,1724,14,26
"1706","2020-05-20",125,20,98,377,4107,0.933284635987339,0,0,366,430,14,1385,25,1749,12,25
"1707","2020-05-21",115,20,91,365,4107,0.933284635987339,0,0,366,430,16,1401,15,1764,8,15
"1708","2020-05-22",111,20,85,344,4107,0.933284635987339,0,0,366,430,16,1417,26,1790,12,26
"1709","2020-05-23",114,20,81,333,4107,0.933284635987339,0,0,366,430,15,1432,22,1812,13,22
"1710","2020-05-24",114,20,89,329,4107,0.933284635987339,0,0,366,430,22,1454,20,1832,12,20
"1711","2020-05-25",110,20,123,314,4107,0.933284635987339,0,0,366,430,7,1461,20,1852,3,20
"1712","2020-05-26",103,20,127,300,4107,0.933284635987339,0,0,366,430,19,1480,21,1873,14,21
"1713","2020-05-27",103,20,118,291,4107,0.933284635987339,0,0,366,430,13,1493,20,1893,10,20
"1714","2020-05-28",101,20,120,273,4107,0.933284635987339,0,0,366,430,15,1508,12,1905,10,12
"1715","2020-05-29",94,20,113,252,4107,0.933284635987339,0,0,366,430,17,1525,11,1916,15,11
"1716","2020-05-30",82,20,108,231,4107,0.933284635987339,0,0,366,430,20,1545,24,1940,13,24
"1717","2020-05-31",75,20,108,222,4107,0.933284635987339,0,0,366,430,14,1559,5,1945,7,5
"1718","2020-06-01",77,20,124,210,4107,0.933284635987339,0,0,366,430,23,1582,9,1954,21,9
"1719","2020-06-02",73,20,129,200,4107,0.933284635987339,0,0,366,430,10,1592,25,1979,8,25
"1720","2020-06-03",71,20,113,186,4107,0.933284635987339,0,0,366,430,28,1620,12,1991,20,12
"1721","2020-06-04",65,20,103,179,4107,0.933284635987339,0,0,366,430,19,1639,11,2002,15,11
"1722","2020-06-05",60,20,92,173,4107,0.933284635987339,0,0,366,430,10,1649,10,2012,8,10
"1723","2020-06-06",56,20,95,169,4107,0.933284635987339,0,0,366,430,22,1671,7,2019,21,7
"1724","2020-06-07",51,20,90,160,4107,0.933284635987339,0,0,366,430,18,1689,8,2027,16,8
