"","Date","Absents","Paramset","Infections_or_Exposed_per_day_Patient","Infections_or_Exposed_per_day_HCW","total_infections","nosocomial_proportion","PCR_pooled","LFD_pooled","HCW_symp_test","patient_symp_test","new_hcw_infs","cumulative_hcw_infs","new_pat_infs","cumulative_pats_infs","new_nosocomial_hcw_infs","new_nosocomial_pat_infs"
"1","2020-03-13",7,1,85,311,8293,0.300253225611962,1935,9078,854,1252,113,311,37,62,14,37
"2","2020-03-14",24,1,143,414,8293,0.300253225611962,1935,9078,854,1252,104,415,49,111,21,49
"3","2020-03-15",62,1,154,516,8293,0.300253225611962,1935,9078,854,1252,102,517,40,151,27,40
"4","2020-03-16",73,1,171,631,8293,0.300253225611962,1935,9078,854,1252,117,634,33,184,41,33
"5","2020-03-17",76,1,199,754,8293,0.300253225611962,1935,9078,854,1252,128,762,48,232,54,48
"6","2020-03-18",109,1,239,890,8293,0.300253225611962,1935,9078,854,1252,151,913,57,289,68,57
"7","2020-03-19",140,1,260,1007,8293,0.300253225611962,1935,9078,854,1252,147,1060,57,346,69,57
"8","2020-03-20",230,1,232,1105,8293,0.300253225611962,1935,9078,854,1252,133,1193,27,373,57,27
"9","2020-03-21",263,1,204,1219,8293,0.300253225611962,1935,9078,854,1252,168,1361,22,395,81,22
"10","2020-03-22",334,1,220,1319,8293,0.300253225611962,1935,9078,854,1252,150,1511,50,445,72,50
"11","2020-03-23",349,1,210,1404,8293,0.300253225611962,1935,9078,854,1252,141,1652,34,479,57,34
"12","2020-03-24",375,1,220,1461,8293,0.300253225611962,1935,9078,854,1252,137,1789,42,521,63,42
"13","2020-03-25",400,1,246,1506,8293,0.300253225611962,1935,9078,854,1252,127,1916,47,568,63,47
"14","2020-03-26",426,1,243,1525,8293,0.300253225611962,1935,9078,854,1252,136,2052,38,606,71,38
"15","2020-03-27",519,1,215,1565,8293,0.300253225611962,1935,9078,854,1252,147,2199,25,631,77,25
"16","2020-03-28",545,1,197,1605,8293,0.300253225611962,1935,9078,854,1252,160,2359,10,641,77,10
"17","2020-03-29",502,1,164,1618,8293,0.300253225611962,1935,9078,854,1252,143,2502,12,653,68,12
"18","2020-03-30",523,1,158,1603,8293,0.300253225611962,1935,9078,854,1252,123,2625,10,663,61,10
"19","2020-03-31",516,1,201,1628,8293,0.300253225611962,1935,9078,854,1252,150,2775,67,730,61,67
"20","2020-04-01",525,1,233,1603,8293,0.300253225611962,1935,9078,854,1252,132,2907,49,779,57,49
"21","2020-04-02",522,1,259,1614,8293,0.300253225611962,1935,9078,854,1252,135,3042,58,837,60,58
"22","2020-04-03",606,1,226,1620,8293,0.300253225611962,1935,9078,854,1252,143,3185,30,867,54,30
"23","2020-04-04",605,1,212,1599,8293,0.300253225611962,1935,9078,854,1252,113,3298,22,889,43,22
"24","2020-04-05",545,1,217,1579,8293,0.300253225611962,1935,9078,854,1252,117,3415,47,936,40,47
"25","2020-04-06",540,1,218,1590,8293,0.300253225611962,1935,9078,854,1252,140,3555,37,973,67,37
"26","2020-04-07",519,1,256,1559,8293,0.300253225611962,1935,9078,854,1252,117,3672,57,1030,47,57
"27","2020-04-08",503,1,263,1548,8293,0.300253225611962,1935,9078,854,1252,120,3792,56,1086,45,56
"28","2020-04-09",502,1,300,1546,8293,0.300253225611962,1935,9078,854,1252,117,3909,66,1152,47,66
"29","2020-04-10",486,1,288,1507,8293,0.300253225611962,1935,9078,854,1252,100,4009,50,1202,49,50
"30","2020-04-11",495,1,272,1463,8293,0.300253225611962,1935,9078,854,1252,105,4114,32,1234,37,32
"31","2020-04-12",437,1,270,1437,8293,0.300253225611962,1935,9078,854,1252,104,4218,42,1276,47,42
"32","2020-04-13",419,1,278,1400,8293,0.300253225611962,1935,9078,854,1252,92,4310,36,1312,45,36
"33","2020-04-14",414,1,267,1375,8293,0.300253225611962,1935,9078,854,1252,99,4409,40,1352,41,40
"34","2020-04-15",418,1,240,1385,8293,0.300253225611962,1935,9078,854,1252,112,4521,19,1371,35,19
"35","2020-04-16",412,1,223,1359,8293,0.300253225611962,1935,9078,854,1252,101,4622,25,1396,37,25
"36","2020-04-17",445,1,201,1323,8293,0.300253225611962,1935,9078,854,1252,83,4705,18,1414,32,18
"37","2020-04-18",462,1,216,1271,8293,0.300253225611962,1935,9078,854,1252,65,4770,38,1452,19,38
"38","2020-04-19",437,1,210,1260,8293,0.300253225611962,1935,9078,854,1252,73,4843,28,1480,27,28
"39","2020-04-20",417,1,207,1202,8293,0.300253225611962,1935,9078,854,1252,74,4917,22,1502,22,22
"40","2020-04-21",417,1,237,1158,8293,0.300253225611962,1935,9078,854,1252,78,4995,50,1552,28,50
"41","2020-04-22",397,1,244,1115,8293,0.300253225611962,1935,9078,854,1252,67,5062,39,1591,23,39
"42","2020-04-23",388,1,229,1097,8293,0.300253225611962,1935,9078,854,1252,88,5150,30,1621,30,30
"43","2020-04-24",379,1,234,1046,8293,0.300253225611962,1935,9078,854,1252,64,5214,28,1649,22,28
"44","2020-04-25",349,1,246,998,8293,0.300253225611962,1935,9078,854,1252,64,5278,36,1685,15,36
"45","2020-04-26",333,1,253,986,8293,0.300253225611962,1935,9078,854,1252,72,5350,34,1719,18,34
"46","2020-04-27",327,1,284,965,8293,0.300253225611962,1935,9078,854,1252,68,5418,55,1774,19,55
"47","2020-04-28",310,1,297,933,8293,0.300253225611962,1935,9078,854,1252,57,5475,50,1824,17,50
"48","2020-04-29",307,1,277,892,8293,0.300253225611962,1935,9078,854,1252,56,5531,40,1864,17,40
"49","2020-04-30",301,1,259,866,8293,0.300253225611962,1935,9078,854,1252,58,5589,33,1897,13,33
"50","2020-05-01",311,1,250,861,8293,0.300253225611962,1935,9078,854,1252,76,5665,23,1920,17,23
"51","2020-05-02",299,1,255,830,8293,0.300253225611962,1935,9078,854,1252,48,5713,30,1950,11,30
"52","2020-05-03",267,1,289,813,8293,0.300253225611962,1935,9078,854,1252,56,5769,58,2008,12,58
"53","2020-05-04",258,1,324,801,8293,0.300253225611962,1935,9078,854,1252,58,5827,68,2076,13,68
"54","2020-05-05",264,1,319,769,8293,0.300253225611962,1935,9078,854,1252,52,5879,38,2114,15,38
"55","2020-05-06",264,1,280,752,8293,0.300253225611962,1935,9078,854,1252,65,5944,29,2143,12,29
"56","2020-05-07",252,1,253,756,8293,0.300253225611962,1935,9078,854,1252,69,6013,25,2168,12,25
"57","2020-05-08",235,1,239,736,8293,0.300253225611962,1935,9078,854,1252,40,6053,18,2186,12,18
"58","2020-05-09",225,1,226,715,8293,0.300253225611962,1935,9078,854,1252,47,6100,26,2212,15,26
"59","2020-05-10",220,1,197,697,8293,0.300253225611962,1935,9078,854,1252,53,6153,16,2228,19,16
"60","2020-05-11",225,1,188,676,8293,0.300253225611962,1935,9078,854,1252,34,6187,20,2248,8,20
"61","2020-05-12",227,1,190,655,8293,0.300253225611962,1935,9078,854,1252,42,6229,24,2272,10,24
"62","2020-05-13",217,1,223,636,8293,0.300253225611962,1935,9078,854,1252,29,6258,45,2317,5,45
"63","2020-05-14",218,1,214,608,8293,0.300253225611962,1935,9078,854,1252,39,6297,18,2335,10,18
"64","2020-05-15",215,1,253,586,8293,0.300253225611962,1935,9078,854,1252,31,6328,60,2395,6,61
"65","2020-05-16",209,1,247,551,8293,0.300253225611962,1935,9078,854,1252,28,6356,44,2439,8,44
"66","2020-05-17",202,1,250,511,8293,0.300253225611962,1935,9078,854,1252,25,6381,41,2480,3,41
"67","2020-05-18",189,1,230,491,8293,0.300253225611962,1935,9078,854,1252,30,6411,19,2499,11,19
"68","2020-05-19",160,1,215,474,8293,0.300253225611962,1935,9078,854,1252,27,6438,17,2516,5,17
"69","2020-05-20",158,1,210,448,8293,0.300253225611962,1935,9078,854,1252,27,6465,20,2536,2,20
"70","2020-05-21",151,1,200,430,8293,0.300253225611962,1935,9078,854,1252,24,6489,19,2555,3,19
"71","2020-05-22",147,1,187,403,8293,0.300253225611962,1935,9078,854,1252,24,6513,15,2570,5,15
"72","2020-05-23",152,1,182,370,8293,0.300253225611962,1935,9078,854,1252,21,6534,16,2586,4,16
"73","2020-05-24",118,1,189,354,8293,0.300253225611962,1935,9078,854,1252,25,6559,26,2612,6,26
"74","2020-05-25",123,1,167,342,8293,0.300253225611962,1935,9078,854,1252,27,6586,15,2627,3,15
"75","2020-05-26",115,1,169,319,8293,0.300253225611962,1935,9078,854,1252,20,6606,15,2642,3,15
"76","2020-05-27",105,1,167,300,8293,0.300253225611962,1935,9078,854,1252,18,6624,21,2663,4,21
"77","2020-05-28",102,1,210,293,8293,0.300253225611962,1935,9078,854,1252,17,6641,57,2720,4,57
"78","2020-05-29",86,1,243,273,8293,0.300253225611962,1935,9078,854,1252,12,6653,57,2777,3,57
"79","2020-05-30",86,1,238,265,8293,0.300253225611962,1935,9078,854,1252,21,6674,35,2812,4,35
"80","2020-05-31",96,1,219,261,8293,0.300253225611962,1935,9078,854,1252,23,6697,18,2830,4,18
"81","2020-06-01",84,1,200,250,8293,0.300253225611962,1935,9078,854,1252,12,6709,19,2849,4,19
"82","2020-06-02",84,1,201,240,8293,0.300253225611962,1935,9078,854,1252,17,6726,29,2878,4,29
"83","2020-06-03",85,1,213,236,8293,0.300253225611962,1935,9078,854,1252,16,6742,45,2923,2,45
"84","2020-06-04",83,1,211,227,8293,0.300253225611962,1935,9078,854,1252,11,6753,30,2953,NA,30
"85","2020-06-05",81,1,197,207,8293,0.300253225611962,1935,9078,854,1252,12,6765,22,2975,2,22
"86","2020-06-06",75,1,179,197,8293,0.300253225611962,1935,9078,854,1252,8,6773,18,2993,NA,18
"87","2020-06-07",66,1,165,178,8293,0.300253225611962,1935,9078,854,1252,10,6783,10,3003,4,10
"88","2020-03-08",1,2,0,0,7124,0.593767546322291,1995,8138,761,849,NA,NA,NA,NA,NA,NA
"89","2020-03-09",1,2,0,0,7124,0.593767546322291,1995,8138,761,849,NA,NA,NA,NA,NA,NA
"90","2020-03-10",0,2,0,0,7124,0.593767546322291,1995,8138,761,849,NA,NA,3,3,NA,3
"91","2020-03-11",0,2,0,0,7124,0.593767546322291,1995,8138,761,849,53,53,6,9,NA,6
"92","2020-03-12",0,2,0,0,7124,0.593767546322291,1995,8138,761,849,64,117,32,41,NA,32
"93","2020-03-13",3,2,65,139,7124,0.593767546322291,1995,8138,761,849,81,198,29,70,7,29
"94","2020-03-14",6,2,61,205,7124,0.593767546322291,1995,8138,761,849,79,277,32,102,12,32
"95","2020-03-15",21,2,82,268,7124,0.593767546322291,1995,8138,761,849,95,372,22,124,21,22
"96","2020-03-16",29,2,84,351,7124,0.593767546322291,1995,8138,761,849,97,469,32,156,34,32
"97","2020-03-17",38,2,74,429,7124,0.593767546322291,1995,8138,761,849,101,570,36,192,37,36
"98","2020-03-18",51,2,94,526,7124,0.593767546322291,1995,8138,761,849,131,701,28,220,59,28
"99","2020-03-19",74,2,102,618,7124,0.593767546322291,1995,8138,761,849,122,823,30,250,64,30
"100","2020-03-20",129,2,112,710,7124,0.593767546322291,1995,8138,761,849,110,933,41,291,50,41
"101","2020-03-21",160,2,138,841,7124,0.593767546322291,1995,8138,761,849,131,1064,46,337,68,46
"102","2020-03-22",235,2,131,933,7124,0.593767546322291,1995,8138,761,849,120,1184,55,392,54,55
"103","2020-03-23",259,2,128,1033,7124,0.593767546322291,1995,8138,761,849,139,1323,41,433,75,41
"104","2020-03-24",257,2,154,1123,7124,0.593767546322291,1995,8138,761,849,137,1460,42,475,76,42
"105","2020-03-25",271,2,204,1203,7124,0.593767546322291,1995,8138,761,849,119,1579,20,495,59,20
"106","2020-03-26",303,2,216,1310,7124,0.593767546322291,1995,8138,761,849,144,1723,34,529,81,34
"107","2020-03-27",409,2,210,1406,7124,0.593767546322291,1995,8138,761,849,124,1847,34,563,69,34
"108","2020-03-28",460,2,213,1470,7124,0.593767546322291,1995,8138,761,849,129,1976,23,586,76,23
"109","2020-03-29",416,2,202,1555,7124,0.593767546322291,1995,8138,761,849,180,2156,26,612,111,26
"110","2020-03-30",420,2,178,1611,7124,0.593767546322291,1995,8138,761,849,140,2296,23,635,79,23
"111","2020-03-31",451,2,144,1671,7124,0.593767546322291,1995,8138,761,849,162,2458,22,657,85,22
"112","2020-04-01",493,2,171,1699,7124,0.593767546322291,1995,8138,761,849,143,2601,56,713,87,56
"113","2020-04-02",504,2,196,1699,7124,0.593767546322291,1995,8138,761,849,135,2736,26,739,74,26
"114","2020-04-03",591,2,232,1712,7124,0.593767546322291,1995,8138,761,849,113,2849,23,762,61,23
"115","2020-04-04",603,2,221,1740,7124,0.593767546322291,1995,8138,761,849,130,2979,31,793,74,31
"116","2020-04-05",586,2,214,1752,7124,0.593767546322291,1995,8138,761,849,127,3106,19,812,76,19
"117","2020-04-06",595,2,228,1737,7124,0.593767546322291,1995,8138,761,849,139,3245,21,833,78,21
"118","2020-04-07",585,2,234,1764,7124,0.593767546322291,1995,8138,761,849,109,3354,43,876,59,43
"119","2020-04-08",577,2,222,1784,7124,0.593767546322291,1995,8138,761,849,103,3457,55,931,51,55
"120","2020-04-09",584,2,224,1758,7124,0.593767546322291,1995,8138,761,849,104,3561,26,957,55,26
"121","2020-04-10",615,2,224,1718,7124,0.593767546322291,1995,8138,761,849,110,3671,21,978,53,21
"122","2020-04-11",627,2,221,1647,7124,0.593767546322291,1995,8138,761,849,105,3776,21,999,46,21
"123","2020-04-12",574,2,189,1624,7124,0.593767546322291,1995,8138,761,849,86,3862,15,1014,43,15
"124","2020-04-13",560,2,167,1574,7124,0.593767546322291,1995,8138,761,849,111,3973,30,1044,51,30
"125","2020-04-14",547,2,146,1559,7124,0.593767546322291,1995,8138,761,849,84,4057,15,1059,36,15
"126","2020-04-15",547,2,149,1510,7124,0.593767546322291,1995,8138,761,849,86,4143,22,1081,44,22
"127","2020-04-16",516,2,155,1460,7124,0.593767546322291,1995,8138,761,849,102,4245,19,1100,47,19
"128","2020-04-17",496,2,224,1406,7124,0.593767546322291,1995,8138,761,849,74,4319,21,1121,23,21
"129","2020-04-18",477,2,257,1353,7124,0.593767546322291,1995,8138,761,849,91,4410,26,1147,36,26
"130","2020-04-19",479,2,257,1289,7124,0.593767546322291,1995,8138,761,849,82,4492,45,1192,34,45
"131","2020-04-20",460,2,219,1242,7124,0.593767546322291,1995,8138,761,849,90,4582,52,1244,39,52
"132","2020-04-21",453,2,196,1223,7124,0.593767546322291,1995,8138,761,849,85,4667,26,1270,29,26
"133","2020-04-22",431,2,224,1153,7124,0.593767546322291,1995,8138,761,849,79,4746,22,1292,27,22
"134","2020-04-23",425,2,232,1094,7124,0.593767546322291,1995,8138,761,849,79,4825,24,1316,34,24
"135","2020-04-24",437,2,255,1052,7124,0.593767546322291,1995,8138,761,849,83,4908,28,1344,36,28
"136","2020-04-25",408,2,278,997,7124,0.593767546322291,1995,8138,761,849,70,4978,38,1382,35,38
"137","2020-04-26",336,2,268,957,7124,0.593767546322291,1995,8138,761,849,66,5044,41,1423,21,41
"138","2020-04-27",328,2,252,887,7124,0.593767546322291,1995,8138,761,849,69,5113,44,1467,32,44
"139","2020-04-28",317,2,234,829,7124,0.593767546322291,1995,8138,761,849,56,5169,44,1511,29,44
"140","2020-04-29",299,2,198,791,7124,0.593767546322291,1995,8138,761,849,60,5229,41,1552,25,41
"141","2020-04-30",291,2,182,724,7124,0.593767546322291,1995,8138,761,849,66,5295,35,1587,19,35
"142","2020-05-01",248,2,165,675,7124,0.593767546322291,1995,8138,761,849,56,5351,38,1625,17,38
"143","2020-05-02",256,2,166,646,7124,0.593767546322291,1995,8138,761,849,72,5423,42,1667,21,42
"144","2020-05-03",238,2,194,605,7124,0.593767546322291,1995,8138,761,849,58,5481,59,1726,11,59
"145","2020-05-04",229,2,225,576,7124,0.593767546322291,1995,8138,761,849,49,5530,52,1778,18,52
"146","2020-05-05",208,2,218,562,7124,0.593767546322291,1995,8138,761,849,58,5588,30,1808,22,30
"147","2020-05-06",211,2,234,539,7124,0.593767546322291,1995,8138,761,849,51,5639,23,1831,21,23
"148","2020-05-07",202,2,213,498,7124,0.593767546322291,1995,8138,761,849,45,5684,39,1870,13,39
"149","2020-05-08",210,2,195,476,7124,0.593767546322291,1995,8138,761,849,37,5721,24,1894,12,24
"150","2020-05-09",199,2,215,462,7124,0.593767546322291,1995,8138,761,849,46,5767,46,1940,19,46
"151","2020-05-10",180,2,208,448,7124,0.593767546322291,1995,8138,761,849,48,5815,41,1981,11,41
"152","2020-05-11",175,2,178,437,7124,0.593767546322291,1995,8138,761,849,33,5848,34,2015,8,34
"153","2020-05-12",169,2,172,421,7124,0.593767546322291,1995,8138,761,849,38,5886,36,2051,10,36
"154","2020-05-13",157,2,153,398,7124,0.593767546322291,1995,8138,761,849,37,5923,30,2081,13,30
"155","2020-05-14",150,2,145,394,7124,0.593767546322291,1995,8138,761,849,34,5957,30,2111,11,30
"156","2020-05-15",148,2,141,376,7124,0.593767546322291,1995,8138,761,849,30,5987,32,2143,11,32
"157","2020-05-16",132,2,144,351,7124,0.593767546322291,1995,8138,761,849,29,6016,36,2179,5,36
"158","2020-05-17",119,2,167,338,7124,0.593767546322291,1995,8138,761,849,34,6050,29,2208,9,29
"159","2020-05-18",107,2,215,326,7124,0.593767546322291,1995,8138,761,849,36,6086,24,2232,4,24
"160","2020-05-19",103,2,255,314,7124,0.593767546322291,1995,8138,761,849,29,6115,43,2275,12,43
"161","2020-05-20",102,2,233,302,7124,0.593767546322291,1995,8138,761,849,26,6141,49,2324,6,49
"162","2020-05-21",99,2,218,295,7124,0.593767546322291,1995,8138,761,849,31,6172,37,2361,10,37
"163","2020-05-22",88,2,221,284,7124,0.593767546322291,1995,8138,761,849,28,6200,31,2392,5,31
"164","2020-05-23",84,2,208,282,7124,0.593767546322291,1995,8138,761,849,25,6225,32,2424,10,32
"165","2020-05-24",81,2,238,275,7124,0.593767546322291,1995,8138,761,849,26,6251,33,2457,7,33
"166","2020-05-25",87,2,218,254,7124,0.593767546322291,1995,8138,761,849,17,6268,36,2493,5,36
"167","2020-05-26",82,2,185,242,7124,0.593767546322291,1995,8138,761,849,17,6285,19,2512,2,19
"168","2020-05-27",78,2,161,228,7124,0.593767546322291,1995,8138,761,849,17,6302,15,2527,2,15
"169","2020-05-28",74,2,144,220,7124,0.593767546322291,1995,8138,761,849,20,6322,35,2562,5,35
"170","2020-05-29",67,2,130,213,7124,0.593767546322291,1995,8138,761,849,19,6341,31,2593,4,31
"171","2020-05-30",62,2,111,203,7124,0.593767546322291,1995,8138,761,849,17,6358,28,2621,5,28
"172","2020-05-31",70,2,111,196,7124,0.593767546322291,1995,8138,761,849,13,6371,18,2639,2,18
"173","2020-06-01",70,2,137,192,7124,0.593767546322291,1995,8138,761,849,15,6386,20,2659,3,20
"174","2020-06-02",61,2,134,179,7124,0.593767546322291,1995,8138,761,849,16,6402,15,2674,4,15
"175","2020-06-03",62,2,143,167,7124,0.593767546322291,1995,8138,761,849,7,6409,23,2697,NA,23
"176","2020-06-04",60,2,141,150,7124,0.593767546322291,1995,8138,761,849,12,6421,45,2742,3,45
"177","2020-06-05",62,2,133,146,7124,0.593767546322291,1995,8138,761,849,9,6430,23,2765,2,23
"178","2020-06-06",64,2,124,139,7124,0.593767546322291,1995,8138,761,849,12,6442,49,2814,2,49
"179","2020-06-07",54,2,128,133,7124,0.593767546322291,1995,8138,761,849,13,6455,32,2846,3,32
"180","2020-03-13",5,3,244,232,8270,0.428778718258767,1995,8955,752,2283,48,112,40,67,20,40
"181","2020-03-14",34,3,309,326,8270,0.428778718258767,1995,8955,752,2283,44,156,29,96,26,29
"182","2020-03-15",59,3,351,436,8270,0.428778718258767,1995,8955,752,2283,53,209,48,144,28,48
"183","2020-03-16",64,3,356,561,8270,0.428778718258767,1995,8955,752,2283,71,280,25,169,50,25
"184","2020-03-17",82,3,355,675,8270,0.428778718258767,1995,8955,752,2283,63,343,34,203,43,34
"185","2020-03-18",103,3,342,812,8270,0.428778718258767,1995,8955,752,2283,109,452,52,255,75,52
"186","2020-03-19",138,3,308,942,8270,0.428778718258767,1995,8955,752,2283,105,557,49,304,87,49
"187","2020-03-20",196,3,302,1071,8270,0.428778718258767,1995,8955,752,2283,123,680,59,363,106,59
"188","2020-03-21",262,3,305,1210,8270,0.428778718258767,1995,8955,752,2283,123,803,57,420,102,57
"189","2020-03-22",320,3,297,1338,8270,0.428778718258767,1995,8955,752,2283,133,936,59,479,106,59
"190","2020-03-23",337,3,282,1428,8270,0.428778718258767,1995,8955,752,2283,156,1092,41,520,136,41
"191","2020-03-24",346,3,274,1521,8270,0.428778718258767,1995,8955,752,2283,146,1238,24,544,124,24
"192","2020-03-25",381,3,271,1601,8270,0.428778718258767,1995,8955,752,2283,194,1432,28,572,171,28
"193","2020-03-26",414,3,257,1653,8270,0.428778718258767,1995,8955,752,2283,169,1601,34,606,145,34
"194","2020-03-27",604,3,258,1728,8270,0.428778718258767,1995,8955,752,2283,191,1792,43,649,167,43
"195","2020-03-28",627,3,278,1765,8270,0.428778718258767,1995,8955,752,2283,216,2008,40,689,197,40
"196","2020-03-29",577,3,293,1814,8270,0.428778718258767,1995,8955,752,2283,203,2211,64,753,182,64
"197","2020-03-30",597,3,304,1877,8270,0.428778718258767,1995,8955,752,2283,177,2388,47,800,164,47
"198","2020-03-31",601,3,300,1953,8270,0.428778718258767,1995,8955,752,2283,225,2613,38,838,203,38
"199","2020-04-01",618,3,294,1975,8270,0.428778718258767,1995,8955,752,2283,177,2790,21,859,160,21
"200","2020-04-02",609,3,298,1961,8270,0.428778718258767,1995,8955,752,2283,173,2963,25,884,156,25
"201","2020-04-03",649,3,278,1961,8270,0.428778718258767,1995,8955,752,2283,171,3134,29,913,150,29
"202","2020-04-04",647,3,272,1960,8270,0.428778718258767,1995,8955,752,2283,198,3332,42,955,185,42
"203","2020-04-05",626,3,274,1921,8270,0.428778718258767,1995,8955,752,2283,160,3492,31,986,138,31
"204","2020-04-06",602,3,280,1889,8270,0.428778718258767,1995,8955,752,2283,177,3669,29,1015,164,29
"205","2020-04-07",607,3,285,1852,8270,0.428778718258767,1995,8955,752,2283,146,3815,23,1038,128,23
"206","2020-04-08",590,3,297,1837,8270,0.428778718258767,1995,8955,752,2283,154,3969,17,1055,136,17
"207","2020-04-09",585,3,301,1792,8270,0.428778718258767,1995,8955,752,2283,144,4113,34,1089,127,34
"208","2020-04-10",614,3,310,1756,8270,0.428778718258767,1995,8955,752,2283,121,4234,23,1112,106,23
"209","2020-04-11",601,3,316,1720,8270,0.428778718258767,1995,8955,752,2283,103,4337,23,1135,85,23
"210","2020-04-12",531,3,319,1704,8270,0.428778718258767,1995,8955,752,2283,111,4448,52,1187,93,52
"211","2020-04-13",526,3,304,1657,8270,0.428778718258767,1995,8955,752,2283,123,4571,47,1234,106,47
"212","2020-04-14",515,3,306,1597,8270,0.428778718258767,1995,8955,752,2283,102,4673,30,1264,91,30
"213","2020-04-15",515,3,289,1510,8270,0.428778718258767,1995,8955,752,2283,98,4771,24,1288,88,24
"214","2020-04-16",510,3,289,1456,8270,0.428778718258767,1995,8955,752,2283,105,4876,49,1337,91,49
"215","2020-04-17",477,3,293,1400,8270,0.428778718258767,1995,8955,752,2283,91,4967,39,1376,78,39
"216","2020-04-18",496,3,282,1346,8270,0.428778718258767,1995,8955,752,2283,94,5061,22,1398,76,22
"217","2020-04-19",474,3,309,1271,8270,0.428778718258767,1995,8955,752,2283,69,5130,21,1419,60,21
"218","2020-04-20",445,3,315,1210,8270,0.428778718258767,1995,8955,752,2283,93,5223,27,1446,76,27
"219","2020-04-21",413,3,323,1150,8270,0.428778718258767,1995,8955,752,2283,72,5295,41,1487,58,41
"220","2020-04-22",388,3,311,1093,8270,0.428778718258767,1995,8955,752,2283,63,5358,26,1513,57,26
"221","2020-04-23",375,3,330,1058,8270,0.428778718258767,1995,8955,752,2283,57,5415,51,1564,46,51
"222","2020-04-24",392,3,312,1027,8270,0.428778718258767,1995,8955,752,2283,54,5469,55,1619,41,55
"223","2020-04-25",352,3,310,991,8270,0.428778718258767,1995,8955,752,2283,50,5519,20,1639,39,20
"224","2020-04-26",319,3,313,939,8270,0.428778718258767,1995,8955,752,2283,42,5561,24,1663,35,24
"225","2020-04-27",318,3,304,895,8270,0.428778718258767,1995,8955,752,2283,60,5621,23,1686,49,23
"226","2020-04-28",320,3,311,868,8270,0.428778718258767,1995,8955,752,2283,51,5672,29,1715,38,29
"227","2020-04-29",304,3,314,846,8270,0.428778718258767,1995,8955,752,2283,51,5723,23,1738,36,23
"228","2020-04-30",297,3,343,805,8270,0.428778718258767,1995,8955,752,2283,39,5762,35,1773,28,35
"229","2020-05-01",261,3,343,773,8270,0.428778718258767,1995,8955,752,2283,34,5796,39,1812,20,39
"230","2020-05-02",261,3,350,751,8270,0.428778718258767,1995,8955,752,2283,44,5840,37,1849,29,37
"231","2020-05-03",239,3,337,717,8270,0.428778718258767,1995,8955,752,2283,38,5878,42,1891,30,42
"232","2020-05-04",236,3,335,675,8270,0.428778718258767,1995,8955,752,2283,27,5905,46,1937,23,46
"233","2020-05-05",218,3,327,633,8270,0.428778718258767,1995,8955,752,2283,44,5949,34,1971,32,34
"234","2020-05-06",225,3,313,615,8270,0.428778718258767,1995,8955,752,2283,33,5982,26,1997,23,26
"235","2020-05-07",213,3,323,587,8270,0.428778718258767,1995,8955,752,2283,38,6020,30,2027,31,30
"236","2020-05-08",195,3,331,584,8270,0.428778718258767,1995,8955,752,2283,29,6049,25,2052,22,25
"237","2020-05-09",191,3,328,547,8270,0.428778718258767,1995,8955,752,2283,22,6071,33,2085,15,33
"238","2020-05-10",189,3,325,533,8270,0.428778718258767,1995,8955,752,2283,33,6104,26,2111,23,26
"239","2020-05-11",176,3,318,513,8270,0.428778718258767,1995,8955,752,2283,27,6131,22,2133,22,22
"240","2020-05-12",171,3,312,501,8270,0.428778718258767,1995,8955,752,2283,18,6149,48,2181,13,48
"241","2020-05-13",168,3,316,475,8270,0.428778718258767,1995,8955,752,2283,29,6178,31,2212,21,31
"242","2020-05-14",167,3,296,461,8270,0.428778718258767,1995,8955,752,2283,16,6194,22,2234,12,22
"243","2020-05-15",163,3,298,452,8270,0.428778718258767,1995,8955,752,2283,27,6221,30,2264,21,30
"244","2020-05-16",160,3,333,426,8270,0.428778718258767,1995,8955,752,2283,17,6238,34,2298,13,34
"245","2020-05-17",143,3,349,407,8270,0.428778718258767,1995,8955,752,2283,27,6265,30,2328,15,30
"246","2020-05-18",137,3,344,379,8270,0.428778718258767,1995,8955,752,2283,15,6280,41,2369,11,41
"247","2020-05-19",126,3,357,361,8270,0.428778718258767,1995,8955,752,2283,19,6299,36,2405,14,36
"248","2020-05-20",121,3,370,333,8270,0.428778718258767,1995,8955,752,2283,20,6319,30,2435,15,30
"249","2020-05-21",111,3,363,317,8270,0.428778718258767,1995,8955,752,2283,18,6337,22,2457,13,22
"250","2020-05-22",103,3,362,294,8270,0.428778718258767,1995,8955,752,2283,17,6354,47,2504,14,47
"251","2020-05-23",109,3,354,276,8270,0.428778718258767,1995,8955,752,2283,14,6368,52,2556,10,52
"252","2020-05-24",104,3,326,252,8270,0.428778718258767,1995,8955,752,2283,10,6378,35,2591,8,35
"253","2020-05-25",91,3,301,245,8270,0.428778718258767,1995,8955,752,2283,12,6390,36,2627,7,36
"254","2020-05-26",94,3,309,245,8270,0.428778718258767,1995,8955,752,2283,10,6400,43,2670,6,43
"255","2020-05-27",86,3,352,240,8270,0.428778718258767,1995,8955,752,2283,9,6409,20,2690,6,20
"256","2020-05-28",85,3,349,229,8270,0.428778718258767,1995,8955,752,2283,12,6421,45,2735,9,45
"257","2020-05-29",92,3,338,220,8270,0.428778718258767,1995,8955,752,2283,18,6439,34,2769,13,34
"258","2020-05-30",77,3,317,206,8270,0.428778718258767,1995,8955,752,2283,9,6448,26,2795,7,26
"259","2020-05-31",67,3,338,196,8270,0.428778718258767,1995,8955,752,2283,13,6461,23,2818,9,23
"260","2020-06-01",63,3,343,177,8270,0.428778718258767,1995,8955,752,2283,5,6466,25,2843,3,25
"261","2020-06-02",56,3,342,164,8270,0.428778718258767,1995,8955,752,2283,13,6479,24,2867,9,24
"262","2020-06-03",57,3,343,159,8270,0.428778718258767,1995,8955,752,2283,20,6499,33,2900,12,33
"263","2020-06-04",54,3,329,144,8270,0.428778718258767,1995,8955,752,2283,11,6510,44,2944,10,44
"264","2020-06-05",41,3,340,126,8270,0.428778718258767,1995,8955,752,2283,13,6523,32,2976,9,32
"265","2020-06-06",48,3,334,119,8270,0.428778718258767,1995,8955,752,2283,9,6532,22,2998,8,22
"266","2020-06-07",42,3,305,108,8270,0.428778718258767,1995,8955,752,2283,7,6539,24,3022,4,24
"267","2020-03-12",1,4,64,83,6614,0.605836105231327,2055,7797,708,1442,93,183,80,142,23,80
"268","2020-03-13",5,4,74,124,6614,0.605836105231327,2055,7797,708,1442,140,323,76,218,43,76
"269","2020-03-14",8,4,65,192,6614,0.605836105231327,2055,7797,708,1442,124,447,55,273,57,55
"270","2020-03-15",21,4,100,259,6614,0.605836105231327,2055,7797,708,1442,119,566,48,321,45,48
"271","2020-03-16",35,4,106,320,6614,0.605836105231327,2055,7797,708,1442,145,711,32,353,75,32
"272","2020-03-17",47,4,95,413,6614,0.605836105231327,2055,7797,708,1442,129,840,26,379,56,26
"273","2020-03-18",66,4,92,483,6614,0.605836105231327,2055,7797,708,1442,143,983,38,417,84,38
"274","2020-03-19",95,4,137,559,6614,0.605836105231327,2055,7797,708,1442,148,1131,23,440,84,23
"275","2020-03-20",128,4,144,640,6614,0.605836105231327,2055,7797,708,1442,166,1297,30,470,94,30
"276","2020-03-21",192,4,137,718,6614,0.605836105231327,2055,7797,708,1442,165,1462,31,501,98,31
"277","2020-03-22",204,4,129,783,6614,0.605836105231327,2055,7797,708,1442,176,1638,37,538,97,37
"278","2020-03-23",201,4,150,868,6614,0.605836105231327,2055,7797,708,1442,163,1801,16,554,93,16
"279","2020-03-24",207,4,173,939,6614,0.605836105231327,2055,7797,708,1442,155,1956,40,594,91,40
"280","2020-03-25",221,4,178,1033,6614,0.605836105231327,2055,7797,708,1442,164,2120,24,618,97,24
"281","2020-03-26",229,4,150,1057,6614,0.605836105231327,2055,7797,708,1442,144,2264,27,645,79,27
"282","2020-03-27",322,4,132,1127,6614,0.605836105231327,2055,7797,708,1442,169,2433,13,658,89,13
"283","2020-03-28",314,4,121,1192,6614,0.605836105231327,2055,7797,708,1442,152,2585,21,679,95,21
"284","2020-03-29",365,4,182,1252,6614,0.605836105231327,2055,7797,708,1442,147,2732,47,726,90,47
"285","2020-03-30",377,4,191,1271,6614,0.605836105231327,2055,7797,708,1442,147,2879,37,763,90,37
"286","2020-03-31",388,4,198,1307,6614,0.605836105231327,2055,7797,708,1442,146,3025,21,784,90,21
"287","2020-04-01",396,4,242,1346,6614,0.605836105231327,2055,7797,708,1442,118,3143,14,798,63,14
"288","2020-04-02",409,4,265,1404,6614,0.605836105231327,2055,7797,708,1442,133,3276,9,807,74,9
"289","2020-04-03",519,4,235,1395,6614,0.605836105231327,2055,7797,708,1442,153,3429,19,826,83,19
"290","2020-04-04",540,4,215,1477,6614,0.605836105231327,2055,7797,708,1442,123,3552,25,851,70,25
"291","2020-04-05",466,4,261,1457,6614,0.605836105231327,2055,7797,708,1442,120,3672,23,874,53,23
"292","2020-04-06",472,4,289,1453,6614,0.605836105231327,2055,7797,708,1442,97,3769,61,935,50,61
"293","2020-04-07",482,4,276,1471,6614,0.605836105231327,2055,7797,708,1442,111,3880,63,998,52,63
"294","2020-04-08",493,4,243,1485,6614,0.605836105231327,2055,7797,708,1442,109,3989,61,1059,57,61
"295","2020-04-09",490,4,236,1483,6614,0.605836105231327,2055,7797,708,1442,112,4101,44,1103,45,44
"296","2020-04-10",493,4,265,1448,6614,0.605836105231327,2055,7797,708,1442,114,4215,28,1131,61,28
"297","2020-04-11",521,4,259,1435,6614,0.605836105231327,2055,7797,708,1442,111,4326,15,1146,50,15
"298","2020-04-12",488,4,246,1432,6614,0.605836105231327,2055,7797,708,1442,123,4449,63,1209,55,63
"299","2020-04-13",475,4,239,1442,6614,0.605836105231327,2055,7797,708,1442,78,4527,31,1240,38,31
"300","2020-04-14",458,4,240,1424,6614,0.605836105231327,2055,7797,708,1442,120,4647,36,1276,46,36
"301","2020-04-15",457,4,243,1412,6614,0.605836105231327,2055,7797,708,1442,109,4756,38,1314,50,38
"302","2020-04-16",457,4,251,1386,6614,0.605836105231327,2055,7797,708,1442,84,4840,43,1357,35,43
"303","2020-04-17",475,4,261,1360,6614,0.605836105231327,2055,7797,708,1442,96,4936,29,1386,38,29
"304","2020-04-18",447,4,296,1331,6614,0.605836105231327,2055,7797,708,1442,83,5019,20,1406,31,20
"305","2020-04-19",433,4,279,1276,6614,0.605836105231327,2055,7797,708,1442,107,5126,26,1432,46,26
"306","2020-04-20",423,4,266,1236,6614,0.605836105231327,2055,7797,708,1442,89,5215,17,1449,46,17
"307","2020-04-21",413,4,221,1192,6614,0.605836105231327,2055,7797,708,1442,93,5308,8,1457,45,8
"308","2020-04-22",404,4,211,1139,6614,0.605836105231327,2055,7797,708,1442,67,5375,11,1468,26,11
"309","2020-04-23",388,4,207,1099,6614,0.605836105231327,2055,7797,708,1442,84,5459,10,1478,29,10
"310","2020-04-24",370,4,183,1059,6614,0.605836105231327,2055,7797,708,1442,70,5529,10,1488,28,10
"311","2020-04-25",365,4,189,1006,6614,0.605836105231327,2055,7797,708,1442,72,5601,14,1502,35,14
"312","2020-04-26",318,4,188,949,6614,0.605836105231327,2055,7797,708,1442,70,5671,12,1514,28,12
"313","2020-04-27",317,4,173,911,6614,0.605836105231327,2055,7797,708,1442,63,5734,17,1531,22,17
"314","2020-04-28",307,4,169,859,6614,0.605836105231327,2055,7797,708,1442,66,5800,21,1552,29,21
"315","2020-04-29",299,4,177,815,6614,0.605836105231327,2055,7797,708,1442,65,5865,74,1626,30,74
"316","2020-04-30",297,4,177,801,6614,0.605836105231327,2055,7797,708,1442,67,5932,45,1671,22,45
"317","2020-05-01",272,4,176,757,6614,0.605836105231327,2055,7797,708,1442,56,5988,47,1718,19,47
"318","2020-05-02",261,4,155,717,6614,0.605836105231327,2055,7797,708,1442,58,6046,40,1758,25,40
"319","2020-05-03",247,4,163,682,6614,0.605836105231327,2055,7797,708,1442,51,6097,40,1798,17,40
"320","2020-05-04",229,4,232,645,6614,0.605836105231327,2055,7797,708,1442,43,6140,26,1824,18,26
"321","2020-05-05",237,4,285,621,6614,0.605836105231327,2055,7797,708,1442,41,6181,34,1858,13,34
"322","2020-05-06",228,4,273,583,6614,0.605836105231327,2055,7797,708,1442,63,6244,18,1876,21,18
"323","2020-05-07",221,4,273,561,6614,0.605836105231327,2055,7797,708,1442,53,6297,21,1897,18,21
"324","2020-05-08",211,4,308,534,6614,0.605836105231327,2055,7797,708,1442,29,6326,13,1910,10,13
"325","2020-05-09",210,4,271,527,6614,0.605836105231327,2055,7797,708,1442,45,6371,16,1926,10,16
"326","2020-05-10",194,4,254,507,6614,0.605836105231327,2055,7797,708,1442,42,6413,8,1934,11,8
"327","2020-05-11",189,4,230,493,6614,0.605836105231327,2055,7797,708,1442,33,6446,10,1944,9,10
"328","2020-05-12",170,4,248,476,6614,0.605836105231327,2055,7797,708,1442,33,6479,8,1952,14,8
"329","2020-05-13",155,4,244,454,6614,0.605836105231327,2055,7797,708,1442,30,6509,11,1963,10,11
"330","2020-05-14",147,4,231,433,6614,0.605836105231327,2055,7797,708,1442,39,6548,13,1976,11,13
"331","2020-05-15",143,4,246,408,6614,0.605836105231327,2055,7797,708,1442,31,6579,11,1987,10,11
"332","2020-05-16",136,4,239,374,6614,0.605836105231327,2055,7797,708,1442,39,6618,9,1996,17,9
"333","2020-05-17",131,4,217,350,6614,0.605836105231327,2055,7797,708,1442,25,6643,16,2012,10,16
"334","2020-05-18",123,4,202,338,6614,0.605836105231327,2055,7797,708,1442,24,6667,46,2058,9,46
"335","2020-05-19",114,4,199,332,6614,0.605836105231327,2055,7797,708,1442,24,6691,35,2093,10,35
"336","2020-05-20",124,4,196,323,6614,0.605836105231327,2055,7797,708,1442,30,6721,14,2107,6,14
"337","2020-05-21",124,4,222,309,6614,0.605836105231327,2055,7797,708,1442,21,6742,37,2144,10,37
"338","2020-05-22",104,4,219,291,6614,0.605836105231327,2055,7797,708,1442,18,6760,35,2179,4,35
"339","2020-05-23",96,4,213,276,6614,0.605836105231327,2055,7797,708,1442,22,6782,19,2198,12,19
"340","2020-05-24",96,4,209,263,6614,0.605836105231327,2055,7797,708,1442,26,6808,45,2243,10,45
"341","2020-05-25",93,4,193,254,6614,0.605836105231327,2055,7797,708,1442,19,6827,32,2275,5,32
"342","2020-05-26",91,4,191,255,6614,0.605836105231327,2055,7797,708,1442,29,6856,34,2309,8,34
"343","2020-05-27",84,4,189,249,6614,0.605836105231327,2055,7797,708,1442,13,6869,13,2322,4,13
"344","2020-05-28",79,4,182,240,6614,0.605836105231327,2055,7797,708,1442,21,6890,19,2341,7,19
"345","2020-05-29",79,4,179,230,6614,0.605836105231327,2055,7797,708,1442,15,6905,18,2359,5,18
"346","2020-05-30",77,4,203,231,6614,0.605836105231327,2055,7797,708,1442,16,6921,28,2387,7,28
"347","2020-05-31",77,4,202,214,6614,0.605836105231327,2055,7797,708,1442,20,6941,17,2404,7,17
"348","2020-06-01",83,4,183,205,6614,0.605836105231327,2055,7797,708,1442,21,6962,58,2462,11,58
"349","2020-06-02",82,4,209,200,6614,0.605836105231327,2055,7797,708,1442,16,6978,30,2492,7,30
"350","2020-06-03",79,4,210,216,6614,0.605836105231327,2055,7797,708,1442,8,6986,23,2515,3,23
"351","2020-06-04",73,4,227,203,6614,0.605836105231327,2055,7797,708,1442,5,6991,24,2539,2,24
"352","2020-06-05",74,4,217,197,6614,0.605836105231327,2055,7797,708,1442,10,7001,51,2590,5,51
"353","2020-06-06",79,4,221,201,6614,0.605836105231327,2055,7797,708,1442,10,7011,30,2620,4,30
"354","2020-06-07",73,4,220,200,6614,0.605836105231327,2055,7797,708,1442,8,7019,52,2672,2,52
"355","2020-03-08",1,5,0,0,7127,0.519713764557317,2010,8377,673,938,NA,NA,NA,NA,NA,NA
"356","2020-03-09",1,5,0,0,7127,0.519713764557317,2010,8377,673,938,NA,NA,NA,NA,NA,NA
"357","2020-03-10",0,5,0,0,7127,0.519713764557317,2010,8377,673,938,1,1,7,7,1,7
"358","2020-03-11",0,5,0,0,7127,0.519713764557317,2010,8377,673,938,21,22,23,30,NA,23
"359","2020-03-12",1,5,64,98,7127,0.519713764557317,2010,8377,673,938,25,47,49,79,3,49
"360","2020-03-13",4,5,75,149,7127,0.519713764557317,2010,8377,673,938,37,84,51,130,10,51
"361","2020-03-14",21,5,98,218,7127,0.519713764557317,2010,8377,673,938,30,114,39,169,10,39
"362","2020-03-15",26,5,108,293,7127,0.519713764557317,2010,8377,673,938,32,146,29,198,12,29
"363","2020-03-16",34,5,101,373,7127,0.519713764557317,2010,8377,673,938,54,200,50,248,25,50
"364","2020-03-17",49,5,132,456,7127,0.519713764557317,2010,8377,673,938,52,252,42,290,34,42
"365","2020-03-18",62,5,131,535,7127,0.519713764557317,2010,8377,673,938,70,322,47,337,53,47
"366","2020-03-19",82,5,130,653,7127,0.519713764557317,2010,8377,673,938,96,418,52,389,68,52
"367","2020-03-20",127,5,132,760,7127,0.519713764557317,2010,8377,673,938,111,529,37,426,82,37
"368","2020-03-21",147,5,139,862,7127,0.519713764557317,2010,8377,673,938,121,650,28,454,97,28
"369","2020-03-22",211,5,136,957,7127,0.519713764557317,2010,8377,673,938,96,746,24,478,75,24
"370","2020-03-23",228,5,140,1062,7127,0.519713764557317,2010,8377,673,938,121,867,31,509,97,31
"371","2020-03-24",240,5,135,1126,7127,0.519713764557317,2010,8377,673,938,131,998,18,527,106,18
"372","2020-03-25",273,5,149,1197,7127,0.519713764557317,2010,8377,673,938,163,1161,34,561,137,34
"373","2020-03-26",303,5,149,1256,7127,0.519713764557317,2010,8377,673,938,150,1311,20,581,131,20
"374","2020-03-27",394,5,173,1328,7127,0.519713764557317,2010,8377,673,938,190,1501,17,598,161,17
"375","2020-03-28",482,5,169,1401,7127,0.519713764557317,2010,8377,673,938,153,1654,21,619,137,21
"376","2020-03-29",434,5,167,1451,7127,0.519713764557317,2010,8377,673,938,161,1815,27,646,139,27
"377","2020-03-30",437,5,160,1480,7127,0.519713764557317,2010,8377,673,938,193,2008,44,690,163,44
"378","2020-03-31",437,5,157,1532,7127,0.519713764557317,2010,8377,673,938,217,2225,30,720,193,30
"379","2020-04-01",448,5,169,1574,7127,0.519713764557317,2010,8377,673,938,196,2421,35,755,172,35
"380","2020-04-02",453,5,178,1652,7127,0.519713764557317,2010,8377,673,938,200,2621,36,791,179,36
"381","2020-04-03",584,5,198,1657,7127,0.519713764557317,2010,8377,673,938,210,2831,27,818,178,27
"382","2020-04-04",560,5,212,1672,7127,0.519713764557317,2010,8377,673,938,176,3007,22,840,162,22
"383","2020-04-05",532,5,207,1669,7127,0.519713764557317,2010,8377,673,938,215,3222,26,866,194,26
"384","2020-04-06",551,5,168,1692,7127,0.519713764557317,2010,8377,673,938,174,3396,21,887,148,21
"385","2020-04-07",558,5,161,1722,7127,0.519713764557317,2010,8377,673,938,169,3565,40,927,143,40
"386","2020-04-08",558,5,151,1706,7127,0.519713764557317,2010,8377,673,938,184,3749,43,970,166,43
"387","2020-04-09",554,5,156,1714,7127,0.519713764557317,2010,8377,673,938,232,3981,28,998,208,28
"388","2020-04-10",593,5,172,1699,7127,0.519713764557317,2010,8377,673,938,132,4113,26,1024,112,26
"389","2020-04-11",595,5,190,1640,7127,0.519713764557317,2010,8377,673,938,159,4272,22,1046,148,22
"390","2020-04-12",575,5,222,1601,7127,0.519713764557317,2010,8377,673,938,157,4429,26,1072,141,26
"391","2020-04-13",551,5,227,1549,7127,0.519713764557317,2010,8377,673,938,111,4540,27,1099,99,27
"392","2020-04-14",547,5,192,1506,7127,0.519713764557317,2010,8377,673,938,132,4672,34,1133,109,34
"393","2020-04-15",539,5,181,1451,7127,0.519713764557317,2010,8377,673,938,129,4801,42,1175,108,42
"394","2020-04-16",523,5,169,1423,7127,0.519713764557317,2010,8377,673,938,112,4913,35,1210,98,35
"395","2020-04-17",499,5,176,1385,7127,0.519713764557317,2010,8377,673,938,85,4998,42,1252,73,42
"396","2020-04-18",509,5,181,1331,7127,0.519713764557317,2010,8377,673,938,79,5077,36,1288,65,36
"397","2020-04-19",457,5,175,1291,7127,0.519713764557317,2010,8377,673,938,93,5170,19,1307,78,19
"398","2020-04-20",440,5,158,1224,7127,0.519713764557317,2010,8377,673,938,81,5251,28,1335,60,28
"399","2020-04-21",433,5,156,1185,7127,0.519713764557317,2010,8377,673,938,76,5327,18,1353,55,18
"400","2020-04-22",414,5,183,1113,7127,0.519713764557317,2010,8377,673,938,96,5423,16,1369,80,16
"401","2020-04-23",407,5,207,1052,7127,0.519713764557317,2010,8377,673,938,76,5499,45,1414,59,45
"402","2020-04-24",383,5,240,1012,7127,0.519713764557317,2010,8377,673,938,59,5558,31,1445,52,31
"403","2020-04-25",356,5,260,978,7127,0.519713764557317,2010,8377,673,938,51,5609,28,1473,39,28
"404","2020-04-26",328,5,265,953,7127,0.519713764557317,2010,8377,673,938,62,5671,17,1490,46,17
"405","2020-04-27",309,5,257,908,7127,0.519713764557317,2010,8377,673,938,50,5721,19,1509,38,19
"406","2020-04-28",294,5,243,874,7127,0.519713764557317,2010,8377,673,938,53,5774,36,1545,34,36
"407","2020-04-29",300,5,226,844,7127,0.519713764557317,2010,8377,673,938,60,5834,35,1580,44,35
"408","2020-04-30",312,5,198,812,7127,0.519713764557317,2010,8377,673,938,37,5871,19,1599,28,19
"409","2020-05-01",281,5,192,761,7127,0.519713764557317,2010,8377,673,938,26,5897,21,1620,14,21
"410","2020-05-02",258,5,183,708,7127,0.519713764557317,2010,8377,673,938,34,5931,14,1634,28,14
"411","2020-05-03",250,5,174,687,7127,0.519713764557317,2010,8377,673,938,36,5967,16,1650,26,16
"412","2020-05-04",244,5,160,662,7127,0.519713764557317,2010,8377,673,938,24,5991,13,1663,13,13
"413","2020-05-05",230,5,171,638,7127,0.519713764557317,2010,8377,673,938,41,6032,17,1680,29,17
"414","2020-05-06",214,5,218,597,7127,0.519713764557317,2010,8377,673,938,25,6057,17,1697,20,17
"415","2020-05-07",194,5,242,552,7127,0.519713764557317,2010,8377,673,938,26,6083,21,1718,23,21
"416","2020-05-08",194,5,236,531,7127,0.519713764557317,2010,8377,673,938,23,6106,47,1765,16,47
"417","2020-05-09",190,5,223,499,7127,0.519713764557317,2010,8377,673,938,31,6137,22,1787,24,22
"418","2020-05-10",180,5,196,492,7127,0.519713764557317,2010,8377,673,938,26,6163,40,1827,16,40
"419","2020-05-11",181,5,189,461,7127,0.519713764557317,2010,8377,673,938,25,6188,45,1872,17,45
"420","2020-05-12",172,5,237,433,7127,0.519713764557317,2010,8377,673,938,20,6208,30,1902,13,30
"421","2020-05-13",161,5,256,413,7127,0.519713764557317,2010,8377,673,938,23,6231,27,1929,12,27
"422","2020-05-14",158,5,244,417,7127,0.519713764557317,2010,8377,673,938,8,6239,33,1962,5,33
"423","2020-05-15",155,5,211,407,7127,0.519713764557317,2010,8377,673,938,17,6256,30,1992,14,30
"424","2020-05-16",157,5,207,389,7127,0.519713764557317,2010,8377,673,938,11,6267,16,2008,6,16
"425","2020-05-17",143,5,221,377,7127,0.519713764557317,2010,8377,673,938,16,6283,24,2032,10,24
"426","2020-05-18",135,5,241,359,7127,0.519713764557317,2010,8377,673,938,8,6291,14,2046,1,14
"427","2020-05-19",125,5,260,352,7127,0.519713764557317,2010,8377,673,938,12,6303,11,2057,4,11
"428","2020-05-20",121,5,271,340,7127,0.519713764557317,2010,8377,673,938,10,6313,23,2080,4,23
"429","2020-05-21",110,5,257,319,7127,0.519713764557317,2010,8377,673,938,4,6317,39,2119,2,39
"430","2020-05-22",109,5,250,318,7127,0.519713764557317,2010,8377,673,938,10,6327,35,2154,4,35
"431","2020-05-23",107,5,226,302,7127,0.519713764557317,2010,8377,673,938,8,6335,22,2176,3,22
"432","2020-05-24",98,5,193,287,7127,0.519713764557317,2010,8377,673,938,8,6343,14,2190,1,14
"433","2020-05-25",87,5,172,269,7127,0.519713764557317,2010,8377,673,938,8,6351,29,2219,3,29
"434","2020-05-26",81,5,161,245,7127,0.519713764557317,2010,8377,673,938,8,6359,50,2269,1,50
"435","2020-05-27",93,5,143,223,7127,0.519713764557317,2010,8377,673,938,7,6366,41,2310,2,41
"436","2020-05-28",94,5,132,213,7127,0.519713764557317,2010,8377,673,938,11,6377,32,2342,6,32
"437","2020-05-29",91,5,121,203,7127,0.519713764557317,2010,8377,673,938,8,6385,20,2362,3,20
"438","2020-05-30",82,5,123,192,7127,0.519713764557317,2010,8377,673,938,7,6392,21,2383,2,21
"439","2020-05-31",71,5,150,185,7127,0.519713764557317,2010,8377,673,938,4,6396,21,2404,NA,21
"440","2020-06-01",72,5,175,172,7127,0.519713764557317,2010,8377,673,938,5,6401,10,2414,1,10
"441","2020-06-02",67,5,164,162,7127,0.519713764557317,2010,8377,673,938,8,6409,23,2437,3,23
"442","2020-06-03",53,5,161,159,7127,0.519713764557317,2010,8377,673,938,5,6414,33,2470,3,33
"443","2020-06-04",49,5,173,153,7127,0.519713764557317,2010,8377,673,938,7,6421,30,2500,3,30
"444","2020-06-05",44,5,155,141,7127,0.519713764557317,2010,8377,673,938,7,6428,42,2542,4,42
"445","2020-06-06",44,5,151,132,7127,0.519713764557317,2010,8377,673,938,2,6430,31,2573,NA,31
"446","2020-06-07",46,5,150,130,7127,0.519713764557317,2010,8377,673,938,7,6437,29,2602,1,29
"447","2020-03-13",5,6,138,168,7014,0.624180211006558,2070,8694,663,2224,85,194,23,113,14,23
"448","2020-03-14",16,6,157,232,7014,0.624180211006558,2070,8694,663,2224,61,255,25,138,9,25
"449","2020-03-15",40,6,151,318,7014,0.624180211006558,2070,8694,663,2224,73,328,41,179,23,41
"450","2020-03-16",49,6,229,407,7014,0.624180211006558,2070,8694,663,2224,95,423,27,206,52,27
"451","2020-03-17",62,6,286,528,7014,0.624180211006558,2070,8694,663,2224,103,526,16,222,65,16
"452","2020-03-18",82,6,270,635,7014,0.624180211006558,2070,8694,663,2224,116,642,23,245,70,23
"453","2020-03-19",103,6,225,744,7014,0.624180211006558,2070,8694,663,2224,130,772,14,259,82,14
"454","2020-03-20",156,6,189,817,7014,0.624180211006558,2070,8694,663,2224,123,895,20,279,76,20
"455","2020-03-21",229,6,173,899,7014,0.624180211006558,2070,8694,663,2224,149,1044,39,318,96,39
"456","2020-03-22",241,6,157,1000,7014,0.624180211006558,2070,8694,663,2224,159,1203,28,346,111,28
"457","2020-03-23",239,6,145,1081,7014,0.624180211006558,2070,8694,663,2224,143,1346,53,399,100,53
"458","2020-03-24",264,6,162,1171,7014,0.624180211006558,2070,8694,663,2224,178,1524,21,420,127,21
"459","2020-03-25",282,6,203,1219,7014,0.624180211006558,2070,8694,663,2224,157,1681,26,446,114,26
"460","2020-03-26",304,6,227,1276,7014,0.624180211006558,2070,8694,663,2224,165,1846,67,513,119,67
"461","2020-03-27",413,6,214,1351,7014,0.624180211006558,2070,8694,663,2224,150,1996,31,544,101,31
"462","2020-03-28",457,6,183,1422,7014,0.624180211006558,2070,8694,663,2224,164,2160,45,589,122,45
"463","2020-03-29",445,6,162,1457,7014,0.624180211006558,2070,8694,663,2224,164,2324,31,620,123,31
"464","2020-03-30",451,6,161,1543,7014,0.624180211006558,2070,8694,663,2224,184,2508,30,650,149,30
"465","2020-03-31",455,6,155,1563,7014,0.624180211006558,2070,8694,663,2224,169,2677,24,674,131,24
"466","2020-04-01",487,6,142,1599,7014,0.624180211006558,2070,8694,663,2224,141,2818,23,697,96,23
"467","2020-04-02",504,6,123,1574,7014,0.624180211006558,2070,8694,663,2224,158,2976,20,717,112,20
"468","2020-04-03",550,6,132,1600,7014,0.624180211006558,2070,8694,663,2224,180,3156,18,735,134,18
"469","2020-04-04",549,6,180,1605,7014,0.624180211006558,2070,8694,663,2224,129,3285,16,751,90,16
"470","2020-04-05",557,6,203,1590,7014,0.624180211006558,2070,8694,663,2224,165,3450,14,765,126,14
"471","2020-04-06",548,6,262,1577,7014,0.624180211006558,2070,8694,663,2224,141,3591,24,789,102,24
"472","2020-04-07",529,6,235,1546,7014,0.624180211006558,2070,8694,663,2224,125,3716,21,810,86,21
"473","2020-04-08",496,6,239,1488,7014,0.624180211006558,2070,8694,663,2224,129,3845,19,829,88,19
"474","2020-04-09",490,6,227,1441,7014,0.624180211006558,2070,8694,663,2224,138,3983,22,851,104,22
"475","2020-04-10",504,6,222,1385,7014,0.624180211006558,2070,8694,663,2224,97,4080,44,895,72,44
"476","2020-04-11",489,6,268,1347,7014,0.624180211006558,2070,8694,663,2224,129,4209,22,917,92,22
"477","2020-04-12",444,6,288,1287,7014,0.624180211006558,2070,8694,663,2224,110,4319,14,931,73,14
"478","2020-04-13",430,6,279,1249,7014,0.624180211006558,2070,8694,663,2224,111,4430,12,943,77,12
"479","2020-04-14",421,6,262,1204,7014,0.624180211006558,2070,8694,663,2224,115,4545,15,958,70,15
"480","2020-04-15",423,6,234,1172,7014,0.624180211006558,2070,8694,663,2224,103,4648,17,975,68,17
"481","2020-04-16",409,6,205,1146,7014,0.624180211006558,2070,8694,663,2224,81,4729,17,992,55,17
"482","2020-04-17",407,6,185,1106,7014,0.624180211006558,2070,8694,663,2224,82,4811,23,1015,53,23
"483","2020-04-18",394,6,219,1082,7014,0.624180211006558,2070,8694,663,2224,74,4885,22,1037,49,22
"484","2020-04-19",373,6,228,1066,7014,0.624180211006558,2070,8694,663,2224,73,4958,29,1066,46,29
"485","2020-04-20",357,6,235,1057,7014,0.624180211006558,2070,8694,663,2224,65,5023,19,1085,37,19
"486","2020-04-21",365,6,237,1046,7014,0.624180211006558,2070,8694,663,2224,44,5067,66,1151,34,66
"487","2020-04-22",359,6,229,1009,7014,0.624180211006558,2070,8694,663,2224,71,5138,53,1204,44,53
"488","2020-04-23",355,6,224,982,7014,0.624180211006558,2070,8694,663,2224,49,5187,19,1223,32,19
"489","2020-04-24",367,6,227,958,7014,0.624180211006558,2070,8694,663,2224,62,5249,25,1248,36,25
"490","2020-04-25",355,6,248,916,7014,0.624180211006558,2070,8694,663,2224,55,5304,15,1263,30,15
"491","2020-04-26",320,6,267,902,7014,0.624180211006558,2070,8694,663,2224,49,5353,41,1304,20,41
"492","2020-04-27",323,6,261,875,7014,0.624180211006558,2070,8694,663,2224,61,5414,32,1336,27,32
"493","2020-04-28",313,6,258,848,7014,0.624180211006558,2070,8694,663,2224,54,5468,50,1386,16,50
"494","2020-04-29",316,6,250,834,7014,0.624180211006558,2070,8694,663,2224,47,5515,27,1413,20,27
"495","2020-04-30",303,6,236,813,7014,0.624180211006558,2070,8694,663,2224,34,5549,10,1423,13,10
"496","2020-05-01",282,6,250,786,7014,0.624180211006558,2070,8694,663,2224,55,5604,18,1441,20,18
"497","2020-05-02",293,6,243,770,7014,0.624180211006558,2070,8694,663,2224,52,5656,22,1463,25,22
"498","2020-05-03",267,6,214,745,7014,0.624180211006558,2070,8694,663,2224,45,5701,17,1480,16,17
"499","2020-05-04",263,6,209,726,7014,0.624180211006558,2070,8694,663,2224,39,5740,11,1491,13,11
"500","2020-05-05",248,6,192,708,7014,0.624180211006558,2070,8694,663,2224,42,5782,10,1501,22,10
"501","2020-05-06",240,6,185,690,7014,0.624180211006558,2070,8694,663,2224,39,5821,8,1509,16,8
"502","2020-05-07",247,6,175,673,7014,0.624180211006558,2070,8694,663,2224,32,5853,40,1549,12,40
"503","2020-05-08",251,6,166,643,7014,0.624180211006558,2070,8694,663,2224,40,5893,29,1578,21,29
"504","2020-05-09",235,6,192,595,7014,0.624180211006558,2070,8694,663,2224,39,5932,58,1636,13,58
"505","2020-05-10",240,6,193,588,7014,0.624180211006558,2070,8694,663,2224,28,5960,42,1678,14,42
"506","2020-05-11",221,6,191,564,7014,0.624180211006558,2070,8694,663,2224,27,5987,52,1730,8,52
"507","2020-05-12",212,6,188,533,7014,0.624180211006558,2070,8694,663,2224,18,6005,50,1780,3,50
"508","2020-05-13",200,6,208,523,7014,0.624180211006558,2070,8694,663,2224,37,6042,25,1805,15,25
"509","2020-05-14",189,6,215,510,7014,0.624180211006558,2070,8694,663,2224,26,6068,52,1857,12,52
"510","2020-05-15",180,6,208,495,7014,0.624180211006558,2070,8694,663,2224,29,6097,33,1890,5,33
"511","2020-05-16",187,6,201,475,7014,0.624180211006558,2070,8694,663,2224,31,6128,19,1909,12,19
"512","2020-05-17",157,6,178,455,7014,0.624180211006558,2070,8694,663,2224,18,6146,24,1933,6,24
"513","2020-05-18",157,6,177,450,7014,0.624180211006558,2070,8694,663,2224,25,6171,26,1959,9,26
"514","2020-05-19",148,6,167,415,7014,0.624180211006558,2070,8694,663,2224,19,6190,6,1965,8,6
"515","2020-05-20",149,6,197,400,7014,0.624180211006558,2070,8694,663,2224,20,6210,11,1976,5,11
"516","2020-05-21",152,6,226,390,7014,0.624180211006558,2070,8694,663,2224,26,6236,8,1984,11,8
"517","2020-05-22",140,6,214,369,7014,0.624180211006558,2070,8694,663,2224,20,6256,6,1990,6,6
"518","2020-05-23",123,6,206,340,7014,0.624180211006558,2070,8694,663,2224,20,6276,8,1998,6,8
"519","2020-05-24",119,6,188,322,7014,0.624180211006558,2070,8694,663,2224,20,6296,42,2040,6,42
"520","2020-05-25",118,6,199,303,7014,0.624180211006558,2070,8694,663,2224,16,6312,51,2091,4,51
"521","2020-05-26",115,6,189,285,7014,0.624180211006558,2070,8694,663,2224,18,6330,24,2115,5,24
"522","2020-05-27",104,6,215,283,7014,0.624180211006558,2070,8694,663,2224,16,6346,19,2134,7,19
"523","2020-05-28",90,6,198,273,7014,0.624180211006558,2070,8694,663,2224,14,6360,46,2180,4,46
"524","2020-05-29",95,6,183,270,7014,0.624180211006558,2070,8694,663,2224,17,6377,43,2223,1,43
"525","2020-05-30",98,6,171,244,7014,0.624180211006558,2070,8694,663,2224,16,6393,23,2246,5,23
"526","2020-05-31",91,6,177,226,7014,0.624180211006558,2070,8694,663,2224,10,6403,15,2261,2,15
"527","2020-06-01",83,6,225,223,7014,0.624180211006558,2070,8694,663,2224,16,6419,18,2279,4,18
"528","2020-06-02",74,6,261,202,7014,0.624180211006558,2070,8694,663,2224,9,6428,23,2302,1,23
"529","2020-06-03",74,6,294,186,7014,0.624180211006558,2070,8694,663,2224,17,6445,27,2329,5,27
"530","2020-06-04",69,6,298,184,7014,0.624180211006558,2070,8694,663,2224,15,6460,25,2354,5,25
"531","2020-06-05",60,6,277,186,7014,0.624180211006558,2070,8694,663,2224,5,6465,15,2369,1,15
"532","2020-06-06",56,6,274,173,7014,0.624180211006558,2070,8694,663,2224,8,6473,22,2391,1,22
"533","2020-06-07",45,6,251,164,7014,0.624180211006558,2070,8694,663,2224,7,6480,37,2428,2,37
"534","2020-03-08",1,7,0,0,8207,0.279273790666504,1980,8635,851,920,NA,NA,NA,NA,NA,NA
"535","2020-03-09",1,7,0,0,8207,0.279273790666504,1980,8635,851,920,NA,NA,NA,NA,NA,NA
"536","2020-03-10",0,7,0,0,8207,0.279273790666504,1980,8635,851,920,NA,NA,NA,NA,NA,NA
"537","2020-03-11",0,7,0,0,8207,0.279273790666504,1980,8635,851,920,20,20,21,21,2,21
"538","2020-03-12",0,7,0,0,8207,0.279273790666504,1980,8635,851,920,26,46,44,65,5,44
"539","2020-03-13",12,7,76,292,8207,0.279273790666504,1980,8635,851,920,39,85,45,110,10,45
"540","2020-03-14",30,7,78,394,8207,0.279273790666504,1980,8635,851,920,43,128,27,137,17,27
"541","2020-03-15",71,7,78,498,8207,0.279273790666504,1980,8635,851,920,39,167,19,156,16,19
"542","2020-03-16",79,7,95,612,8207,0.279273790666504,1980,8635,851,920,63,230,78,234,37,78
"543","2020-03-17",95,7,95,735,8207,0.279273790666504,1980,8635,851,920,64,294,32,266,43,32
"544","2020-03-18",116,7,88,855,8207,0.279273790666504,1980,8635,851,920,60,354,17,283,39,17
"545","2020-03-19",162,7,71,937,8207,0.279273790666504,1980,8635,851,920,72,426,16,299,55,16
"546","2020-03-20",247,7,68,1045,8207,0.279273790666504,1980,8635,851,920,81,507,55,354,63,55
"547","2020-03-21",303,7,70,1098,8207,0.279273790666504,1980,8635,851,920,81,588,16,370,66,16
"548","2020-03-22",280,7,85,1154,8207,0.279273790666504,1980,8635,851,920,76,664,24,394,54,24
"549","2020-03-23",298,7,117,1222,8207,0.279273790666504,1980,8635,851,920,108,772,18,412,83,18
"550","2020-03-24",323,7,118,1261,8207,0.279273790666504,1980,8635,851,920,90,862,31,443,73,31
"551","2020-03-25",361,7,117,1318,8207,0.279273790666504,1980,8635,851,920,102,964,16,459,72,16
"552","2020-03-26",360,7,150,1348,8207,0.279273790666504,1980,8635,851,920,152,1116,11,470,124,11
"553","2020-03-27",436,7,181,1389,8207,0.279273790666504,1980,8635,851,920,112,1228,16,486,85,16
"554","2020-03-28",427,7,172,1441,8207,0.279273790666504,1980,8635,851,920,182,1410,13,499,156,13
"555","2020-03-29",457,7,162,1472,8207,0.279273790666504,1980,8635,851,920,128,1538,12,511,104,12
"556","2020-03-30",459,7,146,1507,8207,0.279273790666504,1980,8635,851,920,158,1696,32,543,134,32
"557","2020-03-31",444,7,150,1573,8207,0.279273790666504,1980,8635,851,920,138,1834,18,561,112,18
"558","2020-04-01",441,7,161,1563,8207,0.279273790666504,1980,8635,851,920,154,1988,12,573,128,12
"559","2020-04-02",455,7,159,1558,8207,0.279273790666504,1980,8635,851,920,156,2144,8,581,131,8
"560","2020-04-03",507,7,192,1562,8207,0.279273790666504,1980,8635,851,920,205,2349,9,590,180,9
"561","2020-04-04",538,7,185,1564,8207,0.279273790666504,1980,8635,851,920,146,2495,2,592,121,2
"562","2020-04-05",477,7,166,1550,8207,0.279273790666504,1980,8635,851,920,154,2649,7,599,135,7
"563","2020-04-06",464,7,149,1517,8207,0.279273790666504,1980,8635,851,920,149,2798,15,614,125,15
"564","2020-04-07",455,7,128,1512,8207,0.279273790666504,1980,8635,851,920,151,2949,77,691,135,77
"565","2020-04-08",449,7,138,1515,8207,0.279273790666504,1980,8635,851,920,151,3100,31,722,131,31
"566","2020-04-09",447,7,145,1515,8207,0.279273790666504,1980,8635,851,920,153,3253,20,742,137,20
"567","2020-04-10",506,7,132,1511,8207,0.279273790666504,1980,8635,851,920,188,3441,21,763,160,21
"568","2020-04-11",517,7,123,1483,8207,0.279273790666504,1980,8635,851,920,125,3566,19,782,112,19
"569","2020-04-12",483,7,164,1455,8207,0.279273790666504,1980,8635,851,920,164,3730,13,795,149,13
"570","2020-04-13",495,7,192,1451,8207,0.279273790666504,1980,8635,851,920,134,3864,10,805,117,10
"571","2020-04-14",499,7,174,1425,8207,0.279273790666504,1980,8635,851,920,140,4004,9,814,117,9
"572","2020-04-15",496,7,158,1421,8207,0.279273790666504,1980,8635,851,920,129,4133,14,828,101,14
"573","2020-04-16",499,7,148,1394,8207,0.279273790666504,1980,8635,851,920,137,4270,13,841,124,13
"574","2020-04-17",481,7,143,1362,8207,0.279273790666504,1980,8635,851,920,110,4380,8,849,94,8
"575","2020-04-18",462,7,132,1343,8207,0.279273790666504,1980,8635,851,920,101,4481,25,874,84,25
"576","2020-04-19",452,7,169,1308,8207,0.279273790666504,1980,8635,851,920,98,4579,17,891,81,17
"577","2020-04-20",433,7,214,1278,8207,0.279273790666504,1980,8635,851,920,101,4680,18,909,82,18
"578","2020-04-21",426,7,260,1258,8207,0.279273790666504,1980,8635,851,920,73,4753,12,921,57,12
"579","2020-04-22",426,7,261,1230,8207,0.279273790666504,1980,8635,851,920,63,4816,14,935,49,14
"580","2020-04-23",405,7,233,1197,8207,0.279273790666504,1980,8635,851,920,68,4884,16,951,56,16
"581","2020-04-24",417,7,201,1182,8207,0.279273790666504,1980,8635,851,920,64,4948,15,966,50,15
"582","2020-04-25",398,7,204,1163,8207,0.279273790666504,1980,8635,851,920,53,5001,21,987,40,21
"583","2020-04-26",370,7,242,1106,8207,0.279273790666504,1980,8635,851,920,63,5064,8,995,50,8
"584","2020-04-27",362,7,235,1088,8207,0.279273790666504,1980,8635,851,920,49,5113,9,1004,30,9
"585","2020-04-28",341,7,254,1074,8207,0.279273790666504,1980,8635,851,920,49,5162,29,1033,39,29
"586","2020-04-29",332,7,229,1015,8207,0.279273790666504,1980,8635,851,920,50,5212,20,1053,33,20
"587","2020-04-30",322,7,204,975,8207,0.279273790666504,1980,8635,851,920,53,5265,32,1085,33,32
"588","2020-05-01",309,7,198,927,8207,0.279273790666504,1980,8635,851,920,43,5308,15,1100,30,15
"589","2020-05-02",320,7,232,897,8207,0.279273790666504,1980,8635,851,920,40,5348,23,1123,30,23
"590","2020-05-03",273,7,227,871,8207,0.279273790666504,1980,8635,851,920,36,5384,13,1136,21,13
"591","2020-05-04",276,7,238,832,8207,0.279273790666504,1980,8635,851,920,41,5425,31,1167,28,31
"592","2020-05-05",270,7,232,783,8207,0.279273790666504,1980,8635,851,920,52,5477,19,1186,39,19
"593","2020-05-06",252,7,198,769,8207,0.279273790666504,1980,8635,851,920,38,5515,16,1202,20,16
"594","2020-05-07",247,7,229,729,8207,0.279273790666504,1980,8635,851,920,26,5541,29,1231,19,29
"595","2020-05-08",243,7,220,691,8207,0.279273790666504,1980,8635,851,920,36,5577,30,1261,26,30
"596","2020-05-09",236,7,220,669,8207,0.279273790666504,1980,8635,851,920,31,5608,27,1288,16,27
"597","2020-05-10",227,7,223,640,8207,0.279273790666504,1980,8635,851,920,25,5633,13,1301,16,13
"598","2020-05-11",203,7,223,618,8207,0.279273790666504,1980,8635,851,920,34,5667,27,1328,22,27
"599","2020-05-12",189,7,198,593,8207,0.279273790666504,1980,8635,851,920,32,5699,38,1366,20,38
"600","2020-05-13",186,7,189,572,8207,0.279273790666504,1980,8635,851,920,26,5725,36,1402,17,36
"601","2020-05-14",178,7,187,558,8207,0.279273790666504,1980,8635,851,920,13,5738,14,1416,8,14
"602","2020-05-15",184,7,165,523,8207,0.279273790666504,1980,8635,851,920,26,5764,11,1427,20,11
"603","2020-05-16",176,7,157,505,8207,0.279273790666504,1980,8635,851,920,22,5786,6,1433,7,6
"604","2020-05-17",175,7,145,495,8207,0.279273790666504,1980,8635,851,920,29,5815,60,1493,15,60
"605","2020-05-18",168,7,143,468,8207,0.279273790666504,1980,8635,851,920,17,5832,45,1538,13,45
"606","2020-05-19",165,7,173,443,8207,0.279273790666504,1980,8635,851,920,20,5852,31,1569,10,31
"607","2020-05-20",165,7,173,419,8207,0.279273790666504,1980,8635,851,920,18,5870,27,1596,12,27
"608","2020-05-21",163,7,206,413,8207,0.279273790666504,1980,8635,851,920,23,5893,16,1612,15,16
"609","2020-05-22",153,7,235,395,8207,0.279273790666504,1980,8635,851,920,21,5914,21,1633,12,21
"610","2020-05-23",149,7,244,371,8207,0.279273790666504,1980,8635,851,920,17,5931,20,1653,14,20
"611","2020-05-24",131,7,233,359,8207,0.279273790666504,1980,8635,851,920,12,5943,20,1673,6,20
"612","2020-05-25",132,7,252,344,8207,0.279273790666504,1980,8635,851,920,16,5959,27,1700,8,27
"613","2020-05-26",123,7,258,334,8207,0.279273790666504,1980,8635,851,920,20,5979,43,1743,9,43
"614","2020-05-27",117,7,284,310,8207,0.279273790666504,1980,8635,851,920,15,5994,22,1765,10,22
"615","2020-05-28",112,7,273,285,8207,0.279273790666504,1980,8635,851,920,18,6012,22,1787,11,22
"616","2020-05-29",104,7,272,270,8207,0.279273790666504,1980,8635,851,920,20,6032,12,1799,10,12
"617","2020-05-30",97,7,255,260,8207,0.279273790666504,1980,8635,851,920,11,6043,4,1803,4,4
"618","2020-05-31",82,7,234,249,8207,0.279273790666504,1980,8635,851,920,17,6060,7,1810,13,7
"619","2020-06-01",72,7,218,250,8207,0.279273790666504,1980,8635,851,920,14,6074,28,1838,12,28
"620","2020-06-02",70,7,193,239,8207,0.279273790666504,1980,8635,851,920,9,6083,18,1856,3,18
"621","2020-06-03",66,7,175,219,8207,0.279273790666504,1980,8635,851,920,12,6095,8,1864,8,8
"622","2020-06-04",61,7,158,210,8207,0.279273790666504,1980,8635,851,920,9,6104,12,1876,7,12
"623","2020-06-05",56,7,148,200,8207,0.279273790666504,1980,8635,851,920,8,6112,30,1906,5,30
"624","2020-06-06",52,7,128,194,8207,0.279273790666504,1980,8635,851,920,13,6125,54,1960,7,54
"625","2020-06-07",56,7,158,183,8207,0.279273790666504,1980,8635,851,920,9,6134,60,2020,5,60
"626","2020-03-13",8,8,155,225,7677,0.456688810733359,2085,9144,757,2217,59,178,44,67,9,44
"627","2020-03-14",21,8,172,313,7677,0.456688810733359,2085,9144,757,2217,65,243,41,108,11,41
"628","2020-03-15",43,8,163,397,7677,0.456688810733359,2085,9144,757,2217,62,305,52,160,24,52
"629","2020-03-16",57,8,165,511,7677,0.456688810733359,2085,9144,757,2217,78,383,30,190,21,30
"630","2020-03-17",72,8,170,602,7677,0.456688810733359,2085,9144,757,2217,67,450,21,211,31,21
"631","2020-03-18",106,8,197,730,7677,0.456688810733359,2085,9144,757,2217,89,539,20,231,44,20
"632","2020-03-19",132,8,215,834,7677,0.456688810733359,2085,9144,757,2217,103,642,48,279,54,48
"633","2020-03-20",189,8,182,935,7677,0.456688810733359,2085,9144,757,2217,94,736,36,315,58,36
"634","2020-03-21",291,8,202,1040,7677,0.456688810733359,2085,9144,757,2217,116,852,36,351,54,36
"635","2020-03-22",286,8,238,1149,7677,0.456688810733359,2085,9144,757,2217,105,957,21,372,58,21
"636","2020-03-23",288,8,273,1243,7677,0.456688810733359,2085,9144,757,2217,127,1084,23,395,74,23
"637","2020-03-24",318,8,249,1310,7677,0.456688810733359,2085,9144,757,2217,105,1189,43,438,63,43
"638","2020-03-25",336,8,260,1358,7677,0.456688810733359,2085,9144,757,2217,116,1305,55,493,65,55
"639","2020-03-26",355,8,293,1392,7677,0.456688810733359,2085,9144,757,2217,103,1408,54,547,60,54
"640","2020-03-27",481,8,315,1474,7677,0.456688810733359,2085,9144,757,2217,112,1520,44,591,64,44
"641","2020-03-28",455,8,315,1547,7677,0.456688810733359,2085,9144,757,2217,121,1641,47,638,72,47
"642","2020-03-29",488,8,341,1603,7677,0.456688810733359,2085,9144,757,2217,86,1727,46,684,50,46
"643","2020-03-30",487,8,337,1655,7677,0.456688810733359,2085,9144,757,2217,96,1823,31,715,53,31
"644","2020-03-31",482,8,322,1681,7677,0.456688810733359,2085,9144,757,2217,116,1939,19,734,66,19
"645","2020-04-01",491,8,331,1704,7677,0.456688810733359,2085,9144,757,2217,132,2071,27,761,75,27
"646","2020-04-02",510,8,338,1718,7677,0.456688810733359,2085,9144,757,2217,112,2183,20,781,65,20
"647","2020-04-03",565,8,324,1738,7677,0.456688810733359,2085,9144,757,2217,126,2309,13,794,69,13
"648","2020-04-04",584,8,309,1735,7677,0.456688810733359,2085,9144,757,2217,109,2418,47,841,51,47
"649","2020-04-05",555,8,292,1734,7677,0.456688810733359,2085,9144,757,2217,129,2547,39,880,68,39
"650","2020-04-06",569,8,277,1708,7677,0.456688810733359,2085,9144,757,2217,109,2656,19,899,58,19
"651","2020-04-07",570,8,280,1697,7677,0.456688810733359,2085,9144,757,2217,94,2750,21,920,48,21
"652","2020-04-08",567,8,300,1657,7677,0.456688810733359,2085,9144,757,2217,132,2882,28,948,79,28
"653","2020-04-09",558,8,315,1649,7677,0.456688810733359,2085,9144,757,2217,126,3008,29,977,57,29
"654","2020-04-10",617,8,361,1625,7677,0.456688810733359,2085,9144,757,2217,91,3099,20,997,46,20
"655","2020-04-11",580,8,380,1586,7677,0.456688810733359,2085,9144,757,2217,115,3214,15,1012,67,15
"656","2020-04-12",511,8,351,1522,7677,0.456688810733359,2085,9144,757,2217,108,3322,25,1037,54,25
"657","2020-04-13",493,8,366,1487,7677,0.456688810733359,2085,9144,757,2217,104,3426,55,1092,62,55
"658","2020-04-14",476,8,351,1435,7677,0.456688810733359,2085,9144,757,2217,87,3513,31,1123,43,31
"659","2020-04-15",461,8,324,1418,7677,0.456688810733359,2085,9144,757,2217,105,3618,18,1141,51,18
"660","2020-04-16",454,8,311,1390,7677,0.456688810733359,2085,9144,757,2217,95,3713,40,1181,52,40
"661","2020-04-17",449,8,303,1344,7677,0.456688810733359,2085,9144,757,2217,90,3803,36,1217,49,36
"662","2020-04-18",474,8,305,1290,7677,0.456688810733359,2085,9144,757,2217,86,3889,26,1243,36,26
"663","2020-04-19",434,8,319,1240,7677,0.456688810733359,2085,9144,757,2217,71,3960,52,1295,35,52
"664","2020-04-20",430,8,311,1187,7677,0.456688810733359,2085,9144,757,2217,69,4029,18,1313,36,18
"665","2020-04-21",426,8,300,1157,7677,0.456688810733359,2085,9144,757,2217,91,4120,26,1339,31,26
"666","2020-04-22",424,8,305,1120,7677,0.456688810733359,2085,9144,757,2217,62,4182,18,1357,29,18
"667","2020-04-23",411,8,339,1050,7677,0.456688810733359,2085,9144,757,2217,72,4254,12,1369,36,12
"668","2020-04-24",418,8,331,1011,7677,0.456688810733359,2085,9144,757,2217,80,4334,20,1389,34,20
"669","2020-04-25",397,8,319,995,7677,0.456688810733359,2085,9144,757,2217,53,4387,22,1411,28,22
"670","2020-04-26",374,8,327,975,7677,0.456688810733359,2085,9144,757,2217,64,4451,20,1431,30,20
"671","2020-04-27",356,8,331,931,7677,0.456688810733359,2085,9144,757,2217,63,4514,22,1453,27,22
"672","2020-04-28",337,8,373,922,7677,0.456688810733359,2085,9144,757,2217,51,4565,22,1475,26,22
"673","2020-04-29",322,8,355,879,7677,0.456688810733359,2085,9144,757,2217,65,4630,18,1493,33,18
"674","2020-04-30",314,8,354,839,7677,0.456688810733359,2085,9144,757,2217,49,4679,29,1522,15,29
"675","2020-05-01",288,8,366,815,7677,0.456688810733359,2085,9144,757,2217,61,4740,29,1551,24,29
"676","2020-05-02",287,8,346,783,7677,0.456688810733359,2085,9144,757,2217,38,4778,51,1602,13,51
"677","2020-05-03",253,8,326,759,7677,0.456688810733359,2085,9144,757,2217,46,4824,22,1624,18,22
"678","2020-05-04",257,8,324,745,7677,0.456688810733359,2085,9144,757,2217,52,4876,17,1641,23,17
"679","2020-05-05",254,8,357,712,7677,0.456688810733359,2085,9144,757,2217,49,4925,17,1658,20,17
"680","2020-05-06",245,8,332,683,7677,0.456688810733359,2085,9144,757,2217,46,4971,28,1686,14,28
"681","2020-05-07",241,8,311,663,7677,0.456688810733359,2085,9144,757,2217,45,5016,23,1709,16,23
"682","2020-05-08",223,8,306,659,7677,0.456688810733359,2085,9144,757,2217,50,5066,14,1723,18,14
"683","2020-05-09",233,8,308,636,7677,0.456688810733359,2085,9144,757,2217,41,5107,15,1738,10,15
"684","2020-05-10",216,8,306,598,7677,0.456688810733359,2085,9144,757,2217,34,5141,10,1748,11,10
"685","2020-05-11",196,8,299,552,7677,0.456688810733359,2085,9144,757,2217,36,5177,18,1766,5,18
"686","2020-05-12",181,8,300,526,7677,0.456688810733359,2085,9144,757,2217,40,5217,14,1780,14,14
"687","2020-05-13",177,8,323,501,7677,0.456688810733359,2085,9144,757,2217,34,5251,21,1801,9,21
"688","2020-05-14",166,8,318,478,7677,0.456688810733359,2085,9144,757,2217,33,5284,59,1860,15,59
"689","2020-05-15",173,8,313,457,7677,0.456688810733359,2085,9144,757,2217,37,5321,54,1914,15,54
"690","2020-05-16",161,8,276,441,7677,0.456688810733359,2085,9144,757,2217,34,5355,61,1975,11,61
"691","2020-05-17",154,8,314,404,7677,0.456688810733359,2085,9144,757,2217,22,5377,64,2039,5,64
"692","2020-05-18",143,8,302,384,7677,0.456688810733359,2085,9144,757,2217,29,5406,57,2096,8,57
"693","2020-05-19",143,8,277,379,7677,0.456688810733359,2085,9144,757,2217,26,5432,65,2161,7,65
"694","2020-05-20",142,8,277,363,7677,0.456688810733359,2085,9144,757,2217,27,5459,65,2226,11,65
"695","2020-05-21",142,8,302,333,7677,0.456688810733359,2085,9144,757,2217,23,5482,43,2269,6,43
"696","2020-05-22",137,8,308,322,7677,0.456688810733359,2085,9144,757,2217,26,5508,50,2319,7,50
"697","2020-05-23",130,8,306,301,7677,0.456688810733359,2085,9144,757,2217,22,5530,37,2356,7,37
"698","2020-05-24",107,8,317,288,7677,0.456688810733359,2085,9144,757,2217,23,5553,23,2379,8,23
"699","2020-05-25",107,8,315,275,7677,0.456688810733359,2085,9144,757,2217,17,5570,17,2396,5,17
"700","2020-05-26",93,8,308,264,7677,0.456688810733359,2085,9144,757,2217,23,5593,18,2414,2,18
"701","2020-05-27",91,8,310,248,7677,0.456688810733359,2085,9144,757,2217,16,5609,14,2428,3,14
"702","2020-05-28",84,8,320,232,7677,0.456688810733359,2085,9144,757,2217,23,5632,8,2436,5,8
"703","2020-05-29",89,8,305,232,7677,0.456688810733359,2085,9144,757,2217,22,5654,6,2442,5,6
"704","2020-05-30",79,8,302,222,7677,0.456688810733359,2085,9144,757,2217,9,5663,42,2484,3,42
"705","2020-05-31",65,8,307,215,7677,0.456688810733359,2085,9144,757,2217,20,5683,17,2501,3,17
"706","2020-06-01",59,8,310,204,7677,0.456688810733359,2085,9144,757,2217,18,5701,15,2516,8,15
"707","2020-06-02",61,8,312,187,7677,0.456688810733359,2085,9144,757,2217,16,5717,14,2530,2,14
"708","2020-06-03",62,8,319,171,7677,0.456688810733359,2085,9144,757,2217,12,5729,14,2544,6,14
"709","2020-06-04",61,8,364,161,7677,0.456688810733359,2085,9144,757,2217,19,5748,11,2555,7,11
"710","2020-06-05",51,8,361,149,7677,0.456688810733359,2085,9144,757,2217,15,5763,15,2570,5,15
"711","2020-06-06",56,8,333,138,7677,0.456688810733359,2085,9144,757,2217,19,5782,26,2596,7,26
"712","2020-06-07",53,8,320,131,7677,0.456688810733359,2085,9144,757,2217,10,5792,22,2618,6,22
"713","2020-03-12",1,9,94,43,6642,0.897922312556459,1980,7181,618,1367,16,32,47,106,7,47
"714","2020-03-13",2,9,138,84,6642,0.897922312556459,1980,7181,618,1367,21,53,19,125,10,19
"715","2020-03-14",12,9,185,124,6642,0.897922312556459,1980,7181,618,1367,30,83,47,172,15,47
"716","2020-03-15",13,9,190,167,6642,0.897922312556459,1980,7181,618,1367,33,116,26,198,19,26
"717","2020-03-16",12,9,165,225,6642,0.897922312556459,1980,7181,618,1367,37,153,21,219,22,21
"718","2020-03-17",20,9,153,275,6642,0.897922312556459,1980,7181,618,1367,37,190,71,290,22,71
"719","2020-03-18",35,9,156,347,6642,0.897922312556459,1980,7181,618,1367,62,252,68,358,55,68
"720","2020-03-19",48,9,194,423,6642,0.897922312556459,1980,7181,618,1367,55,307,79,437,41,79
"721","2020-03-20",71,9,198,502,6642,0.897922312556459,1980,7181,618,1367,61,368,18,455,52,18
"722","2020-03-21",116,9,215,581,6642,0.897922312556459,1980,7181,618,1367,83,451,21,476,75,21
"723","2020-03-22",141,9,231,719,6642,0.897922312556459,1980,7181,618,1367,81,532,40,516,69,40
"724","2020-03-23",164,9,262,835,6642,0.897922312556459,1980,7181,618,1367,96,628,15,531,90,15
"725","2020-03-24",183,9,279,940,6642,0.897922312556459,1980,7181,618,1367,84,712,59,590,75,59
"726","2020-03-25",203,9,272,1062,6642,0.897922312556459,1980,7181,618,1367,141,853,55,645,129,55
"727","2020-03-26",226,9,282,1155,6642,0.897922312556459,1980,7181,618,1367,139,992,49,694,125,49
"728","2020-03-27",325,9,249,1284,6642,0.897922312556459,1980,7181,618,1367,129,1121,33,727,121,33
"729","2020-03-28",349,9,243,1394,6642,0.897922312556459,1980,7181,618,1367,134,1255,19,746,122,19
"730","2020-03-29",407,9,249,1507,6642,0.897922312556459,1980,7181,618,1367,161,1416,55,801,155,55
"731","2020-03-30",412,9,271,1597,6642,0.897922312556459,1980,7181,618,1367,141,1557,36,837,126,36
"732","2020-03-31",420,9,258,1695,6642,0.897922312556459,1980,7181,618,1367,157,1714,20,857,145,20
"733","2020-04-01",438,9,227,1831,6642,0.897922312556459,1980,7181,618,1367,188,1902,36,893,181,36
"734","2020-04-02",465,9,231,1922,6642,0.897922312556459,1980,7181,618,1367,148,2050,21,914,138,21
"735","2020-04-03",646,9,215,1993,6642,0.897922312556459,1980,7181,618,1367,189,2239,35,949,182,35
"736","2020-04-04",664,9,205,2034,6642,0.897922312556459,1980,7181,618,1367,196,2435,41,990,190,41
"737","2020-04-05",582,9,213,2064,6642,0.897922312556459,1980,7181,618,1367,184,2619,63,1053,174,63
"738","2020-04-06",595,9,218,2089,6642,0.897922312556459,1980,7181,618,1367,181,2800,62,1115,174,62
"739","2020-04-07",616,9,248,2096,6642,0.897922312556459,1980,7181,618,1367,196,2996,78,1193,182,78
"740","2020-04-08",645,9,236,2070,6642,0.897922312556459,1980,7181,618,1367,175,3171,58,1251,165,58
"741","2020-04-09",653,9,204,2087,6642,0.897922312556459,1980,7181,618,1367,147,3318,39,1290,141,39
"742","2020-04-10",682,9,176,2053,6642,0.897922312556459,1980,7181,618,1367,149,3467,30,1320,143,30
"743","2020-04-11",688,9,162,2011,6642,0.897922312556459,1980,7181,618,1367,181,3648,14,1334,170,14
"744","2020-04-12",655,9,194,1944,6642,0.897922312556459,1980,7181,618,1367,128,3776,29,1363,117,29
"745","2020-04-13",653,9,245,1911,6642,0.897922312556459,1980,7181,618,1367,111,3887,35,1398,105,35
"746","2020-04-14",651,9,238,1839,6642,0.897922312556459,1980,7181,618,1367,126,4013,19,1417,117,19
"747","2020-04-15",644,9,264,1726,6642,0.897922312556459,1980,7181,618,1367,122,4135,36,1453,117,36
"748","2020-04-16",639,9,280,1638,6642,0.897922312556459,1980,7181,618,1367,89,4224,18,1471,81,18
"749","2020-04-17",631,9,241,1546,6642,0.897922312556459,1980,7181,618,1367,98,4322,21,1492,87,21
"750","2020-04-18",638,9,208,1472,6642,0.897922312556459,1980,7181,618,1367,142,4464,33,1525,133,33
"751","2020-04-19",578,9,197,1377,6642,0.897922312556459,1980,7181,618,1367,83,4547,32,1557,71,32
"752","2020-04-20",562,9,166,1300,6642,0.897922312556459,1980,7181,618,1367,103,4650,60,1617,97,60
"753","2020-04-21",519,9,168,1210,6642,0.897922312556459,1980,7181,618,1367,73,4723,34,1651,67,34
"754","2020-04-22",487,9,158,1141,6642,0.897922312556459,1980,7181,618,1367,83,4806,36,1687,75,36
"755","2020-04-23",456,9,165,1046,6642,0.897922312556459,1980,7181,618,1367,63,4869,20,1707,57,20
"756","2020-04-24",401,9,150,958,6642,0.897922312556459,1980,7181,618,1367,66,4935,23,1730,59,23
"757","2020-04-25",358,9,198,877,6642,0.897922312556459,1980,7181,618,1367,72,5007,22,1752,64,22
"758","2020-04-26",350,9,219,818,6642,0.897922312556459,1980,7181,618,1367,63,5070,43,1795,58,43
"759","2020-04-27",320,9,269,768,6642,0.897922312556459,1980,7181,618,1367,46,5116,24,1819,38,24
"760","2020-04-28",305,9,271,707,6642,0.897922312556459,1980,7181,618,1367,50,5166,27,1846,46,27
"761","2020-04-29",279,9,306,654,6642,0.897922312556459,1980,7181,618,1367,25,5191,18,1864,22,18
"762","2020-04-30",269,9,290,617,6642,0.897922312556459,1980,7181,618,1367,52,5243,24,1888,45,24
"763","2020-05-01",255,9,272,564,6642,0.897922312556459,1980,7181,618,1367,47,5290,15,1903,44,15
"764","2020-05-02",254,9,257,515,6642,0.897922312556459,1980,7181,618,1367,47,5337,17,1920,39,17
"765","2020-05-03",216,9,240,478,6642,0.897922312556459,1980,7181,618,1367,34,5371,24,1944,30,24
"766","2020-05-04",206,9,214,433,6642,0.897922312556459,1980,7181,618,1367,29,5400,60,2004,24,60
"767","2020-05-05",187,9,187,420,6642,0.897922312556459,1980,7181,618,1367,37,5437,50,2054,32,50
"768","2020-05-06",178,9,213,387,6642,0.897922312556459,1980,7181,618,1367,35,5472,23,2077,21,23
"769","2020-05-07",168,9,228,361,6642,0.897922312556459,1980,7181,618,1367,33,5505,26,2103,28,26
"770","2020-05-08",142,9,261,341,6642,0.897922312556459,1980,7181,618,1367,33,5538,15,2118,28,15
"771","2020-05-09",133,9,266,325,6642,0.897922312556459,1980,7181,618,1367,33,5571,53,2171,26,53
"772","2020-05-10",115,9,295,319,6642,0.897922312556459,1980,7181,618,1367,21,5592,14,2185,17,14
"773","2020-05-11",106,9,277,294,6642,0.897922312556459,1980,7181,618,1367,21,5613,11,2196,15,11
"774","2020-05-12",105,9,240,284,6642,0.897922312556459,1980,7181,618,1367,14,5627,17,2213,8,17
"775","2020-05-13",105,9,247,279,6642,0.897922312556459,1980,7181,618,1367,25,5652,28,2241,20,28
"776","2020-05-14",98,9,291,255,6642,0.897922312556459,1980,7181,618,1367,22,5674,30,2271,17,30
"777","2020-05-15",103,9,308,248,6642,0.897922312556459,1980,7181,618,1367,15,5689,28,2299,9,28
"778","2020-05-16",95,9,291,228,6642,0.897922312556459,1980,7181,618,1367,18,5707,67,2366,13,67
"779","2020-05-17",83,9,250,216,6642,0.897922312556459,1980,7181,618,1367,23,5730,54,2420,20,54
"780","2020-05-18",78,9,213,202,6642,0.897922312556459,1980,7181,618,1367,27,5757,25,2445,21,25
"781","2020-05-19",76,9,197,178,6642,0.897922312556459,1980,7181,618,1367,12,5769,17,2462,9,17
"782","2020-05-20",76,9,180,171,6642,0.897922312556459,1980,7181,618,1367,16,5785,13,2475,12,13
"783","2020-05-21",73,9,163,162,6642,0.897922312556459,1980,7181,618,1367,13,5798,16,2491,10,16
"784","2020-05-22",65,9,218,151,6642,0.897922312556459,1980,7181,618,1367,13,5811,78,2569,7,78
"785","2020-05-23",63,9,245,145,6642,0.897922312556459,1980,7181,618,1367,11,5822,31,2600,4,31
"786","2020-05-24",53,9,243,140,6642,0.897922312556459,1980,7181,618,1367,16,5838,34,2634,12,34
"787","2020-05-25",48,9,268,134,6642,0.897922312556459,1980,7181,618,1367,12,5850,23,2657,8,23
"788","2020-05-26",43,9,263,126,6642,0.897922312556459,1980,7181,618,1367,13,5863,17,2674,9,17
"789","2020-05-27",42,9,242,124,6642,0.897922312556459,1980,7181,618,1367,16,5879,22,2696,14,22
"790","2020-05-28",41,9,252,117,6642,0.897922312556459,1980,7181,618,1367,14,5893,12,2708,13,12
"791","2020-05-29",37,9,252,112,6642,0.897922312556459,1980,7181,618,1367,14,5907,41,2749,8,41
"792","2020-05-30",40,9,235,113,6642,0.897922312556459,1980,7181,618,1367,11,5918,35,2784,7,35
"793","2020-05-31",40,9,208,111,6642,0.897922312556459,1980,7181,618,1367,11,5929,17,2801,11,17
"794","2020-06-01",43,9,177,105,6642,0.897922312556459,1980,7181,618,1367,6,5935,9,2810,4,9
"795","2020-06-02",43,9,173,101,6642,0.897922312556459,1980,7181,618,1367,4,5939,32,2842,4,32
"796","2020-06-03",43,9,163,100,6642,0.897922312556459,1980,7181,618,1367,14,5953,20,2862,11,20
"797","2020-06-04",39,9,203,93,6642,0.897922312556459,1980,7181,618,1367,9,5962,41,2903,5,41
"798","2020-06-05",38,9,190,95,6642,0.897922312556459,1980,7181,618,1367,6,5968,32,2935,6,32
"799","2020-06-06",39,9,194,91,6642,0.897922312556459,1980,7181,618,1367,6,5974,33,2968,5,33
"800","2020-06-07",39,9,210,87,6642,0.897922312556459,1980,7181,618,1367,6,5980,20,2988,3,20
"801","2020-03-13",7,10,112,65,6581,0.840905637441118,2025,7473,672,1756,49,139,12,59,11,12
"802","2020-03-14",12,10,126,95,6581,0.840905637441118,2025,7473,672,1756,66,205,6,65,21,6
"803","2020-03-15",14,10,122,124,6581,0.840905637441118,2025,7473,672,1756,63,268,22,87,21,22
"804","2020-03-16",18,10,116,166,6581,0.840905637441118,2025,7473,672,1756,83,351,13,100,45,13
"805","2020-03-17",17,10,175,215,6581,0.840905637441118,2025,7473,672,1756,82,433,8,108,52,8
"806","2020-03-18",24,10,190,254,6581,0.840905637441118,2025,7473,672,1756,103,536,17,125,59,17
"807","2020-03-19",34,10,222,329,6581,0.840905637441118,2025,7473,672,1756,104,640,25,150,64,25
"808","2020-03-20",50,10,235,393,6581,0.840905637441118,2025,7473,672,1756,108,748,27,177,61,27
"809","2020-03-21",78,10,228,442,6581,0.840905637441118,2025,7473,672,1756,155,903,39,216,104,39
"810","2020-03-22",101,10,197,525,6581,0.840905637441118,2025,7473,672,1756,118,1021,18,234,78,18
"811","2020-03-23",107,10,165,605,6581,0.840905637441118,2025,7473,672,1756,138,1159,18,252,110,18
"812","2020-03-24",127,10,205,708,6581,0.840905637441118,2025,7473,672,1756,143,1302,42,294,99,42
"813","2020-03-25",147,10,225,781,6581,0.840905637441118,2025,7473,672,1756,142,1444,66,360,96,66
"814","2020-03-26",172,10,204,877,6581,0.840905637441118,2025,7473,672,1756,179,1623,48,408,130,48
"815","2020-03-27",239,10,194,992,6581,0.840905637441118,2025,7473,672,1756,161,1784,22,430,124,22
"816","2020-03-28",270,10,222,1107,6581,0.840905637441118,2025,7473,672,1756,162,1946,53,483,118,53
"817","2020-03-29",311,10,231,1199,6581,0.840905637441118,2025,7473,672,1756,175,2121,31,514,135,31
"818","2020-03-30",338,10,229,1342,6581,0.840905637441118,2025,7473,672,1756,150,2271,8,522,114,8
"819","2020-03-31",314,10,207,1415,6581,0.840905637441118,2025,7473,672,1756,157,2428,5,527,123,5
"820","2020-04-01",348,10,182,1515,6581,0.840905637441118,2025,7473,672,1756,161,2589,45,572,123,45
"821","2020-04-02",367,10,183,1626,6581,0.840905637441118,2025,7473,672,1756,145,2734,44,616,113,44
"822","2020-04-03",544,10,191,1734,6581,0.840905637441118,2025,7473,672,1756,152,2886,50,666,119,50
"823","2020-04-04",572,10,220,1819,6581,0.840905637441118,2025,7473,672,1756,157,3043,31,697,119,31
"824","2020-04-05",557,10,214,1881,6581,0.840905637441118,2025,7473,672,1756,159,3202,21,718,129,21
"825","2020-04-06",554,10,202,1953,6581,0.840905637441118,2025,7473,672,1756,135,3337,57,775,103,57
"826","2020-04-07",591,10,200,1998,6581,0.840905637441118,2025,7473,672,1756,169,3506,42,817,130,42
"827","2020-04-08",603,10,259,2016,6581,0.840905637441118,2025,7473,672,1756,167,3673,48,865,129,48
"828","2020-04-09",634,10,270,2059,6581,0.840905637441118,2025,7473,672,1756,135,3808,26,891,98,26
"829","2020-04-10",704,10,301,2073,6581,0.840905637441118,2025,7473,672,1756,126,3934,33,924,98,33
"830","2020-04-11",693,10,319,2085,6581,0.840905637441118,2025,7473,672,1756,107,4041,29,953,82,29
"831","2020-04-12",640,10,308,2081,6581,0.840905637441118,2025,7473,672,1756,118,4159,14,967,82,14
"832","2020-04-13",663,10,324,2065,6581,0.840905637441118,2025,7473,672,1756,114,4273,13,980,82,13
"833","2020-04-14",659,10,288,2005,6581,0.840905637441118,2025,7473,672,1756,125,4398,12,992,90,12
"834","2020-04-15",647,10,270,1941,6581,0.840905637441118,2025,7473,672,1756,98,4496,21,1013,65,21
"835","2020-04-16",634,10,257,1894,6581,0.840905637441118,2025,7473,672,1756,99,4595,30,1043,71,30
"836","2020-04-17",625,10,236,1817,6581,0.840905637441118,2025,7473,672,1756,90,4685,78,1121,64,78
"837","2020-04-18",668,10,219,1736,6581,0.840905637441118,2025,7473,672,1756,88,4773,60,1181,63,60
"838","2020-04-19",615,10,241,1657,6581,0.840905637441118,2025,7473,672,1756,75,4848,47,1228,52,47
"839","2020-04-20",593,10,233,1585,6581,0.840905637441118,2025,7473,672,1756,93,4941,14,1242,61,14
"840","2020-04-21",578,10,220,1485,6581,0.840905637441118,2025,7473,672,1756,111,5052,17,1259,84,17
"841","2020-04-22",576,10,230,1394,6581,0.840905637441118,2025,7473,672,1756,69,5121,56,1315,45,56
"842","2020-04-23",552,10,197,1287,6581,0.840905637441118,2025,7473,672,1756,67,5188,42,1357,46,42
"843","2020-04-24",550,10,200,1211,6581,0.840905637441118,2025,7473,672,1756,59,5247,57,1414,34,57
"844","2020-04-25",503,10,195,1114,6581,0.840905637441118,2025,7473,672,1756,48,5295,61,1475,27,61
"845","2020-04-26",459,10,212,1025,6581,0.840905637441118,2025,7473,672,1756,67,5362,26,1501,39,26
"846","2020-04-27",441,10,204,955,6581,0.840905637441118,2025,7473,672,1756,41,5403,27,1528,28,27
"847","2020-04-28",413,10,193,892,6581,0.840905637441118,2025,7473,672,1756,47,5450,25,1553,32,25
"848","2020-04-29",386,10,216,819,6581,0.840905637441118,2025,7473,672,1756,51,5501,18,1571,18,18
"849","2020-04-30",368,10,206,767,6581,0.840905637441118,2025,7473,672,1756,37,5538,21,1592,16,21
"850","2020-05-01",314,10,218,716,6581,0.840905637441118,2025,7473,672,1756,39,5577,16,1608,21,16
"851","2020-05-02",291,10,225,669,6581,0.840905637441118,2025,7473,672,1756,35,5612,24,1632,18,24
"852","2020-05-03",264,10,205,612,6581,0.840905637441118,2025,7473,672,1756,43,5655,50,1682,25,50
"853","2020-05-04",241,10,220,546,6581,0.840905637441118,2025,7473,672,1756,47,5702,38,1720,19,38
"854","2020-05-05",222,10,222,509,6581,0.840905637441118,2025,7473,672,1756,46,5748,26,1746,24,26
"855","2020-05-06",205,10,221,472,6581,0.840905637441118,2025,7473,672,1756,33,5781,51,1797,20,51
"856","2020-05-07",194,10,207,425,6581,0.840905637441118,2025,7473,672,1756,28,5809,16,1813,19,16
"857","2020-05-08",161,10,215,386,6581,0.840905637441118,2025,7473,672,1756,35,5844,18,1831,11,18
"858","2020-05-09",150,10,250,364,6581,0.840905637441118,2025,7473,672,1756,30,5874,39,1870,15,39
"859","2020-05-10",133,10,270,330,6581,0.840905637441118,2025,7473,672,1756,30,5904,24,1894,14,24
"860","2020-05-11",124,10,263,319,6581,0.840905637441118,2025,7473,672,1756,30,5934,11,1905,15,11
"861","2020-05-12",119,10,268,299,6581,0.840905637441118,2025,7473,672,1756,26,5960,12,1917,13,12
"862","2020-05-13",115,10,232,273,6581,0.840905637441118,2025,7473,672,1756,23,5983,12,1929,8,12
"863","2020-05-14",107,10,240,246,6581,0.840905637441118,2025,7473,672,1756,28,6011,8,1937,10,8
"864","2020-05-15",93,10,210,230,6581,0.840905637441118,2025,7473,672,1756,19,6030,5,1942,9,5
"865","2020-05-16",88,10,181,218,6581,0.840905637441118,2025,7473,672,1756,22,6052,15,1957,9,15
"866","2020-05-17",83,10,175,200,6581,0.840905637441118,2025,7473,672,1756,28,6080,38,1995,11,38
"867","2020-05-18",79,10,182,195,6581,0.840905637441118,2025,7473,672,1756,25,6105,61,2056,8,61
"868","2020-05-19",72,10,197,175,6581,0.840905637441118,2025,7473,672,1756,23,6128,62,2118,6,62
"869","2020-05-20",64,10,208,166,6581,0.840905637441118,2025,7473,672,1756,24,6152,22,2140,8,22
"870","2020-05-21",57,10,201,154,6581,0.840905637441118,2025,7473,672,1756,20,6172,19,2159,8,19
"871","2020-05-22",52,10,189,143,6581,0.840905637441118,2025,7473,672,1756,18,6190,43,2202,7,43
"872","2020-05-23",48,10,166,135,6581,0.840905637441118,2025,7473,672,1756,19,6209,26,2228,6,26
"873","2020-05-24",53,10,158,126,6581,0.840905637441118,2025,7473,672,1756,16,6225,54,2282,5,54
"874","2020-05-25",49,10,140,128,6581,0.840905637441118,2025,7473,672,1756,20,6245,27,2309,10,27
"875","2020-05-26",42,10,140,121,6581,0.840905637441118,2025,7473,672,1756,18,6263,8,2317,5,8
"876","2020-05-27",45,10,151,105,6581,0.840905637441118,2025,7473,672,1756,14,6277,11,2328,7,11
"877","2020-05-28",44,10,140,104,6581,0.840905637441118,2025,7473,672,1756,16,6293,9,2337,5,9
"878","2020-05-29",46,10,137,94,6581,0.840905637441118,2025,7473,672,1756,17,6310,5,2342,7,5
"879","2020-05-30",44,10,176,86,6581,0.840905637441118,2025,7473,672,1756,9,6319,2,2344,4,2
"880","2020-05-31",28,10,183,83,6581,0.840905637441118,2025,7473,672,1756,9,6328,9,2353,4,9
"881","2020-06-01",30,10,201,73,6581,0.840905637441118,2025,7473,672,1756,16,6344,36,2389,5,36
"882","2020-06-02",29,10,229,71,6581,0.840905637441118,2025,7473,672,1756,10,6354,14,2403,6,14
"883","2020-06-03",26,10,261,68,6581,0.840905637441118,2025,7473,672,1756,9,6363,28,2431,3,28
"884","2020-06-04",23,10,242,65,6581,0.840905637441118,2025,7473,672,1756,11,6374,19,2450,6,19
"885","2020-06-05",21,10,207,66,6581,0.840905637441118,2025,7473,672,1756,9,6383,10,2460,2,10
"886","2020-06-06",24,10,194,66,6581,0.840905637441118,2025,7473,672,1756,7,6390,12,2472,2,12
"887","2020-06-07",26,10,166,60,6581,0.840905637441118,2025,7473,672,1756,8,6398,18,2490,2,18
"888","2020-03-13",2,11,82,173,7852,0.591823739174733,2040,8099,752,1350,77,232,63,179,10,63
"889","2020-03-14",17,11,96,244,7852,0.591823739174733,2040,8099,752,1350,96,328,81,260,28,81
"890","2020-03-15",31,11,105,340,7852,0.591823739174733,2040,8099,752,1350,110,438,83,343,36,83
"891","2020-03-16",40,11,110,462,7852,0.591823739174733,2040,8099,752,1350,127,565,61,404,63,61
"892","2020-03-17",54,11,166,546,7852,0.591823739174733,2040,8099,752,1350,115,680,57,461,54,57
"893","2020-03-18",81,11,186,667,7852,0.591823739174733,2040,8099,752,1350,143,823,47,508,77,47
"894","2020-03-19",102,11,184,784,7852,0.591823739174733,2040,8099,752,1350,153,976,39,547,79,39
"895","2020-03-20",151,11,180,938,7852,0.591823739174733,2040,8099,752,1350,163,1139,45,592,89,45
"896","2020-03-21",185,11,189,1078,7852,0.591823739174733,2040,8099,752,1350,166,1305,35,627,97,35
"897","2020-03-22",294,11,251,1239,7852,0.591823739174733,2040,8099,752,1350,164,1469,39,666,101,39
"898","2020-03-23",320,11,261,1348,7852,0.591823739174733,2040,8099,752,1350,153,1622,38,704,95,38
"899","2020-03-24",312,11,240,1445,7852,0.591823739174733,2040,8099,752,1350,177,1799,42,746,96,42
"900","2020-03-25",337,11,215,1609,7852,0.591823739174733,2040,8099,752,1350,164,1963,44,790,102,44
"901","2020-03-26",375,11,219,1754,7852,0.591823739174733,2040,8099,752,1350,144,2107,34,824,88,34
"902","2020-03-27",608,11,203,1878,7852,0.591823739174733,2040,8099,752,1350,193,2300,32,856,141,32
"903","2020-03-28",633,11,189,1984,7852,0.591823739174733,2040,8099,752,1350,156,2456,47,903,102,47
"904","2020-03-29",560,11,145,2061,7852,0.591823739174733,2040,8099,752,1350,186,2642,48,951,126,48
"905","2020-03-30",584,11,125,2123,7852,0.591823739174733,2040,8099,752,1350,198,2840,44,995,131,44
"906","2020-03-31",612,11,109,2195,7852,0.591823739174733,2040,8099,752,1350,200,3040,31,1026,125,31
"907","2020-04-01",644,11,132,2217,7852,0.591823739174733,2040,8099,752,1350,173,3213,38,1064,112,38
"908","2020-04-02",650,11,203,2269,7852,0.591823739174733,2040,8099,752,1350,152,3365,51,1115,94,51
"909","2020-04-03",734,11,247,2300,7852,0.591823739174733,2040,8099,752,1350,154,3519,31,1146,108,31
"910","2020-04-04",806,11,240,2312,7852,0.591823739174733,2040,8099,752,1350,168,3687,22,1168,115,22
"911","2020-04-05",743,11,224,2328,7852,0.591823739174733,2040,8099,752,1350,147,3834,34,1202,92,34
"912","2020-04-06",730,11,258,2285,7852,0.591823739174733,2040,8099,752,1350,143,3977,46,1248,75,46
"913","2020-04-07",736,11,298,2256,7852,0.591823739174733,2040,8099,752,1350,133,4110,36,1284,89,36
"914","2020-04-08",718,11,292,2217,7852,0.591823739174733,2040,8099,752,1350,132,4242,36,1320,73,36
"915","2020-04-09",731,11,271,2189,7852,0.591823739174733,2040,8099,752,1350,134,4376,38,1358,85,38
"916","2020-04-10",762,11,239,2081,7852,0.591823739174733,2040,8099,752,1350,121,4497,45,1403,62,45
"917","2020-04-11",713,11,220,2013,7852,0.591823739174733,2040,8099,752,1350,116,4613,48,1451,60,48
"918","2020-04-12",655,11,209,1929,7852,0.591823739174733,2040,8099,752,1350,117,4730,25,1476,74,25
"919","2020-04-13",640,11,188,1835,7852,0.591823739174733,2040,8099,752,1350,119,4849,26,1502,72,26
"920","2020-04-14",607,11,193,1747,7852,0.591823739174733,2040,8099,752,1350,95,4944,31,1533,43,31
"921","2020-04-15",605,11,204,1650,7852,0.591823739174733,2040,8099,752,1350,79,5023,29,1562,33,29
"922","2020-04-16",585,11,201,1558,7852,0.591823739174733,2040,8099,752,1350,86,5109,23,1585,37,23
"923","2020-04-17",532,11,205,1454,7852,0.591823739174733,2040,8099,752,1350,67,5176,35,1620,31,35
"924","2020-04-18",517,11,189,1344,7852,0.591823739174733,2040,8099,752,1350,93,5269,34,1654,47,34
"925","2020-04-19",484,11,162,1231,7852,0.591823739174733,2040,8099,752,1350,75,5344,35,1689,38,35
"926","2020-04-20",480,11,171,1164,7852,0.591823739174733,2040,8099,752,1350,77,5421,45,1734,31,45
"927","2020-04-21",468,11,211,1072,7852,0.591823739174733,2040,8099,752,1350,68,5489,41,1775,32,41
"928","2020-04-22",442,11,223,1010,7852,0.591823739174733,2040,8099,752,1350,70,5559,30,1805,29,30
"929","2020-04-23",428,11,205,931,7852,0.591823739174733,2040,8099,752,1350,72,5631,40,1845,29,40
"930","2020-04-24",376,11,210,843,7852,0.591823739174733,2040,8099,752,1350,76,5707,26,1871,34,26
"931","2020-04-25",344,11,205,776,7852,0.591823739174733,2040,8099,752,1350,66,5773,28,1899,20,28
"932","2020-04-26",315,11,233,745,7852,0.591823739174733,2040,8099,752,1350,53,5826,20,1919,22,20
"933","2020-04-27",291,11,258,703,7852,0.591823739174733,2040,8099,752,1350,57,5883,27,1946,23,27
"934","2020-04-28",271,11,235,653,7852,0.591823739174733,2040,8099,752,1350,63,5946,30,1976,29,30
"935","2020-04-29",254,11,265,624,7852,0.591823739174733,2040,8099,752,1350,51,5997,44,2020,13,44
"936","2020-04-30",234,11,293,590,7852,0.591823739174733,2040,8099,752,1350,47,6044,41,2061,21,41
"937","2020-05-01",209,11,309,548,7852,0.591823739174733,2040,8099,752,1350,47,6091,32,2093,16,32
"938","2020-05-02",209,11,309,514,7852,0.591823739174733,2040,8099,752,1350,46,6137,33,2126,16,33
"939","2020-05-03",188,11,302,488,7852,0.591823739174733,2040,8099,752,1350,50,6187,39,2165,10,39
"940","2020-05-04",179,11,322,450,7852,0.591823739174733,2040,8099,752,1350,37,6224,33,2198,13,33
"941","2020-05-05",168,11,336,421,7852,0.591823739174733,2040,8099,752,1350,39,6263,27,2225,10,27
"942","2020-05-06",159,11,328,403,7852,0.591823739174733,2040,8099,752,1350,54,6317,34,2259,19,34
"943","2020-05-07",148,11,294,392,7852,0.591823739174733,2040,8099,752,1350,43,6360,31,2290,10,31
"944","2020-05-08",134,11,265,360,7852,0.591823739174733,2040,8099,752,1350,39,6399,33,2323,9,33
"945","2020-05-09",116,11,304,363,7852,0.591823739174733,2040,8099,752,1350,34,6433,30,2353,5,30
"946","2020-05-10",115,11,319,338,7852,0.591823739174733,2040,8099,752,1350,37,6470,28,2381,7,28
"947","2020-05-11",114,11,301,325,7852,0.591823739174733,2040,8099,752,1350,36,6506,30,2411,10,30
"948","2020-05-12",108,11,279,301,7852,0.591823739174733,2040,8099,752,1350,36,6542,27,2438,5,27
"949","2020-05-13",102,11,248,281,7852,0.591823739174733,2040,8099,752,1350,20,6562,31,2469,5,31
"950","2020-05-14",101,11,229,287,7852,0.591823739174733,2040,8099,752,1350,29,6591,21,2490,11,21
"951","2020-05-15",100,11,236,273,7852,0.591823739174733,2040,8099,752,1350,27,6618,32,2522,7,32
"952","2020-05-16",115,11,248,259,7852,0.591823739174733,2040,8099,752,1350,27,6645,50,2572,8,50
"953","2020-05-17",101,11,256,254,7852,0.591823739174733,2040,8099,752,1350,20,6665,51,2623,6,51
"954","2020-05-18",84,11,233,243,7852,0.591823739174733,2040,8099,752,1350,17,6682,39,2662,5,39
"955","2020-05-19",83,11,212,242,7852,0.591823739174733,2040,8099,752,1350,28,6710,50,2712,6,50
"956","2020-05-20",92,11,215,223,7852,0.591823739174733,2040,8099,752,1350,12,6722,50,2762,2,50
"957","2020-05-21",93,11,239,205,7852,0.591823739174733,2040,8099,752,1350,18,6740,37,2799,6,37
"958","2020-05-22",88,11,252,194,7852,0.591823739174733,2040,8099,752,1350,16,6756,47,2846,2,47
"959","2020-05-23",75,11,237,187,7852,0.591823739174733,2040,8099,752,1350,17,6773,31,2877,6,31
"960","2020-05-24",63,11,217,172,7852,0.591823739174733,2040,8099,752,1350,12,6785,36,2913,2,36
"961","2020-05-25",64,11,204,157,7852,0.591823739174733,2040,8099,752,1350,19,6804,31,2944,6,31
"962","2020-05-26",60,11,195,149,7852,0.591823739174733,2040,8099,752,1350,22,6826,32,2976,5,32
"963","2020-05-27",49,11,177,154,7852,0.591823739174733,2040,8099,752,1350,13,6839,68,3044,4,68
"964","2020-05-28",39,11,209,139,7852,0.591823739174733,2040,8099,752,1350,17,6856,37,3081,4,37
"965","2020-05-29",38,11,221,134,7852,0.591823739174733,2040,8099,752,1350,8,6864,44,3125,3,44
"966","2020-05-30",38,11,249,138,7852,0.591823739174733,2040,8099,752,1350,13,6877,39,3164,5,39
"967","2020-05-31",44,11,263,133,7852,0.591823739174733,2040,8099,752,1350,13,6890,48,3212,3,48
"968","2020-06-01",42,11,257,124,7852,0.591823739174733,2040,8099,752,1350,6,6896,47,3259,1,47
"969","2020-06-02",46,11,279,124,7852,0.591823739174733,2040,8099,752,1350,7,6903,37,3296,1,37
"970","2020-06-03",43,11,305,121,7852,0.591823739174733,2040,8099,752,1350,9,6912,40,3336,3,40
"971","2020-06-04",44,11,301,115,7852,0.591823739174733,2040,8099,752,1350,4,6916,35,3371,1,35
"972","2020-06-05",47,11,267,108,7852,0.591823739174733,2040,8099,752,1350,7,6923,48,3419,NA,48
"973","2020-06-06",52,11,225,110,7852,0.591823739174733,2040,8099,752,1350,8,6931,41,3460,3,41
"974","2020-06-07",41,11,206,102,7852,0.591823739174733,2040,8099,752,1350,4,6935,24,3484,1,24
"975","2020-03-13",10,12,109,198,7577,0.370859179094628,2010,8935,744,1293,41,124,5,41,13,5
"976","2020-03-14",18,12,119,277,7577,0.370859179094628,2010,8935,744,1293,68,192,4,45,26,4
"977","2020-03-15",46,12,128,372,7577,0.370859179094628,2010,8935,744,1293,68,260,37,82,24,37
"978","2020-03-16",62,12,155,469,7577,0.370859179094628,2010,8935,744,1293,61,321,20,102,26,20
"979","2020-03-17",72,12,166,566,7577,0.370859179094628,2010,8935,744,1293,93,414,7,109,60,7
"980","2020-03-18",99,12,173,691,7577,0.370859179094628,2010,8935,744,1293,75,489,13,122,46,13
"981","2020-03-19",130,12,179,798,7577,0.370859179094628,2010,8935,744,1293,89,578,51,173,55,51
"982","2020-03-20",183,12,203,887,7577,0.370859179094628,2010,8935,744,1293,99,677,16,189,64,16
"983","2020-03-21",244,12,219,975,7577,0.370859179094628,2010,8935,744,1293,92,769,15,204,66,15
"984","2020-03-22",266,12,227,1062,7577,0.370859179094628,2010,8935,744,1293,91,860,18,222,62,18
"985","2020-03-23",273,12,248,1155,7577,0.370859179094628,2010,8935,744,1293,115,975,28,250,81,28
"986","2020-03-24",296,12,235,1242,7577,0.370859179094628,2010,8935,744,1293,116,1091,38,288,85,38
"987","2020-03-25",310,12,213,1281,7577,0.370859179094628,2010,8935,744,1293,155,1246,38,326,119,38
"988","2020-03-26",335,12,218,1338,7577,0.370859179094628,2010,8935,744,1293,100,1346,10,336,62,10
"989","2020-03-27",427,12,212,1374,7577,0.370859179094628,2010,8935,744,1293,124,1470,12,348,98,12
"990","2020-03-28",451,12,195,1400,7577,0.370859179094628,2010,8935,744,1293,143,1613,14,362,112,14
"991","2020-03-29",445,12,181,1476,7577,0.370859179094628,2010,8935,744,1293,126,1739,67,429,87,67
"992","2020-03-30",440,12,181,1506,7577,0.370859179094628,2010,8935,744,1293,126,1865,26,455,90,26
"993","2020-03-31",448,12,182,1556,7577,0.370859179094628,2010,8935,744,1293,141,2006,27,482,108,27
"994","2020-04-01",464,12,219,1565,7577,0.370859179094628,2010,8935,744,1293,129,2135,67,549,95,67
"995","2020-04-02",472,12,196,1574,7577,0.370859179094628,2010,8935,744,1293,165,2300,57,606,124,57
"996","2020-04-03",521,12,195,1557,7577,0.370859179094628,2010,8935,744,1293,100,2400,11,617,76,11
"997","2020-04-04",511,12,185,1582,7577,0.370859179094628,2010,8935,744,1293,162,2562,13,630,128,13
"998","2020-04-05",505,12,175,1569,7577,0.370859179094628,2010,8935,744,1293,114,2676,69,699,82,69
"999","2020-04-06",513,12,180,1576,7577,0.370859179094628,2010,8935,744,1293,116,2792,57,756,74,57
"1000","2020-04-07",505,12,194,1548,7577,0.370859179094628,2010,8935,744,1293,137,2929,37,793,114,37
"1001","2020-04-08",496,12,238,1508,7577,0.370859179094628,2010,8935,744,1293,148,3077,24,817,114,24
"1002","2020-04-09",493,12,218,1478,7577,0.370859179094628,2010,8935,744,1293,127,3204,28,845,88,28
"1003","2020-04-10",542,12,199,1434,7577,0.370859179094628,2010,8935,744,1293,109,3313,56,901,81,56
"1004","2020-04-11",546,12,178,1406,7577,0.370859179094628,2010,8935,744,1293,123,3436,40,941,92,40
"1005","2020-04-12",479,12,173,1355,7577,0.370859179094628,2010,8935,744,1293,126,3562,34,975,92,34
"1006","2020-04-13",463,12,182,1328,7577,0.370859179094628,2010,8935,744,1293,127,3689,24,999,87,24
"1007","2020-04-14",452,12,186,1292,7577,0.370859179094628,2010,8935,744,1293,103,3792,43,1042,72,43
"1008","2020-04-15",439,12,190,1260,7577,0.370859179094628,2010,8935,744,1293,114,3906,31,1073,74,31
"1009","2020-04-16",425,12,190,1246,7577,0.370859179094628,2010,8935,744,1293,98,4004,35,1108,70,35
"1010","2020-04-17",386,12,174,1220,7577,0.370859179094628,2010,8935,744,1293,88,4092,38,1146,65,38
"1011","2020-04-18",398,12,191,1188,7577,0.370859179094628,2010,8935,744,1293,102,4194,72,1218,72,72
"1012","2020-04-19",375,12,226,1151,7577,0.370859179094628,2010,8935,744,1293,82,4276,25,1243,65,25
"1013","2020-04-20",367,12,254,1126,7577,0.370859179094628,2010,8935,744,1293,86,4362,25,1268,57,25
"1014","2020-04-21",346,12,240,1106,7577,0.370859179094628,2010,8935,744,1293,91,4453,15,1283,55,15
"1015","2020-04-22",336,12,217,1090,7577,0.370859179094628,2010,8935,744,1293,80,4533,17,1300,53,17
"1016","2020-04-23",329,12,197,1053,7577,0.370859179094628,2010,8935,744,1293,76,4609,15,1315,36,15
"1017","2020-04-24",364,12,207,1050,7577,0.370859179094628,2010,8935,744,1293,72,4681,11,1326,46,11
"1018","2020-04-25",345,12,218,1011,7577,0.370859179094628,2010,8935,744,1293,73,4754,36,1362,42,36
"1019","2020-04-26",333,12,223,985,7577,0.370859179094628,2010,8935,744,1293,66,4820,19,1381,39,19
"1020","2020-04-27",322,12,248,972,7577,0.370859179094628,2010,8935,744,1293,64,4884,9,1390,44,9
"1021","2020-04-28",314,12,270,936,7577,0.370859179094628,2010,8935,744,1293,46,4930,13,1403,26,13
"1022","2020-04-29",308,12,258,917,7577,0.370859179094628,2010,8935,744,1293,57,4987,19,1422,33,19
"1023","2020-04-30",310,12,250,887,7577,0.370859179094628,2010,8935,744,1293,45,5032,13,1435,31,13
"1024","2020-05-01",294,12,268,874,7577,0.370859179094628,2010,8935,744,1293,53,5085,15,1450,38,15
"1025","2020-05-02",284,12,256,850,7577,0.370859179094628,2010,8935,744,1293,55,5140,7,1457,28,7
"1026","2020-05-03",283,12,280,830,7577,0.370859179094628,2010,8935,744,1293,44,5184,9,1466,27,9
"1027","2020-05-04",282,12,289,804,7577,0.370859179094628,2010,8935,744,1293,47,5231,77,1543,31,77
"1028","2020-05-05",282,12,267,788,7577,0.370859179094628,2010,8935,744,1293,39,5270,74,1617,19,74
"1029","2020-05-06",290,12,252,757,7577,0.370859179094628,2010,8935,744,1293,37,5307,35,1652,17,35
"1030","2020-05-07",269,12,264,731,7577,0.370859179094628,2010,8935,744,1293,45,5352,29,1681,26,29
"1031","2020-05-08",275,12,250,715,7577,0.370859179094628,2010,8935,744,1293,32,5384,76,1757,16,76
"1032","2020-05-09",275,12,272,691,7577,0.370859179094628,2010,8935,744,1293,45,5429,22,1779,23,22
"1033","2020-05-10",244,12,272,667,7577,0.370859179094628,2010,8935,744,1293,40,5469,21,1800,30,21
"1034","2020-05-11",222,12,263,643,7577,0.370859179094628,2010,8935,744,1293,43,5512,15,1815,27,15
"1035","2020-05-12",203,12,235,624,7577,0.370859179094628,2010,8935,744,1293,24,5536,51,1866,10,51
"1036","2020-05-13",190,12,230,590,7577,0.370859179094628,2010,8935,744,1293,33,5569,23,1889,16,23
"1037","2020-05-14",189,12,223,556,7577,0.370859179094628,2010,8935,744,1293,19,5588,21,1910,10,21
"1038","2020-05-15",173,12,231,527,7577,0.370859179094628,2010,8935,744,1293,24,5612,45,1955,10,45
"1039","2020-05-16",166,12,253,508,7577,0.370859179094628,2010,8935,744,1293,22,5634,36,1991,14,36
"1040","2020-05-17",158,12,236,496,7577,0.370859179094628,2010,8935,744,1293,20,5654,25,2016,10,25
"1041","2020-05-18",159,12,234,481,7577,0.370859179094628,2010,8935,744,1293,27,5681,18,2034,12,18
"1042","2020-05-19",152,12,255,467,7577,0.370859179094628,2010,8935,744,1293,25,5706,23,2057,10,23
"1043","2020-05-20",149,12,276,442,7577,0.370859179094628,2010,8935,744,1293,31,5737,12,2069,10,12
"1044","2020-05-21",144,12,277,428,7577,0.370859179094628,2010,8935,744,1293,18,5755,60,2129,8,60
"1045","2020-05-22",127,12,266,416,7577,0.370859179094628,2010,8935,744,1293,17,5772,24,2153,8,24
"1046","2020-05-23",130,12,261,399,7577,0.370859179094628,2010,8935,744,1293,19,5791,20,2173,7,20
"1047","2020-05-24",121,12,239,392,7577,0.370859179094628,2010,8935,744,1293,20,5811,23,2196,8,23
"1048","2020-05-25",113,12,235,370,7577,0.370859179094628,2010,8935,744,1293,22,5833,24,2220,14,24
"1049","2020-05-26",109,12,222,345,7577,0.370859179094628,2010,8935,744,1293,22,5855,33,2253,10,33
"1050","2020-05-27",114,12,212,328,7577,0.370859179094628,2010,8935,744,1293,16,5871,24,2277,7,24
"1051","2020-05-28",109,12,224,309,7577,0.370859179094628,2010,8935,744,1293,16,5887,20,2297,9,20
"1052","2020-05-29",117,12,215,293,7577,0.370859179094628,2010,8935,744,1293,17,5904,20,2317,7,20
"1053","2020-05-30",112,12,209,273,7577,0.370859179094628,2010,8935,744,1293,19,5923,48,2365,8,48
"1054","2020-05-31",108,12,192,253,7577,0.370859179094628,2010,8935,744,1293,11,5934,28,2393,7,28
"1055","2020-06-01",108,12,185,248,7577,0.370859179094628,2010,8935,744,1293,20,5954,17,2410,7,17
"1056","2020-06-02",103,12,173,239,7577,0.370859179094628,2010,8935,744,1293,13,5967,53,2463,6,53
"1057","2020-06-03",90,12,171,222,7577,0.370859179094628,2010,8935,744,1293,36,6003,24,2487,20,24
"1058","2020-06-04",88,12,214,206,7577,0.370859179094628,2010,8935,744,1293,11,6014,51,2538,8,51
"1059","2020-06-05",81,12,217,188,7577,0.370859179094628,2010,8935,744,1293,12,6026,34,2572,1,34
"1060","2020-06-06",86,12,237,179,7577,0.370859179094628,2010,8935,744,1293,18,6044,33,2605,8,33
"1061","2020-06-07",67,12,225,172,7577,0.370859179094628,2010,8935,744,1293,21,6065,28,2633,13,28
"1062","2020-03-07",2,13,0,0,6489,0.775312066574202,2040,7277,667,1042,NA,NA,NA,NA,NA,NA
"1063","2020-03-08",2,13,0,0,6489,0.775312066574202,2040,7277,667,1042,NA,NA,NA,NA,NA,NA
"1064","2020-03-09",0,13,0,0,6489,0.775312066574202,2040,7277,667,1042,NA,NA,NA,NA,NA,NA
"1065","2020-03-10",0,13,0,0,6489,0.775312066574202,2040,7277,667,1042,NA,NA,6,6,NA,6
"1066","2020-03-11",0,13,0,0,6489,0.775312066574202,2040,7277,667,1042,45,45,23,29,NA,23
"1067","2020-03-12",0,13,0,0,6489,0.775312066574202,2040,7277,667,1042,53,98,15,44,1,15
"1068","2020-03-13",0,13,0,0,6489,0.775312066574202,2040,7277,667,1042,51,149,16,60,3,16
"1069","2020-03-14",7,13,98,94,6489,0.775312066574202,2040,7277,667,1042,69,218,29,89,19,29
"1070","2020-03-15",13,13,135,132,6489,0.775312066574202,2040,7277,667,1042,76,294,19,108,29,19
"1071","2020-03-16",15,13,173,172,6489,0.775312066574202,2040,7277,667,1042,81,375,23,131,28,23
"1072","2020-03-17",18,13,185,218,6489,0.775312066574202,2040,7277,667,1042,88,463,35,166,36,35
"1073","2020-03-18",24,13,207,278,6489,0.775312066574202,2040,7277,667,1042,87,550,18,184,49,18
"1074","2020-03-19",33,13,220,351,6489,0.775312066574202,2040,7277,667,1042,130,680,17,201,64,17
"1075","2020-03-20",58,13,232,432,6489,0.775312066574202,2040,7277,667,1042,124,804,24,225,83,24
"1076","2020-03-21",78,13,248,526,6489,0.775312066574202,2040,7277,667,1042,128,932,27,252,92,27
"1077","2020-03-22",133,13,236,598,6489,0.775312066574202,2040,7277,667,1042,129,1061,20,272,90,20
"1078","2020-03-23",149,13,223,674,6489,0.775312066574202,2040,7277,667,1042,129,1190,27,299,77,27
"1079","2020-03-24",156,13,219,764,6489,0.775312066574202,2040,7277,667,1042,129,1319,19,318,89,19
"1080","2020-03-25",174,13,241,852,6489,0.775312066574202,2040,7277,667,1042,128,1447,29,347,75,29
"1081","2020-03-26",190,13,267,954,6489,0.775312066574202,2040,7277,667,1042,135,1582,33,380,92,33
"1082","2020-03-27",300,13,271,1070,6489,0.775312066574202,2040,7277,667,1042,159,1741,39,419,116,39
"1083","2020-03-28",315,13,257,1158,6489,0.775312066574202,2040,7277,667,1042,168,1909,24,443,128,24
"1084","2020-03-29",326,13,243,1241,6489,0.775312066574202,2040,7277,667,1042,146,2055,21,464,111,21
"1085","2020-03-30",350,13,218,1349,6489,0.775312066574202,2040,7277,667,1042,128,2183,29,493,87,29
"1086","2020-03-31",341,13,224,1473,6489,0.775312066574202,2040,7277,667,1042,148,2331,22,515,105,22
"1087","2020-04-01",360,13,236,1543,6489,0.775312066574202,2040,7277,667,1042,167,2498,35,550,124,35
"1088","2020-04-02",406,13,229,1637,6489,0.775312066574202,2040,7277,667,1042,187,2685,33,583,141,33
"1089","2020-04-03",498,13,218,1722,6489,0.775312066574202,2040,7277,667,1042,150,2835,44,627,95,44
"1090","2020-04-04",560,13,228,1820,6489,0.775312066574202,2040,7277,667,1042,146,2981,39,666,95,39
"1091","2020-04-05",551,13,250,1889,6489,0.775312066574202,2040,7277,667,1042,145,3126,35,701,107,35
"1092","2020-04-06",537,13,279,1956,6489,0.775312066574202,2040,7277,667,1042,149,3275,14,715,97,14
"1093","2020-04-07",553,13,281,1976,6489,0.775312066574202,2040,7277,667,1042,148,3423,19,734,102,19
"1094","2020-04-08",590,13,285,1975,6489,0.775312066574202,2040,7277,667,1042,136,3559,20,754,93,20
"1095","2020-04-09",591,13,304,2011,6489,0.775312066574202,2040,7277,667,1042,151,3710,20,774,105,20
"1096","2020-04-10",719,13,325,2014,6489,0.775312066574202,2040,7277,667,1042,126,3836,46,820,86,46
"1097","2020-04-11",749,13,333,1992,6489,0.775312066574202,2040,7277,667,1042,107,3943,28,848,75,28
"1098","2020-04-12",683,13,325,1957,6489,0.775312066574202,2040,7277,667,1042,105,4048,59,907,54,59
"1099","2020-04-13",681,13,296,1932,6489,0.775312066574202,2040,7277,667,1042,98,4146,32,939,63,32
"1100","2020-04-14",679,13,280,1901,6489,0.775312066574202,2040,7277,667,1042,113,4259,16,955,80,16
"1101","2020-04-15",680,13,272,1809,6489,0.775312066574202,2040,7277,667,1042,101,4360,13,968,63,13
"1102","2020-04-16",678,13,248,1714,6489,0.775312066574202,2040,7277,667,1042,111,4471,27,995,65,27
"1103","2020-04-17",636,13,236,1651,6489,0.775312066574202,2040,7277,667,1042,95,4566,23,1018,61,23
"1104","2020-04-18",609,13,240,1575,6489,0.775312066574202,2040,7277,667,1042,86,4652,20,1038,53,20
"1105","2020-04-19",568,13,232,1492,6489,0.775312066574202,2040,7277,667,1042,96,4748,18,1056,64,18
"1106","2020-04-20",557,13,240,1389,6489,0.775312066574202,2040,7277,667,1042,69,4817,17,1073,38,17
"1107","2020-04-21",541,13,273,1304,6489,0.775312066574202,2040,7277,667,1042,82,4899,8,1081,47,8
"1108","2020-04-22",510,13,308,1218,6489,0.775312066574202,2040,7277,667,1042,56,4955,45,1126,27,45
"1109","2020-04-23",483,13,316,1139,6489,0.775312066574202,2040,7277,667,1042,69,5024,41,1167,39,41
"1110","2020-04-24",414,13,299,1050,6489,0.775312066574202,2040,7277,667,1042,67,5091,54,1221,31,54
"1111","2020-04-25",377,13,290,963,6489,0.775312066574202,2040,7277,667,1042,62,5153,46,1267,32,46
"1112","2020-04-26",358,13,267,904,6489,0.775312066574202,2040,7277,667,1042,79,5232,46,1313,38,46
"1113","2020-04-27",344,13,279,826,6489,0.775312066574202,2040,7277,667,1042,65,5297,32,1345,31,32
"1114","2020-04-28",323,13,276,763,6489,0.775312066574202,2040,7277,667,1042,50,5347,27,1372,22,27
"1115","2020-04-29",302,13,274,726,6489,0.775312066574202,2040,7277,667,1042,63,5410,21,1393,37,21
"1116","2020-04-30",286,13,269,680,6489,0.775312066574202,2040,7277,667,1042,48,5458,20,1413,21,20
"1117","2020-05-01",264,13,265,631,6489,0.775312066574202,2040,7277,667,1042,37,5495,21,1434,16,21
"1118","2020-05-02",251,13,262,585,6489,0.775312066574202,2040,7277,667,1042,34,5529,25,1459,13,25
"1119","2020-05-03",214,13,262,538,6489,0.775312066574202,2040,7277,667,1042,44,5573,14,1473,18,14
"1120","2020-05-04",192,13,246,492,6489,0.775312066574202,2040,7277,667,1042,45,5618,12,1485,20,12
"1121","2020-05-05",190,13,277,461,6489,0.775312066574202,2040,7277,667,1042,41,5659,21,1506,20,21
"1122","2020-05-06",172,13,284,418,6489,0.775312066574202,2040,7277,667,1042,34,5693,57,1563,18,57
"1123","2020-05-07",165,13,293,384,6489,0.775312066574202,2040,7277,667,1042,30,5723,51,1614,14,51
"1124","2020-05-08",137,13,328,346,6489,0.775312066574202,2040,7277,667,1042,37,5760,35,1649,15,35
"1125","2020-05-09",135,13,309,337,6489,0.775312066574202,2040,7277,667,1042,29,5789,19,1668,13,19
"1126","2020-05-10",131,13,301,315,6489,0.775312066574202,2040,7277,667,1042,38,5827,16,1684,10,16
"1127","2020-05-11",128,13,297,298,6489,0.775312066574202,2040,7277,667,1042,29,5856,25,1709,8,25
"1128","2020-05-12",113,13,311,280,6489,0.775312066574202,2040,7277,667,1042,31,5887,63,1772,17,63
"1129","2020-05-13",111,13,305,265,6489,0.775312066574202,2040,7277,667,1042,24,5911,41,1813,4,41
"1130","2020-05-14",102,13,306,236,6489,0.775312066574202,2040,7277,667,1042,38,5949,26,1839,13,26
"1131","2020-05-15",98,13,300,230,6489,0.775312066574202,2040,7277,667,1042,28,5977,16,1855,7,16
"1132","2020-05-16",87,13,274,218,6489,0.775312066574202,2040,7277,667,1042,31,6008,33,1888,11,33
"1133","2020-05-17",85,13,262,208,6489,0.775312066574202,2040,7277,667,1042,25,6033,30,1918,8,30
"1134","2020-05-18",80,13,273,198,6489,0.775312066574202,2040,7277,667,1042,21,6054,46,1964,8,46
"1135","2020-05-19",65,13,268,189,6489,0.775312066574202,2040,7277,667,1042,28,6082,48,2012,9,48
"1136","2020-05-20",67,13,276,186,6489,0.775312066574202,2040,7277,667,1042,23,6105,66,2078,10,66
"1137","2020-05-21",59,13,262,173,6489,0.775312066574202,2040,7277,667,1042,23,6128,34,2112,11,34
"1138","2020-05-22",64,13,241,169,6489,0.775312066574202,2040,7277,667,1042,25,6153,19,2131,10,19
"1139","2020-05-23",59,13,219,170,6489,0.775312066574202,2040,7277,667,1042,22,6175,19,2150,10,19
"1140","2020-05-24",52,13,215,170,6489,0.775312066574202,2040,7277,667,1042,13,6188,10,2160,7,10
"1141","2020-05-25",55,13,242,165,6489,0.775312066574202,2040,7277,667,1042,13,6201,8,2168,2,8
"1142","2020-05-26",53,13,264,168,6489,0.775312066574202,2040,7277,667,1042,13,6214,17,2185,3,17
"1143","2020-05-27",47,13,278,163,6489,0.775312066574202,2040,7277,667,1042,10,6224,10,2195,3,10
"1144","2020-05-28",50,13,271,158,6489,0.775312066574202,2040,7277,667,1042,17,6241,9,2204,7,9
"1145","2020-05-29",45,13,271,153,6489,0.775312066574202,2040,7277,667,1042,14,6255,9,2213,4,9
"1146","2020-05-30",49,13,265,150,6489,0.775312066574202,2040,7277,667,1042,12,6267,11,2224,4,11
"1147","2020-05-31",51,13,272,135,6489,0.775312066574202,2040,7277,667,1042,14,6281,36,2260,2,36
"1148","2020-06-01",48,13,276,137,6489,0.775312066574202,2040,7277,667,1042,12,6293,42,2302,3,42
"1149","2020-06-02",45,13,279,133,6489,0.775312066574202,2040,7277,667,1042,12,6305,15,2317,2,15
"1150","2020-06-03",47,13,294,124,6489,0.775312066574202,2040,7277,667,1042,12,6317,15,2332,5,15
"1151","2020-06-04",40,13,296,116,6489,0.775312066574202,2040,7277,667,1042,10,6327,30,2362,4,30
"1152","2020-06-05",38,13,315,111,6489,0.775312066574202,2040,7277,667,1042,7,6334,13,2375,1,13
"1153","2020-06-06",36,13,314,107,6489,0.775312066574202,2040,7277,667,1042,10,6344,15,2390,4,15
"1154","2020-06-07",35,13,317,107,6489,0.775312066574202,2040,7277,667,1042,8,6352,23,2413,5,23
"1155","2020-03-08",2,14,0,0,7009,0.790269653302896,1950,7540,783,1653,NA,NA,NA,NA,NA,NA
"1156","2020-03-09",2,14,0,0,7009,0.790269653302896,1950,7540,783,1653,NA,NA,NA,NA,NA,NA
"1157","2020-03-10",0,14,0,0,7009,0.790269653302896,1950,7540,783,1653,NA,NA,4,4,NA,4
"1158","2020-03-11",0,14,0,0,7009,0.790269653302896,1950,7540,783,1653,47,47,22,26,5,22
"1159","2020-03-12",0,14,0,0,7009,0.790269653302896,1950,7540,783,1653,54,101,10,36,15,10
"1160","2020-03-13",1,14,111,112,7009,0.790269653302896,1950,7540,783,1653,67,168,49,85,31,49
"1161","2020-03-14",7,14,146,156,7009,0.790269653302896,1950,7540,783,1653,64,232,27,112,33,27
"1162","2020-03-15",20,14,174,209,7009,0.790269653302896,1950,7540,783,1653,86,318,14,126,42,14
"1163","2020-03-16",28,14,167,279,7009,0.790269653302896,1950,7540,783,1653,90,408,75,201,52,75
"1164","2020-03-17",36,14,189,342,7009,0.790269653302896,1950,7540,783,1653,123,531,70,271,76,70
"1165","2020-03-18",46,14,215,450,7009,0.790269653302896,1950,7540,783,1653,110,641,26,297,69,26
"1166","2020-03-19",58,14,235,539,7009,0.790269653302896,1950,7540,783,1653,119,760,12,309,88,12
"1167","2020-03-20",98,14,271,648,7009,0.790269653302896,1950,7540,783,1653,99,859,16,325,66,16
"1168","2020-03-21",152,14,282,744,7009,0.790269653302896,1950,7540,783,1653,112,971,12,337,91,12
"1169","2020-03-22",176,14,309,858,7009,0.790269653302896,1950,7540,783,1653,134,1105,7,344,94,7
"1170","2020-03-23",187,14,284,984,7009,0.790269653302896,1950,7540,783,1653,117,1222,2,346,84,2
"1171","2020-03-24",201,14,263,1095,7009,0.790269653302896,1950,7540,783,1653,143,1365,11,357,105,11
"1172","2020-03-25",227,14,237,1245,7009,0.790269653302896,1950,7540,783,1653,126,1491,54,411,96,54
"1173","2020-03-26",261,14,237,1327,7009,0.790269653302896,1950,7540,783,1653,149,1640,43,454,119,43
"1174","2020-03-27",364,14,243,1443,7009,0.790269653302896,1950,7540,783,1653,157,1797,27,481,120,27
"1175","2020-03-28",377,14,247,1601,7009,0.790269653302896,1950,7540,783,1653,151,1948,13,494,111,13
"1176","2020-03-29",466,14,284,1706,7009,0.790269653302896,1950,7540,783,1653,145,2093,10,504,112,10
"1177","2020-03-30",491,14,283,1793,7009,0.790269653302896,1950,7540,783,1653,185,2278,7,511,138,7
"1178","2020-03-31",482,14,261,1881,7009,0.790269653302896,1950,7540,783,1653,148,2426,5,516,115,5
"1179","2020-04-01",522,14,234,1922,7009,0.790269653302896,1950,7540,783,1653,145,2571,4,520,110,4
"1180","2020-04-02",539,14,230,1976,7009,0.790269653302896,1950,7540,783,1653,119,2690,4,524,94,4
"1181","2020-04-03",705,14,227,1996,7009,0.790269653302896,1950,7540,783,1653,143,2833,14,538,104,14
"1182","2020-04-04",736,14,245,2052,7009,0.790269653302896,1950,7540,783,1653,143,2976,42,580,106,42
"1183","2020-04-05",669,14,223,2042,7009,0.790269653302896,1950,7540,783,1653,112,3088,29,609,88,29
"1184","2020-04-06",682,14,219,2035,7009,0.790269653302896,1950,7540,783,1653,121,3209,62,671,90,62
"1185","2020-04-07",704,14,216,2021,7009,0.790269653302896,1950,7540,783,1653,111,3320,25,696,82,25
"1186","2020-04-08",697,14,204,2010,7009,0.790269653302896,1950,7540,783,1653,96,3416,26,722,80,26
"1187","2020-04-09",715,14,213,1948,7009,0.790269653302896,1950,7540,783,1653,113,3529,20,742,77,20
"1188","2020-04-10",701,14,190,1881,7009,0.790269653302896,1950,7540,783,1653,92,3621,24,766,61,24
"1189","2020-04-11",686,14,199,1796,7009,0.790269653302896,1950,7540,783,1653,110,3731,59,825,86,59
"1190","2020-04-12",628,14,239,1739,7009,0.790269653302896,1950,7540,783,1653,89,3820,38,863,65,38
"1191","2020-04-13",619,14,238,1676,7009,0.790269653302896,1950,7540,783,1653,91,3911,37,900,66,37
"1192","2020-04-14",591,14,235,1586,7009,0.790269653302896,1950,7540,783,1653,94,4005,19,919,67,19
"1193","2020-04-15",589,14,237,1506,7009,0.790269653302896,1950,7540,783,1653,88,4093,15,934,67,15
"1194","2020-04-16",569,14,261,1448,7009,0.790269653302896,1950,7540,783,1653,89,4182,6,940,59,6
"1195","2020-04-17",550,14,258,1379,7009,0.790269653302896,1950,7540,783,1653,76,4258,8,948,54,8
"1196","2020-04-18",523,14,250,1329,7009,0.790269653302896,1950,7540,783,1653,83,4341,36,984,53,36
"1197","2020-04-19",485,14,238,1235,7009,0.790269653302896,1950,7540,783,1653,90,4431,41,1025,54,41
"1198","2020-04-20",464,14,235,1197,7009,0.790269653302896,1950,7540,783,1653,84,4515,20,1045,46,20
"1199","2020-04-21",447,14,253,1136,7009,0.790269653302896,1950,7540,783,1653,79,4594,33,1078,52,33
"1200","2020-04-22",428,14,239,1087,7009,0.790269653302896,1950,7540,783,1653,68,4662,16,1094,47,16
"1201","2020-04-23",397,14,282,1011,7009,0.790269653302896,1950,7540,783,1653,72,4734,17,1111,46,17
"1202","2020-04-24",357,14,290,948,7009,0.790269653302896,1950,7540,783,1653,75,4809,15,1126,43,15
"1203","2020-04-25",367,14,284,888,7009,0.790269653302896,1950,7540,783,1653,58,4867,34,1160,39,34
"1204","2020-04-26",348,14,267,843,7009,0.790269653302896,1950,7540,783,1653,78,4945,35,1195,42,35
"1205","2020-04-27",322,14,255,811,7009,0.790269653302896,1950,7540,783,1653,61,5006,23,1218,36,23
"1206","2020-04-28",293,14,265,763,7009,0.790269653302896,1950,7540,783,1653,51,5057,30,1248,30,30
"1207","2020-04-29",278,14,243,731,7009,0.790269653302896,1950,7540,783,1653,58,5115,21,1269,36,21
"1208","2020-04-30",278,14,259,689,7009,0.790269653302896,1950,7540,783,1653,64,5179,19,1288,42,19
"1209","2020-05-01",268,14,266,652,7009,0.790269653302896,1950,7540,783,1653,50,5229,27,1315,26,27
"1210","2020-05-02",249,14,268,604,7009,0.790269653302896,1950,7540,783,1653,58,5287,18,1333,36,18
"1211","2020-05-03",217,14,284,571,7009,0.790269653302896,1950,7540,783,1653,63,5350,13,1346,43,13
"1212","2020-05-04",219,14,289,535,7009,0.790269653302896,1950,7540,783,1653,51,5401,9,1355,32,9
"1213","2020-05-05",219,14,294,505,7009,0.790269653302896,1950,7540,783,1653,52,5453,4,1359,23,4
"1214","2020-05-06",199,14,300,482,7009,0.790269653302896,1950,7540,783,1653,45,5498,11,1370,24,11
"1215","2020-05-07",187,14,289,477,7009,0.790269653302896,1950,7540,783,1653,56,5554,4,1374,38,4
"1216","2020-05-08",166,14,278,450,7009,0.790269653302896,1950,7540,783,1653,47,5601,5,1379,25,5
"1217","2020-05-09",159,14,270,423,7009,0.790269653302896,1950,7540,783,1653,23,5624,27,1406,12,27
"1218","2020-05-10",152,14,272,418,7009,0.790269653302896,1950,7540,783,1653,48,5672,22,1428,39,22
"1219","2020-05-11",140,14,252,389,7009,0.790269653302896,1950,7540,783,1653,40,5712,19,1447,25,19
"1220","2020-05-12",133,14,293,366,7009,0.790269653302896,1950,7540,783,1653,34,5746,21,1468,19,21
"1221","2020-05-13",138,14,267,354,7009,0.790269653302896,1950,7540,783,1653,44,5790,24,1492,19,24
"1222","2020-05-14",136,14,263,333,7009,0.790269653302896,1950,7540,783,1653,36,5826,29,1521,16,29
"1223","2020-05-15",129,14,248,323,7009,0.790269653302896,1950,7540,783,1653,39,5865,14,1535,21,14
"1224","2020-05-16",130,14,258,308,7009,0.790269653302896,1950,7540,783,1653,28,5893,12,1547,19,12
"1225","2020-05-17",122,14,258,308,7009,0.790269653302896,1950,7540,783,1653,30,5923,9,1556,17,9
"1226","2020-05-18",111,14,275,284,7009,0.790269653302896,1950,7540,783,1653,32,5955,11,1567,21,11
"1227","2020-05-19",111,14,269,263,7009,0.790269653302896,1950,7540,783,1653,24,5979,8,1575,14,8
"1228","2020-05-20",99,14,263,250,7009,0.790269653302896,1950,7540,783,1653,31,6010,33,1608,17,33
"1229","2020-05-21",92,14,242,249,7009,0.790269653302896,1950,7540,783,1653,29,6039,36,1644,16,36
"1230","2020-05-22",88,14,258,239,7009,0.790269653302896,1950,7540,783,1653,20,6059,20,1664,10,20
"1231","2020-05-23",76,14,279,231,7009,0.790269653302896,1950,7540,783,1653,14,6073,15,1679,12,15
"1232","2020-05-24",73,14,275,211,7009,0.790269653302896,1950,7540,783,1653,17,6090,12,1691,10,12
"1233","2020-05-25",73,14,263,199,7009,0.790269653302896,1950,7540,783,1653,19,6109,25,1716,12,25
"1234","2020-05-26",68,14,263,183,7009,0.790269653302896,1950,7540,783,1653,22,6131,10,1726,9,10
"1235","2020-05-27",69,14,241,170,7009,0.790269653302896,1950,7540,783,1653,24,6155,36,1762,16,36
"1236","2020-05-28",63,14,267,169,7009,0.790269653302896,1950,7540,783,1653,22,6177,28,1790,7,28
"1237","2020-05-29",61,14,259,174,7009,0.790269653302896,1950,7540,783,1653,22,6199,21,1811,9,21
"1238","2020-05-30",66,14,244,163,7009,0.790269653302896,1950,7540,783,1653,10,6209,13,1824,5,13
"1239","2020-05-31",64,14,237,156,7009,0.790269653302896,1950,7540,783,1653,12,6221,11,1835,5,11
"1240","2020-06-01",62,14,225,146,7009,0.790269653302896,1950,7540,783,1653,18,6239,56,1891,7,56
"1241","2020-06-02",54,14,220,142,7009,0.790269653302896,1950,7540,783,1653,9,6248,62,1953,4,62
"1242","2020-06-03",51,14,238,143,7009,0.790269653302896,1950,7540,783,1653,12,6260,55,2008,10,55
"1243","2020-06-04",50,14,246,142,7009,0.790269653302896,1950,7540,783,1653,17,6277,54,2062,10,54
"1244","2020-06-05",45,14,228,138,7009,0.790269653302896,1950,7540,783,1653,14,6291,35,2097,9,35
"1245","2020-06-06",39,14,227,137,7009,0.790269653302896,1950,7540,783,1653,8,6299,38,2135,6,38
"1246","2020-06-07",44,14,209,127,7009,0.790269653302896,1950,7540,783,1653,13,6312,29,2164,8,29
"1247","2020-03-12",1,15,221,183,8666,0.404108008308331,2100,9328,705,2008,92,175,24,51,3,24
"1248","2020-03-13",14,15,276,323,8666,0.404108008308331,2100,9328,705,2008,117,292,13,64,17,13
"1249","2020-03-14",32,15,286,447,8666,0.404108008308331,2100,9328,705,2008,102,394,12,76,18,12
"1250","2020-03-15",77,15,278,566,8666,0.404108008308331,2100,9328,705,2008,105,499,7,83,25,7
"1251","2020-03-16",93,15,262,709,8666,0.404108008308331,2100,9328,705,2008,114,613,20,103,34,20
"1252","2020-03-17",101,15,255,837,8666,0.404108008308331,2100,9328,705,2008,125,738,13,116,39,13
"1253","2020-03-18",133,15,270,972,8666,0.404108008308331,2100,9328,705,2008,130,868,6,122,48,6
"1254","2020-03-19",166,15,250,1089,8666,0.404108008308331,2100,9328,705,2008,111,979,6,128,43,6
"1255","2020-03-20",278,15,259,1219,8666,0.404108008308331,2100,9328,705,2008,146,1125,5,133,53,5
"1256","2020-03-21",405,15,249,1340,8666,0.404108008308331,2100,9328,705,2008,101,1226,8,141,41,8
"1257","2020-03-22",388,15,237,1458,8666,0.404108008308331,2100,9328,705,2008,103,1329,17,158,37,17
"1258","2020-03-23",399,15,220,1543,8666,0.404108008308331,2100,9328,705,2008,131,1460,36,194,60,36
"1259","2020-03-24",428,15,224,1610,8666,0.404108008308331,2100,9328,705,2008,131,1591,9,203,56,9
"1260","2020-03-25",459,15,215,1666,8666,0.404108008308331,2100,9328,705,2008,147,1738,9,212,66,9
"1261","2020-03-26",483,15,214,1714,8666,0.404108008308331,2100,9328,705,2008,140,1878,44,256,61,44
"1262","2020-03-27",591,15,209,1750,8666,0.404108008308331,2100,9328,705,2008,138,2016,47,303,65,47
"1263","2020-03-28",574,15,208,1769,8666,0.404108008308331,2100,9328,705,2008,148,2164,21,324,65,21
"1264","2020-03-29",581,15,231,1795,8666,0.404108008308331,2100,9328,705,2008,145,2309,20,344,68,20
"1265","2020-03-30",574,15,233,1803,8666,0.404108008308331,2100,9328,705,2008,133,2442,13,357,48,13
"1266","2020-03-31",579,15,230,1804,8666,0.404108008308331,2100,9328,705,2008,174,2616,17,374,74,17
"1267","2020-04-01",571,15,217,1779,8666,0.404108008308331,2100,9328,705,2008,112,2728,34,408,58,34
"1268","2020-04-02",581,15,196,1744,8666,0.404108008308331,2100,9328,705,2008,116,2844,26,434,54,26
"1269","2020-04-03",646,15,195,1718,8666,0.404108008308331,2100,9328,705,2008,129,2973,48,482,56,48
"1270","2020-04-04",658,15,195,1678,8666,0.404108008308331,2100,9328,705,2008,118,3091,26,508,46,26
"1271","2020-04-05",582,15,208,1667,8666,0.404108008308331,2100,9328,705,2008,119,3210,22,530,53,22
"1272","2020-04-06",563,15,252,1625,8666,0.404108008308331,2100,9328,705,2008,125,3335,11,541,46,11
"1273","2020-04-07",548,15,298,1567,8666,0.404108008308331,2100,9328,705,2008,136,3471,11,552,71,11
"1274","2020-04-08",552,15,337,1535,8666,0.404108008308331,2100,9328,705,2008,127,3598,19,571,49,19
"1275","2020-04-09",531,15,358,1507,8666,0.404108008308331,2100,9328,705,2008,126,3724,18,589,51,18
"1276","2020-04-10",540,15,351,1490,8666,0.404108008308331,2100,9328,705,2008,118,3842,9,598,48,9
"1277","2020-04-11",499,15,306,1474,8666,0.404108008308331,2100,9328,705,2008,113,3955,11,609,43,11
"1278","2020-04-12",468,15,334,1449,8666,0.404108008308331,2100,9328,705,2008,108,4063,46,655,41,46
"1279","2020-04-13",455,15,316,1389,8666,0.404108008308331,2100,9328,705,2008,109,4172,46,701,38,46
"1280","2020-04-14",442,15,296,1396,8666,0.404108008308331,2100,9328,705,2008,94,4266,27,728,26,27
"1281","2020-04-15",443,15,309,1380,8666,0.404108008308331,2100,9328,705,2008,104,4370,18,746,39,18
"1282","2020-04-16",449,15,318,1332,8666,0.404108008308331,2100,9328,705,2008,95,4465,21,767,45,21
"1283","2020-04-17",469,15,319,1297,8666,0.404108008308331,2100,9328,705,2008,105,4570,14,781,41,14
"1284","2020-04-18",480,15,282,1275,8666,0.404108008308331,2100,9328,705,2008,94,4664,10,791,23,10
"1285","2020-04-19",433,15,262,1271,8666,0.404108008308331,2100,9328,705,2008,86,4750,38,829,24,38
"1286","2020-04-20",427,15,254,1257,8666,0.404108008308331,2100,9328,705,2008,95,4845,59,888,28,59
"1287","2020-04-21",426,15,241,1248,8666,0.404108008308331,2100,9328,705,2008,87,4932,64,952,24,64
"1288","2020-04-22",401,15,224,1202,8666,0.404108008308331,2100,9328,705,2008,78,5010,52,1004,24,52
"1289","2020-04-23",394,15,238,1184,8666,0.404108008308331,2100,9328,705,2008,78,5088,31,1035,33,31
"1290","2020-04-24",387,15,225,1165,8666,0.404108008308331,2100,9328,705,2008,83,5171,16,1051,15,16
"1291","2020-04-25",392,15,206,1125,8666,0.404108008308331,2100,9328,705,2008,74,5245,19,1070,29,19
"1292","2020-04-26",348,15,194,1097,8666,0.404108008308331,2100,9328,705,2008,61,5306,63,1133,23,63
"1293","2020-04-27",339,15,205,1055,8666,0.404108008308331,2100,9328,705,2008,75,5381,29,1162,27,29
"1294","2020-04-28",325,15,211,1026,8666,0.404108008308331,2100,9328,705,2008,78,5459,39,1201,22,39
"1295","2020-04-29",325,15,309,983,8666,0.404108008308331,2100,9328,705,2008,51,5510,41,1242,17,41
"1296","2020-04-30",313,15,314,961,8666,0.404108008308331,2100,9328,705,2008,68,5578,18,1260,17,18
"1297","2020-05-01",305,15,310,923,8666,0.404108008308331,2100,9328,705,2008,51,5629,30,1290,17,30
"1298","2020-05-02",286,15,334,884,8666,0.404108008308331,2100,9328,705,2008,49,5678,49,1339,14,49
"1299","2020-05-03",270,15,351,843,8666,0.404108008308331,2100,9328,705,2008,61,5739,25,1364,11,25
"1300","2020-05-04",277,15,338,801,8666,0.404108008308331,2100,9328,705,2008,55,5794,42,1406,19,42
"1301","2020-05-05",264,15,327,772,8666,0.404108008308331,2100,9328,705,2008,43,5837,28,1434,8,28
"1302","2020-05-06",251,15,291,759,8666,0.404108008308331,2100,9328,705,2008,53,5890,21,1455,16,21
"1303","2020-05-07",243,15,270,732,8666,0.404108008308331,2100,9328,705,2008,37,5927,49,1504,10,49
"1304","2020-05-08",228,15,238,684,8666,0.404108008308331,2100,9328,705,2008,37,5964,27,1531,7,27
"1305","2020-05-09",236,15,249,662,8666,0.404108008308331,2100,9328,705,2008,47,6011,25,1556,11,25
"1306","2020-05-10",226,15,205,637,8666,0.404108008308331,2100,9328,705,2008,43,6054,42,1598,7,42
"1307","2020-05-11",205,15,186,606,8666,0.404108008308331,2100,9328,705,2008,44,6098,30,1628,9,30
"1308","2020-05-12",196,15,186,579,8666,0.404108008308331,2100,9328,705,2008,47,6145,24,1652,8,24
"1309","2020-05-13",191,15,185,551,8666,0.404108008308331,2100,9328,705,2008,35,6180,14,1666,8,14
"1310","2020-05-14",181,15,199,528,8666,0.404108008308331,2100,9328,705,2008,33,6213,22,1688,9,22
"1311","2020-05-15",182,15,191,515,8666,0.404108008308331,2100,9328,705,2008,30,6243,8,1696,2,8
"1312","2020-05-16",165,15,188,494,8666,0.404108008308331,2100,9328,705,2008,29,6272,8,1704,7,8
"1313","2020-05-17",155,15,188,464,8666,0.404108008308331,2100,9328,705,2008,33,6305,8,1712,3,8
"1314","2020-05-18",145,15,233,442,8666,0.404108008308331,2100,9328,705,2008,22,6327,9,1721,4,9
"1315","2020-05-19",145,15,248,412,8666,0.404108008308331,2100,9328,705,2008,30,6357,45,1766,4,45
"1316","2020-05-20",142,15,237,408,8666,0.404108008308331,2100,9328,705,2008,28,6385,24,1790,4,24
"1317","2020-05-21",136,15,256,391,8666,0.404108008308331,2100,9328,705,2008,32,6417,45,1835,13,45
"1318","2020-05-22",121,15,247,375,8666,0.404108008308331,2100,9328,705,2008,23,6440,51,1886,6,51
"1319","2020-05-23",128,15,256,361,8666,0.404108008308331,2100,9328,705,2008,25,6465,52,1938,2,52
"1320","2020-05-24",122,15,263,347,8666,0.404108008308331,2100,9328,705,2008,24,6489,36,1974,5,36
"1321","2020-05-25",121,15,267,331,8666,0.404108008308331,2100,9328,705,2008,25,6514,52,2026,4,52
"1322","2020-05-26",119,15,273,325,8666,0.404108008308331,2100,9328,705,2008,25,6539,44,2070,5,44
"1323","2020-05-27",115,15,236,306,8666,0.404108008308331,2100,9328,705,2008,12,6551,57,2127,2,57
"1324","2020-05-28",111,15,223,287,8666,0.404108008308331,2100,9328,705,2008,16,6567,40,2167,3,40
"1325","2020-05-29",112,15,211,265,8666,0.404108008308331,2100,9328,705,2008,17,6584,37,2204,2,37
"1326","2020-05-30",101,15,217,255,8666,0.404108008308331,2100,9328,705,2008,16,6600,29,2233,2,29
"1327","2020-05-31",99,15,216,248,8666,0.404108008308331,2100,9328,705,2008,9,6609,21,2254,2,21
"1328","2020-06-01",86,15,261,244,8666,0.404108008308331,2100,9328,705,2008,24,6633,12,2266,1,12
"1329","2020-06-02",76,15,254,232,8666,0.404108008308331,2100,9328,705,2008,21,6654,25,2291,3,25
"1330","2020-06-03",71,15,244,220,8666,0.404108008308331,2100,9328,705,2008,15,6669,19,2310,NA,19
"1331","2020-06-04",68,15,234,207,8666,0.404108008308331,2100,9328,705,2008,16,6685,15,2325,3,15
"1332","2020-06-05",55,15,255,184,8666,0.404108008308331,2100,9328,705,2008,14,6699,15,2340,5,15
"1333","2020-06-06",56,15,256,174,8666,0.404108008308331,2100,9328,705,2008,14,6713,7,2347,4,7
"1334","2020-06-07",45,15,270,157,8666,0.404108008308331,2100,9328,705,2008,13,6726,43,2390,5,43
"1335","2020-03-08",1,16,0,0,6846,0.759275489336839,2010,7377,616,2141,NA,NA,NA,NA,NA,NA
"1336","2020-03-09",1,16,0,0,6846,0.759275489336839,2010,7377,616,2141,NA,NA,NA,NA,NA,NA
"1337","2020-03-10",0,16,0,0,6846,0.759275489336839,2010,7377,616,2141,NA,NA,3,3,NA,3
"1338","2020-03-11",0,16,0,0,6846,0.759275489336839,2010,7377,616,2141,69,69,55,58,2,55
"1339","2020-03-12",1,16,125,47,6846,0.759275489336839,2010,7377,616,2141,70,139,39,97,6,39
"1340","2020-03-13",3,16,184,84,6846,0.759275489336839,2010,7377,616,2141,86,225,32,129,18,32
"1341","2020-03-14",11,16,204,114,6846,0.759275489336839,2010,7377,616,2141,88,313,27,156,23,27
"1342","2020-03-15",14,16,199,146,6846,0.759275489336839,2010,7377,616,2141,85,398,23,179,34,23
"1343","2020-03-16",12,16,224,200,6846,0.759275489336839,2010,7377,616,2141,114,512,25,204,67,25
"1344","2020-03-17",14,16,239,251,6846,0.759275489336839,2010,7377,616,2141,95,607,28,232,42,28
"1345","2020-03-18",19,16,269,320,6846,0.759275489336839,2010,7377,616,2141,135,742,41,273,62,41
"1346","2020-03-19",29,16,258,405,6846,0.759275489336839,2010,7377,616,2141,131,873,39,312,80,39
"1347","2020-03-20",54,16,249,505,6846,0.759275489336839,2010,7377,616,2141,122,995,24,336,73,24
"1348","2020-03-21",80,16,234,607,6846,0.759275489336839,2010,7377,616,2141,136,1131,41,377,86,41
"1349","2020-03-22",121,16,226,684,6846,0.759275489336839,2010,7377,616,2141,147,1278,43,420,90,43
"1350","2020-03-23",142,16,232,784,6846,0.759275489336839,2010,7377,616,2141,160,1438,56,476,109,56
"1351","2020-03-24",151,16,204,890,6846,0.759275489336839,2010,7377,616,2141,135,1573,42,518,83,42
"1352","2020-03-25",179,16,202,1013,6846,0.759275489336839,2010,7377,616,2141,135,1708,60,578,91,60
"1353","2020-03-26",214,16,194,1108,6846,0.759275489336839,2010,7377,616,2141,121,1829,59,637,90,59
"1354","2020-03-27",297,16,182,1244,6846,0.759275489336839,2010,7377,616,2141,186,2015,50,687,130,50
"1355","2020-03-28",364,16,170,1329,6846,0.759275489336839,2010,7377,616,2141,174,2189,60,747,118,60
"1356","2020-03-29",408,16,190,1421,6846,0.759275489336839,2010,7377,616,2141,163,2352,70,817,94,70
"1357","2020-03-30",408,16,214,1539,6846,0.759275489336839,2010,7377,616,2141,160,2512,57,874,111,57
"1358","2020-03-31",412,16,222,1657,6846,0.759275489336839,2010,7377,616,2141,154,2666,40,914,96,40
"1359","2020-04-01",443,16,221,1755,6846,0.759275489336839,2010,7377,616,2141,137,2803,55,969,88,55
"1360","2020-04-02",458,16,223,1825,6846,0.759275489336839,2010,7377,616,2141,131,2934,64,1033,75,64
"1361","2020-04-03",636,16,218,1908,6846,0.759275489336839,2010,7377,616,2141,153,3087,41,1074,96,41
"1362","2020-04-04",685,16,212,1955,6846,0.759275489336839,2010,7377,616,2141,142,3229,44,1118,90,44
"1363","2020-04-05",634,16,218,2029,6846,0.759275489336839,2010,7377,616,2141,151,3380,21,1139,89,21
"1364","2020-04-06",664,16,220,2040,6846,0.759275489336839,2010,7377,616,2141,118,3498,28,1167,66,28
"1365","2020-04-07",687,16,253,2052,6846,0.759275489336839,2010,7377,616,2141,130,3628,27,1194,80,27
"1366","2020-04-08",690,16,272,2077,6846,0.759275489336839,2010,7377,616,2141,118,3746,55,1249,71,55
"1367","2020-04-09",691,16,259,2110,6846,0.759275489336839,2010,7377,616,2141,137,3883,46,1295,86,46
"1368","2020-04-10",768,16,243,2074,6846,0.759275489336839,2010,7377,616,2141,123,4006,60,1355,68,60
"1369","2020-04-11",720,16,221,2055,6846,0.759275489336839,2010,7377,616,2141,113,4119,75,1430,69,75
"1370","2020-04-12",651,16,232,2015,6846,0.759275489336839,2010,7377,616,2141,88,4207,46,1476,54,46
"1371","2020-04-13",640,16,218,1918,6846,0.759275489336839,2010,7377,616,2141,120,4327,49,1525,75,49
"1372","2020-04-14",622,16,237,1866,6846,0.759275489336839,2010,7377,616,2141,116,4443,41,1566,74,41
"1373","2020-04-15",615,16,251,1821,6846,0.759275489336839,2010,7377,616,2141,103,4546,33,1599,49,33
"1374","2020-04-16",621,16,251,1727,6846,0.759275489336839,2010,7377,616,2141,98,4644,32,1631,52,32
"1375","2020-04-17",577,16,259,1612,6846,0.759275489336839,2010,7377,616,2141,92,4736,43,1674,48,43
"1376","2020-04-18",588,16,264,1533,6846,0.759275489336839,2010,7377,616,2141,65,4801,26,1700,30,26
"1377","2020-04-19",542,16,251,1458,6846,0.759275489336839,2010,7377,616,2141,84,4885,45,1745,46,45
"1378","2020-04-20",512,16,244,1386,6846,0.759275489336839,2010,7377,616,2141,77,4962,39,1784,38,39
"1379","2020-04-21",502,16,222,1289,6846,0.759275489336839,2010,7377,616,2141,72,5034,28,1812,36,28
"1380","2020-04-22",478,16,222,1211,6846,0.759275489336839,2010,7377,616,2141,78,5112,41,1853,28,41
"1381","2020-04-23",449,16,242,1138,6846,0.759275489336839,2010,7377,616,2141,57,5169,50,1903,27,50
"1382","2020-04-24",417,16,246,1061,6846,0.759275489336839,2010,7377,616,2141,56,5225,42,1945,25,42
"1383","2020-04-25",401,16,238,1000,6846,0.759275489336839,2010,7377,616,2141,83,5308,22,1967,37,22
"1384","2020-04-26",360,16,241,943,6846,0.759275489336839,2010,7377,616,2141,65,5373,48,2015,33,48
"1385","2020-04-27",346,16,239,866,6846,0.759275489336839,2010,7377,616,2141,69,5442,30,2045,32,30
"1386","2020-04-28",327,16,268,821,6846,0.759275489336839,2010,7377,616,2141,72,5514,64,2109,30,64
"1387","2020-04-29",323,16,285,773,6846,0.759275489336839,2010,7377,616,2141,56,5570,47,2156,27,47
"1388","2020-04-30",314,16,251,722,6846,0.759275489336839,2010,7377,616,2141,57,5627,40,2196,19,40
"1389","2020-05-01",282,16,244,672,6846,0.759275489336839,2010,7377,616,2141,56,5683,59,2255,23,59
"1390","2020-05-02",258,16,209,623,6846,0.759275489336839,2010,7377,616,2141,48,5731,37,2292,19,37
"1391","2020-05-03",237,16,205,587,6846,0.759275489336839,2010,7377,616,2141,60,5791,33,2325,27,33
"1392","2020-05-04",219,16,188,543,6846,0.759275489336839,2010,7377,616,2141,51,5842,39,2364,23,39
"1393","2020-05-05",206,16,194,513,6846,0.759275489336839,2010,7377,616,2141,48,5890,54,2418,16,54
"1394","2020-05-06",191,16,176,467,6846,0.759275489336839,2010,7377,616,2141,48,5938,28,2446,20,28
"1395","2020-05-07",182,16,201,432,6846,0.759275489336839,2010,7377,616,2141,36,5974,28,2474,14,28
"1396","2020-05-08",144,16,222,408,6846,0.759275489336839,2010,7377,616,2141,52,6026,40,2514,27,40
"1397","2020-05-09",132,16,229,390,6846,0.759275489336839,2010,7377,616,2141,31,6057,40,2554,9,40
"1398","2020-05-10",131,16,253,365,6846,0.759275489336839,2010,7377,616,2141,32,6089,33,2587,14,33
"1399","2020-05-11",132,16,288,353,6846,0.759275489336839,2010,7377,616,2141,27,6116,37,2624,7,37
"1400","2020-05-12",131,16,275,322,6846,0.759275489336839,2010,7377,616,2141,43,6159,30,2654,12,30
"1401","2020-05-13",128,16,272,307,6846,0.759275489336839,2010,7377,616,2141,34,6193,52,2706,14,52
"1402","2020-05-14",118,16,260,293,6846,0.759275489336839,2010,7377,616,2141,32,6225,35,2741,14,35
"1403","2020-05-15",113,16,264,283,6846,0.759275489336839,2010,7377,616,2141,28,6253,34,2775,6,34
"1404","2020-05-16",96,16,236,257,6846,0.759275489336839,2010,7377,616,2141,21,6274,16,2791,5,16
"1405","2020-05-17",86,16,211,243,6846,0.759275489336839,2010,7377,616,2141,20,6294,55,2846,6,55
"1406","2020-05-18",80,16,198,222,6846,0.759275489336839,2010,7377,616,2141,24,6318,31,2877,6,31
"1407","2020-05-19",76,16,187,200,6846,0.759275489336839,2010,7377,616,2141,25,6343,19,2896,9,19
"1408","2020-05-20",71,16,186,189,6846,0.759275489336839,2010,7377,616,2141,27,6370,33,2929,10,33
"1409","2020-05-21",67,16,229,168,6846,0.759275489336839,2010,7377,616,2141,20,6390,47,2976,5,47
"1410","2020-05-22",59,16,233,154,6846,0.759275489336839,2010,7377,616,2141,18,6408,46,3022,4,46
"1411","2020-05-23",63,16,229,136,6846,0.759275489336839,2010,7377,616,2141,26,6434,38,3060,5,38
"1412","2020-05-24",59,16,216,126,6846,0.759275489336839,2010,7377,616,2141,17,6451,45,3105,3,45
"1413","2020-05-25",53,16,221,116,6846,0.759275489336839,2010,7377,616,2141,17,6468,34,3139,4,34
"1414","2020-05-26",47,16,250,105,6846,0.759275489336839,2010,7377,616,2141,21,6489,44,3183,4,44
"1415","2020-05-27",42,16,252,93,6846,0.759275489336839,2010,7377,616,2141,15,6504,39,3222,3,39
"1416","2020-05-28",36,16,258,97,6846,0.759275489336839,2010,7377,616,2141,16,6520,35,3257,3,35
"1417","2020-05-29",41,16,237,95,6846,0.759275489336839,2010,7377,616,2141,18,6538,37,3294,4,37
"1418","2020-05-30",39,16,240,96,6846,0.759275489336839,2010,7377,616,2141,13,6551,29,3323,3,29
"1419","2020-05-31",38,16,224,89,6846,0.759275489336839,2010,7377,616,2141,13,6564,39,3362,5,39
"1420","2020-06-01",36,16,202,84,6846,0.759275489336839,2010,7377,616,2141,12,6576,43,3405,3,43
"1421","2020-06-02",32,16,199,83,6846,0.759275489336839,2010,7377,616,2141,8,6584,47,3452,3,47
"1422","2020-06-03",32,16,216,77,6846,0.759275489336839,2010,7377,616,2141,10,6594,37,3489,2,37
"1423","2020-06-04",35,16,226,78,6846,0.759275489336839,2010,7377,616,2141,11,6605,81,3570,2,81
"1424","2020-06-05",35,16,223,78,6846,0.759275489336839,2010,7377,616,2141,6,6611,51,3621,1,51
"1425","2020-06-06",33,16,209,76,6846,0.759275489336839,2010,7377,616,2141,8,6619,29,3650,3,29
"1426","2020-06-07",26,16,206,77,6846,0.759275489336839,2010,7377,616,2141,10,6629,40,3690,2,40
"1427","2020-03-13",7,17,141,193,7243,0.541902526577385,1980,8001,620,1925,41,84,40,110,29,40
"1428","2020-03-14",19,17,169,254,7243,0.541902526577385,1980,8001,620,1925,40,124,63,173,29,63
"1429","2020-03-15",22,17,178,326,7243,0.541902526577385,1980,8001,620,1925,43,167,27,200,31,27
"1430","2020-03-16",30,17,179,419,7243,0.541902526577385,1980,8001,620,1925,59,226,12,212,48,12
"1431","2020-03-17",41,17,174,521,7243,0.541902526577385,1980,8001,620,1925,50,276,22,234,35,22
"1432","2020-03-18",63,17,176,633,7243,0.541902526577385,1980,8001,620,1925,74,350,21,255,62,21
"1433","2020-03-19",85,17,170,745,7243,0.541902526577385,1980,8001,620,1925,82,432,40,295,73,40
"1434","2020-03-20",131,17,174,842,7243,0.541902526577385,1980,8001,620,1925,96,528,25,320,88,25
"1435","2020-03-21",198,17,190,961,7243,0.541902526577385,1980,8001,620,1925,96,624,53,373,88,53
"1436","2020-03-22",255,17,181,1089,7243,0.541902526577385,1980,8001,620,1925,153,777,43,416,144,43
"1437","2020-03-23",258,17,204,1181,7243,0.541902526577385,1980,8001,620,1925,141,918,67,483,133,67
"1438","2020-03-24",279,17,201,1301,7243,0.541902526577385,1980,8001,620,1925,133,1051,64,547,123,64
"1439","2020-03-25",310,17,188,1393,7243,0.541902526577385,1980,8001,620,1925,159,1210,40,587,150,40
"1440","2020-03-26",361,17,235,1470,7243,0.541902526577385,1980,8001,620,1925,150,1360,59,646,145,59
"1441","2020-03-27",495,17,232,1533,7243,0.541902526577385,1980,8001,620,1925,172,1532,25,671,163,25
"1442","2020-03-28",486,17,250,1601,7243,0.541902526577385,1980,8001,620,1925,188,1720,25,696,178,25
"1443","2020-03-29",454,17,244,1653,7243,0.541902526577385,1980,8001,620,1925,182,1902,46,742,171,46
"1444","2020-03-30",477,17,238,1706,7243,0.541902526577385,1980,8001,620,1925,203,2105,49,791,196,49
"1445","2020-03-31",482,17,212,1740,7243,0.541902526577385,1980,8001,620,1925,203,2308,31,822,190,31
"1446","2020-04-01",505,17,197,1767,7243,0.541902526577385,1980,8001,620,1925,243,2551,18,840,234,18
"1447","2020-04-02",514,17,200,1792,7243,0.541902526577385,1980,8001,620,1925,208,2759,35,875,199,35
"1448","2020-04-03",586,17,193,1813,7243,0.541902526577385,1980,8001,620,1925,200,2959,21,896,197,21
"1449","2020-04-04",651,17,192,1810,7243,0.541902526577385,1980,8001,620,1925,189,3148,28,924,175,28
"1450","2020-04-05",612,17,179,1831,7243,0.541902526577385,1980,8001,620,1925,185,3333,31,955,176,31
"1451","2020-04-06",613,17,175,1826,7243,0.541902526577385,1980,8001,620,1925,181,3514,33,988,167,33
"1452","2020-04-07",615,17,185,1789,7243,0.541902526577385,1980,8001,620,1925,178,3692,35,1023,171,35
"1453","2020-04-08",606,17,180,1754,7243,0.541902526577385,1980,8001,620,1925,175,3867,23,1046,168,23
"1454","2020-04-09",592,17,197,1737,7243,0.541902526577385,1980,8001,620,1925,193,4060,23,1069,182,23
"1455","2020-04-10",594,17,218,1655,7243,0.541902526577385,1980,8001,620,1925,161,4221,6,1075,153,6
"1456","2020-04-11",570,17,214,1638,7243,0.541902526577385,1980,8001,620,1925,159,4380,14,1089,155,14
"1457","2020-04-12",559,17,210,1570,7243,0.541902526577385,1980,8001,620,1925,123,4503,34,1123,117,34
"1458","2020-04-13",542,17,189,1514,7243,0.541902526577385,1980,8001,620,1925,166,4669,59,1182,151,59
"1459","2020-04-14",524,17,192,1470,7243,0.541902526577385,1980,8001,620,1925,114,4783,28,1210,101,28
"1460","2020-04-15",492,17,200,1423,7243,0.541902526577385,1980,8001,620,1925,103,4886,47,1257,96,47
"1461","2020-04-16",480,17,203,1377,7243,0.541902526577385,1980,8001,620,1925,88,4974,49,1306,84,49
"1462","2020-04-17",469,17,196,1311,7243,0.541902526577385,1980,8001,620,1925,90,5064,19,1325,87,19
"1463","2020-04-18",447,17,190,1268,7243,0.541902526577385,1980,8001,620,1925,92,5156,7,1332,88,7
"1464","2020-04-19",441,17,195,1216,7243,0.541902526577385,1980,8001,620,1925,78,5234,6,1338,70,6
"1465","2020-04-20",436,17,211,1154,7243,0.541902526577385,1980,8001,620,1925,88,5322,4,1342,79,4
"1466","2020-04-21",420,17,266,1082,7243,0.541902526577385,1980,8001,620,1925,68,5390,10,1352,65,10
"1467","2020-04-22",427,17,275,1035,7243,0.541902526577385,1980,8001,620,1925,70,5460,9,1361,62,9
"1468","2020-04-23",399,17,257,972,7243,0.541902526577385,1980,8001,620,1925,58,5518,9,1370,53,9
"1469","2020-04-24",402,17,251,906,7243,0.541902526577385,1980,8001,620,1925,49,5567,11,1381,38,11
"1470","2020-04-25",393,17,228,854,7243,0.541902526577385,1980,8001,620,1925,59,5626,35,1416,53,35
"1471","2020-04-26",324,17,249,824,7243,0.541902526577385,1980,8001,620,1925,44,5670,54,1470,39,54
"1472","2020-04-27",292,17,267,778,7243,0.541902526577385,1980,8001,620,1925,44,5714,66,1536,40,66
"1473","2020-04-28",280,17,304,737,7243,0.541902526577385,1980,8001,620,1925,46,5760,37,1573,40,37
"1474","2020-04-29",256,17,269,705,7243,0.541902526577385,1980,8001,620,1925,39,5799,62,1635,34,62
"1475","2020-04-30",260,17,233,663,7243,0.541902526577385,1980,8001,620,1925,38,5837,36,1671,35,36
"1476","2020-05-01",221,17,219,656,7243,0.541902526577385,1980,8001,620,1925,21,5858,29,1700,18,29
"1477","2020-05-02",214,17,218,640,7243,0.541902526577385,1980,8001,620,1925,29,5887,34,1734,24,34
"1478","2020-05-03",202,17,201,627,7243,0.541902526577385,1980,8001,620,1925,26,5913,13,1747,21,13
"1479","2020-05-04",204,17,197,610,7243,0.541902526577385,1980,8001,620,1925,15,5928,16,1763,11,16
"1480","2020-05-05",201,17,179,588,7243,0.541902526577385,1980,8001,620,1925,33,5961,10,1773,26,10
"1481","2020-05-06",202,17,174,573,7243,0.541902526577385,1980,8001,620,1925,33,5994,43,1816,29,43
"1482","2020-05-07",201,17,208,554,7243,0.541902526577385,1980,8001,620,1925,25,6019,29,1845,22,29
"1483","2020-05-08",200,17,207,541,7243,0.541902526577385,1980,8001,620,1925,28,6047,55,1900,22,55
"1484","2020-05-09",193,17,248,513,7243,0.541902526577385,1980,8001,620,1925,33,6080,29,1929,31,29
"1485","2020-05-10",191,17,263,487,7243,0.541902526577385,1980,8001,620,1925,23,6103,69,1998,18,69
"1486","2020-05-11",181,17,291,460,7243,0.541902526577385,1980,8001,620,1925,15,6118,29,2027,11,29
"1487","2020-05-12",172,17,287,434,7243,0.541902526577385,1980,8001,620,1925,13,6131,18,2045,11,18
"1488","2020-05-13",163,17,264,419,7243,0.541902526577385,1980,8001,620,1925,19,6150,30,2075,18,30
"1489","2020-05-14",152,17,274,405,7243,0.541902526577385,1980,8001,620,1925,16,6166,68,2143,12,68
"1490","2020-05-15",158,17,260,389,7243,0.541902526577385,1980,8001,620,1925,19,6185,52,2195,14,52
"1491","2020-05-16",149,17,250,377,7243,0.541902526577385,1980,8001,620,1925,11,6196,38,2233,7,38
"1492","2020-05-17",124,17,230,366,7243,0.541902526577385,1980,8001,620,1925,11,6207,22,2255,10,22
"1493","2020-05-18",122,17,218,356,7243,0.541902526577385,1980,8001,620,1925,10,6217,12,2267,6,12
"1494","2020-05-19",116,17,188,340,7243,0.541902526577385,1980,8001,620,1925,11,6228,12,2279,10,12
"1495","2020-05-20",119,17,173,319,7243,0.541902526577385,1980,8001,620,1925,11,6239,15,2294,9,15
"1496","2020-05-21",111,17,157,310,7243,0.541902526577385,1980,8001,620,1925,8,6247,11,2305,7,11
"1497","2020-05-22",104,17,135,298,7243,0.541902526577385,1980,8001,620,1925,10,6257,54,2359,7,54
"1498","2020-05-23",113,17,134,285,7243,0.541902526577385,1980,8001,620,1925,10,6267,52,2411,9,52
"1499","2020-05-24",113,17,177,266,7243,0.541902526577385,1980,8001,620,1925,17,6284,29,2440,13,29
"1500","2020-05-25",105,17,213,251,7243,0.541902526577385,1980,8001,620,1925,7,6291,59,2499,5,59
"1501","2020-05-26",98,17,207,244,7243,0.541902526577385,1980,8001,620,1925,13,6304,36,2535,11,36
"1502","2020-05-27",95,17,194,232,7243,0.541902526577385,1980,8001,620,1925,13,6317,16,2551,9,16
"1503","2020-05-28",89,17,216,219,7243,0.541902526577385,1980,8001,620,1925,9,6326,53,2604,6,53
"1504","2020-05-29",87,17,227,216,7243,0.541902526577385,1980,8001,620,1925,6,6332,31,2635,4,31
"1505","2020-05-30",88,17,220,210,7243,0.541902526577385,1980,8001,620,1925,10,6342,23,2658,9,23
"1506","2020-05-31",72,17,211,200,7243,0.541902526577385,1980,8001,620,1925,7,6349,15,2673,6,15
"1507","2020-06-01",64,17,201,195,7243,0.541902526577385,1980,8001,620,1925,3,6352,11,2684,2,11
"1508","2020-06-02",63,17,190,176,7243,0.541902526577385,1980,8001,620,1925,4,6356,14,2698,4,14
"1509","2020-06-03",58,17,205,169,7243,0.541902526577385,1980,8001,620,1925,12,6368,13,2711,12,13
"1510","2020-06-04",58,17,199,163,7243,0.541902526577385,1980,8001,620,1925,6,6374,51,2762,3,51
"1511","2020-06-05",62,17,186,152,7243,0.541902526577385,1980,8001,620,1925,10,6384,22,2784,9,22
"1512","2020-06-06",61,17,178,142,7243,0.541902526577385,1980,8001,620,1925,8,6392,36,2820,8,36
"1513","2020-06-07",59,17,192,132,7243,0.541902526577385,1980,8001,620,1925,6,6398,44,2864,6,44
"1514","2020-03-08",4,18,0,0,6544,0.734107579462103,2115,8168,838,2466,NA,NA,NA,NA,NA,NA
"1515","2020-03-09",4,18,0,0,6544,0.734107579462103,2115,8168,838,2466,NA,NA,NA,NA,NA,NA
"1516","2020-03-10",0,18,0,0,6544,0.734107579462103,2115,8168,838,2466,NA,NA,9,9,NA,9
"1517","2020-03-11",0,18,0,0,6544,0.734107579462103,2115,8168,838,2466,18,18,22,31,NA,22
"1518","2020-03-12",0,18,0,0,6544,0.734107579462103,2115,8168,838,2466,25,43,37,68,3,37
"1519","2020-03-13",5,18,176,85,6544,0.734107579462103,2115,8168,838,2466,22,65,15,83,9,15
"1520","2020-03-14",10,18,173,128,6544,0.734107579462103,2115,8168,838,2466,30,95,13,96,11,13
"1521","2020-03-15",15,18,177,167,6544,0.734107579462103,2115,8168,838,2466,29,124,13,109,15,13
"1522","2020-03-16",17,18,252,228,6544,0.734107579462103,2115,8168,838,2466,42,166,5,114,31,5
"1523","2020-03-17",25,18,244,292,6544,0.734107579462103,2115,8168,838,2466,49,215,44,158,30,44
"1524","2020-03-18",33,18,219,348,6544,0.734107579462103,2115,8168,838,2466,44,259,39,197,29,39
"1525","2020-03-19",37,18,215,409,6544,0.734107579462103,2115,8168,838,2466,79,338,49,246,65,49
"1526","2020-03-20",65,18,262,480,6544,0.734107579462103,2115,8168,838,2466,71,409,56,302,61,56
"1527","2020-03-21",86,18,246,538,6544,0.734107579462103,2115,8168,838,2466,57,466,30,332,42,30
"1528","2020-03-22",140,18,225,591,6544,0.734107579462103,2115,8168,838,2466,96,562,15,347,80,15
"1529","2020-03-23",158,18,216,673,6544,0.734107579462103,2115,8168,838,2466,95,657,10,357,84,10
"1530","2020-03-24",149,18,217,722,6544,0.734107579462103,2115,8168,838,2466,135,792,49,406,109,49
"1531","2020-03-25",163,18,208,779,6544,0.734107579462103,2115,8168,838,2466,104,896,43,449,92,43
"1532","2020-03-26",182,18,202,888,6544,0.734107579462103,2115,8168,838,2466,134,1030,22,471,112,22
"1533","2020-03-27",262,18,205,956,6544,0.734107579462103,2115,8168,838,2466,169,1199,21,492,147,21
"1534","2020-03-28",278,18,202,1086,6544,0.734107579462103,2115,8168,838,2466,156,1355,41,533,140,41
"1535","2020-03-29",309,18,174,1173,6544,0.734107579462103,2115,8168,838,2466,141,1496,38,571,125,38
"1536","2020-03-30",324,18,198,1268,6544,0.734107579462103,2115,8168,838,2466,195,1691,45,616,178,45
"1537","2020-03-31",335,18,189,1320,6544,0.734107579462103,2115,8168,838,2466,168,1859,16,632,151,16
"1538","2020-04-01",355,18,172,1387,6544,0.734107579462103,2115,8168,838,2466,181,2040,16,648,165,16
"1539","2020-04-02",378,18,168,1445,6544,0.734107579462103,2115,8168,838,2466,204,2244,17,665,187,17
"1540","2020-04-03",470,18,143,1556,6544,0.734107579462103,2115,8168,838,2466,216,2460,19,684,204,19
"1541","2020-04-04",499,18,135,1604,6544,0.734107579462103,2115,8168,838,2466,212,2672,45,729,201,45
"1542","2020-04-05",473,18,137,1639,6544,0.734107579462103,2115,8168,838,2466,172,2844,29,758,168,29
"1543","2020-04-06",499,18,156,1653,6544,0.734107579462103,2115,8168,838,2466,208,3052,22,780,196,22
"1544","2020-04-07",499,18,244,1678,6544,0.734107579462103,2115,8168,838,2466,196,3248,18,798,189,18
"1545","2020-04-08",510,18,250,1693,6544,0.734107579462103,2115,8168,838,2466,163,3411,56,854,148,56
"1546","2020-04-09",527,18,238,1697,6544,0.734107579462103,2115,8168,838,2466,209,3620,52,906,195,52
"1547","2020-04-10",611,18,231,1723,6544,0.734107579462103,2115,8168,838,2466,211,3831,55,961,201,55
"1548","2020-04-11",597,18,227,1695,6544,0.734107579462103,2115,8168,838,2466,173,4004,71,1032,161,71
"1549","2020-04-12",539,18,220,1701,6544,0.734107579462103,2115,8168,838,2466,168,4172,33,1065,156,33
"1550","2020-04-13",535,18,191,1677,6544,0.734107579462103,2115,8168,838,2466,160,4332,41,1106,148,41
"1551","2020-04-14",525,18,181,1677,6544,0.734107579462103,2115,8168,838,2466,141,4473,34,1140,134,34
"1552","2020-04-15",530,18,193,1630,6544,0.734107579462103,2115,8168,838,2466,128,4601,23,1163,115,23
"1553","2020-04-16",518,18,180,1622,6544,0.734107579462103,2115,8168,838,2466,135,4736,26,1189,121,26
"1554","2020-04-17",586,18,182,1571,6544,0.734107579462103,2115,8168,838,2466,123,4859,19,1208,112,19
"1555","2020-04-18",594,18,198,1508,6544,0.734107579462103,2115,8168,838,2466,112,4971,25,1233,100,25
"1556","2020-04-19",552,18,222,1462,6544,0.734107579462103,2115,8168,838,2466,103,5074,37,1270,94,37
"1557","2020-04-20",555,18,222,1426,6544,0.734107579462103,2115,8168,838,2466,102,5176,14,1284,93,14
"1558","2020-04-21",559,18,193,1361,6544,0.734107579462103,2115,8168,838,2466,88,5264,14,1298,82,14
"1559","2020-04-22",545,18,195,1286,6544,0.734107579462103,2115,8168,838,2466,85,5349,14,1312,75,14
"1560","2020-04-23",550,18,209,1202,6544,0.734107579462103,2115,8168,838,2466,55,5404,12,1324,48,12
"1561","2020-04-24",477,18,210,1130,6544,0.734107579462103,2115,8168,838,2466,90,5494,15,1339,79,15
"1562","2020-04-25",456,18,219,1051,6544,0.734107579462103,2115,8168,838,2466,55,5549,16,1355,46,16
"1563","2020-04-26",413,18,193,970,6544,0.734107579462103,2115,8168,838,2466,60,5609,20,1375,51,20
"1564","2020-04-27",386,18,203,906,6544,0.734107579462103,2115,8168,838,2466,46,5655,10,1385,44,10
"1565","2020-04-28",350,18,222,851,6544,0.734107579462103,2115,8168,838,2466,49,5704,16,1401,39,16
"1566","2020-04-29",336,18,238,790,6544,0.734107579462103,2115,8168,838,2466,50,5754,36,1437,44,36
"1567","2020-04-30",310,18,235,733,6544,0.734107579462103,2115,8168,838,2466,50,5804,19,1456,45,19
"1568","2020-05-01",261,18,218,678,6544,0.734107579462103,2115,8168,838,2466,34,5838,28,1484,29,28
"1569","2020-05-02",244,18,231,647,6544,0.734107579462103,2115,8168,838,2466,47,5885,20,1504,33,20
"1570","2020-05-03",249,18,222,606,6544,0.734107579462103,2115,8168,838,2466,21,5906,18,1522,17,18
"1571","2020-05-04",224,18,249,574,6544,0.734107579462103,2115,8168,838,2466,21,5927,20,1542,19,20
"1572","2020-05-05",222,18,223,565,6544,0.734107579462103,2115,8168,838,2466,29,5956,30,1572,21,30
"1573","2020-05-06",211,18,226,537,6544,0.734107579462103,2115,8168,838,2466,19,5975,27,1599,17,27
"1574","2020-05-07",200,18,226,501,6544,0.734107579462103,2115,8168,838,2466,30,6005,23,1622,21,23
"1575","2020-05-08",192,18,239,497,6544,0.734107579462103,2115,8168,838,2466,23,6028,26,1648,15,26
"1576","2020-05-09",197,18,244,478,6544,0.734107579462103,2115,8168,838,2466,26,6054,38,1686,14,38
"1577","2020-05-10",164,18,234,457,6544,0.734107579462103,2115,8168,838,2466,16,6070,50,1736,11,50
"1578","2020-05-11",158,18,228,428,6544,0.734107579462103,2115,8168,838,2466,22,6092,32,1768,17,32
"1579","2020-05-12",139,18,242,416,6544,0.734107579462103,2115,8168,838,2466,18,6110,22,1790,14,22
"1580","2020-05-13",131,18,241,378,6544,0.734107579462103,2115,8168,838,2466,14,6124,17,1807,11,17
"1581","2020-05-14",127,18,226,348,6544,0.734107579462103,2115,8168,838,2466,15,6139,9,1816,11,9
"1582","2020-05-15",135,18,205,329,6544,0.734107579462103,2115,8168,838,2466,16,6155,14,1830,12,14
"1583","2020-05-16",128,18,203,321,6544,0.734107579462103,2115,8168,838,2466,15,6170,9,1839,7,9
"1584","2020-05-17",116,18,248,314,6544,0.734107579462103,2115,8168,838,2466,9,6179,7,1846,5,7
"1585","2020-05-18",116,18,277,304,6544,0.734107579462103,2115,8168,838,2466,16,6195,11,1857,14,11
"1586","2020-05-19",116,18,275,286,6544,0.734107579462103,2115,8168,838,2466,13,6208,33,1890,9,33
"1587","2020-05-20",121,18,244,273,6544,0.734107579462103,2115,8168,838,2466,11,6219,33,1923,5,33
"1588","2020-05-21",113,18,232,268,6544,0.734107579462103,2115,8168,838,2466,9,6228,15,1938,4,15
"1589","2020-05-22",91,18,214,255,6544,0.734107579462103,2115,8168,838,2466,10,6238,13,1951,7,13
"1590","2020-05-23",90,18,222,248,6544,0.734107579462103,2115,8168,838,2466,6,6244,13,1964,4,13
"1591","2020-05-24",80,18,230,222,6544,0.734107579462103,2115,8168,838,2466,7,6251,8,1972,3,8
"1592","2020-05-25",72,18,227,211,6544,0.734107579462103,2115,8168,838,2466,16,6267,11,1983,10,11
"1593","2020-05-26",71,18,240,212,6544,0.734107579462103,2115,8168,838,2466,7,6274,9,1992,3,9
"1594","2020-05-27",62,18,229,207,6544,0.734107579462103,2115,8168,838,2466,4,6278,18,2010,2,18
"1595","2020-05-28",63,18,210,207,6544,0.734107579462103,2115,8168,838,2466,7,6285,13,2023,3,13
"1596","2020-05-29",71,18,191,205,6544,0.734107579462103,2115,8168,838,2466,3,6288,18,2041,3,18
"1597","2020-05-30",66,18,172,197,6544,0.734107579462103,2115,8168,838,2466,7,6295,41,2082,1,41
"1598","2020-05-31",65,18,155,186,6544,0.734107579462103,2115,8168,838,2466,6,6301,21,2103,4,21
"1599","2020-06-01",68,18,165,187,6544,0.734107579462103,2115,8168,838,2466,4,6305,41,2144,4,41
"1600","2020-06-02",65,18,160,171,6544,0.734107579462103,2115,8168,838,2466,7,6312,51,2195,3,51
"1601","2020-06-03",64,18,137,169,6544,0.734107579462103,2115,8168,838,2466,5,6317,47,2242,3,47
"1602","2020-06-04",61,18,134,160,6544,0.734107579462103,2115,8168,838,2466,3,6320,35,2277,2,35
"1603","2020-06-05",54,18,171,151,6544,0.734107579462103,2115,8168,838,2466,9,6329,14,2291,4,14
"1604","2020-06-06",53,18,204,141,6544,0.734107579462103,2115,8168,838,2466,7,6336,16,2307,4,16
"1605","2020-06-07",51,18,242,132,6544,0.734107579462103,2115,8168,838,2466,3,6339,8,2315,1,8
"1606","2020-03-07",1,19,0,0,6444,0.416821849782744,2055,8308,515,1094,NA,NA,NA,NA,NA,NA
"1607","2020-03-08",1,19,0,0,6444,0.416821849782744,2055,8308,515,1094,NA,NA,NA,NA,NA,NA
"1608","2020-03-09",0,19,0,0,6444,0.416821849782744,2055,8308,515,1094,NA,NA,NA,NA,NA,NA
"1609","2020-03-10",0,19,0,0,6444,0.416821849782744,2055,8308,515,1094,NA,NA,7,7,NA,7
"1610","2020-03-11",0,19,0,0,6444,0.416821849782744,2055,8308,515,1094,51,51,30,37,1,30
"1611","2020-03-12",0,19,0,0,6444,0.416821849782744,2055,8308,515,1094,67,118,12,49,11,12
"1612","2020-03-13",3,19,105,178,6444,0.416821849782744,2055,8308,515,1094,55,173,13,62,9,13
"1613","2020-03-14",4,19,138,243,6444,0.416821849782744,2055,8308,515,1094,71,244,15,77,27,15
"1614","2020-03-15",23,19,166,305,6444,0.416821849782744,2055,8308,515,1094,96,340,13,90,45,13
"1615","2020-03-16",40,19,181,383,6444,0.416821849782744,2055,8308,515,1094,122,462,10,100,52,10
"1616","2020-03-17",48,19,171,448,6444,0.416821849782744,2055,8308,515,1094,89,551,67,167,48,67
"1617","2020-03-18",63,19,172,525,6444,0.416821849782744,2055,8308,515,1094,130,681,35,202,84,35
"1618","2020-03-19",82,19,190,614,6444,0.416821849782744,2055,8308,515,1094,126,807,28,230,92,28
"1619","2020-03-20",121,19,191,680,6444,0.416821849782744,2055,8308,515,1094,177,984,22,252,131,22
"1620","2020-03-21",188,19,198,768,6444,0.416821849782744,2055,8308,515,1094,168,1152,28,280,120,28
"1621","2020-03-22",208,19,181,844,6444,0.416821849782744,2055,8308,515,1094,195,1347,80,360,141,81
"1622","2020-03-23",203,19,174,925,6444,0.416821849782744,2055,8308,515,1094,163,1510,51,411,119,51
"1623","2020-03-24",220,19,197,979,6444,0.416821849782744,2055,8308,515,1094,162,1672,36,447,114,36
"1624","2020-03-25",244,19,231,1036,6444,0.416821849782744,2055,8308,515,1094,236,1908,15,462,186,15
"1625","2020-03-26",273,19,246,1066,6444,0.416821849782744,2055,8308,515,1094,228,2136,38,500,180,38
"1626","2020-03-27",392,19,247,1102,6444,0.416821849782744,2055,8308,515,1094,227,2363,19,519,174,19
"1627","2020-03-28",397,19,237,1160,6444,0.416821849782744,2055,8308,515,1094,225,2588,15,534,177,15
"1628","2020-03-29",372,19,248,1162,6444,0.416821849782744,2055,8308,515,1094,212,2800,10,544,169,10
"1629","2020-03-30",375,19,229,1178,6444,0.416821849782744,2055,8308,515,1094,218,3018,6,550,174,6
"1630","2020-03-31",381,19,206,1191,6444,0.416821849782744,2055,8308,515,1094,222,3240,8,558,180,8
"1631","2020-04-01",379,19,196,1230,6444,0.416821849782744,2055,8308,515,1094,174,3414,26,584,142,26
"1632","2020-04-02",386,19,191,1225,6444,0.416821849782744,2055,8308,515,1094,227,3641,77,661,180,77
"1633","2020-04-03",432,19,170,1242,6444,0.416821849782744,2055,8308,515,1094,206,3847,54,715,169,54
"1634","2020-04-04",429,19,202,1260,6444,0.416821849782744,2055,8308,515,1094,201,4048,30,745,148,30
"1635","2020-04-05",399,19,207,1271,6444,0.416821849782744,2055,8308,515,1094,201,4249,29,774,167,29
"1636","2020-04-06",398,19,190,1269,6444,0.416821849782744,2055,8308,515,1094,147,4396,64,838,119,64
"1637","2020-04-07",397,19,191,1269,6444,0.416821849782744,2055,8308,515,1094,170,4566,73,911,124,73
"1638","2020-04-08",407,19,195,1296,6444,0.416821849782744,2055,8308,515,1094,132,4698,45,956,107,45
"1639","2020-04-09",394,19,188,1329,6444,0.416821849782744,2055,8308,515,1094,189,4887,24,980,149,24
"1640","2020-04-10",388,19,177,1299,6444,0.416821849782744,2055,8308,515,1094,118,5005,20,1000,85,20
"1641","2020-04-11",427,19,171,1303,6444,0.416821849782744,2055,8308,515,1094,149,5154,18,1018,104,18
"1642","2020-04-12",395,19,171,1282,6444,0.416821849782744,2055,8308,515,1094,114,5268,15,1033,79,15
"1643","2020-04-13",393,19,207,1284,6444,0.416821849782744,2055,8308,515,1094,103,5371,19,1052,75,19
"1644","2020-04-14",405,19,211,1242,6444,0.416821849782744,2055,8308,515,1094,105,5476,16,1068,82,16
"1645","2020-04-15",400,19,196,1237,6444,0.416821849782744,2055,8308,515,1094,88,5564,28,1096,62,28
"1646","2020-04-16",403,19,214,1214,6444,0.416821849782744,2055,8308,515,1094,75,5639,29,1125,49,29
"1647","2020-04-17",436,19,209,1189,6444,0.416821849782744,2055,8308,515,1094,73,5712,22,1147,44,22
"1648","2020-04-18",422,19,208,1157,6444,0.416821849782744,2055,8308,515,1094,62,5774,7,1154,37,7
"1649","2020-04-19",427,19,249,1111,6444,0.416821849782744,2055,8308,515,1094,52,5826,8,1162,34,8
"1650","2020-04-20",409,19,223,1075,6444,0.416821849782744,2055,8308,515,1094,57,5883,17,1179,30,17
"1651","2020-04-21",392,19,224,1054,6444,0.416821849782744,2055,8308,515,1094,59,5942,56,1235,43,56
"1652","2020-04-22",389,19,212,1032,6444,0.416821849782744,2055,8308,515,1094,58,6000,30,1265,33,30
"1653","2020-04-23",380,19,193,993,6444,0.416821849782744,2055,8308,515,1094,51,6051,15,1280,25,15
"1654","2020-04-24",382,19,181,972,6444,0.416821849782744,2055,8308,515,1094,34,6085,19,1299,17,19
"1655","2020-04-25",358,19,183,936,6444,0.416821849782744,2055,8308,515,1094,49,6134,25,1324,23,25
"1656","2020-04-26",299,19,182,893,6444,0.416821849782744,2055,8308,515,1094,42,6176,42,1366,20,42
"1657","2020-04-27",300,19,193,890,6444,0.416821849782744,2055,8308,515,1094,49,6225,44,1410,32,44
"1658","2020-04-28",291,19,179,855,6444,0.416821849782744,2055,8308,515,1094,38,6263,24,1434,14,24
"1659","2020-04-29",283,19,184,828,6444,0.416821849782744,2055,8308,515,1094,37,6300,47,1481,14,47
"1660","2020-04-30",277,19,187,803,6444,0.416821849782744,2055,8308,515,1094,33,6333,59,1540,15,59
"1661","2020-05-01",264,19,204,779,6444,0.416821849782744,2055,8308,515,1094,37,6370,44,1584,11,44
"1662","2020-05-02",249,19,235,744,6444,0.416821849782744,2055,8308,515,1094,21,6391,38,1622,9,38
"1663","2020-05-03",275,19,215,718,6444,0.416821849782744,2055,8308,515,1094,28,6419,38,1660,13,38
"1664","2020-05-04",265,19,198,700,6444,0.416821849782744,2055,8308,515,1094,25,6444,72,1732,6,72
"1665","2020-05-05",249,19,185,679,6444,0.416821849782744,2055,8308,515,1094,22,6466,57,1789,3,57
"1666","2020-05-06",236,19,182,656,6444,0.416821849782744,2055,8308,515,1094,24,6490,50,1839,6,50
"1667","2020-05-07",239,19,190,634,6444,0.416821849782744,2055,8308,515,1094,33,6523,15,1854,12,15
"1668","2020-05-08",237,19,164,624,6444,0.416821849782744,2055,8308,515,1094,21,6544,22,1876,7,22
"1669","2020-05-09",263,19,159,596,6444,0.416821849782744,2055,8308,515,1094,29,6573,61,1937,14,61
"1670","2020-05-10",220,19,161,567,6444,0.416821849782744,2055,8308,515,1094,19,6592,42,1979,4,42
"1671","2020-05-11",216,19,149,548,6444,0.416821849782744,2055,8308,515,1094,23,6615,35,2014,7,35
"1672","2020-05-12",208,19,148,531,6444,0.416821849782744,2055,8308,515,1094,20,6635,22,2036,6,22
"1673","2020-05-13",207,19,150,518,6444,0.416821849782744,2055,8308,515,1094,21,6656,20,2056,5,20
"1674","2020-05-14",196,19,214,501,6444,0.416821849782744,2055,8308,515,1094,25,6681,13,2069,8,13
"1675","2020-05-15",194,19,253,490,6444,0.416821849782744,2055,8308,515,1094,16,6697,19,2088,5,19
"1676","2020-05-16",182,19,276,480,6444,0.416821849782744,2055,8308,515,1094,15,6712,48,2136,9,48
"1677","2020-05-17",174,19,298,440,6444,0.416821849782744,2055,8308,515,1094,15,6727,41,2177,5,41
"1678","2020-05-18",156,19,298,416,6444,0.416821849782744,2055,8308,515,1094,12,6739,20,2197,2,20
"1679","2020-05-19",155,19,336,394,6444,0.416821849782744,2055,8308,515,1094,19,6758,13,2210,5,13
"1680","2020-05-20",147,19,337,381,6444,0.416821849782744,2055,8308,515,1094,13,6771,24,2234,3,24
"1681","2020-05-21",138,19,333,359,6444,0.416821849782744,2055,8308,515,1094,9,6780,56,2290,1,56
"1682","2020-05-22",122,19,318,352,6444,0.416821849782744,2055,8308,515,1094,15,6795,43,2333,5,43
"1683","2020-05-23",114,19,312,338,6444,0.416821849782744,2055,8308,515,1094,8,6803,21,2354,3,21
"1684","2020-05-24",99,19,270,323,6444,0.416821849782744,2055,8308,515,1094,10,6813,8,2362,4,8
"1685","2020-05-25",104,19,235,309,6444,0.416821849782744,2055,8308,515,1094,7,6820,17,2379,2,17
"1686","2020-05-26",93,19,210,304,6444,0.416821849782744,2055,8308,515,1094,13,6833,12,2391,4,12
"1687","2020-05-27",93,19,187,288,6444,0.416821849782744,2055,8308,515,1094,22,6855,15,2406,6,15
"1688","2020-05-28",88,19,176,273,6444,0.416821849782744,2055,8308,515,1094,8,6863,52,2458,2,52
"1689","2020-05-29",84,19,159,265,6444,0.416821849782744,2055,8308,515,1094,9,6872,36,2494,NA,36
"1690","2020-05-30",95,19,183,247,6444,0.416821849782744,2055,8308,515,1094,14,6886,55,2549,5,55
"1691","2020-05-31",81,19,167,230,6444,0.416821849782744,2055,8308,515,1094,7,6893,51,2600,2,51
"1692","2020-06-01",74,19,161,221,6444,0.416821849782744,2055,8308,515,1094,5,6898,37,2637,2,37
"1693","2020-06-02",75,19,152,211,6444,0.416821849782744,2055,8308,515,1094,10,6908,61,2698,3,61
"1694","2020-06-03",70,19,142,198,6444,0.416821849782744,2055,8308,515,1094,10,6918,51,2749,3,51
"1695","2020-06-04",75,19,133,191,6444,0.416821849782744,2055,8308,515,1094,10,6928,48,2797,3,48
"1696","2020-06-05",84,19,123,190,6444,0.416821849782744,2055,8308,515,1094,8,6936,21,2818,1,21
"1697","2020-06-06",67,19,146,193,6444,0.416821849782744,2055,8308,515,1094,10,6946,18,2836,2,18
"1698","2020-06-07",74,19,151,183,6444,0.416821849782744,2055,8308,515,1094,5,6951,16,2852,1,16
"1699","2020-03-13",3,20,146,53,6233,0.870848708487085,2100,7574,698,1159,17,61,17,46,2,17
"1700","2020-03-14",6,20,170,83,6233,0.870848708487085,2100,7574,698,1159,33,94,30,76,7,30
"1701","2020-03-15",11,20,171,116,6233,0.870848708487085,2100,7574,698,1159,38,132,41,117,15,41
"1702","2020-03-16",10,20,166,153,6233,0.870848708487085,2100,7574,698,1159,40,172,41,158,20,41
"1703","2020-03-17",12,20,219,190,6233,0.870848708487085,2100,7574,698,1159,47,219,48,206,25,48
"1704","2020-03-18",23,20,267,248,6233,0.870848708487085,2100,7574,698,1159,61,280,43,249,38,43
"1705","2020-03-19",37,20,305,301,6233,0.870848708487085,2100,7574,698,1159,82,362,39,288,52,39
"1706","2020-03-20",51,20,250,357,6233,0.870848708487085,2100,7574,698,1159,87,449,51,339,53,51
"1707","2020-03-21",66,20,235,427,6233,0.870848708487085,2100,7574,698,1159,105,554,52,391,88,52
"1708","2020-03-22",97,20,228,497,6233,0.870848708487085,2100,7574,698,1159,88,642,37,428,76,37
"1709","2020-03-23",109,20,223,579,6233,0.870848708487085,2100,7574,698,1159,102,744,28,456,73,28
"1710","2020-03-24",120,20,250,637,6233,0.870848708487085,2100,7574,698,1159,110,854,50,506,91,50
"1711","2020-03-25",131,20,280,751,6233,0.870848708487085,2100,7574,698,1159,116,970,52,558,89,52
"1712","2020-03-26",149,20,273,843,6233,0.870848708487085,2100,7574,698,1159,136,1106,52,610,112,52
"1713","2020-03-27",202,20,253,930,6233,0.870848708487085,2100,7574,698,1159,154,1260,62,672,138,62
"1714","2020-03-28",262,20,218,1024,6233,0.870848708487085,2100,7574,698,1159,159,1419,39,711,142,39
"1715","2020-03-29",278,20,271,1121,6233,0.870848708487085,2100,7574,698,1159,156,1575,38,749,143,38
"1716","2020-03-30",283,20,260,1196,6233,0.870848708487085,2100,7574,698,1159,182,1757,26,775,161,26
"1717","2020-03-31",308,20,228,1284,6233,0.870848708487085,2100,7574,698,1159,197,1954,26,801,174,26
"1718","2020-04-01",331,20,221,1388,6233,0.870848708487085,2100,7574,698,1159,176,2130,44,845,158,44
"1719","2020-04-02",346,20,215,1442,6233,0.870848708487085,2100,7574,698,1159,205,2335,29,874,186,29
"1720","2020-04-03",450,20,220,1536,6233,0.870848708487085,2100,7574,698,1159,203,2538,30,904,185,30
"1721","2020-04-04",459,20,233,1618,6233,0.870848708487085,2100,7574,698,1159,195,2733,46,950,179,46
"1722","2020-04-05",516,20,281,1702,6233,0.870848708487085,2100,7574,698,1159,193,2926,56,1006,170,56
"1723","2020-04-06",529,20,319,1766,6233,0.870848708487085,2100,7574,698,1159,198,3124,68,1074,181,68
"1724","2020-04-07",519,20,355,1826,6233,0.870848708487085,2100,7574,698,1159,174,3298,53,1127,150,53
"1725","2020-04-08",557,20,346,1842,6233,0.870848708487085,2100,7574,698,1159,170,3468,54,1181,157,54
"1726","2020-04-09",570,20,320,1848,6233,0.870848708487085,2100,7574,698,1159,183,3651,55,1236,169,55
"1727","2020-04-10",678,20,296,1851,6233,0.870848708487085,2100,7574,698,1159,163,3814,66,1302,143,66
"1728","2020-04-11",689,20,263,1881,6233,0.870848708487085,2100,7574,698,1159,148,3962,65,1367,129,65
"1729","2020-04-12",624,20,263,1835,6233,0.870848708487085,2100,7574,698,1159,162,4124,43,1410,148,43
"1730","2020-04-13",629,20,270,1801,6233,0.870848708487085,2100,7574,698,1159,162,4286,45,1455,140,45
"1731","2020-04-14",624,20,250,1722,6233,0.870848708487085,2100,7574,698,1159,156,4442,34,1489,140,34
"1732","2020-04-15",601,20,234,1669,6233,0.870848708487085,2100,7574,698,1159,98,4540,30,1519,83,30
"1733","2020-04-16",583,20,207,1590,6233,0.870848708487085,2100,7574,698,1159,95,4635,24,1543,76,24
"1734","2020-04-17",595,20,210,1521,6233,0.870848708487085,2100,7574,698,1159,105,4740,27,1570,93,27
"1735","2020-04-18",583,20,220,1493,6233,0.870848708487085,2100,7574,698,1159,99,4839,35,1605,81,35
"1736","2020-04-19",512,20,223,1410,6233,0.870848708487085,2100,7574,698,1159,102,4941,27,1632,89,27
"1737","2020-04-20",506,20,286,1352,6233,0.870848708487085,2100,7574,698,1159,73,5014,37,1669,57,37
"1738","2020-04-21",488,20,295,1264,6233,0.870848708487085,2100,7574,698,1159,66,5080,61,1730,54,61
"1739","2020-04-22",470,20,275,1203,6233,0.870848708487085,2100,7574,698,1159,71,5151,61,1791,64,61
"1740","2020-04-23",476,20,249,1135,6233,0.870848708487085,2100,7574,698,1159,71,5222,63,1854,63,63
"1741","2020-04-24",415,20,241,1095,6233,0.870848708487085,2100,7574,698,1159,73,5295,40,1894,62,40
"1742","2020-04-25",407,20,234,1036,6233,0.870848708487085,2100,7574,698,1159,59,5354,39,1933,50,39
"1743","2020-04-26",381,20,249,997,6233,0.870848708487085,2100,7574,698,1159,60,5414,34,1967,46,34
"1744","2020-04-27",359,20,245,921,6233,0.870848708487085,2100,7574,698,1159,38,5452,33,2000,26,33
"1745","2020-04-28",348,20,255,855,6233,0.870848708487085,2100,7574,698,1159,37,5489,46,2046,22,46
"1746","2020-04-29",338,20,238,780,6233,0.870848708487085,2100,7574,698,1159,45,5534,43,2089,36,43
"1747","2020-04-30",318,20,231,727,6233,0.870848708487085,2100,7574,698,1159,45,5579,30,2119,33,30
"1748","2020-05-01",287,20,204,681,6233,0.870848708487085,2100,7574,698,1159,36,5615,43,2162,33,43
"1749","2020-05-02",276,20,204,645,6233,0.870848708487085,2100,7574,698,1159,33,5648,44,2206,26,44
"1750","2020-05-03",254,20,217,592,6233,0.870848708487085,2100,7574,698,1159,35,5683,25,2231,25,25
"1751","2020-05-04",232,20,258,538,6233,0.870848708487085,2100,7574,698,1159,24,5707,42,2273,11,42
"1752","2020-05-05",205,20,270,515,6233,0.870848708487085,2100,7574,698,1159,25,5732,45,2318,19,45
"1753","2020-05-06",192,20,254,493,6233,0.870848708487085,2100,7574,698,1159,16,5748,48,2366,5,48
"1754","2020-05-07",178,20,239,475,6233,0.870848708487085,2100,7574,698,1159,22,5770,58,2424,10,58
"1755","2020-05-08",156,20,222,444,6233,0.870848708487085,2100,7574,698,1159,20,5790,66,2490,11,66
"1756","2020-05-09",145,20,253,428,6233,0.870848708487085,2100,7574,698,1159,25,5815,36,2526,7,36
"1757","2020-05-10",139,20,241,390,6233,0.870848708487085,2100,7574,698,1159,19,5834,39,2565,14,39
"1758","2020-05-11",131,20,204,367,6233,0.870848708487085,2100,7574,698,1159,15,5849,41,2606,6,41
"1759","2020-05-12",124,20,197,343,6233,0.870848708487085,2100,7574,698,1159,17,5866,57,2663,9,57
"1760","2020-05-13",120,20,204,329,6233,0.870848708487085,2100,7574,698,1159,18,5884,51,2714,11,51
"1761","2020-05-14",123,20,219,313,6233,0.870848708487085,2100,7574,698,1159,14,5898,45,2759,11,45
"1762","2020-05-15",124,20,227,294,6233,0.870848708487085,2100,7574,698,1159,22,5920,33,2792,11,33
"1763","2020-05-16",123,20,264,278,6233,0.870848708487085,2100,7574,698,1159,11,5931,28,2820,11,28
"1764","2020-05-17",111,20,273,266,6233,0.870848708487085,2100,7574,698,1159,17,5948,27,2847,11,27
"1765","2020-05-18",109,20,256,270,6233,0.870848708487085,2100,7574,698,1159,18,5966,50,2897,8,50
"1766","2020-05-19",105,20,218,250,6233,0.870848708487085,2100,7574,698,1159,12,5978,37,2934,5,37
"1767","2020-05-20",102,20,213,243,6233,0.870848708487085,2100,7574,698,1159,12,5990,53,2987,4,53
"1768","2020-05-21",99,20,194,226,6233,0.870848708487085,2100,7574,698,1159,8,5998,33,3020,4,33
"1769","2020-05-22",86,20,248,209,6233,0.870848708487085,2100,7574,698,1159,16,6014,26,3046,9,26
"1770","2020-05-23",81,20,237,193,6233,0.870848708487085,2100,7574,698,1159,16,6030,25,3071,12,25
"1771","2020-05-24",75,20,240,187,6233,0.870848708487085,2100,7574,698,1159,19,6049,32,3103,6,32
"1772","2020-05-25",70,20,225,174,6233,0.870848708487085,2100,7574,698,1159,10,6059,51,3154,3,51
"1773","2020-05-26",70,20,209,171,6233,0.870848708487085,2100,7574,698,1159,17,6076,48,3202,10,48
"1774","2020-05-27",64,20,202,173,6233,0.870848708487085,2100,7574,698,1159,15,6091,62,3264,8,62
"1775","2020-05-28",55,20,187,170,6233,0.870848708487085,2100,7574,698,1159,12,6103,37,3301,7,37
"1776","2020-05-29",53,20,205,163,6233,0.870848708487085,2100,7574,698,1159,10,6113,50,3351,6,50
"1777","2020-05-30",49,20,199,157,6233,0.870848708487085,2100,7574,698,1159,12,6125,36,3387,6,36
"1778","2020-05-31",48,20,193,146,6233,0.870848708487085,2100,7574,698,1159,3,6128,42,3429,NA,42
"1779","2020-06-01",49,20,183,136,6233,0.870848708487085,2100,7574,698,1159,18,6146,31,3460,12,31
"1780","2020-06-02",49,20,185,123,6233,0.870848708487085,2100,7574,698,1159,10,6156,42,3502,6,42
"1781","2020-06-03",50,20,176,123,6233,0.870848708487085,2100,7574,698,1159,8,6164,50,3552,5,50
"1782","2020-06-04",50,20,207,127,6233,0.870848708487085,2100,7574,698,1159,9,6173,48,3600,6,48
"1783","2020-06-05",50,20,209,117,6233,0.870848708487085,2100,7574,698,1159,9,6182,57,3657,4,57
"1784","2020-06-06",48,20,202,112,6233,0.870848708487085,2100,7574,698,1159,6,6188,48,3705,3,48
"1785","2020-06-07",43,20,189,107,6233,0.870848708487085,2100,7574,698,1159,9,6197,48,3753,4,48
