"","Date","Absents","Paramset","Infections_or_Exposed_per_day_Patient","Infections_or_Exposed_per_day_HCW","total_infections","nosocomial_proportion","PCR_pooled","LFD_pooled","HCW_symp_test","patient_symp_test","new_hcw_infs","cumulative_hcw_infs","new_pat_infs","cumulative_pats_infs","new_nosocomial_hcw_infs","new_nosocomial_pat_infs"
"1","2020-03-14",3,1,32,67,3924,0.743119266055046,0,0,352,189,23,67,13,27,5,13
"2","2020-03-15",6,1,35,83,3924,0.743119266055046,0,0,352,189,16,83,7,34,5,7
"3","2020-03-16",7,1,31,108,3924,0.743119266055046,0,0,352,189,25,108,1,35,12,1
"4","2020-03-17",17,1,24,125,3924,0.743119266055046,0,0,352,189,17,125,3,38,7,3
"5","2020-03-18",26,1,22,151,3924,0.743119266055046,0,0,352,189,26,151,2,40,16,2
"6","2020-03-19",31,1,20,182,3924,0.743119266055046,0,0,352,189,32,183,1,41,17,1
"7","2020-03-20",40,1,14,201,3924,0.743119266055046,0,0,352,189,25,208,1,42,16,1
"8","2020-03-21",43,1,21,218,3924,0.743119266055046,0,0,352,189,25,233,8,50,14,8
"9","2020-03-22",46,1,25,239,3924,0.743119266055046,0,0,352,189,26,259,5,55,17,5
"10","2020-03-23",62,1,36,264,3924,0.743119266055046,0,0,352,189,35,294,11,66,24,11
"11","2020-03-24",63,1,40,279,3924,0.743119266055046,0,0,352,189,33,327,9,75,25,9
"12","2020-03-25",65,1,43,302,3924,0.743119266055046,0,0,352,189,40,367,6,81,23,6
"13","2020-03-26",72,1,37,316,3924,0.743119266055046,0,0,352,189,36,403,5,86,23,5
"14","2020-03-27",77,1,35,336,3924,0.743119266055046,0,0,352,189,50,453,4,90,35,4
"15","2020-03-28",86,1,31,349,3924,0.743119266055046,0,0,352,189,32,485,8,98,20,8
"16","2020-03-29",95,1,36,357,3924,0.743119266055046,0,0,352,189,34,519,8,106,25,8
"17","2020-03-30",90,1,37,375,3924,0.743119266055046,0,0,352,189,37,556,11,117,25,11
"18","2020-03-31",92,1,51,394,3924,0.743119266055046,0,0,352,189,51,607,13,130,30,13
"19","2020-04-01",93,1,42,413,3924,0.743119266055046,0,0,352,189,46,653,6,136,30,6
"20","2020-04-02",95,1,39,458,3924,0.743119266055046,0,0,352,189,72,725,5,141,55,5
"21","2020-04-03",97,1,40,455,3924,0.743119266055046,0,0,352,189,43,768,9,150,32,9
"22","2020-04-04",103,1,35,480,3924,0.743119266055046,0,0,352,189,51,819,3,153,41,3
"23","2020-04-05",108,1,36,496,3924,0.743119266055046,0,0,352,189,48,867,4,157,38,4
"24","2020-04-06",120,1,31,495,3924,0.743119266055046,0,0,352,189,38,905,7,164,27,7
"25","2020-04-07",131,1,42,503,3924,0.743119266055046,0,0,352,189,53,958,13,177,36,13
"26","2020-04-08",131,1,45,511,3924,0.743119266055046,0,0,352,189,41,999,7,184,31,7
"27","2020-04-09",135,1,47,536,3924,0.743119266055046,0,0,352,189,65,1064,8,192,53,8
"28","2020-04-10",136,1,51,528,3924,0.743119266055046,0,0,352,189,44,1108,10,202,38,10
"29","2020-04-11",134,1,52,552,3924,0.743119266055046,0,0,352,189,60,1168,13,215,45,13
"30","2020-04-12",139,1,54,568,3924,0.743119266055046,0,0,352,189,64,1232,15,230,52,15
"31","2020-04-13",135,1,51,569,3924,0.743119266055046,0,0,352,189,51,1283,7,237,38,7
"32","2020-04-14",131,1,53,571,3924,0.743119266055046,0,0,352,189,60,1343,14,251,39,14
"33","2020-04-15",146,1,58,590,3924,0.743119266055046,0,0,352,189,64,1407,12,263,45,12
"34","2020-04-16",151,1,63,600,3924,0.743119266055046,0,0,352,189,61,1468,11,274,50,11
"35","2020-04-17",165,1,64,602,3924,0.743119266055046,0,0,352,189,58,1526,9,283,44,9
"36","2020-04-18",177,1,61,608,3924,0.743119266055046,0,0,352,189,53,1579,11,294,43,11
"37","2020-04-19",173,1,65,649,3924,0.743119266055046,0,0,352,189,87,1666,12,306,71,12
"38","2020-04-20",174,1,58,666,3924,0.743119266055046,0,0,352,189,64,1730,5,311,50,5
"39","2020-04-21",196,1,50,666,3924,0.743119266055046,0,0,352,189,62,1792,7,318,53,7
"40","2020-04-22",195,1,48,669,3924,0.743119266055046,0,0,352,189,64,1856,5,323,48,5
"41","2020-04-23",193,1,43,682,3924,0.743119266055046,0,0,352,189,58,1914,NA,NA,50,NA
"42","2020-04-24",186,1,44,679,3924,0.743119266055046,0,0,352,189,60,1974,1,324,46,1
"43","2020-04-25",185,1,38,673,3924,0.743119266055046,0,0,352,189,50,2024,7,331,37,7
"44","2020-04-26",190,1,35,683,3924,0.743119266055046,0,0,352,189,66,2090,5,336,52,5
"45","2020-04-27",197,1,48,685,3924,0.743119266055046,0,0,352,189,59,2149,12,348,50,12
"46","2020-04-28",182,1,41,665,3924,0.743119266055046,0,0,352,189,47,2196,9,357,32,9
"47","2020-04-29",180,1,51,648,3924,0.743119266055046,0,0,352,189,53,2249,8,365,40,8
"48","2020-04-30",186,1,54,648,3924,0.743119266055046,0,0,352,189,54,2303,13,378,40,13
"49","2020-05-01",191,1,52,650,3924,0.743119266055046,0,0,352,189,63,2366,8,386,54,8
"50","2020-05-02",182,1,60,625,3924,0.743119266055046,0,0,352,189,55,2421,14,400,47,14
"51","2020-05-03",185,1,67,612,3924,0.743119266055046,0,0,352,189,49,2470,17,417,36,17
"52","2020-05-04",181,1,63,613,3924,0.743119266055046,0,0,352,189,62,2532,10,427,53,10
"53","2020-05-05",182,1,57,619,3924,0.743119266055046,0,0,352,189,69,2601,9,436,57,9
"54","2020-05-06",188,1,51,622,3924,0.743119266055046,0,0,352,189,50,2651,5,441,39,5
"55","2020-05-07",181,1,42,596,3924,0.743119266055046,0,0,352,189,45,2696,4,445,38,4
"56","2020-05-08",175,1,48,597,3924,0.743119266055046,0,0,352,189,56,2752,9,454,45,9
"57","2020-05-09",183,1,50,598,3924,0.743119266055046,0,0,352,189,47,2799,11,465,39,11
"58","2020-05-10",184,1,63,592,3924,0.743119266055046,0,0,352,189,49,2848,16,481,37,16
"59","2020-05-11",176,1,72,594,3924,0.743119266055046,0,0,352,189,55,2903,13,494,50,13
"60","2020-05-12",169,1,71,581,3924,0.743119266055046,0,0,352,189,45,2948,10,504,37,10
"61","2020-05-13",168,1,78,571,3924,0.743119266055046,0,0,352,189,48,2996,16,520,37,16
"62","2020-05-14",174,1,84,573,3924,0.743119266055046,0,0,352,189,60,3056,20,540,50,20
"63","2020-05-15",176,1,89,559,3924,0.743119266055046,0,0,352,189,34,3090,24,564,26,24
"64","2020-05-16",181,1,83,552,3924,0.743119266055046,0,0,352,189,50,3140,13,577,45,13
"65","2020-05-17",165,1,86,533,3924,0.743119266055046,0,0,352,189,32,3172,19,596,27,19
"66","2020-05-18",170,1,88,533,3924,0.743119266055046,0,0,352,189,50,3222,11,607,41,11
"67","2020-05-19",172,1,78,526,3924,0.743119266055046,0,0,352,189,49,3271,8,615,43,8
"68","2020-05-20",173,1,76,534,3924,0.743119266055046,0,0,352,189,55,3326,13,628,45,13
"69","2020-05-21",160,1,75,524,3924,0.743119266055046,0,0,352,189,47,3373,12,640,39,12
"70","2020-05-22",150,1,69,509,3924,0.743119266055046,0,0,352,189,35,3408,9,649,28,9
"71","2020-05-23",130,1,57,490,3924,0.743119266055046,0,0,352,189,36,3444,6,655,31,6
"72","2020-05-24",139,1,51,483,3924,0.743119266055046,0,0,352,189,40,3484,7,662,34,7
"73","2020-05-25",138,1,51,471,3924,0.743119266055046,0,0,352,189,43,3527,12,674,32,12
"74","2020-05-26",129,1,56,457,3924,0.743119266055046,0,0,352,189,36,3563,11,685,32,11
"75","2020-05-27",119,1,55,448,3924,0.743119266055046,0,0,352,189,32,3595,9,694,26,9
"76","2020-05-28",121,1,51,430,3924,0.743119266055046,0,0,352,189,26,3621,6,700,20,6
"77","2020-05-29",127,1,55,413,3924,0.743119266055046,0,0,352,189,29,3650,7,707,23,7
"78","2020-05-30",134,1,59,379,3924,0.743119266055046,0,0,352,189,18,3668,13,720,14,13
"79","2020-05-31",124,1,51,368,3924,0.743119266055046,0,0,352,189,27,3695,6,726,24,6
"80","2020-06-01",115,1,51,346,3924,0.743119266055046,0,0,352,189,23,3718,9,735,18,9
"81","2020-06-02",114,1,48,318,3924,0.743119266055046,0,0,352,189,17,3735,3,738,12,3
"82","2020-06-03",104,1,47,297,3924,0.743119266055046,0,0,352,189,17,3752,7,745,14,7
"83","2020-06-04",107,1,44,282,3924,0.743119266055046,0,0,352,189,21,3773,5,750,18,5
"84","2020-06-05",96,1,39,271,3924,0.743119266055046,0,0,352,189,22,3795,6,756,19,6
"85","2020-06-06",91,1,43,259,3924,0.743119266055046,0,0,352,189,17,3812,11,767,14,11
"86","2020-06-07",87,1,44,247,3924,0.743119266055046,0,0,352,189,19,3831,6,773,12,6
"87","2020-03-13",1,2,16,14,2794,0.810307802433787,0,0,208,93,7,27,2,2,2,2
"88","2020-03-14",2,2,15,19,2794,0.810307802433787,0,0,208,93,13,40,2,4,3,2
"89","2020-03-15",2,2,20,25,2794,0.810307802433787,0,0,208,93,15,55,1,5,5,1
"90","2020-03-16",2,2,19,31,2794,0.810307802433787,0,0,208,93,17,72,4,9,7,4
"91","2020-03-17",2,2,18,41,2794,0.810307802433787,0,0,208,93,17,89,7,16,6,7
"92","2020-03-18",2,2,18,47,2794,0.810307802433787,0,0,208,93,18,107,2,18,13,2
"93","2020-03-19",4,2,16,49,2794,0.810307802433787,0,0,208,93,19,126,6,24,13,6
"94","2020-03-20",5,2,16,59,2794,0.810307802433787,0,0,208,93,21,147,5,29,11,5
"95","2020-03-21",7,2,26,65,2794,0.810307802433787,0,0,208,93,18,165,5,34,10,5
"96","2020-03-22",10,2,21,75,2794,0.810307802433787,0,0,208,93,19,184,7,41,13,7
"97","2020-03-23",11,2,17,82,2794,0.810307802433787,0,0,208,93,26,210,5,46,13,5
"98","2020-03-24",16,2,17,98,2794,0.810307802433787,0,0,208,93,20,230,10,56,9,10
"99","2020-03-25",21,2,11,114,2794,0.810307802433787,0,0,208,93,29,259,7,63,12,7
"100","2020-03-26",26,2,12,132,2794,0.810307802433787,0,0,208,93,22,281,7,70,12,7
"101","2020-03-27",29,2,11,150,2794,0.810307802433787,0,0,208,93,19,300,10,80,13,10
"102","2020-03-28",36,2,11,158,2794,0.810307802433787,0,0,208,93,23,323,6,86,10,6
"103","2020-03-29",42,2,14,172,2794,0.810307802433787,0,0,208,93,22,345,11,97,12,11
"104","2020-03-30",49,2,20,187,2794,0.810307802433787,0,0,208,93,26,371,5,102,20,5
"105","2020-03-31",49,2,34,200,2794,0.810307802433787,0,0,208,93,26,397,6,108,16,6
"106","2020-04-01",52,2,38,209,2794,0.810307802433787,0,0,208,93,24,421,9,117,14,9
"107","2020-04-02",56,2,39,211,2794,0.810307802433787,0,0,208,93,19,440,7,124,6,7
"108","2020-04-03",60,2,35,226,2794,0.810307802433787,0,0,208,93,31,471,8,132,20,8
"109","2020-04-04",63,2,26,237,2794,0.810307802433787,0,0,208,93,21,492,4,136,14,4
"110","2020-04-05",61,2,21,239,2794,0.810307802433787,0,0,208,93,26,518,5,141,11,5
"111","2020-04-06",59,2,18,254,2794,0.810307802433787,0,0,208,93,24,542,4,145,14,4
"112","2020-04-07",60,2,21,255,2794,0.810307802433787,0,0,208,93,28,570,6,151,18,6
"113","2020-04-08",57,2,28,264,2794,0.810307802433787,0,0,208,93,23,593,4,155,11,4
"114","2020-04-09",56,2,38,266,2794,0.810307802433787,0,0,208,93,30,623,7,162,20,7
"115","2020-04-10",56,2,29,279,2794,0.810307802433787,0,0,208,93,21,644,10,172,13,10
"116","2020-04-11",57,2,30,301,2794,0.810307802433787,0,0,208,93,32,676,13,185,15,13
"117","2020-04-12",57,2,36,320,2794,0.810307802433787,0,0,208,93,25,701,10,195,18,10
"118","2020-04-13",67,2,44,351,2794,0.810307802433787,0,0,208,93,29,730,2,197,16,2
"119","2020-04-14",72,2,50,370,2794,0.810307802433787,0,0,208,93,27,757,6,203,17,6
"120","2020-04-15",78,2,46,386,2794,0.810307802433787,0,0,208,93,32,789,12,215,18,12
"121","2020-04-16",86,2,46,392,2794,0.810307802433787,0,0,208,93,20,809,15,230,13,15
"122","2020-04-17",88,2,39,405,2794,0.810307802433787,0,0,208,93,31,840,14,244,17,14
"123","2020-04-18",96,2,35,416,2794,0.810307802433787,0,0,208,93,31,871,7,251,12,7
"124","2020-04-19",104,2,30,445,2794,0.810307802433787,0,0,208,93,25,896,11,262,16,11
"125","2020-04-20",108,2,30,461,2794,0.810307802433787,0,0,208,93,31,927,13,275,12,13
"126","2020-04-21",125,2,33,477,2794,0.810307802433787,0,0,208,93,41,968,12,287,27,12
"127","2020-04-22",132,2,45,494,2794,0.810307802433787,0,0,208,93,32,1000,14,301,20,14
"128","2020-04-23",135,2,46,500,2794,0.810307802433787,0,0,208,93,31,1031,12,313,19,12
"129","2020-04-24",145,2,48,502,2794,0.810307802433787,0,0,208,93,45,1076,12,325,26,12
"130","2020-04-25",145,2,49,494,2794,0.810307802433787,0,0,208,93,37,1113,18,343,25,18
"131","2020-04-26",148,2,49,510,2794,0.810307802433787,0,0,208,93,26,1139,24,367,13,24
"132","2020-04-27",153,2,56,504,2794,0.810307802433787,0,0,208,93,32,1171,17,384,18,17
"133","2020-04-28",145,2,63,494,2794,0.810307802433787,0,0,208,93,28,1199,11,395,14,11
"134","2020-04-29",140,2,64,506,2794,0.810307802433787,0,0,208,93,29,1228,11,406,23,11
"135","2020-04-30",147,2,67,505,2794,0.810307802433787,0,0,208,93,19,1247,13,419,9,13
"136","2020-05-01",151,2,63,507,2794,0.810307802433787,0,0,208,93,28,1275,5,424,15,5
"137","2020-05-02",151,2,64,495,2794,0.810307802433787,0,0,208,93,23,1298,6,430,17,6
"138","2020-05-03",153,2,63,481,2794,0.810307802433787,0,0,208,93,19,1317,9,439,10,9
"139","2020-05-04",145,2,54,476,2794,0.810307802433787,0,0,208,93,22,1339,7,446,12,7
"140","2020-05-05",143,2,42,471,2794,0.810307802433787,0,0,208,93,23,1362,16,462,12,16
"141","2020-05-06",146,2,41,472,2794,0.810307802433787,0,0,208,93,22,1384,11,473,14,11
"142","2020-05-07",129,2,40,460,2794,0.810307802433787,0,0,208,93,23,1407,9,482,13,9
"143","2020-05-08",133,2,36,453,2794,0.810307802433787,0,0,208,93,24,1431,16,498,12,16
"144","2020-05-09",124,2,30,459,2794,0.810307802433787,0,0,208,93,19,1450,7,505,5,7
"145","2020-05-10",123,2,28,482,2794,0.810307802433787,0,0,208,93,18,1468,21,526,7,21
"146","2020-05-11",130,2,42,484,2794,0.810307802433787,0,0,208,93,23,1491,9,535,13,9
"147","2020-05-12",126,2,49,491,2794,0.810307802433787,0,0,208,93,19,1510,14,549,9,14
"148","2020-05-13",131,2,49,501,2794,0.810307802433787,0,0,208,93,20,1530,16,565,10,16
"149","2020-05-14",137,2,43,514,2794,0.810307802433787,0,0,208,93,23,1553,18,583,14,18
"150","2020-05-15",130,2,51,497,2794,0.810307802433787,0,0,208,93,17,1570,18,601,8,18
"151","2020-05-16",141,2,57,502,2794,0.810307802433787,0,0,208,93,13,1583,13,614,4,13
"152","2020-05-17",154,2,49,500,2794,0.810307802433787,0,0,208,93,21,1604,14,628,7,14
"153","2020-05-18",155,2,45,495,2794,0.810307802433787,0,0,208,93,15,1619,22,650,5,22
"154","2020-05-19",164,2,47,493,2794,0.810307802433787,0,0,208,93,17,1636,15,665,8,15
"155","2020-05-20",161,2,56,478,2794,0.810307802433787,0,0,208,93,14,1650,22,687,6,22
"156","2020-05-21",161,2,47,460,2794,0.810307802433787,0,0,208,93,11,1661,18,705,6,18
"157","2020-05-22",156,2,51,455,2794,0.810307802433787,0,0,208,93,18,1679,18,723,10,18
"158","2020-05-23",147,2,48,452,2794,0.810307802433787,0,0,208,93,15,1694,18,741,11,18
"159","2020-05-24",135,2,41,431,2794,0.810307802433787,0,0,208,93,16,1710,8,749,5,8
"160","2020-05-25",124,2,43,406,2794,0.810307802433787,0,0,208,93,14,1724,18,767,4,18
"161","2020-05-26",119,2,49,398,2794,0.810307802433787,0,0,208,93,12,1736,17,784,6,17
"162","2020-05-27",125,2,54,380,2794,0.810307802433787,0,0,208,93,7,1743,9,793,2,9
"163","2020-05-28",123,2,43,369,2794,0.810307802433787,0,0,208,93,17,1760,4,797,10,4
"164","2020-05-29",119,2,42,352,2794,0.810307802433787,0,0,208,93,16,1776,11,808,10,11
"165","2020-05-30",126,2,45,340,2794,0.810307802433787,0,0,208,93,9,1785,7,815,4,7
"166","2020-05-31",118,2,48,322,2794,0.810307802433787,0,0,208,93,6,1791,15,830,3,15
"167","2020-06-01",121,2,49,308,2794,0.810307802433787,0,0,208,93,14,1805,6,836,10,6
"168","2020-06-02",115,2,35,305,2794,0.810307802433787,0,0,208,93,15,1820,10,846,9,10
"169","2020-06-03",106,2,34,289,2794,0.810307802433787,0,0,208,93,13,1833,10,856,8,10
"170","2020-06-04",98,2,31,268,2794,0.810307802433787,0,0,208,93,7,1840,8,864,3,8
"171","2020-06-05",99,2,25,260,2794,0.810307802433787,0,0,208,93,13,1853,12,876,6,12
"172","2020-06-06",85,2,24,241,2794,0.810307802433787,0,0,208,93,15,1868,16,892,9,16
"173","2020-06-07",81,2,24,231,2794,0.810307802433787,0,0,208,93,9,1877,11,903,5,11
"174","2020-03-13",1,3,26,40,2452,0.588907014681892,0,0,246,462,9,15,13,16,6,13
"175","2020-03-14",1,3,38,55,2452,0.588907014681892,0,0,246,462,8,23,11,27,7,11
"176","2020-03-15",3,3,51,70,2452,0.588907014681892,0,0,246,462,8,31,5,32,6,5
"177","2020-03-16",9,3,53,98,2452,0.588907014681892,0,0,246,462,7,38,4,36,6,4
"178","2020-03-17",12,3,57,116,2452,0.588907014681892,0,0,246,462,10,48,2,38,6,2
"179","2020-03-18",21,3,60,138,2452,0.588907014681892,0,0,246,462,7,55,6,44,6,6
"180","2020-03-19",24,3,65,156,2452,0.588907014681892,0,0,246,462,10,65,7,51,7,7
"181","2020-03-20",30,3,76,181,2452,0.588907014681892,0,0,246,462,6,71,2,53,5,2
"182","2020-03-21",35,3,89,201,2452,0.588907014681892,0,0,246,462,11,82,6,59,6,6
"183","2020-03-22",40,3,105,220,2452,0.588907014681892,0,0,246,462,18,100,1,60,9,1
"184","2020-03-23",44,3,117,236,2452,0.588907014681892,0,0,246,462,13,113,2,62,10,2
"185","2020-03-24",48,3,126,252,2452,0.588907014681892,0,0,246,462,18,131,1,63,16,1
"186","2020-03-25",51,3,142,266,2452,0.588907014681892,0,0,246,462,28,159,4,67,25,4
"187","2020-03-26",63,3,127,269,2452,0.588907014681892,0,0,246,462,17,176,8,75,13,8
"188","2020-03-27",68,3,128,288,2452,0.588907014681892,0,0,246,462,21,197,7,82,20,7
"189","2020-03-28",72,3,134,295,2452,0.588907014681892,0,0,246,462,19,216,5,87,16,5
"190","2020-03-29",74,3,133,305,2452,0.588907014681892,0,0,246,462,26,242,4,91,23,4
"191","2020-03-30",73,3,140,318,2452,0.588907014681892,0,0,246,462,34,276,10,101,30,10
"192","2020-03-31",83,3,138,329,2452,0.588907014681892,0,0,246,462,37,313,12,113,32,12
"193","2020-04-01",79,3,146,353,2452,0.588907014681892,0,0,246,462,39,352,13,126,34,13
"194","2020-04-02",84,3,146,361,2452,0.588907014681892,0,0,246,462,42,394,4,130,37,4
"195","2020-04-03",86,3,162,365,2452,0.588907014681892,0,0,246,462,31,425,8,138,29,8
"196","2020-04-04",91,3,153,366,2452,0.588907014681892,0,0,246,462,45,470,13,151,43,13
"197","2020-04-05",99,3,124,372,2452,0.588907014681892,0,0,246,462,53,523,7,158,49,7
"198","2020-04-06",106,3,119,382,2452,0.588907014681892,0,0,246,462,50,573,6,164,47,6
"199","2020-04-07",108,3,133,371,2452,0.588907014681892,0,0,246,462,51,624,12,176,47,12
"200","2020-04-08",117,3,142,380,2452,0.588907014681892,0,0,246,462,52,676,13,189,51,13
"201","2020-04-09",115,3,160,383,2452,0.588907014681892,0,0,246,462,67,743,11,200,64,11
"202","2020-04-10",122,3,176,379,2452,0.588907014681892,0,0,246,462,53,796,11,211,49,11
"203","2020-04-11",124,3,178,380,2452,0.588907014681892,0,0,246,462,57,853,24,235,54,24
"204","2020-04-12",128,3,159,386,2452,0.588907014681892,0,0,246,462,80,933,11,246,77,11
"205","2020-04-13",124,3,173,381,2452,0.588907014681892,0,0,246,462,74,1007,17,263,73,17
"206","2020-04-14",117,3,174,366,2452,0.588907014681892,0,0,246,462,83,1090,9,272,80,9
"207","2020-04-15",116,3,180,380,2452,0.588907014681892,0,0,246,462,68,1158,13,285,65,13
"208","2020-04-16",108,3,197,370,2452,0.588907014681892,0,0,246,462,87,1245,2,287,83,2
"209","2020-04-17",100,3,210,377,2452,0.588907014681892,0,0,246,462,89,1334,8,295,83,8
"210","2020-04-18",98,3,209,366,2452,0.588907014681892,0,0,246,462,65,1399,14,309,64,14
"211","2020-04-19",84,3,211,364,2452,0.588907014681892,0,0,246,462,80,1479,15,324,78,15
"212","2020-04-20",90,3,236,362,2452,0.588907014681892,0,0,246,462,93,1572,11,335,91,11
"213","2020-04-21",92,3,237,357,2452,0.588907014681892,0,0,246,462,97,1669,11,346,94,11
"214","2020-04-22",90,3,228,353,2452,0.588907014681892,0,0,246,462,97,1766,16,362,95,16
"215","2020-04-23",98,3,190,353,2452,0.588907014681892,0,0,246,462,119,1885,9,371,115,9
"216","2020-04-24",99,3,188,348,2452,0.588907014681892,0,0,246,462,101,1986,16,387,97,16
"217","2020-04-25",103,3,202,350,2452,0.588907014681892,0,0,246,462,97,2083,13,400,93,13
"218","2020-04-26",114,3,224,335,2452,0.588907014681892,0,0,246,462,101,2184,14,414,98,14
"219","2020-04-27",107,3,232,318,2452,0.588907014681892,0,0,246,462,93,2277,16,430,93,16
"220","2020-04-28",108,3,229,310,2452,0.588907014681892,0,0,246,462,96,2373,14,444,93,14
"221","2020-04-29",100,3,224,316,2452,0.588907014681892,0,0,246,462,103,2476,11,455,101,11
"222","2020-04-30",94,3,216,315,2452,0.588907014681892,0,0,246,462,98,2574,9,464,97,9
"223","2020-05-01",90,3,220,303,2452,0.588907014681892,0,0,246,462,71,2645,8,472,69,8
"224","2020-05-02",85,3,211,299,2452,0.588907014681892,0,0,246,462,107,2752,14,486,104,14
"225","2020-05-03",84,3,218,288,2452,0.588907014681892,0,0,246,462,103,2855,21,507,98,21
"226","2020-05-04",88,3,221,293,2452,0.588907014681892,0,0,246,462,109,2964,15,522,108,15
"227","2020-05-05",88,3,216,291,2452,0.588907014681892,0,0,246,462,88,3052,18,540,88,18
"228","2020-05-06",88,3,208,299,2452,0.588907014681892,0,0,246,462,120,3172,11,551,120,11
"229","2020-05-07",91,3,200,295,2452,0.588907014681892,0,0,246,462,66,3238,17,568,65,17
"230","2020-05-08",95,3,206,293,2452,0.588907014681892,0,0,246,462,101,3339,16,584,99,16
"231","2020-05-09",90,3,198,296,2452,0.588907014681892,0,0,246,462,96,3435,22,606,95,22
"232","2020-05-10",84,3,194,315,2452,0.588907014681892,0,0,246,462,71,3506,21,627,69,21
"233","2020-05-11",79,3,192,321,2452,0.588907014681892,0,0,246,462,87,3593,24,651,85,24
"234","2020-05-12",77,3,192,324,2452,0.588907014681892,0,0,246,462,75,3668,23,674,72,23
"235","2020-05-13",86,3,207,322,2452,0.588907014681892,0,0,246,462,79,3747,19,693,76,19
"236","2020-05-14",87,3,203,330,2452,0.588907014681892,0,0,246,462,73,3820,25,718,72,25
"237","2020-05-15",80,3,201,328,2452,0.588907014681892,0,0,246,462,63,3883,28,746,60,28
"238","2020-05-16",85,3,185,320,2452,0.588907014681892,0,0,246,462,70,3953,21,767,66,21
"239","2020-05-17",86,3,196,311,2452,0.588907014681892,0,0,246,462,72,4025,28,795,71,28
"240","2020-05-18",94,3,195,309,2452,0.588907014681892,0,0,246,462,61,4086,22,817,58,22
"241","2020-05-19",92,3,189,314,2452,0.588907014681892,0,0,246,462,41,4127,14,831,37,14
"242","2020-05-20",85,3,188,314,2452,0.588907014681892,0,0,246,462,46,4173,8,839,44,8
"243","2020-05-21",85,3,175,309,2452,0.588907014681892,0,0,246,462,45,4218,19,858,42,19
"244","2020-05-22",93,3,174,296,2452,0.588907014681892,0,0,246,462,33,4251,18,876,31,18
"245","2020-05-23",91,3,161,297,2452,0.588907014681892,0,0,246,462,39,4290,19,895,39,19
"246","2020-05-24",92,3,156,283,2452,0.588907014681892,0,0,246,462,42,4332,20,915,42,20
"247","2020-05-25",81,3,161,273,2452,0.588907014681892,0,0,246,462,39,4371,12,927,37,12
"248","2020-05-26",81,3,171,271,2452,0.588907014681892,0,0,246,462,43,4414,20,947,41,20
"249","2020-05-27",80,3,173,261,2452,0.588907014681892,0,0,246,462,21,4435,15,962,20,15
"250","2020-05-28",81,3,173,253,2452,0.588907014681892,0,0,246,462,31,4466,13,975,31,13
"251","2020-05-29",75,3,164,246,2452,0.588907014681892,0,0,246,462,47,4513,12,987,45,12
"252","2020-05-30",81,3,165,248,2452,0.588907014681892,0,0,246,462,22,4535,22,1009,20,22
"253","2020-05-31",77,3,157,243,2452,0.588907014681892,0,0,246,462,29,4564,15,1024,28,15
"254","2020-06-01",83,3,159,230,2452,0.588907014681892,0,0,246,462,31,4595,17,1041,31,17
"255","2020-06-02",84,3,157,225,2452,0.588907014681892,0,0,246,462,24,4619,15,1056,23,15
"256","2020-06-03",88,3,159,226,2452,0.588907014681892,0,0,246,462,31,4650,29,1085,31,29
"257","2020-06-04",80,3,158,224,2452,0.588907014681892,0,0,246,462,23,4673,19,1104,22,19
"258","2020-06-05",75,3,178,216,2452,0.588907014681892,0,0,246,462,19,4692,27,1131,18,27
"259","2020-06-06",67,3,193,206,2452,0.588907014681892,0,0,246,462,24,4716,18,1149,24,18
"260","2020-06-07",67,3,200,208,2452,0.588907014681892,0,0,246,462,17,4733,17,1166,16,17
"261","2020-03-13",1,4,21,23,2775,0.845405405405405,0,0,269,203,7,33,10,24,2,10
"262","2020-03-14",2,4,21,33,2775,0.845405405405405,0,0,269,203,21,54,26,50,12,26
"263","2020-03-15",4,4,24,40,2775,0.845405405405405,0,0,269,203,25,79,14,64,13,14
"264","2020-03-16",6,4,25,52,2775,0.845405405405405,0,0,269,203,33,112,16,80,23,16
"265","2020-03-17",10,4,24,62,2775,0.845405405405405,0,0,269,203,41,153,8,88,32,8
"266","2020-03-18",13,4,28,74,2775,0.845405405405405,0,0,269,203,40,193,16,104,31,16
"267","2020-03-19",16,4,24,89,2775,0.845405405405405,0,0,269,203,66,259,9,113,59,9
"268","2020-03-20",22,4,28,105,2775,0.845405405405405,0,0,269,203,63,322,12,125,55,12
"269","2020-03-21",24,4,24,114,2775,0.845405405405405,0,0,269,203,93,415,14,139,84,14
"270","2020-03-22",30,4,38,130,2775,0.845405405405405,0,0,269,203,88,503,17,156,72,17
"271","2020-03-23",39,4,45,148,2775,0.845405405405405,0,0,269,203,111,614,7,163,99,7
"272","2020-03-24",38,4,44,158,2775,0.845405405405405,0,0,269,203,129,743,12,175,123,12
"273","2020-03-25",41,4,43,162,2775,0.845405405405405,0,0,269,203,151,894,6,181,142,6
"274","2020-03-26",46,4,44,161,2775,0.845405405405405,0,0,269,203,143,1037,9,190,134,9
"275","2020-03-27",45,4,45,161,2775,0.845405405405405,0,0,269,203,190,1227,5,195,183,5
"276","2020-03-28",50,4,43,167,2775,0.845405405405405,0,0,269,203,150,1377,19,214,138,19
"277","2020-03-29",54,4,46,184,2775,0.845405405405405,0,0,269,203,220,1597,20,234,209,20
"278","2020-03-30",49,4,48,194,2775,0.845405405405405,0,0,269,203,293,1890,10,244,282,10
"279","2020-03-31",53,4,46,205,2775,0.845405405405405,0,0,269,203,284,2174,14,258,273,14
"280","2020-04-01",55,4,36,208,2775,0.845405405405405,0,0,269,203,250,2424,23,281,240,23
"281","2020-04-02",54,4,34,223,2775,0.845405405405405,0,0,269,203,336,2760,27,308,329,27
"282","2020-04-03",59,4,28,233,2775,0.845405405405405,0,0,269,203,366,3126,33,341,352,33
"283","2020-04-04",57,4,26,231,2775,0.845405405405405,0,0,269,203,308,3434,28,369,303,28
"284","2020-04-05",51,4,32,250,2775,0.845405405405405,0,0,269,203,282,3716,23,392,276,23
"285","2020-04-06",57,4,31,264,2775,0.845405405405405,0,0,269,203,300,4016,18,410,291,18
"286","2020-04-07",59,4,29,281,2775,0.845405405405405,0,0,269,203,373,4389,30,440,367,30
"287","2020-04-08",58,4,33,295,2775,0.845405405405405,0,0,269,203,342,4731,13,453,338,13
"288","2020-04-09",62,4,42,311,2775,0.845405405405405,0,0,269,203,337,5068,12,465,330,12
"289","2020-04-10",68,4,50,335,2775,0.845405405405405,0,0,269,203,266,5334,7,472,263,7
"290","2020-04-11",73,4,47,353,2775,0.845405405405405,0,0,269,203,215,5549,9,481,212,9
"291","2020-04-12",78,4,52,367,2775,0.845405405405405,0,0,269,203,252,5801,19,500,249,19
"292","2020-04-13",88,4,64,381,2775,0.845405405405405,0,0,269,203,171,5972,28,528,168,28
"293","2020-04-14",90,4,64,409,2775,0.845405405405405,0,0,269,203,208,6180,20,548,203,20
"294","2020-04-15",95,4,60,421,2775,0.845405405405405,0,0,269,203,130,6310,30,578,126,30
"295","2020-04-16",96,4,67,425,2775,0.845405405405405,0,0,269,203,161,6471,24,602,157,24
"296","2020-04-17",89,4,73,437,2775,0.845405405405405,0,0,269,203,112,6583,29,631,108,29
"297","2020-04-18",99,4,68,442,2775,0.845405405405405,0,0,269,203,92,6675,29,660,91,29
"298","2020-04-19",103,4,67,456,2775,0.845405405405405,0,0,269,203,75,6750,30,690,74,30
"299","2020-04-20",103,4,53,460,2775,0.845405405405405,0,0,269,203,65,6815,26,716,61,26
"300","2020-04-21",102,4,46,466,2775,0.845405405405405,0,0,269,203,38,6853,33,749,37,33
"301","2020-04-22",109,4,50,461,2775,0.845405405405405,0,0,269,203,36,6889,17,766,32,17
"302","2020-04-23",111,4,54,471,2775,0.845405405405405,0,0,269,203,36,6925,30,796,33,30
"303","2020-04-24",118,4,54,473,2775,0.845405405405405,0,0,269,203,45,6970,24,820,42,24
"304","2020-04-25",114,4,54,483,2775,0.845405405405405,0,0,269,203,36,7006,31,851,33,31
"305","2020-04-26",118,4,61,488,2775,0.845405405405405,0,0,269,203,21,7027,16,867,19,16
"306","2020-04-27",116,4,71,487,2775,0.845405405405405,0,0,269,203,23,7050,32,899,23,32
"307","2020-04-28",127,4,78,504,2775,0.845405405405405,0,0,269,203,14,7064,29,928,13,29
"308","2020-04-29",128,4,68,513,2775,0.845405405405405,0,0,269,203,24,7088,34,962,20,34
"309","2020-04-30",134,4,67,512,2775,0.845405405405405,0,0,269,203,18,7106,32,994,18,32
"310","2020-05-01",132,4,84,510,2775,0.845405405405405,0,0,269,203,11,7117,15,1009,9,15
"311","2020-05-02",143,4,85,523,2775,0.845405405405405,0,0,269,203,6,7123,21,1030,4,21
"312","2020-05-03",146,4,80,518,2775,0.845405405405405,0,0,269,203,5,7128,19,1049,3,19
"313","2020-05-04",153,4,75,523,2775,0.845405405405405,0,0,269,203,9,7137,35,1084,9,35
"314","2020-05-05",149,4,69,529,2775,0.845405405405405,0,0,269,203,7,7144,20,1104,6,20
"315","2020-05-06",158,4,64,544,2775,0.845405405405405,0,0,269,203,5,7149,15,1119,4,15
"316","2020-05-07",160,4,72,539,2775,0.845405405405405,0,0,269,203,9,7158,9,1128,9,9
"317","2020-05-08",174,4,72,532,2775,0.845405405405405,0,0,269,203,6,7164,12,1140,2,12
"318","2020-05-09",172,4,81,515,2775,0.845405405405405,0,0,269,203,6,7170,29,1169,4,29
"319","2020-05-10",169,4,80,518,2775,0.845405405405405,0,0,269,203,7,7177,32,1201,6,32
"320","2020-05-11",174,4,91,494,2775,0.845405405405405,0,0,269,203,4,7181,37,1238,1,37
"321","2020-05-12",173,4,92,483,2775,0.845405405405405,0,0,269,203,3,7184,30,1268,2,30
"322","2020-05-13",162,4,82,480,2775,0.845405405405405,0,0,269,203,6,7190,41,1309,4,41
"323","2020-05-14",160,4,73,456,2775,0.845405405405405,0,0,269,203,1,7191,49,1358,1,49
"324","2020-05-15",150,4,66,448,2775,0.845405405405405,0,0,269,203,10,7201,39,1397,7,39
"325","2020-05-16",138,4,57,442,2775,0.845405405405405,0,0,269,203,2,7203,16,1413,2,16
"326","2020-05-17",130,4,50,425,2775,0.845405405405405,0,0,269,203,4,7207,23,1436,3,23
"327","2020-05-18",117,4,48,415,2775,0.845405405405405,0,0,269,203,6,7213,19,1455,4,19
"328","2020-05-19",117,4,42,403,2775,0.845405405405405,0,0,269,203,4,7217,13,1468,4,13
"329","2020-05-20",111,4,54,390,2775,0.845405405405405,0,0,269,203,6,7223,19,1487,4,19
"330","2020-05-21",108,4,42,387,2775,0.845405405405405,0,0,269,203,7,7230,15,1502,4,15
"331","2020-05-22",97,4,45,368,2775,0.845405405405405,0,0,269,203,2,7232,28,1530,NA,28
"332","2020-05-23",97,4,51,357,2775,0.845405405405405,0,0,269,203,3,7235,12,1542,3,12
"333","2020-05-24",101,4,53,351,2775,0.845405405405405,0,0,269,203,5,7240,10,1552,4,10
"334","2020-05-25",97,4,57,336,2775,0.845405405405405,0,0,269,203,3,7243,27,1579,2,27
"335","2020-05-26",93,4,67,336,2775,0.845405405405405,0,0,269,203,4,7247,19,1598,3,19
"336","2020-05-27",92,4,71,320,2775,0.845405405405405,0,0,269,203,3,7250,29,1627,2,29
"337","2020-05-28",86,4,63,297,2775,0.845405405405405,0,0,269,203,3,7253,16,1643,2,16
"338","2020-05-29",88,4,67,287,2775,0.845405405405405,0,0,269,203,1,7254,12,1655,1,12
"339","2020-05-30",89,4,74,270,2775,0.845405405405405,0,0,269,203,5,7259,21,1676,2,21
"340","2020-05-31",83,4,73,258,2775,0.845405405405405,0,0,269,203,2,7261,6,1682,1,6
"341","2020-06-01",78,4,73,237,2775,0.845405405405405,0,0,269,203,1,7262,9,1691,1,9
"342","2020-06-02",79,4,69,227,2775,0.845405405405405,0,0,269,203,2,7264,8,1699,1,8
"343","2020-06-03",74,4,56,206,2775,0.845405405405405,0,0,269,203,5,7269,18,1717,3,18
"344","2020-06-04",73,4,45,201,2775,0.845405405405405,0,0,269,203,NA,NA,15,1732,NA,15
"345","2020-06-05",69,4,52,183,2775,0.845405405405405,0,0,269,203,NA,NA,6,1738,NA,6
"346","2020-06-06",63,4,43,176,2775,0.845405405405405,0,0,269,203,3,7272,8,1746,1,8
"347","2020-06-07",62,4,36,166,2775,0.845405405405405,0,0,269,203,1,7273,14,1760,NA,14
"348","2020-03-15",1,5,13,38,2263,0.720282810428635,0,0,226,126,6,22,1,15,2,1
"349","2020-03-16",2,5,12,57,2263,0.720282810428635,0,0,226,126,5,27,4,19,2,4
"350","2020-03-17",2,5,17,65,2263,0.720282810428635,0,0,226,126,6,33,4,23,4,4
"351","2020-03-18",5,5,14,76,2263,0.720282810428635,0,0,226,126,10,43,4,27,6,4
"352","2020-03-19",9,5,14,89,2263,0.720282810428635,0,0,226,126,9,52,10,37,6,10
"353","2020-03-20",14,5,13,100,2263,0.720282810428635,0,0,226,126,14,66,8,45,10,8
"354","2020-03-21",18,5,12,116,2263,0.720282810428635,0,0,226,126,11,77,12,57,9,12
"355","2020-03-22",24,5,14,125,2263,0.720282810428635,0,0,226,126,13,90,5,62,7,5
"356","2020-03-23",31,5,13,132,2263,0.720282810428635,0,0,226,126,14,104,10,72,9,10
"357","2020-03-24",35,5,12,140,2263,0.720282810428635,0,0,226,126,15,119,6,78,13,6
"358","2020-03-25",35,5,11,140,2263,0.720282810428635,0,0,226,126,18,137,4,82,14,4
"359","2020-03-26",33,5,14,152,2263,0.720282810428635,0,0,226,126,12,149,7,89,11,7
"360","2020-03-27",39,5,12,159,2263,0.720282810428635,0,0,226,126,23,172,12,101,20,12
"361","2020-03-28",41,5,15,168,2263,0.720282810428635,0,0,226,126,14,186,14,115,10,14
"362","2020-03-29",41,5,16,173,2263,0.720282810428635,0,0,226,126,18,204,7,122,14,7
"363","2020-03-30",37,5,17,184,2263,0.720282810428635,0,0,226,126,20,224,12,134,15,12
"364","2020-03-31",42,5,16,203,2263,0.720282810428635,0,0,226,126,34,258,13,147,28,13
"365","2020-04-01",47,5,20,213,2263,0.720282810428635,0,0,226,126,24,282,12,159,20,12
"366","2020-04-02",56,5,24,215,2263,0.720282810428635,0,0,226,126,15,297,23,182,14,23
"367","2020-04-03",53,5,26,221,2263,0.720282810428635,0,0,226,126,26,323,9,191,22,9
"368","2020-04-04",54,5,27,234,2263,0.720282810428635,0,0,226,126,22,345,13,204,19,13
"369","2020-04-05",54,5,27,242,2263,0.720282810428635,0,0,226,126,26,371,15,219,23,15
"370","2020-04-06",57,5,33,252,2263,0.720282810428635,0,0,226,126,31,402,19,238,23,19
"371","2020-04-07",55,5,31,269,2263,0.720282810428635,0,0,226,126,28,430,20,258,23,20
"372","2020-04-08",62,5,32,286,2263,0.720282810428635,0,0,226,126,26,456,21,279,22,21
"373","2020-04-09",59,5,31,281,2263,0.720282810428635,0,0,226,126,23,479,11,290,23,11
"374","2020-04-10",59,5,30,302,2263,0.720282810428635,0,0,226,126,33,512,10,300,30,10
"375","2020-04-11",65,5,31,317,2263,0.720282810428635,0,0,226,126,26,538,16,316,17,16
"376","2020-04-12",71,5,33,336,2263,0.720282810428635,0,0,226,126,29,567,12,328,24,12
"377","2020-04-13",79,5,43,368,2263,0.720282810428635,0,0,226,126,27,594,17,345,20,17
"378","2020-04-14",90,5,40,380,2263,0.720282810428635,0,0,226,126,32,626,13,358,26,13
"379","2020-04-15",89,5,41,388,2263,0.720282810428635,0,0,226,126,31,657,12,370,25,12
"380","2020-04-16",95,5,37,403,2263,0.720282810428635,0,0,226,126,38,695,7,377,32,7
"381","2020-04-17",104,5,39,414,2263,0.720282810428635,0,0,226,126,31,726,6,383,29,6
"382","2020-04-18",112,5,33,427,2263,0.720282810428635,0,0,226,126,33,759,22,405,29,22
"383","2020-04-19",118,5,35,434,2263,0.720282810428635,0,0,226,126,37,796,28,433,33,28
"384","2020-04-20",118,5,39,443,2263,0.720282810428635,0,0,226,126,35,831,12,445,31,12
"385","2020-04-21",124,5,38,452,2263,0.720282810428635,0,0,226,126,30,861,11,456,27,11
"386","2020-04-22",130,5,46,464,2263,0.720282810428635,0,0,226,126,32,893,12,468,22,12
"387","2020-04-23",133,5,46,469,2263,0.720282810428635,0,0,226,126,38,931,18,486,32,18
"388","2020-04-24",139,5,46,474,2263,0.720282810428635,0,0,226,126,39,970,8,494,30,8
"389","2020-04-25",137,5,41,478,2263,0.720282810428635,0,0,226,126,26,996,12,506,24,12
"390","2020-04-26",134,5,49,470,2263,0.720282810428635,0,0,226,126,38,1034,21,527,33,21
"391","2020-04-27",138,5,49,483,2263,0.720282810428635,0,0,226,126,32,1066,13,540,27,13
"392","2020-04-28",134,5,48,493,2263,0.720282810428635,0,0,226,126,32,1098,10,550,29,10
"393","2020-04-29",142,5,50,478,2263,0.720282810428635,0,0,226,126,31,1129,14,564,25,14
"394","2020-04-30",149,5,57,469,2263,0.720282810428635,0,0,226,126,36,1165,13,577,30,13
"395","2020-05-01",142,5,57,453,2263,0.720282810428635,0,0,226,126,42,1207,14,591,36,14
"396","2020-05-02",137,5,52,450,2263,0.720282810428635,0,0,226,126,43,1250,19,610,33,19
"397","2020-05-03",135,5,59,444,2263,0.720282810428635,0,0,226,126,31,1281,30,640,28,30
"398","2020-05-04",132,5,65,443,2263,0.720282810428635,0,0,226,126,33,1314,23,663,27,23
"399","2020-05-05",133,5,60,432,2263,0.720282810428635,0,0,226,126,26,1340,33,696,19,33
"400","2020-05-06",127,5,62,427,2263,0.720282810428635,0,0,226,126,27,1367,24,720,24,24
"401","2020-05-07",120,5,64,407,2263,0.720282810428635,0,0,226,126,20,1387,27,747,17,27
"402","2020-05-08",125,5,59,391,2263,0.720282810428635,0,0,226,126,33,1420,11,758,27,11
"403","2020-05-09",130,5,65,376,2263,0.720282810428635,0,0,226,126,27,1447,16,774,22,16
"404","2020-05-10",127,5,63,346,2263,0.720282810428635,0,0,226,126,28,1475,16,790,26,16
"405","2020-05-11",129,5,68,331,2263,0.720282810428635,0,0,226,126,30,1505,21,811,27,21
"406","2020-05-12",134,5,66,322,2263,0.720282810428635,0,0,226,126,20,1525,18,829,19,18
"407","2020-05-13",131,5,73,310,2263,0.720282810428635,0,0,226,126,22,1547,20,849,19,20
"408","2020-05-14",125,5,60,291,2263,0.720282810428635,0,0,226,126,27,1574,23,872,25,23
"409","2020-05-15",111,5,50,299,2263,0.720282810428635,0,0,226,126,20,1594,12,884,18,12
"410","2020-05-16",105,5,43,277,2263,0.720282810428635,0,0,226,126,20,1614,25,909,17,25
"411","2020-05-17",99,5,39,260,2263,0.720282810428635,0,0,226,126,24,1638,12,921,22,12
"412","2020-05-18",89,5,41,258,2263,0.720282810428635,0,0,226,126,18,1656,15,936,13,15
"413","2020-05-19",67,5,39,249,2263,0.720282810428635,0,0,226,126,20,1676,15,951,16,15
"414","2020-05-20",58,5,40,233,2263,0.720282810428635,0,0,226,126,17,1693,25,976,13,25
"415","2020-05-21",58,5,49,231,2263,0.720282810428635,0,0,226,126,24,1717,12,988,15,12
"416","2020-05-22",60,5,55,222,2263,0.720282810428635,0,0,226,126,23,1740,17,1005,20,17
"417","2020-05-23",61,5,49,211,2263,0.720282810428635,0,0,226,126,25,1765,16,1021,22,16
"418","2020-05-24",71,5,39,209,2263,0.720282810428635,0,0,226,126,17,1782,10,1031,11,10
"419","2020-05-25",70,5,40,199,2263,0.720282810428635,0,0,226,126,15,1797,17,1048,13,17
"420","2020-05-26",76,5,37,195,2263,0.720282810428635,0,0,226,126,18,1815,17,1065,17,17
"421","2020-05-27",72,5,36,186,2263,0.720282810428635,0,0,226,126,19,1834,14,1079,17,14
"422","2020-05-28",72,5,35,178,2263,0.720282810428635,0,0,226,126,20,1854,11,1090,20,11
"423","2020-05-29",71,5,37,176,2263,0.720282810428635,0,0,226,126,15,1869,15,1105,13,15
"424","2020-05-30",60,5,34,168,2263,0.720282810428635,0,0,226,126,11,1880,15,1120,10,15
"425","2020-05-31",49,5,36,165,2263,0.720282810428635,0,0,226,126,13,1893,13,1133,9,13
"426","2020-06-01",47,5,40,168,2263,0.720282810428635,0,0,226,126,15,1908,14,1147,14,14
"427","2020-06-02",39,5,38,163,2263,0.720282810428635,0,0,226,126,10,1918,12,1159,9,12
"428","2020-06-03",40,5,39,158,2263,0.720282810428635,0,0,226,126,13,1931,18,1177,12,18
"429","2020-06-04",33,5,38,162,2263,0.720282810428635,0,0,226,126,18,1949,11,1188,16,11
"430","2020-06-05",30,5,34,145,2263,0.720282810428635,0,0,226,126,16,1965,14,1202,13,14
"431","2020-06-06",34,5,41,138,2263,0.720282810428635,0,0,226,126,12,1977,10,1212,12,10
"432","2020-06-07",37,5,39,143,2263,0.720282810428635,0,0,226,126,13,1990,7,1219,13,7
"433","2020-03-14",3,6,24,36,6850,0.948467153284672,0,0,602,264,8,37,NA,NA,4,NA
"434","2020-03-15",3,6,24,42,6850,0.948467153284672,0,0,602,264,10,47,13,25,4,13
"435","2020-03-16",5,6,42,55,6850,0.948467153284672,0,0,602,264,12,59,2,27,10,2
"436","2020-03-17",8,6,42,73,6850,0.948467153284672,0,0,602,264,17,76,1,28,9,1
"437","2020-03-18",12,6,41,94,6850,0.948467153284672,0,0,602,264,20,96,4,32,11,4
"438","2020-03-19",14,6,39,116,6850,0.948467153284672,0,0,602,264,14,110,NA,NA,9,NA
"439","2020-03-20",18,6,44,135,6850,0.948467153284672,0,0,602,264,15,125,NA,NA,7,NA
"440","2020-03-21",21,6,34,162,6850,0.948467153284672,0,0,602,264,19,144,1,33,13,1
"441","2020-03-22",26,6,37,190,6850,0.948467153284672,0,0,602,264,25,169,8,41,16,8
"442","2020-03-23",29,6,31,213,6850,0.948467153284672,0,0,602,264,41,210,6,47,32,6
"443","2020-03-24",35,6,33,257,6850,0.948467153284672,0,0,602,264,22,232,10,57,17,10
"444","2020-03-25",42,6,27,278,6850,0.948467153284672,0,0,602,264,32,264,8,65,24,8
"445","2020-03-26",51,6,22,332,6850,0.948467153284672,0,0,602,264,31,295,4,69,27,4
"446","2020-03-27",66,6,36,381,6850,0.948467153284672,0,0,602,264,20,315,3,72,14,3
"447","2020-03-28",76,6,38,403,6850,0.948467153284672,0,0,602,264,27,342,11,83,14,11
"448","2020-03-29",94,6,27,465,6850,0.948467153284672,0,0,602,264,37,379,6,89,31,6
"449","2020-03-30",106,6,18,520,6850,0.948467153284672,0,0,602,264,27,406,14,103,16,14
"450","2020-03-31",121,6,18,543,6850,0.948467153284672,0,0,602,264,27,433,15,118,20,15
"451","2020-04-01",125,6,26,588,6850,0.948467153284672,0,0,602,264,40,473,12,130,33,12
"452","2020-04-02",139,6,28,621,6850,0.948467153284672,0,0,602,264,37,510,16,146,29,16
"453","2020-04-03",154,6,24,649,6850,0.948467153284672,0,0,602,264,30,540,19,165,20,19
"454","2020-04-04",165,6,26,707,6850,0.948467153284672,0,0,602,264,28,568,20,185,23,20
"455","2020-04-05",170,6,30,773,6850,0.948467153284672,0,0,602,264,36,604,15,200,28,15
"456","2020-04-06",184,6,39,857,6850,0.948467153284672,0,0,602,264,25,629,14,214,12,14
"457","2020-04-07",199,6,43,913,6850,0.948467153284672,0,0,602,264,27,656,23,237,19,23
"458","2020-04-08",213,6,62,979,6850,0.948467153284672,0,0,602,264,25,681,18,255,20,18
"459","2020-04-09",231,6,75,1063,6850,0.948467153284672,0,0,602,264,24,705,13,268,16,13
"460","2020-04-10",250,6,82,1196,6850,0.948467153284672,0,0,602,264,25,730,21,289,16,21
"461","2020-04-11",276,6,93,1290,6850,0.948467153284672,0,0,602,264,31,761,11,300,19,11
"462","2020-04-12",304,6,94,1400,6850,0.948467153284672,0,0,602,264,21,782,16,316,13,16
"463","2020-04-13",329,6,97,1539,6850,0.948467153284672,0,0,602,264,27,809,10,326,17,10
"464","2020-04-14",354,6,88,1683,6850,0.948467153284672,0,0,602,264,17,826,14,340,13,14
"465","2020-04-15",379,6,99,1858,6850,0.948467153284672,0,0,602,264,27,853,18,358,17,18
"466","2020-04-16",404,6,100,2073,6850,0.948467153284672,0,0,602,264,16,869,10,368,9,10
"467","2020-04-17",433,6,91,2215,6850,0.948467153284672,0,0,602,264,20,889,5,373,14,5
"468","2020-04-18",455,6,89,2352,6850,0.948467153284672,0,0,602,264,14,903,14,387,11,14
"469","2020-04-19",511,6,80,2447,6850,0.948467153284672,0,0,602,264,21,924,25,412,15,25
"470","2020-04-20",557,6,73,2568,6850,0.948467153284672,0,0,602,264,29,953,17,429,19,17
"471","2020-04-21",606,6,70,2596,6850,0.948467153284672,0,0,602,264,29,982,11,440,20,11
"472","2020-04-22",670,6,76,2643,6850,0.948467153284672,0,0,602,264,24,1006,18,458,15,18
"473","2020-04-23",709,6,95,2600,6850,0.948467153284672,0,0,602,264,24,1030,15,473,16,15
"474","2020-04-24",746,6,91,2608,6850,0.948467153284672,0,0,602,264,29,1059,12,485,22,12
"475","2020-04-25",772,6,88,2570,6850,0.948467153284672,0,0,602,264,17,1076,11,496,11,11
"476","2020-04-26",768,6,102,2492,6850,0.948467153284672,0,0,602,264,45,1121,6,502,33,6
"477","2020-04-27",764,6,96,2431,6850,0.948467153284672,0,0,602,264,19,1140,6,508,10,6
"478","2020-04-28",745,6,94,2327,6850,0.948467153284672,0,0,602,264,21,1161,2,510,11,2
"479","2020-04-29",728,6,96,2145,6850,0.948467153284672,0,0,602,264,24,1185,17,527,16,17
"480","2020-04-30",703,6,103,1998,6850,0.948467153284672,0,0,602,264,27,1212,25,552,19,25
"481","2020-05-01",672,6,100,1830,6850,0.948467153284672,0,0,602,264,17,1229,35,587,8,35
"482","2020-05-02",645,6,101,1685,6850,0.948467153284672,0,0,602,264,15,1244,16,603,10,16
"483","2020-05-03",614,6,90,1551,6850,0.948467153284672,0,0,602,264,24,1268,16,619,15,16
"484","2020-05-04",578,6,78,1420,6850,0.948467153284672,0,0,602,264,30,1298,11,630,19,11
"485","2020-05-05",536,6,70,1264,6850,0.948467153284672,0,0,602,264,17,1315,20,650,10,20
"486","2020-05-06",486,6,60,1109,6850,0.948467153284672,0,0,602,264,33,1348,20,670,26,20
"487","2020-05-07",464,6,65,999,6850,0.948467153284672,0,0,602,264,18,1366,20,690,9,20
"488","2020-05-08",412,6,69,871,6850,0.948467153284672,0,0,602,264,29,1395,24,714,21,24
"489","2020-05-09",370,6,80,763,6850,0.948467153284672,0,0,602,264,17,1412,21,735,13,21
"490","2020-05-10",332,6,85,648,6850,0.948467153284672,0,0,602,264,15,1427,16,751,10,16
"491","2020-05-11",292,6,74,562,6850,0.948467153284672,0,0,602,264,34,1461,9,760,19,9
"492","2020-05-12",259,6,78,508,6850,0.948467153284672,0,0,602,264,23,1484,10,770,14,10
"493","2020-05-13",230,6,85,447,6850,0.948467153284672,0,0,602,264,11,1495,11,781,7,11
"494","2020-05-14",190,6,84,383,6850,0.948467153284672,0,0,602,264,28,1523,8,789,20,8
"495","2020-05-15",167,6,74,324,6850,0.948467153284672,0,0,602,264,14,1537,8,797,11,8
"496","2020-05-16",144,6,64,274,6850,0.948467153284672,0,0,602,264,11,1548,18,815,7,18
"497","2020-05-17",122,6,73,242,6850,0.948467153284672,0,0,602,264,15,1563,12,827,4,12
"498","2020-05-18",109,6,60,204,6850,0.948467153284672,0,0,602,264,14,1577,14,841,9,14
"499","2020-05-19",106,6,58,173,6850,0.948467153284672,0,0,602,264,15,1592,22,863,9,22
"500","2020-05-20",89,6,62,151,6850,0.948467153284672,0,0,602,264,16,1608,18,881,7,18
"501","2020-05-21",78,6,57,129,6850,0.948467153284672,0,0,602,264,10,1618,14,895,4,14
"502","2020-05-22",72,6,61,121,6850,0.948467153284672,0,0,602,264,13,1631,11,906,8,11
"503","2020-05-23",69,6,76,107,6850,0.948467153284672,0,0,602,264,17,1648,3,909,9,3
"504","2020-05-24",56,6,77,91,6850,0.948467153284672,0,0,602,264,11,1659,18,927,6,18
"505","2020-05-25",49,6,67,76,6850,0.948467153284672,0,0,602,264,7,1666,13,940,6,13
"506","2020-05-26",35,6,51,62,6850,0.948467153284672,0,0,602,264,12,1678,9,949,8,9
"507","2020-05-27",31,6,43,59,6850,0.948467153284672,0,0,602,264,12,1690,10,959,6,10
"508","2020-05-28",25,6,45,55,6850,0.948467153284672,0,0,602,264,18,1708,7,966,9,7
"509","2020-05-29",19,6,47,49,6850,0.948467153284672,0,0,602,264,14,1722,5,971,10,5
"510","2020-05-30",17,6,57,44,6850,0.948467153284672,0,0,602,264,11,1733,6,977,5,6
"511","2020-05-31",15,6,51,40,6850,0.948467153284672,0,0,602,264,11,1744,10,987,5,10
"512","2020-06-01",16,6,44,38,6850,0.948467153284672,0,0,602,264,14,1758,9,996,12,9
"513","2020-06-02",15,6,43,37,6850,0.948467153284672,0,0,602,264,12,1770,10,1006,9,10
"514","2020-06-03",18,6,45,36,6850,0.948467153284672,0,0,602,264,14,1784,4,1010,10,4
"515","2020-06-04",17,6,34,36,6850,0.948467153284672,0,0,602,264,7,1791,6,1016,6,6
"516","2020-06-05",16,6,33,33,6850,0.948467153284672,0,0,602,264,9,1800,3,1019,7,3
"517","2020-06-06",16,6,31,31,6850,0.948467153284672,0,0,602,264,8,1808,5,1024,7,5
"518","2020-06-07",15,6,40,30,6850,0.948467153284672,0,0,602,264,8,1816,3,1027,7,3
"519","2020-03-14",1,7,19,37,2315,0.503671706263499,0,0,217,110,7,20,10,35,2,10
"520","2020-03-15",4,7,15,47,2315,0.503671706263499,0,0,217,110,7,27,10,45,6,10
"521","2020-03-16",5,7,11,60,2315,0.503671706263499,0,0,217,110,13,40,6,51,7,6
"522","2020-03-17",6,7,10,78,2315,0.503671706263499,0,0,217,110,7,47,6,57,7,6
"523","2020-03-18",9,7,9,91,2315,0.503671706263499,0,0,217,110,11,58,6,63,6,6
"524","2020-03-19",14,7,14,97,2315,0.503671706263499,0,0,217,110,8,66,14,77,5,14
"525","2020-03-20",21,7,17,115,2315,0.503671706263499,0,0,217,110,5,71,10,87,5,10
"526","2020-03-21",26,7,22,124,2315,0.503671706263499,0,0,217,110,15,86,12,99,10,12
"527","2020-03-22",26,7,16,147,2315,0.503671706263499,0,0,217,110,19,105,8,107,13,8
"528","2020-03-23",28,7,17,159,2315,0.503671706263499,0,0,217,110,14,119,17,124,10,17
"529","2020-03-24",37,7,21,174,2315,0.503671706263499,0,0,217,110,19,138,8,132,17,8
"530","2020-03-25",45,7,29,182,2315,0.503671706263499,0,0,217,110,26,164,19,151,19,19
"531","2020-03-26",44,7,24,182,2315,0.503671706263499,0,0,217,110,11,175,5,156,10,5
"532","2020-03-27",51,7,24,198,2315,0.503671706263499,0,0,217,110,28,203,7,163,23,7
"533","2020-03-28",49,7,20,208,2315,0.503671706263499,0,0,217,110,12,215,4,167,9,4
"534","2020-03-29",51,7,23,208,2315,0.503671706263499,0,0,217,110,22,237,7,174,17,7
"535","2020-03-30",51,7,20,212,2315,0.503671706263499,0,0,217,110,25,262,1,175,21,1
"536","2020-03-31",47,7,21,219,2315,0.503671706263499,0,0,217,110,18,280,1,176,14,1
"537","2020-04-01",48,7,21,225,2315,0.503671706263499,0,0,217,110,29,309,3,179,23,3
"538","2020-04-02",54,7,16,230,2315,0.503671706263499,0,0,217,110,40,349,11,190,34,11
"539","2020-04-03",49,7,16,237,2315,0.503671706263499,0,0,217,110,34,383,4,194,32,4
"540","2020-04-04",52,7,12,248,2315,0.503671706263499,0,0,217,110,29,412,9,203,23,9
"541","2020-04-05",58,7,14,256,2315,0.503671706263499,0,0,217,110,28,440,15,218,25,15
"542","2020-04-06",65,7,20,279,2315,0.503671706263499,0,0,217,110,41,481,7,225,38,7
"543","2020-04-07",67,7,24,298,2315,0.503671706263499,0,0,217,110,41,522,13,238,37,13
"544","2020-04-08",66,7,25,304,2315,0.503671706263499,0,0,217,110,51,573,10,248,48,10
"545","2020-04-09",69,7,27,318,2315,0.503671706263499,0,0,217,110,28,601,11,259,26,11
"546","2020-04-10",72,7,33,332,2315,0.503671706263499,0,0,217,110,45,646,21,280,41,21
"547","2020-04-11",82,7,37,351,2315,0.503671706263499,0,0,217,110,45,691,19,299,42,19
"548","2020-04-12",87,7,41,354,2315,0.503671706263499,0,0,217,110,55,746,17,316,48,17
"549","2020-04-13",94,7,35,362,2315,0.503671706263499,0,0,217,110,47,793,10,326,37,10
"550","2020-04-14",107,7,34,381,2315,0.503671706263499,0,0,217,110,34,827,16,342,33,16
"551","2020-04-15",113,7,38,389,2315,0.503671706263499,0,0,217,110,40,867,7,349,34,7
"552","2020-04-16",114,7,40,384,2315,0.503671706263499,0,0,217,110,40,907,25,374,34,25
"553","2020-04-17",111,7,38,382,2315,0.503671706263499,0,0,217,110,31,938,21,395,28,21
"554","2020-04-18",112,7,43,381,2315,0.503671706263499,0,0,217,110,44,982,16,411,39,16
"555","2020-04-19",108,7,40,379,2315,0.503671706263499,0,0,217,110,39,1021,9,420,37,9
"556","2020-04-20",109,7,44,385,2315,0.503671706263499,0,0,217,110,42,1063,20,440,39,20
"557","2020-04-21",104,7,51,395,2315,0.503671706263499,0,0,217,110,38,1101,10,450,34,10
"558","2020-04-22",104,7,53,404,2315,0.503671706263499,0,0,217,110,27,1128,26,476,24,26
"559","2020-04-23",102,7,55,404,2315,0.503671706263499,0,0,217,110,39,1167,12,488,35,12
"560","2020-04-24",104,7,59,408,2315,0.503671706263499,0,0,217,110,44,1211,16,504,37,16
"561","2020-04-25",104,7,52,414,2315,0.503671706263499,0,0,217,110,35,1246,22,526,29,22
"562","2020-04-26",110,7,45,410,2315,0.503671706263499,0,0,217,110,33,1279,28,554,28,28
"563","2020-04-27",102,7,48,404,2315,0.503671706263499,0,0,217,110,33,1312,19,573,30,19
"564","2020-04-28",111,7,38,411,2315,0.503671706263499,0,0,217,110,28,1340,31,604,23,31
"565","2020-04-29",109,7,45,413,2315,0.503671706263499,0,0,217,110,35,1375,11,615,27,11
"566","2020-04-30",112,7,48,412,2315,0.503671706263499,0,0,217,110,24,1399,13,628,22,13
"567","2020-05-01",118,7,53,401,2315,0.503671706263499,0,0,217,110,32,1431,16,644,29,16
"568","2020-05-02",123,7,40,395,2315,0.503671706263499,0,0,217,110,29,1460,18,662,27,18
"569","2020-05-03",117,7,40,393,2315,0.503671706263499,0,0,217,110,29,1489,16,678,24,16
"570","2020-05-04",123,7,44,382,2315,0.503671706263499,0,0,217,110,28,1517,19,697,24,19
"571","2020-05-05",104,7,46,372,2315,0.503671706263499,0,0,217,110,34,1551,25,722,30,25
"572","2020-05-06",105,7,53,372,2315,0.503671706263499,0,0,217,110,26,1577,10,732,22,10
"573","2020-05-07",109,7,58,357,2315,0.503671706263499,0,0,217,110,28,1605,22,754,24,22
"574","2020-05-08",105,7,56,349,2315,0.503671706263499,0,0,217,110,20,1625,38,792,17,38
"575","2020-05-09",98,7,61,347,2315,0.503671706263499,0,0,217,110,25,1650,21,813,18,21
"576","2020-05-10",100,7,46,338,2315,0.503671706263499,0,0,217,110,19,1669,24,837,13,24
"577","2020-05-11",96,7,45,322,2315,0.503671706263499,0,0,217,110,25,1694,12,849,22,12
"578","2020-05-12",102,7,42,320,2315,0.503671706263499,0,0,217,110,28,1722,9,858,25,9
"579","2020-05-13",97,7,37,324,2315,0.503671706263499,0,0,217,110,18,1740,19,877,15,19
"580","2020-05-14",90,7,31,318,2315,0.503671706263499,0,0,217,110,17,1757,19,896,15,19
"581","2020-05-15",91,7,33,324,2315,0.503671706263499,0,0,217,110,27,1784,24,920,23,24
"582","2020-05-16",84,7,30,319,2315,0.503671706263499,0,0,217,110,16,1800,9,929,14,9
"583","2020-05-17",81,7,27,312,2315,0.503671706263499,0,0,217,110,15,1815,14,943,11,14
"584","2020-05-18",79,7,26,316,2315,0.503671706263499,0,0,217,110,9,1824,12,955,7,12
"585","2020-05-19",87,7,29,305,2315,0.503671706263499,0,0,217,110,21,1845,5,960,14,5
"586","2020-05-20",93,7,26,306,2315,0.503671706263499,0,0,217,110,22,1867,12,972,17,12
"587","2020-05-21",91,7,25,293,2315,0.503671706263499,0,0,217,110,23,1890,17,989,21,17
"588","2020-05-22",90,7,26,278,2315,0.503671706263499,0,0,217,110,21,1911,10,999,17,10
"589","2020-05-23",95,7,26,271,2315,0.503671706263499,0,0,217,110,13,1924,8,1007,13,8
"590","2020-05-24",96,7,31,260,2315,0.503671706263499,0,0,217,110,7,1931,8,1015,7,8
"591","2020-05-25",99,7,26,254,2315,0.503671706263499,0,0,217,110,18,1949,7,1022,16,7
"592","2020-05-26",90,7,37,244,2315,0.503671706263499,0,0,217,110,9,1958,5,1027,7,5
"593","2020-05-27",78,7,38,232,2315,0.503671706263499,0,0,217,110,28,1986,12,1039,22,12
"594","2020-05-28",77,7,36,218,2315,0.503671706263499,0,0,217,110,13,1999,8,1047,13,8
"595","2020-05-29",73,7,30,206,2315,0.503671706263499,0,0,217,110,14,2013,11,1058,12,11
"596","2020-05-30",67,7,29,197,2315,0.503671706263499,0,0,217,110,12,2025,7,1065,12,7
"597","2020-05-31",63,7,29,184,2315,0.503671706263499,0,0,217,110,13,2038,9,1074,11,9
"598","2020-06-01",61,7,29,179,2315,0.503671706263499,0,0,217,110,18,2056,6,1080,16,6
"599","2020-06-02",56,7,24,184,2315,0.503671706263499,0,0,217,110,18,2074,11,1091,15,11
"600","2020-06-03",63,7,20,179,2315,0.503671706263499,0,0,217,110,12,2086,2,1093,10,2
"601","2020-06-04",58,7,16,168,2315,0.503671706263499,0,0,217,110,28,2114,8,1101,23,8
"602","2020-06-05",54,7,14,165,2315,0.503671706263499,0,0,217,110,15,2129,8,1109,12,8
"603","2020-06-06",57,7,16,158,2315,0.503671706263499,0,0,217,110,13,2142,6,1115,12,6
"604","2020-06-07",55,7,17,147,2315,0.503671706263499,0,0,217,110,10,2152,12,1127,9,12
"605","2020-03-15",1,8,36,39,1884,0.583333333333333,0,0,171,442,7,32,2,15,3,2
"606","2020-03-16",1,8,48,46,1884,0.583333333333333,0,0,171,442,3,35,1,16,1,1
"607","2020-03-17",1,8,54,53,1884,0.583333333333333,0,0,171,442,12,47,5,21,2,5
"608","2020-03-18",2,8,66,62,1884,0.583333333333333,0,0,171,442,5,52,4,25,2,4
"609","2020-03-19",4,8,64,79,1884,0.583333333333333,0,0,171,442,7,59,7,32,5,7
"610","2020-03-20",6,8,71,85,1884,0.583333333333333,0,0,171,442,14,73,4,36,5,4
"611","2020-03-21",8,8,64,99,1884,0.583333333333333,0,0,171,442,12,85,5,41,6,5
"612","2020-03-22",11,8,57,114,1884,0.583333333333333,0,0,171,442,11,96,1,42,6,1
"613","2020-03-23",20,8,66,128,1884,0.583333333333333,0,0,171,442,9,105,3,45,5,3
"614","2020-03-24",26,8,66,144,1884,0.583333333333333,0,0,171,442,13,118,1,46,5,1
"615","2020-03-25",30,8,75,161,1884,0.583333333333333,0,0,171,442,11,129,1,47,8,1
"616","2020-03-26",32,8,89,169,1884,0.583333333333333,0,0,171,442,16,145,2,49,4,2
"617","2020-03-27",40,8,114,181,1884,0.583333333333333,0,0,171,442,11,156,7,56,4,7
"618","2020-03-28",45,8,121,198,1884,0.583333333333333,0,0,171,442,16,172,6,62,10,6
"619","2020-03-29",47,8,116,202,1884,0.583333333333333,0,0,171,442,16,188,2,64,10,2
"620","2020-03-30",46,8,105,210,1884,0.583333333333333,0,0,171,442,16,204,2,66,11,2
"621","2020-03-31",48,8,105,217,1884,0.583333333333333,0,0,171,442,17,221,8,74,8,8
"622","2020-04-01",52,8,120,228,1884,0.583333333333333,0,0,171,442,13,234,6,80,10,6
"623","2020-04-02",59,8,114,225,1884,0.583333333333333,0,0,171,442,19,253,1,81,11,1
"624","2020-04-03",63,8,118,223,1884,0.583333333333333,0,0,171,442,19,272,3,84,4,3
"625","2020-04-04",65,8,124,224,1884,0.583333333333333,0,0,171,442,18,290,1,85,6,1
"626","2020-04-05",67,8,115,221,1884,0.583333333333333,0,0,171,442,27,317,7,92,14,7
"627","2020-04-06",67,8,93,225,1884,0.583333333333333,0,0,171,442,16,333,5,97,10,5
"628","2020-04-07",69,8,94,231,1884,0.583333333333333,0,0,171,442,21,354,4,101,11,4
"629","2020-04-08",67,8,113,228,1884,0.583333333333333,0,0,171,442,22,376,4,105,13,4
"630","2020-04-09",64,8,143,229,1884,0.583333333333333,0,0,171,442,24,400,4,109,13,4
"631","2020-04-10",62,8,155,231,1884,0.583333333333333,0,0,171,442,22,422,5,114,14,5
"632","2020-04-11",60,8,154,242,1884,0.583333333333333,0,0,171,442,17,439,8,122,12,8
"633","2020-04-12",66,8,165,234,1884,0.583333333333333,0,0,171,442,23,462,5,127,15,5
"634","2020-04-13",74,8,169,245,1884,0.583333333333333,0,0,171,442,26,488,3,130,10,3
"635","2020-04-14",71,8,169,250,1884,0.583333333333333,0,0,171,442,17,505,6,136,7,6
"636","2020-04-15",76,8,177,257,1884,0.583333333333333,0,0,171,442,25,530,7,143,17,7
"637","2020-04-16",77,8,186,254,1884,0.583333333333333,0,0,171,442,26,556,5,148,12,5
"638","2020-04-17",70,8,178,268,1884,0.583333333333333,0,0,171,442,21,577,8,156,13,8
"639","2020-04-18",67,8,162,274,1884,0.583333333333333,0,0,171,442,24,601,9,165,12,9
"640","2020-04-19",61,8,155,274,1884,0.583333333333333,0,0,171,442,20,621,2,167,10,2
"641","2020-04-20",62,8,159,270,1884,0.583333333333333,0,0,171,442,32,653,9,176,18,9
"642","2020-04-21",64,8,152,282,1884,0.583333333333333,0,0,171,442,21,674,10,186,11,10
"643","2020-04-22",66,8,152,289,1884,0.583333333333333,0,0,171,442,17,691,10,196,14,10
"644","2020-04-23",68,8,152,292,1884,0.583333333333333,0,0,171,442,21,712,17,213,11,17
"645","2020-04-24",72,8,153,300,1884,0.583333333333333,0,0,171,442,21,733,11,224,15,11
"646","2020-04-25",75,8,166,315,1884,0.583333333333333,0,0,171,442,23,756,12,236,12,12
"647","2020-04-26",80,8,160,325,1884,0.583333333333333,0,0,171,442,21,777,15,251,8,15
"648","2020-04-27",76,8,161,333,1884,0.583333333333333,0,0,171,442,15,792,14,265,6,14
"649","2020-04-28",81,8,151,339,1884,0.583333333333333,0,0,171,442,24,816,11,276,11,11
"650","2020-04-29",85,8,148,350,1884,0.583333333333333,0,0,171,442,17,833,6,282,7,6
"651","2020-04-30",83,8,160,342,1884,0.583333333333333,0,0,171,442,24,857,15,297,12,15
"652","2020-05-01",87,8,166,337,1884,0.583333333333333,0,0,171,442,29,886,8,305,19,8
"653","2020-05-02",101,8,167,336,1884,0.583333333333333,0,0,171,442,22,908,14,319,15,14
"654","2020-05-03",99,8,171,311,1884,0.583333333333333,0,0,171,442,16,924,7,326,11,7
"655","2020-05-04",104,8,166,315,1884,0.583333333333333,0,0,171,442,22,946,8,334,11,8
"656","2020-05-05",103,8,159,313,1884,0.583333333333333,0,0,171,442,22,968,4,338,12,4
"657","2020-05-06",97,8,175,296,1884,0.583333333333333,0,0,171,442,18,986,6,344,6,6
"658","2020-05-07",100,8,178,277,1884,0.583333333333333,0,0,171,442,22,1008,3,347,12,3
"659","2020-05-08",94,8,180,273,1884,0.583333333333333,0,0,171,442,22,1030,6,353,13,6
"660","2020-05-09",83,8,171,261,1884,0.583333333333333,0,0,171,442,15,1045,16,369,7,16
"661","2020-05-10",83,8,167,255,1884,0.583333333333333,0,0,171,442,18,1063,11,380,8,11
"662","2020-05-11",82,8,180,256,1884,0.583333333333333,0,0,171,442,16,1079,7,387,10,7
"663","2020-05-12",78,8,179,255,1884,0.583333333333333,0,0,171,442,16,1095,5,392,10,5
"664","2020-05-13",70,8,190,267,1884,0.583333333333333,0,0,171,442,15,1110,4,396,9,4
"665","2020-05-14",69,8,192,260,1884,0.583333333333333,0,0,171,442,14,1124,3,399,10,3
"666","2020-05-15",67,8,193,261,1884,0.583333333333333,0,0,171,442,16,1140,7,406,9,7
"667","2020-05-16",71,8,182,267,1884,0.583333333333333,0,0,171,442,18,1158,6,412,8,6
"668","2020-05-17",68,8,190,265,1884,0.583333333333333,0,0,171,442,19,1177,11,423,9,11
"669","2020-05-18",66,8,188,262,1884,0.583333333333333,0,0,171,442,16,1193,5,428,7,5
"670","2020-05-19",65,8,174,262,1884,0.583333333333333,0,0,171,442,13,1206,8,436,8,8
"671","2020-05-20",71,8,171,271,1884,0.583333333333333,0,0,171,442,16,1222,6,442,9,6
"672","2020-05-21",70,8,166,261,1884,0.583333333333333,0,0,171,442,8,1230,7,449,4,7
"673","2020-05-22",78,8,179,252,1884,0.583333333333333,0,0,171,442,19,1249,4,453,13,4
"674","2020-05-23",76,8,174,253,1884,0.583333333333333,0,0,171,442,11,1260,5,458,2,5
"675","2020-05-24",79,8,171,246,1884,0.583333333333333,0,0,171,442,19,1279,12,470,12,12
"676","2020-05-25",77,8,182,234,1884,0.583333333333333,0,0,171,442,14,1293,8,478,8,8
"677","2020-05-26",77,8,180,226,1884,0.583333333333333,0,0,171,442,11,1304,3,481,5,3
"678","2020-05-27",76,8,158,223,1884,0.583333333333333,0,0,171,442,9,1313,7,488,5,7
"679","2020-05-28",73,8,149,212,1884,0.583333333333333,0,0,171,442,9,1322,5,493,3,5
"680","2020-05-29",67,8,139,212,1884,0.583333333333333,0,0,171,442,11,1333,5,498,6,5
"681","2020-05-30",63,8,132,201,1884,0.583333333333333,0,0,171,442,18,1351,9,507,12,9
"682","2020-05-31",60,8,131,186,1884,0.583333333333333,0,0,171,442,16,1367,9,516,10,9
"683","2020-06-01",57,8,115,170,1884,0.583333333333333,0,0,171,442,12,1379,7,523,6,7
"684","2020-06-02",60,8,128,160,1884,0.583333333333333,0,0,171,442,15,1394,5,528,14,5
"685","2020-06-03",57,8,139,150,1884,0.583333333333333,0,0,171,442,9,1403,2,530,7,2
"686","2020-06-04",57,8,139,144,1884,0.583333333333333,0,0,171,442,9,1412,2,532,5,2
"687","2020-06-05",57,8,147,140,1884,0.583333333333333,0,0,171,442,22,1434,3,535,15,3
"688","2020-06-06",53,8,160,127,1884,0.583333333333333,0,0,171,442,11,1445,3,538,10,3
"689","2020-06-07",51,8,163,127,1884,0.583333333333333,0,0,171,442,10,1455,5,543,8,5
"690","2020-03-16",1,9,24,28,6507,0.987090825265099,0,0,543,168,5,22,9,37,4,9
"691","2020-03-17",1,9,18,33,6507,0.987090825265099,0,0,543,168,9,31,12,49,9,12
"692","2020-03-18",1,9,25,45,6507,0.987090825265099,0,0,543,168,9,40,4,53,8,4
"693","2020-03-19",1,9,21,56,6507,0.987090825265099,0,0,543,168,7,47,6,59,6,6
"694","2020-03-20",4,9,24,71,6507,0.987090825265099,0,0,543,168,8,55,3,62,7,3
"695","2020-03-21",8,9,37,90,6507,0.987090825265099,0,0,543,168,15,70,7,69,11,7
"696","2020-03-22",14,9,49,113,6507,0.987090825265099,0,0,543,168,11,81,18,87,10,18
"697","2020-03-23",15,9,52,132,6507,0.987090825265099,0,0,543,168,14,95,9,96,14,9
"698","2020-03-24",17,9,52,164,6507,0.987090825265099,0,0,543,168,30,125,7,103,30,7
"699","2020-03-25",23,9,58,192,6507,0.987090825265099,0,0,543,168,20,145,6,109,19,6
"700","2020-03-26",31,9,47,235,6507,0.987090825265099,0,0,543,168,19,164,14,123,19,14
"701","2020-03-27",35,9,42,306,6507,0.987090825265099,0,0,543,168,25,189,6,129,23,6
"702","2020-03-28",35,9,34,361,6507,0.987090825265099,0,0,543,168,30,219,12,141,28,12
"703","2020-03-29",43,9,33,420,6507,0.987090825265099,0,0,543,168,30,249,8,149,30,8
"704","2020-03-30",52,9,37,497,6507,0.987090825265099,0,0,543,168,26,275,10,159,25,10
"705","2020-03-31",68,9,38,561,6507,0.987090825265099,0,0,543,168,33,308,16,175,31,16
"706","2020-04-01",80,9,41,665,6507,0.987090825265099,0,0,543,168,22,330,20,195,21,20
"707","2020-04-02",96,9,50,748,6507,0.987090825265099,0,0,543,168,33,363,17,212,33,17
"708","2020-04-03",112,9,53,802,6507,0.987090825265099,0,0,543,168,51,414,14,226,49,14
"709","2020-04-04",142,9,44,934,6507,0.987090825265099,0,0,543,168,40,454,5,231,38,5
"710","2020-04-05",154,9,50,1032,6507,0.987090825265099,0,0,543,168,39,493,22,253,39,22
"711","2020-04-06",183,9,47,1170,6507,0.987090825265099,0,0,543,168,51,544,20,273,49,20
"712","2020-04-07",202,9,59,1323,6507,0.987090825265099,0,0,543,168,42,586,16,289,42,16
"713","2020-04-08",236,9,53,1435,6507,0.987090825265099,0,0,543,168,56,642,11,300,55,11
"714","2020-04-09",282,9,49,1616,6507,0.987090825265099,0,0,543,168,51,693,19,319,48,19
"715","2020-04-10",318,9,48,1802,6507,0.987090825265099,0,0,543,168,71,764,14,333,67,14
"716","2020-04-11",366,9,43,1902,6507,0.987090825265099,0,0,543,168,49,813,20,353,46,20
"717","2020-04-12",415,9,40,2039,6507,0.987090825265099,0,0,543,168,84,897,30,383,81,30
"718","2020-04-13",467,9,42,2126,6507,0.987090825265099,0,0,543,168,58,955,15,398,57,15
"719","2020-04-14",522,9,46,2237,6507,0.987090825265099,0,0,543,168,68,1023,17,415,67,17
"720","2020-04-15",556,9,49,2312,6507,0.987090825265099,0,0,543,168,62,1085,18,433,61,18
"721","2020-04-16",585,9,53,2412,6507,0.987090825265099,0,0,543,168,73,1158,25,458,69,25
"722","2020-04-17",617,9,53,2463,6507,0.987090825265099,0,0,543,168,73,1231,20,478,70,20
"723","2020-04-18",636,9,53,2547,6507,0.987090825265099,0,0,543,168,74,1305,22,500,72,22
"724","2020-04-19",659,9,51,2588,6507,0.987090825265099,0,0,543,168,88,1393,20,520,86,20
"725","2020-04-20",677,9,57,2559,6507,0.987090825265099,0,0,543,168,64,1457,15,535,63,15
"726","2020-04-21",683,9,72,2496,6507,0.987090825265099,0,0,543,168,89,1546,5,540,88,5
"727","2020-04-22",692,9,64,2460,6507,0.987090825265099,0,0,543,168,69,1615,7,547,66,7
"728","2020-04-23",685,9,66,2358,6507,0.987090825265099,0,0,543,168,87,1702,24,571,86,24
"729","2020-04-24",686,9,61,2229,6507,0.987090825265099,0,0,543,168,79,1781,27,598,77,27
"730","2020-04-25",683,9,46,2136,6507,0.987090825265099,0,0,543,168,82,1863,29,627,79,29
"731","2020-04-26",695,9,56,1967,6507,0.987090825265099,0,0,543,168,57,1920,21,648,56,21
"732","2020-04-27",652,9,62,1854,6507,0.987090825265099,0,0,543,168,78,1998,20,668,77,20
"733","2020-04-28",636,9,60,1715,6507,0.987090825265099,0,0,543,168,75,2073,13,681,72,13
"734","2020-04-29",596,9,48,1579,6507,0.987090825265099,0,0,543,168,88,2161,8,689,84,8
"735","2020-04-30",571,9,46,1451,6507,0.987090825265099,0,0,543,168,79,2240,6,695,77,6
"736","2020-05-01",534,9,51,1309,6507,0.987090825265099,0,0,543,168,66,2306,8,703,62,8
"737","2020-05-02",490,9,47,1166,6507,0.987090825265099,0,0,543,168,64,2370,20,723,63,20
"738","2020-05-03",437,9,36,1038,6507,0.987090825265099,0,0,543,168,62,2432,11,734,62,11
"739","2020-05-04",423,9,49,908,6507,0.987090825265099,0,0,543,168,74,2506,15,749,71,15
"740","2020-05-05",385,9,53,824,6507,0.987090825265099,0,0,543,168,69,2575,19,768,65,19
"741","2020-05-06",370,9,62,715,6507,0.987090825265099,0,0,543,168,59,2634,14,782,57,14
"742","2020-05-07",337,9,71,637,6507,0.987090825265099,0,0,543,168,64,2698,22,804,64,22
"743","2020-05-08",304,9,68,564,6507,0.987090825265099,0,0,543,168,86,2784,20,824,85,20
"744","2020-05-09",271,9,74,482,6507,0.987090825265099,0,0,543,168,54,2838,18,842,51,18
"745","2020-05-10",234,9,73,404,6507,0.987090825265099,0,0,543,168,41,2879,23,865,40,23
"746","2020-05-11",192,9,63,351,6507,0.987090825265099,0,0,543,168,41,2920,30,895,40,30
"747","2020-05-12",159,9,61,304,6507,0.987090825265099,0,0,543,168,44,2964,21,916,43,21
"748","2020-05-13",133,9,52,261,6507,0.987090825265099,0,0,543,168,56,3020,30,946,55,30
"749","2020-05-14",112,9,49,217,6507,0.987090825265099,0,0,543,168,60,3080,23,969,57,23
"750","2020-05-15",98,9,45,190,6507,0.987090825265099,0,0,543,168,41,3121,11,980,39,11
"751","2020-05-16",83,9,41,159,6507,0.987090825265099,0,0,543,168,38,3159,10,990,37,10
"752","2020-05-17",68,9,51,146,6507,0.987090825265099,0,0,543,168,56,3215,7,997,56,7
"753","2020-05-18",64,9,53,139,6507,0.987090825265099,0,0,543,168,37,3252,8,1005,36,8
"754","2020-05-19",56,9,50,128,6507,0.987090825265099,0,0,543,168,46,3298,19,1024,45,19
"755","2020-05-20",45,9,60,124,6507,0.987090825265099,0,0,543,168,29,3327,23,1047,28,23
"756","2020-05-21",40,9,65,117,6507,0.987090825265099,0,0,543,168,35,3362,9,1056,33,9
"757","2020-05-22",37,9,66,100,6507,0.987090825265099,0,0,543,168,34,3396,8,1064,33,8
"758","2020-05-23",37,9,53,95,6507,0.987090825265099,0,0,543,168,28,3424,19,1083,28,19
"759","2020-05-24",38,9,62,92,6507,0.987090825265099,0,0,543,168,32,3456,12,1095,32,12
"760","2020-05-25",35,9,52,91,6507,0.987090825265099,0,0,543,168,33,3489,6,1101,30,6
"761","2020-05-26",39,9,51,86,6507,0.987090825265099,0,0,543,168,27,3516,16,1117,26,16
"762","2020-05-27",39,9,53,83,6507,0.987090825265099,0,0,543,168,29,3545,10,1127,29,10
"763","2020-05-28",33,9,53,82,6507,0.987090825265099,0,0,543,168,16,3561,11,1138,15,11
"764","2020-05-29",30,9,52,78,6507,0.987090825265099,0,0,543,168,28,3589,3,1141,27,3
"765","2020-05-30",28,9,41,75,6507,0.987090825265099,0,0,543,168,32,3621,7,1148,32,7
"766","2020-05-31",26,9,35,63,6507,0.987090825265099,0,0,543,168,24,3645,17,1165,24,17
"767","2020-06-01",25,9,35,59,6507,0.987090825265099,0,0,543,168,17,3662,4,1169,15,4
"768","2020-06-02",21,9,35,52,6507,0.987090825265099,0,0,543,168,19,3681,2,1171,19,2
"769","2020-06-03",22,9,38,45,6507,0.987090825265099,0,0,543,168,29,3710,2,1173,26,2
"770","2020-06-04",20,9,40,43,6507,0.987090825265099,0,0,543,168,24,3734,7,1180,23,7
"771","2020-06-05",21,9,47,41,6507,0.987090825265099,0,0,543,168,22,3756,3,1183,21,3
"772","2020-06-06",19,9,53,35,6507,0.987090825265099,0,0,543,168,19,3775,2,1185,19,2
"773","2020-06-07",16,9,51,31,6507,0.987090825265099,0,0,543,168,17,3792,1,1186,16,1
"774","2020-03-17",2,10,17,18,2024,0.905138339920949,0,0,148,219,10,41,2,29,1,2
"775","2020-03-18",2,10,18,22,2024,0.905138339920949,0,0,148,219,7,48,NA,NA,3,NA
"776","2020-03-19",3,10,21,30,2024,0.905138339920949,0,0,148,219,5,53,3,32,4,3
"777","2020-03-20",4,10,18,32,2024,0.905138339920949,0,0,148,219,13,66,2,34,7,2
"778","2020-03-21",7,10,28,39,2024,0.905138339920949,0,0,148,219,8,74,10,44,5,10
"779","2020-03-22",7,10,33,42,2024,0.905138339920949,0,0,148,219,11,85,2,46,6,2
"780","2020-03-23",10,10,48,51,2024,0.905138339920949,0,0,148,219,11,96,5,51,5,5
"781","2020-03-24",10,10,49,54,2024,0.905138339920949,0,0,148,219,18,114,2,53,11,2
"782","2020-03-25",11,10,52,63,2024,0.905138339920949,0,0,148,219,24,138,NA,NA,18,NA
"783","2020-03-26",11,10,46,64,2024,0.905138339920949,0,0,148,219,22,160,NA,NA,10,NA
"784","2020-03-27",14,10,39,71,2024,0.905138339920949,0,0,148,219,22,182,3,56,13,3
"785","2020-03-28",13,10,41,83,2024,0.905138339920949,0,0,148,219,14,196,1,57,12,1
"786","2020-03-29",15,10,50,93,2024,0.905138339920949,0,0,148,219,20,216,4,61,13,4
"787","2020-03-30",14,10,47,99,2024,0.905138339920949,0,0,148,219,23,239,6,67,15,6
"788","2020-03-31",15,10,44,104,2024,0.905138339920949,0,0,148,219,21,260,17,84,14,17
"789","2020-04-01",18,10,34,109,2024,0.905138339920949,0,0,148,219,24,284,10,94,17,10
"790","2020-04-02",20,10,36,117,2024,0.905138339920949,0,0,148,219,19,303,8,102,17,8
"791","2020-04-03",23,10,45,118,2024,0.905138339920949,0,0,148,219,26,329,2,104,23,2
"792","2020-04-04",21,10,50,120,2024,0.905138339920949,0,0,148,219,24,353,2,106,17,2
"793","2020-04-05",22,10,44,125,2024,0.905138339920949,0,0,148,219,22,375,NA,NA,16,NA
"794","2020-04-06",27,10,47,131,2024,0.905138339920949,0,0,148,219,31,406,NA,NA,20,NA
"795","2020-04-07",30,10,52,147,2024,0.905138339920949,0,0,148,219,23,429,5,111,16,5
"796","2020-04-08",29,10,58,164,2024,0.905138339920949,0,0,148,219,33,462,8,119,28,8
"797","2020-04-09",34,10,61,170,2024,0.905138339920949,0,0,148,219,24,486,11,130,18,11
"798","2020-04-10",31,10,61,177,2024,0.905138339920949,0,0,148,219,37,523,5,135,30,5
"799","2020-04-11",39,10,68,196,2024,0.905138339920949,0,0,148,219,45,568,7,142,32,7
"800","2020-04-12",45,10,71,219,2024,0.905138339920949,0,0,148,219,42,610,13,155,36,13
"801","2020-04-13",45,10,68,234,2024,0.905138339920949,0,0,148,219,55,665,14,169,44,14
"802","2020-04-14",47,10,65,243,2024,0.905138339920949,0,0,148,219,40,705,12,181,34,12
"803","2020-04-15",51,10,64,255,2024,0.905138339920949,0,0,148,219,43,748,7,188,39,7
"804","2020-04-16",59,10,66,273,2024,0.905138339920949,0,0,148,219,45,793,8,196,40,8
"805","2020-04-17",65,10,61,288,2024,0.905138339920949,0,0,148,219,45,838,6,202,40,6
"806","2020-04-18",70,10,61,285,2024,0.905138339920949,0,0,148,219,40,878,4,206,33,4
"807","2020-04-19",72,10,51,291,2024,0.905138339920949,0,0,148,219,55,933,4,210,47,4
"808","2020-04-20",78,10,47,314,2024,0.905138339920949,0,0,148,219,54,987,5,215,45,5
"809","2020-04-21",80,10,57,307,2024,0.905138339920949,0,0,148,219,42,1029,3,218,37,3
"810","2020-04-22",88,10,60,299,2024,0.905138339920949,0,0,148,219,48,1077,11,229,44,11
"811","2020-04-23",83,10,62,302,2024,0.905138339920949,0,0,148,219,37,1114,9,238,34,9
"812","2020-04-24",88,10,60,306,2024,0.905138339920949,0,0,148,219,50,1164,9,247,45,9
"813","2020-04-25",93,10,74,319,2024,0.905138339920949,0,0,148,219,44,1208,8,255,39,8
"814","2020-04-26",92,10,77,326,2024,0.905138339920949,0,0,148,219,55,1263,12,267,45,12
"815","2020-04-27",88,10,73,329,2024,0.905138339920949,0,0,148,219,45,1308,15,282,40,15
"816","2020-04-28",94,10,88,354,2024,0.905138339920949,0,0,148,219,51,1359,12,294,41,12
"817","2020-04-29",88,10,78,356,2024,0.905138339920949,0,0,148,219,46,1405,15,309,41,15
"818","2020-04-30",90,10,69,368,2024,0.905138339920949,0,0,148,219,38,1443,8,317,34,8
"819","2020-05-01",82,10,73,366,2024,0.905138339920949,0,0,148,219,53,1496,8,325,46,8
"820","2020-05-02",82,10,81,364,2024,0.905138339920949,0,0,148,219,35,1531,10,335,31,10
"821","2020-05-03",89,10,85,376,2024,0.905138339920949,0,0,148,219,35,1566,7,342,29,7
"822","2020-05-04",87,10,88,375,2024,0.905138339920949,0,0,148,219,36,1602,4,346,32,4
"823","2020-05-05",80,10,102,385,2024,0.905138339920949,0,0,148,219,34,1636,3,349,26,3
"824","2020-05-06",88,10,116,394,2024,0.905138339920949,0,0,148,219,38,1674,8,357,28,8
"825","2020-05-07",88,10,102,392,2024,0.905138339920949,0,0,148,219,42,1716,4,361,30,4
"826","2020-05-08",91,10,96,396,2024,0.905138339920949,0,0,148,219,46,1762,6,367,40,6
"827","2020-05-09",88,10,96,394,2024,0.905138339920949,0,0,148,219,51,1813,3,370,38,3
"828","2020-05-10",90,10,84,386,2024,0.905138339920949,0,0,148,219,68,1881,2,372,56,2
"829","2020-05-11",96,10,95,370,2024,0.905138339920949,0,0,148,219,48,1929,20,392,43,20
"830","2020-05-12",99,10,101,357,2024,0.905138339920949,0,0,148,219,43,1972,11,403,36,11
"831","2020-05-13",95,10,100,342,2024,0.905138339920949,0,0,148,219,53,2025,8,411,46,8
"832","2020-05-14",101,10,99,339,2024,0.905138339920949,0,0,148,219,50,2075,9,420,44,9
"833","2020-05-15",99,10,101,327,2024,0.905138339920949,0,0,148,219,33,2108,16,436,30,16
"834","2020-05-16",102,10,109,345,2024,0.905138339920949,0,0,148,219,41,2149,14,450,31,14
"835","2020-05-17",100,10,111,331,2024,0.905138339920949,0,0,148,219,42,2191,4,454,37,4
"836","2020-05-18",104,10,95,324,2024,0.905138339920949,0,0,148,219,40,2231,5,459,35,5
"837","2020-05-19",105,10,73,320,2024,0.905138339920949,0,0,148,219,39,2270,15,474,38,15
"838","2020-05-20",105,10,68,312,2024,0.905138339920949,0,0,148,219,32,2302,13,487,28,13
"839","2020-05-21",99,10,61,303,2024,0.905138339920949,0,0,148,219,30,2332,7,494,26,7
"840","2020-05-22",104,10,56,279,2024,0.905138339920949,0,0,148,219,38,2370,12,506,35,12
"841","2020-05-23",100,10,68,279,2024,0.905138339920949,0,0,148,219,42,2412,7,513,37,7
"842","2020-05-24",94,10,78,271,2024,0.905138339920949,0,0,148,219,34,2446,4,517,29,4
"843","2020-05-25",84,10,76,274,2024,0.905138339920949,0,0,148,219,22,2468,9,526,17,9
"844","2020-05-26",78,10,77,266,2024,0.905138339920949,0,0,148,219,30,2498,11,537,26,11
"845","2020-05-27",74,10,77,257,2024,0.905138339920949,0,0,148,219,23,2521,8,545,20,8
"846","2020-05-28",73,10,77,255,2024,0.905138339920949,0,0,148,219,27,2548,8,553,22,8
"847","2020-05-29",68,10,78,250,2024,0.905138339920949,0,0,148,219,34,2582,7,560,29,7
"848","2020-05-30",65,10,76,241,2024,0.905138339920949,0,0,148,219,24,2606,11,571,23,11
"849","2020-05-31",63,10,75,236,2024,0.905138339920949,0,0,148,219,15,2621,10,581,10,10
"850","2020-06-01",68,10,69,242,2024,0.905138339920949,0,0,148,219,27,2648,11,592,24,11
"851","2020-06-02",69,10,56,248,2024,0.905138339920949,0,0,148,219,26,2674,2,594,25,2
"852","2020-06-03",71,10,47,252,2024,0.905138339920949,0,0,148,219,17,2691,7,601,14,7
"853","2020-06-04",68,10,44,260,2024,0.905138339920949,0,0,148,219,14,2705,1,602,10,1
"854","2020-06-05",66,10,48,273,2024,0.905138339920949,0,0,148,219,24,2729,NA,NA,22,NA
"855","2020-06-06",65,10,52,274,2024,0.905138339920949,0,0,148,219,18,2747,2,604,15,2
"856","2020-06-07",67,10,47,276,2024,0.905138339920949,0,0,148,219,15,2762,4,608,13,4
"857","2020-03-15",1,11,20,33,2567,0.735878457343202,0,0,196,195,16,71,8,41,6,8
"858","2020-03-16",3,11,22,47,2567,0.735878457343202,0,0,196,195,28,99,14,55,12,14
"859","2020-03-17",8,11,23,63,2567,0.735878457343202,0,0,196,195,18,117,13,68,9,13
"860","2020-03-18",11,11,18,73,2567,0.735878457343202,0,0,196,195,24,141,15,83,12,15
"861","2020-03-19",14,11,9,95,2567,0.735878457343202,0,0,196,195,19,160,17,100,12,17
"862","2020-03-20",18,11,12,99,2567,0.735878457343202,0,0,196,195,31,191,20,120,17,20
"863","2020-03-21",23,11,14,118,2567,0.735878457343202,0,0,196,195,26,217,27,147,11,27
"864","2020-03-22",26,11,20,132,2567,0.735878457343202,0,0,196,195,25,242,29,176,15,29
"865","2020-03-23",32,11,19,144,2567,0.735878457343202,0,0,196,195,25,267,22,198,16,22
"866","2020-03-24",34,11,29,155,2567,0.735878457343202,0,0,196,195,31,298,27,225,19,27
"867","2020-03-25",38,11,35,166,2567,0.735878457343202,0,0,196,195,34,332,39,264,20,39
"868","2020-03-26",41,11,31,181,2567,0.735878457343202,0,0,196,195,22,354,20,284,14,20
"869","2020-03-27",42,11,41,191,2567,0.735878457343202,0,0,196,195,36,390,24,308,22,24
"870","2020-03-28",42,11,44,214,2567,0.735878457343202,0,0,196,195,33,423,31,339,25,31
"871","2020-03-29",43,11,32,219,2567,0.735878457343202,0,0,196,195,31,454,30,369,24,30
"872","2020-03-30",42,11,29,232,2567,0.735878457343202,0,0,196,195,35,489,30,399,22,30
"873","2020-03-31",44,11,34,248,2567,0.735878457343202,0,0,196,195,37,526,24,423,25,24
"874","2020-04-01",46,11,41,262,2567,0.735878457343202,0,0,196,195,47,573,31,454,29,31
"875","2020-04-02",48,11,42,283,2567,0.735878457343202,0,0,196,195,33,606,32,486,24,32
"876","2020-04-03",52,11,44,295,2567,0.735878457343202,0,0,196,195,39,645,37,523,28,37
"877","2020-04-04",61,11,48,305,2567,0.735878457343202,0,0,196,195,28,673,17,540,17,17
"878","2020-04-05",66,11,58,310,2567,0.735878457343202,0,0,196,195,37,710,18,558,21,18
"879","2020-04-06",77,11,65,340,2567,0.735878457343202,0,0,196,195,33,743,14,572,24,14
"880","2020-04-07",77,11,75,365,2567,0.735878457343202,0,0,196,195,24,767,27,599,13,27
"881","2020-04-08",79,11,71,363,2567,0.735878457343202,0,0,196,195,36,803,33,632,25,33
"882","2020-04-09",91,11,64,373,2567,0.735878457343202,0,0,196,195,37,840,39,671,26,39
"883","2020-04-10",95,11,79,383,2567,0.735878457343202,0,0,196,195,29,869,38,709,21,38
"884","2020-04-11",93,11,84,395,2567,0.735878457343202,0,0,196,195,28,897,33,742,20,33
"885","2020-04-12",102,11,84,402,2567,0.735878457343202,0,0,196,195,40,937,25,767,22,25
"886","2020-04-13",106,11,81,413,2567,0.735878457343202,0,0,196,195,29,966,29,796,19,29
"887","2020-04-14",113,11,83,434,2567,0.735878457343202,0,0,196,195,31,997,36,832,18,36
"888","2020-04-15",121,11,68,440,2567,0.735878457343202,0,0,196,195,46,1043,36,868,31,36
"889","2020-04-16",115,11,67,458,2567,0.735878457343202,0,0,196,195,28,1071,42,910,13,42
"890","2020-04-17",118,11,65,456,2567,0.735878457343202,0,0,196,195,36,1107,45,955,21,45
"891","2020-04-18",125,11,60,448,2567,0.735878457343202,0,0,196,195,27,1134,37,992,17,37
"892","2020-04-19",119,11,57,458,2567,0.735878457343202,0,0,196,195,36,1170,50,1042,23,50
"893","2020-04-20",116,11,75,448,2567,0.735878457343202,0,0,196,195,34,1204,52,1094,17,52
"894","2020-04-21",125,11,71,441,2567,0.735878457343202,0,0,196,195,21,1225,43,1137,15,43
"895","2020-04-22",121,11,86,426,2567,0.735878457343202,0,0,196,195,32,1257,38,1175,20,38
"896","2020-04-23",120,11,100,415,2567,0.735878457343202,0,0,196,195,32,1289,22,1197,19,22
"897","2020-04-24",120,11,94,411,2567,0.735878457343202,0,0,196,195,29,1318,34,1231,21,34
"898","2020-04-25",125,11,82,414,2567,0.735878457343202,0,0,196,195,30,1348,49,1280,19,49
"899","2020-04-26",130,11,78,418,2567,0.735878457343202,0,0,196,195,29,1377,52,1332,16,52
"900","2020-04-27",127,11,71,420,2567,0.735878457343202,0,0,196,195,22,1399,45,1377,11,45
"901","2020-04-28",117,11,86,423,2567,0.735878457343202,0,0,196,195,24,1423,43,1420,12,43
"902","2020-04-29",121,11,89,422,2567,0.735878457343202,0,0,196,195,31,1454,38,1458,21,38
"903","2020-04-30",123,11,78,425,2567,0.735878457343202,0,0,196,195,24,1478,32,1490,12,32
"904","2020-05-01",123,11,77,422,2567,0.735878457343202,0,0,196,195,23,1501,44,1534,12,44
"905","2020-05-02",116,11,89,430,2567,0.735878457343202,0,0,196,195,24,1525,40,1574,11,40
"906","2020-05-03",112,11,86,423,2567,0.735878457343202,0,0,196,195,22,1547,48,1622,11,48
"907","2020-05-04",113,11,92,414,2567,0.735878457343202,0,0,196,195,35,1582,34,1656,19,34
"908","2020-05-05",125,11,91,406,2567,0.735878457343202,0,0,196,195,28,1610,46,1702,15,46
"909","2020-05-06",125,11,86,396,2567,0.735878457343202,0,0,196,195,30,1640,42,1744,17,42
"910","2020-05-07",130,11,73,389,2567,0.735878457343202,0,0,196,195,23,1663,30,1774,16,30
"911","2020-05-08",133,11,76,386,2567,0.735878457343202,0,0,196,195,31,1694,47,1821,16,47
"912","2020-05-09",133,11,85,384,2567,0.735878457343202,0,0,196,195,32,1726,20,1841,18,20
"913","2020-05-10",139,11,79,365,2567,0.735878457343202,0,0,196,195,32,1758,30,1871,17,30
"914","2020-05-11",136,11,74,351,2567,0.735878457343202,0,0,196,195,34,1792,36,1907,14,36
"915","2020-05-12",125,11,59,340,2567,0.735878457343202,0,0,196,195,30,1822,31,1938,19,31
"916","2020-05-13",125,11,62,328,2567,0.735878457343202,0,0,196,195,36,1858,50,1988,26,50
"917","2020-05-14",114,11,69,316,2567,0.735878457343202,0,0,196,195,27,1885,38,2026,16,38
"918","2020-05-15",109,11,60,311,2567,0.735878457343202,0,0,196,195,25,1910,29,2055,11,29
"919","2020-05-16",102,11,61,299,2567,0.735878457343202,0,0,196,195,24,1934,24,2079,14,24
"920","2020-05-17",91,11,61,299,2567,0.735878457343202,0,0,196,195,25,1959,39,2118,15,39
"921","2020-05-18",85,11,52,294,2567,0.735878457343202,0,0,196,195,25,1984,33,2151,15,33
"922","2020-05-19",80,11,57,302,2567,0.735878457343202,0,0,196,195,26,2010,36,2187,17,36
"923","2020-05-20",70,11,60,298,2567,0.735878457343202,0,0,196,195,30,2040,30,2217,18,30
"924","2020-05-21",73,11,76,287,2567,0.735878457343202,0,0,196,195,29,2069,34,2251,21,34
"925","2020-05-22",72,11,79,294,2567,0.735878457343202,0,0,196,195,14,2083,33,2284,8,33
"926","2020-05-23",83,11,72,290,2567,0.735878457343202,0,0,196,195,27,2110,19,2303,17,19
"927","2020-05-24",84,11,73,291,2567,0.735878457343202,0,0,196,195,17,2127,27,2330,10,27
"928","2020-05-25",79,11,61,298,2567,0.735878457343202,0,0,196,195,19,2146,34,2364,12,34
"929","2020-05-26",78,11,45,304,2567,0.735878457343202,0,0,196,195,21,2167,37,2401,15,37
"930","2020-05-27",86,11,49,296,2567,0.735878457343202,0,0,196,195,23,2190,32,2433,18,32
"931","2020-05-28",88,11,47,294,2567,0.735878457343202,0,0,196,195,29,2219,36,2469,22,36
"932","2020-05-29",83,11,53,288,2567,0.735878457343202,0,0,196,195,28,2247,21,2490,17,21
"933","2020-05-30",79,11,47,298,2567,0.735878457343202,0,0,196,195,19,2266,24,2514,11,24
"934","2020-05-31",75,11,47,286,2567,0.735878457343202,0,0,196,195,16,2282,24,2538,8,24
"935","2020-06-01",89,11,46,270,2567,0.735878457343202,0,0,196,195,15,2297,28,2566,11,28
"936","2020-06-02",90,11,37,259,2567,0.735878457343202,0,0,196,195,19,2316,23,2589,11,23
"937","2020-06-03",80,11,41,251,2567,0.735878457343202,0,0,196,195,18,2334,32,2621,16,32
"938","2020-06-04",76,11,40,255,2567,0.735878457343202,0,0,196,195,20,2354,22,2643,16,22
"939","2020-06-05",77,11,43,234,2567,0.735878457343202,0,0,196,195,15,2369,41,2684,8,41
"940","2020-06-06",71,11,44,233,2567,0.735878457343202,0,0,196,195,14,2383,43,2727,8,43
"941","2020-06-07",81,11,41,228,2567,0.735878457343202,0,0,196,195,17,2400,41,2768,11,41
"942","2020-03-14",2,12,9,40,1909,0.530120481927711,0,0,150,234,10,33,4,22,4,4
"943","2020-03-15",2,12,10,55,1909,0.530120481927711,0,0,150,234,7,40,5,27,5,5
"944","2020-03-16",3,12,13,72,1909,0.530120481927711,0,0,150,234,12,52,7,34,9,7
"945","2020-03-17",4,12,19,89,1909,0.530120481927711,0,0,150,234,10,62,7,41,7,7
"946","2020-03-18",8,12,19,107,1909,0.530120481927711,0,0,150,234,12,74,7,48,7,7
"947","2020-03-19",15,12,22,124,1909,0.530120481927711,0,0,150,234,15,89,6,54,9,6
"948","2020-03-20",18,12,25,141,1909,0.530120481927711,0,0,150,234,20,109,7,61,13,7
"949","2020-03-21",22,12,21,155,1909,0.530120481927711,0,0,150,234,11,120,5,66,8,5
"950","2020-03-22",32,12,26,165,1909,0.530120481927711,0,0,150,234,18,138,15,81,15,15
"951","2020-03-23",32,12,26,188,1909,0.530120481927711,0,0,150,234,22,160,11,92,15,11
"952","2020-03-24",44,12,33,195,1909,0.530120481927711,0,0,150,234,17,177,6,98,9,6
"953","2020-03-25",56,12,34,216,1909,0.530120481927711,0,0,150,234,13,190,9,107,11,9
"954","2020-03-26",58,12,34,223,1909,0.530120481927711,0,0,150,234,16,206,13,120,13,13
"955","2020-03-27",63,12,38,227,1909,0.530120481927711,0,0,150,234,12,218,10,130,9,10
"956","2020-03-28",68,12,36,233,1909,0.530120481927711,0,0,150,234,21,239,4,134,14,4
"957","2020-03-29",63,12,44,234,1909,0.530120481927711,0,0,150,234,27,266,8,142,25,8
"958","2020-03-30",69,12,38,238,1909,0.530120481927711,0,0,150,234,27,293,10,152,24,10
"959","2020-03-31",67,12,44,249,1909,0.530120481927711,0,0,150,234,23,316,2,154,18,2
"960","2020-04-01",57,12,40,253,1909,0.530120481927711,0,0,150,234,21,337,2,156,15,2
"961","2020-04-02",62,12,39,248,1909,0.530120481927711,0,0,150,234,26,363,4,160,22,4
"962","2020-04-03",63,12,35,259,1909,0.530120481927711,0,0,150,234,19,382,1,161,14,1
"963","2020-04-04",60,12,32,256,1909,0.530120481927711,0,0,150,234,25,407,5,166,19,5
"964","2020-04-05",66,12,30,260,1909,0.530120481927711,0,0,150,234,32,439,8,174,30,8
"965","2020-04-06",70,12,31,257,1909,0.530120481927711,0,0,150,234,41,480,6,180,37,6
"966","2020-04-07",72,12,30,257,1909,0.530120481927711,0,0,150,234,35,515,5,185,31,5
"967","2020-04-08",79,12,30,262,1909,0.530120481927711,0,0,150,234,37,552,8,193,31,8
"968","2020-04-09",69,12,40,274,1909,0.530120481927711,0,0,150,234,38,590,15,208,34,15
"969","2020-04-10",71,12,49,276,1909,0.530120481927711,0,0,150,234,40,630,11,219,33,11
"970","2020-04-11",79,12,52,292,1909,0.530120481927711,0,0,150,234,33,663,7,226,27,7
"971","2020-04-12",77,12,49,287,1909,0.530120481927711,0,0,150,234,46,709,10,236,42,10
"972","2020-04-13",76,12,40,282,1909,0.530120481927711,0,0,150,234,41,750,23,259,36,23
"973","2020-04-14",78,12,37,288,1909,0.530120481927711,0,0,150,234,48,798,5,264,42,5
"974","2020-04-15",70,12,45,293,1909,0.530120481927711,0,0,150,234,48,846,6,270,40,6
"975","2020-04-16",79,12,61,287,1909,0.530120481927711,0,0,150,234,49,895,23,293,43,23
"976","2020-04-17",76,12,67,297,1909,0.530120481927711,0,0,150,234,44,939,12,305,41,12
"977","2020-04-18",74,12,57,299,1909,0.530120481927711,0,0,150,234,41,980,13,318,36,13
"978","2020-04-19",76,12,59,307,1909,0.530120481927711,0,0,150,234,57,1037,9,327,51,9
"979","2020-04-20",84,12,65,317,1909,0.530120481927711,0,0,150,234,43,1080,8,335,38,8
"980","2020-04-21",80,12,65,330,1909,0.530120481927711,0,0,150,234,39,1119,4,339,36,4
"981","2020-04-22",86,12,64,329,1909,0.530120481927711,0,0,150,234,36,1155,14,353,30,14
"982","2020-04-23",87,12,69,340,1909,0.530120481927711,0,0,150,234,50,1205,7,360,41,7
"983","2020-04-24",90,12,61,358,1909,0.530120481927711,0,0,150,234,52,1257,9,369,43,9
"984","2020-04-25",91,12,74,365,1909,0.530120481927711,0,0,150,234,47,1304,11,380,41,11
"985","2020-04-26",92,12,90,363,1909,0.530120481927711,0,0,150,234,52,1356,14,394,47,14
"986","2020-04-27",84,12,90,365,1909,0.530120481927711,0,0,150,234,46,1402,16,410,41,16
"987","2020-04-28",94,12,87,368,1909,0.530120481927711,0,0,150,234,60,1462,19,429,49,19
"988","2020-04-29",93,12,82,354,1909,0.530120481927711,0,0,150,234,51,1513,14,443,45,14
"989","2020-04-30",96,12,79,340,1909,0.530120481927711,0,0,150,234,42,1555,9,452,38,9
"990","2020-05-01",92,12,73,328,1909,0.530120481927711,0,0,150,234,50,1605,21,473,42,21
"991","2020-05-02",95,12,64,324,1909,0.530120481927711,0,0,150,234,56,1661,12,485,47,12
"992","2020-05-03",93,12,66,307,1909,0.530120481927711,0,0,150,234,45,1706,12,497,41,12
"993","2020-05-04",99,12,61,295,1909,0.530120481927711,0,0,150,234,48,1754,14,511,42,14
"994","2020-05-05",88,12,69,282,1909,0.530120481927711,0,0,150,234,45,1799,10,521,41,10
"995","2020-05-06",90,12,62,274,1909,0.530120481927711,0,0,150,234,53,1852,9,530,47,9
"996","2020-05-07",87,12,60,266,1909,0.530120481927711,0,0,150,234,49,1901,15,545,44,15
"997","2020-05-08",89,12,65,255,1909,0.530120481927711,0,0,150,234,50,1951,11,556,46,11
"998","2020-05-09",86,12,63,248,1909,0.530120481927711,0,0,150,234,27,1978,17,573,25,17
"999","2020-05-10",85,12,72,239,1909,0.530120481927711,0,0,150,234,45,2023,13,586,40,13
"1000","2020-05-11",82,12,65,240,1909,0.530120481927711,0,0,150,234,36,2059,19,605,34,19
"1001","2020-05-12",81,12,63,241,1909,0.530120481927711,0,0,150,234,42,2101,15,620,36,15
"1002","2020-05-13",81,12,69,243,1909,0.530120481927711,0,0,150,234,36,2137,6,626,33,6
"1003","2020-05-14",81,12,78,243,1909,0.530120481927711,0,0,150,234,35,2172,9,635,31,9
"1004","2020-05-15",78,12,77,231,1909,0.530120481927711,0,0,150,234,39,2211,7,642,36,7
"1005","2020-05-16",71,12,80,227,1909,0.530120481927711,0,0,150,234,36,2247,5,647,31,5
"1006","2020-05-17",76,12,80,227,1909,0.530120481927711,0,0,150,234,33,2280,4,651,30,4
"1007","2020-05-18",72,12,90,216,1909,0.530120481927711,0,0,150,234,29,2309,11,662,22,11
"1008","2020-05-19",72,12,83,219,1909,0.530120481927711,0,0,150,234,29,2338,5,667,24,5
"1009","2020-05-20",69,12,86,216,1909,0.530120481927711,0,0,150,234,31,2369,17,684,29,17
"1010","2020-05-21",67,12,87,196,1909,0.530120481927711,0,0,150,234,42,2411,2,686,37,2
"1011","2020-05-22",67,12,94,194,1909,0.530120481927711,0,0,150,234,28,2439,14,700,25,14
"1012","2020-05-23",67,12,84,185,1909,0.530120481927711,0,0,150,234,25,2464,12,712,22,12
"1013","2020-05-24",57,12,72,176,1909,0.530120481927711,0,0,150,234,26,2490,12,724,24,12
"1014","2020-05-25",53,12,85,171,1909,0.530120481927711,0,0,150,234,30,2520,12,736,22,12
"1015","2020-05-26",52,12,93,168,1909,0.530120481927711,0,0,150,234,35,2555,15,751,29,15
"1016","2020-05-27",45,12,85,160,1909,0.530120481927711,0,0,150,234,19,2574,21,772,16,21
"1017","2020-05-28",35,12,76,158,1909,0.530120481927711,0,0,150,234,13,2587,5,777,13,5
"1018","2020-05-29",40,12,72,158,1909,0.530120481927711,0,0,150,234,29,2616,11,788,29,11
"1019","2020-05-30",47,12,65,146,1909,0.530120481927711,0,0,150,234,14,2630,18,806,12,18
"1020","2020-05-31",47,12,64,142,1909,0.530120481927711,0,0,150,234,16,2646,14,820,15,14
"1021","2020-06-01",50,12,57,140,1909,0.530120481927711,0,0,150,234,18,2664,9,829,16,9
"1022","2020-06-02",49,12,58,143,1909,0.530120481927711,0,0,150,234,17,2681,8,837,16,8
"1023","2020-06-03",53,12,54,145,1909,0.530120481927711,0,0,150,234,11,2692,6,843,7,6
"1024","2020-06-04",58,12,52,132,1909,0.530120481927711,0,0,150,234,17,2709,5,848,15,5
"1025","2020-06-05",55,12,60,132,1909,0.530120481927711,0,0,150,234,10,2719,14,862,9,14
"1026","2020-06-06",44,12,62,129,1909,0.530120481927711,0,0,150,234,13,2732,6,868,10,6
"1027","2020-06-07",45,12,57,124,1909,0.530120481927711,0,0,150,234,9,2741,3,871,8,3
"1028","2020-03-14",1,13,11,19,2549,0.894468418987838,0,0,203,194,9,29,1,7,2,1
"1029","2020-03-15",2,13,13,22,2549,0.894468418987838,0,0,203,194,9,38,NA,NA,5,NA
"1030","2020-03-16",3,13,16,31,2549,0.894468418987838,0,0,203,194,19,57,3,10,11,3
"1031","2020-03-17",3,13,17,33,2549,0.894468418987838,0,0,203,194,8,65,4,14,5,4
"1032","2020-03-18",5,13,28,37,2549,0.894468418987838,0,0,203,194,12,77,2,16,10,2
"1033","2020-03-19",5,13,26,43,2549,0.894468418987838,0,0,203,194,15,92,NA,NA,11,NA
"1034","2020-03-20",8,13,27,51,2549,0.894468418987838,0,0,203,194,13,105,1,17,8,1
"1035","2020-03-21",9,13,27,63,2549,0.894468418987838,0,0,203,194,20,125,1,18,13,1
"1036","2020-03-22",10,13,38,72,2549,0.894468418987838,0,0,203,194,13,138,3,21,7,3
"1037","2020-03-23",11,13,38,83,2549,0.894468418987838,0,0,203,194,13,151,1,22,6,1
"1038","2020-03-24",16,13,36,88,2549,0.894468418987838,0,0,203,194,15,166,1,23,11,1
"1039","2020-03-25",17,13,37,89,2549,0.894468418987838,0,0,203,194,11,177,1,24,5,1
"1040","2020-03-26",21,13,40,95,2549,0.894468418987838,0,0,203,194,21,198,3,27,16,3
"1041","2020-03-27",21,13,51,97,2549,0.894468418987838,0,0,203,194,21,219,1,28,14,1
"1042","2020-03-28",21,13,55,117,2549,0.894468418987838,0,0,203,194,18,237,5,33,12,5
"1043","2020-03-29",22,13,49,127,2549,0.894468418987838,0,0,203,194,25,262,2,35,19,2
"1044","2020-03-30",23,13,47,131,2549,0.894468418987838,0,0,203,194,20,282,4,39,13,4
"1045","2020-03-31",20,13,46,145,2549,0.894468418987838,0,0,203,194,31,313,NA,NA,18,NA
"1046","2020-04-01",26,13,44,166,2549,0.894468418987838,0,0,203,194,23,336,4,43,13,4
"1047","2020-04-02",30,13,37,180,2549,0.894468418987838,0,0,203,194,19,355,7,50,16,7
"1048","2020-04-03",35,13,31,195,2549,0.894468418987838,0,0,203,194,23,378,5,55,18,5
"1049","2020-04-04",38,13,37,202,2549,0.894468418987838,0,0,203,194,31,409,10,65,19,10
"1050","2020-04-05",47,13,47,211,2549,0.894468418987838,0,0,203,194,21,430,5,70,18,5
"1051","2020-04-06",49,13,58,211,2549,0.894468418987838,0,0,203,194,29,459,7,77,20,7
"1052","2020-04-07",56,13,58,227,2549,0.894468418987838,0,0,203,194,35,494,4,81,26,4
"1053","2020-04-08",52,13,52,229,2549,0.894468418987838,0,0,203,194,35,529,6,87,28,6
"1054","2020-04-09",55,13,51,241,2549,0.894468418987838,0,0,203,194,25,554,8,95,19,8
"1055","2020-04-10",64,13,52,249,2549,0.894468418987838,0,0,203,194,45,599,4,99,35,4
"1056","2020-04-11",66,13,63,256,2549,0.894468418987838,0,0,203,194,32,631,3,102,23,3
"1057","2020-04-12",62,13,58,260,2549,0.894468418987838,0,0,203,194,41,672,4,106,28,4
"1058","2020-04-13",70,13,51,260,2549,0.894468418987838,0,0,203,194,53,725,13,119,41,13
"1059","2020-04-14",70,13,53,259,2549,0.894468418987838,0,0,203,194,42,767,6,125,34,6
"1060","2020-04-15",74,13,55,270,2549,0.894468418987838,0,0,203,194,33,800,8,133,25,8
"1061","2020-04-16",71,13,47,293,2549,0.894468418987838,0,0,203,194,46,846,10,143,37,10
"1062","2020-04-17",66,13,47,295,2549,0.894468418987838,0,0,203,194,42,888,8,151,29,8
"1063","2020-04-18",68,13,56,306,2549,0.894468418987838,0,0,203,194,44,932,6,157,30,6
"1064","2020-04-19",70,13,53,309,2549,0.894468418987838,0,0,203,194,39,971,9,166,33,9
"1065","2020-04-20",73,13,57,333,2549,0.894468418987838,0,0,203,194,38,1009,3,169,28,3
"1066","2020-04-21",73,13,56,349,2549,0.894468418987838,0,0,203,194,46,1055,9,178,39,9
"1067","2020-04-22",73,13,61,379,2549,0.894468418987838,0,0,203,194,52,1107,10,188,39,10
"1068","2020-04-23",77,13,67,395,2549,0.894468418987838,0,0,203,194,38,1145,11,199,25,11
"1069","2020-04-24",81,13,66,404,2549,0.894468418987838,0,0,203,194,45,1190,5,204,35,5
"1070","2020-04-25",90,13,57,440,2549,0.894468418987838,0,0,203,194,44,1234,3,207,34,3
"1071","2020-04-26",99,13,62,465,2549,0.894468418987838,0,0,203,194,39,1273,11,218,37,11
"1072","2020-04-27",108,13,57,483,2549,0.894468418987838,0,0,203,194,50,1323,7,225,41,7
"1073","2020-04-28",114,13,66,485,2549,0.894468418987838,0,0,203,194,52,1375,8,233,42,8
"1074","2020-04-29",125,13,62,493,2549,0.894468418987838,0,0,203,194,33,1408,8,241,24,8
"1075","2020-04-30",135,13,59,490,2549,0.894468418987838,0,0,203,194,45,1453,15,256,41,15
"1076","2020-05-01",136,13,57,487,2549,0.894468418987838,0,0,203,194,34,1487,11,267,21,11
"1077","2020-05-02",140,13,56,502,2549,0.894468418987838,0,0,203,194,36,1523,9,276,26,9
"1078","2020-05-03",142,13,54,509,2549,0.894468418987838,0,0,203,194,32,1555,11,287,24,11
"1079","2020-05-04",137,13,57,507,2549,0.894468418987838,0,0,203,194,37,1592,11,298,31,11
"1080","2020-05-05",145,13,53,509,2549,0.894468418987838,0,0,203,194,33,1625,7,305,26,7
"1081","2020-05-06",139,13,49,513,2549,0.894468418987838,0,0,203,194,28,1653,10,315,23,10
"1082","2020-05-07",142,13,50,531,2549,0.894468418987838,0,0,203,194,25,1678,12,327,20,12
"1083","2020-05-08",144,13,49,539,2549,0.894468418987838,0,0,203,194,29,1707,4,331,17,4
"1084","2020-05-09",144,13,58,520,2549,0.894468418987838,0,0,203,194,32,1739,11,342,26,11
"1085","2020-05-10",142,13,62,522,2549,0.894468418987838,0,0,203,194,18,1757,10,352,12,10
"1086","2020-05-11",145,13,55,507,2549,0.894468418987838,0,0,203,194,26,1783,19,371,15,19
"1087","2020-05-12",136,13,52,512,2549,0.894468418987838,0,0,203,194,25,1808,9,380,19,9
"1088","2020-05-13",148,13,46,510,2549,0.894468418987838,0,0,203,194,24,1832,15,395,12,15
"1089","2020-05-14",144,13,51,509,2549,0.894468418987838,0,0,203,194,18,1850,7,402,12,7
"1090","2020-05-15",151,13,53,535,2549,0.894468418987838,0,0,203,194,37,1887,8,410,30,8
"1091","2020-05-16",148,13,64,527,2549,0.894468418987838,0,0,203,194,14,1901,2,412,9,2
"1092","2020-05-17",146,13,74,522,2549,0.894468418987838,0,0,203,194,15,1916,3,415,9,3
"1093","2020-05-18",141,13,83,510,2549,0.894468418987838,0,0,203,194,25,1941,7,422,19,7
"1094","2020-05-19",149,13,84,503,2549,0.894468418987838,0,0,203,194,21,1962,4,426,16,4
"1095","2020-05-20",149,13,83,475,2549,0.894468418987838,0,0,203,194,16,1978,4,430,13,4
"1096","2020-05-21",151,13,82,444,2549,0.894468418987838,0,0,203,194,15,1993,14,444,13,14
"1097","2020-05-22",138,13,87,423,2549,0.894468418987838,0,0,203,194,19,2012,12,456,10,12
"1098","2020-05-23",133,13,91,409,2549,0.894468418987838,0,0,203,194,17,2029,4,460,13,4
"1099","2020-05-24",138,13,92,388,2549,0.894468418987838,0,0,203,194,20,2049,1,461,13,1
"1100","2020-05-25",132,13,95,383,2549,0.894468418987838,0,0,203,194,13,2062,6,467,9,6
"1101","2020-05-26",124,13,109,369,2549,0.894468418987838,0,0,203,194,17,2079,5,472,13,5
"1102","2020-05-27",107,13,95,345,2549,0.894468418987838,0,0,203,194,11,2090,5,477,9,5
"1103","2020-05-28",100,13,96,325,2549,0.894468418987838,0,0,203,194,10,2100,2,479,7,2
"1104","2020-05-29",97,13,113,297,2549,0.894468418987838,0,0,203,194,17,2117,6,485,15,6
"1105","2020-05-30",95,13,114,277,2549,0.894468418987838,0,0,203,194,9,2126,3,488,6,3
"1106","2020-05-31",79,13,115,266,2549,0.894468418987838,0,0,203,194,16,2142,8,496,9,8
"1107","2020-06-01",79,13,114,255,2549,0.894468418987838,0,0,203,194,13,2155,8,504,9,8
"1108","2020-06-02",72,13,108,230,2549,0.894468418987838,0,0,203,194,21,2176,3,507,14,3
"1109","2020-06-03",73,13,110,221,2549,0.894468418987838,0,0,203,194,15,2191,5,512,11,5
"1110","2020-06-04",68,13,118,208,2549,0.894468418987838,0,0,203,194,16,2207,6,518,10,6
"1111","2020-06-05",72,13,111,183,2549,0.894468418987838,0,0,203,194,6,2213,2,520,2,2
"1112","2020-06-06",65,13,99,176,2549,0.894468418987838,0,0,203,194,6,2219,9,529,4,9
"1113","2020-06-07",66,13,96,166,2549,0.894468418987838,0,0,203,194,22,2241,8,537,20,8
"1114","2020-03-19",3,14,23,60,4786,0.948391140827413,0,0,441,322,25,119,5,67,18,5
"1115","2020-03-20",6,14,21,63,4786,0.948391140827413,0,0,441,322,22,141,11,78,17,11
"1116","2020-03-21",8,14,25,70,4786,0.948391140827413,0,0,441,322,30,171,2,80,28,2
"1117","2020-03-22",10,14,25,84,4786,0.948391140827413,0,0,441,322,36,207,7,87,31,7
"1118","2020-03-23",12,14,19,93,4786,0.948391140827413,0,0,441,322,38,245,3,90,35,3
"1119","2020-03-24",16,14,22,107,4786,0.948391140827413,0,0,441,322,47,292,5,95,40,5
"1120","2020-03-25",21,14,22,125,4786,0.948391140827413,0,0,441,322,37,329,1,96,28,1
"1121","2020-03-26",23,14,28,140,4786,0.948391140827413,0,0,441,322,66,395,1,97,62,1
"1122","2020-03-27",27,14,32,156,4786,0.948391140827413,0,0,441,322,63,458,13,110,59,13
"1123","2020-03-28",30,14,30,169,4786,0.948391140827413,0,0,441,322,43,501,4,114,38,4
"1124","2020-03-29",34,14,33,188,4786,0.948391140827413,0,0,441,322,77,578,2,116,71,2
"1125","2020-03-30",42,14,35,208,4786,0.948391140827413,0,0,441,322,71,649,NA,NA,62,NA
"1126","2020-03-31",50,14,49,234,4786,0.948391140827413,0,0,441,322,46,695,1,117,44,1
"1127","2020-04-01",60,14,53,259,4786,0.948391140827413,0,0,441,322,77,772,10,127,73,10
"1128","2020-04-02",64,14,45,289,4786,0.948391140827413,0,0,441,322,71,843,3,130,70,3
"1129","2020-04-03",67,14,41,303,4786,0.948391140827413,0,0,441,322,73,916,4,134,69,4
"1130","2020-04-04",73,14,45,330,4786,0.948391140827413,0,0,441,322,103,1019,5,139,102,5
"1131","2020-04-05",80,14,51,363,4786,0.948391140827413,0,0,441,322,117,1136,3,142,110,3
"1132","2020-04-06",80,14,46,382,4786,0.948391140827413,0,0,441,322,127,1263,11,153,122,11
"1133","2020-04-07",86,14,52,408,4786,0.948391140827413,0,0,441,322,118,1381,8,161,111,8
"1134","2020-04-08",88,14,59,434,4786,0.948391140827413,0,0,441,322,125,1506,18,179,121,18
"1135","2020-04-09",100,14,58,472,4786,0.948391140827413,0,0,441,322,143,1649,19,198,139,19
"1136","2020-04-10",100,14,62,498,4786,0.948391140827413,0,0,441,322,184,1833,15,213,179,15
"1137","2020-04-11",107,14,79,515,4786,0.948391140827413,0,0,441,322,177,2010,17,230,171,17
"1138","2020-04-12",108,14,71,565,4786,0.948391140827413,0,0,441,322,194,2204,10,240,185,10
"1139","2020-04-13",121,14,76,612,4786,0.948391140827413,0,0,441,322,221,2425,23,263,213,23
"1140","2020-04-14",126,14,68,649,4786,0.948391140827413,0,0,441,322,239,2664,14,277,236,14
"1141","2020-04-15",137,14,68,672,4786,0.948391140827413,0,0,441,322,264,2928,22,299,257,22
"1142","2020-04-16",149,14,57,698,4786,0.948391140827413,0,0,441,322,325,3253,16,315,317,16
"1143","2020-04-17",168,14,55,732,4786,0.948391140827413,0,0,441,322,264,3517,11,326,258,12
"1144","2020-04-18",178,14,61,740,4786,0.948391140827413,0,0,441,322,268,3785,11,337,262,11
"1145","2020-04-19",186,14,60,773,4786,0.948391140827413,0,0,441,322,244,4029,13,350,238,13
"1146","2020-04-20",194,14,58,807,4786,0.948391140827413,0,0,441,322,272,4301,7,357,263,7
"1147","2020-04-21",205,14,62,837,4786,0.948391140827413,0,0,441,322,211,4512,7,364,208,7
"1148","2020-04-22",214,14,69,874,4786,0.948391140827413,0,0,441,322,240,4752,16,380,237,16
"1149","2020-04-23",217,14,73,931,4786,0.948391140827413,0,0,441,322,188,4940,28,408,186,28
"1150","2020-04-24",218,14,76,950,4786,0.948391140827413,0,0,441,322,216,5156,17,425,212,17
"1151","2020-04-25",232,14,76,970,4786,0.948391140827413,0,0,441,322,185,5341,18,443,185,18
"1152","2020-04-26",243,14,76,989,4786,0.948391140827413,0,0,441,322,154,5495,24,467,150,24
"1153","2020-04-27",245,14,73,1004,4786,0.948391140827413,0,0,441,322,176,5671,17,484,172,17
"1154","2020-04-28",248,14,73,1008,4786,0.948391140827413,0,0,441,322,139,5810,16,500,135,16
"1155","2020-04-29",243,14,70,1029,4786,0.948391140827413,0,0,441,322,110,5920,23,523,107,23
"1156","2020-04-30",257,14,69,1032,4786,0.948391140827413,0,0,441,322,112,6032,22,545,109,22
"1157","2020-05-01",262,14,66,1009,4786,0.948391140827413,0,0,441,322,85,6117,11,556,85,11
"1158","2020-05-02",261,14,62,1039,4786,0.948391140827413,0,0,441,322,86,6203,15,571,84,15
"1159","2020-05-03",268,14,79,1042,4786,0.948391140827413,0,0,441,322,81,6284,10,581,79,10
"1160","2020-05-04",282,14,75,1065,4786,0.948391140827413,0,0,441,322,62,6346,7,588,61,7
"1161","2020-05-05",280,14,80,1040,4786,0.948391140827413,0,0,441,322,40,6386,13,601,37,13
"1162","2020-05-06",296,14,82,1055,4786,0.948391140827413,0,0,441,322,44,6430,3,604,42,3
"1163","2020-05-07",290,14,89,1017,4786,0.948391140827413,0,0,441,322,35,6465,12,616,34,12
"1164","2020-05-08",285,14,86,1011,4786,0.948391140827413,0,0,441,322,32,6497,13,629,32,13
"1165","2020-05-09",284,14,86,1018,4786,0.948391140827413,0,0,441,322,27,6524,22,651,26,22
"1166","2020-05-10",290,14,92,1002,4786,0.948391140827413,0,0,441,322,27,6551,15,666,27,15
"1167","2020-05-11",286,14,108,992,4786,0.948391140827413,0,0,441,322,11,6562,8,674,11,8
"1168","2020-05-12",294,14,114,980,4786,0.948391140827413,0,0,441,322,33,6595,15,689,29,15
"1169","2020-05-13",280,14,124,965,4786,0.948391140827413,0,0,441,322,11,6606,23,712,10,23
"1170","2020-05-14",281,14,127,951,4786,0.948391140827413,0,0,441,322,10,6616,14,726,8,14
"1171","2020-05-15",290,14,136,925,4786,0.948391140827413,0,0,441,322,7,6623,12,738,5,12
"1172","2020-05-16",295,14,130,886,4786,0.948391140827413,0,0,441,322,6,6629,8,746,5,8
"1173","2020-05-17",289,14,136,865,4786,0.948391140827413,0,0,441,322,10,6639,15,761,10,15
"1174","2020-05-18",274,14,131,811,4786,0.948391140827413,0,0,441,322,12,6651,7,768,10,7
"1175","2020-05-19",269,14,125,773,4786,0.948391140827413,0,0,441,322,11,6662,4,772,9,4
"1176","2020-05-20",259,14,109,743,4786,0.948391140827413,0,0,441,322,1,6663,14,786,1,14
"1177","2020-05-21",246,14,112,701,4786,0.948391140827413,0,0,441,322,5,6668,5,791,4,5
"1178","2020-05-22",234,14,108,662,4786,0.948391140827413,0,0,441,322,9,6677,14,805,7,14
"1179","2020-05-23",216,14,109,626,4786,0.948391140827413,0,0,441,322,2,6679,22,827,2,22
"1180","2020-05-24",194,14,106,590,4786,0.948391140827413,0,0,441,322,5,6684,10,837,5,10
"1181","2020-05-25",191,14,84,567,4786,0.948391140827413,0,0,441,322,2,6686,10,847,2,10
"1182","2020-05-26",172,14,90,543,4786,0.948391140827413,0,0,441,322,NA,NA,6,853,NA,6
"1183","2020-05-27",166,14,91,499,4786,0.948391140827413,0,0,441,322,7,6693,3,856,6,3
"1184","2020-05-28",157,14,84,463,4786,0.948391140827413,0,0,441,322,3,6696,9,865,1,9
"1185","2020-05-29",143,14,79,462,4786,0.948391140827413,0,0,441,322,5,6701,10,875,3,10
"1186","2020-05-30",135,14,92,427,4786,0.948391140827413,0,0,441,322,2,6703,13,888,1,13
"1187","2020-05-31",139,14,92,411,4786,0.948391140827413,0,0,441,322,2,6705,6,894,2,6
"1188","2020-06-01",130,14,100,395,4786,0.948391140827413,0,0,441,322,3,6708,2,896,3,2
"1189","2020-06-02",126,14,96,367,4786,0.948391140827413,0,0,441,322,3,6711,6,902,2,6
"1190","2020-06-03",114,14,102,347,4786,0.948391140827413,0,0,441,322,4,6715,6,908,4,6
"1191","2020-06-04",106,14,103,331,4786,0.948391140827413,0,0,441,322,3,6718,1,909,3,1
"1192","2020-06-05",109,14,114,308,4786,0.948391140827413,0,0,441,322,2,6720,6,915,2,6
"1193","2020-06-06",101,14,122,292,4786,0.948391140827413,0,0,441,322,2,6722,6,921,2,6
"1194","2020-06-07",90,14,115,271,4786,0.948391140827413,0,0,441,322,1,6723,13,934,NA,13
"1195","2020-03-14",1,15,59,54,7516,0.928951569984034,0,0,735,358,11,37,1,20,2,1
"1196","2020-03-15",2,15,67,78,7516,0.928951569984034,0,0,735,358,11,48,NA,NA,2,NA
"1197","2020-03-16",8,15,74,111,7516,0.928951569984034,0,0,735,358,13,61,2,22,NA,2
"1198","2020-03-17",13,15,71,151,7516,0.928951569984034,0,0,735,358,18,79,NA,NA,6,NA
"1199","2020-03-18",19,15,67,189,7516,0.928951569984034,0,0,735,358,13,92,2,24,8,2
"1200","2020-03-19",27,15,65,251,7516,0.928951569984034,0,0,735,358,11,103,4,28,5,4
"1201","2020-03-20",34,15,61,307,7516,0.928951569984034,0,0,735,358,18,121,7,35,9,7
"1202","2020-03-21",43,15,70,388,7516,0.928951569984034,0,0,735,358,14,135,8,43,7,8
"1203","2020-03-22",53,15,74,466,7516,0.928951569984034,0,0,735,358,28,163,1,44,14,1
"1204","2020-03-23",62,15,61,563,7516,0.928951569984034,0,0,735,358,20,183,3,47,3,3
"1205","2020-03-24",77,15,63,671,7516,0.928951569984034,0,0,735,358,24,207,7,54,7,7
"1206","2020-03-25",96,15,51,798,7516,0.928951569984034,0,0,735,358,20,227,7,61,10,7
"1207","2020-03-26",122,15,52,913,7516,0.928951569984034,0,0,735,358,14,241,3,64,3,3
"1208","2020-03-27",160,15,50,1065,7516,0.928951569984034,0,0,735,358,25,266,3,67,10,3
"1209","2020-03-28",191,15,62,1169,7516,0.928951569984034,0,0,735,358,17,283,2,69,9,2
"1210","2020-03-29",217,15,80,1330,7516,0.928951569984034,0,0,735,358,20,303,2,71,10,2
"1211","2020-03-30",248,15,81,1562,7516,0.928951569984034,0,0,735,358,19,322,2,73,7,2
"1212","2020-03-31",288,15,85,1781,7516,0.928951569984034,0,0,735,358,24,346,1,74,14,1
"1213","2020-04-01",325,15,87,1957,7516,0.928951569984034,0,0,735,358,27,373,5,79,10,5
"1214","2020-04-02",370,15,114,2165,7516,0.928951569984034,0,0,735,358,24,397,1,80,10,1
"1215","2020-04-03",401,15,125,2408,7516,0.928951569984034,0,0,735,358,25,422,4,84,16,4
"1216","2020-04-04",460,15,125,2593,7516,0.928951569984034,0,0,735,358,28,450,1,85,20,1
"1217","2020-04-05",537,15,118,2745,7516,0.928951569984034,0,0,735,358,32,482,3,88,21,3
"1218","2020-04-06",612,15,109,2891,7516,0.928951569984034,0,0,735,358,42,524,6,94,16,6
"1219","2020-04-07",681,15,118,3087,7516,0.928951569984034,0,0,735,358,41,565,6,100,22,6
"1220","2020-04-08",740,15,118,3208,7516,0.928951569984034,0,0,735,358,32,597,4,104,16,4
"1221","2020-04-09",766,15,108,3344,7516,0.928951569984034,0,0,735,358,34,631,5,109,13,5
"1222","2020-04-10",809,15,94,3335,7516,0.928951569984034,0,0,735,358,34,665,11,120,17,11
"1223","2020-04-11",825,15,90,3257,7516,0.928951569984034,0,0,735,358,35,700,6,126,23,6
"1224","2020-04-12",836,15,97,3237,7516,0.928951569984034,0,0,735,358,34,734,7,133,15,7
"1225","2020-04-13",857,15,105,3131,7516,0.928951569984034,0,0,735,358,33,767,2,135,17,2
"1226","2020-04-14",852,15,108,3053,7516,0.928951569984034,0,0,735,358,51,818,5,140,29,5
"1227","2020-04-15",860,15,128,2853,7516,0.928951569984034,0,0,735,358,36,854,11,151,16,11
"1228","2020-04-16",890,15,132,2708,7516,0.928951569984034,0,0,735,358,30,884,8,159,17,8
"1229","2020-04-17",887,15,128,2473,7516,0.928951569984034,0,0,735,358,33,917,7,166,16,7
"1230","2020-04-18",859,15,130,2283,7516,0.928951569984034,0,0,735,358,28,945,8,174,15,8
"1231","2020-04-19",824,15,133,2058,7516,0.928951569984034,0,0,735,358,36,981,7,181,17,7
"1232","2020-04-20",782,15,128,1835,7516,0.928951569984034,0,0,735,358,35,1016,9,190,19,9
"1233","2020-04-21",731,15,136,1632,7516,0.928951569984034,0,0,735,358,45,1061,11,201,31,11
"1234","2020-04-22",673,15,129,1448,7516,0.928951569984034,0,0,735,358,48,1109,10,211,24,10
"1235","2020-04-23",596,15,144,1241,7516,0.928951569984034,0,0,735,358,37,1146,11,222,23,11
"1236","2020-04-24",528,15,137,1089,7516,0.928951569984034,0,0,735,358,40,1186,15,237,23,15
"1237","2020-04-25",490,15,146,943,7516,0.928951569984034,0,0,735,358,40,1226,11,248,24,11
"1238","2020-04-26",441,15,136,793,7516,0.928951569984034,0,0,735,358,36,1262,6,254,16,6
"1239","2020-04-27",372,15,129,682,7516,0.928951569984034,0,0,735,358,33,1295,12,266,23,12
"1240","2020-04-28",326,15,145,571,7516,0.928951569984034,0,0,735,358,37,1332,1,267,21,1
"1241","2020-04-29",284,15,149,488,7516,0.928951569984034,0,0,735,358,42,1374,10,277,21,10
"1242","2020-04-30",250,15,148,418,7516,0.928951569984034,0,0,735,358,35,1409,9,286,17,9
"1243","2020-05-01",215,15,131,370,7516,0.928951569984034,0,0,735,358,27,1436,11,297,17,11
"1244","2020-05-02",180,15,131,310,7516,0.928951569984034,0,0,735,358,33,1469,7,304,19,7
"1245","2020-05-03",152,15,131,266,7516,0.928951569984034,0,0,735,358,36,1505,5,309,16,5
"1246","2020-05-04",136,15,148,233,7516,0.928951569984034,0,0,735,358,29,1534,14,323,16,14
"1247","2020-05-05",121,15,139,199,7516,0.928951569984034,0,0,735,358,25,1559,9,332,11,9
"1248","2020-05-06",99,15,125,179,7516,0.928951569984034,0,0,735,358,38,1597,19,351,15,19
"1249","2020-05-07",79,15,114,147,7516,0.928951569984034,0,0,735,358,28,1625,9,360,18,9
"1250","2020-05-08",70,15,94,130,7516,0.928951569984034,0,0,735,358,26,1651,13,373,10,13
"1251","2020-05-09",62,15,110,117,7516,0.928951569984034,0,0,735,358,28,1679,12,385,17,12
"1252","2020-05-10",53,15,129,104,7516,0.928951569984034,0,0,735,358,27,1706,4,389,14,4
"1253","2020-05-11",41,15,137,91,7516,0.928951569984034,0,0,735,358,32,1738,9,398,17,9
"1254","2020-05-12",30,15,144,83,7516,0.928951569984034,0,0,735,358,26,1764,5,403,13,5
"1255","2020-05-13",27,15,164,74,7516,0.928951569984034,0,0,735,358,38,1802,2,405,16,2
"1256","2020-05-14",23,15,181,66,7516,0.928951569984034,0,0,735,358,28,1830,2,407,11,2
"1257","2020-05-15",21,15,184,65,7516,0.928951569984034,0,0,735,358,31,1861,3,410,21,3
"1258","2020-05-16",15,15,160,59,7516,0.928951569984034,0,0,735,358,23,1884,4,414,16,4
"1259","2020-05-17",13,15,160,49,7516,0.928951569984034,0,0,735,358,27,1911,1,415,15,1
"1260","2020-05-18",11,15,152,52,7516,0.928951569984034,0,0,735,358,28,1939,3,418,15,3
"1261","2020-05-19",14,15,127,51,7516,0.928951569984034,0,0,735,358,18,1957,8,426,11,8
"1262","2020-05-20",14,15,120,50,7516,0.928951569984034,0,0,735,358,27,1984,4,430,18,4
"1263","2020-05-21",14,15,111,52,7516,0.928951569984034,0,0,735,358,17,2001,3,433,8,3
"1264","2020-05-22",13,15,107,49,7516,0.928951569984034,0,0,735,358,13,2014,7,440,6,7
"1265","2020-05-23",15,15,103,47,7516,0.928951569984034,0,0,735,358,21,2035,4,444,16,4
"1266","2020-05-24",17,15,98,49,7516,0.928951569984034,0,0,735,358,22,2057,8,452,9,8
"1267","2020-05-25",18,15,100,49,7516,0.928951569984034,0,0,735,358,15,2072,4,456,9,4
"1268","2020-05-26",17,15,103,48,7516,0.928951569984034,0,0,735,358,25,2097,11,467,16,11
"1269","2020-05-27",17,15,115,47,7516,0.928951569984034,0,0,735,358,14,2111,6,473,9,6
"1270","2020-05-28",21,15,114,47,7516,0.928951569984034,0,0,735,358,18,2129,10,483,11,10
"1271","2020-05-29",21,15,103,46,7516,0.928951569984034,0,0,735,358,19,2148,2,485,13,2
"1272","2020-05-30",21,15,103,47,7516,0.928951569984034,0,0,735,358,12,2160,5,490,9,5
"1273","2020-05-31",19,15,87,48,7516,0.928951569984034,0,0,735,358,11,2171,7,497,5,7
"1274","2020-06-01",19,15,80,39,7516,0.928951569984034,0,0,735,358,13,2184,4,501,5,4
"1275","2020-06-02",19,15,70,36,7516,0.928951569984034,0,0,735,358,22,2206,1,502,14,1
"1276","2020-06-03",16,15,76,36,7516,0.928951569984034,0,0,735,358,11,2217,2,504,5,2
"1277","2020-06-04",14,15,76,29,7516,0.928951569984034,0,0,735,358,11,2228,3,507,5,3
"1278","2020-06-05",14,15,63,24,7516,0.928951569984034,0,0,735,358,13,2241,3,510,7,3
"1279","2020-06-06",11,15,58,27,7516,0.928951569984034,0,0,735,358,17,2258,3,513,13,3
"1280","2020-06-07",9,15,59,25,7516,0.928951569984034,0,0,735,358,9,2267,3,516,4,3
"1281","2020-03-16",2,16,19,27,2003,0.824762855716425,0,0,165,264,7,46,13,48,1,13
"1282","2020-03-17",4,16,15,33,2003,0.824762855716425,0,0,165,264,7,53,19,67,4,19
"1283","2020-03-18",4,16,22,42,2003,0.824762855716425,0,0,165,264,11,64,15,82,5,15
"1284","2020-03-19",7,16,26,49,2003,0.824762855716425,0,0,165,264,21,85,12,94,10,12
"1285","2020-03-20",10,16,37,63,2003,0.824762855716425,0,0,165,264,12,97,15,109,8,15
"1286","2020-03-21",13,16,40,74,2003,0.824762855716425,0,0,165,264,19,116,5,114,13,5
"1287","2020-03-22",14,16,40,86,2003,0.824762855716425,0,0,165,264,16,132,8,122,8,8
"1288","2020-03-23",14,16,45,94,2003,0.824762855716425,0,0,165,264,16,148,15,137,7,15
"1289","2020-03-24",19,16,45,107,2003,0.824762855716425,0,0,165,264,18,166,12,149,13,12
"1290","2020-03-25",27,16,41,118,2003,0.824762855716425,0,0,165,264,23,189,20,169,16,20
"1291","2020-03-26",28,16,36,120,2003,0.824762855716425,0,0,165,264,17,206,17,186,9,17
"1292","2020-03-27",29,16,45,138,2003,0.824762855716425,0,0,165,264,20,226,40,226,6,40
"1293","2020-03-28",32,16,51,144,2003,0.824762855716425,0,0,165,264,27,253,21,247,16,21
"1294","2020-03-29",36,16,44,156,2003,0.824762855716425,0,0,165,264,25,278,22,269,15,22
"1295","2020-03-30",41,16,58,170,2003,0.824762855716425,0,0,165,264,19,297,14,283,11,14
"1296","2020-03-31",41,16,59,190,2003,0.824762855716425,0,0,165,264,24,321,18,301,13,18
"1297","2020-04-01",38,16,67,197,2003,0.824762855716425,0,0,165,264,26,347,31,332,17,31
"1298","2020-04-02",40,16,82,201,2003,0.824762855716425,0,0,165,264,15,362,21,353,10,21
"1299","2020-04-03",43,16,80,216,2003,0.824762855716425,0,0,165,264,15,377,25,378,9,25
"1300","2020-04-04",42,16,81,216,2003,0.824762855716425,0,0,165,264,21,398,26,404,10,26
"1301","2020-04-05",45,16,83,226,2003,0.824762855716425,0,0,165,264,23,421,18,422,12,18
"1302","2020-04-06",48,16,91,239,2003,0.824762855716425,0,0,165,264,26,447,13,435,9,13
"1303","2020-04-07",56,16,94,252,2003,0.824762855716425,0,0,165,264,25,472,18,453,13,18
"1304","2020-04-08",60,16,92,256,2003,0.824762855716425,0,0,165,264,19,491,34,487,6,34
"1305","2020-04-09",62,16,88,259,2003,0.824762855716425,0,0,165,264,19,510,47,534,12,47
"1306","2020-04-10",66,16,73,271,2003,0.824762855716425,0,0,165,264,25,535,34,568,13,34
"1307","2020-04-11",71,16,78,277,2003,0.824762855716425,0,0,165,264,28,563,23,591,16,23
"1308","2020-04-12",71,16,69,281,2003,0.824762855716425,0,0,165,264,18,581,36,627,8,36
"1309","2020-04-13",68,16,79,289,2003,0.824762855716425,0,0,165,264,33,614,33,660,18,33
"1310","2020-04-14",63,16,75,298,2003,0.824762855716425,0,0,165,264,24,638,34,694,13,34
"1311","2020-04-15",69,16,77,301,2003,0.824762855716425,0,0,165,264,29,667,35,729,16,35
"1312","2020-04-16",77,16,66,312,2003,0.824762855716425,0,0,165,264,20,687,39,768,12,39
"1313","2020-04-17",78,16,56,313,2003,0.824762855716425,0,0,165,264,29,716,36,804,15,36
"1314","2020-04-18",80,16,70,315,2003,0.824762855716425,0,0,165,264,25,741,26,830,13,26
"1315","2020-04-19",87,16,81,332,2003,0.824762855716425,0,0,165,264,26,767,23,853,15,23
"1316","2020-04-20",91,16,78,341,2003,0.824762855716425,0,0,165,264,21,788,33,886,14,33
"1317","2020-04-21",99,16,74,344,2003,0.824762855716425,0,0,165,264,33,821,21,907,20,21
"1318","2020-04-22",93,16,74,343,2003,0.824762855716425,0,0,165,264,29,850,24,931,17,24
"1319","2020-04-23",91,16,81,356,2003,0.824762855716425,0,0,165,264,30,880,25,956,13,25
"1320","2020-04-24",89,16,75,375,2003,0.824762855716425,0,0,165,264,39,919,28,984,20,28
"1321","2020-04-25",91,16,77,367,2003,0.824762855716425,0,0,165,264,31,950,31,1015,24,31
"1322","2020-04-26",95,16,92,369,2003,0.824762855716425,0,0,165,264,36,986,28,1043,30,28
"1323","2020-04-27",103,16,84,368,2003,0.824762855716425,0,0,165,264,31,1017,40,1083,18,40
"1324","2020-04-28",99,16,81,358,2003,0.824762855716425,0,0,165,264,31,1048,21,1104,26,21
"1325","2020-04-29",108,16,86,351,2003,0.824762855716425,0,0,165,264,31,1079,30,1134,22,30
"1326","2020-04-30",113,16,84,350,2003,0.824762855716425,0,0,165,264,29,1108,33,1167,20,33
"1327","2020-05-01",115,16,82,365,2003,0.824762855716425,0,0,165,264,24,1132,34,1201,17,34
"1328","2020-05-02",117,16,96,376,2003,0.824762855716425,0,0,165,264,28,1160,39,1240,21,39
"1329","2020-05-03",110,16,102,383,2003,0.824762855716425,0,0,165,264,17,1177,33,1273,10,33
"1330","2020-05-04",107,16,112,378,2003,0.824762855716425,0,0,165,264,31,1208,29,1302,21,29
"1331","2020-05-05",113,16,135,379,2003,0.824762855716425,0,0,165,264,24,1232,28,1330,17,28
"1332","2020-05-06",112,16,134,366,2003,0.824762855716425,0,0,165,264,22,1254,39,1369,10,39
"1333","2020-05-07",110,16,129,351,2003,0.824762855716425,0,0,165,264,23,1277,28,1397,14,28
"1334","2020-05-08",113,16,111,358,2003,0.824762855716425,0,0,165,264,23,1300,38,1435,15,38
"1335","2020-05-09",110,16,109,352,2003,0.824762855716425,0,0,165,264,26,1326,29,1464,14,29
"1336","2020-05-10",119,16,100,347,2003,0.824762855716425,0,0,165,264,18,1344,29,1493,14,29
"1337","2020-05-11",116,16,108,340,2003,0.824762855716425,0,0,165,264,29,1373,31,1524,16,31
"1338","2020-05-12",108,16,107,332,2003,0.824762855716425,0,0,165,264,28,1401,33,1557,16,33
"1339","2020-05-13",101,16,107,311,2003,0.824762855716425,0,0,165,264,33,1434,38,1595,24,38
"1340","2020-05-14",96,16,108,299,2003,0.824762855716425,0,0,165,264,19,1453,31,1626,11,31
"1341","2020-05-15",99,16,105,278,2003,0.824762855716425,0,0,165,264,25,1478,36,1662,14,36
"1342","2020-05-16",92,16,118,277,2003,0.824762855716425,0,0,165,264,26,1504,40,1702,11,40
"1343","2020-05-17",82,16,99,269,2003,0.824762855716425,0,0,165,264,26,1530,34,1736,17,34
"1344","2020-05-18",78,16,97,249,2003,0.824762855716425,0,0,165,264,28,1558,41,1777,18,41
"1345","2020-05-19",77,16,91,239,2003,0.824762855716425,0,0,165,264,24,1582,27,1804,19,27
"1346","2020-05-20",81,16,92,228,2003,0.824762855716425,0,0,165,264,25,1607,29,1833,17,29
"1347","2020-05-21",75,16,88,229,2003,0.824762855716425,0,0,165,264,13,1620,28,1861,7,28
"1348","2020-05-22",68,16,90,238,2003,0.824762855716425,0,0,165,264,14,1634,38,1899,9,38
"1349","2020-05-23",73,16,94,244,2003,0.824762855716425,0,0,165,264,25,1659,32,1931,13,32
"1350","2020-05-24",70,16,87,247,2003,0.824762855716425,0,0,165,264,15,1674,30,1961,8,30
"1351","2020-05-25",68,16,84,237,2003,0.824762855716425,0,0,165,264,18,1692,38,1999,13,38
"1352","2020-05-26",70,16,87,231,2003,0.824762855716425,0,0,165,264,14,1706,27,2026,10,27
"1353","2020-05-27",67,16,89,222,2003,0.824762855716425,0,0,165,264,15,1721,26,2052,11,26
"1354","2020-05-28",72,16,79,219,2003,0.824762855716425,0,0,165,264,16,1737,17,2069,9,17
"1355","2020-05-29",74,16,86,215,2003,0.824762855716425,0,0,165,264,18,1755,17,2086,14,17
"1356","2020-05-30",67,16,85,204,2003,0.824762855716425,0,0,165,264,19,1774,19,2105,13,19
"1357","2020-05-31",69,16,77,192,2003,0.824762855716425,0,0,165,264,9,1783,29,2134,4,29
"1358","2020-06-01",66,16,76,181,2003,0.824762855716425,0,0,165,264,12,1795,15,2149,9,15
"1359","2020-06-02",56,16,73,173,2003,0.824762855716425,0,0,165,264,11,1806,23,2172,8,23
"1360","2020-06-03",53,16,79,173,2003,0.824762855716425,0,0,165,264,9,1815,25,2197,6,25
"1361","2020-06-04",49,16,80,170,2003,0.824762855716425,0,0,165,264,8,1823,27,2224,5,27
"1362","2020-06-05",44,16,80,163,2003,0.824762855716425,0,0,165,264,10,1833,24,2248,9,24
"1363","2020-06-06",46,16,75,157,2003,0.824762855716425,0,0,165,264,8,1841,35,2283,2,35
"1364","2020-06-07",39,16,64,147,2003,0.824762855716425,0,0,165,264,13,1854,33,2316,9,33
"1365","2020-03-16",4,17,26,58,1840,0.651630434782609,0,0,170,266,11,28,3,29,10,3
"1366","2020-03-17",5,17,22,75,1840,0.651630434782609,0,0,170,266,5,33,3,32,5,3
"1367","2020-03-18",7,17,24,94,1840,0.651630434782609,0,0,170,266,12,45,4,36,8,4
"1368","2020-03-19",11,17,23,105,1840,0.651630434782609,0,0,170,266,11,56,6,42,10,6
"1369","2020-03-20",13,17,20,118,1840,0.651630434782609,0,0,170,266,15,71,5,47,15,5
"1370","2020-03-21",18,17,15,134,1840,0.651630434782609,0,0,170,266,22,93,15,62,21,15
"1371","2020-03-22",21,17,23,151,1840,0.651630434782609,0,0,170,266,25,118,13,75,24,13
"1372","2020-03-23",23,17,22,187,1840,0.651630434782609,0,0,170,266,22,140,11,86,22,11
"1373","2020-03-24",26,17,30,199,1840,0.651630434782609,0,0,170,266,35,175,10,96,34,10
"1374","2020-03-25",31,17,33,220,1840,0.651630434782609,0,0,170,266,34,209,12,108,34,12
"1375","2020-03-26",35,17,34,235,1840,0.651630434782609,0,0,170,266,51,260,6,114,51,6
"1376","2020-03-27",45,17,33,240,1840,0.651630434782609,0,0,170,266,76,336,6,120,74,6
"1377","2020-03-28",51,17,40,254,1840,0.651630434782609,0,0,170,266,63,399,2,122,63,2
"1378","2020-03-29",56,17,38,277,1840,0.651630434782609,0,0,170,266,69,468,2,124,67,2
"1379","2020-03-30",67,17,43,280,1840,0.651630434782609,0,0,170,266,93,561,8,132,91,8
"1380","2020-03-31",76,17,50,283,1840,0.651630434782609,0,0,170,266,87,648,8,140,83,8
"1381","2020-04-01",82,17,54,301,1840,0.651630434782609,0,0,170,266,122,770,12,152,121,12
"1382","2020-04-02",85,17,67,319,1840,0.651630434782609,0,0,170,266,114,884,10,162,113,10
"1383","2020-04-03",95,17,69,321,1840,0.651630434782609,0,0,170,266,101,985,11,173,101,11
"1384","2020-04-04",91,17,81,324,1840,0.651630434782609,0,0,170,266,171,1156,4,177,170,4
"1385","2020-04-05",94,17,72,330,1840,0.651630434782609,0,0,170,266,141,1297,12,189,139,12
"1386","2020-04-06",92,17,72,332,1840,0.651630434782609,0,0,170,266,187,1484,11,200,186,11
"1387","2020-04-07",96,17,85,343,1840,0.651630434782609,0,0,170,266,216,1700,19,219,215,19
"1388","2020-04-08",97,17,91,340,1840,0.651630434782609,0,0,170,266,177,1877,3,222,176,3
"1389","2020-04-09",102,17,86,324,1840,0.651630434782609,0,0,170,266,258,2135,4,226,255,4
"1390","2020-04-10",97,17,86,322,1840,0.651630434782609,0,0,170,266,281,2416,9,235,280,9
"1391","2020-04-11",101,17,83,315,1840,0.651630434782609,0,0,170,266,196,2612,2,237,194,2
"1392","2020-04-12",107,17,88,302,1840,0.651630434782609,0,0,170,266,249,2861,9,246,249,9
"1393","2020-04-13",104,17,83,298,1840,0.651630434782609,0,0,170,266,218,3079,8,254,216,8
"1394","2020-04-14",100,17,82,280,1840,0.651630434782609,0,0,170,266,254,3333,7,261,252,7
"1395","2020-04-15",99,17,88,284,1840,0.651630434782609,0,0,170,266,219,3552,11,272,217,11
"1396","2020-04-16",89,17,85,278,1840,0.651630434782609,0,0,170,266,270,3822,13,285,269,13
"1397","2020-04-17",82,17,72,273,1840,0.651630434782609,0,0,170,266,230,4052,10,295,227,10
"1398","2020-04-18",79,17,71,254,1840,0.651630434782609,0,0,170,266,284,4336,10,305,284,10
"1399","2020-04-19",73,17,88,247,1840,0.651630434782609,0,0,170,266,244,4580,9,314,244,9
"1400","2020-04-20",67,17,88,243,1840,0.651630434782609,0,0,170,266,201,4781,14,328,201,14
"1401","2020-04-21",62,17,78,241,1840,0.651630434782609,0,0,170,266,166,4947,21,349,166,21
"1402","2020-04-22",55,17,86,247,1840,0.651630434782609,0,0,170,266,185,5132,6,355,185,6
"1403","2020-04-23",61,17,84,245,1840,0.651630434782609,0,0,170,266,136,5268,19,374,135,19
"1404","2020-04-24",62,17,79,248,1840,0.651630434782609,0,0,170,266,129,5397,6,380,129,6
"1405","2020-04-25",63,17,66,246,1840,0.651630434782609,0,0,170,266,137,5534,5,385,136,5
"1406","2020-04-26",60,17,57,274,1840,0.651630434782609,0,0,170,266,91,5625,14,399,91,14
"1407","2020-04-27",61,17,58,264,1840,0.651630434782609,0,0,170,266,125,5750,13,412,124,13
"1408","2020-04-28",64,17,49,265,1840,0.651630434782609,0,0,170,266,87,5837,6,418,87,6
"1409","2020-04-29",73,17,60,266,1840,0.651630434782609,0,0,170,266,74,5911,5,423,73,5
"1410","2020-04-30",81,17,83,278,1840,0.651630434782609,0,0,170,266,77,5988,4,427,77,4
"1411","2020-05-01",81,17,110,282,1840,0.651630434782609,0,0,170,266,59,6047,10,437,59,10
"1412","2020-05-02",88,17,102,276,1840,0.651630434782609,0,0,170,266,48,6095,5,442,48,5
"1413","2020-05-03",91,17,99,266,1840,0.651630434782609,0,0,170,266,48,6143,4,446,48,4
"1414","2020-05-04",94,17,98,258,1840,0.651630434782609,0,0,170,266,29,6172,13,459,29,13
"1415","2020-05-05",91,17,102,247,1840,0.651630434782609,0,0,170,266,34,6206,17,476,34,17
"1416","2020-05-06",86,17,112,261,1840,0.651630434782609,0,0,170,266,24,6230,15,491,23,15
"1417","2020-05-07",75,17,110,257,1840,0.651630434782609,0,0,170,266,20,6250,17,508,20,17
"1418","2020-05-08",79,17,115,259,1840,0.651630434782609,0,0,170,266,27,6277,16,524,27,16
"1419","2020-05-09",77,17,117,249,1840,0.651630434782609,0,0,170,266,17,6294,15,539,15,15
"1420","2020-05-10",78,17,106,246,1840,0.651630434782609,0,0,170,266,9,6303,11,550,9,11
"1421","2020-05-11",77,17,91,254,1840,0.651630434782609,0,0,170,266,16,6319,8,558,16,8
"1422","2020-05-12",84,17,86,246,1840,0.651630434782609,0,0,170,266,11,6330,9,567,11,9
"1423","2020-05-13",78,17,82,235,1840,0.651630434782609,0,0,170,266,6,6336,6,573,6,6
"1424","2020-05-14",81,17,67,238,1840,0.651630434782609,0,0,170,266,5,6341,8,581,4,8
"1425","2020-05-15",76,17,65,239,1840,0.651630434782609,0,0,170,266,13,6354,1,582,13,1
"1426","2020-05-16",69,17,76,221,1840,0.651630434782609,0,0,170,266,4,6358,7,589,3,7
"1427","2020-05-17",68,17,80,219,1840,0.651630434782609,0,0,170,266,8,6366,20,609,8,20
"1428","2020-05-18",63,17,81,219,1840,0.651630434782609,0,0,170,266,12,6378,7,616,11,7
"1429","2020-05-19",56,17,98,207,1840,0.651630434782609,0,0,170,266,7,6385,12,628,7,12
"1430","2020-05-20",60,17,93,196,1840,0.651630434782609,0,0,170,266,7,6392,17,645,7,17
"1431","2020-05-21",56,17,92,182,1840,0.651630434782609,0,0,170,266,10,6402,14,659,8,14
"1432","2020-05-22",52,17,82,176,1840,0.651630434782609,0,0,170,266,5,6407,12,671,5,12
"1433","2020-05-23",52,17,76,173,1840,0.651630434782609,0,0,170,266,11,6418,6,677,11,6
"1434","2020-05-24",47,17,85,167,1840,0.651630434782609,0,0,170,266,10,6428,13,690,9,13
"1435","2020-05-25",50,17,82,147,1840,0.651630434782609,0,0,170,266,5,6433,4,694,5,4
"1436","2020-05-26",48,17,69,137,1840,0.651630434782609,0,0,170,266,6,6439,8,702,6,8
"1437","2020-05-27",46,17,61,136,1840,0.651630434782609,0,0,170,266,2,6441,8,710,2,8
"1438","2020-05-28",45,17,55,140,1840,0.651630434782609,0,0,170,266,6,6447,11,721,5,11
"1439","2020-05-29",46,17,51,138,1840,0.651630434782609,0,0,170,266,3,6450,5,726,3,5
"1440","2020-05-30",42,17,54,139,1840,0.651630434782609,0,0,170,266,3,6453,3,729,3,3
"1441","2020-05-31",43,17,53,133,1840,0.651630434782609,0,0,170,266,2,6455,4,733,2,4
"1442","2020-06-01",40,17,58,130,1840,0.651630434782609,0,0,170,266,4,6459,6,739,4,6
"1443","2020-06-02",38,17,49,136,1840,0.651630434782609,0,0,170,266,3,6462,7,746,2,7
"1444","2020-06-03",40,17,46,134,1840,0.651630434782609,0,0,170,266,NA,NA,8,754,NA,8
"1445","2020-06-04",34,17,42,132,1840,0.651630434782609,0,0,170,266,3,6465,8,762,3,8
"1446","2020-06-05",33,17,40,130,1840,0.651630434782609,0,0,170,266,3,6468,15,777,3,15
"1447","2020-06-06",33,17,39,126,1840,0.651630434782609,0,0,170,266,1,6469,11,788,NA,11
"1448","2020-06-07",35,17,36,122,1840,0.651630434782609,0,0,170,266,2,6471,8,796,2,8
"1449","2020-03-14",1,18,35,20,2171,0.844311377245509,0,0,197,305,3,7,3,12,NA,3
"1450","2020-03-15",1,18,45,27,2171,0.844311377245509,0,0,197,305,3,10,2,14,1,2
"1451","2020-03-16",2,18,37,40,2171,0.844311377245509,0,0,197,305,4,14,2,16,1,2
"1452","2020-03-17",4,18,44,45,2171,0.844311377245509,0,0,197,305,4,18,5,21,3,5
"1453","2020-03-18",5,18,47,56,2171,0.844311377245509,0,0,197,305,4,22,3,24,2,3
"1454","2020-03-19",6,18,57,63,2171,0.844311377245509,0,0,197,305,8,30,4,28,5,4
"1455","2020-03-20",9,18,55,67,2171,0.844311377245509,0,0,197,305,2,32,NA,NA,1,NA
"1456","2020-03-21",12,18,57,81,2171,0.844311377245509,0,0,197,305,8,40,7,35,3,7
"1457","2020-03-22",15,18,55,98,2171,0.844311377245509,0,0,197,305,4,44,5,40,4,5
"1458","2020-03-23",18,18,64,106,2171,0.844311377245509,0,0,197,305,10,54,16,56,5,16
"1459","2020-03-24",22,18,63,118,2171,0.844311377245509,0,0,197,305,6,60,12,68,5,12
"1460","2020-03-25",24,18,67,137,2171,0.844311377245509,0,0,197,305,12,72,10,78,10,10
"1461","2020-03-26",28,18,64,142,2171,0.844311377245509,0,0,197,305,7,79,4,82,5,4
"1462","2020-03-27",36,18,52,166,2171,0.844311377245509,0,0,197,305,11,90,7,89,11,7
"1463","2020-03-28",40,18,45,164,2171,0.844311377245509,0,0,197,305,13,103,9,98,12,9
"1464","2020-03-29",42,18,51,176,2171,0.844311377245509,0,0,197,305,14,117,12,110,11,12
"1465","2020-03-30",44,18,42,187,2171,0.844311377245509,0,0,197,305,11,128,6,116,10,6
"1466","2020-03-31",48,18,32,199,2171,0.844311377245509,0,0,197,305,13,141,5,121,9,5
"1467","2020-04-01",51,18,25,219,2171,0.844311377245509,0,0,197,305,8,149,1,122,8,1
"1468","2020-04-02",54,18,32,243,2171,0.844311377245509,0,0,197,305,17,166,4,126,15,4
"1469","2020-04-03",54,18,37,262,2171,0.844311377245509,0,0,197,305,11,177,10,136,9,10
"1470","2020-04-04",55,18,39,265,2171,0.844311377245509,0,0,197,305,9,186,10,146,9,10
"1471","2020-04-05",60,18,53,271,2171,0.844311377245509,0,0,197,305,10,196,8,154,9,8
"1472","2020-04-06",63,18,55,289,2171,0.844311377245509,0,0,197,305,18,214,8,162,16,8
"1473","2020-04-07",65,18,56,311,2171,0.844311377245509,0,0,197,305,24,238,17,179,20,17
"1474","2020-04-08",75,18,53,337,2171,0.844311377245509,0,0,197,305,33,271,14,193,29,14
"1475","2020-04-09",93,18,59,351,2171,0.844311377245509,0,0,197,305,22,293,13,206,19,13
"1476","2020-04-10",95,18,75,380,2171,0.844311377245509,0,0,197,305,24,317,12,218,21,12
"1477","2020-04-11",102,18,78,408,2171,0.844311377245509,0,0,197,305,29,346,12,230,26,12
"1478","2020-04-12",118,18,79,438,2171,0.844311377245509,0,0,197,305,33,379,14,244,32,14
"1479","2020-04-13",123,18,80,454,2171,0.844311377245509,0,0,197,305,32,411,19,263,30,19
"1480","2020-04-14",128,18,75,456,2171,0.844311377245509,0,0,197,305,21,432,7,270,18,7
"1481","2020-04-15",134,18,74,456,2171,0.844311377245509,0,0,197,305,31,463,14,284,29,14
"1482","2020-04-16",129,18,93,449,2171,0.844311377245509,0,0,197,305,36,499,9,293,33,9
"1483","2020-04-17",129,18,102,443,2171,0.844311377245509,0,0,197,305,24,523,7,300,18,7
"1484","2020-04-18",131,18,97,449,2171,0.844311377245509,0,0,197,305,20,543,6,306,17,6
"1485","2020-04-19",120,18,90,446,2171,0.844311377245509,0,0,197,305,32,575,4,310,29,4
"1486","2020-04-20",123,18,102,441,2171,0.844311377245509,0,0,197,305,42,617,2,312,36,2
"1487","2020-04-21",124,18,96,449,2171,0.844311377245509,0,0,197,305,23,640,13,325,21,13
"1488","2020-04-22",118,18,101,433,2171,0.844311377245509,0,0,197,305,19,659,19,344,17,19
"1489","2020-04-23",114,18,99,429,2171,0.844311377245509,0,0,197,305,32,691,11,355,32,11
"1490","2020-04-24",115,18,96,430,2171,0.844311377245509,0,0,197,305,30,721,15,370,27,15
"1491","2020-04-25",112,18,104,409,2171,0.844311377245509,0,0,197,305,36,757,20,390,30,20
"1492","2020-04-26",115,18,116,405,2171,0.844311377245509,0,0,197,305,29,786,19,409,28,19
"1493","2020-04-27",116,18,119,393,2171,0.844311377245509,0,0,197,305,34,820,17,426,30,17
"1494","2020-04-28",109,18,127,373,2171,0.844311377245509,0,0,197,305,63,883,24,450,60,24
"1495","2020-04-29",105,18,115,372,2171,0.844311377245509,0,0,197,305,29,912,14,464,29,14
"1496","2020-04-30",103,18,107,356,2171,0.844311377245509,0,0,197,305,43,955,8,472,40,8
"1497","2020-05-01",103,18,101,356,2171,0.844311377245509,0,0,197,305,34,989,11,483,30,11
"1498","2020-05-02",106,18,97,354,2171,0.844311377245509,0,0,197,305,32,1021,18,501,29,18
"1499","2020-05-03",110,18,98,349,2171,0.844311377245509,0,0,197,305,43,1064,21,522,42,21
"1500","2020-05-04",110,18,97,345,2171,0.844311377245509,0,0,197,305,29,1093,16,538,29,16
"1501","2020-05-05",117,18,101,356,2171,0.844311377245509,0,0,197,305,40,1133,29,567,36,29
"1502","2020-05-06",117,18,91,353,2171,0.844311377245509,0,0,197,305,40,1173,23,590,38,23
"1503","2020-05-07",116,18,94,340,2171,0.844311377245509,0,0,197,305,36,1209,10,600,33,10
"1504","2020-05-08",119,18,118,318,2171,0.844311377245509,0,0,197,305,33,1242,12,612,29,12
"1505","2020-05-09",110,18,117,309,2171,0.844311377245509,0,0,197,305,38,1280,19,631,35,19
"1506","2020-05-10",104,18,118,302,2171,0.844311377245509,0,0,197,305,34,1314,13,644,31,13
"1507","2020-05-11",101,18,99,301,2171,0.844311377245509,0,0,197,305,25,1339,23,667,24,23
"1508","2020-05-12",94,18,89,296,2171,0.844311377245509,0,0,197,305,27,1366,25,692,26,25
"1509","2020-05-13",97,18,93,272,2171,0.844311377245509,0,0,197,305,28,1394,24,716,28,24
"1510","2020-05-14",90,18,93,262,2171,0.844311377245509,0,0,197,305,28,1422,13,729,26,13
"1511","2020-05-15",88,18,109,261,2171,0.844311377245509,0,0,197,305,28,1450,19,748,26,19
"1512","2020-05-16",86,18,88,250,2171,0.844311377245509,0,0,197,305,43,1493,24,772,42,24
"1513","2020-05-17",81,18,85,240,2171,0.844311377245509,0,0,197,305,22,1515,19,791,21,19
"1514","2020-05-18",76,18,68,228,2171,0.844311377245509,0,0,197,305,22,1537,9,800,21,9
"1515","2020-05-19",74,18,62,214,2171,0.844311377245509,0,0,197,305,23,1560,7,807,19,7
"1516","2020-05-20",63,18,59,208,2171,0.844311377245509,0,0,197,305,24,1584,7,814,20,7
"1517","2020-05-21",66,18,70,211,2171,0.844311377245509,0,0,197,305,22,1606,8,822,20,8
"1518","2020-05-22",59,18,67,213,2171,0.844311377245509,0,0,197,305,21,1627,5,827,18,5
"1519","2020-05-23",59,18,61,208,2171,0.844311377245509,0,0,197,305,26,1653,18,845,25,18
"1520","2020-05-24",55,18,56,188,2171,0.844311377245509,0,0,197,305,25,1678,18,863,22,18
"1521","2020-05-25",49,18,48,187,2171,0.844311377245509,0,0,197,305,24,1702,17,880,24,17
"1522","2020-05-26",48,18,45,177,2171,0.844311377245509,0,0,197,305,25,1727,12,892,23,12
"1523","2020-05-27",55,18,45,187,2171,0.844311377245509,0,0,197,305,25,1752,15,907,23,15
"1524","2020-05-28",55,18,46,174,2171,0.844311377245509,0,0,197,305,23,1775,11,918,23,11
"1525","2020-05-29",57,18,48,165,2171,0.844311377245509,0,0,197,305,22,1797,13,931,21,13
"1526","2020-05-30",54,18,46,162,2171,0.844311377245509,0,0,197,305,20,1817,10,941,20,10
"1527","2020-05-31",54,18,47,159,2171,0.844311377245509,0,0,197,305,21,1838,7,948,19,7
"1528","2020-06-01",55,18,44,163,2171,0.844311377245509,0,0,197,305,23,1861,8,956,23,8
"1529","2020-06-02",56,18,50,163,2171,0.844311377245509,0,0,197,305,25,1886,6,962,24,6
"1530","2020-06-03",54,18,44,164,2171,0.844311377245509,0,0,197,305,25,1911,6,968,25,6
"1531","2020-06-04",52,18,41,181,2171,0.844311377245509,0,0,197,305,24,1935,6,974,24,6
"1532","2020-06-05",45,18,40,180,2171,0.844311377245509,0,0,197,305,31,1966,8,982,30,8
"1533","2020-06-06",51,18,40,179,2171,0.844311377245509,0,0,197,305,25,1991,10,992,25,10
"1534","2020-06-07",50,18,44,175,2171,0.844311377245509,0,0,197,305,22,2013,8,1000,21,8
"1535","2020-03-16",3,19,11,35,1476,0.531842818428184,0,0,110,176,14,47,2,28,5,2
"1536","2020-03-17",4,19,15,47,1476,0.531842818428184,0,0,110,176,16,63,2,30,7,2
"1537","2020-03-18",8,19,19,52,1476,0.531842818428184,0,0,110,176,10,73,2,32,4,2
"1538","2020-03-19",11,19,24,56,1476,0.531842818428184,0,0,110,176,22,95,NA,NA,14,NA
"1539","2020-03-20",13,19,25,68,1476,0.531842818428184,0,0,110,176,11,106,2,34,9,2
"1540","2020-03-21",15,19,25,78,1476,0.531842818428184,0,0,110,176,21,127,5,39,14,5
"1541","2020-03-22",19,19,19,86,1476,0.531842818428184,0,0,110,176,18,145,7,46,10,7
"1542","2020-03-23",18,19,16,90,1476,0.531842818428184,0,0,110,176,16,161,2,48,9,2
"1543","2020-03-24",20,19,18,99,1476,0.531842818428184,0,0,110,176,17,178,10,58,6,10
"1544","2020-03-25",19,19,19,104,1476,0.531842818428184,0,0,110,176,23,201,10,68,17,10
"1545","2020-03-26",18,19,16,111,1476,0.531842818428184,0,0,110,176,25,226,4,72,12,4
"1546","2020-03-27",26,19,20,113,1476,0.531842818428184,0,0,110,176,25,251,12,84,24,12
"1547","2020-03-28",32,19,24,125,1476,0.531842818428184,0,0,110,176,29,280,8,92,23,8
"1548","2020-03-29",32,19,22,132,1476,0.531842818428184,0,0,110,176,22,302,2,94,13,2
"1549","2020-03-30",33,19,20,137,1476,0.531842818428184,0,0,110,176,26,328,4,98,21,4
"1550","2020-03-31",35,19,31,145,1476,0.531842818428184,0,0,110,176,32,360,10,108,26,10
"1551","2020-04-01",43,19,31,147,1476,0.531842818428184,0,0,110,176,34,394,10,118,20,10
"1552","2020-04-02",47,19,23,152,1476,0.531842818428184,0,0,110,176,35,429,8,126,25,8
"1553","2020-04-03",40,19,23,159,1476,0.531842818428184,0,0,110,176,35,464,8,134,28,8
"1554","2020-04-04",38,19,22,167,1476,0.531842818428184,0,0,110,176,36,500,10,144,28,10
"1555","2020-04-05",39,19,26,184,1476,0.531842818428184,0,0,110,176,35,535,16,160,25,16
"1556","2020-04-06",46,19,26,184,1476,0.531842818428184,0,0,110,176,39,574,20,180,34,20
"1557","2020-04-07",48,19,26,196,1476,0.531842818428184,0,0,110,176,46,620,14,194,35,14
"1558","2020-04-08",47,19,24,198,1476,0.531842818428184,0,0,110,176,34,654,15,209,29,15
"1559","2020-04-09",48,19,31,210,1476,0.531842818428184,0,0,110,176,36,690,9,218,26,9
"1560","2020-04-10",55,19,31,213,1476,0.531842818428184,0,0,110,176,46,736,23,241,36,23
"1561","2020-04-11",59,19,37,219,1476,0.531842818428184,0,0,110,176,43,779,13,254,40,13
"1562","2020-04-12",65,19,35,223,1476,0.531842818428184,0,0,110,176,33,812,16,270,22,16
"1563","2020-04-13",63,19,31,226,1476,0.531842818428184,0,0,110,176,45,857,16,286,38,16
"1564","2020-04-14",66,19,31,226,1476,0.531842818428184,0,0,110,176,54,911,14,300,44,14
"1565","2020-04-15",67,19,35,236,1476,0.531842818428184,0,0,110,176,36,947,10,310,28,10
"1566","2020-04-16",69,19,37,238,1476,0.531842818428184,0,0,110,176,53,1000,4,314,44,4
"1567","2020-04-17",63,19,35,241,1476,0.531842818428184,0,0,110,176,40,1040,13,327,31,13
"1568","2020-04-18",59,19,38,241,1476,0.531842818428184,0,0,110,176,28,1068,10,337,22,10
"1569","2020-04-19",63,19,31,240,1476,0.531842818428184,0,0,110,176,45,1113,7,344,35,7
"1570","2020-04-20",65,19,31,251,1476,0.531842818428184,0,0,110,176,36,1149,21,365,25,21
"1571","2020-04-21",66,19,40,256,1476,0.531842818428184,0,0,110,176,37,1186,12,377,29,12
"1572","2020-04-22",67,19,49,243,1476,0.531842818428184,0,0,110,176,41,1227,23,400,24,23
"1573","2020-04-23",66,19,54,248,1476,0.531842818428184,0,0,110,176,34,1261,24,424,23,24
"1574","2020-04-24",68,19,56,240,1476,0.531842818428184,0,0,110,176,44,1305,13,437,31,13
"1575","2020-04-25",74,19,60,232,1476,0.531842818428184,0,0,110,176,32,1337,3,440,22,3
"1576","2020-04-26",67,19,63,226,1476,0.531842818428184,0,0,110,176,38,1375,8,448,29,8
"1577","2020-04-27",60,19,61,220,1476,0.531842818428184,0,0,110,176,36,1411,7,455,30,7
"1578","2020-04-28",56,19,55,228,1476,0.531842818428184,0,0,110,176,36,1447,21,476,26,21
"1579","2020-04-29",53,19,52,225,1476,0.531842818428184,0,0,110,176,45,1492,18,494,32,18
"1580","2020-04-30",52,19,61,226,1476,0.531842818428184,0,0,110,176,43,1535,11,505,34,11
"1581","2020-05-01",51,19,51,233,1476,0.531842818428184,0,0,110,176,34,1569,14,519,29,14
"1582","2020-05-02",49,19,58,236,1476,0.531842818428184,0,0,110,176,39,1608,23,542,28,23
"1583","2020-05-03",50,19,57,220,1476,0.531842818428184,0,0,110,176,29,1637,14,556,20,14
"1584","2020-05-04",54,19,59,230,1476,0.531842818428184,0,0,110,176,32,1669,25,581,24,25
"1585","2020-05-05",56,19,53,231,1476,0.531842818428184,0,0,110,176,31,1700,14,595,20,14
"1586","2020-05-06",57,19,43,230,1476,0.531842818428184,0,0,110,176,34,1734,7,602,22,7
"1587","2020-05-07",55,19,41,232,1476,0.531842818428184,0,0,110,176,36,1770,8,610,31,8
"1588","2020-05-08",55,19,38,229,1476,0.531842818428184,0,0,110,176,36,1806,17,627,27,17
"1589","2020-05-09",51,19,48,224,1476,0.531842818428184,0,0,110,176,34,1840,20,647,24,20
"1590","2020-05-10",52,19,55,221,1476,0.531842818428184,0,0,110,176,23,1863,14,661,18,14
"1591","2020-05-11",54,19,53,219,1476,0.531842818428184,0,0,110,176,20,1883,5,666,18,5
"1592","2020-05-12",52,19,46,210,1476,0.531842818428184,0,0,110,176,26,1909,6,672,17,6
"1593","2020-05-13",54,19,43,196,1476,0.531842818428184,0,0,110,176,25,1934,10,682,17,10
"1594","2020-05-14",56,19,41,188,1476,0.531842818428184,0,0,110,176,25,1959,12,694,16,12
"1595","2020-05-15",56,19,41,180,1476,0.531842818428184,0,0,110,176,29,1988,7,701,25,7
"1596","2020-05-16",58,19,36,180,1476,0.531842818428184,0,0,110,176,18,2006,10,711,8,10
"1597","2020-05-17",58,19,43,182,1476,0.531842818428184,0,0,110,176,34,2040,12,723,23,12
"1598","2020-05-18",59,19,42,185,1476,0.531842818428184,0,0,110,176,35,2075,8,731,32,8
"1599","2020-05-19",57,19,42,180,1476,0.531842818428184,0,0,110,176,31,2106,9,740,24,9
"1600","2020-05-20",57,19,39,181,1476,0.531842818428184,0,0,110,176,32,2138,15,755,26,15
"1601","2020-05-21",60,19,38,175,1476,0.531842818428184,0,0,110,176,22,2160,22,777,14,22
"1602","2020-05-22",58,19,32,173,1476,0.531842818428184,0,0,110,176,27,2187,9,786,21,9
"1603","2020-05-23",59,19,35,171,1476,0.531842818428184,0,0,110,176,23,2210,11,797,19,11
"1604","2020-05-24",59,19,43,179,1476,0.531842818428184,0,0,110,176,22,2232,14,811,16,14
"1605","2020-05-25",52,19,44,177,1476,0.531842818428184,0,0,110,176,31,2263,7,818,27,7
"1606","2020-05-26",55,19,43,169,1476,0.531842818428184,0,0,110,176,28,2291,2,820,21,2
"1607","2020-05-27",50,19,41,159,1476,0.531842818428184,0,0,110,176,27,2318,11,831,22,11
"1608","2020-05-28",45,19,42,144,1476,0.531842818428184,0,0,110,176,28,2346,7,838,21,7
"1609","2020-05-29",47,19,33,137,1476,0.531842818428184,0,0,110,176,20,2366,12,850,13,12
"1610","2020-05-30",46,19,39,135,1476,0.531842818428184,0,0,110,176,31,2397,2,852,28,2
"1611","2020-05-31",39,19,39,137,1476,0.531842818428184,0,0,110,176,24,2421,6,858,22,6
"1612","2020-06-01",37,19,40,136,1476,0.531842818428184,0,0,110,176,12,2433,6,864,8,6
"1613","2020-06-02",36,19,40,140,1476,0.531842818428184,0,0,110,176,18,2451,3,867,15,3
"1614","2020-06-03",32,19,35,140,1476,0.531842818428184,0,0,110,176,20,2471,5,872,19,5
"1615","2020-06-04",32,19,26,138,1476,0.531842818428184,0,0,110,176,21,2492,5,877,20,5
"1616","2020-06-05",30,19,27,148,1476,0.531842818428184,0,0,110,176,14,2506,8,885,12,8
"1617","2020-06-06",33,19,24,146,1476,0.531842818428184,0,0,110,176,23,2529,8,893,18,8
"1618","2020-06-07",39,19,28,143,1476,0.531842818428184,0,0,110,176,14,2543,4,897,12,4
"1619","2020-03-18",1,20,36,39,3808,0.964285714285714,0,0,349,236,5,39,8,33,3,8
"1620","2020-03-19",3,20,36,45,3808,0.964285714285714,0,0,349,236,7,46,3,36,4,3
"1621","2020-03-20",5,20,35,49,3808,0.964285714285714,0,0,349,236,10,56,8,44,7,8
"1622","2020-03-21",8,20,37,64,3808,0.964285714285714,0,0,349,236,15,71,4,48,8,4
"1623","2020-03-22",10,20,53,72,3808,0.964285714285714,0,0,349,236,10,81,11,59,6,11
"1624","2020-03-23",14,20,59,85,3808,0.964285714285714,0,0,349,236,13,94,7,66,11,7
"1625","2020-03-24",14,20,52,111,3808,0.964285714285714,0,0,349,236,9,103,8,74,7,8
"1626","2020-03-25",14,20,53,125,3808,0.964285714285714,0,0,349,236,8,111,7,81,7,7
"1627","2020-03-26",20,20,57,139,3808,0.964285714285714,0,0,349,236,9,120,10,91,6,10
"1628","2020-03-27",23,20,45,160,3808,0.964285714285714,0,0,349,236,8,128,15,106,8,15
"1629","2020-03-28",33,20,55,179,3808,0.964285714285714,0,0,349,236,28,156,10,116,25,10
"1630","2020-03-29",32,20,57,206,3808,0.964285714285714,0,0,349,236,19,175,3,119,15,3
"1631","2020-03-30",33,20,51,224,3808,0.964285714285714,0,0,349,236,14,189,8,127,13,8
"1632","2020-03-31",43,20,58,247,3808,0.964285714285714,0,0,349,236,21,210,8,135,14,8
"1633","2020-04-01",58,20,75,258,3808,0.964285714285714,0,0,349,236,27,237,6,141,23,6
"1634","2020-04-02",62,20,78,271,3808,0.964285714285714,0,0,349,236,25,262,5,146,20,5
"1635","2020-04-03",62,20,86,297,3808,0.964285714285714,0,0,349,236,27,289,4,150,22,4
"1636","2020-04-04",60,20,66,318,3808,0.964285714285714,0,0,349,236,15,304,12,162,13,12
"1637","2020-04-05",67,20,80,336,3808,0.964285714285714,0,0,349,236,21,325,9,171,16,9
"1638","2020-04-06",74,20,85,360,3808,0.964285714285714,0,0,349,236,19,344,14,185,16,14
"1639","2020-04-07",83,20,82,380,3808,0.964285714285714,0,0,349,236,30,374,13,198,27,13
"1640","2020-04-08",80,20,75,409,3808,0.964285714285714,0,0,349,236,16,390,5,203,12,5
"1641","2020-04-09",77,20,81,426,3808,0.964285714285714,0,0,349,236,31,421,11,214,26,11
"1642","2020-04-10",86,20,78,459,3808,0.964285714285714,0,0,349,236,33,454,12,226,30,12
"1643","2020-04-11",96,20,79,477,3808,0.964285714285714,0,0,349,236,28,482,20,246,26,20
"1644","2020-04-12",103,20,94,527,3808,0.964285714285714,0,0,349,236,23,505,7,253,21,7
"1645","2020-04-13",114,20,90,554,3808,0.964285714285714,0,0,349,236,21,526,8,261,19,8
"1646","2020-04-14",116,20,101,591,3808,0.964285714285714,0,0,349,236,25,551,11,272,24,11
"1647","2020-04-15",122,20,93,613,3808,0.964285714285714,0,0,349,236,34,585,5,277,28,5
"1648","2020-04-16",142,20,109,640,3808,0.964285714285714,0,0,349,236,39,624,4,281,38,4
"1649","2020-04-17",148,20,105,666,3808,0.964285714285714,0,0,349,236,32,656,10,291,26,10
"1650","2020-04-18",156,20,108,689,3808,0.964285714285714,0,0,349,236,35,691,14,305,31,14
"1651","2020-04-19",170,20,106,723,3808,0.964285714285714,0,0,349,236,31,722,9,314,27,9
"1652","2020-04-20",182,20,95,728,3808,0.964285714285714,0,0,349,236,45,767,11,325,42,11
"1653","2020-04-21",193,20,78,759,3808,0.964285714285714,0,0,349,236,39,806,8,333,36,8
"1654","2020-04-22",207,20,70,756,3808,0.964285714285714,0,0,349,236,51,857,14,347,48,14
"1655","2020-04-23",204,20,90,785,3808,0.964285714285714,0,0,349,236,43,900,12,359,42,12
"1656","2020-04-24",226,20,92,804,3808,0.964285714285714,0,0,349,236,34,934,4,363,32,4
"1657","2020-04-25",229,20,104,831,3808,0.964285714285714,0,0,349,236,64,998,13,376,54,13
"1658","2020-04-26",227,20,103,821,3808,0.964285714285714,0,0,349,236,60,1058,13,389,56,13
"1659","2020-04-27",220,20,106,827,3808,0.964285714285714,0,0,349,236,45,1103,9,398,42,9
"1660","2020-04-28",217,20,94,821,3808,0.964285714285714,0,0,349,236,40,1143,11,409,39,11
"1661","2020-04-29",226,20,78,830,3808,0.964285714285714,0,0,349,236,50,1193,14,423,47,14
"1662","2020-04-30",238,20,70,827,3808,0.964285714285714,0,0,349,236,41,1234,7,430,38,7
"1663","2020-05-01",221,20,61,826,3808,0.964285714285714,0,0,349,236,44,1278,9,439,42,9
"1664","2020-05-02",234,20,72,819,3808,0.964285714285714,0,0,349,236,53,1331,9,448,47,9
"1665","2020-05-03",244,20,72,808,3808,0.964285714285714,0,0,349,236,53,1384,8,456,48,8
"1666","2020-05-04",244,20,77,800,3808,0.964285714285714,0,0,349,236,45,1429,10,466,41,10
"1667","2020-05-05",247,20,79,794,3808,0.964285714285714,0,0,349,236,50,1479,10,476,48,10
"1668","2020-05-06",242,20,83,774,3808,0.964285714285714,0,0,349,236,51,1530,5,481,45,5
"1669","2020-05-07",230,20,90,753,3808,0.964285714285714,0,0,349,236,57,1587,7,488,52,7
"1670","2020-05-08",236,20,91,756,3808,0.964285714285714,0,0,349,236,60,1647,8,496,56,8
"1671","2020-05-09",222,20,90,725,3808,0.964285714285714,0,0,349,236,45,1692,13,509,44,13
"1672","2020-05-10",221,20,98,695,3808,0.964285714285714,0,0,349,236,44,1736,13,522,40,13
"1673","2020-05-11",211,20,110,673,3808,0.964285714285714,0,0,349,236,35,1771,5,527,32,5
"1674","2020-05-12",201,20,111,636,3808,0.964285714285714,0,0,349,236,47,1818,5,532,44,5
"1675","2020-05-13",197,20,122,623,3808,0.964285714285714,0,0,349,236,45,1863,4,536,45,4
"1676","2020-05-14",195,20,127,609,3808,0.964285714285714,0,0,349,236,41,1904,10,546,39,10
"1677","2020-05-15",188,20,115,586,3808,0.964285714285714,0,0,349,236,55,1959,15,561,53,15
"1678","2020-05-16",180,20,104,563,3808,0.964285714285714,0,0,349,236,53,2012,14,575,48,14
"1679","2020-05-17",166,20,91,562,3808,0.964285714285714,0,0,349,236,41,2053,23,598,40,23
"1680","2020-05-18",166,20,80,538,3808,0.964285714285714,0,0,349,236,38,2091,20,618,37,20
"1681","2020-05-19",168,20,85,531,3808,0.964285714285714,0,0,349,236,40,2131,15,633,38,15
"1682","2020-05-20",156,20,92,510,3808,0.964285714285714,0,0,349,236,31,2162,12,645,29,12
"1683","2020-05-21",162,20,83,487,3808,0.964285714285714,0,0,349,236,35,2197,13,658,34,13
"1684","2020-05-22",157,20,71,462,3808,0.964285714285714,0,0,349,236,33,2230,18,676,32,18
"1685","2020-05-23",158,20,73,430,3808,0.964285714285714,0,0,349,236,32,2262,20,696,29,20
"1686","2020-05-24",158,20,68,414,3808,0.964285714285714,0,0,349,236,18,2280,17,713,15,17
"1687","2020-05-25",155,20,68,412,3808,0.964285714285714,0,0,349,236,35,2315,22,735,31,22
"1688","2020-05-26",145,20,73,402,3808,0.964285714285714,0,0,349,236,27,2342,25,760,24,25
"1689","2020-05-27",139,20,71,384,3808,0.964285714285714,0,0,349,236,16,2358,13,773,16,13
"1690","2020-05-28",118,20,69,366,3808,0.964285714285714,0,0,349,236,22,2380,22,795,21,22
"1691","2020-05-29",121,20,52,342,3808,0.964285714285714,0,0,349,236,16,2396,25,820,15,25
"1692","2020-05-30",108,20,40,328,3808,0.964285714285714,0,0,349,236,21,2417,26,846,20,26
"1693","2020-05-31",100,20,55,317,3808,0.964285714285714,0,0,349,236,19,2436,21,867,19,21
"1694","2020-06-01",91,20,52,300,3808,0.964285714285714,0,0,349,236,17,2453,20,887,15,20
"1695","2020-06-02",86,20,44,280,3808,0.964285714285714,0,0,349,236,16,2469,20,907,15,20
"1696","2020-06-03",83,20,36,277,3808,0.964285714285714,0,0,349,236,18,2487,19,926,16,19
"1697","2020-06-04",91,20,37,272,3808,0.964285714285714,0,0,349,236,17,2504,27,953,16,27
"1698","2020-06-05",79,20,32,276,3808,0.964285714285714,0,0,349,236,3,2507,17,970,2,17
"1699","2020-06-06",84,20,28,263,3808,0.964285714285714,0,0,349,236,13,2520,17,987,13,17
"1700","2020-06-07",80,20,22,251,3808,0.964285714285714,0,0,349,236,10,2530,17,1004,8,17
