"","Date","Absents","Paramset","Infections_or_Exposed_per_day_Patient","Infections_or_Exposed_per_day_HCW","total_infections","nosocomial_proportion","PCR_pooled","LFD_pooled","HCW_symp_test","patient_symp_test","new_hcw_infs","cumulative_hcw_infs","new_pat_infs","cumulative_pats_infs","new_nosocomial_hcw_infs","new_nosocomial_pat_infs"
"1","2020-03-12",1,1,87,179,9262,0.567048153746491,0,0,781,983,99,179,41,51,12,41
"2","2020-03-13",6,1,123,273,9262,0.567048153746491,0,0,781,983,94,273,37,88,16,37
"3","2020-03-14",10,1,148,389,9262,0.567048153746491,0,0,781,983,116,389,33,121,33,33
"4","2020-03-15",19,1,142,535,9262,0.567048153746491,0,0,781,983,146,535,20,141,68,20
"5","2020-03-16",37,1,142,712,9262,0.567048153746491,0,0,781,983,180,715,20,161,97,20
"6","2020-03-17",65,1,175,905,9262,0.567048153746491,0,0,781,983,196,911,53,214,106,53
"7","2020-03-18",113,1,171,1074,9262,0.567048153746491,0,0,781,983,181,1092,23,237,118,23
"8","2020-03-19",151,1,171,1265,9262,0.567048153746491,0,0,781,983,220,1312,21,258,144,21
"9","2020-03-20",199,1,146,1477,9262,0.567048153746491,0,0,781,983,249,1561,19,277,172,19
"10","2020-03-21",248,1,140,1692,9262,0.567048153746491,0,0,781,983,273,1834,17,294,193,17
"11","2020-03-22",303,1,137,1867,9262,0.567048153746491,0,0,781,983,226,2060,14,308,162,14
"12","2020-03-23",358,1,142,2085,9262,0.567048153746491,0,0,781,983,293,2353,19,327,222,19
"13","2020-03-24",412,1,171,2318,9262,0.567048153746491,0,0,781,983,329,2682,47,374,231,47
"14","2020-03-25",443,1,208,2467,9262,0.567048153746491,0,0,781,983,259,2941,60,434,207,60
"15","2020-03-26",490,1,209,2691,9262,0.567048153746491,0,0,781,983,362,3303,29,463,298,29
"16","2020-03-27",529,1,191,2794,9262,0.567048153746491,0,0,781,983,276,3579,26,489,213,26
"17","2020-03-28",607,1,193,2955,9262,0.567048153746491,0,0,781,983,334,3913,20,509,277,20
"18","2020-03-29",639,1,207,3019,9262,0.567048153746491,0,0,781,983,273,4186,42,551,211,42
"19","2020-03-30",675,1,218,3127,9262,0.567048153746491,0,0,781,983,292,4478,32,583,243,32
"20","2020-03-31",729,1,207,3206,9262,0.567048153746491,0,0,781,983,285,4763,21,604,244,21
"21","2020-04-01",779,1,239,3209,9262,0.567048153746491,0,0,781,983,233,4996,69,673,180,69
"22","2020-04-02",838,1,265,3165,9262,0.567048153746491,0,0,781,983,217,5213,59,732,171,59
"23","2020-04-03",866,1,282,3104,9262,0.567048153746491,0,0,781,983,204,5417,57,789,169,57
"24","2020-04-04",873,1,246,3071,9262,0.567048153746491,0,0,781,983,212,5629,30,819,170,30
"25","2020-04-05",893,1,273,2975,9262,0.567048153746491,0,0,781,983,158,5787,63,882,124,63
"26","2020-04-06",912,1,263,2892,9262,0.567048153746491,0,0,781,983,180,5967,42,924,141,42
"27","2020-04-07",873,1,287,2759,9262,0.567048153746491,0,0,781,983,150,6117,51,975,116,51
"28","2020-04-08",828,1,259,2615,9262,0.567048153746491,0,0,781,983,142,6259,33,1008,115,33
"29","2020-04-09",796,1,250,2466,9262,0.567048153746491,0,0,781,983,108,6367,36,1044,82,36
"30","2020-04-10",767,1,241,2278,9262,0.567048153746491,0,0,781,983,88,6455,25,1069,69,25
"31","2020-04-11",714,1,231,2112,9262,0.567048153746491,0,0,781,983,84,6539,20,1089,61,20
"32","2020-04-12",664,1,210,1952,9262,0.567048153746491,0,0,781,983,69,6608,23,1112,53,23
"33","2020-04-13",607,1,198,1795,9262,0.567048153746491,0,0,781,983,81,6689,18,1130,49,18
"34","2020-04-14",575,1,222,1653,9262,0.567048153746491,0,0,781,983,77,6766,51,1181,48,51
"35","2020-04-15",542,1,248,1549,9262,0.567048153746491,0,0,781,983,64,6830,53,1234,40,53
"36","2020-04-16",478,1,233,1415,9262,0.567048153746491,0,0,781,983,45,6875,27,1261,28,27
"37","2020-04-17",434,1,203,1276,9262,0.567048153746491,0,0,781,983,46,6921,20,1281,29,20
"38","2020-04-18",402,1,203,1152,9262,0.567048153746491,0,0,781,983,33,6954,18,1299,14,18
"39","2020-04-19",372,1,223,1022,9262,0.567048153746491,0,0,781,983,28,6982,46,1345,11,46
"40","2020-04-20",328,1,272,919,9262,0.567048153746491,0,0,781,983,28,7010,76,1421,12,76
"41","2020-04-21",297,1,283,829,9262,0.567048153746491,0,0,781,983,34,7044,44,1465,19,44
"42","2020-04-22",283,1,259,748,9262,0.567048153746491,0,0,781,983,26,7070,25,1490,12,25
"43","2020-04-23",259,1,247,679,9262,0.567048153746491,0,0,781,983,34,7104,25,1515,19,25
"44","2020-04-24",244,1,242,632,9262,0.567048153746491,0,0,781,983,26,7130,27,1542,8,27
"45","2020-04-25",214,1,228,571,9262,0.567048153746491,0,0,781,983,25,7155,20,1562,8,20
"46","2020-04-26",201,1,228,525,9262,0.567048153746491,0,0,781,983,25,7180,32,1594,7,32
"47","2020-04-27",184,1,208,477,9262,0.567048153746491,0,0,781,983,13,7193,18,1612,5,18
"48","2020-04-28",159,1,213,441,9262,0.567048153746491,0,0,781,983,22,7215,21,1633,7,21
"49","2020-04-29",136,1,187,402,9262,0.567048153746491,0,0,781,983,20,7235,14,1647,9,14
"50","2020-04-30",120,1,198,377,9262,0.567048153746491,0,0,781,983,18,7253,18,1665,5,18
"51","2020-05-01",99,1,200,353,9262,0.567048153746491,0,0,781,983,20,7273,33,1698,4,33
"52","2020-05-02",90,1,220,332,9262,0.567048153746491,0,0,781,983,12,7285,36,1734,6,36
"53","2020-05-03",81,1,251,304,9262,0.567048153746491,0,0,781,983,19,7304,43,1777,10,43
"54","2020-05-04",81,1,269,294,9262,0.567048153746491,0,0,781,983,14,7318,54,1831,8,54
"55","2020-05-05",86,1,249,280,9262,0.567048153746491,0,0,781,983,16,7334,27,1858,5,27
"56","2020-05-06",86,1,247,269,9262,0.567048153746491,0,0,781,983,13,7347,22,1880,4,22
"57","2020-05-07",79,1,280,260,9262,0.567048153746491,0,0,781,983,20,7367,61,1941,8,61
"58","2020-05-08",79,1,306,239,9262,0.567048153746491,0,0,781,983,20,7387,55,1996,7,55
"59","2020-05-09",76,1,317,237,9262,0.567048153746491,0,0,781,983,18,7405,59,2055,7,59
"60","2020-05-10",70,1,326,234,9262,0.567048153746491,0,0,781,983,14,7419,55,2110,6,55
"61","2020-05-11",64,1,306,214,9262,0.567048153746491,0,0,781,983,11,7430,34,2144,NA,34
"62","2020-05-12",59,1,284,216,9262,0.567048153746491,0,0,781,983,15,7445,28,2172,3,28
"63","2020-05-13",48,1,260,203,9262,0.567048153746491,0,0,781,983,8,7453,27,2199,1,27
"64","2020-05-14",53,1,239,193,9262,0.567048153746491,0,0,781,983,12,7465,20,2219,3,20
"65","2020-05-15",49,1,234,180,9262,0.567048153746491,0,0,781,983,11,7476,25,2244,3,25
"66","2020-05-16",50,1,253,168,9262,0.567048153746491,0,0,781,983,4,7480,46,2290,2,46
"67","2020-05-17",50,1,245,155,9262,0.567048153746491,0,0,781,983,9,7489,31,2321,3,31
"68","2020-05-18",51,1,260,146,9262,0.567048153746491,0,0,781,983,7,7496,41,2362,2,41
"69","2020-05-19",48,1,270,143,9262,0.567048153746491,0,0,781,983,8,7504,45,2407,3,45
"70","2020-05-20",52,1,268,136,9262,0.567048153746491,0,0,781,983,5,7509,37,2444,2,37
"71","2020-05-21",51,1,263,132,9262,0.567048153746491,0,0,781,983,10,7519,38,2482,3,38
"72","2020-05-22",50,1,260,125,9262,0.567048153746491,0,0,781,983,8,7527,28,2510,2,28
"73","2020-05-23",41,1,284,114,9262,0.567048153746491,0,0,781,983,6,7533,59,2569,3,59
"74","2020-05-24",37,1,299,112,9262,0.567048153746491,0,0,781,983,8,7541,50,2619,1,50
"75","2020-05-25",34,1,306,99,9262,0.567048153746491,0,0,781,983,2,7543,60,2679,NA,60
"76","2020-05-26",33,1,298,97,9262,0.567048153746491,0,0,781,983,7,7550,43,2722,2,43
"77","2020-05-27",29,1,290,87,9262,0.567048153746491,0,0,781,983,3,7553,51,2773,NA,51
"78","2020-05-28",28,1,290,89,9262,0.567048153746491,0,0,781,983,9,7562,37,2810,2,37
"79","2020-05-29",24,1,273,82,9262,0.567048153746491,0,0,781,983,5,7567,35,2845,2,35
"80","2020-05-30",23,1,253,87,9262,0.567048153746491,0,0,781,983,8,7575,28,2873,1,28
"81","2020-05-31",25,1,227,86,9262,0.567048153746491,0,0,781,983,6,7581,22,2895,1,22
"82","2020-06-01",24,1,225,81,9262,0.567048153746491,0,0,781,983,3,7584,39,2934,1,39
"83","2020-06-02",27,1,225,75,9262,0.567048153746491,0,0,781,983,4,7588,32,2966,1,32
"84","2020-06-03",26,1,230,74,9262,0.567048153746491,0,0,781,983,4,7592,39,3005,1,39
"85","2020-06-04",21,1,226,69,9262,0.567048153746491,0,0,781,983,4,7596,34,3039,1,34
"86","2020-06-05",21,1,209,61,9262,0.567048153746491,0,0,781,983,3,7599,19,3058,1,19
"87","2020-06-06",23,1,194,61,9262,0.567048153746491,0,0,781,983,6,7605,16,3074,2,16
"88","2020-06-07",18,1,173,56,9262,0.567048153746491,0,0,781,983,3,7608,12,3086,1,12
"89","2020-03-13",3,2,39,120,6256,0.491208439897698,0,0,528,773,72,202,31,81,8,31
"90","2020-03-14",8,2,47,179,6256,0.491208439897698,0,0,528,773,76,278,23,104,5,23
"91","2020-03-15",12,2,66,232,6256,0.491208439897698,0,0,528,773,79,357,21,125,12,21
"92","2020-03-16",17,2,73,283,6256,0.491208439897698,0,0,528,773,75,432,20,145,16,20
"93","2020-03-17",30,2,75,356,6256,0.491208439897698,0,0,528,773,90,522,34,179,33,34
"94","2020-03-18",42,2,88,423,6256,0.491208439897698,0,0,528,773,88,610,34,213,22,34
"95","2020-03-19",64,2,115,488,6256,0.491208439897698,0,0,528,773,85,695,32,245,23,32
"96","2020-03-20",79,2,111,570,6256,0.491208439897698,0,0,528,773,84,779,27,272,22,27
"97","2020-03-21",101,2,95,652,6256,0.491208439897698,0,0,528,773,83,862,18,290,24,18
"98","2020-03-22",120,2,91,725,6256,0.491208439897698,0,0,528,773,88,950,36,326,28,36
"99","2020-03-23",143,2,122,789,6256,0.491208439897698,0,0,528,773,96,1046,46,372,30,46
"100","2020-03-24",169,2,167,838,6256,0.491208439897698,0,0,528,773,94,1140,40,412,28,40
"101","2020-03-25",187,2,175,904,6256,0.491208439897698,0,0,528,773,95,1235,21,433,30,21
"102","2020-03-26",196,2,164,942,6256,0.491208439897698,0,0,528,773,85,1320,35,468,24,35
"103","2020-03-27",223,2,157,1008,6256,0.491208439897698,0,0,528,773,71,1391,57,525,20,57
"104","2020-03-28",245,2,151,1050,6256,0.491208439897698,0,0,528,773,90,1481,40,565,28,40
"105","2020-03-29",258,2,134,1091,6256,0.491208439897698,0,0,528,773,88,1569,31,596,13,31
"106","2020-03-30",265,2,124,1121,6256,0.491208439897698,0,0,528,773,108,1677,29,625,39,29
"107","2020-03-31",272,2,142,1142,6256,0.491208439897698,0,0,528,773,95,1772,32,657,24,32
"108","2020-04-01",289,2,161,1134,6256,0.491208439897698,0,0,528,773,92,1864,32,689,24,32
"109","2020-04-02",309,2,173,1155,6256,0.491208439897698,0,0,528,773,90,1954,32,721,26,32
"110","2020-04-03",305,2,199,1175,6256,0.491208439897698,0,0,528,773,90,2044,42,763,26,42
"111","2020-04-04",307,2,210,1177,6256,0.491208439897698,0,0,528,773,110,2154,38,801,27,38
"112","2020-04-05",306,2,200,1191,6256,0.491208439897698,0,0,528,773,81,2235,46,847,26,46
"113","2020-04-06",310,2,174,1187,6256,0.491208439897698,0,0,528,773,93,2328,44,891,29,44
"114","2020-04-07",306,2,162,1175,6256,0.491208439897698,0,0,528,773,86,2414,44,935,18,44
"115","2020-04-08",300,2,156,1185,6256,0.491208439897698,0,0,528,773,81,2495,54,989,18,54
"116","2020-04-09",290,2,207,1215,6256,0.491208439897698,0,0,528,773,95,2590,46,1035,23,46
"117","2020-04-10",300,2,243,1221,6256,0.491208439897698,0,0,528,773,111,2701,60,1095,23,60
"118","2020-04-11",292,2,229,1215,6256,0.491208439897698,0,0,528,773,86,2787,55,1150,27,55
"119","2020-04-12",326,2,204,1191,6256,0.491208439897698,0,0,528,773,96,2883,32,1182,18,32
"120","2020-04-13",331,2,202,1194,6256,0.491208439897698,0,0,528,773,77,2960,35,1217,9,35
"121","2020-04-14",341,2,198,1203,6256,0.491208439897698,0,0,528,773,82,3042,36,1253,15,36
"122","2020-04-15",342,2,217,1175,6256,0.491208439897698,0,0,528,773,87,3129,31,1284,20,31
"123","2020-04-16",351,2,235,1184,6256,0.491208439897698,0,0,528,773,82,3211,29,1313,19,29
"124","2020-04-17",353,2,224,1182,6256,0.491208439897698,0,0,528,773,96,3307,30,1343,26,30
"125","2020-04-18",355,2,247,1154,6256,0.491208439897698,0,0,528,773,70,3377,33,1376,15,33
"126","2020-04-19",330,2,219,1148,6256,0.491208439897698,0,0,528,773,80,3457,38,1414,16,38
"127","2020-04-20",332,2,210,1142,6256,0.491208439897698,0,0,528,773,94,3551,34,1448,15,34
"128","2020-04-21",335,2,230,1113,6256,0.491208439897698,0,0,528,773,93,3644,52,1500,15,52
"129","2020-04-22",328,2,261,1095,6256,0.491208439897698,0,0,528,773,80,3724,29,1529,17,29
"130","2020-04-23",319,2,223,1063,6256,0.491208439897698,0,0,528,773,77,3801,32,1561,17,32
"131","2020-04-24",315,2,203,1041,6256,0.491208439897698,0,0,528,773,69,3870,31,1592,15,31
"132","2020-04-25",301,2,183,1021,6256,0.491208439897698,0,0,528,773,78,3948,26,1618,12,26
"133","2020-04-26",295,2,177,996,6256,0.491208439897698,0,0,528,773,81,4029,53,1671,14,53
"134","2020-04-27",291,2,196,955,6256,0.491208439897698,0,0,528,773,64,4093,34,1705,19,34
"135","2020-04-28",269,2,209,917,6256,0.491208439897698,0,0,528,773,68,4161,36,1741,13,36
"136","2020-04-29",275,2,221,881,6256,0.491208439897698,0,0,528,773,65,4226,24,1765,10,24
"137","2020-04-30",273,2,230,843,6256,0.491208439897698,0,0,528,773,51,4277,28,1793,5,28
"138","2020-05-01",266,2,266,815,6256,0.491208439897698,0,0,528,773,87,4364,45,1838,29,45
"139","2020-05-02",278,2,259,787,6256,0.491208439897698,0,0,528,773,71,4435,61,1899,12,61
"140","2020-05-03",262,2,259,763,6256,0.491208439897698,0,0,528,773,75,4510,28,1927,17,28
"141","2020-05-04",247,2,274,730,6256,0.491208439897698,0,0,528,773,53,4563,36,1963,10,36
"142","2020-05-05",242,2,306,710,6256,0.491208439897698,0,0,528,773,57,4620,32,1995,17,32
"143","2020-05-06",228,2,281,688,6256,0.491208439897698,0,0,528,773,58,4678,41,2036,13,41
"144","2020-05-07",222,2,288,663,6256,0.491208439897698,0,0,528,773,60,4738,48,2084,17,48
"145","2020-05-08",200,2,286,639,6256,0.491208439897698,0,0,528,773,66,4804,47,2131,7,47
"146","2020-05-09",182,2,266,618,6256,0.491208439897698,0,0,528,773,42,4846,60,2191,7,60
"147","2020-05-10",185,2,247,598,6256,0.491208439897698,0,0,528,773,56,4902,56,2247,10,56
"148","2020-05-11",185,2,219,569,6256,0.491208439897698,0,0,528,773,56,4958,71,2318,9,71
"149","2020-05-12",177,2,211,547,6256,0.491208439897698,0,0,528,773,54,5012,51,2369,1,51
"150","2020-05-13",171,2,219,524,6256,0.491208439897698,0,0,528,773,45,5057,37,2406,13,37
"151","2020-05-14",166,2,238,505,6256,0.491208439897698,0,0,528,773,46,5103,22,2428,6,22
"152","2020-05-15",162,2,266,472,6256,0.491208439897698,0,0,528,773,45,5148,31,2459,9,31
"153","2020-05-16",153,2,281,466,6256,0.491208439897698,0,0,528,773,47,5195,33,2492,10,33
"154","2020-05-17",144,2,248,460,6256,0.491208439897698,0,0,528,773,35,5230,32,2524,6,32
"155","2020-05-18",134,2,224,441,6256,0.491208439897698,0,0,528,773,40,5270,27,2551,9,27
"156","2020-05-19",132,2,197,419,6256,0.491208439897698,0,0,528,773,35,5305,20,2571,5,20
"157","2020-05-20",126,2,245,399,6256,0.491208439897698,0,0,528,773,33,5338,37,2608,5,37
"158","2020-05-21",107,2,298,381,6256,0.491208439897698,0,0,528,773,23,5361,27,2635,6,27
"159","2020-05-22",107,2,299,381,6256,0.491208439897698,0,0,528,773,35,5396,32,2667,3,32
"160","2020-05-23",111,2,319,365,6256,0.491208439897698,0,0,528,773,28,5424,25,2692,5,25
"161","2020-05-24",111,2,290,352,6256,0.491208439897698,0,0,528,773,28,5452,19,2711,2,19
"162","2020-05-25",105,2,262,330,6256,0.491208439897698,0,0,528,773,32,5484,16,2727,9,16
"163","2020-05-26",91,2,245,325,6256,0.491208439897698,0,0,528,773,31,5515,27,2754,7,27
"164","2020-05-27",93,2,246,313,6256,0.491208439897698,0,0,528,773,23,5538,25,2779,5,25
"165","2020-05-28",97,2,232,305,6256,0.491208439897698,0,0,528,773,20,5558,44,2823,4,44
"166","2020-05-29",89,2,211,297,6256,0.491208439897698,0,0,528,773,22,5580,22,2845,6,22
"167","2020-05-30",77,2,224,278,6256,0.491208439897698,0,0,528,773,21,5601,24,2869,4,24
"168","2020-05-31",75,2,223,271,6256,0.491208439897698,0,0,528,773,24,5625,20,2889,2,20
"169","2020-06-01",72,2,237,264,6256,0.491208439897698,0,0,528,773,19,5644,27,2916,1,27
"170","2020-06-02",78,2,220,249,6256,0.491208439897698,0,0,528,773,11,5655,17,2933,1,17
"171","2020-06-03",68,2,205,232,6256,0.491208439897698,0,0,528,773,17,5672,37,2970,1,37
"172","2020-06-04",64,2,181,220,6256,0.491208439897698,0,0,528,773,13,5685,41,3011,2,41
"173","2020-06-05",68,2,150,199,6256,0.491208439897698,0,0,528,773,16,5701,38,3049,5,38
"174","2020-06-06",67,2,131,192,6256,0.491208439897698,0,0,528,773,10,5711,46,3095,3,46
"175","2020-06-07",61,2,125,192,6256,0.491208439897698,0,0,528,773,12,5723,29,3124,2,29
"176","2020-03-12",1,3,122,174,7578,0.291765637371338,0,0,632,1715,39,64,20,40,9,20
"177","2020-03-13",3,3,193,277,7578,0.291765637371338,0,0,632,1715,36,100,28,68,21,28
"178","2020-03-14",12,3,264,365,7578,0.291765637371338,0,0,632,1715,46,146,42,110,25,42
"179","2020-03-15",25,3,268,471,7578,0.291765637371338,0,0,632,1715,49,195,29,139,33,29
"180","2020-03-16",43,3,262,573,7578,0.291765637371338,0,0,632,1715,50,245,51,190,36,51
"181","2020-03-17",68,3,317,682,7578,0.291765637371338,0,0,632,1715,90,335,54,244,69,54
"182","2020-03-18",97,3,317,787,7578,0.291765637371338,0,0,632,1715,74,409,52,296,57,52
"183","2020-03-19",127,3,299,871,7578,0.291765637371338,0,0,632,1715,96,505,49,345,80,49
"184","2020-03-20",163,3,282,968,7578,0.291765637371338,0,0,632,1715,104,609,24,369,84,24
"185","2020-03-21",192,3,288,1047,7578,0.291765637371338,0,0,632,1715,132,741,26,395,105,26
"186","2020-03-22",224,3,273,1108,7578,0.291765637371338,0,0,632,1715,141,882,27,422,116,27
"187","2020-03-23",256,3,283,1174,7578,0.291765637371338,0,0,632,1715,105,987,22,444,93,22
"188","2020-03-24",279,3,262,1245,7578,0.291765637371338,0,0,632,1715,166,1153,25,469,141,25
"189","2020-03-25",310,3,242,1274,7578,0.291765637371338,0,0,632,1715,155,1308,21,490,134,21
"190","2020-03-26",327,3,239,1284,7578,0.291765637371338,0,0,632,1715,186,1494,25,515,170,25
"191","2020-03-27",347,3,247,1316,7578,0.291765637371338,0,0,632,1715,174,1668,26,541,157,26
"192","2020-03-28",353,3,237,1327,7578,0.291765637371338,0,0,632,1715,189,1857,27,568,169,27
"193","2020-03-29",360,3,237,1370,7578,0.291765637371338,0,0,632,1715,177,2034,17,585,165,17
"194","2020-03-30",379,3,244,1390,7578,0.291765637371338,0,0,632,1715,197,2231,25,610,179,25
"195","2020-03-31",399,3,244,1382,7578,0.291765637371338,0,0,632,1715,210,2441,32,642,180,32
"196","2020-04-01",392,3,257,1401,7578,0.291765637371338,0,0,632,1715,215,2656,51,693,187,51
"197","2020-04-02",404,3,286,1396,7578,0.291765637371338,0,0,632,1715,178,2834,43,736,158,43
"198","2020-04-03",390,3,298,1400,7578,0.291765637371338,0,0,632,1715,215,3049,43,779,196,43
"199","2020-04-04",402,3,296,1384,7578,0.291765637371338,0,0,632,1715,227,3276,33,812,207,33
"200","2020-04-05",394,3,350,1365,7578,0.291765637371338,0,0,632,1715,209,3485,42,854,195,42
"201","2020-04-06",379,3,325,1365,7578,0.291765637371338,0,0,632,1715,199,3684,25,879,178,25
"202","2020-04-07",359,3,312,1338,7578,0.291765637371338,0,0,632,1715,178,3862,52,931,167,52
"203","2020-04-08",358,3,332,1317,7578,0.291765637371338,0,0,632,1715,203,4065,44,975,179,44
"204","2020-04-09",349,3,318,1307,7578,0.291765637371338,0,0,632,1715,215,4280,44,1019,202,44
"205","2020-04-10",356,3,307,1299,7578,0.291765637371338,0,0,632,1715,157,4437,36,1055,144,36
"206","2020-04-11",355,3,294,1275,7578,0.291765637371338,0,0,632,1715,170,4607,30,1085,150,30
"207","2020-04-12",354,3,305,1289,7578,0.291765637371338,0,0,632,1715,150,4757,31,1116,133,31
"208","2020-04-13",353,3,307,1284,7578,0.291765637371338,0,0,632,1715,121,4878,26,1142,111,26
"209","2020-04-14",364,3,330,1263,7578,0.291765637371338,0,0,632,1715,173,5051,16,1158,160,16
"210","2020-04-15",354,3,346,1257,7578,0.291765637371338,0,0,632,1715,120,5171,17,1175,103,17
"211","2020-04-16",359,3,321,1252,7578,0.291765637371338,0,0,632,1715,113,5284,23,1198,105,23
"212","2020-04-17",351,3,320,1253,7578,0.291765637371338,0,0,632,1715,95,5379,18,1216,82,18
"213","2020-04-18",336,3,297,1219,7578,0.291765637371338,0,0,632,1715,91,5470,21,1237,83,21
"214","2020-04-19",343,3,305,1191,7578,0.291765637371338,0,0,632,1715,71,5541,21,1258,65,21
"215","2020-04-20",344,3,305,1178,7578,0.291765637371338,0,0,632,1715,85,5626,38,1296,69,38
"216","2020-04-21",320,3,317,1159,7578,0.291765637371338,0,0,632,1715,59,5685,29,1325,51,29
"217","2020-04-22",312,3,317,1134,7578,0.291765637371338,0,0,632,1715,63,5748,28,1353,57,28
"218","2020-04-23",303,3,305,1105,7578,0.291765637371338,0,0,632,1715,57,5805,32,1385,45,32
"219","2020-04-24",304,3,325,1097,7578,0.291765637371338,0,0,632,1715,57,5862,36,1421,46,36
"220","2020-04-25",314,3,322,1076,7578,0.291765637371338,0,0,632,1715,44,5906,37,1458,37,37
"221","2020-04-26",304,3,334,1047,7578,0.291765637371338,0,0,632,1715,60,5966,26,1484,49,26
"222","2020-04-27",287,3,329,1010,7578,0.291765637371338,0,0,632,1715,45,6011,25,1509,37,25
"223","2020-04-28",289,3,330,960,7578,0.291765637371338,0,0,632,1715,30,6041,27,1536,16,27
"224","2020-04-29",289,3,313,946,7578,0.291765637371338,0,0,632,1715,38,6079,25,1561,25,25
"225","2020-04-30",271,3,318,908,7578,0.291765637371338,0,0,632,1715,29,6108,35,1596,23,35
"226","2020-05-01",259,3,299,883,7578,0.291765637371338,0,0,632,1715,32,6140,24,1620,25,24
"227","2020-05-02",239,3,337,851,7578,0.291765637371338,0,0,632,1715,24,6164,19,1639,20,19
"228","2020-05-03",243,3,353,837,7578,0.291765637371338,0,0,632,1715,30,6194,17,1656,23,17
"229","2020-05-04",235,3,367,814,7578,0.291765637371338,0,0,632,1715,27,6221,15,1671,18,15
"230","2020-05-05",220,3,372,779,7578,0.291765637371338,0,0,632,1715,25,6246,25,1696,18,25
"231","2020-05-06",223,3,365,773,7578,0.291765637371338,0,0,632,1715,28,6274,18,1714,19,18
"232","2020-05-07",214,3,372,763,7578,0.291765637371338,0,0,632,1715,19,6293,17,1731,12,17
"233","2020-05-08",219,3,351,738,7578,0.291765637371338,0,0,632,1715,16,6309,24,1755,10,24
"234","2020-05-09",212,3,346,703,7578,0.291765637371338,0,0,632,1715,19,6328,32,1787,8,32
"235","2020-05-10",196,3,355,663,7578,0.291765637371338,0,0,632,1715,24,6352,22,1809,17,22
"236","2020-05-11",184,3,338,658,7578,0.291765637371338,0,0,632,1715,17,6369,38,1847,13,38
"237","2020-05-12",191,3,342,623,7578,0.291765637371338,0,0,632,1715,17,6386,33,1880,10,33
"238","2020-05-13",173,3,342,597,7578,0.291765637371338,0,0,632,1715,20,6406,24,1904,16,24
"239","2020-05-14",190,3,357,585,7578,0.291765637371338,0,0,632,1715,15,6421,31,1935,12,31
"240","2020-05-15",182,3,354,568,7578,0.291765637371338,0,0,632,1715,12,6433,45,1980,7,45
"241","2020-05-16",179,3,331,529,7578,0.291765637371338,0,0,632,1715,14,6447,33,2013,8,33
"242","2020-05-17",169,3,323,522,7578,0.291765637371338,0,0,632,1715,18,6465,54,2067,15,54
"243","2020-05-18",170,3,337,505,7578,0.291765637371338,0,0,632,1715,9,6474,58,2125,6,58
"244","2020-05-19",159,3,331,492,7578,0.291765637371338,0,0,632,1715,11,6485,32,2157,7,32
"245","2020-05-20",150,3,321,469,7578,0.291765637371338,0,0,632,1715,23,6508,34,2191,14,34
"246","2020-05-21",136,3,338,435,7578,0.291765637371338,0,0,632,1715,10,6518,28,2219,8,28
"247","2020-05-22",119,3,348,422,7578,0.291765637371338,0,0,632,1715,15,6533,22,2241,10,22
"248","2020-05-23",125,3,368,410,7578,0.291765637371338,0,0,632,1715,15,6548,22,2263,5,22
"249","2020-05-24",126,3,365,401,7578,0.291765637371338,0,0,632,1715,10,6558,37,2300,7,37
"250","2020-05-25",127,3,368,366,7578,0.291765637371338,0,0,632,1715,10,6568,36,2336,7,36
"251","2020-05-26",122,3,348,355,7578,0.291765637371338,0,0,632,1715,14,6582,35,2371,9,35
"252","2020-05-27",125,3,323,344,7578,0.291765637371338,0,0,632,1715,11,6593,33,2404,7,33
"253","2020-05-28",121,3,321,324,7578,0.291765637371338,0,0,632,1715,19,6612,27,2431,10,27
"254","2020-05-29",119,3,333,322,7578,0.291765637371338,0,0,632,1715,10,6622,35,2466,6,35
"255","2020-05-30",101,3,324,300,7578,0.291765637371338,0,0,632,1715,7,6629,20,2486,4,20
"256","2020-05-31",92,3,328,298,7578,0.291765637371338,0,0,632,1715,10,6639,20,2506,9,20
"257","2020-06-01",83,3,335,291,7578,0.291765637371338,0,0,632,1715,12,6651,25,2531,8,25
"258","2020-06-02",77,3,340,278,7578,0.291765637371338,0,0,632,1715,6,6657,25,2556,3,25
"259","2020-06-03",69,3,338,268,7578,0.291765637371338,0,0,632,1715,7,6664,18,2574,5,18
"260","2020-06-04",63,3,333,248,7578,0.291765637371338,0,0,632,1715,9,6673,16,2590,9,16
"261","2020-06-05",60,3,339,246,7578,0.291765637371338,0,0,632,1715,11,6684,14,2604,8,14
"262","2020-06-06",64,3,331,232,7578,0.291765637371338,0,0,632,1715,4,6688,25,2629,2,25
"263","2020-06-07",65,3,336,227,7578,0.291765637371338,0,0,632,1715,7,6695,31,2660,5,31
"264","2020-03-14",4,4,143,165,6126,0.5726412014365,0,0,569,917,183,527,70,266,111,70
"265","2020-03-15",13,4,136,229,6126,0.5726412014365,0,0,569,917,179,706,93,359,120,93
"266","2020-03-16",20,4,125,281,6126,0.5726412014365,0,0,569,917,375,1081,49,408,316,49
"267","2020-03-17",25,4,127,352,6126,0.5726412014365,0,0,569,917,401,1482,39,447,339,39
"268","2020-03-18",37,4,106,431,6126,0.5726412014365,0,0,569,917,472,1954,26,473,408,26
"269","2020-03-19",58,4,114,498,6126,0.5726412014365,0,0,569,917,520,2474,28,501,461,28
"270","2020-03-20",86,4,156,561,6126,0.5726412014365,0,0,569,917,698,3172,57,558,641,57
"271","2020-03-21",100,4,150,633,6126,0.5726412014365,0,0,569,917,672,3844,22,580,631,22
"272","2020-03-22",127,4,147,693,6126,0.5726412014365,0,0,569,917,700,4544,35,615,657,35
"273","2020-03-23",142,4,156,756,6126,0.5726412014365,0,0,569,917,615,5159,38,653,579,38
"274","2020-03-24",167,4,156,798,6126,0.5726412014365,0,0,569,917,561,5720,23,676,528,23
"275","2020-03-25",190,4,159,854,6126,0.5726412014365,0,0,569,917,474,6194,17,693,449,17
"276","2020-03-26",189,4,188,891,6126,0.5726412014365,0,0,569,917,424,6618,36,729,406,36
"277","2020-03-27",203,4,219,923,6126,0.5726412014365,0,0,569,917,304,6922,9,738,285,9
"278","2020-03-28",216,4,265,980,6126,0.5726412014365,0,0,569,917,228,7150,20,758,217,20
"279","2020-03-29",224,4,255,1015,6126,0.5726412014365,0,0,569,917,175,7325,10,768,167,10
"280","2020-03-30",239,4,265,1045,6126,0.5726412014365,0,0,569,917,108,7433,14,782,97,14
"281","2020-03-31",248,4,264,1088,6126,0.5726412014365,0,0,569,917,78,7511,7,789,71,7
"282","2020-04-01",256,4,313,1105,6126,0.5726412014365,0,0,569,917,74,7585,17,806,67,17
"283","2020-04-02",290,4,287,1124,6126,0.5726412014365,0,0,569,917,47,7632,67,873,43,67
"284","2020-04-03",301,4,288,1139,6126,0.5726412014365,0,0,569,917,33,7665,34,907,26,34
"285","2020-04-04",305,4,289,1155,6126,0.5726412014365,0,0,569,917,36,7701,41,948,31,41
"286","2020-04-05",302,4,269,1183,6126,0.5726412014365,0,0,569,917,40,7741,49,997,35,49
"287","2020-04-06",311,4,232,1193,6126,0.5726412014365,0,0,569,917,24,7765,34,1031,17,34
"288","2020-04-07",323,4,205,1227,6126,0.5726412014365,0,0,569,917,11,7776,38,1069,9,38
"289","2020-04-08",326,4,267,1232,6126,0.5726412014365,0,0,569,917,9,7785,61,1130,5,61
"290","2020-04-09",322,4,288,1250,6126,0.5726412014365,0,0,569,917,12,7797,30,1160,9,30
"291","2020-04-10",330,4,250,1259,6126,0.5726412014365,0,0,569,917,5,7802,21,1181,5,21
"292","2020-04-11",346,4,230,1241,6126,0.5726412014365,0,0,569,917,10,7812,19,1200,8,19
"293","2020-04-12",350,4,230,1234,6126,0.5726412014365,0,0,569,917,12,7824,15,1215,5,15
"294","2020-04-13",354,4,239,1202,6126,0.5726412014365,0,0,569,917,7,7831,33,1248,2,33
"295","2020-04-14",359,4,281,1192,6126,0.5726412014365,0,0,569,917,6,7837,14,1262,3,14
"296","2020-04-15",371,4,288,1184,6126,0.5726412014365,0,0,569,917,1,7838,18,1280,1,18
"297","2020-04-16",374,4,286,1166,6126,0.5726412014365,0,0,569,917,5,7843,23,1303,NA,23
"298","2020-04-17",358,4,299,1167,6126,0.5726412014365,0,0,569,917,5,7848,50,1353,3,50
"299","2020-04-18",351,4,321,1137,6126,0.5726412014365,0,0,569,917,3,7851,33,1386,1,33
"300","2020-04-19",346,4,288,1107,6126,0.5726412014365,0,0,569,917,4,7855,20,1406,3,20
"301","2020-04-20",340,4,260,1103,6126,0.5726412014365,0,0,569,917,NA,NA,18,1424,NA,18
"302","2020-04-21",328,4,218,1072,6126,0.5726412014365,0,0,569,917,1,7856,35,1459,1,35
"303","2020-04-22",318,4,189,1049,6126,0.5726412014365,0,0,569,917,1,7857,22,1481,NA,22
"304","2020-04-23",306,4,171,1002,6126,0.5726412014365,0,0,569,917,1,7858,17,1498,NA,17
"305","2020-04-24",296,4,141,966,6126,0.5726412014365,0,0,569,917,NA,NA,12,1510,NA,12
"306","2020-04-25",286,4,147,917,6126,0.5726412014365,0,0,569,917,3,7861,79,1589,1,79
"307","2020-04-26",282,4,125,882,6126,0.5726412014365,0,0,569,917,4,7865,32,1621,NA,32
"308","2020-04-27",271,4,143,857,6126,0.5726412014365,0,0,569,917,4,7869,12,1633,2,12
"309","2020-04-28",266,4,145,835,6126,0.5726412014365,0,0,569,917,3,7872,16,1649,1,16
"310","2020-04-29",255,4,146,805,6126,0.5726412014365,0,0,569,917,2,7874,6,1655,1,6
"311","2020-04-30",254,4,147,786,6126,0.5726412014365,0,0,569,917,4,7878,17,1672,NA,17
"312","2020-05-01",245,4,201,743,6126,0.5726412014365,0,0,569,917,5,7883,30,1702,1,30
"313","2020-05-02",245,4,234,724,6126,0.5726412014365,0,0,569,917,1,7884,24,1726,1,24
"314","2020-05-03",241,4,249,712,6126,0.5726412014365,0,0,569,917,2,7886,27,1753,NA,27
"315","2020-05-04",233,4,238,692,6126,0.5726412014365,0,0,569,917,4,7890,83,1836,3,83
"316","2020-05-05",216,4,308,667,6126,0.5726412014365,0,0,569,917,4,7894,27,1863,2,27
"317","2020-05-06",209,4,333,635,6126,0.5726412014365,0,0,569,917,NA,NA,17,1880,NA,17
"318","2020-05-07",199,4,314,614,6126,0.5726412014365,0,0,569,917,4,7898,18,1898,1,18
"319","2020-05-08",195,4,285,601,6126,0.5726412014365,0,0,569,917,3,7901,20,1918,1,20
"320","2020-05-09",192,4,259,573,6126,0.5726412014365,0,0,569,917,3,7904,18,1936,2,18
"321","2020-05-10",187,4,229,555,6126,0.5726412014365,0,0,569,917,NA,NA,27,1963,NA,27
"322","2020-05-11",178,4,276,549,6126,0.5726412014365,0,0,569,917,NA,NA,17,1980,NA,17
"323","2020-05-12",175,4,260,542,6126,0.5726412014365,0,0,569,917,1,7905,20,2000,NA,20
"324","2020-05-13",165,4,240,523,6126,0.5726412014365,0,0,569,917,3,7908,24,2024,1,24
"325","2020-05-14",158,4,210,509,6126,0.5726412014365,0,0,569,917,1,7909,19,2043,NA,19
"326","2020-05-15",157,4,198,496,6126,0.5726412014365,0,0,569,917,4,7913,33,2076,2,33
"327","2020-05-16",141,4,214,477,6126,0.5726412014365,0,0,569,917,1,7914,22,2098,NA,22
"328","2020-05-17",126,4,208,466,6126,0.5726412014365,0,0,569,917,NA,NA,8,2106,NA,8
"329","2020-05-18",126,4,196,461,6126,0.5726412014365,0,0,569,917,2,7916,15,2121,2,15
"330","2020-05-19",121,4,178,449,6126,0.5726412014365,0,0,569,917,1,7917,18,2139,NA,18
"331","2020-05-20",117,4,156,464,6126,0.5726412014365,0,0,569,917,1,7918,38,2177,NA,38
"332","2020-05-21",114,4,160,448,6126,0.5726412014365,0,0,569,917,2,7920,61,2238,NA,61
"333","2020-05-22",113,4,201,449,6126,0.5726412014365,0,0,569,917,1,7921,79,2317,NA,79
"334","2020-05-23",111,4,235,427,6126,0.5726412014365,0,0,569,917,4,7925,53,2370,1,53
"335","2020-05-24",120,4,226,429,6126,0.5726412014365,0,0,569,917,NA,NA,46,2416,NA,46
"336","2020-05-25",126,4,199,402,6126,0.5726412014365,0,0,569,917,1,7926,42,2458,1,42
"337","2020-05-26",126,4,223,384,6126,0.5726412014365,0,0,569,917,3,7929,36,2494,1,36
"338","2020-05-27",125,4,241,367,6126,0.5726412014365,0,0,569,917,NA,NA,23,2517,NA,23
"339","2020-05-28",118,4,246,345,6126,0.5726412014365,0,0,569,917,1,7930,13,2530,NA,13
"340","2020-05-29",117,4,219,340,6126,0.5726412014365,0,0,569,917,2,7932,24,2554,1,24
"341","2020-05-30",115,4,195,317,6126,0.5726412014365,0,0,569,917,NA,NA,66,2620,NA,66
"342","2020-05-31",110,4,182,286,6126,0.5726412014365,0,0,569,917,3,7935,42,2662,2,42
"343","2020-06-01",102,4,209,274,6126,0.5726412014365,0,0,569,917,1,7936,28,2690,NA,28
"344","2020-06-02",97,4,210,256,6126,0.5726412014365,0,0,569,917,1,7937,18,2708,NA,18
"345","2020-06-03",96,4,205,235,6126,0.5726412014365,0,0,569,917,1,7938,26,2734,NA,26
"346","2020-06-04",93,4,200,210,6126,0.5726412014365,0,0,569,917,NA,NA,60,2794,NA,60
"347","2020-06-05",80,4,193,201,6126,0.5726412014365,0,0,569,917,3,7941,53,2847,NA,53
"348","2020-06-06",76,4,184,186,6126,0.5726412014365,0,0,569,917,3,7944,64,2911,1,64
"349","2020-06-07",69,4,183,171,6126,0.5726412014365,0,0,569,917,NA,NA,38,2949,NA,38
"350","2020-03-12",2,5,34,91,5742,0.28944618599791,0,0,509,788,26,45,8,23,3,8
"351","2020-03-13",2,5,68,146,5742,0.28944618599791,0,0,509,788,28,73,15,38,5,15
"352","2020-03-14",8,5,73,211,5742,0.28944618599791,0,0,509,788,35,108,14,52,7,14
"353","2020-03-15",15,5,75,280,5742,0.28944618599791,0,0,509,788,29,137,46,98,9,46
"354","2020-03-16",21,5,97,337,5742,0.28944618599791,0,0,509,788,47,184,55,153,16,55
"355","2020-03-17",35,5,105,401,5742,0.28944618599791,0,0,509,788,34,218,40,193,9,40
"356","2020-03-18",46,5,113,472,5742,0.28944618599791,0,0,509,788,32,250,32,225,9,32
"357","2020-03-19",64,5,134,558,5742,0.28944618599791,0,0,509,788,49,299,50,275,22,50
"358","2020-03-20",86,5,123,618,5742,0.28944618599791,0,0,509,788,37,336,59,334,16,59
"359","2020-03-21",95,5,133,674,5742,0.28944618599791,0,0,509,788,42,378,39,373,14,39
"360","2020-03-22",116,5,137,732,5742,0.28944618599791,0,0,509,788,41,419,28,401,21,28
"361","2020-03-23",139,5,159,766,5742,0.28944618599791,0,0,509,788,55,474,33,434,23,33
"362","2020-03-24",164,5,161,818,5742,0.28944618599791,0,0,509,788,37,511,22,456,12,22
"363","2020-03-25",191,5,187,842,5742,0.28944618599791,0,0,509,788,50,561,26,482,18,26
"364","2020-03-26",195,5,177,854,5742,0.28944618599791,0,0,509,788,58,619,18,500,24,18
"365","2020-03-27",206,5,156,857,5742,0.28944618599791,0,0,509,788,53,672,16,516,31,16
"366","2020-03-28",235,5,148,868,5742,0.28944618599791,0,0,509,788,45,717,31,547,23,31
"367","2020-03-29",246,5,166,872,5742,0.28944618599791,0,0,509,788,67,784,26,573,38,26
"368","2020-03-30",249,5,172,883,5742,0.28944618599791,0,0,509,788,59,843,36,609,30,36
"369","2020-03-31",242,5,153,890,5742,0.28944618599791,0,0,509,788,66,909,46,655,43,46
"370","2020-04-01",241,5,154,898,5742,0.28944618599791,0,0,509,788,65,974,51,706,36,51
"371","2020-04-02",249,5,150,876,5742,0.28944618599791,0,0,509,788,60,1034,39,745,34,39
"372","2020-04-03",242,5,192,890,5742,0.28944618599791,0,0,509,788,58,1092,23,768,26,23
"373","2020-04-04",235,5,209,924,5742,0.28944618599791,0,0,509,788,51,1143,20,788,29,20
"374","2020-04-05",230,5,192,927,5742,0.28944618599791,0,0,509,788,65,1208,20,808,45,20
"375","2020-04-06",240,5,199,937,5742,0.28944618599791,0,0,509,788,53,1261,16,824,33,16
"376","2020-04-07",243,5,219,967,5742,0.28944618599791,0,0,509,788,66,1327,21,845,40,21
"377","2020-04-08",242,5,205,958,5742,0.28944618599791,0,0,509,788,56,1383,17,862,31,17
"378","2020-04-09",249,5,197,969,5742,0.28944618599791,0,0,509,788,66,1449,13,875,37,13
"379","2020-04-10",263,5,219,970,5742,0.28944618599791,0,0,509,788,58,1507,53,928,33,53
"380","2020-04-11",281,5,252,937,5742,0.28944618599791,0,0,509,788,55,1562,34,962,27,34
"381","2020-04-12",284,5,244,953,5742,0.28944618599791,0,0,509,788,58,1620,32,994,26,32
"382","2020-04-13",278,5,248,959,5742,0.28944618599791,0,0,509,788,49,1669,34,1028,21,34
"383","2020-04-14",276,5,243,961,5742,0.28944618599791,0,0,509,788,83,1752,53,1081,53,53
"384","2020-04-15",279,5,229,959,5742,0.28944618599791,0,0,509,788,53,1805,27,1108,28,27
"385","2020-04-16",276,5,193,953,5742,0.28944618599791,0,0,509,788,58,1863,33,1141,28,33
"386","2020-04-17",266,5,185,945,5742,0.28944618599791,0,0,509,788,69,1932,22,1163,39,22
"387","2020-04-18",255,5,172,944,5742,0.28944618599791,0,0,509,788,62,1994,28,1191,27,28
"388","2020-04-19",255,5,155,976,5742,0.28944618599791,0,0,509,788,63,2057,31,1222,31,31
"389","2020-04-20",253,5,156,950,5742,0.28944618599791,0,0,509,788,72,2129,31,1253,38,31
"390","2020-04-21",267,5,156,942,5742,0.28944618599791,0,0,509,788,48,2177,35,1288,22,35
"391","2020-04-22",267,5,147,940,5742,0.28944618599791,0,0,509,788,61,2238,32,1320,31,32
"392","2020-04-23",268,5,176,933,5742,0.28944618599791,0,0,509,788,50,2288,27,1347,20,27
"393","2020-04-24",268,5,159,909,5742,0.28944618599791,0,0,509,788,35,2323,25,1372,13,25
"394","2020-04-25",254,5,155,901,5742,0.28944618599791,0,0,509,788,46,2369,24,1396,29,24
"395","2020-04-26",247,5,147,877,5742,0.28944618599791,0,0,509,788,56,2425,25,1421,25,25
"396","2020-04-27",239,5,144,847,5742,0.28944618599791,0,0,509,788,55,2480,26,1447,26,26
"397","2020-04-28",215,5,182,835,5742,0.28944618599791,0,0,509,788,39,2519,32,1479,21,32
"398","2020-04-29",205,5,215,819,5742,0.28944618599791,0,0,509,788,42,2561,23,1502,14,23
"399","2020-04-30",207,5,221,781,5742,0.28944618599791,0,0,509,788,35,2596,15,1517,19,15
"400","2020-05-01",216,5,198,769,5742,0.28944618599791,0,0,509,788,53,2649,12,1529,26,12
"401","2020-05-02",216,5,188,754,5742,0.28944618599791,0,0,509,788,55,2704,27,1556,25,27
"402","2020-05-03",210,5,181,709,5742,0.28944618599791,0,0,509,788,58,2762,29,1585,25,29
"403","2020-05-04",216,5,220,693,5742,0.28944618599791,0,0,509,788,44,2806,52,1637,12,52
"404","2020-05-05",217,5,213,652,5742,0.28944618599791,0,0,509,788,56,2862,41,1678,24,41
"405","2020-05-06",207,5,223,641,5742,0.28944618599791,0,0,509,788,47,2909,47,1725,17,47
"406","2020-05-07",191,5,231,621,5742,0.28944618599791,0,0,509,788,34,2943,52,1777,16,52
"407","2020-05-08",185,5,239,607,5742,0.28944618599791,0,0,509,788,48,2991,40,1817,21,40
"408","2020-05-09",187,5,243,579,5742,0.28944618599791,0,0,509,788,40,3031,37,1854,24,37
"409","2020-05-10",179,5,227,572,5742,0.28944618599791,0,0,509,788,36,3067,42,1896,14,42
"410","2020-05-11",173,5,199,564,5742,0.28944618599791,0,0,509,788,33,3100,20,1916,14,20
"411","2020-05-12",173,5,182,559,5742,0.28944618599791,0,0,509,788,41,3141,20,1936,13,20
"412","2020-05-13",179,5,206,555,5742,0.28944618599791,0,0,509,788,32,3173,18,1954,10,18
"413","2020-05-14",180,5,190,538,5742,0.28944618599791,0,0,509,788,36,3209,23,1977,12,23
"414","2020-05-15",162,5,172,516,5742,0.28944618599791,0,0,509,788,29,3238,22,1999,11,22
"415","2020-05-16",152,5,160,521,5742,0.28944618599791,0,0,509,788,34,3272,27,2026,16,27
"416","2020-05-17",159,5,158,510,5742,0.28944618599791,0,0,509,788,29,3301,15,2041,13,15
"417","2020-05-18",155,5,182,474,5742,0.28944618599791,0,0,509,788,28,3329,13,2054,8,13
"418","2020-05-19",151,5,182,467,5742,0.28944618599791,0,0,509,788,25,3354,17,2071,9,17
"419","2020-05-20",148,5,172,449,5742,0.28944618599791,0,0,509,788,24,3378,22,2093,10,22
"420","2020-05-21",139,5,159,450,5742,0.28944618599791,0,0,509,788,31,3409,18,2111,17,18
"421","2020-05-22",143,5,164,452,5742,0.28944618599791,0,0,509,788,38,3447,48,2159,15,48
"422","2020-05-23",138,5,202,429,5742,0.28944618599791,0,0,509,788,27,3474,32,2191,19,32
"423","2020-05-24",133,5,187,412,5742,0.28944618599791,0,0,509,788,24,3498,27,2218,11,27
"424","2020-05-25",131,5,176,399,5742,0.28944618599791,0,0,509,788,37,3535,33,2251,13,33
"425","2020-05-26",127,5,170,390,5742,0.28944618599791,0,0,509,788,29,3564,41,2292,12,41
"426","2020-05-27",118,5,150,377,5742,0.28944618599791,0,0,509,788,22,3586,45,2337,8,45
"427","2020-05-28",116,5,133,346,5742,0.28944618599791,0,0,509,788,30,3616,47,2384,12,47
"428","2020-05-29",114,5,137,342,5742,0.28944618599791,0,0,509,788,20,3636,49,2433,11,49
"429","2020-05-30",110,5,147,324,5742,0.28944618599791,0,0,509,788,21,3657,36,2469,6,36
"430","2020-05-31",107,5,152,311,5742,0.28944618599791,0,0,509,788,18,3675,23,2492,9,23
"431","2020-06-01",94,5,170,291,5742,0.28944618599791,0,0,509,788,13,3688,29,2521,4,29
"432","2020-06-02",88,5,170,277,5742,0.28944618599791,0,0,509,788,16,3704,19,2540,4,19
"433","2020-06-03",83,5,184,259,5742,0.28944618599791,0,0,509,788,13,3717,16,2556,5,16
"434","2020-06-04",80,5,209,243,5742,0.28944618599791,0,0,509,788,15,3732,21,2577,8,21
"435","2020-06-05",72,5,200,221,5742,0.28944618599791,0,0,509,788,18,3750,30,2607,4,30
"436","2020-06-06",65,5,172,211,5742,0.28944618599791,0,0,509,788,22,3772,39,2646,13,39
"437","2020-06-07",58,5,155,205,5742,0.28944618599791,0,0,509,788,13,3785,51,2697,4,51
"438","2020-03-13",2,6,211,185,8631,0.848569111342834,0,0,710,1436,59,159,29,124,6,29
"439","2020-03-14",7,6,234,277,8631,0.848569111342834,0,0,710,1436,57,216,5,129,11,5
"440","2020-03-15",10,6,224,394,8631,0.848569111342834,0,0,710,1436,55,271,13,142,14,13
"441","2020-03-16",19,6,205,557,8631,0.848569111342834,0,0,710,1436,77,348,48,190,22,48
"442","2020-03-17",33,6,197,739,8631,0.848569111342834,0,0,710,1436,67,415,28,218,9,28
"443","2020-03-18",59,6,165,1008,8631,0.848569111342834,0,0,710,1436,54,469,18,236,13,18
"444","2020-03-19",95,6,153,1250,8631,0.848569111342834,0,0,710,1436,66,535,18,254,20,18
"445","2020-03-20",139,6,139,1605,8631,0.848569111342834,0,0,710,1436,60,595,21,275,13,21
"446","2020-03-21",184,6,135,2030,8631,0.848569111342834,0,0,710,1436,68,663,26,301,29,26
"447","2020-03-22",240,6,118,2413,8631,0.848569111342834,0,0,710,1436,80,743,53,354,26,53
"448","2020-03-23",313,6,137,2888,8631,0.848569111342834,0,0,710,1436,94,837,57,411,26,57
"449","2020-03-24",403,6,135,3295,8631,0.848569111342834,0,0,710,1436,90,927,44,455,31,44
"450","2020-03-25",503,6,116,3712,8631,0.848569111342834,0,0,710,1436,69,996,21,476,24,21
"451","2020-03-26",602,6,122,4053,8631,0.848569111342834,0,0,710,1436,62,1058,49,525,16,49
"452","2020-03-27",726,6,135,4415,8631,0.848569111342834,0,0,710,1436,60,1118,26,551,18,26
"453","2020-03-28",838,6,119,4673,8631,0.848569111342834,0,0,710,1436,74,1192,21,572,22,21
"454","2020-03-29",926,6,118,4710,8631,0.848569111342834,0,0,710,1436,59,1251,17,589,18,17
"455","2020-03-30",1025,6,120,4727,8631,0.848569111342834,0,0,710,1436,65,1316,16,605,18,16
"456","2020-03-31",1122,6,113,4650,8631,0.848569111342834,0,0,710,1436,65,1381,31,636,13,31
"457","2020-04-01",1214,6,104,4524,8631,0.848569111342834,0,0,710,1436,76,1457,54,690,16,54
"458","2020-04-02",1287,6,125,4261,8631,0.848569111342834,0,0,710,1436,79,1536,30,720,12,30
"459","2020-04-03",1283,6,152,3981,8631,0.848569111342834,0,0,710,1436,81,1617,21,741,15,21
"460","2020-04-04",1297,6,215,3614,8631,0.848569111342834,0,0,710,1436,69,1686,12,753,14,12
"461","2020-04-05",1289,6,270,3254,8631,0.848569111342834,0,0,710,1436,72,1758,7,760,17,7
"462","2020-04-06",1243,6,273,2900,8631,0.848569111342834,0,0,710,1436,78,1836,13,773,28,13
"463","2020-04-07",1144,6,259,2516,8631,0.848569111342834,0,0,710,1436,60,1896,46,819,10,46
"464","2020-04-08",1043,6,235,2157,8631,0.848569111342834,0,0,710,1436,68,1964,36,855,15,36
"465","2020-04-09",903,6,227,1855,8631,0.848569111342834,0,0,710,1436,86,2050,60,915,23,60
"466","2020-04-10",821,6,200,1566,8631,0.848569111342834,0,0,710,1436,71,2121,35,950,17,35
"467","2020-04-11",701,6,192,1337,8631,0.848569111342834,0,0,710,1436,71,2192,28,978,15,28
"468","2020-04-12",609,6,185,1122,8631,0.848569111342834,0,0,710,1436,58,2250,21,999,6,21
"469","2020-04-13",520,6,183,947,8631,0.848569111342834,0,0,710,1436,58,2308,42,1041,12,42
"470","2020-04-14",459,6,174,819,8631,0.848569111342834,0,0,710,1436,84,2392,39,1080,14,39
"471","2020-04-15",365,6,161,665,8631,0.848569111342834,0,0,710,1436,73,2465,27,1107,13,27
"472","2020-04-16",332,6,183,575,8631,0.848569111342834,0,0,710,1436,59,2524,17,1124,8,17
"473","2020-04-17",268,6,232,477,8631,0.848569111342834,0,0,710,1436,69,2593,17,1141,11,17
"474","2020-04-18",230,6,229,394,8631,0.848569111342834,0,0,710,1436,69,2662,10,1151,9,10
"475","2020-04-19",190,6,242,327,8631,0.848569111342834,0,0,710,1436,54,2716,31,1182,20,31
"476","2020-04-20",155,6,211,278,8631,0.848569111342834,0,0,710,1436,59,2775,50,1232,12,50
"477","2020-04-21",120,6,201,223,8631,0.848569111342834,0,0,710,1436,66,2841,48,1280,18,48
"478","2020-04-22",105,6,191,191,8631,0.848569111342834,0,0,710,1436,72,2913,22,1302,9,22
"479","2020-04-23",73,6,194,172,8631,0.848569111342834,0,0,710,1436,59,2972,9,1311,3,9
"480","2020-04-24",60,6,193,150,8631,0.848569111342834,0,0,710,1436,59,3031,8,1319,4,8
"481","2020-04-25",46,6,190,129,8631,0.848569111342834,0,0,710,1436,72,3103,10,1329,14,10
"482","2020-04-26",43,6,190,117,8631,0.848569111342834,0,0,710,1436,51,3154,22,1351,13,22
"483","2020-04-27",34,6,187,101,8631,0.848569111342834,0,0,710,1436,62,3216,54,1405,17,54
"484","2020-04-28",33,6,198,96,8631,0.848569111342834,0,0,710,1436,49,3265,19,1424,5,19
"485","2020-04-29",28,6,177,81,8631,0.848569111342834,0,0,710,1436,69,3334,22,1446,8,22
"486","2020-04-30",27,6,180,73,8631,0.848569111342834,0,0,710,1436,52,3386,28,1474,8,28
"487","2020-05-01",22,6,192,66,8631,0.848569111342834,0,0,710,1436,62,3448,44,1518,12,44
"488","2020-05-02",20,6,187,67,8631,0.848569111342834,0,0,710,1436,57,3505,30,1548,4,30
"489","2020-05-03",21,6,238,60,8631,0.848569111342834,0,0,710,1436,66,3571,28,1576,13,28
"490","2020-05-04",22,6,246,58,8631,0.848569111342834,0,0,710,1436,55,3626,18,1594,11,18
"491","2020-05-05",20,6,274,54,8631,0.848569111342834,0,0,710,1436,48,3674,19,1613,6,19
"492","2020-05-06",17,6,268,54,8631,0.848569111342834,0,0,710,1436,57,3731,11,1624,8,11
"493","2020-05-07",17,6,251,52,8631,0.848569111342834,0,0,710,1436,51,3782,18,1642,6,18
"494","2020-05-08",16,6,219,48,8631,0.848569111342834,0,0,710,1436,55,3837,33,1675,11,33
"495","2020-05-09",16,6,251,48,8631,0.848569111342834,0,0,710,1436,53,3890,26,1701,7,26
"496","2020-05-10",13,6,231,49,8631,0.848569111342834,0,0,710,1436,61,3951,14,1715,14,14
"497","2020-05-11",11,6,228,44,8631,0.848569111342834,0,0,710,1436,62,4013,17,1732,17,17
"498","2020-05-12",9,6,205,45,8631,0.848569111342834,0,0,710,1436,43,4056,19,1751,14,19
"499","2020-05-13",10,6,210,40,8631,0.848569111342834,0,0,710,1436,49,4105,11,1762,11,11
"500","2020-05-14",12,6,228,38,8631,0.848569111342834,0,0,710,1436,47,4152,30,1792,11,30
"501","2020-05-15",13,6,205,36,8631,0.848569111342834,0,0,710,1436,36,4188,17,1809,8,17
"502","2020-05-16",11,6,194,39,8631,0.848569111342834,0,0,710,1436,44,4232,17,1826,7,17
"503","2020-05-17",13,6,171,40,8631,0.848569111342834,0,0,710,1436,39,4271,20,1846,6,20
"504","2020-05-18",14,6,190,37,8631,0.848569111342834,0,0,710,1436,30,4301,21,1867,2,21
"505","2020-05-19",13,6,198,35,8631,0.848569111342834,0,0,710,1436,38,4339,21,1888,12,21
"506","2020-05-20",13,6,247,36,8631,0.848569111342834,0,0,710,1436,31,4370,41,1929,9,41
"507","2020-05-21",10,6,287,35,8631,0.848569111342834,0,0,710,1436,39,4409,49,1978,10,49
"508","2020-05-22",9,6,274,29,8631,0.848569111342834,0,0,710,1436,33,4442,44,2022,7,44
"509","2020-05-23",10,6,278,31,8631,0.848569111342834,0,0,710,1436,31,4473,67,2089,1,67
"510","2020-05-24",7,6,294,27,8631,0.848569111342834,0,0,710,1436,29,4502,23,2112,8,23
"511","2020-05-25",6,6,268,23,8631,0.848569111342834,0,0,710,1436,38,4540,13,2125,8,13
"512","2020-05-26",7,6,261,24,8631,0.848569111342834,0,0,710,1436,34,4574,10,2135,13,10
"513","2020-05-27",6,6,234,23,8631,0.848569111342834,0,0,710,1436,32,4606,7,2142,6,7
"514","2020-05-28",5,6,232,25,8631,0.848569111342834,0,0,710,1436,22,4628,7,2149,7,7
"515","2020-05-29",8,6,184,23,8631,0.848569111342834,0,0,710,1436,22,4650,11,2160,5,11
"516","2020-05-30",8,6,162,22,8631,0.848569111342834,0,0,710,1436,27,4677,26,2186,4,26
"517","2020-05-31",7,6,149,19,8631,0.848569111342834,0,0,710,1436,30,4707,34,2220,4,34
"518","2020-06-01",6,6,134,20,8631,0.848569111342834,0,0,710,1436,18,4725,35,2255,2,35
"519","2020-06-02",7,6,179,20,8631,0.848569111342834,0,0,710,1436,26,4751,37,2292,6,37
"520","2020-06-03",8,6,217,18,8631,0.848569111342834,0,0,710,1436,14,4765,19,2311,4,19
"521","2020-06-04",8,6,203,19,8631,0.848569111342834,0,0,710,1436,23,4788,19,2330,6,19
"522","2020-06-05",4,6,198,21,8631,0.848569111342834,0,0,710,1436,31,4819,48,2378,7,48
"523","2020-06-06",3,6,177,21,8631,0.848569111342834,0,0,710,1436,20,4839,33,2411,5,33
"524","2020-06-07",5,6,179,21,8631,0.848569111342834,0,0,710,1436,17,4856,44,2455,4,44
"525","2020-03-12",1,7,30,166,7824,0.19478527607362,0,0,691,859,29,63,19,40,7,19
"526","2020-03-13",4,7,32,257,7824,0.19478527607362,0,0,691,859,31,94,49,89,17,49
"527","2020-03-14",8,7,48,379,7824,0.19478527607362,0,0,691,859,37,131,31,120,14,31
"528","2020-03-15",17,7,71,471,7824,0.19478527607362,0,0,691,859,56,187,13,133,17,13
"529","2020-03-16",33,7,77,573,7824,0.19478527607362,0,0,691,859,34,221,15,148,16,15
"530","2020-03-17",62,7,73,661,7824,0.19478527607362,0,0,691,859,52,273,7,155,24,7
"531","2020-03-18",91,7,61,773,7824,0.19478527607362,0,0,691,859,47,320,8,163,28,8
"532","2020-03-19",123,7,57,879,7824,0.19478527607362,0,0,691,859,58,378,18,181,28,18
"533","2020-03-20",162,7,69,981,7824,0.19478527607362,0,0,691,859,40,418,51,232,25,51
"534","2020-03-21",205,7,87,1078,7824,0.19478527607362,0,0,691,859,43,461,28,260,27,28
"535","2020-03-22",230,7,131,1155,7824,0.19478527607362,0,0,691,859,79,540,45,305,46,45
"536","2020-03-23",267,7,128,1234,7824,0.19478527607362,0,0,691,859,61,601,30,335,32,30
"537","2020-03-24",284,7,123,1277,7824,0.19478527607362,0,0,691,859,55,656,22,357,28,22
"538","2020-03-25",298,7,160,1315,7824,0.19478527607362,0,0,691,859,64,720,10,367,29,10
"539","2020-03-26",312,7,151,1340,7824,0.19478527607362,0,0,691,859,59,779,16,383,32,16
"540","2020-03-27",323,7,147,1334,7824,0.19478527607362,0,0,691,859,46,825,34,417,31,34
"541","2020-03-28",333,7,164,1322,7824,0.19478527607362,0,0,691,859,68,893,35,452,45,35
"542","2020-03-29",357,7,164,1332,7824,0.19478527607362,0,0,691,859,65,958,48,500,27,48
"543","2020-03-30",352,7,151,1347,7824,0.19478527607362,0,0,691,859,52,1010,23,523,35,23
"544","2020-03-31",349,7,153,1350,7824,0.19478527607362,0,0,691,859,55,1065,19,542,32,19
"545","2020-04-01",376,7,172,1371,7824,0.19478527607362,0,0,691,859,53,1118,13,555,28,13
"546","2020-04-02",389,7,178,1368,7824,0.19478527607362,0,0,691,859,50,1168,21,576,26,21
"547","2020-04-03",386,7,211,1377,7824,0.19478527607362,0,0,691,859,74,1242,35,611,45,35
"548","2020-04-04",378,7,229,1363,7824,0.19478527607362,0,0,691,859,61,1303,20,631,37,20
"549","2020-04-05",373,7,214,1355,7824,0.19478527607362,0,0,691,859,52,1355,23,654,28,23
"550","2020-04-06",383,7,220,1366,7824,0.19478527607362,0,0,691,859,51,1406,48,702,33,48
"551","2020-04-07",394,7,255,1366,7824,0.19478527607362,0,0,691,859,51,1457,25,727,34,25
"552","2020-04-08",375,7,264,1362,7824,0.19478527607362,0,0,691,859,74,1531,16,743,37,16
"553","2020-04-09",380,7,258,1343,7824,0.19478527607362,0,0,691,859,57,1588,6,749,26,6
"554","2020-04-10",368,7,230,1328,7824,0.19478527607362,0,0,691,859,64,1652,8,757,28,8
"555","2020-04-11",365,7,213,1286,7824,0.19478527607362,0,0,691,859,64,1716,3,760,24,3
"556","2020-04-12",369,7,198,1276,7824,0.19478527607362,0,0,691,859,72,1788,11,771,37,11
"557","2020-04-13",364,7,213,1278,7824,0.19478527607362,0,0,691,859,64,1852,10,781,41,10
"558","2020-04-14",349,7,227,1242,7824,0.19478527607362,0,0,691,859,51,1903,2,783,29,2
"559","2020-04-15",339,7,220,1210,7824,0.19478527607362,0,0,691,859,57,1960,3,786,26,3
"560","2020-04-16",313,7,210,1207,7824,0.19478527607362,0,0,691,859,72,2032,9,795,37,9
"561","2020-04-17",320,7,232,1197,7824,0.19478527607362,0,0,691,859,51,2083,28,823,29,28
"562","2020-04-18",313,7,234,1169,7824,0.19478527607362,0,0,691,859,73,2156,22,845,41,22
"563","2020-04-19",302,7,245,1140,7824,0.19478527607362,0,0,691,859,73,2229,8,853,37,8
"564","2020-04-20",300,7,270,1119,7824,0.19478527607362,0,0,691,859,70,2299,9,862,40,9
"565","2020-04-21",306,7,302,1100,7824,0.19478527607362,0,0,691,859,69,2368,29,891,37,29
"566","2020-04-22",296,7,304,1089,7824,0.19478527607362,0,0,691,859,65,2433,47,938,32,47
"567","2020-04-23",306,7,285,1094,7824,0.19478527607362,0,0,691,859,75,2508,34,972,37,34
"568","2020-04-24",298,7,262,1081,7824,0.19478527607362,0,0,691,859,60,2568,25,997,26,25
"569","2020-04-25",299,7,231,1076,7824,0.19478527607362,0,0,691,859,74,2642,8,1005,38,8
"570","2020-04-26",293,7,205,1061,7824,0.19478527607362,0,0,691,859,75,2717,3,1008,47,3
"571","2020-04-27",281,7,190,1028,7824,0.19478527607362,0,0,691,859,64,2781,8,1016,27,8
"572","2020-04-28",267,7,186,1009,7824,0.19478527607362,0,0,691,859,50,2831,3,1019,23,3
"573","2020-04-29",287,7,188,985,7824,0.19478527607362,0,0,691,859,59,2890,8,1027,29,8
"574","2020-04-30",273,7,179,959,7824,0.19478527607362,0,0,691,859,67,2957,7,1034,40,7
"575","2020-05-01",274,7,186,949,7824,0.19478527607362,0,0,691,859,50,3007,4,1038,31,4
"576","2020-05-02",272,7,204,913,7824,0.19478527607362,0,0,691,859,54,3061,47,1085,30,47
"577","2020-05-03",265,7,212,891,7824,0.19478527607362,0,0,691,859,55,3116,65,1150,23,65
"578","2020-05-04",254,7,207,845,7824,0.19478527607362,0,0,691,859,58,3174,45,1195,30,45
"579","2020-05-05",247,7,178,826,7824,0.19478527607362,0,0,691,859,40,3214,24,1219,23,24
"580","2020-05-06",219,7,175,805,7824,0.19478527607362,0,0,691,859,44,3258,19,1238,21,19
"581","2020-05-07",216,7,174,764,7824,0.19478527607362,0,0,691,859,45,3303,19,1257,20,19
"582","2020-05-08",217,7,223,748,7824,0.19478527607362,0,0,691,859,34,3337,14,1271,18,14
"583","2020-05-09",214,7,219,746,7824,0.19478527607362,0,0,691,859,47,3384,2,1273,22,2
"584","2020-05-10",201,7,224,730,7824,0.19478527607362,0,0,691,859,39,3423,9,1282,18,9
"585","2020-05-11",194,7,223,705,7824,0.19478527607362,0,0,691,859,36,3459,11,1293,15,11
"586","2020-05-12",191,7,218,701,7824,0.19478527607362,0,0,691,859,39,3498,21,1314,23,21
"587","2020-05-13",197,7,234,672,7824,0.19478527607362,0,0,691,859,38,3536,14,1328,17,14
"588","2020-05-14",188,7,236,650,7824,0.19478527607362,0,0,691,859,40,3576,11,1339,21,11
"589","2020-05-15",182,7,222,639,7824,0.19478527607362,0,0,691,859,41,3617,10,1349,17,10
"590","2020-05-16",159,7,210,615,7824,0.19478527607362,0,0,691,859,44,3661,61,1410,23,61
"591","2020-05-17",158,7,227,584,7824,0.19478527607362,0,0,691,859,35,3696,61,1471,24,61
"592","2020-05-18",163,7,257,571,7824,0.19478527607362,0,0,691,859,30,3726,31,1502,18,31
"593","2020-05-19",173,7,286,536,7824,0.19478527607362,0,0,691,859,26,3752,22,1524,11,22
"594","2020-05-20",164,7,269,512,7824,0.19478527607362,0,0,691,859,30,3782,20,1544,10,20
"595","2020-05-21",161,7,248,480,7824,0.19478527607362,0,0,691,859,29,3811,17,1561,13,17
"596","2020-05-22",142,7,257,456,7824,0.19478527607362,0,0,691,859,27,3838,4,1565,16,4
"597","2020-05-23",142,7,247,437,7824,0.19478527607362,0,0,691,859,25,3863,38,1603,10,38
"598","2020-05-24",142,7,217,415,7824,0.19478527607362,0,0,691,859,31,3894,26,1629,12,26
"599","2020-05-25",133,7,208,397,7824,0.19478527607362,0,0,691,859,22,3916,26,1655,11,26
"600","2020-05-26",117,7,186,377,7824,0.19478527607362,0,0,691,859,40,3956,17,1672,24,17
"601","2020-05-27",105,7,190,357,7824,0.19478527607362,0,0,691,859,24,3980,7,1679,17,7
"602","2020-05-28",104,7,208,343,7824,0.19478527607362,0,0,691,859,25,4005,9,1688,15,9
"603","2020-05-29",105,7,194,328,7824,0.19478527607362,0,0,691,859,31,4036,15,1703,16,15
"604","2020-05-30",101,7,180,316,7824,0.19478527607362,0,0,691,859,17,4053,6,1709,11,6
"605","2020-05-31",95,7,192,304,7824,0.19478527607362,0,0,691,859,18,4071,3,1712,10,3
"606","2020-06-01",94,7,216,291,7824,0.19478527607362,0,0,691,859,17,4088,6,1718,6,6
"607","2020-06-02",94,7,227,268,7824,0.19478527607362,0,0,691,859,29,4117,64,1782,9,64
"608","2020-06-03",94,7,229,254,7824,0.19478527607362,0,0,691,859,17,4134,90,1872,12,90
"609","2020-06-04",79,7,236,231,7824,0.19478527607362,0,0,691,859,17,4151,63,1935,9,63
"610","2020-06-05",75,7,222,223,7824,0.19478527607362,0,0,691,859,20,4171,30,1965,12,30
"611","2020-06-06",73,7,207,212,7824,0.19478527607362,0,0,691,859,16,4187,24,1989,7,24
"612","2020-06-07",66,7,188,194,7824,0.19478527607362,0,0,691,859,17,4204,27,2016,11,27
"613","2020-03-12",1,8,111,122,6653,0.301217495866526,0,0,531,1432,57,107,11,32,2,11
"614","2020-03-13",5,8,140,190,6653,0.301217495866526,0,0,531,1432,62,169,32,64,6,32
"615","2020-03-14",14,8,150,272,6653,0.301217495866526,0,0,531,1432,58,227,9,73,11,9
"616","2020-03-15",24,8,168,363,6653,0.301217495866526,0,0,531,1432,59,286,33,106,14,33
"617","2020-03-16",37,8,215,467,6653,0.301217495866526,0,0,531,1432,68,354,11,117,13,11
"618","2020-03-17",55,8,231,546,6653,0.301217495866526,0,0,531,1432,61,415,43,160,20,43
"619","2020-03-18",77,8,235,627,6653,0.301217495866526,0,0,531,1432,67,482,37,197,17,37
"620","2020-03-19",102,8,268,703,6653,0.301217495866526,0,0,531,1432,61,543,40,237,13,40
"621","2020-03-20",129,8,266,781,6653,0.301217495866526,0,0,531,1432,73,616,44,281,24,44
"622","2020-03-21",150,8,266,838,6653,0.301217495866526,0,0,531,1432,66,682,62,343,17,62
"623","2020-03-22",171,8,274,899,6653,0.301217495866526,0,0,531,1432,66,748,20,363,13,20
"624","2020-03-23",204,8,290,974,6653,0.301217495866526,0,0,531,1432,58,806,14,377,12,14
"625","2020-03-24",221,8,325,1028,6653,0.301217495866526,0,0,531,1432,61,867,45,422,15,45
"626","2020-03-25",247,8,350,1059,6653,0.301217495866526,0,0,531,1432,54,921,35,457,15,35
"627","2020-03-26",264,8,344,1096,6653,0.301217495866526,0,0,531,1432,76,997,40,497,30,40
"628","2020-03-27",266,8,330,1135,6653,0.301217495866526,0,0,531,1432,68,1065,51,548,17,51
"629","2020-03-28",283,8,314,1149,6653,0.301217495866526,0,0,531,1432,76,1141,27,575,20,27
"630","2020-03-29",295,8,292,1156,6653,0.301217495866526,0,0,531,1432,84,1225,22,597,21,22
"631","2020-03-30",291,8,283,1186,6653,0.301217495866526,0,0,531,1432,78,1303,42,639,16,42
"632","2020-03-31",310,8,285,1214,6653,0.301217495866526,0,0,531,1432,70,1373,15,654,17,15
"633","2020-04-01",307,8,283,1239,6653,0.301217495866526,0,0,531,1432,66,1439,18,672,11,18
"634","2020-04-02",302,8,296,1232,6653,0.301217495866526,0,0,531,1432,77,1516,15,687,19,15
"635","2020-04-03",338,8,288,1238,6653,0.301217495866526,0,0,531,1432,79,1595,51,738,23,51
"636","2020-04-04",335,8,298,1242,6653,0.301217495866526,0,0,531,1432,64,1659,44,782,23,44
"637","2020-04-05",338,8,297,1223,6653,0.301217495866526,0,0,531,1432,63,1722,34,816,16,34
"638","2020-04-06",354,8,273,1173,6653,0.301217495866526,0,0,531,1432,60,1782,48,864,19,48
"639","2020-04-07",335,8,242,1158,6653,0.301217495866526,0,0,531,1432,76,1858,35,899,24,35
"640","2020-04-08",333,8,249,1145,6653,0.301217495866526,0,0,531,1432,61,1919,36,935,9,36
"641","2020-04-09",334,8,274,1114,6653,0.301217495866526,0,0,531,1432,68,1987,28,963,12,28
"642","2020-04-10",302,8,275,1085,6653,0.301217495866526,0,0,531,1432,53,2040,35,998,8,35
"643","2020-04-11",293,8,277,1082,6653,0.301217495866526,0,0,531,1432,51,2091,20,1018,11,20
"644","2020-04-12",292,8,273,1090,6653,0.301217495866526,0,0,531,1432,77,2168,50,1068,13,50
"645","2020-04-13",267,8,292,1086,6653,0.301217495866526,0,0,531,1432,90,2258,32,1100,14,32
"646","2020-04-14",283,8,288,1045,6653,0.301217495866526,0,0,531,1432,57,2315,15,1115,13,15
"647","2020-04-15",276,8,293,1035,6653,0.301217495866526,0,0,531,1432,72,2387,15,1130,14,15
"648","2020-04-16",278,8,326,1032,6653,0.301217495866526,0,0,531,1432,62,2449,18,1148,11,18
"649","2020-04-17",283,8,339,1000,6653,0.301217495866526,0,0,531,1432,64,2513,10,1158,11,10
"650","2020-04-18",280,8,358,989,6653,0.301217495866526,0,0,531,1432,65,2578,19,1177,12,19
"651","2020-04-19",279,8,345,1003,6653,0.301217495866526,0,0,531,1432,76,2654,44,1221,14,44
"652","2020-04-20",292,8,337,986,6653,0.301217495866526,0,0,531,1432,96,2750,26,1247,17,26
"653","2020-04-21",273,8,305,975,6653,0.301217495866526,0,0,531,1432,71,2821,13,1260,17,13
"654","2020-04-22",275,8,291,966,6653,0.301217495866526,0,0,531,1432,68,2889,22,1282,12,22
"655","2020-04-23",275,8,292,972,6653,0.301217495866526,0,0,531,1432,63,2952,12,1294,19,12
"656","2020-04-24",267,8,264,971,6653,0.301217495866526,0,0,531,1432,60,3012,9,1303,11,9
"657","2020-04-25",280,8,283,941,6653,0.301217495866526,0,0,531,1432,64,3076,12,1315,18,12
"658","2020-04-26",270,8,269,907,6653,0.301217495866526,0,0,531,1432,65,3141,25,1340,10,25
"659","2020-04-27",273,8,273,913,6653,0.301217495866526,0,0,531,1432,64,3205,60,1400,13,60
"660","2020-04-28",274,8,262,906,6653,0.301217495866526,0,0,531,1432,75,3280,36,1436,18,36
"661","2020-04-29",270,8,275,908,6653,0.301217495866526,0,0,531,1432,67,3347,16,1452,12,16
"662","2020-04-30",266,8,275,881,6653,0.301217495866526,0,0,531,1432,49,3396,15,1467,11,15
"663","2020-05-01",260,8,293,872,6653,0.301217495866526,0,0,531,1432,45,3441,12,1479,10,12
"664","2020-05-02",248,8,287,843,6653,0.301217495866526,0,0,531,1432,56,3497,18,1497,6,18
"665","2020-05-03",244,8,289,821,6653,0.301217495866526,0,0,531,1432,57,3554,27,1524,8,27
"666","2020-05-04",220,8,293,793,6653,0.301217495866526,0,0,531,1432,51,3605,22,1546,10,22
"667","2020-05-05",221,8,291,791,6653,0.301217495866526,0,0,531,1432,54,3659,53,1599,10,53
"668","2020-05-06",209,8,268,738,6653,0.301217495866526,0,0,531,1432,59,3718,42,1641,9,42
"669","2020-05-07",200,8,280,727,6653,0.301217495866526,0,0,531,1432,45,3763,18,1659,7,18
"670","2020-05-08",198,8,285,716,6653,0.301217495866526,0,0,531,1432,57,3820,20,1679,12,20
"671","2020-05-09",200,8,286,704,6653,0.301217495866526,0,0,531,1432,41,3861,14,1693,11,14
"672","2020-05-10",200,8,282,664,6653,0.301217495866526,0,0,531,1432,46,3907,24,1717,11,24
"673","2020-05-11",196,8,290,634,6653,0.301217495866526,0,0,531,1432,66,3973,37,1754,11,37
"674","2020-05-12",183,8,291,617,6653,0.301217495866526,0,0,531,1432,39,4012,27,1781,7,27
"675","2020-05-13",190,8,283,602,6653,0.301217495866526,0,0,531,1432,51,4063,65,1846,6,65
"676","2020-05-14",180,8,279,586,6653,0.301217495866526,0,0,531,1432,37,4100,53,1899,10,53
"677","2020-05-15",180,8,309,558,6653,0.301217495866526,0,0,531,1432,31,4131,35,1934,8,35
"678","2020-05-16",160,8,292,544,6653,0.301217495866526,0,0,531,1432,38,4169,21,1955,6,21
"679","2020-05-17",150,8,288,523,6653,0.301217495866526,0,0,531,1432,40,4209,27,1982,4,27
"680","2020-05-18",152,8,282,497,6653,0.301217495866526,0,0,531,1432,30,4239,27,2009,2,27
"681","2020-05-19",147,8,319,476,6653,0.301217495866526,0,0,531,1432,39,4278,46,2055,5,46
"682","2020-05-20",141,8,332,467,6653,0.301217495866526,0,0,531,1432,33,4311,46,2101,6,46
"683","2020-05-21",145,8,344,448,6653,0.301217495866526,0,0,531,1432,26,4337,32,2133,6,32
"684","2020-05-22",135,8,325,427,6653,0.301217495866526,0,0,531,1432,29,4366,25,2158,5,25
"685","2020-05-23",139,8,330,410,6653,0.301217495866526,0,0,531,1432,32,4398,48,2206,7,48
"686","2020-05-24",138,8,348,399,6653,0.301217495866526,0,0,531,1432,34,4432,29,2235,3,29
"687","2020-05-25",133,8,361,379,6653,0.301217495866526,0,0,531,1432,28,4460,33,2268,2,33
"688","2020-05-26",128,8,338,346,6653,0.301217495866526,0,0,531,1432,20,4480,29,2297,1,29
"689","2020-05-27",113,8,325,319,6653,0.301217495866526,0,0,531,1432,24,4504,25,2322,5,25
"690","2020-05-28",101,8,313,307,6653,0.301217495866526,0,0,531,1432,22,4526,29,2351,4,29
"691","2020-05-29",94,8,281,287,6653,0.301217495866526,0,0,531,1432,21,4547,30,2381,3,30
"692","2020-05-30",81,8,285,280,6653,0.301217495866526,0,0,531,1432,26,4573,33,2414,2,33
"693","2020-05-31",69,8,282,271,6653,0.301217495866526,0,0,531,1432,23,4596,32,2446,3,32
"694","2020-06-01",60,8,275,261,6653,0.301217495866526,0,0,531,1432,29,4625,38,2484,6,38
"695","2020-06-02",63,8,306,249,6653,0.301217495866526,0,0,531,1432,24,4649,30,2514,2,30
"696","2020-06-03",62,8,342,254,6653,0.301217495866526,0,0,531,1432,26,4675,19,2533,6,19
"697","2020-06-04",61,8,343,251,6653,0.301217495866526,0,0,531,1432,24,4699,14,2547,3,14
"698","2020-06-05",68,8,321,236,6653,0.301217495866526,0,0,531,1432,19,4718,15,2562,7,15
"699","2020-06-06",73,8,305,226,6653,0.301217495866526,0,0,531,1432,19,4737,15,2577,5,15
"700","2020-06-07",73,8,301,214,6653,0.301217495866526,0,0,531,1432,25,4762,15,2592,2,15
"701","2020-03-14",3,9,155,99,7814,0.938827745072946,0,0,784,1186,23,86,55,218,16,55
"702","2020-03-15",6,9,159,148,7814,0.938827745072946,0,0,784,1186,41,127,55,273,30,55
"703","2020-03-16",11,9,179,211,7814,0.938827745072946,0,0,784,1186,36,163,26,299,27,26
"704","2020-03-17",15,9,230,287,7814,0.938827745072946,0,0,784,1186,49,212,63,362,36,63
"705","2020-03-18",29,9,233,376,7814,0.938827745072946,0,0,784,1186,55,267,67,429,35,67
"706","2020-03-19",42,9,204,484,7814,0.938827745072946,0,0,784,1186,45,312,43,472,37,43
"707","2020-03-20",64,9,230,593,7814,0.938827745072946,0,0,784,1186,40,352,25,497,29,25
"708","2020-03-21",88,9,211,745,7814,0.938827745072946,0,0,784,1186,58,410,16,513,47,16
"709","2020-03-22",114,9,211,915,7814,0.938827745072946,0,0,784,1186,71,481,29,542,59,29
"710","2020-03-23",137,9,196,1083,7814,0.938827745072946,0,0,784,1186,73,554,24,566,62,24
"711","2020-03-24",181,9,231,1261,7814,0.938827745072946,0,0,784,1186,85,639,46,612,74,46
"712","2020-03-25",224,9,238,1493,7814,0.938827745072946,0,0,784,1186,71,710,30,642,61,30
"713","2020-03-26",260,9,222,1698,7814,0.938827745072946,0,0,784,1186,83,793,46,688,73,46
"714","2020-03-27",302,9,212,1954,7814,0.938827745072946,0,0,784,1186,95,888,25,713,84,25
"715","2020-03-28",373,9,230,2231,7814,0.938827745072946,0,0,784,1186,76,964,19,732,67,19
"716","2020-03-29",417,9,267,2528,7814,0.938827745072946,0,0,784,1186,97,1061,50,782,88,50
"717","2020-03-30",492,9,274,2870,7814,0.938827745072946,0,0,784,1186,94,1155,22,804,86,22
"718","2020-03-31",558,9,245,3246,7814,0.938827745072946,0,0,784,1186,108,1263,24,828,89,24
"719","2020-04-01",627,9,207,3509,7814,0.938827745072946,0,0,784,1186,96,1359,24,852,85,24
"720","2020-04-02",711,9,179,3660,7814,0.938827745072946,0,0,784,1186,91,1450,24,876,86,24
"721","2020-04-03",798,9,209,3814,7814,0.938827745072946,0,0,784,1186,106,1556,27,903,97,27
"722","2020-04-04",849,9,237,3852,7814,0.938827745072946,0,0,784,1186,136,1692,30,933,123,30
"723","2020-04-05",942,9,254,3908,7814,0.938827745072946,0,0,784,1186,78,1770,26,959,66,26
"724","2020-04-06",1002,9,288,3902,7814,0.938827745072946,0,0,784,1186,113,1883,45,1004,98,45
"725","2020-04-07",1044,9,271,3749,7814,0.938827745072946,0,0,784,1186,94,1977,23,1027,76,23
"726","2020-04-08",1058,9,282,3558,7814,0.938827745072946,0,0,784,1186,119,2096,16,1043,100,16
"727","2020-04-09",1067,9,265,3350,7814,0.938827745072946,0,0,784,1186,96,2192,16,1059,90,16
"728","2020-04-10",1069,9,247,3122,7814,0.938827745072946,0,0,784,1186,118,2310,52,1111,100,52
"729","2020-04-11",1060,9,208,2897,7814,0.938827745072946,0,0,784,1186,117,2427,45,1156,98,45
"730","2020-04-12",1008,9,196,2585,7814,0.938827745072946,0,0,784,1186,91,2518,28,1184,85,28
"731","2020-04-13",959,9,187,2304,7814,0.938827745072946,0,0,784,1186,97,2615,18,1202,82,18
"732","2020-04-14",887,9,234,2005,7814,0.938827745072946,0,0,784,1186,80,2695,31,1233,74,31
"733","2020-04-15",829,9,232,1773,7814,0.938827745072946,0,0,784,1186,89,2784,64,1297,83,64
"734","2020-04-16",772,9,262,1556,7814,0.938827745072946,0,0,784,1186,99,2883,40,1337,83,40
"735","2020-04-17",676,9,283,1368,7814,0.938827745072946,0,0,784,1186,84,2967,21,1358,74,21
"736","2020-04-18",592,9,278,1165,7814,0.938827745072946,0,0,784,1186,85,3052,13,1371,71,13
"737","2020-04-19",516,9,289,980,7814,0.938827745072946,0,0,784,1186,97,3149,14,1385,86,14
"738","2020-04-20",438,9,259,834,7814,0.938827745072946,0,0,784,1186,77,3226,8,1393,69,8
"739","2020-04-21",391,9,251,686,7814,0.938827745072946,0,0,784,1186,77,3303,16,1409,66,16
"740","2020-04-22",335,9,271,585,7814,0.938827745072946,0,0,784,1186,93,3396,7,1416,73,7
"741","2020-04-23",280,9,261,481,7814,0.938827745072946,0,0,784,1186,79,3475,14,1430,68,14
"742","2020-04-24",241,9,293,401,7814,0.938827745072946,0,0,784,1186,60,3535,19,1449,52,19
"743","2020-04-25",196,9,285,346,7814,0.938827745072946,0,0,784,1186,77,3612,19,1468,68,19
"744","2020-04-26",170,9,281,281,7814,0.938827745072946,0,0,784,1186,70,3682,41,1509,58,41
"745","2020-04-27",144,9,267,239,7814,0.938827745072946,0,0,784,1186,68,3750,66,1575,59,66
"746","2020-04-28",114,9,244,213,7814,0.938827745072946,0,0,784,1186,52,3802,48,1623,46,48
"747","2020-04-29",98,9,254,189,7814,0.938827745072946,0,0,784,1186,52,3854,23,1646,41,23
"748","2020-04-30",74,9,269,160,7814,0.938827745072946,0,0,784,1186,68,3922,21,1667,54,21
"749","2020-05-01",63,9,255,135,7814,0.938827745072946,0,0,784,1186,53,3975,20,1687,46,20
"750","2020-05-02",59,9,244,120,7814,0.938827745072946,0,0,784,1186,57,4032,24,1711,45,24
"751","2020-05-03",52,9,209,103,7814,0.938827745072946,0,0,784,1186,54,4086,35,1746,47,35
"752","2020-05-04",45,9,196,91,7814,0.938827745072946,0,0,784,1186,42,4128,74,1820,35,74
"753","2020-05-05",40,9,218,80,7814,0.938827745072946,0,0,784,1186,41,4169,30,1850,37,30
"754","2020-05-06",34,9,226,73,7814,0.938827745072946,0,0,784,1186,40,4209,26,1876,32,26
"755","2020-05-07",33,9,213,66,7814,0.938827745072946,0,0,784,1186,38,4247,37,1913,32,37
"756","2020-05-08",29,9,210,64,7814,0.938827745072946,0,0,784,1186,30,4277,34,1947,26,34
"757","2020-05-09",26,9,221,61,7814,0.938827745072946,0,0,784,1186,43,4320,33,1980,31,33
"758","2020-05-10",24,9,208,58,7814,0.938827745072946,0,0,784,1186,50,4370,23,2003,46,23
"759","2020-05-11",26,9,210,54,7814,0.938827745072946,0,0,784,1186,39,4409,16,2019,30,16
"760","2020-05-12",25,9,183,53,7814,0.938827745072946,0,0,784,1186,27,4436,15,2034,24,15
"761","2020-05-13",22,9,177,53,7814,0.938827745072946,0,0,784,1186,40,4476,63,2097,34,63
"762","2020-05-14",21,9,170,49,7814,0.938827745072946,0,0,784,1186,14,4490,43,2140,8,43
"763","2020-05-15",19,9,207,46,7814,0.938827745072946,0,0,784,1186,30,4520,50,2190,24,50
"764","2020-05-16",15,9,241,45,7814,0.938827745072946,0,0,784,1186,22,4542,29,2219,17,29
"765","2020-05-17",15,9,238,47,7814,0.938827745072946,0,0,784,1186,30,4572,18,2237,23,18
"766","2020-05-18",11,9,209,46,7814,0.938827745072946,0,0,784,1186,28,4600,26,2263,26,26
"767","2020-05-19",14,9,184,43,7814,0.938827745072946,0,0,784,1186,24,4624,51,2314,16,51
"768","2020-05-20",15,9,198,46,7814,0.938827745072946,0,0,784,1186,29,4653,45,2359,24,45
"769","2020-05-21",12,9,222,48,7814,0.938827745072946,0,0,784,1186,17,4670,27,2386,12,27
"770","2020-05-22",11,9,242,50,7814,0.938827745072946,0,0,784,1186,20,4690,15,2401,15,15
"771","2020-05-23",14,9,236,50,7814,0.938827745072946,0,0,784,1186,20,4710,15,2416,18,15
"772","2020-05-24",13,9,265,47,7814,0.938827745072946,0,0,784,1186,20,4730,6,2422,13,6
"773","2020-05-25",12,9,269,43,7814,0.938827745072946,0,0,784,1186,14,4744,7,2429,12,7
"774","2020-05-26",8,9,249,41,7814,0.938827745072946,0,0,784,1186,11,4755,5,2434,11,5
"775","2020-05-27",7,9,261,38,7814,0.938827745072946,0,0,784,1186,12,4767,19,2453,9,19
"776","2020-05-28",6,9,269,37,7814,0.938827745072946,0,0,784,1186,19,4786,47,2500,12,47
"777","2020-05-29",8,9,242,34,7814,0.938827745072946,0,0,784,1186,11,4797,64,2564,9,64
"778","2020-05-30",7,9,217,33,7814,0.938827745072946,0,0,784,1186,16,4813,62,2626,13,62
"779","2020-05-31",7,9,227,30,7814,0.938827745072946,0,0,784,1186,26,4839,45,2671,19,45
"780","2020-06-01",9,9,254,29,7814,0.938827745072946,0,0,784,1186,5,4844,58,2729,3,58
"781","2020-06-02",11,9,275,32,7814,0.938827745072946,0,0,784,1186,17,4861,59,2788,14,59
"782","2020-06-03",11,9,246,30,7814,0.938827745072946,0,0,784,1186,12,4873,29,2817,11,29
"783","2020-06-04",11,9,229,24,7814,0.938827745072946,0,0,784,1186,12,4885,29,2846,10,29
"784","2020-06-05",10,9,197,22,7814,0.938827745072946,0,0,784,1186,20,4905,51,2897,15,51
"785","2020-06-06",10,9,197,23,7814,0.938827745072946,0,0,784,1186,13,4918,21,2918,9,21
"786","2020-06-07",10,9,180,23,7814,0.938827745072946,0,0,784,1186,9,4927,25,2943,8,25
"787","2020-03-13",1,10,127,60,2639,0.430087154225085,0,0,223,1415,42,120,2,31,2,2
"788","2020-03-14",4,10,158,74,2639,0.430087154225085,0,0,223,1415,59,179,10,41,11,10
"789","2020-03-15",9,10,160,93,2639,0.430087154225085,0,0,223,1415,53,232,18,59,20,18
"790","2020-03-16",9,10,152,112,2639,0.430087154225085,0,0,223,1415,51,283,7,66,21,7
"791","2020-03-17",11,10,175,133,2639,0.430087154225085,0,0,223,1415,76,359,14,80,24,14
"792","2020-03-18",15,10,179,163,2639,0.430087154225085,0,0,223,1415,72,431,25,105,42,25
"793","2020-03-19",23,10,178,178,2639,0.430087154225085,0,0,223,1415,80,511,34,139,42,34
"794","2020-03-20",28,10,174,197,2639,0.430087154225085,0,0,223,1415,101,612,13,152,58,13
"795","2020-03-21",33,10,155,218,2639,0.430087154225085,0,0,223,1415,97,709,5,157,53,5
"796","2020-03-22",34,10,126,241,2639,0.430087154225085,0,0,223,1415,96,805,10,167,57,10
"797","2020-03-23",43,10,127,255,2639,0.430087154225085,0,0,223,1415,93,898,36,203,61,36
"798","2020-03-24",55,10,142,266,2639,0.430087154225085,0,0,223,1415,98,996,52,255,57,52
"799","2020-03-25",59,10,149,289,2639,0.430087154225085,0,0,223,1415,106,1102,32,287,67,32
"800","2020-03-26",61,10,150,301,2639,0.430087154225085,0,0,223,1415,98,1200,30,317,67,30
"801","2020-03-27",64,10,175,312,2639,0.430087154225085,0,0,223,1415,126,1326,16,333,84,16
"802","2020-03-28",67,10,161,326,2639,0.430087154225085,0,0,223,1415,108,1434,20,353,68,20
"803","2020-03-29",73,10,200,343,2639,0.430087154225085,0,0,223,1415,109,1543,10,363,79,10
"804","2020-03-30",76,10,216,350,2639,0.430087154225085,0,0,223,1415,101,1644,10,373,67,10
"805","2020-03-31",79,10,190,368,2639,0.430087154225085,0,0,223,1415,103,1747,28,401,58,28
"806","2020-04-01",81,10,182,380,2639,0.430087154225085,0,0,223,1415,89,1836,44,445,56,44
"807","2020-04-02",92,10,170,371,2639,0.430087154225085,0,0,223,1415,110,1946,27,472,60,27
"808","2020-04-03",101,10,155,386,2639,0.430087154225085,0,0,223,1415,125,2071,56,528,87,56
"809","2020-04-04",119,10,145,390,2639,0.430087154225085,0,0,223,1415,99,2170,39,567,65,39
"810","2020-04-05",120,10,153,396,2639,0.430087154225085,0,0,223,1415,110,2280,20,587,71,20
"811","2020-04-06",124,10,180,416,2639,0.430087154225085,0,0,223,1415,119,2399,22,609,76,22
"812","2020-04-07",123,10,192,420,2639,0.430087154225085,0,0,223,1415,107,2506,17,626,61,17
"813","2020-04-08",130,10,180,430,2639,0.430087154225085,0,0,223,1415,111,2617,26,652,76,26
"814","2020-04-09",127,10,205,418,2639,0.430087154225085,0,0,223,1415,121,2738,66,718,75,66
"815","2020-04-10",125,10,185,409,2639,0.430087154225085,0,0,223,1415,101,2839,62,780,53,62
"816","2020-04-11",117,10,170,406,2639,0.430087154225085,0,0,223,1415,99,2938,34,814,72,34
"817","2020-04-12",122,10,171,406,2639,0.430087154225085,0,0,223,1415,89,3027,25,839,50,25
"818","2020-04-13",128,10,213,405,2639,0.430087154225085,0,0,223,1415,104,3131,23,862,57,23
"819","2020-04-14",131,10,255,393,2639,0.430087154225085,0,0,223,1415,113,3244,48,910,68,48
"820","2020-04-15",127,10,235,386,2639,0.430087154225085,0,0,223,1415,89,3333,33,943,51,33
"821","2020-04-16",120,10,242,379,2639,0.430087154225085,0,0,223,1415,114,3447,45,988,73,45
"822","2020-04-17",127,10,204,377,2639,0.430087154225085,0,0,223,1415,99,3546,29,1017,67,29
"823","2020-04-18",124,10,193,377,2639,0.430087154225085,0,0,223,1415,83,3629,43,1060,40,43
"824","2020-04-19",125,10,188,355,2639,0.430087154225085,0,0,223,1415,83,3712,26,1086,47,26
"825","2020-04-20",120,10,174,344,2639,0.430087154225085,0,0,223,1415,85,3797,29,1115,53,29
"826","2020-04-21",116,10,177,331,2639,0.430087154225085,0,0,223,1415,80,3877,58,1173,41,58
"827","2020-04-22",113,10,222,327,2639,0.430087154225085,0,0,223,1415,91,3968,44,1217,47,44
"828","2020-04-23",114,10,232,345,2639,0.430087154225085,0,0,223,1415,78,4046,21,1238,44,21
"829","2020-04-24",100,10,223,347,2639,0.430087154225085,0,0,223,1415,81,4127,11,1249,39,11
"830","2020-04-25",94,10,210,348,2639,0.430087154225085,0,0,223,1415,89,4216,14,1263,42,14
"831","2020-04-26",84,10,201,345,2639,0.430087154225085,0,0,223,1415,70,4286,20,1283,38,20
"832","2020-04-27",84,10,185,346,2639,0.430087154225085,0,0,223,1415,65,4351,38,1321,36,38
"833","2020-04-28",78,10,189,344,2639,0.430087154225085,0,0,223,1415,67,4418,27,1348,32,27
"834","2020-04-29",78,10,180,357,2639,0.430087154225085,0,0,223,1415,60,4478,35,1383,29,35
"835","2020-04-30",78,10,177,357,2639,0.430087154225085,0,0,223,1415,53,4531,39,1422,24,39
"836","2020-05-01",83,10,199,372,2639,0.430087154225085,0,0,223,1415,53,4584,62,1484,21,62
"837","2020-05-02",81,10,212,379,2639,0.430087154225085,0,0,223,1415,43,4627,32,1516,12,32
"838","2020-05-03",86,10,203,386,2639,0.430087154225085,0,0,223,1415,58,4685,39,1555,26,39
"839","2020-05-04",86,10,174,386,2639,0.430087154225085,0,0,223,1415,42,4727,56,1611,13,56
"840","2020-05-05",93,10,187,384,2639,0.430087154225085,0,0,223,1415,55,4782,41,1652,21,41
"841","2020-05-06",97,10,224,380,2639,0.430087154225085,0,0,223,1415,46,4828,46,1698,21,46
"842","2020-05-07",99,10,244,368,2639,0.430087154225085,0,0,223,1415,49,4877,41,1739,20,41
"843","2020-05-08",100,10,257,360,2639,0.430087154225085,0,0,223,1415,41,4918,51,1790,24,51
"844","2020-05-09",102,10,238,363,2639,0.430087154225085,0,0,223,1415,47,4965,35,1825,18,35
"845","2020-05-10",101,10,221,357,2639,0.430087154225085,0,0,223,1415,36,5001,20,1845,13,20
"846","2020-05-11",98,10,254,350,2639,0.430087154225085,0,0,223,1415,33,5034,18,1863,16,18
"847","2020-05-12",94,10,293,327,2639,0.430087154225085,0,0,223,1415,39,5073,28,1891,19,28
"848","2020-05-13",91,10,314,318,2639,0.430087154225085,0,0,223,1415,30,5103,23,1914,12,23
"849","2020-05-14",90,10,279,309,2639,0.430087154225085,0,0,223,1415,36,5139,48,1962,13,48
"850","2020-05-15",89,10,256,303,2639,0.430087154225085,0,0,223,1415,39,5178,56,2018,15,56
"851","2020-05-16",93,10,199,309,2639,0.430087154225085,0,0,223,1415,40,5218,57,2075,18,57
"852","2020-05-17",96,10,188,316,2639,0.430087154225085,0,0,223,1415,42,5260,20,2095,16,20
"853","2020-05-18",95,10,215,316,2639,0.430087154225085,0,0,223,1415,26,5286,8,2103,10,8
"854","2020-05-19",91,10,223,323,2639,0.430087154225085,0,0,223,1415,22,5308,16,2119,7,16
"855","2020-05-20",90,10,208,323,2639,0.430087154225085,0,0,223,1415,24,5332,65,2184,9,65
"856","2020-05-21",93,10,219,313,2639,0.430087154225085,0,0,223,1415,28,5360,65,2249,16,65
"857","2020-05-22",100,10,273,321,2639,0.430087154225085,0,0,223,1415,32,5392,55,2304,10,55
"858","2020-05-23",93,10,277,307,2639,0.430087154225085,0,0,223,1415,27,5419,61,2365,12,61
"859","2020-05-24",91,10,300,297,2639,0.430087154225085,0,0,223,1415,18,5437,26,2391,6,26
"860","2020-05-25",94,10,288,274,2639,0.430087154225085,0,0,223,1415,15,5452,29,2420,9,29
"861","2020-05-26",100,10,273,267,2639,0.430087154225085,0,0,223,1415,26,5478,28,2448,7,28
"862","2020-05-27",101,10,258,268,2639,0.430087154225085,0,0,223,1415,25,5503,38,2486,11,38
"863","2020-05-28",92,10,247,254,2639,0.430087154225085,0,0,223,1415,29,5532,24,2510,7,24
"864","2020-05-29",85,10,252,248,2639,0.430087154225085,0,0,223,1415,25,5557,28,2538,8,28
"865","2020-05-30",85,10,240,236,2639,0.430087154225085,0,0,223,1415,17,5574,42,2580,10,42
"866","2020-05-31",81,10,220,227,2639,0.430087154225085,0,0,223,1415,20,5594,39,2619,9,39
"867","2020-06-01",77,10,193,219,2639,0.430087154225085,0,0,223,1415,18,5612,49,2668,12,49
"868","2020-06-02",70,10,183,217,2639,0.430087154225085,0,0,223,1415,20,5632,28,2696,6,28
"869","2020-06-03",69,10,169,212,2639,0.430087154225085,0,0,223,1415,14,5646,14,2710,5,14
"870","2020-06-04",65,10,166,206,2639,0.430087154225085,0,0,223,1415,12,5658,15,2725,4,15
"871","2020-06-05",57,10,146,196,2639,0.430087154225085,0,0,223,1415,10,5668,11,2736,3,11
"872","2020-06-06",55,10,139,190,2639,0.430087154225085,0,0,223,1415,14,5682,10,2746,6,10
"873","2020-06-07",53,10,131,188,2639,0.430087154225085,0,0,223,1415,18,5700,5,2751,12,5
"874","2020-03-12",1,11,163,106,5993,0.259969964959119,0,0,564,1247,88,174,37,73,4,37
"875","2020-03-13",4,11,201,165,5993,0.259969964959119,0,0,564,1247,103,277,72,145,16,72
"876","2020-03-14",9,11,210,221,5993,0.259969964959119,0,0,564,1247,89,366,71,216,16,71
"877","2020-03-15",23,11,202,280,5993,0.259969964959119,0,0,564,1247,106,472,49,265,31,49
"878","2020-03-16",36,11,186,344,5993,0.259969964959119,0,0,564,1247,103,575,38,303,33,38
"879","2020-03-17",43,11,171,404,5993,0.259969964959119,0,0,564,1247,115,690,76,379,40,76
"880","2020-03-18",58,11,166,471,5993,0.259969964959119,0,0,564,1247,113,803,56,435,38,56
"881","2020-03-19",79,11,157,553,5993,0.259969964959119,0,0,564,1247,120,923,49,484,41,49
"882","2020-03-20",99,11,178,627,5993,0.259969964959119,0,0,564,1247,126,1049,31,515,55,31
"883","2020-03-21",117,11,175,679,5993,0.259969964959119,0,0,564,1247,109,1158,41,556,46,41
"884","2020-03-22",126,11,153,735,5993,0.259969964959119,0,0,564,1247,109,1267,40,596,44,40
"885","2020-03-23",145,11,142,778,5993,0.259969964959119,0,0,564,1247,126,1393,26,622,62,26
"886","2020-03-24",170,11,133,819,5993,0.259969964959119,0,0,564,1247,134,1527,38,660,51,38
"887","2020-03-25",191,11,151,850,5993,0.259969964959119,0,0,564,1247,129,1656,26,686,49,26
"888","2020-03-26",207,11,201,882,5993,0.259969964959119,0,0,564,1247,122,1778,25,711,69,25
"889","2020-03-27",225,11,198,902,5993,0.259969964959119,0,0,564,1247,131,1909,25,736,58,25
"890","2020-03-28",245,11,194,927,5993,0.259969964959119,0,0,564,1247,123,2032,29,765,62,29
"891","2020-03-29",248,11,239,970,5993,0.259969964959119,0,0,564,1247,133,2165,31,796,63,31
"892","2020-03-30",247,11,217,973,5993,0.259969964959119,0,0,564,1247,132,2297,30,826,60,30
"893","2020-03-31",250,11,200,991,5993,0.259969964959119,0,0,564,1247,102,2399,32,858,47,32
"894","2020-04-01",254,11,187,1010,5993,0.259969964959119,0,0,564,1247,124,2523,36,894,50,36
"895","2020-04-02",246,11,222,1031,5993,0.259969964959119,0,0,564,1247,127,2650,53,947,48,53
"896","2020-04-03",263,11,264,1049,5993,0.259969964959119,0,0,564,1247,110,2760,54,1001,49,54
"897","2020-04-04",258,11,299,1057,5993,0.259969964959119,0,0,564,1247,101,2861,38,1039,32,38
"898","2020-04-05",267,11,260,1076,5993,0.259969964959119,0,0,564,1247,101,2962,57,1096,33,57
"899","2020-04-06",268,11,229,1082,5993,0.259969964959119,0,0,564,1247,115,3077,33,1129,47,33
"900","2020-04-07",275,11,227,1089,5993,0.259969964959119,0,0,564,1247,81,3158,32,1161,30,32
"901","2020-04-08",278,11,231,1105,5993,0.259969964959119,0,0,564,1247,101,3259,40,1201,47,40
"902","2020-04-09",302,11,238,1108,5993,0.259969964959119,0,0,564,1247,99,3358,42,1243,42,42
"903","2020-04-10",284,11,290,1108,5993,0.259969964959119,0,0,564,1247,119,3477,37,1280,43,37
"904","2020-04-11",289,11,306,1105,5993,0.259969964959119,0,0,564,1247,97,3574,37,1317,40,37
"905","2020-04-12",300,11,287,1085,5993,0.259969964959119,0,0,564,1247,123,3697,48,1365,46,48
"906","2020-04-13",299,11,285,1082,5993,0.259969964959119,0,0,564,1247,93,3790,33,1398,32,33
"907","2020-04-14",313,11,311,1085,5993,0.259969964959119,0,0,564,1247,95,3885,46,1444,27,46
"908","2020-04-15",308,11,299,1061,5993,0.259969964959119,0,0,564,1247,108,3993,52,1496,38,52
"909","2020-04-16",296,11,275,1018,5993,0.259969964959119,0,0,564,1247,96,4089,25,1521,30,25
"910","2020-04-17",306,11,280,980,5993,0.259969964959119,0,0,564,1247,96,4185,27,1548,32,27
"911","2020-04-18",310,11,303,965,5993,0.259969964959119,0,0,564,1247,87,4272,30,1578,30,30
"912","2020-04-19",297,11,272,933,5993,0.259969964959119,0,0,564,1247,93,4365,35,1613,38,35
"913","2020-04-20",303,11,258,913,5993,0.259969964959119,0,0,564,1247,94,4459,35,1648,32,35
"914","2020-04-21",272,11,237,870,5993,0.259969964959119,0,0,564,1247,79,4538,40,1688,27,40
"915","2020-04-22",273,11,226,863,5993,0.259969964959119,0,0,564,1247,77,4615,41,1729,21,41
"916","2020-04-23",267,11,192,821,5993,0.259969964959119,0,0,564,1247,87,4702,35,1764,25,35
"917","2020-04-24",247,11,240,796,5993,0.259969964959119,0,0,564,1247,81,4783,40,1804,20,40
"918","2020-04-25",223,11,291,791,5993,0.259969964959119,0,0,564,1247,71,4854,25,1829,22,25
"919","2020-04-26",215,11,271,802,5993,0.259969964959119,0,0,564,1247,66,4920,30,1859,23,30
"920","2020-04-27",211,11,299,794,5993,0.259969964959119,0,0,564,1247,60,4980,34,1893,17,34
"921","2020-04-28",211,11,286,756,5993,0.259969964959119,0,0,564,1247,62,5042,35,1928,17,35
"922","2020-04-29",210,11,270,730,5993,0.259969964959119,0,0,564,1247,67,5109,28,1956,21,28
"923","2020-04-30",192,11,258,720,5993,0.259969964959119,0,0,564,1247,67,5176,42,1998,16,42
"924","2020-05-01",195,11,226,719,5993,0.259969964959119,0,0,564,1247,57,5233,28,2026,13,28
"925","2020-05-02",195,11,219,712,5993,0.259969964959119,0,0,564,1247,68,5301,44,2070,15,44
"926","2020-05-03",194,11,211,676,5993,0.259969964959119,0,0,564,1247,66,5367,52,2122,20,52
"927","2020-05-04",184,11,226,677,5993,0.259969964959119,0,0,564,1247,50,5417,40,2162,11,40
"928","2020-05-05",186,11,217,667,5993,0.259969964959119,0,0,564,1247,48,5465,44,2206,17,44
"929","2020-05-06",182,11,209,659,5993,0.259969964959119,0,0,564,1247,61,5526,27,2233,12,27
"930","2020-05-07",198,11,179,646,5993,0.259969964959119,0,0,564,1247,55,5581,44,2277,10,44
"931","2020-05-08",186,11,168,611,5993,0.259969964959119,0,0,564,1247,47,5628,33,2310,15,33
"932","2020-05-09",179,11,210,588,5993,0.259969964959119,0,0,564,1247,40,5668,40,2350,8,40
"933","2020-05-10",174,11,231,590,5993,0.259969964959119,0,0,564,1247,44,5712,45,2395,6,45
"934","2020-05-11",166,11,235,571,5993,0.259969964959119,0,0,564,1247,48,5760,41,2436,8,41
"935","2020-05-12",163,11,236,584,5993,0.259969964959119,0,0,564,1247,31,5791,44,2480,10,44
"936","2020-05-13",151,11,211,563,5993,0.259969964959119,0,0,564,1247,36,5827,30,2510,6,30
"937","2020-05-14",138,11,199,559,5993,0.259969964959119,0,0,564,1247,42,5869,46,2556,10,46
"938","2020-05-15",143,11,180,534,5993,0.259969964959119,0,0,564,1247,38,5907,40,2596,9,40
"939","2020-05-16",163,11,177,541,5993,0.259969964959119,0,0,564,1247,24,5931,22,2618,7,22
"940","2020-05-17",161,11,190,524,5993,0.259969964959119,0,0,564,1247,39,5970,35,2653,12,35
"941","2020-05-18",164,11,226,510,5993,0.259969964959119,0,0,564,1247,33,6003,40,2693,9,40
"942","2020-05-19",165,11,213,508,5993,0.259969964959119,0,0,564,1247,33,6036,38,2731,4,38
"943","2020-05-20",161,11,208,492,5993,0.259969964959119,0,0,564,1247,35,6071,26,2757,5,26
"944","2020-05-21",166,11,220,468,5993,0.259969964959119,0,0,564,1247,22,6093,41,2798,6,41
"945","2020-05-22",160,11,200,451,5993,0.259969964959119,0,0,564,1247,25,6118,48,2846,6,48
"946","2020-05-23",139,11,193,439,5993,0.259969964959119,0,0,564,1247,22,6140,55,2901,2,55
"947","2020-05-24",138,11,175,415,5993,0.259969964959119,0,0,564,1247,29,6169,43,2944,12,43
"948","2020-05-25",138,11,161,403,5993,0.259969964959119,0,0,564,1247,24,6193,34,2978,8,34
"949","2020-05-26",125,11,141,391,5993,0.259969964959119,0,0,564,1247,26,6219,38,3016,6,38
"950","2020-05-27",117,11,215,372,5993,0.259969964959119,0,0,564,1247,24,6243,27,3043,4,27
"951","2020-05-28",108,11,246,351,5993,0.259969964959119,0,0,564,1247,22,6265,33,3076,8,33
"952","2020-05-29",96,11,228,338,5993,0.259969964959119,0,0,564,1247,26,6291,37,3113,2,37
"953","2020-05-30",104,11,217,327,5993,0.259969964959119,0,0,564,1247,18,6309,38,3151,2,38
"954","2020-05-31",102,11,229,322,5993,0.259969964959119,0,0,564,1247,28,6337,40,3191,3,40
"955","2020-06-01",99,11,211,321,5993,0.259969964959119,0,0,564,1247,20,6357,41,3232,6,41
"956","2020-06-02",100,11,207,307,5993,0.259969964959119,0,0,564,1247,13,6370,41,3273,4,41
"957","2020-06-03",97,11,212,289,5993,0.259969964959119,0,0,564,1247,20,6390,39,3312,5,39
"958","2020-06-04",93,11,221,276,5993,0.259969964959119,0,0,564,1247,13,6403,41,3353,3,41
"959","2020-06-05",100,11,242,264,5993,0.259969964959119,0,0,564,1247,18,6421,44,3397,3,44
"960","2020-06-06",89,11,233,251,5993,0.259969964959119,0,0,564,1247,16,6437,32,3429,4,32
"961","2020-06-07",82,11,251,233,5993,0.259969964959119,0,0,564,1247,14,6451,37,3466,4,37
"962","2020-03-13",3,12,106,202,6642,0.192261367058115,0,0,613,1099,47,125,40,122,9,40
"963","2020-03-14",9,12,114,278,6642,0.192261367058115,0,0,613,1099,40,165,16,138,19,16
"964","2020-03-15",17,12,117,357,6642,0.192261367058115,0,0,613,1099,64,229,19,157,30,19
"965","2020-03-16",37,12,113,430,6642,0.192261367058115,0,0,613,1099,53,282,5,162,22,5
"966","2020-03-17",52,12,130,517,6642,0.192261367058115,0,0,613,1099,71,353,12,174,36,12
"967","2020-03-18",74,12,153,597,6642,0.192261367058115,0,0,613,1099,83,436,7,181,43,7
"968","2020-03-19",103,12,174,663,6642,0.192261367058115,0,0,613,1099,78,514,17,198,42,17
"969","2020-03-20",129,12,177,719,6642,0.192261367058115,0,0,613,1099,83,597,45,243,56,45
"970","2020-03-21",149,12,164,774,6642,0.192261367058115,0,0,613,1099,91,688,16,259,56,16
"971","2020-03-22",172,12,185,831,6642,0.192261367058115,0,0,613,1099,86,774,16,275,61,16
"972","2020-03-23",183,12,199,884,6642,0.192261367058115,0,0,613,1099,94,868,36,311,56,36
"973","2020-03-24",206,12,188,918,6642,0.192261367058115,0,0,613,1099,84,952,21,332,53,21
"974","2020-03-25",213,12,189,935,6642,0.192261367058115,0,0,613,1099,98,1050,20,352,76,20
"975","2020-03-26",219,12,187,955,6642,0.192261367058115,0,0,613,1099,97,1147,53,405,59,53
"976","2020-03-27",225,12,230,955,6642,0.192261367058115,0,0,613,1099,100,1247,59,464,71,59
"977","2020-03-28",234,12,224,965,6642,0.192261367058115,0,0,613,1099,115,1362,69,533,82,69
"978","2020-03-29",245,12,218,977,6642,0.192261367058115,0,0,613,1099,109,1471,36,569,75,36
"979","2020-03-30",264,12,201,996,6642,0.192261367058115,0,0,613,1099,104,1575,48,617,74,48
"980","2020-03-31",264,12,210,1006,6642,0.192261367058115,0,0,613,1099,112,1687,44,661,76,44
"981","2020-04-01",275,12,210,1025,6642,0.192261367058115,0,0,613,1099,97,1784,65,726,69,65
"982","2020-04-02",285,12,224,1022,6642,0.192261367058115,0,0,613,1099,111,1895,38,764,77,38
"983","2020-04-03",286,12,226,1030,6642,0.192261367058115,0,0,613,1099,106,2001,50,814,74,50
"984","2020-04-04",300,12,238,1052,6642,0.192261367058115,0,0,613,1099,120,2121,52,866,85,52
"985","2020-04-05",298,12,242,1054,6642,0.192261367058115,0,0,613,1099,121,2242,31,897,87,31
"986","2020-04-06",280,12,253,1042,6642,0.192261367058115,0,0,613,1099,102,2344,24,921,67,24
"987","2020-04-07",271,12,248,1047,6642,0.192261367058115,0,0,613,1099,138,2482,24,945,102,24
"988","2020-04-08",280,12,274,1050,6642,0.192261367058115,0,0,613,1099,97,2579,66,1011,66,66
"989","2020-04-09",278,12,288,1069,6642,0.192261367058115,0,0,613,1099,107,2686,72,1083,71,72
"990","2020-04-10",288,12,316,1085,6642,0.192261367058115,0,0,613,1099,121,2807,35,1118,93,35
"991","2020-04-11",277,12,318,1083,6642,0.192261367058115,0,0,613,1099,100,2907,17,1135,67,17
"992","2020-04-12",273,12,295,1097,6642,0.192261367058115,0,0,613,1099,107,3014,25,1160,65,25
"993","2020-04-13",293,12,264,1081,6642,0.192261367058115,0,0,613,1099,85,3099,39,1199,57,39
"994","2020-04-14",307,12,266,1079,6642,0.192261367058115,0,0,613,1099,96,3195,65,1264,58,65
"995","2020-04-15",302,12,259,1070,6642,0.192261367058115,0,0,613,1099,96,3291,46,1310,68,46
"996","2020-04-16",302,12,251,1058,6642,0.192261367058115,0,0,613,1099,82,3373,48,1358,49,48
"997","2020-04-17",312,12,240,1068,6642,0.192261367058115,0,0,613,1099,96,3469,58,1416,68,58
"998","2020-04-18",309,12,241,1028,6642,0.192261367058115,0,0,613,1099,85,3554,69,1485,49,69
"999","2020-04-19",313,12,256,1016,6642,0.192261367058115,0,0,613,1099,88,3642,30,1515,55,30
"1000","2020-04-20",294,12,244,1016,6642,0.192261367058115,0,0,613,1099,100,3742,24,1539,61,24
"1001","2020-04-21",280,12,272,1010,6642,0.192261367058115,0,0,613,1099,67,3809,15,1554,45,15
"1002","2020-04-22",276,12,258,1019,6642,0.192261367058115,0,0,613,1099,78,3887,11,1565,47,11
"1003","2020-04-23",272,12,237,999,6642,0.192261367058115,0,0,613,1099,63,3950,13,1578,29,13
"1004","2020-04-24",252,12,231,981,6642,0.192261367058115,0,0,613,1099,69,4019,4,1582,47,4
"1005","2020-04-25",251,12,232,956,6642,0.192261367058115,0,0,613,1099,59,4078,7,1589,37,7
"1006","2020-04-26",249,12,261,951,6642,0.192261367058115,0,0,613,1099,58,4136,10,1599,42,10
"1007","2020-04-27",241,12,249,934,6642,0.192261367058115,0,0,613,1099,76,4212,14,1613,49,14
"1008","2020-04-28",249,12,249,916,6642,0.192261367058115,0,0,613,1099,62,4274,11,1624,37,11
"1009","2020-04-29",248,12,228,881,6642,0.192261367058115,0,0,613,1099,56,4330,25,1649,30,25
"1010","2020-04-30",236,12,223,861,6642,0.192261367058115,0,0,613,1099,69,4399,12,1661,43,12
"1011","2020-05-01",242,12,241,881,6642,0.192261367058115,0,0,613,1099,45,4444,53,1714,18,53
"1012","2020-05-02",254,12,289,884,6642,0.192261367058115,0,0,613,1099,50,4494,55,1769,23,55
"1013","2020-05-03",251,12,287,876,6642,0.192261367058115,0,0,613,1099,59,4553,46,1815,25,46
"1014","2020-05-04",265,12,277,848,6642,0.192261367058115,0,0,613,1099,48,4601,28,1843,23,28
"1015","2020-05-05",267,12,275,823,6642,0.192261367058115,0,0,613,1099,48,4649,85,1928,24,85
"1016","2020-05-06",266,12,272,817,6642,0.192261367058115,0,0,613,1099,44,4693,65,1993,29,65
"1017","2020-05-07",262,12,294,802,6642,0.192261367058115,0,0,613,1099,42,4735,35,2028,20,35
"1018","2020-05-08",241,12,314,778,6642,0.192261367058115,0,0,613,1099,42,4777,25,2053,16,25
"1019","2020-05-09",225,12,314,751,6642,0.192261367058115,0,0,613,1099,41,4818,20,2073,19,20
"1020","2020-05-10",216,12,331,734,6642,0.192261367058115,0,0,613,1099,48,4866,23,2096,26,23
"1021","2020-05-11",203,12,367,719,6642,0.192261367058115,0,0,613,1099,49,4915,73,2169,30,73
"1022","2020-05-12",188,12,367,699,6642,0.192261367058115,0,0,613,1099,41,4956,30,2199,21,30
"1023","2020-05-13",174,12,345,675,6642,0.192261367058115,0,0,613,1099,34,4990,18,2217,18,18
"1024","2020-05-14",175,12,302,646,6642,0.192261367058115,0,0,613,1099,50,5040,18,2235,24,18
"1025","2020-05-15",186,12,290,621,6642,0.192261367058115,0,0,613,1099,35,5075,19,2254,9,19
"1026","2020-05-16",176,12,282,607,6642,0.192261367058115,0,0,613,1099,33,5108,34,2288,24,34
"1027","2020-05-17",175,12,265,588,6642,0.192261367058115,0,0,613,1099,30,5138,28,2316,15,28
"1028","2020-05-18",162,12,247,566,6642,0.192261367058115,0,0,613,1099,42,5180,19,2335,22,19
"1029","2020-05-19",155,12,228,545,6642,0.192261367058115,0,0,613,1099,39,5219,10,2345,19,10
"1030","2020-05-20",146,12,231,531,6642,0.192261367058115,0,0,613,1099,50,5269,15,2360,32,15
"1031","2020-05-21",144,12,224,505,6642,0.192261367058115,0,0,613,1099,26,5295,24,2384,12,24
"1032","2020-05-22",131,12,226,489,6642,0.192261367058115,0,0,613,1099,40,5335,59,2443,21,59
"1033","2020-05-23",128,12,224,460,6642,0.192261367058115,0,0,613,1099,27,5362,56,2499,20,56
"1034","2020-05-24",120,12,220,432,6642,0.192261367058115,0,0,613,1099,32,5394,24,2523,21,24
"1035","2020-05-25",122,12,212,419,6642,0.192261367058115,0,0,613,1099,21,5415,20,2543,11,20
"1036","2020-05-26",112,12,210,406,6642,0.192261367058115,0,0,613,1099,26,5441,45,2588,16,45
"1037","2020-05-27",118,12,205,366,6642,0.192261367058115,0,0,613,1099,23,5464,46,2634,16,46
"1038","2020-05-28",105,12,226,348,6642,0.192261367058115,0,0,613,1099,22,5486,45,2679,12,45
"1039","2020-05-29",98,12,214,343,6642,0.192261367058115,0,0,613,1099,23,5509,21,2700,10,21
"1040","2020-05-30",94,12,209,320,6642,0.192261367058115,0,0,613,1099,14,5523,22,2722,6,22
"1041","2020-05-31",89,12,192,307,6642,0.192261367058115,0,0,613,1099,16,5539,16,2738,9,16
"1042","2020-06-01",88,12,191,295,6642,0.192261367058115,0,0,613,1099,20,5559,47,2785,12,47
"1043","2020-06-02",96,12,189,277,6642,0.192261367058115,0,0,613,1099,16,5575,33,2818,6,33
"1044","2020-06-03",87,12,198,267,6642,0.192261367058115,0,0,613,1099,12,5587,42,2860,7,42
"1045","2020-06-04",89,12,212,251,6642,0.192261367058115,0,0,613,1099,11,5598,22,2882,5,22
"1046","2020-06-05",85,12,222,233,6642,0.192261367058115,0,0,613,1099,20,5618,23,2905,4,23
"1047","2020-06-06",83,12,228,218,6642,0.192261367058115,0,0,613,1099,12,5630,18,2923,7,18
"1048","2020-06-07",86,12,221,208,6642,0.192261367058115,0,0,613,1099,8,5638,26,2949,5,26
"1049","2020-03-13",1,13,53,62,3216,0.355410447761194,0,0,296,1066,55,146,23,43,8,23
"1050","2020-03-14",6,13,61,90,3216,0.355410447761194,0,0,296,1066,65,211,20,63,11,20
"1051","2020-03-15",9,13,79,111,3216,0.355410447761194,0,0,296,1066,69,280,11,74,33,11
"1052","2020-03-16",13,13,101,136,3216,0.355410447761194,0,0,296,1066,57,337,25,99,17,25
"1053","2020-03-17",14,13,120,163,3216,0.355410447761194,0,0,296,1066,64,401,22,121,21,22
"1054","2020-03-18",21,13,127,192,3216,0.355410447761194,0,0,296,1066,75,476,16,137,31,16
"1055","2020-03-19",25,13,130,228,3216,0.355410447761194,0,0,296,1066,102,578,28,165,52,28
"1056","2020-03-20",36,13,132,269,3216,0.355410447761194,0,0,296,1066,82,660,15,180,37,15
"1057","2020-03-21",40,13,132,299,3216,0.355410447761194,0,0,296,1066,83,743,25,205,31,25
"1058","2020-03-22",54,13,149,324,3216,0.355410447761194,0,0,296,1066,91,834,22,227,43,22
"1059","2020-03-23",55,13,155,358,3216,0.355410447761194,0,0,296,1066,66,900,29,256,27,29
"1060","2020-03-24",69,13,158,385,3216,0.355410447761194,0,0,296,1066,91,991,32,288,32,32
"1061","2020-03-25",86,13,155,402,3216,0.355410447761194,0,0,296,1066,83,1074,47,335,43,47
"1062","2020-03-26",100,13,193,420,3216,0.355410447761194,0,0,296,1066,71,1145,29,364,31,29
"1063","2020-03-27",99,13,222,442,3216,0.355410447761194,0,0,296,1066,74,1219,17,381,28,17
"1064","2020-03-28",106,13,221,450,3216,0.355410447761194,0,0,296,1066,67,1286,17,398,22,17
"1065","2020-03-29",106,13,214,451,3216,0.355410447761194,0,0,296,1066,83,1369,42,440,28,42
"1066","2020-03-30",120,13,255,463,3216,0.355410447761194,0,0,296,1066,77,1446,26,466,28,26
"1067","2020-03-31",120,13,268,469,3216,0.355410447761194,0,0,296,1066,88,1534,17,483,34,17
"1068","2020-04-01",119,13,255,474,3216,0.355410447761194,0,0,296,1066,84,1618,31,514,29,31
"1069","2020-04-02",120,13,287,466,3216,0.355410447761194,0,0,296,1066,71,1689,25,539,33,25
"1070","2020-04-03",134,13,291,454,3216,0.355410447761194,0,0,296,1066,96,1785,46,585,43,46
"1071","2020-04-04",134,13,289,451,3216,0.355410447761194,0,0,296,1066,107,1892,41,626,55,41
"1072","2020-04-05",135,13,304,464,3216,0.355410447761194,0,0,296,1066,79,1971,32,658,28,32
"1073","2020-04-06",134,13,269,454,3216,0.355410447761194,0,0,296,1066,88,2059,22,680,30,22
"1074","2020-04-07",136,13,268,459,3216,0.355410447761194,0,0,296,1066,89,2148,48,728,36,48
"1075","2020-04-08",134,13,252,448,3216,0.355410447761194,0,0,296,1066,74,2222,25,753,21,25
"1076","2020-04-09",136,13,238,444,3216,0.355410447761194,0,0,296,1066,77,2299,21,774,30,21
"1077","2020-04-10",121,13,242,441,3216,0.355410447761194,0,0,296,1066,90,2389,53,827,38,53
"1078","2020-04-11",122,13,230,439,3216,0.355410447761194,0,0,296,1066,72,2461,58,885,17,58
"1079","2020-04-12",122,13,235,453,3216,0.355410447761194,0,0,296,1066,89,2550,34,919,17,34
"1080","2020-04-13",121,13,240,456,3216,0.355410447761194,0,0,296,1066,87,2637,30,949,20,30
"1081","2020-04-14",122,13,242,465,3216,0.355410447761194,0,0,296,1066,78,2715,35,984,26,35
"1082","2020-04-15",122,13,231,458,3216,0.355410447761194,0,0,296,1066,87,2802,31,1015,38,31
"1083","2020-04-16",111,13,218,471,3216,0.355410447761194,0,0,296,1066,85,2887,13,1028,32,13
"1084","2020-04-17",118,13,230,480,3216,0.355410447761194,0,0,296,1066,76,2963,19,1047,29,19
"1085","2020-04-18",120,13,281,495,3216,0.355410447761194,0,0,296,1066,79,3042,16,1063,24,16
"1086","2020-04-19",121,13,314,488,3216,0.355410447761194,0,0,296,1066,100,3142,10,1073,32,10
"1087","2020-04-20",127,13,298,494,3216,0.355410447761194,0,0,296,1066,59,3201,20,1093,19,20
"1088","2020-04-21",135,13,307,494,3216,0.355410447761194,0,0,296,1066,75,3276,13,1106,19,13
"1089","2020-04-22",134,13,295,505,3216,0.355410447761194,0,0,296,1066,81,3357,13,1119,25,13
"1090","2020-04-23",145,13,299,506,3216,0.355410447761194,0,0,296,1066,70,3427,40,1159,17,40
"1091","2020-04-24",144,13,296,510,3216,0.355410447761194,0,0,296,1066,60,3487,25,1184,18,25
"1092","2020-04-25",143,13,297,502,3216,0.355410447761194,0,0,296,1066,73,3560,19,1203,21,19
"1093","2020-04-26",143,13,311,490,3216,0.355410447761194,0,0,296,1066,72,3632,13,1216,25,13
"1094","2020-04-27",137,13,291,472,3216,0.355410447761194,0,0,296,1066,50,3682,15,1231,9,15
"1095","2020-04-28",130,13,282,469,3216,0.355410447761194,0,0,296,1066,65,3747,50,1281,26,50
"1096","2020-04-29",127,13,317,449,3216,0.355410447761194,0,0,296,1066,54,3801,48,1329,17,48
"1097","2020-04-30",121,13,312,446,3216,0.355410447761194,0,0,296,1066,56,3857,40,1369,16,40
"1098","2020-05-01",122,13,294,431,3216,0.355410447761194,0,0,296,1066,58,3915,12,1381,25,12
"1099","2020-05-02",117,13,295,427,3216,0.355410447761194,0,0,296,1066,59,3974,18,1399,11,18
"1100","2020-05-03",115,13,290,429,3216,0.355410447761194,0,0,296,1066,45,4019,25,1424,14,25
"1101","2020-05-04",117,13,307,404,3216,0.355410447761194,0,0,296,1066,53,4072,54,1478,6,54
"1102","2020-05-05",121,13,328,411,3216,0.355410447761194,0,0,296,1066,30,4102,27,1505,7,27
"1103","2020-05-06",120,13,313,405,3216,0.355410447761194,0,0,296,1066,43,4145,38,1543,8,38
"1104","2020-05-07",116,13,305,407,3216,0.355410447761194,0,0,296,1066,56,4201,44,1587,13,44
"1105","2020-05-08",112,13,304,399,3216,0.355410447761194,0,0,296,1066,48,4249,33,1620,11,33
"1106","2020-05-09",118,13,278,417,3216,0.355410447761194,0,0,296,1066,40,4289,34,1654,7,34
"1107","2020-05-10",120,13,275,410,3216,0.355410447761194,0,0,296,1066,46,4335,28,1682,6,28
"1108","2020-05-11",121,13,259,399,3216,0.355410447761194,0,0,296,1066,45,4380,15,1697,4,15
"1109","2020-05-12",115,13,257,404,3216,0.355410447761194,0,0,296,1066,51,4431,17,1714,14,17
"1110","2020-05-13",114,13,236,402,3216,0.355410447761194,0,0,296,1066,44,4475,40,1754,10,40
"1111","2020-05-14",114,13,236,387,3216,0.355410447761194,0,0,296,1066,46,4521,19,1773,11,19
"1112","2020-05-15",120,13,249,383,3216,0.355410447761194,0,0,296,1066,31,4552,15,1788,6,15
"1113","2020-05-16",122,13,284,389,3216,0.355410447761194,0,0,296,1066,49,4601,13,1801,11,13
"1114","2020-05-17",113,13,285,381,3216,0.355410447761194,0,0,296,1066,32,4633,11,1812,15,11
"1115","2020-05-18",110,13,265,366,3216,0.355410447761194,0,0,296,1066,26,4659,39,1851,6,39
"1116","2020-05-19",112,13,269,358,3216,0.355410447761194,0,0,296,1066,41,4700,31,1882,13,31
"1117","2020-05-20",112,13,261,358,3216,0.355410447761194,0,0,296,1066,31,4731,13,1895,7,13
"1118","2020-05-21",114,13,242,352,3216,0.355410447761194,0,0,296,1066,41,4772,20,1915,9,20
"1119","2020-05-22",106,13,234,338,3216,0.355410447761194,0,0,296,1066,35,4807,33,1948,13,33
"1120","2020-05-23",103,13,259,329,3216,0.355410447761194,0,0,296,1066,25,4832,52,2000,7,52
"1121","2020-05-24",113,13,251,313,3216,0.355410447761194,0,0,296,1066,29,4861,18,2018,4,18
"1122","2020-05-25",110,13,252,323,3216,0.355410447761194,0,0,296,1066,24,4885,20,2038,3,20
"1123","2020-05-26",97,13,268,309,3216,0.355410447761194,0,0,296,1066,29,4914,17,2055,10,17
"1124","2020-05-27",91,13,255,295,3216,0.355410447761194,0,0,296,1066,21,4935,14,2069,8,14
"1125","2020-05-28",87,13,256,289,3216,0.355410447761194,0,0,296,1066,16,4951,15,2084,4,15
"1126","2020-05-29",83,13,268,280,3216,0.355410447761194,0,0,296,1066,30,4981,15,2099,10,15
"1127","2020-05-30",81,13,263,271,3216,0.355410447761194,0,0,296,1066,19,5000,20,2119,5,20
"1128","2020-05-31",73,13,258,261,3216,0.355410447761194,0,0,296,1066,14,5014,23,2142,4,23
"1129","2020-06-01",71,13,265,258,3216,0.355410447761194,0,0,296,1066,20,5034,33,2175,2,33
"1130","2020-06-02",77,13,269,251,3216,0.355410447761194,0,0,296,1066,21,5055,26,2201,6,26
"1131","2020-06-03",73,13,277,236,3216,0.355410447761194,0,0,296,1066,20,5075,37,2238,4,37
"1132","2020-06-04",72,13,281,230,3216,0.355410447761194,0,0,296,1066,16,5091,55,2293,5,55
"1133","2020-06-05",77,13,271,226,3216,0.355410447761194,0,0,296,1066,11,5102,17,2310,2,17
"1134","2020-06-06",68,13,268,217,3216,0.355410447761194,0,0,296,1066,16,5118,12,2322,4,12
"1135","2020-06-07",65,13,263,203,3216,0.355410447761194,0,0,296,1066,14,5132,10,2332,3,10
"1136","2020-03-14",4,14,148,146,7180,0.811977715877437,0,0,647,1290,92,277,40,200,56,40
"1137","2020-03-15",9,14,149,195,7180,0.811977715877437,0,0,647,1290,117,394,28,228,89,28
"1138","2020-03-16",14,14,190,245,7180,0.811977715877437,0,0,647,1290,163,557,23,251,126,23
"1139","2020-03-17",26,14,221,335,7180,0.811977715877437,0,0,647,1290,183,740,14,265,159,14
"1140","2020-03-18",35,14,246,406,7180,0.811977715877437,0,0,647,1290,276,1016,17,282,245,17
"1141","2020-03-19",52,14,261,496,7180,0.811977715877437,0,0,647,1290,256,1272,9,291,232,9
"1142","2020-03-20",67,14,238,575,7180,0.811977715877437,0,0,647,1290,384,1656,14,305,357,14
"1143","2020-03-21",84,14,213,690,7180,0.811977715877437,0,0,647,1290,451,2107,7,312,417,7
"1144","2020-03-22",106,14,213,815,7180,0.811977715877437,0,0,647,1290,423,2530,9,321,396,9
"1145","2020-03-23",131,14,193,901,7180,0.811977715877437,0,0,647,1290,538,3068,9,330,514,9
"1146","2020-03-24",149,14,192,1021,7180,0.811977715877437,0,0,647,1290,504,3572,8,338,473,8
"1147","2020-03-25",184,14,171,1124,7180,0.811977715877437,0,0,647,1290,545,4117,5,343,525,5
"1148","2020-03-26",207,14,181,1255,7180,0.811977715877437,0,0,647,1290,502,4619,9,352,492,9
"1149","2020-03-27",238,14,187,1358,7180,0.811977715877437,0,0,647,1290,547,5166,7,359,528,7
"1150","2020-03-28",275,14,189,1482,7180,0.811977715877437,0,0,647,1290,485,5651,3,362,478,3
"1151","2020-03-29",315,14,182,1566,7180,0.811977715877437,0,0,647,1290,303,5954,7,369,288,7
"1152","2020-03-30",342,14,187,1664,7180,0.811977715877437,0,0,647,1290,305,6259,5,374,289,5
"1153","2020-03-31",392,14,198,1793,7180,0.811977715877437,0,0,647,1290,250,6509,7,381,238,7
"1154","2020-04-01",426,14,237,1884,7180,0.811977715877437,0,0,647,1290,254,6763,1,382,242,1
"1155","2020-04-02",467,14,247,1933,7180,0.811977715877437,0,0,647,1290,156,6919,3,385,150,3
"1156","2020-04-03",500,14,260,2014,7180,0.811977715877437,0,0,647,1290,130,7049,33,418,122,33
"1157","2020-04-04",528,14,269,2074,7180,0.811977715877437,0,0,647,1290,94,7143,58,476,89,58
"1158","2020-04-05",548,14,253,2127,7180,0.811977715877437,0,0,647,1290,104,7247,59,535,98,59
"1159","2020-04-06",553,14,245,2171,7180,0.811977715877437,0,0,647,1290,91,7338,37,572,88,37
"1160","2020-04-07",542,14,278,2177,7180,0.811977715877437,0,0,647,1290,51,7389,21,593,48,21
"1161","2020-04-08",551,14,287,2206,7180,0.811977715877437,0,0,647,1290,46,7435,19,612,41,19
"1162","2020-04-09",552,14,296,2203,7180,0.811977715877437,0,0,647,1290,48,7483,15,627,46,15
"1163","2020-04-10",554,14,272,2172,7180,0.811977715877437,0,0,647,1290,33,7516,10,637,29,10
"1164","2020-04-11",559,14,265,2163,7180,0.811977715877437,0,0,647,1290,26,7542,12,649,24,12
"1165","2020-04-12",541,14,252,2086,7180,0.811977715877437,0,0,647,1290,28,7570,9,658,24,9
"1166","2020-04-13",564,14,240,2013,7180,0.811977715877437,0,0,647,1290,12,7582,13,671,11,13
"1167","2020-04-14",587,14,224,1992,7180,0.811977715877437,0,0,647,1290,15,7597,11,682,10,11
"1168","2020-04-15",582,14,229,1919,7180,0.811977715877437,0,0,647,1290,10,7607,9,691,7,9
"1169","2020-04-16",580,14,221,1821,7180,0.811977715877437,0,0,647,1290,14,7621,29,720,9,29
"1170","2020-04-17",586,14,213,1709,7180,0.811977715877437,0,0,647,1290,10,7631,39,759,7,39
"1171","2020-04-18",564,14,215,1598,7180,0.811977715877437,0,0,647,1290,7,7638,37,796,5,37
"1172","2020-04-19",570,14,223,1495,7180,0.811977715877437,0,0,647,1290,7,7645,26,822,4,26
"1173","2020-04-20",552,14,229,1426,7180,0.811977715877437,0,0,647,1290,10,7655,12,834,6,12
"1174","2020-04-21",518,14,234,1315,7180,0.811977715877437,0,0,647,1290,5,7660,8,842,2,8
"1175","2020-04-22",491,14,248,1224,7180,0.811977715877437,0,0,647,1290,8,7668,9,851,5,9
"1176","2020-04-23",457,14,254,1143,7180,0.811977715877437,0,0,647,1290,6,7674,23,874,3,23
"1177","2020-04-24",410,14,286,1047,7180,0.811977715877437,0,0,647,1290,5,7679,14,888,3,14
"1178","2020-04-25",384,14,277,955,7180,0.811977715877437,0,0,647,1290,6,7685,13,901,5,13
"1179","2020-04-26",345,14,266,898,7180,0.811977715877437,0,0,647,1290,6,7691,7,908,2,7
"1180","2020-04-27",310,14,258,837,7180,0.811977715877437,0,0,647,1290,5,7696,10,918,2,10
"1181","2020-04-28",288,14,267,753,7180,0.811977715877437,0,0,647,1290,6,7702,20,938,1,20
"1182","2020-04-29",274,14,258,701,7180,0.811977715877437,0,0,647,1290,2,7704,10,948,2,10
"1183","2020-04-30",250,14,271,638,7180,0.811977715877437,0,0,647,1290,3,7707,12,960,2,12
"1184","2020-05-01",238,14,253,596,7180,0.811977715877437,0,0,647,1290,2,7709,19,979,2,19
"1185","2020-05-02",217,14,247,556,7180,0.811977715877437,0,0,647,1290,5,7714,13,992,3,13
"1186","2020-05-03",204,14,219,511,7180,0.811977715877437,0,0,647,1290,2,7716,39,1031,2,39
"1187","2020-05-04",194,14,203,469,7180,0.811977715877437,0,0,647,1290,3,7719,21,1052,1,21
"1188","2020-05-05",175,14,201,443,7180,0.811977715877437,0,0,647,1290,4,7723,42,1094,1,42
"1189","2020-05-06",163,14,219,409,7180,0.811977715877437,0,0,647,1290,5,7728,26,1120,3,26
"1190","2020-05-07",160,14,214,370,7180,0.811977715877437,0,0,647,1290,1,7729,13,1133,1,13
"1191","2020-05-08",142,14,226,337,7180,0.811977715877437,0,0,647,1290,3,7732,8,1141,NA,8
"1192","2020-05-09",131,14,247,317,7180,0.811977715877437,0,0,647,1290,6,7738,30,1171,3,30
"1193","2020-05-10",121,14,243,305,7180,0.811977715877437,0,0,647,1290,6,7744,26,1197,5,26
"1194","2020-05-11",111,14,265,288,7180,0.811977715877437,0,0,647,1290,NA,NA,14,1211,NA,14
"1195","2020-05-12",107,14,262,269,7180,0.811977715877437,0,0,647,1290,5,7749,13,1224,2,13
"1196","2020-05-13",86,14,244,268,7180,0.811977715877437,0,0,647,1290,NA,NA,14,1238,NA,14
"1197","2020-05-14",76,14,245,253,7180,0.811977715877437,0,0,647,1290,2,7751,25,1263,1,25
"1198","2020-05-15",73,14,278,227,7180,0.811977715877437,0,0,647,1290,3,7754,10,1273,NA,10
"1199","2020-05-16",70,14,291,218,7180,0.811977715877437,0,0,647,1290,4,7758,11,1284,1,11
"1200","2020-05-17",64,14,320,218,7180,0.811977715877437,0,0,647,1290,4,7762,3,1287,1,3
"1201","2020-05-18",59,14,325,198,7180,0.811977715877437,0,0,647,1290,2,7764,24,1311,1,24
"1202","2020-05-19",53,14,312,186,7180,0.811977715877437,0,0,647,1290,2,7766,28,1339,NA,28
"1203","2020-05-20",56,14,308,187,7180,0.811977715877437,0,0,647,1290,3,7769,51,1390,1,51
"1204","2020-05-21",55,14,283,169,7180,0.811977715877437,0,0,647,1290,2,7771,75,1465,2,75
"1205","2020-05-22",58,14,271,164,7180,0.811977715877437,0,0,647,1290,2,7773,24,1489,1,24
"1206","2020-05-23",56,14,252,161,7180,0.811977715877437,0,0,647,1290,2,7775,39,1528,2,39
"1207","2020-05-24",57,14,262,147,7180,0.811977715877437,0,0,647,1290,NA,NA,44,1572,NA,44
"1208","2020-05-25",52,14,273,149,7180,0.811977715877437,0,0,647,1290,1,7776,28,1600,NA,28
"1209","2020-05-26",53,14,282,154,7180,0.811977715877437,0,0,647,1290,3,7779,24,1624,1,24
"1210","2020-05-27",47,14,273,152,7180,0.811977715877437,0,0,647,1290,1,7780,16,1640,1,16
"1211","2020-05-28",43,14,270,158,7180,0.811977715877437,0,0,647,1290,3,7783,19,1659,2,19
"1212","2020-05-29",41,14,266,153,7180,0.811977715877437,0,0,647,1290,NA,NA,13,1672,NA,13
"1213","2020-05-30",42,14,256,144,7180,0.811977715877437,0,0,647,1290,2,7785,3,1675,NA,3
"1214","2020-05-31",36,14,236,139,7180,0.811977715877437,0,0,647,1290,2,7787,7,1682,NA,7
"1215","2020-06-01",42,14,228,138,7180,0.811977715877437,0,0,647,1290,4,7791,8,1690,2,8
"1216","2020-06-02",45,14,220,133,7180,0.811977715877437,0,0,647,1290,1,7792,43,1733,NA,43
"1217","2020-06-03",44,14,205,126,7180,0.811977715877437,0,0,647,1290,2,7794,61,1794,2,61
"1218","2020-06-04",42,14,197,121,7180,0.811977715877437,0,0,647,1290,2,7796,34,1828,2,34
"1219","2020-06-05",40,14,204,114,7180,0.811977715877437,0,0,647,1290,2,7798,20,1848,1,20
"1220","2020-06-06",37,14,200,111,7180,0.811977715877437,0,0,647,1290,1,7799,9,1857,1,9
"1221","2020-06-07",38,14,210,108,7180,0.811977715877437,0,0,647,1290,1,7800,18,1875,1,18
"1222","2020-03-13",8,15,232,343,9506,0.751946139280454,0,0,803,1836,91,257,4,19,4,4
"1223","2020-03-14",13,15,277,526,9506,0.751946139280454,0,0,803,1836,122,379,5,24,26,5
"1224","2020-03-15",29,15,339,705,9506,0.751946139280454,0,0,803,1836,92,471,26,50,18,26
"1225","2020-03-16",54,15,346,1080,9506,0.751946139280454,0,0,803,1836,103,574,14,64,20,14
"1226","2020-03-17",79,15,316,1478,9506,0.751946139280454,0,0,803,1836,89,663,7,71,27,7
"1227","2020-03-18",126,15,275,1935,9506,0.751946139280454,0,0,803,1836,125,788,4,75,43,4
"1228","2020-03-19",181,15,269,2427,9506,0.751946139280454,0,0,803,1836,133,921,6,81,36,6
"1229","2020-03-20",258,15,285,3087,9506,0.751946139280454,0,0,803,1836,128,1049,12,93,41,12
"1230","2020-03-21",360,15,261,3698,9506,0.751946139280454,0,0,803,1836,145,1194,24,117,65,24
"1231","2020-03-22",470,15,259,4320,9506,0.751946139280454,0,0,803,1836,117,1311,51,168,38,51
"1232","2020-03-23",619,15,272,4823,9506,0.751946139280454,0,0,803,1836,131,1442,23,191,50,23
"1233","2020-03-24",778,15,240,5199,9506,0.751946139280454,0,0,803,1836,114,1556,12,203,39,12
"1234","2020-03-25",953,15,225,5471,9506,0.751946139280454,0,0,803,1836,134,1690,49,252,53,49
"1235","2020-03-26",1107,15,230,5622,9506,0.751946139280454,0,0,803,1836,122,1812,22,274,42,22
"1236","2020-03-27",1256,15,214,5593,9506,0.751946139280454,0,0,803,1836,105,1917,24,298,38,24
"1237","2020-03-28",1392,15,201,5439,9506,0.751946139280454,0,0,803,1836,106,2023,35,333,40,35
"1238","2020-03-29",1494,15,186,5188,9506,0.751946139280454,0,0,803,1836,117,2140,22,355,35,22
"1239","2020-03-30",1533,15,182,4847,9506,0.751946139280454,0,0,803,1836,125,2265,21,376,44,21
"1240","2020-03-31",1551,15,159,4405,9506,0.751946139280454,0,0,803,1836,106,2371,28,404,31,28
"1241","2020-04-01",1487,15,173,3943,9506,0.751946139280454,0,0,803,1836,133,2504,33,437,52,33
"1242","2020-04-02",1458,15,250,3477,9506,0.751946139280454,0,0,803,1836,125,2629,29,466,27,29
"1243","2020-04-03",1381,15,266,3005,9506,0.751946139280454,0,0,803,1836,112,2741,54,520,33,54
"1244","2020-04-04",1257,15,270,2552,9506,0.751946139280454,0,0,803,1836,107,2848,43,563,28,43
"1245","2020-04-05",1114,15,294,2202,9506,0.751946139280454,0,0,803,1836,102,2950,26,589,26,26
"1246","2020-04-06",971,15,275,1866,9506,0.751946139280454,0,0,803,1836,115,3065,47,636,28,47
"1247","2020-04-07",848,15,270,1554,9506,0.751946139280454,0,0,803,1836,123,3188,58,694,39,58
"1248","2020-04-08",749,15,308,1279,9506,0.751946139280454,0,0,803,1836,105,3293,46,740,27,46
"1249","2020-04-09",604,15,288,1040,9506,0.751946139280454,0,0,803,1836,85,3378,34,774,18,34
"1250","2020-04-10",476,15,295,866,9506,0.751946139280454,0,0,803,1836,97,3475,22,796,14,22
"1251","2020-04-11",381,15,282,717,9506,0.751946139280454,0,0,803,1836,71,3546,19,815,13,19
"1252","2020-04-12",315,15,239,600,9506,0.751946139280454,0,0,803,1836,101,3647,20,835,25,20
"1253","2020-04-13",263,15,250,503,9506,0.751946139280454,0,0,803,1836,99,3746,33,868,24,33
"1254","2020-04-14",195,15,239,424,9506,0.751946139280454,0,0,803,1836,95,3841,54,922,21,54
"1255","2020-04-15",144,15,241,349,9506,0.751946139280454,0,0,803,1836,86,3927,26,948,19,26
"1256","2020-04-16",115,15,256,303,9506,0.751946139280454,0,0,803,1836,108,4035,32,980,27,32
"1257","2020-04-17",94,15,287,258,9506,0.751946139280454,0,0,803,1836,89,4124,38,1018,19,38
"1258","2020-04-18",74,15,274,221,9506,0.751946139280454,0,0,803,1836,76,4200,35,1053,20,35
"1259","2020-04-19",60,15,252,188,9506,0.751946139280454,0,0,803,1836,91,4291,48,1101,18,48
"1260","2020-04-20",47,15,257,160,9506,0.751946139280454,0,0,803,1836,89,4380,57,1158,15,57
"1261","2020-04-21",43,15,270,134,9506,0.751946139280454,0,0,803,1836,88,4468,69,1227,19,69
"1262","2020-04-22",38,15,271,119,9506,0.751946139280454,0,0,803,1836,81,4549,61,1288,9,61
"1263","2020-04-23",39,15,255,108,9506,0.751946139280454,0,0,803,1836,91,4640,37,1325,12,37
"1264","2020-04-24",31,15,236,100,9506,0.751946139280454,0,0,803,1836,75,4715,24,1349,16,24
"1265","2020-04-25",28,15,320,88,9506,0.751946139280454,0,0,803,1836,83,4798,21,1370,18,21
"1266","2020-04-26",28,15,306,75,9506,0.751946139280454,0,0,803,1836,74,4872,12,1382,12,12
"1267","2020-04-27",24,15,288,62,9506,0.751946139280454,0,0,803,1836,62,4934,17,1399,8,17
"1268","2020-04-28",17,15,272,54,9506,0.751946139280454,0,0,803,1836,72,5006,17,1416,13,17
"1269","2020-04-29",14,15,247,49,9506,0.751946139280454,0,0,803,1836,64,5070,21,1437,13,21
"1270","2020-04-30",8,15,242,44,9506,0.751946139280454,0,0,803,1836,61,5131,21,1458,9,21
"1271","2020-05-01",8,15,239,45,9506,0.751946139280454,0,0,803,1836,71,5202,24,1482,9,24
"1272","2020-05-02",8,15,261,42,9506,0.751946139280454,0,0,803,1836,58,5260,34,1516,9,34
"1273","2020-05-03",6,15,259,38,9506,0.751946139280454,0,0,803,1836,68,5328,35,1551,8,35
"1274","2020-05-04",5,15,333,42,9506,0.751946139280454,0,0,803,1836,46,5374,19,1570,7,19
"1275","2020-05-05",6,15,318,41,9506,0.751946139280454,0,0,803,1836,54,5428,10,1580,11,10
"1276","2020-05-06",7,15,292,40,9506,0.751946139280454,0,0,803,1836,56,5484,22,1602,8,22
"1277","2020-05-07",7,15,273,41,9506,0.751946139280454,0,0,803,1836,35,5519,23,1625,1,23
"1278","2020-05-08",7,15,270,39,9506,0.751946139280454,0,0,803,1836,58,5577,54,1679,9,54
"1279","2020-05-09",8,15,244,39,9506,0.751946139280454,0,0,803,1836,54,5631,35,1714,13,35
"1280","2020-05-10",8,15,265,37,9506,0.751946139280454,0,0,803,1836,52,5683,21,1735,5,21
"1281","2020-05-11",9,15,259,33,9506,0.751946139280454,0,0,803,1836,41,5724,48,1783,8,48
"1282","2020-05-12",9,15,252,28,9506,0.751946139280454,0,0,803,1836,64,5788,23,1806,10,23
"1283","2020-05-13",9,15,236,27,9506,0.751946139280454,0,0,803,1836,45,5833,41,1847,6,41
"1284","2020-05-14",8,15,224,24,9506,0.751946139280454,0,0,803,1836,41,5874,27,1874,8,27
"1285","2020-05-15",8,15,252,27,9506,0.751946139280454,0,0,803,1836,49,5923,22,1896,8,22
"1286","2020-05-16",6,15,229,27,9506,0.751946139280454,0,0,803,1836,33,5956,14,1910,8,14
"1287","2020-05-17",5,15,214,23,9506,0.751946139280454,0,0,803,1836,29,5985,53,1963,5,53
"1288","2020-05-18",5,15,180,23,9506,0.751946139280454,0,0,803,1836,32,6017,63,2026,6,63
"1289","2020-05-19",6,15,186,21,9506,0.751946139280454,0,0,803,1836,28,6045,59,2085,7,59
"1290","2020-05-20",6,15,202,18,9506,0.751946139280454,0,0,803,1836,29,6074,27,2112,5,27
"1291","2020-05-21",6,15,271,18,9506,0.751946139280454,0,0,803,1836,22,6096,26,2138,3,26
"1292","2020-05-22",6,15,329,18,9506,0.751946139280454,0,0,803,1836,29,6125,42,2180,2,42
"1293","2020-05-23",6,15,347,20,9506,0.751946139280454,0,0,803,1836,40,6165,34,2214,5,34
"1294","2020-05-24",5,15,333,18,9506,0.751946139280454,0,0,803,1836,24,6189,19,2233,4,19
"1295","2020-05-25",4,15,342,19,9506,0.751946139280454,0,0,803,1836,22,6211,16,2249,3,16
"1296","2020-05-26",3,15,317,21,9506,0.751946139280454,0,0,803,1836,26,6237,12,2261,5,12
"1297","2020-05-27",3,15,276,19,9506,0.751946139280454,0,0,803,1836,26,6263,32,2293,2,32
"1298","2020-05-28",3,15,246,18,9506,0.751946139280454,0,0,803,1836,19,6282,38,2331,2,38
"1299","2020-05-29",3,15,247,18,9506,0.751946139280454,0,0,803,1836,22,6304,24,2355,3,24
"1300","2020-05-30",3,15,273,18,9506,0.751946139280454,0,0,803,1836,19,6323,21,2376,2,21
"1301","2020-05-31",4,15,281,19,9506,0.751946139280454,0,0,803,1836,18,6341,48,2424,3,48
"1302","2020-06-01",4,15,265,18,9506,0.751946139280454,0,0,803,1836,15,6356,37,2461,2,37
"1303","2020-06-02",4,15,231,18,9506,0.751946139280454,0,0,803,1836,14,6370,38,2499,1,38
"1304","2020-06-03",3,15,237,16,9506,0.751946139280454,0,0,803,1836,10,6380,29,2528,1,29
"1305","2020-06-04",3,15,253,15,9506,0.751946139280454,0,0,803,1836,12,6392,42,2570,3,42
"1306","2020-06-05",5,15,274,15,9506,0.751946139280454,0,0,803,1836,19,6411,28,2598,4,28
"1307","2020-06-06",5,15,300,14,9506,0.751946139280454,0,0,803,1836,12,6423,27,2625,1,27
"1308","2020-06-07",4,15,287,13,9506,0.751946139280454,0,0,803,1836,10,6433,20,2645,NA,20
"1309","2020-03-12",1,16,57,45,4007,0.43973047167457,0,0,349,1318,62,122,36,57,3,36
"1310","2020-03-13",2,16,82,73,4007,0.43973047167457,0,0,349,1318,68,190,38,95,14,38
"1311","2020-03-14",5,16,94,108,4007,0.43973047167457,0,0,349,1318,82,272,31,126,17,31
"1312","2020-03-15",9,16,153,137,4007,0.43973047167457,0,0,349,1318,91,363,32,158,25,32
"1313","2020-03-16",21,16,197,184,4007,0.43973047167457,0,0,349,1318,106,469,59,217,39,59
"1314","2020-03-17",24,16,212,217,4007,0.43973047167457,0,0,349,1318,79,548,46,263,26,46
"1315","2020-03-18",32,16,217,246,4007,0.43973047167457,0,0,349,1318,85,633,30,293,25,30
"1316","2020-03-19",41,16,242,289,4007,0.43973047167457,0,0,349,1318,90,723,61,354,34,61
"1317","2020-03-20",49,16,272,318,4007,0.43973047167457,0,0,349,1318,105,828,47,401,48,47
"1318","2020-03-21",60,16,266,348,4007,0.43973047167457,0,0,349,1318,87,915,45,446,33,45
"1319","2020-03-22",70,16,251,374,4007,0.43973047167457,0,0,349,1318,96,1011,41,487,44,41
"1320","2020-03-23",72,16,249,411,4007,0.43973047167457,0,0,349,1318,120,1131,45,532,51,45
"1321","2020-03-24",83,16,244,418,4007,0.43973047167457,0,0,349,1318,115,1246,76,608,36,76
"1322","2020-03-25",92,16,243,432,4007,0.43973047167457,0,0,349,1318,106,1352,68,676,52,68
"1323","2020-03-26",95,16,214,460,4007,0.43973047167457,0,0,349,1318,112,1464,54,730,49,54
"1324","2020-03-27",104,16,202,470,4007,0.43973047167457,0,0,349,1318,124,1588,41,771,66,41
"1325","2020-03-28",109,16,204,482,4007,0.43973047167457,0,0,349,1318,110,1698,39,810,57,39
"1326","2020-03-29",116,16,199,513,4007,0.43973047167457,0,0,349,1318,98,1796,40,850,43,40
"1327","2020-03-30",124,16,213,530,4007,0.43973047167457,0,0,349,1318,114,1910,28,878,46,28
"1328","2020-03-31",130,16,244,559,4007,0.43973047167457,0,0,349,1318,113,2023,48,926,46,48
"1329","2020-04-01",136,16,258,584,4007,0.43973047167457,0,0,349,1318,104,2127,36,962,39,36
"1330","2020-04-02",149,16,250,600,4007,0.43973047167457,0,0,349,1318,85,2212,46,1008,33,46
"1331","2020-04-03",158,16,233,622,4007,0.43973047167457,0,0,349,1318,109,2321,42,1050,49,42
"1332","2020-04-04",172,16,221,626,4007,0.43973047167457,0,0,349,1318,105,2426,54,1104,39,54
"1333","2020-04-05",172,16,216,629,4007,0.43973047167457,0,0,349,1318,90,2516,36,1140,40,36
"1334","2020-04-06",174,16,201,633,4007,0.43973047167457,0,0,349,1318,81,2597,19,1159,35,19
"1335","2020-04-07",179,16,203,649,4007,0.43973047167457,0,0,349,1318,88,2685,26,1185,34,26
"1336","2020-04-08",182,16,205,648,4007,0.43973047167457,0,0,349,1318,91,2776,40,1225,34,40
"1337","2020-04-09",181,16,198,657,4007,0.43973047167457,0,0,349,1318,81,2857,44,1269,33,44
"1338","2020-04-10",187,16,242,664,4007,0.43973047167457,0,0,349,1318,91,2948,50,1319,38,50
"1339","2020-04-11",185,16,244,659,4007,0.43973047167457,0,0,349,1318,88,3036,33,1352,27,33
"1340","2020-04-12",181,16,237,664,4007,0.43973047167457,0,0,349,1318,112,3148,31,1383,34,31
"1341","2020-04-13",187,16,247,647,4007,0.43973047167457,0,0,349,1318,96,3244,44,1427,27,44
"1342","2020-04-14",202,16,284,683,4007,0.43973047167457,0,0,349,1318,74,3318,43,1470,27,43
"1343","2020-04-15",199,16,273,663,4007,0.43973047167457,0,0,349,1318,86,3404,36,1506,31,36
"1344","2020-04-16",197,16,275,660,4007,0.43973047167457,0,0,349,1318,84,3488,61,1567,33,61
"1345","2020-04-17",185,16,274,671,4007,0.43973047167457,0,0,349,1318,77,3565,48,1615,27,48
"1346","2020-04-18",182,16,283,687,4007,0.43973047167457,0,0,349,1318,78,3643,60,1675,26,60
"1347","2020-04-19",192,16,275,682,4007,0.43973047167457,0,0,349,1318,91,3734,33,1708,29,33
"1348","2020-04-20",186,16,272,702,4007,0.43973047167457,0,0,349,1318,77,3811,34,1742,23,34
"1349","2020-04-21",179,16,290,685,4007,0.43973047167457,0,0,349,1318,71,3882,28,1770,20,28
"1350","2020-04-22",185,16,273,682,4007,0.43973047167457,0,0,349,1318,76,3958,32,1802,15,32
"1351","2020-04-23",187,16,282,670,4007,0.43973047167457,0,0,349,1318,94,4052,31,1833,34,31
"1352","2020-04-24",183,16,275,650,4007,0.43973047167457,0,0,349,1318,75,4127,28,1861,23,28
"1353","2020-04-25",183,16,279,638,4007,0.43973047167457,0,0,349,1318,69,4196,32,1893,32,32
"1354","2020-04-26",181,16,258,634,4007,0.43973047167457,0,0,349,1318,58,4254,19,1912,26,19
"1355","2020-04-27",188,16,260,624,4007,0.43973047167457,0,0,349,1318,91,4345,31,1943,26,31
"1356","2020-04-28",182,16,261,598,4007,0.43973047167457,0,0,349,1318,65,4410,24,1967,18,24
"1357","2020-04-29",178,16,242,582,4007,0.43973047167457,0,0,349,1318,80,4490,34,2001,33,34
"1358","2020-04-30",180,16,221,564,4007,0.43973047167457,0,0,349,1318,60,4550,37,2038,14,37
"1359","2020-05-01",179,16,210,551,4007,0.43973047167457,0,0,349,1318,72,4622,34,2072,22,34
"1360","2020-05-02",171,16,217,545,4007,0.43973047167457,0,0,349,1318,54,4676,29,2101,14,29
"1361","2020-05-03",173,16,234,546,4007,0.43973047167457,0,0,349,1318,53,4729,33,2134,13,33
"1362","2020-05-04",168,16,268,543,4007,0.43973047167457,0,0,349,1318,56,4785,35,2169,13,35
"1363","2020-05-05",158,16,273,537,4007,0.43973047167457,0,0,349,1318,68,4853,25,2194,17,25
"1364","2020-05-06",160,16,323,539,4007,0.43973047167457,0,0,349,1318,41,4894,22,2216,14,22
"1365","2020-05-07",161,16,327,531,4007,0.43973047167457,0,0,349,1318,54,4948,34,2250,15,34
"1366","2020-05-08",160,16,325,536,4007,0.43973047167457,0,0,349,1318,50,4998,32,2282,10,32
"1367","2020-05-09",165,16,330,536,4007,0.43973047167457,0,0,349,1318,52,5050,34,2316,18,34
"1368","2020-05-10",160,16,324,513,4007,0.43973047167457,0,0,349,1318,41,5091,27,2343,8,27
"1369","2020-05-11",159,16,312,494,4007,0.43973047167457,0,0,349,1318,39,5130,35,2378,9,35
"1370","2020-05-12",160,16,289,480,4007,0.43973047167457,0,0,349,1318,49,5179,29,2407,16,29
"1371","2020-05-13",151,16,255,468,4007,0.43973047167457,0,0,349,1318,48,5227,36,2443,9,36
"1372","2020-05-14",144,16,252,445,4007,0.43973047167457,0,0,349,1318,37,5264,34,2477,11,34
"1373","2020-05-15",147,16,261,431,4007,0.43973047167457,0,0,349,1318,43,5307,39,2516,9,39
"1374","2020-05-16",135,16,232,421,4007,0.43973047167457,0,0,349,1318,31,5338,36,2552,8,36
"1375","2020-05-17",140,16,218,408,4007,0.43973047167457,0,0,349,1318,37,5375,22,2574,7,22
"1376","2020-05-18",127,16,220,399,4007,0.43973047167457,0,0,349,1318,32,5407,27,2601,11,27
"1377","2020-05-19",120,16,202,377,4007,0.43973047167457,0,0,349,1318,31,5438,52,2653,7,52
"1378","2020-05-20",111,16,208,359,4007,0.43973047167457,0,0,349,1318,24,5462,63,2716,7,63
"1379","2020-05-21",109,16,205,354,4007,0.43973047167457,0,0,349,1318,30,5492,44,2760,4,44
"1380","2020-05-22",105,16,249,363,4007,0.43973047167457,0,0,349,1318,28,5520,43,2803,9,43
"1381","2020-05-23",107,16,239,350,4007,0.43973047167457,0,0,349,1318,27,5547,40,2843,7,40
"1382","2020-05-24",95,16,233,328,4007,0.43973047167457,0,0,349,1318,19,5566,62,2905,2,62
"1383","2020-05-25",97,16,239,338,4007,0.43973047167457,0,0,349,1318,26,5592,53,2958,3,53
"1384","2020-05-26",96,16,264,338,4007,0.43973047167457,0,0,349,1318,11,5603,33,2991,4,33
"1385","2020-05-27",102,16,285,325,4007,0.43973047167457,0,0,349,1318,25,5628,36,3027,8,36
"1386","2020-05-28",102,16,300,317,4007,0.43973047167457,0,0,349,1318,22,5650,34,3061,11,34
"1387","2020-05-29",101,16,314,309,4007,0.43973047167457,0,0,349,1318,25,5675,24,3085,5,24
"1388","2020-05-30",95,16,308,299,4007,0.43973047167457,0,0,349,1318,23,5698,30,3115,5,30
"1389","2020-05-31",92,16,261,289,4007,0.43973047167457,0,0,349,1318,26,5724,29,3144,6,29
"1390","2020-06-01",91,16,265,276,4007,0.43973047167457,0,0,349,1318,19,5743,35,3179,2,35
"1391","2020-06-02",91,16,238,257,4007,0.43973047167457,0,0,349,1318,11,5754,54,3233,3,54
"1392","2020-06-03",84,16,219,245,4007,0.43973047167457,0,0,349,1318,25,5779,57,3290,6,57
"1393","2020-06-04",76,16,224,235,4007,0.43973047167457,0,0,349,1318,20,5799,59,3349,3,59
"1394","2020-06-05",74,16,244,226,4007,0.43973047167457,0,0,349,1318,15,5814,39,3388,6,39
"1395","2020-06-06",67,16,262,222,4007,0.43973047167457,0,0,349,1318,12,5826,39,3427,4,39
"1396","2020-06-07",66,16,271,204,4007,0.43973047167457,0,0,349,1318,9,5835,31,3458,3,31
"1397","2020-03-13",1,17,158,159,5382,0.192307692307692,0,0,468,1658,24,62,39,104,14,39
"1398","2020-03-14",4,17,138,216,5382,0.192307692307692,0,0,468,1658,37,99,28,132,27,28
"1399","2020-03-15",10,17,126,271,5382,0.192307692307692,0,0,468,1658,49,148,15,147,34,15
"1400","2020-03-16",23,17,165,348,5382,0.192307692307692,0,0,468,1658,63,211,50,197,51,50
"1401","2020-03-17",33,17,169,413,5382,0.192307692307692,0,0,468,1658,78,289,55,252,71,55
"1402","2020-03-18",54,17,175,459,5382,0.192307692307692,0,0,468,1658,91,380,29,281,80,29
"1403","2020-03-19",66,17,170,512,5382,0.192307692307692,0,0,468,1658,116,496,22,303,108,22
"1404","2020-03-20",91,17,158,549,5382,0.192307692307692,0,0,468,1658,116,612,43,346,106,43
"1405","2020-03-21",117,17,172,593,5382,0.192307692307692,0,0,468,1658,158,770,28,374,144,28
"1406","2020-03-22",126,17,224,636,5382,0.192307692307692,0,0,468,1658,191,961,25,399,174,25
"1407","2020-03-23",137,17,257,687,5382,0.192307692307692,0,0,468,1658,197,1158,25,424,191,25
"1408","2020-03-24",147,17,274,732,5382,0.192307692307692,0,0,468,1658,213,1371,58,482,196,58
"1409","2020-03-25",153,17,249,751,5382,0.192307692307692,0,0,468,1658,278,1649,42,524,265,42
"1410","2020-03-26",187,17,252,756,5382,0.192307692307692,0,0,468,1658,273,1922,27,551,268,27
"1411","2020-03-27",190,17,236,776,5382,0.192307692307692,0,0,468,1658,315,2237,22,573,308,22
"1412","2020-03-28",200,17,216,790,5382,0.192307692307692,0,0,468,1658,363,2600,38,611,355,38
"1413","2020-03-29",221,17,219,779,5382,0.192307692307692,0,0,468,1658,393,2993,63,674,391,63
"1414","2020-03-30",232,17,201,770,5382,0.192307692307692,0,0,468,1658,448,3441,42,716,442,42
"1415","2020-03-31",249,17,209,758,5382,0.192307692307692,0,0,468,1658,503,3944,25,741,498,25
"1416","2020-04-01",250,17,233,762,5382,0.192307692307692,0,0,468,1658,445,4389,11,752,442,11
"1417","2020-04-02",235,17,231,789,5382,0.192307692307692,0,0,468,1658,328,4717,16,768,321,16
"1418","2020-04-03",239,17,209,799,5382,0.192307692307692,0,0,468,1658,361,5078,49,817,357,49
"1419","2020-04-04",232,17,185,791,5382,0.192307692307692,0,0,468,1658,272,5350,52,869,266,52
"1420","2020-04-05",220,17,162,804,5382,0.192307692307692,0,0,468,1658,338,5688,46,915,332,46
"1421","2020-04-06",223,17,164,798,5382,0.192307692307692,0,0,468,1658,289,5977,59,974,284,59
"1422","2020-04-07",201,17,196,778,5382,0.192307692307692,0,0,468,1658,217,6194,44,1018,213,44
"1423","2020-04-08",203,17,206,786,5382,0.192307692307692,0,0,468,1658,184,6378,56,1074,181,56
"1424","2020-04-09",196,17,263,802,5382,0.192307692307692,0,0,468,1658,148,6526,39,1113,144,39
"1425","2020-04-10",189,17,267,803,5382,0.192307692307692,0,0,468,1658,134,6660,19,1132,131,19
"1426","2020-04-11",195,17,238,809,5382,0.192307692307692,0,0,468,1658,145,6805,12,1144,144,12
"1427","2020-04-12",195,17,239,797,5382,0.192307692307692,0,0,468,1658,87,6892,15,1159,85,15
"1428","2020-04-13",182,17,249,790,5382,0.192307692307692,0,0,468,1658,82,6974,7,1166,80,7
"1429","2020-04-14",200,17,253,806,5382,0.192307692307692,0,0,468,1658,54,7028,56,1222,53,56
"1430","2020-04-15",198,17,230,807,5382,0.192307692307692,0,0,468,1658,57,7085,32,1254,57,32
"1431","2020-04-16",193,17,210,794,5382,0.192307692307692,0,0,468,1658,43,7128,51,1305,42,51
"1432","2020-04-17",198,17,193,773,5382,0.192307692307692,0,0,468,1658,28,7156,52,1357,26,52
"1433","2020-04-18",179,17,194,780,5382,0.192307692307692,0,0,468,1658,33,7189,35,1392,32,35
"1434","2020-04-19",184,17,212,752,5382,0.192307692307692,0,0,468,1658,30,7219,36,1428,29,36
"1435","2020-04-20",192,17,273,746,5382,0.192307692307692,0,0,468,1658,28,7247,23,1451,25,23
"1436","2020-04-21",192,17,290,753,5382,0.192307692307692,0,0,468,1658,15,7262,20,1471,14,20
"1437","2020-04-22",190,17,245,766,5382,0.192307692307692,0,0,468,1658,19,7281,44,1515,18,44
"1438","2020-04-23",195,17,202,757,5382,0.192307692307692,0,0,468,1658,8,7289,41,1556,8,41
"1439","2020-04-24",197,17,203,751,5382,0.192307692307692,0,0,468,1658,17,7306,51,1607,14,51
"1440","2020-04-25",204,17,201,740,5382,0.192307692307692,0,0,468,1658,4,7310,28,1635,4,28
"1441","2020-04-26",208,17,215,726,5382,0.192307692307692,0,0,468,1658,9,7319,51,1686,9,51
"1442","2020-04-27",199,17,252,714,5382,0.192307692307692,0,0,468,1658,5,7324,30,1716,4,30
"1443","2020-04-28",186,17,234,699,5382,0.192307692307692,0,0,468,1658,11,7335,24,1740,9,24
"1444","2020-04-29",186,17,225,705,5382,0.192307692307692,0,0,468,1658,8,7343,37,1777,6,37
"1445","2020-04-30",187,17,211,698,5382,0.192307692307692,0,0,468,1658,4,7347,45,1822,4,45
"1446","2020-05-01",185,17,238,707,5382,0.192307692307692,0,0,468,1658,5,7352,28,1850,5,28
"1447","2020-05-02",186,17,241,704,5382,0.192307692307692,0,0,468,1658,6,7358,22,1872,3,22
"1448","2020-05-03",177,17,243,702,5382,0.192307692307692,0,0,468,1658,7,7365,9,1881,5,9
"1449","2020-05-04",191,17,223,709,5382,0.192307692307692,0,0,468,1658,3,7368,13,1894,1,13
"1450","2020-05-05",197,17,220,676,5382,0.192307692307692,0,0,468,1658,2,7370,32,1926,1,32
"1451","2020-05-06",202,17,186,674,5382,0.192307692307692,0,0,468,1658,4,7374,41,1967,3,41
"1452","2020-05-07",203,17,185,669,5382,0.192307692307692,0,0,468,1658,4,7378,20,1987,3,20
"1453","2020-05-08",200,17,222,664,5382,0.192307692307692,0,0,468,1658,3,7381,20,2007,3,20
"1454","2020-05-09",195,17,213,654,5382,0.192307692307692,0,0,468,1658,2,7383,31,2038,2,31
"1455","2020-05-10",193,17,183,650,5382,0.192307692307692,0,0,468,1658,4,7387,18,2056,2,18
"1456","2020-05-11",187,17,194,666,5382,0.192307692307692,0,0,468,1658,2,7389,16,2072,1,16
"1457","2020-05-12",187,17,192,641,5382,0.192307692307692,0,0,468,1658,6,7395,9,2081,4,9
"1458","2020-05-13",177,17,200,639,5382,0.192307692307692,0,0,468,1658,NA,NA,12,2093,NA,12
"1459","2020-05-14",176,17,206,624,5382,0.192307692307692,0,0,468,1658,6,7401,7,2100,4,7
"1460","2020-05-15",171,17,201,599,5382,0.192307692307692,0,0,468,1658,5,7406,54,2154,2,54
"1461","2020-05-16",182,17,188,587,5382,0.192307692307692,0,0,468,1658,5,7411,48,2202,3,48
"1462","2020-05-17",186,17,180,574,5382,0.192307692307692,0,0,468,1658,7,7418,34,2236,4,34
"1463","2020-05-18",173,17,186,543,5382,0.192307692307692,0,0,468,1658,3,7421,18,2254,3,18
"1464","2020-05-19",174,17,199,524,5382,0.192307692307692,0,0,468,1658,4,7425,21,2275,1,21
"1465","2020-05-20",177,17,226,513,5382,0.192307692307692,0,0,468,1658,5,7430,30,2305,4,30
"1466","2020-05-21",172,17,242,500,5382,0.192307692307692,0,0,468,1658,6,7436,38,2343,2,38
"1467","2020-05-22",170,17,247,479,5382,0.192307692307692,0,0,468,1658,3,7439,43,2386,3,43
"1468","2020-05-23",155,17,289,462,5382,0.192307692307692,0,0,468,1658,4,7443,32,2418,4,32
"1469","2020-05-24",143,17,269,447,5382,0.192307692307692,0,0,468,1658,NA,NA,60,2478,NA,60
"1470","2020-05-25",141,17,243,445,5382,0.192307692307692,0,0,468,1658,2,7445,39,2517,1,39
"1471","2020-05-26",123,17,213,434,5382,0.192307692307692,0,0,468,1658,NA,NA,30,2547,NA,30
"1472","2020-05-27",121,17,191,418,5382,0.192307692307692,0,0,468,1658,2,7447,39,2586,2,39
"1473","2020-05-28",113,17,178,391,5382,0.192307692307692,0,0,468,1658,5,7452,44,2630,4,44
"1474","2020-05-29",111,17,172,354,5382,0.192307692307692,0,0,468,1658,2,7454,24,2654,2,24
"1475","2020-05-30",106,17,183,348,5382,0.192307692307692,0,0,468,1658,NA,NA,24,2678,NA,24
"1476","2020-05-31",106,17,201,342,5382,0.192307692307692,0,0,468,1658,3,7457,35,2713,2,35
"1477","2020-06-01",105,17,206,338,5382,0.192307692307692,0,0,468,1658,2,7459,51,2764,1,51
"1478","2020-06-02",106,17,212,328,5382,0.192307692307692,0,0,468,1658,5,7464,57,2821,5,57
"1479","2020-06-03",96,17,196,317,5382,0.192307692307692,0,0,468,1658,NA,NA,20,2841,NA,20
"1480","2020-06-04",89,17,185,302,5382,0.192307692307692,0,0,468,1658,1,7465,20,2861,NA,20
"1481","2020-06-05",85,17,220,298,5382,0.192307692307692,0,0,468,1658,1,7466,21,2882,1,21
"1482","2020-06-06",87,17,215,290,5382,0.192307692307692,0,0,468,1658,1,7467,24,2906,1,24
"1483","2020-06-07",83,17,228,275,5382,0.192307692307692,0,0,468,1658,1,7468,19,2925,1,19
"1484","2020-03-13",1,18,153,94,4455,0.492929292929293,0,0,401,1997,14,60,45,71,4,45
"1485","2020-03-14",6,18,178,131,4455,0.492929292929293,0,0,401,1997,14,74,36,107,4,36
"1486","2020-03-15",16,18,173,187,4455,0.492929292929293,0,0,401,1997,20,94,24,131,6,24
"1487","2020-03-16",18,18,163,220,4455,0.492929292929293,0,0,401,1997,19,113,20,151,7,20
"1488","2020-03-17",24,18,152,272,4455,0.492929292929293,0,0,401,1997,23,136,42,193,6,42
"1489","2020-03-18",31,18,145,312,4455,0.492929292929293,0,0,401,1997,35,171,23,216,23,23
"1490","2020-03-19",46,18,153,357,4455,0.492929292929293,0,0,401,1997,23,194,19,235,7,19
"1491","2020-03-20",62,18,200,384,4455,0.492929292929293,0,0,401,1997,26,220,13,248,10,13
"1492","2020-03-21",69,18,194,413,4455,0.492929292929293,0,0,401,1997,32,252,6,254,11,6
"1493","2020-03-22",73,18,227,473,4455,0.492929292929293,0,0,401,1997,27,279,6,260,10,6
"1494","2020-03-23",90,18,206,513,4455,0.492929292929293,0,0,401,1997,24,303,13,273,10,13
"1495","2020-03-24",103,18,213,542,4455,0.492929292929293,0,0,401,1997,30,333,10,283,16,10
"1496","2020-03-25",117,18,188,567,4455,0.492929292929293,0,0,401,1997,41,374,31,314,28,31
"1497","2020-03-26",122,18,191,590,4455,0.492929292929293,0,0,401,1997,39,413,20,334,21,20
"1498","2020-03-27",133,18,200,594,4455,0.492929292929293,0,0,401,1997,30,443,33,367,15,33
"1499","2020-03-28",136,18,241,619,4455,0.492929292929293,0,0,401,1997,36,479,14,381,20,14
"1500","2020-03-29",148,18,249,634,4455,0.492929292929293,0,0,401,1997,48,527,53,434,30,53
"1501","2020-03-30",156,18,230,641,4455,0.492929292929293,0,0,401,1997,34,561,36,470,16,36
"1502","2020-03-31",166,18,205,638,4455,0.492929292929293,0,0,401,1997,38,599,10,480,17,10
"1503","2020-04-01",179,18,180,638,4455,0.492929292929293,0,0,401,1997,36,635,12,492,19,12
"1504","2020-04-02",181,18,197,632,4455,0.492929292929293,0,0,401,1997,29,664,14,506,11,14
"1505","2020-04-03",184,18,222,651,4455,0.492929292929293,0,0,401,1997,35,699,10,516,16,10
"1506","2020-04-04",193,18,215,651,4455,0.492929292929293,0,0,401,1997,35,734,4,520,18,4
"1507","2020-04-05",194,18,221,641,4455,0.492929292929293,0,0,401,1997,38,772,15,535,18,15
"1508","2020-04-06",196,18,254,640,4455,0.492929292929293,0,0,401,1997,51,823,25,560,30,25
"1509","2020-04-07",195,18,263,629,4455,0.492929292929293,0,0,401,1997,40,863,29,589,20,29
"1510","2020-04-08",186,18,232,643,4455,0.492929292929293,0,0,401,1997,38,901,11,600,16,11
"1511","2020-04-09",184,18,205,638,4455,0.492929292929293,0,0,401,1997,28,929,32,632,10,32
"1512","2020-04-10",176,18,192,644,4455,0.492929292929293,0,0,401,1997,40,969,16,648,21,16
"1513","2020-04-11",178,18,162,654,4455,0.492929292929293,0,0,401,1997,28,997,13,661,11,13
"1514","2020-04-12",175,18,158,669,4455,0.492929292929293,0,0,401,1997,38,1035,16,677,21,16
"1515","2020-04-13",180,18,154,667,4455,0.492929292929293,0,0,401,1997,38,1073,39,716,15,39
"1516","2020-04-14",180,18,153,663,4455,0.492929292929293,0,0,401,1997,30,1103,44,760,10,44
"1517","2020-04-15",185,18,147,678,4455,0.492929292929293,0,0,401,1997,29,1132,24,784,4,24
"1518","2020-04-16",188,18,157,693,4455,0.492929292929293,0,0,401,1997,28,1160,25,809,7,25
"1519","2020-04-17",193,18,201,682,4455,0.492929292929293,0,0,401,1997,25,1185,12,821,6,12
"1520","2020-04-18",205,18,213,694,4455,0.492929292929293,0,0,401,1997,35,1220,13,834,15,13
"1521","2020-04-19",209,18,177,704,4455,0.492929292929293,0,0,401,1997,22,1242,10,844,12,10
"1522","2020-04-20",202,18,176,716,4455,0.492929292929293,0,0,401,1997,21,1263,14,858,8,14
"1523","2020-04-21",193,18,190,738,4455,0.492929292929293,0,0,401,1997,29,1292,10,868,11,10
"1524","2020-04-22",195,18,253,741,4455,0.492929292929293,0,0,401,1997,24,1316,49,917,5,49
"1525","2020-04-23",203,18,242,751,4455,0.492929292929293,0,0,401,1997,44,1360,31,948,15,31
"1526","2020-04-24",200,18,237,743,4455,0.492929292929293,0,0,401,1997,33,1393,12,960,9,12
"1527","2020-04-25",194,18,206,744,4455,0.492929292929293,0,0,401,1997,37,1430,13,973,16,13
"1528","2020-04-26",195,18,196,758,4455,0.492929292929293,0,0,401,1997,33,1463,10,983,11,10
"1529","2020-04-27",200,18,202,759,4455,0.492929292929293,0,0,401,1997,36,1499,5,988,18,5
"1530","2020-04-28",214,18,180,744,4455,0.492929292929293,0,0,401,1997,30,1529,16,1004,6,16
"1531","2020-04-29",207,18,172,730,4455,0.492929292929293,0,0,401,1997,41,1570,10,1014,16,10
"1532","2020-04-30",210,18,178,732,4455,0.492929292929293,0,0,401,1997,34,1604,11,1025,13,11
"1533","2020-05-01",215,18,163,722,4455,0.492929292929293,0,0,401,1997,39,1643,25,1050,21,25
"1534","2020-05-02",217,18,220,716,4455,0.492929292929293,0,0,401,1997,32,1675,29,1079,16,29
"1535","2020-05-03",202,18,291,688,4455,0.492929292929293,0,0,401,1997,36,1711,17,1096,14,17
"1536","2020-05-04",196,18,294,700,4455,0.492929292929293,0,0,401,1997,29,1740,7,1103,11,7
"1537","2020-05-05",194,18,278,663,4455,0.492929292929293,0,0,401,1997,36,1776,13,1116,18,13
"1538","2020-05-06",197,18,268,636,4455,0.492929292929293,0,0,401,1997,28,1804,39,1155,9,39
"1539","2020-05-07",188,18,256,604,4455,0.492929292929293,0,0,401,1997,33,1837,37,1192,15,37
"1540","2020-05-08",181,18,237,582,4455,0.492929292929293,0,0,401,1997,29,1866,34,1226,15,34
"1541","2020-05-09",173,18,207,562,4455,0.492929292929293,0,0,401,1997,33,1899,22,1248,12,22
"1542","2020-05-10",183,18,202,537,4455,0.492929292929293,0,0,401,1997,33,1932,20,1268,17,20
"1543","2020-05-11",176,18,186,510,4455,0.492929292929293,0,0,401,1997,30,1962,49,1317,15,49
"1544","2020-05-12",167,18,180,494,4455,0.492929292929293,0,0,401,1997,19,1981,58,1375,11,58
"1545","2020-05-13",152,18,171,474,4455,0.492929292929293,0,0,401,1997,30,2011,49,1424,15,49
"1546","2020-05-14",150,18,164,468,4455,0.492929292929293,0,0,401,1997,26,2037,21,1445,13,21
"1547","2020-05-15",141,18,166,464,4455,0.492929292929293,0,0,401,1997,27,2064,17,1462,6,17
"1548","2020-05-16",137,18,236,454,4455,0.492929292929293,0,0,401,1997,35,2099,7,1469,19,7
"1549","2020-05-17",127,18,261,441,4455,0.492929292929293,0,0,401,1997,30,2129,12,1481,15,12
"1550","2020-05-18",125,18,262,431,4455,0.492929292929293,0,0,401,1997,28,2157,28,1509,14,28
"1551","2020-05-19",116,18,249,417,4455,0.492929292929293,0,0,401,1997,27,2184,37,1546,12,37
"1552","2020-05-20",117,18,239,414,4455,0.492929292929293,0,0,401,1997,31,2215,16,1562,19,16
"1553","2020-05-21",105,18,224,407,4455,0.492929292929293,0,0,401,1997,29,2244,41,1603,15,41
"1554","2020-05-22",107,18,213,383,4455,0.492929292929293,0,0,401,1997,31,2275,53,1656,17,53
"1555","2020-05-23",108,18,220,360,4455,0.492929292929293,0,0,401,1997,16,2291,52,1708,9,52
"1556","2020-05-24",113,18,226,360,4455,0.492929292929293,0,0,401,1997,13,2304,53,1761,7,53
"1557","2020-05-25",110,18,227,347,4455,0.492929292929293,0,0,401,1997,20,2324,30,1791,12,30
"1558","2020-05-26",113,18,214,352,4455,0.492929292929293,0,0,401,1997,18,2342,30,1821,3,30
"1559","2020-05-27",114,18,186,342,4455,0.492929292929293,0,0,401,1997,28,2370,24,1845,10,24
"1560","2020-05-28",118,18,155,332,4455,0.492929292929293,0,0,401,1997,17,2387,25,1870,9,25
"1561","2020-05-29",110,18,151,320,4455,0.492929292929293,0,0,401,1997,21,2408,36,1906,12,36
"1562","2020-05-30",98,18,148,297,4455,0.492929292929293,0,0,401,1997,15,2423,24,1930,7,24
"1563","2020-05-31",92,18,124,291,4455,0.492929292929293,0,0,401,1997,15,2438,16,1946,8,16
"1564","2020-06-01",88,18,127,274,4455,0.492929292929293,0,0,401,1997,14,2452,13,1959,10,13
"1565","2020-06-02",83,18,195,275,4455,0.492929292929293,0,0,401,1997,20,2472,11,1970,5,11
"1566","2020-06-03",77,18,285,258,4455,0.492929292929293,0,0,401,1997,20,2492,8,1978,9,8
"1567","2020-06-04",74,18,316,246,4455,0.492929292929293,0,0,401,1997,18,2510,24,2002,11,24
"1568","2020-06-05",80,18,287,239,4455,0.492929292929293,0,0,401,1997,9,2519,7,2009,5,7
"1569","2020-06-06",77,18,250,229,4455,0.492929292929293,0,0,401,1997,13,2532,13,2022,9,13
"1570","2020-06-07",76,18,251,221,4455,0.492929292929293,0,0,401,1997,16,2548,6,2028,10,6
"1571","2020-03-13",4,19,90,169,5219,0.187775435907262,0,0,455,984,59,165,60,174,11,60
"1572","2020-03-14",7,19,93,227,5219,0.187775435907262,0,0,455,984,56,221,36,210,7,36
"1573","2020-03-15",17,19,109,286,5219,0.187775435907262,0,0,455,984,59,280,24,234,10,24
"1574","2020-03-16",31,19,113,353,5219,0.187775435907262,0,0,455,984,64,344,16,250,11,16
"1575","2020-03-17",46,19,161,413,5219,0.187775435907262,0,0,455,984,63,407,10,260,15,10
"1576","2020-03-18",61,19,172,470,5219,0.187775435907262,0,0,455,984,71,478,20,280,17,20
"1577","2020-03-19",69,19,180,514,5219,0.187775435907262,0,0,455,984,102,580,14,294,41,14
"1578","2020-03-20",85,19,213,561,5219,0.187775435907262,0,0,455,984,99,679,42,336,28,42
"1579","2020-03-21",101,19,247,602,5219,0.187775435907262,0,0,455,984,79,758,26,362,32,26
"1580","2020-03-22",121,19,206,629,5219,0.187775435907262,0,0,455,984,81,839,16,378,23,16
"1581","2020-03-23",131,19,193,659,5219,0.187775435907262,0,0,455,984,82,921,12,390,35,12
"1582","2020-03-24",143,19,200,668,5219,0.187775435907262,0,0,455,984,91,1012,12,402,30,12
"1583","2020-03-25",152,19,191,681,5219,0.187775435907262,0,0,455,984,100,1112,23,425,40,23
"1584","2020-03-26",174,19,216,697,5219,0.187775435907262,0,0,455,984,85,1197,67,492,36,67
"1585","2020-03-27",176,19,237,706,5219,0.187775435907262,0,0,455,984,77,1274,20,512,26,20
"1586","2020-03-28",184,19,226,726,5219,0.187775435907262,0,0,455,984,92,1366,15,527,27,15
"1587","2020-03-29",186,19,196,765,5219,0.187775435907262,0,0,455,984,110,1476,66,593,42,66
"1588","2020-03-30",203,19,216,770,5219,0.187775435907262,0,0,455,984,80,1556,30,623,31,30
"1589","2020-03-31",216,19,193,767,5219,0.187775435907262,0,0,455,984,77,1633,16,639,25,16
"1590","2020-04-01",220,19,181,772,5219,0.187775435907262,0,0,455,984,97,1730,24,663,34,24
"1591","2020-04-02",216,19,164,790,5219,0.187775435907262,0,0,455,984,108,1838,57,720,51,57
"1592","2020-04-03",231,19,197,811,5219,0.187775435907262,0,0,455,984,105,1943,72,792,41,72
"1593","2020-04-04",236,19,199,812,5219,0.187775435907262,0,0,455,984,96,2039,54,846,41,54
"1594","2020-04-05",234,19,194,795,5219,0.187775435907262,0,0,455,984,104,2143,29,875,52,29
"1595","2020-04-06",223,19,217,794,5219,0.187775435907262,0,0,455,984,95,2238,19,894,35,19
"1596","2020-04-07",214,19,229,796,5219,0.187775435907262,0,0,455,984,100,2338,10,904,43,10
"1597","2020-04-08",205,19,224,785,5219,0.187775435907262,0,0,455,984,103,2441,48,952,41,48
"1598","2020-04-09",213,19,230,791,5219,0.187775435907262,0,0,455,984,97,2538,42,994,32,42
"1599","2020-04-10",212,19,229,762,5219,0.187775435907262,0,0,455,984,110,2648,69,1063,39,69
"1600","2020-04-11",208,19,231,741,5219,0.187775435907262,0,0,455,984,85,2733,59,1122,40,59
"1601","2020-04-12",208,19,240,751,5219,0.187775435907262,0,0,455,984,78,2811,31,1153,19,31
"1602","2020-04-13",217,19,239,778,5219,0.187775435907262,0,0,455,984,85,2896,40,1193,28,40
"1603","2020-04-14",223,19,212,769,5219,0.187775435907262,0,0,455,984,88,2984,60,1253,25,60
"1604","2020-04-15",243,19,193,775,5219,0.187775435907262,0,0,455,984,67,3051,43,1296,11,43
"1605","2020-04-16",240,19,185,775,5219,0.187775435907262,0,0,455,984,71,3122,17,1313,11,17
"1606","2020-04-17",245,19,155,758,5219,0.187775435907262,0,0,455,984,74,3196,47,1360,15,47
"1607","2020-04-18",238,19,150,758,5219,0.187775435907262,0,0,455,984,70,3266,43,1403,17,43
"1608","2020-04-19",234,19,181,778,5219,0.187775435907262,0,0,455,984,62,3328,34,1437,18,34
"1609","2020-04-20",229,19,185,793,5219,0.187775435907262,0,0,455,984,70,3398,17,1454,19,17
"1610","2020-04-21",215,19,184,799,5219,0.187775435907262,0,0,455,984,60,3458,14,1468,18,14
"1611","2020-04-22",206,19,190,803,5219,0.187775435907262,0,0,455,984,70,3528,11,1479,23,11
"1612","2020-04-23",212,19,183,800,5219,0.187775435907262,0,0,455,984,57,3585,14,1493,10,14
"1613","2020-04-24",212,19,167,786,5219,0.187775435907262,0,0,455,984,59,3644,64,1557,11,64
"1614","2020-04-25",215,19,153,779,5219,0.187775435907262,0,0,455,984,74,3718,59,1616,16,59
"1615","2020-04-26",222,19,169,782,5219,0.187775435907262,0,0,455,984,74,3792,32,1648,11,32
"1616","2020-04-27",225,19,212,746,5219,0.187775435907262,0,0,455,984,61,3853,64,1712,15,64
"1617","2020-04-28",234,19,223,774,5219,0.187775435907262,0,0,455,984,46,3899,38,1750,4,38
"1618","2020-04-29",231,19,213,780,5219,0.187775435907262,0,0,455,984,47,3946,26,1776,14,26
"1619","2020-04-30",226,19,203,754,5219,0.187775435907262,0,0,455,984,67,4013,24,1800,18,24
"1620","2020-05-01",218,19,180,738,5219,0.187775435907262,0,0,455,984,64,4077,19,1819,8,19
"1621","2020-05-02",226,19,178,722,5219,0.187775435907262,0,0,455,984,61,4138,11,1830,14,11
"1622","2020-05-03",224,19,185,711,5219,0.187775435907262,0,0,455,984,45,4183,19,1849,9,19
"1623","2020-05-04",214,19,190,684,5219,0.187775435907262,0,0,455,984,59,4242,36,1885,18,36
"1624","2020-05-05",211,19,213,667,5219,0.187775435907262,0,0,455,984,39,4281,15,1900,7,15
"1625","2020-05-06",208,19,232,660,5219,0.187775435907262,0,0,455,984,50,4331,13,1913,13,13
"1626","2020-05-07",202,19,227,645,5219,0.187775435907262,0,0,455,984,46,4377,11,1924,8,11
"1627","2020-05-08",195,19,206,641,5219,0.187775435907262,0,0,455,984,41,4418,10,1934,11,10
"1628","2020-05-09",182,19,194,620,5219,0.187775435907262,0,0,455,984,47,4465,49,1983,8,49
"1629","2020-05-10",174,19,189,602,5219,0.187775435907262,0,0,455,984,57,4522,28,2011,14,28
"1630","2020-05-11",162,19,202,607,5219,0.187775435907262,0,0,455,984,46,4568,27,2038,7,27
"1631","2020-05-12",164,19,215,585,5219,0.187775435907262,0,0,455,984,60,4628,27,2065,14,27
"1632","2020-05-13",154,19,256,585,5219,0.187775435907262,0,0,455,984,37,4665,20,2085,7,20
"1633","2020-05-14",150,19,265,555,5219,0.187775435907262,0,0,455,984,46,4711,12,2097,10,12
"1634","2020-05-15",151,19,246,556,5219,0.187775435907262,0,0,455,984,35,4746,14,2111,9,14
"1635","2020-05-16",158,19,223,537,5219,0.187775435907262,0,0,455,984,48,4794,23,2134,11,23
"1636","2020-05-17",152,19,210,514,5219,0.187775435907262,0,0,455,984,38,4832,34,2168,8,34
"1637","2020-05-18",153,19,210,487,5219,0.187775435907262,0,0,455,984,34,4866,32,2200,7,32
"1638","2020-05-19",142,19,236,476,5219,0.187775435907262,0,0,455,984,43,4909,18,2218,13,18
"1639","2020-05-20",149,19,252,450,5219,0.187775435907262,0,0,455,984,33,4942,19,2237,6,19
"1640","2020-05-21",148,19,238,428,5219,0.187775435907262,0,0,455,984,30,4972,32,2269,6,32
"1641","2020-05-22",135,19,228,418,5219,0.187775435907262,0,0,455,984,30,5002,15,2284,9,15
"1642","2020-05-23",128,19,258,404,5219,0.187775435907262,0,0,455,984,28,5030,20,2304,7,20
"1643","2020-05-24",126,19,246,397,5219,0.187775435907262,0,0,455,984,23,5053,14,2318,5,14
"1644","2020-05-25",123,19,243,382,5219,0.187775435907262,0,0,455,984,29,5082,8,2326,4,8
"1645","2020-05-26",118,19,236,350,5219,0.187775435907262,0,0,455,984,30,5112,16,2342,8,16
"1646","2020-05-27",111,19,236,339,5219,0.187775435907262,0,0,455,984,26,5138,70,2412,9,70
"1647","2020-05-28",104,19,224,325,5219,0.187775435907262,0,0,455,984,27,5165,47,2459,6,47
"1648","2020-05-29",103,19,216,315,5219,0.187775435907262,0,0,455,984,28,5193,22,2481,8,22
"1649","2020-05-30",100,19,197,308,5219,0.187775435907262,0,0,455,984,26,5219,22,2503,4,22
"1650","2020-05-31",97,19,208,300,5219,0.187775435907262,0,0,455,984,22,5241,40,2543,5,40
"1651","2020-06-01",95,19,213,302,5219,0.187775435907262,0,0,455,984,27,5268,25,2568,11,25
"1652","2020-06-02",90,19,198,295,5219,0.187775435907262,0,0,455,984,16,5284,18,2586,5,18
"1653","2020-06-03",83,19,185,286,5219,0.187775435907262,0,0,455,984,17,5301,46,2632,2,46
"1654","2020-06-04",84,19,168,281,5219,0.187775435907262,0,0,455,984,20,5321,36,2668,5,36
"1655","2020-06-05",87,19,150,273,5219,0.187775435907262,0,0,455,984,15,5336,45,2713,6,45
"1656","2020-06-06",77,19,135,263,5219,0.187775435907262,0,0,455,984,19,5355,37,2750,5,37
"1657","2020-06-07",72,19,140,270,5219,0.187775435907262,0,0,455,984,18,5373,50,2800,3,50
"1658","2020-03-14",2,20,235,86,5096,0.826334379905808,0,0,430,1118,29,91,11,50,5,11
"1659","2020-03-15",4,20,256,127,5096,0.826334379905808,0,0,430,1118,21,112,14,64,4,14
"1660","2020-03-16",7,20,244,163,5096,0.826334379905808,0,0,430,1118,25,137,27,91,10,27
"1661","2020-03-17",12,20,272,212,5096,0.826334379905808,0,0,430,1118,29,166,26,117,13,26
"1662","2020-03-18",22,20,313,264,5096,0.826334379905808,0,0,430,1118,31,197,26,143,10,26
"1663","2020-03-19",30,20,303,304,5096,0.826334379905808,0,0,430,1118,43,240,28,171,16,28
"1664","2020-03-20",41,20,268,334,5096,0.826334379905808,0,0,430,1118,50,290,21,192,24,21
"1665","2020-03-21",56,20,238,381,5096,0.826334379905808,0,0,430,1118,37,327,19,211,17,19
"1666","2020-03-22",75,20,233,438,5096,0.826334379905808,0,0,430,1118,39,366,29,240,15,29
"1667","2020-03-23",86,20,221,494,5096,0.826334379905808,0,0,430,1118,47,413,31,271,25,31
"1668","2020-03-24",109,20,245,556,5096,0.826334379905808,0,0,430,1118,44,457,22,293,18,22
"1669","2020-03-25",121,20,226,590,5096,0.826334379905808,0,0,430,1118,42,499,37,330,20,37
"1670","2020-03-26",136,20,244,635,5096,0.826334379905808,0,0,430,1118,43,542,53,383,24,53
"1671","2020-03-27",154,20,251,691,5096,0.826334379905808,0,0,430,1118,52,594,59,442,34,59
"1672","2020-03-28",169,20,225,727,5096,0.826334379905808,0,0,430,1118,40,634,39,481,20,39
"1673","2020-03-29",181,20,238,768,5096,0.826334379905808,0,0,430,1118,34,668,34,515,18,34
"1674","2020-03-30",193,20,227,819,5096,0.826334379905808,0,0,430,1118,45,713,64,579,19,64
"1675","2020-03-31",194,20,213,875,5096,0.826334379905808,0,0,430,1118,44,757,53,632,10,53
"1676","2020-04-01",204,20,214,914,5096,0.826334379905808,0,0,430,1118,40,797,40,672,16,40
"1677","2020-04-02",211,20,210,936,5096,0.826334379905808,0,0,430,1118,44,841,60,732,20,60
"1678","2020-04-03",226,20,209,970,5096,0.826334379905808,0,0,430,1118,37,878,55,787,11,55
"1679","2020-04-04",228,20,216,1029,5096,0.826334379905808,0,0,430,1118,41,919,39,826,10,39
"1680","2020-04-05",249,20,206,1022,5096,0.826334379905808,0,0,430,1118,45,964,65,891,15,65
"1681","2020-04-06",266,20,236,1045,5096,0.826334379905808,0,0,430,1118,32,996,27,918,18,27
"1682","2020-04-07",278,20,213,1050,5096,0.826334379905808,0,0,430,1118,44,1040,33,951,12,33
"1683","2020-04-08",292,20,196,1099,5096,0.826334379905808,0,0,430,1118,38,1078,38,989,16,38
"1684","2020-04-09",311,20,194,1112,5096,0.826334379905808,0,0,430,1118,33,1111,29,1018,10,29
"1685","2020-04-10",311,20,249,1143,5096,0.826334379905808,0,0,430,1118,45,1156,45,1063,18,45
"1686","2020-04-11",325,20,263,1173,5096,0.826334379905808,0,0,430,1118,34,1190,24,1087,12,24
"1687","2020-04-12",322,20,240,1160,5096,0.826334379905808,0,0,430,1118,53,1243,46,1133,17,46
"1688","2020-04-13",332,20,213,1146,5096,0.826334379905808,0,0,430,1118,47,1290,39,1172,16,39
"1689","2020-04-14",344,20,230,1141,5096,0.826334379905808,0,0,430,1118,51,1341,36,1208,11,36
"1690","2020-04-15",338,20,291,1124,5096,0.826334379905808,0,0,430,1118,41,1382,35,1243,15,35
"1691","2020-04-16",338,20,278,1102,5096,0.826334379905808,0,0,430,1118,46,1428,40,1283,13,40
"1692","2020-04-17",336,20,272,1069,5096,0.826334379905808,0,0,430,1118,50,1478,30,1313,23,30
"1693","2020-04-18",332,20,243,1061,5096,0.826334379905808,0,0,430,1118,53,1531,69,1382,22,69
"1694","2020-04-19",325,20,233,1050,5096,0.826334379905808,0,0,430,1118,42,1573,70,1452,22,70
"1695","2020-04-20",328,20,210,1036,5096,0.826334379905808,0,0,430,1118,42,1615,42,1494,14,42
"1696","2020-04-21",303,20,199,1011,5096,0.826334379905808,0,0,430,1118,44,1659,45,1539,8,45
"1697","2020-04-22",298,20,191,1005,5096,0.826334379905808,0,0,430,1118,47,1706,40,1579,16,40
"1698","2020-04-23",307,20,188,974,5096,0.826334379905808,0,0,430,1118,40,1746,54,1633,14,54
"1699","2020-04-24",304,20,191,932,5096,0.826334379905808,0,0,430,1118,43,1789,50,1683,15,50
"1700","2020-04-25",292,20,181,907,5096,0.826334379905808,0,0,430,1118,43,1832,43,1726,9,43
"1701","2020-04-26",285,20,228,888,5096,0.826334379905808,0,0,430,1118,37,1869,47,1773,8,47
"1702","2020-04-27",271,20,286,869,5096,0.826334379905808,0,0,430,1118,35,1904,41,1814,18,41
"1703","2020-04-28",278,20,289,823,5096,0.826334379905808,0,0,430,1118,41,1945,32,1846,14,32
"1704","2020-04-29",269,20,279,781,5096,0.826334379905808,0,0,430,1118,36,1981,67,1913,9,67
"1705","2020-04-30",246,20,241,763,5096,0.826334379905808,0,0,430,1118,45,2026,44,1957,18,44
"1706","2020-05-01",231,20,242,733,5096,0.826334379905808,0,0,430,1118,37,2063,38,1995,8,38
"1707","2020-05-02",220,20,226,716,5096,0.826334379905808,0,0,430,1118,31,2094,44,2039,9,44
"1708","2020-05-03",208,20,249,712,5096,0.826334379905808,0,0,430,1118,44,2138,31,2070,13,31
"1709","2020-05-04",194,20,311,678,5096,0.826334379905808,0,0,430,1118,20,2158,49,2119,3,49
"1710","2020-05-05",193,20,285,646,5096,0.826334379905808,0,0,430,1118,43,2201,57,2176,17,57
"1711","2020-05-06",202,20,263,613,5096,0.826334379905808,0,0,430,1118,50,2251,49,2225,13,49
"1712","2020-05-07",205,20,270,574,5096,0.826334379905808,0,0,430,1118,34,2285,44,2269,13,44
"1713","2020-05-08",210,20,279,546,5096,0.826334379905808,0,0,430,1118,35,2320,33,2302,11,33
"1714","2020-05-09",209,20,267,535,5096,0.826334379905808,0,0,430,1118,48,2368,28,2330,16,28
"1715","2020-05-10",200,20,256,516,5096,0.826334379905808,0,0,430,1118,29,2397,29,2359,12,29
"1716","2020-05-11",191,20,222,494,5096,0.826334379905808,0,0,430,1118,25,2422,25,2384,9,25
"1717","2020-05-12",179,20,223,477,5096,0.826334379905808,0,0,430,1118,41,2463,27,2411,15,27
"1718","2020-05-13",170,20,260,460,5096,0.826334379905808,0,0,430,1118,34,2497,20,2431,13,20
"1719","2020-05-14",153,20,278,424,5096,0.826334379905808,0,0,430,1118,30,2527,40,2471,2,40
"1720","2020-05-15",141,20,285,404,5096,0.826334379905808,0,0,430,1118,33,2560,33,2504,11,33
"1721","2020-05-16",137,20,275,387,5096,0.826334379905808,0,0,430,1118,37,2597,60,2564,17,60
"1722","2020-05-17",138,20,242,372,5096,0.826334379905808,0,0,430,1118,28,2625,39,2603,9,39
"1723","2020-05-18",128,20,227,362,5096,0.826334379905808,0,0,430,1118,23,2648,28,2631,7,29
"1724","2020-05-19",125,20,254,339,5096,0.826334379905808,0,0,430,1118,28,2676,31,2662,9,31
"1725","2020-05-20",115,20,259,334,5096,0.826334379905808,0,0,430,1118,35,2711,31,2693,13,31
"1726","2020-05-21",102,20,245,324,5096,0.826334379905808,0,0,430,1118,25,2736,26,2719,18,26
"1727","2020-05-22",93,20,213,304,5096,0.826334379905808,0,0,430,1118,27,2763,18,2737,12,18
"1728","2020-05-23",94,20,196,290,5096,0.826334379905808,0,0,430,1118,28,2791,48,2785,15,48
"1729","2020-05-24",86,20,182,273,5096,0.826334379905808,0,0,430,1118,18,2809,23,2808,10,23
"1730","2020-05-25",85,20,149,256,5096,0.826334379905808,0,0,430,1118,27,2836,35,2843,10,35
"1731","2020-05-26",82,20,131,236,5096,0.826334379905808,0,0,430,1118,22,2858,44,2887,7,44
"1732","2020-05-27",78,20,154,217,5096,0.826334379905808,0,0,430,1118,20,2878,28,2915,5,28
"1733","2020-05-28",79,20,204,212,5096,0.826334379905808,0,0,430,1118,27,2905,28,2943,14,28
"1734","2020-05-29",84,20,247,200,5096,0.826334379905808,0,0,430,1118,22,2927,46,2989,13,46
"1735","2020-05-30",77,20,293,193,5096,0.826334379905808,0,0,430,1118,20,2947,37,3026,10,37
"1736","2020-05-31",73,20,302,195,5096,0.826334379905808,0,0,430,1118,24,2971,36,3062,9,36
"1737","2020-06-01",72,20,313,174,5096,0.826334379905808,0,0,430,1118,17,2988,36,3098,6,36
"1738","2020-06-02",60,20,315,172,5096,0.826334379905808,0,0,430,1118,17,3005,37,3135,8,37
"1739","2020-06-03",58,20,284,166,5096,0.826334379905808,0,0,430,1118,12,3017,47,3182,4,47
"1740","2020-06-04",56,20,261,165,5096,0.826334379905808,0,0,430,1118,18,3035,46,3228,14,46
"1741","2020-06-05",53,20,272,170,5096,0.826334379905808,0,0,430,1118,20,3055,28,3256,8,28
"1742","2020-06-06",47,20,244,164,5096,0.826334379905808,0,0,430,1118,15,3070,46,3302,7,46
"1743","2020-06-07",49,20,218,155,5096,0.826334379905808,0,0,430,1118,17,3087,40,3342,6,40
