"","Date","Absents","Paramset","Infections_or_Exposed_per_day_Patient","Infections_or_Exposed_per_day_HCW","total_infections","nosocomial_proportion","PCR_pooled","LFD_pooled","HCW_symp_test","patient_symp_test","new_hcw_infs","cumulative_hcw_infs","new_pat_infs","cumulative_pats_infs","new_nosocomial_hcw_infs","new_nosocomial_pat_infs"
"1","2020-03-13",2,1,11,36,4198,0.749642686993807,0,0,382,227,12,36,2,9,1,2
"2","2020-03-14",3,1,7,53,4198,0.749642686993807,0,0,382,227,17,53,1,10,6,1
"3","2020-03-15",4,1,9,64,4198,0.749642686993807,0,0,382,227,11,64,2,12,4,2
"4","2020-03-16",4,1,14,82,4198,0.749642686993807,0,0,382,227,18,82,4,16,7,4
"5","2020-03-17",7,1,23,97,4198,0.749642686993807,0,0,382,227,15,97,10,26,4,10
"6","2020-03-18",8,1,29,110,4198,0.749642686993807,0,0,382,227,16,113,4,30,8,4
"7","2020-03-19",11,1,27,125,4198,0.749642686993807,0,0,382,227,18,131,7,37,7,7
"8","2020-03-20",12,1,25,137,4198,0.749642686993807,0,0,382,227,17,148,3,40,8,3
"9","2020-03-21",18,1,24,160,4198,0.749642686993807,0,0,382,227,28,176,4,44,15,4
"10","2020-03-22",22,1,25,181,4198,0.749642686993807,0,0,382,227,30,206,7,51,19,7
"11","2020-03-23",26,1,23,196,4198,0.749642686993807,0,0,382,227,22,228,3,54,13,3
"12","2020-03-24",34,1,23,223,4198,0.749642686993807,0,0,382,227,39,267,2,56,22,2
"13","2020-03-25",47,1,28,240,4198,0.749642686993807,0,0,382,227,29,296,4,60,21,4
"14","2020-03-26",53,1,31,258,4198,0.749642686993807,0,0,382,227,29,325,5,65,15,5
"15","2020-03-27",61,1,37,276,4198,0.749642686993807,0,0,382,227,34,359,11,76,23,11
"16","2020-03-28",65,1,37,292,4198,0.749642686993807,0,0,382,227,39,398,9,85,22,9
"17","2020-03-29",69,1,44,311,4198,0.749642686993807,0,0,382,227,34,432,13,98,27,13
"18","2020-03-30",80,1,50,337,4198,0.749642686993807,0,0,382,227,43,475,13,111,27,13
"19","2020-03-31",82,1,54,358,4198,0.749642686993807,0,0,382,227,41,516,14,125,29,14
"20","2020-04-01",77,1,50,379,4198,0.749642686993807,0,0,382,227,47,563,12,137,38,12
"21","2020-04-02",76,1,50,414,4198,0.749642686993807,0,0,382,227,58,621,8,145,48,8
"22","2020-04-03",80,1,48,432,4198,0.749642686993807,0,0,382,227,58,679,9,154,40,9
"23","2020-04-04",87,1,55,455,4198,0.749642686993807,0,0,382,227,53,732,10,164,41,10
"24","2020-04-05",92,1,62,465,4198,0.749642686993807,0,0,382,227,47,779,18,182,35,18
"25","2020-04-06",96,1,61,485,4198,0.749642686993807,0,0,382,227,60,839,11,193,47,11
"26","2020-04-07",105,1,55,518,4198,0.749642686993807,0,0,382,227,71,910,14,207,57,14
"27","2020-04-08",112,1,60,548,4198,0.749642686993807,0,0,382,227,67,977,11,218,56,11
"28","2020-04-09",134,1,56,581,4198,0.749642686993807,0,0,382,227,63,1040,7,225,51,7
"29","2020-04-10",151,1,59,617,4198,0.749642686993807,0,0,382,227,75,1115,11,236,58,11
"30","2020-04-11",163,1,52,635,4198,0.749642686993807,0,0,382,227,58,1173,10,246,48,10
"31","2020-04-12",181,1,53,672,4198,0.749642686993807,0,0,382,227,81,1254,9,255,66,9
"32","2020-04-13",188,1,56,681,4198,0.749642686993807,0,0,382,227,63,1317,8,263,54,8
"33","2020-04-14",191,1,62,703,4198,0.749642686993807,0,0,382,227,74,1391,15,278,59,15
"34","2020-04-15",200,1,60,711,4198,0.749642686993807,0,0,382,227,70,1461,8,286,58,8
"35","2020-04-16",202,1,64,710,4198,0.749642686993807,0,0,382,227,61,1522,16,302,37,16
"36","2020-04-17",194,1,65,729,4198,0.749642686993807,0,0,382,227,75,1597,12,314,57,12
"37","2020-04-18",189,1,63,735,4198,0.749642686993807,0,0,382,227,72,1669,10,324,59,10
"38","2020-04-19",186,1,71,740,4198,0.749642686993807,0,0,382,227,78,1747,11,335,62,11
"39","2020-04-20",188,1,70,748,4198,0.749642686993807,0,0,382,227,63,1810,10,345,53,10
"40","2020-04-21",198,1,65,741,4198,0.749642686993807,0,0,382,227,62,1872,10,355,46,10
"41","2020-04-22",205,1,66,748,4198,0.749642686993807,0,0,382,227,71,1943,11,366,56,11
"42","2020-04-23",200,1,62,768,4198,0.749642686993807,0,0,382,227,82,2025,9,375,65,9
"43","2020-04-24",204,1,56,785,4198,0.749642686993807,0,0,382,227,75,2100,7,382,60,7
"44","2020-04-25",216,1,58,772,4198,0.749642686993807,0,0,382,227,66,2166,10,392,56,10
"45","2020-04-26",216,1,48,752,4198,0.749642686993807,0,0,382,227,62,2228,4,396,51,4
"46","2020-04-27",215,1,41,757,4198,0.749642686993807,0,0,382,227,69,2297,4,400,51,4
"47","2020-04-28",227,1,38,757,4198,0.749642686993807,0,0,382,227,70,2367,2,402,57,2
"48","2020-04-29",224,1,45,752,4198,0.749642686993807,0,0,382,227,64,2431,14,416,48,14
"49","2020-04-30",220,1,46,742,4198,0.749642686993807,0,0,382,227,59,2490,12,428,39,12
"50","2020-05-01",230,1,45,751,4198,0.749642686993807,0,0,382,227,72,2562,6,434,57,6
"51","2020-05-02",220,1,48,734,4198,0.749642686993807,0,0,382,227,61,2623,11,445,48,11
"52","2020-05-03",218,1,56,738,4198,0.749642686993807,0,0,382,227,68,2691,9,454,54,9
"53","2020-05-04",227,1,62,739,4198,0.749642686993807,0,0,382,227,80,2771,16,470,65,16
"54","2020-05-05",209,1,61,748,4198,0.749642686993807,0,0,382,227,77,2848,9,479,64,9
"55","2020-05-06",207,1,60,752,4198,0.749642686993807,0,0,382,227,70,2918,12,491,59,12
"56","2020-05-07",215,1,66,734,4198,0.749642686993807,0,0,382,227,46,2964,14,505,33,14
"57","2020-05-08",214,1,74,731,4198,0.749642686993807,0,0,382,227,61,3025,17,522,48,17
"58","2020-05-09",210,1,71,721,4198,0.749642686993807,0,0,382,227,57,3082,9,531,46,9
"59","2020-05-10",212,1,58,716,4198,0.749642686993807,0,0,382,227,57,3139,6,537,43,6
"60","2020-05-11",207,1,70,694,4198,0.749642686993807,0,0,382,227,44,3183,19,556,41,19
"61","2020-05-12",205,1,73,659,4198,0.749642686993807,0,0,382,227,46,3229,19,575,36,19
"62","2020-05-13",208,1,70,638,4198,0.749642686993807,0,0,382,227,47,3276,7,582,38,7
"63","2020-05-14",203,1,66,621,4198,0.749642686993807,0,0,382,227,57,3333,6,588,46,6
"64","2020-05-15",189,1,69,608,4198,0.749642686993807,0,0,382,227,50,3383,16,604,39,16
"65","2020-05-16",185,1,75,591,4198,0.749642686993807,0,0,382,227,50,3433,14,618,44,14
"66","2020-05-17",174,1,77,587,4198,0.749642686993807,0,0,382,227,58,3491,11,629,51,11
"67","2020-05-18",168,1,65,580,4198,0.749642686993807,0,0,382,227,50,3541,2,631,36,2
"68","2020-05-19",166,1,61,572,4198,0.749642686993807,0,0,382,227,45,3586,5,636,36,5
"69","2020-05-20",166,1,52,570,4198,0.749642686993807,0,0,382,227,42,3628,4,640,34,4
"70","2020-05-21",169,1,45,550,4198,0.749642686993807,0,0,382,227,46,3674,6,646,37,6
"71","2020-05-22",169,1,41,540,4198,0.749642686993807,0,0,382,227,53,3727,8,654,44,8
"72","2020-05-23",170,1,47,522,4198,0.749642686993807,0,0,382,227,39,3766,12,666,36,12
"73","2020-05-24",173,1,45,502,4198,0.749642686993807,0,0,382,227,24,3790,8,674,21,8
"74","2020-05-25",163,1,53,482,4198,0.749642686993807,0,0,382,227,34,3824,11,685,22,11
"75","2020-05-26",159,1,51,450,4198,0.749642686993807,0,0,382,227,21,3845,6,691,18,6
"76","2020-05-27",153,1,61,442,4198,0.749642686993807,0,0,382,227,38,3883,16,707,32,16
"77","2020-05-28",136,1,58,417,4198,0.749642686993807,0,0,382,227,32,3915,7,714,26,7
"78","2020-05-29",123,1,54,400,4198,0.749642686993807,0,0,382,227,27,3942,9,723,23,9
"79","2020-05-30",120,1,46,370,4198,0.749642686993807,0,0,382,227,19,3961,4,727,16,4
"80","2020-05-31",108,1,54,345,4198,0.749642686993807,0,0,382,227,16,3977,12,739,14,12
"81","2020-06-01",116,1,52,319,4198,0.749642686993807,0,0,382,227,16,3993,6,745,15,6
"82","2020-06-02",108,1,49,307,4198,0.749642686993807,0,0,382,227,26,4019,6,751,18,6
"83","2020-06-03",96,1,45,279,4198,0.749642686993807,0,0,382,227,15,4034,12,763,11,12
"84","2020-06-04",98,1,44,260,4198,0.749642686993807,0,0,382,227,14,4048,10,773,11,10
"85","2020-06-05",97,1,49,231,4198,0.749642686993807,0,0,382,227,15,4063,7,780,12,7
"86","2020-06-06",91,1,50,228,4198,0.749642686993807,0,0,382,227,22,4085,13,793,17,13
"87","2020-06-07",96,1,61,217,4198,0.749642686993807,0,0,382,227,13,4098,15,808,12,15
"88","2020-03-16",2,2,8,48,3121,0.828580583146427,0,0,273,119,15,62,6,24,5,6
"89","2020-03-17",3,2,10,60,3121,0.828580583146427,0,0,273,119,12,74,6,30,5,6
"90","2020-03-18",7,2,13,73,3121,0.828580583146427,0,0,273,119,13,87,3,33,5,3
"91","2020-03-19",10,2,8,88,3121,0.828580583146427,0,0,273,119,14,101,6,39,7,6
"92","2020-03-20",18,2,6,101,3121,0.828580583146427,0,0,273,119,20,121,2,41,9,2
"93","2020-03-21",22,2,10,117,3121,0.828580583146427,0,0,273,119,23,144,4,45,15,4
"94","2020-03-22",24,2,16,133,3121,0.828580583146427,0,0,273,119,16,160,8,53,10,8
"95","2020-03-23",24,2,25,155,3121,0.828580583146427,0,0,273,119,23,183,6,59,14,6
"96","2020-03-24",29,2,24,170,3121,0.828580583146427,0,0,273,119,22,205,1,60,12,1
"97","2020-03-25",37,2,27,184,3121,0.828580583146427,0,0,273,119,34,239,5,65,25,5
"98","2020-03-26",43,2,25,196,3121,0.828580583146427,0,0,273,119,24,263,5,70,15,5
"99","2020-03-27",46,2,26,228,3121,0.828580583146427,0,0,273,119,24,287,8,78,16,8
"100","2020-03-28",49,2,24,238,3121,0.828580583146427,0,0,273,119,20,307,5,83,10,5
"101","2020-03-29",58,2,30,256,3121,0.828580583146427,0,0,273,119,21,328,4,87,12,4
"102","2020-03-30",63,2,29,268,3121,0.828580583146427,0,0,273,119,22,350,1,88,14,1
"103","2020-03-31",71,2,31,282,3121,0.828580583146427,0,0,273,119,20,370,1,89,13,1
"104","2020-04-01",68,2,37,300,3121,0.828580583146427,0,0,273,119,23,393,4,93,9,4
"105","2020-04-02",71,2,39,324,3121,0.828580583146427,0,0,273,119,23,416,5,98,14,5
"106","2020-04-03",71,2,34,322,3121,0.828580583146427,0,0,273,119,21,437,6,104,11,6
"107","2020-04-04",82,2,29,333,3121,0.828580583146427,0,0,273,119,19,456,12,116,9,12
"108","2020-04-05",81,2,32,358,3121,0.828580583146427,0,0,273,119,22,478,10,126,11,10
"109","2020-04-06",91,2,34,376,3121,0.828580583146427,0,0,273,119,25,503,19,145,15,19
"110","2020-04-07",92,2,43,404,3121,0.828580583146427,0,0,273,119,23,526,11,156,11,11
"111","2020-04-08",99,2,46,423,3121,0.828580583146427,0,0,273,119,15,541,5,161,8,5
"112","2020-04-09",115,2,46,442,3121,0.828580583146427,0,0,273,119,19,560,5,166,8,5
"113","2020-04-10",121,2,38,461,3121,0.828580583146427,0,0,273,119,23,583,5,171,11,5
"114","2020-04-11",123,2,47,481,3121,0.828580583146427,0,0,273,119,23,606,8,179,9,8
"115","2020-04-12",129,2,47,495,3121,0.828580583146427,0,0,273,119,22,628,11,190,10,11
"116","2020-04-13",133,2,44,517,3121,0.828580583146427,0,0,273,119,21,649,10,200,9,10
"117","2020-04-14",144,2,38,527,3121,0.828580583146427,0,0,273,119,12,661,12,212,5,12
"118","2020-04-15",145,2,34,554,3121,0.828580583146427,0,0,273,119,26,687,13,225,10,13
"119","2020-04-16",140,2,38,559,3121,0.828580583146427,0,0,273,119,30,717,18,243,19,18
"120","2020-04-17",148,2,35,582,3121,0.828580583146427,0,0,273,119,30,747,13,256,12,13
"121","2020-04-18",160,2,38,589,3121,0.828580583146427,0,0,273,119,31,778,16,272,18,16
"122","2020-04-19",163,2,40,603,3121,0.828580583146427,0,0,273,119,25,803,7,279,11,7
"123","2020-04-20",166,2,50,603,3121,0.828580583146427,0,0,273,119,23,826,11,290,12,11
"124","2020-04-21",164,2,56,616,3121,0.828580583146427,0,0,273,119,33,859,6,296,17,6
"125","2020-04-22",175,2,60,627,3121,0.828580583146427,0,0,273,119,22,881,14,310,8,14
"126","2020-04-23",178,2,49,619,3121,0.828580583146427,0,0,273,119,31,912,14,324,18,14
"127","2020-04-24",178,2,54,630,3121,0.828580583146427,0,0,273,119,28,940,10,334,10,10
"128","2020-04-25",184,2,58,646,3121,0.828580583146427,0,0,273,119,20,960,8,342,10,8
"129","2020-04-26",198,2,55,658,3121,0.828580583146427,0,0,273,119,30,990,8,350,13,8
"130","2020-04-27",198,2,58,640,3121,0.828580583146427,0,0,273,119,25,1015,14,364,13,14
"131","2020-04-28",191,2,63,630,3121,0.828580583146427,0,0,273,119,35,1050,9,373,18,9
"132","2020-04-29",180,2,62,617,3121,0.828580583146427,0,0,273,119,27,1077,13,386,20,13
"133","2020-04-30",178,2,62,614,3121,0.828580583146427,0,0,273,119,20,1097,11,397,10,11
"134","2020-05-01",176,2,62,607,3121,0.828580583146427,0,0,273,119,33,1130,9,406,21,9
"135","2020-05-02",169,2,73,602,3121,0.828580583146427,0,0,273,119,27,1157,16,422,17,16
"136","2020-05-03",163,2,75,585,3121,0.828580583146427,0,0,273,119,30,1187,14,436,17,14
"137","2020-05-04",162,2,82,555,3121,0.828580583146427,0,0,273,119,24,1211,15,451,11,15
"138","2020-05-05",167,2,90,531,3121,0.828580583146427,0,0,273,119,26,1237,12,463,10,12
"139","2020-05-06",176,2,107,513,3121,0.828580583146427,0,0,273,119,19,1256,18,481,15,18
"140","2020-05-07",172,2,95,497,3121,0.828580583146427,0,0,273,119,22,1278,15,496,12,15
"141","2020-05-08",174,2,90,485,3121,0.828580583146427,0,0,273,119,31,1309,18,514,10,18
"142","2020-05-09",161,2,84,481,3121,0.828580583146427,0,0,273,119,33,1342,19,533,14,19
"143","2020-05-10",151,2,80,474,3121,0.828580583146427,0,0,273,119,31,1373,17,550,15,17
"144","2020-05-11",147,2,78,467,3121,0.828580583146427,0,0,273,119,32,1405,22,572,21,22
"145","2020-05-12",144,2,76,466,3121,0.828580583146427,0,0,273,119,26,1431,16,588,11,16
"146","2020-05-13",140,2,87,457,3121,0.828580583146427,0,0,273,119,26,1457,20,608,15,20
"147","2020-05-14",140,2,85,459,3121,0.828580583146427,0,0,273,119,33,1490,18,626,22,18
"148","2020-05-15",133,2,77,437,3121,0.828580583146427,0,0,273,119,19,1509,17,643,11,17
"149","2020-05-16",133,2,80,435,3121,0.828580583146427,0,0,273,119,23,1532,17,660,15,17
"150","2020-05-17",127,2,79,421,3121,0.828580583146427,0,0,273,119,14,1546,8,668,9,8
"151","2020-05-18",128,2,73,398,3121,0.828580583146427,0,0,273,119,23,1569,21,689,11,21
"152","2020-05-19",124,2,66,406,3121,0.828580583146427,0,0,273,119,21,1590,15,704,11,15
"153","2020-05-20",120,2,64,389,3121,0.828580583146427,0,0,273,119,24,1614,17,721,17,17
"154","2020-05-21",117,2,68,369,3121,0.828580583146427,0,0,273,119,15,1629,18,739,9,18
"155","2020-05-22",113,2,70,357,3121,0.828580583146427,0,0,273,119,31,1660,13,752,19,13
"156","2020-05-23",110,2,73,345,3121,0.828580583146427,0,0,273,119,23,1683,14,766,16,14
"157","2020-05-24",111,2,77,340,3121,0.828580583146427,0,0,273,119,18,1701,16,782,11,16
"158","2020-05-25",103,2,67,331,3121,0.828580583146427,0,0,273,119,19,1720,15,797,12,15
"159","2020-05-26",97,2,69,318,3121,0.828580583146427,0,0,273,119,12,1732,21,818,9,21
"160","2020-05-27",96,2,75,284,3121,0.828580583146427,0,0,273,119,9,1741,5,823,6,5
"161","2020-05-28",99,2,68,281,3121,0.828580583146427,0,0,273,119,18,1759,8,831,14,8
"162","2020-05-29",92,2,59,275,3121,0.828580583146427,0,0,273,119,13,1772,6,837,7,6
"163","2020-05-30",90,2,56,255,3121,0.828580583146427,0,0,273,119,15,1787,7,844,9,7
"164","2020-05-31",87,2,55,242,3121,0.828580583146427,0,0,273,119,19,1806,13,857,9,13
"165","2020-06-01",88,2,46,230,3121,0.828580583146427,0,0,273,119,18,1824,11,868,8,11
"166","2020-06-02",85,2,44,210,3121,0.828580583146427,0,0,273,119,11,1835,5,873,7,5
"167","2020-06-03",73,2,40,195,3121,0.828580583146427,0,0,273,119,12,1847,8,881,10,8
"168","2020-06-04",61,2,48,181,3121,0.828580583146427,0,0,273,119,9,1856,9,890,5,9
"169","2020-06-05",60,2,48,182,3121,0.828580583146427,0,0,273,119,14,1870,4,894,10,4
"170","2020-06-06",51,2,48,170,3121,0.828580583146427,0,0,273,119,9,1879,5,899,4,5
"171","2020-06-07",47,2,41,165,3121,0.828580583146427,0,0,273,119,11,1890,9,908,9,9
"172","2020-03-15",1,3,64,46,2387,0.576036866359447,0,0,216,436,11,38,4,27,7,4
"173","2020-03-16",5,3,74,64,2387,0.576036866359447,0,0,216,436,7,45,4,31,7,4
"174","2020-03-17",8,3,91,86,2387,0.576036866359447,0,0,216,436,14,59,2,33,13,2
"175","2020-03-18",13,3,108,95,2387,0.576036866359447,0,0,216,436,18,77,7,40,13,7
"176","2020-03-19",18,3,100,112,2387,0.576036866359447,0,0,216,436,21,98,4,44,18,4
"177","2020-03-20",22,3,102,130,2387,0.576036866359447,0,0,216,436,19,117,3,47,16,3
"178","2020-03-21",29,3,111,153,2387,0.576036866359447,0,0,216,436,33,150,5,52,31,5
"179","2020-03-22",30,3,115,170,2387,0.576036866359447,0,0,216,436,29,179,7,59,27,7
"180","2020-03-23",29,3,118,176,2387,0.576036866359447,0,0,216,436,30,209,5,64,27,5
"181","2020-03-24",33,3,147,189,2387,0.576036866359447,0,0,216,436,36,245,5,69,34,5
"182","2020-03-25",38,3,135,189,2387,0.576036866359447,0,0,216,436,42,287,18,87,37,18
"183","2020-03-26",41,3,130,208,2387,0.576036866359447,0,0,216,436,55,342,16,103,52,16
"184","2020-03-27",41,3,140,213,2387,0.576036866359447,0,0,216,436,64,406,16,119,62,16
"185","2020-03-28",46,3,141,229,2387,0.576036866359447,0,0,216,436,58,464,12,131,56,12
"186","2020-03-29",61,3,146,240,2387,0.576036866359447,0,0,216,436,58,522,11,142,53,11
"187","2020-03-30",68,3,153,255,2387,0.576036866359447,0,0,216,436,73,595,13,155,67,13
"188","2020-03-31",67,3,148,268,2387,0.576036866359447,0,0,216,436,75,670,9,164,71,9
"189","2020-04-01",64,3,154,271,2387,0.576036866359447,0,0,216,436,57,727,10,174,55,10
"190","2020-04-02",70,3,168,283,2387,0.576036866359447,0,0,216,436,84,811,10,184,81,10
"191","2020-04-03",73,3,175,287,2387,0.576036866359447,0,0,216,436,85,896,10,194,82,10
"192","2020-04-04",73,3,183,300,2387,0.576036866359447,0,0,216,436,116,1012,8,202,112,8
"193","2020-04-05",70,3,168,305,2387,0.576036866359447,0,0,216,436,72,1084,14,216,71,14
"194","2020-04-06",68,3,162,307,2387,0.576036866359447,0,0,216,436,102,1186,16,232,101,16
"195","2020-04-07",74,3,170,322,2387,0.576036866359447,0,0,216,436,104,1290,11,243,100,11
"196","2020-04-08",84,3,155,326,2387,0.576036866359447,0,0,216,436,126,1416,14,257,123,14
"197","2020-04-09",90,3,150,330,2387,0.576036866359447,0,0,216,436,124,1540,11,268,122,11
"198","2020-04-10",98,3,158,326,2387,0.576036866359447,0,0,216,436,136,1676,11,279,133,11
"199","2020-04-11",101,3,157,326,2387,0.576036866359447,0,0,216,436,105,1781,20,299,100,20
"200","2020-04-12",93,3,160,335,2387,0.576036866359447,0,0,216,436,138,1919,12,311,135,12
"201","2020-04-13",94,3,166,336,2387,0.576036866359447,0,0,216,436,100,2019,16,327,97,16
"202","2020-04-14",99,3,166,341,2387,0.576036866359447,0,0,216,436,148,2167,12,339,144,12
"203","2020-04-15",95,3,170,342,2387,0.576036866359447,0,0,216,436,118,2285,6,345,112,6
"204","2020-04-16",89,3,157,353,2387,0.576036866359447,0,0,216,436,125,2410,10,355,123,10
"205","2020-04-17",89,3,161,350,2387,0.576036866359447,0,0,216,436,126,2536,17,372,122,17
"206","2020-04-18",95,3,168,356,2387,0.576036866359447,0,0,216,436,126,2662,7,379,124,7
"207","2020-04-19",108,3,146,365,2387,0.576036866359447,0,0,216,436,110,2772,20,399,106,20
"208","2020-04-20",120,3,144,371,2387,0.576036866359447,0,0,216,436,135,2907,23,422,131,23
"209","2020-04-21",123,3,149,371,2387,0.576036866359447,0,0,216,436,113,3020,22,444,109,22
"210","2020-04-22",123,3,139,380,2387,0.576036866359447,0,0,216,436,129,3149,10,454,127,10
"211","2020-04-23",120,3,151,383,2387,0.576036866359447,0,0,216,436,125,3274,13,467,121,13
"212","2020-04-24",126,3,153,372,2387,0.576036866359447,0,0,216,436,115,3389,13,480,114,13
"213","2020-04-25",121,3,161,379,2387,0.576036866359447,0,0,216,436,122,3511,18,498,121,18
"214","2020-04-26",109,3,155,375,2387,0.576036866359447,0,0,216,436,99,3610,20,518,95,20
"215","2020-04-27",99,3,162,388,2387,0.576036866359447,0,0,216,436,117,3727,20,538,116,20
"216","2020-04-28",95,3,164,383,2387,0.576036866359447,0,0,216,436,80,3807,23,561,77,23
"217","2020-04-29",93,3,160,372,2387,0.576036866359447,0,0,216,436,115,3922,16,577,113,16
"218","2020-04-30",98,3,184,363,2387,0.576036866359447,0,0,216,436,84,4006,22,599,82,22
"219","2020-05-01",88,3,187,361,2387,0.576036866359447,0,0,216,436,98,4104,25,624,97,25
"220","2020-05-02",82,3,181,369,2387,0.576036866359447,0,0,216,436,93,4197,14,638,91,14
"221","2020-05-03",89,3,188,372,2387,0.576036866359447,0,0,216,436,64,4261,17,655,61,17
"222","2020-05-04",94,3,180,367,2387,0.576036866359447,0,0,216,436,72,4333,5,660,71,5
"223","2020-05-05",99,3,194,361,2387,0.576036866359447,0,0,216,436,57,4390,12,672,57,12
"224","2020-05-06",99,3,177,341,2387,0.576036866359447,0,0,216,436,40,4430,14,686,40,14
"225","2020-05-07",100,3,185,352,2387,0.576036866359447,0,0,216,436,40,4470,7,693,38,7
"226","2020-05-08",100,3,195,349,2387,0.576036866359447,0,0,216,436,41,4511,25,718,39,25
"227","2020-05-09",107,3,188,352,2387,0.576036866359447,0,0,216,436,43,4554,14,732,42,14
"228","2020-05-10",109,3,194,340,2387,0.576036866359447,0,0,216,436,52,4606,15,747,47,15
"229","2020-05-11",103,3,196,333,2387,0.576036866359447,0,0,216,436,44,4650,19,766,43,19
"230","2020-05-12",99,3,180,335,2387,0.576036866359447,0,0,216,436,36,4686,17,783,34,17
"231","2020-05-13",100,3,187,339,2387,0.576036866359447,0,0,216,436,43,4729,19,802,42,19
"232","2020-05-14",107,3,196,347,2387,0.576036866359447,0,0,216,436,33,4762,20,822,32,20
"233","2020-05-15",110,3,195,342,2387,0.576036866359447,0,0,216,436,23,4785,22,844,19,22
"234","2020-05-16",107,3,193,333,2387,0.576036866359447,0,0,216,436,29,4814,17,861,27,17
"235","2020-05-17",103,3,188,321,2387,0.576036866359447,0,0,216,436,29,4843,29,890,29,29
"236","2020-05-18",109,3,192,320,2387,0.576036866359447,0,0,216,436,28,4871,13,903,27,13
"237","2020-05-19",104,3,188,303,2387,0.576036866359447,0,0,216,436,21,4892,17,920,18,17
"238","2020-05-20",106,3,170,302,2387,0.576036866359447,0,0,216,436,15,4907,13,933,14,13
"239","2020-05-21",90,3,166,299,2387,0.576036866359447,0,0,216,436,25,4932,14,947,24,14
"240","2020-05-22",88,3,171,290,2387,0.576036866359447,0,0,216,436,16,4948,9,956,14,9
"241","2020-05-23",82,3,162,284,2387,0.576036866359447,0,0,216,436,17,4965,12,968,15,12
"242","2020-05-24",78,3,146,288,2387,0.576036866359447,0,0,216,436,18,4983,19,987,17,19
"243","2020-05-25",78,3,150,289,2387,0.576036866359447,0,0,216,436,18,5001,12,999,16,12
"244","2020-05-26",83,3,134,280,2387,0.576036866359447,0,0,216,436,12,5013,17,1016,9,17
"245","2020-05-27",86,3,135,272,2387,0.576036866359447,0,0,216,436,7,5020,15,1031,5,15
"246","2020-05-28",88,3,136,261,2387,0.576036866359447,0,0,216,436,15,5035,17,1048,15,17
"247","2020-05-29",87,3,143,244,2387,0.576036866359447,0,0,216,436,7,5042,18,1066,7,18
"248","2020-05-30",83,3,143,232,2387,0.576036866359447,0,0,216,436,9,5051,15,1081,9,15
"249","2020-05-31",88,3,147,235,2387,0.576036866359447,0,0,216,436,7,5058,21,1102,6,21
"250","2020-06-01",76,3,147,223,2387,0.576036866359447,0,0,216,436,12,5070,12,1114,12,12
"251","2020-06-02",69,3,150,215,2387,0.576036866359447,0,0,216,436,8,5078,9,1123,7,9
"252","2020-06-03",60,3,147,202,2387,0.576036866359447,0,0,216,436,10,5088,7,1130,10,7
"253","2020-06-04",60,3,143,202,2387,0.576036866359447,0,0,216,436,5,5093,8,1138,5,8
"254","2020-06-05",55,3,140,197,2387,0.576036866359447,0,0,216,436,7,5100,13,1151,7,13
"255","2020-06-06",62,3,154,199,2387,0.576036866359447,0,0,216,436,13,5113,17,1168,10,17
"256","2020-06-07",58,3,152,194,2387,0.576036866359447,0,0,216,436,7,5120,16,1184,6,16
"257","2020-03-15",1,4,22,30,2626,0.833587204874334,0,0,222,184,20,59,14,38,10,14
"258","2020-03-16",1,4,21,39,2626,0.833587204874334,0,0,222,184,14,73,4,42,8,4
"259","2020-03-17",3,4,20,44,2626,0.833587204874334,0,0,222,184,23,96,12,54,11,12
"260","2020-03-18",4,4,22,52,2626,0.833587204874334,0,0,222,184,24,120,7,61,16,7
"261","2020-03-19",9,4,17,61,2626,0.833587204874334,0,0,222,184,30,150,10,71,20,10
"262","2020-03-20",13,4,18,75,2626,0.833587204874334,0,0,222,184,43,193,5,76,31,5
"263","2020-03-21",17,4,25,84,2626,0.833587204874334,0,0,222,184,40,233,4,80,31,4
"264","2020-03-22",17,4,20,89,2626,0.833587204874334,0,0,222,184,38,271,17,97,29,17
"265","2020-03-23",19,4,24,105,2626,0.833587204874334,0,0,222,184,32,303,21,118,20,21
"266","2020-03-24",23,4,23,129,2626,0.833587204874334,0,0,222,184,47,350,26,144,41,26
"267","2020-03-25",27,4,27,141,2626,0.833587204874334,0,0,222,184,72,422,11,155,58,11
"268","2020-03-26",27,4,28,163,2626,0.833587204874334,0,0,222,184,63,485,12,167,51,12
"269","2020-03-27",33,4,19,178,2626,0.833587204874334,0,0,222,184,85,570,7,174,75,7
"270","2020-03-28",37,4,17,204,2626,0.833587204874334,0,0,222,184,78,648,25,199,70,25
"271","2020-03-29",42,4,19,227,2626,0.833587204874334,0,0,222,184,95,743,14,213,90,14
"272","2020-03-30",48,4,18,236,2626,0.833587204874334,0,0,222,184,120,863,12,225,104,12
"273","2020-03-31",52,4,21,256,2626,0.833587204874334,0,0,222,184,122,985,15,240,111,15
"274","2020-04-01",57,4,24,262,2626,0.833587204874334,0,0,222,184,125,1110,21,261,116,21
"275","2020-04-02",64,4,27,280,2626,0.833587204874334,0,0,222,184,157,1267,7,268,144,7
"276","2020-04-03",66,4,23,294,2626,0.833587204874334,0,0,222,184,171,1438,14,282,160,14
"277","2020-04-04",64,4,27,300,2626,0.833587204874334,0,0,222,184,193,1631,11,293,179,11
"278","2020-04-05",70,4,29,308,2626,0.833587204874334,0,0,222,184,202,1833,6,299,186,6
"279","2020-04-06",69,4,40,316,2626,0.833587204874334,0,0,222,184,191,2024,14,313,182,14
"280","2020-04-07",71,4,44,317,2626,0.833587204874334,0,0,222,184,265,2289,20,333,254,20
"281","2020-04-08",74,4,49,324,2626,0.833587204874334,0,0,222,184,232,2521,30,363,224,30
"282","2020-04-09",78,4,58,357,2626,0.833587204874334,0,0,222,184,322,2843,22,385,306,22
"283","2020-04-10",78,4,56,382,2626,0.833587204874334,0,0,222,184,304,3147,20,405,300,20
"284","2020-04-11",88,4,51,396,2626,0.833587204874334,0,0,222,184,315,3462,41,446,303,41
"285","2020-04-12",88,4,56,408,2626,0.833587204874334,0,0,222,184,373,3835,19,465,367,19
"286","2020-04-13",92,4,44,392,2626,0.833587204874334,0,0,222,184,246,4081,28,493,237,28
"287","2020-04-14",92,4,50,398,2626,0.833587204874334,0,0,222,184,338,4419,27,520,326,27
"288","2020-04-15",96,4,51,417,2626,0.833587204874334,0,0,222,184,328,4747,23,543,321,23
"289","2020-04-16",95,4,52,440,2626,0.833587204874334,0,0,222,184,311,5058,24,567,305,24
"290","2020-04-17",104,4,49,441,2626,0.833587204874334,0,0,222,184,221,5279,25,592,218,25
"291","2020-04-18",108,4,38,446,2626,0.833587204874334,0,0,222,184,221,5500,19,611,213,19
"292","2020-04-19",116,4,46,450,2626,0.833587204874334,0,0,222,184,197,5697,13,624,194,13
"293","2020-04-20",121,4,50,462,2626,0.833587204874334,0,0,222,184,204,5901,12,636,198,12
"294","2020-04-21",135,4,68,462,2626,0.833587204874334,0,0,222,184,172,6073,38,674,170,38
"295","2020-04-22",140,4,75,464,2626,0.833587204874334,0,0,222,184,161,6234,38,712,156,38
"296","2020-04-23",143,4,66,472,2626,0.833587204874334,0,0,222,184,144,6378,36,748,142,36
"297","2020-04-24",136,4,66,465,2626,0.833587204874334,0,0,222,184,103,6481,49,797,101,49
"298","2020-04-25",132,4,59,480,2626,0.833587204874334,0,0,222,184,97,6578,35,832,97,35
"299","2020-04-26",133,4,64,494,2626,0.833587204874334,0,0,222,184,98,6676,43,875,95,43
"300","2020-04-27",138,4,67,506,2626,0.833587204874334,0,0,222,184,82,6758,33,908,78,33
"301","2020-04-28",144,4,74,501,2626,0.833587204874334,0,0,222,184,73,6831,45,953,71,45
"302","2020-04-29",131,4,71,485,2626,0.833587204874334,0,0,222,184,64,6895,17,970,62,17
"303","2020-04-30",134,4,51,483,2626,0.833587204874334,0,0,222,184,55,6950,23,993,53,23
"304","2020-05-01",142,4,54,473,2626,0.833587204874334,0,0,222,184,36,6986,35,1028,35,35
"305","2020-05-02",149,4,47,464,2626,0.833587204874334,0,0,222,184,28,7014,19,1047,27,19
"306","2020-05-03",144,4,42,466,2626,0.833587204874334,0,0,222,184,22,7036,31,1078,19,31
"307","2020-05-04",142,4,42,465,2626,0.833587204874334,0,0,222,184,27,7063,22,1100,26,22
"308","2020-05-05",131,4,52,484,2626,0.833587204874334,0,0,222,184,29,7092,16,1116,26,16
"309","2020-05-06",142,4,49,465,2626,0.833587204874334,0,0,222,184,23,7115,13,1129,23,13
"310","2020-05-07",144,4,46,453,2626,0.833587204874334,0,0,222,184,18,7133,12,1141,16,12
"311","2020-05-08",136,4,43,426,2626,0.833587204874334,0,0,222,184,13,7146,14,1155,12,14
"312","2020-05-09",124,4,47,398,2626,0.833587204874334,0,0,222,184,7,7153,21,1176,3,21
"313","2020-05-10",125,4,55,391,2626,0.833587204874334,0,0,222,184,10,7163,30,1206,5,30
"314","2020-05-11",121,4,61,394,2626,0.833587204874334,0,0,222,184,11,7174,9,1215,8,9
"315","2020-05-12",122,4,63,374,2626,0.833587204874334,0,0,222,184,10,7184,11,1226,8,11
"316","2020-05-13",122,4,63,359,2626,0.833587204874334,0,0,222,184,9,7193,10,1236,8,10
"317","2020-05-14",111,4,68,353,2626,0.833587204874334,0,0,222,184,10,7203,9,1245,8,9
"318","2020-05-15",110,4,76,352,2626,0.833587204874334,0,0,222,184,4,7207,4,1249,2,4
"319","2020-05-16",113,4,68,328,2626,0.833587204874334,0,0,222,184,3,7210,22,1271,3,22
"320","2020-05-17",106,4,55,326,2626,0.833587204874334,0,0,222,184,8,7218,6,1277,7,6
"321","2020-05-18",108,4,54,315,2626,0.833587204874334,0,0,222,184,8,7226,7,1284,7,7
"322","2020-05-19",99,4,48,319,2626,0.833587204874334,0,0,222,184,3,7229,27,1311,3,27
"323","2020-05-20",93,4,48,314,2626,0.833587204874334,0,0,222,184,6,7235,8,1319,6,8
"324","2020-05-21",95,4,35,310,2626,0.833587204874334,0,0,222,184,2,7237,12,1331,1,12
"325","2020-05-22",95,4,38,319,2626,0.833587204874334,0,0,222,184,5,7242,23,1354,1,23
"326","2020-05-23",90,4,33,318,2626,0.833587204874334,0,0,222,184,4,7246,29,1383,3,29
"327","2020-05-24",88,4,35,315,2626,0.833587204874334,0,0,222,184,4,7250,26,1409,3,26
"328","2020-05-25",76,4,41,311,2626,0.833587204874334,0,0,222,184,4,7254,21,1430,3,21
"329","2020-05-26",70,4,34,296,2626,0.833587204874334,0,0,222,184,3,7257,19,1449,1,19
"330","2020-05-27",73,4,34,293,2626,0.833587204874334,0,0,222,184,2,7259,14,1463,2,14
"331","2020-05-28",71,4,34,283,2626,0.833587204874334,0,0,222,184,1,7260,25,1488,1,25
"332","2020-05-29",76,4,39,278,2626,0.833587204874334,0,0,222,184,2,7262,31,1519,2,31
"333","2020-05-30",81,4,45,263,2626,0.833587204874334,0,0,222,184,3,7265,15,1534,2,15
"334","2020-05-31",81,4,47,251,2626,0.833587204874334,0,0,222,184,1,7266,12,1546,1,12
"335","2020-06-01",90,4,49,248,2626,0.833587204874334,0,0,222,184,2,7268,7,1553,1,7
"336","2020-06-02",94,4,42,233,2626,0.833587204874334,0,0,222,184,2,7270,4,1557,NA,4
"337","2020-06-03",87,4,45,234,2626,0.833587204874334,0,0,222,184,1,7271,12,1569,1,12
"338","2020-06-04",82,4,47,232,2626,0.833587204874334,0,0,222,184,1,7272,11,1580,NA,11
"339","2020-06-05",74,4,46,211,2626,0.833587204874334,0,0,222,184,2,7274,7,1587,NA,7
"340","2020-06-06",68,4,40,191,2626,0.833587204874334,0,0,222,184,5,7279,14,1601,2,14
"341","2020-06-07",66,4,42,183,2626,0.833587204874334,0,0,222,184,2,7281,9,1610,NA,9
"342","2020-03-17",1,5,10,53,2351,0.733730327520204,0,0,234,128,4,21,4,32,2,4
"343","2020-03-18",2,5,9,66,2351,0.733730327520204,0,0,234,128,6,27,4,36,5,4
"344","2020-03-19",6,5,12,88,2351,0.733730327520204,0,0,234,128,10,37,2,38,6,2
"345","2020-03-20",7,5,13,101,2351,0.733730327520204,0,0,234,128,8,45,11,49,6,11
"346","2020-03-21",15,5,20,107,2351,0.733730327520204,0,0,234,128,9,54,3,52,3,3
"347","2020-03-22",18,5,22,123,2351,0.733730327520204,0,0,234,128,13,67,7,59,13,7
"348","2020-03-23",20,5,25,141,2351,0.733730327520204,0,0,234,128,8,75,8,67,6,8
"349","2020-03-24",26,5,26,154,2351,0.733730327520204,0,0,234,128,11,86,17,84,9,17
"350","2020-03-25",28,5,24,172,2351,0.733730327520204,0,0,234,128,18,104,6,90,16,6
"351","2020-03-26",28,5,22,184,2351,0.733730327520204,0,0,234,128,14,118,9,99,12,9
"352","2020-03-27",34,5,28,199,2351,0.733730327520204,0,0,234,128,18,136,11,110,14,11
"353","2020-03-28",31,5,27,222,2351,0.733730327520204,0,0,234,128,16,152,8,118,14,8
"354","2020-03-29",40,5,24,238,2351,0.733730327520204,0,0,234,128,17,169,9,127,16,9
"355","2020-03-30",49,5,27,243,2351,0.733730327520204,0,0,234,128,24,193,9,136,20,9
"356","2020-03-31",51,5,31,252,2351,0.733730327520204,0,0,234,128,21,214,13,149,20,13
"357","2020-04-01",60,5,29,271,2351,0.733730327520204,0,0,234,128,27,241,16,165,24,16
"358","2020-04-02",61,5,31,284,2351,0.733730327520204,0,0,234,128,21,262,17,182,15,17
"359","2020-04-03",65,5,33,303,2351,0.733730327520204,0,0,234,128,21,283,7,189,20,7
"360","2020-04-04",73,5,36,339,2351,0.733730327520204,0,0,234,128,33,316,11,200,28,11
"361","2020-04-05",73,5,32,354,2351,0.733730327520204,0,0,234,128,34,350,14,214,25,14
"362","2020-04-06",76,5,32,365,2351,0.733730327520204,0,0,234,128,34,384,14,228,32,14
"363","2020-04-07",84,5,30,375,2351,0.733730327520204,0,0,234,128,25,409,14,242,22,14
"364","2020-04-08",84,5,30,407,2351,0.733730327520204,0,0,234,128,21,430,15,257,16,15
"365","2020-04-09",93,5,31,407,2351,0.733730327520204,0,0,234,128,26,456,19,276,22,19
"366","2020-04-10",97,5,35,445,2351,0.733730327520204,0,0,234,128,29,485,13,289,26,13
"367","2020-04-11",100,5,26,466,2351,0.733730327520204,0,0,234,128,36,521,26,315,31,26
"368","2020-04-12",106,5,26,477,2351,0.733730327520204,0,0,234,128,34,555,21,336,31,21
"369","2020-04-13",108,5,29,496,2351,0.733730327520204,0,0,234,128,29,584,34,370,23,34
"370","2020-04-14",108,5,33,500,2351,0.733730327520204,0,0,234,128,37,621,23,393,31,23
"371","2020-04-15",111,5,51,494,2351,0.733730327520204,0,0,234,128,37,658,13,406,34,13
"372","2020-04-16",124,5,53,500,2351,0.733730327520204,0,0,234,128,35,693,18,424,30,18
"373","2020-04-17",135,5,59,507,2351,0.733730327520204,0,0,234,128,29,722,10,434,22,10
"374","2020-04-18",149,5,60,510,2351,0.733730327520204,0,0,234,128,38,760,6,440,34,6
"375","2020-04-19",164,5,69,526,2351,0.733730327520204,0,0,234,128,43,803,11,451,39,11
"376","2020-04-20",165,5,67,519,2351,0.733730327520204,0,0,234,128,30,833,7,458,27,7
"377","2020-04-21",166,5,64,493,2351,0.733730327520204,0,0,234,128,31,864,13,471,23,13
"378","2020-04-22",163,5,59,462,2351,0.733730327520204,0,0,234,128,29,893,8,479,26,8
"379","2020-04-23",147,5,66,447,2351,0.733730327520204,0,0,234,128,48,941,15,494,39,15
"380","2020-04-24",134,5,53,426,2351,0.733730327520204,0,0,234,128,43,984,11,505,38,11
"381","2020-04-25",121,5,48,402,2351,0.733730327520204,0,0,234,128,51,1035,20,525,46,20
"382","2020-04-26",105,5,48,401,2351,0.733730327520204,0,0,234,128,41,1076,22,547,36,22
"383","2020-04-27",112,5,40,384,2351,0.733730327520204,0,0,234,128,35,1111,19,566,32,19
"384","2020-04-28",113,5,46,374,2351,0.733730327520204,0,0,234,128,54,1165,22,588,48,22
"385","2020-04-29",113,5,45,350,2351,0.733730327520204,0,0,234,128,37,1202,22,610,31,22
"386","2020-04-30",118,5,45,335,2351,0.733730327520204,0,0,234,128,40,1242,31,641,31,31
"387","2020-05-01",119,5,36,327,2351,0.733730327520204,0,0,234,128,29,1271,28,669,25,28
"388","2020-05-02",114,5,37,311,2351,0.733730327520204,0,0,234,128,40,1311,20,689,36,20
"389","2020-05-03",106,5,36,302,2351,0.733730327520204,0,0,234,128,39,1350,19,708,35,19
"390","2020-05-04",94,5,31,297,2351,0.733730327520204,0,0,234,128,27,1377,12,720,23,12
"391","2020-05-05",95,5,28,285,2351,0.733730327520204,0,0,234,128,30,1407,17,737,27,17
"392","2020-05-06",90,5,30,275,2351,0.733730327520204,0,0,234,128,34,1441,20,757,29,20
"393","2020-05-07",85,5,41,279,2351,0.733730327520204,0,0,234,128,25,1466,16,773,20,16
"394","2020-05-08",82,5,46,266,2351,0.733730327520204,0,0,234,128,21,1487,19,792,17,19
"395","2020-05-09",78,5,44,271,2351,0.733730327520204,0,0,234,128,23,1510,20,812,22,20
"396","2020-05-10",76,5,40,275,2351,0.733730327520204,0,0,234,128,27,1537,16,828,23,16
"397","2020-05-11",81,5,40,266,2351,0.733730327520204,0,0,234,128,26,1563,22,850,22,22
"398","2020-05-12",74,5,42,252,2351,0.733730327520204,0,0,234,128,18,1581,14,864,17,14
"399","2020-05-13",75,5,43,257,2351,0.733730327520204,0,0,234,128,22,1603,21,885,17,21
"400","2020-05-14",72,5,37,256,2351,0.733730327520204,0,0,234,128,30,1633,20,905,25,20
"401","2020-05-15",75,5,41,265,2351,0.733730327520204,0,0,234,128,27,1660,24,929,25,24
"402","2020-05-16",78,5,53,268,2351,0.733730327520204,0,0,234,128,23,1683,23,952,19,23
"403","2020-05-17",82,5,44,254,2351,0.733730327520204,0,0,234,128,29,1712,23,975,21,23
"404","2020-05-18",73,5,45,254,2351,0.733730327520204,0,0,234,128,22,1734,14,989,16,14
"405","2020-05-19",71,5,40,248,2351,0.733730327520204,0,0,234,128,25,1759,16,1005,16,16
"406","2020-05-20",74,5,45,257,2351,0.733730327520204,0,0,234,128,23,1782,13,1018,21,13
"407","2020-05-21",77,5,50,271,2351,0.733730327520204,0,0,234,128,25,1807,14,1032,22,14
"408","2020-05-22",71,5,60,254,2351,0.733730327520204,0,0,234,128,11,1818,15,1047,10,15
"409","2020-05-23",71,5,59,252,2351,0.733730327520204,0,0,234,128,26,1844,20,1067,20,20
"410","2020-05-24",67,5,55,245,2351,0.733730327520204,0,0,234,128,18,1862,21,1088,17,21
"411","2020-05-25",73,5,52,240,2351,0.733730327520204,0,0,234,128,15,1877,12,1100,13,12
"412","2020-05-26",71,5,45,230,2351,0.733730327520204,0,0,234,128,26,1903,17,1117,20,17
"413","2020-05-27",67,5,41,220,2351,0.733730327520204,0,0,234,128,27,1930,15,1132,26,15
"414","2020-05-28",66,5,44,215,2351,0.733730327520204,0,0,234,128,15,1945,18,1150,10,18
"415","2020-05-29",68,5,46,204,2351,0.733730327520204,0,0,234,128,25,1970,10,1160,24,10
"416","2020-05-30",63,5,47,205,2351,0.733730327520204,0,0,234,128,25,1995,11,1171,22,11
"417","2020-05-31",65,5,43,204,2351,0.733730327520204,0,0,234,128,16,2011,15,1186,13,15
"418","2020-06-01",57,5,35,189,2351,0.733730327520204,0,0,234,128,17,2028,7,1193,15,7
"419","2020-06-02",57,5,34,183,2351,0.733730327520204,0,0,234,128,15,2043,13,1206,14,13
"420","2020-06-03",58,5,35,177,2351,0.733730327520204,0,0,234,128,16,2059,13,1219,15,13
"421","2020-06-04",58,5,33,174,2351,0.733730327520204,0,0,234,128,21,2080,9,1228,21,9
"422","2020-06-05",56,5,29,172,2351,0.733730327520204,0,0,234,128,11,2091,8,1236,11,8
"423","2020-06-06",55,5,21,168,2351,0.733730327520204,0,0,234,128,17,2108,13,1249,15,13
"424","2020-06-07",53,5,19,159,2351,0.733730327520204,0,0,234,128,16,2124,15,1264,15,15
"425","2020-03-14",1,6,23,39,6685,0.952879581151832,0,0,608,190,7,29,3,10,3,3
"426","2020-03-15",1,6,24,57,6685,0.952879581151832,0,0,608,190,7,36,8,18,4,8
"427","2020-03-16",7,6,30,72,6685,0.952879581151832,0,0,608,190,12,48,6,24,1,6
"428","2020-03-17",8,6,31,87,6685,0.952879581151832,0,0,608,190,12,60,1,25,5,1
"429","2020-03-18",11,6,47,105,6685,0.952879581151832,0,0,608,190,14,74,1,26,8,1
"430","2020-03-19",13,6,46,121,6685,0.952879581151832,0,0,608,190,17,91,4,30,6,4
"431","2020-03-20",16,6,45,147,6685,0.952879581151832,0,0,608,190,16,107,9,39,13,9
"432","2020-03-21",20,6,43,187,6685,0.952879581151832,0,0,608,190,14,121,10,49,11,10
"433","2020-03-22",30,6,46,226,6685,0.952879581151832,0,0,608,190,13,134,1,50,8,1
"434","2020-03-23",31,6,45,276,6685,0.952879581151832,0,0,608,190,15,149,NA,NA,9,NA
"435","2020-03-24",38,6,43,347,6685,0.952879581151832,0,0,608,190,16,165,1,51,10,1
"436","2020-03-25",47,6,42,399,6685,0.952879581151832,0,0,608,190,18,183,7,58,11,7
"437","2020-03-26",60,6,39,452,6685,0.952879581151832,0,0,608,190,23,206,7,65,20,7
"438","2020-03-27",71,6,37,526,6685,0.952879581151832,0,0,608,190,23,229,4,69,20,4
"439","2020-03-28",81,6,35,627,6685,0.952879581151832,0,0,608,190,18,247,2,71,12,2
"440","2020-03-29",97,6,50,709,6685,0.952879581151832,0,0,608,190,28,275,4,75,17,4
"441","2020-03-30",126,6,52,815,6685,0.952879581151832,0,0,608,190,21,296,8,83,11,8
"442","2020-03-31",143,6,49,887,6685,0.952879581151832,0,0,608,190,22,318,5,88,14,5
"443","2020-04-01",167,6,47,1011,6685,0.952879581151832,0,0,608,190,20,338,2,90,17,2
"444","2020-04-02",185,6,51,1079,6685,0.952879581151832,0,0,608,190,32,370,2,92,19,2
"445","2020-04-03",215,6,64,1194,6685,0.952879581151832,0,0,608,190,28,398,12,104,21,12
"446","2020-04-04",245,6,67,1297,6685,0.952879581151832,0,0,608,190,23,421,5,109,17,5
"447","2020-04-05",277,6,76,1449,6685,0.952879581151832,0,0,608,190,32,453,8,117,20,8
"448","2020-04-06",316,6,73,1595,6685,0.952879581151832,0,0,608,190,48,501,7,124,34,7
"449","2020-04-07",349,6,73,1735,6685,0.952879581151832,0,0,608,190,36,537,5,129,27,5
"450","2020-04-08",376,6,81,1822,6685,0.952879581151832,0,0,608,190,32,569,6,135,23,6
"451","2020-04-09",404,6,90,1962,6685,0.952879581151832,0,0,608,190,40,609,11,146,29,11
"452","2020-04-10",432,6,77,2102,6685,0.952879581151832,0,0,608,190,31,640,18,164,24,18
"453","2020-04-11",467,6,67,2213,6685,0.952879581151832,0,0,608,190,40,680,10,174,26,10
"454","2020-04-12",489,6,62,2247,6685,0.952879581151832,0,0,608,190,33,713,9,183,26,9
"455","2020-04-13",515,6,48,2284,6685,0.952879581151832,0,0,608,190,40,753,9,192,34,9
"456","2020-04-14",558,6,64,2341,6685,0.952879581151832,0,0,608,190,29,782,20,212,25,20
"457","2020-04-15",597,6,61,2368,6685,0.952879581151832,0,0,608,190,26,808,17,229,23,17
"458","2020-04-16",636,6,47,2388,6685,0.952879581151832,0,0,608,190,23,831,21,250,15,21
"459","2020-04-17",671,6,51,2382,6685,0.952879581151832,0,0,608,190,29,860,14,264,19,14
"460","2020-04-18",683,6,49,2342,6685,0.952879581151832,0,0,608,190,22,882,21,285,13,21
"461","2020-04-19",689,6,50,2300,6685,0.952879581151832,0,0,608,190,24,906,20,305,16,20
"462","2020-04-20",684,6,51,2244,6685,0.952879581151832,0,0,608,190,28,934,24,329,20,24
"463","2020-04-21",667,6,59,2158,6685,0.952879581151832,0,0,608,190,23,957,19,348,14,19
"464","2020-04-22",642,6,62,2035,6685,0.952879581151832,0,0,608,190,25,982,17,365,18,17
"465","2020-04-23",630,6,54,1919,6685,0.952879581151832,0,0,608,190,24,1006,21,386,20,21
"466","2020-04-24",611,6,53,1861,6685,0.952879581151832,0,0,608,190,26,1032,21,407,19,21
"467","2020-04-25",596,6,54,1721,6685,0.952879581151832,0,0,608,190,25,1057,9,416,13,9
"468","2020-04-26",586,6,50,1608,6685,0.952879581151832,0,0,608,190,30,1087,20,436,18,20
"469","2020-04-27",565,6,53,1501,6685,0.952879581151832,0,0,608,190,16,1103,9,445,6,9
"470","2020-04-28",551,6,63,1392,6685,0.952879581151832,0,0,608,190,27,1130,13,458,18,13
"471","2020-04-29",531,6,75,1288,6685,0.952879581151832,0,0,608,190,26,1156,17,475,16,17
"472","2020-04-30",490,6,98,1157,6685,0.952879581151832,0,0,608,190,23,1179,13,488,15,13
"473","2020-05-01",448,6,98,1056,6685,0.952879581151832,0,0,608,190,20,1199,20,508,13,20
"474","2020-05-02",418,6,98,960,6685,0.952879581151832,0,0,608,190,23,1222,20,528,12,20
"475","2020-05-03",389,6,103,888,6685,0.952879581151832,0,0,608,190,21,1243,17,545,7,17
"476","2020-05-04",347,6,102,793,6685,0.952879581151832,0,0,608,190,20,1263,14,559,13,14
"477","2020-05-05",310,6,94,713,6685,0.952879581151832,0,0,608,190,18,1281,15,574,9,15
"478","2020-05-06",279,6,79,647,6685,0.952879581151832,0,0,608,190,25,1306,12,586,15,12
"479","2020-05-07",258,6,88,568,6685,0.952879581151832,0,0,608,190,15,1321,11,597,7,11
"480","2020-05-08",238,6,76,510,6685,0.952879581151832,0,0,608,190,14,1335,18,615,7,18
"481","2020-05-09",212,6,67,462,6685,0.952879581151832,0,0,608,190,16,1351,11,626,10,11
"482","2020-05-10",181,6,60,402,6685,0.952879581151832,0,0,608,190,22,1373,22,648,12,22
"483","2020-05-11",159,6,62,362,6685,0.952879581151832,0,0,608,190,18,1391,23,671,10,23
"484","2020-05-12",146,6,69,319,6685,0.952879581151832,0,0,608,190,18,1409,10,681,7,10
"485","2020-05-13",128,6,64,291,6685,0.952879581151832,0,0,608,190,20,1429,3,684,13,3
"486","2020-05-14",115,6,60,260,6685,0.952879581151832,0,0,608,190,19,1448,12,696,12,12
"487","2020-05-15",99,6,48,224,6685,0.952879581151832,0,0,608,190,24,1472,6,702,16,6
"488","2020-05-16",88,6,46,199,6685,0.952879581151832,0,0,608,190,22,1494,10,712,15,10
"489","2020-05-17",79,6,40,175,6685,0.952879581151832,0,0,608,190,20,1514,14,726,10,14
"490","2020-05-18",72,6,36,143,6685,0.952879581151832,0,0,608,190,20,1534,7,733,16,7
"491","2020-05-19",59,6,30,128,6685,0.952879581151832,0,0,608,190,18,1552,8,741,12,8
"492","2020-05-20",55,6,43,109,6685,0.952879581151832,0,0,608,190,19,1571,10,751,17,10
"493","2020-05-21",45,6,48,101,6685,0.952879581151832,0,0,608,190,14,1585,15,766,11,15
"494","2020-05-22",40,6,56,85,6685,0.952879581151832,0,0,608,190,13,1598,13,779,8,13
"495","2020-05-23",36,6,56,80,6685,0.952879581151832,0,0,608,190,13,1611,18,797,10,18
"496","2020-05-24",32,6,67,71,6685,0.952879581151832,0,0,608,190,16,1627,17,814,12,17
"497","2020-05-25",28,6,70,63,6685,0.952879581151832,0,0,608,190,12,1639,15,829,7,15
"498","2020-05-26",23,6,63,60,6685,0.952879581151832,0,0,608,190,13,1652,18,847,13,18
"499","2020-05-27",21,6,55,54,6685,0.952879581151832,0,0,608,190,12,1664,8,855,8,8
"500","2020-05-28",21,6,47,50,6685,0.952879581151832,0,0,608,190,13,1677,11,866,7,11
"501","2020-05-29",18,6,46,50,6685,0.952879581151832,0,0,608,190,15,1692,14,880,7,14
"502","2020-05-30",14,6,60,43,6685,0.952879581151832,0,0,608,190,18,1710,4,884,12,4
"503","2020-05-31",12,6,47,38,6685,0.952879581151832,0,0,608,190,13,1723,2,886,10,2
"504","2020-06-01",13,6,47,33,6685,0.952879581151832,0,0,608,190,20,1743,1,887,14,1
"505","2020-06-02",12,6,52,30,6685,0.952879581151832,0,0,608,190,8,1751,3,890,2,3
"506","2020-06-03",10,6,48,32,6685,0.952879581151832,0,0,608,190,11,1762,11,901,6,11
"507","2020-06-04",10,6,43,27,6685,0.952879581151832,0,0,608,190,10,1772,9,910,8,9
"508","2020-06-05",8,6,41,25,6685,0.952879581151832,0,0,608,190,15,1787,9,919,11,9
"509","2020-06-06",7,6,38,27,6685,0.952879581151832,0,0,608,190,17,1804,15,934,11,15
"510","2020-06-07",10,6,39,23,6685,0.952879581151832,0,0,608,190,6,1810,11,945,6,11
"511","2020-03-15",3,7,15,68,2118,0.451369216241737,0,0,188,143,8,23,1,20,3,1
"512","2020-03-16",6,7,13,87,2118,0.451369216241737,0,0,188,143,7,30,6,26,3,6
"513","2020-03-17",9,7,16,99,2118,0.451369216241737,0,0,188,143,8,38,12,38,5,12
"514","2020-03-18",12,7,18,123,2118,0.451369216241737,0,0,188,143,6,44,7,45,2,7
"515","2020-03-19",18,7,22,137,2118,0.451369216241737,0,0,188,143,13,57,22,67,8,22
"516","2020-03-20",20,7,28,149,2118,0.451369216241737,0,0,188,143,8,65,20,87,5,20
"517","2020-03-21",28,7,35,164,2118,0.451369216241737,0,0,188,143,16,81,17,104,13,17
"518","2020-03-22",33,7,38,179,2118,0.451369216241737,0,0,188,143,19,100,8,112,11,8
"519","2020-03-23",44,7,34,188,2118,0.451369216241737,0,0,188,143,17,117,10,122,12,10
"520","2020-03-24",48,7,26,193,2118,0.451369216241737,0,0,188,143,17,134,10,132,13,10
"521","2020-03-25",51,7,27,206,2118,0.451369216241737,0,0,188,143,9,143,5,137,7,5
"522","2020-03-26",55,7,31,205,2118,0.451369216241737,0,0,188,143,20,163,11,148,12,11
"523","2020-03-27",59,7,37,217,2118,0.451369216241737,0,0,188,143,21,184,16,164,16,16
"524","2020-03-28",60,7,36,220,2118,0.451369216241737,0,0,188,143,17,201,23,187,16,23
"525","2020-03-29",61,7,33,221,2118,0.451369216241737,0,0,188,143,25,226,15,202,18,15
"526","2020-03-30",58,7,31,227,2118,0.451369216241737,0,0,188,143,24,250,14,216,16,14
"527","2020-03-31",61,7,31,232,2118,0.451369216241737,0,0,188,143,21,271,9,225,14,9
"528","2020-04-01",65,7,24,237,2118,0.451369216241737,0,0,188,143,18,289,13,238,16,13
"529","2020-04-02",62,7,24,245,2118,0.451369216241737,0,0,188,143,24,313,16,254,19,16
"530","2020-04-03",67,7,26,253,2118,0.451369216241737,0,0,188,143,14,327,12,266,11,12
"531","2020-04-04",70,7,38,264,2118,0.451369216241737,0,0,188,143,17,344,5,271,15,5
"532","2020-04-05",72,7,43,264,2118,0.451369216241737,0,0,188,143,21,365,20,291,18,20
"533","2020-04-06",74,7,42,268,2118,0.451369216241737,0,0,188,143,21,386,21,312,14,21
"534","2020-04-07",77,7,43,291,2118,0.451369216241737,0,0,188,143,16,402,16,328,11,16
"535","2020-04-08",74,7,45,287,2118,0.451369216241737,0,0,188,143,22,424,17,345,16,17
"536","2020-04-09",76,7,43,306,2118,0.451369216241737,0,0,188,143,22,446,6,351,18,6
"537","2020-04-10",78,7,55,311,2118,0.451369216241737,0,0,188,143,25,471,7,358,22,7
"538","2020-04-11",81,7,52,310,2118,0.451369216241737,0,0,188,143,31,502,5,363,26,5
"539","2020-04-12",82,7,49,308,2118,0.451369216241737,0,0,188,143,33,535,6,369,30,6
"540","2020-04-13",83,7,41,308,2118,0.451369216241737,0,0,188,143,25,560,NA,NA,20,NA
"541","2020-04-14",83,7,44,310,2118,0.451369216241737,0,0,188,143,37,597,6,375,34,6
"542","2020-04-15",92,7,45,314,2118,0.451369216241737,0,0,188,143,34,631,7,382,31,7
"543","2020-04-16",97,7,39,332,2118,0.451369216241737,0,0,188,143,31,662,2,384,28,2
"544","2020-04-17",100,7,35,327,2118,0.451369216241737,0,0,188,143,30,692,3,387,28,3
"545","2020-04-18",101,7,33,321,2118,0.451369216241737,0,0,188,143,25,717,2,389,21,2
"546","2020-04-19",99,7,35,324,2118,0.451369216241737,0,0,188,143,44,761,2,391,41,2
"547","2020-04-20",105,7,27,333,2118,0.451369216241737,0,0,188,143,25,786,2,393,20,2
"548","2020-04-21",105,7,30,327,2118,0.451369216241737,0,0,188,143,21,807,3,396,21,3
"549","2020-04-22",105,7,29,325,2118,0.451369216241737,0,0,188,143,43,850,3,399,39,3
"550","2020-04-23",109,7,33,337,2118,0.451369216241737,0,0,188,143,34,884,4,403,28,4
"551","2020-04-24",100,7,40,345,2118,0.451369216241737,0,0,188,143,36,920,13,416,30,13
"552","2020-04-25",103,7,45,362,2118,0.451369216241737,0,0,188,143,33,953,12,428,30,12
"553","2020-04-26",105,7,55,365,2118,0.451369216241737,0,0,188,143,31,984,7,435,24,7
"554","2020-04-27",104,7,53,346,2118,0.451369216241737,0,0,188,143,32,1016,9,444,27,9
"555","2020-04-28",101,7,54,345,2118,0.451369216241737,0,0,188,143,35,1051,19,463,28,19
"556","2020-04-29",99,7,49,340,2118,0.451369216241737,0,0,188,143,32,1083,14,477,30,14
"557","2020-04-30",98,7,49,343,2118,0.451369216241737,0,0,188,143,40,1123,24,501,36,24
"558","2020-05-01",106,7,46,339,2118,0.451369216241737,0,0,188,143,29,1152,23,524,26,23
"559","2020-05-02",107,7,38,349,2118,0.451369216241737,0,0,188,143,29,1181,16,540,20,16
"560","2020-05-03",109,7,33,338,2118,0.451369216241737,0,0,188,143,28,1209,17,557,25,17
"561","2020-05-04",105,7,35,340,2118,0.451369216241737,0,0,188,143,34,1243,26,583,30,26
"562","2020-05-05",102,7,33,335,2118,0.451369216241737,0,0,188,143,22,1265,15,598,21,15
"563","2020-05-06",96,7,44,345,2118,0.451369216241737,0,0,188,143,37,1302,11,609,32,11
"564","2020-05-07",94,7,50,331,2118,0.451369216241737,0,0,188,143,18,1320,8,617,15,8
"565","2020-05-08",96,7,57,315,2118,0.451369216241737,0,0,188,143,34,1354,12,629,30,12
"566","2020-05-09",86,7,59,302,2118,0.451369216241737,0,0,188,143,24,1378,20,649,22,20
"567","2020-05-10",85,7,55,293,2118,0.451369216241737,0,0,188,143,47,1425,17,666,43,17
"568","2020-05-11",86,7,59,284,2118,0.451369216241737,0,0,188,143,13,1438,8,674,13,8
"569","2020-05-12",89,7,61,279,2118,0.451369216241737,0,0,188,143,24,1462,4,678,18,4
"570","2020-05-13",88,7,49,281,2118,0.451369216241737,0,0,188,143,31,1493,13,691,29,13
"571","2020-05-14",89,7,54,273,2118,0.451369216241737,0,0,188,143,31,1524,3,694,25,3
"572","2020-05-15",80,7,50,277,2118,0.451369216241737,0,0,188,143,26,1550,3,697,24,3
"573","2020-05-16",84,7,43,271,2118,0.451369216241737,0,0,188,143,25,1575,1,698,23,1
"574","2020-05-17",85,7,41,263,2118,0.451369216241737,0,0,188,143,21,1596,15,713,18,15
"575","2020-05-18",78,7,39,254,2118,0.451369216241737,0,0,188,143,23,1619,12,725,23,12
"576","2020-05-19",76,7,43,251,2118,0.451369216241737,0,0,188,143,21,1640,18,743,18,18
"577","2020-05-20",77,7,49,249,2118,0.451369216241737,0,0,188,143,23,1663,8,751,21,8
"578","2020-05-21",72,7,52,249,2118,0.451369216241737,0,0,188,143,22,1685,2,753,22,2
"579","2020-05-22",78,7,52,257,2118,0.451369216241737,0,0,188,143,32,1717,2,755,31,2
"580","2020-05-23",74,7,48,238,2118,0.451369216241737,0,0,188,143,35,1752,12,767,28,12
"581","2020-05-24",71,7,43,229,2118,0.451369216241737,0,0,188,143,19,1771,11,778,18,11
"582","2020-05-25",70,7,39,222,2118,0.451369216241737,0,0,188,143,22,1793,20,798,21,20
"583","2020-05-26",71,7,37,212,2118,0.451369216241737,0,0,188,143,17,1810,21,819,17,21
"584","2020-05-27",76,7,33,203,2118,0.451369216241737,0,0,188,143,15,1825,16,835,15,16
"585","2020-05-28",75,7,31,199,2118,0.451369216241737,0,0,188,143,18,1843,11,846,18,11
"586","2020-05-29",68,7,25,188,2118,0.451369216241737,0,0,188,143,20,1863,13,859,17,13
"587","2020-05-30",70,7,21,186,2118,0.451369216241737,0,0,188,143,16,1879,16,875,14,16
"588","2020-05-31",63,7,16,187,2118,0.451369216241737,0,0,188,143,20,1899,10,885,17,10
"589","2020-06-01",60,7,18,180,2118,0.451369216241737,0,0,188,143,19,1918,9,894,18,9
"590","2020-06-02",57,7,23,173,2118,0.451369216241737,0,0,188,143,12,1930,5,899,11,5
"591","2020-06-03",50,7,23,167,2118,0.451369216241737,0,0,188,143,14,1944,6,905,11,6
"592","2020-06-04",44,7,15,164,2118,0.451369216241737,0,0,188,143,19,1963,4,909,14,4
"593","2020-06-05",47,7,21,171,2118,0.451369216241737,0,0,188,143,16,1979,3,912,16,3
"594","2020-06-06",45,7,24,157,2118,0.451369216241737,0,0,188,143,24,2003,15,927,23,15
"595","2020-06-07",47,7,24,149,2118,0.451369216241737,0,0,188,143,7,2010,9,936,7,9
"596","2020-03-13",1,8,21,27,2116,0.602079395085066,0,0,206,393,6,22,4,15,2,4
"597","2020-03-14",2,8,35,37,2116,0.602079395085066,0,0,206,393,7,29,2,17,1,2
"598","2020-03-15",2,8,43,52,2116,0.602079395085066,0,0,206,393,8,37,2,19,4,2
"599","2020-03-16",7,8,58,65,2116,0.602079395085066,0,0,206,393,6,43,6,25,4,6
"600","2020-03-17",9,8,50,75,2116,0.602079395085066,0,0,206,393,12,55,3,28,6,3
"601","2020-03-18",10,8,54,97,2116,0.602079395085066,0,0,206,393,11,66,3,31,6,3
"602","2020-03-19",15,8,64,119,2116,0.602079395085066,0,0,206,393,12,78,3,34,4,3
"603","2020-03-20",17,8,79,137,2116,0.602079395085066,0,0,206,393,10,88,9,43,5,9
"604","2020-03-21",21,8,82,153,2116,0.602079395085066,0,0,206,393,13,101,2,45,5,2
"605","2020-03-22",30,8,89,166,2116,0.602079395085066,0,0,206,393,3,104,4,49,NA,4
"606","2020-03-23",28,8,99,176,2116,0.602079395085066,0,0,206,393,13,117,13,62,5,13
"607","2020-03-24",33,8,93,185,2116,0.602079395085066,0,0,206,393,22,139,4,66,10,4
"608","2020-03-25",43,8,95,191,2116,0.602079395085066,0,0,206,393,17,156,3,69,6,3
"609","2020-03-26",46,8,97,207,2116,0.602079395085066,0,0,206,393,12,168,9,78,5,9
"610","2020-03-27",49,8,101,222,2116,0.602079395085066,0,0,206,393,18,186,5,83,11,5
"611","2020-03-28",48,8,107,226,2116,0.602079395085066,0,0,206,393,16,202,1,84,12,1
"612","2020-03-29",49,8,102,229,2116,0.602079395085066,0,0,206,393,6,208,3,87,3,3
"613","2020-03-30",54,8,113,243,2116,0.602079395085066,0,0,206,393,13,221,2,89,6,2
"614","2020-03-31",63,8,113,250,2116,0.602079395085066,0,0,206,393,18,239,1,90,11,1
"615","2020-04-01",62,8,124,261,2116,0.602079395085066,0,0,206,393,11,250,4,94,4,4
"616","2020-04-02",69,8,112,266,2116,0.602079395085066,0,0,206,393,10,260,1,95,4,1
"617","2020-04-03",76,8,107,268,2116,0.602079395085066,0,0,206,393,18,278,4,99,11,4
"618","2020-04-04",79,8,105,275,2116,0.602079395085066,0,0,206,393,22,300,NA,NA,11,NA
"619","2020-04-05",75,8,111,280,2116,0.602079395085066,0,0,206,393,14,314,2,101,7,2
"620","2020-04-06",75,8,107,279,2116,0.602079395085066,0,0,206,393,25,339,8,109,12,8
"621","2020-04-07",75,8,101,280,2116,0.602079395085066,0,0,206,393,24,363,7,116,12,7
"622","2020-04-08",74,8,104,287,2116,0.602079395085066,0,0,206,393,16,379,11,127,11,11
"623","2020-04-09",73,8,103,293,2116,0.602079395085066,0,0,206,393,14,393,10,137,7,10
"624","2020-04-10",69,8,113,295,2116,0.602079395085066,0,0,206,393,19,412,7,144,9,7
"625","2020-04-11",76,8,111,304,2116,0.602079395085066,0,0,206,393,16,428,11,155,10,11
"626","2020-04-12",81,8,105,302,2116,0.602079395085066,0,0,206,393,16,444,11,166,12,11
"627","2020-04-13",84,8,114,298,2116,0.602079395085066,0,0,206,393,25,469,13,179,11,13
"628","2020-04-14",87,8,120,299,2116,0.602079395085066,0,0,206,393,19,488,8,187,8,8
"629","2020-04-15",84,8,132,299,2116,0.602079395085066,0,0,206,393,16,504,3,190,7,3
"630","2020-04-16",80,8,141,303,2116,0.602079395085066,0,0,206,393,30,534,15,205,20,15
"631","2020-04-17",79,8,154,305,2116,0.602079395085066,0,0,206,393,20,554,12,217,12,12
"632","2020-04-18",74,8,161,296,2116,0.602079395085066,0,0,206,393,17,571,10,227,6,10
"633","2020-04-19",78,8,169,292,2116,0.602079395085066,0,0,206,393,17,588,13,240,6,13
"634","2020-04-20",76,8,168,291,2116,0.602079395085066,0,0,206,393,18,606,12,252,8,12
"635","2020-04-21",69,8,182,289,2116,0.602079395085066,0,0,206,393,15,621,6,258,8,6
"636","2020-04-22",78,8,198,288,2116,0.602079395085066,0,0,206,393,21,642,14,272,10,14
"637","2020-04-23",86,8,212,298,2116,0.602079395085066,0,0,206,393,19,661,13,285,7,13
"638","2020-04-24",94,8,213,297,2116,0.602079395085066,0,0,206,393,15,676,8,293,10,8
"639","2020-04-25",105,8,204,311,2116,0.602079395085066,0,0,206,393,19,695,8,301,5,8
"640","2020-04-26",112,8,197,326,2116,0.602079395085066,0,0,206,393,14,709,4,305,6,4
"641","2020-04-27",122,8,192,325,2116,0.602079395085066,0,0,206,393,16,725,5,310,7,5
"642","2020-04-28",119,8,189,333,2116,0.602079395085066,0,0,206,393,11,736,7,317,8,7
"643","2020-04-29",123,8,191,342,2116,0.602079395085066,0,0,206,393,19,755,4,321,14,4
"644","2020-04-30",117,8,172,342,2116,0.602079395085066,0,0,206,393,18,773,7,328,9,7
"645","2020-05-01",110,8,164,343,2116,0.602079395085066,0,0,206,393,26,799,4,332,10,4
"646","2020-05-02",95,8,145,325,2116,0.602079395085066,0,0,206,393,12,811,4,336,6,4
"647","2020-05-03",92,8,136,320,2116,0.602079395085066,0,0,206,393,20,831,3,339,12,3
"648","2020-05-04",87,8,136,335,2116,0.602079395085066,0,0,206,393,19,850,5,344,8,5
"649","2020-05-05",97,8,142,333,2116,0.602079395085066,0,0,206,393,15,865,3,347,6,3
"650","2020-05-06",93,8,145,325,2116,0.602079395085066,0,0,206,393,15,880,6,353,9,6
"651","2020-05-07",96,8,147,321,2116,0.602079395085066,0,0,206,393,23,903,4,357,13,4
"652","2020-05-08",103,8,154,322,2116,0.602079395085066,0,0,206,393,16,919,6,363,10,6
"653","2020-05-09",108,8,173,313,2116,0.602079395085066,0,0,206,393,21,940,5,368,8,5
"654","2020-05-10",98,8,176,312,2116,0.602079395085066,0,0,206,393,20,960,6,374,9,6
"655","2020-05-11",92,8,182,310,2116,0.602079395085066,0,0,206,393,23,983,4,378,17,4
"656","2020-05-12",84,8,195,304,2116,0.602079395085066,0,0,206,393,19,1002,7,385,8,7
"657","2020-05-13",83,8,191,300,2116,0.602079395085066,0,0,206,393,17,1019,8,393,8,8
"658","2020-05-14",84,8,188,294,2116,0.602079395085066,0,0,206,393,24,1043,5,398,14,5
"659","2020-05-15",79,8,174,292,2116,0.602079395085066,0,0,206,393,17,1060,12,410,8,12
"660","2020-05-16",85,8,167,291,2116,0.602079395085066,0,0,206,393,20,1080,7,417,11,7
"661","2020-05-17",85,8,158,295,2116,0.602079395085066,0,0,206,393,15,1095,7,424,5,7
"662","2020-05-18",90,8,150,289,2116,0.602079395085066,0,0,206,393,17,1112,9,433,10,9
"663","2020-05-19",92,8,176,295,2116,0.602079395085066,0,0,206,393,18,1130,5,438,8,5
"664","2020-05-20",88,8,174,291,2116,0.602079395085066,0,0,206,393,10,1140,6,444,4,6
"665","2020-05-21",87,8,163,286,2116,0.602079395085066,0,0,206,393,7,1147,10,454,4,10
"666","2020-05-22",91,8,146,285,2116,0.602079395085066,0,0,206,393,16,1163,12,466,9,12
"667","2020-05-23",86,8,145,271,2116,0.602079395085066,0,0,206,393,12,1175,4,470,7,4
"668","2020-05-24",87,8,144,263,2116,0.602079395085066,0,0,206,393,10,1185,9,479,4,9
"669","2020-05-25",80,8,152,252,2116,0.602079395085066,0,0,206,393,17,1202,8,487,7,8
"670","2020-05-26",79,8,142,250,2116,0.602079395085066,0,0,206,393,8,1210,8,495,3,8
"671","2020-05-27",79,8,137,236,2116,0.602079395085066,0,0,206,393,13,1223,10,505,10,10
"672","2020-05-28",75,8,146,236,2116,0.602079395085066,0,0,206,393,8,1231,3,508,2,3
"673","2020-05-29",71,8,145,232,2116,0.602079395085066,0,0,206,393,13,1244,7,515,8,7
"674","2020-05-30",70,8,144,211,2116,0.602079395085066,0,0,206,393,7,1251,12,527,3,12
"675","2020-05-31",71,8,163,206,2116,0.602079395085066,0,0,206,393,8,1259,10,537,6,10
"676","2020-06-01",72,8,176,195,2116,0.602079395085066,0,0,206,393,14,1273,11,548,7,11
"677","2020-06-02",66,8,172,191,2116,0.602079395085066,0,0,206,393,11,1284,8,556,6,8
"678","2020-06-03",63,8,180,187,2116,0.602079395085066,0,0,206,393,9,1293,11,567,3,11
"679","2020-06-04",61,8,179,176,2116,0.602079395085066,0,0,206,393,7,1300,10,577,4,10
"680","2020-06-05",58,8,179,165,2116,0.602079395085066,0,0,206,393,4,1304,13,590,3,13
"681","2020-06-06",51,8,175,157,2116,0.602079395085066,0,0,206,393,4,1308,13,603,2,13
"682","2020-06-07",47,8,165,158,2116,0.602079395085066,0,0,206,393,5,1313,10,613,1,10
"683","2020-03-17",2,9,14,44,6596,0.983323226197696,0,0,633,199,2,26,7,53,2,7
"684","2020-03-18",4,9,15,51,6596,0.983323226197696,0,0,633,199,9,35,5,58,7,5
"685","2020-03-19",7,9,21,65,6596,0.983323226197696,0,0,633,199,4,39,9,67,4,9
"686","2020-03-20",9,9,21,73,6596,0.983323226197696,0,0,633,199,8,47,8,75,6,8
"687","2020-03-21",11,9,22,79,6596,0.983323226197696,0,0,633,199,7,54,2,77,5,2
"688","2020-03-22",12,9,25,97,6596,0.983323226197696,0,0,633,199,11,65,7,84,8,7
"689","2020-03-23",13,9,27,113,6596,0.983323226197696,0,0,633,199,11,76,5,89,8,5
"690","2020-03-24",15,9,28,150,6596,0.983323226197696,0,0,633,199,11,87,3,92,10,3
"691","2020-03-25",16,9,36,162,6596,0.983323226197696,0,0,633,199,12,99,12,104,12,12
"692","2020-03-26",20,9,42,203,6596,0.983323226197696,0,0,633,199,16,115,2,106,14,2
"693","2020-03-27",24,9,45,230,6596,0.983323226197696,0,0,633,199,17,132,2,108,15,2
"694","2020-03-28",29,9,42,285,6596,0.983323226197696,0,0,633,199,20,152,4,112,17,4
"695","2020-03-29",39,9,38,332,6596,0.983323226197696,0,0,633,199,23,175,5,117,21,5
"696","2020-03-30",49,9,39,387,6596,0.983323226197696,0,0,633,199,20,195,8,125,18,8
"697","2020-03-31",63,9,39,438,6596,0.983323226197696,0,0,633,199,22,217,12,137,19,12
"698","2020-04-01",81,9,35,488,6596,0.983323226197696,0,0,633,199,24,241,8,145,22,8
"699","2020-04-02",87,9,43,576,6596,0.983323226197696,0,0,633,199,27,268,13,158,25,13
"700","2020-04-03",101,9,44,649,6596,0.983323226197696,0,0,633,199,29,297,10,168,29,10
"701","2020-04-04",117,9,46,720,6596,0.983323226197696,0,0,633,199,34,331,16,184,28,16
"702","2020-04-05",130,9,49,809,6596,0.983323226197696,0,0,633,199,39,370,13,197,37,13
"703","2020-04-06",152,9,47,908,6596,0.983323226197696,0,0,633,199,40,410,15,212,39,15
"704","2020-04-07",166,9,51,1027,6596,0.983323226197696,0,0,633,199,34,444,13,225,32,13
"705","2020-04-08",184,9,55,1127,6596,0.983323226197696,0,0,633,199,43,487,10,235,42,10
"706","2020-04-09",210,9,58,1215,6596,0.983323226197696,0,0,633,199,41,528,13,248,41,13
"707","2020-04-10",231,9,57,1354,6596,0.983323226197696,0,0,633,199,38,566,13,261,38,13
"708","2020-04-11",266,9,48,1495,6596,0.983323226197696,0,0,633,199,51,617,7,268,50,7
"709","2020-04-12",304,9,38,1615,6596,0.983323226197696,0,0,633,199,74,691,3,271,71,3
"710","2020-04-13",337,9,39,1728,6596,0.983323226197696,0,0,633,199,54,745,5,276,49,5
"711","2020-04-14",395,9,41,1885,6596,0.983323226197696,0,0,633,199,64,809,3,279,60,3
"712","2020-04-15",429,9,49,1981,6596,0.983323226197696,0,0,633,199,62,871,8,287,58,8
"713","2020-04-16",474,9,48,2143,6596,0.983323226197696,0,0,633,199,81,952,9,296,75,9
"714","2020-04-17",505,9,47,2220,6596,0.983323226197696,0,0,633,199,81,1033,16,312,79,16
"715","2020-04-18",533,9,52,2284,6596,0.983323226197696,0,0,633,199,78,1111,13,325,76,13
"716","2020-04-19",549,9,48,2344,6596,0.983323226197696,0,0,633,199,90,1201,13,338,88,13
"717","2020-04-20",590,9,42,2414,6596,0.983323226197696,0,0,633,199,78,1279,22,360,76,22
"718","2020-04-21",597,9,43,2453,6596,0.983323226197696,0,0,633,199,86,1365,25,385,83,25
"719","2020-04-22",624,9,42,2468,6596,0.983323226197696,0,0,633,199,74,1439,9,394,73,9
"720","2020-04-23",647,9,36,2435,6596,0.983323226197696,0,0,633,199,91,1530,10,404,88,10
"721","2020-04-24",676,9,34,2391,6596,0.983323226197696,0,0,633,199,88,1618,14,418,87,14
"722","2020-04-25",673,9,31,2308,6596,0.983323226197696,0,0,633,199,76,1694,23,441,74,23
"723","2020-04-26",715,9,33,2235,6596,0.983323226197696,0,0,633,199,93,1787,15,456,93,15
"724","2020-04-27",688,9,38,2153,6596,0.983323226197696,0,0,633,199,86,1873,10,466,85,10
"725","2020-04-28",689,9,28,2017,6596,0.983323226197696,0,0,633,199,72,1945,21,487,70,21
"726","2020-04-29",676,9,51,1883,6596,0.983323226197696,0,0,633,199,73,2018,21,508,71,21
"727","2020-04-30",645,9,64,1792,6596,0.983323226197696,0,0,633,199,83,2101,17,525,83,17
"728","2020-05-01",617,9,76,1703,6596,0.983323226197696,0,0,633,199,84,2185,11,536,80,11
"729","2020-05-02",606,9,95,1604,6596,0.983323226197696,0,0,633,199,80,2265,13,549,78,13
"730","2020-05-03",563,9,93,1479,6596,0.983323226197696,0,0,633,199,87,2352,5,554,85,5
"731","2020-05-04",536,9,82,1355,6596,0.983323226197696,0,0,633,199,88,2440,26,580,86,26
"732","2020-05-05",493,9,69,1235,6596,0.983323226197696,0,0,633,199,88,2528,12,592,86,12
"733","2020-05-06",451,9,57,1119,6596,0.983323226197696,0,0,633,199,85,2613,12,604,84,12
"734","2020-05-07",424,9,57,983,6596,0.983323226197696,0,0,633,199,84,2697,20,624,82,20
"735","2020-05-08",389,9,57,865,6596,0.983323226197696,0,0,633,199,84,2781,10,634,80,10
"736","2020-05-09",350,9,51,763,6596,0.983323226197696,0,0,633,199,86,2867,8,642,85,8
"737","2020-05-10",305,9,42,680,6596,0.983323226197696,0,0,633,199,77,2944,14,656,76,14
"738","2020-05-11",283,9,57,600,6596,0.983323226197696,0,0,633,199,75,3019,12,668,73,12
"739","2020-05-12",254,9,55,531,6596,0.983323226197696,0,0,633,199,59,3078,15,683,57,15
"740","2020-05-13",231,9,44,473,6596,0.983323226197696,0,0,633,199,70,3148,24,707,69,24
"741","2020-05-14",204,9,48,423,6596,0.983323226197696,0,0,633,199,67,3215,21,728,64,21
"742","2020-05-15",184,9,60,352,6596,0.983323226197696,0,0,633,199,83,3298,15,743,82,15
"743","2020-05-16",164,9,63,295,6596,0.983323226197696,0,0,633,199,65,3363,20,763,63,20
"744","2020-05-17",138,9,73,252,6596,0.983323226197696,0,0,633,199,61,3424,9,772,58,9
"745","2020-05-18",116,9,67,209,6596,0.983323226197696,0,0,633,199,51,3475,11,783,51,11
"746","2020-05-19",99,9,62,189,6596,0.983323226197696,0,0,633,199,64,3539,9,792,62,9
"747","2020-05-20",88,9,59,164,6596,0.983323226197696,0,0,633,199,50,3589,10,802,50,10
"748","2020-05-21",72,9,58,146,6596,0.983323226197696,0,0,633,199,63,3652,16,818,63,16
"749","2020-05-22",61,9,57,131,6596,0.983323226197696,0,0,633,199,41,3693,13,831,39,13
"750","2020-05-23",51,9,51,110,6596,0.983323226197696,0,0,633,199,40,3733,22,853,40,22
"751","2020-05-24",52,9,53,99,6596,0.983323226197696,0,0,633,199,44,3777,14,867,42,14
"752","2020-05-25",46,9,41,81,6596,0.983323226197696,0,0,633,199,56,3833,9,876,55,9
"753","2020-05-26",38,9,40,72,6596,0.983323226197696,0,0,633,199,41,3874,13,889,40,13
"754","2020-05-27",31,9,35,64,6596,0.983323226197696,0,0,633,199,38,3912,14,903,38,14
"755","2020-05-28",29,9,42,62,6596,0.983323226197696,0,0,633,199,38,3950,10,913,36,10
"756","2020-05-29",25,9,44,54,6596,0.983323226197696,0,0,633,199,33,3983,9,922,33,9
"757","2020-05-30",23,9,45,51,6596,0.983323226197696,0,0,633,199,19,4002,12,934,19,12
"758","2020-05-31",19,9,43,48,6596,0.983323226197696,0,0,633,199,35,4037,12,946,34,12
"759","2020-06-01",17,9,44,46,6596,0.983323226197696,0,0,633,199,30,4067,3,949,29,3
"760","2020-06-02",19,9,33,41,6596,0.983323226197696,0,0,633,199,24,4091,6,955,24,6
"761","2020-06-03",17,9,31,41,6596,0.983323226197696,0,0,633,199,21,4112,11,966,21,11
"762","2020-06-04",14,9,35,35,6596,0.983323226197696,0,0,633,199,18,4130,12,978,18,12
"763","2020-06-05",12,9,37,27,6596,0.983323226197696,0,0,633,199,21,4151,13,991,21,13
"764","2020-06-06",12,9,37,22,6596,0.983323226197696,0,0,633,199,19,4170,15,1006,19,15
"765","2020-06-07",10,9,36,23,6596,0.983323226197696,0,0,633,199,13,4183,7,1013,13,7
"766","2020-03-15",1,10,28,15,2338,0.914456800684346,0,0,207,247,8,38,1,19,3,1
"767","2020-03-16",2,10,25,18,2338,0.914456800684346,0,0,207,247,11,49,NA,NA,6,NA
"768","2020-03-17",2,10,24,20,2338,0.914456800684346,0,0,207,247,13,62,1,20,5,1
"769","2020-03-18",2,10,30,24,2338,0.914456800684346,0,0,207,247,13,75,2,22,8,2
"770","2020-03-19",3,10,27,26,2338,0.914456800684346,0,0,207,247,16,91,NA,NA,8,NA
"771","2020-03-20",4,10,27,29,2338,0.914456800684346,0,0,207,247,14,105,1,23,10,1
"772","2020-03-21",4,10,22,43,2338,0.914456800684346,0,0,207,247,19,124,3,26,12,3
"773","2020-03-22",6,10,27,51,2338,0.914456800684346,0,0,207,247,18,142,6,32,16,6
"774","2020-03-23",7,10,32,54,2338,0.914456800684346,0,0,207,247,26,168,10,42,16,10
"775","2020-03-24",9,10,32,63,2338,0.914456800684346,0,0,207,247,22,190,4,46,17,4
"776","2020-03-25",9,10,27,70,2338,0.914456800684346,0,0,207,247,24,214,7,53,20,7
"777","2020-03-26",10,10,32,82,2338,0.914456800684346,0,0,207,247,24,238,4,57,17,4
"778","2020-03-27",13,10,37,95,2338,0.914456800684346,0,0,207,247,39,277,3,60,31,3
"779","2020-03-28",19,10,37,114,2338,0.914456800684346,0,0,207,247,23,300,7,67,15,7
"780","2020-03-29",18,10,36,129,2338,0.914456800684346,0,0,207,247,33,333,10,77,29,10
"781","2020-03-30",20,10,38,138,2338,0.914456800684346,0,0,207,247,30,363,5,82,20,5
"782","2020-03-31",28,10,28,153,2338,0.914456800684346,0,0,207,247,30,393,10,92,27,10
"783","2020-04-01",32,10,31,170,2338,0.914456800684346,0,0,207,247,36,429,7,99,27,7
"784","2020-04-02",38,10,35,178,2338,0.914456800684346,0,0,207,247,44,473,11,110,34,11
"785","2020-04-03",41,10,39,178,2338,0.914456800684346,0,0,207,247,23,496,6,116,18,6
"786","2020-04-04",45,10,32,198,2338,0.914456800684346,0,0,207,247,40,536,2,118,33,2
"787","2020-04-05",57,10,30,203,2338,0.914456800684346,0,0,207,247,51,587,6,124,45,6
"788","2020-04-06",61,10,37,215,2338,0.914456800684346,0,0,207,247,44,631,7,131,39,7
"789","2020-04-07",53,10,30,239,2338,0.914456800684346,0,0,207,247,53,684,10,141,48,10
"790","2020-04-08",58,10,36,253,2338,0.914456800684346,0,0,207,247,43,727,11,152,37,11
"791","2020-04-09",61,10,47,281,2338,0.914456800684346,0,0,207,247,46,773,5,157,37,5
"792","2020-04-10",64,10,51,296,2338,0.914456800684346,0,0,207,247,51,824,6,163,40,6
"793","2020-04-11",67,10,64,303,2338,0.914456800684346,0,0,207,247,51,875,13,176,41,13
"794","2020-04-12",61,10,66,327,2338,0.914456800684346,0,0,207,247,48,923,6,182,41,6
"795","2020-04-13",66,10,67,346,2338,0.914456800684346,0,0,207,247,52,975,4,186,44,4
"796","2020-04-14",76,10,73,354,2338,0.914456800684346,0,0,207,247,51,1026,7,193,45,7
"797","2020-04-15",84,10,75,360,2338,0.914456800684346,0,0,207,247,70,1096,9,202,57,9
"798","2020-04-16",89,10,70,370,2338,0.914456800684346,0,0,207,247,60,1156,6,208,52,6
"799","2020-04-17",95,10,71,392,2338,0.914456800684346,0,0,207,247,60,1216,5,213,54,5
"800","2020-04-18",102,10,73,408,2338,0.914456800684346,0,0,207,247,55,1271,8,221,49,8
"801","2020-04-19",110,10,71,427,2338,0.914456800684346,0,0,207,247,72,1343,9,230,60,9
"802","2020-04-20",113,10,66,435,2338,0.914456800684346,0,0,207,247,49,1392,16,246,43,16
"803","2020-04-21",123,10,59,446,2338,0.914456800684346,0,0,207,247,59,1451,15,261,53,15
"804","2020-04-22",129,10,61,458,2338,0.914456800684346,0,0,207,247,53,1504,11,272,46,11
"805","2020-04-23",136,10,70,470,2338,0.914456800684346,0,0,207,247,58,1562,8,280,51,8
"806","2020-04-24",138,10,67,489,2338,0.914456800684346,0,0,207,247,57,1619,13,293,49,13
"807","2020-04-25",140,10,72,498,2338,0.914456800684346,0,0,207,247,71,1690,14,307,66,14
"808","2020-04-26",151,10,74,499,2338,0.914456800684346,0,0,207,247,63,1753,11,318,56,11
"809","2020-04-27",163,10,65,508,2338,0.914456800684346,0,0,207,247,40,1793,11,329,34,11
"810","2020-04-28",158,10,73,509,2338,0.914456800684346,0,0,207,247,59,1852,12,341,51,12
"811","2020-04-29",157,10,79,496,2338,0.914456800684346,0,0,207,247,43,1895,8,349,36,8
"812","2020-04-30",155,10,75,486,2338,0.914456800684346,0,0,207,247,57,1952,9,358,50,9
"813","2020-05-01",152,10,74,464,2338,0.914456800684346,0,0,207,247,43,1995,12,370,39,12
"814","2020-05-02",150,10,70,468,2338,0.914456800684346,0,0,207,247,55,2050,20,390,44,20
"815","2020-05-03",143,10,74,454,2338,0.914456800684346,0,0,207,247,41,2091,15,405,34,15
"816","2020-05-04",133,10,79,441,2338,0.914456800684346,0,0,207,247,41,2132,19,424,38,19
"817","2020-05-05",124,10,74,419,2338,0.914456800684346,0,0,207,247,33,2165,26,450,30,26
"818","2020-05-06",125,10,76,414,2338,0.914456800684346,0,0,207,247,43,2208,24,474,33,24
"819","2020-05-07",121,10,71,405,2338,0.914456800684346,0,0,207,247,46,2254,13,487,39,13
"820","2020-05-08",131,10,80,401,2338,0.914456800684346,0,0,207,247,52,2306,18,505,45,18
"821","2020-05-09",122,10,88,395,2338,0.914456800684346,0,0,207,247,40,2346,17,522,33,17
"822","2020-05-10",112,10,77,388,2338,0.914456800684346,0,0,207,247,38,2384,10,532,33,10
"823","2020-05-11",115,10,75,375,2338,0.914456800684346,0,0,207,247,31,2415,12,544,28,12
"824","2020-05-12",121,10,65,377,2338,0.914456800684346,0,0,207,247,46,2461,11,555,45,11
"825","2020-05-13",115,10,73,365,2338,0.914456800684346,0,0,207,247,40,2501,21,576,37,21
"826","2020-05-14",111,10,83,377,2338,0.914456800684346,0,0,207,247,40,2541,15,591,33,15
"827","2020-05-15",98,10,86,366,2338,0.914456800684346,0,0,207,247,34,2575,6,597,27,6
"828","2020-05-16",100,10,82,364,2338,0.914456800684346,0,0,207,247,30,2605,15,612,29,15
"829","2020-05-17",106,10,76,351,2338,0.914456800684346,0,0,207,247,27,2632,10,622,24,10
"830","2020-05-18",103,10,67,338,2338,0.914456800684346,0,0,207,247,22,2654,11,633,19,11
"831","2020-05-19",106,10,64,334,2338,0.914456800684346,0,0,207,247,45,2699,5,638,40,5
"832","2020-05-20",98,10,71,315,2338,0.914456800684346,0,0,207,247,34,2733,14,652,30,14
"833","2020-05-21",98,10,63,295,2338,0.914456800684346,0,0,207,247,26,2759,15,667,23,15
"834","2020-05-22",96,10,50,289,2338,0.914456800684346,0,0,207,247,30,2789,10,677,26,10
"835","2020-05-23",95,10,42,290,2338,0.914456800684346,0,0,207,247,27,2816,13,690,21,13
"836","2020-05-24",90,10,44,290,2338,0.914456800684346,0,0,207,247,32,2848,14,704,25,14
"837","2020-05-25",84,10,44,292,2338,0.914456800684346,0,0,207,247,21,2869,10,714,17,10
"838","2020-05-26",80,10,41,277,2338,0.914456800684346,0,0,207,247,23,2892,8,722,21,8
"839","2020-05-27",81,10,47,275,2338,0.914456800684346,0,0,207,247,8,2900,13,735,7,13
"840","2020-05-28",77,10,39,259,2338,0.914456800684346,0,0,207,247,26,2926,12,747,25,12
"841","2020-05-29",75,10,46,246,2338,0.914456800684346,0,0,207,247,12,2938,5,752,10,5
"842","2020-05-30",75,10,54,244,2338,0.914456800684346,0,0,207,247,17,2955,8,760,14,8
"843","2020-05-31",74,10,51,242,2338,0.914456800684346,0,0,207,247,20,2975,7,767,16,7
"844","2020-06-01",74,10,52,224,2338,0.914456800684346,0,0,207,247,18,2993,9,776,15,9
"845","2020-06-02",70,10,45,219,2338,0.914456800684346,0,0,207,247,11,3004,7,783,10,7
"846","2020-06-03",63,10,44,217,2338,0.914456800684346,0,0,207,247,14,3018,5,788,12,5
"847","2020-06-04",59,10,43,209,2338,0.914456800684346,0,0,207,247,13,3031,10,798,11,10
"848","2020-06-05",65,10,35,197,2338,0.914456800684346,0,0,207,247,21,3052,9,807,20,9
"849","2020-06-06",59,10,40,186,2338,0.914456800684346,0,0,207,247,13,3065,12,819,12,12
"850","2020-06-07",56,10,42,177,2338,0.914456800684346,0,0,207,247,18,3083,3,822,16,3
"851","2020-03-16",1,11,15,51,3195,0.788732394366197,0,0,279,268,19,65,19,88,7,19
"852","2020-03-17",3,11,13,70,3195,0.788732394366197,0,0,279,268,22,87,26,114,10,26
"853","2020-03-18",4,11,16,86,3195,0.788732394366197,0,0,279,268,12,99,28,142,6,28
"854","2020-03-19",6,11,14,100,3195,0.788732394366197,0,0,279,268,18,117,23,165,7,23
"855","2020-03-20",12,11,20,114,3195,0.788732394366197,0,0,279,268,19,136,27,192,9,27
"856","2020-03-21",18,11,25,134,3195,0.788732394366197,0,0,279,268,24,160,25,217,17,25
"857","2020-03-22",22,11,37,160,3195,0.788732394366197,0,0,279,268,20,180,25,242,10,25
"858","2020-03-23",31,11,30,176,3195,0.788732394366197,0,0,279,268,14,194,26,268,7,26
"859","2020-03-24",34,11,30,202,3195,0.788732394366197,0,0,279,268,21,215,43,311,15,43
"860","2020-03-25",45,11,28,222,3195,0.788732394366197,0,0,279,268,20,235,20,331,9,20
"861","2020-03-26",51,11,29,242,3195,0.788732394366197,0,0,279,268,35,270,18,349,21,18
"862","2020-03-27",59,11,29,261,3195,0.788732394366197,0,0,279,268,23,293,32,381,15,32
"863","2020-03-28",61,11,33,286,3195,0.788732394366197,0,0,279,268,30,323,33,414,18,33
"864","2020-03-29",69,11,27,301,3195,0.788732394366197,0,0,279,268,25,348,33,447,16,33
"865","2020-03-30",72,11,29,324,3195,0.788732394366197,0,0,279,268,31,379,24,471,14,24
"866","2020-03-31",78,11,33,346,3195,0.788732394366197,0,0,279,268,32,411,27,498,16,27
"867","2020-04-01",80,11,42,354,3195,0.788732394366197,0,0,279,268,17,428,34,532,13,34
"868","2020-04-02",84,11,42,370,3195,0.788732394366197,0,0,279,268,27,455,47,579,12,47
"869","2020-04-03",92,11,53,395,3195,0.788732394366197,0,0,279,268,31,486,32,611,17,32
"870","2020-04-04",94,11,45,417,3195,0.788732394366197,0,0,279,268,39,525,39,650,19,39
"871","2020-04-05",108,11,42,432,3195,0.788732394366197,0,0,279,268,32,557,25,675,18,25
"872","2020-04-06",110,11,49,447,3195,0.788732394366197,0,0,279,268,28,585,33,708,15,33
"873","2020-04-07",118,11,57,458,3195,0.788732394366197,0,0,279,268,38,623,29,737,24,29
"874","2020-04-08",122,11,59,468,3195,0.788732394366197,0,0,279,268,31,654,24,761,15,24
"875","2020-04-09",127,11,64,478,3195,0.788732394366197,0,0,279,268,31,685,26,787,21,26
"876","2020-04-10",126,11,68,482,3195,0.788732394366197,0,0,279,268,30,715,34,821,19,34
"877","2020-04-11",136,11,66,500,3195,0.788732394366197,0,0,279,268,25,740,26,847,13,26
"878","2020-04-12",122,11,71,508,3195,0.788732394366197,0,0,279,268,33,773,37,884,20,37
"879","2020-04-13",136,11,68,521,3195,0.788732394366197,0,0,279,268,32,805,36,920,20,36
"880","2020-04-14",147,11,67,528,3195,0.788732394366197,0,0,279,268,30,835,34,954,21,34
"881","2020-04-15",155,11,57,530,3195,0.788732394366197,0,0,279,268,32,867,28,982,17,28
"882","2020-04-16",153,11,52,546,3195,0.788732394366197,0,0,279,268,43,910,23,1005,26,23
"883","2020-04-17",150,11,49,555,3195,0.788732394366197,0,0,279,268,33,943,34,1039,22,34
"884","2020-04-18",153,11,46,564,3195,0.788732394366197,0,0,279,268,31,974,34,1073,22,34
"885","2020-04-19",163,11,43,572,3195,0.788732394366197,0,0,279,268,36,1010,17,1090,18,17
"886","2020-04-20",153,11,57,593,3195,0.788732394366197,0,0,279,268,34,1044,26,1116,19,26
"887","2020-04-21",157,11,57,615,3195,0.788732394366197,0,0,279,268,37,1081,29,1145,25,29
"888","2020-04-22",155,11,72,614,3195,0.788732394366197,0,0,279,268,47,1128,13,1158,24,13
"889","2020-04-23",165,11,88,620,3195,0.788732394366197,0,0,279,268,30,1158,37,1195,16,37
"890","2020-04-24",172,11,81,622,3195,0.788732394366197,0,0,279,268,27,1185,27,1222,17,27
"891","2020-04-25",171,11,87,615,3195,0.788732394366197,0,0,279,268,36,1221,25,1247,26,25
"892","2020-04-26",176,11,91,601,3195,0.788732394366197,0,0,279,268,34,1255,20,1267,18,20
"893","2020-04-27",181,11,92,592,3195,0.788732394366197,0,0,279,268,38,1293,28,1295,20,28
"894","2020-04-28",175,11,96,595,3195,0.788732394366197,0,0,279,268,33,1326,35,1330,25,35
"895","2020-04-29",178,11,90,584,3195,0.788732394366197,0,0,279,268,27,1353,29,1359,14,29
"896","2020-04-30",185,11,88,559,3195,0.788732394366197,0,0,279,268,33,1386,36,1395,20,36
"897","2020-05-01",186,11,85,540,3195,0.788732394366197,0,0,279,268,33,1419,35,1430,20,35
"898","2020-05-02",184,11,68,519,3195,0.788732394366197,0,0,279,268,32,1451,39,1469,20,39
"899","2020-05-03",186,11,60,522,3195,0.788732394366197,0,0,279,268,36,1487,33,1502,24,33
"900","2020-05-04",186,11,51,501,3195,0.788732394366197,0,0,279,268,25,1512,30,1532,17,30
"901","2020-05-05",181,11,48,478,3195,0.788732394366197,0,0,279,268,32,1544,46,1578,19,46
"902","2020-05-06",172,11,52,468,3195,0.788732394366197,0,0,279,268,21,1565,20,1598,13,20
"903","2020-05-07",154,11,54,446,3195,0.788732394366197,0,0,279,268,41,1606,36,1634,24,36
"904","2020-05-08",144,11,49,418,3195,0.788732394366197,0,0,279,268,40,1646,52,1686,20,52
"905","2020-05-09",142,11,43,422,3195,0.788732394366197,0,0,279,268,37,1683,27,1713,22,27
"906","2020-05-10",126,11,54,427,3195,0.788732394366197,0,0,279,268,24,1707,40,1753,15,40
"907","2020-05-11",113,11,54,422,3195,0.788732394366197,0,0,279,268,33,1740,33,1786,16,33
"908","2020-05-12",110,11,53,404,3195,0.788732394366197,0,0,279,268,29,1769,27,1813,14,27
"909","2020-05-13",112,11,49,410,3195,0.788732394366197,0,0,279,268,30,1799,29,1842,20,29
"910","2020-05-14",115,11,43,411,3195,0.788732394366197,0,0,279,268,35,1834,39,1881,23,39
"911","2020-05-15",118,11,39,434,3195,0.788732394366197,0,0,279,268,22,1856,32,1913,14,32
"912","2020-05-16",113,11,33,432,3195,0.788732394366197,0,0,279,268,23,1879,29,1942,17,29
"913","2020-05-17",116,11,31,423,3195,0.788732394366197,0,0,279,268,28,1907,30,1972,14,30
"914","2020-05-18",119,11,31,416,3195,0.788732394366197,0,0,279,268,29,1936,32,2004,19,32
"915","2020-05-19",115,11,33,409,3195,0.788732394366197,0,0,279,268,22,1958,28,2032,13,28
"916","2020-05-20",112,11,39,399,3195,0.788732394366197,0,0,279,268,27,1985,17,2049,19,17
"917","2020-05-21",114,11,49,393,3195,0.788732394366197,0,0,279,268,33,2018,28,2077,19,28
"918","2020-05-22",113,11,49,395,3195,0.788732394366197,0,0,279,268,27,2045,29,2106,18,29
"919","2020-05-23",118,11,51,374,3195,0.788732394366197,0,0,279,268,16,2061,28,2134,12,28
"920","2020-05-24",108,11,55,366,3195,0.788732394366197,0,0,279,268,20,2081,14,2148,14,14
"921","2020-05-25",112,11,62,350,3195,0.788732394366197,0,0,279,268,27,2108,24,2172,16,24
"922","2020-05-26",102,11,62,333,3195,0.788732394366197,0,0,279,268,18,2126,17,2189,12,17
"923","2020-05-27",96,11,59,330,3195,0.788732394366197,0,0,279,268,17,2143,27,2216,12,27
"924","2020-05-28",93,11,44,325,3195,0.788732394366197,0,0,279,268,14,2157,24,2240,8,24
"925","2020-05-29",87,11,35,307,3195,0.788732394366197,0,0,279,268,15,2172,33,2273,10,33
"926","2020-05-30",88,11,31,304,3195,0.788732394366197,0,0,279,268,14,2186,28,2301,10,28
"927","2020-05-31",93,11,36,276,3195,0.788732394366197,0,0,279,268,22,2208,25,2326,14,25
"928","2020-06-01",89,11,34,266,3195,0.788732394366197,0,0,279,268,17,2225,26,2352,12,26
"929","2020-06-02",92,11,34,251,3195,0.788732394366197,0,0,279,268,19,2244,24,2376,13,24
"930","2020-06-03",97,11,31,255,3195,0.788732394366197,0,0,279,268,13,2257,24,2400,10,24
"931","2020-06-04",92,11,29,255,3195,0.788732394366197,0,0,279,268,24,2281,27,2427,18,27
"932","2020-06-05",89,11,34,251,3195,0.788732394366197,0,0,279,268,16,2297,20,2447,11,20
"933","2020-06-06",86,11,33,244,3195,0.788732394366197,0,0,279,268,18,2315,28,2475,10,28
"934","2020-06-07",90,11,30,236,3195,0.788732394366197,0,0,279,268,13,2328,27,2502,9,27
"935","2020-03-14",1,12,10,36,1924,0.525467775467775,0,0,157,234,10,24,4,19,3,4
"936","2020-03-15",3,12,20,47,1924,0.525467775467775,0,0,157,234,6,30,3,22,3,3
"937","2020-03-16",3,12,23,62,1924,0.525467775467775,0,0,157,234,9,39,3,25,7,3
"938","2020-03-17",4,12,26,73,1924,0.525467775467775,0,0,157,234,5,44,2,27,5,2
"939","2020-03-18",7,12,22,86,1924,0.525467775467775,0,0,157,234,8,52,3,30,5,3
"940","2020-03-19",9,12,24,100,1924,0.525467775467775,0,0,157,234,10,62,2,32,7,2
"941","2020-03-20",15,12,26,117,1924,0.525467775467775,0,0,157,234,16,78,5,37,13,5
"942","2020-03-21",16,12,22,135,1924,0.525467775467775,0,0,157,234,13,91,8,45,7,8
"943","2020-03-22",19,12,26,146,1924,0.525467775467775,0,0,157,234,13,104,4,49,8,4
"944","2020-03-23",24,12,29,164,1924,0.525467775467775,0,0,157,234,18,122,3,52,12,3
"945","2020-03-24",31,12,22,178,1924,0.525467775467775,0,0,157,234,28,150,3,55,21,3
"946","2020-03-25",35,12,24,205,1924,0.525467775467775,0,0,157,234,16,166,5,60,13,5
"947","2020-03-26",46,12,25,217,1924,0.525467775467775,0,0,157,234,29,195,1,61,24,1
"948","2020-03-27",46,12,29,229,1924,0.525467775467775,0,0,157,234,22,217,4,65,17,4
"949","2020-03-28",52,12,34,234,1924,0.525467775467775,0,0,157,234,33,250,2,67,24,2
"950","2020-03-29",57,12,31,240,1924,0.525467775467775,0,0,157,234,30,280,5,72,25,5
"951","2020-03-30",63,12,31,244,1924,0.525467775467775,0,0,157,234,26,306,4,76,22,4
"952","2020-03-31",64,12,29,246,1924,0.525467775467775,0,0,157,234,33,339,5,81,25,5
"953","2020-04-01",75,12,30,251,1924,0.525467775467775,0,0,157,234,24,363,2,83,17,2
"954","2020-04-02",74,12,33,240,1924,0.525467775467775,0,0,157,234,34,397,3,86,28,3
"955","2020-04-03",77,12,35,243,1924,0.525467775467775,0,0,157,234,34,431,2,88,28,2
"956","2020-04-04",78,12,46,232,1924,0.525467775467775,0,0,157,234,30,461,6,94,27,6
"957","2020-04-05",76,12,50,230,1924,0.525467775467775,0,0,157,234,37,498,10,104,34,10
"958","2020-04-06",77,12,59,235,1924,0.525467775467775,0,0,157,234,37,535,13,117,33,13
"959","2020-04-07",74,12,64,234,1924,0.525467775467775,0,0,157,234,26,561,9,126,22,9
"960","2020-04-08",66,12,58,234,1924,0.525467775467775,0,0,157,234,40,601,12,138,28,12
"961","2020-04-09",71,12,49,235,1924,0.525467775467775,0,0,157,234,48,649,12,150,43,12
"962","2020-04-10",78,12,43,241,1924,0.525467775467775,0,0,157,234,48,697,13,163,38,13
"963","2020-04-11",77,12,45,241,1924,0.525467775467775,0,0,157,234,41,738,5,168,38,5
"964","2020-04-12",78,12,54,243,1924,0.525467775467775,0,0,157,234,46,784,11,179,39,11
"965","2020-04-13",75,12,54,244,1924,0.525467775467775,0,0,157,234,27,811,8,187,24,8
"966","2020-04-14",76,12,56,232,1924,0.525467775467775,0,0,157,234,37,848,8,195,32,8
"967","2020-04-15",79,12,60,241,1924,0.525467775467775,0,0,157,234,41,889,11,206,33,11
"968","2020-04-16",80,12,72,252,1924,0.525467775467775,0,0,157,234,52,941,5,211,50,5
"969","2020-04-17",71,12,78,254,1924,0.525467775467775,0,0,157,234,42,983,9,220,33,9
"970","2020-04-18",73,12,78,265,1924,0.525467775467775,0,0,157,234,54,1037,2,222,45,2
"971","2020-04-19",75,12,69,263,1924,0.525467775467775,0,0,157,234,40,1077,12,234,35,12
"972","2020-04-20",73,12,67,263,1924,0.525467775467775,0,0,157,234,48,1125,10,244,37,10
"973","2020-04-21",72,12,61,278,1924,0.525467775467775,0,0,157,234,48,1173,21,265,43,21
"974","2020-04-22",67,12,62,284,1924,0.525467775467775,0,0,157,234,46,1219,19,284,43,19
"975","2020-04-23",59,12,69,278,1924,0.525467775467775,0,0,157,234,41,1260,7,291,35,7
"976","2020-04-24",63,12,62,282,1924,0.525467775467775,0,0,157,234,31,1291,14,305,26,14
"977","2020-04-25",62,12,60,275,1924,0.525467775467775,0,0,157,234,56,1347,8,313,43,8
"978","2020-04-26",72,12,60,278,1924,0.525467775467775,0,0,157,234,50,1397,18,331,48,18
"979","2020-04-27",77,12,61,288,1924,0.525467775467775,0,0,157,234,53,1450,13,344,46,13
"980","2020-04-28",84,12,64,292,1924,0.525467775467775,0,0,157,234,46,1496,21,365,40,21
"981","2020-04-29",88,12,62,295,1924,0.525467775467775,0,0,157,234,35,1531,5,370,31,5
"982","2020-04-30",92,12,67,291,1924,0.525467775467775,0,0,157,234,43,1574,5,375,37,5
"983","2020-05-01",93,12,68,300,1924,0.525467775467775,0,0,157,234,40,1614,7,382,37,7
"984","2020-05-02",101,12,66,309,1924,0.525467775467775,0,0,157,234,43,1657,3,385,38,3
"985","2020-05-03",91,12,77,308,1924,0.525467775467775,0,0,157,234,42,1699,4,389,34,4
"986","2020-05-04",90,12,76,302,1924,0.525467775467775,0,0,157,234,40,1739,7,396,31,7
"987","2020-05-05",88,12,78,298,1924,0.525467775467775,0,0,157,234,52,1791,15,411,47,15
"988","2020-05-06",83,12,84,285,1924,0.525467775467775,0,0,157,234,36,1827,6,417,31,6
"989","2020-05-07",84,12,95,284,1924,0.525467775467775,0,0,157,234,31,1858,2,419,27,2
"990","2020-05-08",87,12,81,287,1924,0.525467775467775,0,0,157,234,27,1885,7,426,22,7
"991","2020-05-09",78,12,85,295,1924,0.525467775467775,0,0,157,234,19,1904,11,437,15,11
"992","2020-05-10",71,12,87,300,1924,0.525467775467775,0,0,157,234,30,1934,15,452,27,15
"993","2020-05-11",75,12,96,304,1924,0.525467775467775,0,0,157,234,43,1977,12,464,39,12
"994","2020-05-12",72,12,96,293,1924,0.525467775467775,0,0,157,234,21,1998,10,474,19,10
"995","2020-05-13",84,12,94,290,1924,0.525467775467775,0,0,157,234,26,2024,12,486,22,12
"996","2020-05-14",75,12,96,296,1924,0.525467775467775,0,0,157,234,32,2056,16,502,25,16
"997","2020-05-15",68,12,97,292,1924,0.525467775467775,0,0,157,234,37,2093,17,519,34,17
"998","2020-05-16",66,12,88,289,1924,0.525467775467775,0,0,157,234,19,2112,12,531,13,12
"999","2020-05-17",72,12,81,282,1924,0.525467775467775,0,0,157,234,32,2144,5,536,30,5
"1000","2020-05-18",68,12,90,277,1924,0.525467775467775,0,0,157,234,26,2170,6,542,23,6
"1001","2020-05-19",70,12,91,278,1924,0.525467775467775,0,0,157,234,30,2200,7,549,26,7
"1002","2020-05-20",64,12,92,262,1924,0.525467775467775,0,0,157,234,26,2226,6,555,21,6
"1003","2020-05-21",69,12,93,261,1924,0.525467775467775,0,0,157,234,23,2249,5,560,20,5
"1004","2020-05-22",74,12,85,262,1924,0.525467775467775,0,0,157,234,35,2284,4,564,31,4
"1005","2020-05-23",79,12,85,256,1924,0.525467775467775,0,0,157,234,33,2317,3,567,29,3
"1006","2020-05-24",79,12,84,245,1924,0.525467775467775,0,0,157,234,27,2344,3,570,25,3
"1007","2020-05-25",77,12,89,249,1924,0.525467775467775,0,0,157,234,25,2369,12,582,21,12
"1008","2020-05-26",80,12,94,229,1924,0.525467775467775,0,0,157,234,24,2393,5,587,22,5
"1009","2020-05-27",74,12,74,221,1924,0.525467775467775,0,0,157,234,21,2414,4,591,20,4
"1010","2020-05-28",74,12,73,213,1924,0.525467775467775,0,0,157,234,22,2436,2,593,16,2
"1011","2020-05-29",68,12,61,205,1924,0.525467775467775,0,0,157,234,25,2461,8,601,20,8
"1012","2020-05-30",64,12,59,205,1924,0.525467775467775,0,0,157,234,15,2476,11,612,12,11
"1013","2020-05-31",66,12,66,195,1924,0.525467775467775,0,0,157,234,21,2497,9,621,18,9
"1014","2020-06-01",66,12,59,193,1924,0.525467775467775,0,0,157,234,16,2513,10,631,14,10
"1015","2020-06-02",55,12,55,179,1924,0.525467775467775,0,0,157,234,17,2530,7,638,15,7
"1016","2020-06-03",57,12,47,175,1924,0.525467775467775,0,0,157,234,23,2553,5,643,20,5
"1017","2020-06-04",51,12,52,164,1924,0.525467775467775,0,0,157,234,17,2570,10,653,14,10
"1018","2020-06-05",50,12,50,154,1924,0.525467775467775,0,0,157,234,8,2578,10,663,6,10
"1019","2020-06-06",48,12,49,144,1924,0.525467775467775,0,0,157,234,13,2591,4,667,12,4
"1020","2020-06-07",44,12,49,145,1924,0.525467775467775,0,0,157,234,14,2605,9,676,11,9
"1021","2020-03-15",1,13,13,21,1921,0.868297761582509,0,0,171,206,5,33,2,12,1,2
"1022","2020-03-16",1,13,18,25,1921,0.868297761582509,0,0,171,206,9,42,1,13,8,1
"1023","2020-03-17",2,13,14,31,1921,0.868297761582509,0,0,171,206,11,53,2,15,6,2
"1024","2020-03-18",3,13,22,38,1921,0.868297761582509,0,0,171,206,14,67,3,18,6,3
"1025","2020-03-19",3,13,29,42,1921,0.868297761582509,0,0,171,206,23,90,3,21,16,3
"1026","2020-03-20",4,13,30,49,1921,0.868297761582509,0,0,171,206,16,106,1,22,7,1
"1027","2020-03-21",7,13,33,53,1921,0.868297761582509,0,0,171,206,9,115,4,26,4,4
"1028","2020-03-22",7,13,30,67,1921,0.868297761582509,0,0,171,206,18,133,4,30,13,4
"1029","2020-03-23",10,13,37,74,1921,0.868297761582509,0,0,171,206,24,157,4,34,14,4
"1030","2020-03-24",10,13,38,74,1921,0.868297761582509,0,0,171,206,22,179,3,37,15,3
"1031","2020-03-25",11,13,37,79,1921,0.868297761582509,0,0,171,206,23,202,7,44,15,7
"1032","2020-03-26",13,13,39,89,1921,0.868297761582509,0,0,171,206,26,228,4,48,18,4
"1033","2020-03-27",14,13,41,89,1921,0.868297761582509,0,0,171,206,28,256,8,56,17,8
"1034","2020-03-28",13,13,38,99,1921,0.868297761582509,0,0,171,206,31,287,4,60,21,4
"1035","2020-03-29",17,13,41,106,1921,0.868297761582509,0,0,171,206,32,319,6,66,26,6
"1036","2020-03-30",21,13,45,108,1921,0.868297761582509,0,0,171,206,20,339,3,69,12,3
"1037","2020-03-31",23,13,46,120,1921,0.868297761582509,0,0,171,206,26,365,11,80,23,11
"1038","2020-04-01",25,13,48,123,1921,0.868297761582509,0,0,171,206,36,401,5,85,34,5
"1039","2020-04-02",26,13,47,122,1921,0.868297761582509,0,0,171,206,30,431,11,96,26,11
"1040","2020-04-03",27,13,48,143,1921,0.868297761582509,0,0,171,206,41,472,7,103,32,7
"1041","2020-04-04",29,13,46,141,1921,0.868297761582509,0,0,171,206,55,527,8,111,46,8
"1042","2020-04-05",28,13,36,148,1921,0.868297761582509,0,0,171,206,39,566,4,115,32,4
"1043","2020-04-06",28,13,45,163,1921,0.868297761582509,0,0,171,206,33,599,8,123,24,8
"1044","2020-04-07",34,13,61,168,1921,0.868297761582509,0,0,171,206,35,634,1,124,30,1
"1045","2020-04-08",40,13,59,187,1921,0.868297761582509,0,0,171,206,61,695,2,126,50,2
"1046","2020-04-09",43,13,60,214,1921,0.868297761582509,0,0,171,206,37,732,3,129,36,3
"1047","2020-04-10",46,13,68,227,1921,0.868297761582509,0,0,171,206,65,797,7,136,52,7
"1048","2020-04-11",51,13,63,245,1921,0.868297761582509,0,0,171,206,55,852,5,141,45,5
"1049","2020-04-12",54,13,62,255,1921,0.868297761582509,0,0,171,206,51,903,3,144,41,3
"1050","2020-04-13",60,13,65,265,1921,0.868297761582509,0,0,171,206,48,951,6,150,42,6
"1051","2020-04-14",60,13,61,281,1921,0.868297761582509,0,0,171,206,44,995,8,158,38,8
"1052","2020-04-15",59,13,61,303,1921,0.868297761582509,0,0,171,206,38,1033,18,176,29,18
"1053","2020-04-16",59,13,58,319,1921,0.868297761582509,0,0,171,206,47,1080,8,184,45,8
"1054","2020-04-17",67,13,64,334,1921,0.868297761582509,0,0,171,206,51,1131,14,198,40,14
"1055","2020-04-18",76,13,57,355,1921,0.868297761582509,0,0,171,206,47,1178,12,210,38,12
"1056","2020-04-19",83,13,58,374,1921,0.868297761582509,0,0,171,206,44,1222,18,228,35,18
"1057","2020-04-20",88,13,67,388,1921,0.868297761582509,0,0,171,206,32,1254,10,238,26,10
"1058","2020-04-21",94,13,74,385,1921,0.868297761582509,0,0,171,206,28,1282,10,248,24,10
"1059","2020-04-22",102,13,73,390,1921,0.868297761582509,0,0,171,206,30,1312,6,254,18,6
"1060","2020-04-23",111,13,77,396,1921,0.868297761582509,0,0,171,206,30,1342,14,268,24,14
"1061","2020-04-24",106,13,84,394,1921,0.868297761582509,0,0,171,206,38,1380,4,272,27,4
"1062","2020-04-25",102,13,84,392,1921,0.868297761582509,0,0,171,206,26,1406,3,275,17,3
"1063","2020-04-26",110,13,83,389,1921,0.868297761582509,0,0,171,206,43,1449,10,285,29,10
"1064","2020-04-27",110,13,86,377,1921,0.868297761582509,0,0,171,206,30,1479,4,289,23,4
"1065","2020-04-28",113,13,90,356,1921,0.868297761582509,0,0,171,206,22,1501,12,301,16,12
"1066","2020-04-29",110,13,90,349,1921,0.868297761582509,0,0,171,206,25,1526,10,311,21,10
"1067","2020-04-30",108,13,88,332,1921,0.868297761582509,0,0,171,206,22,1548,6,317,17,6
"1068","2020-05-01",116,13,88,339,1921,0.868297761582509,0,0,171,206,23,1571,3,320,18,3
"1069","2020-05-02",124,13,91,323,1921,0.868297761582509,0,0,171,206,26,1597,6,326,21,6
"1070","2020-05-03",116,13,89,314,1921,0.868297761582509,0,0,171,206,18,1615,5,331,10,5
"1071","2020-05-04",107,13,87,323,1921,0.868297761582509,0,0,171,206,29,1644,4,335,21,4
"1072","2020-05-05",101,13,81,314,1921,0.868297761582509,0,0,171,206,25,1669,5,340,21,5
"1073","2020-05-06",97,13,70,304,1921,0.868297761582509,0,0,171,206,16,1685,11,351,11,11
"1074","2020-05-07",102,13,72,277,1921,0.868297761582509,0,0,171,206,29,1714,14,365,20,14
"1075","2020-05-08",94,13,71,272,1921,0.868297761582509,0,0,171,206,23,1737,8,373,14,8
"1076","2020-05-09",81,13,79,272,1921,0.868297761582509,0,0,171,206,30,1767,4,377,22,4
"1077","2020-05-10",77,13,95,262,1921,0.868297761582509,0,0,171,206,26,1793,6,383,20,6
"1078","2020-05-11",76,13,95,255,1921,0.868297761582509,0,0,171,206,22,1815,4,387,12,4
"1079","2020-05-12",74,13,83,247,1921,0.868297761582509,0,0,171,206,14,1829,10,397,12,10
"1080","2020-05-13",81,13,88,230,1921,0.868297761582509,0,0,171,206,24,1853,8,405,14,8
"1081","2020-05-14",73,13,98,226,1921,0.868297761582509,0,0,171,206,24,1877,6,411,16,6
"1082","2020-05-15",71,13,99,229,1921,0.868297761582509,0,0,171,206,27,1904,9,420,20,9
"1083","2020-05-16",72,13,99,221,1921,0.868297761582509,0,0,171,206,21,1925,15,435,13,15
"1084","2020-05-17",68,13,99,224,1921,0.868297761582509,0,0,171,206,17,1942,12,447,14,12
"1085","2020-05-18",73,13,94,214,1921,0.868297761582509,0,0,171,206,24,1966,11,458,18,11
"1086","2020-05-19",68,13,85,207,1921,0.868297761582509,0,0,171,206,21,1987,7,465,12,7
"1087","2020-05-20",61,13,88,216,1921,0.868297761582509,0,0,171,206,33,2020,13,478,20,13
"1088","2020-05-21",62,13,88,225,1921,0.868297761582509,0,0,171,206,30,2050,13,491,23,13
"1089","2020-05-22",62,13,87,231,1921,0.868297761582509,0,0,171,206,14,2064,18,509,9,18
"1090","2020-05-23",56,13,82,226,1921,0.868297761582509,0,0,171,206,26,2090,13,522,21,13
"1091","2020-05-24",61,13,63,221,1921,0.868297761582509,0,0,171,206,16,2106,9,531,12,9
"1092","2020-05-25",55,13,64,222,1921,0.868297761582509,0,0,171,206,11,2117,10,541,7,10
"1093","2020-05-26",62,13,63,226,1921,0.868297761582509,0,0,171,206,17,2134,6,547,12,6
"1094","2020-05-27",55,13,67,224,1921,0.868297761582509,0,0,171,206,15,2149,7,554,10,7
"1095","2020-05-28",48,13,73,229,1921,0.868297761582509,0,0,171,206,21,2170,6,560,15,6
"1096","2020-05-29",49,13,76,231,1921,0.868297761582509,0,0,171,206,17,2187,9,569,10,9
"1097","2020-05-30",56,13,85,237,1921,0.868297761582509,0,0,171,206,17,2204,6,575,12,6
"1098","2020-05-31",50,13,90,247,1921,0.868297761582509,0,0,171,206,22,2226,9,584,17,9
"1099","2020-06-01",51,13,85,246,1921,0.868297761582509,0,0,171,206,12,2238,4,588,8,4
"1100","2020-06-02",58,13,82,250,1921,0.868297761582509,0,0,171,206,14,2252,7,595,10,7
"1101","2020-06-03",63,13,89,251,1921,0.868297761582509,0,0,171,206,15,2267,6,601,11,6
"1102","2020-06-04",84,13,85,255,1921,0.868297761582509,0,0,171,206,15,2282,6,607,7,6
"1103","2020-06-05",83,13,79,259,1921,0.868297761582509,0,0,171,206,15,2297,2,609,11,2
"1104","2020-06-06",78,13,67,259,1921,0.868297761582509,0,0,171,206,13,2310,2,611,11,2
"1105","2020-06-07",94,13,62,252,1921,0.868297761582509,0,0,171,206,11,2321,5,616,8,5
"1106","2020-03-17",1,14,21,59,5165,0.957405614714424,0,0,457,269,15,87,5,37,11,5
"1107","2020-03-18",2,14,25,77,5165,0.957405614714424,0,0,457,269,18,105,16,53,12,16
"1108","2020-03-19",6,14,24,96,5165,0.957405614714424,0,0,457,269,20,125,7,60,17,7
"1109","2020-03-20",7,14,19,115,5165,0.957405614714424,0,0,457,269,28,153,11,71,24,11
"1110","2020-03-21",10,14,26,146,5165,0.957405614714424,0,0,457,269,46,199,6,77,41,6
"1111","2020-03-22",13,14,30,171,5165,0.957405614714424,0,0,457,269,46,245,6,83,43,6
"1112","2020-03-23",23,14,29,193,5165,0.957405614714424,0,0,457,269,56,301,6,89,52,6
"1113","2020-03-24",30,14,31,221,5165,0.957405614714424,0,0,457,269,81,382,9,98,73,9
"1114","2020-03-25",34,14,51,253,5165,0.957405614714424,0,0,457,269,71,453,7,105,67,7
"1115","2020-03-26",39,14,62,297,5165,0.957405614714424,0,0,457,269,61,514,4,109,57,4
"1116","2020-03-27",53,14,71,346,5165,0.957405614714424,0,0,457,269,86,600,2,111,81,2
"1117","2020-03-28",61,14,65,389,5165,0.957405614714424,0,0,457,269,125,725,6,117,120,6
"1118","2020-03-29",71,14,67,430,5165,0.957405614714424,0,0,457,269,108,833,15,132,101,15
"1119","2020-03-30",76,14,63,485,5165,0.957405614714424,0,0,457,269,144,977,12,144,137,12
"1120","2020-03-31",87,14,62,530,5165,0.957405614714424,0,0,457,269,113,1090,8,152,110,8
"1121","2020-04-01",100,14,59,557,5165,0.957405614714424,0,0,457,269,160,1250,6,158,157,6
"1122","2020-04-02",107,14,60,607,5165,0.957405614714424,0,0,457,269,117,1367,10,168,111,10
"1123","2020-04-03",116,14,63,664,5165,0.957405614714424,0,0,457,269,179,1546,15,183,175,15
"1124","2020-04-04",129,14,62,733,5165,0.957405614714424,0,0,457,269,171,1717,15,198,162,15
"1125","2020-04-05",144,14,66,759,5165,0.957405614714424,0,0,457,269,235,1952,17,215,229,17
"1126","2020-04-06",164,14,70,812,5165,0.957405614714424,0,0,457,269,225,2177,15,230,216,15
"1127","2020-04-07",169,14,71,861,5165,0.957405614714424,0,0,457,269,235,2412,12,242,231,12
"1128","2020-04-08",182,14,76,929,5165,0.957405614714424,0,0,457,269,195,2607,22,264,190,22
"1129","2020-04-09",210,14,76,982,5165,0.957405614714424,0,0,457,269,261,2868,22,286,254,22
"1130","2020-04-10",218,14,71,1060,5165,0.957405614714424,0,0,457,269,252,3120,9,295,246,9
"1131","2020-04-11",234,14,76,1099,5165,0.957405614714424,0,0,457,269,243,3363,8,303,239,8
"1132","2020-04-12",266,14,72,1149,5165,0.957405614714424,0,0,457,269,193,3556,4,307,188,4
"1133","2020-04-13",282,14,85,1175,5165,0.957405614714424,0,0,457,269,211,3767,1,308,207,1
"1134","2020-04-14",317,14,76,1234,5165,0.957405614714424,0,0,457,269,204,3971,16,324,200,16
"1135","2020-04-15",335,14,73,1257,5165,0.957405614714424,0,0,457,269,208,4179,8,332,206,8
"1136","2020-04-16",331,14,71,1284,5165,0.957405614714424,0,0,457,269,229,4408,6,338,227,6
"1137","2020-04-17",349,14,77,1306,5165,0.957405614714424,0,0,457,269,203,4611,12,350,199,12
"1138","2020-04-18",372,14,66,1339,5165,0.957405614714424,0,0,457,269,195,4806,12,362,193,12
"1139","2020-04-19",364,14,81,1331,5165,0.957405614714424,0,0,457,269,160,4966,10,372,159,10
"1140","2020-04-20",390,14,90,1349,5165,0.957405614714424,0,0,457,269,154,5120,11,383,152,11
"1141","2020-04-21",385,14,102,1349,5165,0.957405614714424,0,0,457,269,123,5243,13,396,123,13
"1142","2020-04-22",393,14,95,1342,5165,0.957405614714424,0,0,457,269,126,5369,9,405,126,9
"1143","2020-04-23",400,14,96,1340,5165,0.957405614714424,0,0,457,269,129,5498,5,410,123,5
"1144","2020-04-24",400,14,96,1317,5165,0.957405614714424,0,0,457,269,154,5652,11,421,150,11
"1145","2020-04-25",389,14,100,1313,5165,0.957405614714424,0,0,457,269,85,5737,6,427,85,6
"1146","2020-04-26",390,14,108,1293,5165,0.957405614714424,0,0,457,269,90,5827,6,433,86,6
"1147","2020-04-27",366,14,110,1281,5165,0.957405614714424,0,0,457,269,82,5909,9,442,81,9
"1148","2020-04-28",360,14,113,1230,5165,0.957405614714424,0,0,457,269,69,5978,12,454,67,12
"1149","2020-04-29",372,14,105,1228,5165,0.957405614714424,0,0,457,269,67,6045,15,469,65,15
"1150","2020-04-30",373,14,107,1209,5165,0.957405614714424,0,0,457,269,49,6094,28,497,48,28
"1151","2020-05-01",377,14,113,1185,5165,0.957405614714424,0,0,457,269,41,6135,20,517,41,20
"1152","2020-05-02",379,14,109,1163,5165,0.957405614714424,0,0,457,269,58,6193,9,526,57,9
"1153","2020-05-03",370,14,89,1111,5165,0.957405614714424,0,0,457,269,44,6237,21,547,43,21
"1154","2020-05-04",364,14,82,1043,5165,0.957405614714424,0,0,457,269,30,6267,17,564,29,17
"1155","2020-05-05",360,14,76,978,5165,0.957405614714424,0,0,457,269,32,6299,10,574,29,10
"1156","2020-05-06",335,14,79,925,5165,0.957405614714424,0,0,457,269,24,6323,8,582,24,8
"1157","2020-05-07",326,14,80,868,5165,0.957405614714424,0,0,457,269,21,6344,21,603,19,21
"1158","2020-05-08",304,14,92,801,5165,0.957405614714424,0,0,457,269,26,6370,9,612,24,9
"1159","2020-05-09",283,14,97,753,5165,0.957405614714424,0,0,457,269,18,6388,6,618,17,6
"1160","2020-05-10",270,14,98,692,5165,0.957405614714424,0,0,457,269,24,6412,3,621,23,3
"1161","2020-05-11",247,14,100,642,5165,0.957405614714424,0,0,457,269,22,6434,8,629,19,8
"1162","2020-05-12",234,14,94,594,5165,0.957405614714424,0,0,457,269,12,6446,18,647,12,18
"1163","2020-05-13",212,14,99,547,5165,0.957405614714424,0,0,457,269,13,6459,9,656,12,9
"1164","2020-05-14",191,14,104,514,5165,0.957405614714424,0,0,457,269,7,6466,5,661,6,5
"1165","2020-05-15",183,14,107,481,5165,0.957405614714424,0,0,457,269,7,6473,4,665,5,4
"1166","2020-05-16",165,14,113,450,5165,0.957405614714424,0,0,457,269,6,6479,1,666,6,1
"1167","2020-05-17",154,14,129,419,5165,0.957405614714424,0,0,457,269,8,6487,3,669,7,3
"1168","2020-05-18",144,14,108,404,5165,0.957405614714424,0,0,457,269,6,6493,NA,NA,6,NA
"1169","2020-05-19",127,14,100,369,5165,0.957405614714424,0,0,457,269,7,6500,2,671,7,2
"1170","2020-05-20",123,14,100,342,5165,0.957405614714424,0,0,457,269,4,6504,14,685,2,14
"1171","2020-05-21",118,14,97,331,5165,0.957405614714424,0,0,457,269,7,6511,15,700,7,15
"1172","2020-05-22",110,14,91,305,5165,0.957405614714424,0,0,457,269,3,6514,13,713,3,13
"1173","2020-05-23",103,14,88,292,5165,0.957405614714424,0,0,457,269,7,6521,10,723,5,10
"1174","2020-05-24",95,14,96,269,5165,0.957405614714424,0,0,457,269,4,6525,14,737,2,14
"1175","2020-05-25",90,14,87,244,5165,0.957405614714424,0,0,457,269,3,6528,12,749,2,12
"1176","2020-05-26",87,14,88,219,5165,0.957405614714424,0,0,457,269,6,6534,9,758,4,9
"1177","2020-05-27",74,14,90,192,5165,0.957405614714424,0,0,457,269,1,6535,7,765,NA,7
"1178","2020-05-28",72,14,98,184,5165,0.957405614714424,0,0,457,269,1,6536,8,773,1,8
"1179","2020-05-29",66,14,93,171,5165,0.957405614714424,0,0,457,269,4,6540,6,779,3,6
"1180","2020-05-30",63,14,89,153,5165,0.957405614714424,0,0,457,269,3,6543,14,793,2,14
"1181","2020-05-31",54,14,99,139,5165,0.957405614714424,0,0,457,269,3,6546,4,797,3,4
"1182","2020-06-01",51,14,86,132,5165,0.957405614714424,0,0,457,269,2,6548,8,805,2,8
"1183","2020-06-02",42,14,77,127,5165,0.957405614714424,0,0,457,269,2,6550,10,815,NA,10
"1184","2020-06-03",45,14,72,124,5165,0.957405614714424,0,0,457,269,2,6552,5,820,1,5
"1185","2020-06-04",40,14,72,115,5165,0.957405614714424,0,0,457,269,1,6553,9,829,1,9
"1186","2020-06-05",35,14,81,109,5165,0.957405614714424,0,0,457,269,2,6555,3,832,1,3
"1187","2020-06-06",32,14,85,105,5165,0.957405614714424,0,0,457,269,4,6559,3,835,3,3
"1188","2020-06-07",32,14,86,101,5165,0.957405614714424,0,0,457,269,NA,NA,6,841,NA,6
"1189","2020-03-13",1,15,17,30,7514,0.917088102209209,0,0,665,398,9,35,1,3,1,1
"1190","2020-03-14",1,15,28,39,7514,0.917088102209209,0,0,665,398,14,49,1,4,NA,1
"1191","2020-03-15",2,15,41,59,7514,0.917088102209209,0,0,665,398,19,68,4,8,8,4
"1192","2020-03-16",5,15,30,73,7514,0.917088102209209,0,0,665,398,19,87,3,11,4,3
"1193","2020-03-17",5,15,38,95,7514,0.917088102209209,0,0,665,398,13,100,3,14,4,3
"1194","2020-03-18",5,15,41,118,7514,0.917088102209209,0,0,665,398,26,126,4,18,12,4
"1195","2020-03-19",8,15,44,140,7514,0.917088102209209,0,0,665,398,18,144,5,23,7,5
"1196","2020-03-20",13,15,41,179,7514,0.917088102209209,0,0,665,398,15,159,10,33,4,10
"1197","2020-03-21",21,15,39,213,7514,0.917088102209209,0,0,665,398,19,178,6,39,8,6
"1198","2020-03-22",26,15,49,241,7514,0.917088102209209,0,0,665,398,23,201,6,45,14,6
"1199","2020-03-23",36,15,60,266,7514,0.917088102209209,0,0,665,398,21,222,4,49,7,4
"1200","2020-03-24",44,15,78,302,7514,0.917088102209209,0,0,665,398,20,242,1,50,7,1
"1201","2020-03-25",51,15,75,360,7514,0.917088102209209,0,0,665,398,24,266,6,56,11,6
"1202","2020-03-26",64,15,81,407,7514,0.917088102209209,0,0,665,398,18,284,2,58,10,2
"1203","2020-03-27",72,15,65,471,7514,0.917088102209209,0,0,665,398,19,303,12,70,8,12
"1204","2020-03-28",80,15,82,525,7514,0.917088102209209,0,0,665,398,21,324,7,77,14,7
"1205","2020-03-29",91,15,80,595,7514,0.917088102209209,0,0,665,398,23,347,6,83,9,6
"1206","2020-03-30",105,15,74,694,7514,0.917088102209209,0,0,665,398,26,373,4,87,18,4
"1207","2020-03-31",120,15,78,784,7514,0.917088102209209,0,0,665,398,17,390,4,91,6,4
"1208","2020-04-01",146,15,83,874,7514,0.917088102209209,0,0,665,398,25,415,2,93,12,2
"1209","2020-04-02",159,15,72,979,7514,0.917088102209209,0,0,665,398,31,446,4,97,11,4
"1210","2020-04-03",191,15,70,1098,7514,0.917088102209209,0,0,665,398,28,474,7,104,15,7
"1211","2020-04-04",218,15,61,1238,7514,0.917088102209209,0,0,665,398,32,506,11,115,17,11
"1212","2020-04-05",247,15,62,1381,7514,0.917088102209209,0,0,665,398,24,530,14,129,12,14
"1213","2020-04-06",286,15,65,1506,7514,0.917088102209209,0,0,665,398,29,559,9,138,15,9
"1214","2020-04-07",327,15,79,1680,7514,0.917088102209209,0,0,665,398,35,594,11,149,19,11
"1215","2020-04-08",360,15,97,1828,7514,0.917088102209209,0,0,665,398,27,621,10,159,10,10
"1216","2020-04-09",402,15,105,2042,7514,0.917088102209209,0,0,665,398,39,660,9,168,25,9
"1217","2020-04-10",433,15,104,2251,7514,0.917088102209209,0,0,665,398,28,688,11,179,13,11
"1218","2020-04-11",482,15,124,2442,7514,0.917088102209209,0,0,665,398,29,717,13,192,11,13
"1219","2020-04-12",530,15,119,2657,7514,0.917088102209209,0,0,665,398,21,738,10,202,9,10
"1220","2020-04-13",564,15,132,2743,7514,0.917088102209209,0,0,665,398,27,765,4,206,11,4
"1221","2020-04-14",614,15,138,2895,7514,0.917088102209209,0,0,665,398,29,794,8,214,18,8
"1222","2020-04-15",660,15,133,3025,7514,0.917088102209209,0,0,665,398,29,823,9,223,16,9
"1223","2020-04-16",719,15,133,3119,7514,0.917088102209209,0,0,665,398,43,866,5,228,18,5
"1224","2020-04-17",756,15,134,3108,7514,0.917088102209209,0,0,665,398,21,887,6,234,9,6
"1225","2020-04-18",792,15,121,3094,7514,0.917088102209209,0,0,665,398,23,910,7,241,8,7
"1226","2020-04-19",828,15,108,3025,7514,0.917088102209209,0,0,665,398,35,945,5,246,22,5
"1227","2020-04-20",844,15,95,2968,7514,0.917088102209209,0,0,665,398,36,981,NA,NA,19,NA
"1228","2020-04-21",845,15,123,2858,7514,0.917088102209209,0,0,665,398,29,1010,4,250,16,4
"1229","2020-04-22",876,15,138,2701,7514,0.917088102209209,0,0,665,398,26,1036,6,256,12,6
"1230","2020-04-23",851,15,147,2532,7514,0.917088102209209,0,0,665,398,34,1070,5,261,14,5
"1231","2020-04-24",850,15,171,2332,7514,0.917088102209209,0,0,665,398,35,1105,14,275,15,14
"1232","2020-04-25",820,15,166,2150,7514,0.917088102209209,0,0,665,398,39,1144,14,289,24,14
"1233","2020-04-26",771,15,181,1997,7514,0.917088102209209,0,0,665,398,37,1181,13,302,17,13
"1234","2020-04-27",742,15,183,1828,7514,0.917088102209209,0,0,665,398,19,1200,13,315,11,13
"1235","2020-04-28",692,15,196,1634,7514,0.917088102209209,0,0,665,398,33,1233,10,325,16,10
"1236","2020-04-29",613,15,187,1442,7514,0.917088102209209,0,0,665,398,29,1262,7,332,7,7
"1237","2020-04-30",579,15,168,1281,7514,0.917088102209209,0,0,665,398,30,1292,7,339,13,7
"1238","2020-05-01",511,15,171,1171,7514,0.917088102209209,0,0,665,398,29,1321,6,345,11,6
"1239","2020-05-02",468,15,154,1022,7514,0.917088102209209,0,0,665,398,40,1361,5,350,12,5
"1240","2020-05-03",426,15,159,895,7514,0.917088102209209,0,0,665,398,25,1386,6,356,8,6
"1241","2020-05-04",376,15,145,765,7514,0.917088102209209,0,0,665,398,25,1411,9,365,13,9
"1242","2020-05-05",339,15,127,665,7514,0.917088102209209,0,0,665,398,28,1439,7,372,17,7
"1243","2020-05-06",295,15,110,600,7514,0.917088102209209,0,0,665,398,39,1478,11,383,20,11
"1244","2020-05-07",255,15,100,524,7514,0.917088102209209,0,0,665,398,20,1498,13,396,10,13
"1245","2020-05-08",225,15,95,438,7514,0.917088102209209,0,0,665,398,18,1516,14,410,7,14
"1246","2020-05-09",191,15,104,375,7514,0.917088102209209,0,0,665,398,26,1542,14,424,15,14
"1247","2020-05-10",166,15,110,308,7514,0.917088102209209,0,0,665,398,23,1565,8,432,12,8
"1248","2020-05-11",144,15,102,268,7514,0.917088102209209,0,0,665,398,24,1589,13,445,10,13
"1249","2020-05-12",122,15,94,228,7514,0.917088102209209,0,0,665,398,26,1615,12,457,18,12
"1250","2020-05-13",110,15,89,205,7514,0.917088102209209,0,0,665,398,28,1643,5,462,10,5
"1251","2020-05-14",90,15,82,173,7514,0.917088102209209,0,0,665,398,24,1667,8,470,8,8
"1252","2020-05-15",84,15,71,150,7514,0.917088102209209,0,0,665,398,30,1697,9,479,13,9
"1253","2020-05-16",68,15,84,124,7514,0.917088102209209,0,0,665,398,18,1715,4,483,13,4
"1254","2020-05-17",62,15,77,116,7514,0.917088102209209,0,0,665,398,19,1734,5,488,12,5
"1255","2020-05-18",53,15,79,109,7514,0.917088102209209,0,0,665,398,19,1753,5,493,9,5
"1256","2020-05-19",49,15,97,97,7514,0.917088102209209,0,0,665,398,20,1773,11,504,12,11
"1257","2020-05-20",45,15,83,89,7514,0.917088102209209,0,0,665,398,25,1798,8,512,12,8
"1258","2020-05-21",38,15,77,81,7514,0.917088102209209,0,0,665,398,21,1819,10,522,11,10
"1259","2020-05-22",32,15,87,72,7514,0.917088102209209,0,0,665,398,22,1841,12,534,13,12
"1260","2020-05-23",28,15,103,63,7514,0.917088102209209,0,0,665,398,12,1853,7,541,9,7
"1261","2020-05-24",21,15,116,62,7514,0.917088102209209,0,0,665,398,15,1868,7,548,6,7
"1262","2020-05-25",15,15,112,57,7514,0.917088102209209,0,0,665,398,22,1890,9,557,8,9
"1263","2020-05-26",17,15,114,52,7514,0.917088102209209,0,0,665,398,15,1905,4,561,6,4
"1264","2020-05-27",17,15,100,46,7514,0.917088102209209,0,0,665,398,16,1921,3,564,6,3
"1265","2020-05-28",16,15,112,43,7514,0.917088102209209,0,0,665,398,14,1935,7,571,8,7
"1266","2020-05-29",17,15,127,41,7514,0.917088102209209,0,0,665,398,16,1951,1,572,4,1
"1267","2020-05-30",17,15,122,38,7514,0.917088102209209,0,0,665,398,15,1966,5,577,6,5
"1268","2020-05-31",17,15,113,37,7514,0.917088102209209,0,0,665,398,17,1983,2,579,10,2
"1269","2020-06-01",19,15,91,34,7514,0.917088102209209,0,0,665,398,11,1994,3,582,5,3
"1270","2020-06-02",15,15,78,29,7514,0.917088102209209,0,0,665,398,14,2008,7,589,4,7
"1271","2020-06-03",13,15,69,26,7514,0.917088102209209,0,0,665,398,15,2023,2,591,3,2
"1272","2020-06-04",10,15,66,23,7514,0.917088102209209,0,0,665,398,15,2038,1,592,8,1
"1273","2020-06-05",6,15,60,23,7514,0.917088102209209,0,0,665,398,15,2053,10,602,9,10
"1274","2020-06-06",6,15,59,25,7514,0.917088102209209,0,0,665,398,8,2061,6,608,5,6
"1275","2020-06-07",5,15,57,19,7514,0.917088102209209,0,0,665,398,10,2071,4,612,5,4
"1276","2020-03-18",1,16,25,27,2137,0.847449695835283,0,0,180,233,23,99,11,81,10,11
"1277","2020-03-19",2,16,22,36,2137,0.847449695835283,0,0,180,233,22,121,14,95,12,14
"1278","2020-03-20",3,16,31,44,2137,0.847449695835283,0,0,180,233,22,143,25,120,11,25
"1279","2020-03-21",4,16,30,51,2137,0.847449695835283,0,0,180,233,23,166,11,131,14,11
"1280","2020-03-22",8,16,28,63,2137,0.847449695835283,0,0,180,233,20,186,24,155,11,24
"1281","2020-03-23",8,16,34,67,2137,0.847449695835283,0,0,180,233,17,203,25,180,12,25
"1282","2020-03-24",11,16,48,77,2137,0.847449695835283,0,0,180,233,25,228,20,200,19,20
"1283","2020-03-25",13,16,45,89,2137,0.847449695835283,0,0,180,233,20,248,16,216,14,16
"1284","2020-03-26",14,16,50,102,2137,0.847449695835283,0,0,180,233,25,273,18,234,13,18
"1285","2020-03-27",19,16,50,115,2137,0.847449695835283,0,0,180,233,29,302,15,249,22,15
"1286","2020-03-28",20,16,49,124,2137,0.847449695835283,0,0,180,233,20,322,22,271,15,22
"1287","2020-03-29",19,16,46,138,2137,0.847449695835283,0,0,180,233,20,342,18,289,13,18
"1288","2020-03-30",23,16,48,158,2137,0.847449695835283,0,0,180,233,27,369,25,314,15,25
"1289","2020-03-31",30,16,51,166,2137,0.847449695835283,0,0,180,233,24,393,24,338,17,24
"1290","2020-04-01",31,16,62,181,2137,0.847449695835283,0,0,180,233,27,420,24,362,17,24
"1291","2020-04-02",36,16,69,193,2137,0.847449695835283,0,0,180,233,30,450,16,378,18,16
"1292","2020-04-03",42,16,71,198,2137,0.847449695835283,0,0,180,233,28,478,20,398,17,20
"1293","2020-04-04",49,16,67,219,2137,0.847449695835283,0,0,180,233,31,509,17,415,20,17
"1294","2020-04-05",57,16,66,242,2137,0.847449695835283,0,0,180,233,27,536,27,442,12,27
"1295","2020-04-06",61,16,79,260,2137,0.847449695835283,0,0,180,233,23,559,13,455,14,13
"1296","2020-04-07",61,16,77,262,2137,0.847449695835283,0,0,180,233,32,591,15,470,16,15
"1297","2020-04-08",71,16,76,265,2137,0.847449695835283,0,0,180,233,23,614,18,488,15,18
"1298","2020-04-09",74,16,82,273,2137,0.847449695835283,0,0,180,233,26,640,19,507,12,19
"1299","2020-04-10",73,16,75,285,2137,0.847449695835283,0,0,180,233,30,670,23,530,18,23
"1300","2020-04-11",75,16,88,297,2137,0.847449695835283,0,0,180,233,28,698,22,552,20,22
"1301","2020-04-12",80,16,100,315,2137,0.847449695835283,0,0,180,233,25,723,15,567,18,15
"1302","2020-04-13",89,16,117,317,2137,0.847449695835283,0,0,180,233,25,748,24,591,15,24
"1303","2020-04-14",88,16,128,327,2137,0.847449695835283,0,0,180,233,31,779,22,613,15,22
"1304","2020-04-15",86,16,114,343,2137,0.847449695835283,0,0,180,233,26,805,28,641,21,28
"1305","2020-04-16",85,16,110,347,2137,0.847449695835283,0,0,180,233,31,836,30,671,18,30
"1306","2020-04-17",90,16,100,344,2137,0.847449695835283,0,0,180,233,32,868,39,710,18,39
"1307","2020-04-18",93,16,91,349,2137,0.847449695835283,0,0,180,233,30,898,34,744,19,34
"1308","2020-04-19",90,16,88,359,2137,0.847449695835283,0,0,180,233,24,922,35,779,18,35
"1309","2020-04-20",90,16,83,358,2137,0.847449695835283,0,0,180,233,26,948,30,809,17,30
"1310","2020-04-21",105,16,84,370,2137,0.847449695835283,0,0,180,233,24,972,37,846,10,37
"1311","2020-04-22",101,16,79,363,2137,0.847449695835283,0,0,180,233,25,997,46,892,13,46
"1312","2020-04-23",107,16,73,385,2137,0.847449695835283,0,0,180,233,33,1030,55,947,20,55
"1313","2020-04-24",96,16,66,386,2137,0.847449695835283,0,0,180,233,31,1061,43,990,17,43
"1314","2020-04-25",98,16,81,401,2137,0.847449695835283,0,0,180,233,36,1097,29,1019,19,29
"1315","2020-04-26",102,16,88,405,2137,0.847449695835283,0,0,180,233,38,1135,32,1051,29,32
"1316","2020-04-27",104,16,88,405,2137,0.847449695835283,0,0,180,233,25,1160,28,1079,14,28
"1317","2020-04-28",88,16,99,427,2137,0.847449695835283,0,0,180,233,23,1183,40,1119,14,40
"1318","2020-04-29",96,16,99,430,2137,0.847449695835283,0,0,180,233,33,1216,35,1154,16,35
"1319","2020-04-30",104,16,113,430,2137,0.847449695835283,0,0,180,233,28,1244,32,1186,17,32
"1320","2020-05-01",122,16,126,423,2137,0.847449695835283,0,0,180,233,34,1278,24,1210,24,24
"1321","2020-05-02",121,16,129,417,2137,0.847449695835283,0,0,180,233,26,1304,15,1225,22,15
"1322","2020-05-03",119,16,123,424,2137,0.847449695835283,0,0,180,233,21,1325,12,1237,13,12
"1323","2020-05-04",114,16,118,413,2137,0.847449695835283,0,0,180,233,42,1367,28,1265,24,28
"1324","2020-05-05",117,16,106,405,2137,0.847449695835283,0,0,180,233,24,1391,26,1291,14,26
"1325","2020-05-06",117,16,114,402,2137,0.847449695835283,0,0,180,233,25,1416,27,1318,17,27
"1326","2020-05-07",110,16,120,380,2137,0.847449695835283,0,0,180,233,27,1443,33,1351,18,33
"1327","2020-05-08",103,16,122,357,2137,0.847449695835283,0,0,180,233,30,1473,34,1385,14,34
"1328","2020-05-09",108,16,120,337,2137,0.847449695835283,0,0,180,233,20,1493,39,1424,13,39
"1329","2020-05-10",103,16,117,332,2137,0.847449695835283,0,0,180,233,29,1522,37,1461,16,37
"1330","2020-05-11",101,16,119,318,2137,0.847449695835283,0,0,180,233,20,1542,28,1489,15,28
"1331","2020-05-12",100,16,115,297,2137,0.847449695835283,0,0,180,233,30,1572,31,1520,15,31
"1332","2020-05-13",98,16,116,279,2137,0.847449695835283,0,0,180,233,31,1603,33,1553,23,33
"1333","2020-05-14",97,16,116,284,2137,0.847449695835283,0,0,180,233,26,1629,20,1573,12,20
"1334","2020-05-15",96,16,119,276,2137,0.847449695835283,0,0,180,233,28,1657,20,1593,13,20
"1335","2020-05-16",91,16,110,276,2137,0.847449695835283,0,0,180,233,26,1683,26,1619,16,26
"1336","2020-05-17",98,16,108,279,2137,0.847449695835283,0,0,180,233,31,1714,30,1649,23,30
"1337","2020-05-18",100,16,109,268,2137,0.847449695835283,0,0,180,233,18,1732,29,1678,11,29
"1338","2020-05-19",100,16,110,271,2137,0.847449695835283,0,0,180,233,27,1759,35,1713,19,35
"1339","2020-05-20",95,16,105,267,2137,0.847449695835283,0,0,180,233,29,1788,25,1738,18,25
"1340","2020-05-21",90,16,100,268,2137,0.847449695835283,0,0,180,233,17,1805,21,1759,10,21
"1341","2020-05-22",83,16,101,262,2137,0.847449695835283,0,0,180,233,23,1828,17,1776,19,17
"1342","2020-05-23",79,16,110,262,2137,0.847449695835283,0,0,180,233,20,1848,17,1793,11,17
"1343","2020-05-24",76,16,117,249,2137,0.847449695835283,0,0,180,233,24,1872,30,1823,18,30
"1344","2020-05-25",67,16,106,248,2137,0.847449695835283,0,0,180,233,12,1884,23,1846,8,23
"1345","2020-05-26",66,16,105,238,2137,0.847449695835283,0,0,180,233,25,1909,22,1868,19,22
"1346","2020-05-27",63,16,107,240,2137,0.847449695835283,0,0,180,233,22,1931,20,1888,17,20
"1347","2020-05-28",64,16,109,228,2137,0.847449695835283,0,0,180,233,23,1954,28,1916,16,28
"1348","2020-05-29",65,16,97,224,2137,0.847449695835283,0,0,180,233,14,1968,25,1941,11,25
"1349","2020-05-30",58,16,92,223,2137,0.847449695835283,0,0,180,233,9,1977,23,1964,6,23
"1350","2020-05-31",51,16,96,216,2137,0.847449695835283,0,0,180,233,18,1995,30,1994,13,30
"1351","2020-06-01",54,16,82,216,2137,0.847449695835283,0,0,180,233,8,2003,37,2031,5,37
"1352","2020-06-02",56,16,82,208,2137,0.847449695835283,0,0,180,233,15,2018,31,2062,10,31
"1353","2020-06-03",56,16,88,202,2137,0.847449695835283,0,0,180,233,17,2035,28,2090,9,28
"1354","2020-06-04",58,16,91,207,2137,0.847449695835283,0,0,180,233,9,2044,33,2123,5,33
"1355","2020-06-05",55,16,76,198,2137,0.847449695835283,0,0,180,233,10,2054,30,2153,8,30
"1356","2020-06-06",59,16,74,196,2137,0.847449695835283,0,0,180,233,12,2066,27,2180,11,27
"1357","2020-06-07",63,16,82,188,2137,0.847449695835283,0,0,180,233,17,2083,25,2205,13,25
"1358","2020-03-13",2,17,13,22,1827,0.648604269293924,0,0,175,236,4,11,12,20,3,12
"1359","2020-03-14",3,17,15,29,1827,0.648604269293924,0,0,175,236,7,18,2,22,5,2
"1360","2020-03-15",5,17,26,36,1827,0.648604269293924,0,0,175,236,10,28,1,23,7,1
"1361","2020-03-16",8,17,27,48,1827,0.648604269293924,0,0,175,236,6,34,NA,NA,6,NA
"1362","2020-03-17",11,17,24,60,1827,0.648604269293924,0,0,175,236,10,44,5,28,9,5
"1363","2020-03-18",11,17,20,73,1827,0.648604269293924,0,0,175,236,8,52,NA,NA,8,NA
"1364","2020-03-19",13,17,23,90,1827,0.648604269293924,0,0,175,236,16,68,8,36,16,8
"1365","2020-03-20",20,17,27,104,1827,0.648604269293924,0,0,175,236,11,79,4,40,10,4
"1366","2020-03-21",21,17,35,113,1827,0.648604269293924,0,0,175,236,7,86,3,43,6,3
"1367","2020-03-22",27,17,30,119,1827,0.648604269293924,0,0,175,236,25,111,4,47,23,4
"1368","2020-03-23",27,17,25,132,1827,0.648604269293924,0,0,175,236,21,132,7,54,20,7
"1369","2020-03-24",26,17,22,142,1827,0.648604269293924,0,0,175,236,43,175,7,61,42,7
"1370","2020-03-25",32,17,26,152,1827,0.648604269293924,0,0,175,236,18,193,11,72,15,11
"1371","2020-03-26",37,17,34,168,1827,0.648604269293924,0,0,175,236,51,244,10,82,49,10
"1372","2020-03-27",35,17,29,179,1827,0.648604269293924,0,0,175,236,35,279,8,90,32,8
"1373","2020-03-28",36,17,27,181,1827,0.648604269293924,0,0,175,236,60,339,3,93,57,3
"1374","2020-03-29",35,17,26,192,1827,0.648604269293924,0,0,175,236,58,397,7,100,57,7
"1375","2020-03-30",37,17,30,203,1827,0.648604269293924,0,0,175,236,69,466,2,102,68,2
"1376","2020-03-31",45,17,28,207,1827,0.648604269293924,0,0,175,236,70,536,4,106,68,4
"1377","2020-04-01",44,17,28,206,1827,0.648604269293924,0,0,175,236,69,605,4,110,69,4
"1378","2020-04-02",41,17,20,218,1827,0.648604269293924,0,0,175,236,110,715,11,121,110,11
"1379","2020-04-03",46,17,32,233,1827,0.648604269293924,0,0,175,236,99,814,8,129,98,8
"1380","2020-04-04",47,17,39,239,1827,0.648604269293924,0,0,175,236,105,919,10,139,103,10
"1381","2020-04-05",52,17,42,250,1827,0.648604269293924,0,0,175,236,117,1036,9,148,114,9
"1382","2020-04-06",61,17,41,285,1827,0.648604269293924,0,0,175,236,147,1183,8,156,145,8
"1383","2020-04-07",61,17,38,298,1827,0.648604269293924,0,0,175,236,158,1341,10,166,156,10
"1384","2020-04-08",73,17,42,312,1827,0.648604269293924,0,0,175,236,160,1501,7,173,157,7
"1385","2020-04-09",85,17,49,332,1827,0.648604269293924,0,0,175,236,155,1656,8,181,154,8
"1386","2020-04-10",88,17,53,336,1827,0.648604269293924,0,0,175,236,225,1881,7,188,222,7
"1387","2020-04-11",95,17,53,356,1827,0.648604269293924,0,0,175,236,207,2088,5,193,207,5
"1388","2020-04-12",101,17,51,357,1827,0.648604269293924,0,0,175,236,205,2293,4,197,201,4
"1389","2020-04-13",100,17,54,371,1827,0.648604269293924,0,0,175,236,202,2495,3,200,200,3
"1390","2020-04-14",103,17,69,376,1827,0.648604269293924,0,0,175,236,260,2755,7,207,255,7
"1391","2020-04-15",99,17,79,369,1827,0.648604269293924,0,0,175,236,219,2974,14,221,216,14
"1392","2020-04-16",107,17,88,358,1827,0.648604269293924,0,0,175,236,279,3253,5,226,278,5
"1393","2020-04-17",111,17,84,364,1827,0.648604269293924,0,0,175,236,209,3462,11,237,206,11
"1394","2020-04-18",113,17,86,346,1827,0.648604269293924,0,0,175,236,209,3671,12,249,208,12
"1395","2020-04-19",110,17,84,335,1827,0.648604269293924,0,0,175,236,237,3908,5,254,237,5
"1396","2020-04-20",113,17,91,324,1827,0.648604269293924,0,0,175,236,249,4157,6,260,248,6
"1397","2020-04-21",116,17,98,312,1827,0.648604269293924,0,0,175,236,212,4369,5,265,211,5
"1398","2020-04-22",117,17,93,309,1827,0.648604269293924,0,0,175,236,216,4585,4,269,216,4
"1399","2020-04-23",107,17,105,290,1827,0.648604269293924,0,0,175,236,178,4763,3,272,177,3
"1400","2020-04-24",100,17,101,283,1827,0.648604269293924,0,0,175,236,189,4952,2,274,188,2
"1401","2020-04-25",103,17,90,289,1827,0.648604269293924,0,0,175,236,165,5117,5,279,164,5
"1402","2020-04-26",95,17,81,286,1827,0.648604269293924,0,0,175,236,158,5275,5,284,157,5
"1403","2020-04-27",87,17,78,263,1827,0.648604269293924,0,0,175,236,150,5425,5,289,149,5
"1404","2020-04-28",81,17,78,257,1827,0.648604269293924,0,0,175,236,115,5540,1,290,114,1
"1405","2020-04-29",78,17,86,265,1827,0.648604269293924,0,0,175,236,98,5638,21,311,98,21
"1406","2020-04-30",77,17,85,270,1827,0.648604269293924,0,0,175,236,123,5761,17,328,122,17
"1407","2020-05-01",76,17,85,271,1827,0.648604269293924,0,0,175,236,98,5859,20,348,98,20
"1408","2020-05-02",70,17,95,273,1827,0.648604269293924,0,0,175,236,100,5959,23,371,100,23
"1409","2020-05-03",72,17,104,270,1827,0.648604269293924,0,0,175,236,76,6035,16,387,76,16
"1410","2020-05-04",71,17,102,262,1827,0.648604269293924,0,0,175,236,70,6105,10,397,69,10
"1411","2020-05-05",77,17,98,252,1827,0.648604269293924,0,0,175,236,75,6180,8,405,75,8
"1412","2020-05-06",82,17,86,249,1827,0.648604269293924,0,0,175,236,41,6221,6,411,41,6
"1413","2020-05-07",75,17,79,233,1827,0.648604269293924,0,0,175,236,31,6252,11,422,30,11
"1414","2020-05-08",72,17,82,220,1827,0.648604269293924,0,0,175,236,32,6284,8,430,32,8
"1415","2020-05-09",70,17,73,213,1827,0.648604269293924,0,0,175,236,29,6313,4,434,28,4
"1416","2020-05-10",71,17,77,221,1827,0.648604269293924,0,0,175,236,25,6338,5,439,24,5
"1417","2020-05-11",79,17,85,213,1827,0.648604269293924,0,0,175,236,28,6366,17,456,28,17
"1418","2020-05-12",70,17,74,212,1827,0.648604269293924,0,0,175,236,19,6385,6,462,19,6
"1419","2020-05-13",62,17,58,210,1827,0.648604269293924,0,0,175,236,22,6407,4,466,21,4
"1420","2020-05-14",65,17,57,200,1827,0.648604269293924,0,0,175,236,18,6425,11,477,17,11
"1421","2020-05-15",62,17,58,202,1827,0.648604269293924,0,0,175,236,14,6439,16,493,14,16
"1422","2020-05-16",62,17,66,208,1827,0.648604269293924,0,0,175,236,9,6448,16,509,9,16
"1423","2020-05-17",55,17,68,212,1827,0.648604269293924,0,0,175,236,8,6456,17,526,8,17
"1424","2020-05-18",50,17,64,212,1827,0.648604269293924,0,0,175,236,7,6463,13,539,7,13
"1425","2020-05-19",53,17,66,212,1827,0.648604269293924,0,0,175,236,8,6471,9,548,7,9
"1426","2020-05-20",59,17,59,217,1827,0.648604269293924,0,0,175,236,7,6478,6,554,7,6
"1427","2020-05-21",62,17,62,212,1827,0.648604269293924,0,0,175,236,4,6482,9,563,4,9
"1428","2020-05-22",64,17,71,201,1827,0.648604269293924,0,0,175,236,7,6489,5,568,7,5
"1429","2020-05-23",63,17,77,196,1827,0.648604269293924,0,0,175,236,6,6495,3,571,6,3
"1430","2020-05-24",67,17,84,189,1827,0.648604269293924,0,0,175,236,8,6503,8,579,8,8
"1431","2020-05-25",67,17,83,179,1827,0.648604269293924,0,0,175,236,NA,NA,4,583,NA,4
"1432","2020-05-26",64,17,86,173,1827,0.648604269293924,0,0,175,236,6,6509,5,588,6,5
"1433","2020-05-27",57,17,81,170,1827,0.648604269293924,0,0,175,236,7,6516,1,589,7,1
"1434","2020-05-28",54,17,74,165,1827,0.648604269293924,0,0,175,236,2,6518,11,600,2,11
"1435","2020-05-29",55,17,76,155,1827,0.648604269293924,0,0,175,236,3,6521,10,610,3,10
"1436","2020-05-30",53,17,61,158,1827,0.648604269293924,0,0,175,236,3,6524,4,614,3,4
"1437","2020-05-31",51,17,52,158,1827,0.648604269293924,0,0,175,236,1,6525,12,626,NA,12
"1438","2020-06-01",50,17,41,159,1827,0.648604269293924,0,0,175,236,3,6528,8,634,3,8
"1439","2020-06-02",49,17,38,148,1827,0.648604269293924,0,0,175,236,2,6530,3,637,2,3
"1440","2020-06-03",54,17,41,146,1827,0.648604269293924,0,0,175,236,2,6532,7,644,2,7
"1441","2020-06-04",52,17,47,144,1827,0.648604269293924,0,0,175,236,NA,NA,7,651,NA,7
"1442","2020-06-05",51,17,47,142,1827,0.648604269293924,0,0,175,236,1,6533,12,663,1,12
"1443","2020-06-06",50,17,51,145,1827,0.648604269293924,0,0,175,236,NA,NA,9,672,NA,9
"1444","2020-06-07",53,17,63,139,1827,0.648604269293924,0,0,175,236,2,6535,4,676,2,4
"1445","2020-03-15",2,18,22,23,2022,0.84272997032641,0,0,186,326,6,15,3,25,3,3
"1446","2020-03-16",4,18,23,30,2022,0.84272997032641,0,0,186,326,3,18,5,30,1,5
"1447","2020-03-17",4,18,31,38,2022,0.84272997032641,0,0,186,326,2,20,3,33,1,3
"1448","2020-03-18",6,18,33,44,2022,0.84272997032641,0,0,186,326,4,24,10,43,1,10
"1449","2020-03-19",7,18,56,56,2022,0.84272997032641,0,0,186,326,2,26,4,47,1,4
"1450","2020-03-20",9,18,70,63,2022,0.84272997032641,0,0,186,326,5,31,2,49,5,2
"1451","2020-03-21",13,18,76,76,2022,0.84272997032641,0,0,186,326,14,45,3,52,10,3
"1452","2020-03-22",13,18,65,95,2022,0.84272997032641,0,0,186,326,9,54,2,54,7,2
"1453","2020-03-23",13,18,64,108,2022,0.84272997032641,0,0,186,326,6,60,8,62,5,8
"1454","2020-03-24",15,18,64,118,2022,0.84272997032641,0,0,186,326,13,73,6,68,6,6
"1455","2020-03-25",15,18,59,122,2022,0.84272997032641,0,0,186,326,12,85,3,71,11,3
"1456","2020-03-26",18,18,61,135,2022,0.84272997032641,0,0,186,326,14,99,7,78,11,7
"1457","2020-03-27",22,18,65,141,2022,0.84272997032641,0,0,186,326,13,112,4,82,12,4
"1458","2020-03-28",23,18,78,156,2022,0.84272997032641,0,0,186,326,24,136,7,89,17,7
"1459","2020-03-29",32,18,83,174,2022,0.84272997032641,0,0,186,326,20,156,4,93,17,4
"1460","2020-03-30",37,18,82,186,2022,0.84272997032641,0,0,186,326,15,171,6,99,13,6
"1461","2020-03-31",45,18,73,194,2022,0.84272997032641,0,0,186,326,20,191,3,102,17,3
"1462","2020-04-01",49,18,68,206,2022,0.84272997032641,0,0,186,326,25,216,4,106,21,4
"1463","2020-04-02",60,18,77,216,2022,0.84272997032641,0,0,186,326,17,233,9,115,14,9
"1464","2020-04-03",69,18,75,213,2022,0.84272997032641,0,0,186,326,14,247,4,119,12,4
"1465","2020-04-04",69,18,70,212,2022,0.84272997032641,0,0,186,326,27,274,4,123,24,4
"1466","2020-04-05",70,18,80,215,2022,0.84272997032641,0,0,186,326,21,295,1,124,19,1
"1467","2020-04-06",72,18,92,216,2022,0.84272997032641,0,0,186,326,27,322,6,130,25,6
"1468","2020-04-07",70,18,89,214,2022,0.84272997032641,0,0,186,326,35,357,NA,NA,32,NA
"1469","2020-04-08",71,18,90,220,2022,0.84272997032641,0,0,186,326,30,387,7,137,28,7
"1470","2020-04-09",64,18,84,223,2022,0.84272997032641,0,0,186,326,44,431,15,152,42,15
"1471","2020-04-10",54,18,72,222,2022,0.84272997032641,0,0,186,326,35,466,10,162,34,10
"1472","2020-04-11",55,18,70,236,2022,0.84272997032641,0,0,186,326,20,486,14,176,18,14
"1473","2020-04-12",52,18,55,251,2022,0.84272997032641,0,0,186,326,49,535,19,195,44,19
"1474","2020-04-13",53,18,49,257,2022,0.84272997032641,0,0,186,326,47,582,12,207,44,12
"1475","2020-04-14",60,18,39,272,2022,0.84272997032641,0,0,186,326,36,618,16,223,33,16
"1476","2020-04-15",63,18,46,288,2022,0.84272997032641,0,0,186,326,35,653,9,232,32,9
"1477","2020-04-16",65,18,42,301,2022,0.84272997032641,0,0,186,326,37,690,10,242,36,10
"1478","2020-04-17",80,18,38,308,2022,0.84272997032641,0,0,186,326,45,735,13,255,43,13
"1479","2020-04-18",85,18,35,314,2022,0.84272997032641,0,0,186,326,44,779,13,268,42,13
"1480","2020-04-19",87,18,26,335,2022,0.84272997032641,0,0,186,326,45,824,11,279,42,11
"1481","2020-04-20",86,18,30,331,2022,0.84272997032641,0,0,186,326,47,871,6,285,44,6
"1482","2020-04-21",89,18,28,319,2022,0.84272997032641,0,0,186,326,43,914,10,295,41,10
"1483","2020-04-22",95,18,30,340,2022,0.84272997032641,0,0,186,326,54,968,11,306,50,11
"1484","2020-04-23",100,18,36,343,2022,0.84272997032641,0,0,186,326,41,1009,15,321,38,15
"1485","2020-04-24",90,18,44,343,2022,0.84272997032641,0,0,186,326,68,1077,9,330,65,9
"1486","2020-04-25",91,18,59,352,2022,0.84272997032641,0,0,186,326,48,1125,12,342,44,12
"1487","2020-04-26",95,18,54,354,2022,0.84272997032641,0,0,186,326,40,1165,10,352,37,10
"1488","2020-04-27",104,18,62,355,2022,0.84272997032641,0,0,186,326,38,1203,9,361,38,9
"1489","2020-04-28",110,18,66,356,2022,0.84272997032641,0,0,186,326,49,1252,17,378,45,17
"1490","2020-04-29",104,18,72,355,2022,0.84272997032641,0,0,186,326,33,1285,16,394,29,16
"1491","2020-04-30",103,18,83,361,2022,0.84272997032641,0,0,186,326,32,1317,17,411,31,17
"1492","2020-05-01",105,18,96,369,2022,0.84272997032641,0,0,186,326,33,1350,15,426,30,15
"1493","2020-05-02",102,18,100,363,2022,0.84272997032641,0,0,186,326,51,1401,13,439,46,13
"1494","2020-05-03",101,18,93,350,2022,0.84272997032641,0,0,186,326,43,1444,18,457,39,18
"1495","2020-05-04",97,18,100,356,2022,0.84272997032641,0,0,186,326,35,1479,12,469,33,12
"1496","2020-05-05",87,18,87,348,2022,0.84272997032641,0,0,186,326,25,1504,8,477,24,8
"1497","2020-05-06",91,18,90,342,2022,0.84272997032641,0,0,186,326,37,1541,13,490,36,13
"1498","2020-05-07",87,18,84,323,2022,0.84272997032641,0,0,186,326,36,1577,10,500,35,10
"1499","2020-05-08",81,18,79,318,2022,0.84272997032641,0,0,186,326,30,1607,18,518,28,18
"1500","2020-05-09",84,18,95,322,2022,0.84272997032641,0,0,186,326,32,1639,19,537,30,19
"1501","2020-05-10",86,18,93,341,2022,0.84272997032641,0,0,186,326,37,1676,10,547,36,10
"1502","2020-05-11",90,18,84,314,2022,0.84272997032641,0,0,186,326,37,1713,11,558,35,11
"1503","2020-05-12",89,18,62,299,2022,0.84272997032641,0,0,186,326,40,1753,8,566,39,8
"1504","2020-05-13",83,18,62,305,2022,0.84272997032641,0,0,186,326,27,1780,17,583,26,17
"1505","2020-05-14",82,18,53,310,2022,0.84272997032641,0,0,186,326,40,1820,19,602,37,19
"1506","2020-05-15",84,18,51,306,2022,0.84272997032641,0,0,186,326,26,1846,18,620,25,18
"1507","2020-05-16",80,18,43,296,2022,0.84272997032641,0,0,186,326,26,1872,13,633,25,13
"1508","2020-05-17",76,18,50,290,2022,0.84272997032641,0,0,186,326,30,1902,8,641,28,8
"1509","2020-05-18",73,18,60,281,2022,0.84272997032641,0,0,186,326,21,1923,9,650,21,9
"1510","2020-05-19",66,18,73,273,2022,0.84272997032641,0,0,186,326,23,1946,9,659,21,9
"1511","2020-05-20",70,18,68,262,2022,0.84272997032641,0,0,186,326,27,1973,18,677,25,18
"1512","2020-05-21",73,18,59,262,2022,0.84272997032641,0,0,186,326,22,1995,7,684,20,7
"1513","2020-05-22",80,18,51,259,2022,0.84272997032641,0,0,186,326,27,2022,1,685,24,1
"1514","2020-05-23",86,18,51,268,2022,0.84272997032641,0,0,186,326,23,2045,2,687,22,2
"1515","2020-05-24",86,18,47,266,2022,0.84272997032641,0,0,186,326,28,2073,10,697,26,10
"1516","2020-05-25",78,18,68,265,2022,0.84272997032641,0,0,186,326,32,2105,11,708,30,11
"1517","2020-05-26",83,18,74,255,2022,0.84272997032641,0,0,186,326,24,2129,7,715,19,7
"1518","2020-05-27",80,18,74,247,2022,0.84272997032641,0,0,186,326,25,2154,10,725,24,10
"1519","2020-05-28",79,18,69,240,2022,0.84272997032641,0,0,186,326,15,2169,4,729,14,4
"1520","2020-05-29",76,18,69,247,2022,0.84272997032641,0,0,186,326,14,2183,11,740,11,11
"1521","2020-05-30",71,18,72,231,2022,0.84272997032641,0,0,186,326,20,2203,12,752,19,12
"1522","2020-05-31",62,18,72,229,2022,0.84272997032641,0,0,186,326,26,2229,2,754,25,2
"1523","2020-06-01",66,18,64,221,2022,0.84272997032641,0,0,186,326,11,2240,7,761,10,7
"1524","2020-06-02",69,18,61,207,2022,0.84272997032641,0,0,186,326,16,2256,7,768,15,7
"1525","2020-06-03",64,18,56,204,2022,0.84272997032641,0,0,186,326,16,2272,11,779,14,11
"1526","2020-06-04",62,18,55,207,2022,0.84272997032641,0,0,186,326,18,2290,6,785,16,6
"1527","2020-06-05",59,18,42,198,2022,0.84272997032641,0,0,186,326,11,2301,3,788,11,3
"1528","2020-06-06",58,18,47,205,2022,0.84272997032641,0,0,186,326,16,2317,8,796,15,8
"1529","2020-06-07",58,18,48,194,2022,0.84272997032641,0,0,186,326,17,2334,5,801,16,5
"1530","2020-03-13",1,19,15,22,1328,0.490963855421687,0,0,93,179,8,21,3,16,2,3
"1531","2020-03-14",2,19,15,29,1328,0.490963855421687,0,0,93,179,11,32,3,19,3,3
"1532","2020-03-15",3,19,15,37,1328,0.490963855421687,0,0,93,179,9,41,5,24,5,5
"1533","2020-03-16",3,19,19,43,1328,0.490963855421687,0,0,93,179,10,51,1,25,4,1
"1534","2020-03-17",6,19,16,55,1328,0.490963855421687,0,0,93,179,19,70,1,26,14,1
"1535","2020-03-18",8,19,16,65,1328,0.490963855421687,0,0,93,179,18,88,2,28,10,2
"1536","2020-03-19",11,19,19,75,1328,0.490963855421687,0,0,93,179,16,104,1,29,10,1
"1537","2020-03-20",14,19,23,85,1328,0.490963855421687,0,0,93,179,18,122,3,32,13,3
"1538","2020-03-21",18,19,19,96,1328,0.490963855421687,0,0,93,179,24,146,9,41,21,9
"1539","2020-03-22",19,19,25,96,1328,0.490963855421687,0,0,93,179,29,175,14,55,20,14
"1540","2020-03-23",22,19,31,105,1328,0.490963855421687,0,0,93,179,21,196,2,57,16,2
"1541","2020-03-24",22,19,34,117,1328,0.490963855421687,0,0,93,179,32,228,5,62,24,5
"1542","2020-03-25",24,19,30,124,1328,0.490963855421687,0,0,93,179,25,253,6,68,16,6
"1543","2020-03-26",24,19,33,126,1328,0.490963855421687,0,0,93,179,31,284,7,75,23,7
"1544","2020-03-27",25,19,32,136,1328,0.490963855421687,0,0,93,179,31,315,5,80,21,5
"1545","2020-03-28",29,19,24,135,1328,0.490963855421687,0,0,93,179,34,349,7,87,28,7
"1546","2020-03-29",32,19,19,131,1328,0.490963855421687,0,0,93,179,38,387,3,90,30,3
"1547","2020-03-30",30,19,24,137,1328,0.490963855421687,0,0,93,179,36,423,6,96,28,6
"1548","2020-03-31",34,19,19,144,1328,0.490963855421687,0,0,93,179,46,469,5,101,35,5
"1549","2020-04-01",37,19,23,144,1328,0.490963855421687,0,0,93,179,34,503,13,114,27,13
"1550","2020-04-02",39,19,22,143,1328,0.490963855421687,0,0,93,179,45,548,7,121,36,7
"1551","2020-04-03",41,19,26,152,1328,0.490963855421687,0,0,93,179,45,593,14,135,35,14
"1552","2020-04-04",38,19,19,162,1328,0.490963855421687,0,0,93,179,51,644,3,138,45,3
"1553","2020-04-05",37,19,19,167,1328,0.490963855421687,0,0,93,179,38,682,10,148,31,10
"1554","2020-04-06",42,19,21,178,1328,0.490963855421687,0,0,93,179,50,732,17,165,42,17
"1555","2020-04-07",47,19,24,183,1328,0.490963855421687,0,0,93,179,48,780,14,179,37,14
"1556","2020-04-08",45,19,35,178,1328,0.490963855421687,0,0,93,179,56,836,10,189,50,10
"1557","2020-04-09",45,19,42,177,1328,0.490963855421687,0,0,93,179,40,876,12,201,34,12
"1558","2020-04-10",47,19,46,182,1328,0.490963855421687,0,0,93,179,49,925,12,213,43,12
"1559","2020-04-11",49,19,46,178,1328,0.490963855421687,0,0,93,179,48,973,6,219,41,6
"1560","2020-04-12",49,19,47,191,1328,0.490963855421687,0,0,93,179,48,1021,16,235,39,16
"1561","2020-04-13",55,19,56,199,1328,0.490963855421687,0,0,93,179,48,1069,10,245,37,10
"1562","2020-04-14",54,19,53,205,1328,0.490963855421687,0,0,93,179,50,1119,12,257,44,12
"1563","2020-04-15",58,19,39,207,1328,0.490963855421687,0,0,93,179,57,1176,5,262,48,5
"1564","2020-04-16",58,19,51,219,1328,0.490963855421687,0,0,93,179,62,1238,12,274,51,12
"1565","2020-04-17",55,19,53,221,1328,0.490963855421687,0,0,93,179,54,1292,3,277,45,3
"1566","2020-04-18",56,19,53,217,1328,0.490963855421687,0,0,93,179,53,1345,6,283,45,6
"1567","2020-04-19",56,19,54,212,1328,0.490963855421687,0,0,93,179,58,1403,8,291,49,8
"1568","2020-04-20",49,19,53,207,1328,0.490963855421687,0,0,93,179,57,1460,19,310,49,19
"1569","2020-04-21",43,19,51,202,1328,0.490963855421687,0,0,93,179,77,1537,7,317,66,7
"1570","2020-04-22",44,19,52,213,1328,0.490963855421687,0,0,93,179,49,1586,29,346,39,29
"1571","2020-04-23",45,19,58,215,1328,0.490963855421687,0,0,93,179,54,1640,23,369,41,23
"1572","2020-04-24",47,19,50,206,1328,0.490963855421687,0,0,93,179,58,1698,14,383,45,14
"1573","2020-04-25",52,19,48,203,1328,0.490963855421687,0,0,93,179,42,1740,9,392,33,9
"1574","2020-04-26",55,19,42,195,1328,0.490963855421687,0,0,93,179,52,1792,26,418,43,26
"1575","2020-04-27",61,19,44,188,1328,0.490963855421687,0,0,93,179,37,1829,15,433,30,15
"1576","2020-04-28",58,19,37,186,1328,0.490963855421687,0,0,93,179,54,1883,20,453,45,20
"1577","2020-04-29",55,19,37,183,1328,0.490963855421687,0,0,93,179,53,1936,14,467,43,14
"1578","2020-04-30",58,19,42,178,1328,0.490963855421687,0,0,93,179,41,1977,16,483,35,16
"1579","2020-05-01",58,19,34,189,1328,0.490963855421687,0,0,93,179,32,2009,12,495,25,12
"1580","2020-05-02",52,19,33,192,1328,0.490963855421687,0,0,93,179,31,2040,5,500,25,5
"1581","2020-05-03",56,19,26,193,1328,0.490963855421687,0,0,93,179,44,2084,8,508,39,8
"1582","2020-05-04",51,19,28,185,1328,0.490963855421687,0,0,93,179,35,2119,5,513,22,5
"1583","2020-05-05",52,19,27,184,1328,0.490963855421687,0,0,93,179,33,2152,11,524,23,11
"1584","2020-05-06",49,19,32,184,1328,0.490963855421687,0,0,93,179,45,2197,10,534,33,10
"1585","2020-05-07",47,19,32,189,1328,0.490963855421687,0,0,93,179,37,2234,12,546,26,12
"1586","2020-05-08",44,19,36,188,1328,0.490963855421687,0,0,93,179,29,2263,8,554,20,8
"1587","2020-05-09",51,19,34,189,1328,0.490963855421687,0,0,93,179,45,2308,3,557,36,3
"1588","2020-05-10",46,19,36,197,1328,0.490963855421687,0,0,93,179,47,2355,17,574,38,17
"1589","2020-05-11",49,19,34,200,1328,0.490963855421687,0,0,93,179,44,2399,7,581,40,7
"1590","2020-05-12",53,19,36,206,1328,0.490963855421687,0,0,93,179,32,2431,5,586,27,5
"1591","2020-05-13",54,19,43,204,1328,0.490963855421687,0,0,93,179,43,2474,4,590,32,4
"1592","2020-05-14",54,19,39,207,1328,0.490963855421687,0,0,93,179,34,2508,1,591,27,1
"1593","2020-05-15",62,19,44,203,1328,0.490963855421687,0,0,93,179,43,2551,2,593,35,2
"1594","2020-05-16",56,19,46,209,1328,0.490963855421687,0,0,93,179,32,2583,2,595,21,2
"1595","2020-05-17",58,19,49,205,1328,0.490963855421687,0,0,93,179,35,2618,NA,NA,32,NA
"1596","2020-05-18",58,19,50,206,1328,0.490963855421687,0,0,93,179,34,2652,9,604,30,9
"1597","2020-05-19",57,19,46,207,1328,0.490963855421687,0,0,93,179,31,2683,6,610,26,6
"1598","2020-05-20",58,19,48,195,1328,0.490963855421687,0,0,93,179,32,2715,12,622,22,12
"1599","2020-05-21",56,19,53,179,1328,0.490963855421687,0,0,93,179,33,2748,14,636,26,14
"1600","2020-05-22",55,19,53,177,1328,0.490963855421687,0,0,93,179,36,2784,6,642,27,6
"1601","2020-05-23",54,19,44,175,1328,0.490963855421687,0,0,93,179,25,2809,12,654,22,12
"1602","2020-05-24",52,19,44,161,1328,0.490963855421687,0,0,93,179,25,2834,11,665,22,11
"1603","2020-05-25",47,19,44,156,1328,0.490963855421687,0,0,93,179,30,2864,12,677,28,12
"1604","2020-05-26",45,19,47,153,1328,0.490963855421687,0,0,93,179,26,2890,10,687,24,10
"1605","2020-05-27",42,19,46,144,1328,0.490963855421687,0,0,93,179,27,2917,6,693,22,6
"1606","2020-05-28",42,19,40,141,1328,0.490963855421687,0,0,93,179,23,2940,2,695,22,2
"1607","2020-05-29",35,19,40,138,1328,0.490963855421687,0,0,93,179,19,2959,4,699,18,4
"1608","2020-05-30",30,19,51,133,1328,0.490963855421687,0,0,93,179,29,2988,3,702,22,3
"1609","2020-05-31",33,19,50,124,1328,0.490963855421687,0,0,93,179,21,3009,10,712,16,10
"1610","2020-06-01",37,19,60,123,1328,0.490963855421687,0,0,93,179,23,3032,4,716,19,4
"1611","2020-06-02",35,19,64,118,1328,0.490963855421687,0,0,93,179,18,3050,2,718,15,2
"1612","2020-06-03",36,19,62,115,1328,0.490963855421687,0,0,93,179,23,3073,3,721,21,3
"1613","2020-06-04",37,19,60,115,1328,0.490963855421687,0,0,93,179,22,3095,2,723,17,2
"1614","2020-06-05",36,19,62,107,1328,0.490963855421687,0,0,93,179,20,3115,9,732,17,9
"1615","2020-06-06",39,19,64,99,1328,0.490963855421687,0,0,93,179,17,3132,6,738,16,6
"1616","2020-06-07",35,19,68,90,1328,0.490963855421687,0,0,93,179,14,3146,3,741,13,3
"1617","2020-03-16",2,20,41,24,4201,0.962389907164961,0,0,395,214,4,25,5,19,3,5
"1618","2020-03-17",3,20,39,26,4201,0.962389907164961,0,0,395,214,6,31,3,22,3,3
"1619","2020-03-18",5,20,42,35,4201,0.962389907164961,0,0,395,214,7,38,8,30,4,8
"1620","2020-03-19",5,20,43,39,4201,0.962389907164961,0,0,395,214,5,43,8,38,4,8
"1621","2020-03-20",9,20,47,45,4201,0.962389907164961,0,0,395,214,11,54,5,43,6,5
"1622","2020-03-21",12,20,40,52,4201,0.962389907164961,0,0,395,214,8,62,11,54,7,11
"1623","2020-03-22",15,20,39,62,4201,0.962389907164961,0,0,395,214,14,76,3,57,12,3
"1624","2020-03-23",13,20,38,70,4201,0.962389907164961,0,0,395,214,9,85,9,66,7,9
"1625","2020-03-24",15,20,35,81,4201,0.962389907164961,0,0,395,214,5,90,9,75,5,9
"1626","2020-03-25",17,20,45,90,4201,0.962389907164961,0,0,395,214,9,99,7,82,9,7
"1627","2020-03-26",22,20,38,98,4201,0.962389907164961,0,0,395,214,14,113,7,89,12,7
"1628","2020-03-27",23,20,31,110,4201,0.962389907164961,0,0,395,214,12,125,9,98,9,9
"1629","2020-03-28",23,20,29,125,4201,0.962389907164961,0,0,395,214,15,140,5,103,12,5
"1630","2020-03-29",25,20,31,139,4201,0.962389907164961,0,0,395,214,16,156,10,113,13,10
"1631","2020-03-30",37,20,34,152,4201,0.962389907164961,0,0,395,214,8,164,13,126,8,13
"1632","2020-03-31",38,20,41,169,4201,0.962389907164961,0,0,395,214,21,185,8,134,18,8
"1633","2020-04-01",48,20,44,181,4201,0.962389907164961,0,0,395,214,13,198,11,145,11,11
"1634","2020-04-02",51,20,46,199,4201,0.962389907164961,0,0,395,214,7,205,6,151,7,6
"1635","2020-04-03",51,20,50,217,4201,0.962389907164961,0,0,395,214,25,230,12,163,16,12
"1636","2020-04-04",54,20,61,239,4201,0.962389907164961,0,0,395,214,12,242,7,170,10,7
"1637","2020-04-05",58,20,62,257,4201,0.962389907164961,0,0,395,214,16,258,5,175,15,5
"1638","2020-04-06",60,20,67,283,4201,0.962389907164961,0,0,395,214,22,280,10,185,17,10
"1639","2020-04-07",67,20,69,296,4201,0.962389907164961,0,0,395,214,21,301,21,206,16,21
"1640","2020-04-08",64,20,68,318,4201,0.962389907164961,0,0,395,214,32,333,10,216,30,10
"1641","2020-04-09",70,20,67,336,4201,0.962389907164961,0,0,395,214,32,365,9,225,29,9
"1642","2020-04-10",77,20,66,352,4201,0.962389907164961,0,0,395,214,31,396,16,241,28,16
"1643","2020-04-11",82,20,57,382,4201,0.962389907164961,0,0,395,214,25,421,8,249,20,8
"1644","2020-04-12",91,20,48,433,4201,0.962389907164961,0,0,395,214,30,451,12,261,25,12
"1645","2020-04-13",96,20,35,460,4201,0.962389907164961,0,0,395,214,28,479,12,273,21,12
"1646","2020-04-14",106,20,31,489,4201,0.962389907164961,0,0,395,214,35,514,10,283,31,10
"1647","2020-04-15",117,20,36,517,4201,0.962389907164961,0,0,395,214,39,553,6,289,36,6
"1648","2020-04-16",122,20,41,573,4201,0.962389907164961,0,0,395,214,40,593,9,298,37,9
"1649","2020-04-17",129,20,55,615,4201,0.962389907164961,0,0,395,214,37,630,12,310,35,12
"1650","2020-04-18",141,20,63,648,4201,0.962389907164961,0,0,395,214,43,673,8,318,41,8
"1651","2020-04-19",143,20,71,688,4201,0.962389907164961,0,0,395,214,35,708,13,331,31,13
"1652","2020-04-20",156,20,71,721,4201,0.962389907164961,0,0,395,214,36,744,21,352,35,21
"1653","2020-04-21",164,20,86,761,4201,0.962389907164961,0,0,395,214,36,780,22,374,35,22
"1654","2020-04-22",166,20,73,776,4201,0.962389907164961,0,0,395,214,40,820,10,384,36,10
"1655","2020-04-23",180,20,75,826,4201,0.962389907164961,0,0,395,214,42,862,15,399,40,15
"1656","2020-04-24",186,20,77,853,4201,0.962389907164961,0,0,395,214,23,885,21,420,20,21
"1657","2020-04-25",193,20,94,858,4201,0.962389907164961,0,0,395,214,33,918,17,437,31,17
"1658","2020-04-26",212,20,92,896,4201,0.962389907164961,0,0,395,214,28,946,13,450,26,13
"1659","2020-04-27",212,20,85,912,4201,0.962389907164961,0,0,395,214,29,975,17,467,27,17
"1660","2020-04-28",223,20,83,901,4201,0.962389907164961,0,0,395,214,27,1002,21,488,26,21
"1661","2020-04-29",242,20,99,894,4201,0.962389907164961,0,0,395,214,31,1033,15,503,23,15
"1662","2020-04-30",249,20,95,906,4201,0.962389907164961,0,0,395,214,24,1057,10,513,21,10
"1663","2020-05-01",253,20,85,905,4201,0.962389907164961,0,0,395,214,31,1088,19,532,27,19
"1664","2020-05-02",255,20,84,898,4201,0.962389907164961,0,0,395,214,22,1110,21,553,18,21
"1665","2020-05-03",242,20,72,899,4201,0.962389907164961,0,0,395,214,24,1134,15,568,23,15
"1666","2020-05-04",236,20,90,906,4201,0.962389907164961,0,0,395,214,32,1166,18,586,26,18
"1667","2020-05-05",240,20,86,902,4201,0.962389907164961,0,0,395,214,28,1194,11,597,26,11
"1668","2020-05-06",237,20,82,907,4201,0.962389907164961,0,0,395,214,26,1220,8,605,18,8
"1669","2020-05-07",229,20,92,897,4201,0.962389907164961,0,0,395,214,15,1235,12,617,11,12
"1670","2020-05-08",236,20,92,894,4201,0.962389907164961,0,0,395,214,20,1255,18,635,18,18
"1671","2020-05-09",236,20,84,881,4201,0.962389907164961,0,0,395,214,22,1277,20,655,18,20
"1672","2020-05-10",243,20,84,885,4201,0.962389907164961,0,0,395,214,15,1292,26,681,11,26
"1673","2020-05-11",258,20,73,880,4201,0.962389907164961,0,0,395,214,17,1309,20,701,14,20
"1674","2020-05-12",262,20,69,874,4201,0.962389907164961,0,0,395,214,22,1331,11,712,19,11
"1675","2020-05-13",251,20,83,862,4201,0.962389907164961,0,0,395,214,14,1345,17,729,12,17
"1676","2020-05-14",254,20,95,842,4201,0.962389907164961,0,0,395,214,25,1370,26,755,21,26
"1677","2020-05-15",252,20,94,838,4201,0.962389907164961,0,0,395,214,20,1390,20,775,18,20
"1678","2020-05-16",250,20,96,833,4201,0.962389907164961,0,0,395,214,14,1404,20,795,13,20
"1679","2020-05-17",240,20,90,806,4201,0.962389907164961,0,0,395,214,29,1433,17,812,28,17
"1680","2020-05-18",225,20,89,759,4201,0.962389907164961,0,0,395,214,13,1446,20,832,10,20
"1681","2020-05-19",205,20,75,739,4201,0.962389907164961,0,0,395,214,21,1467,8,840,18,8
"1682","2020-05-20",208,20,74,715,4201,0.962389907164961,0,0,395,214,32,1499,17,857,28,17
"1683","2020-05-21",203,20,82,677,4201,0.962389907164961,0,0,395,214,24,1523,17,874,19,17
"1684","2020-05-22",203,20,78,663,4201,0.962389907164961,0,0,395,214,16,1539,14,888,15,14
"1685","2020-05-23",201,20,84,614,4201,0.962389907164961,0,0,395,214,19,1558,13,901,18,13
"1686","2020-05-24",200,20,75,602,4201,0.962389907164961,0,0,395,214,16,1574,7,908,15,7
"1687","2020-05-25",203,20,74,601,4201,0.962389907164961,0,0,395,214,18,1592,15,923,14,15
"1688","2020-05-26",213,20,70,587,4201,0.962389907164961,0,0,395,214,20,1612,12,935,18,12
"1689","2020-05-27",201,20,75,571,4201,0.962389907164961,0,0,395,214,25,1637,14,949,25,14
"1690","2020-05-28",195,20,66,549,4201,0.962389907164961,0,0,395,214,29,1666,12,961,27,12
"1691","2020-05-29",179,20,64,510,4201,0.962389907164961,0,0,395,214,24,1690,17,978,22,17
"1692","2020-05-30",165,20,66,464,4201,0.962389907164961,0,0,395,214,31,1721,17,995,30,17
"1693","2020-05-31",160,20,70,449,4201,0.962389907164961,0,0,395,214,28,1749,19,1014,27,19
"1694","2020-06-01",147,20,65,419,4201,0.962389907164961,0,0,395,214,20,1769,13,1027,20,13
"1695","2020-06-02",126,20,60,396,4201,0.962389907164961,0,0,395,214,29,1798,10,1037,26,10
"1696","2020-06-03",121,20,55,363,4201,0.962389907164961,0,0,395,214,19,1817,19,1056,18,19
"1697","2020-06-04",114,20,62,334,4201,0.962389907164961,0,0,395,214,23,1840,12,1068,19,12
"1698","2020-06-05",110,20,61,305,4201,0.962389907164961,0,0,395,214,26,1866,15,1083,25,15
"1699","2020-06-06",117,20,63,291,4201,0.962389907164961,0,0,395,214,22,1888,7,1090,22,7
"1700","2020-06-07",113,20,57,268,4201,0.962389907164961,0,0,395,214,20,1908,8,1098,19,8
