"","Date","Absents","Paramset","Infections_or_Exposed_per_day_Patient","Infections_or_Exposed_per_day_HCW","total_infections","nosocomial_proportion","PCR_pooled","LFD_pooled","HCW_symp_test","patient_symp_test","new_hcw_infs","cumulative_hcw_infs","new_pat_infs","cumulative_pats_infs","new_nosocomial_hcw_infs","new_nosocomial_pat_infs"
"1","2020-03-13",1,1,34,142,7788,0.675911658962506,0,0,726,467,46,142,8,20,6,8
"2","2020-03-14",4,1,37,213,7788,0.675911658962506,0,0,726,467,71,213,6,26,17,6
"3","2020-03-15",8,1,57,274,7788,0.675911658962506,0,0,726,467,62,275,12,38,21,12
"4","2020-03-16",19,1,86,344,7788,0.675911658962506,0,0,726,467,70,345,27,65,36,27
"5","2020-03-17",35,1,99,424,7788,0.675911658962506,0,0,726,467,80,425,26,91,45,26
"6","2020-03-18",43,1,105,529,7788,0.675911658962506,0,0,726,467,113,538,23,114,70,23
"7","2020-03-19",62,1,103,612,7788,0.675911658962506,0,0,726,467,101,639,10,124,59,10
"8","2020-03-20",84,1,96,716,7788,0.675911658962506,0,0,726,467,122,761,17,141,79,17
"9","2020-03-21",109,1,106,826,7788,0.675911658962506,0,0,726,467,134,895,17,158,90,17
"10","2020-03-22",152,1,135,957,7788,0.675911658962506,0,0,726,467,158,1053,35,193,108,35
"11","2020-03-23",184,1,140,1074,7788,0.675911658962506,0,0,726,467,150,1203,25,218,114,25
"12","2020-03-24",211,1,146,1191,7788,0.675911658962506,0,0,726,467,174,1377,19,237,141,19
"13","2020-03-25",242,1,139,1373,7788,0.675911658962506,0,0,726,467,239,1616,32,269,197,32
"14","2020-03-26",261,1,154,1464,7788,0.675911658962506,0,0,726,467,170,1786,34,303,134,34
"15","2020-03-27",280,1,172,1565,7788,0.675911658962506,0,0,726,467,167,1953,37,340,136,37
"16","2020-03-28",317,1,178,1719,7788,0.675911658962506,0,0,726,467,247,2200,38,378,201,38
"17","2020-03-29",345,1,172,1838,7788,0.675911658962506,0,0,726,467,216,2416,28,406,175,28
"18","2020-03-30",369,1,171,2011,7788,0.675911658962506,0,0,726,467,296,2712,21,427,256,21
"19","2020-03-31",405,1,178,2120,7788,0.675911658962506,0,0,726,467,217,2929,39,466,175,39
"20","2020-04-01",446,1,170,2270,7788,0.675911658962506,0,0,726,467,274,3203,23,489,240,23
"21","2020-04-02",496,1,171,2323,7788,0.675911658962506,0,0,726,467,198,3401,32,521,159,32
"22","2020-04-03",557,1,176,2403,7788,0.675911658962506,0,0,726,467,242,3643,41,562,205,41
"23","2020-04-04",592,1,179,2485,7788,0.675911658962506,0,0,726,467,255,3898,27,589,221,27
"24","2020-04-05",635,1,153,2530,7788,0.675911658962506,0,0,726,467,224,4122,22,611,189,22
"25","2020-04-06",663,1,145,2574,7788,0.675911658962506,0,0,726,467,232,4354,25,636,200,25
"26","2020-04-07",699,1,160,2528,7788,0.675911658962506,0,0,726,467,179,4533,36,672,151,36
"27","2020-04-08",714,1,168,2547,7788,0.675911658962506,0,0,726,467,229,4762,35,707,198,35
"28","2020-04-09",708,1,176,2514,7788,0.675911658962506,0,0,726,467,190,4952,35,742,158,35
"29","2020-04-10",729,1,176,2506,7788,0.675911658962506,0,0,726,467,202,5154,34,776,170,34
"30","2020-04-11",734,1,189,2438,7788,0.675911658962506,0,0,726,467,152,5306,47,823,132,47
"31","2020-04-12",704,1,203,2291,7788,0.675911658962506,0,0,726,467,126,5432,41,864,106,41
"32","2020-04-13",705,1,227,2152,7788,0.675911658962506,0,0,726,467,105,5537,53,917,92,53
"33","2020-04-14",662,1,212,2020,7788,0.675911658962506,0,0,726,467,92,5629,33,950,76,33
"34","2020-04-15",659,1,193,1918,7788,0.675911658962506,0,0,726,467,99,5728,24,974,81,24
"35","2020-04-16",660,1,183,1783,7788,0.675911658962506,0,0,726,467,90,5818,20,994,69,20
"36","2020-04-17",620,1,156,1666,7788,0.675911658962506,0,0,726,467,85,5903,10,1004,65,10
"37","2020-04-18",580,1,138,1519,7788,0.675911658962506,0,0,726,467,68,5971,10,1014,56,10
"38","2020-04-19",553,1,128,1387,7788,0.675911658962506,0,0,726,467,54,6025,13,1027,32,13
"39","2020-04-20",517,1,134,1251,7788,0.675911658962506,0,0,726,467,60,6085,16,1043,48,16
"40","2020-04-21",498,1,154,1149,7788,0.675911658962506,0,0,726,467,53,6138,29,1072,38,29
"41","2020-04-22",446,1,191,1056,7788,0.675911658962506,0,0,726,467,52,6190,54,1126,36,54
"42","2020-04-23",394,1,233,980,7788,0.675911658962506,0,0,726,467,59,6249,61,1187,42,61
"43","2020-04-24",342,1,218,890,7788,0.675911658962506,0,0,726,467,48,6297,35,1222,26,35
"44","2020-04-25",309,1,209,816,7788,0.675911658962506,0,0,726,467,49,6346,29,1251,29,29
"45","2020-04-26",273,1,217,742,7788,0.675911658962506,0,0,726,467,33,6379,35,1286,22,35
"46","2020-04-27",235,1,198,699,7788,0.675911658962506,0,0,726,467,38,6417,17,1303,24,17
"47","2020-04-28",207,1,213,656,7788,0.675911658962506,0,0,726,467,32,6449,44,1347,20,44
"48","2020-04-29",199,1,218,609,7788,0.675911658962506,0,0,726,467,35,6484,24,1371,21,24
"49","2020-04-30",190,1,199,581,7788,0.675911658962506,0,0,726,467,41,6525,21,1392,22,21
"50","2020-05-01",173,1,177,547,7788,0.675911658962506,0,0,726,467,34,6559,13,1405,19,13
"51","2020-05-02",165,1,182,519,7788,0.675911658962506,0,0,726,467,26,6585,34,1439,17,34
"52","2020-05-03",153,1,171,473,7788,0.675911658962506,0,0,726,467,22,6607,20,1459,9,20
"53","2020-05-04",147,1,154,427,7788,0.675911658962506,0,0,726,467,18,6625,19,1478,6,19
"54","2020-05-05",140,1,189,409,7788,0.675911658962506,0,0,726,467,31,6656,41,1519,12,41
"55","2020-05-06",130,1,220,388,7788,0.675911658962506,0,0,726,467,24,6680,47,1566,13,47
"56","2020-05-07",123,1,217,357,7788,0.675911658962506,0,0,726,467,23,6703,35,1601,12,35
"57","2020-05-08",121,1,200,334,7788,0.675911658962506,0,0,726,467,16,6719,21,1622,6,21
"58","2020-05-09",108,1,190,331,7788,0.675911658962506,0,0,726,467,25,6744,18,1640,13,18
"59","2020-05-10",102,1,206,322,7788,0.675911658962506,0,0,726,467,25,6769,31,1671,4,31
"60","2020-05-11",98,1,214,307,7788,0.675911658962506,0,0,726,467,21,6790,40,1711,11,40
"61","2020-05-12",91,1,195,302,7788,0.675911658962506,0,0,726,467,23,6813,26,1737,8,26
"62","2020-05-13",81,1,184,277,7788,0.675911658962506,0,0,726,467,13,6826,18,1755,5,18
"63","2020-05-14",82,1,202,258,7788,0.675911658962506,0,0,726,467,18,6844,45,1800,9,45
"64","2020-05-15",78,1,218,240,7788,0.675911658962506,0,0,726,467,13,6857,44,1844,7,44
"65","2020-05-16",73,1,205,226,7788,0.675911658962506,0,0,726,467,13,6870,37,1881,5,37
"66","2020-05-17",75,1,207,211,7788,0.675911658962506,0,0,726,467,10,6880,36,1917,2,36
"67","2020-05-18",68,1,242,205,7788,0.675911658962506,0,0,726,467,18,6898,58,1975,7,58
"68","2020-05-19",65,1,211,200,7788,0.675911658962506,0,0,726,467,18,6916,30,2005,12,30
"69","2020-05-20",65,1,206,191,7788,0.675911658962506,0,0,726,467,13,6929,25,2030,4,25
"70","2020-05-21",56,1,194,184,7788,0.675911658962506,0,0,726,467,10,6939,25,2055,4,25
"71","2020-05-22",55,1,174,173,7788,0.675911658962506,0,0,726,467,8,6947,22,2077,3,22
"72","2020-05-23",53,1,160,158,7788,0.675911658962506,0,0,726,467,14,6961,10,2087,6,10
"73","2020-05-24",53,1,171,157,7788,0.675911658962506,0,0,726,467,15,6976,28,2115,6,28
"74","2020-05-25",52,1,174,152,7788,0.675911658962506,0,0,726,467,9,6985,31,2146,1,31
"75","2020-05-26",52,1,182,147,7788,0.675911658962506,0,0,726,467,8,6993,38,2184,1,38
"76","2020-05-27",44,1,201,143,7788,0.675911658962506,0,0,726,467,11,7004,43,2227,6,43
"77","2020-05-28",41,1,191,139,7788,0.675911658962506,0,0,726,467,9,7013,34,2261,3,34
"78","2020-05-29",44,1,186,129,7788,0.675911658962506,0,0,726,467,3,7016,28,2289,2,28
"79","2020-05-30",44,1,174,120,7788,0.675911658962506,0,0,726,467,2,7018,19,2308,NA,19
"80","2020-05-31",39,1,165,108,7788,0.675911658962506,0,0,726,467,6,7024,10,2318,4,10
"81","2020-06-01",39,1,167,94,7788,0.675911658962506,0,0,726,467,5,7029,26,2344,1,26
"82","2020-06-02",36,1,165,88,7788,0.675911658962506,0,0,726,467,6,7035,24,2368,2,24
"83","2020-06-03",34,1,161,87,7788,0.675911658962506,0,0,726,467,4,7039,22,2390,1,22
"84","2020-06-04",36,1,147,79,7788,0.675911658962506,0,0,726,467,5,7044,14,2404,4,14
"85","2020-06-05",28,1,124,79,7788,0.675911658962506,0,0,726,467,6,7050,11,2415,2,11
"86","2020-06-06",25,1,130,72,7788,0.675911658962506,0,0,726,467,6,7056,27,2442,1,27
"87","2020-06-07",23,1,132,69,7788,0.675911658962506,0,0,726,467,6,7062,25,2467,1,25
"88","2020-03-12",1,2,20,36,4719,0.611994066539521,0,0,383,425,43,84,23,34,3,23
"89","2020-03-13",3,2,29,57,4719,0.611994066539521,0,0,383,425,42,126,14,48,3,14
"90","2020-03-14",5,2,39,90,4719,0.611994066539521,0,0,383,425,46,172,15,63,6,15
"91","2020-03-15",8,2,37,114,4719,0.611994066539521,0,0,383,425,32,204,14,77,5,14
"92","2020-03-16",13,2,57,150,4719,0.611994066539521,0,0,383,425,51,255,20,97,14,20
"93","2020-03-17",18,2,75,192,4719,0.611994066539521,0,0,383,425,42,297,14,111,12,14
"94","2020-03-18",22,2,81,230,4719,0.611994066539521,0,0,383,425,65,362,16,127,18,16
"95","2020-03-19",35,2,75,265,4719,0.611994066539521,0,0,383,425,44,406,16,143,17,16
"96","2020-03-20",38,2,71,308,4719,0.611994066539521,0,0,383,425,52,458,17,160,9,17
"97","2020-03-21",51,2,55,358,4719,0.611994066539521,0,0,383,425,47,505,14,174,18,14
"98","2020-03-22",58,2,49,397,4719,0.611994066539521,0,0,383,425,55,560,20,194,13,20
"99","2020-03-23",75,2,44,446,4719,0.611994066539521,0,0,383,425,57,617,24,218,21,24
"100","2020-03-24",82,2,52,497,4719,0.611994066539521,0,0,383,425,50,667,23,241,21,23
"101","2020-03-25",90,2,55,538,4719,0.611994066539521,0,0,383,425,58,725,27,268,24,27
"102","2020-03-26",101,2,52,561,4719,0.611994066539521,0,0,383,425,52,777,31,299,17,31
"103","2020-03-27",127,2,68,607,4719,0.611994066539521,0,0,383,425,66,843,32,331,24,32
"104","2020-03-28",138,2,96,631,4719,0.611994066539521,0,0,383,425,51,894,38,369,20,38
"105","2020-03-29",147,2,117,656,4719,0.611994066539521,0,0,383,425,48,942,37,406,17,37
"106","2020-03-30",155,2,131,700,4719,0.611994066539521,0,0,383,425,60,1002,29,435,25,29
"107","2020-03-31",168,2,141,717,4719,0.611994066539521,0,0,383,425,61,1063,37,472,17,37
"108","2020-04-01",183,2,157,723,4719,0.611994066539521,0,0,383,425,58,1121,17,489,23,17
"109","2020-04-02",189,2,163,755,4719,0.611994066539521,0,0,383,425,63,1184,23,512,24,23
"110","2020-04-03",195,2,167,770,4719,0.611994066539521,0,0,383,425,61,1245,20,532,19,20
"111","2020-04-04",194,2,157,789,4719,0.611994066539521,0,0,383,425,57,1302,14,546,20,14
"112","2020-04-05",205,2,175,798,4719,0.611994066539521,0,0,383,425,50,1352,17,563,16,17
"113","2020-04-06",210,2,159,824,4719,0.611994066539521,0,0,383,425,50,1402,30,593,11,30
"114","2020-04-07",211,2,159,809,4719,0.611994066539521,0,0,383,425,62,1464,26,619,13,26
"115","2020-04-08",218,2,174,835,4719,0.611994066539521,0,0,383,425,67,1531,27,646,23,27
"116","2020-04-09",223,2,175,822,4719,0.611994066539521,0,0,383,425,54,1585,13,659,12,13
"117","2020-04-10",219,2,152,837,4719,0.611994066539521,0,0,383,425,63,1648,17,676,15,17
"118","2020-04-11",221,2,131,835,4719,0.611994066539521,0,0,383,425,70,1718,10,686,21,10
"119","2020-04-12",221,2,136,829,4719,0.611994066539521,0,0,383,425,71,1789,15,701,17,15
"120","2020-04-13",229,2,142,858,4719,0.611994066539521,0,0,383,425,63,1852,27,728,28,27
"121","2020-04-14",229,2,141,863,4719,0.611994066539521,0,0,383,425,55,1907,23,751,15,23
"122","2020-04-15",229,2,148,870,4719,0.611994066539521,0,0,383,425,74,1981,22,773,24,22
"123","2020-04-16",229,2,171,861,4719,0.611994066539521,0,0,383,425,60,2041,17,790,20,17
"124","2020-04-17",236,2,162,859,4719,0.611994066539521,0,0,383,425,50,2091,31,821,13,31
"125","2020-04-18",243,2,166,879,4719,0.611994066539521,0,0,383,425,59,2150,29,850,21,29
"126","2020-04-19",253,2,177,906,4719,0.611994066539521,0,0,383,425,55,2205,31,881,21,31
"127","2020-04-20",248,2,170,881,4719,0.611994066539521,0,0,383,425,64,2269,33,914,26,33
"128","2020-04-21",266,2,168,886,4719,0.611994066539521,0,0,383,425,63,2332,34,948,19,34
"129","2020-04-22",263,2,192,880,4719,0.611994066539521,0,0,383,425,55,2387,22,970,12,22
"130","2020-04-23",269,2,209,867,4719,0.611994066539521,0,0,383,425,50,2437,38,1008,19,38
"131","2020-04-24",263,2,220,846,4719,0.611994066539521,0,0,383,425,57,2494,45,1053,15,45
"132","2020-04-25",251,2,203,826,4719,0.611994066539521,0,0,383,425,61,2555,34,1087,10,34
"133","2020-04-26",245,2,188,792,4719,0.611994066539521,0,0,383,425,56,2611,26,1113,14,26
"134","2020-04-27",244,2,200,789,4719,0.611994066539521,0,0,383,425,53,2664,30,1143,15,30
"135","2020-04-28",226,2,201,765,4719,0.611994066539521,0,0,383,425,35,2699,38,1181,12,38
"136","2020-04-29",223,2,180,767,4719,0.611994066539521,0,0,383,425,51,2750,27,1208,10,27
"137","2020-04-30",211,2,161,738,4719,0.611994066539521,0,0,383,425,70,2820,24,1232,25,24
"138","2020-05-01",208,2,154,720,4719,0.611994066539521,0,0,383,425,45,2865,20,1252,12,20
"139","2020-05-02",221,2,172,699,4719,0.611994066539521,0,0,383,425,44,2909,31,1283,15,31
"140","2020-05-03",207,2,183,681,4719,0.611994066539521,0,0,383,425,34,2943,28,1311,11,28
"141","2020-05-04",197,2,208,652,4719,0.611994066539521,0,0,383,425,40,2983,49,1360,14,49
"142","2020-05-05",205,2,193,620,4719,0.611994066539521,0,0,383,425,40,3023,39,1399,11,39
"143","2020-05-06",200,2,164,605,4719,0.611994066539521,0,0,383,425,41,3064,40,1439,7,40
"144","2020-05-07",197,2,143,586,4719,0.611994066539521,0,0,383,425,45,3109,39,1478,10,39
"145","2020-05-08",184,2,157,581,4719,0.611994066539521,0,0,383,425,35,3144,23,1501,5,23
"146","2020-05-09",181,2,177,556,4719,0.611994066539521,0,0,383,425,44,3188,34,1535,13,34
"147","2020-05-10",178,2,166,535,4719,0.611994066539521,0,0,383,425,45,3233,45,1580,10,45
"148","2020-05-11",171,2,176,527,4719,0.611994066539521,0,0,383,425,53,3286,31,1611,11,31
"149","2020-05-12",155,2,186,524,4719,0.611994066539521,0,0,383,425,48,3334,37,1648,12,37
"150","2020-05-13",151,2,175,513,4719,0.611994066539521,0,0,383,425,47,3381,55,1703,16,55
"151","2020-05-14",139,2,154,506,4719,0.611994066539521,0,0,383,425,33,3414,37,1740,8,37
"152","2020-05-15",139,2,140,493,4719,0.611994066539521,0,0,383,425,33,3447,42,1782,12,42
"153","2020-05-16",125,2,144,468,4719,0.611994066539521,0,0,383,425,31,3478,31,1813,7,31
"154","2020-05-17",129,2,149,459,4719,0.611994066539521,0,0,383,425,41,3519,41,1854,10,41
"155","2020-05-18",125,2,141,452,4719,0.611994066539521,0,0,383,425,28,3547,49,1903,8,49
"156","2020-05-19",133,2,167,431,4719,0.611994066539521,0,0,383,425,41,3588,48,1951,9,48
"157","2020-05-20",131,2,183,407,4719,0.611994066539521,0,0,383,425,34,3622,32,1983,5,32
"158","2020-05-21",133,2,191,400,4719,0.611994066539521,0,0,383,425,29,3651,48,2031,6,48
"159","2020-05-22",133,2,169,386,4719,0.611994066539521,0,0,383,425,25,3676,37,2068,8,37
"160","2020-05-23",128,2,152,376,4719,0.611994066539521,0,0,383,425,26,3702,27,2095,6,27
"161","2020-05-24",128,2,146,367,4719,0.611994066539521,0,0,383,425,41,3743,35,2130,8,35
"162","2020-05-25",129,2,129,361,4719,0.611994066539521,0,0,383,425,29,3772,26,2156,8,26
"163","2020-05-26",120,2,109,350,4719,0.611994066539521,0,0,383,425,23,3795,21,2177,4,21
"164","2020-05-27",115,2,112,333,4719,0.611994066539521,0,0,383,425,33,3828,17,2194,13,17
"165","2020-05-28",109,2,137,310,4719,0.611994066539521,0,0,383,425,25,3853,19,2213,10,19
"166","2020-05-29",108,2,148,304,4719,0.611994066539521,0,0,383,425,25,3878,14,2227,9,14
"167","2020-05-30",113,2,142,303,4719,0.611994066539521,0,0,383,425,22,3900,31,2258,5,31
"168","2020-05-31",104,2,143,282,4719,0.611994066539521,0,0,383,425,18,3918,18,2276,3,18
"169","2020-06-01",96,2,136,262,4719,0.611994066539521,0,0,383,425,14,3932,22,2298,3,22
"170","2020-06-02",89,2,117,245,4719,0.611994066539521,0,0,383,425,22,3954,23,2321,12,23
"171","2020-06-03",88,2,106,246,4719,0.611994066539521,0,0,383,425,19,3973,27,2348,6,27
"172","2020-06-04",83,2,105,233,4719,0.611994066539521,0,0,383,425,20,3993,23,2371,2,23
"173","2020-06-05",74,2,100,204,4719,0.611994066539521,0,0,383,425,19,4012,34,2405,9,34
"174","2020-06-06",60,2,93,188,4719,0.611994066539521,0,0,383,425,17,4029,16,2421,9,16
"175","2020-06-07",56,2,83,186,4719,0.611994066539521,0,0,383,425,16,4045,23,2444,7,23
"176","2020-03-13",1,3,159,112,5308,0.392614920874152,0,0,431,1162,19,52,13,42,10,13
"177","2020-03-14",7,3,185,155,5308,0.392614920874152,0,0,431,1162,17,69,10,52,11,10
"178","2020-03-15",13,3,206,197,5308,0.392614920874152,0,0,431,1162,21,90,13,65,9,13
"179","2020-03-16",19,3,223,254,5308,0.392614920874152,0,0,431,1162,31,121,4,69,24,4
"180","2020-03-17",34,3,244,313,5308,0.392614920874152,0,0,431,1162,47,168,24,93,39,24
"181","2020-03-18",46,3,233,361,5308,0.392614920874152,0,0,431,1162,48,216,30,123,37,30
"182","2020-03-19",61,3,232,416,5308,0.392614920874152,0,0,431,1162,49,265,24,147,40,24
"183","2020-03-20",74,3,241,473,5308,0.392614920874152,0,0,431,1162,60,325,38,185,47,38
"184","2020-03-21",84,3,249,520,5308,0.392614920874152,0,0,431,1162,68,393,39,224,56,39
"185","2020-03-22",105,3,256,562,5308,0.392614920874152,0,0,431,1162,80,473,43,267,75,43
"186","2020-03-23",119,3,256,630,5308,0.392614920874152,0,0,431,1162,73,546,49,316,63,49
"187","2020-03-24",130,3,258,668,5308,0.392614920874152,0,0,431,1162,115,661,22,338,108,22
"188","2020-03-25",139,3,266,702,5308,0.392614920874152,0,0,431,1162,107,768,38,376,100,38
"189","2020-03-26",154,3,274,701,5308,0.392614920874152,0,0,431,1162,148,916,18,394,131,18
"190","2020-03-27",173,3,244,737,5308,0.392614920874152,0,0,431,1162,137,1053,19,413,120,19
"191","2020-03-28",193,3,252,756,5308,0.392614920874152,0,0,431,1162,145,1198,24,437,137,24
"192","2020-03-29",197,3,243,789,5308,0.392614920874152,0,0,431,1162,189,1387,18,455,182,18
"193","2020-03-30",198,3,237,815,5308,0.392614920874152,0,0,431,1162,180,1567,37,492,168,37
"194","2020-03-31",208,3,263,833,5308,0.392614920874152,0,0,431,1162,165,1732,31,523,158,31
"195","2020-04-01",224,3,259,834,5308,0.392614920874152,0,0,431,1162,187,1919,30,553,178,30
"196","2020-04-02",229,3,302,844,5308,0.392614920874152,0,0,431,1162,201,2120,28,581,191,28
"197","2020-04-03",243,3,328,867,5308,0.392614920874152,0,0,431,1162,226,2346,17,598,213,17
"198","2020-04-04",242,3,305,877,5308,0.392614920874152,0,0,431,1162,183,2529,22,620,175,22
"199","2020-04-05",244,3,297,868,5308,0.392614920874152,0,0,431,1162,181,2710,19,639,172,19
"200","2020-04-06",262,3,276,854,5308,0.392614920874152,0,0,431,1162,180,2890,19,658,168,19
"201","2020-04-07",255,3,274,852,5308,0.392614920874152,0,0,431,1162,187,3077,21,679,176,21
"202","2020-04-08",254,3,260,868,5308,0.392614920874152,0,0,431,1162,181,3258,27,706,169,27
"203","2020-04-09",250,3,270,866,5308,0.392614920874152,0,0,431,1162,178,3436,25,731,166,25
"204","2020-04-10",242,3,269,890,5308,0.392614920874152,0,0,431,1162,145,3581,25,756,136,25
"205","2020-04-11",236,3,274,887,5308,0.392614920874152,0,0,431,1162,153,3734,47,803,143,47
"206","2020-04-12",238,3,262,891,5308,0.392614920874152,0,0,431,1162,195,3929,45,848,182,45
"207","2020-04-13",226,3,253,856,5308,0.392614920874152,0,0,431,1162,151,4080,48,896,139,48
"208","2020-04-14",229,3,256,868,5308,0.392614920874152,0,0,431,1162,151,4231,23,919,144,23
"209","2020-04-15",242,3,270,865,5308,0.392614920874152,0,0,431,1162,165,4396,27,946,158,27
"210","2020-04-16",239,3,282,885,5308,0.392614920874152,0,0,431,1162,138,4534,34,980,132,34
"211","2020-04-17",238,3,295,905,5308,0.392614920874152,0,0,431,1162,154,4688,22,1002,146,22
"212","2020-04-18",237,3,318,917,5308,0.392614920874152,0,0,431,1162,115,4803,19,1021,112,19
"213","2020-04-19",235,3,320,922,5308,0.392614920874152,0,0,431,1162,107,4910,22,1043,102,22
"214","2020-04-20",245,3,311,932,5308,0.392614920874152,0,0,431,1162,98,5008,36,1079,92,36
"215","2020-04-21",255,3,302,922,5308,0.392614920874152,0,0,431,1162,100,5108,52,1131,90,52
"216","2020-04-22",238,3,297,912,5308,0.392614920874152,0,0,431,1162,81,5189,49,1180,74,49
"217","2020-04-23",258,3,306,893,5308,0.392614920874152,0,0,431,1162,77,5266,32,1212,68,32
"218","2020-04-24",255,3,328,875,5308,0.392614920874152,0,0,431,1162,74,5340,25,1237,71,25
"219","2020-04-25",256,3,337,854,5308,0.392614920874152,0,0,431,1162,71,5411,35,1272,68,35
"220","2020-04-26",251,3,331,840,5308,0.392614920874152,0,0,431,1162,56,5467,43,1315,52,43
"221","2020-04-27",249,3,358,843,5308,0.392614920874152,0,0,431,1162,55,5522,27,1342,50,27
"222","2020-04-28",239,3,361,829,5308,0.392614920874152,0,0,431,1162,53,5575,22,1364,47,22
"223","2020-04-29",239,3,339,816,5308,0.392614920874152,0,0,431,1162,40,5615,33,1397,36,33
"224","2020-04-30",223,3,317,800,5308,0.392614920874152,0,0,431,1162,51,5666,25,1422,43,25
"225","2020-05-01",212,3,307,783,5308,0.392614920874152,0,0,431,1162,38,5704,28,1450,32,28
"226","2020-05-02",205,3,358,745,5308,0.392614920874152,0,0,431,1162,39,5743,48,1498,33,48
"227","2020-05-03",213,3,345,710,5308,0.392614920874152,0,0,431,1162,31,5774,39,1537,25,39
"228","2020-05-04",202,3,342,688,5308,0.392614920874152,0,0,431,1162,28,5802,51,1588,23,51
"229","2020-05-05",193,3,321,660,5308,0.392614920874152,0,0,431,1162,23,5825,41,1629,13,41
"230","2020-05-06",197,3,308,642,5308,0.392614920874152,0,0,431,1162,17,5842,45,1674,15,45
"231","2020-05-07",195,3,313,642,5308,0.392614920874152,0,0,431,1162,28,5870,26,1700,20,26
"232","2020-05-08",192,3,306,620,5308,0.392614920874152,0,0,431,1162,18,5888,25,1725,15,25
"233","2020-05-09",192,3,319,584,5308,0.392614920874152,0,0,431,1162,31,5919,18,1743,24,18
"234","2020-05-10",173,3,333,571,5308,0.392614920874152,0,0,431,1162,18,5937,15,1758,16,15
"235","2020-05-11",173,3,332,566,5308,0.392614920874152,0,0,431,1162,15,5952,21,1779,13,21
"236","2020-05-12",174,3,331,549,5308,0.392614920874152,0,0,431,1162,15,5967,27,1806,14,27
"237","2020-05-13",159,3,329,522,5308,0.392614920874152,0,0,431,1162,12,5979,18,1824,10,18
"238","2020-05-14",147,3,318,510,5308,0.392614920874152,0,0,431,1162,12,5991,38,1862,9,38
"239","2020-05-15",157,3,341,502,5308,0.392614920874152,0,0,431,1162,17,6008,39,1901,17,39
"240","2020-05-16",156,3,351,481,5308,0.392614920874152,0,0,431,1162,13,6021,35,1936,9,35
"241","2020-05-17",163,3,371,474,5308,0.392614920874152,0,0,431,1162,14,6035,24,1960,9,24
"242","2020-05-18",154,3,378,476,5308,0.392614920874152,0,0,431,1162,16,6051,25,1985,13,25
"243","2020-05-19",142,3,349,468,5308,0.392614920874152,0,0,431,1162,11,6062,23,2008,8,23
"244","2020-05-20",140,3,320,459,5308,0.392614920874152,0,0,431,1162,19,6081,27,2035,14,27
"245","2020-05-21",138,3,314,440,5308,0.392614920874152,0,0,431,1162,11,6092,40,2075,9,40
"246","2020-05-22",125,3,336,440,5308,0.392614920874152,0,0,431,1162,11,6103,18,2093,10,18
"247","2020-05-23",119,3,346,416,5308,0.392614920874152,0,0,431,1162,10,6113,30,2123,4,30
"248","2020-05-24",113,3,326,394,5308,0.392614920874152,0,0,431,1162,10,6123,35,2158,7,35
"249","2020-05-25",117,3,324,380,5308,0.392614920874152,0,0,431,1162,8,6131,34,2192,7,34
"250","2020-05-26",126,3,292,370,5308,0.392614920874152,0,0,431,1162,6,6137,38,2230,5,38
"251","2020-05-27",132,3,295,345,5308,0.392614920874152,0,0,431,1162,16,6153,35,2265,8,35
"252","2020-05-28",132,3,289,333,5308,0.392614920874152,0,0,431,1162,9,6162,35,2300,5,35
"253","2020-05-29",121,3,261,319,5308,0.392614920874152,0,0,431,1162,4,6166,28,2328,4,28
"254","2020-05-30",121,3,263,315,5308,0.392614920874152,0,0,431,1162,7,6173,16,2344,5,16
"255","2020-05-31",113,3,269,289,5308,0.392614920874152,0,0,431,1162,10,6183,18,2362,5,18
"256","2020-06-01",107,3,271,278,5308,0.392614920874152,0,0,431,1162,6,6189,15,2377,5,15
"257","2020-06-02",96,3,259,259,5308,0.392614920874152,0,0,431,1162,7,6196,18,2395,6,18
"258","2020-06-03",81,3,272,252,5308,0.392614920874152,0,0,431,1162,8,6204,18,2413,7,18
"259","2020-06-04",72,3,261,247,5308,0.392614920874152,0,0,431,1162,11,6215,26,2439,8,26
"260","2020-06-05",70,3,267,235,5308,0.392614920874152,0,0,431,1162,8,6223,30,2469,5,30
"261","2020-06-06",67,3,275,222,5308,0.392614920874152,0,0,431,1162,9,6232,19,2488,8,19
"262","2020-06-07",68,3,255,211,5308,0.392614920874152,0,0,431,1162,8,6240,23,2511,5,23
"263","2020-03-12",1,4,43,30,4625,0.673513513513514,0,0,414,609,43,100,26,73,14,26
"264","2020-03-13",3,4,55,60,4625,0.673513513513514,0,0,414,609,69,169,18,91,23,18
"265","2020-03-14",5,4,60,89,4625,0.673513513513514,0,0,414,609,93,262,39,130,51,39
"266","2020-03-15",8,4,78,111,4625,0.673513513513514,0,0,414,609,128,390,28,158,84,28
"267","2020-03-16",10,4,77,140,4625,0.673513513513514,0,0,414,609,147,537,71,229,101,71
"268","2020-03-17",14,4,72,168,4625,0.673513513513514,0,0,414,609,180,717,68,297,141,68
"269","2020-03-18",23,4,96,198,4625,0.673513513513514,0,0,414,609,273,990,37,334,234,37
"270","2020-03-19",29,4,113,230,4625,0.673513513513514,0,0,414,609,300,1290,60,394,255,60
"271","2020-03-20",37,4,112,253,4625,0.673513513513514,0,0,414,609,466,1756,50,444,433,50
"272","2020-03-21",44,4,99,292,4625,0.673513513513514,0,0,414,609,436,2192,27,471,401,27
"273","2020-03-22",49,4,121,334,4625,0.673513513513514,0,0,414,609,533,2725,17,488,508,17
"274","2020-03-23",64,4,119,362,4625,0.673513513513514,0,0,414,609,556,3281,26,514,524,26
"275","2020-03-24",75,4,115,405,4625,0.673513513513514,0,0,414,609,537,3818,56,570,508,56
"276","2020-03-25",79,4,118,430,4625,0.673513513513514,0,0,414,609,600,4418,31,601,570,31
"277","2020-03-26",93,4,112,457,4625,0.673513513513514,0,0,414,609,640,5058,38,639,615,38
"278","2020-03-27",103,4,113,489,4625,0.673513513513514,0,0,414,609,385,5443,60,699,365,60
"279","2020-03-28",108,4,101,516,4625,0.673513513513514,0,0,414,609,547,5990,39,738,539,39
"280","2020-03-29",124,4,98,550,4625,0.673513513513514,0,0,414,609,332,6322,27,765,323,27
"281","2020-03-30",130,4,113,585,4625,0.673513513513514,0,0,414,609,318,6640,22,787,311,22
"282","2020-03-31",128,4,121,642,4625,0.673513513513514,0,0,414,609,296,6936,48,835,282,48
"283","2020-04-01",142,4,107,663,4625,0.673513513513514,0,0,414,609,205,7141,24,859,195,24
"284","2020-04-02",147,4,138,681,4625,0.673513513513514,0,0,414,609,156,7297,50,909,151,50
"285","2020-04-03",148,4,163,707,4625,0.673513513513514,0,0,414,609,99,7396,62,971,96,62
"286","2020-04-04",167,4,158,713,4625,0.673513513513514,0,0,414,609,72,7468,56,1027,68,56
"287","2020-04-05",166,4,202,747,4625,0.673513513513514,0,0,414,609,68,7536,66,1093,67,66
"288","2020-04-06",173,4,208,764,4625,0.673513513513514,0,0,414,609,42,7578,44,1137,40,44
"289","2020-04-07",196,4,257,778,4625,0.673513513513514,0,0,414,609,34,7612,60,1197,34,60
"290","2020-04-08",199,4,228,789,4625,0.673513513513514,0,0,414,609,24,7636,39,1236,23,39
"291","2020-04-09",212,4,207,806,4625,0.673513513513514,0,0,414,609,41,7677,37,1273,38,37
"292","2020-04-10",227,4,178,825,4625,0.673513513513514,0,0,414,609,17,7694,37,1310,15,37
"293","2020-04-11",228,4,180,834,4625,0.673513513513514,0,0,414,609,13,7707,38,1348,12,38
"294","2020-04-12",232,4,191,859,4625,0.673513513513514,0,0,414,609,8,7715,33,1381,7,33
"295","2020-04-13",233,4,170,871,4625,0.673513513513514,0,0,414,609,10,7725,21,1402,7,21
"296","2020-04-14",230,4,166,895,4625,0.673513513513514,0,0,414,609,6,7731,16,1418,6,16
"297","2020-04-15",233,4,209,922,4625,0.673513513513514,0,0,414,609,10,7741,34,1452,8,34
"298","2020-04-16",239,4,244,902,4625,0.673513513513514,0,0,414,609,3,7744,71,1523,3,71
"299","2020-04-17",235,4,269,903,4625,0.673513513513514,0,0,414,609,5,7749,61,1584,3,61
"300","2020-04-18",241,4,278,909,4625,0.673513513513514,0,0,414,609,7,7756,30,1614,3,30
"301","2020-04-19",250,4,264,909,4625,0.673513513513514,0,0,414,609,5,7761,29,1643,1,29
"302","2020-04-20",255,4,237,889,4625,0.673513513513514,0,0,414,609,6,7767,37,1680,5,37
"303","2020-04-21",254,4,197,881,4625,0.673513513513514,0,0,414,609,6,7773,21,1701,2,21
"304","2020-04-22",260,4,186,846,4625,0.673513513513514,0,0,414,609,4,7777,17,1718,1,17
"305","2020-04-23",250,4,218,846,4625,0.673513513513514,0,0,414,609,4,7781,21,1739,1,21
"306","2020-04-24",254,4,209,832,4625,0.673513513513514,0,0,414,609,3,7784,29,1768,1,29
"307","2020-04-25",247,4,190,820,4625,0.673513513513514,0,0,414,609,4,7788,69,1837,2,69
"308","2020-04-26",244,4,182,807,4625,0.673513513513514,0,0,414,609,4,7792,54,1891,3,54
"309","2020-04-27",242,4,194,794,4625,0.673513513513514,0,0,414,609,2,7794,70,1961,2,70
"310","2020-04-28",246,4,169,764,4625,0.673513513513514,0,0,414,609,3,7797,43,2004,2,43
"311","2020-04-29",234,4,145,748,4625,0.673513513513514,0,0,414,609,2,7799,34,2038,NA,34
"312","2020-04-30",229,4,146,731,4625,0.673513513513514,0,0,414,609,3,7802,33,2071,1,33
"313","2020-05-01",217,4,130,718,4625,0.673513513513514,0,0,414,609,3,7805,27,2098,1,27
"314","2020-05-02",210,4,126,697,4625,0.673513513513514,0,0,414,609,3,7808,32,2130,NA,32
"315","2020-05-03",201,4,113,679,4625,0.673513513513514,0,0,414,609,1,7809,48,2178,NA,48
"316","2020-05-04",195,4,113,664,4625,0.673513513513514,0,0,414,609,3,7812,56,2234,1,56
"317","2020-05-05",185,4,145,635,4625,0.673513513513514,0,0,414,609,2,7814,21,2255,NA,21
"318","2020-05-06",185,4,184,625,4625,0.673513513513514,0,0,414,609,4,7818,24,2279,1,24
"319","2020-05-07",183,4,209,631,4625,0.673513513513514,0,0,414,609,3,7821,20,2299,2,20
"320","2020-05-08",177,4,240,614,4625,0.673513513513514,0,0,414,609,4,7825,10,2309,2,10
"321","2020-05-09",188,4,229,606,4625,0.673513513513514,0,0,414,609,NA,NA,17,2326,NA,17
"322","2020-05-10",188,4,223,588,4625,0.673513513513514,0,0,414,609,2,7827,24,2350,NA,24
"323","2020-05-11",184,4,236,576,4625,0.673513513513514,0,0,414,609,4,7831,32,2382,1,32
"324","2020-05-12",183,4,219,560,4625,0.673513513513514,0,0,414,609,3,7834,17,2399,1,17
"325","2020-05-13",177,4,201,544,4625,0.673513513513514,0,0,414,609,2,7836,15,2414,1,15
"326","2020-05-14",176,4,203,526,4625,0.673513513513514,0,0,414,609,NA,NA,19,2433,NA,19
"327","2020-05-15",173,4,233,503,4625,0.673513513513514,0,0,414,609,1,7837,31,2464,NA,31
"328","2020-05-16",151,4,220,489,4625,0.673513513513514,0,0,414,609,3,7840,24,2488,NA,25
"329","2020-05-17",145,4,186,464,4625,0.673513513513514,0,0,414,609,2,7842,18,2506,1,18
"330","2020-05-18",138,4,184,442,4625,0.673513513513514,0,0,414,609,1,7843,19,2525,NA,19
"331","2020-05-19",131,4,197,430,4625,0.673513513513514,0,0,414,609,3,7846,10,2535,1,10
"332","2020-05-20",135,4,180,413,4625,0.673513513513514,0,0,414,609,2,7848,41,2576,NA,41
"333","2020-05-21",128,4,173,404,4625,0.673513513513514,0,0,414,609,3,7851,24,2600,1,24
"334","2020-05-22",125,4,159,384,4625,0.673513513513514,0,0,414,609,NA,NA,53,2653,NA,53
"335","2020-05-23",127,4,151,373,4625,0.673513513513514,0,0,414,609,2,7853,33,2686,1,33
"336","2020-05-24",127,4,150,365,4625,0.673513513513514,0,0,414,609,2,7855,71,2757,2,71
"337","2020-05-25",122,4,147,353,4625,0.673513513513514,0,0,414,609,2,7857,63,2820,1,63
"338","2020-05-26",123,4,160,335,4625,0.673513513513514,0,0,414,609,1,7858,28,2848,1,28
"339","2020-05-27",117,4,182,325,4625,0.673513513513514,0,0,414,609,3,7861,53,2901,1,53
"340","2020-05-28",111,4,202,303,4625,0.673513513513514,0,0,414,609,1,7862,26,2927,NA,26
"341","2020-05-29",108,4,183,310,4625,0.673513513513514,0,0,414,609,1,7863,25,2952,NA,25
"342","2020-05-30",106,4,160,298,4625,0.673513513513514,0,0,414,609,2,7865,22,2974,1,22
"343","2020-05-31",99,4,171,289,4625,0.673513513513514,0,0,414,609,1,7866,55,3029,NA,55
"344","2020-06-01",96,4,182,284,4625,0.673513513513514,0,0,414,609,4,7870,47,3076,NA,47
"345","2020-06-02",88,4,181,267,4625,0.673513513513514,0,0,414,609,1,7871,19,3095,NA,19
"346","2020-06-03",79,4,171,263,4625,0.673513513513514,0,0,414,609,NA,NA,11,3106,NA,11
"347","2020-06-04",77,4,191,245,4625,0.673513513513514,0,0,414,609,NA,NA,23,3129,NA,23
"348","2020-06-05",75,4,174,233,4625,0.673513513513514,0,0,414,609,1,7872,31,3160,NA,31
"349","2020-06-06",76,4,171,225,4625,0.673513513513514,0,0,414,609,2,7874,19,3179,NA,19
"350","2020-06-07",74,4,161,221,4625,0.673513513513514,0,0,414,609,1,7875,24,3203,NA,24
"351","2020-03-14",3,5,20,115,4180,0.450956937799043,0,0,403,555,13,45,20,69,3,20
"352","2020-03-15",6,5,25,157,4180,0.450956937799043,0,0,403,555,11,56,15,84,5,15
"353","2020-03-16",10,5,22,204,4180,0.450956937799043,0,0,403,555,14,70,14,98,9,14
"354","2020-03-17",14,5,28,250,4180,0.450956937799043,0,0,403,555,19,89,9,107,11,9
"355","2020-03-18",27,5,36,297,4180,0.450956937799043,0,0,403,555,19,108,14,121,8,14
"356","2020-03-19",45,5,39,338,4180,0.450956937799043,0,0,403,555,37,145,28,149,20,28
"357","2020-03-20",59,5,36,361,4180,0.450956937799043,0,0,403,555,30,175,20,169,13,20
"358","2020-03-21",76,5,43,407,4180,0.450956937799043,0,0,403,555,20,195,22,191,15,22
"359","2020-03-22",96,5,56,457,4180,0.450956937799043,0,0,403,555,30,225,13,204,18,13
"360","2020-03-23",106,5,69,494,4180,0.450956937799043,0,0,403,555,37,262,17,221,20,17
"361","2020-03-24",119,5,85,549,4180,0.450956937799043,0,0,403,555,34,296,24,245,19,24
"362","2020-03-25",125,5,102,578,4180,0.450956937799043,0,0,403,555,42,338,34,279,27,34
"363","2020-03-26",131,5,97,602,4180,0.450956937799043,0,0,403,555,36,374,52,331,24,52
"364","2020-03-27",151,5,93,622,4180,0.450956937799043,0,0,403,555,28,402,46,377,16,46
"365","2020-03-28",158,5,88,638,4180,0.450956937799043,0,0,403,555,48,450,47,424,29,47
"366","2020-03-29",161,5,83,641,4180,0.450956937799043,0,0,403,555,34,484,31,455,21,31
"367","2020-03-30",163,5,85,634,4180,0.450956937799043,0,0,403,555,30,514,20,475,21,20
"368","2020-03-31",167,5,91,653,4180,0.450956937799043,0,0,403,555,41,555,13,488,28,13
"369","2020-04-01",184,5,98,664,4180,0.450956937799043,0,0,403,555,35,590,22,510,20,22
"370","2020-04-02",181,5,104,688,4180,0.450956937799043,0,0,403,555,42,632,13,523,28,13
"371","2020-04-03",174,5,110,700,4180,0.450956937799043,0,0,403,555,40,672,22,545,26,22
"372","2020-04-04",165,5,100,710,4180,0.450956937799043,0,0,403,555,46,718,39,584,29,39
"373","2020-04-05",172,5,104,736,4180,0.450956937799043,0,0,403,555,41,759,45,629,23,45
"374","2020-04-06",187,5,106,732,4180,0.450956937799043,0,0,403,555,36,795,54,683,20,54
"375","2020-04-07",185,5,112,727,4180,0.450956937799043,0,0,403,555,55,850,54,737,35,54
"376","2020-04-08",183,5,118,725,4180,0.450956937799043,0,0,403,555,30,880,59,796,15,59
"377","2020-04-09",186,5,125,708,4180,0.450956937799043,0,0,403,555,43,923,48,844,22,48
"378","2020-04-10",189,5,116,712,4180,0.450956937799043,0,0,403,555,36,959,40,884,20,40
"379","2020-04-11",197,5,107,724,4180,0.450956937799043,0,0,403,555,36,995,17,901,16,17
"380","2020-04-12",186,5,106,704,4180,0.450956937799043,0,0,403,555,39,1034,32,933,26,32
"381","2020-04-13",192,5,109,699,4180,0.450956937799043,0,0,403,555,38,1072,44,977,23,44
"382","2020-04-14",196,5,121,700,4180,0.450956937799043,0,0,403,555,58,1130,36,1013,41,36
"383","2020-04-15",189,5,124,678,4180,0.450956937799043,0,0,403,555,46,1176,22,1035,24,22
"384","2020-04-16",198,5,122,665,4180,0.450956937799043,0,0,403,555,28,1204,25,1060,18,25
"385","2020-04-17",195,5,127,642,4180,0.450956937799043,0,0,403,555,28,1232,35,1095,15,35
"386","2020-04-18",205,5,141,619,4180,0.450956937799043,0,0,403,555,43,1275,32,1127,25,32
"387","2020-04-19",212,5,151,602,4180,0.450956937799043,0,0,403,555,34,1309,24,1151,21,24
"388","2020-04-20",200,5,153,589,4180,0.450956937799043,0,0,403,555,31,1340,19,1170,14,19
"389","2020-04-21",196,5,169,607,4180,0.450956937799043,0,0,403,555,38,1378,20,1190,18,20
"390","2020-04-22",200,5,185,602,4180,0.450956937799043,0,0,403,555,36,1414,27,1217,21,27
"391","2020-04-23",197,5,173,593,4180,0.450956937799043,0,0,403,555,45,1459,22,1239,28,22
"392","2020-04-24",199,5,143,574,4180,0.450956937799043,0,0,403,555,46,1505,19,1258,28,19
"393","2020-04-25",178,5,132,573,4180,0.450956937799043,0,0,403,555,42,1547,20,1278,25,20
"394","2020-04-26",182,5,128,575,4180,0.450956937799043,0,0,403,555,35,1582,47,1325,21,47
"395","2020-04-27",178,5,132,560,4180,0.450956937799043,0,0,403,555,29,1611,24,1349,19,24
"396","2020-04-28",188,5,134,574,4180,0.450956937799043,0,0,403,555,23,1634,29,1378,14,29
"397","2020-04-29",182,5,149,599,4180,0.450956937799043,0,0,403,555,41,1675,15,1393,25,15
"398","2020-04-30",173,5,150,596,4180,0.450956937799043,0,0,403,555,32,1707,23,1416,16,23
"399","2020-05-01",161,5,146,587,4180,0.450956937799043,0,0,403,555,45,1752,22,1438,32,22
"400","2020-05-02",174,5,141,568,4180,0.450956937799043,0,0,403,555,42,1794,13,1451,24,13
"401","2020-05-03",161,5,125,557,4180,0.450956937799043,0,0,403,555,40,1834,17,1468,24,17
"402","2020-05-04",162,5,140,548,4180,0.450956937799043,0,0,403,555,53,1887,17,1485,39,17
"403","2020-05-05",154,5,132,548,4180,0.450956937799043,0,0,403,555,42,1929,7,1492,23,7
"404","2020-05-06",150,5,134,551,4180,0.450956937799043,0,0,403,555,47,1976,23,1515,28,23
"405","2020-05-07",148,5,134,544,4180,0.450956937799043,0,0,403,555,44,2020,36,1551,27,36
"406","2020-05-08",154,5,147,544,4180,0.450956937799043,0,0,403,555,61,2081,59,1610,35,59
"407","2020-05-09",149,5,142,533,4180,0.450956937799043,0,0,403,555,43,2124,36,1646,32,36
"408","2020-05-10",157,5,134,519,4180,0.450956937799043,0,0,403,555,40,2164,25,1671,24,25
"409","2020-05-11",149,5,126,507,4180,0.450956937799043,0,0,403,555,35,2199,34,1705,30,34
"410","2020-05-12",151,5,131,502,4180,0.450956937799043,0,0,403,555,51,2250,22,1727,41,22
"411","2020-05-13",151,5,105,490,4180,0.450956937799043,0,0,403,555,50,2300,21,1748,36,21
"412","2020-05-14",153,5,102,486,4180,0.450956937799043,0,0,403,555,39,2339,17,1765,26,17
"413","2020-05-15",152,5,93,470,4180,0.450956937799043,0,0,403,555,28,2367,44,1809,19,44
"414","2020-05-16",143,5,88,464,4180,0.450956937799043,0,0,403,555,41,2408,47,1856,25,47
"415","2020-05-17",131,5,95,444,4180,0.450956937799043,0,0,403,555,34,2442,30,1886,18,30
"416","2020-05-18",129,5,93,432,4180,0.450956937799043,0,0,403,555,26,2468,23,1909,15,23
"417","2020-05-19",120,5,92,401,4180,0.450956937799043,0,0,403,555,27,2495,22,1931,16,22
"418","2020-05-20",113,5,87,368,4180,0.450956937799043,0,0,403,555,19,2514,19,1950,13,19
"419","2020-05-21",106,5,81,366,4180,0.450956937799043,0,0,403,555,33,2547,26,1976,18,26
"420","2020-05-22",109,5,93,363,4180,0.450956937799043,0,0,403,555,29,2576,39,2015,22,39
"421","2020-05-23",113,5,92,355,4180,0.450956937799043,0,0,403,555,24,2600,31,2046,21,31
"422","2020-05-24",114,5,95,361,4180,0.450956937799043,0,0,403,555,24,2624,24,2070,13,24
"423","2020-05-25",116,5,86,354,4180,0.450956937799043,0,0,403,555,20,2644,18,2088,10,18
"424","2020-05-26",126,5,87,340,4180,0.450956937799043,0,0,403,555,24,2668,23,2111,17,23
"425","2020-05-27",123,5,79,343,4180,0.450956937799043,0,0,403,555,19,2687,19,2130,14,19
"426","2020-05-28",123,5,75,327,4180,0.450956937799043,0,0,403,555,18,2705,19,2149,12,19
"427","2020-05-29",123,5,64,306,4180,0.450956937799043,0,0,403,555,24,2729,11,2160,19,11
"428","2020-05-30",118,5,69,295,4180,0.450956937799043,0,0,403,555,23,2752,24,2184,13,24
"429","2020-05-31",107,5,74,279,4180,0.450956937799043,0,0,403,555,14,2766,23,2207,9,23
"430","2020-06-01",108,5,86,278,4180,0.450956937799043,0,0,403,555,21,2787,11,2218,17,11
"431","2020-06-02",96,5,96,267,4180,0.450956937799043,0,0,403,555,21,2808,39,2257,12,39
"432","2020-06-03",97,5,97,255,4180,0.450956937799043,0,0,403,555,14,2822,40,2297,9,40
"433","2020-06-04",89,5,89,239,4180,0.450956937799043,0,0,403,555,26,2848,17,2314,19,17
"434","2020-06-05",76,5,90,224,4180,0.450956937799043,0,0,403,555,18,2866,18,2332,14,18
"435","2020-06-06",72,5,94,209,4180,0.450956937799043,0,0,403,555,16,2882,26,2358,11,26
"436","2020-06-07",76,5,88,197,4180,0.450956937799043,0,0,403,555,16,2898,31,2389,12,31
"437","2020-03-12",1,6,64,51,8085,0.905009276437848,0,0,774,1046,22,41,6,19,2,6
"438","2020-03-13",1,6,94,83,8085,0.905009276437848,0,0,774,1046,33,74,36,55,5,36
"439","2020-03-14",4,6,134,125,8085,0.905009276437848,0,0,774,1046,32,106,41,96,3,41
"440","2020-03-15",7,6,159,181,8085,0.905009276437848,0,0,774,1046,34,140,32,128,8,32
"441","2020-03-16",12,6,178,260,8085,0.905009276437848,0,0,774,1046,48,188,32,160,17,32
"442","2020-03-17",20,6,159,362,8085,0.905009276437848,0,0,774,1046,36,224,33,193,11,33
"443","2020-03-18",33,6,160,462,8085,0.905009276437848,0,0,774,1046,34,258,11,204,11,11
"444","2020-03-19",44,6,137,602,8085,0.905009276437848,0,0,774,1046,28,286,17,221,9,17
"445","2020-03-20",68,6,132,767,8085,0.905009276437848,0,0,774,1046,37,323,23,244,9,23
"446","2020-03-21",93,6,129,949,8085,0.905009276437848,0,0,774,1046,38,361,47,291,14,47
"447","2020-03-22",132,6,108,1165,8085,0.905009276437848,0,0,774,1046,35,396,36,327,17,36
"448","2020-03-23",162,6,99,1411,8085,0.905009276437848,0,0,774,1046,33,429,41,368,8,41
"449","2020-03-24",213,6,108,1655,8085,0.905009276437848,0,0,774,1046,43,472,42,410,21,42
"450","2020-03-25",268,6,118,1932,8085,0.905009276437848,0,0,774,1046,33,505,54,464,11,54
"451","2020-03-26",331,6,157,2155,8085,0.905009276437848,0,0,774,1046,39,544,22,486,9,22
"452","2020-03-27",383,6,152,2583,8085,0.905009276437848,0,0,774,1046,28,572,17,503,11,17
"453","2020-03-28",434,6,162,2829,8085,0.905009276437848,0,0,774,1046,44,616,22,525,8,22
"454","2020-03-29",503,6,174,3261,8085,0.905009276437848,0,0,774,1046,41,657,32,557,17,32
"455","2020-03-30",565,6,153,3564,8085,0.905009276437848,0,0,774,1046,58,715,19,576,23,19
"456","2020-03-31",645,6,201,3752,8085,0.905009276437848,0,0,774,1046,35,750,37,613,11,37
"457","2020-04-01",742,6,214,4020,8085,0.905009276437848,0,0,774,1046,55,805,18,631,24,18
"458","2020-04-02",830,6,226,4237,8085,0.905009276437848,0,0,774,1046,38,843,22,653,10,22
"459","2020-04-03",911,6,220,4352,8085,0.905009276437848,0,0,774,1046,46,889,36,689,19,36
"460","2020-04-04",1017,6,195,4380,8085,0.905009276437848,0,0,774,1046,43,932,15,704,13,15
"461","2020-04-05",1105,6,174,4303,8085,0.905009276437848,0,0,774,1046,47,979,50,754,20,50
"462","2020-04-06",1186,6,179,4148,8085,0.905009276437848,0,0,774,1046,43,1022,46,800,15,46
"463","2020-04-07",1223,6,153,3989,8085,0.905009276437848,0,0,774,1046,42,1064,33,833,8,33
"464","2020-04-08",1225,6,155,3727,8085,0.905009276437848,0,0,774,1046,52,1116,19,852,13,19
"465","2020-04-09",1218,6,185,3394,8085,0.905009276437848,0,0,774,1046,53,1169,43,895,19,43
"466","2020-04-10",1193,6,194,3016,8085,0.905009276437848,0,0,774,1046,46,1215,29,924,11,29
"467","2020-04-11",1153,6,187,2659,8085,0.905009276437848,0,0,774,1046,48,1263,42,966,8,42
"468","2020-04-12",1068,6,153,2317,8085,0.905009276437848,0,0,774,1046,49,1312,31,997,18,31
"469","2020-04-13",987,6,145,2004,8085,0.905009276437848,0,0,774,1046,40,1352,24,1021,15,24
"470","2020-04-14",897,6,146,1684,8085,0.905009276437848,0,0,774,1046,53,1405,33,1054,20,33
"471","2020-04-15",804,6,175,1382,8085,0.905009276437848,0,0,774,1046,26,1431,33,1087,5,33
"472","2020-04-16",701,6,173,1113,8085,0.905009276437848,0,0,774,1046,50,1481,18,1105,11,18
"473","2020-04-17",603,6,156,895,8085,0.905009276437848,0,0,774,1046,42,1523,14,1119,11,14
"474","2020-04-18",495,6,156,730,8085,0.905009276437848,0,0,774,1046,49,1572,21,1140,9,21
"475","2020-04-19",411,6,148,598,8085,0.905009276437848,0,0,774,1046,40,1612,33,1173,10,33
"476","2020-04-20",328,6,151,482,8085,0.905009276437848,0,0,774,1046,44,1656,26,1199,18,26
"477","2020-04-21",260,6,183,389,8085,0.905009276437848,0,0,774,1046,56,1712,43,1242,19,43
"478","2020-04-22",205,6,196,318,8085,0.905009276437848,0,0,774,1046,58,1770,42,1284,23,42
"479","2020-04-23",167,6,183,260,8085,0.905009276437848,0,0,774,1046,46,1816,43,1327,13,43
"480","2020-04-24",141,6,205,223,8085,0.905009276437848,0,0,774,1046,47,1863,30,1357,15,30
"481","2020-04-25",114,6,198,195,8085,0.905009276437848,0,0,774,1046,44,1907,58,1415,9,58
"482","2020-04-26",90,6,189,158,8085,0.905009276437848,0,0,774,1046,43,1950,37,1452,14,37
"483","2020-04-27",81,6,180,139,8085,0.905009276437848,0,0,774,1046,31,1981,18,1470,8,18
"484","2020-04-28",68,6,176,111,8085,0.905009276437848,0,0,774,1046,38,2019,29,1499,11,29
"485","2020-04-29",51,6,207,95,8085,0.905009276437848,0,0,774,1046,36,2055,50,1549,12,50
"486","2020-04-30",41,6,221,78,8085,0.905009276437848,0,0,774,1046,43,2098,50,1599,12,50
"487","2020-05-01",37,6,209,71,8085,0.905009276437848,0,0,774,1046,42,2140,44,1643,19,44
"488","2020-05-02",30,6,181,66,8085,0.905009276437848,0,0,774,1046,54,2194,55,1698,18,55
"489","2020-05-03",27,6,171,56,8085,0.905009276437848,0,0,774,1046,41,2235,33,1731,15,33
"490","2020-05-04",23,6,164,52,8085,0.905009276437848,0,0,774,1046,36,2271,45,1776,8,45
"491","2020-05-05",20,6,190,44,8085,0.905009276437848,0,0,774,1046,38,2309,41,1817,15,41
"492","2020-05-06",20,6,193,41,8085,0.905009276437848,0,0,774,1046,35,2344,31,1848,11,31
"493","2020-05-07",15,6,161,38,8085,0.905009276437848,0,0,774,1046,32,2376,11,1859,5,11
"494","2020-05-08",13,6,167,36,8085,0.905009276437848,0,0,774,1046,30,2406,20,1879,11,20
"495","2020-05-09",10,6,130,33,8085,0.905009276437848,0,0,774,1046,55,2461,40,1919,13,40
"496","2020-05-10",9,6,115,32,8085,0.905009276437848,0,0,774,1046,32,2493,26,1945,6,26
"497","2020-05-11",12,6,177,29,8085,0.905009276437848,0,0,774,1046,32,2525,31,1976,3,31
"498","2020-05-12",10,6,198,27,8085,0.905009276437848,0,0,774,1046,33,2558,26,2002,9,26
"499","2020-05-13",8,6,207,28,8085,0.905009276437848,0,0,774,1046,35,2593,25,2027,7,25
"500","2020-05-14",9,6,199,26,8085,0.905009276437848,0,0,774,1046,34,2627,7,2034,7,7
"501","2020-05-15",8,6,207,28,8085,0.905009276437848,0,0,774,1046,31,2658,45,2079,5,45
"502","2020-05-16",8,6,203,26,8085,0.905009276437848,0,0,774,1046,29,2687,33,2112,9,33
"503","2020-05-17",8,6,180,23,8085,0.905009276437848,0,0,774,1046,25,2712,28,2140,4,28
"504","2020-05-18",5,6,170,21,8085,0.905009276437848,0,0,774,1046,32,2744,36,2176,9,36
"505","2020-05-19",6,6,201,21,8085,0.905009276437848,0,0,774,1046,31,2775,31,2207,6,31
"506","2020-05-20",7,6,200,23,8085,0.905009276437848,0,0,774,1046,31,2806,42,2249,11,42
"507","2020-05-21",7,6,209,25,8085,0.905009276437848,0,0,774,1046,30,2836,33,2282,10,33
"508","2020-05-22",7,6,168,26,8085,0.905009276437848,0,0,774,1046,31,2867,21,2303,10,21
"509","2020-05-23",7,6,149,28,8085,0.905009276437848,0,0,774,1046,30,2897,27,2330,9,27
"510","2020-05-24",7,6,134,31,8085,0.905009276437848,0,0,774,1046,25,2922,57,2387,8,57
"511","2020-05-25",7,6,119,31,8085,0.905009276437848,0,0,774,1046,26,2948,41,2428,10,41
"512","2020-05-26",6,6,109,26,8085,0.905009276437848,0,0,774,1046,21,2969,39,2467,4,39
"513","2020-05-27",6,6,147,20,8085,0.905009276437848,0,0,774,1046,16,2985,30,2497,4,30
"514","2020-05-28",6,6,134,20,8085,0.905009276437848,0,0,774,1046,13,2998,23,2520,3,23
"515","2020-05-29",6,6,133,19,8085,0.905009276437848,0,0,774,1046,20,3018,14,2534,4,14
"516","2020-05-30",6,6,164,16,8085,0.905009276437848,0,0,774,1046,20,3038,35,2569,2,35
"517","2020-05-31",5,6,175,16,8085,0.905009276437848,0,0,774,1046,26,3064,47,2616,6,47
"518","2020-06-01",4,6,200,15,8085,0.905009276437848,0,0,774,1046,17,3081,27,2643,4,27
"519","2020-06-02",4,6,174,14,8085,0.905009276437848,0,0,774,1046,23,3104,43,2686,7,43
"520","2020-06-03",3,6,157,13,8085,0.905009276437848,0,0,774,1046,11,3115,42,2728,1,42
"521","2020-06-04",2,6,153,13,8085,0.905009276437848,0,0,774,1046,13,3128,23,2751,4,23
"522","2020-06-05",2,6,145,12,8085,0.905009276437848,0,0,774,1046,14,3142,18,2769,4,18
"523","2020-06-06",3,6,152,10,8085,0.905009276437848,0,0,774,1046,20,3162,26,2795,7,26
"524","2020-06-07",2,6,143,9,8085,0.905009276437848,0,0,774,1046,12,3174,28,2823,6,28
"525","2020-03-14",5,7,41,184,5333,0.286892930808176,0,0,439,367,16,52,12,89,5,12
"526","2020-03-15",9,7,54,248,5333,0.286892930808176,0,0,439,367,21,73,3,92,8,3
"527","2020-03-16",24,7,67,316,5333,0.286892930808176,0,0,439,367,24,97,4,96,11,4
"528","2020-03-17",36,7,68,377,5333,0.286892930808176,0,0,439,367,24,121,3,99,9,3
"529","2020-03-18",50,7,77,435,5333,0.286892930808176,0,0,439,367,22,143,9,108,12,9
"530","2020-03-19",63,7,77,482,5333,0.286892930808176,0,0,439,367,25,168,36,144,10,36
"531","2020-03-20",77,7,83,536,5333,0.286892930808176,0,0,439,367,38,206,16,160,22,16
"532","2020-03-21",93,7,89,596,5333,0.286892930808176,0,0,439,367,35,241,15,175,21,15
"533","2020-03-22",114,7,88,649,5333,0.286892930808176,0,0,439,367,23,264,18,193,10,18
"534","2020-03-23",123,7,98,684,5333,0.286892930808176,0,0,439,367,26,290,42,235,16,42
"535","2020-03-24",134,7,105,713,5333,0.286892930808176,0,0,439,367,29,319,18,253,18,18
"536","2020-03-25",146,7,115,722,5333,0.286892930808176,0,0,439,367,35,354,12,265,20,12
"537","2020-03-26",167,7,112,737,5333,0.286892930808176,0,0,439,367,31,385,14,279,19,14
"538","2020-03-27",183,7,124,750,5333,0.286892930808176,0,0,439,367,51,436,36,315,33,36
"539","2020-03-28",193,7,113,774,5333,0.286892930808176,0,0,439,367,33,469,39,354,27,39
"540","2020-03-29",206,7,98,780,5333,0.286892930808176,0,0,439,367,31,500,26,380,21,26
"541","2020-03-30",225,7,86,789,5333,0.286892930808176,0,0,439,367,38,538,21,401,26,21
"542","2020-03-31",237,7,91,779,5333,0.286892930808176,0,0,439,367,26,564,37,438,15,37
"543","2020-04-01",244,7,107,784,5333,0.286892930808176,0,0,439,367,47,611,24,462,30,24
"544","2020-04-02",243,7,90,798,5333,0.286892930808176,0,0,439,367,31,642,17,479,16,17
"545","2020-04-03",240,7,87,796,5333,0.286892930808176,0,0,439,367,43,685,10,489,28,10
"546","2020-04-04",237,7,90,807,5333,0.286892930808176,0,0,439,367,30,715,24,513,17,24
"547","2020-04-05",227,7,99,827,5333,0.286892930808176,0,0,439,367,32,747,49,562,23,49
"548","2020-04-06",208,7,104,823,5333,0.286892930808176,0,0,439,367,38,785,23,585,25,23
"549","2020-04-07",209,7,103,841,5333,0.286892930808176,0,0,439,367,33,818,32,617,25,32
"550","2020-04-08",211,7,107,841,5333,0.286892930808176,0,0,439,367,39,857,40,657,27,40
"551","2020-04-09",209,7,102,871,5333,0.286892930808176,0,0,439,367,38,895,17,674,27,17
"552","2020-04-10",214,7,118,882,5333,0.286892930808176,0,0,439,367,34,929,38,712,17,38
"553","2020-04-11",218,7,121,902,5333,0.286892930808176,0,0,439,367,52,981,23,735,28,23
"554","2020-04-12",217,7,119,896,5333,0.286892930808176,0,0,439,367,41,1022,34,769,26,34
"555","2020-04-13",236,7,108,880,5333,0.286892930808176,0,0,439,367,41,1063,24,793,24,24
"556","2020-04-14",234,7,113,907,5333,0.286892930808176,0,0,439,367,41,1104,26,819,19,26
"557","2020-04-15",231,7,114,918,5333,0.286892930808176,0,0,439,367,46,1150,45,864,30,45
"558","2020-04-16",246,7,115,923,5333,0.286892930808176,0,0,439,367,48,1198,20,884,28,20
"559","2020-04-17",249,7,123,913,5333,0.286892930808176,0,0,439,367,29,1227,20,904,16,20
"560","2020-04-18",251,7,114,902,5333,0.286892930808176,0,0,439,367,35,1262,27,931,25,27
"561","2020-04-19",262,7,109,881,5333,0.286892930808176,0,0,439,367,49,1311,24,955,31,24
"562","2020-04-20",266,7,104,872,5333,0.286892930808176,0,0,439,367,37,1348,22,977,26,22
"563","2020-04-21",267,7,107,878,5333,0.286892930808176,0,0,439,367,47,1395,21,998,33,21
"564","2020-04-22",270,7,110,893,5333,0.286892930808176,0,0,439,367,34,1429,36,1034,24,36
"565","2020-04-23",262,7,107,895,5333,0.286892930808176,0,0,439,367,48,1477,34,1068,28,34
"566","2020-04-24",260,7,142,870,5333,0.286892930808176,0,0,439,367,45,1522,13,1081,32,13
"567","2020-04-25",267,7,147,834,5333,0.286892930808176,0,0,439,367,35,1557,15,1096,24,15
"568","2020-04-26",258,7,150,823,5333,0.286892930808176,0,0,439,367,51,1608,11,1107,32,11
"569","2020-04-27",248,7,138,811,5333,0.286892930808176,0,0,439,367,38,1646,11,1118,22,11
"570","2020-04-28",250,7,155,780,5333,0.286892930808176,0,0,439,367,38,1684,5,1123,28,5
"571","2020-04-29",240,7,148,783,5333,0.286892930808176,0,0,439,367,41,1725,3,1126,26,3
"572","2020-04-30",229,7,168,762,5333,0.286892930808176,0,0,439,367,42,1767,22,1148,26,22
"573","2020-05-01",237,7,180,767,5333,0.286892930808176,0,0,439,367,50,1817,45,1193,32,45
"574","2020-05-02",230,7,193,743,5333,0.286892930808176,0,0,439,367,42,1859,59,1252,29,59
"575","2020-05-03",239,7,187,732,5333,0.286892930808176,0,0,439,367,50,1909,32,1284,25,32
"576","2020-05-04",220,7,200,730,5333,0.286892930808176,0,0,439,367,62,1971,12,1296,41,12
"577","2020-05-05",215,7,200,702,5333,0.286892930808176,0,0,439,367,38,2009,7,1303,23,7
"578","2020-05-06",217,7,211,687,5333,0.286892930808176,0,0,439,367,33,2042,12,1315,23,12
"579","2020-05-07",215,7,212,657,5333,0.286892930808176,0,0,439,367,46,2088,57,1372,33,57
"580","2020-05-08",195,7,202,651,5333,0.286892930808176,0,0,439,367,32,2120,55,1427,16,55
"581","2020-05-09",176,7,205,632,5333,0.286892930808176,0,0,439,367,43,2163,61,1488,27,61
"582","2020-05-10",172,7,188,612,5333,0.286892930808176,0,0,439,367,52,2215,30,1518,32,30
"583","2020-05-11",165,7,184,591,5333,0.286892930808176,0,0,439,367,35,2250,22,1540,20,22
"584","2020-05-12",168,7,164,575,5333,0.286892930808176,0,0,439,367,39,2289,31,1571,22,31
"585","2020-05-13",162,7,155,562,5333,0.286892930808176,0,0,439,367,46,2335,46,1617,28,46
"586","2020-05-14",157,7,147,537,5333,0.286892930808176,0,0,439,367,30,2365,36,1653,13,36
"587","2020-05-15",159,7,139,519,5333,0.286892930808176,0,0,439,367,40,2405,33,1686,31,33
"588","2020-05-16",160,7,133,511,5333,0.286892930808176,0,0,439,367,26,2431,38,1724,23,38
"589","2020-05-17",146,7,109,490,5333,0.286892930808176,0,0,439,367,38,2469,53,1777,27,53
"590","2020-05-18",153,7,103,459,5333,0.286892930808176,0,0,439,367,29,2498,46,1823,20,46
"591","2020-05-19",132,7,115,452,5333,0.286892930808176,0,0,439,367,19,2517,23,1846,13,23
"592","2020-05-20",123,7,121,434,5333,0.286892930808176,0,0,439,367,28,2545,42,1888,22,42
"593","2020-05-21",129,7,125,417,5333,0.286892930808176,0,0,439,367,35,2580,32,1920,26,32
"594","2020-05-22",122,7,120,396,5333,0.286892930808176,0,0,439,367,24,2604,52,1972,18,52
"595","2020-05-23",123,7,110,384,5333,0.286892930808176,0,0,439,367,18,2622,25,1997,15,25
"596","2020-05-24",115,7,89,368,5333,0.286892930808176,0,0,439,367,31,2653,28,2025,16,28
"597","2020-05-25",114,7,82,351,5333,0.286892930808176,0,0,439,367,28,2681,20,2045,18,20
"598","2020-05-26",118,7,89,356,5333,0.286892930808176,0,0,439,367,24,2705,14,2059,12,14
"599","2020-05-27",119,7,99,353,5333,0.286892930808176,0,0,439,367,23,2728,10,2069,14,10
"600","2020-05-28",112,7,98,331,5333,0.286892930808176,0,0,439,367,19,2747,17,2086,12,17
"601","2020-05-29",111,7,109,315,5333,0.286892930808176,0,0,439,367,25,2772,34,2120,13,34
"602","2020-05-30",109,7,117,303,5333,0.286892930808176,0,0,439,367,25,2797,18,2138,14,18
"603","2020-05-31",112,7,113,289,5333,0.286892930808176,0,0,439,367,28,2825,29,2167,20,29
"604","2020-06-01",105,7,108,284,5333,0.286892930808176,0,0,439,367,18,2843,22,2189,14,22
"605","2020-06-02",98,7,112,265,5333,0.286892930808176,0,0,439,367,18,2861,15,2204,11,15
"606","2020-06-03",93,7,106,251,5333,0.286892930808176,0,0,439,367,13,2874,14,2218,9,14
"607","2020-06-04",85,7,104,242,5333,0.286892930808176,0,0,439,367,11,2885,24,2242,9,24
"608","2020-06-05",78,7,100,232,5333,0.286892930808176,0,0,439,367,14,2899,24,2266,8,24
"609","2020-06-06",71,7,89,217,5333,0.286892930808176,0,0,439,367,20,2919,19,2285,14,19
"610","2020-06-07",63,7,78,213,5333,0.286892930808176,0,0,439,367,17,2936,35,2320,12,35
"611","2020-03-13",1,8,82,85,4667,0.385686736661667,0,0,398,993,32,76,18,50,3,18
"612","2020-03-14",4,8,102,136,4667,0.385686736661667,0,0,398,993,21,97,15,65,3,15
"613","2020-03-15",9,8,102,173,4667,0.385686736661667,0,0,398,993,22,119,18,83,5,18
"614","2020-03-16",15,8,118,215,4667,0.385686736661667,0,0,398,993,19,138,25,108,2,25
"615","2020-03-17",24,8,118,262,4667,0.385686736661667,0,0,398,993,34,172,23,131,9,23
"616","2020-03-18",31,8,127,308,4667,0.385686736661667,0,0,398,993,47,219,13,144,7,13
"617","2020-03-19",41,8,132,356,4667,0.385686736661667,0,0,398,993,29,248,27,171,10,27
"618","2020-03-20",48,8,162,401,4667,0.385686736661667,0,0,398,993,37,285,26,197,8,26
"619","2020-03-21",64,8,195,444,4667,0.385686736661667,0,0,398,993,29,314,26,223,8,26
"620","2020-03-22",81,8,240,492,4667,0.385686736661667,0,0,398,993,45,359,26,249,18,26
"621","2020-03-23",95,8,256,519,4667,0.385686736661667,0,0,398,993,25,384,33,282,9,33
"622","2020-03-24",109,8,269,544,4667,0.385686736661667,0,0,398,993,37,421,20,302,16,20
"623","2020-03-25",132,8,236,583,4667,0.385686736661667,0,0,398,993,40,461,26,328,9,26
"624","2020-03-26",145,8,217,606,4667,0.385686736661667,0,0,398,993,43,504,32,360,13,32
"625","2020-03-27",159,8,227,610,4667,0.385686736661667,0,0,398,993,41,545,34,394,11,34
"626","2020-03-28",166,8,220,622,4667,0.385686736661667,0,0,398,993,49,594,44,438,12,44
"627","2020-03-29",161,8,256,634,4667,0.385686736661667,0,0,398,993,38,632,34,472,5,34
"628","2020-03-30",169,8,279,659,4667,0.385686736661667,0,0,398,993,40,672,50,522,12,50
"629","2020-03-31",169,8,278,673,4667,0.385686736661667,0,0,398,993,43,715,50,572,13,50
"630","2020-04-01",161,8,295,673,4667,0.385686736661667,0,0,398,993,46,761,32,604,12,32
"631","2020-04-02",170,8,307,694,4667,0.385686736661667,0,0,398,993,52,813,44,648,16,44
"632","2020-04-03",170,8,339,696,4667,0.385686736661667,0,0,398,993,35,848,40,688,12,40
"633","2020-04-04",173,8,286,700,4667,0.385686736661667,0,0,398,993,45,893,34,722,10,34
"634","2020-04-05",186,8,268,700,4667,0.385686736661667,0,0,398,993,33,926,37,759,5,37
"635","2020-04-06",187,8,255,711,4667,0.385686736661667,0,0,398,993,42,968,39,798,10,39
"636","2020-04-07",192,8,257,701,4667,0.385686736661667,0,0,398,993,38,1006,53,851,10,53
"637","2020-04-08",189,8,248,707,4667,0.385686736661667,0,0,398,993,45,1051,21,872,10,21
"638","2020-04-09",193,8,220,719,4667,0.385686736661667,0,0,398,993,61,1112,16,888,16,16
"639","2020-04-10",200,8,219,730,4667,0.385686736661667,0,0,398,993,37,1149,14,902,11,14
"640","2020-04-11",201,8,231,726,4667,0.385686736661667,0,0,398,993,41,1190,26,928,13,26
"641","2020-04-12",206,8,223,724,4667,0.385686736661667,0,0,398,993,44,1234,44,972,18,44
"642","2020-04-13",211,8,256,720,4667,0.385686736661667,0,0,398,993,41,1275,27,999,15,27
"643","2020-04-14",218,8,246,721,4667,0.385686736661667,0,0,398,993,39,1314,21,1020,9,21
"644","2020-04-15",228,8,271,718,4667,0.385686736661667,0,0,398,993,59,1373,29,1049,17,29
"645","2020-04-16",215,8,253,720,4667,0.385686736661667,0,0,398,993,46,1419,43,1092,12,43
"646","2020-04-17",206,8,271,717,4667,0.385686736661667,0,0,398,993,52,1471,33,1125,16,33
"647","2020-04-18",205,8,261,706,4667,0.385686736661667,0,0,398,993,45,1516,25,1150,6,25
"648","2020-04-19",200,8,255,695,4667,0.385686736661667,0,0,398,993,47,1563,31,1181,13,31
"649","2020-04-20",194,8,256,702,4667,0.385686736661667,0,0,398,993,49,1612,44,1225,10,44
"650","2020-04-21",186,8,253,693,4667,0.385686736661667,0,0,398,993,50,1662,50,1275,16,50
"651","2020-04-22",180,8,289,701,4667,0.385686736661667,0,0,398,993,40,1702,57,1332,5,57
"652","2020-04-23",187,8,274,693,4667,0.385686736661667,0,0,398,993,35,1737,48,1380,8,48
"653","2020-04-24",190,8,272,691,4667,0.385686736661667,0,0,398,993,44,1781,31,1411,10,31
"654","2020-04-25",183,8,268,685,4667,0.385686736661667,0,0,398,993,46,1827,19,1430,16,19
"655","2020-04-26",195,8,263,689,4667,0.385686736661667,0,0,398,993,47,1874,19,1449,14,19
"656","2020-04-27",193,8,249,697,4667,0.385686736661667,0,0,398,993,52,1926,16,1465,11,16
"657","2020-04-28",197,8,236,693,4667,0.385686736661667,0,0,398,993,40,1966,21,1486,11,21
"658","2020-04-29",199,8,228,689,4667,0.385686736661667,0,0,398,993,36,2002,17,1503,8,17
"659","2020-04-30",192,8,249,702,4667,0.385686736661667,0,0,398,993,49,2051,36,1539,14,36
"660","2020-05-01",199,8,276,688,4667,0.385686736661667,0,0,398,993,50,2101,26,1565,15,26
"661","2020-05-02",198,8,291,663,4667,0.385686736661667,0,0,398,993,37,2138,9,1574,16,9
"662","2020-05-03",188,8,319,663,4667,0.385686736661667,0,0,398,993,40,2178,20,1594,11,20
"663","2020-05-04",185,8,309,668,4667,0.385686736661667,0,0,398,993,49,2227,10,1604,16,10
"664","2020-05-05",176,8,291,656,4667,0.385686736661667,0,0,398,993,33,2260,13,1617,12,13
"665","2020-05-06",177,8,290,659,4667,0.385686736661667,0,0,398,993,48,2308,10,1627,18,10
"666","2020-05-07",179,8,315,638,4667,0.385686736661667,0,0,398,993,42,2350,15,1642,12,15
"667","2020-05-08",173,8,310,616,4667,0.385686736661667,0,0,398,993,31,2381,45,1687,8,45
"668","2020-05-09",187,8,288,602,4667,0.385686736661667,0,0,398,993,28,2409,28,1715,7,28
"669","2020-05-10",175,8,269,583,4667,0.385686736661667,0,0,398,993,31,2440,13,1728,9,13
"670","2020-05-11",177,8,266,576,4667,0.385686736661667,0,0,398,993,42,2482,15,1743,14,15
"671","2020-05-12",179,8,253,566,4667,0.385686736661667,0,0,398,993,35,2517,13,1756,6,13
"672","2020-05-13",173,8,250,561,4667,0.385686736661667,0,0,398,993,35,2552,5,1761,14,5
"673","2020-05-14",171,8,237,541,4667,0.385686736661667,0,0,398,993,34,2586,9,1770,14,9
"674","2020-05-15",170,8,244,539,4667,0.385686736661667,0,0,398,993,45,2631,13,1783,14,13
"675","2020-05-16",161,8,254,527,4667,0.385686736661667,0,0,398,993,34,2665,41,1824,8,41
"676","2020-05-17",160,8,283,520,4667,0.385686736661667,0,0,398,993,39,2704,32,1856,13,32
"677","2020-05-18",154,8,278,514,4667,0.385686736661667,0,0,398,993,30,2734,22,1878,11,22
"678","2020-05-19",150,8,282,504,4667,0.385686736661667,0,0,398,993,25,2759,10,1888,8,10
"679","2020-05-20",150,8,274,501,4667,0.385686736661667,0,0,398,993,27,2786,38,1926,10,38
"680","2020-05-21",141,8,290,479,4667,0.385686736661667,0,0,398,993,22,2808,31,1957,9,31
"681","2020-05-22",138,8,297,461,4667,0.385686736661667,0,0,398,993,22,2830,18,1975,5,18
"682","2020-05-23",132,8,305,461,4667,0.385686736661667,0,0,398,993,22,2852,25,2000,4,25
"683","2020-05-24",133,8,300,427,4667,0.385686736661667,0,0,398,993,33,2885,35,2035,7,35
"684","2020-05-25",133,8,278,412,4667,0.385686736661667,0,0,398,993,23,2908,14,2049,7,14
"685","2020-05-26",130,8,269,403,4667,0.385686736661667,0,0,398,993,25,2933,12,2061,4,12
"686","2020-05-27",130,8,261,393,4667,0.385686736661667,0,0,398,993,24,2957,20,2081,9,20
"687","2020-05-28",129,8,254,386,4667,0.385686736661667,0,0,398,993,23,2980,15,2096,7,15
"688","2020-05-29",121,8,231,375,4667,0.385686736661667,0,0,398,993,17,2997,25,2121,7,25
"689","2020-05-30",112,8,215,352,4667,0.385686736661667,0,0,398,993,23,3020,32,2153,3,32
"690","2020-05-31",107,8,219,339,4667,0.385686736661667,0,0,398,993,16,3036,23,2176,4,23
"691","2020-06-01",98,8,219,319,4667,0.385686736661667,0,0,398,993,16,3052,15,2191,4,15
"692","2020-06-02",89,8,230,301,4667,0.385686736661667,0,0,398,993,16,3068,17,2208,5,17
"693","2020-06-03",83,8,214,288,4667,0.385686736661667,0,0,398,993,13,3081,28,2236,4,28
"694","2020-06-04",89,8,218,267,4667,0.385686736661667,0,0,398,993,12,3093,12,2248,5,12
"695","2020-06-05",84,8,224,246,4667,0.385686736661667,0,0,398,993,12,3105,10,2258,6,10
"696","2020-06-06",82,8,213,231,4667,0.385686736661667,0,0,398,993,18,3123,8,2266,6,8
"697","2020-06-07",77,8,224,213,4667,0.385686736661667,0,0,398,993,13,3136,25,2291,4,25
"698","2020-03-16",1,9,73,86,7493,0.963699452822634,0,0,690,696,23,81,41,188,12,41
"699","2020-03-17",3,9,71,114,7493,0.963699452822634,0,0,690,696,22,103,14,202,17,14
"700","2020-03-18",6,9,70,148,7493,0.963699452822634,0,0,690,696,31,134,13,215,22,13
"701","2020-03-19",12,9,57,202,7493,0.963699452822634,0,0,690,696,24,158,21,236,20,21
"702","2020-03-20",18,9,72,241,7493,0.963699452822634,0,0,690,696,17,175,50,286,17,50
"703","2020-03-21",24,9,70,303,7493,0.963699452822634,0,0,690,696,19,194,72,358,18,72
"704","2020-03-22",35,9,77,370,7493,0.963699452822634,0,0,690,696,36,230,27,385,28,27
"705","2020-03-23",45,9,108,464,7493,0.963699452822634,0,0,690,696,40,270,38,423,34,38
"706","2020-03-24",66,9,138,581,7493,0.963699452822634,0,0,690,696,41,311,22,445,39,22
"707","2020-03-25",76,9,122,696,7493,0.963699452822634,0,0,690,696,30,341,14,459,25,14
"708","2020-03-26",98,9,145,810,7493,0.963699452822634,0,0,690,696,44,385,29,488,35,29
"709","2020-03-27",129,9,144,967,7493,0.963699452822634,0,0,690,696,28,413,27,515,25,27
"710","2020-03-28",160,9,169,1134,7493,0.963699452822634,0,0,690,696,38,451,26,541,34,26
"711","2020-03-29",191,9,157,1321,7493,0.963699452822634,0,0,690,696,44,495,50,591,39,50
"712","2020-03-30",233,9,152,1628,7493,0.963699452822634,0,0,690,696,48,543,29,620,40,29
"713","2020-03-31",282,9,137,1827,7493,0.963699452822634,0,0,690,696,62,605,35,655,53,35
"714","2020-04-01",330,9,134,2060,7493,0.963699452822634,0,0,690,696,61,666,50,705,49,50
"715","2020-04-02",389,9,158,2361,7493,0.963699452822634,0,0,690,696,72,738,26,731,61,26
"716","2020-04-03",431,9,169,2583,7493,0.963699452822634,0,0,690,696,58,796,20,751,52,20
"717","2020-04-04",491,9,197,2819,7493,0.963699452822634,0,0,690,696,76,872,45,796,65,45
"718","2020-04-05",553,9,169,3153,7493,0.963699452822634,0,0,690,696,71,943,23,819,60,23
"719","2020-04-06",614,9,169,3357,7493,0.963699452822634,0,0,690,696,74,1017,50,869,67,50
"720","2020-04-07",679,9,164,3481,7493,0.963699452822634,0,0,690,696,60,1077,58,927,54,58
"721","2020-04-08",758,9,171,3612,7493,0.963699452822634,0,0,690,696,92,1169,42,969,88,42
"722","2020-04-09",818,9,167,3701,7493,0.963699452822634,0,0,690,696,86,1255,19,988,79,19
"723","2020-04-10",908,9,155,3805,7493,0.963699452822634,0,0,690,696,78,1333,17,1005,73,17
"724","2020-04-11",960,9,131,3710,7493,0.963699452822634,0,0,690,696,64,1397,21,1026,59,21
"725","2020-04-12",1009,9,162,3599,7493,0.963699452822634,0,0,690,696,83,1480,9,1035,70,9
"726","2020-04-13",1036,9,166,3473,7493,0.963699452822634,0,0,690,696,86,1566,15,1050,79,15
"727","2020-04-14",1024,9,174,3233,7493,0.963699452822634,0,0,690,696,73,1639,50,1100,71,50
"728","2020-04-15",1031,9,196,3011,7493,0.963699452822634,0,0,690,696,97,1736,29,1129,91,29
"729","2020-04-16",1027,9,214,2778,7493,0.963699452822634,0,0,690,696,78,1814,23,1152,72,23
"730","2020-04-17",969,9,193,2513,7493,0.963699452822634,0,0,690,696,80,1894,20,1172,73,20
"731","2020-04-18",915,9,182,2165,7493,0.963699452822634,0,0,690,696,88,1982,19,1191,76,19
"732","2020-04-19",861,9,174,1867,7493,0.963699452822634,0,0,690,696,58,2040,10,1201,54,10
"733","2020-04-20",796,9,208,1618,7493,0.963699452822634,0,0,690,696,65,2105,12,1213,60,12
"734","2020-04-21",736,9,247,1384,7493,0.963699452822634,0,0,690,696,66,2171,11,1224,63,11
"735","2020-04-22",636,9,258,1188,7493,0.963699452822634,0,0,690,696,85,2256,7,1231,76,7
"736","2020-04-23",538,9,242,1005,7493,0.963699452822634,0,0,690,696,74,2330,12,1243,66,12
"737","2020-04-24",468,9,218,856,7493,0.963699452822634,0,0,690,696,76,2406,37,1280,63,37
"738","2020-04-25",407,9,190,726,7493,0.963699452822634,0,0,690,696,64,2470,36,1316,59,36
"739","2020-04-26",333,9,175,617,7493,0.963699452822634,0,0,690,696,65,2535,25,1341,53,25
"740","2020-04-27",278,9,168,501,7493,0.963699452822634,0,0,690,696,78,2613,13,1354,71,13
"741","2020-04-28",230,9,162,405,7493,0.963699452822634,0,0,690,696,61,2674,13,1367,55,13
"742","2020-04-29",196,9,217,339,7493,0.963699452822634,0,0,690,696,52,2726,5,1372,48,5
"743","2020-04-30",168,9,248,286,7493,0.963699452822634,0,0,690,696,60,2786,2,1374,55,2
"744","2020-05-01",142,9,233,237,7493,0.963699452822634,0,0,690,696,61,2847,NA,NA,53,NA
"745","2020-05-02",118,9,213,207,7493,0.963699452822634,0,0,690,696,61,2908,4,1378,57,4
"746","2020-05-03",101,9,224,180,7493,0.963699452822634,0,0,690,696,44,2952,24,1402,42,24
"747","2020-05-04",86,9,208,160,7493,0.963699452822634,0,0,690,696,48,3000,23,1425,42,23
"748","2020-05-05",75,9,180,143,7493,0.963699452822634,0,0,690,696,53,3053,55,1480,45,55
"749","2020-05-06",65,9,175,118,7493,0.963699452822634,0,0,690,696,50,3103,64,1544,42,64
"750","2020-05-07",52,9,201,100,7493,0.963699452822634,0,0,690,696,58,3161,55,1599,57,55
"751","2020-05-08",39,9,245,89,7493,0.963699452822634,0,0,690,696,73,3234,34,1633,67,34
"752","2020-05-09",34,9,262,82,7493,0.963699452822634,0,0,690,696,62,3296,23,1656,59,23
"753","2020-05-10",28,9,263,70,7493,0.963699452822634,0,0,690,696,62,3358,14,1670,53,14
"754","2020-05-11",26,9,289,63,7493,0.963699452822634,0,0,690,696,57,3415,21,1691,50,21
"755","2020-05-12",21,9,326,60,7493,0.963699452822634,0,0,690,696,66,3481,38,1729,62,38
"756","2020-05-13",19,9,321,55,7493,0.963699452822634,0,0,690,696,58,3539,21,1750,54,21
"757","2020-05-14",16,9,306,51,7493,0.963699452822634,0,0,690,696,46,3585,59,1809,44,59
"758","2020-05-15",15,9,279,46,7493,0.963699452822634,0,0,690,696,44,3629,41,1850,37,41
"759","2020-05-16",13,9,251,42,7493,0.963699452822634,0,0,690,696,33,3662,19,1869,29,19
"760","2020-05-17",14,9,224,43,7493,0.963699452822634,0,0,690,696,50,3712,25,1894,47,25
"761","2020-05-18",14,9,225,39,7493,0.963699452822634,0,0,690,696,47,3759,41,1935,43,41
"762","2020-05-19",14,9,243,41,7493,0.963699452822634,0,0,690,696,35,3794,59,1994,34,59
"763","2020-05-20",14,9,259,38,7493,0.963699452822634,0,0,690,696,44,3838,52,2046,39,52
"764","2020-05-21",15,9,263,35,7493,0.963699452822634,0,0,690,696,35,3873,44,2090,30,44
"765","2020-05-22",15,9,246,31,7493,0.963699452822634,0,0,690,696,49,3922,45,2135,45,45
"766","2020-05-23",13,9,210,30,7493,0.963699452822634,0,0,690,696,32,3954,60,2195,29,60
"767","2020-05-24",11,9,188,25,7493,0.963699452822634,0,0,690,696,47,4001,39,2234,43,39
"768","2020-05-25",7,9,165,23,7493,0.963699452822634,0,0,690,696,32,4033,23,2257,32,23
"769","2020-05-26",8,9,149,24,7493,0.963699452822634,0,0,690,696,24,4057,9,2266,24,9
"770","2020-05-27",7,9,160,25,7493,0.963699452822634,0,0,690,696,26,4083,16,2282,23,16
"771","2020-05-28",6,9,145,24,7493,0.963699452822634,0,0,690,696,27,4110,13,2295,25,13
"772","2020-05-29",7,9,133,24,7493,0.963699452822634,0,0,690,696,19,4129,35,2330,15,35
"773","2020-05-30",6,9,111,20,7493,0.963699452822634,0,0,690,696,25,4154,16,2346,24,16
"774","2020-05-31",5,9,105,18,7493,0.963699452822634,0,0,690,696,16,4170,16,2362,14,16
"775","2020-06-01",6,9,102,16,7493,0.963699452822634,0,0,690,696,32,4202,17,2379,26,17
"776","2020-06-02",5,9,95,15,7493,0.963699452822634,0,0,690,696,19,4221,28,2407,17,28
"777","2020-06-03",5,9,117,15,7493,0.963699452822634,0,0,690,696,18,4239,25,2432,16,25
"778","2020-06-04",4,9,115,16,7493,0.963699452822634,0,0,690,696,20,4259,17,2449,17,17
"779","2020-06-05",3,9,114,17,7493,0.963699452822634,0,0,690,696,19,4278,13,2462,16,13
"780","2020-06-06",3,9,114,15,7493,0.963699452822634,0,0,690,696,22,4300,9,2471,20,9
"781","2020-06-07",3,9,116,12,7493,0.963699452822634,0,0,690,696,19,4319,5,2476,18,5
"782","2020-03-13",1,10,54,27,1776,0.563626126126126,0,0,164,794,21,57,9,21,7,9
"783","2020-03-14",3,10,63,39,1776,0.563626126126126,0,0,164,794,34,91,11,32,8,11
"784","2020-03-15",5,10,71,45,1776,0.563626126126126,0,0,164,794,24,115,4,36,5,4
"785","2020-03-16",7,10,76,62,1776,0.563626126126126,0,0,164,794,36,151,23,59,17,23
"786","2020-03-17",10,10,107,89,1776,0.563626126126126,0,0,164,794,42,193,22,81,20,22
"787","2020-03-18",13,10,134,104,1776,0.563626126126126,0,0,164,794,42,235,12,93,18,12
"788","2020-03-19",16,10,141,118,1776,0.563626126126126,0,0,164,794,41,276,11,104,23,11
"789","2020-03-20",16,10,142,146,1776,0.563626126126126,0,0,164,794,48,324,7,111,23,7
"790","2020-03-21",21,10,143,154,1776,0.563626126126126,0,0,164,794,56,380,1,112,33,1
"791","2020-03-22",28,10,153,168,1776,0.563626126126126,0,0,164,794,52,432,2,114,36,2
"792","2020-03-23",35,10,167,173,1776,0.563626126126126,0,0,164,794,65,497,6,120,47,6
"793","2020-03-24",40,10,180,176,1776,0.563626126126126,0,0,164,794,78,575,7,127,60,7
"794","2020-03-25",41,10,151,180,1776,0.563626126126126,0,0,164,794,70,645,9,136,48,9
"795","2020-03-26",42,10,133,179,1776,0.563626126126126,0,0,164,794,52,697,3,139,37,3
"796","2020-03-27",48,10,153,176,1776,0.563626126126126,0,0,164,794,73,770,21,160,54,21
"797","2020-03-28",46,10,164,183,1776,0.563626126126126,0,0,164,794,73,843,32,192,50,32
"798","2020-03-29",43,10,173,178,1776,0.563626126126126,0,0,164,794,66,909,30,222,43,30
"799","2020-03-30",37,10,168,170,1776,0.563626126126126,0,0,164,794,84,993,29,251,62,29
"800","2020-03-31",36,10,174,165,1776,0.563626126126126,0,0,164,794,78,1071,25,276,65,25
"801","2020-04-01",37,10,159,159,1776,0.563626126126126,0,0,164,794,63,1134,39,315,47,39
"802","2020-04-02",37,10,149,155,1776,0.563626126126126,0,0,164,794,90,1224,16,331,69,16
"803","2020-04-03",38,10,142,156,1776,0.563626126126126,0,0,164,794,75,1299,27,358,46,27
"804","2020-04-04",41,10,134,165,1776,0.563626126126126,0,0,164,794,73,1372,20,378,52,20
"805","2020-04-05",38,10,130,173,1776,0.563626126126126,0,0,164,794,65,1437,39,417,47,39
"806","2020-04-06",45,10,155,182,1776,0.563626126126126,0,0,164,794,94,1531,23,440,70,23
"807","2020-04-07",47,10,187,180,1776,0.563626126126126,0,0,164,794,69,1600,32,472,51,32
"808","2020-04-08",49,10,177,180,1776,0.563626126126126,0,0,164,794,95,1695,36,508,66,36
"809","2020-04-09",51,10,165,190,1776,0.563626126126126,0,0,164,794,72,1767,26,534,44,26
"810","2020-04-10",52,10,197,207,1776,0.563626126126126,0,0,164,794,75,1842,16,550,46,16
"811","2020-04-11",53,10,183,208,1776,0.563626126126126,0,0,164,794,75,1917,8,558,54,8
"812","2020-04-12",58,10,182,215,1776,0.563626126126126,0,0,164,794,76,1993,25,583,54,25
"813","2020-04-13",54,10,159,219,1776,0.563626126126126,0,0,164,794,99,2092,29,612,69,29
"814","2020-04-14",52,10,141,218,1776,0.563626126126126,0,0,164,794,86,2178,14,626,60,14
"815","2020-04-15",55,10,167,231,1776,0.563626126126126,0,0,164,794,76,2254,20,646,56,20
"816","2020-04-16",61,10,160,238,1776,0.563626126126126,0,0,164,794,78,2332,47,693,56,47
"817","2020-04-17",61,10,184,240,1776,0.563626126126126,0,0,164,794,71,2403,22,715,38,22
"818","2020-04-18",63,10,190,244,1776,0.563626126126126,0,0,164,794,83,2486,33,748,58,33
"819","2020-04-19",63,10,181,266,1776,0.563626126126126,0,0,164,794,105,2591,40,788,76,40
"820","2020-04-20",65,10,164,284,1776,0.563626126126126,0,0,164,794,66,2657,28,816,40,28
"821","2020-04-21",67,10,150,301,1776,0.563626126126126,0,0,164,794,79,2736,25,841,53,25
"822","2020-04-22",70,10,132,307,1776,0.563626126126126,0,0,164,794,67,2803,41,882,46,41
"823","2020-04-23",68,10,142,313,1776,0.563626126126126,0,0,164,794,65,2868,44,926,44,44
"824","2020-04-24",71,10,179,315,1776,0.563626126126126,0,0,164,794,65,2933,51,977,43,51
"825","2020-04-25",71,10,219,314,1776,0.563626126126126,0,0,164,794,65,2998,31,1008,47,31
"826","2020-04-26",77,10,204,319,1776,0.563626126126126,0,0,164,794,56,3054,22,1030,30,22
"827","2020-04-27",79,10,221,319,1776,0.563626126126126,0,0,164,794,75,3129,37,1067,50,37
"828","2020-04-28",85,10,208,321,1776,0.563626126126126,0,0,164,794,61,3190,33,1100,35,33
"829","2020-04-29",87,10,215,319,1776,0.563626126126126,0,0,164,794,65,3255,22,1122,44,22
"830","2020-04-30",93,10,208,320,1776,0.563626126126126,0,0,164,794,41,3296,17,1139,25,17
"831","2020-05-01",99,10,223,326,1776,0.563626126126126,0,0,164,794,51,3347,20,1159,33,20
"832","2020-05-02",103,10,204,328,1776,0.563626126126126,0,0,164,794,45,3392,39,1198,33,39
"833","2020-05-03",105,10,203,318,1776,0.563626126126126,0,0,164,794,51,3443,39,1237,32,39
"834","2020-05-04",104,10,187,312,1776,0.563626126126126,0,0,164,794,51,3494,42,1279,27,42
"835","2020-05-05",102,10,168,302,1776,0.563626126126126,0,0,164,794,48,3542,31,1310,26,31
"836","2020-05-06",96,10,155,295,1776,0.563626126126126,0,0,164,794,52,3594,9,1319,24,9
"837","2020-05-07",90,10,149,294,1776,0.563626126126126,0,0,164,794,51,3645,14,1333,31,14
"838","2020-05-08",79,10,143,276,1776,0.563626126126126,0,0,164,794,50,3695,37,1370,27,37
"839","2020-05-09",73,10,153,267,1776,0.563626126126126,0,0,164,794,41,3736,39,1409,22,39
"840","2020-05-10",71,10,177,263,1776,0.563626126126126,0,0,164,794,34,3770,22,1431,22,22
"841","2020-05-11",74,10,169,254,1776,0.563626126126126,0,0,164,794,53,3823,40,1471,30,40
"842","2020-05-12",72,10,183,243,1776,0.563626126126126,0,0,164,794,38,3861,39,1510,18,39
"843","2020-05-13",72,10,192,230,1776,0.563626126126126,0,0,164,794,33,3894,21,1531,21,21
"844","2020-05-14",69,10,187,221,1776,0.563626126126126,0,0,164,794,44,3938,16,1547,20,16
"845","2020-05-15",72,10,194,230,1776,0.563626126126126,0,0,164,794,35,3973,9,1556,20,9
"846","2020-05-16",76,10,199,220,1776,0.563626126126126,0,0,164,794,30,4003,26,1582,22,26
"847","2020-05-17",68,10,194,208,1776,0.563626126126126,0,0,164,794,42,4045,22,1604,29,22
"848","2020-05-18",59,10,167,202,1776,0.563626126126126,0,0,164,794,33,4078,20,1624,17,20
"849","2020-05-19",52,10,149,194,1776,0.563626126126126,0,0,164,794,32,4110,43,1667,19,43
"850","2020-05-20",54,10,157,197,1776,0.563626126126126,0,0,164,794,29,4139,40,1707,19,40
"851","2020-05-21",54,10,176,195,1776,0.563626126126126,0,0,164,794,27,4166,46,1753,14,46
"852","2020-05-22",52,10,169,194,1776,0.563626126126126,0,0,164,794,26,4192,19,1772,10,19
"853","2020-05-23",50,10,182,193,1776,0.563626126126126,0,0,164,794,32,4224,18,1790,20,18
"854","2020-05-24",52,10,174,185,1776,0.563626126126126,0,0,164,794,33,4257,20,1810,18,20
"855","2020-05-25",56,10,187,180,1776,0.563626126126126,0,0,164,794,28,4285,8,1818,18,8
"856","2020-05-26",58,10,173,181,1776,0.563626126126126,0,0,164,794,23,4308,5,1823,13,5
"857","2020-05-27",52,10,161,178,1776,0.563626126126126,0,0,164,794,24,4332,21,1844,13,21
"858","2020-05-28",51,10,141,175,1776,0.563626126126126,0,0,164,794,14,4346,35,1879,6,35
"859","2020-05-29",50,10,133,168,1776,0.563626126126126,0,0,164,794,31,4377,31,1910,24,31
"860","2020-05-30",44,10,136,172,1776,0.563626126126126,0,0,164,794,21,4398,17,1927,10,17
"861","2020-05-31",42,10,131,168,1776,0.563626126126126,0,0,164,794,17,4415,22,1949,10,22
"862","2020-06-01",42,10,132,160,1776,0.563626126126126,0,0,164,794,16,4431,21,1970,8,21
"863","2020-06-02",46,10,155,151,1776,0.563626126126126,0,0,164,794,12,4443,16,1986,7,16
"864","2020-06-03",47,10,137,143,1776,0.563626126126126,0,0,164,794,21,4464,11,1997,11,11
"865","2020-06-04",46,10,144,149,1776,0.563626126126126,0,0,164,794,11,4475,21,2018,7,21
"866","2020-06-05",44,10,157,147,1776,0.563626126126126,0,0,164,794,9,4484,14,2032,6,14
"867","2020-06-06",40,10,169,138,1776,0.563626126126126,0,0,164,794,13,4497,8,2040,7,8
"868","2020-06-07",37,10,180,141,1776,0.563626126126126,0,0,164,794,20,4517,4,2044,11,4
"869","2020-03-14",2,11,110,116,4186,0.383420926899188,0,0,345,647,43,155,52,178,7,52
"870","2020-03-15",6,11,115,163,4186,0.383420926899188,0,0,345,647,42,197,46,224,11,46
"871","2020-03-16",11,11,115,191,4186,0.383420926899188,0,0,345,647,57,254,46,270,15,46
"872","2020-03-17",19,11,134,229,4186,0.383420926899188,0,0,345,647,60,314,55,325,23,55
"873","2020-03-18",27,11,121,276,4186,0.383420926899188,0,0,345,647,56,370,33,358,21,33
"874","2020-03-19",36,11,118,316,4186,0.383420926899188,0,0,345,647,65,435,46,404,29,46
"875","2020-03-20",48,11,138,352,4186,0.383420926899188,0,0,345,647,66,501,44,448,30,44
"876","2020-03-21",65,11,167,383,4186,0.383420926899188,0,0,345,647,67,568,45,493,28,45
"877","2020-03-22",77,11,200,419,4186,0.383420926899188,0,0,345,647,63,631,55,548,36,55
"878","2020-03-23",96,11,180,440,4186,0.383420926899188,0,0,345,647,85,716,46,594,40,46
"879","2020-03-24",107,11,165,456,4186,0.383420926899188,0,0,345,647,78,794,50,644,39,50
"880","2020-03-25",112,11,175,476,4186,0.383420926899188,0,0,345,647,71,865,42,686,36,42
"881","2020-03-26",118,11,191,482,4186,0.383420926899188,0,0,345,647,60,925,50,736,32,50
"882","2020-03-27",126,11,169,509,4186,0.383420926899188,0,0,345,647,75,1000,32,768,42,32
"883","2020-03-28",126,11,180,522,4186,0.383420926899188,0,0,345,647,74,1074,46,814,35,46
"884","2020-03-29",130,11,185,522,4186,0.383420926899188,0,0,345,647,83,1157,35,849,42,35
"885","2020-03-30",131,11,168,525,4186,0.383420926899188,0,0,345,647,92,1249,49,898,42,49
"886","2020-03-31",135,11,172,528,4186,0.383420926899188,0,0,345,647,82,1331,53,951,45,53
"887","2020-04-01",148,11,167,524,4186,0.383420926899188,0,0,345,647,81,1412,47,998,39,47
"888","2020-04-02",153,11,147,522,4186,0.383420926899188,0,0,345,647,61,1473,73,1071,32,73
"889","2020-04-03",148,11,135,553,4186,0.383420926899188,0,0,345,647,95,1568,61,1132,45,61
"890","2020-04-04",147,11,155,566,4186,0.383420926899188,0,0,345,647,78,1646,49,1181,37,49
"891","2020-04-05",148,11,148,600,4186,0.383420926899188,0,0,345,647,72,1718,59,1240,32,59
"892","2020-04-06",150,11,142,633,4186,0.383420926899188,0,0,345,647,66,1784,32,1272,35,32
"893","2020-04-07",157,11,149,654,4186,0.383420926899188,0,0,345,647,74,1858,40,1312,30,40
"894","2020-04-08",165,11,142,673,4186,0.383420926899188,0,0,345,647,86,1944,36,1348,34,36
"895","2020-04-09",172,11,182,680,4186,0.383420926899188,0,0,345,647,86,2030,39,1387,37,39
"896","2020-04-10",180,11,229,694,4186,0.383420926899188,0,0,345,647,94,2124,36,1423,49,36
"897","2020-04-11",180,11,209,714,4186,0.383420926899188,0,0,345,647,78,2202,41,1464,36,41
"898","2020-04-12",185,11,181,728,4186,0.383420926899188,0,0,345,647,81,2283,27,1491,51,27
"899","2020-04-13",193,11,169,731,4186,0.383420926899188,0,0,345,647,51,2334,36,1527,19,36
"900","2020-04-14",198,11,160,732,4186,0.383420926899188,0,0,345,647,80,2414,38,1565,37,38
"901","2020-04-15",202,11,163,732,4186,0.383420926899188,0,0,345,647,75,2489,48,1613,32,48
"902","2020-04-16",206,11,172,728,4186,0.383420926899188,0,0,345,647,96,2585,50,1663,40,50
"903","2020-04-17",219,11,167,730,4186,0.383420926899188,0,0,345,647,87,2672,53,1716,35,53
"904","2020-04-18",234,11,168,703,4186,0.383420926899188,0,0,345,647,83,2755,61,1777,41,61
"905","2020-04-19",230,11,188,705,4186,0.383420926899188,0,0,345,647,89,2844,38,1815,36,38
"906","2020-04-20",218,11,212,702,4186,0.383420926899188,0,0,345,647,87,2931,40,1855,43,40
"907","2020-04-21",219,11,239,684,4186,0.383420926899188,0,0,345,647,72,3003,38,1893,29,38
"908","2020-04-22",205,11,224,676,4186,0.383420926899188,0,0,345,647,72,3075,39,1932,35,39
"909","2020-04-23",197,11,200,660,4186,0.383420926899188,0,0,345,647,76,3151,43,1975,40,43
"910","2020-04-24",188,11,210,653,4186,0.383420926899188,0,0,345,647,70,3221,64,2039,25,64
"911","2020-04-25",171,11,214,648,4186,0.383420926899188,0,0,345,647,54,3275,53,2092,30,53
"912","2020-04-26",177,11,232,646,4186,0.383420926899188,0,0,345,647,66,3341,45,2137,30,45
"913","2020-04-27",181,11,280,646,4186,0.383420926899188,0,0,345,647,71,3412,63,2200,28,63
"914","2020-04-28",168,11,252,634,4186,0.383420926899188,0,0,345,647,74,3486,57,2257,36,57
"915","2020-04-29",165,11,218,608,4186,0.383420926899188,0,0,345,647,60,3546,40,2297,17,40
"916","2020-04-30",162,11,241,583,4186,0.383420926899188,0,0,345,647,60,3606,46,2343,24,46
"917","2020-05-01",152,11,213,591,4186,0.383420926899188,0,0,345,647,63,3669,38,2381,25,38
"918","2020-05-02",172,11,206,579,4186,0.383420926899188,0,0,345,647,55,3724,63,2444,22,63
"919","2020-05-03",167,11,235,582,4186,0.383420926899188,0,0,345,647,41,3765,68,2512,12,68
"920","2020-05-04",166,11,219,580,4186,0.383420926899188,0,0,345,647,48,3813,50,2562,21,50
"921","2020-05-05",170,11,218,567,4186,0.383420926899188,0,0,345,647,50,3863,43,2605,15,43
"922","2020-05-06",166,11,209,557,4186,0.383420926899188,0,0,345,647,46,3909,33,2638,16,33
"923","2020-05-07",166,11,224,564,4186,0.383420926899188,0,0,345,647,54,3963,42,2680,27,42
"924","2020-05-08",172,11,199,559,4186,0.383420926899188,0,0,345,647,45,4008,37,2717,19,37
"925","2020-05-09",158,11,223,565,4186,0.383420926899188,0,0,345,647,36,4044,48,2765,12,48
"926","2020-05-10",153,11,203,541,4186,0.383420926899188,0,0,345,647,41,4085,50,2815,17,50
"927","2020-05-11",159,11,199,539,4186,0.383420926899188,0,0,345,647,47,4132,43,2858,13,43
"928","2020-05-12",156,11,211,530,4186,0.383420926899188,0,0,345,647,45,4177,57,2915,14,57
"929","2020-05-13",161,11,235,523,4186,0.383420926899188,0,0,345,647,38,4215,54,2969,7,54
"930","2020-05-14",161,11,218,508,4186,0.383420926899188,0,0,345,647,36,4251,25,2994,14,25
"931","2020-05-15",162,11,212,501,4186,0.383420926899188,0,0,345,647,35,4286,52,3046,11,52
"932","2020-05-16",164,11,231,493,4186,0.383420926899188,0,0,345,647,31,4317,55,3101,12,55
"933","2020-05-17",162,11,256,489,4186,0.383420926899188,0,0,345,647,41,4358,78,3179,15,78
"934","2020-05-18",156,11,255,491,4186,0.383420926899188,0,0,345,647,40,4398,62,3241,17,62
"935","2020-05-19",151,11,270,465,4186,0.383420926899188,0,0,345,647,40,4438,46,3287,13,46
"936","2020-05-20",146,11,272,447,4186,0.383420926899188,0,0,345,647,36,4474,36,3323,12,36
"937","2020-05-21",142,11,254,416,4186,0.383420926899188,0,0,345,647,36,4510,32,3355,15,32
"938","2020-05-22",132,11,228,400,4186,0.383420926899188,0,0,345,647,36,4546,66,3421,18,66
"939","2020-05-23",128,11,223,389,4186,0.383420926899188,0,0,345,647,24,4570,54,3475,7,54
"940","2020-05-24",127,11,205,365,4186,0.383420926899188,0,0,345,647,28,4598,49,3524,7,49
"941","2020-05-25",118,11,198,344,4186,0.383420926899188,0,0,345,647,26,4624,43,3567,8,43
"942","2020-05-26",113,11,177,329,4186,0.383420926899188,0,0,345,647,21,4645,34,3601,6,34
"943","2020-05-27",104,11,166,323,4186,0.383420926899188,0,0,345,647,19,4664,37,3638,8,37
"944","2020-05-28",104,11,170,300,4186,0.383420926899188,0,0,345,647,18,4682,30,3668,5,30
"945","2020-05-29",101,11,177,280,4186,0.383420926899188,0,0,345,647,18,4700,20,3688,7,20
"946","2020-05-30",90,11,188,261,4186,0.383420926899188,0,0,345,647,21,4721,30,3718,7,30
"947","2020-05-31",86,11,177,256,4186,0.383420926899188,0,0,345,647,17,4738,43,3761,6,43
"948","2020-06-01",81,11,155,260,4186,0.383420926899188,0,0,345,647,20,4758,41,3802,4,41
"949","2020-06-02",77,11,147,261,4186,0.383420926899188,0,0,345,647,20,4778,38,3840,9,38
"950","2020-06-03",81,11,136,260,4186,0.383420926899188,0,0,345,647,24,4802,45,3885,10,45
"951","2020-06-04",76,11,145,264,4186,0.383420926899188,0,0,345,647,18,4820,42,3927,9,42
"952","2020-06-05",69,11,140,248,4186,0.383420926899188,0,0,345,647,16,4836,39,3966,7,39
"953","2020-06-06",77,11,126,245,4186,0.383420926899188,0,0,345,647,17,4853,50,4016,8,50
"954","2020-06-07",79,11,131,237,4186,0.383420926899188,0,0,345,647,16,4869,37,4053,2,37
"955","2020-03-13",1,12,61,126,4377,0.268220242175006,0,0,370,636,30,60,10,51,7,10
"956","2020-03-14",4,12,62,172,4377,0.268220242175006,0,0,370,636,29,89,5,56,13,5
"957","2020-03-15",13,12,72,204,4377,0.268220242175006,0,0,370,636,22,111,26,82,10,26
"958","2020-03-16",26,12,78,255,4377,0.268220242175006,0,0,370,636,29,140,11,93,13,11
"959","2020-03-17",35,12,85,296,4377,0.268220242175006,0,0,370,636,29,169,8,101,16,8
"960","2020-03-18",42,12,88,353,4377,0.268220242175006,0,0,370,636,34,203,30,131,17,30
"961","2020-03-19",59,12,80,388,4377,0.268220242175006,0,0,370,636,39,242,31,162,24,31
"962","2020-03-20",71,12,75,421,4377,0.268220242175006,0,0,370,636,28,270,19,181,19,19
"963","2020-03-21",86,12,83,448,4377,0.268220242175006,0,0,370,636,48,318,8,189,28,8
"964","2020-03-22",97,12,101,482,4377,0.268220242175006,0,0,370,636,55,373,36,225,41,36
"965","2020-03-23",109,12,105,516,4377,0.268220242175006,0,0,370,636,42,415,21,246,27,21
"966","2020-03-24",119,12,121,536,4377,0.268220242175006,0,0,370,636,62,477,16,262,42,16
"967","2020-03-25",132,12,136,554,4377,0.268220242175006,0,0,370,636,52,529,21,283,35,21
"968","2020-03-26",133,12,142,561,4377,0.268220242175006,0,0,370,636,52,581,17,300,35,17
"969","2020-03-27",142,12,143,585,4377,0.268220242175006,0,0,370,636,59,640,12,312,38,12
"970","2020-03-28",140,12,161,587,4377,0.268220242175006,0,0,370,636,66,706,8,320,54,8
"971","2020-03-29",156,12,171,583,4377,0.268220242175006,0,0,370,636,72,778,13,333,52,13
"972","2020-03-30",155,12,165,595,4377,0.268220242175006,0,0,370,636,69,847,34,367,48,34
"973","2020-03-31",162,12,163,608,4377,0.268220242175006,0,0,370,636,88,935,24,391,70,24
"974","2020-04-01",165,12,156,611,4377,0.268220242175006,0,0,370,636,66,1001,14,405,46,14
"975","2020-04-02",168,12,144,620,4377,0.268220242175006,0,0,370,636,65,1066,37,442,45,37
"976","2020-04-03",172,12,145,629,4377,0.268220242175006,0,0,370,636,68,1134,37,479,46,37
"977","2020-04-04",178,12,135,635,4377,0.268220242175006,0,0,370,636,70,1204,27,506,49,27
"978","2020-04-05",182,12,119,639,4377,0.268220242175006,0,0,370,636,77,1281,55,561,59,55
"979","2020-04-06",180,12,139,640,4377,0.268220242175006,0,0,370,636,74,1355,49,610,56,49
"980","2020-04-07",178,12,142,643,4377,0.268220242175006,0,0,370,636,77,1432,68,678,56,68
"981","2020-04-08",178,12,146,656,4377,0.268220242175006,0,0,370,636,80,1512,33,711,64,33
"982","2020-04-09",193,12,136,645,4377,0.268220242175006,0,0,370,636,84,1596,21,732,62,21
"983","2020-04-10",186,12,114,651,4377,0.268220242175006,0,0,370,636,87,1683,11,743,65,11
"984","2020-04-11",191,12,113,669,4377,0.268220242175006,0,0,370,636,79,1762,31,774,56,31
"985","2020-04-12",189,12,106,676,4377,0.268220242175006,0,0,370,636,87,1849,32,806,65,32
"986","2020-04-13",201,12,117,688,4377,0.268220242175006,0,0,370,636,85,1934,12,818,61,12
"987","2020-04-14",204,12,124,690,4377,0.268220242175006,0,0,370,636,96,2030,18,836,70,18
"988","2020-04-15",205,12,132,707,4377,0.268220242175006,0,0,370,636,92,2122,62,898,65,62
"989","2020-04-16",198,12,119,699,4377,0.268220242175006,0,0,370,636,65,2187,69,967,47,69
"990","2020-04-17",206,12,142,698,4377,0.268220242175006,0,0,370,636,78,2265,57,1024,65,57
"991","2020-04-18",208,12,148,720,4377,0.268220242175006,0,0,370,636,73,2338,47,1071,46,47
"992","2020-04-19",200,12,178,716,4377,0.268220242175006,0,0,370,636,87,2425,37,1108,64,37
"993","2020-04-20",195,12,176,725,4377,0.268220242175006,0,0,370,636,74,2499,21,1129,55,21
"994","2020-04-21",193,12,179,713,4377,0.268220242175006,0,0,370,636,65,2564,18,1147,45,18
"995","2020-04-22",191,12,177,698,4377,0.268220242175006,0,0,370,636,60,2624,27,1174,44,27
"996","2020-04-23",198,12,204,696,4377,0.268220242175006,0,0,370,636,74,2698,46,1220,59,46
"997","2020-04-24",197,12,205,679,4377,0.268220242175006,0,0,370,636,72,2770,29,1249,57,29
"998","2020-04-25",190,12,208,679,4377,0.268220242175006,0,0,370,636,51,2821,21,1270,39,21
"999","2020-04-26",184,12,200,666,4377,0.268220242175006,0,0,370,636,66,2887,27,1297,47,27
"1000","2020-04-27",179,12,189,661,4377,0.268220242175006,0,0,370,636,76,2963,39,1336,53,39
"1001","2020-04-28",179,12,205,640,4377,0.268220242175006,0,0,370,636,55,3018,19,1355,42,19
"1002","2020-04-29",189,12,202,617,4377,0.268220242175006,0,0,370,636,58,3076,13,1368,49,13
"1003","2020-04-30",178,12,183,640,4377,0.268220242175006,0,0,370,636,46,3122,18,1386,33,18
"1004","2020-05-01",182,12,164,623,4377,0.268220242175006,0,0,370,636,63,3185,15,1401,46,15
"1005","2020-05-02",186,12,167,599,4377,0.268220242175006,0,0,370,636,55,3240,4,1405,37,4
"1006","2020-05-03",188,12,184,582,4377,0.268220242175006,0,0,370,636,52,3292,9,1414,30,9
"1007","2020-05-04",192,12,221,572,4377,0.268220242175006,0,0,370,636,58,3350,13,1427,42,13
"1008","2020-05-05",182,12,225,554,4377,0.268220242175006,0,0,370,636,57,3407,44,1471,40,44
"1009","2020-05-06",167,12,217,535,4377,0.268220242175006,0,0,370,636,57,3464,44,1515,45,44
"1010","2020-05-07",162,12,219,529,4377,0.268220242175006,0,0,370,636,56,3520,60,1575,41,60
"1011","2020-05-08",155,12,206,515,4377,0.268220242175006,0,0,370,636,43,3563,59,1634,28,59
"1012","2020-05-09",151,12,214,499,4377,0.268220242175006,0,0,370,636,44,3607,33,1667,34,33
"1013","2020-05-10",149,12,225,498,4377,0.268220242175006,0,0,370,636,40,3647,23,1690,21,23
"1014","2020-05-11",134,12,209,507,4377,0.268220242175006,0,0,370,636,48,3695,57,1747,34,57
"1015","2020-05-12",139,12,209,507,4377,0.268220242175006,0,0,370,636,45,3740,24,1771,26,24
"1016","2020-05-13",151,12,242,505,4377,0.268220242175006,0,0,370,636,40,3780,21,1792,27,21
"1017","2020-05-14",148,12,230,494,4377,0.268220242175006,0,0,370,636,39,3819,37,1829,20,37
"1018","2020-05-15",142,12,236,484,4377,0.268220242175006,0,0,370,636,33,3852,55,1884,22,55
"1019","2020-05-16",135,12,222,484,4377,0.268220242175006,0,0,370,636,38,3890,17,1901,26,17
"1020","2020-05-17",125,12,234,482,4377,0.268220242175006,0,0,370,636,36,3926,11,1912,22,11
"1021","2020-05-18",132,12,238,454,4377,0.268220242175006,0,0,370,636,32,3958,33,1945,25,33
"1022","2020-05-19",125,12,242,441,4377,0.268220242175006,0,0,370,636,35,3993,45,1990,22,45
"1023","2020-05-20",110,12,234,428,4377,0.268220242175006,0,0,370,636,25,4018,19,2009,18,19
"1024","2020-05-21",115,12,254,408,4377,0.268220242175006,0,0,370,636,30,4048,27,2036,23,27
"1025","2020-05-22",114,12,249,398,4377,0.268220242175006,0,0,370,636,22,4070,12,2048,14,12
"1026","2020-05-23",117,12,223,391,4377,0.268220242175006,0,0,370,636,34,4104,23,2071,19,23
"1027","2020-05-24",115,12,227,395,4377,0.268220242175006,0,0,370,636,31,4135,24,2095,24,24
"1028","2020-05-25",104,12,217,386,4377,0.268220242175006,0,0,370,636,23,4158,15,2110,18,15
"1029","2020-05-26",108,12,200,367,4377,0.268220242175006,0,0,370,636,26,4184,32,2142,17,32
"1030","2020-05-27",109,12,175,363,4377,0.268220242175006,0,0,370,636,21,4205,44,2186,12,44
"1031","2020-05-28",106,12,160,343,4377,0.268220242175006,0,0,370,636,17,4222,53,2239,10,53
"1032","2020-05-29",107,12,140,334,4377,0.268220242175006,0,0,370,636,30,4252,20,2259,23,20
"1033","2020-05-30",102,12,154,320,4377,0.268220242175006,0,0,370,636,22,4274,17,2276,16,17
"1034","2020-05-31",102,12,142,298,4377,0.268220242175006,0,0,370,636,21,4295,40,2316,17,40
"1035","2020-06-01",105,12,141,278,4377,0.268220242175006,0,0,370,636,28,4323,41,2357,17,41
"1036","2020-06-02",104,12,147,277,4377,0.268220242175006,0,0,370,636,15,4338,23,2380,8,23
"1037","2020-06-03",98,12,152,267,4377,0.268220242175006,0,0,370,636,25,4363,23,2403,15,23
"1038","2020-06-04",90,12,160,260,4377,0.268220242175006,0,0,370,636,16,4379,50,2453,7,50
"1039","2020-06-05",79,12,162,240,4377,0.268220242175006,0,0,370,636,14,4393,22,2475,12,22
"1040","2020-06-06",78,12,156,229,4377,0.268220242175006,0,0,370,636,23,4416,24,2499,18,24
"1041","2020-06-07",78,12,155,225,4377,0.268220242175006,0,0,370,636,17,4433,23,2522,10,23
"1042","2020-03-13",1,13,30,36,2165,0.486374133949192,0,0,191,592,30,80,3,16,5,3
"1043","2020-03-14",2,13,30,52,2165,0.486374133949192,0,0,191,592,35,115,2,18,9,2
"1044","2020-03-15",4,13,47,69,2165,0.486374133949192,0,0,191,592,42,157,3,21,12,3
"1045","2020-03-16",5,13,45,94,2165,0.486374133949192,0,0,191,592,47,204,5,26,28,5
"1046","2020-03-17",8,13,50,126,2165,0.486374133949192,0,0,191,592,46,250,6,32,23,6
"1047","2020-03-18",13,13,57,147,2165,0.486374133949192,0,0,191,592,51,301,6,38,24,6
"1048","2020-03-19",24,13,67,180,2165,0.486374133949192,0,0,191,592,49,350,7,45,24,7
"1049","2020-03-20",28,13,80,215,2165,0.486374133949192,0,0,191,592,33,383,2,47,22,2
"1050","2020-03-21",34,13,99,246,2165,0.486374133949192,0,0,191,592,63,446,9,56,32,9
"1051","2020-03-22",46,13,108,265,2165,0.486374133949192,0,0,191,592,60,506,11,67,30,11
"1052","2020-03-23",53,13,108,290,2165,0.486374133949192,0,0,191,592,52,558,21,88,33,21
"1053","2020-03-24",59,13,129,303,2165,0.486374133949192,0,0,191,592,83,641,18,106,49,18
"1054","2020-03-25",65,13,136,310,2165,0.486374133949192,0,0,191,592,60,701,23,129,40,23
"1055","2020-03-26",63,13,144,315,2165,0.486374133949192,0,0,191,592,60,761,19,148,37,19
"1056","2020-03-27",72,13,151,328,2165,0.486374133949192,0,0,191,592,61,822,12,160,35,12
"1057","2020-03-28",76,13,154,360,2165,0.486374133949192,0,0,191,592,55,877,9,169,33,9
"1058","2020-03-29",76,13,155,365,2165,0.486374133949192,0,0,191,592,59,936,14,183,32,14
"1059","2020-03-30",79,13,164,368,2165,0.486374133949192,0,0,191,592,54,990,15,198,29,15
"1060","2020-03-31",90,13,170,365,2165,0.486374133949192,0,0,191,592,64,1054,19,217,39,19
"1061","2020-04-01",95,13,186,353,2165,0.486374133949192,0,0,191,592,71,1125,21,238,50,21
"1062","2020-04-02",101,13,188,343,2165,0.486374133949192,0,0,191,592,69,1194,24,262,43,24
"1063","2020-04-03",98,13,165,328,2165,0.486374133949192,0,0,191,592,69,1263,21,283,45,21
"1064","2020-04-04",99,13,158,329,2165,0.486374133949192,0,0,191,592,79,1342,14,297,55,14
"1065","2020-04-05",104,13,149,318,2165,0.486374133949192,0,0,191,592,77,1419,23,320,39,23
"1066","2020-04-06",103,13,149,314,2165,0.486374133949192,0,0,191,592,61,1480,14,334,34,14
"1067","2020-04-07",101,13,167,320,2165,0.486374133949192,0,0,191,592,62,1542,15,349,34,15
"1068","2020-04-08",102,13,175,335,2165,0.486374133949192,0,0,191,592,50,1592,28,377,31,28
"1069","2020-04-09",97,13,205,325,2165,0.486374133949192,0,0,191,592,49,1641,20,397,28,20
"1070","2020-04-10",99,13,214,335,2165,0.486374133949192,0,0,191,592,82,1723,11,408,49,11
"1071","2020-04-11",101,13,212,330,2165,0.486374133949192,0,0,191,592,62,1785,16,424,31,16
"1072","2020-04-12",93,13,202,335,2165,0.486374133949192,0,0,191,592,46,1831,14,438,26,14
"1073","2020-04-13",95,13,201,333,2165,0.486374133949192,0,0,191,592,65,1896,20,458,32,20
"1074","2020-04-14",87,13,191,328,2165,0.486374133949192,0,0,191,592,68,1964,28,486,25,28
"1075","2020-04-15",84,13,192,312,2165,0.486374133949192,0,0,191,592,44,2008,22,508,17,22
"1076","2020-04-16",86,13,190,301,2165,0.486374133949192,0,0,191,592,48,2056,17,525,23,17
"1077","2020-04-17",86,13,187,306,2165,0.486374133949192,0,0,191,592,46,2102,28,553,24,28
"1078","2020-04-18",83,13,187,302,2165,0.486374133949192,0,0,191,592,53,2155,40,593,30,40
"1079","2020-04-19",87,13,195,305,2165,0.486374133949192,0,0,191,592,47,2202,30,623,28,30
"1080","2020-04-20",86,13,195,310,2165,0.486374133949192,0,0,191,592,54,2256,25,648,25,25
"1081","2020-04-21",94,13,176,315,2165,0.486374133949192,0,0,191,592,62,2318,38,686,25,38
"1082","2020-04-22",89,13,200,320,2165,0.486374133949192,0,0,191,592,43,2361,44,730,14,44
"1083","2020-04-23",91,13,199,315,2165,0.486374133949192,0,0,191,592,41,2402,17,747,8,17
"1084","2020-04-24",90,13,222,318,2165,0.486374133949192,0,0,191,592,44,2446,17,764,17,17
"1085","2020-04-25",92,13,229,323,2165,0.486374133949192,0,0,191,592,49,2495,15,779,14,15
"1086","2020-04-26",92,13,214,317,2165,0.486374133949192,0,0,191,592,54,2549,23,802,18,23
"1087","2020-04-27",96,13,205,301,2165,0.486374133949192,0,0,191,592,43,2592,25,827,18,25
"1088","2020-04-28",99,13,186,315,2165,0.486374133949192,0,0,191,592,58,2650,20,847,20,20
"1089","2020-04-29",104,13,190,312,2165,0.486374133949192,0,0,191,592,70,2720,32,879,32,32
"1090","2020-04-30",105,13,220,303,2165,0.486374133949192,0,0,191,592,48,2768,31,910,23,31
"1091","2020-05-01",107,13,250,299,2165,0.486374133949192,0,0,191,592,33,2801,15,925,14,15
"1092","2020-05-02",105,13,251,295,2165,0.486374133949192,0,0,191,592,47,2848,21,946,17,21
"1093","2020-05-03",94,13,269,290,2165,0.486374133949192,0,0,191,592,43,2891,11,957,17,11
"1094","2020-05-04",90,13,277,282,2165,0.486374133949192,0,0,191,592,48,2939,33,990,26,33
"1095","2020-05-05",80,13,277,283,2165,0.486374133949192,0,0,191,592,51,2990,16,1006,17,16
"1096","2020-05-06",76,13,269,280,2165,0.486374133949192,0,0,191,592,52,3042,31,1037,21,31
"1097","2020-05-07",67,13,273,265,2165,0.486374133949192,0,0,191,592,51,3093,28,1065,13,28
"1098","2020-05-08",65,13,281,261,2165,0.486374133949192,0,0,191,592,52,3145,29,1094,21,29
"1099","2020-05-09",68,13,281,269,2165,0.486374133949192,0,0,191,592,43,3188,25,1119,20,25
"1100","2020-05-10",73,13,245,271,2165,0.486374133949192,0,0,191,592,34,3222,14,1133,9,14
"1101","2020-05-11",74,13,255,255,2165,0.486374133949192,0,0,191,592,35,3257,13,1146,12,13
"1102","2020-05-12",69,13,237,252,2165,0.486374133949192,0,0,191,592,40,3297,14,1160,17,14
"1103","2020-05-13",69,13,227,242,2165,0.486374133949192,0,0,191,592,32,3329,9,1169,15,9
"1104","2020-05-14",69,13,217,242,2165,0.486374133949192,0,0,191,592,37,3366,7,1176,17,7
"1105","2020-05-15",61,13,221,248,2165,0.486374133949192,0,0,191,592,33,3399,7,1183,17,7
"1106","2020-05-16",58,13,237,243,2165,0.486374133949192,0,0,191,592,44,3443,11,1194,22,11
"1107","2020-05-17",55,13,241,231,2165,0.486374133949192,0,0,191,592,32,3475,19,1213,12,19
"1108","2020-05-18",58,13,254,229,2165,0.486374133949192,0,0,191,592,25,3500,13,1226,10,13
"1109","2020-05-19",61,13,236,232,2165,0.486374133949192,0,0,191,592,25,3525,14,1240,14,14
"1110","2020-05-20",61,13,247,218,2165,0.486374133949192,0,0,191,592,23,3548,9,1249,10,9
"1111","2020-05-21",64,13,258,213,2165,0.486374133949192,0,0,191,592,35,3583,10,1259,19,10
"1112","2020-05-22",76,13,274,202,2165,0.486374133949192,0,0,191,592,34,3617,13,1272,13,13
"1113","2020-05-23",74,13,244,199,2165,0.486374133949192,0,0,191,592,26,3643,19,1291,8,19
"1114","2020-05-24",74,13,232,194,2165,0.486374133949192,0,0,191,592,27,3670,9,1300,12,9
"1115","2020-05-25",73,13,233,190,2165,0.486374133949192,0,0,191,592,27,3697,9,1309,14,9
"1116","2020-05-26",73,13,240,181,2165,0.486374133949192,0,0,191,592,23,3720,3,1312,8,3
"1117","2020-05-27",68,13,234,172,2165,0.486374133949192,0,0,191,592,28,3748,8,1320,10,8
"1118","2020-05-28",63,13,233,167,2165,0.486374133949192,0,0,191,592,23,3771,5,1325,12,5
"1119","2020-05-29",56,13,231,166,2165,0.486374133949192,0,0,191,592,21,3792,5,1330,8,5
"1120","2020-05-30",56,13,236,164,2165,0.486374133949192,0,0,191,592,24,3816,7,1337,11,7
"1121","2020-05-31",55,13,244,171,2165,0.486374133949192,0,0,191,592,16,3832,12,1349,8,12
"1122","2020-06-01",46,13,255,169,2165,0.486374133949192,0,0,191,592,19,3851,19,1368,12,19
"1123","2020-06-02",43,13,275,175,2165,0.486374133949192,0,0,191,592,16,3867,13,1381,7,13
"1124","2020-06-03",43,13,269,176,2165,0.486374133949192,0,0,191,592,18,3885,8,1389,8,8
"1125","2020-06-04",46,13,260,169,2165,0.486374133949192,0,0,191,592,14,3899,12,1401,3,12
"1126","2020-06-05",45,13,248,161,2165,0.486374133949192,0,0,191,592,14,3913,14,1415,4,14
"1127","2020-06-06",43,13,243,143,2165,0.486374133949192,0,0,191,592,13,3926,8,1423,6,8
"1128","2020-06-07",45,13,238,139,2165,0.486374133949192,0,0,191,592,13,3939,4,1427,3,4
"1129","2020-03-14",1,14,56,69,6473,0.887532828672949,0,0,523,795,42,125,48,111,26,48
"1130","2020-03-15",4,14,60,90,6473,0.887532828672949,0,0,523,795,56,181,29,140,36,29
"1131","2020-03-16",7,14,59,121,6473,0.887532828672949,0,0,523,795,79,260,41,181,55,41
"1132","2020-03-17",11,14,84,168,6473,0.887532828672949,0,0,523,795,102,362,26,207,85,26
"1133","2020-03-18",27,14,117,214,6473,0.887532828672949,0,0,523,795,103,465,25,232,84,25
"1134","2020-03-19",34,14,116,260,6473,0.887532828672949,0,0,523,795,150,615,7,239,128,7
"1135","2020-03-20",48,14,147,312,6473,0.887532828672949,0,0,523,795,177,792,19,258,161,19
"1136","2020-03-21",54,14,158,371,6473,0.887532828672949,0,0,523,795,200,992,10,268,184,10
"1137","2020-03-22",64,14,184,443,6473,0.887532828672949,0,0,523,795,236,1228,4,272,217,4
"1138","2020-03-23",74,14,207,503,6473,0.887532828672949,0,0,523,795,267,1495,6,278,253,6
"1139","2020-03-24",87,14,177,590,6473,0.887532828672949,0,0,523,795,282,1777,29,307,273,29
"1140","2020-03-25",89,14,180,669,6473,0.887532828672949,0,0,523,795,341,2118,17,324,328,17
"1141","2020-03-26",110,14,168,789,6473,0.887532828672949,0,0,523,795,305,2423,49,373,285,49
"1142","2020-03-27",123,14,156,883,6473,0.887532828672949,0,0,523,795,516,2939,26,399,498,26
"1143","2020-03-28",147,14,150,995,6473,0.887532828672949,0,0,523,795,376,3315,31,430,364,31
"1144","2020-03-29",166,14,156,1129,6473,0.887532828672949,0,0,523,795,568,3883,35,465,549,35
"1145","2020-03-30",196,14,166,1248,6473,0.887532828672949,0,0,523,795,466,4349,19,484,455,19
"1146","2020-03-31",219,14,158,1354,6473,0.887532828672949,0,0,523,795,342,4691,52,536,325,52
"1147","2020-04-01",258,14,173,1478,6473,0.887532828672949,0,0,523,795,476,5167,54,590,464,54
"1148","2020-04-02",290,14,176,1585,6473,0.887532828672949,0,0,523,795,451,5618,41,631,447,41
"1149","2020-04-03",329,14,176,1715,6473,0.887532828672949,0,0,523,795,374,5992,35,666,371,35
"1150","2020-04-04",375,14,154,1793,6473,0.887532828672949,0,0,523,795,338,6330,12,678,328,12
"1151","2020-04-05",419,14,143,1859,6473,0.887532828672949,0,0,523,795,248,6578,10,688,245,10
"1152","2020-04-06",447,14,142,1901,6473,0.887532828672949,0,0,523,795,208,6786,24,712,205,24
"1153","2020-04-07",474,14,138,1963,6473,0.887532828672949,0,0,523,795,200,6986,15,727,195,15
"1154","2020-04-08",496,14,151,2014,6473,0.887532828672949,0,0,523,795,131,7117,10,737,131,10
"1155","2020-04-09",539,14,163,2029,6473,0.887532828672949,0,0,523,795,92,7209,47,784,89,47
"1156","2020-04-10",550,14,161,1983,6473,0.887532828672949,0,0,523,795,58,7267,46,830,57,46
"1157","2020-04-11",541,14,201,1949,6473,0.887532828672949,0,0,523,795,51,7318,20,850,49,20
"1158","2020-04-12",561,14,224,1975,6473,0.887532828672949,0,0,523,795,53,7371,13,863,51,13
"1159","2020-04-13",560,14,234,1921,6473,0.887532828672949,0,0,523,795,34,7405,4,867,33,4
"1160","2020-04-14",569,14,217,1895,6473,0.887532828672949,0,0,523,795,30,7435,14,881,30,14
"1161","2020-04-15",565,14,214,1862,6473,0.887532828672949,0,0,523,795,20,7455,46,927,16,46
"1162","2020-04-16",543,14,209,1823,6473,0.887532828672949,0,0,523,795,17,7472,20,947,15,20
"1163","2020-04-17",543,14,177,1793,6473,0.887532828672949,0,0,523,795,19,7491,11,958,18,11
"1164","2020-04-18",541,14,163,1737,6473,0.887532828672949,0,0,523,795,17,7508,23,981,14,23
"1165","2020-04-19",505,14,176,1678,6473,0.887532828672949,0,0,523,795,15,7523,16,997,12,16
"1166","2020-04-20",519,14,182,1595,6473,0.887532828672949,0,0,523,795,13,7536,8,1005,12,8
"1167","2020-04-21",502,14,213,1527,6473,0.887532828672949,0,0,523,795,8,7544,39,1044,8,39
"1168","2020-04-22",500,14,227,1443,6473,0.887532828672949,0,0,523,795,5,7549,42,1086,3,42
"1169","2020-04-23",462,14,227,1337,6473,0.887532828672949,0,0,523,795,8,7557,18,1104,5,18
"1170","2020-04-24",459,14,210,1297,6473,0.887532828672949,0,0,523,795,6,7563,36,1140,4,36
"1171","2020-04-25",441,14,226,1211,6473,0.887532828672949,0,0,523,795,3,7566,20,1160,3,20
"1172","2020-04-26",428,14,239,1126,6473,0.887532828672949,0,0,523,795,7,7573,21,1181,4,21
"1173","2020-04-27",393,14,218,1042,6473,0.887532828672949,0,0,523,795,9,7582,10,1191,6,10
"1174","2020-04-28",385,14,204,965,6473,0.887532828672949,0,0,523,795,NA,NA,24,1215,NA,24
"1175","2020-04-29",357,14,206,869,6473,0.887532828672949,0,0,523,795,2,7584,42,1257,1,42
"1176","2020-04-30",347,14,193,814,6473,0.887532828672949,0,0,523,795,2,7586,32,1289,1,32
"1177","2020-05-01",309,14,206,764,6473,0.887532828672949,0,0,523,795,2,7588,32,1321,1,32
"1178","2020-05-02",286,14,223,702,6473,0.887532828672949,0,0,523,795,6,7594,31,1352,5,31
"1179","2020-05-03",272,14,241,624,6473,0.887532828672949,0,0,523,795,4,7598,16,1368,NA,16
"1180","2020-05-04",249,14,251,568,6473,0.887532828672949,0,0,523,795,2,7600,13,1381,NA,13
"1181","2020-05-05",223,14,251,521,6473,0.887532828672949,0,0,523,795,2,7602,47,1428,2,47
"1182","2020-05-06",196,14,254,466,6473,0.887532828672949,0,0,523,795,3,7605,29,1457,2,29
"1183","2020-05-07",176,14,225,435,6473,0.887532828672949,0,0,523,795,1,7606,15,1472,1,15
"1184","2020-05-08",169,14,209,385,6473,0.887532828672949,0,0,523,795,5,7611,12,1484,2,12
"1185","2020-05-09",153,14,198,351,6473,0.887532828672949,0,0,523,795,1,7612,5,1489,1,5
"1186","2020-05-10",130,14,173,334,6473,0.887532828672949,0,0,523,795,NA,NA,10,1499,NA,10
"1187","2020-05-11",115,14,181,303,6473,0.887532828672949,0,0,523,795,2,7614,61,1560,2,61
"1188","2020-05-12",96,14,184,281,6473,0.887532828672949,0,0,523,795,1,7615,43,1603,NA,43
"1189","2020-05-13",83,14,178,253,6473,0.887532828672949,0,0,523,795,3,7618,38,1641,1,38
"1190","2020-05-14",77,14,194,231,6473,0.887532828672949,0,0,523,795,1,7619,31,1672,NA,31
"1191","2020-05-15",54,14,197,207,6473,0.887532828672949,0,0,523,795,4,7623,43,1715,1,43
"1192","2020-05-16",54,14,207,185,6473,0.887532828672949,0,0,523,795,2,7625,22,1737,2,22
"1193","2020-05-17",49,14,189,177,6473,0.887532828672949,0,0,523,795,3,7628,18,1755,3,18
"1194","2020-05-18",45,14,195,176,6473,0.887532828672949,0,0,523,795,3,7631,11,1766,1,11
"1195","2020-05-19",48,14,188,169,6473,0.887532828672949,0,0,523,795,3,7634,58,1824,1,58
"1196","2020-05-20",49,14,197,170,6473,0.887532828672949,0,0,523,795,2,7636,25,1849,2,25
"1197","2020-05-21",50,14,213,163,6473,0.887532828672949,0,0,523,795,2,7638,38,1887,1,39
"1198","2020-05-22",49,14,192,159,6473,0.887532828672949,0,0,523,795,2,7640,6,1893,2,6
"1199","2020-05-23",42,14,195,154,6473,0.887532828672949,0,0,523,795,3,7643,7,1900,1,7
"1200","2020-05-24",46,14,217,144,6473,0.887532828672949,0,0,523,795,3,7646,10,1910,NA,10
"1201","2020-05-25",44,14,209,132,6473,0.887532828672949,0,0,523,795,1,7647,5,1915,1,5
"1202","2020-05-26",42,14,227,126,6473,0.887532828672949,0,0,523,795,1,7648,5,1920,1,5
"1203","2020-05-27",42,14,218,127,6473,0.887532828672949,0,0,523,795,NA,NA,41,1961,NA,41
"1204","2020-05-28",37,14,223,118,6473,0.887532828672949,0,0,523,795,2,7650,16,1977,2,16
"1205","2020-05-29",39,14,209,110,6473,0.887532828672949,0,0,523,795,1,7651,12,1989,1,12
"1206","2020-05-30",43,14,181,101,6473,0.887532828672949,0,0,523,795,1,7652,36,2025,NA,36
"1207","2020-05-31",38,14,177,101,6473,0.887532828672949,0,0,523,795,3,7655,39,2064,NA,39
"1208","2020-06-01",35,14,155,97,6473,0.887532828672949,0,0,523,795,NA,NA,39,2103,NA,39
"1209","2020-06-02",29,14,155,93,6473,0.887532828672949,0,0,523,795,1,7656,22,2125,NA,22
"1210","2020-06-03",26,14,155,86,6473,0.887532828672949,0,0,523,795,NA,NA,16,2141,NA,16
"1211","2020-06-04",25,14,152,85,6473,0.887532828672949,0,0,523,795,1,7657,18,2159,1,18
"1212","2020-06-05",22,14,159,89,6473,0.887532828672949,0,0,523,795,1,7658,30,2189,NA,30
"1213","2020-06-06",22,14,155,90,6473,0.887532828672949,0,0,523,795,1,7659,17,2206,1,17
"1214","2020-06-07",24,14,163,92,6473,0.887532828672949,0,0,523,795,1,7660,8,2214,1,8
"1215","2020-03-12",1,15,100,100,8737,0.838274007096257,0,0,712,791,55,93,11,26,1,11
"1216","2020-03-13",2,15,111,169,8737,0.838274007096257,0,0,712,791,44,137,2,28,3,2
"1217","2020-03-14",4,15,139,262,8737,0.838274007096257,0,0,712,791,47,184,13,41,7,13
"1218","2020-03-15",11,15,144,390,8737,0.838274007096257,0,0,712,791,64,248,13,54,16,13
"1219","2020-03-16",23,15,205,537,8737,0.838274007096257,0,0,712,791,68,316,24,78,19,24
"1220","2020-03-17",45,15,251,715,8737,0.838274007096257,0,0,712,791,66,382,11,89,23,11
"1221","2020-03-18",65,15,248,981,8737,0.838274007096257,0,0,712,791,61,443,22,111,21,22
"1222","2020-03-19",93,15,282,1262,8737,0.838274007096257,0,0,712,791,58,501,13,124,23,13
"1223","2020-03-20",138,15,276,1707,8737,0.838274007096257,0,0,712,791,81,582,17,141,40,17
"1224","2020-03-21",200,15,251,2115,8737,0.838274007096257,0,0,712,791,78,660,17,158,26,17
"1225","2020-03-22",251,15,214,2603,8737,0.838274007096257,0,0,712,791,74,734,19,177,21,19
"1226","2020-03-23",345,15,201,3100,8737,0.838274007096257,0,0,712,791,65,799,23,200,26,23
"1227","2020-03-24",424,15,226,3545,8737,0.838274007096257,0,0,712,791,66,865,25,225,34,25
"1228","2020-03-25",522,15,223,4026,8737,0.838274007096257,0,0,712,791,70,935,25,250,28,25
"1229","2020-03-26",643,15,227,4530,8737,0.838274007096257,0,0,712,791,80,1015,12,262,28,12
"1230","2020-03-27",758,15,255,4711,8737,0.838274007096257,0,0,712,791,70,1085,29,291,28,29
"1231","2020-03-28",892,15,241,5003,8737,0.838274007096257,0,0,712,791,81,1166,11,302,37,11
"1232","2020-03-29",1037,15,225,5054,8737,0.838274007096257,0,0,712,791,66,1232,10,312,24,10
"1233","2020-03-30",1150,15,205,5069,8737,0.838274007096257,0,0,712,791,71,1303,10,322,25,10
"1234","2020-03-31",1250,15,232,4963,8737,0.838274007096257,0,0,712,791,65,1368,13,335,25,13
"1235","2020-04-01",1351,15,227,4774,8737,0.838274007096257,0,0,712,791,65,1433,28,363,22,28
"1236","2020-04-02",1412,15,230,4481,8737,0.838274007096257,0,0,712,791,74,1507,11,374,22,11
"1237","2020-04-03",1450,15,276,4090,8737,0.838274007096257,0,0,712,791,74,1581,11,385,21,11
"1238","2020-04-04",1411,15,283,3697,8737,0.838274007096257,0,0,712,791,88,1669,14,399,36,14
"1239","2020-04-05",1376,15,293,3306,8737,0.838274007096257,0,0,712,791,86,1755,24,423,24,24
"1240","2020-04-06",1285,15,288,2878,8737,0.838274007096257,0,0,712,791,73,1828,18,441,24,18
"1241","2020-04-07",1205,15,312,2472,8737,0.838274007096257,0,0,712,791,79,1907,13,454,26,13
"1242","2020-04-08",1069,15,278,2060,8737,0.838274007096257,0,0,712,791,72,1979,27,481,25,27
"1243","2020-04-09",925,15,263,1732,8737,0.838274007096257,0,0,712,791,100,2079,17,498,39,17
"1244","2020-04-10",791,15,260,1444,8737,0.838274007096257,0,0,712,791,77,2156,32,530,29,32
"1245","2020-04-11",683,15,245,1187,8737,0.838274007096257,0,0,712,791,90,2246,16,546,28,16
"1246","2020-04-12",560,15,234,982,8737,0.838274007096257,0,0,712,791,73,2319,16,562,31,16
"1247","2020-04-13",471,15,230,795,8737,0.838274007096257,0,0,712,791,71,2390,18,580,11,18
"1248","2020-04-14",376,15,202,633,8737,0.838274007096257,0,0,712,791,83,2473,25,605,25,25
"1249","2020-04-15",316,15,203,505,8737,0.838274007096257,0,0,712,791,75,2548,23,628,29,23
"1250","2020-04-16",255,15,245,419,8737,0.838274007096257,0,0,712,791,87,2635,21,649,29,21
"1251","2020-04-17",205,15,272,349,8737,0.838274007096257,0,0,712,791,71,2706,20,669,30,20
"1252","2020-04-18",167,15,257,299,8737,0.838274007096257,0,0,712,791,81,2787,14,683,31,14
"1253","2020-04-19",132,15,233,254,8737,0.838274007096257,0,0,712,791,67,2854,14,697,23,14
"1254","2020-04-20",96,15,227,207,8737,0.838274007096257,0,0,712,791,61,2915,10,707,25,10
"1255","2020-04-21",77,15,207,163,8737,0.838274007096257,0,0,712,791,84,2999,14,721,34,14
"1256","2020-04-22",55,15,198,141,8737,0.838274007096257,0,0,712,791,81,3080,27,748,27,27
"1257","2020-04-23",53,15,187,122,8737,0.838274007096257,0,0,712,791,84,3164,17,765,33,17
"1258","2020-04-24",43,15,189,112,8737,0.838274007096257,0,0,712,791,62,3226,41,806,18,41
"1259","2020-04-25",34,15,243,92,8737,0.838274007096257,0,0,712,791,53,3279,24,830,16,24
"1260","2020-04-26",27,15,262,86,8737,0.838274007096257,0,0,712,791,52,3331,34,864,15,34
"1261","2020-04-27",25,15,299,80,8737,0.838274007096257,0,0,712,791,64,3395,28,892,17,28
"1262","2020-04-28",20,15,288,69,8737,0.838274007096257,0,0,712,791,58,3453,37,929,19,37
"1263","2020-04-29",22,15,268,62,8737,0.838274007096257,0,0,712,791,76,3529,26,955,25,26
"1264","2020-04-30",21,15,263,55,8737,0.838274007096257,0,0,712,791,57,3586,42,997,29,42
"1265","2020-05-01",19,15,248,53,8737,0.838274007096257,0,0,712,791,64,3650,40,1037,21,40
"1266","2020-05-02",17,15,256,46,8737,0.838274007096257,0,0,712,791,63,3713,29,1066,20,29
"1267","2020-05-03",18,15,254,43,8737,0.838274007096257,0,0,712,791,51,3764,29,1095,11,29
"1268","2020-05-04",20,15,276,40,8737,0.838274007096257,0,0,712,791,61,3825,30,1125,16,30
"1269","2020-05-05",19,15,253,39,8737,0.838274007096257,0,0,712,791,40,3865,43,1168,7,43
"1270","2020-05-06",17,15,218,39,8737,0.838274007096257,0,0,712,791,49,3914,44,1212,10,44
"1271","2020-05-07",15,15,214,38,8737,0.838274007096257,0,0,712,791,48,3962,38,1250,16,38
"1272","2020-05-08",12,15,186,38,8737,0.838274007096257,0,0,712,791,47,4009,28,1278,14,28
"1273","2020-05-09",11,15,179,33,8737,0.838274007096257,0,0,712,791,48,4057,40,1318,15,40
"1274","2020-05-10",10,15,161,33,8737,0.838274007096257,0,0,712,791,44,4101,30,1348,2,30
"1275","2020-05-11",9,15,174,32,8737,0.838274007096257,0,0,712,791,45,4146,32,1380,7,32
"1276","2020-05-12",9,15,157,32,8737,0.838274007096257,0,0,712,791,50,4196,21,1401,10,21
"1277","2020-05-13",8,15,152,30,8737,0.838274007096257,0,0,712,791,35,4231,21,1422,12,21
"1278","2020-05-14",12,15,151,25,8737,0.838274007096257,0,0,712,791,33,4264,16,1438,5,16
"1279","2020-05-15",15,15,159,25,8737,0.838274007096257,0,0,712,791,38,4302,14,1452,5,14
"1280","2020-05-16",14,15,165,26,8737,0.838274007096257,0,0,712,791,40,4342,19,1471,8,19
"1281","2020-05-17",12,15,167,24,8737,0.838274007096257,0,0,712,791,25,4367,5,1476,6,5
"1282","2020-05-18",10,15,155,22,8737,0.838274007096257,0,0,712,791,25,4392,16,1492,8,16
"1283","2020-05-19",9,15,155,25,8737,0.838274007096257,0,0,712,791,35,4427,26,1518,12,26
"1284","2020-05-20",10,15,174,25,8737,0.838274007096257,0,0,712,791,38,4465,19,1537,9,19
"1285","2020-05-21",6,15,192,24,8737,0.838274007096257,0,0,712,791,23,4488,15,1552,5,15
"1286","2020-05-22",3,15,215,20,8737,0.838274007096257,0,0,712,791,30,4518,15,1567,7,15
"1287","2020-05-23",3,15,228,21,8737,0.838274007096257,0,0,712,791,27,4545,16,1583,9,16
"1288","2020-05-24",2,15,259,21,8737,0.838274007096257,0,0,712,791,31,4576,5,1588,9,5
"1289","2020-05-25",3,15,279,19,8737,0.838274007096257,0,0,712,791,20,4596,9,1597,3,9
"1290","2020-05-26",3,15,256,19,8737,0.838274007096257,0,0,712,791,33,4629,16,1613,6,16
"1291","2020-05-27",3,15,269,20,8737,0.838274007096257,0,0,712,791,23,4652,18,1631,6,18
"1292","2020-05-28",2,15,237,20,8737,0.838274007096257,0,0,712,791,21,4673,15,1646,4,15
"1293","2020-05-29",3,15,212,17,8737,0.838274007096257,0,0,712,791,21,4694,17,1663,3,17
"1294","2020-05-30",4,15,194,17,8737,0.838274007096257,0,0,712,791,20,4714,21,1684,5,21
"1295","2020-05-31",4,15,230,18,8737,0.838274007096257,0,0,712,791,23,4737,10,1694,3,10
"1296","2020-06-01",5,15,242,18,8737,0.838274007096257,0,0,712,791,18,4755,14,1708,10,14
"1297","2020-06-02",5,15,209,19,8737,0.838274007096257,0,0,712,791,13,4768,9,1717,5,9
"1298","2020-06-03",5,15,188,16,8737,0.838274007096257,0,0,712,791,18,4786,19,1736,4,19
"1299","2020-06-04",5,15,176,14,8737,0.838274007096257,0,0,712,791,22,4808,15,1751,4,15
"1300","2020-06-05",4,15,184,14,8737,0.838274007096257,0,0,712,791,20,4828,15,1766,5,15
"1301","2020-06-06",3,15,166,12,8737,0.838274007096257,0,0,712,791,11,4839,10,1776,4,10
"1302","2020-06-07",3,15,162,13,8737,0.838274007096257,0,0,712,791,15,4854,4,1780,2,4
"1303","2020-03-14",1,16,81,45,2970,0.598989898989899,0,0,245,981,51,136,23,79,15,23
"1304","2020-03-15",2,16,94,56,2970,0.598989898989899,0,0,245,981,37,173,21,100,9,21
"1305","2020-03-16",6,16,94,69,2970,0.598989898989899,0,0,245,981,42,215,19,119,14,19
"1306","2020-03-17",7,16,88,86,2970,0.598989898989899,0,0,245,981,48,263,19,138,19,19
"1307","2020-03-18",11,16,89,105,2970,0.598989898989899,0,0,245,981,51,314,23,161,26,23
"1308","2020-03-19",14,16,116,137,2970,0.598989898989899,0,0,245,981,58,372,25,186,24,25
"1309","2020-03-20",20,16,108,165,2970,0.598989898989899,0,0,245,981,55,427,36,222,24,36
"1310","2020-03-21",26,16,112,180,2970,0.598989898989899,0,0,245,981,57,484,61,283,30,61
"1311","2020-03-22",35,16,106,206,2970,0.598989898989899,0,0,245,981,71,555,58,341,38,58
"1312","2020-03-23",38,16,99,237,2970,0.598989898989899,0,0,245,981,53,608,67,408,23,67
"1313","2020-03-24",46,16,115,260,2970,0.598989898989899,0,0,245,981,48,656,58,466,15,58
"1314","2020-03-25",49,16,142,293,2970,0.598989898989899,0,0,245,981,69,725,25,491,35,25
"1315","2020-03-26",58,16,186,309,2970,0.598989898989899,0,0,245,981,58,783,39,530,32,39
"1316","2020-03-27",64,16,197,321,2970,0.598989898989899,0,0,245,981,51,834,52,582,22,52
"1317","2020-03-28",68,16,226,346,2970,0.598989898989899,0,0,245,981,54,888,40,622,26,40
"1318","2020-03-29",74,16,207,363,2970,0.598989898989899,0,0,245,981,66,954,58,680,35,58
"1319","2020-03-30",76,16,189,370,2970,0.598989898989899,0,0,245,981,73,1027,73,753,29,73
"1320","2020-03-31",79,16,171,379,2970,0.598989898989899,0,0,245,981,66,1093,44,797,35,44
"1321","2020-04-01",87,16,167,371,2970,0.598989898989899,0,0,245,981,56,1149,59,856,17,59
"1322","2020-04-02",93,16,142,381,2970,0.598989898989899,0,0,245,981,73,1222,54,910,37,54
"1323","2020-04-03",101,16,150,390,2970,0.598989898989899,0,0,245,981,61,1283,67,977,29,67
"1324","2020-04-04",107,16,174,397,2970,0.598989898989899,0,0,245,981,70,1353,34,1011,22,34
"1325","2020-04-05",99,16,181,409,2970,0.598989898989899,0,0,245,981,66,1419,39,1050,29,39
"1326","2020-04-06",109,16,229,412,2970,0.598989898989899,0,0,245,981,64,1483,39,1089,25,39
"1327","2020-04-07",120,16,258,420,2970,0.598989898989899,0,0,245,981,61,1544,36,1125,33,36
"1328","2020-04-08",119,16,266,425,2970,0.598989898989899,0,0,245,981,71,1615,37,1162,32,37
"1329","2020-04-09",118,16,274,430,2970,0.598989898989899,0,0,245,981,75,1690,21,1183,31,21
"1330","2020-04-10",111,16,273,425,2970,0.598989898989899,0,0,245,981,73,1763,39,1222,32,39
"1331","2020-04-11",114,16,235,428,2970,0.598989898989899,0,0,245,981,54,1817,35,1257,25,35
"1332","2020-04-12",131,16,232,433,2970,0.598989898989899,0,0,245,981,53,1870,39,1296,27,39
"1333","2020-04-13",127,16,244,431,2970,0.598989898989899,0,0,245,981,65,1935,60,1356,22,60
"1334","2020-04-14",115,16,237,450,2970,0.598989898989899,0,0,245,981,60,1995,31,1387,22,31
"1335","2020-04-15",118,16,222,455,2970,0.598989898989899,0,0,245,981,65,2060,60,1447,27,60
"1336","2020-04-16",112,16,215,442,2970,0.598989898989899,0,0,245,981,65,2125,31,1478,24,31
"1337","2020-04-17",112,16,220,436,2970,0.598989898989899,0,0,245,981,64,2189,51,1529,29,51
"1338","2020-04-18",109,16,220,446,2970,0.598989898989899,0,0,245,981,59,2248,33,1562,25,33
"1339","2020-04-19",107,16,213,436,2970,0.598989898989899,0,0,245,981,60,2308,41,1603,27,41
"1340","2020-04-20",109,16,197,429,2970,0.598989898989899,0,0,245,981,70,2378,51,1654,29,51
"1341","2020-04-21",112,16,196,425,2970,0.598989898989899,0,0,245,981,47,2425,36,1690,16,36
"1342","2020-04-22",108,16,201,425,2970,0.598989898989899,0,0,245,981,73,2498,57,1747,29,57
"1343","2020-04-23",113,16,181,409,2970,0.598989898989899,0,0,245,981,63,2561,38,1785,26,38
"1344","2020-04-24",118,16,169,421,2970,0.598989898989899,0,0,245,981,64,2625,39,1824,17,39
"1345","2020-04-25",117,16,170,432,2970,0.598989898989899,0,0,245,981,52,2677,41,1865,19,41
"1346","2020-04-26",115,16,205,425,2970,0.598989898989899,0,0,245,981,57,2734,25,1890,28,25
"1347","2020-04-27",110,16,200,416,2970,0.598989898989899,0,0,245,981,67,2801,23,1913,28,23
"1348","2020-04-28",117,16,213,399,2970,0.598989898989899,0,0,245,981,56,2857,31,1944,20,31
"1349","2020-04-29",119,16,197,393,2970,0.598989898989899,0,0,245,981,59,2916,28,1972,18,28
"1350","2020-04-30",119,16,184,393,2970,0.598989898989899,0,0,245,981,64,2980,42,2014,29,42
"1351","2020-05-01",118,16,185,399,2970,0.598989898989899,0,0,245,981,58,3038,58,2072,28,58
"1352","2020-05-02",117,16,172,407,2970,0.598989898989899,0,0,245,981,43,3081,55,2127,18,55
"1353","2020-05-03",109,16,172,416,2970,0.598989898989899,0,0,245,981,53,3134,72,2199,23,72
"1354","2020-05-04",111,16,162,426,2970,0.598989898989899,0,0,245,981,55,3189,47,2246,24,47
"1355","2020-05-05",110,16,156,431,2970,0.598989898989899,0,0,245,981,61,3250,45,2291,27,45
"1356","2020-05-06",111,16,156,452,2970,0.598989898989899,0,0,245,981,58,3308,42,2333,22,42
"1357","2020-05-07",109,16,172,446,2970,0.598989898989899,0,0,245,981,37,3345,66,2399,12,66
"1358","2020-05-08",115,16,213,476,2970,0.598989898989899,0,0,245,981,44,3389,58,2457,19,58
"1359","2020-05-09",124,16,222,478,2970,0.598989898989899,0,0,245,981,41,3430,40,2497,13,40
"1360","2020-05-10",140,16,211,484,2970,0.598989898989899,0,0,245,981,58,3488,40,2537,26,40
"1361","2020-05-11",146,16,221,486,2970,0.598989898989899,0,0,245,981,41,3529,31,2568,16,31
"1362","2020-05-12",151,16,210,492,2970,0.598989898989899,0,0,245,981,41,3570,40,2608,11,40
"1363","2020-05-13",148,16,196,500,2970,0.598989898989899,0,0,245,981,55,3625,32,2640,19,32
"1364","2020-05-14",156,16,194,502,2970,0.598989898989899,0,0,245,981,39,3664,38,2678,12,38
"1365","2020-05-15",154,16,235,490,2970,0.598989898989899,0,0,245,981,48,3712,41,2719,16,41
"1366","2020-05-16",153,16,252,482,2970,0.598989898989899,0,0,245,981,30,3742,45,2764,12,45
"1367","2020-05-17",133,16,238,477,2970,0.598989898989899,0,0,245,981,52,3794,56,2820,30,56
"1368","2020-05-18",133,16,215,456,2970,0.598989898989899,0,0,245,981,41,3835,48,2868,16,48
"1369","2020-05-19",127,16,206,430,2970,0.598989898989899,0,0,245,981,40,3875,34,2902,18,34
"1370","2020-05-20",128,16,197,387,2970,0.598989898989899,0,0,245,981,41,3916,49,2951,16,49
"1371","2020-05-21",125,16,203,373,2970,0.598989898989899,0,0,245,981,31,3947,59,3010,13,59
"1372","2020-05-22",124,16,214,357,2970,0.598989898989899,0,0,245,981,33,3980,50,3060,14,50
"1373","2020-05-23",108,16,220,343,2970,0.598989898989899,0,0,245,981,36,4016,47,3107,22,47
"1374","2020-05-24",112,16,198,335,2970,0.598989898989899,0,0,245,981,20,4036,52,3159,6,52
"1375","2020-05-25",110,16,182,315,2970,0.598989898989899,0,0,245,981,32,4068,36,3195,16,36
"1376","2020-05-26",110,16,176,309,2970,0.598989898989899,0,0,245,981,31,4099,49,3244,16,49
"1377","2020-05-27",103,16,157,292,2970,0.598989898989899,0,0,245,981,26,4125,40,3284,12,40
"1378","2020-05-28",95,16,161,269,2970,0.598989898989899,0,0,245,981,27,4152,32,3316,10,32
"1379","2020-05-29",86,16,154,269,2970,0.598989898989899,0,0,245,981,25,4177,25,3341,9,25
"1380","2020-05-30",94,16,161,254,2970,0.598989898989899,0,0,245,981,15,4192,31,3372,8,31
"1381","2020-05-31",92,16,166,238,2970,0.598989898989899,0,0,245,981,21,4213,32,3404,8,32
"1382","2020-06-01",84,16,146,237,2970,0.598989898989899,0,0,245,981,20,4233,30,3434,7,30
"1383","2020-06-02",73,16,163,241,2970,0.598989898989899,0,0,245,981,28,4261,36,3470,10,36
"1384","2020-06-03",78,16,184,227,2970,0.598989898989899,0,0,245,981,27,4288,19,3489,8,19
"1385","2020-06-04",69,16,161,229,2970,0.598989898989899,0,0,245,981,7,4295,40,3529,3,40
"1386","2020-06-05",65,16,170,216,2970,0.598989898989899,0,0,245,981,19,4314,42,3571,8,42
"1387","2020-06-06",57,16,176,219,2970,0.598989898989899,0,0,245,981,16,4330,28,3599,7,28
"1388","2020-06-07",61,16,175,203,2970,0.598989898989899,0,0,245,981,10,4340,51,3650,3,51
"1389","2020-03-13",1,17,82,74,3355,0.278688524590164,0,0,331,785,10,23,10,25,6,10
"1390","2020-03-14",5,17,124,106,3355,0.278688524590164,0,0,331,785,12,35,4,29,9,4
"1391","2020-03-15",7,17,139,140,3355,0.278688524590164,0,0,331,785,18,53,14,43,16,14
"1392","2020-03-16",12,17,146,188,3355,0.278688524590164,0,0,331,785,33,86,21,64,26,21
"1393","2020-03-17",20,17,160,224,3355,0.278688524590164,0,0,331,785,28,114,12,76,21,12
"1394","2020-03-18",31,17,136,256,3355,0.278688524590164,0,0,331,785,35,149,10,86,32,10
"1395","2020-03-19",36,17,135,278,3355,0.278688524590164,0,0,331,785,56,205,2,88,49,2
"1396","2020-03-20",43,17,133,301,3355,0.278688524590164,0,0,331,785,45,250,18,106,42,18
"1397","2020-03-21",47,17,178,321,3355,0.278688524590164,0,0,331,785,66,316,6,112,61,6
"1398","2020-03-22",58,17,188,343,3355,0.278688524590164,0,0,331,785,74,390,13,125,70,13
"1399","2020-03-23",66,17,183,357,3355,0.278688524590164,0,0,331,785,106,496,32,157,100,32
"1400","2020-03-24",72,17,204,364,3355,0.278688524590164,0,0,331,785,131,627,40,197,125,40
"1401","2020-03-25",74,17,234,366,3355,0.278688524590164,0,0,331,785,128,755,15,212,125,15
"1402","2020-03-26",84,17,212,387,3355,0.278688524590164,0,0,331,785,145,900,38,250,141,38
"1403","2020-03-27",93,17,189,384,3355,0.278688524590164,0,0,331,785,188,1088,24,274,182,24
"1404","2020-03-28",99,17,163,399,3355,0.278688524590164,0,0,331,785,201,1289,47,321,199,47
"1405","2020-03-29",105,17,174,399,3355,0.278688524590164,0,0,331,785,239,1528,16,337,232,16
"1406","2020-03-30",108,17,173,417,3355,0.278688524590164,0,0,331,785,344,1872,19,356,337,19
"1407","2020-03-31",114,17,181,421,3355,0.278688524590164,0,0,331,785,260,2132,16,372,251,16
"1408","2020-04-01",125,17,152,436,3355,0.278688524590164,0,0,331,785,318,2450,18,390,306,18
"1409","2020-04-02",127,17,159,446,3355,0.278688524590164,0,0,331,785,396,2846,37,427,390,37
"1410","2020-04-03",126,17,179,461,3355,0.278688524590164,0,0,331,785,333,3179,29,456,330,29
"1411","2020-04-04",130,17,178,461,3355,0.278688524590164,0,0,331,785,361,3540,49,505,356,49
"1412","2020-04-05",127,17,204,471,3355,0.278688524590164,0,0,331,785,476,4016,25,530,474,25
"1413","2020-04-06",129,17,218,464,3355,0.278688524590164,0,0,331,785,389,4405,30,560,387,30
"1414","2020-04-07",129,17,213,469,3355,0.278688524590164,0,0,331,785,345,4750,20,580,338,20
"1415","2020-04-08",128,17,194,484,3355,0.278688524590164,0,0,331,785,357,5107,32,612,353,32
"1416","2020-04-09",126,17,205,493,3355,0.278688524590164,0,0,331,785,329,5436,23,635,325,23
"1417","2020-04-10",130,17,185,501,3355,0.278688524590164,0,0,331,785,378,5814,12,647,376,12
"1418","2020-04-11",130,17,193,506,3355,0.278688524590164,0,0,331,785,213,6027,17,664,211,17
"1419","2020-04-12",134,17,206,521,3355,0.278688524590164,0,0,331,785,180,6207,35,699,177,35
"1420","2020-04-13",135,17,194,513,3355,0.278688524590164,0,0,331,785,191,6398,29,728,190,29
"1421","2020-04-14",138,17,195,517,3355,0.278688524590164,0,0,331,785,149,6547,29,757,146,29
"1422","2020-04-15",133,17,195,495,3355,0.278688524590164,0,0,331,785,132,6679,50,807,130,50
"1423","2020-04-16",142,17,177,500,3355,0.278688524590164,0,0,331,785,98,6777,55,862,97,55
"1424","2020-04-17",142,17,158,500,3355,0.278688524590164,0,0,331,785,91,6868,16,878,90,16
"1425","2020-04-18",144,17,145,501,3355,0.278688524590164,0,0,331,785,50,6918,13,891,49,13
"1426","2020-04-19",145,17,152,493,3355,0.278688524590164,0,0,331,785,40,6958,23,914,39,23
"1427","2020-04-20",143,17,162,496,3355,0.278688524590164,0,0,331,785,44,7002,51,965,43,51
"1428","2020-04-21",132,17,174,498,3355,0.278688524590164,0,0,331,785,30,7032,70,1035,28,70
"1429","2020-04-22",133,17,191,504,3355,0.278688524590164,0,0,331,785,45,7077,48,1083,44,48
"1430","2020-04-23",132,17,223,504,3355,0.278688524590164,0,0,331,785,37,7114,35,1118,36,35
"1431","2020-04-24",128,17,215,511,3355,0.278688524590164,0,0,331,785,16,7130,21,1139,15,21
"1432","2020-04-25",123,17,246,511,3355,0.278688524590164,0,0,331,785,21,7151,11,1150,19,11
"1433","2020-04-26",114,17,232,505,3355,0.278688524590164,0,0,331,785,16,7167,13,1163,16,13
"1434","2020-04-27",123,17,213,496,3355,0.278688524590164,0,0,331,785,13,7180,16,1179,13,16
"1435","2020-04-28",131,17,225,491,3355,0.278688524590164,0,0,331,785,9,7189,16,1195,6,16
"1436","2020-04-29",128,17,235,483,3355,0.278688524590164,0,0,331,785,8,7197,63,1258,6,63
"1437","2020-04-30",125,17,256,480,3355,0.278688524590164,0,0,331,785,8,7205,63,1321,8,63
"1438","2020-05-01",127,17,258,464,3355,0.278688524590164,0,0,331,785,11,7216,33,1354,11,33
"1439","2020-05-02",130,17,280,474,3355,0.278688524590164,0,0,331,785,14,7230,23,1377,13,23
"1440","2020-05-03",134,17,263,475,3355,0.278688524590164,0,0,331,785,3,7233,47,1424,3,47
"1441","2020-05-04",122,17,275,468,3355,0.278688524590164,0,0,331,785,8,7241,19,1443,8,19
"1442","2020-05-05",117,17,262,457,3355,0.278688524590164,0,0,331,785,6,7247,15,1458,6,15
"1443","2020-05-06",119,17,250,444,3355,0.278688524590164,0,0,331,785,1,7248,24,1482,1,24
"1444","2020-05-07",127,17,206,443,3355,0.278688524590164,0,0,331,785,2,7250,43,1525,2,43
"1445","2020-05-08",120,17,200,433,3355,0.278688524590164,0,0,331,785,4,7254,69,1594,4,69
"1446","2020-05-09",118,17,210,461,3355,0.278688524590164,0,0,331,785,5,7259,58,1652,5,58
"1447","2020-05-10",122,17,193,455,3355,0.278688524590164,0,0,331,785,2,7261,33,1685,1,33
"1448","2020-05-11",125,17,194,432,3355,0.278688524590164,0,0,331,785,8,7269,69,1754,8,69
"1449","2020-05-12",130,17,205,417,3355,0.278688524590164,0,0,331,785,4,7273,54,1808,4,54
"1450","2020-05-13",131,17,182,417,3355,0.278688524590164,0,0,331,785,4,7277,52,1860,3,52
"1451","2020-05-14",121,17,171,412,3355,0.278688524590164,0,0,331,785,4,7281,60,1920,4,60
"1452","2020-05-15",127,17,185,401,3355,0.278688524590164,0,0,331,785,2,7283,27,1947,2,27
"1453","2020-05-16",129,17,202,385,3355,0.278688524590164,0,0,331,785,5,7288,33,1980,4,33
"1454","2020-05-17",121,17,189,371,3355,0.278688524590164,0,0,331,785,4,7292,17,1997,4,17
"1455","2020-05-18",118,17,193,365,3355,0.278688524590164,0,0,331,785,1,7293,35,2032,NA,35
"1456","2020-05-19",109,17,189,356,3355,0.278688524590164,0,0,331,785,2,7295,40,2072,1,40
"1457","2020-05-20",98,17,212,354,3355,0.278688524590164,0,0,331,785,1,7296,56,2128,1,56
"1458","2020-05-21",95,17,206,346,3355,0.278688524590164,0,0,331,785,2,7298,50,2178,2,50
"1459","2020-05-22",92,17,188,347,3355,0.278688524590164,0,0,331,785,1,7299,30,2208,1,30
"1460","2020-05-23",87,17,179,343,3355,0.278688524590164,0,0,331,785,6,7305,15,2223,6,15
"1461","2020-05-24",93,17,221,334,3355,0.278688524590164,0,0,331,785,2,7307,19,2242,1,19
"1462","2020-05-25",92,17,224,325,3355,0.278688524590164,0,0,331,785,2,7309,11,2253,2,11
"1463","2020-05-26",93,17,228,310,3355,0.278688524590164,0,0,331,785,2,7311,17,2270,2,17
"1464","2020-05-27",93,17,211,291,3355,0.278688524590164,0,0,331,785,2,7313,31,2301,1,31
"1465","2020-05-28",87,17,200,281,3355,0.278688524590164,0,0,331,785,2,7315,14,2315,1,14
"1466","2020-05-29",83,17,168,273,3355,0.278688524590164,0,0,331,785,2,7317,13,2328,1,13
"1467","2020-05-30",87,17,171,264,3355,0.278688524590164,0,0,331,785,1,7318,6,2334,NA,6
"1468","2020-05-31",79,17,195,259,3355,0.278688524590164,0,0,331,785,NA,NA,13,2347,NA,13
"1469","2020-06-01",74,17,189,251,3355,0.278688524590164,0,0,331,785,1,7319,7,2354,1,7
"1470","2020-06-02",71,17,184,243,3355,0.278688524590164,0,0,331,785,NA,NA,9,2363,NA,9
"1471","2020-06-03",71,17,190,224,3355,0.278688524590164,0,0,331,785,1,7320,30,2393,1,30
"1472","2020-06-04",72,17,183,217,3355,0.278688524590164,0,0,331,785,2,7322,19,2412,NA,19
"1473","2020-06-05",76,17,172,207,3355,0.278688524590164,0,0,331,785,3,7325,16,2428,1,16
"1474","2020-06-06",67,17,176,200,3355,0.278688524590164,0,0,331,785,NA,NA,11,2439,NA,11
"1475","2020-06-07",67,17,173,189,3355,0.278688524590164,0,0,331,785,NA,NA,18,2457,NA,18
"1476","2020-03-15",1,18,95,73,3018,0.608681245858184,0,0,308,1070,6,45,17,58,NA,17
"1477","2020-03-16",4,18,83,97,3018,0.608681245858184,0,0,308,1070,17,62,12,70,10,12
"1478","2020-03-17",9,18,74,119,3018,0.608681245858184,0,0,308,1070,27,89,31,101,12,31
"1479","2020-03-18",15,18,85,141,3018,0.608681245858184,0,0,308,1070,15,104,34,135,8,34
"1480","2020-03-19",18,18,114,163,3018,0.608681245858184,0,0,308,1070,17,121,32,167,7,32
"1481","2020-03-20",27,18,123,196,3018,0.608681245858184,0,0,308,1070,29,150,20,187,20,20
"1482","2020-03-21",35,18,106,224,3018,0.608681245858184,0,0,308,1070,14,164,23,210,8,23
"1483","2020-03-22",44,18,106,239,3018,0.608681245858184,0,0,308,1070,18,182,37,247,11,37
"1484","2020-03-23",51,18,149,253,3018,0.608681245858184,0,0,308,1070,11,193,31,278,6,31
"1485","2020-03-24",53,18,149,269,3018,0.608681245858184,0,0,308,1070,16,209,38,316,8,38
"1486","2020-03-25",56,18,133,283,3018,0.608681245858184,0,0,308,1070,22,231,13,329,11,13
"1487","2020-03-26",63,18,126,297,3018,0.608681245858184,0,0,308,1070,12,243,11,340,6,11
"1488","2020-03-27",66,18,156,330,3018,0.608681245858184,0,0,308,1070,14,257,34,374,6,34
"1489","2020-03-28",64,18,182,342,3018,0.608681245858184,0,0,308,1070,16,273,37,411,13,37
"1490","2020-03-29",65,18,160,347,3018,0.608681245858184,0,0,308,1070,19,292,34,445,13,34
"1491","2020-03-30",72,18,158,357,3018,0.608681245858184,0,0,308,1070,12,304,30,475,7,30
"1492","2020-03-31",81,18,181,352,3018,0.608681245858184,0,0,308,1070,13,317,26,501,4,26
"1493","2020-04-01",96,18,171,364,3018,0.608681245858184,0,0,308,1070,15,332,21,522,4,21
"1494","2020-04-02",94,18,169,368,3018,0.608681245858184,0,0,308,1070,18,350,23,545,6,23
"1495","2020-04-03",101,18,146,386,3018,0.608681245858184,0,0,308,1070,15,365,20,565,9,20
"1496","2020-04-04",115,18,153,382,3018,0.608681245858184,0,0,308,1070,22,387,21,586,9,21
"1497","2020-04-05",119,18,189,382,3018,0.608681245858184,0,0,308,1070,25,412,16,602,14,16
"1498","2020-04-06",121,18,185,386,3018,0.608681245858184,0,0,308,1070,22,434,34,636,10,34
"1499","2020-04-07",119,18,194,394,3018,0.608681245858184,0,0,308,1070,10,444,47,683,7,47
"1500","2020-04-08",108,18,202,405,3018,0.608681245858184,0,0,308,1070,17,461,32,715,10,32
"1501","2020-04-09",122,18,201,409,3018,0.608681245858184,0,0,308,1070,25,486,20,735,12,20
"1502","2020-04-10",115,18,205,402,3018,0.608681245858184,0,0,308,1070,30,516,38,773,22,38
"1503","2020-04-11",115,18,196,428,3018,0.608681245858184,0,0,308,1070,17,533,31,804,10,31
"1504","2020-04-12",118,18,212,425,3018,0.608681245858184,0,0,308,1070,23,556,21,825,15,21
"1505","2020-04-13",116,18,200,422,3018,0.608681245858184,0,0,308,1070,25,581,17,842,17,17
"1506","2020-04-14",118,18,195,431,3018,0.608681245858184,0,0,308,1070,21,602,11,853,12,11
"1507","2020-04-15",118,18,218,428,3018,0.608681245858184,0,0,308,1070,29,631,42,895,18,42
"1508","2020-04-16",119,18,195,443,3018,0.608681245858184,0,0,308,1070,21,652,24,919,13,24
"1509","2020-04-17",120,18,191,438,3018,0.608681245858184,0,0,308,1070,33,685,29,948,17,29
"1510","2020-04-18",120,18,201,446,3018,0.608681245858184,0,0,308,1070,21,706,36,984,14,36
"1511","2020-04-19",129,18,194,444,3018,0.608681245858184,0,0,308,1070,38,744,27,1011,21,27
"1512","2020-04-20",128,18,181,443,3018,0.608681245858184,0,0,308,1070,34,778,18,1029,21,18
"1513","2020-04-21",132,18,174,455,3018,0.608681245858184,0,0,308,1070,34,812,14,1043,23,14
"1514","2020-04-22",136,18,185,447,3018,0.608681245858184,0,0,308,1070,29,841,10,1053,18,10
"1515","2020-04-23",132,18,193,449,3018,0.608681245858184,0,0,308,1070,29,870,17,1070,16,17
"1516","2020-04-24",136,18,188,457,3018,0.608681245858184,0,0,308,1070,31,901,41,1111,18,41
"1517","2020-04-25",130,18,170,460,3018,0.608681245858184,0,0,308,1070,31,932,55,1166,20,55
"1518","2020-04-26",121,18,160,465,3018,0.608681245858184,0,0,308,1070,25,957,33,1199,11,33
"1519","2020-04-27",127,18,156,469,3018,0.608681245858184,0,0,308,1070,29,986,46,1245,18,46
"1520","2020-04-28",124,18,135,474,3018,0.608681245858184,0,0,308,1070,32,1018,16,1261,21,16
"1521","2020-04-29",133,18,123,458,3018,0.608681245858184,0,0,308,1070,28,1046,46,1307,22,46
"1522","2020-04-30",126,18,136,460,3018,0.608681245858184,0,0,308,1070,34,1080,20,1327,20,20
"1523","2020-05-01",130,18,184,466,3018,0.608681245858184,0,0,308,1070,29,1109,53,1380,19,53
"1524","2020-05-02",142,18,233,458,3018,0.608681245858184,0,0,308,1070,26,1135,23,1403,11,23
"1525","2020-05-03",142,18,223,466,3018,0.608681245858184,0,0,308,1070,19,1154,22,1425,8,22
"1526","2020-05-04",134,18,184,481,3018,0.608681245858184,0,0,308,1070,21,1175,19,1444,13,19
"1527","2020-05-05",135,18,175,481,3018,0.608681245858184,0,0,308,1070,25,1200,8,1452,19,8
"1528","2020-05-06",136,18,171,484,3018,0.608681245858184,0,0,308,1070,19,1219,9,1461,13,9
"1529","2020-05-07",144,18,222,493,3018,0.608681245858184,0,0,308,1070,26,1245,27,1488,16,27
"1530","2020-05-08",146,18,248,481,3018,0.608681245858184,0,0,308,1070,26,1271,16,1504,14,16
"1531","2020-05-09",138,18,279,471,3018,0.608681245858184,0,0,308,1070,21,1292,20,1524,12,20
"1532","2020-05-10",145,18,262,477,3018,0.608681245858184,0,0,308,1070,20,1312,38,1562,12,38
"1533","2020-05-11",152,18,243,480,3018,0.608681245858184,0,0,308,1070,14,1326,26,1588,7,26
"1534","2020-05-12",147,18,219,468,3018,0.608681245858184,0,0,308,1070,15,1341,29,1617,5,29
"1535","2020-05-13",143,18,241,470,3018,0.608681245858184,0,0,308,1070,16,1357,33,1650,7,33
"1536","2020-05-14",138,18,240,459,3018,0.608681245858184,0,0,308,1070,18,1375,24,1674,14,24
"1537","2020-05-15",131,18,222,471,3018,0.608681245858184,0,0,308,1070,23,1398,36,1710,12,36
"1538","2020-05-16",135,18,222,443,3018,0.608681245858184,0,0,308,1070,12,1410,33,1743,8,33
"1539","2020-05-17",125,18,251,435,3018,0.608681245858184,0,0,308,1070,14,1424,27,1770,8,27
"1540","2020-05-18",129,18,264,420,3018,0.608681245858184,0,0,308,1070,19,1443,21,1791,11,21
"1541","2020-05-19",127,18,236,385,3018,0.608681245858184,0,0,308,1070,19,1462,11,1802,13,11
"1542","2020-05-20",120,18,234,370,3018,0.608681245858184,0,0,308,1070,19,1481,33,1835,11,33
"1543","2020-05-21",117,18,219,363,3018,0.608681245858184,0,0,308,1070,21,1502,44,1879,16,44
"1544","2020-05-22",113,18,236,350,3018,0.608681245858184,0,0,308,1070,14,1516,29,1908,11,29
"1545","2020-05-23",102,18,209,332,3018,0.608681245858184,0,0,308,1070,17,1533,26,1934,9,26
"1546","2020-05-24",100,18,205,322,3018,0.608681245858184,0,0,308,1070,16,1549,32,1966,11,32
"1547","2020-05-25",90,18,194,311,3018,0.608681245858184,0,0,308,1070,12,1561,42,2008,4,42
"1548","2020-05-26",96,18,179,296,3018,0.608681245858184,0,0,308,1070,16,1577,23,2031,6,23
"1549","2020-05-27",97,18,153,289,3018,0.608681245858184,0,0,308,1070,16,1593,17,2048,11,17
"1550","2020-05-28",93,18,137,281,3018,0.608681245858184,0,0,308,1070,16,1609,9,2057,9,9
"1551","2020-05-29",91,18,165,280,3018,0.608681245858184,0,0,308,1070,8,1617,14,2071,2,14
"1552","2020-05-30",92,18,151,282,3018,0.608681245858184,0,0,308,1070,14,1631,18,2089,8,18
"1553","2020-05-31",86,18,163,282,3018,0.608681245858184,0,0,308,1070,11,1642,22,2111,5,22
"1554","2020-06-01",87,18,151,269,3018,0.608681245858184,0,0,308,1070,15,1657,11,2122,10,11
"1555","2020-06-02",77,18,143,253,3018,0.608681245858184,0,0,308,1070,10,1667,33,2155,7,33
"1556","2020-06-03",68,18,128,235,3018,0.608681245858184,0,0,308,1070,15,1682,17,2172,12,17
"1557","2020-06-04",67,18,136,224,3018,0.608681245858184,0,0,308,1070,20,1702,23,2195,17,23
"1558","2020-06-05",67,18,127,212,3018,0.608681245858184,0,0,308,1070,13,1715,33,2228,9,33
"1559","2020-06-06",63,18,131,204,3018,0.608681245858184,0,0,308,1070,10,1725,41,2269,6,41
"1560","2020-06-07",64,18,151,206,3018,0.608681245858184,0,0,308,1070,12,1737,36,2305,8,36
"1561","2020-03-13",1,19,64,76,3304,0.261501210653753,0,0,277,594,33,82,30,84,3,30
"1562","2020-03-14",3,19,73,97,3304,0.261501210653753,0,0,277,594,35,117,18,102,13,18
"1563","2020-03-15",11,19,87,118,3304,0.261501210653753,0,0,277,594,47,164,23,125,9,23
"1564","2020-03-16",15,19,103,137,3304,0.261501210653753,0,0,277,594,29,193,17,142,8,17
"1565","2020-03-17",19,19,105,170,3304,0.261501210653753,0,0,277,594,39,232,33,175,13,33
"1566","2020-03-18",27,19,95,214,3304,0.261501210653753,0,0,277,594,51,283,16,191,24,16
"1567","2020-03-19",36,19,97,234,3304,0.261501210653753,0,0,277,594,46,329,18,209,23,18
"1568","2020-03-20",44,19,117,260,3304,0.261501210653753,0,0,277,594,47,376,45,254,22,45
"1569","2020-03-21",53,19,127,277,3304,0.261501210653753,0,0,277,594,44,420,41,295,20,41
"1570","2020-03-22",57,19,124,315,3304,0.261501210653753,0,0,277,594,51,471,45,340,26,45
"1571","2020-03-23",61,19,138,322,3304,0.261501210653753,0,0,277,594,40,511,22,362,17,22
"1572","2020-03-24",69,19,138,340,3304,0.261501210653753,0,0,277,594,46,557,21,383,22,21
"1573","2020-03-25",79,19,143,354,3304,0.261501210653753,0,0,277,594,53,610,38,421,20,38
"1574","2020-03-26",82,19,147,373,3304,0.261501210653753,0,0,277,594,44,654,47,468,20,47
"1575","2020-03-27",88,19,156,394,3304,0.261501210653753,0,0,277,594,65,719,19,487,21,19
"1576","2020-03-28",93,19,168,409,3304,0.261501210653753,0,0,277,594,49,768,34,521,17,34
"1577","2020-03-29",89,19,162,416,3304,0.261501210653753,0,0,277,594,51,819,37,558,19,37
"1578","2020-03-30",93,19,198,424,3304,0.261501210653753,0,0,277,594,46,865,20,578,18,20
"1579","2020-03-31",103,19,209,434,3304,0.261501210653753,0,0,277,594,52,917,44,622,28,44
"1580","2020-04-01",104,19,192,439,3304,0.261501210653753,0,0,277,594,43,960,27,649,19,27
"1581","2020-04-02",113,19,203,455,3304,0.261501210653753,0,0,277,594,51,1011,7,656,30,7
"1582","2020-04-03",119,19,225,448,3304,0.261501210653753,0,0,277,594,70,1081,21,677,33,21
"1583","2020-04-04",120,19,200,470,3304,0.261501210653753,0,0,277,594,62,1143,38,715,44,38
"1584","2020-04-05",139,19,198,464,3304,0.261501210653753,0,0,277,594,68,1211,19,734,44,19
"1585","2020-04-06",147,19,201,472,3304,0.261501210653753,0,0,277,594,73,1284,19,753,33,19
"1586","2020-04-07",140,19,209,472,3304,0.261501210653753,0,0,277,594,78,1362,14,767,36,14
"1587","2020-04-08",134,19,193,475,3304,0.261501210653753,0,0,277,594,69,1431,17,784,34,17
"1588","2020-04-09",132,19,157,485,3304,0.261501210653753,0,0,277,594,60,1491,49,833,26,49
"1589","2020-04-10",133,19,139,474,3304,0.261501210653753,0,0,277,594,69,1560,74,907,32,74
"1590","2020-04-11",131,19,140,476,3304,0.261501210653753,0,0,277,594,72,1632,30,937,38,30
"1591","2020-04-12",122,19,161,478,3304,0.261501210653753,0,0,277,594,61,1693,17,954,31,17
"1592","2020-04-13",131,19,154,477,3304,0.261501210653753,0,0,277,594,57,1750,22,976,24,22
"1593","2020-04-14",143,19,147,490,3304,0.261501210653753,0,0,277,594,59,1809,21,997,25,21
"1594","2020-04-15",145,19,149,500,3304,0.261501210653753,0,0,277,594,64,1873,30,1027,28,30
"1595","2020-04-16",142,19,171,502,3304,0.261501210653753,0,0,277,594,53,1926,23,1050,23,23
"1596","2020-04-17",142,19,173,513,3304,0.261501210653753,0,0,277,594,51,1977,20,1070,20,20
"1597","2020-04-18",146,19,168,505,3304,0.261501210653753,0,0,277,594,54,2031,25,1095,18,25
"1598","2020-04-19",151,19,168,511,3304,0.261501210653753,0,0,277,594,66,2097,41,1136,29,41
"1599","2020-04-20",140,19,177,514,3304,0.261501210653753,0,0,277,594,62,2159,46,1182,21,46
"1600","2020-04-21",127,19,208,529,3304,0.261501210653753,0,0,277,594,71,2230,65,1247,29,65
"1601","2020-04-22",135,19,225,516,3304,0.261501210653753,0,0,277,594,52,2282,25,1272,19,25
"1602","2020-04-23",138,19,237,505,3304,0.261501210653753,0,0,277,594,47,2329,22,1294,14,22
"1603","2020-04-24",143,19,226,495,3304,0.261501210653753,0,0,277,594,45,2374,50,1344,17,50
"1604","2020-04-25",136,19,199,495,3304,0.261501210653753,0,0,277,594,56,2430,29,1373,19,29
"1605","2020-04-26",137,19,183,510,3304,0.261501210653753,0,0,277,594,57,2487,50,1423,23,50
"1606","2020-04-27",142,19,158,510,3304,0.261501210653753,0,0,277,594,55,2542,71,1494,20,71
"1607","2020-04-28",157,19,147,505,3304,0.261501210653753,0,0,277,594,63,2605,24,1518,25,24
"1608","2020-04-29",159,19,138,489,3304,0.261501210653753,0,0,277,594,38,2643,27,1545,12,27
"1609","2020-04-30",157,19,160,495,3304,0.261501210653753,0,0,277,594,47,2690,47,1592,17,47
"1610","2020-05-01",148,19,151,498,3304,0.261501210653753,0,0,277,594,53,2743,26,1618,23,26
"1611","2020-05-02",162,19,138,484,3304,0.261501210653753,0,0,277,594,44,2787,27,1645,17,27
"1612","2020-05-03",151,19,135,478,3304,0.261501210653753,0,0,277,594,53,2840,51,1696,15,51
"1613","2020-05-04",150,19,118,487,3304,0.261501210653753,0,0,277,594,49,2889,18,1714,15,18
"1614","2020-05-05",139,19,116,478,3304,0.261501210653753,0,0,277,594,44,2933,46,1760,16,46
"1615","2020-05-06",140,19,100,502,3304,0.261501210653753,0,0,277,594,48,2981,27,1787,15,27
"1616","2020-05-07",139,19,108,493,3304,0.261501210653753,0,0,277,594,52,3033,37,1824,20,37
"1617","2020-05-08",141,19,144,472,3304,0.261501210653753,0,0,277,594,37,3070,22,1846,8,22
"1618","2020-05-09",133,19,147,461,3304,0.261501210653753,0,0,277,594,53,3123,45,1891,23,45
"1619","2020-05-10",142,19,139,438,3304,0.261501210653753,0,0,277,594,40,3163,29,1920,13,29
"1620","2020-05-11",139,19,126,447,3304,0.261501210653753,0,0,277,594,52,3215,34,1954,18,34
"1621","2020-05-12",139,19,125,443,3304,0.261501210653753,0,0,277,594,43,3258,41,1995,14,41
"1622","2020-05-13",131,19,103,434,3304,0.261501210653753,0,0,277,594,55,3313,54,2049,21,54
"1623","2020-05-14",132,19,96,418,3304,0.261501210653753,0,0,277,594,38,3351,34,2083,14,34
"1624","2020-05-15",131,19,103,412,3304,0.261501210653753,0,0,277,594,43,3394,32,2115,23,32
"1625","2020-05-16",126,19,133,404,3304,0.261501210653753,0,0,277,594,30,3424,52,2167,14,52
"1626","2020-05-17",123,19,153,409,3304,0.261501210653753,0,0,277,594,37,3461,65,2232,20,65
"1627","2020-05-18",120,19,149,399,3304,0.261501210653753,0,0,277,594,41,3502,47,2279,18,47
"1628","2020-05-19",115,19,128,382,3304,0.261501210653753,0,0,277,594,20,3522,59,2338,6,59
"1629","2020-05-20",114,19,147,366,3304,0.261501210653753,0,0,277,594,31,3553,49,2387,14,49
"1630","2020-05-21",114,19,158,359,3304,0.261501210653753,0,0,277,594,20,3573,31,2418,7,31
"1631","2020-05-22",105,19,149,350,3304,0.261501210653753,0,0,277,594,25,3598,29,2447,5,29
"1632","2020-05-23",106,19,159,339,3304,0.261501210653753,0,0,277,594,30,3628,49,2496,8,49
"1633","2020-05-24",102,19,158,322,3304,0.261501210653753,0,0,277,594,20,3648,25,2521,7,25
"1634","2020-05-25",98,19,139,316,3304,0.261501210653753,0,0,277,594,25,3673,25,2546,9,25
"1635","2020-05-26",94,19,129,307,3304,0.261501210653753,0,0,277,594,24,3697,20,2566,5,20
"1636","2020-05-27",82,19,127,302,3304,0.261501210653753,0,0,277,594,31,3728,23,2589,14,23
"1637","2020-05-28",83,19,128,290,3304,0.261501210653753,0,0,277,594,21,3749,36,2625,11,36
"1638","2020-05-29",87,19,133,277,3304,0.261501210653753,0,0,277,594,17,3766,31,2656,2,31
"1639","2020-05-30",90,19,144,266,3304,0.261501210653753,0,0,277,594,17,3783,43,2699,6,43
"1640","2020-05-31",91,19,142,255,3304,0.261501210653753,0,0,277,594,28,3811,16,2715,10,16
"1641","2020-06-01",90,19,138,249,3304,0.261501210653753,0,0,277,594,27,3838,11,2726,13,11
"1642","2020-06-02",90,19,135,239,3304,0.261501210653753,0,0,277,594,18,3856,18,2744,7,18
"1643","2020-06-03",93,19,132,230,3304,0.261501210653753,0,0,277,594,17,3873,19,2763,7,19
"1644","2020-06-04",81,19,123,221,3304,0.261501210653753,0,0,277,594,25,3898,27,2790,12,27
"1645","2020-06-05",77,19,115,198,3304,0.261501210653753,0,0,277,594,13,3911,16,2806,5,16
"1646","2020-06-06",66,19,95,188,3304,0.261501210653753,0,0,277,594,20,3931,18,2824,12,18
"1647","2020-06-07",58,19,109,173,3304,0.261501210653753,0,0,277,594,13,3944,24,2848,8,24
"1648","2020-03-14",1,20,131,47,4416,0.877490942028985,0,0,410,648,16,52,5,29,5,5
"1649","2020-03-15",2,20,136,58,4416,0.877490942028985,0,0,410,648,17,69,12,41,7,12
"1650","2020-03-16",4,20,148,81,4416,0.877490942028985,0,0,410,648,25,94,9,50,13,9
"1651","2020-03-17",6,20,145,102,4416,0.877490942028985,0,0,410,648,32,126,10,60,16,10
"1652","2020-03-18",11,20,125,132,4416,0.877490942028985,0,0,410,648,22,148,11,71,13,11
"1653","2020-03-19",18,20,142,152,4416,0.877490942028985,0,0,410,648,36,184,16,87,22,16
"1654","2020-03-20",26,20,173,164,4416,0.877490942028985,0,0,410,648,38,222,22,109,25,22
"1655","2020-03-21",30,20,217,178,4416,0.877490942028985,0,0,410,648,36,258,32,141,23,32
"1656","2020-03-22",36,20,205,209,4416,0.877490942028985,0,0,410,648,27,285,26,167,19,26
"1657","2020-03-23",40,20,209,238,4416,0.877490942028985,0,0,410,648,32,317,18,185,17,18
"1658","2020-03-24",56,20,182,264,4416,0.877490942028985,0,0,410,648,33,350,34,219,23,34
"1659","2020-03-25",64,20,160,285,4416,0.877490942028985,0,0,410,648,32,382,28,247,18,28
"1660","2020-03-26",65,20,166,312,4416,0.877490942028985,0,0,410,648,30,412,25,272,17,25
"1661","2020-03-27",73,20,168,324,4416,0.877490942028985,0,0,410,648,36,448,37,309,21,37
"1662","2020-03-28",79,20,167,341,4416,0.877490942028985,0,0,410,648,49,497,27,336,34,27
"1663","2020-03-29",82,20,181,361,4416,0.877490942028985,0,0,410,648,36,533,26,362,22,26
"1664","2020-03-30",92,20,181,380,4416,0.877490942028985,0,0,410,648,26,559,29,391,18,29
"1665","2020-03-31",85,20,187,406,4416,0.877490942028985,0,0,410,648,27,586,33,424,16,33
"1666","2020-04-01",91,20,198,437,4416,0.877490942028985,0,0,410,648,20,606,42,466,11,42
"1667","2020-04-02",92,20,186,485,4416,0.877490942028985,0,0,410,648,26,632,36,502,10,36
"1668","2020-04-03",91,20,174,515,4416,0.877490942028985,0,0,410,648,24,656,27,529,19,27
"1669","2020-04-04",105,20,188,562,4416,0.877490942028985,0,0,410,648,33,689,24,553,23,24
"1670","2020-04-05",120,20,196,592,4416,0.877490942028985,0,0,410,648,26,715,22,575,17,22
"1671","2020-04-06",129,20,221,630,4416,0.877490942028985,0,0,410,648,28,743,29,604,11,29
"1672","2020-04-07",146,20,245,655,4416,0.877490942028985,0,0,410,648,38,781,42,646,24,42
"1673","2020-04-08",164,20,235,712,4416,0.877490942028985,0,0,410,648,37,818,43,689,21,43
"1674","2020-04-09",193,20,199,759,4416,0.877490942028985,0,0,410,648,23,841,48,737,11,48
"1675","2020-04-10",207,20,189,786,4416,0.877490942028985,0,0,410,648,36,877,50,787,19,50
"1676","2020-04-11",211,20,156,793,4416,0.877490942028985,0,0,410,648,30,907,34,821,15,34
"1677","2020-04-12",222,20,149,803,4416,0.877490942028985,0,0,410,648,30,937,36,857,16,36
"1678","2020-04-13",232,20,143,821,4416,0.877490942028985,0,0,410,648,21,958,34,891,7,34
"1679","2020-04-14",239,20,175,828,4416,0.877490942028985,0,0,410,648,30,988,26,917,14,26
"1680","2020-04-15",228,20,183,842,4416,0.877490942028985,0,0,410,648,23,1011,42,959,13,42
"1681","2020-04-16",217,20,168,841,4416,0.877490942028985,0,0,410,648,20,1031,34,993,5,34
"1682","2020-04-17",228,20,148,850,4416,0.877490942028985,0,0,410,648,31,1062,33,1026,12,33
"1683","2020-04-18",241,20,152,870,4416,0.877490942028985,0,0,410,648,26,1088,28,1054,15,28
"1684","2020-04-19",243,20,141,857,4416,0.877490942028985,0,0,410,648,33,1121,39,1093,17,39
"1685","2020-04-20",241,20,137,840,4416,0.877490942028985,0,0,410,648,26,1147,24,1117,9,24
"1686","2020-04-21",237,20,130,834,4416,0.877490942028985,0,0,410,648,41,1188,23,1140,17,23
"1687","2020-04-22",256,20,110,829,4416,0.877490942028985,0,0,410,648,34,1222,49,1189,12,49
"1688","2020-04-23",273,20,109,824,4416,0.877490942028985,0,0,410,648,29,1251,43,1232,13,43
"1689","2020-04-24",258,20,151,826,4416,0.877490942028985,0,0,410,648,22,1273,52,1284,13,52
"1690","2020-04-25",251,20,172,822,4416,0.877490942028985,0,0,410,648,24,1297,46,1330,10,46
"1691","2020-04-26",246,20,170,808,4416,0.877490942028985,0,0,410,648,26,1323,26,1356,8,26
"1692","2020-04-27",242,20,154,810,4416,0.877490942028985,0,0,410,648,16,1339,37,1393,10,37
"1693","2020-04-28",242,20,142,789,4416,0.877490942028985,0,0,410,648,34,1373,21,1414,16,21
"1694","2020-04-29",233,20,124,753,4416,0.877490942028985,0,0,410,648,32,1405,37,1451,15,37
"1695","2020-04-30",215,20,97,742,4416,0.877490942028985,0,0,410,648,29,1434,52,1503,10,52
"1696","2020-05-01",221,20,90,720,4416,0.877490942028985,0,0,410,648,28,1462,47,1550,13,47
"1697","2020-05-02",227,20,89,714,4416,0.877490942028985,0,0,410,648,25,1487,49,1599,10,49
"1698","2020-05-03",232,20,116,693,4416,0.877490942028985,0,0,410,648,20,1507,57,1656,9,57
"1699","2020-05-04",229,20,135,666,4416,0.877490942028985,0,0,410,648,21,1528,43,1699,7,43
"1700","2020-05-05",216,20,182,660,4416,0.877490942028985,0,0,410,648,26,1554,48,1747,14,48
"1701","2020-05-06",207,20,225,642,4416,0.877490942028985,0,0,410,648,30,1584,37,1784,14,37
"1702","2020-05-07",206,20,245,622,4416,0.877490942028985,0,0,410,648,18,1602,40,1824,9,40
"1703","2020-05-08",202,20,241,639,4416,0.877490942028985,0,0,410,648,19,1621,54,1878,7,54
"1704","2020-05-09",182,20,214,635,4416,0.877490942028985,0,0,410,648,28,1649,48,1926,16,48
"1705","2020-05-10",170,20,200,633,4416,0.877490942028985,0,0,410,648,30,1679,32,1958,13,32
"1706","2020-05-11",158,20,198,624,4416,0.877490942028985,0,0,410,648,12,1691,46,2004,3,46
"1707","2020-05-12",164,20,205,642,4416,0.877490942028985,0,0,410,648,23,1714,31,2035,8,31
"1708","2020-05-13",153,20,189,641,4416,0.877490942028985,0,0,410,648,19,1733,36,2071,5,36
"1709","2020-05-14",160,20,220,628,4416,0.877490942028985,0,0,410,648,22,1755,29,2100,11,29
"1710","2020-05-15",159,20,236,603,4416,0.877490942028985,0,0,410,648,28,1783,35,2135,13,35
"1711","2020-05-16",158,20,214,582,4416,0.877490942028985,0,0,410,648,17,1800,57,2192,5,57
"1712","2020-05-17",163,20,191,584,4416,0.877490942028985,0,0,410,648,26,1826,45,2237,14,45
"1713","2020-05-18",168,20,204,570,4416,0.877490942028985,0,0,410,648,12,1838,46,2283,7,46
"1714","2020-05-19",174,20,240,536,4416,0.877490942028985,0,0,410,648,17,1855,32,2315,6,32
"1715","2020-05-20",176,20,254,525,4416,0.877490942028985,0,0,410,648,18,1873,40,2355,10,40
"1716","2020-05-21",160,20,253,501,4416,0.877490942028985,0,0,410,648,11,1884,45,2400,6,45
"1717","2020-05-22",152,20,271,493,4416,0.877490942028985,0,0,410,648,10,1894,41,2441,4,41
"1718","2020-05-23",156,20,273,473,4416,0.877490942028985,0,0,410,648,16,1910,29,2470,8,29
"1719","2020-05-24",138,20,251,465,4416,0.877490942028985,0,0,410,648,16,1926,34,2504,9,34
"1720","2020-05-25",145,20,225,441,4416,0.877490942028985,0,0,410,648,24,1950,39,2543,8,39
"1721","2020-05-26",131,20,201,414,4416,0.877490942028985,0,0,410,648,11,1961,42,2585,4,42
"1722","2020-05-27",127,20,175,402,4416,0.877490942028985,0,0,410,648,10,1971,40,2625,3,40
"1723","2020-05-28",125,20,161,394,4416,0.877490942028985,0,0,410,648,10,1981,35,2660,6,35
"1724","2020-05-29",125,20,173,367,4416,0.877490942028985,0,0,410,648,22,2003,38,2698,11,38
"1725","2020-05-30",115,20,159,346,4416,0.877490942028985,0,0,410,648,16,2019,40,2738,8,40
"1726","2020-05-31",116,20,147,329,4416,0.877490942028985,0,0,410,648,19,2038,46,2784,7,46
"1727","2020-06-01",102,20,131,331,4416,0.877490942028985,0,0,410,648,12,2050,46,2830,2,46
"1728","2020-06-02",109,20,141,305,4416,0.877490942028985,0,0,410,648,17,2067,50,2880,9,50
"1729","2020-06-03",112,20,148,292,4416,0.877490942028985,0,0,410,648,15,2082,47,2927,10,47
"1730","2020-06-04",106,20,129,285,4416,0.877490942028985,0,0,410,648,12,2094,36,2963,4,36
"1731","2020-06-05",104,20,122,270,4416,0.877490942028985,0,0,410,648,7,2101,36,2999,2,36
"1732","2020-06-06",102,20,120,261,4416,0.877490942028985,0,0,410,648,2,2103,37,3036,1,37
"1733","2020-06-07",100,20,103,257,4416,0.877490942028985,0,0,410,648,15,2118,35,3071,11,35
