"","Date","Absents","Paramset","Infections_or_Exposed_per_day_Patient","Infections_or_Exposed_per_day_HCW","total_infections","nosocomial_proportion","PCR_pooled","LFD_pooled","HCW_symp_test","patient_symp_test","new_hcw_infs","cumulative_hcw_infs","new_pat_infs","cumulative_pats_infs","new_nosocomial_hcw_infs","new_nosocomial_pat_infs"
"1","2020-03-12",1,1,136,178,8329,0.292712210349382,8250,40488,447,1185,96,178,47,106,4,47
"2","2020-03-13",6,1,137,276,8329,0.292712210349382,8250,40488,447,1185,98,276,21,127,9,21
"3","2020-03-14",36,1,140,372,8329,0.292712210349382,8250,40488,447,1185,96,372,18,145,20,18
"4","2020-03-15",54,1,131,477,8329,0.292712210349382,8250,40488,447,1185,106,478,16,161,31,16
"5","2020-03-16",68,1,133,568,8329,0.292712210349382,8250,40488,447,1185,91,569,12,173,28,12
"6","2020-03-17",83,1,183,689,8329,0.292712210349382,8250,40488,447,1185,127,696,51,224,36,51
"7","2020-03-18",108,1,207,789,8329,0.292712210349382,8250,40488,447,1185,112,808,55,279,36,55
"8","2020-03-19",134,1,202,911,8329,0.292712210349382,8250,40488,447,1185,141,949,34,313,52,34
"9","2020-03-20",219,1,182,1023,8329,0.292712210349382,8250,40488,447,1185,144,1093,23,336,70,23
"10","2020-03-21",308,1,168,1125,8329,0.292712210349382,8250,40488,447,1185,142,1235,25,361,61,25
"11","2020-03-22",313,1,172,1252,8329,0.292712210349382,8250,40488,447,1185,174,1409,35,396,80,35
"12","2020-03-23",315,1,160,1341,8329,0.292712210349382,8250,40488,447,1185,140,1549,22,418,53,22
"13","2020-03-24",332,1,159,1402,8329,0.292712210349382,8250,40488,447,1185,140,1689,15,433,64,15
"14","2020-03-25",366,1,145,1458,8329,0.292712210349382,8250,40488,447,1185,152,1841,21,454,73,21
"15","2020-03-26",388,1,168,1478,8329,0.292712210349382,8250,40488,447,1185,124,1965,41,495,56,41
"16","2020-03-27",483,1,186,1555,8329,0.292712210349382,8250,40488,447,1185,183,2148,47,542,80,47
"17","2020-03-28",494,1,186,1576,8329,0.292712210349382,8250,40488,447,1185,135,2283,30,572,69,30
"18","2020-03-29",508,1,181,1589,8329,0.292712210349382,8250,40488,447,1185,131,2414,30,602,52,30
"19","2020-03-30",512,1,170,1604,8329,0.292712210349382,8250,40488,447,1185,143,2557,21,623,55,21
"20","2020-03-31",531,1,158,1608,8329,0.292712210349382,8250,40488,447,1185,129,2686,26,649,61,26
"21","2020-04-01",514,1,151,1618,8329,0.292712210349382,8250,40488,447,1185,137,2823,18,667,73,18
"22","2020-04-02",522,1,207,1607,8329,0.292712210349382,8250,40488,447,1185,130,2953,66,733,53,66
"23","2020-04-03",566,1,215,1596,8329,0.292712210349382,8250,40488,447,1185,119,3072,27,760,50,27
"24","2020-04-04",555,1,191,1585,8329,0.292712210349382,8250,40488,447,1185,122,3194,16,776,43,16
"25","2020-04-05",519,1,190,1555,8329,0.292712210349382,8250,40488,447,1185,96,3290,25,801,36,25
"26","2020-04-06",509,1,174,1559,8329,0.292712210349382,8250,40488,447,1185,123,3413,22,823,62,22
"27","2020-04-07",494,1,192,1545,8329,0.292712210349382,8250,40488,447,1185,122,3535,43,866,45,43
"28","2020-04-08",490,1,183,1516,8329,0.292712210349382,8250,40488,447,1185,119,3654,28,894,48,28
"29","2020-04-09",475,1,192,1507,8329,0.292712210349382,8250,40488,447,1185,122,3776,27,921,48,27
"30","2020-04-10",513,1,196,1479,8329,0.292712210349382,8250,40488,447,1185,110,3886,29,950,44,29
"31","2020-04-11",479,1,175,1471,8329,0.292712210349382,8250,40488,447,1185,126,4012,14,964,63,14
"32","2020-04-12",439,1,163,1449,8329,0.292712210349382,8250,40488,447,1185,93,4105,21,985,28,21
"33","2020-04-13",424,1,158,1428,8329,0.292712210349382,8250,40488,447,1185,108,4213,13,998,53,13
"34","2020-04-14",419,1,146,1399,8329,0.292712210349382,8250,40488,447,1185,110,4323,9,1007,43,9
"35","2020-04-15",421,1,156,1351,8329,0.292712210349382,8250,40488,447,1185,93,4416,18,1025,33,18
"36","2020-04-16",428,1,158,1334,8329,0.292712210349382,8250,40488,447,1185,95,4511,24,1049,25,24
"37","2020-04-17",437,1,163,1321,8329,0.292712210349382,8250,40488,447,1185,97,4608,17,1066,31,17
"38","2020-04-18",450,1,195,1299,8329,0.292712210349382,8250,40488,447,1185,104,4712,46,1112,40,46
"39","2020-04-19",404,1,237,1280,8329,0.292712210349382,8250,40488,447,1185,91,4803,54,1166,33,54
"40","2020-04-20",406,1,240,1257,8329,0.292712210349382,8250,40488,447,1185,78,4881,38,1204,18,38
"41","2020-04-21",388,1,262,1238,8329,0.292712210349382,8250,40488,447,1185,98,4979,45,1249,38,45
"42","2020-04-22",391,1,248,1225,8329,0.292712210349382,8250,40488,447,1185,79,5058,25,1274,23,25
"43","2020-04-23",377,1,264,1194,8329,0.292712210349382,8250,40488,447,1185,78,5136,43,1317,22,43
"44","2020-04-24",378,1,257,1175,8329,0.292712210349382,8250,40488,447,1185,88,5224,34,1351,38,34
"45","2020-04-25",389,1,268,1150,8329,0.292712210349382,8250,40488,447,1185,83,5307,26,1377,31,26
"46","2020-04-26",361,1,265,1127,8329,0.292712210349382,8250,40488,447,1185,83,5390,42,1419,28,42
"47","2020-04-27",340,1,270,1083,8329,0.292712210349382,8250,40488,447,1185,65,5455,53,1472,27,53
"48","2020-04-28",334,1,291,1057,8329,0.292712210349382,8250,40488,447,1185,66,5521,48,1520,17,48
"49","2020-04-29",318,1,294,1030,8329,0.292712210349382,8250,40488,447,1185,79,5600,44,1564,22,44
"50","2020-04-30",326,1,258,999,8329,0.292712210349382,8250,40488,447,1185,63,5663,33,1597,13,33
"51","2020-05-01",328,1,230,981,8329,0.292712210349382,8250,40488,447,1185,59,5722,20,1617,13,20
"52","2020-05-02",328,1,283,934,8329,0.292712210349382,8250,40488,447,1185,63,5785,67,1684,15,67
"53","2020-05-03",297,1,298,896,8329,0.292712210349382,8250,40488,447,1185,49,5834,54,1738,13,54
"54","2020-05-04",288,1,314,873,8329,0.292712210349382,8250,40488,447,1185,56,5890,62,1800,14,62
"55","2020-05-05",293,1,293,834,8329,0.292712210349382,8250,40488,447,1185,43,5933,30,1830,7,30
"56","2020-05-06",287,1,265,800,8329,0.292712210349382,8250,40488,447,1185,48,5981,25,1855,11,25
"57","2020-05-07",269,1,253,777,8329,0.292712210349382,8250,40488,447,1185,55,6036,36,1891,10,36
"58","2020-05-08",267,1,254,754,8329,0.292712210349382,8250,40488,447,1185,45,6081,27,1918,9,27
"59","2020-05-09",247,1,242,704,8329,0.292712210349382,8250,40488,447,1185,35,6116,28,1946,11,28
"60","2020-05-10",235,1,227,674,8329,0.292712210349382,8250,40488,447,1185,45,6161,20,1966,8,20
"61","2020-05-11",231,1,210,648,8329,0.292712210349382,8250,40488,447,1185,33,6194,10,1976,7,10
"62","2020-05-12",213,1,186,616,8329,0.292712210349382,8250,40488,447,1185,39,6233,15,1991,8,15
"63","2020-05-13",210,1,185,571,8329,0.292712210349382,8250,40488,447,1185,18,6251,21,2012,4,21
"64","2020-05-14",203,1,208,543,8329,0.292712210349382,8250,40488,447,1185,36,6287,38,2050,10,38
"65","2020-05-15",180,1,249,522,8329,0.292712210349382,8250,40488,447,1185,33,6320,60,2110,5,60
"66","2020-05-16",171,1,279,495,8329,0.292712210349382,8250,40488,447,1185,21,6341,46,2156,9,46
"67","2020-05-17",160,1,321,468,8329,0.292712210349382,8250,40488,447,1185,35,6376,78,2234,9,78
"68","2020-05-18",154,1,345,459,8329,0.292712210349382,8250,40488,447,1185,33,6409,66,2300,4,66
"69","2020-05-19",143,1,352,437,8329,0.292712210349382,8250,40488,447,1185,19,6428,60,2360,NA,60
"70","2020-05-20",142,1,313,404,8329,0.292712210349382,8250,40488,447,1185,23,6451,38,2398,5,38
"71","2020-05-21",144,1,291,398,8329,0.292712210349382,8250,40488,447,1185,29,6480,26,2424,7,26
"72","2020-05-22",136,1,298,391,8329,0.292712210349382,8250,40488,447,1185,25,6505,39,2463,6,39
"73","2020-05-23",134,1,284,373,8329,0.292712210349382,8250,40488,447,1185,23,6528,32,2495,6,32
"74","2020-05-24",128,1,280,361,8329,0.292712210349382,8250,40488,447,1185,19,6547,39,2534,4,39
"75","2020-05-25",121,1,298,350,8329,0.292712210349382,8250,40488,447,1185,27,6574,45,2579,10,45
"76","2020-05-26",117,1,294,334,8329,0.292712210349382,8250,40488,447,1185,21,6595,36,2615,5,36
"77","2020-05-27",108,1,280,322,8329,0.292712210349382,8250,40488,447,1185,24,6619,40,2655,6,40
"78","2020-05-28",96,1,288,296,8329,0.292712210349382,8250,40488,447,1185,16,6635,48,2703,4,48
"79","2020-05-29",95,1,262,297,8329,0.292712210349382,8250,40488,447,1185,23,6658,25,2728,8,25
"80","2020-05-30",93,1,284,284,8329,0.292712210349382,8250,40488,447,1185,15,6673,48,2776,3,48
"81","2020-05-31",80,1,289,259,8329,0.292712210349382,8250,40488,447,1185,12,6685,54,2830,4,54
"82","2020-06-01",73,1,284,240,8329,0.292712210349382,8250,40488,447,1185,11,6696,38,2868,2,38
"83","2020-06-02",68,1,253,236,8329,0.292712210349382,8250,40488,447,1185,19,6715,25,2893,5,25
"84","2020-06-03",76,1,245,215,8329,0.292712210349382,8250,40488,447,1185,8,6723,25,2918,2,25
"85","2020-06-04",77,1,244,199,8329,0.292712210349382,8250,40488,447,1185,12,6735,43,2961,1,43
"86","2020-06-05",80,1,241,202,8329,0.292712210349382,8250,40488,447,1185,18,6753,32,2993,2,32
"87","2020-06-06",74,1,224,188,8329,0.292712210349382,8250,40488,447,1185,8,6761,30,3023,2,30
"88","2020-06-07",65,1,200,176,8329,0.292712210349382,8250,40488,447,1185,11,6772,15,3038,NA,15
"89","2020-03-12",1,2,74,78,7145,0.607697690692792,8415,36449,391,1000,72,139,22,50,6,22
"90","2020-03-13",2,2,74,121,7145,0.607697690692792,8415,36449,391,1000,60,199,23,73,7,23
"91","2020-03-14",8,2,88,165,7145,0.607697690692792,8415,36449,391,1000,76,275,19,92,15,19
"92","2020-03-15",22,2,93,228,7145,0.607697690692792,8415,36449,391,1000,75,350,39,131,22,39
"93","2020-03-16",30,2,82,316,7145,0.607697690692792,8415,36449,391,1000,101,451,44,175,32,44
"94","2020-03-17",30,2,76,378,7145,0.607697690692792,8415,36449,391,1000,114,565,21,196,35,21
"95","2020-03-18",39,2,58,492,7145,0.607697690692792,8415,36449,391,1000,107,672,26,222,41,26
"96","2020-03-19",53,2,73,593,7145,0.607697690692792,8415,36449,391,1000,133,805,44,266,65,44
"97","2020-03-20",90,2,109,708,7145,0.607697690692792,8415,36449,391,1000,114,919,49,315,51,49
"98","2020-03-21",178,2,146,798,7145,0.607697690692792,8415,36449,391,1000,138,1057,33,348,71,33
"99","2020-03-22",195,2,166,910,7145,0.607697690692792,8415,36449,391,1000,146,1203,36,384,71,36
"100","2020-03-23",203,2,195,1028,7145,0.607697690692792,8415,36449,391,1000,121,1324,39,423,67,39
"101","2020-03-24",238,2,186,1151,7145,0.607697690692792,8415,36449,391,1000,127,1451,47,470,70,47
"102","2020-03-25",273,2,224,1258,7145,0.607697690692792,8415,36449,391,1000,134,1585,31,501,75,31
"103","2020-03-26",298,2,236,1400,7145,0.607697690692792,8415,36449,391,1000,168,1753,33,534,111,33
"104","2020-03-27",443,2,259,1479,7145,0.607697690692792,8415,36449,391,1000,114,1867,38,572,63,38
"105","2020-03-28",421,2,273,1562,7145,0.607697690692792,8415,36449,391,1000,127,1994,52,624,72,52
"106","2020-03-29",454,2,269,1617,7145,0.607697690692792,8415,36449,391,1000,139,2133,44,668,66,44
"107","2020-03-30",471,2,282,1687,7145,0.607697690692792,8415,36449,391,1000,154,2287,36,704,91,36
"108","2020-03-31",484,2,268,1729,7145,0.607697690692792,8415,36449,391,1000,162,2449,49,753,96,49
"109","2020-04-01",507,2,232,1815,7145,0.607697690692792,8415,36449,391,1000,130,2579,55,808,63,55
"110","2020-04-02",536,2,219,1843,7145,0.607697690692792,8415,36449,391,1000,144,2723,36,844,88,36
"111","2020-04-03",656,2,205,1877,7145,0.607697690692792,8415,36449,391,1000,125,2848,21,865,76,21
"112","2020-04-04",681,2,187,1917,7145,0.607697690692792,8415,36449,391,1000,157,3005,21,886,93,21
"113","2020-04-05",598,2,172,1906,7145,0.607697690692792,8415,36449,391,1000,129,3134,19,905,75,19
"114","2020-04-06",617,2,173,1925,7145,0.607697690692792,8415,36449,391,1000,102,3236,24,929,50,24
"115","2020-04-07",613,2,168,1888,7145,0.607697690692792,8415,36449,391,1000,158,3394,23,952,82,23
"116","2020-04-08",629,2,177,1857,7145,0.607697690692792,8415,36449,391,1000,116,3510,18,970,61,18
"117","2020-04-09",612,2,196,1853,7145,0.607697690692792,8415,36449,391,1000,120,3630,22,992,62,22
"118","2020-04-10",624,2,224,1793,7145,0.607697690692792,8415,36449,391,1000,100,3730,53,1045,55,53
"119","2020-04-11",627,2,207,1743,7145,0.607697690692792,8415,36449,391,1000,92,3822,26,1071,48,26
"120","2020-04-12",594,2,196,1701,7145,0.607697690692792,8415,36449,391,1000,111,3933,55,1126,62,55
"121","2020-04-13",578,2,213,1638,7145,0.607697690692792,8415,36449,391,1000,96,4029,42,1168,44,42
"122","2020-04-14",558,2,246,1533,7145,0.607697690692792,8415,36449,391,1000,127,4156,55,1223,65,55
"123","2020-04-15",546,2,247,1474,7145,0.607697690692792,8415,36449,391,1000,108,4264,38,1261,50,38
"124","2020-04-16",548,2,258,1419,7145,0.607697690692792,8415,36449,391,1000,100,4364,34,1295,39,34
"125","2020-04-17",520,2,235,1323,7145,0.607697690692792,8415,36449,391,1000,110,4474,25,1320,48,25
"126","2020-04-18",513,2,229,1263,7145,0.607697690692792,8415,36449,391,1000,75,4549,37,1357,32,37
"127","2020-04-19",468,2,242,1205,7145,0.607697690692792,8415,36449,391,1000,86,4635,25,1382,33,25
"128","2020-04-20",447,2,253,1132,7145,0.607697690692792,8415,36449,391,1000,82,4717,24,1406,34,24
"129","2020-04-21",423,2,232,1100,7145,0.607697690692792,8415,36449,391,1000,69,4786,27,1433,34,27
"130","2020-04-22",384,2,201,1053,7145,0.607697690692792,8415,36449,391,1000,78,4864,47,1480,26,47
"131","2020-04-23",358,2,170,1017,7145,0.607697690692792,8415,36449,391,1000,93,4957,56,1536,36,56
"132","2020-04-24",355,2,159,973,7145,0.607697690692792,8415,36449,391,1000,73,5030,48,1584,34,48
"133","2020-04-25",337,2,147,945,7145,0.607697690692792,8415,36449,391,1000,73,5103,40,1624,25,40
"134","2020-04-26",334,2,153,893,7145,0.607697690692792,8415,36449,391,1000,66,5169,33,1657,22,33
"135","2020-04-27",310,2,150,844,7145,0.607697690692792,8415,36449,391,1000,60,5229,27,1684,19,27
"136","2020-04-28",307,2,141,812,7145,0.607697690692792,8415,36449,391,1000,62,5291,38,1722,24,38
"137","2020-04-29",302,2,133,783,7145,0.607697690692792,8415,36449,391,1000,71,5362,34,1756,25,34
"138","2020-04-30",303,2,128,759,7145,0.607697690692792,8415,36449,391,1000,41,5403,45,1801,12,45
"139","2020-05-01",298,2,192,748,7145,0.607697690692792,8415,36449,391,1000,60,5463,48,1849,18,48
"140","2020-05-02",282,2,191,717,7145,0.607697690692792,8415,36449,391,1000,55,5518,36,1885,21,36
"141","2020-05-03",245,2,203,687,7145,0.607697690692792,8415,36449,391,1000,55,5573,44,1929,19,44
"142","2020-05-04",243,2,242,657,7145,0.607697690692792,8415,36449,391,1000,56,5629,56,1985,22,56
"143","2020-05-05",240,2,279,647,7145,0.607697690692792,8415,36449,391,1000,41,5670,28,2013,13,28
"144","2020-05-06",234,2,301,598,7145,0.607697690692792,8415,36449,391,1000,48,5718,32,2045,15,32
"145","2020-05-07",227,2,289,569,7145,0.607697690692792,8415,36449,391,1000,49,5767,26,2071,15,26
"146","2020-05-08",199,2,299,541,7145,0.607697690692792,8415,36449,391,1000,49,5816,59,2130,16,59
"147","2020-05-09",203,2,297,521,7145,0.607697690692792,8415,36449,391,1000,38,5854,64,2194,4,64
"148","2020-05-10",191,2,265,461,7145,0.607697690692792,8415,36449,391,1000,40,5894,44,2238,11,44
"149","2020-05-11",182,2,227,445,7145,0.607697690692792,8415,36449,391,1000,47,5941,21,2259,14,21
"150","2020-05-12",163,2,193,433,7145,0.607697690692792,8415,36449,391,1000,30,5971,27,2286,6,27
"151","2020-05-13",156,2,202,406,7145,0.607697690692792,8415,36449,391,1000,31,6002,30,2316,9,30
"152","2020-05-14",148,2,184,384,7145,0.607697690692792,8415,36449,391,1000,42,6044,18,2334,12,18
"153","2020-05-15",140,2,164,363,7145,0.607697690692792,8415,36449,391,1000,33,6077,22,2356,8,22
"154","2020-05-16",140,2,162,353,7145,0.607697690692792,8415,36449,391,1000,34,6111,20,2376,10,20
"155","2020-05-17",130,2,156,316,7145,0.607697690692792,8415,36449,391,1000,32,6143,31,2407,9,31
"156","2020-05-18",124,2,158,296,7145,0.607697690692792,8415,36449,391,1000,29,6172,20,2427,10,20
"157","2020-05-19",120,2,172,291,7145,0.607697690692792,8415,36449,391,1000,18,6190,26,2453,4,26
"158","2020-05-20",115,2,167,280,7145,0.607697690692792,8415,36449,391,1000,23,6213,37,2490,9,37
"159","2020-05-21",113,2,159,270,7145,0.607697690692792,8415,36449,391,1000,17,6230,32,2522,4,32
"160","2020-05-22",107,2,131,250,7145,0.607697690692792,8415,36449,391,1000,24,6254,33,2555,7,33
"161","2020-05-23",97,2,176,240,7145,0.607697690692792,8415,36449,391,1000,28,6282,43,2598,2,43
"162","2020-05-24",90,2,202,234,7145,0.607697690692792,8415,36449,391,1000,25,6307,32,2630,4,32
"163","2020-05-25",80,2,222,227,7145,0.607697690692792,8415,36449,391,1000,26,6333,20,2650,6,20
"164","2020-05-26",76,2,202,218,7145,0.607697690692792,8415,36449,391,1000,16,6349,17,2667,4,17
"165","2020-05-27",72,2,190,209,7145,0.607697690692792,8415,36449,391,1000,23,6372,15,2682,5,15
"166","2020-05-28",66,2,166,198,7145,0.607697690692792,8415,36449,391,1000,21,6393,21,2703,7,21
"167","2020-05-29",64,2,147,187,7145,0.607697690692792,8415,36449,391,1000,17,6410,28,2731,4,28
"168","2020-05-30",64,2,136,182,7145,0.607697690692792,8415,36449,391,1000,11,6421,28,2759,1,28
"169","2020-05-31",56,2,129,176,7145,0.607697690692792,8415,36449,391,1000,16,6437,21,2780,4,21
"170","2020-06-01",58,2,116,168,7145,0.607697690692792,8415,36449,391,1000,17,6454,20,2800,1,20
"171","2020-06-02",54,2,116,156,7145,0.607697690692792,8415,36449,391,1000,15,6469,32,2832,7,32
"172","2020-06-03",54,2,124,155,7145,0.607697690692792,8415,36449,391,1000,14,6483,52,2884,6,52
"173","2020-06-04",51,2,145,146,7145,0.607697690692792,8415,36449,391,1000,11,6494,38,2922,1,38
"174","2020-06-05",51,2,140,137,7145,0.607697690692792,8415,36449,391,1000,13,6507,33,2955,1,33
"175","2020-06-06",53,2,141,116,7145,0.607697690692792,8415,36449,391,1000,10,6517,38,2993,2,38
"176","2020-06-07",51,2,145,104,7145,0.607697690692792,8415,36449,391,1000,13,6530,37,3030,5,37
"177","2020-03-12",2,3,203,134,8204,0.440273037542662,8190,37667,372,1736,30,59,22,47,16,22
"178","2020-03-13",6,3,238,216,8204,0.440273037542662,8190,37667,372,1736,36,95,46,93,13,46
"179","2020-03-14",29,3,234,295,8204,0.440273037542662,8190,37667,372,1736,37,132,28,121,17,28
"180","2020-03-15",33,3,239,420,8204,0.440273037542662,8190,37667,372,1736,52,184,29,150,31,29
"181","2020-03-16",43,3,291,555,8204,0.440273037542662,8190,37667,372,1736,65,249,21,171,38,21
"182","2020-03-17",70,3,324,667,8204,0.440273037542662,8190,37667,372,1736,78,327,23,194,54,23
"183","2020-03-18",97,3,294,807,8204,0.440273037542662,8190,37667,372,1736,88,415,45,239,69,45
"184","2020-03-19",125,3,269,937,8204,0.440273037542662,8190,37667,372,1736,122,537,56,295,95,56
"185","2020-03-20",192,3,284,1090,8204,0.440273037542662,8190,37667,372,1736,133,670,32,327,108,32
"186","2020-03-21",301,3,317,1240,8204,0.440273037542662,8190,37667,372,1736,112,782,34,361,91,34
"187","2020-03-22",325,3,332,1376,8204,0.440273037542662,8190,37667,372,1736,121,903,46,407,94,46
"188","2020-03-23",324,3,363,1471,8204,0.440273037542662,8190,37667,372,1736,146,1049,34,441,126,34
"189","2020-03-24",350,3,348,1589,8204,0.440273037542662,8190,37667,372,1736,150,1199,31,472,132,31
"190","2020-03-25",377,3,319,1688,8204,0.440273037542662,8190,37667,372,1736,166,1365,21,493,147,21
"191","2020-03-26",383,3,313,1789,8204,0.440273037542662,8190,37667,372,1736,180,1545,25,518,158,25
"192","2020-03-27",575,3,296,1897,8204,0.440273037542662,8190,37667,372,1736,141,1686,22,540,126,22
"193","2020-03-28",566,3,320,1965,8204,0.440273037542662,8190,37667,372,1736,216,1902,30,570,190,30
"194","2020-03-29",564,3,302,2012,8204,0.440273037542662,8190,37667,372,1736,193,2095,33,603,174,33
"195","2020-03-30",589,3,302,2070,8204,0.440273037542662,8190,37667,372,1736,176,2271,33,636,160,33
"196","2020-03-31",614,3,291,2120,8204,0.440273037542662,8190,37667,372,1736,189,2460,21,657,169,21
"197","2020-04-01",626,3,319,2153,8204,0.440273037542662,8190,37667,372,1736,182,2642,20,677,160,20
"198","2020-04-02",661,3,354,2138,8204,0.440273037542662,8190,37667,372,1736,234,2876,18,695,215,18
"199","2020-04-03",730,3,343,2127,8204,0.440273037542662,8190,37667,372,1736,189,3065,30,725,164,30
"200","2020-04-04",732,3,327,2106,8204,0.440273037542662,8190,37667,372,1736,201,3266,40,765,185,40
"201","2020-04-05",671,3,337,2045,8204,0.440273037542662,8190,37667,372,1736,158,3424,51,816,136,51
"202","2020-04-06",668,3,339,2000,8204,0.440273037542662,8190,37667,372,1736,156,3580,26,842,140,26
"203","2020-04-07",648,3,328,1930,8204,0.440273037542662,8190,37667,372,1736,165,3745,18,860,147,18
"204","2020-04-08",649,3,345,1862,8204,0.440273037542662,8190,37667,372,1736,221,3966,18,878,199,18
"205","2020-04-09",637,3,336,1769,8204,0.440273037542662,8190,37667,372,1736,162,4128,17,895,134,17
"206","2020-04-10",660,3,341,1678,8204,0.440273037542662,8190,37667,372,1736,132,4260,26,921,115,26
"207","2020-04-11",666,3,316,1580,8204,0.440273037542662,8190,37667,372,1736,160,4420,45,966,144,45
"208","2020-04-12",586,3,319,1517,8204,0.440273037542662,8190,37667,372,1736,121,4541,38,1004,106,38
"209","2020-04-13",563,3,320,1440,8204,0.440273037542662,8190,37667,372,1736,138,4679,39,1043,124,39
"210","2020-04-14",529,3,318,1365,8204,0.440273037542662,8190,37667,372,1736,96,4775,28,1071,85,28
"211","2020-04-15",509,3,329,1309,8204,0.440273037542662,8190,37667,372,1736,109,4884,28,1099,92,28
"212","2020-04-16",491,3,321,1241,8204,0.440273037542662,8190,37667,372,1736,98,4982,49,1148,88,49
"213","2020-04-17",467,3,343,1213,8204,0.440273037542662,8190,37667,372,1736,101,5083,32,1180,85,32
"214","2020-04-18",443,3,333,1171,8204,0.440273037542662,8190,37667,372,1736,99,5182,23,1203,78,23
"215","2020-04-19",407,3,346,1130,8204,0.440273037542662,8190,37667,372,1736,81,5263,25,1228,69,25
"216","2020-04-20",373,3,369,1109,8204,0.440273037542662,8190,37667,372,1736,78,5341,32,1260,70,32
"217","2020-04-21",373,3,361,1060,8204,0.440273037542662,8190,37667,372,1736,55,5396,28,1288,38,28
"218","2020-04-22",362,3,351,1014,8204,0.440273037542662,8190,37667,372,1736,64,5460,25,1313,56,25
"219","2020-04-23",354,3,376,986,8204,0.440273037542662,8190,37667,372,1736,55,5515,19,1332,42,19
"220","2020-04-24",329,3,391,949,8204,0.440273037542662,8190,37667,372,1736,47,5562,29,1361,43,29
"221","2020-04-25",319,3,375,917,8204,0.440273037542662,8190,37667,372,1736,59,5621,30,1391,47,30
"222","2020-04-26",298,3,367,871,8204,0.440273037542662,8190,37667,372,1736,54,5675,31,1422,44,31
"223","2020-04-27",292,3,352,852,8204,0.440273037542662,8190,37667,372,1736,46,5721,41,1463,36,41
"224","2020-04-28",271,3,356,826,8204,0.440273037542662,8190,37667,372,1736,31,5752,38,1501,22,38
"225","2020-04-29",257,3,362,786,8204,0.440273037542662,8190,37667,372,1736,55,5807,30,1531,40,30
"226","2020-04-30",260,3,349,741,8204,0.440273037542662,8190,37667,372,1736,30,5837,61,1592,25,61
"227","2020-05-01",253,3,348,717,8204,0.440273037542662,8190,37667,372,1736,31,5868,56,1648,21,56
"228","2020-05-02",259,3,341,684,8204,0.440273037542662,8190,37667,372,1736,37,5905,29,1677,27,29
"229","2020-05-03",237,3,326,667,8204,0.440273037542662,8190,37667,372,1736,28,5933,53,1730,22,53
"230","2020-05-04",231,3,365,605,8204,0.440273037542662,8190,37667,372,1736,39,5972,49,1779,23,49
"231","2020-05-05",222,3,407,579,8204,0.440273037542662,8190,37667,372,1736,27,5999,25,1804,23,25
"232","2020-05-06",215,3,387,560,8204,0.440273037542662,8190,37667,372,1736,28,6027,20,1824,18,20
"233","2020-05-07",203,3,346,546,8204,0.440273037542662,8190,37667,372,1736,21,6048,25,1849,13,25
"234","2020-05-08",205,3,359,535,8204,0.440273037542662,8190,37667,372,1736,28,6076,29,1878,19,29
"235","2020-05-09",178,3,337,504,8204,0.440273037542662,8190,37667,372,1736,21,6097,55,1933,13,55
"236","2020-05-10",176,3,348,501,8204,0.440273037542662,8190,37667,372,1736,27,6124,32,1965,15,32
"237","2020-05-11",164,3,335,491,8204,0.440273037542662,8190,37667,372,1736,23,6147,23,1988,17,23
"238","2020-05-12",158,3,345,487,8204,0.440273037542662,8190,37667,372,1736,25,6172,22,2010,16,22
"239","2020-05-13",163,3,359,473,8204,0.440273037542662,8190,37667,372,1736,17,6189,27,2037,14,27
"240","2020-05-14",157,3,354,460,8204,0.440273037542662,8190,37667,372,1736,28,6217,22,2059,14,22
"241","2020-05-15",152,3,354,442,8204,0.440273037542662,8190,37667,372,1736,18,6235,21,2080,15,21
"242","2020-05-16",161,3,341,417,8204,0.440273037542662,8190,37667,372,1736,25,6260,26,2106,17,26
"243","2020-05-17",137,3,340,400,8204,0.440273037542662,8190,37667,372,1736,16,6276,42,2148,8,42
"244","2020-05-18",137,3,334,380,8204,0.440273037542662,8190,37667,372,1736,18,6294,27,2175,15,27
"245","2020-05-19",144,3,326,367,8204,0.440273037542662,8190,37667,372,1736,16,6310,21,2196,10,21
"246","2020-05-20",139,3,370,336,8204,0.440273037542662,8190,37667,372,1736,18,6328,23,2219,10,23
"247","2020-05-21",133,3,378,327,8204,0.440273037542662,8190,37667,372,1736,18,6346,41,2260,13,41
"248","2020-05-22",117,3,376,310,8204,0.440273037542662,8190,37667,372,1736,21,6367,39,2299,17,39
"249","2020-05-23",115,3,390,298,8204,0.440273037542662,8190,37667,372,1736,23,6390,41,2340,12,41
"250","2020-05-24",111,3,397,279,8204,0.440273037542662,8190,37667,372,1736,18,6408,28,2368,12,28
"251","2020-05-25",99,3,390,269,8204,0.440273037542662,8190,37667,372,1736,11,6419,36,2404,8,36
"252","2020-05-26",89,3,375,254,8204,0.440273037542662,8190,37667,372,1736,12,6431,30,2434,9,30
"253","2020-05-27",84,3,368,241,8204,0.440273037542662,8190,37667,372,1736,17,6448,23,2457,13,23
"254","2020-05-28",77,3,356,234,8204,0.440273037542662,8190,37667,372,1736,14,6462,27,2484,9,27
"255","2020-05-29",66,3,338,218,8204,0.440273037542662,8190,37667,372,1736,13,6475,40,2524,8,40
"256","2020-05-30",62,3,339,209,8204,0.440273037542662,8190,37667,372,1736,7,6482,46,2570,2,46
"257","2020-05-31",69,3,333,194,8204,0.440273037542662,8190,37667,372,1736,13,6495,48,2618,8,48
"258","2020-06-01",71,3,343,189,8204,0.440273037542662,8190,37667,372,1736,7,6502,37,2655,6,37
"259","2020-06-02",67,3,342,177,8204,0.440273037542662,8190,37667,372,1736,8,6510,26,2681,7,26
"260","2020-06-03",62,3,363,168,8204,0.440273037542662,8190,37667,372,1736,4,6514,37,2718,3,37
"261","2020-06-04",62,3,388,162,8204,0.440273037542662,8190,37667,372,1736,7,6521,40,2758,5,40
"262","2020-06-05",69,3,402,155,8204,0.440273037542662,8190,37667,372,1736,8,6529,51,2809,5,51
"263","2020-06-06",68,3,404,156,8204,0.440273037542662,8190,37667,372,1736,5,6534,69,2878,4,69
"264","2020-06-07",50,3,410,153,8204,0.440273037542662,8190,37667,372,1736,5,6539,41,2919,5,41
"265","2020-03-07",1,4,0,0,6716,0.62656343061346,8400,36264,371,1177,NA,NA,NA,NA,NA,NA
"266","2020-03-08",1,4,0,0,6716,0.62656343061346,8400,36264,371,1177,NA,NA,NA,NA,NA,NA
"267","2020-03-09",0,4,0,0,6716,0.62656343061346,8400,36264,371,1177,NA,NA,NA,NA,NA,NA
"268","2020-03-10",0,4,0,0,6716,0.62656343061346,8400,36264,371,1177,NA,NA,2,2,NA,2
"269","2020-03-11",0,4,0,0,6716,0.62656343061346,8400,36264,371,1177,78,78,80,82,13,80
"270","2020-03-12",0,4,0,0,6716,0.62656343061346,8400,36264,371,1177,97,175,34,116,24,34
"271","2020-03-13",0,4,0,0,6716,0.62656343061346,8400,36264,371,1177,92,267,21,137,19,21
"272","2020-03-14",5,4,128,182,6716,0.62656343061346,8400,36264,371,1177,108,375,18,155,36,18
"273","2020-03-15",17,4,184,225,6716,0.62656343061346,8400,36264,371,1177,119,494,44,199,42,44
"274","2020-03-16",23,4,187,300,6716,0.62656343061346,8400,36264,371,1177,133,627,65,264,58,65
"275","2020-03-17",28,4,159,366,6716,0.62656343061346,8400,36264,371,1177,136,763,42,306,54,42
"276","2020-03-18",47,4,174,458,6716,0.62656343061346,8400,36264,371,1177,150,913,32,338,86,32
"277","2020-03-19",67,4,214,529,6716,0.62656343061346,8400,36264,371,1177,153,1066,34,372,89,34
"278","2020-03-20",107,4,237,601,6716,0.62656343061346,8400,36264,371,1177,157,1223,26,398,88,26
"279","2020-03-21",156,4,228,684,6716,0.62656343061346,8400,36264,371,1177,175,1398,11,409,102,11
"280","2020-03-22",207,4,237,756,6716,0.62656343061346,8400,36264,371,1177,151,1549,10,419,83,10
"281","2020-03-23",212,4,226,845,6716,0.62656343061346,8400,36264,371,1177,152,1701,13,432,72,13
"282","2020-03-24",218,4,221,921,6716,0.62656343061346,8400,36264,371,1177,151,1852,53,485,97,53
"283","2020-03-25",238,4,221,982,6716,0.62656343061346,8400,36264,371,1177,183,2035,42,527,100,42
"284","2020-03-26",263,4,206,1050,6716,0.62656343061346,8400,36264,371,1177,143,2178,24,551,83,24
"285","2020-03-27",362,4,196,1107,6716,0.62656343061346,8400,36264,371,1177,138,2316,35,586,82,35
"286","2020-03-28",374,4,180,1178,6716,0.62656343061346,8400,36264,371,1177,160,2476,31,617,94,31
"287","2020-03-29",377,4,206,1222,6716,0.62656343061346,8400,36264,371,1177,157,2633,20,637,91,20
"288","2020-03-30",395,4,193,1262,6716,0.62656343061346,8400,36264,371,1177,144,2777,17,654,77,17
"289","2020-03-31",396,4,180,1300,6716,0.62656343061346,8400,36264,371,1177,148,2925,87,741,73,87
"290","2020-04-01",409,4,213,1345,6716,0.62656343061346,8400,36264,371,1177,162,3087,37,778,93,37
"291","2020-04-02",415,4,246,1369,6716,0.62656343061346,8400,36264,371,1177,120,3207,30,808,66,30
"292","2020-04-03",475,4,205,1384,6716,0.62656343061346,8400,36264,371,1177,125,3332,21,829,65,21
"293","2020-04-04",499,4,196,1397,6716,0.62656343061346,8400,36264,371,1177,130,3462,14,843,72,14
"294","2020-04-05",450,4,224,1429,6716,0.62656343061346,8400,36264,371,1177,140,3602,11,854,69,11
"295","2020-04-06",426,4,224,1439,6716,0.62656343061346,8400,36264,371,1177,146,3748,18,872,79,18
"296","2020-04-07",432,4,201,1437,6716,0.62656343061346,8400,36264,371,1177,124,3872,14,886,59,14
"297","2020-04-08",433,4,187,1481,6716,0.62656343061346,8400,36264,371,1177,110,3982,14,900,37,14
"298","2020-04-09",436,4,182,1458,6716,0.62656343061346,8400,36264,371,1177,99,4081,12,912,51,12
"299","2020-04-10",500,4,185,1428,6716,0.62656343061346,8400,36264,371,1177,92,4173,50,962,41,50
"300","2020-04-11",473,4,194,1428,6716,0.62656343061346,8400,36264,371,1177,112,4285,38,1000,58,38
"301","2020-04-12",440,4,189,1439,6716,0.62656343061346,8400,36264,371,1177,88,4373,15,1015,34,15
"302","2020-04-13",459,4,179,1430,6716,0.62656343061346,8400,36264,371,1177,101,4474,14,1029,46,14
"303","2020-04-14",455,4,189,1412,6716,0.62656343061346,8400,36264,371,1177,124,4598,20,1049,54,20
"304","2020-04-15",454,4,239,1401,6716,0.62656343061346,8400,36264,371,1177,93,4691,17,1066,43,17
"305","2020-04-16",452,4,257,1381,6716,0.62656343061346,8400,36264,371,1177,103,4794,25,1091,44,25
"306","2020-04-17",460,4,236,1384,6716,0.62656343061346,8400,36264,371,1177,91,4885,18,1109,39,18
"307","2020-04-18",506,4,233,1327,6716,0.62656343061346,8400,36264,371,1177,99,4984,16,1125,44,16
"308","2020-04-19",456,4,279,1304,6716,0.62656343061346,8400,36264,371,1177,84,5068,33,1158,34,33
"309","2020-04-20",438,4,326,1279,6716,0.62656343061346,8400,36264,371,1177,84,5152,37,1195,31,37
"310","2020-04-21",433,4,312,1247,6716,0.62656343061346,8400,36264,371,1177,78,5230,22,1217,31,22
"311","2020-04-22",421,4,271,1214,6716,0.62656343061346,8400,36264,371,1177,76,5306,19,1236,37,19
"312","2020-04-23",419,4,237,1172,6716,0.62656343061346,8400,36264,371,1177,87,5393,12,1248,37,12
"313","2020-04-24",415,4,226,1119,6716,0.62656343061346,8400,36264,371,1177,78,5471,18,1266,24,18
"314","2020-04-25",372,4,248,1099,6716,0.62656343061346,8400,36264,371,1177,70,5541,7,1273,31,7
"315","2020-04-26",367,4,237,1060,6716,0.62656343061346,8400,36264,371,1177,73,5614,34,1307,31,34
"316","2020-04-27",361,4,230,1023,6716,0.62656343061346,8400,36264,371,1177,71,5685,31,1338,22,31
"317","2020-04-28",354,4,227,960,6716,0.62656343061346,8400,36264,371,1177,57,5742,22,1360,31,22
"318","2020-04-29",346,4,204,966,6716,0.62656343061346,8400,36264,371,1177,66,5808,8,1368,27,8
"319","2020-04-30",335,4,180,895,6716,0.62656343061346,8400,36264,371,1177,57,5865,21,1389,22,21
"320","2020-05-01",320,4,209,859,6716,0.62656343061346,8400,36264,371,1177,66,5931,13,1402,23,13
"321","2020-05-02",319,4,225,815,6716,0.62656343061346,8400,36264,371,1177,60,5991,9,1411,25,9
"322","2020-05-03",278,4,304,789,6716,0.62656343061346,8400,36264,371,1177,63,6054,24,1435,24,24
"323","2020-05-04",275,4,347,758,6716,0.62656343061346,8400,36264,371,1177,44,6098,12,1447,22,12
"324","2020-05-05",261,4,354,724,6716,0.62656343061346,8400,36264,371,1177,41,6139,26,1473,22,26
"325","2020-05-06",254,4,309,697,6716,0.62656343061346,8400,36264,371,1177,55,6194,18,1491,21,18
"326","2020-05-07",237,4,278,651,6716,0.62656343061346,8400,36264,371,1177,52,6246,11,1502,20,11
"327","2020-05-08",224,4,264,617,6716,0.62656343061346,8400,36264,371,1177,47,6293,13,1515,13,13
"328","2020-05-09",220,4,315,589,6716,0.62656343061346,8400,36264,371,1177,46,6339,8,1523,17,8
"329","2020-05-10",222,4,346,570,6716,0.62656343061346,8400,36264,371,1177,42,6381,10,1533,12,10
"330","2020-05-11",206,4,332,538,6716,0.62656343061346,8400,36264,371,1177,42,6423,43,1576,12,43
"331","2020-05-12",189,4,303,521,6716,0.62656343061346,8400,36264,371,1177,43,6466,40,1616,13,40
"332","2020-05-13",178,4,263,486,6716,0.62656343061346,8400,36264,371,1177,33,6499,39,1655,16,39
"333","2020-05-14",181,4,251,457,6716,0.62656343061346,8400,36264,371,1177,35,6534,15,1670,17,15
"334","2020-05-15",161,4,290,444,6716,0.62656343061346,8400,36264,371,1177,27,6561,13,1683,10,13
"335","2020-05-16",149,4,293,418,6716,0.62656343061346,8400,36264,371,1177,34,6595,16,1699,12,16
"336","2020-05-17",141,4,271,394,6716,0.62656343061346,8400,36264,371,1177,19,6614,62,1761,5,62
"337","2020-05-18",141,4,241,383,6716,0.62656343061346,8400,36264,371,1177,29,6643,23,1784,10,23
"338","2020-05-19",141,4,211,369,6716,0.62656343061346,8400,36264,371,1177,20,6663,41,1825,6,41
"339","2020-05-20",136,4,261,348,6716,0.62656343061346,8400,36264,371,1177,21,6684,42,1867,5,42
"340","2020-05-21",128,4,265,326,6716,0.62656343061346,8400,36264,371,1177,32,6716,12,1879,15,12
"341","2020-05-22",127,4,279,301,6716,0.62656343061346,8400,36264,371,1177,34,6750,18,1897,9,18
"342","2020-05-23",126,4,263,308,6716,0.62656343061346,8400,36264,371,1177,24,6774,7,1904,6,7
"343","2020-05-24",112,4,236,305,6716,0.62656343061346,8400,36264,371,1177,19,6793,33,1937,6,33
"344","2020-05-25",108,4,203,292,6716,0.62656343061346,8400,36264,371,1177,17,6810,13,1950,9,13
"345","2020-05-26",98,4,195,269,6716,0.62656343061346,8400,36264,371,1177,22,6832,14,1964,4,14
"346","2020-05-27",97,4,216,248,6716,0.62656343061346,8400,36264,371,1177,13,6845,4,1968,5,4
"347","2020-05-28",99,4,207,237,6716,0.62656343061346,8400,36264,371,1177,7,6852,29,1997,3,29
"348","2020-05-29",91,4,208,227,6716,0.62656343061346,8400,36264,371,1177,15,6867,68,2065,4,68
"349","2020-05-30",95,4,235,221,6716,0.62656343061346,8400,36264,371,1177,17,6884,74,2139,4,74
"350","2020-05-31",88,4,254,214,6716,0.62656343061346,8400,36264,371,1177,20,6904,66,2205,5,66
"351","2020-06-01",86,4,263,209,6716,0.62656343061346,8400,36264,371,1177,19,6923,87,2292,8,87
"352","2020-06-02",83,4,290,200,6716,0.62656343061346,8400,36264,371,1177,13,6936,53,2345,6,53
"353","2020-06-03",79,4,285,193,6716,0.62656343061346,8400,36264,371,1177,16,6952,33,2378,4,33
"354","2020-06-04",67,4,268,186,6716,0.62656343061346,8400,36264,371,1177,17,6969,24,2402,10,24
"355","2020-06-05",66,4,267,170,6716,0.62656343061346,8400,36264,371,1177,12,6981,30,2432,5,30
"356","2020-06-06",58,4,246,161,6716,0.62656343061346,8400,36264,371,1177,12,6993,15,2447,4,15
"357","2020-06-07",55,4,209,154,6716,0.62656343061346,8400,36264,371,1177,12,7005,5,2452,6,5
"358","2020-03-14",22,5,91,195,7144,0.531494960806271,8400,37023,345,964,45,119,11,100,19,11
"359","2020-03-15",29,5,104,254,7144,0.531494960806271,8400,37023,345,964,53,172,14,114,26,14
"360","2020-03-16",32,5,143,332,7144,0.531494960806271,8400,37023,345,964,44,216,17,131,27,17
"361","2020-03-17",49,5,159,404,7144,0.531494960806271,8400,37023,345,964,64,280,47,178,42,47
"362","2020-03-18",61,5,170,497,7144,0.531494960806271,8400,37023,345,964,68,348,29,207,40,29
"363","2020-03-19",78,5,165,562,7144,0.531494960806271,8400,37023,345,964,98,446,17,224,70,17
"364","2020-03-20",131,5,168,665,7144,0.531494960806271,8400,37023,345,964,70,516,21,245,50,21
"365","2020-03-21",140,5,164,755,7144,0.531494960806271,8400,37023,345,964,122,638,55,300,101,55
"366","2020-03-22",197,5,176,851,7144,0.531494960806271,8400,37023,345,964,103,741,59,359,68,59
"367","2020-03-23",220,5,171,955,7144,0.531494960806271,8400,37023,345,964,129,870,52,411,99,52
"368","2020-03-24",230,5,153,1016,7144,0.531494960806271,8400,37023,345,964,136,1006,31,442,104,31
"369","2020-03-25",258,5,147,1081,7144,0.531494960806271,8400,37023,345,964,124,1130,31,473,100,31
"370","2020-03-26",284,5,151,1163,7144,0.531494960806271,8400,37023,345,964,122,1252,42,515,105,42
"371","2020-03-27",376,5,194,1227,7144,0.531494960806271,8400,37023,345,964,166,1418,44,559,138,44
"372","2020-03-28",431,5,219,1287,7144,0.531494960806271,8400,37023,345,964,169,1587,31,590,151,31
"373","2020-03-29",396,5,192,1352,7144,0.531494960806271,8400,37023,345,964,196,1783,50,640,169,50
"374","2020-03-30",384,5,171,1423,7144,0.531494960806271,8400,37023,345,964,159,1942,35,675,135,35
"375","2020-03-31",378,5,158,1531,7144,0.531494960806271,8400,37023,345,964,227,2169,49,724,205,49
"376","2020-04-01",393,5,148,1548,7144,0.531494960806271,8400,37023,345,964,215,2384,49,773,185,49
"377","2020-04-02",407,5,146,1584,7144,0.531494960806271,8400,37023,345,964,215,2599,31,804,182,31
"378","2020-04-03",508,5,148,1609,7144,0.531494960806271,8400,37023,345,964,250,2849,44,848,231,44
"379","2020-04-04",514,5,136,1604,7144,0.531494960806271,8400,37023,345,964,215,3064,42,890,193,42
"380","2020-04-05",470,5,152,1644,7144,0.531494960806271,8400,37023,345,964,175,3239,27,917,146,27
"381","2020-04-06",468,5,182,1644,7144,0.531494960806271,8400,37023,345,964,201,3440,30,947,174,30
"382","2020-04-07",486,5,190,1658,7144,0.531494960806271,8400,37023,345,964,210,3650,32,979,189,32
"383","2020-04-08",494,5,218,1655,7144,0.531494960806271,8400,37023,345,964,208,3858,56,1035,187,56
"384","2020-04-09",494,5,221,1643,7144,0.531494960806271,8400,37023,345,964,158,4016,28,1063,144,28
"385","2020-04-10",557,5,222,1628,7144,0.531494960806271,8400,37023,345,964,187,4203,31,1094,168,31
"386","2020-04-11",558,5,233,1618,7144,0.531494960806271,8400,37023,345,964,183,4386,36,1130,164,36
"387","2020-04-12",527,5,251,1582,7144,0.531494960806271,8400,37023,345,964,158,4544,28,1158,135,28
"388","2020-04-13",529,5,273,1560,7144,0.531494960806271,8400,37023,345,964,156,4700,17,1175,149,17
"389","2020-04-14",523,5,249,1514,7144,0.531494960806271,8400,37023,345,964,117,4817,29,1204,99,29
"390","2020-04-15",516,5,280,1480,7144,0.531494960806271,8400,37023,345,964,106,4923,29,1233,94,29
"391","2020-04-16",512,5,288,1455,7144,0.531494960806271,8400,37023,345,964,105,5028,41,1274,91,41
"392","2020-04-17",496,5,278,1427,7144,0.531494960806271,8400,37023,345,964,120,5148,25,1299,107,25
"393","2020-04-18",481,5,279,1388,7144,0.531494960806271,8400,37023,345,964,83,5231,30,1329,75,30
"394","2020-04-19",467,5,290,1367,7144,0.531494960806271,8400,37023,345,964,86,5317,29,1358,75,29
"395","2020-04-20",451,5,289,1310,7144,0.531494960806271,8400,37023,345,964,83,5400,34,1392,65,34
"396","2020-04-21",438,5,270,1271,7144,0.531494960806271,8400,37023,345,964,63,5463,38,1430,49,38
"397","2020-04-22",437,5,241,1204,7144,0.531494960806271,8400,37023,345,964,77,5540,44,1474,65,44
"398","2020-04-23",420,5,244,1152,7144,0.531494960806271,8400,37023,345,964,70,5610,29,1503,55,29
"399","2020-04-24",399,5,260,1096,7144,0.531494960806271,8400,37023,345,964,59,5669,26,1529,42,26
"400","2020-04-25",409,5,264,1069,7144,0.531494960806271,8400,37023,345,964,46,5715,31,1560,41,31
"401","2020-04-26",352,5,254,1022,7144,0.531494960806271,8400,37023,345,964,65,5780,34,1594,56,34
"402","2020-04-27",344,5,220,992,7144,0.531494960806271,8400,37023,345,964,50,5830,22,1616,34,22
"403","2020-04-28",334,5,208,955,7144,0.531494960806271,8400,37023,345,964,32,5862,23,1639,23,23
"404","2020-04-29",312,5,214,904,7144,0.531494960806271,8400,37023,345,964,36,5898,45,1684,26,45
"405","2020-04-30",303,5,227,865,7144,0.531494960806271,8400,37023,345,964,44,5942,44,1728,33,44
"406","2020-05-01",313,5,215,813,7144,0.531494960806271,8400,37023,345,964,35,5977,38,1766,22,38
"407","2020-05-02",290,5,202,779,7144,0.531494960806271,8400,37023,345,964,29,6006,21,1787,19,21
"408","2020-05-03",284,5,196,726,7144,0.531494960806271,8400,37023,345,964,32,6038,26,1813,18,26
"409","2020-05-04",267,5,224,680,7144,0.531494960806271,8400,37023,345,964,20,6058,23,1836,15,23
"410","2020-05-05",249,5,257,651,7144,0.531494960806271,8400,37023,345,964,27,6085,28,1864,17,28
"411","2020-05-06",239,5,295,641,7144,0.531494960806271,8400,37023,345,964,27,6112,27,1891,18,27
"412","2020-05-07",231,5,252,625,7144,0.531494960806271,8400,37023,345,964,32,6144,28,1919,18,28
"413","2020-05-08",198,5,227,595,7144,0.531494960806271,8400,37023,345,964,26,6170,36,1955,15,36
"414","2020-05-09",200,5,216,573,7144,0.531494960806271,8400,37023,345,964,24,6194,35,1990,17,35
"415","2020-05-10",171,5,221,550,7144,0.531494960806271,8400,37023,345,964,17,6211,30,2020,10,30
"416","2020-05-11",175,5,213,508,7144,0.531494960806271,8400,37023,345,964,23,6234,54,2074,12,54
"417","2020-05-12",172,5,211,495,7144,0.531494960806271,8400,37023,345,964,20,6254,45,2119,12,45
"418","2020-05-13",177,5,226,480,7144,0.531494960806271,8400,37023,345,964,22,6276,29,2148,12,29
"419","2020-05-14",174,5,230,453,7144,0.531494960806271,8400,37023,345,964,26,6302,28,2176,12,28
"420","2020-05-15",181,5,227,420,7144,0.531494960806271,8400,37023,345,964,12,6314,50,2226,7,50
"421","2020-05-16",184,5,242,409,7144,0.531494960806271,8400,37023,345,964,13,6327,44,2270,7,44
"422","2020-05-17",159,5,240,381,7144,0.531494960806271,8400,37023,345,964,17,6344,19,2289,10,19
"423","2020-05-18",147,5,223,354,7144,0.531494960806271,8400,37023,345,964,14,6358,37,2326,8,37
"424","2020-05-19",138,5,218,342,7144,0.531494960806271,8400,37023,345,964,15,6373,34,2360,9,34
"425","2020-05-20",120,5,229,329,7144,0.531494960806271,8400,37023,345,964,7,6380,37,2397,3,37
"426","2020-05-21",116,5,249,303,7144,0.531494960806271,8400,37023,345,964,9,6389,26,2423,5,26
"427","2020-05-22",106,5,239,295,7144,0.531494960806271,8400,37023,345,964,11,6400,37,2460,5,37
"428","2020-05-23",90,5,253,280,7144,0.531494960806271,8400,37023,345,964,11,6411,33,2493,4,33
"429","2020-05-24",90,5,227,274,7144,0.531494960806271,8400,37023,345,964,9,6420,33,2526,3,33
"430","2020-05-25",88,5,202,267,7144,0.531494960806271,8400,37023,345,964,9,6429,22,2548,1,22
"431","2020-05-26",84,5,194,269,7144,0.531494960806271,8400,37023,345,964,15,6444,44,2592,9,44
"432","2020-05-27",85,5,214,249,7144,0.531494960806271,8400,37023,345,964,9,6453,29,2621,1,29
"433","2020-05-28",84,5,199,236,7144,0.531494960806271,8400,37023,345,964,5,6458,42,2663,2,42
"434","2020-05-29",78,5,191,226,7144,0.531494960806271,8400,37023,345,964,3,6461,45,2708,1,45
"435","2020-05-30",80,5,205,222,7144,0.531494960806271,8400,37023,345,964,14,6475,48,2756,5,48
"436","2020-05-31",76,5,205,211,7144,0.531494960806271,8400,37023,345,964,10,6485,34,2790,4,34
"437","2020-06-01",71,5,191,203,7144,0.531494960806271,8400,37023,345,964,8,6493,39,2829,3,39
"438","2020-06-02",62,5,202,196,7144,0.531494960806271,8400,37023,345,964,5,6498,49,2878,NA,49
"439","2020-06-03",56,5,176,188,7144,0.531494960806271,8400,37023,345,964,8,6506,43,2921,2,43
"440","2020-06-04",50,5,177,180,7144,0.531494960806271,8400,37023,345,964,7,6513,43,2964,4,43
"441","2020-06-05",53,5,191,167,7144,0.531494960806271,8400,37023,345,964,8,6521,19,2983,5,19
"442","2020-06-06",49,5,188,153,7144,0.531494960806271,8400,37023,345,964,13,6534,18,3001,5,18
"443","2020-06-07",44,5,179,143,7144,0.531494960806271,8400,37023,345,964,4,6538,13,3014,1,13
"444","2020-03-08",1,6,0,0,7139,0.624597282532568,8310,37603,388,2032,NA,NA,NA,NA,NA,NA
"445","2020-03-09",1,6,0,0,7139,0.624597282532568,8310,37603,388,2032,NA,NA,NA,NA,NA,NA
"446","2020-03-10",0,6,0,0,7139,0.624597282532568,8310,37603,388,2032,NA,NA,4,4,NA,4
"447","2020-03-11",0,6,0,0,7139,0.624597282532568,8310,37603,388,2032,48,48,57,61,1,57
"448","2020-03-12",0,6,0,0,7139,0.624597282532568,8310,37603,388,2032,65,113,34,95,4,34
"449","2020-03-13",3,6,172,165,7139,0.624597282532568,8310,37603,388,2032,52,165,20,115,6,20
"450","2020-03-14",6,6,179,237,7139,0.624597282532568,8310,37603,388,2032,61,226,46,161,15,46
"451","2020-03-15",27,6,227,325,7139,0.624597282532568,8310,37603,388,2032,69,295,41,202,25,41
"452","2020-03-16",40,6,282,437,7139,0.624597282532568,8310,37603,388,2032,63,358,47,249,26,47
"453","2020-03-17",49,6,259,521,7139,0.624597282532568,8310,37603,388,2032,82,440,33,282,37,33
"454","2020-03-18",70,6,218,623,7139,0.624597282532568,8310,37603,388,2032,119,559,28,310,63,28
"455","2020-03-19",93,6,197,705,7139,0.624597282532568,8310,37603,388,2032,95,654,57,367,52,57
"456","2020-03-20",157,6,178,798,7139,0.624597282532568,8310,37603,388,2032,121,775,24,391,77,24
"457","2020-03-21",247,6,168,878,7139,0.624597282532568,8310,37603,388,2032,112,887,15,406,71,15
"458","2020-03-22",256,6,151,983,7139,0.624597282532568,8310,37603,388,2032,124,1011,10,416,76,10
"459","2020-03-23",241,6,140,1059,7139,0.624597282532568,8310,37603,388,2032,132,1143,25,441,85,25
"460","2020-03-24",265,6,182,1117,7139,0.624597282532568,8310,37603,388,2032,162,1305,22,463,121,22
"461","2020-03-25",282,6,225,1198,7139,0.624597282532568,8310,37603,388,2032,176,1481,25,488,112,25
"462","2020-03-26",307,6,229,1231,7139,0.624597282532568,8310,37603,388,2032,170,1651,16,504,131,16
"463","2020-03-27",410,6,237,1306,7139,0.624597282532568,8310,37603,388,2032,138,1789,17,521,93,17
"464","2020-03-28",402,6,233,1354,7139,0.624597282532568,8310,37603,388,2032,163,1952,66,587,118,66
"465","2020-03-29",434,6,229,1412,7139,0.624597282532568,8310,37603,388,2032,167,2119,44,631,125,44
"466","2020-03-30",457,6,228,1445,7139,0.624597282532568,8310,37603,388,2032,161,2280,43,674,117,43
"467","2020-03-31",444,6,224,1468,7139,0.624597282532568,8310,37603,388,2032,215,2495,31,705,156,31
"468","2020-04-01",473,6,199,1484,7139,0.624597282532568,8310,37603,388,2032,149,2644,74,779,112,74
"469","2020-04-02",483,6,232,1513,7139,0.624597282532568,8310,37603,388,2032,153,2797,47,826,113,47
"470","2020-04-03",536,6,240,1547,7139,0.624597282532568,8310,37603,388,2032,158,2955,52,878,106,52
"471","2020-04-04",524,6,264,1546,7139,0.624597282532568,8310,37603,388,2032,160,3115,37,915,122,37
"472","2020-04-05",516,6,277,1518,7139,0.624597282532568,8310,37603,388,2032,144,3259,29,944,91,29
"473","2020-04-06",519,6,276,1516,7139,0.624597282532568,8310,37603,388,2032,137,3396,25,969,91,25
"474","2020-04-07",503,6,265,1503,7139,0.624597282532568,8310,37603,388,2032,139,3535,20,989,97,20
"475","2020-04-08",495,6,254,1509,7139,0.624597282532568,8310,37603,388,2032,142,3677,19,1008,102,19
"476","2020-04-09",489,6,244,1503,7139,0.624597282532568,8310,37603,388,2032,136,3813,17,1025,94,17
"477","2020-04-10",524,6,254,1463,7139,0.624597282532568,8310,37603,388,2032,164,3977,11,1036,113,11
"478","2020-04-11",533,6,308,1453,7139,0.624597282532568,8310,37603,388,2032,142,4119,12,1048,104,12
"479","2020-04-12",464,6,282,1447,7139,0.624597282532568,8310,37603,388,2032,136,4255,18,1066,94,18
"480","2020-04-13",462,6,267,1412,7139,0.624597282532568,8310,37603,388,2032,105,4360,17,1083,74,17
"481","2020-04-14",460,6,246,1411,7139,0.624597282532568,8310,37603,388,2032,128,4488,19,1102,80,19
"482","2020-04-15",451,6,234,1386,7139,0.624597282532568,8310,37603,388,2032,82,4570,42,1144,60,42
"483","2020-04-16",449,6,228,1349,7139,0.624597282532568,8310,37603,388,2032,89,4659,25,1169,54,25
"484","2020-04-17",477,6,219,1318,7139,0.624597282532568,8310,37603,388,2032,101,4760,20,1189,64,20
"485","2020-04-18",487,6,209,1286,7139,0.624597282532568,8310,37603,388,2032,82,4842,18,1207,53,18
"486","2020-04-19",464,6,236,1237,7139,0.624597282532568,8310,37603,388,2032,80,4922,21,1228,54,21
"487","2020-04-20",456,6,243,1203,7139,0.624597282532568,8310,37603,388,2032,74,4996,20,1248,39,20
"488","2020-04-21",438,6,230,1158,7139,0.624597282532568,8310,37603,388,2032,60,5056,13,1261,34,13
"489","2020-04-22",408,6,212,1125,7139,0.624597282532568,8310,37603,388,2032,74,5130,15,1276,47,15
"490","2020-04-23",400,6,202,1070,7139,0.624597282532568,8310,37603,388,2032,72,5202,11,1287,46,11
"491","2020-04-24",396,6,203,1040,7139,0.624597282532568,8310,37603,388,2032,49,5251,35,1322,32,35
"492","2020-04-25",388,6,229,1004,7139,0.624597282532568,8310,37603,388,2032,58,5309,39,1361,35,39
"493","2020-04-26",369,6,250,970,7139,0.624597282532568,8310,37603,388,2032,64,5373,28,1389,36,28
"494","2020-04-27",344,6,281,906,7139,0.624597282532568,8310,37603,388,2032,59,5432,39,1428,31,39
"495","2020-04-28",352,6,269,888,7139,0.624597282532568,8310,37603,388,2032,68,5500,31,1459,39,31
"496","2020-04-29",360,6,253,855,7139,0.624597282532568,8310,37603,388,2032,47,5547,20,1479,23,20
"497","2020-04-30",353,6,241,823,7139,0.624597282532568,8310,37603,388,2032,48,5595,24,1503,24,24
"498","2020-05-01",323,6,235,785,7139,0.624597282532568,8310,37603,388,2032,48,5643,21,1524,20,21
"499","2020-05-02",312,6,289,734,7139,0.624597282532568,8310,37603,388,2032,53,5696,26,1550,19,26
"500","2020-05-03",276,6,273,716,7139,0.624597282532568,8310,37603,388,2032,47,5743,22,1572,30,22
"501","2020-05-04",263,6,244,671,7139,0.624597282532568,8310,37603,388,2032,51,5794,12,1584,23,12
"502","2020-05-05",240,6,228,642,7139,0.624597282532568,8310,37603,388,2032,49,5843,8,1592,23,8
"503","2020-05-06",236,6,201,625,7139,0.624597282532568,8310,37603,388,2032,46,5889,8,1600,24,8
"504","2020-05-07",213,6,217,599,7139,0.624597282532568,8310,37603,388,2032,45,5934,14,1614,17,14
"505","2020-05-08",190,6,206,571,7139,0.624597282532568,8310,37603,388,2032,39,5973,21,1635,21,21
"506","2020-05-09",190,6,187,560,7139,0.624597282532568,8310,37603,388,2032,31,6004,19,1654,15,19
"507","2020-05-10",161,6,192,527,7139,0.624597282532568,8310,37603,388,2032,28,6032,15,1669,14,15
"508","2020-05-11",157,6,238,517,7139,0.624597282532568,8310,37603,388,2032,36,6068,16,1685,11,16
"509","2020-05-12",154,6,265,498,7139,0.624597282532568,8310,37603,388,2032,33,6101,49,1734,19,49
"510","2020-05-13",147,6,229,498,7139,0.624597282532568,8310,37603,388,2032,33,6134,42,1776,12,42
"511","2020-05-14",153,6,215,485,7139,0.624597282532568,8310,37603,388,2032,26,6160,32,1808,13,32
"512","2020-05-15",151,6,195,471,7139,0.624597282532568,8310,37603,388,2032,34,6194,31,1839,10,31
"513","2020-05-16",140,6,199,453,7139,0.624597282532568,8310,37603,388,2032,28,6222,45,1884,7,45
"514","2020-05-17",147,6,195,440,7139,0.624597282532568,8310,37603,388,2032,19,6241,26,1910,10,26
"515","2020-05-18",152,6,199,431,7139,0.624597282532568,8310,37603,388,2032,21,6262,58,1968,7,58
"516","2020-05-19",135,6,192,414,7139,0.624597282532568,8310,37603,388,2032,21,6283,60,2028,8,60
"517","2020-05-20",135,6,189,397,7139,0.624597282532568,8310,37603,388,2032,24,6307,35,2063,9,35
"518","2020-05-21",135,6,241,386,7139,0.624597282532568,8310,37603,388,2032,21,6328,20,2083,9,20
"519","2020-05-22",141,6,243,365,7139,0.624597282532568,8310,37603,388,2032,25,6353,50,2133,9,50
"520","2020-05-23",148,6,236,355,7139,0.624597282532568,8310,37603,388,2032,18,6371,44,2177,11,44
"521","2020-05-24",138,6,203,347,7139,0.624597282532568,8310,37603,388,2032,10,6381,44,2221,1,44
"522","2020-05-25",121,6,213,316,7139,0.624597282532568,8310,37603,388,2032,14,6395,23,2244,7,23
"523","2020-05-26",119,6,228,293,7139,0.624597282532568,8310,37603,388,2032,19,6414,28,2272,6,28
"524","2020-05-27",111,6,238,287,7139,0.624597282532568,8310,37603,388,2032,10,6424,21,2293,5,21
"525","2020-05-28",106,6,220,289,7139,0.624597282532568,8310,37603,388,2032,14,6438,33,2326,2,33
"526","2020-05-29",87,6,194,280,7139,0.624597282532568,8310,37603,388,2032,11,6449,20,2346,3,20
"527","2020-05-30",82,6,169,273,7139,0.624597282532568,8310,37603,388,2032,9,6458,18,2364,3,18
"528","2020-05-31",78,6,150,261,7139,0.624597282532568,8310,37603,388,2032,9,6467,11,2375,NA,11
"529","2020-06-01",78,6,182,254,7139,0.624597282532568,8310,37603,388,2032,8,6475,53,2428,2,53
"530","2020-06-02",77,6,206,247,7139,0.624597282532568,8310,37603,388,2032,7,6482,28,2456,3,28
"531","2020-06-03",77,6,226,246,7139,0.624597282532568,8310,37603,388,2032,12,6494,29,2485,5,29
"532","2020-06-04",74,6,208,222,7139,0.624597282532568,8310,37603,388,2032,5,6499,24,2509,1,24
"533","2020-06-05",77,6,198,199,7139,0.624597282532568,8310,37603,388,2032,9,6508,14,2523,1,14
"534","2020-06-06",76,6,190,194,7139,0.624597282532568,8310,37603,388,2032,3,6511,10,2533,1,10
"535","2020-06-07",77,6,171,183,7139,0.624597282532568,8310,37603,388,2032,7,6518,19,2552,1,19
"536","2020-03-08",1,7,0,0,8162,0.283508943886302,8235,39922,446,797,NA,NA,NA,NA,NA,NA
"537","2020-03-09",1,7,0,0,8162,0.283508943886302,8235,39922,446,797,NA,NA,NA,NA,NA,NA
"538","2020-03-10",0,7,0,0,8162,0.283508943886302,8235,39922,446,797,NA,NA,9,9,NA,9
"539","2020-03-11",0,7,0,0,8162,0.283508943886302,8235,39922,446,797,16,16,17,26,NA,17
"540","2020-03-12",0,7,0,0,8162,0.283508943886302,8235,39922,446,797,26,42,15,41,6,15
"541","2020-03-13",9,7,66,247,8162,0.283508943886302,8235,39922,446,797,32,74,14,55,6,14
"542","2020-03-14",19,7,70,340,8162,0.283508943886302,8235,39922,446,797,38,112,52,107,11,52
"543","2020-03-15",54,7,65,436,8162,0.283508943886302,8235,39922,446,797,39,151,61,168,14,61
"544","2020-03-16",70,7,60,528,8162,0.283508943886302,8235,39922,446,797,49,200,50,218,25,50
"545","2020-03-17",76,7,56,646,8162,0.283508943886302,8235,39922,446,797,54,254,85,303,28,85
"546","2020-03-18",102,7,97,751,8162,0.283508943886302,8235,39922,446,797,71,325,37,340,47,37
"547","2020-03-19",130,7,106,846,8162,0.283508943886302,8235,39922,446,797,84,409,21,361,61,21
"548","2020-03-20",211,7,111,945,8162,0.283508943886302,8235,39922,446,797,78,487,19,380,57,19
"549","2020-03-21",253,7,130,1077,8162,0.283508943886302,8235,39922,446,797,109,596,19,399,78,19
"550","2020-03-22",284,7,124,1170,8162,0.283508943886302,8235,39922,446,797,88,684,30,429,70,30
"551","2020-03-23",299,7,123,1278,8162,0.283508943886302,8235,39922,446,797,92,776,19,448,73,19
"552","2020-03-24",329,7,121,1351,8162,0.283508943886302,8235,39922,446,797,128,904,19,467,107,19
"553","2020-03-25",345,7,139,1405,8162,0.283508943886302,8235,39922,446,797,141,1045,28,495,118,28
"554","2020-03-26",379,7,142,1466,8162,0.283508943886302,8235,39922,446,797,151,1196,19,514,135,19
"555","2020-03-27",465,7,162,1493,8162,0.283508943886302,8235,39922,446,797,138,1334,36,550,109,36
"556","2020-03-28",499,7,157,1546,8162,0.283508943886302,8235,39922,446,797,150,1484,62,612,126,62
"557","2020-03-29",505,7,172,1582,8162,0.283508943886302,8235,39922,446,797,150,1634,27,639,121,27
"558","2020-03-30",513,7,175,1613,8162,0.283508943886302,8235,39922,446,797,143,1777,50,689,124,50
"559","2020-03-31",521,7,165,1613,8162,0.283508943886302,8235,39922,446,797,177,1954,66,755,152,66
"560","2020-04-01",539,7,140,1602,8162,0.283508943886302,8235,39922,446,797,175,2129,31,786,148,31
"561","2020-04-02",529,7,139,1594,8162,0.283508943886302,8235,39922,446,797,175,2304,14,800,159,14
"562","2020-04-03",574,7,147,1584,8162,0.283508943886302,8235,39922,446,797,182,2486,10,810,158,10
"563","2020-04-04",542,7,160,1579,8162,0.283508943886302,8235,39922,446,797,165,2651,13,823,139,13
"564","2020-04-05",513,7,147,1568,8162,0.283508943886302,8235,39922,446,797,193,2844,8,831,174,8
"565","2020-04-06",502,7,157,1546,8162,0.283508943886302,8235,39922,446,797,187,3031,7,838,166,7
"566","2020-04-07",470,7,199,1548,8162,0.283508943886302,8235,39922,446,797,143,3174,26,864,121,26
"567","2020-04-08",467,7,211,1560,8162,0.283508943886302,8235,39922,446,797,162,3336,24,888,143,24
"568","2020-04-09",465,7,246,1560,8162,0.283508943886302,8235,39922,446,797,137,3473,24,912,114,24
"569","2020-04-10",503,7,235,1536,8162,0.283508943886302,8235,39922,446,797,183,3656,14,926,151,14
"570","2020-04-11",547,7,214,1530,8162,0.283508943886302,8235,39922,446,797,135,3791,18,944,119,18
"571","2020-04-12",492,7,204,1507,8162,0.283508943886302,8235,39922,446,797,148,3939,21,965,132,21
"572","2020-04-13",486,7,190,1492,8162,0.283508943886302,8235,39922,446,797,118,4057,14,979,99,14
"573","2020-04-14",481,7,217,1447,8162,0.283508943886302,8235,39922,446,797,139,4196,19,998,118,19
"574","2020-04-15",470,7,213,1394,8162,0.283508943886302,8235,39922,446,797,109,4305,21,1019,92,21
"575","2020-04-16",464,7,236,1356,8162,0.283508943886302,8235,39922,446,797,115,4420,19,1038,99,19
"576","2020-04-17",484,7,252,1333,8162,0.283508943886302,8235,39922,446,797,109,4529,11,1049,93,11
"577","2020-04-18",452,7,250,1304,8162,0.283508943886302,8235,39922,446,797,125,4654,11,1060,110,11
"578","2020-04-19",416,7,240,1288,8162,0.283508943886302,8235,39922,446,797,86,4740,7,1067,71,7
"579","2020-04-20",415,7,253,1256,8162,0.283508943886302,8235,39922,446,797,109,4849,15,1082,84,15
"580","2020-04-21",404,7,270,1228,8162,0.283508943886302,8235,39922,446,797,67,4916,9,1091,53,9
"581","2020-04-22",406,7,266,1186,8162,0.283508943886302,8235,39922,446,797,95,5011,13,1104,80,13
"582","2020-04-23",401,7,246,1148,8162,0.283508943886302,8235,39922,446,797,77,5088,17,1121,66,17
"583","2020-04-24",364,7,220,1130,8162,0.283508943886302,8235,39922,446,797,57,5145,31,1152,43,31
"584","2020-04-25",394,7,202,1123,8162,0.283508943886302,8235,39922,446,797,71,5216,21,1173,57,21
"585","2020-04-26",363,7,202,1098,8162,0.283508943886302,8235,39922,446,797,69,5285,15,1188,50,15
"586","2020-04-27",345,7,226,1078,8162,0.283508943886302,8235,39922,446,797,60,5345,10,1198,45,10
"587","2020-04-28",344,7,212,1033,8162,0.283508943886302,8235,39922,446,797,53,5398,8,1206,41,8
"588","2020-04-29",341,7,225,1006,8162,0.283508943886302,8235,39922,446,797,40,5438,30,1236,32,30
"589","2020-04-30",330,7,242,961,8162,0.283508943886302,8235,39922,446,797,55,5493,34,1270,36,34
"590","2020-05-01",361,7,237,927,8162,0.283508943886302,8235,39922,446,797,48,5541,32,1302,36,32
"591","2020-05-02",336,7,216,889,8162,0.283508943886302,8235,39922,446,797,34,5575,26,1328,24,26
"592","2020-05-03",313,7,208,863,8162,0.283508943886302,8235,39922,446,797,40,5615,22,1350,27,22
"593","2020-05-04",293,7,197,851,8162,0.283508943886302,8235,39922,446,797,33,5648,18,1368,20,18
"594","2020-05-05",283,7,186,825,8162,0.283508943886302,8235,39922,446,797,40,5688,10,1378,30,10
"595","2020-05-06",263,7,165,795,8162,0.283508943886302,8235,39922,446,797,24,5712,41,1419,18,41
"596","2020-05-07",258,7,161,768,8162,0.283508943886302,8235,39922,446,797,30,5742,26,1445,23,26
"597","2020-05-08",269,7,165,731,8162,0.283508943886302,8235,39922,446,797,26,5768,34,1479,18,34
"598","2020-05-09",251,7,163,689,8162,0.283508943886302,8235,39922,446,797,30,5798,21,1500,19,21
"599","2020-05-10",222,7,190,662,8162,0.283508943886302,8235,39922,446,797,39,5837,9,1509,23,9
"600","2020-05-11",226,7,190,638,8162,0.283508943886302,8235,39922,446,797,27,5864,8,1517,12,8
"601","2020-05-12",213,7,186,603,8162,0.283508943886302,8235,39922,446,797,23,5887,4,1521,17,4
"602","2020-05-13",202,7,193,590,8162,0.283508943886302,8235,39922,446,797,13,5900,6,1527,6,6
"603","2020-05-14",194,7,199,561,8162,0.283508943886302,8235,39922,446,797,27,5927,5,1532,14,5
"604","2020-05-15",167,7,206,541,8162,0.283508943886302,8235,39922,446,797,22,5949,15,1547,9,15
"605","2020-05-16",168,7,196,515,8162,0.283508943886302,8235,39922,446,797,22,5971,41,1588,10,41
"606","2020-05-17",167,7,182,488,8162,0.283508943886302,8235,39922,446,797,14,5985,28,1616,10,28
"607","2020-05-18",163,7,180,468,8162,0.283508943886302,8235,39922,446,797,16,6001,14,1630,9,14
"608","2020-05-19",154,7,186,442,8162,0.283508943886302,8235,39922,446,797,23,6024,19,1649,9,19
"609","2020-05-20",151,7,175,403,8162,0.283508943886302,8235,39922,446,797,16,6040,17,1666,8,17
"610","2020-05-21",146,7,157,386,8162,0.283508943886302,8235,39922,446,797,21,6061,25,1691,12,25
"611","2020-05-22",131,7,173,359,8162,0.283508943886302,8235,39922,446,797,16,6077,14,1705,9,14
"612","2020-05-23",140,7,205,338,8162,0.283508943886302,8235,39922,446,797,10,6087,11,1716,8,11
"613","2020-05-24",119,7,212,312,8162,0.283508943886302,8235,39922,446,797,19,6106,6,1722,12,6
"614","2020-05-25",110,7,201,292,8162,0.283508943886302,8235,39922,446,797,9,6115,15,1737,4,15
"615","2020-05-26",104,7,190,279,8162,0.283508943886302,8235,39922,446,797,12,6127,11,1748,6,11
"616","2020-05-27",102,7,192,270,8162,0.283508943886302,8235,39922,446,797,15,6142,9,1757,10,9
"617","2020-05-28",103,7,203,266,8162,0.283508943886302,8235,39922,446,797,10,6152,18,1775,4,18
"618","2020-05-29",98,7,189,254,8162,0.283508943886302,8235,39922,446,797,9,6161,10,1785,4,10
"619","2020-05-30",97,7,200,240,8162,0.283508943886302,8235,39922,446,797,13,6174,13,1798,7,13
"620","2020-05-31",89,7,196,230,8162,0.283508943886302,8235,39922,446,797,8,6182,12,1810,1,12
"621","2020-06-01",78,7,226,213,8162,0.283508943886302,8235,39922,446,797,10,6192,40,1850,4,40
"622","2020-06-02",74,7,225,209,8162,0.283508943886302,8235,39922,446,797,7,6199,31,1881,2,31
"623","2020-06-03",72,7,228,193,8162,0.283508943886302,8235,39922,446,797,9,6208,15,1896,7,15
"624","2020-06-04",66,7,227,183,8162,0.283508943886302,8235,39922,446,797,9,6217,47,1943,4,47
"625","2020-06-05",63,7,221,180,8162,0.283508943886302,8235,39922,446,797,9,6226,25,1968,NA,25
"626","2020-06-06",53,7,229,176,8162,0.283508943886302,8235,39922,446,797,10,6236,31,1999,3,31
"627","2020-06-07",56,7,218,164,8162,0.283508943886302,8235,39922,446,797,16,6252,19,2018,5,19
"628","2020-03-13",1,8,117,161,7684,0.484122852680895,8205,37245,501,1981,48,131,14,62,2,14
"629","2020-03-14",10,8,142,232,7684,0.484122852680895,8205,37245,501,1981,50,181,14,76,5,14
"630","2020-03-15",33,8,164,335,7684,0.484122852680895,8205,37245,501,1981,63,244,7,83,18,7
"631","2020-03-16",41,8,234,433,7684,0.484122852680895,8205,37245,501,1981,52,296,39,122,13,39
"632","2020-03-17",45,8,279,537,7684,0.484122852680895,8205,37245,501,1981,70,366,34,156,19,34
"633","2020-03-18",70,8,294,648,7684,0.484122852680895,8205,37245,501,1981,72,438,46,202,37,46
"634","2020-03-19",92,8,322,755,7684,0.484122852680895,8205,37245,501,1981,86,524,39,241,35,39
"635","2020-03-20",132,8,306,849,7684,0.484122852680895,8205,37245,501,1981,86,610,49,290,40,49
"636","2020-03-21",218,8,303,959,7684,0.484122852680895,8205,37245,501,1981,102,712,36,326,48,36
"637","2020-03-22",263,8,288,1110,7684,0.484122852680895,8205,37245,501,1981,90,802,30,356,46,30
"638","2020-03-23",263,8,271,1223,7684,0.484122852680895,8205,37245,501,1981,90,892,37,393,43,37
"639","2020-03-24",288,8,270,1310,7684,0.484122852680895,8205,37245,501,1981,106,998,24,417,56,24
"640","2020-03-25",303,8,287,1405,7684,0.484122852680895,8205,37245,501,1981,139,1137,36,453,85,36
"641","2020-03-26",341,8,285,1504,7684,0.484122852680895,8205,37245,501,1981,112,1249,18,471,61,18
"642","2020-03-27",491,8,280,1618,7684,0.484122852680895,8205,37245,501,1981,114,1363,22,493,58,22
"643","2020-03-28",501,8,281,1678,7684,0.484122852680895,8205,37245,501,1981,109,1472,25,518,56,25
"644","2020-03-29",502,8,277,1759,7684,0.484122852680895,8205,37245,501,1981,131,1603,24,542,79,24
"645","2020-03-30",522,8,250,1745,7684,0.484122852680895,8205,37245,501,1981,136,1739,8,550,76,8
"646","2020-03-31",560,8,250,1781,7684,0.484122852680895,8205,37245,501,1981,118,1857,71,621,68,71
"647","2020-04-01",584,8,228,1798,7684,0.484122852680895,8205,37245,501,1981,114,1971,83,704,70,83
"648","2020-04-02",582,8,237,1847,7684,0.484122852680895,8205,37245,501,1981,113,2084,59,763,62,59
"649","2020-04-03",666,8,235,1851,7684,0.484122852680895,8205,37245,501,1981,104,2188,19,782,64,19
"650","2020-04-04",666,8,238,1880,7684,0.484122852680895,8205,37245,501,1981,127,2315,26,808,72,26
"651","2020-04-05",614,8,246,1880,7684,0.484122852680895,8205,37245,501,1981,120,2435,13,821,76,13
"652","2020-04-06",623,8,271,1873,7684,0.484122852680895,8205,37245,501,1981,104,2539,9,830,58,9
"653","2020-04-07",596,8,263,1864,7684,0.484122852680895,8205,37245,501,1981,140,2679,17,847,76,17
"654","2020-04-08",598,8,268,1842,7684,0.484122852680895,8205,37245,501,1981,115,2794,13,860,63,13
"655","2020-04-09",612,8,281,1797,7684,0.484122852680895,8205,37245,501,1981,94,2888,26,886,50,26
"656","2020-04-10",654,8,268,1748,7684,0.484122852680895,8205,37245,501,1981,106,2994,49,935,57,49
"657","2020-04-11",647,8,301,1726,7684,0.484122852680895,8205,37245,501,1981,114,3108,42,977,71,42
"658","2020-04-12",608,8,325,1677,7684,0.484122852680895,8205,37245,501,1981,86,3194,23,1000,58,23
"659","2020-04-13",585,8,310,1609,7684,0.484122852680895,8205,37245,501,1981,109,3303,40,1040,62,40
"660","2020-04-14",562,8,298,1547,7684,0.484122852680895,8205,37245,501,1981,115,3418,58,1098,64,58
"661","2020-04-15",553,8,289,1518,7684,0.484122852680895,8205,37245,501,1981,92,3510,72,1170,60,72
"662","2020-04-16",537,8,299,1454,7684,0.484122852680895,8205,37245,501,1981,79,3589,46,1216,41,46
"663","2020-04-17",501,8,298,1422,7684,0.484122852680895,8205,37245,501,1981,82,3671,23,1239,43,23
"664","2020-04-18",499,8,313,1362,7684,0.484122852680895,8205,37245,501,1981,89,3760,16,1255,43,16
"665","2020-04-19",460,8,325,1304,7684,0.484122852680895,8205,37245,501,1981,87,3847,13,1268,49,13
"666","2020-04-20",440,8,322,1255,7684,0.484122852680895,8205,37245,501,1981,87,3934,12,1280,50,12
"667","2020-04-21",430,8,317,1196,7684,0.484122852680895,8205,37245,501,1981,86,4020,19,1299,41,19
"668","2020-04-22",417,8,307,1153,7684,0.484122852680895,8205,37245,501,1981,82,4102,17,1316,44,17
"669","2020-04-23",393,8,327,1098,7684,0.484122852680895,8205,37245,501,1981,94,4196,46,1362,42,46
"670","2020-04-24",376,8,309,1052,7684,0.484122852680895,8205,37245,501,1981,83,4279,40,1402,33,40
"671","2020-04-25",354,8,313,1000,7684,0.484122852680895,8205,37245,501,1981,63,4342,35,1437,30,35
"672","2020-04-26",331,8,296,960,7684,0.484122852680895,8205,37245,501,1981,85,4427,21,1458,38,21
"673","2020-04-27",317,8,292,906,7684,0.484122852680895,8205,37245,501,1981,69,4496,29,1487,30,29
"674","2020-04-28",295,8,312,882,7684,0.484122852680895,8205,37245,501,1981,65,4561,23,1510,30,23
"675","2020-04-29",268,8,321,842,7684,0.484122852680895,8205,37245,501,1981,62,4623,18,1528,26,18
"676","2020-04-30",263,8,311,798,7684,0.484122852680895,8205,37245,501,1981,77,4700,18,1546,36,18
"677","2020-05-01",269,8,315,752,7684,0.484122852680895,8205,37245,501,1981,58,4758,24,1570,22,24
"678","2020-05-02",286,8,310,730,7684,0.484122852680895,8205,37245,501,1981,56,4814,14,1584,22,14
"679","2020-05-03",251,8,317,697,7684,0.484122852680895,8205,37245,501,1981,53,4867,36,1620,23,36
"680","2020-05-04",244,8,348,660,7684,0.484122852680895,8205,37245,501,1981,59,4926,39,1659,18,39
"681","2020-05-05",236,8,350,644,7684,0.484122852680895,8205,37245,501,1981,47,4973,18,1677,15,18
"682","2020-05-06",236,8,330,630,7684,0.484122852680895,8205,37245,501,1981,54,5027,21,1698,27,21
"683","2020-05-07",223,8,328,576,7684,0.484122852680895,8205,37245,501,1981,55,5082,50,1748,20,50
"684","2020-05-08",204,8,302,553,7684,0.484122852680895,8205,37245,501,1981,55,5137,36,1784,23,36
"685","2020-05-09",187,8,305,536,7684,0.484122852680895,8205,37245,501,1981,56,5193,34,1818,20,34
"686","2020-05-10",182,8,293,529,7684,0.484122852680895,8205,37245,501,1981,37,5230,41,1859,16,41
"687","2020-05-11",180,8,288,502,7684,0.484122852680895,8205,37245,501,1981,38,5268,48,1907,14,48
"688","2020-05-12",171,8,293,478,7684,0.484122852680895,8205,37245,501,1981,32,5300,37,1944,12,37
"689","2020-05-13",171,8,302,448,7684,0.484122852680895,8205,37245,501,1981,28,5328,27,1971,5,27
"690","2020-05-14",174,8,302,432,7684,0.484122852680895,8205,37245,501,1981,26,5354,16,1987,5,16
"691","2020-05-15",162,8,321,414,7684,0.484122852680895,8205,37245,501,1981,25,5379,11,1998,11,11
"692","2020-05-16",142,8,354,395,7684,0.484122852680895,8205,37245,501,1981,31,5410,18,2016,13,18
"693","2020-05-17",130,8,359,370,7684,0.484122852680895,8205,37245,501,1981,34,5444,26,2042,10,26
"694","2020-05-18",122,8,328,343,7684,0.484122852680895,8205,37245,501,1981,27,5471,18,2060,7,18
"695","2020-05-19",115,8,289,322,7684,0.484122852680895,8205,37245,501,1981,32,5503,17,2077,5,17
"696","2020-05-20",108,8,298,297,7684,0.484122852680895,8205,37245,501,1981,22,5525,10,2087,4,10
"697","2020-05-21",99,8,272,278,7684,0.484122852680895,8205,37245,501,1981,20,5545,8,2095,4,8
"698","2020-05-22",87,8,278,270,7684,0.484122852680895,8205,37245,501,1981,27,5572,20,2115,10,20
"699","2020-05-23",89,8,280,247,7684,0.484122852680895,8205,37245,501,1981,36,5608,49,2164,15,49
"700","2020-05-24",79,8,282,227,7684,0.484122852680895,8205,37245,501,1981,24,5632,36,2200,8,36
"701","2020-05-25",77,8,282,223,7684,0.484122852680895,8205,37245,501,1981,19,5651,17,2217,10,17
"702","2020-05-26",69,8,269,205,7684,0.484122852680895,8205,37245,501,1981,22,5673,21,2238,8,21
"703","2020-05-27",72,8,277,205,7684,0.484122852680895,8205,37245,501,1981,21,5694,13,2251,7,13
"704","2020-05-28",74,8,290,190,7684,0.484122852680895,8205,37245,501,1981,23,5717,34,2285,7,34
"705","2020-05-29",76,8,291,176,7684,0.484122852680895,8205,37245,501,1981,11,5728,27,2312,3,27
"706","2020-05-30",80,8,267,165,7684,0.484122852680895,8205,37245,501,1981,15,5743,45,2357,1,45
"707","2020-05-31",73,8,267,169,7684,0.484122852680895,8205,37245,501,1981,19,5762,48,2405,6,48
"708","2020-06-01",69,8,270,164,7684,0.484122852680895,8205,37245,501,1981,18,5780,32,2437,8,32
"709","2020-06-02",68,8,276,160,7684,0.484122852680895,8205,37245,501,1981,12,5792,52,2489,6,52
"710","2020-06-03",62,8,276,156,7684,0.484122852680895,8205,37245,501,1981,18,5810,26,2515,2,26
"711","2020-06-04",57,8,322,150,7684,0.484122852680895,8205,37245,501,1981,16,5826,28,2543,6,28
"712","2020-06-05",53,8,360,154,7684,0.484122852680895,8205,37245,501,1981,21,5847,10,2553,6,10
"713","2020-06-06",52,8,361,148,7684,0.484122852680895,8205,37245,501,1981,11,5858,12,2565,4,12
"714","2020-06-07",47,8,380,143,7684,0.484122852680895,8205,37245,501,1981,10,5868,18,2583,4,18
"715","2020-03-13",1,9,96,50,6731,0.891249442876244,8280,32264,333,1594,21,52,57,135,10,57
"716","2020-03-14",2,9,98,80,6731,0.891249442876244,8280,32264,333,1594,29,81,74,209,20,74
"717","2020-03-15",8,9,108,116,6731,0.891249442876244,8280,32264,333,1594,50,131,56,265,38,56
"718","2020-03-16",9,9,120,147,6731,0.891249442876244,8280,32264,333,1594,53,184,32,297,39,32
"719","2020-03-17",12,9,149,199,6731,0.891249442876244,8280,32264,333,1594,54,238,27,324,48,27
"720","2020-03-18",21,9,165,268,6731,0.891249442876244,8280,32264,333,1594,46,284,32,356,38,32
"721","2020-03-19",30,9,193,339,6731,0.891249442876244,8280,32264,333,1594,56,340,27,383,43,27
"722","2020-03-20",52,9,186,425,6731,0.891249442876244,8280,32264,333,1594,65,405,20,403,57,20
"723","2020-03-21",90,9,178,522,6731,0.891249442876244,8280,32264,333,1594,85,490,13,416,68,13
"724","2020-03-22",107,9,189,622,6731,0.891249442876244,8280,32264,333,1594,77,567,14,430,71,14
"725","2020-03-23",123,9,182,717,6731,0.891249442876244,8280,32264,333,1594,102,669,8,438,94,8
"726","2020-03-24",137,9,205,833,6731,0.891249442876244,8280,32264,333,1594,87,756,12,450,76,12
"727","2020-03-25",158,9,212,948,6731,0.891249442876244,8280,32264,333,1594,109,865,7,457,101,7
"728","2020-03-26",177,9,260,1071,6731,0.891249442876244,8280,32264,333,1594,86,951,50,507,77,50
"729","2020-03-27",246,9,275,1186,6731,0.891249442876244,8280,32264,333,1594,124,1075,36,543,118,36
"730","2020-03-28",325,9,264,1307,6731,0.891249442876244,8280,32264,333,1594,132,1207,20,563,121,20
"731","2020-03-29",366,9,265,1442,6731,0.891249442876244,8280,32264,333,1594,116,1323,19,582,109,19
"732","2020-03-30",361,9,258,1564,6731,0.891249442876244,8280,32264,333,1594,144,1467,55,637,132,55
"733","2020-03-31",400,9,247,1667,6731,0.891249442876244,8280,32264,333,1594,157,1624,88,725,143,88
"734","2020-04-01",432,9,225,1766,6731,0.891249442876244,8280,32264,333,1594,149,1773,41,766,136,41
"735","2020-04-02",476,9,207,1810,6731,0.891249442876244,8280,32264,333,1594,157,1930,34,800,141,34
"736","2020-04-03",675,9,226,1882,6731,0.891249442876244,8280,32264,333,1594,159,2089,26,826,142,26
"737","2020-04-04",690,9,251,1955,6731,0.891249442876244,8280,32264,333,1594,205,2294,27,853,191,27
"738","2020-04-05",618,9,234,1975,6731,0.891249442876244,8280,32264,333,1594,181,2475,14,867,173,14
"739","2020-04-06",625,9,251,2109,6731,0.891249442876244,8280,32264,333,1594,169,2644,30,897,155,30
"740","2020-04-07",625,9,222,2116,6731,0.891249442876244,8280,32264,333,1594,156,2800,51,948,141,51
"741","2020-04-08",644,9,205,2102,6731,0.891249442876244,8280,32264,333,1594,179,2979,31,979,166,31
"742","2020-04-09",649,9,199,2088,6731,0.891249442876244,8280,32264,333,1594,147,3126,28,1007,134,28
"743","2020-04-10",747,9,203,2095,6731,0.891249442876244,8280,32264,333,1594,171,3297,9,1016,161,9
"744","2020-04-11",736,9,220,2080,6731,0.891249442876244,8280,32264,333,1594,158,3455,25,1041,151,25
"745","2020-04-12",693,9,232,2041,6731,0.891249442876244,8280,32264,333,1594,148,3603,28,1069,134,28
"746","2020-04-13",699,9,225,1981,6731,0.891249442876244,8280,32264,333,1594,181,3784,18,1087,173,18
"747","2020-04-14",695,9,204,1950,6731,0.891249442876244,8280,32264,333,1594,117,3901,13,1100,105,13
"748","2020-04-15",691,9,186,1899,6731,0.891249442876244,8280,32264,333,1594,119,4020,12,1112,111,12
"749","2020-04-16",689,9,180,1829,6731,0.891249442876244,8280,32264,333,1594,120,4140,11,1123,113,11
"750","2020-04-17",644,9,173,1734,6731,0.891249442876244,8280,32264,333,1594,112,4252,12,1135,104,12
"751","2020-04-18",623,9,175,1652,6731,0.891249442876244,8280,32264,333,1594,129,4381,7,1142,117,7
"752","2020-04-19",581,9,164,1563,6731,0.891249442876244,8280,32264,333,1594,105,4486,84,1226,100,84
"753","2020-04-20",561,9,157,1477,6731,0.891249442876244,8280,32264,333,1594,115,4601,43,1269,105,43
"754","2020-04-21",558,9,227,1375,6731,0.891249442876244,8280,32264,333,1594,102,4703,18,1287,98,18
"755","2020-04-22",537,9,288,1269,6731,0.891249442876244,8280,32264,333,1594,87,4790,12,1299,81,12
"756","2020-04-23",508,9,279,1185,6731,0.891249442876244,8280,32264,333,1594,75,4865,14,1313,69,14
"757","2020-04-24",448,9,264,1085,6731,0.891249442876244,8280,32264,333,1594,96,4961,7,1320,86,7
"758","2020-04-25",454,9,238,1024,6731,0.891249442876244,8280,32264,333,1594,79,5040,6,1326,74,6
"759","2020-04-26",407,9,221,953,6731,0.891249442876244,8280,32264,333,1594,85,5125,10,1336,79,10
"760","2020-04-27",379,9,199,901,6731,0.891249442876244,8280,32264,333,1594,62,5187,7,1343,53,7
"761","2020-04-28",352,9,208,821,6731,0.891249442876244,8280,32264,333,1594,61,5248,26,1369,53,26
"762","2020-04-29",325,9,269,755,6731,0.891249442876244,8280,32264,333,1594,64,5312,74,1443,56,74
"763","2020-04-30",296,9,324,698,6731,0.891249442876244,8280,32264,333,1594,55,5367,62,1505,49,62
"764","2020-05-01",294,9,290,625,6731,0.891249442876244,8280,32264,333,1594,49,5416,35,1540,46,35
"765","2020-05-02",272,9,251,574,6731,0.891249442876244,8280,32264,333,1594,37,5453,78,1618,35,78
"766","2020-05-03",242,9,232,535,6731,0.891249442876244,8280,32264,333,1594,41,5494,37,1655,36,37
"767","2020-05-04",223,9,249,501,6731,0.891249442876244,8280,32264,333,1594,50,5544,27,1682,40,27
"768","2020-05-05",197,9,249,453,6731,0.891249442876244,8280,32264,333,1594,49,5593,21,1703,44,21
"769","2020-05-06",187,9,250,414,6731,0.891249442876244,8280,32264,333,1594,20,5613,11,1714,16,11
"770","2020-05-07",180,9,240,391,6731,0.891249442876244,8280,32264,333,1594,34,5647,10,1724,29,10
"771","2020-05-08",149,9,239,363,6731,0.891249442876244,8280,32264,333,1594,27,5674,14,1738,23,14
"772","2020-05-09",139,9,235,322,6731,0.891249442876244,8280,32264,333,1594,29,5703,37,1775,24,37
"773","2020-05-10",120,9,217,304,6731,0.891249442876244,8280,32264,333,1594,21,5724,21,1796,17,21
"774","2020-05-11",114,9,218,289,6731,0.891249442876244,8280,32264,333,1594,21,5745,29,1825,16,29
"775","2020-05-12",105,9,211,258,6731,0.891249442876244,8280,32264,333,1594,26,5771,38,1863,21,38
"776","2020-05-13",98,9,197,243,6731,0.891249442876244,8280,32264,333,1594,24,5795,18,1881,21,18
"777","2020-05-14",96,9,204,224,6731,0.891249442876244,8280,32264,333,1594,17,5812,16,1897,14,16
"778","2020-05-15",92,9,201,205,6731,0.891249442876244,8280,32264,333,1594,20,5832,26,1923,15,26
"779","2020-05-16",83,9,191,186,6731,0.891249442876244,8280,32264,333,1594,17,5849,41,1964,12,41
"780","2020-05-17",74,9,158,177,6731,0.891249442876244,8280,32264,333,1594,19,5868,23,1987,14,23
"781","2020-05-18",62,9,160,166,6731,0.891249442876244,8280,32264,333,1594,12,5880,24,2011,8,24
"782","2020-05-19",60,9,155,155,6731,0.891249442876244,8280,32264,333,1594,19,5899,15,2026,17,15
"783","2020-05-20",52,9,150,145,6731,0.891249442876244,8280,32264,333,1594,16,5915,23,2049,10,23
"784","2020-05-21",49,9,146,146,6731,0.891249442876244,8280,32264,333,1594,10,5925,43,2092,8,43
"785","2020-05-22",46,9,195,142,6731,0.891249442876244,8280,32264,333,1594,14,5939,14,2106,13,14
"786","2020-05-23",52,9,210,139,6731,0.891249442876244,8280,32264,333,1594,14,5953,12,2118,10,12
"787","2020-05-24",41,9,207,132,6731,0.891249442876244,8280,32264,333,1594,9,5962,16,2134,6,16
"788","2020-05-25",40,9,211,136,6731,0.891249442876244,8280,32264,333,1594,7,5969,18,2152,2,18
"789","2020-05-26",37,9,205,131,6731,0.891249442876244,8280,32264,333,1594,18,5987,54,2206,15,54
"790","2020-05-27",39,9,208,128,6731,0.891249442876244,8280,32264,333,1594,5,5992,43,2249,3,43
"791","2020-05-28",37,9,224,127,6731,0.891249442876244,8280,32264,333,1594,6,5998,72,2321,5,72
"792","2020-05-29",37,9,236,119,6731,0.891249442876244,8280,32264,333,1594,10,6008,32,2353,8,32
"793","2020-05-30",39,9,254,128,6731,0.891249442876244,8280,32264,333,1594,5,6013,21,2374,4,21
"794","2020-05-31",43,9,257,117,6731,0.891249442876244,8280,32264,333,1594,8,6021,19,2393,7,19
"795","2020-06-01",39,9,248,118,6731,0.891249442876244,8280,32264,333,1594,7,6028,21,2414,6,21
"796","2020-06-02",41,9,240,120,6731,0.891249442876244,8280,32264,333,1594,6,6034,13,2427,5,13
"797","2020-06-03",39,9,214,111,6731,0.891249442876244,8280,32264,333,1594,10,6044,10,2437,7,10
"798","2020-06-04",38,9,198,107,6731,0.891249442876244,8280,32264,333,1594,9,6053,10,2447,7,10
"799","2020-06-05",36,9,205,108,6731,0.891249442876244,8280,32264,333,1594,4,6057,14,2461,3,14
"800","2020-06-06",30,9,200,104,6731,0.891249442876244,8280,32264,333,1594,5,6062,16,2477,4,16
"801","2020-06-07",35,9,191,97,6731,0.891249442876244,8280,32264,333,1594,7,6069,35,2512,3,35
"802","2020-03-14",1,10,137,73,6519,0.844761466482589,8325,32808,397,1665,44,165,22,89,10,22
"803","2020-03-15",11,10,132,104,6519,0.844761466482589,8325,32808,397,1665,63,228,9,98,23,9
"804","2020-03-16",12,10,112,136,6519,0.844761466482589,8325,32808,397,1665,90,318,3,101,47,3
"805","2020-03-17",13,10,103,182,6519,0.844761466482589,8325,32808,397,1665,63,381,2,103,29,2
"806","2020-03-18",20,10,98,222,6519,0.844761466482589,8325,32808,397,1665,118,499,3,106,67,3
"807","2020-03-19",32,10,88,267,6519,0.844761466482589,8325,32808,397,1665,114,613,15,121,58,15
"808","2020-03-20",56,10,85,314,6519,0.844761466482589,8325,32808,397,1665,137,750,38,159,87,38
"809","2020-03-21",79,10,83,368,6519,0.844761466482589,8325,32808,397,1665,108,858,50,209,70,50
"810","2020-03-22",92,10,107,412,6519,0.844761466482589,8325,32808,397,1665,143,1001,37,246,96,37
"811","2020-03-23",100,10,98,485,6519,0.844761466482589,8325,32808,397,1665,156,1157,53,299,120,53
"812","2020-03-24",109,10,90,565,6519,0.844761466482589,8325,32808,397,1665,176,1333,26,325,134,26
"813","2020-03-25",136,10,91,608,6519,0.844761466482589,8325,32808,397,1665,157,1490,63,388,115,63
"814","2020-03-26",149,10,91,673,6519,0.844761466482589,8325,32808,397,1665,204,1694,55,443,159,55
"815","2020-03-27",193,10,96,769,6519,0.844761466482589,8325,32808,397,1665,152,1846,63,506,107,63
"816","2020-03-28",214,10,115,863,6519,0.844761466482589,8325,32808,397,1665,171,2017,57,563,147,57
"817","2020-03-29",237,10,144,932,6519,0.844761466482589,8325,32808,397,1665,154,2171,45,608,126,45
"818","2020-03-30",242,10,174,1041,6519,0.844761466482589,8325,32808,397,1665,182,2353,57,665,155,57
"819","2020-03-31",270,10,170,1143,6519,0.844761466482589,8325,32808,397,1665,168,2521,36,701,124,36
"820","2020-04-01",278,10,240,1214,6519,0.844761466482589,8325,32808,397,1665,192,2713,10,711,155,10
"821","2020-04-02",309,10,269,1315,6519,0.844761466482589,8325,32808,397,1665,158,2871,43,754,119,43
"822","2020-04-03",421,10,259,1454,6519,0.844761466482589,8325,32808,397,1665,168,3039,38,792,143,38
"823","2020-04-04",457,10,219,1517,6519,0.844761466482589,8325,32808,397,1665,185,3224,14,806,142,14
"824","2020-04-05",458,10,215,1589,6519,0.844761466482589,8325,32808,397,1665,156,3380,18,824,118,18
"825","2020-04-06",467,10,222,1645,6519,0.844761466482589,8325,32808,397,1665,185,3565,28,852,142,28
"826","2020-04-07",462,10,241,1740,6519,0.844761466482589,8325,32808,397,1665,138,3703,27,879,106,27
"827","2020-04-08",485,10,234,1814,6519,0.844761466482589,8325,32808,397,1665,135,3838,31,910,99,31
"828","2020-04-09",498,10,222,1925,6519,0.844761466482589,8325,32808,397,1665,140,3978,54,964,112,54
"829","2020-04-10",622,10,207,1918,6519,0.844761466482589,8325,32808,397,1665,118,4096,49,1013,89,49
"830","2020-04-11",621,10,200,1966,6519,0.844761466482589,8325,32808,397,1665,120,4216,19,1032,96,19
"831","2020-04-12",604,10,193,1960,6519,0.844761466482589,8325,32808,397,1665,118,4334,32,1064,82,32
"832","2020-04-13",635,10,210,1975,6519,0.844761466482589,8325,32808,397,1665,107,4441,45,1109,72,45
"833","2020-04-14",643,10,210,1996,6519,0.844761466482589,8325,32808,397,1665,79,4520,64,1173,55,64
"834","2020-04-15",654,10,187,1997,6519,0.844761466482589,8325,32808,397,1665,96,4616,40,1213,73,40
"835","2020-04-16",656,10,195,1962,6519,0.844761466482589,8325,32808,397,1665,95,4711,43,1256,67,43
"836","2020-04-17",718,10,213,1948,6519,0.844761466482589,8325,32808,397,1665,60,4771,29,1285,46,29
"837","2020-04-18",719,10,252,1898,6519,0.844761466482589,8325,32808,397,1665,98,4869,27,1312,73,27
"838","2020-04-19",634,10,263,1869,6519,0.844761466482589,8325,32808,397,1665,71,4940,35,1347,41,35
"839","2020-04-20",622,10,238,1787,6519,0.844761466482589,8325,32808,397,1665,67,5007,53,1400,33,53
"840","2020-04-21",618,10,226,1720,6519,0.844761466482589,8325,32808,397,1665,90,5097,18,1418,54,18
"841","2020-04-22",609,10,209,1648,6519,0.844761466482589,8325,32808,397,1665,75,5172,16,1434,48,16
"842","2020-04-23",589,10,289,1571,6519,0.844761466482589,8325,32808,397,1665,71,5243,7,1441,42,7
"843","2020-04-24",562,10,292,1454,6519,0.844761466482589,8325,32808,397,1665,57,5300,13,1454,38,13
"844","2020-04-25",560,10,289,1382,6519,0.844761466482589,8325,32808,397,1665,76,5376,13,1467,42,13
"845","2020-04-26",539,10,259,1299,6519,0.844761466482589,8325,32808,397,1665,59,5435,18,1485,29,18
"846","2020-04-27",515,10,281,1184,6519,0.844761466482589,8325,32808,397,1665,58,5493,15,1500,30,15
"847","2020-04-28",477,10,278,1096,6519,0.844761466482589,8325,32808,397,1665,50,5543,15,1515,28,15
"848","2020-04-29",452,10,318,1010,6519,0.844761466482589,8325,32808,397,1665,56,5599,7,1522,30,7
"849","2020-04-30",442,10,325,932,6519,0.844761466482589,8325,32808,397,1665,56,5655,11,1533,33,11
"850","2020-05-01",365,10,304,864,6519,0.844761466482589,8325,32808,397,1665,54,5709,57,1590,37,57
"851","2020-05-02",346,10,261,792,6519,0.844761466482589,8325,32808,397,1665,50,5759,25,1615,29,25
"852","2020-05-03",289,10,238,706,6519,0.844761466482589,8325,32808,397,1665,40,5799,26,1641,28,26
"853","2020-05-04",271,10,223,647,6519,0.844761466482589,8325,32808,397,1665,46,5845,67,1708,22,67
"854","2020-05-05",252,10,218,589,6519,0.844761466482589,8325,32808,397,1665,44,5889,64,1772,29,64
"855","2020-05-06",224,10,199,539,6519,0.844761466482589,8325,32808,397,1665,31,5920,65,1837,13,65
"856","2020-05-07",209,10,187,504,6519,0.844761466482589,8325,32808,397,1665,30,5950,34,1871,13,34
"857","2020-05-08",200,10,188,457,6519,0.844761466482589,8325,32808,397,1665,30,5980,62,1933,14,62
"858","2020-05-09",185,10,178,414,6519,0.844761466482589,8325,32808,397,1665,32,6012,58,1991,13,58
"859","2020-05-10",159,10,183,381,6519,0.844761466482589,8325,32808,397,1665,21,6033,23,2014,9,23
"860","2020-05-11",148,10,177,360,6519,0.844761466482589,8325,32808,397,1665,36,6069,18,2032,18,18
"861","2020-05-12",133,10,196,336,6519,0.844761466482589,8325,32808,397,1665,29,6098,14,2046,12,14
"862","2020-05-13",133,10,203,319,6519,0.844761466482589,8325,32808,397,1665,25,6123,45,2091,8,45
"863","2020-05-14",117,10,231,293,6519,0.844761466482589,8325,32808,397,1665,24,6147,15,2106,10,15
"864","2020-05-15",106,10,253,272,6519,0.844761466482589,8325,32808,397,1665,24,6171,9,2115,14,9
"865","2020-05-16",105,10,257,251,6519,0.844761466482589,8325,32808,397,1665,23,6194,18,2133,10,18
"866","2020-05-17",107,10,279,229,6519,0.844761466482589,8325,32808,397,1665,17,6211,16,2149,8,16
"867","2020-05-18",102,10,258,207,6519,0.844761466482589,8325,32808,397,1665,19,6230,19,2168,3,19
"868","2020-05-19",97,10,236,188,6519,0.844761466482589,8325,32808,397,1665,22,6252,29,2197,9,29
"869","2020-05-20",90,10,223,178,6519,0.844761466482589,8325,32808,397,1665,16,6268,21,2218,5,21
"870","2020-05-21",84,10,200,175,6519,0.844761466482589,8325,32808,397,1665,17,6285,16,2234,9,16
"871","2020-05-22",78,10,221,161,6519,0.844761466482589,8325,32808,397,1665,15,6300,10,2244,6,10
"872","2020-05-23",70,10,214,138,6519,0.844761466482589,8325,32808,397,1665,18,6318,52,2296,11,52
"873","2020-05-24",54,10,227,134,6519,0.844761466482589,8325,32808,397,1665,18,6336,44,2340,5,44
"874","2020-05-25",45,10,213,129,6519,0.844761466482589,8325,32808,397,1665,19,6355,41,2381,9,41
"875","2020-05-26",44,10,201,127,6519,0.844761466482589,8325,32808,397,1665,17,6372,22,2403,10,22
"876","2020-05-27",43,10,182,116,6519,0.844761466482589,8325,32808,397,1665,11,6383,12,2415,6,12
"877","2020-05-28",42,10,176,114,6519,0.844761466482589,8325,32808,397,1665,12,6395,16,2431,4,16
"878","2020-05-29",45,10,187,103,6519,0.844761466482589,8325,32808,397,1665,11,6406,10,2441,3,10
"879","2020-05-30",44,10,197,103,6519,0.844761466482589,8325,32808,397,1665,15,6421,8,2449,6,8
"880","2020-05-31",38,10,202,95,6519,0.844761466482589,8325,32808,397,1665,16,6437,11,2460,9,11
"881","2020-06-01",41,10,209,90,6519,0.844761466482589,8325,32808,397,1665,17,6454,11,2471,3,11
"882","2020-06-02",39,10,169,85,6519,0.844761466482589,8325,32808,397,1665,8,6462,15,2486,3,15
"883","2020-06-03",35,10,159,73,6519,0.844761466482589,8325,32808,397,1665,8,6470,17,2503,2,17
"884","2020-06-04",37,10,146,68,6519,0.844761466482589,8325,32808,397,1665,8,6478,30,2533,1,30
"885","2020-06-05",31,10,186,68,6519,0.844761466482589,8325,32808,397,1665,2,6480,16,2549,1,16
"886","2020-06-06",31,10,203,69,6519,0.844761466482589,8325,32808,397,1665,6,6486,19,2568,1,19
"887","2020-06-07",32,10,226,67,6519,0.844761466482589,8325,32808,397,1665,8,6494,22,2590,4,22
"888","2020-03-13",4,11,170,205,7902,0.601240192356365,8355,35349,471,1250,82,216,55,191,7,55
"889","2020-03-14",12,11,196,306,7902,0.601240192356365,8355,35349,471,1250,79,295,36,227,17,36
"890","2020-03-15",38,11,252,383,7902,0.601240192356365,8355,35349,471,1250,126,421,42,269,37,42
"891","2020-03-16",49,11,264,494,7902,0.601240192356365,8355,35349,471,1250,137,558,77,346,54,77
"892","2020-03-17",61,11,258,605,7902,0.601240192356365,8355,35349,471,1250,117,675,61,407,59,61
"893","2020-03-18",85,11,232,761,7902,0.601240192356365,8355,35349,471,1250,148,823,46,453,68,46
"894","2020-03-19",108,11,232,905,7902,0.601240192356365,8355,35349,471,1250,148,971,31,484,95,31
"895","2020-03-20",179,11,215,1052,7902,0.601240192356365,8355,35349,471,1250,173,1144,53,537,96,53
"896","2020-03-21",214,11,211,1203,7902,0.601240192356365,8355,35349,471,1250,182,1326,50,587,106,50
"897","2020-03-22",270,11,205,1329,7902,0.601240192356365,8355,35349,471,1250,189,1515,53,640,124,53
"898","2020-03-23",290,11,228,1472,7902,0.601240192356365,8355,35349,471,1250,161,1676,76,716,103,76
"899","2020-03-24",300,11,211,1657,7902,0.601240192356365,8355,35349,471,1250,200,1876,50,766,114,50
"900","2020-03-25",341,11,199,1763,7902,0.601240192356365,8355,35349,471,1250,187,2063,43,809,132,43
"901","2020-03-26",388,11,236,1869,7902,0.601240192356365,8355,35349,471,1250,189,2252,47,856,124,47
"902","2020-03-27",557,11,216,1965,7902,0.601240192356365,8355,35349,471,1250,223,2475,29,885,154,29
"903","2020-03-28",595,11,235,2052,7902,0.601240192356365,8355,35349,471,1250,188,2663,51,936,122,51
"904","2020-03-29",597,11,207,2122,7902,0.601240192356365,8355,35349,471,1250,179,2842,27,963,119,27
"905","2020-03-30",622,11,214,2241,7902,0.601240192356365,8355,35349,471,1250,217,3059,44,1007,146,44
"906","2020-03-31",639,11,204,2276,7902,0.601240192356365,8355,35349,471,1250,191,3250,29,1036,131,29
"907","2020-04-01",662,11,186,2296,7902,0.601240192356365,8355,35349,471,1250,197,3447,54,1090,138,54
"908","2020-04-02",668,11,211,2367,7902,0.601240192356365,8355,35349,471,1250,166,3613,59,1149,107,59
"909","2020-04-03",817,11,205,2357,7902,0.601240192356365,8355,35349,471,1250,164,3777,43,1192,109,43
"910","2020-04-04",818,11,190,2326,7902,0.601240192356365,8355,35349,471,1250,154,3931,24,1216,96,24
"911","2020-04-05",710,11,182,2340,7902,0.601240192356365,8355,35349,471,1250,130,4061,46,1262,81,46
"912","2020-04-06",731,11,168,2315,7902,0.601240192356365,8355,35349,471,1250,135,4196,47,1309,83,47
"913","2020-04-07",748,11,175,2259,7902,0.601240192356365,8355,35349,471,1250,115,4311,44,1353,64,44
"914","2020-04-08",759,11,228,2222,7902,0.601240192356365,8355,35349,471,1250,116,4427,51,1404,64,51
"915","2020-04-09",776,11,265,2132,7902,0.601240192356365,8355,35349,471,1250,117,4544,32,1436,73,32
"916","2020-04-10",760,11,253,2064,7902,0.601240192356365,8355,35349,471,1250,101,4645,38,1474,54,38
"917","2020-04-11",746,11,224,1968,7902,0.601240192356365,8355,35349,471,1250,98,4743,30,1504,57,30
"918","2020-04-12",714,11,217,1861,7902,0.601240192356365,8355,35349,471,1250,90,4833,28,1532,52,28
"919","2020-04-13",687,11,239,1747,7902,0.601240192356365,8355,35349,471,1250,77,4910,37,1569,31,37
"920","2020-04-14",648,11,218,1656,7902,0.601240192356365,8355,35349,471,1250,79,4989,34,1603,42,34
"921","2020-04-15",609,11,193,1559,7902,0.601240192356365,8355,35349,471,1250,104,5093,33,1636,58,33
"922","2020-04-16",561,11,180,1450,7902,0.601240192356365,8355,35349,471,1250,65,5158,40,1676,20,40
"923","2020-04-17",516,11,177,1328,7902,0.601240192356365,8355,35349,471,1250,91,5249,53,1729,39,53
"924","2020-04-18",518,11,213,1228,7902,0.601240192356365,8355,35349,471,1250,79,5328,38,1767,45,38
"925","2020-04-19",461,11,274,1147,7902,0.601240192356365,8355,35349,471,1250,71,5399,47,1814,37,47
"926","2020-04-20",448,11,289,1068,7902,0.601240192356365,8355,35349,471,1250,71,5470,54,1868,32,54
"927","2020-04-21",424,11,304,981,7902,0.601240192356365,8355,35349,471,1250,61,5531,33,1901,22,33
"928","2020-04-22",391,11,265,922,7902,0.601240192356365,8355,35349,471,1250,56,5587,44,1945,23,44
"929","2020-04-23",383,11,245,872,7902,0.601240192356365,8355,35349,471,1250,70,5657,52,1997,27,52
"930","2020-04-24",325,11,282,837,7902,0.601240192356365,8355,35349,471,1250,51,5708,53,2050,20,53
"931","2020-04-25",285,11,279,759,7902,0.601240192356365,8355,35349,471,1250,58,5766,35,2085,26,35
"932","2020-04-26",266,11,265,717,7902,0.601240192356365,8355,35349,471,1250,54,5820,40,2125,18,40
"933","2020-04-27",245,11,246,704,7902,0.601240192356365,8355,35349,471,1250,67,5887,31,2156,29,31
"934","2020-04-28",227,11,231,663,7902,0.601240192356365,8355,35349,471,1250,50,5937,33,2189,17,33
"935","2020-04-29",224,11,232,625,7902,0.601240192356365,8355,35349,471,1250,38,5975,44,2233,6,44
"936","2020-04-30",213,11,226,582,7902,0.601240192356365,8355,35349,471,1250,38,6013,30,2263,14,30
"937","2020-05-01",185,11,256,551,7902,0.601240192356365,8355,35349,471,1250,46,6059,27,2290,16,27
"938","2020-05-02",188,11,257,508,7902,0.601240192356365,8355,35349,471,1250,35,6094,25,2315,11,25
"939","2020-05-03",191,11,239,476,7902,0.601240192356365,8355,35349,471,1250,50,6144,28,2343,15,28
"940","2020-05-04",183,11,240,462,7902,0.601240192356365,8355,35349,471,1250,29,6173,40,2383,7,40
"941","2020-05-05",171,11,223,440,7902,0.601240192356365,8355,35349,471,1250,40,6213,51,2434,15,51
"942","2020-05-06",160,11,223,420,7902,0.601240192356365,8355,35349,471,1250,37,6250,36,2470,9,36
"943","2020-05-07",143,11,248,385,7902,0.601240192356365,8355,35349,471,1250,33,6283,21,2491,13,21
"944","2020-05-08",141,11,240,363,7902,0.601240192356365,8355,35349,471,1250,33,6316,43,2534,8,43
"945","2020-05-09",133,11,266,348,7902,0.601240192356365,8355,35349,471,1250,37,6353,34,2568,12,34
"946","2020-05-10",106,11,314,336,7902,0.601240192356365,8355,35349,471,1250,48,6401,31,2599,11,31
"947","2020-05-11",101,11,350,327,7902,0.601240192356365,8355,35349,471,1250,34,6435,39,2638,6,39
"948","2020-05-12",99,11,303,320,7902,0.601240192356365,8355,35349,471,1250,36,6471,30,2668,14,30
"949","2020-05-13",100,11,263,301,7902,0.601240192356365,8355,35349,471,1250,37,6508,36,2704,10,36
"950","2020-05-14",96,11,249,289,7902,0.601240192356365,8355,35349,471,1250,28,6536,36,2740,10,36
"951","2020-05-15",93,11,283,277,7902,0.601240192356365,8355,35349,471,1250,20,6556,31,2771,4,31
"952","2020-05-16",85,11,342,271,7902,0.601240192356365,8355,35349,471,1250,27,6583,24,2795,6,24
"953","2020-05-17",78,11,315,254,7902,0.601240192356365,8355,35349,471,1250,24,6607,34,2829,8,34
"954","2020-05-18",74,11,271,244,7902,0.601240192356365,8355,35349,471,1250,16,6623,33,2862,2,33
"955","2020-05-19",69,11,235,227,7902,0.601240192356365,8355,35349,471,1250,22,6645,29,2891,6,29
"956","2020-05-20",66,11,203,207,7902,0.601240192356365,8355,35349,471,1250,16,6661,64,2955,3,64
"957","2020-05-21",68,11,197,209,7902,0.601240192356365,8355,35349,471,1250,18,6679,51,3006,10,51
"958","2020-05-22",62,11,185,194,7902,0.601240192356365,8355,35349,471,1250,19,6698,45,3051,2,45
"959","2020-05-23",67,11,166,192,7902,0.601240192356365,8355,35349,471,1250,17,6715,42,3093,5,42
"960","2020-05-24",67,11,202,180,7902,0.601240192356365,8355,35349,471,1250,12,6727,59,3152,1,59
"961","2020-05-25",68,11,228,174,7902,0.601240192356365,8355,35349,471,1250,12,6739,46,3198,2,46
"962","2020-05-26",67,11,226,164,7902,0.601240192356365,8355,35349,471,1250,21,6760,36,3234,7,36
"963","2020-05-27",62,11,189,156,7902,0.601240192356365,8355,35349,471,1250,23,6783,32,3266,10,32
"964","2020-05-28",62,11,182,149,7902,0.601240192356365,8355,35349,471,1250,15,6798,33,3299,4,33
"965","2020-05-29",63,11,167,151,7902,0.601240192356365,8355,35349,471,1250,17,6815,32,3331,7,32
"966","2020-05-30",55,11,161,149,7902,0.601240192356365,8355,35349,471,1250,10,6825,26,3357,3,26
"967","2020-05-31",46,11,146,141,7902,0.601240192356365,8355,35349,471,1250,9,6834,32,3389,1,32
"968","2020-06-01",44,11,143,142,7902,0.601240192356365,8355,35349,471,1250,13,6847,47,3436,3,47
"969","2020-06-02",39,11,158,134,7902,0.601240192356365,8355,35349,471,1250,12,6859,40,3476,2,40
"970","2020-06-03",37,11,164,134,7902,0.601240192356365,8355,35349,471,1250,11,6870,58,3534,2,58
"971","2020-06-04",33,11,181,121,7902,0.601240192356365,8355,35349,471,1250,12,6882,56,3590,5,56
"972","2020-06-05",31,11,202,110,7902,0.601240192356365,8355,35349,471,1250,12,6894,58,3648,4,58
"973","2020-06-06",33,11,176,100,7902,0.601240192356365,8355,35349,471,1250,17,6911,58,3706,3,58
"974","2020-06-07",28,11,185,95,7902,0.601240192356365,8355,35349,471,1250,9,6920,59,3765,4,59
"975","2020-03-13",2,12,93,198,7630,0.375884665792923,8340,38843,383,1064,43,118,19,72,12,19
"976","2020-03-14",11,12,100,274,7630,0.375884665792923,8340,38843,383,1064,64,182,40,112,23,40
"977","2020-03-15",35,12,131,349,7630,0.375884665792923,8340,38843,383,1064,43,225,63,175,20,63
"978","2020-03-16",46,12,159,450,7630,0.375884665792923,8340,38843,383,1064,75,300,29,204,40,29
"979","2020-03-17",59,12,160,559,7630,0.375884665792923,8340,38843,383,1064,68,368,13,217,34,13
"980","2020-03-18",74,12,152,657,7630,0.375884665792923,8340,38843,383,1064,97,465,34,251,58,34
"981","2020-03-19",100,12,176,773,7630,0.375884665792923,8340,38843,383,1064,82,547,60,311,48,60
"982","2020-03-20",141,12,196,856,7630,0.375884665792923,8340,38843,383,1064,87,634,62,373,58,62
"983","2020-03-21",213,12,199,968,7630,0.375884665792923,8340,38843,383,1064,97,731,37,410,68,37
"984","2020-03-22",254,12,190,1078,7630,0.375884665792923,8340,38843,383,1064,98,829,50,460,59,50
"985","2020-03-23",274,12,199,1162,7630,0.375884665792923,8340,38843,383,1064,117,946,36,496,76,36
"986","2020-03-24",277,12,223,1228,7630,0.375884665792923,8340,38843,383,1064,119,1065,24,520,86,24
"987","2020-03-25",298,12,236,1271,7630,0.375884665792923,8340,38843,383,1064,114,1179,40,560,77,40
"988","2020-03-26",316,12,222,1350,7630,0.375884665792923,8340,38843,383,1064,132,1311,24,584,105,24
"989","2020-03-27",408,12,221,1367,7630,0.375884665792923,8340,38843,383,1064,121,1432,29,613,91,29
"990","2020-03-28",401,12,236,1397,7630,0.375884665792923,8340,38843,383,1064,151,1583,27,640,118,27
"991","2020-03-29",443,12,231,1426,7630,0.375884665792923,8340,38843,383,1064,121,1704,43,683,88,43
"992","2020-03-30",453,12,235,1457,7630,0.375884665792923,8340,38843,383,1064,131,1835,24,707,102,24
"993","2020-03-31",446,12,256,1512,7630,0.375884665792923,8340,38843,383,1064,122,1957,25,732,95,25
"994","2020-04-01",459,12,267,1532,7630,0.375884665792923,8340,38843,383,1064,143,2100,44,776,108,44
"995","2020-04-02",473,12,254,1540,7630,0.375884665792923,8340,38843,383,1064,119,2219,57,833,91,57
"996","2020-04-03",575,12,238,1537,7630,0.375884665792923,8340,38843,383,1064,105,2324,19,852,79,19
"997","2020-04-04",566,12,202,1569,7630,0.375884665792923,8340,38843,383,1064,120,2444,28,880,95,28
"998","2020-04-05",512,12,186,1578,7630,0.375884665792923,8340,38843,383,1064,145,2589,58,938,122,58
"999","2020-04-06",509,12,178,1536,7630,0.375884665792923,8340,38843,383,1064,141,2730,38,976,106,38
"1000","2020-04-07",506,12,179,1564,7630,0.375884665792923,8340,38843,383,1064,120,2850,17,993,92,17
"1001","2020-04-08",503,12,172,1558,7630,0.375884665792923,8340,38843,383,1064,158,3008,13,1006,120,13
"1002","2020-04-09",511,12,165,1542,7630,0.375884665792923,8340,38843,383,1064,128,3136,24,1030,99,24
"1003","2020-04-10",517,12,198,1503,7630,0.375884665792923,8340,38843,383,1064,118,3254,32,1062,98,32
"1004","2020-04-11",543,12,205,1451,7630,0.375884665792923,8340,38843,383,1064,130,3384,26,1088,97,26
"1005","2020-04-12",481,12,226,1425,7630,0.375884665792923,8340,38843,383,1064,110,3494,28,1116,70,28
"1006","2020-04-13",471,12,243,1379,7630,0.375884665792923,8340,38843,383,1064,120,3614,17,1133,89,17
"1007","2020-04-14",458,12,255,1376,7630,0.375884665792923,8340,38843,383,1064,106,3720,25,1158,71,25
"1008","2020-04-15",466,12,250,1363,7630,0.375884665792923,8340,38843,383,1064,116,3836,65,1223,89,65
"1009","2020-04-16",449,12,258,1332,7630,0.375884665792923,8340,38843,383,1064,112,3948,50,1273,80,50
"1010","2020-04-17",473,12,253,1320,7630,0.375884665792923,8340,38843,383,1064,117,4065,25,1298,86,25
"1011","2020-04-18",440,12,249,1281,7630,0.375884665792923,8340,38843,383,1064,88,4153,31,1329,53,31
"1012","2020-04-19",418,12,241,1235,7630,0.375884665792923,8340,38843,383,1064,108,4261,66,1395,76,66
"1013","2020-04-20",418,12,227,1205,7630,0.375884665792923,8340,38843,383,1064,97,4358,78,1473,70,78
"1014","2020-04-21",412,12,219,1170,7630,0.375884665792923,8340,38843,383,1064,98,4456,36,1509,65,36
"1015","2020-04-22",395,12,243,1133,7630,0.375884665792923,8340,38843,383,1064,83,4539,19,1528,58,19
"1016","2020-04-23",378,12,275,1115,7630,0.375884665792923,8340,38843,383,1064,76,4615,22,1550,54,22
"1017","2020-04-24",369,12,275,1095,7630,0.375884665792923,8340,38843,383,1064,64,4679,31,1581,43,31
"1018","2020-04-25",378,12,288,1071,7630,0.375884665792923,8340,38843,383,1064,81,4760,39,1620,62,39
"1019","2020-04-26",348,12,285,1022,7630,0.375884665792923,8340,38843,383,1064,78,4838,16,1636,53,16
"1020","2020-04-27",324,12,272,976,7630,0.375884665792923,8340,38843,383,1064,75,4913,32,1668,55,32
"1021","2020-04-28",307,12,265,944,7630,0.375884665792923,8340,38843,383,1064,58,4971,14,1682,37,14
"1022","2020-04-29",305,12,252,925,7630,0.375884665792923,8340,38843,383,1064,91,5062,15,1697,55,15
"1023","2020-04-30",299,12,282,886,7630,0.375884665792923,8340,38843,383,1064,45,5107,15,1712,25,15
"1024","2020-05-01",270,12,300,854,7630,0.375884665792923,8340,38843,383,1064,64,5171,55,1767,42,55
"1025","2020-05-02",268,12,290,834,7630,0.375884665792923,8340,38843,383,1064,47,5218,43,1810,26,43
"1026","2020-05-03",272,12,286,796,7630,0.375884665792923,8340,38843,383,1064,53,5271,94,1904,34,94
"1027","2020-05-04",261,12,294,765,7630,0.375884665792923,8340,38843,383,1064,47,5318,76,1980,29,76
"1028","2020-05-05",260,12,282,722,7630,0.375884665792923,8340,38843,383,1064,44,5362,66,2046,23,66
"1029","2020-05-06",253,12,272,698,7630,0.375884665792923,8340,38843,383,1064,49,5411,25,2071,28,25
"1030","2020-05-07",252,12,267,668,7630,0.375884665792923,8340,38843,383,1064,38,5449,22,2093,23,22
"1031","2020-05-08",263,12,287,660,7630,0.375884665792923,8340,38843,383,1064,39,5488,27,2120,21,27
"1032","2020-05-09",248,12,335,647,7630,0.375884665792923,8340,38843,383,1064,40,5528,57,2177,21,57
"1033","2020-05-10",222,12,308,609,7630,0.375884665792923,8340,38843,383,1064,42,5570,80,2257,23,80
"1034","2020-05-11",217,12,270,612,7630,0.375884665792923,8340,38843,383,1064,29,5599,36,2293,18,36
"1035","2020-05-12",202,12,262,579,7630,0.375884665792923,8340,38843,383,1064,39,5638,31,2324,24,31
"1036","2020-05-13",188,12,260,552,7630,0.375884665792923,8340,38843,383,1064,28,5666,22,2346,14,22
"1037","2020-05-14",184,12,229,538,7630,0.375884665792923,8340,38843,383,1064,30,5696,26,2372,14,26
"1038","2020-05-15",179,12,225,506,7630,0.375884665792923,8340,38843,383,1064,30,5726,64,2436,17,64
"1039","2020-05-16",172,12,213,476,7630,0.375884665792923,8340,38843,383,1064,22,5748,44,2480,11,44
"1040","2020-05-17",157,12,214,453,7630,0.375884665792923,8340,38843,383,1064,23,5771,31,2511,11,31
"1041","2020-05-18",157,12,193,434,7630,0.375884665792923,8340,38843,383,1064,30,5801,20,2531,15,20
"1042","2020-05-19",144,12,204,413,7630,0.375884665792923,8340,38843,383,1064,29,5830,14,2545,18,14
"1043","2020-05-20",143,12,219,396,7630,0.375884665792923,8340,38843,383,1064,21,5851,80,2625,8,80
"1044","2020-05-21",138,12,219,376,7630,0.375884665792923,8340,38843,383,1064,16,5867,34,2659,9,34
"1045","2020-05-22",122,12,218,365,7630,0.375884665792923,8340,38843,383,1064,11,5878,52,2711,4,52
"1046","2020-05-23",123,12,242,354,7630,0.375884665792923,8340,38843,383,1064,37,5915,31,2742,17,31
"1047","2020-05-24",106,12,230,342,7630,0.375884665792923,8340,38843,383,1064,21,5936,21,2763,8,21
"1048","2020-05-25",99,12,217,331,7630,0.375884665792923,8340,38843,383,1064,25,5961,13,2776,13,13
"1049","2020-05-26",102,12,212,306,7630,0.375884665792923,8340,38843,383,1064,8,5969,23,2799,3,23
"1050","2020-05-27",102,12,193,297,7630,0.375884665792923,8340,38843,383,1064,16,5985,33,2832,10,33
"1051","2020-05-28",93,12,183,290,7630,0.375884665792923,8340,38843,383,1064,15,6000,29,2861,9,29
"1052","2020-05-29",97,12,197,284,7630,0.375884665792923,8340,38843,383,1064,13,6013,20,2881,7,20
"1053","2020-05-30",108,12,191,271,7630,0.375884665792923,8340,38843,383,1064,15,6028,60,2941,7,60
"1054","2020-05-31",95,12,192,255,7630,0.375884665792923,8340,38843,383,1064,16,6044,51,2992,11,51
"1055","2020-06-01",85,12,172,244,7630,0.375884665792923,8340,38843,383,1064,17,6061,46,3038,9,46
"1056","2020-06-02",77,12,186,233,7630,0.375884665792923,8340,38843,383,1064,14,6075,61,3099,3,61
"1057","2020-06-03",69,12,218,225,7630,0.375884665792923,8340,38843,383,1064,16,6091,58,3157,12,58
"1058","2020-06-04",67,12,237,205,7630,0.375884665792923,8340,38843,383,1064,11,6102,27,3184,7,27
"1059","2020-06-05",74,12,230,203,7630,0.375884665792923,8340,38843,383,1064,18,6120,39,3223,8,39
"1060","2020-06-06",66,12,254,183,7630,0.375884665792923,8340,38843,383,1064,17,6137,22,3245,9,22
"1061","2020-06-07",61,12,256,175,7630,0.375884665792923,8340,38843,383,1064,12,6149,10,3255,7,10
"1062","2020-03-13",3,13,96,67,6711,0.788854120101326,8265,33525,388,1201,43,146,23,60,9,23
"1063","2020-03-14",14,13,90,93,6711,0.788854120101326,8265,33525,388,1201,49,195,19,79,14,19
"1064","2020-03-15",17,13,98,124,6711,0.788854120101326,8265,33525,388,1201,59,254,27,106,19,27
"1065","2020-03-16",17,13,130,165,6711,0.788854120101326,8265,33525,388,1201,79,333,39,145,28,39
"1066","2020-03-17",21,13,141,206,6711,0.788854120101326,8265,33525,388,1201,74,407,39,184,27,39
"1067","2020-03-18",29,13,161,256,6711,0.788854120101326,8265,33525,388,1201,97,504,35,219,54,35
"1068","2020-03-19",37,13,170,309,6711,0.788854120101326,8265,33525,388,1201,75,579,34,253,39,34
"1069","2020-03-20",53,13,181,363,6711,0.788854120101326,8265,33525,388,1201,120,699,33,286,66,33
"1070","2020-03-21",63,13,199,437,6711,0.788854120101326,8265,33525,388,1201,115,814,21,307,68,21
"1071","2020-03-22",106,13,210,495,6711,0.788854120101326,8265,33525,388,1201,123,937,32,339,75,32
"1072","2020-03-23",115,13,207,586,6711,0.788854120101326,8265,33525,388,1201,132,1069,22,361,82,22
"1073","2020-03-24",130,13,202,690,6711,0.788854120101326,8265,33525,388,1201,108,1177,20,381,76,20
"1074","2020-03-25",141,13,195,784,6711,0.788854120101326,8265,33525,388,1201,115,1292,20,401,64,20
"1075","2020-03-26",169,13,204,897,6711,0.788854120101326,8265,33525,388,1201,143,1435,29,430,104,29
"1076","2020-03-27",243,13,208,957,6711,0.788854120101326,8265,33525,388,1201,146,1581,54,484,97,54
"1077","2020-03-28",274,13,234,1065,6711,0.788854120101326,8265,33525,388,1201,139,1720,50,534,93,50
"1078","2020-03-29",302,13,260,1150,6711,0.788854120101326,8265,33525,388,1201,161,1881,27,561,113,27
"1079","2020-03-30",324,13,279,1274,6711,0.788854120101326,8265,33525,388,1201,155,2036,13,574,116,13
"1080","2020-03-31",331,13,277,1383,6711,0.788854120101326,8265,33525,388,1201,201,2237,15,589,141,15
"1081","2020-04-01",359,13,261,1515,6711,0.788854120101326,8265,33525,388,1201,138,2375,13,602,99,13
"1082","2020-04-02",396,13,280,1592,6711,0.788854120101326,8265,33525,388,1201,147,2522,17,619,113,17
"1083","2020-04-03",498,13,273,1684,6711,0.788854120101326,8265,33525,388,1201,137,2659,16,635,93,16
"1084","2020-04-04",545,13,291,1725,6711,0.788854120101326,8265,33525,388,1201,124,2783,18,653,85,18
"1085","2020-04-05",552,13,302,1783,6711,0.788854120101326,8265,33525,388,1201,163,2946,22,675,120,22
"1086","2020-04-06",564,13,291,1847,6711,0.788854120101326,8265,33525,388,1201,136,3082,50,725,104,50
"1087","2020-04-07",567,13,304,1909,6711,0.788854120101326,8265,33525,388,1201,155,3237,27,752,116,27
"1088","2020-04-08",603,13,275,2030,6711,0.788854120101326,8265,33525,388,1201,141,3378,53,805,104,53
"1089","2020-04-09",608,13,258,2014,6711,0.788854120101326,8265,33525,388,1201,134,3512,33,838,100,33
"1090","2020-04-10",685,13,246,2057,6711,0.788854120101326,8265,33525,388,1201,124,3636,44,882,97,44
"1091","2020-04-11",671,13,241,2069,6711,0.788854120101326,8265,33525,388,1201,133,3769,33,915,96,33
"1092","2020-04-12",638,13,269,2051,6711,0.788854120101326,8265,33525,388,1201,121,3890,49,964,81,49
"1093","2020-04-13",644,13,273,2082,6711,0.788854120101326,8265,33525,388,1201,115,4005,51,1015,76,51
"1094","2020-04-14",653,13,287,2050,6711,0.788854120101326,8265,33525,388,1201,99,4104,36,1051,67,36
"1095","2020-04-15",644,13,297,1991,6711,0.788854120101326,8265,33525,388,1201,120,4224,57,1108,79,57
"1096","2020-04-16",634,13,291,1903,6711,0.788854120101326,8265,33525,388,1201,117,4341,50,1158,74,50
"1097","2020-04-17",682,13,287,1840,6711,0.788854120101326,8265,33525,388,1201,107,4448,34,1192,63,34
"1098","2020-04-18",683,13,291,1788,6711,0.788854120101326,8265,33525,388,1201,90,4538,52,1244,50,52
"1099","2020-04-19",617,13,307,1700,6711,0.788854120101326,8265,33525,388,1201,101,4639,50,1294,68,50
"1100","2020-04-20",597,13,288,1619,6711,0.788854120101326,8265,33525,388,1201,75,4714,48,1342,42,48
"1101","2020-04-21",589,13,271,1512,6711,0.788854120101326,8265,33525,388,1201,81,4795,30,1372,52,30
"1102","2020-04-22",556,13,267,1413,6711,0.788854120101326,8265,33525,388,1201,72,4867,21,1393,43,21
"1103","2020-04-23",534,13,259,1276,6711,0.788854120101326,8265,33525,388,1201,74,4941,45,1438,48,45
"1104","2020-04-24",455,13,236,1212,6711,0.788854120101326,8265,33525,388,1201,73,5014,48,1486,42,48
"1105","2020-04-25",431,13,226,1146,6711,0.788854120101326,8265,33525,388,1201,76,5090,40,1526,38,40
"1106","2020-04-26",385,13,220,1070,6711,0.788854120101326,8265,33525,388,1201,67,5157,31,1557,41,31
"1107","2020-04-27",374,13,231,1011,6711,0.788854120101326,8265,33525,388,1201,66,5223,14,1571,31,14
"1108","2020-04-28",340,13,254,949,6711,0.788854120101326,8265,33525,388,1201,57,5280,17,1588,27,17
"1109","2020-04-29",338,13,232,901,6711,0.788854120101326,8265,33525,388,1201,50,5330,23,1611,27,23
"1110","2020-04-30",318,13,250,840,6711,0.788854120101326,8265,33525,388,1201,62,5392,37,1648,37,37
"1111","2020-05-01",300,13,250,789,6711,0.788854120101326,8265,33525,388,1201,52,5444,28,1676,25,28
"1112","2020-05-02",311,13,248,731,6711,0.788854120101326,8265,33525,388,1201,54,5498,16,1692,32,16
"1113","2020-05-03",282,13,250,691,6711,0.788854120101326,8265,33525,388,1201,48,5546,20,1712,21,20
"1114","2020-05-04",269,13,286,643,6711,0.788854120101326,8265,33525,388,1201,44,5590,43,1755,26,43
"1115","2020-05-05",246,13,316,586,6711,0.788854120101326,8265,33525,388,1201,43,5633,61,1816,24,61
"1116","2020-05-06",223,13,300,549,6711,0.788854120101326,8265,33525,388,1201,47,5680,64,1880,16,64
"1117","2020-05-07",223,13,273,505,6711,0.788854120101326,8265,33525,388,1201,41,5721,14,1894,15,14
"1118","2020-05-08",215,13,278,465,6711,0.788854120101326,8265,33525,388,1201,38,5759,14,1908,17,14
"1119","2020-05-09",182,13,276,419,6711,0.788854120101326,8265,33525,388,1201,48,5807,17,1925,23,17
"1120","2020-05-10",172,13,248,395,6711,0.788854120101326,8265,33525,388,1201,39,5846,35,1960,15,35
"1121","2020-05-11",150,13,263,369,6711,0.788854120101326,8265,33525,388,1201,22,5868,23,1983,7,23
"1122","2020-05-12",138,13,261,332,6711,0.788854120101326,8265,33525,388,1201,31,5899,27,2010,10,27
"1123","2020-05-13",133,13,268,305,6711,0.788854120101326,8265,33525,388,1201,35,5934,49,2059,20,49
"1124","2020-05-14",113,13,283,287,6711,0.788854120101326,8265,33525,388,1201,25,5959,38,2097,8,38
"1125","2020-05-15",101,13,308,263,6711,0.788854120101326,8265,33525,388,1201,26,5985,32,2129,12,32
"1126","2020-05-16",94,13,305,246,6711,0.788854120101326,8265,33525,388,1201,26,6011,41,2170,7,41
"1127","2020-05-17",79,13,319,216,6711,0.788854120101326,8265,33525,388,1201,21,6032,37,2207,8,37
"1128","2020-05-18",79,13,324,205,6711,0.788854120101326,8265,33525,388,1201,20,6052,30,2237,9,30
"1129","2020-05-19",74,13,310,190,6711,0.788854120101326,8265,33525,388,1201,22,6074,22,2259,10,22
"1130","2020-05-20",78,13,290,173,6711,0.788854120101326,8265,33525,388,1201,25,6099,50,2309,8,50
"1131","2020-05-21",77,13,278,166,6711,0.788854120101326,8265,33525,388,1201,19,6118,46,2355,5,46
"1132","2020-05-22",65,13,267,161,6711,0.788854120101326,8265,33525,388,1201,27,6145,29,2384,7,29
"1133","2020-05-23",66,13,305,146,6711,0.788854120101326,8265,33525,388,1201,19,6164,41,2425,9,41
"1134","2020-05-24",63,13,344,143,6711,0.788854120101326,8265,33525,388,1201,15,6179,30,2455,6,30
"1135","2020-05-25",59,13,370,144,6711,0.788854120101326,8265,33525,388,1201,20,6199,19,2474,6,19
"1136","2020-05-26",54,13,350,136,6711,0.788854120101326,8265,33525,388,1201,25,6224,17,2491,9,17
"1137","2020-05-27",45,13,336,126,6711,0.788854120101326,8265,33525,388,1201,18,6242,41,2532,6,41
"1138","2020-05-28",41,13,327,120,6711,0.788854120101326,8265,33525,388,1201,15,6257,29,2561,1,29
"1139","2020-05-29",51,13,302,115,6711,0.788854120101326,8265,33525,388,1201,17,6274,32,2593,8,32
"1140","2020-05-30",49,13,312,104,6711,0.788854120101326,8265,33525,388,1201,14,6288,31,2624,2,31
"1141","2020-05-31",38,13,283,95,6711,0.788854120101326,8265,33525,388,1201,15,6303,30,2654,4,30
"1142","2020-06-01",36,13,287,88,6711,0.788854120101326,8265,33525,388,1201,12,6315,28,2682,NA,28
"1143","2020-06-02",40,13,260,84,6711,0.788854120101326,8265,33525,388,1201,14,6329,33,2715,3,33
"1144","2020-06-03",36,13,253,79,6711,0.788854120101326,8265,33525,388,1201,13,6342,12,2727,5,12
"1145","2020-06-04",37,13,261,78,6711,0.788854120101326,8265,33525,388,1201,15,6357,18,2745,5,18
"1146","2020-06-05",28,13,260,72,6711,0.788854120101326,8265,33525,388,1201,6,6363,42,2787,1,42
"1147","2020-06-06",25,13,237,71,6711,0.788854120101326,8265,33525,388,1201,5,6368,20,2807,1,20
"1148","2020-06-07",22,13,227,66,6711,0.788854120101326,8265,33525,388,1201,9,6377,19,2826,3,19
"1149","2020-03-07",1,14,0,0,7050,0.789503546099291,8250,34289,433,1359,NA,NA,NA,NA,NA,NA
"1150","2020-03-08",1,14,0,0,7050,0.789503546099291,8250,34289,433,1359,NA,NA,NA,NA,NA,NA
"1151","2020-03-09",0,14,0,0,7050,0.789503546099291,8250,34289,433,1359,NA,NA,NA,NA,NA,NA
"1152","2020-03-10",0,14,0,0,7050,0.789503546099291,8250,34289,433,1359,NA,NA,3,3,NA,3
"1153","2020-03-11",0,14,0,0,7050,0.789503546099291,8250,34289,433,1359,49,49,51,54,9,51
"1154","2020-03-12",1,14,82,59,7050,0.789503546099291,8250,34289,433,1359,50,99,46,100,16,46
"1155","2020-03-13",6,14,135,95,7050,0.789503546099291,8250,34289,433,1359,66,165,26,126,28,26
"1156","2020-03-14",13,14,138,132,7050,0.789503546099291,8250,34289,433,1359,72,237,26,152,34,26
"1157","2020-03-15",25,14,147,184,7050,0.789503546099291,8250,34289,433,1359,88,325,63,215,42,63
"1158","2020-03-16",25,14,155,248,7050,0.789503546099291,8250,34289,433,1359,113,438,68,283,59,68
"1159","2020-03-17",35,14,166,326,7050,0.789503546099291,8250,34289,433,1359,87,525,19,302,53,19
"1160","2020-03-18",45,14,201,413,7050,0.789503546099291,8250,34289,433,1359,107,632,18,320,68,18
"1161","2020-03-19",55,14,233,518,7050,0.789503546099291,8250,34289,433,1359,96,728,8,328,72,8
"1162","2020-03-20",80,14,212,638,7050,0.789503546099291,8250,34289,433,1359,114,842,10,338,76,10
"1163","2020-03-21",109,14,221,731,7050,0.789503546099291,8250,34289,433,1359,108,950,15,353,79,15
"1164","2020-03-22",162,14,220,836,7050,0.789503546099291,8250,34289,433,1359,133,1083,7,360,96,7
"1165","2020-03-23",177,14,224,959,7050,0.789503546099291,8250,34289,433,1359,122,1205,15,375,89,15
"1166","2020-03-24",180,14,217,1072,7050,0.789503546099291,8250,34289,433,1359,124,1329,38,413,90,38
"1167","2020-03-25",225,14,188,1185,7050,0.789503546099291,8250,34289,433,1359,154,1483,54,467,107,54
"1168","2020-03-26",254,14,178,1299,7050,0.789503546099291,8250,34289,433,1359,106,1589,39,506,76,39
"1169","2020-03-27",366,14,175,1366,7050,0.789503546099291,8250,34289,433,1359,153,1742,35,541,118,35
"1170","2020-03-28",432,14,182,1511,7050,0.789503546099291,8250,34289,433,1359,152,1894,21,562,125,21
"1171","2020-03-29",438,14,205,1622,7050,0.789503546099291,8250,34289,433,1359,162,2056,20,582,130,20
"1172","2020-03-30",454,14,208,1699,7050,0.789503546099291,8250,34289,433,1359,140,2196,25,607,105,25
"1173","2020-03-31",469,14,192,1769,7050,0.789503546099291,8250,34289,433,1359,126,2322,22,629,99,22
"1174","2020-04-01",486,14,186,1833,7050,0.789503546099291,8250,34289,433,1359,122,2444,19,648,90,19
"1175","2020-04-02",514,14,179,1935,7050,0.789503546099291,8250,34289,433,1359,139,2583,42,690,107,42
"1176","2020-04-03",674,14,203,1993,7050,0.789503546099291,8250,34289,433,1359,157,2740,40,730,128,40
"1177","2020-04-04",679,14,244,2045,7050,0.789503546099291,8250,34289,433,1359,123,2863,32,762,92,32
"1178","2020-04-05",650,14,245,2044,7050,0.789503546099291,8250,34289,433,1359,122,2985,52,814,88,52
"1179","2020-04-06",657,14,221,2020,7050,0.789503546099291,8250,34289,433,1359,135,3120,32,846,100,32
"1180","2020-04-07",677,14,203,2013,7050,0.789503546099291,8250,34289,433,1359,132,3252,33,879,101,33
"1181","2020-04-08",674,14,188,2049,7050,0.789503546099291,8250,34289,433,1359,134,3386,21,900,97,21
"1182","2020-04-09",677,14,178,2045,7050,0.789503546099291,8250,34289,433,1359,119,3505,21,921,88,21
"1183","2020-04-10",723,14,188,1997,7050,0.789503546099291,8250,34289,433,1359,111,3616,43,964,78,43
"1184","2020-04-11",708,14,228,1975,7050,0.789503546099291,8250,34289,433,1359,122,3738,60,1024,88,60
"1185","2020-04-12",640,14,233,1943,7050,0.789503546099291,8250,34289,433,1359,110,3848,30,1054,77,30
"1186","2020-04-13",652,14,268,1881,7050,0.789503546099291,8250,34289,433,1359,109,3957,21,1075,81,21
"1187","2020-04-14",626,14,242,1790,7050,0.789503546099291,8250,34289,433,1359,130,4087,21,1096,87,21
"1188","2020-04-15",628,14,259,1698,7050,0.789503546099291,8250,34289,433,1359,99,4186,15,1111,72,15
"1189","2020-04-16",617,14,273,1589,7050,0.789503546099291,8250,34289,433,1359,95,4281,13,1124,56,13
"1190","2020-04-17",591,14,278,1521,7050,0.789503546099291,8250,34289,433,1359,94,4375,20,1144,72,20
"1191","2020-04-18",590,14,260,1458,7050,0.789503546099291,8250,34289,433,1359,84,4459,22,1166,53,22
"1192","2020-04-19",546,14,246,1376,7050,0.789503546099291,8250,34289,433,1359,90,4549,31,1197,63,31
"1193","2020-04-20",508,14,245,1292,7050,0.789503546099291,8250,34289,433,1359,88,4637,28,1225,56,28
"1194","2020-04-21",485,14,251,1184,7050,0.789503546099291,8250,34289,433,1359,91,4728,18,1243,66,18
"1195","2020-04-22",462,14,241,1099,7050,0.789503546099291,8250,34289,433,1359,73,4801,10,1253,53,10
"1196","2020-04-23",446,14,242,1009,7050,0.789503546099291,8250,34289,433,1359,71,4872,15,1268,42,15
"1197","2020-04-24",416,14,232,943,7050,0.789503546099291,8250,34289,433,1359,78,4950,10,1278,47,10
"1198","2020-04-25",392,14,239,893,7050,0.789503546099291,8250,34289,433,1359,65,5015,24,1302,43,24
"1199","2020-04-26",352,14,224,848,7050,0.789503546099291,8250,34289,433,1359,59,5074,46,1348,37,46
"1200","2020-04-27",341,14,241,795,7050,0.789503546099291,8250,34289,433,1359,53,5127,48,1396,42,48
"1201","2020-04-28",334,14,270,748,7050,0.789503546099291,8250,34289,433,1359,60,5187,26,1422,40,26
"1202","2020-04-29",305,14,252,714,7050,0.789503546099291,8250,34289,433,1359,70,5257,17,1439,41,17
"1203","2020-04-30",284,14,304,646,7050,0.789503546099291,8250,34289,433,1359,58,5315,16,1455,30,16
"1204","2020-05-01",230,14,313,599,7050,0.789503546099291,8250,34289,433,1359,46,5361,22,1477,22,22
"1205","2020-05-02",227,14,298,567,7050,0.789503546099291,8250,34289,433,1359,40,5401,51,1528,19,51
"1206","2020-05-03",210,14,305,531,7050,0.789503546099291,8250,34289,433,1359,54,5455,20,1548,28,20
"1207","2020-05-04",195,14,287,510,7050,0.789503546099291,8250,34289,433,1359,40,5495,12,1560,18,12
"1208","2020-05-05",180,14,273,465,7050,0.789503546099291,8250,34289,433,1359,35,5530,8,1568,22,8
"1209","2020-05-06",171,14,274,439,7050,0.789503546099291,8250,34289,433,1359,44,5574,9,1577,21,9
"1210","2020-05-07",161,14,279,406,7050,0.789503546099291,8250,34289,433,1359,48,5622,20,1597,25,20
"1211","2020-05-08",155,14,272,388,7050,0.789503546099291,8250,34289,433,1359,39,5661,10,1607,20,10
"1212","2020-05-09",148,14,297,363,7050,0.789503546099291,8250,34289,433,1359,45,5706,8,1615,23,8
"1213","2020-05-10",132,14,290,361,7050,0.789503546099291,8250,34289,433,1359,37,5743,9,1624,18,9
"1214","2020-05-11",119,14,285,335,7050,0.789503546099291,8250,34289,433,1359,43,5786,46,1670,22,46
"1215","2020-05-12",110,14,256,316,7050,0.789503546099291,8250,34289,433,1359,39,5825,46,1716,23,46
"1216","2020-05-13",111,14,248,292,7050,0.789503546099291,8250,34289,433,1359,44,5869,12,1728,23,12
"1217","2020-05-14",108,14,233,294,7050,0.789503546099291,8250,34289,433,1359,38,5907,11,1739,23,11
"1218","2020-05-15",101,14,227,281,7050,0.789503546099291,8250,34289,433,1359,37,5944,6,1745,20,6
"1219","2020-05-16",101,14,229,276,7050,0.789503546099291,8250,34289,433,1359,27,5971,10,1755,15,10
"1220","2020-05-17",97,14,247,259,7050,0.789503546099291,8250,34289,433,1359,31,6002,14,1769,15,14
"1221","2020-05-18",95,14,224,253,7050,0.789503546099291,8250,34289,433,1359,28,6030,27,1796,15,27
"1222","2020-05-19",86,14,214,249,7050,0.789503546099291,8250,34289,433,1359,27,6057,14,1810,16,14
"1223","2020-05-20",82,14,216,238,7050,0.789503546099291,8250,34289,433,1359,27,6084,9,1819,20,9
"1224","2020-05-21",80,14,243,233,7050,0.789503546099291,8250,34289,433,1359,28,6112,63,1882,17,63
"1225","2020-05-22",92,14,255,224,7050,0.789503546099291,8250,34289,433,1359,27,6139,29,1911,12,29
"1226","2020-05-23",80,14,257,224,7050,0.789503546099291,8250,34289,433,1359,29,6168,24,1935,20,24
"1227","2020-05-24",69,14,254,217,7050,0.789503546099291,8250,34289,433,1359,22,6190,11,1946,14,11
"1228","2020-05-25",70,14,251,208,7050,0.789503546099291,8250,34289,433,1359,15,6205,37,1983,5,37
"1229","2020-05-26",71,14,241,198,7050,0.789503546099291,8250,34289,433,1359,15,6220,27,2010,9,27
"1230","2020-05-27",71,14,216,199,7050,0.789503546099291,8250,34289,433,1359,26,6246,42,2052,14,42
"1231","2020-05-28",66,14,217,191,7050,0.789503546099291,8250,34289,433,1359,26,6272,17,2069,17,17
"1232","2020-05-29",56,14,234,191,7050,0.789503546099291,8250,34289,433,1359,22,6294,16,2085,15,16
"1233","2020-05-30",55,14,258,178,7050,0.789503546099291,8250,34289,433,1359,18,6312,6,2091,9,6
"1234","2020-05-31",49,14,265,169,7050,0.789503546099291,8250,34289,433,1359,21,6333,7,2098,14,7
"1235","2020-06-01",48,14,262,157,7050,0.789503546099291,8250,34289,433,1359,15,6348,43,2141,4,43
"1236","2020-06-02",44,14,233,147,7050,0.789503546099291,8250,34289,433,1359,17,6365,49,2190,11,49
"1237","2020-06-03",46,14,234,136,7050,0.789503546099291,8250,34289,433,1359,18,6383,34,2224,12,34
"1238","2020-06-04",43,14,251,128,7050,0.789503546099291,8250,34289,433,1359,5,6388,18,2242,4,18
"1239","2020-06-05",38,14,281,109,7050,0.789503546099291,8250,34289,433,1359,5,6393,34,2276,2,34
"1240","2020-06-06",39,14,289,102,7050,0.789503546099291,8250,34289,433,1359,12,6405,21,2297,6,21
"1241","2020-06-07",36,14,302,97,7050,0.789503546099291,8250,34289,433,1359,12,6417,10,2307,4,10
"1242","2020-03-13",4,15,158,267,8636,0.397753589624826,8355,40470,478,2793,82,248,24,48,9,24
"1243","2020-03-14",26,15,147,375,8636,0.397753589624826,8355,40470,478,2793,93,341,9,57,16,9
"1244","2020-03-15",56,15,193,494,8636,0.397753589624826,8355,40470,478,2793,99,440,6,63,27,6
"1245","2020-03-16",70,15,245,626,8636,0.397753589624826,8355,40470,478,2793,92,532,10,73,18,10
"1246","2020-03-17",79,15,268,760,8636,0.397753589624826,8355,40470,478,2793,121,653,6,79,37,6
"1247","2020-03-18",109,15,270,892,8636,0.397753589624826,8355,40470,478,2793,123,776,38,117,41,38
"1248","2020-03-19",147,15,268,1024,8636,0.397753589624826,8355,40470,478,2793,124,900,15,132,39,15
"1249","2020-03-20",220,15,244,1144,8636,0.397753589624826,8355,40470,478,2793,125,1025,17,149,39,17
"1250","2020-03-21",259,15,207,1285,8636,0.397753589624826,8355,40470,478,2793,167,1192,31,180,81,31
"1251","2020-03-22",345,15,194,1382,8636,0.397753589624826,8355,40470,478,2793,130,1322,23,203,39,23
"1252","2020-03-23",367,15,170,1461,8636,0.397753589624826,8355,40470,478,2793,157,1479,15,218,75,15
"1253","2020-03-24",381,15,217,1518,8636,0.397753589624826,8355,40470,478,2793,149,1628,18,236,66,18
"1254","2020-03-25",401,15,234,1607,8636,0.397753589624826,8355,40470,478,2793,146,1774,36,272,56,36
"1255","2020-03-26",409,15,229,1644,8636,0.397753589624826,8355,40470,478,2793,147,1921,23,295,64,23
"1256","2020-03-27",566,15,239,1659,8636,0.397753589624826,8355,40470,478,2793,143,2064,38,333,71,38
"1257","2020-03-28",591,15,217,1691,8636,0.397753589624826,8355,40470,478,2793,139,2203,28,361,71,28
"1258","2020-03-29",534,15,217,1726,8636,0.397753589624826,8355,40470,478,2793,146,2349,35,396,77,35
"1259","2020-03-30",536,15,215,1713,8636,0.397753589624826,8355,40470,478,2793,136,2485,28,424,70,28
"1260","2020-03-31",540,15,297,1741,8636,0.397753589624826,8355,40470,478,2793,117,2602,26,450,57,26
"1261","2020-04-01",550,15,307,1776,8636,0.397753589624826,8355,40470,478,2793,127,2729,13,463,61,13
"1262","2020-04-02",561,15,279,1748,8636,0.397753589624826,8355,40470,478,2793,140,2869,17,480,64,17
"1263","2020-04-03",632,15,266,1728,8636,0.397753589624826,8355,40470,478,2793,120,2989,10,490,54,10
"1264","2020-04-04",625,15,239,1725,8636,0.397753589624826,8355,40470,478,2793,130,3119,40,530,56,40
"1265","2020-04-05",588,15,229,1703,8636,0.397753589624826,8355,40470,478,2793,127,3246,13,543,58,13
"1266","2020-04-06",590,15,222,1699,8636,0.397753589624826,8355,40470,478,2793,119,3365,18,561,50,18
"1267","2020-04-07",570,15,218,1663,8636,0.397753589624826,8355,40470,478,2793,131,3496,55,616,58,55
"1268","2020-04-08",576,15,198,1623,8636,0.397753589624826,8355,40470,478,2793,144,3640,46,662,65,46
"1269","2020-04-09",575,15,199,1599,8636,0.397753589624826,8355,40470,478,2793,135,3775,66,728,58,66
"1270","2020-04-10",579,15,232,1554,8636,0.397753589624826,8355,40470,478,2793,84,3859,24,752,25,24
"1271","2020-04-11",571,15,251,1533,8636,0.397753589624826,8355,40470,478,2793,111,3970,24,776,43,24
"1272","2020-04-12",525,15,245,1490,8636,0.397753589624826,8355,40470,478,2793,102,4072,30,806,39,30
"1273","2020-04-13",512,15,227,1441,8636,0.397753589624826,8355,40470,478,2793,116,4188,20,826,49,20
"1274","2020-04-14",493,15,220,1418,8636,0.397753589624826,8355,40470,478,2793,92,4280,59,885,33,59
"1275","2020-04-15",469,15,235,1386,8636,0.397753589624826,8355,40470,478,2793,106,4386,32,917,42,32
"1276","2020-04-16",479,15,224,1339,8636,0.397753589624826,8355,40470,478,2793,88,4474,60,977,32,60
"1277","2020-04-17",477,15,237,1303,8636,0.397753589624826,8355,40470,478,2793,84,4558,55,1032,25,55
"1278","2020-04-18",464,15,230,1282,8636,0.397753589624826,8355,40470,478,2793,91,4649,43,1075,38,43
"1279","2020-04-19",425,15,263,1271,8636,0.397753589624826,8355,40470,478,2793,113,4762,32,1107,39,32
"1280","2020-04-20",414,15,272,1244,8636,0.397753589624826,8355,40470,478,2793,89,4851,54,1161,28,54
"1281","2020-04-21",408,15,259,1201,8636,0.397753589624826,8355,40470,478,2793,80,4931,32,1193,33,32
"1282","2020-04-22",418,15,234,1174,8636,0.397753589624826,8355,40470,478,2793,88,5019,42,1235,23,42
"1283","2020-04-23",403,15,244,1158,8636,0.397753589624826,8355,40470,478,2793,70,5089,23,1258,23,23
"1284","2020-04-24",401,15,228,1118,8636,0.397753589624826,8355,40470,478,2793,89,5178,13,1271,27,13
"1285","2020-04-25",410,15,221,1096,8636,0.397753589624826,8355,40470,478,2793,80,5258,17,1288,22,17
"1286","2020-04-26",373,15,271,1063,8636,0.397753589624826,8355,40470,478,2793,78,5336,27,1315,16,27
"1287","2020-04-27",364,15,259,1025,8636,0.397753589624826,8355,40470,478,2793,65,5401,47,1362,14,47
"1288","2020-04-28",353,15,241,992,8636,0.397753589624826,8355,40470,478,2793,63,5464,29,1391,19,29
"1289","2020-04-29",336,15,233,959,8636,0.397753589624826,8355,40470,478,2793,69,5533,33,1424,13,33
"1290","2020-04-30",309,15,229,909,8636,0.397753589624826,8355,40470,478,2793,51,5584,46,1470,19,46
"1291","2020-05-01",298,15,222,886,8636,0.397753589624826,8355,40470,478,2793,62,5646,38,1508,15,38
"1292","2020-05-02",293,15,220,864,8636,0.397753589624826,8355,40470,478,2793,52,5698,23,1531,7,23
"1293","2020-05-03",274,15,241,843,8636,0.397753589624826,8355,40470,478,2793,50,5748,15,1546,9,15
"1294","2020-05-04",272,15,226,809,8636,0.397753589624826,8355,40470,478,2793,60,5808,16,1562,13,16
"1295","2020-05-05",269,15,249,777,8636,0.397753589624826,8355,40470,478,2793,62,5870,16,1578,12,16
"1296","2020-05-06",259,15,236,758,8636,0.397753589624826,8355,40470,478,2793,52,5922,11,1589,20,11
"1297","2020-05-07",262,15,227,741,8636,0.397753589624826,8355,40470,478,2793,43,5965,13,1602,12,13
"1298","2020-05-08",261,15,205,721,8636,0.397753589624826,8355,40470,478,2793,49,6014,11,1613,12,11
"1299","2020-05-09",245,15,207,685,8636,0.397753589624826,8355,40470,478,2793,36,6050,15,1628,8,15
"1300","2020-05-10",244,15,210,663,8636,0.397753589624826,8355,40470,478,2793,39,6089,40,1668,10,40
"1301","2020-05-11",239,15,227,641,8636,0.397753589624826,8355,40470,478,2793,39,6128,29,1697,4,29
"1302","2020-05-12",223,15,244,609,8636,0.397753589624826,8355,40470,478,2793,42,6170,18,1715,8,18
"1303","2020-05-13",223,15,275,586,8636,0.397753589624826,8355,40470,478,2793,36,6206,26,1741,5,26
"1304","2020-05-14",215,15,251,560,8636,0.397753589624826,8355,40470,478,2793,32,6238,29,1770,10,29
"1305","2020-05-15",198,15,230,548,8636,0.397753589624826,8355,40470,478,2793,31,6269,28,1798,7,28
"1306","2020-05-16",212,15,240,523,8636,0.397753589624826,8355,40470,478,2793,28,6297,22,1820,5,22
"1307","2020-05-17",183,15,275,490,8636,0.397753589624826,8355,40470,478,2793,31,6328,10,1830,5,10
"1308","2020-05-18",173,15,275,471,8636,0.397753589624826,8355,40470,478,2793,36,6364,17,1847,7,17
"1309","2020-05-19",163,15,280,452,8636,0.397753589624826,8355,40470,478,2793,21,6385,22,1869,6,22
"1310","2020-05-20",150,15,286,413,8636,0.397753589624826,8355,40470,478,2793,19,6404,14,1883,6,14
"1311","2020-05-21",145,15,252,397,8636,0.397753589624826,8355,40470,478,2793,25,6429,7,1890,5,7
"1312","2020-05-22",132,15,234,379,8636,0.397753589624826,8355,40470,478,2793,21,6450,42,1932,2,42
"1313","2020-05-23",112,15,208,363,8636,0.397753589624826,8355,40470,478,2793,16,6466,52,1984,4,52
"1314","2020-05-24",116,15,228,348,8636,0.397753589624826,8355,40470,478,2793,15,6481,30,2014,1,30
"1315","2020-05-25",108,15,198,333,8636,0.397753589624826,8355,40470,478,2793,21,6502,22,2036,5,22
"1316","2020-05-26",111,15,178,317,8636,0.397753589624826,8355,40470,478,2793,18,6520,20,2056,2,20
"1317","2020-05-27",108,15,168,297,8636,0.397753589624826,8355,40470,478,2793,17,6537,22,2078,2,22
"1318","2020-05-28",105,15,181,277,8636,0.397753589624826,8355,40470,478,2793,20,6557,39,2117,1,39
"1319","2020-05-29",99,15,236,271,8636,0.397753589624826,8355,40470,478,2793,10,6567,21,2138,3,21
"1320","2020-05-30",93,15,279,257,8636,0.397753589624826,8355,40470,478,2793,19,6586,37,2175,4,37
"1321","2020-05-31",75,15,313,248,8636,0.397753589624826,8355,40470,478,2793,16,6602,31,2206,NA,31
"1322","2020-06-01",76,15,359,246,8636,0.397753589624826,8355,40470,478,2793,11,6613,46,2252,2,46
"1323","2020-06-02",64,15,348,229,8636,0.397753589624826,8355,40470,478,2793,17,6630,42,2294,4,42
"1324","2020-06-03",64,15,323,216,8636,0.397753589624826,8355,40470,478,2793,9,6639,34,2328,1,34
"1325","2020-06-04",58,15,299,208,8636,0.397753589624826,8355,40470,478,2793,13,6652,32,2360,2,32
"1326","2020-06-05",65,15,285,206,8636,0.397753589624826,8355,40470,478,2793,14,6666,32,2392,1,32
"1327","2020-06-06",73,15,240,200,8636,0.397753589624826,8355,40470,478,2793,9,6675,42,2434,2,42
"1328","2020-06-07",66,15,204,191,8636,0.397753589624826,8355,40470,478,2793,10,6685,22,2456,1,22
"1329","2020-03-14",1,16,115,119,6933,0.760276936391173,8325,32896,407,1817,71,232,32,100,19,32
"1330","2020-03-15",13,16,117,172,6933,0.760276936391173,8325,32896,407,1817,103,335,22,122,24,22
"1331","2020-03-16",19,16,131,216,6933,0.760276936391173,8325,32896,407,1817,99,434,77,199,32,77
"1332","2020-03-17",30,16,164,280,6933,0.760276936391173,8325,32896,407,1817,106,540,71,270,47,71
"1333","2020-03-18",39,16,174,344,6933,0.760276936391173,8325,32896,407,1817,116,656,49,319,64,49
"1334","2020-03-19",52,16,177,429,6933,0.760276936391173,8325,32896,407,1817,128,784,85,404,86,85
"1335","2020-03-20",70,16,193,492,6933,0.760276936391173,8325,32896,407,1817,110,894,42,446,64,42
"1336","2020-03-21",101,16,226,595,6933,0.760276936391173,8325,32896,407,1817,140,1034,53,499,90,53
"1337","2020-03-22",149,16,260,677,6933,0.760276936391173,8325,32896,407,1817,183,1217,37,536,112,37
"1338","2020-03-23",163,16,271,775,6933,0.760276936391173,8325,32896,407,1817,154,1371,35,571,100,35
"1339","2020-03-24",164,16,258,887,6933,0.760276936391173,8325,32896,407,1817,159,1530,45,616,103,45
"1340","2020-03-25",185,16,237,969,6933,0.760276936391173,8325,32896,407,1817,172,1702,50,666,113,50
"1341","2020-03-26",204,16,234,1043,6933,0.760276936391173,8325,32896,407,1817,181,1883,52,718,126,52
"1342","2020-03-27",309,16,262,1151,6933,0.760276936391173,8325,32896,407,1817,198,2081,38,756,141,38
"1343","2020-03-28",318,16,263,1249,6933,0.760276936391173,8325,32896,407,1817,166,2247,35,791,110,35
"1344","2020-03-29",315,16,264,1386,6933,0.760276936391173,8325,32896,407,1817,180,2427,52,843,132,52
"1345","2020-03-30",339,16,266,1458,6933,0.760276936391173,8325,32896,407,1817,134,2561,33,876,91,33
"1346","2020-03-31",361,16,269,1587,6933,0.760276936391173,8325,32896,407,1817,154,2715,36,912,98,36
"1347","2020-04-01",386,16,256,1695,6933,0.760276936391173,8325,32896,407,1817,150,2865,27,939,94,27
"1348","2020-04-02",428,16,246,1806,6933,0.760276936391173,8325,32896,407,1817,165,3030,31,970,111,31
"1349","2020-04-03",535,16,267,1947,6933,0.760276936391173,8325,32896,407,1817,164,3194,25,995,111,25
"1350","2020-04-04",586,16,290,2032,6933,0.760276936391173,8325,32896,407,1817,178,3372,32,1027,126,32
"1351","2020-04-05",588,16,262,2063,6933,0.760276936391173,8325,32896,407,1817,152,3524,32,1059,117,32
"1352","2020-04-06",608,16,239,2126,6933,0.760276936391173,8325,32896,407,1817,144,3668,36,1095,98,36
"1353","2020-04-07",613,16,239,2171,6933,0.760276936391173,8325,32896,407,1817,135,3803,42,1137,92,42
"1354","2020-04-08",647,16,278,2212,6933,0.760276936391173,8325,32896,407,1817,134,3937,38,1175,81,38
"1355","2020-04-09",650,16,257,2191,6933,0.760276936391173,8325,32896,407,1817,140,4077,39,1214,84,39
"1356","2020-04-10",734,16,256,2186,6933,0.760276936391173,8325,32896,407,1817,123,4200,23,1237,87,23
"1357","2020-04-11",745,16,250,2185,6933,0.760276936391173,8325,32896,407,1817,137,4337,51,1288,87,51
"1358","2020-04-12",723,16,251,2145,6933,0.760276936391173,8325,32896,407,1817,120,4457,46,1334,78,46
"1359","2020-04-13",716,16,235,2102,6933,0.760276936391173,8325,32896,407,1817,90,4547,31,1365,49,31
"1360","2020-04-14",716,16,238,2014,6933,0.760276936391173,8325,32896,407,1817,101,4648,31,1396,50,31
"1361","2020-04-15",699,16,236,1915,6933,0.760276936391173,8325,32896,407,1817,112,4760,28,1424,60,28
"1362","2020-04-16",680,16,248,1832,6933,0.760276936391173,8325,32896,407,1817,100,4860,35,1459,61,35
"1363","2020-04-17",721,16,251,1760,6933,0.760276936391173,8325,32896,407,1817,93,4953,30,1489,54,30
"1364","2020-04-18",683,16,253,1640,6933,0.760276936391173,8325,32896,407,1817,86,5039,42,1531,53,42
"1365","2020-04-19",594,16,235,1538,6933,0.760276936391173,8325,32896,407,1817,77,5116,36,1567,39,36
"1366","2020-04-20",574,16,251,1453,6933,0.760276936391173,8325,32896,407,1817,74,5190,34,1601,42,34
"1367","2020-04-21",546,16,274,1324,6933,0.760276936391173,8325,32896,407,1817,75,5265,38,1639,32,38
"1368","2020-04-22",534,16,284,1258,6933,0.760276936391173,8325,32896,407,1817,77,5342,26,1665,44,26
"1369","2020-04-23",514,16,248,1161,6933,0.760276936391173,8325,32896,407,1817,63,5405,38,1703,30,38
"1370","2020-04-24",422,16,255,1047,6933,0.760276936391173,8325,32896,407,1817,61,5466,38,1741,30,38
"1371","2020-04-25",411,16,265,976,6933,0.760276936391173,8325,32896,407,1817,66,5532,34,1775,32,34
"1372","2020-04-26",396,16,271,923,6933,0.760276936391173,8325,32896,407,1817,59,5591,22,1797,32,22
"1373","2020-04-27",370,16,254,866,6933,0.760276936391173,8325,32896,407,1817,50,5641,35,1832,15,35
"1374","2020-04-28",339,16,247,822,6933,0.760276936391173,8325,32896,407,1817,63,5704,42,1874,27,42
"1375","2020-04-29",315,16,284,748,6933,0.760276936391173,8325,32896,407,1817,54,5758,32,1906,27,32
"1376","2020-04-30",309,16,293,694,6933,0.760276936391173,8325,32896,407,1817,55,5813,29,1935,17,29
"1377","2020-05-01",295,16,302,648,6933,0.760276936391173,8325,32896,407,1817,39,5852,34,1969,18,34
"1378","2020-05-02",281,16,287,595,6933,0.760276936391173,8325,32896,407,1817,53,5905,34,2003,19,34
"1379","2020-05-03",226,16,259,553,6933,0.760276936391173,8325,32896,407,1817,43,5948,39,2042,12,39
"1380","2020-05-04",205,16,249,513,6933,0.760276936391173,8325,32896,407,1817,41,5989,44,2086,17,44
"1381","2020-05-05",191,16,248,463,6933,0.760276936391173,8325,32896,407,1817,39,6028,38,2124,13,38
"1382","2020-05-06",170,16,246,427,6933,0.760276936391173,8325,32896,407,1817,47,6075,29,2153,21,29
"1383","2020-05-07",162,16,247,404,6933,0.760276936391173,8325,32896,407,1817,29,6104,40,2193,11,40
"1384","2020-05-08",136,16,262,371,6933,0.760276936391173,8325,32896,407,1817,38,6142,25,2218,12,25
"1385","2020-05-09",131,16,257,344,6933,0.760276936391173,8325,32896,407,1817,36,6178,31,2249,11,31
"1386","2020-05-10",125,16,261,328,6933,0.760276936391173,8325,32896,407,1817,36,6214,30,2279,10,30
"1387","2020-05-11",129,16,306,317,6933,0.760276936391173,8325,32896,407,1817,35,6249,27,2306,8,27
"1388","2020-05-12",121,16,304,300,6933,0.760276936391173,8325,32896,407,1817,31,6280,32,2338,6,32
"1389","2020-05-13",116,16,281,293,6933,0.760276936391173,8325,32896,407,1817,23,6303,29,2367,10,29
"1390","2020-05-14",102,16,285,291,6933,0.760276936391173,8325,32896,407,1817,20,6323,19,2386,5,19
"1391","2020-05-15",99,16,311,269,6933,0.760276936391173,8325,32896,407,1817,25,6348,40,2426,6,40
"1392","2020-05-16",105,16,304,255,6933,0.760276936391173,8325,32896,407,1817,22,6370,54,2480,11,54
"1393","2020-05-17",98,16,283,239,6933,0.760276936391173,8325,32896,407,1817,14,6384,40,2520,6,40
"1394","2020-05-18",93,16,270,229,6933,0.760276936391173,8325,32896,407,1817,23,6407,32,2552,11,32
"1395","2020-05-19",90,16,262,214,6933,0.760276936391173,8325,32896,407,1817,15,6422,30,2582,4,30
"1396","2020-05-20",87,16,266,197,6933,0.760276936391173,8325,32896,407,1817,18,6440,35,2617,4,35
"1397","2020-05-21",86,16,258,180,6933,0.760276936391173,8325,32896,407,1817,18,6458,28,2645,10,28
"1398","2020-05-22",83,16,251,166,6933,0.760276936391173,8325,32896,407,1817,21,6479,34,2679,8,34
"1399","2020-05-23",78,16,256,159,6933,0.760276936391173,8325,32896,407,1817,13,6492,33,2712,5,33
"1400","2020-05-24",72,16,260,155,6933,0.760276936391173,8325,32896,407,1817,12,6504,40,2752,2,40
"1401","2020-05-25",65,16,239,143,6933,0.760276936391173,8325,32896,407,1817,19,6523,34,2786,2,34
"1402","2020-05-26",62,16,249,138,6933,0.760276936391173,8325,32896,407,1817,12,6535,33,2819,3,33
"1403","2020-05-27",57,16,234,130,6933,0.760276936391173,8325,32896,407,1817,19,6554,36,2855,5,36
"1404","2020-05-28",53,16,261,124,6933,0.760276936391173,8325,32896,407,1817,11,6565,37,2892,1,37
"1405","2020-05-29",51,16,261,113,6933,0.760276936391173,8325,32896,407,1817,3,6568,37,2929,2,37
"1406","2020-05-30",47,16,269,112,6933,0.760276936391173,8325,32896,407,1817,16,6584,22,2951,3,22
"1407","2020-05-31",43,16,270,112,6933,0.760276936391173,8325,32896,407,1817,19,6603,27,2978,2,27
"1408","2020-06-01",38,16,263,111,6933,0.760276936391173,8325,32896,407,1817,11,6614,31,3009,4,31
"1409","2020-06-02",34,16,302,104,6933,0.760276936391173,8325,32896,407,1817,10,6624,48,3057,3,48
"1410","2020-06-03",38,16,296,103,6933,0.760276936391173,8325,32896,407,1817,10,6634,32,3089,1,32
"1411","2020-06-04",35,16,288,98,6933,0.760276936391173,8325,32896,407,1817,11,6645,70,3159,1,70
"1412","2020-06-05",35,16,262,96,6933,0.760276936391173,8325,32896,407,1817,18,6663,68,3227,5,68
"1413","2020-06-06",34,16,230,99,6933,0.760276936391173,8325,32896,407,1817,10,6673,59,3286,4,59
"1414","2020-06-07",32,16,205,94,6933,0.760276936391173,8325,32896,407,1817,7,6680,69,3355,5,69
"1415","2020-03-13",3,17,132,165,7293,0.54284930755519,8355,37452,443,1786,23,50,11,61,15,11
"1416","2020-03-14",24,17,179,226,7293,0.54284930755519,8355,37452,443,1786,30,80,7,68,18,7
"1417","2020-03-15",37,17,205,295,7293,0.54284930755519,8355,37452,443,1786,36,116,16,84,23,16
"1418","2020-03-16",43,17,217,358,7293,0.54284930755519,8355,37452,443,1786,31,147,27,111,25,27
"1419","2020-03-17",47,17,222,439,7293,0.54284930755519,8355,37452,443,1786,53,200,36,147,48,36
"1420","2020-03-18",58,17,223,550,7293,0.54284930755519,8355,37452,443,1786,70,270,28,175,60,28
"1421","2020-03-19",83,17,240,628,7293,0.54284930755519,8355,37452,443,1786,76,346,51,226,73,51
"1422","2020-03-20",137,17,209,730,7293,0.54284930755519,8355,37452,443,1786,94,440,30,256,84,30
"1423","2020-03-21",197,17,185,813,7293,0.54284930755519,8355,37452,443,1786,102,542,26,282,91,26
"1424","2020-03-22",235,17,174,910,7293,0.54284930755519,8355,37452,443,1786,114,656,40,322,105,40
"1425","2020-03-23",248,17,175,1007,7293,0.54284930755519,8355,37452,443,1786,122,778,18,340,105,18
"1426","2020-03-24",269,17,173,1137,7293,0.54284930755519,8355,37452,443,1786,139,917,45,385,128,45
"1427","2020-03-25",297,17,167,1250,7293,0.54284930755519,8355,37452,443,1786,146,1063,39,424,138,39
"1428","2020-03-26",308,17,147,1344,7293,0.54284930755519,8355,37452,443,1786,162,1225,62,486,144,62
"1429","2020-03-27",415,17,149,1404,7293,0.54284930755519,8355,37452,443,1786,172,1397,54,540,162,54
"1430","2020-03-28",437,17,212,1466,7293,0.54284930755519,8355,37452,443,1786,178,1575,45,585,165,45
"1431","2020-03-29",405,17,231,1544,7293,0.54284930755519,8355,37452,443,1786,202,1777,38,623,187,38
"1432","2020-03-30",391,17,244,1595,7293,0.54284930755519,8355,37452,443,1786,198,1975,33,656,185,33
"1433","2020-03-31",413,17,252,1676,7293,0.54284930755519,8355,37452,443,1786,191,2166,29,685,182,29
"1434","2020-04-01",431,17,291,1713,7293,0.54284930755519,8355,37452,443,1786,209,2375,22,707,203,22
"1435","2020-04-02",453,17,287,1723,7293,0.54284930755519,8355,37452,443,1786,160,2535,14,721,150,14
"1436","2020-04-03",551,17,310,1735,7293,0.54284930755519,8355,37452,443,1786,199,2734,37,758,181,37
"1437","2020-04-04",570,17,298,1767,7293,0.54284930755519,8355,37452,443,1786,206,2940,40,798,195,40
"1438","2020-04-05",574,17,287,1763,7293,0.54284930755519,8355,37452,443,1786,174,3114,35,833,165,35
"1439","2020-04-06",594,17,264,1757,7293,0.54284930755519,8355,37452,443,1786,274,3388,36,869,266,36
"1440","2020-04-07",584,17,235,1747,7293,0.54284930755519,8355,37452,443,1786,175,3563,26,895,162,26
"1441","2020-04-08",588,17,224,1733,7293,0.54284930755519,8355,37452,443,1786,181,3744,23,918,173,23
"1442","2020-04-09",598,17,207,1700,7293,0.54284930755519,8355,37452,443,1786,162,3906,19,937,149,19
"1443","2020-04-10",603,17,202,1717,7293,0.54284930755519,8355,37452,443,1786,175,4081,21,958,167,21
"1444","2020-04-11",573,17,198,1680,7293,0.54284930755519,8355,37452,443,1786,168,4249,40,998,164,40
"1445","2020-04-12",528,17,189,1679,7293,0.54284930755519,8355,37452,443,1786,153,4402,39,1037,149,39
"1446","2020-04-13",503,17,182,1626,7293,0.54284930755519,8355,37452,443,1786,137,4539,28,1065,125,28
"1447","2020-04-14",505,17,182,1601,7293,0.54284930755519,8355,37452,443,1786,149,4688,12,1077,140,12
"1448","2020-04-15",505,17,214,1554,7293,0.54284930755519,8355,37452,443,1786,148,4836,17,1094,141,17
"1449","2020-04-16",510,17,214,1508,7293,0.54284930755519,8355,37452,443,1786,124,4960,13,1107,115,13
"1450","2020-04-17",522,17,201,1457,7293,0.54284930755519,8355,37452,443,1786,95,5055,18,1125,91,18
"1451","2020-04-18",541,17,198,1395,7293,0.54284930755519,8355,37452,443,1786,112,5167,14,1139,100,14
"1452","2020-04-19",503,17,196,1325,7293,0.54284930755519,8355,37452,443,1786,93,5260,8,1147,87,8
"1453","2020-04-20",511,17,206,1240,7293,0.54284930755519,8355,37452,443,1786,89,5349,7,1154,86,7
"1454","2020-04-21",472,17,207,1174,7293,0.54284930755519,8355,37452,443,1786,66,5415,61,1215,57,61
"1455","2020-04-22",455,17,204,1117,7293,0.54284930755519,8355,37452,443,1786,62,5477,67,1282,54,67
"1456","2020-04-23",418,17,196,1069,7293,0.54284930755519,8355,37452,443,1786,84,5561,37,1319,73,37
"1457","2020-04-24",404,17,214,995,7293,0.54284930755519,8355,37452,443,1786,55,5616,23,1342,51,23
"1458","2020-04-25",391,17,260,949,7293,0.54284930755519,8355,37452,443,1786,58,5674,16,1358,50,16
"1459","2020-04-26",334,17,249,891,7293,0.54284930755519,8355,37452,443,1786,56,5730,13,1371,50,13
"1460","2020-04-27",307,17,272,862,7293,0.54284930755519,8355,37452,443,1786,56,5786,8,1379,50,8
"1461","2020-04-28",299,17,260,848,7293,0.54284930755519,8355,37452,443,1786,43,5829,27,1406,39,27
"1462","2020-04-29",282,17,246,814,7293,0.54284930755519,8355,37452,443,1786,38,5867,72,1478,35,72
"1463","2020-04-30",285,17,234,760,7293,0.54284930755519,8355,37452,443,1786,41,5908,77,1555,39,77
"1464","2020-05-01",271,17,227,730,7293,0.54284930755519,8355,37452,443,1786,30,5938,32,1587,24,32
"1465","2020-05-02",249,17,240,709,7293,0.54284930755519,8355,37452,443,1786,26,5964,22,1609,24,22
"1466","2020-05-03",244,17,233,682,7293,0.54284930755519,8355,37452,443,1786,31,5995,11,1620,26,11
"1467","2020-05-04",233,17,221,651,7293,0.54284930755519,8355,37452,443,1786,29,6024,48,1668,22,48
"1468","2020-05-05",226,17,204,640,7293,0.54284930755519,8355,37452,443,1786,29,6053,22,1690,24,22
"1469","2020-05-06",217,17,187,627,7293,0.54284930755519,8355,37452,443,1786,29,6082,40,1730,22,40
"1470","2020-05-07",198,17,196,599,7293,0.54284930755519,8355,37452,443,1786,30,6112,29,1759,23,29
"1471","2020-05-08",194,17,209,572,7293,0.54284930755519,8355,37452,443,1786,16,6128,38,1797,11,38
"1472","2020-05-09",192,17,213,550,7293,0.54284930755519,8355,37452,443,1786,12,6140,21,1818,8,21
"1473","2020-05-10",178,17,202,523,7293,0.54284930755519,8355,37452,443,1786,20,6160,17,1835,15,17
"1474","2020-05-11",174,17,203,506,7293,0.54284930755519,8355,37452,443,1786,20,6180,16,1851,18,16
"1475","2020-05-12",164,17,247,487,7293,0.54284930755519,8355,37452,443,1786,6,6186,15,1866,5,15
"1476","2020-05-13",167,17,274,475,7293,0.54284930755519,8355,37452,443,1786,21,6207,14,1880,18,14
"1477","2020-05-14",166,17,263,448,7293,0.54284930755519,8355,37452,443,1786,12,6219,19,1899,10,19
"1478","2020-05-15",155,17,242,443,7293,0.54284930755519,8355,37452,443,1786,10,6229,18,1917,5,18
"1479","2020-05-16",152,17,265,433,7293,0.54284930755519,8355,37452,443,1786,11,6240,12,1929,7,12
"1480","2020-05-17",149,17,255,409,7293,0.54284930755519,8355,37452,443,1786,10,6250,11,1940,7,11
"1481","2020-05-18",146,17,302,389,7293,0.54284930755519,8355,37452,443,1786,14,6264,12,1952,9,12
"1482","2020-05-19",140,17,320,370,7293,0.54284930755519,8355,37452,443,1786,8,6272,17,1969,5,17
"1483","2020-05-20",131,17,286,347,7293,0.54284930755519,8355,37452,443,1786,19,6291,11,1980,13,11
"1484","2020-05-21",123,17,279,314,7293,0.54284930755519,8355,37452,443,1786,12,6303,10,1990,8,10
"1485","2020-05-22",108,17,296,305,7293,0.54284930755519,8355,37452,443,1786,12,6315,55,2045,11,55
"1486","2020-05-23",96,17,290,291,7293,0.54284930755519,8355,37452,443,1786,8,6323,35,2080,6,35
"1487","2020-05-24",91,17,300,260,7293,0.54284930755519,8355,37452,443,1786,10,6333,27,2107,8,27
"1488","2020-05-25",87,17,277,245,7293,0.54284930755519,8355,37452,443,1786,15,6348,33,2140,12,33
"1489","2020-05-26",78,17,270,231,7293,0.54284930755519,8355,37452,443,1786,8,6356,25,2165,6,25
"1490","2020-05-27",71,17,234,219,7293,0.54284930755519,8355,37452,443,1786,13,6369,35,2200,11,35
"1491","2020-05-28",68,17,239,204,7293,0.54284930755519,8355,37452,443,1786,12,6381,25,2225,8,25
"1492","2020-05-29",75,17,210,185,7293,0.54284930755519,8355,37452,443,1786,3,6384,47,2272,3,47
"1493","2020-05-30",73,17,190,169,7293,0.54284930755519,8355,37452,443,1786,18,6402,38,2310,13,38
"1494","2020-05-31",59,17,182,159,7293,0.54284930755519,8355,37452,443,1786,5,6407,40,2350,3,40
"1495","2020-06-01",51,17,216,154,7293,0.54284930755519,8355,37452,443,1786,11,6418,46,2396,8,46
"1496","2020-06-02",47,17,214,149,7293,0.54284930755519,8355,37452,443,1786,9,6427,25,2421,6,25
"1497","2020-06-03",50,17,211,134,7293,0.54284930755519,8355,37452,443,1786,8,6435,17,2438,7,17
"1498","2020-06-04",49,17,199,120,7293,0.54284930755519,8355,37452,443,1786,9,6444,17,2455,8,17
"1499","2020-06-05",39,17,189,118,7293,0.54284930755519,8355,37452,443,1786,9,6453,50,2505,9,50
"1500","2020-06-06",42,17,170,106,7293,0.54284930755519,8355,37452,443,1786,5,6458,27,2532,3,27
"1501","2020-06-07",44,17,161,101,7293,0.54284930755519,8355,37452,443,1786,8,6466,23,2555,7,23
"1502","2020-03-13",1,18,110,74,6668,0.740551889622076,8445,34507,398,2017,12,47,25,81,2,25
"1503","2020-03-14",2,18,184,112,6668,0.740551889622076,8445,34507,398,2017,26,73,14,95,14,14
"1504","2020-03-15",9,18,245,151,6668,0.740551889622076,8445,34507,398,2017,31,104,8,103,11,8
"1505","2020-03-16",14,18,255,200,6668,0.740551889622076,8445,34507,398,2017,33,137,7,110,19,7
"1506","2020-03-17",16,18,301,253,6668,0.740551889622076,8445,34507,398,2017,46,183,7,117,28,7
"1507","2020-03-18",29,18,301,318,6668,0.740551889622076,8445,34507,398,2017,42,225,7,124,31,7
"1508","2020-03-19",39,18,263,393,6668,0.740551889622076,8445,34507,398,2017,49,274,2,126,37,2
"1509","2020-03-20",62,18,244,465,6668,0.740551889622076,8445,34507,398,2017,54,328,5,131,39,5
"1510","2020-03-21",82,18,233,562,6668,0.740551889622076,8445,34507,398,2017,63,391,8,139,47,8
"1511","2020-03-22",127,18,242,631,6668,0.740551889622076,8445,34507,398,2017,57,448,10,149,41,10
"1512","2020-03-23",143,18,238,699,6668,0.740551889622076,8445,34507,398,2017,87,535,6,155,65,6
"1513","2020-03-24",139,18,210,792,6668,0.740551889622076,8445,34507,398,2017,99,634,9,164,90,9
"1514","2020-03-25",156,18,201,898,6668,0.740551889622076,8445,34507,398,2017,76,710,5,169,65,5
"1515","2020-03-26",182,18,202,1008,6668,0.740551889622076,8445,34507,398,2017,93,803,4,173,82,4
"1516","2020-03-27",276,18,205,1101,6668,0.740551889622076,8445,34507,398,2017,120,923,9,182,99,9
"1517","2020-03-28",350,18,255,1183,6668,0.740551889622076,8445,34507,398,2017,127,1050,11,193,114,11
"1518","2020-03-29",350,18,255,1260,6668,0.740551889622076,8445,34507,398,2017,120,1170,39,232,103,39
"1519","2020-03-30",353,18,294,1322,6668,0.740551889622076,8445,34507,398,2017,156,1326,32,264,141,32
"1520","2020-03-31",371,18,333,1414,6668,0.740551889622076,8445,34507,398,2017,158,1484,17,281,147,17
"1521","2020-04-01",382,18,292,1507,6668,0.740551889622076,8445,34507,398,2017,139,1623,60,341,125,60
"1522","2020-04-02",408,18,258,1583,6668,0.740551889622076,8445,34507,398,2017,173,1796,60,401,158,60
"1523","2020-04-03",542,18,228,1671,6668,0.740551889622076,8445,34507,398,2017,212,2008,19,420,194,19
"1524","2020-04-04",537,18,211,1709,6668,0.740551889622076,8445,34507,398,2017,161,2169,14,434,142,14
"1525","2020-04-05",502,18,204,1792,6668,0.740551889622076,8445,34507,398,2017,179,2348,6,440,167,6
"1526","2020-04-06",523,18,179,1836,6668,0.740551889622076,8445,34507,398,2017,174,2522,41,481,164,41
"1527","2020-04-07",530,18,199,1833,6668,0.740551889622076,8445,34507,398,2017,219,2741,45,526,205,45
"1528","2020-04-08",555,18,216,1838,6668,0.740551889622076,8445,34507,398,2017,195,2936,21,547,182,21
"1529","2020-04-09",553,18,229,1816,6668,0.740551889622076,8445,34507,398,2017,238,3174,20,567,219,20
"1530","2020-04-10",611,18,207,1856,6668,0.740551889622076,8445,34507,398,2017,160,3334,16,583,153,16
"1531","2020-04-11",633,18,206,1812,6668,0.740551889622076,8445,34507,398,2017,215,3549,22,605,193,22
"1532","2020-04-12",603,18,208,1805,6668,0.740551889622076,8445,34507,398,2017,156,3705,15,620,146,15
"1533","2020-04-13",574,18,197,1744,6668,0.740551889622076,8445,34507,398,2017,179,3884,43,663,169,43
"1534","2020-04-14",582,18,193,1727,6668,0.740551889622076,8445,34507,398,2017,176,4060,23,686,164,23
"1535","2020-04-15",585,18,203,1671,6668,0.740551889622076,8445,34507,398,2017,165,4225,17,703,151,17
"1536","2020-04-16",601,18,219,1628,6668,0.740551889622076,8445,34507,398,2017,165,4390,27,730,150,27
"1537","2020-04-17",610,18,215,1578,6668,0.740551889622076,8445,34507,398,2017,154,4544,31,761,142,31
"1538","2020-04-18",580,18,196,1532,6668,0.740551889622076,8445,34507,398,2017,126,4670,47,808,112,47
"1539","2020-04-19",508,18,197,1445,6668,0.740551889622076,8445,34507,398,2017,160,4830,31,839,151,31
"1540","2020-04-20",504,18,194,1408,6668,0.740551889622076,8445,34507,398,2017,108,4938,19,858,100,19
"1541","2020-04-21",479,18,201,1324,6668,0.740551889622076,8445,34507,398,2017,119,5057,14,872,113,14
"1542","2020-04-22",450,18,200,1268,6668,0.740551889622076,8445,34507,398,2017,102,5159,25,897,97,25
"1543","2020-04-23",418,18,216,1213,6668,0.740551889622076,8445,34507,398,2017,93,5252,57,954,87,57
"1544","2020-04-24",393,18,258,1153,6668,0.740551889622076,8445,34507,398,2017,81,5333,49,1003,73,49
"1545","2020-04-25",388,18,241,1083,6668,0.740551889622076,8445,34507,398,2017,82,5415,29,1032,69,29
"1546","2020-04-26",377,18,242,1024,6668,0.740551889622076,8445,34507,398,2017,76,5491,24,1056,64,24
"1547","2020-04-27",364,18,225,947,6668,0.740551889622076,8445,34507,398,2017,56,5547,41,1097,49,41
"1548","2020-04-28",347,18,216,883,6668,0.740551889622076,8445,34507,398,2017,53,5600,46,1143,44,46
"1549","2020-04-29",331,18,246,825,6668,0.740551889622076,8445,34507,398,2017,43,5643,50,1193,39,50
"1550","2020-04-30",317,18,251,798,6668,0.740551889622076,8445,34507,398,2017,45,5688,48,1241,41,48
"1551","2020-05-01",286,18,258,753,6668,0.740551889622076,8445,34507,398,2017,41,5729,28,1269,37,28
"1552","2020-05-02",281,18,262,694,6668,0.740551889622076,8445,34507,398,2017,47,5776,8,1277,35,8
"1553","2020-05-03",249,18,244,664,6668,0.740551889622076,8445,34507,398,2017,31,5807,17,1294,23,17
"1554","2020-05-04",226,18,257,613,6668,0.740551889622076,8445,34507,398,2017,50,5857,12,1306,42,12
"1555","2020-05-05",224,18,232,570,6668,0.740551889622076,8445,34507,398,2017,23,5880,9,1315,21,9
"1556","2020-05-06",225,18,270,530,6668,0.740551889622076,8445,34507,398,2017,29,5909,14,1329,23,14
"1557","2020-05-07",217,18,276,499,6668,0.740551889622076,8445,34507,398,2017,26,5935,8,1337,23,8
"1558","2020-05-08",212,18,268,467,6668,0.740551889622076,8445,34507,398,2017,31,5966,15,1352,22,15
"1559","2020-05-09",193,18,246,445,6668,0.740551889622076,8445,34507,398,2017,28,5994,14,1366,20,14
"1560","2020-05-10",162,18,226,429,6668,0.740551889622076,8445,34507,398,2017,27,6021,14,1380,22,14
"1561","2020-05-11",167,18,206,410,6668,0.740551889622076,8445,34507,398,2017,18,6039,12,1392,11,12
"1562","2020-05-12",152,18,189,391,6668,0.740551889622076,8445,34507,398,2017,16,6055,21,1413,9,21
"1563","2020-05-13",133,18,177,355,6668,0.740551889622076,8445,34507,398,2017,32,6087,27,1440,26,27
"1564","2020-05-14",125,18,169,334,6668,0.740551889622076,8445,34507,398,2017,12,6099,40,1480,9,40
"1565","2020-05-15",105,18,192,328,6668,0.740551889622076,8445,34507,398,2017,19,6118,39,1519,17,39
"1566","2020-05-16",104,18,233,317,6668,0.740551889622076,8445,34507,398,2017,12,6130,20,1539,11,20
"1567","2020-05-17",112,18,240,291,6668,0.740551889622076,8445,34507,398,2017,14,6144,47,1586,8,47
"1568","2020-05-18",101,18,229,263,6668,0.740551889622076,8445,34507,398,2017,8,6152,24,1610,4,24
"1569","2020-05-19",95,18,208,259,6668,0.740551889622076,8445,34507,398,2017,5,6157,19,1629,3,19
"1570","2020-05-20",101,18,197,253,6668,0.740551889622076,8445,34507,398,2017,11,6168,13,1642,6,13
"1571","2020-05-21",96,18,217,240,6668,0.740551889622076,8445,34507,398,2017,15,6183,13,1655,12,13
"1572","2020-05-22",97,18,205,233,6668,0.740551889622076,8445,34507,398,2017,12,6195,39,1694,6,39
"1573","2020-05-23",97,18,179,216,6668,0.740551889622076,8445,34507,398,2017,7,6202,26,1720,3,26
"1574","2020-05-24",76,18,163,207,6668,0.740551889622076,8445,34507,398,2017,11,6213,38,1758,7,38
"1575","2020-05-25",71,18,173,197,6668,0.740551889622076,8445,34507,398,2017,9,6222,24,1782,4,24
"1576","2020-05-26",67,18,173,187,6668,0.740551889622076,8445,34507,398,2017,9,6231,21,1803,6,21
"1577","2020-05-27",61,18,173,186,6668,0.740551889622076,8445,34507,398,2017,8,6239,17,1820,3,17
"1578","2020-05-28",63,18,190,164,6668,0.740551889622076,8445,34507,398,2017,11,6250,19,1839,5,19
"1579","2020-05-29",64,18,183,157,6668,0.740551889622076,8445,34507,398,2017,5,6255,17,1856,1,17
"1580","2020-05-30",63,18,173,149,6668,0.740551889622076,8445,34507,398,2017,9,6264,25,1881,5,25
"1581","2020-05-31",56,18,161,145,6668,0.740551889622076,8445,34507,398,2017,4,6268,39,1920,2,39
"1582","2020-06-01",57,18,193,141,6668,0.740551889622076,8445,34507,398,2017,6,6274,22,1942,4,22
"1583","2020-06-02",50,18,203,130,6668,0.740551889622076,8445,34507,398,2017,5,6279,10,1952,1,10
"1584","2020-06-03",50,18,194,129,6668,0.740551889622076,8445,34507,398,2017,5,6284,11,1963,2,11
"1585","2020-06-04",42,18,218,123,6668,0.740551889622076,8445,34507,398,2017,1,6285,11,1974,1,11
"1586","2020-06-05",38,18,205,114,6668,0.740551889622076,8445,34507,398,2017,6,6291,34,2008,4,34
"1587","2020-06-06",42,18,225,112,6668,0.740551889622076,8445,34507,398,2017,8,6299,36,2044,4,36
"1588","2020-06-07",44,18,212,118,6668,0.740551889622076,8445,34507,398,2017,5,6304,51,2095,3,51
"1589","2020-03-12",1,19,75,83,6526,0.427673919705792,8160,35419,381,966,62,127,35,64,3,35
"1590","2020-03-13",2,19,83,131,6526,0.427673919705792,8160,35419,381,966,78,205,64,128,15,64
"1591","2020-03-14",11,19,86,181,6526,0.427673919705792,8160,35419,381,966,101,306,53,181,41,53
"1592","2020-03-15",18,19,80,242,6526,0.427673919705792,8160,35419,381,966,77,383,70,251,30,70
"1593","2020-03-16",28,19,116,294,6526,0.427673919705792,8160,35419,381,966,111,494,47,298,63,47
"1594","2020-03-17",36,19,138,362,6526,0.427673919705792,8160,35419,381,966,113,607,56,354,48,56
"1595","2020-03-18",49,19,167,428,6526,0.427673919705792,8160,35419,381,966,164,771,21,375,106,21
"1596","2020-03-19",69,19,177,501,6526,0.427673919705792,8160,35419,381,966,164,935,29,404,103,29
"1597","2020-03-20",94,19,188,573,6526,0.427673919705792,8160,35419,381,966,169,1104,31,435,119,31
"1598","2020-03-21",160,19,190,649,6526,0.427673919705792,8160,35419,381,966,181,1285,31,466,122,31
"1599","2020-03-22",177,19,186,712,6526,0.427673919705792,8160,35419,381,966,163,1448,31,497,119,31
"1600","2020-03-23",179,19,189,769,6526,0.427673919705792,8160,35419,381,966,202,1650,53,550,154,53
"1601","2020-03-24",206,19,185,840,6526,0.427673919705792,8160,35419,381,966,242,1892,25,575,193,25
"1602","2020-03-25",221,19,206,931,6526,0.427673919705792,8160,35419,381,966,205,2097,25,600,174,25
"1603","2020-03-26",242,19,199,1000,6526,0.427673919705792,8160,35419,381,966,228,2325,48,648,191,48
"1604","2020-03-27",344,19,199,1055,6526,0.427673919705792,8160,35419,381,966,205,2530,30,678,163,31
"1605","2020-03-28",362,19,190,1092,6526,0.427673919705792,8160,35419,381,966,217,2747,47,725,175,47
"1606","2020-03-29",359,19,182,1156,6526,0.427673919705792,8160,35419,381,966,214,2961,25,750,181,25
"1607","2020-03-30",363,19,153,1225,6526,0.427673919705792,8160,35419,381,966,246,3207,28,778,203,28
"1608","2020-03-31",363,19,196,1255,6526,0.427673919705792,8160,35419,381,966,192,3399,22,800,152,22
"1609","2020-04-01",386,19,247,1275,6526,0.427673919705792,8160,35419,381,966,202,3601,17,817,162,17
"1610","2020-04-02",400,19,293,1292,6526,0.427673919705792,8160,35419,381,966,247,3848,41,858,207,41
"1611","2020-04-03",444,19,259,1304,6526,0.427673919705792,8160,35419,381,966,189,4037,29,887,156,29
"1612","2020-04-04",461,19,216,1332,6526,0.427673919705792,8160,35419,381,966,179,4216,16,903,149,16
"1613","2020-04-05",450,19,192,1341,6526,0.427673919705792,8160,35419,381,966,206,4422,11,914,176,11
"1614","2020-04-06",439,19,165,1333,6526,0.427673919705792,8160,35419,381,966,153,4575,15,929,121,15
"1615","2020-04-07",450,19,158,1355,6526,0.427673919705792,8160,35419,381,966,168,4743,21,950,132,21
"1616","2020-04-08",445,19,152,1343,6526,0.427673919705792,8160,35419,381,966,170,4913,51,1001,140,51
"1617","2020-04-09",427,19,165,1309,6526,0.427673919705792,8160,35419,381,966,103,5016,56,1057,80,56
"1618","2020-04-10",466,19,199,1300,6526,0.427673919705792,8160,35419,381,966,129,5145,27,1084,101,27
"1619","2020-04-11",437,19,217,1299,6526,0.427673919705792,8160,35419,381,966,104,5249,25,1109,76,25
"1620","2020-04-12",408,19,217,1263,6526,0.427673919705792,8160,35419,381,966,108,5357,33,1142,78,33
"1621","2020-04-13",400,19,212,1269,6526,0.427673919705792,8160,35419,381,966,102,5459,47,1189,66,47
"1622","2020-04-14",384,19,258,1247,6526,0.427673919705792,8160,35419,381,966,92,5551,20,1209,52,20
"1623","2020-04-15",380,19,303,1233,6526,0.427673919705792,8160,35419,381,966,66,5617,19,1228,39,19
"1624","2020-04-16",381,19,293,1200,6526,0.427673919705792,8160,35419,381,966,70,5687,12,1240,39,12
"1625","2020-04-17",378,19,254,1176,6526,0.427673919705792,8160,35419,381,966,63,5750,17,1257,40,17
"1626","2020-04-18",367,19,217,1144,6526,0.427673919705792,8160,35419,381,966,71,5821,46,1303,42,46
"1627","2020-04-19",337,19,212,1136,6526,0.427673919705792,8160,35419,381,966,62,5883,80,1383,40,80
"1628","2020-04-20",333,19,187,1095,6526,0.427673919705792,8160,35419,381,966,56,5939,46,1429,34,46
"1629","2020-04-21",334,19,180,1080,6526,0.427673919705792,8160,35419,381,966,50,5989,43,1472,30,43
"1630","2020-04-22",328,19,190,1047,6526,0.427673919705792,8160,35419,381,966,58,6047,15,1487,26,15
"1631","2020-04-23",322,19,215,1030,6526,0.427673919705792,8160,35419,381,966,52,6099,18,1505,28,18
"1632","2020-04-24",327,19,222,1000,6526,0.427673919705792,8160,35419,381,966,48,6147,55,1560,30,55
"1633","2020-04-25",328,19,213,969,6526,0.427673919705792,8160,35419,381,966,29,6176,28,1588,15,28
"1634","2020-04-26",318,19,210,961,6526,0.427673919705792,8160,35419,381,966,40,6216,43,1631,26,43
"1635","2020-04-27",315,19,201,945,6526,0.427673919705792,8160,35419,381,966,61,6277,16,1647,35,16
"1636","2020-04-28",300,19,198,928,6526,0.427673919705792,8160,35419,381,966,31,6308,14,1661,14,14
"1637","2020-04-29",295,19,191,902,6526,0.427673919705792,8160,35419,381,966,32,6340,21,1682,15,21
"1638","2020-04-30",304,19,185,886,6526,0.427673919705792,8160,35419,381,966,27,6367,21,1703,8,21
"1639","2020-05-01",300,19,191,856,6526,0.427673919705792,8160,35419,381,966,31,6398,47,1750,15,47
"1640","2020-05-02",300,19,183,838,6526,0.427673919705792,8160,35419,381,966,25,6423,40,1790,15,40
"1641","2020-05-03",269,19,215,819,6526,0.427673919705792,8160,35419,381,966,24,6447,19,1809,11,19
"1642","2020-05-04",263,19,216,799,6526,0.427673919705792,8160,35419,381,966,32,6479,27,1836,11,27
"1643","2020-05-05",258,19,212,760,6526,0.427673919705792,8160,35419,381,966,26,6505,19,1855,6,19
"1644","2020-05-06",256,19,202,741,6526,0.427673919705792,8160,35419,381,966,28,6533,31,1886,11,31
"1645","2020-05-07",239,19,235,715,6526,0.427673919705792,8160,35419,381,966,23,6556,33,1919,13,33
"1646","2020-05-08",232,19,238,694,6526,0.427673919705792,8160,35419,381,966,20,6576,30,1949,3,30
"1647","2020-05-09",257,19,239,683,6526,0.427673919705792,8160,35419,381,966,19,6595,43,1992,9,43
"1648","2020-05-10",240,19,238,635,6526,0.427673919705792,8160,35419,381,966,26,6621,85,2077,10,85
"1649","2020-05-11",230,19,275,611,6526,0.427673919705792,8160,35419,381,966,24,6645,75,2152,11,75
"1650","2020-05-12",223,19,267,584,6526,0.427673919705792,8160,35419,381,966,21,6666,22,2174,12,22
"1651","2020-05-13",210,19,238,546,6526,0.427673919705792,8160,35419,381,966,16,6682,18,2192,4,18
"1652","2020-05-14",207,19,216,528,6526,0.427673919705792,8160,35419,381,966,24,6706,14,2206,6,14
"1653","2020-05-15",204,19,199,506,6526,0.427673919705792,8160,35419,381,966,13,6719,78,2284,7,78
"1654","2020-05-16",181,19,184,483,6526,0.427673919705792,8160,35419,381,966,24,6743,67,2351,9,67
"1655","2020-05-17",159,19,191,467,6526,0.427673919705792,8160,35419,381,966,14,6757,39,2390,8,39
"1656","2020-05-18",147,19,180,432,6526,0.427673919705792,8160,35419,381,966,17,6774,15,2405,7,15
"1657","2020-05-19",134,19,175,406,6526,0.427673919705792,8160,35419,381,966,15,6789,21,2426,3,21
"1658","2020-05-20",125,19,160,372,6526,0.427673919705792,8160,35419,381,966,7,6796,22,2448,3,22
"1659","2020-05-21",119,19,155,352,6526,0.427673919705792,8160,35419,381,966,20,6816,12,2460,9,12
"1660","2020-05-22",121,19,158,340,6526,0.427673919705792,8160,35419,381,966,12,6828,12,2472,2,12
"1661","2020-05-23",107,19,196,342,6526,0.427673919705792,8160,35419,381,966,20,6848,11,2483,7,11
"1662","2020-05-24",111,19,203,331,6526,0.427673919705792,8160,35419,381,966,10,6858,42,2525,3,42
"1663","2020-05-25",103,19,199,315,6526,0.427673919705792,8160,35419,381,966,15,6873,51,2576,7,51
"1664","2020-05-26",103,19,189,302,6526,0.427673919705792,8160,35419,381,966,7,6880,33,2609,3,33
"1665","2020-05-27",107,19,178,293,6526,0.427673919705792,8160,35419,381,966,13,6893,13,2622,1,13
"1666","2020-05-28",96,19,180,271,6526,0.427673919705792,8160,35419,381,966,5,6898,24,2646,1,24
"1667","2020-05-29",97,19,192,251,6526,0.427673919705792,8160,35419,381,966,10,6908,18,2664,4,18
"1668","2020-05-30",104,19,220,252,6526,0.427673919705792,8160,35419,381,966,12,6920,13,2677,4,13
"1669","2020-05-31",86,19,240,247,6526,0.427673919705792,8160,35419,381,966,9,6929,10,2687,3,10
"1670","2020-06-01",87,19,238,236,6526,0.427673919705792,8160,35419,381,966,11,6940,14,2701,2,14
"1671","2020-06-02",83,19,261,225,6526,0.427673919705792,8160,35419,381,966,6,6946,18,2719,1,18
"1672","2020-06-03",87,19,249,218,6526,0.427673919705792,8160,35419,381,966,9,6955,25,2744,2,25
"1673","2020-06-04",89,19,233,213,6526,0.427673919705792,8160,35419,381,966,3,6958,31,2775,NA,31
"1674","2020-06-05",74,19,196,209,6526,0.427673919705792,8160,35419,381,966,5,6963,29,2804,3,29
"1675","2020-06-06",74,19,181,201,6526,0.427673919705792,8160,35419,381,966,6,6969,22,2826,3,22
"1676","2020-06-07",77,19,176,191,6526,0.427673919705792,8160,35419,381,966,8,6977,21,2847,4,21
"1677","2020-03-13",1,20,181,52,6278,0.876871615164065,8445,33640,438,2146,26,67,27,79,6,27
"1678","2020-03-14",4,20,242,81,6278,0.876871615164065,8445,33640,438,2146,26,93,21,100,12,21
"1679","2020-03-15",6,20,273,131,6278,0.876871615164065,8445,33640,438,2146,31,124,14,114,15,14
"1680","2020-03-16",7,20,251,184,6278,0.876871615164065,8445,33640,438,2146,41,165,41,155,21,41
"1681","2020-03-17",10,20,219,238,6278,0.876871615164065,8445,33640,438,2146,44,209,29,184,24,29
"1682","2020-03-18",20,20,213,281,6278,0.876871615164065,8445,33640,438,2146,54,263,28,212,34,28
"1683","2020-03-19",31,20,205,332,6278,0.876871615164065,8445,33640,438,2146,59,322,39,251,38,39
"1684","2020-03-20",47,20,199,388,6278,0.876871615164065,8445,33640,438,2146,62,384,40,291,44,40
"1685","2020-03-21",93,20,178,462,6278,0.876871615164065,8445,33640,438,2146,91,475,41,332,65,41
"1686","2020-03-22",118,20,167,530,6278,0.876871615164065,8445,33640,438,2146,72,547,41,373,54,41
"1687","2020-03-23",126,20,150,612,6278,0.876871615164065,8445,33640,438,2146,109,656,32,405,88,32
"1688","2020-03-24",143,20,139,667,6278,0.876871615164065,8445,33640,438,2146,122,778,41,446,108,41
"1689","2020-03-25",161,20,140,739,6278,0.876871615164065,8445,33640,438,2146,120,898,35,481,104,35
"1690","2020-03-26",173,20,175,790,6278,0.876871615164065,8445,33640,438,2146,147,1045,41,522,123,41
"1691","2020-03-27",238,20,191,880,6278,0.876871615164065,8445,33640,438,2146,117,1162,42,564,97,42
"1692","2020-03-28",275,20,172,945,6278,0.876871615164065,8445,33640,438,2146,151,1313,40,604,125,40
"1693","2020-03-29",293,20,183,1000,6278,0.876871615164065,8445,33640,438,2146,146,1459,52,656,126,52
"1694","2020-03-30",287,20,203,1078,6278,0.876871615164065,8445,33640,438,2146,187,1646,55,711,167,55
"1695","2020-03-31",299,20,286,1166,6278,0.876871615164065,8445,33640,438,2146,172,1818,50,761,153,50
"1696","2020-04-01",315,20,301,1233,6278,0.876871615164065,8445,33640,438,2146,222,2040,43,804,193,43
"1697","2020-04-02",328,20,302,1305,6278,0.876871615164065,8445,33640,438,2146,167,2207,62,866,156,62
"1698","2020-04-03",411,20,270,1382,6278,0.876871615164065,8445,33640,438,2146,194,2401,40,906,177,40
"1699","2020-04-04",423,20,258,1494,6278,0.876871615164065,8445,33640,438,2146,142,2543,56,962,125,56
"1700","2020-04-05",419,20,234,1591,6278,0.876871615164065,8445,33640,438,2146,184,2727,54,1016,165,54
"1701","2020-04-06",443,20,243,1637,6278,0.876871615164065,8445,33640,438,2146,189,2916,41,1057,170,41
"1702","2020-04-07",453,20,256,1671,6278,0.876871615164065,8445,33640,438,2146,216,3132,50,1107,191,50
"1703","2020-04-08",469,20,250,1716,6278,0.876871615164065,8445,33640,438,2146,254,3386,32,1139,234,32
"1704","2020-04-09",495,20,245,1737,6278,0.876871615164065,8445,33640,438,2146,140,3526,32,1171,121,32
"1705","2020-04-10",599,20,221,1754,6278,0.876871615164065,8445,33640,438,2146,210,3736,30,1201,188,30
"1706","2020-04-11",597,20,224,1774,6278,0.876871615164065,8445,33640,438,2146,180,3916,28,1229,161,28
"1707","2020-04-12",567,20,220,1747,6278,0.876871615164065,8445,33640,438,2146,153,4069,63,1292,136,63
"1708","2020-04-13",580,20,209,1771,6278,0.876871615164065,8445,33640,438,2146,187,4256,57,1349,170,57
"1709","2020-04-14",571,20,196,1734,6278,0.876871615164065,8445,33640,438,2146,166,4422,39,1388,147,39
"1710","2020-04-15",584,20,187,1682,6278,0.876871615164065,8445,33640,438,2146,130,4552,53,1441,114,53
"1711","2020-04-16",588,20,167,1651,6278,0.876871615164065,8445,33640,438,2146,128,4680,44,1485,109,44
"1712","2020-04-17",595,20,160,1598,6278,0.876871615164065,8445,33640,438,2146,119,4799,42,1527,109,42
"1713","2020-04-18",579,20,146,1583,6278,0.876871615164065,8445,33640,438,2146,121,4920,38,1565,108,38
"1714","2020-04-19",555,20,243,1523,6278,0.876871615164065,8445,33640,438,2146,102,5022,52,1617,93,52
"1715","2020-04-20",543,20,272,1462,6278,0.876871615164065,8445,33640,438,2146,115,5137,39,1656,103,39
"1716","2020-04-21",535,20,249,1403,6278,0.876871615164065,8445,33640,438,2146,72,5209,29,1685,59,29
"1717","2020-04-22",505,20,222,1341,6278,0.876871615164065,8445,33640,438,2146,77,5286,49,1734,64,49
"1718","2020-04-23",503,20,200,1277,6278,0.876871615164065,8445,33640,438,2146,43,5329,38,1772,38,38
"1719","2020-04-24",473,20,202,1222,6278,0.876871615164065,8445,33640,438,2146,97,5426,20,1792,91,20
"1720","2020-04-25",450,20,181,1166,6278,0.876871615164065,8445,33640,438,2146,71,5497,27,1819,54,27
"1721","2020-04-26",392,20,177,1111,6278,0.876871615164065,8445,33640,438,2146,70,5567,21,1840,55,21
"1722","2020-04-27",367,20,167,1028,6278,0.876871615164065,8445,33640,438,2146,73,5640,33,1873,61,33
"1723","2020-04-28",350,20,196,972,6278,0.876871615164065,8445,33640,438,2146,63,5703,51,1924,51,51
"1724","2020-04-29",346,20,268,929,6278,0.876871615164065,8445,33640,438,2146,50,5753,23,1947,40,23
"1725","2020-04-30",312,20,286,882,6278,0.876871615164065,8445,33640,438,2146,46,5799,34,1981,33,34
"1726","2020-05-01",292,20,288,837,6278,0.876871615164065,8445,33640,438,2146,45,5844,40,2021,36,40
"1727","2020-05-02",298,20,323,763,6278,0.876871615164065,8445,33640,438,2146,42,5886,25,2046,30,25
"1728","2020-05-03",280,20,313,710,6278,0.876871615164065,8445,33640,438,2146,43,5929,48,2094,31,48
"1729","2020-05-04",266,20,302,683,6278,0.876871615164065,8445,33640,438,2146,32,5961,59,2153,26,59
"1730","2020-05-05",250,20,265,651,6278,0.876871615164065,8445,33640,438,2146,30,5991,55,2208,26,55
"1731","2020-05-06",231,20,224,598,6278,0.876871615164065,8445,33640,438,2146,41,6032,50,2258,26,50
"1732","2020-05-07",227,20,210,554,6278,0.876871615164065,8445,33640,438,2146,25,6057,28,2286,17,28
"1733","2020-05-08",223,20,212,524,6278,0.876871615164065,8445,33640,438,2146,21,6078,38,2324,14,38
"1734","2020-05-09",216,20,223,493,6278,0.876871615164065,8445,33640,438,2146,21,6099,36,2360,13,36
"1735","2020-05-10",191,20,228,436,6278,0.876871615164065,8445,33640,438,2146,21,6120,26,2386,16,26
"1736","2020-05-11",186,20,222,400,6278,0.876871615164065,8445,33640,438,2146,24,6144,47,2433,13,47
"1737","2020-05-12",168,20,239,373,6278,0.876871615164065,8445,33640,438,2146,16,6160,26,2459,11,26
"1738","2020-05-13",162,20,229,349,6278,0.876871615164065,8445,33640,438,2146,12,6172,50,2509,3,50
"1739","2020-05-14",144,20,210,337,6278,0.876871615164065,8445,33640,438,2146,20,6192,45,2554,9,45
"1740","2020-05-15",113,20,214,309,6278,0.876871615164065,8445,33640,438,2146,12,6204,63,2617,7,63
"1741","2020-05-16",106,20,233,286,6278,0.876871615164065,8445,33640,438,2146,19,6223,43,2660,10,43
"1742","2020-05-17",102,20,237,263,6278,0.876871615164065,8445,33640,438,2146,10,6233,59,2719,6,59
"1743","2020-05-18",90,20,236,241,6278,0.876871615164065,8445,33640,438,2146,13,6246,51,2770,6,51
"1744","2020-05-19",89,20,199,224,6278,0.876871615164065,8445,33640,438,2146,9,6255,57,2827,5,57
"1745","2020-05-20",80,20,208,220,6278,0.876871615164065,8445,33640,438,2146,9,6264,36,2863,4,36
"1746","2020-05-21",78,20,219,202,6278,0.876871615164065,8445,33640,438,2146,7,6271,24,2887,3,24
"1747","2020-05-22",77,20,210,192,6278,0.876871615164065,8445,33640,438,2146,11,6282,31,2918,4,31
"1748","2020-05-23",69,20,189,176,6278,0.876871615164065,8445,33640,438,2146,12,6294,55,2973,5,55
"1749","2020-05-24",60,20,186,167,6278,0.876871615164065,8445,33640,438,2146,12,6306,74,3047,6,74
"1750","2020-05-25",59,20,182,154,6278,0.876871615164065,8445,33640,438,2146,11,6317,87,3134,3,87
"1751","2020-05-26",61,20,221,151,6278,0.876871615164065,8445,33640,438,2146,5,6322,37,3171,4,37
"1752","2020-05-27",61,20,241,148,6278,0.876871615164065,8445,33640,438,2146,7,6329,46,3217,3,46
"1753","2020-05-28",61,20,281,136,6278,0.876871615164065,8445,33640,438,2146,11,6340,40,3257,1,40
"1754","2020-05-29",54,20,270,126,6278,0.876871615164065,8445,33640,438,2146,10,6350,39,3296,8,39
"1755","2020-05-30",57,20,249,116,6278,0.876871615164065,8445,33640,438,2146,8,6358,51,3347,4,51
"1756","2020-05-31",54,20,229,112,6278,0.876871615164065,8445,33640,438,2146,5,6363,25,3372,2,25
"1757","2020-06-01",50,20,204,105,6278,0.876871615164065,8445,33640,438,2146,6,6369,54,3426,3,54
"1758","2020-06-02",41,20,199,100,6278,0.876871615164065,8445,33640,438,2146,5,6374,23,3449,2,23
"1759","2020-06-03",38,20,188,99,6278,0.876871615164065,8445,33640,438,2146,3,6377,32,3481,NA,32
"1760","2020-06-04",37,20,169,102,6278,0.876871615164065,8445,33640,438,2146,7,6384,42,3523,5,42
"1761","2020-06-05",34,20,151,94,6278,0.876871615164065,8445,33640,438,2146,2,6386,42,3565,2,42
"1762","2020-06-06",32,20,153,88,6278,0.876871615164065,8445,33640,438,2146,3,6389,22,3587,NA,22
"1763","2020-06-07",31,20,166,87,6278,0.876871615164065,8445,33640,438,2146,2,6391,28,3615,NA,28
