"","Date","Absents","Paramset","Infections_or_Exposed_per_day_Patient","Infections_or_Exposed_per_day_HCW","total_infections","nosocomial_proportion","PCR_pooled","LFD_pooled","HCW_symp_test","patient_symp_test","new_hcw_infs","cumulative_hcw_infs","new_pat_infs","cumulative_pats_infs","new_nosocomial_hcw_infs","new_nosocomial_pat_infs"
"1","2020-03-13",9,1,154,245,8319,0.291982209400168,1995,9076,811,1004,89,245,50,114,10,50
"2","2020-03-14",10,1,154,338,8319,0.291982209400168,1995,9076,811,1004,93,338,26,140,22,26
"3","2020-03-15",50,1,193,429,8319,0.291982209400168,1995,9076,811,1004,92,430,53,193,20,53
"4","2020-03-16",64,1,212,563,8319,0.291982209400168,1995,9076,811,1004,134,564,49,242,33,49
"5","2020-03-17",72,1,220,675,8319,0.291982209400168,1995,9076,811,1004,114,678,39,281,47,39
"6","2020-03-18",95,1,212,783,8319,0.291982209400168,1995,9076,811,1004,124,802,31,312,41,31
"7","2020-03-19",125,1,246,883,8319,0.291982209400168,1995,9076,811,1004,120,922,67,379,54,67
"8","2020-03-20",199,1,234,989,8319,0.291982209400168,1995,9076,811,1004,142,1064,42,421,59,42
"9","2020-03-21",290,1,236,1103,8319,0.291982209400168,1995,9076,811,1004,145,1209,36,457,61,36
"10","2020-03-22",286,1,248,1199,8319,0.291982209400168,1995,9076,811,1004,141,1350,50,507,66,50
"11","2020-03-23",294,1,251,1289,8319,0.291982209400168,1995,9076,811,1004,150,1500,58,565,49,58
"12","2020-03-24",325,1,254,1352,8319,0.291982209400168,1995,9076,811,1004,143,1643,42,607,71,42
"13","2020-03-25",350,1,261,1440,8319,0.291982209400168,1995,9076,811,1004,168,1811,47,654,91,47
"14","2020-03-26",381,1,270,1478,8319,0.291982209400168,1995,9076,811,1004,143,1954,50,704,76,50
"15","2020-03-27",496,1,292,1544,8319,0.291982209400168,1995,9076,811,1004,155,2109,56,760,72,56
"16","2020-03-28",503,1,292,1586,8319,0.291982209400168,1995,9076,811,1004,153,2262,59,819,70,59
"17","2020-03-29",507,1,280,1627,8319,0.291982209400168,1995,9076,811,1004,147,2409,38,857,81,38
"18","2020-03-30",522,1,249,1634,8319,0.291982209400168,1995,9076,811,1004,128,2537,31,888,52,31
"19","2020-03-31",525,1,234,1639,8319,0.291982209400168,1995,9076,811,1004,128,2665,24,912,47,24
"20","2020-04-01",526,1,215,1659,8319,0.291982209400168,1995,9076,811,1004,148,2813,17,929,61,17
"21","2020-04-02",522,1,207,1640,8319,0.291982209400168,1995,9076,811,1004,124,2937,35,964,53,35
"22","2020-04-03",579,1,217,1657,8319,0.291982209400168,1995,9076,811,1004,138,3075,42,1006,62,42
"23","2020-04-04",579,1,220,1641,8319,0.291982209400168,1995,9076,811,1004,138,3213,45,1051,57,45
"24","2020-04-05",532,1,214,1627,8319,0.291982209400168,1995,9076,811,1004,136,3349,41,1092,53,41
"25","2020-04-06",513,1,232,1630,8319,0.291982209400168,1995,9076,811,1004,133,3482,38,1130,48,38
"26","2020-04-07",504,1,207,1606,8319,0.291982209400168,1995,9076,811,1004,95,3577,21,1151,35,21
"27","2020-04-08",509,1,201,1563,8319,0.291982209400168,1995,9076,811,1004,117,3694,23,1174,53,23
"28","2020-04-09",506,1,192,1532,8319,0.291982209400168,1995,9076,811,1004,107,3801,17,1191,41,17
"29","2020-04-10",535,1,190,1508,8319,0.291982209400168,1995,9076,811,1004,115,3916,40,1231,47,40
"30","2020-04-11",518,1,201,1477,8319,0.291982209400168,1995,9076,811,1004,103,4019,31,1262,35,31
"31","2020-04-12",472,1,209,1466,8319,0.291982209400168,1995,9076,811,1004,112,4131,36,1298,43,36
"32","2020-04-13",458,1,266,1439,8319,0.291982209400168,1995,9076,811,1004,112,4243,68,1366,43,68
"33","2020-04-14",463,1,245,1422,8319,0.291982209400168,1995,9076,811,1004,116,4359,33,1399,32,33
"34","2020-04-15",464,1,239,1409,8319,0.291982209400168,1995,9076,811,1004,102,4461,31,1430,38,31
"35","2020-04-16",457,1,236,1389,8319,0.291982209400168,1995,9076,811,1004,101,4562,32,1462,48,32
"36","2020-04-17",443,1,234,1340,8319,0.291982209400168,1995,9076,811,1004,100,4662,28,1490,41,28
"37","2020-04-18",456,1,209,1330,8319,0.291982209400168,1995,9076,811,1004,99,4761,17,1507,31,17
"38","2020-04-19",455,1,229,1319,8319,0.291982209400168,1995,9076,811,1004,83,4844,33,1540,30,33
"39","2020-04-20",451,1,203,1270,8319,0.291982209400168,1995,9076,811,1004,67,4911,14,1554,9,14
"40","2020-04-21",429,1,197,1224,8319,0.291982209400168,1995,9076,811,1004,69,4980,16,1570,24,16
"41","2020-04-22",416,1,178,1186,8319,0.291982209400168,1995,9076,811,1004,73,5053,14,1584,31,14
"42","2020-04-23",403,1,168,1157,8319,0.291982209400168,1995,9076,811,1004,89,5142,16,1600,25,16
"43","2020-04-24",411,1,181,1120,8319,0.291982209400168,1995,9076,811,1004,72,5214,24,1624,23,24
"44","2020-04-25",414,1,219,1101,8319,0.291982209400168,1995,9076,811,1004,88,5302,52,1676,18,52
"45","2020-04-26",368,1,232,1071,8319,0.291982209400168,1995,9076,811,1004,73,5375,38,1714,23,38
"46","2020-04-27",351,1,267,1033,8319,0.291982209400168,1995,9076,811,1004,70,5445,62,1776,18,62
"47","2020-04-28",344,1,303,1003,8319,0.291982209400168,1995,9076,811,1004,72,5517,56,1832,30,56
"48","2020-04-29",339,1,299,970,8319,0.291982209400168,1995,9076,811,1004,57,5574,46,1878,17,46
"49","2020-04-30",335,1,284,963,8319,0.291982209400168,1995,9076,811,1004,73,5647,36,1914,26,36
"50","2020-05-01",342,1,280,926,8319,0.291982209400168,1995,9076,811,1004,57,5704,27,1941,14,27
"51","2020-05-02",336,1,276,905,8319,0.291982209400168,1995,9076,811,1004,49,5753,26,1967,14,26
"52","2020-05-03",314,1,260,872,8319,0.291982209400168,1995,9076,811,1004,60,5813,33,2000,14,33
"53","2020-05-04",302,1,263,839,8319,0.291982209400168,1995,9076,811,1004,58,5871,35,2035,22,35
"54","2020-05-05",291,1,282,813,8319,0.291982209400168,1995,9076,811,1004,41,5912,52,2087,7,52
"55","2020-05-06",277,1,271,770,8319,0.291982209400168,1995,9076,811,1004,42,5954,33,2120,9,33
"56","2020-05-07",271,1,273,748,8319,0.291982209400168,1995,9076,811,1004,47,6001,42,2162,13,42
"57","2020-05-08",255,1,246,734,8319,0.291982209400168,1995,9076,811,1004,52,6053,25,2187,12,25
"58","2020-05-09",237,1,229,708,8319,0.291982209400168,1995,9076,811,1004,46,6099,26,2213,11,26
"59","2020-05-10",218,1,250,690,8319,0.291982209400168,1995,9076,811,1004,48,6147,48,2261,11,48
"60","2020-05-11",219,1,283,656,8319,0.291982209400168,1995,9076,811,1004,36,6183,59,2320,8,59
"61","2020-05-12",207,1,285,634,8319,0.291982209400168,1995,9076,811,1004,49,6232,49,2369,6,49
"62","2020-05-13",209,1,306,595,8319,0.291982209400168,1995,9076,811,1004,29,6261,57,2426,6,57
"63","2020-05-14",208,1,300,578,8319,0.291982209400168,1995,9076,811,1004,45,6306,41,2467,14,41
"64","2020-05-15",201,1,277,556,8319,0.291982209400168,1995,9076,811,1004,31,6337,30,2497,6,30
"65","2020-05-16",196,1,263,532,8319,0.291982209400168,1995,9076,811,1004,36,6373,28,2525,5,28
"66","2020-05-17",182,1,232,492,8319,0.291982209400168,1995,9076,811,1004,18,6391,17,2542,1,17
"67","2020-05-18",176,1,218,471,8319,0.291982209400168,1995,9076,811,1004,25,6416,22,2564,7,22
"68","2020-05-19",172,1,221,448,8319,0.291982209400168,1995,9076,811,1004,26,6442,37,2601,2,37
"69","2020-05-20",164,1,189,427,8319,0.291982209400168,1995,9076,811,1004,27,6469,12,2613,4,12
"70","2020-05-21",152,1,190,420,8319,0.291982209400168,1995,9076,811,1004,27,6496,23,2636,4,23
"71","2020-05-22",145,1,212,381,8319,0.291982209400168,1995,9076,811,1004,21,6517,35,2671,3,35
"72","2020-05-23",151,1,221,368,8319,0.291982209400168,1995,9076,811,1004,28,6545,42,2713,7,42
"73","2020-05-24",135,1,223,359,8319,0.291982209400168,1995,9076,811,1004,23,6568,35,2748,3,35
"74","2020-05-25",128,1,212,345,8319,0.291982209400168,1995,9076,811,1004,22,6590,28,2776,2,28
"75","2020-05-26",123,1,210,323,8319,0.291982209400168,1995,9076,811,1004,12,6602,27,2803,4,27
"76","2020-05-27",112,1,190,311,8319,0.291982209400168,1995,9076,811,1004,21,6623,12,2815,5,12
"77","2020-05-28",108,1,193,295,8319,0.291982209400168,1995,9076,811,1004,15,6638,20,2835,5,20
"78","2020-05-29",104,1,229,281,8319,0.291982209400168,1995,9076,811,1004,17,6655,55,2890,2,55
"79","2020-05-30",99,1,219,273,8319,0.291982209400168,1995,9076,811,1004,16,6671,34,2924,3,34
"80","2020-05-31",96,1,225,255,8319,0.291982209400168,1995,9076,811,1004,12,6683,31,2955,4,31
"81","2020-06-01",90,1,236,238,8319,0.291982209400168,1995,9076,811,1004,17,6700,36,2991,2,36
"82","2020-06-02",84,1,245,221,8319,0.291982209400168,1995,9076,811,1004,11,6711,50,3041,1,50
"83","2020-06-03",87,1,234,210,8319,0.291982209400168,1995,9076,811,1004,11,6722,38,3079,2,38
"84","2020-06-04",84,1,239,210,8319,0.291982209400168,1995,9076,811,1004,24,6746,30,3109,3,30
"85","2020-06-05",70,1,226,195,8319,0.291982209400168,1995,9076,811,1004,13,6759,23,3132,1,23
"86","2020-06-06",72,1,237,182,8319,0.291982209400168,1995,9076,811,1004,8,6767,33,3165,3,33
"87","2020-06-07",66,1,223,180,8319,0.291982209400168,1995,9076,811,1004,13,6780,20,3185,NA,20
"88","2020-03-13",8,2,99,140,7146,0.612930310663308,1965,7787,821,929,78,237,27,60,9,27
"89","2020-03-14",28,2,127,188,7146,0.612930310663308,1965,7787,821,929,72,309,40,100,9,40
"90","2020-03-15",32,2,128,268,7146,0.612930310663308,1965,7787,821,929,89,398,56,156,20,56
"91","2020-03-16",35,2,108,357,7146,0.612930310663308,1965,7787,821,929,88,486,34,190,21,34
"92","2020-03-17",44,2,91,442,7146,0.612930310663308,1965,7787,821,929,116,602,20,210,38,20
"93","2020-03-18",64,2,85,525,7146,0.612930310663308,1965,7787,821,929,112,714,30,240,47,30
"94","2020-03-19",79,2,81,608,7146,0.612930310663308,1965,7787,821,929,111,825,19,259,53,19
"95","2020-03-20",119,2,77,682,7146,0.612930310663308,1965,7787,821,929,108,933,50,309,56,50
"96","2020-03-21",189,2,106,781,7146,0.612930310663308,1965,7787,821,929,128,1061,56,365,75,56
"97","2020-03-22",205,2,103,911,7146,0.612930310663308,1965,7787,821,929,121,1182,45,410,58,45
"98","2020-03-23",193,2,102,1007,7146,0.612930310663308,1965,7787,821,929,133,1315,52,462,76,52
"99","2020-03-24",220,2,97,1090,7146,0.612930310663308,1965,7787,821,929,134,1449,55,517,70,55
"100","2020-03-25",250,2,89,1159,7146,0.612930310663308,1965,7787,821,929,145,1594,51,568,78,51
"101","2020-03-26",280,2,95,1252,7146,0.612930310663308,1965,7787,821,929,150,1744,60,628,86,60
"102","2020-03-27",383,2,115,1323,7146,0.612930310663308,1965,7787,821,929,106,1850,46,674,53,46
"103","2020-03-28",438,2,145,1440,7146,0.612930310663308,1965,7787,821,929,134,1984,45,719,77,45
"104","2020-03-29",418,2,190,1514,7146,0.612930310663308,1965,7787,821,929,122,2106,20,739,65,20
"105","2020-03-30",423,2,216,1548,7146,0.612930310663308,1965,7787,821,929,113,2219,25,764,62,25
"106","2020-03-31",433,2,227,1608,7146,0.612930310663308,1965,7787,821,929,175,2394,26,790,108,26
"107","2020-04-01",436,2,226,1649,7146,0.612930310663308,1965,7787,821,929,138,2532,42,832,87,42
"108","2020-04-02",437,2,189,1709,7146,0.612930310663308,1965,7787,821,929,116,2648,38,870,65,38
"109","2020-04-03",522,2,186,1757,7146,0.612930310663308,1965,7787,821,929,123,2771,39,909,72,39
"110","2020-04-04",526,2,218,1765,7146,0.612930310663308,1965,7787,821,929,103,2874,43,952,58,43
"111","2020-04-05",527,2,254,1812,7146,0.612930310663308,1965,7787,821,929,130,3004,43,995,58,43
"112","2020-04-06",533,2,231,1839,7146,0.612930310663308,1965,7787,821,929,138,3142,37,1032,81,37
"113","2020-04-07",555,2,208,1827,7146,0.612930310663308,1965,7787,821,929,121,3263,29,1061,76,29
"114","2020-04-08",575,2,193,1813,7146,0.612930310663308,1965,7787,821,929,132,3395,29,1090,66,29
"115","2020-04-09",596,2,168,1814,7146,0.612930310663308,1965,7787,821,929,97,3492,26,1116,46,26
"116","2020-04-10",655,2,204,1812,7146,0.612930310663308,1965,7787,821,929,118,3610,29,1145,56,29
"117","2020-04-11",641,2,184,1798,7146,0.612930310663308,1965,7787,821,929,94,3704,21,1166,42,21
"118","2020-04-12",593,2,183,1746,7146,0.612930310663308,1965,7787,821,929,112,3816,21,1187,57,21
"119","2020-04-13",599,2,205,1690,7146,0.612930310663308,1965,7787,821,929,113,3929,31,1218,64,31
"120","2020-04-14",573,2,227,1642,7146,0.612930310663308,1965,7787,821,929,114,4043,30,1248,43,30
"121","2020-04-15",546,2,246,1557,7146,0.612930310663308,1965,7787,821,929,89,4132,26,1274,34,26
"122","2020-04-16",528,2,246,1513,7146,0.612930310663308,1965,7787,821,929,89,4221,33,1307,39,33
"123","2020-04-17",537,2,258,1457,7146,0.612930310663308,1965,7787,821,929,84,4305,49,1356,36,49
"124","2020-04-18",514,2,252,1406,7146,0.612930310663308,1965,7787,821,929,101,4406,32,1388,38,32
"125","2020-04-19",476,2,237,1353,7146,0.612930310663308,1965,7787,821,929,81,4487,36,1424,22,36
"126","2020-04-20",442,2,241,1289,7146,0.612930310663308,1965,7787,821,929,78,4565,27,1451,33,27
"127","2020-04-21",426,2,234,1227,7146,0.612930310663308,1965,7787,821,929,97,4662,19,1470,44,19
"128","2020-04-22",412,2,226,1144,7146,0.612930310663308,1965,7787,821,929,94,4756,25,1495,41,25
"129","2020-04-23",396,2,201,1098,7146,0.612930310663308,1965,7787,821,929,76,4832,28,1523,31,28
"130","2020-04-24",352,2,193,1037,7146,0.612930310663308,1965,7787,821,929,76,4908,39,1562,30,39
"131","2020-04-25",356,2,189,987,7146,0.612930310663308,1965,7787,821,929,56,4964,46,1608,21,46
"132","2020-04-26",348,2,183,935,7146,0.612930310663308,1965,7787,821,929,67,5031,43,1651,21,43
"133","2020-04-27",353,2,174,872,7146,0.612930310663308,1965,7787,821,929,80,5111,30,1681,22,30
"134","2020-04-28",335,2,161,824,7146,0.612930310663308,1965,7787,821,929,57,5168,34,1715,13,34
"135","2020-04-29",334,2,153,780,7146,0.612930310663308,1965,7787,821,929,70,5238,31,1746,26,31
"136","2020-04-30",322,2,141,741,7146,0.612930310663308,1965,7787,821,929,63,5301,33,1779,25,33
"137","2020-05-01",316,2,144,698,7146,0.612930310663308,1965,7787,821,929,73,5374,19,1798,26,19
"138","2020-05-02",292,2,172,661,7146,0.612930310663308,1965,7787,821,929,55,5429,54,1852,19,54
"139","2020-05-03",242,2,166,636,7146,0.612930310663308,1965,7787,821,929,63,5492,28,1880,22,28
"140","2020-05-04",229,2,182,603,7146,0.612930310663308,1965,7787,821,929,56,5548,23,1903,15,23
"141","2020-05-05",216,2,170,564,7146,0.612930310663308,1965,7787,821,929,58,5606,25,1928,19,25
"142","2020-05-06",207,2,152,544,7146,0.612930310663308,1965,7787,821,929,49,5655,36,1964,12,36
"143","2020-05-07",205,2,142,515,7146,0.612930310663308,1965,7787,821,929,53,5708,20,1984,23,20
"144","2020-05-08",177,2,135,508,7146,0.612930310663308,1965,7787,821,929,36,5744,27,2011,6,27
"145","2020-05-09",178,2,129,500,7146,0.612930310663308,1965,7787,821,929,51,5795,20,2031,14,20
"146","2020-05-10",178,2,162,460,7146,0.612930310663308,1965,7787,821,929,30,5825,24,2055,15,24
"147","2020-05-11",157,2,182,434,7146,0.612930310663308,1965,7787,821,929,35,5860,16,2071,15,16
"148","2020-05-12",150,2,170,427,7146,0.612930310663308,1965,7787,821,929,36,5896,16,2087,12,16
"149","2020-05-13",145,2,155,409,7146,0.612930310663308,1965,7787,821,929,37,5933,23,2110,17,23
"150","2020-05-14",142,2,187,383,7146,0.612930310663308,1965,7787,821,929,36,5969,39,2149,8,39
"151","2020-05-15",148,2,201,358,7146,0.612930310663308,1965,7787,821,929,29,5998,51,2200,4,51
"152","2020-05-16",144,2,237,343,7146,0.612930310663308,1965,7787,821,929,42,6040,28,2228,12,28
"153","2020-05-17",124,2,248,329,7146,0.612930310663308,1965,7787,821,929,25,6065,45,2273,4,45
"154","2020-05-18",117,2,225,312,7146,0.612930310663308,1965,7787,821,929,24,6089,48,2321,6,48
"155","2020-05-19",111,2,208,306,7146,0.612930310663308,1965,7787,821,929,30,6119,42,2363,14,42
"156","2020-05-20",108,2,198,303,7146,0.612930310663308,1965,7787,821,929,36,6155,43,2406,11,43
"157","2020-05-21",101,2,220,282,7146,0.612930310663308,1965,7787,821,929,22,6177,38,2444,4,38
"158","2020-05-22",86,2,211,267,7146,0.612930310663308,1965,7787,821,929,24,6201,45,2489,9,45
"159","2020-05-23",85,2,235,256,7146,0.612930310663308,1965,7787,821,929,33,6234,39,2528,12,39
"160","2020-05-24",89,2,218,240,7146,0.612930310663308,1965,7787,821,929,23,6257,29,2557,9,29
"161","2020-05-25",83,2,225,224,7146,0.612930310663308,1965,7787,821,929,23,6280,42,2599,2,42
"162","2020-05-26",78,2,234,211,7146,0.612930310663308,1965,7787,821,929,21,6301,36,2635,6,36
"163","2020-05-27",70,2,223,199,7146,0.612930310663308,1965,7787,821,929,16,6317,22,2657,4,22
"164","2020-05-28",70,2,234,195,7146,0.612930310663308,1965,7787,821,929,20,6337,16,2673,10,16
"165","2020-05-29",76,2,234,192,7146,0.612930310663308,1965,7787,821,929,22,6359,40,2713,11,40
"166","2020-05-30",70,2,229,175,7146,0.612930310663308,1965,7787,821,929,16,6375,33,2746,3,33
"167","2020-05-31",57,2,218,164,7146,0.612930310663308,1965,7787,821,929,14,6389,41,2787,7,41
"168","2020-06-01",53,2,212,158,7146,0.612930310663308,1965,7787,821,929,25,6414,34,2821,3,34
"169","2020-06-02",51,2,211,150,7146,0.612930310663308,1965,7787,821,929,12,6426,36,2857,3,36
"170","2020-06-03",50,2,227,144,7146,0.612930310663308,1965,7787,821,929,14,6440,14,2871,6,14
"171","2020-06-04",46,2,220,144,7146,0.612930310663308,1965,7787,821,929,12,6452,42,2913,3,42
"172","2020-06-05",46,2,210,138,7146,0.612930310663308,1965,7787,821,929,10,6462,46,2959,1,46
"173","2020-06-06",47,2,191,132,7146,0.612930310663308,1965,7787,821,929,14,6476,36,2995,3,36
"174","2020-06-07",45,2,204,127,7146,0.612930310663308,1965,7787,821,929,9,6485,34,3029,3,34
"175","2020-03-07",1,3,0,0,8261,0.428640600411572,2025,8984,847,2610,NA,NA,NA,NA,NA,NA
"176","2020-03-08",1,3,0,0,8261,0.428640600411572,2025,8984,847,2610,NA,NA,NA,NA,NA,NA
"177","2020-03-09",0,3,0,0,8261,0.428640600411572,2025,8984,847,2610,NA,NA,NA,NA,NA,NA
"178","2020-03-10",0,3,0,0,8261,0.428640600411572,2025,8984,847,2610,1,1,1,1,1,1
"179","2020-03-11",0,3,0,0,8261,0.428640600411572,2025,8984,847,2610,27,28,14,15,3,14
"180","2020-03-12",1,3,124,146,8261,0.428640600411572,2025,8984,847,2610,22,50,16,31,6,16
"181","2020-03-13",2,3,219,207,8261,0.428640600411572,2025,8984,847,2610,31,81,21,52,11,21
"182","2020-03-14",23,3,281,303,8261,0.428640600411572,2025,8984,847,2610,48,129,41,93,32,41
"183","2020-03-15",38,3,275,413,8261,0.428640600411572,2025,8984,847,2610,42,171,30,123,21,30
"184","2020-03-16",49,3,264,527,8261,0.428640600411572,2025,8984,847,2610,62,233,44,167,38,44
"185","2020-03-17",62,3,257,645,8261,0.428640600411572,2025,8984,847,2610,71,304,45,212,43,45
"186","2020-03-18",75,3,274,770,8261,0.428640600411572,2025,8984,847,2610,69,373,67,279,48,67
"187","2020-03-19",108,3,315,918,8261,0.428640600411572,2025,8984,847,2610,98,471,41,320,77,41
"188","2020-03-20",184,3,302,1045,8261,0.428640600411572,2025,8984,847,2610,111,582,36,356,90,36
"189","2020-03-21",301,3,300,1158,8261,0.428640600411572,2025,8984,847,2610,102,684,42,398,83,42
"190","2020-03-22",357,3,300,1266,8261,0.428640600411572,2025,8984,847,2610,134,818,40,438,111,40
"191","2020-03-23",351,3,285,1391,8261,0.428640600411572,2025,8984,847,2610,154,972,37,475,133,37
"192","2020-03-24",366,3,267,1529,8261,0.428640600411572,2025,8984,847,2610,163,1135,25,500,138,25
"193","2020-03-25",400,3,282,1598,8261,0.428640600411572,2025,8984,847,2610,161,1296,30,530,132,30
"194","2020-03-26",430,3,297,1690,8261,0.428640600411572,2025,8984,847,2610,156,1452,22,552,135,22
"195","2020-03-27",600,3,285,1759,8261,0.428640600411572,2025,8984,847,2610,177,1629,28,580,159,28
"196","2020-03-28",609,3,273,1803,8261,0.428640600411572,2025,8984,847,2610,170,1799,29,609,138,29
"197","2020-03-29",559,3,280,1861,8261,0.428640600411572,2025,8984,847,2610,201,2000,26,635,181,26
"198","2020-03-30",553,3,309,1896,8261,0.428640600411572,2025,8984,847,2610,210,2210,18,653,185,18
"199","2020-03-31",577,3,298,1969,8261,0.428640600411572,2025,8984,847,2610,184,2394,27,680,160,27
"200","2020-04-01",609,3,312,1946,8261,0.428640600411572,2025,8984,847,2610,190,2584,48,728,166,48
"201","2020-04-02",616,3,309,1923,8261,0.428640600411572,2025,8984,847,2610,194,2778,48,776,184,48
"202","2020-04-03",692,3,311,1956,8261,0.428640600411572,2025,8984,847,2610,181,2959,26,802,166,26
"203","2020-04-04",698,3,302,1922,8261,0.428640600411572,2025,8984,847,2610,212,3171,34,836,194,34
"204","2020-04-05",637,3,320,1867,8261,0.428640600411572,2025,8984,847,2610,178,3349,57,893,159,57
"205","2020-04-06",633,3,328,1835,8261,0.428640600411572,2025,8984,847,2610,216,3565,34,927,193,34
"206","2020-04-07",619,3,323,1806,8261,0.428640600411572,2025,8984,847,2610,170,3735,29,956,155,29
"207","2020-04-08",585,3,300,1764,8261,0.428640600411572,2025,8984,847,2610,184,3919,36,992,168,36
"208","2020-04-09",583,3,288,1735,8261,0.428640600411572,2025,8984,847,2610,148,4067,32,1024,141,32
"209","2020-04-10",577,3,286,1695,8261,0.428640600411572,2025,8984,847,2610,168,4235,33,1057,151,33
"210","2020-04-11",540,3,282,1644,8261,0.428640600411572,2025,8984,847,2610,147,4382,26,1083,122,26
"211","2020-04-12",504,3,294,1630,8261,0.428640600411572,2025,8984,847,2610,136,4518,34,1117,122,34
"212","2020-04-13",504,3,310,1601,8261,0.428640600411572,2025,8984,847,2610,107,4625,24,1141,91,24
"213","2020-04-14",515,3,335,1511,8261,0.428640600411572,2025,8984,847,2610,161,4786,26,1167,141,26
"214","2020-04-15",510,3,309,1454,8261,0.428640600411572,2025,8984,847,2610,96,4882,10,1177,83,10
"215","2020-04-16",499,3,317,1392,8261,0.428640600411572,2025,8984,847,2610,114,4996,28,1205,105,28
"216","2020-04-17",482,3,302,1364,8261,0.428640600411572,2025,8984,847,2610,102,5098,40,1245,89,40
"217","2020-04-18",481,3,289,1321,8261,0.428640600411572,2025,8984,847,2610,93,5191,40,1285,85,40
"218","2020-04-19",482,3,322,1270,8261,0.428640600411572,2025,8984,847,2610,77,5268,33,1318,73,33
"219","2020-04-20",461,3,333,1248,8261,0.428640600411572,2025,8984,847,2610,66,5334,36,1354,56,36
"220","2020-04-21",430,3,336,1191,8261,0.428640600411572,2025,8984,847,2610,74,5408,22,1376,62,22
"221","2020-04-22",431,3,350,1141,8261,0.428640600411572,2025,8984,847,2610,51,5459,20,1396,42,20
"222","2020-04-23",418,3,339,1104,8261,0.428640600411572,2025,8984,847,2610,57,5516,22,1418,44,22
"223","2020-04-24",402,3,369,1066,8261,0.428640600411572,2025,8984,847,2610,60,5576,20,1438,48,20
"224","2020-04-25",390,3,373,1047,8261,0.428640600411572,2025,8984,847,2610,47,5623,18,1456,42,18
"225","2020-04-26",366,3,355,1022,8261,0.428640600411572,2025,8984,847,2610,54,5677,24,1480,42,24
"226","2020-04-27",358,3,362,991,8261,0.428640600411572,2025,8984,847,2610,41,5718,21,1501,33,21
"227","2020-04-28",346,3,352,959,8261,0.428640600411572,2025,8984,847,2610,49,5767,19,1520,37,19
"228","2020-04-29",332,3,364,938,8261,0.428640600411572,2025,8984,847,2610,36,5803,13,1533,22,13
"229","2020-04-30",312,3,345,893,8261,0.428640600411572,2025,8984,847,2610,27,5830,12,1545,18,12
"230","2020-05-01",278,3,338,851,8261,0.428640600411572,2025,8984,847,2610,29,5859,25,1570,18,25
"231","2020-05-02",279,3,323,820,8261,0.428640600411572,2025,8984,847,2610,41,5900,21,1591,33,21
"232","2020-05-03",281,3,339,774,8261,0.428640600411572,2025,8984,847,2610,42,5942,18,1609,31,18
"233","2020-05-04",267,3,342,722,8261,0.428640600411572,2025,8984,847,2610,36,5978,49,1658,22,49
"234","2020-05-05",235,3,315,670,8261,0.428640600411572,2025,8984,847,2610,22,6000,50,1708,16,50
"235","2020-05-06",227,3,316,647,8261,0.428640600411572,2025,8984,847,2610,34,6034,45,1753,28,45
"236","2020-05-07",224,3,339,610,8261,0.428640600411572,2025,8984,847,2610,28,6062,35,1788,17,35
"237","2020-05-08",225,3,328,572,8261,0.428640600411572,2025,8984,847,2610,26,6088,27,1815,19,27
"238","2020-05-09",217,3,323,542,8261,0.428640600411572,2025,8984,847,2610,31,6119,21,1836,25,21
"239","2020-05-10",184,3,323,519,8261,0.428640600411572,2025,8984,847,2610,17,6136,28,1864,9,28
"240","2020-05-11",179,3,348,494,8261,0.428640600411572,2025,8984,847,2610,29,6165,39,1903,16,39
"241","2020-05-12",173,3,349,485,8261,0.428640600411572,2025,8984,847,2610,23,6188,20,1923,15,20
"242","2020-05-13",164,3,347,454,8261,0.428640600411572,2025,8984,847,2610,25,6213,48,1971,14,48
"243","2020-05-14",155,3,350,421,8261,0.428640600411572,2025,8984,847,2610,24,6237,34,2005,15,34
"244","2020-05-15",143,3,337,405,8261,0.428640600411572,2025,8984,847,2610,17,6254,43,2048,12,43
"245","2020-05-16",143,3,329,375,8261,0.428640600411572,2025,8984,847,2610,23,6277,40,2088,16,40
"246","2020-05-17",131,3,333,371,8261,0.428640600411572,2025,8984,847,2610,28,6305,36,2124,22,36
"247","2020-05-18",124,3,361,357,8261,0.428640600411572,2025,8984,847,2610,21,6326,38,2162,16,38
"248","2020-05-19",114,3,359,333,8261,0.428640600411572,2025,8984,847,2610,18,6344,31,2193,12,31
"249","2020-05-20",113,3,337,332,8261,0.428640600411572,2025,8984,847,2610,15,6359,17,2210,10,17
"250","2020-05-21",110,3,323,309,8261,0.428640600411572,2025,8984,847,2610,12,6371,12,2222,6,12
"251","2020-05-22",112,3,315,297,8261,0.428640600411572,2025,8984,847,2610,16,6387,9,2231,12,9
"252","2020-05-23",103,3,302,286,8261,0.428640600411572,2025,8984,847,2610,10,6397,16,2247,5,16
"253","2020-05-24",93,3,318,267,8261,0.428640600411572,2025,8984,847,2610,16,6413,13,2260,9,13
"254","2020-05-25",86,3,325,255,8261,0.428640600411572,2025,8984,847,2610,12,6425,14,2274,7,14
"255","2020-05-26",87,3,351,247,8261,0.428640600411572,2025,8984,847,2610,14,6439,36,2310,8,36
"256","2020-05-27",90,3,336,236,8261,0.428640600411572,2025,8984,847,2610,9,6448,27,2337,4,27
"257","2020-05-28",86,3,350,225,8261,0.428640600411572,2025,8984,847,2610,12,6460,40,2377,9,40
"258","2020-05-29",86,3,328,211,8261,0.428640600411572,2025,8984,847,2610,11,6471,53,2430,8,53
"259","2020-05-30",79,3,339,211,8261,0.428640600411572,2025,8984,847,2610,8,6479,44,2474,4,44
"260","2020-05-31",65,3,334,203,8261,0.428640600411572,2025,8984,847,2610,13,6492,47,2521,12,47
"261","2020-06-01",62,3,317,184,8261,0.428640600411572,2025,8984,847,2610,12,6504,32,2553,8,32
"262","2020-06-02",59,3,318,179,8261,0.428640600411572,2025,8984,847,2610,13,6517,24,2577,10,24
"263","2020-06-03",59,3,319,174,8261,0.428640600411572,2025,8984,847,2610,12,6529,25,2602,6,25
"264","2020-06-04",57,3,329,166,8261,0.428640600411572,2025,8984,847,2610,13,6542,28,2630,12,28
"265","2020-06-05",49,3,356,160,8261,0.428640600411572,2025,8984,847,2610,5,6547,40,2670,4,40
"266","2020-06-06",53,3,355,151,8261,0.428640600411572,2025,8984,847,2610,10,6557,46,2716,4,46
"267","2020-06-07",56,3,331,137,8261,0.428640600411572,2025,8984,847,2610,5,6562,39,2755,4,39
"268","2020-03-13",8,4,98,130,6598,0.631555016671719,1995,8380,632,1399,117,298,93,225,39,93
"269","2020-03-14",14,4,94,175,6598,0.631555016671719,1995,8380,632,1399,126,424,36,261,50,36
"270","2020-03-15",20,4,91,245,6598,0.631555016671719,1995,8380,632,1399,130,554,35,296,54,35
"271","2020-03-16",29,4,87,326,6598,0.631555016671719,1995,8380,632,1399,161,715,28,324,79,28
"272","2020-03-17",33,4,122,398,6598,0.631555016671719,1995,8380,632,1399,144,859,22,346,66,22
"273","2020-03-18",46,4,123,479,6598,0.631555016671719,1995,8380,632,1399,152,1011,20,366,89,20
"274","2020-03-19",56,4,114,573,6598,0.631555016671719,1995,8380,632,1399,165,1176,13,379,83,13
"275","2020-03-20",100,4,104,641,6598,0.631555016671719,1995,8380,632,1399,171,1347,14,393,90,14
"276","2020-03-21",157,4,106,711,6598,0.631555016671719,1995,8380,632,1399,200,1547,57,450,127,57
"277","2020-03-22",187,4,151,820,6598,0.631555016671719,1995,8380,632,1399,158,1705,26,476,91,26
"278","2020-03-23",188,4,173,913,6598,0.631555016671719,1995,8380,632,1399,144,1849,25,501,78,25
"279","2020-03-24",204,4,208,990,6598,0.631555016671719,1995,8380,632,1399,153,2002,19,520,76,19
"280","2020-03-25",225,4,251,1045,6598,0.631555016671719,1995,8380,632,1399,158,2160,53,573,86,53
"281","2020-03-26",254,4,269,1117,6598,0.631555016671719,1995,8380,632,1399,137,2297,33,606,84,33
"282","2020-03-27",327,4,291,1178,6598,0.631555016671719,1995,8380,632,1399,151,2448,36,642,80,36
"283","2020-03-28",357,4,294,1231,6598,0.631555016671719,1995,8380,632,1399,129,2577,15,657,81,15
"284","2020-03-29",359,4,262,1268,6598,0.631555016671719,1995,8380,632,1399,167,2744,10,667,101,10
"285","2020-03-30",366,4,260,1326,6598,0.631555016671719,1995,8380,632,1399,141,2885,23,690,82,23
"286","2020-03-31",384,4,244,1365,6598,0.631555016671719,1995,8380,632,1399,153,3038,15,705,87,15
"287","2020-04-01",408,4,227,1412,6598,0.631555016671719,1995,8380,632,1399,144,3182,27,732,77,27
"288","2020-04-02",423,4,255,1430,6598,0.631555016671719,1995,8380,632,1399,133,3315,19,751,66,19
"289","2020-04-03",507,4,266,1464,6598,0.631555016671719,1995,8380,632,1399,124,3439,14,765,60,14
"290","2020-04-04",484,4,288,1504,6598,0.631555016671719,1995,8380,632,1399,127,3566,38,803,70,38
"291","2020-04-05",467,4,289,1498,6598,0.631555016671719,1995,8380,632,1399,160,3726,49,852,83,49
"292","2020-04-06",477,4,279,1525,6598,0.631555016671719,1995,8380,632,1399,119,3845,28,880,59,28
"293","2020-04-07",466,4,244,1535,6598,0.631555016671719,1995,8380,632,1399,125,3970,29,909,60,29
"294","2020-04-08",454,4,208,1512,6598,0.631555016671719,1995,8380,632,1399,112,4082,40,949,52,40
"295","2020-04-09",455,4,192,1490,6598,0.631555016671719,1995,8380,632,1399,120,4202,21,970,65,21
"296","2020-04-10",499,4,186,1464,6598,0.631555016671719,1995,8380,632,1399,137,4339,30,1000,64,30
"297","2020-04-11",539,4,266,1415,6598,0.631555016671719,1995,8380,632,1399,111,4450,55,1055,56,55
"298","2020-04-12",495,4,288,1379,6598,0.631555016671719,1995,8380,632,1399,81,4531,23,1078,44,23
"299","2020-04-13",475,4,274,1380,6598,0.631555016671719,1995,8380,632,1399,117,4648,20,1098,59,20
"300","2020-04-14",462,4,255,1341,6598,0.631555016671719,1995,8380,632,1399,102,4750,28,1126,46,28
"301","2020-04-15",463,4,230,1291,6598,0.631555016671719,1995,8380,632,1399,101,4851,15,1141,49,15
"302","2020-04-16",454,4,247,1277,6598,0.631555016671719,1995,8380,632,1399,97,4948,4,1145,47,4
"303","2020-04-17",459,4,274,1269,6598,0.631555016671719,1995,8380,632,1399,84,5032,7,1152,35,7
"304","2020-04-18",440,4,261,1222,6598,0.631555016671719,1995,8380,632,1399,84,5116,13,1165,35,13
"305","2020-04-19",408,4,220,1184,6598,0.631555016671719,1995,8380,632,1399,79,5195,13,1178,38,13
"306","2020-04-20",417,4,227,1160,6598,0.631555016671719,1995,8380,632,1399,68,5263,40,1218,30,40
"307","2020-04-21",419,4,255,1134,6598,0.631555016671719,1995,8380,632,1399,91,5354,44,1262,41,44
"308","2020-04-22",411,4,247,1086,6598,0.631555016671719,1995,8380,632,1399,73,5427,38,1300,29,38
"309","2020-04-23",410,4,220,1036,6598,0.631555016671719,1995,8380,632,1399,91,5518,16,1316,39,16
"310","2020-04-24",389,4,218,1023,6598,0.631555016671719,1995,8380,632,1399,76,5594,13,1329,24,13
"311","2020-04-25",392,4,243,972,6598,0.631555016671719,1995,8380,632,1399,65,5659,27,1356,28,27
"312","2020-04-26",359,4,268,941,6598,0.631555016671719,1995,8380,632,1399,63,5722,14,1370,19,14
"313","2020-04-27",338,4,258,901,6598,0.631555016671719,1995,8380,632,1399,52,5774,14,1384,30,14
"314","2020-04-28",328,4,252,863,6598,0.631555016671719,1995,8380,632,1399,69,5843,66,1450,25,66
"315","2020-04-29",320,4,267,834,6598,0.631555016671719,1995,8380,632,1399,58,5901,30,1480,25,30
"316","2020-04-30",299,4,246,779,6598,0.631555016671719,1995,8380,632,1399,53,5954,19,1499,17,19
"317","2020-05-01",281,4,216,736,6598,0.631555016671719,1995,8380,632,1399,61,6015,12,1511,23,12
"318","2020-05-02",268,4,194,711,6598,0.631555016671719,1995,8380,632,1399,51,6066,12,1523,17,12
"319","2020-05-03",281,4,187,696,6598,0.631555016671719,1995,8380,632,1399,53,6119,9,1532,24,9
"320","2020-05-04",268,4,182,677,6598,0.631555016671719,1995,8380,632,1399,41,6160,6,1538,13,6
"321","2020-05-05",253,4,201,631,6598,0.631555016671719,1995,8380,632,1399,50,6210,17,1555,16,17
"322","2020-05-06",247,4,222,596,6598,0.631555016671719,1995,8380,632,1399,60,6270,13,1568,21,13
"323","2020-05-07",240,4,258,565,6598,0.631555016671719,1995,8380,632,1399,43,6313,4,1572,11,4
"324","2020-05-08",233,4,248,559,6598,0.631555016671719,1995,8380,632,1399,34,6347,4,1576,9,4
"325","2020-05-09",231,4,262,534,6598,0.631555016671719,1995,8380,632,1399,39,6386,35,1611,15,35
"326","2020-05-10",193,4,246,524,6598,0.631555016671719,1995,8380,632,1399,36,6422,19,1630,15,19
"327","2020-05-11",191,4,230,494,6598,0.631555016671719,1995,8380,632,1399,37,6459,19,1649,15,19
"328","2020-05-12",181,4,218,482,6598,0.631555016671719,1995,8380,632,1399,30,6489,12,1661,9,12
"329","2020-05-13",178,4,228,453,6598,0.631555016671719,1995,8380,632,1399,42,6531,12,1673,11,12
"330","2020-05-14",174,4,218,449,6598,0.631555016671719,1995,8380,632,1399,36,6567,5,1678,10,5
"331","2020-05-15",153,4,245,424,6598,0.631555016671719,1995,8380,632,1399,25,6592,31,1709,4,31
"332","2020-05-16",134,4,237,415,6598,0.631555016671719,1995,8380,632,1399,28,6620,64,1773,16,64
"333","2020-05-17",133,4,217,389,6598,0.631555016671719,1995,8380,632,1399,37,6657,30,1803,16,30
"334","2020-05-18",119,4,222,381,6598,0.631555016671719,1995,8380,632,1399,24,6681,18,1821,6,18
"335","2020-05-19",126,4,237,363,6598,0.631555016671719,1995,8380,632,1399,22,6703,11,1832,6,11
"336","2020-05-20",113,4,234,341,6598,0.631555016671719,1995,8380,632,1399,21,6724,49,1881,7,49
"337","2020-05-21",113,4,216,332,6598,0.631555016671719,1995,8380,632,1399,25,6749,18,1899,9,18
"338","2020-05-22",117,4,191,328,6598,0.631555016671719,1995,8380,632,1399,20,6769,44,1943,9,44
"339","2020-05-23",131,4,183,312,6598,0.631555016671719,1995,8380,632,1399,19,6788,36,1979,4,36
"340","2020-05-24",120,4,198,280,6598,0.631555016671719,1995,8380,632,1399,17,6805,25,2004,8,25
"341","2020-05-25",117,4,180,256,6598,0.631555016671719,1995,8380,632,1399,23,6828,59,2063,6,59
"342","2020-05-26",98,4,166,244,6598,0.631555016671719,1995,8380,632,1399,17,6845,46,2109,7,46
"343","2020-05-27",102,4,152,247,6598,0.631555016671719,1995,8380,632,1399,10,6855,13,2122,5,13
"344","2020-05-28",97,4,131,244,6598,0.631555016671719,1995,8380,632,1399,18,6873,21,2143,8,21
"345","2020-05-29",109,4,129,239,6598,0.631555016671719,1995,8380,632,1399,24,6897,27,2170,9,27
"346","2020-05-30",99,4,186,227,6598,0.631555016671719,1995,8380,632,1399,9,6906,23,2193,5,23
"347","2020-05-31",82,4,210,227,6598,0.631555016671719,1995,8380,632,1399,16,6922,49,2242,2,49
"348","2020-06-01",74,4,217,219,6598,0.631555016671719,1995,8380,632,1399,14,6936,31,2273,8,31
"349","2020-06-02",72,4,256,213,6598,0.631555016671719,1995,8380,632,1399,10,6946,20,2293,3,20
"350","2020-06-03",64,4,287,197,6598,0.631555016671719,1995,8380,632,1399,12,6958,18,2311,1,18
"351","2020-06-04",65,4,287,182,6598,0.631555016671719,1995,8380,632,1399,12,6970,9,2320,4,9
"352","2020-06-05",59,4,252,178,6598,0.631555016671719,1995,8380,632,1399,17,6987,16,2336,3,16
"353","2020-06-06",53,4,234,174,6598,0.631555016671719,1995,8380,632,1399,11,6998,13,2349,2,13
"354","2020-06-07",57,4,255,165,6598,0.631555016671719,1995,8380,632,1399,13,7011,9,2358,5,9
"355","2020-03-13",6,5,76,151,7175,0.521533101045296,2010,8622,656,850,24,75,49,112,9,49
"356","2020-03-14",13,5,67,207,7175,0.521533101045296,2010,8622,656,850,39,114,61,173,12,61
"357","2020-03-15",23,5,68,257,7175,0.521533101045296,2010,8622,656,850,49,163,63,236,13,63
"358","2020-03-16",29,5,60,356,7175,0.521533101045296,2010,8622,656,850,53,216,67,303,36,67
"359","2020-03-17",43,5,86,461,7175,0.521533101045296,2010,8622,656,850,62,278,44,347,40,44
"360","2020-03-18",56,5,95,551,7175,0.521533101045296,2010,8622,656,850,88,366,48,395,58,48
"361","2020-03-19",76,5,107,640,7175,0.521533101045296,2010,8622,656,850,86,452,29,424,60,29
"362","2020-03-20",119,5,111,715,7175,0.521533101045296,2010,8622,656,850,94,546,33,457,69,33
"363","2020-03-21",166,5,116,803,7175,0.521533101045296,2010,8622,656,850,113,659,52,509,87,52
"364","2020-03-22",226,5,115,891,7175,0.521533101045296,2010,8622,656,850,99,758,30,539,68,30
"365","2020-03-23",247,5,107,972,7175,0.521533101045296,2010,8622,656,850,136,894,34,573,98,34
"366","2020-03-24",249,5,111,1040,7175,0.521533101045296,2010,8622,656,850,152,1046,29,602,118,29
"367","2020-03-25",262,5,112,1098,7175,0.521533101045296,2010,8622,656,850,153,1199,33,635,137,33
"368","2020-03-26",283,5,126,1156,7175,0.521533101045296,2010,8622,656,850,133,1332,31,666,114,31
"369","2020-03-27",366,5,138,1213,7175,0.521533101045296,2010,8622,656,850,178,1510,34,700,146,34
"370","2020-03-28",376,5,133,1271,7175,0.521533101045296,2010,8622,656,850,167,1677,33,733,150,33
"371","2020-03-29",374,5,121,1296,7175,0.521533101045296,2010,8622,656,850,153,1830,23,756,134,23
"372","2020-03-30",370,5,110,1337,7175,0.521533101045296,2010,8622,656,850,177,2007,22,778,141,22
"373","2020-03-31",379,5,118,1354,7175,0.521533101045296,2010,8622,656,850,194,2201,20,798,160,20
"374","2020-04-01",394,5,145,1427,7175,0.521533101045296,2010,8622,656,850,204,2405,39,837,179,39
"375","2020-04-02",417,5,156,1473,7175,0.521533101045296,2010,8622,656,850,205,2610,40,877,185,40
"376","2020-04-03",487,5,152,1547,7175,0.521533101045296,2010,8622,656,850,213,2823,38,915,191,38
"377","2020-04-04",568,5,147,1561,7175,0.521533101045296,2010,8622,656,850,173,2996,25,940,156,25
"378","2020-04-05",526,5,167,1594,7175,0.521533101045296,2010,8622,656,850,173,3169,36,976,147,36
"379","2020-04-06",518,5,165,1621,7175,0.521533101045296,2010,8622,656,850,177,3346,33,1009,143,33
"380","2020-04-07",518,5,171,1612,7175,0.521533101045296,2010,8622,656,850,183,3529,19,1028,174,19
"381","2020-04-08",527,5,183,1629,7175,0.521533101045296,2010,8622,656,850,170,3699,28,1056,155,28
"382","2020-04-09",529,5,165,1606,7175,0.521533101045296,2010,8622,656,850,199,3898,29,1085,178,29
"383","2020-04-10",587,5,152,1591,7175,0.521533101045296,2010,8622,656,850,137,4035,47,1132,115,47
"384","2020-04-11",516,5,146,1576,7175,0.521533101045296,2010,8622,656,850,156,4191,73,1205,139,73
"385","2020-04-12",469,5,150,1544,7175,0.521533101045296,2010,8622,656,850,133,4324,43,1248,115,43
"386","2020-04-13",478,5,187,1535,7175,0.521533101045296,2010,8622,656,850,120,4444,33,1281,108,33
"387","2020-04-14",475,5,216,1498,7175,0.521533101045296,2010,8622,656,850,148,4592,18,1299,130,18
"388","2020-04-15",495,5,220,1444,7175,0.521533101045296,2010,8622,656,850,109,4701,25,1324,89,25
"389","2020-04-16",483,5,243,1419,7175,0.521533101045296,2010,8622,656,850,98,4799,29,1353,90,29
"390","2020-04-17",487,5,236,1394,7175,0.521533101045296,2010,8622,656,850,100,4899,43,1396,78,43
"391","2020-04-18",514,5,226,1355,7175,0.521533101045296,2010,8622,656,850,95,4994,33,1429,76,33
"392","2020-04-19",470,5,217,1310,7175,0.521533101045296,2010,8622,656,850,98,5092,31,1460,83,31
"393","2020-04-20",456,5,225,1299,7175,0.521533101045296,2010,8622,656,850,84,5176,15,1475,69,15
"394","2020-04-21",439,5,232,1225,7175,0.521533101045296,2010,8622,656,850,68,5244,30,1505,55,30
"395","2020-04-22",411,5,260,1157,7175,0.521533101045296,2010,8622,656,850,74,5318,24,1529,61,24
"396","2020-04-23",383,5,282,1095,7175,0.521533101045296,2010,8622,656,850,77,5395,29,1558,63,29
"397","2020-04-24",371,5,255,1077,7175,0.521533101045296,2010,8622,656,850,67,5462,30,1588,54,30
"398","2020-04-25",358,5,266,1031,7175,0.521533101045296,2010,8622,656,850,69,5531,29,1617,56,29
"399","2020-04-26",327,5,251,982,7175,0.521533101045296,2010,8622,656,850,52,5583,24,1641,38,24
"400","2020-04-27",321,5,233,940,7175,0.521533101045296,2010,8622,656,850,62,5645,21,1662,49,21
"401","2020-04-28",330,5,192,935,7175,0.521533101045296,2010,8622,656,850,49,5694,18,1680,36,18
"402","2020-04-29",318,5,184,917,7175,0.521533101045296,2010,8622,656,850,40,5734,22,1702,32,22
"403","2020-04-30",322,5,172,892,7175,0.521533101045296,2010,8622,656,850,55,5789,27,1729,40,27
"404","2020-05-01",296,5,181,845,7175,0.521533101045296,2010,8622,656,850,47,5836,24,1753,29,24
"405","2020-05-02",289,5,164,812,7175,0.521533101045296,2010,8622,656,850,41,5877,10,1763,25,10
"406","2020-05-03",275,5,155,760,7175,0.521533101045296,2010,8622,656,850,41,5918,24,1787,28,24
"407","2020-05-04",256,5,166,744,7175,0.521533101045296,2010,8622,656,850,27,5945,29,1816,17,29
"408","2020-05-05",235,5,208,708,7175,0.521533101045296,2010,8622,656,850,27,5972,14,1830,17,14
"409","2020-05-06",236,5,198,680,7175,0.521533101045296,2010,8622,656,850,29,6001,21,1851,24,21
"410","2020-05-07",237,5,193,644,7175,0.521533101045296,2010,8622,656,850,22,6023,15,1866,15,15
"411","2020-05-08",238,5,190,590,7175,0.521533101045296,2010,8622,656,850,15,6038,21,1887,10,21
"412","2020-05-09",235,5,186,565,7175,0.521533101045296,2010,8622,656,850,27,6065,26,1913,13,26
"413","2020-05-10",221,5,181,528,7175,0.521533101045296,2010,8622,656,850,22,6087,26,1939,8,26
"414","2020-05-11",208,5,167,500,7175,0.521533101045296,2010,8622,656,850,14,6101,27,1966,7,27
"415","2020-05-12",197,5,161,481,7175,0.521533101045296,2010,8622,656,850,16,6117,40,2006,8,40
"416","2020-05-13",183,5,199,465,7175,0.521533101045296,2010,8622,656,850,14,6131,49,2055,5,49
"417","2020-05-14",169,5,225,444,7175,0.521533101045296,2010,8622,656,850,15,6146,29,2084,6,29
"418","2020-05-15",150,5,227,428,7175,0.521533101045296,2010,8622,656,850,12,6158,20,2104,4,20
"419","2020-05-16",146,5,245,425,7175,0.521533101045296,2010,8622,656,850,12,6170,23,2127,7,23
"420","2020-05-17",142,5,232,413,7175,0.521533101045296,2010,8622,656,850,20,6190,26,2153,9,26
"421","2020-05-18",141,5,241,412,7175,0.521533101045296,2010,8622,656,850,14,6204,20,2173,8,20
"422","2020-05-19",141,5,239,392,7175,0.521533101045296,2010,8622,656,850,19,6223,24,2197,9,24
"423","2020-05-20",144,5,221,396,7175,0.521533101045296,2010,8622,656,850,10,6233,43,2240,4,43
"424","2020-05-21",143,5,204,367,7175,0.521533101045296,2010,8622,656,850,18,6251,43,2283,11,43
"425","2020-05-22",142,5,215,356,7175,0.521533101045296,2010,8622,656,850,6,6257,38,2321,4,38
"426","2020-05-23",121,5,216,339,7175,0.521533101045296,2010,8622,656,850,17,6274,46,2367,9,46
"427","2020-05-24",118,5,221,338,7175,0.521533101045296,2010,8622,656,850,9,6283,33,2400,5,33
"428","2020-05-25",119,5,206,332,7175,0.521533101045296,2010,8622,656,850,8,6291,19,2419,5,19
"429","2020-05-26",117,5,194,311,7175,0.521533101045296,2010,8622,656,850,3,6294,36,2455,NA,36
"430","2020-05-27",108,5,199,298,7175,0.521533101045296,2010,8622,656,850,7,6301,31,2486,2,31
"431","2020-05-28",102,5,208,283,7175,0.521533101045296,2010,8622,656,850,13,6314,36,2522,5,36
"432","2020-05-29",100,5,197,266,7175,0.521533101045296,2010,8622,656,850,9,6323,20,2542,1,20
"433","2020-05-30",103,5,220,266,7175,0.521533101045296,2010,8622,656,850,12,6335,18,2560,5,18
"434","2020-05-31",99,5,235,250,7175,0.521533101045296,2010,8622,656,850,6,6341,37,2597,3,37
"435","2020-06-01",99,5,230,241,7175,0.521533101045296,2010,8622,656,850,5,6346,32,2629,NA,32
"436","2020-06-02",93,5,195,222,7175,0.521533101045296,2010,8622,656,850,12,6358,42,2671,2,42
"437","2020-06-03",87,5,171,210,7175,0.521533101045296,2010,8622,656,850,8,6366,38,2709,2,38
"438","2020-06-04",88,5,154,204,7175,0.521533101045296,2010,8622,656,850,6,6372,28,2737,3,28
"439","2020-06-05",86,5,160,188,7175,0.521533101045296,2010,8622,656,850,7,6379,37,2774,4,37
"440","2020-06-06",91,5,165,176,7175,0.521533101045296,2010,8622,656,850,5,6384,36,2810,3,36
"441","2020-06-07",74,5,169,169,7175,0.521533101045296,2010,8622,656,850,4,6388,42,2852,2,42
"442","2020-03-07",1,6,0,0,6982,0.627327413348611,1995,8365,675,2044,NA,NA,NA,NA,NA,NA
"443","2020-03-08",1,6,0,0,6982,0.627327413348611,1995,8365,675,2044,NA,NA,NA,NA,NA,NA
"444","2020-03-09",0,6,0,0,6982,0.627327413348611,1995,8365,675,2044,NA,NA,NA,NA,NA,NA
"445","2020-03-10",0,6,0,0,6982,0.627327413348611,1995,8365,675,2044,NA,NA,7,7,NA,7
"446","2020-03-11",0,6,0,0,6982,0.627327413348611,1995,8365,675,2044,48,48,16,23,NA,16
"447","2020-03-12",0,6,0,0,6982,0.627327413348611,1995,8365,675,2044,45,93,14,37,2,14
"448","2020-03-13",9,6,173,177,6982,0.627327413348611,1995,8365,675,2044,71,164,11,48,14,11
"449","2020-03-14",19,6,205,249,6982,0.627327413348611,1995,8365,675,2044,62,226,48,96,9,48
"450","2020-03-15",31,6,222,331,6982,0.627327413348611,1995,8365,675,2044,75,301,38,134,32,38
"451","2020-03-16",41,6,208,413,6982,0.627327413348611,1995,8365,675,2044,73,374,24,158,35,24
"452","2020-03-17",48,6,201,494,6982,0.627327413348611,1995,8365,675,2044,96,470,13,171,46,13
"453","2020-03-18",68,6,188,578,6982,0.627327413348611,1995,8365,675,2044,106,576,19,190,57,19
"454","2020-03-19",92,6,195,672,6982,0.627327413348611,1995,8365,675,2044,117,693,38,228,70,38
"455","2020-03-20",122,6,245,763,6982,0.627327413348611,1995,8365,675,2044,124,817,29,257,78,29
"456","2020-03-21",186,6,236,828,6982,0.627327413348611,1995,8365,675,2044,125,942,12,269,80,12
"457","2020-03-22",209,6,222,915,6982,0.627327413348611,1995,8365,675,2044,128,1070,46,315,80,46
"458","2020-03-23",216,6,270,998,6982,0.627327413348611,1995,8365,675,2044,155,1225,39,354,100,39
"459","2020-03-24",250,6,269,1073,6982,0.627327413348611,1995,8365,675,2044,147,1372,66,420,109,66
"460","2020-03-25",267,6,276,1164,6982,0.627327413348611,1995,8365,675,2044,145,1517,49,469,97,49
"461","2020-03-26",277,6,274,1242,6982,0.627327413348611,1995,8365,675,2044,157,1674,18,487,109,18
"462","2020-03-27",386,6,273,1314,6982,0.627327413348611,1995,8365,675,2044,153,1827,14,501,105,14
"463","2020-03-28",394,6,300,1374,6982,0.627327413348611,1995,8365,675,2044,151,1978,14,515,115,14
"464","2020-03-29",446,6,277,1451,6982,0.627327413348611,1995,8365,675,2044,171,2149,38,553,124,38
"465","2020-03-30",459,6,295,1501,6982,0.627327413348611,1995,8365,675,2044,180,2329,49,602,123,49
"466","2020-03-31",452,6,305,1528,6982,0.627327413348611,1995,8365,675,2044,189,2518,37,639,138,37
"467","2020-04-01",464,6,289,1569,6982,0.627327413348611,1995,8365,675,2044,169,2687,32,671,127,32
"468","2020-04-02",486,6,262,1561,6982,0.627327413348611,1995,8365,675,2044,187,2874,66,737,144,66
"469","2020-04-03",559,6,246,1570,6982,0.627327413348611,1995,8365,675,2044,184,3058,44,781,150,44
"470","2020-04-04",578,6,208,1585,6982,0.627327413348611,1995,8365,675,2044,165,3223,20,801,134,20
"471","2020-04-05",505,6,198,1580,6982,0.627327413348611,1995,8365,675,2044,146,3369,15,816,109,15
"472","2020-04-06",499,6,183,1541,6982,0.627327413348611,1995,8365,675,2044,171,3540,34,850,131,34
"473","2020-04-07",498,6,184,1510,6982,0.627327413348611,1995,8365,675,2044,160,3700,20,870,117,20
"474","2020-04-08",522,6,185,1489,6982,0.627327413348611,1995,8365,675,2044,128,3828,29,899,89,29
"475","2020-04-09",510,6,176,1452,6982,0.627327413348611,1995,8365,675,2044,125,3953,52,951,93,52
"476","2020-04-10",555,6,189,1446,6982,0.627327413348611,1995,8365,675,2044,104,4057,36,987,66,36
"477","2020-04-11",544,6,194,1401,6982,0.627327413348611,1995,8365,675,2044,108,4165,31,1018,77,31
"478","2020-04-12",494,6,194,1358,6982,0.627327413348611,1995,8365,675,2044,119,4284,20,1038,87,20
"479","2020-04-13",486,6,191,1308,6982,0.627327413348611,1995,8365,675,2044,122,4406,10,1048,88,10
"480","2020-04-14",481,6,262,1287,6982,0.627327413348611,1995,8365,675,2044,152,4558,8,1056,100,8
"481","2020-04-15",447,6,298,1256,6982,0.627327413348611,1995,8365,675,2044,108,4666,59,1115,66,59
"482","2020-04-16",437,6,317,1225,6982,0.627327413348611,1995,8365,675,2044,112,4778,25,1140,70,25
"483","2020-04-17",407,6,318,1199,6982,0.627327413348611,1995,8365,675,2044,92,4870,18,1158,57,18
"484","2020-04-18",388,6,283,1149,6982,0.627327413348611,1995,8365,675,2044,81,4951,12,1170,50,12
"485","2020-04-19",361,6,243,1112,6982,0.627327413348611,1995,8365,675,2044,83,5034,42,1212,47,42
"486","2020-04-20",356,6,232,1079,6982,0.627327413348611,1995,8365,675,2044,62,5096,50,1262,34,50
"487","2020-04-21",344,6,210,1066,6982,0.627327413348611,1995,8365,675,2044,90,5186,49,1311,56,49
"488","2020-04-22",336,6,210,1049,6982,0.627327413348611,1995,8365,675,2044,63,5249,19,1330,34,19
"489","2020-04-23",337,6,229,1029,6982,0.627327413348611,1995,8365,675,2044,65,5314,26,1356,49,26
"490","2020-04-24",324,6,225,1014,6982,0.627327413348611,1995,8365,675,2044,59,5373,15,1371,36,15
"491","2020-04-25",316,6,247,1000,6982,0.627327413348611,1995,8365,675,2044,57,5430,20,1391,33,20
"492","2020-04-26",297,6,270,986,6982,0.627327413348611,1995,8365,675,2044,46,5476,16,1407,25,16
"493","2020-04-27",292,6,246,953,6982,0.627327413348611,1995,8365,675,2044,73,5549,53,1460,36,53
"494","2020-04-28",290,6,240,914,6982,0.627327413348611,1995,8365,675,2044,42,5591,38,1498,26,38
"495","2020-04-29",288,6,244,873,6982,0.627327413348611,1995,8365,675,2044,51,5642,20,1518,21,20
"496","2020-04-30",280,6,225,846,6982,0.627327413348611,1995,8365,675,2044,44,5686,16,1534,20,16
"497","2020-05-01",290,6,235,791,6982,0.627327413348611,1995,8365,675,2044,43,5729,8,1542,18,8
"498","2020-05-02",282,6,224,753,6982,0.627327413348611,1995,8365,675,2044,53,5782,13,1555,20,13
"499","2020-05-03",277,6,196,738,6982,0.627327413348611,1995,8365,675,2044,45,5827,7,1562,19,7
"500","2020-05-04",270,6,201,717,6982,0.627327413348611,1995,8365,675,2044,34,5861,15,1577,19,15
"501","2020-05-05",245,6,212,669,6982,0.627327413348611,1995,8365,675,2044,42,5903,7,1584,28,7
"502","2020-05-06",237,6,192,644,6982,0.627327413348611,1995,8365,675,2044,48,5951,10,1594,22,10
"503","2020-05-07",227,6,233,598,6982,0.627327413348611,1995,8365,675,2044,38,5989,14,1608,14,14
"504","2020-05-08",206,6,273,585,6982,0.627327413348611,1995,8365,675,2044,35,6024,9,1617,20,9
"505","2020-05-09",198,6,264,576,6982,0.627327413348611,1995,8365,675,2044,29,6053,14,1631,8,14
"506","2020-05-10",198,6,226,561,6982,0.627327413348611,1995,8365,675,2044,34,6087,10,1641,7,10
"507","2020-05-11",192,6,204,545,6982,0.627327413348611,1995,8365,675,2044,25,6112,13,1654,12,13
"508","2020-05-12",181,6,203,528,6982,0.627327413348611,1995,8365,675,2044,25,6137,65,1719,8,65
"509","2020-05-13",176,6,195,512,6982,0.627327413348611,1995,8365,675,2044,30,6167,45,1764,10,45
"510","2020-05-14",174,6,187,487,6982,0.627327413348611,1995,8365,675,2044,23,6190,15,1779,7,15
"511","2020-05-15",153,6,177,463,6982,0.627327413348611,1995,8365,675,2044,22,6212,22,1801,9,22
"512","2020-05-16",162,6,178,443,6982,0.627327413348611,1995,8365,675,2044,17,6229,18,1819,7,18
"513","2020-05-17",143,6,164,416,6982,0.627327413348611,1995,8365,675,2044,22,6251,11,1830,7,11
"514","2020-05-18",133,6,163,392,6982,0.627327413348611,1995,8365,675,2044,23,6274,19,1849,7,19
"515","2020-05-19",134,6,158,368,6982,0.627327413348611,1995,8365,675,2044,19,6293,68,1917,8,68
"516","2020-05-20",134,6,151,355,6982,0.627327413348611,1995,8365,675,2044,14,6307,44,1961,2,44
"517","2020-05-21",129,6,187,330,6982,0.627327413348611,1995,8365,675,2044,16,6323,36,1997,4,36
"518","2020-05-22",134,6,200,314,6982,0.627327413348611,1995,8365,675,2044,26,6349,46,2043,7,46
"519","2020-05-23",124,6,252,301,6982,0.627327413348611,1995,8365,675,2044,15,6364,25,2068,2,25
"520","2020-05-24",109,6,293,289,6982,0.627327413348611,1995,8365,675,2044,16,6380,16,2084,7,16
"521","2020-05-25",108,6,275,284,6982,0.627327413348611,1995,8365,675,2044,8,6388,21,2105,2,21
"522","2020-05-26",98,6,240,273,6982,0.627327413348611,1995,8365,675,2044,7,6395,20,2125,2,20
"523","2020-05-27",92,6,218,268,6982,0.627327413348611,1995,8365,675,2044,10,6405,13,2138,1,13
"524","2020-05-28",97,6,212,257,6982,0.627327413348611,1995,8365,675,2044,11,6416,10,2148,4,10
"525","2020-05-29",102,6,238,250,6982,0.627327413348611,1995,8365,675,2044,12,6428,46,2194,3,46
"526","2020-05-30",91,6,238,249,6982,0.627327413348611,1995,8365,675,2044,8,6436,50,2244,NA,50
"527","2020-05-31",99,6,206,242,6982,0.627327413348611,1995,8365,675,2044,8,6444,60,2304,3,60
"528","2020-06-01",96,6,196,231,6982,0.627327413348611,1995,8365,675,2044,11,6455,64,2368,1,64
"529","2020-06-02",90,6,185,225,6982,0.627327413348611,1995,8365,675,2044,19,6474,57,2425,6,57
"530","2020-06-03",86,6,186,218,6982,0.627327413348611,1995,8365,675,2044,6,6480,65,2490,1,65
"531","2020-06-04",77,6,230,212,6982,0.627327413348611,1995,8365,675,2044,10,6490,47,2537,3,47
"532","2020-06-05",83,6,227,208,6982,0.627327413348611,1995,8365,675,2044,10,6500,28,2565,5,28
"533","2020-06-06",81,6,205,194,6982,0.627327413348611,1995,8365,675,2044,7,6507,49,2614,2,49
"534","2020-06-07",65,6,180,185,6982,0.627327413348611,1995,8365,675,2044,5,6512,31,2645,2,31
"535","2020-03-07",2,7,0,0,8116,0.288812222769837,2100,9359,727,885,NA,NA,NA,NA,NA,NA
"536","2020-03-08",2,7,0,0,8116,0.288812222769837,2100,9359,727,885,NA,NA,NA,NA,NA,NA
"537","2020-03-09",0,7,0,0,8116,0.288812222769837,2100,9359,727,885,NA,NA,NA,NA,NA,NA
"538","2020-03-10",0,7,0,0,8116,0.288812222769837,2100,9359,727,885,NA,NA,12,12,NA,12
"539","2020-03-11",0,7,0,0,8116,0.288812222769837,2100,9359,727,885,28,28,53,65,1,53
"540","2020-03-12",1,7,87,160,8116,0.288812222769837,2100,9359,727,885,32,60,43,108,6,43
"541","2020-03-13",10,7,91,246,8116,0.288812222769837,2100,9359,727,885,34,94,19,127,11,19
"542","2020-03-14",25,7,87,341,8116,0.288812222769837,2100,9359,727,885,38,132,19,146,19,19
"543","2020-03-15",61,7,99,445,8116,0.288812222769837,2100,9359,727,885,49,181,48,194,24,48
"544","2020-03-16",78,7,101,543,8116,0.288812222769837,2100,9359,727,885,60,241,28,222,31,28
"545","2020-03-17",87,7,105,647,8116,0.288812222769837,2100,9359,727,885,60,301,17,239,40,17
"546","2020-03-18",112,7,143,760,8116,0.288812222769837,2100,9359,727,885,73,374,11,250,41,11
"547","2020-03-19",134,7,151,848,8116,0.288812222769837,2100,9359,727,885,86,460,10,260,57,10
"548","2020-03-20",205,7,138,963,8116,0.288812222769837,2100,9359,727,885,92,552,15,275,70,15
"549","2020-03-21",277,7,133,1084,8116,0.288812222769837,2100,9359,727,885,105,657,3,278,78,3
"550","2020-03-22",312,7,147,1161,8116,0.288812222769837,2100,9359,727,885,90,747,4,282,68,4
"551","2020-03-23",329,7,147,1248,8116,0.288812222769837,2100,9359,727,885,106,853,3,285,72,3
"552","2020-03-24",339,7,177,1324,8116,0.288812222769837,2100,9359,727,885,115,968,4,289,89,4
"553","2020-03-25",352,7,188,1402,8116,0.288812222769837,2100,9359,727,885,145,1113,9,298,120,9
"554","2020-03-26",375,7,218,1443,8116,0.288812222769837,2100,9359,727,885,149,1262,16,314,126,16
"555","2020-03-27",471,7,216,1485,8116,0.288812222769837,2100,9359,727,885,137,1399,43,357,110,43
"556","2020-03-28",487,7,214,1534,8116,0.288812222769837,2100,9359,727,885,147,1546,22,379,122,22
"557","2020-03-29",463,7,203,1567,8116,0.288812222769837,2100,9359,727,885,160,1706,28,407,126,28
"558","2020-03-30",471,7,178,1598,8116,0.288812222769837,2100,9359,727,885,157,1863,47,454,138,47
"559","2020-03-31",471,7,158,1578,8116,0.288812222769837,2100,9359,727,885,193,2056,34,488,162,34
"560","2020-04-01",487,7,149,1606,8116,0.288812222769837,2100,9359,727,885,160,2216,12,500,128,12
"561","2020-04-02",492,7,177,1608,8116,0.288812222769837,2100,9359,727,885,164,2380,11,511,140,11
"562","2020-04-03",561,7,203,1574,8116,0.288812222769837,2100,9359,727,885,187,2567,8,519,163,8
"563","2020-04-04",548,7,198,1557,8116,0.288812222769837,2100,9359,727,885,188,2755,53,572,166,53
"564","2020-04-05",515,7,210,1546,8116,0.288812222769837,2100,9359,727,885,141,2896,34,606,121,34
"565","2020-04-06",490,7,199,1537,8116,0.288812222769837,2100,9359,727,885,195,3091,22,628,171,22
"566","2020-04-07",476,7,189,1509,8116,0.288812222769837,2100,9359,727,885,176,3267,12,640,149,12
"567","2020-04-08",481,7,201,1504,8116,0.288812222769837,2100,9359,727,885,148,3415,7,647,123,7
"568","2020-04-09",487,7,204,1470,8116,0.288812222769837,2100,9359,727,885,160,3575,4,651,145,4
"569","2020-04-10",533,7,201,1450,8116,0.288812222769837,2100,9359,727,885,153,3728,24,675,131,24
"570","2020-04-11",551,7,240,1423,8116,0.288812222769837,2100,9359,727,885,151,3879,30,705,132,30
"571","2020-04-12",499,7,250,1389,8116,0.288812222769837,2100,9359,727,885,139,4018,16,721,116,16
"572","2020-04-13",489,7,255,1380,8116,0.288812222769837,2100,9359,727,885,116,4134,51,772,102,51
"573","2020-04-14",478,7,262,1330,8116,0.288812222769837,2100,9359,727,885,162,4296,38,810,149,38
"574","2020-04-15",458,7,261,1303,8116,0.288812222769837,2100,9359,727,885,108,4404,26,836,94,26
"575","2020-04-16",450,7,224,1287,8116,0.288812222769837,2100,9359,727,885,124,4528,17,853,106,17
"576","2020-04-17",440,7,213,1278,8116,0.288812222769837,2100,9359,727,885,132,4660,23,876,117,23
"577","2020-04-18",438,7,236,1247,8116,0.288812222769837,2100,9359,727,885,107,4767,17,893,97,17
"578","2020-04-19",399,7,214,1203,8116,0.288812222769837,2100,9359,727,885,107,4874,8,901,96,8
"579","2020-04-20",377,7,194,1168,8116,0.288812222769837,2100,9359,727,885,87,4961,31,932,66,31
"580","2020-04-21",391,7,182,1144,8116,0.288812222769837,2100,9359,727,885,91,5052,8,940,76,8
"581","2020-04-22",383,7,175,1131,8116,0.288812222769837,2100,9359,727,885,94,5146,8,948,82,8
"582","2020-04-23",369,7,158,1114,8116,0.288812222769837,2100,9359,727,885,97,5243,3,951,81,3
"583","2020-04-24",366,7,139,1092,8116,0.288812222769837,2100,9359,727,885,66,5309,10,961,57,10
"584","2020-04-25",353,7,135,1064,8116,0.288812222769837,2100,9359,727,885,38,5347,7,968,27,7
"585","2020-04-26",337,7,173,1029,8116,0.288812222769837,2100,9359,727,885,67,5414,4,972,53,4
"586","2020-04-27",332,7,211,1014,8116,0.288812222769837,2100,9359,727,885,40,5454,4,976,31,4
"587","2020-04-28",319,7,222,989,8116,0.288812222769837,2100,9359,727,885,39,5493,3,979,28,3
"588","2020-04-29",324,7,255,983,8116,0.288812222769837,2100,9359,727,885,51,5544,31,1010,35,31
"589","2020-04-30",315,7,242,962,8116,0.288812222769837,2100,9359,727,885,34,5578,34,1044,25,34
"590","2020-05-01",312,7,216,932,8116,0.288812222769837,2100,9359,727,885,43,5621,30,1074,31,30
"591","2020-05-02",304,7,212,914,8116,0.288812222769837,2100,9359,727,885,38,5659,10,1084,33,10
"592","2020-05-03",302,7,204,871,8116,0.288812222769837,2100,9359,727,885,33,5692,39,1123,16,39
"593","2020-05-04",303,7,213,847,8116,0.288812222769837,2100,9359,727,885,25,5717,31,1154,14,31
"594","2020-05-05",291,7,248,843,8116,0.288812222769837,2100,9359,727,885,28,5745,29,1183,16,29
"595","2020-05-06",280,7,252,793,8116,0.288812222769837,2100,9359,727,885,34,5779,26,1209,20,26
"596","2020-05-07",272,7,253,750,8116,0.288812222769837,2100,9359,727,885,34,5813,9,1218,18,9
"597","2020-05-08",265,7,275,723,8116,0.288812222769837,2100,9359,727,885,35,5848,5,1223,21,5
"598","2020-05-09",266,7,282,711,8116,0.288812222769837,2100,9359,727,885,22,5870,22,1245,14,22
"599","2020-05-10",225,7,283,700,8116,0.288812222769837,2100,9359,727,885,32,5902,14,1259,21,14
"600","2020-05-11",215,7,261,679,8116,0.288812222769837,2100,9359,727,885,17,5919,21,1280,13,21
"601","2020-05-12",208,7,242,664,8116,0.288812222769837,2100,9359,727,885,20,5939,17,1297,8,17
"602","2020-05-13",202,7,219,620,8116,0.288812222769837,2100,9359,727,885,20,5959,62,1359,9,62
"603","2020-05-14",204,7,222,581,8116,0.288812222769837,2100,9359,727,885,22,5981,45,1404,12,45
"604","2020-05-15",195,7,228,570,8116,0.288812222769837,2100,9359,727,885,16,5997,23,1427,8,23
"605","2020-05-16",193,7,211,554,8116,0.288812222769837,2100,9359,727,885,18,6015,14,1441,9,14
"606","2020-05-17",200,7,183,531,8116,0.288812222769837,2100,9359,727,885,12,6027,11,1452,7,11
"607","2020-05-18",185,7,183,500,8116,0.288812222769837,2100,9359,727,885,11,6038,8,1460,7,8
"608","2020-05-19",170,7,175,480,8116,0.288812222769837,2100,9359,727,885,21,6059,15,1475,14,15
"609","2020-05-20",166,7,203,454,8116,0.288812222769837,2100,9359,727,885,10,6069,30,1505,7,30
"610","2020-05-21",162,7,198,432,8116,0.288812222769837,2100,9359,727,885,13,6082,24,1529,4,24
"611","2020-05-22",150,7,206,412,8116,0.288812222769837,2100,9359,727,885,13,6095,18,1547,8,18
"612","2020-05-23",151,7,213,396,8116,0.288812222769837,2100,9359,727,885,9,6104,35,1582,6,35
"613","2020-05-24",135,7,221,378,8116,0.288812222769837,2100,9359,727,885,10,6114,21,1603,3,21
"614","2020-05-25",127,7,243,374,8116,0.288812222769837,2100,9359,727,885,12,6126,22,1625,7,22
"615","2020-05-26",124,7,244,339,8116,0.288812222769837,2100,9359,727,885,9,6135,10,1635,5,10
"616","2020-05-27",120,7,238,319,8116,0.288812222769837,2100,9359,727,885,14,6149,28,1663,6,28
"617","2020-05-28",110,7,224,296,8116,0.288812222769837,2100,9359,727,885,10,6159,40,1703,5,40
"618","2020-05-29",106,7,183,283,8116,0.288812222769837,2100,9359,727,885,10,6169,33,1736,5,33
"619","2020-05-30",98,7,183,267,8116,0.288812222769837,2100,9359,727,885,15,6184,60,1796,8,60
"620","2020-05-31",85,7,194,265,8116,0.288812222769837,2100,9359,727,885,13,6197,39,1835,8,39
"621","2020-06-01",80,7,211,251,8116,0.288812222769837,2100,9359,727,885,9,6206,19,1854,4,19
"622","2020-06-02",76,7,236,245,8116,0.288812222769837,2100,9359,727,885,7,6213,11,1865,3,11
"623","2020-06-03",71,7,217,238,8116,0.288812222769837,2100,9359,727,885,15,6228,12,1877,8,12
"624","2020-06-04",75,7,179,230,8116,0.288812222769837,2100,9359,727,885,10,6238,9,1886,5,9
"625","2020-06-05",77,7,149,215,8116,0.288812222769837,2100,9359,727,885,11,6249,5,1891,5,5
"626","2020-06-06",82,7,135,205,8116,0.288812222769837,2100,9359,727,885,8,6257,3,1894,4,3
"627","2020-06-07",73,7,148,193,8116,0.288812222769837,2100,9359,727,885,16,6273,9,1903,11,9
"628","2020-03-13",1,8,190,216,7630,0.474180865006553,2070,8405,734,1920,40,141,14,67,3,14
"629","2020-03-14",11,8,196,302,7630,0.474180865006553,2070,8405,734,1920,48,189,13,80,4,13
"630","2020-03-15",46,8,212,409,7630,0.474180865006553,2070,8405,734,1920,57,246,7,87,15,7
"631","2020-03-16",53,8,267,512,7630,0.474180865006553,2070,8405,734,1920,71,317,8,95,17,8
"632","2020-03-17",59,8,263,615,7630,0.474180865006553,2070,8405,734,1920,59,376,9,104,17,9
"633","2020-03-18",82,8,262,713,7630,0.474180865006553,2070,8405,734,1920,77,453,44,148,38,44
"634","2020-03-19",109,8,245,808,7630,0.474180865006553,2070,8405,734,1920,77,530,37,185,33,37
"635","2020-03-20",200,8,241,923,7630,0.474180865006553,2070,8405,734,1920,76,606,25,210,29,25
"636","2020-03-21",270,8,251,1034,7630,0.474180865006553,2070,8405,734,1920,92,698,18,228,46,18
"637","2020-03-22",297,8,251,1139,7630,0.474180865006553,2070,8405,734,1920,91,789,21,249,39,21
"638","2020-03-23",318,8,285,1236,7630,0.474180865006553,2070,8405,734,1920,82,871,33,282,40,33
"639","2020-03-24",336,8,306,1303,7630,0.474180865006553,2070,8405,734,1920,103,974,53,335,47,53
"640","2020-03-25",369,8,301,1397,7630,0.474180865006553,2070,8405,734,1920,83,1057,57,392,42,57
"641","2020-03-26",399,8,298,1488,7630,0.474180865006553,2070,8405,734,1920,109,1166,44,436,66,44
"642","2020-03-27",524,8,333,1553,7630,0.474180865006553,2070,8405,734,1920,109,1275,22,458,62,22
"643","2020-03-28",546,8,344,1609,7630,0.474180865006553,2070,8405,734,1920,111,1386,34,492,60,34
"644","2020-03-29",501,8,338,1651,7630,0.474180865006553,2070,8405,734,1920,122,1508,52,544,74,52
"645","2020-03-30",506,8,330,1702,7630,0.474180865006553,2070,8405,734,1920,114,1622,51,595,72,51
"646","2020-03-31",505,8,362,1737,7630,0.474180865006553,2070,8405,734,1920,94,1716,62,657,48,62
"647","2020-04-01",509,8,342,1774,7630,0.474180865006553,2070,8405,734,1920,105,1821,34,691,57,34
"648","2020-04-02",507,8,348,1790,7630,0.474180865006553,2070,8405,734,1920,88,1909,30,721,44,30
"649","2020-04-03",603,8,336,1822,7630,0.474180865006553,2070,8405,734,1920,129,2038,26,747,80,26
"650","2020-04-04",580,8,315,1833,7630,0.474180865006553,2070,8405,734,1920,121,2159,15,762,77,15
"651","2020-04-05",550,8,325,1832,7630,0.474180865006553,2070,8405,734,1920,125,2284,61,823,68,61
"652","2020-04-06",540,8,352,1795,7630,0.474180865006553,2070,8405,734,1920,115,2399,43,866,68,43
"653","2020-04-07",554,8,326,1734,7630,0.474180865006553,2070,8405,734,1920,123,2522,46,912,75,46
"654","2020-04-08",552,8,306,1722,7630,0.474180865006553,2070,8405,734,1920,105,2627,59,971,53,60
"655","2020-04-09",564,8,300,1716,7630,0.474180865006553,2070,8405,734,1920,107,2734,45,1016,57,45
"656","2020-04-10",549,8,291,1711,7630,0.474180865006553,2070,8405,734,1920,103,2837,27,1043,51,27
"657","2020-04-11",579,8,275,1651,7630,0.474180865006553,2070,8405,734,1920,119,2956,26,1069,58,26
"658","2020-04-12",534,8,267,1602,7630,0.474180865006553,2070,8405,734,1920,124,3080,42,1111,78,42
"659","2020-04-13",555,8,252,1552,7630,0.474180865006553,2070,8405,734,1920,95,3175,61,1172,51,61
"660","2020-04-14",529,8,254,1507,7630,0.474180865006553,2070,8405,734,1920,105,3280,39,1211,58,39
"661","2020-04-15",524,8,248,1445,7630,0.474180865006553,2070,8405,734,1920,102,3382,23,1234,70,23
"662","2020-04-16",498,8,269,1389,7630,0.474180865006553,2070,8405,734,1920,108,3490,15,1249,72,15
"663","2020-04-17",530,8,306,1328,7630,0.474180865006553,2070,8405,734,1920,102,3592,12,1261,52,12
"664","2020-04-18",517,8,287,1273,7630,0.474180865006553,2070,8405,734,1920,85,3677,8,1269,43,8
"665","2020-04-19",463,8,305,1235,7630,0.474180865006553,2070,8405,734,1920,72,3749,19,1288,29,19
"666","2020-04-20",424,8,294,1192,7630,0.474180865006553,2070,8405,734,1920,85,3834,36,1324,48,36
"667","2020-04-21",411,8,311,1161,7630,0.474180865006553,2070,8405,734,1920,89,3923,16,1340,43,16
"668","2020-04-22",389,8,326,1108,7630,0.474180865006553,2070,8405,734,1920,66,3989,21,1361,28,21
"669","2020-04-23",380,8,328,1047,7630,0.474180865006553,2070,8405,734,1920,87,4076,11,1372,47,11
"670","2020-04-24",351,8,319,1002,7630,0.474180865006553,2070,8405,734,1920,74,4150,15,1387,38,15
"671","2020-04-25",334,8,319,951,7630,0.474180865006553,2070,8405,734,1920,90,4240,11,1398,40,11
"672","2020-04-26",307,8,326,919,7630,0.474180865006553,2070,8405,734,1920,71,4311,53,1451,35,53
"673","2020-04-27",295,8,346,896,7630,0.474180865006553,2070,8405,734,1920,77,4388,38,1489,28,38
"674","2020-04-28",292,8,356,843,7630,0.474180865006553,2070,8405,734,1920,59,4447,52,1541,26,52
"675","2020-04-29",304,8,348,807,7630,0.474180865006553,2070,8405,734,1920,77,4524,41,1582,36,41
"676","2020-04-30",303,8,369,774,7630,0.474180865006553,2070,8405,734,1920,55,4579,67,1649,27,67
"677","2020-05-01",301,8,356,752,7630,0.474180865006553,2070,8405,734,1920,65,4644,66,1715,32,66
"678","2020-05-02",280,8,344,747,7630,0.474180865006553,2070,8405,734,1920,50,4694,30,1745,19,30
"679","2020-05-03",275,8,349,715,7630,0.474180865006553,2070,8405,734,1920,55,4749,24,1769,22,24
"680","2020-05-04",268,8,344,690,7630,0.474180865006553,2070,8405,734,1920,46,4795,18,1787,22,18
"681","2020-05-05",243,8,329,651,7630,0.474180865006553,2070,8405,734,1920,63,4858,57,1844,27,57
"682","2020-05-06",229,8,310,626,7630,0.474180865006553,2070,8405,734,1920,54,4912,43,1887,16,43
"683","2020-05-07",222,8,315,602,7630,0.474180865006553,2070,8405,734,1920,58,4970,14,1901,26,14
"684","2020-05-08",232,8,289,576,7630,0.474180865006553,2070,8405,734,1920,45,5015,17,1918,19,17
"685","2020-05-09",226,8,262,537,7630,0.474180865006553,2070,8405,734,1920,39,5054,11,1929,16,11
"686","2020-05-10",178,8,274,509,7630,0.474180865006553,2070,8405,734,1920,34,5088,49,1978,12,49
"687","2020-05-11",174,8,270,473,7630,0.474180865006553,2070,8405,734,1920,57,5145,41,2019,26,41
"688","2020-05-12",183,8,270,458,7630,0.474180865006553,2070,8405,734,1920,46,5191,20,2039,15,20
"689","2020-05-13",172,8,282,449,7630,0.474180865006553,2070,8405,734,1920,44,5235,26,2065,17,26
"690","2020-05-14",159,8,281,428,7630,0.474180865006553,2070,8405,734,1920,40,5275,50,2115,13,50
"691","2020-05-15",125,8,255,417,7630,0.474180865006553,2070,8405,734,1920,36,5311,37,2152,15,37
"692","2020-05-16",131,8,272,407,7630,0.474180865006553,2070,8405,734,1920,40,5351,61,2213,14,61
"693","2020-05-17",145,8,317,390,7630,0.474180865006553,2070,8405,734,1920,29,5380,45,2258,8,45
"694","2020-05-18",136,8,308,368,7630,0.474180865006553,2070,8405,734,1920,43,5423,47,2305,14,47
"695","2020-05-19",121,8,327,356,7630,0.474180865006553,2070,8405,734,1920,33,5456,22,2327,14,22
"696","2020-05-20",115,8,316,347,7630,0.474180865006553,2070,8405,734,1920,26,5482,14,2341,7,14
"697","2020-05-21",123,8,336,341,7630,0.474180865006553,2070,8405,734,1920,25,5507,18,2359,7,18
"698","2020-05-22",117,8,328,314,7630,0.474180865006553,2070,8405,734,1920,27,5534,17,2376,8,17
"699","2020-05-23",122,8,316,284,7630,0.474180865006553,2070,8405,734,1920,18,5552,13,2389,2,13
"700","2020-05-24",113,8,334,270,7630,0.474180865006553,2070,8405,734,1920,21,5573,13,2402,7,13
"701","2020-05-25",100,8,338,252,7630,0.474180865006553,2070,8405,734,1920,27,5600,7,2409,9,7
"702","2020-05-26",97,8,316,234,7630,0.474180865006553,2070,8405,734,1920,51,5651,14,2423,10,14
"703","2020-05-27",92,8,307,224,7630,0.474180865006553,2070,8405,734,1920,20,5671,32,2455,9,32
"704","2020-05-28",82,8,318,208,7630,0.474180865006553,2070,8405,734,1920,16,5687,24,2479,1,24
"705","2020-05-29",83,8,296,203,7630,0.474180865006553,2070,8405,734,1920,23,5710,37,2516,9,37
"706","2020-05-30",71,8,294,195,7630,0.474180865006553,2070,8405,734,1920,20,5730,47,2563,10,47
"707","2020-05-31",68,8,281,190,7630,0.474180865006553,2070,8405,734,1920,22,5752,21,2584,6,21
"708","2020-06-01",63,8,261,177,7630,0.474180865006553,2070,8405,734,1920,24,5776,24,2608,6,24
"709","2020-06-02",54,8,250,174,7630,0.474180865006553,2070,8405,734,1920,19,5795,16,2624,6,16
"710","2020-06-03",52,8,260,173,7630,0.474180865006553,2070,8405,734,1920,11,5806,59,2683,5,59
"711","2020-06-04",52,8,302,176,7630,0.474180865006553,2070,8405,734,1920,17,5823,37,2720,4,37
"712","2020-06-05",53,8,310,165,7630,0.474180865006553,2070,8405,734,1920,14,5837,48,2768,7,48
"713","2020-06-06",62,8,285,162,7630,0.474180865006553,2070,8405,734,1920,7,5844,24,2792,1,24
"714","2020-06-07",50,8,271,156,7630,0.474180865006553,2070,8405,734,1920,8,5852,46,2838,1,46
"715","2020-03-14",4,9,91,86,6611,0.889880502193314,2070,7560,739,1493,25,81,52,196,16,52
"716","2020-03-15",6,9,84,122,6611,0.889880502193314,2070,7560,739,1493,24,105,30,226,17,30
"717","2020-03-16",8,9,75,168,6611,0.889880502193314,2070,7560,739,1493,32,137,19,245,25,19
"718","2020-03-17",12,9,89,215,6611,0.889880502193314,2070,7560,739,1493,31,168,19,264,21,19
"719","2020-03-18",16,9,123,278,6611,0.889880502193314,2070,7560,739,1493,45,213,14,278,39,14
"720","2020-03-19",27,9,131,328,6611,0.889880502193314,2070,7560,739,1493,69,282,13,291,56,13
"721","2020-03-20",43,9,132,395,6611,0.889880502193314,2070,7560,739,1493,56,338,58,349,42,58
"722","2020-03-21",62,9,193,486,6611,0.889880502193314,2070,7560,739,1493,67,405,29,378,59,29
"723","2020-03-22",116,9,238,581,6611,0.889880502193314,2070,7560,739,1493,56,461,17,395,43,17
"724","2020-03-23",119,9,223,701,6611,0.889880502193314,2070,7560,739,1493,81,542,20,415,71,20
"725","2020-03-24",113,9,222,804,6611,0.889880502193314,2070,7560,739,1493,103,645,44,459,88,44
"726","2020-03-25",134,9,250,923,6611,0.889880502193314,2070,7560,739,1493,93,738,28,487,79,28
"727","2020-03-26",161,9,248,1051,6611,0.889880502193314,2070,7560,739,1493,125,863,17,504,105,17
"728","2020-03-27",263,9,236,1193,6611,0.889880502193314,2070,7560,739,1493,133,996,24,528,118,24
"729","2020-03-28",287,9,202,1340,6611,0.889880502193314,2070,7560,739,1493,142,1138,14,542,134,14
"730","2020-03-29",375,9,184,1453,6611,0.889880502193314,2070,7560,739,1493,146,1284,55,597,133,55
"731","2020-03-30",416,9,236,1550,6611,0.889880502193314,2070,7560,739,1493,152,1436,22,619,141,22
"732","2020-03-31",426,9,246,1691,6611,0.889880502193314,2070,7560,739,1493,150,1586,15,634,137,15
"733","2020-04-01",453,9,226,1792,6611,0.889880502193314,2070,7560,739,1493,163,1749,22,656,151,22
"734","2020-04-02",486,9,212,1889,6611,0.889880502193314,2070,7560,739,1493,175,1924,28,684,159,28
"735","2020-04-03",665,9,193,1973,6611,0.889880502193314,2070,7560,739,1493,175,2099,15,699,164,15
"736","2020-04-04",736,9,172,2049,6611,0.889880502193314,2070,7560,739,1493,208,2307,9,708,188,9
"737","2020-04-05",665,9,157,2066,6611,0.889880502193314,2070,7560,739,1493,194,2501,12,720,188,12
"738","2020-04-06",666,9,154,2079,6611,0.889880502193314,2070,7560,739,1493,191,2692,12,732,180,12
"739","2020-04-07",682,9,183,2093,6611,0.889880502193314,2070,7560,739,1493,190,2882,8,740,172,8
"740","2020-04-08",687,9,201,2118,6611,0.889880502193314,2070,7560,739,1493,182,3064,20,760,176,20
"741","2020-04-09",687,9,202,2088,6611,0.889880502193314,2070,7560,739,1493,147,3211,58,818,139,58
"742","2020-04-10",718,9,180,2069,6611,0.889880502193314,2070,7560,739,1493,199,3410,45,863,188,45
"743","2020-04-11",697,9,175,1972,6611,0.889880502193314,2070,7560,739,1493,165,3575,69,932,151,69
"744","2020-04-12",655,9,156,1922,6611,0.889880502193314,2070,7560,739,1493,185,3760,37,969,172,37
"745","2020-04-13",661,9,165,1888,6611,0.889880502193314,2070,7560,739,1493,155,3915,52,1021,146,52
"746","2020-04-14",637,9,207,1830,6611,0.889880502193314,2070,7560,739,1493,149,4064,38,1059,138,38
"747","2020-04-15",639,9,209,1773,6611,0.889880502193314,2070,7560,739,1493,140,4204,75,1134,134,75
"748","2020-04-16",628,9,218,1716,6611,0.889880502193314,2070,7560,739,1493,127,4331,43,1177,120,43
"749","2020-04-17",628,9,235,1615,6611,0.889880502193314,2070,7560,739,1493,138,4469,22,1199,127,22
"750","2020-04-18",613,9,222,1526,6611,0.889880502193314,2070,7560,739,1493,128,4597,16,1215,122,16
"751","2020-04-19",541,9,195,1427,6611,0.889880502193314,2070,7560,739,1493,106,4703,18,1233,99,18
"752","2020-04-20",519,9,193,1348,6611,0.889880502193314,2070,7560,739,1493,105,4808,26,1259,97,26
"753","2020-04-21",516,9,171,1266,6611,0.889880502193314,2070,7560,739,1493,88,4896,20,1279,82,20
"754","2020-04-22",506,9,162,1167,6611,0.889880502193314,2070,7560,739,1493,63,4959,8,1287,56,8
"755","2020-04-23",479,9,172,1102,6611,0.889880502193314,2070,7560,739,1493,70,5029,6,1293,66,6
"756","2020-04-24",415,9,184,1068,6611,0.889880502193314,2070,7560,739,1493,67,5096,9,1302,60,9
"757","2020-04-25",395,9,205,1004,6611,0.889880502193314,2070,7560,739,1493,68,5164,4,1306,65,4
"758","2020-04-26",368,9,213,935,6611,0.889880502193314,2070,7560,739,1493,46,5210,11,1317,39,11
"759","2020-04-27",352,9,215,867,6611,0.889880502193314,2070,7560,739,1493,63,5273,4,1321,56,4
"760","2020-04-28",321,9,215,780,6611,0.889880502193314,2070,7560,739,1493,67,5340,9,1330,60,9
"761","2020-04-29",302,9,249,722,6611,0.889880502193314,2070,7560,739,1493,52,5392,14,1344,45,14
"762","2020-04-30",302,9,246,670,6611,0.889880502193314,2070,7560,739,1493,31,5423,10,1354,25,10
"763","2020-05-01",286,9,257,607,6611,0.889880502193314,2070,7560,739,1493,39,5462,29,1383,33,29
"764","2020-05-02",264,9,276,545,6611,0.889880502193314,2070,7560,739,1493,59,5521,56,1439,48,56
"765","2020-05-03",225,9,269,495,6611,0.889880502193314,2070,7560,739,1493,31,5552,30,1469,28,30
"766","2020-05-04",205,9,261,454,6611,0.889880502193314,2070,7560,739,1493,35,5587,20,1489,24,20
"767","2020-05-05",186,9,267,422,6611,0.889880502193314,2070,7560,739,1493,28,5615,35,1524,23,35
"768","2020-05-06",175,9,257,389,6611,0.889880502193314,2070,7560,739,1493,29,5644,34,1558,23,34
"769","2020-05-07",153,9,222,349,6611,0.889880502193314,2070,7560,739,1493,24,5668,26,1584,20,26
"770","2020-05-08",127,9,241,332,6611,0.889880502193314,2070,7560,739,1493,28,5696,36,1620,24,36
"771","2020-05-09",122,9,294,314,6611,0.889880502193314,2070,7560,739,1493,27,5723,37,1657,24,37
"772","2020-05-10",120,9,264,296,6611,0.889880502193314,2070,7560,739,1493,24,5747,40,1697,20,40
"773","2020-05-11",115,9,221,275,6611,0.889880502193314,2070,7560,739,1493,28,5775,14,1711,25,14
"774","2020-05-12",109,9,189,257,6611,0.889880502193314,2070,7560,739,1493,19,5794,5,1716,16,5
"775","2020-05-13",100,9,219,249,6611,0.889880502193314,2070,7560,739,1493,15,5809,15,1731,12,15
"776","2020-05-14",93,9,238,228,6611,0.889880502193314,2070,7560,739,1493,19,5828,13,1744,12,13
"777","2020-05-15",83,9,241,215,6611,0.889880502193314,2070,7560,739,1493,19,5847,16,1760,14,16
"778","2020-05-16",84,9,247,214,6611,0.889880502193314,2070,7560,739,1493,12,5859,32,1792,10,32
"779","2020-05-17",71,9,255,206,6611,0.889880502193314,2070,7560,739,1493,13,5872,27,1819,11,27
"780","2020-05-18",67,9,249,197,6611,0.889880502193314,2070,7560,739,1493,18,5890,16,1835,14,16
"781","2020-05-19",64,9,247,199,6611,0.889880502193314,2070,7560,739,1493,16,5906,21,1856,14,21
"782","2020-05-20",64,9,241,185,6611,0.889880502193314,2070,7560,739,1493,9,5915,41,1897,5,41
"783","2020-05-21",69,9,216,174,6611,0.889880502193314,2070,7560,739,1493,10,5925,30,1927,5,30
"784","2020-05-22",69,9,203,163,6611,0.889880502193314,2070,7560,739,1493,16,5941,32,1959,12,32
"785","2020-05-23",69,9,249,154,6611,0.889880502193314,2070,7560,739,1493,13,5954,25,1984,10,25
"786","2020-05-24",62,9,231,142,6611,0.889880502193314,2070,7560,739,1493,10,5964,17,2001,5,17
"787","2020-05-25",60,9,226,136,6611,0.889880502193314,2070,7560,739,1493,13,5977,6,2007,8,6
"788","2020-05-26",57,9,253,125,6611,0.889880502193314,2070,7560,739,1493,9,5986,33,2040,4,33
"789","2020-05-27",50,9,248,112,6611,0.889880502193314,2070,7560,739,1493,8,5994,34,2074,7,34
"790","2020-05-28",47,9,225,114,6611,0.889880502193314,2070,7560,739,1493,9,6003,63,2137,6,63
"791","2020-05-29",47,9,218,117,6611,0.889880502193314,2070,7560,739,1493,4,6007,41,2178,3,41
"792","2020-05-30",38,9,206,111,6611,0.889880502193314,2070,7560,739,1493,15,6022,20,2198,9,20
"793","2020-05-31",37,9,230,111,6611,0.889880502193314,2070,7560,739,1493,5,6027,28,2226,5,28
"794","2020-06-01",33,9,251,113,6611,0.889880502193314,2070,7560,739,1493,10,6037,65,2291,8,65
"795","2020-06-02",32,9,238,108,6611,0.889880502193314,2070,7560,739,1493,11,6048,35,2326,11,35
"796","2020-06-03",37,9,252,104,6611,0.889880502193314,2070,7560,739,1493,7,6055,22,2348,6,22
"797","2020-06-04",35,9,259,100,6611,0.889880502193314,2070,7560,739,1493,2,6057,22,2370,2,22
"798","2020-06-05",29,9,227,93,6611,0.889880502193314,2070,7560,739,1493,4,6061,52,2422,3,52
"799","2020-06-06",30,9,211,84,6611,0.889880502193314,2070,7560,739,1493,7,6068,34,2456,4,34
"800","2020-06-07",25,9,178,86,6611,0.889880502193314,2070,7560,739,1493,7,6075,49,2505,6,49
"801","2020-03-13",1,10,132,44,6559,0.845708187223662,1950,7274,776,1617,59,140,30,78,13,30
"802","2020-03-14",4,10,135,66,6559,0.845708187223662,1950,7274,776,1617,48,188,44,122,12,44
"803","2020-03-15",6,10,136,91,6559,0.845708187223662,1950,7274,776,1617,80,268,20,142,33,20
"804","2020-03-16",9,10,138,116,6559,0.845708187223662,1950,7274,776,1617,90,358,17,159,39,17
"805","2020-03-17",14,10,150,149,6559,0.845708187223662,1950,7274,776,1617,85,443,4,163,54,4
"806","2020-03-18",19,10,178,192,6559,0.845708187223662,1950,7274,776,1617,91,534,8,171,52,8
"807","2020-03-19",28,10,208,243,6559,0.845708187223662,1950,7274,776,1617,99,633,10,181,61,10
"808","2020-03-20",38,10,204,283,6559,0.845708187223662,1950,7274,776,1617,95,728,11,192,64,11
"809","2020-03-21",59,10,203,331,6559,0.845708187223662,1950,7274,776,1617,119,847,38,230,84,38
"810","2020-03-22",93,10,211,381,6559,0.845708187223662,1950,7274,776,1617,156,1003,15,245,104,15
"811","2020-03-23",106,10,222,451,6559,0.845708187223662,1950,7274,776,1617,122,1125,14,259,92,14
"812","2020-03-24",110,10,238,493,6559,0.845708187223662,1950,7274,776,1617,133,1258,5,264,100,5
"813","2020-03-25",122,10,209,570,6559,0.845708187223662,1950,7274,776,1617,129,1387,10,274,95,10
"814","2020-03-26",135,10,178,623,6559,0.845708187223662,1950,7274,776,1617,152,1539,17,291,105,17
"815","2020-03-27",196,10,167,711,6559,0.845708187223662,1950,7274,776,1617,153,1692,28,319,112,28
"816","2020-03-28",212,10,152,787,6559,0.845708187223662,1950,7274,776,1617,201,1893,39,358,163,39
"817","2020-03-29",198,10,160,871,6559,0.845708187223662,1950,7274,776,1617,173,2066,53,411,143,53
"818","2020-03-30",202,10,179,939,6559,0.845708187223662,1950,7274,776,1617,150,2216,58,469,120,58
"819","2020-03-31",207,10,184,1041,6559,0.845708187223662,1950,7274,776,1617,161,2377,54,523,124,54
"820","2020-04-01",234,10,184,1113,6559,0.845708187223662,1950,7274,776,1617,170,2547,32,555,138,32
"821","2020-04-02",264,10,175,1211,6559,0.845708187223662,1950,7274,776,1617,200,2747,21,576,162,21
"822","2020-04-03",350,10,183,1316,6559,0.845708187223662,1950,7274,776,1617,168,2915,36,612,128,36
"823","2020-04-04",376,10,231,1418,6559,0.845708187223662,1950,7274,776,1617,141,3056,53,665,108,53
"824","2020-04-05",396,10,239,1508,6559,0.845708187223662,1950,7274,776,1617,188,3244,66,731,146,66
"825","2020-04-06",408,10,288,1586,6559,0.845708187223662,1950,7274,776,1617,152,3396,36,767,124,36
"826","2020-04-07",428,10,274,1664,6559,0.845708187223662,1950,7274,776,1617,150,3546,17,784,117,17
"827","2020-04-08",440,10,239,1738,6559,0.845708187223662,1950,7274,776,1617,142,3688,19,803,120,19
"828","2020-04-09",461,10,229,1847,6559,0.845708187223662,1950,7274,776,1617,162,3850,14,817,132,14
"829","2020-04-10",609,10,251,1891,6559,0.845708187223662,1950,7274,776,1617,159,4009,62,879,121,62
"830","2020-04-11",640,10,248,1930,6559,0.845708187223662,1950,7274,776,1617,148,4157,23,902,110,23
"831","2020-04-12",617,10,284,1928,6559,0.845708187223662,1950,7274,776,1617,106,4263,35,937,79,35
"832","2020-04-13",643,10,269,1916,6559,0.845708187223662,1950,7274,776,1617,122,4385,40,977,92,40
"833","2020-04-14",640,10,253,1912,6559,0.845708187223662,1950,7274,776,1617,119,4504,57,1034,88,57
"834","2020-04-15",661,10,222,1934,6559,0.845708187223662,1950,7274,776,1617,76,4580,68,1102,52,68
"835","2020-04-16",675,10,210,1908,6559,0.845708187223662,1950,7274,776,1617,102,4682,37,1139,69,37
"836","2020-04-17",709,10,222,1869,6559,0.845708187223662,1950,7274,776,1617,116,4798,39,1178,82,39
"837","2020-04-18",692,10,226,1866,6559,0.845708187223662,1950,7274,776,1617,86,4884,32,1210,63,32
"838","2020-04-19",633,10,253,1871,6559,0.845708187223662,1950,7274,776,1617,78,4962,23,1233,46,23
"839","2020-04-20",613,10,278,1825,6559,0.845708187223662,1950,7274,776,1617,75,5037,45,1278,50,45
"840","2020-04-21",612,10,263,1776,6559,0.845708187223662,1950,7274,776,1617,75,5112,27,1305,49,27
"841","2020-04-22",592,10,238,1700,6559,0.845708187223662,1950,7274,776,1617,61,5173,21,1326,38,21
"842","2020-04-23",570,10,263,1647,6559,0.845708187223662,1950,7274,776,1617,70,5243,12,1338,45,12
"843","2020-04-24",546,10,273,1562,6559,0.845708187223662,1950,7274,776,1617,63,5306,17,1355,44,17
"844","2020-04-25",542,10,254,1492,6559,0.845708187223662,1950,7274,776,1617,56,5362,36,1391,37,36
"845","2020-04-26",537,10,234,1411,6559,0.845708187223662,1950,7274,776,1617,75,5437,20,1411,47,20
"846","2020-04-27",541,10,215,1338,6559,0.845708187223662,1950,7274,776,1617,62,5499,20,1431,36,20
"847","2020-04-28",513,10,222,1241,6559,0.845708187223662,1950,7274,776,1617,44,5543,11,1442,26,11
"848","2020-04-29",500,10,229,1157,6559,0.845708187223662,1950,7274,776,1617,42,5585,15,1457,19,15
"849","2020-04-30",473,10,205,1095,6559,0.845708187223662,1950,7274,776,1617,47,5632,10,1467,24,10
"850","2020-05-01",426,10,262,1011,6559,0.845708187223662,1950,7274,776,1617,44,5676,14,1481,22,14
"851","2020-05-02",410,10,277,948,6559,0.845708187223662,1950,7274,776,1617,31,5707,47,1528,18,47
"852","2020-05-03",375,10,260,868,6559,0.845708187223662,1950,7274,776,1617,47,5754,30,1558,28,30
"853","2020-05-04",337,10,274,794,6559,0.845708187223662,1950,7274,776,1617,33,5787,24,1582,18,24
"854","2020-05-05",319,10,283,719,6559,0.845708187223662,1950,7274,776,1617,36,5823,13,1595,16,13
"855","2020-05-06",297,10,304,675,6559,0.845708187223662,1950,7274,776,1617,46,5869,10,1605,28,10
"856","2020-05-07",282,10,288,627,6559,0.845708187223662,1950,7274,776,1617,31,5900,6,1611,17,6
"857","2020-05-08",240,10,256,572,6559,0.845708187223662,1950,7274,776,1617,41,5941,12,1623,22,12
"858","2020-05-09",225,10,249,525,6559,0.845708187223662,1950,7274,776,1617,36,5977,14,1637,20,14
"859","2020-05-10",192,10,243,476,6559,0.845708187223662,1950,7274,776,1617,23,6000,41,1678,8,41
"860","2020-05-11",182,10,231,437,6559,0.845708187223662,1950,7274,776,1617,27,6027,34,1712,10,34
"861","2020-05-12",164,10,222,389,6559,0.845708187223662,1950,7274,776,1617,33,6060,14,1726,11,14
"862","2020-05-13",157,10,233,351,6559,0.845708187223662,1950,7274,776,1617,18,6078,12,1738,8,12
"863","2020-05-14",145,10,244,325,6559,0.845708187223662,1950,7274,776,1617,33,6111,49,1787,13,49
"864","2020-05-15",135,10,228,282,6559,0.845708187223662,1950,7274,776,1617,24,6135,34,1821,12,34
"865","2020-05-16",125,10,219,258,6559,0.845708187223662,1950,7274,776,1617,27,6162,62,1883,18,62
"866","2020-05-17",111,10,235,249,6559,0.845708187223662,1950,7274,776,1617,29,6191,48,1931,14,48
"867","2020-05-18",103,10,230,239,6559,0.845708187223662,1950,7274,776,1617,13,6204,20,1951,4,20
"868","2020-05-19",96,10,236,220,6559,0.845708187223662,1950,7274,776,1617,22,6226,6,1957,10,6
"869","2020-05-20",85,10,218,206,6559,0.845708187223662,1950,7274,776,1617,22,6248,13,1970,8,13
"870","2020-05-21",82,10,222,181,6559,0.845708187223662,1950,7274,776,1617,15,6263,44,2014,7,44
"871","2020-05-22",68,10,210,168,6559,0.845708187223662,1950,7274,776,1617,12,6275,26,2040,6,26
"872","2020-05-23",69,10,198,143,6559,0.845708187223662,1950,7274,776,1617,17,6292,55,2095,6,55
"873","2020-05-24",58,10,188,135,6559,0.845708187223662,1950,7274,776,1617,17,6309,28,2123,6,28
"874","2020-05-25",55,10,206,125,6559,0.845708187223662,1950,7274,776,1617,16,6325,37,2160,5,37
"875","2020-05-26",50,10,204,117,6559,0.845708187223662,1950,7274,776,1617,10,6335,43,2203,4,43
"876","2020-05-27",48,10,181,104,6559,0.845708187223662,1950,7274,776,1617,13,6348,22,2225,1,22
"877","2020-05-28",46,10,186,101,6559,0.845708187223662,1950,7274,776,1617,18,6366,47,2272,5,47
"878","2020-05-29",42,10,168,88,6559,0.845708187223662,1950,7274,776,1617,14,6380,33,2305,5,33
"879","2020-05-30",32,10,181,75,6559,0.845708187223662,1950,7274,776,1617,8,6388,22,2327,NA,22
"880","2020-05-31",35,10,179,72,6559,0.845708187223662,1950,7274,776,1617,8,6396,33,2360,2,33
"881","2020-06-01",33,10,166,69,6559,0.845708187223662,1950,7274,776,1617,14,6410,26,2386,4,26
"882","2020-06-02",28,10,158,69,6559,0.845708187223662,1950,7274,776,1617,13,6423,41,2427,4,41
"883","2020-06-03",26,10,181,63,6559,0.845708187223662,1950,7274,776,1617,13,6436,39,2466,4,39
"884","2020-06-04",22,10,180,56,6559,0.845708187223662,1950,7274,776,1617,15,6451,32,2498,7,32
"885","2020-06-05",20,10,186,58,6559,0.845708187223662,1950,7274,776,1617,10,6461,35,2533,1,35
"886","2020-06-06",20,10,181,57,6559,0.845708187223662,1950,7274,776,1617,7,6468,24,2557,5,24
"887","2020-06-07",18,10,218,64,6559,0.845708187223662,1950,7274,776,1617,4,6472,41,2598,2,41
"888","2020-03-12",1,11,140,105,7944,0.587990936555891,2010,8056,691,1251,72,146,34,72,6,34
"889","2020-03-13",3,11,177,166,7944,0.587990936555891,2010,8056,691,1251,61,207,79,151,9,79
"890","2020-03-14",14,11,172,223,7944,0.587990936555891,2010,8056,691,1251,96,303,75,226,19,75
"891","2020-03-15",28,11,163,320,7944,0.587990936555891,2010,8056,691,1251,110,413,55,281,39,55
"892","2020-03-16",29,11,166,419,7944,0.587990936555891,2010,8056,691,1251,115,528,30,311,39,30
"893","2020-03-17",39,11,169,516,7944,0.587990936555891,2010,8056,691,1251,118,646,40,351,48,40
"894","2020-03-18",53,11,172,620,7944,0.587990936555891,2010,8056,691,1251,138,784,52,403,73,52
"895","2020-03-19",78,11,251,769,7944,0.587990936555891,2010,8056,691,1251,177,961,69,472,97,69
"896","2020-03-20",146,11,295,893,7944,0.587990936555891,2010,8056,691,1251,157,1118,51,523,87,51
"897","2020-03-21",187,11,330,1032,7944,0.587990936555891,2010,8056,691,1251,143,1261,48,571,84,48
"898","2020-03-22",286,11,327,1185,7944,0.587990936555891,2010,8056,691,1251,159,1420,47,618,93,47
"899","2020-03-23",309,11,333,1306,7944,0.587990936555891,2010,8056,691,1251,182,1602,33,651,104,33
"900","2020-03-24",316,11,325,1400,7944,0.587990936555891,2010,8056,691,1251,217,1819,36,687,139,36
"901","2020-03-25",345,11,286,1548,7944,0.587990936555891,2010,8056,691,1251,145,1964,39,726,84,39
"902","2020-03-26",375,11,252,1661,7944,0.587990936555891,2010,8056,691,1251,189,2153,41,767,124,41
"903","2020-03-27",552,11,254,1828,7944,0.587990936555891,2010,8056,691,1251,178,2331,39,806,130,39
"904","2020-03-28",610,11,274,1937,7944,0.587990936555891,2010,8056,691,1251,178,2509,36,842,125,36
"905","2020-03-29",533,11,300,2052,7944,0.587990936555891,2010,8056,691,1251,171,2680,37,879,104,37
"906","2020-03-30",560,11,302,2157,7944,0.587990936555891,2010,8056,691,1251,165,2845,56,935,103,56
"907","2020-03-31",589,11,295,2272,7944,0.587990936555891,2010,8056,691,1251,206,3051,32,967,135,32
"908","2020-04-01",639,11,258,2316,7944,0.587990936555891,2010,8056,691,1251,144,3195,53,1020,82,53
"909","2020-04-02",673,11,259,2331,7944,0.587990936555891,2010,8056,691,1251,129,3324,39,1059,75,39
"910","2020-04-03",795,11,237,2357,7944,0.587990936555891,2010,8056,691,1251,173,3497,48,1107,106,48
"911","2020-04-04",828,11,263,2342,7944,0.587990936555891,2010,8056,691,1251,141,3638,41,1148,94,41
"912","2020-04-05",790,11,236,2350,7944,0.587990936555891,2010,8056,691,1251,150,3788,43,1191,84,43
"913","2020-04-06",779,11,215,2305,7944,0.587990936555891,2010,8056,691,1251,136,3924,43,1234,78,43
"914","2020-04-07",782,11,213,2247,7944,0.587990936555891,2010,8056,691,1251,151,4075,30,1264,97,30
"915","2020-04-08",764,11,191,2211,7944,0.587990936555891,2010,8056,691,1251,115,4190,32,1296,56,32
"916","2020-04-09",776,11,202,2118,7944,0.587990936555891,2010,8056,691,1251,130,4320,33,1329,82,33
"917","2020-04-10",763,11,223,2039,7944,0.587990936555891,2010,8056,691,1251,115,4435,30,1359,74,30
"918","2020-04-11",726,11,210,1964,7944,0.587990936555891,2010,8056,691,1251,123,4558,33,1392,70,33
"919","2020-04-12",679,11,211,1900,7944,0.587990936555891,2010,8056,691,1251,140,4698,29,1421,82,29
"920","2020-04-13",662,11,193,1772,7944,0.587990936555891,2010,8056,691,1251,110,4808,43,1464,62,43
"921","2020-04-14",647,11,179,1707,7944,0.587990936555891,2010,8056,691,1251,80,4888,50,1514,48,50
"922","2020-04-15",642,11,182,1643,7944,0.587990936555891,2010,8056,691,1251,92,4980,39,1553,41,39
"923","2020-04-16",615,11,180,1572,7944,0.587990936555891,2010,8056,691,1251,76,5056,39,1592,29,39
"924","2020-04-17",565,11,165,1494,7944,0.587990936555891,2010,8056,691,1251,90,5146,28,1620,43,28
"925","2020-04-18",547,11,154,1396,7944,0.587990936555891,2010,8056,691,1251,108,5254,28,1648,52,28
"926","2020-04-19",525,11,140,1309,7944,0.587990936555891,2010,8056,691,1251,79,5333,57,1705,42,57
"927","2020-04-20",507,11,160,1224,7944,0.587990936555891,2010,8056,691,1251,91,5424,51,1756,45,51
"928","2020-04-21",474,11,238,1153,7944,0.587990936555891,2010,8056,691,1251,71,5495,52,1808,30,52
"929","2020-04-22",444,11,241,1081,7944,0.587990936555891,2010,8056,691,1251,71,5566,41,1849,37,41
"930","2020-04-23",406,11,227,1024,7944,0.587990936555891,2010,8056,691,1251,81,5647,34,1883,33,34
"931","2020-04-24",372,11,209,961,7944,0.587990936555891,2010,8056,691,1251,70,5717,52,1935,33,52
"932","2020-04-25",358,11,190,918,7944,0.587990936555891,2010,8056,691,1251,75,5792,45,1980,35,45
"933","2020-04-26",307,11,165,850,7944,0.587990936555891,2010,8056,691,1251,68,5860,36,2016,22,36
"934","2020-04-27",291,11,191,796,7944,0.587990936555891,2010,8056,691,1251,59,5919,53,2069,24,53
"935","2020-04-28",277,11,177,763,7944,0.587990936555891,2010,8056,691,1251,59,5978,30,2099,21,30
"936","2020-04-29",266,11,225,721,7944,0.587990936555891,2010,8056,691,1251,57,6035,29,2128,21,29
"937","2020-04-30",261,11,248,675,7944,0.587990936555891,2010,8056,691,1251,53,6088,42,2170,21,42
"938","2020-05-01",237,11,251,631,7944,0.587990936555891,2010,8056,691,1251,48,6136,30,2200,12,30
"939","2020-05-02",224,11,278,602,7944,0.587990936555891,2010,8056,691,1251,56,6192,22,2222,25,22
"940","2020-05-03",204,11,319,563,7944,0.587990936555891,2010,8056,691,1251,40,6232,38,2260,14,38
"941","2020-05-04",205,11,311,516,7944,0.587990936555891,2010,8056,691,1251,31,6263,37,2297,8,37
"942","2020-05-05",199,11,285,488,7944,0.587990936555891,2010,8056,691,1251,29,6292,20,2317,11,20
"943","2020-05-06",186,11,245,462,7944,0.587990936555891,2010,8056,691,1251,45,6337,27,2344,15,27
"944","2020-05-07",167,11,212,438,7944,0.587990936555891,2010,8056,691,1251,26,6363,44,2388,5,44
"945","2020-05-08",170,11,206,400,7944,0.587990936555891,2010,8056,691,1251,27,6390,22,2410,8,22
"946","2020-05-09",163,11,218,389,7944,0.587990936555891,2010,8056,691,1251,40,6430,35,2445,7,35
"947","2020-05-10",144,11,220,366,7944,0.587990936555891,2010,8056,691,1251,32,6462,38,2483,3,38
"948","2020-05-11",127,11,204,345,7944,0.587990936555891,2010,8056,691,1251,32,6494,46,2529,5,46
"949","2020-05-12",121,11,189,327,7944,0.587990936555891,2010,8056,691,1251,35,6529,32,2561,9,32
"950","2020-05-13",113,11,196,298,7944,0.587990936555891,2010,8056,691,1251,27,6556,31,2592,5,31
"951","2020-05-14",106,11,246,289,7944,0.587990936555891,2010,8056,691,1251,19,6575,39,2631,5,39
"952","2020-05-15",97,11,224,284,7944,0.587990936555891,2010,8056,691,1251,31,6606,28,2659,7,28
"953","2020-05-16",98,11,198,264,7944,0.587990936555891,2010,8056,691,1251,16,6622,42,2701,7,42
"954","2020-05-17",92,11,184,235,7944,0.587990936555891,2010,8056,691,1251,28,6650,34,2735,6,34
"955","2020-05-18",92,11,179,228,7944,0.587990936555891,2010,8056,691,1251,26,6676,51,2786,4,51
"956","2020-05-19",85,11,204,220,7944,0.587990936555891,2010,8056,691,1251,21,6697,50,2836,2,50
"957","2020-05-20",85,11,182,217,7944,0.587990936555891,2010,8056,691,1251,26,6723,32,2868,7,32
"958","2020-05-21",87,11,197,211,7944,0.587990936555891,2010,8056,691,1251,16,6739,27,2895,1,27
"959","2020-05-22",89,11,257,203,7944,0.587990936555891,2010,8056,691,1251,16,6755,26,2921,4,26
"960","2020-05-23",84,11,246,202,7944,0.587990936555891,2010,8056,691,1251,18,6773,27,2948,3,27
"961","2020-05-24",72,11,257,196,7944,0.587990936555891,2010,8056,691,1251,17,6790,45,2993,4,45
"962","2020-05-25",65,11,240,191,7944,0.587990936555891,2010,8056,691,1251,14,6804,46,3039,1,46
"963","2020-05-26",63,11,218,184,7944,0.587990936555891,2010,8056,691,1251,19,6823,45,3084,4,45
"964","2020-05-27",60,11,199,171,7944,0.587990936555891,2010,8056,691,1251,15,6838,39,3123,5,39
"965","2020-05-28",63,11,194,167,7944,0.587990936555891,2010,8056,691,1251,14,6852,40,3163,3,40
"966","2020-05-29",63,11,233,169,7944,0.587990936555891,2010,8056,691,1251,11,6863,36,3199,1,36
"967","2020-05-30",58,11,256,160,7944,0.587990936555891,2010,8056,691,1251,17,6880,27,3226,3,27
"968","2020-05-31",56,11,263,151,7944,0.587990936555891,2010,8056,691,1251,15,6895,44,3270,4,44
"969","2020-06-01",54,11,270,141,7944,0.587990936555891,2010,8056,691,1251,11,6906,23,3293,4,23
"970","2020-06-02",50,11,264,140,7944,0.587990936555891,2010,8056,691,1251,11,6917,52,3345,1,52
"971","2020-06-03",49,11,274,118,7944,0.587990936555891,2010,8056,691,1251,11,6928,34,3379,2,34
"972","2020-06-04",42,11,263,105,7944,0.587990936555891,2010,8056,691,1251,11,6939,45,3424,2,45
"973","2020-06-05",39,11,272,99,7944,0.587990936555891,2010,8056,691,1251,12,6951,55,3479,3,55
"974","2020-06-06",42,11,270,92,7944,0.587990936555891,2010,8056,691,1251,11,6962,49,3528,3,49
"975","2020-06-07",36,11,265,91,7944,0.587990936555891,2010,8056,691,1251,6,6968,34,3562,2,34
"976","2020-03-11",1,12,23,85,7632,0.366614255765199,1935,8454,857,1295,36,36,42,50,5,42
"977","2020-03-12",2,12,59,158,7632,0.366614255765199,1935,8454,857,1295,42,78,23,73,6,23
"978","2020-03-13",8,12,91,236,7632,0.366614255765199,1935,8454,857,1295,52,130,15,88,14,15
"979","2020-03-14",30,12,129,308,7632,0.366614255765199,1935,8454,857,1295,45,175,7,95,12,7
"980","2020-03-15",39,12,180,397,7632,0.366614255765199,1935,8454,857,1295,70,245,12,107,33,12
"981","2020-03-16",48,12,187,484,7632,0.366614255765199,1935,8454,857,1295,82,327,12,119,44,12
"982","2020-03-17",68,12,174,599,7632,0.366614255765199,1935,8454,857,1295,73,400,39,158,38,39
"983","2020-03-18",95,12,165,699,7632,0.366614255765199,1935,8454,857,1295,85,485,22,180,55,22
"984","2020-03-19",106,12,153,784,7632,0.366614255765199,1935,8454,857,1295,108,593,11,191,69,11
"985","2020-03-20",165,12,193,863,7632,0.366614255765199,1935,8454,857,1295,86,679,5,196,60,5
"986","2020-03-21",190,12,222,957,7632,0.366614255765199,1935,8454,857,1295,94,773,12,208,60,12
"987","2020-03-22",263,12,225,1031,7632,0.366614255765199,1935,8454,857,1295,132,905,53,261,101,53
"988","2020-03-23",278,12,262,1122,7632,0.366614255765199,1935,8454,857,1295,134,1039,36,297,103,36
"989","2020-03-24",281,12,257,1198,7632,0.366614255765199,1935,8454,857,1295,122,1161,56,353,97,56
"990","2020-03-25",294,12,268,1251,7632,0.366614255765199,1935,8454,857,1295,104,1265,66,419,75,66
"991","2020-03-26",325,12,288,1302,7632,0.366614255765199,1935,8454,857,1295,140,1405,70,489,107,70
"992","2020-03-27",419,12,286,1322,7632,0.366614255765199,1935,8454,857,1295,127,1532,71,560,106,71
"993","2020-03-28",461,12,267,1365,7632,0.366614255765199,1935,8454,857,1295,142,1674,48,608,114,48
"994","2020-03-29",417,12,228,1382,7632,0.366614255765199,1935,8454,857,1295,133,1807,34,642,101,34
"995","2020-03-30",419,12,216,1397,7632,0.366614255765199,1935,8454,857,1295,151,1958,23,665,108,23
"996","2020-03-31",401,12,207,1464,7632,0.366614255765199,1935,8454,857,1295,131,2089,42,707,106,42
"997","2020-04-01",415,12,226,1482,7632,0.366614255765199,1935,8454,857,1295,139,2228,16,723,108,16
"998","2020-04-02",422,12,234,1488,7632,0.366614255765199,1935,8454,857,1295,135,2363,64,787,108,64
"999","2020-04-03",489,12,227,1496,7632,0.366614255765199,1935,8454,857,1295,154,2517,46,833,127,46
"1000","2020-04-04",477,12,230,1464,7632,0.366614255765199,1935,8454,857,1295,144,2661,58,891,120,58
"1001","2020-04-05",455,12,223,1465,7632,0.366614255765199,1935,8454,857,1295,114,2775,43,934,90,43
"1002","2020-04-06",462,12,229,1476,7632,0.366614255765199,1935,8454,857,1295,149,2924,43,977,110,43
"1003","2020-04-07",489,12,210,1468,7632,0.366614255765199,1935,8454,857,1295,138,3062,24,1001,104,24
"1004","2020-04-08",490,12,205,1465,7632,0.366614255765199,1935,8454,857,1295,114,3176,17,1018,88,17
"1005","2020-04-09",488,12,204,1456,7632,0.366614255765199,1935,8454,857,1295,110,3286,15,1033,79,15
"1006","2020-04-10",516,12,210,1437,7632,0.366614255765199,1935,8454,857,1295,110,3396,17,1050,84,17
"1007","2020-04-11",514,12,202,1410,7632,0.366614255765199,1935,8454,857,1295,92,3488,96,1146,68,96
"1008","2020-04-12",469,12,200,1390,7632,0.366614255765199,1935,8454,857,1295,114,3602,58,1204,76,58
"1009","2020-04-13",460,12,217,1382,7632,0.366614255765199,1935,8454,857,1295,122,3724,45,1249,95,45
"1010","2020-04-14",448,12,211,1365,7632,0.366614255765199,1935,8454,857,1295,96,3820,20,1269,75,20
"1011","2020-04-15",440,12,212,1334,7632,0.366614255765199,1935,8454,857,1295,97,3917,22,1291,68,22
"1012","2020-04-16",434,12,221,1289,7632,0.366614255765199,1935,8454,857,1295,109,4026,31,1322,74,31
"1013","2020-04-17",468,12,237,1253,7632,0.366614255765199,1935,8454,857,1295,108,4134,48,1370,78,48
"1014","2020-04-18",452,12,233,1239,7632,0.366614255765199,1935,8454,857,1295,98,4232,32,1402,56,32
"1015","2020-04-19",427,12,237,1200,7632,0.366614255765199,1935,8454,857,1295,84,4316,12,1414,59,12
"1016","2020-04-20",430,12,236,1175,7632,0.366614255765199,1935,8454,857,1295,73,4389,27,1441,53,27
"1017","2020-04-21",410,12,223,1158,7632,0.366614255765199,1935,8454,857,1295,80,4469,44,1485,53,44
"1018","2020-04-22",397,12,214,1150,7632,0.366614255765199,1935,8454,857,1295,64,4533,20,1505,39,20
"1019","2020-04-23",396,12,208,1141,7632,0.366614255765199,1935,8454,857,1295,66,4599,18,1523,43,18
"1020","2020-04-24",383,12,234,1116,7632,0.366614255765199,1935,8454,857,1295,72,4671,25,1548,48,25
"1021","2020-04-25",410,12,265,1065,7632,0.366614255765199,1935,8454,857,1295,63,4734,44,1592,41,44
"1022","2020-04-26",373,12,258,1042,7632,0.366614255765199,1935,8454,857,1295,80,4814,35,1627,48,35
"1023","2020-04-27",345,12,243,1024,7632,0.366614255765199,1935,8454,857,1295,59,4873,43,1670,37,43
"1024","2020-04-28",339,12,252,984,7632,0.366614255765199,1935,8454,857,1295,53,4926,35,1705,32,35
"1025","2020-04-29",333,12,250,955,7632,0.366614255765199,1935,8454,857,1295,56,4982,52,1757,35,52
"1026","2020-04-30",316,12,254,916,7632,0.366614255765199,1935,8454,857,1295,55,5037,19,1776,30,19
"1027","2020-05-01",299,12,242,895,7632,0.366614255765199,1935,8454,857,1295,64,5101,11,1787,37,11
"1028","2020-05-02",281,12,278,859,7632,0.366614255765199,1935,8454,857,1295,51,5152,9,1796,31,9
"1029","2020-05-03",272,12,261,841,7632,0.366614255765199,1935,8454,857,1295,57,5209,21,1817,37,21
"1030","2020-05-04",271,12,245,821,7632,0.366614255765199,1935,8454,857,1295,41,5250,18,1835,18,18
"1031","2020-05-05",260,12,246,798,7632,0.366614255765199,1935,8454,857,1295,36,5286,33,1868,13,33
"1032","2020-05-06",259,12,239,778,7632,0.366614255765199,1935,8454,857,1295,37,5323,46,1914,24,46
"1033","2020-05-07",262,12,225,752,7632,0.366614255765199,1935,8454,857,1295,35,5358,47,1961,16,47
"1034","2020-05-08",263,12,219,712,7632,0.366614255765199,1935,8454,857,1295,52,5410,24,1985,27,24
"1035","2020-05-09",246,12,211,690,7632,0.366614255765199,1935,8454,857,1295,31,5441,54,2039,18,54
"1036","2020-05-10",235,12,214,654,7632,0.366614255765199,1935,8454,857,1295,41,5482,38,2077,24,38
"1037","2020-05-11",230,12,208,638,7632,0.366614255765199,1935,8454,857,1295,25,5507,23,2100,15,23
"1038","2020-05-12",224,12,191,610,7632,0.366614255765199,1935,8454,857,1295,33,5540,26,2126,17,26
"1039","2020-05-13",216,12,212,587,7632,0.366614255765199,1935,8454,857,1295,29,5569,39,2165,16,39
"1040","2020-05-14",209,12,226,559,7632,0.366614255765199,1935,8454,857,1295,32,5601,20,2185,20,20
"1041","2020-05-15",207,12,247,541,7632,0.366614255765199,1935,8454,857,1295,32,5633,63,2248,16,63
"1042","2020-05-16",205,12,242,525,7632,0.366614255765199,1935,8454,857,1295,42,5675,30,2278,26,30
"1043","2020-05-17",175,12,271,490,7632,0.366614255765199,1935,8454,857,1295,23,5698,25,2303,14,25
"1044","2020-05-18",168,12,291,463,7632,0.366614255765199,1935,8454,857,1295,30,5728,28,2331,15,28
"1045","2020-05-19",156,12,294,457,7632,0.366614255765199,1935,8454,857,1295,21,5749,44,2375,11,44
"1046","2020-05-20",153,12,289,443,7632,0.366614255765199,1935,8454,857,1295,15,5764,39,2414,7,39
"1047","2020-05-21",144,12,285,423,7632,0.366614255765199,1935,8454,857,1295,19,5783,15,2429,10,15
"1048","2020-05-22",145,12,276,404,7632,0.366614255765199,1935,8454,857,1295,32,5815,13,2442,15,13
"1049","2020-05-23",149,12,271,393,7632,0.366614255765199,1935,8454,857,1295,23,5838,20,2462,9,20
"1050","2020-05-24",125,12,261,376,7632,0.366614255765199,1935,8454,857,1295,15,5853,39,2501,7,39
"1051","2020-05-25",120,12,270,357,7632,0.366614255765199,1935,8454,857,1295,18,5871,19,2520,11,19
"1052","2020-05-26",117,12,283,343,7632,0.366614255765199,1935,8454,857,1295,19,5890,11,2531,13,11
"1053","2020-05-27",111,12,249,321,7632,0.366614255765199,1935,8454,857,1295,23,5913,10,2541,11,10
"1054","2020-05-28",113,12,213,301,7632,0.366614255765199,1935,8454,857,1295,17,5930,14,2555,8,14
"1055","2020-05-29",102,12,233,300,7632,0.366614255765199,1935,8454,857,1295,19,5949,10,2565,9,10
"1056","2020-05-30",92,12,231,284,7632,0.366614255765199,1935,8454,857,1295,16,5965,72,2637,5,72
"1057","2020-05-31",90,12,236,262,7632,0.366614255765199,1935,8454,857,1295,22,5987,49,2686,12,49
"1058","2020-06-01",84,12,234,257,7632,0.366614255765199,1935,8454,857,1295,9,5996,28,2714,6,28
"1059","2020-06-02",82,12,220,239,7632,0.366614255765199,1935,8454,857,1295,19,6015,73,2787,12,73
"1060","2020-06-03",77,12,211,228,7632,0.366614255765199,1935,8454,857,1295,6,6021,63,2850,4,63
"1061","2020-06-04",71,12,214,207,7632,0.366614255765199,1935,8454,857,1295,13,6034,36,2886,8,36
"1062","2020-06-05",65,12,225,193,7632,0.366614255765199,1935,8454,857,1295,17,6051,28,2914,7,28
"1063","2020-06-06",68,12,229,187,7632,0.366614255765199,1935,8454,857,1295,14,6065,32,2946,5,32
"1064","2020-06-07",64,12,248,172,7632,0.366614255765199,1935,8454,857,1295,13,6078,60,3006,6,60
"1065","2020-03-08",1,13,0,0,6458,0.77887890987922,2010,7620,769,1026,NA,NA,NA,NA,NA,NA
"1066","2020-03-09",1,13,0,0,6458,0.77887890987922,2010,7620,769,1026,NA,NA,NA,NA,NA,NA
"1067","2020-03-10",0,13,0,0,6458,0.77887890987922,2010,7620,769,1026,NA,NA,1,1,NA,1
"1068","2020-03-11",0,13,0,0,6458,0.77887890987922,2010,7620,769,1026,41,41,18,19,NA,18
"1069","2020-03-12",0,13,0,0,6458,0.77887890987922,2010,7620,769,1026,56,97,26,45,3,26
"1070","2020-03-13",3,13,67,90,6458,0.77887890987922,2010,7620,769,1026,54,151,12,57,8,12
"1071","2020-03-14",7,13,85,117,6458,0.77887890987922,2010,7620,769,1026,56,207,2,59,14,2
"1072","2020-03-15",13,13,98,165,6458,0.77887890987922,2010,7620,769,1026,50,257,5,64,15,5
"1073","2020-03-16",19,13,96,191,6458,0.77887890987922,2010,7620,769,1026,99,356,3,67,46,3
"1074","2020-03-17",23,13,101,251,6458,0.77887890987922,2010,7620,769,1026,106,462,22,89,44,22
"1075","2020-03-18",34,13,111,311,6458,0.77887890987922,2010,7620,769,1026,93,555,23,112,46,23
"1076","2020-03-19",43,13,111,369,6458,0.77887890987922,2010,7620,769,1026,109,664,24,136,57,24
"1077","2020-03-20",61,13,118,422,6458,0.77887890987922,2010,7620,769,1026,103,767,13,149,59,13
"1078","2020-03-21",101,13,124,476,6458,0.77887890987922,2010,7620,769,1026,116,883,33,182,72,33
"1079","2020-03-22",113,13,155,539,6458,0.77887890987922,2010,7620,769,1026,115,998,19,201,77,19
"1080","2020-03-23",117,13,171,620,6458,0.77887890987922,2010,7620,769,1026,112,1110,15,216,70,15
"1081","2020-03-24",125,13,191,711,6458,0.77887890987922,2010,7620,769,1026,116,1226,19,235,82,19
"1082","2020-03-25",134,13,204,795,6458,0.77887890987922,2010,7620,769,1026,112,1338,18,253,59,18
"1083","2020-03-26",166,13,211,847,6458,0.77887890987922,2010,7620,769,1026,123,1461,31,284,89,31
"1084","2020-03-27",247,13,206,922,6458,0.77887890987922,2010,7620,769,1026,151,1612,28,312,103,28
"1085","2020-03-28",306,13,227,997,6458,0.77887890987922,2010,7620,769,1026,146,1758,18,330,114,18
"1086","2020-03-29",295,13,225,1102,6458,0.77887890987922,2010,7620,769,1026,111,1869,17,347,76,17
"1087","2020-03-30",301,13,222,1206,6458,0.77887890987922,2010,7620,769,1026,138,2007,19,366,98,19
"1088","2020-03-31",313,13,215,1299,6458,0.77887890987922,2010,7620,769,1026,129,2136,13,379,80,13
"1089","2020-04-01",344,13,223,1371,6458,0.77887890987922,2010,7620,769,1026,181,2317,33,412,127,33
"1090","2020-04-02",354,13,213,1448,6458,0.77887890987922,2010,7620,769,1026,147,2464,32,444,102,32
"1091","2020-04-03",475,13,206,1568,6458,0.77887890987922,2010,7620,769,1026,172,2636,19,463,127,19
"1092","2020-04-04",453,13,237,1647,6458,0.77887890987922,2010,7620,769,1026,122,2758,19,482,85,19
"1093","2020-04-05",504,13,272,1728,6458,0.77887890987922,2010,7620,769,1026,151,2909,44,526,118,44
"1094","2020-04-06",516,13,299,1785,6458,0.77887890987922,2010,7620,769,1026,148,3057,34,560,102,34
"1095","2020-04-07",528,13,288,1822,6458,0.77887890987922,2010,7620,769,1026,125,3182,22,582,90,22
"1096","2020-04-08",553,13,275,1863,6458,0.77887890987922,2010,7620,769,1026,140,3322,36,618,105,36
"1097","2020-04-09",565,13,261,1871,6458,0.77887890987922,2010,7620,769,1026,120,3442,20,638,82,20
"1098","2020-04-10",669,13,267,1889,6458,0.77887890987922,2010,7620,769,1026,141,3583,17,655,91,17
"1099","2020-04-11",686,13,245,1947,6458,0.77887890987922,2010,7620,769,1026,127,3710,14,669,90,14
"1100","2020-04-12",628,13,217,1909,6458,0.77887890987922,2010,7620,769,1026,112,3822,20,689,72,20
"1101","2020-04-13",642,13,217,1905,6458,0.77887890987922,2010,7620,769,1026,131,3953,45,734,76,45
"1102","2020-04-14",636,13,227,1866,6458,0.77887890987922,2010,7620,769,1026,108,4061,41,775,69,41
"1103","2020-04-15",625,13,255,1827,6458,0.77887890987922,2010,7620,769,1026,96,4157,47,822,64,47
"1104","2020-04-16",622,13,263,1772,6458,0.77887890987922,2010,7620,769,1026,107,4264,59,881,65,59
"1105","2020-04-17",648,13,249,1740,6458,0.77887890987922,2010,7620,769,1026,94,4358,34,915,60,34
"1106","2020-04-18",631,13,234,1658,6458,0.77887890987922,2010,7620,769,1026,97,4455,29,944,56,29
"1107","2020-04-19",584,13,215,1585,6458,0.77887890987922,2010,7620,769,1026,95,4550,30,974,58,30
"1108","2020-04-20",574,13,222,1495,6458,0.77887890987922,2010,7620,769,1026,103,4653,45,1019,66,45
"1109","2020-04-21",567,13,233,1447,6458,0.77887890987922,2010,7620,769,1026,70,4723,38,1057,44,38
"1110","2020-04-22",551,13,267,1355,6458,0.77887890987922,2010,7620,769,1026,69,4792,58,1115,29,58
"1111","2020-04-23",534,13,271,1299,6458,0.77887890987922,2010,7620,769,1026,65,4857,50,1165,36,50
"1112","2020-04-24",475,13,305,1216,6458,0.77887890987922,2010,7620,769,1026,93,4950,24,1189,48,24
"1113","2020-04-25",458,13,291,1144,6458,0.77887890987922,2010,7620,769,1026,62,5012,47,1236,32,47
"1114","2020-04-26",403,13,302,1067,6458,0.77887890987922,2010,7620,769,1026,74,5086,24,1260,44,24
"1115","2020-04-27",375,13,320,1008,6458,0.77887890987922,2010,7620,769,1026,57,5143,22,1282,31,22
"1116","2020-04-28",343,13,313,933,6458,0.77887890987922,2010,7620,769,1026,74,5217,19,1301,41,19
"1117","2020-04-29",331,13,294,865,6458,0.77887890987922,2010,7620,769,1026,58,5275,18,1319,34,18
"1118","2020-04-30",321,13,284,816,6458,0.77887890987922,2010,7620,769,1026,65,5340,20,1339,50,20
"1119","2020-05-01",278,13,269,772,6458,0.77887890987922,2010,7620,769,1026,40,5380,22,1361,22,22
"1120","2020-05-02",291,13,254,713,6458,0.77887890987922,2010,7620,769,1026,56,5436,7,1368,34,7
"1121","2020-05-03",269,13,238,660,6458,0.77887890987922,2010,7620,769,1026,36,5472,15,1383,17,15
"1122","2020-05-04",252,13,231,616,6458,0.77887890987922,2010,7620,769,1026,62,5534,13,1396,30,13
"1123","2020-05-05",240,13,221,576,6458,0.77887890987922,2010,7620,769,1026,37,5571,51,1447,14,51
"1124","2020-05-06",219,13,217,532,6458,0.77887890987922,2010,7620,769,1026,42,5613,33,1480,18,33
"1125","2020-05-07",206,13,221,500,6458,0.77887890987922,2010,7620,769,1026,35,5648,22,1502,18,22
"1126","2020-05-08",212,13,224,472,6458,0.77887890987922,2010,7620,769,1026,36,5684,20,1522,22,20
"1127","2020-05-09",190,13,235,427,6458,0.77887890987922,2010,7620,769,1026,38,5722,24,1546,10,24
"1128","2020-05-10",164,13,255,397,6458,0.77887890987922,2010,7620,769,1026,25,5747,14,1560,8,14
"1129","2020-05-11",163,13,275,369,6458,0.77887890987922,2010,7620,769,1026,33,5780,14,1574,13,14
"1130","2020-05-12",152,13,277,352,6458,0.77887890987922,2010,7620,769,1026,33,5813,10,1584,13,10
"1131","2020-05-13",149,13,273,333,6458,0.77887890987922,2010,7620,769,1026,32,5845,48,1632,5,48
"1132","2020-05-14",141,13,287,308,6458,0.77887890987922,2010,7620,769,1026,36,5881,55,1687,12,55
"1133","2020-05-15",120,13,305,297,6458,0.77887890987922,2010,7620,769,1026,26,5907,27,1714,6,27
"1134","2020-05-16",113,13,298,269,6458,0.77887890987922,2010,7620,769,1026,43,5950,45,1759,16,45
"1135","2020-05-17",102,13,300,252,6458,0.77887890987922,2010,7620,769,1026,31,5981,28,1787,8,28
"1136","2020-05-18",99,13,276,243,6458,0.77887890987922,2010,7620,769,1026,34,6015,43,1830,12,43
"1137","2020-05-19",91,13,272,235,6458,0.77887890987922,2010,7620,769,1026,27,6042,29,1859,11,29
"1138","2020-05-20",88,13,263,213,6458,0.77887890987922,2010,7620,769,1026,31,6073,21,1880,13,21
"1139","2020-05-21",88,13,255,197,6458,0.77887890987922,2010,7620,769,1026,13,6086,19,1899,4,19
"1140","2020-05-22",83,13,269,181,6458,0.77887890987922,2010,7620,769,1026,24,6110,34,1933,11,34
"1141","2020-05-23",80,13,258,168,6458,0.77887890987922,2010,7620,769,1026,20,6130,38,1971,9,38
"1142","2020-05-24",75,13,259,159,6458,0.77887890987922,2010,7620,769,1026,25,6155,37,2008,7,37
"1143","2020-05-25",60,13,263,143,6458,0.77887890987922,2010,7620,769,1026,22,6177,22,2030,11,22
"1144","2020-05-26",60,13,260,136,6458,0.77887890987922,2010,7620,769,1026,28,6205,21,2051,18,21
"1145","2020-05-27",54,13,263,124,6458,0.77887890987922,2010,7620,769,1026,24,6229,27,2078,12,27
"1146","2020-05-28",51,13,259,118,6458,0.77887890987922,2010,7620,769,1026,12,6241,33,2111,6,33
"1147","2020-05-29",51,13,259,116,6458,0.77887890987922,2010,7620,769,1026,12,6253,24,2135,3,24
"1148","2020-05-30",48,13,270,108,6458,0.77887890987922,2010,7620,769,1026,23,6276,40,2175,9,40
"1149","2020-05-31",45,13,288,106,6458,0.77887890987922,2010,7620,769,1026,13,6289,45,2220,4,45
"1150","2020-06-01",41,13,314,98,6458,0.77887890987922,2010,7620,769,1026,16,6305,36,2256,5,36
"1151","2020-06-02",40,13,292,92,6458,0.77887890987922,2010,7620,769,1026,12,6317,17,2273,4,17
"1152","2020-06-03",39,13,287,86,6458,0.77887890987922,2010,7620,769,1026,12,6329,13,2286,9,13
"1153","2020-06-04",33,13,260,82,6458,0.77887890987922,2010,7620,769,1026,15,6344,16,2302,6,16
"1154","2020-06-05",31,13,231,81,6458,0.77887890987922,2010,7620,769,1026,11,6355,27,2329,7,27
"1155","2020-06-06",27,13,223,75,6458,0.77887890987922,2010,7620,769,1026,15,6370,23,2352,4,23
"1156","2020-06-07",24,13,206,72,6458,0.77887890987922,2010,7620,769,1026,11,6381,30,2382,2,30
"1157","2020-03-13",2,14,91,81,7052,0.791973908111174,2010,7615,826,1951,60,177,64,118,31,64
"1158","2020-03-14",9,14,140,129,7052,0.791973908111174,2010,7615,826,1951,72,249,36,154,34,36
"1159","2020-03-15",15,14,138,170,7052,0.791973908111174,2010,7615,826,1951,82,331,44,198,41,44
"1160","2020-03-16",18,14,176,232,7052,0.791973908111174,2010,7615,826,1951,82,413,19,217,51,19
"1161","2020-03-17",27,14,203,303,7052,0.791973908111174,2010,7615,826,1951,82,495,24,241,49,24
"1162","2020-03-18",39,14,254,370,7052,0.791973908111174,2010,7615,826,1951,94,589,19,260,62,19
"1163","2020-03-19",55,14,246,462,7052,0.791973908111174,2010,7615,826,1951,108,697,18,278,74,18
"1164","2020-03-20",78,14,237,563,7052,0.791973908111174,2010,7615,826,1951,110,807,63,341,75,63
"1165","2020-03-21",101,14,251,647,7052,0.791973908111174,2010,7615,826,1951,98,905,29,370,67,29
"1166","2020-03-22",163,14,252,764,7052,0.791973908111174,2010,7615,826,1951,122,1027,23,393,91,23
"1167","2020-03-23",179,14,248,893,7052,0.791973908111174,2010,7615,826,1951,131,1158,71,464,96,71
"1168","2020-03-24",184,14,227,1022,7052,0.791973908111174,2010,7615,826,1951,141,1299,42,506,109,42
"1169","2020-03-25",218,14,240,1133,7052,0.791973908111174,2010,7615,826,1951,153,1452,52,558,115,52
"1170","2020-03-26",251,14,211,1240,7052,0.791973908111174,2010,7615,826,1951,161,1613,40,598,122,40
"1171","2020-03-27",356,14,200,1359,7052,0.791973908111174,2010,7615,826,1951,140,1753,34,632,100,34
"1172","2020-03-28",387,14,193,1468,7052,0.791973908111174,2010,7615,826,1951,147,1900,47,679,114,47
"1173","2020-03-29",410,14,199,1575,7052,0.791973908111174,2010,7615,826,1951,155,2055,27,706,117,27
"1174","2020-03-30",433,14,190,1683,7052,0.791973908111174,2010,7615,826,1951,133,2188,67,773,96,67
"1175","2020-03-31",463,14,189,1752,7052,0.791973908111174,2010,7615,826,1951,134,2322,45,818,109,45
"1176","2020-04-01",482,14,241,1827,7052,0.791973908111174,2010,7615,826,1951,161,2483,28,846,127,28
"1177","2020-04-02",505,14,252,1920,7052,0.791973908111174,2010,7615,826,1951,121,2604,18,864,93,18
"1178","2020-04-03",657,14,246,1973,7052,0.791973908111174,2010,7615,826,1951,152,2756,29,893,125,29
"1179","2020-04-04",678,14,249,2053,7052,0.791973908111174,2010,7615,826,1951,133,2889,17,910,100,17
"1180","2020-04-05",660,14,276,2050,7052,0.791973908111174,2010,7615,826,1951,130,3019,12,922,91,12
"1181","2020-04-06",681,14,266,2090,7052,0.791973908111174,2010,7615,826,1951,109,3128,7,929,83,7
"1182","2020-04-07",676,14,267,2073,7052,0.791973908111174,2010,7615,826,1951,120,3248,8,937,81,8
"1183","2020-04-08",681,14,272,2073,7052,0.791973908111174,2010,7615,826,1951,104,3352,21,958,80,21
"1184","2020-04-09",671,14,262,2034,7052,0.791973908111174,2010,7615,826,1951,119,3471,16,974,77,16
"1185","2020-04-10",740,14,256,2034,7052,0.791973908111174,2010,7615,826,1951,118,3589,24,998,85,24
"1186","2020-04-11",750,14,252,1990,7052,0.791973908111174,2010,7615,826,1951,95,3684,15,1013,54,15
"1187","2020-04-12",671,14,246,1943,7052,0.791973908111174,2010,7615,826,1951,114,3798,14,1027,80,14
"1188","2020-04-13",657,14,228,1869,7052,0.791973908111174,2010,7615,826,1951,75,3873,10,1037,49,10
"1189","2020-04-14",639,14,223,1828,7052,0.791973908111174,2010,7615,826,1951,105,3978,55,1092,77,55
"1190","2020-04-15",631,14,211,1728,7052,0.791973908111174,2010,7615,826,1951,100,4078,42,1134,72,42
"1191","2020-04-16",635,14,234,1671,7052,0.791973908111174,2010,7615,826,1951,95,4173,48,1182,63,48
"1192","2020-04-17",599,14,249,1585,7052,0.791973908111174,2010,7615,826,1951,83,4256,43,1225,55,43
"1193","2020-04-18",583,14,256,1511,7052,0.791973908111174,2010,7615,826,1951,72,4328,18,1243,42,18
"1194","2020-04-19",521,14,261,1415,7052,0.791973908111174,2010,7615,826,1951,82,4410,8,1251,58,8
"1195","2020-04-20",521,14,255,1328,7052,0.791973908111174,2010,7615,826,1951,84,4494,11,1262,60,11
"1196","2020-04-21",493,14,259,1243,7052,0.791973908111174,2010,7615,826,1951,82,4576,21,1283,51,21
"1197","2020-04-22",479,14,239,1165,7052,0.791973908111174,2010,7615,826,1951,79,4655,22,1305,42,22
"1198","2020-04-23",463,14,236,1086,7052,0.791973908111174,2010,7615,826,1951,78,4733,16,1321,46,16
"1199","2020-04-24",418,14,230,1008,7052,0.791973908111174,2010,7615,826,1951,88,4821,9,1330,64,9
"1200","2020-04-25",404,14,218,936,7052,0.791973908111174,2010,7615,826,1951,75,4896,36,1366,51,36
"1201","2020-04-26",373,14,215,884,7052,0.791973908111174,2010,7615,826,1951,73,4969,40,1406,51,40
"1202","2020-04-27",329,14,216,792,7052,0.791973908111174,2010,7615,826,1951,73,5042,16,1422,56,16
"1203","2020-04-28",309,14,206,755,7052,0.791973908111174,2010,7615,826,1951,49,5091,12,1434,31,12
"1204","2020-04-29",285,14,198,693,7052,0.791973908111174,2010,7615,826,1951,55,5146,31,1465,40,31
"1205","2020-04-30",263,14,193,623,7052,0.791973908111174,2010,7615,826,1951,68,5214,18,1483,41,18
"1206","2020-05-01",228,14,210,576,7052,0.791973908111174,2010,7615,826,1951,35,5249,20,1503,23,20
"1207","2020-05-02",203,14,231,549,7052,0.791973908111174,2010,7615,826,1951,49,5298,8,1511,33,8
"1208","2020-05-03",197,14,228,521,7052,0.791973908111174,2010,7615,826,1951,54,5352,15,1526,37,15
"1209","2020-05-04",195,14,264,494,7052,0.791973908111174,2010,7615,826,1951,54,5406,23,1549,38,23
"1210","2020-05-05",187,14,281,468,7052,0.791973908111174,2010,7615,826,1951,45,5451,11,1560,25,11
"1211","2020-05-06",172,14,312,462,7052,0.791973908111174,2010,7615,826,1951,48,5499,2,1562,29,2
"1212","2020-05-07",159,14,289,449,7052,0.791973908111174,2010,7615,826,1951,39,5538,40,1602,25,40
"1213","2020-05-08",143,14,269,413,7052,0.791973908111174,2010,7615,826,1951,44,5582,57,1659,23,57
"1214","2020-05-09",140,14,262,398,7052,0.791973908111174,2010,7615,826,1951,50,5632,28,1687,18,28
"1215","2020-05-10",137,14,267,372,7052,0.791973908111174,2010,7615,826,1951,37,5669,7,1694,20,7
"1216","2020-05-11",127,14,277,357,7052,0.791973908111174,2010,7615,826,1951,39,5708,8,1702,23,8
"1217","2020-05-12",113,14,289,343,7052,0.791973908111174,2010,7615,826,1951,31,5739,17,1719,14,17
"1218","2020-05-13",115,14,305,333,7052,0.791973908111174,2010,7615,826,1951,35,5774,10,1729,14,10
"1219","2020-05-14",112,14,292,318,7052,0.791973908111174,2010,7615,826,1951,26,5800,11,1740,13,11
"1220","2020-05-15",103,14,284,305,7052,0.791973908111174,2010,7615,826,1951,26,5826,18,1758,15,18
"1221","2020-05-16",104,14,299,298,7052,0.791973908111174,2010,7615,826,1951,22,5848,10,1768,10,10
"1222","2020-05-17",86,14,285,291,7052,0.791973908111174,2010,7615,826,1951,22,5870,9,1777,13,9
"1223","2020-05-18",93,14,290,280,7052,0.791973908111174,2010,7615,826,1951,27,5897,6,1783,15,6
"1224","2020-05-19",89,14,276,278,7052,0.791973908111174,2010,7615,826,1951,18,5915,13,1796,11,13
"1225","2020-05-20",87,14,263,266,7052,0.791973908111174,2010,7615,826,1951,27,5942,15,1811,16,15
"1226","2020-05-21",86,14,240,246,7052,0.791973908111174,2010,7615,826,1951,21,5963,35,1846,18,35
"1227","2020-05-22",94,14,220,246,7052,0.791973908111174,2010,7615,826,1951,20,5983,29,1875,14,29
"1228","2020-05-23",89,14,200,225,7052,0.791973908111174,2010,7615,826,1951,23,6006,64,1939,14,64
"1229","2020-05-24",87,14,181,214,7052,0.791973908111174,2010,7615,826,1951,19,6025,72,2011,10,72
"1230","2020-05-25",74,14,176,206,7052,0.791973908111174,2010,7615,826,1951,33,6058,34,2045,21,34
"1231","2020-05-26",73,14,189,193,7052,0.791973908111174,2010,7615,826,1951,19,6077,21,2066,10,21
"1232","2020-05-27",74,14,208,181,7052,0.791973908111174,2010,7615,826,1951,24,6101,11,2077,11,11
"1233","2020-05-28",70,14,246,169,7052,0.791973908111174,2010,7615,826,1951,13,6114,17,2094,5,17
"1234","2020-05-29",67,14,263,164,7052,0.791973908111174,2010,7615,826,1951,14,6128,46,2140,6,46
"1235","2020-05-30",64,14,287,147,7052,0.791973908111174,2010,7615,826,1951,20,6148,29,2169,12,29
"1236","2020-05-31",59,14,280,143,7052,0.791973908111174,2010,7615,826,1951,19,6167,22,2191,12,22
"1237","2020-06-01",59,14,280,139,7052,0.791973908111174,2010,7615,826,1951,16,6183,20,2211,5,20
"1238","2020-06-02",58,14,263,138,7052,0.791973908111174,2010,7615,826,1951,19,6202,11,2222,11,11
"1239","2020-06-03",50,14,251,139,7052,0.791973908111174,2010,7615,826,1951,14,6216,28,2250,9,28
"1240","2020-06-04",47,14,240,136,7052,0.791973908111174,2010,7615,826,1951,13,6229,54,2304,8,54
"1241","2020-06-05",52,14,260,130,7052,0.791973908111174,2010,7615,826,1951,15,6244,34,2338,10,34
"1242","2020-06-06",48,14,279,128,7052,0.791973908111174,2010,7615,826,1951,10,6254,21,2359,7,21
"1243","2020-06-07",44,14,270,122,7052,0.791973908111174,2010,7615,826,1951,13,6267,10,2369,9,10
"1244","2020-03-13",8,15,264,298,8669,0.404083515976468,2100,9384,939,2629,86,246,12,75,11,12
"1245","2020-03-14",18,15,264,422,8669,0.404083515976468,2100,9384,939,2629,96,342,12,87,17,12
"1246","2020-03-15",47,15,252,552,8669,0.404083515976468,2100,9384,939,2629,106,448,24,111,21,24
"1247","2020-03-16",65,15,243,712,8669,0.404083515976468,2100,9384,939,2629,98,546,12,123,30,12
"1248","2020-03-17",82,15,223,849,8669,0.404083515976468,2100,9384,939,2629,106,652,18,141,29,18
"1249","2020-03-18",111,15,217,990,8669,0.404083515976468,2100,9384,939,2629,123,775,42,183,52,42
"1250","2020-03-19",147,15,203,1129,8669,0.404083515976468,2100,9384,939,2629,108,883,41,224,31,41
"1251","2020-03-20",226,15,194,1272,8669,0.404083515976468,2100,9384,939,2629,143,1026,14,238,60,14
"1252","2020-03-21",299,15,229,1423,8669,0.404083515976468,2100,9384,939,2629,158,1184,18,256,61,18
"1253","2020-03-22",419,15,219,1526,8669,0.404083515976468,2100,9384,939,2629,121,1305,33,289,48,33
"1254","2020-03-23",442,15,209,1600,8669,0.404083515976468,2100,9384,939,2629,143,1448,18,307,64,18
"1255","2020-03-24",454,15,190,1668,8669,0.404083515976468,2100,9384,939,2629,149,1597,51,358,65,51
"1256","2020-03-25",484,15,231,1717,8669,0.404083515976468,2100,9384,939,2629,162,1759,39,397,78,39
"1257","2020-03-26",492,15,239,1733,8669,0.404083515976468,2100,9384,939,2629,143,1902,52,449,58,52
"1258","2020-03-27",648,15,248,1752,8669,0.404083515976468,2100,9384,939,2629,154,2056,33,482,82,33
"1259","2020-03-28",677,15,228,1752,8669,0.404083515976468,2100,9384,939,2629,153,2209,34,516,90,34
"1260","2020-03-29",567,15,215,1785,8669,0.404083515976468,2100,9384,939,2629,146,2355,16,532,70,16
"1261","2020-03-30",566,15,215,1771,8669,0.404083515976468,2100,9384,939,2629,140,2495,8,540,71,8
"1262","2020-03-31",558,15,192,1769,8669,0.404083515976468,2100,9384,939,2629,117,2612,12,552,46,12
"1263","2020-04-01",551,15,195,1765,8669,0.404083515976468,2100,9384,939,2629,145,2757,20,572,67,20
"1264","2020-04-02",566,15,188,1744,8669,0.404083515976468,2100,9384,939,2629,125,2882,36,608,61,36
"1265","2020-04-03",619,15,187,1706,8669,0.404083515976468,2100,9384,939,2629,113,2995,49,657,57,49
"1266","2020-04-04",598,15,225,1694,8669,0.404083515976468,2100,9384,939,2629,118,3113,31,688,53,31
"1267","2020-04-05",562,15,261,1695,8669,0.404083515976468,2100,9384,939,2629,140,3253,51,739,63,51
"1268","2020-04-06",557,15,259,1682,8669,0.404083515976468,2100,9384,939,2629,118,3371,27,766,51,27
"1269","2020-04-07",545,15,250,1665,8669,0.404083515976468,2100,9384,939,2629,121,3492,21,787,60,21
"1270","2020-04-08",542,15,267,1648,8669,0.404083515976468,2100,9384,939,2629,132,3624,46,833,60,46
"1271","2020-04-09",538,15,249,1609,8669,0.404083515976468,2100,9384,939,2629,106,3730,21,854,39,21
"1272","2020-04-10",545,15,260,1614,8669,0.404083515976468,2100,9384,939,2629,109,3839,29,883,45,29
"1273","2020-04-11",531,15,293,1572,8669,0.404083515976468,2100,9384,939,2629,99,3938,67,950,38,67
"1274","2020-04-12",478,15,272,1523,8669,0.404083515976468,2100,9384,939,2629,97,4035,52,1002,31,52
"1275","2020-04-13",476,15,272,1518,8669,0.404083515976468,2100,9384,939,2629,105,4140,40,1042,42,40
"1276","2020-04-14",490,15,248,1495,8669,0.404083515976468,2100,9384,939,2629,85,4225,48,1090,33,48
"1277","2020-04-15",492,15,231,1454,8669,0.404083515976468,2100,9384,939,2629,99,4324,51,1141,35,51
"1278","2020-04-16",479,15,191,1417,8669,0.404083515976468,2100,9384,939,2629,94,4418,21,1162,30,21
"1279","2020-04-17",492,15,201,1360,8669,0.404083515976468,2100,9384,939,2629,115,4533,21,1183,38,21
"1280","2020-04-18",493,15,204,1315,8669,0.404083515976468,2100,9384,939,2629,79,4612,47,1230,29,47
"1281","2020-04-19",481,15,200,1259,8669,0.404083515976468,2100,9384,939,2629,73,4685,21,1251,17,21
"1282","2020-04-20",471,15,228,1228,8669,0.404083515976468,2100,9384,939,2629,78,4763,19,1270,25,19
"1283","2020-04-21",432,15,279,1201,8669,0.404083515976468,2100,9384,939,2629,84,4847,22,1292,33,22
"1284","2020-04-22",414,15,258,1143,8669,0.404083515976468,2100,9384,939,2629,83,4930,16,1308,16,16
"1285","2020-04-23",415,15,232,1130,8669,0.404083515976468,2100,9384,939,2629,84,5014,12,1320,27,12
"1286","2020-04-24",420,15,237,1109,8669,0.404083515976468,2100,9384,939,2629,74,5088,12,1332,26,12
"1287","2020-04-25",409,15,220,1075,8669,0.404083515976468,2100,9384,939,2629,77,5165,18,1350,23,18
"1288","2020-04-26",371,15,215,1048,8669,0.404083515976468,2100,9384,939,2629,62,5227,41,1391,15,41
"1289","2020-04-27",356,15,213,1017,8669,0.404083515976468,2100,9384,939,2629,62,5289,62,1453,18,62
"1290","2020-04-28",362,15,270,993,8669,0.404083515976468,2100,9384,939,2629,79,5368,35,1488,25,35
"1291","2020-04-29",352,15,285,956,8669,0.404083515976468,2100,9384,939,2629,69,5437,52,1540,27,52
"1292","2020-04-30",339,15,265,911,8669,0.404083515976468,2100,9384,939,2629,67,5504,31,1571,18,31
"1293","2020-05-01",289,15,252,892,8669,0.404083515976468,2100,9384,939,2629,60,5564,25,1596,21,25
"1294","2020-05-02",276,15,229,865,8669,0.404083515976468,2100,9384,939,2629,62,5626,25,1621,13,25
"1295","2020-05-03",272,15,207,839,8669,0.404083515976468,2100,9384,939,2629,52,5678,21,1642,9,21
"1296","2020-05-04",262,15,213,809,8669,0.404083515976468,2100,9384,939,2629,42,5720,45,1687,15,45
"1297","2020-05-05",248,15,203,776,8669,0.404083515976468,2100,9384,939,2629,75,5795,52,1739,20,52
"1298","2020-05-06",244,15,207,760,8669,0.404083515976468,2100,9384,939,2629,51,5846,47,1786,14,47
"1299","2020-05-07",238,15,181,724,8669,0.404083515976468,2100,9384,939,2629,45,5891,36,1822,3,36
"1300","2020-05-08",256,15,164,695,8669,0.404083515976468,2100,9384,939,2629,43,5934,51,1873,9,51
"1301","2020-05-09",276,15,210,668,8669,0.404083515976468,2100,9384,939,2629,45,5979,52,1925,10,52
"1302","2020-05-10",231,15,221,635,8669,0.404083515976468,2100,9384,939,2629,51,6030,34,1959,8,34
"1303","2020-05-11",218,15,214,600,8669,0.404083515976468,2100,9384,939,2629,47,6077,31,1990,12,31
"1304","2020-05-12",207,15,197,585,8669,0.404083515976468,2100,9384,939,2629,42,6119,31,2021,7,31
"1305","2020-05-13",203,15,211,566,8669,0.404083515976468,2100,9384,939,2629,38,6157,20,2041,8,20
"1306","2020-05-14",194,15,197,543,8669,0.404083515976468,2100,9384,939,2629,24,6181,36,2077,7,36
"1307","2020-05-15",172,15,211,511,8669,0.404083515976468,2100,9384,939,2629,43,6224,26,2103,7,26
"1308","2020-05-16",146,15,268,486,8669,0.404083515976468,2100,9384,939,2629,37,6261,20,2123,5,20
"1309","2020-05-17",137,15,270,470,8669,0.404083515976468,2100,9384,939,2629,26,6287,15,2138,3,15
"1310","2020-05-18",140,15,258,437,8669,0.404083515976468,2100,9384,939,2629,31,6318,30,2168,3,30
"1311","2020-05-19",141,15,224,418,8669,0.404083515976468,2100,9384,939,2629,31,6349,13,2181,4,13
"1312","2020-05-20",132,15,254,402,8669,0.404083515976468,2100,9384,939,2629,15,6364,47,2228,1,47
"1313","2020-05-21",133,15,248,389,8669,0.404083515976468,2100,9384,939,2629,31,6395,23,2251,4,23
"1314","2020-05-22",128,15,273,371,8669,0.404083515976468,2100,9384,939,2629,27,6422,38,2289,8,38
"1315","2020-05-23",131,15,254,357,8669,0.404083515976468,2100,9384,939,2629,33,6455,27,2316,6,27
"1316","2020-05-24",116,15,279,340,8669,0.404083515976468,2100,9384,939,2629,19,6474,37,2353,4,37
"1317","2020-05-25",107,15,308,319,8669,0.404083515976468,2100,9384,939,2629,26,6500,49,2402,4,49
"1318","2020-05-26",94,15,302,295,8669,0.404083515976468,2100,9384,939,2629,14,6514,42,2444,4,42
"1319","2020-05-27",95,15,258,275,8669,0.404083515976468,2100,9384,939,2629,14,6528,24,2468,1,24
"1320","2020-05-28",90,15,237,262,8669,0.404083515976468,2100,9384,939,2629,19,6547,30,2498,3,30
"1321","2020-05-29",87,15,220,254,8669,0.404083515976468,2100,9384,939,2629,22,6569,13,2511,2,13
"1322","2020-05-30",83,15,220,236,8669,0.404083515976468,2100,9384,939,2629,14,6583,25,2536,4,25
"1323","2020-05-31",89,15,247,222,8669,0.404083515976468,2100,9384,939,2629,22,6605,39,2575,NA,39
"1324","2020-06-01",85,15,254,214,8669,0.404083515976468,2100,9384,939,2629,15,6620,47,2622,4,47
"1325","2020-06-02",82,15,243,197,8669,0.404083515976468,2100,9384,939,2629,16,6636,51,2673,2,51
"1326","2020-06-03",78,15,214,190,8669,0.404083515976468,2100,9384,939,2629,20,6656,24,2697,4,24
"1327","2020-06-04",74,15,189,188,8669,0.404083515976468,2100,9384,939,2629,18,6674,10,2707,5,10
"1328","2020-06-05",80,15,180,186,8669,0.404083515976468,2100,9384,939,2629,15,6689,5,2712,2,5
"1329","2020-06-06",72,15,179,184,8669,0.404083515976468,2100,9384,939,2629,18,6707,10,2722,4,10
"1330","2020-06-07",52,15,158,172,8669,0.404083515976468,2100,9384,939,2629,10,6717,27,2749,2,27
"1331","2020-03-13",1,16,164,75,6793,0.746503753864272,2010,7383,722,1942,93,216,51,144,15,51
"1332","2020-03-14",7,16,223,114,6793,0.746503753864272,2010,7383,722,1942,86,302,44,188,13,44
"1333","2020-03-15",11,16,255,163,6793,0.746503753864272,2010,7383,722,1942,108,410,29,217,33,29
"1334","2020-03-16",14,16,288,216,6793,0.746503753864272,2010,7383,722,1942,104,514,69,286,50,69
"1335","2020-03-17",20,16,283,276,6793,0.746503753864272,2010,7383,722,1942,105,619,58,344,49,58
"1336","2020-03-18",36,16,295,359,6793,0.746503753864272,2010,7383,722,1942,105,724,35,379,59,35
"1337","2020-03-19",46,16,286,438,6793,0.746503753864272,2010,7383,722,1942,110,834,33,412,61,33
"1338","2020-03-20",64,16,257,519,6793,0.746503753864272,2010,7383,722,1942,145,979,30,442,82,30
"1339","2020-03-21",88,16,283,624,6793,0.746503753864272,2010,7383,722,1942,150,1129,47,489,85,47
"1340","2020-03-22",158,16,258,700,6793,0.746503753864272,2010,7383,722,1942,148,1277,35,524,95,35
"1341","2020-03-23",179,16,250,815,6793,0.746503753864272,2010,7383,722,1942,145,1422,66,590,90,66
"1342","2020-03-24",188,16,245,937,6793,0.746503753864272,2010,7383,722,1942,134,1556,46,636,71,46
"1343","2020-03-25",208,16,242,1044,6793,0.746503753864272,2010,7383,722,1942,167,1723,51,687,119,51
"1344","2020-03-26",239,16,225,1127,6793,0.746503753864272,2010,7383,722,1942,165,1888,49,736,116,49
"1345","2020-03-27",340,16,237,1244,6793,0.746503753864272,2010,7383,722,1942,150,2038,75,811,106,75
"1346","2020-03-28",389,16,228,1346,6793,0.746503753864272,2010,7383,722,1942,160,2198,62,873,104,62
"1347","2020-03-29",404,16,212,1430,6793,0.746503753864272,2010,7383,722,1942,165,2363,52,925,109,52
"1348","2020-03-30",410,16,190,1503,6793,0.746503753864272,2010,7383,722,1942,178,2541,54,979,126,54
"1349","2020-03-31",408,16,181,1601,6793,0.746503753864272,2010,7383,722,1942,160,2701,74,1053,111,74
"1350","2020-04-01",440,16,210,1685,6793,0.746503753864272,2010,7383,722,1942,167,2868,50,1103,117,50
"1351","2020-04-02",463,16,222,1768,6793,0.746503753864272,2010,7383,722,1942,161,3029,44,1147,121,44
"1352","2020-04-03",616,16,234,1864,6793,0.746503753864272,2010,7383,722,1942,179,3208,45,1192,117,45
"1353","2020-04-04",641,16,216,1922,6793,0.746503753864272,2010,7383,722,1942,150,3358,36,1228,98,36
"1354","2020-04-05",598,16,225,1936,6793,0.746503753864272,2010,7383,722,1942,135,3493,56,1284,86,56
"1355","2020-04-06",598,16,231,1965,6793,0.746503753864272,2010,7383,722,1942,132,3625,57,1341,83,57
"1356","2020-04-07",621,16,201,1977,6793,0.746503753864272,2010,7383,722,1942,113,3738,38,1379,69,38
"1357","2020-04-08",631,16,209,1976,6793,0.746503753864272,2010,7383,722,1942,143,3881,31,1410,94,31
"1358","2020-04-09",637,16,224,2010,6793,0.746503753864272,2010,7383,722,1942,128,4009,51,1461,78,51
"1359","2020-04-10",686,16,253,1970,6793,0.746503753864272,2010,7383,722,1942,146,4155,39,1500,90,39
"1360","2020-04-11",675,16,315,1960,6793,0.746503753864272,2010,7383,722,1942,92,4247,35,1535,53,35
"1361","2020-04-12",640,16,297,1922,6793,0.746503753864272,2010,7383,722,1942,103,4350,27,1562,73,27
"1362","2020-04-13",636,16,283,1856,6793,0.746503753864272,2010,7383,722,1942,103,4453,33,1595,42,33
"1363","2020-04-14",638,16,255,1803,6793,0.746503753864272,2010,7383,722,1942,103,4556,30,1625,69,30
"1364","2020-04-15",621,16,240,1732,6793,0.746503753864272,2010,7383,722,1942,96,4652,32,1657,62,32
"1365","2020-04-16",615,16,225,1655,6793,0.746503753864272,2010,7383,722,1942,81,4733,55,1712,44,55
"1366","2020-04-17",601,16,275,1589,6793,0.746503753864272,2010,7383,722,1942,89,4822,42,1754,59,42
"1367","2020-04-18",600,16,255,1490,6793,0.746503753864272,2010,7383,722,1942,76,4898,37,1791,33,37
"1368","2020-04-19",544,16,260,1430,6793,0.746503753864272,2010,7383,722,1942,79,4977,35,1826,47,35
"1369","2020-04-20",544,16,245,1336,6793,0.746503753864272,2010,7383,722,1942,79,5056,27,1853,46,27
"1370","2020-04-21",509,16,234,1243,6793,0.746503753864272,2010,7383,722,1942,89,5145,51,1904,44,51
"1371","2020-04-22",493,16,220,1178,6793,0.746503753864272,2010,7383,722,1942,72,5217,46,1950,36,46
"1372","2020-04-23",473,16,233,1126,6793,0.746503753864272,2010,7383,722,1942,53,5270,53,2003,24,53
"1373","2020-04-24",441,16,253,1066,6793,0.746503753864272,2010,7383,722,1942,69,5339,53,2056,35,53
"1374","2020-04-25",415,16,249,1023,6793,0.746503753864272,2010,7383,722,1942,44,5383,33,2089,17,33
"1375","2020-04-26",372,16,228,969,6793,0.746503753864272,2010,7383,722,1942,67,5450,41,2130,35,41
"1376","2020-04-27",353,16,247,926,6793,0.746503753864272,2010,7383,722,1942,61,5511,53,2183,29,53
"1377","2020-04-28",344,16,224,851,6793,0.746503753864272,2010,7383,722,1942,56,5567,48,2231,27,48
"1378","2020-04-29",336,16,228,800,6793,0.746503753864272,2010,7383,722,1942,53,5620,40,2271,21,40
"1379","2020-04-30",313,16,233,759,6793,0.746503753864272,2010,7383,722,1942,57,5677,53,2324,22,53
"1380","2020-05-01",298,16,218,717,6793,0.746503753864272,2010,7383,722,1942,56,5733,41,2365,18,41
"1381","2020-05-02",279,16,211,677,6793,0.746503753864272,2010,7383,722,1942,53,5786,41,2406,17,41
"1382","2020-05-03",252,16,221,636,6793,0.746503753864272,2010,7383,722,1942,40,5826,45,2451,15,45
"1383","2020-05-04",239,16,233,590,6793,0.746503753864272,2010,7383,722,1942,45,5871,38,2489,16,38
"1384","2020-05-05",217,16,233,541,6793,0.746503753864272,2010,7383,722,1942,31,5902,25,2514,11,25
"1385","2020-05-06",196,16,220,506,6793,0.746503753864272,2010,7383,722,1942,44,5946,26,2540,20,26
"1386","2020-05-07",200,16,217,475,6793,0.746503753864272,2010,7383,722,1942,40,5986,34,2574,16,34
"1387","2020-05-08",166,16,217,427,6793,0.746503753864272,2010,7383,722,1942,33,6019,22,2596,11,22
"1388","2020-05-09",167,16,234,391,6793,0.746503753864272,2010,7383,722,1942,27,6046,26,2622,8,26
"1389","2020-05-10",150,16,221,364,6793,0.746503753864272,2010,7383,722,1942,38,6084,33,2655,16,33
"1390","2020-05-11",140,16,236,319,6793,0.746503753864272,2010,7383,722,1942,24,6108,31,2686,5,31
"1391","2020-05-12",132,16,250,299,6793,0.746503753864272,2010,7383,722,1942,31,6139,27,2713,11,27
"1392","2020-05-13",125,16,278,274,6793,0.746503753864272,2010,7383,722,1942,34,6173,46,2759,12,46
"1393","2020-05-14",114,16,270,246,6793,0.746503753864272,2010,7383,722,1942,20,6193,34,2793,8,34
"1394","2020-05-15",98,16,237,231,6793,0.746503753864272,2010,7383,722,1942,41,6234,23,2816,17,23
"1395","2020-05-16",86,16,224,212,6793,0.746503753864272,2010,7383,722,1942,31,6265,37,2853,9,37
"1396","2020-05-17",79,16,242,209,6793,0.746503753864272,2010,7383,722,1942,24,6289,65,2918,8,65
"1397","2020-05-18",74,16,233,200,6793,0.746503753864272,2010,7383,722,1942,20,6309,35,2953,6,35
"1398","2020-05-19",72,16,239,198,6793,0.746503753864272,2010,7383,722,1942,27,6336,48,3001,9,48
"1399","2020-05-20",71,16,271,194,6793,0.746503753864272,2010,7383,722,1942,22,6358,43,3044,7,43
"1400","2020-05-21",67,16,269,192,6793,0.746503753864272,2010,7383,722,1942,21,6379,50,3094,4,50
"1401","2020-05-22",63,16,280,167,6793,0.746503753864272,2010,7383,722,1942,15,6394,40,3134,3,40
"1402","2020-05-23",71,16,285,171,6793,0.746503753864272,2010,7383,722,1942,11,6405,37,3171,5,37
"1403","2020-05-24",63,16,284,164,6793,0.746503753864272,2010,7383,722,1942,12,6417,38,3209,2,38
"1404","2020-05-25",65,16,273,156,6793,0.746503753864272,2010,7383,722,1942,14,6431,47,3256,4,47
"1405","2020-05-26",62,16,276,142,6793,0.746503753864272,2010,7383,722,1942,19,6450,37,3293,8,37
"1406","2020-05-27",59,16,293,135,6793,0.746503753864272,2010,7383,722,1942,22,6472,40,3333,5,40
"1407","2020-05-28",53,16,291,131,6793,0.746503753864272,2010,7383,722,1942,10,6482,42,3375,6,42
"1408","2020-05-29",48,16,261,119,6793,0.746503753864272,2010,7383,722,1942,19,6501,29,3404,7,29
"1409","2020-05-30",49,16,234,122,6793,0.746503753864272,2010,7383,722,1942,15,6516,36,3440,4,36
"1410","2020-05-31",53,16,255,113,6793,0.746503753864272,2010,7383,722,1942,16,6532,40,3480,6,40
"1411","2020-06-01",44,16,248,101,6793,0.746503753864272,2010,7383,722,1942,11,6543,32,3512,1,32
"1412","2020-06-02",41,16,275,96,6793,0.746503753864272,2010,7383,722,1942,16,6559,36,3548,5,36
"1413","2020-06-03",40,16,273,95,6793,0.746503753864272,2010,7383,722,1942,14,6573,40,3588,3,40
"1414","2020-06-04",41,16,251,90,6793,0.746503753864272,2010,7383,722,1942,19,6592,68,3656,5,68
"1415","2020-06-05",43,16,242,91,6793,0.746503753864272,2010,7383,722,1942,10,6602,46,3702,2,46
"1416","2020-06-06",32,16,268,85,6793,0.746503753864272,2010,7383,722,1942,12,6614,26,3728,4,26
"1417","2020-06-07",25,16,259,80,6793,0.746503753864272,2010,7383,722,1942,10,6624,41,3769,3,41
"1418","2020-03-13",1,17,81,164,7309,0.548228211793679,1965,7859,770,1721,22,55,13,48,12,13
"1419","2020-03-14",14,17,126,226,7309,0.548228211793679,1965,7859,770,1721,31,86,12,60,20,12
"1420","2020-03-15",27,17,168,301,7309,0.548228211793679,1965,7859,770,1721,36,122,6,66,22,6
"1421","2020-03-16",34,17,166,373,7309,0.548228211793679,1965,7859,770,1721,46,168,3,69,29,3
"1422","2020-03-17",47,17,154,467,7309,0.548228211793679,1965,7859,770,1721,47,215,10,79,41,10
"1423","2020-03-18",61,17,151,565,7309,0.548228211793679,1965,7859,770,1721,65,280,44,123,53,44
"1424","2020-03-19",85,17,187,668,7309,0.548228211793679,1965,7859,770,1721,54,334,15,138,46,15
"1425","2020-03-20",136,17,190,779,7309,0.548228211793679,1965,7859,770,1721,79,413,24,162,71,24
"1426","2020-03-21",203,17,161,877,7309,0.548228211793679,1965,7859,770,1721,101,514,53,215,89,53
"1427","2020-03-22",265,17,186,977,7309,0.548228211793679,1965,7859,770,1721,114,628,63,278,101,63
"1428","2020-03-23",275,17,209,1094,7309,0.548228211793679,1965,7859,770,1721,133,761,29,307,118,29
"1429","2020-03-24",271,17,257,1196,7309,0.548228211793679,1965,7859,770,1721,130,891,24,331,120,24
"1430","2020-03-25",290,17,258,1267,7309,0.548228211793679,1965,7859,770,1721,151,1042,63,394,138,63
"1431","2020-03-26",313,17,249,1350,7309,0.548228211793679,1965,7859,770,1721,160,1202,37,431,152,37
"1432","2020-03-27",453,17,235,1418,7309,0.548228211793679,1965,7859,770,1721,183,1385,26,457,173,26
"1433","2020-03-28",441,17,202,1455,7309,0.548228211793679,1965,7859,770,1721,197,1582,9,466,182,9
"1434","2020-03-29",416,17,219,1520,7309,0.548228211793679,1965,7859,770,1721,177,1759,16,482,166,16
"1435","2020-03-30",439,17,234,1617,7309,0.548228211793679,1965,7859,770,1721,177,1936,51,533,172,51
"1436","2020-03-31",451,17,232,1696,7309,0.548228211793679,1965,7859,770,1721,233,2169,49,582,218,49
"1437","2020-04-01",485,17,231,1764,7309,0.548228211793679,1965,7859,770,1721,190,2359,27,609,181,27
"1438","2020-04-02",516,17,257,1808,7309,0.548228211793679,1965,7859,770,1721,219,2578,22,631,207,22
"1439","2020-04-03",596,17,264,1876,7309,0.548228211793679,1965,7859,770,1721,210,2788,23,654,202,23
"1440","2020-04-04",635,17,243,1886,7309,0.548228211793679,1965,7859,770,1721,194,2982,16,670,183,16
"1441","2020-04-05",588,17,226,1885,7309,0.548228211793679,1965,7859,770,1721,188,3170,15,685,176,15
"1442","2020-04-06",603,17,221,1891,7309,0.548228211793679,1965,7859,770,1721,195,3365,18,703,190,18
"1443","2020-04-07",623,17,213,1902,7309,0.548228211793679,1965,7859,770,1721,182,3547,32,735,178,32
"1444","2020-04-08",628,17,233,1863,7309,0.548228211793679,1965,7859,770,1721,193,3740,36,771,186,36
"1445","2020-04-09",619,17,276,1806,7309,0.548228211793679,1965,7859,770,1721,163,3903,20,791,148,20
"1446","2020-04-10",621,17,265,1757,7309,0.548228211793679,1965,7859,770,1721,177,4080,15,806,166,15
"1447","2020-04-11",632,17,243,1694,7309,0.548228211793679,1965,7859,770,1721,123,4203,8,814,115,8
"1448","2020-04-12",592,17,227,1646,7309,0.548228211793679,1965,7859,770,1721,141,4344,6,820,131,6
"1449","2020-04-13",566,17,205,1596,7309,0.548228211793679,1965,7859,770,1721,153,4497,11,831,137,11
"1450","2020-04-14",544,17,183,1568,7309,0.548228211793679,1965,7859,770,1721,129,4626,48,879,122,48
"1451","2020-04-15",527,17,238,1531,7309,0.548228211793679,1965,7859,770,1721,126,4752,30,909,125,30
"1452","2020-04-16",523,17,225,1469,7309,0.548228211793679,1965,7859,770,1721,122,4874,32,941,117,32
"1453","2020-04-17",530,17,225,1431,7309,0.548228211793679,1965,7859,770,1721,87,4961,35,976,82,35
"1454","2020-04-18",493,17,206,1368,7309,0.548228211793679,1965,7859,770,1721,98,5059,25,1001,90,25
"1455","2020-04-19",482,17,240,1304,7309,0.548228211793679,1965,7859,770,1721,89,5148,8,1009,84,8
"1456","2020-04-20",454,17,274,1243,7309,0.548228211793679,1965,7859,770,1721,101,5249,12,1021,90,12
"1457","2020-04-21",446,17,278,1211,7309,0.548228211793679,1965,7859,770,1721,95,5344,14,1035,83,14
"1458","2020-04-22",431,17,262,1163,7309,0.548228211793679,1965,7859,770,1721,55,5399,5,1040,50,5
"1459","2020-04-23",404,17,221,1124,7309,0.548228211793679,1965,7859,770,1721,67,5466,22,1062,62,22
"1460","2020-04-24",384,17,219,1041,7309,0.548228211793679,1965,7859,770,1721,74,5540,34,1096,64,34
"1461","2020-04-25",390,17,213,980,7309,0.548228211793679,1965,7859,770,1721,52,5592,32,1128,48,32
"1462","2020-04-26",340,17,210,940,7309,0.548228211793679,1965,7859,770,1721,46,5638,38,1166,42,38
"1463","2020-04-27",329,17,248,878,7309,0.548228211793679,1965,7859,770,1721,48,5686,21,1187,43,21
"1464","2020-04-28",304,17,247,804,7309,0.548228211793679,1965,7859,770,1721,34,5720,35,1222,29,35
"1465","2020-04-29",284,17,234,764,7309,0.548228211793679,1965,7859,770,1721,44,5764,56,1278,40,56
"1466","2020-04-30",268,17,219,724,7309,0.548228211793679,1965,7859,770,1721,39,5803,26,1304,29,26
"1467","2020-05-01",236,17,194,683,7309,0.548228211793679,1965,7859,770,1721,21,5824,29,1333,18,29
"1468","2020-05-02",223,17,198,660,7309,0.548228211793679,1965,7859,770,1721,32,5856,44,1377,29,44
"1469","2020-05-03",224,17,180,627,7309,0.548228211793679,1965,7859,770,1721,34,5890,30,1407,29,30
"1470","2020-05-04",213,17,169,614,7309,0.548228211793679,1965,7859,770,1721,26,5916,33,1440,23,33
"1471","2020-05-05",203,17,174,594,7309,0.548228211793679,1965,7859,770,1721,22,5938,37,1477,20,37
"1472","2020-05-06",202,17,172,576,7309,0.548228211793679,1965,7859,770,1721,27,5965,20,1497,23,20
"1473","2020-05-07",213,17,163,559,7309,0.548228211793679,1965,7859,770,1721,13,5978,17,1514,10,17
"1474","2020-05-08",202,17,151,535,7309,0.548228211793679,1965,7859,770,1721,25,6003,47,1561,20,47
"1475","2020-05-09",200,17,153,511,7309,0.548228211793679,1965,7859,770,1721,16,6019,66,1627,12,66
"1476","2020-05-10",189,17,146,487,7309,0.548228211793679,1965,7859,770,1721,18,6037,27,1654,12,27
"1477","2020-05-11",178,17,174,458,7309,0.548228211793679,1965,7859,770,1721,15,6052,13,1667,12,13
"1478","2020-05-12",160,17,220,445,7309,0.548228211793679,1965,7859,770,1721,21,6073,8,1675,16,8
"1479","2020-05-13",160,17,239,432,7309,0.548228211793679,1965,7859,770,1721,18,6091,50,1725,13,50
"1480","2020-05-14",145,17,226,410,7309,0.548228211793679,1965,7859,770,1721,9,6100,30,1755,7,30
"1481","2020-05-15",148,17,209,382,7309,0.548228211793679,1965,7859,770,1721,17,6117,30,1785,14,30
"1482","2020-05-16",141,17,195,359,7309,0.548228211793679,1965,7859,770,1721,14,6131,20,1805,9,20
"1483","2020-05-17",126,17,180,332,7309,0.548228211793679,1965,7859,770,1721,13,6144,37,1842,10,37
"1484","2020-05-18",120,17,193,313,7309,0.548228211793679,1965,7859,770,1721,19,6163,34,1876,16,34
"1485","2020-05-19",121,17,244,308,7309,0.548228211793679,1965,7859,770,1721,16,6179,33,1909,11,33
"1486","2020-05-20",120,17,266,290,7309,0.548228211793679,1965,7859,770,1721,10,6189,25,1934,6,25
"1487","2020-05-21",110,17,271,275,7309,0.548228211793679,1965,7859,770,1721,10,6199,12,1946,5,12
"1488","2020-05-22",102,17,290,273,7309,0.548228211793679,1965,7859,770,1721,7,6206,18,1964,6,18
"1489","2020-05-23",97,17,265,258,7309,0.548228211793679,1965,7859,770,1721,9,6215,50,2014,6,50
"1490","2020-05-24",83,17,245,237,7309,0.548228211793679,1965,7859,770,1721,11,6226,27,2041,11,27
"1491","2020-05-25",82,17,238,219,7309,0.548228211793679,1965,7859,770,1721,12,6238,48,2089,9,48
"1492","2020-05-26",79,17,229,205,7309,0.548228211793679,1965,7859,770,1721,6,6244,46,2135,6,46
"1493","2020-05-27",66,17,194,184,7309,0.548228211793679,1965,7859,770,1721,6,6250,28,2163,6,28
"1494","2020-05-28",65,17,186,179,7309,0.548228211793679,1965,7859,770,1721,14,6264,20,2183,10,20
"1495","2020-05-29",72,17,218,178,7309,0.548228211793679,1965,7859,770,1721,12,6276,17,2200,9,17
"1496","2020-05-30",63,17,252,161,7309,0.548228211793679,1965,7859,770,1721,8,6284,17,2217,7,17
"1497","2020-05-31",51,17,273,149,7309,0.548228211793679,1965,7859,770,1721,7,6291,49,2266,7,49
"1498","2020-06-01",47,17,295,143,7309,0.548228211793679,1965,7859,770,1721,7,6298,45,2311,6,45
"1499","2020-06-02",47,17,307,147,7309,0.548228211793679,1965,7859,770,1721,7,6305,34,2345,5,34
"1500","2020-06-03",44,17,325,133,7309,0.548228211793679,1965,7859,770,1721,8,6313,46,2391,6,46
"1501","2020-06-04",39,17,316,119,7309,0.548228211793679,1965,7859,770,1721,8,6321,33,2424,7,33
"1502","2020-06-05",30,17,287,121,7309,0.548228211793679,1965,7859,770,1721,6,6327,29,2453,4,29
"1503","2020-06-06",34,17,300,117,7309,0.548228211793679,1965,7859,770,1721,3,6330,20,2473,3,20
"1504","2020-06-07",35,17,289,107,7309,0.548228211793679,1965,7859,770,1721,8,6338,11,2484,6,11
"1505","2020-03-12",1,18,162,60,6684,0.740873728306403,2055,7781,595,2066,12,26,35,50,1,35
"1506","2020-03-13",5,18,169,94,6684,0.740873728306403,2055,7781,595,2066,18,44,35,85,3,35
"1507","2020-03-14",16,18,169,132,6684,0.740873728306403,2055,7781,595,2066,22,66,20,105,5,20
"1508","2020-03-15",18,18,211,179,6684,0.740873728306403,2055,7781,595,2066,25,91,18,123,12,18
"1509","2020-03-16",19,18,212,237,6684,0.740873728306403,2055,7781,595,2066,25,116,15,138,15,15
"1510","2020-03-17",26,18,184,297,6684,0.740873728306403,2055,7781,595,2066,34,150,23,161,21,23
"1511","2020-03-18",38,18,153,363,6684,0.740873728306403,2055,7781,595,2066,44,194,41,202,26,41
"1512","2020-03-19",49,18,147,443,6684,0.740873728306403,2055,7781,595,2066,54,248,48,250,31,48
"1513","2020-03-20",81,18,143,521,6684,0.740873728306403,2055,7781,595,2066,47,295,37,287,34,37
"1514","2020-03-21",109,18,132,611,6684,0.740873728306403,2055,7781,595,2066,55,350,32,319,43,32
"1515","2020-03-22",164,18,125,682,6684,0.740873728306403,2055,7781,595,2066,59,409,34,353,41,34
"1516","2020-03-23",182,18,116,760,6684,0.740873728306403,2055,7781,595,2066,84,493,34,387,69,34
"1517","2020-03-24",181,18,105,844,6684,0.740873728306403,2055,7781,595,2066,64,557,41,428,53,41
"1518","2020-03-25",202,18,110,946,6684,0.740873728306403,2055,7781,595,2066,98,655,27,455,79,27
"1519","2020-03-26",226,18,123,1031,6684,0.740873728306403,2055,7781,595,2066,80,735,8,463,65,8
"1520","2020-03-27",297,18,183,1108,6684,0.740873728306403,2055,7781,595,2066,122,857,10,473,107,10
"1521","2020-03-28",350,18,185,1194,6684,0.740873728306403,2055,7781,595,2066,106,963,12,485,91,12
"1522","2020-03-29",346,18,193,1283,6684,0.740873728306403,2055,7781,595,2066,126,1089,18,503,107,18
"1523","2020-03-30",360,18,236,1360,6684,0.740873728306403,2055,7781,595,2066,127,1216,34,537,115,34
"1524","2020-03-31",378,18,252,1461,6684,0.740873728306403,2055,7781,595,2066,146,1362,24,561,132,24
"1525","2020-04-01",404,18,213,1521,6684,0.740873728306403,2055,7781,595,2066,144,1506,25,586,132,25
"1526","2020-04-02",418,18,195,1578,6684,0.740873728306403,2055,7781,595,2066,163,1669,21,607,150,21
"1527","2020-04-03",538,18,182,1666,6684,0.740873728306403,2055,7781,595,2066,179,1848,17,624,170,17
"1528","2020-04-04",559,18,226,1730,6684,0.740873728306403,2055,7781,595,2066,185,2033,58,682,175,58
"1529","2020-04-05",541,18,248,1762,6684,0.740873728306403,2055,7781,595,2066,185,2218,38,720,169,38
"1530","2020-04-06",541,18,227,1829,6684,0.740873728306403,2055,7781,595,2066,167,2385,49,769,153,49
"1531","2020-04-07",549,18,216,1858,6684,0.740873728306403,2055,7781,595,2066,186,2571,37,806,173,37
"1532","2020-04-08",568,18,185,1852,6684,0.740873728306403,2055,7781,595,2066,177,2748,21,827,164,21
"1533","2020-04-09",590,18,179,1843,6684,0.740873728306403,2055,7781,595,2066,208,2956,18,845,184,18
"1534","2020-04-10",671,18,194,1855,6684,0.740873728306403,2055,7781,595,2066,163,3119,53,898,155,53
"1535","2020-04-11",696,18,227,1829,6684,0.740873728306403,2055,7781,595,2066,193,3312,26,924,181,26
"1536","2020-04-12",647,18,226,1809,6684,0.740873728306403,2055,7781,595,2066,172,3484,60,984,161,60
"1537","2020-04-13",623,18,269,1756,6684,0.740873728306403,2055,7781,595,2066,167,3651,34,1018,158,34
"1538","2020-04-14",627,18,267,1768,6684,0.740873728306403,2055,7781,595,2066,146,3797,24,1042,138,24
"1539","2020-04-15",612,18,252,1707,6684,0.740873728306403,2055,7781,595,2066,192,3989,11,1053,174,11
"1540","2020-04-16",597,18,228,1661,6684,0.740873728306403,2055,7781,595,2066,145,4134,19,1072,129,19
"1541","2020-04-17",623,18,250,1605,6684,0.740873728306403,2055,7781,595,2066,130,4264,27,1099,124,27
"1542","2020-04-18",581,18,231,1550,6684,0.740873728306403,2055,7781,595,2066,170,4434,22,1121,159,22
"1543","2020-04-19",535,18,220,1490,6684,0.740873728306403,2055,7781,595,2066,175,4609,43,1164,160,43
"1544","2020-04-20",531,18,246,1433,6684,0.740873728306403,2055,7781,595,2066,146,4755,50,1214,133,50
"1545","2020-04-21",508,18,237,1358,6684,0.740873728306403,2055,7781,595,2066,127,4882,33,1247,121,33
"1546","2020-04-22",490,18,210,1321,6684,0.740873728306403,2055,7781,595,2066,97,4979,11,1258,91,11
"1547","2020-04-23",480,18,198,1294,6684,0.740873728306403,2055,7781,595,2066,132,5111,39,1297,120,39
"1548","2020-04-24",454,18,203,1227,6684,0.740873728306403,2055,7781,595,2066,96,5207,34,1331,84,34
"1549","2020-04-25",432,18,183,1133,6684,0.740873728306403,2055,7781,595,2066,98,5305,21,1352,91,21
"1550","2020-04-26",383,18,179,1079,6684,0.740873728306403,2055,7781,595,2066,72,5377,18,1370,61,18
"1551","2020-04-27",380,18,173,990,6684,0.740873728306403,2055,7781,595,2066,78,5455,19,1389,69,19
"1552","2020-04-28",374,18,176,920,6684,0.740873728306403,2055,7781,595,2066,63,5518,15,1404,57,15
"1553","2020-04-29",356,18,203,829,6684,0.740873728306403,2055,7781,595,2066,60,5578,28,1432,53,28
"1554","2020-04-30",344,18,243,767,6684,0.740873728306403,2055,7781,595,2066,73,5651,15,1447,66,15
"1555","2020-05-01",276,18,240,682,6684,0.740873728306403,2055,7781,595,2066,54,5705,46,1493,47,46
"1556","2020-05-02",258,18,235,635,6684,0.740873728306403,2055,7781,595,2066,79,5784,45,1538,68,45
"1557","2020-05-03",244,18,274,584,6684,0.740873728306403,2055,7781,595,2066,41,5825,25,1563,36,25
"1558","2020-05-04",226,18,277,529,6684,0.740873728306403,2055,7781,595,2066,37,5862,46,1609,32,46
"1559","2020-05-05",201,18,299,493,6684,0.740873728306403,2055,7781,595,2066,36,5898,32,1641,33,32
"1560","2020-05-06",191,18,290,467,6684,0.740873728306403,2055,7781,595,2066,34,5932,45,1686,29,45
"1561","2020-05-07",175,18,260,445,6684,0.740873728306403,2055,7781,595,2066,32,5964,22,1708,27,22
"1562","2020-05-08",156,18,233,432,6684,0.740873728306403,2055,7781,595,2066,27,5991,15,1723,24,15
"1563","2020-05-09",152,18,212,402,6684,0.740873728306403,2055,7781,595,2066,27,6018,17,1740,22,17
"1564","2020-05-10",160,18,217,391,6684,0.740873728306403,2055,7781,595,2066,23,6041,31,1771,19,31
"1565","2020-05-11",147,18,200,366,6684,0.740873728306403,2055,7781,595,2066,17,6058,19,1790,10,19
"1566","2020-05-12",137,18,213,343,6684,0.740873728306403,2055,7781,595,2066,22,6080,13,1803,20,13
"1567","2020-05-13",134,18,270,326,6684,0.740873728306403,2055,7781,595,2066,27,6107,27,1830,24,27
"1568","2020-05-14",124,18,302,312,6684,0.740873728306403,2055,7781,595,2066,16,6123,30,1860,13,30
"1569","2020-05-15",118,18,280,292,6684,0.740873728306403,2055,7781,595,2066,12,6135,15,1875,8,15
"1570","2020-05-16",118,18,266,271,6684,0.740873728306403,2055,7781,595,2066,14,6149,18,1893,10,18
"1571","2020-05-17",101,18,236,259,6684,0.740873728306403,2055,7781,595,2066,12,6161,33,1926,10,33
"1572","2020-05-18",103,18,205,241,6684,0.740873728306403,2055,7781,595,2066,12,6173,24,1950,9,24
"1573","2020-05-19",98,18,204,236,6684,0.740873728306403,2055,7781,595,2066,14,6187,33,1983,9,33
"1574","2020-05-20",99,18,203,213,6684,0.740873728306403,2055,7781,595,2066,16,6203,20,2003,13,20
"1575","2020-05-21",95,18,208,200,6684,0.740873728306403,2055,7781,595,2066,4,6207,23,2026,2,23
"1576","2020-05-22",85,18,192,187,6684,0.740873728306403,2055,7781,595,2066,13,6220,21,2047,11,21
"1577","2020-05-23",82,18,217,173,6684,0.740873728306403,2055,7781,595,2066,4,6224,9,2056,2,9
"1578","2020-05-24",74,18,220,159,6684,0.740873728306403,2055,7781,595,2066,7,6231,11,2067,5,11
"1579","2020-05-25",67,18,206,150,6684,0.740873728306403,2055,7781,595,2066,6,6237,37,2104,1,37
"1580","2020-05-26",67,18,195,150,6684,0.740873728306403,2055,7781,595,2066,11,6248,17,2121,5,17
"1581","2020-05-27",55,18,213,136,6684,0.740873728306403,2055,7781,595,2066,5,6253,12,2133,5,12
"1582","2020-05-28",56,18,230,134,6684,0.740873728306403,2055,7781,595,2066,6,6259,18,2151,3,18
"1583","2020-05-29",55,18,249,128,6684,0.740873728306403,2055,7781,595,2066,4,6263,10,2161,3,10
"1584","2020-05-30",53,18,292,132,6684,0.740873728306403,2055,7781,595,2066,5,6268,28,2189,3,28
"1585","2020-05-31",46,18,267,135,6684,0.740873728306403,2055,7781,595,2066,4,6272,16,2205,2,16
"1586","2020-06-01",48,18,243,131,6684,0.740873728306403,2055,7781,595,2066,8,6280,10,2215,4,10
"1587","2020-06-02",42,18,216,127,6684,0.740873728306403,2055,7781,595,2066,6,6286,9,2224,2,9
"1588","2020-06-03",44,18,205,130,6684,0.740873728306403,2055,7781,595,2066,5,6291,36,2260,5,36
"1589","2020-06-04",43,18,186,126,6684,0.740873728306403,2055,7781,595,2066,1,6292,22,2282,NA,22
"1590","2020-06-05",41,18,179,126,6684,0.740873728306403,2055,7781,595,2066,7,6299,26,2308,4,26
"1591","2020-06-06",41,18,154,119,6684,0.740873728306403,2055,7781,595,2066,5,6304,20,2328,4,20
"1592","2020-06-07",35,18,146,121,6684,0.740873728306403,2055,7781,595,2066,11,6315,46,2374,6,46
"1593","2020-03-12",2,19,82,101,6499,0.423911370980151,2070,8640,675,1097,58,105,63,95,4,63
"1594","2020-03-13",7,19,97,141,6499,0.423911370980151,2070,8640,675,1097,61,166,48,143,4,48
"1595","2020-03-14",36,19,96,189,6499,0.423911370980151,2070,8640,675,1097,57,223,27,170,15,27
"1596","2020-03-15",41,19,87,246,6499,0.423911370980151,2070,8640,675,1097,97,320,16,186,28,16
"1597","2020-03-16",35,19,91,317,6499,0.423911370980151,2070,8640,675,1097,99,419,20,206,43,20
"1598","2020-03-17",42,19,97,373,6499,0.423911370980151,2070,8640,675,1097,100,519,15,221,52,15
"1599","2020-03-18",54,19,142,445,6499,0.423911370980151,2070,8640,675,1097,113,632,22,243,63,22
"1600","2020-03-19",65,19,171,510,6499,0.423911370980151,2070,8640,675,1097,166,798,83,326,107,83
"1601","2020-03-20",116,19,158,569,6499,0.423911370980151,2070,8640,675,1097,146,944,76,402,98,76
"1602","2020-03-21",148,19,160,637,6499,0.423911370980151,2070,8640,675,1097,173,1117,77,479,125,77
"1603","2020-03-22",154,19,153,702,6499,0.423911370980151,2070,8640,675,1097,174,1291,58,537,131,58
"1604","2020-03-23",165,19,163,750,6499,0.423911370980151,2070,8640,675,1097,164,1455,55,592,120,55
"1605","2020-03-24",186,19,193,814,6499,0.423911370980151,2070,8640,675,1097,154,1609,50,642,118,50
"1606","2020-03-25",207,19,236,852,6499,0.423911370980151,2070,8640,675,1097,225,1834,23,665,173,23
"1607","2020-03-26",222,19,247,902,6499,0.423911370980151,2070,8640,675,1097,194,2028,31,696,143,31
"1608","2020-03-27",289,19,209,956,6499,0.423911370980151,2070,8640,675,1097,259,2287,33,729,215,33
"1609","2020-03-28",332,19,205,1004,6499,0.423911370980151,2070,8640,675,1097,213,2500,51,780,164,51
"1610","2020-03-29",311,19,219,1043,6499,0.423911370980151,2070,8640,675,1097,238,2738,63,843,186,63
"1611","2020-03-30",304,19,248,1078,6499,0.423911370980151,2070,8640,675,1097,233,2971,59,902,197,59
"1612","2020-03-31",307,19,275,1091,6499,0.423911370980151,2070,8640,675,1097,239,3210,50,952,198,50
"1613","2020-04-01",313,19,268,1108,6499,0.423911370980151,2070,8640,675,1097,225,3435,25,977,174,25
"1614","2020-04-02",323,19,238,1103,6499,0.423911370980151,2070,8640,675,1097,184,3619,44,1021,146,44
"1615","2020-04-03",367,19,208,1161,6499,0.423911370980151,2070,8640,675,1097,204,3823,20,1041,158,20
"1616","2020-04-04",338,19,198,1183,6499,0.423911370980151,2070,8640,675,1097,159,3982,58,1099,116,58
"1617","2020-04-05",358,19,221,1214,6499,0.423911370980151,2070,8640,675,1097,209,4191,33,1132,185,33
"1618","2020-04-06",371,19,222,1245,6499,0.423911370980151,2070,8640,675,1097,158,4349,21,1153,114,21
"1619","2020-04-07",369,19,263,1261,6499,0.423911370980151,2070,8640,675,1097,141,4490,21,1174,107,21
"1620","2020-04-08",371,19,291,1253,6499,0.423911370980151,2070,8640,675,1097,171,4661,18,1192,127,18
"1621","2020-04-09",378,19,287,1246,6499,0.423911370980151,2070,8640,675,1097,115,4776,34,1226,83,34
"1622","2020-04-10",401,19,257,1253,6499,0.423911370980151,2070,8640,675,1097,141,4917,41,1267,112,41
"1623","2020-04-11",426,19,234,1262,6499,0.423911370980151,2070,8640,675,1097,129,5046,28,1295,93,28
"1624","2020-04-12",409,19,245,1277,6499,0.423911370980151,2070,8640,675,1097,148,5194,15,1310,122,15
"1625","2020-04-13",399,19,278,1276,6499,0.423911370980151,2070,8640,675,1097,97,5291,15,1325,54,15
"1626","2020-04-14",396,19,249,1267,6499,0.423911370980151,2070,8640,675,1097,107,5398,18,1343,75,18
"1627","2020-04-15",400,19,247,1268,6499,0.423911370980151,2070,8640,675,1097,95,5493,30,1373,66,30
"1628","2020-04-16",402,19,210,1277,6499,0.423911370980151,2070,8640,675,1097,88,5581,10,1383,61,10
"1629","2020-04-17",438,19,196,1261,6499,0.423911370980151,2070,8640,675,1097,83,5664,17,1400,52,17
"1630","2020-04-18",464,19,166,1206,6499,0.423911370980151,2070,8640,675,1097,76,5740,7,1407,48,7
"1631","2020-04-19",453,19,177,1177,6499,0.423911370980151,2070,8640,675,1097,62,5802,8,1415,40,8
"1632","2020-04-20",450,19,200,1136,6499,0.423911370980151,2070,8640,675,1097,53,5855,15,1430,30,15
"1633","2020-04-21",445,19,172,1129,6499,0.423911370980151,2070,8640,675,1097,66,5921,77,1507,44,77
"1634","2020-04-22",430,19,174,1095,6499,0.423911370980151,2070,8640,675,1097,60,5981,32,1539,36,32
"1635","2020-04-23",424,19,160,1058,6499,0.423911370980151,2070,8640,675,1097,72,6053,19,1558,47,19
"1636","2020-04-24",404,19,153,1024,6499,0.423911370980151,2070,8640,675,1097,58,6111,25,1583,42,25
"1637","2020-04-25",370,19,153,1015,6499,0.423911370980151,2070,8640,675,1097,49,6160,10,1593,25,10
"1638","2020-04-26",326,19,196,993,6499,0.423911370980151,2070,8640,675,1097,34,6194,14,1607,18,14
"1639","2020-04-27",324,19,210,955,6499,0.423911370980151,2070,8640,675,1097,34,6228,30,1637,21,30
"1640","2020-04-28",305,19,248,929,6499,0.423911370980151,2070,8640,675,1097,42,6270,16,1653,27,16
"1641","2020-04-29",309,19,249,920,6499,0.423911370980151,2070,8640,675,1097,46,6316,57,1710,20,57
"1642","2020-04-30",300,19,291,880,6499,0.423911370980151,2070,8640,675,1097,42,6358,54,1764,20,54
"1643","2020-05-01",300,19,325,871,6499,0.423911370980151,2070,8640,675,1097,30,6388,34,1798,16,34
"1644","2020-05-02",291,19,318,833,6499,0.423911370980151,2070,8640,675,1097,36,6424,61,1859,16,61
"1645","2020-05-03",285,19,287,810,6499,0.423911370980151,2070,8640,675,1097,36,6460,74,1933,16,74
"1646","2020-05-04",272,19,249,776,6499,0.423911370980151,2070,8640,675,1097,17,6477,33,1966,7,33
"1647","2020-05-05",266,19,267,760,6499,0.423911370980151,2070,8640,675,1097,26,6503,25,1991,10,25
"1648","2020-05-06",253,19,277,731,6499,0.423911370980151,2070,8640,675,1097,26,6529,16,2007,15,16
"1649","2020-05-07",240,19,252,722,6499,0.423911370980151,2070,8640,675,1097,25,6554,9,2016,10,9
"1650","2020-05-08",239,19,227,699,6499,0.423911370980151,2070,8640,675,1097,26,6580,17,2033,10,17
"1651","2020-05-09",230,19,199,668,6499,0.423911370980151,2070,8640,675,1097,25,6605,33,2066,8,33
"1652","2020-05-10",216,19,209,631,6499,0.423911370980151,2070,8640,675,1097,15,6620,27,2093,5,27
"1653","2020-05-11",204,19,220,627,6499,0.423911370980151,2070,8640,675,1097,17,6637,20,2113,7,20
"1654","2020-05-12",201,19,203,596,6499,0.423911370980151,2070,8640,675,1097,17,6654,18,2131,3,18
"1655","2020-05-13",192,19,201,578,6499,0.423911370980151,2070,8640,675,1097,17,6671,26,2157,4,26
"1656","2020-05-14",200,19,238,555,6499,0.423911370980151,2070,8640,675,1097,17,6688,65,2222,7,65
"1657","2020-05-15",198,19,248,550,6499,0.423911370980151,2070,8640,675,1097,22,6710,30,2252,6,30
"1658","2020-05-16",220,19,285,537,6499,0.423911370980151,2070,8640,675,1097,15,6725,9,2261,6,9
"1659","2020-05-17",189,19,283,515,6499,0.423911370980151,2070,8640,675,1097,8,6733,10,2271,2,10
"1660","2020-05-18",176,19,283,505,6499,0.423911370980151,2070,8640,675,1097,19,6752,8,2279,6,8
"1661","2020-05-19",164,19,257,483,6499,0.423911370980151,2070,8640,675,1097,19,6771,41,2320,5,41
"1662","2020-05-20",167,19,219,453,6499,0.423911370980151,2070,8640,675,1097,18,6789,24,2344,9,24
"1663","2020-05-21",160,19,215,419,6499,0.423911370980151,2070,8640,675,1097,16,6805,30,2374,5,30
"1664","2020-05-22",169,19,197,403,6499,0.423911370980151,2070,8640,675,1097,14,6819,71,2445,4,71
"1665","2020-05-23",157,19,181,380,6499,0.423911370980151,2070,8640,675,1097,18,6837,37,2482,2,37
"1666","2020-05-24",146,19,170,354,6499,0.423911370980151,2070,8640,675,1097,15,6852,40,2522,5,40
"1667","2020-05-25",139,19,158,342,6499,0.423911370980151,2070,8640,675,1097,11,6863,18,2540,2,18
"1668","2020-05-26",134,19,145,354,6499,0.423911370980151,2070,8640,675,1097,11,6874,18,2558,7,18
"1669","2020-05-27",130,19,175,339,6499,0.423911370980151,2070,8640,675,1097,10,6884,15,2573,5,15
"1670","2020-05-28",121,19,168,316,6499,0.423911370980151,2070,8640,675,1097,14,6898,17,2590,2,17
"1671","2020-05-29",104,19,187,302,6499,0.423911370980151,2070,8640,675,1097,12,6910,58,2648,2,58
"1672","2020-05-30",105,19,206,285,6499,0.423911370980151,2070,8640,675,1097,13,6923,40,2688,3,40
"1673","2020-05-31",97,19,201,278,6499,0.423911370980151,2070,8640,675,1097,10,6933,40,2728,3,40
"1674","2020-06-01",94,19,207,271,6499,0.423911370980151,2070,8640,675,1097,6,6939,51,2779,1,51
"1675","2020-06-02",88,19,181,265,6499,0.423911370980151,2070,8640,675,1097,12,6951,47,2826,4,47
"1676","2020-06-03",81,19,230,246,6499,0.423911370980151,2070,8640,675,1097,NA,NA,54,2880,NA,54
"1677","2020-06-04",81,19,233,240,6499,0.423911370980151,2070,8640,675,1097,6,6957,32,2912,2,32
"1678","2020-06-05",87,19,257,236,6499,0.423911370980151,2070,8640,675,1097,5,6962,45,2957,1,45
"1679","2020-06-06",78,19,242,220,6499,0.423911370980151,2070,8640,675,1097,6,6968,39,2996,1,39
"1680","2020-06-07",74,19,275,199,6499,0.423911370980151,2070,8640,675,1097,8,6976,40,3036,2,40
"1681","2020-03-07",1,20,0,0,6297,0.870414483087184,2055,7317,655,1701,NA,NA,NA,NA,NA,NA
"1682","2020-03-08",1,20,0,0,6297,0.870414483087184,2055,7317,655,1701,NA,NA,NA,NA,NA,NA
"1683","2020-03-09",0,20,0,0,6297,0.870414483087184,2055,7317,655,1701,NA,NA,NA,NA,NA,NA
"1684","2020-03-10",0,20,0,0,6297,0.870414483087184,2055,7317,655,1701,NA,NA,2,2,NA,2
"1685","2020-03-11",0,20,0,0,6297,0.870414483087184,2055,7317,655,1701,24,24,20,22,NA,20
"1686","2020-03-12",0,20,0,0,6297,0.870414483087184,2055,7317,655,1701,28,52,21,43,1,21
"1687","2020-03-13",0,20,0,0,6297,0.870414483087184,2055,7317,655,1701,38,90,14,57,13,14
"1688","2020-03-14",8,20,207,81,6297,0.870414483087184,2055,7317,655,1701,27,117,28,85,16,28
"1689","2020-03-15",10,20,186,105,6297,0.870414483087184,2055,7317,655,1701,48,165,19,104,24,19
"1690","2020-03-16",8,20,180,137,6297,0.870414483087184,2055,7317,655,1701,27,192,12,116,12,12
"1691","2020-03-17",15,20,158,166,6297,0.870414483087184,2055,7317,655,1701,60,252,14,130,38,14
"1692","2020-03-18",24,20,150,210,6297,0.870414483087184,2055,7317,655,1701,61,313,18,148,38,18
"1693","2020-03-19",29,20,155,274,6297,0.870414483087184,2055,7317,655,1701,63,376,26,174,47,26
"1694","2020-03-20",47,20,193,323,6297,0.870414483087184,2055,7317,655,1701,65,441,17,191,51,17
"1695","2020-03-21",65,20,192,377,6297,0.870414483087184,2055,7317,655,1701,69,510,27,218,49,27
"1696","2020-03-22",91,20,168,424,6297,0.870414483087184,2055,7317,655,1701,84,594,42,260,65,42
"1697","2020-03-23",98,20,177,492,6297,0.870414483087184,2055,7317,655,1701,104,698,45,305,86,45
"1698","2020-03-24",101,20,186,575,6297,0.870414483087184,2055,7317,655,1701,116,814,42,347,90,42
"1699","2020-03-25",111,20,184,640,6297,0.870414483087184,2055,7317,655,1701,117,931,45,392,91,45
"1700","2020-03-26",136,20,176,741,6297,0.870414483087184,2055,7317,655,1701,104,1035,39,431,84,39
"1701","2020-03-27",174,20,167,845,6297,0.870414483087184,2055,7317,655,1701,134,1169,32,463,109,32
"1702","2020-03-28",217,20,171,947,6297,0.870414483087184,2055,7317,655,1701,121,1290,40,503,99,40
"1703","2020-03-29",257,20,211,1044,6297,0.870414483087184,2055,7317,655,1701,159,1449,49,552,138,49
"1704","2020-03-30",267,20,203,1144,6297,0.870414483087184,2055,7317,655,1701,164,1613,45,597,140,45
"1705","2020-03-31",281,20,204,1229,6297,0.870414483087184,2055,7317,655,1701,158,1771,33,630,135,33
"1706","2020-04-01",305,20,202,1324,6297,0.870414483087184,2055,7317,655,1701,162,1933,29,659,140,29
"1707","2020-04-02",331,20,185,1432,6297,0.870414483087184,2055,7317,655,1701,161,2094,30,689,139,30
"1708","2020-04-03",500,20,179,1511,6297,0.870414483087184,2055,7317,655,1701,213,2307,25,714,189,25
"1709","2020-04-04",535,20,172,1638,6297,0.870414483087184,2055,7317,655,1701,177,2484,51,765,163,51
"1710","2020-04-05",519,20,159,1731,6297,0.870414483087184,2055,7317,655,1701,193,2677,73,838,178,73
"1711","2020-04-06",530,20,161,1805,6297,0.870414483087184,2055,7317,655,1701,178,2855,69,907,158,69
"1712","2020-04-07",547,20,147,1868,6297,0.870414483087184,2055,7317,655,1701,178,3033,54,961,162,54
"1713","2020-04-08",572,20,159,1906,6297,0.870414483087184,2055,7317,655,1701,175,3208,30,991,154,30
"1714","2020-04-09",575,20,213,1900,6297,0.870414483087184,2055,7317,655,1701,146,3354,31,1022,132,31
"1715","2020-04-10",630,20,241,1952,6297,0.870414483087184,2055,7317,655,1701,160,3514,51,1073,143,51
"1716","2020-04-11",627,20,273,1961,6297,0.870414483087184,2055,7317,655,1701,204,3718,30,1103,184,30
"1717","2020-04-12",597,20,273,1996,6297,0.870414483087184,2055,7317,655,1701,132,3850,26,1129,111,26
"1718","2020-04-13",612,20,279,1972,6297,0.870414483087184,2055,7317,655,1701,159,4009,26,1155,145,26
"1719","2020-04-14",617,20,294,1927,6297,0.870414483087184,2055,7317,655,1701,138,4147,28,1183,117,28
"1720","2020-04-15",632,20,330,1898,6297,0.870414483087184,2055,7317,655,1701,129,4276,58,1241,115,58
"1721","2020-04-16",655,20,325,1835,6297,0.870414483087184,2055,7317,655,1701,126,4402,47,1288,114,47
"1722","2020-04-17",671,20,288,1778,6297,0.870414483087184,2055,7317,655,1701,153,4555,34,1322,135,34
"1723","2020-04-18",674,20,264,1711,6297,0.870414483087184,2055,7317,655,1701,109,4664,33,1355,91,33
"1724","2020-04-19",651,20,243,1638,6297,0.870414483087184,2055,7317,655,1701,108,4772,19,1374,99,19
"1725","2020-04-20",633,20,246,1581,6297,0.870414483087184,2055,7317,655,1701,78,4850,34,1408,67,34
"1726","2020-04-21",603,20,221,1510,6297,0.870414483087184,2055,7317,655,1701,99,4949,36,1444,85,36
"1727","2020-04-22",570,20,198,1419,6297,0.870414483087184,2055,7317,655,1701,83,5032,56,1500,76,56
"1728","2020-04-23",542,20,176,1327,6297,0.870414483087184,2055,7317,655,1701,77,5109,47,1547,65,47
"1729","2020-04-24",542,20,156,1249,6297,0.870414483087184,2055,7317,655,1701,68,5177,66,1613,59,66
"1730","2020-04-25",510,20,156,1171,6297,0.870414483087184,2055,7317,655,1701,67,5244,50,1663,52,50
"1731","2020-04-26",435,20,154,1069,6297,0.870414483087184,2055,7317,655,1701,62,5306,51,1714,49,51
"1732","2020-04-27",414,20,146,999,6297,0.870414483087184,2055,7317,655,1701,57,5363,68,1782,43,68
"1733","2020-04-28",388,20,140,930,6297,0.870414483087184,2055,7317,655,1701,57,5420,46,1828,49,46
"1734","2020-04-29",365,20,150,859,6297,0.870414483087184,2055,7317,655,1701,52,5472,35,1863,41,35
"1735","2020-04-30",344,20,148,770,6297,0.870414483087184,2055,7317,655,1701,59,5531,39,1902,48,39
"1736","2020-05-01",276,20,176,709,6297,0.870414483087184,2055,7317,655,1701,56,5587,26,1928,42,26
"1737","2020-05-02",280,20,219,651,6297,0.870414483087184,2055,7317,655,1701,40,5627,43,1971,30,43
"1738","2020-05-03",268,20,223,602,6297,0.870414483087184,2055,7317,655,1701,27,5654,26,1997,19,26
"1739","2020-05-04",252,20,222,561,6297,0.870414483087184,2055,7317,655,1701,32,5686,38,2035,23,38
"1740","2020-05-05",243,20,215,530,6297,0.870414483087184,2055,7317,655,1701,29,5715,26,2061,19,26
"1741","2020-05-06",226,20,221,496,6297,0.870414483087184,2055,7317,655,1701,31,5746,33,2094,20,33
"1742","2020-05-07",216,20,212,467,6297,0.870414483087184,2055,7317,655,1701,32,5778,27,2121,23,27
"1743","2020-05-08",186,20,245,441,6297,0.870414483087184,2055,7317,655,1701,35,5813,30,2151,20,30
"1744","2020-05-09",174,20,248,415,6297,0.870414483087184,2055,7317,655,1701,18,5831,39,2190,13,39
"1745","2020-05-10",155,20,264,379,6297,0.870414483087184,2055,7317,655,1701,22,5853,45,2235,14,45
"1746","2020-05-11",138,20,224,363,6297,0.870414483087184,2055,7317,655,1701,15,5868,43,2278,9,43
"1747","2020-05-12",128,20,211,345,6297,0.870414483087184,2055,7317,655,1701,21,5889,55,2333,13,55
"1748","2020-05-13",129,20,194,318,6297,0.870414483087184,2055,7317,655,1701,29,5918,35,2368,20,35
"1749","2020-05-14",117,20,171,285,6297,0.870414483087184,2055,7317,655,1701,19,5937,45,2413,13,45
"1750","2020-05-15",102,20,180,260,6297,0.870414483087184,2055,7317,655,1701,26,5963,53,2466,13,53
"1751","2020-05-16",91,20,186,237,6297,0.870414483087184,2055,7317,655,1701,12,5975,45,2511,5,45
"1752","2020-05-17",76,20,200,220,6297,0.870414483087184,2055,7317,655,1701,12,5987,38,2549,7,38
"1753","2020-05-18",71,20,197,214,6297,0.870414483087184,2055,7317,655,1701,12,5999,30,2579,6,30
"1754","2020-05-19",68,20,182,203,6297,0.870414483087184,2055,7317,655,1701,19,6018,38,2617,9,38
"1755","2020-05-20",67,20,199,196,6297,0.870414483087184,2055,7317,655,1701,13,6031,31,2648,10,31
"1756","2020-05-21",65,20,206,185,6297,0.870414483087184,2055,7317,655,1701,7,6038,29,2677,6,29
"1757","2020-05-22",65,20,208,180,6297,0.870414483087184,2055,7317,655,1701,8,6046,49,2726,6,49
"1758","2020-05-23",63,20,200,170,6297,0.870414483087184,2055,7317,655,1701,7,6053,43,2769,3,43
"1759","2020-05-24",72,20,195,161,6297,0.870414483087184,2055,7317,655,1701,10,6063,40,2809,4,40
"1760","2020-05-25",73,20,188,153,6297,0.870414483087184,2055,7317,655,1701,3,6066,43,2852,1,43
"1761","2020-05-26",71,20,190,144,6297,0.870414483087184,2055,7317,655,1701,14,6080,37,2889,8,37
"1762","2020-05-27",69,20,207,131,6297,0.870414483087184,2055,7317,655,1701,8,6088,44,2933,5,44
"1763","2020-05-28",65,20,243,126,6297,0.870414483087184,2055,7317,655,1701,8,6096,50,2983,1,50
"1764","2020-05-29",65,20,272,118,6297,0.870414483087184,2055,7317,655,1701,12,6108,43,3026,7,43
"1765","2020-05-30",59,20,238,124,6297,0.870414483087184,2055,7317,655,1701,7,6115,48,3074,3,48
"1766","2020-05-31",51,20,240,113,6297,0.870414483087184,2055,7317,655,1701,7,6122,50,3124,4,50
"1767","2020-06-01",47,20,257,110,6297,0.870414483087184,2055,7317,655,1701,7,6129,60,3184,3,60
"1768","2020-06-02",37,20,250,109,6297,0.870414483087184,2055,7317,655,1701,7,6136,48,3232,3,48
"1769","2020-06-03",31,20,232,106,6297,0.870414483087184,2055,7317,655,1701,8,6144,31,3263,4,31
"1770","2020-06-04",27,20,226,93,6297,0.870414483087184,2055,7317,655,1701,3,6147,29,3292,1,29
"1771","2020-06-05",35,20,247,87,6297,0.870414483087184,2055,7317,655,1701,6,6153,19,3311,2,19
"1772","2020-06-06",41,20,240,82,6297,0.870414483087184,2055,7317,655,1701,7,6160,22,3333,3,22
"1773","2020-06-07",31,20,243,80,6297,0.870414483087184,2055,7317,655,1701,6,6166,17,3350,2,17
