"","Date","Absents","Paramset","Infections_or_Exposed_per_day_Patient","Infections_or_Exposed_per_day_HCW","total_infections","nosocomial_proportion","PCR_pooled","LFD_pooled","HCW_symp_test","patient_symp_test","new_hcw_infs","cumulative_hcw_infs","new_pat_infs","cumulative_pats_infs","new_nosocomial_hcw_infs","new_nosocomial_pat_infs"
"1","2020-03-13",2,1,64,139,5885,0.389294817332201,8250,35875,277,587,55,139,24,47,8,24
"2","2020-03-14",8,1,82,196,5885,0.389294817332201,8250,35875,277,587,58,197,23,70,12,23
"3","2020-03-15",21,1,110,252,5885,0.389294817332201,8250,35875,277,587,56,253,33,103,16,33
"4","2020-03-16",23,1,124,317,5885,0.389294817332201,8250,35875,277,587,65,318,33,136,25,33
"5","2020-03-17",37,1,119,391,5885,0.389294817332201,8250,35875,277,587,76,394,17,153,33,17
"6","2020-03-18",52,1,126,457,5885,0.389294817332201,8250,35875,277,587,73,467,28,181,27,28
"7","2020-03-19",73,1,122,527,5885,0.389294817332201,8250,35875,277,587,79,546,26,207,33,26
"8","2020-03-20",93,1,123,580,5885,0.389294817332201,8250,35875,277,587,73,619,26,233,28,26
"9","2020-03-21",139,1,121,649,5885,0.389294817332201,8250,35875,277,587,90,709,19,252,49,19
"10","2020-03-22",193,1,113,709,5885,0.389294817332201,8250,35875,277,587,84,793,14,266,45,14
"11","2020-03-23",209,1,114,757,5885,0.389294817332201,8250,35875,277,587,85,878,22,288,36,22
"12","2020-03-24",203,1,120,802,5885,0.389294817332201,8250,35875,277,587,94,972,22,310,50,22
"13","2020-03-25",218,1,119,838,5885,0.389294817332201,8250,35875,277,587,80,1052,20,330,40,20
"14","2020-03-26",218,1,131,875,5885,0.389294817332201,8250,35875,277,587,91,1143,30,360,43,30
"15","2020-03-27",296,1,128,930,5885,0.389294817332201,8250,35875,277,587,111,1254,17,377,54,17
"16","2020-03-28",285,1,122,966,5885,0.389294817332201,8250,35875,277,587,105,1359,17,394,61,17
"17","2020-03-29",276,1,118,980,5885,0.389294817332201,8250,35875,277,587,92,1451,12,406,44,12
"18","2020-03-30",283,1,107,1009,5885,0.389294817332201,8250,35875,277,587,104,1555,12,418,50,12
"19","2020-03-31",289,1,103,1007,5885,0.389294817332201,8250,35875,277,587,92,1647,9,427,45,9
"20","2020-04-01",301,1,96,1020,5885,0.389294817332201,8250,35875,277,587,84,1731,13,440,49,13
"21","2020-04-02",309,1,94,1034,5885,0.389294817332201,8250,35875,277,587,96,1827,8,448,52,8
"22","2020-04-03",330,1,92,1022,5885,0.389294817332201,8250,35875,277,587,69,1896,9,457,37,9
"23","2020-04-04",357,1,105,1002,5885,0.389294817332201,8250,35875,277,587,76,1972,24,481,37,24
"24","2020-04-05",344,1,121,1008,5885,0.389294817332201,8250,35875,277,587,94,2066,37,518,44,37
"25","2020-04-06",344,1,155,1018,5885,0.389294817332201,8250,35875,277,587,85,2151,40,558,48,40
"26","2020-04-07",333,1,169,1004,5885,0.389294817332201,8250,35875,277,587,89,2240,39,597,43,39
"27","2020-04-08",331,1,175,1001,5885,0.389294817332201,8250,35875,277,587,92,2332,37,634,37,37
"28","2020-04-09",336,1,166,1006,5885,0.389294817332201,8250,35875,277,587,87,2419,23,657,39,23
"29","2020-04-10",374,1,176,1003,5885,0.389294817332201,8250,35875,277,587,79,2498,41,698,35,41
"30","2020-04-11",360,1,151,1011,5885,0.389294817332201,8250,35875,277,587,88,2586,12,710,36,12
"31","2020-04-12",343,1,141,1013,5885,0.389294817332201,8250,35875,277,587,88,2674,17,727,42,17
"32","2020-04-13",341,1,159,988,5885,0.389294817332201,8250,35875,277,587,82,2756,34,761,38,34
"33","2020-04-14",340,1,149,951,5885,0.389294817332201,8250,35875,277,587,75,2831,27,788,26,27
"34","2020-04-15",340,1,147,942,5885,0.389294817332201,8250,35875,277,587,81,2912,16,804,44,16
"35","2020-04-16",340,1,143,933,5885,0.389294817332201,8250,35875,277,587,74,2986,25,829,35,25
"36","2020-04-17",341,1,170,937,5885,0.389294817332201,8250,35875,277,587,82,3068,41,870,34,41
"37","2020-04-18",342,1,177,934,5885,0.389294817332201,8250,35875,277,587,81,3149,31,901,43,31
"38","2020-04-19",312,1,182,917,5885,0.389294817332201,8250,35875,277,587,76,3225,40,941,31,40
"39","2020-04-20",285,1,187,923,5885,0.389294817332201,8250,35875,277,587,82,3307,41,982,34,41
"40","2020-04-21",271,1,202,904,5885,0.389294817332201,8250,35875,277,587,64,3371,34,1016,23,34
"41","2020-04-22",264,1,212,893,5885,0.389294817332201,8250,35875,277,587,72,3443,45,1061,24,45
"42","2020-04-23",257,1,215,874,5885,0.389294817332201,8250,35875,277,587,80,3523,34,1095,23,34
"43","2020-04-24",273,1,197,875,5885,0.389294817332201,8250,35875,277,587,89,3612,23,1118,32,23
"44","2020-04-25",278,1,190,847,5885,0.389294817332201,8250,35875,277,587,58,3670,36,1154,28,36
"45","2020-04-26",274,1,203,863,5885,0.389294817332201,8250,35875,277,587,83,3753,37,1191,41,37
"46","2020-04-27",293,1,215,853,5885,0.389294817332201,8250,35875,277,587,64,3817,48,1239,21,48
"47","2020-04-28",282,1,199,843,5885,0.389294817332201,8250,35875,277,587,61,3878,22,1261,27,22
"48","2020-04-29",278,1,200,837,5885,0.389294817332201,8250,35875,277,587,68,3946,30,1291,31,30
"49","2020-04-30",281,1,173,822,5885,0.389294817332201,8250,35875,277,587,68,4014,19,1310,35,19
"50","2020-05-01",302,1,196,783,5885,0.389294817332201,8250,35875,277,587,56,4070,42,1352,23,42
"51","2020-05-02",316,1,216,764,5885,0.389294817332201,8250,35875,277,587,53,4123,58,1410,21,58
"52","2020-05-03",280,1,250,763,5885,0.389294817332201,8250,35875,277,587,74,4197,53,1463,34,53
"53","2020-05-04",263,1,224,753,5885,0.389294817332201,8250,35875,277,587,58,4255,27,1490,28,27
"54","2020-05-05",261,1,203,748,5885,0.389294817332201,8250,35875,277,587,59,4314,32,1522,24,32
"55","2020-05-06",265,1,192,742,5885,0.389294817332201,8250,35875,277,587,61,4375,23,1545,25,23
"56","2020-05-07",259,1,206,724,5885,0.389294817332201,8250,35875,277,587,56,4431,43,1588,23,43
"57","2020-05-08",238,1,218,709,5885,0.389294817332201,8250,35875,277,587,60,4491,33,1621,22,33
"58","2020-05-09",238,1,224,707,5885,0.389294817332201,8250,35875,277,587,48,4539,49,1670,18,49
"59","2020-05-10",239,1,233,679,5885,0.389294817332201,8250,35875,277,587,36,4575,47,1717,8,47
"60","2020-05-11",238,1,241,663,5885,0.389294817332201,8250,35875,277,587,38,4613,57,1774,14,57
"61","2020-05-12",242,1,264,634,5885,0.389294817332201,8250,35875,277,587,40,4653,51,1825,7,51
"62","2020-05-13",238,1,266,618,5885,0.389294817332201,8250,35875,277,587,40,4693,50,1875,14,50
"63","2020-05-14",239,1,255,592,5885,0.389294817332201,8250,35875,277,587,39,4732,39,1914,11,39
"64","2020-05-15",230,1,234,584,5885,0.389294817332201,8250,35875,277,587,42,4774,32,1946,18,32
"65","2020-05-16",223,1,220,533,5885,0.389294817332201,8250,35875,277,587,34,4808,33,1979,14,33
"66","2020-05-17",200,1,201,524,5885,0.389294817332201,8250,35875,277,587,40,4848,29,2008,13,29
"67","2020-05-18",187,1,174,491,5885,0.389294817332201,8250,35875,277,587,31,4879,17,2025,13,17
"68","2020-05-19",177,1,171,474,5885,0.389294817332201,8250,35875,277,587,35,4914,26,2051,14,26
"69","2020-05-20",160,1,150,438,5885,0.389294817332201,8250,35875,277,587,32,4946,11,2062,11,11
"70","2020-05-21",146,1,137,429,5885,0.389294817332201,8250,35875,277,587,35,4981,23,2085,11,23
"71","2020-05-22",142,1,126,414,5885,0.389294817332201,8250,35875,277,587,25,5006,21,2106,10,21
"72","2020-05-23",128,1,137,407,5885,0.389294817332201,8250,35875,277,587,37,5043,24,2130,11,24
"73","2020-05-24",126,1,131,394,5885,0.389294817332201,8250,35875,277,587,27,5070,11,2141,10,11
"74","2020-05-25",123,1,120,389,5885,0.389294817332201,8250,35875,277,587,37,5107,14,2155,9,14
"75","2020-05-26",115,1,134,372,5885,0.389294817332201,8250,35875,277,587,32,5139,29,2184,11,29
"76","2020-05-27",126,1,147,359,5885,0.389294817332201,8250,35875,277,587,25,5164,28,2212,10,28
"77","2020-05-28",124,1,149,341,5885,0.389294817332201,8250,35875,277,587,15,5179,27,2239,6,27
"78","2020-05-29",126,1,148,335,5885,0.389294817332201,8250,35875,277,587,21,5200,26,2265,8,26
"79","2020-05-30",126,1,135,307,5885,0.389294817332201,8250,35875,277,587,11,5211,17,2282,6,17
"80","2020-05-31",118,1,131,286,5885,0.389294817332201,8250,35875,277,587,19,5230,20,2302,6,20
"81","2020-06-01",115,1,116,277,5885,0.389294817332201,8250,35875,277,587,26,5256,9,2311,11,9
"82","2020-06-02",111,1,96,261,5885,0.389294817332201,8250,35875,277,587,16,5272,5,2316,4,5
"83","2020-06-03",95,1,89,250,5885,0.389294817332201,8250,35875,277,587,20,5292,7,2323,4,7
"84","2020-06-04",92,1,77,233,5885,0.389294817332201,8250,35875,277,587,12,5304,9,2332,4,9
"85","2020-06-05",92,1,86,237,5885,0.389294817332201,8250,35875,277,587,22,5326,13,2345,5,13
"86","2020-06-06",87,1,99,223,5885,0.389294817332201,8250,35875,277,587,13,5339,25,2370,4,25
"87","2020-06-07",73,1,104,212,5885,0.389294817332201,8250,35875,277,587,16,5355,19,2389,6,19
"88","2020-03-13",1,2,42,78,5792,0.707182320441989,8340,34232,293,514,49,124,15,42,11,15
"89","2020-03-14",4,2,48,120,5792,0.707182320441989,8340,34232,293,514,42,166,25,67,18,25
"90","2020-03-15",16,2,64,152,5792,0.707182320441989,8340,34232,293,514,62,228,24,91,22,24
"91","2020-03-16",25,2,75,211,5792,0.707182320441989,8340,34232,293,514,62,290,18,109,27,18
"92","2020-03-17",25,2,84,261,5792,0.707182320441989,8340,34232,293,514,49,339,29,138,24,29
"93","2020-03-18",33,2,73,298,5792,0.707182320441989,8340,34232,293,514,42,381,25,163,20,25
"94","2020-03-19",48,2,71,344,5792,0.707182320441989,8340,34232,293,514,84,465,23,186,41,23
"95","2020-03-20",67,2,56,401,5792,0.707182320441989,8340,34232,293,514,74,539,22,208,48,22
"96","2020-03-21",98,2,53,441,5792,0.707182320441989,8340,34232,293,514,66,605,35,243,30,35
"97","2020-03-22",132,2,53,491,5792,0.707182320441989,8340,34232,293,514,82,687,27,270,41,27
"98","2020-03-23",134,2,48,549,5792,0.707182320441989,8340,34232,293,514,85,772,34,304,55,34
"99","2020-03-24",140,2,47,612,5792,0.707182320441989,8340,34232,293,514,74,846,17,321,44,17
"100","2020-03-25",152,2,46,658,5792,0.707182320441989,8340,34232,293,514,82,928,21,342,47,21
"101","2020-03-26",163,2,51,677,5792,0.707182320441989,8340,34232,293,514,82,1010,14,356,44,14
"102","2020-03-27",216,2,61,718,5792,0.707182320441989,8340,34232,293,514,86,1096,22,378,43,22
"103","2020-03-28",237,2,72,748,5792,0.707182320441989,8340,34232,293,514,90,1186,23,401,47,23
"104","2020-03-29",224,2,76,799,5792,0.707182320441989,8340,34232,293,514,96,1282,30,431,58,30
"105","2020-03-30",218,2,81,859,5792,0.707182320441989,8340,34232,293,514,116,1398,25,456,78,25
"106","2020-03-31",231,2,88,897,5792,0.707182320441989,8340,34232,293,514,84,1482,22,478,46,22
"107","2020-04-01",253,2,104,944,5792,0.707182320441989,8340,34232,293,514,83,1565,26,504,50,26
"108","2020-04-02",256,2,113,993,5792,0.707182320441989,8340,34232,293,514,103,1668,26,530,65,26
"109","2020-04-03",307,2,102,1055,5792,0.707182320441989,8340,34232,293,514,88,1756,24,554,48,24
"110","2020-04-04",313,2,101,1102,5792,0.707182320441989,8340,34232,293,514,82,1838,16,570,56,16
"111","2020-04-05",311,2,94,1136,5792,0.707182320441989,8340,34232,293,514,80,1918,24,594,47,24
"112","2020-04-06",327,2,107,1167,5792,0.707182320441989,8340,34232,293,514,95,2013,18,612,70,18
"113","2020-04-07",325,2,105,1195,5792,0.707182320441989,8340,34232,293,514,85,2098,20,632,45,20
"114","2020-04-08",340,2,117,1205,5792,0.707182320441989,8340,34232,293,514,91,2189,20,652,54,20
"115","2020-04-09",362,2,121,1239,5792,0.707182320441989,8340,34232,293,514,94,2283,22,674,58,22
"116","2020-04-10",399,2,127,1273,5792,0.707182320441989,8340,34232,293,514,82,2365,45,719,52,45
"117","2020-04-11",419,2,126,1282,5792,0.707182320441989,8340,34232,293,514,89,2454,32,751,49,32
"118","2020-04-12",431,2,140,1296,5792,0.707182320441989,8340,34232,293,514,87,2541,38,789,48,38
"119","2020-04-13",427,2,159,1289,5792,0.707182320441989,8340,34232,293,514,74,2615,38,827,49,38
"120","2020-04-14",429,2,187,1310,5792,0.707182320441989,8340,34232,293,514,82,2697,21,848,46,21
"121","2020-04-15",421,2,202,1308,5792,0.707182320441989,8340,34232,293,514,88,2785,25,873,50,25
"122","2020-04-16",408,2,211,1305,5792,0.707182320441989,8340,34232,293,514,85,2870,24,897,42,24
"123","2020-04-17",451,2,238,1299,5792,0.707182320441989,8340,34232,293,514,84,2954,43,940,48,43
"124","2020-04-18",442,2,238,1262,5792,0.707182320441989,8340,34232,293,514,76,3030,29,969,40,29
"125","2020-04-19",423,2,210,1226,5792,0.707182320441989,8340,34232,293,514,82,3112,38,1007,45,38
"126","2020-04-20",422,2,199,1195,5792,0.707182320441989,8340,34232,293,514,68,3180,35,1042,38,35
"127","2020-04-21",407,2,175,1185,5792,0.707182320441989,8340,34232,293,514,77,3257,27,1069,47,27
"128","2020-04-22",398,2,156,1148,5792,0.707182320441989,8340,34232,293,514,64,3321,29,1098,38,29
"129","2020-04-23",401,2,133,1131,5792,0.707182320441989,8340,34232,293,514,71,3392,28,1126,30,28
"130","2020-04-24",390,2,120,1096,5792,0.707182320441989,8340,34232,293,514,75,3467,43,1169,43,43
"131","2020-04-25",404,2,140,1083,5792,0.707182320441989,8340,34232,293,514,65,3532,46,1215,35,46
"132","2020-04-26",352,2,138,1042,5792,0.707182320441989,8340,34232,293,514,68,3600,42,1257,36,42
"133","2020-04-27",341,2,124,1043,5792,0.707182320441989,8340,34232,293,514,67,3667,30,1287,30,30
"134","2020-04-28",335,2,117,983,5792,0.707182320441989,8340,34232,293,514,64,3731,31,1318,35,31
"135","2020-04-29",331,2,142,922,5792,0.707182320441989,8340,34232,293,514,66,3797,17,1335,33,17
"136","2020-04-30",330,2,138,890,5792,0.707182320441989,8340,34232,293,514,57,3854,28,1363,31,28
"137","2020-05-01",324,2,140,855,5792,0.707182320441989,8340,34232,293,514,56,3910,46,1409,29,46
"138","2020-05-02",299,2,136,845,5792,0.707182320441989,8340,34232,293,514,57,3967,22,1431,35,22
"139","2020-05-03",291,2,136,803,5792,0.707182320441989,8340,34232,293,514,39,4006,32,1463,15,32
"140","2020-05-04",286,2,129,762,5792,0.707182320441989,8340,34232,293,514,46,4052,29,1492,22,29
"141","2020-05-05",276,2,143,730,5792,0.707182320441989,8340,34232,293,514,66,4118,40,1532,37,40
"142","2020-05-06",266,2,163,704,5792,0.707182320441989,8340,34232,293,514,44,4162,29,1561,19,29
"143","2020-05-07",259,2,168,672,5792,0.707182320441989,8340,34232,293,514,57,4219,24,1585,30,24
"144","2020-05-08",254,2,182,637,5792,0.707182320441989,8340,34232,293,514,38,4257,47,1632,18,47
"145","2020-05-09",250,2,187,614,5792,0.707182320441989,8340,34232,293,514,59,4316,21,1653,25,21
"146","2020-05-10",229,2,166,591,5792,0.707182320441989,8340,34232,293,514,29,4345,25,1678,10,25
"147","2020-05-11",221,2,158,545,5792,0.707182320441989,8340,34232,293,514,53,4398,22,1700,21,23
"148","2020-05-12",207,2,140,534,5792,0.707182320441989,8340,34232,293,514,48,4446,18,1718,26,18
"149","2020-05-13",194,2,136,522,5792,0.707182320441989,8340,34232,293,514,45,4491,10,1728,21,10
"150","2020-05-14",180,2,129,504,5792,0.707182320441989,8340,34232,293,514,39,4530,19,1747,25,19
"151","2020-05-15",165,2,142,472,5792,0.707182320441989,8340,34232,293,514,34,4564,27,1774,17,27
"152","2020-05-16",157,2,162,437,5792,0.707182320441989,8340,34232,293,514,30,4594,21,1795,17,21
"153","2020-05-17",147,2,170,419,5792,0.707182320441989,8340,34232,293,514,37,4631,15,1810,16,15
"154","2020-05-18",131,2,146,400,5792,0.707182320441989,8340,34232,293,514,30,4661,23,1833,11,23
"155","2020-05-19",123,2,140,387,5792,0.707182320441989,8340,34232,293,514,34,4695,16,1849,20,16
"156","2020-05-20",126,2,134,368,5792,0.707182320441989,8340,34232,293,514,23,4718,20,1869,11,20
"157","2020-05-21",115,2,122,341,5792,0.707182320441989,8340,34232,293,514,24,4742,15,1884,10,15
"158","2020-05-22",120,2,115,324,5792,0.707182320441989,8340,34232,293,514,38,4780,36,1920,14,36
"159","2020-05-23",127,2,104,304,5792,0.707182320441989,8340,34232,293,514,21,4801,27,1947,9,27
"160","2020-05-24",115,2,100,281,5792,0.707182320441989,8340,34232,293,514,24,4825,30,1977,10,30
"161","2020-05-25",117,2,111,257,5792,0.707182320441989,8340,34232,293,514,32,4857,19,1996,15,19
"162","2020-05-26",104,2,95,253,5792,0.707182320441989,8340,34232,293,514,19,4876,21,2017,10,21
"163","2020-05-27",95,2,94,244,5792,0.707182320441989,8340,34232,293,514,20,4896,18,2035,7,18
"164","2020-05-28",94,2,78,231,5792,0.707182320441989,8340,34232,293,514,23,4919,25,2060,7,25
"165","2020-05-29",86,2,74,227,5792,0.707182320441989,8340,34232,293,514,23,4942,21,2081,6,21
"166","2020-05-30",84,2,72,223,5792,0.707182320441989,8340,34232,293,514,23,4965,21,2102,12,21
"167","2020-05-31",74,2,67,208,5792,0.707182320441989,8340,34232,293,514,19,4984,35,2137,8,35
"168","2020-06-01",67,2,77,195,5792,0.707182320441989,8340,34232,293,514,23,5007,30,2167,13,30
"169","2020-06-02",71,2,100,185,5792,0.707182320441989,8340,34232,293,514,15,5022,21,2188,10,21
"170","2020-06-03",72,2,110,169,5792,0.707182320441989,8340,34232,293,514,21,5043,32,2220,11,32
"171","2020-06-04",73,2,106,161,5792,0.707182320441989,8340,34232,293,514,11,5054,17,2237,1,17
"172","2020-06-05",67,2,102,151,5792,0.707182320441989,8340,34232,293,514,16,5070,13,2250,6,13
"173","2020-06-06",62,2,97,148,5792,0.707182320441989,8340,34232,293,514,19,5089,24,2274,9,24
"174","2020-06-07",61,2,86,148,5792,0.707182320441989,8340,34232,293,514,15,5104,13,2287,5,13
"175","2020-03-13",3,3,116,133,6357,0.54900110114834,8280,35785,353,1486,22,59,33,69,8,33
"176","2020-03-14",16,3,159,177,6357,0.54900110114834,8280,35785,353,1486,28,87,15,84,13,15
"177","2020-03-15",26,3,197,241,6357,0.54900110114834,8280,35785,353,1486,48,135,13,97,30,13
"178","2020-03-16",29,3,215,312,6357,0.54900110114834,8280,35785,353,1486,46,181,16,113,34,16
"179","2020-03-17",39,3,228,382,6357,0.54900110114834,8280,35785,353,1486,46,227,10,123,37,10
"180","2020-03-18",52,3,256,473,6357,0.54900110114834,8280,35785,353,1486,51,278,11,134,37,11
"181","2020-03-19",69,3,278,558,6357,0.54900110114834,8280,35785,353,1486,62,340,12,146,49,12
"182","2020-03-20",110,3,285,637,6357,0.54900110114834,8280,35785,353,1486,55,395,24,170,43,24
"183","2020-03-21",155,3,291,717,6357,0.54900110114834,8280,35785,353,1486,79,474,17,187,64,17
"184","2020-03-22",197,3,275,806,6357,0.54900110114834,8280,35785,353,1486,75,549,28,215,56,28
"185","2020-03-23",192,3,291,857,6357,0.54900110114834,8280,35785,353,1486,92,641,46,261,81,46
"186","2020-03-24",210,3,279,936,6357,0.54900110114834,8280,35785,353,1486,82,723,31,292,74,31
"187","2020-03-25",226,3,277,996,6357,0.54900110114834,8280,35785,353,1486,112,835,50,342,100,50
"188","2020-03-26",246,3,253,1086,6357,0.54900110114834,8280,35785,353,1486,126,961,33,375,112,33
"189","2020-03-27",321,3,253,1139,6357,0.54900110114834,8280,35785,353,1486,133,1094,41,416,120,41
"190","2020-03-28",336,3,265,1190,6357,0.54900110114834,8280,35785,353,1486,128,1222,37,453,118,37
"191","2020-03-29",354,3,255,1234,6357,0.54900110114834,8280,35785,353,1486,154,1376,22,475,148,22
"192","2020-03-30",378,3,235,1266,6357,0.54900110114834,8280,35785,353,1486,136,1512,32,507,127,32
"193","2020-03-31",367,3,230,1284,6357,0.54900110114834,8280,35785,353,1486,170,1682,28,535,162,28
"194","2020-04-01",384,3,225,1318,6357,0.54900110114834,8280,35785,353,1486,131,1813,32,567,118,32
"195","2020-04-02",409,3,216,1318,6357,0.54900110114834,8280,35785,353,1486,158,1971,22,589,139,22
"196","2020-04-03",479,3,213,1331,6357,0.54900110114834,8280,35785,353,1486,161,2132,25,614,156,25
"197","2020-04-04",489,3,244,1345,6357,0.54900110114834,8280,35785,353,1486,166,2298,20,634,159,20
"198","2020-04-05",429,3,252,1345,6357,0.54900110114834,8280,35785,353,1486,170,2468,22,656,155,22
"199","2020-04-06",433,3,266,1391,6357,0.54900110114834,8280,35785,353,1486,171,2639,26,682,157,26
"200","2020-04-07",447,3,283,1399,6357,0.54900110114834,8280,35785,353,1486,183,2822,16,698,174,16
"201","2020-04-08",458,3,300,1407,6357,0.54900110114834,8280,35785,353,1486,156,2978,36,734,151,36
"202","2020-04-09",449,3,307,1398,6357,0.54900110114834,8280,35785,353,1486,145,3123,45,779,134,45
"203","2020-04-10",474,3,289,1378,6357,0.54900110114834,8280,35785,353,1486,159,3282,23,802,149,23
"204","2020-04-11",498,3,270,1327,6357,0.54900110114834,8280,35785,353,1486,201,3483,37,839,191,37
"205","2020-04-12",465,3,248,1308,6357,0.54900110114834,8280,35785,353,1486,124,3607,40,879,109,40
"206","2020-04-13",446,3,231,1286,6357,0.54900110114834,8280,35785,353,1486,115,3722,43,922,108,43
"207","2020-04-14",443,3,234,1232,6357,0.54900110114834,8280,35785,353,1486,157,3879,37,959,147,37
"208","2020-04-15",432,3,239,1197,6357,0.54900110114834,8280,35785,353,1486,126,4005,32,991,112,32
"209","2020-04-16",411,3,241,1170,6357,0.54900110114834,8280,35785,353,1486,128,4133,24,1015,119,24
"210","2020-04-17",431,3,234,1132,6357,0.54900110114834,8280,35785,353,1486,105,4238,22,1037,97,22
"211","2020-04-18",405,3,253,1114,6357,0.54900110114834,8280,35785,353,1486,102,4340,16,1053,97,16
"212","2020-04-19",378,3,250,1090,6357,0.54900110114834,8280,35785,353,1486,91,4431,21,1074,85,21
"213","2020-04-20",375,3,266,1058,6357,0.54900110114834,8280,35785,353,1486,89,4520,26,1100,83,26
"214","2020-04-21",360,3,262,993,6357,0.54900110114834,8280,35785,353,1486,89,4609,22,1122,83,22
"215","2020-04-22",341,3,283,966,6357,0.54900110114834,8280,35785,353,1486,87,4696,26,1148,80,26
"216","2020-04-23",337,3,275,950,6357,0.54900110114834,8280,35785,353,1486,91,4787,40,1188,87,40
"217","2020-04-24",313,3,261,944,6357,0.54900110114834,8280,35785,353,1486,67,4854,47,1235,56,47
"218","2020-04-25",292,3,258,921,6357,0.54900110114834,8280,35785,353,1486,62,4916,48,1283,59,48
"219","2020-04-26",290,3,249,893,6357,0.54900110114834,8280,35785,353,1486,61,4977,18,1301,51,18
"220","2020-04-27",284,3,249,878,6357,0.54900110114834,8280,35785,353,1486,57,5034,40,1341,49,40
"221","2020-04-28",277,3,236,858,6357,0.54900110114834,8280,35785,353,1486,48,5082,32,1373,42,32
"222","2020-04-29",280,3,255,833,6357,0.54900110114834,8280,35785,353,1486,43,5125,17,1390,36,17
"223","2020-04-30",283,3,256,783,6357,0.54900110114834,8280,35785,353,1486,40,5165,22,1412,31,22
"224","2020-05-01",283,3,263,753,6357,0.54900110114834,8280,35785,353,1486,45,5210,23,1435,41,23
"225","2020-05-02",286,3,273,739,6357,0.54900110114834,8280,35785,353,1486,43,5253,28,1463,38,28
"226","2020-05-03",247,3,265,721,6357,0.54900110114834,8280,35785,353,1486,39,5292,47,1510,37,47
"227","2020-05-04",242,3,283,679,6357,0.54900110114834,8280,35785,353,1486,32,5324,31,1541,24,31
"228","2020-05-05",233,3,280,656,6357,0.54900110114834,8280,35785,353,1486,31,5355,28,1569,26,28
"229","2020-05-06",228,3,309,622,6357,0.54900110114834,8280,35785,353,1486,26,5381,21,1590,25,21
"230","2020-05-07",227,3,314,605,6357,0.54900110114834,8280,35785,353,1486,35,5416,30,1620,26,30
"231","2020-05-08",198,3,296,580,6357,0.54900110114834,8280,35785,353,1486,32,5448,32,1652,28,32
"232","2020-05-09",218,3,309,570,6357,0.54900110114834,8280,35785,353,1486,28,5476,26,1678,21,26
"233","2020-05-10",201,3,288,555,6357,0.54900110114834,8280,35785,353,1486,28,5504,22,1700,22,22
"234","2020-05-11",186,3,281,547,6357,0.54900110114834,8280,35785,353,1486,25,5529,22,1722,19,22
"235","2020-05-12",184,3,287,523,6357,0.54900110114834,8280,35785,353,1486,14,5543,16,1738,12,16
"236","2020-05-13",175,3,288,502,6357,0.54900110114834,8280,35785,353,1486,19,5562,12,1750,16,12
"237","2020-05-14",164,3,282,487,6357,0.54900110114834,8280,35785,353,1486,17,5579,9,1759,9,9
"238","2020-05-15",162,3,279,458,6357,0.54900110114834,8280,35785,353,1486,17,5596,18,1777,13,18
"239","2020-05-16",144,3,285,448,6357,0.54900110114834,8280,35785,353,1486,24,5620,35,1812,15,35
"240","2020-05-17",141,3,288,442,6357,0.54900110114834,8280,35785,353,1486,22,5642,34,1846,16,34
"241","2020-05-18",139,3,287,429,6357,0.54900110114834,8280,35785,353,1486,15,5657,14,1860,10,14
"242","2020-05-19",129,3,284,412,6357,0.54900110114834,8280,35785,353,1486,24,5681,19,1879,16,19
"243","2020-05-20",129,3,280,402,6357,0.54900110114834,8280,35785,353,1486,21,5702,34,1913,17,34
"244","2020-05-21",127,3,267,376,6357,0.54900110114834,8280,35785,353,1486,17,5719,25,1938,13,25
"245","2020-05-22",134,3,256,368,6357,0.54900110114834,8280,35785,353,1486,14,5733,10,1948,12,10
"246","2020-05-23",136,3,271,337,6357,0.54900110114834,8280,35785,353,1486,11,5744,21,1969,9,21
"247","2020-05-24",113,3,282,326,6357,0.54900110114834,8280,35785,353,1486,21,5765,13,1982,16,13
"248","2020-05-25",104,3,313,309,6357,0.54900110114834,8280,35785,353,1486,20,5785,23,2005,19,23
"249","2020-05-26",106,3,296,290,6357,0.54900110114834,8280,35785,353,1486,13,5798,14,2019,10,14
"250","2020-05-27",101,3,298,278,6357,0.54900110114834,8280,35785,353,1486,17,5815,20,2039,14,20
"251","2020-05-28",95,3,275,269,6357,0.54900110114834,8280,35785,353,1486,15,5830,23,2062,12,23
"252","2020-05-29",95,3,282,259,6357,0.54900110114834,8280,35785,353,1486,14,5844,36,2098,13,36
"253","2020-05-30",90,3,309,252,6357,0.54900110114834,8280,35785,353,1486,15,5859,21,2119,13,21
"254","2020-05-31",94,3,298,239,6357,0.54900110114834,8280,35785,353,1486,8,5867,28,2147,8,28
"255","2020-06-01",91,3,287,224,6357,0.54900110114834,8280,35785,353,1486,11,5878,39,2186,10,39
"256","2020-06-02",87,3,285,222,6357,0.54900110114834,8280,35785,353,1486,15,5893,23,2209,14,23
"257","2020-06-03",85,3,301,216,6357,0.54900110114834,8280,35785,353,1486,7,5900,17,2226,6,17
"258","2020-06-04",88,3,304,195,6357,0.54900110114834,8280,35785,353,1486,8,5908,26,2252,7,26
"259","2020-06-05",72,3,283,188,6357,0.54900110114834,8280,35785,353,1486,8,5916,19,2271,7,19
"260","2020-06-06",63,3,263,178,6357,0.54900110114834,8280,35785,353,1486,6,5922,36,2307,5,36
"261","2020-06-07",67,3,265,166,6357,0.54900110114834,8280,35785,353,1486,9,5931,27,2334,8,27
"262","2020-03-13",1,4,59,63,5317,0.714876810231333,8415,34118,300,802,42,143,40,104,16,40
"263","2020-03-14",7,4,54,85,5317,0.714876810231333,8415,34118,300,802,52,195,20,124,19,20
"264","2020-03-15",14,4,49,110,5317,0.714876810231333,8415,34118,300,802,64,259,13,137,23,13
"265","2020-03-16",18,4,49,142,5317,0.714876810231333,8415,34118,300,802,88,347,7,144,28,7
"266","2020-03-17",23,4,49,177,5317,0.714876810231333,8415,34118,300,802,60,407,17,161,19,17
"267","2020-03-18",29,4,43,212,5317,0.714876810231333,8415,34118,300,802,68,475,40,201,35,40
"268","2020-03-19",39,4,46,257,5317,0.714876810231333,8415,34118,300,802,81,556,42,243,36,42
"269","2020-03-20",60,4,43,285,5317,0.714876810231333,8415,34118,300,802,90,646,78,321,54,78
"270","2020-03-21",70,4,56,337,5317,0.714876810231333,8415,34118,300,802,86,732,74,395,42,74
"271","2020-03-22",80,4,80,385,5317,0.714876810231333,8415,34118,300,802,93,825,55,450,55,55
"272","2020-03-23",90,4,103,428,5317,0.714876810231333,8415,34118,300,802,104,929,47,497,59,47
"273","2020-03-24",92,4,122,457,5317,0.714876810231333,8415,34118,300,802,101,1030,42,539,62,42
"274","2020-03-25",97,4,117,523,5317,0.714876810231333,8415,34118,300,802,113,1143,53,592,72,53
"275","2020-03-26",110,4,99,578,5317,0.714876810231333,8415,34118,300,802,110,1253,51,643,71,51
"276","2020-03-27",140,4,91,637,5317,0.714876810231333,8415,34118,300,802,105,1358,30,673,72,30
"277","2020-03-28",192,4,94,680,5317,0.714876810231333,8415,34118,300,802,103,1461,28,701,63,28
"278","2020-03-29",201,4,94,729,5317,0.714876810231333,8415,34118,300,802,103,1564,22,723,69,22
"279","2020-03-30",203,4,122,777,5317,0.714876810231333,8415,34118,300,802,89,1653,29,752,59,29
"280","2020-03-31",215,4,134,812,5317,0.714876810231333,8415,34118,300,802,95,1748,12,764,58,12
"281","2020-04-01",234,4,142,851,5317,0.714876810231333,8415,34118,300,802,94,1842,11,775,57,11
"282","2020-04-02",244,4,152,889,5317,0.714876810231333,8415,34118,300,802,98,1940,11,786,61,11
"283","2020-04-03",301,4,138,931,5317,0.714876810231333,8415,34118,300,802,122,2062,14,800,72,14
"284","2020-04-04",319,4,143,981,5317,0.714876810231333,8415,34118,300,802,99,2161,11,811,55,11
"285","2020-04-05",306,4,162,1018,5317,0.714876810231333,8415,34118,300,802,78,2239,10,821,37,10
"286","2020-04-06",301,4,157,1031,5317,0.714876810231333,8415,34118,300,802,118,2357,17,838,74,17
"287","2020-04-07",309,4,185,1057,5317,0.714876810231333,8415,34118,300,802,88,2445,70,908,53,70
"288","2020-04-08",315,4,205,1058,5317,0.714876810231333,8415,34118,300,802,98,2543,45,953,57,45
"289","2020-04-09",314,4,204,1088,5317,0.714876810231333,8415,34118,300,802,99,2642,80,1033,65,80
"290","2020-04-10",354,4,217,1091,5317,0.714876810231333,8415,34118,300,802,101,2743,34,1067,60,34
"291","2020-04-11",361,4,188,1099,5317,0.714876810231333,8415,34118,300,802,88,2831,39,1106,46,39
"292","2020-04-12",340,4,169,1121,5317,0.714876810231333,8415,34118,300,802,90,2921,39,1145,52,39
"293","2020-04-13",342,4,178,1093,5317,0.714876810231333,8415,34118,300,802,119,3040,64,1209,68,64
"294","2020-04-14",345,4,195,1104,5317,0.714876810231333,8415,34118,300,802,103,3143,40,1249,62,40
"295","2020-04-15",343,4,178,1111,5317,0.714876810231333,8415,34118,300,802,93,3236,67,1316,53,67
"296","2020-04-16",348,4,162,1112,5317,0.714876810231333,8415,34118,300,802,104,3340,59,1375,58,59
"297","2020-04-17",386,4,151,1092,5317,0.714876810231333,8415,34118,300,802,99,3439,46,1421,57,46
"298","2020-04-18",376,4,144,1060,5317,0.714876810231333,8415,34118,300,802,71,3510,25,1446,42,25
"299","2020-04-19",375,4,133,1050,5317,0.714876810231333,8415,34118,300,802,86,3596,24,1470,45,24
"300","2020-04-20",362,4,149,1033,5317,0.714876810231333,8415,34118,300,802,77,3673,14,1484,37,14
"301","2020-04-21",353,4,177,1004,5317,0.714876810231333,8415,34118,300,802,90,3763,7,1491,42,7
"302","2020-04-22",359,4,198,1012,5317,0.714876810231333,8415,34118,300,802,73,3836,2,1493,36,2
"303","2020-04-23",362,4,196,992,5317,0.714876810231333,8415,34118,300,802,59,3895,7,1500,38,7
"304","2020-04-24",359,4,220,947,5317,0.714876810231333,8415,34118,300,802,61,3956,4,1504,32,4
"305","2020-04-25",360,4,216,932,5317,0.714876810231333,8415,34118,300,802,84,4040,17,1521,42,17
"306","2020-04-26",336,4,203,903,5317,0.714876810231333,8415,34118,300,802,59,4099,18,1539,27,18
"307","2020-04-27",326,4,204,898,5317,0.714876810231333,8415,34118,300,802,70,4169,62,1601,33,62
"308","2020-04-28",316,4,210,870,5317,0.714876810231333,8415,34118,300,802,59,4228,68,1669,31,68
"309","2020-04-29",309,4,200,853,5317,0.714876810231333,8415,34118,300,802,72,4300,62,1731,35,62
"310","2020-04-30",294,4,165,857,5317,0.714876810231333,8415,34118,300,802,58,4358,35,1766,27,35
"311","2020-05-01",277,4,169,836,5317,0.714876810231333,8415,34118,300,802,62,4420,63,1829,30,63
"312","2020-05-02",271,4,176,818,5317,0.714876810231333,8415,34118,300,802,65,4485,56,1885,33,56
"313","2020-05-03",250,4,204,802,5317,0.714876810231333,8415,34118,300,802,48,4533,36,1921,19,36
"314","2020-05-04",244,4,246,759,5317,0.714876810231333,8415,34118,300,802,58,4591,55,1976,40,55
"315","2020-05-05",242,4,222,737,5317,0.714876810231333,8415,34118,300,802,40,4631,55,2031,21,55
"316","2020-05-06",239,4,199,701,5317,0.714876810231333,8415,34118,300,802,66,4697,40,2071,35,40
"317","2020-05-07",230,4,185,672,5317,0.714876810231333,8415,34118,300,802,57,4754,22,2093,31,22
"318","2020-05-08",240,4,206,650,5317,0.714876810231333,8415,34118,300,802,44,4798,24,2117,24,24
"319","2020-05-09",229,4,197,615,5317,0.714876810231333,8415,34118,300,802,52,4850,22,2139,25,22
"320","2020-05-10",226,4,171,589,5317,0.714876810231333,8415,34118,300,802,50,4900,41,2180,24,41
"321","2020-05-11",224,4,142,569,5317,0.714876810231333,8415,34118,300,802,49,4949,18,2198,22,18
"322","2020-05-12",211,4,132,551,5317,0.714876810231333,8415,34118,300,802,42,4991,17,2215,19,17
"323","2020-05-13",198,4,159,534,5317,0.714876810231333,8415,34118,300,802,35,5026,26,2241,17,26
"324","2020-05-14",196,4,188,517,5317,0.714876810231333,8415,34118,300,802,45,5071,21,2262,26,21
"325","2020-05-15",194,4,194,518,5317,0.714876810231333,8415,34118,300,802,34,5105,9,2271,11,9
"326","2020-05-16",208,4,191,491,5317,0.714876810231333,8415,34118,300,802,41,5146,14,2285,17,14
"327","2020-05-17",186,4,202,468,5317,0.714876810231333,8415,34118,300,802,35,5181,34,2319,18,34
"328","2020-05-18",163,4,198,455,5317,0.714876810231333,8415,34118,300,802,31,5212,10,2329,9,10
"329","2020-05-19",162,4,189,431,5317,0.714876810231333,8415,34118,300,802,39,5251,14,2343,19,14
"330","2020-05-20",159,4,202,406,5317,0.714876810231333,8415,34118,300,802,21,5272,11,2354,10,11
"331","2020-05-21",157,4,183,387,5317,0.714876810231333,8415,34118,300,802,40,5312,28,2382,24,28
"332","2020-05-22",146,4,185,373,5317,0.714876810231333,8415,34118,300,802,29,5341,59,2441,13,59
"333","2020-05-23",140,4,205,356,5317,0.714876810231333,8415,34118,300,802,37,5378,34,2475,18,34
"334","2020-05-24",130,4,192,350,5317,0.714876810231333,8415,34118,300,802,25,5403,46,2521,14,46
"335","2020-05-25",127,4,177,330,5317,0.714876810231333,8415,34118,300,802,28,5431,29,2550,14,29
"336","2020-05-26",116,4,160,318,5317,0.714876810231333,8415,34118,300,802,27,5458,30,2580,12,30
"337","2020-05-27",118,4,152,293,5317,0.714876810231333,8415,34118,300,802,34,5492,64,2644,13,64
"338","2020-05-28",117,4,143,283,5317,0.714876810231333,8415,34118,300,802,30,5522,41,2685,16,41
"339","2020-05-29",106,4,137,279,5317,0.714876810231333,8415,34118,300,802,23,5545,29,2714,12,29
"340","2020-05-30",104,4,162,267,5317,0.714876810231333,8415,34118,300,802,30,5575,33,2747,17,33
"341","2020-05-31",97,4,161,267,5317,0.714876810231333,8415,34118,300,802,24,5599,67,2814,16,67
"342","2020-06-01",104,4,148,247,5317,0.714876810231333,8415,34118,300,802,27,5626,63,2877,12,63
"343","2020-06-02",101,4,155,243,5317,0.714876810231333,8415,34118,300,802,19,5645,36,2913,13,36
"344","2020-06-03",96,4,158,243,5317,0.714876810231333,8415,34118,300,802,22,5667,22,2935,12,22
"345","2020-06-04",92,4,157,238,5317,0.714876810231333,8415,34118,300,802,15,5682,15,2950,9,15
"346","2020-06-05",93,4,144,223,5317,0.714876810231333,8415,34118,300,802,26,5708,17,2967,16,17
"347","2020-06-06",82,4,136,205,5317,0.714876810231333,8415,34118,300,802,12,5720,16,2983,8,16
"348","2020-06-07",78,4,126,204,5317,0.714876810231333,8415,34118,300,802,10,5730,7,2990,7,7
"349","2020-03-13",1,5,26,84,5550,0.650810810810811,8385,33379,295,585,17,43,8,31,4,8
"350","2020-03-14",12,5,41,108,5550,0.650810810810811,8385,33379,295,585,17,60,25,56,4,25
"351","2020-03-15",16,5,40,135,5550,0.650810810810811,8385,33379,295,585,44,104,23,79,25,23
"352","2020-03-16",18,5,48,171,5550,0.650810810810811,8385,33379,295,585,27,131,24,103,12,24
"353","2020-03-17",24,5,49,211,5550,0.650810810810811,8385,33379,295,585,22,153,41,144,13,41
"354","2020-03-18",32,5,46,255,5550,0.650810810810811,8385,33379,295,585,50,203,33,177,37,33
"355","2020-03-19",40,5,48,306,5550,0.650810810810811,8385,33379,295,585,42,245,30,207,29,30
"356","2020-03-20",54,5,53,359,5550,0.650810810810811,8385,33379,295,585,49,294,34,241,37,34
"357","2020-03-21",64,5,54,425,5550,0.650810810810811,8385,33379,295,585,71,365,25,266,57,25
"358","2020-03-22",96,5,62,476,5550,0.650810810810811,8385,33379,295,585,62,427,28,294,48,28
"359","2020-03-23",104,5,77,531,5550,0.650810810810811,8385,33379,295,585,75,502,21,315,63,21
"360","2020-03-24",100,5,75,601,5550,0.650810810810811,8385,33379,295,585,56,558,20,335,50,20
"361","2020-03-25",121,5,81,642,5550,0.650810810810811,8385,33379,295,585,88,646,26,361,72,26
"362","2020-03-26",143,5,73,694,5550,0.650810810810811,8385,33379,295,585,105,751,43,404,96,43
"363","2020-03-27",187,5,80,764,5550,0.650810810810811,8385,33379,295,585,105,856,23,427,96,23
"364","2020-03-28",210,5,90,834,5550,0.650810810810811,8385,33379,295,585,100,956,46,473,90,46
"365","2020-03-29",217,5,112,891,5550,0.650810810810811,8385,33379,295,585,99,1055,41,514,85,41
"366","2020-03-30",230,5,107,973,5550,0.650810810810811,8385,33379,295,585,114,1169,34,548,100,34
"367","2020-03-31",248,5,111,1011,5550,0.650810810810811,8385,33379,295,585,139,1308,34,582,125,34
"368","2020-04-01",260,5,98,1071,5550,0.650810810810811,8385,33379,295,585,140,1448,28,610,127,28
"369","2020-04-02",265,5,101,1086,5550,0.650810810810811,8385,33379,295,585,120,1568,41,651,107,41
"370","2020-04-03",312,5,103,1115,5550,0.650810810810811,8385,33379,295,585,166,1734,40,691,151,40
"371","2020-04-04",378,5,106,1155,5550,0.650810810810811,8385,33379,295,585,142,1876,28,719,123,28
"372","2020-04-05",380,5,103,1166,5550,0.650810810810811,8385,33379,295,585,167,2043,17,736,153,17
"373","2020-04-06",377,5,106,1172,5550,0.650810810810811,8385,33379,295,585,132,2175,32,768,117,32
"374","2020-04-07",367,5,110,1167,5550,0.650810810810811,8385,33379,295,585,174,2349,27,795,162,27
"375","2020-04-08",373,5,113,1183,5550,0.650810810810811,8385,33379,295,585,186,2535,27,822,178,27
"376","2020-04-09",370,5,136,1182,5550,0.650810810810811,8385,33379,295,585,200,2735,31,853,184,31
"377","2020-04-10",447,5,139,1172,5550,0.650810810810811,8385,33379,295,585,147,2882,28,881,133,28
"378","2020-04-11",431,5,124,1157,5550,0.650810810810811,8385,33379,295,585,162,3044,18,899,147,18
"379","2020-04-12",396,5,117,1144,5550,0.650810810810811,8385,33379,295,585,135,3179,26,925,126,26
"380","2020-04-13",389,5,110,1136,5550,0.650810810810811,8385,33379,295,585,172,3351,50,975,158,50
"381","2020-04-14",387,5,138,1130,5550,0.650810810810811,8385,33379,295,585,134,3485,33,1008,126,33
"382","2020-04-15",371,5,144,1101,5550,0.650810810810811,8385,33379,295,585,194,3679,24,1032,175,24
"383","2020-04-16",374,5,166,1082,5550,0.650810810810811,8385,33379,295,585,144,3823,25,1057,136,25
"384","2020-04-17",396,5,165,1071,5550,0.650810810810811,8385,33379,295,585,137,3960,18,1075,129,18
"385","2020-04-18",388,5,164,1070,5550,0.650810810810811,8385,33379,295,585,133,4093,19,1094,125,19
"386","2020-04-19",350,5,149,1059,5550,0.650810810810811,8385,33379,295,585,163,4256,41,1135,157,41
"387","2020-04-20",335,5,164,1025,5550,0.650810810810811,8385,33379,295,585,113,4369,29,1164,102,29
"388","2020-04-21",331,5,166,1018,5550,0.650810810810811,8385,33379,295,585,102,4471,19,1183,95,19
"389","2020-04-22",338,5,182,1016,5550,0.650810810810811,8385,33379,295,585,137,4608,26,1209,126,26
"390","2020-04-23",342,5,165,981,5550,0.650810810810811,8385,33379,295,585,77,4685,29,1238,70,29
"391","2020-04-24",345,5,183,989,5550,0.650810810810811,8385,33379,295,585,106,4791,28,1266,92,28
"392","2020-04-25",339,5,174,965,5550,0.650810810810811,8385,33379,295,585,87,4878,44,1310,76,44
"393","2020-04-26",312,5,159,934,5550,0.650810810810811,8385,33379,295,585,92,4970,26,1336,83,26
"394","2020-04-27",299,5,152,905,5550,0.650810810810811,8385,33379,295,585,85,5055,21,1357,76,21
"395","2020-04-28",290,5,146,888,5550,0.650810810810811,8385,33379,295,585,62,5117,21,1378,54,21
"396","2020-04-29",289,5,153,866,5550,0.650810810810811,8385,33379,295,585,49,5166,43,1421,44,43
"397","2020-04-30",284,5,144,835,5550,0.650810810810811,8385,33379,295,585,59,5225,26,1447,54,26
"398","2020-05-01",277,5,166,828,5550,0.650810810810811,8385,33379,295,585,50,5275,29,1476,43,29
"399","2020-05-02",268,5,177,798,5550,0.650810810810811,8385,33379,295,585,40,5315,22,1498,36,22
"400","2020-05-03",290,5,183,781,5550,0.650810810810811,8385,33379,295,585,43,5358,26,1524,36,26
"401","2020-05-04",289,5,169,737,5550,0.650810810810811,8385,33379,295,585,63,5421,22,1546,50,22
"402","2020-05-05",277,5,163,731,5550,0.650810810810811,8385,33379,295,585,37,5458,53,1599,29,53
"403","2020-05-06",275,5,161,692,5550,0.650810810810811,8385,33379,295,585,33,5491,68,1667,24,68
"404","2020-05-07",265,5,150,657,5550,0.650810810810811,8385,33379,295,585,30,5521,34,1701,24,34
"405","2020-05-08",274,5,142,632,5550,0.650810810810811,8385,33379,295,585,30,5551,34,1735,23,34
"406","2020-05-09",273,5,126,596,5550,0.650810810810811,8385,33379,295,585,37,5588,26,1761,29,26
"407","2020-05-10",220,5,153,574,5550,0.650810810810811,8385,33379,295,585,35,5623,28,1789,30,28
"408","2020-05-11",208,5,154,554,5550,0.650810810810811,8385,33379,295,585,24,5647,22,1811,21,22
"409","2020-05-12",202,5,136,523,5550,0.650810810810811,8385,33379,295,585,30,5677,12,1823,23,12
"410","2020-05-13",184,5,123,484,5550,0.650810810810811,8385,33379,295,585,18,5695,16,1839,13,16
"411","2020-05-14",176,5,135,459,5550,0.650810810810811,8385,33379,295,585,20,5715,20,1859,15,20
"412","2020-05-15",149,5,139,426,5550,0.650810810810811,8385,33379,295,585,18,5733,31,1890,12,31
"413","2020-05-16",139,5,145,393,5550,0.650810810810811,8385,33379,295,585,18,5751,22,1912,12,22
"414","2020-05-17",144,5,140,393,5550,0.650810810810811,8385,33379,295,585,15,5766,17,1929,12,17
"415","2020-05-18",146,5,147,382,5550,0.650810810810811,8385,33379,295,585,22,5788,40,1969,19,40
"416","2020-05-19",138,5,157,370,5550,0.650810810810811,8385,33379,295,585,21,5809,41,2010,17,41
"417","2020-05-20",136,5,144,350,5550,0.650810810810811,8385,33379,295,585,14,5823,33,2043,10,33
"418","2020-05-21",132,5,139,341,5550,0.650810810810811,8385,33379,295,585,11,5834,32,2075,9,32
"419","2020-05-22",121,5,138,337,5550,0.650810810810811,8385,33379,295,585,18,5852,24,2099,13,24
"420","2020-05-23",122,5,124,333,5550,0.650810810810811,8385,33379,295,585,13,5865,22,2121,8,22
"421","2020-05-24",114,5,106,309,5550,0.650810810810811,8385,33379,295,585,14,5879,18,2139,9,18
"422","2020-05-25",105,5,109,299,5550,0.650810810810811,8385,33379,295,585,10,5889,14,2153,7,14
"423","2020-05-26",102,5,121,287,5550,0.650810810810811,8385,33379,295,585,10,5899,11,2164,9,11
"424","2020-05-27",102,5,109,271,5550,0.650810810810811,8385,33379,295,585,9,5908,11,2175,2,11
"425","2020-05-28",102,5,104,258,5550,0.650810810810811,8385,33379,295,585,6,5914,22,2197,6,22
"426","2020-05-29",98,5,89,245,5550,0.650810810810811,8385,33379,295,585,9,5923,17,2214,5,17
"427","2020-05-30",104,5,76,232,5550,0.650810810810811,8385,33379,295,585,NA,NA,21,2235,NA,21
"428","2020-05-31",83,5,67,212,5550,0.650810810810811,8385,33379,295,585,6,5929,43,2278,3,43
"429","2020-06-01",77,5,62,210,5550,0.650810810810811,8385,33379,295,585,6,5935,37,2315,4,37
"430","2020-06-02",75,5,62,212,5550,0.650810810810811,8385,33379,295,585,9,5944,40,2355,7,40
"431","2020-06-03",68,5,54,208,5550,0.650810810810811,8385,33379,295,585,4,5948,44,2399,2,44
"432","2020-06-04",61,5,57,201,5550,0.650810810810811,8385,33379,295,585,5,5953,39,2438,3,39
"433","2020-06-05",74,5,75,197,5550,0.650810810810811,8385,33379,295,585,5,5958,28,2466,2,28
"434","2020-06-06",65,5,80,186,5550,0.650810810810811,8385,33379,295,585,4,5962,32,2498,2,32
"435","2020-06-07",77,5,76,182,5550,0.650810810810811,8385,33379,295,585,5,5967,31,2529,3,31
"436","2020-03-08",1,6,0,0,5652,0.726822363765039,8415,34963,330,1081,NA,NA,NA,NA,NA,NA
"437","2020-03-09",1,6,0,0,5652,0.726822363765039,8415,34963,330,1081,NA,NA,NA,NA,NA,NA
"438","2020-03-10",0,6,0,0,5652,0.726822363765039,8415,34963,330,1081,NA,NA,3,3,NA,3
"439","2020-03-11",0,6,0,0,5652,0.726822363765039,8415,34963,330,1081,13,13,4,7,NA,4
"440","2020-03-12",0,6,0,0,5652,0.726822363765039,8415,34963,330,1081,26,39,15,22,NA,15
"441","2020-03-13",4,6,118,79,5652,0.726822363765039,8415,34963,330,1081,39,78,27,49,10,27
"442","2020-03-14",7,6,115,107,5652,0.726822363765039,8415,34963,330,1081,32,110,29,78,6,29
"443","2020-03-15",16,6,105,152,5652,0.726822363765039,8415,34963,330,1081,34,144,31,109,16,31
"444","2020-03-16",20,6,99,200,5652,0.726822363765039,8415,34963,330,1081,39,183,15,124,9,15
"445","2020-03-17",22,6,88,251,5652,0.726822363765039,8415,34963,330,1081,38,221,31,155,20,31
"446","2020-03-18",36,6,107,294,5652,0.726822363765039,8415,34963,330,1081,49,270,47,202,23,47
"447","2020-03-19",47,6,106,340,5652,0.726822363765039,8415,34963,330,1081,90,360,27,229,52,27
"448","2020-03-20",71,6,127,398,5652,0.726822363765039,8415,34963,330,1081,69,429,18,247,37,18
"449","2020-03-21",95,6,163,435,5652,0.726822363765039,8415,34963,330,1081,79,508,14,261,49,14
"450","2020-03-22",114,6,201,478,5652,0.726822363765039,8415,34963,330,1081,76,584,13,274,57,13
"451","2020-03-23",120,6,194,524,5652,0.726822363765039,8415,34963,330,1081,101,685,7,281,68,7
"452","2020-03-24",124,6,205,574,5652,0.726822363765039,8415,34963,330,1081,76,761,15,296,59,15
"453","2020-03-25",130,6,233,636,5652,0.726822363765039,8415,34963,330,1081,93,854,11,307,65,11
"454","2020-03-26",150,6,243,693,5652,0.726822363765039,8415,34963,330,1081,115,969,9,316,85,9
"455","2020-03-27",199,6,244,768,5652,0.726822363765039,8415,34963,330,1081,101,1070,13,329,84,13
"456","2020-03-28",203,6,221,805,5652,0.726822363765039,8415,34963,330,1081,107,1177,38,367,83,38
"457","2020-03-29",227,6,213,844,5652,0.726822363765039,8415,34963,330,1081,115,1292,24,391,98,24
"458","2020-03-30",243,6,220,894,5652,0.726822363765039,8415,34963,330,1081,92,1384,15,406,62,15
"459","2020-03-31",254,6,190,936,5652,0.726822363765039,8415,34963,330,1081,128,1512,7,413,109,7
"460","2020-04-01",267,6,181,974,5652,0.726822363765039,8415,34963,330,1081,110,1622,36,449,78,36
"461","2020-04-02",275,6,187,1025,5652,0.726822363765039,8415,34963,330,1081,133,1755,49,498,105,49
"462","2020-04-03",320,6,187,1071,5652,0.726822363765039,8415,34963,330,1081,99,1854,48,546,76,48
"463","2020-04-04",349,6,182,1089,5652,0.726822363765039,8415,34963,330,1081,122,1976,29,575,100,29
"464","2020-04-05",343,6,159,1135,5652,0.726822363765039,8415,34963,330,1081,133,2109,35,610,106,35
"465","2020-04-06",352,6,163,1148,5652,0.726822363765039,8415,34963,330,1081,142,2251,18,628,107,18
"466","2020-04-07",347,6,150,1140,5652,0.726822363765039,8415,34963,330,1081,137,2388,16,644,118,16
"467","2020-04-08",362,6,136,1170,5652,0.726822363765039,8415,34963,330,1081,138,2526,51,695,111,51
"468","2020-04-09",371,6,128,1159,5652,0.726822363765039,8415,34963,330,1081,128,2654,49,744,106,49
"469","2020-04-10",414,6,164,1169,5652,0.726822363765039,8415,34963,330,1081,130,2784,53,797,110,53
"470","2020-04-11",417,6,170,1166,5652,0.726822363765039,8415,34963,330,1081,116,2900,38,835,100,38
"471","2020-04-12",388,6,164,1191,5652,0.726822363765039,8415,34963,330,1081,128,3028,59,894,100,59
"472","2020-04-13",391,6,155,1174,5652,0.726822363765039,8415,34963,330,1081,98,3126,48,942,78,48
"473","2020-04-14",398,6,151,1157,5652,0.726822363765039,8415,34963,330,1081,150,3276,32,974,124,32
"474","2020-04-15",410,6,157,1145,5652,0.726822363765039,8415,34963,330,1081,82,3358,24,998,59,24
"475","2020-04-16",403,6,146,1133,5652,0.726822363765039,8415,34963,330,1081,90,3448,43,1041,71,43
"476","2020-04-17",444,6,186,1138,5652,0.726822363765039,8415,34963,330,1081,120,3568,48,1089,96,48
"477","2020-04-18",435,6,191,1112,5652,0.726822363765039,8415,34963,330,1081,92,3660,29,1118,63,29
"478","2020-04-19",412,6,227,1099,5652,0.726822363765039,8415,34963,330,1081,95,3755,26,1144,70,26
"479","2020-04-20",383,6,225,1099,5652,0.726822363765039,8415,34963,330,1081,106,3861,18,1162,85,18
"480","2020-04-21",383,6,204,1060,5652,0.726822363765039,8415,34963,330,1081,87,3948,25,1187,61,25
"481","2020-04-22",362,6,205,1015,5652,0.726822363765039,8415,34963,330,1081,81,4029,48,1235,65,48
"482","2020-04-23",351,6,184,973,5652,0.726822363765039,8415,34963,330,1081,83,4112,73,1308,65,73
"483","2020-04-24",363,6,177,937,5652,0.726822363765039,8415,34963,330,1081,76,4188,40,1348,55,40
"484","2020-04-25",366,6,212,914,5652,0.726822363765039,8415,34963,330,1081,63,4251,32,1380,47,32
"485","2020-04-26",324,6,178,886,5652,0.726822363765039,8415,34963,330,1081,59,4310,28,1408,36,28
"486","2020-04-27",331,6,170,884,5652,0.726822363765039,8415,34963,330,1081,61,4371,49,1457,41,49
"487","2020-04-28",304,6,155,867,5652,0.726822363765039,8415,34963,330,1081,72,4443,26,1483,51,26
"488","2020-04-29",296,6,146,841,5652,0.726822363765039,8415,34963,330,1081,68,4511,16,1499,39,16
"489","2020-04-30",287,6,186,836,5652,0.726822363765039,8415,34963,330,1081,45,4556,19,1518,39,19
"490","2020-05-01",269,6,203,810,5652,0.726822363765039,8415,34963,330,1081,49,4605,47,1565,29,47
"491","2020-05-02",264,6,223,792,5652,0.726822363765039,8415,34963,330,1081,54,4659,56,1621,38,56
"492","2020-05-03",241,6,198,725,5652,0.726822363765039,8415,34963,330,1081,45,4704,42,1663,30,42
"493","2020-05-04",227,6,168,697,5652,0.726822363765039,8415,34963,330,1081,59,4763,17,1680,44,17
"494","2020-05-05",216,6,140,667,5652,0.726822363765039,8415,34963,330,1081,46,4809,23,1703,25,23
"495","2020-05-06",213,6,159,652,5652,0.726822363765039,8415,34963,330,1081,44,4853,30,1733,27,30
"496","2020-05-07",218,6,211,642,5652,0.726822363765039,8415,34963,330,1081,35,4888,42,1775,20,42
"497","2020-05-08",225,6,266,615,5652,0.726822363765039,8415,34963,330,1081,39,4927,43,1818,25,43
"498","2020-05-09",220,6,273,601,5652,0.726822363765039,8415,34963,330,1081,45,4972,59,1877,27,59
"499","2020-05-10",201,6,249,587,5652,0.726822363765039,8415,34963,330,1081,43,5015,38,1915,20,38
"500","2020-05-11",198,6,216,561,5652,0.726822363765039,8415,34963,330,1081,32,5047,39,1954,19,39
"501","2020-05-12",202,6,196,546,5652,0.726822363765039,8415,34963,330,1081,33,5080,33,1987,19,33
"502","2020-05-13",198,6,186,530,5652,0.726822363765039,8415,34963,330,1081,32,5112,23,2010,15,23
"503","2020-05-14",195,6,176,520,5652,0.726822363765039,8415,34963,330,1081,25,5137,21,2031,16,21
"504","2020-05-15",189,6,180,507,5652,0.726822363765039,8415,34963,330,1081,33,5170,33,2064,19,33
"505","2020-05-16",187,6,162,482,5652,0.726822363765039,8415,34963,330,1081,23,5193,48,2112,13,48
"506","2020-05-17",161,6,150,477,5652,0.726822363765039,8415,34963,330,1081,33,5226,34,2146,19,34
"507","2020-05-18",154,6,152,463,5652,0.726822363765039,8415,34963,330,1081,26,5252,19,2165,10,19
"508","2020-05-19",142,6,188,443,5652,0.726822363765039,8415,34963,330,1081,25,5277,20,2185,14,20
"509","2020-05-20",133,6,207,422,5652,0.726822363765039,8415,34963,330,1081,27,5304,25,2210,11,25
"510","2020-05-21",134,6,206,397,5652,0.726822363765039,8415,34963,330,1081,17,5321,59,2269,6,59
"511","2020-05-22",133,6,189,372,5652,0.726822363765039,8415,34963,330,1081,25,5346,20,2289,16,20
"512","2020-05-23",134,6,203,358,5652,0.726822363765039,8415,34963,330,1081,15,5361,26,2315,6,26
"513","2020-05-24",129,6,184,350,5652,0.726822363765039,8415,34963,330,1081,15,5376,21,2336,10,21
"514","2020-05-25",124,6,184,329,5652,0.726822363765039,8415,34963,330,1081,16,5392,8,2344,8,8
"515","2020-05-26",123,6,187,325,5652,0.726822363765039,8415,34963,330,1081,11,5403,10,2354,7,10
"516","2020-05-27",118,6,211,313,5652,0.726822363765039,8415,34963,330,1081,17,5420,17,2371,7,17
"517","2020-05-28",105,6,235,295,5652,0.726822363765039,8415,34963,330,1081,18,5438,45,2416,6,45
"518","2020-05-29",98,6,214,278,5652,0.726822363765039,8415,34963,330,1081,16,5454,31,2447,7,31
"519","2020-05-30",90,6,180,272,5652,0.726822363765039,8415,34963,330,1081,11,5465,39,2486,5,39
"520","2020-05-31",82,6,157,268,5652,0.726822363765039,8415,34963,330,1081,12,5477,21,2507,5,21
"521","2020-06-01",78,6,148,256,5652,0.726822363765039,8415,34963,330,1081,17,5494,12,2519,7,12
"522","2020-06-02",72,6,158,249,5652,0.726822363765039,8415,34963,330,1081,13,5507,18,2537,8,18
"523","2020-06-03",71,6,142,238,5652,0.726822363765039,8415,34963,330,1081,16,5523,41,2578,7,41
"524","2020-06-04",69,6,124,232,5652,0.726822363765039,8415,34963,330,1081,13,5536,29,2607,6,29
"525","2020-06-05",70,6,123,225,5652,0.726822363765039,8415,34963,330,1081,17,5553,17,2624,11,17
"526","2020-06-06",76,6,111,219,5652,0.726822363765039,8415,34963,330,1081,15,5568,28,2652,6,28
"527","2020-06-07",72,6,122,211,5652,0.726822363765039,8415,34963,330,1081,10,5578,14,2666,4,14
"528","2020-03-07",1,7,0,0,5865,0.379369138959932,8280,35283,322,549,NA,NA,NA,NA,NA,NA
"529","2020-03-08",1,7,0,0,5865,0.379369138959932,8280,35283,322,549,NA,NA,NA,NA,NA,NA
"530","2020-03-09",0,7,0,0,5865,0.379369138959932,8280,35283,322,549,NA,NA,NA,NA,NA,NA
"531","2020-03-10",0,7,0,0,5865,0.379369138959932,8280,35283,322,549,NA,NA,3,3,NA,3
"532","2020-03-11",0,7,0,0,5865,0.379369138959932,8280,35283,322,549,12,12,18,21,1,18
"533","2020-03-12",0,7,0,0,5865,0.379369138959932,8280,35283,322,549,17,29,16,37,3,16
"534","2020-03-13",1,7,47,125,5865,0.379369138959932,8280,35283,322,549,16,45,6,43,6,6
"535","2020-03-14",14,7,57,169,5865,0.379369138959932,8280,35283,322,549,20,65,19,62,7,19
"536","2020-03-15",17,7,66,222,5865,0.379369138959932,8280,35283,322,549,30,95,20,82,18,20
"537","2020-03-16",21,7,60,270,5865,0.379369138959932,8280,35283,322,549,29,124,14,96,19,14
"538","2020-03-17",32,7,69,330,5865,0.379369138959932,8280,35283,322,549,36,160,38,134,24,38
"539","2020-03-18",41,7,84,382,5865,0.379369138959932,8280,35283,322,549,52,212,15,149,34,15
"540","2020-03-19",50,7,97,447,5865,0.379369138959932,8280,35283,322,549,36,248,18,167,26,18
"541","2020-03-20",79,7,93,511,5865,0.379369138959932,8280,35283,322,549,58,306,43,210,44,43
"542","2020-03-21",135,7,96,579,5865,0.379369138959932,8280,35283,322,549,53,359,21,231,39,21
"543","2020-03-22",156,7,110,633,5865,0.379369138959932,8280,35283,322,549,66,425,11,242,54,11
"544","2020-03-23",150,7,117,694,5865,0.379369138959932,8280,35283,322,549,89,514,4,246,82,4
"545","2020-03-24",170,7,111,748,5865,0.379369138959932,8280,35283,322,549,81,595,6,252,68,6
"546","2020-03-25",192,7,108,770,5865,0.379369138959932,8280,35283,322,549,92,687,3,255,75,3
"547","2020-03-26",212,7,121,814,5865,0.379369138959932,8280,35283,322,549,104,791,7,262,93,7
"548","2020-03-27",271,7,140,856,5865,0.379369138959932,8280,35283,322,549,94,885,7,269,79,7
"549","2020-03-28",261,7,130,873,5865,0.379369138959932,8280,35283,322,549,102,987,7,276,90,7
"550","2020-03-29",269,7,130,895,5865,0.379369138959932,8280,35283,322,549,130,1117,43,319,121,43
"551","2020-03-30",278,7,134,930,5865,0.379369138959932,8280,35283,322,549,101,1218,51,370,93,51
"552","2020-03-31",278,7,131,941,5865,0.379369138959932,8280,35283,322,549,107,1325,35,405,91,35
"553","2020-04-01",277,7,126,948,5865,0.379369138959932,8280,35283,322,549,126,1451,45,450,111,45
"554","2020-04-02",279,7,117,979,5865,0.379369138959932,8280,35283,322,549,127,1578,63,513,111,63
"555","2020-04-03",299,7,107,987,5865,0.379369138959932,8280,35283,322,549,148,1726,34,547,135,34
"556","2020-04-04",311,7,106,999,5865,0.379369138959932,8280,35283,322,549,152,1878,14,561,136,14
"557","2020-04-05",319,7,123,1018,5865,0.379369138959932,8280,35283,322,549,150,2028,7,568,136,7
"558","2020-04-06",322,7,118,1039,5865,0.379369138959932,8280,35283,322,549,131,2159,7,575,120,7
"559","2020-04-07",302,7,121,1060,5865,0.379369138959932,8280,35283,322,549,136,2295,42,617,115,42
"560","2020-04-08",308,7,140,1056,5865,0.379369138959932,8280,35283,322,549,147,2442,63,680,135,63
"561","2020-04-09",320,7,128,1061,5865,0.379369138959932,8280,35283,322,549,120,2562,62,742,106,62
"562","2020-04-10",349,7,116,1054,5865,0.379369138959932,8280,35283,322,549,188,2750,30,772,173,30
"563","2020-04-11",346,7,138,1054,5865,0.379369138959932,8280,35283,322,549,131,2881,43,815,122,43
"564","2020-04-12",338,7,135,1048,5865,0.379369138959932,8280,35283,322,549,104,2985,18,833,95,18
"565","2020-04-13",325,7,139,1064,5865,0.379369138959932,8280,35283,322,549,124,3109,22,855,110,22
"566","2020-04-14",324,7,125,1061,5865,0.379369138959932,8280,35283,322,549,171,3280,18,873,151,18
"567","2020-04-15",337,7,147,1073,5865,0.379369138959932,8280,35283,322,549,116,3396,32,905,109,32
"568","2020-04-16",322,7,149,1070,5865,0.379369138959932,8280,35283,322,549,132,3528,24,929,123,24
"569","2020-04-17",339,7,150,1069,5865,0.379369138959932,8280,35283,322,549,94,3622,45,974,82,45
"570","2020-04-18",371,7,130,1045,5865,0.379369138959932,8280,35283,322,549,91,3713,25,999,80,25
"571","2020-04-19",344,7,118,1031,5865,0.379369138959932,8280,35283,322,549,93,3806,29,1028,79,29
"572","2020-04-20",353,7,121,1028,5865,0.379369138959932,8280,35283,322,549,82,3888,27,1055,71,27
"573","2020-04-21",358,7,99,1017,5865,0.379369138959932,8280,35283,322,549,107,3995,22,1077,102,22
"574","2020-04-22",341,7,104,973,5865,0.379369138959932,8280,35283,322,549,69,4064,16,1093,62,16
"575","2020-04-23",346,7,136,978,5865,0.379369138959932,8280,35283,322,549,85,4149,14,1107,77,14
"576","2020-04-24",376,7,157,964,5865,0.379369138959932,8280,35283,322,549,67,4216,11,1118,59,11
"577","2020-04-25",346,7,192,930,5865,0.379369138959932,8280,35283,322,549,88,4304,5,1123,80,5
"578","2020-04-26",312,7,185,910,5865,0.379369138959932,8280,35283,322,549,59,4363,11,1134,50,11
"579","2020-04-27",319,7,176,900,5865,0.379369138959932,8280,35283,322,549,71,4434,9,1143,64,9
"580","2020-04-28",303,7,179,904,5865,0.379369138959932,8280,35283,322,549,70,4504,53,1196,64,53
"581","2020-04-29",306,7,180,887,5865,0.379369138959932,8280,35283,322,549,71,4575,21,1217,64,21
"582","2020-04-30",301,7,160,859,5865,0.379369138959932,8280,35283,322,549,56,4631,52,1269,47,52
"583","2020-05-01",299,7,141,827,5865,0.379369138959932,8280,35283,322,549,55,4686,28,1297,50,28
"584","2020-05-02",331,7,130,805,5865,0.379369138959932,8280,35283,322,549,33,4719,47,1344,23,47
"585","2020-05-03",303,7,138,783,5865,0.379369138959932,8280,35283,322,549,49,4768,28,1372,34,28
"586","2020-05-04",273,7,135,763,5865,0.379369138959932,8280,35283,322,549,43,4811,15,1387,40,15
"587","2020-05-05",266,7,126,722,5865,0.379369138959932,8280,35283,322,549,26,4837,22,1409,21,22
"588","2020-05-06",258,7,140,696,5865,0.379369138959932,8280,35283,322,549,38,4875,16,1425,29,16
"589","2020-05-07",247,7,154,663,5865,0.379369138959932,8280,35283,322,549,44,4919,15,1440,37,15
"590","2020-05-08",256,7,157,650,5865,0.379369138959932,8280,35283,322,549,40,4959,7,1447,30,7
"591","2020-05-09",223,7,174,632,5865,0.379369138959932,8280,35283,322,549,30,4989,11,1458,24,11
"592","2020-05-10",229,7,170,611,5865,0.379369138959932,8280,35283,322,549,25,5014,51,1509,21,51
"593","2020-05-11",221,7,167,593,5865,0.379369138959932,8280,35283,322,549,32,5046,62,1571,28,62
"594","2020-05-12",208,7,176,577,5865,0.379369138959932,8280,35283,322,549,24,5070,20,1591,18,20
"595","2020-05-13",196,7,185,563,5865,0.379369138959932,8280,35283,322,549,22,5092,14,1605,18,14
"596","2020-05-14",202,7,192,562,5865,0.379369138959932,8280,35283,322,549,18,5110,52,1657,14,52
"597","2020-05-15",193,7,209,546,5865,0.379369138959932,8280,35283,322,549,16,5126,27,1684,8,27
"598","2020-05-16",204,7,225,525,5865,0.379369138959932,8280,35283,322,549,24,5150,20,1704,16,20
"599","2020-05-17",166,7,243,521,5865,0.379369138959932,8280,35283,322,549,20,5170,8,1712,16,8
"600","2020-05-18",152,7,239,514,5865,0.379369138959932,8280,35283,322,549,21,5191,6,1718,16,6
"601","2020-05-19",160,7,213,495,5865,0.379369138959932,8280,35283,322,549,14,5205,22,1740,7,22
"602","2020-05-20",166,7,186,483,5865,0.379369138959932,8280,35283,322,549,21,5226,32,1772,13,32
"603","2020-05-21",153,7,180,454,5865,0.379369138959932,8280,35283,322,549,16,5242,24,1796,10,24
"604","2020-05-22",142,7,186,431,5865,0.379369138959932,8280,35283,322,549,19,5261,34,1830,17,34
"605","2020-05-23",141,7,185,419,5865,0.379369138959932,8280,35283,322,549,13,5274,28,1858,7,28
"606","2020-05-24",137,7,177,403,5865,0.379369138959932,8280,35283,322,549,19,5293,14,1872,10,14
"607","2020-05-25",136,7,163,394,5865,0.379369138959932,8280,35283,322,549,16,5309,42,1914,12,42
"608","2020-05-26",129,7,137,373,5865,0.379369138959932,8280,35283,322,549,15,5324,48,1962,8,48
"609","2020-05-27",117,7,114,351,5865,0.379369138959932,8280,35283,322,549,20,5344,43,2005,12,43
"610","2020-05-28",117,7,97,328,5865,0.379369138959932,8280,35283,322,549,8,5352,19,2024,4,19
"611","2020-05-29",119,7,91,316,5865,0.379369138959932,8280,35283,322,549,8,5360,14,2038,6,14
"612","2020-05-30",112,7,86,296,5865,0.379369138959932,8280,35283,322,549,11,5371,41,2079,9,41
"613","2020-05-31",104,7,95,271,5865,0.379369138959932,8280,35283,322,549,7,5378,17,2096,5,17
"614","2020-06-01",102,7,117,252,5865,0.379369138959932,8280,35283,322,549,21,5399,16,2112,16,16
"615","2020-06-02",93,7,106,237,5865,0.379369138959932,8280,35283,322,549,12,5411,17,2129,2,17
"616","2020-06-03",94,7,98,215,5865,0.379369138959932,8280,35283,322,549,16,5427,30,2159,10,30
"617","2020-06-04",89,7,90,201,5865,0.379369138959932,8280,35283,322,549,6,5433,26,2185,4,26
"618","2020-06-05",82,7,87,196,5865,0.379369138959932,8280,35283,322,549,11,5444,17,2202,8,17
"619","2020-06-06",75,7,96,186,5865,0.379369138959932,8280,35283,322,549,9,5453,18,2220,4,18
"620","2020-06-07",72,7,90,178,5865,0.379369138959932,8280,35283,322,549,6,5459,19,2239,3,19
"621","2020-03-08",1,8,0,0,5966,0.583640630238015,8205,34335,371,1222,NA,NA,NA,NA,NA,NA
"622","2020-03-09",1,8,0,0,5966,0.583640630238015,8205,34335,371,1222,NA,NA,NA,NA,NA,NA
"623","2020-03-10",0,8,0,0,5966,0.583640630238015,8205,34335,371,1222,NA,NA,1,1,NA,1
"624","2020-03-11",0,8,0,0,5966,0.583640630238015,8205,34335,371,1222,27,27,5,6,NA,5
"625","2020-03-12",0,8,0,0,5966,0.583640630238015,8205,34335,371,1222,32,59,4,10,NA,4
"626","2020-03-13",0,8,0,0,5966,0.583640630238015,8205,34335,371,1222,26,85,3,13,3,3
"627","2020-03-14",3,8,120,154,5966,0.583640630238015,8205,34335,371,1222,29,114,11,24,6,11
"628","2020-03-15",12,8,118,199,5966,0.583640630238015,8205,34335,371,1222,42,156,5,29,14,5
"629","2020-03-16",19,8,123,247,5966,0.583640630238015,8205,34335,371,1222,33,189,11,40,12,11
"630","2020-03-17",22,8,122,297,5966,0.583640630238015,8205,34335,371,1222,41,230,20,60,24,20
"631","2020-03-18",35,8,126,374,5966,0.583640630238015,8205,34335,371,1222,39,269,6,66,16,6
"632","2020-03-19",49,8,177,439,5966,0.583640630238015,8205,34335,371,1222,45,314,4,70,24,4
"633","2020-03-20",69,8,182,492,5966,0.583640630238015,8205,34335,371,1222,47,361,12,82,27,12
"634","2020-03-21",89,8,228,543,5966,0.583640630238015,8205,34335,371,1222,60,421,26,108,29,26
"635","2020-03-22",132,8,254,610,5966,0.583640630238015,8205,34335,371,1222,51,472,14,122,24,14
"636","2020-03-23",152,8,248,686,5966,0.583640630238015,8205,34335,371,1222,70,542,12,134,42,12
"637","2020-03-24",167,8,262,730,5966,0.583640630238015,8205,34335,371,1222,68,610,10,144,40,10
"638","2020-03-25",176,8,245,794,5966,0.583640630238015,8205,34335,371,1222,64,674,4,148,33,4
"639","2020-03-26",204,8,255,876,5966,0.583640630238015,8205,34335,371,1222,63,737,10,158,45,10
"640","2020-03-27",264,8,225,935,5966,0.583640630238015,8205,34335,371,1222,61,798,5,163,33,5
"641","2020-03-28",290,8,234,982,5966,0.583640630238015,8205,34335,371,1222,68,866,8,171,48,8
"642","2020-03-29",295,8,253,1020,5966,0.583640630238015,8205,34335,371,1222,73,939,6,177,50,6
"643","2020-03-30",300,8,269,1036,5966,0.583640630238015,8205,34335,371,1222,67,1006,8,185,40,8
"644","2020-03-31",304,8,270,1078,5966,0.583640630238015,8205,34335,371,1222,86,1092,6,191,57,6
"645","2020-04-01",315,8,265,1099,5966,0.583640630238015,8205,34335,371,1222,83,1175,31,222,47,31
"646","2020-04-02",317,8,257,1122,5966,0.583640630238015,8205,34335,371,1222,59,1234,27,249,34,27
"647","2020-04-03",400,8,276,1168,5966,0.583640630238015,8205,34335,371,1222,89,1323,27,276,61,27
"648","2020-04-04",407,8,280,1175,5966,0.583640630238015,8205,34335,371,1222,79,1402,37,313,58,37
"649","2020-04-05",381,8,293,1197,5966,0.583640630238015,8205,34335,371,1222,88,1490,22,335,58,22
"650","2020-04-06",371,8,301,1221,5966,0.583640630238015,8205,34335,371,1222,80,1570,42,377,50,42
"651","2020-04-07",369,8,293,1222,5966,0.583640630238015,8205,34335,371,1222,70,1640,46,423,46,46
"652","2020-04-08",376,8,273,1239,5966,0.583640630238015,8205,34335,371,1222,87,1727,34,457,56,34
"653","2020-04-09",372,8,291,1241,5966,0.583640630238015,8205,34335,371,1222,76,1803,48,505,43,48
"654","2020-04-10",386,8,289,1223,5966,0.583640630238015,8205,34335,371,1222,86,1889,19,524,43,19
"655","2020-04-11",415,8,272,1228,5966,0.583640630238015,8205,34335,371,1222,58,1947,20,544,34,20
"656","2020-04-12",395,8,251,1208,5966,0.583640630238015,8205,34335,371,1222,91,2038,24,568,55,24
"657","2020-04-13",389,8,241,1198,5966,0.583640630238015,8205,34335,371,1222,65,2103,33,601,39,33
"658","2020-04-14",389,8,234,1186,5966,0.583640630238015,8205,34335,371,1222,87,2190,25,626,54,25
"659","2020-04-15",384,8,217,1163,5966,0.583640630238015,8205,34335,371,1222,72,2262,38,664,40,38
"660","2020-04-16",378,8,248,1129,5966,0.583640630238015,8205,34335,371,1222,65,2327,27,691,37,27
"661","2020-04-17",394,8,259,1126,5966,0.583640630238015,8205,34335,371,1222,71,2398,32,723,46,32
"662","2020-04-18",373,8,290,1109,5966,0.583640630238015,8205,34335,371,1222,70,2468,67,790,34,67
"663","2020-04-19",359,8,266,1071,5966,0.583640630238015,8205,34335,371,1222,57,2525,58,848,31,58
"664","2020-04-20",353,8,296,1045,5966,0.583640630238015,8205,34335,371,1222,75,2600,55,903,46,55
"665","2020-04-21",337,8,306,1031,5966,0.583640630238015,8205,34335,371,1222,65,2665,45,948,37,45
"666","2020-04-22",334,8,310,1022,5966,0.583640630238015,8205,34335,371,1222,64,2729,40,988,46,40
"667","2020-04-23",334,8,297,1003,5966,0.583640630238015,8205,34335,371,1222,75,2804,49,1037,40,49
"668","2020-04-24",338,8,302,989,5966,0.583640630238015,8205,34335,371,1222,70,2874,30,1067,47,30
"669","2020-04-25",345,8,300,967,5966,0.583640630238015,8205,34335,371,1222,62,2936,23,1090,31,23
"670","2020-04-26",319,8,286,944,5966,0.583640630238015,8205,34335,371,1222,59,2995,10,1100,21,10
"671","2020-04-27",316,8,277,930,5966,0.583640630238015,8205,34335,371,1222,62,3057,14,1114,41,14
"672","2020-04-28",317,8,281,911,5966,0.583640630238015,8205,34335,371,1222,58,3115,14,1128,33,14
"673","2020-04-29",316,8,272,891,5966,0.583640630238015,8205,34335,371,1222,65,3180,9,1137,35,9
"674","2020-04-30",315,8,293,868,5966,0.583640630238015,8205,34335,371,1222,68,3248,9,1146,28,9
"675","2020-05-01",306,8,285,836,5966,0.583640630238015,8205,34335,371,1222,55,3303,10,1156,32,10
"676","2020-05-02",298,8,266,823,5966,0.583640630238015,8205,34335,371,1222,47,3350,13,1169,30,13
"677","2020-05-03",290,8,262,791,5966,0.583640630238015,8205,34335,371,1222,50,3400,32,1201,29,32
"678","2020-05-04",289,8,243,761,5966,0.583640630238015,8205,34335,371,1222,50,3450,40,1241,36,40
"679","2020-05-05",267,8,228,716,5966,0.583640630238015,8205,34335,371,1222,49,3499,47,1288,30,47
"680","2020-05-06",258,8,225,675,5966,0.583640630238015,8205,34335,371,1222,63,3562,43,1331,32,43
"681","2020-05-07",253,8,208,637,5966,0.583640630238015,8205,34335,371,1222,55,3617,12,1343,30,12
"682","2020-05-08",247,8,205,629,5966,0.583640630238015,8205,34335,371,1222,43,3660,20,1363,25,20
"683","2020-05-09",250,8,190,588,5966,0.583640630238015,8205,34335,371,1222,73,3733,24,1387,54,24
"684","2020-05-10",219,8,195,569,5966,0.583640630238015,8205,34335,371,1222,49,3782,19,1406,27,19
"685","2020-05-11",193,8,239,541,5966,0.583640630238015,8205,34335,371,1222,52,3834,45,1451,25,45
"686","2020-05-12",187,8,272,525,5966,0.583640630238015,8205,34335,371,1222,42,3876,50,1501,20,50
"687","2020-05-13",181,8,277,511,5966,0.583640630238015,8205,34335,371,1222,60,3936,39,1540,40,39
"688","2020-05-14",168,8,279,491,5966,0.583640630238015,8205,34335,371,1222,39,3975,34,1574,16,34
"689","2020-05-15",164,8,269,465,5966,0.583640630238015,8205,34335,371,1222,35,4010,15,1589,18,15
"690","2020-05-16",158,8,283,457,5966,0.583640630238015,8205,34335,371,1222,36,4046,23,1612,19,23
"691","2020-05-17",156,8,303,437,5966,0.583640630238015,8205,34335,371,1222,33,4079,24,1636,19,24
"692","2020-05-18",158,8,326,431,5966,0.583640630238015,8205,34335,371,1222,37,4116,20,1656,23,20
"693","2020-05-19",150,8,303,415,5966,0.583640630238015,8205,34335,371,1222,41,4157,9,1665,20,9
"694","2020-05-20",154,8,297,405,5966,0.583640630238015,8205,34335,371,1222,30,4187,12,1677,12,12
"695","2020-05-21",151,8,280,381,5966,0.583640630238015,8205,34335,371,1222,38,4225,8,1685,21,8
"696","2020-05-22",139,8,281,364,5966,0.583640630238015,8205,34335,371,1222,29,4254,15,1700,14,15
"697","2020-05-23",142,8,265,337,5966,0.583640630238015,8205,34335,371,1222,25,4279,20,1720,11,20
"698","2020-05-24",128,8,264,322,5966,0.583640630238015,8205,34335,371,1222,32,4311,17,1737,16,17
"699","2020-05-25",116,8,253,306,5966,0.583640630238015,8205,34335,371,1222,27,4338,9,1746,13,9
"700","2020-05-26",106,8,256,294,5966,0.583640630238015,8205,34335,371,1222,22,4360,10,1756,11,10
"701","2020-05-27",97,8,262,286,5966,0.583640630238015,8205,34335,371,1222,19,4379,17,1773,10,17
"702","2020-05-28",100,8,242,272,5966,0.583640630238015,8205,34335,371,1222,18,4397,36,1809,11,36
"703","2020-05-29",89,8,230,270,5966,0.583640630238015,8205,34335,371,1222,18,4415,22,1831,3,22
"704","2020-05-30",79,8,228,250,5966,0.583640630238015,8205,34335,371,1222,27,4442,33,1864,12,33
"705","2020-05-31",79,8,242,247,5966,0.583640630238015,8205,34335,371,1222,24,4466,32,1896,10,32
"706","2020-06-01",76,8,253,234,5966,0.583640630238015,8205,34335,371,1222,26,4492,11,1907,12,11
"707","2020-06-02",84,8,253,223,5966,0.583640630238015,8205,34335,371,1222,18,4510,19,1926,10,19
"708","2020-06-03",83,8,246,215,5966,0.583640630238015,8205,34335,371,1222,13,4523,12,1938,4,12
"709","2020-06-04",78,8,264,203,5966,0.583640630238015,8205,34335,371,1222,17,4540,17,1955,12,17
"710","2020-06-05",80,8,260,190,5966,0.583640630238015,8205,34335,371,1222,17,4557,19,1974,8,19
"711","2020-06-06",69,8,252,185,5966,0.583640630238015,8205,34335,371,1222,16,4573,13,1987,6,13
"712","2020-06-07",68,8,239,166,5966,0.583640630238015,8205,34335,371,1222,18,4591,8,1995,9,8
"713","2020-03-14",2,9,115,48,6177,0.933300955156225,8385,32351,346,916,15,52,25,94,13,25
"714","2020-03-15",3,9,123,72,6177,0.933300955156225,8385,32351,346,916,9,61,10,104,5,10
"715","2020-03-16",4,9,124,84,6177,0.933300955156225,8385,32351,346,916,21,82,15,119,15,15
"716","2020-03-17",6,9,131,104,6177,0.933300955156225,8385,32351,346,916,22,104,11,130,18,11
"717","2020-03-18",13,9,145,136,6177,0.933300955156225,8385,32351,346,916,34,138,11,141,25,11
"718","2020-03-19",17,9,145,182,6177,0.933300955156225,8385,32351,346,916,31,169,11,152,26,11
"719","2020-03-20",25,9,166,212,6177,0.933300955156225,8385,32351,346,916,29,198,37,189,24,37
"720","2020-03-21",34,9,146,256,6177,0.933300955156225,8385,32351,346,916,41,239,34,223,37,34
"721","2020-03-22",62,9,152,306,6177,0.933300955156225,8385,32351,346,916,49,288,27,250,42,27
"722","2020-03-23",70,9,150,367,6177,0.933300955156225,8385,32351,346,916,44,332,20,270,41,20
"723","2020-03-24",69,9,150,424,6177,0.933300955156225,8385,32351,346,916,60,392,40,310,54,40
"724","2020-03-25",71,9,150,493,6177,0.933300955156225,8385,32351,346,916,69,461,33,343,63,33
"725","2020-03-26",85,9,140,578,6177,0.933300955156225,8385,32351,346,916,66,527,50,393,61,50
"726","2020-03-27",129,9,139,644,6177,0.933300955156225,8385,32351,346,916,75,602,31,424,72,31
"727","2020-03-28",180,9,134,713,6177,0.933300955156225,8385,32351,346,916,70,672,18,442,66,18
"728","2020-03-29",182,9,150,796,6177,0.933300955156225,8385,32351,346,916,82,754,26,468,74,26
"729","2020-03-30",188,9,166,872,6177,0.933300955156225,8385,32351,346,916,98,852,35,503,92,35
"730","2020-03-31",211,9,163,935,6177,0.933300955156225,8385,32351,346,916,93,945,66,569,89,66
"731","2020-04-01",234,9,197,1022,6177,0.933300955156225,8385,32351,346,916,119,1064,33,602,109,33
"732","2020-04-02",254,9,220,1106,6177,0.933300955156225,8385,32351,346,916,128,1192,53,655,120,53
"733","2020-04-03",337,9,220,1207,6177,0.933300955156225,8385,32351,346,916,112,1304,29,684,108,29
"734","2020-04-04",334,9,207,1264,6177,0.933300955156225,8385,32351,346,916,136,1440,60,744,130,60
"735","2020-04-05",347,9,184,1365,6177,0.933300955156225,8385,32351,346,916,131,1571,32,776,124,32
"736","2020-04-06",367,9,182,1441,6177,0.933300955156225,8385,32351,346,916,124,1695,12,788,121,12
"737","2020-04-07",375,9,170,1492,6177,0.933300955156225,8385,32351,346,916,151,1846,57,845,144,57
"738","2020-04-08",383,9,177,1567,6177,0.933300955156225,8385,32351,346,916,126,1972,51,896,120,51
"739","2020-04-09",408,9,197,1652,6177,0.933300955156225,8385,32351,346,916,142,2114,51,947,137,51
"740","2020-04-10",497,9,220,1680,6177,0.933300955156225,8385,32351,346,916,177,2291,35,982,169,35
"741","2020-04-11",580,9,243,1751,6177,0.933300955156225,8385,32351,346,916,163,2454,58,1040,156,58
"742","2020-04-12",551,9,239,1812,6177,0.933300955156225,8385,32351,346,916,180,2634,60,1100,172,60
"743","2020-04-13",552,9,232,1861,6177,0.933300955156225,8385,32351,346,916,158,2792,45,1145,155,45
"744","2020-04-14",566,9,234,1889,6177,0.933300955156225,8385,32351,346,916,182,2974,51,1196,175,51
"745","2020-04-15",613,9,217,1917,6177,0.933300955156225,8385,32351,346,916,139,3113,29,1225,137,29
"746","2020-04-16",637,9,191,1890,6177,0.933300955156225,8385,32351,346,916,121,3234,39,1264,118,39
"747","2020-04-17",756,9,181,1901,6177,0.933300955156225,8385,32351,346,916,154,3388,29,1293,146,29
"748","2020-04-18",707,9,158,1859,6177,0.933300955156225,8385,32351,346,916,158,3546,24,1317,153,24
"749","2020-04-19",666,9,145,1844,6177,0.933300955156225,8385,32351,346,916,110,3656,69,1386,107,69
"750","2020-04-20",651,9,135,1826,6177,0.933300955156225,8385,32351,346,916,136,3792,38,1424,128,38
"751","2020-04-21",641,9,131,1779,6177,0.933300955156225,8385,32351,346,916,150,3942,48,1472,147,48
"752","2020-04-22",619,9,145,1690,6177,0.933300955156225,8385,32351,346,916,118,4060,19,1491,112,19
"753","2020-04-23",594,9,193,1600,6177,0.933300955156225,8385,32351,346,916,134,4194,9,1500,130,9
"754","2020-04-24",580,9,219,1516,6177,0.933300955156225,8385,32351,346,916,120,4314,10,1510,114,10
"755","2020-04-25",587,9,198,1428,6177,0.933300955156225,8385,32351,346,916,76,4390,50,1560,75,50
"756","2020-04-26",524,9,188,1339,6177,0.933300955156225,8385,32351,346,916,84,4474,39,1599,78,39
"757","2020-04-27",516,9,208,1267,6177,0.933300955156225,8385,32351,346,916,85,4559,49,1648,80,49
"758","2020-04-28",513,9,241,1170,6177,0.933300955156225,8385,32351,346,916,71,4630,32,1680,65,32
"759","2020-04-29",488,9,265,1075,6177,0.933300955156225,8385,32351,346,916,101,4731,43,1723,98,43
"760","2020-04-30",464,9,253,1008,6177,0.933300955156225,8385,32351,346,916,70,4801,78,1801,67,78
"761","2020-05-01",401,9,245,948,6177,0.933300955156225,8385,32351,346,916,55,4856,32,1833,53,32
"762","2020-05-02",381,9,255,864,6177,0.933300955156225,8385,32351,346,916,42,4898,35,1868,38,35
"763","2020-05-03",341,9,253,805,6177,0.933300955156225,8385,32351,346,916,50,4948,43,1911,47,43
"764","2020-05-04",320,9,237,719,6177,0.933300955156225,8385,32351,346,916,33,4981,26,1937,30,26
"765","2020-05-05",278,9,212,646,6177,0.933300955156225,8385,32351,346,916,37,5018,20,1957,36,20
"766","2020-05-06",272,9,202,597,6177,0.933300955156225,8385,32351,346,916,36,5054,69,2026,35,69
"767","2020-05-07",263,9,206,555,6177,0.933300955156225,8385,32351,346,916,35,5089,61,2087,32,61
"768","2020-05-08",221,9,198,519,6177,0.933300955156225,8385,32351,346,916,27,5116,33,2120,26,33
"769","2020-05-09",198,9,184,484,6177,0.933300955156225,8385,32351,346,916,32,5148,22,2142,29,22
"770","2020-05-10",175,9,172,429,6177,0.933300955156225,8385,32351,346,916,30,5178,25,2167,23,25
"771","2020-05-11",157,9,160,399,6177,0.933300955156225,8385,32351,346,916,23,5201,52,2219,19,52
"772","2020-05-12",156,9,151,373,6177,0.933300955156225,8385,32351,346,916,18,5219,58,2277,15,58
"773","2020-05-13",136,9,189,342,6177,0.933300955156225,8385,32351,346,916,26,5245,19,2296,26,19
"774","2020-05-14",123,9,212,308,6177,0.933300955156225,8385,32351,346,916,25,5270,13,2309,23,13
"775","2020-05-15",112,9,205,292,6177,0.933300955156225,8385,32351,346,916,25,5295,15,2324,21,15
"776","2020-05-16",106,9,201,269,6177,0.933300955156225,8385,32351,346,916,24,5319,11,2335,22,11
"777","2020-05-17",106,9,218,244,6177,0.933300955156225,8385,32351,346,916,22,5341,50,2385,18,50
"778","2020-05-18",105,9,228,225,6177,0.933300955156225,8385,32351,346,916,22,5363,36,2421,20,36
"779","2020-05-19",95,9,210,203,6177,0.933300955156225,8385,32351,346,916,21,5384,58,2479,19,58
"780","2020-05-20",92,9,184,181,6177,0.933300955156225,8385,32351,346,916,19,5403,68,2547,15,68
"781","2020-05-21",80,9,198,176,6177,0.933300955156225,8385,32351,346,916,13,5416,35,2582,12,35
"782","2020-05-22",80,9,190,163,6177,0.933300955156225,8385,32351,346,916,24,5440,33,2615,22,33
"783","2020-05-23",74,9,176,159,6177,0.933300955156225,8385,32351,346,916,20,5460,20,2635,18,20
"784","2020-05-24",56,9,172,150,6177,0.933300955156225,8385,32351,346,916,13,5473,27,2662,12,27
"785","2020-05-25",46,9,157,147,6177,0.933300955156225,8385,32351,346,916,17,5490,49,2711,13,49
"786","2020-05-26",44,9,142,135,6177,0.933300955156225,8385,32351,346,916,12,5502,34,2745,10,34
"787","2020-05-27",35,9,127,134,6177,0.933300955156225,8385,32351,346,916,12,5514,51,2796,12,51
"788","2020-05-28",38,9,133,131,6177,0.933300955156225,8385,32351,346,916,17,5531,40,2836,17,40
"789","2020-05-29",33,9,145,117,6177,0.933300955156225,8385,32351,346,916,10,5541,57,2893,9,57
"790","2020-05-30",33,9,132,109,6177,0.933300955156225,8385,32351,346,916,24,5565,56,2949,20,56
"791","2020-05-31",38,9,141,107,6177,0.933300955156225,8385,32351,346,916,11,5576,48,2997,9,48
"792","2020-06-01",40,9,143,106,6177,0.933300955156225,8385,32351,346,916,13,5589,53,3050,13,53
"793","2020-06-02",34,9,162,106,6177,0.933300955156225,8385,32351,346,916,17,5606,31,3081,16,31
"794","2020-06-03",37,9,168,112,6177,0.933300955156225,8385,32351,346,916,7,5613,39,3120,6,39
"795","2020-06-04",36,9,154,105,6177,0.933300955156225,8385,32351,346,916,12,5625,29,3149,9,29
"796","2020-06-05",35,9,152,103,6177,0.933300955156225,8385,32351,346,916,12,5637,30,3179,10,30
"797","2020-06-06",40,9,157,99,6177,0.933300955156225,8385,32351,346,916,7,5644,35,3214,5,35
"798","2020-06-07",36,9,140,94,6177,0.933300955156225,8385,32351,346,916,11,5655,27,3241,11,27
"799","2020-03-14",3,10,103,38,6106,0.908286930887651,8295,31266,310,907,42,121,12,47,12,12
"800","2020-03-15",6,10,88,55,6106,0.908286930887651,8295,31266,310,907,32,153,21,68,13,21
"801","2020-03-16",8,10,79,76,6106,0.908286930887651,8295,31266,310,907,59,212,17,85,27,17
"802","2020-03-17",9,10,79,92,6106,0.908286930887651,8295,31266,310,907,52,264,18,103,38,18
"803","2020-03-18",12,10,81,112,6106,0.908286930887651,8295,31266,310,907,40,304,8,111,30,8
"804","2020-03-19",19,10,74,134,6106,0.908286930887651,8295,31266,310,907,54,358,10,121,38,10
"805","2020-03-20",27,10,69,159,6106,0.908286930887651,8295,31266,310,907,66,424,12,133,47,12
"806","2020-03-21",32,10,89,203,6106,0.908286930887651,8295,31266,310,907,53,477,7,140,38,7
"807","2020-03-22",37,10,120,236,6106,0.908286930887651,8295,31266,310,907,65,542,6,146,47,6
"808","2020-03-23",41,10,120,284,6106,0.908286930887651,8295,31266,310,907,74,616,4,150,49,4
"809","2020-03-24",50,10,125,318,6106,0.908286930887651,8295,31266,310,907,94,710,7,157,64,7
"810","2020-03-25",61,10,147,374,6106,0.908286930887651,8295,31266,310,907,85,795,5,162,60,5
"811","2020-03-26",62,10,147,419,6106,0.908286930887651,8295,31266,310,907,65,860,6,168,48,6
"812","2020-03-27",75,10,134,496,6106,0.908286930887651,8295,31266,310,907,87,947,13,181,64,13
"813","2020-03-28",118,10,135,546,6106,0.908286930887651,8295,31266,310,907,93,1040,20,201,76,20
"814","2020-03-29",133,10,137,603,6106,0.908286930887651,8295,31266,310,907,98,1138,20,221,75,20
"815","2020-03-30",124,10,137,664,6106,0.908286930887651,8295,31266,310,907,112,1250,18,239,91,18
"816","2020-03-31",132,10,167,715,6106,0.908286930887651,8295,31266,310,907,100,1350,21,260,81,21
"817","2020-04-01",147,10,161,803,6106,0.908286930887651,8295,31266,310,907,107,1457,27,287,83,27
"818","2020-04-02",163,10,151,892,6106,0.908286930887651,8295,31266,310,907,110,1567,24,311,88,24
"819","2020-04-03",228,10,165,978,6106,0.908286930887651,8295,31266,310,907,118,1685,10,321,94,10
"820","2020-04-04",233,10,178,1103,6106,0.908286930887651,8295,31266,310,907,121,1806,19,340,98,19
"821","2020-04-05",287,10,158,1198,6106,0.908286930887651,8295,31266,310,907,132,1938,15,355,113,15
"822","2020-04-06",313,10,149,1293,6106,0.908286930887651,8295,31266,310,907,114,2052,24,379,84,24
"823","2020-04-07",328,10,137,1382,6106,0.908286930887651,8295,31266,310,907,120,2172,14,393,105,14
"824","2020-04-08",348,10,128,1497,6106,0.908286930887651,8295,31266,310,907,99,2271,31,424,83,31
"825","2020-04-09",386,10,145,1617,6106,0.908286930887651,8295,31266,310,907,124,2395,20,444,104,20
"826","2020-04-10",506,10,128,1700,6106,0.908286930887651,8295,31266,310,907,134,2529,26,470,94,26
"827","2020-04-11",529,10,126,1794,6106,0.908286930887651,8295,31266,310,907,120,2649,22,492,97,22
"828","2020-04-12",532,10,167,1868,6106,0.908286930887651,8295,31266,310,907,117,2766,24,516,95,24
"829","2020-04-13",561,10,162,1914,6106,0.908286930887651,8295,31266,310,907,98,2864,47,563,85,47
"830","2020-04-14",559,10,156,1954,6106,0.908286930887651,8295,31266,310,907,121,2985,45,608,95,45
"831","2020-04-15",586,10,187,1998,6106,0.908286930887651,8295,31266,310,907,114,3099,49,657,92,49
"832","2020-04-16",592,10,211,2041,6106,0.908286930887651,8295,31266,310,907,118,3217,56,713,100,56
"833","2020-04-17",714,10,234,2011,6106,0.908286930887651,8295,31266,310,907,116,3333,54,767,96,54
"834","2020-04-18",728,10,227,2006,6106,0.908286930887651,8295,31266,310,907,94,3427,41,808,80,41
"835","2020-04-19",645,10,244,1942,6106,0.908286930887651,8295,31266,310,907,104,3531,23,831,80,23
"836","2020-04-20",639,10,234,1907,6106,0.908286930887651,8295,31266,310,907,99,3630,28,859,83,28
"837","2020-04-21",661,10,230,1895,6106,0.908286930887651,8295,31266,310,907,105,3735,20,879,80,20
"838","2020-04-22",654,10,228,1859,6106,0.908286930887651,8295,31266,310,907,76,3811,15,894,56,15
"839","2020-04-23",644,10,222,1779,6106,0.908286930887651,8295,31266,310,907,84,3895,12,906,61,12
"840","2020-04-24",635,10,205,1699,6106,0.908286930887651,8295,31266,310,907,75,3970,16,922,64,16
"841","2020-04-25",636,10,204,1619,6106,0.908286930887651,8295,31266,310,907,96,4066,41,963,78,41
"842","2020-04-26",579,10,190,1533,6106,0.908286930887651,8295,31266,310,907,68,4134,20,983,44,20
"843","2020-04-27",548,10,181,1415,6106,0.908286930887651,8295,31266,310,907,91,4225,12,995,75,12
"844","2020-04-28",512,10,172,1287,6106,0.908286930887651,8295,31266,310,907,57,4282,17,1012,43,17
"845","2020-04-29",485,10,173,1208,6106,0.908286930887651,8295,31266,310,907,57,4339,42,1054,43,42
"846","2020-04-30",464,10,181,1104,6106,0.908286930887651,8295,31266,310,907,71,4410,21,1075,58,21
"847","2020-05-01",426,10,163,1032,6106,0.908286930887651,8295,31266,310,907,61,4471,17,1092,46,17
"848","2020-05-02",405,10,178,946,6106,0.908286930887651,8295,31266,310,907,75,4546,24,1116,52,24
"849","2020-05-03",360,10,167,898,6106,0.908286930887651,8295,31266,310,907,46,4592,18,1134,35,18
"850","2020-05-04",352,10,162,832,6106,0.908286930887651,8295,31266,310,907,49,4641,14,1148,31,14
"851","2020-05-05",345,10,162,759,6106,0.908286930887651,8295,31266,310,907,47,4688,37,1185,34,37
"852","2020-05-06",332,10,179,672,6106,0.908286930887651,8295,31266,310,907,41,4729,41,1226,32,41
"853","2020-05-07",327,10,212,636,6106,0.908286930887651,8295,31266,310,907,53,4782,28,1254,35,28
"854","2020-05-08",275,10,223,556,6106,0.908286930887651,8295,31266,310,907,42,4824,40,1294,27,40
"855","2020-05-09",257,10,205,508,6106,0.908286930887651,8295,31266,310,907,45,4869,35,1329,27,35
"856","2020-05-10",232,10,211,455,6106,0.908286930887651,8295,31266,310,907,38,4907,21,1350,24,21
"857","2020-05-11",214,10,199,426,6106,0.908286930887651,8295,31266,310,907,31,4938,19,1369,22,19
"858","2020-05-12",181,10,199,390,6106,0.908286930887651,8295,31266,310,907,50,4988,17,1386,32,17
"859","2020-05-13",165,10,215,348,6106,0.908286930887651,8295,31266,310,907,38,5026,9,1395,21,9
"860","2020-05-14",142,10,197,320,6106,0.908286930887651,8295,31266,310,907,41,5067,26,1421,31,26
"861","2020-05-15",115,10,177,281,6106,0.908286930887651,8295,31266,310,907,40,5107,36,1457,26,36
"862","2020-05-16",114,10,166,254,6106,0.908286930887651,8295,31266,310,907,27,5134,43,1500,20,43
"863","2020-05-17",100,10,164,238,6106,0.908286930887651,8295,31266,310,907,23,5157,40,1540,14,40
"864","2020-05-18",90,10,163,219,6106,0.908286930887651,8295,31266,310,907,27,5184,15,1555,22,15
"865","2020-05-19",91,10,176,214,6106,0.908286930887651,8295,31266,310,907,28,5212,24,1579,16,24
"866","2020-05-20",86,10,174,199,6106,0.908286930887651,8295,31266,310,907,27,5239,20,1599,17,20
"867","2020-05-21",83,10,162,185,6106,0.908286930887651,8295,31266,310,907,22,5261,11,1610,14,11
"868","2020-05-22",79,10,172,166,6106,0.908286930887651,8295,31266,310,907,19,5280,16,1626,14,16
"869","2020-05-23",65,10,182,152,6106,0.908286930887651,8295,31266,310,907,18,5298,9,1635,9,9
"870","2020-05-24",62,10,175,137,6106,0.908286930887651,8295,31266,310,907,15,5313,16,1651,10,16
"871","2020-05-25",54,10,188,127,6106,0.908286930887651,8295,31266,310,907,14,5327,21,1672,8,21
"872","2020-05-26",50,10,186,128,6106,0.908286930887651,8295,31266,310,907,16,5343,8,1680,5,8
"873","2020-05-27",43,10,201,118,6106,0.908286930887651,8295,31266,310,907,20,5363,10,1690,13,10
"874","2020-05-28",39,10,184,114,6106,0.908286930887651,8295,31266,310,907,16,5379,2,1692,8,2
"875","2020-05-29",33,10,181,103,6106,0.908286930887651,8295,31266,310,907,16,5395,8,1700,11,8
"876","2020-05-30",31,10,180,95,6106,0.908286930887651,8295,31266,310,907,15,5410,8,1708,6,8
"877","2020-05-31",31,10,153,87,6106,0.908286930887651,8295,31266,310,907,9,5419,7,1715,4,7
"878","2020-06-01",27,10,133,80,6106,0.908286930887651,8295,31266,310,907,12,5431,18,1733,10,18
"879","2020-06-02",24,10,125,75,6106,0.908286930887651,8295,31266,310,907,18,5449,27,1760,10,27
"880","2020-06-03",30,10,132,73,6106,0.908286930887651,8295,31266,310,907,15,5464,25,1785,9,25
"881","2020-06-04",29,10,132,63,6106,0.908286930887651,8295,31266,310,907,7,5471,15,1800,4,15
"882","2020-06-05",30,10,133,60,6106,0.908286930887651,8295,31266,310,907,7,5478,8,1808,4,8
"883","2020-06-06",32,10,117,53,6106,0.908286930887651,8295,31266,310,907,13,5491,12,1820,8,12
"884","2020-06-07",25,10,117,49,6106,0.908286930887651,8295,31266,310,907,14,5505,8,1828,9,8
"885","2020-03-13",3,11,104,88,6733,0.716322590227239,8340,33339,365,945,40,133,39,93,14,39
"886","2020-03-14",16,11,126,128,6733,0.716322590227239,8340,33339,365,945,44,177,50,143,10,50
"887","2020-03-15",14,11,131,171,6733,0.716322590227239,8340,33339,365,945,64,241,67,210,25,67
"888","2020-03-16",15,11,103,222,6733,0.716322590227239,8340,33339,365,945,73,314,42,252,33,42
"889","2020-03-17",24,11,94,270,6733,0.716322590227239,8340,33339,365,945,72,386,55,307,29,55
"890","2020-03-18",30,11,87,333,6733,0.716322590227239,8340,33339,365,945,96,482,54,361,51,54
"891","2020-03-19",42,11,113,403,6733,0.716322590227239,8340,33339,365,945,97,579,63,424,59,63
"892","2020-03-20",77,11,123,463,6733,0.716322590227239,8340,33339,365,945,101,680,55,479,57,55
"893","2020-03-21",126,11,120,529,6733,0.716322590227239,8340,33339,365,945,91,771,45,524,55,45
"894","2020-03-22",148,11,118,585,6733,0.716322590227239,8340,33339,365,945,114,885,32,556,73,32
"895","2020-03-23",143,11,124,637,6733,0.716322590227239,8340,33339,365,945,92,977,64,620,57,64
"896","2020-03-24",152,11,110,682,6733,0.716322590227239,8340,33339,365,945,118,1095,44,664,81,44
"897","2020-03-25",161,11,109,750,6733,0.716322590227239,8340,33339,365,945,117,1212,46,710,86,46
"898","2020-03-26",171,11,136,818,6733,0.716322590227239,8340,33339,365,945,149,1361,29,739,111,29
"899","2020-03-27",222,11,150,876,6733,0.716322590227239,8340,33339,365,945,128,1489,49,788,94,49
"900","2020-03-28",202,11,177,956,6733,0.716322590227239,8340,33339,365,945,126,1615,54,842,91,54
"901","2020-03-29",246,11,184,1002,6733,0.716322590227239,8340,33339,365,945,121,1736,40,882,89,40
"902","2020-03-30",272,11,190,1120,6733,0.716322590227239,8340,33339,365,945,129,1865,27,909,94,27
"903","2020-03-31",281,11,181,1222,6733,0.716322590227239,8340,33339,365,945,100,1965,29,938,66,29
"904","2020-04-01",303,11,201,1322,6733,0.716322590227239,8340,33339,365,945,132,2097,38,976,95,38
"905","2020-04-02",335,11,211,1409,6733,0.716322590227239,8340,33339,365,945,119,2216,28,1004,94,28
"906","2020-04-03",445,11,199,1519,6733,0.716322590227239,8340,33339,365,945,120,2336,29,1033,84,29
"907","2020-04-04",487,11,218,1626,6733,0.716322590227239,8340,33339,365,945,117,2453,45,1078,81,45
"908","2020-04-05",491,11,199,1763,6733,0.716322590227239,8340,33339,365,945,124,2577,45,1123,93,45
"909","2020-04-06",511,11,190,1837,6733,0.716322590227239,8340,33339,365,945,139,2716,49,1172,96,49
"910","2020-04-07",503,11,173,1917,6733,0.716322590227239,8340,33339,365,945,111,2827,41,1213,75,41
"911","2020-04-08",546,11,161,2008,6733,0.716322590227239,8340,33339,365,945,117,2944,69,1282,72,69
"912","2020-04-09",568,11,149,2037,6733,0.716322590227239,8340,33339,365,945,123,3067,56,1338,77,56
"913","2020-04-10",672,11,165,2088,6733,0.716322590227239,8340,33339,365,945,122,3189,33,1371,81,33
"914","2020-04-11",718,11,197,2093,6733,0.716322590227239,8340,33339,365,945,82,3271,40,1411,59,40
"915","2020-04-12",661,11,183,2083,6733,0.716322590227239,8340,33339,365,945,98,3369,33,1444,64,33
"916","2020-04-13",656,11,179,2026,6733,0.716322590227239,8340,33339,365,945,103,3472,29,1473,73,29
"917","2020-04-14",672,11,161,2032,6733,0.716322590227239,8340,33339,365,945,83,3555,31,1504,47,31
"918","2020-04-15",658,11,161,1953,6733,0.716322590227239,8340,33339,365,945,82,3637,33,1537,53,33
"919","2020-04-16",654,11,173,1895,6733,0.716322590227239,8340,33339,365,945,94,3731,38,1575,56,38
"920","2020-04-17",670,11,174,1817,6733,0.716322590227239,8340,33339,365,945,96,3827,32,1607,58,32
"921","2020-04-18",651,11,208,1731,6733,0.716322590227239,8340,33339,365,945,88,3915,45,1652,53,45
"922","2020-04-19",598,11,197,1637,6733,0.716322590227239,8340,33339,365,945,68,3983,44,1696,38,44
"923","2020-04-20",590,11,188,1561,6733,0.716322590227239,8340,33339,365,945,72,4055,44,1740,38,44
"924","2020-04-21",565,11,183,1469,6733,0.716322590227239,8340,33339,365,945,60,4115,37,1777,35,37
"925","2020-04-22",556,11,200,1392,6733,0.716322590227239,8340,33339,365,945,86,4201,47,1824,43,47
"926","2020-04-23",535,11,202,1319,6733,0.716322590227239,8340,33339,365,945,76,4277,37,1861,43,37
"927","2020-04-24",499,11,244,1218,6733,0.716322590227239,8340,33339,365,945,74,4351,28,1889,42,28
"928","2020-04-25",466,11,278,1109,6733,0.716322590227239,8340,33339,365,945,62,4413,31,1920,35,31
"929","2020-04-26",421,11,252,1034,6733,0.716322590227239,8340,33339,365,945,51,4464,33,1953,23,33
"930","2020-04-27",402,11,220,947,6733,0.716322590227239,8340,33339,365,945,64,4528,21,1974,31,21
"931","2020-04-28",388,11,189,866,6733,0.716322590227239,8340,33339,365,945,63,4591,37,2011,30,37
"932","2020-04-29",354,11,153,818,6733,0.716322590227239,8340,33339,365,945,58,4649,39,2050,30,39
"933","2020-04-30",323,11,140,767,6733,0.716322590227239,8340,33339,365,945,48,4697,43,2093,20,43
"934","2020-05-01",277,11,183,731,6733,0.716322590227239,8340,33339,365,945,57,4754,41,2134,31,41
"935","2020-05-02",262,11,187,675,6733,0.716322590227239,8340,33339,365,945,55,4809,44,2178,32,44
"936","2020-05-03",240,11,200,623,6733,0.716322590227239,8340,33339,365,945,50,4859,36,2214,31,36
"937","2020-05-04",224,11,179,575,6733,0.716322590227239,8340,33339,365,945,37,4896,48,2262,16,48
"938","2020-05-05",208,11,163,532,6733,0.716322590227239,8340,33339,365,945,41,4937,46,2308,21,46
"939","2020-05-06",203,11,197,507,6733,0.716322590227239,8340,33339,365,945,45,4982,60,2368,20,60
"940","2020-05-07",202,11,229,471,6733,0.716322590227239,8340,33339,365,945,54,5036,41,2409,31,41
"941","2020-05-08",180,11,265,451,6733,0.716322590227239,8340,33339,365,945,35,5071,36,2445,13,36
"942","2020-05-09",167,11,243,418,6733,0.716322590227239,8340,33339,365,945,42,5113,35,2480,18,35
"943","2020-05-10",152,11,228,392,6733,0.716322590227239,8340,33339,365,945,44,5157,35,2515,21,35
"944","2020-05-11",139,11,245,367,6733,0.716322590227239,8340,33339,365,945,51,5208,38,2553,26,38
"945","2020-05-12",128,11,252,356,6733,0.716322590227239,8340,33339,365,945,33,5241,49,2602,15,49
"946","2020-05-13",122,11,247,326,6733,0.716322590227239,8340,33339,365,945,39,5280,40,2642,21,40
"947","2020-05-14",109,11,250,306,6733,0.716322590227239,8340,33339,365,945,29,5309,44,2686,14,44
"948","2020-05-15",108,11,216,298,6733,0.716322590227239,8340,33339,365,945,31,5340,41,2727,13,41
"949","2020-05-16",102,11,194,272,6733,0.716322590227239,8340,33339,365,945,31,5371,43,2770,17,43
"950","2020-05-17",95,11,169,266,6733,0.716322590227239,8340,33339,365,945,39,5410,45,2815,19,45
"951","2020-05-18",93,11,152,251,6733,0.716322590227239,8340,33339,365,945,38,5448,44,2859,18,44
"952","2020-05-19",87,11,142,247,6733,0.716322590227239,8340,33339,365,945,29,5477,36,2895,12,36
"953","2020-05-20",79,11,124,234,6733,0.716322590227239,8340,33339,365,945,21,5498,32,2927,13,32
"954","2020-05-21",76,11,99,209,6733,0.716322590227239,8340,33339,365,945,22,5520,31,2958,15,31
"955","2020-05-22",81,11,94,195,6733,0.716322590227239,8340,33339,365,945,31,5551,35,2993,15,35
"956","2020-05-23",80,11,91,193,6733,0.716322590227239,8340,33339,365,945,20,5571,40,3033,7,40
"957","2020-05-24",65,11,98,189,6733,0.716322590227239,8340,33339,365,945,22,5593,43,3076,9,43
"958","2020-05-25",58,11,126,179,6733,0.716322590227239,8340,33339,365,945,18,5611,62,3138,10,62
"959","2020-05-26",58,11,122,180,6733,0.716322590227239,8340,33339,365,945,18,5629,33,3171,9,33
"960","2020-05-27",60,11,131,176,6733,0.716322590227239,8340,33339,365,945,18,5647,52,3223,6,52
"961","2020-05-28",63,11,116,161,6733,0.716322590227239,8340,33339,365,945,17,5664,38,3261,6,38
"962","2020-05-29",60,11,120,156,6733,0.716322590227239,8340,33339,365,945,15,5679,46,3307,8,46
"963","2020-05-30",59,11,110,146,6733,0.716322590227239,8340,33339,365,945,25,5704,56,3363,12,56
"964","2020-05-31",56,11,101,141,6733,0.716322590227239,8340,33339,365,945,15,5719,43,3406,11,43
"965","2020-06-01",50,11,102,128,6733,0.716322590227239,8340,33339,365,945,18,5737,36,3442,13,36
"966","2020-06-02",42,11,124,126,6733,0.716322590227239,8340,33339,365,945,18,5755,48,3490,8,48
"967","2020-06-03",40,11,136,123,6733,0.716322590227239,8340,33339,365,945,11,5766,61,3551,7,61
"968","2020-06-04",39,11,150,111,6733,0.716322590227239,8340,33339,365,945,12,5778,60,3611,6,60
"969","2020-06-05",33,11,143,98,6733,0.716322590227239,8340,33339,365,945,9,5787,33,3644,6,33
"970","2020-06-06",34,11,136,97,6733,0.716322590227239,8340,33339,365,945,8,5795,25,3669,4,25
"971","2020-06-07",29,11,112,92,6733,0.716322590227239,8340,33339,365,945,10,5805,36,3705,6,36
"972","2020-03-12",1,12,41,75,5503,0.490459749227694,8340,34575,324,784,26,42,23,37,4,23
"973","2020-03-13",2,12,59,124,5503,0.490459749227694,8340,34575,324,784,21,63,11,48,3,11
"974","2020-03-14",8,12,75,166,5503,0.490459749227694,8340,34575,324,784,22,85,5,53,8,5
"975","2020-03-15",12,12,89,228,5503,0.490459749227694,8340,34575,324,784,25,110,4,57,4,4
"976","2020-03-16",19,12,95,290,5503,0.490459749227694,8340,34575,324,784,32,142,2,59,16,2
"977","2020-03-17",29,12,112,338,5503,0.490459749227694,8340,34575,324,784,36,178,3,62,21,3
"978","2020-03-18",37,12,109,376,5503,0.490459749227694,8340,34575,324,784,38,216,7,69,25,7
"979","2020-03-19",51,12,110,448,5503,0.490459749227694,8340,34575,324,784,56,272,4,73,29,4
"980","2020-03-20",71,12,119,504,5503,0.490459749227694,8340,34575,324,784,35,307,2,75,24,2
"981","2020-03-21",106,12,132,552,5503,0.490459749227694,8340,34575,324,784,64,371,19,94,49,19
"982","2020-03-22",142,12,132,617,5503,0.490459749227694,8340,34575,324,784,54,425,25,119,35,25
"983","2020-03-23",149,12,140,674,5503,0.490459749227694,8340,34575,324,784,59,484,31,150,46,31
"984","2020-03-24",154,12,127,699,5503,0.490459749227694,8340,34575,324,784,59,543,31,181,39,31
"985","2020-03-25",175,12,129,736,5503,0.490459749227694,8340,34575,324,784,87,630,20,201,65,20
"986","2020-03-26",187,12,118,774,5503,0.490459749227694,8340,34575,324,784,84,714,10,211,60,10
"987","2020-03-27",240,12,129,810,5503,0.490459749227694,8340,34575,324,784,88,802,7,218,67,7
"988","2020-03-28",251,12,131,834,5503,0.490459749227694,8340,34575,324,784,78,880,10,228,60,10
"989","2020-03-29",231,12,128,867,5503,0.490459749227694,8340,34575,324,784,92,972,13,241,73,13
"990","2020-03-30",236,12,127,929,5503,0.490459749227694,8340,34575,324,784,91,1063,40,281,70,40
"991","2020-03-31",249,12,127,943,5503,0.490459749227694,8340,34575,324,784,83,1146,29,310,61,29
"992","2020-04-01",263,12,135,955,5503,0.490459749227694,8340,34575,324,784,102,1248,23,333,78,23
"993","2020-04-02",265,12,137,965,5503,0.490459749227694,8340,34575,324,784,101,1349,33,366,78,33
"994","2020-04-03",309,12,131,974,5503,0.490459749227694,8340,34575,324,784,95,1444,20,386,77,20
"995","2020-04-04",336,12,127,964,5503,0.490459749227694,8340,34575,324,784,113,1557,25,411,89,25
"996","2020-04-05",324,12,130,955,5503,0.490459749227694,8340,34575,324,784,112,1669,39,450,83,39
"997","2020-04-06",316,12,125,942,5503,0.490459749227694,8340,34575,324,784,92,1761,25,475,77,25
"998","2020-04-07",318,12,119,937,5503,0.490459749227694,8340,34575,324,784,104,1865,50,525,83,50
"999","2020-04-08",308,12,131,954,5503,0.490459749227694,8340,34575,324,784,85,1950,54,579,72,54
"1000","2020-04-09",320,12,138,977,5503,0.490459749227694,8340,34575,324,784,114,2064,27,606,96,27
"1001","2020-04-10",352,12,169,985,5503,0.490459749227694,8340,34575,324,784,103,2167,39,645,89,39
"1002","2020-04-11",336,12,167,993,5503,0.490459749227694,8340,34575,324,784,97,2264,29,674,82,29
"1003","2020-04-12",319,12,186,994,5503,0.490459749227694,8340,34575,324,784,120,2384,16,690,95,16
"1004","2020-04-13",320,12,193,985,5503,0.490459749227694,8340,34575,324,784,84,2468,31,721,69,31
"1005","2020-04-14",308,12,177,974,5503,0.490459749227694,8340,34575,324,784,99,2567,45,766,84,45
"1006","2020-04-15",303,12,164,970,5503,0.490459749227694,8340,34575,324,784,119,2686,24,790,96,24
"1007","2020-04-16",296,12,170,963,5503,0.490459749227694,8340,34575,324,784,89,2775,16,806,70,16
"1008","2020-04-17",318,12,185,963,5503,0.490459749227694,8340,34575,324,784,74,2849,17,823,65,17
"1009","2020-04-18",317,12,191,947,5503,0.490459749227694,8340,34575,324,784,85,2934,16,839,70,16
"1010","2020-04-19",324,12,197,943,5503,0.490459749227694,8340,34575,324,784,84,3018,15,854,64,15
"1011","2020-04-20",326,12,193,912,5503,0.490459749227694,8340,34575,324,784,67,3085,43,897,48,43
"1012","2020-04-21",316,12,202,905,5503,0.490459749227694,8340,34575,324,784,75,3160,38,935,60,38
"1013","2020-04-22",312,12,194,893,5503,0.490459749227694,8340,34575,324,784,86,3246,51,986,63,51
"1014","2020-04-23",306,12,187,882,5503,0.490459749227694,8340,34575,324,784,81,3327,31,1017,66,31
"1015","2020-04-24",330,12,203,871,5503,0.490459749227694,8340,34575,324,784,74,3401,56,1073,56,56
"1016","2020-04-25",338,12,219,846,5503,0.490459749227694,8340,34575,324,784,81,3482,37,1110,59,37
"1017","2020-04-26",286,12,231,839,5503,0.490459749227694,8340,34575,324,784,71,3553,21,1131,52,21
"1018","2020-04-27",271,12,227,830,5503,0.490459749227694,8340,34575,324,784,63,3616,33,1164,46,33
"1019","2020-04-28",267,12,207,815,5503,0.490459749227694,8340,34575,324,784,76,3692,41,1205,48,41
"1020","2020-04-29",273,12,192,792,5503,0.490459749227694,8340,34575,324,784,61,3753,32,1237,40,32
"1021","2020-04-30",278,12,188,779,5503,0.490459749227694,8340,34575,324,784,69,3822,7,1244,50,7
"1022","2020-05-01",290,12,206,751,5503,0.490459749227694,8340,34575,324,784,59,3881,29,1273,44,29
"1023","2020-05-02",286,12,199,731,5503,0.490459749227694,8340,34575,324,784,69,3950,35,1308,55,35
"1024","2020-05-03",272,12,198,696,5503,0.490459749227694,8340,34575,324,784,73,4023,50,1358,58,50
"1025","2020-05-04",261,12,187,680,5503,0.490459749227694,8340,34575,324,784,39,4062,67,1425,30,67
"1026","2020-05-05",247,12,210,688,5503,0.490459749227694,8340,34575,324,784,58,4120,23,1448,45,23
"1027","2020-05-06",238,12,191,663,5503,0.490459749227694,8340,34575,324,784,45,4165,14,1462,35,14
"1028","2020-05-07",231,12,183,656,5503,0.490459749227694,8340,34575,324,784,49,4214,15,1477,35,15
"1029","2020-05-08",241,12,202,618,5503,0.490459749227694,8340,34575,324,784,47,4261,48,1525,34,48
"1030","2020-05-09",244,12,193,618,5503,0.490459749227694,8340,34575,324,784,37,4298,21,1546,28,21
"1031","2020-05-10",210,12,185,592,5503,0.490459749227694,8340,34575,324,784,34,4332,18,1564,28,18
"1032","2020-05-11",219,12,179,580,5503,0.490459749227694,8340,34575,324,784,54,4386,10,1574,40,10
"1033","2020-05-12",219,12,169,570,5503,0.490459749227694,8340,34575,324,784,43,4429,10,1584,31,10
"1034","2020-05-13",211,12,159,565,5503,0.490459749227694,8340,34575,324,784,43,4472,40,1624,28,40
"1035","2020-05-14",207,12,158,546,5503,0.490459749227694,8340,34575,324,784,35,4507,53,1677,25,53
"1036","2020-05-15",198,12,159,541,5503,0.490459749227694,8340,34575,324,784,40,4547,36,1713,32,36
"1037","2020-05-16",176,12,153,517,5503,0.490459749227694,8340,34575,324,784,32,4579,29,1742,22,29
"1038","2020-05-17",183,12,145,501,5503,0.490459749227694,8340,34575,324,784,33,4612,42,1784,26,42
"1039","2020-05-18",171,12,140,482,5503,0.490459749227694,8340,34575,324,784,30,4642,23,1807,22,23
"1040","2020-05-19",166,12,138,468,5503,0.490459749227694,8340,34575,324,784,35,4677,22,1829,25,22
"1041","2020-05-20",163,12,132,437,5503,0.490459749227694,8340,34575,324,784,21,4698,43,1872,14,43
"1042","2020-05-21",160,12,123,414,5503,0.490459749227694,8340,34575,324,784,19,4717,24,1896,14,24
"1043","2020-05-22",152,12,153,408,5503,0.490459749227694,8340,34575,324,784,24,4741,28,1924,15,28
"1044","2020-05-23",158,12,158,387,5503,0.490459749227694,8340,34575,324,784,27,4768,53,1977,19,53
"1045","2020-05-24",122,12,169,365,5503,0.490459749227694,8340,34575,324,784,32,4800,23,2000,21,23
"1046","2020-05-25",109,12,153,350,5503,0.490459749227694,8340,34575,324,784,29,4829,24,2024,21,24
"1047","2020-05-26",102,12,152,332,5503,0.490459749227694,8340,34575,324,784,27,4856,16,2040,22,16
"1048","2020-05-27",102,12,149,308,5503,0.490459749227694,8340,34575,324,784,16,4872,18,2058,11,18
"1049","2020-05-28",90,12,151,295,5503,0.490459749227694,8340,34575,324,784,19,4891,21,2079,11,21
"1050","2020-05-29",81,12,141,287,5503,0.490459749227694,8340,34575,324,784,23,4914,14,2093,15,14
"1051","2020-05-30",76,12,143,278,5503,0.490459749227694,8340,34575,324,784,13,4927,44,2137,9,44
"1052","2020-05-31",79,12,161,272,5503,0.490459749227694,8340,34575,324,784,21,4948,23,2160,16,23
"1053","2020-06-01",82,12,155,264,5503,0.490459749227694,8340,34575,324,784,14,4962,16,2176,9,16
"1054","2020-06-02",72,12,145,249,5503,0.490459749227694,8340,34575,324,784,18,4980,37,2213,10,37
"1055","2020-06-03",69,12,144,243,5503,0.490459749227694,8340,34575,324,784,20,5000,27,2240,12,27
"1056","2020-06-04",74,12,138,228,5503,0.490459749227694,8340,34575,324,784,18,5018,24,2264,11,24
"1057","2020-06-05",75,12,134,220,5503,0.490459749227694,8340,34575,324,784,15,5033,12,2276,12,12
"1058","2020-06-06",92,12,131,217,5503,0.490459749227694,8340,34575,324,784,14,5047,19,2295,9,19
"1059","2020-06-07",84,12,118,205,5503,0.490459749227694,8340,34575,324,784,19,5066,19,2314,14,19
"1060","2020-03-14",2,13,52,56,6009,0.858212680978532,8175,32455,405,818,24,108,12,25,5,12
"1061","2020-03-15",6,13,52,73,6009,0.858212680978532,8175,32455,405,818,27,135,5,30,8,5
"1062","2020-03-16",9,13,47,84,6009,0.858212680978532,8175,32455,405,818,36,171,10,40,12,10
"1063","2020-03-17",13,13,49,104,6009,0.858212680978532,8175,32455,405,818,40,211,4,44,13,4
"1064","2020-03-18",16,13,50,128,6009,0.858212680978532,8175,32455,405,818,48,259,3,47,28,3
"1065","2020-03-19",18,13,48,169,6009,0.858212680978532,8175,32455,405,818,57,316,5,52,33,5
"1066","2020-03-20",28,13,59,201,6009,0.858212680978532,8175,32455,405,818,63,379,9,61,36,9
"1067","2020-03-21",38,13,56,235,6009,0.858212680978532,8175,32455,405,818,80,459,10,71,53,10
"1068","2020-03-22",52,13,46,293,6009,0.858212680978532,8175,32455,405,818,64,523,14,85,40,14
"1069","2020-03-23",52,13,64,334,6009,0.858212680978532,8175,32455,405,818,76,599,17,102,47,17
"1070","2020-03-24",59,13,82,380,6009,0.858212680978532,8175,32455,405,818,103,702,8,110,74,8
"1071","2020-03-25",70,13,110,431,6009,0.858212680978532,8175,32455,405,818,78,780,19,129,52,19
"1072","2020-03-26",82,13,136,485,6009,0.858212680978532,8175,32455,405,818,84,864,9,138,58,9
"1073","2020-03-27",118,13,146,530,6009,0.858212680978532,8175,32455,405,818,107,971,16,154,75,16
"1074","2020-03-28",125,13,137,601,6009,0.858212680978532,8175,32455,405,818,107,1078,16,170,78,16
"1075","2020-03-29",172,13,129,653,6009,0.858212680978532,8175,32455,405,818,108,1186,37,207,77,37
"1076","2020-03-30",189,13,132,742,6009,0.858212680978532,8175,32455,405,818,125,1311,21,228,90,21
"1077","2020-03-31",182,13,136,826,6009,0.858212680978532,8175,32455,405,818,94,1405,15,243,77,15
"1078","2020-04-01",208,13,142,899,6009,0.858212680978532,8175,32455,405,818,126,1531,20,263,98,20
"1079","2020-04-02",222,13,163,963,6009,0.858212680978532,8175,32455,405,818,107,1638,15,278,82,15
"1080","2020-04-03",294,13,163,1055,6009,0.858212680978532,8175,32455,405,818,109,1747,17,295,83,17
"1081","2020-04-04",350,13,172,1143,6009,0.858212680978532,8175,32455,405,818,111,1858,10,305,84,10
"1082","2020-04-05",313,13,172,1243,6009,0.858212680978532,8175,32455,405,818,88,1946,11,316,67,11
"1083","2020-04-06",321,13,167,1336,6009,0.858212680978532,8175,32455,405,818,112,2058,19,335,89,19
"1084","2020-04-07",335,13,158,1398,6009,0.858212680978532,8175,32455,405,818,121,2179,24,359,93,24
"1085","2020-04-08",343,13,154,1501,6009,0.858212680978532,8175,32455,405,818,102,2281,23,382,83,23
"1086","2020-04-09",376,13,147,1570,6009,0.858212680978532,8175,32455,405,818,112,2393,37,419,91,37
"1087","2020-04-10",513,13,144,1667,6009,0.858212680978532,8175,32455,405,818,95,2488,20,439,75,20
"1088","2020-04-11",515,13,147,1761,6009,0.858212680978532,8175,32455,405,818,89,2577,7,446,68,7
"1089","2020-04-12",523,13,149,1819,6009,0.858212680978532,8175,32455,405,818,99,2676,19,465,81,19
"1090","2020-04-13",539,13,145,1863,6009,0.858212680978532,8175,32455,405,818,101,2777,21,486,80,21
"1091","2020-04-14",564,13,157,1856,6009,0.858212680978532,8175,32455,405,818,88,2865,37,523,63,37
"1092","2020-04-15",585,13,166,1876,6009,0.858212680978532,8175,32455,405,818,84,2949,26,549,72,26
"1093","2020-04-16",594,13,188,1863,6009,0.858212680978532,8175,32455,405,818,91,3040,38,587,71,38
"1094","2020-04-17",648,13,191,1831,6009,0.858212680978532,8175,32455,405,818,86,3126,25,612,58,25
"1095","2020-04-18",660,13,170,1796,6009,0.858212680978532,8175,32455,405,818,109,3235,24,636,86,24
"1096","2020-04-19",601,13,159,1743,6009,0.858212680978532,8175,32455,405,818,94,3329,19,655,70,19
"1097","2020-04-20",600,13,144,1694,6009,0.858212680978532,8175,32455,405,818,77,3406,34,689,55,34
"1098","2020-04-21",589,13,144,1604,6009,0.858212680978532,8175,32455,405,818,85,3491,21,710,62,21
"1099","2020-04-22",573,13,172,1562,6009,0.858212680978532,8175,32455,405,818,94,3585,36,746,71,36
"1100","2020-04-23",558,13,189,1482,6009,0.858212680978532,8175,32455,405,818,71,3656,17,763,48,17
"1101","2020-04-24",556,13,227,1414,6009,0.858212680978532,8175,32455,405,818,82,3738,36,799,57,36
"1102","2020-04-25",542,13,231,1379,6009,0.858212680978532,8175,32455,405,818,74,3812,25,824,53,25
"1103","2020-04-26",517,13,250,1282,6009,0.858212680978532,8175,32455,405,818,72,3884,16,840,50,16
"1104","2020-04-27",494,13,246,1196,6009,0.858212680978532,8175,32455,405,818,66,3950,18,858,48,18
"1105","2020-04-28",454,13,233,1127,6009,0.858212680978532,8175,32455,405,818,72,4022,16,874,53,16
"1106","2020-04-29",443,13,244,1056,6009,0.858212680978532,8175,32455,405,818,58,4080,34,908,41,34
"1107","2020-04-30",431,13,228,972,6009,0.858212680978532,8175,32455,405,818,67,4147,21,929,44,21
"1108","2020-05-01",387,13,237,913,6009,0.858212680978532,8175,32455,405,818,70,4217,37,966,44,37
"1109","2020-05-02",369,13,225,851,6009,0.858212680978532,8175,32455,405,818,53,4270,35,1001,38,35
"1110","2020-05-03",327,13,229,785,6009,0.858212680978532,8175,32455,405,818,58,4328,33,1034,35,33
"1111","2020-05-04",310,13,219,749,6009,0.858212680978532,8175,32455,405,818,52,4380,20,1054,40,20
"1112","2020-05-05",298,13,224,714,6009,0.858212680978532,8175,32455,405,818,55,4435,19,1073,36,19
"1113","2020-05-06",275,13,218,661,6009,0.858212680978532,8175,32455,405,818,32,4467,21,1094,23,21
"1114","2020-05-07",259,13,218,618,6009,0.858212680978532,8175,32455,405,818,44,4511,14,1108,22,14
"1115","2020-05-08",217,13,201,592,6009,0.858212680978532,8175,32455,405,818,51,4562,20,1128,31,20
"1116","2020-05-09",209,13,199,550,6009,0.858212680978532,8175,32455,405,818,32,4594,9,1137,20,9
"1117","2020-05-10",183,13,202,512,6009,0.858212680978532,8175,32455,405,818,36,4630,39,1176,27,39
"1118","2020-05-11",177,13,197,476,6009,0.858212680978532,8175,32455,405,818,49,4679,22,1198,35,22
"1119","2020-05-12",171,13,170,459,6009,0.858212680978532,8175,32455,405,818,32,4711,16,1214,18,16
"1120","2020-05-13",164,13,154,433,6009,0.858212680978532,8175,32455,405,818,33,4744,19,1233,23,19
"1121","2020-05-14",149,13,159,400,6009,0.858212680978532,8175,32455,405,818,28,4772,25,1258,19,25
"1122","2020-05-15",140,13,182,379,6009,0.858212680978532,8175,32455,405,818,19,4791,22,1280,12,22
"1123","2020-05-16",139,13,186,354,6009,0.858212680978532,8175,32455,405,818,32,4823,31,1311,19,31
"1124","2020-05-17",129,13,191,328,6009,0.858212680978532,8175,32455,405,818,34,4857,22,1333,24,22
"1125","2020-05-18",115,13,192,310,6009,0.858212680978532,8175,32455,405,818,40,4897,26,1359,22,26
"1126","2020-05-19",108,13,195,303,6009,0.858212680978532,8175,32455,405,818,23,4920,35,1394,13,35
"1127","2020-05-20",111,13,205,280,6009,0.858212680978532,8175,32455,405,818,14,4934,19,1413,9,19
"1128","2020-05-21",114,13,196,258,6009,0.858212680978532,8175,32455,405,818,26,4960,16,1429,14,16
"1129","2020-05-22",108,13,182,243,6009,0.858212680978532,8175,32455,405,818,25,4985,20,1449,11,20
"1130","2020-05-23",103,13,183,235,6009,0.858212680978532,8175,32455,405,818,32,5017,9,1458,16,9
"1131","2020-05-24",96,13,180,221,6009,0.858212680978532,8175,32455,405,818,24,5041,10,1468,14,10
"1132","2020-05-25",89,13,174,204,6009,0.858212680978532,8175,32455,405,818,18,5059,15,1483,8,15
"1133","2020-05-26",81,13,167,183,6009,0.858212680978532,8175,32455,405,818,23,5082,18,1501,11,18
"1134","2020-05-27",75,13,172,165,6009,0.858212680978532,8175,32455,405,818,13,5095,9,1510,7,9
"1135","2020-05-28",69,13,178,151,6009,0.858212680978532,8175,32455,405,818,9,5104,13,1523,7,13
"1136","2020-05-29",71,13,187,145,6009,0.858212680978532,8175,32455,405,818,16,5120,8,1531,12,8
"1137","2020-05-30",68,13,193,140,6009,0.858212680978532,8175,32455,405,818,18,5138,7,1538,7,7
"1138","2020-05-31",57,13,188,131,6009,0.858212680978532,8175,32455,405,818,20,5158,4,1542,10,4
"1139","2020-06-01",54,13,188,119,6009,0.858212680978532,8175,32455,405,818,14,5172,4,1546,8,4
"1140","2020-06-02",51,13,181,113,6009,0.858212680978532,8175,32455,405,818,23,5195,1,1547,9,1
"1141","2020-06-03",49,13,175,105,6009,0.858212680978532,8175,32455,405,818,19,5214,1,1548,9,1
"1142","2020-06-04",43,13,165,93,6009,0.858212680978532,8175,32455,405,818,9,5223,10,1558,6,10
"1143","2020-06-05",41,13,150,81,6009,0.858212680978532,8175,32455,405,818,15,5238,17,1575,4,17
"1144","2020-06-06",33,13,153,73,6009,0.858212680978532,8175,32455,405,818,10,5248,15,1590,5,15
"1145","2020-06-07",32,13,153,66,6009,0.858212680978532,8175,32455,405,818,12,5260,9,1599,5,9
"1146","2020-03-14",2,14,85,87,6189,0.86508321215059,8325,32993,364,1323,28,107,18,111,15,18
"1147","2020-03-15",10,14,96,135,6189,0.86508321215059,8325,32993,364,1323,45,152,12,123,26,12
"1148","2020-03-16",14,14,100,181,6189,0.86508321215059,8325,32993,364,1323,48,200,5,128,33,5
"1149","2020-03-17",18,14,80,227,6189,0.86508321215059,8325,32993,364,1323,51,251,6,134,32,6
"1150","2020-03-18",31,14,81,277,6189,0.86508321215059,8325,32993,364,1323,46,297,28,162,30,28
"1151","2020-03-19",45,14,84,329,6189,0.86508321215059,8325,32993,364,1323,55,352,23,185,33,23
"1152","2020-03-20",68,14,100,371,6189,0.86508321215059,8325,32993,364,1323,68,420,27,212,56,27
"1153","2020-03-21",91,14,105,435,6189,0.86508321215059,8325,32993,364,1323,53,473,47,259,34,47
"1154","2020-03-22",99,14,118,495,6189,0.86508321215059,8325,32993,364,1323,60,533,54,313,48,54
"1155","2020-03-23",104,14,147,566,6189,0.86508321215059,8325,32993,364,1323,65,598,32,345,48,32
"1156","2020-03-24",121,14,153,624,6189,0.86508321215059,8325,32993,364,1323,68,666,37,382,53,37
"1157","2020-03-25",128,14,183,713,6189,0.86508321215059,8325,32993,364,1323,92,758,50,432,70,50
"1158","2020-03-26",142,14,180,799,6189,0.86508321215059,8325,32993,364,1323,96,854,49,481,76,49
"1159","2020-03-27",175,14,195,894,6189,0.86508321215059,8325,32993,364,1323,108,962,24,505,83,24
"1160","2020-03-28",255,14,202,976,6189,0.86508321215059,8325,32993,364,1323,103,1065,40,545,80,40
"1161","2020-03-29",255,14,190,1079,6189,0.86508321215059,8325,32993,364,1323,90,1155,29,574,76,29
"1162","2020-03-30",263,14,187,1153,6189,0.86508321215059,8325,32993,364,1323,102,1257,48,622,83,48
"1163","2020-03-31",274,14,185,1269,6189,0.86508321215059,8325,32993,364,1323,102,1359,20,642,75,20
"1164","2020-04-01",302,14,191,1314,6189,0.86508321215059,8325,32993,364,1323,95,1454,13,655,77,13
"1165","2020-04-02",326,14,186,1386,6189,0.86508321215059,8325,32993,364,1323,112,1566,39,694,86,39
"1166","2020-04-03",423,14,172,1452,6189,0.86508321215059,8325,32993,364,1323,119,1685,34,728,105,34
"1167","2020-04-04",408,14,164,1516,6189,0.86508321215059,8325,32993,364,1323,105,1790,23,751,89,23
"1168","2020-04-05",480,14,156,1575,6189,0.86508321215059,8325,32993,364,1323,111,1901,11,762,96,11
"1169","2020-04-06",479,14,153,1629,6189,0.86508321215059,8325,32993,364,1323,100,2001,36,798,83,36
"1170","2020-04-07",501,14,151,1691,6189,0.86508321215059,8325,32993,364,1323,96,2097,18,816,78,18
"1171","2020-04-08",512,14,165,1706,6189,0.86508321215059,8325,32993,364,1323,126,2223,11,827,99,11
"1172","2020-04-09",518,14,199,1717,6189,0.86508321215059,8325,32993,364,1323,92,2315,11,838,78,11
"1173","2020-04-10",634,14,195,1748,6189,0.86508321215059,8325,32993,364,1323,121,2436,48,886,92,48
"1174","2020-04-11",646,14,188,1803,6189,0.86508321215059,8325,32993,364,1323,99,2535,24,910,82,24
"1175","2020-04-12",580,14,197,1762,6189,0.86508321215059,8325,32993,364,1323,120,2655,20,930,94,20
"1176","2020-04-13",609,14,217,1737,6189,0.86508321215059,8325,32993,364,1323,102,2757,15,945,79,15
"1177","2020-04-14",597,14,223,1740,6189,0.86508321215059,8325,32993,364,1323,94,2851,9,954,78,9
"1178","2020-04-15",596,14,210,1709,6189,0.86508321215059,8325,32993,364,1323,85,2936,23,977,64,23
"1179","2020-04-16",610,14,197,1636,6189,0.86508321215059,8325,32993,364,1323,95,3031,13,990,73,13
"1180","2020-04-17",634,14,182,1592,6189,0.86508321215059,8325,32993,364,1323,91,3122,48,1038,75,48
"1181","2020-04-18",616,14,170,1533,6189,0.86508321215059,8325,32993,364,1323,76,3198,31,1069,60,31
"1182","2020-04-19",558,14,168,1460,6189,0.86508321215059,8325,32993,364,1323,85,3283,49,1118,62,49
"1183","2020-04-20",533,14,171,1415,6189,0.86508321215059,8325,32993,364,1323,91,3374,33,1151,67,33
"1184","2020-04-21",505,14,167,1361,6189,0.86508321215059,8325,32993,364,1323,80,3454,23,1174,64,23
"1185","2020-04-22",491,14,176,1295,6189,0.86508321215059,8325,32993,364,1323,70,3524,27,1201,59,27
"1186","2020-04-23",475,14,189,1235,6189,0.86508321215059,8325,32993,364,1323,65,3589,17,1218,43,17
"1187","2020-04-24",433,14,216,1161,6189,0.86508321215059,8325,32993,364,1323,71,3660,18,1236,48,18
"1188","2020-04-25",426,14,233,1073,6189,0.86508321215059,8325,32993,364,1323,72,3732,46,1282,59,46
"1189","2020-04-26",405,14,199,998,6189,0.86508321215059,8325,32993,364,1323,63,3795,18,1300,48,18
"1190","2020-04-27",389,14,217,932,6189,0.86508321215059,8325,32993,364,1323,71,3866,16,1316,48,16
"1191","2020-04-28",376,14,201,877,6189,0.86508321215059,8325,32993,364,1323,67,3933,7,1323,52,7
"1192","2020-04-29",365,14,179,831,6189,0.86508321215059,8325,32993,364,1323,70,4003,10,1333,51,10
"1193","2020-04-30",332,14,176,752,6189,0.86508321215059,8325,32993,364,1323,65,4068,47,1380,48,47
"1194","2020-05-01",301,14,179,708,6189,0.86508321215059,8325,32993,364,1323,62,4130,38,1418,45,38
"1195","2020-05-02",282,14,182,670,6189,0.86508321215059,8325,32993,364,1323,69,4199,47,1465,54,47
"1196","2020-05-03",232,14,210,624,6189,0.86508321215059,8325,32993,364,1323,41,4240,20,1485,26,20
"1197","2020-05-04",219,14,205,570,6189,0.86508321215059,8325,32993,364,1323,52,4292,11,1496,34,11
"1198","2020-05-05",203,14,208,521,6189,0.86508321215059,8325,32993,364,1323,37,4329,8,1504,23,8
"1199","2020-05-06",190,14,194,477,6189,0.86508321215059,8325,32993,364,1323,48,4377,20,1524,27,20
"1200","2020-05-07",192,14,197,456,6189,0.86508321215059,8325,32993,364,1323,59,4436,55,1579,43,55
"1201","2020-05-08",167,14,199,436,6189,0.86508321215059,8325,32993,364,1323,48,4484,64,1643,34,64
"1202","2020-05-09",170,14,201,408,6189,0.86508321215059,8325,32993,364,1323,43,4527,38,1681,32,38
"1203","2020-05-10",163,14,198,389,6189,0.86508321215059,8325,32993,364,1323,51,4578,31,1712,41,31
"1204","2020-05-11",150,14,198,377,6189,0.86508321215059,8325,32993,364,1323,38,4616,17,1729,27,17
"1205","2020-05-12",139,14,173,339,6189,0.86508321215059,8325,32993,364,1323,41,4657,21,1750,32,21
"1206","2020-05-13",134,14,161,318,6189,0.86508321215059,8325,32993,364,1323,40,4697,22,1772,31,22
"1207","2020-05-14",120,14,152,303,6189,0.86508321215059,8325,32993,364,1323,39,4736,21,1793,27,21
"1208","2020-05-15",118,14,158,272,6189,0.86508321215059,8325,32993,364,1323,35,4771,25,1818,26,25
"1209","2020-05-16",115,14,175,272,6189,0.86508321215059,8325,32993,364,1323,35,4806,14,1832,27,14
"1210","2020-05-17",112,14,177,266,6189,0.86508321215059,8325,32993,364,1323,38,4844,14,1846,27,14
"1211","2020-05-18",101,14,171,247,6189,0.86508321215059,8325,32993,364,1323,30,4874,12,1858,21,12
"1212","2020-05-19",99,14,175,237,6189,0.86508321215059,8325,32993,364,1323,32,4906,50,1908,28,50
"1213","2020-05-20",91,14,179,238,6189,0.86508321215059,8325,32993,364,1323,31,4937,46,1954,21,46
"1214","2020-05-21",87,14,175,226,6189,0.86508321215059,8325,32993,364,1323,30,4967,30,1984,17,30
"1215","2020-05-22",71,14,162,214,6189,0.86508321215059,8325,32993,364,1323,20,4987,25,2009,15,25
"1216","2020-05-23",61,14,161,202,6189,0.86508321215059,8325,32993,364,1323,25,5012,41,2050,19,41
"1217","2020-05-24",55,14,156,196,6189,0.86508321215059,8325,32993,364,1323,30,5042,16,2066,24,16
"1218","2020-05-25",53,14,157,192,6189,0.86508321215059,8325,32993,364,1323,31,5073,33,2099,21,33
"1219","2020-05-26",52,14,140,186,6189,0.86508321215059,8325,32993,364,1323,21,5094,27,2126,10,27
"1220","2020-05-27",52,14,154,185,6189,0.86508321215059,8325,32993,364,1323,20,5114,42,2168,14,42
"1221","2020-05-28",54,14,160,180,6189,0.86508321215059,8325,32993,364,1323,19,5133,53,2221,16,53
"1222","2020-05-29",56,14,178,171,6189,0.86508321215059,8325,32993,364,1323,14,5147,34,2255,9,34
"1223","2020-05-30",57,14,170,175,6189,0.86508321215059,8325,32993,364,1323,19,5166,21,2276,16,21
"1224","2020-05-31",54,14,183,167,6189,0.86508321215059,8325,32993,364,1323,26,5192,17,2293,21,17
"1225","2020-06-01",53,14,192,166,6189,0.86508321215059,8325,32993,364,1323,17,5209,16,2309,14,16
"1226","2020-06-02",51,14,180,160,6189,0.86508321215059,8325,32993,364,1323,20,5229,32,2341,17,32
"1227","2020-06-03",51,14,175,147,6189,0.86508321215059,8325,32993,364,1323,21,5250,15,2356,15,15
"1228","2020-06-04",47,14,181,138,6189,0.86508321215059,8325,32993,364,1323,19,5269,19,2375,15,19
"1229","2020-06-05",45,14,166,128,6189,0.86508321215059,8325,32993,364,1323,12,5281,10,2385,7,10
"1230","2020-06-06",47,14,180,121,6189,0.86508321215059,8325,32993,364,1323,19,5300,7,2392,15,7
"1231","2020-06-07",41,14,175,117,6189,0.86508321215059,8325,32993,364,1323,10,5310,30,2422,6,30
"1232","2020-03-07",1,15,0,0,6404,0.500624609618988,8370,37097,379,1352,NA,NA,NA,NA,NA,NA
"1233","2020-03-08",1,15,0,0,6404,0.500624609618988,8370,37097,379,1352,NA,NA,NA,NA,NA,NA
"1234","2020-03-09",0,15,0,0,6404,0.500624609618988,8370,37097,379,1352,NA,NA,NA,NA,NA,NA
"1235","2020-03-10",0,15,0,0,6404,0.500624609618988,8370,37097,379,1352,NA,NA,NA,NA,NA,NA
"1236","2020-03-11",0,15,0,0,6404,0.500624609618988,8370,37097,379,1352,40,40,3,3,1,3
"1237","2020-03-12",1,15,88,101,6404,0.500624609618988,8370,37097,379,1352,32,72,17,20,1,17
"1238","2020-03-13",4,15,120,143,6404,0.500624609618988,8370,37097,379,1352,53,125,19,39,3,19
"1239","2020-03-14",15,15,126,195,6404,0.500624609618988,8370,37097,379,1352,44,169,14,53,3,14
"1240","2020-03-15",23,15,115,259,6404,0.500624609618988,8370,37097,379,1352,53,222,12,65,10,12
"1241","2020-03-16",30,15,107,346,6404,0.500624609618988,8370,37097,379,1352,48,270,7,72,13,7
"1242","2020-03-17",31,15,120,404,6404,0.500624609618988,8370,37097,379,1352,63,333,18,90,23,18
"1243","2020-03-18",44,15,149,465,6404,0.500624609618988,8370,37097,379,1352,56,389,13,103,22,13
"1244","2020-03-19",63,15,168,531,6404,0.500624609618988,8370,37097,379,1352,83,472,22,125,37,22
"1245","2020-03-20",104,15,240,599,6404,0.500624609618988,8370,37097,379,1352,77,549,17,142,22,17
"1246","2020-03-21",146,15,288,665,6404,0.500624609618988,8370,37097,379,1352,84,633,16,158,25,16
"1247","2020-03-22",175,15,290,723,6404,0.500624609618988,8370,37097,379,1352,81,714,27,185,40,27
"1248","2020-03-23",174,15,296,782,6404,0.500624609618988,8370,37097,379,1352,91,805,22,207,48,22
"1249","2020-03-24",183,15,264,840,6404,0.500624609618988,8370,37097,379,1352,87,892,21,228,43,21
"1250","2020-03-25",198,15,281,911,6404,0.500624609618988,8370,37097,379,1352,83,975,19,247,38,19
"1251","2020-03-26",219,15,290,960,6404,0.500624609618988,8370,37097,379,1352,86,1061,30,277,49,30
"1252","2020-03-27",289,15,272,1022,6404,0.500624609618988,8370,37097,379,1352,97,1158,29,306,46,29
"1253","2020-03-28",298,15,255,1031,6404,0.500624609618988,8370,37097,379,1352,76,1234,25,331,41,25
"1254","2020-03-29",299,15,214,1062,6404,0.500624609618988,8370,37097,379,1352,87,1321,21,352,41,21
"1255","2020-03-30",312,15,197,1071,6404,0.500624609618988,8370,37097,379,1352,93,1414,16,368,43,16
"1256","2020-03-31",323,15,165,1081,6404,0.500624609618988,8370,37097,379,1352,97,1511,26,394,58,26
"1257","2020-04-01",343,15,139,1096,6404,0.500624609618988,8370,37097,379,1352,89,1600,22,416,41,22
"1258","2020-04-02",349,15,141,1109,6404,0.500624609618988,8370,37097,379,1352,104,1704,18,434,54,18
"1259","2020-04-03",378,15,118,1133,6404,0.500624609618988,8370,37097,379,1352,99,1803,13,447,48,13
"1260","2020-04-04",383,15,117,1140,6404,0.500624609618988,8370,37097,379,1352,84,1887,18,465,48,18
"1261","2020-04-05",392,15,117,1118,6404,0.500624609618988,8370,37097,379,1352,93,1980,34,499,38,34
"1262","2020-04-06",385,15,132,1134,6404,0.500624609618988,8370,37097,379,1352,96,2076,21,520,47,21
"1263","2020-04-07",368,15,194,1123,6404,0.500624609618988,8370,37097,379,1352,107,2183,26,546,51,26
"1264","2020-04-08",354,15,209,1129,6404,0.500624609618988,8370,37097,379,1352,86,2269,33,579,43,33
"1265","2020-04-09",341,15,282,1129,6404,0.500624609618988,8370,37097,379,1352,88,2357,17,596,33,17
"1266","2020-04-10",371,15,248,1131,6404,0.500624609618988,8370,37097,379,1352,102,2459,11,607,62,11
"1267","2020-04-11",390,15,258,1109,6404,0.500624609618988,8370,37097,379,1352,100,2559,36,643,45,36
"1268","2020-04-12",367,15,261,1100,6404,0.500624609618988,8370,37097,379,1352,82,2641,20,663,40,20
"1269","2020-04-13",359,15,278,1137,6404,0.500624609618988,8370,37097,379,1352,103,2744,22,685,52,22
"1270","2020-04-14",344,15,289,1149,6404,0.500624609618988,8370,37097,379,1352,101,2845,18,703,40,18
"1271","2020-04-15",350,15,334,1137,6404,0.500624609618988,8370,37097,379,1352,85,2930,37,740,40,37
"1272","2020-04-16",355,15,355,1136,6404,0.500624609618988,8370,37097,379,1352,78,3008,24,764,37,24
"1273","2020-04-17",401,15,341,1133,6404,0.500624609618988,8370,37097,379,1352,104,3112,25,789,59,25
"1274","2020-04-18",400,15,298,1109,6404,0.500624609618988,8370,37097,379,1352,73,3185,13,802,30,13
"1275","2020-04-19",366,15,283,1104,6404,0.500624609618988,8370,37097,379,1352,74,3259,14,816,27,14
"1276","2020-04-20",370,15,241,1078,6404,0.500624609618988,8370,37097,379,1352,80,3339,15,831,29,15
"1277","2020-04-21",365,15,209,1081,6404,0.500624609618988,8370,37097,379,1352,82,3421,9,840,37,9
"1278","2020-04-22",358,15,178,1055,6404,0.500624609618988,8370,37097,379,1352,61,3482,19,859,23,19
"1279","2020-04-23",358,15,160,1006,6404,0.500624609618988,8370,37097,379,1352,95,3577,35,894,42,35
"1280","2020-04-24",347,15,139,973,6404,0.500624609618988,8370,37097,379,1352,78,3655,47,941,28,47
"1281","2020-04-25",323,15,138,955,6404,0.500624609618988,8370,37097,379,1352,62,3717,57,998,25,57
"1282","2020-04-26",320,15,142,934,6404,0.500624609618988,8370,37097,379,1352,65,3782,34,1032,27,35
"1283","2020-04-27",320,15,200,907,6404,0.500624609618988,8370,37097,379,1352,66,3848,23,1055,33,23
"1284","2020-04-28",324,15,254,874,6404,0.500624609618988,8370,37097,379,1352,82,3930,38,1093,24,38
"1285","2020-04-29",313,15,298,853,6404,0.500624609618988,8370,37097,379,1352,66,3996,29,1122,36,29
"1286","2020-04-30",294,15,292,835,6404,0.500624609618988,8370,37097,379,1352,57,4053,19,1141,22,19
"1287","2020-05-01",267,15,293,816,6404,0.500624609618988,8370,37097,379,1352,62,4115,4,1145,24,4
"1288","2020-05-02",270,15,313,796,6404,0.500624609618988,8370,37097,379,1352,65,4180,16,1161,25,16
"1289","2020-05-03",245,15,299,765,6404,0.500624609618988,8370,37097,379,1352,57,4237,23,1184,28,23
"1290","2020-05-04",233,15,304,750,6404,0.500624609618988,8370,37097,379,1352,52,4289,21,1205,19,21
"1291","2020-05-05",216,15,293,698,6404,0.500624609618988,8370,37097,379,1352,40,4329,13,1218,19,13
"1292","2020-05-06",220,15,274,704,6404,0.500624609618988,8370,37097,379,1352,45,4374,37,1255,16,37
"1293","2020-05-07",243,15,237,708,6404,0.500624609618988,8370,37097,379,1352,52,4426,31,1286,15,31
"1294","2020-05-08",244,15,223,681,6404,0.500624609618988,8370,37097,379,1352,50,4476,29,1315,20,29
"1295","2020-05-09",263,15,232,675,6404,0.500624609618988,8370,37097,379,1352,49,4525,41,1356,16,41
"1296","2020-05-10",232,15,243,650,6404,0.500624609618988,8370,37097,379,1352,49,4574,27,1383,23,27
"1297","2020-05-11",212,15,208,616,6404,0.500624609618988,8370,37097,379,1352,46,4620,37,1420,6,37
"1298","2020-05-12",217,15,197,595,6404,0.500624609618988,8370,37097,379,1352,43,4663,41,1461,13,41
"1299","2020-05-13",211,15,185,578,6404,0.500624609618988,8370,37097,379,1352,45,4708,42,1503,14,42
"1300","2020-05-14",189,15,175,572,6404,0.500624609618988,8370,37097,379,1352,49,4757,39,1542,18,39
"1301","2020-05-15",207,15,167,561,6404,0.500624609618988,8370,37097,379,1352,33,4790,48,1590,17,48
"1302","2020-05-16",194,15,164,552,6404,0.500624609618988,8370,37097,379,1352,30,4820,53,1643,10,53
"1303","2020-05-17",192,15,172,529,6404,0.500624609618988,8370,37097,379,1352,50,4870,53,1696,16,53
"1304","2020-05-18",193,15,162,506,6404,0.500624609618988,8370,37097,379,1352,34,4904,39,1735,14,39
"1305","2020-05-19",190,15,157,495,6404,0.500624609618988,8370,37097,379,1352,33,4937,33,1768,9,33
"1306","2020-05-20",183,15,154,470,6404,0.500624609618988,8370,37097,379,1352,36,4973,16,1784,11,16
"1307","2020-05-21",178,15,162,460,6404,0.500624609618988,8370,37097,379,1352,33,5006,34,1818,13,34
"1308","2020-05-22",156,15,200,447,6404,0.500624609618988,8370,37097,379,1352,33,5039,34,1852,15,34
"1309","2020-05-23",155,15,211,431,6404,0.500624609618988,8370,37097,379,1352,35,5074,33,1885,6,33
"1310","2020-05-24",139,15,227,403,6404,0.500624609618988,8370,37097,379,1352,22,5096,29,1914,3,29
"1311","2020-05-25",125,15,219,385,6404,0.500624609618988,8370,37097,379,1352,24,5120,24,1938,8,24
"1312","2020-05-26",117,15,226,375,6404,0.500624609618988,8370,37097,379,1352,25,5145,10,1948,10,10
"1313","2020-05-27",120,15,263,368,6404,0.500624609618988,8370,37097,379,1352,22,5167,13,1961,11,13
"1314","2020-05-28",119,15,274,360,6404,0.500624609618988,8370,37097,379,1352,19,5186,10,1971,7,10
"1315","2020-05-29",116,15,248,345,6404,0.500624609618988,8370,37097,379,1352,16,5202,8,1979,6,8
"1316","2020-05-30",105,15,231,345,6404,0.500624609618988,8370,37097,379,1352,20,5222,17,1996,8,17
"1317","2020-05-31",109,15,248,339,6404,0.500624609618988,8370,37097,379,1352,14,5236,21,2017,5,21
"1318","2020-06-01",110,15,279,342,6404,0.500624609618988,8370,37097,379,1352,16,5252,36,2053,4,36
"1319","2020-06-02",104,15,269,327,6404,0.500624609618988,8370,37097,379,1352,10,5262,16,2069,1,16
"1320","2020-06-03",100,15,240,312,6404,0.500624609618988,8370,37097,379,1352,16,5278,7,2076,4,7
"1321","2020-06-04",94,15,193,292,6404,0.500624609618988,8370,37097,379,1352,15,5293,12,2088,5,12
"1322","2020-06-05",89,15,181,279,6404,0.500624609618988,8370,37097,379,1352,16,5309,11,2099,5,11
"1323","2020-06-06",91,15,166,255,6404,0.500624609618988,8370,37097,379,1352,8,5317,28,2127,3,28
"1324","2020-06-07",91,15,142,242,6404,0.500624609618988,8370,37097,379,1352,12,5329,10,2137,4,10
"1325","2020-03-13",3,16,51,43,6135,0.849225753871231,8265,32695,323,1278,47,109,26,63,6,26
"1326","2020-03-14",6,16,78,60,6135,0.849225753871231,8265,32695,323,1278,46,155,35,98,14,35
"1327","2020-03-15",4,16,95,104,6135,0.849225753871231,8265,32695,323,1278,46,201,20,118,15,20
"1328","2020-03-16",6,16,105,131,6135,0.849225753871231,8265,32695,323,1278,48,249,23,141,26,23
"1329","2020-03-17",10,16,135,152,6135,0.849225753871231,8265,32695,323,1278,52,301,19,160,23,19
"1330","2020-03-18",13,16,145,199,6135,0.849225753871231,8265,32695,323,1278,79,380,14,174,45,14
"1331","2020-03-19",22,16,153,239,6135,0.849225753871231,8265,32695,323,1278,71,451,56,230,38,56
"1332","2020-03-20",36,16,172,279,6135,0.849225753871231,8265,32695,323,1278,67,518,39,269,39,39
"1333","2020-03-21",46,16,169,340,6135,0.849225753871231,8265,32695,323,1278,72,590,64,333,47,64
"1334","2020-03-22",66,16,159,394,6135,0.849225753871231,8265,32695,323,1278,88,678,68,401,57,68
"1335","2020-03-23",86,16,164,456,6135,0.849225753871231,8265,32695,323,1278,99,777,39,440,63,39
"1336","2020-03-24",101,16,150,493,6135,0.849225753871231,8265,32695,323,1278,92,869,56,496,61,56
"1337","2020-03-25",119,16,160,563,6135,0.849225753871231,8265,32695,323,1278,104,973,36,532,75,36
"1338","2020-03-26",137,16,185,646,6135,0.849225753871231,8265,32695,323,1278,115,1088,44,576,84,44
"1339","2020-03-27",184,16,177,716,6135,0.849225753871231,8265,32695,323,1278,118,1206,31,607,78,31
"1340","2020-03-28",237,16,196,790,6135,0.849225753871231,8265,32695,323,1278,100,1306,34,641,68,34
"1341","2020-03-29",249,16,194,839,6135,0.849225753871231,8265,32695,323,1278,103,1409,47,688,78,47
"1342","2020-03-30",244,16,210,903,6135,0.849225753871231,8265,32695,323,1278,87,1496,62,750,66,62
"1343","2020-03-31",251,16,197,987,6135,0.849225753871231,8265,32695,323,1278,102,1598,61,811,72,61
"1344","2020-04-01",264,16,201,1061,6135,0.849225753871231,8265,32695,323,1278,102,1700,44,855,77,44
"1345","2020-04-02",272,16,201,1109,6135,0.849225753871231,8265,32695,323,1278,121,1821,42,897,88,42
"1346","2020-04-03",354,16,211,1197,6135,0.849225753871231,8265,32695,323,1278,127,1948,53,950,90,53
"1347","2020-04-04",396,16,196,1253,6135,0.849225753871231,8265,32695,323,1278,104,2052,60,1010,67,60
"1348","2020-04-05",364,16,178,1344,6135,0.849225753871231,8265,32695,323,1278,124,2176,55,1065,93,55
"1349","2020-04-06",364,16,187,1385,6135,0.849225753871231,8265,32695,323,1278,124,2300,47,1112,82,47
"1350","2020-04-07",390,16,197,1457,6135,0.849225753871231,8265,32695,323,1278,110,2410,32,1144,85,32
"1351","2020-04-08",399,16,194,1553,6135,0.849225753871231,8265,32695,323,1278,123,2533,37,1181,95,37
"1352","2020-04-09",427,16,196,1648,6135,0.849225753871231,8265,32695,323,1278,102,2635,54,1235,71,54
"1353","2020-04-10",540,16,188,1689,6135,0.849225753871231,8265,32695,323,1278,78,2713,52,1287,57,52
"1354","2020-04-11",543,16,174,1713,6135,0.849225753871231,8265,32695,323,1278,124,2837,33,1320,90,33
"1355","2020-04-12",546,16,165,1701,6135,0.849225753871231,8265,32695,323,1278,91,2928,39,1359,66,39
"1356","2020-04-13",555,16,200,1730,6135,0.849225753871231,8265,32695,323,1278,96,3024,30,1389,62,30
"1357","2020-04-14",535,16,211,1716,6135,0.849225753871231,8265,32695,323,1278,106,3130,33,1422,70,33
"1358","2020-04-15",555,16,193,1772,6135,0.849225753871231,8265,32695,323,1278,83,3213,20,1442,56,20
"1359","2020-04-16",560,16,199,1763,6135,0.849225753871231,8265,32695,323,1278,72,3285,60,1502,45,60
"1360","2020-04-17",631,16,186,1734,6135,0.849225753871231,8265,32695,323,1278,109,3394,50,1552,69,50
"1361","2020-04-18",602,16,192,1711,6135,0.849225753871231,8265,32695,323,1278,84,3478,60,1612,55,60
"1362","2020-04-19",540,16,201,1719,6135,0.849225753871231,8265,32695,323,1278,81,3559,30,1642,54,30
"1363","2020-04-20",554,16,198,1660,6135,0.849225753871231,8265,32695,323,1278,80,3639,73,1715,49,73
"1364","2020-04-21",575,16,184,1600,6135,0.849225753871231,8265,32695,323,1278,93,3732,50,1765,66,50
"1365","2020-04-22",573,16,197,1562,6135,0.849225753871231,8265,32695,323,1278,90,3822,57,1822,60,57
"1366","2020-04-23",568,16,172,1492,6135,0.849225753871231,8265,32695,323,1278,85,3907,43,1865,64,43
"1367","2020-04-24",545,16,186,1411,6135,0.849225753871231,8265,32695,323,1278,70,3977,44,1909,44,44
"1368","2020-04-25",550,16,221,1347,6135,0.849225753871231,8265,32695,323,1278,74,4051,47,1956,43,47
"1369","2020-04-26",534,16,204,1298,6135,0.849225753871231,8265,32695,323,1278,63,4114,45,2001,38,45
"1370","2020-04-27",496,16,186,1236,6135,0.849225753871231,8265,32695,323,1278,74,4188,36,2037,43,36
"1371","2020-04-28",472,16,191,1159,6135,0.849225753871231,8265,32695,323,1278,66,4254,51,2088,34,51
"1372","2020-04-29",455,16,211,1074,6135,0.849225753871231,8265,32695,323,1278,71,4325,48,2136,47,48
"1373","2020-04-30",419,16,207,1002,6135,0.849225753871231,8265,32695,323,1278,64,4389,45,2181,37,45
"1374","2020-05-01",379,16,214,930,6135,0.849225753871231,8265,32695,323,1278,57,4446,45,2226,29,45
"1375","2020-05-02",380,16,200,865,6135,0.849225753871231,8265,32695,323,1278,68,4514,29,2255,42,29
"1376","2020-05-03",338,16,193,788,6135,0.849225753871231,8265,32695,323,1278,51,4565,23,2278,22,23
"1377","2020-05-04",328,16,198,755,6135,0.849225753871231,8265,32695,323,1278,52,4617,35,2313,33,35
"1378","2020-05-05",312,16,224,697,6135,0.849225753871231,8265,32695,323,1278,42,4659,25,2338,20,25
"1379","2020-05-06",294,16,263,638,6135,0.849225753871231,8265,32695,323,1278,47,4706,30,2368,29,30
"1380","2020-05-07",287,16,276,597,6135,0.849225753871231,8265,32695,323,1278,35,4741,26,2394,15,26
"1381","2020-05-08",247,16,242,550,6135,0.849225753871231,8265,32695,323,1278,53,4794,27,2421,31,27
"1382","2020-05-09",216,16,229,515,6135,0.849225753871231,8265,32695,323,1278,36,4830,17,2438,23,17
"1383","2020-05-10",189,16,229,500,6135,0.849225753871231,8265,32695,323,1278,38,4868,24,2462,17,24
"1384","2020-05-11",170,16,213,456,6135,0.849225753871231,8265,32695,323,1278,42,4910,59,2521,23,59
"1385","2020-05-12",163,16,190,421,6135,0.849225753871231,8265,32695,323,1278,48,4958,62,2583,28,62
"1386","2020-05-13",152,16,164,390,6135,0.849225753871231,8265,32695,323,1278,34,4992,39,2622,19,39
"1387","2020-05-14",140,16,165,362,6135,0.849225753871231,8265,32695,323,1278,35,5027,53,2675,21,53
"1388","2020-05-15",129,16,178,337,6135,0.849225753871231,8265,32695,323,1278,32,5059,38,2713,15,38
"1389","2020-05-16",127,16,186,315,6135,0.849225753871231,8265,32695,323,1278,28,5087,51,2764,15,51
"1390","2020-05-17",130,16,182,281,6135,0.849225753871231,8265,32695,323,1278,30,5117,52,2816,13,52
"1391","2020-05-18",125,16,200,263,6135,0.849225753871231,8265,32695,323,1278,30,5147,60,2876,17,60
"1392","2020-05-19",102,16,211,247,6135,0.849225753871231,8265,32695,323,1278,31,5178,41,2917,19,41
"1393","2020-05-20",95,16,209,235,6135,0.849225753871231,8265,32695,323,1278,32,5210,34,2951,22,34
"1394","2020-05-21",98,16,201,219,6135,0.849225753871231,8265,32695,323,1278,17,5227,40,2991,9,40
"1395","2020-05-22",92,16,187,212,6135,0.849225753871231,8265,32695,323,1278,23,5250,29,3020,11,29
"1396","2020-05-23",93,16,198,204,6135,0.849225753871231,8265,32695,323,1278,24,5274,34,3054,9,34
"1397","2020-05-24",73,16,184,193,6135,0.849225753871231,8265,32695,323,1278,22,5296,39,3093,6,39
"1398","2020-05-25",70,16,175,185,6135,0.849225753871231,8265,32695,323,1278,17,5313,33,3126,10,33
"1399","2020-05-26",69,16,146,165,6135,0.849225753871231,8265,32695,323,1278,23,5336,31,3157,14,31
"1400","2020-05-27",71,16,134,159,6135,0.849225753871231,8265,32695,323,1278,24,5360,33,3190,14,33
"1401","2020-05-28",63,16,146,147,6135,0.849225753871231,8265,32695,323,1278,16,5376,32,3222,9,32
"1402","2020-05-29",60,16,155,145,6135,0.849225753871231,8265,32695,323,1278,23,5399,29,3251,13,29
"1403","2020-05-30",50,16,159,129,6135,0.849225753871231,8265,32695,323,1278,14,5413,31,3282,9,31
"1404","2020-05-31",48,16,186,111,6135,0.849225753871231,8265,32695,323,1278,20,5433,41,3323,11,41
"1405","2020-06-01",42,16,197,97,6135,0.849225753871231,8265,32695,323,1278,16,5449,42,3365,6,42
"1406","2020-06-02",37,16,194,89,6135,0.849225753871231,8265,32695,323,1278,16,5465,37,3402,9,37
"1407","2020-06-03",30,16,210,82,6135,0.849225753871231,8265,32695,323,1278,13,5478,46,3448,7,46
"1408","2020-06-04",30,16,213,78,6135,0.849225753871231,8265,32695,323,1278,8,5486,47,3495,3,47
"1409","2020-06-05",27,16,208,69,6135,0.849225753871231,8265,32695,323,1278,7,5493,39,3534,5,39
"1410","2020-06-06",27,16,209,64,6135,0.849225753871231,8265,32695,323,1278,17,5510,30,3564,9,30
"1411","2020-06-07",26,16,208,61,6135,0.849225753871231,8265,32695,323,1278,9,5519,32,3596,3,32
"1412","2020-03-13",3,17,73,78,5934,0.661779575328615,8310,34661,314,1011,14,32,27,57,7,27
"1413","2020-03-14",13,17,103,110,5934,0.661779575328615,8310,34661,314,1011,16,48,42,99,13,42
"1414","2020-03-15",14,17,110,144,5934,0.661779575328615,8310,34661,314,1011,24,72,22,121,17,22
"1415","2020-03-16",14,17,120,183,5934,0.661779575328615,8310,34661,314,1011,12,84,23,144,12,23
"1416","2020-03-17",24,17,131,219,5934,0.661779575328615,8310,34661,314,1011,21,105,21,165,16,21
"1417","2020-03-18",29,17,162,267,5934,0.661779575328615,8310,34661,314,1011,34,139,36,201,28,36
"1418","2020-03-19",41,17,153,349,5934,0.661779575328615,8310,34661,314,1011,47,186,21,222,37,21
"1419","2020-03-20",58,17,143,399,5934,0.661779575328615,8310,34661,314,1011,35,221,29,251,33,29
"1420","2020-03-21",77,17,118,469,5934,0.661779575328615,8310,34661,314,1011,57,278,25,276,53,25
"1421","2020-03-22",100,17,115,536,5934,0.661779575328615,8310,34661,314,1011,54,332,41,317,50,41
"1422","2020-03-23",114,17,103,614,5934,0.661779575328615,8310,34661,314,1011,71,403,15,332,64,15
"1423","2020-03-24",126,17,114,670,5934,0.661779575328615,8310,34661,314,1011,68,471,32,364,65,32
"1424","2020-03-25",149,17,103,733,5934,0.661779575328615,8310,34661,314,1011,84,555,20,384,74,20
"1425","2020-03-26",159,17,95,803,5934,0.661779575328615,8310,34661,314,1011,103,658,21,405,93,21
"1426","2020-03-27",211,17,100,851,5934,0.661779575328615,8310,34661,314,1011,96,754,27,432,90,27
"1427","2020-03-28",256,17,123,892,5934,0.661779575328615,8310,34661,314,1011,100,854,14,446,94,14
"1428","2020-03-29",280,17,127,960,5934,0.661779575328615,8310,34661,314,1011,115,969,44,490,107,44
"1429","2020-03-30",281,17,119,1005,5934,0.661779575328615,8310,34661,314,1011,122,1091,39,529,115,39
"1430","2020-03-31",274,17,108,1051,5934,0.661779575328615,8310,34661,314,1011,104,1195,36,565,98,36
"1431","2020-04-01",289,17,139,1091,5934,0.661779575328615,8310,34661,314,1011,142,1337,45,610,137,45
"1432","2020-04-02",303,17,161,1154,5934,0.661779575328615,8310,34661,314,1011,135,1472,55,665,130,55
"1433","2020-04-03",392,17,204,1161,5934,0.661779575328615,8310,34661,314,1011,170,1642,51,716,163,51
"1434","2020-04-04",381,17,181,1184,5934,0.661779575328615,8310,34661,314,1011,134,1776,22,738,130,22
"1435","2020-04-05",353,17,181,1229,5934,0.661779575328615,8310,34661,314,1011,184,1960,24,762,173,24
"1436","2020-04-06",357,17,161,1276,5934,0.661779575328615,8310,34661,314,1011,172,2132,14,776,165,14
"1437","2020-04-07",364,17,157,1319,5934,0.661779575328615,8310,34661,314,1011,152,2284,25,801,149,25
"1438","2020-04-08",362,17,194,1334,5934,0.661779575328615,8310,34661,314,1011,173,2457,40,841,168,40
"1439","2020-04-09",378,17,216,1355,5934,0.661779575328615,8310,34661,314,1011,203,2660,47,888,200,47
"1440","2020-04-10",413,17,229,1373,5934,0.661779575328615,8310,34661,314,1011,164,2824,55,943,162,55
"1441","2020-04-11",468,17,223,1378,5934,0.661779575328615,8310,34661,314,1011,194,3018,58,1001,189,58
"1442","2020-04-12",469,17,243,1386,5934,0.661779575328615,8310,34661,314,1011,192,3210,47,1048,186,47
"1443","2020-04-13",468,17,251,1369,5934,0.661779575328615,8310,34661,314,1011,187,3397,30,1078,181,30
"1444","2020-04-14",469,17,251,1400,5934,0.661779575328615,8310,34661,314,1011,181,3578,50,1128,175,50
"1445","2020-04-15",477,17,233,1350,5934,0.661779575328615,8310,34661,314,1011,160,3738,24,1152,155,24
"1446","2020-04-16",469,17,253,1326,5934,0.661779575328615,8310,34661,314,1011,145,3883,17,1169,138,17
"1447","2020-04-17",542,17,251,1318,5934,0.661779575328615,8310,34661,314,1011,152,4035,17,1186,151,17
"1448","2020-04-18",495,17,234,1289,5934,0.661779575328615,8310,34661,314,1011,152,4187,15,1201,147,15
"1449","2020-04-19",436,17,223,1269,5934,0.661779575328615,8310,34661,314,1011,148,4335,16,1217,143,16
"1450","2020-04-20",424,17,199,1250,5934,0.661779575328615,8310,34661,314,1011,157,4492,10,1227,147,10
"1451","2020-04-21",420,17,182,1206,5934,0.661779575328615,8310,34661,314,1011,129,4621,12,1239,122,12
"1452","2020-04-22",410,17,210,1170,5934,0.661779575328615,8310,34661,314,1011,99,4720,27,1266,96,27
"1453","2020-04-23",403,17,276,1130,5934,0.661779575328615,8310,34661,314,1011,87,4807,53,1319,81,53
"1454","2020-04-24",379,17,281,1102,5934,0.661779575328615,8310,34661,314,1011,92,4899,50,1369,84,50
"1455","2020-04-25",367,17,261,1046,5934,0.661779575328615,8310,34661,314,1011,84,4983,23,1392,81,23
"1456","2020-04-26",351,17,229,1011,5934,0.661779575328615,8310,34661,314,1011,85,5068,19,1411,81,19
"1457","2020-04-27",349,17,250,954,5934,0.661779575328615,8310,34661,314,1011,78,5146,42,1453,77,42
"1458","2020-04-28",323,17,241,909,5934,0.661779575328615,8310,34661,314,1011,69,5215,51,1504,67,51
"1459","2020-04-29",311,17,213,875,5934,0.661779575328615,8310,34661,314,1011,61,5276,55,1559,56,55
"1460","2020-04-30",311,17,206,832,5934,0.661779575328615,8310,34661,314,1011,50,5326,32,1591,46,32
"1461","2020-05-01",274,17,224,796,5934,0.661779575328615,8310,34661,314,1011,48,5374,39,1630,45,39
"1462","2020-05-02",285,17,241,769,5934,0.661779575328615,8310,34661,314,1011,46,5420,56,1686,43,56
"1463","2020-05-03",260,17,246,731,5934,0.661779575328615,8310,34661,314,1011,70,5490,40,1726,66,40
"1464","2020-05-04",241,17,204,719,5934,0.661779575328615,8310,34661,314,1011,30,5520,27,1753,29,27
"1465","2020-05-05",235,17,189,676,5934,0.661779575328615,8310,34661,314,1011,28,5548,20,1773,25,20
"1466","2020-05-06",225,17,199,645,5934,0.661779575328615,8310,34661,314,1011,34,5582,16,1789,33,16
"1467","2020-05-07",208,17,223,613,5934,0.661779575328615,8310,34661,314,1011,35,5617,35,1824,33,35
"1468","2020-05-08",205,17,236,583,5934,0.661779575328615,8310,34661,314,1011,27,5644,26,1850,24,26
"1469","2020-05-09",206,17,251,572,5934,0.661779575328615,8310,34661,314,1011,34,5678,19,1869,31,19
"1470","2020-05-10",192,17,237,539,5934,0.661779575328615,8310,34661,314,1011,22,5700,13,1882,20,13
"1471","2020-05-11",181,17,244,516,5934,0.661779575328615,8310,34661,314,1011,30,5730,10,1892,26,10
"1472","2020-05-12",180,17,244,491,5934,0.661779575328615,8310,34661,314,1011,19,5749,23,1915,17,23
"1473","2020-05-13",183,17,227,481,5934,0.661779575328615,8310,34661,314,1011,24,5773,50,1965,24,50
"1474","2020-05-14",183,17,215,444,5934,0.661779575328615,8310,34661,314,1011,9,5782,45,2010,7,45
"1475","2020-05-15",180,17,222,427,5934,0.661779575328615,8310,34661,314,1011,21,5803,41,2051,20,41
"1476","2020-05-16",169,17,233,408,5934,0.661779575328615,8310,34661,314,1011,17,5820,31,2082,15,31
"1477","2020-05-17",147,17,222,386,5934,0.661779575328615,8310,34661,314,1011,14,5834,49,2131,13,49
"1478","2020-05-18",142,17,211,375,5934,0.661779575328615,8310,34661,314,1011,10,5844,48,2179,9,48
"1479","2020-05-19",135,17,186,355,5934,0.661779575328615,8310,34661,314,1011,13,5857,24,2203,10,24
"1480","2020-05-20",128,17,188,355,5934,0.661779575328615,8310,34661,314,1011,9,5866,18,2221,9,18
"1481","2020-05-21",119,17,228,322,5934,0.661779575328615,8310,34661,314,1011,14,5880,37,2258,11,37
"1482","2020-05-22",109,17,209,313,5934,0.661779575328615,8310,34661,314,1011,10,5890,27,2285,10,27
"1483","2020-05-23",118,17,200,292,5934,0.661779575328615,8310,34661,314,1011,14,5904,13,2298,11,13
"1484","2020-05-24",109,17,185,281,5934,0.661779575328615,8310,34661,314,1011,12,5916,22,2320,11,22
"1485","2020-05-25",102,17,167,261,5934,0.661779575328615,8310,34661,314,1011,12,5928,14,2334,6,14
"1486","2020-05-26",93,17,147,244,5934,0.661779575328615,8310,34661,314,1011,6,5934,11,2345,5,11
"1487","2020-05-27",84,17,141,231,5934,0.661779575328615,8310,34661,314,1011,13,5947,11,2356,12,11
"1488","2020-05-28",83,17,172,221,5934,0.661779575328615,8310,34661,314,1011,11,5958,25,2381,8,25
"1489","2020-05-29",86,17,178,208,5934,0.661779575328615,8310,34661,314,1011,4,5962,32,2413,3,32
"1490","2020-05-30",71,17,182,198,5934,0.661779575328615,8310,34661,314,1011,8,5970,17,2430,6,17
"1491","2020-05-31",69,17,162,181,5934,0.661779575328615,8310,34661,314,1011,9,5979,42,2472,8,42
"1492","2020-06-01",69,17,138,172,5934,0.661779575328615,8310,34661,314,1011,8,5987,25,2497,8,25
"1493","2020-06-02",61,17,154,168,5934,0.661779575328615,8310,34661,314,1011,9,5996,39,2536,9,39
"1494","2020-06-03",62,17,179,168,5934,0.661779575328615,8310,34661,314,1011,10,6006,32,2568,8,32
"1495","2020-06-04",60,17,181,169,5934,0.661779575328615,8310,34661,314,1011,6,6012,20,2588,5,20
"1496","2020-06-05",65,17,169,165,5934,0.661779575328615,8310,34661,314,1011,9,6021,18,2606,7,18
"1497","2020-06-06",67,17,168,162,5934,0.661779575328615,8310,34661,314,1011,9,6030,27,2633,7,27
"1498","2020-06-07",57,17,148,157,5934,0.661779575328615,8310,34661,314,1011,5,6035,14,2647,4,14
"1499","2020-03-14",4,18,85,65,5621,0.829923501156378,8235,31932,303,1247,10,38,21,99,5,21
"1500","2020-03-15",4,18,100,95,5621,0.829923501156378,8235,31932,303,1247,17,55,8,107,10,8
"1501","2020-03-16",5,18,95,124,5621,0.829923501156378,8235,31932,303,1247,21,76,5,112,10,5
"1502","2020-03-17",11,18,130,160,5621,0.829923501156378,8235,31932,303,1247,16,92,6,118,10,6
"1503","2020-03-18",19,18,125,210,5621,0.829923501156378,8235,31932,303,1247,23,115,10,128,22,10
"1504","2020-03-19",23,18,121,244,5621,0.829923501156378,8235,31932,303,1247,25,140,1,129,21,1
"1505","2020-03-20",32,18,160,294,5621,0.829923501156378,8235,31932,303,1247,28,168,2,131,17,2
"1506","2020-03-21",47,18,161,342,5621,0.829923501156378,8235,31932,303,1247,48,216,25,156,36,25
"1507","2020-03-22",75,18,150,399,5621,0.829923501156378,8235,31932,303,1247,39,255,40,196,34,40
"1508","2020-03-23",91,18,129,469,5621,0.829923501156378,8235,31932,303,1247,55,310,23,219,44,23
"1509","2020-03-24",95,18,110,527,5621,0.829923501156378,8235,31932,303,1247,45,355,18,237,39,18
"1510","2020-03-25",113,18,101,593,5621,0.829923501156378,8235,31932,303,1247,65,420,39,276,58,39
"1511","2020-03-26",139,18,89,668,5621,0.829923501156378,8235,31932,303,1247,60,480,23,299,49,23
"1512","2020-03-27",186,18,85,741,5621,0.829923501156378,8235,31932,303,1247,94,574,16,315,84,16
"1513","2020-03-28",212,18,87,805,5621,0.829923501156378,8235,31932,303,1247,75,649,10,325,66,10
"1514","2020-03-29",238,18,134,897,5621,0.829923501156378,8235,31932,303,1247,80,729,20,345,69,20
"1515","2020-03-30",247,18,165,939,5621,0.829923501156378,8235,31932,303,1247,101,830,22,367,96,22
"1516","2020-03-31",256,18,173,983,5621,0.829923501156378,8235,31932,303,1247,88,918,43,410,81,43
"1517","2020-04-01",273,18,214,1048,5621,0.829923501156378,8235,31932,303,1247,124,1042,21,431,111,21
"1518","2020-04-02",286,18,251,1101,5621,0.829923501156378,8235,31932,303,1247,138,1180,14,445,129,14
"1519","2020-04-03",386,18,237,1177,5621,0.829923501156378,8235,31932,303,1247,147,1327,36,481,138,36
"1520","2020-04-04",394,18,211,1238,5621,0.829923501156378,8235,31932,303,1247,185,1512,37,518,174,37
"1521","2020-04-05",394,18,176,1313,5621,0.829923501156378,8235,31932,303,1247,156,1668,14,532,149,14
"1522","2020-04-06",399,18,163,1348,5621,0.829923501156378,8235,31932,303,1247,159,1827,12,544,150,12
"1523","2020-04-07",394,18,196,1376,5621,0.829923501156378,8235,31932,303,1247,169,1996,16,560,159,16
"1524","2020-04-08",387,18,241,1423,5621,0.829923501156378,8235,31932,303,1247,192,2188,13,573,186,13
"1525","2020-04-09",393,18,266,1414,5621,0.829923501156378,8235,31932,303,1247,215,2403,20,593,198,20
"1526","2020-04-10",454,18,250,1482,5621,0.829923501156378,8235,31932,303,1247,192,2595,6,599,181,6
"1527","2020-04-11",473,18,240,1484,5621,0.829923501156378,8235,31932,303,1247,198,2793,17,616,194,17
"1528","2020-04-12",428,18,220,1474,5621,0.829923501156378,8235,31932,303,1247,193,2986,46,662,188,46
"1529","2020-04-13",440,18,202,1466,5621,0.829923501156378,8235,31932,303,1247,179,3165,24,686,174,24
"1530","2020-04-14",458,18,187,1502,5621,0.829923501156378,8235,31932,303,1247,186,3351,25,711,181,25
"1531","2020-04-15",494,18,207,1491,5621,0.829923501156378,8235,31932,303,1247,192,3543,42,753,181,42
"1532","2020-04-16",498,18,189,1479,5621,0.829923501156378,8235,31932,303,1247,210,3753,42,795,204,42
"1533","2020-04-17",538,18,213,1434,5621,0.829923501156378,8235,31932,303,1247,145,3898,54,849,135,54
"1534","2020-04-18",526,18,204,1383,5621,0.829923501156378,8235,31932,303,1247,178,4076,36,885,176,36
"1535","2020-04-19",509,18,214,1307,5621,0.829923501156378,8235,31932,303,1247,132,4208,48,933,127,48
"1536","2020-04-20",481,18,219,1275,5621,0.829923501156378,8235,31932,303,1247,137,4345,35,968,135,35
"1537","2020-04-21",475,18,200,1258,5621,0.829923501156378,8235,31932,303,1247,156,4501,28,996,147,28
"1538","2020-04-22",442,18,179,1179,5621,0.829923501156378,8235,31932,303,1247,149,4650,22,1018,142,22
"1539","2020-04-23",429,18,172,1139,5621,0.829923501156378,8235,31932,303,1247,116,4766,36,1054,111,36
"1540","2020-04-24",393,18,160,1085,5621,0.829923501156378,8235,31932,303,1247,101,4867,27,1081,97,27
"1541","2020-04-25",389,18,139,1045,5621,0.829923501156378,8235,31932,303,1247,108,4975,29,1110,101,29
"1542","2020-04-26",358,18,135,980,5621,0.829923501156378,8235,31932,303,1247,83,5058,13,1123,80,13
"1543","2020-04-27",351,18,142,937,5621,0.829923501156378,8235,31932,303,1247,66,5124,28,1151,62,28
"1544","2020-04-28",320,18,184,882,5621,0.829923501156378,8235,31932,303,1247,57,5181,19,1170,54,19
"1545","2020-04-29",318,18,186,856,5621,0.829923501156378,8235,31932,303,1247,77,5258,24,1194,75,24
"1546","2020-04-30",313,18,210,819,5621,0.829923501156378,8235,31932,303,1247,66,5324,31,1225,61,31
"1547","2020-05-01",296,18,208,788,5621,0.829923501156378,8235,31932,303,1247,54,5378,10,1235,52,10
"1548","2020-05-02",319,18,236,743,5621,0.829923501156378,8235,31932,303,1247,51,5429,33,1268,47,33
"1549","2020-05-03",275,18,223,717,5621,0.829923501156378,8235,31932,303,1247,68,5497,23,1291,60,23
"1550","2020-05-04",275,18,205,685,5621,0.829923501156378,8235,31932,303,1247,42,5539,21,1312,40,21
"1551","2020-05-05",272,18,191,621,5621,0.829923501156378,8235,31932,303,1247,35,5574,22,1334,34,22
"1552","2020-05-06",255,18,172,590,5621,0.829923501156378,8235,31932,303,1247,24,5598,33,1367,22,33
"1553","2020-05-07",243,18,164,566,5621,0.829923501156378,8235,31932,303,1247,46,5644,41,1408,43,41
"1554","2020-05-08",233,18,142,540,5621,0.829923501156378,8235,31932,303,1247,21,5665,58,1466,19,58
"1555","2020-05-09",194,18,135,494,5621,0.829923501156378,8235,31932,303,1247,27,5692,19,1485,26,19
"1556","2020-05-10",193,18,200,452,5621,0.829923501156378,8235,31932,303,1247,19,5711,36,1521,16,36
"1557","2020-05-11",186,18,229,433,5621,0.829923501156378,8235,31932,303,1247,29,5740,25,1546,26,25
"1558","2020-05-12",173,18,220,402,5621,0.829923501156378,8235,31932,303,1247,20,5760,29,1575,17,29
"1559","2020-05-13",169,18,182,383,5621,0.829923501156378,8235,31932,303,1247,14,5774,30,1605,12,30
"1560","2020-05-14",154,18,213,353,5621,0.829923501156378,8235,31932,303,1247,22,5796,18,1623,15,18
"1561","2020-05-15",150,18,209,330,5621,0.829923501156378,8235,31932,303,1247,18,5814,17,1640,17,17
"1562","2020-05-16",143,18,195,316,5621,0.829923501156378,8235,31932,303,1247,8,5822,15,1655,6,15
"1563","2020-05-17",125,18,165,302,5621,0.829923501156378,8235,31932,303,1247,12,5834,19,1674,9,19
"1564","2020-05-18",109,18,151,285,5621,0.829923501156378,8235,31932,303,1247,8,5842,22,1696,7,22
"1565","2020-05-19",105,18,152,262,5621,0.829923501156378,8235,31932,303,1247,14,5856,34,1730,12,34
"1566","2020-05-20",103,18,170,246,5621,0.829923501156378,8235,31932,303,1247,10,5866,20,1750,8,20
"1567","2020-05-21",102,18,173,223,5621,0.829923501156378,8235,31932,303,1247,12,5878,23,1773,11,23
"1568","2020-05-22",89,18,191,216,5621,0.829923501156378,8235,31932,303,1247,10,5888,27,1800,8,27
"1569","2020-05-23",85,18,173,204,5621,0.829923501156378,8235,31932,303,1247,14,5902,23,1823,13,23
"1570","2020-05-24",69,18,165,201,5621,0.829923501156378,8235,31932,303,1247,8,5910,36,1859,5,36
"1571","2020-05-25",68,18,193,201,5621,0.829923501156378,8235,31932,303,1247,9,5919,37,1896,8,37
"1572","2020-05-26",61,18,227,194,5621,0.829923501156378,8235,31932,303,1247,9,5928,28,1924,6,28
"1573","2020-05-27",54,18,220,190,5621,0.829923501156378,8235,31932,303,1247,5,5933,42,1966,4,42
"1574","2020-05-28",55,18,200,170,5621,0.829923501156378,8235,31932,303,1247,10,5943,22,1988,8,22
"1575","2020-05-29",54,18,181,164,5621,0.829923501156378,8235,31932,303,1247,3,5946,28,2016,2,28
"1576","2020-05-30",52,18,195,156,5621,0.829923501156378,8235,31932,303,1247,9,5955,26,2042,5,26
"1577","2020-05-31",54,18,172,147,5621,0.829923501156378,8235,31932,303,1247,1,5956,8,2050,1,8
"1578","2020-06-01",58,18,156,157,5621,0.829923501156378,8235,31932,303,1247,6,5962,14,2064,5,14
"1579","2020-06-02",52,18,137,148,5621,0.829923501156378,8235,31932,303,1247,3,5965,10,2074,1,10
"1580","2020-06-03",51,18,143,147,5621,0.829923501156378,8235,31932,303,1247,7,5972,16,2090,4,16
"1581","2020-06-04",48,18,158,146,5621,0.829923501156378,8235,31932,303,1247,3,5975,19,2109,1,19
"1582","2020-06-05",49,18,150,134,5621,0.829923501156378,8235,31932,303,1247,5,5980,15,2124,3,15
"1583","2020-06-06",46,18,152,127,5621,0.829923501156378,8235,31932,303,1247,3,5983,4,2128,3,4
"1584","2020-06-07",41,18,144,124,5621,0.829923501156378,8235,31932,303,1247,4,5987,19,2147,3,19
"1585","2020-03-13",2,19,28,85,4858,0.528612597776863,8460,32651,281,771,34,88,28,75,5,28
"1586","2020-03-14",4,19,43,114,4858,0.528612597776863,8460,32651,281,771,41,129,41,116,14,41
"1587","2020-03-15",17,19,39,155,4858,0.528612597776863,8460,32651,281,771,43,172,17,133,21,17
"1588","2020-03-16",19,19,46,188,4858,0.528612597776863,8460,32651,281,771,51,223,5,138,27,5
"1589","2020-03-17",24,19,70,228,4858,0.528612597776863,8460,32651,281,771,50,273,9,147,24,9
"1590","2020-03-18",30,19,63,264,4858,0.528612597776863,8460,32651,281,771,68,341,8,155,40,8
"1591","2020-03-19",37,19,53,300,4858,0.528612597776863,8460,32651,281,771,75,416,33,188,48,33
"1592","2020-03-20",56,19,63,332,4858,0.528612597776863,8460,32651,281,771,70,486,22,210,38,22
"1593","2020-03-21",102,19,85,383,4858,0.528612597776863,8460,32651,281,771,87,573,31,241,64,31
"1594","2020-03-22",99,19,91,425,4858,0.528612597776863,8460,32651,281,771,78,651,21,262,57,21
"1595","2020-03-23",105,19,79,472,4858,0.528612597776863,8460,32651,281,771,76,727,19,281,57,19
"1596","2020-03-24",119,19,75,510,4858,0.528612597776863,8460,32651,281,771,82,809,7,288,57,7
"1597","2020-03-25",139,19,68,545,4858,0.528612597776863,8460,32651,281,771,106,915,11,299,80,11
"1598","2020-03-26",148,19,68,579,4858,0.528612597776863,8460,32651,281,771,105,1020,45,344,81,45
"1599","2020-03-27",187,19,62,600,4858,0.528612597776863,8460,32651,281,771,114,1134,32,376,82,32
"1600","2020-03-28",178,19,62,627,4858,0.528612597776863,8460,32651,281,771,143,1277,49,425,119,49
"1601","2020-03-29",195,19,63,661,4858,0.528612597776863,8460,32651,281,771,115,1392,34,459,83,34
"1602","2020-03-30",197,19,65,682,4858,0.528612597776863,8460,32651,281,771,186,1578,38,497,146,38
"1603","2020-03-31",191,19,59,724,4858,0.528612597776863,8460,32651,281,771,165,1743,33,530,138,33
"1604","2020-04-01",191,19,89,763,4858,0.528612597776863,8460,32651,281,771,166,1909,49,579,135,49
"1605","2020-04-02",197,19,111,758,4858,0.528612597776863,8460,32651,281,771,171,2080,51,630,143,51
"1606","2020-04-03",220,19,114,784,4858,0.528612597776863,8460,32651,281,771,187,2267,19,649,156,19
"1607","2020-04-04",219,19,134,781,4858,0.528612597776863,8460,32651,281,771,206,2473,46,695,174,46
"1608","2020-04-05",247,19,136,813,4858,0.528612597776863,8460,32651,281,771,234,2707,22,717,211,22
"1609","2020-04-06",260,19,166,824,4858,0.528612597776863,8460,32651,281,771,195,2902,27,744,172,27
"1610","2020-04-07",255,19,179,831,4858,0.528612597776863,8460,32651,281,771,194,3096,20,764,161,20
"1611","2020-04-08",272,19,191,841,4858,0.528612597776863,8460,32651,281,771,217,3313,13,777,185,13
"1612","2020-04-09",284,19,201,846,4858,0.528612597776863,8460,32651,281,771,178,3491,9,786,154,9
"1613","2020-04-10",323,19,180,863,4858,0.528612597776863,8460,32651,281,771,182,3673,20,806,166,20
"1614","2020-04-11",330,19,166,867,4858,0.528612597776863,8460,32651,281,771,172,3845,51,857,151,51
"1615","2020-04-12",291,19,168,894,4858,0.528612597776863,8460,32651,281,771,173,4018,28,885,159,28
"1616","2020-04-13",281,19,189,873,4858,0.528612597776863,8460,32651,281,771,140,4158,34,919,113,34
"1617","2020-04-14",285,19,175,887,4858,0.528612597776863,8460,32651,281,771,180,4338,15,934,159,15
"1618","2020-04-15",274,19,189,867,4858,0.528612597776863,8460,32651,281,771,134,4472,25,959,121,25
"1619","2020-04-16",272,19,181,863,4858,0.528612597776863,8460,32651,281,771,114,4586,37,996,90,37
"1620","2020-04-17",276,19,194,856,4858,0.528612597776863,8460,32651,281,771,113,4699,29,1025,100,29
"1621","2020-04-18",289,19,228,842,4858,0.528612597776863,8460,32651,281,771,102,4801,53,1078,80,53
"1622","2020-04-19",285,19,252,812,4858,0.528612597776863,8460,32651,281,771,101,4902,26,1104,79,26
"1623","2020-04-20",280,19,257,811,4858,0.528612597776863,8460,32651,281,771,90,4992,22,1126,67,22
"1624","2020-04-21",271,19,247,802,4858,0.528612597776863,8460,32651,281,771,82,5074,23,1149,66,23
"1625","2020-04-22",272,19,243,778,4858,0.528612597776863,8460,32651,281,771,74,5148,48,1197,57,48
"1626","2020-04-23",267,19,231,773,4858,0.528612597776863,8460,32651,281,771,96,5244,40,1237,81,40
"1627","2020-04-24",294,19,223,773,4858,0.528612597776863,8460,32651,281,771,57,5301,63,1300,41,63
"1628","2020-04-25",288,19,197,753,4858,0.528612597776863,8460,32651,281,771,58,5359,67,1367,44,67
"1629","2020-04-26",269,19,174,740,4858,0.528612597776863,8460,32651,281,771,55,5414,32,1399,41,32
"1630","2020-04-27",255,19,162,737,4858,0.528612597776863,8460,32651,281,771,50,5464,26,1425,39,26
"1631","2020-04-28",253,19,140,727,4858,0.528612597776863,8460,32651,281,771,43,5507,15,1440,34,15
"1632","2020-04-29",237,19,127,723,4858,0.528612597776863,8460,32651,281,771,65,5572,11,1451,49,11
"1633","2020-04-30",234,19,120,725,4858,0.528612597776863,8460,32651,281,771,54,5626,6,1457,37,6
"1634","2020-05-01",239,19,110,713,4858,0.528612597776863,8460,32651,281,771,52,5678,55,1512,34,55
"1635","2020-05-02",249,19,104,689,4858,0.528612597776863,8460,32651,281,771,37,5715,33,1545,27,33
"1636","2020-05-03",224,19,125,689,4858,0.528612597776863,8460,32651,281,771,32,5747,41,1586,19,41
"1637","2020-05-04",229,19,157,663,4858,0.528612597776863,8460,32651,281,771,19,5766,19,1605,16,19
"1638","2020-05-05",225,19,189,663,4858,0.528612597776863,8460,32651,281,771,27,5793,21,1626,14,21
"1639","2020-05-06",236,19,181,654,4858,0.528612597776863,8460,32651,281,771,30,5823,49,1675,17,49
"1640","2020-05-07",232,19,157,652,4858,0.528612597776863,8460,32651,281,771,25,5848,67,1742,11,67
"1641","2020-05-08",238,19,151,637,4858,0.528612597776863,8460,32651,281,771,31,5879,64,1806,20,64
"1642","2020-05-09",233,19,140,643,4858,0.528612597776863,8460,32651,281,771,19,5898,33,1839,12,33
"1643","2020-05-10",214,19,144,623,4858,0.528612597776863,8460,32651,281,771,30,5928,32,1871,22,32
"1644","2020-05-11",200,19,184,611,4858,0.528612597776863,8460,32651,281,771,18,5946,47,1918,10,47
"1645","2020-05-12",186,19,214,588,4858,0.528612597776863,8460,32651,281,771,30,5976,48,1966,15,48
"1646","2020-05-13",185,19,213,598,4858,0.528612597776863,8460,32651,281,771,27,6003,38,2004,16,38
"1647","2020-05-14",196,19,202,579,4858,0.528612597776863,8460,32651,281,771,19,6022,47,2051,9,47
"1648","2020-05-15",200,19,174,565,4858,0.528612597776863,8460,32651,281,771,22,6044,20,2071,13,20
"1649","2020-05-16",196,19,165,548,4858,0.528612597776863,8460,32651,281,771,15,6059,20,2091,10,20
"1650","2020-05-17",195,19,155,527,4858,0.528612597776863,8460,32651,281,771,18,6077,18,2109,8,18
"1651","2020-05-18",198,19,142,509,4858,0.528612597776863,8460,32651,281,771,18,6095,7,2116,6,7
"1652","2020-05-19",195,19,120,500,4858,0.528612597776863,8460,32651,281,771,17,6112,15,2131,10,15
"1653","2020-05-20",188,19,117,475,4858,0.528612597776863,8460,32651,281,771,15,6127,13,2144,6,13
"1654","2020-05-21",180,19,109,463,4858,0.528612597776863,8460,32651,281,771,11,6138,13,2157,6,13
"1655","2020-05-22",166,19,110,441,4858,0.528612597776863,8460,32651,281,771,8,6146,14,2171,4,14
"1656","2020-05-23",171,19,113,426,4858,0.528612597776863,8460,32651,281,771,19,6165,13,2184,11,13
"1657","2020-05-24",156,19,117,409,4858,0.528612597776863,8460,32651,281,771,16,6181,13,2197,8,13
"1658","2020-05-25",149,19,109,392,4858,0.528612597776863,8460,32651,281,771,9,6190,37,2234,6,37
"1659","2020-05-26",146,19,91,368,4858,0.528612597776863,8460,32651,281,771,17,6207,19,2253,6,19
"1660","2020-05-27",139,19,103,343,4858,0.528612597776863,8460,32651,281,771,18,6225,22,2275,6,22
"1661","2020-05-28",130,19,129,319,4858,0.528612597776863,8460,32651,281,771,5,6230,8,2283,3,8
"1662","2020-05-29",110,19,128,300,4858,0.528612597776863,8460,32651,281,771,9,6239,10,2293,3,10
"1663","2020-05-30",104,19,133,295,4858,0.528612597776863,8460,32651,281,771,8,6247,17,2310,2,17
"1664","2020-05-31",103,19,142,287,4858,0.528612597776863,8460,32651,281,771,10,6257,7,2317,4,7
"1665","2020-06-01",95,19,127,273,4858,0.528612597776863,8460,32651,281,771,4,6261,15,2332,2,15
"1666","2020-06-02",83,19,122,253,4858,0.528612597776863,8460,32651,281,771,12,6273,35,2367,3,35
"1667","2020-06-03",76,19,114,236,4858,0.528612597776863,8460,32651,281,771,9,6282,22,2389,3,22
"1668","2020-06-04",73,19,111,227,4858,0.528612597776863,8460,32651,281,771,6,6288,36,2425,4,36
"1669","2020-06-05",83,19,114,227,4858,0.528612597776863,8460,32651,281,771,5,6293,17,2442,3,17
"1670","2020-06-06",80,19,108,221,4858,0.528612597776863,8460,32651,281,771,9,6302,14,2456,1,14
"1671","2020-06-07",80,19,109,221,4858,0.528612597776863,8460,32651,281,771,5,6307,11,2467,2,11
"1672","2020-03-07",1,20,0,0,5782,0.926323071601522,8415,31546,316,955,NA,NA,NA,NA,NA,NA
"1673","2020-03-08",1,20,0,0,5782,0.926323071601522,8415,31546,316,955,NA,NA,NA,NA,NA,NA
"1674","2020-03-09",0,20,0,0,5782,0.926323071601522,8415,31546,316,955,NA,NA,NA,NA,NA,NA
"1675","2020-03-10",0,20,0,0,5782,0.926323071601522,8415,31546,316,955,NA,NA,NA,NA,NA,NA
"1676","2020-03-11",0,20,0,0,5782,0.926323071601522,8415,31546,316,955,10,10,10,10,NA,10
"1677","2020-03-12",0,20,0,0,5782,0.926323071601522,8415,31546,316,955,19,29,20,30,NA,20
"1678","2020-03-13",0,20,0,0,5782,0.926323071601522,8415,31546,316,955,14,43,10,40,3,10
"1679","2020-03-14",1,20,99,52,5782,0.926323071601522,8415,31546,316,955,13,56,10,50,4,10
"1680","2020-03-15",4,20,82,61,5782,0.926323071601522,8415,31546,316,955,17,73,10,60,9,10
"1681","2020-03-16",4,20,95,82,5782,0.926323071601522,8415,31546,316,955,12,85,2,62,5,2
"1682","2020-03-17",8,20,80,104,5782,0.926323071601522,8415,31546,316,955,20,105,8,70,12,8
"1683","2020-03-18",10,20,72,137,5782,0.926323071601522,8415,31546,316,955,28,133,9,79,22,9
"1684","2020-03-19",17,20,75,163,5782,0.926323071601522,8415,31546,316,955,42,175,11,90,26,11
"1685","2020-03-20",28,20,116,187,5782,0.926323071601522,8415,31546,316,955,40,215,13,103,31,13
"1686","2020-03-21",36,20,133,224,5782,0.926323071601522,8415,31546,316,955,40,255,11,114,27,11
"1687","2020-03-22",45,20,134,263,5782,0.926323071601522,8415,31546,316,955,66,321,7,121,55,7
"1688","2020-03-23",58,20,133,302,5782,0.926323071601522,8415,31546,316,955,50,371,27,148,39,27
"1689","2020-03-24",67,20,165,351,5782,0.926323071601522,8415,31546,316,955,59,430,23,171,45,23
"1690","2020-03-25",79,20,172,406,5782,0.926323071601522,8415,31546,316,955,69,499,29,200,59,29
"1691","2020-03-26",85,20,181,450,5782,0.926323071601522,8415,31546,316,955,73,572,36,236,64,36
"1692","2020-03-27",87,20,180,500,5782,0.926323071601522,8415,31546,316,955,67,639,35,271,55,35
"1693","2020-03-28",143,20,171,546,5782,0.926323071601522,8415,31546,316,955,102,741,31,302,86,31
"1694","2020-03-29",146,20,165,599,5782,0.926323071601522,8415,31546,316,955,82,823,19,321,71,19
"1695","2020-03-30",137,20,178,657,5782,0.926323071601522,8415,31546,316,955,117,940,23,344,101,23
"1696","2020-03-31",138,20,221,707,5782,0.926323071601522,8415,31546,316,955,120,1060,27,371,112,27
"1697","2020-04-01",158,20,213,792,5782,0.926323071601522,8415,31546,316,955,119,1179,28,399,107,28
"1698","2020-04-02",188,20,241,871,5782,0.926323071601522,8415,31546,316,955,123,1302,37,436,106,37
"1699","2020-04-03",269,20,238,936,5782,0.926323071601522,8415,31546,316,955,147,1449,32,468,136,32
"1700","2020-04-04",243,20,235,1009,5782,0.926323071601522,8415,31546,316,955,146,1595,33,501,135,33
"1701","2020-04-05",287,20,218,1081,5782,0.926323071601522,8415,31546,316,955,167,1762,42,543,150,42
"1702","2020-04-06",306,20,206,1139,5782,0.926323071601522,8415,31546,316,955,170,1932,26,569,161,26
"1703","2020-04-07",319,20,223,1226,5782,0.926323071601522,8415,31546,316,955,158,2090,21,590,142,21
"1704","2020-04-08",325,20,242,1261,5782,0.926323071601522,8415,31546,316,955,201,2291,24,614,192,24
"1705","2020-04-09",329,20,264,1312,5782,0.926323071601522,8415,31546,316,955,163,2454,15,629,147,15
"1706","2020-04-10",402,20,247,1384,5782,0.926323071601522,8415,31546,316,955,202,2656,23,652,194,23
"1707","2020-04-11",480,20,271,1439,5782,0.926323071601522,8415,31546,316,955,193,2849,26,678,187,26
"1708","2020-04-12",431,20,293,1519,5782,0.926323071601522,8415,31546,316,955,189,3038,22,700,176,22
"1709","2020-04-13",436,20,271,1564,5782,0.926323071601522,8415,31546,316,955,162,3200,23,723,151,23
"1710","2020-04-14",462,20,275,1637,5782,0.926323071601522,8415,31546,316,955,155,3355,39,762,147,39
"1711","2020-04-15",492,20,257,1662,5782,0.926323071601522,8415,31546,316,955,148,3503,34,796,142,34
"1712","2020-04-16",498,20,243,1647,5782,0.926323071601522,8415,31546,316,955,132,3635,39,835,120,39
"1713","2020-04-17",600,20,236,1665,5782,0.926323071601522,8415,31546,316,955,153,3788,27,862,145,27
"1714","2020-04-18",563,20,214,1680,5782,0.926323071601522,8415,31546,316,955,135,3923,24,886,120,24
"1715","2020-04-19",568,20,254,1653,5782,0.926323071601522,8415,31546,316,955,139,4062,23,909,132,23
"1716","2020-04-20",580,20,252,1621,5782,0.926323071601522,8415,31546,316,955,124,4186,15,924,112,15
"1717","2020-04-21",568,20,255,1613,5782,0.926323071601522,8415,31546,316,955,100,4286,22,946,92,22
"1718","2020-04-22",566,20,211,1581,5782,0.926323071601522,8415,31546,316,955,112,4398,43,989,103,43
"1719","2020-04-23",574,20,187,1556,5782,0.926323071601522,8415,31546,316,955,86,4484,46,1035,80,46
"1720","2020-04-24",570,20,177,1528,5782,0.926323071601522,8415,31546,316,955,96,4580,57,1092,84,57
"1721","2020-04-25",595,20,205,1445,5782,0.926323071601522,8415,31546,316,955,106,4686,41,1133,96,41
"1722","2020-04-26",526,20,207,1385,5782,0.926323071601522,8415,31546,316,955,62,4748,56,1189,50,56
"1723","2020-04-27",502,20,227,1327,5782,0.926323071601522,8415,31546,316,955,81,4829,44,1233,76,44
"1724","2020-04-28",494,20,216,1263,5782,0.926323071601522,8415,31546,316,955,79,4908,28,1261,69,28
"1725","2020-04-29",476,20,226,1227,5782,0.926323071601522,8415,31546,316,955,66,4974,51,1312,58,51
"1726","2020-04-30",456,20,261,1147,5782,0.926323071601522,8415,31546,316,955,41,5015,46,1358,38,46
"1727","2020-05-01",448,20,245,1076,5782,0.926323071601522,8415,31546,316,955,55,5070,38,1396,50,38
"1728","2020-05-02",414,20,242,976,5782,0.926323071601522,8415,31546,316,955,40,5110,42,1438,34,42
"1729","2020-05-03",382,20,246,916,5782,0.926323071601522,8415,31546,316,955,52,5162,39,1477,45,39
"1730","2020-05-04",377,20,220,824,5782,0.926323071601522,8415,31546,316,955,54,5216,31,1508,47,31
"1731","2020-05-05",360,20,204,742,5782,0.926323071601522,8415,31546,316,955,63,5279,39,1547,53,39
"1732","2020-05-06",337,20,237,682,5782,0.926323071601522,8415,31546,316,955,41,5320,37,1584,35,37
"1733","2020-05-07",322,20,270,624,5782,0.926323071601522,8415,31546,316,955,48,5368,44,1628,43,44
"1734","2020-05-08",264,20,253,576,5782,0.926323071601522,8415,31546,316,955,31,5399,26,1654,23,26
"1735","2020-05-09",246,20,227,533,5782,0.926323071601522,8415,31546,316,955,28,5427,24,1678,25,24
"1736","2020-05-10",228,20,196,487,5782,0.926323071601522,8415,31546,316,955,32,5459,30,1708,25,30
"1737","2020-05-11",202,20,219,443,5782,0.926323071601522,8415,31546,316,955,29,5488,17,1725,23,17
"1738","2020-05-12",169,20,246,390,5782,0.926323071601522,8415,31546,316,955,38,5526,18,1743,31,18
"1739","2020-05-13",152,20,225,353,5782,0.926323071601522,8415,31546,316,955,31,5557,13,1756,25,13
"1740","2020-05-14",151,20,209,331,5782,0.926323071601522,8415,31546,316,955,23,5580,34,1790,19,34
"1741","2020-05-15",125,20,185,315,5782,0.926323071601522,8415,31546,316,955,25,5605,50,1840,17,50
"1742","2020-05-16",125,20,166,305,5782,0.926323071601522,8415,31546,316,955,20,5625,36,1876,18,36
"1743","2020-05-17",110,20,196,296,5782,0.926323071601522,8415,31546,316,955,18,5643,36,1912,13,36
"1744","2020-05-18",97,20,208,282,5782,0.926323071601522,8415,31546,316,955,20,5663,32,1944,17,32
"1745","2020-05-19",97,20,223,263,5782,0.926323071601522,8415,31546,316,955,23,5686,29,1973,18,29
"1746","2020-05-20",96,20,263,255,5782,0.926323071601522,8415,31546,316,955,13,5699,31,2004,7,31
"1747","2020-05-21",76,20,238,237,5782,0.926323071601522,8415,31546,316,955,17,5716,29,2033,12,29
"1748","2020-05-22",78,20,234,235,5782,0.926323071601522,8415,31546,316,955,12,5728,27,2060,9,27
"1749","2020-05-23",75,20,211,222,5782,0.926323071601522,8415,31546,316,955,22,5750,26,2086,18,26
"1750","2020-05-24",74,20,193,215,5782,0.926323071601522,8415,31546,316,955,14,5764,26,2112,11,26
"1751","2020-05-25",78,20,201,210,5782,0.926323071601522,8415,31546,316,955,11,5775,23,2135,5,23
"1752","2020-05-26",74,20,206,202,5782,0.926323071601522,8415,31546,316,955,13,5788,21,2156,11,21
"1753","2020-05-27",76,20,223,197,5782,0.926323071601522,8415,31546,316,955,8,5796,29,2185,7,29
"1754","2020-05-28",78,20,235,196,5782,0.926323071601522,8415,31546,316,955,7,5803,24,2209,5,24
"1755","2020-05-29",85,20,250,187,5782,0.926323071601522,8415,31546,316,955,8,5811,35,2244,5,35
"1756","2020-05-30",77,20,258,193,5782,0.926323071601522,8415,31546,316,955,7,5818,28,2272,6,28
"1757","2020-05-31",71,20,261,173,5782,0.926323071601522,8415,31546,316,955,8,5826,18,2290,5,18
"1758","2020-06-01",68,20,262,169,5782,0.926323071601522,8415,31546,316,955,8,5834,34,2324,4,34
"1759","2020-06-02",67,20,242,173,5782,0.926323071601522,8415,31546,316,955,6,5840,23,2347,5,23
"1760","2020-06-03",65,20,240,166,5782,0.926323071601522,8415,31546,316,955,5,5845,23,2370,3,23
"1761","2020-06-04",60,20,230,163,5782,0.926323071601522,8415,31546,316,955,5,5850,18,2388,2,18
"1762","2020-06-05",53,20,216,154,5782,0.926323071601522,8415,31546,316,955,2,5852,17,2405,2,17
"1763","2020-06-06",56,20,201,143,5782,0.926323071601522,8415,31546,316,955,4,5856,25,2430,3,25
"1764","2020-06-07",45,20,181,136,5782,0.926323071601522,8415,31546,316,955,3,5859,21,2451,2,21
