"","Date","Absents","Paramset","Infections_or_Exposed_per_day_Patient","Infections_or_Exposed_per_day_HCW","total_infections","nosocomial_proportion","PCR_pooled","LFD_pooled","HCW_symp_test","patient_symp_test","new_hcw_infs","cumulative_hcw_infs","new_pat_infs","cumulative_pats_infs","new_nosocomial_hcw_infs","new_nosocomial_pat_infs"
"1","2020-03-13",3,1,54,137,7568,0.625528541226216,0,0,699,526,58,138,20,48,9,20
"2","2020-03-14",7,1,62,199,7568,0.625528541226216,0,0,699,526,62,200,13,61,15,13
"3","2020-03-15",15,1,67,257,7568,0.625528541226216,0,0,699,526,58,258,13,74,25,13
"4","2020-03-16",27,1,67,323,7568,0.625528541226216,0,0,699,526,67,325,11,85,33,11
"5","2020-03-17",42,1,71,399,7568,0.625528541226216,0,0,699,526,79,404,11,96,41,11
"6","2020-03-18",57,1,90,479,7568,0.625528541226216,0,0,699,526,84,488,24,120,46,24
"7","2020-03-19",74,1,94,585,7568,0.625528541226216,0,0,699,526,118,606,24,144,71,24
"8","2020-03-20",98,1,95,673,7568,0.625528541226216,0,0,699,526,106,712,10,154,63,10
"9","2020-03-21",126,1,89,800,7568,0.625528541226216,0,0,699,526,144,856,15,169,105,15
"10","2020-03-22",139,1,87,894,7568,0.625528541226216,0,0,699,526,120,976,8,177,81,8
"11","2020-03-23",165,1,70,998,7568,0.625528541226216,0,0,699,526,133,1109,10,187,90,10
"12","2020-03-24",183,1,82,1080,7568,0.625528541226216,0,0,699,526,129,1238,12,199,83,12
"13","2020-03-25",209,1,84,1157,7568,0.625528541226216,0,0,699,526,149,1387,10,209,102,10
"14","2020-03-26",242,1,84,1264,7568,0.625528541226216,0,0,699,526,170,1557,9,218,130,9
"15","2020-03-27",258,1,89,1386,7568,0.625528541226216,0,0,699,526,210,1767,21,239,168,21
"16","2020-03-28",282,1,96,1503,7568,0.625528541226216,0,0,699,526,194,1961,16,255,147,16
"17","2020-03-29",318,1,101,1575,7568,0.625528541226216,0,0,699,526,159,2120,19,274,128,19
"18","2020-03-30",337,1,96,1681,7568,0.625528541226216,0,0,699,526,192,2312,12,286,147,12
"19","2020-03-31",392,1,95,1740,7568,0.625528541226216,0,0,699,526,184,2496,12,298,146,12
"20","2020-04-01",432,1,112,1800,7568,0.625528541226216,0,0,699,526,163,2659,22,320,120,22
"21","2020-04-02",449,1,113,1818,7568,0.625528541226216,0,0,699,526,161,2820,18,338,122,18
"22","2020-04-03",486,1,112,1866,7568,0.625528541226216,0,0,699,526,177,2997,13,351,148,13
"23","2020-04-04",509,1,126,1880,7568,0.625528541226216,0,0,699,526,155,3152,27,378,113,27
"24","2020-04-05",518,1,141,1903,7568,0.625528541226216,0,0,699,526,192,3344,35,413,161,35
"25","2020-04-06",526,1,157,1903,7568,0.625528541226216,0,0,699,526,146,3490,34,447,116,34
"26","2020-04-07",525,1,165,1948,7568,0.625528541226216,0,0,699,526,203,3693,42,489,157,42
"27","2020-04-08",512,1,160,1974,7568,0.625528541226216,0,0,699,526,189,3882,21,510,155,21
"28","2020-04-09",519,1,147,1976,7568,0.625528541226216,0,0,699,526,191,4073,15,525,156,15
"29","2020-04-10",528,1,132,1943,7568,0.625528541226216,0,0,699,526,153,4226,16,541,124,16
"30","2020-04-11",525,1,118,1898,7568,0.625528541226216,0,0,699,526,127,4353,9,550,97,9
"31","2020-04-12",546,1,117,1903,7568,0.625528541226216,0,0,699,526,165,4518,13,563,131,13
"32","2020-04-13",540,1,113,1892,7568,0.625528541226216,0,0,699,526,158,4676,13,576,133,13
"33","2020-04-14",522,1,136,1826,7568,0.625528541226216,0,0,699,526,102,4778,36,612,77,36
"34","2020-04-15",528,1,139,1766,7568,0.625528541226216,0,0,699,526,103,4881,21,633,74,21
"35","2020-04-16",527,1,127,1706,7568,0.625528541226216,0,0,699,526,113,4994,12,645,92,12
"36","2020-04-17",506,1,163,1674,7568,0.625528541226216,0,0,699,526,129,5123,47,692,94,47
"37","2020-04-18",493,1,186,1613,7568,0.625528541226216,0,0,699,526,91,5214,42,734,60,42
"38","2020-04-19",480,1,186,1552,7568,0.625528541226216,0,0,699,526,101,5315,29,763,86,29
"39","2020-04-20",491,1,189,1498,7568,0.625528541226216,0,0,699,526,96,5411,28,791,62,28
"40","2020-04-21",469,1,189,1417,7568,0.625528541226216,0,0,699,526,80,5491,32,823,57,32
"41","2020-04-22",450,1,159,1363,7568,0.625528541226216,0,0,699,526,95,5586,13,836,74,13
"42","2020-04-23",443,1,155,1290,7568,0.625528541226216,0,0,699,526,64,5650,10,846,44,10
"43","2020-04-24",428,1,155,1237,7568,0.625528541226216,0,0,699,526,76,5726,23,869,46,23
"44","2020-04-25",423,1,143,1148,7568,0.625528541226216,0,0,699,526,72,5798,20,889,48,20
"45","2020-04-26",387,1,149,1063,7568,0.625528541226216,0,0,699,526,54,5852,17,906,33,17
"46","2020-04-27",354,1,127,1025,7568,0.625528541226216,0,0,699,526,74,5926,12,918,48,12
"47","2020-04-28",346,1,113,979,7568,0.625528541226216,0,0,699,526,66,5992,9,927,41,9
"48","2020-04-29",335,1,110,923,7568,0.625528541226216,0,0,699,526,52,6044,13,940,35,13
"49","2020-04-30",314,1,142,864,7568,0.625528541226216,0,0,699,526,39,6083,44,984,26,44
"50","2020-05-01",307,1,149,796,7568,0.625528541226216,0,0,699,526,36,6119,26,1010,18,26
"51","2020-05-02",276,1,188,740,7568,0.625528541226216,0,0,699,526,42,6161,50,1060,19,50
"52","2020-05-03",266,1,221,694,7568,0.625528541226216,0,0,699,526,39,6200,56,1116,24,56
"53","2020-05-04",258,1,228,658,7568,0.625528541226216,0,0,699,526,40,6240,42,1158,19,42
"54","2020-05-05",243,1,194,627,7568,0.625528541226216,0,0,699,526,33,6273,27,1185,18,27
"55","2020-05-06",226,1,190,587,7568,0.625528541226216,0,0,699,526,42,6315,25,1210,25,25
"56","2020-05-07",202,1,174,550,7568,0.625528541226216,0,0,699,526,26,6341,20,1230,11,20
"57","2020-05-08",183,1,175,510,7568,0.625528541226216,0,0,699,526,30,6371,26,1256,19,26
"58","2020-05-09",173,1,181,489,7568,0.625528541226216,0,0,699,526,38,6409,30,1286,14,30
"59","2020-05-10",161,1,200,453,7568,0.625528541226216,0,0,699,526,21,6430,37,1323,3,37
"60","2020-05-11",147,1,185,409,7568,0.625528541226216,0,0,699,526,19,6449,21,1344,7,21
"61","2020-05-12",135,1,181,380,7568,0.625528541226216,0,0,699,526,16,6465,20,1364,7,20
"62","2020-05-13",127,1,198,347,7568,0.625528541226216,0,0,699,526,23,6488,47,1411,10,47
"63","2020-05-14",122,1,219,334,7568,0.625528541226216,0,0,699,526,24,6512,54,1465,13,54
"64","2020-05-15",110,1,211,321,7568,0.625528541226216,0,0,699,526,27,6539,24,1489,12,24
"65","2020-05-16",99,1,196,311,7568,0.625528541226216,0,0,699,526,22,6561,24,1513,5,24
"66","2020-05-17",94,1,184,293,7568,0.625528541226216,0,0,699,526,12,6573,15,1528,4,15
"67","2020-05-18",93,1,154,282,7568,0.625528541226216,0,0,699,526,18,6591,15,1543,9,15
"68","2020-05-19",93,1,164,267,7568,0.625528541226216,0,0,699,526,16,6607,30,1573,6,30
"69","2020-05-20",82,1,165,252,7568,0.625528541226216,0,0,699,526,14,6621,23,1596,6,23
"70","2020-05-21",77,1,175,240,7568,0.625528541226216,0,0,699,526,14,6635,40,1636,5,40
"71","2020-05-22",73,1,183,225,7568,0.625528541226216,0,0,699,526,13,6648,35,1671,4,35
"72","2020-05-23",81,1,173,209,7568,0.625528541226216,0,0,699,526,11,6659,27,1698,5,27
"73","2020-05-24",78,1,150,199,7568,0.625528541226216,0,0,699,526,11,6670,13,1711,5,13
"74","2020-05-25",71,1,148,196,7568,0.625528541226216,0,0,699,526,16,6686,14,1725,3,14
"75","2020-05-26",69,1,162,191,7568,0.625528541226216,0,0,699,526,13,6699,29,1754,5,29
"76","2020-05-27",69,1,166,181,7568,0.625528541226216,0,0,699,526,14,6713,35,1789,4,35
"77","2020-05-28",65,1,163,169,7568,0.625528541226216,0,0,699,526,10,6723,25,1814,2,25
"78","2020-05-29",57,1,155,162,7568,0.625528541226216,0,0,699,526,10,6733,18,1832,3,18
"79","2020-05-30",46,1,149,155,7568,0.625528541226216,0,0,699,526,11,6744,20,1852,7,20
"80","2020-05-31",48,1,160,152,7568,0.625528541226216,0,0,699,526,14,6758,25,1877,4,25
"81","2020-06-01",49,1,164,151,7568,0.625528541226216,0,0,699,526,9,6767,27,1904,3,27
"82","2020-06-02",46,1,193,148,7568,0.625528541226216,0,0,699,526,13,6780,39,1943,5,39
"83","2020-06-03",44,1,193,142,7568,0.625528541226216,0,0,699,526,12,6792,35,1978,3,35
"84","2020-06-04",41,1,178,137,7568,0.625528541226216,0,0,699,526,11,6803,23,2001,4,23
"85","2020-06-05",40,1,165,135,7568,0.625528541226216,0,0,699,526,11,6814,15,2016,4,15
"86","2020-06-06",41,1,151,134,7568,0.625528541226216,0,0,699,526,6,6820,20,2036,2,20
"87","2020-06-07",36,1,148,131,7568,0.625528541226216,0,0,699,526,7,6827,19,2055,5,19
"88","2020-03-14",6,2,76,115,4851,0.630179344465059,0,0,441,400,32,147,15,21,8,15
"89","2020-03-15",10,2,72,149,4851,0.630179344465059,0,0,441,400,40,187,19,40,7,19
"90","2020-03-16",13,2,88,197,4851,0.630179344465059,0,0,441,400,41,228,14,54,17,14
"91","2020-03-17",18,2,93,253,4851,0.630179344465059,0,0,441,400,44,272,9,63,15,9
"92","2020-03-18",29,2,88,295,4851,0.630179344465059,0,0,441,400,57,329,5,68,22,5
"93","2020-03-19",35,2,102,342,4851,0.630179344465059,0,0,441,400,53,382,3,71,25,3
"94","2020-03-20",51,2,99,366,4851,0.630179344465059,0,0,441,400,51,433,9,80,15,9
"95","2020-03-21",60,2,93,406,4851,0.630179344465059,0,0,441,400,59,492,12,92,23,12
"96","2020-03-22",77,2,98,441,4851,0.630179344465059,0,0,441,400,61,553,12,104,21,12
"97","2020-03-23",86,2,94,475,4851,0.630179344465059,0,0,441,400,56,609,8,112,25,8
"98","2020-03-24",103,2,85,511,4851,0.630179344465059,0,0,441,400,51,660,9,121,23,9
"99","2020-03-25",101,2,80,536,4851,0.630179344465059,0,0,441,400,59,719,12,133,25,12
"100","2020-03-26",114,2,70,585,4851,0.630179344465059,0,0,441,400,54,773,18,151,26,18
"101","2020-03-27",117,2,76,624,4851,0.630179344465059,0,0,441,400,86,859,11,162,46,11
"102","2020-03-28",130,2,88,650,4851,0.630179344465059,0,0,441,400,60,919,23,185,26,23
"103","2020-03-29",136,2,89,686,4851,0.630179344465059,0,0,441,400,80,999,5,190,41,5
"104","2020-03-30",154,2,86,706,4851,0.630179344465059,0,0,441,400,61,1060,11,201,28,11
"105","2020-03-31",164,2,100,740,4851,0.630179344465059,0,0,441,400,54,1114,23,224,27,23
"106","2020-04-01",183,2,119,783,4851,0.630179344465059,0,0,441,400,65,1179,24,248,31,24
"107","2020-04-02",203,2,117,809,4851,0.630179344465059,0,0,441,400,51,1230,20,268,21,20
"108","2020-04-03",216,2,108,839,4851,0.630179344465059,0,0,441,400,71,1301,19,287,29,19
"109","2020-04-04",219,2,98,871,4851,0.630179344465059,0,0,441,400,52,1353,29,316,26,29
"110","2020-04-05",227,2,97,902,4851,0.630179344465059,0,0,441,400,65,1418,30,346,28,30
"111","2020-04-06",248,2,116,919,4851,0.630179344465059,0,0,441,400,70,1488,22,368,33,22
"112","2020-04-07",255,2,134,935,4851,0.630179344465059,0,0,441,400,65,1553,17,385,21,17
"113","2020-04-08",277,2,153,932,4851,0.630179344465059,0,0,441,400,73,1626,30,415,28,30
"114","2020-04-09",269,2,165,949,4851,0.630179344465059,0,0,441,400,56,1682,35,450,22,35
"115","2020-04-10",265,2,168,970,4851,0.630179344465059,0,0,441,400,56,1738,21,471,19,21
"116","2020-04-11",275,2,187,981,4851,0.630179344465059,0,0,441,400,68,1806,21,492,23,21
"117","2020-04-12",274,2,186,963,4851,0.630179344465059,0,0,441,400,64,1870,25,517,21,25
"118","2020-04-13",250,2,182,961,4851,0.630179344465059,0,0,441,400,54,1924,20,537,23,20
"119","2020-04-14",257,2,176,961,4851,0.630179344465059,0,0,441,400,60,1984,23,560,22,23
"120","2020-04-15",245,2,176,965,4851,0.630179344465059,0,0,441,400,64,2048,34,594,17,34
"121","2020-04-16",254,2,169,951,4851,0.630179344465059,0,0,441,400,56,2104,36,630,17,36
"122","2020-04-17",271,2,147,956,4851,0.630179344465059,0,0,441,400,66,2170,33,663,23,33
"123","2020-04-18",272,2,156,944,4851,0.630179344465059,0,0,441,400,60,2230,26,689,16,26
"124","2020-04-19",270,2,151,930,4851,0.630179344465059,0,0,441,400,47,2277,43,732,9,43
"125","2020-04-20",286,2,136,909,4851,0.630179344465059,0,0,441,400,48,2325,30,762,13,30
"126","2020-04-21",278,2,119,900,4851,0.630179344465059,0,0,441,400,54,2379,29,791,13,29
"127","2020-04-22",281,2,132,856,4851,0.630179344465059,0,0,441,400,69,2448,45,836,19,45
"128","2020-04-23",283,2,164,855,4851,0.630179344465059,0,0,441,400,55,2503,28,864,16,28
"129","2020-04-24",277,2,180,827,4851,0.630179344465059,0,0,441,400,46,2549,23,887,12,23
"130","2020-04-25",262,2,191,816,4851,0.630179344465059,0,0,441,400,41,2590,30,917,12,30
"131","2020-04-26",265,2,225,800,4851,0.630179344465059,0,0,441,400,54,2644,19,936,10,19
"132","2020-04-27",256,2,228,769,4851,0.630179344465059,0,0,441,400,51,2695,39,975,17,39
"133","2020-04-28",250,2,216,756,4851,0.630179344465059,0,0,441,400,48,2743,45,1020,14,45
"134","2020-04-29",240,2,223,720,4851,0.630179344465059,0,0,441,400,53,2796,38,1058,13,38
"135","2020-04-30",220,2,215,711,4851,0.630179344465059,0,0,441,400,52,2848,64,1122,13,64
"136","2020-05-01",212,2,206,713,4851,0.630179344465059,0,0,441,400,49,2897,30,1152,10,30
"137","2020-05-02",207,2,187,685,4851,0.630179344465059,0,0,441,400,51,2948,50,1202,15,50
"138","2020-05-03",204,2,175,659,4851,0.630179344465059,0,0,441,400,41,2989,45,1247,8,45
"139","2020-05-04",191,2,166,634,4851,0.630179344465059,0,0,441,400,46,3035,40,1287,11,40
"140","2020-05-05",184,2,151,618,4851,0.630179344465059,0,0,441,400,52,3087,43,1330,15,43
"141","2020-05-06",176,2,137,589,4851,0.630179344465059,0,0,441,400,40,3127,41,1371,7,41
"142","2020-05-07",175,2,120,566,4851,0.630179344465059,0,0,441,400,43,3170,44,1415,10,44
"143","2020-05-08",169,2,99,557,4851,0.630179344465059,0,0,441,400,48,3218,43,1458,11,43
"144","2020-05-09",163,2,121,541,4851,0.630179344465059,0,0,441,400,54,3272,38,1496,11,38
"145","2020-05-10",151,2,145,525,4851,0.630179344465059,0,0,441,400,50,3322,31,1527,8,31
"146","2020-05-11",153,2,137,517,4851,0.630179344465059,0,0,441,400,52,3374,33,1560,16,33
"147","2020-05-12",152,2,148,505,4851,0.630179344465059,0,0,441,400,34,3408,47,1607,11,47
"148","2020-05-13",147,2,164,484,4851,0.630179344465059,0,0,441,400,36,3444,35,1642,8,35
"149","2020-05-14",142,2,147,466,4851,0.630179344465059,0,0,441,400,38,3482,46,1688,8,46
"150","2020-05-15",135,2,148,449,4851,0.630179344465059,0,0,441,400,32,3514,21,1709,6,21
"151","2020-05-16",136,2,161,438,4851,0.630179344465059,0,0,441,400,36,3550,22,1731,8,22
"152","2020-05-17",143,2,156,428,4851,0.630179344465059,0,0,441,400,35,3585,22,1753,7,22
"153","2020-05-18",145,2,139,414,4851,0.630179344465059,0,0,441,400,41,3626,26,1779,12,26
"154","2020-05-19",138,2,121,401,4851,0.630179344465059,0,0,441,400,40,3666,41,1820,12,41
"155","2020-05-20",130,2,132,392,4851,0.630179344465059,0,0,441,400,31,3697,16,1836,10,16
"156","2020-05-21",132,2,130,377,4851,0.630179344465059,0,0,441,400,32,3729,28,1864,8,28
"157","2020-05-22",134,2,144,359,4851,0.630179344465059,0,0,441,400,35,3764,34,1898,9,34
"158","2020-05-23",132,2,161,344,4851,0.630179344465059,0,0,441,400,21,3785,36,1934,4,36
"159","2020-05-24",119,2,181,329,4851,0.630179344465059,0,0,441,400,23,3808,23,1957,6,23
"160","2020-05-25",102,2,182,322,4851,0.630179344465059,0,0,441,400,24,3832,20,1977,8,20
"161","2020-05-26",92,2,180,307,4851,0.630179344465059,0,0,441,400,26,3858,11,1988,9,11
"162","2020-05-27",93,2,169,297,4851,0.630179344465059,0,0,441,400,26,3884,21,2009,5,21
"163","2020-05-28",92,2,163,294,4851,0.630179344465059,0,0,441,400,27,3911,32,2041,12,32
"164","2020-05-29",82,2,146,275,4851,0.630179344465059,0,0,441,400,23,3934,18,2059,8,18
"165","2020-05-30",81,2,140,260,4851,0.630179344465059,0,0,441,400,20,3954,26,2085,6,26
"166","2020-05-31",81,2,135,257,4851,0.630179344465059,0,0,441,400,23,3977,22,2107,4,22
"167","2020-06-01",84,2,128,247,4851,0.630179344465059,0,0,441,400,28,4005,11,2118,10,11
"168","2020-06-02",84,2,127,238,4851,0.630179344465059,0,0,441,400,10,4015,22,2140,4,22
"169","2020-06-03",88,2,119,214,4851,0.630179344465059,0,0,441,400,24,4039,20,2160,5,20
"170","2020-06-04",78,2,99,207,4851,0.630179344465059,0,0,441,400,19,4058,15,2175,5,15
"171","2020-06-05",80,2,98,205,4851,0.630179344465059,0,0,441,400,9,4067,13,2188,2,13
"172","2020-06-06",76,2,99,191,4851,0.630179344465059,0,0,441,400,10,4077,15,2203,3,15
"173","2020-06-07",69,2,92,183,4851,0.630179344465059,0,0,441,400,11,4088,17,2220,3,17
"174","2020-03-12",1,3,48,81,5199,0.412579342181189,0,0,410,1069,13,34,20,33,1,20
"175","2020-03-13",2,3,64,120,5199,0.412579342181189,0,0,410,1069,33,67,23,56,19,23
"176","2020-03-14",7,3,72,170,5199,0.412579342181189,0,0,410,1069,30,97,28,84,20,28
"177","2020-03-15",10,3,76,220,5199,0.412579342181189,0,0,410,1069,30,127,36,120,22,36
"178","2020-03-16",15,3,84,273,5199,0.412579342181189,0,0,410,1069,43,170,24,144,34,24
"179","2020-03-17",20,3,84,328,5199,0.412579342181189,0,0,410,1069,39,209,19,163,30,19
"180","2020-03-18",35,3,95,390,5199,0.412579342181189,0,0,410,1069,51,260,30,193,35,30
"181","2020-03-19",51,3,90,437,5199,0.412579342181189,0,0,410,1069,57,317,17,210,53,17
"182","2020-03-20",64,3,135,511,5199,0.412579342181189,0,0,410,1069,59,376,22,232,50,22
"183","2020-03-21",80,3,157,569,5199,0.412579342181189,0,0,410,1069,87,463,37,269,76,37
"184","2020-03-22",98,3,206,614,5199,0.412579342181189,0,0,410,1069,85,548,41,310,69,41
"185","2020-03-23",124,3,240,663,5199,0.412579342181189,0,0,410,1069,90,638,27,337,75,27
"186","2020-03-24",149,3,238,723,5199,0.412579342181189,0,0,410,1069,101,739,28,365,91,28
"187","2020-03-25",166,3,235,768,5199,0.412579342181189,0,0,410,1069,101,840,24,389,90,24
"188","2020-03-26",177,3,212,771,5199,0.412579342181189,0,0,410,1069,114,954,30,419,102,30
"189","2020-03-27",193,3,219,795,5199,0.412579342181189,0,0,410,1069,119,1073,30,449,109,30
"190","2020-03-28",205,3,203,813,5199,0.412579342181189,0,0,410,1069,153,1226,27,476,137,27
"191","2020-03-29",220,3,188,822,5199,0.412579342181189,0,0,410,1069,132,1358,12,488,124,12
"192","2020-03-30",218,3,218,853,5199,0.412579342181189,0,0,410,1069,126,1484,17,505,115,17
"193","2020-03-31",220,3,224,857,5199,0.412579342181189,0,0,410,1069,176,1660,22,527,163,22
"194","2020-04-01",224,3,209,880,5199,0.412579342181189,0,0,410,1069,189,1849,19,546,177,19
"195","2020-04-02",239,3,224,888,5199,0.412579342181189,0,0,410,1069,165,2014,22,568,152,22
"196","2020-04-03",231,3,229,885,5199,0.412579342181189,0,0,410,1069,160,2174,24,592,148,24
"197","2020-04-04",239,3,220,896,5199,0.412579342181189,0,0,410,1069,206,2380,24,616,192,24
"198","2020-04-05",236,3,195,889,5199,0.412579342181189,0,0,410,1069,179,2559,40,656,170,40
"199","2020-04-06",239,3,203,887,5199,0.412579342181189,0,0,410,1069,197,2756,48,704,186,48
"200","2020-04-07",254,3,224,913,5199,0.412579342181189,0,0,410,1069,190,2946,53,757,182,53
"201","2020-04-08",252,3,236,895,5199,0.412579342181189,0,0,410,1069,195,3141,36,793,180,36
"202","2020-04-09",253,3,218,874,5199,0.412579342181189,0,0,410,1069,188,3329,29,822,176,29
"203","2020-04-10",272,3,205,876,5199,0.412579342181189,0,0,410,1069,176,3505,32,854,166,32
"204","2020-04-11",254,3,211,880,5199,0.412579342181189,0,0,410,1069,160,3665,22,876,151,22
"205","2020-04-12",252,3,223,886,5199,0.412579342181189,0,0,410,1069,176,3841,26,902,170,26
"206","2020-04-13",259,3,232,870,5199,0.412579342181189,0,0,410,1069,158,3999,31,933,152,31
"207","2020-04-14",251,3,255,871,5199,0.412579342181189,0,0,410,1069,149,4148,25,958,143,25
"208","2020-04-15",248,3,276,851,5199,0.412579342181189,0,0,410,1069,142,4290,46,1004,132,46
"209","2020-04-16",244,3,302,840,5199,0.412579342181189,0,0,410,1069,123,4413,29,1033,116,29
"210","2020-04-17",233,3,315,842,5199,0.412579342181189,0,0,410,1069,128,4541,40,1073,121,40
"211","2020-04-18",236,3,298,834,5199,0.412579342181189,0,0,410,1069,118,4659,24,1097,109,24
"212","2020-04-19",240,3,296,829,5199,0.412579342181189,0,0,410,1069,102,4761,24,1121,96,24
"213","2020-04-20",229,3,311,803,5199,0.412579342181189,0,0,410,1069,100,4861,31,1152,88,31
"214","2020-04-21",229,3,305,779,5199,0.412579342181189,0,0,410,1069,99,4960,45,1197,98,45
"215","2020-04-22",233,3,304,765,5199,0.412579342181189,0,0,410,1069,89,5049,36,1233,80,36
"216","2020-04-23",225,3,295,759,5199,0.412579342181189,0,0,410,1069,70,5119,43,1276,62,43
"217","2020-04-24",223,3,283,769,5199,0.412579342181189,0,0,410,1069,85,5204,48,1324,78,48
"218","2020-04-25",227,3,284,761,5199,0.412579342181189,0,0,410,1069,72,5276,32,1356,67,32
"219","2020-04-26",229,3,268,746,5199,0.412579342181189,0,0,410,1069,66,5342,35,1391,59,35
"220","2020-04-27",229,3,249,737,5199,0.412579342181189,0,0,410,1069,66,5408,47,1438,59,47
"221","2020-04-28",213,3,276,729,5199,0.412579342181189,0,0,410,1069,63,5471,30,1468,55,30
"222","2020-04-29",205,3,292,724,5199,0.412579342181189,0,0,410,1069,37,5508,24,1492,28,24
"223","2020-04-30",205,3,291,729,5199,0.412579342181189,0,0,410,1069,47,5555,23,1515,41,23
"224","2020-05-01",212,3,285,696,5199,0.412579342181189,0,0,410,1069,29,5584,24,1539,24,24
"225","2020-05-02",204,3,270,680,5199,0.412579342181189,0,0,410,1069,39,5623,25,1564,31,25
"226","2020-05-03",190,3,277,675,5199,0.412579342181189,0,0,410,1069,48,5671,44,1608,44,44
"227","2020-05-04",187,3,269,665,5199,0.412579342181189,0,0,410,1069,40,5711,25,1633,36,25
"228","2020-05-05",199,3,252,664,5199,0.412579342181189,0,0,410,1069,28,5739,43,1676,22,43
"229","2020-05-06",195,3,243,674,5199,0.412579342181189,0,0,410,1069,22,5761,36,1712,18,36
"230","2020-05-07",180,3,303,635,5199,0.412579342181189,0,0,410,1069,24,5785,54,1766,17,54
"231","2020-05-08",172,3,320,631,5199,0.412579342181189,0,0,410,1069,19,5804,27,1793,16,27
"232","2020-05-09",174,3,312,613,5199,0.412579342181189,0,0,410,1069,22,5826,22,1815,20,22
"233","2020-05-10",173,3,354,609,5199,0.412579342181189,0,0,410,1069,26,5852,59,1874,18,59
"234","2020-05-11",171,3,359,585,5199,0.412579342181189,0,0,410,1069,26,5878,45,1919,18,45
"235","2020-05-12",156,3,365,573,5199,0.412579342181189,0,0,410,1069,22,5900,25,1944,17,25
"236","2020-05-13",151,3,366,558,5199,0.412579342181189,0,0,410,1069,21,5921,37,1981,14,37
"237","2020-05-14",149,3,338,548,5199,0.412579342181189,0,0,410,1069,15,5936,33,2014,11,33
"238","2020-05-15",147,3,359,537,5199,0.412579342181189,0,0,410,1069,19,5955,42,2056,14,42
"239","2020-05-16",141,3,354,512,5199,0.412579342181189,0,0,410,1069,21,5976,27,2083,15,27
"240","2020-05-17",145,3,314,492,5199,0.412579342181189,0,0,410,1069,11,5987,24,2107,7,24
"241","2020-05-18",143,3,306,477,5199,0.412579342181189,0,0,410,1069,13,6000,22,2129,7,22
"242","2020-05-19",141,3,286,457,5199,0.412579342181189,0,0,410,1069,13,6013,20,2149,8,20
"243","2020-05-20",139,3,281,430,5199,0.412579342181189,0,0,410,1069,14,6027,38,2187,7,38
"244","2020-05-21",143,3,290,424,5199,0.412579342181189,0,0,410,1069,17,6044,34,2221,14,34
"245","2020-05-22",130,3,296,397,5199,0.412579342181189,0,0,410,1069,13,6057,36,2257,9,36
"246","2020-05-23",126,3,293,381,5199,0.412579342181189,0,0,410,1069,13,6070,25,2282,8,25
"247","2020-05-24",111,3,287,354,5199,0.412579342181189,0,0,410,1069,10,6080,26,2308,8,26
"248","2020-05-25",105,3,278,341,5199,0.412579342181189,0,0,410,1069,17,6097,23,2331,11,23
"249","2020-05-26",100,3,266,319,5199,0.412579342181189,0,0,410,1069,7,6104,31,2362,5,31
"250","2020-05-27",97,3,273,305,5199,0.412579342181189,0,0,410,1069,8,6112,40,2402,8,40
"251","2020-05-28",88,3,305,293,5199,0.412579342181189,0,0,410,1069,8,6120,44,2446,7,44
"252","2020-05-29",85,3,319,282,5199,0.412579342181189,0,0,410,1069,9,6129,51,2497,8,51
"253","2020-05-30",87,3,322,286,5199,0.412579342181189,0,0,410,1069,8,6137,30,2527,7,30
"254","2020-05-31",91,3,331,274,5199,0.412579342181189,0,0,410,1069,16,6153,28,2555,14,28
"255","2020-06-01",89,3,313,268,5199,0.412579342181189,0,0,410,1069,7,6160,33,2588,6,33
"256","2020-06-02",87,3,316,257,5199,0.412579342181189,0,0,410,1069,4,6164,37,2625,4,37
"257","2020-06-03",83,3,311,254,5199,0.412579342181189,0,0,410,1069,9,6173,29,2654,7,29
"258","2020-06-04",82,3,302,250,5199,0.412579342181189,0,0,410,1069,4,6177,20,2674,3,20
"259","2020-06-05",79,3,314,236,5199,0.412579342181189,0,0,410,1069,6,6183,36,2710,6,36
"260","2020-06-06",72,3,327,224,5199,0.412579342181189,0,0,410,1069,5,6188,20,2730,4,20
"261","2020-06-07",67,3,316,213,5199,0.412579342181189,0,0,410,1069,7,6195,35,2765,4,35
"262","2020-03-12",1,4,56,36,4712,0.681663837011885,0,0,389,587,48,80,36,54,3,36
"263","2020-03-13",1,4,73,64,4712,0.681663837011885,0,0,389,587,48,128,21,75,15,21
"264","2020-03-14",5,4,74,93,4712,0.681663837011885,0,0,389,587,72,200,10,85,36,10
"265","2020-03-15",7,4,88,124,4712,0.681663837011885,0,0,389,587,81,281,49,134,51,49
"266","2020-03-16",12,4,103,158,4712,0.681663837011885,0,0,389,587,99,380,64,198,63,64
"267","2020-03-17",18,4,123,188,4712,0.681663837011885,0,0,389,587,187,567,30,228,151,30
"268","2020-03-18",24,4,144,221,4712,0.681663837011885,0,0,389,587,221,788,60,288,183,60
"269","2020-03-19",32,4,162,266,4712,0.681663837011885,0,0,389,587,278,1066,30,318,232,30
"270","2020-03-20",41,4,164,291,4712,0.681663837011885,0,0,389,587,365,1431,42,360,314,42
"271","2020-03-21",47,4,163,322,4712,0.681663837011885,0,0,389,587,390,1821,27,387,362,27
"272","2020-03-22",58,4,176,361,4712,0.681663837011885,0,0,389,587,451,2272,25,412,417,25
"273","2020-03-23",63,4,167,389,4712,0.681663837011885,0,0,389,587,612,2884,17,429,582,17
"274","2020-03-24",82,4,167,431,4712,0.681663837011885,0,0,389,587,528,3412,17,446,496,17
"275","2020-03-25",89,4,141,475,4712,0.681663837011885,0,0,389,587,579,3991,15,461,547,15
"276","2020-03-26",104,4,133,497,4712,0.681663837011885,0,0,389,587,459,4450,10,471,435,10
"277","2020-03-27",119,4,114,515,4712,0.681663837011885,0,0,389,587,570,5020,4,475,552,4
"278","2020-03-28",125,4,107,557,4712,0.681663837011885,0,0,389,587,414,5434,10,485,397,10
"279","2020-03-29",134,4,83,590,4712,0.681663837011885,0,0,389,587,341,5775,8,493,324,8
"280","2020-03-30",158,4,86,624,4712,0.681663837011885,0,0,389,587,308,6083,75,568,296,75
"281","2020-03-31",154,4,88,640,4712,0.681663837011885,0,0,389,587,234,6317,19,587,223,19
"282","2020-04-01",163,4,92,702,4712,0.681663837011885,0,0,389,587,287,6604,64,651,272,64
"283","2020-04-02",163,4,119,726,4712,0.681663837011885,0,0,389,587,234,6838,21,672,222,21
"284","2020-04-03",159,4,104,757,4712,0.681663837011885,0,0,389,587,198,7036,26,698,188,26
"285","2020-04-04",180,4,113,778,4712,0.681663837011885,0,0,389,587,153,7189,67,765,147,67
"286","2020-04-05",183,4,144,809,4712,0.681663837011885,0,0,389,587,100,7289,50,815,91,50
"287","2020-04-06",177,4,148,832,4712,0.681663837011885,0,0,389,587,61,7350,57,872,60,57
"288","2020-04-07",185,4,185,838,4712,0.681663837011885,0,0,389,587,67,7417,68,940,60,68
"289","2020-04-08",197,4,154,878,4712,0.681663837011885,0,0,389,587,47,7464,38,978,39,38
"290","2020-04-09",217,4,124,889,4712,0.681663837011885,0,0,389,587,54,7518,28,1006,50,28
"291","2020-04-10",240,4,107,918,4712,0.681663837011885,0,0,389,587,36,7554,26,1032,33,26
"292","2020-04-11",228,4,131,930,4712,0.681663837011885,0,0,389,587,22,7576,22,1054,17,22
"293","2020-04-12",236,4,149,948,4712,0.681663837011885,0,0,389,587,28,7604,18,1072,22,18
"294","2020-04-13",249,4,149,950,4712,0.681663837011885,0,0,389,587,17,7621,8,1080,14,8
"295","2020-04-14",258,4,167,925,4712,0.681663837011885,0,0,389,587,7,7628,15,1095,7,15
"296","2020-04-15",269,4,172,912,4712,0.681663837011885,0,0,389,587,12,7640,12,1107,6,12
"297","2020-04-16",255,4,167,890,4712,0.681663837011885,0,0,389,587,13,7653,2,1109,9,2
"298","2020-04-17",246,4,184,867,4712,0.681663837011885,0,0,389,587,5,7658,7,1116,4,7
"299","2020-04-18",249,4,165,859,4712,0.681663837011885,0,0,389,587,9,7667,12,1128,4,12
"300","2020-04-19",250,4,195,857,4712,0.681663837011885,0,0,389,587,4,7671,75,1203,3,75
"301","2020-04-20",232,4,226,852,4712,0.681663837011885,0,0,389,587,4,7675,32,1235,2,32
"302","2020-04-21",218,4,223,830,4712,0.681663837011885,0,0,389,587,7,7682,17,1252,4,17
"303","2020-04-22",211,4,260,828,4712,0.681663837011885,0,0,389,587,5,7687,35,1287,3,35
"304","2020-04-23",216,4,267,801,4712,0.681663837011885,0,0,389,587,6,7693,50,1337,3,50
"305","2020-04-24",223,4,246,785,4712,0.681663837011885,0,0,389,587,6,7699,23,1360,2,23
"306","2020-04-25",227,4,264,772,4712,0.681663837011885,0,0,389,587,5,7704,25,1385,1,25
"307","2020-04-26",226,4,252,763,4712,0.681663837011885,0,0,389,587,3,7707,88,1473,3,88
"308","2020-04-27",235,4,213,752,4712,0.681663837011885,0,0,389,587,13,7720,49,1522,5,49
"309","2020-04-28",232,4,171,751,4712,0.681663837011885,0,0,389,587,NA,NA,29,1551,NA,29
"310","2020-04-29",220,4,162,736,4712,0.681663837011885,0,0,389,587,5,7725,18,1569,2,18
"311","2020-04-30",212,4,192,732,4712,0.681663837011885,0,0,389,587,3,7728,16,1585,2,16
"312","2020-05-01",194,4,191,707,4712,0.681663837011885,0,0,389,587,9,7737,27,1612,3,27
"313","2020-05-02",193,4,168,698,4712,0.681663837011885,0,0,389,587,5,7742,61,1673,2,61
"314","2020-05-03",199,4,131,661,4712,0.681663837011885,0,0,389,587,3,7745,61,1734,NA,61
"315","2020-05-04",202,4,130,656,4712,0.681663837011885,0,0,389,587,5,7750,85,1819,2,85
"316","2020-05-05",205,4,165,624,4712,0.681663837011885,0,0,389,587,4,7754,74,1893,3,74
"317","2020-05-06",206,4,170,611,4712,0.681663837011885,0,0,389,587,5,7759,39,1932,1,39
"318","2020-05-07",199,4,166,610,4712,0.681663837011885,0,0,389,587,3,7762,15,1947,1,15
"319","2020-05-08",203,4,150,604,4712,0.681663837011885,0,0,389,587,2,7764,15,1962,1,15
"320","2020-05-09",200,4,136,576,4712,0.681663837011885,0,0,389,587,2,7766,43,2005,NA,43
"321","2020-05-10",183,4,124,563,4712,0.681663837011885,0,0,389,587,4,7770,54,2059,1,54
"322","2020-05-11",170,4,115,549,4712,0.681663837011885,0,0,389,587,2,7772,28,2087,1,28
"323","2020-05-12",166,4,118,528,4712,0.681663837011885,0,0,389,587,3,7775,21,2108,2,21
"324","2020-05-13",157,4,147,514,4712,0.681663837011885,0,0,389,587,7,7782,48,2156,NA,48
"325","2020-05-14",149,4,186,500,4712,0.681663837011885,0,0,389,587,2,7784,58,2214,NA,58
"326","2020-05-15",143,4,184,479,4712,0.681663837011885,0,0,389,587,2,7786,50,2264,1,50
"327","2020-05-16",137,4,200,468,4712,0.681663837011885,0,0,389,587,NA,NA,25,2289,NA,25
"328","2020-05-17",136,4,223,461,4712,0.681663837011885,0,0,389,587,3,7789,54,2343,2,54
"329","2020-05-18",126,4,217,455,4712,0.681663837011885,0,0,389,587,3,7792,52,2395,2,52
"330","2020-05-19",122,4,238,426,4712,0.681663837011885,0,0,389,587,2,7794,51,2446,NA,51
"331","2020-05-20",120,4,241,419,4712,0.681663837011885,0,0,389,587,3,7797,28,2474,1,28
"332","2020-05-21",127,4,236,405,4712,0.681663837011885,0,0,389,587,NA,NA,26,2500,NA,26
"333","2020-05-22",120,4,234,398,4712,0.681663837011885,0,0,389,587,2,7799,17,2517,NA,17
"334","2020-05-23",120,4,239,405,4712,0.681663837011885,0,0,389,587,NA,NA,19,2536,NA,19
"335","2020-05-24",103,4,241,378,4712,0.681663837011885,0,0,389,587,1,7800,53,2589,1,53
"336","2020-05-25",115,4,249,374,4712,0.681663837011885,0,0,389,587,1,7801,37,2626,NA,37
"337","2020-05-26",111,4,231,365,4712,0.681663837011885,0,0,389,587,3,7804,15,2641,2,15
"338","2020-05-27",112,4,209,354,4712,0.681663837011885,0,0,389,587,2,7806,13,2654,NA,13
"339","2020-05-28",110,4,195,331,4712,0.681663837011885,0,0,389,587,1,7807,13,2667,NA,13
"340","2020-05-29",106,4,200,325,4712,0.681663837011885,0,0,389,587,1,7808,16,2683,NA,16
"341","2020-05-30",100,4,200,299,4712,0.681663837011885,0,0,389,587,2,7810,54,2737,NA,54
"342","2020-05-31",109,4,196,303,4712,0.681663837011885,0,0,389,587,NA,NA,29,2766,NA,29
"343","2020-06-01",98,4,212,300,4712,0.681663837011885,0,0,389,587,2,7812,69,2835,1,69
"344","2020-06-02",103,4,194,291,4712,0.681663837011885,0,0,389,587,1,7813,63,2898,1,63
"345","2020-06-03",105,4,186,287,4712,0.681663837011885,0,0,389,587,NA,NA,52,2950,NA,52
"346","2020-06-04",99,4,178,278,4712,0.681663837011885,0,0,389,587,3,7816,30,2980,3,30
"347","2020-06-05",99,4,187,274,4712,0.681663837011885,0,0,389,587,1,7817,50,3030,NA,50
"348","2020-06-06",95,4,169,255,4712,0.681663837011885,0,0,389,587,4,7821,30,3060,1,30
"349","2020-06-07",90,4,162,234,4712,0.681663837011885,0,0,389,587,NA,NA,32,3092,NA,32
"350","2020-03-13",3,5,38,79,4013,0.451034139048094,0,0,353,346,11,42,21,54,2,21
"351","2020-03-14",5,5,35,101,4013,0.451034139048094,0,0,353,346,11,53,25,79,6,25
"352","2020-03-15",9,5,33,131,4013,0.451034139048094,0,0,353,346,21,74,14,93,5,14
"353","2020-03-16",15,5,51,161,4013,0.451034139048094,0,0,353,346,24,98,16,109,7,16
"354","2020-03-17",22,5,72,197,4013,0.451034139048094,0,0,353,346,25,123,20,129,14,20
"355","2020-03-18",31,5,75,229,4013,0.451034139048094,0,0,353,346,26,149,23,152,6,23
"356","2020-03-19",35,5,73,261,4013,0.451034139048094,0,0,353,346,30,179,32,184,17,32
"357","2020-03-20",48,5,65,293,4013,0.451034139048094,0,0,353,346,27,206,25,209,19,25
"358","2020-03-21",60,5,56,320,4013,0.451034139048094,0,0,353,346,32,238,14,223,20,14
"359","2020-03-22",70,5,59,353,4013,0.451034139048094,0,0,353,346,39,277,41,264,21,41
"360","2020-03-23",71,5,64,390,4013,0.451034139048094,0,0,353,346,32,309,27,291,22,27
"361","2020-03-24",75,5,51,425,4013,0.451034139048094,0,0,353,346,33,342,21,312,20,21
"362","2020-03-25",89,5,64,457,4013,0.451034139048094,0,0,353,346,27,369,14,326,20,14
"363","2020-03-26",99,5,60,483,4013,0.451034139048094,0,0,353,346,47,416,20,346,33,20
"364","2020-03-27",101,5,60,520,4013,0.451034139048094,0,0,353,346,53,469,13,359,35,13
"365","2020-03-28",106,5,78,559,4013,0.451034139048094,0,0,353,346,43,512,47,406,27,47
"366","2020-03-29",104,5,87,584,4013,0.451034139048094,0,0,353,346,48,560,39,445,30,39
"367","2020-03-30",114,5,97,628,4013,0.451034139048094,0,0,353,346,39,599,49,494,25,49
"368","2020-03-31",129,5,90,643,4013,0.451034139048094,0,0,353,346,41,640,46,540,22,46
"369","2020-04-01",132,5,104,648,4013,0.451034139048094,0,0,353,346,44,684,49,589,32,49
"370","2020-04-02",143,5,107,672,4013,0.451034139048094,0,0,353,346,47,731,58,647,26,58
"371","2020-04-03",149,5,99,701,4013,0.451034139048094,0,0,353,346,46,777,32,679,35,32
"372","2020-04-04",161,5,112,740,4013,0.451034139048094,0,0,353,346,41,818,33,712,32,33
"373","2020-04-05",179,5,107,728,4013,0.451034139048094,0,0,353,346,37,855,26,738,25,26
"374","2020-04-06",184,5,113,739,4013,0.451034139048094,0,0,353,346,59,914,19,757,30,19
"375","2020-04-07",190,5,102,728,4013,0.451034139048094,0,0,353,346,41,955,29,786,25,29
"376","2020-04-08",204,5,86,721,4013,0.451034139048094,0,0,353,346,33,988,27,813,17,27
"377","2020-04-09",204,5,83,722,4013,0.451034139048094,0,0,353,346,42,1030,13,826,20,13
"378","2020-04-10",214,5,68,725,4013,0.451034139048094,0,0,353,346,33,1063,19,845,20,19
"379","2020-04-11",210,5,81,742,4013,0.451034139048094,0,0,353,346,33,1096,30,875,22,30
"380","2020-04-12",211,5,72,737,4013,0.451034139048094,0,0,353,346,43,1139,30,905,26,30
"381","2020-04-13",217,5,88,735,4013,0.451034139048094,0,0,353,346,41,1180,35,940,21,35
"382","2020-04-14",216,5,99,745,4013,0.451034139048094,0,0,353,346,42,1222,52,992,24,52
"383","2020-04-15",207,5,109,745,4013,0.451034139048094,0,0,353,346,43,1265,78,1070,25,78
"384","2020-04-16",218,5,111,766,4013,0.451034139048094,0,0,353,346,45,1310,63,1133,31,63
"385","2020-04-17",208,5,117,746,4013,0.451034139048094,0,0,353,346,44,1354,37,1170,25,37
"386","2020-04-18",211,5,130,735,4013,0.451034139048094,0,0,353,346,39,1393,31,1201,27,31
"387","2020-04-19",208,5,157,705,4013,0.451034139048094,0,0,353,346,39,1432,29,1230,26,29
"388","2020-04-20",212,5,197,697,4013,0.451034139048094,0,0,353,346,28,1460,29,1259,17,29
"389","2020-04-21",204,5,184,690,4013,0.451034139048094,0,0,353,346,38,1498,27,1286,21,27
"390","2020-04-22",199,5,180,684,4013,0.451034139048094,0,0,353,346,26,1524,18,1304,15,18
"391","2020-04-23",192,5,160,670,4013,0.451034139048094,0,0,353,346,37,1561,17,1321,13,17
"392","2020-04-24",191,5,142,666,4013,0.451034139048094,0,0,353,346,39,1600,17,1338,23,17
"393","2020-04-25",184,5,154,653,4013,0.451034139048094,0,0,353,346,37,1637,22,1360,20,22
"394","2020-04-26",191,5,165,643,4013,0.451034139048094,0,0,353,346,37,1674,34,1394,17,34
"395","2020-04-27",181,5,146,629,4013,0.451034139048094,0,0,353,346,32,1706,27,1421,18,27
"396","2020-04-28",175,5,167,595,4013,0.451034139048094,0,0,353,346,37,1743,34,1455,26,34
"397","2020-04-29",180,5,160,572,4013,0.451034139048094,0,0,353,346,34,1777,63,1518,16,63
"398","2020-04-30",175,5,146,564,4013,0.451034139048094,0,0,353,346,36,1813,47,1565,21,47
"399","2020-05-01",176,5,126,549,4013,0.451034139048094,0,0,353,346,31,1844,31,1596,18,31
"400","2020-05-02",172,5,136,527,4013,0.451034139048094,0,0,353,346,40,1884,67,1663,21,67
"401","2020-05-03",158,5,151,520,4013,0.451034139048094,0,0,353,346,26,1910,47,1710,11,47
"402","2020-05-04",162,5,152,515,4013,0.451034139048094,0,0,353,346,18,1928,38,1748,10,38
"403","2020-05-05",163,5,164,500,4013,0.451034139048094,0,0,353,346,30,1958,26,1774,16,26
"404","2020-05-06",156,5,180,493,4013,0.451034139048094,0,0,353,346,31,1989,23,1797,12,23
"405","2020-05-07",146,5,184,463,4013,0.451034139048094,0,0,353,346,30,2019,39,1836,16,39
"406","2020-05-08",142,5,169,452,4013,0.451034139048094,0,0,353,346,29,2048,50,1886,14,50
"407","2020-05-09",149,5,153,452,4013,0.451034139048094,0,0,353,346,33,2081,45,1931,14,45
"408","2020-05-10",145,5,139,427,4013,0.451034139048094,0,0,353,346,28,2109,36,1967,11,36
"409","2020-05-11",136,5,133,415,4013,0.451034139048094,0,0,353,346,30,2139,23,1990,13,23
"410","2020-05-12",136,5,116,411,4013,0.451034139048094,0,0,353,346,24,2163,31,2021,14,31
"411","2020-05-13",136,5,114,391,4013,0.451034139048094,0,0,353,346,29,2192,19,2040,10,19
"412","2020-05-14",136,5,101,395,4013,0.451034139048094,0,0,353,346,40,2232,23,2063,21,23
"413","2020-05-15",130,5,101,395,4013,0.451034139048094,0,0,353,346,24,2256,32,2095,14,32
"414","2020-05-16",120,5,102,375,4013,0.451034139048094,0,0,353,346,25,2281,40,2135,15,40
"415","2020-05-17",119,5,125,364,4013,0.451034139048094,0,0,353,346,24,2305,28,2163,11,28
"416","2020-05-18",122,5,143,350,4013,0.451034139048094,0,0,353,346,21,2326,29,2192,13,29
"417","2020-05-19",123,5,149,368,4013,0.451034139048094,0,0,353,346,24,2350,34,2226,12,34
"418","2020-05-20",112,5,165,349,4013,0.451034139048094,0,0,353,346,16,2366,15,2241,8,15
"419","2020-05-21",108,5,166,352,4013,0.451034139048094,0,0,353,346,22,2388,32,2273,10,32
"420","2020-05-22",114,5,153,334,4013,0.451034139048094,0,0,353,346,24,2412,28,2301,9,28
"421","2020-05-23",110,5,152,322,4013,0.451034139048094,0,0,353,346,19,2431,27,2328,9,27
"422","2020-05-24",113,5,132,310,4013,0.451034139048094,0,0,353,346,24,2455,40,2368,13,40
"423","2020-05-25",105,5,138,306,4013,0.451034139048094,0,0,353,346,22,2477,27,2395,10,27
"424","2020-05-26",92,5,133,283,4013,0.451034139048094,0,0,353,346,19,2496,21,2416,11,21
"425","2020-05-27",89,5,117,278,4013,0.451034139048094,0,0,353,346,16,2512,28,2444,10,28
"426","2020-05-28",89,5,121,260,4013,0.451034139048094,0,0,353,346,20,2532,13,2457,13,13
"427","2020-05-29",76,5,121,249,4013,0.451034139048094,0,0,353,346,32,2564,14,2471,19,14
"428","2020-05-30",71,5,123,242,4013,0.451034139048094,0,0,353,346,22,2586,39,2510,13,39
"429","2020-05-31",61,5,120,243,4013,0.451034139048094,0,0,353,346,26,2612,29,2539,12,29
"430","2020-06-01",62,5,120,228,4013,0.451034139048094,0,0,353,346,13,2625,31,2570,8,31
"431","2020-06-02",70,5,129,217,4013,0.451034139048094,0,0,353,346,13,2638,37,2607,6,37
"432","2020-06-03",69,5,129,209,4013,0.451034139048094,0,0,353,346,21,2659,38,2645,14,38
"433","2020-06-04",73,5,117,217,4013,0.451034139048094,0,0,353,346,19,2678,38,2683,15,38
"434","2020-06-05",79,5,110,213,4013,0.451034139048094,0,0,353,346,24,2702,45,2728,16,45
"435","2020-06-06",76,5,94,206,4013,0.451034139048094,0,0,353,346,18,2720,38,2766,15,38
"436","2020-06-07",74,5,95,208,4013,0.451034139048094,0,0,353,346,9,2729,27,2793,6,27
"437","2020-03-13",1,6,101,94,8127,0.908576350436816,0,0,632,1106,35,83,12,37,6,12
"438","2020-03-14",3,6,101,133,8127,0.908576350436816,0,0,632,1106,36,119,25,62,9,25
"439","2020-03-15",9,6,127,184,8127,0.908576350436816,0,0,632,1106,31,150,18,80,12,18
"440","2020-03-16",10,6,135,259,8127,0.908576350436816,0,0,632,1106,35,185,22,102,11,22
"441","2020-03-17",16,6,146,382,8127,0.908576350436816,0,0,632,1106,41,226,15,117,12,15
"442","2020-03-18",34,6,141,503,8127,0.908576350436816,0,0,632,1106,39,265,14,131,17,14
"443","2020-03-19",42,6,128,649,8127,0.908576350436816,0,0,632,1106,36,301,40,171,13,40
"444","2020-03-20",71,6,150,838,8127,0.908576350436816,0,0,632,1106,46,347,20,191,18,20
"445","2020-03-21",94,6,152,1072,8127,0.908576350436816,0,0,632,1106,47,394,45,236,15,45
"446","2020-03-22",129,6,145,1335,8127,0.908576350436816,0,0,632,1106,35,429,35,271,15,35
"447","2020-03-23",185,6,132,1699,8127,0.908576350436816,0,0,632,1106,34,463,43,314,6,43
"448","2020-03-24",237,6,164,2054,8127,0.908576350436816,0,0,632,1106,45,508,26,340,14,26
"449","2020-03-25",282,6,185,2343,8127,0.908576350436816,0,0,632,1106,40,548,50,390,12,50
"450","2020-03-26",362,6,189,2731,8127,0.908576350436816,0,0,632,1106,50,598,30,420,16,30
"451","2020-03-27",444,6,173,3146,8127,0.908576350436816,0,0,632,1106,38,636,33,453,16,33
"452","2020-03-28",544,6,146,3454,8127,0.908576350436816,0,0,632,1106,43,679,22,475,12,22
"453","2020-03-29",661,6,133,3824,8127,0.908576350436816,0,0,632,1106,37,716,47,522,12,47
"454","2020-03-30",756,6,142,4126,8127,0.908576350436816,0,0,632,1106,44,760,24,546,15,24
"455","2020-03-31",862,6,189,4307,8127,0.908576350436816,0,0,632,1106,37,797,12,558,17,12
"456","2020-04-01",961,6,188,4501,8127,0.908576350436816,0,0,632,1106,47,844,12,570,21,12
"457","2020-04-02",1065,6,166,4586,8127,0.908576350436816,0,0,632,1106,47,891,10,580,19,10
"458","2020-04-03",1140,6,144,4524,8127,0.908576350436816,0,0,632,1106,46,937,12,592,15,12
"459","2020-04-04",1217,6,126,4407,8127,0.908576350436816,0,0,632,1106,70,1007,38,630,27,38
"460","2020-04-05",1251,6,112,4217,8127,0.908576350436816,0,0,632,1106,53,1060,73,703,23,73
"461","2020-04-06",1277,6,102,3912,8127,0.908576350436816,0,0,632,1106,51,1111,28,731,23,28
"462","2020-04-07",1274,6,107,3583,8127,0.908576350436816,0,0,632,1106,43,1154,42,773,11,42
"463","2020-04-08",1285,6,145,3211,8127,0.908576350436816,0,0,632,1106,43,1197,20,793,22,20
"464","2020-04-09",1225,6,151,2846,8127,0.908576350436816,0,0,632,1106,43,1240,16,809,12,16
"465","2020-04-10",1159,6,140,2501,8127,0.908576350436816,0,0,632,1106,59,1299,15,824,22,15
"466","2020-04-11",1063,6,132,2132,8127,0.908576350436816,0,0,632,1106,45,1344,11,835,15,11
"467","2020-04-12",963,6,159,1801,8127,0.908576350436816,0,0,632,1106,43,1387,9,844,7,9
"468","2020-04-13",850,6,168,1517,8127,0.908576350436816,0,0,632,1106,46,1433,17,861,16,17
"469","2020-04-14",745,6,197,1269,8127,0.908576350436816,0,0,632,1106,43,1476,32,893,16,32
"470","2020-04-15",621,6,248,1025,8127,0.908576350436816,0,0,632,1106,57,1533,42,935,22,42
"471","2020-04-16",528,6,272,830,8127,0.908576350436816,0,0,632,1106,47,1580,58,993,16,58
"472","2020-04-17",439,6,243,661,8127,0.908576350436816,0,0,632,1106,60,1640,39,1032,23,39
"473","2020-04-18",350,6,223,522,8127,0.908576350436816,0,0,632,1106,48,1688,21,1053,12,21
"474","2020-04-19",271,6,215,436,8127,0.908576350436816,0,0,632,1106,48,1736,15,1068,14,15
"475","2020-04-20",223,6,182,354,8127,0.908576350436816,0,0,632,1106,43,1779,16,1084,17,16
"476","2020-04-21",181,6,169,289,8127,0.908576350436816,0,0,632,1106,51,1830,17,1101,20,17
"477","2020-04-22",144,6,168,234,8127,0.908576350436816,0,0,632,1106,45,1875,50,1151,14,50
"478","2020-04-23",116,6,194,203,8127,0.908576350436816,0,0,632,1106,45,1920,49,1200,17,49
"479","2020-04-24",93,6,180,165,8127,0.908576350436816,0,0,632,1106,38,1958,17,1217,10,17
"480","2020-04-25",80,6,166,138,8127,0.908576350436816,0,0,632,1106,56,2014,20,1237,16,20
"481","2020-04-26",68,6,172,124,8127,0.908576350436816,0,0,632,1106,50,2064,50,1287,18,50
"482","2020-04-27",53,6,189,111,8127,0.908576350436816,0,0,632,1106,41,2105,53,1340,16,53
"483","2020-04-28",40,6,181,96,8127,0.908576350436816,0,0,632,1106,35,2140,26,1366,10,26
"484","2020-04-29",33,6,164,86,8127,0.908576350436816,0,0,632,1106,49,2189,42,1408,11,42
"485","2020-04-30",25,6,152,78,8127,0.908576350436816,0,0,632,1106,43,2232,40,1448,11,40
"486","2020-05-01",17,6,137,76,8127,0.908576350436816,0,0,632,1106,29,2261,46,1494,4,46
"487","2020-05-02",16,6,175,63,8127,0.908576350436816,0,0,632,1106,43,2304,34,1528,18,34
"488","2020-05-03",17,6,184,56,8127,0.908576350436816,0,0,632,1106,41,2345,17,1545,7,17
"489","2020-05-04",17,6,181,49,8127,0.908576350436816,0,0,632,1106,44,2389,11,1556,16,11
"490","2020-05-05",21,6,182,50,8127,0.908576350436816,0,0,632,1106,48,2437,22,1578,13,22
"491","2020-05-06",19,6,223,47,8127,0.908576350436816,0,0,632,1106,33,2470,22,1600,12,22
"492","2020-05-07",19,6,235,45,8127,0.908576350436816,0,0,632,1106,51,2521,15,1615,20,15
"493","2020-05-08",20,6,240,43,8127,0.908576350436816,0,0,632,1106,59,2580,15,1630,17,15
"494","2020-05-09",21,6,234,46,8127,0.908576350436816,0,0,632,1106,41,2621,43,1673,17,43
"495","2020-05-10",20,6,228,46,8127,0.908576350436816,0,0,632,1106,59,2680,50,1723,19,50
"496","2020-05-11",18,6,217,47,8127,0.908576350436816,0,0,632,1106,35,2715,40,1763,7,40
"497","2020-05-12",14,6,194,40,8127,0.908576350436816,0,0,632,1106,29,2744,64,1827,8,64
"498","2020-05-13",12,6,169,41,8127,0.908576350436816,0,0,632,1106,36,2780,38,1865,11,38
"499","2020-05-14",10,6,162,38,8127,0.908576350436816,0,0,632,1106,31,2811,30,1895,7,30
"500","2020-05-15",10,6,154,34,8127,0.908576350436816,0,0,632,1106,37,2848,44,1939,11,44
"501","2020-05-16",6,6,149,34,8127,0.908576350436816,0,0,632,1106,26,2874,29,1968,6,29
"502","2020-05-17",6,6,161,29,8127,0.908576350436816,0,0,632,1106,28,2902,49,2017,8,49
"503","2020-05-18",7,6,164,29,8127,0.908576350436816,0,0,632,1106,33,2935,67,2084,10,67
"504","2020-05-19",7,6,171,27,8127,0.908576350436816,0,0,632,1106,25,2960,49,2133,2,49
"505","2020-05-20",9,6,166,26,8127,0.908576350436816,0,0,632,1106,32,2992,43,2176,5,43
"506","2020-05-21",9,6,143,25,8127,0.908576350436816,0,0,632,1106,27,3019,15,2191,10,15
"507","2020-05-22",8,6,125,26,8127,0.908576350436816,0,0,632,1106,33,3052,24,2215,15,24
"508","2020-05-23",10,6,138,22,8127,0.908576350436816,0,0,632,1106,29,3081,19,2234,9,19
"509","2020-05-24",10,6,164,20,8127,0.908576350436816,0,0,632,1106,21,3102,14,2248,15,14
"510","2020-05-25",9,6,160,17,8127,0.908576350436816,0,0,632,1106,23,3125,5,2253,10,5
"511","2020-05-26",9,6,142,16,8127,0.908576350436816,0,0,632,1106,24,3149,21,2274,15,21
"512","2020-05-27",9,6,136,14,8127,0.908576350436816,0,0,632,1106,14,3163,32,2306,3,32
"513","2020-05-28",8,6,167,16,8127,0.908576350436816,0,0,632,1106,32,3195,50,2356,12,50
"514","2020-05-29",7,6,165,14,8127,0.908576350436816,0,0,632,1106,23,3218,20,2376,5,20
"515","2020-05-30",5,6,148,14,8127,0.908576350436816,0,0,632,1106,19,3237,24,2400,5,24
"516","2020-05-31",4,6,138,13,8127,0.908576350436816,0,0,632,1106,13,3250,44,2444,6,44
"517","2020-06-01",4,6,128,12,8127,0.908576350436816,0,0,632,1106,26,3276,21,2465,7,21
"518","2020-06-02",3,6,112,14,8127,0.908576350436816,0,0,632,1106,27,3303,22,2487,10,22
"519","2020-06-03",2,6,102,14,8127,0.908576350436816,0,0,632,1106,20,3323,29,2516,13,29
"520","2020-06-04",2,6,97,12,8127,0.908576350436816,0,0,632,1106,20,3343,36,2552,8,36
"521","2020-06-05",2,6,82,14,8127,0.908576350436816,0,0,632,1106,17,3360,38,2590,6,38
"522","2020-06-06",3,6,76,12,8127,0.908576350436816,0,0,632,1106,18,3378,40,2630,7,40
"523","2020-06-07",5,6,85,11,8127,0.908576350436816,0,0,632,1106,18,3396,28,2658,6,28
"524","2020-03-13",1,7,59,130,5133,0.272550165595169,0,0,417,441,18,49,55,116,3,55
"525","2020-03-14",7,7,91,169,5133,0.272550165595169,0,0,417,441,22,71,30,146,9,30
"526","2020-03-15",11,7,82,222,5133,0.272550165595169,0,0,417,441,25,96,47,193,6,47
"527","2020-03-16",17,7,84,280,5133,0.272550165595169,0,0,417,441,26,122,31,224,12,31
"528","2020-03-17",26,7,104,324,5133,0.272550165595169,0,0,417,441,30,152,35,259,16,35
"529","2020-03-18",36,7,111,375,5133,0.272550165595169,0,0,417,441,33,185,25,284,14,25
"530","2020-03-19",54,7,98,404,5133,0.272550165595169,0,0,417,441,32,217,45,329,22,45
"531","2020-03-20",61,7,86,452,5133,0.272550165595169,0,0,417,441,34,251,25,354,21,25
"532","2020-03-21",75,7,85,501,5133,0.272550165595169,0,0,417,441,30,281,42,396,16,42
"533","2020-03-22",94,7,84,553,5133,0.272550165595169,0,0,417,441,27,308,26,422,16,26
"534","2020-03-23",106,7,90,594,5133,0.272550165595169,0,0,417,441,23,331,25,447,15,25
"535","2020-03-24",115,7,104,631,5133,0.272550165595169,0,0,417,441,47,378,13,460,29,13
"536","2020-03-25",138,7,97,665,5133,0.272550165595169,0,0,417,441,26,404,20,480,18,20
"537","2020-03-26",147,7,85,687,5133,0.272550165595169,0,0,417,441,28,432,10,490,16,10
"538","2020-03-27",164,7,75,701,5133,0.272550165595169,0,0,417,441,45,477,7,497,28,7
"539","2020-03-28",174,7,92,710,5133,0.272550165595169,0,0,417,441,25,502,36,533,13,36
"540","2020-03-29",182,7,117,735,5133,0.272550165595169,0,0,417,441,50,552,20,553,39,20
"541","2020-03-30",202,7,103,756,5133,0.272550165595169,0,0,417,441,40,592,9,562,21,9
"542","2020-03-31",212,7,96,793,5133,0.272550165595169,0,0,417,441,31,623,15,577,18,15
"543","2020-04-01",209,7,94,787,5133,0.272550165595169,0,0,417,441,40,663,54,631,24,54
"544","2020-04-02",215,7,101,785,5133,0.272550165595169,0,0,417,441,36,699,25,656,28,25
"545","2020-04-03",223,7,90,809,5133,0.272550165595169,0,0,417,441,36,735,29,685,20,29
"546","2020-04-04",226,7,81,816,5133,0.272550165595169,0,0,417,441,41,776,32,717,26,32
"547","2020-04-05",223,7,68,824,5133,0.272550165595169,0,0,417,441,33,809,23,740,23,23
"548","2020-04-06",215,7,77,828,5133,0.272550165595169,0,0,417,441,44,853,17,757,33,17
"549","2020-04-07",224,7,67,835,5133,0.272550165595169,0,0,417,441,47,900,19,776,29,19
"550","2020-04-08",234,7,69,851,5133,0.272550165595169,0,0,417,441,60,960,11,787,35,11
"551","2020-04-09",245,7,88,864,5133,0.272550165595169,0,0,417,441,60,1020,4,791,48,4
"552","2020-04-10",250,7,101,855,5133,0.272550165595169,0,0,417,441,52,1072,9,800,34,9
"553","2020-04-11",242,7,145,853,5133,0.272550165595169,0,0,417,441,50,1122,43,843,35,43
"554","2020-04-12",250,7,165,832,5133,0.272550165595169,0,0,417,441,54,1176,45,888,31,45
"555","2020-04-13",250,7,181,827,5133,0.272550165595169,0,0,417,441,40,1216,31,919,26,31
"556","2020-04-14",239,7,171,816,5133,0.272550165595169,0,0,417,441,51,1267,11,930,36,11
"557","2020-04-15",228,7,195,807,5133,0.272550165595169,0,0,417,441,46,1313,13,943,24,13
"558","2020-04-16",219,7,188,795,5133,0.272550165595169,0,0,417,441,53,1366,11,954,30,11
"559","2020-04-17",202,7,183,785,5133,0.272550165595169,0,0,417,441,41,1407,13,967,22,13
"560","2020-04-18",208,7,186,773,5133,0.272550165595169,0,0,417,441,51,1458,27,994,28,27
"561","2020-04-19",196,7,209,764,5133,0.272550165595169,0,0,417,441,48,1506,31,1025,29,31
"562","2020-04-20",191,7,216,770,5133,0.272550165595169,0,0,417,441,42,1548,14,1039,24,14
"563","2020-04-21",195,7,203,762,5133,0.272550165595169,0,0,417,441,47,1595,11,1050,31,11
"564","2020-04-22",193,7,203,755,5133,0.272550165595169,0,0,417,441,49,1644,35,1085,31,35
"565","2020-04-23",189,7,178,746,5133,0.272550165595169,0,0,417,441,41,1685,53,1138,33,53
"566","2020-04-24",195,7,152,732,5133,0.272550165595169,0,0,417,441,47,1732,32,1170,31,32
"567","2020-04-25",195,7,149,741,5133,0.272550165595169,0,0,417,441,37,1769,55,1225,21,55
"568","2020-04-26",207,7,123,734,5133,0.272550165595169,0,0,417,441,51,1820,33,1258,25,33
"569","2020-04-27",210,7,117,729,5133,0.272550165595169,0,0,417,441,41,1861,12,1270,25,12
"570","2020-04-28",218,7,107,743,5133,0.272550165595169,0,0,417,441,30,1891,11,1281,17,11
"571","2020-04-29",216,7,118,748,5133,0.272550165595169,0,0,417,441,49,1940,5,1286,29,5
"572","2020-04-30",213,7,114,730,5133,0.272550165595169,0,0,417,441,38,1978,4,1290,25,4
"573","2020-05-01",212,7,148,728,5133,0.272550165595169,0,0,417,441,39,2017,12,1302,25,12
"574","2020-05-02",215,7,167,709,5133,0.272550165595169,0,0,417,441,43,2060,48,1350,29,48
"575","2020-05-03",209,7,160,699,5133,0.272550165595169,0,0,417,441,39,2099,54,1404,24,54
"576","2020-05-04",209,7,165,701,5133,0.272550165595169,0,0,417,441,35,2134,50,1454,23,50
"577","2020-05-05",193,7,177,702,5133,0.272550165595169,0,0,417,441,37,2171,24,1478,23,24
"578","2020-05-06",198,7,189,686,5133,0.272550165595169,0,0,417,441,52,2223,28,1506,38,28
"579","2020-05-07",199,7,199,672,5133,0.272550165595169,0,0,417,441,30,2253,40,1546,15,40
"580","2020-05-08",194,7,193,650,5133,0.272550165595169,0,0,417,441,30,2283,68,1614,17,68
"581","2020-05-09",178,7,170,633,5133,0.272550165595169,0,0,417,441,34,2317,38,1652,24,38
"582","2020-05-10",167,7,165,642,5133,0.272550165595169,0,0,417,441,43,2360,27,1679,24,27
"583","2020-05-11",167,7,163,620,5133,0.272550165595169,0,0,417,441,34,2394,8,1687,21,8
"584","2020-05-12",179,7,179,603,5133,0.272550165595169,0,0,417,441,27,2421,8,1695,19,8
"585","2020-05-13",182,7,166,590,5133,0.272550165595169,0,0,417,441,29,2450,11,1706,16,11
"586","2020-05-14",177,7,170,579,5133,0.272550165595169,0,0,417,441,37,2487,32,1738,22,32
"587","2020-05-15",184,7,173,557,5133,0.272550165595169,0,0,417,441,42,2529,22,1760,28,22
"588","2020-05-16",179,7,181,533,5133,0.272550165595169,0,0,417,441,42,2571,12,1772,27,12
"589","2020-05-17",181,7,169,514,5133,0.272550165595169,0,0,417,441,27,2598,37,1809,18,37
"590","2020-05-18",171,7,155,493,5133,0.272550165595169,0,0,417,441,35,2633,54,1863,22,54
"591","2020-05-19",158,7,134,471,5133,0.272550165595169,0,0,417,441,22,2655,27,1890,12,27
"592","2020-05-20",142,7,143,472,5133,0.272550165595169,0,0,417,441,27,2682,39,1929,19,39
"593","2020-05-21",134,7,155,461,5133,0.272550165595169,0,0,417,441,33,2715,61,1990,23,61
"594","2020-05-22",125,7,148,434,5133,0.272550165595169,0,0,417,441,30,2745,49,2039,22,49
"595","2020-05-23",131,7,138,411,5133,0.272550165595169,0,0,417,441,20,2765,37,2076,11,37
"596","2020-05-24",122,7,117,397,5133,0.272550165595169,0,0,417,441,29,2794,36,2112,11,36
"597","2020-05-25",122,7,105,383,5133,0.272550165595169,0,0,417,441,27,2821,32,2144,17,32
"598","2020-05-26",115,7,100,377,5133,0.272550165595169,0,0,417,441,26,2847,34,2178,15,34
"599","2020-05-27",109,7,111,362,5133,0.272550165595169,0,0,417,441,26,2873,48,2226,17,48
"600","2020-05-28",111,7,118,337,5133,0.272550165595169,0,0,417,441,29,2902,27,2253,24,27
"601","2020-05-29",105,7,129,330,5133,0.272550165595169,0,0,417,441,12,2914,39,2292,8,39
"602","2020-05-30",97,7,150,310,5133,0.272550165595169,0,0,417,441,19,2933,42,2334,11,42
"603","2020-05-31",103,7,145,306,5133,0.272550165595169,0,0,417,441,24,2957,20,2354,17,20
"604","2020-06-01",95,7,139,295,5133,0.272550165595169,0,0,417,441,12,2969,24,2378,9,24
"605","2020-06-02",96,7,127,281,5133,0.272550165595169,0,0,417,441,19,2988,26,2404,10,26
"606","2020-06-03",97,7,117,274,5133,0.272550165595169,0,0,417,441,20,3008,8,2412,6,8
"607","2020-06-04",89,7,128,270,5133,0.272550165595169,0,0,417,441,14,3022,14,2426,11,14
"608","2020-06-05",93,7,125,260,5133,0.272550165595169,0,0,417,441,15,3037,7,2433,8,7
"609","2020-06-06",93,7,120,250,5133,0.272550165595169,0,0,417,441,14,3051,38,2471,7,38
"610","2020-06-07",81,7,119,240,5133,0.272550165595169,0,0,417,441,14,3065,32,2503,10,32
"611","2020-03-12",1,8,47,61,4452,0.393980233602875,0,0,335,706,33,67,9,31,1,9
"612","2020-03-13",3,8,82,90,4452,0.393980233602875,0,0,335,706,29,96,6,37,9,6
"613","2020-03-14",4,8,124,127,4452,0.393980233602875,0,0,335,706,28,124,12,49,6,12
"614","2020-03-15",10,8,134,160,4452,0.393980233602875,0,0,335,706,41,165,7,56,7,7
"615","2020-03-16",19,8,136,197,4452,0.393980233602875,0,0,335,706,34,199,6,62,9,6
"616","2020-03-17",26,8,163,239,4452,0.393980233602875,0,0,335,706,33,232,7,69,8,7
"617","2020-03-18",37,8,182,284,4452,0.393980233602875,0,0,335,706,49,281,17,86,18,17
"618","2020-03-19",48,8,178,324,4452,0.393980233602875,0,0,335,706,31,312,5,91,14,5
"619","2020-03-20",57,8,210,367,4452,0.393980233602875,0,0,335,706,37,349,6,97,11,6
"620","2020-03-21",69,8,243,419,4452,0.393980233602875,0,0,335,706,39,388,23,120,16,23
"621","2020-03-22",78,8,284,464,4452,0.393980233602875,0,0,335,706,36,424,18,138,12,18
"622","2020-03-23",83,8,269,487,4452,0.393980233602875,0,0,335,706,43,467,25,163,17,25
"623","2020-03-24",99,8,272,521,4452,0.393980233602875,0,0,335,706,33,500,21,184,13,21
"624","2020-03-25",104,8,261,528,4452,0.393980233602875,0,0,335,706,44,544,16,200,15,16
"625","2020-03-26",115,8,253,565,4452,0.393980233602875,0,0,335,706,48,592,16,216,10,16
"626","2020-03-27",121,8,257,609,4452,0.393980233602875,0,0,335,706,39,631,11,227,15,11
"627","2020-03-28",138,8,268,627,4452,0.393980233602875,0,0,335,706,53,684,9,236,22,9
"628","2020-03-29",152,8,282,674,4452,0.393980233602875,0,0,335,706,34,718,6,242,18,6
"629","2020-03-30",169,8,279,678,4452,0.393980233602875,0,0,335,706,57,775,13,255,18,13
"630","2020-03-31",170,8,277,686,4452,0.393980233602875,0,0,335,706,50,825,32,287,21,32
"631","2020-04-01",179,8,258,698,4452,0.393980233602875,0,0,335,706,41,866,33,320,14,33
"632","2020-04-02",180,8,287,707,4452,0.393980233602875,0,0,335,706,38,904,11,331,13,11
"633","2020-04-03",192,8,270,735,4452,0.393980233602875,0,0,335,706,37,941,20,351,14,20
"634","2020-04-04",185,8,296,732,4452,0.393980233602875,0,0,335,706,45,986,22,373,21,22
"635","2020-04-05",193,8,293,712,4452,0.393980233602875,0,0,335,706,51,1037,39,412,19,39
"636","2020-04-06",199,8,277,715,4452,0.393980233602875,0,0,335,706,44,1081,13,425,15,13
"637","2020-04-07",197,8,280,713,4452,0.393980233602875,0,0,335,706,43,1124,31,456,17,31
"638","2020-04-08",208,8,270,727,4452,0.393980233602875,0,0,335,706,40,1164,45,501,13,45
"639","2020-04-09",209,8,261,728,4452,0.393980233602875,0,0,335,706,44,1208,40,541,13,40
"640","2020-04-10",210,8,234,725,4452,0.393980233602875,0,0,335,706,49,1257,31,572,13,31
"641","2020-04-11",212,8,228,731,4452,0.393980233602875,0,0,335,706,47,1304,22,594,10,22
"642","2020-04-12",206,8,231,724,4452,0.393980233602875,0,0,335,706,37,1341,34,628,8,34
"643","2020-04-13",207,8,249,738,4452,0.393980233602875,0,0,335,706,47,1388,30,658,10,30
"644","2020-04-14",213,8,257,740,4452,0.393980233602875,0,0,335,706,39,1427,19,677,4,19
"645","2020-04-15",199,8,254,743,4452,0.393980233602875,0,0,335,706,45,1472,15,692,11,15
"646","2020-04-16",199,8,240,729,4452,0.393980233602875,0,0,335,706,46,1518,44,736,16,44
"647","2020-04-17",191,8,247,735,4452,0.393980233602875,0,0,335,706,43,1561,24,760,11,24
"648","2020-04-18",190,8,257,748,4452,0.393980233602875,0,0,335,706,46,1607,14,774,12,14
"649","2020-04-19",191,8,289,772,4452,0.393980233602875,0,0,335,706,41,1648,18,792,13,18
"650","2020-04-20",183,8,276,757,4452,0.393980233602875,0,0,335,706,48,1696,21,813,7,21
"651","2020-04-21",191,8,279,749,4452,0.393980233602875,0,0,335,706,56,1752,11,824,15,11
"652","2020-04-22",195,8,265,747,4452,0.393980233602875,0,0,335,706,45,1797,36,860,11,36
"653","2020-04-23",207,8,290,736,4452,0.393980233602875,0,0,335,706,45,1842,15,875,10,15
"654","2020-04-24",225,8,288,726,4452,0.393980233602875,0,0,335,706,31,1873,18,893,14,18
"655","2020-04-25",227,8,295,727,4452,0.393980233602875,0,0,335,706,48,1921,33,926,23,33
"656","2020-04-26",216,8,291,722,4452,0.393980233602875,0,0,335,706,59,1980,17,943,19,17
"657","2020-04-27",208,8,305,714,4452,0.393980233602875,0,0,335,706,46,2026,12,955,15,12
"658","2020-04-28",192,8,321,707,4452,0.393980233602875,0,0,335,706,38,2064,12,967,10,12
"659","2020-04-29",191,8,344,687,4452,0.393980233602875,0,0,335,706,43,2107,15,982,22,15
"660","2020-04-30",185,8,328,678,4452,0.393980233602875,0,0,335,706,39,2146,10,992,10,10
"661","2020-05-01",170,8,321,655,4452,0.393980233602875,0,0,335,706,36,2182,15,1007,7,15
"662","2020-05-02",170,8,302,649,4452,0.393980233602875,0,0,335,706,37,2219,8,1015,6,8
"663","2020-05-03",177,8,278,631,4452,0.393980233602875,0,0,335,706,51,2270,8,1023,12,8
"664","2020-05-04",177,8,270,622,4452,0.393980233602875,0,0,335,706,38,2308,16,1039,11,16
"665","2020-05-05",188,8,274,614,4452,0.393980233602875,0,0,335,706,37,2345,25,1064,15,25
"666","2020-05-06",182,8,280,589,4452,0.393980233602875,0,0,335,706,47,2392,24,1088,14,24
"667","2020-05-07",186,8,266,572,4452,0.393980233602875,0,0,335,706,45,2437,14,1102,14,14
"668","2020-05-08",187,8,250,547,4452,0.393980233602875,0,0,335,706,42,2479,44,1146,17,44
"669","2020-05-09",181,8,249,530,4452,0.393980233602875,0,0,335,706,44,2523,23,1169,13,23
"670","2020-05-10",175,8,259,511,4452,0.393980233602875,0,0,335,706,41,2564,15,1184,11,15
"671","2020-05-11",178,8,238,503,4452,0.393980233602875,0,0,335,706,29,2593,22,1206,12,22
"672","2020-05-12",170,8,240,498,4452,0.393980233602875,0,0,335,706,40,2633,16,1222,21,16
"673","2020-05-13",176,8,269,467,4452,0.393980233602875,0,0,335,706,39,2672,26,1248,11,26
"674","2020-05-14",165,8,259,447,4452,0.393980233602875,0,0,335,706,32,2704,18,1266,9,18
"675","2020-05-15",149,8,274,420,4452,0.393980233602875,0,0,335,706,40,2744,12,1278,14,12
"676","2020-05-16",136,8,267,416,4452,0.393980233602875,0,0,335,706,22,2766,12,1290,11,12
"677","2020-05-17",133,8,295,410,4452,0.393980233602875,0,0,335,706,36,2802,14,1304,16,14
"678","2020-05-18",126,8,292,403,4452,0.393980233602875,0,0,335,706,37,2839,37,1341,14,37
"679","2020-05-19",117,8,312,399,4452,0.393980233602875,0,0,335,706,32,2871,17,1358,12,17
"680","2020-05-20",110,8,334,390,4452,0.393980233602875,0,0,335,706,32,2903,34,1392,13,34
"681","2020-05-21",98,8,347,375,4452,0.393980233602875,0,0,335,706,21,2924,39,1431,5,39
"682","2020-05-22",102,8,319,368,4452,0.393980233602875,0,0,335,706,30,2954,36,1467,10,36
"683","2020-05-23",112,8,318,352,4452,0.393980233602875,0,0,335,706,22,2976,36,1503,3,36
"684","2020-05-24",104,8,310,358,4452,0.393980233602875,0,0,335,706,31,3007,25,1528,8,25
"685","2020-05-25",98,8,336,344,4452,0.393980233602875,0,0,335,706,31,3038,15,1543,12,15
"686","2020-05-26",112,8,323,335,4452,0.393980233602875,0,0,335,706,19,3057,14,1557,5,14
"687","2020-05-27",109,8,304,321,4452,0.393980233602875,0,0,335,706,26,3083,23,1580,8,23
"688","2020-05-28",107,8,294,302,4452,0.393980233602875,0,0,335,706,29,3112,39,1619,9,39
"689","2020-05-29",107,8,289,290,4452,0.393980233602875,0,0,335,706,24,3136,28,1647,8,28
"690","2020-05-30",101,8,289,278,4452,0.393980233602875,0,0,335,706,22,3158,18,1665,3,18
"691","2020-05-31",100,8,273,271,4452,0.393980233602875,0,0,335,706,18,3176,16,1681,5,16
"692","2020-06-01",103,8,258,265,4452,0.393980233602875,0,0,335,706,20,3196,13,1694,5,13
"693","2020-06-02",89,8,271,257,4452,0.393980233602875,0,0,335,706,22,3218,29,1723,7,29
"694","2020-06-03",85,8,293,249,4452,0.393980233602875,0,0,335,706,21,3239,25,1748,8,25
"695","2020-06-04",86,8,289,239,4452,0.393980233602875,0,0,335,706,18,3257,14,1762,11,14
"696","2020-06-05",81,8,282,229,4452,0.393980233602875,0,0,335,706,34,3291,11,1773,14,11
"697","2020-06-06",76,8,274,212,4452,0.393980233602875,0,0,335,706,11,3302,11,1784,4,11
"698","2020-06-07",79,8,244,206,4452,0.393980233602875,0,0,335,706,21,3323,10,1794,6,10
"699","2020-03-14",1,9,66,56,7556,0.961752249867655,0,0,687,698,18,46,46,142,12,46
"700","2020-03-15",3,9,64,79,7556,0.961752249867655,0,0,687,698,22,68,52,194,16,52
"701","2020-03-16",5,9,66,114,7556,0.961752249867655,0,0,687,698,24,92,39,233,16,39
"702","2020-03-17",8,9,90,138,7556,0.961752249867655,0,0,687,698,25,117,35,268,14,35
"703","2020-03-18",13,9,101,180,7556,0.961752249867655,0,0,687,698,30,147,35,303,23,35
"704","2020-03-19",23,9,115,241,7556,0.961752249867655,0,0,687,698,29,176,32,335,23,32
"705","2020-03-20",29,9,105,307,7556,0.961752249867655,0,0,687,698,31,207,20,355,28,20
"706","2020-03-21",43,9,109,386,7556,0.961752249867655,0,0,687,698,37,244,9,364,31,9
"707","2020-03-22",56,9,134,459,7556,0.961752249867655,0,0,687,698,28,272,19,383,24,19
"708","2020-03-23",79,9,167,558,7556,0.961752249867655,0,0,687,698,51,323,18,401,45,18
"709","2020-03-24",90,9,165,665,7556,0.961752249867655,0,0,687,698,46,369,49,450,42,49
"710","2020-03-25",108,9,148,825,7556,0.961752249867655,0,0,687,698,66,435,34,484,61,34
"711","2020-03-26",124,9,150,1007,7556,0.961752249867655,0,0,687,698,58,493,23,507,51,23
"712","2020-03-27",160,9,149,1175,7556,0.961752249867655,0,0,687,698,56,549,42,549,53,42
"713","2020-03-28",186,9,158,1448,7556,0.961752249867655,0,0,687,698,53,602,30,579,46,30
"714","2020-03-29",223,9,189,1653,7556,0.961752249867655,0,0,687,698,67,669,13,592,65,13
"715","2020-03-30",253,9,196,1928,7556,0.961752249867655,0,0,687,698,98,767,17,609,91,17
"716","2020-03-31",298,9,189,2204,7556,0.961752249867655,0,0,687,698,83,850,4,613,78,4
"717","2020-04-01",362,9,197,2529,7556,0.961752249867655,0,0,687,698,84,934,7,620,79,7
"718","2020-04-02",442,9,224,2832,7556,0.961752249867655,0,0,687,698,66,1000,7,627,59,7
"719","2020-04-03",515,9,189,3145,7556,0.961752249867655,0,0,687,698,72,1072,6,633,65,6
"720","2020-04-04",579,9,177,3366,7556,0.961752249867655,0,0,687,698,83,1155,5,638,76,5
"721","2020-04-05",657,9,179,3640,7556,0.961752249867655,0,0,687,698,92,1247,8,646,90,8
"722","2020-04-06",742,9,203,3788,7556,0.961752249867655,0,0,687,698,117,1364,9,655,110,9
"723","2020-04-07",842,9,203,3866,7556,0.961752249867655,0,0,687,698,100,1464,10,665,85,10
"724","2020-04-08",944,9,204,3918,7556,0.961752249867655,0,0,687,698,106,1570,47,712,98,47
"725","2020-04-09",1018,9,194,3902,7556,0.961752249867655,0,0,687,698,86,1656,22,734,80,22
"726","2020-04-10",1074,9,207,3815,7556,0.961752249867655,0,0,687,698,99,1755,58,792,97,58
"727","2020-04-11",1111,9,208,3624,7556,0.961752249867655,0,0,687,698,89,1844,31,823,81,31
"728","2020-04-12",1151,9,202,3435,7556,0.961752249867655,0,0,687,698,86,1930,33,856,78,33
"729","2020-04-13",1178,9,183,3194,7556,0.961752249867655,0,0,687,698,92,2022,50,906,82,50
"730","2020-04-14",1129,9,160,2947,7556,0.961752249867655,0,0,687,698,99,2121,29,935,91,29
"731","2020-04-15",1099,9,173,2682,7556,0.961752249867655,0,0,687,698,81,2202,27,962,76,27
"732","2020-04-16",1040,9,167,2398,7556,0.961752249867655,0,0,687,698,81,2283,68,1030,75,68
"733","2020-04-17",979,9,198,2123,7556,0.961752249867655,0,0,687,698,89,2372,54,1084,79,54
"734","2020-04-18",931,9,209,1851,7556,0.961752249867655,0,0,687,698,111,2483,31,1115,101,31
"735","2020-04-19",831,9,208,1607,7556,0.961752249867655,0,0,687,698,84,2567,35,1150,78,35
"736","2020-04-20",738,9,183,1362,7556,0.961752249867655,0,0,687,698,105,2672,12,1162,96,12
"737","2020-04-21",682,9,163,1134,7556,0.961752249867655,0,0,687,698,84,2756,11,1173,78,11
"738","2020-04-22",567,9,165,963,7556,0.961752249867655,0,0,687,698,102,2858,10,1183,98,10
"739","2020-04-23",474,9,166,791,7556,0.961752249867655,0,0,687,698,82,2940,37,1220,73,37
"740","2020-04-24",396,9,178,642,7556,0.961752249867655,0,0,687,698,76,3016,12,1232,67,12
"741","2020-04-25",322,9,213,541,7556,0.961752249867655,0,0,687,698,72,3088,5,1237,67,5
"742","2020-04-26",276,9,209,445,7556,0.961752249867655,0,0,687,698,70,3158,3,1240,64,3
"743","2020-04-27",223,9,202,366,7556,0.961752249867655,0,0,687,698,56,3214,5,1245,48,5
"744","2020-04-28",181,9,222,279,7556,0.961752249867655,0,0,687,698,74,3288,3,1248,71,3
"745","2020-04-29",152,9,215,229,7556,0.961752249867655,0,0,687,698,64,3352,2,1250,61,2
"746","2020-04-30",133,9,230,185,7556,0.961752249867655,0,0,687,698,66,3418,9,1259,63,9
"747","2020-05-01",108,9,198,155,7556,0.961752249867655,0,0,687,698,65,3483,46,1305,62,46
"748","2020-05-02",91,9,180,137,7556,0.961752249867655,0,0,687,698,48,3531,26,1331,43,26
"749","2020-05-03",73,9,160,113,7556,0.961752249867655,0,0,687,698,58,3589,46,1377,50,46
"750","2020-05-04",57,9,176,91,7556,0.961752249867655,0,0,687,698,59,3648,35,1412,55,35
"751","2020-05-05",48,9,167,84,7556,0.961752249867655,0,0,687,698,45,3693,60,1472,42,60
"752","2020-05-06",36,9,194,72,7556,0.961752249867655,0,0,687,698,38,3731,40,1512,33,40
"753","2020-05-07",29,9,187,62,7556,0.961752249867655,0,0,687,698,61,3792,27,1539,57,27
"754","2020-05-08",26,9,203,55,7556,0.961752249867655,0,0,687,698,47,3839,16,1555,43,16
"755","2020-05-09",23,9,220,53,7556,0.961752249867655,0,0,687,698,45,3884,12,1567,40,12
"756","2020-05-10",17,9,219,50,7556,0.961752249867655,0,0,687,698,36,3920,51,1618,31,51
"757","2020-05-11",15,9,222,45,7556,0.961752249867655,0,0,687,698,42,3962,22,1640,39,22
"758","2020-05-12",14,9,235,40,7556,0.961752249867655,0,0,687,698,40,4002,44,1684,36,44
"759","2020-05-13",12,9,241,38,7556,0.961752249867655,0,0,687,698,42,4044,27,1711,40,27
"760","2020-05-14",11,9,209,36,7556,0.961752249867655,0,0,687,698,36,4080,58,1769,27,58
"761","2020-05-15",9,9,188,34,7556,0.961752249867655,0,0,687,698,35,4115,46,1815,30,46
"762","2020-05-16",10,9,189,33,7556,0.961752249867655,0,0,687,698,23,4138,34,1849,20,34
"763","2020-05-17",12,9,201,32,7556,0.961752249867655,0,0,687,698,21,4159,38,1887,19,38
"764","2020-05-18",11,9,229,35,7556,0.961752249867655,0,0,687,698,26,4185,15,1902,24,15
"765","2020-05-19",9,9,222,31,7556,0.961752249867655,0,0,687,698,19,4204,16,1918,17,16
"766","2020-05-20",13,9,200,29,7556,0.961752249867655,0,0,687,698,19,4223,19,1937,16,19
"767","2020-05-21",12,9,213,30,7556,0.961752249867655,0,0,687,698,14,4237,16,1953,8,16
"768","2020-05-22",11,9,224,28,7556,0.961752249867655,0,0,687,698,18,4255,47,2000,16,47
"769","2020-05-23",10,9,201,28,7556,0.961752249867655,0,0,687,698,30,4285,54,2054,25,54
"770","2020-05-24",8,9,176,24,7556,0.961752249867655,0,0,687,698,19,4304,35,2089,16,35
"771","2020-05-25",8,9,138,25,7556,0.961752249867655,0,0,687,698,14,4318,47,2136,13,47
"772","2020-05-26",8,9,117,24,7556,0.961752249867655,0,0,687,698,19,4337,27,2163,15,27
"773","2020-05-27",3,9,128,22,7556,0.961752249867655,0,0,687,698,23,4360,40,2203,21,40
"774","2020-05-28",5,9,127,23,7556,0.961752249867655,0,0,687,698,13,4373,23,2226,13,23
"775","2020-05-29",5,9,125,23,7556,0.961752249867655,0,0,687,698,15,4388,14,2240,14,14
"776","2020-05-30",5,9,128,21,7556,0.961752249867655,0,0,687,698,12,4400,14,2254,10,14
"777","2020-05-31",9,9,149,19,7556,0.961752249867655,0,0,687,698,14,4414,13,2267,10,13
"778","2020-06-01",7,9,149,18,7556,0.961752249867655,0,0,687,698,20,4434,9,2276,17,9
"779","2020-06-02",9,9,165,19,7556,0.961752249867655,0,0,687,698,13,4447,30,2306,11,30
"780","2020-06-03",9,9,170,18,7556,0.961752249867655,0,0,687,698,11,4458,11,2317,11,11
"781","2020-06-04",8,9,171,18,7556,0.961752249867655,0,0,687,698,18,4476,5,2322,14,5
"782","2020-06-05",7,9,160,19,7556,0.961752249867655,0,0,687,698,13,4489,6,2328,11,6
"783","2020-06-06",7,9,150,19,7556,0.961752249867655,0,0,687,698,14,4503,18,2346,11,18
"784","2020-06-07",3,9,141,19,7556,0.961752249867655,0,0,687,698,10,4513,31,2377,7,31
"785","2020-03-11",1,10,19,9,1827,0.576902025177887,0,0,131,709,26,26,8,10,1,8
"786","2020-03-12",1,10,40,20,1827,0.576902025177887,0,0,131,709,34,60,13,23,1,13
"787","2020-03-13",1,10,40,29,1827,0.576902025177887,0,0,131,709,26,86,26,49,6,26
"788","2020-03-14",2,10,57,42,1827,0.576902025177887,0,0,131,709,29,115,21,70,10,21
"789","2020-03-15",3,10,55,56,1827,0.576902025177887,0,0,131,709,34,149,11,81,16,11
"790","2020-03-16",5,10,72,69,1827,0.576902025177887,0,0,131,709,48,197,23,104,23,23
"791","2020-03-17",10,10,81,85,1827,0.576902025177887,0,0,131,709,60,257,25,129,36,25
"792","2020-03-18",13,10,102,92,1827,0.576902025177887,0,0,131,709,47,304,16,145,28,16
"793","2020-03-19",15,10,110,104,1827,0.576902025177887,0,0,131,709,54,358,30,175,37,30
"794","2020-03-20",21,10,99,118,1827,0.576902025177887,0,0,131,709,41,399,7,182,26,7
"795","2020-03-21",22,10,91,126,1827,0.576902025177887,0,0,131,709,51,450,12,194,35,12
"796","2020-03-22",25,10,88,138,1827,0.576902025177887,0,0,131,709,50,500,23,217,30,23
"797","2020-03-23",27,10,83,148,1827,0.576902025177887,0,0,131,709,57,557,12,229,37,12
"798","2020-03-24",29,10,73,167,1827,0.576902025177887,0,0,131,709,63,620,6,235,41,6
"799","2020-03-25",32,10,62,174,1827,0.576902025177887,0,0,131,709,55,675,15,250,36,15
"800","2020-03-26",36,10,66,191,1827,0.576902025177887,0,0,131,709,87,762,6,256,65,6
"801","2020-03-27",35,10,114,201,1827,0.576902025177887,0,0,131,709,89,851,14,270,64,14
"802","2020-03-28",42,10,144,206,1827,0.576902025177887,0,0,131,709,72,923,18,288,49,18
"803","2020-03-29",50,10,166,211,1827,0.576902025177887,0,0,131,709,86,1009,16,304,55,16
"804","2020-03-30",52,10,144,219,1827,0.576902025177887,0,0,131,709,74,1083,12,316,48,12
"805","2020-03-31",56,10,136,228,1827,0.576902025177887,0,0,131,709,80,1163,30,346,60,30
"806","2020-04-01",57,10,138,232,1827,0.576902025177887,0,0,131,709,89,1252,36,382,68,36
"807","2020-04-02",62,10,126,227,1827,0.576902025177887,0,0,131,709,77,1329,14,396,50,14
"808","2020-04-03",65,10,133,228,1827,0.576902025177887,0,0,131,709,92,1421,12,408,63,12
"809","2020-04-04",68,10,150,240,1827,0.576902025177887,0,0,131,709,103,1524,17,425,76,17
"810","2020-04-05",64,10,166,238,1827,0.576902025177887,0,0,131,709,94,1618,13,438,71,13
"811","2020-04-06",67,10,163,237,1827,0.576902025177887,0,0,131,709,92,1710,28,466,67,28
"812","2020-04-07",67,10,174,229,1827,0.576902025177887,0,0,131,709,90,1800,31,497,72,31
"813","2020-04-08",77,10,171,224,1827,0.576902025177887,0,0,131,709,74,1874,44,541,51,44
"814","2020-04-09",76,10,169,223,1827,0.576902025177887,0,0,131,709,86,1960,38,579,63,38
"815","2020-04-10",76,10,163,230,1827,0.576902025177887,0,0,131,709,104,2064,25,604,77,25
"816","2020-04-11",68,10,170,241,1827,0.576902025177887,0,0,131,709,81,2145,49,653,62,49
"817","2020-04-12",69,10,157,229,1827,0.576902025177887,0,0,131,709,72,2217,31,684,64,31
"818","2020-04-13",65,10,147,234,1827,0.576902025177887,0,0,131,709,102,2319,32,716,67,32
"819","2020-04-14",68,10,134,225,1827,0.576902025177887,0,0,131,709,90,2409,26,742,64,26
"820","2020-04-15",61,10,115,226,1827,0.576902025177887,0,0,131,709,84,2493,30,772,60,30
"821","2020-04-16",65,10,110,225,1827,0.576902025177887,0,0,131,709,72,2565,21,793,52,21
"822","2020-04-17",61,10,104,228,1827,0.576902025177887,0,0,131,709,88,2653,10,803,60,10
"823","2020-04-18",62,10,137,230,1827,0.576902025177887,0,0,131,709,82,2735,40,843,64,40
"824","2020-04-19",65,10,143,230,1827,0.576902025177887,0,0,131,709,69,2804,21,864,53,21
"825","2020-04-20",72,10,155,245,1827,0.576902025177887,0,0,131,709,65,2869,14,878,48,14
"826","2020-04-21",67,10,142,250,1827,0.576902025177887,0,0,131,709,82,2951,12,890,59,12
"827","2020-04-22",66,10,170,254,1827,0.576902025177887,0,0,131,709,51,3002,36,926,34,36
"828","2020-04-23",59,10,193,263,1827,0.576902025177887,0,0,131,709,72,3074,45,971,47,45
"829","2020-04-24",62,10,196,262,1827,0.576902025177887,0,0,131,709,68,3142,44,1015,49,44
"830","2020-04-25",74,10,189,270,1827,0.576902025177887,0,0,131,709,66,3208,37,1052,45,37
"831","2020-04-26",74,10,194,269,1827,0.576902025177887,0,0,131,709,64,3272,57,1109,43,57
"832","2020-04-27",72,10,213,270,1827,0.576902025177887,0,0,131,709,54,3326,46,1155,33,46
"833","2020-04-28",78,10,197,264,1827,0.576902025177887,0,0,131,709,58,3384,35,1190,28,35
"834","2020-04-29",79,10,189,264,1827,0.576902025177887,0,0,131,709,46,3430,38,1228,26,38
"835","2020-04-30",80,10,214,253,1827,0.576902025177887,0,0,131,709,63,3493,39,1267,42,39
"836","2020-05-01",83,10,223,256,1827,0.576902025177887,0,0,131,709,67,3560,31,1298,51,31
"837","2020-05-02",77,10,226,258,1827,0.576902025177887,0,0,131,709,48,3608,20,1318,27,20
"838","2020-05-03",77,10,241,252,1827,0.576902025177887,0,0,131,709,42,3650,18,1336,25,18
"839","2020-05-04",78,10,261,248,1827,0.576902025177887,0,0,131,709,41,3691,16,1352,21,16
"840","2020-05-05",71,10,249,249,1827,0.576902025177887,0,0,131,709,53,3744,14,1366,35,14
"841","2020-05-06",70,10,257,256,1827,0.576902025177887,0,0,131,709,43,3787,10,1376,34,10
"842","2020-05-07",70,10,263,264,1827,0.576902025177887,0,0,131,709,39,3826,12,1388,17,12
"843","2020-05-08",69,10,234,271,1827,0.576902025177887,0,0,131,709,52,3878,7,1395,34,7
"844","2020-05-09",70,10,219,264,1827,0.576902025177887,0,0,131,709,35,3913,37,1432,18,37
"845","2020-05-10",70,10,194,254,1827,0.576902025177887,0,0,131,709,37,3950,32,1464,28,32
"846","2020-05-11",69,10,156,257,1827,0.576902025177887,0,0,131,709,51,4001,18,1482,35,18
"847","2020-05-12",69,10,173,250,1827,0.576902025177887,0,0,131,709,44,4045,32,1514,22,32
"848","2020-05-13",67,10,175,243,1827,0.576902025177887,0,0,131,709,34,4079,33,1547,19,33
"849","2020-05-14",65,10,170,241,1827,0.576902025177887,0,0,131,709,38,4117,25,1572,24,25
"850","2020-05-15",64,10,147,242,1827,0.576902025177887,0,0,131,709,26,4143,29,1601,14,29
"851","2020-05-16",67,10,142,245,1827,0.576902025177887,0,0,131,709,34,4177,43,1644,18,43
"852","2020-05-17",63,10,137,246,1827,0.576902025177887,0,0,131,709,34,4211,16,1660,22,16
"853","2020-05-18",62,10,122,235,1827,0.576902025177887,0,0,131,709,31,4242,14,1674,15,14
"854","2020-05-19",62,10,123,223,1827,0.576902025177887,0,0,131,709,33,4275,11,1685,19,11
"855","2020-05-20",63,10,149,214,1827,0.576902025177887,0,0,131,709,33,4308,32,1717,18,32
"856","2020-05-21",75,10,160,220,1827,0.576902025177887,0,0,131,709,25,4333,20,1737,12,20
"857","2020-05-22",73,10,170,215,1827,0.576902025177887,0,0,131,709,20,4353,36,1773,11,36
"858","2020-05-23",67,10,177,215,1827,0.576902025177887,0,0,131,709,24,4377,37,1810,15,37
"859","2020-05-24",71,10,173,225,1827,0.576902025177887,0,0,131,709,28,4405,40,1850,20,40
"860","2020-05-25",74,10,160,224,1827,0.576902025177887,0,0,131,709,25,4430,38,1888,14,38
"861","2020-05-26",80,10,158,219,1827,0.576902025177887,0,0,131,709,22,4452,24,1912,13,24
"862","2020-05-27",82,10,155,221,1827,0.576902025177887,0,0,131,709,22,4474,22,1934,12,22
"863","2020-05-28",73,10,171,229,1827,0.576902025177887,0,0,131,709,19,4493,29,1963,10,29
"864","2020-05-29",73,10,174,224,1827,0.576902025177887,0,0,131,709,11,4504,20,1983,6,20
"865","2020-05-30",72,10,173,227,1827,0.576902025177887,0,0,131,709,18,4522,20,2003,8,20
"866","2020-05-31",69,10,162,219,1827,0.576902025177887,0,0,131,709,22,4544,19,2022,13,19
"867","2020-06-01",70,10,153,215,1827,0.576902025177887,0,0,131,709,15,4559,22,2044,11,22
"868","2020-06-02",68,10,154,202,1827,0.576902025177887,0,0,131,709,16,4575,19,2063,7,19
"869","2020-06-03",68,10,151,196,1827,0.576902025177887,0,0,131,709,11,4586,13,2076,9,13
"870","2020-06-04",66,10,158,195,1827,0.576902025177887,0,0,131,709,17,4603,6,2082,7,6
"871","2020-06-05",69,10,143,179,1827,0.576902025177887,0,0,131,709,15,4618,12,2094,9,12
"872","2020-06-06",70,10,127,186,1827,0.576902025177887,0,0,131,709,11,4629,14,2108,7,14
"873","2020-06-07",66,10,117,177,1827,0.576902025177887,0,0,131,709,9,4638,7,2115,5,7
"874","2020-03-13",1,11,56,98,4266,0.413267698077825,0,0,332,769,39,120,15,44,5,15
"875","2020-03-14",5,11,85,136,4266,0.413267698077825,0,0,332,769,50,170,17,61,12,17
"876","2020-03-15",9,11,90,173,4266,0.413267698077825,0,0,332,769,50,220,11,72,15,11
"877","2020-03-16",17,11,121,218,4266,0.413267698077825,0,0,332,769,54,274,16,88,21,16
"878","2020-03-17",24,11,109,276,4266,0.413267698077825,0,0,332,769,56,330,13,101,24,13
"879","2020-03-18",36,11,117,325,4266,0.413267698077825,0,0,332,769,66,396,20,121,33,20
"880","2020-03-19",48,11,140,377,4266,0.413267698077825,0,0,332,769,59,455,17,138,29,17
"881","2020-03-20",68,11,131,411,4266,0.413267698077825,0,0,332,769,94,549,44,182,55,44
"882","2020-03-21",80,11,136,446,4266,0.413267698077825,0,0,332,769,74,623,30,212,38,30
"883","2020-03-22",100,11,150,495,4266,0.413267698077825,0,0,332,769,67,690,61,273,39,61
"884","2020-03-23",111,11,158,516,4266,0.413267698077825,0,0,332,769,77,767,58,331,40,58
"885","2020-03-24",122,11,173,540,4266,0.413267698077825,0,0,332,769,89,856,40,371,47,40
"886","2020-03-25",130,11,168,545,4266,0.413267698077825,0,0,332,769,91,947,40,411,51,40
"887","2020-03-26",140,11,144,534,4266,0.413267698077825,0,0,332,769,57,1004,25,436,33,25
"888","2020-03-27",139,11,161,571,4266,0.413267698077825,0,0,332,769,82,1086,35,471,50,35
"889","2020-03-28",140,11,183,590,4266,0.413267698077825,0,0,332,769,78,1164,25,496,43,25
"890","2020-03-29",140,11,177,586,4266,0.413267698077825,0,0,332,769,79,1243,18,514,46,18
"891","2020-03-30",149,11,157,631,4266,0.413267698077825,0,0,332,769,92,1335,52,566,45,52
"892","2020-03-31",152,11,175,666,4266,0.413267698077825,0,0,332,769,78,1413,40,606,41,40
"893","2020-04-01",157,11,165,676,4266,0.413267698077825,0,0,332,769,85,1498,37,643,43,37
"894","2020-04-02",155,11,172,698,4266,0.413267698077825,0,0,332,769,76,1574,45,688,39,45
"895","2020-04-03",156,11,188,699,4266,0.413267698077825,0,0,332,769,80,1654,41,729,43,41
"896","2020-04-04",172,11,181,706,4266,0.413267698077825,0,0,332,769,81,1735,37,766,44,37
"897","2020-04-05",181,11,158,705,4266,0.413267698077825,0,0,332,769,77,1812,29,795,43,29
"898","2020-04-06",186,11,145,714,4266,0.413267698077825,0,0,332,769,87,1899,28,823,41,28
"899","2020-04-07",203,11,151,733,4266,0.413267698077825,0,0,332,769,87,1986,34,857,40,34
"900","2020-04-08",199,11,188,745,4266,0.413267698077825,0,0,332,769,70,2056,45,902,32,45
"901","2020-04-09",214,11,236,752,4266,0.413267698077825,0,0,332,769,70,2126,36,938,42,36
"902","2020-04-10",219,11,231,731,4266,0.413267698077825,0,0,332,769,70,2196,34,972,36,34
"903","2020-04-11",217,11,227,718,4266,0.413267698077825,0,0,332,769,79,2275,27,999,40,27
"904","2020-04-12",211,11,214,725,4266,0.413267698077825,0,0,332,769,75,2350,37,1036,40,37
"905","2020-04-13",200,11,175,700,4266,0.413267698077825,0,0,332,769,75,2425,30,1066,43,30
"906","2020-04-14",199,11,163,693,4266,0.413267698077825,0,0,332,769,76,2501,53,1119,37,53
"907","2020-04-15",200,11,139,663,4266,0.413267698077825,0,0,332,769,60,2561,51,1170,29,51
"908","2020-04-16",187,11,141,659,4266,0.413267698077825,0,0,332,769,75,2636,56,1226,34,56
"909","2020-04-17",194,11,171,639,4266,0.413267698077825,0,0,332,769,70,2706,56,1282,31,56
"910","2020-04-18",183,11,164,649,4266,0.413267698077825,0,0,332,769,73,2779,36,1318,40,36
"911","2020-04-19",185,11,154,646,4266,0.413267698077825,0,0,332,769,73,2852,38,1356,27,38
"912","2020-04-20",196,11,168,638,4266,0.413267698077825,0,0,332,769,57,2909,51,1407,21,51
"913","2020-04-21",181,11,159,632,4266,0.413267698077825,0,0,332,769,64,2973,46,1453,28,46
"914","2020-04-22",184,11,147,633,4266,0.413267698077825,0,0,332,769,61,3034,46,1499,22,46
"915","2020-04-23",186,11,138,630,4266,0.413267698077825,0,0,332,769,60,3094,39,1538,20,39
"916","2020-04-24",185,11,131,637,4266,0.413267698077825,0,0,332,769,74,3168,34,1572,29,34
"917","2020-04-25",187,11,131,629,4266,0.413267698077825,0,0,332,769,60,3228,30,1602,29,30
"918","2020-04-26",178,11,117,631,4266,0.413267698077825,0,0,332,769,52,3280,40,1642,22,40
"919","2020-04-27",167,11,105,629,4266,0.413267698077825,0,0,332,769,58,3338,26,1668,16,26
"920","2020-04-28",166,11,121,650,4266,0.413267698077825,0,0,332,769,56,3394,45,1713,24,45
"921","2020-04-29",178,11,159,642,4266,0.413267698077825,0,0,332,769,70,3464,49,1762,22,49
"922","2020-04-30",179,11,197,647,4266,0.413267698077825,0,0,332,769,60,3524,45,1807,25,45
"923","2020-05-01",172,11,184,645,4266,0.413267698077825,0,0,332,769,58,3582,39,1846,17,39
"924","2020-05-02",178,11,179,649,4266,0.413267698077825,0,0,332,769,52,3634,38,1884,20,38
"925","2020-05-03",184,11,154,657,4266,0.413267698077825,0,0,332,769,59,3693,31,1915,26,31
"926","2020-05-04",188,11,171,633,4266,0.413267698077825,0,0,332,769,46,3739,31,1946,23,31
"927","2020-05-05",189,11,197,621,4266,0.413267698077825,0,0,332,769,58,3797,26,1972,25,26
"928","2020-05-06",180,11,180,593,4266,0.413267698077825,0,0,332,769,59,3856,25,1997,23,25
"929","2020-05-07",179,11,165,589,4266,0.413267698077825,0,0,332,769,40,3896,82,2079,9,82
"930","2020-05-08",167,11,223,566,4266,0.413267698077825,0,0,332,769,53,3949,61,2140,25,61
"931","2020-05-09",167,11,260,562,4266,0.413267698077825,0,0,332,769,40,3989,45,2185,11,45
"932","2020-05-10",159,11,284,553,4266,0.413267698077825,0,0,332,769,43,4032,76,2261,22,76
"933","2020-05-11",157,11,285,520,4266,0.413267698077825,0,0,332,769,44,4076,60,2321,18,60
"934","2020-05-12",154,11,280,497,4266,0.413267698077825,0,0,332,769,45,4121,62,2383,19,62
"935","2020-05-13",152,11,237,472,4266,0.413267698077825,0,0,332,769,34,4155,60,2443,12,60
"936","2020-05-14",144,11,208,440,4266,0.413267698077825,0,0,332,769,46,4201,45,2488,16,45
"937","2020-05-15",145,11,220,414,4266,0.413267698077825,0,0,332,769,43,4244,69,2557,17,69
"938","2020-05-16",132,11,245,401,4266,0.413267698077825,0,0,332,769,33,4277,49,2606,12,49
"939","2020-05-17",135,11,223,389,4266,0.413267698077825,0,0,332,769,39,4316,34,2640,17,34
"940","2020-05-18",125,11,179,369,4266,0.413267698077825,0,0,332,769,33,4349,37,2677,9,37
"941","2020-05-19",117,11,159,363,4266,0.413267698077825,0,0,332,769,33,4382,37,2714,15,37
"942","2020-05-20",107,11,187,356,4266,0.413267698077825,0,0,332,769,24,4406,31,2745,6,31
"943","2020-05-21",101,11,210,349,4266,0.413267698077825,0,0,332,769,36,4442,41,2786,13,41
"944","2020-05-22",103,11,206,346,4266,0.413267698077825,0,0,332,769,20,4462,45,2831,10,45
"945","2020-05-23",96,11,187,334,4266,0.413267698077825,0,0,332,769,22,4484,48,2879,9,48
"946","2020-05-24",87,11,161,309,4266,0.413267698077825,0,0,332,769,21,4505,36,2915,3,36
"947","2020-05-25",90,11,149,294,4266,0.413267698077825,0,0,332,769,23,4528,30,2945,9,30
"948","2020-05-26",93,11,129,290,4266,0.413267698077825,0,0,332,769,22,4550,27,2972,9,27
"949","2020-05-27",87,11,157,277,4266,0.413267698077825,0,0,332,769,23,4573,32,3004,11,32
"950","2020-05-28",90,11,154,261,4266,0.413267698077825,0,0,332,769,25,4598,56,3060,7,56
"951","2020-05-29",83,11,138,255,4266,0.413267698077825,0,0,332,769,18,4616,63,3123,5,63
"952","2020-05-30",80,11,145,253,4266,0.413267698077825,0,0,332,769,30,4646,50,3173,9,50
"953","2020-05-31",72,11,147,241,4266,0.413267698077825,0,0,332,769,27,4673,59,3232,9,59
"954","2020-06-01",65,11,162,237,4266,0.413267698077825,0,0,332,769,17,4690,40,3272,4,40
"955","2020-06-02",61,11,179,233,4266,0.413267698077825,0,0,332,769,18,4708,58,3330,7,58
"956","2020-06-03",63,11,174,219,4266,0.413267698077825,0,0,332,769,13,4721,46,3376,5,46
"957","2020-06-04",60,11,172,208,4266,0.413267698077825,0,0,332,769,17,4738,41,3417,6,41
"958","2020-06-05",61,11,162,211,4266,0.413267698077825,0,0,332,769,12,4750,51,3468,4,51
"959","2020-06-06",63,11,152,201,4266,0.413267698077825,0,0,332,769,17,4767,53,3521,4,53
"960","2020-06-07",62,11,131,192,4266,0.413267698077825,0,0,332,769,16,4783,50,3571,7,50
"961","2020-03-11",1,12,7,33,4389,0.301891091364776,0,0,445,633,11,12,19,29,1,19
"962","2020-03-12",1,12,10,71,4389,0.301891091364776,0,0,445,633,24,36,15,44,3,15
"963","2020-03-13",2,12,16,115,4389,0.301891091364776,0,0,445,633,28,64,18,62,10,18
"964","2020-03-14",7,12,39,147,4389,0.301891091364776,0,0,445,633,29,93,13,75,12,13
"965","2020-03-15",10,12,57,187,4389,0.301891091364776,0,0,445,633,31,124,22,97,15,22
"966","2020-03-16",21,12,62,228,4389,0.301891091364776,0,0,445,633,34,158,23,120,17,23
"967","2020-03-17",31,12,63,271,4389,0.301891091364776,0,0,445,633,30,188,27,147,19,27
"968","2020-03-18",38,12,61,321,4389,0.301891091364776,0,0,445,633,34,222,29,176,19,29
"969","2020-03-19",50,12,66,365,4389,0.301891091364776,0,0,445,633,49,271,37,213,29,37
"970","2020-03-20",66,12,59,408,4389,0.301891091364776,0,0,445,633,35,306,28,241,21,28
"971","2020-03-21",73,12,70,458,4389,0.301891091364776,0,0,445,633,38,344,28,269,23,28
"972","2020-03-22",88,12,75,495,4389,0.301891091364776,0,0,445,633,55,399,34,303,38,34
"973","2020-03-23",96,12,71,526,4389,0.301891091364776,0,0,445,633,51,450,31,334,35,31
"974","2020-03-24",119,12,63,540,4389,0.301891091364776,0,0,445,633,59,509,34,368,37,34
"975","2020-03-25",128,12,70,564,4389,0.301891091364776,0,0,445,633,70,579,11,379,49,11
"976","2020-03-26",138,12,83,574,4389,0.301891091364776,0,0,445,633,45,624,16,395,31,16
"977","2020-03-27",145,12,72,623,4389,0.301891091364776,0,0,445,633,45,669,10,405,33,10
"978","2020-03-28",163,12,90,633,4389,0.301891091364776,0,0,445,633,89,758,13,418,61,13
"979","2020-03-29",167,12,71,669,4389,0.301891091364776,0,0,445,633,58,816,10,428,43,10
"980","2020-03-30",177,12,66,666,4389,0.301891091364776,0,0,445,633,80,896,10,438,58,10
"981","2020-03-31",174,12,85,670,4389,0.301891091364776,0,0,445,633,63,959,15,453,51,15
"982","2020-04-01",182,12,89,686,4389,0.301891091364776,0,0,445,633,106,1065,14,467,83,14
"983","2020-04-02",190,12,96,681,4389,0.301891091364776,0,0,445,633,80,1145,34,501,65,34
"984","2020-04-03",185,12,96,717,4389,0.301891091364776,0,0,445,633,81,1226,15,516,63,15
"985","2020-04-04",184,12,107,698,4389,0.301891091364776,0,0,445,633,87,1313,27,543,65,27
"986","2020-04-05",179,12,129,696,4389,0.301891091364776,0,0,445,633,96,1409,36,579,77,36
"987","2020-04-06",184,12,119,703,4389,0.301891091364776,0,0,445,633,74,1483,24,603,52,24
"988","2020-04-07",190,12,117,709,4389,0.301891091364776,0,0,445,633,72,1555,48,651,59,48
"989","2020-04-08",191,12,129,706,4389,0.301891091364776,0,0,445,633,100,1655,13,664,85,13
"990","2020-04-09",181,12,149,700,4389,0.301891091364776,0,0,445,633,84,1739,6,670,62,6
"991","2020-04-10",191,12,142,694,4389,0.301891091364776,0,0,445,633,100,1839,12,682,76,12
"992","2020-04-11",195,12,150,690,4389,0.301891091364776,0,0,445,633,80,1919,38,720,56,38
"993","2020-04-12",199,12,141,693,4389,0.301891091364776,0,0,445,633,101,2020,27,747,73,27
"994","2020-04-13",195,12,144,684,4389,0.301891091364776,0,0,445,633,80,2100,21,768,59,21
"995","2020-04-14",189,12,154,701,4389,0.301891091364776,0,0,445,633,59,2159,44,812,47,44
"996","2020-04-15",199,12,164,697,4389,0.301891091364776,0,0,445,633,81,2240,37,849,63,37
"997","2020-04-16",205,12,175,678,4389,0.301891091364776,0,0,445,633,66,2306,19,868,51,19
"998","2020-04-17",206,12,182,680,4389,0.301891091364776,0,0,445,633,66,2372,40,908,48,40
"999","2020-04-18",195,12,180,689,4389,0.301891091364776,0,0,445,633,79,2451,23,931,54,23
"1000","2020-04-19",201,12,190,679,4389,0.301891091364776,0,0,445,633,80,2531,62,993,60,62
"1001","2020-04-20",199,12,182,670,4389,0.301891091364776,0,0,445,633,85,2616,58,1051,67,58
"1002","2020-04-21",193,12,173,671,4389,0.301891091364776,0,0,445,633,67,2683,36,1087,44,36
"1003","2020-04-22",191,12,193,672,4389,0.301891091364776,0,0,445,633,69,2752,67,1154,50,67
"1004","2020-04-23",189,12,179,653,4389,0.301891091364776,0,0,445,633,60,2812,51,1205,44,51
"1005","2020-04-24",181,12,167,632,4389,0.301891091364776,0,0,445,633,62,2874,35,1240,44,35
"1006","2020-04-25",179,12,166,616,4389,0.301891091364776,0,0,445,633,60,2934,56,1296,42,56
"1007","2020-04-26",179,12,168,602,4389,0.301891091364776,0,0,445,633,58,2992,32,1328,42,32
"1008","2020-04-27",173,12,176,592,4389,0.301891091364776,0,0,445,633,59,3051,19,1347,38,19
"1009","2020-04-28",173,12,200,588,4389,0.301891091364776,0,0,445,633,58,3109,16,1363,40,16
"1010","2020-04-29",161,12,205,578,4389,0.301891091364776,0,0,445,633,65,3174,24,1387,43,24
"1011","2020-04-30",162,12,234,576,4389,0.301891091364776,0,0,445,633,56,3230,64,1451,38,64
"1012","2020-05-01",165,12,229,567,4389,0.301891091364776,0,0,445,633,52,3282,29,1480,42,29
"1013","2020-05-02",163,12,241,578,4389,0.301891091364776,0,0,445,633,64,3346,10,1490,36,10
"1014","2020-05-03",159,12,245,571,4389,0.301891091364776,0,0,445,633,41,3387,11,1501,29,11
"1015","2020-05-04",157,12,243,568,4389,0.301891091364776,0,0,445,633,60,3447,12,1513,47,12
"1016","2020-05-05",148,12,238,575,4389,0.301891091364776,0,0,445,633,46,3493,44,1557,33,44
"1017","2020-05-06",149,12,231,560,4389,0.301891091364776,0,0,445,633,50,3543,27,1584,35,27
"1018","2020-05-07",147,12,237,552,4389,0.301891091364776,0,0,445,633,54,3597,23,1607,38,23
"1019","2020-05-08",149,12,242,550,4389,0.301891091364776,0,0,445,633,45,3642,16,1623,35,16
"1020","2020-05-09",151,12,242,545,4389,0.301891091364776,0,0,445,633,37,3679,12,1635,23,12
"1021","2020-05-10",147,12,229,542,4389,0.301891091364776,0,0,445,633,38,3717,17,1652,26,17
"1022","2020-05-11",152,12,222,545,4389,0.301891091364776,0,0,445,633,35,3752,7,1659,27,7
"1023","2020-05-12",162,12,238,530,4389,0.301891091364776,0,0,445,633,42,3794,22,1681,27,22
"1024","2020-05-13",160,12,237,508,4389,0.301891091364776,0,0,445,633,41,3835,49,1730,32,49
"1025","2020-05-14",154,12,246,501,4389,0.301891091364776,0,0,445,633,35,3870,49,1779,25,49
"1026","2020-05-15",148,12,216,490,4389,0.301891091364776,0,0,445,633,46,3916,31,1810,28,31
"1027","2020-05-16",149,12,215,475,4389,0.301891091364776,0,0,445,633,37,3953,39,1849,25,39
"1028","2020-05-17",145,12,199,464,4389,0.301891091364776,0,0,445,633,39,3992,48,1897,26,48
"1029","2020-05-18",134,12,190,454,4389,0.301891091364776,0,0,445,633,38,4030,32,1929,23,32
"1030","2020-05-19",131,12,211,447,4389,0.301891091364776,0,0,445,633,27,4057,41,1970,19,41
"1031","2020-05-20",133,12,195,440,4389,0.301891091364776,0,0,445,633,42,4099,50,2020,28,50
"1032","2020-05-21",135,12,200,426,4389,0.301891091364776,0,0,445,633,26,4125,40,2060,17,40
"1033","2020-05-22",139,12,199,426,4389,0.301891091364776,0,0,445,633,31,4156,40,2100,20,40
"1034","2020-05-23",134,12,200,395,4389,0.301891091364776,0,0,445,633,34,4190,48,2148,22,48
"1035","2020-05-24",140,12,184,368,4389,0.301891091364776,0,0,445,633,23,4213,48,2196,15,48
"1036","2020-05-25",141,12,167,358,4389,0.301891091364776,0,0,445,633,31,4244,46,2242,20,46
"1037","2020-05-26",132,12,156,351,4389,0.301891091364776,0,0,445,633,29,4273,26,2268,18,26
"1038","2020-05-27",123,12,156,340,4389,0.301891091364776,0,0,445,633,24,4297,27,2295,21,27
"1039","2020-05-28",111,12,150,335,4389,0.301891091364776,0,0,445,633,23,4320,21,2316,14,21
"1040","2020-05-29",100,12,152,311,4389,0.301891091364776,0,0,445,633,24,4344,49,2365,13,49
"1041","2020-05-30",94,12,166,302,4389,0.301891091364776,0,0,445,633,20,4364,25,2390,13,25
"1042","2020-05-31",87,12,158,298,4389,0.301891091364776,0,0,445,633,28,4392,34,2424,21,34
"1043","2020-06-01",91,12,143,292,4389,0.301891091364776,0,0,445,633,30,4422,51,2475,23,51
"1044","2020-06-02",87,12,143,266,4389,0.301891091364776,0,0,445,633,12,4434,26,2501,10,26
"1045","2020-06-03",85,12,139,258,4389,0.301891091364776,0,0,445,633,20,4454,25,2526,13,25
"1046","2020-06-04",84,12,128,254,4389,0.301891091364776,0,0,445,633,21,4475,29,2555,15,29
"1047","2020-06-05",86,12,124,235,4389,0.301891091364776,0,0,445,633,18,4493,42,2597,8,42
"1048","2020-06-06",84,12,120,220,4389,0.301891091364776,0,0,445,633,10,4503,18,2615,6,18
"1049","2020-06-07",81,12,122,211,4389,0.301891091364776,0,0,445,633,13,4516,25,2640,9,25
"1050","2020-03-15",3,13,74,60,1993,0.449071751128951,0,0,161,519,30,131,5,36,4,5
"1051","2020-03-16",5,13,83,83,1993,0.449071751128951,0,0,161,519,31,162,20,56,13,20
"1052","2020-03-17",8,13,90,95,1993,0.449071751128951,0,0,161,519,37,199,20,76,13,20
"1053","2020-03-18",12,13,98,113,1993,0.449071751128951,0,0,161,519,37,236,12,88,23,12
"1054","2020-03-19",15,13,103,135,1993,0.449071751128951,0,0,161,519,36,272,10,98,11,10
"1055","2020-03-20",17,13,111,159,1993,0.449071751128951,0,0,161,519,41,313,6,104,18,6
"1056","2020-03-21",20,13,109,174,1993,0.449071751128951,0,0,161,519,40,353,6,110,20,6
"1057","2020-03-22",22,13,129,194,1993,0.449071751128951,0,0,161,519,49,402,12,122,31,12
"1058","2020-03-23",29,13,149,211,1993,0.449071751128951,0,0,161,519,52,454,7,129,27,7
"1059","2020-03-24",32,13,151,233,1993,0.449071751128951,0,0,161,519,63,517,3,132,41,3
"1060","2020-03-25",40,13,150,248,1993,0.449071751128951,0,0,161,519,61,578,15,147,40,15
"1061","2020-03-26",49,13,161,266,1993,0.449071751128951,0,0,161,519,55,633,10,157,32,10
"1062","2020-03-27",61,13,181,272,1993,0.449071751128951,0,0,161,519,62,695,9,166,33,9
"1063","2020-03-28",69,13,197,280,1993,0.449071751128951,0,0,161,519,70,765,17,183,38,17
"1064","2020-03-29",70,13,198,283,1993,0.449071751128951,0,0,161,519,66,831,20,203,44,20
"1065","2020-03-30",67,13,215,290,1993,0.449071751128951,0,0,161,519,83,914,20,223,50,20
"1066","2020-03-31",71,13,215,296,1993,0.449071751128951,0,0,161,519,70,984,17,240,38,17
"1067","2020-04-01",73,13,240,321,1993,0.449071751128951,0,0,161,519,50,1034,30,270,30,30
"1068","2020-04-02",78,13,237,318,1993,0.449071751128951,0,0,161,519,73,1107,16,286,36,16
"1069","2020-04-03",74,13,233,307,1993,0.449071751128951,0,0,161,519,70,1177,17,303,38,17
"1070","2020-04-04",75,13,243,305,1993,0.449071751128951,0,0,161,519,89,1266,25,328,57,25
"1071","2020-04-05",78,13,250,300,1993,0.449071751128951,0,0,161,519,63,1329,11,339,30,11
"1072","2020-04-06",80,13,237,304,1993,0.449071751128951,0,0,161,519,61,1390,24,363,30,24
"1073","2020-04-07",92,13,246,298,1993,0.449071751128951,0,0,161,519,66,1456,12,375,41,12
"1074","2020-04-08",89,13,252,293,1993,0.449071751128951,0,0,161,519,61,1517,9,384,34,9
"1075","2020-04-09",82,13,233,291,1993,0.449071751128951,0,0,161,519,64,1581,8,392,32,8
"1076","2020-04-10",85,13,232,285,1993,0.449071751128951,0,0,161,519,68,1649,2,394,42,2
"1077","2020-04-11",85,13,221,285,1993,0.449071751128951,0,0,161,519,75,1724,10,404,43,10
"1078","2020-04-12",88,13,221,280,1993,0.449071751128951,0,0,161,519,71,1795,5,409,40,5
"1079","2020-04-13",95,13,227,287,1993,0.449071751128951,0,0,161,519,66,1861,14,423,29,14
"1080","2020-04-14",86,13,233,285,1993,0.449071751128951,0,0,161,519,69,1930,26,449,42,26
"1081","2020-04-15",87,13,254,287,1993,0.449071751128951,0,0,161,519,66,1996,16,465,35,16
"1082","2020-04-16",87,13,242,273,1993,0.449071751128951,0,0,161,519,78,2074,22,487,39,22
"1083","2020-04-17",85,13,228,269,1993,0.449071751128951,0,0,161,519,49,2123,16,503,25,16
"1084","2020-04-18",86,13,229,282,1993,0.449071751128951,0,0,161,519,58,2181,25,528,23,25
"1085","2020-04-19",79,13,235,272,1993,0.449071751128951,0,0,161,519,41,2222,36,564,17,36
"1086","2020-04-20",77,13,243,274,1993,0.449071751128951,0,0,161,519,60,2282,58,622,32,58
"1087","2020-04-21",75,13,253,282,1993,0.449071751128951,0,0,161,519,52,2334,28,650,24,28
"1088","2020-04-22",79,13,242,279,1993,0.449071751128951,0,0,161,519,54,2388,31,681,17,31
"1089","2020-04-23",89,13,235,278,1993,0.449071751128951,0,0,161,519,55,2443,19,700,28,19
"1090","2020-04-24",92,13,233,287,1993,0.449071751128951,0,0,161,519,56,2499,15,715,31,15
"1091","2020-04-25",89,13,213,281,1993,0.449071751128951,0,0,161,519,52,2551,30,745,22,30
"1092","2020-04-26",94,13,227,277,1993,0.449071751128951,0,0,161,519,58,2609,25,770,28,25
"1093","2020-04-27",88,13,221,280,1993,0.449071751128951,0,0,161,519,45,2654,21,791,15,21
"1094","2020-04-28",83,13,230,280,1993,0.449071751128951,0,0,161,519,44,2698,35,826,19,35
"1095","2020-04-29",78,13,252,272,1993,0.449071751128951,0,0,161,519,44,2742,29,855,16,29
"1096","2020-04-30",72,13,275,280,1993,0.449071751128951,0,0,161,519,46,2788,21,876,24,21
"1097","2020-05-01",68,13,262,280,1993,0.449071751128951,0,0,161,519,46,2834,12,888,22,12
"1098","2020-05-02",69,13,258,281,1993,0.449071751128951,0,0,161,519,42,2876,21,909,17,21
"1099","2020-05-03",71,13,244,282,1993,0.449071751128951,0,0,161,519,43,2919,40,949,15,40
"1100","2020-05-04",74,13,257,272,1993,0.449071751128951,0,0,161,519,44,2963,22,971,19,22
"1101","2020-05-05",77,13,241,279,1993,0.449071751128951,0,0,161,519,38,3001,28,999,17,28
"1102","2020-05-06",79,13,235,275,1993,0.449071751128951,0,0,161,519,35,3036,33,1032,9,33
"1103","2020-05-07",74,13,232,276,1993,0.449071751128951,0,0,161,519,27,3063,37,1069,8,37
"1104","2020-05-08",71,13,240,273,1993,0.449071751128951,0,0,161,519,33,3096,20,1089,6,20
"1105","2020-05-09",68,13,244,273,1993,0.449071751128951,0,0,161,519,44,3140,12,1101,15,12
"1106","2020-05-10",66,13,228,279,1993,0.449071751128951,0,0,161,519,26,3166,16,1117,8,16
"1107","2020-05-11",66,13,240,279,1993,0.449071751128951,0,0,161,519,34,3200,20,1137,9,20
"1108","2020-05-12",66,13,255,275,1993,0.449071751128951,0,0,161,519,38,3238,12,1149,13,12
"1109","2020-05-13",67,13,269,274,1993,0.449071751128951,0,0,161,519,28,3266,9,1158,6,9
"1110","2020-05-14",68,13,275,265,1993,0.449071751128951,0,0,161,519,33,3299,9,1167,13,9
"1111","2020-05-15",76,13,258,266,1993,0.449071751128951,0,0,161,519,29,3328,8,1175,13,8
"1112","2020-05-16",76,13,251,267,1993,0.449071751128951,0,0,161,519,26,3354,25,1200,12,25
"1113","2020-05-17",75,13,234,259,1993,0.449071751128951,0,0,161,519,30,3384,36,1236,11,36
"1114","2020-05-18",79,13,228,242,1993,0.449071751128951,0,0,161,519,25,3409,25,1261,12,25
"1115","2020-05-19",82,13,220,241,1993,0.449071751128951,0,0,161,519,44,3453,36,1297,18,36
"1116","2020-05-20",77,13,238,226,1993,0.449071751128951,0,0,161,519,19,3472,45,1342,11,45
"1117","2020-05-21",77,13,237,216,1993,0.449071751128951,0,0,161,519,35,3507,21,1363,12,21
"1118","2020-05-22",66,13,238,208,1993,0.449071751128951,0,0,161,519,17,3524,21,1384,7,21
"1119","2020-05-23",64,13,218,200,1993,0.449071751128951,0,0,161,519,16,3540,24,1408,4,24
"1120","2020-05-24",65,13,224,196,1993,0.449071751128951,0,0,161,519,25,3565,12,1420,7,12
"1121","2020-05-25",60,13,243,183,1993,0.449071751128951,0,0,161,519,22,3587,17,1437,5,17
"1122","2020-05-26",54,13,237,179,1993,0.449071751128951,0,0,161,519,10,3597,29,1466,5,29
"1123","2020-05-27",56,13,237,174,1993,0.449071751128951,0,0,161,519,27,3624,14,1480,15,14
"1124","2020-05-28",53,13,238,171,1993,0.449071751128951,0,0,161,519,17,3641,24,1504,8,24
"1125","2020-05-29",60,13,242,173,1993,0.449071751128951,0,0,161,519,19,3660,11,1515,10,11
"1126","2020-05-30",58,13,256,165,1993,0.449071751128951,0,0,161,519,26,3686,19,1534,13,19
"1127","2020-05-31",58,13,263,159,1993,0.449071751128951,0,0,161,519,20,3706,16,1550,15,16
"1128","2020-06-01",51,13,242,158,1993,0.449071751128951,0,0,161,519,15,3721,21,1571,5,21
"1129","2020-06-02",51,13,244,157,1993,0.449071751128951,0,0,161,519,16,3737,29,1600,6,29
"1130","2020-06-03",44,13,234,158,1993,0.449071751128951,0,0,161,519,19,3756,20,1620,8,20
"1131","2020-06-04",38,13,231,148,1993,0.449071751128951,0,0,161,519,25,3781,8,1628,10,8
"1132","2020-06-05",36,13,211,145,1993,0.449071751128951,0,0,161,519,14,3795,12,1640,3,12
"1133","2020-06-06",40,13,189,146,1993,0.449071751128951,0,0,161,519,22,3817,13,1653,9,13
"1134","2020-06-07",35,13,190,140,1993,0.449071751128951,0,0,161,519,14,3831,9,1662,7,9
"1135","2020-03-13",1,14,77,67,6431,0.877624008707822,0,0,604,771,34,94,24,79,17,24
"1136","2020-03-14",2,14,101,97,6431,0.877624008707822,0,0,604,771,39,133,15,94,20,15
"1137","2020-03-15",7,14,128,127,6431,0.877624008707822,0,0,604,771,51,184,25,119,36,25
"1138","2020-03-16",12,14,124,169,6431,0.877624008707822,0,0,604,771,75,259,21,140,58,21
"1139","2020-03-17",24,14,113,207,6431,0.877624008707822,0,0,604,771,123,382,36,176,105,36
"1140","2020-03-18",30,14,127,256,6431,0.877624008707822,0,0,604,771,125,507,15,191,103,15
"1141","2020-03-19",37,14,127,310,6431,0.877624008707822,0,0,604,771,159,666,11,202,144,11
"1142","2020-03-20",46,14,138,358,6431,0.877624008707822,0,0,604,771,206,872,39,241,192,39
"1143","2020-03-21",57,14,173,436,6431,0.877624008707822,0,0,604,771,251,1123,24,265,236,24
"1144","2020-03-22",69,14,178,504,6431,0.877624008707822,0,0,604,771,276,1399,15,280,262,15
"1145","2020-03-23",79,14,173,571,6431,0.877624008707822,0,0,604,771,393,1792,12,292,379,12
"1146","2020-03-24",89,14,180,650,6431,0.877624008707822,0,0,604,771,404,2196,39,331,387,39
"1147","2020-03-25",113,14,178,724,6431,0.877624008707822,0,0,604,771,349,2545,50,381,338,50
"1148","2020-03-26",146,14,176,792,6431,0.877624008707822,0,0,604,771,459,3004,35,416,450,35
"1149","2020-03-27",165,14,182,864,6431,0.877624008707822,0,0,604,771,517,3521,13,429,505,13
"1150","2020-03-28",192,14,170,976,6431,0.877624008707822,0,0,604,771,456,3977,16,445,444,16
"1151","2020-03-29",205,14,157,1053,6431,0.877624008707822,0,0,604,771,499,4476,13,458,488,13
"1152","2020-03-30",234,14,152,1124,6431,0.877624008707822,0,0,604,771,473,4949,23,481,468,23
"1153","2020-03-31",256,14,143,1234,6431,0.877624008707822,0,0,604,771,405,5354,60,541,397,60
"1154","2020-04-01",269,14,129,1340,6431,0.877624008707822,0,0,604,771,443,5797,23,564,430,23
"1155","2020-04-02",280,14,135,1416,6431,0.877624008707822,0,0,604,771,383,6180,14,578,376,14
"1156","2020-04-03",296,14,149,1491,6431,0.877624008707822,0,0,604,771,281,6461,9,587,275,9
"1157","2020-04-04",302,14,145,1609,6431,0.877624008707822,0,0,604,771,240,6701,6,593,232,6
"1158","2020-04-05",319,14,173,1666,6431,0.877624008707822,0,0,604,771,190,6891,8,601,185,8
"1159","2020-04-06",363,14,192,1745,6431,0.877624008707822,0,0,604,771,109,7000,9,610,107,9
"1160","2020-04-07",379,14,220,1820,6431,0.877624008707822,0,0,604,771,103,7103,16,626,101,16
"1161","2020-04-08",410,14,208,1864,6431,0.877624008707822,0,0,604,771,69,7172,33,659,66,33
"1162","2020-04-09",437,14,196,1902,6431,0.877624008707822,0,0,604,771,70,7242,23,682,67,23
"1163","2020-04-10",466,14,197,1935,6431,0.877624008707822,0,0,604,771,71,7313,9,691,71,9
"1164","2020-04-11",486,14,186,1932,6431,0.877624008707822,0,0,604,771,49,7362,12,703,47,12
"1165","2020-04-12",537,14,176,1955,6431,0.877624008707822,0,0,604,771,20,7382,36,739,19,36
"1166","2020-04-13",548,14,186,1942,6431,0.877624008707822,0,0,604,771,34,7416,24,763,30,24
"1167","2020-04-14",551,14,180,1906,6431,0.877624008707822,0,0,604,771,19,7435,38,801,15,38
"1168","2020-04-15",557,14,196,1887,6431,0.877624008707822,0,0,604,771,19,7454,67,868,16,67
"1169","2020-04-16",551,14,194,1838,6431,0.877624008707822,0,0,604,771,14,7468,57,925,13,57
"1170","2020-04-17",552,14,206,1772,6431,0.877624008707822,0,0,604,771,11,7479,36,961,11,36
"1171","2020-04-18",577,14,187,1708,6431,0.877624008707822,0,0,604,771,10,7489,34,995,10,34
"1172","2020-04-19",545,14,175,1610,6431,0.877624008707822,0,0,604,771,11,7500,16,1011,10,16
"1173","2020-04-20",506,14,190,1535,6431,0.877624008707822,0,0,604,771,9,7509,14,1025,5,14
"1174","2020-04-21",524,14,216,1447,6431,0.877624008707822,0,0,604,771,8,7517,12,1037,5,12
"1175","2020-04-22",500,14,216,1385,6431,0.877624008707822,0,0,604,771,9,7526,20,1057,5,20
"1176","2020-04-23",489,14,222,1289,6431,0.877624008707822,0,0,604,771,3,7529,32,1089,3,32
"1177","2020-04-24",470,14,240,1222,6431,0.877624008707822,0,0,604,771,3,7532,21,1110,2,21
"1178","2020-04-25",432,14,231,1147,6431,0.877624008707822,0,0,604,771,6,7538,8,1118,6,8
"1179","2020-04-26",403,14,236,1092,6431,0.877624008707822,0,0,604,771,3,7541,14,1132,3,14
"1180","2020-04-27",396,14,245,1017,6431,0.877624008707822,0,0,604,771,4,7545,50,1182,4,50
"1181","2020-04-28",359,14,234,972,6431,0.877624008707822,0,0,604,771,4,7549,25,1207,3,25
"1182","2020-04-29",347,14,225,890,6431,0.877624008707822,0,0,604,771,5,7554,17,1224,2,17
"1183","2020-04-30",322,14,215,819,6431,0.877624008707822,0,0,604,771,3,7557,5,1229,3,5
"1184","2020-05-01",295,14,214,728,6431,0.877624008707822,0,0,604,771,8,7565,14,1243,4,14
"1185","2020-05-02",264,14,204,688,6431,0.877624008707822,0,0,604,771,1,7566,43,1286,1,43
"1186","2020-05-03",255,14,217,647,6431,0.877624008707822,0,0,604,771,4,7570,25,1311,3,25
"1187","2020-05-04",226,14,205,597,6431,0.877624008707822,0,0,604,771,4,7574,18,1329,3,18
"1188","2020-05-05",206,14,207,547,6431,0.877624008707822,0,0,604,771,7,7581,17,1346,5,17
"1189","2020-05-06",186,14,230,495,6431,0.877624008707822,0,0,604,771,2,7583,55,1401,1,55
"1190","2020-05-07",171,14,244,453,6431,0.877624008707822,0,0,604,771,3,7586,51,1452,2,51
"1191","2020-05-08",159,14,242,415,6431,0.877624008707822,0,0,604,771,2,7588,25,1477,NA,25
"1192","2020-05-09",152,14,209,383,6431,0.877624008707822,0,0,604,771,7,7595,35,1512,2,35
"1193","2020-05-10",140,14,251,356,6431,0.877624008707822,0,0,604,771,2,7597,20,1532,NA,20
"1194","2020-05-11",125,14,257,345,6431,0.877624008707822,0,0,604,771,5,7602,32,1564,2,32
"1195","2020-05-12",114,14,244,322,6431,0.877624008707822,0,0,604,771,2,7604,14,1578,1,14
"1196","2020-05-13",100,14,246,304,6431,0.877624008707822,0,0,604,771,4,7608,11,1589,4,11
"1197","2020-05-14",91,14,250,284,6431,0.877624008707822,0,0,604,771,NA,NA,11,1600,NA,11
"1198","2020-05-15",87,14,253,278,6431,0.877624008707822,0,0,604,771,NA,NA,11,1611,NA,11
"1199","2020-05-16",88,14,221,254,6431,0.877624008707822,0,0,604,771,2,7610,12,1623,2,12
"1200","2020-05-17",81,14,207,243,6431,0.877624008707822,0,0,604,771,1,7611,32,1655,NA,32
"1201","2020-05-18",82,14,187,226,6431,0.877624008707822,0,0,604,771,3,7614,25,1680,1,25
"1202","2020-05-19",78,14,166,219,6431,0.877624008707822,0,0,604,771,2,7616,37,1717,2,37
"1203","2020-05-20",77,14,193,207,6431,0.877624008707822,0,0,604,771,NA,NA,29,1746,NA,29
"1204","2020-05-21",72,14,198,201,6431,0.877624008707822,0,0,604,771,1,7617,10,1756,NA,10
"1205","2020-05-22",65,14,205,197,6431,0.877624008707822,0,0,604,771,4,7621,4,1760,2,4
"1206","2020-05-23",62,14,189,185,6431,0.877624008707822,0,0,604,771,NA,NA,18,1778,NA,18
"1207","2020-05-24",58,14,186,167,6431,0.877624008707822,0,0,604,771,1,7622,43,1821,1,43
"1208","2020-05-25",54,14,174,160,6431,0.877624008707822,0,0,604,771,1,7623,21,1842,1,21
"1209","2020-05-26",47,14,182,151,6431,0.877624008707822,0,0,604,771,NA,NA,10,1852,NA,10
"1210","2020-05-27",46,14,191,139,6431,0.877624008707822,0,0,604,771,NA,NA,24,1876,NA,24
"1211","2020-05-28",47,14,211,134,6431,0.877624008707822,0,0,604,771,2,7625,42,1918,2,42
"1212","2020-05-29",49,14,234,128,6431,0.877624008707822,0,0,604,771,1,7626,22,1940,1,22
"1213","2020-05-30",43,14,231,119,6431,0.877624008707822,0,0,604,771,1,7627,12,1952,NA,12
"1214","2020-05-31",42,14,225,121,6431,0.877624008707822,0,0,604,771,1,7628,11,1963,NA,11
"1215","2020-06-01",43,14,211,119,6431,0.877624008707822,0,0,604,771,2,7630,9,1972,1,9
"1216","2020-06-02",50,14,203,108,6431,0.877624008707822,0,0,604,771,2,7632,5,1977,2,5
"1217","2020-06-03",45,14,192,102,6431,0.877624008707822,0,0,604,771,1,7633,7,1984,1,7
"1218","2020-06-04",41,14,191,95,6431,0.877624008707822,0,0,604,771,1,7634,4,1988,1,4
"1219","2020-06-05",37,14,188,94,6431,0.877624008707822,0,0,604,771,2,7636,7,1995,2,7
"1220","2020-06-06",34,14,186,90,6431,0.877624008707822,0,0,604,771,NA,NA,6,2001,NA,6
"1221","2020-06-07",34,14,184,85,6431,0.877624008707822,0,0,604,771,NA,NA,15,2016,NA,15
"1222","2020-03-12",1,15,82,80,8679,0.82267542343588,0,0,759,1039,51,94,20,30,2,20
"1223","2020-03-13",2,15,96,128,8679,0.82267542343588,0,0,759,1039,36,130,20,50,3,20
"1224","2020-03-14",5,15,95,200,8679,0.82267542343588,0,0,759,1039,40,170,33,83,6,33
"1225","2020-03-15",13,15,141,281,8679,0.82267542343588,0,0,759,1039,53,223,6,89,10,6
"1226","2020-03-16",17,15,184,379,8679,0.82267542343588,0,0,759,1039,59,282,16,105,14,16
"1227","2020-03-17",34,15,205,564,8679,0.82267542343588,0,0,759,1039,45,327,27,132,6,27
"1228","2020-03-18",56,15,228,779,8679,0.82267542343588,0,0,759,1039,56,383,21,153,14,21
"1229","2020-03-19",86,15,212,1050,8679,0.82267542343588,0,0,759,1039,45,428,9,162,15,9
"1230","2020-03-20",118,15,218,1396,8679,0.82267542343588,0,0,759,1039,69,497,3,165,30,3
"1231","2020-03-21",166,15,212,1765,8679,0.82267542343588,0,0,759,1039,64,561,16,181,24,16
"1232","2020-03-22",213,15,190,2178,8679,0.82267542343588,0,0,759,1039,77,638,9,190,32,9
"1233","2020-03-23",276,15,163,2735,8679,0.82267542343588,0,0,759,1039,70,708,17,207,20,17
"1234","2020-03-24",355,15,153,3192,8679,0.82267542343588,0,0,759,1039,68,776,29,236,30,29
"1235","2020-03-25",459,15,135,3697,8679,0.82267542343588,0,0,759,1039,73,849,18,254,27,18
"1236","2020-03-26",591,15,124,4034,8679,0.82267542343588,0,0,759,1039,77,926,9,263,26,9
"1237","2020-03-27",748,15,106,4446,8679,0.82267542343588,0,0,759,1039,64,990,10,273,26,10
"1238","2020-03-28",859,15,92,4627,8679,0.82267542343588,0,0,759,1039,57,1047,23,296,18,23
"1239","2020-03-29",1021,15,99,4755,8679,0.82267542343588,0,0,759,1039,72,1119,28,324,28,28
"1240","2020-03-30",1152,15,164,4789,8679,0.82267542343588,0,0,759,1039,88,1207,19,343,35,19
"1241","2020-03-31",1243,15,168,4685,8679,0.82267542343588,0,0,759,1039,85,1292,16,359,31,16
"1242","2020-04-01",1322,15,221,4556,8679,0.82267542343588,0,0,759,1039,53,1345,10,369,21,10
"1243","2020-04-02",1342,15,208,4371,8679,0.82267542343588,0,0,759,1039,62,1407,20,389,22,20
"1244","2020-04-03",1336,15,205,4147,8679,0.82267542343588,0,0,759,1039,90,1497,15,404,37,15
"1245","2020-04-04",1347,15,254,3855,8679,0.82267542343588,0,0,759,1039,81,1578,11,415,31,11
"1246","2020-04-05",1288,15,262,3489,8679,0.82267542343588,0,0,759,1039,78,1656,11,426,35,11
"1247","2020-04-06",1215,15,289,3089,8679,0.82267542343588,0,0,759,1039,68,1724,17,443,29,17
"1248","2020-04-07",1164,15,307,2752,8679,0.82267542343588,0,0,759,1039,81,1805,9,452,30,9
"1249","2020-04-08",1062,15,284,2424,8679,0.82267542343588,0,0,759,1039,84,1889,9,461,30,9
"1250","2020-04-09",984,15,242,2086,8679,0.82267542343588,0,0,759,1039,73,1962,26,487,35,26
"1251","2020-04-10",876,15,225,1784,8679,0.82267542343588,0,0,759,1039,61,2023,16,503,20,16
"1252","2020-04-11",762,15,214,1560,8679,0.82267542343588,0,0,759,1039,76,2099,48,551,17,48
"1253","2020-04-12",680,15,189,1320,8679,0.82267542343588,0,0,759,1039,65,2164,39,590,15,39
"1254","2020-04-13",597,15,175,1131,8679,0.82267542343588,0,0,759,1039,74,2238,37,627,17,37
"1255","2020-04-14",493,15,169,944,8679,0.82267542343588,0,0,759,1039,69,2307,29,656,26,29
"1256","2020-04-15",415,15,143,780,8679,0.82267542343588,0,0,759,1039,53,2360,52,708,11,52
"1257","2020-04-16",339,15,127,635,8679,0.82267542343588,0,0,759,1039,68,2428,33,741,25,33
"1258","2020-04-17",283,15,119,501,8679,0.82267542343588,0,0,759,1039,73,2501,30,771,20,30
"1259","2020-04-18",241,15,130,439,8679,0.82267542343588,0,0,759,1039,54,2555,38,809,12,38
"1260","2020-04-19",185,15,194,364,8679,0.82267542343588,0,0,759,1039,62,2617,48,857,15,48
"1261","2020-04-20",153,15,207,301,8679,0.82267542343588,0,0,759,1039,71,2688,39,896,19,39
"1262","2020-04-21",132,15,195,250,8679,0.82267542343588,0,0,759,1039,69,2757,31,927,20,31
"1263","2020-04-22",113,15,199,211,8679,0.82267542343588,0,0,759,1039,67,2824,29,956,10,29
"1264","2020-04-23",89,15,227,178,8679,0.82267542343588,0,0,759,1039,55,2879,9,965,14,9
"1265","2020-04-24",72,15,211,144,8679,0.82267542343588,0,0,759,1039,60,2939,17,982,18,17
"1266","2020-04-25",62,15,220,129,8679,0.82267542343588,0,0,759,1039,66,3005,16,998,11,16
"1267","2020-04-26",45,15,290,108,8679,0.82267542343588,0,0,759,1039,62,3067,13,1011,17,13
"1268","2020-04-27",38,15,277,104,8679,0.82267542343588,0,0,759,1039,61,3128,17,1028,6,17
"1269","2020-04-28",27,15,274,89,8679,0.82267542343588,0,0,759,1039,62,3190,12,1040,17,12
"1270","2020-04-29",22,15,240,83,8679,0.82267542343588,0,0,759,1039,64,3254,19,1059,29,19
"1271","2020-04-30",20,15,223,78,8679,0.82267542343588,0,0,759,1039,56,3310,16,1075,19,16
"1272","2020-05-01",23,15,230,73,8679,0.82267542343588,0,0,759,1039,66,3376,38,1113,24,38
"1273","2020-05-02",16,15,255,70,8679,0.82267542343588,0,0,759,1039,53,3429,39,1152,13,39
"1274","2020-05-03",13,15,284,65,8679,0.82267542343588,0,0,759,1039,59,3488,23,1175,14,23
"1275","2020-05-04",11,15,317,63,8679,0.82267542343588,0,0,759,1039,54,3542,37,1212,15,37
"1276","2020-05-05",12,15,330,62,8679,0.82267542343588,0,0,759,1039,62,3604,28,1240,19,28
"1277","2020-05-06",13,15,295,61,8679,0.82267542343588,0,0,759,1039,53,3657,38,1278,16,38
"1278","2020-05-07",13,15,265,59,8679,0.82267542343588,0,0,759,1039,56,3713,32,1310,12,32
"1279","2020-05-08",9,15,235,52,8679,0.82267542343588,0,0,759,1039,46,3759,28,1338,11,28
"1280","2020-05-09",14,15,230,46,8679,0.82267542343588,0,0,759,1039,47,3806,15,1353,13,15
"1281","2020-05-10",16,15,254,44,8679,0.82267542343588,0,0,759,1039,62,3868,17,1370,14,17
"1282","2020-05-11",17,15,252,45,8679,0.82267542343588,0,0,759,1039,59,3927,27,1397,19,27
"1283","2020-05-12",17,15,238,42,8679,0.82267542343588,0,0,759,1039,34,3961,37,1434,6,37
"1284","2020-05-13",15,15,250,47,8679,0.82267542343588,0,0,759,1039,41,4002,18,1452,7,18
"1285","2020-05-14",14,15,277,45,8679,0.82267542343588,0,0,759,1039,40,4042,27,1479,15,27
"1286","2020-05-15",12,15,278,40,8679,0.82267542343588,0,0,759,1039,33,4075,26,1505,11,26
"1287","2020-05-16",8,15,264,37,8679,0.82267542343588,0,0,759,1039,39,4114,31,1536,11,31
"1288","2020-05-17",6,15,260,36,8679,0.82267542343588,0,0,759,1039,28,4142,25,1561,4,25
"1289","2020-05-18",7,15,279,33,8679,0.82267542343588,0,0,759,1039,26,4168,15,1576,13,15
"1290","2020-05-19",6,15,284,33,8679,0.82267542343588,0,0,759,1039,36,4204,7,1583,10,7
"1291","2020-05-20",7,15,260,28,8679,0.82267542343588,0,0,759,1039,39,4243,30,1613,9,30
"1292","2020-05-21",6,15,223,26,8679,0.82267542343588,0,0,759,1039,42,4285,30,1643,8,30
"1293","2020-05-22",9,15,194,26,8679,0.82267542343588,0,0,759,1039,34,4319,19,1662,9,19
"1294","2020-05-23",9,15,189,22,8679,0.82267542343588,0,0,759,1039,25,4344,10,1672,9,10
"1295","2020-05-24",10,15,218,20,8679,0.82267542343588,0,0,759,1039,25,4369,4,1676,2,4
"1296","2020-05-25",8,15,213,16,8679,0.82267542343588,0,0,759,1039,31,4400,9,1685,7,9
"1297","2020-05-26",8,15,185,16,8679,0.82267542343588,0,0,759,1039,26,4426,15,1700,8,15
"1298","2020-05-27",8,15,155,15,8679,0.82267542343588,0,0,759,1039,28,4454,21,1721,7,21
"1299","2020-05-28",7,15,144,14,8679,0.82267542343588,0,0,759,1039,21,4475,24,1745,12,24
"1300","2020-05-29",4,15,146,12,8679,0.82267542343588,0,0,759,1039,29,4504,25,1770,9,25
"1301","2020-05-30",6,15,175,12,8679,0.82267542343588,0,0,759,1039,20,4524,34,1804,6,34
"1302","2020-05-31",5,15,181,12,8679,0.82267542343588,0,0,759,1039,23,4547,22,1826,3,22
"1303","2020-06-01",4,15,230,13,8679,0.82267542343588,0,0,759,1039,19,4566,15,1841,4,15
"1304","2020-06-02",5,15,256,12,8679,0.82267542343588,0,0,759,1039,20,4586,15,1856,4,15
"1305","2020-06-03",4,15,255,11,8679,0.82267542343588,0,0,759,1039,24,4610,15,1871,7,15
"1306","2020-06-04",4,15,229,13,8679,0.82267542343588,0,0,759,1039,24,4634,22,1893,6,22
"1307","2020-06-05",5,15,232,13,8679,0.82267542343588,0,0,759,1039,12,4646,18,1911,5,18
"1308","2020-06-06",3,15,218,17,8679,0.82267542343588,0,0,759,1039,13,4659,13,1924,3,13
"1309","2020-06-07",3,15,212,16,8679,0.82267542343588,0,0,759,1039,18,4677,24,1948,4,24
"1310","2020-03-14",1,16,92,53,2803,0.547984302533,0,0,249,989,37,127,41,94,8,41
"1311","2020-03-15",1,16,90,74,2803,0.547984302533,0,0,249,989,33,160,28,122,12,28
"1312","2020-03-16",3,16,88,98,2803,0.547984302533,0,0,249,989,37,197,26,148,9,26
"1313","2020-03-17",8,16,97,123,2803,0.547984302533,0,0,249,989,42,239,41,189,20,41
"1314","2020-03-18",11,16,116,148,2803,0.547984302533,0,0,249,989,49,288,42,231,17,42
"1315","2020-03-19",14,16,127,175,2803,0.547984302533,0,0,249,989,44,332,43,274,15,43
"1316","2020-03-20",19,16,137,196,2803,0.547984302533,0,0,249,989,62,394,43,317,30,43
"1317","2020-03-21",28,16,121,225,2803,0.547984302533,0,0,249,989,61,455,70,387,27,70
"1318","2020-03-22",38,16,141,255,2803,0.547984302533,0,0,249,989,59,514,73,460,28,73
"1319","2020-03-23",53,16,140,273,2803,0.547984302533,0,0,249,989,47,561,42,502,26,42
"1320","2020-03-24",55,16,135,291,2803,0.547984302533,0,0,249,989,72,633,47,549,29,47
"1321","2020-03-25",62,16,129,299,2803,0.547984302533,0,0,249,989,42,675,35,584,18,35
"1322","2020-03-26",74,16,131,329,2803,0.547984302533,0,0,249,989,68,743,35,619,37,35
"1323","2020-03-27",83,16,129,358,2803,0.547984302533,0,0,249,989,81,824,47,666,44,47
"1324","2020-03-28",87,16,155,380,2803,0.547984302533,0,0,249,989,69,893,57,723,40,57
"1325","2020-03-29",90,16,187,405,2803,0.547984302533,0,0,249,989,83,976,56,779,34,56
"1326","2020-03-30",88,16,204,415,2803,0.547984302533,0,0,249,989,51,1027,44,823,19,44
"1327","2020-03-31",95,16,214,428,2803,0.547984302533,0,0,249,989,60,1087,42,865,27,42
"1328","2020-04-01",105,16,223,434,2803,0.547984302533,0,0,249,989,66,1153,47,912,21,47
"1329","2020-04-02",112,16,243,446,2803,0.547984302533,0,0,249,989,64,1217,60,972,26,60
"1330","2020-04-03",117,16,221,456,2803,0.547984302533,0,0,249,989,82,1299,42,1014,47,42
"1331","2020-04-04",119,16,213,466,2803,0.547984302533,0,0,249,989,59,1358,54,1068,28,54
"1332","2020-04-05",135,16,196,459,2803,0.547984302533,0,0,249,989,49,1407,44,1112,20,44
"1333","2020-04-06",141,16,187,492,2803,0.547984302533,0,0,249,989,67,1474,39,1151,32,39
"1334","2020-04-07",156,16,184,499,2803,0.547984302533,0,0,249,989,71,1545,46,1197,29,46
"1335","2020-04-08",157,16,177,488,2803,0.547984302533,0,0,249,989,71,1616,45,1242,34,45
"1336","2020-04-09",153,16,164,474,2803,0.547984302533,0,0,249,989,60,1676,45,1287,31,45
"1337","2020-04-10",155,16,153,463,2803,0.547984302533,0,0,249,989,63,1739,29,1316,36,30
"1338","2020-04-11",159,16,166,458,2803,0.547984302533,0,0,249,989,67,1806,32,1348,29,32
"1339","2020-04-12",156,16,171,461,2803,0.547984302533,0,0,249,989,53,1859,36,1384,29,36
"1340","2020-04-13",156,16,183,454,2803,0.547984302533,0,0,249,989,80,1939,50,1434,39,50
"1341","2020-04-14",147,16,207,439,2803,0.547984302533,0,0,249,989,67,2006,51,1485,39,51
"1342","2020-04-15",145,16,258,443,2803,0.547984302533,0,0,249,989,66,2072,47,1532,24,47
"1343","2020-04-16",141,16,285,448,2803,0.547984302533,0,0,249,989,59,2131,34,1566,23,34
"1344","2020-04-17",142,16,270,450,2803,0.547984302533,0,0,249,989,72,2203,45,1611,32,45
"1345","2020-04-18",132,16,249,457,2803,0.547984302533,0,0,249,989,81,2284,47,1658,38,47
"1346","2020-04-19",121,16,259,452,2803,0.547984302533,0,0,249,989,88,2372,58,1716,40,58
"1347","2020-04-20",123,16,246,441,2803,0.547984302533,0,0,249,989,61,2433,43,1759,30,43
"1348","2020-04-21",119,16,238,435,2803,0.547984302533,0,0,249,989,58,2491,37,1796,27,37
"1349","2020-04-22",122,16,216,415,2803,0.547984302533,0,0,249,989,69,2560,52,1848,32,52
"1350","2020-04-23",125,16,202,416,2803,0.547984302533,0,0,249,989,54,2614,53,1901,21,53
"1351","2020-04-24",123,16,175,413,2803,0.547984302533,0,0,249,989,57,2671,43,1944,19,43
"1352","2020-04-25",134,16,176,414,2803,0.547984302533,0,0,249,989,67,2738,55,1999,29,55
"1353","2020-04-26",140,16,190,410,2803,0.547984302533,0,0,249,989,57,2795,29,2028,22,29
"1354","2020-04-27",138,16,190,404,2803,0.547984302533,0,0,249,989,48,2843,55,2083,17,55
"1355","2020-04-28",135,16,193,407,2803,0.547984302533,0,0,249,989,69,2912,55,2138,31,55
"1356","2020-04-29",130,16,238,400,2803,0.547984302533,0,0,249,989,53,2965,65,2203,17,65
"1357","2020-04-30",133,16,252,398,2803,0.547984302533,0,0,249,989,53,3018,44,2247,16,44
"1358","2020-05-01",123,16,254,393,2803,0.547984302533,0,0,249,989,46,3064,52,2299,21,52
"1359","2020-05-02",117,16,285,398,2803,0.547984302533,0,0,249,989,56,3120,34,2333,20,34
"1360","2020-05-03",119,16,284,393,2803,0.547984302533,0,0,249,989,44,3164,39,2372,12,39
"1361","2020-05-04",117,16,277,370,2803,0.547984302533,0,0,249,989,47,3211,28,2400,18,28
"1362","2020-05-05",122,16,259,364,2803,0.547984302533,0,0,249,989,46,3257,39,2439,15,39
"1363","2020-05-06",117,16,232,354,2803,0.547984302533,0,0,249,989,55,3312,45,2484,22,45
"1364","2020-05-07",107,16,238,349,2803,0.547984302533,0,0,249,989,40,3352,34,2518,14,34
"1365","2020-05-08",109,16,263,329,2803,0.547984302533,0,0,249,989,41,3393,31,2549,17,31
"1366","2020-05-09",109,16,273,329,2803,0.547984302533,0,0,249,989,37,3430,31,2580,11,31
"1367","2020-05-10",98,16,256,336,2803,0.547984302533,0,0,249,989,38,3468,39,2619,19,39
"1368","2020-05-11",89,16,230,330,2803,0.547984302533,0,0,249,989,35,3503,26,2645,17,26
"1369","2020-05-12",78,16,221,330,2803,0.547984302533,0,0,249,989,39,3542,32,2677,12,32
"1370","2020-05-13",72,16,192,326,2803,0.547984302533,0,0,249,989,29,3571,44,2721,12,44
"1371","2020-05-14",83,16,185,329,2803,0.547984302533,0,0,249,989,27,3598,33,2754,6,33
"1372","2020-05-15",78,16,189,317,2803,0.547984302533,0,0,249,989,31,3629,53,2807,13,53
"1373","2020-05-16",76,16,205,314,2803,0.547984302533,0,0,249,989,34,3663,34,2841,16,34
"1374","2020-05-17",74,16,188,304,2803,0.547984302533,0,0,249,989,35,3698,59,2900,11,59
"1375","2020-05-18",80,16,198,305,2803,0.547984302533,0,0,249,989,38,3736,52,2952,19,52
"1376","2020-05-19",92,16,210,305,2803,0.547984302533,0,0,249,989,41,3777,40,2992,18,40
"1377","2020-05-20",97,16,188,293,2803,0.547984302533,0,0,249,989,35,3812,70,3062,16,70
"1378","2020-05-21",92,16,197,284,2803,0.547984302533,0,0,249,989,28,3840,49,3111,8,49
"1379","2020-05-22",92,16,204,275,2803,0.547984302533,0,0,249,989,30,3870,48,3159,18,48
"1380","2020-05-23",87,16,196,268,2803,0.547984302533,0,0,249,989,22,3892,56,3215,6,56
"1381","2020-05-24",88,16,210,258,2803,0.547984302533,0,0,249,989,31,3923,40,3255,11,40
"1382","2020-05-25",77,16,198,252,2803,0.547984302533,0,0,249,989,21,3944,63,3318,10,63
"1383","2020-05-26",72,16,184,241,2803,0.547984302533,0,0,249,989,19,3963,43,3361,3,43
"1384","2020-05-27",70,16,185,235,2803,0.547984302533,0,0,249,989,24,3987,34,3395,9,34
"1385","2020-05-28",67,16,175,235,2803,0.547984302533,0,0,249,989,19,4006,47,3442,10,47
"1386","2020-05-29",70,16,167,244,2803,0.547984302533,0,0,249,989,26,4032,45,3487,5,45
"1387","2020-05-30",74,16,182,238,2803,0.547984302533,0,0,249,989,21,4053,34,3521,7,34
"1388","2020-05-31",70,16,195,244,2803,0.547984302533,0,0,249,989,17,4070,34,3555,7,34
"1389","2020-06-01",70,16,190,243,2803,0.547984302533,0,0,249,989,22,4092,24,3579,8,24
"1390","2020-06-02",62,16,186,240,2803,0.547984302533,0,0,249,989,15,4107,49,3628,6,49
"1391","2020-06-03",69,16,195,244,2803,0.547984302533,0,0,249,989,24,4131,60,3688,9,60
"1392","2020-06-04",65,16,202,238,2803,0.547984302533,0,0,249,989,16,4147,33,3721,8,33
"1393","2020-06-05",64,16,224,233,2803,0.547984302533,0,0,249,989,17,4164,36,3757,4,36
"1394","2020-06-06",62,16,229,218,2803,0.547984302533,0,0,249,989,9,4173,35,3792,2,35
"1395","2020-06-07",60,16,212,206,2803,0.547984302533,0,0,249,989,16,4189,27,3819,6,27
"1396","2020-03-14",3,17,78,119,3607,0.312170779040754,0,0,258,565,19,56,5,59,14,5
"1397","2020-03-15",8,17,94,149,3607,0.312170779040754,0,0,258,565,23,79,8,67,16,8
"1398","2020-03-16",11,17,108,184,3607,0.312170779040754,0,0,258,565,35,114,10,77,29,10
"1399","2020-03-17",16,17,105,225,3607,0.312170779040754,0,0,258,565,25,139,29,106,24,29
"1400","2020-03-18",28,17,103,261,3607,0.312170779040754,0,0,258,565,43,182,24,130,41,24
"1401","2020-03-19",41,17,133,292,3607,0.312170779040754,0,0,258,565,63,245,28,158,53,28
"1402","2020-03-20",52,17,138,324,3607,0.312170779040754,0,0,258,565,72,317,19,177,64,19
"1403","2020-03-21",64,17,165,361,3607,0.312170779040754,0,0,258,565,83,400,16,193,76,16
"1404","2020-03-22",71,17,180,380,3607,0.312170779040754,0,0,258,565,82,482,43,236,78,43
"1405","2020-03-23",78,17,200,388,3607,0.312170779040754,0,0,258,565,108,590,46,282,106,46
"1406","2020-03-24",94,17,194,417,3607,0.312170779040754,0,0,258,565,126,716,30,312,122,30
"1407","2020-03-25",98,17,192,431,3607,0.312170779040754,0,0,258,565,186,902,20,332,183,20
"1408","2020-03-26",104,17,176,455,3607,0.312170779040754,0,0,258,565,208,1110,20,352,200,20
"1409","2020-03-27",116,17,176,463,3607,0.312170779040754,0,0,258,565,211,1321,27,379,203,27
"1410","2020-03-28",118,17,164,462,3607,0.312170779040754,0,0,258,565,310,1631,22,401,307,22
"1411","2020-03-29",125,17,183,459,3607,0.312170779040754,0,0,258,565,262,1893,48,449,255,48
"1412","2020-03-30",133,17,175,457,3607,0.312170779040754,0,0,258,565,332,2225,43,492,324,43
"1413","2020-03-31",138,17,155,459,3607,0.312170779040754,0,0,258,565,378,2603,32,524,376,32
"1414","2020-04-01",136,17,133,467,3607,0.312170779040754,0,0,258,565,409,3012,38,562,402,38
"1415","2020-04-02",143,17,122,467,3607,0.312170779040754,0,0,258,565,415,3427,49,611,410,49
"1416","2020-04-03",140,17,123,468,3607,0.312170779040754,0,0,258,565,431,3858,17,628,423,17
"1417","2020-04-04",143,17,142,504,3607,0.312170779040754,0,0,258,565,369,4227,15,643,366,15
"1418","2020-04-05",143,17,201,527,3607,0.312170779040754,0,0,258,565,462,4689,35,678,459,35
"1419","2020-04-06",143,17,200,527,3607,0.312170779040754,0,0,258,565,340,5029,42,720,338,42
"1420","2020-04-07",138,17,211,531,3607,0.312170779040754,0,0,258,565,311,5340,34,754,309,34
"1421","2020-04-08",146,17,187,530,3607,0.312170779040754,0,0,258,565,302,5642,34,788,301,34
"1422","2020-04-09",146,17,180,531,3607,0.312170779040754,0,0,258,565,276,5918,22,810,275,22
"1423","2020-04-10",151,17,153,547,3607,0.312170779040754,0,0,258,565,261,6179,49,859,258,49
"1424","2020-04-11",149,17,136,552,3607,0.312170779040754,0,0,258,565,152,6331,24,883,149,24
"1425","2020-04-12",151,17,121,546,3607,0.312170779040754,0,0,258,565,169,6500,38,921,166,38
"1426","2020-04-13",157,17,129,540,3607,0.312170779040754,0,0,258,565,132,6632,19,940,131,19
"1427","2020-04-14",153,17,132,532,3607,0.312170779040754,0,0,258,565,140,6772,16,956,139,16
"1428","2020-04-15",158,17,177,540,3607,0.312170779040754,0,0,258,565,121,6893,34,990,119,34
"1429","2020-04-16",155,17,211,540,3607,0.312170779040754,0,0,258,565,67,6960,22,1012,66,22
"1430","2020-04-17",149,17,210,546,3607,0.312170779040754,0,0,258,565,55,7015,48,1060,55,48
"1431","2020-04-18",158,17,183,534,3607,0.312170779040754,0,0,258,565,41,7056,40,1100,41,40
"1432","2020-04-19",158,17,171,530,3607,0.312170779040754,0,0,258,565,36,7092,34,1134,35,34
"1433","2020-04-20",154,17,166,535,3607,0.312170779040754,0,0,258,565,34,7126,20,1154,33,20
"1434","2020-04-21",161,17,168,536,3607,0.312170779040754,0,0,258,565,21,7147,15,1169,20,15
"1435","2020-04-22",159,17,205,538,3607,0.312170779040754,0,0,258,565,16,7163,22,1191,14,22
"1436","2020-04-23",157,17,217,541,3607,0.312170779040754,0,0,258,565,28,7191,14,1205,24,14
"1437","2020-04-24",159,17,200,538,3607,0.312170779040754,0,0,258,565,10,7201,41,1246,9,41
"1438","2020-04-25",154,17,181,550,3607,0.312170779040754,0,0,258,565,11,7212,57,1303,11,57
"1439","2020-04-26",153,17,220,544,3607,0.312170779040754,0,0,258,565,12,7224,30,1333,12,30
"1440","2020-04-27",157,17,232,537,3607,0.312170779040754,0,0,258,565,13,7237,30,1363,13,30
"1441","2020-04-28",153,17,210,516,3607,0.312170779040754,0,0,258,565,1,7238,63,1426,1,63
"1442","2020-04-29",150,17,218,519,3607,0.312170779040754,0,0,258,565,6,7244,34,1460,6,34
"1443","2020-04-30",141,17,233,499,3607,0.312170779040754,0,0,258,565,4,7248,35,1495,3,35
"1444","2020-05-01",134,17,234,487,3607,0.312170779040754,0,0,258,565,5,7253,18,1513,5,18
"1445","2020-05-02",129,17,215,485,3607,0.312170779040754,0,0,258,565,5,7258,14,1527,5,14
"1446","2020-05-03",131,17,192,477,3607,0.312170779040754,0,0,258,565,4,7262,12,1539,2,12
"1447","2020-05-04",124,17,169,475,3607,0.312170779040754,0,0,258,565,NA,NA,33,1572,NA,33
"1448","2020-05-05",119,17,162,472,3607,0.312170779040754,0,0,258,565,7,7269,20,1592,5,20
"1449","2020-05-06",123,17,150,460,3607,0.312170779040754,0,0,258,565,4,7273,43,1635,4,43
"1450","2020-05-07",129,17,136,460,3607,0.312170779040754,0,0,258,565,1,7274,41,1676,NA,41
"1451","2020-05-08",130,17,133,476,3607,0.312170779040754,0,0,258,565,5,7279,32,1708,4,32
"1452","2020-05-09",124,17,172,479,3607,0.312170779040754,0,0,258,565,4,7283,57,1765,4,57
"1453","2020-05-10",123,17,191,508,3607,0.312170779040754,0,0,258,565,1,7284,41,1806,NA,41
"1454","2020-05-11",129,17,201,492,3607,0.312170779040754,0,0,258,565,4,7288,31,1837,2,31
"1455","2020-05-12",132,17,245,484,3607,0.312170779040754,0,0,258,565,3,7291,59,1896,1,59
"1456","2020-05-13",126,17,229,477,3607,0.312170779040754,0,0,258,565,2,7293,37,1933,2,37
"1457","2020-05-14",133,17,217,468,3607,0.312170779040754,0,0,258,565,3,7296,23,1956,2,23
"1458","2020-05-15",142,17,220,463,3607,0.312170779040754,0,0,258,565,2,7298,16,1972,1,16
"1459","2020-05-16",144,17,217,447,3607,0.312170779040754,0,0,258,565,1,7299,34,2006,1,34
"1460","2020-05-17",139,17,228,418,3607,0.312170779040754,0,0,258,565,2,7301,46,2052,2,46
"1461","2020-05-18",131,17,254,398,3607,0.312170779040754,0,0,258,565,5,7306,53,2105,5,53
"1462","2020-05-19",130,17,260,382,3607,0.312170779040754,0,0,258,565,NA,NA,35,2140,NA,35
"1463","2020-05-20",123,17,241,381,3607,0.312170779040754,0,0,258,565,2,7308,37,2177,2,37
"1464","2020-05-21",113,17,201,368,3607,0.312170779040754,0,0,258,565,3,7311,36,2213,3,36
"1465","2020-05-22",107,17,185,365,3607,0.312170779040754,0,0,258,565,1,7312,45,2258,1,45
"1466","2020-05-23",108,17,168,349,3607,0.312170779040754,0,0,258,565,2,7314,22,2280,2,22
"1467","2020-05-24",106,17,141,341,3607,0.312170779040754,0,0,258,565,NA,NA,15,2295,NA,15
"1468","2020-05-25",104,17,131,327,3607,0.312170779040754,0,0,258,565,3,7317,9,2304,2,9
"1469","2020-05-26",99,17,130,316,3607,0.312170779040754,0,0,258,565,1,7318,4,2308,NA,4
"1470","2020-05-27",97,17,156,295,3607,0.312170779040754,0,0,258,565,3,7321,27,2335,3,27
"1471","2020-05-28",95,17,185,294,3607,0.312170779040754,0,0,258,565,3,7324,24,2359,1,24
"1472","2020-05-29",86,17,156,294,3607,0.312170779040754,0,0,258,565,3,7327,15,2374,2,15
"1473","2020-05-30",87,17,157,279,3607,0.312170779040754,0,0,258,565,NA,NA,19,2393,NA,19
"1474","2020-05-31",79,17,180,264,3607,0.312170779040754,0,0,258,565,1,7328,34,2427,1,34
"1475","2020-06-01",76,17,176,259,3607,0.312170779040754,0,0,258,565,1,7329,27,2454,1,27
"1476","2020-06-02",76,17,163,251,3607,0.312170779040754,0,0,258,565,3,7332,40,2494,2,40
"1477","2020-06-03",78,17,174,246,3607,0.312170779040754,0,0,258,565,1,7333,20,2514,1,20
"1478","2020-06-04",77,17,191,246,3607,0.312170779040754,0,0,258,565,3,7336,24,2538,3,24
"1479","2020-06-05",77,17,194,235,3607,0.312170779040754,0,0,258,565,1,7337,18,2556,1,18
"1480","2020-06-06",70,17,198,230,3607,0.312170779040754,0,0,258,565,2,7339,18,2574,1,18
"1481","2020-06-07",75,17,186,226,3607,0.312170779040754,0,0,258,565,NA,NA,19,2593,NA,19
"1482","2020-03-14",1,18,154,71,3178,0.592511013215859,0,0,286,1006,13,42,17,39,3,17
"1483","2020-03-15",2,18,176,96,3178,0.592511013215859,0,0,286,1006,14,56,10,49,4,10
"1484","2020-03-16",4,18,186,122,3178,0.592511013215859,0,0,286,1006,13,69,21,70,7,21
"1485","2020-03-17",5,18,192,151,3178,0.592511013215859,0,0,286,1006,16,85,14,84,7,14
"1486","2020-03-18",13,18,184,182,3178,0.592511013215859,0,0,286,1006,9,94,27,111,5,27
"1487","2020-03-19",18,18,201,205,3178,0.592511013215859,0,0,286,1006,14,108,16,127,9,16
"1488","2020-03-20",25,18,215,230,3178,0.592511013215859,0,0,286,1006,18,126,7,134,13,7
"1489","2020-03-21",34,18,219,251,3178,0.592511013215859,0,0,286,1006,14,140,10,144,7,10
"1490","2020-03-22",46,18,201,264,3178,0.592511013215859,0,0,286,1006,21,161,11,155,11,11
"1491","2020-03-23",50,18,178,276,3178,0.592511013215859,0,0,286,1006,16,177,4,159,7,4
"1492","2020-03-24",64,18,155,307,3178,0.592511013215859,0,0,286,1006,32,209,5,164,22,5
"1493","2020-03-25",70,18,158,312,3178,0.592511013215859,0,0,286,1006,17,226,5,169,10,5
"1494","2020-03-26",79,18,155,317,3178,0.592511013215859,0,0,286,1006,26,252,11,180,21,11
"1495","2020-03-27",92,18,127,337,3178,0.592511013215859,0,0,286,1006,24,276,37,217,16,37
"1496","2020-03-28",93,18,154,338,3178,0.592511013215859,0,0,286,1006,15,291,40,257,10,40
"1497","2020-03-29",97,18,143,356,3178,0.592511013215859,0,0,286,1006,21,312,37,294,13,37
"1498","2020-03-30",104,18,120,367,3178,0.592511013215859,0,0,286,1006,26,338,19,313,15,19
"1499","2020-03-31",106,18,114,377,3178,0.592511013215859,0,0,286,1006,24,362,15,328,15,15
"1500","2020-04-01",104,18,161,387,3178,0.592511013215859,0,0,286,1006,22,384,12,340,15,12
"1501","2020-04-02",105,18,162,383,3178,0.592511013215859,0,0,286,1006,14,398,14,354,8,14
"1502","2020-04-03",100,18,168,389,3178,0.592511013215859,0,0,286,1006,23,421,14,368,18,14
"1503","2020-04-04",104,18,186,394,3178,0.592511013215859,0,0,286,1006,34,455,39,407,20,39
"1504","2020-04-05",95,18,179,390,3178,0.592511013215859,0,0,286,1006,17,472,39,446,8,39
"1505","2020-04-06",97,18,159,404,3178,0.592511013215859,0,0,286,1006,17,489,28,474,7,28
"1506","2020-04-07",96,18,156,415,3178,0.592511013215859,0,0,286,1006,17,506,40,514,8,40
"1507","2020-04-08",100,18,144,443,3178,0.592511013215859,0,0,286,1006,19,525,27,541,10,27
"1508","2020-04-09",102,18,143,470,3178,0.592511013215859,0,0,286,1006,24,549,20,561,3,20
"1509","2020-04-10",110,18,137,484,3178,0.592511013215859,0,0,286,1006,24,573,24,585,11,24
"1510","2020-04-11",108,18,174,494,3178,0.592511013215859,0,0,286,1006,23,596,26,611,15,26
"1511","2020-04-12",116,18,214,507,3178,0.592511013215859,0,0,286,1006,14,610,16,627,6,16
"1512","2020-04-13",129,18,197,498,3178,0.592511013215859,0,0,286,1006,34,644,14,641,13,14
"1513","2020-04-14",140,18,188,514,3178,0.592511013215859,0,0,286,1006,17,661,15,656,5,15
"1514","2020-04-15",146,18,158,511,3178,0.592511013215859,0,0,286,1006,21,682,9,665,10,9
"1515","2020-04-16",145,18,154,532,3178,0.592511013215859,0,0,286,1006,22,704,3,668,10,3
"1516","2020-04-17",146,18,145,528,3178,0.592511013215859,0,0,286,1006,26,730,6,674,10,6
"1517","2020-04-18",150,18,179,533,3178,0.592511013215859,0,0,286,1006,24,754,29,703,17,29
"1518","2020-04-19",155,18,178,540,3178,0.592511013215859,0,0,286,1006,20,774,19,722,9,19
"1519","2020-04-20",141,18,158,529,3178,0.592511013215859,0,0,286,1006,29,803,31,753,17,31
"1520","2020-04-21",138,18,158,532,3178,0.592511013215859,0,0,286,1006,27,830,17,770,17,17
"1521","2020-04-22",132,18,174,523,3178,0.592511013215859,0,0,286,1006,27,857,48,818,14,48
"1522","2020-04-23",141,18,221,502,3178,0.592511013215859,0,0,286,1006,27,884,44,862,18,44
"1523","2020-04-24",137,18,218,505,3178,0.592511013215859,0,0,286,1006,25,909,28,890,17,28
"1524","2020-04-25",140,18,257,505,3178,0.592511013215859,0,0,286,1006,24,933,19,909,12,19
"1525","2020-04-26",137,18,240,510,3178,0.592511013215859,0,0,286,1006,25,958,32,941,15,32
"1526","2020-04-27",145,18,204,498,3178,0.592511013215859,0,0,286,1006,18,976,46,987,12,46
"1527","2020-04-28",141,18,175,479,3178,0.592511013215859,0,0,286,1006,18,994,29,1016,11,29
"1528","2020-04-29",148,18,149,483,3178,0.592511013215859,0,0,286,1006,30,1024,15,1031,20,15
"1529","2020-04-30",148,18,149,474,3178,0.592511013215859,0,0,286,1006,26,1050,53,1084,18,53
"1530","2020-05-01",146,18,138,472,3178,0.592511013215859,0,0,286,1006,21,1071,40,1124,14,40
"1531","2020-05-02",139,18,175,467,3178,0.592511013215859,0,0,286,1006,23,1094,44,1168,16,44
"1532","2020-05-03",140,18,220,459,3178,0.592511013215859,0,0,286,1006,20,1114,37,1205,13,37
"1533","2020-05-04",135,18,253,451,3178,0.592511013215859,0,0,286,1006,21,1135,60,1265,12,60
"1534","2020-05-05",136,18,240,446,3178,0.592511013215859,0,0,286,1006,22,1157,40,1305,10,40
"1535","2020-05-06",131,18,217,461,3178,0.592511013215859,0,0,286,1006,27,1184,44,1349,16,44
"1536","2020-05-07",122,18,230,448,3178,0.592511013215859,0,0,286,1006,30,1214,43,1392,20,43
"1537","2020-05-08",122,18,277,440,3178,0.592511013215859,0,0,286,1006,24,1238,31,1423,17,31
"1538","2020-05-09",132,18,259,434,3178,0.592511013215859,0,0,286,1006,18,1256,23,1446,6,23
"1539","2020-05-10",126,18,217,440,3178,0.592511013215859,0,0,286,1006,22,1278,18,1464,14,18
"1540","2020-05-11",132,18,188,426,3178,0.592511013215859,0,0,286,1006,25,1303,10,1474,16,10
"1541","2020-05-12",124,18,156,414,3178,0.592511013215859,0,0,286,1006,17,1320,36,1510,11,36
"1542","2020-05-13",125,18,139,403,3178,0.592511013215859,0,0,286,1006,18,1338,24,1534,12,24
"1543","2020-05-14",123,18,162,406,3178,0.592511013215859,0,0,286,1006,22,1360,20,1554,10,20
"1544","2020-05-15",116,18,156,406,3178,0.592511013215859,0,0,286,1006,21,1381,12,1566,12,12
"1545","2020-05-16",115,18,137,413,3178,0.592511013215859,0,0,286,1006,21,1402,13,1579,14,13
"1546","2020-05-17",117,18,162,400,3178,0.592511013215859,0,0,286,1006,24,1426,12,1591,12,12
"1547","2020-05-18",113,18,200,388,3178,0.592511013215859,0,0,286,1006,16,1442,7,1598,9,7
"1548","2020-05-19",119,18,207,368,3178,0.592511013215859,0,0,286,1006,19,1461,13,1611,11,13
"1549","2020-05-20",116,18,207,370,3178,0.592511013215859,0,0,286,1006,17,1478,36,1647,11,36
"1550","2020-05-21",118,18,240,373,3178,0.592511013215859,0,0,286,1006,24,1502,33,1680,18,33
"1551","2020-05-22",127,18,257,367,3178,0.592511013215859,0,0,286,1006,20,1522,27,1707,9,27
"1552","2020-05-23",110,18,245,346,3178,0.592511013215859,0,0,286,1006,16,1538,35,1742,11,35
"1553","2020-05-24",106,18,239,344,3178,0.592511013215859,0,0,286,1006,30,1568,22,1764,17,22
"1554","2020-05-25",108,18,247,339,3178,0.592511013215859,0,0,286,1006,13,1581,18,1782,9,18
"1555","2020-05-26",95,18,230,328,3178,0.592511013215859,0,0,286,1006,17,1598,25,1807,14,25
"1556","2020-05-27",88,18,229,313,3178,0.592511013215859,0,0,286,1006,19,1617,20,1827,15,20
"1557","2020-05-28",84,18,213,303,3178,0.592511013215859,0,0,286,1006,25,1642,33,1860,19,33
"1558","2020-05-29",76,18,230,285,3178,0.592511013215859,0,0,286,1006,17,1659,33,1893,13,33
"1559","2020-05-30",82,18,225,262,3178,0.592511013215859,0,0,286,1006,25,1684,29,1922,17,29
"1560","2020-05-31",79,18,197,255,3178,0.592511013215859,0,0,286,1006,14,1698,21,1943,10,21
"1561","2020-06-01",68,18,187,235,3178,0.592511013215859,0,0,286,1006,10,1708,18,1961,8,18
"1562","2020-06-02",75,18,177,232,3178,0.592511013215859,0,0,286,1006,15,1723,29,1990,12,29
"1563","2020-06-03",75,18,153,233,3178,0.592511013215859,0,0,286,1006,15,1738,28,2018,12,28
"1564","2020-06-04",73,18,143,218,3178,0.592511013215859,0,0,286,1006,19,1757,26,2044,15,26
"1565","2020-06-05",71,18,121,211,3178,0.592511013215859,0,0,286,1006,10,1767,16,2060,5,16
"1566","2020-06-06",69,18,148,203,3178,0.592511013215859,0,0,286,1006,17,1784,8,2068,11,8
"1567","2020-06-07",71,18,163,189,3178,0.592511013215859,0,0,286,1006,10,1794,12,2080,7,12
"1568","2020-03-14",5,19,42,122,3495,0.299856938483548,0,0,288,583,38,136,32,69,12,32
"1569","2020-03-15",10,19,41,163,3495,0.299856938483548,0,0,288,583,37,173,15,84,17,15
"1570","2020-03-16",15,19,47,196,3495,0.299856938483548,0,0,288,583,45,218,37,121,17,37
"1571","2020-03-17",30,19,47,228,3495,0.299856938483548,0,0,288,583,59,277,12,133,34,12
"1572","2020-03-18",42,19,62,274,3495,0.299856938483548,0,0,288,583,52,329,20,153,22,20
"1573","2020-03-19",46,19,62,298,3495,0.299856938483548,0,0,288,583,58,387,39,192,27,39
"1574","2020-03-20",57,19,50,321,3495,0.299856938483548,0,0,288,583,54,441,19,211,23,19
"1575","2020-03-21",65,19,63,343,3495,0.299856938483548,0,0,288,583,44,485,24,235,16,24
"1576","2020-03-22",74,19,80,357,3495,0.299856938483548,0,0,288,583,64,549,39,274,35,39
"1577","2020-03-23",79,19,98,380,3495,0.299856938483548,0,0,288,583,43,592,35,309,19,35
"1578","2020-03-24",80,19,102,375,3495,0.299856938483548,0,0,288,583,60,652,38,347,22,38
"1579","2020-03-25",88,19,94,397,3495,0.299856938483548,0,0,288,583,49,701,23,370,25,23
"1580","2020-03-26",100,19,94,419,3495,0.299856938483548,0,0,288,583,34,735,20,390,17,20
"1581","2020-03-27",117,19,93,423,3495,0.299856938483548,0,0,288,583,80,815,47,437,44,47
"1582","2020-03-28",123,19,84,449,3495,0.299856938483548,0,0,288,583,67,882,41,478,36,41
"1583","2020-03-29",129,19,78,454,3495,0.299856938483548,0,0,288,583,52,934,27,505,25,27
"1584","2020-03-30",131,19,86,473,3495,0.299856938483548,0,0,288,583,85,1019,26,531,44,26
"1585","2020-03-31",126,19,99,483,3495,0.299856938483548,0,0,288,583,80,1099,46,577,47,46
"1586","2020-04-01",130,19,126,481,3495,0.299856938483548,0,0,288,583,63,1162,27,604,31,27
"1587","2020-04-02",135,19,111,482,3495,0.299856938483548,0,0,288,583,79,1241,29,633,47,29
"1588","2020-04-03",124,19,106,481,3495,0.299856938483548,0,0,288,583,63,1304,51,684,35,51
"1589","2020-04-04",127,19,114,486,3495,0.299856938483548,0,0,288,583,71,1375,23,707,30,23
"1590","2020-04-05",127,19,140,486,3495,0.299856938483548,0,0,288,583,57,1432,13,720,31,13
"1591","2020-04-06",136,19,135,489,3495,0.299856938483548,0,0,288,583,71,1503,14,734,37,14
"1592","2020-04-07",149,19,137,488,3495,0.299856938483548,0,0,288,583,66,1569,19,753,31,19
"1593","2020-04-08",148,19,171,483,3495,0.299856938483548,0,0,288,583,67,1636,44,797,38,44
"1594","2020-04-09",146,19,182,477,3495,0.299856938483548,0,0,288,583,60,1696,67,864,30,67
"1595","2020-04-10",148,19,180,489,3495,0.299856938483548,0,0,288,583,49,1745,35,899,18,35
"1596","2020-04-11",143,19,184,493,3495,0.299856938483548,0,0,288,583,52,1797,45,944,23,45
"1597","2020-04-12",139,19,184,479,3495,0.299856938483548,0,0,288,583,72,1869,32,976,32,32
"1598","2020-04-13",136,19,193,479,3495,0.299856938483548,0,0,288,583,54,1923,21,997,17,21
"1599","2020-04-14",127,19,172,475,3495,0.299856938483548,0,0,288,583,50,1973,13,1010,19,13
"1600","2020-04-15",124,19,161,478,3495,0.299856938483548,0,0,288,583,41,2014,10,1020,17,10
"1601","2020-04-16",122,19,170,491,3495,0.299856938483548,0,0,288,583,65,2079,11,1031,30,11
"1602","2020-04-17",127,19,156,500,3495,0.299856938483548,0,0,288,583,48,2127,54,1085,21,54
"1603","2020-04-18",136,19,137,497,3495,0.299856938483548,0,0,288,583,53,2180,21,1106,18,21
"1604","2020-04-19",136,19,136,490,3495,0.299856938483548,0,0,288,583,64,2244,20,1126,24,20
"1605","2020-04-20",135,19,136,486,3495,0.299856938483548,0,0,288,583,59,2303,19,1145,17,19
"1606","2020-04-21",141,19,136,495,3495,0.299856938483548,0,0,288,583,50,2353,15,1160,18,15
"1607","2020-04-22",137,19,148,500,3495,0.299856938483548,0,0,288,583,60,2413,11,1171,25,11
"1608","2020-04-23",140,19,135,494,3495,0.299856938483548,0,0,288,583,57,2470,12,1183,24,12
"1609","2020-04-24",136,19,120,488,3495,0.299856938483548,0,0,288,583,64,2534,13,1196,26,13
"1610","2020-04-25",137,19,149,503,3495,0.299856938483548,0,0,288,583,54,2588,10,1206,23,10
"1611","2020-04-26",146,19,144,519,3495,0.299856938483548,0,0,288,583,56,2644,15,1221,23,15
"1612","2020-04-27",149,19,122,521,3495,0.299856938483548,0,0,288,583,51,2695,15,1236,21,15
"1613","2020-04-28",146,19,120,517,3495,0.299856938483548,0,0,288,583,65,2760,28,1264,36,28
"1614","2020-04-29",153,19,118,511,3495,0.299856938483548,0,0,288,583,59,2819,45,1309,29,45
"1615","2020-04-30",156,19,113,505,3495,0.299856938483548,0,0,288,583,62,2881,55,1364,36,55
"1616","2020-05-01",156,19,106,486,3495,0.299856938483548,0,0,288,583,59,2940,29,1393,28,29
"1617","2020-05-02",149,19,111,480,3495,0.299856938483548,0,0,288,583,55,2995,32,1425,35,33
"1618","2020-05-03",143,19,87,496,3495,0.299856938483548,0,0,288,583,58,3053,15,1440,26,15
"1619","2020-05-04",146,19,92,480,3495,0.299856938483548,0,0,288,583,41,3094,23,1463,19,23
"1620","2020-05-05",147,19,116,465,3495,0.299856938483548,0,0,288,583,44,3138,48,1511,12,48
"1621","2020-05-06",142,19,123,471,3495,0.299856938483548,0,0,288,583,34,3172,25,1536,14,25
"1622","2020-05-07",143,19,134,471,3495,0.299856938483548,0,0,288,583,54,3226,23,1559,26,23
"1623","2020-05-08",138,19,168,469,3495,0.299856938483548,0,0,288,583,34,3260,60,1619,19,60
"1624","2020-05-09",132,19,155,477,3495,0.299856938483548,0,0,288,583,48,3308,67,1686,31,67
"1625","2020-05-10",135,19,134,476,3495,0.299856938483548,0,0,288,583,41,3349,62,1748,19,62
"1626","2020-05-11",131,19,137,459,3495,0.299856938483548,0,0,288,583,40,3389,58,1806,12,58
"1627","2020-05-12",137,19,134,446,3495,0.299856938483548,0,0,288,583,39,3428,40,1846,9,40
"1628","2020-05-13",139,19,136,457,3495,0.299856938483548,0,0,288,583,23,3451,19,1865,8,19
"1629","2020-05-14",135,19,126,442,3495,0.299856938483548,0,0,288,583,26,3477,20,1885,9,20
"1630","2020-05-15",135,19,116,446,3495,0.299856938483548,0,0,288,583,31,3508,56,1941,7,56
"1631","2020-05-16",133,19,109,433,3495,0.299856938483548,0,0,288,583,35,3543,54,1995,16,54
"1632","2020-05-17",132,19,118,426,3495,0.299856938483548,0,0,288,583,28,3571,28,2023,5,28
"1633","2020-05-18",129,19,141,422,3495,0.299856938483548,0,0,288,583,33,3604,10,2033,15,10
"1634","2020-05-19",120,19,133,409,3495,0.299856938483548,0,0,288,583,26,3630,13,2046,15,13
"1635","2020-05-20",116,19,146,397,3495,0.299856938483548,0,0,288,583,30,3660,50,2096,8,50
"1636","2020-05-21",111,19,171,368,3495,0.299856938483548,0,0,288,583,27,3687,51,2147,6,51
"1637","2020-05-22",107,19,174,355,3495,0.299856938483548,0,0,288,583,36,3723,29,2176,14,29
"1638","2020-05-23",111,19,179,336,3495,0.299856938483548,0,0,288,583,22,3745,28,2204,8,28
"1639","2020-05-24",104,19,169,334,3495,0.299856938483548,0,0,288,583,18,3763,19,2223,7,19
"1640","2020-05-25",101,19,159,331,3495,0.299856938483548,0,0,288,583,21,3784,16,2239,6,16
"1641","2020-05-26",97,19,153,312,3495,0.299856938483548,0,0,288,583,17,3801,7,2246,4,7
"1642","2020-05-27",93,19,155,315,3495,0.299856938483548,0,0,288,583,19,3820,38,2284,6,38
"1643","2020-05-28",91,19,173,303,3495,0.299856938483548,0,0,288,583,17,3837,19,2303,6,19
"1644","2020-05-29",93,19,172,297,3495,0.299856938483548,0,0,288,583,22,3859,17,2320,12,17
"1645","2020-05-30",84,19,163,291,3495,0.299856938483548,0,0,288,583,19,3878,31,2351,8,31
"1646","2020-05-31",86,19,142,282,3495,0.299856938483548,0,0,288,583,18,3896,21,2372,4,21
"1647","2020-06-01",80,19,130,274,3495,0.299856938483548,0,0,288,583,21,3917,41,2413,11,41
"1648","2020-06-02",83,19,139,265,3495,0.299856938483548,0,0,288,583,22,3939,49,2462,10,49
"1649","2020-06-03",83,19,147,260,3495,0.299856938483548,0,0,288,583,12,3951,22,2484,6,22
"1650","2020-06-04",81,19,133,250,3495,0.299856938483548,0,0,288,583,14,3965,30,2514,5,30
"1651","2020-06-05",80,19,123,260,3495,0.299856938483548,0,0,288,583,19,3984,17,2531,7,17
"1652","2020-06-06",86,19,112,242,3495,0.299856938483548,0,0,288,583,17,4001,23,2554,7,23
"1653","2020-06-07",78,19,117,244,3495,0.299856938483548,0,0,288,583,17,4018,12,2566,9,12
"1654","2020-03-15",1,20,189,68,4604,0.891398783666377,0,0,420,727,17,60,21,70,6,21
"1655","2020-03-16",5,20,195,92,4604,0.891398783666377,0,0,420,727,23,83,15,85,11,15
"1656","2020-03-17",8,20,197,117,4604,0.891398783666377,0,0,420,727,13,96,18,103,5,18
"1657","2020-03-18",13,20,200,146,4604,0.891398783666377,0,0,420,727,18,114,20,123,9,20
"1658","2020-03-19",22,20,200,171,4604,0.891398783666377,0,0,420,727,24,138,20,143,11,20
"1659","2020-03-20",29,20,190,197,4604,0.891398783666377,0,0,420,727,31,169,23,166,24,23
"1660","2020-03-21",38,20,160,230,4604,0.891398783666377,0,0,420,727,22,191,23,189,18,23
"1661","2020-03-22",44,20,151,252,4604,0.891398783666377,0,0,420,727,31,222,34,223,18,34
"1662","2020-03-23",51,20,146,298,4604,0.891398783666377,0,0,420,727,29,251,38,261,14,38
"1663","2020-03-24",58,20,156,331,4604,0.891398783666377,0,0,420,727,34,285,32,293,21,32
"1664","2020-03-25",59,20,171,381,4604,0.891398783666377,0,0,420,727,27,312,32,325,15,32
"1665","2020-03-26",68,20,165,417,4604,0.891398783666377,0,0,420,727,31,343,38,363,23,38
"1666","2020-03-27",75,20,173,451,4604,0.891398783666377,0,0,420,727,20,363,44,407,14,44
"1667","2020-03-28",77,20,181,480,4604,0.891398783666377,0,0,420,727,25,388,48,455,15,48
"1668","2020-03-29",95,20,167,511,4604,0.891398783666377,0,0,420,727,29,417,39,494,16,39
"1669","2020-03-30",111,20,163,578,4604,0.891398783666377,0,0,420,727,30,447,52,546,14,52
"1670","2020-03-31",120,20,126,625,4604,0.891398783666377,0,0,420,727,28,475,39,585,17,39
"1671","2020-04-01",137,20,113,664,4604,0.891398783666377,0,0,420,727,42,517,49,634,27,49
"1672","2020-04-02",149,20,99,688,4604,0.891398783666377,0,0,420,727,23,540,46,680,9,46
"1673","2020-04-03",157,20,88,719,4604,0.891398783666377,0,0,420,727,29,569,42,722,16,42
"1674","2020-04-04",168,20,83,763,4604,0.891398783666377,0,0,420,727,24,593,62,784,12,62
"1675","2020-04-05",184,20,85,794,4604,0.891398783666377,0,0,420,727,23,616,49,833,10,49
"1676","2020-04-06",191,20,86,851,4604,0.891398783666377,0,0,420,727,29,645,30,863,12,30
"1677","2020-04-07",210,20,87,882,4604,0.891398783666377,0,0,420,727,22,667,41,904,10,41
"1678","2020-04-08",225,20,133,914,4604,0.891398783666377,0,0,420,727,26,693,48,952,13,48
"1679","2020-04-09",230,20,140,939,4604,0.891398783666377,0,0,420,727,20,713,31,983,10,31
"1680","2020-04-10",244,20,185,964,4604,0.891398783666377,0,0,420,727,24,737,44,1027,11,44
"1681","2020-04-11",265,20,191,990,4604,0.891398783666377,0,0,420,727,26,763,40,1067,10,40
"1682","2020-04-12",266,20,193,987,4604,0.891398783666377,0,0,420,727,29,792,38,1105,14,38
"1683","2020-04-13",271,20,222,1001,4604,0.891398783666377,0,0,420,727,28,820,41,1146,10,41
"1684","2020-04-14",280,20,222,1013,4604,0.891398783666377,0,0,420,727,26,846,48,1194,8,48
"1685","2020-04-15",288,20,201,988,4604,0.891398783666377,0,0,420,727,27,873,58,1252,8,58
"1686","2020-04-16",287,20,257,993,4604,0.891398783666377,0,0,420,727,18,891,47,1299,5,47
"1687","2020-04-17",281,20,265,1005,4604,0.891398783666377,0,0,420,727,26,917,33,1332,6,33
"1688","2020-04-18",271,20,243,1010,4604,0.891398783666377,0,0,420,727,35,952,38,1370,6,38
"1689","2020-04-19",272,20,241,1017,4604,0.891398783666377,0,0,420,727,16,968,38,1408,6,38
"1690","2020-04-20",272,20,218,1033,4604,0.891398783666377,0,0,420,727,21,989,49,1457,4,49
"1691","2020-04-21",269,20,185,1018,4604,0.891398783666377,0,0,420,727,32,1021,44,1501,18,44
"1692","2020-04-22",268,20,150,1015,4604,0.891398783666377,0,0,420,727,26,1047,36,1537,8,36
"1693","2020-04-23",285,20,171,987,4604,0.891398783666377,0,0,420,727,21,1068,45,1582,8,45
"1694","2020-04-24",294,20,153,962,4604,0.891398783666377,0,0,420,727,32,1100,35,1617,11,35
"1695","2020-04-25",300,20,134,948,4604,0.891398783666377,0,0,420,727,23,1123,30,1647,14,30
"1696","2020-04-26",292,20,110,934,4604,0.891398783666377,0,0,420,727,20,1143,44,1691,10,44
"1697","2020-04-27",298,20,103,895,4604,0.891398783666377,0,0,420,727,32,1175,32,1723,11,32
"1698","2020-04-28",290,20,97,885,4604,0.891398783666377,0,0,420,727,23,1198,40,1763,8,40
"1699","2020-04-29",284,20,96,856,4604,0.891398783666377,0,0,420,727,27,1225,52,1815,12,52
"1700","2020-04-30",269,20,100,818,4604,0.891398783666377,0,0,420,727,31,1256,53,1868,12,53
"1701","2020-05-01",254,20,136,799,4604,0.891398783666377,0,0,420,727,21,1277,33,1901,10,33
"1702","2020-05-02",249,20,161,752,4604,0.891398783666377,0,0,420,727,29,1306,39,1940,15,39
"1703","2020-05-03",249,20,172,724,4604,0.891398783666377,0,0,420,727,30,1336,34,1974,14,34
"1704","2020-05-04",235,20,183,710,4604,0.891398783666377,0,0,420,727,22,1358,44,2018,10,44
"1705","2020-05-05",226,20,235,672,4604,0.891398783666377,0,0,420,727,26,1384,42,2060,5,42
"1706","2020-05-06",216,20,230,635,4604,0.891398783666377,0,0,420,727,19,1403,38,2098,8,38
"1707","2020-05-07",211,20,212,632,4604,0.891398783666377,0,0,420,727,20,1423,41,2139,9,41
"1708","2020-05-08",212,20,199,613,4604,0.891398783666377,0,0,420,727,21,1444,36,2175,8,36
"1709","2020-05-09",211,20,180,598,4604,0.891398783666377,0,0,420,727,29,1473,39,2214,16,39
"1710","2020-05-10",205,20,199,564,4604,0.891398783666377,0,0,420,727,38,1511,30,2244,15,30
"1711","2020-05-11",190,20,205,543,4604,0.891398783666377,0,0,420,727,28,1539,47,2291,9,47
"1712","2020-05-12",181,20,218,521,4604,0.891398783666377,0,0,420,727,23,1562,57,2348,8,57
"1713","2020-05-13",174,20,209,507,4604,0.891398783666377,0,0,420,727,21,1583,55,2403,9,55
"1714","2020-05-14",166,20,239,486,4604,0.891398783666377,0,0,420,727,21,1604,59,2462,14,59
"1715","2020-05-15",163,20,238,471,4604,0.891398783666377,0,0,420,727,24,1628,34,2496,13,34
"1716","2020-05-16",149,20,220,442,4604,0.891398783666377,0,0,420,727,22,1650,34,2530,9,34
"1717","2020-05-17",132,20,221,414,4604,0.891398783666377,0,0,420,727,15,1665,32,2562,6,32
"1718","2020-05-18",129,20,196,397,4604,0.891398783666377,0,0,420,727,17,1682,32,2594,7,32
"1719","2020-05-19",132,20,172,368,4604,0.891398783666377,0,0,420,727,17,1699,35,2629,7,35
"1720","2020-05-20",123,20,158,349,4604,0.891398783666377,0,0,420,727,8,1707,49,2678,6,49
"1721","2020-05-21",107,20,152,326,4604,0.891398783666377,0,0,420,727,11,1718,46,2724,4,46
"1722","2020-05-22",98,20,185,305,4604,0.891398783666377,0,0,420,727,20,1738,45,2769,10,45
"1723","2020-05-23",91,20,212,293,4604,0.891398783666377,0,0,420,727,19,1757,29,2798,8,29
"1724","2020-05-24",93,20,215,273,4604,0.891398783666377,0,0,420,727,16,1773,46,2844,9,46
"1725","2020-05-25",91,20,227,247,4604,0.891398783666377,0,0,420,727,13,1786,49,2893,7,49
"1726","2020-05-26",81,20,214,234,4604,0.891398783666377,0,0,420,727,17,1803,40,2933,11,40
"1727","2020-05-27",84,20,231,226,4604,0.891398783666377,0,0,420,727,13,1816,37,2970,2,37
"1728","2020-05-28",84,20,221,210,4604,0.891398783666377,0,0,420,727,14,1830,38,3008,6,38
"1729","2020-05-29",80,20,190,207,4604,0.891398783666377,0,0,420,727,17,1847,38,3046,6,38
"1730","2020-05-30",78,20,160,199,4604,0.891398783666377,0,0,420,727,12,1859,49,3095,9,49
"1731","2020-05-31",73,20,139,189,4604,0.891398783666377,0,0,420,727,9,1868,56,3151,5,56
"1732","2020-06-01",72,20,132,187,4604,0.891398783666377,0,0,420,727,13,1881,35,3186,6,35
"1733","2020-06-02",67,20,139,185,4604,0.891398783666377,0,0,420,727,9,1890,32,3218,5,32
"1734","2020-06-03",62,20,121,177,4604,0.891398783666377,0,0,420,727,17,1907,37,3255,8,37
"1735","2020-06-04",60,20,107,174,4604,0.891398783666377,0,0,420,727,9,1916,34,3289,3,34
"1736","2020-06-05",61,20,94,165,4604,0.891398783666377,0,0,420,727,12,1928,35,3324,11,35
"1737","2020-06-06",61,20,106,162,4604,0.891398783666377,0,0,420,727,17,1945,18,3342,10,18
"1738","2020-06-07",58,20,121,155,4604,0.891398783666377,0,0,420,727,10,1955,25,3367,5,25
