"","Date","Absents","Paramset","Infections_or_Exposed_per_day_Patient","Infections_or_Exposed_per_day_HCW","total_infections","nosocomial_proportion","PCR_pooled","LFD_pooled","HCW_symp_test","patient_symp_test","new_hcw_infs","cumulative_hcw_infs","new_pat_infs","cumulative_pats_infs","new_nosocomial_hcw_infs","new_nosocomial_pat_infs"
"1","2020-03-13",4,1,109,308,8268,0.2855587808418,2085,9242,742,1197,119,308,25,90,10,25
"2","2020-03-14",14,1,97,419,8268,0.2855587808418,2085,9242,742,1197,111,419,15,105,23,15
"3","2020-03-15",57,1,93,503,8268,0.2855587808418,2085,9242,742,1197,84,503,6,111,19,6
"4","2020-03-16",74,1,109,605,8268,0.2855587808418,2085,9242,742,1197,102,605,24,135,33,24
"5","2020-03-17",72,1,160,714,8268,0.2855587808418,2085,9242,742,1197,110,715,47,182,54,47
"6","2020-03-18",97,1,149,822,8268,0.2855587808418,2085,9242,742,1197,118,833,30,212,53,30
"7","2020-03-19",125,1,197,912,8268,0.2855587808418,2085,9242,742,1197,128,961,59,271,43,59
"8","2020-03-20",211,1,208,1025,8268,0.2855587808418,2085,9242,742,1197,146,1107,44,315,58,44
"9","2020-03-21",331,1,191,1121,8268,0.2855587808418,2085,9242,742,1197,145,1252,21,336,65,21
"10","2020-03-22",335,1,195,1205,8268,0.2855587808418,2085,9242,742,1197,133,1385,27,363,49,27
"11","2020-03-23",336,1,180,1283,8268,0.2855587808418,2085,9242,742,1197,141,1526,24,387,61,24
"12","2020-03-24",355,1,175,1351,8268,0.2855587808418,2085,9242,742,1197,130,1656,29,416,55,29
"13","2020-03-25",389,1,218,1417,8268,0.2855587808418,2085,9242,742,1197,172,1828,61,477,72,61
"14","2020-03-26",418,1,258,1452,8268,0.2855587808418,2085,9242,742,1197,132,1960,69,546,50,69
"15","2020-03-27",521,1,255,1514,8268,0.2855587808418,2085,9242,742,1197,158,2118,45,591,67,45
"16","2020-03-28",508,1,273,1554,8268,0.2855587808418,2085,9242,742,1197,138,2256,58,649,69,58
"17","2020-03-29",496,1,274,1597,8268,0.2855587808418,2085,9242,742,1197,164,2420,54,703,79,54
"18","2020-03-30",474,1,263,1600,8268,0.2855587808418,2085,9242,742,1197,134,2554,39,742,58,39
"19","2020-03-31",482,1,242,1606,8268,0.2855587808418,2085,9242,742,1197,129,2683,31,773,55,31
"20","2020-04-01",471,1,209,1615,8268,0.2855587808418,2085,9242,742,1197,136,2819,23,796,56,23
"21","2020-04-02",479,1,208,1584,8268,0.2855587808418,2085,9242,742,1197,110,2929,19,815,51,19
"22","2020-04-03",545,1,201,1570,8268,0.2855587808418,2085,9242,742,1197,121,3050,35,850,54,35
"23","2020-04-04",578,1,193,1587,8268,0.2855587808418,2085,9242,742,1197,136,3186,28,878,60,28
"24","2020-04-05",541,1,210,1543,8268,0.2855587808418,2085,9242,742,1197,112,3298,38,916,42,38
"25","2020-04-06",537,1,210,1552,8268,0.2855587808418,2085,9242,742,1197,113,3411,36,952,41,36
"26","2020-04-07",548,1,261,1532,8268,0.2855587808418,2085,9242,742,1197,108,3519,73,1025,34,73
"27","2020-04-08",565,1,283,1508,8268,0.2855587808418,2085,9242,742,1197,106,3625,57,1082,35,57
"28","2020-04-09",553,1,281,1514,8268,0.2855587808418,2085,9242,742,1197,128,3753,48,1130,53,48
"29","2020-04-10",564,1,254,1494,8268,0.2855587808418,2085,9242,742,1197,120,3873,17,1147,45,17
"30","2020-04-11",518,1,266,1503,8268,0.2855587808418,2085,9242,742,1197,127,4000,52,1199,55,52
"31","2020-04-12",485,1,282,1494,8268,0.2855587808418,2085,9242,742,1197,117,4117,49,1248,41,49
"32","2020-04-13",486,1,256,1486,8268,0.2855587808418,2085,9242,742,1197,114,4231,30,1278,49,30
"33","2020-04-14",453,1,239,1459,8268,0.2855587808418,2085,9242,742,1197,103,4334,23,1301,35,23
"34","2020-04-15",436,1,216,1443,8268,0.2855587808418,2085,9242,742,1197,92,4426,13,1314,32,13
"35","2020-04-16",431,1,209,1412,8268,0.2855587808418,2085,9242,742,1197,103,4529,25,1339,45,25
"36","2020-04-17",463,1,250,1354,8268,0.2855587808418,2085,9242,742,1197,76,4605,60,1399,24,60
"37","2020-04-18",493,1,257,1297,8268,0.2855587808418,2085,9242,742,1197,79,4684,48,1447,37,48
"38","2020-04-19",451,1,255,1284,8268,0.2855587808418,2085,9242,742,1197,107,4791,46,1493,35,46
"39","2020-04-20",431,1,243,1256,8268,0.2855587808418,2085,9242,742,1197,71,4862,29,1522,17,29
"40","2020-04-21",425,1,238,1223,8268,0.2855587808418,2085,9242,742,1197,82,4944,29,1551,22,29
"41","2020-04-22",411,1,252,1188,8268,0.2855587808418,2085,9242,742,1197,80,5024,34,1585,23,34
"42","2020-04-23",397,1,247,1139,8268,0.2855587808418,2085,9242,742,1197,63,5087,29,1614,23,29
"43","2020-04-24",397,1,221,1106,8268,0.2855587808418,2085,9242,742,1197,66,5153,25,1639,15,25
"44","2020-04-25",364,1,231,1073,8268,0.2855587808418,2085,9242,742,1197,73,5226,23,1662,32,23
"45","2020-04-26",348,1,249,1051,8268,0.2855587808418,2085,9242,742,1197,67,5293,49,1711,23,49
"46","2020-04-27",347,1,254,1010,8268,0.2855587808418,2085,9242,742,1197,75,5368,34,1745,27,34
"47","2020-04-28",344,1,279,975,8268,0.2855587808418,2085,9242,742,1197,57,5425,58,1803,12,58
"48","2020-04-29",346,1,266,943,8268,0.2855587808418,2085,9242,742,1197,67,5492,34,1837,15,34
"49","2020-04-30",342,1,246,916,8268,0.2855587808418,2085,9242,742,1197,68,5560,25,1862,25,25
"50","2020-05-01",324,1,241,893,8268,0.2855587808418,2085,9242,742,1197,67,5627,20,1882,21,20
"51","2020-05-02",328,1,263,877,8268,0.2855587808418,2085,9242,742,1197,52,5679,48,1930,9,48
"52","2020-05-03",298,1,264,839,8268,0.2855587808418,2085,9242,742,1197,46,5725,36,1966,8,36
"53","2020-05-04",277,1,257,807,8268,0.2855587808418,2085,9242,742,1197,47,5772,34,2000,13,34
"54","2020-05-05",279,1,250,791,8268,0.2855587808418,2085,9242,742,1197,52,5824,33,2033,18,33
"55","2020-05-06",278,1,230,777,8268,0.2855587808418,2085,9242,742,1197,42,5866,26,2059,8,26
"56","2020-05-07",274,1,227,762,8268,0.2855587808418,2085,9242,742,1197,59,5925,21,2080,14,21
"57","2020-05-08",285,1,225,715,8268,0.2855587808418,2085,9242,742,1197,38,5963,35,2115,8,35
"58","2020-05-09",269,1,246,704,8268,0.2855587808418,2085,9242,742,1197,52,6015,44,2159,12,44
"59","2020-05-10",233,1,240,682,8268,0.2855587808418,2085,9242,742,1197,40,6055,29,2188,5,29
"60","2020-05-11",244,1,242,646,8268,0.2855587808418,2085,9242,742,1197,37,6092,34,2222,5,34
"61","2020-05-12",234,1,236,616,8268,0.2855587808418,2085,9242,742,1197,34,6126,17,2239,6,17
"62","2020-05-13",212,1,212,604,8268,0.2855587808418,2085,9242,742,1197,42,6168,11,2250,14,11
"63","2020-05-14",212,1,182,579,8268,0.2855587808418,2085,9242,742,1197,34,6202,11,2261,6,11
"64","2020-05-15",182,1,178,563,8268,0.2855587808418,2085,9242,742,1197,35,6237,15,2276,4,15
"65","2020-05-16",193,1,193,521,8268,0.2855587808418,2085,9242,742,1197,31,6268,29,2305,4,29
"66","2020-05-17",180,1,184,487,8268,0.2855587808418,2085,9242,742,1197,25,6293,16,2321,4,16
"67","2020-05-18",161,1,183,467,8268,0.2855587808418,2085,9242,742,1197,28,6321,23,2344,6,23
"68","2020-05-19",152,1,191,444,8268,0.2855587808418,2085,9242,742,1197,22,6343,40,2384,6,40
"69","2020-05-20",154,1,233,419,8268,0.2855587808418,2085,9242,742,1197,28,6371,46,2430,7,46
"70","2020-05-21",135,1,230,416,8268,0.2855587808418,2085,9242,742,1197,27,6398,32,2462,5,32
"71","2020-05-22",143,1,211,399,8268,0.2855587808418,2085,9242,742,1197,26,6424,24,2486,6,24
"72","2020-05-23",132,1,210,382,8268,0.2855587808418,2085,9242,742,1197,24,6448,14,2500,7,14
"73","2020-05-24",115,1,197,359,8268,0.2855587808418,2085,9242,742,1197,16,6464,28,2528,8,28
"74","2020-05-25",113,1,221,335,8268,0.2855587808418,2085,9242,742,1197,17,6481,46,2574,2,46
"75","2020-05-26",104,1,232,318,8268,0.2855587808418,2085,9242,742,1197,22,6503,35,2609,4,35
"76","2020-05-27",102,1,261,298,8268,0.2855587808418,2085,9242,742,1197,14,6517,58,2667,3,58
"77","2020-05-28",108,1,245,288,8268,0.2855587808418,2085,9242,742,1197,19,6536,36,2703,7,36
"78","2020-05-29",103,1,208,274,8268,0.2855587808418,2085,9242,742,1197,16,6552,25,2728,1,25
"79","2020-05-30",90,1,185,273,8268,0.2855587808418,2085,9242,742,1197,28,6580,14,2742,6,14
"80","2020-05-31",79,1,193,259,8268,0.2855587808418,2085,9242,742,1197,14,6594,25,2767,4,25
"81","2020-06-01",74,1,184,247,8268,0.2855587808418,2085,9242,742,1197,19,6613,16,2783,3,16
"82","2020-06-02",76,1,177,247,8268,0.2855587808418,2085,9242,742,1197,17,6630,18,2801,6,18
"83","2020-06-03",69,1,178,233,8268,0.2855587808418,2085,9242,742,1197,19,6649,21,2822,3,21
"84","2020-06-04",67,1,161,227,8268,0.2855587808418,2085,9242,742,1197,16,6665,13,2835,6,13
"85","2020-06-05",64,1,147,212,8268,0.2855587808418,2085,9242,742,1197,12,6677,6,2841,4,6
"86","2020-06-06",70,1,127,211,8268,0.2855587808418,2085,9242,742,1197,21,6698,5,2846,4,5
"87","2020-06-07",68,1,124,213,8268,0.2855587808418,2085,9242,742,1197,18,6716,16,2862,3,16
"88","2020-03-13",5,2,47,150,7055,0.591070163004961,2040,8092,784,917,82,215,25,60,9,25
"89","2020-03-14",14,2,50,205,7055,0.591070163004961,2040,8092,784,917,82,297,22,82,13,22
"90","2020-03-15",25,2,50,269,7055,0.591070163004961,2040,8092,784,917,83,380,15,97,15,15
"91","2020-03-16",30,2,61,372,7055,0.591070163004961,2040,8092,784,917,97,477,15,112,38,15
"92","2020-03-17",41,2,93,444,7055,0.591070163004961,2040,8092,784,917,101,578,16,128,34,16
"93","2020-03-18",57,2,96,560,7055,0.591070163004961,2040,8092,784,917,122,700,44,172,49,44
"94","2020-03-19",74,2,105,657,7055,0.591070163004961,2040,8092,784,917,116,816,33,205,45,33
"95","2020-03-20",121,2,120,733,7055,0.591070163004961,2040,8092,784,917,114,930,48,253,57,48
"96","2020-03-21",153,2,113,830,7055,0.591070163004961,2040,8092,784,917,119,1049,29,282,60,29
"97","2020-03-22",220,2,113,916,7055,0.591070163004961,2040,8092,784,917,93,1142,20,302,48,20
"98","2020-03-23",246,2,145,1029,7055,0.591070163004961,2040,8092,784,917,156,1298,34,336,74,34
"99","2020-03-24",259,2,140,1112,7055,0.591070163004961,2040,8092,784,917,135,1433,43,379,74,43
"100","2020-03-25",278,2,132,1218,7055,0.591070163004961,2040,8092,784,917,122,1555,47,426,60,47
"101","2020-03-26",307,2,142,1309,7055,0.591070163004961,2040,8092,784,917,152,1707,47,473,78,47
"102","2020-03-27",464,2,146,1406,7055,0.591070163004961,2040,8092,784,917,141,1848,41,514,74,41
"103","2020-03-28",474,2,124,1484,7055,0.591070163004961,2040,8092,784,917,134,1982,37,551,76,37
"104","2020-03-29",463,2,99,1546,7055,0.591070163004961,2040,8092,784,917,150,2132,43,594,90,43
"105","2020-03-30",474,2,110,1586,7055,0.591070163004961,2040,8092,784,917,123,2255,33,627,69,33
"106","2020-03-31",474,2,136,1620,7055,0.591070163004961,2040,8092,784,917,152,2407,37,664,98,37
"107","2020-04-01",495,2,144,1641,7055,0.591070163004961,2040,8092,784,917,147,2554,31,695,86,31
"108","2020-04-02",510,2,154,1677,7055,0.591070163004961,2040,8092,784,917,139,2693,26,721,83,26
"109","2020-04-03",578,2,160,1697,7055,0.591070163004961,2040,8092,784,917,141,2834,53,774,79,53
"110","2020-04-04",595,2,173,1697,7055,0.591070163004961,2040,8092,784,917,126,2960,34,808,69,34
"111","2020-04-05",549,2,184,1689,7055,0.591070163004961,2040,8092,784,917,115,3075,39,847,68,39
"112","2020-04-06",571,2,202,1685,7055,0.591070163004961,2040,8092,784,917,146,3221,32,879,84,32
"113","2020-04-07",569,2,185,1667,7055,0.591070163004961,2040,8092,784,917,144,3365,28,907,86,28
"114","2020-04-08",572,2,178,1654,7055,0.591070163004961,2040,8092,784,917,125,3490,42,949,72,42
"115","2020-04-09",571,2,211,1604,7055,0.591070163004961,2040,8092,784,917,146,3636,32,981,90,32
"116","2020-04-10",580,2,240,1560,7055,0.591070163004961,2040,8092,784,917,116,3752,19,1000,61,19
"117","2020-04-11",577,2,264,1515,7055,0.591070163004961,2040,8092,784,917,121,3873,19,1019,64,19
"118","2020-04-12",529,2,278,1468,7055,0.591070163004961,2040,8092,784,917,117,3990,39,1058,56,39
"119","2020-04-13",500,2,255,1428,7055,0.591070163004961,2040,8092,784,917,103,4093,36,1094,46,36
"120","2020-04-14",490,2,254,1409,7055,0.591070163004961,2040,8092,784,917,97,4190,42,1136,52,42
"121","2020-04-15",489,2,248,1389,7055,0.591070163004961,2040,8092,784,917,93,4283,24,1160,45,24
"122","2020-04-16",484,2,229,1347,7055,0.591070163004961,2040,8092,784,917,96,4379,29,1189,43,29
"123","2020-04-17",472,2,233,1327,7055,0.591070163004961,2040,8092,784,917,113,4492,47,1236,56,47
"124","2020-04-18",468,2,208,1274,7055,0.591070163004961,2040,8092,784,917,104,4596,43,1279,41,43
"125","2020-04-19",446,2,187,1222,7055,0.591070163004961,2040,8092,784,917,75,4671,67,1346,23,67
"126","2020-04-20",439,2,165,1175,7055,0.591070163004961,2040,8092,784,917,92,4763,69,1415,39,69
"127","2020-04-21",419,2,153,1103,7055,0.591070163004961,2040,8092,784,917,79,4842,39,1454,39,39
"128","2020-04-22",401,2,162,1073,7055,0.591070163004961,2040,8092,784,917,86,4928,26,1480,32,26
"129","2020-04-23",374,2,194,1034,7055,0.591070163004961,2040,8092,784,917,75,5003,28,1508,41,28
"130","2020-04-24",342,2,242,998,7055,0.591070163004961,2040,8092,784,917,95,5098,32,1540,46,32
"131","2020-04-25",345,2,235,938,7055,0.591070163004961,2040,8092,784,917,73,5171,23,1563,30,23
"132","2020-04-26",315,2,253,890,7055,0.591070163004961,2040,8092,784,917,69,5240,34,1597,28,34
"133","2020-04-27",305,2,281,862,7055,0.591070163004961,2040,8092,784,917,63,5303,28,1625,21,28
"134","2020-04-28",302,2,295,821,7055,0.591070163004961,2040,8092,784,917,65,5368,52,1677,26,52
"135","2020-04-29",292,2,309,778,7055,0.591070163004961,2040,8092,784,917,69,5437,56,1733,29,56
"136","2020-04-30",278,2,278,753,7055,0.591070163004961,2040,8092,784,917,58,5495,51,1784,20,51
"137","2020-05-01",284,2,261,723,7055,0.591070163004961,2040,8092,784,917,61,5556,34,1818,22,34
"138","2020-05-02",260,2,239,707,7055,0.591070163004961,2040,8092,784,917,59,5615,27,1845,22,27
"139","2020-05-03",242,2,239,685,7055,0.591070163004961,2040,8092,784,917,55,5670,27,1872,19,27
"140","2020-05-04",234,2,227,663,7055,0.591070163004961,2040,8092,784,917,48,5718,29,1901,14,29
"141","2020-05-05",222,2,223,649,7055,0.591070163004961,2040,8092,784,917,45,5763,21,1922,13,21
"142","2020-05-06",215,2,216,619,7055,0.591070163004961,2040,8092,784,917,36,5799,37,1959,13,37
"143","2020-05-07",222,2,182,594,7055,0.591070163004961,2040,8092,784,917,39,5838,37,1996,9,37
"144","2020-05-08",199,2,181,569,7055,0.591070163004961,2040,8092,784,917,30,5868,21,2017,10,21
"145","2020-05-09",212,2,236,543,7055,0.591070163004961,2040,8092,784,917,46,5914,33,2050,23,33
"146","2020-05-10",225,2,280,528,7055,0.591070163004961,2040,8092,784,917,46,5960,50,2100,15,50
"147","2020-05-11",214,2,293,514,7055,0.591070163004961,2040,8092,784,917,51,6011,32,2132,10,32
"148","2020-05-12",199,2,259,496,7055,0.591070163004961,2040,8092,784,917,29,6040,39,2171,4,39
"149","2020-05-13",193,2,208,479,7055,0.591070163004961,2040,8092,784,917,27,6067,32,2203,4,32
"150","2020-05-14",192,2,188,460,7055,0.591070163004961,2040,8092,784,917,24,6091,50,2253,8,50
"151","2020-05-15",188,2,157,434,7055,0.591070163004961,2040,8092,784,917,37,6128,32,2285,7,32
"152","2020-05-16",174,2,151,414,7055,0.591070163004961,2040,8092,784,917,28,6156,34,2319,4,34
"153","2020-05-17",145,2,184,392,7055,0.591070163004961,2040,8092,784,917,38,6194,29,2348,12,29
"154","2020-05-18",142,2,201,371,7055,0.591070163004961,2040,8092,784,917,27,6221,25,2373,3,25
"155","2020-05-19",133,2,244,350,7055,0.591070163004961,2040,8092,784,917,29,6250,46,2419,8,46
"156","2020-05-20",127,2,250,333,7055,0.591070163004961,2040,8092,784,917,32,6282,37,2456,4,37
"157","2020-05-21",124,2,245,310,7055,0.591070163004961,2040,8092,784,917,22,6304,30,2486,4,30
"158","2020-05-22",108,2,223,296,7055,0.591070163004961,2040,8092,784,917,16,6320,28,2514,8,28
"159","2020-05-23",92,2,203,282,7055,0.591070163004961,2040,8092,784,917,23,6343,22,2536,7,22
"160","2020-05-24",86,2,189,266,7055,0.591070163004961,2040,8092,784,917,22,6365,30,2566,5,30
"161","2020-05-25",81,2,211,269,7055,0.591070163004961,2040,8092,784,917,24,6389,26,2592,4,26
"162","2020-05-26",73,2,207,270,7055,0.591070163004961,2040,8092,784,917,10,6399,21,2613,4,21
"163","2020-05-27",71,2,219,258,7055,0.591070163004961,2040,8092,784,917,25,6424,14,2627,6,14
"164","2020-05-28",64,2,231,244,7055,0.591070163004961,2040,8092,784,917,22,6446,45,2672,5,45
"165","2020-05-29",62,2,246,238,7055,0.591070163004961,2040,8092,784,917,14,6460,45,2717,1,45
"166","2020-05-30",65,2,250,234,7055,0.591070163004961,2040,8092,784,917,15,6475,38,2755,1,38
"167","2020-05-31",68,2,255,214,7055,0.591070163004961,2040,8092,784,917,15,6490,32,2787,6,32
"168","2020-06-01",65,2,255,208,7055,0.591070163004961,2040,8092,784,917,5,6495,38,2825,NA,38
"169","2020-06-02",72,2,239,199,7055,0.591070163004961,2040,8092,784,917,21,6516,25,2850,2,25
"170","2020-06-03",68,2,226,183,7055,0.591070163004961,2040,8092,784,917,13,6529,23,2873,3,23
"171","2020-06-04",60,2,227,174,7055,0.591070163004961,2040,8092,784,917,12,6541,38,2911,1,38
"172","2020-06-05",60,2,235,166,7055,0.591070163004961,2040,8092,784,917,10,6551,45,2956,5,45
"173","2020-06-06",67,2,235,160,7055,0.591070163004961,2040,8092,784,917,10,6561,37,2993,5,37
"174","2020-06-07",62,2,218,150,7055,0.591070163004961,2040,8092,784,917,8,6569,24,3017,4,24
"175","2020-03-07",1,3,0,0,8300,0.431204819277108,1995,8518,792,2553,NA,NA,NA,NA,NA,NA
"176","2020-03-08",1,3,0,0,8300,0.431204819277108,1995,8518,792,2553,NA,NA,NA,NA,NA,NA
"177","2020-03-09",0,3,0,0,8300,0.431204819277108,1995,8518,792,2553,NA,NA,NA,NA,NA,NA
"178","2020-03-10",0,3,0,0,8300,0.431204819277108,1995,8518,792,2553,2,2,1,1,2,1
"179","2020-03-11",0,3,0,0,8300,0.431204819277108,1995,8518,792,2553,26,28,31,32,8,31
"180","2020-03-12",1,3,112,160,8300,0.431204819277108,1995,8518,792,2553,19,47,29,61,6,29
"181","2020-03-13",7,3,148,253,8300,0.431204819277108,1995,8518,792,2553,42,89,37,98,23,37
"182","2020-03-14",40,3,165,366,8300,0.431204819277108,1995,8518,792,2553,39,128,42,140,18,42
"183","2020-03-15",55,3,242,478,8300,0.431204819277108,1995,8518,792,2553,54,182,45,185,35,45
"184","2020-03-16",61,3,292,605,8300,0.431204819277108,1995,8518,792,2553,73,255,59,244,50,59
"185","2020-03-17",80,3,295,732,8300,0.431204819277108,1995,8518,792,2553,81,336,44,288,57,44
"186","2020-03-18",111,3,287,849,8300,0.431204819277108,1995,8518,792,2553,90,426,39,327,70,39
"187","2020-03-19",136,3,280,991,8300,0.431204819277108,1995,8518,792,2553,113,539,52,379,87,52
"188","2020-03-20",252,3,283,1170,8300,0.431204819277108,1995,8518,792,2553,112,651,37,416,91,37
"189","2020-03-21",341,3,274,1283,8300,0.431204819277108,1995,8518,792,2553,131,782,21,437,103,21
"190","2020-03-22",349,3,298,1400,8300,0.431204819277108,1995,8518,792,2553,121,903,24,461,102,24
"191","2020-03-23",358,3,315,1542,8300,0.431204819277108,1995,8518,792,2553,141,1044,39,500,127,39
"192","2020-03-24",391,3,328,1658,8300,0.431204819277108,1995,8518,792,2553,152,1196,30,530,129,30
"193","2020-03-25",420,3,308,1732,8300,0.431204819277108,1995,8518,792,2553,161,1357,52,582,133,52
"194","2020-03-26",449,3,288,1801,8300,0.431204819277108,1995,8518,792,2553,182,1539,30,612,162,30
"195","2020-03-27",578,3,271,1881,8300,0.431204819277108,1995,8518,792,2553,203,1742,64,676,179,64
"196","2020-03-28",587,3,311,1931,8300,0.431204819277108,1995,8518,792,2553,178,1920,47,723,164,47
"197","2020-03-29",584,3,319,1970,8300,0.431204819277108,1995,8518,792,2553,180,2100,40,763,156,40
"198","2020-03-30",579,3,293,2020,8300,0.431204819277108,1995,8518,792,2553,165,2265,56,819,143,56
"199","2020-03-31",596,3,271,2016,8300,0.431204819277108,1995,8518,792,2553,163,2428,33,852,141,33
"200","2020-04-01",608,3,273,2034,8300,0.431204819277108,1995,8518,792,2553,214,2642,27,879,198,27
"201","2020-04-02",623,3,278,2043,8300,0.431204819277108,1995,8518,792,2553,180,2822,45,924,157,45
"202","2020-04-03",703,3,294,2053,8300,0.431204819277108,1995,8518,792,2553,168,2990,31,955,145,31
"203","2020-04-04",701,3,282,2047,8300,0.431204819277108,1995,8518,792,2553,215,3205,49,1004,188,49
"204","2020-04-05",675,3,277,1993,8300,0.431204819277108,1995,8518,792,2553,152,3357,43,1047,133,43
"205","2020-04-06",679,3,296,1969,8300,0.431204819277108,1995,8518,792,2553,188,3545,32,1079,164,32
"206","2020-04-07",647,3,276,1893,8300,0.431204819277108,1995,8518,792,2553,157,3702,49,1128,132,49
"207","2020-04-08",647,3,273,1853,8300,0.431204819277108,1995,8518,792,2553,171,3873,32,1160,151,32
"208","2020-04-09",641,3,296,1821,8300,0.431204819277108,1995,8518,792,2553,131,4004,33,1193,117,33
"209","2020-04-10",654,3,298,1760,8300,0.431204819277108,1995,8518,792,2553,136,4140,32,1225,119,32
"210","2020-04-11",632,3,307,1738,8300,0.431204819277108,1995,8518,792,2553,167,4307,45,1270,152,45
"211","2020-04-12",592,3,301,1675,8300,0.431204819277108,1995,8518,792,2553,114,4421,38,1308,96,38
"212","2020-04-13",584,3,286,1587,8300,0.431204819277108,1995,8518,792,2553,134,4555,31,1339,109,31
"213","2020-04-14",569,3,272,1512,8300,0.431204819277108,1995,8518,792,2553,110,4665,16,1355,100,16
"214","2020-04-15",540,3,273,1466,8300,0.431204819277108,1995,8518,792,2553,106,4771,25,1380,90,25
"215","2020-04-16",523,3,266,1424,8300,0.431204819277108,1995,8518,792,2553,90,4861,23,1403,78,24
"216","2020-04-17",478,3,273,1365,8300,0.431204819277108,1995,8518,792,2553,82,4943,50,1453,70,50
"217","2020-04-18",458,3,266,1296,8300,0.431204819277108,1995,8518,792,2553,100,5043,49,1502,81,49
"218","2020-04-19",438,3,283,1249,8300,0.431204819277108,1995,8518,792,2553,91,5134,45,1547,77,45
"219","2020-04-20",426,3,298,1200,8300,0.431204819277108,1995,8518,792,2553,89,5223,33,1580,70,33
"220","2020-04-21",408,3,283,1151,8300,0.431204819277108,1995,8518,792,2553,80,5303,22,1602,63,22
"221","2020-04-22",411,3,309,1115,8300,0.431204819277108,1995,8518,792,2553,65,5368,39,1641,57,39
"222","2020-04-23",403,3,302,1043,8300,0.431204819277108,1995,8518,792,2553,61,5429,23,1664,45,23
"223","2020-04-24",427,3,300,982,8300,0.431204819277108,1995,8518,792,2553,55,5484,14,1678,42,14
"224","2020-04-25",421,3,289,958,8300,0.431204819277108,1995,8518,792,2553,51,5535,22,1700,40,22
"225","2020-04-26",374,3,288,897,8300,0.431204819277108,1995,8518,792,2553,46,5581,18,1718,32,18
"226","2020-04-27",360,3,275,865,8300,0.431204819277108,1995,8518,792,2553,41,5622,15,1733,33,15
"227","2020-04-28",339,3,288,805,8300,0.431204819277108,1995,8518,792,2553,41,5663,14,1747,29,14
"228","2020-04-29",314,3,289,769,8300,0.431204819277108,1995,8518,792,2553,41,5704,21,1768,31,21
"229","2020-04-30",295,3,276,740,8300,0.431204819277108,1995,8518,792,2553,39,5743,20,1788,29,20
"230","2020-05-01",230,3,323,709,8300,0.431204819277108,1995,8518,792,2553,36,5779,21,1809,25,21
"231","2020-05-02",216,3,330,682,8300,0.431204819277108,1995,8518,792,2553,40,5819,19,1828,32,19
"232","2020-05-03",205,3,372,627,8300,0.431204819277108,1995,8518,792,2553,31,5850,30,1858,19,30
"233","2020-05-04",199,3,362,582,8300,0.431204819277108,1995,8518,792,2553,26,5876,44,1902,22,44
"234","2020-05-05",186,3,353,553,8300,0.431204819277108,1995,8518,792,2553,32,5908,19,1921,22,19
"235","2020-05-06",188,3,333,529,8300,0.431204819277108,1995,8518,792,2553,35,5943,27,1948,22,27
"236","2020-05-07",184,3,336,512,8300,0.431204819277108,1995,8518,792,2553,37,5980,32,1980,27,32
"237","2020-05-08",165,3,323,486,8300,0.431204819277108,1995,8518,792,2553,40,6020,29,2009,23,29
"238","2020-05-09",165,3,337,464,8300,0.431204819277108,1995,8518,792,2553,32,6052,28,2037,23,28
"239","2020-05-10",141,3,336,436,8300,0.431204819277108,1995,8518,792,2553,30,6082,33,2070,20,33
"240","2020-05-11",138,3,336,422,8300,0.431204819277108,1995,8518,792,2553,14,6096,27,2097,11,27
"241","2020-05-12",135,3,345,396,8300,0.431204819277108,1995,8518,792,2553,28,6124,26,2123,19,26
"242","2020-05-13",129,3,372,377,8300,0.431204819277108,1995,8518,792,2553,26,6150,28,2151,18,28
"243","2020-05-14",121,3,390,359,8300,0.431204819277108,1995,8518,792,2553,24,6174,25,2176,15,25
"244","2020-05-15",123,3,363,340,8300,0.431204819277108,1995,8518,792,2553,26,6200,23,2199,9,23
"245","2020-05-16",126,3,346,337,8300,0.431204819277108,1995,8518,792,2553,15,6215,42,2241,11,42
"246","2020-05-17",113,3,356,318,8300,0.431204819277108,1995,8518,792,2553,17,6232,23,2264,11,23
"247","2020-05-18",101,3,359,320,8300,0.431204819277108,1995,8518,792,2553,18,6250,31,2295,10,31
"248","2020-05-19",104,3,344,307,8300,0.431204819277108,1995,8518,792,2553,10,6260,19,2314,8,19
"249","2020-05-20",96,3,328,294,8300,0.431204819277108,1995,8518,792,2553,18,6278,45,2359,12,45
"250","2020-05-21",93,3,316,277,8300,0.431204819277108,1995,8518,792,2553,10,6288,26,2385,5,26
"251","2020-05-22",98,3,328,263,8300,0.431204819277108,1995,8518,792,2553,12,6300,48,2433,6,48
"252","2020-05-23",84,3,372,275,8300,0.431204819277108,1995,8518,792,2553,17,6317,37,2470,12,37
"253","2020-05-24",75,3,394,269,8300,0.431204819277108,1995,8518,792,2553,17,6334,35,2505,8,35
"254","2020-05-25",78,3,398,255,8300,0.431204819277108,1995,8518,792,2553,14,6348,34,2539,12,34
"255","2020-05-26",65,3,401,241,8300,0.431204819277108,1995,8518,792,2553,16,6364,24,2563,11,24
"256","2020-05-27",61,3,387,232,8300,0.431204819277108,1995,8518,792,2553,11,6375,32,2595,7,32
"257","2020-05-28",63,3,375,230,8300,0.431204819277108,1995,8518,792,2553,10,6385,28,2623,8,28
"258","2020-05-29",54,3,371,209,8300,0.431204819277108,1995,8518,792,2553,14,6399,25,2648,9,25
"259","2020-05-30",61,3,357,195,8300,0.431204819277108,1995,8518,792,2553,17,6416,23,2671,10,23
"260","2020-05-31",64,3,335,182,8300,0.431204819277108,1995,8518,792,2553,11,6427,41,2712,8,41
"261","2020-06-01",59,3,327,169,8300,0.431204819277108,1995,8518,792,2553,13,6440,35,2747,10,35
"262","2020-06-02",61,3,329,156,8300,0.431204819277108,1995,8518,792,2553,6,6446,27,2774,3,27
"263","2020-06-03",58,3,345,149,8300,0.431204819277108,1995,8518,792,2553,10,6456,48,2822,7,48
"264","2020-06-04",56,3,346,149,8300,0.431204819277108,1995,8518,792,2553,16,6472,36,2858,12,36
"265","2020-06-05",54,3,365,140,8300,0.431204819277108,1995,8518,792,2553,7,6479,33,2891,5,33
"266","2020-06-06",45,3,384,134,8300,0.431204819277108,1995,8518,792,2553,12,6491,27,2918,10,27
"267","2020-06-07",37,3,407,128,8300,0.431204819277108,1995,8518,792,2553,11,6502,13,2931,9,13
"268","2020-03-13",3,4,70,126,6668,0.611877624475105,2040,8103,594,1084,98,283,80,189,31,80
"269","2020-03-14",21,4,98,179,6668,0.611877624475105,2040,8103,594,1084,130,413,50,239,51,50
"270","2020-03-15",27,4,107,223,6668,0.611877624475105,2040,8103,594,1084,153,566,70,309,62,70
"271","2020-03-16",27,4,103,288,6668,0.611877624475105,2040,8103,594,1084,126,692,48,357,56,48
"272","2020-03-17",38,4,107,354,6668,0.611877624475105,2040,8103,594,1084,163,855,29,386,77,29
"273","2020-03-18",50,4,102,411,6668,0.611877624475105,2040,8103,594,1084,159,1014,21,407,86,21
"274","2020-03-19",69,4,102,496,6668,0.611877624475105,2040,8103,594,1084,147,1161,65,472,77,65
"275","2020-03-20",103,4,96,569,6668,0.611877624475105,2040,8103,594,1084,139,1300,76,548,76,76
"276","2020-03-21",117,4,87,638,6668,0.611877624475105,2040,8103,594,1084,162,1462,43,591,93,43
"277","2020-03-22",183,4,115,704,6668,0.611877624475105,2040,8103,594,1084,142,1604,18,609,94,18
"278","2020-03-23",193,4,156,801,6668,0.611877624475105,2040,8103,594,1084,175,1779,23,632,104,23
"279","2020-03-24",195,4,188,869,6668,0.611877624475105,2040,8103,594,1084,134,1913,65,697,73,65
"280","2020-03-25",210,4,185,930,6668,0.611877624475105,2040,8103,594,1084,173,2086,44,741,99,44
"281","2020-03-26",223,4,181,992,6668,0.611877624475105,2040,8103,594,1084,149,2235,31,772,93,31
"282","2020-03-27",299,4,163,1067,6668,0.611877624475105,2040,8103,594,1084,150,2385,24,796,91,24
"283","2020-03-28",348,4,147,1116,6668,0.611877624475105,2040,8103,594,1084,158,2543,13,809,91,13
"284","2020-03-29",329,4,156,1164,6668,0.611877624475105,2040,8103,594,1084,144,2687,13,822,90,13
"285","2020-03-30",350,4,191,1186,6668,0.611877624475105,2040,8103,594,1084,156,2843,14,836,80,14
"286","2020-03-31",361,4,223,1257,6668,0.611877624475105,2040,8103,594,1084,112,2955,73,909,56,73
"287","2020-04-01",376,4,260,1290,6668,0.611877624475105,2040,8103,594,1084,129,3084,34,943,69,34
"288","2020-04-02",401,4,323,1345,6668,0.611877624475105,2040,8103,594,1084,142,3226,74,1017,71,74
"289","2020-04-03",458,4,328,1381,6668,0.611877624475105,2040,8103,594,1084,174,3400,31,1048,96,31
"290","2020-04-04",499,4,313,1420,6668,0.611877624475105,2040,8103,594,1084,124,3524,19,1067,64,19
"291","2020-04-05",483,4,277,1456,6668,0.611877624475105,2040,8103,594,1084,143,3667,15,1082,82,15
"292","2020-04-06",483,4,280,1463,6668,0.611877624475105,2040,8103,594,1084,120,3787,43,1125,61,43
"293","2020-04-07",471,4,255,1506,6668,0.611877624475105,2040,8103,594,1084,124,3911,27,1152,69,27
"294","2020-04-08",479,4,228,1503,6668,0.611877624475105,2040,8103,594,1084,134,4045,64,1216,82,64
"295","2020-04-09",461,4,189,1515,6668,0.611877624475105,2040,8103,594,1084,139,4184,28,1244,75,28
"296","2020-04-10",508,4,154,1538,6668,0.611877624475105,2040,8103,594,1084,109,4293,22,1266,65,22
"297","2020-04-11",468,4,154,1532,6668,0.611877624475105,2040,8103,594,1084,116,4409,20,1286,56,20
"298","2020-04-12",418,4,171,1515,6668,0.611877624475105,2040,8103,594,1084,105,4514,19,1305,52,19
"299","2020-04-13",418,4,175,1493,6668,0.611877624475105,2040,8103,594,1084,121,4635,13,1318,61,13
"300","2020-04-14",448,4,199,1495,6668,0.611877624475105,2040,8103,594,1084,104,4739,8,1326,56,8
"301","2020-04-15",461,4,196,1478,6668,0.611877624475105,2040,8103,594,1084,98,4837,8,1334,45,8
"302","2020-04-16",483,4,189,1445,6668,0.611877624475105,2040,8103,594,1084,81,4918,11,1345,31,11
"303","2020-04-17",477,4,199,1402,6668,0.611877624475105,2040,8103,594,1084,91,5009,14,1359,41,14
"304","2020-04-18",513,4,240,1379,6668,0.611877624475105,2040,8103,594,1084,77,5086,52,1411,40,52
"305","2020-04-19",510,4,219,1357,6668,0.611877624475105,2040,8103,594,1084,78,5164,19,1430,36,19
"306","2020-04-20",490,4,207,1291,6668,0.611877624475105,2040,8103,594,1084,72,5236,17,1447,29,17
"307","2020-04-21",471,4,196,1247,6668,0.611877624475105,2040,8103,594,1084,70,5306,15,1462,31,15
"308","2020-04-22",443,4,220,1185,6668,0.611877624475105,2040,8103,594,1084,75,5381,22,1484,30,22
"309","2020-04-23",422,4,238,1128,6668,0.611877624475105,2040,8103,594,1084,66,5447,41,1525,20,41
"310","2020-04-24",430,4,283,1085,6668,0.611877624475105,2040,8103,594,1084,83,5530,40,1565,37,40
"311","2020-04-25",397,4,296,1035,6668,0.611877624475105,2040,8103,594,1084,75,5605,45,1610,31,45
"312","2020-04-26",380,4,281,1009,6668,0.611877624475105,2040,8103,594,1084,84,5689,30,1640,36,30
"313","2020-04-27",365,4,260,960,6668,0.611877624475105,2040,8103,594,1084,71,5760,36,1676,29,36
"314","2020-04-28",353,4,235,933,6668,0.611877624475105,2040,8103,594,1084,68,5828,25,1701,26,25
"315","2020-04-29",354,4,226,906,6668,0.611877624475105,2040,8103,594,1084,58,5886,41,1742,24,41
"316","2020-04-30",343,4,217,897,6668,0.611877624475105,2040,8103,594,1084,68,5954,26,1768,30,26
"317","2020-05-01",366,4,216,858,6668,0.611877624475105,2040,8103,594,1084,64,6018,31,1799,26,31
"318","2020-05-02",357,4,201,818,6668,0.611877624475105,2040,8103,594,1084,64,6082,25,1824,21,25
"319","2020-05-03",320,4,182,772,6668,0.611877624475105,2040,8103,594,1084,51,6133,14,1838,29,14
"320","2020-05-04",302,4,158,719,6668,0.611877624475105,2040,8103,594,1084,56,6189,34,1872,22,34
"321","2020-05-05",280,4,153,687,6668,0.611877624475105,2040,8103,594,1084,39,6228,54,1926,18,54
"322","2020-05-06",266,4,152,646,6668,0.611877624475105,2040,8103,594,1084,46,6274,38,1964,22,38
"323","2020-05-07",264,4,147,629,6668,0.611877624475105,2040,8103,594,1084,50,6324,30,1994,22,30
"324","2020-05-08",217,4,169,583,6668,0.611877624475105,2040,8103,594,1084,47,6371,22,2016,16,22
"325","2020-05-09",214,4,200,555,6668,0.611877624475105,2040,8103,594,1084,31,6402,37,2053,11,37
"326","2020-05-10",184,4,203,523,6668,0.611877624475105,2040,8103,594,1084,45,6447,26,2079,20,26
"327","2020-05-11",180,4,208,515,6668,0.611877624475105,2040,8103,594,1084,27,6474,21,2100,13,21
"328","2020-05-12",171,4,180,491,6668,0.611877624475105,2040,8103,594,1084,33,6507,21,2121,12,21
"329","2020-05-13",165,4,172,470,6668,0.611877624475105,2040,8103,594,1084,30,6537,13,2134,9,13
"330","2020-05-14",155,4,189,450,6668,0.611877624475105,2040,8103,594,1084,38,6575,12,2146,10,12
"331","2020-05-15",146,4,184,437,6668,0.611877624475105,2040,8103,594,1084,25,6600,10,2156,11,10
"332","2020-05-16",131,4,231,426,6668,0.611877624475105,2040,8103,594,1084,21,6621,80,2236,9,80
"333","2020-05-17",142,4,216,415,6668,0.611877624475105,2040,8103,594,1084,27,6648,41,2277,11,41
"334","2020-05-18",138,4,194,393,6668,0.611877624475105,2040,8103,594,1084,32,6680,28,2305,14,28
"335","2020-05-19",132,4,202,386,6668,0.611877624475105,2040,8103,594,1084,29,6709,52,2357,8,52
"336","2020-05-20",125,4,228,372,6668,0.611877624475105,2040,8103,594,1084,29,6738,38,2395,14,38
"337","2020-05-21",123,4,228,354,6668,0.611877624475105,2040,8103,594,1084,20,6758,25,2420,7,25
"338","2020-05-22",141,4,198,339,6668,0.611877624475105,2040,8103,594,1084,22,6780,50,2470,5,50
"339","2020-05-23",149,4,178,324,6668,0.611877624475105,2040,8103,594,1084,27,6807,36,2506,7,36
"340","2020-05-24",134,4,156,304,6668,0.611877624475105,2040,8103,594,1084,17,6824,55,2561,9,55
"341","2020-05-25",124,4,168,293,6668,0.611877624475105,2040,8103,594,1084,20,6844,37,2598,8,37
"342","2020-05-26",113,4,214,277,6668,0.611877624475105,2040,8103,594,1084,24,6868,58,2656,9,58
"343","2020-05-27",111,4,246,270,6668,0.611877624475105,2040,8103,594,1084,22,6890,52,2708,6,52
"344","2020-05-28",104,4,257,261,6668,0.611877624475105,2040,8103,594,1084,21,6911,34,2742,10,34
"345","2020-05-29",98,4,235,244,6668,0.611877624475105,2040,8103,594,1084,11,6922,32,2774,4,32
"346","2020-05-30",94,4,224,227,6668,0.611877624475105,2040,8103,594,1084,21,6943,21,2795,9,21
"347","2020-05-31",90,4,239,210,6668,0.611877624475105,2040,8103,594,1084,8,6951,21,2816,5,21
"348","2020-06-01",86,4,224,210,6668,0.611877624475105,2040,8103,594,1084,14,6965,18,2834,2,18
"349","2020-06-02",85,4,224,205,6668,0.611877624475105,2040,8103,594,1084,21,6986,60,2894,7,60
"350","2020-06-03",90,4,249,192,6668,0.611877624475105,2040,8103,594,1084,15,7001,29,2923,5,29
"351","2020-06-04",92,4,241,183,6668,0.611877624475105,2040,8103,594,1084,10,7011,32,2955,NA,32
"352","2020-06-05",81,4,268,174,6668,0.611877624475105,2040,8103,594,1084,12,7023,29,2984,5,29
"353","2020-06-06",80,4,260,158,6668,0.611877624475105,2040,8103,594,1084,9,7032,22,3006,4,22
"354","2020-06-07",65,4,210,149,6668,0.611877624475105,2040,8103,594,1084,7,7039,19,3025,4,19
"355","2020-03-07",1,5,0,0,6960,0.507614942528736,2055,8504,634,950,NA,NA,NA,NA,NA,NA
"356","2020-03-08",1,5,0,0,6960,0.507614942528736,2055,8504,634,950,NA,NA,NA,NA,NA,NA
"357","2020-03-09",0,5,0,0,6960,0.507614942528736,2055,8504,634,950,NA,NA,NA,NA,NA,NA
"358","2020-03-10",0,5,0,0,6960,0.507614942528736,2055,8504,634,950,NA,NA,8,8,NA,8
"359","2020-03-11",0,5,0,0,6960,0.507614942528736,2055,8504,634,950,27,27,40,48,1,40
"360","2020-03-12",0,5,0,0,6960,0.507614942528736,2055,8504,634,950,25,52,32,80,2,32
"361","2020-03-13",9,5,108,165,6960,0.507614942528736,2055,8504,634,950,32,84,54,134,9,54
"362","2020-03-14",24,5,104,223,6960,0.507614942528736,2055,8504,634,950,41,125,68,202,18,68
"363","2020-03-15",36,5,83,311,6960,0.507614942528736,2055,8504,634,950,47,172,52,254,20,52
"364","2020-03-16",42,5,98,380,6960,0.507614942528736,2055,8504,634,950,55,227,45,299,30,45
"365","2020-03-17",43,5,136,455,6960,0.507614942528736,2055,8504,634,950,60,287,56,355,36,56
"366","2020-03-18",60,5,161,565,6960,0.507614942528736,2055,8504,634,950,70,357,43,398,45,43
"367","2020-03-19",79,5,179,650,6960,0.507614942528736,2055,8504,634,950,86,443,31,429,67,31
"368","2020-03-20",136,5,189,757,6960,0.507614942528736,2055,8504,634,950,105,548,33,462,74,33
"369","2020-03-21",226,5,202,859,6960,0.507614942528736,2055,8504,634,950,107,655,24,486,90,24
"370","2020-03-22",232,5,191,961,6960,0.507614942528736,2055,8504,634,950,100,755,21,507,81,21
"371","2020-03-23",235,5,191,1067,6960,0.507614942528736,2055,8504,634,950,138,893,25,532,104,25
"372","2020-03-24",270,5,179,1143,6960,0.507614942528736,2055,8504,634,950,150,1043,34,566,127,34
"373","2020-03-25",299,5,161,1222,6960,0.507614942528736,2055,8504,634,950,135,1178,15,581,104,15
"374","2020-03-26",323,5,142,1292,6960,0.507614942528736,2055,8504,634,950,169,1347,26,607,146,26
"375","2020-03-27",410,5,134,1397,6960,0.507614942528736,2055,8504,634,950,175,1522,45,652,153,45
"376","2020-03-28",457,5,126,1438,6960,0.507614942528736,2055,8504,634,950,197,1719,32,684,171,32
"377","2020-03-29",471,5,164,1529,6960,0.507614942528736,2055,8504,634,950,198,1917,54,738,179,54
"378","2020-03-30",463,5,183,1551,6960,0.507614942528736,2055,8504,634,950,213,2130,31,769,181,31
"379","2020-03-31",477,5,195,1579,6960,0.507614942528736,2055,8504,634,950,179,2309,30,799,157,30
"380","2020-04-01",484,5,186,1635,6960,0.507614942528736,2055,8504,634,950,221,2530,27,826,194,27
"381","2020-04-02",508,5,213,1677,6960,0.507614942528736,2055,8504,634,950,225,2755,55,881,201,55
"382","2020-04-03",651,5,229,1694,6960,0.507614942528736,2055,8504,634,950,224,2979,35,916,204,35
"383","2020-04-04",601,5,228,1704,6960,0.507614942528736,2055,8504,634,950,213,3192,27,943,191,27
"384","2020-04-05",539,5,201,1692,6960,0.507614942528736,2055,8504,634,950,208,3400,15,958,186,15
"385","2020-04-06",552,5,196,1662,6960,0.507614942528736,2055,8504,634,950,201,3601,56,1014,178,56
"386","2020-04-07",546,5,191,1652,6960,0.507614942528736,2055,8504,634,950,212,3813,49,1063,182,49
"387","2020-04-08",549,5,189,1640,6960,0.507614942528736,2055,8504,634,950,200,4013,43,1106,176,43
"388","2020-04-09",540,5,184,1605,6960,0.507614942528736,2055,8504,634,950,155,4168,26,1132,135,26
"389","2020-04-10",514,5,202,1554,6960,0.507614942528736,2055,8504,634,950,205,4373,43,1175,189,43
"390","2020-04-11",514,5,200,1481,6960,0.507614942528736,2055,8504,634,950,149,4522,49,1224,132,49
"391","2020-04-12",477,5,171,1425,6960,0.507614942528736,2055,8504,634,950,149,4671,44,1268,138,44
"392","2020-04-13",458,5,143,1384,6960,0.507614942528736,2055,8504,634,950,127,4798,26,1294,116,26
"393","2020-04-14",460,5,148,1367,6960,0.507614942528736,2055,8504,634,950,104,4902,24,1318,90,24
"394","2020-04-15",455,5,146,1295,6960,0.507614942528736,2055,8504,634,950,121,5023,18,1336,107,18
"395","2020-04-16",432,5,168,1246,6960,0.507614942528736,2055,8504,634,950,99,5122,21,1357,87,21
"396","2020-04-17",410,5,170,1202,6960,0.507614942528736,2055,8504,634,950,106,5228,52,1409,87,52
"397","2020-04-18",417,5,203,1162,6960,0.507614942528736,2055,8504,634,950,80,5308,36,1445,64,36
"398","2020-04-19",406,5,189,1121,6960,0.507614942528736,2055,8504,634,950,84,5392,19,1464,68,19
"399","2020-04-20",409,5,177,1083,6960,0.507614942528736,2055,8504,634,950,70,5462,46,1510,58,46
"400","2020-04-21",379,5,169,1064,6960,0.507614942528736,2055,8504,634,950,59,5521,32,1542,39,32
"401","2020-04-22",354,5,150,1024,6960,0.507614942528736,2055,8504,634,950,67,5588,47,1589,61,47
"402","2020-04-23",363,5,141,983,6960,0.507614942528736,2055,8504,634,950,46,5634,43,1632,35,43
"403","2020-04-24",379,5,128,964,6960,0.507614942528736,2055,8504,634,950,49,5683,57,1689,37,57
"404","2020-04-25",344,5,139,929,6960,0.507614942528736,2055,8504,634,950,49,5732,31,1720,33,31
"405","2020-04-26",309,5,136,870,6960,0.507614942528736,2055,8504,634,950,37,5769,24,1744,25,24
"406","2020-04-27",287,5,139,834,6960,0.507614942528736,2055,8504,634,950,66,5835,26,1770,47,26
"407","2020-04-28",283,5,139,808,6960,0.507614942528736,2055,8504,634,950,43,5878,14,1784,34,14
"408","2020-04-29",289,5,143,778,6960,0.507614942528736,2055,8504,634,950,34,5912,18,1802,24,18
"409","2020-04-30",273,5,189,757,6960,0.507614942528736,2055,8504,634,950,27,5939,15,1817,19,15
"410","2020-05-01",257,5,172,723,6960,0.507614942528736,2055,8504,634,950,37,5976,16,1833,19,16
"411","2020-05-02",262,5,189,694,6960,0.507614942528736,2055,8504,634,950,31,6007,31,1864,25,31
"412","2020-05-03",237,5,224,664,6960,0.507614942528736,2055,8504,634,950,34,6041,29,1893,17,29
"413","2020-05-04",236,5,248,648,6960,0.507614942528736,2055,8504,634,950,22,6063,22,1915,16,22
"414","2020-05-05",231,5,260,622,6960,0.507614942528736,2055,8504,634,950,31,6094,21,1936,23,21
"415","2020-05-06",216,5,227,609,6960,0.507614942528736,2055,8504,634,950,27,6121,17,1953,13,17
"416","2020-05-07",213,5,231,583,6960,0.507614942528736,2055,8504,634,950,24,6145,27,1980,14,27
"417","2020-05-08",218,5,246,565,6960,0.507614942528736,2055,8504,634,950,25,6170,33,2013,10,33
"418","2020-05-09",217,5,229,547,6960,0.507614942528736,2055,8504,634,950,19,6189,35,2048,13,35
"419","2020-05-10",212,5,250,525,6960,0.507614942528736,2055,8504,634,950,19,6208,29,2077,11,29
"420","2020-05-11",204,5,238,511,6960,0.507614942528736,2055,8504,634,950,23,6231,34,2111,9,34
"421","2020-05-12",190,5,222,488,6960,0.507614942528736,2055,8504,634,950,17,6248,17,2128,11,17
"422","2020-05-13",193,5,194,463,6960,0.507614942528736,2055,8504,634,950,19,6267,32,2160,13,32
"423","2020-05-14",187,5,173,455,6960,0.507614942528736,2055,8504,634,950,8,6275,56,2216,3,56
"424","2020-05-15",164,5,161,436,6960,0.507614942528736,2055,8504,634,950,22,6297,30,2246,11,30
"425","2020-05-16",148,5,210,407,6960,0.507614942528736,2055,8504,634,950,12,6309,26,2272,7,26
"426","2020-05-17",135,5,247,373,6960,0.507614942528736,2055,8504,634,950,15,6324,24,2296,6,24
"427","2020-05-18",127,5,230,352,6960,0.507614942528736,2055,8504,634,950,9,6333,14,2310,2,14
"428","2020-05-19",118,5,224,336,6960,0.507614942528736,2055,8504,634,950,13,6346,19,2329,8,19
"429","2020-05-20",108,5,212,316,6960,0.507614942528736,2055,8504,634,950,8,6354,13,2342,4,13
"430","2020-05-21",99,5,216,306,6960,0.507614942528736,2055,8504,634,950,13,6367,58,2400,5,58
"431","2020-05-22",96,5,198,287,6960,0.507614942528736,2055,8504,634,950,12,6379,30,2430,5,30
"432","2020-05-23",90,5,183,261,6960,0.507614942528736,2055,8504,634,950,10,6389,60,2490,6,60
"433","2020-05-24",74,5,201,248,6960,0.507614942528736,2055,8504,634,950,10,6399,59,2549,4,59
"434","2020-05-25",72,5,199,243,6960,0.507614942528736,2055,8504,634,950,5,6404,37,2586,3,37
"435","2020-05-26",69,5,205,234,6960,0.507614942528736,2055,8504,634,950,3,6407,27,2613,1,27
"436","2020-05-27",71,5,207,235,6960,0.507614942528736,2055,8504,634,950,14,6421,23,2636,5,23
"437","2020-05-28",66,5,214,228,6960,0.507614942528736,2055,8504,634,950,5,6426,33,2669,2,33
"438","2020-05-29",56,5,199,221,6960,0.507614942528736,2055,8504,634,950,12,6438,25,2694,7,25
"439","2020-05-30",64,5,174,218,6960,0.507614942528736,2055,8504,634,950,6,6444,16,2710,3,16
"440","2020-05-31",84,5,160,212,6960,0.507614942528736,2055,8504,634,950,4,6448,45,2755,2,45
"441","2020-06-01",82,5,163,214,6960,0.507614942528736,2055,8504,634,950,8,6456,38,2793,3,38
"442","2020-06-02",72,5,160,218,6960,0.507614942528736,2055,8504,634,950,6,6462,26,2819,2,26
"443","2020-06-03",69,5,166,224,6960,0.507614942528736,2055,8504,634,950,3,6465,27,2846,1,27
"444","2020-06-04",73,5,183,218,6960,0.507614942528736,2055,8504,634,950,5,6470,38,2884,1,38
"445","2020-06-05",75,5,179,195,6960,0.507614942528736,2055,8504,634,950,9,6479,32,2916,4,32
"446","2020-06-06",75,5,178,188,6960,0.507614942528736,2055,8504,634,950,3,6482,54,2970,1,54
"447","2020-06-07",55,5,162,173,6960,0.507614942528736,2055,8504,634,950,5,6487,30,3000,3,30
"448","2020-03-11",1,6,61,36,7133,0.630029440628067,2160,9201,629,1908,51,51,36,47,NA,36
"449","2020-03-12",1,6,159,79,7133,0.630029440628067,2160,9201,629,1908,56,107,26,73,4,26
"450","2020-03-13",3,6,225,146,7133,0.630029440628067,2160,9201,629,1908,62,169,11,84,10,11
"451","2020-03-14",6,6,280,216,7133,0.630029440628067,2160,9201,629,1908,70,239,14,98,18,14
"452","2020-03-15",30,6,256,310,7133,0.630029440628067,2160,9201,629,1908,68,307,43,141,21,43
"453","2020-03-16",42,6,245,392,7133,0.630029440628067,2160,9201,629,1908,96,403,26,167,46,26
"454","2020-03-17",45,6,226,494,7133,0.630029440628067,2160,9201,629,1908,98,501,12,179,51,12
"455","2020-03-18",57,6,218,584,7133,0.630029440628067,2160,9201,629,1908,90,591,17,196,47,17
"456","2020-03-19",73,6,193,650,7133,0.630029440628067,2160,9201,629,1908,91,682,52,248,55,52
"457","2020-03-20",131,6,203,750,7133,0.630029440628067,2160,9201,629,1908,106,788,58,306,64,58
"458","2020-03-21",219,6,190,855,7133,0.630029440628067,2160,9201,629,1908,121,909,29,335,76,29
"459","2020-03-22",221,6,176,941,7133,0.630029440628067,2160,9201,629,1908,134,1043,55,390,81,55
"460","2020-03-23",232,6,175,1027,7133,0.630029440628067,2160,9201,629,1908,162,1205,41,431,105,41
"461","2020-03-24",259,6,168,1130,7133,0.630029440628067,2160,9201,629,1908,172,1377,20,451,112,20
"462","2020-03-25",284,6,177,1210,7133,0.630029440628067,2160,9201,629,1908,164,1541,46,497,105,46
"463","2020-03-26",314,6,169,1309,7133,0.630029440628067,2160,9201,629,1908,162,1703,29,526,115,29
"464","2020-03-27",425,6,202,1388,7133,0.630029440628067,2160,9201,629,1908,204,1907,26,552,158,26
"465","2020-03-28",471,6,222,1416,7133,0.630029440628067,2160,9201,629,1908,154,2061,26,578,110,26
"466","2020-03-29",458,6,236,1486,7133,0.630029440628067,2160,9201,629,1908,171,2232,24,602,123,24
"467","2020-03-30",450,6,212,1533,7133,0.630029440628067,2160,9201,629,1908,162,2394,46,648,122,46
"468","2020-03-31",455,6,182,1565,7133,0.630029440628067,2160,9201,629,1908,170,2564,27,675,122,27
"469","2020-04-01",488,6,172,1585,7133,0.630029440628067,2160,9201,629,1908,198,2762,24,699,146,24
"470","2020-04-02",494,6,201,1608,7133,0.630029440628067,2160,9201,629,1908,165,2927,35,734,120,35
"471","2020-04-03",592,6,189,1592,7133,0.630029440628067,2160,9201,629,1908,208,3135,56,790,162,56
"472","2020-04-04",562,6,168,1579,7133,0.630029440628067,2160,9201,629,1908,181,3316,28,818,126,28
"473","2020-04-05",524,6,169,1595,7133,0.630029440628067,2160,9201,629,1908,178,3494,24,842,131,24
"474","2020-04-06",521,6,176,1591,7133,0.630029440628067,2160,9201,629,1908,155,3649,23,865,110,23
"475","2020-04-07",534,6,208,1562,7133,0.630029440628067,2160,9201,629,1908,137,3786,10,875,106,10
"476","2020-04-08",515,6,232,1545,7133,0.630029440628067,2160,9201,629,1908,165,3951,27,902,125,27
"477","2020-04-09",505,6,275,1514,7133,0.630029440628067,2160,9201,629,1908,105,4056,28,930,65,28
"478","2020-04-10",512,6,271,1483,7133,0.630029440628067,2160,9201,629,1908,126,4182,24,954,88,24
"479","2020-04-11",492,6,243,1459,7133,0.630029440628067,2160,9201,629,1908,126,4308,40,994,83,40
"480","2020-04-12",473,6,238,1404,7133,0.630029440628067,2160,9201,629,1908,93,4401,28,1022,66,28
"481","2020-04-13",477,6,224,1373,7133,0.630029440628067,2160,9201,629,1908,92,4493,54,1076,60,54
"482","2020-04-14",452,6,206,1373,7133,0.630029440628067,2160,9201,629,1908,92,4585,38,1114,56,38
"483","2020-04-15",455,6,184,1338,7133,0.630029440628067,2160,9201,629,1908,107,4692,61,1175,68,61
"484","2020-04-16",460,6,188,1300,7133,0.630029440628067,2160,9201,629,1908,84,4776,56,1231,62,56
"485","2020-04-17",443,6,197,1243,7133,0.630029440628067,2160,9201,629,1908,81,4857,34,1265,45,34
"486","2020-04-18",452,6,185,1224,7133,0.630029440628067,2160,9201,629,1908,90,4947,31,1296,63,31
"487","2020-04-19",451,6,176,1183,7133,0.630029440628067,2160,9201,629,1908,58,5005,31,1327,33,31
"488","2020-04-20",429,6,157,1165,7133,0.630029440628067,2160,9201,629,1908,72,5077,18,1345,44,18
"489","2020-04-21",432,6,152,1148,7133,0.630029440628067,2160,9201,629,1908,56,5133,16,1361,24,16
"490","2020-04-22",422,6,193,1116,7133,0.630029440628067,2160,9201,629,1908,78,5211,15,1376,45,15
"491","2020-04-23",406,6,263,1062,7133,0.630029440628067,2160,9201,629,1908,66,5277,23,1399,34,23
"492","2020-04-24",422,6,272,1034,7133,0.630029440628067,2160,9201,629,1908,55,5332,34,1433,30,34
"493","2020-04-25",405,6,308,993,7133,0.630029440628067,2160,9201,629,1908,68,5400,24,1457,34,24
"494","2020-04-26",345,6,286,969,7133,0.630029440628067,2160,9201,629,1908,60,5460,41,1498,31,41
"495","2020-04-27",344,6,254,928,7133,0.630029440628067,2160,9201,629,1908,61,5521,18,1516,32,18
"496","2020-04-28",320,6,247,877,7133,0.630029440628067,2160,9201,629,1908,46,5567,22,1538,22,22
"497","2020-04-29",298,6,254,858,7133,0.630029440628067,2160,9201,629,1908,51,5618,15,1553,25,15
"498","2020-04-30",305,6,265,830,7133,0.630029440628067,2160,9201,629,1908,51,5669,20,1573,30,20
"499","2020-05-01",279,6,277,796,7133,0.630029440628067,2160,9201,629,1908,49,5718,34,1607,24,34
"500","2020-05-02",281,6,248,769,7133,0.630029440628067,2160,9201,629,1908,37,5755,17,1624,17,17
"501","2020-05-03",254,6,250,726,7133,0.630029440628067,2160,9201,629,1908,44,5799,11,1635,17,11
"502","2020-05-04",248,6,270,720,7133,0.630029440628067,2160,9201,629,1908,43,5842,14,1649,17,14
"503","2020-05-05",234,6,266,702,7133,0.630029440628067,2160,9201,629,1908,43,5885,22,1671,17,22
"504","2020-05-06",235,6,246,667,7133,0.630029440628067,2160,9201,629,1908,39,5924,51,1722,15,51
"505","2020-05-07",228,6,235,638,7133,0.630029440628067,2160,9201,629,1908,28,5952,32,1754,12,32
"506","2020-05-08",238,6,193,624,7133,0.630029440628067,2160,9201,629,1908,38,5990,16,1770,13,16
"507","2020-05-09",230,6,186,596,7133,0.630029440628067,2160,9201,629,1908,30,6020,17,1787,15,17
"508","2020-05-10",213,6,198,579,7133,0.630029440628067,2160,9201,629,1908,28,6048,15,1802,13,15
"509","2020-05-11",197,6,172,551,7133,0.630029440628067,2160,9201,629,1908,30,6078,35,1837,10,35
"510","2020-05-12",198,6,164,524,7133,0.630029440628067,2160,9201,629,1908,28,6106,29,1866,10,29
"511","2020-05-13",191,6,148,500,7133,0.630029440628067,2160,9201,629,1908,23,6129,21,1887,10,21
"512","2020-05-14",184,6,147,474,7133,0.630029440628067,2160,9201,629,1908,34,6163,19,1906,14,19
"513","2020-05-15",176,6,152,443,7133,0.630029440628067,2160,9201,629,1908,23,6186,12,1918,7,12
"514","2020-05-16",194,6,166,423,7133,0.630029440628067,2160,9201,629,1908,20,6206,18,1936,7,18
"515","2020-05-17",187,6,181,415,7133,0.630029440628067,2160,9201,629,1908,25,6231,18,1954,9,18
"516","2020-05-18",173,6,202,401,7133,0.630029440628067,2160,9201,629,1908,20,6251,26,1980,8,26
"517","2020-05-19",175,6,229,382,7133,0.630029440628067,2160,9201,629,1908,23,6274,47,2027,7,47
"518","2020-05-20",172,6,245,373,7133,0.630029440628067,2160,9201,629,1908,19,6293,28,2055,3,28
"519","2020-05-21",156,6,245,372,7133,0.630029440628067,2160,9201,629,1908,18,6311,18,2073,4,18
"520","2020-05-22",154,6,217,355,7133,0.630029440628067,2160,9201,629,1908,13,6324,42,2115,5,42
"521","2020-05-23",135,6,203,329,7133,0.630029440628067,2160,9201,629,1908,15,6339,49,2164,6,49
"522","2020-05-24",118,6,213,309,7133,0.630029440628067,2160,9201,629,1908,13,6352,56,2220,4,56
"523","2020-05-25",111,6,199,289,7133,0.630029440628067,2160,9201,629,1908,15,6367,32,2252,1,32
"524","2020-05-26",100,6,193,281,7133,0.630029440628067,2160,9201,629,1908,16,6383,16,2268,3,16
"525","2020-05-27",98,6,200,282,7133,0.630029440628067,2160,9201,629,1908,11,6394,39,2307,2,39
"526","2020-05-28",96,6,243,267,7133,0.630029440628067,2160,9201,629,1908,17,6411,29,2336,5,29
"527","2020-05-29",82,6,253,246,7133,0.630029440628067,2160,9201,629,1908,16,6427,26,2362,8,26
"528","2020-05-30",88,6,250,239,7133,0.630029440628067,2160,9201,629,1908,12,6439,40,2402,5,40
"529","2020-05-31",86,6,254,240,7133,0.630029440628067,2160,9201,629,1908,11,6450,16,2418,3,16
"530","2020-06-01",84,6,222,226,7133,0.630029440628067,2160,9201,629,1908,19,6469,15,2433,6,15
"531","2020-06-02",82,6,186,215,7133,0.630029440628067,2160,9201,629,1908,11,6480,8,2441,4,8
"532","2020-06-03",76,6,177,198,7133,0.630029440628067,2160,9201,629,1908,11,6491,43,2484,5,43
"533","2020-06-04",75,6,157,187,7133,0.630029440628067,2160,9201,629,1908,9,6500,25,2509,4,25
"534","2020-06-05",72,6,159,171,7133,0.630029440628067,2160,9201,629,1908,12,6512,60,2569,3,60
"535","2020-06-06",77,6,155,169,7133,0.630029440628067,2160,9201,629,1908,10,6522,40,2609,4,40
"536","2020-06-07",66,6,191,169,7133,0.630029440628067,2160,9201,629,1908,8,6530,62,2671,3,62
"537","2020-03-12",2,7,53,183,8231,0.285384521929292,1950,8975,889,829,24,47,65,127,1,65
"538","2020-03-13",6,7,80,265,8231,0.285384521929292,1950,8975,889,829,38,85,28,155,11,28
"539","2020-03-14",18,7,111,352,8231,0.285384521929292,1950,8975,889,829,37,122,20,175,17,20
"540","2020-03-15",72,7,125,458,8231,0.285384521929292,1950,8975,889,829,39,161,14,189,18,14
"541","2020-03-16",85,7,142,574,8231,0.285384521929292,1950,8975,889,829,58,219,51,240,34,51
"542","2020-03-17",95,7,143,696,8231,0.285384521929292,1950,8975,889,829,57,276,46,286,35,46
"543","2020-03-18",113,7,155,815,8231,0.285384521929292,1950,8975,889,829,77,353,24,310,51,24
"544","2020-03-19",132,7,147,923,8231,0.285384521929292,1950,8975,889,829,64,417,19,329,45,19
"545","2020-03-20",230,7,140,994,8231,0.285384521929292,1950,8975,889,829,86,503,16,345,58,16
"546","2020-03-21",327,7,151,1104,8231,0.285384521929292,1950,8975,889,829,97,600,7,352,71,7
"547","2020-03-22",311,7,179,1191,8231,0.285384521929292,1950,8975,889,829,107,707,7,359,83,7
"548","2020-03-23",326,7,204,1276,8231,0.285384521929292,1950,8975,889,829,106,813,11,370,86,11
"549","2020-03-24",345,7,186,1314,8231,0.285384521929292,1950,8975,889,829,118,931,23,393,86,23
"550","2020-03-25",377,7,172,1400,8231,0.285384521929292,1950,8975,889,829,123,1054,11,404,98,11
"551","2020-03-26",408,7,192,1465,8231,0.285384521929292,1950,8975,889,829,155,1209,13,417,127,13
"552","2020-03-27",494,7,191,1485,8231,0.285384521929292,1950,8975,889,829,145,1354,50,467,120,50
"553","2020-03-28",472,7,169,1528,8231,0.285384521929292,1950,8975,889,829,147,1501,21,488,130,21
"554","2020-03-29",485,7,171,1539,8231,0.285384521929292,1950,8975,889,829,142,1643,59,547,115,59
"555","2020-03-30",486,7,190,1570,8231,0.285384521929292,1950,8975,889,829,168,1811,27,574,147,27
"556","2020-03-31",485,7,215,1562,8231,0.285384521929292,1950,8975,889,829,173,1984,12,586,142,12
"557","2020-04-01",473,7,206,1585,8231,0.285384521929292,1950,8975,889,829,163,2147,4,590,142,4
"558","2020-04-02",477,7,193,1614,8231,0.285384521929292,1950,8975,889,829,142,2289,7,597,120,7
"559","2020-04-03",562,7,200,1638,8231,0.285384521929292,1950,8975,889,829,203,2492,2,599,175,2
"560","2020-04-04",558,7,216,1640,8231,0.285384521929292,1950,8975,889,829,162,2654,4,603,138,4
"561","2020-04-05",522,7,224,1639,8231,0.285384521929292,1950,8975,889,829,180,2834,6,609,151,6
"562","2020-04-06",524,7,236,1625,8231,0.285384521929292,1950,8975,889,829,175,3009,23,632,154,23
"563","2020-04-07",515,7,249,1626,8231,0.285384521929292,1950,8975,889,829,163,3172,11,643,145,11
"564","2020-04-08",530,7,277,1608,8231,0.285384521929292,1950,8975,889,829,196,3368,8,651,172,8
"565","2020-04-09",551,7,284,1596,8231,0.285384521929292,1950,8975,889,829,172,3540,2,653,142,2
"566","2020-04-10",546,7,262,1598,8231,0.285384521929292,1950,8975,889,829,140,3680,7,660,114,7
"567","2020-04-11",532,7,257,1559,8231,0.285384521929292,1950,8975,889,829,159,3839,59,719,136,59
"568","2020-04-12",523,7,248,1511,8231,0.285384521929292,1950,8975,889,829,149,3988,26,745,140,26
"569","2020-04-13",516,7,234,1449,8231,0.285384521929292,1950,8975,889,829,133,4121,47,792,118,47
"570","2020-04-14",517,7,206,1416,8231,0.285384521929292,1950,8975,889,829,130,4251,40,832,112,40
"571","2020-04-15",512,7,191,1395,8231,0.285384521929292,1950,8975,889,829,118,4369,16,848,98,16
"572","2020-04-16",484,7,174,1347,8231,0.285384521929292,1950,8975,889,829,121,4490,13,861,103,13
"573","2020-04-17",488,7,168,1308,8231,0.285384521929292,1950,8975,889,829,118,4608,12,873,102,12
"574","2020-04-18",482,7,177,1281,8231,0.285384521929292,1950,8975,889,829,86,4694,29,902,72,29
"575","2020-04-19",406,7,235,1233,8231,0.285384521929292,1950,8975,889,829,106,4800,49,951,88,49
"576","2020-04-20",388,7,232,1210,8231,0.285384521929292,1950,8975,889,829,69,4869,35,986,56,35
"577","2020-04-21",383,7,246,1179,8231,0.285384521929292,1950,8975,889,829,61,4930,13,999,48,13
"578","2020-04-22",363,7,253,1135,8231,0.285384521929292,1950,8975,889,829,70,5000,7,1006,57,7
"579","2020-04-23",345,7,264,1131,8231,0.285384521929292,1950,8975,889,829,64,5064,6,1012,46,6
"580","2020-04-24",361,7,269,1109,8231,0.285384521929292,1950,8975,889,829,84,5148,19,1031,59,19
"581","2020-04-25",384,7,308,1066,8231,0.285384521929292,1950,8975,889,829,51,5199,33,1064,41,33
"582","2020-04-26",350,7,341,1050,8231,0.285384521929292,1950,8975,889,829,69,5268,42,1106,50,42
"583","2020-04-27",351,7,331,1020,8231,0.285384521929292,1950,8975,889,829,51,5319,22,1128,39,22
"584","2020-04-28",325,7,334,980,8231,0.285384521929292,1950,8975,889,829,44,5363,7,1135,30,7
"585","2020-04-29",326,7,302,939,8231,0.285384521929292,1950,8975,889,829,47,5410,15,1150,28,15
"586","2020-04-30",326,7,266,917,8231,0.285384521929292,1950,8975,889,829,47,5457,9,1159,35,9
"587","2020-05-01",289,7,235,890,8231,0.285384521929292,1950,8975,889,829,40,5497,28,1187,25,28
"588","2020-05-02",260,7,205,854,8231,0.285384521929292,1950,8975,889,829,38,5535,20,1207,22,20
"589","2020-05-03",271,7,240,816,8231,0.285384521929292,1950,8975,889,829,40,5575,8,1215,25,8
"590","2020-05-04",262,7,278,813,8231,0.285384521929292,1950,8975,889,829,42,5617,4,1219,31,4
"591","2020-05-05",251,7,286,789,8231,0.285384521929292,1950,8975,889,829,26,5643,30,1249,13,30
"592","2020-05-06",253,7,288,760,8231,0.285384521929292,1950,8975,889,829,34,5677,34,1283,21,34
"593","2020-05-07",246,7,280,730,8231,0.285384521929292,1950,8975,889,829,26,5703,33,1316,19,33
"594","2020-05-08",262,7,274,705,8231,0.285384521929292,1950,8975,889,829,33,5736,16,1332,17,16
"595","2020-05-09",281,7,255,694,8231,0.285384521929292,1950,8975,889,829,26,5762,10,1342,12,10
"596","2020-05-10",241,7,232,682,8231,0.285384521929292,1950,8975,889,829,24,5786,4,1346,14,4
"597","2020-05-11",230,7,206,655,8231,0.285384521929292,1950,8975,889,829,35,5821,10,1356,16,10
"598","2020-05-12",229,7,187,630,8231,0.285384521929292,1950,8975,889,829,30,5851,7,1363,20,7
"599","2020-05-13",221,7,185,599,8231,0.285384521929292,1950,8975,889,829,25,5876,47,1410,13,47
"600","2020-05-14",216,7,196,578,8231,0.285384521929292,1950,8975,889,829,31,5907,42,1452,17,42
"601","2020-05-15",203,7,216,569,8231,0.285384521929292,1950,8975,889,829,17,5924,19,1471,8,19
"602","2020-05-16",186,7,239,543,8231,0.285384521929292,1950,8975,889,829,21,5945,13,1484,13,13
"603","2020-05-17",188,7,273,528,8231,0.285384521929292,1950,8975,889,829,19,5964,10,1494,13,10
"604","2020-05-18",178,7,263,506,8231,0.285384521929292,1950,8975,889,829,18,5982,11,1505,13,11
"605","2020-05-19",169,7,232,480,8231,0.285384521929292,1950,8975,889,829,21,6003,20,1525,14,20
"606","2020-05-20",165,7,217,466,8231,0.285384521929292,1950,8975,889,829,14,6017,9,1534,7,9
"607","2020-05-21",162,7,216,440,8231,0.285384521929292,1950,8975,889,829,16,6033,14,1548,9,14
"608","2020-05-22",154,7,194,408,8231,0.285384521929292,1950,8975,889,829,18,6051,7,1555,7,7
"609","2020-05-23",154,7,173,386,8231,0.285384521929292,1950,8975,889,829,9,6060,9,1564,6,9
"610","2020-05-24",143,7,141,362,8231,0.285384521929292,1950,8975,889,829,16,6076,32,1596,4,32
"611","2020-05-25",142,7,141,344,8231,0.285384521929292,1950,8975,889,829,11,6087,22,1618,7,22
"612","2020-05-26",135,7,135,331,8231,0.285384521929292,1950,8975,889,829,17,6104,16,1634,10,16
"613","2020-05-27",124,7,129,320,8231,0.285384521929292,1950,8975,889,829,12,6116,27,1661,9,27
"614","2020-05-28",125,7,161,314,8231,0.285384521929292,1950,8975,889,829,10,6126,41,1702,3,41
"615","2020-05-29",111,7,152,298,8231,0.285384521929292,1950,8975,889,829,14,6140,62,1764,7,62
"616","2020-05-30",115,7,185,289,8231,0.285384521929292,1950,8975,889,829,14,6154,46,1810,8,46
"617","2020-05-31",100,7,187,275,8231,0.285384521929292,1950,8975,889,829,9,6163,14,1824,6,14
"618","2020-06-01",89,7,186,264,8231,0.285384521929292,1950,8975,889,829,8,6171,12,1836,3,12
"619","2020-06-02",89,7,177,242,8231,0.285384521929292,1950,8975,889,829,13,6184,8,1844,4,8
"620","2020-06-03",92,7,171,232,8231,0.285384521929292,1950,8975,889,829,13,6197,9,1853,4,9
"621","2020-06-04",88,7,165,226,8231,0.285384521929292,1950,8975,889,829,7,6204,6,1859,4,6
"622","2020-06-05",83,7,178,196,8231,0.285384521929292,1950,8975,889,829,5,6209,7,1866,2,7
"623","2020-06-06",76,7,171,177,8231,0.285384521929292,1950,8975,889,829,9,6218,51,1917,6,51
"624","2020-06-07",78,7,156,170,8231,0.285384521929292,1950,8975,889,829,9,6227,23,1940,2,23
"625","2020-03-12",1,8,125,117,7653,0.479289167646675,2055,8730,703,2202,59,101,29,64,1,29
"626","2020-03-13",4,8,151,183,7653,0.479289167646675,2055,8730,703,2202,54,155,24,88,7,24
"627","2020-03-14",12,8,186,262,7653,0.479289167646675,2055,8730,703,2202,55,210,17,105,11,17
"628","2020-03-15",34,8,207,347,7653,0.479289167646675,2055,8730,703,2202,69,279,12,117,19,12
"629","2020-03-16",45,8,249,467,7653,0.479289167646675,2055,8730,703,2202,72,351,10,127,25,10
"630","2020-03-17",54,8,247,563,7653,0.479289167646675,2055,8730,703,2202,90,441,14,141,40,14
"631","2020-03-18",69,8,250,683,7653,0.479289167646675,2055,8730,703,2202,76,517,14,155,35,14
"632","2020-03-19",99,8,252,782,7653,0.479289167646675,2055,8730,703,2202,105,622,17,172,49,17
"633","2020-03-20",171,8,241,929,7653,0.479289167646675,2055,8730,703,2202,86,708,44,216,46,44
"634","2020-03-21",237,8,243,1023,7653,0.479289167646675,2055,8730,703,2202,106,814,44,260,57,44
"635","2020-03-22",295,8,263,1150,7653,0.479289167646675,2055,8730,703,2202,102,916,25,285,56,25
"636","2020-03-23",296,8,271,1275,7653,0.479289167646675,2055,8730,703,2202,111,1027,25,310,68,25
"637","2020-03-24",308,8,265,1359,7653,0.479289167646675,2055,8730,703,2202,111,1138,57,367,71,57
"638","2020-03-25",343,8,243,1451,7653,0.479289167646675,2055,8730,703,2202,114,1252,58,425,60,58
"639","2020-03-26",368,8,238,1539,7653,0.479289167646675,2055,8730,703,2202,112,1364,65,490,57,65
"640","2020-03-27",517,8,227,1657,7653,0.479289167646675,2055,8730,703,2202,120,1484,50,540,72,50
"641","2020-03-28",530,8,227,1703,7653,0.479289167646675,2055,8730,703,2202,138,1622,58,598,80,58
"642","2020-03-29",523,8,252,1732,7653,0.479289167646675,2055,8730,703,2202,125,1747,50,648,71,50
"643","2020-03-30",563,8,247,1799,7653,0.479289167646675,2055,8730,703,2202,105,1852,45,693,66,45
"644","2020-03-31",560,8,244,1796,7653,0.479289167646675,2055,8730,703,2202,126,1978,62,755,77,62
"645","2020-04-01",577,8,251,1774,7653,0.479289167646675,2055,8730,703,2202,122,2100,36,791,60,36
"646","2020-04-02",592,8,274,1794,7653,0.479289167646675,2055,8730,703,2202,111,2211,22,813,67,22
"647","2020-04-03",652,8,263,1806,7653,0.479289167646675,2055,8730,703,2202,122,2333,47,860,65,47
"648","2020-04-04",660,8,257,1782,7653,0.479289167646675,2055,8730,703,2202,128,2461,51,911,82,51
"649","2020-04-05",599,8,245,1773,7653,0.479289167646675,2055,8730,703,2202,122,2583,47,958,75,47
"650","2020-04-06",579,8,236,1724,7653,0.479289167646675,2055,8730,703,2202,99,2682,25,983,62,25
"651","2020-04-07",571,8,228,1703,7653,0.479289167646675,2055,8730,703,2202,115,2797,31,1014,66,31
"652","2020-04-08",572,8,208,1702,7653,0.479289167646675,2055,8730,703,2202,120,2917,21,1035,69,21
"653","2020-04-09",551,8,209,1661,7653,0.479289167646675,2055,8730,703,2202,106,3023,31,1066,59,31
"654","2020-04-10",558,8,222,1620,7653,0.479289167646675,2055,8730,703,2202,103,3126,28,1094,63,28
"655","2020-04-11",548,8,252,1565,7653,0.479289167646675,2055,8730,703,2202,118,3244,41,1135,69,41
"656","2020-04-12",520,8,265,1550,7653,0.479289167646675,2055,8730,703,2202,97,3341,30,1165,44,30
"657","2020-04-13",507,8,307,1496,7653,0.479289167646675,2055,8730,703,2202,102,3443,13,1178,60,13
"658","2020-04-14",494,8,311,1431,7653,0.479289167646675,2055,8730,703,2202,93,3536,25,1203,56,25
"659","2020-04-15",468,8,307,1389,7653,0.479289167646675,2055,8730,703,2202,97,3633,15,1218,54,15
"660","2020-04-16",461,8,312,1336,7653,0.479289167646675,2055,8730,703,2202,79,3712,49,1267,24,49
"661","2020-04-17",460,8,286,1294,7653,0.479289167646675,2055,8730,703,2202,104,3816,39,1306,54,39
"662","2020-04-18",456,8,286,1269,7653,0.479289167646675,2055,8730,703,2202,103,3919,54,1360,53,54
"663","2020-04-19",401,8,266,1215,7653,0.479289167646675,2055,8730,703,2202,58,3977,29,1389,35,29
"664","2020-04-20",390,8,270,1173,7653,0.479289167646675,2055,8730,703,2202,97,4074,37,1426,44,37
"665","2020-04-21",377,8,277,1120,7653,0.479289167646675,2055,8730,703,2202,78,4152,57,1483,30,57
"666","2020-04-22",373,8,285,1080,7653,0.479289167646675,2055,8730,703,2202,85,4237,30,1513,45,30
"667","2020-04-23",361,8,294,1042,7653,0.479289167646675,2055,8730,703,2202,76,4313,63,1576,26,63
"668","2020-04-24",350,8,293,1010,7653,0.479289167646675,2055,8730,703,2202,68,4381,46,1622,32,46
"669","2020-04-25",349,8,301,965,7653,0.479289167646675,2055,8730,703,2202,57,4438,48,1670,29,48
"670","2020-04-26",316,8,290,914,7653,0.479289167646675,2055,8730,703,2202,55,4493,51,1721,23,51
"671","2020-04-27",310,8,300,864,7653,0.479289167646675,2055,8730,703,2202,67,4560,55,1776,29,55
"672","2020-04-28",316,8,295,824,7653,0.479289167646675,2055,8730,703,2202,58,4618,32,1808,24,32
"673","2020-04-29",301,8,291,770,7653,0.479289167646675,2055,8730,703,2202,53,4671,35,1843,18,35
"674","2020-04-30",291,8,288,748,7653,0.479289167646675,2055,8730,703,2202,55,4726,25,1868,26,25
"675","2020-05-01",277,8,290,732,7653,0.479289167646675,2055,8730,703,2202,57,4783,22,1890,24,22
"676","2020-05-02",258,8,303,720,7653,0.479289167646675,2055,8730,703,2202,49,4832,50,1940,24,50
"677","2020-05-03",255,8,296,691,7653,0.479289167646675,2055,8730,703,2202,38,4870,47,1987,16,47
"678","2020-05-04",242,8,316,680,7653,0.479289167646675,2055,8730,703,2202,58,4928,38,2025,19,38
"679","2020-05-05",219,8,316,641,7653,0.479289167646675,2055,8730,703,2202,52,4980,30,2055,21,30
"680","2020-05-06",219,8,315,627,7653,0.479289167646675,2055,8730,703,2202,49,5029,29,2084,15,29
"681","2020-05-07",223,8,339,607,7653,0.479289167646675,2055,8730,703,2202,36,5065,35,2119,8,35
"682","2020-05-08",221,8,377,584,7653,0.479289167646675,2055,8730,703,2202,44,5109,51,2170,18,51
"683","2020-05-09",219,8,359,570,7653,0.479289167646675,2055,8730,703,2202,37,5146,51,2221,14,51
"684","2020-05-10",187,8,349,553,7653,0.479289167646675,2055,8730,703,2202,36,5182,63,2284,9,63
"685","2020-05-11",179,8,309,538,7653,0.479289167646675,2055,8730,703,2202,37,5219,27,2311,7,27
"686","2020-05-12",166,8,301,514,7653,0.479289167646675,2055,8730,703,2202,40,5259,25,2336,19,25
"687","2020-05-13",162,8,305,479,7653,0.479289167646675,2055,8730,703,2202,34,5293,24,2360,8,24
"688","2020-05-14",152,8,284,458,7653,0.479289167646675,2055,8730,703,2202,36,5329,47,2407,11,47
"689","2020-05-15",140,8,284,424,7653,0.479289167646675,2055,8730,703,2202,31,5360,29,2436,10,29
"690","2020-05-16",145,8,271,399,7653,0.479289167646675,2055,8730,703,2202,30,5390,26,2462,8,26
"691","2020-05-17",134,8,264,382,7653,0.479289167646675,2055,8730,703,2202,28,5418,22,2484,6,22
"692","2020-05-18",122,8,266,364,7653,0.479289167646675,2055,8730,703,2202,19,5437,14,2498,4,14
"693","2020-05-19",118,8,292,347,7653,0.479289167646675,2055,8730,703,2202,27,5464,10,2508,7,10
"694","2020-05-20",110,8,324,345,7653,0.479289167646675,2055,8730,703,2202,30,5494,60,2568,9,60
"695","2020-05-21",114,8,329,335,7653,0.479289167646675,2055,8730,703,2202,31,5525,46,2614,6,46
"696","2020-05-22",113,8,303,311,7653,0.479289167646675,2055,8730,703,2202,24,5549,32,2646,9,32
"697","2020-05-23",118,8,284,304,7653,0.479289167646675,2055,8730,703,2202,24,5573,22,2668,7,22
"698","2020-05-24",106,8,283,290,7653,0.479289167646675,2055,8730,703,2202,19,5592,19,2687,5,19
"699","2020-05-25",106,8,286,279,7653,0.479289167646675,2055,8730,703,2202,20,5612,37,2724,8,37
"700","2020-05-26",108,8,274,259,7653,0.479289167646675,2055,8730,703,2202,24,5636,43,2767,10,43
"701","2020-05-27",104,8,267,247,7653,0.479289167646675,2055,8730,703,2202,15,5651,39,2806,4,39
"702","2020-05-28",94,8,251,239,7653,0.479289167646675,2055,8730,703,2202,28,5679,38,2844,8,38
"703","2020-05-29",89,8,280,226,7653,0.479289167646675,2055,8730,703,2202,16,5695,38,2882,4,38
"704","2020-05-30",81,8,305,211,7653,0.479289167646675,2055,8730,703,2202,18,5713,40,2922,4,40
"705","2020-05-31",80,8,295,200,7653,0.479289167646675,2055,8730,703,2202,14,5727,26,2948,3,26
"706","2020-06-01",73,8,294,193,7653,0.479289167646675,2055,8730,703,2202,11,5738,28,2976,3,28
"707","2020-06-02",70,8,277,201,7653,0.479289167646675,2055,8730,703,2202,17,5755,23,2999,5,23
"708","2020-06-03",67,8,284,196,7653,0.479289167646675,2055,8730,703,2202,22,5777,17,3016,5,17
"709","2020-06-04",65,8,286,180,7653,0.479289167646675,2055,8730,703,2202,30,5807,12,3028,8,12
"710","2020-06-05",60,8,297,183,7653,0.479289167646675,2055,8730,703,2202,16,5823,14,3042,3,14
"711","2020-06-06",59,8,291,177,7653,0.479289167646675,2055,8730,703,2202,13,5836,39,3081,5,39
"712","2020-06-07",48,8,292,168,7653,0.479289167646675,2055,8730,703,2202,16,5852,19,3100,6,19
"713","2020-03-13",1,9,102,68,6787,0.894356858700457,2070,7761,791,1379,22,55,16,123,13,16
"714","2020-03-14",8,9,116,96,6787,0.894356858700457,2070,7761,791,1379,28,83,21,144,17,21
"715","2020-03-15",16,9,142,134,6787,0.894356858700457,2070,7761,791,1379,32,115,63,207,24,63
"716","2020-03-16",15,9,152,180,6787,0.894356858700457,2070,7761,791,1379,39,154,31,238,29,31
"717","2020-03-17",16,9,139,239,6787,0.894356858700457,2070,7761,791,1379,41,195,16,254,35,16
"718","2020-03-18",25,9,132,287,6787,0.894356858700457,2070,7761,791,1379,62,257,26,280,49,26
"719","2020-03-19",34,9,120,358,6787,0.894356858700457,2070,7761,791,1379,56,313,63,343,44,63
"720","2020-03-20",67,9,119,442,6787,0.894356858700457,2070,7761,791,1379,69,382,34,377,55,34
"721","2020-03-21",101,9,171,494,6787,0.894356858700457,2070,7761,791,1379,93,475,69,446,77,69
"722","2020-03-22",124,9,163,577,6787,0.894356858700457,2070,7761,791,1379,70,545,69,515,61,69
"723","2020-03-23",137,9,163,664,6787,0.894356858700457,2070,7761,791,1379,101,646,38,553,90,38
"724","2020-03-24",158,9,217,765,6787,0.894356858700457,2070,7761,791,1379,135,781,26,579,118,26
"725","2020-03-25",178,9,255,858,6787,0.894356858700457,2070,7761,791,1379,118,899,21,600,104,21
"726","2020-03-26",200,9,259,961,6787,0.894356858700457,2070,7761,791,1379,117,1016,19,619,103,19
"727","2020-03-27",273,9,241,1073,6787,0.894356858700457,2070,7761,791,1379,131,1147,24,643,122,24
"728","2020-03-28",320,9,225,1171,6787,0.894356858700457,2070,7761,791,1379,150,1297,32,675,137,32
"729","2020-03-29",329,9,229,1252,6787,0.894356858700457,2070,7761,791,1379,133,1430,9,684,124,9
"730","2020-03-30",328,9,245,1418,6787,0.894356858700457,2070,7761,791,1379,183,1613,4,688,168,4
"731","2020-03-31",329,9,236,1500,6787,0.894356858700457,2070,7761,791,1379,172,1785,4,692,162,4
"732","2020-04-01",362,9,241,1615,6787,0.894356858700457,2070,7761,791,1379,142,1927,26,718,128,26
"733","2020-04-02",397,9,216,1706,6787,0.894356858700457,2070,7761,791,1379,221,2148,14,732,202,14
"734","2020-04-03",534,9,216,1763,6787,0.894356858700457,2070,7761,791,1379,208,2356,68,800,196,68
"735","2020-04-04",570,9,199,1829,6787,0.894356858700457,2070,7761,791,1379,166,2522,42,842,158,42
"736","2020-04-05",565,9,213,1895,6787,0.894356858700457,2070,7761,791,1379,182,2704,68,910,171,68
"737","2020-04-06",586,9,212,1967,6787,0.894356858700457,2070,7761,791,1379,177,2881,32,942,168,32
"738","2020-04-07",615,9,253,2016,6787,0.894356858700457,2070,7761,791,1379,204,3085,14,956,190,14
"739","2020-04-08",631,9,311,2024,6787,0.894356858700457,2070,7761,791,1379,185,3270,13,969,176,13
"740","2020-04-09",648,9,332,2060,6787,0.894356858700457,2070,7761,791,1379,172,3442,15,984,163,15
"741","2020-04-10",739,9,338,2066,6787,0.894356858700457,2070,7761,791,1379,170,3612,19,1003,159,19
"742","2020-04-11",730,9,352,2054,6787,0.894356858700457,2070,7761,791,1379,199,3811,64,1067,190,64
"743","2020-04-12",669,9,328,2032,6787,0.894356858700457,2070,7761,791,1379,121,3932,75,1142,107,75
"744","2020-04-13",688,9,319,2016,6787,0.894356858700457,2070,7761,791,1379,158,4090,75,1217,146,75
"745","2020-04-14",699,9,340,1937,6787,0.894356858700457,2070,7761,791,1379,155,4245,39,1256,145,39
"746","2020-04-15",675,9,324,1880,6787,0.894356858700457,2070,7761,791,1379,141,4386,26,1282,132,26
"747","2020-04-16",669,9,285,1789,6787,0.894356858700457,2070,7761,791,1379,128,4514,24,1306,118,24
"748","2020-04-17",655,9,250,1718,6787,0.894356858700457,2070,7761,791,1379,120,4634,18,1324,113,18
"749","2020-04-18",637,9,226,1653,6787,0.894356858700457,2070,7761,791,1379,115,4749,17,1341,110,17
"750","2020-04-19",630,9,272,1575,6787,0.894356858700457,2070,7761,791,1379,114,4863,7,1348,104,7
"751","2020-04-20",593,9,279,1512,6787,0.894356858700457,2070,7761,791,1379,100,4963,6,1354,86,6
"752","2020-04-21",549,9,265,1434,6787,0.894356858700457,2070,7761,791,1379,81,5044,13,1367,75,13
"753","2020-04-22",543,9,281,1363,6787,0.894356858700457,2070,7761,791,1379,72,5116,3,1370,64,3
"754","2020-04-23",517,9,268,1262,6787,0.894356858700457,2070,7761,791,1379,77,5193,5,1375,69,5
"755","2020-04-24",491,9,275,1202,6787,0.894356858700457,2070,7761,791,1379,70,5263,10,1385,64,10
"756","2020-04-25",495,9,246,1131,6787,0.894356858700457,2070,7761,791,1379,64,5327,7,1392,56,7
"757","2020-04-26",433,9,227,1075,6787,0.894356858700457,2070,7761,791,1379,50,5377,7,1399,44,7
"758","2020-04-27",414,9,216,1020,6787,0.894356858700457,2070,7761,791,1379,45,5422,8,1407,36,8
"759","2020-04-28",400,9,205,949,6787,0.894356858700457,2070,7761,791,1379,43,5465,13,1420,35,13
"760","2020-04-29",391,9,201,895,6787,0.894356858700457,2070,7761,791,1379,37,5502,16,1436,29,16
"761","2020-04-30",373,9,277,843,6787,0.894356858700457,2070,7761,791,1379,47,5549,7,1443,40,7
"762","2020-05-01",371,9,310,793,6787,0.894356858700457,2070,7761,791,1379,28,5577,45,1488,24,45
"763","2020-05-02",343,9,300,712,6787,0.894356858700457,2070,7761,791,1379,32,5609,68,1556,23,68
"764","2020-05-03",308,9,274,662,6787,0.894356858700457,2070,7761,791,1379,33,5642,41,1597,30,41
"765","2020-05-04",290,9,279,598,6787,0.894356858700457,2070,7761,791,1379,17,5659,45,1642,13,45
"766","2020-05-05",274,9,267,554,6787,0.894356858700457,2070,7761,791,1379,25,5684,59,1701,22,59
"767","2020-05-06",253,9,267,506,6787,0.894356858700457,2070,7761,791,1379,29,5713,89,1790,22,89
"768","2020-05-07",237,9,264,474,6787,0.894356858700457,2070,7761,791,1379,24,5737,53,1843,18,53
"769","2020-05-08",186,9,269,427,6787,0.894356858700457,2070,7761,791,1379,28,5765,27,1870,21,27
"770","2020-05-09",171,9,256,391,6787,0.894356858700457,2070,7761,791,1379,34,5799,43,1913,31,43
"771","2020-05-10",149,9,288,363,6787,0.894356858700457,2070,7761,791,1379,16,5815,36,1949,12,36
"772","2020-05-11",140,9,273,343,6787,0.894356858700457,2070,7761,791,1379,21,5836,24,1973,16,24
"773","2020-05-12",132,9,270,315,6787,0.894356858700457,2070,7761,791,1379,20,5856,43,2016,16,43
"774","2020-05-13",126,9,273,303,6787,0.894356858700457,2070,7761,791,1379,17,5873,39,2055,10,39
"775","2020-05-14",124,9,247,286,6787,0.894356858700457,2070,7761,791,1379,9,5882,26,2081,9,26
"776","2020-05-15",117,9,259,276,6787,0.894356858700457,2070,7761,791,1379,22,5904,24,2105,19,24
"777","2020-05-16",115,9,267,257,6787,0.894356858700457,2070,7761,791,1379,12,5916,19,2124,11,19
"778","2020-05-17",101,9,241,244,6787,0.894356858700457,2070,7761,791,1379,10,5926,18,2142,8,18
"779","2020-05-18",101,9,259,219,6787,0.894356858700457,2070,7761,791,1379,12,5938,46,2188,10,46
"780","2020-05-19",99,9,291,202,6787,0.894356858700457,2070,7761,791,1379,12,5950,9,2197,8,9
"781","2020-05-20",96,9,309,194,6787,0.894356858700457,2070,7761,791,1379,14,5964,21,2218,12,21
"782","2020-05-21",86,9,276,185,6787,0.894356858700457,2070,7761,791,1379,14,5978,65,2283,13,65
"783","2020-05-22",72,9,252,169,6787,0.894356858700457,2070,7761,791,1379,11,5989,59,2342,10,59
"784","2020-05-23",66,9,224,157,6787,0.894356858700457,2070,7761,791,1379,12,6001,67,2409,8,67
"785","2020-05-24",58,9,203,147,6787,0.894356858700457,2070,7761,791,1379,11,6012,41,2450,8,41
"786","2020-05-25",49,9,206,128,6787,0.894356858700457,2070,7761,791,1379,10,6022,32,2482,8,32
"787","2020-05-26",42,9,173,113,6787,0.894356858700457,2070,7761,791,1379,11,6033,37,2519,10,37
"788","2020-05-27",37,9,156,98,6787,0.894356858700457,2070,7761,791,1379,10,6043,64,2583,10,64
"789","2020-05-28",37,9,145,98,6787,0.894356858700457,2070,7761,791,1379,15,6058,44,2627,13,44
"790","2020-05-29",34,9,134,95,6787,0.894356858700457,2070,7761,791,1379,9,6067,65,2692,9,65
"791","2020-05-30",32,9,147,90,6787,0.894356858700457,2070,7761,791,1379,8,6075,28,2720,7,28
"792","2020-05-31",30,9,146,82,6787,0.894356858700457,2070,7761,791,1379,5,6080,28,2748,2,28
"793","2020-06-01",30,9,139,87,6787,0.894356858700457,2070,7761,791,1379,3,6083,18,2766,2,18
"794","2020-06-02",24,9,151,86,6787,0.894356858700457,2070,7761,791,1379,9,6092,61,2827,8,61
"795","2020-06-03",22,9,200,79,6787,0.894356858700457,2070,7761,791,1379,8,6100,23,2850,5,23
"796","2020-06-04",19,9,232,75,6787,0.894356858700457,2070,7761,791,1379,11,6111,12,2862,10,12
"797","2020-06-05",18,9,260,81,6787,0.894356858700457,2070,7761,791,1379,6,6117,10,2872,4,10
"798","2020-06-06",17,9,267,81,6787,0.894356858700457,2070,7761,791,1379,5,6122,15,2887,3,15
"799","2020-06-07",14,9,275,74,6787,0.894356858700457,2070,7761,791,1379,5,6127,9,2896,4,9
"800","2020-03-14",2,10,113,75,6386,0.847478860006264,1965,7165,615,2006,55,205,5,31,13,5
"801","2020-03-15",9,10,173,110,6386,0.847478860006264,1965,7165,615,2006,64,269,5,36,19,5
"802","2020-03-16",14,10,159,134,6386,0.847478860006264,1965,7165,615,2006,103,372,13,49,50,13
"803","2020-03-17",21,10,156,174,6386,0.847478860006264,1965,7165,615,2006,73,445,33,82,35,33
"804","2020-03-18",28,10,132,219,6386,0.847478860006264,1965,7165,615,2006,127,572,15,97,78,15
"805","2020-03-19",32,10,132,286,6386,0.847478860006264,1965,7165,615,2006,109,681,30,127,73,30
"806","2020-03-20",51,10,136,341,6386,0.847478860006264,1965,7165,615,2006,103,784,22,149,75,22
"807","2020-03-21",76,10,167,403,6386,0.847478860006264,1965,7165,615,2006,120,904,14,163,80,14
"808","2020-03-22",91,10,187,474,6386,0.847478860006264,1965,7165,615,2006,123,1027,12,175,85,12
"809","2020-03-23",90,10,170,554,6386,0.847478860006264,1965,7165,615,2006,136,1163,46,221,105,46
"810","2020-03-24",97,10,154,633,6386,0.847478860006264,1965,7165,615,2006,138,1301,18,239,97,18
"811","2020-03-25",122,10,148,716,6386,0.847478860006264,1965,7165,615,2006,177,1478,14,253,138,14
"812","2020-03-26",155,10,200,788,6386,0.847478860006264,1965,7165,615,2006,157,1635,43,296,113,43
"813","2020-03-27",207,10,246,880,6386,0.847478860006264,1965,7165,615,2006,171,1806,18,314,130,18
"814","2020-03-28",241,10,237,968,6386,0.847478860006264,1965,7165,615,2006,173,1979,10,324,131,10
"815","2020-03-29",287,10,199,1083,6386,0.847478860006264,1965,7165,615,2006,151,2130,10,334,126,10
"816","2020-03-30",304,10,186,1185,6386,0.847478860006264,1965,7165,615,2006,139,2269,18,352,103,18
"817","2020-03-31",306,10,196,1258,6386,0.847478860006264,1965,7165,615,2006,152,2421,38,390,121,38
"818","2020-04-01",321,10,212,1354,6386,0.847478860006264,1965,7165,615,2006,151,2572,27,417,116,27
"819","2020-04-02",334,10,197,1438,6386,0.847478860006264,1965,7165,615,2006,163,2735,23,440,127,23
"820","2020-04-03",465,10,191,1559,6386,0.847478860006264,1965,7165,615,2006,155,2890,35,475,133,35
"821","2020-04-04",502,10,204,1670,6386,0.847478860006264,1965,7165,615,2006,121,3011,40,515,90,40
"822","2020-04-05",465,10,200,1746,6386,0.847478860006264,1965,7165,615,2006,130,3141,29,544,90,29
"823","2020-04-06",480,10,220,1827,6386,0.847478860006264,1965,7165,615,2006,138,3279,47,591,100,47
"824","2020-04-07",502,10,238,1863,6386,0.847478860006264,1965,7165,615,2006,135,3414,18,609,111,18
"825","2020-04-08",502,10,233,1948,6386,0.847478860006264,1965,7165,615,2006,138,3552,28,637,103,28
"826","2020-04-09",520,10,224,1974,6386,0.847478860006264,1965,7165,615,2006,113,3665,56,693,74,56
"827","2020-04-10",652,10,207,2029,6386,0.847478860006264,1965,7165,615,2006,123,3788,60,753,98,60
"828","2020-04-11",677,10,195,2067,6386,0.847478860006264,1965,7165,615,2006,118,3906,56,809,77,56
"829","2020-04-12",657,10,195,2025,6386,0.847478860006264,1965,7165,615,2006,108,4014,55,864,71,55
"830","2020-04-13",663,10,171,1989,6386,0.847478860006264,1965,7165,615,2006,100,4114,35,899,59,35
"831","2020-04-14",661,10,172,1976,6386,0.847478860006264,1965,7165,615,2006,114,4228,37,936,90,37
"832","2020-04-15",672,10,170,1933,6386,0.847478860006264,1965,7165,615,2006,94,4322,29,965,57,29
"833","2020-04-16",674,10,163,1862,6386,0.847478860006264,1965,7165,615,2006,107,4429,23,988,70,23
"834","2020-04-17",721,10,169,1766,6386,0.847478860006264,1965,7165,615,2006,93,4522,44,1032,60,44
"835","2020-04-18",687,10,217,1704,6386,0.847478860006264,1965,7165,615,2006,79,4601,24,1056,47,24
"836","2020-04-19",606,10,219,1647,6386,0.847478860006264,1965,7165,615,2006,81,4682,19,1075,48,19
"837","2020-04-20",592,10,210,1615,6386,0.847478860006264,1965,7165,615,2006,91,4773,19,1094,63,19
"838","2020-04-21",580,10,217,1533,6386,0.847478860006264,1965,7165,615,2006,58,4831,9,1103,38,9
"839","2020-04-22",578,10,199,1443,6386,0.847478860006264,1965,7165,615,2006,81,4912,42,1145,60,42
"840","2020-04-23",572,10,181,1335,6386,0.847478860006264,1965,7165,615,2006,76,4988,37,1182,53,37
"841","2020-04-24",502,10,165,1254,6386,0.847478860006264,1965,7165,615,2006,67,5055,64,1246,39,64
"842","2020-04-25",496,10,158,1164,6386,0.847478860006264,1965,7165,615,2006,60,5115,32,1278,33,32
"843","2020-04-26",475,10,148,1067,6386,0.847478860006264,1965,7165,615,2006,55,5170,59,1337,32,59
"844","2020-04-27",450,10,154,971,6386,0.847478860006264,1965,7165,615,2006,60,5230,53,1390,38,53
"845","2020-04-28",415,10,174,891,6386,0.847478860006264,1965,7165,615,2006,56,5286,53,1443,31,53
"846","2020-04-29",400,10,184,824,6386,0.847478860006264,1965,7165,615,2006,57,5343,55,1498,35,55
"847","2020-04-30",370,10,195,747,6386,0.847478860006264,1965,7165,615,2006,49,5392,38,1536,19,38
"848","2020-05-01",317,10,188,720,6386,0.847478860006264,1965,7165,615,2006,51,5443,36,1572,31,36
"849","2020-05-02",294,10,195,659,6386,0.847478860006264,1965,7165,615,2006,52,5495,25,1597,28,25
"850","2020-05-03",254,10,232,614,6386,0.847478860006264,1965,7165,615,2006,45,5540,53,1650,23,53
"851","2020-05-04",244,10,215,555,6386,0.847478860006264,1965,7165,615,2006,44,5584,26,1676,24,26
"852","2020-05-05",227,10,223,520,6386,0.847478860006264,1965,7165,615,2006,50,5634,30,1706,21,30
"853","2020-05-06",207,10,228,486,6386,0.847478860006264,1965,7165,615,2006,34,5668,10,1716,15,10
"854","2020-05-07",185,10,222,459,6386,0.847478860006264,1965,7165,615,2006,43,5711,12,1728,23,12
"855","2020-05-08",172,10,214,442,6386,0.847478860006264,1965,7165,615,2006,39,5750,21,1749,16,21
"856","2020-05-09",158,10,196,408,6386,0.847478860006264,1965,7165,615,2006,37,5787,72,1821,16,72
"857","2020-05-10",143,10,189,380,6386,0.847478860006264,1965,7165,615,2006,37,5824,64,1885,19,64
"858","2020-05-11",124,10,189,365,6386,0.847478860006264,1965,7165,615,2006,36,5860,55,1940,15,55
"859","2020-05-12",119,10,179,333,6386,0.847478860006264,1965,7165,615,2006,34,5894,24,1964,16,24
"860","2020-05-13",107,10,191,299,6386,0.847478860006264,1965,7165,615,2006,29,5923,16,1980,16,16
"861","2020-05-14",106,10,228,277,6386,0.847478860006264,1965,7165,615,2006,44,5967,10,1990,24,10
"862","2020-05-15",90,10,268,258,6386,0.847478860006264,1965,7165,615,2006,26,5993,5,1995,15,5
"863","2020-05-16",89,10,286,237,6386,0.847478860006264,1965,7165,615,2006,25,6018,16,2011,8,16
"864","2020-05-17",76,10,267,216,6386,0.847478860006264,1965,7165,615,2006,18,6036,49,2060,7,49
"865","2020-05-18",80,10,241,203,6386,0.847478860006264,1965,7165,615,2006,25,6061,44,2104,11,44
"866","2020-05-19",73,10,241,192,6386,0.847478860006264,1965,7165,615,2006,20,6081,70,2174,10,70
"867","2020-05-20",72,10,251,184,6386,0.847478860006264,1965,7165,615,2006,23,6104,49,2223,9,49
"868","2020-05-21",70,10,240,164,6386,0.847478860006264,1965,7165,615,2006,20,6124,38,2261,7,38
"869","2020-05-22",72,10,209,143,6386,0.847478860006264,1965,7165,615,2006,20,6144,20,2281,8,20
"870","2020-05-23",68,10,198,131,6386,0.847478860006264,1965,7165,615,2006,26,6170,13,2294,10,13
"871","2020-05-24",58,10,198,120,6386,0.847478860006264,1965,7165,615,2006,18,6188,22,2316,10,22
"872","2020-05-25",49,10,182,115,6386,0.847478860006264,1965,7165,615,2006,25,6213,51,2367,12,51
"873","2020-05-26",53,10,187,113,6386,0.847478860006264,1965,7165,615,2006,25,6238,21,2388,12,21
"874","2020-05-27",47,10,178,107,6386,0.847478860006264,1965,7165,615,2006,18,6256,46,2434,9,46
"875","2020-05-28",43,10,169,105,6386,0.847478860006264,1965,7165,615,2006,14,6270,47,2481,5,47
"876","2020-05-29",34,10,189,105,6386,0.847478860006264,1965,7165,615,2006,16,6286,54,2535,10,54
"877","2020-05-30",38,10,184,99,6386,0.847478860006264,1965,7165,615,2006,23,6309,42,2577,11,42
"878","2020-05-31",38,10,162,96,6386,0.847478860006264,1965,7165,615,2006,11,6320,49,2626,5,49
"879","2020-06-01",37,10,144,92,6386,0.847478860006264,1965,7165,615,2006,10,6330,45,2671,7,45
"880","2020-06-02",29,10,141,87,6386,0.847478860006264,1965,7165,615,2006,17,6347,25,2696,9,25
"881","2020-06-03",30,10,134,82,6386,0.847478860006264,1965,7165,615,2006,6,6353,24,2720,3,24
"882","2020-06-04",28,10,160,84,6386,0.847478860006264,1965,7165,615,2006,11,6364,39,2759,4,39
"883","2020-06-05",30,10,168,77,6386,0.847478860006264,1965,7165,615,2006,10,6374,46,2805,3,46
"884","2020-06-06",23,10,161,78,6386,0.847478860006264,1965,7165,615,2006,9,6383,36,2841,6,36
"885","2020-06-07",22,10,140,73,6386,0.847478860006264,1965,7165,615,2006,11,6394,34,2875,4,34
"886","2020-03-08",1,11,0,0,7924,0.57218576476527,2085,8620,785,1628,NA,NA,NA,NA,NA,NA
"887","2020-03-09",1,11,0,0,7924,0.57218576476527,2085,8620,785,1628,NA,NA,NA,NA,NA,NA
"888","2020-03-10",0,11,0,0,7924,0.57218576476527,2085,8620,785,1628,NA,NA,10,10,NA,10
"889","2020-03-11",0,11,0,0,7924,0.57218576476527,2085,8620,785,1628,71,71,37,47,2,37
"890","2020-03-12",0,11,0,0,7924,0.57218576476527,2085,8620,785,1628,89,160,30,77,3,30
"891","2020-03-13",5,11,136,169,7924,0.57218576476527,2085,8620,785,1628,93,253,38,115,12,38
"892","2020-03-14",8,11,179,244,7924,0.57218576476527,2085,8620,785,1628,113,366,33,148,23,33
"893","2020-03-15",29,11,186,328,7924,0.57218576476527,2085,8620,785,1628,112,478,62,210,33,62
"894","2020-03-16",42,11,217,421,7924,0.57218576476527,2085,8620,785,1628,127,605,78,288,57,78
"895","2020-03-17",52,11,209,537,7924,0.57218576476527,2085,8620,785,1628,130,735,42,330,54,42
"896","2020-03-18",74,11,191,655,7924,0.57218576476527,2085,8620,785,1628,126,861,39,369,55,39
"897","2020-03-19",91,11,186,785,7924,0.57218576476527,2085,8620,785,1628,164,1025,44,413,95,44
"898","2020-03-20",138,11,199,890,7924,0.57218576476527,2085,8620,785,1628,207,1232,38,451,128,38
"899","2020-03-21",197,11,220,1006,7924,0.57218576476527,2085,8620,785,1628,155,1387,45,496,91,45
"900","2020-03-22",278,11,262,1160,7924,0.57218576476527,2085,8620,785,1628,165,1552,56,552,92,56
"901","2020-03-23",294,11,223,1278,7924,0.57218576476527,2085,8620,785,1628,199,1751,68,620,132,68
"902","2020-03-24",303,11,219,1405,7924,0.57218576476527,2085,8620,785,1628,197,1948,58,678,118,58
"903","2020-03-25",328,11,194,1522,7924,0.57218576476527,2085,8620,785,1628,172,2120,35,713,120,35
"904","2020-03-26",373,11,181,1644,7924,0.57218576476527,2085,8620,785,1628,184,2304,36,749,118,36
"905","2020-03-27",525,11,197,1780,7924,0.57218576476527,2085,8620,785,1628,192,2496,35,784,128,35
"906","2020-03-28",628,11,233,1865,7924,0.57218576476527,2085,8620,785,1628,204,2700,55,839,124,55
"907","2020-03-29",587,11,247,1944,7924,0.57218576476527,2085,8620,785,1628,182,2882,50,889,128,50
"908","2020-03-30",592,11,241,2070,7924,0.57218576476527,2085,8620,785,1628,200,3082,36,925,135,36
"909","2020-03-31",613,11,212,2107,7924,0.57218576476527,2085,8620,785,1628,147,3229,30,955,108,30
"910","2020-04-01",651,11,186,2199,7924,0.57218576476527,2085,8620,785,1628,168,3397,27,982,99,27
"911","2020-04-02",655,11,238,2253,7924,0.57218576476527,2085,8620,785,1628,172,3569,45,1027,108,45
"912","2020-04-03",810,11,233,2288,7924,0.57218576476527,2085,8620,785,1628,178,3747,32,1059,107,32
"913","2020-04-04",755,11,223,2301,7924,0.57218576476527,2085,8620,785,1628,160,3907,42,1101,115,42
"914","2020-04-05",747,11,245,2275,7924,0.57218576476527,2085,8620,785,1628,136,4043,24,1125,81,24
"915","2020-04-06",755,11,260,2279,7924,0.57218576476527,2085,8620,785,1628,151,4194,41,1166,105,41
"916","2020-04-07",762,11,268,2247,7924,0.57218576476527,2085,8620,785,1628,130,4324,38,1204,76,38
"917","2020-04-08",750,11,290,2229,7924,0.57218576476527,2085,8620,785,1628,121,4445,29,1233,68,29
"918","2020-04-09",759,11,282,2215,7924,0.57218576476527,2085,8620,785,1628,142,4587,37,1270,88,37
"919","2020-04-10",777,11,307,2147,7924,0.57218576476527,2085,8620,785,1628,111,4698,43,1313,66,43
"920","2020-04-11",765,11,313,2059,7924,0.57218576476527,2085,8620,785,1628,131,4829,44,1357,78,44
"921","2020-04-12",678,11,301,1990,7924,0.57218576476527,2085,8620,785,1628,99,4928,31,1388,49,31
"922","2020-04-13",679,11,261,1880,7924,0.57218576476527,2085,8620,785,1628,82,5010,30,1418,45,30
"923","2020-04-14",641,11,251,1788,7924,0.57218576476527,2085,8620,785,1628,92,5102,29,1447,50,29
"924","2020-04-15",621,11,220,1692,7924,0.57218576476527,2085,8620,785,1628,87,5189,38,1485,45,38
"925","2020-04-16",599,11,215,1595,7924,0.57218576476527,2085,8620,785,1628,87,5276,23,1508,49,23
"926","2020-04-17",565,11,247,1502,7924,0.57218576476527,2085,8620,785,1628,72,5348,31,1539,36,31
"927","2020-04-18",563,11,225,1431,7924,0.57218576476527,2085,8620,785,1628,87,5435,35,1574,38,35
"928","2020-04-19",516,11,200,1344,7924,0.57218576476527,2085,8620,785,1628,72,5507,34,1608,26,34
"929","2020-04-20",470,11,183,1262,7924,0.57218576476527,2085,8620,785,1628,91,5598,35,1643,40,35
"930","2020-04-21",452,11,174,1179,7924,0.57218576476527,2085,8620,785,1628,70,5668,27,1670,29,27
"931","2020-04-22",444,11,197,1097,7924,0.57218576476527,2085,8620,785,1628,73,5741,28,1698,32,28
"932","2020-04-23",416,11,179,1038,7924,0.57218576476527,2085,8620,785,1628,58,5799,21,1719,18,21
"933","2020-04-24",366,11,178,988,7924,0.57218576476527,2085,8620,785,1628,53,5852,30,1749,22,30
"934","2020-04-25",336,11,183,914,7924,0.57218576476527,2085,8620,785,1628,62,5914,25,1774,18,25
"935","2020-04-26",312,11,238,852,7924,0.57218576476527,2085,8620,785,1628,43,5957,29,1803,12,29
"936","2020-04-27",306,11,217,774,7924,0.57218576476527,2085,8620,785,1628,57,6014,22,1825,20,22
"937","2020-04-28",291,11,217,715,7924,0.57218576476527,2085,8620,785,1628,33,6047,40,1865,10,40
"938","2020-04-29",267,11,232,667,7924,0.57218576476527,2085,8620,785,1628,42,6089,25,1890,12,25
"939","2020-04-30",268,11,218,616,7924,0.57218576476527,2085,8620,785,1628,48,6137,25,1915,18,25
"940","2020-05-01",233,11,265,567,7924,0.57218576476527,2085,8620,785,1628,41,6178,43,1958,11,43
"941","2020-05-02",232,11,343,528,7924,0.57218576476527,2085,8620,785,1628,42,6220,42,2000,15,42
"942","2020-05-03",191,11,370,485,7924,0.57218576476527,2085,8620,785,1628,31,6251,57,2057,6,57
"943","2020-05-04",183,11,364,453,7924,0.57218576476527,2085,8620,785,1628,36,6287,27,2084,8,27
"944","2020-05-05",169,11,321,430,7924,0.57218576476527,2085,8620,785,1628,32,6319,32,2116,10,32
"945","2020-05-06",158,11,285,403,7924,0.57218576476527,2085,8620,785,1628,42,6361,35,2151,12,35
"946","2020-05-07",143,11,262,382,7924,0.57218576476527,2085,8620,785,1628,34,6395,32,2183,11,32
"947","2020-05-08",138,11,251,383,7924,0.57218576476527,2085,8620,785,1628,24,6419,33,2216,3,33
"948","2020-05-09",127,11,229,372,7924,0.57218576476527,2085,8620,785,1628,28,6447,46,2262,11,46
"949","2020-05-10",117,11,257,363,7924,0.57218576476527,2085,8620,785,1628,24,6471,37,2299,8,37
"950","2020-05-11",103,11,241,354,7924,0.57218576476527,2085,8620,785,1628,23,6494,37,2336,6,37
"951","2020-05-12",101,11,229,344,7924,0.57218576476527,2085,8620,785,1628,25,6519,35,2371,4,35
"952","2020-05-13",104,11,212,332,7924,0.57218576476527,2085,8620,785,1628,31,6550,65,2436,7,65
"953","2020-05-14",107,11,205,326,7924,0.57218576476527,2085,8620,785,1628,21,6571,51,2487,4,51
"954","2020-05-15",106,11,184,298,7924,0.57218576476527,2085,8620,785,1628,23,6594,37,2524,7,37
"955","2020-05-16",106,11,183,289,7924,0.57218576476527,2085,8620,785,1628,26,6620,39,2563,6,39
"956","2020-05-17",107,11,207,283,7924,0.57218576476527,2085,8620,785,1628,18,6638,47,2610,5,47
"957","2020-05-18",105,11,216,275,7924,0.57218576476527,2085,8620,785,1628,24,6662,37,2647,8,37
"958","2020-05-19",103,11,209,266,7924,0.57218576476527,2085,8620,785,1628,23,6685,29,2676,10,29
"959","2020-05-20",99,11,213,254,7924,0.57218576476527,2085,8620,785,1628,24,6709,26,2702,7,26
"960","2020-05-21",90,11,202,238,7924,0.57218576476527,2085,8620,785,1628,16,6725,35,2737,3,35
"961","2020-05-22",88,11,191,232,7924,0.57218576476527,2085,8620,785,1628,14,6739,40,2777,1,40
"962","2020-05-23",107,11,175,217,7924,0.57218576476527,2085,8620,785,1628,28,6767,63,2840,7,63
"963","2020-05-24",89,11,170,207,7924,0.57218576476527,2085,8620,785,1628,12,6779,60,2900,3,60
"964","2020-05-25",81,11,169,189,7924,0.57218576476527,2085,8620,785,1628,19,6798,62,2962,1,62
"965","2020-05-26",74,11,164,176,7924,0.57218576476527,2085,8620,785,1628,12,6810,51,3013,3,51
"966","2020-05-27",70,11,186,171,7924,0.57218576476527,2085,8620,785,1628,14,6824,47,3060,2,47
"967","2020-05-28",68,11,252,166,7924,0.57218576476527,2085,8620,785,1628,17,6841,38,3098,6,38
"968","2020-05-29",70,11,264,162,7924,0.57218576476527,2085,8620,785,1628,5,6846,36,3134,2,36
"969","2020-05-30",53,11,249,159,7924,0.57218576476527,2085,8620,785,1628,11,6857,34,3168,4,34
"970","2020-05-31",60,11,234,151,7924,0.57218576476527,2085,8620,785,1628,12,6869,34,3202,1,34
"971","2020-06-01",58,11,255,143,7924,0.57218576476527,2085,8620,785,1628,8,6877,38,3240,NA,38
"972","2020-06-02",54,11,292,136,7924,0.57218576476527,2085,8620,785,1628,16,6893,22,3262,2,22
"973","2020-06-03",56,11,287,127,7924,0.57218576476527,2085,8620,785,1628,9,6902,55,3317,2,55
"974","2020-06-04",56,11,295,114,7924,0.57218576476527,2085,8620,785,1628,16,6918,46,3363,4,46
"975","2020-06-05",52,11,336,106,7924,0.57218576476527,2085,8620,785,1628,9,6927,56,3419,3,56
"976","2020-06-06",50,11,351,101,7924,0.57218576476527,2085,8620,785,1628,7,6934,61,3480,2,61
"977","2020-06-07",38,11,343,94,7924,0.57218576476527,2085,8620,785,1628,9,6943,68,3548,1,68
"978","2020-03-12",1,12,61,133,7619,0.384039900249377,2055,8672,940,1310,46,83,7,21,8,7
"979","2020-03-13",3,12,85,215,7619,0.384039900249377,2055,8672,940,1310,43,126,13,34,12,13
"980","2020-03-14",40,12,100,297,7619,0.384039900249377,2055,8672,940,1310,53,179,35,69,18,35
"981","2020-03-15",54,12,93,379,7619,0.384039900249377,2055,8672,940,1310,45,224,20,89,14,20
"982","2020-03-16",51,12,94,475,7619,0.384039900249377,2055,8672,940,1310,65,289,9,98,26,9
"983","2020-03-17",66,12,100,573,7619,0.384039900249377,2055,8672,940,1310,68,357,9,107,42,9
"984","2020-03-18",85,12,140,683,7619,0.384039900249377,2055,8672,940,1310,62,419,15,122,30,15
"985","2020-03-19",115,12,171,785,7619,0.384039900249377,2055,8672,940,1310,94,513,6,128,60,6
"986","2020-03-20",198,12,184,871,7619,0.384039900249377,2055,8672,940,1310,86,599,8,136,56,8
"987","2020-03-21",209,12,188,962,7619,0.384039900249377,2055,8672,940,1310,90,689,8,144,65,8
"988","2020-03-22",278,12,172,1021,7619,0.384039900249377,2055,8672,940,1310,84,773,23,167,49,23
"989","2020-03-23",302,12,189,1133,7619,0.384039900249377,2055,8672,940,1310,126,899,41,208,84,41
"990","2020-03-24",309,12,200,1208,7619,0.384039900249377,2055,8672,940,1310,105,1004,47,255,72,47
"991","2020-03-25",332,12,212,1244,7619,0.384039900249377,2055,8672,940,1310,116,1120,25,280,84,25
"992","2020-03-26",351,12,223,1306,7619,0.384039900249377,2055,8672,940,1310,123,1243,27,307,87,27
"993","2020-03-27",440,12,207,1348,7619,0.384039900249377,2055,8672,940,1310,146,1389,20,327,117,20
"994","2020-03-28",445,12,205,1399,7619,0.384039900249377,2055,8672,940,1310,115,1504,12,339,90,12
"995","2020-03-29",412,12,225,1433,7619,0.384039900249377,2055,8672,940,1310,125,1629,19,358,92,19
"996","2020-03-30",420,12,215,1451,7619,0.384039900249377,2055,8672,940,1310,101,1730,65,423,77,65
"997","2020-03-31",421,12,216,1495,7619,0.384039900249377,2055,8672,940,1310,154,1884,53,476,109,53
"998","2020-04-01",425,12,221,1514,7619,0.384039900249377,2055,8672,940,1310,123,2007,61,537,88,61
"999","2020-04-02",431,12,216,1526,7619,0.384039900249377,2055,8672,940,1310,142,2149,86,623,116,86
"1000","2020-04-03",460,12,237,1558,7619,0.384039900249377,2055,8672,940,1310,137,2286,56,679,105,56
"1001","2020-04-04",482,12,240,1559,7619,0.384039900249377,2055,8672,940,1310,142,2428,33,712,106,33
"1002","2020-04-05",473,12,250,1547,7619,0.384039900249377,2055,8672,940,1310,143,2571,19,731,101,19
"1003","2020-04-06",481,12,241,1560,7619,0.384039900249377,2055,8672,940,1310,126,2697,52,783,88,52
"1004","2020-04-07",477,12,212,1581,7619,0.384039900249377,2055,8672,940,1310,162,2859,33,816,126,33
"1005","2020-04-08",494,12,221,1572,7619,0.384039900249377,2055,8672,940,1310,129,2988,19,835,104,19
"1006","2020-04-09",483,12,217,1578,7619,0.384039900249377,2055,8672,940,1310,142,3130,12,847,111,12
"1007","2020-04-10",560,12,203,1555,7619,0.384039900249377,2055,8672,940,1310,146,3276,14,861,109,14
"1008","2020-04-11",559,12,199,1539,7619,0.384039900249377,2055,8672,940,1310,122,3398,15,876,93,15
"1009","2020-04-12",517,12,209,1516,7619,0.384039900249377,2055,8672,940,1310,129,3527,35,911,102,35
"1010","2020-04-13",509,12,225,1489,7619,0.384039900249377,2055,8672,940,1310,112,3639,21,932,78,21
"1011","2020-04-14",502,12,234,1437,7619,0.384039900249377,2055,8672,940,1310,133,3772,52,984,96,52
"1012","2020-04-15",485,12,223,1408,7619,0.384039900249377,2055,8672,940,1310,104,3876,30,1014,74,30
"1013","2020-04-16",497,12,221,1366,7619,0.384039900249377,2055,8672,940,1310,95,3971,21,1035,64,21
"1014","2020-04-17",486,12,245,1348,7619,0.384039900249377,2055,8672,940,1310,106,4077,23,1058,87,23
"1015","2020-04-18",484,12,257,1334,7619,0.384039900249377,2055,8672,940,1310,108,4185,52,1110,72,52
"1016","2020-04-19",461,12,295,1287,7619,0.384039900249377,2055,8672,940,1310,102,4287,33,1143,72,33
"1017","2020-04-20",452,12,322,1250,7619,0.384039900249377,2055,8672,940,1310,67,4354,19,1162,39,19
"1018","2020-04-21",428,12,308,1219,7619,0.384039900249377,2055,8672,940,1310,87,4441,32,1194,63,32
"1019","2020-04-22",425,12,286,1197,7619,0.384039900249377,2055,8672,940,1310,76,4517,41,1235,51,41
"1020","2020-04-23",417,12,268,1159,7619,0.384039900249377,2055,8672,940,1310,61,4578,39,1274,39,39
"1021","2020-04-24",433,12,251,1147,7619,0.384039900249377,2055,8672,940,1310,75,4653,69,1343,54,69
"1022","2020-04-25",445,12,242,1101,7619,0.384039900249377,2055,8672,940,1310,82,4735,47,1390,57,47
"1023","2020-04-26",399,12,250,1057,7619,0.384039900249377,2055,8672,940,1310,74,4809,33,1423,47,33
"1024","2020-04-27",377,12,237,1021,7619,0.384039900249377,2055,8672,940,1310,67,4876,25,1448,45,25
"1025","2020-04-28",375,12,255,983,7619,0.384039900249377,2055,8672,940,1310,71,4947,25,1473,46,25
"1026","2020-04-29",361,12,277,974,7619,0.384039900249377,2055,8672,940,1310,67,5014,22,1495,44,22
"1027","2020-04-30",346,12,296,933,7619,0.384039900249377,2055,8672,940,1310,70,5084,20,1515,41,20
"1028","2020-05-01",340,12,279,898,7619,0.384039900249377,2055,8672,940,1310,47,5131,22,1537,31,22
"1029","2020-05-02",339,12,267,879,7619,0.384039900249377,2055,8672,940,1310,50,5181,13,1550,33,13
"1030","2020-05-03",303,12,255,846,7619,0.384039900249377,2055,8672,940,1310,39,5220,17,1567,18,17
"1031","2020-05-04",302,12,254,802,7619,0.384039900249377,2055,8672,940,1310,38,5258,12,1579,14,12
"1032","2020-05-05",285,12,239,769,7619,0.384039900249377,2055,8672,940,1310,41,5299,9,1588,23,9
"1033","2020-05-06",283,12,259,731,7619,0.384039900249377,2055,8672,940,1310,34,5333,13,1601,22,13
"1034","2020-05-07",272,12,265,695,7619,0.384039900249377,2055,8672,940,1310,45,5378,8,1609,21,8
"1035","2020-05-08",247,12,246,647,7619,0.384039900249377,2055,8672,940,1310,35,5413,24,1633,19,24
"1036","2020-05-09",220,12,246,637,7619,0.384039900249377,2055,8672,940,1310,40,5453,44,1677,13,44
"1037","2020-05-10",218,12,255,617,7619,0.384039900249377,2055,8672,940,1310,34,5487,25,1702,18,25
"1038","2020-05-11",203,12,264,585,7619,0.384039900249377,2055,8672,940,1310,47,5534,20,1722,22,20
"1039","2020-05-12",199,12,270,553,7619,0.384039900249377,2055,8672,940,1310,32,5566,16,1738,13,16
"1040","2020-05-13",195,12,268,530,7619,0.384039900249377,2055,8672,940,1310,36,5602,12,1750,18,12
"1041","2020-05-14",185,12,294,483,7619,0.384039900249377,2055,8672,940,1310,29,5631,22,1772,15,22
"1042","2020-05-15",191,12,285,470,7619,0.384039900249377,2055,8672,940,1310,27,5658,29,1801,12,29
"1043","2020-05-16",190,12,290,444,7619,0.384039900249377,2055,8672,940,1310,36,5694,70,1871,20,70
"1044","2020-05-17",160,12,269,434,7619,0.384039900249377,2055,8672,940,1310,33,5727,18,1889,16,18
"1045","2020-05-18",159,12,258,417,7619,0.384039900249377,2055,8672,940,1310,23,5750,15,1904,13,15
"1046","2020-05-19",142,12,270,409,7619,0.384039900249377,2055,8672,940,1310,32,5782,23,1927,15,23
"1047","2020-05-20",137,12,268,396,7619,0.384039900249377,2055,8672,940,1310,20,5802,53,1980,15,53
"1048","2020-05-21",138,12,256,376,7619,0.384039900249377,2055,8672,940,1310,25,5827,34,2014,14,34
"1049","2020-05-22",124,12,237,350,7619,0.384039900249377,2055,8672,940,1310,23,5850,10,2024,11,10
"1050","2020-05-23",111,12,222,339,7619,0.384039900249377,2055,8672,940,1310,21,5871,13,2037,9,13
"1051","2020-05-24",107,12,224,328,7619,0.384039900249377,2055,8672,940,1310,23,5894,9,2046,13,9
"1052","2020-05-25",102,12,221,311,7619,0.384039900249377,2055,8672,940,1310,18,5912,22,2068,6,22
"1053","2020-05-26",97,12,202,295,7619,0.384039900249377,2055,8672,940,1310,19,5931,56,2124,6,56
"1054","2020-05-27",96,12,194,293,7619,0.384039900249377,2055,8672,940,1310,17,5948,55,2179,5,55
"1055","2020-05-28",92,12,226,287,7619,0.384039900249377,2055,8672,940,1310,15,5963,45,2224,8,45
"1056","2020-05-29",90,12,245,252,7619,0.384039900249377,2055,8672,940,1310,18,5981,26,2250,9,26
"1057","2020-05-30",100,12,260,239,7619,0.384039900249377,2055,8672,940,1310,20,6001,22,2272,8,22
"1058","2020-05-31",87,12,249,227,7619,0.384039900249377,2055,8672,940,1310,10,6011,47,2319,6,47
"1059","2020-06-01",82,12,252,211,7619,0.384039900249377,2055,8672,940,1310,14,6025,23,2342,8,23
"1060","2020-06-02",85,12,245,211,7619,0.384039900249377,2055,8672,940,1310,10,6035,35,2377,7,35
"1061","2020-06-03",75,12,235,202,7619,0.384039900249377,2055,8672,940,1310,10,6045,59,2436,6,59
"1062","2020-06-04",72,12,244,194,7619,0.384039900249377,2055,8672,940,1310,15,6060,23,2459,6,23
"1063","2020-06-05",69,12,260,188,7619,0.384039900249377,2055,8672,940,1310,10,6070,65,2524,7,65
"1064","2020-06-06",63,12,247,177,7619,0.384039900249377,2055,8672,940,1310,6,6076,42,2566,3,42
"1065","2020-06-07",65,12,222,158,7619,0.384039900249377,2055,8672,940,1310,10,6086,22,2588,7,22
"1066","2020-03-08",1,13,0,0,6600,0.783333333333333,2130,7653,691,1193,NA,NA,NA,NA,NA,NA
"1067","2020-03-09",1,13,0,0,6600,0.783333333333333,2130,7653,691,1193,NA,NA,NA,NA,NA,NA
"1068","2020-03-10",0,13,0,0,6600,0.783333333333333,2130,7653,691,1193,NA,NA,2,2,NA,2
"1069","2020-03-11",0,13,0,0,6600,0.783333333333333,2130,7653,691,1193,50,50,24,26,NA,24
"1070","2020-03-12",0,13,0,0,6600,0.783333333333333,2130,7653,691,1193,47,97,31,57,3,31
"1071","2020-03-13",1,13,94,63,6600,0.783333333333333,2130,7653,691,1193,68,165,27,84,13,27
"1072","2020-03-14",4,13,118,94,6600,0.783333333333333,2130,7653,691,1193,58,223,17,101,18,17
"1073","2020-03-15",8,13,155,130,6600,0.783333333333333,2130,7653,691,1193,88,311,9,110,36,9
"1074","2020-03-16",13,13,155,178,6600,0.783333333333333,2130,7653,691,1193,69,380,17,127,26,17
"1075","2020-03-17",18,13,178,225,6600,0.783333333333333,2130,7653,691,1193,77,457,42,169,31,42
"1076","2020-03-18",27,13,194,283,6600,0.783333333333333,2130,7653,691,1193,117,574,29,198,77,29
"1077","2020-03-19",39,13,224,327,6600,0.783333333333333,2130,7653,691,1193,98,672,36,234,50,36
"1078","2020-03-20",52,13,237,397,6600,0.783333333333333,2130,7653,691,1193,133,805,44,278,81,44
"1079","2020-03-21",77,13,259,482,6600,0.783333333333333,2130,7653,691,1193,125,930,42,320,74,42
"1080","2020-03-22",94,13,260,572,6600,0.783333333333333,2130,7653,691,1193,135,1065,27,347,81,27
"1081","2020-03-23",99,13,247,662,6600,0.783333333333333,2130,7653,691,1193,146,1211,41,388,105,41
"1082","2020-03-24",110,13,252,718,6600,0.783333333333333,2130,7653,691,1193,141,1352,19,407,89,19
"1083","2020-03-25",126,13,247,833,6600,0.783333333333333,2130,7653,691,1193,146,1498,22,429,98,22
"1084","2020-03-26",147,13,248,934,6600,0.783333333333333,2130,7653,691,1193,154,1652,9,438,96,9
"1085","2020-03-27",185,13,236,1041,6600,0.783333333333333,2130,7653,691,1193,164,1816,15,453,113,15
"1086","2020-03-28",275,13,212,1143,6600,0.783333333333333,2130,7653,691,1193,127,1943,20,473,82,20
"1087","2020-03-29",359,13,188,1236,6600,0.783333333333333,2130,7653,691,1193,187,2130,48,521,135,48
"1088","2020-03-30",371,13,176,1323,6600,0.783333333333333,2130,7653,691,1193,125,2255,44,565,86,44
"1089","2020-03-31",382,13,173,1385,6600,0.783333333333333,2130,7653,691,1193,148,2403,49,614,97,49
"1090","2020-04-01",410,13,169,1475,6600,0.783333333333333,2130,7653,691,1193,175,2578,31,645,135,31
"1091","2020-04-02",443,13,164,1531,6600,0.783333333333333,2130,7653,691,1193,164,2742,58,703,120,58
"1092","2020-04-03",612,13,196,1610,6600,0.783333333333333,2130,7653,691,1193,146,2888,41,744,98,41
"1093","2020-04-04",611,13,232,1658,6600,0.783333333333333,2130,7653,691,1193,160,3048,31,775,110,31
"1094","2020-04-05",540,13,252,1738,6600,0.783333333333333,2130,7653,691,1193,113,3161,23,798,72,23
"1095","2020-04-06",542,13,254,1822,6600,0.783333333333333,2130,7653,691,1193,125,3286,19,817,68,19
"1096","2020-04-07",560,13,257,1885,6600,0.783333333333333,2130,7653,691,1193,132,3418,18,835,83,18
"1097","2020-04-08",561,13,237,1940,6600,0.783333333333333,2130,7653,691,1193,135,3553,26,861,94,26
"1098","2020-04-09",562,13,247,1972,6600,0.783333333333333,2130,7653,691,1193,126,3679,25,886,86,25
"1099","2020-04-10",665,13,228,1960,6600,0.783333333333333,2130,7653,691,1193,94,3773,46,932,60,46
"1100","2020-04-11",652,13,229,1978,6600,0.783333333333333,2130,7653,691,1193,97,3870,28,960,51,28
"1101","2020-04-12",576,13,247,1980,6600,0.783333333333333,2130,7653,691,1193,94,3964,7,967,63,7
"1102","2020-04-13",585,13,250,1982,6600,0.783333333333333,2130,7653,691,1193,99,4063,11,978,65,11
"1103","2020-04-14",591,13,249,1951,6600,0.783333333333333,2130,7653,691,1193,114,4177,27,1005,67,27
"1104","2020-04-15",600,13,252,1905,6600,0.783333333333333,2130,7653,691,1193,81,4258,20,1025,44,20
"1105","2020-04-16",599,13,260,1828,6600,0.783333333333333,2130,7653,691,1193,85,4343,27,1052,52,27
"1106","2020-04-17",611,13,245,1823,6600,0.783333333333333,2130,7653,691,1193,77,4420,29,1081,50,29
"1107","2020-04-18",648,13,264,1753,6600,0.783333333333333,2130,7653,691,1193,92,4512,45,1126,45,45
"1108","2020-04-19",619,13,267,1655,6600,0.783333333333333,2130,7653,691,1193,85,4597,27,1153,46,27
"1109","2020-04-20",601,13,297,1565,6600,0.783333333333333,2130,7653,691,1193,71,4668,19,1172,40,19
"1110","2020-04-21",576,13,297,1501,6600,0.783333333333333,2130,7653,691,1193,75,4743,15,1187,38,15
"1111","2020-04-22",566,13,291,1409,6600,0.783333333333333,2130,7653,691,1193,72,4815,8,1195,35,8
"1112","2020-04-23",548,13,299,1304,6600,0.783333333333333,2130,7653,691,1193,64,4879,16,1211,36,16
"1113","2020-04-24",505,13,288,1222,6600,0.783333333333333,2130,7653,691,1193,65,4944,8,1219,37,8
"1114","2020-04-25",453,13,265,1148,6600,0.783333333333333,2130,7653,691,1193,66,5010,18,1237,43,18
"1115","2020-04-26",421,13,246,1050,6600,0.783333333333333,2130,7653,691,1193,45,5055,17,1254,23,17
"1116","2020-04-27",393,13,238,972,6600,0.783333333333333,2130,7653,691,1193,49,5104,14,1268,26,14
"1117","2020-04-28",366,13,238,900,6600,0.783333333333333,2130,7653,691,1193,50,5154,19,1287,28,19
"1118","2020-04-29",344,13,240,834,6600,0.783333333333333,2130,7653,691,1193,46,5200,22,1309,20,22
"1119","2020-04-30",334,13,269,766,6600,0.783333333333333,2130,7653,691,1193,64,5264,52,1361,35,52
"1120","2020-05-01",297,13,304,699,6600,0.783333333333333,2130,7653,691,1193,52,5316,15,1376,16,15
"1121","2020-05-02",277,13,317,662,6600,0.783333333333333,2130,7653,691,1193,50,5366,32,1408,21,32
"1122","2020-05-03",259,13,277,631,6600,0.783333333333333,2130,7653,691,1193,42,5408,47,1455,17,47
"1123","2020-05-04",248,13,259,586,6600,0.783333333333333,2130,7653,691,1193,43,5451,43,1498,20,43
"1124","2020-05-05",237,13,265,547,6600,0.783333333333333,2130,7653,691,1193,42,5493,48,1546,19,48
"1125","2020-05-06",222,13,273,512,6600,0.783333333333333,2130,7653,691,1193,39,5532,21,1567,16,21
"1126","2020-05-07",199,13,298,473,6600,0.783333333333333,2130,7653,691,1193,39,5571,22,1589,19,22
"1127","2020-05-08",180,13,324,431,6600,0.783333333333333,2130,7653,691,1193,47,5618,38,1627,19,38
"1128","2020-05-09",177,13,341,415,6600,0.783333333333333,2130,7653,691,1193,34,5652,32,1659,13,32
"1129","2020-05-10",163,13,333,383,6600,0.783333333333333,2130,7653,691,1193,28,5680,47,1706,7,47
"1130","2020-05-11",154,13,337,359,6600,0.783333333333333,2130,7653,691,1193,40,5720,36,1742,21,36
"1131","2020-05-12",141,13,319,332,6600,0.783333333333333,2130,7653,691,1193,30,5750,20,1762,12,20
"1132","2020-05-13",134,13,333,311,6600,0.783333333333333,2130,7653,691,1193,25,5775,11,1773,7,11
"1133","2020-05-14",134,13,311,295,6600,0.783333333333333,2130,7653,691,1193,30,5805,9,1782,9,9
"1134","2020-05-15",121,13,289,270,6600,0.783333333333333,2130,7653,691,1193,28,5833,17,1799,14,17
"1135","2020-05-16",115,13,272,252,6600,0.783333333333333,2130,7653,691,1193,20,5853,51,1850,11,51
"1136","2020-05-17",90,13,285,230,6600,0.783333333333333,2130,7653,691,1193,17,5870,52,1902,9,52
"1137","2020-05-18",85,13,292,213,6600,0.783333333333333,2130,7653,691,1193,16,5886,30,1932,7,30
"1138","2020-05-19",79,13,280,204,6600,0.783333333333333,2130,7653,691,1193,21,5907,29,1961,4,29
"1139","2020-05-20",79,13,285,189,6600,0.783333333333333,2130,7653,691,1193,21,5928,30,1991,6,30
"1140","2020-05-21",79,13,269,186,6600,0.783333333333333,2130,7653,691,1193,24,5952,36,2027,10,36
"1141","2020-05-22",77,13,254,175,6600,0.783333333333333,2130,7653,691,1193,10,5962,24,2051,5,24
"1142","2020-05-23",71,13,247,166,6600,0.783333333333333,2130,7653,691,1193,21,5983,6,2057,6,6
"1143","2020-05-24",65,13,254,162,6600,0.783333333333333,2130,7653,691,1193,19,6002,36,2093,3,36
"1144","2020-05-25",62,13,255,153,6600,0.783333333333333,2130,7653,691,1193,22,6024,43,2136,5,43
"1145","2020-05-26",60,13,252,142,6600,0.783333333333333,2130,7653,691,1193,16,6040,23,2159,3,23
"1146","2020-05-27",55,13,238,135,6600,0.783333333333333,2130,7653,691,1193,27,6067,40,2199,12,40
"1147","2020-05-28",45,13,248,132,6600,0.783333333333333,2130,7653,691,1193,12,6079,36,2235,5,36
"1148","2020-05-29",48,13,246,124,6600,0.783333333333333,2130,7653,691,1193,26,6105,24,2259,9,24
"1149","2020-05-30",51,13,227,119,6600,0.783333333333333,2130,7653,691,1193,19,6124,12,2271,9,12
"1150","2020-05-31",44,13,226,106,6600,0.783333333333333,2130,7653,691,1193,13,6137,8,2279,2,8
"1151","2020-06-01",40,13,228,97,6600,0.783333333333333,2130,7653,691,1193,17,6154,31,2310,5,31
"1152","2020-06-02",38,13,229,84,6600,0.783333333333333,2130,7653,691,1193,16,6170,10,2320,4,10
"1153","2020-06-03",39,13,219,86,6600,0.783333333333333,2130,7653,691,1193,22,6192,30,2350,7,30
"1154","2020-06-04",39,13,224,76,6600,0.783333333333333,2130,7653,691,1193,15,6207,39,2389,8,39
"1155","2020-06-05",38,13,238,71,6600,0.783333333333333,2130,7653,691,1193,3,6210,27,2416,2,27
"1156","2020-06-06",31,13,243,67,6600,0.783333333333333,2130,7653,691,1193,14,6224,18,2434,4,18
"1157","2020-06-07",31,13,251,65,6600,0.783333333333333,2130,7653,691,1193,11,6235,19,2453,6,19
"1158","2020-03-14",5,14,169,127,6983,0.781898897322068,2085,7952,584,1807,70,216,74,229,36,74
"1159","2020-03-15",17,14,202,181,6983,0.781898897322068,2085,7952,584,1807,95,311,29,258,51,29
"1160","2020-03-16",22,14,230,254,6983,0.781898897322068,2085,7952,584,1807,82,393,31,289,56,31
"1161","2020-03-17",22,14,220,333,6983,0.781898897322068,2085,7952,584,1807,104,497,29,318,70,29
"1162","2020-03-18",35,14,226,419,6983,0.781898897322068,2085,7952,584,1807,94,591,22,340,60,22
"1163","2020-03-19",51,14,257,521,6983,0.781898897322068,2085,7952,584,1807,85,676,20,360,57,20
"1164","2020-03-20",78,14,237,624,6983,0.781898897322068,2085,7952,584,1807,111,787,26,386,80,26
"1165","2020-03-21",152,14,217,737,6983,0.781898897322068,2085,7952,584,1807,129,916,19,405,102,19
"1166","2020-03-22",167,14,212,835,6983,0.781898897322068,2085,7952,584,1807,129,1045,17,422,81,17
"1167","2020-03-23",167,14,219,949,6983,0.781898897322068,2085,7952,584,1807,127,1172,16,438,82,16
"1168","2020-03-24",194,14,222,1055,6983,0.781898897322068,2085,7952,584,1807,153,1325,22,460,114,22
"1169","2020-03-25",218,14,246,1171,6983,0.781898897322068,2085,7952,584,1807,141,1466,18,478,98,18
"1170","2020-03-26",249,14,239,1299,6983,0.781898897322068,2085,7952,584,1807,164,1630,18,496,119,18
"1171","2020-03-27",394,14,266,1429,6983,0.781898897322068,2085,7952,584,1807,159,1789,37,533,123,37
"1172","2020-03-28",455,14,279,1545,6983,0.781898897322068,2085,7952,584,1807,132,1921,44,577,95,44
"1173","2020-03-29",467,14,284,1627,6983,0.781898897322068,2085,7952,584,1807,174,2095,39,616,142,39
"1174","2020-03-30",464,14,296,1685,6983,0.781898897322068,2085,7952,584,1807,160,2255,33,649,119,33
"1175","2020-03-31",484,14,265,1738,6983,0.781898897322068,2085,7952,584,1807,130,2385,10,659,97,10
"1176","2020-04-01",516,14,258,1823,6983,0.781898897322068,2085,7952,584,1807,144,2529,8,667,115,8
"1177","2020-04-02",530,14,268,1871,6983,0.781898897322068,2085,7952,584,1807,132,2661,43,710,102,43
"1178","2020-04-03",625,14,256,1901,6983,0.781898897322068,2085,7952,584,1807,133,2794,13,723,100,13
"1179","2020-04-04",641,14,269,1967,6983,0.781898897322068,2085,7952,584,1807,125,2919,11,734,90,11
"1180","2020-04-05",620,14,280,1971,6983,0.781898897322068,2085,7952,584,1807,136,3055,15,749,99,15
"1181","2020-04-06",625,14,279,1996,6983,0.781898897322068,2085,7952,584,1807,122,3177,14,763,94,14
"1182","2020-04-07",623,14,286,1989,6983,0.781898897322068,2085,7952,584,1807,116,3293,44,807,86,44
"1183","2020-04-08",630,14,277,1979,6983,0.781898897322068,2085,7952,584,1807,127,3420,38,845,100,38
"1184","2020-04-09",646,14,258,1930,6983,0.781898897322068,2085,7952,584,1807,130,3550,60,905,98,60
"1185","2020-04-10",701,14,257,1885,6983,0.781898897322068,2085,7952,584,1807,113,3663,34,939,80,34
"1186","2020-04-11",678,14,289,1866,6983,0.781898897322068,2085,7952,584,1807,122,3785,19,958,81,19
"1187","2020-04-12",640,14,278,1833,6983,0.781898897322068,2085,7952,584,1807,108,3893,11,969,79,11
"1188","2020-04-13",635,14,272,1789,6983,0.781898897322068,2085,7952,584,1807,97,3990,12,981,68,12
"1189","2020-04-14",629,14,244,1726,6983,0.781898897322068,2085,7952,584,1807,106,4096,10,991,73,10
"1190","2020-04-15",607,14,244,1641,6983,0.781898897322068,2085,7952,584,1807,99,4195,6,997,67,6
"1191","2020-04-16",590,14,229,1547,6983,0.781898897322068,2085,7952,584,1807,91,4286,13,1010,72,13
"1192","2020-04-17",561,14,267,1455,6983,0.781898897322068,2085,7952,584,1807,80,4366,19,1029,52,19
"1193","2020-04-18",569,14,294,1407,6983,0.781898897322068,2085,7952,584,1807,113,4479,13,1042,84,13
"1194","2020-04-19",508,14,306,1337,6983,0.781898897322068,2085,7952,584,1807,76,4555,7,1049,50,7
"1195","2020-04-20",475,14,293,1266,6983,0.781898897322068,2085,7952,584,1807,95,4650,6,1055,71,6
"1196","2020-04-21",466,14,281,1208,6983,0.781898897322068,2085,7952,584,1807,76,4726,6,1061,59,6
"1197","2020-04-22",457,14,264,1128,6983,0.781898897322068,2085,7952,584,1807,79,4805,20,1081,51,20
"1198","2020-04-23",444,14,244,1056,6983,0.781898897322068,2085,7952,584,1807,72,4877,77,1158,48,77
"1199","2020-04-24",396,14,226,973,6983,0.781898897322068,2085,7952,584,1807,80,4957,35,1193,53,35
"1200","2020-04-25",367,14,220,928,6983,0.781898897322068,2085,7952,584,1807,61,5018,50,1243,36,50
"1201","2020-04-26",339,14,218,850,6983,0.781898897322068,2085,7952,584,1807,68,5086,28,1271,46,28
"1202","2020-04-27",323,14,214,787,6983,0.781898897322068,2085,7952,584,1807,67,5153,22,1293,40,22
"1203","2020-04-28",302,14,210,736,6983,0.781898897322068,2085,7952,584,1807,52,5205,13,1306,30,13
"1204","2020-04-29",284,14,220,709,6983,0.781898897322068,2085,7952,584,1807,74,5279,26,1332,42,26
"1205","2020-04-30",261,14,212,672,6983,0.781898897322068,2085,7952,584,1807,59,5338,41,1373,36,41
"1206","2020-05-01",244,14,218,612,6983,0.781898897322068,2085,7952,584,1807,58,5396,33,1406,38,33
"1207","2020-05-02",226,14,216,560,6983,0.781898897322068,2085,7952,584,1807,52,5448,20,1426,37,20
"1208","2020-05-03",201,14,239,515,6983,0.781898897322068,2085,7952,584,1807,53,5501,25,1451,32,25
"1209","2020-05-04",185,14,259,485,6983,0.781898897322068,2085,7952,584,1807,54,5555,56,1507,29,56
"1210","2020-05-05",170,14,252,448,6983,0.781898897322068,2085,7952,584,1807,50,5605,28,1535,27,28
"1211","2020-05-06",166,14,248,436,6983,0.781898897322068,2085,7952,584,1807,46,5651,14,1549,33,14
"1212","2020-05-07",165,14,250,428,6983,0.781898897322068,2085,7952,584,1807,35,5686,17,1566,21,17
"1213","2020-05-08",156,14,255,414,6983,0.781898897322068,2085,7952,584,1807,41,5727,8,1574,29,8
"1214","2020-05-09",172,14,272,404,6983,0.781898897322068,2085,7952,584,1807,37,5764,4,1578,23,4
"1215","2020-05-10",167,14,269,388,6983,0.781898897322068,2085,7952,584,1807,45,5809,20,1598,28,20
"1216","2020-05-11",157,14,269,367,6983,0.781898897322068,2085,7952,584,1807,31,5840,15,1613,17,15
"1217","2020-05-12",154,14,263,353,6983,0.781898897322068,2085,7952,584,1807,36,5876,6,1619,20,6
"1218","2020-05-13",145,14,264,345,6983,0.781898897322068,2085,7952,584,1807,31,5907,2,1621,13,2
"1219","2020-05-14",138,14,243,336,6983,0.781898897322068,2085,7952,584,1807,39,5946,5,1626,16,5
"1220","2020-05-15",140,14,250,325,6983,0.781898897322068,2085,7952,584,1807,26,5972,8,1634,11,8
"1221","2020-05-16",118,14,274,301,6983,0.781898897322068,2085,7952,584,1807,33,6005,31,1665,15,31
"1222","2020-05-17",105,14,272,291,6983,0.781898897322068,2085,7952,584,1807,29,6034,20,1685,16,20
"1223","2020-05-18",110,14,264,279,6983,0.781898897322068,2085,7952,584,1807,28,6062,38,1723,11,38
"1224","2020-05-19",99,14,257,260,6983,0.781898897322068,2085,7952,584,1807,31,6093,36,1759,20,36
"1225","2020-05-20",91,14,282,243,6983,0.781898897322068,2085,7952,584,1807,21,6114,40,1799,11,40
"1226","2020-05-21",80,14,256,220,6983,0.781898897322068,2085,7952,584,1807,35,6149,26,1825,22,26
"1227","2020-05-22",64,14,282,201,6983,0.781898897322068,2085,7952,584,1807,20,6169,31,1856,12,31
"1228","2020-05-23",67,14,280,189,6983,0.781898897322068,2085,7952,584,1807,19,6188,14,1870,11,14
"1229","2020-05-24",58,14,268,186,6983,0.781898897322068,2085,7952,584,1807,15,6203,33,1903,9,33
"1230","2020-05-25",47,14,270,173,6983,0.781898897322068,2085,7952,584,1807,17,6220,10,1913,10,10
"1231","2020-05-26",43,14,268,173,6983,0.781898897322068,2085,7952,584,1807,24,6244,11,1924,11,11
"1232","2020-05-27",40,14,258,164,6983,0.781898897322068,2085,7952,584,1807,20,6264,19,1943,10,19
"1233","2020-05-28",41,14,249,155,6983,0.781898897322068,2085,7952,584,1807,17,6281,75,2018,8,75
"1234","2020-05-29",47,14,237,154,6983,0.781898897322068,2085,7952,584,1807,12,6293,34,2052,9,34
"1235","2020-05-30",48,14,245,156,6983,0.781898897322068,2085,7952,584,1807,20,6313,28,2080,11,28
"1236","2020-05-31",41,14,268,149,6983,0.781898897322068,2085,7952,584,1807,21,6334,38,2118,10,38
"1237","2020-06-01",41,14,261,152,6983,0.781898897322068,2085,7952,584,1807,10,6344,21,2139,4,21
"1238","2020-06-02",46,14,257,148,6983,0.781898897322068,2085,7952,584,1807,13,6357,17,2156,9,17
"1239","2020-06-03",47,14,270,141,6983,0.781898897322068,2085,7952,584,1807,12,6369,10,2166,3,10
"1240","2020-06-04",50,14,265,145,6983,0.781898897322068,2085,7952,584,1807,15,6384,8,2174,7,8
"1241","2020-06-05",53,14,270,137,6983,0.781898897322068,2085,7952,584,1807,5,6389,8,2182,1,8
"1242","2020-06-06",46,14,247,132,6983,0.781898897322068,2085,7952,584,1807,12,6401,14,2196,4,14
"1243","2020-06-07",48,14,234,128,6983,0.781898897322068,2085,7952,584,1807,14,6415,45,2241,8,45
"1244","2020-03-13",7,15,249,283,8736,0.415750915750916,2010,9063,824,2501,83,266,21,55,5,21
"1245","2020-03-14",36,15,284,413,8736,0.415750915750916,2010,9063,824,2501,87,353,27,82,14,27
"1246","2020-03-15",54,15,330,565,8736,0.415750915750916,2010,9063,824,2501,106,459,33,115,29,33
"1247","2020-03-16",63,15,313,690,8736,0.415750915750916,2010,9063,824,2501,116,575,33,148,28,33
"1248","2020-03-17",86,15,292,849,8736,0.415750915750916,2010,9063,824,2501,124,699,19,167,43,19
"1249","2020-03-18",106,15,265,1001,8736,0.415750915750916,2010,9063,824,2501,129,828,26,193,50,26
"1250","2020-03-19",148,15,276,1127,8736,0.415750915750916,2010,9063,824,2501,133,961,17,210,52,17
"1251","2020-03-20",245,15,332,1227,8736,0.415750915750916,2010,9063,824,2501,111,1072,24,234,48,24
"1252","2020-03-21",329,15,303,1349,8736,0.415750915750916,2010,9063,824,2501,141,1213,29,263,68,29
"1253","2020-03-22",385,15,271,1441,8736,0.415750915750916,2010,9063,824,2501,134,1347,39,302,65,39
"1254","2020-03-23",404,15,249,1536,8736,0.415750915750916,2010,9063,824,2501,158,1505,57,359,75,57
"1255","2020-03-24",426,15,272,1569,8736,0.415750915750916,2010,9063,824,2501,122,1627,20,379,54,20
"1256","2020-03-25",465,15,285,1649,8736,0.415750915750916,2010,9063,824,2501,160,1787,19,398,72,19
"1257","2020-03-26",480,15,267,1683,8736,0.415750915750916,2010,9063,824,2501,147,1934,43,441,71,43
"1258","2020-03-27",596,15,248,1712,8736,0.415750915750916,2010,9063,824,2501,131,2065,39,480,65,39
"1259","2020-03-28",628,15,225,1714,8736,0.415750915750916,2010,9063,824,2501,154,2219,17,497,62,17
"1260","2020-03-29",575,15,196,1705,8736,0.415750915750916,2010,9063,824,2501,129,2348,22,519,60,22
"1261","2020-03-30",563,15,185,1725,8736,0.415750915750916,2010,9063,824,2501,150,2498,40,559,74,40
"1262","2020-03-31",554,15,249,1725,8736,0.415750915750916,2010,9063,824,2501,117,2615,46,605,49,46
"1263","2020-04-01",549,15,262,1719,8736,0.415750915750916,2010,9063,824,2501,147,2762,32,637,56,32
"1264","2020-04-02",560,15,290,1714,8736,0.415750915750916,2010,9063,824,2501,141,2903,31,668,68,31
"1265","2020-04-03",599,15,284,1728,8736,0.415750915750916,2010,9063,824,2501,142,3045,40,708,68,40
"1266","2020-04-04",558,15,262,1715,8736,0.415750915750916,2010,9063,824,2501,153,3198,45,753,79,45
"1267","2020-04-05",536,15,250,1715,8736,0.415750915750916,2010,9063,824,2501,121,3319,36,789,51,36
"1268","2020-04-06",547,15,262,1695,8736,0.415750915750916,2010,9063,824,2501,123,3442,54,843,52,54
"1269","2020-04-07",540,15,258,1680,8736,0.415750915750916,2010,9063,824,2501,140,3582,49,892,69,49
"1270","2020-04-08",543,15,289,1679,8736,0.415750915750916,2010,9063,824,2501,122,3704,54,946,61,54
"1271","2020-04-09",536,15,274,1689,8736,0.415750915750916,2010,9063,824,2501,111,3815,42,988,32,42
"1272","2020-04-10",574,15,261,1649,8736,0.415750915750916,2010,9063,824,2501,110,3925,25,1013,47,25
"1273","2020-04-11",577,15,231,1618,8736,0.415750915750916,2010,9063,824,2501,110,4035,53,1066,54,53
"1274","2020-04-12",529,15,232,1578,8736,0.415750915750916,2010,9063,824,2501,98,4133,44,1110,34,44
"1275","2020-04-13",518,15,216,1568,8736,0.415750915750916,2010,9063,824,2501,91,4224,24,1134,27,24
"1276","2020-04-14",524,15,196,1533,8736,0.415750915750916,2010,9063,824,2501,99,4323,15,1149,37,15
"1277","2020-04-15",514,15,175,1512,8736,0.415750915750916,2010,9063,824,2501,104,4427,26,1175,37,26
"1278","2020-04-16",494,15,158,1460,8736,0.415750915750916,2010,9063,824,2501,89,4516,16,1191,35,16
"1279","2020-04-17",498,15,168,1405,8736,0.415750915750916,2010,9063,824,2501,86,4602,15,1206,28,15
"1280","2020-04-18",506,15,218,1350,8736,0.415750915750916,2010,9063,824,2501,87,4689,38,1244,27,38
"1281","2020-04-19",462,15,227,1300,8736,0.415750915750916,2010,9063,824,2501,82,4771,61,1305,30,61
"1282","2020-04-20",444,15,223,1250,8736,0.415750915750916,2010,9063,824,2501,85,4856,35,1340,40,35
"1283","2020-04-21",413,15,217,1192,8736,0.415750915750916,2010,9063,824,2501,79,4935,56,1396,23,56
"1284","2020-04-22",410,15,219,1147,8736,0.415750915750916,2010,9063,824,2501,70,5005,38,1434,21,38
"1285","2020-04-23",407,15,261,1107,8736,0.415750915750916,2010,9063,824,2501,86,5091,49,1483,18,49
"1286","2020-04-24",397,15,285,1080,8736,0.415750915750916,2010,9063,824,2501,76,5167,42,1525,18,42
"1287","2020-04-25",359,15,299,1056,8736,0.415750915750916,2010,9063,824,2501,69,5236,75,1600,17,75
"1288","2020-04-26",322,15,293,1028,8736,0.415750915750916,2010,9063,824,2501,79,5315,64,1664,21,64
"1289","2020-04-27",317,15,301,1000,8736,0.415750915750916,2010,9063,824,2501,71,5386,52,1716,19,52
"1290","2020-04-28",317,15,278,980,8736,0.415750915750916,2010,9063,824,2501,53,5439,40,1756,17,40
"1291","2020-04-29",300,15,296,954,8736,0.415750915750916,2010,9063,824,2501,62,5501,30,1786,12,30
"1292","2020-04-30",288,15,272,924,8736,0.415750915750916,2010,9063,824,2501,75,5576,21,1807,24,21
"1293","2020-05-01",283,15,272,911,8736,0.415750915750916,2010,9063,824,2501,61,5637,23,1830,13,23
"1294","2020-05-02",284,15,285,898,8736,0.415750915750916,2010,9063,824,2501,54,5691,16,1846,8,16
"1295","2020-05-03",282,15,267,889,8736,0.415750915750916,2010,9063,824,2501,56,5747,57,1903,12,57
"1296","2020-05-04",271,15,277,864,8736,0.415750915750916,2010,9063,824,2501,61,5808,57,1960,15,57
"1297","2020-05-05",249,15,307,822,8736,0.415750915750916,2010,9063,824,2501,55,5863,53,2013,15,53
"1298","2020-05-06",249,15,306,785,8736,0.415750915750916,2010,9063,824,2501,44,5907,47,2060,7,47
"1299","2020-05-07",249,15,300,759,8736,0.415750915750916,2010,9063,824,2501,50,5957,43,2103,8,43
"1300","2020-05-08",250,15,289,746,8736,0.415750915750916,2010,9063,824,2501,48,6005,41,2144,8,41
"1301","2020-05-09",247,15,295,699,8736,0.415750915750916,2010,9063,824,2501,44,6049,39,2183,13,39
"1302","2020-05-10",228,15,287,666,8736,0.415750915750916,2010,9063,824,2501,52,6101,24,2207,13,24
"1303","2020-05-11",226,15,269,624,8736,0.415750915750916,2010,9063,824,2501,44,6145,17,2224,7,17
"1304","2020-05-12",227,15,262,605,8736,0.415750915750916,2010,9063,824,2501,38,6183,13,2237,6,13
"1305","2020-05-13",221,15,246,563,8736,0.415750915750916,2010,9063,824,2501,35,6218,18,2255,5,18
"1306","2020-05-14",209,15,226,556,8736,0.415750915750916,2010,9063,824,2501,34,6252,29,2284,4,29
"1307","2020-05-15",199,15,227,516,8736,0.415750915750916,2010,9063,824,2501,47,6299,47,2331,10,47
"1308","2020-05-16",184,15,286,488,8736,0.415750915750916,2010,9063,824,2501,38,6337,51,2382,7,51
"1309","2020-05-17",162,15,287,457,8736,0.415750915750916,2010,9063,824,2501,39,6376,64,2446,6,64
"1310","2020-05-18",150,15,285,443,8736,0.415750915750916,2010,9063,824,2501,23,6399,28,2474,4,28
"1311","2020-05-19",137,15,323,437,8736,0.415750915750916,2010,9063,824,2501,29,6428,21,2495,6,21
"1312","2020-05-20",131,15,316,418,8736,0.415750915750916,2010,9063,824,2501,31,6459,22,2517,6,22
"1313","2020-05-21",134,15,271,392,8736,0.415750915750916,2010,9063,824,2501,21,6480,20,2537,8,20
"1314","2020-05-22",126,15,294,371,8736,0.415750915750916,2010,9063,824,2501,25,6505,12,2549,3,12
"1315","2020-05-23",141,15,313,372,8736,0.415750915750916,2010,9063,824,2501,27,6532,13,2562,4,13
"1316","2020-05-24",133,15,321,352,8736,0.415750915750916,2010,9063,824,2501,24,6556,8,2570,7,8
"1317","2020-05-25",124,15,329,335,8736,0.415750915750916,2010,9063,824,2501,23,6579,13,2583,1,13
"1318","2020-05-26",120,15,340,324,8736,0.415750915750916,2010,9063,824,2501,20,6599,13,2596,5,13
"1319","2020-05-27",116,15,343,315,8736,0.415750915750916,2010,9063,824,2501,19,6618,9,2605,6,9
"1320","2020-05-28",114,15,329,298,8736,0.415750915750916,2010,9063,824,2501,17,6635,40,2645,3,40
"1321","2020-05-29",114,15,302,277,8736,0.415750915750916,2010,9063,824,2501,20,6655,16,2661,2,16
"1322","2020-05-30",113,15,274,267,8736,0.415750915750916,2010,9063,824,2501,15,6670,40,2701,1,40
"1323","2020-05-31",105,15,253,247,8736,0.415750915750916,2010,9063,824,2501,13,6683,36,2737,1,36
"1324","2020-06-01",101,15,243,236,8736,0.415750915750916,2010,9063,824,2501,21,6704,22,2759,2,22
"1325","2020-06-02",99,15,281,231,8736,0.415750915750916,2010,9063,824,2501,15,6719,18,2777,4,18
"1326","2020-06-03",94,15,278,225,8736,0.415750915750916,2010,9063,824,2501,13,6732,18,2795,4,18
"1327","2020-06-04",85,15,252,217,8736,0.415750915750916,2010,9063,824,2501,12,6744,15,2810,2,15
"1328","2020-06-05",84,15,225,202,8736,0.415750915750916,2010,9063,824,2501,10,6754,30,2840,2,30
"1329","2020-06-06",77,15,222,186,8736,0.415750915750916,2010,9063,824,2501,9,6763,24,2864,2,24
"1330","2020-06-07",68,15,212,174,8736,0.415750915750916,2010,9063,824,2501,13,6776,14,2878,NA,14
"1331","2020-03-07",1,16,0,0,6898,0.76123514062047,2025,7320,632,1740,NA,NA,NA,NA,NA,NA
"1332","2020-03-08",2,16,0,0,6898,0.76123514062047,2025,7320,632,1740,NA,NA,NA,NA,NA,NA
"1333","2020-03-09",1,16,0,0,6898,0.76123514062047,2025,7320,632,1740,NA,NA,NA,NA,NA,NA
"1334","2020-03-10",0,16,0,0,6898,0.76123514062047,2025,7320,632,1740,NA,NA,8,8,NA,8
"1335","2020-03-11",0,16,0,0,6898,0.76123514062047,2025,7320,632,1740,58,58,47,55,NA,47
"1336","2020-03-12",0,16,0,0,6898,0.76123514062047,2025,7320,632,1740,59,117,33,88,4,33
"1337","2020-03-13",1,16,183,84,6898,0.76123514062047,2025,7320,632,1740,66,183,31,119,13,31
"1338","2020-03-14",7,16,233,125,6898,0.76123514062047,2025,7320,632,1740,80,263,51,170,17,51
"1339","2020-03-15",13,16,267,172,6898,0.76123514062047,2025,7320,632,1740,86,349,49,219,28,49
"1340","2020-03-16",17,16,259,226,6898,0.76123514062047,2025,7320,632,1740,121,470,55,274,56,55
"1341","2020-03-17",20,16,270,283,6898,0.76123514062047,2025,7320,632,1740,99,569,42,316,44,42
"1342","2020-03-18",30,16,271,351,6898,0.76123514062047,2025,7320,632,1740,125,694,46,362,70,46
"1343","2020-03-19",40,16,247,432,6898,0.76123514062047,2025,7320,632,1740,122,816,36,398,65,36
"1344","2020-03-20",72,16,230,527,6898,0.76123514062047,2025,7320,632,1740,164,980,29,427,91,29
"1345","2020-03-21",81,16,210,613,6898,0.76123514062047,2025,7320,632,1740,129,1109,46,473,82,46
"1346","2020-03-22",143,16,213,692,6898,0.76123514062047,2025,7320,632,1740,169,1278,41,514,101,41
"1347","2020-03-23",163,16,206,802,6898,0.76123514062047,2025,7320,632,1740,172,1450,41,555,116,41
"1348","2020-03-24",167,16,206,918,6898,0.76123514062047,2025,7320,632,1740,157,1607,40,595,100,40
"1349","2020-03-25",190,16,201,1006,6898,0.76123514062047,2025,7320,632,1740,164,1771,28,623,114,28
"1350","2020-03-26",212,16,202,1119,6898,0.76123514062047,2025,7320,632,1740,176,1947,37,660,111,37
"1351","2020-03-27",273,16,223,1235,6898,0.76123514062047,2025,7320,632,1740,204,2151,23,683,140,23
"1352","2020-03-28",348,16,228,1360,6898,0.76123514062047,2025,7320,632,1740,163,2314,30,713,118,30
"1353","2020-03-29",401,16,263,1486,6898,0.76123514062047,2025,7320,632,1740,147,2461,47,760,101,47
"1354","2020-03-30",408,16,254,1619,6898,0.76123514062047,2025,7320,632,1740,184,2645,37,797,127,37
"1355","2020-03-31",408,16,229,1704,6898,0.76123514062047,2025,7320,632,1740,140,2785,34,831,95,34
"1356","2020-04-01",439,16,219,1806,6898,0.76123514062047,2025,7320,632,1740,139,2924,34,865,91,34
"1357","2020-04-02",477,16,252,1927,6898,0.76123514062047,2025,7320,632,1740,165,3089,42,907,107,42
"1358","2020-04-03",699,16,263,2025,6898,0.76123514062047,2025,7320,632,1740,157,3246,30,937,104,30
"1359","2020-04-04",723,16,249,2089,6898,0.76123514062047,2025,7320,632,1740,136,3382,26,963,87,26
"1360","2020-04-05",661,16,223,2154,6898,0.76123514062047,2025,7320,632,1740,136,3518,25,988,89,25
"1361","2020-04-06",675,16,253,2199,6898,0.76123514062047,2025,7320,632,1740,117,3635,25,1013,71,25
"1362","2020-04-07",707,16,294,2238,6898,0.76123514062047,2025,7320,632,1740,127,3762,19,1032,78,19
"1363","2020-04-08",717,16,286,2272,6898,0.76123514062047,2025,7320,632,1740,145,3907,18,1050,90,18
"1364","2020-04-09",722,16,273,2238,6898,0.76123514062047,2025,7320,632,1740,136,4043,31,1081,101,31
"1365","2020-04-10",782,16,265,2236,6898,0.76123514062047,2025,7320,632,1740,122,4165,24,1105,83,24
"1366","2020-04-11",783,16,295,2181,6898,0.76123514062047,2025,7320,632,1740,104,4269,45,1150,55,45
"1367","2020-04-12",710,16,292,2118,6898,0.76123514062047,2025,7320,632,1740,125,4394,42,1192,71,42
"1368","2020-04-13",712,16,279,2026,6898,0.76123514062047,2025,7320,632,1740,98,4492,63,1255,60,63
"1369","2020-04-14",697,16,260,1946,6898,0.76123514062047,2025,7320,632,1740,82,4574,53,1308,51,53
"1370","2020-04-15",701,16,238,1850,6898,0.76123514062047,2025,7320,632,1740,116,4690,30,1338,63,30
"1371","2020-04-16",695,16,238,1741,6898,0.76123514062047,2025,7320,632,1740,94,4784,39,1377,47,39
"1372","2020-04-17",633,16,268,1661,6898,0.76123514062047,2025,7320,632,1740,80,4864,29,1406,52,29
"1373","2020-04-18",613,16,281,1550,6898,0.76123514062047,2025,7320,632,1740,90,4954,25,1431,46,25
"1374","2020-04-19",573,16,257,1451,6898,0.76123514062047,2025,7320,632,1740,87,5041,34,1465,49,34
"1375","2020-04-20",554,16,276,1343,6898,0.76123514062047,2025,7320,632,1740,76,5117,27,1492,37,27
"1376","2020-04-21",535,16,281,1237,6898,0.76123514062047,2025,7320,632,1740,65,5182,33,1525,34,33
"1377","2020-04-22",504,16,299,1154,6898,0.76123514062047,2025,7320,632,1740,78,5260,37,1562,38,37
"1378","2020-04-23",472,16,312,1052,6898,0.76123514062047,2025,7320,632,1740,70,5330,35,1597,38,35
"1379","2020-04-24",417,16,334,979,6898,0.76123514062047,2025,7320,632,1740,67,5397,34,1631,29,34
"1380","2020-04-25",400,16,339,883,6898,0.76123514062047,2025,7320,632,1740,61,5458,28,1659,34,28
"1381","2020-04-26",371,16,280,808,6898,0.76123514062047,2025,7320,632,1740,54,5512,31,1690,31,31
"1382","2020-04-27",336,16,266,771,6898,0.76123514062047,2025,7320,632,1740,42,5554,35,1725,17,35
"1383","2020-04-28",311,16,231,729,6898,0.76123514062047,2025,7320,632,1740,58,5612,42,1767,31,42
"1384","2020-04-29",280,16,230,659,6898,0.76123514062047,2025,7320,632,1740,38,5650,31,1798,18,31
"1385","2020-04-30",263,16,215,606,6898,0.76123514062047,2025,7320,632,1740,47,5697,30,1828,15,30
"1386","2020-05-01",217,16,206,556,6898,0.76123514062047,2025,7320,632,1740,59,5756,21,1849,25,21
"1387","2020-05-02",192,16,231,524,6898,0.76123514062047,2025,7320,632,1740,55,5811,37,1886,24,37
"1388","2020-05-03",169,16,220,502,6898,0.76123514062047,2025,7320,632,1740,47,5858,20,1906,24,20
"1389","2020-05-04",162,16,219,471,6898,0.76123514062047,2025,7320,632,1740,48,5906,33,1939,20,33
"1390","2020-05-05",160,16,203,455,6898,0.76123514062047,2025,7320,632,1740,32,5938,47,1986,8,47
"1391","2020-05-06",158,16,217,427,6898,0.76123514062047,2025,7320,632,1740,49,5987,46,2032,17,46
"1392","2020-05-07",158,16,217,396,6898,0.76123514062047,2025,7320,632,1740,48,6035,46,2078,18,46
"1393","2020-05-08",154,16,214,374,6898,0.76123514062047,2025,7320,632,1740,36,6071,66,2144,13,66
"1394","2020-05-09",157,16,249,345,6898,0.76123514062047,2025,7320,632,1740,38,6109,37,2181,15,37
"1395","2020-05-10",147,16,255,320,6898,0.76123514062047,2025,7320,632,1740,40,6149,44,2225,6,44
"1396","2020-05-11",138,16,262,310,6898,0.76123514062047,2025,7320,632,1740,32,6181,27,2252,12,27
"1397","2020-05-12",123,16,273,298,6898,0.76123514062047,2025,7320,632,1740,31,6212,22,2274,13,22
"1398","2020-05-13",118,16,274,293,6898,0.76123514062047,2025,7320,632,1740,24,6236,25,2299,11,25
"1399","2020-05-14",112,16,299,263,6898,0.76123514062047,2025,7320,632,1740,31,6267,24,2323,8,24
"1400","2020-05-15",107,16,295,253,6898,0.76123514062047,2025,7320,632,1740,21,6288,28,2351,5,28
"1401","2020-05-16",95,16,267,236,6898,0.76123514062047,2025,7320,632,1740,27,6315,24,2375,9,24
"1402","2020-05-17",91,16,254,217,6898,0.76123514062047,2025,7320,632,1740,27,6342,31,2406,8,31
"1403","2020-05-18",86,16,237,205,6898,0.76123514062047,2025,7320,632,1740,24,6366,28,2434,8,28
"1404","2020-05-19",79,16,226,190,6898,0.76123514062047,2025,7320,632,1740,24,6390,43,2477,8,43
"1405","2020-05-20",75,16,218,172,6898,0.76123514062047,2025,7320,632,1740,22,6412,54,2531,8,54
"1406","2020-05-21",69,16,269,161,6898,0.76123514062047,2025,7320,632,1740,21,6433,49,2580,3,49
"1407","2020-05-22",59,16,272,156,6898,0.76123514062047,2025,7320,632,1740,20,6453,25,2605,7,25
"1408","2020-05-23",57,16,281,148,6898,0.76123514062047,2025,7320,632,1740,21,6474,20,2625,8,20
"1409","2020-05-24",44,16,306,139,6898,0.76123514062047,2025,7320,632,1740,16,6490,39,2664,3,39
"1410","2020-05-25",45,16,299,124,6898,0.76123514062047,2025,7320,632,1740,16,6506,40,2704,2,40
"1411","2020-05-26",44,16,276,118,6898,0.76123514062047,2025,7320,632,1740,13,6519,27,2731,5,27
"1412","2020-05-27",40,16,262,119,6898,0.76123514062047,2025,7320,632,1740,17,6536,27,2758,5,27
"1413","2020-05-28",33,16,256,104,6898,0.76123514062047,2025,7320,632,1740,14,6550,23,2781,3,23
"1414","2020-05-29",39,16,240,105,6898,0.76123514062047,2025,7320,632,1740,18,6568,55,2836,7,55
"1415","2020-05-30",41,16,227,97,6898,0.76123514062047,2025,7320,632,1740,15,6583,40,2876,4,40
"1416","2020-05-31",32,16,243,86,6898,0.76123514062047,2025,7320,632,1740,13,6596,40,2916,6,40
"1417","2020-06-01",25,16,247,85,6898,0.76123514062047,2025,7320,632,1740,19,6615,26,2942,6,26
"1418","2020-06-02",22,16,242,78,6898,0.76123514062047,2025,7320,632,1740,13,6628,31,2973,3,31
"1419","2020-06-03",24,16,232,70,6898,0.76123514062047,2025,7320,632,1740,16,6644,33,3006,3,33
"1420","2020-06-04",29,16,249,68,6898,0.76123514062047,2025,7320,632,1740,11,6655,37,3043,1,37
"1421","2020-06-05",28,16,254,70,6898,0.76123514062047,2025,7320,632,1740,17,6672,45,3088,6,45
"1422","2020-06-06",23,16,284,68,6898,0.76123514062047,2025,7320,632,1740,11,6683,32,3120,4,32
"1423","2020-06-07",19,16,262,63,6898,0.76123514062047,2025,7320,632,1740,11,6694,37,3157,NA,37
"1424","2020-03-12",1,17,114,107,7303,0.538545803094619,1995,7986,695,1691,23,39,27,61,9,27
"1425","2020-03-13",3,17,109,169,7303,0.538545803094619,1995,7986,695,1691,30,69,17,78,14,17
"1426","2020-03-14",14,17,108,239,7303,0.538545803094619,1995,7986,695,1691,28,97,17,95,17,17
"1427","2020-03-15",24,17,148,307,7303,0.538545803094619,1995,7986,695,1691,38,135,41,136,28,41
"1428","2020-03-16",35,17,154,402,7303,0.538545803094619,1995,7986,695,1691,46,181,27,163,44,27
"1429","2020-03-17",47,17,150,498,7303,0.538545803094619,1995,7986,695,1691,59,240,15,178,47,15
"1430","2020-03-18",61,17,151,579,7303,0.538545803094619,1995,7986,695,1691,50,290,11,189,41,11
"1431","2020-03-19",76,17,186,653,7303,0.538545803094619,1995,7986,695,1691,78,368,7,196,70,7
"1432","2020-03-20",111,17,229,733,7303,0.538545803094619,1995,7986,695,1691,95,463,14,210,86,14
"1433","2020-03-21",138,17,224,825,7303,0.538545803094619,1995,7986,695,1691,68,531,53,263,57,53
"1434","2020-03-22",213,17,256,929,7303,0.538545803094619,1995,7986,695,1691,96,627,21,284,82,21
"1435","2020-03-23",234,17,249,1058,7303,0.538545803094619,1995,7986,695,1691,112,739,22,306,103,22
"1436","2020-03-24",246,17,223,1172,7303,0.538545803094619,1995,7986,695,1691,127,866,63,369,119,63
"1437","2020-03-25",275,17,235,1269,7303,0.538545803094619,1995,7986,695,1691,123,989,56,425,114,56
"1438","2020-03-26",299,17,218,1368,7303,0.538545803094619,1995,7986,695,1691,147,1136,44,469,140,44
"1439","2020-03-27",433,17,202,1502,7303,0.538545803094619,1995,7986,695,1691,161,1297,20,489,147,20
"1440","2020-03-28",506,17,198,1568,7303,0.538545803094619,1995,7986,695,1691,160,1457,20,509,149,20
"1441","2020-03-29",480,17,193,1646,7303,0.538545803094619,1995,7986,695,1691,139,1596,34,543,133,34
"1442","2020-03-30",480,17,216,1704,7303,0.538545803094619,1995,7986,695,1691,229,1825,47,590,219,47
"1443","2020-03-31",478,17,215,1744,7303,0.538545803094619,1995,7986,695,1691,166,1991,31,621,161,31
"1444","2020-04-01",499,17,197,1809,7303,0.538545803094619,1995,7986,695,1691,208,2199,30,651,196,30
"1445","2020-04-02",526,17,212,1835,7303,0.538545803094619,1995,7986,695,1691,204,2403,19,670,188,19
"1446","2020-04-03",643,17,245,1927,7303,0.538545803094619,1995,7986,695,1691,171,2574,24,694,152,24
"1447","2020-04-04",651,17,223,1948,7303,0.538545803094619,1995,7986,695,1691,197,2771,28,722,190,28
"1448","2020-04-05",616,17,214,1966,7303,0.538545803094619,1995,7986,695,1691,205,2976,41,763,195,41
"1449","2020-04-06",621,17,209,1983,7303,0.538545803094619,1995,7986,695,1691,189,3165,25,788,181,25
"1450","2020-04-07",650,17,194,1959,7303,0.538545803094619,1995,7986,695,1691,195,3360,67,855,189,67
"1451","2020-04-08",642,17,207,1954,7303,0.538545803094619,1995,7986,695,1691,173,3533,72,927,167,72
"1452","2020-04-09",646,17,214,1865,7303,0.538545803094619,1995,7986,695,1691,188,3721,64,991,181,64
"1453","2020-04-10",703,17,216,1834,7303,0.538545803094619,1995,7986,695,1691,184,3905,63,1054,177,63
"1454","2020-04-11",687,17,223,1784,7303,0.538545803094619,1995,7986,695,1691,161,4066,66,1120,157,66
"1455","2020-04-12",613,17,222,1699,7303,0.538545803094619,1995,7986,695,1691,147,4213,52,1172,143,52
"1456","2020-04-13",608,17,255,1611,7303,0.538545803094619,1995,7986,695,1691,168,4381,37,1209,160,37
"1457","2020-04-14",577,17,253,1553,7303,0.538545803094619,1995,7986,695,1691,128,4509,54,1263,120,54
"1458","2020-04-15",571,17,291,1508,7303,0.538545803094619,1995,7986,695,1691,141,4650,34,1297,131,34
"1459","2020-04-16",552,17,321,1419,7303,0.538545803094619,1995,7986,695,1691,102,4752,28,1325,96,28
"1460","2020-04-17",492,17,301,1334,7303,0.538545803094619,1995,7986,695,1691,110,4862,15,1340,104,15
"1461","2020-04-18",461,17,289,1298,7303,0.538545803094619,1995,7986,695,1691,110,4972,24,1364,103,24
"1462","2020-04-19",444,17,278,1209,7303,0.538545803094619,1995,7986,695,1691,105,5077,67,1431,99,67
"1463","2020-04-20",414,17,256,1145,7303,0.538545803094619,1995,7986,695,1691,113,5190,40,1471,107,40
"1464","2020-04-21",404,17,227,1078,7303,0.538545803094619,1995,7986,695,1691,85,5275,20,1491,77,20
"1465","2020-04-22",389,17,206,1021,7303,0.538545803094619,1995,7986,695,1691,92,5367,47,1538,84,47
"1466","2020-04-23",378,17,212,964,7303,0.538545803094619,1995,7986,695,1691,76,5443,29,1567,71,29
"1467","2020-04-24",314,17,214,944,7303,0.538545803094619,1995,7986,695,1691,85,5528,36,1603,76,36
"1468","2020-04-25",330,17,223,907,7303,0.538545803094619,1995,7986,695,1691,82,5610,26,1629,75,26
"1469","2020-04-26",304,17,238,879,7303,0.538545803094619,1995,7986,695,1691,68,5678,17,1646,62,17
"1470","2020-04-27",281,17,229,835,7303,0.538545803094619,1995,7986,695,1691,65,5743,11,1657,59,11
"1471","2020-04-28",257,17,214,787,7303,0.538545803094619,1995,7986,695,1691,57,5800,22,1679,53,22
"1472","2020-04-29",249,17,219,759,7303,0.538545803094619,1995,7986,695,1691,54,5854,16,1695,47,16
"1473","2020-04-30",232,17,208,728,7303,0.538545803094619,1995,7986,695,1691,49,5903,64,1759,45,64
"1474","2020-05-01",250,17,228,687,7303,0.538545803094619,1995,7986,695,1691,36,5939,69,1828,30,69
"1475","2020-05-02",224,17,223,654,7303,0.538545803094619,1995,7986,695,1691,20,5959,35,1863,17,35
"1476","2020-05-03",222,17,198,632,7303,0.538545803094619,1995,7986,695,1691,43,6002,30,1893,35,30
"1477","2020-05-04",224,17,183,607,7303,0.538545803094619,1995,7986,695,1691,26,6028,38,1931,23,38
"1478","2020-05-05",212,17,207,594,7303,0.538545803094619,1995,7986,695,1691,24,6052,26,1957,22,26
"1479","2020-05-06",206,17,251,578,7303,0.538545803094619,1995,7986,695,1691,27,6079,23,1980,23,23
"1480","2020-05-07",200,17,234,550,7303,0.538545803094619,1995,7986,695,1691,32,6111,27,2007,28,27
"1481","2020-05-08",206,17,229,524,7303,0.538545803094619,1995,7986,695,1691,26,6137,38,2045,23,38
"1482","2020-05-09",218,17,210,494,7303,0.538545803094619,1995,7986,695,1691,22,6159,22,2067,21,22
"1483","2020-05-10",187,17,219,457,7303,0.538545803094619,1995,7986,695,1691,27,6186,63,2130,20,63
"1484","2020-05-11",173,17,227,440,7303,0.538545803094619,1995,7986,695,1691,20,6206,44,2174,18,44
"1485","2020-05-12",168,17,233,433,7303,0.538545803094619,1995,7986,695,1691,16,6222,32,2206,15,32
"1486","2020-05-13",159,17,216,396,7303,0.538545803094619,1995,7986,695,1691,21,6243,23,2229,17,23
"1487","2020-05-14",154,17,214,384,7303,0.538545803094619,1995,7986,695,1691,18,6261,23,2252,16,23
"1488","2020-05-15",130,17,191,365,7303,0.538545803094619,1995,7986,695,1691,18,6279,42,2294,16,42
"1489","2020-05-16",123,17,188,340,7303,0.538545803094619,1995,7986,695,1691,15,6294,27,2321,9,27
"1490","2020-05-17",119,17,195,338,7303,0.538545803094619,1995,7986,695,1691,12,6306,22,2343,10,22
"1491","2020-05-18",118,17,205,321,7303,0.538545803094619,1995,7986,695,1691,10,6316,49,2392,8,49
"1492","2020-05-19",116,17,228,320,7303,0.538545803094619,1995,7986,695,1691,13,6329,66,2458,9,66
"1493","2020-05-20",115,17,225,302,7303,0.538545803094619,1995,7986,695,1691,14,6343,55,2513,7,55
"1494","2020-05-21",111,17,210,296,7303,0.538545803094619,1995,7986,695,1691,11,6354,26,2539,8,26
"1495","2020-05-22",107,17,239,273,7303,0.538545803094619,1995,7986,695,1691,9,6363,12,2551,4,12
"1496","2020-05-23",106,17,268,260,7303,0.538545803094619,1995,7986,695,1691,10,6373,19,2570,7,19
"1497","2020-05-24",98,17,289,246,7303,0.538545803094619,1995,7986,695,1691,5,6378,17,2587,3,17
"1498","2020-05-25",90,17,279,229,7303,0.538545803094619,1995,7986,695,1691,9,6387,24,2611,8,24
"1499","2020-05-26",86,17,258,220,7303,0.538545803094619,1995,7986,695,1691,5,6392,10,2621,3,10
"1500","2020-05-27",83,17,257,205,7303,0.538545803094619,1995,7986,695,1691,7,6399,8,2629,5,8
"1501","2020-05-28",79,17,245,194,7303,0.538545803094619,1995,7986,695,1691,10,6409,10,2639,8,10
"1502","2020-05-29",64,17,228,185,7303,0.538545803094619,1995,7986,695,1691,6,6415,13,2652,5,13
"1503","2020-05-30",51,17,232,181,7303,0.538545803094619,1995,7986,695,1691,9,6424,25,2677,6,25
"1504","2020-05-31",48,17,215,172,7303,0.538545803094619,1995,7986,695,1691,5,6429,15,2692,4,15
"1505","2020-06-01",51,17,191,172,7303,0.538545803094619,1995,7986,695,1691,11,6440,14,2706,11,14
"1506","2020-06-02",50,17,180,158,7303,0.538545803094619,1995,7986,695,1691,5,6445,30,2736,3,30
"1507","2020-06-03",47,17,199,157,7303,0.538545803094619,1995,7986,695,1691,8,6453,50,2786,4,50
"1508","2020-06-04",52,17,201,149,7303,0.538545803094619,1995,7986,695,1691,5,6458,59,2845,1,59
"1509","2020-06-05",54,17,236,147,7303,0.538545803094619,1995,7986,695,1691,11,6469,57,2902,11,57
"1510","2020-06-06",50,17,241,136,7303,0.538545803094619,1995,7986,695,1691,9,6478,46,2948,7,46
"1511","2020-06-07",56,17,280,135,7303,0.538545803094619,1995,7986,695,1691,6,6484,47,2995,5,47
"1512","2020-03-13",3,18,188,85,6622,0.731501057082452,2055,7459,780,2493,30,58,6,38,18,6
"1513","2020-03-14",13,18,181,122,6622,0.731501057082452,2055,7459,780,2493,17,75,31,69,6,31
"1514","2020-03-15",14,18,167,161,6622,0.731501057082452,2055,7459,780,2493,35,110,57,126,20,57
"1515","2020-03-16",15,18,212,218,6622,0.731501057082452,2055,7459,780,2493,24,134,17,143,10,17
"1516","2020-03-17",20,18,241,275,6622,0.731501057082452,2055,7459,780,2493,41,175,20,163,28,20
"1517","2020-03-18",31,18,221,351,6622,0.731501057082452,2055,7459,780,2493,45,220,6,169,33,6
"1518","2020-03-19",43,18,209,409,6622,0.731501057082452,2055,7459,780,2493,68,288,6,175,55,6
"1519","2020-03-20",77,18,190,482,6622,0.731501057082452,2055,7459,780,2493,67,355,13,188,53,13
"1520","2020-03-21",97,18,170,571,6622,0.731501057082452,2055,7459,780,2493,73,428,40,228,57,40
"1521","2020-03-22",155,18,133,661,6622,0.731501057082452,2055,7459,780,2493,79,507,33,261,63,33
"1522","2020-03-23",165,18,133,741,6622,0.731501057082452,2055,7459,780,2493,98,605,7,268,80,7
"1523","2020-03-24",162,18,155,826,6622,0.731501057082452,2055,7459,780,2493,98,703,9,277,89,9
"1524","2020-03-25",179,18,156,912,6622,0.731501057082452,2055,7459,780,2493,107,810,17,294,95,17
"1525","2020-03-26",196,18,149,1030,6622,0.731501057082452,2055,7459,780,2493,117,927,53,347,105,53
"1526","2020-03-27",273,18,186,1113,6622,0.731501057082452,2055,7459,780,2493,133,1060,64,411,122,64
"1527","2020-03-28",304,18,174,1196,6622,0.731501057082452,2055,7459,780,2493,125,1185,27,438,115,27
"1528","2020-03-29",346,18,223,1273,6622,0.731501057082452,2055,7459,780,2493,173,1358,11,449,162,11
"1529","2020-03-30",365,18,216,1359,6622,0.731501057082452,2055,7459,780,2493,156,1514,14,463,135,14
"1530","2020-03-31",375,18,212,1438,6622,0.731501057082452,2055,7459,780,2493,149,1663,21,484,135,21
"1531","2020-04-01",411,18,198,1487,6622,0.731501057082452,2055,7459,780,2493,170,1833,35,519,147,35
"1532","2020-04-02",442,18,175,1537,6622,0.731501057082452,2055,7459,780,2493,160,1993,18,537,149,18
"1533","2020-04-03",531,18,169,1623,6622,0.731501057082452,2055,7459,780,2493,215,2208,24,561,206,24
"1534","2020-04-04",539,18,151,1670,6622,0.731501057082452,2055,7459,780,2493,217,2425,21,582,207,21
"1535","2020-04-05",532,18,157,1734,6622,0.731501057082452,2055,7459,780,2493,188,2613,35,617,175,35
"1536","2020-04-06",550,18,163,1791,6622,0.731501057082452,2055,7459,780,2493,221,2834,36,653,209,36
"1537","2020-04-07",546,18,166,1814,6622,0.731501057082452,2055,7459,780,2493,165,2999,38,691,156,38
"1538","2020-04-08",552,18,168,1849,6622,0.731501057082452,2055,7459,780,2493,196,3195,32,723,183,32
"1539","2020-04-09",555,18,160,1855,6622,0.731501057082452,2055,7459,780,2493,177,3372,23,746,167,23
"1540","2020-04-10",665,18,162,1827,6622,0.731501057082452,2055,7459,780,2493,196,3568,11,757,185,11
"1541","2020-04-11",685,18,220,1818,6622,0.731501057082452,2055,7459,780,2493,202,3770,8,765,188,8
"1542","2020-04-12",612,18,234,1831,6622,0.731501057082452,2055,7459,780,2493,139,3909,11,776,124,11
"1543","2020-04-13",617,18,262,1826,6622,0.731501057082452,2055,7459,780,2493,137,4046,13,789,129,13
"1544","2020-04-14",619,18,268,1769,6622,0.731501057082452,2055,7459,780,2493,179,4225,14,803,165,14
"1545","2020-04-15",599,18,233,1714,6622,0.731501057082452,2055,7459,780,2493,145,4370,13,816,134,13
"1546","2020-04-16",593,18,232,1666,6622,0.731501057082452,2055,7459,780,2493,124,4494,16,832,117,16
"1547","2020-04-17",601,18,210,1608,6622,0.731501057082452,2055,7459,780,2493,126,4620,19,851,115,19
"1548","2020-04-18",603,18,236,1525,6622,0.731501057082452,2055,7459,780,2493,125,4745,46,897,115,46
"1549","2020-04-19",557,18,272,1476,6622,0.731501057082452,2055,7459,780,2493,117,4862,17,914,108,17
"1550","2020-04-20",525,18,270,1385,6622,0.731501057082452,2055,7459,780,2493,122,4984,21,935,113,21
"1551","2020-04-21",502,18,245,1299,6622,0.731501057082452,2055,7459,780,2493,72,5056,20,955,64,20
"1552","2020-04-22",490,18,214,1215,6622,0.731501057082452,2055,7459,780,2493,89,5145,15,970,78,15
"1553","2020-04-23",476,18,204,1155,6622,0.731501057082452,2055,7459,780,2493,62,5207,4,974,56,4
"1554","2020-04-24",405,18,211,1097,6622,0.731501057082452,2055,7459,780,2493,71,5278,7,981,62,7
"1555","2020-04-25",381,18,235,1014,6622,0.731501057082452,2055,7459,780,2493,55,5333,8,989,48,8
"1556","2020-04-26",333,18,266,954,6622,0.731501057082452,2055,7459,780,2493,43,5376,6,995,36,6
"1557","2020-04-27",324,18,252,888,6622,0.731501057082452,2055,7459,780,2493,55,5431,9,1004,48,9
"1558","2020-04-28",300,18,231,821,6622,0.731501057082452,2055,7459,780,2493,46,5477,13,1017,35,13
"1559","2020-04-29",288,18,229,760,6622,0.731501057082452,2055,7459,780,2493,36,5513,37,1054,35,37
"1560","2020-04-30",273,18,222,705,6622,0.731501057082452,2055,7459,780,2493,44,5557,20,1074,40,20
"1561","2020-05-01",242,18,243,660,6622,0.731501057082452,2055,7459,780,2493,62,5619,19,1093,49,19
"1562","2020-05-02",230,18,244,624,6622,0.731501057082452,2055,7459,780,2493,34,5653,23,1116,28,23
"1563","2020-05-03",224,18,229,579,6622,0.731501057082452,2055,7459,780,2493,41,5694,45,1161,34,45
"1564","2020-05-04",199,18,199,559,6622,0.731501057082452,2055,7459,780,2493,21,5715,19,1180,16,19
"1565","2020-05-05",198,18,229,522,6622,0.731501057082452,2055,7459,780,2493,34,5749,17,1197,27,17
"1566","2020-05-06",192,18,249,497,6622,0.731501057082452,2055,7459,780,2493,25,5774,33,1230,21,33
"1567","2020-05-07",190,18,246,456,6622,0.731501057082452,2055,7459,780,2493,28,5802,22,1252,21,22
"1568","2020-05-08",187,18,209,449,6622,0.731501057082452,2055,7459,780,2493,32,5834,18,1270,26,18
"1569","2020-05-09",189,18,192,432,6622,0.731501057082452,2055,7459,780,2493,16,5850,14,1284,14,14
"1570","2020-05-10",166,18,178,416,6622,0.731501057082452,2055,7459,780,2493,20,5870,11,1295,12,11
"1571","2020-05-11",154,18,180,410,6622,0.731501057082452,2055,7459,780,2493,24,5894,17,1312,18,17
"1572","2020-05-12",145,18,190,387,6622,0.731501057082452,2055,7459,780,2493,14,5908,25,1337,9,25
"1573","2020-05-13",133,18,230,362,6622,0.731501057082452,2055,7459,780,2493,19,5927,21,1358,15,21
"1574","2020-05-14",117,18,252,355,6622,0.731501057082452,2055,7459,780,2493,19,5946,34,1392,10,34
"1575","2020-05-15",107,18,236,319,6622,0.731501057082452,2055,7459,780,2493,10,5956,48,1440,6,48
"1576","2020-05-16",108,18,201,308,6622,0.731501057082452,2055,7459,780,2493,17,5973,48,1488,11,48
"1577","2020-05-17",103,18,213,285,6622,0.731501057082452,2055,7459,780,2493,11,5984,26,1514,7,26
"1578","2020-05-18",98,18,183,275,6622,0.731501057082452,2055,7459,780,2493,18,6002,17,1531,10,17
"1579","2020-05-19",96,18,189,262,6622,0.731501057082452,2055,7459,780,2493,13,6015,19,1550,9,19
"1580","2020-05-20",103,18,182,251,6622,0.731501057082452,2055,7459,780,2493,8,6023,40,1590,4,40
"1581","2020-05-21",101,18,182,244,6622,0.731501057082452,2055,7459,780,2493,7,6030,18,1608,6,18
"1582","2020-05-22",97,18,171,245,6622,0.731501057082452,2055,7459,780,2493,7,6037,14,1622,2,14
"1583","2020-05-23",88,18,161,230,6622,0.731501057082452,2055,7459,780,2493,7,6044,16,1638,6,16
"1584","2020-05-24",88,18,185,228,6622,0.731501057082452,2055,7459,780,2493,4,6048,19,1657,4,19
"1585","2020-05-25",92,18,190,213,6622,0.731501057082452,2055,7459,780,2493,9,6057,18,1675,6,18
"1586","2020-05-26",86,18,186,203,6622,0.731501057082452,2055,7459,780,2493,11,6068,15,1690,5,15
"1587","2020-05-27",78,18,208,186,6622,0.731501057082452,2055,7459,780,2493,6,6074,14,1704,5,14
"1588","2020-05-28",77,18,227,172,6622,0.731501057082452,2055,7459,780,2493,7,6081,12,1716,5,12
"1589","2020-05-29",68,18,273,169,6622,0.731501057082452,2055,7459,780,2493,7,6088,28,1744,2,28
"1590","2020-05-30",62,18,283,164,6622,0.731501057082452,2055,7459,780,2493,6,6094,23,1767,3,23
"1591","2020-05-31",59,18,251,153,6622,0.731501057082452,2055,7459,780,2493,7,6101,14,1781,4,14
"1592","2020-06-01",55,18,209,145,6622,0.731501057082452,2055,7459,780,2493,9,6110,9,1790,5,9
"1593","2020-06-02",49,18,179,144,6622,0.731501057082452,2055,7459,780,2493,9,6119,13,1803,6,13
"1594","2020-06-03",46,18,163,145,6622,0.731501057082452,2055,7459,780,2493,9,6128,8,1811,4,8
"1595","2020-06-04",45,18,151,139,6622,0.731501057082452,2055,7459,780,2493,6,6134,31,1842,4,31
"1596","2020-06-05",50,18,140,128,6622,0.731501057082452,2055,7459,780,2493,3,6137,21,1863,1,21
"1597","2020-06-06",52,18,179,125,6622,0.731501057082452,2055,7459,780,2493,9,6146,20,1883,4,20
"1598","2020-06-07",44,18,179,118,6622,0.731501057082452,2055,7459,780,2493,4,6150,13,1896,2,13
"1599","2020-03-07",1,19,0,0,6510,0.425806451612903,2010,7958,609,1005,NA,NA,NA,NA,NA,NA
"1600","2020-03-08",1,19,0,0,6510,0.425806451612903,2010,7958,609,1005,NA,NA,NA,NA,NA,NA
"1601","2020-03-09",0,19,0,0,6510,0.425806451612903,2010,7958,609,1005,NA,NA,NA,NA,NA,NA
"1602","2020-03-10",0,19,0,0,6510,0.425806451612903,2010,7958,609,1005,NA,NA,7,7,NA,7
"1603","2020-03-11",0,19,0,0,6510,0.425806451612903,2010,7958,609,1005,45,45,22,29,NA,22
"1604","2020-03-12",0,19,0,0,6510,0.425806451612903,2010,7958,609,1005,57,102,34,63,3,34
"1605","2020-03-13",2,19,102,155,6510,0.425806451612903,2010,7958,609,1005,67,169,42,105,11,42
"1606","2020-03-14",19,19,97,210,6510,0.425806451612903,2010,7958,609,1005,76,245,60,165,26,60
"1607","2020-03-15",24,19,101,279,6510,0.425806451612903,2010,7958,609,1005,84,329,29,194,23,29
"1608","2020-03-16",26,19,94,350,6510,0.425806451612903,2010,7958,609,1005,94,423,46,240,53,46
"1609","2020-03-17",36,19,91,439,6510,0.425806451612903,2010,7958,609,1005,119,542,29,269,70,29
"1610","2020-03-18",53,19,86,509,6510,0.425806451612903,2010,7958,609,1005,124,666,22,291,68,22
"1611","2020-03-19",72,19,110,598,6510,0.425806451612903,2010,7958,609,1005,144,810,25,316,98,25
"1612","2020-03-20",118,19,147,662,6510,0.425806451612903,2010,7958,609,1005,129,939,43,359,80,43
"1613","2020-03-21",157,19,171,749,6510,0.425806451612903,2010,7958,609,1005,145,1084,27,386,96,27
"1614","2020-03-22",216,19,157,824,6510,0.425806451612903,2010,7958,609,1005,183,1267,83,469,125,83
"1615","2020-03-23",230,19,146,894,6510,0.425806451612903,2010,7958,609,1005,164,1431,19,488,113,19
"1616","2020-03-24",244,19,200,963,6510,0.425806451612903,2010,7958,609,1005,197,1628,20,508,157,20
"1617","2020-03-25",252,19,229,1028,6510,0.425806451612903,2010,7958,609,1005,192,1820,26,534,141,26
"1618","2020-03-26",276,19,262,1070,6510,0.425806451612903,2010,7958,609,1005,194,2014,12,546,146,12
"1619","2020-03-27",324,19,263,1118,6510,0.425806451612903,2010,7958,609,1005,243,2257,40,586,191,40
"1620","2020-03-28",347,19,289,1181,6510,0.425806451612903,2010,7958,609,1005,203,2460,53,639,154,53
"1621","2020-03-29",360,19,289,1233,6510,0.425806451612903,2010,7958,609,1005,204,2664,57,696,154,57
"1622","2020-03-30",365,19,286,1233,6510,0.425806451612903,2010,7958,609,1005,246,2910,31,727,199,31
"1623","2020-03-31",354,19,304,1277,6510,0.425806451612903,2010,7958,609,1005,192,3102,14,741,155,14
"1624","2020-04-01",363,19,269,1292,6510,0.425806451612903,2010,7958,609,1005,231,3333,17,758,177,17
"1625","2020-04-02",366,19,240,1286,6510,0.425806451612903,2010,7958,609,1005,210,3543,71,829,167,71
"1626","2020-04-03",446,19,232,1302,6510,0.425806451612903,2010,7958,609,1005,184,3727,27,856,142,27
"1627","2020-04-04",485,19,261,1303,6510,0.425806451612903,2010,7958,609,1005,189,3916,23,879,148,23
"1628","2020-04-05",445,19,264,1320,6510,0.425806451612903,2010,7958,609,1005,154,4070,68,947,103,68
"1629","2020-04-06",440,19,254,1301,6510,0.425806451612903,2010,7958,609,1005,213,4283,44,991,166,44
"1630","2020-04-07",445,19,235,1308,6510,0.425806451612903,2010,7958,609,1005,169,4452,44,1035,128,44
"1631","2020-04-08",446,19,214,1333,6510,0.425806451612903,2010,7958,609,1005,171,4623,53,1088,141,53
"1632","2020-04-09",456,19,215,1318,6510,0.425806451612903,2010,7958,609,1005,153,4776,38,1126,110,38
"1633","2020-04-10",474,19,209,1310,6510,0.425806451612903,2010,7958,609,1005,143,4919,57,1183,110,57
"1634","2020-04-11",439,19,228,1301,6510,0.425806451612903,2010,7958,609,1005,139,5058,53,1236,111,53
"1635","2020-04-12",422,19,216,1281,6510,0.425806451612903,2010,7958,609,1005,127,5185,51,1287,87,51
"1636","2020-04-13",416,19,196,1276,6510,0.425806451612903,2010,7958,609,1005,99,5284,26,1313,64,26
"1637","2020-04-14",408,19,197,1255,6510,0.425806451612903,2010,7958,609,1005,94,5378,27,1340,72,27
"1638","2020-04-15",430,19,190,1244,6510,0.425806451612903,2010,7958,609,1005,91,5469,14,1354,63,14
"1639","2020-04-16",409,19,209,1194,6510,0.425806451612903,2010,7958,609,1005,85,5554,29,1383,54,29
"1640","2020-04-17",447,19,232,1194,6510,0.425806451612903,2010,7958,609,1005,81,5635,36,1419,52,36
"1641","2020-04-18",440,19,243,1188,6510,0.425806451612903,2010,7958,609,1005,84,5719,17,1436,48,17
"1642","2020-04-19",405,19,224,1140,6510,0.425806451612903,2010,7958,609,1005,87,5806,20,1456,55,20
"1643","2020-04-20",389,19,240,1127,6510,0.425806451612903,2010,7958,609,1005,65,5871,6,1462,45,6
"1644","2020-04-21",384,19,252,1091,6510,0.425806451612903,2010,7958,609,1005,74,5945,12,1474,42,12
"1645","2020-04-22",374,19,247,1074,6510,0.425806451612903,2010,7958,609,1005,52,5997,37,1511,31,37
"1646","2020-04-23",370,19,277,1049,6510,0.425806451612903,2010,7958,609,1005,58,6055,17,1528,29,17
"1647","2020-04-24",336,19,281,1009,6510,0.425806451612903,2010,7958,609,1005,58,6113,17,1545,33,17
"1648","2020-04-25",344,19,296,958,6510,0.425806451612903,2010,7958,609,1005,29,6142,17,1562,17,17
"1649","2020-04-26",322,19,305,907,6510,0.425806451612903,2010,7958,609,1005,34,6176,55,1617,16,55
"1650","2020-04-27",321,19,310,895,6510,0.425806451612903,2010,7958,609,1005,36,6212,26,1643,21,26
"1651","2020-04-28",304,19,319,847,6510,0.425806451612903,2010,7958,609,1005,28,6240,12,1655,14,12
"1652","2020-04-29",291,19,288,807,6510,0.425806451612903,2010,7958,609,1005,42,6282,37,1692,15,37
"1653","2020-04-30",289,19,258,781,6510,0.425806451612903,2010,7958,609,1005,32,6314,24,1716,15,24
"1654","2020-05-01",295,19,252,758,6510,0.425806451612903,2010,7958,609,1005,38,6352,61,1777,14,61
"1655","2020-05-02",275,19,255,734,6510,0.425806451612903,2010,7958,609,1005,33,6385,78,1855,14,78
"1656","2020-05-03",249,19,255,698,6510,0.425806451612903,2010,7958,609,1005,27,6412,64,1919,9,64
"1657","2020-05-04",239,19,260,680,6510,0.425806451612903,2010,7958,609,1005,20,6432,56,1975,8,56
"1658","2020-05-05",234,19,245,666,6510,0.425806451612903,2010,7958,609,1005,33,6465,24,1999,10,24
"1659","2020-05-06",218,19,254,653,6510,0.425806451612903,2010,7958,609,1005,25,6490,19,2018,7,19
"1660","2020-05-07",214,19,250,619,6510,0.425806451612903,2010,7958,609,1005,34,6524,14,2032,11,14
"1661","2020-05-08",209,19,262,610,6510,0.425806451612903,2010,7958,609,1005,34,6558,16,2048,13,16
"1662","2020-05-09",218,19,300,581,6510,0.425806451612903,2010,7958,609,1005,31,6589,19,2067,8,19
"1663","2020-05-10",199,19,323,562,6510,0.425806451612903,2010,7958,609,1005,27,6616,54,2121,11,54
"1664","2020-05-11",190,19,309,553,6510,0.425806451612903,2010,7958,609,1005,26,6642,26,2147,8,26
"1665","2020-05-12",184,19,262,530,6510,0.425806451612903,2010,7958,609,1005,18,6660,13,2160,4,13
"1666","2020-05-13",179,19,246,501,6510,0.425806451612903,2010,7958,609,1005,17,6677,3,2163,5,3
"1667","2020-05-14",169,19,261,477,6510,0.425806451612903,2010,7958,609,1005,23,6700,11,2174,5,11
"1668","2020-05-15",151,19,259,464,6510,0.425806451612903,2010,7958,609,1005,16,6716,8,2182,4,8
"1669","2020-05-16",143,19,234,451,6510,0.425806451612903,2010,7958,609,1005,13,6729,9,2191,3,9
"1670","2020-05-17",148,19,218,439,6510,0.425806451612903,2010,7958,609,1005,19,6748,42,2233,2,42
"1671","2020-05-18",142,19,202,424,6510,0.425806451612903,2010,7958,609,1005,21,6769,37,2270,4,37
"1672","2020-05-19",132,19,194,400,6510,0.425806451612903,2010,7958,609,1005,15,6784,20,2290,5,20
"1673","2020-05-20",137,19,230,397,6510,0.425806451612903,2010,7958,609,1005,17,6801,32,2322,5,32
"1674","2020-05-21",144,19,239,387,6510,0.425806451612903,2010,7958,609,1005,18,6819,20,2342,7,20
"1675","2020-05-22",155,19,238,369,6510,0.425806451612903,2010,7958,609,1005,13,6832,18,2360,3,18
"1676","2020-05-23",148,19,220,354,6510,0.425806451612903,2010,7958,609,1005,11,6843,12,2372,2,12
"1677","2020-05-24",120,19,212,328,6510,0.425806451612903,2010,7958,609,1005,8,6851,10,2382,1,10
"1678","2020-05-25",124,19,219,310,6510,0.425806451612903,2010,7958,609,1005,6,6857,11,2393,2,11
"1679","2020-05-26",113,19,242,298,6510,0.425806451612903,2010,7958,609,1005,14,6871,13,2406,3,13
"1680","2020-05-27",104,19,251,282,6510,0.425806451612903,2010,7958,609,1005,11,6882,21,2427,2,21
"1681","2020-05-28",91,19,244,278,6510,0.425806451612903,2010,7958,609,1005,17,6899,65,2492,4,65
"1682","2020-05-29",71,19,257,268,6510,0.425806451612903,2010,7958,609,1005,10,6909,64,2556,2,64
"1683","2020-05-30",74,19,246,251,6510,0.425806451612903,2010,7958,609,1005,14,6923,28,2584,3,28
"1684","2020-05-31",77,19,235,233,6510,0.425806451612903,2010,7958,609,1005,10,6933,22,2606,1,22
"1685","2020-06-01",69,19,217,229,6510,0.425806451612903,2010,7958,609,1005,6,6939,57,2663,2,57
"1686","2020-06-02",78,19,212,223,6510,0.425806451612903,2010,7958,609,1005,7,6946,59,2722,1,59
"1687","2020-06-03",76,19,198,219,6510,0.425806451612903,2010,7958,609,1005,8,6954,36,2758,3,36
"1688","2020-06-04",74,19,182,230,6510,0.425806451612903,2010,7958,609,1005,6,6960,57,2815,2,57
"1689","2020-06-05",78,19,168,221,6510,0.425806451612903,2010,7958,609,1005,5,6965,81,2896,1,81
"1690","2020-06-06",72,19,189,210,6510,0.425806451612903,2010,7958,609,1005,6,6971,60,2956,2,60
"1691","2020-06-07",72,19,184,206,6510,0.425806451612903,2010,7958,609,1005,8,6979,68,3024,1,68
"1692","2020-03-08",1,20,0,0,6335,0.874191002367798,2040,7390,612,1825,NA,NA,NA,NA,NA,NA
"1693","2020-03-09",1,20,0,0,6335,0.874191002367798,2040,7390,612,1825,NA,NA,NA,NA,NA,NA
"1694","2020-03-10",0,20,0,0,6335,0.874191002367798,2040,7390,612,1825,NA,NA,1,1,NA,1
"1695","2020-03-11",0,20,0,0,6335,0.874191002367798,2040,7390,612,1825,18,18,16,17,NA,16
"1696","2020-03-12",0,20,0,0,6335,0.874191002367798,2040,7390,612,1825,23,41,19,36,1,19
"1697","2020-03-13",1,20,141,55,6335,0.874191002367798,2040,7390,612,1825,22,63,32,68,4,32
"1698","2020-03-14",9,20,154,82,6335,0.874191002367798,2040,7390,612,1825,31,94,33,101,10,33
"1699","2020-03-15",14,20,203,114,6335,0.874191002367798,2040,7390,612,1825,36,130,53,154,13,53
"1700","2020-03-16",14,20,207,153,6335,0.874191002367798,2040,7390,612,1825,48,178,29,183,28,29
"1701","2020-03-17",19,20,199,194,6335,0.874191002367798,2040,7390,612,1825,48,226,46,229,25,46
"1702","2020-03-18",26,20,194,254,6335,0.874191002367798,2040,7390,612,1825,61,287,34,263,37,34
"1703","2020-03-19",37,20,234,302,6335,0.874191002367798,2040,7390,612,1825,49,336,58,321,33,58
"1704","2020-03-20",52,20,237,359,6335,0.874191002367798,2040,7390,612,1825,77,413,39,360,56,39
"1705","2020-03-21",80,20,277,439,6335,0.874191002367798,2040,7390,612,1825,95,508,57,417,74,57
"1706","2020-03-22",104,20,307,498,6335,0.874191002367798,2040,7390,612,1825,109,617,44,461,93,44
"1707","2020-03-23",113,20,262,582,6335,0.874191002367798,2040,7390,612,1825,112,729,45,506,89,45
"1708","2020-03-24",122,20,243,699,6335,0.874191002367798,2040,7390,612,1825,91,820,50,556,75,50
"1709","2020-03-25",136,20,220,788,6335,0.874191002367798,2040,7390,612,1825,137,957,34,590,116,34
"1710","2020-03-26",154,20,207,861,6335,0.874191002367798,2040,7390,612,1825,149,1106,41,631,122,41
"1711","2020-03-27",245,20,206,951,6335,0.874191002367798,2040,7390,612,1825,149,1255,39,670,131,39
"1712","2020-03-28",293,20,200,1055,6335,0.874191002367798,2040,7390,612,1825,157,1412,31,701,136,31
"1713","2020-03-29",307,20,174,1130,6335,0.874191002367798,2040,7390,612,1825,154,1566,17,718,135,17
"1714","2020-03-30",313,20,154,1242,6335,0.874191002367798,2040,7390,612,1825,163,1729,20,738,145,20
"1715","2020-03-31",322,20,136,1346,6335,0.874191002367798,2040,7390,612,1825,146,1875,25,763,129,25
"1716","2020-04-01",346,20,147,1405,6335,0.874191002367798,2040,7390,612,1825,182,2057,23,786,163,23
"1717","2020-04-02",364,20,140,1541,6335,0.874191002367798,2040,7390,612,1825,160,2217,31,817,139,31
"1718","2020-04-03",491,20,214,1647,6335,0.874191002367798,2040,7390,612,1825,182,2399,45,862,162,45
"1719","2020-04-04",503,20,230,1710,6335,0.874191002367798,2040,7390,612,1825,157,2556,52,914,135,52
"1720","2020-04-05",473,20,278,1759,6335,0.874191002367798,2040,7390,612,1825,191,2747,64,978,175,64
"1721","2020-04-06",482,20,259,1800,6335,0.874191002367798,2040,7390,612,1825,201,2948,49,1027,181,49
"1722","2020-04-07",494,20,249,1859,6335,0.874191002367798,2040,7390,612,1825,196,3144,45,1072,183,45
"1723","2020-04-08",517,20,220,1927,6335,0.874191002367798,2040,7390,612,1825,201,3345,24,1096,182,24
"1724","2020-04-09",548,20,193,1944,6335,0.874191002367798,2040,7390,612,1825,197,3542,41,1137,176,41
"1725","2020-04-10",643,20,199,1972,6335,0.874191002367798,2040,7390,612,1825,170,3712,28,1165,149,28
"1726","2020-04-11",658,20,256,1982,6335,0.874191002367798,2040,7390,612,1825,168,3880,42,1207,152,42
"1727","2020-04-12",645,20,289,1938,6335,0.874191002367798,2040,7390,612,1825,153,4033,50,1257,134,50
"1728","2020-04-13",666,20,349,1924,6335,0.874191002367798,2040,7390,612,1825,157,4190,41,1298,140,41
"1729","2020-04-14",668,20,327,1886,6335,0.874191002367798,2040,7390,612,1825,155,4345,40,1338,140,40
"1730","2020-04-15",679,20,285,1847,6335,0.874191002367798,2040,7390,612,1825,134,4479,34,1372,124,34
"1731","2020-04-16",665,20,272,1781,6335,0.874191002367798,2040,7390,612,1825,121,4600,53,1425,108,53
"1732","2020-04-17",713,20,247,1730,6335,0.874191002367798,2040,7390,612,1825,153,4753,36,1461,145,36
"1733","2020-04-18",693,20,225,1679,6335,0.874191002367798,2040,7390,612,1825,106,4859,56,1517,82,56
"1734","2020-04-19",622,20,208,1609,6335,0.874191002367798,2040,7390,612,1825,94,4953,39,1556,80,39
"1735","2020-04-20",604,20,177,1525,6335,0.874191002367798,2040,7390,612,1825,88,5041,63,1619,78,63
"1736","2020-04-21",590,20,168,1432,6335,0.874191002367798,2040,7390,612,1825,97,5138,54,1673,81,54
"1737","2020-04-22",557,20,160,1373,6335,0.874191002367798,2040,7390,612,1825,86,5224,45,1718,73,45
"1738","2020-04-23",549,20,137,1286,6335,0.874191002367798,2040,7390,612,1825,57,5281,42,1760,47,42
"1739","2020-04-24",471,20,154,1193,6335,0.874191002367798,2040,7390,612,1825,64,5345,49,1809,58,49
"1740","2020-04-25",469,20,150,1122,6335,0.874191002367798,2040,7390,612,1825,71,5416,32,1841,64,32
"1741","2020-04-26",447,20,143,1031,6335,0.874191002367798,2040,7390,612,1825,62,5478,30,1871,50,30
"1742","2020-04-27",432,20,137,941,6335,0.874191002367798,2040,7390,612,1825,59,5537,38,1909,43,38
"1743","2020-04-28",397,20,155,863,6335,0.874191002367798,2040,7390,612,1825,52,5589,28,1937,44,28
"1744","2020-04-29",381,20,155,774,6335,0.874191002367798,2040,7390,612,1825,46,5635,28,1965,35,28
"1745","2020-04-30",349,20,165,729,6335,0.874191002367798,2040,7390,612,1825,41,5676,62,2027,26,62
"1746","2020-05-01",306,20,214,657,6335,0.874191002367798,2040,7390,612,1825,31,5707,55,2082,23,55
"1747","2020-05-02",281,20,280,610,6335,0.874191002367798,2040,7390,612,1825,46,5753,51,2133,38,51
"1748","2020-05-03",247,20,281,556,6335,0.874191002367798,2040,7390,612,1825,44,5797,34,2167,33,34
"1749","2020-05-04",225,20,299,519,6335,0.874191002367798,2040,7390,612,1825,34,5831,28,2195,27,28
"1750","2020-05-05",223,20,339,471,6335,0.874191002367798,2040,7390,612,1825,32,5863,36,2231,22,36
"1751","2020-05-06",210,20,393,429,6335,0.874191002367798,2040,7390,612,1825,25,5888,53,2284,15,53
"1752","2020-05-07",200,20,359,392,6335,0.874191002367798,2040,7390,612,1825,23,5911,44,2328,11,44
"1753","2020-05-08",160,20,329,374,6335,0.874191002367798,2040,7390,612,1825,21,5932,59,2387,13,59
"1754","2020-05-09",145,20,317,368,6335,0.874191002367798,2040,7390,612,1825,30,5962,62,2449,23,62
"1755","2020-05-10",129,20,310,333,6335,0.874191002367798,2040,7390,612,1825,26,5988,54,2503,14,54
"1756","2020-05-11",111,20,307,322,6335,0.874191002367798,2040,7390,612,1825,23,6011,40,2543,13,40
"1757","2020-05-12",99,20,311,296,6335,0.874191002367798,2040,7390,612,1825,16,6027,38,2581,9,38
"1758","2020-05-13",98,20,306,277,6335,0.874191002367798,2040,7390,612,1825,19,6046,60,2641,9,60
"1759","2020-05-14",90,20,276,246,6335,0.874191002367798,2040,7390,612,1825,17,6063,28,2669,9,28
"1760","2020-05-15",81,20,272,249,6335,0.874191002367798,2040,7390,612,1825,15,6078,26,2695,9,26
"1761","2020-05-16",78,20,257,236,6335,0.874191002367798,2040,7390,612,1825,19,6097,26,2721,12,26
"1762","2020-05-17",90,20,229,220,6335,0.874191002367798,2040,7390,612,1825,14,6111,51,2772,7,51
"1763","2020-05-18",92,20,252,211,6335,0.874191002367798,2040,7390,612,1825,11,6122,46,2818,4,46
"1764","2020-05-19",84,20,228,204,6335,0.874191002367798,2040,7390,612,1825,14,6136,38,2856,7,38
"1765","2020-05-20",77,20,216,196,6335,0.874191002367798,2040,7390,612,1825,10,6146,38,2894,9,38
"1766","2020-05-21",78,20,275,179,6335,0.874191002367798,2040,7390,612,1825,11,6157,31,2925,3,31
"1767","2020-05-22",77,20,310,171,6335,0.874191002367798,2040,7390,612,1825,10,6167,23,2948,5,23
"1768","2020-05-23",79,20,330,160,6335,0.874191002367798,2040,7390,612,1825,15,6182,32,2980,6,32
"1769","2020-05-24",60,20,317,146,6335,0.874191002367798,2040,7390,612,1825,9,6191,41,3021,4,41
"1770","2020-05-25",51,20,300,139,6335,0.874191002367798,2040,7390,612,1825,9,6200,36,3057,5,36
"1771","2020-05-26",47,20,291,131,6335,0.874191002367798,2040,7390,612,1825,6,6206,31,3088,2,31
"1772","2020-05-27",43,20,323,130,6335,0.874191002367798,2040,7390,612,1825,10,6216,27,3115,4,27
"1773","2020-05-28",42,20,311,127,6335,0.874191002367798,2040,7390,612,1825,12,6228,33,3148,6,33
"1774","2020-05-29",48,20,339,121,6335,0.874191002367798,2040,7390,612,1825,6,6234,33,3181,4,33
"1775","2020-05-30",42,20,311,121,6335,0.874191002367798,2040,7390,612,1825,9,6243,22,3203,5,22
"1776","2020-05-31",44,20,279,117,6335,0.874191002367798,2040,7390,612,1825,7,6250,27,3230,2,27
"1777","2020-06-01",44,20,259,104,6335,0.874191002367798,2040,7390,612,1825,4,6254,20,3250,2,20
"1778","2020-06-02",40,20,286,101,6335,0.874191002367798,2040,7390,612,1825,1,6255,33,3283,1,33
"1779","2020-06-03",42,20,271,99,6335,0.874191002367798,2040,7390,612,1825,8,6263,32,3315,4,32
"1780","2020-06-04",43,20,230,99,6335,0.874191002367798,2040,7390,612,1825,1,6264,35,3350,NA,35
"1781","2020-06-05",39,20,196,96,6335,0.874191002367798,2040,7390,612,1825,6,6270,45,3395,4,45
"1782","2020-06-06",42,20,187,90,6335,0.874191002367798,2040,7390,612,1825,5,6275,40,3435,1,40
"1783","2020-06-07",36,20,169,88,6335,0.874191002367798,2040,7390,612,1825,6,6281,36,3471,2,36
