"","Date","Absents","Paramset","Infections_or_Exposed_per_day_Patient","Infections_or_Exposed_per_day_HCW","total_infections","nosocomial_proportion","PCR_pooled","LFD_pooled","HCW_symp_test","patient_symp_test","new_hcw_infs","cumulative_hcw_infs","new_pat_infs","cumulative_pats_infs","new_nosocomial_hcw_infs","new_nosocomial_pat_infs"
"1","2020-03-14",6,1,46,198,7634,0.659549384333246,0,0,601,548,60,198,13,36,17,13
"2","2020-03-15",13,1,68,253,7634,0.659549384333246,0,0,601,548,56,254,21,57,15,21
"3","2020-03-16",25,1,68,343,7634,0.659549384333246,0,0,601,548,90,344,12,69,49,12
"4","2020-03-17",40,1,75,409,7634,0.659549384333246,0,0,601,548,68,412,16,85,26,16
"5","2020-03-18",58,1,80,482,7634,0.659549384333246,0,0,601,548,81,493,9,94,40,9
"6","2020-03-19",81,1,90,566,7634,0.659549384333246,0,0,601,548,97,590,30,124,59,30
"7","2020-03-20",106,1,91,658,7634,0.659549384333246,0,0,601,548,106,696,13,137,67,13
"8","2020-03-21",128,1,95,766,7634,0.659549384333246,0,0,601,548,129,825,22,159,85,22
"9","2020-03-22",147,1,94,868,7634,0.659549384333246,0,0,601,548,126,951,20,179,76,20
"10","2020-03-23",167,1,97,978,7634,0.659549384333246,0,0,601,548,139,1090,13,192,95,13
"11","2020-03-24",178,1,97,1043,7634,0.659549384333246,0,0,601,548,125,1215,12,204,94,12
"12","2020-03-25",199,1,92,1132,7634,0.659549384333246,0,0,601,548,148,1363,17,221,106,17
"13","2020-03-26",212,1,122,1220,7634,0.659549384333246,0,0,601,548,151,1514,32,253,113,32
"14","2020-03-27",247,1,131,1300,7634,0.659549384333246,0,0,601,548,163,1677,28,281,120,28
"15","2020-03-28",260,1,138,1388,7634,0.659549384333246,0,0,601,548,186,1863,28,309,146,28
"16","2020-03-29",282,1,146,1495,7634,0.659549384333246,0,0,601,548,198,2061,21,330,164,21
"17","2020-03-30",296,1,130,1592,7634,0.659549384333246,0,0,601,548,196,2257,16,346,169,16
"18","2020-03-31",354,1,139,1713,7634,0.659549384333246,0,0,601,548,211,2468,35,381,154,35
"19","2020-04-01",399,1,167,1817,7634,0.659549384333246,0,0,601,548,213,2681,43,424,168,43
"20","2020-04-02",435,1,153,1906,7634,0.659549384333246,0,0,601,548,211,2892,22,446,168,22
"21","2020-04-03",442,1,148,2024,7634,0.659549384333246,0,0,601,548,231,3123,18,464,192,18
"22","2020-04-04",497,1,152,2099,7634,0.659549384333246,0,0,601,548,199,3322,26,490,162,26
"23","2020-04-05",533,1,158,2167,7634,0.659549384333246,0,0,601,548,214,3536,30,520,184,30
"24","2020-04-06",562,1,153,2223,7634,0.659549384333246,0,0,601,548,213,3749,29,549,175,29
"25","2020-04-07",567,1,162,2247,7634,0.659549384333246,0,0,601,548,194,3943,28,577,158,28
"26","2020-04-08",565,1,175,2279,7634,0.659549384333246,0,0,601,548,200,4143,40,617,167,40
"27","2020-04-09",586,1,187,2271,7634,0.659549384333246,0,0,601,548,197,4340,39,656,170,39
"28","2020-04-10",615,1,214,2286,7634,0.659549384333246,0,0,601,548,199,4539,60,716,163,60
"29","2020-04-11",600,1,202,2245,7634,0.659549384333246,0,0,601,548,170,4709,32,748,140,32
"30","2020-04-12",609,1,184,2176,7634,0.659549384333246,0,0,601,548,137,4846,32,780,104,32
"31","2020-04-13",636,1,185,2068,7634,0.659549384333246,0,0,601,548,115,4961,31,811,95,31
"32","2020-04-14",642,1,205,2024,7634,0.659549384333246,0,0,601,548,146,5107,51,862,122,51
"33","2020-04-15",639,1,218,1929,7634,0.659549384333246,0,0,601,548,134,5241,41,903,114,41
"34","2020-04-16",621,1,221,1822,7634,0.659549384333246,0,0,601,548,109,5350,34,937,85,34
"35","2020-04-17",591,1,233,1737,7634,0.659549384333246,0,0,601,548,114,5464,44,981,91,44
"36","2020-04-18",588,1,223,1661,7634,0.659549384333246,0,0,601,548,100,5564,42,1023,85,42
"37","2020-04-19",555,1,214,1613,7634,0.659549384333246,0,0,601,548,106,5670,30,1053,79,30
"38","2020-04-20",503,1,221,1537,7634,0.659549384333246,0,0,601,548,99,5769,46,1099,77,46
"39","2020-04-21",475,1,216,1473,7634,0.659549384333246,0,0,601,548,101,5870,35,1134,79,35
"40","2020-04-22",454,1,192,1401,7634,0.659549384333246,0,0,601,548,82,5952,19,1153,65,19
"41","2020-04-23",416,1,172,1312,7634,0.659549384333246,0,0,601,548,71,6023,24,1177,57,24
"42","2020-04-24",405,1,194,1212,7634,0.659549384333246,0,0,601,548,47,6070,48,1225,37,48
"43","2020-04-25",372,1,195,1128,7634,0.659549384333246,0,0,601,548,59,6129,33,1258,38,33
"44","2020-04-26",363,1,213,1047,7634,0.659549384333246,0,0,601,548,47,6176,42,1300,37,42
"45","2020-04-27",360,1,224,966,7634,0.659549384333246,0,0,601,548,48,6224,49,1349,32,49
"46","2020-04-28",320,1,220,905,7634,0.659549384333246,0,0,601,548,50,6274,41,1390,30,41
"47","2020-04-29",287,1,257,807,7634,0.659549384333246,0,0,601,548,38,6312,57,1447,19,57
"48","2020-04-30",276,1,264,728,7634,0.659549384333246,0,0,601,548,39,6351,55,1502,20,55
"49","2020-05-01",251,1,248,671,7634,0.659549384333246,0,0,601,548,34,6385,39,1541,22,39
"50","2020-05-02",231,1,226,633,7634,0.659549384333246,0,0,601,548,39,6424,29,1570,23,29
"51","2020-05-03",201,1,226,577,7634,0.659549384333246,0,0,601,548,25,6449,41,1611,15,41
"52","2020-05-04",175,1,201,549,7634,0.659549384333246,0,0,601,548,35,6484,16,1627,21,16
"53","2020-05-05",168,1,188,508,7634,0.659549384333246,0,0,601,548,25,6509,24,1651,15,24
"54","2020-05-06",169,1,169,470,7634,0.659549384333246,0,0,601,548,26,6535,13,1664,13,13
"55","2020-05-07",162,1,142,435,7634,0.659549384333246,0,0,601,548,25,6560,13,1677,14,13
"56","2020-05-08",148,1,151,404,7634,0.659549384333246,0,0,601,548,19,6579,33,1710,11,33
"57","2020-05-09",138,1,177,374,7634,0.659549384333246,0,0,601,548,14,6593,38,1748,7,38
"58","2020-05-10",131,1,167,345,7634,0.659549384333246,0,0,601,548,21,6614,25,1773,9,25
"59","2020-05-11",121,1,156,310,7634,0.659549384333246,0,0,601,548,21,6635,12,1785,7,12
"60","2020-05-12",109,1,146,296,7634,0.659549384333246,0,0,601,548,17,6652,24,1809,7,24
"61","2020-05-13",93,1,157,280,7634,0.659549384333246,0,0,601,548,22,6674,24,1833,11,24
"62","2020-05-14",89,1,178,264,7634,0.659549384333246,0,0,601,548,10,6684,45,1878,2,45
"63","2020-05-15",80,1,180,250,7634,0.659549384333246,0,0,601,548,17,6701,31,1909,5,31
"64","2020-05-16",73,1,177,241,7634,0.659549384333246,0,0,601,548,22,6723,31,1940,11,31
"65","2020-05-17",69,1,160,237,7634,0.659549384333246,0,0,601,548,18,6741,23,1963,7,23
"66","2020-05-18",66,1,156,219,7634,0.659549384333246,0,0,601,548,15,6756,26,1989,7,26
"67","2020-05-19",64,1,183,211,7634,0.659549384333246,0,0,601,548,14,6770,38,2027,6,38
"68","2020-05-20",61,1,204,202,7634,0.659549384333246,0,0,601,548,15,6785,54,2081,5,54
"69","2020-05-21",54,1,222,198,7634,0.659549384333246,0,0,601,548,11,6796,52,2133,1,52
"70","2020-05-22",58,1,215,186,7634,0.659549384333246,0,0,601,548,9,6805,27,2160,4,27
"71","2020-05-23",54,1,202,180,7634,0.659549384333246,0,0,601,548,18,6823,25,2185,12,25
"72","2020-05-24",52,1,219,175,7634,0.659549384333246,0,0,601,548,12,6835,47,2232,NA,47
"73","2020-05-25",53,1,217,172,7634,0.659549384333246,0,0,601,548,11,6846,35,2267,5,35
"74","2020-05-26",52,1,201,163,7634,0.659549384333246,0,0,601,548,11,6857,31,2298,4,31
"75","2020-05-27",53,1,173,154,7634,0.659549384333246,0,0,601,548,9,6866,17,2315,2,17
"76","2020-05-28",52,1,178,151,7634,0.659549384333246,0,0,601,548,10,6876,28,2343,3,28
"77","2020-05-29",48,1,164,141,7634,0.659549384333246,0,0,601,548,9,6885,28,2371,2,28
"78","2020-05-30",57,1,170,128,7634,0.659549384333246,0,0,601,548,5,6890,30,2401,1,30
"79","2020-05-31",51,1,174,115,7634,0.659549384333246,0,0,601,548,4,6894,24,2425,2,24
"80","2020-06-01",47,1,163,101,7634,0.659549384333246,0,0,601,548,4,6898,21,2446,1,21
"81","2020-06-02",45,1,147,92,7634,0.659549384333246,0,0,601,548,7,6905,15,2461,3,15
"82","2020-06-03",41,1,133,82,7634,0.659549384333246,0,0,601,548,3,6908,14,2475,NA,14
"83","2020-06-04",37,1,134,80,7634,0.659549384333246,0,0,601,548,9,6917,26,2501,2,26
"84","2020-06-05",32,1,128,75,7634,0.659549384333246,0,0,601,548,6,6923,17,2518,1,17
"85","2020-06-06",20,1,119,63,7634,0.659549384333246,0,0,601,548,3,6926,11,2529,NA,11
"86","2020-06-07",19,1,99,60,7634,0.659549384333246,0,0,601,548,3,6929,6,2535,3,6
"87","2020-03-12",1,2,19,38,4953,0.624671916010499,0,0,457,424,34,68,10,20,5,10
"88","2020-03-13",1,2,28,69,4953,0.624671916010499,0,0,457,424,46,114,10,30,5,10
"89","2020-03-14",4,2,53,108,4953,0.624671916010499,0,0,457,424,37,151,6,36,5,6
"90","2020-03-15",7,2,60,140,4953,0.624671916010499,0,0,457,424,51,202,7,43,16,7
"91","2020-03-16",11,2,75,170,4953,0.624671916010499,0,0,457,424,34,236,12,55,14,12
"92","2020-03-17",20,2,92,221,4953,0.624671916010499,0,0,457,424,56,292,3,58,22,3
"93","2020-03-18",31,2,85,261,4953,0.624671916010499,0,0,457,424,47,339,6,64,21,6
"94","2020-03-19",37,2,81,309,4953,0.624671916010499,0,0,457,424,74,413,2,66,27,2
"95","2020-03-20",45,2,69,351,4953,0.624671916010499,0,0,457,424,73,486,11,77,29,11
"96","2020-03-21",52,2,52,405,4953,0.624671916010499,0,0,457,424,67,553,4,81,31,4
"97","2020-03-22",70,2,49,461,4953,0.624671916010499,0,0,457,424,71,624,5,86,35,5
"98","2020-03-23",83,2,65,505,4953,0.624671916010499,0,0,457,424,72,696,15,101,46,15
"99","2020-03-24",85,2,62,531,4953,0.624671916010499,0,0,457,424,51,747,12,113,26,12
"100","2020-03-25",96,2,70,582,4953,0.624671916010499,0,0,457,424,59,806,14,127,32,14
"101","2020-03-26",111,2,92,628,4953,0.624671916010499,0,0,457,424,61,867,10,137,26,10
"102","2020-03-27",137,2,114,664,4953,0.624671916010499,0,0,457,424,95,962,10,147,50,10
"103","2020-03-28",147,2,121,703,4953,0.624671916010499,0,0,457,424,73,1035,14,161,32,14
"104","2020-03-29",158,2,118,741,4953,0.624671916010499,0,0,457,424,85,1120,22,183,46,22
"105","2020-03-30",173,2,129,783,4953,0.624671916010499,0,0,457,424,64,1184,13,196,28,13
"106","2020-03-31",192,2,138,809,4953,0.624671916010499,0,0,457,424,68,1252,13,209,34,13
"107","2020-04-01",207,2,126,832,4953,0.624671916010499,0,0,457,424,76,1328,11,220,38,11
"108","2020-04-02",217,2,118,849,4953,0.624671916010499,0,0,457,424,73,1401,10,230,36,10
"109","2020-04-03",220,2,107,867,4953,0.624671916010499,0,0,457,424,55,1456,15,245,24,15
"110","2020-04-04",234,2,87,868,4953,0.624671916010499,0,0,457,424,66,1522,20,265,29,20
"111","2020-04-05",243,2,93,865,4953,0.624671916010499,0,0,457,424,61,1583,28,293,31,28
"112","2020-04-06",246,2,124,871,4953,0.624671916010499,0,0,457,424,54,1637,24,317,18,24
"113","2020-04-07",253,2,127,873,4953,0.624671916010499,0,0,457,424,78,1715,26,343,39,26
"114","2020-04-08",250,2,118,850,4953,0.624671916010499,0,0,457,424,59,1774,32,375,16,32
"115","2020-04-09",244,2,108,859,4953,0.624671916010499,0,0,457,424,67,1841,52,427,26,52
"116","2020-04-10",235,2,100,864,4953,0.624671916010499,0,0,457,424,55,1896,54,481,25,54
"117","2020-04-11",234,2,95,857,4953,0.624671916010499,0,0,457,424,63,1959,63,544,23,63
"118","2020-04-12",223,2,98,850,4953,0.624671916010499,0,0,457,424,54,2013,47,591,16,47
"119","2020-04-13",237,2,93,886,4953,0.624671916010499,0,0,457,424,62,2075,31,622,18,31
"120","2020-04-14",235,2,103,919,4953,0.624671916010499,0,0,457,424,67,2142,29,651,21,29
"121","2020-04-15",244,2,108,931,4953,0.624671916010499,0,0,457,424,61,2203,25,676,19,25
"122","2020-04-16",254,2,107,927,4953,0.624671916010499,0,0,457,424,63,2266,34,710,16,34
"123","2020-04-17",261,2,105,921,4953,0.624671916010499,0,0,457,424,50,2316,37,747,9,37
"124","2020-04-18",266,2,105,937,4953,0.624671916010499,0,0,457,424,65,2381,36,783,18,36
"125","2020-04-19",278,2,103,928,4953,0.624671916010499,0,0,457,424,54,2435,39,822,16,39
"126","2020-04-20",264,2,103,915,4953,0.624671916010499,0,0,457,424,68,2503,39,861,22,39
"127","2020-04-21",259,2,100,910,4953,0.624671916010499,0,0,457,424,57,2560,28,889,22,28
"128","2020-04-22",262,2,96,931,4953,0.624671916010499,0,0,457,424,56,2616,30,919,22,30
"129","2020-04-23",274,2,94,952,4953,0.624671916010499,0,0,457,424,54,2670,36,955,9,36
"130","2020-04-24",285,2,121,927,4953,0.624671916010499,0,0,457,424,49,2719,25,980,9,25
"131","2020-04-25",289,2,165,921,4953,0.624671916010499,0,0,457,424,58,2777,30,1010,17,30
"132","2020-04-26",285,2,172,882,4953,0.624671916010499,0,0,457,424,60,2837,27,1037,13,27
"133","2020-04-27",283,2,171,838,4953,0.624671916010499,0,0,457,424,37,2874,31,1068,13,31
"134","2020-04-28",290,2,187,804,4953,0.624671916010499,0,0,457,424,52,2926,45,1113,10,45
"135","2020-04-29",281,2,224,781,4953,0.624671916010499,0,0,457,424,51,2977,37,1150,17,37
"136","2020-04-30",260,2,224,766,4953,0.624671916010499,0,0,457,424,59,3036,29,1179,16,29
"137","2020-05-01",244,2,225,764,4953,0.624671916010499,0,0,457,424,53,3089,40,1219,14,40
"138","2020-05-02",230,2,201,739,4953,0.624671916010499,0,0,457,424,48,3137,38,1257,12,38
"139","2020-05-03",226,2,211,699,4953,0.624671916010499,0,0,457,424,48,3185,18,1275,9,18
"140","2020-05-04",215,2,217,656,4953,0.624671916010499,0,0,457,424,52,3237,22,1297,14,22
"141","2020-05-05",204,2,220,631,4953,0.624671916010499,0,0,457,424,62,3299,19,1316,18,19
"142","2020-05-06",186,2,228,607,4953,0.624671916010499,0,0,457,424,55,3354,33,1349,16,33
"143","2020-05-07",176,2,216,582,4953,0.624671916010499,0,0,457,424,62,3416,23,1372,15,23
"144","2020-05-08",177,2,222,555,4953,0.624671916010499,0,0,457,424,50,3466,67,1439,15,67
"145","2020-05-09",174,2,211,537,4953,0.624671916010499,0,0,457,424,46,3512,44,1483,14,44
"146","2020-05-10",165,2,196,523,4953,0.624671916010499,0,0,457,424,27,3539,32,1515,4,32
"147","2020-05-11",160,2,156,508,4953,0.624671916010499,0,0,457,424,34,3573,33,1548,7,33
"148","2020-05-12",151,2,138,500,4953,0.624671916010499,0,0,457,424,46,3619,24,1572,8,24
"149","2020-05-13",148,2,141,494,4953,0.624671916010499,0,0,457,424,32,3651,27,1599,5,27
"150","2020-05-14",153,2,137,492,4953,0.624671916010499,0,0,457,424,44,3695,44,1643,15,44
"151","2020-05-15",141,2,148,462,4953,0.624671916010499,0,0,457,424,26,3721,31,1674,6,31
"152","2020-05-16",134,2,146,457,4953,0.624671916010499,0,0,457,424,33,3754,31,1705,9,31
"153","2020-05-17",130,2,152,448,4953,0.624671916010499,0,0,457,424,26,3780,33,1738,6,33
"154","2020-05-18",126,2,135,431,4953,0.624671916010499,0,0,457,424,33,3813,53,1791,7,53
"155","2020-05-19",131,2,116,425,4953,0.624671916010499,0,0,457,424,28,3841,35,1826,8,35
"156","2020-05-20",130,2,129,419,4953,0.624671916010499,0,0,457,424,31,3872,19,1845,8,19
"157","2020-05-21",129,2,117,408,4953,0.624671916010499,0,0,457,424,29,3901,33,1878,10,33
"158","2020-05-22",131,2,130,390,4953,0.624671916010499,0,0,457,424,22,3923,33,1911,7,33
"159","2020-05-23",127,2,132,391,4953,0.624671916010499,0,0,457,424,23,3946,26,1937,3,26
"160","2020-05-24",120,2,137,385,4953,0.624671916010499,0,0,457,424,28,3974,18,1955,8,18
"161","2020-05-25",124,2,121,370,4953,0.624671916010499,0,0,457,424,31,4005,28,1983,6,28
"162","2020-05-26",123,2,124,351,4953,0.624671916010499,0,0,457,424,20,4025,34,2017,4,34
"163","2020-05-27",120,2,122,337,4953,0.624671916010499,0,0,457,424,19,4044,29,2046,NA,29
"164","2020-05-28",118,2,127,322,4953,0.624671916010499,0,0,457,424,26,4070,25,2071,11,25
"165","2020-05-29",107,2,129,305,4953,0.624671916010499,0,0,457,424,18,4088,36,2107,7,36
"166","2020-05-30",107,2,108,293,4953,0.624671916010499,0,0,457,424,13,4101,29,2136,3,29
"167","2020-05-31",106,2,118,274,4953,0.624671916010499,0,0,457,424,16,4117,29,2165,6,29
"168","2020-06-01",98,2,121,263,4953,0.624671916010499,0,0,457,424,18,4135,27,2192,6,27
"169","2020-06-02",84,2,113,253,4953,0.624671916010499,0,0,457,424,18,4153,29,2221,3,29
"170","2020-06-03",82,2,112,238,4953,0.624671916010499,0,0,457,424,11,4164,44,2265,2,44
"171","2020-06-04",74,2,105,224,4953,0.624671916010499,0,0,457,424,21,4185,30,2295,2,30
"172","2020-06-05",69,2,95,219,4953,0.624671916010499,0,0,457,424,9,4194,35,2330,2,35
"173","2020-06-06",65,2,88,211,4953,0.624671916010499,0,0,457,424,18,4212,21,2351,3,21
"174","2020-06-07",60,2,92,203,4953,0.624671916010499,0,0,457,424,11,4223,25,2376,3,25
"175","2020-03-12",1,3,83,81,5262,0.381033827442037,0,0,467,1312,15,27,8,15,6,8
"176","2020-03-13",3,3,119,134,5262,0.381033827442037,0,0,467,1312,22,49,7,22,6,7
"177","2020-03-14",7,3,120,181,5262,0.381033827442037,0,0,467,1312,35,84,6,28,20,6
"178","2020-03-15",12,3,145,234,5262,0.381033827442037,0,0,467,1312,33,117,6,34,21,6
"179","2020-03-16",21,3,144,293,5262,0.381033827442037,0,0,467,1312,49,166,12,46,40,12
"180","2020-03-17",33,3,149,343,5262,0.381033827442037,0,0,467,1312,34,200,8,54,22,8
"181","2020-03-18",48,3,171,395,5262,0.381033827442037,0,0,467,1312,53,253,9,63,37,9
"182","2020-03-19",67,3,188,443,5262,0.381033827442037,0,0,467,1312,49,302,19,82,40,19
"183","2020-03-20",78,3,190,481,5262,0.381033827442037,0,0,467,1312,50,352,31,113,44,31
"184","2020-03-21",92,3,222,532,5262,0.381033827442037,0,0,467,1312,77,429,20,133,69,20
"185","2020-03-22",104,3,227,565,5262,0.381033827442037,0,0,467,1312,84,513,17,150,68,17
"186","2020-03-23",119,3,233,600,5262,0.381033827442037,0,0,467,1312,79,592,13,163,69,13
"187","2020-03-24",139,3,214,633,5262,0.381033827442037,0,0,467,1312,104,696,21,184,91,21
"188","2020-03-25",151,3,212,658,5262,0.381033827442037,0,0,467,1312,96,792,36,220,83,36
"189","2020-03-26",163,3,211,669,5262,0.381033827442037,0,0,467,1312,92,884,37,257,84,37
"190","2020-03-27",181,3,221,688,5262,0.381033827442037,0,0,467,1312,166,1050,35,292,155,35
"191","2020-03-28",178,3,217,711,5262,0.381033827442037,0,0,467,1312,163,1213,23,315,151,23
"192","2020-03-29",196,3,221,726,5262,0.381033827442037,0,0,467,1312,145,1358,27,342,134,27
"193","2020-03-30",203,3,251,733,5262,0.381033827442037,0,0,467,1312,162,1520,34,376,146,34
"194","2020-03-31",204,3,239,749,5262,0.381033827442037,0,0,467,1312,158,1678,43,419,149,43
"195","2020-04-01",219,3,241,779,5262,0.381033827442037,0,0,467,1312,223,1901,31,450,210,31
"196","2020-04-02",216,3,255,784,5262,0.381033827442037,0,0,467,1312,190,2091,30,480,182,30
"197","2020-04-03",214,3,261,788,5262,0.381033827442037,0,0,467,1312,208,2299,40,520,199,40
"198","2020-04-04",231,3,258,797,5262,0.381033827442037,0,0,467,1312,159,2458,46,566,148,46
"199","2020-04-05",238,3,229,806,5262,0.381033827442037,0,0,467,1312,182,2640,31,597,167,31
"200","2020-04-06",231,3,216,797,5262,0.381033827442037,0,0,467,1312,178,2818,21,618,163,21
"201","2020-04-07",232,3,213,805,5262,0.381033827442037,0,0,467,1312,162,2980,30,648,151,30
"202","2020-04-08",219,3,210,826,5262,0.381033827442037,0,0,467,1312,215,3195,43,691,210,43
"203","2020-04-09",214,3,210,841,5262,0.381033827442037,0,0,467,1312,195,3390,51,742,185,51
"204","2020-04-10",221,3,252,847,5262,0.381033827442037,0,0,467,1312,195,3585,56,798,188,56
"205","2020-04-11",228,3,247,848,5262,0.381033827442037,0,0,467,1312,185,3770,41,839,174,41
"206","2020-04-12",222,3,256,849,5262,0.381033827442037,0,0,467,1312,167,3937,33,872,156,33
"207","2020-04-13",235,3,259,847,5262,0.381033827442037,0,0,467,1312,175,4112,52,924,169,52
"208","2020-04-14",232,3,269,848,5262,0.381033827442037,0,0,467,1312,133,4245,40,964,126,40
"209","2020-04-15",239,3,267,829,5262,0.381033827442037,0,0,467,1312,180,4425,38,1002,168,38
"210","2020-04-16",252,3,251,835,5262,0.381033827442037,0,0,467,1312,134,4559,30,1032,130,30
"211","2020-04-17",248,3,263,846,5262,0.381033827442037,0,0,467,1312,128,4687,22,1054,119,23
"212","2020-04-18",238,3,302,826,5262,0.381033827442037,0,0,467,1312,115,4802,27,1081,109,27
"213","2020-04-19",238,3,307,857,5262,0.381033827442037,0,0,467,1312,124,4926,30,1111,120,30
"214","2020-04-20",228,3,311,850,5262,0.381033827442037,0,0,467,1312,114,5040,19,1130,106,19
"215","2020-04-21",240,3,296,843,5262,0.381033827442037,0,0,467,1312,105,5145,26,1156,95,26
"216","2020-04-22",238,3,282,829,5262,0.381033827442037,0,0,467,1312,100,5245,44,1200,95,44
"217","2020-04-23",233,3,273,832,5262,0.381033827442037,0,0,467,1312,82,5327,34,1234,73,34
"218","2020-04-24",229,3,250,822,5262,0.381033827442037,0,0,467,1312,76,5403,25,1259,73,25
"219","2020-04-25",237,3,278,819,5262,0.381033827442037,0,0,467,1312,77,5480,18,1277,73,18
"220","2020-04-26",234,3,274,809,5262,0.381033827442037,0,0,467,1312,58,5538,36,1313,51,36
"221","2020-04-27",230,3,264,795,5262,0.381033827442037,0,0,467,1312,54,5592,20,1333,44,20
"222","2020-04-28",211,3,304,785,5262,0.381033827442037,0,0,467,1312,58,5650,18,1351,51,18
"223","2020-04-29",210,3,304,776,5262,0.381033827442037,0,0,467,1312,41,5691,18,1369,33,18
"224","2020-04-30",215,3,292,769,5262,0.381033827442037,0,0,467,1312,42,5733,30,1399,38,30
"225","2020-05-01",221,3,293,766,5262,0.381033827442037,0,0,467,1312,34,5767,24,1423,29,24
"226","2020-05-02",213,3,287,743,5262,0.381033827442037,0,0,467,1312,38,5805,53,1476,31,53
"227","2020-05-03",204,3,313,744,5262,0.381033827442037,0,0,467,1312,43,5848,41,1517,39,41
"228","2020-05-04",208,3,317,725,5262,0.381033827442037,0,0,467,1312,26,5874,44,1561,22,44
"229","2020-05-05",219,3,314,726,5262,0.381033827442037,0,0,467,1312,32,5906,42,1603,23,42
"230","2020-05-06",218,3,317,710,5262,0.381033827442037,0,0,467,1312,23,5929,29,1632,18,29
"231","2020-05-07",204,3,311,693,5262,0.381033827442037,0,0,467,1312,27,5956,31,1663,26,31
"232","2020-05-08",189,3,318,687,5262,0.381033827442037,0,0,467,1312,23,5979,53,1716,21,53
"233","2020-05-09",186,3,303,679,5262,0.381033827442037,0,0,467,1312,13,5992,29,1745,10,29
"234","2020-05-10",194,3,306,672,5262,0.381033827442037,0,0,467,1312,21,6013,37,1782,17,37
"235","2020-05-11",191,3,299,650,5262,0.381033827442037,0,0,467,1312,14,6027,27,1809,7,27
"236","2020-05-12",189,3,279,617,5262,0.381033827442037,0,0,467,1312,17,6044,26,1835,13,26
"237","2020-05-13",190,3,293,605,5262,0.381033827442037,0,0,467,1312,16,6060,29,1864,12,29
"238","2020-05-14",198,3,297,584,5262,0.381033827442037,0,0,467,1312,16,6076,28,1892,13,28
"239","2020-05-15",203,3,299,566,5262,0.381033827442037,0,0,467,1312,20,6096,22,1914,18,22
"240","2020-05-16",200,3,298,542,5262,0.381033827442037,0,0,467,1312,17,6113,26,1940,12,26
"241","2020-05-17",192,3,306,521,5262,0.381033827442037,0,0,467,1312,17,6130,12,1952,12,12
"242","2020-05-18",186,3,341,518,5262,0.381033827442037,0,0,467,1312,10,6140,23,1975,9,23
"243","2020-05-19",167,3,337,509,5262,0.381033827442037,0,0,467,1312,16,6156,45,2020,10,45
"244","2020-05-20",153,3,339,482,5262,0.381033827442037,0,0,467,1312,10,6166,35,2055,6,35
"245","2020-05-21",141,3,344,463,5262,0.381033827442037,0,0,467,1312,9,6175,22,2077,8,22
"246","2020-05-22",138,3,322,466,5262,0.381033827442037,0,0,467,1312,10,6185,32,2109,8,32
"247","2020-05-23",135,3,314,450,5262,0.381033827442037,0,0,467,1312,12,6197,21,2130,7,21
"248","2020-05-24",133,3,314,422,5262,0.381033827442037,0,0,467,1312,10,6207,51,2181,8,51
"249","2020-05-25",132,3,312,400,5262,0.381033827442037,0,0,467,1312,17,6224,48,2229,12,48
"250","2020-05-26",134,3,298,377,5262,0.381033827442037,0,0,467,1312,9,6233,37,2266,6,37
"251","2020-05-27",127,3,286,360,5262,0.381033827442037,0,0,467,1312,9,6242,34,2300,8,34
"252","2020-05-28",122,3,286,338,5262,0.381033827442037,0,0,467,1312,10,6252,27,2327,9,27
"253","2020-05-29",115,3,291,314,5262,0.381033827442037,0,0,467,1312,10,6262,32,2359,10,32
"254","2020-05-30",110,3,309,302,5262,0.381033827442037,0,0,467,1312,12,6274,29,2388,9,29
"255","2020-05-31",99,3,311,287,5262,0.381033827442037,0,0,467,1312,12,6286,22,2410,11,22
"256","2020-06-01",91,3,298,282,5262,0.381033827442037,0,0,467,1312,5,6291,33,2443,4,33
"257","2020-06-02",84,3,291,266,5262,0.381033827442037,0,0,467,1312,10,6301,29,2472,9,29
"258","2020-06-03",81,3,273,263,5262,0.381033827442037,0,0,467,1312,6,6307,23,2495,4,23
"259","2020-06-04",71,3,292,256,5262,0.381033827442037,0,0,467,1312,10,6317,13,2508,9,13
"260","2020-06-05",66,3,308,244,5262,0.381033827442037,0,0,467,1312,6,6323,20,2528,4,20
"261","2020-06-06",64,3,315,238,5262,0.381033827442037,0,0,467,1312,6,6329,31,2559,5,31
"262","2020-06-07",67,3,293,240,5262,0.381033827442037,0,0,467,1312,5,6334,26,2585,3,26
"263","2020-03-15",3,4,50,117,4633,0.663069285560112,0,0,384,529,134,384,21,202,88,21
"264","2020-03-16",7,4,55,159,4633,0.663069285560112,0,0,384,529,155,539,28,230,110,28
"265","2020-03-17",11,4,85,193,4633,0.663069285560112,0,0,384,529,198,737,21,251,150,21
"266","2020-03-18",20,4,110,234,4633,0.663069285560112,0,0,384,529,210,947,16,267,193,16
"267","2020-03-19",29,4,117,283,4633,0.663069285560112,0,0,384,529,320,1267,15,282,289,15
"268","2020-03-20",42,4,134,324,4633,0.663069285560112,0,0,384,529,344,1611,39,321,304,39
"269","2020-03-21",62,4,129,369,4633,0.663069285560112,0,0,384,529,482,2093,23,344,448,23
"270","2020-03-22",69,4,141,434,4633,0.663069285560112,0,0,384,529,363,2456,67,411,326,67
"271","2020-03-23",85,4,148,471,4633,0.663069285560112,0,0,384,529,557,3013,44,455,524,44
"272","2020-03-24",98,4,132,525,4633,0.663069285560112,0,0,384,529,661,3674,21,476,628,21
"273","2020-03-25",119,4,146,556,4633,0.663069285560112,0,0,384,529,663,4337,24,500,644,24
"274","2020-03-26",134,4,137,595,4633,0.663069285560112,0,0,384,529,519,4856,34,534,498,34
"275","2020-03-27",149,4,141,637,4633,0.663069285560112,0,0,384,529,504,5360,61,595,490,61
"276","2020-03-28",152,4,138,669,4633,0.663069285560112,0,0,384,529,475,5835,71,666,459,71
"277","2020-03-29",173,4,156,688,4633,0.663069285560112,0,0,384,529,388,6223,28,694,376,28
"278","2020-03-30",180,4,161,719,4633,0.663069285560112,0,0,384,529,321,6544,18,712,307,18
"279","2020-03-31",196,4,160,718,4633,0.663069285560112,0,0,384,529,304,6848,29,741,300,29
"280","2020-04-01",205,4,154,743,4633,0.663069285560112,0,0,384,529,180,7028,37,778,172,37
"281","2020-04-02",215,4,129,762,4633,0.663069285560112,0,0,384,529,156,7184,50,828,153,50
"282","2020-04-03",222,4,110,776,4633,0.663069285560112,0,0,384,529,134,7318,27,855,132,27
"283","2020-04-04",231,4,120,768,4633,0.663069285560112,0,0,384,529,92,7410,45,900,86,45
"284","2020-04-05",229,4,152,782,4633,0.663069285560112,0,0,384,529,74,7484,13,913,73,13
"285","2020-04-06",229,4,184,798,4633,0.663069285560112,0,0,384,529,48,7532,5,918,44,5
"286","2020-04-07",224,4,158,818,4633,0.663069285560112,0,0,384,529,42,7574,22,940,40,22
"287","2020-04-08",207,4,162,809,4633,0.663069285560112,0,0,384,529,19,7593,73,1013,17,73
"288","2020-04-09",208,4,152,821,4633,0.663069285560112,0,0,384,529,22,7615,69,1082,19,69
"289","2020-04-10",202,4,191,834,4633,0.663069285560112,0,0,384,529,21,7636,59,1141,16,59
"290","2020-04-11",208,4,242,829,4633,0.663069285560112,0,0,384,529,12,7648,25,1166,7,25
"291","2020-04-12",212,4,225,833,4633,0.663069285560112,0,0,384,529,10,7658,26,1192,7,26
"292","2020-04-13",230,4,207,857,4633,0.663069285560112,0,0,384,529,9,7667,23,1215,6,23
"293","2020-04-14",242,4,193,858,4633,0.663069285560112,0,0,384,529,8,7675,9,1224,7,9
"294","2020-04-15",255,4,176,834,4633,0.663069285560112,0,0,384,529,5,7680,17,1241,3,17
"295","2020-04-16",270,4,177,866,4633,0.663069285560112,0,0,384,529,6,7686,13,1254,3,13
"296","2020-04-17",272,4,179,851,4633,0.663069285560112,0,0,384,529,6,7692,16,1270,3,16
"297","2020-04-18",268,4,179,853,4633,0.663069285560112,0,0,384,529,6,7698,8,1278,2,8
"298","2020-04-19",266,4,191,841,4633,0.663069285560112,0,0,384,529,4,7702,4,1282,3,4
"299","2020-04-20",252,4,172,830,4633,0.663069285560112,0,0,384,529,2,7704,6,1288,1,6
"300","2020-04-21",238,4,155,822,4633,0.663069285560112,0,0,384,529,3,7707,37,1325,2,37
"301","2020-04-22",235,4,144,798,4633,0.663069285560112,0,0,384,529,6,7713,55,1380,3,55
"302","2020-04-23",224,4,147,764,4633,0.663069285560112,0,0,384,529,7,7720,43,1423,1,43
"303","2020-04-24",230,4,141,745,4633,0.663069285560112,0,0,384,529,7,7727,44,1467,3,44
"304","2020-04-25",236,4,131,725,4633,0.663069285560112,0,0,384,529,3,7730,64,1531,NA,64
"305","2020-04-26",224,4,132,713,4633,0.663069285560112,0,0,384,529,5,7735,36,1567,2,36
"306","2020-04-27",224,4,174,721,4633,0.663069285560112,0,0,384,529,2,7737,38,1605,NA,38
"307","2020-04-28",225,4,206,712,4633,0.663069285560112,0,0,384,529,5,7742,18,1623,2,18
"308","2020-04-29",221,4,216,694,4633,0.663069285560112,0,0,384,529,2,7744,16,1639,1,16
"309","2020-04-30",217,4,211,679,4633,0.663069285560112,0,0,384,529,2,7746,20,1659,1,20
"310","2020-05-01",213,4,234,670,4633,0.663069285560112,0,0,384,529,6,7752,33,1692,2,33
"311","2020-05-02",197,4,280,679,4633,0.663069285560112,0,0,384,529,6,7758,21,1713,2,21
"312","2020-05-03",208,4,279,654,4633,0.663069285560112,0,0,384,529,7,7765,12,1725,NA,12
"313","2020-05-04",200,4,278,639,4633,0.663069285560112,0,0,384,529,3,7768,16,1741,2,16
"314","2020-05-05",195,4,270,635,4633,0.663069285560112,0,0,384,529,2,7770,13,1754,2,13
"315","2020-05-06",191,4,239,611,4633,0.663069285560112,0,0,384,529,3,7773,17,1771,2,17
"316","2020-05-07",181,4,214,598,4633,0.663069285560112,0,0,384,529,1,7774,52,1823,NA,52
"317","2020-05-08",171,4,200,583,4633,0.663069285560112,0,0,384,529,3,7777,29,1852,2,29
"318","2020-05-09",171,4,166,583,4633,0.663069285560112,0,0,384,529,4,7781,22,1874,1,22
"319","2020-05-10",155,4,165,570,4633,0.663069285560112,0,0,384,529,1,7782,39,1913,NA,39
"320","2020-05-11",151,4,165,547,4633,0.663069285560112,0,0,384,529,3,7785,60,1973,1,60
"321","2020-05-12",151,4,189,530,4633,0.663069285560112,0,0,384,529,2,7787,49,2022,2,49
"322","2020-05-13",149,4,177,522,4633,0.663069285560112,0,0,384,529,2,7789,62,2084,1,62
"323","2020-05-14",146,4,165,513,4633,0.663069285560112,0,0,384,529,4,7793,54,2138,2,54
"324","2020-05-15",136,4,197,490,4633,0.663069285560112,0,0,384,529,NA,NA,24,2162,NA,24
"325","2020-05-16",129,4,186,472,4633,0.663069285560112,0,0,384,529,7,7800,34,2196,3,34
"326","2020-05-17",133,4,158,438,4633,0.663069285560112,0,0,384,529,4,7804,34,2230,4,34
"327","2020-05-18",131,4,168,430,4633,0.663069285560112,0,0,384,529,2,7806,37,2267,1,37
"328","2020-05-19",128,4,146,417,4633,0.663069285560112,0,0,384,529,1,7807,18,2285,1,18
"329","2020-05-20",127,4,138,410,4633,0.663069285560112,0,0,384,529,1,7808,24,2309,1,24
"330","2020-05-21",122,4,134,413,4633,0.663069285560112,0,0,384,529,1,7809,47,2356,NA,47
"331","2020-05-22",123,4,158,393,4633,0.663069285560112,0,0,384,529,5,7814,63,2419,2,63
"332","2020-05-23",116,4,201,378,4633,0.663069285560112,0,0,384,529,3,7817,39,2458,1,39
"333","2020-05-24",119,4,208,369,4633,0.663069285560112,0,0,384,529,3,7820,30,2488,1,30
"334","2020-05-25",112,4,215,348,4633,0.663069285560112,0,0,384,529,2,7822,29,2517,1,29
"335","2020-05-26",104,4,206,336,4633,0.663069285560112,0,0,384,529,NA,NA,16,2533,NA,16
"336","2020-05-27",99,4,190,325,4633,0.663069285560112,0,0,384,529,1,7823,15,2548,NA,15
"337","2020-05-28",97,4,163,288,4633,0.663069285560112,0,0,384,529,2,7825,14,2562,NA,14
"338","2020-05-29",90,4,155,268,4633,0.663069285560112,0,0,384,529,3,7828,21,2583,1,21
"339","2020-05-30",93,4,153,271,4633,0.663069285560112,0,0,384,529,1,7829,15,2598,NA,15
"340","2020-05-31",84,4,171,262,4633,0.663069285560112,0,0,384,529,3,7832,9,2607,1,9
"341","2020-06-01",84,4,182,251,4633,0.663069285560112,0,0,384,529,4,7836,12,2619,1,12
"342","2020-06-02",80,4,164,235,4633,0.663069285560112,0,0,384,529,2,7838,12,2631,NA,12
"343","2020-06-03",77,4,145,226,4633,0.663069285560112,0,0,384,529,1,7839,15,2646,NA,15
"344","2020-06-04",65,4,131,212,4633,0.663069285560112,0,0,384,529,1,7840,38,2684,1,38
"345","2020-06-05",69,4,118,211,4633,0.663069285560112,0,0,384,529,NA,NA,46,2730,NA,46
"346","2020-06-06",67,4,136,202,4633,0.663069285560112,0,0,384,529,1,7841,46,2776,NA,46
"347","2020-06-07",67,4,157,204,4633,0.663069285560112,0,0,384,529,NA,NA,51,2827,NA,51
"348","2020-03-13",1,5,35,72,4031,0.431158521458695,0,0,360,467,14,41,13,44,2,13
"349","2020-03-14",4,5,39,103,4031,0.431158521458695,0,0,360,467,16,57,30,74,3,30
"350","2020-03-15",9,5,33,140,4031,0.431158521458695,0,0,360,467,13,70,16,90,1,16
"351","2020-03-16",16,5,35,176,4031,0.431158521458695,0,0,360,467,14,84,6,96,5,6
"352","2020-03-17",21,5,39,218,4031,0.431158521458695,0,0,360,467,24,108,7,103,12,7
"353","2020-03-18",27,5,40,248,4031,0.431158521458695,0,0,360,467,14,122,19,122,8,19
"354","2020-03-19",34,5,41,272,4031,0.431158521458695,0,0,360,467,28,150,34,156,14,34
"355","2020-03-20",43,5,60,312,4031,0.431158521458695,0,0,360,467,26,176,32,188,14,32
"356","2020-03-21",57,5,65,337,4031,0.431158521458695,0,0,360,467,26,202,18,206,15,18
"357","2020-03-22",63,5,64,361,4031,0.431158521458695,0,0,360,467,26,228,43,249,15,43
"358","2020-03-23",73,5,63,385,4031,0.431158521458695,0,0,360,467,27,255,24,273,10,24
"359","2020-03-24",83,5,60,424,4031,0.431158521458695,0,0,360,467,38,293,22,295,23,22
"360","2020-03-25",91,5,63,447,4031,0.431158521458695,0,0,360,467,35,328,19,314,23,19
"361","2020-03-26",104,5,72,473,4031,0.431158521458695,0,0,360,467,31,359,40,354,16,40
"362","2020-03-27",107,5,93,493,4031,0.431158521458695,0,0,360,467,35,394,52,406,21,52
"363","2020-03-28",110,5,93,517,4031,0.431158521458695,0,0,360,467,35,429,38,444,16,38
"364","2020-03-29",124,5,98,535,4031,0.431158521458695,0,0,360,467,33,462,30,474,19,30
"365","2020-03-30",130,5,108,543,4031,0.431158521458695,0,0,360,467,51,513,31,505,31,31
"366","2020-03-31",132,5,112,569,4031,0.431158521458695,0,0,360,467,48,561,22,527,35,22
"367","2020-04-01",152,5,127,579,4031,0.431158521458695,0,0,360,467,35,596,21,548,23,21
"368","2020-04-02",155,5,129,589,4031,0.431158521458695,0,0,360,467,36,632,30,578,27,30
"369","2020-04-03",164,5,142,603,4031,0.431158521458695,0,0,360,467,41,673,36,614,25,36
"370","2020-04-04",163,5,146,603,4031,0.431158521458695,0,0,360,467,43,716,22,636,22,22
"371","2020-04-05",161,5,156,613,4031,0.431158521458695,0,0,360,467,34,750,28,664,22,28
"372","2020-04-06",159,5,138,603,4031,0.431158521458695,0,0,360,467,38,788,19,683,27,19
"373","2020-04-07",174,5,129,609,4031,0.431158521458695,0,0,360,467,74,862,20,703,49,20
"374","2020-04-08",160,5,128,605,4031,0.431158521458695,0,0,360,467,52,914,19,722,38,19
"375","2020-04-09",160,5,127,613,4031,0.431158521458695,0,0,360,467,46,960,42,764,28,42
"376","2020-04-10",170,5,117,597,4031,0.431158521458695,0,0,360,467,53,1013,48,812,38,48
"377","2020-04-11",180,5,112,612,4031,0.431158521458695,0,0,360,467,50,1063,27,839,38,27
"378","2020-04-12",180,5,105,597,4031,0.431158521458695,0,0,360,467,46,1109,23,862,29,23
"379","2020-04-13",185,5,93,597,4031,0.431158521458695,0,0,360,467,45,1154,19,881,31,19
"380","2020-04-14",174,5,82,615,4031,0.431158521458695,0,0,360,467,49,1203,39,920,33,39
"381","2020-04-15",176,5,67,615,4031,0.431158521458695,0,0,360,467,44,1247,49,969,31,49
"382","2020-04-16",182,5,65,618,4031,0.431158521458695,0,0,360,467,54,1301,34,1003,34,34
"383","2020-04-17",186,5,67,619,4031,0.431158521458695,0,0,360,467,42,1343,58,1061,25,58
"384","2020-04-18",181,5,70,622,4031,0.431158521458695,0,0,360,467,40,1383,25,1086,27,25
"385","2020-04-19",179,5,73,613,4031,0.431158521458695,0,0,360,467,45,1428,38,1124,26,38
"386","2020-04-20",176,5,79,611,4031,0.431158521458695,0,0,360,467,48,1476,26,1150,33,26
"387","2020-04-21",182,5,71,604,4031,0.431158521458695,0,0,360,467,48,1524,56,1206,34,56
"388","2020-04-22",182,5,69,609,4031,0.431158521458695,0,0,360,467,38,1562,27,1233,22,27
"389","2020-04-23",185,5,62,627,4031,0.431158521458695,0,0,360,467,44,1606,39,1272,26,39
"390","2020-04-24",170,5,85,623,4031,0.431158521458695,0,0,360,467,48,1654,39,1311,29,39
"391","2020-04-25",168,5,95,620,4031,0.431158521458695,0,0,360,467,34,1688,26,1337,22,26
"392","2020-04-26",180,5,98,603,4031,0.431158521458695,0,0,360,467,30,1718,44,1381,16,44
"393","2020-04-27",176,5,125,599,4031,0.431158521458695,0,0,360,467,42,1760,41,1422,27,41
"394","2020-04-28",173,5,136,598,4031,0.431158521458695,0,0,360,467,35,1795,53,1475,23,53
"395","2020-04-29",172,5,137,600,4031,0.431158521458695,0,0,360,467,35,1830,46,1521,20,46
"396","2020-04-30",167,5,120,604,4031,0.431158521458695,0,0,360,467,43,1873,39,1560,27,39
"397","2020-05-01",173,5,113,611,4031,0.431158521458695,0,0,360,467,41,1914,29,1589,21,29
"398","2020-05-02",168,5,108,604,4031,0.431158521458695,0,0,360,467,33,1947,20,1609,13,20
"399","2020-05-03",160,5,100,602,4031,0.431158521458695,0,0,360,467,37,1984,24,1633,26,24
"400","2020-05-04",159,5,102,598,4031,0.431158521458695,0,0,360,467,40,2024,20,1653,24,20
"401","2020-05-05",160,5,91,590,4031,0.431158521458695,0,0,360,467,38,2062,47,1700,23,47
"402","2020-05-06",163,5,108,588,4031,0.431158521458695,0,0,360,467,40,2102,59,1759,30,59
"403","2020-05-07",160,5,130,565,4031,0.431158521458695,0,0,360,467,26,2128,41,1800,15,41
"404","2020-05-08",154,5,143,558,4031,0.431158521458695,0,0,360,467,39,2167,30,1830,20,30
"405","2020-05-09",156,5,137,552,4031,0.431158521458695,0,0,360,467,28,2195,21,1851,17,21
"406","2020-05-10",164,5,113,569,4031,0.431158521458695,0,0,360,467,27,2222,32,1883,10,32
"407","2020-05-11",168,5,119,561,4031,0.431158521458695,0,0,360,467,35,2257,29,1912,21,29
"408","2020-05-12",171,5,133,542,4031,0.431158521458695,0,0,360,467,25,2282,32,1944,19,32
"409","2020-05-13",170,5,168,526,4031,0.431158521458695,0,0,360,467,16,2298,50,1994,12,50
"410","2020-05-14",170,5,169,513,4031,0.431158521458695,0,0,360,467,27,2325,24,2018,16,24
"411","2020-05-15",163,5,153,510,4031,0.431158521458695,0,0,360,467,35,2360,20,2038,17,20
"412","2020-05-16",160,5,166,478,4031,0.431158521458695,0,0,360,467,34,2394,23,2061,21,23
"413","2020-05-17",142,5,163,464,4031,0.431158521458695,0,0,360,467,32,2426,32,2093,16,32
"414","2020-05-18",135,5,154,434,4031,0.431158521458695,0,0,360,467,29,2455,28,2121,13,28
"415","2020-05-19",122,5,156,431,4031,0.431158521458695,0,0,360,467,20,2475,10,2131,13,10
"416","2020-05-20",118,5,145,407,4031,0.431158521458695,0,0,360,467,22,2497,18,2149,12,18
"417","2020-05-21",110,5,165,393,4031,0.431158521458695,0,0,360,467,25,2522,14,2163,16,14
"418","2020-05-22",110,5,167,391,4031,0.431158521458695,0,0,360,467,39,2561,31,2194,25,31
"419","2020-05-23",107,5,184,375,4031,0.431158521458695,0,0,360,467,30,2591,32,2226,22,32
"420","2020-05-24",111,5,166,349,4031,0.431158521458695,0,0,360,467,26,2617,47,2273,20,47
"421","2020-05-25",110,5,155,336,4031,0.431158521458695,0,0,360,467,20,2637,30,2303,14,30
"422","2020-05-26",113,5,144,334,4031,0.431158521458695,0,0,360,467,14,2651,31,2334,10,31
"423","2020-05-27",113,5,142,326,4031,0.431158521458695,0,0,360,467,29,2680,14,2348,18,14
"424","2020-05-28",102,5,122,327,4031,0.431158521458695,0,0,360,467,22,2702,24,2372,15,24
"425","2020-05-29",104,5,111,300,4031,0.431158521458695,0,0,360,467,17,2719,26,2398,14,26
"426","2020-05-30",100,5,96,289,4031,0.431158521458695,0,0,360,467,23,2742,44,2442,14,44
"427","2020-05-31",94,5,90,283,4031,0.431158521458695,0,0,360,467,21,2763,38,2480,14,38
"428","2020-06-01",96,5,77,274,4031,0.431158521458695,0,0,360,467,14,2777,31,2511,7,31
"429","2020-06-02",95,5,89,264,4031,0.431158521458695,0,0,360,467,21,2798,32,2543,12,32
"430","2020-06-03",89,5,89,256,4031,0.431158521458695,0,0,360,467,19,2817,19,2562,13,19
"431","2020-06-04",95,5,85,243,4031,0.431158521458695,0,0,360,467,14,2831,28,2590,10,28
"432","2020-06-05",83,5,82,241,4031,0.431158521458695,0,0,360,467,13,2844,27,2617,8,27
"433","2020-06-06",78,5,77,233,4031,0.431158521458695,0,0,360,467,21,2865,30,2647,17,30
"434","2020-06-07",69,5,78,220,4031,0.431158521458695,0,0,360,467,19,2884,21,2668,14,21
"435","2020-03-13",1,6,61,79,8134,0.894270961396607,0,0,655,819,29,73,5,30,3,5
"436","2020-03-14",2,6,87,126,8134,0.894270961396607,0,0,655,819,31,104,1,31,6,1
"437","2020-03-15",4,6,110,173,8134,0.894270961396607,0,0,655,819,32,136,26,57,9,26
"438","2020-03-16",7,6,143,250,8134,0.894270961396607,0,0,655,819,30,166,20,77,7,20
"439","2020-03-17",16,6,133,350,8134,0.894270961396607,0,0,655,819,42,208,13,90,14,13
"440","2020-03-18",26,6,124,460,8134,0.894270961396607,0,0,655,819,38,246,42,132,15,42
"441","2020-03-19",38,6,103,589,8134,0.894270961396607,0,0,655,819,53,299,42,174,23,42
"442","2020-03-20",62,6,95,721,8134,0.894270961396607,0,0,655,819,40,339,48,222,12,48
"443","2020-03-21",90,6,91,889,8134,0.894270961396607,0,0,655,819,50,389,39,261,26,39
"444","2020-03-22",128,6,74,1066,8134,0.894270961396607,0,0,655,819,33,422,30,291,8,30
"445","2020-03-23",155,6,72,1254,8134,0.894270961396607,0,0,655,819,42,464,19,310,19,19
"446","2020-03-24",196,6,74,1431,8134,0.894270961396607,0,0,655,819,41,505,30,340,14,30
"447","2020-03-25",236,6,79,1647,8134,0.894270961396607,0,0,655,819,46,551,22,362,12,22
"448","2020-03-26",281,6,86,1857,8134,0.894270961396607,0,0,655,819,42,593,21,383,15,21
"449","2020-03-27",337,6,79,2176,8134,0.894270961396607,0,0,655,819,44,637,25,408,17,25
"450","2020-03-28",396,6,90,2409,8134,0.894270961396607,0,0,655,819,41,678,22,430,11,22
"451","2020-03-29",435,6,124,2621,8134,0.894270961396607,0,0,655,819,37,715,16,446,18,16
"452","2020-03-30",508,6,129,2887,8134,0.894270961396607,0,0,655,819,43,758,10,456,15,10
"453","2020-03-31",557,6,136,3151,8134,0.894270961396607,0,0,655,819,47,805,17,473,16,17
"454","2020-04-01",606,6,152,3384,8134,0.894270961396607,0,0,655,819,47,852,42,515,17,42
"455","2020-04-02",688,6,152,3639,8134,0.894270961396607,0,0,655,819,51,903,49,564,19,49
"456","2020-04-03",747,6,146,3887,8134,0.894270961396607,0,0,655,819,55,958,30,594,17,30
"457","2020-04-04",829,6,123,3899,8134,0.894270961396607,0,0,655,819,50,1008,32,626,14,32
"458","2020-04-05",899,6,125,3964,8134,0.894270961396607,0,0,655,819,55,1063,33,659,23,33
"459","2020-04-06",969,6,154,3924,8134,0.894270961396607,0,0,655,819,36,1099,54,713,11,54
"460","2020-04-07",1012,6,170,3896,8134,0.894270961396607,0,0,655,819,46,1145,66,779,10,66
"461","2020-04-08",1089,6,198,3724,8134,0.894270961396607,0,0,655,819,55,1200,43,822,13,43
"462","2020-04-09",1123,6,218,3539,8134,0.894270961396607,0,0,655,819,47,1247,41,863,15,41
"463","2020-04-10",1141,6,223,3301,8134,0.894270961396607,0,0,655,819,51,1298,28,891,6,28
"464","2020-04-11",1123,6,233,3062,8134,0.894270961396607,0,0,655,819,51,1349,45,936,13,45
"465","2020-04-12",1100,6,212,2790,8134,0.894270961396607,0,0,655,819,61,1410,40,976,20,40
"466","2020-04-13",1035,6,192,2499,8134,0.894270961396607,0,0,655,819,42,1452,45,1021,17,45
"467","2020-04-14",982,6,237,2214,8134,0.894270961396607,0,0,655,819,36,1488,23,1044,17,23
"468","2020-04-15",884,6,209,1924,8134,0.894270961396607,0,0,655,819,38,1526,21,1065,7,21
"469","2020-04-16",788,6,178,1619,8134,0.894270961396607,0,0,655,819,61,1587,36,1101,13,36
"470","2020-04-17",694,6,172,1373,8134,0.894270961396607,0,0,655,819,32,1619,34,1135,7,34
"471","2020-04-18",597,6,161,1194,8134,0.894270961396607,0,0,655,819,48,1667,23,1158,15,23
"472","2020-04-19",512,6,181,1000,8134,0.894270961396607,0,0,655,819,39,1706,20,1178,11,20
"473","2020-04-20",452,6,215,832,8134,0.894270961396607,0,0,655,819,49,1755,41,1219,10,41
"474","2020-04-21",395,6,214,689,8134,0.894270961396607,0,0,655,819,46,1801,28,1247,8,28
"475","2020-04-22",348,6,202,593,8134,0.894270961396607,0,0,655,819,51,1852,12,1259,10,12
"476","2020-04-23",290,6,183,484,8134,0.894270961396607,0,0,655,819,41,1893,22,1281,11,22
"477","2020-04-24",249,6,182,415,8134,0.894270961396607,0,0,655,819,66,1959,40,1321,19,40
"478","2020-04-25",208,6,205,349,8134,0.894270961396607,0,0,655,819,68,2027,61,1382,29,61
"479","2020-04-26",179,6,232,291,8134,0.894270961396607,0,0,655,819,50,2077,20,1402,17,20
"480","2020-04-27",147,6,254,240,8134,0.894270961396607,0,0,655,819,51,2128,69,1471,19,69
"481","2020-04-28",121,6,224,209,8134,0.894270961396607,0,0,655,819,62,2190,39,1510,20,39
"482","2020-04-29",94,6,179,181,8134,0.894270961396607,0,0,655,819,41,2231,49,1559,12,49
"483","2020-04-30",79,6,161,148,8134,0.894270961396607,0,0,655,819,48,2279,49,1608,11,49
"484","2020-05-01",62,6,143,127,8134,0.894270961396607,0,0,655,819,39,2318,38,1646,13,38
"485","2020-05-02",52,6,192,108,8134,0.894270961396607,0,0,655,819,39,2357,16,1662,11,16
"486","2020-05-03",45,6,214,88,8134,0.894270961396607,0,0,655,819,37,2394,16,1678,15,16
"487","2020-05-04",35,6,193,76,8134,0.894270961396607,0,0,655,819,50,2444,29,1707,14,29
"488","2020-05-05",34,6,166,68,8134,0.894270961396607,0,0,655,819,42,2486,23,1730,7,23
"489","2020-05-06",32,6,170,54,8134,0.894270961396607,0,0,655,819,48,2534,40,1770,16,40
"490","2020-05-07",32,6,171,51,8134,0.894270961396607,0,0,655,819,24,2558,31,1801,7,31
"491","2020-05-08",27,6,163,43,8134,0.894270961396607,0,0,655,819,39,2597,45,1846,10,45
"492","2020-05-09",24,6,140,39,8134,0.894270961396607,0,0,655,819,42,2639,19,1865,14,19
"493","2020-05-10",20,6,142,38,8134,0.894270961396607,0,0,655,819,41,2680,25,1890,14,25
"494","2020-05-11",15,6,157,34,8134,0.894270961396607,0,0,655,819,37,2717,47,1937,8,47
"495","2020-05-12",13,6,160,34,8134,0.894270961396607,0,0,655,819,29,2746,32,1969,8,32
"496","2020-05-13",12,6,153,33,8134,0.894270961396607,0,0,655,819,35,2781,38,2007,9,38
"497","2020-05-14",9,6,142,34,8134,0.894270961396607,0,0,655,819,29,2810,34,2041,6,34
"498","2020-05-15",10,6,181,33,8134,0.894270961396607,0,0,655,819,40,2850,21,2062,13,21
"499","2020-05-16",10,6,170,28,8134,0.894270961396607,0,0,655,819,27,2877,19,2081,4,19
"500","2020-05-17",10,6,167,30,8134,0.894270961396607,0,0,655,819,29,2906,59,2140,4,59
"501","2020-05-18",9,6,153,32,8134,0.894270961396607,0,0,655,819,32,2938,24,2164,12,24
"502","2020-05-19",8,6,139,32,8134,0.894270961396607,0,0,655,819,21,2959,14,2178,6,14
"503","2020-05-20",7,6,134,33,8134,0.894270961396607,0,0,655,819,24,2983,10,2188,12,10
"504","2020-05-21",10,6,120,33,8134,0.894270961396607,0,0,655,819,34,3017,13,2201,14,13
"505","2020-05-22",9,6,168,34,8134,0.894270961396607,0,0,655,819,23,3040,14,2215,7,14
"506","2020-05-23",9,6,166,35,8134,0.894270961396607,0,0,655,819,20,3060,6,2221,6,6
"507","2020-05-24",11,6,177,33,8134,0.894270961396607,0,0,655,819,30,3090,23,2244,8,23
"508","2020-05-25",13,6,202,35,8134,0.894270961396607,0,0,655,819,34,3124,20,2264,13,20
"509","2020-05-26",12,6,227,32,8134,0.894270961396607,0,0,655,819,30,3154,12,2276,8,12
"510","2020-05-27",12,6,204,34,8134,0.894270961396607,0,0,655,819,24,3178,17,2293,11,17
"511","2020-05-28",11,6,197,27,8134,0.894270961396607,0,0,655,819,26,3204,13,2306,11,13
"512","2020-05-29",11,6,192,28,8134,0.894270961396607,0,0,655,819,27,3231,34,2340,12,34
"513","2020-05-30",10,6,192,27,8134,0.894270961396607,0,0,655,819,17,3248,19,2359,6,19
"514","2020-05-31",9,6,199,25,8134,0.894270961396607,0,0,655,819,20,3268,37,2396,12,37
"515","2020-06-01",8,6,191,23,8134,0.894270961396607,0,0,655,819,25,3293,47,2443,7,47
"516","2020-06-02",9,6,194,20,8134,0.894270961396607,0,0,655,819,22,3315,17,2460,8,17
"517","2020-06-03",9,6,202,19,8134,0.894270961396607,0,0,655,819,14,3329,15,2475,4,15
"518","2020-06-04",6,6,188,17,8134,0.894270961396607,0,0,655,819,10,3339,24,2499,5,24
"519","2020-06-05",6,6,162,16,8134,0.894270961396607,0,0,655,819,7,3346,14,2513,4,14
"520","2020-06-06",6,6,165,12,8134,0.894270961396607,0,0,655,819,17,3363,8,2521,7,8
"521","2020-06-07",4,6,161,11,8134,0.894270961396607,0,0,655,819,13,3376,8,2529,4,8
"522","2020-03-13",2,7,32,156,5191,0.286264688884608,0,0,460,460,18,45,9,43,5,9
"523","2020-03-14",6,7,29,209,5191,0.286264688884608,0,0,460,460,17,62,6,49,3,6
"524","2020-03-15",14,7,29,270,5191,0.286264688884608,0,0,460,460,29,91,29,78,14,29
"525","2020-03-16",26,7,38,342,5191,0.286264688884608,0,0,460,460,28,119,11,89,16,11
"526","2020-03-17",41,7,44,410,5191,0.286264688884608,0,0,460,460,20,139,10,99,9,10
"527","2020-03-18",54,7,63,466,5191,0.286264688884608,0,0,460,460,19,158,7,106,14,7
"528","2020-03-19",67,7,75,521,5191,0.286264688884608,0,0,460,460,28,186,8,114,14,8
"529","2020-03-20",85,7,80,576,5191,0.286264688884608,0,0,460,460,51,237,29,143,32,29
"530","2020-03-21",107,7,82,615,5191,0.286264688884608,0,0,460,460,34,271,12,155,22,12
"531","2020-03-22",123,7,106,671,5191,0.286264688884608,0,0,460,460,35,306,27,182,28,27
"532","2020-03-23",138,7,104,715,5191,0.286264688884608,0,0,460,460,41,347,34,216,26,34
"533","2020-03-24",154,7,99,730,5191,0.286264688884608,0,0,460,460,43,390,39,255,34,39
"534","2020-03-25",174,7,73,738,5191,0.286264688884608,0,0,460,460,34,424,41,296,26,41
"535","2020-03-26",192,7,71,731,5191,0.286264688884608,0,0,460,460,36,460,53,349,20,53
"536","2020-03-27",208,7,83,739,5191,0.286264688884608,0,0,460,460,32,492,54,403,21,54
"537","2020-03-28",207,7,96,755,5191,0.286264688884608,0,0,460,460,47,539,26,429,35,26
"538","2020-03-29",217,7,96,738,5191,0.286264688884608,0,0,460,460,34,573,34,463,25,34
"539","2020-03-30",216,7,93,754,5191,0.286264688884608,0,0,460,460,37,610,34,497,28,34
"540","2020-03-31",211,7,92,753,5191,0.286264688884608,0,0,460,460,31,641,43,540,17,43
"541","2020-04-01",197,7,96,754,5191,0.286264688884608,0,0,460,460,37,678,23,563,21,23
"542","2020-04-02",207,7,87,750,5191,0.286264688884608,0,0,460,460,33,711,34,597,22,34
"543","2020-04-03",201,7,102,768,5191,0.286264688884608,0,0,460,460,34,745,24,621,16,24
"544","2020-04-04",210,7,104,784,5191,0.286264688884608,0,0,460,460,49,794,49,670,29,49
"545","2020-04-05",204,7,103,786,5191,0.286264688884608,0,0,460,460,37,831,23,693,20,23
"546","2020-04-06",198,7,116,786,5191,0.286264688884608,0,0,460,460,37,868,33,726,22,33
"547","2020-04-07",197,7,114,799,5191,0.286264688884608,0,0,460,460,49,917,14,740,28,14
"548","2020-04-08",202,7,130,804,5191,0.286264688884608,0,0,460,460,38,955,9,749,23,9
"549","2020-04-09",195,7,130,811,5191,0.286264688884608,0,0,460,460,41,996,10,759,28,10
"550","2020-04-10",190,7,115,815,5191,0.286264688884608,0,0,460,460,42,1038,21,780,34,21
"551","2020-04-11",196,7,103,823,5191,0.286264688884608,0,0,460,460,41,1079,10,790,21,10
"552","2020-04-12",204,7,90,825,5191,0.286264688884608,0,0,460,460,38,1117,14,804,18,14
"553","2020-04-13",215,7,81,821,5191,0.286264688884608,0,0,460,460,52,1169,25,829,38,25
"554","2020-04-14",230,7,93,830,5191,0.286264688884608,0,0,460,460,51,1220,32,861,42,32
"555","2020-04-15",236,7,104,850,5191,0.286264688884608,0,0,460,460,54,1274,57,918,37,57
"556","2020-04-16",238,7,111,852,5191,0.286264688884608,0,0,460,460,56,1330,55,973,35,55
"557","2020-04-17",248,7,133,851,5191,0.286264688884608,0,0,460,460,47,1377,46,1019,26,46
"558","2020-04-18",238,7,136,849,5191,0.286264688884608,0,0,460,460,43,1420,75,1094,26,75
"559","2020-04-19",237,7,142,849,5191,0.286264688884608,0,0,460,460,48,1468,26,1120,33,26
"560","2020-04-20",237,7,167,846,5191,0.286264688884608,0,0,460,460,47,1515,19,1139,25,19
"561","2020-04-21",222,7,167,850,5191,0.286264688884608,0,0,460,460,34,1549,13,1152,22,13
"562","2020-04-22",230,7,153,846,5191,0.286264688884608,0,0,460,460,52,1601,6,1158,31,6
"563","2020-04-23",229,7,141,826,5191,0.286264688884608,0,0,460,460,60,1661,12,1170,37,12
"564","2020-04-24",232,7,148,816,5191,0.286264688884608,0,0,460,460,63,1724,44,1214,42,44
"565","2020-04-25",231,7,164,803,5191,0.286264688884608,0,0,460,460,51,1775,41,1255,37,41
"566","2020-04-26",228,7,180,806,5191,0.286264688884608,0,0,460,460,42,1817,33,1288,30,33
"567","2020-04-27",230,7,169,782,5191,0.286264688884608,0,0,460,460,42,1859,21,1309,29,21
"568","2020-04-28",235,7,170,757,5191,0.286264688884608,0,0,460,460,64,1923,38,1347,38,38
"569","2020-04-29",219,7,173,757,5191,0.286264688884608,0,0,460,460,40,1963,20,1367,25,20
"570","2020-04-30",214,7,180,732,5191,0.286264688884608,0,0,460,460,44,2007,28,1395,26,28
"571","2020-05-01",207,7,178,727,5191,0.286264688884608,0,0,460,460,43,2050,22,1417,26,22
"572","2020-05-02",212,7,205,712,5191,0.286264688884608,0,0,460,460,48,2098,26,1443,26,26
"573","2020-05-03",206,7,181,708,5191,0.286264688884608,0,0,460,460,27,2125,38,1481,19,38
"574","2020-05-04",203,7,191,689,5191,0.286264688884608,0,0,460,460,37,2162,32,1513,21,32
"575","2020-05-05",195,7,202,654,5191,0.286264688884608,0,0,460,460,38,2200,51,1564,24,51
"576","2020-05-06",206,7,177,631,5191,0.286264688884608,0,0,460,460,26,2226,53,1617,14,53
"577","2020-05-07",207,7,179,611,5191,0.286264688884608,0,0,460,460,30,2256,56,1673,17,56
"578","2020-05-08",198,7,175,615,5191,0.286264688884608,0,0,460,460,38,2294,24,1697,25,24
"579","2020-05-09",182,7,190,607,5191,0.286264688884608,0,0,460,460,41,2335,22,1719,23,22
"580","2020-05-10",178,7,172,590,5191,0.286264688884608,0,0,460,460,28,2363,47,1766,19,47
"581","2020-05-11",178,7,167,595,5191,0.286264688884608,0,0,460,460,26,2389,39,1805,16,39
"582","2020-05-12",178,7,162,578,5191,0.286264688884608,0,0,460,460,27,2416,29,1834,17,29
"583","2020-05-13",165,7,150,557,5191,0.286264688884608,0,0,460,460,25,2441,10,1844,17,10
"584","2020-05-14",155,7,131,530,5191,0.286264688884608,0,0,460,460,29,2470,8,1852,19,8
"585","2020-05-15",161,7,113,501,5191,0.286264688884608,0,0,460,460,28,2498,6,1858,15,6
"586","2020-05-16",169,7,138,484,5191,0.286264688884608,0,0,460,460,37,2535,45,1903,20,45
"587","2020-05-17",170,7,159,470,5191,0.286264688884608,0,0,460,460,37,2572,44,1947,28,44
"588","2020-05-18",157,7,148,461,5191,0.286264688884608,0,0,460,460,30,2602,28,1975,12,28
"589","2020-05-19",157,7,148,451,5191,0.286264688884608,0,0,460,460,27,2629,24,1999,17,24
"590","2020-05-20",156,7,148,432,5191,0.286264688884608,0,0,460,460,27,2656,26,2025,18,26
"591","2020-05-21",154,7,144,411,5191,0.286264688884608,0,0,460,460,34,2690,33,2058,18,33
"592","2020-05-22",138,7,141,378,5191,0.286264688884608,0,0,460,460,18,2708,27,2085,11,27
"593","2020-05-23",132,7,152,355,5191,0.286264688884608,0,0,460,460,23,2731,33,2118,15,33
"594","2020-05-24",122,7,137,338,5191,0.286264688884608,0,0,460,460,30,2761,26,2144,22,26
"595","2020-05-25",113,7,135,327,5191,0.286264688884608,0,0,460,460,23,2784,35,2179,15,35
"596","2020-05-26",96,7,121,324,5191,0.286264688884608,0,0,460,460,19,2803,39,2218,13,39
"597","2020-05-27",83,7,115,321,5191,0.286264688884608,0,0,460,460,14,2817,36,2254,7,36
"598","2020-05-28",77,7,101,303,5191,0.286264688884608,0,0,460,460,14,2831,20,2274,7,20
"599","2020-05-29",70,7,106,284,5191,0.286264688884608,0,0,460,460,21,2852,14,2288,15,14
"600","2020-05-30",64,7,108,283,5191,0.286264688884608,0,0,460,460,22,2874,15,2303,14,15
"601","2020-05-31",62,7,110,280,5191,0.286264688884608,0,0,460,460,20,2894,25,2328,12,25
"602","2020-06-01",65,7,106,270,5191,0.286264688884608,0,0,460,460,19,2913,14,2342,13,14
"603","2020-06-02",75,7,100,260,5191,0.286264688884608,0,0,460,460,14,2927,28,2370,13,28
"604","2020-06-03",78,7,95,260,5191,0.286264688884608,0,0,460,460,21,2948,14,2384,16,14
"605","2020-06-04",74,7,94,249,5191,0.286264688884608,0,0,460,460,13,2961,36,2420,7,36
"606","2020-06-05",78,7,89,245,5191,0.286264688884608,0,0,460,460,16,2977,53,2473,11,53
"607","2020-06-06",74,7,89,237,5191,0.286264688884608,0,0,460,460,20,2997,34,2507,11,34
"608","2020-06-07",73,7,76,223,5191,0.286264688884608,0,0,460,460,11,3008,23,2530,6,23
"609","2020-03-12",1,8,90,51,4597,0.400043506634762,0,0,390,869,15,46,15,21,1,15
"610","2020-03-13",1,8,108,91,4597,0.400043506634762,0,0,390,869,33,79,15,36,2,15
"611","2020-03-14",2,8,138,133,4597,0.400043506634762,0,0,390,869,32,111,12,48,2,12
"612","2020-03-15",8,8,178,177,4597,0.400043506634762,0,0,390,869,33,144,21,69,5,21
"613","2020-03-16",13,8,188,210,4597,0.400043506634762,0,0,390,869,33,177,11,80,8,11
"614","2020-03-17",23,8,207,245,4597,0.400043506634762,0,0,390,869,36,213,12,92,11,12
"615","2020-03-18",33,8,243,293,4597,0.400043506634762,0,0,390,869,35,248,20,112,15,20
"616","2020-03-19",44,8,223,338,4597,0.400043506634762,0,0,390,869,46,294,25,137,15,25
"617","2020-03-20",58,8,241,382,4597,0.400043506634762,0,0,390,869,39,333,10,147,8,10
"618","2020-03-21",71,8,263,421,4597,0.400043506634762,0,0,390,869,49,382,10,157,19,10
"619","2020-03-22",81,8,253,458,4597,0.400043506634762,0,0,390,869,38,420,8,165,13,8
"620","2020-03-23",98,8,245,501,4597,0.400043506634762,0,0,390,869,50,470,11,176,25,11
"621","2020-03-24",105,8,225,521,4597,0.400043506634762,0,0,390,869,55,525,31,207,22,31
"622","2020-03-25",107,8,214,544,4597,0.400043506634762,0,0,390,869,37,562,17,224,11,17
"623","2020-03-26",121,8,245,563,4597,0.400043506634762,0,0,390,869,45,607,22,246,16,22
"624","2020-03-27",125,8,258,571,4597,0.400043506634762,0,0,390,869,45,652,14,260,21,14
"625","2020-03-28",130,8,252,590,4597,0.400043506634762,0,0,390,869,62,714,11,271,29,11
"626","2020-03-29",134,8,234,606,4597,0.400043506634762,0,0,390,869,42,756,16,287,13,16
"627","2020-03-30",138,8,233,621,4597,0.400043506634762,0,0,390,869,42,798,27,314,18,27
"628","2020-03-31",144,8,216,635,4597,0.400043506634762,0,0,390,869,62,860,19,333,27,19
"629","2020-04-01",162,8,226,661,4597,0.400043506634762,0,0,390,869,38,898,22,355,13,22
"630","2020-04-02",162,8,231,659,4597,0.400043506634762,0,0,390,869,48,946,15,370,18,15
"631","2020-04-03",167,8,230,659,4597,0.400043506634762,0,0,390,869,41,987,8,378,15,8
"632","2020-04-04",176,8,223,668,4597,0.400043506634762,0,0,390,869,51,1038,8,386,23,8
"633","2020-04-05",180,8,216,676,4597,0.400043506634762,0,0,390,869,55,1093,11,397,17,11
"634","2020-04-06",184,8,215,685,4597,0.400043506634762,0,0,390,869,47,1140,26,423,17,26
"635","2020-04-07",188,8,207,692,4597,0.400043506634762,0,0,390,869,38,1178,34,457,11,34
"636","2020-04-08",186,8,211,685,4597,0.400043506634762,0,0,390,869,49,1227,25,482,19,25
"637","2020-04-09",184,8,237,678,4597,0.400043506634762,0,0,390,869,50,1277,19,501,11,19
"638","2020-04-10",185,8,281,680,4597,0.400043506634762,0,0,390,869,33,1310,25,526,11,25
"639","2020-04-11",191,8,272,684,4597,0.400043506634762,0,0,390,869,54,1364,23,549,15,23
"640","2020-04-12",188,8,314,694,4597,0.400043506634762,0,0,390,869,43,1407,30,579,8,30
"641","2020-04-13",175,8,310,707,4597,0.400043506634762,0,0,390,869,46,1453,49,628,9,49
"642","2020-04-14",170,8,299,707,4597,0.400043506634762,0,0,390,869,33,1486,39,667,11,39
"643","2020-04-15",169,8,281,746,4597,0.400043506634762,0,0,390,869,43,1529,48,715,10,48
"644","2020-04-16",177,8,308,738,4597,0.400043506634762,0,0,390,869,48,1577,30,745,13,30
"645","2020-04-17",179,8,295,735,4597,0.400043506634762,0,0,390,869,36,1613,18,763,12,18
"646","2020-04-18",174,8,285,746,4597,0.400043506634762,0,0,390,869,39,1652,15,778,11,15
"647","2020-04-19",177,8,266,728,4597,0.400043506634762,0,0,390,869,48,1700,15,793,7,15
"648","2020-04-20",184,8,269,725,4597,0.400043506634762,0,0,390,869,50,1750,30,823,10,30
"649","2020-04-21",193,8,248,748,4597,0.400043506634762,0,0,390,869,43,1793,21,844,7,21
"650","2020-04-22",197,8,233,742,4597,0.400043506634762,0,0,390,869,41,1834,16,860,11,16
"651","2020-04-23",196,8,231,739,4597,0.400043506634762,0,0,390,869,48,1882,13,873,15,13
"652","2020-04-24",198,8,235,733,4597,0.400043506634762,0,0,390,869,31,1913,20,893,5,20
"653","2020-04-25",201,8,264,721,4597,0.400043506634762,0,0,390,869,51,1964,11,904,9,11
"654","2020-04-26",211,8,268,711,4597,0.400043506634762,0,0,390,869,49,2013,10,914,16,10
"655","2020-04-27",211,8,265,705,4597,0.400043506634762,0,0,390,869,43,2056,9,923,11,9
"656","2020-04-28",204,8,270,687,4597,0.400043506634762,0,0,390,869,44,2100,44,967,8,44
"657","2020-04-29",200,8,281,679,4597,0.400043506634762,0,0,390,869,42,2142,49,1016,13,49
"658","2020-04-30",203,8,270,668,4597,0.400043506634762,0,0,390,869,37,2179,20,1036,7,20
"659","2020-05-01",198,8,261,653,4597,0.400043506634762,0,0,390,869,43,2222,40,1076,14,40
"660","2020-05-02",180,8,284,664,4597,0.400043506634762,0,0,390,869,41,2263,51,1127,10,51
"661","2020-05-03",166,8,304,648,4597,0.400043506634762,0,0,390,869,52,2315,37,1164,12,37
"662","2020-05-04",161,8,313,642,4597,0.400043506634762,0,0,390,869,45,2360,41,1205,11,41
"663","2020-05-05",165,8,312,641,4597,0.400043506634762,0,0,390,869,40,2400,28,1233,13,28
"664","2020-05-06",158,8,320,652,4597,0.400043506634762,0,0,390,869,41,2441,32,1265,7,32
"665","2020-05-07",154,8,303,653,4597,0.400043506634762,0,0,390,869,42,2483,33,1298,12,33
"666","2020-05-08",152,8,290,635,4597,0.400043506634762,0,0,390,869,41,2524,56,1354,7,56
"667","2020-05-09",160,8,293,641,4597,0.400043506634762,0,0,390,869,24,2548,52,1406,7,52
"668","2020-05-10",169,8,330,636,4597,0.400043506634762,0,0,390,869,29,2577,17,1423,3,17
"669","2020-05-11",178,8,323,622,4597,0.400043506634762,0,0,390,869,47,2624,37,1460,12,37
"670","2020-05-12",171,8,327,598,4597,0.400043506634762,0,0,390,869,35,2659,45,1505,5,45
"671","2020-05-13",179,8,325,600,4597,0.400043506634762,0,0,390,869,23,2682,13,1518,5,13
"672","2020-05-14",173,8,303,572,4597,0.400043506634762,0,0,390,869,25,2707,15,1533,5,15
"673","2020-05-15",175,8,283,555,4597,0.400043506634762,0,0,390,869,31,2738,38,1571,10,38
"674","2020-05-16",182,8,273,554,4597,0.400043506634762,0,0,390,869,27,2765,25,1596,7,25
"675","2020-05-17",165,8,282,532,4597,0.400043506634762,0,0,390,869,26,2791,24,1620,6,24
"676","2020-05-18",161,8,318,508,4597,0.400043506634762,0,0,390,869,22,2813,18,1638,4,18
"677","2020-05-19",161,8,333,503,4597,0.400043506634762,0,0,390,869,33,2846,25,1663,9,25
"678","2020-05-20",150,8,330,473,4597,0.400043506634762,0,0,390,869,38,2884,42,1705,10,42
"679","2020-05-21",142,8,333,460,4597,0.400043506634762,0,0,390,869,26,2910,27,1732,8,27
"680","2020-05-22",137,8,332,424,4597,0.400043506634762,0,0,390,869,23,2933,58,1790,8,58
"681","2020-05-23",123,8,324,407,4597,0.400043506634762,0,0,390,869,18,2951,30,1820,4,30
"682","2020-05-24",124,8,335,397,4597,0.400043506634762,0,0,390,869,32,2983,17,1837,12,17
"683","2020-05-25",120,8,340,384,4597,0.400043506634762,0,0,390,869,21,3004,17,1854,5,17
"684","2020-05-26",113,8,331,363,4597,0.400043506634762,0,0,390,869,18,3022,41,1895,7,41
"685","2020-05-27",110,8,321,358,4597,0.400043506634762,0,0,390,869,17,3039,14,1909,4,14
"686","2020-05-28",108,8,309,350,4597,0.400043506634762,0,0,390,869,17,3056,25,1934,4,25
"687","2020-05-29",111,8,303,333,4597,0.400043506634762,0,0,390,869,13,3069,31,1965,4,31
"688","2020-05-30",107,8,294,330,4597,0.400043506634762,0,0,390,869,19,3088,18,1983,9,18
"689","2020-05-31",108,8,273,314,4597,0.400043506634762,0,0,390,869,22,3110,20,2003,3,20
"690","2020-06-01",105,8,305,293,4597,0.400043506634762,0,0,390,869,15,3125,17,2020,3,17
"691","2020-06-02",106,8,311,275,4597,0.400043506634762,0,0,390,869,15,3140,26,2046,5,26
"692","2020-06-03",98,8,302,252,4597,0.400043506634762,0,0,390,869,17,3157,18,2064,4,18
"693","2020-06-04",96,8,292,249,4597,0.400043506634762,0,0,390,869,13,3170,19,2083,5,19
"694","2020-06-05",88,8,295,222,4597,0.400043506634762,0,0,390,869,27,3197,19,2102,8,19
"695","2020-06-06",89,8,316,212,4597,0.400043506634762,0,0,390,869,14,3211,15,2117,6,15
"696","2020-06-07",77,8,320,195,4597,0.400043506634762,0,0,390,869,17,3228,11,2128,6,11
"697","2020-03-14",3,9,44,39,7563,0.964564326325532,0,0,721,730,9,42,7,92,4,7
"698","2020-03-15",6,9,47,54,7563,0.964564326325532,0,0,721,730,16,58,9,101,13,9
"699","2020-03-16",8,9,54,76,7563,0.964564326325532,0,0,721,730,9,67,12,113,6,12
"700","2020-03-17",10,9,80,106,7563,0.964564326325532,0,0,721,730,24,91,24,137,14,24
"701","2020-03-18",19,9,92,145,7563,0.964564326325532,0,0,721,730,23,114,31,168,15,31
"702","2020-03-19",23,9,82,195,7563,0.964564326325532,0,0,721,730,20,134,18,186,15,18
"703","2020-03-20",28,9,80,243,7563,0.964564326325532,0,0,721,730,24,158,31,217,19,31
"704","2020-03-21",35,9,73,305,7563,0.964564326325532,0,0,721,730,34,192,21,238,27,21
"705","2020-03-22",47,9,66,377,7563,0.964564326325532,0,0,721,730,27,219,15,253,22,15
"706","2020-03-23",54,9,59,436,7563,0.964564326325532,0,0,721,730,36,255,10,263,32,10
"707","2020-03-24",67,9,59,540,7563,0.964564326325532,0,0,721,730,25,280,46,309,22,46
"708","2020-03-25",79,9,91,637,7563,0.964564326325532,0,0,721,730,50,330,55,364,42,55
"709","2020-03-26",100,9,122,752,7563,0.964564326325532,0,0,721,730,50,380,29,393,40,29
"710","2020-03-27",116,9,124,923,7563,0.964564326325532,0,0,721,730,51,431,31,424,48,31
"711","2020-03-28",146,9,133,1131,7563,0.964564326325532,0,0,721,730,37,468,17,441,35,17
"712","2020-03-29",169,9,134,1299,7563,0.964564326325532,0,0,721,730,50,518,19,460,40,19
"713","2020-03-30",209,9,163,1482,7563,0.964564326325532,0,0,721,730,37,555,61,521,31,61
"714","2020-03-31",252,9,170,1710,7563,0.964564326325532,0,0,721,730,64,619,53,574,61,53
"715","2020-04-01",293,9,161,1986,7563,0.964564326325532,0,0,721,730,53,672,58,632,51,58
"716","2020-04-02",337,9,159,2306,7563,0.964564326325532,0,0,721,730,47,719,31,663,44,31
"717","2020-04-03",405,9,171,2547,7563,0.964564326325532,0,0,721,730,61,780,23,686,54,23
"718","2020-04-04",467,9,153,2791,7563,0.964564326325532,0,0,721,730,67,847,44,730,55,44
"719","2020-04-05",537,9,152,3071,7563,0.964564326325532,0,0,721,730,76,923,64,794,66,64
"720","2020-04-06",613,9,164,3314,7563,0.964564326325532,0,0,721,730,90,1013,48,842,85,48
"721","2020-04-07",697,9,167,3490,7563,0.964564326325532,0,0,721,730,79,1092,35,877,72,35
"722","2020-04-08",797,9,185,3614,7563,0.964564326325532,0,0,721,730,58,1150,62,939,52,62
"723","2020-04-09",865,9,205,3733,7563,0.964564326325532,0,0,721,730,73,1223,31,970,67,31
"724","2020-04-10",908,9,217,3730,7563,0.964564326325532,0,0,721,730,67,1290,47,1017,60,47
"725","2020-04-11",946,9,246,3718,7563,0.964564326325532,0,0,721,730,82,1372,59,1076,78,59
"726","2020-04-12",1017,9,230,3613,7563,0.964564326325532,0,0,721,730,97,1469,34,1110,87,34
"727","2020-04-13",1058,9,230,3504,7563,0.964564326325532,0,0,721,730,62,1531,41,1151,53,41
"728","2020-04-14",1080,9,191,3272,7563,0.964564326325532,0,0,721,730,106,1637,60,1211,99,60
"729","2020-04-15",1050,9,184,3039,7563,0.964564326325532,0,0,721,730,100,1737,39,1250,96,39
"730","2020-04-16",1042,9,171,2777,7563,0.964564326325532,0,0,721,730,83,1820,55,1305,72,55
"731","2020-04-17",1041,9,152,2539,7563,0.964564326325532,0,0,721,730,81,1901,28,1333,76,28
"732","2020-04-18",991,9,146,2277,7563,0.964564326325532,0,0,721,730,95,1996,18,1351,86,18
"733","2020-04-19",906,9,151,2000,7563,0.964564326325532,0,0,721,730,76,2072,18,1369,67,18
"734","2020-04-20",819,9,150,1753,7563,0.964564326325532,0,0,721,730,73,2145,19,1388,65,19
"735","2020-04-21",736,9,155,1524,7563,0.964564326325532,0,0,721,730,97,2242,17,1405,87,17
"736","2020-04-22",676,9,184,1299,7563,0.964564326325532,0,0,721,730,79,2321,66,1471,74,66
"737","2020-04-23",598,9,215,1105,7563,0.964564326325532,0,0,721,730,75,2396,73,1544,70,73
"738","2020-04-24",509,9,219,936,7563,0.964564326325532,0,0,721,730,69,2465,88,1632,62,88
"739","2020-04-25",460,9,200,783,7563,0.964564326325532,0,0,721,730,66,2531,81,1713,63,81
"740","2020-04-26",384,9,172,670,7563,0.964564326325532,0,0,721,730,73,2604,39,1752,66,39
"741","2020-04-27",333,9,153,563,7563,0.964564326325532,0,0,721,730,61,2665,31,1783,55,31
"742","2020-04-28",276,9,166,468,7563,0.964564326325532,0,0,721,730,76,2741,13,1796,69,13
"743","2020-04-29",222,9,174,406,7563,0.964564326325532,0,0,721,730,59,2800,24,1820,50,24
"744","2020-04-30",189,9,166,337,7563,0.964564326325532,0,0,721,730,57,2857,21,1841,50,21
"745","2020-05-01",160,9,159,268,7563,0.964564326325532,0,0,721,730,68,2925,20,1861,64,20
"746","2020-05-02",126,9,150,225,7563,0.964564326325532,0,0,721,730,76,3001,57,1918,69,57
"747","2020-05-03",114,9,165,188,7563,0.964564326325532,0,0,721,730,64,3065,28,1946,55,28
"748","2020-05-04",94,9,200,161,7563,0.964564326325532,0,0,721,730,55,3120,21,1967,52,21
"749","2020-05-05",75,9,248,138,7563,0.964564326325532,0,0,721,730,66,3186,20,1987,60,20
"750","2020-05-06",60,9,264,114,7563,0.964564326325532,0,0,721,730,79,3265,39,2026,73,39
"751","2020-05-07",47,9,248,113,7563,0.964564326325532,0,0,721,730,49,3314,31,2057,47,31
"752","2020-05-08",38,9,235,93,7563,0.964564326325532,0,0,721,730,58,3372,18,2075,51,18
"753","2020-05-09",32,9,242,88,7563,0.964564326325532,0,0,721,730,50,3422,13,2088,47,13
"754","2020-05-10",31,9,225,76,7563,0.964564326325532,0,0,721,730,57,3479,40,2128,48,40
"755","2020-05-11",28,9,184,64,7563,0.964564326325532,0,0,721,730,39,3518,24,2152,34,24
"756","2020-05-12",29,9,158,56,7563,0.964564326325532,0,0,721,730,47,3565,25,2177,42,25
"757","2020-05-13",27,9,150,54,7563,0.964564326325532,0,0,721,730,44,3609,68,2245,38,68
"758","2020-05-14",23,9,198,50,7563,0.964564326325532,0,0,721,730,31,3640,36,2281,24,36
"759","2020-05-15",23,9,219,43,7563,0.964564326325532,0,0,721,730,35,3675,66,2347,32,66
"760","2020-05-16",23,9,200,39,7563,0.964564326325532,0,0,721,730,33,3708,32,2379,28,32
"761","2020-05-17",20,9,203,42,7563,0.964564326325532,0,0,721,730,26,3734,23,2402,24,23
"762","2020-05-18",16,9,213,41,7563,0.964564326325532,0,0,721,730,43,3777,22,2424,40,22
"763","2020-05-19",14,9,220,40,7563,0.964564326325532,0,0,721,730,26,3803,9,2433,22,9
"764","2020-05-20",16,9,209,35,7563,0.964564326325532,0,0,721,730,32,3835,25,2458,24,25
"765","2020-05-21",15,9,194,34,7563,0.964564326325532,0,0,721,730,34,3869,43,2501,29,43
"766","2020-05-22",14,9,176,28,7563,0.964564326325532,0,0,721,730,32,3901,22,2523,29,22
"767","2020-05-23",13,9,162,21,7563,0.964564326325532,0,0,721,730,36,3937,28,2551,32,28
"768","2020-05-24",11,9,163,24,7563,0.964564326325532,0,0,721,730,29,3966,47,2598,24,47
"769","2020-05-25",10,9,149,23,7563,0.964564326325532,0,0,721,730,28,3994,38,2636,22,38
"770","2020-05-26",7,9,133,23,7563,0.964564326325532,0,0,721,730,21,4015,18,2654,20,18
"771","2020-05-27",5,9,120,22,7563,0.964564326325532,0,0,721,730,26,4041,46,2700,26,46
"772","2020-05-28",6,9,130,20,7563,0.964564326325532,0,0,721,730,26,4067,19,2719,25,19
"773","2020-05-29",3,9,138,17,7563,0.964564326325532,0,0,721,730,20,4087,17,2736,19,17
"774","2020-05-30",3,9,147,17,7563,0.964564326325532,0,0,721,730,25,4112,41,2777,24,41
"775","2020-05-31",4,9,172,20,7563,0.964564326325532,0,0,721,730,20,4132,29,2806,19,29
"776","2020-06-01",5,9,165,18,7563,0.964564326325532,0,0,721,730,16,4148,33,2839,15,33
"777","2020-06-02",5,9,158,18,7563,0.964564326325532,0,0,721,730,23,4171,32,2871,19,32
"778","2020-06-03",5,9,135,18,7563,0.964564326325532,0,0,721,730,21,4192,28,2899,19,28
"779","2020-06-04",4,9,131,22,7563,0.964564326325532,0,0,721,730,18,4210,24,2923,16,24
"780","2020-06-05",5,9,142,24,7563,0.964564326325532,0,0,721,730,9,4219,21,2944,9,21
"781","2020-06-06",6,9,138,26,7563,0.964564326325532,0,0,721,730,6,4225,12,2956,5,12
"782","2020-06-07",9,9,135,25,7563,0.964564326325532,0,0,721,730,11,4236,17,2973,10,17
"783","2020-03-13",1,10,63,21,1920,0.6359375,0,0,164,676,31,69,9,20,3,9
"784","2020-03-14",2,10,76,26,1920,0.6359375,0,0,164,676,39,108,23,43,7,23
"785","2020-03-15",2,10,88,31,1920,0.6359375,0,0,164,676,32,140,14,57,7,14
"786","2020-03-16",3,10,86,41,1920,0.6359375,0,0,164,676,31,171,21,78,10,21
"787","2020-03-17",3,10,81,48,1920,0.6359375,0,0,164,676,51,222,26,104,31,26
"788","2020-03-18",3,10,118,62,1920,0.6359375,0,0,164,676,44,266,18,122,24,18
"789","2020-03-19",6,10,138,82,1920,0.6359375,0,0,164,676,53,319,11,133,33,11
"790","2020-03-20",7,10,140,103,1920,0.6359375,0,0,164,676,52,371,2,135,32,2
"791","2020-03-21",11,10,152,126,1920,0.6359375,0,0,164,676,69,440,3,138,34,3
"792","2020-03-22",16,10,163,137,1920,0.6359375,0,0,164,676,66,506,6,144,47,6
"793","2020-03-23",21,10,175,152,1920,0.6359375,0,0,164,676,69,575,23,167,54,23
"794","2020-03-24",28,10,166,154,1920,0.6359375,0,0,164,676,58,633,7,174,43,7
"795","2020-03-25",31,10,177,163,1920,0.6359375,0,0,164,676,77,710,17,191,58,17
"796","2020-03-26",35,10,165,172,1920,0.6359375,0,0,164,676,88,798,34,225,61,34
"797","2020-03-27",42,10,162,177,1920,0.6359375,0,0,164,676,75,873,34,259,56,34
"798","2020-03-28",45,10,167,184,1920,0.6359375,0,0,164,676,75,948,34,293,54,34
"799","2020-03-29",49,10,156,183,1920,0.6359375,0,0,164,676,85,1033,19,312,62,19
"800","2020-03-30",52,10,141,188,1920,0.6359375,0,0,164,676,99,1132,31,343,75,31
"801","2020-03-31",51,10,160,191,1920,0.6359375,0,0,164,676,82,1214,31,374,65,31
"802","2020-04-01",55,10,150,198,1920,0.6359375,0,0,164,676,75,1289,10,384,60,10
"803","2020-04-02",49,10,138,203,1920,0.6359375,0,0,164,676,78,1367,27,411,51,27
"804","2020-04-03",51,10,125,207,1920,0.6359375,0,0,164,676,94,1461,15,426,59,15
"805","2020-04-04",49,10,114,217,1920,0.6359375,0,0,164,676,83,1544,6,432,56,6
"806","2020-04-05",43,10,109,225,1920,0.6359375,0,0,164,676,77,1621,16,448,57,16
"807","2020-04-06",47,10,123,232,1920,0.6359375,0,0,164,676,70,1691,35,483,54,35
"808","2020-04-07",56,10,152,238,1920,0.6359375,0,0,164,676,77,1768,21,504,52,21
"809","2020-04-08",55,10,141,236,1920,0.6359375,0,0,164,676,59,1827,16,520,35,16
"810","2020-04-09",65,10,148,244,1920,0.6359375,0,0,164,676,83,1910,17,537,59,17
"811","2020-04-10",64,10,135,260,1920,0.6359375,0,0,164,676,84,1994,12,549,60,12
"812","2020-04-11",63,10,113,255,1920,0.6359375,0,0,164,676,76,2070,9,558,50,9
"813","2020-04-12",71,10,104,267,1920,0.6359375,0,0,164,676,79,2149,8,566,55,8
"814","2020-04-13",70,10,141,272,1920,0.6359375,0,0,164,676,113,2262,13,579,80,13
"815","2020-04-14",65,10,180,274,1920,0.6359375,0,0,164,676,105,2367,28,607,68,28
"816","2020-04-15",68,10,182,270,1920,0.6359375,0,0,164,676,88,2455,18,625,64,18
"817","2020-04-16",64,10,187,282,1920,0.6359375,0,0,164,676,66,2521,19,644,51,19
"818","2020-04-17",67,10,178,271,1920,0.6359375,0,0,164,676,70,2591,15,659,55,15
"819","2020-04-18",71,10,156,260,1920,0.6359375,0,0,164,676,84,2675,22,681,57,22
"820","2020-04-19",69,10,147,268,1920,0.6359375,0,0,164,676,80,2755,16,697,58,16
"821","2020-04-20",66,10,131,271,1920,0.6359375,0,0,164,676,79,2834,14,711,48,14
"822","2020-04-21",68,10,133,269,1920,0.6359375,0,0,164,676,80,2914,8,719,63,8
"823","2020-04-22",71,10,143,268,1920,0.6359375,0,0,164,676,85,2999,11,730,61,11
"824","2020-04-23",73,10,133,263,1920,0.6359375,0,0,164,676,92,3091,16,746,58,16
"825","2020-04-24",73,10,123,286,1920,0.6359375,0,0,164,676,59,3150,35,781,37,35
"826","2020-04-25",74,10,132,295,1920,0.6359375,0,0,164,676,90,3240,51,832,61,51
"827","2020-04-26",78,10,176,303,1920,0.6359375,0,0,164,676,53,3293,35,867,36,35
"828","2020-04-27",79,10,210,310,1920,0.6359375,0,0,164,676,52,3345,34,901,31,34
"829","2020-04-28",75,10,229,324,1920,0.6359375,0,0,164,676,59,3404,35,936,37,35
"830","2020-04-29",86,10,218,319,1920,0.6359375,0,0,164,676,56,3460,63,999,35,63
"831","2020-04-30",89,10,180,311,1920,0.6359375,0,0,164,676,49,3509,43,1042,32,43
"832","2020-05-01",89,10,154,324,1920,0.6359375,0,0,164,676,61,3570,45,1087,31,45
"833","2020-05-02",90,10,183,313,1920,0.6359375,0,0,164,676,60,3630,21,1108,42,21
"834","2020-05-03",98,10,174,296,1920,0.6359375,0,0,164,676,36,3666,37,1145,27,37
"835","2020-05-04",96,10,166,294,1920,0.6359375,0,0,164,676,42,3708,48,1193,28,48
"836","2020-05-05",99,10,189,294,1920,0.6359375,0,0,164,676,44,3752,55,1248,27,55
"837","2020-05-06",89,10,165,285,1920,0.6359375,0,0,164,676,47,3799,45,1293,26,45
"838","2020-05-07",90,10,156,288,1920,0.6359375,0,0,164,676,45,3844,38,1331,19,38
"839","2020-05-08",86,10,153,291,1920,0.6359375,0,0,164,676,47,3891,46,1377,28,46
"840","2020-05-09",84,10,183,280,1920,0.6359375,0,0,164,676,47,3938,27,1404,28,27
"841","2020-05-10",71,10,197,254,1920,0.6359375,0,0,164,676,39,3977,23,1427,19,23
"842","2020-05-11",77,10,215,251,1920,0.6359375,0,0,164,676,32,4009,9,1436,19,9
"843","2020-05-12",79,10,223,256,1920,0.6359375,0,0,164,676,39,4048,7,1443,25,7
"844","2020-05-13",81,10,244,264,1920,0.6359375,0,0,164,676,48,4096,12,1455,26,12
"845","2020-05-14",75,10,227,257,1920,0.6359375,0,0,164,676,47,4143,26,1481,29,26
"846","2020-05-15",83,10,217,267,1920,0.6359375,0,0,164,676,38,4181,33,1514,25,33
"847","2020-05-16",85,10,215,264,1920,0.6359375,0,0,164,676,40,4221,30,1544,27,30
"848","2020-05-17",84,10,196,269,1920,0.6359375,0,0,164,676,33,4254,30,1574,22,30
"849","2020-05-18",78,10,174,270,1920,0.6359375,0,0,164,676,28,4282,18,1592,15,18
"850","2020-05-19",80,10,155,257,1920,0.6359375,0,0,164,676,32,4314,8,1600,21,8
"851","2020-05-20",76,10,147,241,1920,0.6359375,0,0,164,676,38,4352,24,1624,21,24
"852","2020-05-21",78,10,143,229,1920,0.6359375,0,0,164,676,22,4374,17,1641,12,17
"853","2020-05-22",66,10,139,225,1920,0.6359375,0,0,164,676,28,4402,32,1673,19,32
"854","2020-05-23",63,10,131,225,1920,0.6359375,0,0,164,676,39,4441,20,1693,28,20
"855","2020-05-24",64,10,132,218,1920,0.6359375,0,0,164,676,25,4466,29,1722,15,29
"856","2020-05-25",62,10,111,210,1920,0.6359375,0,0,164,676,23,4489,10,1732,15,10
"857","2020-05-26",61,10,107,214,1920,0.6359375,0,0,164,676,21,4510,22,1754,15,22
"858","2020-05-27",58,10,121,215,1920,0.6359375,0,0,164,676,23,4533,18,1772,14,18
"859","2020-05-28",58,10,149,210,1920,0.6359375,0,0,164,676,28,4561,28,1800,11,28
"860","2020-05-29",58,10,131,207,1920,0.6359375,0,0,164,676,19,4580,21,1821,10,21
"861","2020-05-30",58,10,120,214,1920,0.6359375,0,0,164,676,24,4604,14,1835,15,14
"862","2020-05-31",58,10,110,217,1920,0.6359375,0,0,164,676,15,4619,24,1859,11,24
"863","2020-06-01",59,10,104,221,1920,0.6359375,0,0,164,676,21,4640,23,1882,12,23
"864","2020-06-02",56,10,119,224,1920,0.6359375,0,0,164,676,19,4659,19,1901,14,19
"865","2020-06-03",59,10,119,228,1920,0.6359375,0,0,164,676,13,4672,21,1922,8,21
"866","2020-06-04",56,10,115,220,1920,0.6359375,0,0,164,676,14,4686,12,1934,7,12
"867","2020-06-05",61,10,125,214,1920,0.6359375,0,0,164,676,23,4709,8,1942,13,8
"868","2020-06-06",63,10,138,213,1920,0.6359375,0,0,164,676,17,4726,6,1948,14,6
"869","2020-06-07",63,10,156,203,1920,0.6359375,0,0,164,676,15,4741,15,1963,9,15
"870","2020-03-13",1,11,41,83,4228,0.408230842005676,0,0,346,704,53,134,39,92,5,39
"871","2020-03-14",2,11,42,119,4228,0.408230842005676,0,0,346,704,47,181,24,116,7,24
"872","2020-03-15",5,11,41,168,4228,0.408230842005676,0,0,346,704,53,234,37,153,17,37
"873","2020-03-16",13,11,37,210,4228,0.408230842005676,0,0,346,704,59,293,25,178,15,25
"874","2020-03-17",24,11,39,270,4228,0.408230842005676,0,0,346,704,51,344,22,200,14,22
"875","2020-03-18",29,11,69,327,4228,0.408230842005676,0,0,346,704,54,398,39,239,26,39
"876","2020-03-19",36,11,98,372,4228,0.408230842005676,0,0,346,704,60,458,43,282,20,43
"877","2020-03-20",49,11,121,439,4228,0.408230842005676,0,0,346,704,62,520,39,321,23,39
"878","2020-03-21",67,11,121,500,4228,0.408230842005676,0,0,346,704,70,590,54,375,30,54
"879","2020-03-22",83,11,114,556,4228,0.408230842005676,0,0,346,704,60,650,40,415,26,40
"880","2020-03-23",101,11,112,605,4228,0.408230842005676,0,0,346,704,67,717,43,458,21,43
"881","2020-03-24",122,11,111,639,4228,0.408230842005676,0,0,346,704,73,790,31,489,39,31
"882","2020-03-25",143,11,145,689,4228,0.408230842005676,0,0,346,704,70,860,39,528,33,39
"883","2020-03-26",166,11,163,702,4228,0.408230842005676,0,0,346,704,55,915,33,561,23,33
"884","2020-03-27",175,11,158,737,4228,0.408230842005676,0,0,346,704,62,977,34,595,27,34
"885","2020-03-28",193,11,163,751,4228,0.408230842005676,0,0,346,704,78,1055,33,628,39,33
"886","2020-03-29",199,11,181,760,4228,0.408230842005676,0,0,346,704,68,1123,35,663,36,35
"887","2020-03-30",211,11,190,775,4228,0.408230842005676,0,0,346,704,66,1189,56,719,32,56
"888","2020-03-31",208,11,199,786,4228,0.408230842005676,0,0,346,704,82,1271,35,754,43,35
"889","2020-04-01",205,11,182,767,4228,0.408230842005676,0,0,346,704,85,1356,26,780,37,26
"890","2020-04-02",208,11,171,739,4228,0.408230842005676,0,0,346,704,63,1419,45,825,27,45
"891","2020-04-03",206,11,160,729,4228,0.408230842005676,0,0,346,704,67,1486,40,865,29,40
"892","2020-04-04",196,11,157,699,4228,0.408230842005676,0,0,346,704,73,1559,49,914,31,49
"893","2020-04-05",204,11,170,693,4228,0.408230842005676,0,0,346,704,69,1628,29,943,32,29
"894","2020-04-06",198,11,203,676,4228,0.408230842005676,0,0,346,704,76,1704,24,967,31,24
"895","2020-04-07",192,11,220,647,4228,0.408230842005676,0,0,346,704,80,1784,22,989,34,22
"896","2020-04-08",185,11,187,643,4228,0.408230842005676,0,0,346,704,88,1872,25,1014,48,25
"897","2020-04-09",180,11,163,618,4228,0.408230842005676,0,0,346,704,79,1951,33,1047,44,33
"898","2020-04-10",176,11,187,626,4228,0.408230842005676,0,0,346,704,60,2011,57,1104,27,57
"899","2020-04-11",167,11,226,625,4228,0.408230842005676,0,0,346,704,66,2077,40,1144,23,40
"900","2020-04-12",158,11,213,625,4228,0.408230842005676,0,0,346,704,82,2159,34,1178,40,34
"901","2020-04-13",150,11,200,615,4228,0.408230842005676,0,0,346,704,70,2229,47,1225,30,47
"902","2020-04-14",156,11,201,604,4228,0.408230842005676,0,0,346,704,85,2314,48,1273,41,48
"903","2020-04-15",165,11,202,607,4228,0.408230842005676,0,0,346,704,53,2367,26,1299,22,26
"904","2020-04-16",157,11,181,591,4228,0.408230842005676,0,0,346,704,81,2448,36,1335,38,36
"905","2020-04-17",159,11,171,582,4228,0.408230842005676,0,0,346,704,81,2529,36,1371,42,36
"906","2020-04-18",158,11,138,585,4228,0.408230842005676,0,0,346,704,69,2598,59,1430,30,59
"907","2020-04-19",150,11,121,574,4228,0.408230842005676,0,0,346,704,97,2695,42,1472,48,42
"908","2020-04-20",143,11,129,568,4228,0.408230842005676,0,0,346,704,72,2767,43,1515,34,43
"909","2020-04-21",139,11,168,572,4228,0.408230842005676,0,0,346,704,75,2842,37,1552,33,37
"910","2020-04-22",132,11,220,560,4228,0.408230842005676,0,0,346,704,62,2904,42,1594,24,42
"911","2020-04-23",128,11,228,550,4228,0.408230842005676,0,0,346,704,76,2980,37,1631,25,37
"912","2020-04-24",135,11,243,544,4228,0.408230842005676,0,0,346,704,63,3043,29,1660,26,29
"913","2020-04-25",138,11,216,559,4228,0.408230842005676,0,0,346,704,66,3109,47,1707,31,47
"914","2020-04-26",145,11,190,559,4228,0.408230842005676,0,0,346,704,63,3172,43,1750,34,43
"915","2020-04-27",150,11,181,571,4228,0.408230842005676,0,0,346,704,65,3237,32,1782,29,32
"916","2020-04-28",143,11,198,572,4228,0.408230842005676,0,0,346,704,67,3304,59,1841,29,59
"917","2020-04-29",145,11,230,569,4228,0.408230842005676,0,0,346,704,53,3357,42,1883,21,42
"918","2020-04-30",148,11,242,571,4228,0.408230842005676,0,0,346,704,66,3423,33,1916,24,33
"919","2020-05-01",149,11,235,572,4228,0.408230842005676,0,0,346,704,62,3485,39,1955,27,39
"920","2020-05-02",152,11,217,555,4228,0.408230842005676,0,0,346,704,54,3539,45,2000,25,45
"921","2020-05-03",158,11,189,548,4228,0.408230842005676,0,0,346,704,68,3607,68,2068,29,68
"922","2020-05-04",162,11,160,537,4228,0.408230842005676,0,0,346,704,67,3674,63,2131,24,63
"923","2020-05-05",168,11,145,525,4228,0.408230842005676,0,0,346,704,69,3743,45,2176,31,45
"924","2020-05-06",171,11,170,525,4228,0.408230842005676,0,0,346,704,44,3787,52,2228,20,52
"925","2020-05-07",181,11,178,520,4228,0.408230842005676,0,0,346,704,51,3838,41,2269,17,41
"926","2020-05-08",170,11,173,516,4228,0.408230842005676,0,0,346,704,53,3891,56,2325,26,56
"927","2020-05-09",169,11,197,514,4228,0.408230842005676,0,0,346,704,62,3953,27,2352,26,27
"928","2020-05-10",168,11,192,507,4228,0.408230842005676,0,0,346,704,47,4000,46,2398,24,46
"929","2020-05-11",161,11,185,483,4228,0.408230842005676,0,0,346,704,44,4044,39,2437,10,39
"930","2020-05-12",168,11,175,469,4228,0.408230842005676,0,0,346,704,43,4087,32,2469,14,32
"931","2020-05-13",159,11,162,465,4228,0.408230842005676,0,0,346,704,46,4133,39,2508,10,39
"932","2020-05-14",152,11,161,446,4228,0.408230842005676,0,0,346,704,29,4162,60,2568,10,60
"933","2020-05-15",153,11,146,423,4228,0.408230842005676,0,0,346,704,42,4204,45,2613,15,45
"934","2020-05-16",154,11,142,410,4228,0.408230842005676,0,0,346,704,41,4245,38,2651,15,38
"935","2020-05-17",140,11,126,403,4228,0.408230842005676,0,0,346,704,42,4287,49,2700,9,49
"936","2020-05-18",143,11,102,389,4228,0.408230842005676,0,0,346,704,38,4325,77,2777,12,77
"937","2020-05-19",128,11,130,379,4228,0.408230842005676,0,0,346,704,39,4364,49,2826,13,49
"938","2020-05-20",128,11,164,372,4228,0.408230842005676,0,0,346,704,32,4396,50,2876,11,50
"939","2020-05-21",117,11,180,360,4228,0.408230842005676,0,0,346,704,29,4425,49,2925,11,49
"940","2020-05-22",103,11,172,353,4228,0.408230842005676,0,0,346,704,39,4464,49,2974,14,49
"941","2020-05-23",87,11,165,352,4228,0.408230842005676,0,0,346,704,29,4493,40,3014,14,40
"942","2020-05-24",89,11,174,344,4228,0.408230842005676,0,0,346,704,22,4515,55,3069,8,55
"943","2020-05-25",82,11,156,326,4228,0.408230842005676,0,0,346,704,28,4543,41,3110,8,41
"944","2020-05-26",78,11,140,304,4228,0.408230842005676,0,0,346,704,23,4566,32,3142,11,32
"945","2020-05-27",78,11,125,292,4228,0.408230842005676,0,0,346,704,23,4589,49,3191,12,49
"946","2020-05-28",79,11,136,282,4228,0.408230842005676,0,0,346,704,22,4611,39,3230,8,39
"947","2020-05-29",85,11,160,271,4228,0.408230842005676,0,0,346,704,19,4630,48,3278,5,48
"948","2020-05-30",84,11,180,275,4228,0.408230842005676,0,0,346,704,25,4655,49,3327,11,49
"949","2020-05-31",84,11,180,268,4228,0.408230842005676,0,0,346,704,20,4675,49,3376,6,49
"950","2020-06-01",83,11,194,266,4228,0.408230842005676,0,0,346,704,22,4697,39,3415,5,39
"951","2020-06-02",79,11,178,262,4228,0.408230842005676,0,0,346,704,19,4716,39,3454,6,39
"952","2020-06-03",79,11,181,260,4228,0.408230842005676,0,0,346,704,20,4736,39,3493,10,39
"953","2020-06-04",74,11,178,248,4228,0.408230842005676,0,0,346,704,18,4754,43,3536,4,43
"954","2020-06-05",69,11,179,240,4228,0.408230842005676,0,0,346,704,19,4773,64,3600,11,64
"955","2020-06-06",74,11,191,240,4228,0.408230842005676,0,0,346,704,18,4791,53,3653,9,53
"956","2020-06-07",68,11,185,231,4228,0.408230842005676,0,0,346,704,23,4814,37,3690,14,37
"957","2020-03-13",3,12,42,114,4536,0.316798941798942,0,0,401,540,28,51,18,39,8,18
"958","2020-03-14",5,12,37,151,4536,0.316798941798942,0,0,401,540,29,80,4,43,5,4
"959","2020-03-15",11,12,43,202,4536,0.316798941798942,0,0,401,540,37,117,5,48,18,5
"960","2020-03-16",19,12,53,236,4536,0.316798941798942,0,0,401,540,42,159,8,56,23,8
"961","2020-03-17",25,12,49,292,4536,0.316798941798942,0,0,401,540,35,194,29,85,20,29
"962","2020-03-18",36,12,45,333,4536,0.316798941798942,0,0,401,540,43,237,35,120,23,35
"963","2020-03-19",53,12,41,397,4536,0.316798941798942,0,0,401,540,55,292,24,144,30,24
"964","2020-03-20",68,12,46,456,4536,0.316798941798942,0,0,401,540,48,340,29,173,26,29
"965","2020-03-21",84,12,32,508,4536,0.316798941798942,0,0,401,540,51,391,15,188,35,15
"966","2020-03-22",99,12,36,561,4536,0.316798941798942,0,0,401,540,71,462,35,223,56,35
"967","2020-03-23",118,12,52,609,4536,0.316798941798942,0,0,401,540,62,524,28,251,50,28
"968","2020-03-24",132,12,55,632,4536,0.316798941798942,0,0,401,540,74,598,16,267,46,16
"969","2020-03-25",142,12,64,654,4536,0.316798941798942,0,0,401,540,60,658,37,304,43,37
"970","2020-03-26",156,12,67,659,4536,0.316798941798942,0,0,401,540,67,725,17,321,52,17
"971","2020-03-27",163,12,65,700,4536,0.316798941798942,0,0,401,540,87,812,38,359,68,38
"972","2020-03-28",178,12,70,719,4536,0.316798941798942,0,0,401,540,73,885,27,386,58,27
"973","2020-03-29",185,12,86,745,4536,0.316798941798942,0,0,401,540,68,953,38,424,49,38
"974","2020-03-30",189,12,88,753,4536,0.316798941798942,0,0,401,540,72,1025,34,458,46,34
"975","2020-03-31",194,12,81,764,4536,0.316798941798942,0,0,401,540,56,1081,33,491,45,33
"976","2020-04-01",208,12,81,771,4536,0.316798941798942,0,0,401,540,78,1159,13,504,56,13
"977","2020-04-02",207,12,88,782,4536,0.316798941798942,0,0,401,540,67,1226,11,515,55,11
"978","2020-04-03",210,12,90,775,4536,0.316798941798942,0,0,401,540,74,1300,12,527,57,12
"979","2020-04-04",203,12,96,769,4536,0.316798941798942,0,0,401,540,68,1368,24,551,53,24
"980","2020-04-05",204,12,114,769,4536,0.316798941798942,0,0,401,540,94,1462,43,594,72,43
"981","2020-04-06",210,12,118,760,4536,0.316798941798942,0,0,401,540,75,1537,45,639,49,45
"982","2020-04-07",217,12,117,765,4536,0.316798941798942,0,0,401,540,89,1626,19,658,71,19
"983","2020-04-08",208,12,130,753,4536,0.316798941798942,0,0,401,540,63,1689,23,681,41,23
"984","2020-04-09",204,12,177,736,4536,0.316798941798942,0,0,401,540,77,1766,19,700,58,19
"985","2020-04-10",203,12,209,726,4536,0.316798941798942,0,0,401,540,81,1847,59,759,62,59
"986","2020-04-11",209,12,246,716,4536,0.316798941798942,0,0,401,540,76,1923,64,823,57,64
"987","2020-04-12",212,12,256,716,4536,0.316798941798942,0,0,401,540,85,2008,32,855,68,32
"988","2020-04-13",211,12,239,711,4536,0.316798941798942,0,0,401,540,95,2103,30,885,66,30
"989","2020-04-14",213,12,224,711,4536,0.316798941798942,0,0,401,540,59,2162,31,916,38,31
"990","2020-04-15",212,12,207,720,4536,0.316798941798942,0,0,401,540,64,2226,15,931,46,15
"991","2020-04-16",211,12,206,713,4536,0.316798941798942,0,0,401,540,87,2313,19,950,60,19
"992","2020-04-17",215,12,213,700,4536,0.316798941798942,0,0,401,540,72,2385,35,985,54,35
"993","2020-04-18",209,12,209,698,4536,0.316798941798942,0,0,401,540,73,2458,26,1011,49,26
"994","2020-04-19",197,12,208,701,4536,0.316798941798942,0,0,401,540,71,2529,48,1059,50,48
"995","2020-04-20",186,12,222,706,4536,0.316798941798942,0,0,401,540,69,2598,20,1079,46,20
"996","2020-04-21",183,12,203,697,4536,0.316798941798942,0,0,401,540,77,2675,20,1099,52,20
"997","2020-04-22",191,12,201,679,4536,0.316798941798942,0,0,401,540,59,2734,16,1115,35,16
"998","2020-04-23",187,12,207,674,4536,0.316798941798942,0,0,401,540,59,2793,18,1133,37,18
"999","2020-04-24",175,12,205,659,4536,0.316798941798942,0,0,401,540,60,2853,12,1145,43,12
"1000","2020-04-25",176,12,198,653,4536,0.316798941798942,0,0,401,540,59,2912,16,1161,40,16
"1001","2020-04-26",183,12,194,647,4536,0.316798941798942,0,0,401,540,60,2972,18,1179,36,18
"1002","2020-04-27",190,12,211,626,4536,0.316798941798942,0,0,401,540,65,3037,53,1232,46,53
"1003","2020-04-28",191,12,226,630,4536,0.316798941798942,0,0,401,540,60,3097,42,1274,42,42
"1004","2020-04-29",182,12,221,622,4536,0.316798941798942,0,0,401,540,44,3141,54,1328,25,54
"1005","2020-04-30",183,12,208,622,4536,0.316798941798942,0,0,401,540,59,3200,36,1364,40,36
"1006","2020-05-01",192,12,216,621,4536,0.316798941798942,0,0,401,540,58,3258,58,1422,40,59
"1007","2020-05-02",186,12,215,603,4536,0.316798941798942,0,0,401,540,58,3316,76,1498,38,76
"1008","2020-05-03",175,12,201,597,4536,0.316798941798942,0,0,401,540,42,3358,55,1553,32,55
"1009","2020-05-04",166,12,195,592,4536,0.316798941798942,0,0,401,540,60,3418,62,1615,41,62
"1010","2020-05-05",156,12,171,606,4536,0.316798941798942,0,0,401,540,55,3473,39,1654,43,39
"1011","2020-05-06",152,12,182,606,4536,0.316798941798942,0,0,401,540,46,3519,27,1681,35,27
"1012","2020-05-07",153,12,183,610,4536,0.316798941798942,0,0,401,540,43,3562,22,1703,27,22
"1013","2020-05-08",150,12,228,609,4536,0.316798941798942,0,0,401,540,46,3608,22,1725,37,22
"1014","2020-05-09",152,12,248,592,4536,0.316798941798942,0,0,401,540,59,3667,15,1740,40,15
"1015","2020-05-10",163,12,241,561,4536,0.316798941798942,0,0,401,540,36,3703,23,1763,23,23
"1016","2020-05-11",155,12,220,555,4536,0.316798941798942,0,0,401,540,34,3737,38,1801,22,38
"1017","2020-05-12",162,12,201,555,4536,0.316798941798942,0,0,401,540,40,3777,49,1850,25,49
"1018","2020-05-13",168,12,196,526,4536,0.316798941798942,0,0,401,540,43,3820,25,1875,31,25
"1019","2020-05-14",166,12,213,506,4536,0.316798941798942,0,0,401,540,49,3869,21,1896,37,21
"1020","2020-05-15",161,12,213,477,4536,0.316798941798942,0,0,401,540,34,3903,51,1947,17,51
"1021","2020-05-16",159,12,206,455,4536,0.316798941798942,0,0,401,540,38,3941,28,1975,25,28
"1022","2020-05-17",152,12,204,438,4536,0.316798941798942,0,0,401,540,24,3965,24,1999,14,24
"1023","2020-05-18",153,12,242,423,4536,0.316798941798942,0,0,401,540,29,3994,22,2021,14,22
"1024","2020-05-19",141,12,227,402,4536,0.316798941798942,0,0,401,540,34,4028,21,2042,24,21
"1025","2020-05-20",127,12,211,393,4536,0.316798941798942,0,0,401,540,33,4061,12,2054,20,12
"1026","2020-05-21",123,12,211,379,4536,0.316798941798942,0,0,401,540,39,4100,16,2070,26,16
"1027","2020-05-22",132,12,223,360,4536,0.316798941798942,0,0,401,540,28,4128,39,2109,21,39
"1028","2020-05-23",124,12,207,345,4536,0.316798941798942,0,0,401,540,28,4156,53,2162,15,53
"1029","2020-05-24",117,12,188,331,4536,0.316798941798942,0,0,401,540,23,4179,48,2210,16,48
"1030","2020-05-25",118,12,192,323,4536,0.316798941798942,0,0,401,540,17,4196,45,2255,10,45
"1031","2020-05-26",112,12,194,319,4536,0.316798941798942,0,0,401,540,28,4224,39,2294,23,39
"1032","2020-05-27",111,12,196,310,4536,0.316798941798942,0,0,401,540,24,4248,17,2311,18,17
"1033","2020-05-28",106,12,181,296,4536,0.316798941798942,0,0,401,540,14,4262,16,2327,10,16
"1034","2020-05-29",90,12,183,291,4536,0.316798941798942,0,0,401,540,17,4279,16,2343,10,16
"1035","2020-05-30",91,12,192,281,4536,0.316798941798942,0,0,401,540,34,4313,25,2368,19,25
"1036","2020-05-31",92,12,191,264,4536,0.316798941798942,0,0,401,540,15,4328,42,2410,9,42
"1037","2020-06-01",91,12,181,253,4536,0.316798941798942,0,0,401,540,18,4346,44,2454,12,44
"1038","2020-06-02",89,12,179,243,4536,0.316798941798942,0,0,401,540,13,4359,19,2473,11,19
"1039","2020-06-03",89,12,198,228,4536,0.316798941798942,0,0,401,540,19,4378,12,2485,11,12
"1040","2020-06-04",83,12,196,228,4536,0.316798941798942,0,0,401,540,16,4394,16,2501,6,16
"1041","2020-06-05",80,12,186,213,4536,0.316798941798942,0,0,401,540,18,4412,20,2521,12,20
"1042","2020-06-06",75,12,171,211,4536,0.316798941798942,0,0,401,540,12,4424,27,2548,7,27
"1043","2020-06-07",66,12,166,196,4536,0.316798941798942,0,0,401,540,24,4448,40,2588,13,40
"1044","2020-03-14",1,13,35,68,2246,0.534283170080142,0,0,193,575,31,103,5,32,6,5
"1045","2020-03-15",4,13,39,88,2246,0.534283170080142,0,0,193,575,37,140,1,33,14,1
"1046","2020-03-16",9,13,54,116,2246,0.534283170080142,0,0,193,575,37,177,6,39,16,6
"1047","2020-03-17",15,13,54,136,2246,0.534283170080142,0,0,193,575,43,220,8,47,13,8
"1048","2020-03-18",19,13,62,165,2246,0.534283170080142,0,0,193,575,34,254,8,55,16,8
"1049","2020-03-19",29,13,73,187,2246,0.534283170080142,0,0,193,575,31,285,2,57,17,2
"1050","2020-03-20",37,13,79,209,2246,0.534283170080142,0,0,193,575,49,334,24,81,22,24
"1051","2020-03-21",41,13,85,232,2246,0.534283170080142,0,0,193,575,42,376,11,92,20,11
"1052","2020-03-22",47,13,104,271,2246,0.534283170080142,0,0,193,575,40,416,11,103,23,11
"1053","2020-03-23",44,13,117,301,2246,0.534283170080142,0,0,193,575,47,463,4,107,19,4
"1054","2020-03-24",55,13,124,323,2246,0.534283170080142,0,0,193,575,54,517,10,117,29,10
"1055","2020-03-25",63,13,138,336,2246,0.534283170080142,0,0,193,575,54,571,8,125,27,8
"1056","2020-03-26",63,13,152,347,2246,0.534283170080142,0,0,193,575,56,627,17,142,37,17
"1057","2020-03-27",68,13,137,344,2246,0.534283170080142,0,0,193,575,54,681,24,166,28,24
"1058","2020-03-28",78,13,133,361,2246,0.534283170080142,0,0,193,575,55,736,14,180,39,14
"1059","2020-03-29",80,13,129,378,2246,0.534283170080142,0,0,193,575,56,792,12,192,27,12
"1060","2020-03-30",99,13,133,370,2246,0.534283170080142,0,0,193,575,45,837,23,215,26,23
"1061","2020-03-31",96,13,129,368,2246,0.534283170080142,0,0,193,575,72,909,21,236,42,21
"1062","2020-04-01",92,13,134,364,2246,0.534283170080142,0,0,193,575,51,960,38,274,25,38
"1063","2020-04-02",96,13,131,363,2246,0.534283170080142,0,0,193,575,65,1025,23,297,30,23
"1064","2020-04-03",94,13,118,364,2246,0.534283170080142,0,0,193,575,55,1080,32,329,29,32
"1065","2020-04-04",96,13,116,376,2246,0.534283170080142,0,0,193,575,54,1134,25,354,23,25
"1066","2020-04-05",105,13,125,367,2246,0.534283170080142,0,0,193,575,54,1188,29,383,21,29
"1067","2020-04-06",94,13,129,364,2246,0.534283170080142,0,0,193,575,54,1242,13,396,15,13
"1068","2020-04-07",100,13,137,360,2246,0.534283170080142,0,0,193,575,55,1297,26,422,27,26
"1069","2020-04-08",113,13,165,388,2246,0.534283170080142,0,0,193,575,52,1349,22,444,22,22
"1070","2020-04-09",113,13,175,382,2246,0.534283170080142,0,0,193,575,52,1401,16,460,25,16
"1071","2020-04-10",118,13,186,379,2246,0.534283170080142,0,0,193,575,46,1447,17,477,14,17
"1072","2020-04-11",109,13,185,382,2246,0.534283170080142,0,0,193,575,62,1509,9,486,35,9
"1073","2020-04-12",106,13,204,373,2246,0.534283170080142,0,0,193,575,47,1556,16,502,21,16
"1074","2020-04-13",113,13,233,366,2246,0.534283170080142,0,0,193,575,59,1615,5,507,25,5
"1075","2020-04-14",110,13,230,367,2246,0.534283170080142,0,0,193,575,59,1674,7,514,26,7
"1076","2020-04-15",103,13,230,354,2246,0.534283170080142,0,0,193,575,53,1727,8,522,27,8
"1077","2020-04-16",104,13,231,360,2246,0.534283170080142,0,0,193,575,65,1792,7,529,31,7
"1078","2020-04-17",98,13,212,344,2246,0.534283170080142,0,0,193,575,46,1838,11,540,22,11
"1079","2020-04-18",101,13,209,348,2246,0.534283170080142,0,0,193,575,55,1893,7,547,22,7
"1080","2020-04-19",96,13,233,337,2246,0.534283170080142,0,0,193,575,51,1944,14,561,26,14
"1081","2020-04-20",91,13,244,331,2246,0.534283170080142,0,0,193,575,52,1996,14,575,23,14
"1082","2020-04-21",84,13,247,316,2246,0.534283170080142,0,0,193,575,58,2054,6,581,34,6
"1083","2020-04-22",77,13,219,300,2246,0.534283170080142,0,0,193,575,54,2108,7,588,26,7
"1084","2020-04-23",77,13,217,285,2246,0.534283170080142,0,0,193,575,70,2178,3,591,29,3
"1085","2020-04-24",77,13,225,297,2246,0.534283170080142,0,0,193,575,60,2238,26,617,31,26
"1086","2020-04-25",80,13,217,294,2246,0.534283170080142,0,0,193,575,53,2291,14,631,28,14
"1087","2020-04-26",81,13,243,293,2246,0.534283170080142,0,0,193,575,44,2335,11,642,14,11
"1088","2020-04-27",88,13,232,292,2246,0.534283170080142,0,0,193,575,59,2394,34,676,26,34
"1089","2020-04-28",86,13,222,272,2246,0.534283170080142,0,0,193,575,55,2449,35,711,29,35
"1090","2020-04-29",93,13,203,269,2246,0.534283170080142,0,0,193,575,59,2508,26,737,26,26
"1091","2020-04-30",89,13,203,271,2246,0.534283170080142,0,0,193,575,51,2559,12,749,23,12
"1092","2020-05-01",92,13,187,268,2246,0.534283170080142,0,0,193,575,52,2611,15,764,23,15
"1093","2020-05-02",86,13,174,261,2246,0.534283170080142,0,0,193,575,45,2656,9,773,23,9
"1094","2020-05-03",83,13,200,250,2246,0.534283170080142,0,0,193,575,54,2710,8,781,22,8
"1095","2020-05-04",76,13,217,250,2246,0.534283170080142,0,0,193,575,45,2755,11,792,24,11
"1096","2020-05-05",75,13,236,252,2246,0.534283170080142,0,0,193,575,58,2813,10,802,32,10
"1097","2020-05-06",66,13,233,247,2246,0.534283170080142,0,0,193,575,55,2868,22,824,37,22
"1098","2020-05-07",69,13,225,247,2246,0.534283170080142,0,0,193,575,39,2907,32,856,18,32
"1099","2020-05-08",66,13,228,261,2246,0.534283170080142,0,0,193,575,44,2951,27,883,16,27
"1100","2020-05-09",70,13,223,264,2246,0.534283170080142,0,0,193,575,48,2999,15,898,28,15
"1101","2020-05-10",73,13,214,270,2246,0.534283170080142,0,0,193,575,56,3055,8,906,21,8
"1102","2020-05-11",73,13,224,285,2246,0.534283170080142,0,0,193,575,53,3108,15,921,30,15
"1103","2020-05-12",81,13,236,285,2246,0.534283170080142,0,0,193,575,39,3147,27,948,14,27
"1104","2020-05-13",86,13,237,282,2246,0.534283170080142,0,0,193,575,36,3183,36,984,12,36
"1105","2020-05-14",84,13,241,283,2246,0.534283170080142,0,0,193,575,34,3217,35,1019,9,35
"1106","2020-05-15",88,13,240,280,2246,0.534283170080142,0,0,193,575,42,3259,24,1043,18,24
"1107","2020-05-16",89,13,235,274,2246,0.534283170080142,0,0,193,575,28,3287,28,1071,7,28
"1108","2020-05-17",83,13,223,256,2246,0.534283170080142,0,0,193,575,39,3326,27,1098,16,27
"1109","2020-05-18",84,13,218,245,2246,0.534283170080142,0,0,193,575,23,3349,27,1125,10,27
"1110","2020-05-19",79,13,231,239,2246,0.534283170080142,0,0,193,575,44,3393,26,1151,17,26
"1111","2020-05-20",80,13,246,229,2246,0.534283170080142,0,0,193,575,20,3413,24,1175,7,24
"1112","2020-05-21",73,13,245,212,2246,0.534283170080142,0,0,193,575,29,3442,36,1211,15,36
"1113","2020-05-22",68,13,245,198,2246,0.534283170080142,0,0,193,575,33,3475,27,1238,11,27
"1114","2020-05-23",59,13,242,193,2246,0.534283170080142,0,0,193,575,23,3498,39,1277,13,39
"1115","2020-05-24",59,13,234,189,2246,0.534283170080142,0,0,193,575,23,3521,20,1297,11,20
"1116","2020-05-25",53,13,225,184,2246,0.534283170080142,0,0,193,575,30,3551,18,1315,13,18
"1117","2020-05-26",52,13,210,175,2246,0.534283170080142,0,0,193,575,35,3586,15,1330,11,15
"1118","2020-05-27",50,13,199,168,2246,0.534283170080142,0,0,193,575,23,3609,14,1344,11,14
"1119","2020-05-28",55,13,203,173,2246,0.534283170080142,0,0,193,575,24,3633,7,1351,12,7
"1120","2020-05-29",53,13,202,168,2246,0.534283170080142,0,0,193,575,21,3654,9,1360,12,9
"1121","2020-05-30",53,13,187,165,2246,0.534283170080142,0,0,193,575,19,3673,12,1372,11,12
"1122","2020-05-31",51,13,178,160,2246,0.534283170080142,0,0,193,575,23,3696,8,1380,13,8
"1123","2020-06-01",51,13,170,161,2246,0.534283170080142,0,0,193,575,18,3714,11,1391,6,11
"1124","2020-06-02",50,13,157,156,2246,0.534283170080142,0,0,193,575,17,3731,17,1408,8,17
"1125","2020-06-03",50,13,157,162,2246,0.534283170080142,0,0,193,575,14,3745,14,1422,5,14
"1126","2020-06-04",46,13,177,151,2246,0.534283170080142,0,0,193,575,16,3761,11,1433,7,11
"1127","2020-06-05",45,13,175,149,2246,0.534283170080142,0,0,193,575,17,3778,7,1440,6,7
"1128","2020-06-06",47,13,177,152,2246,0.534283170080142,0,0,193,575,19,3797,8,1448,6,8
"1129","2020-06-07",49,13,175,147,2246,0.534283170080142,0,0,193,575,11,3808,11,1459,6,11
"1130","2020-03-12",1,14,26,27,6599,0.882861039551447,0,0,621,782,32,49,10,18,4,10
"1131","2020-03-13",1,14,40,49,6599,0.882861039551447,0,0,621,782,30,79,13,31,16,13
"1132","2020-03-14",1,14,48,84,6599,0.882861039551447,0,0,621,782,47,126,28,59,23,28
"1133","2020-03-15",6,14,47,117,6599,0.882861039551447,0,0,621,782,47,173,34,93,32,34
"1134","2020-03-16",12,14,59,166,6599,0.882861039551447,0,0,621,782,77,250,39,132,55,39
"1135","2020-03-17",16,14,62,200,6599,0.882861039551447,0,0,621,782,100,350,14,146,72,14
"1136","2020-03-18",24,14,68,251,6599,0.882861039551447,0,0,621,782,113,463,9,155,93,10
"1137","2020-03-19",30,14,75,296,6599,0.882861039551447,0,0,621,782,138,601,9,164,118,9
"1138","2020-03-20",37,14,94,337,6599,0.882861039551447,0,0,621,782,138,739,2,166,122,2
"1139","2020-03-21",51,14,102,406,6599,0.882861039551447,0,0,621,782,189,928,4,170,173,4
"1140","2020-03-22",67,14,105,482,6599,0.882861039551447,0,0,621,782,199,1127,NA,NA,179,NA
"1141","2020-03-23",81,14,93,539,6599,0.882861039551447,0,0,621,782,208,1335,4,174,185,4
"1142","2020-03-24",93,14,101,626,6599,0.882861039551447,0,0,621,782,218,1553,8,182,204,8
"1143","2020-03-25",107,14,133,684,6599,0.882861039551447,0,0,621,782,281,1834,21,203,256,21
"1144","2020-03-26",130,14,155,754,6599,0.882861039551447,0,0,621,782,288,2122,13,216,275,13
"1145","2020-03-27",149,14,171,882,6599,0.882861039551447,0,0,621,782,401,2523,13,229,392,13
"1146","2020-03-28",173,14,171,1001,6599,0.882861039551447,0,0,621,782,326,2849,15,244,314,15
"1147","2020-03-29",194,14,165,1089,6599,0.882861039551447,0,0,621,782,327,3176,30,274,310,30
"1148","2020-03-30",217,14,176,1181,6599,0.882861039551447,0,0,621,782,404,3580,28,302,398,28
"1149","2020-03-31",248,14,191,1279,6599,0.882861039551447,0,0,621,782,421,4001,16,318,410,16
"1150","2020-04-01",260,14,190,1425,6599,0.882861039551447,0,0,621,782,419,4420,35,353,409,35
"1151","2020-04-02",292,14,194,1536,6599,0.882861039551447,0,0,621,782,445,4865,21,374,433,21
"1152","2020-04-03",328,14,213,1652,6599,0.882861039551447,0,0,621,782,482,5347,13,387,470,13
"1153","2020-04-04",355,14,219,1716,6599,0.882861039551447,0,0,621,782,294,5641,7,394,289,7
"1154","2020-04-05",376,14,203,1796,6599,0.882861039551447,0,0,621,782,322,5963,14,408,311,14
"1155","2020-04-06",408,14,187,1869,6599,0.882861039551447,0,0,621,782,257,6220,40,448,249,40
"1156","2020-04-07",447,14,199,1897,6599,0.882861039551447,0,0,621,782,283,6503,28,476,280,28
"1157","2020-04-08",483,14,209,1960,6599,0.882861039551447,0,0,621,782,166,6669,47,523,165,47
"1158","2020-04-09",501,14,230,1992,6599,0.882861039551447,0,0,621,782,147,6816,45,568,141,45
"1159","2020-04-10",522,14,252,2005,6599,0.882861039551447,0,0,621,782,118,6934,39,607,113,39
"1160","2020-04-11",532,14,242,2015,6599,0.882861039551447,0,0,621,782,114,7048,48,655,110,48
"1161","2020-04-12",554,14,243,2012,6599,0.882861039551447,0,0,621,782,90,7138,30,685,88,30
"1162","2020-04-13",557,14,248,2011,6599,0.882861039551447,0,0,621,782,68,7206,18,703,65,18
"1163","2020-04-14",553,14,240,1969,6599,0.882861039551447,0,0,621,782,56,7262,61,764,55,61
"1164","2020-04-15",564,14,249,1964,6599,0.882861039551447,0,0,621,782,52,7314,20,784,52,20
"1165","2020-04-16",577,14,225,1936,6599,0.882861039551447,0,0,621,782,41,7355,24,808,38,24
"1166","2020-04-17",564,14,209,1869,6599,0.882861039551447,0,0,621,782,33,7388,16,824,30,16
"1167","2020-04-18",559,14,203,1778,6599,0.882861039551447,0,0,621,782,27,7415,12,836,25,12
"1168","2020-04-19",556,14,191,1717,6599,0.882861039551447,0,0,621,782,21,7436,36,872,21,36
"1169","2020-04-20",528,14,181,1660,6599,0.882861039551447,0,0,621,782,15,7451,56,928,14,56
"1170","2020-04-21",511,14,182,1606,6599,0.882861039551447,0,0,621,782,18,7469,22,950,16,22
"1171","2020-04-22",497,14,194,1509,6599,0.882861039551447,0,0,621,782,21,7490,24,974,20,24
"1172","2020-04-23",466,14,199,1412,6599,0.882861039551447,0,0,621,782,11,7501,25,999,8,25
"1173","2020-04-24",447,14,188,1340,6599,0.882861039551447,0,0,621,782,8,7509,22,1021,7,22
"1174","2020-04-25",430,14,172,1269,6599,0.882861039551447,0,0,621,782,7,7516,52,1073,4,52
"1175","2020-04-26",399,14,196,1182,6599,0.882861039551447,0,0,621,782,11,7527,46,1119,8,46
"1176","2020-04-27",400,14,182,1087,6599,0.882861039551447,0,0,621,782,5,7532,52,1171,4,52
"1177","2020-04-28",380,14,171,1008,6599,0.882861039551447,0,0,621,782,9,7541,18,1189,7,18
"1178","2020-04-29",362,14,164,927,6599,0.882861039551447,0,0,621,782,4,7545,12,1201,3,12
"1179","2020-04-30",336,14,163,831,6599,0.882861039551447,0,0,621,782,6,7551,10,1211,6,10
"1180","2020-05-01",318,14,172,758,6599,0.882861039551447,0,0,621,782,4,7555,10,1221,3,10
"1181","2020-05-02",298,14,200,686,6599,0.882861039551447,0,0,621,782,1,7556,43,1264,NA,43
"1182","2020-05-03",282,14,219,630,6599,0.882861039551447,0,0,621,782,2,7558,35,1299,NA,35
"1183","2020-05-04",263,14,244,571,6599,0.882861039551447,0,0,621,782,4,7562,18,1317,1,18
"1184","2020-05-05",247,14,245,520,6599,0.882861039551447,0,0,621,782,2,7564,10,1327,1,10
"1185","2020-05-06",215,14,227,468,6599,0.882861039551447,0,0,621,782,2,7566,21,1348,1,21
"1186","2020-05-07",198,14,233,446,6599,0.882861039551447,0,0,621,782,1,7567,26,1374,NA,26
"1187","2020-05-08",177,14,246,414,6599,0.882861039551447,0,0,621,782,5,7572,8,1382,2,8
"1188","2020-05-09",158,14,244,375,6599,0.882861039551447,0,0,621,782,3,7575,11,1393,1,11
"1189","2020-05-10",142,14,231,343,6599,0.882861039551447,0,0,621,782,2,7577,13,1406,NA,13
"1190","2020-05-11",125,14,224,309,6599,0.882861039551447,0,0,621,782,1,7578,25,1431,1,25
"1191","2020-05-12",110,14,220,276,6599,0.882861039551447,0,0,621,782,2,7580,16,1447,1,16
"1192","2020-05-13",103,14,202,261,6599,0.882861039551447,0,0,621,782,2,7582,18,1465,NA,18
"1193","2020-05-14",100,14,193,243,6599,0.882861039551447,0,0,621,782,4,7586,20,1485,1,20
"1194","2020-05-15",96,14,183,235,6599,0.882861039551447,0,0,621,782,4,7590,41,1526,2,41
"1195","2020-05-16",90,14,178,223,6599,0.882861039551447,0,0,621,782,2,7592,18,1544,1,18
"1196","2020-05-17",74,14,165,213,6599,0.882861039551447,0,0,621,782,4,7596,21,1565,2,21
"1197","2020-05-18",68,14,172,198,6599,0.882861039551447,0,0,621,782,2,7598,7,1572,1,7
"1198","2020-05-19",66,14,181,192,6599,0.882861039551447,0,0,621,782,3,7601,6,1578,1,6
"1199","2020-05-20",62,14,189,181,6599,0.882861039551447,0,0,621,782,5,7606,10,1588,1,10
"1200","2020-05-21",52,14,178,168,6599,0.882861039551447,0,0,621,782,2,7608,9,1597,2,9
"1201","2020-05-22",52,14,174,157,6599,0.882861039551447,0,0,621,782,2,7610,49,1646,2,49
"1202","2020-05-23",52,14,176,154,6599,0.882861039551447,0,0,621,782,3,7613,20,1666,3,20
"1203","2020-05-24",58,14,200,147,6599,0.882861039551447,0,0,621,782,3,7616,16,1682,2,16
"1204","2020-05-25",52,14,223,149,6599,0.882861039551447,0,0,621,782,4,7620,50,1732,3,50
"1205","2020-05-26",44,14,224,142,6599,0.882861039551447,0,0,621,782,1,7621,52,1784,1,52
"1206","2020-05-27",42,14,218,132,6599,0.882861039551447,0,0,621,782,3,7624,20,1804,NA,20
"1207","2020-05-28",44,14,215,129,6599,0.882861039551447,0,0,621,782,2,7626,27,1831,1,27
"1208","2020-05-29",41,14,208,126,6599,0.882861039551447,0,0,621,782,2,7628,31,1862,2,31
"1209","2020-05-30",38,14,193,124,6599,0.882861039551447,0,0,621,782,NA,NA,38,1900,NA,38
"1210","2020-05-31",35,14,194,124,6599,0.882861039551447,0,0,621,782,2,7630,25,1925,2,25
"1211","2020-06-01",37,14,190,120,6599,0.882861039551447,0,0,621,782,1,7631,24,1949,NA,24
"1212","2020-06-02",41,14,183,118,6599,0.882861039551447,0,0,621,782,1,7632,30,1979,NA,30
"1213","2020-06-03",43,14,183,114,6599,0.882861039551447,0,0,621,782,1,7633,37,2016,NA,37
"1214","2020-06-04",43,14,160,112,6599,0.882861039551447,0,0,621,782,NA,NA,14,2030,NA,14
"1215","2020-06-05",43,14,157,107,6599,0.882861039551447,0,0,621,782,1,7634,11,2041,NA,11
"1216","2020-06-06",40,14,163,101,6599,0.882861039551447,0,0,621,782,1,7635,26,2067,1,26
"1217","2020-06-07",37,14,167,90,6599,0.882861039551447,0,0,621,782,1,7636,28,2095,1,28
"1218","2020-03-13",3,15,144,156,8636,0.837656322371468,0,0,717,991,64,156,8,20,4,8
"1219","2020-03-14",5,15,196,250,8636,0.837656322371468,0,0,717,991,53,209,1,21,9,1
"1220","2020-03-15",11,15,176,384,8636,0.837656322371468,0,0,717,991,62,271,2,23,12,2
"1221","2020-03-16",23,15,172,538,8636,0.837656322371468,0,0,717,991,72,343,11,34,24,11
"1222","2020-03-17",40,15,167,732,8636,0.837656322371468,0,0,717,991,68,411,14,48,24,14
"1223","2020-03-18",63,15,149,937,8636,0.837656322371468,0,0,717,991,66,477,15,63,20,15
"1224","2020-03-19",94,15,154,1242,8636,0.837656322371468,0,0,717,991,69,546,19,82,31,19
"1225","2020-03-20",137,15,172,1557,8636,0.837656322371468,0,0,717,991,71,617,12,94,24,12
"1226","2020-03-21",188,15,169,2002,8636,0.837656322371468,0,0,717,991,66,683,17,111,25,17
"1227","2020-03-22",251,15,218,2332,8636,0.837656322371468,0,0,717,991,79,762,35,146,27,35
"1228","2020-03-23",324,15,221,2826,8636,0.837656322371468,0,0,717,991,79,841,12,158,31,12
"1229","2020-03-24",394,15,200,3397,8636,0.837656322371468,0,0,717,991,61,902,10,168,23,10
"1230","2020-03-25",504,15,194,3969,8636,0.837656322371468,0,0,717,991,58,960,7,175,23,7
"1231","2020-03-26",626,15,193,4350,8636,0.837656322371468,0,0,717,991,60,1020,7,182,21,7
"1232","2020-03-27",734,15,228,4665,8636,0.837656322371468,0,0,717,991,65,1085,25,207,26,25
"1233","2020-03-28",882,15,267,4919,8636,0.837656322371468,0,0,717,991,74,1159,18,225,26,18
"1234","2020-03-29",1022,15,261,5031,8636,0.837656322371468,0,0,717,991,60,1219,18,243,26,18
"1235","2020-03-30",1157,15,225,5041,8636,0.837656322371468,0,0,717,991,88,1307,13,256,38,13
"1236","2020-03-31",1271,15,202,4988,8636,0.837656322371468,0,0,717,991,61,1368,14,270,22,14
"1237","2020-04-01",1330,15,205,4729,8636,0.837656322371468,0,0,717,991,65,1433,10,280,20,10
"1238","2020-04-02",1389,15,233,4468,8636,0.837656322371468,0,0,717,991,75,1508,8,288,24,8
"1239","2020-04-03",1442,15,233,4139,8636,0.837656322371468,0,0,717,991,82,1590,18,306,29,18
"1240","2020-04-04",1408,15,236,3745,8636,0.837656322371468,0,0,717,991,72,1662,27,333,32,27
"1241","2020-04-05",1350,15,209,3331,8636,0.837656322371468,0,0,717,991,74,1736,14,347,32,14
"1242","2020-04-06",1282,15,175,2881,8636,0.837656322371468,0,0,717,991,65,1801,23,370,27,23
"1243","2020-04-07",1212,15,169,2454,8636,0.837656322371468,0,0,717,991,73,1874,19,389,23,19
"1244","2020-04-08",1112,15,229,2076,8636,0.837656322371468,0,0,717,991,80,1954,31,420,36,31
"1245","2020-04-09",984,15,288,1727,8636,0.837656322371468,0,0,717,991,71,2025,15,435,21,15
"1246","2020-04-10",845,15,302,1415,8636,0.837656322371468,0,0,717,991,70,2095,9,444,20,9
"1247","2020-04-11",725,15,262,1176,8636,0.837656322371468,0,0,717,991,80,2175,9,453,38,9
"1248","2020-04-12",620,15,233,979,8636,0.837656322371468,0,0,717,991,70,2245,9,462,17,9
"1249","2020-04-13",503,15,205,793,8636,0.837656322371468,0,0,717,991,80,2325,4,466,27,4
"1250","2020-04-14",397,15,180,624,8636,0.837656322371468,0,0,717,991,85,2410,16,482,35,16
"1251","2020-04-15",323,15,176,506,8636,0.837656322371468,0,0,717,991,80,2490,22,504,30,22
"1252","2020-04-16",254,15,166,404,8636,0.837656322371468,0,0,717,991,80,2570,21,525,25,21
"1253","2020-04-17",195,15,158,325,8636,0.837656322371468,0,0,717,991,75,2645,35,560,27,35
"1254","2020-04-18",164,15,142,264,8636,0.837656322371468,0,0,717,991,81,2726,21,581,23,21
"1255","2020-04-19",125,15,136,209,8636,0.837656322371468,0,0,717,991,73,2799,34,615,28,34
"1256","2020-04-20",97,15,125,170,8636,0.837656322371468,0,0,717,991,58,2857,42,657,17,42
"1257","2020-04-21",78,15,157,149,8636,0.837656322371468,0,0,717,991,71,2928,31,688,19,31
"1258","2020-04-22",60,15,195,128,8636,0.837656322371468,0,0,717,991,67,2995,17,705,19,17
"1259","2020-04-23",49,15,216,111,8636,0.837656322371468,0,0,717,991,66,3061,18,723,16,18
"1260","2020-04-24",44,15,243,96,8636,0.837656322371468,0,0,717,991,74,3135,30,753,24,30
"1261","2020-04-25",29,15,276,82,8636,0.837656322371468,0,0,717,991,71,3206,36,789,26,36
"1262","2020-04-26",24,15,256,74,8636,0.837656322371468,0,0,717,991,76,3282,38,827,30,38
"1263","2020-04-27",19,15,254,66,8636,0.837656322371468,0,0,717,991,64,3346,33,860,21,33
"1264","2020-04-28",17,15,230,66,8636,0.837656322371468,0,0,717,991,56,3402,34,894,14,34
"1265","2020-04-29",22,15,219,61,8636,0.837656322371468,0,0,717,991,69,3471,21,915,25,21
"1266","2020-04-30",20,15,217,55,8636,0.837656322371468,0,0,717,991,50,3521,40,955,15,40
"1267","2020-05-01",18,15,222,52,8636,0.837656322371468,0,0,717,991,58,3579,35,990,23,35
"1268","2020-05-02",19,15,212,52,8636,0.837656322371468,0,0,717,991,56,3635,41,1031,15,41
"1269","2020-05-03",18,15,178,57,8636,0.837656322371468,0,0,717,991,57,3692,20,1051,8,20
"1270","2020-05-04",18,15,163,58,8636,0.837656322371468,0,0,717,991,50,3742,39,1090,11,39
"1271","2020-05-05",18,15,155,55,8636,0.837656322371468,0,0,717,991,37,3779,34,1124,10,34
"1272","2020-05-06",13,15,162,49,8636,0.837656322371468,0,0,717,991,46,3825,29,1153,10,29
"1273","2020-05-07",13,15,212,45,8636,0.837656322371468,0,0,717,991,44,3869,30,1183,12,30
"1274","2020-05-08",12,15,213,43,8636,0.837656322371468,0,0,717,991,58,3927,26,1209,13,26
"1275","2020-05-09",13,15,208,44,8636,0.837656322371468,0,0,717,991,42,3969,43,1252,11,43
"1276","2020-05-10",12,15,222,39,8636,0.837656322371468,0,0,717,991,50,4019,22,1274,10,22
"1277","2020-05-11",14,15,266,38,8636,0.837656322371468,0,0,717,991,50,4069,23,1297,13,23
"1278","2020-05-12",11,15,266,35,8636,0.837656322371468,0,0,717,991,43,4112,20,1317,13,20
"1279","2020-05-13",13,15,302,33,8636,0.837656322371468,0,0,717,991,38,4150,18,1335,10,18
"1280","2020-05-14",11,15,316,34,8636,0.837656322371468,0,0,717,991,29,4179,10,1345,6,10
"1281","2020-05-15",11,15,273,28,8636,0.837656322371468,0,0,717,991,29,4208,12,1357,11,12
"1282","2020-05-16",10,15,256,32,8636,0.837656322371468,0,0,717,991,34,4242,39,1396,14,39
"1283","2020-05-17",11,15,266,30,8636,0.837656322371468,0,0,717,991,26,4268,38,1434,5,38
"1284","2020-05-18",8,15,253,29,8636,0.837656322371468,0,0,717,991,32,4300,17,1451,4,17
"1285","2020-05-19",11,15,222,30,8636,0.837656322371468,0,0,717,991,27,4327,26,1477,6,26
"1286","2020-05-20",10,15,210,29,8636,0.837656322371468,0,0,717,991,35,4362,28,1505,8,28
"1287","2020-05-21",13,15,242,30,8636,0.837656322371468,0,0,717,991,31,4393,21,1526,5,21
"1288","2020-05-22",14,15,268,31,8636,0.837656322371468,0,0,717,991,30,4423,27,1553,3,27
"1289","2020-05-23",13,15,253,29,8636,0.837656322371468,0,0,717,991,27,4450,23,1576,2,23
"1290","2020-05-24",14,15,237,32,8636,0.837656322371468,0,0,717,991,22,4472,13,1589,4,13
"1291","2020-05-25",14,15,212,28,8636,0.837656322371468,0,0,717,991,24,4496,17,1606,2,17
"1292","2020-05-26",11,15,185,27,8636,0.837656322371468,0,0,717,991,29,4525,10,1616,7,10
"1293","2020-05-27",10,15,169,23,8636,0.837656322371468,0,0,717,991,21,4546,14,1630,8,14
"1294","2020-05-28",8,15,155,23,8636,0.837656322371468,0,0,717,991,22,4568,18,1648,9,18
"1295","2020-05-29",6,15,154,22,8636,0.837656322371468,0,0,717,991,16,4584,13,1661,3,13
"1296","2020-05-30",8,15,141,20,8636,0.837656322371468,0,0,717,991,25,4609,14,1675,8,14
"1297","2020-05-31",8,15,124,23,8636,0.837656322371468,0,0,717,991,26,4635,14,1689,4,14
"1298","2020-06-01",7,15,110,25,8636,0.837656322371468,0,0,717,991,22,4657,13,1702,6,13
"1299","2020-06-02",6,15,105,26,8636,0.837656322371468,0,0,717,991,23,4680,18,1720,7,18
"1300","2020-06-03",6,15,108,23,8636,0.837656322371468,0,0,717,991,23,4703,12,1732,6,12
"1301","2020-06-04",6,15,145,22,8636,0.837656322371468,0,0,717,991,14,4717,15,1747,3,15
"1302","2020-06-05",6,15,180,20,8636,0.837656322371468,0,0,717,991,18,4735,7,1754,5,7
"1303","2020-06-06",3,15,207,17,8636,0.837656322371468,0,0,717,991,16,4751,11,1765,5,11
"1304","2020-06-07",1,15,226,16,8636,0.837656322371468,0,0,717,991,14,4765,6,1771,4,6
"1305","2020-03-14",3,16,105,57,2958,0.595334685598377,0,0,274,862,42,133,43,138,11,43
"1306","2020-03-15",4,16,103,70,2958,0.595334685598377,0,0,274,862,44,177,48,186,10,48
"1307","2020-03-16",13,16,94,84,2958,0.595334685598377,0,0,274,862,33,210,39,225,8,39
"1308","2020-03-17",19,16,85,108,2958,0.595334685598377,0,0,274,862,39,249,53,278,13,53
"1309","2020-03-18",22,16,96,119,2958,0.595334685598377,0,0,274,862,50,299,62,340,25,62
"1310","2020-03-19",30,16,132,144,2958,0.595334685598377,0,0,274,862,52,351,34,374,19,34
"1311","2020-03-20",37,16,145,164,2958,0.595334685598377,0,0,274,862,58,409,57,431,25,57
"1312","2020-03-21",42,16,137,186,2958,0.595334685598377,0,0,274,862,50,459,45,476,16,45
"1313","2020-03-22",44,16,155,209,2958,0.595334685598377,0,0,274,862,51,510,47,523,20,47
"1314","2020-03-23",43,16,153,226,2958,0.595334685598377,0,0,274,862,57,567,38,561,25,38
"1315","2020-03-24",44,16,140,240,2958,0.595334685598377,0,0,274,862,53,620,31,592,23,31
"1316","2020-03-25",45,16,131,259,2958,0.595334685598377,0,0,274,862,64,684,36,628,36,36
"1317","2020-03-26",46,16,154,273,2958,0.595334685598377,0,0,274,862,61,745,54,682,30,54
"1318","2020-03-27",47,16,187,285,2958,0.595334685598377,0,0,274,862,53,798,53,735,29,53
"1319","2020-03-28",46,16,203,299,2958,0.595334685598377,0,0,274,862,60,858,37,772,28,37
"1320","2020-03-29",60,16,187,315,2958,0.595334685598377,0,0,274,862,65,923,33,805,23,33
"1321","2020-03-30",60,16,180,348,2958,0.595334685598377,0,0,274,862,60,983,35,840,28,35
"1322","2020-03-31",77,16,158,367,2958,0.595334685598377,0,0,274,862,68,1051,24,864,31,24
"1323","2020-04-01",79,16,168,384,2958,0.595334685598377,0,0,274,862,75,1126,52,916,42,52
"1324","2020-04-02",83,16,180,388,2958,0.595334685598377,0,0,274,862,57,1183,38,954,26,38
"1325","2020-04-03",95,16,193,411,2958,0.595334685598377,0,0,274,862,53,1236,45,999,22,45
"1326","2020-04-04",107,16,179,422,2958,0.595334685598377,0,0,274,862,57,1293,31,1030,27,31
"1327","2020-04-05",104,16,178,430,2958,0.595334685598377,0,0,274,862,63,1356,34,1064,29,34
"1328","2020-04-06",116,16,163,430,2958,0.595334685598377,0,0,274,862,71,1427,37,1101,39,37
"1329","2020-04-07",110,16,151,467,2958,0.595334685598377,0,0,274,862,66,1493,27,1128,26,27
"1330","2020-04-08",125,16,158,487,2958,0.595334685598377,0,0,274,862,59,1552,28,1156,21,28
"1331","2020-04-09",125,16,183,498,2958,0.595334685598377,0,0,274,862,58,1610,56,1212,27,56
"1332","2020-04-10",119,16,213,511,2958,0.595334685598377,0,0,274,862,55,1665,61,1273,27,61
"1333","2020-04-11",127,16,186,517,2958,0.595334685598377,0,0,274,862,68,1733,40,1313,26,40
"1334","2020-04-12",144,16,187,512,2958,0.595334685598377,0,0,274,862,71,1804,62,1375,36,62
"1335","2020-04-13",148,16,174,513,2958,0.595334685598377,0,0,274,862,73,1877,65,1440,40,65
"1336","2020-04-14",149,16,191,519,2958,0.595334685598377,0,0,274,862,65,1942,34,1474,31,34
"1337","2020-04-15",144,16,234,525,2958,0.595334685598377,0,0,274,862,105,2047,52,1526,48,52
"1338","2020-04-16",163,16,235,536,2958,0.595334685598377,0,0,274,862,52,2099,56,1582,24,56
"1339","2020-04-17",170,16,267,527,2958,0.595334685598377,0,0,274,862,54,2153,47,1629,21,47
"1340","2020-04-18",165,16,240,515,2958,0.595334685598377,0,0,274,862,72,2225,38,1667,31,38
"1341","2020-04-19",157,16,226,510,2958,0.595334685598377,0,0,274,862,60,2285,23,1690,33,23
"1342","2020-04-20",151,16,236,516,2958,0.595334685598377,0,0,274,862,70,2355,49,1739,25,49
"1343","2020-04-21",153,16,257,510,2958,0.595334685598377,0,0,274,862,82,2437,27,1766,35,27
"1344","2020-04-22",168,16,246,499,2958,0.595334685598377,0,0,274,862,67,2504,18,1784,32,18
"1345","2020-04-23",152,16,249,500,2958,0.595334685598377,0,0,274,862,57,2561,20,1804,31,20
"1346","2020-04-24",153,16,268,491,2958,0.595334685598377,0,0,274,862,69,2630,31,1835,34,31
"1347","2020-04-25",148,16,243,480,2958,0.595334685598377,0,0,274,862,52,2682,55,1890,19,55
"1348","2020-04-26",143,16,251,461,2958,0.595334685598377,0,0,274,862,51,2733,48,1938,18,48
"1349","2020-04-27",142,16,246,462,2958,0.595334685598377,0,0,274,862,52,2785,43,1981,24,43
"1350","2020-04-28",140,16,251,446,2958,0.595334685598377,0,0,274,862,58,2843,37,2018,27,37
"1351","2020-04-29",130,16,263,441,2958,0.595334685598377,0,0,274,862,48,2891,46,2064,16,46
"1352","2020-04-30",134,16,256,433,2958,0.595334685598377,0,0,274,862,64,2955,46,2110,22,46
"1353","2020-05-01",130,16,242,433,2958,0.595334685598377,0,0,274,862,46,3001,33,2143,18,33
"1354","2020-05-02",127,16,218,414,2958,0.595334685598377,0,0,274,862,70,3071,57,2200,18,57
"1355","2020-05-03",126,16,221,424,2958,0.595334685598377,0,0,274,862,54,3125,52,2252,23,52
"1356","2020-05-04",132,16,203,421,2958,0.595334685598377,0,0,274,862,49,3174,53,2305,21,53
"1357","2020-05-05",135,16,233,418,2958,0.595334685598377,0,0,274,862,56,3230,60,2365,26,60
"1358","2020-05-06",126,16,270,409,2958,0.595334685598377,0,0,274,862,58,3288,44,2409,21,44
"1359","2020-05-07",123,16,266,391,2958,0.595334685598377,0,0,274,862,64,3352,39,2448,24,39
"1360","2020-05-08",116,16,245,398,2958,0.595334685598377,0,0,274,862,45,3397,32,2480,21,32
"1361","2020-05-09",114,16,225,391,2958,0.595334685598377,0,0,274,862,62,3459,47,2527,24,47
"1362","2020-05-10",110,16,218,387,2958,0.595334685598377,0,0,274,862,55,3514,65,2592,33,65
"1363","2020-05-11",111,16,211,371,2958,0.595334685598377,0,0,274,862,46,3560,49,2641,26,49
"1364","2020-05-12",106,16,209,370,2958,0.595334685598377,0,0,274,862,35,3595,44,2685,13,44
"1365","2020-05-13",109,16,249,350,2958,0.595334685598377,0,0,274,862,53,3648,43,2728,29,43
"1366","2020-05-14",107,16,231,341,2958,0.595334685598377,0,0,274,862,35,3683,48,2776,17,48
"1367","2020-05-15",108,16,204,335,2958,0.595334685598377,0,0,274,862,44,3727,28,2804,10,28
"1368","2020-05-16",109,16,199,338,2958,0.595334685598377,0,0,274,862,42,3769,44,2848,16,44
"1369","2020-05-17",110,16,209,334,2958,0.595334685598377,0,0,274,862,32,3801,36,2884,11,36
"1370","2020-05-18",95,16,201,329,2958,0.595334685598377,0,0,274,862,36,3837,57,2941,17,57
"1371","2020-05-19",87,16,174,316,2958,0.595334685598377,0,0,274,862,34,3871,67,3008,15,67
"1372","2020-05-20",84,16,170,305,2958,0.595334685598377,0,0,274,862,29,3900,61,3069,15,61
"1373","2020-05-21",85,16,160,296,2958,0.595334685598377,0,0,274,862,35,3935,47,3116,12,47
"1374","2020-05-22",88,16,176,309,2958,0.595334685598377,0,0,274,862,29,3964,54,3170,11,54
"1375","2020-05-23",88,16,192,307,2958,0.595334685598377,0,0,274,862,26,3990,46,3216,6,46
"1376","2020-05-24",84,16,220,303,2958,0.595334685598377,0,0,274,862,34,4024,57,3273,17,57
"1377","2020-05-25",85,16,223,299,2958,0.595334685598377,0,0,274,862,26,4050,43,3316,6,43
"1378","2020-05-26",94,16,205,286,2958,0.595334685598377,0,0,274,862,26,4076,49,3365,13,49
"1379","2020-05-27",93,16,202,287,2958,0.595334685598377,0,0,274,862,25,4101,42,3407,7,42
"1380","2020-05-28",89,16,184,279,2958,0.595334685598377,0,0,274,862,31,4132,49,3456,16,49
"1381","2020-05-29",83,16,184,269,2958,0.595334685598377,0,0,274,862,26,4158,38,3494,8,38
"1382","2020-05-30",86,16,210,252,2958,0.595334685598377,0,0,274,862,23,4181,37,3531,14,37
"1383","2020-05-31",91,16,216,245,2958,0.595334685598377,0,0,274,862,17,4198,19,3550,3,19
"1384","2020-06-01",90,16,213,234,2958,0.595334685598377,0,0,274,862,13,4211,74,3624,7,74
"1385","2020-06-02",80,16,212,234,2958,0.595334685598377,0,0,274,862,16,4227,42,3666,7,42
"1386","2020-06-03",78,16,200,230,2958,0.595334685598377,0,0,274,862,14,4241,54,3720,6,54
"1387","2020-06-04",71,16,194,225,2958,0.595334685598377,0,0,274,862,22,4263,36,3756,7,36
"1388","2020-06-05",72,16,195,210,2958,0.595334685598377,0,0,274,862,15,4278,48,3804,4,48
"1389","2020-06-06",64,16,192,201,2958,0.595334685598377,0,0,274,862,14,4292,47,3851,8,47
"1390","2020-06-07",62,16,181,203,2958,0.595334685598377,0,0,274,862,11,4303,52,3903,5,52
"1391","2020-03-13",1,17,45,73,3544,0.294018058690745,0,0,356,654,10,26,10,28,7,10
"1392","2020-03-14",2,17,58,104,3544,0.294018058690745,0,0,356,654,13,39,13,41,7,13
"1393","2020-03-15",2,17,76,136,3544,0.294018058690745,0,0,356,654,15,54,5,46,9,5
"1394","2020-03-16",7,17,91,165,3544,0.294018058690745,0,0,356,654,22,76,9,55,13,9
"1395","2020-03-17",12,17,92,207,3544,0.294018058690745,0,0,356,654,30,106,26,81,23,26
"1396","2020-03-18",28,17,126,239,3544,0.294018058690745,0,0,356,654,39,145,10,91,34,10
"1397","2020-03-19",34,17,154,286,3544,0.294018058690745,0,0,356,654,51,196,14,105,48,14
"1398","2020-03-20",45,17,175,319,3544,0.294018058690745,0,0,356,654,50,246,6,111,46,6
"1399","2020-03-21",60,17,193,356,3544,0.294018058690745,0,0,356,654,64,310,5,116,62,5
"1400","2020-03-22",72,17,191,382,3544,0.294018058690745,0,0,356,654,80,390,2,118,73,2
"1401","2020-03-23",84,17,185,406,3544,0.294018058690745,0,0,356,654,67,457,3,121,63,3
"1402","2020-03-24",97,17,179,415,3544,0.294018058690745,0,0,356,654,118,575,6,127,116,6
"1403","2020-03-25",92,17,160,431,3544,0.294018058690745,0,0,356,654,115,690,32,159,111,32
"1404","2020-03-26",103,17,154,436,3544,0.294018058690745,0,0,356,654,142,832,36,195,138,36
"1405","2020-03-27",108,17,148,450,3544,0.294018058690745,0,0,356,654,199,1031,18,213,197,18
"1406","2020-03-28",119,17,153,445,3544,0.294018058690745,0,0,356,654,238,1269,40,253,230,40
"1407","2020-03-29",123,17,141,442,3544,0.294018058690745,0,0,356,654,207,1476,18,271,201,18
"1408","2020-03-30",125,17,133,454,3544,0.294018058690745,0,0,356,654,234,1710,33,304,227,33
"1409","2020-03-31",125,17,136,457,3544,0.294018058690745,0,0,356,654,292,2002,40,344,287,40
"1410","2020-04-01",138,17,166,459,3544,0.294018058690745,0,0,356,654,350,2352,18,362,346,18
"1411","2020-04-02",138,17,182,469,3544,0.294018058690745,0,0,356,654,415,2767,19,381,411,19
"1412","2020-04-03",138,17,191,491,3544,0.294018058690745,0,0,356,654,342,3109,33,414,338,33
"1413","2020-04-04",128,17,191,507,3544,0.294018058690745,0,0,356,654,371,3480,10,424,367,10
"1414","2020-04-05",125,17,193,520,3544,0.294018058690745,0,0,356,654,428,3908,20,444,421,20
"1415","2020-04-06",136,17,216,515,3544,0.294018058690745,0,0,356,654,390,4298,31,475,389,31
"1416","2020-04-07",140,17,250,515,3544,0.294018058690745,0,0,356,654,350,4648,31,506,345,31
"1417","2020-04-08",140,17,262,521,3544,0.294018058690745,0,0,356,654,334,4982,37,543,328,37
"1418","2020-04-09",143,17,236,532,3544,0.294018058690745,0,0,356,654,385,5367,52,595,383,52
"1419","2020-04-10",138,17,216,538,3544,0.294018058690745,0,0,356,654,261,5628,49,644,260,49
"1420","2020-04-11",138,17,231,537,3544,0.294018058690745,0,0,356,654,267,5895,57,701,261,57
"1421","2020-04-12",147,17,237,554,3544,0.294018058690745,0,0,356,654,223,6118,39,740,221,39
"1422","2020-04-13",150,17,232,533,3544,0.294018058690745,0,0,356,654,220,6338,28,768,217,28
"1423","2020-04-14",156,17,211,522,3544,0.294018058690745,0,0,356,654,162,6500,21,789,161,21
"1424","2020-04-15",145,17,205,512,3544,0.294018058690745,0,0,356,654,119,6619,26,815,117,26
"1425","2020-04-16",149,17,207,528,3544,0.294018058690745,0,0,356,654,97,6716,13,828,96,13
"1426","2020-04-17",165,17,206,514,3544,0.294018058690745,0,0,356,654,105,6821,11,839,102,11
"1427","2020-04-18",163,17,185,507,3544,0.294018058690745,0,0,356,654,86,6907,15,854,84,15
"1428","2020-04-19",165,17,186,508,3544,0.294018058690745,0,0,356,654,61,6968,35,889,58,35
"1429","2020-04-20",156,17,189,500,3544,0.294018058690745,0,0,356,654,60,7028,26,915,59,26
"1430","2020-04-21",141,17,186,502,3544,0.294018058690745,0,0,356,654,49,7077,25,940,49,25
"1431","2020-04-22",148,17,169,506,3544,0.294018058690745,0,0,356,654,30,7107,48,988,29,48
"1432","2020-04-23",142,17,162,503,3544,0.294018058690745,0,0,356,654,23,7130,56,1044,23,56
"1433","2020-04-24",129,17,185,506,3544,0.294018058690745,0,0,356,654,21,7151,40,1084,20,40
"1434","2020-04-25",139,17,210,537,3544,0.294018058690745,0,0,356,654,27,7178,16,1100,25,16
"1435","2020-04-26",134,17,219,544,3544,0.294018058690745,0,0,356,654,24,7202,15,1115,24,15
"1436","2020-04-27",130,17,246,551,3544,0.294018058690745,0,0,356,654,16,7218,14,1129,16,14
"1437","2020-04-28",142,17,247,557,3544,0.294018058690745,0,0,356,654,12,7230,24,1153,12,24
"1438","2020-04-29",153,17,258,556,3544,0.294018058690745,0,0,356,654,14,7244,37,1190,12,37
"1439","2020-04-30",157,17,269,563,3544,0.294018058690745,0,0,356,654,6,7250,26,1216,5,26
"1440","2020-05-01",166,17,259,556,3544,0.294018058690745,0,0,356,654,5,7255,15,1231,4,15
"1441","2020-05-02",158,17,225,545,3544,0.294018058690745,0,0,356,654,11,7266,21,1252,11,21
"1442","2020-05-03",162,17,195,534,3544,0.294018058690745,0,0,356,654,5,7271,19,1271,4,19
"1443","2020-05-04",159,17,206,525,3544,0.294018058690745,0,0,356,654,5,7276,54,1325,4,54
"1444","2020-05-05",161,17,194,521,3544,0.294018058690745,0,0,356,654,5,7281,68,1393,4,68
"1445","2020-05-06",148,17,211,513,3544,0.294018058690745,0,0,356,654,2,7283,53,1446,1,53
"1446","2020-05-07",139,17,220,488,3544,0.294018058690745,0,0,356,654,11,7294,29,1475,10,29
"1447","2020-05-08",139,17,231,481,3544,0.294018058690745,0,0,356,654,7,7301,37,1512,6,37
"1448","2020-05-09",143,17,207,474,3544,0.294018058690745,0,0,356,654,5,7306,34,1546,5,34
"1449","2020-05-10",132,17,202,456,3544,0.294018058690745,0,0,356,654,5,7311,35,1581,5,35
"1450","2020-05-11",129,17,231,447,3544,0.294018058690745,0,0,356,654,3,7314,12,1593,2,12
"1451","2020-05-12",127,17,218,422,3544,0.294018058690745,0,0,356,654,4,7318,12,1605,3,12
"1452","2020-05-13",130,17,227,423,3544,0.294018058690745,0,0,356,654,3,7321,18,1623,2,18
"1453","2020-05-14",132,17,226,403,3544,0.294018058690745,0,0,356,654,1,7322,56,1679,1,56
"1454","2020-05-15",121,17,210,409,3544,0.294018058690745,0,0,356,654,2,7324,39,1718,2,39
"1455","2020-05-16",115,17,194,406,3544,0.294018058690745,0,0,356,654,4,7328,34,1752,4,34
"1456","2020-05-17",115,17,232,394,3544,0.294018058690745,0,0,356,654,3,7331,19,1771,3,19
"1457","2020-05-18",120,17,216,381,3544,0.294018058690745,0,0,356,654,2,7333,55,1826,2,55
"1458","2020-05-19",114,17,181,360,3544,0.294018058690745,0,0,356,654,3,7336,41,1867,3,41
"1459","2020-05-20",109,17,171,348,3544,0.294018058690745,0,0,356,654,1,7337,31,1898,1,31
"1460","2020-05-21",104,17,150,344,3544,0.294018058690745,0,0,356,654,2,7339,24,1922,1,24
"1461","2020-05-22",109,17,142,333,3544,0.294018058690745,0,0,356,654,NA,NA,26,1948,NA,26
"1462","2020-05-23",106,17,132,310,3544,0.294018058690745,0,0,356,654,NA,NA,14,1962,NA,14
"1463","2020-05-24",107,17,135,316,3544,0.294018058690745,0,0,356,654,4,7343,27,1989,1,27
"1464","2020-05-25",101,17,120,311,3544,0.294018058690745,0,0,356,654,2,7345,13,2002,2,13
"1465","2020-05-26",98,17,106,308,3544,0.294018058690745,0,0,356,654,3,7348,13,2015,1,13
"1466","2020-05-27",93,17,113,298,3544,0.294018058690745,0,0,356,654,1,7349,13,2028,1,13
"1467","2020-05-28",94,17,128,297,3544,0.294018058690745,0,0,356,654,1,7350,24,2052,1,24
"1468","2020-05-29",83,17,142,304,3544,0.294018058690745,0,0,356,654,NA,NA,27,2079,NA,27
"1469","2020-05-30",82,17,136,290,3544,0.294018058690745,0,0,356,654,1,7351,32,2111,1,32
"1470","2020-05-31",80,17,165,281,3544,0.294018058690745,0,0,356,654,4,7355,42,2153,4,42
"1471","2020-06-01",82,17,188,287,3544,0.294018058690745,0,0,356,654,2,7357,29,2182,2,29
"1472","2020-06-02",80,17,172,279,3544,0.294018058690745,0,0,356,654,3,7360,17,2199,3,17
"1473","2020-06-03",82,17,152,262,3544,0.294018058690745,0,0,356,654,2,7362,11,2210,1,11
"1474","2020-06-04",81,17,155,248,3544,0.294018058690745,0,0,356,654,4,7366,10,2220,4,10
"1475","2020-06-05",86,17,127,224,3544,0.294018058690745,0,0,356,654,2,7368,26,2246,2,26
"1476","2020-06-06",83,17,116,213,3544,0.294018058690745,0,0,356,654,4,7372,23,2269,3,23
"1477","2020-06-07",82,17,102,203,3544,0.294018058690745,0,0,356,654,NA,NA,24,2293,NA,24
"1478","2020-03-14",3,18,72,62,3093,0.607824118978338,0,0,274,767,5,26,16,56,1,16
"1479","2020-03-15",4,18,98,91,3093,0.607824118978338,0,0,274,767,5,31,23,79,1,23
"1480","2020-03-16",11,18,94,119,3093,0.607824118978338,0,0,274,767,10,41,12,91,NA,12
"1481","2020-03-17",12,18,91,139,3093,0.607824118978338,0,0,274,767,8,49,5,96,7,5
"1482","2020-03-18",16,18,74,157,3093,0.607824118978338,0,0,274,767,15,64,32,128,10,32
"1483","2020-03-19",23,18,86,182,3093,0.607824118978338,0,0,274,767,20,84,29,157,10,29
"1484","2020-03-20",30,18,106,226,3093,0.607824118978338,0,0,274,767,21,105,28,185,9,28
"1485","2020-03-21",35,18,109,256,3093,0.607824118978338,0,0,274,767,26,131,34,219,15,34
"1486","2020-03-22",45,18,121,282,3093,0.607824118978338,0,0,274,767,16,147,31,250,7,31
"1487","2020-03-23",49,18,134,306,3093,0.607824118978338,0,0,274,767,19,166,33,283,10,33
"1488","2020-03-24",61,18,168,332,3093,0.607824118978338,0,0,274,767,10,176,26,309,8,26
"1489","2020-03-25",70,18,181,346,3093,0.607824118978338,0,0,274,767,20,196,35,344,14,35
"1490","2020-03-26",84,18,211,364,3093,0.607824118978338,0,0,274,767,17,213,26,370,10,26
"1491","2020-03-27",99,18,228,368,3093,0.607824118978338,0,0,274,767,18,231,20,390,9,20
"1492","2020-03-28",101,18,214,395,3093,0.607824118978338,0,0,274,767,19,250,33,423,11,33
"1493","2020-03-29",107,18,201,392,3093,0.607824118978338,0,0,274,767,18,268,16,439,10,16
"1494","2020-03-30",112,18,211,400,3093,0.607824118978338,0,0,274,767,22,290,13,452,16,13
"1495","2020-03-31",110,18,225,397,3093,0.607824118978338,0,0,274,767,14,304,30,482,9,30
"1496","2020-04-01",110,18,210,402,3093,0.607824118978338,0,0,274,767,22,326,28,510,12,28
"1497","2020-04-02",109,18,213,403,3093,0.607824118978338,0,0,274,767,22,348,13,523,14,13
"1498","2020-04-03",102,18,214,394,3093,0.607824118978338,0,0,274,767,27,375,11,534,17,11
"1499","2020-04-04",104,18,213,406,3093,0.607824118978338,0,0,274,767,25,400,4,538,18,4
"1500","2020-04-05",98,18,195,408,3093,0.607824118978338,0,0,274,767,30,430,4,542,20,4
"1501","2020-04-06",98,18,211,414,3093,0.607824118978338,0,0,274,767,20,450,15,557,16,15
"1502","2020-04-07",101,18,187,430,3093,0.607824118978338,0,0,274,767,26,476,36,593,15,36
"1503","2020-04-08",111,18,151,429,3093,0.607824118978338,0,0,274,767,20,496,21,614,14,21
"1504","2020-04-09",103,18,146,424,3093,0.607824118978338,0,0,274,767,25,521,20,634,16,20
"1505","2020-04-10",106,18,165,429,3093,0.607824118978338,0,0,274,767,29,550,6,640,17,6
"1506","2020-04-11",111,18,143,437,3093,0.607824118978338,0,0,274,767,12,562,6,646,8,6
"1507","2020-04-12",120,18,148,434,3093,0.607824118978338,0,0,274,767,31,593,8,654,21,8
"1508","2020-04-13",122,18,157,455,3093,0.607824118978338,0,0,274,767,32,625,37,691,18,37
"1509","2020-04-14",128,18,172,462,3093,0.607824118978338,0,0,274,767,28,653,51,742,18,51
"1510","2020-04-15",124,18,226,480,3093,0.607824118978338,0,0,274,767,25,678,29,771,13,29
"1511","2020-04-16",133,18,257,499,3093,0.607824118978338,0,0,274,767,32,710,40,811,18,40
"1512","2020-04-17",138,18,260,494,3093,0.607824118978338,0,0,274,767,17,727,26,837,8,26
"1513","2020-04-18",137,18,297,501,3093,0.607824118978338,0,0,274,767,23,750,15,852,17,15
"1514","2020-04-19",141,18,261,510,3093,0.607824118978338,0,0,274,767,32,782,10,862,18,10
"1515","2020-04-20",134,18,235,504,3093,0.607824118978338,0,0,274,767,23,805,5,867,12,5
"1516","2020-04-21",131,18,214,498,3093,0.607824118978338,0,0,274,767,24,829,27,894,15,27
"1517","2020-04-22",126,18,181,501,3093,0.607824118978338,0,0,274,767,21,850,22,916,16,22
"1518","2020-04-23",126,18,170,517,3093,0.607824118978338,0,0,274,767,24,874,11,927,16,11
"1519","2020-04-24",129,18,187,536,3093,0.607824118978338,0,0,274,767,41,915,7,934,25,7
"1520","2020-04-25",132,18,222,545,3093,0.607824118978338,0,0,274,767,34,949,24,958,20,24
"1521","2020-04-26",143,18,222,525,3093,0.607824118978338,0,0,274,767,32,981,37,995,23,37
"1522","2020-04-27",147,18,196,516,3093,0.607824118978338,0,0,274,767,32,1013,50,1045,21,50
"1523","2020-04-28",157,18,197,534,3093,0.607824118978338,0,0,274,767,33,1046,50,1095,16,50
"1524","2020-04-29",160,18,196,534,3093,0.607824118978338,0,0,274,767,21,1067,29,1124,9,29
"1525","2020-04-30",168,18,197,529,3093,0.607824118978338,0,0,274,767,23,1090,12,1136,14,12
"1526","2020-05-01",163,18,189,536,3093,0.607824118978338,0,0,274,767,35,1125,6,1142,19,6
"1527","2020-05-02",163,18,184,529,3093,0.607824118978338,0,0,274,767,30,1155,40,1182,18,40
"1528","2020-05-03",147,18,207,510,3093,0.607824118978338,0,0,274,767,13,1168,22,1204,9,22
"1529","2020-05-04",146,18,201,497,3093,0.607824118978338,0,0,274,767,29,1197,21,1225,19,21
"1530","2020-05-05",141,18,238,487,3093,0.607824118978338,0,0,274,767,27,1224,36,1261,21,36
"1531","2020-05-06",145,18,260,449,3093,0.607824118978338,0,0,274,767,22,1246,17,1278,17,17
"1532","2020-05-07",132,18,285,436,3093,0.607824118978338,0,0,274,767,25,1271,11,1289,18,11
"1533","2020-05-08",133,18,248,425,3093,0.607824118978338,0,0,274,767,28,1299,23,1312,26,23
"1534","2020-05-09",127,18,235,429,3093,0.607824118978338,0,0,274,767,30,1329,50,1362,18,50
"1535","2020-05-10",125,18,231,403,3093,0.607824118978338,0,0,274,767,13,1342,28,1390,4,28
"1536","2020-05-11",126,18,240,392,3093,0.607824118978338,0,0,274,767,21,1363,34,1424,12,34
"1537","2020-05-12",125,18,218,377,3093,0.607824118978338,0,0,274,767,30,1393,42,1466,24,42
"1538","2020-05-13",116,18,200,361,3093,0.607824118978338,0,0,274,767,26,1419,49,1515,18,49
"1539","2020-05-14",114,18,156,350,3093,0.607824118978338,0,0,274,767,24,1443,35,1550,15,35
"1540","2020-05-15",106,18,156,345,3093,0.607824118978338,0,0,274,767,25,1468,30,1580,14,30
"1541","2020-05-16",107,18,184,341,3093,0.607824118978338,0,0,274,767,14,1482,28,1608,8,28
"1542","2020-05-17",99,18,199,341,3093,0.607824118978338,0,0,274,767,24,1506,21,1629,15,21
"1543","2020-05-18",96,18,209,336,3093,0.607824118978338,0,0,274,767,23,1529,19,1648,14,19
"1544","2020-05-19",81,18,192,335,3093,0.607824118978338,0,0,274,767,15,1544,14,1662,10,14
"1545","2020-05-20",88,18,200,338,3093,0.607824118978338,0,0,274,767,17,1561,9,1671,11,9
"1546","2020-05-21",95,18,208,332,3093,0.607824118978338,0,0,274,767,23,1584,29,1700,18,29
"1547","2020-05-22",94,18,216,318,3093,0.607824118978338,0,0,274,767,25,1609,17,1717,17,17
"1548","2020-05-23",88,18,205,307,3093,0.607824118978338,0,0,274,767,20,1629,5,1722,15,5
"1549","2020-05-24",91,18,208,291,3093,0.607824118978338,0,0,274,767,15,1644,10,1732,8,10
"1550","2020-05-25",89,18,226,277,3093,0.607824118978338,0,0,274,767,12,1656,4,1736,7,4
"1551","2020-05-26",94,18,243,269,3093,0.607824118978338,0,0,274,767,25,1681,14,1750,20,14
"1552","2020-05-27",86,18,241,257,3093,0.607824118978338,0,0,274,767,17,1698,21,1771,14,21
"1553","2020-05-28",77,18,218,252,3093,0.607824118978338,0,0,274,767,14,1712,35,1806,9,35
"1554","2020-05-29",71,18,196,239,3093,0.607824118978338,0,0,274,767,18,1730,16,1822,13,16
"1555","2020-05-30",77,18,177,238,3093,0.607824118978338,0,0,274,767,27,1757,11,1833,22,11
"1556","2020-05-31",72,18,165,238,3093,0.607824118978338,0,0,274,767,28,1785,9,1842,26,9
"1557","2020-06-01",71,18,151,226,3093,0.607824118978338,0,0,274,767,21,1806,9,1851,19,9
"1558","2020-06-02",67,18,149,209,3093,0.607824118978338,0,0,274,767,23,1829,19,1870,20,19
"1559","2020-06-03",63,18,124,214,3093,0.607824118978338,0,0,274,767,24,1853,15,1885,18,15
"1560","2020-06-04",56,18,153,202,3093,0.607824118978338,0,0,274,767,13,1866,7,1892,10,7
"1561","2020-06-05",61,18,187,195,3093,0.607824118978338,0,0,274,767,12,1878,21,1913,9,21
"1562","2020-06-06",55,18,191,194,3093,0.607824118978338,0,0,274,767,14,1892,27,1940,10,27
"1563","2020-06-07",59,18,176,183,3093,0.607824118978338,0,0,274,767,9,1901,37,1977,7,37
"1564","2020-03-12",1,19,37,46,3396,0.270612485276796,0,0,281,600,30,53,16,40,NA,16
"1565","2020-03-13",4,19,59,79,3396,0.270612485276796,0,0,281,600,30,83,2,42,2,2
"1566","2020-03-14",8,19,61,111,3396,0.270612485276796,0,0,281,600,36,119,6,48,8,6
"1567","2020-03-15",10,19,77,144,3396,0.270612485276796,0,0,281,600,49,168,2,50,19,2
"1568","2020-03-16",13,19,81,177,3396,0.270612485276796,0,0,281,600,43,211,3,53,20,3
"1569","2020-03-17",18,19,80,211,3396,0.270612485276796,0,0,281,600,60,271,9,62,30,9
"1570","2020-03-18",23,19,94,244,3396,0.270612485276796,0,0,281,600,60,331,27,89,33,27
"1571","2020-03-19",31,19,110,281,3396,0.270612485276796,0,0,281,600,52,383,30,119,22,30
"1572","2020-03-20",39,19,101,311,3396,0.270612485276796,0,0,281,600,84,467,32,151,45,32
"1573","2020-03-21",45,19,89,350,3396,0.270612485276796,0,0,281,600,75,542,18,169,46,18
"1574","2020-03-22",61,19,73,370,3396,0.270612485276796,0,0,281,600,70,612,13,182,45,13
"1575","2020-03-23",72,19,82,393,3396,0.270612485276796,0,0,281,600,76,688,20,202,46,20
"1576","2020-03-24",85,19,100,431,3396,0.270612485276796,0,0,281,600,63,751,18,220,44,18
"1577","2020-03-25",101,19,92,442,3396,0.270612485276796,0,0,281,600,88,839,44,264,50,44
"1578","2020-03-26",113,19,96,449,3396,0.270612485276796,0,0,281,600,59,898,45,309,27,45
"1579","2020-03-27",131,19,89,453,3396,0.270612485276796,0,0,281,600,83,981,27,336,56,27
"1580","2020-03-28",130,19,90,486,3396,0.270612485276796,0,0,281,600,57,1038,26,362,29,26
"1581","2020-03-29",132,19,95,490,3396,0.270612485276796,0,0,281,600,67,1105,56,418,42,56
"1582","2020-03-30",136,19,115,495,3396,0.270612485276796,0,0,281,600,66,1171,33,451,38,33
"1583","2020-03-31",136,19,106,518,3396,0.270612485276796,0,0,281,600,73,1244,39,490,43,39
"1584","2020-04-01",137,19,117,521,3396,0.270612485276796,0,0,281,600,55,1299,30,520,24,30
"1585","2020-04-02",138,19,111,515,3396,0.270612485276796,0,0,281,600,53,1352,27,547,32,27
"1586","2020-04-03",135,19,100,521,3396,0.270612485276796,0,0,281,600,70,1422,12,559,35,12
"1587","2020-04-04",143,19,94,530,3396,0.270612485276796,0,0,281,600,51,1473,19,578,29,19
"1588","2020-04-05",142,19,87,533,3396,0.270612485276796,0,0,281,600,64,1537,37,615,30,37
"1589","2020-04-06",147,19,102,534,3396,0.270612485276796,0,0,281,600,48,1585,58,673,25,58
"1590","2020-04-07",154,19,127,526,3396,0.270612485276796,0,0,281,600,40,1625,52,725,14,52
"1591","2020-04-08",148,19,130,527,3396,0.270612485276796,0,0,281,600,57,1682,22,747,21,22
"1592","2020-04-09",147,19,131,530,3396,0.270612485276796,0,0,281,600,49,1731,22,769,16,22
"1593","2020-04-10",138,19,133,513,3396,0.270612485276796,0,0,281,600,62,1793,51,820,31,51
"1594","2020-04-11",140,19,142,506,3396,0.270612485276796,0,0,281,600,53,1846,63,883,16,63
"1595","2020-04-12",143,19,159,504,3396,0.270612485276796,0,0,281,600,60,1906,28,911,25,28
"1596","2020-04-13",136,19,179,502,3396,0.270612485276796,0,0,281,600,54,1960,18,929,20,18
"1597","2020-04-14",139,19,196,487,3396,0.270612485276796,0,0,281,600,54,2014,35,964,21,35
"1598","2020-04-15",143,19,208,478,3396,0.270612485276796,0,0,281,600,61,2075,42,1006,19,42
"1599","2020-04-16",135,19,205,478,3396,0.270612485276796,0,0,281,600,40,2115,21,1027,17,21
"1600","2020-04-17",136,19,182,469,3396,0.270612485276796,0,0,281,600,51,2166,15,1042,24,15
"1601","2020-04-18",134,19,166,461,3396,0.270612485276796,0,0,281,600,46,2212,8,1050,22,8
"1602","2020-04-19",132,19,152,468,3396,0.270612485276796,0,0,281,600,44,2256,3,1053,17,3
"1603","2020-04-20",134,19,159,472,3396,0.270612485276796,0,0,281,600,49,2305,26,1079,21,26
"1604","2020-04-21",119,19,153,473,3396,0.270612485276796,0,0,281,600,68,2373,43,1122,33,43
"1605","2020-04-22",131,19,148,466,3396,0.270612485276796,0,0,281,600,46,2419,74,1196,13,74
"1606","2020-04-23",134,19,136,478,3396,0.270612485276796,0,0,281,600,51,2470,38,1234,18,38
"1607","2020-04-24",134,19,129,460,3396,0.270612485276796,0,0,281,600,41,2511,51,1285,14,51
"1608","2020-04-25",134,19,114,469,3396,0.270612485276796,0,0,281,600,64,2575,26,1311,27,26
"1609","2020-04-26",125,19,104,474,3396,0.270612485276796,0,0,281,600,52,2627,13,1324,19,13
"1610","2020-04-27",138,19,106,483,3396,0.270612485276796,0,0,281,600,57,2684,21,1345,20,21
"1611","2020-04-28",144,19,145,492,3396,0.270612485276796,0,0,281,600,47,2731,41,1386,22,41
"1612","2020-04-29",136,19,172,494,3396,0.270612485276796,0,0,281,600,44,2775,44,1430,15,44
"1613","2020-04-30",143,19,173,496,3396,0.270612485276796,0,0,281,600,59,2834,55,1485,24,55
"1614","2020-05-01",149,19,177,492,3396,0.270612485276796,0,0,281,600,50,2884,41,1526,20,41
"1615","2020-05-02",145,19,201,488,3396,0.270612485276796,0,0,281,600,40,2924,25,1551,14,25
"1616","2020-05-03",150,19,203,506,3396,0.270612485276796,0,0,281,600,41,2965,9,1560,14,9
"1617","2020-05-04",133,19,214,498,3396,0.270612485276796,0,0,281,600,39,3004,6,1566,13,6
"1618","2020-05-05",133,19,202,496,3396,0.270612485276796,0,0,281,600,38,3042,10,1576,13,10
"1619","2020-05-06",129,19,201,491,3396,0.270612485276796,0,0,281,600,47,3089,37,1613,14,37
"1620","2020-05-07",129,19,215,489,3396,0.270612485276796,0,0,281,600,49,3138,31,1644,14,31
"1621","2020-05-08",137,19,234,485,3396,0.270612485276796,0,0,281,600,50,3188,35,1679,18,35
"1622","2020-05-09",145,19,242,462,3396,0.270612485276796,0,0,281,600,41,3229,42,1721,13,42
"1623","2020-05-10",149,19,214,444,3396,0.270612485276796,0,0,281,600,36,3265,31,1752,14,31
"1624","2020-05-11",154,19,205,448,3396,0.270612485276796,0,0,281,600,29,3294,25,1777,12,25
"1625","2020-05-12",150,19,217,441,3396,0.270612485276796,0,0,281,600,30,3324,17,1794,13,17
"1626","2020-05-13",146,19,193,414,3396,0.270612485276796,0,0,281,600,48,3372,15,1809,10,15
"1627","2020-05-14",137,19,172,403,3396,0.270612485276796,0,0,281,600,29,3401,16,1825,7,16
"1628","2020-05-15",121,19,184,398,3396,0.270612485276796,0,0,281,600,31,3432,7,1832,11,7
"1629","2020-05-16",119,19,179,391,3396,0.270612485276796,0,0,281,600,30,3462,9,1841,8,9
"1630","2020-05-17",107,19,167,371,3396,0.270612485276796,0,0,281,600,32,3494,5,1846,7,5
"1631","2020-05-18",100,19,149,352,3396,0.270612485276796,0,0,281,600,26,3520,3,1849,5,3
"1632","2020-05-19",101,19,156,351,3396,0.270612485276796,0,0,281,600,26,3546,39,1888,8,39
"1633","2020-05-20",96,19,174,345,3396,0.270612485276796,0,0,281,600,29,3575,49,1937,14,49
"1634","2020-05-21",99,19,174,337,3396,0.270612485276796,0,0,281,600,26,3601,40,1977,14,40
"1635","2020-05-22",99,19,211,329,3396,0.270612485276796,0,0,281,600,31,3632,28,2005,15,28
"1636","2020-05-23",94,19,208,310,3396,0.270612485276796,0,0,281,600,30,3662,24,2029,18,24
"1637","2020-05-24",96,19,179,315,3396,0.270612485276796,0,0,281,600,29,3691,34,2063,11,34
"1638","2020-05-25",96,19,175,303,3396,0.270612485276796,0,0,281,600,20,3711,18,2081,6,18
"1639","2020-05-26",88,19,184,294,3396,0.270612485276796,0,0,281,600,25,3736,9,2090,9,9
"1640","2020-05-27",92,19,166,280,3396,0.270612485276796,0,0,281,600,28,3764,12,2102,14,12
"1641","2020-05-28",90,19,175,250,3396,0.270612485276796,0,0,281,600,22,3786,30,2132,9,30
"1642","2020-05-29",80,19,176,238,3396,0.270612485276796,0,0,281,600,21,3807,39,2171,8,39
"1643","2020-05-30",70,19,159,231,3396,0.270612485276796,0,0,281,600,27,3834,37,2208,12,37
"1644","2020-05-31",68,19,150,224,3396,0.270612485276796,0,0,281,600,16,3850,25,2233,6,25
"1645","2020-06-01",61,19,143,209,3396,0.270612485276796,0,0,281,600,20,3870,36,2269,10,36
"1646","2020-06-02",60,19,154,205,3396,0.270612485276796,0,0,281,600,19,3889,27,2296,2,27
"1647","2020-06-03",53,19,125,204,3396,0.270612485276796,0,0,281,600,14,3903,36,2332,3,36
"1648","2020-06-04",44,19,128,188,3396,0.270612485276796,0,0,281,600,20,3923,19,2351,12,19
"1649","2020-06-05",50,19,112,199,3396,0.270612485276796,0,0,281,600,26,3949,33,2384,11,33
"1650","2020-06-06",55,19,107,194,3396,0.270612485276796,0,0,281,600,22,3971,37,2421,11,37
"1651","2020-06-07",54,19,103,187,3396,0.270612485276796,0,0,281,600,16,3987,31,2452,4,31
"1652","2020-03-15",1,20,69,58,4322,0.877834335955576,0,0,394,742,20,88,8,30,13,8
"1653","2020-03-16",2,20,82,67,4322,0.877834335955576,0,0,394,742,28,116,12,42,17,12
"1654","2020-03-17",5,20,96,91,4322,0.877834335955576,0,0,394,742,20,136,7,49,15,7
"1655","2020-03-18",8,20,103,112,4322,0.877834335955576,0,0,394,742,29,165,16,65,25,16
"1656","2020-03-19",11,20,109,128,4322,0.877834335955576,0,0,394,742,27,192,22,87,19,22
"1657","2020-03-20",17,20,127,147,4322,0.877834335955576,0,0,394,742,31,223,14,101,21,14
"1658","2020-03-21",22,20,118,175,4322,0.877834335955576,0,0,394,742,30,253,23,124,26,23
"1659","2020-03-22",30,20,120,198,4322,0.877834335955576,0,0,394,742,45,298,29,153,31,29
"1660","2020-03-23",35,20,119,226,4322,0.877834335955576,0,0,394,742,49,347,24,177,34,24
"1661","2020-03-24",43,20,155,242,4322,0.877834335955576,0,0,394,742,36,383,20,197,24,20
"1662","2020-03-25",50,20,179,279,4322,0.877834335955576,0,0,394,742,29,412,38,235,19,38
"1663","2020-03-26",56,20,178,316,4322,0.877834335955576,0,0,394,742,36,448,36,271,27,36
"1664","2020-03-27",61,20,186,354,4322,0.877834335955576,0,0,394,742,28,476,20,291,18,20
"1665","2020-03-28",70,20,171,368,4322,0.877834335955576,0,0,394,742,43,519,31,322,32,31
"1666","2020-03-29",79,20,154,393,4322,0.877834335955576,0,0,394,742,41,560,22,344,30,22
"1667","2020-03-30",88,20,199,413,4322,0.877834335955576,0,0,394,742,29,589,20,364,19,20
"1668","2020-03-31",94,20,221,446,4322,0.877834335955576,0,0,394,742,38,627,18,382,23,18
"1669","2020-04-01",104,20,245,457,4322,0.877834335955576,0,0,394,742,27,654,31,413,17,31
"1670","2020-04-02",108,20,211,481,4322,0.877834335955576,0,0,394,742,25,679,21,434,14,21
"1671","2020-04-03",117,20,198,498,4322,0.877834335955576,0,0,394,742,36,715,14,448,21,14
"1672","2020-04-04",122,20,211,526,4322,0.877834335955576,0,0,394,742,42,757,22,470,30,22
"1673","2020-04-05",131,20,240,568,4322,0.877834335955576,0,0,394,742,30,787,22,492,21,22
"1674","2020-04-06",139,20,257,619,4322,0.877834335955576,0,0,394,742,36,823,32,524,26,32
"1675","2020-04-07",149,20,251,652,4322,0.877834335955576,0,0,394,742,36,859,28,552,19,28
"1676","2020-04-08",158,20,277,672,4322,0.877834335955576,0,0,394,742,50,909,44,596,31,44
"1677","2020-04-09",182,20,250,701,4322,0.877834335955576,0,0,394,742,28,937,39,635,18,39
"1678","2020-04-10",188,20,249,717,4322,0.877834335955576,0,0,394,742,25,962,38,673,11,38
"1679","2020-04-11",189,20,257,740,4322,0.877834335955576,0,0,394,742,40,1002,30,703,26,30
"1680","2020-04-12",191,20,263,799,4322,0.877834335955576,0,0,394,742,30,1032,49,752,20,49
"1681","2020-04-13",203,20,267,795,4322,0.877834335955576,0,0,394,742,20,1052,52,804,15,52
"1682","2020-04-14",198,20,259,839,4322,0.877834335955576,0,0,394,742,35,1087,49,853,20,49
"1683","2020-04-15",209,20,266,880,4322,0.877834335955576,0,0,394,742,30,1117,38,891,13,38
"1684","2020-04-16",214,20,283,883,4322,0.877834335955576,0,0,394,742,34,1151,40,931,16,40
"1685","2020-04-17",225,20,260,895,4322,0.877834335955576,0,0,394,742,21,1172,32,963,9,32
"1686","2020-04-18",248,20,217,908,4322,0.877834335955576,0,0,394,742,37,1209,38,1001,21,38
"1687","2020-04-19",256,20,181,914,4322,0.877834335955576,0,0,394,742,28,1237,61,1062,10,61
"1688","2020-04-20",254,20,151,906,4322,0.877834335955576,0,0,394,742,24,1261,52,1114,13,52
"1689","2020-04-21",274,20,154,907,4322,0.877834335955576,0,0,394,742,27,1288,47,1161,6,47
"1690","2020-04-22",272,20,199,904,4322,0.877834335955576,0,0,394,742,27,1315,20,1181,12,20
"1691","2020-04-23",262,20,255,905,4322,0.877834335955576,0,0,394,742,21,1336,32,1213,6,32
"1692","2020-04-24",270,20,304,893,4322,0.877834335955576,0,0,394,742,31,1367,43,1256,18,43
"1693","2020-04-25",275,20,332,880,4322,0.877834335955576,0,0,394,742,17,1384,32,1288,8,32
"1694","2020-04-26",264,20,300,876,4322,0.877834335955576,0,0,394,742,20,1404,45,1333,10,45
"1695","2020-04-27",253,20,275,842,4322,0.877834335955576,0,0,394,742,34,1438,35,1368,14,35
"1696","2020-04-28",256,20,239,810,4322,0.877834335955576,0,0,394,742,12,1450,32,1400,7,32
"1697","2020-04-29",252,20,228,792,4322,0.877834335955576,0,0,394,742,29,1479,38,1438,9,38
"1698","2020-04-30",253,20,216,778,4322,0.877834335955576,0,0,394,742,21,1500,37,1475,7,37
"1699","2020-05-01",240,20,193,767,4322,0.877834335955576,0,0,394,742,22,1522,37,1512,3,37
"1700","2020-05-02",220,20,233,768,4322,0.877834335955576,0,0,394,742,19,1541,24,1536,3,24
"1701","2020-05-03",220,20,216,753,4322,0.877834335955576,0,0,394,742,21,1562,49,1585,9,49
"1702","2020-05-04",230,20,185,739,4322,0.877834335955576,0,0,394,742,33,1595,45,1630,17,45
"1703","2020-05-05",204,20,181,716,4322,0.877834335955576,0,0,394,742,28,1623,49,1679,15,49
"1704","2020-05-06",206,20,199,745,4322,0.877834335955576,0,0,394,742,16,1639,39,1718,10,39
"1705","2020-05-07",200,20,199,723,4322,0.877834335955576,0,0,394,742,27,1666,30,1748,14,30
"1706","2020-05-08",198,20,172,709,4322,0.877834335955576,0,0,394,742,35,1701,30,1778,14,30
"1707","2020-05-09",202,20,155,687,4322,0.877834335955576,0,0,394,742,20,1721,31,1809,8,31
"1708","2020-05-10",201,20,171,676,4322,0.877834335955576,0,0,394,742,28,1749,30,1839,17,30
"1709","2020-05-11",198,20,170,660,4322,0.877834335955576,0,0,394,742,33,1782,39,1878,14,39
"1710","2020-05-12",201,20,176,626,4322,0.877834335955576,0,0,394,742,20,1802,46,1924,8,46
"1711","2020-05-13",191,20,218,596,4322,0.877834335955576,0,0,394,742,18,1820,45,1969,13,45
"1712","2020-05-14",194,20,212,565,4322,0.877834335955576,0,0,394,742,23,1843,42,2011,10,42
"1713","2020-05-15",196,20,239,549,4322,0.877834335955576,0,0,394,742,19,1862,39,2050,11,39
"1714","2020-05-16",186,20,224,515,4322,0.877834335955576,0,0,394,742,16,1878,30,2080,7,30
"1715","2020-05-17",175,20,204,493,4322,0.877834335955576,0,0,394,742,12,1890,34,2114,6,34
"1716","2020-05-18",162,20,180,470,4322,0.877834335955576,0,0,394,742,19,1909,34,2148,8,34
"1717","2020-05-19",156,20,157,430,4322,0.877834335955576,0,0,394,742,17,1926,51,2199,11,51
"1718","2020-05-20",146,20,164,412,4322,0.877834335955576,0,0,394,742,17,1943,48,2247,7,48
"1719","2020-05-21",133,20,176,397,4322,0.877834335955576,0,0,394,742,12,1955,51,2298,4,51
"1720","2020-05-22",119,20,161,385,4322,0.877834335955576,0,0,394,742,17,1972,36,2334,6,36
"1721","2020-05-23",108,20,161,377,4322,0.877834335955576,0,0,394,742,18,1990,41,2375,7,41
"1722","2020-05-24",107,20,192,365,4322,0.877834335955576,0,0,394,742,19,2009,31,2406,5,31
"1723","2020-05-25",109,20,196,369,4322,0.877834335955576,0,0,394,742,15,2024,25,2431,5,25
"1724","2020-05-26",106,20,185,350,4322,0.877834335955576,0,0,394,742,16,2040,32,2463,6,32
"1725","2020-05-27",112,20,193,332,4322,0.877834335955576,0,0,394,742,12,2052,24,2487,4,24
"1726","2020-05-28",115,20,178,326,4322,0.877834335955576,0,0,394,742,17,2069,34,2521,10,34
"1727","2020-05-29",112,20,151,317,4322,0.877834335955576,0,0,394,742,11,2080,31,2552,6,31
"1728","2020-05-30",114,20,167,314,4322,0.877834335955576,0,0,394,742,13,2093,29,2581,7,29
"1729","2020-05-31",115,20,168,296,4322,0.877834335955576,0,0,394,742,11,2104,24,2605,5,24
"1730","2020-06-01",104,20,169,274,4322,0.877834335955576,0,0,394,742,16,2120,22,2627,10,22
"1731","2020-06-02",109,20,172,274,4322,0.877834335955576,0,0,394,742,15,2135,21,2648,6,21
"1732","2020-06-03",99,20,171,265,4322,0.877834335955576,0,0,394,742,17,2152,15,2663,11,15
"1733","2020-06-04",99,20,161,258,4322,0.877834335955576,0,0,394,742,9,2161,35,2698,5,35
"1734","2020-06-05",95,20,150,234,4322,0.877834335955576,0,0,394,742,8,2169,22,2720,6,22
"1735","2020-06-06",91,20,146,212,4322,0.877834335955576,0,0,394,742,19,2188,27,2747,13,27
"1736","2020-06-07",85,20,134,198,4322,0.877834335955576,0,0,394,742,11,2199,28,2775,5,28
