"","Date","Absents","Paramset","Infections_or_Exposed_per_day_Patient","Infections_or_Exposed_per_day_HCW","total_infections","nosocomial_proportion","PCR_pooled","LFD_pooled","HCW_symp_test","patient_symp_test","new_hcw_infs","cumulative_hcw_infs","new_pat_infs","cumulative_pats_infs","new_nosocomial_hcw_infs","new_nosocomial_pat_infs"
"1","2020-03-13",1,1,11,31,2375,0.521684210526316,2070,4877,305,272,12,31,1,7,2,1
"2","2020-03-14",1,1,9,47,2375,0.521684210526316,2070,4877,305,272,16,47,1,8,NA,1
"3","2020-03-15",4,1,11,61,2375,0.521684210526316,2070,4877,305,272,14,61,3,11,4,3
"4","2020-03-16",5,1,16,80,2375,0.521684210526316,2070,4877,305,272,19,80,2,13,7,2
"5","2020-03-17",6,1,13,95,2375,0.521684210526316,2070,4877,305,272,15,95,3,16,4,3
"6","2020-03-18",11,1,12,113,2375,0.521684210526316,2070,4877,305,272,19,114,2,18,7,2
"7","2020-03-19",17,1,22,127,2375,0.521684210526316,2070,4877,305,272,17,131,8,26,5,8
"8","2020-03-20",26,1,23,144,2375,0.521684210526316,2070,4877,305,272,23,154,4,30,16,4
"9","2020-03-21",39,1,25,173,2375,0.521684210526316,2070,4877,305,272,30,184,7,37,23,7
"10","2020-03-22",51,1,31,185,2375,0.521684210526316,2070,4877,305,272,21,205,9,46,13,9
"11","2020-03-23",55,1,33,203,2375,0.521684210526316,2070,4877,305,272,26,231,6,52,15,6
"12","2020-03-24",59,1,35,214,2375,0.521684210526316,2070,4877,305,272,22,253,12,64,14,12
"13","2020-03-25",68,1,42,223,2375,0.521684210526316,2070,4877,305,272,20,273,9,73,5,9
"14","2020-03-26",69,1,37,233,2375,0.521684210526316,2070,4877,305,272,20,293,1,74,16,1
"15","2020-03-27",76,1,33,242,2375,0.521684210526316,2070,4877,305,272,27,320,3,77,17,3
"16","2020-03-28",74,1,36,255,2375,0.521684210526316,2070,4877,305,272,32,352,9,86,22,9
"17","2020-03-29",79,1,29,260,2375,0.521684210526316,2070,4877,305,272,26,378,2,88,16,2
"18","2020-03-30",77,1,29,275,2375,0.521684210526316,2070,4877,305,272,33,411,3,91,16,3
"19","2020-03-31",77,1,25,292,2375,0.521684210526316,2070,4877,305,272,31,442,3,94,13,3
"20","2020-04-01",73,1,30,304,2375,0.521684210526316,2070,4877,305,272,37,479,8,102,24,8
"21","2020-04-02",83,1,29,305,2375,0.521684210526316,2070,4877,305,272,30,509,4,106,19,4
"22","2020-04-03",99,1,28,305,2375,0.521684210526316,2070,4877,305,272,28,537,3,109,15,3
"23","2020-04-04",120,1,32,319,2375,0.521684210526316,2070,4877,305,272,36,573,7,116,23,7
"24","2020-04-05",111,1,38,329,2375,0.521684210526316,2070,4877,305,272,44,617,9,125,19,9
"25","2020-04-06",109,1,44,338,2375,0.521684210526316,2070,4877,305,272,31,648,6,131,20,6
"26","2020-04-07",113,1,38,348,2375,0.521684210526316,2070,4877,305,272,28,676,6,137,16,6
"27","2020-04-08",113,1,37,361,2375,0.521684210526316,2070,4877,305,272,39,715,7,144,19,7
"28","2020-04-09",105,1,32,360,2375,0.521684210526316,2070,4877,305,272,31,746,6,150,21,6
"29","2020-04-10",122,1,31,369,2375,0.521684210526316,2070,4877,305,272,35,781,3,153,17,3
"30","2020-04-11",117,1,27,363,2375,0.521684210526316,2070,4877,305,272,32,813,2,155,21,2
"31","2020-04-12",105,1,27,371,2375,0.521684210526316,2070,4877,305,272,43,856,4,159,21,4
"32","2020-04-13",100,1,32,359,2375,0.521684210526316,2070,4877,305,272,27,883,6,165,21,6
"33","2020-04-14",100,1,32,370,2375,0.521684210526316,2070,4877,305,272,39,922,2,167,18,2
"34","2020-04-15",102,1,33,375,2375,0.521684210526316,2070,4877,305,272,33,955,5,172,17,5
"35","2020-04-16",112,1,47,380,2375,0.521684210526316,2070,4877,305,272,39,994,16,188,25,16
"36","2020-04-17",111,1,52,388,2375,0.521684210526316,2070,4877,305,272,33,1027,8,196,16,8
"37","2020-04-18",110,1,48,377,2375,0.521684210526316,2070,4877,305,272,36,1063,8,204,27,8
"38","2020-04-19",130,1,53,385,2375,0.521684210526316,2070,4877,305,272,35,1098,11,215,14,11
"39","2020-04-20",131,1,52,376,2375,0.521684210526316,2070,4877,305,272,35,1133,7,222,18,7
"40","2020-04-21",125,1,63,371,2375,0.521684210526316,2070,4877,305,272,26,1159,17,239,16,17
"41","2020-04-22",123,1,73,373,2375,0.521684210526316,2070,4877,305,272,35,1194,18,257,19,18
"42","2020-04-23",119,1,63,379,2375,0.521684210526316,2070,4877,305,272,38,1232,6,263,17,6
"43","2020-04-24",126,1,62,382,2375,0.521684210526316,2070,4877,305,272,28,1260,7,270,16,7
"44","2020-04-25",147,1,62,363,2375,0.521684210526316,2070,4877,305,272,27,1287,9,279,16,9
"45","2020-04-26",130,1,54,357,2375,0.521684210526316,2070,4877,305,272,34,1321,6,285,12,6
"46","2020-04-27",132,1,52,358,2375,0.521684210526316,2070,4877,305,272,36,1357,7,292,21,7
"47","2020-04-28",126,1,43,349,2375,0.521684210526316,2070,4877,305,272,35,1392,2,294,22,2
"48","2020-04-29",129,1,53,340,2375,0.521684210526316,2070,4877,305,272,28,1420,8,302,12,8
"49","2020-04-30",126,1,58,363,2375,0.521684210526316,2070,4877,305,272,54,1474,5,307,30,5
"50","2020-05-01",121,1,58,365,2375,0.521684210526316,2070,4877,305,272,24,1498,7,314,10,7
"51","2020-05-02",119,1,64,380,2375,0.521684210526316,2070,4877,305,272,37,1535,15,329,19,15
"52","2020-05-03",121,1,72,396,2375,0.521684210526316,2070,4877,305,272,48,1583,15,344,29,15
"53","2020-05-04",108,1,86,401,2375,0.521684210526316,2070,4877,305,272,37,1620,19,363,18,19
"54","2020-05-05",110,1,87,394,2375,0.521684210526316,2070,4877,305,272,35,1655,14,377,23,14
"55","2020-05-06",115,1,95,402,2375,0.521684210526316,2070,4877,305,272,36,1691,18,395,16,18
"56","2020-05-07",120,1,93,400,2375,0.521684210526316,2070,4877,305,272,35,1726,14,409,19,14
"57","2020-05-08",139,1,83,389,2375,0.521684210526316,2070,4877,305,272,30,1756,13,422,17,13
"58","2020-05-09",136,1,77,400,2375,0.521684210526316,2070,4877,305,272,39,1795,11,433,21,11
"59","2020-05-10",144,1,68,400,2375,0.521684210526316,2070,4877,305,272,31,1826,9,442,14,9
"60","2020-05-11",151,1,63,399,2375,0.521684210526316,2070,4877,305,272,29,1855,6,448,16,6
"61","2020-05-12",145,1,58,383,2375,0.521684210526316,2070,4877,305,272,28,1883,3,451,15,3
"62","2020-05-13",141,1,46,365,2375,0.521684210526316,2070,4877,305,272,25,1908,3,454,15,3
"63","2020-05-14",134,1,52,370,2375,0.521684210526316,2070,4877,305,272,27,1935,8,462,10,8
"64","2020-05-15",132,1,52,354,2375,0.521684210526316,2070,4877,305,272,27,1962,5,467,11,5
"65","2020-05-16",130,1,48,347,2375,0.521684210526316,2070,4877,305,272,34,1996,1,468,17,1
"66","2020-05-17",111,1,53,334,2375,0.521684210526316,2070,4877,305,272,22,2018,10,478,12,10
"67","2020-05-18",102,1,46,303,2375,0.521684210526316,2070,4877,305,272,18,2036,4,482,7,4
"68","2020-05-19",94,1,44,278,2375,0.521684210526316,2070,4877,305,272,25,2061,2,484,13,2
"69","2020-05-20",93,1,44,266,2375,0.521684210526316,2070,4877,305,272,17,2078,6,490,7,6
"70","2020-05-21",93,1,47,259,2375,0.521684210526316,2070,4877,305,272,20,2098,7,497,11,7
"71","2020-05-22",86,1,52,248,2375,0.521684210526316,2070,4877,305,272,17,2115,7,504,10,7
"72","2020-05-23",78,1,61,239,2375,0.521684210526316,2070,4877,305,272,15,2130,15,519,9,15
"73","2020-05-24",78,1,62,234,2375,0.521684210526316,2070,4877,305,272,21,2151,13,532,12,13
"74","2020-05-25",76,1,63,224,2375,0.521684210526316,2070,4877,305,272,19,2170,8,540,14,8
"75","2020-05-26",75,1,61,211,2375,0.521684210526316,2070,4877,305,272,12,2182,4,544,6,4
"76","2020-05-27",68,1,55,202,2375,0.521684210526316,2070,4877,305,272,9,2191,10,554,4,10
"77","2020-05-28",64,1,54,196,2375,0.521684210526316,2070,4877,305,272,16,2207,9,563,10,9
"78","2020-05-29",67,1,57,196,2375,0.521684210526316,2070,4877,305,272,19,2226,10,573,9,10
"79","2020-05-30",70,1,59,192,2375,0.521684210526316,2070,4877,305,272,12,2238,9,582,6,9
"80","2020-05-31",62,1,54,180,2375,0.521684210526316,2070,4877,305,272,13,2251,5,587,5,5
"81","2020-06-01",58,1,49,171,2375,0.521684210526316,2070,4877,305,272,14,2265,6,593,9,6
"82","2020-06-02",54,1,46,163,2375,0.521684210526316,2070,4877,305,272,7,2272,2,595,5,2
"83","2020-06-03",56,1,47,148,2375,0.521684210526316,2070,4877,305,272,6,2278,9,604,2,9
"84","2020-06-04",56,1,50,143,2375,0.521684210526316,2070,4877,305,272,11,2289,9,613,8,9
"85","2020-06-05",50,1,59,131,2375,0.521684210526316,2070,4877,305,272,9,2298,10,623,4,10
"86","2020-06-06",46,1,60,125,2375,0.521684210526316,2070,4877,305,272,11,2309,7,630,7,7
"87","2020-06-07",49,1,57,126,2375,0.521684210526316,2070,4877,305,272,16,2325,13,643,9,13
"88","2020-03-15",3,2,16,42,3606,0.858569051580699,2070,6421,414,193,16,61,5,16,2,5
"89","2020-03-16",4,2,12,54,3606,0.858569051580699,2070,6421,414,193,12,73,4,20,2,4
"90","2020-03-17",6,2,17,69,3606,0.858569051580699,2070,6421,414,193,14,87,2,22,4,2
"91","2020-03-18",10,2,21,83,3606,0.858569051580699,2070,6421,414,193,14,101,1,23,4,1
"92","2020-03-19",14,2,20,92,3606,0.858569051580699,2070,6421,414,193,20,121,8,31,13,8
"93","2020-03-20",22,2,19,107,3606,0.858569051580699,2070,6421,414,193,17,138,3,34,10,3
"94","2020-03-21",28,2,16,126,3606,0.858569051580699,2070,6421,414,193,20,158,7,41,14,7
"95","2020-03-22",36,2,20,139,3606,0.858569051580699,2070,6421,414,193,15,173,7,48,10,7
"96","2020-03-23",36,2,16,151,3606,0.858569051580699,2070,6421,414,193,30,203,11,59,17,11
"97","2020-03-24",32,2,20,164,3606,0.858569051580699,2070,6421,414,193,23,226,4,63,13,4
"98","2020-03-25",32,2,19,177,3606,0.858569051580699,2070,6421,414,193,21,247,4,67,12,4
"99","2020-03-26",35,2,26,186,3606,0.858569051580699,2070,6421,414,193,29,276,4,71,18,4
"100","2020-03-27",45,2,23,208,3606,0.858569051580699,2070,6421,414,193,31,307,1,72,20,1
"101","2020-03-28",53,2,26,220,3606,0.858569051580699,2070,6421,414,193,21,328,5,77,9,5
"102","2020-03-29",56,2,28,235,3606,0.858569051580699,2070,6421,414,193,26,354,3,80,17,3
"103","2020-03-30",65,2,28,254,3606,0.858569051580699,2070,6421,414,193,34,388,4,84,23,4
"104","2020-03-31",67,2,22,271,3606,0.858569051580699,2070,6421,414,193,36,424,3,87,26,3
"105","2020-04-01",73,2,15,304,3606,0.858569051580699,2070,6421,414,193,20,444,6,93,14,6
"106","2020-04-02",78,2,14,323,3606,0.858569051580699,2070,6421,414,193,40,484,7,100,26,7
"107","2020-04-03",104,2,15,340,3606,0.858569051580699,2070,6421,414,193,23,507,12,112,18,12
"108","2020-04-04",123,2,12,362,3606,0.858569051580699,2070,6421,414,193,33,540,7,119,20,7
"109","2020-04-05",125,2,15,383,3606,0.858569051580699,2070,6421,414,193,32,572,10,129,18,10
"110","2020-04-06",116,2,18,407,3606,0.858569051580699,2070,6421,414,193,38,610,6,135,18,6
"111","2020-04-07",114,2,19,426,3606,0.858569051580699,2070,6421,414,193,35,645,11,146,24,11
"112","2020-04-08",124,2,31,435,3606,0.858569051580699,2070,6421,414,193,41,686,3,149,31,3
"113","2020-04-09",125,2,41,444,3606,0.858569051580699,2070,6421,414,193,40,726,13,162,25,13
"114","2020-04-10",127,2,45,472,3606,0.858569051580699,2070,6421,414,193,26,752,5,167,20,5
"115","2020-04-11",136,2,51,504,3606,0.858569051580699,2070,6421,414,193,40,792,8,175,29,8
"116","2020-04-12",151,2,57,525,3606,0.858569051580699,2070,6421,414,193,33,825,15,190,23,15
"117","2020-04-13",154,2,48,535,3606,0.858569051580699,2070,6421,414,193,37,862,11,201,25,11
"118","2020-04-14",153,2,42,553,3606,0.858569051580699,2070,6421,414,193,27,889,16,217,17,16
"119","2020-04-15",158,2,39,578,3606,0.858569051580699,2070,6421,414,193,38,927,13,230,23,13
"120","2020-04-16",168,2,43,594,3606,0.858569051580699,2070,6421,414,193,33,960,10,240,25,10
"121","2020-04-17",196,2,48,603,3606,0.858569051580699,2070,6421,414,193,37,997,10,250,27,10
"122","2020-04-18",206,2,44,610,3606,0.858569051580699,2070,6421,414,193,38,1035,15,265,29,15
"123","2020-04-19",194,2,50,611,3606,0.858569051580699,2070,6421,414,193,32,1067,14,279,18,14
"124","2020-04-20",198,2,48,619,3606,0.858569051580699,2070,6421,414,193,28,1095,16,295,16,16
"125","2020-04-21",200,2,49,637,3606,0.858569051580699,2070,6421,414,193,41,1136,11,306,30,11
"126","2020-04-22",200,2,49,655,3606,0.858569051580699,2070,6421,414,193,36,1172,12,318,23,12
"127","2020-04-23",211,2,54,662,3606,0.858569051580699,2070,6421,414,193,36,1208,14,332,28,14
"128","2020-04-24",220,2,68,671,3606,0.858569051580699,2070,6421,414,193,38,1246,22,354,25,22
"129","2020-04-25",226,2,70,650,3606,0.858569051580699,2070,6421,414,193,44,1290,15,369,30,15
"130","2020-04-26",226,2,71,660,3606,0.858569051580699,2070,6421,414,193,31,1321,16,385,19,16
"131","2020-04-27",219,2,73,684,3606,0.858569051580699,2070,6421,414,193,36,1357,13,398,19,13
"132","2020-04-28",220,2,62,710,3606,0.858569051580699,2070,6421,414,193,34,1391,12,410,23,12
"133","2020-04-29",223,2,55,711,3606,0.858569051580699,2070,6421,414,193,36,1427,17,427,28,17
"134","2020-04-30",213,2,51,695,3606,0.858569051580699,2070,6421,414,193,43,1470,9,436,31,9
"135","2020-05-01",239,2,52,693,3606,0.858569051580699,2070,6421,414,193,31,1501,11,447,23,11
"136","2020-05-02",246,2,57,703,3606,0.858569051580699,2070,6421,414,193,34,1535,16,463,19,16
"137","2020-05-03",243,2,47,709,3606,0.858569051580699,2070,6421,414,193,39,1574,23,486,29,23
"138","2020-05-04",242,2,49,694,3606,0.858569051580699,2070,6421,414,193,35,1609,15,501,21,15
"139","2020-05-05",231,2,49,684,3606,0.858569051580699,2070,6421,414,193,30,1639,25,526,22,25
"140","2020-05-06",222,2,43,680,3606,0.858569051580699,2070,6421,414,193,28,1667,21,547,14,21
"141","2020-05-07",232,2,55,683,3606,0.858569051580699,2070,6421,414,193,29,1696,17,564,24,17
"142","2020-05-08",244,2,59,662,3606,0.858569051580699,2070,6421,414,193,33,1729,21,585,24,21
"143","2020-05-09",232,2,70,662,3606,0.858569051580699,2070,6421,414,193,40,1769,30,615,27,30
"144","2020-05-10",209,2,76,665,3606,0.858569051580699,2070,6421,414,193,28,1797,21,636,19,21
"145","2020-05-11",201,2,81,657,3606,0.858569051580699,2070,6421,414,193,36,1833,20,656,21,20
"146","2020-05-12",203,2,73,640,3606,0.858569051580699,2070,6421,414,193,38,1871,15,671,22,15
"147","2020-05-13",214,2,69,634,3606,0.858569051580699,2070,6421,414,193,35,1906,13,684,25,13
"148","2020-05-14",208,2,64,613,3606,0.858569051580699,2070,6421,414,193,34,1940,16,700,20,16
"149","2020-05-15",204,2,53,579,3606,0.858569051580699,2070,6421,414,193,29,1969,9,709,20,9
"150","2020-05-16",215,2,56,566,3606,0.858569051580699,2070,6421,414,193,40,2009,10,719,28,10
"151","2020-05-17",223,2,49,545,3606,0.858569051580699,2070,6421,414,193,30,2039,5,724,21,5
"152","2020-05-18",216,2,46,523,3606,0.858569051580699,2070,6421,414,193,28,2067,16,740,17,16
"153","2020-05-19",221,2,44,516,3606,0.858569051580699,2070,6421,414,193,31,2098,8,748,19,8
"154","2020-05-20",210,2,45,502,3606,0.858569051580699,2070,6421,414,193,30,2128,7,755,19,7
"155","2020-05-21",201,2,38,482,3606,0.858569051580699,2070,6421,414,193,17,2145,7,762,11,7
"156","2020-05-22",201,2,30,461,3606,0.858569051580699,2070,6421,414,193,32,2177,8,770,23,8
"157","2020-05-23",192,2,28,441,3606,0.858569051580699,2070,6421,414,193,27,2204,10,780,19,10
"158","2020-05-24",155,2,26,401,3606,0.858569051580699,2070,6421,414,193,33,2237,4,784,23,4
"159","2020-05-25",145,2,23,383,3606,0.858569051580699,2070,6421,414,193,24,2261,13,797,18,13
"160","2020-05-26",125,2,27,363,3606,0.858569051580699,2070,6421,414,193,22,2283,12,809,16,12
"161","2020-05-27",124,2,31,341,3606,0.858569051580699,2070,6421,414,193,21,2304,16,825,16,16
"162","2020-05-28",120,2,29,331,3606,0.858569051580699,2070,6421,414,193,24,2328,9,834,21,9
"163","2020-05-29",115,2,38,308,3606,0.858569051580699,2070,6421,414,193,16,2344,4,838,7,4
"164","2020-05-30",122,2,39,296,3606,0.858569051580699,2070,6421,414,193,17,2361,9,847,12,9
"165","2020-05-31",119,2,33,286,3606,0.858569051580699,2070,6421,414,193,25,2386,8,855,16,8
"166","2020-06-01",117,2,35,275,3606,0.858569051580699,2070,6421,414,193,20,2406,7,862,14,7
"167","2020-06-02",120,2,34,273,3606,0.858569051580699,2070,6421,414,193,16,2422,11,873,11,11
"168","2020-06-03",114,2,40,270,3606,0.858569051580699,2070,6421,414,193,19,2441,10,883,12,10
"169","2020-06-04",113,2,43,257,3606,0.858569051580699,2070,6421,414,193,25,2466,15,898,21,15
"170","2020-06-05",100,2,42,239,3606,0.858569051580699,2070,6421,414,193,17,2483,14,912,14,14
"171","2020-06-06",98,2,38,231,3606,0.858569051580699,2070,6421,414,193,20,2503,11,923,18,11
"172","2020-06-07",97,2,33,229,3606,0.858569051580699,2070,6421,414,193,17,2520,9,932,12,9
"173","2020-03-08",1,3,0,0,3619,0.750207239568942,1905,5818,421,595,NA,NA,NA,NA,NA,NA
"174","2020-03-09",1,3,0,0,3619,0.750207239568942,1905,5818,421,595,NA,NA,NA,NA,NA,NA
"175","2020-03-10",0,3,0,0,3619,0.750207239568942,1905,5818,421,595,1,1,2,2,1,2
"176","2020-03-11",0,3,0,0,3619,0.750207239568942,1905,5818,421,595,2,3,6,8,NA,6
"177","2020-03-12",0,3,0,0,3619,0.750207239568942,1905,5818,421,595,7,10,5,13,5,5
"178","2020-03-13",1,3,32,31,3619,0.750207239568942,1905,5818,421,595,8,18,5,18,3,5
"179","2020-03-14",1,3,38,48,3619,0.750207239568942,1905,5818,421,595,8,26,6,24,7,6
"180","2020-03-15",6,3,41,65,3619,0.750207239568942,1905,5818,421,595,5,31,7,31,4,7
"181","2020-03-16",7,3,52,86,3619,0.750207239568942,1905,5818,421,595,8,39,14,45,7,14
"182","2020-03-17",9,3,60,106,3619,0.750207239568942,1905,5818,421,595,12,51,8,53,9,8
"183","2020-03-18",13,3,62,135,3619,0.750207239568942,1905,5818,421,595,13,64,7,60,10,7
"184","2020-03-19",21,3,64,157,3619,0.750207239568942,1905,5818,421,595,12,76,6,66,9,6
"185","2020-03-20",29,3,70,162,3619,0.750207239568942,1905,5818,421,595,10,86,4,70,8,4
"186","2020-03-21",40,3,71,187,3619,0.750207239568942,1905,5818,421,595,15,101,4,74,14,4
"187","2020-03-22",46,3,83,209,3619,0.750207239568942,1905,5818,421,595,21,122,5,79,18,5
"188","2020-03-23",54,3,86,235,3619,0.750207239568942,1905,5818,421,595,18,140,7,86,14,7
"189","2020-03-24",58,3,86,256,3619,0.750207239568942,1905,5818,421,595,28,168,10,96,23,10
"190","2020-03-25",65,3,86,283,3619,0.750207239568942,1905,5818,421,595,23,191,8,104,17,8
"191","2020-03-26",63,3,91,299,3619,0.750207239568942,1905,5818,421,595,31,222,7,111,25,7
"192","2020-03-27",77,3,116,312,3619,0.750207239568942,1905,5818,421,595,26,248,8,119,24,8
"193","2020-03-28",80,3,129,334,3619,0.750207239568942,1905,5818,421,595,32,280,13,132,30,13
"194","2020-03-29",96,3,123,351,3619,0.750207239568942,1905,5818,421,595,45,325,6,138,41,6
"195","2020-03-30",96,3,129,370,3619,0.750207239568942,1905,5818,421,595,39,364,13,151,37,13
"196","2020-03-31",94,3,134,383,3619,0.750207239568942,1905,5818,421,595,43,407,12,163,39,12
"197","2020-04-01",95,3,137,401,3619,0.750207239568942,1905,5818,421,595,51,458,16,179,48,16
"198","2020-04-02",106,3,132,425,3619,0.750207239568942,1905,5818,421,595,60,518,7,186,58,7
"199","2020-04-03",130,3,135,448,3619,0.750207239568942,1905,5818,421,595,56,574,11,197,53,11
"200","2020-04-04",148,3,135,472,3619,0.750207239568942,1905,5818,421,595,69,643,18,215,64,18
"201","2020-04-05",137,3,144,485,3619,0.750207239568942,1905,5818,421,595,71,714,21,236,68,21
"202","2020-04-06",141,3,145,504,3619,0.750207239568942,1905,5818,421,595,72,786,19,255,67,19
"203","2020-04-07",152,3,156,518,3619,0.750207239568942,1905,5818,421,595,100,886,28,283,95,28
"204","2020-04-08",156,3,169,542,3619,0.750207239568942,1905,5818,421,595,75,961,21,304,72,21
"205","2020-04-09",160,3,176,582,3619,0.750207239568942,1905,5818,421,595,83,1044,17,321,78,17
"206","2020-04-10",178,3,182,606,3619,0.750207239568942,1905,5818,421,595,85,1129,27,348,83,27
"207","2020-04-11",182,3,185,638,3619,0.750207239568942,1905,5818,421,595,77,1206,19,367,73,19
"208","2020-04-12",207,3,190,661,3619,0.750207239568942,1905,5818,421,595,79,1285,11,378,74,11
"209","2020-04-13",207,3,190,667,3619,0.750207239568942,1905,5818,421,595,109,1394,17,395,106,17
"210","2020-04-14",200,3,180,687,3619,0.750207239568942,1905,5818,421,595,97,1491,17,412,91,17
"211","2020-04-15",207,3,173,689,3619,0.750207239568942,1905,5818,421,595,104,1595,19,431,102,19
"212","2020-04-16",208,3,184,686,3619,0.750207239568942,1905,5818,421,595,121,1716,17,448,115,17
"213","2020-04-17",251,3,195,686,3619,0.750207239568942,1905,5818,421,595,125,1841,23,471,121,23
"214","2020-04-18",271,3,203,684,3619,0.750207239568942,1905,5818,421,595,111,1952,11,482,106,11
"215","2020-04-19",247,3,199,655,3619,0.750207239568942,1905,5818,421,595,129,2081,15,497,125,15
"216","2020-04-20",240,3,207,665,3619,0.750207239568942,1905,5818,421,595,121,2202,20,517,119,20
"217","2020-04-21",231,3,220,670,3619,0.750207239568942,1905,5818,421,595,118,2320,25,542,115,25
"218","2020-04-22",227,3,221,648,3619,0.750207239568942,1905,5818,421,595,120,2440,17,559,117,17
"219","2020-04-23",226,3,202,638,3619,0.750207239568942,1905,5818,421,595,127,2567,12,571,127,12
"220","2020-04-24",219,3,188,610,3619,0.750207239568942,1905,5818,421,595,113,2680,23,594,111,23
"221","2020-04-25",203,3,191,621,3619,0.750207239568942,1905,5818,421,595,105,2785,31,625,101,31
"222","2020-04-26",187,3,190,600,3619,0.750207239568942,1905,5818,421,595,122,2907,22,647,116,22
"223","2020-04-27",191,3,196,603,3619,0.750207239568942,1905,5818,421,595,120,3027,24,671,119,24
"224","2020-04-28",187,3,199,575,3619,0.750207239568942,1905,5818,421,595,114,3141,15,686,112,15
"225","2020-04-29",181,3,202,568,3619,0.750207239568942,1905,5818,421,595,97,3238,25,711,95,25
"226","2020-04-30",183,3,215,580,3619,0.750207239568942,1905,5818,421,595,108,3346,24,735,107,24
"227","2020-05-01",179,3,214,595,3619,0.750207239568942,1905,5818,421,595,100,3446,18,753,98,18
"228","2020-05-02",170,3,216,603,3619,0.750207239568942,1905,5818,421,595,116,3562,16,769,112,16
"229","2020-05-03",181,3,215,587,3619,0.750207239568942,1905,5818,421,595,96,3658,14,783,93,14
"230","2020-05-04",173,3,223,580,3619,0.750207239568942,1905,5818,421,595,82,3740,17,800,81,17
"231","2020-05-05",169,3,212,574,3619,0.750207239568942,1905,5818,421,595,100,3840,12,812,95,12
"232","2020-05-06",182,3,203,573,3619,0.750207239568942,1905,5818,421,595,85,3925,10,822,83,10
"233","2020-05-07",186,3,196,559,3619,0.750207239568942,1905,5818,421,595,57,3982,9,831,56,9
"234","2020-05-08",176,3,186,560,3619,0.750207239568942,1905,5818,421,595,70,4052,11,842,67,11
"235","2020-05-09",187,3,173,551,3619,0.750207239568942,1905,5818,421,595,84,4136,11,853,81,11
"236","2020-05-10",174,3,178,540,3619,0.750207239568942,1905,5818,421,595,55,4191,13,866,50,13
"237","2020-05-11",166,3,162,533,3619,0.750207239568942,1905,5818,421,595,62,4253,12,878,61,12
"238","2020-05-12",166,3,151,525,3619,0.750207239568942,1905,5818,421,595,71,4324,14,892,67,14
"239","2020-05-13",170,3,166,527,3619,0.750207239568942,1905,5818,421,595,49,4373,12,904,48,12
"240","2020-05-14",160,3,179,515,3619,0.750207239568942,1905,5818,421,595,42,4415,5,909,41,5
"241","2020-05-15",177,3,179,493,3619,0.750207239568942,1905,5818,421,595,53,4468,11,920,49,11
"242","2020-05-16",180,3,185,489,3619,0.750207239568942,1905,5818,421,595,34,4502,9,929,34,9
"243","2020-05-17",174,3,185,474,3619,0.750207239568942,1905,5818,421,595,41,4543,14,943,38,14
"244","2020-05-18",175,3,203,453,3619,0.750207239568942,1905,5818,421,595,22,4565,12,955,22,12
"245","2020-05-19",161,3,203,451,3619,0.750207239568942,1905,5818,421,595,34,4599,16,971,32,16
"246","2020-05-20",152,3,205,434,3619,0.750207239568942,1905,5818,421,595,38,4637,16,987,36,16
"247","2020-05-21",150,3,202,415,3619,0.750207239568942,1905,5818,421,595,43,4680,16,1003,41,16
"248","2020-05-22",144,3,185,384,3619,0.750207239568942,1905,5818,421,595,42,4722,18,1021,41,18
"249","2020-05-23",146,3,183,374,3619,0.750207239568942,1905,5818,421,595,25,4747,11,1032,25,11
"250","2020-05-24",129,3,187,354,3619,0.750207239568942,1905,5818,421,595,19,4766,12,1044,16,12
"251","2020-05-25",123,3,187,328,3619,0.750207239568942,1905,5818,421,595,28,4794,4,1048,28,4
"252","2020-05-26",120,3,185,311,3619,0.750207239568942,1905,5818,421,595,16,4810,4,1052,14,4
"253","2020-05-27",110,3,188,305,3619,0.750207239568942,1905,5818,421,595,15,4825,7,1059,15,7
"254","2020-05-28",105,3,187,290,3619,0.750207239568942,1905,5818,421,595,20,4845,12,1071,19,12
"255","2020-05-29",101,3,178,278,3619,0.750207239568942,1905,5818,421,595,16,4861,2,1073,14,2
"256","2020-05-30",92,3,180,266,3619,0.750207239568942,1905,5818,421,595,18,4879,7,1080,17,7
"257","2020-05-31",104,3,175,252,3619,0.750207239568942,1905,5818,421,595,13,4892,7,1087,12,7
"258","2020-06-01",103,3,168,244,3619,0.750207239568942,1905,5818,421,595,10,4902,11,1098,9,11
"259","2020-06-02",101,3,160,234,3619,0.750207239568942,1905,5818,421,595,11,4913,5,1103,11,5
"260","2020-06-03",105,3,155,230,3619,0.750207239568942,1905,5818,421,595,15,4928,4,1107,12,4
"261","2020-06-04",104,3,151,222,3619,0.750207239568942,1905,5818,421,595,10,4938,7,1114,8,7
"262","2020-06-05",101,3,152,206,3619,0.750207239568942,1905,5818,421,595,10,4948,3,1117,10,3
"263","2020-06-06",101,3,143,200,3619,0.750207239568942,1905,5818,421,595,5,4953,5,1122,4,5
"264","2020-06-07",86,3,142,192,3619,0.750207239568942,1905,5818,421,595,12,4965,5,1127,10,5
"265","2020-03-14",2,4,11,9,3027,0.854971919392137,2100,5565,370,198,14,49,11,35,9,11
"266","2020-03-15",2,4,15,14,3027,0.854971919392137,2100,5565,370,198,16,65,6,41,7,6
"267","2020-03-16",1,4,21,21,3027,0.854971919392137,2100,5565,370,198,20,85,6,47,9,6
"268","2020-03-17",1,4,20,27,3027,0.854971919392137,2100,5565,370,198,15,100,15,62,7,15
"269","2020-03-18",2,4,22,38,3027,0.854971919392137,2100,5565,370,198,25,125,5,67,15,5
"270","2020-03-19",3,4,20,48,3027,0.854971919392137,2100,5565,370,198,24,149,14,81,15,14
"271","2020-03-20",6,4,21,67,3027,0.854971919392137,2100,5565,370,198,25,174,18,99,14,18
"272","2020-03-21",16,4,22,84,3027,0.854971919392137,2100,5565,370,198,19,193,10,109,8,10
"273","2020-03-22",21,4,20,91,3027,0.854971919392137,2100,5565,370,198,19,212,14,123,13,14
"274","2020-03-23",26,4,26,107,3027,0.854971919392137,2100,5565,370,198,28,240,11,134,21,11
"275","2020-03-24",29,4,26,126,3027,0.854971919392137,2100,5565,370,198,26,266,6,140,18,6
"276","2020-03-25",31,4,34,139,3027,0.854971919392137,2100,5565,370,198,37,303,10,150,27,10
"277","2020-03-26",33,4,27,152,3027,0.854971919392137,2100,5565,370,198,38,341,20,170,24,20
"278","2020-03-27",40,4,28,167,3027,0.854971919392137,2100,5565,370,198,40,381,28,198,28,28
"279","2020-03-28",49,4,25,191,3027,0.854971919392137,2100,5565,370,198,26,407,12,210,16,12
"280","2020-03-29",52,4,34,207,3027,0.854971919392137,2100,5565,370,198,34,441,11,221,23,11
"281","2020-03-30",51,4,30,220,3027,0.854971919392137,2100,5565,370,198,32,473,6,227,15,6
"282","2020-03-31",53,4,28,235,3027,0.854971919392137,2100,5565,370,198,47,520,15,242,24,15
"283","2020-04-01",62,4,24,249,3027,0.854971919392137,2100,5565,370,198,47,567,28,270,35,28
"284","2020-04-02",66,4,34,270,3027,0.854971919392137,2100,5565,370,198,36,603,26,296,28,26
"285","2020-04-03",78,4,36,287,3027,0.854971919392137,2100,5565,370,198,44,647,34,330,31,34
"286","2020-04-04",72,4,30,303,3027,0.854971919392137,2100,5565,370,198,31,678,26,356,23,26
"287","2020-04-05",87,4,35,304,3027,0.854971919392137,2100,5565,370,198,48,726,16,372,34,16
"288","2020-04-06",91,4,29,320,3027,0.854971919392137,2100,5565,370,198,57,783,32,404,43,32
"289","2020-04-07",94,4,35,326,3027,0.854971919392137,2100,5565,370,198,53,836,26,430,41,26
"290","2020-04-08",93,4,37,335,3027,0.854971919392137,2100,5565,370,198,34,870,36,466,23,36
"291","2020-04-09",102,4,36,350,3027,0.854971919392137,2100,5565,370,198,53,923,21,487,41,21
"292","2020-04-10",111,4,34,357,3027,0.854971919392137,2100,5565,370,198,45,968,19,506,32,19
"293","2020-04-11",120,4,42,359,3027,0.854971919392137,2100,5565,370,198,38,1006,17,523,28,17
"294","2020-04-12",122,4,43,376,3027,0.854971919392137,2100,5565,370,198,45,1051,43,566,38,43
"295","2020-04-13",120,4,47,385,3027,0.854971919392137,2100,5565,370,198,44,1095,11,577,33,11
"296","2020-04-14",115,4,44,388,3027,0.854971919392137,2100,5565,370,198,34,1129,25,602,25,25
"297","2020-04-15",114,4,39,393,3027,0.854971919392137,2100,5565,370,198,43,1172,19,621,30,19
"298","2020-04-16",106,4,40,392,3027,0.854971919392137,2100,5565,370,198,49,1221,16,637,38,16
"299","2020-04-17",124,4,46,410,3027,0.854971919392137,2100,5565,370,198,57,1278,30,667,38,30
"300","2020-04-18",140,4,51,434,3027,0.854971919392137,2100,5565,370,198,48,1326,11,678,31,11
"301","2020-04-19",121,4,46,442,3027,0.854971919392137,2100,5565,370,198,40,1366,21,699,32,21
"302","2020-04-20",116,4,44,444,3027,0.854971919392137,2100,5565,370,198,37,1403,12,711,26,12
"303","2020-04-21",122,4,41,447,3027,0.854971919392137,2100,5565,370,198,47,1450,8,719,30,8
"304","2020-04-22",131,4,43,466,3027,0.854971919392137,2100,5565,370,198,48,1498,8,727,32,8
"305","2020-04-23",139,4,41,490,3027,0.854971919392137,2100,5565,370,198,40,1538,19,746,27,19
"306","2020-04-24",159,4,44,495,3027,0.854971919392137,2100,5565,370,198,44,1582,22,768,32,22
"307","2020-04-25",165,4,40,527,3027,0.854971919392137,2100,5565,370,198,42,1624,30,798,29,30
"308","2020-04-26",175,4,46,535,3027,0.854971919392137,2100,5565,370,198,42,1666,39,837,25,39
"309","2020-04-27",182,4,49,531,3027,0.854971919392137,2100,5565,370,198,45,1711,22,859,34,22
"310","2020-04-28",178,4,60,526,3027,0.854971919392137,2100,5565,370,198,28,1739,27,886,22,27
"311","2020-04-29",173,4,57,531,3027,0.854971919392137,2100,5565,370,198,47,1786,35,921,36,35
"312","2020-04-30",174,4,61,514,3027,0.854971919392137,2100,5565,370,198,44,1830,31,952,30,31
"313","2020-05-01",184,4,51,522,3027,0.854971919392137,2100,5565,370,198,39,1869,22,974,23,22
"314","2020-05-02",182,4,52,521,3027,0.854971919392137,2100,5565,370,198,58,1927,12,986,38,12
"315","2020-05-03",182,4,54,535,3027,0.854971919392137,2100,5565,370,198,47,1974,9,995,32,9
"316","2020-05-04",177,4,63,538,3027,0.854971919392137,2100,5565,370,198,35,2009,11,1006,26,11
"317","2020-05-05",169,4,60,547,3027,0.854971919392137,2100,5565,370,198,29,2038,35,1041,18,35
"318","2020-05-06",176,4,57,564,3027,0.854971919392137,2100,5565,370,198,36,2074,33,1074,22,33
"319","2020-05-07",179,4,47,558,3027,0.854971919392137,2100,5565,370,198,44,2118,34,1108,28,34
"320","2020-05-08",190,4,48,550,3027,0.854971919392137,2100,5565,370,198,43,2161,33,1141,31,33
"321","2020-05-09",206,4,62,548,3027,0.854971919392137,2100,5565,370,198,24,2185,23,1164,14,23
"322","2020-05-10",191,4,74,560,3027,0.854971919392137,2100,5565,370,198,30,2215,25,1189,14,25
"323","2020-05-11",195,4,75,544,3027,0.854971919392137,2100,5565,370,198,39,2254,24,1213,29,24
"324","2020-05-12",191,4,75,544,3027,0.854971919392137,2100,5565,370,198,37,2291,25,1238,27,25
"325","2020-05-13",195,4,65,537,3027,0.854971919392137,2100,5565,370,198,32,2323,27,1265,26,27
"326","2020-05-14",196,4,64,546,3027,0.854971919392137,2100,5565,370,198,31,2354,40,1305,23,40
"327","2020-05-15",218,4,65,526,3027,0.854971919392137,2100,5565,370,198,40,2394,41,1346,31,41
"328","2020-05-16",199,4,58,515,3027,0.854971919392137,2100,5565,370,198,35,2429,34,1380,25,34
"329","2020-05-17",191,4,48,497,3027,0.854971919392137,2100,5565,370,198,46,2475,43,1423,37,43
"330","2020-05-18",177,4,38,473,3027,0.854971919392137,2100,5565,370,198,35,2510,27,1450,18,27
"331","2020-05-19",174,4,40,448,3027,0.854971919392137,2100,5565,370,198,38,2548,15,1465,27,15
"332","2020-05-20",165,4,39,456,3027,0.854971919392137,2100,5565,370,198,32,2580,31,1496,26,31
"333","2020-05-21",167,4,46,447,3027,0.854971919392137,2100,5565,370,198,26,2606,36,1532,21,36
"334","2020-05-22",135,4,44,437,3027,0.854971919392137,2100,5565,370,198,38,2644,25,1557,27,25
"335","2020-05-23",146,4,39,409,3027,0.854971919392137,2100,5565,370,198,39,2683,26,1583,25,26
"336","2020-05-24",131,4,40,393,3027,0.854971919392137,2100,5565,370,198,28,2711,17,1600,18,17
"337","2020-05-25",130,4,40,386,3027,0.854971919392137,2100,5565,370,198,28,2739,15,1615,18,15
"338","2020-05-26",129,4,38,380,3027,0.854971919392137,2100,5565,370,198,34,2773,9,1624,28,9
"339","2020-05-27",127,4,31,364,3027,0.854971919392137,2100,5565,370,198,30,2803,19,1643,25,19
"340","2020-05-28",111,4,40,347,3027,0.854971919392137,2100,5565,370,198,28,2831,13,1656,22,13
"341","2020-05-29",130,4,44,348,3027,0.854971919392137,2100,5565,370,198,33,2864,5,1661,26,5
"342","2020-05-30",115,4,45,324,3027,0.854971919392137,2100,5565,370,198,20,2884,6,1667,16,6
"343","2020-05-31",115,4,51,312,3027,0.854971919392137,2100,5565,370,198,19,2903,21,1688,16,21
"344","2020-06-01",108,4,54,306,3027,0.854971919392137,2100,5565,370,198,20,2923,21,1709,19,21
"345","2020-06-02",99,4,50,302,3027,0.854971919392137,2100,5565,370,198,23,2946,17,1726,15,17
"346","2020-06-03",97,4,42,296,3027,0.854971919392137,2100,5565,370,198,25,2971,11,1737,17,11
"347","2020-06-04",105,4,34,295,3027,0.854971919392137,2100,5565,370,198,14,2985,15,1752,10,15
"348","2020-06-05",101,4,38,288,3027,0.854971919392137,2100,5565,370,198,17,3002,16,1768,12,16
"349","2020-06-06",103,4,35,286,3027,0.854971919392137,2100,5565,370,198,24,3026,18,1786,14,18
"350","2020-06-07",82,4,36,280,3027,0.854971919392137,2100,5565,370,198,13,3039,13,1799,9,13
"351","2020-03-13",3,5,15,23,3480,0.827011494252874,1980,5992,386,185,1,9,5,23,NA,5
"352","2020-03-14",4,5,17,28,3480,0.827011494252874,1980,5992,386,185,9,18,6,29,6,6
"353","2020-03-15",8,5,15,39,3480,0.827011494252874,1980,5992,386,185,8,26,4,33,4,4
"354","2020-03-16",10,5,19,47,3480,0.827011494252874,1980,5992,386,185,8,34,5,38,4,5
"355","2020-03-17",12,5,26,59,3480,0.827011494252874,1980,5992,386,185,10,44,9,47,4,9
"356","2020-03-18",15,5,32,68,3480,0.827011494252874,1980,5992,386,185,10,54,10,57,7,10
"357","2020-03-19",19,5,20,76,3480,0.827011494252874,1980,5992,386,185,14,68,10,67,11,10
"358","2020-03-20",20,5,21,94,3480,0.827011494252874,1980,5992,386,185,8,76,5,72,8,5
"359","2020-03-21",29,5,20,101,3480,0.827011494252874,1980,5992,386,185,18,94,6,78,15,6
"360","2020-03-22",27,5,21,118,3480,0.827011494252874,1980,5992,386,185,18,112,4,82,14,4
"361","2020-03-23",24,5,19,125,3480,0.827011494252874,1980,5992,386,185,14,126,15,97,13,15
"362","2020-03-24",26,5,19,149,3480,0.827011494252874,1980,5992,386,185,17,143,11,108,14,11
"363","2020-03-25",28,5,19,153,3480,0.827011494252874,1980,5992,386,185,13,156,18,126,11,18
"364","2020-03-26",26,5,21,171,3480,0.827011494252874,1980,5992,386,185,28,184,13,139,25,13
"365","2020-03-27",44,5,30,187,3480,0.827011494252874,1980,5992,386,185,30,214,9,148,25,9
"366","2020-03-28",61,5,30,198,3480,0.827011494252874,1980,5992,386,185,33,247,14,162,30,14
"367","2020-03-29",57,5,39,211,3480,0.827011494252874,1980,5992,386,185,44,291,13,175,38,13
"368","2020-03-30",55,5,28,222,3480,0.827011494252874,1980,5992,386,185,34,325,12,187,32,12
"369","2020-03-31",57,5,29,243,3480,0.827011494252874,1980,5992,386,185,53,378,12,199,47,12
"370","2020-04-01",61,5,28,256,3480,0.827011494252874,1980,5992,386,185,37,415,14,213,36,14
"371","2020-04-02",67,5,22,276,3480,0.827011494252874,1980,5992,386,185,55,470,16,229,50,16
"372","2020-04-03",71,5,24,303,3480,0.827011494252874,1980,5992,386,185,69,539,13,242,64,13
"373","2020-04-04",67,5,22,327,3480,0.827011494252874,1980,5992,386,185,51,590,17,259,44,17
"374","2020-04-05",80,5,26,341,3480,0.827011494252874,1980,5992,386,185,60,650,14,273,58,14
"375","2020-04-06",91,5,34,371,3480,0.827011494252874,1980,5992,386,185,60,710,8,281,58,8
"376","2020-04-07",102,5,37,387,3480,0.827011494252874,1980,5992,386,185,96,806,13,294,93,13
"377","2020-04-08",106,5,34,411,3480,0.827011494252874,1980,5992,386,185,83,889,14,308,73,14
"378","2020-04-09",124,5,35,436,3480,0.827011494252874,1980,5992,386,185,67,956,10,318,62,10
"379","2020-04-10",127,5,33,435,3480,0.827011494252874,1980,5992,386,185,108,1064,15,333,103,15
"380","2020-04-11",123,5,40,451,3480,0.827011494252874,1980,5992,386,185,105,1169,19,352,101,19
"381","2020-04-12",146,5,40,470,3480,0.827011494252874,1980,5992,386,185,117,1286,19,371,109,19
"382","2020-04-13",141,5,38,479,3480,0.827011494252874,1980,5992,386,185,112,1398,24,395,108,24
"383","2020-04-14",133,5,43,511,3480,0.827011494252874,1980,5992,386,185,98,1496,31,426,92,31
"384","2020-04-15",144,5,46,529,3480,0.827011494252874,1980,5992,386,185,126,1622,17,443,125,17
"385","2020-04-16",132,5,44,548,3480,0.827011494252874,1980,5992,386,185,121,1743,27,470,119,27
"386","2020-04-17",154,5,53,577,3480,0.827011494252874,1980,5992,386,185,117,1860,23,493,115,23
"387","2020-04-18",172,5,53,596,3480,0.827011494252874,1980,5992,386,185,129,1989,24,517,126,24
"388","2020-04-19",161,5,48,620,3480,0.827011494252874,1980,5992,386,185,129,2118,22,539,123,22
"389","2020-04-20",169,5,41,643,3480,0.827011494252874,1980,5992,386,185,142,2260,7,546,141,7
"390","2020-04-21",171,5,46,649,3480,0.827011494252874,1980,5992,386,185,133,2393,19,565,127,19
"391","2020-04-22",177,5,48,672,3480,0.827011494252874,1980,5992,386,185,134,2527,22,587,131,22
"392","2020-04-23",202,5,59,697,3480,0.827011494252874,1980,5992,386,185,147,2674,16,603,143,16
"393","2020-04-24",228,5,62,715,3480,0.827011494252874,1980,5992,386,185,160,2834,24,627,157,24
"394","2020-04-25",261,5,72,724,3480,0.827011494252874,1980,5992,386,185,142,2976,13,640,140,13
"395","2020-04-26",274,5,64,735,3480,0.827011494252874,1980,5992,386,185,171,3147,24,664,171,24
"396","2020-04-27",269,5,49,753,3480,0.827011494252874,1980,5992,386,185,122,3269,18,682,118,18
"397","2020-04-28",267,5,47,729,3480,0.827011494252874,1980,5992,386,185,161,3430,13,695,158,13
"398","2020-04-29",263,5,51,733,3480,0.827011494252874,1980,5992,386,185,106,3536,20,715,104,20
"399","2020-04-30",253,5,59,720,3480,0.827011494252874,1980,5992,386,185,118,3654,21,736,114,21
"400","2020-05-01",296,5,67,702,3480,0.827011494252874,1980,5992,386,185,121,3775,29,765,116,29
"401","2020-05-02",276,5,61,691,3480,0.827011494252874,1980,5992,386,185,141,3916,29,794,141,29
"402","2020-05-03",244,5,66,676,3480,0.827011494252874,1980,5992,386,185,120,4036,41,835,115,41
"403","2020-05-04",240,5,76,668,3480,0.827011494252874,1980,5992,386,185,105,4141,41,876,103,41
"404","2020-05-05",234,5,70,633,3480,0.827011494252874,1980,5992,386,185,125,4266,23,899,119,23
"405","2020-05-06",240,5,70,617,3480,0.827011494252874,1980,5992,386,185,111,4377,31,930,107,31
"406","2020-05-07",236,5,75,593,3480,0.827011494252874,1980,5992,386,185,86,4463,29,959,82,29
"407","2020-05-08",202,5,76,581,3480,0.827011494252874,1980,5992,386,185,62,4525,23,982,59,23
"408","2020-05-09",192,5,69,571,3480,0.827011494252874,1980,5992,386,185,79,4604,22,1004,78,22
"409","2020-05-10",175,5,76,562,3480,0.827011494252874,1980,5992,386,185,69,4673,25,1029,68,25
"410","2020-05-11",181,5,67,556,3480,0.827011494252874,1980,5992,386,185,68,4741,17,1046,65,17
"411","2020-05-12",178,5,63,550,3480,0.827011494252874,1980,5992,386,185,63,4804,31,1077,61,31
"412","2020-05-13",164,5,54,534,3480,0.827011494252874,1980,5992,386,185,50,4854,22,1099,49,22
"413","2020-05-14",155,5,56,532,3480,0.827011494252874,1980,5992,386,185,45,4899,18,1117,44,18
"414","2020-05-15",155,5,58,531,3480,0.827011494252874,1980,5992,386,185,49,4948,24,1141,47,24
"415","2020-05-16",192,5,60,517,3480,0.827011494252874,1980,5992,386,185,39,4987,37,1178,39,37
"416","2020-05-17",192,5,47,524,3480,0.827011494252874,1980,5992,386,185,29,5016,34,1212,25,34
"417","2020-05-18",178,5,54,511,3480,0.827011494252874,1980,5992,386,185,24,5040,19,1231,24,19
"418","2020-05-19",186,5,48,503,3480,0.827011494252874,1980,5992,386,185,37,5077,16,1247,36,16
"419","2020-05-20",184,5,52,492,3480,0.827011494252874,1980,5992,386,185,28,5105,23,1270,25,23
"420","2020-05-21",187,5,59,498,3480,0.827011494252874,1980,5992,386,185,29,5134,19,1289,27,19
"421","2020-05-22",200,5,47,467,3480,0.827011494252874,1980,5992,386,185,19,5153,13,1302,18,13
"422","2020-05-23",180,5,41,446,3480,0.827011494252874,1980,5992,386,185,21,5174,12,1314,20,12
"423","2020-05-24",166,5,45,423,3480,0.827011494252874,1980,5992,386,185,27,5201,7,1321,25,7
"424","2020-05-25",163,5,36,418,3480,0.827011494252874,1980,5992,386,185,9,5210,10,1331,8,10
"425","2020-05-26",147,5,32,404,3480,0.827011494252874,1980,5992,386,185,15,5225,10,1341,14,10
"426","2020-05-27",142,5,32,390,3480,0.827011494252874,1980,5992,386,185,13,5238,13,1354,12,13
"427","2020-05-28",138,5,31,365,3480,0.827011494252874,1980,5992,386,185,12,5250,6,1360,8,6
"428","2020-05-29",150,5,29,339,3480,0.827011494252874,1980,5992,386,185,4,5254,6,1366,3,6
"429","2020-05-30",145,5,35,329,3480,0.827011494252874,1980,5992,386,185,11,5265,10,1376,10,10
"430","2020-05-31",131,5,40,323,3480,0.827011494252874,1980,5992,386,185,9,5274,10,1386,8,10
"431","2020-06-01",114,5,41,307,3480,0.827011494252874,1980,5992,386,185,5,5279,9,1395,5,9
"432","2020-06-02",108,5,39,297,3480,0.827011494252874,1980,5992,386,185,5,5284,6,1401,4,6
"433","2020-06-03",107,5,37,274,3480,0.827011494252874,1980,5992,386,185,6,5290,6,1407,5,6
"434","2020-06-04",107,5,33,274,3480,0.827011494252874,1980,5992,386,185,1,5291,4,1411,1,4
"435","2020-06-05",98,5,33,260,3480,0.827011494252874,1980,5992,386,185,9,5300,11,1422,8,11
"436","2020-06-06",97,5,32,242,3480,0.827011494252874,1980,5992,386,185,2,5302,11,1433,2,11
"437","2020-06-07",93,5,30,229,3480,0.827011494252874,1980,5992,386,185,4,5306,13,1446,3,13
"438","2020-03-08",1,6,0,0,2998,0.853569046030687,2025,5347,292,380,NA,NA,NA,NA,NA,NA
"439","2020-03-09",1,6,0,0,2998,0.853569046030687,2025,5347,292,380,NA,NA,NA,NA,NA,NA
"440","2020-03-10",0,6,0,0,2998,0.853569046030687,2025,5347,292,380,NA,NA,NA,NA,NA,NA
"441","2020-03-11",0,6,0,0,2998,0.853569046030687,2025,5347,292,380,8,8,7,7,NA,7
"442","2020-03-12",1,6,24,14,2998,0.853569046030687,2025,5347,292,380,7,15,3,10,1,3
"443","2020-03-13",1,6,25,21,2998,0.853569046030687,2025,5347,292,380,4,19,4,14,NA,4
"444","2020-03-14",2,6,26,29,2998,0.853569046030687,2025,5347,292,380,14,33,5,19,3,5
"445","2020-03-15",2,6,23,40,2998,0.853569046030687,2025,5347,292,380,11,44,4,23,4,4
"446","2020-03-16",3,6,27,53,2998,0.853569046030687,2025,5347,292,380,13,57,NA,NA,4,NA
"447","2020-03-17",5,6,33,61,2998,0.853569046030687,2025,5347,292,380,12,69,1,24,7,1
"448","2020-03-18",7,6,43,71,2998,0.853569046030687,2025,5347,292,380,9,78,9,33,6,9
"449","2020-03-19",10,6,45,89,2998,0.853569046030687,2025,5347,292,380,13,91,6,39,10,6
"450","2020-03-20",15,6,42,106,2998,0.853569046030687,2025,5347,292,380,13,104,3,42,10,3
"451","2020-03-21",20,6,49,125,2998,0.853569046030687,2025,5347,292,380,28,132,5,47,17,5
"452","2020-03-22",22,6,51,163,2998,0.853569046030687,2025,5347,292,380,22,154,4,51,17,4
"453","2020-03-23",25,6,54,175,2998,0.853569046030687,2025,5347,292,380,23,177,5,56,16,5
"454","2020-03-24",31,6,52,191,2998,0.853569046030687,2025,5347,292,380,29,206,6,62,21,6
"455","2020-03-25",39,6,44,206,2998,0.853569046030687,2025,5347,292,380,28,234,5,67,19,5
"456","2020-03-26",43,6,53,217,2998,0.853569046030687,2025,5347,292,380,29,263,7,74,24,7
"457","2020-03-27",48,6,63,241,2998,0.853569046030687,2025,5347,292,380,24,287,17,91,17,17
"458","2020-03-28",54,6,72,275,2998,0.853569046030687,2025,5347,292,380,37,324,13,104,24,13
"459","2020-03-29",64,6,66,295,2998,0.853569046030687,2025,5347,292,380,30,354,7,111,23,7
"460","2020-03-30",64,6,62,313,2998,0.853569046030687,2025,5347,292,380,33,387,1,112,26,1
"461","2020-03-31",65,6,65,321,2998,0.853569046030687,2025,5347,292,380,26,413,6,118,17,6
"462","2020-04-01",65,6,68,339,2998,0.853569046030687,2025,5347,292,380,51,464,10,128,43,10
"463","2020-04-02",73,6,63,352,2998,0.853569046030687,2025,5347,292,380,26,490,12,140,23,12
"464","2020-04-03",83,6,56,365,2998,0.853569046030687,2025,5347,292,380,46,536,19,159,39,19
"465","2020-04-04",98,6,46,377,2998,0.853569046030687,2025,5347,292,380,50,586,8,167,43,8
"466","2020-04-05",111,6,55,383,2998,0.853569046030687,2025,5347,292,380,45,631,13,180,39,13
"467","2020-04-06",120,6,51,401,2998,0.853569046030687,2025,5347,292,380,58,689,8,188,51,8
"468","2020-04-07",120,6,50,406,2998,0.853569046030687,2025,5347,292,380,55,744,7,195,45,7
"469","2020-04-08",121,6,54,414,2998,0.853569046030687,2025,5347,292,380,56,800,9,204,46,9
"470","2020-04-09",120,6,67,423,2998,0.853569046030687,2025,5347,292,380,53,853,13,217,40,13
"471","2020-04-10",157,6,65,440,2998,0.853569046030687,2025,5347,292,380,66,919,13,230,55,13
"472","2020-04-11",153,6,84,450,2998,0.853569046030687,2025,5347,292,380,72,991,20,250,62,20
"473","2020-04-12",153,6,75,449,2998,0.853569046030687,2025,5347,292,380,56,1047,13,263,51,13
"474","2020-04-13",156,6,71,460,2998,0.853569046030687,2025,5347,292,380,57,1104,15,278,52,15
"475","2020-04-14",151,6,68,481,2998,0.853569046030687,2025,5347,292,380,83,1187,17,295,75,17
"476","2020-04-15",156,6,74,492,2998,0.853569046030687,2025,5347,292,380,70,1257,26,321,59,26
"477","2020-04-16",164,6,78,506,2998,0.853569046030687,2025,5347,292,380,68,1325,20,341,61,20
"478","2020-04-17",165,6,70,519,2998,0.853569046030687,2025,5347,292,380,67,1392,3,344,57,3
"479","2020-04-18",167,6,62,524,2998,0.853569046030687,2025,5347,292,380,74,1466,28,372,63,28
"480","2020-04-19",183,6,55,512,2998,0.853569046030687,2025,5347,292,380,65,1531,24,396,50,24
"481","2020-04-20",170,6,55,502,2998,0.853569046030687,2025,5347,292,380,66,1597,23,419,56,23
"482","2020-04-21",157,6,48,506,2998,0.853569046030687,2025,5347,292,380,73,1670,25,444,68,25
"483","2020-04-22",161,6,41,515,2998,0.853569046030687,2025,5347,292,380,75,1745,41,485,65,41
"484","2020-04-23",156,6,44,520,2998,0.853569046030687,2025,5347,292,380,74,1819,18,503,63,18
"485","2020-04-24",172,6,57,504,2998,0.853569046030687,2025,5347,292,380,73,1892,27,530,67,27
"486","2020-04-25",194,6,81,504,2998,0.853569046030687,2025,5347,292,380,83,1975,19,549,78,19
"487","2020-04-26",165,6,78,514,2998,0.853569046030687,2025,5347,292,380,61,2036,22,571,52,22
"488","2020-04-27",162,6,70,514,2998,0.853569046030687,2025,5347,292,380,75,2111,26,597,64,26
"489","2020-04-28",167,6,68,510,2998,0.853569046030687,2025,5347,292,380,79,2190,10,607,72,10
"490","2020-04-29",165,6,57,525,2998,0.853569046030687,2025,5347,292,380,48,2238,16,623,42,16
"491","2020-04-30",162,6,69,512,2998,0.853569046030687,2025,5347,292,380,62,2300,24,647,57,24
"492","2020-05-01",169,6,82,520,2998,0.853569046030687,2025,5347,292,380,70,2370,23,670,61,23
"493","2020-05-02",157,6,91,529,2998,0.853569046030687,2025,5347,292,380,62,2432,13,683,61,13
"494","2020-05-03",172,6,86,531,2998,0.853569046030687,2025,5347,292,380,48,2480,40,723,45,40
"495","2020-05-04",179,6,86,518,2998,0.853569046030687,2025,5347,292,380,47,2527,18,741,38,18
"496","2020-05-05",171,6,76,513,2998,0.853569046030687,2025,5347,292,380,41,2568,21,762,36,21
"497","2020-05-06",168,6,63,510,2998,0.853569046030687,2025,5347,292,380,58,2626,24,786,54,24
"498","2020-05-07",176,6,72,509,2998,0.853569046030687,2025,5347,292,380,47,2673,22,808,37,22
"499","2020-05-08",177,6,83,490,2998,0.853569046030687,2025,5347,292,380,49,2722,30,838,43,30
"500","2020-05-09",180,6,93,461,2998,0.853569046030687,2025,5347,292,380,43,2765,17,855,32,17
"501","2020-05-10",164,6,114,452,2998,0.853569046030687,2025,5347,292,380,36,2801,20,875,30,20
"502","2020-05-11",158,6,114,441,2998,0.853569046030687,2025,5347,292,380,44,2845,9,884,36,9
"503","2020-05-12",150,6,118,426,2998,0.853569046030687,2025,5347,292,380,47,2892,13,897,40,13
"504","2020-05-13",152,6,114,417,2998,0.853569046030687,2025,5347,292,380,35,2927,9,906,33,9
"505","2020-05-14",145,6,118,399,2998,0.853569046030687,2025,5347,292,380,36,2963,18,924,29,18
"506","2020-05-15",149,6,113,373,2998,0.853569046030687,2025,5347,292,380,29,2992,9,933,24,9
"507","2020-05-16",164,6,93,366,2998,0.853569046030687,2025,5347,292,380,31,3023,17,950,25,17
"508","2020-05-17",152,6,93,359,2998,0.853569046030687,2025,5347,292,380,33,3056,9,959,28,9
"509","2020-05-18",139,6,70,337,2998,0.853569046030687,2025,5347,292,380,30,3086,10,969,25,10
"510","2020-05-19",131,6,69,328,2998,0.853569046030687,2025,5347,292,380,36,3122,9,978,31,9
"511","2020-05-20",122,6,79,330,2998,0.853569046030687,2025,5347,292,380,30,3152,12,990,24,12
"512","2020-05-21",117,6,97,318,2998,0.853569046030687,2025,5347,292,380,33,3185,15,1005,29,15
"513","2020-05-22",123,6,98,317,2998,0.853569046030687,2025,5347,292,380,38,3223,9,1014,33,9
"514","2020-05-23",110,6,94,314,2998,0.853569046030687,2025,5347,292,380,26,3249,13,1027,22,13
"515","2020-05-24",101,6,89,299,2998,0.853569046030687,2025,5347,292,380,26,3275,14,1041,24,14
"516","2020-05-25",96,6,76,293,2998,0.853569046030687,2025,5347,292,380,27,3302,12,1053,22,12
"517","2020-05-26",101,6,71,285,2998,0.853569046030687,2025,5347,292,380,36,3338,15,1068,30,15
"518","2020-05-27",104,6,66,286,2998,0.853569046030687,2025,5347,292,380,17,3355,15,1083,14,15
"519","2020-05-28",109,6,72,275,2998,0.853569046030687,2025,5347,292,380,34,3389,14,1097,32,14
"520","2020-05-29",92,6,70,270,2998,0.853569046030687,2025,5347,292,380,25,3414,14,1111,20,14
"521","2020-05-30",84,6,66,271,2998,0.853569046030687,2025,5347,292,380,18,3432,10,1121,13,10
"522","2020-05-31",88,6,52,261,2998,0.853569046030687,2025,5347,292,380,18,3450,8,1129,18,8
"523","2020-06-01",89,6,60,265,2998,0.853569046030687,2025,5347,292,380,22,3472,16,1145,19,16
"524","2020-06-02",85,6,55,263,2998,0.853569046030687,2025,5347,292,380,22,3494,5,1150,20,5
"525","2020-06-03",84,6,62,259,2998,0.853569046030687,2025,5347,292,380,16,3510,11,1161,13,11
"526","2020-06-04",80,6,66,248,2998,0.853569046030687,2025,5347,292,380,12,3522,8,1169,11,8
"527","2020-06-05",83,6,63,250,2998,0.853569046030687,2025,5347,292,380,12,3534,4,1173,8,4
"528","2020-06-06",82,6,53,236,2998,0.853569046030687,2025,5347,292,380,16,3550,2,1175,13,2
"529","2020-06-07",81,6,58,226,2998,0.853569046030687,2025,5347,292,380,11,3561,9,1184,11,9
"530","2020-03-08",1,7,0,0,2741,0.58445822692448,1935,4994,273,170,NA,NA,NA,NA,NA,NA
"531","2020-03-09",1,7,0,0,2741,0.58445822692448,1935,4994,273,170,NA,NA,NA,NA,NA,NA
"532","2020-03-10",0,7,0,0,2741,0.58445822692448,1935,4994,273,170,NA,NA,NA,NA,NA,NA
"533","2020-03-11",0,7,0,0,2741,0.58445822692448,1935,4994,273,170,4,4,8,8,NA,8
"534","2020-03-12",1,7,10,32,2741,0.58445822692448,1935,4994,273,170,2,6,7,15,NA,7
"535","2020-03-13",1,7,11,48,2741,0.58445822692448,1935,4994,273,170,8,14,6,21,NA,6
"536","2020-03-14",7,7,12,65,2741,0.58445822692448,1935,4994,273,170,9,23,1,22,2,1
"537","2020-03-15",9,7,17,88,2741,0.58445822692448,1935,4994,273,170,3,26,NA,NA,2,NA
"538","2020-03-16",10,7,17,109,2741,0.58445822692448,1935,4994,273,170,4,30,1,23,1,1
"539","2020-03-17",15,7,24,130,2741,0.58445822692448,1935,4994,273,170,9,39,7,30,5,7
"540","2020-03-18",21,7,28,156,2741,0.58445822692448,1935,4994,273,170,3,42,13,43,3,13
"541","2020-03-19",25,7,32,172,2741,0.58445822692448,1935,4994,273,170,12,54,4,47,9,4
"542","2020-03-20",37,7,32,194,2741,0.58445822692448,1935,4994,273,170,13,67,8,55,11,8
"543","2020-03-21",49,7,32,214,2741,0.58445822692448,1935,4994,273,170,10,77,2,57,8,2
"544","2020-03-22",55,7,32,244,2741,0.58445822692448,1935,4994,273,170,11,88,5,62,8,5
"545","2020-03-23",59,7,28,259,2741,0.58445822692448,1935,4994,273,170,20,108,2,64,19,2
"546","2020-03-24",64,7,29,271,2741,0.58445822692448,1935,4994,273,170,11,119,5,69,10,5
"547","2020-03-25",63,7,35,292,2741,0.58445822692448,1935,4994,273,170,22,141,6,75,18,6
"548","2020-03-26",64,7,33,306,2741,0.58445822692448,1935,4994,273,170,16,157,10,85,12,10
"549","2020-03-27",87,7,36,315,2741,0.58445822692448,1935,4994,273,170,25,182,14,99,20,14
"550","2020-03-28",90,7,37,324,2741,0.58445822692448,1935,4994,273,170,23,205,10,109,20,10
"551","2020-03-29",100,7,36,331,2741,0.58445822692448,1935,4994,273,170,16,221,5,114,15,5
"552","2020-03-30",103,7,44,339,2741,0.58445822692448,1935,4994,273,170,25,246,6,120,24,6
"553","2020-03-31",99,7,44,334,2741,0.58445822692448,1935,4994,273,170,26,272,7,127,21,7
"554","2020-04-01",106,7,38,353,2741,0.58445822692448,1935,4994,273,170,22,294,2,129,20,2
"555","2020-04-02",112,7,32,346,2741,0.58445822692448,1935,4994,273,170,18,312,9,138,15,9
"556","2020-04-03",105,7,30,361,2741,0.58445822692448,1935,4994,273,170,39,351,11,149,32,11
"557","2020-04-04",106,7,28,366,2741,0.58445822692448,1935,4994,273,170,37,388,14,163,31,14
"558","2020-04-05",101,7,26,373,2741,0.58445822692448,1935,4994,273,170,33,421,20,183,30,20
"559","2020-04-06",103,7,26,404,2741,0.58445822692448,1935,4994,273,170,34,455,7,190,31,7
"560","2020-04-07",107,7,38,412,2741,0.58445822692448,1935,4994,273,170,33,488,9,199,32,9
"561","2020-04-08",118,7,32,411,2741,0.58445822692448,1935,4994,273,170,42,530,12,211,36,12
"562","2020-04-09",124,7,32,422,2741,0.58445822692448,1935,4994,273,170,38,568,26,237,35,26
"563","2020-04-10",130,7,42,420,2741,0.58445822692448,1935,4994,273,170,47,615,12,249,46,12
"564","2020-04-11",131,7,58,411,2741,0.58445822692448,1935,4994,273,170,48,663,9,258,44,9
"565","2020-04-12",137,7,75,409,2741,0.58445822692448,1935,4994,273,170,52,715,8,266,49,8
"566","2020-04-13",130,7,74,416,2741,0.58445822692448,1935,4994,273,170,53,768,5,271,47,5
"567","2020-04-14",123,7,66,415,2741,0.58445822692448,1935,4994,273,170,79,847,3,274,73,3
"568","2020-04-15",114,7,65,423,2741,0.58445822692448,1935,4994,273,170,55,902,5,279,51,5
"569","2020-04-16",118,7,60,428,2741,0.58445822692448,1935,4994,273,170,96,998,13,292,92,13
"570","2020-04-17",126,7,63,432,2741,0.58445822692448,1935,4994,273,170,73,1071,2,294,67,2
"571","2020-04-18",148,7,67,450,2741,0.58445822692448,1935,4994,273,170,95,1166,7,301,90,7
"572","2020-04-19",131,7,60,444,2741,0.58445822692448,1935,4994,273,170,92,1258,13,314,82,13
"573","2020-04-20",129,7,56,448,2741,0.58445822692448,1935,4994,273,170,92,1350,24,338,89,24
"574","2020-04-21",139,7,54,456,2741,0.58445822692448,1935,4994,273,170,100,1450,17,355,93,17
"575","2020-04-22",143,7,69,465,2741,0.58445822692448,1935,4994,273,170,85,1535,10,365,81,10
"576","2020-04-23",133,7,64,478,2741,0.58445822692448,1935,4994,273,170,86,1621,10,375,84,10
"577","2020-04-24",161,7,70,480,2741,0.58445822692448,1935,4994,273,170,97,1718,7,382,94,7
"578","2020-04-25",162,7,56,482,2741,0.58445822692448,1935,4994,273,170,103,1821,14,396,94,14
"579","2020-04-26",152,7,55,481,2741,0.58445822692448,1935,4994,273,170,90,1911,22,418,87,22
"580","2020-04-27",142,7,54,478,2741,0.58445822692448,1935,4994,273,170,98,2009,22,440,97,22
"581","2020-04-28",137,7,57,479,2741,0.58445822692448,1935,4994,273,170,96,2105,19,459,96,19
"582","2020-04-29",142,7,53,476,2741,0.58445822692448,1935,4994,273,170,98,2203,11,470,93,11
"583","2020-04-30",149,7,54,482,2741,0.58445822692448,1935,4994,273,170,113,2316,4,474,111,4
"584","2020-05-01",152,7,50,477,2741,0.58445822692448,1935,4994,273,170,89,2405,9,483,85,9
"585","2020-05-02",150,7,49,458,2741,0.58445822692448,1935,4994,273,170,79,2484,13,496,75,13
"586","2020-05-03",160,7,57,447,2741,0.58445822692448,1935,4994,273,170,90,2574,24,520,88,24
"587","2020-05-04",164,7,56,438,2741,0.58445822692448,1935,4994,273,170,98,2672,19,539,93,19
"588","2020-05-05",159,7,55,420,2741,0.58445822692448,1935,4994,273,170,69,2741,8,547,64,8
"589","2020-05-06",153,7,49,416,2741,0.58445822692448,1935,4994,273,170,77,2818,19,566,69,19
"590","2020-05-07",152,7,38,422,2741,0.58445822692448,1935,4994,273,170,81,2899,24,590,76,24
"591","2020-05-08",152,7,45,392,2741,0.58445822692448,1935,4994,273,170,78,2977,13,603,77,13
"592","2020-05-09",146,7,45,379,2741,0.58445822692448,1935,4994,273,170,77,3054,8,611,73,8
"593","2020-05-10",146,7,44,363,2741,0.58445822692448,1935,4994,273,170,62,3116,23,634,57,23
"594","2020-05-11",140,7,41,362,2741,0.58445822692448,1935,4994,273,170,88,3204,16,650,80,16
"595","2020-05-12",137,7,40,345,2741,0.58445822692448,1935,4994,273,170,76,3280,10,660,73,10
"596","2020-05-13",128,7,55,347,2741,0.58445822692448,1935,4994,273,170,82,3362,16,676,81,16
"597","2020-05-14",120,7,50,317,2741,0.58445822692448,1935,4994,273,170,69,3431,12,688,66,12
"598","2020-05-15",110,7,49,312,2741,0.58445822692448,1935,4994,273,170,72,3503,5,693,69,5
"599","2020-05-16",118,7,51,305,2741,0.58445822692448,1935,4994,273,170,66,3569,5,698,66,5
"600","2020-05-17",98,7,49,304,2741,0.58445822692448,1935,4994,273,170,55,3624,10,708,53,10
"601","2020-05-18",105,7,44,294,2741,0.58445822692448,1935,4994,273,170,53,3677,7,715,52,7
"602","2020-05-19",101,7,49,288,2741,0.58445822692448,1935,4994,273,170,55,3732,4,719,53,4
"603","2020-05-20",105,7,49,284,2741,0.58445822692448,1935,4994,273,170,50,3782,21,740,47,21
"604","2020-05-21",109,7,54,275,2741,0.58445822692448,1935,4994,273,170,45,3827,5,745,40,5
"605","2020-05-22",116,7,47,276,2741,0.58445822692448,1935,4994,273,170,51,3878,5,750,49,5
"606","2020-05-23",111,7,47,265,2741,0.58445822692448,1935,4994,273,170,39,3917,13,763,39,13
"607","2020-05-24",105,7,48,253,2741,0.58445822692448,1935,4994,273,170,32,3949,13,776,32,13
"608","2020-05-25",93,7,45,239,2741,0.58445822692448,1935,4994,273,170,33,3982,8,784,30,8
"609","2020-05-26",81,7,49,238,2741,0.58445822692448,1935,4994,273,170,42,4024,11,795,38,11
"610","2020-05-27",79,7,48,238,2741,0.58445822692448,1935,4994,273,170,30,4054,12,807,28,12
"611","2020-05-28",76,7,41,235,2741,0.58445822692448,1935,4994,273,170,26,4080,6,813,25,6
"612","2020-05-29",80,7,35,225,2741,0.58445822692448,1935,4994,273,170,20,4100,19,832,20,19
"613","2020-05-30",82,7,32,206,2741,0.58445822692448,1935,4994,273,170,37,4137,7,839,34,7
"614","2020-05-31",77,7,27,205,2741,0.58445822692448,1935,4994,273,170,28,4165,3,842,27,3
"615","2020-06-01",71,7,28,203,2741,0.58445822692448,1935,4994,273,170,27,4192,3,845,25,3
"616","2020-06-02",80,7,24,192,2741,0.58445822692448,1935,4994,273,170,24,4216,3,848,22,3
"617","2020-06-03",81,7,27,179,2741,0.58445822692448,1935,4994,273,170,15,4231,4,852,14,4
"618","2020-06-04",76,7,28,170,2741,0.58445822692448,1935,4994,273,170,22,4253,3,855,21,3
"619","2020-06-05",66,7,20,166,2741,0.58445822692448,1935,4994,273,170,18,4271,2,857,17,2
"620","2020-06-06",55,7,15,153,2741,0.58445822692448,1935,4994,273,170,21,4292,2,859,19,2
"621","2020-06-07",60,7,21,142,2741,0.58445822692448,1935,4994,273,170,16,4308,5,864,15,5
"622","2020-03-08",1,8,0,0,3388,0.770956316410862,2115,5944,388,546,NA,NA,NA,NA,NA,NA
"623","2020-03-09",1,8,0,0,3388,0.770956316410862,2115,5944,388,546,NA,NA,NA,NA,NA,NA
"624","2020-03-10",0,8,0,0,3388,0.770956316410862,2115,5944,388,546,NA,NA,NA,NA,NA,NA
"625","2020-03-11",0,8,0,0,3388,0.770956316410862,2115,5944,388,546,4,4,3,3,NA,3
"626","2020-03-12",0,8,0,0,3388,0.770956316410862,2115,5944,388,546,5,9,7,10,NA,7
"627","2020-03-13",0,8,0,0,3388,0.770956316410862,2115,5944,388,546,10,19,4,14,NA,4
"628","2020-03-14",2,8,33,30,3388,0.770956316410862,2115,5944,388,546,2,21,1,15,NA,1
"629","2020-03-15",2,8,41,40,3388,0.770956316410862,2115,5944,388,546,12,33,1,16,2,1
"630","2020-03-16",3,8,42,57,3388,0.770956316410862,2115,5944,388,546,2,35,NA,NA,NA,NA
"631","2020-03-17",6,8,46,66,3388,0.770956316410862,2115,5944,388,546,9,44,1,17,4,1
"632","2020-03-18",9,8,59,79,3388,0.770956316410862,2115,5944,388,546,8,52,5,22,4,5
"633","2020-03-19",10,8,67,93,3388,0.770956316410862,2115,5944,388,546,14,66,3,25,2,3
"634","2020-03-20",16,8,66,110,3388,0.770956316410862,2115,5944,388,546,5,71,3,28,3,3
"635","2020-03-21",27,8,67,128,3388,0.770956316410862,2115,5944,388,546,19,90,2,30,10,2
"636","2020-03-22",28,8,71,141,3388,0.770956316410862,2115,5944,388,546,5,95,6,36,3,6
"637","2020-03-23",30,8,70,159,3388,0.770956316410862,2115,5944,388,546,17,112,8,44,8,8
"638","2020-03-24",30,8,75,178,3388,0.770956316410862,2115,5944,388,546,18,130,4,48,10,4
"639","2020-03-25",33,8,89,202,3388,0.770956316410862,2115,5944,388,546,14,144,5,53,4,5
"640","2020-03-26",32,8,91,227,3388,0.770956316410862,2115,5944,388,546,17,161,4,57,9,4
"641","2020-03-27",51,8,92,237,3388,0.770956316410862,2115,5944,388,546,21,182,3,60,16,3
"642","2020-03-28",61,8,101,257,3388,0.770956316410862,2115,5944,388,546,16,198,4,64,10,4
"643","2020-03-29",63,8,108,278,3388,0.770956316410862,2115,5944,388,546,19,217,2,66,16,2
"644","2020-03-30",68,8,121,295,3388,0.770956316410862,2115,5944,388,546,32,249,12,78,13,12
"645","2020-03-31",80,8,119,315,3388,0.770956316410862,2115,5944,388,546,24,273,4,82,16,4
"646","2020-04-01",89,8,126,337,3388,0.770956316410862,2115,5944,388,546,21,294,3,85,16,3
"647","2020-04-02",99,8,130,356,3388,0.770956316410862,2115,5944,388,546,24,318,1,86,16,1
"648","2020-04-03",103,8,119,376,3388,0.770956316410862,2115,5944,388,546,21,339,4,90,13,4
"649","2020-04-04",117,8,118,398,3388,0.770956316410862,2115,5944,388,546,32,371,2,92,26,2
"650","2020-04-05",126,8,115,426,3388,0.770956316410862,2115,5944,388,546,35,406,12,104,18,12
"651","2020-04-06",114,8,110,455,3388,0.770956316410862,2115,5944,388,546,22,428,9,113,13,9
"652","2020-04-07",109,8,113,475,3388,0.770956316410862,2115,5944,388,546,25,453,7,120,20,7
"653","2020-04-08",109,8,125,499,3388,0.770956316410862,2115,5944,388,546,22,475,3,123,13,3
"654","2020-04-09",123,8,146,493,3388,0.770956316410862,2115,5944,388,546,26,501,13,136,17,13
"655","2020-04-10",152,8,147,517,3388,0.770956316410862,2115,5944,388,546,20,521,8,144,15,8
"656","2020-04-11",156,8,154,538,3388,0.770956316410862,2115,5944,388,546,25,546,7,151,17,7
"657","2020-04-12",148,8,155,557,3388,0.770956316410862,2115,5944,388,546,31,577,7,158,25,7
"658","2020-04-13",159,8,149,561,3388,0.770956316410862,2115,5944,388,546,32,609,6,164,23,6
"659","2020-04-14",156,8,147,572,3388,0.770956316410862,2115,5944,388,546,30,639,1,165,20,1
"660","2020-04-15",172,8,145,565,3388,0.770956316410862,2115,5944,388,546,26,665,13,178,19,13
"661","2020-04-16",169,8,162,556,3388,0.770956316410862,2115,5944,388,546,33,698,15,193,24,15
"662","2020-04-17",172,8,154,575,3388,0.770956316410862,2115,5944,388,546,28,726,6,199,22,6
"663","2020-04-18",164,8,158,564,3388,0.770956316410862,2115,5944,388,546,37,763,8,207,22,8
"664","2020-04-19",175,8,170,576,3388,0.770956316410862,2115,5944,388,546,31,794,4,211,25,4
"665","2020-04-20",165,8,187,585,3388,0.770956316410862,2115,5944,388,546,32,826,9,220,23,9
"666","2020-04-21",172,8,207,581,3388,0.770956316410862,2115,5944,388,546,27,853,8,228,20,8
"667","2020-04-22",168,8,211,568,3388,0.770956316410862,2115,5944,388,546,31,884,15,243,24,15
"668","2020-04-23",162,8,198,579,3388,0.770956316410862,2115,5944,388,546,34,918,15,258,20,15
"669","2020-04-24",180,8,175,578,3388,0.770956316410862,2115,5944,388,546,32,950,10,268,23,10
"670","2020-04-25",192,8,184,574,3388,0.770956316410862,2115,5944,388,546,52,1002,11,279,32,11
"671","2020-04-26",197,8,169,570,3388,0.770956316410862,2115,5944,388,546,19,1021,3,282,12,3
"672","2020-04-27",210,8,162,569,3388,0.770956316410862,2115,5944,388,546,28,1049,12,294,23,12
"673","2020-04-28",193,8,153,569,3388,0.770956316410862,2115,5944,388,546,35,1084,7,301,28,7
"674","2020-04-29",183,8,149,565,3388,0.770956316410862,2115,5944,388,546,39,1123,2,303,29,2
"675","2020-04-30",180,8,153,561,3388,0.770956316410862,2115,5944,388,546,42,1165,6,309,33,6
"676","2020-05-01",195,8,150,546,3388,0.770956316410862,2115,5944,388,546,34,1199,3,312,27,3
"677","2020-05-02",195,8,148,551,3388,0.770956316410862,2115,5944,388,546,24,1223,15,327,13,15
"678","2020-05-03",176,8,159,553,3388,0.770956316410862,2115,5944,388,546,43,1266,5,332,28,5
"679","2020-05-04",161,8,167,544,3388,0.770956316410862,2115,5944,388,546,32,1298,7,339,25,7
"680","2020-05-05",159,8,197,536,3388,0.770956316410862,2115,5944,388,546,34,1332,12,351,26,12
"681","2020-05-06",160,8,196,522,3388,0.770956316410862,2115,5944,388,546,36,1368,11,362,29,11
"682","2020-05-07",171,8,201,530,3388,0.770956316410862,2115,5944,388,546,34,1402,17,379,26,17
"683","2020-05-08",171,8,199,537,3388,0.770956316410862,2115,5944,388,546,35,1437,13,392,29,13
"684","2020-05-09",162,8,183,543,3388,0.770956316410862,2115,5944,388,546,32,1469,22,414,21,22
"685","2020-05-10",185,8,184,534,3388,0.770956316410862,2115,5944,388,546,27,1496,9,423,20,9
"686","2020-05-11",187,8,202,512,3388,0.770956316410862,2115,5944,388,546,25,1521,15,438,19,15
"687","2020-05-12",178,8,201,520,3388,0.770956316410862,2115,5944,388,546,32,1553,3,441,23,3
"688","2020-05-13",181,8,185,512,3388,0.770956316410862,2115,5944,388,546,16,1569,15,456,12,15
"689","2020-05-14",174,8,184,508,3388,0.770956316410862,2115,5944,388,546,30,1599,15,471,21,15
"690","2020-05-15",179,8,174,496,3388,0.770956316410862,2115,5944,388,546,16,1615,22,493,12,22
"691","2020-05-16",186,8,169,491,3388,0.770956316410862,2115,5944,388,546,17,1632,10,503,12,10
"692","2020-05-17",175,8,160,489,3388,0.770956316410862,2115,5944,388,546,21,1653,5,508,15,5
"693","2020-05-18",173,8,153,475,3388,0.770956316410862,2115,5944,388,546,22,1675,6,514,14,6
"694","2020-05-19",168,8,159,474,3388,0.770956316410862,2115,5944,388,546,16,1691,7,521,13,7
"695","2020-05-20",161,8,153,452,3388,0.770956316410862,2115,5944,388,546,30,1721,10,531,25,10
"696","2020-05-21",171,8,140,441,3388,0.770956316410862,2115,5944,388,546,18,1739,9,540,12,9
"697","2020-05-22",166,8,139,427,3388,0.770956316410862,2115,5944,388,546,20,1759,4,544,14,4
"698","2020-05-23",161,8,133,415,3388,0.770956316410862,2115,5944,388,546,28,1787,3,547,19,3
"699","2020-05-24",156,8,126,411,3388,0.770956316410862,2115,5944,388,546,22,1809,8,555,15,8
"700","2020-05-25",151,8,133,392,3388,0.770956316410862,2115,5944,388,546,11,1820,4,559,8,4
"701","2020-05-26",153,8,138,380,3388,0.770956316410862,2115,5944,388,546,18,1838,7,566,11,7
"702","2020-05-27",149,8,127,362,3388,0.770956316410862,2115,5944,388,546,18,1856,7,573,11,7
"703","2020-05-28",141,8,120,349,3388,0.770956316410862,2115,5944,388,546,26,1882,7,580,17,7
"704","2020-05-29",140,8,127,335,3388,0.770956316410862,2115,5944,388,546,17,1899,9,589,12,9
"705","2020-05-30",148,8,110,313,3388,0.770956316410862,2115,5944,388,546,17,1916,5,594,12,5
"706","2020-05-31",123,8,116,302,3388,0.770956316410862,2115,5944,388,546,21,1937,7,601,15,7
"707","2020-06-01",119,8,127,285,3388,0.770956316410862,2115,5944,388,546,15,1952,9,610,10,9
"708","2020-06-02",108,8,121,266,3388,0.770956316410862,2115,5944,388,546,12,1964,11,621,7,11
"709","2020-06-03",108,8,122,258,3388,0.770956316410862,2115,5944,388,546,13,1977,11,632,10,11
"710","2020-06-04",95,8,129,248,3388,0.770956316410862,2115,5944,388,546,11,1988,7,639,9,7
"711","2020-06-05",95,8,136,247,3388,0.770956316410862,2115,5944,388,546,17,2005,4,643,12,4
"712","2020-06-06",89,8,133,218,3388,0.770956316410862,2115,5944,388,546,11,2016,9,652,7,9
"713","2020-06-07",84,8,130,225,3388,0.770956316410862,2115,5944,388,546,11,2027,5,657,8,5
"714","2020-03-07",1,9,0,0,5352,0.978699551569507,2025,7336,558,275,NA,NA,NA,NA,NA,NA
"715","2020-03-08",1,9,0,0,5352,0.978699551569507,2025,7336,558,275,NA,NA,NA,NA,NA,NA
"716","2020-03-09",0,9,0,0,5352,0.978699551569507,2025,7336,558,275,NA,NA,NA,NA,NA,NA
"717","2020-03-10",0,9,0,0,5352,0.978699551569507,2025,7336,558,275,NA,NA,4,4,NA,4
"718","2020-03-11",0,9,0,0,5352,0.978699551569507,2025,7336,558,275,2,2,6,10,1,6
"719","2020-03-12",0,9,0,0,5352,0.978699551569507,2025,7336,558,275,2,4,3,13,NA,3
"720","2020-03-13",1,9,23,8,5352,0.978699551569507,2025,7336,558,275,4,8,9,22,2,9
"721","2020-03-14",2,9,34,14,5352,0.978699551569507,2025,7336,558,275,6,14,4,26,6,4
"722","2020-03-15",3,9,26,16,5352,0.978699551569507,2025,7336,558,275,10,24,3,29,7,3
"723","2020-03-16",4,9,25,20,5352,0.978699551569507,2025,7336,558,275,6,30,3,32,5,3
"724","2020-03-17",3,9,31,31,5352,0.978699551569507,2025,7336,558,275,12,42,9,41,11,9
"725","2020-03-18",4,9,37,39,5352,0.978699551569507,2025,7336,558,275,10,52,10,51,9,10
"726","2020-03-19",5,9,32,49,5352,0.978699551569507,2025,7336,558,275,10,62,13,64,10,13
"727","2020-03-20",10,9,25,60,5352,0.978699551569507,2025,7336,558,275,14,76,8,72,13,8
"728","2020-03-21",12,9,24,75,5352,0.978699551569507,2025,7336,558,275,9,85,9,81,7,9
"729","2020-03-22",12,9,39,90,5352,0.978699551569507,2025,7336,558,275,15,100,16,97,15,16
"730","2020-03-23",13,9,32,108,5352,0.978699551569507,2025,7336,558,275,23,123,16,113,17,16
"731","2020-03-24",14,9,44,125,5352,0.978699551569507,2025,7336,558,275,23,146,9,122,22,9
"732","2020-03-25",21,9,47,148,5352,0.978699551569507,2025,7336,558,275,23,169,15,137,23,15
"733","2020-03-26",26,9,34,165,5352,0.978699551569507,2025,7336,558,275,26,195,16,153,26,16
"734","2020-03-27",32,9,38,189,5352,0.978699551569507,2025,7336,558,275,24,219,20,173,23,20
"735","2020-03-28",39,9,44,209,5352,0.978699551569507,2025,7336,558,275,37,256,19,192,36,19
"736","2020-03-29",42,9,44,238,5352,0.978699551569507,2025,7336,558,275,31,287,21,213,30,21
"737","2020-03-30",47,9,44,255,5352,0.978699551569507,2025,7336,558,275,44,331,16,229,43,16
"738","2020-03-31",56,9,47,298,5352,0.978699551569507,2025,7336,558,275,54,385,8,237,52,8
"739","2020-04-01",58,9,46,334,5352,0.978699551569507,2025,7336,558,275,50,435,6,243,47,6
"740","2020-04-02",68,9,41,379,5352,0.978699551569507,2025,7336,558,275,51,486,5,248,49,5
"741","2020-04-03",85,9,38,447,5352,0.978699551569507,2025,7336,558,275,47,533,16,264,46,16
"742","2020-04-04",97,9,47,474,5352,0.978699551569507,2025,7336,558,275,72,605,13,277,68,13
"743","2020-04-05",121,9,43,528,5352,0.978699551569507,2025,7336,558,275,48,653,11,288,48,11
"744","2020-04-06",130,9,49,564,5352,0.978699551569507,2025,7336,558,275,49,702,25,313,47,25
"745","2020-04-07",142,9,51,623,5352,0.978699551569507,2025,7336,558,275,73,775,13,326,72,13
"746","2020-04-08",150,9,63,671,5352,0.978699551569507,2025,7336,558,275,56,831,6,332,55,6
"747","2020-04-09",151,9,73,725,5352,0.978699551569507,2025,7336,558,275,75,906,6,338,74,6
"748","2020-04-10",210,9,75,781,5352,0.978699551569507,2025,7336,558,275,87,993,12,350,86,12
"749","2020-04-11",230,9,75,863,5352,0.978699551569507,2025,7336,558,275,94,1087,11,361,92,11
"750","2020-04-12",269,9,62,908,5352,0.978699551569507,2025,7336,558,275,82,1169,18,379,80,18
"751","2020-04-13",275,9,53,979,5352,0.978699551569507,2025,7336,558,275,87,1256,9,388,85,9
"752","2020-04-14",260,9,44,1033,5352,0.978699551569507,2025,7336,558,275,87,1343,7,395,86,7
"753","2020-04-15",276,9,46,1071,5352,0.978699551569507,2025,7336,558,275,94,1437,11,406,93,11
"754","2020-04-16",308,9,55,1141,5352,0.978699551569507,2025,7336,558,275,92,1529,8,414,92,8
"755","2020-04-17",373,9,53,1183,5352,0.978699551569507,2025,7336,558,275,92,1621,5,419,92,5
"756","2020-04-18",378,9,58,1210,5352,0.978699551569507,2025,7336,558,275,110,1731,7,426,108,7
"757","2020-04-19",369,9,72,1232,5352,0.978699551569507,2025,7336,558,275,94,1825,18,444,89,18
"758","2020-04-20",392,9,66,1238,5352,0.978699551569507,2025,7336,558,275,106,1931,8,452,102,8
"759","2020-04-21",391,9,65,1328,5352,0.978699551569507,2025,7336,558,275,89,2020,4,456,87,4
"760","2020-04-22",405,9,50,1350,5352,0.978699551569507,2025,7336,558,275,108,2128,18,474,106,18
"761","2020-04-23",409,9,52,1375,5352,0.978699551569507,2025,7336,558,275,91,2219,14,488,90,14
"762","2020-04-24",465,9,51,1387,5352,0.978699551569507,2025,7336,558,275,86,2305,16,504,83,16
"763","2020-04-25",499,9,43,1380,5352,0.978699551569507,2025,7336,558,275,105,2410,9,513,105,9
"764","2020-04-26",435,9,48,1409,5352,0.978699551569507,2025,7336,558,275,93,2503,16,529,93,16
"765","2020-04-27",413,9,53,1420,5352,0.978699551569507,2025,7336,558,275,92,2595,4,533,91,4
"766","2020-04-28",410,9,68,1415,5352,0.978699551569507,2025,7336,558,275,71,2666,15,548,70,15
"767","2020-04-29",413,9,68,1403,5352,0.978699551569507,2025,7336,558,275,91,2757,7,555,89,7
"768","2020-04-30",401,9,64,1371,5352,0.978699551569507,2025,7336,558,275,134,2891,22,577,134,22
"769","2020-05-01",449,9,60,1342,5352,0.978699551569507,2025,7336,558,275,72,2963,8,585,71,8
"770","2020-05-02",436,9,62,1344,5352,0.978699551569507,2025,7336,558,275,74,3037,13,598,71,13
"771","2020-05-03",453,9,75,1335,5352,0.978699551569507,2025,7336,558,275,90,3127,23,621,86,23
"772","2020-05-04",464,9,83,1291,5352,0.978699551569507,2025,7336,558,275,71,3198,13,634,71,13
"773","2020-05-05",457,9,85,1270,5352,0.978699551569507,2025,7336,558,275,87,3285,22,656,87,22
"774","2020-05-06",437,9,89,1212,5352,0.978699551569507,2025,7336,558,275,90,3375,20,676,90,20
"775","2020-05-07",433,9,84,1160,5352,0.978699551569507,2025,7336,558,275,86,3461,20,696,85,20
"776","2020-05-08",455,9,80,1098,5352,0.978699551569507,2025,7336,558,275,72,3533,29,725,71,29
"777","2020-05-09",445,9,67,1071,5352,0.978699551569507,2025,7336,558,275,80,3613,12,737,80,12
"778","2020-05-10",374,9,56,996,5352,0.978699551569507,2025,7336,558,275,76,3689,2,739,74,2
"779","2020-05-11",343,9,55,963,5352,0.978699551569507,2025,7336,558,275,66,3755,9,748,65,9
"780","2020-05-12",346,9,46,912,5352,0.978699551569507,2025,7336,558,275,67,3822,22,770,64,22
"781","2020-05-13",343,9,48,868,5352,0.978699551569507,2025,7336,558,275,66,3888,6,776,64,6
"782","2020-05-14",328,9,54,811,5352,0.978699551569507,2025,7336,558,275,50,3938,15,791,49,15
"783","2020-05-15",274,9,45,770,5352,0.978699551569507,2025,7336,558,275,42,3980,5,796,41,5
"784","2020-05-16",276,9,57,717,5352,0.978699551569507,2025,7336,558,275,46,4026,8,804,44,8
"785","2020-05-17",245,9,53,678,5352,0.978699551569507,2025,7336,558,275,58,4084,14,818,58,14
"786","2020-05-18",252,9,52,622,5352,0.978699551569507,2025,7336,558,275,38,4122,11,829,36,11
"787","2020-05-19",222,9,48,589,5352,0.978699551569507,2025,7336,558,275,39,4161,13,842,39,13
"788","2020-05-20",212,9,63,527,5352,0.978699551569507,2025,7336,558,275,48,4209,11,853,47,11
"789","2020-05-21",203,9,60,494,5352,0.978699551569507,2025,7336,558,275,25,4234,16,869,25,16
"790","2020-05-22",183,9,50,454,5352,0.978699551569507,2025,7336,558,275,28,4262,8,877,28,8
"791","2020-05-23",168,9,46,416,5352,0.978699551569507,2025,7336,558,275,29,4291,18,895,29,18
"792","2020-05-24",161,9,38,394,5352,0.978699551569507,2025,7336,558,275,25,4316,14,909,24,14
"793","2020-05-25",140,9,41,359,5352,0.978699551569507,2025,7336,558,275,27,4343,4,913,26,4
"794","2020-05-26",139,9,38,325,5352,0.978699551569507,2025,7336,558,275,32,4375,8,921,31,8
"795","2020-05-27",132,9,43,285,5352,0.978699551569507,2025,7336,558,275,27,4402,6,927,26,6
"796","2020-05-28",132,9,38,256,5352,0.978699551569507,2025,7336,558,275,20,4422,8,935,20,8
"797","2020-05-29",120,9,43,239,5352,0.978699551569507,2025,7336,558,275,24,4446,18,953,24,18
"798","2020-05-30",115,9,56,215,5352,0.978699551569507,2025,7336,558,275,16,4462,9,962,16,9
"799","2020-05-31",96,9,59,194,5352,0.978699551569507,2025,7336,558,275,22,4484,15,977,21,15
"800","2020-06-01",92,9,56,180,5352,0.978699551569507,2025,7336,558,275,25,4509,8,985,25,8
"801","2020-06-02",84,9,53,162,5352,0.978699551569507,2025,7336,558,275,18,4527,5,990,17,5
"802","2020-06-03",79,9,46,153,5352,0.978699551569507,2025,7336,558,275,21,4548,11,1001,20,11
"803","2020-06-04",74,9,46,147,5352,0.978699551569507,2025,7336,558,275,17,4565,12,1013,17,12
"804","2020-06-05",60,9,51,140,5352,0.978699551569507,2025,7336,558,275,14,4579,6,1019,14,6
"805","2020-06-06",50,9,47,124,5352,0.978699551569507,2025,7336,558,275,14,4593,2,1021,13,2
"806","2020-06-07",46,9,42,115,5352,0.978699551569507,2025,7336,558,275,10,4603,2,1023,10,2
"807","2020-03-14",1,10,31,7,5716,0.971133659902029,2055,7305,602,361,10,27,2,7,5,2
"808","2020-03-15",1,10,34,9,5716,0.971133659902029,2055,7305,602,361,15,42,5,12,8,5
"809","2020-03-16",0,10,0,0,5716,0.971133659902029,2055,7305,602,361,12,54,1,13,7,1
"810","2020-03-17",1,10,37,23,5716,0.971133659902029,2055,7305,602,361,16,70,5,18,8,5
"811","2020-03-18",1,10,38,30,5716,0.971133659902029,2055,7305,602,361,15,85,7,25,12,7
"812","2020-03-19",1,10,36,40,5716,0.971133659902029,2055,7305,602,361,14,99,3,28,7,3
"813","2020-03-20",4,10,31,46,5716,0.971133659902029,2055,7305,602,361,16,115,1,29,9,1
"814","2020-03-21",6,10,31,61,5716,0.971133659902029,2055,7305,602,361,21,136,3,32,16,3
"815","2020-03-22",6,10,32,75,5716,0.971133659902029,2055,7305,602,361,20,156,5,37,12,5
"816","2020-03-23",5,10,36,89,5716,0.971133659902029,2055,7305,602,361,22,178,NA,NA,14,NA
"817","2020-03-24",7,10,43,106,5716,0.971133659902029,2055,7305,602,361,20,198,4,41,13,4
"818","2020-03-25",10,10,37,126,5716,0.971133659902029,2055,7305,602,361,24,222,3,44,20,3
"819","2020-03-26",14,10,40,143,5716,0.971133659902029,2055,7305,602,361,26,248,8,52,20,8
"820","2020-03-27",21,10,46,164,5716,0.971133659902029,2055,7305,602,361,33,281,4,56,23,4
"821","2020-03-28",33,10,45,195,5716,0.971133659902029,2055,7305,602,361,27,308,4,60,23,4
"822","2020-03-29",45,10,49,226,5716,0.971133659902029,2055,7305,602,361,29,337,6,66,22,6
"823","2020-03-30",52,10,46,246,5716,0.971133659902029,2055,7305,602,361,37,374,2,68,30,2
"824","2020-03-31",57,10,42,268,5716,0.971133659902029,2055,7305,602,361,33,407,NA,NA,25,NA
"825","2020-04-01",61,10,31,304,5716,0.971133659902029,2055,7305,602,361,42,449,NA,NA,32,NA
"826","2020-04-02",76,10,31,323,5716,0.971133659902029,2055,7305,602,361,38,487,NA,NA,35,NA
"827","2020-04-03",96,10,31,357,5716,0.971133659902029,2055,7305,602,361,36,523,3,71,30,3
"828","2020-04-04",106,10,30,385,5716,0.971133659902029,2055,7305,602,361,44,567,2,73,37,2
"829","2020-04-05",109,10,39,421,5716,0.971133659902029,2055,7305,602,361,44,611,4,77,36,4
"830","2020-04-06",110,10,32,476,5716,0.971133659902029,2055,7305,602,361,52,663,4,81,48,4
"831","2020-04-07",102,10,32,506,5716,0.971133659902029,2055,7305,602,361,54,717,4,85,43,4
"832","2020-04-08",108,10,47,564,5716,0.971133659902029,2055,7305,602,361,52,769,14,99,45,14
"833","2020-04-09",104,10,48,632,5716,0.971133659902029,2055,7305,602,361,41,810,14,113,36,14
"834","2020-04-10",161,10,48,689,5716,0.971133659902029,2055,7305,602,361,52,862,12,125,42,12
"835","2020-04-11",207,10,40,733,5716,0.971133659902029,2055,7305,602,361,60,922,14,139,53,14
"836","2020-04-12",208,10,48,799,5716,0.971133659902029,2055,7305,602,361,61,983,13,152,55,13
"837","2020-04-13",193,10,51,868,5716,0.971133659902029,2055,7305,602,361,57,1040,6,158,50,6
"838","2020-04-14",218,10,61,932,5716,0.971133659902029,2055,7305,602,361,52,1092,9,167,44,9
"839","2020-04-15",241,10,66,1000,5716,0.971133659902029,2055,7305,602,361,60,1152,7,174,53,7
"840","2020-04-16",264,10,69,1089,5716,0.971133659902029,2055,7305,602,361,59,1211,11,185,54,11
"841","2020-04-17",344,10,80,1136,5716,0.971133659902029,2055,7305,602,361,54,1265,11,196,45,11
"842","2020-04-18",355,10,81,1194,5716,0.971133659902029,2055,7305,602,361,54,1319,9,205,50,9
"843","2020-04-19",343,10,84,1235,5716,0.971133659902029,2055,7305,602,361,62,1381,14,219,55,14
"844","2020-04-20",371,10,83,1301,5716,0.971133659902029,2055,7305,602,361,59,1440,8,227,57,8
"845","2020-04-21",374,10,80,1369,5716,0.971133659902029,2055,7305,602,361,74,1514,10,237,66,10
"846","2020-04-22",385,10,83,1400,5716,0.971133659902029,2055,7305,602,361,78,1592,7,244,68,7
"847","2020-04-23",403,10,84,1446,5716,0.971133659902029,2055,7305,602,361,63,1655,13,257,53,13
"848","2020-04-24",483,10,79,1523,5716,0.971133659902029,2055,7305,602,361,74,1729,17,274,66,17
"849","2020-04-25",477,10,82,1536,5716,0.971133659902029,2055,7305,602,361,54,1783,13,287,51,13
"850","2020-04-26",487,10,80,1597,5716,0.971133659902029,2055,7305,602,361,62,1845,12,299,58,12
"851","2020-04-27",504,10,89,1659,5716,0.971133659902029,2055,7305,602,361,66,1911,9,308,60,9
"852","2020-04-28",514,10,106,1609,5716,0.971133659902029,2055,7305,602,361,67,1978,7,315,63,7
"853","2020-04-29",527,10,117,1618,5716,0.971133659902029,2055,7305,602,361,59,2037,7,322,54,7
"854","2020-04-30",529,10,145,1632,5716,0.971133659902029,2055,7305,602,361,62,2099,8,330,57,8
"855","2020-05-01",554,10,143,1599,5716,0.971133659902029,2055,7305,602,361,66,2165,8,338,62,8
"856","2020-05-02",555,10,134,1610,5716,0.971133659902029,2055,7305,602,361,64,2229,12,350,56,12
"857","2020-05-03",530,10,118,1563,5716,0.971133659902029,2055,7305,602,361,66,2295,8,358,60,8
"858","2020-05-04",526,10,125,1524,5716,0.971133659902029,2055,7305,602,361,52,2347,9,367,50,9
"859","2020-05-05",512,10,113,1463,5716,0.971133659902029,2055,7305,602,361,56,2403,8,375,48,8
"860","2020-05-06",504,10,114,1435,5716,0.971133659902029,2055,7305,602,361,66,2469,7,382,63,7
"861","2020-05-07",501,10,114,1401,5716,0.971133659902029,2055,7305,602,361,62,2531,15,397,61,15
"862","2020-05-08",523,10,95,1336,5716,0.971133659902029,2055,7305,602,361,53,2584,12,409,47,12
"863","2020-05-09",526,10,87,1294,5716,0.971133659902029,2055,7305,602,361,60,2644,17,426,57,17
"864","2020-05-10",477,10,83,1205,5716,0.971133659902029,2055,7305,602,361,66,2710,18,444,63,18
"865","2020-05-11",461,10,79,1163,5716,0.971133659902029,2055,7305,602,361,61,2771,18,462,54,18
"866","2020-05-12",448,10,89,1091,5716,0.971133659902029,2055,7305,602,361,42,2813,10,472,41,10
"867","2020-05-13",437,10,90,1051,5716,0.971133659902029,2055,7305,602,361,57,2870,9,481,50,9
"868","2020-05-14",421,10,99,968,5716,0.971133659902029,2055,7305,602,361,46,2916,8,489,42,8
"869","2020-05-15",383,10,107,889,5716,0.971133659902029,2055,7305,602,361,38,2954,3,492,36,3
"870","2020-05-16",370,10,108,811,5716,0.971133659902029,2055,7305,602,361,51,3005,10,502,45,10
"871","2020-05-17",332,10,107,763,5716,0.971133659902029,2055,7305,602,361,32,3037,4,506,29,4
"872","2020-05-18",322,10,118,699,5716,0.971133659902029,2055,7305,602,361,33,3070,5,511,30,5
"873","2020-05-19",291,10,106,655,5716,0.971133659902029,2055,7305,602,361,39,3109,7,518,37,7
"874","2020-05-20",272,10,103,592,5716,0.971133659902029,2055,7305,602,361,32,3141,4,522,28,4
"875","2020-05-21",267,10,98,545,5716,0.971133659902029,2055,7305,602,361,30,3171,NA,NA,25,NA
"876","2020-05-22",226,10,89,513,5716,0.971133659902029,2055,7305,602,361,31,3202,NA,NA,29,NA
"877","2020-05-23",206,10,97,473,5716,0.971133659902029,2055,7305,602,361,26,3228,1,523,23,1
"878","2020-05-24",184,10,92,440,5716,0.971133659902029,2055,7305,602,361,29,3257,1,524,24,1
"879","2020-05-25",163,10,81,403,5716,0.971133659902029,2055,7305,602,361,22,3279,4,528,19,4
"880","2020-05-26",158,10,79,372,5716,0.971133659902029,2055,7305,602,361,28,3307,3,531,24,3
"881","2020-05-27",157,10,65,351,5716,0.971133659902029,2055,7305,602,361,28,3335,9,540,25,9
"882","2020-05-28",134,10,60,314,5716,0.971133659902029,2055,7305,602,361,29,3364,3,543,25,3
"883","2020-05-29",121,10,61,307,5716,0.971133659902029,2055,7305,602,361,16,3380,10,553,15,10
"884","2020-05-30",122,10,55,277,5716,0.971133659902029,2055,7305,602,361,22,3402,6,559,19,6
"885","2020-05-31",107,10,54,261,5716,0.971133659902029,2055,7305,602,361,25,3427,2,561,23,2
"886","2020-06-01",102,10,44,223,5716,0.971133659902029,2055,7305,602,361,20,3447,5,566,17,5
"887","2020-06-02",97,10,51,209,5716,0.971133659902029,2055,7305,602,361,26,3473,5,571,21,5
"888","2020-06-03",86,10,53,186,5716,0.971133659902029,2055,7305,602,361,20,3493,9,580,17,9
"889","2020-06-04",86,10,53,167,5716,0.971133659902029,2055,7305,602,361,12,3505,9,589,10,9
"890","2020-06-05",76,10,52,154,5716,0.971133659902029,2055,7305,602,361,17,3522,7,596,15,7
"891","2020-06-06",68,10,46,136,5716,0.971133659902029,2055,7305,602,361,14,3536,5,601,12,5
"892","2020-06-07",69,10,48,133,5716,0.971133659902029,2055,7305,602,361,19,3555,4,605,19,4
"893","2020-03-07",1,11,0,0,4867,0.861721799876721,1965,7081,565,280,NA,NA,NA,NA,NA,NA
"894","2020-03-08",1,11,0,0,4867,0.861721799876721,1965,7081,565,280,NA,NA,NA,NA,NA,NA
"895","2020-03-09",0,11,0,0,4867,0.861721799876721,1965,7081,565,280,NA,NA,NA,NA,NA,NA
"896","2020-03-10",0,11,0,0,4867,0.861721799876721,1965,7081,565,280,NA,NA,1,1,NA,1
"897","2020-03-11",0,11,0,0,4867,0.861721799876721,1965,7081,565,280,8,8,8,9,NA,8
"898","2020-03-12",0,11,0,0,4867,0.861721799876721,1965,7081,565,280,15,23,11,20,2,11
"899","2020-03-13",0,11,0,0,4867,0.861721799876721,1965,7081,565,280,8,31,8,28,NA,8
"900","2020-03-14",3,11,22,20,4867,0.861721799876721,1965,7081,565,280,17,48,12,40,7,12
"901","2020-03-15",3,11,22,28,4867,0.861721799876721,1965,7081,565,280,17,65,9,49,5,9
"902","2020-03-16",3,11,22,36,4867,0.861721799876721,1965,7081,565,280,21,86,12,61,8,12
"903","2020-03-17",5,11,24,41,4867,0.861721799876721,1965,7081,565,280,20,106,15,76,8,15
"904","2020-03-18",6,11,26,50,4867,0.861721799876721,1965,7081,565,280,30,136,11,87,19,11
"905","2020-03-19",7,11,30,63,4867,0.861721799876721,1965,7081,565,280,26,162,15,102,15,15
"906","2020-03-20",8,11,45,88,4867,0.861721799876721,1965,7081,565,280,14,176,11,113,11,11
"907","2020-03-21",12,11,51,106,4867,0.861721799876721,1965,7081,565,280,31,207,15,128,19,15
"908","2020-03-22",15,11,43,124,4867,0.861721799876721,1965,7081,565,280,30,237,24,152,20,24
"909","2020-03-23",15,11,41,144,4867,0.861721799876721,1965,7081,565,280,34,271,17,169,25,17
"910","2020-03-24",16,11,52,169,4867,0.861721799876721,1965,7081,565,280,31,302,18,187,22,18
"911","2020-03-25",23,11,60,187,4867,0.861721799876721,1965,7081,565,280,38,340,19,206,26,19
"912","2020-03-26",28,11,52,211,4867,0.861721799876721,1965,7081,565,280,37,377,25,231,27,25
"913","2020-03-27",44,11,51,244,4867,0.861721799876721,1965,7081,565,280,41,418,34,265,32,34
"914","2020-03-28",60,11,42,272,4867,0.861721799876721,1965,7081,565,280,41,459,29,294,35,29
"915","2020-03-29",91,11,50,300,4867,0.861721799876721,1965,7081,565,280,38,497,26,320,26,26
"916","2020-03-30",99,11,37,334,4867,0.861721799876721,1965,7081,565,280,49,546,25,345,35,25
"917","2020-03-31",96,11,44,370,4867,0.861721799876721,1965,7081,565,280,42,588,25,370,35,25
"918","2020-04-01",99,11,51,404,4867,0.861721799876721,1965,7081,565,280,51,639,26,396,33,26
"919","2020-04-02",106,11,51,436,4867,0.861721799876721,1965,7081,565,280,47,686,26,422,38,26
"920","2020-04-03",133,11,41,442,4867,0.861721799876721,1965,7081,565,280,58,744,27,449,36,27
"921","2020-04-04",129,11,35,487,4867,0.861721799876721,1965,7081,565,280,59,803,30,479,47,30
"922","2020-04-05",139,11,37,508,4867,0.861721799876721,1965,7081,565,280,51,854,25,504,31,25
"923","2020-04-06",138,11,31,540,4867,0.861721799876721,1965,7081,565,280,59,913,25,529,40,25
"924","2020-04-07",141,11,38,582,4867,0.861721799876721,1965,7081,565,280,47,960,34,563,35,34
"925","2020-04-08",148,11,49,614,4867,0.861721799876721,1965,7081,565,280,66,1026,32,595,57,32
"926","2020-04-09",159,11,42,668,4867,0.861721799876721,1965,7081,565,280,73,1099,38,633,61,38
"927","2020-04-10",191,11,39,702,4867,0.861721799876721,1965,7081,565,280,67,1166,36,669,54,36
"928","2020-04-11",218,11,42,738,4867,0.861721799876721,1965,7081,565,280,69,1235,39,708,57,39
"929","2020-04-12",204,11,44,782,4867,0.861721799876721,1965,7081,565,280,76,1311,45,753,64,45
"930","2020-04-13",211,11,52,837,4867,0.861721799876721,1965,7081,565,280,52,1363,32,785,40,32
"931","2020-04-14",230,11,44,876,4867,0.861721799876721,1965,7081,565,280,72,1435,30,815,60,30
"932","2020-04-15",236,11,39,914,4867,0.861721799876721,1965,7081,565,280,57,1492,24,839,47,24
"933","2020-04-16",247,11,49,954,4867,0.861721799876721,1965,7081,565,280,50,1542,41,880,40,41
"934","2020-04-17",291,11,57,980,4867,0.861721799876721,1965,7081,565,280,61,1603,48,928,49,48
"935","2020-04-18",281,11,81,1042,4867,0.861721799876721,1965,7081,565,280,48,1651,41,969,32,41
"936","2020-04-19",299,11,75,1069,4867,0.861721799876721,1965,7081,565,280,47,1698,47,1016,38,47
"937","2020-04-20",311,11,85,1076,4867,0.861721799876721,1965,7081,565,280,68,1766,42,1058,54,42
"938","2020-04-21",292,11,71,1097,4867,0.861721799876721,1965,7081,565,280,65,1831,47,1105,51,47
"939","2020-04-22",311,11,72,1121,4867,0.861721799876721,1965,7081,565,280,50,1881,44,1149,37,44
"940","2020-04-23",319,11,82,1100,4867,0.861721799876721,1965,7081,565,280,60,1941,28,1177,46,28
"941","2020-04-24",374,11,88,1130,4867,0.861721799876721,1965,7081,565,280,36,1977,28,1205,34,28
"942","2020-04-25",421,11,91,1118,4867,0.861721799876721,1965,7081,565,280,69,2046,32,1237,53,32
"943","2020-04-26",398,11,110,1117,4867,0.861721799876721,1965,7081,565,280,37,2083,31,1268,28,31
"944","2020-04-27",400,11,121,1076,4867,0.861721799876721,1965,7081,565,280,65,2148,40,1308,48,40
"945","2020-04-28",398,11,130,1095,4867,0.861721799876721,1965,7081,565,280,45,2193,29,1337,34,29
"946","2020-04-29",393,11,120,1070,4867,0.861721799876721,1965,7081,565,280,49,2242,48,1385,37,48
"947","2020-04-30",387,11,110,1050,4867,0.861721799876721,1965,7081,565,280,65,2307,41,1426,54,41
"948","2020-05-01",373,11,92,1001,4867,0.861721799876721,1965,7081,565,280,61,2368,42,1468,51,42
"949","2020-05-02",361,11,83,972,4867,0.861721799876721,1965,7081,565,280,59,2427,34,1502,47,34
"950","2020-05-03",320,11,82,940,4867,0.861721799876721,1965,7081,565,280,51,2478,38,1540,37,38
"951","2020-05-04",316,11,76,928,4867,0.861721799876721,1965,7081,565,280,52,2530,48,1588,45,48
"952","2020-05-05",318,11,60,911,4867,0.861721799876721,1965,7081,565,280,43,2573,40,1628,39,40
"953","2020-05-06",306,11,59,883,4867,0.861721799876721,1965,7081,565,280,47,2620,30,1658,40,30
"954","2020-05-07",310,11,65,873,4867,0.861721799876721,1965,7081,565,280,49,2669,43,1701,43,43
"955","2020-05-08",308,11,59,859,4867,0.861721799876721,1965,7081,565,280,49,2718,27,1728,41,27
"956","2020-05-09",293,11,56,849,4867,0.861721799876721,1965,7081,565,280,48,2766,30,1758,42,30
"957","2020-05-10",281,11,61,846,4867,0.861721799876721,1965,7081,565,280,45,2811,29,1787,32,29
"958","2020-05-11",274,11,61,812,4867,0.861721799876721,1965,7081,565,280,48,2859,27,1814,39,27
"959","2020-05-12",253,11,76,804,4867,0.861721799876721,1965,7081,565,280,37,2896,21,1835,28,21
"960","2020-05-13",259,11,84,787,4867,0.861721799876721,1965,7081,565,280,44,2940,37,1872,38,37
"961","2020-05-14",248,11,99,777,4867,0.861721799876721,1965,7081,565,280,42,2982,35,1907,38,35
"962","2020-05-15",241,11,102,751,4867,0.861721799876721,1965,7081,565,280,27,3009,35,1942,24,35
"963","2020-05-16",243,11,107,728,4867,0.861721799876721,1965,7081,565,280,43,3052,32,1974,31,32
"964","2020-05-17",249,11,117,674,4867,0.861721799876721,1965,7081,565,280,36,3088,35,2009,29,35
"965","2020-05-18",237,11,119,649,4867,0.861721799876721,1965,7081,565,280,29,3117,42,2051,26,42
"966","2020-05-19",235,11,100,627,4867,0.861721799876721,1965,7081,565,280,39,3156,40,2091,31,40
"967","2020-05-20",224,11,80,595,4867,0.861721799876721,1965,7081,565,280,35,3191,41,2132,28,41
"968","2020-05-21",225,11,80,562,4867,0.861721799876721,1965,7081,565,280,19,3210,36,2168,11,36
"969","2020-05-22",225,11,85,526,4867,0.861721799876721,1965,7081,565,280,21,3231,25,2193,16,25
"970","2020-05-23",222,11,69,483,4867,0.861721799876721,1965,7081,565,280,22,3253,34,2227,16,34
"971","2020-05-24",189,11,64,450,4867,0.861721799876721,1965,7081,565,280,33,3286,36,2263,29,36
"972","2020-05-25",171,11,58,421,4867,0.861721799876721,1965,7081,565,280,17,3303,32,2295,14,32
"973","2020-05-26",165,11,53,398,4867,0.861721799876721,1965,7081,565,280,23,3326,26,2321,20,26
"974","2020-05-27",154,11,53,376,4867,0.861721799876721,1965,7081,565,280,21,3347,36,2357,18,36
"975","2020-05-28",136,11,45,343,4867,0.861721799876721,1965,7081,565,280,20,3367,26,2383,15,26
"976","2020-05-29",133,11,35,333,4867,0.861721799876721,1965,7081,565,280,21,3388,33,2416,17,33
"977","2020-05-30",120,11,32,323,4867,0.861721799876721,1965,7081,565,280,17,3405,34,2450,15,34
"978","2020-05-31",121,11,34,306,4867,0.861721799876721,1965,7081,565,280,19,3424,24,2474,13,24
"979","2020-06-01",115,11,35,292,4867,0.861721799876721,1965,7081,565,280,17,3441,30,2504,14,30
"980","2020-06-02",113,11,37,273,4867,0.861721799876721,1965,7081,565,280,18,3459,16,2520,14,16
"981","2020-06-03",109,11,43,266,4867,0.861721799876721,1965,7081,565,280,27,3486,21,2541,23,21
"982","2020-06-04",104,11,50,253,4867,0.861721799876721,1965,7081,565,280,19,3505,22,2563,12,22
"983","2020-06-05",99,11,45,232,4867,0.861721799876721,1965,7081,565,280,14,3519,25,2588,11,25
"984","2020-06-06",91,11,37,223,4867,0.861721799876721,1965,7081,565,280,13,3532,23,2611,3,23
"985","2020-06-07",77,11,33,204,4867,0.861721799876721,1965,7081,565,280,10,3542,22,2633,9,22
"986","2020-03-07",1,12,0,0,2568,0.63785046728972,2055,5281,313,267,NA,NA,NA,NA,NA,NA
"987","2020-03-08",1,12,0,0,2568,0.63785046728972,2055,5281,313,267,NA,NA,NA,NA,NA,NA
"988","2020-03-09",0,12,0,0,2568,0.63785046728972,2055,5281,313,267,NA,NA,NA,NA,NA,NA
"989","2020-03-10",0,12,0,0,2568,0.63785046728972,2055,5281,313,267,NA,NA,NA,NA,NA,NA
"990","2020-03-11",0,12,0,0,2568,0.63785046728972,2055,5281,313,267,1,1,3,3,1,3
"991","2020-03-12",0,12,0,0,2568,0.63785046728972,2055,5281,313,267,3,4,4,7,NA,4
"992","2020-03-13",3,12,13,28,2568,0.63785046728972,2055,5281,313,267,4,8,2,9,2,2
"993","2020-03-14",4,12,12,45,2568,0.63785046728972,2055,5281,313,267,1,9,2,11,NA,2
"994","2020-03-15",6,12,16,61,2568,0.63785046728972,2055,5281,313,267,5,14,4,15,1,4
"995","2020-03-16",9,12,19,73,2568,0.63785046728972,2055,5281,313,267,7,21,6,21,2,6
"996","2020-03-17",8,12,20,87,2568,0.63785046728972,2055,5281,313,267,6,27,1,22,3,1
"997","2020-03-18",11,12,19,100,2568,0.63785046728972,2055,5281,313,267,11,38,3,25,6,3
"998","2020-03-19",14,12,22,114,2568,0.63785046728972,2055,5281,313,267,11,49,6,31,5,6
"999","2020-03-20",21,12,22,130,2568,0.63785046728972,2055,5281,313,267,19,68,6,37,12,6
"1000","2020-03-21",39,12,26,148,2568,0.63785046728972,2055,5281,313,267,18,86,4,41,12,4
"1001","2020-03-22",42,12,27,152,2568,0.63785046728972,2055,5281,313,267,10,96,3,44,6,3
"1002","2020-03-23",37,12,36,173,2568,0.63785046728972,2055,5281,313,267,21,117,6,50,17,6
"1003","2020-03-24",41,12,33,186,2568,0.63785046728972,2055,5281,313,267,23,140,5,55,15,5
"1004","2020-03-25",46,12,32,193,2568,0.63785046728972,2055,5281,313,267,18,158,12,67,13,12
"1005","2020-03-26",56,12,34,206,2568,0.63785046728972,2055,5281,313,267,18,176,1,68,12,1
"1006","2020-03-27",72,12,28,227,2568,0.63785046728972,2055,5281,313,267,18,194,4,72,11,4
"1007","2020-03-28",74,12,23,234,2568,0.63785046728972,2055,5281,313,267,32,226,4,76,27,4
"1008","2020-03-29",76,12,23,244,2568,0.63785046728972,2055,5281,313,267,26,252,8,84,17,8
"1009","2020-03-30",75,12,24,266,2568,0.63785046728972,2055,5281,313,267,23,275,5,89,16,5
"1010","2020-03-31",73,12,27,284,2568,0.63785046728972,2055,5281,313,267,29,304,5,94,25,5
"1011","2020-04-01",77,12,28,279,2568,0.63785046728972,2055,5281,313,267,36,340,4,98,29,4
"1012","2020-04-02",72,12,35,295,2568,0.63785046728972,2055,5281,313,267,37,377,11,109,31,11
"1013","2020-04-03",79,12,38,291,2568,0.63785046728972,2055,5281,313,267,29,406,6,115,27,6
"1014","2020-04-04",77,12,39,300,2568,0.63785046728972,2055,5281,313,267,33,439,1,116,31,1
"1015","2020-04-05",84,12,39,313,2568,0.63785046728972,2055,5281,313,267,30,469,11,127,25,11
"1016","2020-04-06",92,12,34,327,2568,0.63785046728972,2055,5281,313,267,36,505,5,132,31,5
"1017","2020-04-07",95,12,38,335,2568,0.63785046728972,2055,5281,313,267,33,538,10,142,27,10
"1018","2020-04-08",101,12,39,356,2568,0.63785046728972,2055,5281,313,267,36,574,5,147,25,5
"1019","2020-04-09",102,12,46,367,2568,0.63785046728972,2055,5281,313,267,39,613,8,155,39,8
"1020","2020-04-10",106,12,48,356,2568,0.63785046728972,2055,5281,313,267,38,651,3,158,31,3
"1021","2020-04-11",113,12,42,362,2568,0.63785046728972,2055,5281,313,267,27,678,9,167,24,9
"1022","2020-04-12",119,12,60,359,2568,0.63785046728972,2055,5281,313,267,41,719,8,175,35,8
"1023","2020-04-13",114,12,57,361,2568,0.63785046728972,2055,5281,313,267,45,764,8,183,35,8
"1024","2020-04-14",110,12,59,357,2568,0.63785046728972,2055,5281,313,267,39,803,8,191,34,8
"1025","2020-04-15",104,12,59,359,2568,0.63785046728972,2055,5281,313,267,37,840,4,195,33,4
"1026","2020-04-16",112,12,58,367,2568,0.63785046728972,2055,5281,313,267,43,883,9,204,38,9
"1027","2020-04-17",128,12,61,377,2568,0.63785046728972,2055,5281,313,267,48,931,12,216,39,12
"1028","2020-04-18",127,12,68,386,2568,0.63785046728972,2055,5281,313,267,50,981,13,229,41,13
"1029","2020-04-19",131,12,64,384,2568,0.63785046728972,2055,5281,313,267,47,1028,4,233,42,4
"1030","2020-04-20",136,12,67,385,2568,0.63785046728972,2055,5281,313,267,42,1070,4,237,37,4
"1031","2020-04-21",132,12,71,388,2568,0.63785046728972,2055,5281,313,267,47,1117,6,243,42,6
"1032","2020-04-22",135,12,77,385,2568,0.63785046728972,2055,5281,313,267,47,1164,9,252,40,9
"1033","2020-04-23",133,12,74,388,2568,0.63785046728972,2055,5281,313,267,63,1227,6,258,59,6
"1034","2020-04-24",135,12,88,395,2568,0.63785046728972,2055,5281,313,267,43,1270,6,264,41,6
"1035","2020-04-25",164,12,89,403,2568,0.63785046728972,2055,5281,313,267,65,1335,1,265,58,1
"1036","2020-04-26",150,12,82,388,2568,0.63785046728972,2055,5281,313,267,47,1382,13,278,44,13
"1037","2020-04-27",145,12,78,394,2568,0.63785046728972,2055,5281,313,267,50,1432,14,292,49,14
"1038","2020-04-28",139,12,75,400,2568,0.63785046728972,2055,5281,313,267,42,1474,13,305,39,13
"1039","2020-04-29",137,12,87,404,2568,0.63785046728972,2055,5281,313,267,49,1523,6,311,45,6
"1040","2020-04-30",137,12,81,412,2568,0.63785046728972,2055,5281,313,267,35,1558,16,327,29,16
"1041","2020-05-01",147,12,81,409,2568,0.63785046728972,2055,5281,313,267,50,1608,6,333,47,6
"1042","2020-05-02",127,12,84,404,2568,0.63785046728972,2055,5281,313,267,50,1658,8,341,43,8
"1043","2020-05-03",125,12,97,404,2568,0.63785046728972,2055,5281,313,267,65,1723,12,353,58,12
"1044","2020-05-04",126,12,93,400,2568,0.63785046728972,2055,5281,313,267,55,1778,17,370,48,17
"1045","2020-05-05",128,12,104,394,2568,0.63785046728972,2055,5281,313,267,59,1837,8,378,53,8
"1046","2020-05-06",134,12,97,379,2568,0.63785046728972,2055,5281,313,267,54,1891,8,386,45,8
"1047","2020-05-07",131,12,107,371,2568,0.63785046728972,2055,5281,313,267,37,1928,5,391,30,5
"1048","2020-05-08",131,12,104,365,2568,0.63785046728972,2055,5281,313,267,46,1974,11,402,39,11
"1049","2020-05-09",129,12,120,366,2568,0.63785046728972,2055,5281,313,267,49,2023,22,424,43,22
"1050","2020-05-10",123,12,123,358,2568,0.63785046728972,2055,5281,313,267,64,2087,19,443,60,19
"1051","2020-05-11",116,12,124,360,2568,0.63785046728972,2055,5281,313,267,39,2126,21,464,36,21
"1052","2020-05-12",119,12,108,362,2568,0.63785046728972,2055,5281,313,267,41,2167,14,478,36,14
"1053","2020-05-13",111,12,101,366,2568,0.63785046728972,2055,5281,313,267,50,2217,5,483,46,5
"1054","2020-05-14",117,12,102,375,2568,0.63785046728972,2055,5281,313,267,56,2273,10,493,51,10
"1055","2020-05-15",122,12,94,371,2568,0.63785046728972,2055,5281,313,267,32,2305,10,503,30,10
"1056","2020-05-16",130,12,78,370,2568,0.63785046728972,2055,5281,313,267,46,2351,3,506,45,3
"1057","2020-05-17",124,12,66,363,2568,0.63785046728972,2055,5281,313,267,32,2383,6,512,30,6
"1058","2020-05-18",132,12,69,360,2568,0.63785046728972,2055,5281,313,267,35,2418,2,514,32,2
"1059","2020-05-19",131,12,62,355,2568,0.63785046728972,2055,5281,313,267,30,2448,5,519,25,5
"1060","2020-05-20",130,12,59,356,2568,0.63785046728972,2055,5281,313,267,46,2494,5,524,42,5
"1061","2020-05-21",127,12,53,339,2568,0.63785046728972,2055,5281,313,267,32,2526,12,536,27,12
"1062","2020-05-22",125,12,51,344,2568,0.63785046728972,2055,5281,313,267,43,2569,6,542,39,6
"1063","2020-05-23",119,12,51,328,2568,0.63785046728972,2055,5281,313,267,25,2594,6,548,22,6
"1064","2020-05-24",117,12,53,323,2568,0.63785046728972,2055,5281,313,267,31,2625,5,553,29,5
"1065","2020-05-25",108,12,57,316,2568,0.63785046728972,2055,5281,313,267,26,2651,8,561,21,8
"1066","2020-05-26",104,12,56,315,2568,0.63785046728972,2055,5281,313,267,27,2678,3,564,25,3
"1067","2020-05-27",104,12,63,310,2568,0.63785046728972,2055,5281,313,267,24,2702,1,565,22,1
"1068","2020-05-28",101,12,60,300,2568,0.63785046728972,2055,5281,313,267,30,2732,13,578,28,13
"1069","2020-05-29",97,12,54,292,2568,0.63785046728972,2055,5281,313,267,31,2763,11,589,28,11
"1070","2020-05-30",96,12,55,279,2568,0.63785046728972,2055,5281,313,267,20,2783,6,595,18,6
"1071","2020-05-31",96,12,51,267,2568,0.63785046728972,2055,5281,313,267,24,2807,15,610,22,15
"1072","2020-06-01",95,12,51,251,2568,0.63785046728972,2055,5281,313,267,31,2838,11,621,26,11
"1073","2020-06-02",84,12,51,238,2568,0.63785046728972,2055,5281,313,267,28,2866,9,630,26,9
"1074","2020-06-03",80,12,53,230,2568,0.63785046728972,2055,5281,313,267,28,2894,4,634,27,4
"1075","2020-06-04",80,12,57,231,2568,0.63785046728972,2055,5281,313,267,27,2921,4,638,23,4
"1076","2020-06-05",83,12,65,221,2568,0.63785046728972,2055,5281,313,267,19,2940,9,647,19,9
"1077","2020-06-06",85,12,70,217,2568,0.63785046728972,2055,5281,313,267,24,2964,7,654,21,7
"1078","2020-06-07",71,12,67,202,2568,0.63785046728972,2055,5281,313,267,20,2984,8,662,18,8
"1079","2020-03-14",1,13,17,10,5150,0.950485436893204,2025,6984,511,259,5,28,3,14,1,3
"1080","2020-03-15",2,13,19,16,5150,0.950485436893204,2025,6984,511,259,11,39,5,19,4,5
"1081","2020-03-16",2,13,20,21,5150,0.950485436893204,2025,6984,511,259,8,47,4,23,2,4
"1082","2020-03-17",2,13,23,23,5150,0.950485436893204,2025,6984,511,259,12,59,6,29,8,6
"1083","2020-03-18",2,13,32,25,5150,0.950485436893204,2025,6984,511,259,9,68,4,33,5,4
"1084","2020-03-19",2,13,32,37,5150,0.950485436893204,2025,6984,511,259,9,77,3,36,3,3
"1085","2020-03-20",2,13,28,47,5150,0.950485436893204,2025,6984,511,259,21,98,3,39,16,3
"1086","2020-03-21",2,13,20,56,5150,0.950485436893204,2025,6984,511,259,12,110,5,44,8,5
"1087","2020-03-22",5,13,35,66,5150,0.950485436893204,2025,6984,511,259,18,128,2,46,12,2
"1088","2020-03-23",8,13,31,80,5150,0.950485436893204,2025,6984,511,259,15,143,2,48,12,2
"1089","2020-03-24",9,13,40,91,5150,0.950485436893204,2025,6984,511,259,31,174,3,51,27,3
"1090","2020-03-25",18,13,48,113,5150,0.950485436893204,2025,6984,511,259,14,188,7,58,12,7
"1091","2020-03-26",22,13,55,128,5150,0.950485436893204,2025,6984,511,259,24,212,4,62,20,4
"1092","2020-03-27",28,13,50,149,5150,0.950485436893204,2025,6984,511,259,25,237,12,74,16,12
"1093","2020-03-28",34,13,52,153,5150,0.950485436893204,2025,6984,511,259,23,260,10,84,16,10
"1094","2020-03-29",44,13,42,174,5150,0.950485436893204,2025,6984,511,259,24,284,10,94,19,10
"1095","2020-03-30",48,13,34,195,5150,0.950485436893204,2025,6984,511,259,30,314,3,97,21,3
"1096","2020-03-31",50,13,36,210,5150,0.950485436893204,2025,6984,511,259,43,357,3,100,24,3
"1097","2020-04-01",48,13,42,236,5150,0.950485436893204,2025,6984,511,259,30,387,6,106,20,6
"1098","2020-04-02",54,13,45,269,5150,0.950485436893204,2025,6984,511,259,41,428,4,110,34,4
"1099","2020-04-03",67,13,43,289,5150,0.950485436893204,2025,6984,511,259,43,471,5,115,41,5
"1100","2020-04-04",87,13,51,312,5150,0.950485436893204,2025,6984,511,259,39,510,2,117,31,2
"1101","2020-04-05",86,13,59,346,5150,0.950485436893204,2025,6984,511,259,31,541,9,126,29,9
"1102","2020-04-06",81,13,57,381,5150,0.950485436893204,2025,6984,511,259,54,595,7,133,46,7
"1103","2020-04-07",91,13,57,424,5150,0.950485436893204,2025,6984,511,259,33,628,6,139,26,6
"1104","2020-04-08",97,13,49,465,5150,0.950485436893204,2025,6984,511,259,52,680,4,143,42,4
"1105","2020-04-09",114,13,58,524,5150,0.950485436893204,2025,6984,511,259,56,736,6,149,48,6
"1106","2020-04-10",140,13,54,569,5150,0.950485436893204,2025,6984,511,259,36,772,6,155,30,6
"1107","2020-04-11",163,13,63,609,5150,0.950485436893204,2025,6984,511,259,48,820,12,167,39,12
"1108","2020-04-12",175,13,66,655,5150,0.950485436893204,2025,6984,511,259,44,864,9,176,40,9
"1109","2020-04-13",181,13,66,699,5150,0.950485436893204,2025,6984,511,259,56,920,6,182,39,6
"1110","2020-04-14",188,13,62,736,5150,0.950485436893204,2025,6984,511,259,66,986,9,191,59,9
"1111","2020-04-15",204,13,66,790,5150,0.950485436893204,2025,6984,511,259,54,1040,8,199,43,8
"1112","2020-04-16",208,13,63,836,5150,0.950485436893204,2025,6984,511,259,64,1104,9,208,56,9
"1113","2020-04-17",257,13,62,878,5150,0.950485436893204,2025,6984,511,259,71,1175,11,219,60,11
"1114","2020-04-18",301,13,58,902,5150,0.950485436893204,2025,6984,511,259,67,1242,9,228,55,9
"1115","2020-04-19",292,13,71,950,5150,0.950485436893204,2025,6984,511,259,65,1307,3,231,53,3
"1116","2020-04-20",296,13,72,1012,5150,0.950485436893204,2025,6984,511,259,65,1372,4,235,60,4
"1117","2020-04-21",300,13,80,1075,5150,0.950485436893204,2025,6984,511,259,65,1437,11,246,58,11
"1118","2020-04-22",300,13,81,1155,5150,0.950485436893204,2025,6984,511,259,72,1509,13,259,58,13
"1119","2020-04-23",319,13,80,1185,5150,0.950485436893204,2025,6984,511,259,69,1578,15,274,61,15
"1120","2020-04-24",385,13,86,1253,5150,0.950485436893204,2025,6984,511,259,65,1643,18,292,62,18
"1121","2020-04-25",433,13,93,1309,5150,0.950485436893204,2025,6984,511,259,59,1702,11,303,48,11
"1122","2020-04-26",412,13,101,1344,5150,0.950485436893204,2025,6984,511,259,73,1775,10,313,63,10
"1123","2020-04-27",407,13,97,1400,5150,0.950485436893204,2025,6984,511,259,89,1864,5,318,76,5
"1124","2020-04-28",424,13,114,1388,5150,0.950485436893204,2025,6984,511,259,56,1920,6,324,49,6
"1125","2020-04-29",446,13,111,1430,5150,0.950485436893204,2025,6984,511,259,67,1987,13,337,60,13
"1126","2020-04-30",449,13,96,1408,5150,0.950485436893204,2025,6984,511,259,53,2040,12,349,46,12
"1127","2020-05-01",514,13,100,1394,5150,0.950485436893204,2025,6984,511,259,53,2093,17,366,48,17
"1128","2020-05-02",479,13,106,1385,5150,0.950485436893204,2025,6984,511,259,54,2147,8,374,50,8
"1129","2020-05-03",471,13,124,1418,5150,0.950485436893204,2025,6984,511,259,50,2197,16,390,39,16
"1130","2020-05-04",476,13,107,1423,5150,0.950485436893204,2025,6984,511,259,55,2252,20,410,47,20
"1131","2020-05-05",474,13,95,1385,5150,0.950485436893204,2025,6984,511,259,43,2295,8,418,42,8
"1132","2020-05-06",457,13,95,1352,5150,0.950485436893204,2025,6984,511,259,50,2345,9,427,42,9
"1133","2020-05-07",451,13,100,1311,5150,0.950485436893204,2025,6984,511,259,37,2382,18,445,33,18
"1134","2020-05-08",482,13,89,1244,5150,0.950485436893204,2025,6984,511,259,52,2434,18,463,45,18
"1135","2020-05-09",474,13,83,1187,5150,0.950485436893204,2025,6984,511,259,52,2486,11,474,44,11
"1136","2020-05-10",433,13,86,1140,5150,0.950485436893204,2025,6984,511,259,51,2537,13,487,50,13
"1137","2020-05-11",410,13,78,1078,5150,0.950485436893204,2025,6984,511,259,61,2598,9,496,53,9
"1138","2020-05-12",389,13,80,1024,5150,0.950485436893204,2025,6984,511,259,46,2644,7,503,39,7
"1139","2020-05-13",391,13,77,972,5150,0.950485436893204,2025,6984,511,259,40,2684,4,507,35,4
"1140","2020-05-14",383,13,74,948,5150,0.950485436893204,2025,6984,511,259,53,2737,10,517,47,10
"1141","2020-05-15",333,13,90,882,5150,0.950485436893204,2025,6984,511,259,47,2784,7,524,39,7
"1142","2020-05-16",332,13,83,853,5150,0.950485436893204,2025,6984,511,259,42,2826,11,535,34,11
"1143","2020-05-17",326,13,88,802,5150,0.950485436893204,2025,6984,511,259,48,2874,6,541,40,6
"1144","2020-05-18",311,13,83,761,5150,0.950485436893204,2025,6984,511,259,31,2905,9,550,24,9
"1145","2020-05-19",306,13,74,732,5150,0.950485436893204,2025,6984,511,259,40,2945,5,555,36,5
"1146","2020-05-20",293,13,68,685,5150,0.950485436893204,2025,6984,511,259,36,2981,10,565,31,10
"1147","2020-05-21",280,13,62,647,5150,0.950485436893204,2025,6984,511,259,41,3022,12,577,38,12
"1148","2020-05-22",254,13,61,613,5150,0.950485436893204,2025,6984,511,259,24,3046,5,582,23,5
"1149","2020-05-23",239,13,61,568,5150,0.950485436893204,2025,6984,511,259,33,3079,3,585,27,3
"1150","2020-05-24",209,13,59,528,5150,0.950485436893204,2025,6984,511,259,34,3113,10,595,30,10
"1151","2020-05-25",197,13,65,475,5150,0.950485436893204,2025,6984,511,259,34,3147,3,598,30,3
"1152","2020-05-26",198,13,68,447,5150,0.950485436893204,2025,6984,511,259,34,3181,2,600,32,2
"1153","2020-05-27",192,13,74,414,5150,0.950485436893204,2025,6984,511,259,27,3208,4,604,23,4
"1154","2020-05-28",186,13,76,380,5150,0.950485436893204,2025,6984,511,259,28,3236,3,607,26,3
"1155","2020-05-29",168,13,68,339,5150,0.950485436893204,2025,6984,511,259,28,3264,6,613,24,6
"1156","2020-05-30",158,13,72,301,5150,0.950485436893204,2025,6984,511,259,19,3283,8,621,17,8
"1157","2020-05-31",135,13,68,272,5150,0.950485436893204,2025,6984,511,259,22,3305,6,627,18,6
"1158","2020-06-01",127,13,69,256,5150,0.950485436893204,2025,6984,511,259,20,3325,8,635,19,8
"1159","2020-06-02",106,13,75,226,5150,0.950485436893204,2025,6984,511,259,27,3352,5,640,26,5
"1160","2020-06-03",101,13,63,207,5150,0.950485436893204,2025,6984,511,259,15,3367,6,646,11,6
"1161","2020-06-04",89,13,52,179,5150,0.950485436893204,2025,6984,511,259,22,3389,2,648,20,2
"1162","2020-06-05",75,13,47,162,5150,0.950485436893204,2025,6984,511,259,12,3401,7,655,11,7
"1163","2020-06-06",73,13,37,156,5150,0.950485436893204,2025,6984,511,259,17,3418,5,660,14,5
"1164","2020-06-07",67,13,37,137,5150,0.950485436893204,2025,6984,511,259,11,3429,1,661,11,1
"1165","2020-03-07",1,14,0,0,5028,0.946698488464598,2010,6795,597,317,NA,NA,NA,NA,NA,NA
"1166","2020-03-08",1,14,0,0,5028,0.946698488464598,2010,6795,597,317,NA,NA,NA,NA,NA,NA
"1167","2020-03-09",0,14,0,0,5028,0.946698488464598,2010,6795,597,317,NA,NA,NA,NA,NA,NA
"1168","2020-03-10",0,14,0,0,5028,0.946698488464598,2010,6795,597,317,NA,NA,NA,NA,NA,NA
"1169","2020-03-11",0,14,0,0,5028,0.946698488464598,2010,6795,597,317,9,9,9,9,1,9
"1170","2020-03-12",0,14,0,0,5028,0.946698488464598,2010,6795,597,317,5,14,9,18,3,9
"1171","2020-03-13",2,14,22,18,5028,0.946698488464598,2010,6795,597,317,7,21,4,22,7,4
"1172","2020-03-14",5,14,23,26,5028,0.946698488464598,2010,6795,597,317,8,29,3,25,6,3
"1173","2020-03-15",5,14,29,31,5028,0.946698488464598,2010,6795,597,317,11,40,2,27,3,2
"1174","2020-03-16",6,14,43,39,5028,0.946698488464598,2010,6795,597,317,13,53,3,30,8,3
"1175","2020-03-17",8,14,38,51,5028,0.946698488464598,2010,6795,597,317,9,62,9,39,5,9
"1176","2020-03-18",9,14,42,63,5028,0.946698488464598,2010,6795,597,317,11,73,14,53,7,14
"1177","2020-03-19",10,14,37,75,5028,0.946698488464598,2010,6795,597,317,20,93,9,62,13,9
"1178","2020-03-20",12,14,31,84,5028,0.946698488464598,2010,6795,597,317,19,112,3,65,12,3
"1179","2020-03-21",16,14,29,98,5028,0.946698488464598,2010,6795,597,317,20,132,7,72,15,7
"1180","2020-03-22",18,14,34,115,5028,0.946698488464598,2010,6795,597,317,41,173,6,78,35,6
"1181","2020-03-23",15,14,33,125,5028,0.946698488464598,2010,6795,597,317,24,197,12,90,15,12
"1182","2020-03-24",19,14,41,146,5028,0.946698488464598,2010,6795,597,317,23,220,6,96,19,6
"1183","2020-03-25",20,14,43,161,5028,0.946698488464598,2010,6795,597,317,28,248,4,100,23,4
"1184","2020-03-26",28,14,40,181,5028,0.946698488464598,2010,6795,597,317,29,277,14,114,26,14
"1185","2020-03-27",40,14,41,196,5028,0.946698488464598,2010,6795,597,317,33,310,13,127,31,13
"1186","2020-03-28",38,14,46,223,5028,0.946698488464598,2010,6795,597,317,44,354,23,150,37,23
"1187","2020-03-29",48,14,42,256,5028,0.946698488464598,2010,6795,597,317,35,389,9,159,33,9
"1188","2020-03-30",60,14,52,280,5028,0.946698488464598,2010,6795,597,317,33,422,11,170,26,11
"1189","2020-03-31",60,14,58,309,5028,0.946698488464598,2010,6795,597,317,34,456,18,188,32,18
"1190","2020-04-01",70,14,64,338,5028,0.946698488464598,2010,6795,597,317,37,493,15,203,34,15
"1191","2020-04-02",73,14,63,375,5028,0.946698488464598,2010,6795,597,317,40,533,7,210,36,7
"1192","2020-04-03",73,14,58,411,5028,0.946698488464598,2010,6795,597,317,49,582,4,214,42,4
"1193","2020-04-04",129,14,67,455,5028,0.946698488464598,2010,6795,597,317,45,627,5,219,36,5
"1194","2020-04-05",135,14,86,494,5028,0.946698488464598,2010,6795,597,317,33,660,12,231,28,12
"1195","2020-04-06",127,14,93,539,5028,0.946698488464598,2010,6795,597,317,38,698,5,236,32,5
"1196","2020-04-07",141,14,108,607,5028,0.946698488464598,2010,6795,597,317,34,732,6,242,32,6
"1197","2020-04-08",143,14,111,651,5028,0.946698488464598,2010,6795,597,317,48,780,14,256,44,14
"1198","2020-04-09",154,14,106,693,5028,0.946698488464598,2010,6795,597,317,36,816,13,269,30,13
"1199","2020-04-10",231,14,112,742,5028,0.946698488464598,2010,6795,597,317,43,859,9,278,37,9
"1200","2020-04-11",215,14,107,760,5028,0.946698488464598,2010,6795,597,317,61,920,24,302,56,24
"1201","2020-04-12",210,14,100,788,5028,0.946698488464598,2010,6795,597,317,41,961,5,307,36,5
"1202","2020-04-13",227,14,96,823,5028,0.946698488464598,2010,6795,597,317,47,1008,15,322,41,15
"1203","2020-04-14",235,14,101,860,5028,0.946698488464598,2010,6795,597,317,48,1056,7,329,42,7
"1204","2020-04-15",252,14,100,899,5028,0.946698488464598,2010,6795,597,317,50,1106,17,346,46,17
"1205","2020-04-16",267,14,99,960,5028,0.946698488464598,2010,6795,597,317,46,1152,18,364,37,18
"1206","2020-04-17",303,14,102,1017,5028,0.946698488464598,2010,6795,597,317,55,1207,6,370,51,6
"1207","2020-04-18",340,14,91,1052,5028,0.946698488464598,2010,6795,597,317,59,1266,4,374,56,4
"1208","2020-04-19",323,14,82,1090,5028,0.946698488464598,2010,6795,597,317,39,1305,7,381,29,7
"1209","2020-04-20",331,14,96,1126,5028,0.946698488464598,2010,6795,597,317,44,1349,2,383,37,2
"1210","2020-04-21",331,14,100,1165,5028,0.946698488464598,2010,6795,597,317,43,1392,4,387,37,4
"1211","2020-04-22",347,14,92,1195,5028,0.946698488464598,2010,6795,597,317,50,1442,3,390,46,3
"1212","2020-04-23",355,14,84,1243,5028,0.946698488464598,2010,6795,597,317,44,1486,2,392,33,2
"1213","2020-04-24",411,14,90,1262,5028,0.946698488464598,2010,6795,597,317,38,1524,18,410,32,18
"1214","2020-04-25",401,14,105,1270,5028,0.946698488464598,2010,6795,597,317,49,1573,26,436,41,26
"1215","2020-04-26",392,14,111,1287,5028,0.946698488464598,2010,6795,597,317,55,1628,11,447,51,11
"1216","2020-04-27",383,14,115,1303,5028,0.946698488464598,2010,6795,597,317,46,1674,5,452,38,5
"1217","2020-04-28",392,14,109,1293,5028,0.946698488464598,2010,6795,597,317,46,1720,9,461,35,9
"1218","2020-04-29",384,14,119,1268,5028,0.946698488464598,2010,6795,597,317,62,1782,4,465,57,4
"1219","2020-04-30",384,14,125,1234,5028,0.946698488464598,2010,6795,597,317,46,1828,18,483,40,18
"1220","2020-05-01",379,14,113,1207,5028,0.946698488464598,2010,6795,597,317,52,1880,22,505,48,22
"1221","2020-05-02",391,14,113,1219,5028,0.946698488464598,2010,6795,597,317,47,1927,21,526,44,21
"1222","2020-05-03",393,14,96,1182,5028,0.946698488464598,2010,6795,597,317,45,1972,9,535,41,9
"1223","2020-05-04",382,14,97,1145,5028,0.946698488464598,2010,6795,597,317,34,2006,16,551,31,16
"1224","2020-05-05",380,14,82,1134,5028,0.946698488464598,2010,6795,597,317,44,2050,8,559,36,8
"1225","2020-05-06",387,14,79,1106,5028,0.946698488464598,2010,6795,597,317,47,2097,6,565,40,6
"1226","2020-05-07",381,14,77,1056,5028,0.946698488464598,2010,6795,597,317,43,2140,17,582,39,17
"1227","2020-05-08",378,14,75,1014,5028,0.946698488464598,2010,6795,597,317,40,2180,20,602,34,20
"1228","2020-05-09",358,14,74,975,5028,0.946698488464598,2010,6795,597,317,39,2219,22,624,32,22
"1229","2020-05-10",333,14,76,922,5028,0.946698488464598,2010,6795,597,317,27,2246,34,658,21,34
"1230","2020-05-11",332,14,78,879,5028,0.946698488464598,2010,6795,597,317,35,2281,17,675,28,17
"1231","2020-05-12",314,14,81,851,5028,0.946698488464598,2010,6795,597,317,29,2310,26,701,24,26
"1232","2020-05-13",312,14,75,799,5028,0.946698488464598,2010,6795,597,317,33,2343,21,722,30,21
"1233","2020-05-14",310,14,65,745,5028,0.946698488464598,2010,6795,597,317,34,2377,16,738,31,16
"1234","2020-05-15",305,14,64,732,5028,0.946698488464598,2010,6795,597,317,23,2400,20,758,20,20
"1235","2020-05-16",298,14,58,671,5028,0.946698488464598,2010,6795,597,317,31,2431,8,766,28,8
"1236","2020-05-17",283,14,60,627,5028,0.946698488464598,2010,6795,597,317,31,2462,12,778,26,12
"1237","2020-05-18",281,14,66,582,5028,0.946698488464598,2010,6795,597,317,27,2489,6,784,27,6
"1238","2020-05-19",260,14,71,554,5028,0.946698488464598,2010,6795,597,317,25,2514,11,795,20,11
"1239","2020-05-20",239,14,74,521,5028,0.946698488464598,2010,6795,597,317,29,2543,16,811,23,16
"1240","2020-05-21",220,14,80,509,5028,0.946698488464598,2010,6795,597,317,23,2566,25,836,19,25
"1241","2020-05-22",206,14,87,495,5028,0.946698488464598,2010,6795,597,317,28,2594,19,855,28,19
"1242","2020-05-23",215,14,74,465,5028,0.946698488464598,2010,6795,597,317,26,2620,14,869,25,14
"1243","2020-05-24",184,14,76,430,5028,0.946698488464598,2010,6795,597,317,30,2650,13,882,27,13
"1244","2020-05-25",163,14,65,406,5028,0.946698488464598,2010,6795,597,317,21,2671,10,892,20,10
"1245","2020-05-26",162,14,58,359,5028,0.946698488464598,2010,6795,597,317,24,2695,9,901,20,9
"1246","2020-05-27",149,14,53,328,5028,0.946698488464598,2010,6795,597,317,28,2723,10,911,26,10
"1247","2020-05-28",143,14,55,304,5028,0.946698488464598,2010,6795,597,317,22,2745,16,927,17,16
"1248","2020-05-29",142,14,44,283,5028,0.946698488464598,2010,6795,597,317,21,2766,13,940,16,13
"1249","2020-05-30",123,14,43,263,5028,0.946698488464598,2010,6795,597,317,23,2789,9,949,21,9
"1250","2020-05-31",107,14,44,250,5028,0.946698488464598,2010,6795,597,317,20,2809,6,955,17,6
"1251","2020-06-01",103,14,52,229,5028,0.946698488464598,2010,6795,597,317,26,2835,12,967,25,12
"1252","2020-06-02",91,14,47,202,5028,0.946698488464598,2010,6795,597,317,21,2856,7,974,21,7
"1253","2020-06-03",88,14,42,189,5028,0.946698488464598,2010,6795,597,317,18,2874,11,985,14,11
"1254","2020-06-04",81,14,42,175,5028,0.946698488464598,2010,6795,597,317,18,2892,11,996,15,11
"1255","2020-06-05",65,14,41,158,5028,0.946698488464598,2010,6795,597,317,23,2915,9,1005,21,9
"1256","2020-06-06",57,14,40,145,5028,0.946698488464598,2010,6795,597,317,21,2936,6,1011,20,6
"1257","2020-06-07",56,14,40,138,5028,0.946698488464598,2010,6795,597,317,16,2952,13,1024,12,13
"1258","2020-03-13",2,15,32,35,3144,0.677480916030534,2025,5183,293,449,16,48,3,9,3,3
"1259","2020-03-14",2,15,42,49,3144,0.677480916030534,2025,5183,293,449,17,65,1,10,3,1
"1260","2020-03-15",3,15,39,65,3144,0.677480916030534,2025,5183,293,449,23,88,4,14,6,4
"1261","2020-03-16",6,15,41,84,3144,0.677480916030534,2025,5183,293,449,21,109,3,17,6,3
"1262","2020-03-17",11,15,49,99,3144,0.677480916030534,2025,5183,293,449,21,130,8,25,10,8
"1263","2020-03-18",13,15,50,123,3144,0.677480916030534,2025,5183,293,449,26,156,11,36,14,11
"1264","2020-03-19",17,15,58,140,3144,0.677480916030534,2025,5183,293,449,22,178,7,43,14,7
"1265","2020-03-20",22,15,66,163,3144,0.677480916030534,2025,5183,293,449,30,208,2,45,16,2
"1266","2020-03-21",33,15,64,181,3144,0.677480916030534,2025,5183,293,449,24,232,4,49,19,4
"1267","2020-03-22",55,15,67,190,3144,0.677480916030534,2025,5183,293,449,37,269,8,57,21,8
"1268","2020-03-23",62,15,63,207,3144,0.677480916030534,2025,5183,293,449,27,296,4,61,17,4
"1269","2020-03-24",59,15,64,217,3144,0.677480916030534,2025,5183,293,449,33,329,6,67,23,6
"1270","2020-03-25",66,15,60,242,3144,0.677480916030534,2025,5183,293,449,37,366,8,75,24,8
"1271","2020-03-26",69,15,77,263,3144,0.677480916030534,2025,5183,293,449,34,400,7,82,22,7
"1272","2020-03-27",88,15,96,287,3144,0.677480916030534,2025,5183,293,449,31,431,11,93,19,11
"1273","2020-03-28",108,15,89,295,3144,0.677480916030534,2025,5183,293,449,31,462,9,102,22,9
"1274","2020-03-29",91,15,75,311,3144,0.677480916030534,2025,5183,293,449,40,502,4,106,25,4
"1275","2020-03-30",81,15,59,319,3144,0.677480916030534,2025,5183,293,449,31,533,12,118,17,12
"1276","2020-03-31",89,15,64,347,3144,0.677480916030534,2025,5183,293,449,27,560,6,124,14,6
"1277","2020-04-01",94,15,91,369,3144,0.677480916030534,2025,5183,293,449,47,607,6,130,26,6
"1278","2020-04-02",93,15,97,382,3144,0.677480916030534,2025,5183,293,449,29,636,3,133,20,3
"1279","2020-04-03",104,15,112,402,3144,0.677480916030534,2025,5183,293,449,45,681,2,135,29,2
"1280","2020-04-04",107,15,117,401,3144,0.677480916030534,2025,5183,293,449,40,721,5,140,22,5
"1281","2020-04-05",123,15,117,418,3144,0.677480916030534,2025,5183,293,449,32,753,2,142,20,2
"1282","2020-04-06",125,15,116,439,3144,0.677480916030534,2025,5183,293,449,61,814,4,146,37,4
"1283","2020-04-07",128,15,126,465,3144,0.677480916030534,2025,5183,293,449,38,852,10,156,24,10
"1284","2020-04-08",129,15,142,475,3144,0.677480916030534,2025,5183,293,449,32,884,5,161,17,5
"1285","2020-04-09",142,15,146,483,3144,0.677480916030534,2025,5183,293,449,42,926,5,166,28,5
"1286","2020-04-10",156,15,142,493,3144,0.677480916030534,2025,5183,293,449,31,957,15,181,22,15
"1287","2020-04-11",178,15,133,496,3144,0.677480916030534,2025,5183,293,449,32,989,17,198,18,17
"1288","2020-04-12",163,15,153,514,3144,0.677480916030534,2025,5183,293,449,38,1027,23,221,24,23
"1289","2020-04-13",161,15,135,506,3144,0.677480916030534,2025,5183,293,449,42,1069,15,236,28,15
"1290","2020-04-14",163,15,144,491,3144,0.677480916030534,2025,5183,293,449,43,1112,6,242,22,6
"1291","2020-04-15",169,15,128,481,3144,0.677480916030534,2025,5183,293,449,42,1154,10,252,31,10
"1292","2020-04-16",173,15,116,486,3144,0.677480916030534,2025,5183,293,449,40,1194,7,259,31,7
"1293","2020-04-17",173,15,125,492,3144,0.677480916030534,2025,5183,293,449,51,1245,9,268,34,9
"1294","2020-04-18",145,15,115,497,3144,0.677480916030534,2025,5183,293,449,51,1296,6,274,39,6
"1295","2020-04-19",164,15,108,487,3144,0.677480916030534,2025,5183,293,449,34,1330,7,281,17,7
"1296","2020-04-20",163,15,102,479,3144,0.677480916030534,2025,5183,293,449,46,1376,9,290,31,9
"1297","2020-04-21",162,15,84,491,3144,0.677480916030534,2025,5183,293,449,38,1414,12,302,23,12
"1298","2020-04-22",164,15,75,501,3144,0.677480916030534,2025,5183,293,449,42,1456,17,319,26,17
"1299","2020-04-23",155,15,84,495,3144,0.677480916030534,2025,5183,293,449,49,1505,11,330,32,11
"1300","2020-04-24",172,15,88,487,3144,0.677480916030534,2025,5183,293,449,36,1541,12,342,26,12
"1301","2020-04-25",186,15,107,476,3144,0.677480916030534,2025,5183,293,449,43,1584,5,347,29,5
"1302","2020-04-26",156,15,134,472,3144,0.677480916030534,2025,5183,293,449,45,1629,9,356,32,9
"1303","2020-04-27",152,15,136,479,3144,0.677480916030534,2025,5183,293,449,48,1677,6,362,28,6
"1304","2020-04-28",148,15,141,467,3144,0.677480916030534,2025,5183,293,449,47,1724,5,367,22,5
"1305","2020-04-29",154,15,148,465,3144,0.677480916030534,2025,5183,293,449,44,1768,13,380,30,13
"1306","2020-04-30",153,15,159,461,3144,0.677480916030534,2025,5183,293,449,39,1807,11,391,26,11
"1307","2020-05-01",162,15,151,462,3144,0.677480916030534,2025,5183,293,449,37,1844,9,400,24,9
"1308","2020-05-02",160,15,139,478,3144,0.677480916030534,2025,5183,293,449,31,1875,6,406,22,6
"1309","2020-05-03",172,15,124,479,3144,0.677480916030534,2025,5183,293,449,29,1904,18,424,16,18
"1310","2020-05-04",169,15,103,468,3144,0.677480916030534,2025,5183,293,449,35,1939,7,431,24,7
"1311","2020-05-05",150,15,117,452,3144,0.677480916030534,2025,5183,293,449,30,1969,10,441,19,10
"1312","2020-05-06",141,15,133,457,3144,0.677480916030534,2025,5183,293,449,37,2006,6,447,26,6
"1313","2020-05-07",148,15,140,458,3144,0.677480916030534,2025,5183,293,449,39,2045,3,450,23,3
"1314","2020-05-08",147,15,140,449,3144,0.677480916030534,2025,5183,293,449,23,2068,9,459,12,9
"1315","2020-05-09",161,15,140,429,3144,0.677480916030534,2025,5183,293,449,31,2099,15,474,17,15
"1316","2020-05-10",131,15,139,420,3144,0.677480916030534,2025,5183,293,449,23,2122,4,478,10,4
"1317","2020-05-11",124,15,139,415,3144,0.677480916030534,2025,5183,293,449,28,2150,4,482,16,4
"1318","2020-05-12",130,15,149,409,3144,0.677480916030534,2025,5183,293,449,27,2177,6,488,14,6
"1319","2020-05-13",123,15,148,407,3144,0.677480916030534,2025,5183,293,449,31,2208,14,502,24,14
"1320","2020-05-14",119,15,166,390,3144,0.677480916030534,2025,5183,293,449,23,2231,14,516,14,14
"1321","2020-05-15",129,15,171,398,3144,0.677480916030534,2025,5183,293,449,23,2254,7,523,11,7
"1322","2020-05-16",125,15,165,392,3144,0.677480916030534,2025,5183,293,449,34,2288,8,531,15,8
"1323","2020-05-17",130,15,181,404,3144,0.677480916030534,2025,5183,293,449,26,2314,6,537,18,6
"1324","2020-05-18",131,15,170,401,3144,0.677480916030534,2025,5183,293,449,21,2335,7,544,11,7
"1325","2020-05-19",124,15,147,403,3144,0.677480916030534,2025,5183,293,449,19,2354,9,553,10,9
"1326","2020-05-20",124,15,144,393,3144,0.677480916030534,2025,5183,293,449,23,2377,9,562,13,9
"1327","2020-05-21",125,15,151,381,3144,0.677480916030534,2025,5183,293,449,23,2400,7,569,13,7
"1328","2020-05-22",118,15,158,386,3144,0.677480916030534,2025,5183,293,449,25,2425,6,575,17,6
"1329","2020-05-23",131,15,145,388,3144,0.677480916030534,2025,5183,293,449,24,2449,5,580,14,5
"1330","2020-05-24",135,15,116,376,3144,0.677480916030534,2025,5183,293,449,13,2462,8,588,9,8
"1331","2020-05-25",131,15,103,366,3144,0.677480916030534,2025,5183,293,449,16,2478,6,594,10,6
"1332","2020-05-26",123,15,97,371,3144,0.677480916030534,2025,5183,293,449,19,2497,14,608,9,14
"1333","2020-05-27",121,15,101,367,3144,0.677480916030534,2025,5183,293,449,22,2519,9,617,14,9
"1334","2020-05-28",117,15,96,365,3144,0.677480916030534,2025,5183,293,449,15,2534,3,620,8,3
"1335","2020-05-29",130,15,87,359,3144,0.677480916030534,2025,5183,293,449,11,2545,7,627,9,7
"1336","2020-05-30",120,15,75,331,3144,0.677480916030534,2025,5183,293,449,13,2558,3,630,7,3
"1337","2020-05-31",105,15,83,316,3144,0.677480916030534,2025,5183,293,449,18,2576,2,632,11,2
"1338","2020-06-01",101,15,95,304,3144,0.677480916030534,2025,5183,293,449,17,2593,6,638,12,6
"1339","2020-06-02",105,15,87,296,3144,0.677480916030534,2025,5183,293,449,13,2606,2,640,7,2
"1340","2020-06-03",106,15,82,292,3144,0.677480916030534,2025,5183,293,449,8,2614,7,647,3,7
"1341","2020-06-04",106,15,78,268,3144,0.677480916030534,2025,5183,293,449,16,2630,5,652,14,5
"1342","2020-06-05",97,15,76,261,3144,0.677480916030534,2025,5183,293,449,9,2639,NA,NA,5,NA
"1343","2020-06-06",91,15,72,256,3144,0.677480916030534,2025,5183,293,449,9,2648,NA,NA,6,NA
"1344","2020-06-07",78,15,71,235,3144,0.677480916030534,2025,5183,293,449,12,2660,5,657,6,5
"1345","2020-03-14",1,16,28,18,5351,0.945243879648664,2115,7192,566,402,6,30,9,31,3,9
"1346","2020-03-15",2,16,26,26,5351,0.945243879648664,2115,7192,566,402,10,40,9,40,6,9
"1347","2020-03-16",3,16,23,34,5351,0.945243879648664,2115,7192,566,402,17,57,9,49,6,9
"1348","2020-03-17",5,16,31,44,5351,0.945243879648664,2115,7192,566,402,9,66,12,61,2,12
"1349","2020-03-18",6,16,37,52,5351,0.945243879648664,2115,7192,566,402,15,81,17,78,6,17
"1350","2020-03-19",11,16,46,66,5351,0.945243879648664,2115,7192,566,402,16,97,15,93,8,15
"1351","2020-03-20",12,16,44,71,5351,0.945243879648664,2115,7192,566,402,22,119,20,113,15,20
"1352","2020-03-21",20,16,40,87,5351,0.945243879648664,2115,7192,566,402,22,141,13,126,16,13
"1353","2020-03-22",24,16,34,104,5351,0.945243879648664,2115,7192,566,402,16,157,16,142,8,16
"1354","2020-03-23",22,16,46,110,5351,0.945243879648664,2115,7192,566,402,21,178,11,153,11,11
"1355","2020-03-24",21,16,54,123,5351,0.945243879648664,2115,7192,566,402,23,201,12,165,16,12
"1356","2020-03-25",25,16,61,127,5351,0.945243879648664,2115,7192,566,402,31,232,25,190,23,25
"1357","2020-03-26",23,16,59,152,5351,0.945243879648664,2115,7192,566,402,36,268,18,208,24,18
"1358","2020-03-27",33,16,54,172,5351,0.945243879648664,2115,7192,566,402,29,297,15,223,23,15
"1359","2020-03-28",45,16,62,195,5351,0.945243879648664,2115,7192,566,402,37,334,25,248,28,25
"1360","2020-03-29",49,16,68,229,5351,0.945243879648664,2115,7192,566,402,37,371,28,276,30,28
"1361","2020-03-30",54,16,65,255,5351,0.945243879648664,2115,7192,566,402,31,402,33,309,25,33
"1362","2020-03-31",57,16,76,291,5351,0.945243879648664,2115,7192,566,402,42,444,20,329,30,20
"1363","2020-04-01",55,16,72,317,5351,0.945243879648664,2115,7192,566,402,48,492,33,362,40,33
"1364","2020-04-02",71,16,75,360,5351,0.945243879648664,2115,7192,566,402,38,530,26,388,29,26
"1365","2020-04-03",102,16,77,412,5351,0.945243879648664,2115,7192,566,402,40,570,14,402,31,14
"1366","2020-04-04",124,16,83,441,5351,0.945243879648664,2115,7192,566,402,46,616,21,423,33,21
"1367","2020-04-05",120,16,86,478,5351,0.945243879648664,2115,7192,566,402,54,670,17,440,42,17
"1368","2020-04-06",117,16,75,507,5351,0.945243879648664,2115,7192,566,402,61,731,16,456,41,16
"1369","2020-04-07",126,16,76,570,5351,0.945243879648664,2115,7192,566,402,52,783,24,480,40,24
"1370","2020-04-08",143,16,75,622,5351,0.945243879648664,2115,7192,566,402,53,836,33,513,41,33
"1371","2020-04-09",153,16,68,658,5351,0.945243879648664,2115,7192,566,402,41,877,33,546,32,33
"1372","2020-04-10",204,16,68,727,5351,0.945243879648664,2115,7192,566,402,66,943,27,573,54,27
"1373","2020-04-11",219,16,82,789,5351,0.945243879648664,2115,7192,566,402,58,1001,29,602,45,29
"1374","2020-04-12",233,16,84,864,5351,0.945243879648664,2115,7192,566,402,56,1057,33,635,41,33
"1375","2020-04-13",250,16,100,917,5351,0.945243879648664,2115,7192,566,402,50,1107,28,663,41,28
"1376","2020-04-14",261,16,113,960,5351,0.945243879648664,2115,7192,566,402,56,1163,23,686,43,23
"1377","2020-04-15",275,16,114,1027,5351,0.945243879648664,2115,7192,566,402,44,1207,26,712,32,26
"1378","2020-04-16",280,16,117,1062,5351,0.945243879648664,2115,7192,566,402,45,1252,28,740,36,28
"1379","2020-04-17",309,16,116,1114,5351,0.945243879648664,2115,7192,566,402,60,1312,21,761,51,21
"1380","2020-04-18",358,16,124,1155,5351,0.945243879648664,2115,7192,566,402,52,1364,32,793,38,32
"1381","2020-04-19",379,16,124,1172,5351,0.945243879648664,2115,7192,566,402,67,1431,43,836,57,43
"1382","2020-04-20",373,16,109,1243,5351,0.945243879648664,2115,7192,566,402,54,1485,38,874,45,38
"1383","2020-04-21",383,16,103,1283,5351,0.945243879648664,2115,7192,566,402,53,1538,50,924,49,50
"1384","2020-04-22",386,16,99,1327,5351,0.945243879648664,2115,7192,566,402,49,1587,43,967,39,43
"1385","2020-04-23",405,16,98,1372,5351,0.945243879648664,2115,7192,566,402,55,1642,36,1003,44,36
"1386","2020-04-24",503,16,106,1418,5351,0.945243879648664,2115,7192,566,402,50,1692,27,1030,44,27
"1387","2020-04-25",473,16,96,1456,5351,0.945243879648664,2115,7192,566,402,52,1744,31,1061,40,31
"1388","2020-04-26",451,16,102,1503,5351,0.945243879648664,2115,7192,566,402,49,1793,19,1080,43,19
"1389","2020-04-27",462,16,96,1487,5351,0.945243879648664,2115,7192,566,402,52,1845,20,1100,38,20
"1390","2020-04-28",467,16,93,1518,5351,0.945243879648664,2115,7192,566,402,54,1899,29,1129,43,29
"1391","2020-04-29",480,16,101,1509,5351,0.945243879648664,2115,7192,566,402,50,1949,21,1150,37,21
"1392","2020-04-30",488,16,110,1514,5351,0.945243879648664,2115,7192,566,402,51,2000,26,1176,43,26
"1393","2020-05-01",535,16,127,1493,5351,0.945243879648664,2115,7192,566,402,56,2056,26,1202,46,26
"1394","2020-05-02",574,16,136,1483,5351,0.945243879648664,2115,7192,566,402,49,2105,22,1224,36,22
"1395","2020-05-03",529,16,144,1461,5351,0.945243879648664,2115,7192,566,402,41,2146,38,1262,28,38
"1396","2020-05-04",505,16,163,1419,5351,0.945243879648664,2115,7192,566,402,49,2195,43,1305,37,43
"1397","2020-05-05",503,16,154,1404,5351,0.945243879648664,2115,7192,566,402,44,2239,48,1353,36,48
"1398","2020-05-06",500,16,153,1368,5351,0.945243879648664,2115,7192,566,402,39,2278,36,1389,30,36
"1399","2020-05-07",486,16,153,1326,5351,0.945243879648664,2115,7192,566,402,56,2334,39,1428,44,39
"1400","2020-05-08",476,16,142,1253,5351,0.945243879648664,2115,7192,566,402,58,2392,38,1466,45,38
"1401","2020-05-09",456,16,154,1182,5351,0.945243879648664,2115,7192,566,402,57,2449,29,1495,51,29
"1402","2020-05-10",408,16,149,1114,5351,0.945243879648664,2115,7192,566,402,41,2490,31,1526,32,31
"1403","2020-05-11",402,16,142,1046,5351,0.945243879648664,2115,7192,566,402,33,2523,40,1566,26,40
"1404","2020-05-12",372,16,150,985,5351,0.945243879648664,2115,7192,566,402,49,2572,31,1597,42,31
"1405","2020-05-13",364,16,135,926,5351,0.945243879648664,2115,7192,566,402,38,2610,25,1622,33,25
"1406","2020-05-14",346,16,127,843,5351,0.945243879648664,2115,7192,566,402,46,2656,34,1656,39,34
"1407","2020-05-15",299,16,135,785,5351,0.945243879648664,2115,7192,566,402,37,2693,26,1682,30,26
"1408","2020-05-16",276,16,150,736,5351,0.945243879648664,2115,7192,566,402,41,2734,25,1707,37,25
"1409","2020-05-17",258,16,157,662,5351,0.945243879648664,2115,7192,566,402,44,2778,15,1722,37,15
"1410","2020-05-18",244,16,154,586,5351,0.945243879648664,2115,7192,566,402,35,2813,23,1745,30,23
"1411","2020-05-19",228,16,139,534,5351,0.945243879648664,2115,7192,566,402,33,2846,23,1768,26,23
"1412","2020-05-20",211,16,133,489,5351,0.945243879648664,2115,7192,566,402,31,2877,23,1791,25,23
"1413","2020-05-21",200,16,130,458,5351,0.945243879648664,2115,7192,566,402,41,2918,24,1815,37,24
"1414","2020-05-22",186,16,115,423,5351,0.945243879648664,2115,7192,566,402,34,2952,19,1834,28,19
"1415","2020-05-23",179,16,105,387,5351,0.945243879648664,2115,7192,566,402,43,2995,22,1856,38,22
"1416","2020-05-24",171,16,87,344,5351,0.945243879648664,2115,7192,566,402,37,3032,18,1874,31,18
"1417","2020-05-25",158,16,86,309,5351,0.945243879648664,2115,7192,566,402,24,3056,22,1896,19,22
"1418","2020-05-26",143,16,83,283,5351,0.945243879648664,2115,7192,566,402,23,3079,23,1919,22,23
"1419","2020-05-27",136,16,84,260,5351,0.945243879648664,2115,7192,566,402,20,3099,21,1940,16,21
"1420","2020-05-28",125,16,73,238,5351,0.945243879648664,2115,7192,566,402,26,3125,20,1960,23,20
"1421","2020-05-29",114,16,69,199,5351,0.945243879648664,2115,7192,566,402,20,3145,24,1984,18,24
"1422","2020-05-30",109,16,68,180,5351,0.945243879648664,2115,7192,566,402,26,3171,10,1994,22,10
"1423","2020-05-31",90,16,63,160,5351,0.945243879648664,2115,7192,566,402,27,3198,19,2013,22,19
"1424","2020-06-01",86,16,64,138,5351,0.945243879648664,2115,7192,566,402,18,3216,20,2033,12,20
"1425","2020-06-02",81,16,62,118,5351,0.945243879648664,2115,7192,566,402,18,3234,16,2049,15,16
"1426","2020-06-03",71,16,54,106,5351,0.945243879648664,2115,7192,566,402,22,3256,21,2070,19,21
"1427","2020-06-04",67,16,48,93,5351,0.945243879648664,2115,7192,566,402,16,3272,25,2095,12,25
"1428","2020-06-05",55,16,56,91,5351,0.945243879648664,2115,7192,566,402,23,3295,22,2117,21,22
"1429","2020-06-06",45,16,60,75,5351,0.945243879648664,2115,7192,566,402,15,3310,23,2140,14,23
"1430","2020-06-07",32,16,66,65,5351,0.945243879648664,2115,7192,566,402,20,3330,21,2161,18,21
"1431","2020-03-13",2,17,22,19,3611,0.827471614511216,2100,5962,440,404,4,8,8,19,3,8
"1432","2020-03-14",4,17,24,33,3611,0.827471614511216,2100,5962,440,404,6,14,8,27,5,8
"1433","2020-03-15",3,17,23,44,3611,0.827471614511216,2100,5962,440,404,2,16,4,31,1,4
"1434","2020-03-16",3,17,19,57,3611,0.827471614511216,2100,5962,440,404,4,20,4,35,3,4
"1435","2020-03-17",4,17,19,68,3611,0.827471614511216,2100,5962,440,404,11,31,7,42,11,7
"1436","2020-03-18",5,17,27,77,3611,0.827471614511216,2100,5962,440,404,8,39,7,49,7,7
"1437","2020-03-19",6,17,28,85,3611,0.827471614511216,2100,5962,440,404,11,50,4,53,10,4
"1438","2020-03-20",8,17,28,96,3611,0.827471614511216,2100,5962,440,404,12,62,2,55,11,2
"1439","2020-03-21",9,17,28,121,3611,0.827471614511216,2100,5962,440,404,16,78,6,61,15,6
"1440","2020-03-22",18,17,31,137,3611,0.827471614511216,2100,5962,440,404,19,97,13,74,18,13
"1441","2020-03-23",24,17,35,152,3611,0.827471614511216,2100,5962,440,404,19,116,3,77,17,3
"1442","2020-03-24",30,17,33,169,3611,0.827471614511216,2100,5962,440,404,21,137,16,93,17,16
"1443","2020-03-25",34,17,31,191,3611,0.827471614511216,2100,5962,440,404,26,163,5,98,24,5
"1444","2020-03-26",37,17,32,215,3611,0.827471614511216,2100,5962,440,404,25,188,11,109,24,11
"1445","2020-03-27",49,17,50,231,3611,0.827471614511216,2100,5962,440,404,25,213,10,119,24,10
"1446","2020-03-28",67,17,59,257,3611,0.827471614511216,2100,5962,440,404,31,244,9,128,30,9
"1447","2020-03-29",70,17,47,266,3611,0.827471614511216,2100,5962,440,404,36,280,12,140,34,12
"1448","2020-03-30",66,17,35,285,3611,0.827471614511216,2100,5962,440,404,41,321,7,147,35,7
"1449","2020-03-31",71,17,30,297,3611,0.827471614511216,2100,5962,440,404,49,370,8,155,49,8
"1450","2020-04-01",85,17,39,329,3611,0.827471614511216,2100,5962,440,404,53,423,7,162,53,7
"1451","2020-04-02",90,17,43,330,3611,0.827471614511216,2100,5962,440,404,62,485,3,165,60,3
"1452","2020-04-03",91,17,61,355,3611,0.827471614511216,2100,5962,440,404,87,572,4,169,87,4
"1453","2020-04-04",107,17,62,365,3611,0.827471614511216,2100,5962,440,404,55,627,10,179,53,10
"1454","2020-04-05",121,17,59,378,3611,0.827471614511216,2100,5962,440,404,83,710,10,189,82,10
"1455","2020-04-06",125,17,64,411,3611,0.827471614511216,2100,5962,440,404,68,778,14,203,67,14
"1456","2020-04-07",123,17,66,441,3611,0.827471614511216,2100,5962,440,404,90,868,10,213,86,10
"1457","2020-04-08",120,17,65,468,3611,0.827471614511216,2100,5962,440,404,78,946,15,228,76,15
"1458","2020-04-09",128,17,64,483,3611,0.827471614511216,2100,5962,440,404,102,1048,21,249,100,21
"1459","2020-04-10",154,17,65,517,3611,0.827471614511216,2100,5962,440,404,104,1152,8,257,102,8
"1460","2020-04-11",147,17,73,553,3611,0.827471614511216,2100,5962,440,404,125,1277,15,272,123,15
"1461","2020-04-12",151,17,79,568,3611,0.827471614511216,2100,5962,440,404,101,1378,7,279,98,7
"1462","2020-04-13",152,17,73,583,3611,0.827471614511216,2100,5962,440,404,118,1496,3,282,118,3
"1463","2020-04-14",159,17,82,626,3611,0.827471614511216,2100,5962,440,404,114,1610,4,286,114,4
"1464","2020-04-15",170,17,98,648,3611,0.827471614511216,2100,5962,440,404,115,1725,10,296,114,10
"1465","2020-04-16",172,17,102,669,3611,0.827471614511216,2100,5962,440,404,137,1862,13,309,136,13
"1466","2020-04-17",225,17,92,685,3611,0.827471614511216,2100,5962,440,404,122,1984,11,320,122,11
"1467","2020-04-18",262,17,104,705,3611,0.827471614511216,2100,5962,440,404,135,2119,9,329,135,9
"1468","2020-04-19",246,17,115,707,3611,0.827471614511216,2100,5962,440,404,111,2230,22,351,109,22
"1469","2020-04-20",250,17,121,714,3611,0.827471614511216,2100,5962,440,404,115,2345,7,358,114,7
"1470","2020-04-21",243,17,118,746,3611,0.827471614511216,2100,5962,440,404,168,2513,10,368,166,10
"1471","2020-04-22",243,17,135,770,3611,0.827471614511216,2100,5962,440,404,115,2628,4,372,112,4
"1472","2020-04-23",248,17,122,776,3611,0.827471614511216,2100,5962,440,404,153,2781,10,382,150,10
"1473","2020-04-24",246,17,119,784,3611,0.827471614511216,2100,5962,440,404,126,2907,11,393,124,11
"1474","2020-04-25",229,17,114,785,3611,0.827471614511216,2100,5962,440,404,113,3020,4,397,112,4
"1475","2020-04-26",245,17,120,770,3611,0.827471614511216,2100,5962,440,404,146,3166,12,409,143,12
"1476","2020-04-27",243,17,132,777,3611,0.827471614511216,2100,5962,440,404,120,3286,11,420,119,11
"1477","2020-04-28",238,17,113,784,3611,0.827471614511216,2100,5962,440,404,123,3409,20,440,121,20
"1478","2020-04-29",251,17,103,767,3611,0.827471614511216,2100,5962,440,404,129,3538,13,453,128,13
"1479","2020-04-30",258,17,104,750,3611,0.827471614511216,2100,5962,440,404,109,3647,11,464,108,11
"1480","2020-05-01",261,17,99,749,3611,0.827471614511216,2100,5962,440,404,104,3751,11,475,104,11
"1481","2020-05-02",268,17,100,732,3611,0.827471614511216,2100,5962,440,404,115,3866,15,490,113,15
"1482","2020-05-03",263,17,120,714,3611,0.827471614511216,2100,5962,440,404,115,3981,21,511,115,21
"1483","2020-05-04",268,17,123,693,3611,0.827471614511216,2100,5962,440,404,86,4067,24,535,85,24
"1484","2020-05-05",275,17,115,673,3611,0.827471614511216,2100,5962,440,404,115,4182,19,554,115,19
"1485","2020-05-06",261,17,123,655,3611,0.827471614511216,2100,5962,440,404,95,4277,19,573,93,19
"1486","2020-05-07",258,17,120,637,3611,0.827471614511216,2100,5962,440,404,77,4354,17,590,75,17
"1487","2020-05-08",260,17,130,607,3611,0.827471614511216,2100,5962,440,404,70,4424,11,601,68,11
"1488","2020-05-09",263,17,127,586,3611,0.827471614511216,2100,5962,440,404,79,4503,5,606,79,5
"1489","2020-05-10",229,17,123,561,3611,0.827471614511216,2100,5962,440,404,64,4567,9,615,62,9
"1490","2020-05-11",219,17,101,551,3611,0.827471614511216,2100,5962,440,404,71,4638,9,624,71,9
"1491","2020-05-12",197,17,88,540,3611,0.827471614511216,2100,5962,440,404,57,4695,7,631,54,7
"1492","2020-05-13",194,17,84,521,3611,0.827471614511216,2100,5962,440,404,69,4764,3,634,67,3
"1493","2020-05-14",180,17,89,503,3611,0.827471614511216,2100,5962,440,404,50,4814,17,651,50,17
"1494","2020-05-15",166,17,85,476,3611,0.827471614511216,2100,5962,440,404,42,4856,5,656,42,5
"1495","2020-05-16",158,17,80,450,3611,0.827471614511216,2100,5962,440,404,43,4899,17,673,42,17
"1496","2020-05-17",147,17,71,429,3611,0.827471614511216,2100,5962,440,404,44,4943,5,678,44,5
"1497","2020-05-18",139,17,72,404,3611,0.827471614511216,2100,5962,440,404,40,4983,6,684,39,6
"1498","2020-05-19",141,17,62,388,3611,0.827471614511216,2100,5962,440,404,40,5023,7,691,40,7
"1499","2020-05-20",131,17,66,382,3611,0.827471614511216,2100,5962,440,404,24,5047,19,710,24,19
"1500","2020-05-21",132,17,70,377,3611,0.827471614511216,2100,5962,440,404,27,5074,8,718,27,8
"1501","2020-05-22",130,17,72,375,3611,0.827471614511216,2100,5962,440,404,26,5100,6,724,26,6
"1502","2020-05-23",126,17,80,358,3611,0.827471614511216,2100,5962,440,404,21,5121,4,728,21,4
"1503","2020-05-24",126,17,81,341,3611,0.827471614511216,2100,5962,440,404,26,5147,3,731,25,3
"1504","2020-05-25",116,17,73,337,3611,0.827471614511216,2100,5962,440,404,20,5167,6,737,20,6
"1505","2020-05-26",110,17,76,335,3611,0.827471614511216,2100,5962,440,404,17,5184,5,742,16,5
"1506","2020-05-27",109,17,77,326,3611,0.827471614511216,2100,5962,440,404,15,5199,11,753,15,11
"1507","2020-05-28",105,17,76,328,3611,0.827471614511216,2100,5962,440,404,17,5216,6,759,17,6
"1508","2020-05-29",110,17,68,317,3611,0.827471614511216,2100,5962,440,404,18,5234,14,773,18,14
"1509","2020-05-30",113,17,60,302,3611,0.827471614511216,2100,5962,440,404,8,5242,11,784,7,11
"1510","2020-05-31",104,17,60,293,3611,0.827471614511216,2100,5962,440,404,6,5248,15,799,6,15
"1511","2020-06-01",101,17,62,281,3611,0.827471614511216,2100,5962,440,404,14,5262,8,807,14,8
"1512","2020-06-02",100,17,54,270,3611,0.827471614511216,2100,5962,440,404,7,5269,6,813,7,6
"1513","2020-06-03",98,17,58,249,3611,0.827471614511216,2100,5962,440,404,8,5277,5,818,8,5
"1514","2020-06-04",95,17,51,239,3611,0.827471614511216,2100,5962,440,404,9,5286,6,824,8,6
"1515","2020-06-05",102,17,40,219,3611,0.827471614511216,2100,5962,440,404,12,5298,9,833,12,9
"1516","2020-06-06",96,17,37,216,3611,0.827471614511216,2100,5962,440,404,7,5305,6,839,7,6
"1517","2020-06-07",89,17,42,213,3611,0.827471614511216,2100,5962,440,404,7,5312,5,844,7,5
"1518","2020-03-08",1,18,0,0,4354,0.925815342214056,2175,7010,460,340,NA,NA,NA,NA,NA,NA
"1519","2020-03-09",1,18,0,0,4354,0.925815342214056,2175,7010,460,340,NA,NA,NA,NA,NA,NA
"1520","2020-03-10",0,18,0,0,4354,0.925815342214056,2175,7010,460,340,NA,NA,NA,NA,NA,NA
"1521","2020-03-11",0,18,0,0,4354,0.925815342214056,2175,7010,460,340,1,1,4,4,NA,4
"1522","2020-03-12",0,18,0,0,4354,0.925815342214056,2175,7010,460,340,2,3,6,10,NA,6
"1523","2020-03-13",0,18,0,0,4354,0.925815342214056,2175,7010,460,340,1,4,9,19,NA,9
"1524","2020-03-14",0,18,0,0,4354,0.925815342214056,2175,7010,460,340,3,7,7,26,2,7
"1525","2020-03-15",6,18,25,26,4354,0.925815342214056,2175,7010,460,340,2,9,7,33,1,7
"1526","2020-03-16",7,18,20,30,4354,0.925815342214056,2175,7010,460,340,9,18,3,36,3,3
"1527","2020-03-17",6,18,28,39,4354,0.925815342214056,2175,7010,460,340,5,23,8,44,4,8
"1528","2020-03-18",7,18,39,42,4354,0.925815342214056,2175,7010,460,340,7,30,5,49,5,5
"1529","2020-03-19",8,18,40,54,4354,0.925815342214056,2175,7010,460,340,10,40,3,52,8,3
"1530","2020-03-20",14,18,43,66,4354,0.925815342214056,2175,7010,460,340,7,47,2,54,5,2
"1531","2020-03-21",18,18,33,76,4354,0.925815342214056,2175,7010,460,340,15,62,5,59,12,5
"1532","2020-03-22",17,18,32,86,4354,0.925815342214056,2175,7010,460,340,16,78,4,63,12,4
"1533","2020-03-23",18,18,32,101,4354,0.925815342214056,2175,7010,460,340,15,93,9,72,14,9
"1534","2020-03-24",17,18,35,104,4354,0.925815342214056,2175,7010,460,340,22,115,6,78,22,6
"1535","2020-03-25",18,18,32,122,4354,0.925815342214056,2175,7010,460,340,24,139,8,86,22,8
"1536","2020-03-26",18,18,39,129,4354,0.925815342214056,2175,7010,460,340,23,162,9,95,20,9
"1537","2020-03-27",26,18,57,141,4354,0.925815342214056,2175,7010,460,340,27,189,8,103,24,8
"1538","2020-03-28",34,18,53,157,4354,0.925815342214056,2175,7010,460,340,37,226,8,111,34,8
"1539","2020-03-29",47,18,54,164,4354,0.925815342214056,2175,7010,460,340,36,262,16,127,33,16
"1540","2020-03-30",54,18,54,182,4354,0.925815342214056,2175,7010,460,340,34,296,6,133,32,6
"1541","2020-03-31",54,18,47,194,4354,0.925815342214056,2175,7010,460,340,34,330,3,136,31,3
"1542","2020-04-01",63,18,41,205,4354,0.925815342214056,2175,7010,460,340,53,383,NA,NA,53,NA
"1543","2020-04-02",70,18,40,207,4354,0.925815342214056,2175,7010,460,340,38,421,7,143,37,7
"1544","2020-04-03",85,18,47,228,4354,0.925815342214056,2175,7010,460,340,49,470,5,148,45,5
"1545","2020-04-04",88,18,62,253,4354,0.925815342214056,2175,7010,460,340,54,524,7,155,51,7
"1546","2020-04-05",78,18,72,272,4354,0.925815342214056,2175,7010,460,340,55,579,9,164,53,9
"1547","2020-04-06",74,18,73,292,4354,0.925815342214056,2175,7010,460,340,80,659,5,169,76,5
"1548","2020-04-07",75,18,70,309,4354,0.925815342214056,2175,7010,460,340,67,726,9,178,64,9
"1549","2020-04-08",77,18,64,335,4354,0.925815342214056,2175,7010,460,340,86,812,14,192,82,14
"1550","2020-04-09",82,18,88,342,4354,0.925815342214056,2175,7010,460,340,103,915,7,199,102,7
"1551","2020-04-10",77,18,85,360,4354,0.925815342214056,2175,7010,460,340,87,1002,10,209,87,10
"1552","2020-04-11",98,18,81,377,4354,0.925815342214056,2175,7010,460,340,94,1096,7,216,93,7
"1553","2020-04-12",103,18,71,408,4354,0.925815342214056,2175,7010,460,340,112,1208,4,220,110,4
"1554","2020-04-13",96,18,57,431,4354,0.925815342214056,2175,7010,460,340,119,1327,8,228,117,8
"1555","2020-04-14",106,18,42,483,4354,0.925815342214056,2175,7010,460,340,110,1437,19,247,107,19
"1556","2020-04-15",103,18,43,506,4354,0.925815342214056,2175,7010,460,340,117,1554,12,259,114,12
"1557","2020-04-16",110,18,49,574,4354,0.925815342214056,2175,7010,460,340,150,1704,12,271,148,12
"1558","2020-04-17",147,18,43,610,4354,0.925815342214056,2175,7010,460,340,121,1825,20,291,120,20
"1559","2020-04-18",163,18,45,668,4354,0.925815342214056,2175,7010,460,340,135,1960,16,307,133,16
"1560","2020-04-19",174,18,58,712,4354,0.925815342214056,2175,7010,460,340,136,2096,17,324,135,17
"1561","2020-04-20",182,18,76,762,4354,0.925815342214056,2175,7010,460,340,157,2253,11,335,155,11
"1562","2020-04-21",186,18,74,810,4354,0.925815342214056,2175,7010,460,340,170,2423,8,343,167,8
"1563","2020-04-22",209,18,71,838,4354,0.925815342214056,2175,7010,460,340,134,2557,13,356,132,13
"1564","2020-04-23",222,18,71,863,4354,0.925815342214056,2175,7010,460,340,167,2724,17,373,165,17
"1565","2020-04-24",275,18,69,889,4354,0.925815342214056,2175,7010,460,340,179,2903,14,387,175,14
"1566","2020-04-25",293,18,73,936,4354,0.925815342214056,2175,7010,460,340,151,3054,13,400,149,13
"1567","2020-04-26",315,18,79,950,4354,0.925815342214056,2175,7010,460,340,164,3218,16,416,162,16
"1568","2020-04-27",324,18,83,976,4354,0.925815342214056,2175,7010,460,340,181,3399,21,437,178,21
"1569","2020-04-28",320,18,85,983,4354,0.925815342214056,2175,7010,460,340,98,3497,31,468,97,31
"1570","2020-04-29",323,18,79,1000,4354,0.925815342214056,2175,7010,460,340,146,3643,28,496,144,28
"1571","2020-04-30",327,18,75,1035,4354,0.925815342214056,2175,7010,460,340,149,3792,45,541,147,45
"1572","2020-05-01",376,18,71,1044,4354,0.925815342214056,2175,7010,460,340,110,3902,26,567,109,26
"1573","2020-05-02",381,18,71,1019,4354,0.925815342214056,2175,7010,460,340,152,4054,17,584,151,17
"1574","2020-05-03",341,18,98,1004,4354,0.925815342214056,2175,7010,460,340,108,4162,15,599,107,15
"1575","2020-05-04",324,18,92,1009,4354,0.925815342214056,2175,7010,460,340,124,4286,17,616,123,17
"1576","2020-05-05",328,18,77,964,4354,0.925815342214056,2175,7010,460,340,108,4394,16,632,107,16
"1577","2020-05-06",328,18,81,957,4354,0.925815342214056,2175,7010,460,340,116,4510,19,651,113,19
"1578","2020-05-07",334,18,95,953,4354,0.925815342214056,2175,7010,460,340,108,4618,21,672,108,21
"1579","2020-05-08",333,18,86,953,4354,0.925815342214056,2175,7010,460,340,97,4715,9,681,95,9
"1580","2020-05-09",336,18,81,927,4354,0.925815342214056,2175,7010,460,340,83,4798,10,691,83,10
"1581","2020-05-10",324,18,89,911,4354,0.925815342214056,2175,7010,460,340,73,4871,14,705,73,14
"1582","2020-05-11",321,18,96,915,4354,0.925815342214056,2175,7010,460,340,82,4953,9,714,81,9
"1583","2020-05-12",303,18,90,896,4354,0.925815342214056,2175,7010,460,340,56,5009,22,736,55,22
"1584","2020-05-13",302,18,92,883,4354,0.925815342214056,2175,7010,460,340,65,5074,14,750,64,14
"1585","2020-05-14",297,18,86,864,4354,0.925815342214056,2175,7010,460,340,53,5127,15,765,52,15
"1586","2020-05-15",302,18,75,853,4354,0.925815342214056,2175,7010,460,340,47,5174,25,790,47,25
"1587","2020-05-16",313,18,66,839,4354,0.925815342214056,2175,7010,460,340,41,5215,18,808,38,18
"1588","2020-05-17",277,18,58,810,4354,0.925815342214056,2175,7010,460,340,44,5259,17,825,44,17
"1589","2020-05-18",291,18,54,786,4354,0.925815342214056,2175,7010,460,340,38,5297,26,851,38,26
"1590","2020-05-19",295,18,54,752,4354,0.925815342214056,2175,7010,460,340,47,5344,14,865,46,14
"1591","2020-05-20",285,18,72,727,4354,0.925815342214056,2175,7010,460,340,41,5385,18,883,37,18
"1592","2020-05-21",281,18,62,683,4354,0.925815342214056,2175,7010,460,340,22,5407,15,898,22,15
"1593","2020-05-22",288,18,56,659,4354,0.925815342214056,2175,7010,460,340,32,5439,11,909,31,11
"1594","2020-05-23",256,18,62,637,4354,0.925815342214056,2175,7010,460,340,37,5476,20,929,36,20
"1595","2020-05-24",244,18,63,603,4354,0.925815342214056,2175,7010,460,340,27,5503,11,940,27,11
"1596","2020-05-25",231,18,59,569,4354,0.925815342214056,2175,7010,460,340,16,5519,8,948,16,8
"1597","2020-05-26",220,18,67,542,4354,0.925815342214056,2175,7010,460,340,25,5544,6,954,23,6
"1598","2020-05-27",210,18,68,500,4354,0.925815342214056,2175,7010,460,340,18,5562,7,961,17,7
"1599","2020-05-28",197,18,64,462,4354,0.925815342214056,2175,7010,460,340,14,5576,8,969,13,8
"1600","2020-05-29",181,18,67,429,4354,0.925815342214056,2175,7010,460,340,23,5599,10,979,22,10
"1601","2020-05-30",181,18,64,412,4354,0.925815342214056,2175,7010,460,340,10,5609,10,989,9,10
"1602","2020-05-31",167,18,51,382,4354,0.925815342214056,2175,7010,460,340,17,5626,8,997,17,8
"1603","2020-06-01",155,18,40,367,4354,0.925815342214056,2175,7010,460,340,10,5636,2,999,10,2
"1604","2020-06-02",146,18,40,345,4354,0.925815342214056,2175,7010,460,340,13,5649,11,1010,13,11
"1605","2020-06-03",147,18,40,305,4354,0.925815342214056,2175,7010,460,340,6,5655,7,1017,6,7
"1606","2020-06-04",140,18,32,295,4354,0.925815342214056,2175,7010,460,340,8,5663,8,1025,8,8
"1607","2020-06-05",126,18,31,283,4354,0.925815342214056,2175,7010,460,340,9,5672,9,1034,8,9
"1608","2020-06-06",115,18,25,275,4354,0.925815342214056,2175,7010,460,340,10,5682,2,1036,10,2
"1609","2020-06-07",106,18,28,265,4354,0.925815342214056,2175,7010,460,340,7,5689,9,1045,7,9
"1610","2020-03-13",2,19,16,19,2066,0.667957405614714,1995,4265,230,260,7,16,8,14,NA,8
"1611","2020-03-14",4,19,20,21,2066,0.667957405614714,1995,4265,230,260,4,20,7,21,1,7
"1612","2020-03-15",3,19,14,33,2066,0.667957405614714,1995,4265,230,260,8,28,4,25,2,4
"1613","2020-03-16",3,19,10,35,2066,0.667957405614714,1995,4265,230,260,8,36,4,29,4,4
"1614","2020-03-17",4,19,13,44,2066,0.667957405614714,1995,4265,230,260,5,41,2,31,4,2
"1615","2020-03-18",4,19,15,51,2066,0.667957405614714,1995,4265,230,260,10,51,3,34,5,3
"1616","2020-03-19",6,19,20,64,2066,0.667957405614714,1995,4265,230,260,14,65,10,44,10,10
"1617","2020-03-20",11,19,20,66,2066,0.667957405614714,1995,4265,230,260,27,92,11,55,14,11
"1618","2020-03-21",16,19,20,82,2066,0.667957405614714,1995,4265,230,260,20,112,15,70,13,15
"1619","2020-03-22",17,19,24,86,2066,0.667957405614714,1995,4265,230,260,24,136,4,74,14,4
"1620","2020-03-23",15,19,27,98,2066,0.667957405614714,1995,4265,230,260,23,159,4,78,15,4
"1621","2020-03-24",20,19,27,110,2066,0.667957405614714,1995,4265,230,260,31,190,16,94,23,16
"1622","2020-03-25",27,19,28,117,2066,0.667957405614714,1995,4265,230,260,26,216,16,110,20,16
"1623","2020-03-26",30,19,27,126,2066,0.667957405614714,1995,4265,230,260,30,246,5,115,25,5
"1624","2020-03-27",35,19,29,143,2066,0.667957405614714,1995,4265,230,260,41,287,9,124,32,9
"1625","2020-03-28",35,19,30,148,2066,0.667957405614714,1995,4265,230,260,39,326,4,128,28,4
"1626","2020-03-29",40,19,27,158,2066,0.667957405614714,1995,4265,230,260,46,372,12,140,35,12
"1627","2020-03-30",49,19,40,184,2066,0.667957405614714,1995,4265,230,260,50,422,1,141,44,1
"1628","2020-03-31",47,19,30,196,2066,0.667957405614714,1995,4265,230,260,52,474,9,150,44,9
"1629","2020-04-01",47,19,28,201,2066,0.667957405614714,1995,4265,230,260,50,524,13,163,39,13
"1630","2020-04-02",49,19,22,211,2066,0.667957405614714,1995,4265,230,260,48,572,7,170,35,7
"1631","2020-04-03",58,19,24,218,2066,0.667957405614714,1995,4265,230,260,38,610,2,172,31,2
"1632","2020-04-04",60,19,18,233,2066,0.667957405614714,1995,4265,230,260,71,681,1,173,64,1
"1633","2020-04-05",73,19,29,251,2066,0.667957405614714,1995,4265,230,260,70,751,2,175,59,2
"1634","2020-04-06",69,19,33,260,2066,0.667957405614714,1995,4265,230,260,68,819,2,177,60,2
"1635","2020-04-07",71,19,37,263,2066,0.667957405614714,1995,4265,230,260,81,900,7,184,75,7
"1636","2020-04-08",76,19,33,264,2066,0.667957405614714,1995,4265,230,260,76,976,13,197,65,13
"1637","2020-04-09",78,19,40,267,2066,0.667957405614714,1995,4265,230,260,87,1063,7,204,76,7
"1638","2020-04-10",85,19,41,269,2066,0.667957405614714,1995,4265,230,260,81,1144,5,209,75,5
"1639","2020-04-11",93,19,43,280,2066,0.667957405614714,1995,4265,230,260,80,1224,11,220,70,11
"1640","2020-04-12",87,19,42,283,2066,0.667957405614714,1995,4265,230,260,89,1313,9,229,79,9
"1641","2020-04-13",85,19,42,277,2066,0.667957405614714,1995,4265,230,260,115,1428,11,240,105,11
"1642","2020-04-14",86,19,32,276,2066,0.667957405614714,1995,4265,230,260,99,1527,7,247,92,7
"1643","2020-04-15",78,19,41,278,2066,0.667957405614714,1995,4265,230,260,93,1620,2,249,87,2
"1644","2020-04-16",80,19,48,297,2066,0.667957405614714,1995,4265,230,260,109,1729,10,259,101,10
"1645","2020-04-17",92,19,45,297,2066,0.667957405614714,1995,4265,230,260,99,1828,13,272,81,13
"1646","2020-04-18",109,19,48,316,2066,0.667957405614714,1995,4265,230,260,147,1975,23,295,137,23
"1647","2020-04-19",101,19,42,318,2066,0.667957405614714,1995,4265,230,260,101,2076,11,306,92,11
"1648","2020-04-20",98,19,44,319,2066,0.667957405614714,1995,4265,230,260,106,2182,24,330,93,24
"1649","2020-04-21",96,19,42,320,2066,0.667957405614714,1995,4265,230,260,106,2288,7,337,99,7
"1650","2020-04-22",104,19,55,312,2066,0.667957405614714,1995,4265,230,260,108,2396,12,349,96,12
"1651","2020-04-23",103,19,64,323,2066,0.667957405614714,1995,4265,230,260,77,2473,19,368,71,19
"1652","2020-04-24",107,19,59,331,2066,0.667957405614714,1995,4265,230,260,117,2590,21,389,108,21
"1653","2020-04-25",107,19,59,353,2066,0.667957405614714,1995,4265,230,260,89,2679,18,407,82,18
"1654","2020-04-26",100,19,48,339,2066,0.667957405614714,1995,4265,230,260,108,2787,25,432,100,25
"1655","2020-04-27",97,19,45,346,2066,0.667957405614714,1995,4265,230,260,62,2849,33,465,54,33
"1656","2020-04-28",96,19,41,347,2066,0.667957405614714,1995,4265,230,260,103,2952,30,495,96,30
"1657","2020-04-29",93,19,37,363,2066,0.667957405614714,1995,4265,230,260,90,3042,10,505,78,10
"1658","2020-04-30",99,19,42,371,2066,0.667957405614714,1995,4265,230,260,67,3109,19,524,62,19
"1659","2020-05-01",102,19,44,367,2066,0.667957405614714,1995,4265,230,260,73,3182,16,540,57,16
"1660","2020-05-02",109,19,50,359,2066,0.667957405614714,1995,4265,230,260,80,3262,10,550,71,10
"1661","2020-05-03",113,19,49,365,2066,0.667957405614714,1995,4265,230,260,75,3337,13,563,73,13
"1662","2020-05-04",116,19,54,371,2066,0.667957405614714,1995,4265,230,260,79,3416,10,573,71,10
"1663","2020-05-05",120,19,47,371,2066,0.667957405614714,1995,4265,230,260,71,3487,6,579,66,6
"1664","2020-05-06",124,19,55,376,2066,0.667957405614714,1995,4265,230,260,70,3557,8,587,59,8
"1665","2020-05-07",122,19,62,376,2066,0.667957405614714,1995,4265,230,260,92,3649,11,598,84,11
"1666","2020-05-08",138,19,66,383,2066,0.667957405614714,1995,4265,230,260,65,3714,12,610,59,12
"1667","2020-05-09",136,19,76,381,2066,0.667957405614714,1995,4265,230,260,74,3788,7,617,67,7
"1668","2020-05-10",142,19,71,374,2066,0.667957405614714,1995,4265,230,260,81,3869,14,631,76,14
"1669","2020-05-11",137,19,79,365,2066,0.667957405614714,1995,4265,230,260,56,3925,14,645,48,14
"1670","2020-05-12",134,19,71,356,2066,0.667957405614714,1995,4265,230,260,67,3992,22,667,55,22
"1671","2020-05-13",136,19,70,335,2066,0.667957405614714,1995,4265,230,260,59,4051,19,686,55,19
"1672","2020-05-14",138,19,68,331,2066,0.667957405614714,1995,4265,230,260,63,4114,27,713,57,27
"1673","2020-05-15",141,19,81,312,2066,0.667957405614714,1995,4265,230,260,55,4169,17,730,47,17
"1674","2020-05-16",128,19,76,298,2066,0.667957405614714,1995,4265,230,260,58,4227,26,756,49,26
"1675","2020-05-17",105,19,67,286,2066,0.667957405614714,1995,4265,230,260,30,4257,24,780,28,24
"1676","2020-05-18",103,19,63,276,2066,0.667957405614714,1995,4265,230,260,42,4299,17,797,41,17
"1677","2020-05-19",100,19,59,262,2066,0.667957405614714,1995,4265,230,260,45,4344,7,804,41,7
"1678","2020-05-20",95,19,63,263,2066,0.667957405614714,1995,4265,230,260,43,4387,4,808,41,4
"1679","2020-05-21",87,19,54,243,2066,0.667957405614714,1995,4265,230,260,36,4423,10,818,31,10
"1680","2020-05-22",83,19,49,240,2066,0.667957405614714,1995,4265,230,260,31,4454,18,836,29,18
"1681","2020-05-23",91,19,41,243,2066,0.667957405614714,1995,4265,230,260,19,4473,7,843,17,7
"1682","2020-05-24",84,19,45,243,2066,0.667957405614714,1995,4265,230,260,34,4507,5,848,30,5
"1683","2020-05-25",82,19,43,234,2066,0.667957405614714,1995,4265,230,260,31,4538,7,855,30,7
"1684","2020-05-26",78,19,48,227,2066,0.667957405614714,1995,4265,230,260,23,4561,12,867,19,12
"1685","2020-05-27",78,19,44,222,2066,0.667957405614714,1995,4265,230,260,31,4592,6,873,24,6
"1686","2020-05-28",79,19,40,231,2066,0.667957405614714,1995,4265,230,260,15,4607,4,877,13,4
"1687","2020-05-29",88,19,37,232,2066,0.667957405614714,1995,4265,230,260,29,4636,NA,NA,26,NA
"1688","2020-05-30",92,19,35,226,2066,0.667957405614714,1995,4265,230,260,28,4664,5,882,22,5
"1689","2020-05-31",90,19,36,223,2066,0.667957405614714,1995,4265,230,260,23,4687,6,888,21,6
"1690","2020-06-01",82,19,39,209,2066,0.667957405614714,1995,4265,230,260,17,4704,5,893,14,5
"1691","2020-06-02",73,19,44,198,2066,0.667957405614714,1995,4265,230,260,12,4716,6,899,10,6
"1692","2020-06-03",68,19,48,187,2066,0.667957405614714,1995,4265,230,260,21,4737,8,907,18,8
"1693","2020-06-04",70,19,40,180,2066,0.667957405614714,1995,4265,230,260,17,4754,13,920,13,13
"1694","2020-06-05",63,19,36,173,2066,0.667957405614714,1995,4265,230,260,13,4767,9,929,11,9
"1695","2020-06-06",56,19,44,166,2066,0.667957405614714,1995,4265,230,260,16,4783,3,932,14,3
"1696","2020-06-07",51,19,37,164,2066,0.667957405614714,1995,4265,230,260,12,4795,2,934,12,2
"1697","2020-03-07",1,20,0,0,4625,0.974486486486487,2070,6859,497,351,NA,NA,NA,NA,NA,NA
"1698","2020-03-08",2,20,0,0,4625,0.974486486486487,2070,6859,497,351,NA,NA,NA,NA,NA,NA
"1699","2020-03-09",1,20,0,0,4625,0.974486486486487,2070,6859,497,351,NA,NA,NA,NA,NA,NA
"1700","2020-03-10",0,20,0,0,4625,0.974486486486487,2070,6859,497,351,NA,NA,NA,NA,NA,NA
"1701","2020-03-11",0,20,0,0,4625,0.974486486486487,2070,6859,497,351,2,2,1,1,NA,1
"1702","2020-03-12",0,20,0,0,4625,0.974486486486487,2070,6859,497,351,3,5,1,2,1,1
"1703","2020-03-13",0,20,0,0,4625,0.974486486486487,2070,6859,497,351,1,6,7,9,1,7
"1704","2020-03-14",0,20,0,0,4625,0.974486486486487,2070,6859,497,351,4,10,7,16,NA,7
"1705","2020-03-15",1,20,21,24,4625,0.974486486486487,2070,6859,497,351,6,16,8,24,3,8
"1706","2020-03-16",5,20,22,30,4625,0.974486486486487,2070,6859,497,351,5,21,3,27,4,3
"1707","2020-03-17",6,20,27,42,4625,0.974486486486487,2070,6859,497,351,2,23,5,32,2,5
"1708","2020-03-18",6,20,36,52,4625,0.974486486486487,2070,6859,497,351,3,26,13,45,1,13
"1709","2020-03-19",9,20,43,61,4625,0.974486486486487,2070,6859,497,351,12,38,8,53,7,8
"1710","2020-03-20",11,20,46,71,4625,0.974486486486487,2070,6859,497,351,12,50,4,57,9,4
"1711","2020-03-21",17,20,51,80,4625,0.974486486486487,2070,6859,497,351,9,59,3,60,6,3
"1712","2020-03-22",21,20,57,93,4625,0.974486486486487,2070,6859,497,351,10,69,14,74,7,14
"1713","2020-03-23",18,20,69,115,4625,0.974486486486487,2070,6859,497,351,18,87,5,79,15,5
"1714","2020-03-24",22,20,65,134,4625,0.974486486486487,2070,6859,497,351,13,100,10,89,11,10
"1715","2020-03-25",26,20,62,150,4625,0.974486486486487,2070,6859,497,351,24,124,11,100,20,11
"1716","2020-03-26",29,20,64,169,4625,0.974486486486487,2070,6859,497,351,20,144,17,117,20,17
"1717","2020-03-27",38,20,77,183,4625,0.974486486486487,2070,6859,497,351,24,168,6,123,22,6
"1718","2020-03-28",46,20,84,210,4625,0.974486486486487,2070,6859,497,351,15,183,10,133,13,10
"1719","2020-03-29",49,20,94,228,4625,0.974486486486487,2070,6859,497,351,26,209,4,137,24,4
"1720","2020-03-30",62,20,85,260,4625,0.974486486486487,2070,6859,497,351,24,233,5,142,20,5
"1721","2020-03-31",70,20,76,301,4625,0.974486486486487,2070,6859,497,351,29,262,7,149,25,7
"1722","2020-04-01",74,20,62,336,4625,0.974486486486487,2070,6859,497,351,36,298,13,162,34,13
"1723","2020-04-02",82,20,52,373,4625,0.974486486486487,2070,6859,497,351,48,346,11,173,41,11
"1724","2020-04-03",88,20,59,396,4625,0.974486486486487,2070,6859,497,351,31,377,12,185,29,12
"1725","2020-04-04",105,20,70,442,4625,0.974486486486487,2070,6859,497,351,38,415,17,202,35,17
"1726","2020-04-05",135,20,68,463,4625,0.974486486486487,2070,6859,497,351,53,468,18,220,47,18
"1727","2020-04-06",134,20,83,481,4625,0.974486486486487,2070,6859,497,351,58,526,15,235,54,15
"1728","2020-04-07",123,20,68,524,4625,0.974486486486487,2070,6859,497,351,67,593,10,245,66,10
"1729","2020-04-08",134,20,60,545,4625,0.974486486486487,2070,6859,497,351,61,654,8,253,55,8
"1730","2020-04-09",138,20,62,589,4625,0.974486486486487,2070,6859,497,351,92,746,16,269,90,16
"1731","2020-04-10",188,20,57,631,4625,0.974486486486487,2070,6859,497,351,80,826,8,277,78,8
"1732","2020-04-11",210,20,51,675,4625,0.974486486486487,2070,6859,497,351,62,888,17,294,57,17
"1733","2020-04-12",192,20,66,714,4625,0.974486486486487,2070,6859,497,351,83,971,13,307,80,13
"1734","2020-04-13",197,20,61,752,4625,0.974486486486487,2070,6859,497,351,88,1059,10,317,85,10
"1735","2020-04-14",211,20,62,792,4625,0.974486486486487,2070,6859,497,351,80,1139,12,329,76,12
"1736","2020-04-15",217,20,62,824,4625,0.974486486486487,2070,6859,497,351,100,1239,16,345,93,16
"1737","2020-04-16",228,20,57,858,4625,0.974486486486487,2070,6859,497,351,97,1336,10,355,94,10
"1738","2020-04-17",267,20,48,879,4625,0.974486486486487,2070,6859,497,351,97,1433,11,366,94,11
"1739","2020-04-18",273,20,57,921,4625,0.974486486486487,2070,6859,497,351,89,1522,9,375,87,9
"1740","2020-04-19",289,20,63,963,4625,0.974486486486487,2070,6859,497,351,123,1645,16,391,120,16
"1741","2020-04-20",280,20,57,983,4625,0.974486486486487,2070,6859,497,351,121,1766,16,407,116,16
"1742","2020-04-21",280,20,52,989,4625,0.974486486486487,2070,6859,497,351,136,1902,18,425,134,18
"1743","2020-04-22",290,20,69,1020,4625,0.974486486486487,2070,6859,497,351,156,2058,14,439,153,14
"1744","2020-04-23",293,20,72,1032,4625,0.974486486486487,2070,6859,497,351,123,2181,11,450,121,11
"1745","2020-04-24",347,20,76,1023,4625,0.974486486486487,2070,6859,497,351,158,2339,20,470,155,20
"1746","2020-04-25",371,20,69,1027,4625,0.974486486486487,2070,6859,497,351,154,2493,19,489,146,19
"1747","2020-04-26",344,20,68,1034,4625,0.974486486486487,2070,6859,497,351,136,2629,19,508,130,19
"1748","2020-04-27",350,20,64,1041,4625,0.974486486486487,2070,6859,497,351,151,2780,17,525,143,17
"1749","2020-04-28",356,20,69,1012,4625,0.974486486486487,2070,6859,497,351,101,2881,28,553,99,28
"1750","2020-04-29",355,20,58,1007,4625,0.974486486486487,2070,6859,497,351,140,3021,17,570,135,17
"1751","2020-04-30",360,20,78,1046,4625,0.974486486486487,2070,6859,497,351,129,3150,12,582,128,12
"1752","2020-05-01",346,20,81,1021,4625,0.974486486486487,2070,6859,497,351,110,3260,19,601,107,19
"1753","2020-05-02",339,20,77,1000,4625,0.974486486486487,2070,6859,497,351,114,3374,18,619,113,18
"1754","2020-05-03",329,20,93,969,4625,0.974486486486487,2070,6859,497,351,151,3525,26,645,146,26
"1755","2020-05-04",325,20,92,960,4625,0.974486486486487,2070,6859,497,351,138,3663,19,664,136,19
"1756","2020-05-05",317,20,98,960,4625,0.974486486486487,2070,6859,497,351,81,3744,13,677,81,13
"1757","2020-05-06",310,20,98,968,4625,0.974486486486487,2070,6859,497,351,90,3834,16,693,88,16
"1758","2020-05-07",316,20,102,965,4625,0.974486486486487,2070,6859,497,351,100,3934,19,712,98,19
"1759","2020-05-08",314,20,120,928,4625,0.974486486486487,2070,6859,497,351,84,4018,13,725,82,13
"1760","2020-05-09",317,20,118,917,4625,0.974486486486487,2070,6859,497,351,81,4099,14,739,77,14
"1761","2020-05-10",328,20,84,902,4625,0.974486486486487,2070,6859,497,351,79,4178,14,753,76,14
"1762","2020-05-11",332,20,84,864,4625,0.974486486486487,2070,6859,497,351,76,4254,5,758,75,5
"1763","2020-05-12",322,20,87,844,4625,0.974486486486487,2070,6859,497,351,71,4325,14,772,67,14
"1764","2020-05-13",341,20,80,828,4625,0.974486486486487,2070,6859,497,351,66,4391,11,783,66,11
"1765","2020-05-14",341,20,79,782,4625,0.974486486486487,2070,6859,497,351,79,4470,11,794,75,11
"1766","2020-05-15",338,20,72,758,4625,0.974486486486487,2070,6859,497,351,64,4534,26,820,64,26
"1767","2020-05-16",354,20,71,729,4625,0.974486486486487,2070,6859,497,351,64,4598,13,833,60,13
"1768","2020-05-17",324,20,74,719,4625,0.974486486486487,2070,6859,497,351,46,4644,16,849,43,16
"1769","2020-05-18",295,20,77,661,4625,0.974486486486487,2070,6859,497,351,51,4695,14,863,48,14
"1770","2020-05-19",278,20,68,633,4625,0.974486486486487,2070,6859,497,351,47,4742,10,873,45,10
"1771","2020-05-20",251,20,66,586,4625,0.974486486486487,2070,6859,497,351,43,4785,6,879,41,6
"1772","2020-05-21",236,20,69,548,4625,0.974486486486487,2070,6859,497,351,32,4817,9,888,30,9
"1773","2020-05-22",223,20,61,511,4625,0.974486486486487,2070,6859,497,351,46,4863,6,894,46,6
"1774","2020-05-23",201,20,71,475,4625,0.974486486486487,2070,6859,497,351,24,4887,10,904,24,10
"1775","2020-05-24",178,20,75,436,4625,0.974486486486487,2070,6859,497,351,28,4915,10,914,27,10
"1776","2020-05-25",166,20,63,410,4625,0.974486486486487,2070,6859,497,351,20,4935,10,924,20,10
"1777","2020-05-26",172,20,59,383,4625,0.974486486486487,2070,6859,497,351,36,4971,13,937,35,13
"1778","2020-05-27",168,20,51,356,4625,0.974486486486487,2070,6859,497,351,29,5000,12,949,28,12
"1779","2020-05-28",149,20,51,337,4625,0.974486486486487,2070,6859,497,351,18,5018,19,968,16,19
"1780","2020-05-29",134,20,66,319,4625,0.974486486486487,2070,6859,497,351,14,5032,8,976,14,8
"1781","2020-05-30",114,20,56,298,4625,0.974486486486487,2070,6859,497,351,11,5043,9,985,10,9
"1782","2020-05-31",107,20,59,274,4625,0.974486486486487,2070,6859,497,351,11,5054,10,995,11,10
"1783","2020-06-01",104,20,53,276,4625,0.974486486486487,2070,6859,497,351,13,5067,13,1008,12,13
"1784","2020-06-02",89,20,48,248,4625,0.974486486486487,2070,6859,497,351,10,5077,10,1018,9,10
"1785","2020-06-03",83,20,53,235,4625,0.974486486486487,2070,6859,497,351,13,5090,5,1023,12,5
"1786","2020-06-04",80,20,60,227,4625,0.974486486486487,2070,6859,497,351,4,5094,3,1026,3,3
"1787","2020-06-05",75,20,49,221,4625,0.974486486486487,2070,6859,497,351,8,5102,4,1030,7,4
"1788","2020-06-06",88,20,33,213,4625,0.974486486486487,2070,6859,497,351,10,5112,3,1033,10,3
"1789","2020-06-07",83,20,30,202,4625,0.974486486486487,2070,6859,497,351,5,5117,3,1036,4,3
