"","Date","Absents","Paramset","Infections_or_Exposed_per_day_Patient","Infections_or_Exposed_per_day_HCW","total_infections","nosocomial_proportion","PCR_pooled","LFD_pooled","HCW_symp_test","patient_symp_test","new_hcw_infs","cumulative_hcw_infs","new_pat_infs","cumulative_pats_infs","new_nosocomial_hcw_infs","new_nosocomial_pat_infs"
"1","2020-03-14",3,1,14,45,2430,0.528395061728395,8355,20670,142,255,15,45,3,8,1,3
"2","2020-03-15",5,1,12,59,2430,0.528395061728395,8355,20670,142,255,14,59,1,9,4,1
"3","2020-03-16",6,1,15,70,2430,0.528395061728395,8355,20670,142,255,11,70,5,14,3,5
"4","2020-03-17",7,1,20,89,2430,0.528395061728395,8355,20670,142,255,19,89,4,18,3,4
"5","2020-03-18",11,1,29,104,2430,0.528395061728395,8355,20670,142,255,18,107,9,27,8,9
"6","2020-03-19",16,1,28,119,2430,0.528395061728395,8355,20670,142,255,18,125,4,31,5,4
"7","2020-03-20",20,1,38,135,2430,0.528395061728395,8355,20670,142,255,21,146,12,43,9,12
"8","2020-03-21",25,1,39,154,2430,0.528395061728395,8355,20670,142,255,26,172,4,47,8,4
"9","2020-03-22",38,1,44,166,2430,0.528395061728395,8355,20670,142,255,17,189,11,58,10,11
"10","2020-03-23",45,1,42,173,2430,0.528395061728395,8355,20670,142,255,13,202,10,68,8,10
"11","2020-03-24",43,1,43,182,2430,0.528395061728395,8355,20670,142,255,21,223,7,75,7,7
"12","2020-03-25",48,1,36,186,2430,0.528395061728395,8355,20670,142,255,17,240,1,76,8,1
"13","2020-03-26",52,1,39,192,2430,0.528395061728395,8355,20670,142,255,22,262,8,84,8,8
"14","2020-03-27",65,1,47,204,2430,0.528395061728395,8355,20670,142,255,26,288,10,94,13,10
"15","2020-03-28",67,1,48,211,2430,0.528395061728395,8355,20670,142,255,22,310,8,102,10,8
"16","2020-03-29",65,1,44,217,2430,0.528395061728395,8355,20670,142,255,23,333,6,108,9,6
"17","2020-03-30",61,1,53,228,2430,0.528395061728395,8355,20670,142,255,25,358,12,120,12,12
"18","2020-03-31",59,1,51,233,2430,0.528395061728395,8355,20670,142,255,21,379,8,128,5,8
"19","2020-04-01",59,1,48,245,2430,0.528395061728395,8355,20670,142,255,28,407,7,135,16,7
"20","2020-04-02",58,1,46,255,2430,0.528395061728395,8355,20670,142,255,36,443,8,143,20,8
"21","2020-04-03",63,1,44,263,2430,0.528395061728395,8355,20670,142,255,34,477,5,148,19,5
"22","2020-04-04",79,1,34,272,2430,0.528395061728395,8355,20670,142,255,32,509,1,149,19,1
"23","2020-04-05",75,1,28,288,2430,0.528395061728395,8355,20670,142,255,32,541,1,150,19,1
"24","2020-04-06",71,1,35,302,2430,0.528395061728395,8355,20670,142,255,36,577,8,158,22,8
"25","2020-04-07",79,1,38,322,2430,0.528395061728395,8355,20670,142,255,32,609,12,170,18,12
"26","2020-04-08",80,1,38,327,2430,0.528395061728395,8355,20670,142,255,33,642,5,175,21,5
"27","2020-04-09",88,1,41,349,2430,0.528395061728395,8355,20670,142,255,48,690,8,183,24,8
"28","2020-04-10",111,1,39,357,2430,0.528395061728395,8355,20670,142,255,38,728,7,190,17,7
"29","2020-04-11",143,1,39,365,2430,0.528395061728395,8355,20670,142,255,31,759,7,197,18,7
"30","2020-04-12",141,1,40,389,2430,0.528395061728395,8355,20670,142,255,47,806,9,206,28,9
"31","2020-04-13",140,1,37,392,2430,0.528395061728395,8355,20670,142,255,28,834,5,211,15,5
"32","2020-04-14",142,1,42,409,2430,0.528395061728395,8355,20670,142,255,40,874,8,219,20,8
"33","2020-04-15",145,1,41,417,2430,0.528395061728395,8355,20670,142,255,40,914,4,223,20,4
"34","2020-04-16",140,1,34,406,2430,0.528395061728395,8355,20670,142,255,30,944,4,227,21,4
"35","2020-04-17",158,1,48,403,2430,0.528395061728395,8355,20670,142,255,33,977,13,240,17,13
"36","2020-04-18",133,1,42,391,2430,0.528395061728395,8355,20670,142,255,40,1017,6,246,19,6
"37","2020-04-19",119,1,39,397,2430,0.528395061728395,8355,20670,142,255,38,1055,6,252,20,6
"38","2020-04-20",121,1,37,397,2430,0.528395061728395,8355,20670,142,255,44,1099,7,259,20,7
"39","2020-04-21",121,1,46,400,2430,0.528395061728395,8355,20670,142,255,39,1138,12,271,24,12
"40","2020-04-22",131,1,47,401,2430,0.528395061728395,8355,20670,142,255,33,1171,8,279,17,8
"41","2020-04-23",135,1,47,400,2430,0.528395061728395,8355,20670,142,255,33,1204,10,289,23,10
"42","2020-04-24",133,1,49,402,2430,0.528395061728395,8355,20670,142,255,40,1244,7,296,18,7
"43","2020-04-25",134,1,58,405,2430,0.528395061728395,8355,20670,142,255,36,1280,17,313,18,17
"44","2020-04-26",137,1,55,399,2430,0.528395061728395,8355,20670,142,255,34,1314,8,321,22,8
"45","2020-04-27",138,1,58,405,2430,0.528395061728395,8355,20670,142,255,39,1353,13,334,22,13
"46","2020-04-28",133,1,45,390,2430,0.528395061728395,8355,20670,142,255,34,1387,5,339,20,5
"47","2020-04-29",122,1,48,394,2430,0.528395061728395,8355,20670,142,255,42,1429,5,344,20,5
"48","2020-04-30",118,1,61,404,2430,0.528395061728395,8355,20670,142,255,36,1465,18,362,22,18
"49","2020-05-01",116,1,71,393,2430,0.528395061728395,8355,20670,142,255,31,1496,17,379,18,17
"50","2020-05-02",116,1,60,392,2430,0.528395061728395,8355,20670,142,255,30,1526,8,387,22,8
"51","2020-05-03",127,1,63,393,2430,0.528395061728395,8355,20670,142,255,46,1572,14,401,28,14
"52","2020-05-04",125,1,57,393,2430,0.528395061728395,8355,20670,142,255,33,1605,8,409,19,8
"53","2020-05-05",125,1,58,397,2430,0.528395061728395,8355,20670,142,255,36,1641,10,419,19,10
"54","2020-05-06",126,1,54,403,2430,0.528395061728395,8355,20670,142,255,36,1677,8,427,16,8
"55","2020-05-07",126,1,44,399,2430,0.528395061728395,8355,20670,142,255,31,1708,4,431,17,4
"56","2020-05-08",138,1,41,402,2430,0.528395061728395,8355,20670,142,255,37,1745,8,439,22,8
"57","2020-05-09",132,1,38,384,2430,0.528395061728395,8355,20670,142,255,28,1773,6,445,13,6
"58","2020-05-10",110,1,42,388,2430,0.528395061728395,8355,20670,142,255,40,1813,11,456,25,11
"59","2020-05-11",103,1,48,383,2430,0.528395061728395,8355,20670,142,255,26,1839,14,470,16,14
"60","2020-05-12",101,1,61,364,2430,0.528395061728395,8355,20670,142,255,32,1871,15,485,20,15
"61","2020-05-13",100,1,58,360,2430,0.528395061728395,8355,20670,142,255,36,1907,13,498,23,13
"62","2020-05-14",111,1,54,349,2430,0.528395061728395,8355,20670,142,255,23,1930,5,503,12,5
"63","2020-05-15",117,1,53,342,2430,0.528395061728395,8355,20670,142,255,32,1962,8,511,19,8
"64","2020-05-16",123,1,61,330,2430,0.528395061728395,8355,20670,142,255,28,1990,17,528,13,17
"65","2020-05-17",128,1,55,320,2430,0.528395061728395,8355,20670,142,255,16,2006,4,532,11,4
"66","2020-05-18",128,1,54,315,2430,0.528395061728395,8355,20670,142,255,25,2031,9,541,13,9
"67","2020-05-19",119,1,52,311,2430,0.528395061728395,8355,20670,142,255,24,2055,9,550,18,9
"68","2020-05-20",118,1,50,294,2430,0.528395061728395,8355,20670,142,255,19,2074,9,559,13,9
"69","2020-05-21",108,1,55,280,2430,0.528395061728395,8355,20670,142,255,20,2094,12,571,14,12
"70","2020-05-22",100,1,53,265,2430,0.528395061728395,8355,20670,142,255,17,2111,12,583,13,12
"71","2020-05-23",96,1,44,256,2430,0.528395061728395,8355,20670,142,255,22,2133,2,585,17,2
"72","2020-05-24",81,1,43,249,2430,0.528395061728395,8355,20670,142,255,26,2159,12,597,15,12
"73","2020-05-25",78,1,49,236,2430,0.528395061728395,8355,20670,142,255,17,2176,11,608,12,11
"74","2020-05-26",75,1,53,238,2430,0.528395061728395,8355,20670,142,255,26,2202,13,621,12,13
"75","2020-05-27",73,1,57,234,2430,0.528395061728395,8355,20670,142,255,23,2225,7,628,17,7
"76","2020-05-28",69,1,59,233,2430,0.528395061728395,8355,20670,142,255,17,2242,9,637,8,9
"77","2020-05-29",69,1,60,232,2430,0.528395061728395,8355,20670,142,255,19,2261,11,648,13,11
"78","2020-05-30",69,1,52,224,2430,0.528395061728395,8355,20670,142,255,15,2276,4,652,9,4
"79","2020-05-31",72,1,54,222,2430,0.528395061728395,8355,20670,142,255,20,2296,6,658,12,6
"80","2020-06-01",71,1,52,214,2430,0.528395061728395,8355,20670,142,255,19,2315,10,668,14,10
"81","2020-06-02",69,1,52,205,2430,0.528395061728395,8355,20670,142,255,15,2330,10,678,8,10
"82","2020-06-03",68,1,46,191,2430,0.528395061728395,8355,20670,142,255,7,2337,5,683,5,5
"83","2020-06-04",71,1,43,183,2430,0.528395061728395,8355,20670,142,255,13,2350,6,689,7,6
"84","2020-06-05",66,1,41,174,2430,0.528395061728395,8355,20670,142,255,10,2360,6,695,7,6
"85","2020-06-06",69,1,41,161,2430,0.528395061728395,8355,20670,142,255,8,2368,6,701,5,6
"86","2020-06-07",56,1,31,155,2430,0.528395061728395,8355,20670,142,255,8,2376,3,704,7,3
"87","2020-03-07",2,2,0,0,4062,0.872230428360414,8250,27765,254,168,NA,NA,NA,NA,NA,NA
"88","2020-03-08",2,2,0,0,4062,0.872230428360414,8250,27765,254,168,NA,NA,NA,NA,NA,NA
"89","2020-03-09",0,2,0,0,4062,0.872230428360414,8250,27765,254,168,NA,NA,NA,NA,NA,NA
"90","2020-03-10",0,2,0,0,4062,0.872230428360414,8250,27765,254,168,NA,NA,NA,NA,NA,NA
"91","2020-03-11",0,2,0,0,4062,0.872230428360414,8250,27765,254,168,6,6,3,3,NA,3
"92","2020-03-12",0,2,0,0,4062,0.872230428360414,8250,27765,254,168,13,19,7,10,NA,7
"93","2020-03-13",2,2,5,18,4062,0.872230428360414,8250,27765,254,168,9,28,5,15,NA,5
"94","2020-03-14",4,2,6,28,4062,0.872230428360414,8250,27765,254,168,15,43,9,24,6,9
"95","2020-03-15",6,2,4,40,4062,0.872230428360414,8250,27765,254,168,12,55,9,33,4,9
"96","2020-03-16",5,2,5,54,4062,0.872230428360414,8250,27765,254,168,11,66,9,42,1,9
"97","2020-03-17",7,2,5,63,4062,0.872230428360414,8250,27765,254,168,12,78,3,45,7,3
"98","2020-03-18",10,2,8,78,4062,0.872230428360414,8250,27765,254,168,21,99,7,52,13,7
"99","2020-03-19",11,2,8,94,4062,0.872230428360414,8250,27765,254,168,18,117,2,54,9,2
"100","2020-03-20",17,2,7,106,4062,0.872230428360414,8250,27765,254,168,17,134,5,59,9,5
"101","2020-03-21",22,2,9,115,4062,0.872230428360414,8250,27765,254,168,26,160,6,65,16,6
"102","2020-03-22",22,2,6,142,4062,0.872230428360414,8250,27765,254,168,19,179,7,72,10,7
"103","2020-03-23",30,2,6,165,4062,0.872230428360414,8250,27765,254,168,12,191,6,78,6,6
"104","2020-03-24",33,2,6,178,4062,0.872230428360414,8250,27765,254,168,24,215,7,85,16,7
"105","2020-03-25",38,2,8,187,4062,0.872230428360414,8250,27765,254,168,26,241,3,88,20,3
"106","2020-03-26",46,2,9,207,4062,0.872230428360414,8250,27765,254,168,21,262,3,91,15,3
"107","2020-03-27",46,2,8,220,4062,0.872230428360414,8250,27765,254,168,20,282,4,95,10,4
"108","2020-03-28",71,2,8,236,4062,0.872230428360414,8250,27765,254,168,22,304,6,101,13,6
"109","2020-03-29",71,2,13,251,4062,0.872230428360414,8250,27765,254,168,18,322,8,109,12,8
"110","2020-03-30",72,2,22,280,4062,0.872230428360414,8250,27765,254,168,17,339,4,113,12,4
"111","2020-03-31",73,2,22,283,4062,0.872230428360414,8250,27765,254,168,31,370,10,123,18,10
"112","2020-04-01",74,2,24,325,4062,0.872230428360414,8250,27765,254,168,34,404,5,128,19,5
"113","2020-04-02",78,2,34,338,4062,0.872230428360414,8250,27765,254,168,21,425,5,133,11,5
"114","2020-04-03",108,2,34,356,4062,0.872230428360414,8250,27765,254,168,25,450,8,141,16,8
"115","2020-04-04",91,2,32,368,4062,0.872230428360414,8250,27765,254,168,35,485,9,150,24,9
"116","2020-04-05",105,2,42,381,4062,0.872230428360414,8250,27765,254,168,37,522,11,161,17,11
"117","2020-04-06",107,2,46,396,4062,0.872230428360414,8250,27765,254,168,29,551,9,170,21,9
"118","2020-04-07",110,2,39,409,4062,0.872230428360414,8250,27765,254,168,30,581,8,178,21,8
"119","2020-04-08",116,2,39,438,4062,0.872230428360414,8250,27765,254,168,43,624,13,191,28,13
"120","2020-04-09",122,2,41,459,4062,0.872230428360414,8250,27765,254,168,42,666,6,197,29,6
"121","2020-04-10",128,2,48,470,4062,0.872230428360414,8250,27765,254,168,31,697,22,219,23,22
"122","2020-04-11",140,2,47,503,4062,0.872230428360414,8250,27765,254,168,50,747,17,236,42,17
"123","2020-04-12",151,2,54,536,4062,0.872230428360414,8250,27765,254,168,42,789,12,248,28,12
"124","2020-04-13",155,2,55,579,4062,0.872230428360414,8250,27765,254,168,37,826,19,267,30,19
"125","2020-04-14",152,2,55,607,4062,0.872230428360414,8250,27765,254,168,42,868,10,277,32,10
"126","2020-04-15",160,2,50,619,4062,0.872230428360414,8250,27765,254,168,40,908,9,286,27,9
"127","2020-04-16",162,2,51,647,4062,0.872230428360414,8250,27765,254,168,45,953,15,301,29,15
"128","2020-04-17",195,2,54,646,4062,0.872230428360414,8250,27765,254,168,42,995,13,314,28,13
"129","2020-04-18",197,2,46,682,4062,0.872230428360414,8250,27765,254,168,48,1043,14,328,32,14
"130","2020-04-19",211,2,41,686,4062,0.872230428360414,8250,27765,254,168,34,1077,9,337,26,9
"131","2020-04-20",205,2,38,719,4062,0.872230428360414,8250,27765,254,168,60,1137,14,351,40,14
"132","2020-04-21",206,2,45,723,4062,0.872230428360414,8250,27765,254,168,50,1187,17,368,41,17
"133","2020-04-22",211,2,44,727,4062,0.872230428360414,8250,27765,254,168,47,1234,11,379,33,11
"134","2020-04-23",217,2,51,763,4062,0.872230428360414,8250,27765,254,168,62,1296,8,387,44,8
"135","2020-04-24",233,2,56,772,4062,0.872230428360414,8250,27765,254,168,44,1340,14,401,34,14
"136","2020-04-25",244,2,58,809,4062,0.872230428360414,8250,27765,254,168,44,1384,11,412,39,11
"137","2020-04-26",236,2,66,818,4062,0.872230428360414,8250,27765,254,168,44,1428,20,432,34,20
"138","2020-04-27",240,2,57,839,4062,0.872230428360414,8250,27765,254,168,48,1476,9,441,36,9
"139","2020-04-28",248,2,56,860,4062,0.872230428360414,8250,27765,254,168,53,1529,11,452,47,11
"140","2020-04-29",251,2,48,871,4062,0.872230428360414,8250,27765,254,168,51,1580,9,461,37,9
"141","2020-04-30",255,2,51,861,4062,0.872230428360414,8250,27765,254,168,40,1620,14,475,27,14
"142","2020-05-01",271,2,56,892,4062,0.872230428360414,8250,27765,254,168,48,1668,13,488,37,13
"143","2020-05-02",293,2,71,879,4062,0.872230428360414,8250,27765,254,168,56,1724,16,504,42,16
"144","2020-05-03",299,2,73,892,4062,0.872230428360414,8250,27765,254,168,34,1758,12,516,28,12
"145","2020-05-04",299,2,69,868,4062,0.872230428360414,8250,27765,254,168,32,1790,10,526,22,10
"146","2020-05-05",293,2,77,842,4062,0.872230428360414,8250,27765,254,168,42,1832,9,535,28,9
"147","2020-05-06",298,2,82,829,4062,0.872230428360414,8250,27765,254,168,50,1882,14,549,38,14
"148","2020-05-07",294,2,82,804,4062,0.872230428360414,8250,27765,254,168,45,1927,21,570,37,21
"149","2020-05-08",318,2,84,789,4062,0.872230428360414,8250,27765,254,168,28,1955,27,597,21,27
"150","2020-05-09",302,2,90,741,4062,0.872230428360414,8250,27765,254,168,42,1997,13,610,33,13
"151","2020-05-10",276,2,90,721,4062,0.872230428360414,8250,27765,254,168,51,2048,14,624,40,14
"152","2020-05-11",275,2,84,715,4062,0.872230428360414,8250,27765,254,168,40,2088,20,644,31,20
"153","2020-05-12",244,2,73,704,4062,0.872230428360414,8250,27765,254,168,24,2112,16,660,16,16
"154","2020-05-13",233,2,63,689,4062,0.872230428360414,8250,27765,254,168,40,2152,10,670,28,10
"155","2020-05-14",231,2,54,671,4062,0.872230428360414,8250,27765,254,168,24,2176,13,683,18,13
"156","2020-05-15",208,2,45,655,4062,0.872230428360414,8250,27765,254,168,25,2201,15,698,23,15
"157","2020-05-16",212,2,50,631,4062,0.872230428360414,8250,27765,254,168,23,2224,20,718,13,20
"158","2020-05-17",215,2,59,596,4062,0.872230428360414,8250,27765,254,168,24,2248,18,736,17,18
"159","2020-05-18",211,2,70,585,4062,0.872230428360414,8250,27765,254,168,34,2282,24,760,28,24
"160","2020-05-19",212,2,74,556,4062,0.872230428360414,8250,27765,254,168,37,2319,18,778,26,18
"161","2020-05-20",202,2,73,557,4062,0.872230428360414,8250,27765,254,168,29,2348,16,794,22,16
"162","2020-05-21",203,2,73,542,4062,0.872230428360414,8250,27765,254,168,27,2375,12,806,18,12
"163","2020-05-22",205,2,66,521,4062,0.872230428360414,8250,27765,254,168,20,2395,12,818,16,12
"164","2020-05-23",203,2,64,498,4062,0.872230428360414,8250,27765,254,168,29,2424,14,832,18,14
"165","2020-05-24",177,2,69,497,4062,0.872230428360414,8250,27765,254,168,18,2442,12,844,12,12
"166","2020-05-25",165,2,63,486,4062,0.872230428360414,8250,27765,254,168,27,2469,23,867,18,23
"167","2020-05-26",158,2,57,470,4062,0.872230428360414,8250,27765,254,168,23,2492,13,880,16,13
"168","2020-05-27",161,2,49,437,4062,0.872230428360414,8250,27765,254,168,18,2510,14,894,13,14
"169","2020-05-28",160,2,52,419,4062,0.872230428360414,8250,27765,254,168,15,2525,16,910,10,16
"170","2020-05-29",149,2,49,398,4062,0.872230428360414,8250,27765,254,168,22,2547,13,923,17,13
"171","2020-05-30",151,2,47,379,4062,0.872230428360414,8250,27765,254,168,20,2567,18,941,11,18
"172","2020-05-31",136,2,42,360,4062,0.872230428360414,8250,27765,254,168,16,2583,13,954,11,13
"173","2020-06-01",130,2,34,338,4062,0.872230428360414,8250,27765,254,168,15,2598,13,967,14,13
"174","2020-06-02",127,2,32,316,4062,0.872230428360414,8250,27765,254,168,14,2612,11,978,8,11
"175","2020-06-03",124,2,34,295,4062,0.872230428360414,8250,27765,254,168,20,2632,7,985,13,7
"176","2020-06-04",112,2,36,276,4062,0.872230428360414,8250,27765,254,168,14,2646,10,995,6,10
"177","2020-06-05",108,2,36,263,4062,0.872230428360414,8250,27765,254,168,10,2656,8,1003,7,8
"178","2020-06-06",100,2,38,234,4062,0.872230428360414,8250,27765,254,168,12,2668,14,1017,10,14
"179","2020-06-07",100,2,40,211,4062,0.872230428360414,8250,27765,254,168,14,2682,9,1026,10,9
"180","2020-03-13",2,3,30,29,3741,0.768511093290564,8385,27729,174,570,3,8,2,6,2,2
"181","2020-03-14",6,3,45,40,3741,0.768511093290564,8385,27729,174,570,8,16,4,10,5,4
"182","2020-03-15",4,3,65,53,3741,0.768511093290564,8385,27729,174,570,8,24,2,12,7,2
"183","2020-03-16",3,3,81,67,3741,0.768511093290564,8385,27729,174,570,9,33,3,15,8,3
"184","2020-03-17",7,3,98,80,3741,0.768511093290564,8385,27729,174,570,6,39,7,22,4,7
"185","2020-03-18",8,3,96,97,3741,0.768511093290564,8385,27729,174,570,8,47,8,30,8,8
"186","2020-03-19",10,3,101,110,3741,0.768511093290564,8385,27729,174,570,16,63,1,31,13,1
"187","2020-03-20",16,3,100,128,3741,0.768511093290564,8385,27729,174,570,16,79,9,40,9,9
"188","2020-03-21",26,3,109,150,3741,0.768511093290564,8385,27729,174,570,18,97,5,45,16,5
"189","2020-03-22",32,3,101,166,3741,0.768511093290564,8385,27729,174,570,11,108,7,52,9,7
"190","2020-03-23",34,3,116,191,3741,0.768511093290564,8385,27729,174,570,20,128,2,54,15,2
"191","2020-03-24",32,3,132,222,3741,0.768511093290564,8385,27729,174,570,25,153,7,61,23,7
"192","2020-03-25",36,3,140,236,3741,0.768511093290564,8385,27729,174,570,35,188,6,67,30,6
"193","2020-03-26",41,3,139,256,3741,0.768511093290564,8385,27729,174,570,20,208,6,73,19,6
"194","2020-03-27",46,3,132,276,3741,0.768511093290564,8385,27729,174,570,30,238,9,82,27,9
"195","2020-03-28",57,3,126,289,3741,0.768511093290564,8385,27729,174,570,35,273,7,89,33,7
"196","2020-03-29",66,3,122,330,3741,0.768511093290564,8385,27729,174,570,33,306,8,97,29,8
"197","2020-03-30",70,3,122,357,3741,0.768511093290564,8385,27729,174,570,57,363,10,107,50,10
"198","2020-03-31",81,3,128,378,3741,0.768511093290564,8385,27729,174,570,57,420,8,115,55,8
"199","2020-04-01",92,3,136,404,3741,0.768511093290564,8385,27729,174,570,65,485,15,130,63,15
"200","2020-04-02",109,3,146,434,3741,0.768511093290564,8385,27729,174,570,56,541,4,134,52,4
"201","2020-04-03",127,3,156,443,3741,0.768511093290564,8385,27729,174,570,67,608,18,152,62,18
"202","2020-04-04",128,3,174,453,3741,0.768511093290564,8385,27729,174,570,73,681,14,166,68,14
"203","2020-04-05",145,3,181,472,3741,0.768511093290564,8385,27729,174,570,82,763,19,185,77,19
"204","2020-04-06",152,3,185,489,3741,0.768511093290564,8385,27729,174,570,79,842,14,199,71,14
"205","2020-04-07",153,3,176,516,3741,0.768511093290564,8385,27729,174,570,68,910,11,210,57,11
"206","2020-04-08",162,3,164,531,3741,0.768511093290564,8385,27729,174,570,87,997,13,223,87,13
"207","2020-04-09",157,3,155,549,3741,0.768511093290564,8385,27729,174,570,106,1103,16,239,102,16
"208","2020-04-10",179,3,166,551,3741,0.768511093290564,8385,27729,174,570,124,1227,22,261,120,22
"209","2020-04-11",199,3,170,560,3741,0.768511093290564,8385,27729,174,570,106,1333,18,279,99,18
"210","2020-04-12",190,3,156,580,3741,0.768511093290564,8385,27729,174,570,87,1420,23,302,86,23
"211","2020-04-13",176,3,176,587,3741,0.768511093290564,8385,27729,174,570,133,1553,12,314,126,12
"212","2020-04-14",176,3,189,606,3741,0.768511093290564,8385,27729,174,570,95,1648,19,333,93,19
"213","2020-04-15",163,3,200,619,3741,0.768511093290564,8385,27729,174,570,105,1753,20,353,104,20
"214","2020-04-16",160,3,208,646,3741,0.768511093290564,8385,27729,174,570,105,1858,22,375,101,22
"215","2020-04-17",179,3,204,669,3741,0.768511093290564,8385,27729,174,570,138,1996,13,388,135,13
"216","2020-04-18",180,3,210,682,3741,0.768511093290564,8385,27729,174,570,126,2122,11,399,120,11
"217","2020-04-19",196,3,183,707,3741,0.768511093290564,8385,27729,174,570,100,2222,15,414,95,15
"218","2020-04-20",204,3,176,704,3741,0.768511093290564,8385,27729,174,570,144,2366,11,425,143,11
"219","2020-04-21",204,3,160,709,3741,0.768511093290564,8385,27729,174,570,130,2496,13,438,127,13
"220","2020-04-22",226,3,153,717,3741,0.768511093290564,8385,27729,174,570,102,2598,12,450,98,12
"221","2020-04-23",241,3,136,724,3741,0.768511093290564,8385,27729,174,570,117,2715,9,459,114,9
"222","2020-04-24",263,3,138,731,3741,0.768511093290564,8385,27729,174,570,127,2842,12,471,126,12
"223","2020-04-25",284,3,149,742,3741,0.768511093290564,8385,27729,174,570,87,2929,11,482,84,11
"224","2020-04-26",261,3,165,744,3741,0.768511093290564,8385,27729,174,570,127,3056,22,504,123,22
"225","2020-04-27",250,3,162,760,3741,0.768511093290564,8385,27729,174,570,138,3194,17,521,134,17
"226","2020-04-28",251,3,164,773,3741,0.768511093290564,8385,27729,174,570,103,3297,21,542,101,21
"227","2020-04-29",252,3,146,762,3741,0.768511093290564,8385,27729,174,570,101,3398,19,561,98,19
"228","2020-04-30",247,3,138,766,3741,0.768511093290564,8385,27729,174,570,126,3524,13,574,124,13
"229","2020-05-01",258,3,136,753,3741,0.768511093290564,8385,27729,174,570,110,3634,14,588,110,14
"230","2020-05-02",268,3,127,731,3741,0.768511093290564,8385,27729,174,570,104,3738,14,602,101,14
"231","2020-05-03",245,3,140,733,3741,0.768511093290564,8385,27729,174,570,84,3822,9,611,82,9
"232","2020-05-04",246,3,147,719,3741,0.768511093290564,8385,27729,174,570,83,3905,10,621,78,10
"233","2020-05-05",227,3,156,710,3741,0.768511093290564,8385,27729,174,570,96,4001,10,631,95,10
"234","2020-05-06",227,3,168,703,3741,0.768511093290564,8385,27729,174,570,90,4091,16,647,86,16
"235","2020-05-07",235,3,185,683,3741,0.768511093290564,8385,27729,174,570,54,4145,10,657,53,10
"236","2020-05-08",250,3,194,676,3741,0.768511093290564,8385,27729,174,570,64,4209,15,672,63,15
"237","2020-05-09",247,3,185,649,3741,0.768511093290564,8385,27729,174,570,69,4278,15,687,68,15
"238","2020-05-10",242,3,185,628,3741,0.768511093290564,8385,27729,174,570,63,4341,5,692,57,5
"239","2020-05-11",227,3,188,606,3741,0.768511093290564,8385,27729,174,570,48,4389,7,699,45,7
"240","2020-05-12",228,3,173,586,3741,0.768511093290564,8385,27729,174,570,53,4442,7,706,51,7
"241","2020-05-13",223,3,170,598,3741,0.768511093290564,8385,27729,174,570,47,4489,5,711,45,5
"242","2020-05-14",215,3,166,545,3741,0.768511093290564,8385,27729,174,570,42,4531,5,716,41,5
"243","2020-05-15",207,3,173,522,3741,0.768511093290564,8385,27729,174,570,50,4581,8,724,48,8
"244","2020-05-16",194,3,181,496,3741,0.768511093290564,8385,27729,174,570,28,4609,13,737,27,13
"245","2020-05-17",182,3,193,476,3741,0.768511093290564,8385,27729,174,570,29,4638,13,750,25,13
"246","2020-05-18",179,3,202,469,3741,0.768511093290564,8385,27729,174,570,23,4661,17,767,20,17
"247","2020-05-19",172,3,210,440,3741,0.768511093290564,8385,27729,174,570,29,4690,13,780,26,13
"248","2020-05-20",159,3,202,408,3741,0.768511093290564,8385,27729,174,570,17,4707,17,797,15,17
"249","2020-05-21",158,3,202,395,3741,0.768511093290564,8385,27729,174,570,14,4721,27,824,13,27
"250","2020-05-22",140,3,203,387,3741,0.768511093290564,8385,27729,174,570,28,4749,22,846,24,22
"251","2020-05-23",136,3,194,365,3741,0.768511093290564,8385,27729,174,570,22,4771,21,867,20,21
"252","2020-05-24",131,3,187,348,3741,0.768511093290564,8385,27729,174,570,26,4797,21,888,25,21
"253","2020-05-25",123,3,189,325,3741,0.768511093290564,8385,27729,174,570,18,4815,15,903,17,15
"254","2020-05-26",117,3,187,303,3741,0.768511093290564,8385,27729,174,570,12,4827,22,925,12,22
"255","2020-05-27",108,3,191,278,3741,0.768511093290564,8385,27729,174,570,16,4843,10,935,14,10
"256","2020-05-28",94,3,194,262,3741,0.768511093290564,8385,27729,174,570,14,4857,16,951,13,16
"257","2020-05-29",94,3,185,254,3741,0.768511093290564,8385,27729,174,570,14,4871,15,966,14,15
"258","2020-05-30",84,3,176,235,3741,0.768511093290564,8385,27729,174,570,14,4885,14,980,14,14
"259","2020-05-31",77,3,158,228,3741,0.768511093290564,8385,27729,174,570,15,4900,15,995,15,15
"260","2020-06-01",76,3,152,210,3741,0.768511093290564,8385,27729,174,570,15,4915,8,1003,14,8
"261","2020-06-02",74,3,147,200,3741,0.768511093290564,8385,27729,174,570,16,4931,15,1018,14,15
"262","2020-06-03",74,3,141,196,3741,0.768511093290564,8385,27729,174,570,17,4948,10,1028,15,10
"263","2020-06-04",71,3,142,189,3741,0.768511093290564,8385,27729,174,570,11,4959,11,1039,11,11
"264","2020-06-05",76,3,164,176,3741,0.768511093290564,8385,27729,174,570,19,4978,8,1047,18,8
"265","2020-06-06",74,3,176,178,3741,0.768511093290564,8385,27729,174,570,7,4985,13,1060,6,13
"266","2020-06-07",63,3,186,173,3741,0.768511093290564,8385,27729,174,570,17,5002,19,1079,17,19
"267","2020-03-13",1,4,20,10,2785,0.844524236983842,8295,22648,158,225,11,30,5,17,1,5
"268","2020-03-14",4,4,26,22,2785,0.844524236983842,8295,22648,158,225,14,44,6,23,4,6
"269","2020-03-15",3,4,32,30,2785,0.844524236983842,8295,22648,158,225,19,63,11,34,9,11
"270","2020-03-16",4,4,35,38,2785,0.844524236983842,8295,22648,158,225,19,82,10,44,7,10
"271","2020-03-17",5,4,37,52,2785,0.844524236983842,8295,22648,158,225,18,100,11,55,11,11
"272","2020-03-18",5,4,41,61,2785,0.844524236983842,8295,22648,158,225,22,122,6,61,9,6
"273","2020-03-19",8,4,46,76,2785,0.844524236983842,8295,22648,158,225,22,144,4,65,10,4
"274","2020-03-20",11,4,49,83,2785,0.844524236983842,8295,22648,158,225,18,162,5,70,10,5
"275","2020-03-21",14,4,57,91,2785,0.844524236983842,8295,22648,158,225,27,189,7,77,17,7
"276","2020-03-22",16,4,55,110,2785,0.844524236983842,8295,22648,158,225,33,222,14,91,18,14
"277","2020-03-23",20,4,48,126,2785,0.844524236983842,8295,22648,158,225,17,239,3,94,10,3
"278","2020-03-24",24,4,40,137,2785,0.844524236983842,8295,22648,158,225,31,270,6,100,16,6
"279","2020-03-25",31,4,40,147,2785,0.844524236983842,8295,22648,158,225,12,282,9,109,10,9
"280","2020-03-26",35,4,39,157,2785,0.844524236983842,8295,22648,158,225,29,311,19,128,19,19
"281","2020-03-27",36,4,45,172,2785,0.844524236983842,8295,22648,158,225,35,346,23,151,26,23
"282","2020-03-28",40,4,40,180,2785,0.844524236983842,8295,22648,158,225,27,373,29,180,20,29
"283","2020-03-29",48,4,42,189,2785,0.844524236983842,8295,22648,158,225,35,408,28,208,20,28
"284","2020-03-30",49,4,46,210,2785,0.844524236983842,8295,22648,158,225,32,440,23,231,22,23
"285","2020-03-31",49,4,52,219,2785,0.844524236983842,8295,22648,158,225,36,476,15,246,29,15
"286","2020-04-01",50,4,48,231,2785,0.844524236983842,8295,22648,158,225,29,505,18,264,23,18
"287","2020-04-02",49,4,47,241,2785,0.844524236983842,8295,22648,158,225,42,547,13,277,28,13
"288","2020-04-03",61,4,38,263,2785,0.844524236983842,8295,22648,158,225,42,589,29,306,23,29
"289","2020-04-04",61,4,35,269,2785,0.844524236983842,8295,22648,158,225,49,638,33,339,35,33
"290","2020-04-05",65,4,38,282,2785,0.844524236983842,8295,22648,158,225,43,681,20,359,30,20
"291","2020-04-06",69,4,26,309,2785,0.844524236983842,8295,22648,158,225,36,717,14,373,23,14
"292","2020-04-07",73,4,22,309,2785,0.844524236983842,8295,22648,158,225,44,761,12,385,29,12
"293","2020-04-08",78,4,22,305,2785,0.844524236983842,8295,22648,158,225,49,810,17,402,36,17
"294","2020-04-09",86,4,19,323,2785,0.844524236983842,8295,22648,158,225,50,860,12,414,36,12
"295","2020-04-10",97,4,18,331,2785,0.844524236983842,8295,22648,158,225,37,897,18,432,26,18
"296","2020-04-11",100,4,20,343,2785,0.844524236983842,8295,22648,158,225,46,943,17,449,29,17
"297","2020-04-12",108,4,26,358,2785,0.844524236983842,8295,22648,158,225,34,977,30,479,22,30
"298","2020-04-13",105,4,28,357,2785,0.844524236983842,8295,22648,158,225,53,1030,26,505,35,26
"299","2020-04-14",98,4,29,388,2785,0.844524236983842,8295,22648,158,225,37,1067,28,533,25,28
"300","2020-04-15",105,4,32,405,2785,0.844524236983842,8295,22648,158,225,60,1127,21,554,46,21
"301","2020-04-16",105,4,37,416,2785,0.844524236983842,8295,22648,158,225,34,1161,12,566,25,12
"302","2020-04-17",116,4,45,428,2785,0.844524236983842,8295,22648,158,225,51,1212,18,584,39,18
"303","2020-04-18",125,4,47,426,2785,0.844524236983842,8295,22648,158,225,53,1265,14,598,32,14
"304","2020-04-19",129,4,41,430,2785,0.844524236983842,8295,22648,158,225,49,1314,10,608,34,10
"305","2020-04-20",132,4,34,446,2785,0.844524236983842,8295,22648,158,225,42,1356,6,614,29,6
"306","2020-04-21",142,4,43,458,2785,0.844524236983842,8295,22648,158,225,30,1386,18,632,21,18
"307","2020-04-22",144,4,38,456,2785,0.844524236983842,8295,22648,158,225,46,1432,44,676,34,44
"308","2020-04-23",144,4,35,470,2785,0.844524236983842,8295,22648,158,225,36,1468,17,693,27,17
"309","2020-04-24",160,4,32,472,2785,0.844524236983842,8295,22648,158,225,48,1516,13,706,33,13
"310","2020-04-25",162,4,31,459,2785,0.844524236983842,8295,22648,158,225,41,1557,32,738,27,32
"311","2020-04-26",166,4,34,445,2785,0.844524236983842,8295,22648,158,225,53,1610,21,759,36,21
"312","2020-04-27",162,4,36,465,2785,0.844524236983842,8295,22648,158,225,51,1661,18,777,39,18
"313","2020-04-28",150,4,34,470,2785,0.844524236983842,8295,22648,158,225,41,1702,31,808,29,31
"314","2020-04-29",143,4,48,460,2785,0.844524236983842,8295,22648,158,225,39,1741,38,846,24,38
"315","2020-04-30",141,4,44,467,2785,0.844524236983842,8295,22648,158,225,39,1780,16,862,24,16
"316","2020-05-01",141,4,41,480,2785,0.844524236983842,8295,22648,158,225,37,1817,19,881,25,19
"317","2020-05-02",146,4,41,497,2785,0.844524236983842,8295,22648,158,225,48,1865,17,898,38,17
"318","2020-05-03",156,4,53,503,2785,0.844524236983842,8295,22648,158,225,48,1913,32,930,34,32
"319","2020-05-04",165,4,49,506,2785,0.844524236983842,8295,22648,158,225,49,1962,15,945,29,15
"320","2020-05-05",162,4,44,497,2785,0.844524236983842,8295,22648,158,225,41,2003,16,961,31,16
"321","2020-05-06",167,4,43,507,2785,0.844524236983842,8295,22648,158,225,37,2040,21,982,23,21
"322","2020-05-07",174,4,65,494,2785,0.844524236983842,8295,22648,158,225,37,2077,12,994,26,12
"323","2020-05-08",198,4,69,504,2785,0.844524236983842,8295,22648,158,225,49,2126,32,1026,35,32
"324","2020-05-09",195,4,71,479,2785,0.844524236983842,8295,22648,158,225,40,2166,36,1062,26,36
"325","2020-05-10",170,4,78,471,2785,0.844524236983842,8295,22648,158,225,39,2205,44,1106,31,44
"326","2020-05-11",168,4,70,461,2785,0.844524236983842,8295,22648,158,225,32,2237,38,1144,25,38
"327","2020-05-12",164,4,62,471,2785,0.844524236983842,8295,22648,158,225,32,2269,28,1172,24,28
"328","2020-05-13",165,4,51,465,2785,0.844524236983842,8295,22648,158,225,47,2316,13,1185,37,13
"329","2020-05-14",161,4,54,455,2785,0.844524236983842,8295,22648,158,225,22,2338,23,1208,16,23
"330","2020-05-15",165,4,53,454,2785,0.844524236983842,8295,22648,158,225,22,2360,21,1229,16,21
"331","2020-05-16",171,4,52,463,2785,0.844524236983842,8295,22648,158,225,25,2385,15,1244,19,15
"332","2020-05-17",155,4,41,458,2785,0.844524236983842,8295,22648,158,225,30,2415,12,1256,19,12
"333","2020-05-18",150,4,33,453,2785,0.844524236983842,8295,22648,158,225,20,2435,5,1261,15,5
"334","2020-05-19",153,4,30,451,2785,0.844524236983842,8295,22648,158,225,33,2468,12,1273,26,12
"335","2020-05-20",149,4,30,428,2785,0.844524236983842,8295,22648,158,225,21,2489,17,1290,12,17
"336","2020-05-21",151,4,30,428,2785,0.844524236983842,8295,22648,158,225,31,2520,10,1300,22,10
"337","2020-05-22",142,4,33,416,2785,0.844524236983842,8295,22648,158,225,25,2545,13,1313,19,13
"338","2020-05-23",140,4,31,408,2785,0.844524236983842,8295,22648,158,225,21,2566,16,1329,14,16
"339","2020-05-24",143,4,29,387,2785,0.844524236983842,8295,22648,158,225,36,2602,8,1337,25,8
"340","2020-05-25",141,4,34,368,2785,0.844524236983842,8295,22648,158,225,25,2627,19,1356,15,19
"341","2020-05-26",133,4,35,362,2785,0.844524236983842,8295,22648,158,225,30,2657,27,1383,20,27
"342","2020-05-27",124,4,49,342,2785,0.844524236983842,8295,22648,158,225,22,2679,11,1394,18,11
"343","2020-05-28",126,4,55,325,2785,0.844524236983842,8295,22648,158,225,21,2700,13,1407,13,13
"344","2020-05-29",118,4,67,314,2785,0.844524236983842,8295,22648,158,225,22,2722,20,1427,14,20
"345","2020-05-30",104,4,61,306,2785,0.844524236983842,8295,22648,158,225,23,2745,29,1456,17,29
"346","2020-05-31",96,4,54,306,2785,0.844524236983842,8295,22648,158,225,19,2764,28,1484,14,28
"347","2020-06-01",102,4,50,292,2785,0.844524236983842,8295,22648,158,225,32,2796,24,1508,24,24
"348","2020-06-02",93,4,41,280,2785,0.844524236983842,8295,22648,158,225,17,2813,12,1520,14,12
"349","2020-06-03",97,4,40,265,2785,0.844524236983842,8295,22648,158,225,21,2834,15,1535,15,15
"350","2020-06-04",89,4,38,240,2785,0.844524236983842,8295,22648,158,225,15,2849,8,1543,10,8
"351","2020-06-05",99,4,36,236,2785,0.844524236983842,8295,22648,158,225,15,2864,13,1556,12,13
"352","2020-06-06",99,4,39,235,2785,0.844524236983842,8295,22648,158,225,18,2882,4,1560,16,4
"353","2020-06-07",92,4,34,232,2785,0.844524236983842,8295,22648,158,225,16,2898,5,1565,12,5
"354","2020-03-14",3,5,11,27,3365,0.818127786032689,8325,25850,156,188,7,13,1,15,NA,1
"355","2020-03-15",3,5,17,34,3365,0.818127786032689,8325,25850,156,188,7,20,5,20,2,5
"356","2020-03-16",4,5,24,51,3365,0.818127786032689,8325,25850,156,188,3,23,6,26,3,6
"357","2020-03-17",6,5,23,66,3365,0.818127786032689,8325,25850,156,188,8,31,14,40,6,14
"358","2020-03-18",8,5,23,79,3365,0.818127786032689,8325,25850,156,188,7,38,3,43,5,3
"359","2020-03-19",10,5,24,97,3365,0.818127786032689,8325,25850,156,188,7,45,7,50,2,7
"360","2020-03-20",11,5,22,112,3365,0.818127786032689,8325,25850,156,188,4,49,6,56,3,6
"361","2020-03-21",21,5,20,119,3365,0.818127786032689,8325,25850,156,188,17,66,11,67,12,11
"362","2020-03-22",34,5,22,136,3365,0.818127786032689,8325,25850,156,188,15,81,13,80,10,13
"363","2020-03-23",35,5,22,150,3365,0.818127786032689,8325,25850,156,188,19,100,5,85,17,5
"364","2020-03-24",34,5,29,162,3365,0.818127786032689,8325,25850,156,188,15,115,6,91,13,6
"365","2020-03-25",37,5,35,183,3365,0.818127786032689,8325,25850,156,188,18,133,4,95,16,4
"366","2020-03-26",42,5,31,200,3365,0.818127786032689,8325,25850,156,188,23,156,7,102,17,7
"367","2020-03-27",56,5,32,215,3365,0.818127786032689,8325,25850,156,188,35,191,12,114,34,12
"368","2020-03-28",59,5,30,240,3365,0.818127786032689,8325,25850,156,188,42,233,6,120,39,6
"369","2020-03-29",64,5,32,263,3365,0.818127786032689,8325,25850,156,188,28,261,14,134,24,14
"370","2020-03-30",72,5,26,266,3365,0.818127786032689,8325,25850,156,188,41,302,10,144,36,10
"371","2020-03-31",76,5,27,276,3365,0.818127786032689,8325,25850,156,188,41,343,9,153,39,9
"372","2020-04-01",88,5,30,292,3365,0.818127786032689,8325,25850,156,188,46,389,17,170,41,17
"373","2020-04-02",89,5,28,310,3365,0.818127786032689,8325,25850,156,188,57,446,15,185,54,15
"374","2020-04-03",93,5,31,343,3365,0.818127786032689,8325,25850,156,188,51,497,10,195,47,10
"375","2020-04-04",84,5,22,359,3365,0.818127786032689,8325,25850,156,188,48,545,12,207,44,12
"376","2020-04-05",112,5,20,372,3365,0.818127786032689,8325,25850,156,188,72,617,7,214,68,7
"377","2020-04-06",112,5,22,383,3365,0.818127786032689,8325,25850,156,188,53,670,10,224,45,10
"378","2020-04-07",104,5,18,383,3365,0.818127786032689,8325,25850,156,188,74,744,11,235,70,11
"379","2020-04-08",106,5,19,400,3365,0.818127786032689,8325,25850,156,188,74,818,8,243,70,8
"380","2020-04-09",111,5,27,429,3365,0.818127786032689,8325,25850,156,188,85,903,9,252,78,9
"381","2020-04-10",140,5,33,437,3365,0.818127786032689,8325,25850,156,188,83,986,16,268,83,16
"382","2020-04-11",166,5,37,442,3365,0.818127786032689,8325,25850,156,188,91,1077,8,276,89,8
"383","2020-04-12",126,5,39,450,3365,0.818127786032689,8325,25850,156,188,80,1157,13,289,75,13
"384","2020-04-13",129,5,41,452,3365,0.818127786032689,8325,25850,156,188,124,1281,15,304,121,15
"385","2020-04-14",133,5,42,469,3365,0.818127786032689,8325,25850,156,188,98,1379,19,323,93,19
"386","2020-04-15",138,5,43,488,3365,0.818127786032689,8325,25850,156,188,128,1507,19,342,121,19
"387","2020-04-16",144,5,46,501,3365,0.818127786032689,8325,25850,156,188,115,1622,20,362,111,20
"388","2020-04-17",164,5,52,518,3365,0.818127786032689,8325,25850,156,188,137,1759,24,386,134,24
"389","2020-04-18",185,5,47,530,3365,0.818127786032689,8325,25850,156,188,121,1880,15,401,114,15
"390","2020-04-19",181,5,41,546,3365,0.818127786032689,8325,25850,156,188,123,2003,14,415,120,14
"391","2020-04-20",175,5,36,557,3365,0.818127786032689,8325,25850,156,188,146,2149,24,439,143,24
"392","2020-04-21",175,5,33,558,3365,0.818127786032689,8325,25850,156,188,137,2286,19,458,135,19
"393","2020-04-22",171,5,36,571,3365,0.818127786032689,8325,25850,156,188,146,2432,22,480,144,22
"394","2020-04-23",166,5,43,569,3365,0.818127786032689,8325,25850,156,188,126,2558,43,523,122,43
"395","2020-04-24",199,5,42,575,3365,0.818127786032689,8325,25850,156,188,171,2729,25,548,167,25
"396","2020-04-25",185,5,38,578,3365,0.818127786032689,8325,25850,156,188,142,2871,15,563,142,15
"397","2020-04-26",183,5,48,586,3365,0.818127786032689,8325,25850,156,188,116,2987,34,597,110,34
"398","2020-04-27",181,5,51,606,3365,0.818127786032689,8325,25850,156,188,117,3104,34,631,111,34
"399","2020-04-28",178,5,44,614,3365,0.818127786032689,8325,25850,156,188,173,3277,31,662,170,31
"400","2020-04-29",186,5,48,599,3365,0.818127786032689,8325,25850,156,188,123,3400,32,694,120,32
"401","2020-04-30",204,5,46,602,3365,0.818127786032689,8325,25850,156,188,111,3511,21,715,107,21
"402","2020-05-01",187,5,50,596,3365,0.818127786032689,8325,25850,156,188,113,3624,25,740,111,25
"403","2020-05-02",209,5,51,589,3365,0.818127786032689,8325,25850,156,188,94,3718,32,772,91,32
"404","2020-05-03",194,5,57,584,3365,0.818127786032689,8325,25850,156,188,122,3840,32,804,118,32
"405","2020-05-04",193,5,50,596,3365,0.818127786032689,8325,25850,156,188,90,3930,19,823,88,19
"406","2020-05-05",198,5,43,603,3365,0.818127786032689,8325,25850,156,188,128,4058,21,844,126,21
"407","2020-05-06",195,5,47,613,3365,0.818127786032689,8325,25850,156,188,108,4166,17,861,102,17
"408","2020-05-07",181,5,46,620,3365,0.818127786032689,8325,25850,156,188,74,4240,24,885,74,24
"409","2020-05-08",216,5,38,620,3365,0.818127786032689,8325,25850,156,188,105,4345,41,926,103,41
"410","2020-05-09",212,5,48,611,3365,0.818127786032689,8325,25850,156,188,76,4421,42,968,74,42
"411","2020-05-10",217,5,43,599,3365,0.818127786032689,8325,25850,156,188,78,4499,26,994,77,26
"412","2020-05-11",209,5,44,589,3365,0.818127786032689,8325,25850,156,188,81,4580,32,1026,79,32
"413","2020-05-12",202,5,58,587,3365,0.818127786032689,8325,25850,156,188,83,4663,24,1050,81,24
"414","2020-05-13",207,5,56,587,3365,0.818127786032689,8325,25850,156,188,86,4749,31,1081,86,31
"415","2020-05-14",210,5,56,562,3365,0.818127786032689,8325,25850,156,188,50,4799,24,1105,50,24
"416","2020-05-15",214,5,71,568,3365,0.818127786032689,8325,25850,156,188,55,4854,19,1124,54,19
"417","2020-05-16",220,5,74,556,3365,0.818127786032689,8325,25850,156,188,44,4898,19,1143,43,19
"418","2020-05-17",194,5,73,547,3365,0.818127786032689,8325,25850,156,188,47,4945,21,1164,43,21
"419","2020-05-18",193,5,88,538,3365,0.818127786032689,8325,25850,156,188,38,4983,25,1189,37,25
"420","2020-05-19",186,5,96,528,3365,0.818127786032689,8325,25850,156,188,39,5022,27,1216,38,27
"421","2020-05-20",176,5,90,495,3365,0.818127786032689,8325,25850,156,188,31,5053,13,1229,31,13
"422","2020-05-21",181,5,83,490,3365,0.818127786032689,8325,25850,156,188,28,5081,18,1247,26,18
"423","2020-05-22",185,5,76,474,3365,0.818127786032689,8325,25850,156,188,32,5113,15,1262,31,15
"424","2020-05-23",179,5,67,463,3365,0.818127786032689,8325,25850,156,188,31,5144,12,1274,30,12
"425","2020-05-24",169,5,56,431,3365,0.818127786032689,8325,25850,156,188,28,5172,12,1286,27,12
"426","2020-05-25",151,5,60,426,3365,0.818127786032689,8325,25850,156,188,30,5202,13,1299,27,13
"427","2020-05-26",153,5,57,401,3365,0.818127786032689,8325,25850,156,188,18,5220,8,1307,18,8
"428","2020-05-27",146,5,51,376,3365,0.818127786032689,8325,25850,156,188,15,5235,8,1315,14,8
"429","2020-05-28",134,5,52,347,3365,0.818127786032689,8325,25850,156,188,20,5255,19,1334,18,19
"430","2020-05-29",139,5,46,332,3365,0.818127786032689,8325,25850,156,188,7,5262,15,1349,6,15
"431","2020-05-30",127,5,45,327,3365,0.818127786032689,8325,25850,156,188,13,5275,17,1366,10,17
"432","2020-05-31",131,5,37,308,3365,0.818127786032689,8325,25850,156,188,9,5284,17,1383,9,17
"433","2020-06-01",133,5,39,294,3365,0.818127786032689,8325,25850,156,188,16,5300,16,1399,15,16
"434","2020-06-02",120,5,37,272,3365,0.818127786032689,8325,25850,156,188,8,5308,8,1407,8,8
"435","2020-06-03",115,5,32,249,3365,0.818127786032689,8325,25850,156,188,7,5315,10,1417,5,10
"436","2020-06-04",111,5,35,247,3365,0.818127786032689,8325,25850,156,188,8,5323,17,1434,8,17
"437","2020-06-05",93,5,34,226,3365,0.818127786032689,8325,25850,156,188,5,5328,15,1449,5,15
"438","2020-06-06",95,5,33,219,3365,0.818127786032689,8325,25850,156,188,7,5335,6,1455,6,6
"439","2020-06-07",80,5,28,202,3365,0.818127786032689,8325,25850,156,188,6,5341,8,1463,4,8
"440","2020-03-12",1,6,33,22,3058,0.84434270765206,8325,24423,183,304,4,11,3,7,NA,3
"441","2020-03-13",2,6,35,29,3058,0.84434270765206,8325,24423,183,304,4,15,5,12,1,5
"442","2020-03-14",2,6,42,37,3058,0.84434270765206,8325,24423,183,304,6,21,7,19,1,7
"443","2020-03-15",4,6,36,48,3058,0.84434270765206,8325,24423,183,304,11,32,6,25,2,6
"444","2020-03-16",5,6,39,60,3058,0.84434270765206,8325,24423,183,304,8,40,3,28,4,3
"445","2020-03-17",5,6,44,76,3058,0.84434270765206,8325,24423,183,304,19,59,11,39,6,11
"446","2020-03-18",9,6,42,90,3058,0.84434270765206,8325,24423,183,304,10,69,3,42,7,3
"447","2020-03-19",13,6,41,113,3058,0.84434270765206,8325,24423,183,304,16,85,3,45,10,3
"448","2020-03-20",18,6,34,133,3058,0.84434270765206,8325,24423,183,304,10,95,1,46,8,1
"449","2020-03-21",33,6,37,160,3058,0.84434270765206,8325,24423,183,304,22,117,2,48,12,2
"450","2020-03-22",33,6,46,176,3058,0.84434270765206,8325,24423,183,304,17,134,6,54,15,6
"451","2020-03-23",39,6,48,184,3058,0.84434270765206,8325,24423,183,304,21,155,5,59,13,5
"452","2020-03-24",45,6,44,202,3058,0.84434270765206,8325,24423,183,304,29,184,6,65,19,6
"453","2020-03-25",49,6,46,212,3058,0.84434270765206,8325,24423,183,304,25,209,2,67,19,2
"454","2020-03-26",51,6,47,229,3058,0.84434270765206,8325,24423,183,304,25,234,14,81,17,14
"455","2020-03-27",59,6,47,241,3058,0.84434270765206,8325,24423,183,304,24,258,8,89,17,8
"456","2020-03-28",54,6,46,255,3058,0.84434270765206,8325,24423,183,304,45,303,1,90,33,1
"457","2020-03-29",71,6,49,258,3058,0.84434270765206,8325,24423,183,304,33,336,4,94,27,4
"458","2020-03-30",73,6,40,269,3058,0.84434270765206,8325,24423,183,304,33,369,9,103,25,9
"459","2020-03-31",70,6,32,286,3058,0.84434270765206,8325,24423,183,304,28,397,1,104,20,1
"460","2020-04-01",73,6,45,282,3058,0.84434270765206,8325,24423,183,304,37,434,10,114,27,10
"461","2020-04-02",77,6,47,301,3058,0.84434270765206,8325,24423,183,304,46,480,16,130,42,16
"462","2020-04-03",87,6,50,301,3058,0.84434270765206,8325,24423,183,304,45,525,14,144,38,14
"463","2020-04-04",103,6,59,317,3058,0.84434270765206,8325,24423,183,304,47,572,9,153,41,9
"464","2020-04-05",103,6,52,334,3058,0.84434270765206,8325,24423,183,304,55,627,15,168,45,15
"465","2020-04-06",108,6,53,348,3058,0.84434270765206,8325,24423,183,304,26,653,16,184,19,16
"466","2020-04-07",110,6,63,355,3058,0.84434270765206,8325,24423,183,304,47,700,5,189,41,5
"467","2020-04-08",113,6,91,361,3058,0.84434270765206,8325,24423,183,304,56,756,5,194,45,5
"468","2020-04-09",114,6,81,378,3058,0.84434270765206,8325,24423,183,304,48,804,8,202,46,8
"469","2020-04-10",123,6,70,389,3058,0.84434270765206,8325,24423,183,304,67,871,7,209,61,7
"470","2020-04-11",118,6,78,393,3058,0.84434270765206,8325,24423,183,304,58,929,6,215,49,6
"471","2020-04-12",116,6,74,401,3058,0.84434270765206,8325,24423,183,304,47,976,8,223,35,8
"472","2020-04-13",109,6,75,406,3058,0.84434270765206,8325,24423,183,304,53,1029,11,234,47,11
"473","2020-04-14",108,6,66,416,3058,0.84434270765206,8325,24423,183,304,61,1090,10,244,50,10
"474","2020-04-15",116,6,75,435,3058,0.84434270765206,8325,24423,183,304,52,1142,13,257,42,13
"475","2020-04-16",123,6,67,451,3058,0.84434270765206,8325,24423,183,304,55,1197,13,270,48,13
"476","2020-04-17",133,6,76,465,3058,0.84434270765206,8325,24423,183,304,63,1260,24,294,53,24
"477","2020-04-18",140,6,72,476,3058,0.84434270765206,8325,24423,183,304,69,1329,19,313,60,19
"478","2020-04-19",154,6,79,477,3058,0.84434270765206,8325,24423,183,304,70,1399,9,322,62,9
"479","2020-04-20",161,6,96,489,3058,0.84434270765206,8325,24423,183,304,72,1471,3,325,63,3
"480","2020-04-21",156,6,96,487,3058,0.84434270765206,8325,24423,183,304,82,1553,13,338,69,13
"481","2020-04-22",147,6,107,482,3058,0.84434270765206,8325,24423,183,304,61,1614,15,353,54,15
"482","2020-04-23",145,6,105,479,3058,0.84434270765206,8325,24423,183,304,79,1693,19,372,69,19
"483","2020-04-24",159,6,91,484,3058,0.84434270765206,8325,24423,183,304,75,1768,13,385,65,13
"484","2020-04-25",157,6,83,499,3058,0.84434270765206,8325,24423,183,304,72,1840,8,393,67,8
"485","2020-04-26",156,6,81,504,3058,0.84434270765206,8325,24423,183,304,67,1907,6,399,58,6
"486","2020-04-27",149,6,78,513,3058,0.84434270765206,8325,24423,183,304,71,1978,7,406,62,7
"487","2020-04-28",148,6,87,508,3058,0.84434270765206,8325,24423,183,304,63,2041,11,417,55,11
"488","2020-04-29",152,6,94,516,3058,0.84434270765206,8325,24423,183,304,79,2120,8,425,71,8
"489","2020-04-30",156,6,119,515,3058,0.84434270765206,8325,24423,183,304,53,2173,15,440,47,15
"490","2020-05-01",173,6,112,528,3058,0.84434270765206,8325,24423,183,304,49,2222,16,456,44,16
"491","2020-05-02",189,6,112,539,3058,0.84434270765206,8325,24423,183,304,63,2285,21,477,56,21
"492","2020-05-03",168,6,123,523,3058,0.84434270765206,8325,24423,183,304,58,2343,31,508,53,31
"493","2020-05-04",167,6,113,526,3058,0.84434270765206,8325,24423,183,304,64,2407,28,536,56,28
"494","2020-05-05",167,6,100,535,3058,0.84434270765206,8325,24423,183,304,62,2469,9,545,53,9
"495","2020-05-06",166,6,106,525,3058,0.84434270765206,8325,24423,183,304,60,2529,12,557,52,12
"496","2020-05-07",163,6,112,522,3058,0.84434270765206,8325,24423,183,304,65,2594,14,571,61,14
"497","2020-05-08",153,6,109,534,3058,0.84434270765206,8325,24423,183,304,48,2642,11,582,41,11
"498","2020-05-09",154,6,96,537,3058,0.84434270765206,8325,24423,183,304,62,2704,11,593,57,11
"499","2020-05-10",158,6,101,545,3058,0.84434270765206,8325,24423,183,304,49,2753,10,603,46,10
"500","2020-05-11",156,6,92,524,3058,0.84434270765206,8325,24423,183,304,54,2807,14,617,51,14
"501","2020-05-12",146,6,79,521,3058,0.84434270765206,8325,24423,183,304,58,2865,27,644,48,27
"502","2020-05-13",151,6,83,515,3058,0.84434270765206,8325,24423,183,304,52,2917,10,654,45,10
"503","2020-05-14",152,6,79,522,3058,0.84434270765206,8325,24423,183,304,59,2976,13,667,55,13
"504","2020-05-15",170,6,83,506,3058,0.84434270765206,8325,24423,183,304,47,3023,23,690,42,23
"505","2020-05-16",170,6,72,494,3058,0.84434270765206,8325,24423,183,304,47,3070,16,706,36,16
"506","2020-05-17",160,6,73,483,3058,0.84434270765206,8325,24423,183,304,52,3122,23,729,47,23
"507","2020-05-18",156,6,71,469,3058,0.84434270765206,8325,24423,183,304,42,3164,20,749,41,20
"508","2020-05-19",159,6,69,450,3058,0.84434270765206,8325,24423,183,304,47,3211,15,764,44,15
"509","2020-05-20",163,6,66,436,3058,0.84434270765206,8325,24423,183,304,44,3255,20,784,41,20
"510","2020-05-21",159,6,76,424,3058,0.84434270765206,8325,24423,183,304,40,3295,18,802,34,18
"511","2020-05-22",153,6,75,406,3058,0.84434270765206,8325,24423,183,304,33,3328,18,820,31,18
"512","2020-05-23",143,6,67,388,3058,0.84434270765206,8325,24423,183,304,40,3368,12,832,37,12
"513","2020-05-24",145,6,61,357,3058,0.84434270765206,8325,24423,183,304,26,3394,19,851,23,19
"514","2020-05-25",135,6,58,345,3058,0.84434270765206,8325,24423,183,304,37,3431,10,861,36,10
"515","2020-05-26",133,6,57,334,3058,0.84434270765206,8325,24423,183,304,25,3456,5,866,22,5
"516","2020-05-27",120,6,55,329,3058,0.84434270765206,8325,24423,183,304,42,3498,11,877,33,11
"517","2020-05-28",115,6,50,316,3058,0.84434270765206,8325,24423,183,304,22,3520,17,894,21,17
"518","2020-05-29",113,6,43,294,3058,0.84434270765206,8325,24423,183,304,29,3549,10,904,23,10
"519","2020-05-30",114,6,44,292,3058,0.84434270765206,8325,24423,183,304,20,3569,32,936,17,32
"520","2020-05-31",105,6,55,281,3058,0.84434270765206,8325,24423,183,304,13,3582,14,950,10,14
"521","2020-06-01",108,6,53,268,3058,0.84434270765206,8325,24423,183,304,26,3608,16,966,19,16
"522","2020-06-02",88,6,50,254,3058,0.84434270765206,8325,24423,183,304,20,3628,16,982,15,16
"523","2020-06-03",88,6,53,252,3058,0.84434270765206,8325,24423,183,304,24,3652,23,1005,19,23
"524","2020-06-04",87,6,62,247,3058,0.84434270765206,8325,24423,183,304,19,3671,17,1022,16,17
"525","2020-06-05",87,6,59,240,3058,0.84434270765206,8325,24423,183,304,16,3687,14,1036,13,14
"526","2020-06-06",82,6,56,221,3058,0.84434270765206,8325,24423,183,304,18,3705,17,1053,15,17
"527","2020-06-07",69,6,51,212,3058,0.84434270765206,8325,24423,183,304,23,3728,16,1069,21,16
"528","2020-03-07",1,7,0,0,2565,0.560623781676413,8310,21504,146,139,NA,NA,NA,NA,NA,NA
"529","2020-03-08",1,7,0,0,2565,0.560623781676413,8310,21504,146,139,NA,NA,NA,NA,NA,NA
"530","2020-03-09",0,7,0,0,2565,0.560623781676413,8310,21504,146,139,NA,NA,NA,NA,NA,NA
"531","2020-03-10",0,7,0,0,2565,0.560623781676413,8310,21504,146,139,NA,NA,1,1,NA,1
"532","2020-03-11",0,7,0,0,2565,0.560623781676413,8310,21504,146,139,2,2,4,5,NA,4
"533","2020-03-12",0,7,0,0,2565,0.560623781676413,8310,21504,146,139,3,5,16,21,NA,16
"534","2020-03-13",2,7,22,33,2565,0.560623781676413,8310,21504,146,139,6,11,11,32,NA,11
"535","2020-03-14",2,7,22,48,2565,0.560623781676413,8310,21504,146,139,5,16,10,42,2,10
"536","2020-03-15",4,7,22,60,2565,0.560623781676413,8310,21504,146,139,3,19,11,53,1,11
"537","2020-03-16",8,7,27,78,2565,0.560623781676413,8310,21504,146,139,9,28,10,63,7,10
"538","2020-03-17",12,7,27,97,2565,0.560623781676413,8310,21504,146,139,6,34,12,75,5,12
"539","2020-03-18",18,7,23,114,2565,0.560623781676413,8310,21504,146,139,9,43,16,91,7,16
"540","2020-03-19",23,7,21,128,2565,0.560623781676413,8310,21504,146,139,11,54,9,100,7,9
"541","2020-03-20",30,7,15,138,2565,0.560623781676413,8310,21504,146,139,7,61,7,107,3,7
"542","2020-03-21",34,7,22,153,2565,0.560623781676413,8310,21504,146,139,10,71,3,110,7,3
"543","2020-03-22",33,7,30,165,2565,0.560623781676413,8310,21504,146,139,9,80,3,113,7,3
"544","2020-03-23",32,7,30,190,2565,0.560623781676413,8310,21504,146,139,11,91,5,118,8,5
"545","2020-03-24",33,7,26,209,2565,0.560623781676413,8310,21504,146,139,16,107,6,124,14,6
"546","2020-03-25",38,7,24,230,2565,0.560623781676413,8310,21504,146,139,20,127,10,134,16,10
"547","2020-03-26",40,7,22,251,2565,0.560623781676413,8310,21504,146,139,9,136,10,144,8,10
"548","2020-03-27",50,7,18,258,2565,0.560623781676413,8310,21504,146,139,19,155,12,156,14,12
"549","2020-03-28",59,7,21,269,2565,0.560623781676413,8310,21504,146,139,10,165,10,166,8,10
"550","2020-03-29",77,7,21,276,2565,0.560623781676413,8310,21504,146,139,19,184,11,177,15,11
"551","2020-03-30",83,7,17,287,2565,0.560623781676413,8310,21504,146,139,19,203,15,192,15,15
"552","2020-03-31",86,7,19,293,2565,0.560623781676413,8310,21504,146,139,25,228,7,199,24,7
"553","2020-04-01",90,7,14,303,2565,0.560623781676413,8310,21504,146,139,30,258,11,210,26,11
"554","2020-04-02",95,7,21,296,2565,0.560623781676413,8310,21504,146,139,28,286,12,222,21,12
"555","2020-04-03",105,7,20,317,2565,0.560623781676413,8310,21504,146,139,30,316,19,241,24,19
"556","2020-04-04",121,7,24,325,2565,0.560623781676413,8310,21504,146,139,39,355,14,255,31,14
"557","2020-04-05",108,7,28,314,2565,0.560623781676413,8310,21504,146,139,36,391,3,258,33,3
"558","2020-04-06",99,7,39,322,2565,0.560623781676413,8310,21504,146,139,42,433,7,265,40,7
"559","2020-04-07",101,7,41,331,2565,0.560623781676413,8310,21504,146,139,40,473,3,268,36,3
"560","2020-04-08",95,7,35,330,2565,0.560623781676413,8310,21504,146,139,47,520,21,289,46,21
"561","2020-04-09",96,7,33,333,2565,0.560623781676413,8310,21504,146,139,69,589,23,312,67,23
"562","2020-04-10",108,7,38,352,2565,0.560623781676413,8310,21504,146,139,68,657,22,334,62,22
"563","2020-04-11",102,7,32,358,2565,0.560623781676413,8310,21504,146,139,74,731,26,360,70,26
"564","2020-04-12",106,7,29,365,2565,0.560623781676413,8310,21504,146,139,69,800,24,384,61,24
"565","2020-04-13",109,7,31,373,2565,0.560623781676413,8310,21504,146,139,63,863,24,408,57,24
"566","2020-04-14",105,7,26,394,2565,0.560623781676413,8310,21504,146,139,88,951,12,420,82,12
"567","2020-04-15",118,7,26,405,2565,0.560623781676413,8310,21504,146,139,81,1032,9,429,78,9
"568","2020-04-16",115,7,33,418,2565,0.560623781676413,8310,21504,146,139,79,1111,22,451,79,22
"569","2020-04-17",129,7,42,428,2565,0.560623781676413,8310,21504,146,139,107,1218,20,471,102,20
"570","2020-04-18",149,7,52,464,2565,0.560623781676413,8310,21504,146,139,83,1301,27,498,80,27
"571","2020-04-19",132,7,48,475,2565,0.560623781676413,8310,21504,146,139,96,1397,34,532,91,34
"572","2020-04-20",132,7,40,483,2565,0.560623781676413,8310,21504,146,139,131,1528,21,553,128,21
"573","2020-04-21",146,7,34,485,2565,0.560623781676413,8310,21504,146,139,113,1641,14,567,103,14
"574","2020-04-22",144,7,34,478,2565,0.560623781676413,8310,21504,146,139,96,1737,18,585,93,18
"575","2020-04-23",158,7,49,467,2565,0.560623781676413,8310,21504,146,139,95,1832,22,607,92,22
"576","2020-04-24",155,7,56,458,2565,0.560623781676413,8310,21504,146,139,139,1971,15,622,138,15
"577","2020-04-25",162,7,57,478,2565,0.560623781676413,8310,21504,146,139,125,2096,23,645,120,23
"578","2020-04-26",174,7,52,458,2565,0.560623781676413,8310,21504,146,139,98,2194,20,665,94,20
"579","2020-04-27",162,7,52,435,2565,0.560623781676413,8310,21504,146,139,116,2310,26,691,115,26
"580","2020-04-28",150,7,53,435,2565,0.560623781676413,8310,21504,146,139,126,2436,19,710,121,19
"581","2020-04-29",145,7,48,426,2565,0.560623781676413,8310,21504,146,139,113,2549,14,724,109,14
"582","2020-04-30",133,7,56,414,2565,0.560623781676413,8310,21504,146,139,122,2671,8,732,119,8
"583","2020-05-01",143,7,61,393,2565,0.560623781676413,8310,21504,146,139,107,2778,17,749,104,17
"584","2020-05-02",123,7,56,388,2565,0.560623781676413,8310,21504,146,139,93,2871,16,765,92,16
"585","2020-05-03",126,7,48,370,2565,0.560623781676413,8310,21504,146,139,96,2967,20,785,92,20
"586","2020-05-04",123,7,47,372,2565,0.560623781676413,8310,21504,146,139,105,3072,7,792,104,7
"587","2020-05-05",123,7,47,369,2565,0.560623781676413,8310,21504,146,139,74,3146,9,801,70,9
"588","2020-05-06",113,7,50,358,2565,0.560623781676413,8310,21504,146,139,118,3264,21,822,117,21
"589","2020-05-07",113,7,56,374,2565,0.560623781676413,8310,21504,146,139,86,3350,6,828,80,6
"590","2020-05-08",134,7,66,367,2565,0.560623781676413,8310,21504,146,139,92,3442,15,843,88,15
"591","2020-05-09",145,7,64,367,2565,0.560623781676413,8310,21504,146,139,56,3498,9,852,52,9
"592","2020-05-10",118,7,66,382,2565,0.560623781676413,8310,21504,146,139,100,3598,2,854,99,2
"593","2020-05-11",122,7,61,397,2565,0.560623781676413,8310,21504,146,139,44,3642,13,867,41,13
"594","2020-05-12",110,7,44,393,2565,0.560623781676413,8310,21504,146,139,87,3729,8,875,83,8
"595","2020-05-13",115,7,39,398,2565,0.560623781676413,8310,21504,146,139,44,3773,11,886,44,11
"596","2020-05-14",118,7,32,386,2565,0.560623781676413,8310,21504,146,139,68,3841,3,889,64,3
"597","2020-05-15",112,7,31,377,2565,0.560623781676413,8310,21504,146,139,73,3914,17,906,72,17
"598","2020-05-16",109,7,32,373,2565,0.560623781676413,8310,21504,146,139,61,3975,13,919,59,13
"599","2020-05-17",117,7,31,376,2565,0.560623781676413,8310,21504,146,139,61,4036,7,926,56,7
"600","2020-05-18",112,7,36,358,2565,0.560623781676413,8310,21504,146,139,35,4071,8,934,35,8
"601","2020-05-19",112,7,37,354,2565,0.560623781676413,8310,21504,146,139,36,4107,8,942,35,8
"602","2020-05-20",120,7,39,333,2565,0.560623781676413,8310,21504,146,139,42,4149,5,947,42,5
"603","2020-05-21",129,7,40,312,2565,0.560623781676413,8310,21504,146,139,39,4188,9,956,37,9
"604","2020-05-22",133,7,36,306,2565,0.560623781676413,8310,21504,146,139,38,4226,11,967,35,11
"605","2020-05-23",141,7,31,299,2565,0.560623781676413,8310,21504,146,139,44,4270,9,976,43,9
"606","2020-05-24",123,7,28,298,2565,0.560623781676413,8310,21504,146,139,34,4304,5,981,34,5
"607","2020-05-25",122,7,30,280,2565,0.560623781676413,8310,21504,146,139,26,4330,8,989,24,8
"608","2020-05-26",114,7,36,249,2565,0.560623781676413,8310,21504,146,139,22,4352,15,1004,19,15
"609","2020-05-27",103,7,41,240,2565,0.560623781676413,8310,21504,146,139,22,4374,5,1009,22,5
"610","2020-05-28",83,7,44,220,2565,0.560623781676413,8310,21504,146,139,24,4398,3,1012,24,3
"611","2020-05-29",73,7,53,204,2565,0.560623781676413,8310,21504,146,139,15,4413,18,1030,15,18
"612","2020-05-30",67,7,53,197,2565,0.560623781676413,8310,21504,146,139,28,4441,12,1042,26,12
"613","2020-05-31",68,7,46,182,2565,0.560623781676413,8310,21504,146,139,24,4465,4,1046,23,4
"614","2020-06-01",66,7,45,160,2565,0.560623781676413,8310,21504,146,139,6,4471,6,1052,4,6
"615","2020-06-02",64,7,39,153,2565,0.560623781676413,8310,21504,146,139,20,4491,5,1057,20,5
"616","2020-06-03",69,7,39,148,2565,0.560623781676413,8310,21504,146,139,17,4508,5,1062,17,5
"617","2020-06-04",69,7,37,148,2565,0.560623781676413,8310,21504,146,139,12,4520,8,1070,12,8
"618","2020-06-05",67,7,34,145,2565,0.560623781676413,8310,21504,146,139,9,4529,13,1083,9,13
"619","2020-06-06",60,7,37,135,2565,0.560623781676413,8310,21504,146,139,16,4545,2,1085,15,2
"620","2020-06-07",56,7,34,139,2565,0.560623781676413,8310,21504,146,139,11,4556,3,1088,11,3
"621","2020-03-14",1,8,42,41,3414,0.786174575278266,8385,25805,195,542,7,21,1,13,2,1
"622","2020-03-15",4,8,57,55,3414,0.786174575278266,8385,25805,195,542,8,29,3,16,3,3
"623","2020-03-16",4,8,63,69,3414,0.786174575278266,8385,25805,195,542,9,38,2,18,4,2
"624","2020-03-17",7,8,61,82,3414,0.786174575278266,8385,25805,195,542,10,48,5,23,3,5
"625","2020-03-18",11,8,50,92,3414,0.786174575278266,8385,25805,195,542,13,61,3,26,4,3
"626","2020-03-19",16,8,68,105,3414,0.786174575278266,8385,25805,195,542,13,74,9,35,6,9
"627","2020-03-20",18,8,79,126,3414,0.786174575278266,8385,25805,195,542,7,81,6,41,1,6
"628","2020-03-21",26,8,93,140,3414,0.786174575278266,8385,25805,195,542,8,89,6,47,4,6
"629","2020-03-22",26,8,96,158,3414,0.786174575278266,8385,25805,195,542,17,106,3,50,11,3
"630","2020-03-23",32,8,84,183,3414,0.786174575278266,8385,25805,195,542,16,122,8,58,12,8
"631","2020-03-24",39,8,70,204,3414,0.786174575278266,8385,25805,195,542,13,135,6,64,8,6
"632","2020-03-25",41,8,65,227,3414,0.786174575278266,8385,25805,195,542,16,151,6,70,7,6
"633","2020-03-26",48,8,72,243,3414,0.786174575278266,8385,25805,195,542,18,169,2,72,11,2
"634","2020-03-27",71,8,86,278,3414,0.786174575278266,8385,25805,195,542,22,191,12,84,13,12
"635","2020-03-28",77,8,107,302,3414,0.786174575278266,8385,25805,195,542,16,207,4,88,6,4
"636","2020-03-29",82,8,98,331,3414,0.786174575278266,8385,25805,195,542,17,224,5,93,8,5
"637","2020-03-30",83,8,112,345,3414,0.786174575278266,8385,25805,195,542,22,246,3,96,14,3
"638","2020-03-31",79,8,115,359,3414,0.786174575278266,8385,25805,195,542,17,263,10,106,11,10
"639","2020-04-01",83,8,124,369,3414,0.786174575278266,8385,25805,195,542,20,283,3,109,7,3
"640","2020-04-02",88,8,123,393,3414,0.786174575278266,8385,25805,195,542,21,304,13,122,14,13
"641","2020-04-03",98,8,121,399,3414,0.786174575278266,8385,25805,195,542,25,329,2,124,12,2
"642","2020-04-04",128,8,127,424,3414,0.786174575278266,8385,25805,195,542,20,349,9,133,8,9
"643","2020-04-05",129,8,139,449,3414,0.786174575278266,8385,25805,195,542,24,373,3,136,17,3
"644","2020-04-06",133,8,127,470,3414,0.786174575278266,8385,25805,195,542,19,392,7,143,9,7
"645","2020-04-07",137,8,110,491,3414,0.786174575278266,8385,25805,195,542,21,413,4,147,10,4
"646","2020-04-08",145,8,103,513,3414,0.786174575278266,8385,25805,195,542,24,437,9,156,12,9
"647","2020-04-09",150,8,118,534,3414,0.786174575278266,8385,25805,195,542,19,456,8,164,14,8
"648","2020-04-10",167,8,123,548,3414,0.786174575278266,8385,25805,195,542,27,483,5,169,18,5
"649","2020-04-11",154,8,119,559,3414,0.786174575278266,8385,25805,195,542,26,509,11,180,18,11
"650","2020-04-12",170,8,121,576,3414,0.786174575278266,8385,25805,195,542,28,537,2,182,20,2
"651","2020-04-13",178,8,141,610,3414,0.786174575278266,8385,25805,195,542,18,555,6,188,12,6
"652","2020-04-14",175,8,137,629,3414,0.786174575278266,8385,25805,195,542,30,585,5,193,17,5
"653","2020-04-15",186,8,153,650,3414,0.786174575278266,8385,25805,195,542,26,611,3,196,17,3
"654","2020-04-16",188,8,142,646,3414,0.786174575278266,8385,25805,195,542,37,648,13,209,28,13
"655","2020-04-17",212,8,143,640,3414,0.786174575278266,8385,25805,195,542,28,676,6,215,13,6
"656","2020-04-18",204,8,153,658,3414,0.786174575278266,8385,25805,195,542,21,697,3,218,15,3
"657","2020-04-19",228,8,163,654,3414,0.786174575278266,8385,25805,195,542,21,718,4,222,13,4
"658","2020-04-20",225,8,161,659,3414,0.786174575278266,8385,25805,195,542,47,765,7,229,34,7
"659","2020-04-21",211,8,146,659,3414,0.786174575278266,8385,25805,195,542,32,797,9,238,23,9
"660","2020-04-22",207,8,162,674,3414,0.786174575278266,8385,25805,195,542,50,847,7,245,39,7
"661","2020-04-23",209,8,185,666,3414,0.786174575278266,8385,25805,195,542,22,869,19,264,15,19
"662","2020-04-24",236,8,191,671,3414,0.786174575278266,8385,25805,195,542,27,896,8,272,21,8
"663","2020-04-25",266,8,193,685,3414,0.786174575278266,8385,25805,195,542,30,926,4,276,23,4
"664","2020-04-26",227,8,185,673,3414,0.786174575278266,8385,25805,195,542,40,966,4,280,29,4
"665","2020-04-27",231,8,182,661,3414,0.786174575278266,8385,25805,195,542,32,998,13,293,23,13
"666","2020-04-28",232,8,176,657,3414,0.786174575278266,8385,25805,195,542,23,1021,8,301,14,8
"667","2020-04-29",226,8,178,648,3414,0.786174575278266,8385,25805,195,542,37,1058,6,307,28,6
"668","2020-04-30",217,8,190,659,3414,0.786174575278266,8385,25805,195,542,26,1084,1,308,21,1
"669","2020-05-01",226,8,198,648,3414,0.786174575278266,8385,25805,195,542,25,1109,5,313,15,5
"670","2020-05-02",230,8,210,648,3414,0.786174575278266,8385,25805,195,542,34,1143,14,327,27,14
"671","2020-05-03",220,8,203,625,3414,0.786174575278266,8385,25805,195,542,29,1172,18,345,22,18
"672","2020-05-04",209,8,184,598,3414,0.786174575278266,8385,25805,195,542,37,1209,8,353,24,8
"673","2020-05-05",207,8,180,581,3414,0.786174575278266,8385,25805,195,542,32,1241,8,361,23,8
"674","2020-05-06",197,8,187,534,3414,0.786174575278266,8385,25805,195,542,33,1274,9,370,22,9
"675","2020-05-07",202,8,194,516,3414,0.786174575278266,8385,25805,195,542,39,1313,5,375,30,5
"676","2020-05-08",197,8,186,509,3414,0.786174575278266,8385,25805,195,542,29,1342,16,391,19,16
"677","2020-05-09",180,8,169,481,3414,0.786174575278266,8385,25805,195,542,27,1369,5,396,20,5
"678","2020-05-10",167,8,164,483,3414,0.786174575278266,8385,25805,195,542,18,1387,13,409,11,13
"679","2020-05-11",158,8,173,473,3414,0.786174575278266,8385,25805,195,542,35,1422,16,425,28,16
"680","2020-05-12",144,8,152,467,3414,0.786174575278266,8385,25805,195,542,19,1441,13,438,15,13
"681","2020-05-13",155,8,149,446,3414,0.786174575278266,8385,25805,195,542,25,1466,12,450,16,12
"682","2020-05-14",151,8,148,439,3414,0.786174575278266,8385,25805,195,542,19,1485,16,466,15,16
"683","2020-05-15",143,8,158,421,3414,0.786174575278266,8385,25805,195,542,29,1514,6,472,23,6
"684","2020-05-16",141,8,170,415,3414,0.786174575278266,8385,25805,195,542,23,1537,11,483,14,11
"685","2020-05-17",145,8,169,404,3414,0.786174575278266,8385,25805,195,542,16,1553,11,494,13,11
"686","2020-05-18",142,8,172,384,3414,0.786174575278266,8385,25805,195,542,22,1575,11,505,14,11
"687","2020-05-19",140,8,182,372,3414,0.786174575278266,8385,25805,195,542,19,1594,5,510,11,5
"688","2020-05-20",134,8,191,365,3414,0.786174575278266,8385,25805,195,542,28,1622,4,514,15,4
"689","2020-05-21",131,8,177,367,3414,0.786174575278266,8385,25805,195,542,18,1640,9,523,12,9
"690","2020-05-22",134,8,184,355,3414,0.786174575278266,8385,25805,195,542,28,1668,16,539,19,16
"691","2020-05-23",137,8,186,351,3414,0.786174575278266,8385,25805,195,542,17,1685,11,550,14,11
"692","2020-05-24",134,8,179,325,3414,0.786174575278266,8385,25805,195,542,30,1715,6,556,22,6
"693","2020-05-25",125,8,177,311,3414,0.786174575278266,8385,25805,195,542,17,1732,7,563,16,7
"694","2020-05-26",125,8,174,302,3414,0.786174575278266,8385,25805,195,542,20,1752,15,578,17,15
"695","2020-05-27",120,8,167,296,3414,0.786174575278266,8385,25805,195,542,18,1770,11,589,12,11
"696","2020-05-28",121,8,178,284,3414,0.786174575278266,8385,25805,195,542,21,1791,8,597,14,8
"697","2020-05-29",122,8,183,277,3414,0.786174575278266,8385,25805,195,542,13,1804,10,607,10,10
"698","2020-05-30",114,8,166,261,3414,0.786174575278266,8385,25805,195,542,22,1826,13,620,16,13
"699","2020-05-31",98,8,149,246,3414,0.786174575278266,8385,25805,195,542,23,1849,9,629,21,9
"700","2020-06-01",93,8,153,239,3414,0.786174575278266,8385,25805,195,542,18,1867,7,636,15,7
"701","2020-06-02",83,8,166,218,3414,0.786174575278266,8385,25805,195,542,21,1888,9,645,15,9
"702","2020-06-03",81,8,183,207,3414,0.786174575278266,8385,25805,195,542,16,1904,5,650,15,5
"703","2020-06-04",69,8,185,190,3414,0.786174575278266,8385,25805,195,542,16,1920,6,656,16,6
"704","2020-06-05",62,8,170,173,3414,0.786174575278266,8385,25805,195,542,9,1929,8,664,3,8
"705","2020-06-06",61,8,162,169,3414,0.786174575278266,8385,25805,195,542,11,1940,6,670,9,6
"706","2020-06-07",50,8,157,167,3414,0.786174575278266,8385,25805,195,542,16,1956,5,675,12,5
"707","2020-03-18",2,9,19,37,5304,0.976432880844646,8280,31103,296,259,3,12,6,40,2,6
"708","2020-03-19",2,9,23,57,5304,0.976432880844646,8280,31103,296,259,6,18,2,42,6,2
"709","2020-03-20",5,9,25,67,5304,0.976432880844646,8280,31103,296,259,2,20,3,45,1,3
"710","2020-03-21",7,9,24,80,5304,0.976432880844646,8280,31103,296,259,3,23,7,52,3,7
"711","2020-03-22",12,9,21,101,5304,0.976432880844646,8280,31103,296,259,6,29,10,62,4,10
"712","2020-03-23",13,9,33,122,5304,0.976432880844646,8280,31103,296,259,10,39,8,70,7,8
"713","2020-03-24",18,9,32,139,5304,0.976432880844646,8280,31103,296,259,3,42,6,76,2,6
"714","2020-03-25",24,9,45,155,5304,0.976432880844646,8280,31103,296,259,11,53,5,81,8,5
"715","2020-03-26",30,9,42,178,5304,0.976432880844646,8280,31103,296,259,16,69,6,87,11,6
"716","2020-03-27",36,9,38,199,5304,0.976432880844646,8280,31103,296,259,9,78,10,97,6,10
"717","2020-03-28",44,9,44,215,5304,0.976432880844646,8280,31103,296,259,5,83,13,110,5,13
"718","2020-03-29",50,9,49,248,5304,0.976432880844646,8280,31103,296,259,13,96,13,123,13,13
"719","2020-03-30",54,9,45,269,5304,0.976432880844646,8280,31103,296,259,20,116,10,133,18,10
"720","2020-03-31",62,9,47,297,5304,0.976432880844646,8280,31103,296,259,13,129,9,142,12,9
"721","2020-04-01",64,9,49,318,5304,0.976432880844646,8280,31103,296,259,18,147,11,153,15,11
"722","2020-04-02",67,9,42,355,5304,0.976432880844646,8280,31103,296,259,22,169,4,157,20,4
"723","2020-04-03",82,9,47,399,5304,0.976432880844646,8280,31103,296,259,25,194,NA,NA,23,NA
"724","2020-04-04",112,9,57,432,5304,0.976432880844646,8280,31103,296,259,19,213,5,162,19,5
"725","2020-04-05",121,9,74,470,5304,0.976432880844646,8280,31103,296,259,45,258,2,164,43,2
"726","2020-04-06",119,9,79,518,5304,0.976432880844646,8280,31103,296,259,30,288,6,170,27,6
"727","2020-04-07",114,9,73,565,5304,0.976432880844646,8280,31103,296,259,56,344,2,172,53,2
"728","2020-04-08",125,9,62,624,5304,0.976432880844646,8280,31103,296,259,49,393,4,176,48,4
"729","2020-04-09",144,9,69,676,5304,0.976432880844646,8280,31103,296,259,36,429,11,187,36,11
"730","2020-04-10",202,9,75,743,5304,0.976432880844646,8280,31103,296,259,53,482,7,194,52,7
"731","2020-04-11",227,9,74,798,5304,0.976432880844646,8280,31103,296,259,61,543,8,202,58,8
"732","2020-04-12",233,9,80,849,5304,0.976432880844646,8280,31103,296,259,41,584,11,213,39,11
"733","2020-04-13",238,9,75,928,5304,0.976432880844646,8280,31103,296,259,64,648,17,230,64,17
"734","2020-04-14",252,9,72,980,5304,0.976432880844646,8280,31103,296,259,79,727,8,238,79,8
"735","2020-04-15",261,9,70,1052,5304,0.976432880844646,8280,31103,296,259,63,790,21,259,63,21
"736","2020-04-16",274,9,65,1107,5304,0.976432880844646,8280,31103,296,259,83,873,12,271,82,12
"737","2020-04-17",347,9,57,1195,5304,0.976432880844646,8280,31103,296,259,68,941,10,281,68,10
"738","2020-04-18",348,9,67,1232,5304,0.976432880844646,8280,31103,296,259,86,1027,9,290,85,9
"739","2020-04-19",342,9,84,1272,5304,0.976432880844646,8280,31103,296,259,85,1112,5,295,84,5
"740","2020-04-20",355,9,103,1313,5304,0.976432880844646,8280,31103,296,259,100,1212,11,306,98,11
"741","2020-04-21",351,9,101,1350,5304,0.976432880844646,8280,31103,296,259,94,1306,17,323,92,17
"742","2020-04-22",368,9,94,1374,5304,0.976432880844646,8280,31103,296,259,141,1447,23,346,140,23
"743","2020-04-23",377,9,95,1417,5304,0.976432880844646,8280,31103,296,259,103,1550,15,361,102,15
"744","2020-04-24",472,9,87,1472,5304,0.976432880844646,8280,31103,296,259,102,1652,16,377,101,16
"745","2020-04-25",491,9,81,1504,5304,0.976432880844646,8280,31103,296,259,108,1760,18,395,107,18
"746","2020-04-26",473,9,73,1527,5304,0.976432880844646,8280,31103,296,259,126,1886,22,417,125,22
"747","2020-04-27",475,9,70,1509,5304,0.976432880844646,8280,31103,296,259,104,1990,15,432,101,15
"748","2020-04-28",491,9,70,1512,5304,0.976432880844646,8280,31103,296,259,132,2122,10,442,130,10
"749","2020-04-29",499,9,85,1504,5304,0.976432880844646,8280,31103,296,259,159,2281,19,461,157,19
"750","2020-04-30",503,9,79,1508,5304,0.976432880844646,8280,31103,296,259,123,2404,16,477,120,16
"751","2020-05-01",501,9,77,1466,5304,0.976432880844646,8280,31103,296,259,135,2539,21,498,132,21
"752","2020-05-02",516,9,63,1475,5304,0.976432880844646,8280,31103,296,259,160,2699,25,523,160,25
"753","2020-05-03",482,9,67,1417,5304,0.976432880844646,8280,31103,296,259,132,2831,26,549,129,26
"754","2020-05-04",465,9,61,1370,5304,0.976432880844646,8280,31103,296,259,128,2959,14,563,127,14
"755","2020-05-05",450,9,59,1316,5304,0.976432880844646,8280,31103,296,259,122,3081,15,578,121,15
"756","2020-05-06",447,9,65,1260,5304,0.976432880844646,8280,31103,296,259,125,3206,19,597,125,19
"757","2020-05-07",442,9,72,1200,5304,0.976432880844646,8280,31103,296,259,131,3337,8,605,130,8
"758","2020-05-08",426,9,76,1136,5304,0.976432880844646,8280,31103,296,259,104,3441,7,612,101,7
"759","2020-05-09",402,9,76,1071,5304,0.976432880844646,8280,31103,296,259,102,3543,17,629,102,17
"760","2020-05-10",369,9,83,1033,5304,0.976432880844646,8280,31103,296,259,100,3643,33,662,98,33
"761","2020-05-11",368,9,77,983,5304,0.976432880844646,8280,31103,296,259,101,3744,17,679,101,17
"762","2020-05-12",345,9,70,918,5304,0.976432880844646,8280,31103,296,259,105,3849,13,692,105,13
"763","2020-05-13",324,9,62,867,5304,0.976432880844646,8280,31103,296,259,101,3950,15,707,98,15
"764","2020-05-14",308,9,55,809,5304,0.976432880844646,8280,31103,296,259,94,4044,10,717,93,10
"765","2020-05-15",306,9,48,763,5304,0.976432880844646,8280,31103,296,259,72,4116,10,727,71,10
"766","2020-05-16",286,9,38,701,5304,0.976432880844646,8280,31103,296,259,78,4194,11,738,76,11
"767","2020-05-17",264,9,40,643,5304,0.976432880844646,8280,31103,296,259,61,4255,21,759,61,21
"768","2020-05-18",254,9,39,592,5304,0.976432880844646,8280,31103,296,259,49,4304,13,772,47,13
"769","2020-05-19",236,9,32,550,5304,0.976432880844646,8280,31103,296,259,54,4358,18,790,54,18
"770","2020-05-20",231,9,35,486,5304,0.976432880844646,8280,31103,296,259,74,4432,12,802,74,12
"771","2020-05-21",216,9,35,433,5304,0.976432880844646,8280,31103,296,259,49,4481,21,823,48,21
"772","2020-05-22",177,9,32,381,5304,0.976432880844646,8280,31103,296,259,46,4527,12,835,46,12
"773","2020-05-23",162,9,37,350,5304,0.976432880844646,8280,31103,296,259,51,4578,6,841,51,6
"774","2020-05-24",141,9,40,299,5304,0.976432880844646,8280,31103,296,259,53,4631,13,854,53,13
"775","2020-05-25",128,9,46,277,5304,0.976432880844646,8280,31103,296,259,40,4671,19,873,39,19
"776","2020-05-26",121,9,48,246,5304,0.976432880844646,8280,31103,296,259,34,4705,13,886,34,13
"777","2020-05-27",108,9,44,219,5304,0.976432880844646,8280,31103,296,259,33,4738,3,889,33,3
"778","2020-05-28",97,9,41,207,5304,0.976432880844646,8280,31103,296,259,24,4762,2,891,24,2
"779","2020-05-29",79,9,38,185,5304,0.976432880844646,8280,31103,296,259,29,4791,3,894,28,3
"780","2020-05-30",73,9,32,167,5304,0.976432880844646,8280,31103,296,259,30,4821,3,897,30,3
"781","2020-05-31",68,9,32,150,5304,0.976432880844646,8280,31103,296,259,33,4854,5,902,33,5
"782","2020-06-01",67,9,33,139,5304,0.976432880844646,8280,31103,296,259,15,4869,10,912,15,10
"783","2020-06-02",56,9,28,127,5304,0.976432880844646,8280,31103,296,259,24,4893,9,921,23,9
"784","2020-06-03",49,9,28,119,5304,0.976432880844646,8280,31103,296,259,28,4921,14,935,26,14
"785","2020-06-04",48,9,24,110,5304,0.976432880844646,8280,31103,296,259,19,4940,14,949,19,14
"786","2020-06-05",45,9,17,101,5304,0.976432880844646,8280,31103,296,259,16,4956,8,957,16,8
"787","2020-06-06",44,9,19,93,5304,0.976432880844646,8280,31103,296,259,18,4974,11,968,18,11
"788","2020-06-07",39,9,18,85,5304,0.976432880844646,8280,31103,296,259,8,4982,5,973,8,5
"789","2020-03-08",1,10,0,0,5855,0.971135781383433,8280,31909,337,343,NA,NA,NA,NA,NA,NA
"790","2020-03-09",1,10,0,0,5855,0.971135781383433,8280,31909,337,343,NA,NA,NA,NA,NA,NA
"791","2020-03-10",0,10,0,0,5855,0.971135781383433,8280,31909,337,343,NA,NA,1,1,NA,1
"792","2020-03-11",0,10,0,0,5855,0.971135781383433,8280,31909,337,343,5,5,NA,NA,NA,NA
"793","2020-03-12",0,10,0,0,5855,0.971135781383433,8280,31909,337,343,2,7,2,3,NA,2
"794","2020-03-13",0,10,0,0,5855,0.971135781383433,8280,31909,337,343,11,18,NA,NA,3,NA
"795","2020-03-14",1,10,19,8,5855,0.971135781383433,8280,31909,337,343,10,28,1,4,3,1
"796","2020-03-15",2,10,19,11,5855,0.971135781383433,8280,31909,337,343,12,40,NA,NA,8,NA
"797","2020-03-16",1,10,24,15,5855,0.971135781383433,8280,31909,337,343,14,54,1,5,8,1
"798","2020-03-17",0,10,0,0,5855,0.971135781383433,8280,31909,337,343,9,63,NA,NA,6,NA
"799","2020-03-18",0,10,0,0,5855,0.971135781383433,8280,31909,337,343,16,79,1,6,10,1
"800","2020-03-19",0,10,0,0,5855,0.971135781383433,8280,31909,337,343,16,95,1,7,10,1
"801","2020-03-20",3,10,21,32,5855,0.971135781383433,8280,31909,337,343,16,111,NA,NA,12,NA
"802","2020-03-21",4,10,20,40,5855,0.971135781383433,8280,31909,337,343,14,125,1,8,9,1
"803","2020-03-22",5,10,21,48,5855,0.971135781383433,8280,31909,337,343,29,154,NA,NA,23,NA
"804","2020-03-23",7,10,20,63,5855,0.971135781383433,8280,31909,337,343,31,185,NA,NA,23,NA
"805","2020-03-24",8,10,20,79,5855,0.971135781383433,8280,31909,337,343,20,205,1,9,18,1
"806","2020-03-25",12,10,25,93,5855,0.971135781383433,8280,31909,337,343,19,224,1,10,17,1
"807","2020-03-26",14,10,29,102,5855,0.971135781383433,8280,31909,337,343,31,255,1,11,25,1
"808","2020-03-27",16,10,29,118,5855,0.971135781383433,8280,31909,337,343,28,283,1,12,21,1
"809","2020-03-28",24,10,32,134,5855,0.971135781383433,8280,31909,337,343,29,312,1,13,22,1
"810","2020-03-29",35,10,33,151,5855,0.971135781383433,8280,31909,337,343,34,346,4,17,25,4
"811","2020-03-30",35,10,23,182,5855,0.971135781383433,8280,31909,337,343,43,389,8,25,35,8
"812","2020-03-31",37,10,29,204,5855,0.971135781383433,8280,31909,337,343,28,417,5,30,21,5
"813","2020-04-01",42,10,38,224,5855,0.971135781383433,8280,31909,337,343,53,470,5,35,50,5
"814","2020-04-02",49,10,42,258,5855,0.971135781383433,8280,31909,337,343,28,498,10,45,25,10
"815","2020-04-03",65,10,45,291,5855,0.971135781383433,8280,31909,337,343,44,542,5,50,35,5
"816","2020-04-04",77,10,58,303,5855,0.971135781383433,8280,31909,337,343,40,582,6,56,37,6
"817","2020-04-05",70,10,77,349,5855,0.971135781383433,8280,31909,337,343,39,621,15,71,33,15
"818","2020-04-06",80,10,78,371,5855,0.971135781383433,8280,31909,337,343,38,659,8,79,33,8
"819","2020-04-07",85,10,81,409,5855,0.971135781383433,8280,31909,337,343,43,702,6,85,39,6
"820","2020-04-08",93,10,77,449,5855,0.971135781383433,8280,31909,337,343,55,757,6,91,47,6
"821","2020-04-09",96,10,61,483,5855,0.971135781383433,8280,31909,337,343,56,813,8,99,44,8
"822","2020-04-10",129,10,66,535,5855,0.971135781383433,8280,31909,337,343,50,863,10,109,45,10
"823","2020-04-11",132,10,59,617,5855,0.971135781383433,8280,31909,337,343,72,935,3,112,65,3
"824","2020-04-12",167,10,69,669,5855,0.971135781383433,8280,31909,337,343,70,1005,14,126,63,14
"825","2020-04-13",180,10,65,747,5855,0.971135781383433,8280,31909,337,343,73,1078,8,134,68,8
"826","2020-04-14",190,10,57,806,5855,0.971135781383433,8280,31909,337,343,69,1147,13,147,63,13
"827","2020-04-15",204,10,51,895,5855,0.971135781383433,8280,31909,337,343,61,1208,9,156,55,9
"828","2020-04-16",221,10,70,953,5855,0.971135781383433,8280,31909,337,343,76,1284,9,165,70,9
"829","2020-04-17",287,10,82,1032,5855,0.971135781383433,8280,31909,337,343,55,1339,9,174,46,9
"830","2020-04-18",355,10,81,1098,5855,0.971135781383433,8280,31909,337,343,73,1412,5,179,67,5
"831","2020-04-19",331,10,81,1194,5855,0.971135781383433,8280,31909,337,343,62,1474,4,183,55,4
"832","2020-04-20",327,10,83,1281,5855,0.971135781383433,8280,31909,337,343,90,1564,6,189,81,6
"833","2020-04-21",339,10,82,1331,5855,0.971135781383433,8280,31909,337,343,67,1631,9,198,61,9
"834","2020-04-22",353,10,89,1444,5855,0.971135781383433,8280,31909,337,343,68,1699,7,205,59,7
"835","2020-04-23",372,10,91,1515,5855,0.971135781383433,8280,31909,337,343,91,1790,12,217,86,12
"836","2020-04-24",509,10,92,1605,5855,0.971135781383433,8280,31909,337,343,70,1860,15,232,63,15
"837","2020-04-25",520,10,110,1662,5855,0.971135781383433,8280,31909,337,343,93,1953,12,244,83,12
"838","2020-04-26",482,10,123,1749,5855,0.971135781383433,8280,31909,337,343,78,2031,14,258,72,14
"839","2020-04-27",488,10,141,1781,5855,0.971135781383433,8280,31909,337,343,89,2120,4,262,86,4
"840","2020-04-28",509,10,153,1831,5855,0.971135781383433,8280,31909,337,343,86,2206,4,266,79,4
"841","2020-04-29",526,10,150,1879,5855,0.971135781383433,8280,31909,337,343,78,2284,5,271,74,5
"842","2020-04-30",549,10,147,1865,5855,0.971135781383433,8280,31909,337,343,66,2350,14,285,57,14
"843","2020-05-01",593,10,150,1850,5855,0.971135781383433,8280,31909,337,343,101,2451,11,296,92,11
"844","2020-05-02",591,10,159,1825,5855,0.971135781383433,8280,31909,337,343,72,2523,16,312,66,16
"845","2020-05-03",595,10,134,1785,5855,0.971135781383433,8280,31909,337,343,89,2612,16,328,81,16
"846","2020-05-04",601,10,130,1747,5855,0.971135781383433,8280,31909,337,343,57,2669,10,338,50,10
"847","2020-05-05",588,10,105,1713,5855,0.971135781383433,8280,31909,337,343,59,2728,20,358,57,20
"848","2020-05-06",589,10,117,1681,5855,0.971135781383433,8280,31909,337,343,69,2797,15,373,67,15
"849","2020-05-07",586,10,127,1595,5855,0.971135781383433,8280,31909,337,343,65,2862,14,387,58,14
"850","2020-05-08",591,10,130,1497,5855,0.971135781383433,8280,31909,337,343,69,2931,14,401,65,14
"851","2020-05-09",573,10,125,1421,5855,0.971135781383433,8280,31909,337,343,56,2987,16,417,52,16
"852","2020-05-10",515,10,127,1372,5855,0.971135781383433,8280,31909,337,343,60,3047,10,427,53,10
"853","2020-05-11",496,10,118,1278,5855,0.971135781383433,8280,31909,337,343,64,3111,10,437,60,10
"854","2020-05-12",499,10,123,1215,5855,0.971135781383433,8280,31909,337,343,56,3167,4,441,51,4
"855","2020-05-13",478,10,124,1134,5855,0.971135781383433,8280,31909,337,343,55,3222,8,449,49,8
"856","2020-05-14",458,10,113,1017,5855,0.971135781383433,8280,31909,337,343,49,3271,3,452,43,3
"857","2020-05-15",393,10,105,964,5855,0.971135781383433,8280,31909,337,343,54,3325,3,455,48,3
"858","2020-05-16",382,10,97,873,5855,0.971135781383433,8280,31909,337,343,49,3374,12,467,44,12
"859","2020-05-17",354,10,92,823,5855,0.971135781383433,8280,31909,337,343,33,3407,20,487,32,20
"860","2020-05-18",342,10,79,755,5855,0.971135781383433,8280,31909,337,343,52,3459,22,509,50,22
"861","2020-05-19",308,10,75,697,5855,0.971135781383433,8280,31909,337,343,34,3493,15,524,28,15
"862","2020-05-20",290,10,74,631,5855,0.971135781383433,8280,31909,337,343,53,3546,12,536,50,12
"863","2020-05-21",258,10,63,579,5855,0.971135781383433,8280,31909,337,343,42,3588,13,549,38,13
"864","2020-05-22",242,10,82,539,5855,0.971135781383433,8280,31909,337,343,45,3633,8,557,36,8
"865","2020-05-23",229,10,74,493,5855,0.971135781383433,8280,31909,337,343,36,3669,5,562,35,5
"866","2020-05-24",201,10,66,443,5855,0.971135781383433,8280,31909,337,343,42,3711,19,581,34,19
"867","2020-05-25",172,10,58,405,5855,0.971135781383433,8280,31909,337,343,40,3751,6,587,35,6
"868","2020-05-26",152,10,45,367,5855,0.971135781383433,8280,31909,337,343,33,3784,8,595,29,8
"869","2020-05-27",140,10,47,328,5855,0.971135781383433,8280,31909,337,343,18,3802,4,599,16,4
"870","2020-05-28",135,10,46,304,5855,0.971135781383433,8280,31909,337,343,29,3831,7,606,28,7
"871","2020-05-29",99,10,44,268,5855,0.971135781383433,8280,31909,337,343,22,3853,7,613,21,7
"872","2020-05-30",98,10,49,245,5855,0.971135781383433,8280,31909,337,343,22,3875,3,616,21,3
"873","2020-05-31",90,10,57,217,5855,0.971135781383433,8280,31909,337,343,21,3896,6,622,19,6
"874","2020-06-01",76,10,66,199,5855,0.971135781383433,8280,31909,337,343,20,3916,4,626,15,4
"875","2020-06-02",74,10,64,175,5855,0.971135781383433,8280,31909,337,343,21,3937,4,630,16,4
"876","2020-06-03",68,10,54,152,5855,0.971135781383433,8280,31909,337,343,22,3959,5,635,18,5
"877","2020-06-04",66,10,51,130,5855,0.971135781383433,8280,31909,337,343,12,3971,9,644,10,9
"878","2020-06-05",64,10,52,122,5855,0.971135781383433,8280,31909,337,343,18,3989,7,651,13,7
"879","2020-06-06",62,10,60,108,5855,0.971135781383433,8280,31909,337,343,12,4001,6,657,10,6
"880","2020-06-07",50,10,51,93,5855,0.971135781383433,8280,31909,337,343,8,4009,8,665,6,8
"881","2020-03-14",2,11,22,42,5244,0.877765064836003,8460,31978,309,331,11,40,19,43,2,19
"882","2020-03-15",4,11,26,48,5244,0.877765064836003,8460,31978,309,331,13,53,19,62,7,19
"883","2020-03-16",7,11,25,62,5244,0.877765064836003,8460,31978,309,331,14,67,24,86,4,24
"884","2020-03-17",10,11,26,81,5244,0.877765064836003,8460,31978,309,331,13,80,33,119,8,33
"885","2020-03-18",14,11,28,101,5244,0.877765064836003,8460,31978,309,331,17,97,20,139,7,20
"886","2020-03-19",18,11,37,112,5244,0.877765064836003,8460,31978,309,331,18,115,23,162,10,23
"887","2020-03-20",21,11,35,127,5244,0.877765064836003,8460,31978,309,331,19,134,25,187,9,25
"888","2020-03-21",26,11,34,149,5244,0.877765064836003,8460,31978,309,331,27,161,24,211,19,24
"889","2020-03-22",32,11,28,166,5244,0.877765064836003,8460,31978,309,331,24,185,21,232,14,21
"890","2020-03-23",33,11,26,185,5244,0.877765064836003,8460,31978,309,331,29,214,29,261,17,29
"891","2020-03-24",39,11,29,203,5244,0.877765064836003,8460,31978,309,331,40,254,27,288,23,27
"892","2020-03-25",39,11,29,214,5244,0.877765064836003,8460,31978,309,331,26,280,35,323,20,35
"893","2020-03-26",43,11,33,237,5244,0.877765064836003,8460,31978,309,331,33,313,26,349,27,26
"894","2020-03-27",54,11,35,265,5244,0.877765064836003,8460,31978,309,331,43,356,19,368,28,19
"895","2020-03-28",66,11,36,282,5244,0.877765064836003,8460,31978,309,331,33,389,21,389,22,21
"896","2020-03-29",71,11,35,312,5244,0.877765064836003,8460,31978,309,331,50,439,22,411,37,22
"897","2020-03-30",77,11,47,344,5244,0.877765064836003,8460,31978,309,331,45,484,27,438,32,27
"898","2020-03-31",84,11,55,385,5244,0.877765064836003,8460,31978,309,331,41,525,22,460,31,22
"899","2020-04-01",95,11,55,425,5244,0.877765064836003,8460,31978,309,331,59,584,35,495,44,35
"900","2020-04-02",103,11,54,483,5244,0.877765064836003,8460,31978,309,331,53,637,30,525,43,30
"901","2020-04-03",131,11,57,526,5244,0.877765064836003,8460,31978,309,331,36,673,37,562,30,37
"902","2020-04-04",153,11,60,559,5244,0.877765064836003,8460,31978,309,331,51,724,43,605,38,43
"903","2020-04-05",151,11,66,603,5244,0.877765064836003,8460,31978,309,331,51,775,37,642,35,37
"904","2020-04-06",162,11,53,635,5244,0.877765064836003,8460,31978,309,331,45,820,36,678,40,36
"905","2020-04-07",169,11,51,706,5244,0.877765064836003,8460,31978,309,331,58,878,36,714,45,36
"906","2020-04-08",170,11,65,740,5244,0.877765064836003,8460,31978,309,331,55,933,30,744,41,30
"907","2020-04-09",176,11,79,800,5244,0.877765064836003,8460,31978,309,331,59,992,25,769,49,25
"908","2020-04-10",229,11,96,868,5244,0.877765064836003,8460,31978,309,331,45,1037,39,808,38,39
"909","2020-04-11",256,11,74,907,5244,0.877765064836003,8460,31978,309,331,54,1091,33,841,43,33
"910","2020-04-12",268,11,61,958,5244,0.877765064836003,8460,31978,309,331,71,1162,18,859,60,18
"911","2020-04-13",287,11,57,1024,5244,0.877765064836003,8460,31978,309,331,55,1217,44,903,43,44
"912","2020-04-14",296,11,74,1063,5244,0.877765064836003,8460,31978,309,331,67,1284,42,945,56,42
"913","2020-04-15",322,11,79,1120,5244,0.877765064836003,8460,31978,309,331,68,1352,41,986,56,41
"914","2020-04-16",333,11,80,1153,5244,0.877765064836003,8460,31978,309,331,78,1430,39,1025,60,39
"915","2020-04-17",396,11,83,1204,5244,0.877765064836003,8460,31978,309,331,72,1502,32,1057,62,32
"916","2020-04-18",430,11,74,1232,5244,0.877765064836003,8460,31978,309,331,62,1564,29,1086,54,29
"917","2020-04-19",418,11,75,1265,5244,0.877765064836003,8460,31978,309,331,78,1642,28,1114,67,28
"918","2020-04-20",400,11,70,1304,5244,0.877765064836003,8460,31978,309,331,66,1708,24,1138,54,24
"919","2020-04-21",407,11,71,1325,5244,0.877765064836003,8460,31978,309,331,71,1779,22,1160,57,22
"920","2020-04-22",414,11,67,1356,5244,0.877765064836003,8460,31978,309,331,65,1844,25,1185,57,25
"921","2020-04-23",431,11,64,1362,5244,0.877765064836003,8460,31978,309,331,68,1912,22,1207,55,22
"922","2020-04-24",496,11,71,1398,5244,0.877765064836003,8460,31978,309,331,59,1971,31,1238,43,31
"923","2020-04-25",489,11,65,1374,5244,0.877765064836003,8460,31978,309,331,74,2045,33,1271,65,33
"924","2020-04-26",437,11,56,1398,5244,0.877765064836003,8460,31978,309,331,63,2108,35,1306,50,35
"925","2020-04-27",437,11,66,1401,5244,0.877765064836003,8460,31978,309,331,79,2187,31,1337,60,31
"926","2020-04-28",438,11,68,1406,5244,0.877765064836003,8460,31978,309,331,80,2267,24,1361,68,24
"927","2020-04-29",435,11,66,1378,5244,0.877765064836003,8460,31978,309,331,51,2318,17,1378,43,17
"928","2020-04-30",437,11,75,1314,5244,0.877765064836003,8460,31978,309,331,61,2379,19,1397,47,19
"929","2020-05-01",448,11,88,1296,5244,0.877765064836003,8460,31978,309,331,71,2450,21,1418,61,21
"930","2020-05-02",427,11,90,1247,5244,0.877765064836003,8460,31978,309,331,58,2508,17,1435,43,17
"931","2020-05-03",422,11,88,1221,5244,0.877765064836003,8460,31978,309,331,78,2586,22,1457,68,22
"932","2020-05-04",411,11,79,1139,5244,0.877765064836003,8460,31978,309,331,51,2637,35,1492,39,35
"933","2020-05-05",387,11,91,1101,5244,0.877765064836003,8460,31978,309,331,51,2688,40,1532,43,40
"934","2020-05-06",381,11,83,1067,5244,0.877765064836003,8460,31978,309,331,68,2756,32,1564,57,32
"935","2020-05-07",362,11,82,1033,5244,0.877765064836003,8460,31978,309,331,52,2808,44,1608,46,44
"936","2020-05-08",373,11,84,948,5244,0.877765064836003,8460,31978,309,331,63,2871,40,1648,53,40
"937","2020-05-09",363,11,96,907,5244,0.877765064836003,8460,31978,309,331,45,2916,26,1674,34,26
"938","2020-05-10",329,11,94,862,5244,0.877765064836003,8460,31978,309,331,46,2962,24,1698,34,24
"939","2020-05-11",320,11,92,816,5244,0.877765064836003,8460,31978,309,331,34,2996,29,1727,31,29
"940","2020-05-12",313,11,80,774,5244,0.877765064836003,8460,31978,309,331,38,3034,27,1754,30,27
"941","2020-05-13",305,11,75,752,5244,0.877765064836003,8460,31978,309,331,57,3091,30,1784,49,30
"942","2020-05-14",298,11,67,689,5244,0.877765064836003,8460,31978,309,331,27,3118,30,1814,21,30
"943","2020-05-15",267,11,72,643,5244,0.877765064836003,8460,31978,309,331,36,3154,37,1851,32,37
"944","2020-05-16",253,11,88,610,5244,0.877765064836003,8460,31978,309,331,34,3188,28,1879,30,28
"945","2020-05-17",240,11,85,558,5244,0.877765064836003,8460,31978,309,331,39,3227,42,1921,31,42
"946","2020-05-18",228,11,82,514,5244,0.877765064836003,8460,31978,309,331,34,3261,44,1965,24,44
"947","2020-05-19",209,11,73,473,5244,0.877765064836003,8460,31978,309,331,35,3296,41,2006,29,41
"948","2020-05-20",188,11,66,422,5244,0.877765064836003,8460,31978,309,331,20,3316,31,2037,16,31
"949","2020-05-21",173,11,67,393,5244,0.877765064836003,8460,31978,309,331,26,3342,42,2079,22,42
"950","2020-05-22",158,11,69,369,5244,0.877765064836003,8460,31978,309,331,28,3370,38,2117,22,38
"951","2020-05-23",165,11,66,335,5244,0.877765064836003,8460,31978,309,331,28,3398,26,2143,21,26
"952","2020-05-24",134,11,63,318,5244,0.877765064836003,8460,31978,309,331,14,3412,31,2174,10,31
"953","2020-05-25",123,11,64,293,5244,0.877765064836003,8460,31978,309,331,21,3433,34,2208,17,34
"954","2020-05-26",117,11,75,275,5244,0.877765064836003,8460,31978,309,331,19,3452,38,2246,18,38
"955","2020-05-27",120,11,80,243,5244,0.877765064836003,8460,31978,309,331,14,3466,36,2282,12,36
"956","2020-05-28",117,11,63,217,5244,0.877765064836003,8460,31978,309,331,18,3484,36,2318,14,36
"957","2020-05-29",93,11,62,196,5244,0.877765064836003,8460,31978,309,331,25,3509,30,2348,21,30
"958","2020-05-30",76,11,59,182,5244,0.877765064836003,8460,31978,309,331,15,3524,20,2368,12,20
"959","2020-05-31",69,11,60,169,5244,0.877765064836003,8460,31978,309,331,13,3537,18,2386,10,18
"960","2020-06-01",58,11,69,161,5244,0.877765064836003,8460,31978,309,331,12,3549,25,2411,11,25
"961","2020-06-02",51,11,64,147,5244,0.877765064836003,8460,31978,309,331,16,3565,26,2437,12,26
"962","2020-06-03",40,11,56,141,5244,0.877765064836003,8460,31978,309,331,18,3583,22,2459,13,22
"963","2020-06-04",37,11,50,130,5244,0.877765064836003,8460,31978,309,331,13,3596,28,2487,10,28
"964","2020-06-05",36,11,48,128,5244,0.877765064836003,8460,31978,309,331,13,3609,35,2522,11,35
"965","2020-06-06",41,11,50,115,5244,0.877765064836003,8460,31978,309,331,16,3625,33,2555,13,33
"966","2020-06-07",41,11,46,112,5244,0.877765064836003,8460,31978,309,331,16,3641,35,2590,14,35
"967","2020-03-08",1,12,0,0,2730,0.684249084249084,8280,22141,167,326,NA,NA,NA,NA,NA,NA
"968","2020-03-09",1,12,0,0,2730,0.684249084249084,8280,22141,167,326,NA,NA,NA,NA,NA,NA
"969","2020-03-10",0,12,0,0,2730,0.684249084249084,8280,22141,167,326,NA,NA,NA,NA,NA,NA
"970","2020-03-11",0,12,0,0,2730,0.684249084249084,8280,22141,167,326,NA,NA,5,5,NA,5
"971","2020-03-12",0,12,0,0,2730,0.684249084249084,8280,22141,167,326,8,8,6,11,1,6
"972","2020-03-13",0,12,0,0,2730,0.684249084249084,8280,22141,167,326,2,10,6,17,1,6
"973","2020-03-14",3,12,29,43,2730,0.684249084249084,8280,22141,167,326,12,22,9,26,1,9
"974","2020-03-15",4,12,32,55,2730,0.684249084249084,8280,22141,167,326,8,30,12,38,4,12
"975","2020-03-16",5,12,31,66,2730,0.684249084249084,8280,22141,167,326,8,38,6,44,5,6
"976","2020-03-17",7,12,30,78,2730,0.684249084249084,8280,22141,167,326,14,52,7,51,8,7
"977","2020-03-18",12,12,34,99,2730,0.684249084249084,8280,22141,167,326,9,61,8,59,7,8
"978","2020-03-19",19,12,28,116,2730,0.684249084249084,8280,22141,167,326,15,76,12,71,10,12
"979","2020-03-20",24,12,30,129,2730,0.684249084249084,8280,22141,167,326,9,85,9,80,7,9
"980","2020-03-21",30,12,33,149,2730,0.684249084249084,8280,22141,167,326,10,95,12,92,8,12
"981","2020-03-22",38,12,31,162,2730,0.684249084249084,8280,22141,167,326,23,118,4,96,16,4
"982","2020-03-23",39,12,31,164,2730,0.684249084249084,8280,22141,167,326,20,138,7,103,15,7
"983","2020-03-24",46,12,31,181,2730,0.684249084249084,8280,22141,167,326,18,156,7,110,14,7
"984","2020-03-25",44,12,27,195,2730,0.684249084249084,8280,22141,167,326,17,173,6,116,15,6
"985","2020-03-26",47,12,23,207,2730,0.684249084249084,8280,22141,167,326,21,194,9,125,15,9
"986","2020-03-27",59,12,23,205,2730,0.684249084249084,8280,22141,167,326,23,217,11,136,18,11
"987","2020-03-28",62,12,26,210,2730,0.684249084249084,8280,22141,167,326,22,239,6,142,16,6
"988","2020-03-29",59,12,30,210,2730,0.684249084249084,8280,22141,167,326,18,257,12,154,13,12
"989","2020-03-30",62,12,26,211,2730,0.684249084249084,8280,22141,167,326,32,289,11,165,23,11
"990","2020-03-31",60,12,30,223,2730,0.684249084249084,8280,22141,167,326,27,316,10,175,19,10
"991","2020-04-01",62,12,29,243,2730,0.684249084249084,8280,22141,167,326,26,342,11,186,20,11
"992","2020-04-02",59,12,25,244,2730,0.684249084249084,8280,22141,167,326,25,367,8,194,16,8
"993","2020-04-03",54,12,30,248,2730,0.684249084249084,8280,22141,167,326,35,402,4,198,30,4
"994","2020-04-04",62,12,34,268,2730,0.684249084249084,8280,22141,167,326,33,435,3,201,28,3
"995","2020-04-05",87,12,46,286,2730,0.684249084249084,8280,22141,167,326,26,461,4,205,23,4
"996","2020-04-06",86,12,48,298,2730,0.684249084249084,8280,22141,167,326,46,507,NA,NA,41,NA
"997","2020-04-07",73,12,50,302,2730,0.684249084249084,8280,22141,167,326,23,530,3,208,16,3
"998","2020-04-08",81,12,53,320,2730,0.684249084249084,8280,22141,167,326,29,559,3,211,24,3
"999","2020-04-09",89,12,56,344,2730,0.684249084249084,8280,22141,167,326,39,598,2,213,37,2
"1000","2020-04-10",108,12,67,346,2730,0.684249084249084,8280,22141,167,326,32,630,3,216,26,3
"1001","2020-04-11",105,12,69,379,2730,0.684249084249084,8280,22141,167,326,33,663,3,219,29,3
"1002","2020-04-12",115,12,71,385,2730,0.684249084249084,8280,22141,167,326,38,701,4,223,31,4
"1003","2020-04-13",124,12,80,390,2730,0.684249084249084,8280,22141,167,326,33,734,7,230,26,7
"1004","2020-04-14",126,12,77,402,2730,0.684249084249084,8280,22141,167,326,52,786,6,236,46,6
"1005","2020-04-15",132,12,73,413,2730,0.684249084249084,8280,22141,167,326,46,832,5,241,36,5
"1006","2020-04-16",135,12,73,424,2730,0.684249084249084,8280,22141,167,326,46,878,12,253,40,12
"1007","2020-04-17",154,12,66,433,2730,0.684249084249084,8280,22141,167,326,48,926,9,262,48,9
"1008","2020-04-18",158,12,64,450,2730,0.684249084249084,8280,22141,167,326,36,962,13,275,31,13
"1009","2020-04-19",150,12,65,447,2730,0.684249084249084,8280,22141,167,326,44,1006,4,279,40,4
"1010","2020-04-20",145,12,68,484,2730,0.684249084249084,8280,22141,167,326,41,1047,1,280,41,1
"1011","2020-04-21",139,12,76,489,2730,0.684249084249084,8280,22141,167,326,38,1085,13,293,35,13
"1012","2020-04-22",130,12,69,497,2730,0.684249084249084,8280,22141,167,326,37,1122,1,294,30,1
"1013","2020-04-23",132,12,65,506,2730,0.684249084249084,8280,22141,167,326,48,1170,3,297,38,3
"1014","2020-04-24",147,12,70,504,2730,0.684249084249084,8280,22141,167,326,43,1213,2,299,37,2
"1015","2020-04-25",151,12,64,508,2730,0.684249084249084,8280,22141,167,326,32,1245,3,302,29,3
"1016","2020-04-26",146,12,65,498,2730,0.684249084249084,8280,22141,167,326,37,1282,10,312,30,10
"1017","2020-04-27",160,12,67,505,2730,0.684249084249084,8280,22141,167,326,63,1345,7,319,55,7
"1018","2020-04-28",166,12,64,509,2730,0.684249084249084,8280,22141,167,326,50,1395,3,322,45,3
"1019","2020-04-29",173,12,61,526,2730,0.684249084249084,8280,22141,167,326,40,1435,16,338,35,16
"1020","2020-04-30",172,12,60,517,2730,0.684249084249084,8280,22141,167,326,53,1488,6,344,46,6
"1021","2020-05-01",170,12,65,513,2730,0.684249084249084,8280,22141,167,326,52,1540,5,349,47,5
"1022","2020-05-02",175,12,69,518,2730,0.684249084249084,8280,22141,167,326,46,1586,4,353,40,4
"1023","2020-05-03",186,12,58,506,2730,0.684249084249084,8280,22141,167,326,43,1629,15,368,36,15
"1024","2020-05-04",170,12,62,490,2730,0.684249084249084,8280,22141,167,326,51,1680,6,374,46,6
"1025","2020-05-05",164,12,57,491,2730,0.684249084249084,8280,22141,167,326,42,1722,4,378,40,4
"1026","2020-05-06",169,12,68,488,2730,0.684249084249084,8280,22141,167,326,49,1771,11,389,45,11
"1027","2020-05-07",165,12,85,467,2730,0.684249084249084,8280,22141,167,326,36,1807,23,412,34,23
"1028","2020-05-08",171,12,96,449,2730,0.684249084249084,8280,22141,167,326,56,1863,14,426,53,14
"1029","2020-05-09",168,12,97,448,2730,0.684249084249084,8280,22141,167,326,30,1893,12,438,27,12
"1030","2020-05-10",151,12,90,455,2730,0.684249084249084,8280,22141,167,326,39,1932,17,455,35,17
"1031","2020-05-11",151,12,95,448,2730,0.684249084249084,8280,22141,167,326,26,1958,6,461,20,6
"1032","2020-05-12",151,12,93,433,2730,0.684249084249084,8280,22141,167,326,51,2009,5,466,48,5
"1033","2020-05-13",141,12,83,429,2730,0.684249084249084,8280,22141,167,326,42,2051,2,468,36,2
"1034","2020-05-14",138,12,77,404,2730,0.684249084249084,8280,22141,167,326,40,2091,8,476,33,8
"1035","2020-05-15",145,12,71,382,2730,0.684249084249084,8280,22141,167,326,48,2139,14,490,42,14
"1036","2020-05-16",151,12,78,376,2730,0.684249084249084,8280,22141,167,326,45,2184,7,497,41,7
"1037","2020-05-17",126,12,85,369,2730,0.684249084249084,8280,22141,167,326,42,2226,1,498,36,1
"1038","2020-05-18",127,12,101,363,2730,0.684249084249084,8280,22141,167,326,40,2266,NA,NA,36,NA
"1039","2020-05-19",126,12,101,359,2730,0.684249084249084,8280,22141,167,326,36,2302,3,501,34,3
"1040","2020-05-20",128,12,91,351,2730,0.684249084249084,8280,22141,167,326,25,2327,4,505,22,4
"1041","2020-05-21",127,12,84,338,2730,0.684249084249084,8280,22141,167,326,36,2363,5,510,30,5
"1042","2020-05-22",122,12,81,316,2730,0.684249084249084,8280,22141,167,326,33,2396,6,516,28,6
"1043","2020-05-23",106,12,77,313,2730,0.684249084249084,8280,22141,167,326,27,2423,6,522,24,6
"1044","2020-05-24",111,12,74,306,2730,0.684249084249084,8280,22141,167,326,22,2445,10,532,21,10
"1045","2020-05-25",111,12,81,288,2730,0.684249084249084,8280,22141,167,326,26,2471,5,537,22,5
"1046","2020-05-26",99,12,82,284,2730,0.684249084249084,8280,22141,167,326,31,2502,8,545,26,8
"1047","2020-05-27",94,12,85,282,2730,0.684249084249084,8280,22141,167,326,22,2524,16,561,20,16
"1048","2020-05-28",101,12,85,270,2730,0.684249084249084,8280,22141,167,326,20,2544,13,574,17,13
"1049","2020-05-29",110,12,85,258,2730,0.684249084249084,8280,22141,167,326,29,2573,15,589,28,15
"1050","2020-05-30",108,12,89,250,2730,0.684249084249084,8280,22141,167,326,28,2601,7,596,25,7
"1051","2020-05-31",96,12,86,239,2730,0.684249084249084,8280,22141,167,326,29,2630,8,604,23,8
"1052","2020-06-01",91,12,82,227,2730,0.684249084249084,8280,22141,167,326,26,2656,9,613,23,9
"1053","2020-06-02",83,12,71,209,2730,0.684249084249084,8280,22141,167,326,18,2674,7,620,15,7
"1054","2020-06-03",77,12,69,202,2730,0.684249084249084,8280,22141,167,326,20,2694,5,625,19,5
"1055","2020-06-04",66,12,69,193,2730,0.684249084249084,8280,22141,167,326,9,2703,4,629,8,4
"1056","2020-06-05",55,12,61,179,2730,0.684249084249084,8280,22141,167,326,15,2718,5,634,12,5
"1057","2020-06-06",53,12,64,171,2730,0.684249084249084,8280,22141,167,326,17,2735,10,644,16,10
"1058","2020-06-07",52,12,58,168,2730,0.684249084249084,8280,22141,167,326,19,2754,2,646,16,2
"1059","2020-03-16",2,13,15,23,5240,0.955725190839695,8325,31200,306,266,17,51,7,22,7,7
"1060","2020-03-17",3,13,25,28,5240,0.955725190839695,8325,31200,306,266,15,66,3,25,7,3
"1061","2020-03-18",5,13,20,30,5240,0.955725190839695,8325,31200,306,266,15,81,2,27,7,2
"1062","2020-03-19",7,13,20,32,5240,0.955725190839695,8325,31200,306,266,20,101,4,31,9,4
"1063","2020-03-20",9,13,18,40,5240,0.955725190839695,8325,31200,306,266,18,119,2,33,10,2
"1064","2020-03-21",10,13,21,47,5240,0.955725190839695,8325,31200,306,266,13,132,2,35,7,2
"1065","2020-03-22",14,13,28,57,5240,0.955725190839695,8325,31200,306,266,21,153,6,41,18,6
"1066","2020-03-23",14,13,31,60,5240,0.955725190839695,8325,31200,306,266,18,171,4,45,9,4
"1067","2020-03-24",14,13,37,71,5240,0.955725190839695,8325,31200,306,266,22,193,7,52,17,7
"1068","2020-03-25",15,13,36,76,5240,0.955725190839695,8325,31200,306,266,28,221,5,57,22,5
"1069","2020-03-26",18,13,47,82,5240,0.955725190839695,8325,31200,306,266,28,249,8,65,18,8
"1070","2020-03-27",22,13,53,97,5240,0.955725190839695,8325,31200,306,266,27,276,4,69,21,4
"1071","2020-03-28",24,13,58,114,5240,0.955725190839695,8325,31200,306,266,36,312,5,74,26,5
"1072","2020-03-29",26,13,63,137,5240,0.955725190839695,8325,31200,306,266,35,347,7,81,30,7
"1073","2020-03-30",25,13,58,156,5240,0.955725190839695,8325,31200,306,266,24,371,3,84,21,3
"1074","2020-03-31",26,13,58,177,5240,0.955725190839695,8325,31200,306,266,31,402,3,87,26,3
"1075","2020-04-01",31,13,64,196,5240,0.955725190839695,8325,31200,306,266,28,430,5,92,25,5
"1076","2020-04-02",36,13,59,212,5240,0.955725190839695,8325,31200,306,266,42,472,5,97,35,5
"1077","2020-04-03",44,13,61,258,5240,0.955725190839695,8325,31200,306,266,54,526,5,102,43,5
"1078","2020-04-04",57,13,54,291,5240,0.955725190839695,8325,31200,306,266,42,568,NA,NA,35,NA
"1079","2020-04-05",74,13,61,306,5240,0.955725190839695,8325,31200,306,266,34,602,3,105,30,3
"1080","2020-04-06",82,13,63,347,5240,0.955725190839695,8325,31200,306,266,41,643,2,107,29,2
"1081","2020-04-07",83,13,58,383,5240,0.955725190839695,8325,31200,306,266,34,677,2,109,28,2
"1082","2020-04-08",86,13,68,424,5240,0.955725190839695,8325,31200,306,266,40,717,5,114,37,5
"1083","2020-04-09",92,13,76,459,5240,0.955725190839695,8325,31200,306,266,54,771,8,122,45,8
"1084","2020-04-10",124,13,73,520,5240,0.955725190839695,8325,31200,306,266,49,820,9,131,42,9
"1085","2020-04-11",131,13,62,573,5240,0.955725190839695,8325,31200,306,266,42,862,7,138,35,7
"1086","2020-04-12",152,13,66,598,5240,0.955725190839695,8325,31200,306,266,55,917,7,145,45,7
"1087","2020-04-13",152,13,76,631,5240,0.955725190839695,8325,31200,306,266,44,961,6,151,39,6
"1088","2020-04-14",153,13,69,692,5240,0.955725190839695,8325,31200,306,266,48,1009,11,162,39,11
"1089","2020-04-15",167,13,71,747,5240,0.955725190839695,8325,31200,306,266,52,1061,9,171,44,9
"1090","2020-04-16",178,13,73,761,5240,0.955725190839695,8325,31200,306,266,49,1110,14,185,41,14
"1091","2020-04-17",213,13,70,784,5240,0.955725190839695,8325,31200,306,266,65,1175,13,198,61,13
"1092","2020-04-18",222,13,80,829,5240,0.955725190839695,8325,31200,306,266,44,1219,6,204,32,6
"1093","2020-04-19",223,13,96,882,5240,0.955725190839695,8325,31200,306,266,57,1276,5,209,49,5
"1094","2020-04-20",236,13,94,929,5240,0.955725190839695,8325,31200,306,266,53,1329,5,214,43,5
"1095","2020-04-21",250,13,91,1029,5240,0.955725190839695,8325,31200,306,266,55,1384,6,220,45,6
"1096","2020-04-22",277,13,71,1063,5240,0.955725190839695,8325,31200,306,266,58,1442,10,230,47,10
"1097","2020-04-23",287,13,83,1107,5240,0.955725190839695,8325,31200,306,266,50,1492,7,237,42,7
"1098","2020-04-24",352,13,69,1153,5240,0.955725190839695,8325,31200,306,266,63,1555,8,245,56,8
"1099","2020-04-25",423,13,75,1213,5240,0.955725190839695,8325,31200,306,266,55,1610,7,252,47,7
"1100","2020-04-26",385,13,70,1263,5240,0.955725190839695,8325,31200,306,266,45,1655,14,266,42,14
"1101","2020-04-27",388,13,71,1317,5240,0.955725190839695,8325,31200,306,266,59,1714,6,272,49,6
"1102","2020-04-28",406,13,76,1349,5240,0.955725190839695,8325,31200,306,266,71,1785,5,277,60,5
"1103","2020-04-29",396,13,73,1393,5240,0.955725190839695,8325,31200,306,266,43,1828,13,290,36,13
"1104","2020-04-30",405,13,71,1405,5240,0.955725190839695,8325,31200,306,266,57,1885,5,295,52,5
"1105","2020-05-01",492,13,78,1428,5240,0.955725190839695,8325,31200,306,266,54,1939,12,307,41,12
"1106","2020-05-02",488,13,84,1439,5240,0.955725190839695,8325,31200,306,266,47,1986,8,315,38,8
"1107","2020-05-03",473,13,91,1398,5240,0.955725190839695,8325,31200,306,266,56,2042,11,326,47,11
"1108","2020-05-04",466,13,82,1380,5240,0.955725190839695,8325,31200,306,266,56,2098,4,330,46,4
"1109","2020-05-05",465,13,86,1376,5240,0.955725190839695,8325,31200,306,266,57,2155,5,335,52,5
"1110","2020-05-06",474,13,82,1352,5240,0.955725190839695,8325,31200,306,266,61,2216,9,344,55,9
"1111","2020-05-07",487,13,76,1350,5240,0.955725190839695,8325,31200,306,266,59,2275,5,349,48,5
"1112","2020-05-08",492,13,73,1284,5240,0.955725190839695,8325,31200,306,266,62,2337,7,356,48,7
"1113","2020-05-09",466,13,81,1242,5240,0.955725190839695,8325,31200,306,266,56,2393,12,368,52,12
"1114","2020-05-10",437,13,87,1206,5240,0.955725190839695,8325,31200,306,266,47,2440,6,374,40,6
"1115","2020-05-11",434,13,87,1158,5240,0.955725190839695,8325,31200,306,266,46,2486,8,382,41,8
"1116","2020-05-12",410,13,86,1129,5240,0.955725190839695,8325,31200,306,266,59,2545,16,398,55,16
"1117","2020-05-13",406,13,84,1126,5240,0.955725190839695,8325,31200,306,266,48,2593,11,409,41,11
"1118","2020-05-14",385,13,79,1060,5240,0.955725190839695,8325,31200,306,266,36,2629,8,417,30,8
"1119","2020-05-15",378,13,87,1014,5240,0.955725190839695,8325,31200,306,266,52,2681,19,436,44,19
"1120","2020-05-16",377,13,101,988,5240,0.955725190839695,8325,31200,306,266,49,2730,17,453,45,17
"1121","2020-05-17",351,13,103,950,5240,0.955725190839695,8325,31200,306,266,42,2772,13,466,39,13
"1122","2020-05-18",344,13,103,910,5240,0.955725190839695,8325,31200,306,266,40,2812,21,487,37,21
"1123","2020-05-19",334,13,96,882,5240,0.955725190839695,8325,31200,306,266,48,2860,18,505,45,18
"1124","2020-05-20",321,13,90,840,5240,0.955725190839695,8325,31200,306,266,34,2894,13,518,25,13
"1125","2020-05-21",317,13,90,784,5240,0.955725190839695,8325,31200,306,266,42,2936,8,526,33,8
"1126","2020-05-22",311,13,94,717,5240,0.955725190839695,8325,31200,306,266,26,2962,11,537,24,11
"1127","2020-05-23",296,13,93,647,5240,0.955725190839695,8325,31200,306,266,39,3001,6,543,33,6
"1128","2020-05-24",262,13,89,617,5240,0.955725190839695,8325,31200,306,266,32,3033,5,548,30,5
"1129","2020-05-25",252,13,90,574,5240,0.955725190839695,8325,31200,306,266,33,3066,10,558,29,10
"1130","2020-05-26",240,13,80,526,5240,0.955725190839695,8325,31200,306,266,22,3088,10,568,20,10
"1131","2020-05-27",230,13,79,487,5240,0.955725190839695,8325,31200,306,266,24,3112,8,576,20,8
"1132","2020-05-28",213,13,78,441,5240,0.955725190839695,8325,31200,306,266,22,3134,12,588,18,12
"1133","2020-05-29",189,13,78,406,5240,0.955725190839695,8325,31200,306,266,27,3161,4,592,23,4
"1134","2020-05-30",171,13,76,379,5240,0.955725190839695,8325,31200,306,266,24,3185,6,598,19,6
"1135","2020-05-31",152,13,73,350,5240,0.955725190839695,8325,31200,306,266,24,3209,4,602,22,4
"1136","2020-06-01",133,13,76,305,5240,0.955725190839695,8325,31200,306,266,13,3222,5,607,11,5
"1137","2020-06-02",121,13,71,274,5240,0.955725190839695,8325,31200,306,266,14,3236,6,613,11,6
"1138","2020-06-03",104,13,75,245,5240,0.955725190839695,8325,31200,306,266,10,3246,4,617,6,4
"1139","2020-06-04",97,13,71,221,5240,0.955725190839695,8325,31200,306,266,26,3272,4,621,25,4
"1140","2020-06-05",80,13,65,194,5240,0.955725190839695,8325,31200,306,266,19,3291,5,626,15,5
"1141","2020-06-06",79,13,56,168,5240,0.955725190839695,8325,31200,306,266,22,3313,4,630,22,4
"1142","2020-06-07",64,13,56,151,5240,0.955725190839695,8325,31200,306,266,9,3322,3,633,8,3
"1143","2020-03-14",2,14,16,16,5058,0.94661921708185,8415,30383,279,346,8,37,10,40,6,10
"1144","2020-03-15",3,14,14,24,5058,0.94661921708185,8415,30383,279,346,11,48,8,48,6,8
"1145","2020-03-16",1,14,16,33,5058,0.94661921708185,8415,30383,279,346,12,60,8,56,10,8
"1146","2020-03-17",0,14,0,0,5058,0.94661921708185,8415,30383,279,346,16,76,4,60,13,4
"1147","2020-03-18",1,14,26,46,5058,0.94661921708185,8415,30383,279,346,15,91,6,66,11,6
"1148","2020-03-19",2,14,20,59,5058,0.94661921708185,8415,30383,279,346,25,116,2,68,22,2
"1149","2020-03-20",2,14,23,73,5058,0.94661921708185,8415,30383,279,346,22,138,1,69,15,1
"1150","2020-03-21",5,14,25,90,5058,0.94661921708185,8415,30383,279,346,31,169,6,75,21,6
"1151","2020-03-22",15,14,31,97,5058,0.94661921708185,8415,30383,279,346,23,192,11,86,18,11
"1152","2020-03-23",17,14,30,113,5058,0.94661921708185,8415,30383,279,346,14,206,12,98,11,12
"1153","2020-03-24",20,14,32,137,5058,0.94661921708185,8415,30383,279,346,27,233,5,103,25,5
"1154","2020-03-25",22,14,28,165,5058,0.94661921708185,8415,30383,279,346,21,254,10,113,18,10
"1155","2020-03-26",26,14,26,175,5058,0.94661921708185,8415,30383,279,346,25,279,10,123,22,10
"1156","2020-03-27",37,14,35,199,5058,0.94661921708185,8415,30383,279,346,25,304,9,132,17,9
"1157","2020-03-28",51,14,40,221,5058,0.94661921708185,8415,30383,279,346,32,336,8,140,26,8
"1158","2020-03-29",49,14,38,243,5058,0.94661921708185,8415,30383,279,346,30,366,7,147,26,7
"1159","2020-03-30",54,14,43,289,5058,0.94661921708185,8415,30383,279,346,30,396,NA,NA,19,NA
"1160","2020-03-31",62,14,49,337,5058,0.94661921708185,8415,30383,279,346,42,438,3,150,35,3
"1161","2020-04-01",73,14,56,384,5058,0.94661921708185,8415,30383,279,346,20,458,17,167,17,17
"1162","2020-04-02",77,14,51,423,5058,0.94661921708185,8415,30383,279,346,43,501,9,176,35,9
"1163","2020-04-03",93,14,65,455,5058,0.94661921708185,8415,30383,279,346,28,529,11,187,24,11
"1164","2020-04-04",112,14,69,515,5058,0.94661921708185,8415,30383,279,346,34,563,20,207,24,20
"1165","2020-04-05",136,14,67,574,5058,0.94661921708185,8415,30383,279,346,37,600,7,214,28,7
"1166","2020-04-06",144,14,69,625,5058,0.94661921708185,8415,30383,279,346,37,637,9,223,28,9
"1167","2020-04-07",138,14,66,654,5058,0.94661921708185,8415,30383,279,346,33,670,16,239,31,16
"1168","2020-04-08",153,14,60,705,5058,0.94661921708185,8415,30383,279,346,40,710,28,267,34,28
"1169","2020-04-09",177,14,66,781,5058,0.94661921708185,8415,30383,279,346,39,749,9,276,34,9
"1170","2020-04-10",229,14,80,858,5058,0.94661921708185,8415,30383,279,346,37,786,3,279,32,3
"1171","2020-04-11",239,14,89,898,5058,0.94661921708185,8415,30383,279,346,41,827,22,301,33,22
"1172","2020-04-12",266,14,95,933,5058,0.94661921708185,8415,30383,279,346,46,873,15,316,34,15
"1173","2020-04-13",287,14,87,1004,5058,0.94661921708185,8415,30383,279,346,40,913,12,328,30,12
"1174","2020-04-14",285,14,101,1024,5058,0.94661921708185,8415,30383,279,346,43,956,12,340,39,12
"1175","2020-04-15",304,14,111,1054,5058,0.94661921708185,8415,30383,279,346,54,1010,12,352,43,12
"1176","2020-04-16",309,14,108,1085,5058,0.94661921708185,8415,30383,279,346,55,1065,10,362,44,10
"1177","2020-04-17",362,14,97,1133,5058,0.94661921708185,8415,30383,279,346,40,1105,15,377,34,15
"1178","2020-04-18",359,14,87,1176,5058,0.94661921708185,8415,30383,279,346,43,1148,13,390,38,13
"1179","2020-04-19",353,14,90,1171,5058,0.94661921708185,8415,30383,279,346,46,1194,15,405,41,15
"1180","2020-04-20",346,14,81,1225,5058,0.94661921708185,8415,30383,279,346,50,1244,26,431,42,26
"1181","2020-04-21",360,14,79,1254,5058,0.94661921708185,8415,30383,279,346,35,1279,19,450,31,19
"1182","2020-04-22",350,14,71,1236,5058,0.94661921708185,8415,30383,279,346,42,1321,28,478,40,28
"1183","2020-04-23",360,14,68,1244,5058,0.94661921708185,8415,30383,279,346,42,1363,12,490,30,12
"1184","2020-04-24",397,14,66,1260,5058,0.94661921708185,8415,30383,279,346,56,1419,15,505,47,15
"1185","2020-04-25",450,14,62,1251,5058,0.94661921708185,8415,30383,279,346,50,1469,12,517,41,12
"1186","2020-04-26",404,14,79,1251,5058,0.94661921708185,8415,30383,279,346,54,1523,5,522,48,5
"1187","2020-04-27",405,14,82,1288,5058,0.94661921708185,8415,30383,279,346,47,1570,16,538,43,16
"1188","2020-04-28",397,14,90,1274,5058,0.94661921708185,8415,30383,279,346,42,1612,21,559,34,21
"1189","2020-04-29",409,14,97,1261,5058,0.94661921708185,8415,30383,279,346,49,1661,23,582,45,23
"1190","2020-04-30",408,14,90,1277,5058,0.94661921708185,8415,30383,279,346,52,1713,30,612,49,30
"1191","2020-05-01",470,14,90,1273,5058,0.94661921708185,8415,30383,279,346,55,1768,23,635,52,23
"1192","2020-05-02",448,14,93,1257,5058,0.94661921708185,8415,30383,279,346,61,1829,14,649,57,14
"1193","2020-05-03",440,14,82,1215,5058,0.94661921708185,8415,30383,279,346,36,1865,25,674,33,25
"1194","2020-05-04",437,14,76,1188,5058,0.94661921708185,8415,30383,279,346,57,1922,16,690,52,16
"1195","2020-05-05",426,14,74,1143,5058,0.94661921708185,8415,30383,279,346,42,1964,10,700,37,10
"1196","2020-05-06",420,14,78,1119,5058,0.94661921708185,8415,30383,279,346,39,2003,14,714,33,14
"1197","2020-05-07",419,14,73,1075,5058,0.94661921708185,8415,30383,279,346,41,2044,28,742,38,28
"1198","2020-05-08",389,14,83,1009,5058,0.94661921708185,8415,30383,279,346,60,2104,17,759,53,17
"1199","2020-05-09",372,14,87,961,5058,0.94661921708185,8415,30383,279,346,55,2159,15,774,46,15
"1200","2020-05-10",349,14,81,914,5058,0.94661921708185,8415,30383,279,346,61,2220,19,793,53,19
"1201","2020-05-11",336,14,70,851,5058,0.94661921708185,8415,30383,279,346,44,2264,12,805,38,12
"1202","2020-05-12",320,14,67,810,5058,0.94661921708185,8415,30383,279,346,43,2307,2,807,40,2
"1203","2020-05-13",317,14,63,752,5058,0.94661921708185,8415,30383,279,346,43,2350,21,828,41,21
"1204","2020-05-14",291,14,58,683,5058,0.94661921708185,8415,30383,279,346,48,2398,16,844,40,16
"1205","2020-05-15",282,14,57,660,5058,0.94661921708185,8415,30383,279,346,43,2441,13,857,39,13
"1206","2020-05-16",272,14,63,611,5058,0.94661921708185,8415,30383,279,346,36,2477,9,866,31,9
"1207","2020-05-17",238,14,66,562,5058,0.94661921708185,8415,30383,279,346,46,2523,13,879,40,13
"1208","2020-05-18",220,14,68,508,5058,0.94661921708185,8415,30383,279,346,34,2557,9,888,32,9
"1209","2020-05-19",200,14,73,473,5058,0.94661921708185,8415,30383,279,346,26,2583,6,894,25,6
"1210","2020-05-20",176,14,86,430,5058,0.94661921708185,8415,30383,279,346,29,2612,9,903,26,9
"1211","2020-05-21",171,14,90,388,5058,0.94661921708185,8415,30383,279,346,37,2649,17,920,31,17
"1212","2020-05-22",141,14,105,357,5058,0.94661921708185,8415,30383,279,346,28,2677,8,928,26,8
"1213","2020-05-23",136,14,118,321,5058,0.94661921708185,8415,30383,279,346,28,2705,10,938,27,10
"1214","2020-05-24",111,14,113,302,5058,0.94661921708185,8415,30383,279,346,21,2726,7,945,19,7
"1215","2020-05-25",100,14,115,282,5058,0.94661921708185,8415,30383,279,346,28,2754,9,954,24,9
"1216","2020-05-26",103,14,118,251,5058,0.94661921708185,8415,30383,279,346,23,2777,11,965,18,11
"1217","2020-05-27",94,14,100,240,5058,0.94661921708185,8415,30383,279,346,23,2800,8,973,20,8
"1218","2020-05-28",87,14,98,221,5058,0.94661921708185,8415,30383,279,346,22,2822,2,975,21,2
"1219","2020-05-29",81,14,94,211,5058,0.94661921708185,8415,30383,279,346,22,2844,2,977,20,2
"1220","2020-05-30",69,14,90,203,5058,0.94661921708185,8415,30383,279,346,38,2882,9,986,35,9
"1221","2020-05-31",67,14,86,190,5058,0.94661921708185,8415,30383,279,346,22,2904,14,1000,17,14
"1222","2020-06-01",61,14,74,185,5058,0.94661921708185,8415,30383,279,346,17,2921,6,1006,15,6
"1223","2020-06-02",52,14,79,179,5058,0.94661921708185,8415,30383,279,346,9,2930,7,1013,8,7
"1224","2020-06-03",48,14,74,166,5058,0.94661921708185,8415,30383,279,346,24,2954,12,1025,19,12
"1225","2020-06-04",46,14,73,158,5058,0.94661921708185,8415,30383,279,346,20,2974,13,1038,19,13
"1226","2020-06-05",46,14,70,156,5058,0.94661921708185,8415,30383,279,346,15,2989,5,1043,14,5
"1227","2020-06-06",55,14,70,145,5058,0.94661921708185,8415,30383,279,346,13,3002,6,1049,13,6
"1228","2020-06-07",50,14,80,148,5058,0.94661921708185,8415,30383,279,346,17,3019,6,1055,15,6
"1229","2020-03-08",1,15,0,0,2974,0.67182246133154,8385,23791,169,401,NA,NA,NA,NA,NA,NA
"1230","2020-03-09",1,15,0,0,2974,0.67182246133154,8385,23791,169,401,NA,NA,NA,NA,NA,NA
"1231","2020-03-10",0,15,0,0,2974,0.67182246133154,8385,23791,169,401,NA,NA,1,1,NA,1
"1232","2020-03-11",0,15,0,0,2974,0.67182246133154,8385,23791,169,401,9,9,4,5,NA,4
"1233","2020-03-12",0,15,0,0,2974,0.67182246133154,8385,23791,169,401,12,21,5,10,NA,5
"1234","2020-03-13",0,15,0,0,2974,0.67182246133154,8385,23791,169,401,12,33,8,18,2,8
"1235","2020-03-14",1,15,25,44,2974,0.67182246133154,8385,23791,169,401,15,48,4,22,4,4
"1236","2020-03-15",3,15,32,63,2974,0.67182246133154,8385,23791,169,401,12,60,5,27,5,5
"1237","2020-03-16",4,15,41,82,2974,0.67182246133154,8385,23791,169,401,18,78,9,36,4,9
"1238","2020-03-17",10,15,45,99,2974,0.67182246133154,8385,23791,169,401,20,98,3,39,9,3
"1239","2020-03-18",14,15,41,120,2974,0.67182246133154,8385,23791,169,401,17,115,3,42,6,3
"1240","2020-03-19",20,15,41,140,2974,0.67182246133154,8385,23791,169,401,15,130,1,43,9,1
"1241","2020-03-20",32,15,39,154,2974,0.67182246133154,8385,23791,169,401,18,148,NA,NA,9,NA
"1242","2020-03-21",45,15,42,173,2974,0.67182246133154,8385,23791,169,401,22,170,6,49,7,6
"1243","2020-03-22",51,15,51,200,2974,0.67182246133154,8385,23791,169,401,18,188,11,60,9,11
"1244","2020-03-23",53,15,45,205,2974,0.67182246133154,8385,23791,169,401,27,215,5,65,21,5
"1245","2020-03-24",53,15,44,224,2974,0.67182246133154,8385,23791,169,401,31,246,2,67,18,2
"1246","2020-03-25",56,15,46,215,2974,0.67182246133154,8385,23791,169,401,37,283,1,68,22,1
"1247","2020-03-26",55,15,53,230,2974,0.67182246133154,8385,23791,169,401,32,315,4,72,20,4
"1248","2020-03-27",61,15,80,247,2974,0.67182246133154,8385,23791,169,401,21,336,2,74,13,2
"1249","2020-03-28",61,15,97,262,2974,0.67182246133154,8385,23791,169,401,30,366,6,80,21,6
"1250","2020-03-29",64,15,108,274,2974,0.67182246133154,8385,23791,169,401,25,391,4,84,16,4
"1251","2020-03-30",65,15,118,286,2974,0.67182246133154,8385,23791,169,401,33,424,1,85,22,1
"1252","2020-03-31",62,15,109,295,2974,0.67182246133154,8385,23791,169,401,30,454,4,89,14,4
"1253","2020-04-01",69,15,112,310,2974,0.67182246133154,8385,23791,169,401,28,482,1,90,15,1
"1254","2020-04-02",80,15,99,326,2974,0.67182246133154,8385,23791,169,401,23,505,7,97,12,7
"1255","2020-04-03",83,15,113,347,2974,0.67182246133154,8385,23791,169,401,40,545,4,101,20,4
"1256","2020-04-04",106,15,126,376,2974,0.67182246133154,8385,23791,169,401,35,580,5,106,17,5
"1257","2020-04-05",121,15,119,392,2974,0.67182246133154,8385,23791,169,401,22,602,8,114,13,8
"1258","2020-04-06",118,15,104,399,2974,0.67182246133154,8385,23791,169,401,33,635,11,125,22,11
"1259","2020-04-07",119,15,98,408,2974,0.67182246133154,8385,23791,169,401,40,675,7,132,16,7
"1260","2020-04-08",117,15,96,424,2974,0.67182246133154,8385,23791,169,401,30,705,4,136,18,4
"1261","2020-04-09",121,15,87,436,2974,0.67182246133154,8385,23791,169,401,29,734,7,143,15,7
"1262","2020-04-10",138,15,91,443,2974,0.67182246133154,8385,23791,169,401,47,781,6,149,30,6
"1263","2020-04-11",130,15,90,448,2974,0.67182246133154,8385,23791,169,401,33,814,3,152,18,3
"1264","2020-04-12",128,15,111,453,2974,0.67182246133154,8385,23791,169,401,44,858,4,156,29,4
"1265","2020-04-13",140,15,117,474,2974,0.67182246133154,8385,23791,169,401,36,894,5,161,24,5
"1266","2020-04-14",143,15,123,472,2974,0.67182246133154,8385,23791,169,401,51,945,2,163,33,2
"1267","2020-04-15",148,15,115,483,2974,0.67182246133154,8385,23791,169,401,39,984,1,164,28,1
"1268","2020-04-16",147,15,105,465,2974,0.67182246133154,8385,23791,169,401,39,1023,9,173,22,9
"1269","2020-04-17",162,15,97,481,2974,0.67182246133154,8385,23791,169,401,55,1078,12,185,38,12
"1270","2020-04-18",181,15,97,499,2974,0.67182246133154,8385,23791,169,401,64,1142,14,199,33,14
"1271","2020-04-19",168,15,83,514,2974,0.67182246133154,8385,23791,169,401,49,1191,7,206,32,7
"1272","2020-04-20",155,15,79,502,2974,0.67182246133154,8385,23791,169,401,39,1230,2,208,26,2
"1273","2020-04-21",157,15,85,497,2974,0.67182246133154,8385,23791,169,401,42,1272,3,211,27,3
"1274","2020-04-22",163,15,117,494,2974,0.67182246133154,8385,23791,169,401,37,1309,3,214,26,3
"1275","2020-04-23",162,15,116,479,2974,0.67182246133154,8385,23791,169,401,31,1340,18,232,14,18
"1276","2020-04-24",176,15,100,490,2974,0.67182246133154,8385,23791,169,401,37,1377,11,243,19,11
"1277","2020-04-25",175,15,116,483,2974,0.67182246133154,8385,23791,169,401,51,1428,15,258,26,15
"1278","2020-04-26",170,15,113,490,2974,0.67182246133154,8385,23791,169,401,31,1459,5,263,17,5
"1279","2020-04-27",164,15,113,495,2974,0.67182246133154,8385,23791,169,401,35,1494,12,275,20,12
"1280","2020-04-28",155,15,126,484,2974,0.67182246133154,8385,23791,169,401,39,1533,7,282,22,7
"1281","2020-04-29",154,15,132,483,2974,0.67182246133154,8385,23791,169,401,35,1568,6,288,24,6
"1282","2020-04-30",148,15,118,473,2974,0.67182246133154,8385,23791,169,401,34,1602,12,300,21,12
"1283","2020-05-01",152,15,115,456,2974,0.67182246133154,8385,23791,169,401,31,1633,13,313,15,13
"1284","2020-05-02",147,15,111,464,2974,0.67182246133154,8385,23791,169,401,36,1669,7,320,19,7
"1285","2020-05-03",140,15,116,465,2974,0.67182246133154,8385,23791,169,401,23,1692,4,324,11,4
"1286","2020-05-04",140,15,116,472,2974,0.67182246133154,8385,23791,169,401,35,1727,13,337,18,13
"1287","2020-05-05",142,15,113,465,2974,0.67182246133154,8385,23791,169,401,35,1762,10,347,26,10
"1288","2020-05-06",139,15,104,473,2974,0.67182246133154,8385,23791,169,401,30,1792,11,358,14,11
"1289","2020-05-07",146,15,97,472,2974,0.67182246133154,8385,23791,169,401,46,1838,13,371,37,13
"1290","2020-05-08",142,15,118,472,2974,0.67182246133154,8385,23791,169,401,26,1864,17,388,13,17
"1291","2020-05-09",149,15,133,468,2974,0.67182246133154,8385,23791,169,401,32,1896,7,395,14,7
"1292","2020-05-10",148,15,153,450,2974,0.67182246133154,8385,23791,169,401,46,1942,7,402,26,7
"1293","2020-05-11",145,15,157,435,2974,0.67182246133154,8385,23791,169,401,45,1987,9,411,30,9
"1294","2020-05-12",147,15,164,434,2974,0.67182246133154,8385,23791,169,401,29,2016,2,413,16,2
"1295","2020-05-13",150,15,141,443,2974,0.67182246133154,8385,23791,169,401,40,2056,3,416,31,3
"1296","2020-05-14",143,15,139,418,2974,0.67182246133154,8385,23791,169,401,33,2089,3,419,17,3
"1297","2020-05-15",137,15,136,397,2974,0.67182246133154,8385,23791,169,401,25,2114,5,424,12,5
"1298","2020-05-16",128,15,119,376,2974,0.67182246133154,8385,23791,169,401,32,2146,5,429,20,5
"1299","2020-05-17",131,15,109,367,2974,0.67182246133154,8385,23791,169,401,29,2175,7,436,21,7
"1300","2020-05-18",124,15,95,350,2974,0.67182246133154,8385,23791,169,401,23,2198,8,444,9,8
"1301","2020-05-19",116,15,84,352,2974,0.67182246133154,8385,23791,169,401,23,2221,9,453,13,9
"1302","2020-05-20",113,15,89,325,2974,0.67182246133154,8385,23791,169,401,26,2247,6,459,21,6
"1303","2020-05-21",114,15,82,314,2974,0.67182246133154,8385,23791,169,401,18,2265,3,462,12,3
"1304","2020-05-22",114,15,80,301,2974,0.67182246133154,8385,23791,169,401,27,2292,5,467,14,5
"1305","2020-05-23",115,15,75,295,2974,0.67182246133154,8385,23791,169,401,24,2316,1,468,15,1
"1306","2020-05-24",108,15,72,306,2974,0.67182246133154,8385,23791,169,401,30,2346,2,470,16,2
"1307","2020-05-25",115,15,82,298,2974,0.67182246133154,8385,23791,169,401,13,2359,7,477,8,7
"1308","2020-05-26",114,15,100,294,2974,0.67182246133154,8385,23791,169,401,11,2370,7,484,5,7
"1309","2020-05-27",104,15,88,295,2974,0.67182246133154,8385,23791,169,401,17,2387,7,491,7,7
"1310","2020-05-28",104,15,83,286,2974,0.67182246133154,8385,23791,169,401,5,2392,6,497,2,6
"1311","2020-05-29",106,15,91,283,2974,0.67182246133154,8385,23791,169,401,15,2407,11,508,9,11
"1312","2020-05-30",108,15,106,276,2974,0.67182246133154,8385,23791,169,401,15,2422,5,513,10,5
"1313","2020-05-31",96,15,108,270,2974,0.67182246133154,8385,23791,169,401,12,2434,6,519,7,6
"1314","2020-06-01",89,15,118,275,2974,0.67182246133154,8385,23791,169,401,11,2445,5,524,5,5
"1315","2020-06-02",83,15,107,264,2974,0.67182246133154,8385,23791,169,401,10,2455,4,528,5,4
"1316","2020-06-03",90,15,102,261,2974,0.67182246133154,8385,23791,169,401,15,2470,5,533,8,5
"1317","2020-06-04",82,15,92,256,2974,0.67182246133154,8385,23791,169,401,12,2482,5,538,4,5
"1318","2020-06-05",81,15,90,248,2974,0.67182246133154,8385,23791,169,401,11,2493,2,540,6,2
"1319","2020-06-06",82,15,67,236,2974,0.67182246133154,8385,23791,169,401,7,2500,9,549,5,9
"1320","2020-06-07",83,15,60,221,2974,0.67182246133154,8385,23791,169,401,16,2516,2,551,8,2
"1321","2020-03-15",1,16,15,20,5382,0.948717948717949,8325,31394,302,431,14,55,19,53,6,19
"1322","2020-03-16",1,16,24,23,5382,0.948717948717949,8325,31394,302,431,15,70,19,72,10,19
"1323","2020-03-17",0,16,0,0,5382,0.948717948717949,8325,31394,302,431,13,83,14,86,7,14
"1324","2020-03-18",2,16,36,38,5382,0.948717948717949,8325,31394,302,431,11,94,12,98,5,12
"1325","2020-03-19",3,16,40,42,5382,0.948717948717949,8325,31394,302,431,17,111,20,118,13,20
"1326","2020-03-20",4,16,36,46,5382,0.948717948717949,8325,31394,302,431,23,134,26,144,17,26
"1327","2020-03-21",9,16,44,63,5382,0.948717948717949,8325,31394,302,431,21,155,24,168,11,24
"1328","2020-03-22",11,16,49,76,5382,0.948717948717949,8325,31394,302,431,25,180,15,183,18,15
"1329","2020-03-23",13,16,49,95,5382,0.948717948717949,8325,31394,302,431,33,213,11,194,31,11
"1330","2020-03-24",15,16,43,106,5382,0.948717948717949,8325,31394,302,431,25,238,5,199,20,5
"1331","2020-03-25",19,16,40,121,5382,0.948717948717949,8325,31394,302,431,31,269,12,211,20,12
"1332","2020-03-26",22,16,39,138,5382,0.948717948717949,8325,31394,302,431,34,303,11,222,22,11
"1333","2020-03-27",25,16,44,167,5382,0.948717948717949,8325,31394,302,431,47,350,23,245,38,23
"1334","2020-03-28",34,16,39,202,5382,0.948717948717949,8325,31394,302,431,38,388,35,280,35,35
"1335","2020-03-29",35,16,47,220,5382,0.948717948717949,8325,31394,302,431,48,436,12,292,41,12
"1336","2020-03-30",39,16,50,248,5382,0.948717948717949,8325,31394,302,431,40,476,30,322,30,30
"1337","2020-03-31",43,16,53,276,5382,0.948717948717949,8325,31394,302,431,37,513,25,347,29,25
"1338","2020-04-01",52,16,57,307,5382,0.948717948717949,8325,31394,302,431,31,544,29,376,25,29
"1339","2020-04-02",59,16,62,351,5382,0.948717948717949,8325,31394,302,431,47,591,29,405,37,29
"1340","2020-04-03",84,16,59,382,5382,0.948717948717949,8325,31394,302,431,40,631,24,429,31,24
"1341","2020-04-04",113,16,58,413,5382,0.948717948717949,8325,31394,302,431,54,685,21,450,45,21
"1342","2020-04-05",120,16,49,461,5382,0.948717948717949,8325,31394,302,431,54,739,36,486,41,36
"1343","2020-04-06",121,16,54,485,5382,0.948717948717949,8325,31394,302,431,55,794,18,504,42,18
"1344","2020-04-07",123,16,55,529,5382,0.948717948717949,8325,31394,302,431,67,861,15,519,48,15
"1345","2020-04-08",122,16,54,570,5382,0.948717948717949,8325,31394,302,431,59,920,19,538,46,19
"1346","2020-04-09",137,16,66,615,5382,0.948717948717949,8325,31394,302,431,59,979,25,563,50,25
"1347","2020-04-10",168,16,70,651,5382,0.948717948717949,8325,31394,302,431,54,1033,27,590,45,27
"1348","2020-04-11",172,16,68,695,5382,0.948717948717949,8325,31394,302,431,54,1087,13,603,43,13
"1349","2020-04-12",208,16,67,739,5382,0.948717948717949,8325,31394,302,431,55,1142,23,626,49,23
"1350","2020-04-13",217,16,68,819,5382,0.948717948717949,8325,31394,302,431,77,1219,35,661,64,35
"1351","2020-04-14",229,16,75,848,5382,0.948717948717949,8325,31394,302,431,63,1282,21,682,52,21
"1352","2020-04-15",247,16,81,920,5382,0.948717948717949,8325,31394,302,431,67,1349,31,713,53,31
"1353","2020-04-16",265,16,95,977,5382,0.948717948717949,8325,31394,302,431,49,1398,30,743,41,30
"1354","2020-04-17",320,16,101,1049,5382,0.948717948717949,8325,31394,302,431,53,1451,28,771,48,28
"1355","2020-04-18",378,16,92,1105,5382,0.948717948717949,8325,31394,302,431,76,1527,25,796,62,25
"1356","2020-04-19",340,16,90,1149,5382,0.948717948717949,8325,31394,302,431,51,1578,33,829,44,33
"1357","2020-04-20",339,16,102,1216,5382,0.948717948717949,8325,31394,302,431,59,1637,33,862,51,33
"1358","2020-04-21",351,16,105,1264,5382,0.948717948717949,8325,31394,302,431,67,1704,17,879,63,17
"1359","2020-04-22",369,16,111,1308,5382,0.948717948717949,8325,31394,302,431,69,1773,39,918,60,39
"1360","2020-04-23",365,16,138,1346,5382,0.948717948717949,8325,31394,302,431,61,1834,46,964,44,46
"1361","2020-04-24",453,16,139,1418,5382,0.948717948717949,8325,31394,302,431,60,1894,25,989,53,25
"1362","2020-04-25",421,16,130,1442,5382,0.948717948717949,8325,31394,302,431,67,1961,34,1023,57,34
"1363","2020-04-26",433,16,138,1424,5382,0.948717948717949,8325,31394,302,431,58,2019,27,1050,49,27
"1364","2020-04-27",449,16,149,1417,5382,0.948717948717949,8325,31394,302,431,48,2067,27,1077,43,27
"1365","2020-04-28",438,16,147,1463,5382,0.948717948717949,8325,31394,302,431,58,2125,25,1102,54,25
"1366","2020-04-29",457,16,156,1471,5382,0.948717948717949,8325,31394,302,431,44,2169,38,1140,39,38
"1367","2020-04-30",470,16,141,1458,5382,0.948717948717949,8325,31394,302,431,77,2246,40,1180,58,40
"1368","2020-05-01",491,16,138,1436,5382,0.948717948717949,8325,31394,302,431,45,2291,46,1226,35,46
"1369","2020-05-02",516,16,139,1389,5382,0.948717948717949,8325,31394,302,431,58,2349,49,1275,51,49
"1370","2020-05-03",497,16,148,1376,5382,0.948717948717949,8325,31394,302,431,42,2391,26,1301,34,26
"1371","2020-05-04",480,16,142,1331,5382,0.948717948717949,8325,31394,302,431,35,2426,24,1325,28,24
"1372","2020-05-05",485,16,126,1335,5382,0.948717948717949,8325,31394,302,431,51,2477,34,1359,45,34
"1373","2020-05-06",458,16,124,1294,5382,0.948717948717949,8325,31394,302,431,32,2509,39,1398,24,39
"1374","2020-05-07",446,16,129,1234,5382,0.948717948717949,8325,31394,302,431,42,2551,38,1436,29,38
"1375","2020-05-08",468,16,147,1196,5382,0.948717948717949,8325,31394,302,431,48,2599,33,1469,38,33
"1376","2020-05-09",440,16,163,1155,5382,0.948717948717949,8325,31394,302,431,28,2627,24,1493,19,24
"1377","2020-05-10",410,16,158,1110,5382,0.948717948717949,8325,31394,302,431,48,2675,31,1524,41,31
"1378","2020-05-11",403,16,165,1075,5382,0.948717948717949,8325,31394,302,431,39,2714,38,1562,35,38
"1379","2020-05-12",372,16,147,1028,5382,0.948717948717949,8325,31394,302,431,36,2750,24,1586,27,24
"1380","2020-05-13",368,16,153,998,5382,0.948717948717949,8325,31394,302,431,27,2777,19,1605,22,19
"1381","2020-05-14",361,16,149,952,5382,0.948717948717949,8325,31394,302,431,32,2809,20,1625,25,20
"1382","2020-05-15",321,16,149,903,5382,0.948717948717949,8325,31394,302,431,31,2840,32,1657,25,32
"1383","2020-05-16",343,16,134,840,5382,0.948717948717949,8325,31394,302,431,36,2876,41,1698,31,41
"1384","2020-05-17",328,16,134,782,5382,0.948717948717949,8325,31394,302,431,30,2906,41,1739,26,41
"1385","2020-05-18",309,16,141,727,5382,0.948717948717949,8325,31394,302,431,23,2929,32,1771,17,32
"1386","2020-05-19",300,16,137,664,5382,0.948717948717949,8325,31394,302,431,31,2960,38,1809,24,38
"1387","2020-05-20",293,16,118,616,5382,0.948717948717949,8325,31394,302,431,27,2987,37,1846,20,37
"1388","2020-05-21",283,16,116,562,5382,0.948717948717949,8325,31394,302,431,34,3021,29,1875,29,29
"1389","2020-05-22",269,16,103,526,5382,0.948717948717949,8325,31394,302,431,35,3056,39,1914,29,39
"1390","2020-05-23",238,16,95,494,5382,0.948717948717949,8325,31394,302,431,26,3082,44,1958,26,44
"1391","2020-05-24",208,16,89,456,5382,0.948717948717949,8325,31394,302,431,19,3101,32,1990,17,32
"1392","2020-05-25",190,16,92,415,5382,0.948717948717949,8325,31394,302,431,23,3124,32,2022,21,32
"1393","2020-05-26",171,16,80,374,5382,0.948717948717949,8325,31394,302,431,20,3144,24,2046,17,24
"1394","2020-05-27",147,16,73,342,5382,0.948717948717949,8325,31394,302,431,19,3163,25,2071,15,25
"1395","2020-05-28",131,16,74,325,5382,0.948717948717949,8325,31394,302,431,21,3184,29,2100,18,29
"1396","2020-05-29",117,16,87,275,5382,0.948717948717949,8325,31394,302,431,26,3210,37,2137,19,37
"1397","2020-05-30",107,16,91,242,5382,0.948717948717949,8325,31394,302,431,20,3230,28,2165,15,28
"1398","2020-05-31",88,16,91,221,5382,0.948717948717949,8325,31394,302,431,16,3246,26,2191,13,26
"1399","2020-06-01",86,16,95,204,5382,0.948717948717949,8325,31394,302,431,17,3263,25,2216,13,25
"1400","2020-06-02",84,16,83,188,5382,0.948717948717949,8325,31394,302,431,12,3275,40,2256,7,40
"1401","2020-06-03",83,16,79,171,5382,0.948717948717949,8325,31394,302,431,15,3290,45,2301,15,45
"1402","2020-06-04",79,16,84,157,5382,0.948717948717949,8325,31394,302,431,10,3300,35,2336,7,35
"1403","2020-06-05",58,16,85,141,5382,0.948717948717949,8325,31394,302,431,8,3308,26,2362,7,26
"1404","2020-06-06",56,16,76,127,5382,0.948717948717949,8325,31394,302,431,12,3320,26,2388,10,26
"1405","2020-06-07",51,16,71,112,5382,0.948717948717949,8325,31394,302,431,16,3336,29,2417,11,29
"1406","2020-03-13",1,17,18,15,3777,0.837437119406937,8310,26439,227,367,2,5,1,15,NA,1
"1407","2020-03-14",2,17,21,21,3777,0.837437119406937,8310,26439,227,367,3,8,6,21,1,6
"1408","2020-03-15",2,17,27,31,3777,0.837437119406937,8310,26439,227,367,4,12,3,24,2,3
"1409","2020-03-16",3,17,26,38,3777,0.837437119406937,8310,26439,227,367,6,18,1,25,5,1
"1410","2020-03-17",4,17,36,57,3777,0.837437119406937,8310,26439,227,367,8,26,3,28,5,3
"1411","2020-03-18",4,17,36,66,3777,0.837437119406937,8310,26439,227,367,11,37,2,30,11,2
"1412","2020-03-19",8,17,35,79,3777,0.837437119406937,8310,26439,227,367,21,58,5,35,17,5
"1413","2020-03-20",11,17,28,88,3777,0.837437119406937,8310,26439,227,367,11,69,4,39,9,4
"1414","2020-03-21",15,17,24,109,3777,0.837437119406937,8310,26439,227,367,16,85,4,43,16,4
"1415","2020-03-22",23,17,22,122,3777,0.837437119406937,8310,26439,227,367,21,106,4,47,19,4
"1416","2020-03-23",23,17,28,137,3777,0.837437119406937,8310,26439,227,367,23,129,7,54,23,7
"1417","2020-03-24",24,17,34,157,3777,0.837437119406937,8310,26439,227,367,19,148,6,60,16,6
"1418","2020-03-25",31,17,31,176,3777,0.837437119406937,8310,26439,227,367,19,167,16,76,16,16
"1419","2020-03-26",32,17,37,190,3777,0.837437119406937,8310,26439,227,367,27,194,4,80,24,4
"1420","2020-03-27",44,17,37,204,3777,0.837437119406937,8310,26439,227,367,28,222,4,84,27,4
"1421","2020-03-28",55,17,27,237,3777,0.837437119406937,8310,26439,227,367,27,249,11,95,27,11
"1422","2020-03-29",61,17,29,256,3777,0.837437119406937,8310,26439,227,367,46,295,8,103,46,8
"1423","2020-03-30",68,17,38,273,3777,0.837437119406937,8310,26439,227,367,35,330,10,113,34,10
"1424","2020-03-31",77,17,26,290,3777,0.837437119406937,8310,26439,227,367,46,376,8,121,44,8
"1425","2020-04-01",79,17,34,309,3777,0.837437119406937,8310,26439,227,367,37,413,6,127,34,6
"1426","2020-04-02",85,17,44,338,3777,0.837437119406937,8310,26439,227,367,55,468,2,129,53,2
"1427","2020-04-03",94,17,53,362,3777,0.837437119406937,8310,26439,227,367,64,532,9,138,63,9
"1428","2020-04-04",106,17,51,378,3777,0.837437119406937,8310,26439,227,367,57,589,14,152,56,14
"1429","2020-04-05",115,17,50,409,3777,0.837437119406937,8310,26439,227,367,69,658,20,172,67,20
"1430","2020-04-06",120,17,61,397,3777,0.837437119406937,8310,26439,227,367,78,736,17,189,78,17
"1431","2020-04-07",119,17,56,419,3777,0.837437119406937,8310,26439,227,367,77,813,13,202,73,13
"1432","2020-04-08",126,17,50,451,3777,0.837437119406937,8310,26439,227,367,97,910,9,211,96,9
"1433","2020-04-09",131,17,49,457,3777,0.837437119406937,8310,26439,227,367,80,990,14,225,79,14
"1434","2020-04-10",173,17,45,485,3777,0.837437119406937,8310,26439,227,367,107,1097,16,241,106,16
"1435","2020-04-11",180,17,44,512,3777,0.837437119406937,8310,26439,227,367,105,1202,16,257,104,16
"1436","2020-04-12",174,17,46,516,3777,0.837437119406937,8310,26439,227,367,98,1300,13,270,96,13
"1437","2020-04-13",167,17,55,536,3777,0.837437119406937,8310,26439,227,367,127,1427,13,283,124,13
"1438","2020-04-14",160,17,47,555,3777,0.837437119406937,8310,26439,227,367,110,1537,11,294,107,11
"1439","2020-04-15",160,17,56,583,3777,0.837437119406937,8310,26439,227,367,135,1672,11,305,135,11
"1440","2020-04-16",162,17,62,586,3777,0.837437119406937,8310,26439,227,367,126,1798,8,313,124,8
"1441","2020-04-17",168,17,74,599,3777,0.837437119406937,8310,26439,227,367,154,1952,7,320,153,7
"1442","2020-04-18",166,17,85,613,3777,0.837437119406937,8310,26439,227,367,127,2079,19,339,125,19
"1443","2020-04-19",166,17,69,628,3777,0.837437119406937,8310,26439,227,367,137,2216,22,361,136,22
"1444","2020-04-20",183,17,50,651,3777,0.837437119406937,8310,26439,227,367,131,2347,27,388,130,27
"1445","2020-04-21",185,17,57,689,3777,0.837437119406937,8310,26439,227,367,142,2489,23,411,140,23
"1446","2020-04-22",195,17,66,684,3777,0.837437119406937,8310,26439,227,367,117,2606,13,424,116,13
"1447","2020-04-23",200,17,77,697,3777,0.837437119406937,8310,26439,227,367,153,2759,16,440,151,16
"1448","2020-04-24",222,17,76,706,3777,0.837437119406937,8310,26439,227,367,168,2927,11,451,166,11
"1449","2020-04-25",246,17,75,729,3777,0.837437119406937,8310,26439,227,367,157,3084,14,465,157,14
"1450","2020-04-26",242,17,62,751,3777,0.837437119406937,8310,26439,227,367,153,3237,7,472,153,7
"1451","2020-04-27",231,17,58,751,3777,0.837437119406937,8310,26439,227,367,112,3349,4,476,111,4
"1452","2020-04-28",230,17,66,751,3777,0.837437119406937,8310,26439,227,367,141,3490,18,494,138,18
"1453","2020-04-29",228,17,59,769,3777,0.837437119406937,8310,26439,227,367,120,3610,22,516,119,22
"1454","2020-04-30",235,17,73,756,3777,0.837437119406937,8310,26439,227,367,140,3750,7,523,139,7
"1455","2020-05-01",239,17,76,730,3777,0.837437119406937,8310,26439,227,367,106,3856,10,533,105,10
"1456","2020-05-02",221,17,98,724,3777,0.837437119406937,8310,26439,227,367,122,3978,9,542,119,9
"1457","2020-05-03",236,17,114,701,3777,0.837437119406937,8310,26439,227,367,84,4062,13,555,84,13
"1458","2020-05-04",244,17,112,701,3777,0.837437119406937,8310,26439,227,367,97,4159,12,567,96,12
"1459","2020-05-05",244,17,99,701,3777,0.837437119406937,8310,26439,227,367,94,4253,17,584,93,17
"1460","2020-05-06",246,17,82,683,3777,0.837437119406937,8310,26439,227,367,82,4335,11,595,81,11
"1461","2020-05-07",238,17,78,688,3777,0.837437119406937,8310,26439,227,367,89,4424,14,609,89,14
"1462","2020-05-08",243,17,71,676,3777,0.837437119406937,8310,26439,227,367,77,4501,15,624,76,15
"1463","2020-05-09",265,17,74,691,3777,0.837437119406937,8310,26439,227,367,77,4578,10,634,76,10
"1464","2020-05-10",230,17,73,672,3777,0.837437119406937,8310,26439,227,367,75,4653,11,645,73,11
"1465","2020-05-11",210,17,78,659,3777,0.837437119406937,8310,26439,227,367,60,4713,10,655,59,10
"1466","2020-05-12",213,17,91,654,3777,0.837437119406937,8310,26439,227,367,63,4776,14,669,63,14
"1467","2020-05-13",208,17,78,635,3777,0.837437119406937,8310,26439,227,367,54,4830,9,678,53,9
"1468","2020-05-14",212,17,76,628,3777,0.837437119406937,8310,26439,227,367,37,4867,6,684,37,6
"1469","2020-05-15",229,17,91,622,3777,0.837437119406937,8310,26439,227,367,52,4919,6,690,50,6
"1470","2020-05-16",211,17,88,596,3777,0.837437119406937,8310,26439,227,367,36,4955,NA,NA,36,NA
"1471","2020-05-17",215,17,99,581,3777,0.837437119406937,8310,26439,227,367,32,4987,5,695,32,5
"1472","2020-05-18",220,17,105,581,3777,0.837437119406937,8310,26439,227,367,29,5016,6,701,27,6
"1473","2020-05-19",204,17,98,568,3777,0.837437119406937,8310,26439,227,367,26,5042,3,704,25,3
"1474","2020-05-20",204,17,96,555,3777,0.837437119406937,8310,26439,227,367,22,5064,5,709,21,5
"1475","2020-05-21",197,17,93,539,3777,0.837437119406937,8310,26439,227,367,21,5085,4,713,21,4
"1476","2020-05-22",179,17,92,515,3777,0.837437119406937,8310,26439,227,367,17,5102,7,720,16,7
"1477","2020-05-23",174,17,87,506,3777,0.837437119406937,8310,26439,227,367,18,5120,6,726,18,6
"1478","2020-05-24",182,17,85,479,3777,0.837437119406937,8310,26439,227,367,8,5128,7,733,7,7
"1479","2020-05-25",174,17,69,456,3777,0.837437119406937,8310,26439,227,367,22,5150,10,743,22,10
"1480","2020-05-26",156,17,57,415,3777,0.837437119406937,8310,26439,227,367,12,5162,11,754,12,11
"1481","2020-05-27",151,17,60,408,3777,0.837437119406937,8310,26439,227,367,10,5172,5,759,8,5
"1482","2020-05-28",150,17,69,373,3777,0.837437119406937,8310,26439,227,367,18,5190,6,765,18,6
"1483","2020-05-29",161,17,72,354,3777,0.837437119406937,8310,26439,227,367,8,5198,9,774,8,9
"1484","2020-05-30",174,17,94,342,3777,0.837437119406937,8310,26439,227,367,9,5207,2,776,9,2
"1485","2020-05-31",141,17,91,318,3777,0.837437119406937,8310,26439,227,367,8,5215,5,781,8,5
"1486","2020-06-01",126,17,96,300,3777,0.837437119406937,8310,26439,227,367,9,5224,6,787,6,6
"1487","2020-06-02",128,17,88,290,3777,0.837437119406937,8310,26439,227,367,6,5230,3,790,6,3
"1488","2020-06-03",123,17,93,277,3777,0.837437119406937,8310,26439,227,367,8,5238,3,793,7,3
"1489","2020-06-04",121,17,94,265,3777,0.837437119406937,8310,26439,227,367,6,5244,1,794,6,1
"1490","2020-06-05",118,17,84,244,3777,0.837437119406937,8310,26439,227,367,8,5252,1,795,7,1
"1491","2020-06-06",108,17,85,238,3777,0.837437119406937,8310,26439,227,367,2,5254,4,799,1,4
"1492","2020-06-07",95,17,85,243,3777,0.837437119406937,8310,26439,227,367,5,5259,2,801,5,2
"1493","2020-03-08",1,18,0,0,4597,0.937567979116815,8250,28620,247,437,NA,NA,NA,NA,NA,NA
"1494","2020-03-09",1,18,0,0,4597,0.937567979116815,8250,28620,247,437,NA,NA,NA,NA,NA,NA
"1495","2020-03-10",0,18,0,0,4597,0.937567979116815,8250,28620,247,437,NA,NA,NA,NA,NA,NA
"1496","2020-03-11",0,18,0,0,4597,0.937567979116815,8250,28620,247,437,1,1,2,2,NA,2
"1497","2020-03-12",0,18,0,0,4597,0.937567979116815,8250,28620,247,437,3,4,3,5,NA,3
"1498","2020-03-13",0,18,0,0,4597,0.937567979116815,8250,28620,247,437,3,7,3,8,1,3
"1499","2020-03-14",0,18,0,0,4597,0.937567979116815,8250,28620,247,437,1,8,5,13,1,5
"1500","2020-03-15",4,18,54,19,4597,0.937567979116815,8250,28620,247,437,3,11,5,18,NA,5
"1501","2020-03-16",6,18,53,28,4597,0.937567979116815,8250,28620,247,437,4,15,6,24,3,6
"1502","2020-03-17",7,18,56,34,4597,0.937567979116815,8250,28620,247,437,3,18,6,30,1,6
"1503","2020-03-18",8,18,63,43,4597,0.937567979116815,8250,28620,247,437,6,24,2,32,3,2
"1504","2020-03-19",9,18,60,53,4597,0.937567979116815,8250,28620,247,437,3,27,3,35,2,3
"1505","2020-03-20",15,18,52,58,4597,0.937567979116815,8250,28620,247,437,9,36,2,37,4,2
"1506","2020-03-21",22,18,48,67,4597,0.937567979116815,8250,28620,247,437,9,45,1,38,8,1
"1507","2020-03-22",18,18,50,76,4597,0.937567979116815,8250,28620,247,437,8,53,1,39,7,1
"1508","2020-03-23",19,18,41,83,4597,0.937567979116815,8250,28620,247,437,15,68,2,41,13,2
"1509","2020-03-24",20,18,45,96,4597,0.937567979116815,8250,28620,247,437,20,88,2,43,18,2
"1510","2020-03-25",21,18,48,111,4597,0.937567979116815,8250,28620,247,437,16,104,5,48,13,5
"1511","2020-03-26",24,18,47,111,4597,0.937567979116815,8250,28620,247,437,13,117,6,54,11,6
"1512","2020-03-27",24,18,52,122,4597,0.937567979116815,8250,28620,247,437,19,136,5,59,17,5
"1513","2020-03-28",25,18,51,123,4597,0.937567979116815,8250,28620,247,437,24,160,4,63,23,4
"1514","2020-03-29",32,18,54,133,4597,0.937567979116815,8250,28620,247,437,25,185,6,69,24,6
"1515","2020-03-30",28,18,67,143,4597,0.937567979116815,8250,28620,247,437,39,224,1,70,39,1
"1516","2020-03-31",32,18,56,153,4597,0.937567979116815,8250,28620,247,437,31,255,8,78,30,8
"1517","2020-04-01",34,18,57,171,4597,0.937567979116815,8250,28620,247,437,31,286,7,85,27,7
"1518","2020-04-02",40,18,65,191,4597,0.937567979116815,8250,28620,247,437,45,331,10,95,43,10
"1519","2020-04-03",45,18,72,217,4597,0.937567979116815,8250,28620,247,437,47,378,8,103,42,8
"1520","2020-04-04",56,18,65,244,4597,0.937567979116815,8250,28620,247,437,27,405,18,121,27,18
"1521","2020-04-05",69,18,54,265,4597,0.937567979116815,8250,28620,247,437,64,469,27,148,62,27
"1522","2020-04-06",73,18,50,293,4597,0.937567979116815,8250,28620,247,437,43,512,15,163,43,15
"1523","2020-04-07",68,18,46,315,4597,0.937567979116815,8250,28620,247,437,57,569,16,179,52,16
"1524","2020-04-08",78,18,66,338,4597,0.937567979116815,8250,28620,247,437,65,634,9,188,62,9
"1525","2020-04-09",86,18,75,388,4597,0.937567979116815,8250,28620,247,437,67,701,7,195,67,7
"1526","2020-04-10",105,18,89,438,4597,0.937567979116815,8250,28620,247,437,70,771,12,207,68,12
"1527","2020-04-11",129,18,106,487,4597,0.937567979116815,8250,28620,247,437,115,886,8,215,111,8
"1528","2020-04-12",129,18,104,535,4597,0.937567979116815,8250,28620,247,437,93,979,14,229,89,14
"1529","2020-04-13",134,18,106,560,4597,0.937567979116815,8250,28620,247,437,121,1100,8,237,119,8
"1530","2020-04-14",140,18,94,612,4597,0.937567979116815,8250,28620,247,437,97,1197,13,250,96,13
"1531","2020-04-15",145,18,89,656,4597,0.937567979116815,8250,28620,247,437,136,1333,3,253,136,3
"1532","2020-04-16",149,18,86,698,4597,0.937567979116815,8250,28620,247,437,123,1456,21,274,122,21
"1533","2020-04-17",180,18,102,753,4597,0.937567979116815,8250,28620,247,437,125,1581,19,293,123,19
"1534","2020-04-18",167,18,110,786,4597,0.937567979116815,8250,28620,247,437,130,1711,16,309,127,16
"1535","2020-04-19",220,18,126,825,4597,0.937567979116815,8250,28620,247,437,166,1877,13,322,162,13
"1536","2020-04-20",236,18,122,903,4597,0.937567979116815,8250,28620,247,437,166,2043,14,336,164,14
"1537","2020-04-21",231,18,116,962,4597,0.937567979116815,8250,28620,247,437,150,2193,14,350,150,14
"1538","2020-04-22",249,18,108,982,4597,0.937567979116815,8250,28620,247,437,208,2401,17,367,202,17
"1539","2020-04-23",262,18,115,1019,4597,0.937567979116815,8250,28620,247,437,162,2563,19,386,160,19
"1540","2020-04-24",321,18,110,1071,4597,0.937567979116815,8250,28620,247,437,182,2745,21,407,176,21
"1541","2020-04-25",341,18,109,1120,4597,0.937567979116815,8250,28620,247,437,166,2911,27,434,163,27
"1542","2020-04-26",329,18,112,1131,4597,0.937567979116815,8250,28620,247,437,214,3125,37,471,211,37
"1543","2020-04-27",327,18,115,1157,4597,0.937567979116815,8250,28620,247,437,161,3286,33,504,157,33
"1544","2020-04-28",334,18,113,1190,4597,0.937567979116815,8250,28620,247,437,182,3468,27,531,179,27
"1545","2020-04-29",348,18,114,1207,4597,0.937567979116815,8250,28620,247,437,195,3663,23,554,195,23
"1546","2020-04-30",355,18,98,1234,4597,0.937567979116815,8250,28620,247,437,155,3818,19,573,151,19
"1547","2020-05-01",407,18,96,1246,4597,0.937567979116815,8250,28620,247,437,152,3970,29,602,150,29
"1548","2020-05-02",431,18,92,1230,4597,0.937567979116815,8250,28620,247,437,145,4115,25,627,142,25
"1549","2020-05-03",414,18,90,1206,4597,0.937567979116815,8250,28620,247,437,142,4257,22,649,142,22
"1550","2020-05-04",437,18,81,1220,4597,0.937567979116815,8250,28620,247,437,113,4370,20,669,112,20
"1551","2020-05-05",429,18,78,1175,4597,0.937567979116815,8250,28620,247,437,135,4505,9,678,134,9
"1552","2020-05-06",417,18,91,1202,4597,0.937567979116815,8250,28620,247,437,139,4644,28,706,139,28
"1553","2020-05-07",419,18,84,1157,4597,0.937567979116815,8250,28620,247,437,93,4737,24,730,92,24
"1554","2020-05-08",436,18,84,1102,4597,0.937567979116815,8250,28620,247,437,96,4833,25,755,94,25
"1555","2020-05-09",422,18,71,1058,4597,0.937567979116815,8250,28620,247,437,101,4934,25,780,101,25
"1556","2020-05-10",371,18,62,1044,4597,0.937567979116815,8250,28620,247,437,91,5025,17,797,91,17
"1557","2020-05-11",354,18,65,978,4597,0.937567979116815,8250,28620,247,437,73,5098,12,809,73,12
"1558","2020-05-12",357,18,68,975,4597,0.937567979116815,8250,28620,247,437,78,5176,26,835,75,26
"1559","2020-05-13",354,18,69,908,4597,0.937567979116815,8250,28620,247,437,71,5247,27,862,71,27
"1560","2020-05-14",341,18,61,878,4597,0.937567979116815,8250,28620,247,437,48,5295,20,882,48,20
"1561","2020-05-15",330,18,66,854,4597,0.937567979116815,8250,28620,247,437,60,5355,18,900,60,18
"1562","2020-05-16",337,18,68,833,4597,0.937567979116815,8250,28620,247,437,42,5397,19,919,42,19
"1563","2020-05-17",324,18,66,820,4597,0.937567979116815,8250,28620,247,437,49,5446,18,937,48,18
"1564","2020-05-18",315,18,62,764,4597,0.937567979116815,8250,28620,247,437,45,5491,14,951,44,14
"1565","2020-05-19",299,18,63,710,4597,0.937567979116815,8250,28620,247,437,39,5530,9,960,39,9
"1566","2020-05-20",284,18,59,664,4597,0.937567979116815,8250,28620,247,437,28,5558,13,973,28,13
"1567","2020-05-21",274,18,58,646,4597,0.937567979116815,8250,28620,247,437,35,5593,7,980,35,7
"1568","2020-05-22",253,18,57,602,4597,0.937567979116815,8250,28620,247,437,31,5624,20,1000,31,20
"1569","2020-05-23",234,18,55,571,4597,0.937567979116815,8250,28620,247,437,29,5653,9,1009,28,9
"1570","2020-05-24",221,18,51,528,4597,0.937567979116815,8250,28620,247,437,21,5674,6,1015,19,6
"1571","2020-05-25",203,18,55,495,4597,0.937567979116815,8250,28620,247,437,25,5699,10,1025,25,10
"1572","2020-05-26",189,18,62,446,4597,0.937567979116815,8250,28620,247,437,15,5714,2,1027,14,2
"1573","2020-05-27",188,18,56,411,4597,0.937567979116815,8250,28620,247,437,17,5731,7,1034,15,7
"1574","2020-05-28",180,18,49,380,4597,0.937567979116815,8250,28620,247,437,21,5752,11,1045,21,11
"1575","2020-05-29",160,18,60,352,4597,0.937567979116815,8250,28620,247,437,13,5765,7,1052,13,7
"1576","2020-05-30",139,18,65,339,4597,0.937567979116815,8250,28620,247,437,13,5778,9,1061,11,9
"1577","2020-05-31",119,18,55,312,4597,0.937567979116815,8250,28620,247,437,10,5788,11,1072,10,11
"1578","2020-06-01",114,18,51,283,4597,0.937567979116815,8250,28620,247,437,8,5796,13,1085,7,13
"1579","2020-06-02",102,18,48,266,4597,0.937567979116815,8250,28620,247,437,7,5803,8,1093,7,8
"1580","2020-06-03",91,18,38,251,4597,0.937567979116815,8250,28620,247,437,7,5810,7,1100,5,7
"1581","2020-06-04",88,18,41,229,4597,0.937567979116815,8250,28620,247,437,3,5813,7,1107,3,7
"1582","2020-06-05",79,18,46,207,4597,0.937567979116815,8250,28620,247,437,6,5819,8,1115,5,8
"1583","2020-06-06",79,18,41,199,4597,0.937567979116815,8250,28620,247,437,2,5821,12,1127,2,12
"1584","2020-06-07",71,18,34,174,4597,0.937567979116815,8250,28620,247,437,3,5824,7,1134,2,7
"1585","2020-03-15",1,19,15,29,1977,0.66110268082954,8175,17790,126,217,6,48,5,24,4,5
"1586","2020-03-16",1,19,15,38,1977,0.66110268082954,8175,17790,126,217,14,62,3,27,6,3
"1587","2020-03-17",2,19,19,48,1977,0.66110268082954,8175,17790,126,217,19,81,2,29,11,2
"1588","2020-03-18",6,19,24,59,1977,0.66110268082954,8175,17790,126,217,20,101,7,36,8,7
"1589","2020-03-19",10,19,28,71,1977,0.66110268082954,8175,17790,126,217,17,118,9,45,14,9
"1590","2020-03-20",13,19,29,76,1977,0.66110268082954,8175,17790,126,217,19,137,4,49,12,4
"1591","2020-03-21",17,19,29,82,1977,0.66110268082954,8175,17790,126,217,24,161,5,54,20,5
"1592","2020-03-22",23,19,32,95,1977,0.66110268082954,8175,17790,126,217,24,185,NA,NA,19,NA
"1593","2020-03-23",28,19,33,106,1977,0.66110268082954,8175,17790,126,217,23,208,7,61,18,7
"1594","2020-03-24",29,19,33,117,1977,0.66110268082954,8175,17790,126,217,28,236,2,63,19,2
"1595","2020-03-25",35,19,27,124,1977,0.66110268082954,8175,17790,126,217,27,263,5,68,19,5
"1596","2020-03-26",39,19,24,134,1977,0.66110268082954,8175,17790,126,217,37,300,7,75,32,7
"1597","2020-03-27",49,19,35,147,1977,0.66110268082954,8175,17790,126,217,43,343,6,81,38,6
"1598","2020-03-28",53,19,32,153,1977,0.66110268082954,8175,17790,126,217,34,377,7,88,26,7
"1599","2020-03-29",54,19,31,162,1977,0.66110268082954,8175,17790,126,217,51,428,8,96,40,8
"1600","2020-03-30",54,19,26,173,1977,0.66110268082954,8175,17790,126,217,53,481,15,111,43,15
"1601","2020-03-31",59,19,35,179,1977,0.66110268082954,8175,17790,126,217,61,542,15,126,55,15
"1602","2020-04-01",56,19,34,189,1977,0.66110268082954,8175,17790,126,217,61,603,10,136,49,10
"1603","2020-04-02",53,19,40,196,1977,0.66110268082954,8175,17790,126,217,78,681,8,144,67,8
"1604","2020-04-03",54,19,35,207,1977,0.66110268082954,8175,17790,126,217,66,747,14,158,57,14
"1605","2020-04-04",67,19,35,210,1977,0.66110268082954,8175,17790,126,217,54,801,13,171,47,13
"1606","2020-04-05",71,19,31,217,1977,0.66110268082954,8175,17790,126,217,76,877,13,184,68,13
"1607","2020-04-06",69,19,32,221,1977,0.66110268082954,8175,17790,126,217,72,949,2,186,59,2
"1608","2020-04-07",71,19,30,222,1977,0.66110268082954,8175,17790,126,217,113,1062,5,191,104,5
"1609","2020-04-08",71,19,33,223,1977,0.66110268082954,8175,17790,126,217,78,1140,16,207,65,16
"1610","2020-04-09",74,19,40,222,1977,0.66110268082954,8175,17790,126,217,112,1252,23,230,104,23
"1611","2020-04-10",80,19,38,228,1977,0.66110268082954,8175,17790,126,217,117,1369,24,254,106,24
"1612","2020-04-11",86,19,38,238,1977,0.66110268082954,8175,17790,126,217,94,1463,4,258,86,4
"1613","2020-04-12",76,19,36,250,1977,0.66110268082954,8175,17790,126,217,106,1569,13,271,95,13
"1614","2020-04-13",71,19,30,247,1977,0.66110268082954,8175,17790,126,217,124,1693,11,282,112,11
"1615","2020-04-14",68,19,27,256,1977,0.66110268082954,8175,17790,126,217,116,1809,22,304,115,22
"1616","2020-04-15",75,19,30,263,1977,0.66110268082954,8175,17790,126,217,150,1959,17,321,139,17
"1617","2020-04-16",71,19,40,284,1977,0.66110268082954,8175,17790,126,217,115,2074,13,334,111,13
"1618","2020-04-17",81,19,39,281,1977,0.66110268082954,8175,17790,126,217,126,2200,16,350,118,16
"1619","2020-04-18",79,19,35,280,1977,0.66110268082954,8175,17790,126,217,118,2318,13,363,107,13
"1620","2020-04-19",87,19,33,275,1977,0.66110268082954,8175,17790,126,217,120,2438,11,374,110,11
"1621","2020-04-20",85,19,35,301,1977,0.66110268082954,8175,17790,126,217,150,2588,10,384,134,10
"1622","2020-04-21",90,19,36,311,1977,0.66110268082954,8175,17790,126,217,145,2733,9,393,128,9
"1623","2020-04-22",90,19,40,337,1977,0.66110268082954,8175,17790,126,217,114,2847,5,398,111,5
"1624","2020-04-23",98,19,54,332,1977,0.66110268082954,8175,17790,126,217,119,2966,13,411,115,13
"1625","2020-04-24",109,19,53,331,1977,0.66110268082954,8175,17790,126,217,148,3114,14,425,139,14
"1626","2020-04-25",113,19,49,329,1977,0.66110268082954,8175,17790,126,217,108,3222,9,434,95,9
"1627","2020-04-26",106,19,41,337,1977,0.66110268082954,8175,17790,126,217,126,3348,6,440,117,6
"1628","2020-04-27",109,19,46,350,1977,0.66110268082954,8175,17790,126,217,142,3490,17,457,134,17
"1629","2020-04-28",108,19,44,335,1977,0.66110268082954,8175,17790,126,217,106,3596,12,469,102,12
"1630","2020-04-29",107,19,44,346,1977,0.66110268082954,8175,17790,126,217,106,3702,11,480,101,11
"1631","2020-04-30",115,19,40,341,1977,0.66110268082954,8175,17790,126,217,79,3781,16,496,74,16
"1632","2020-05-01",120,19,36,346,1977,0.66110268082954,8175,17790,126,217,132,3913,20,516,126,20
"1633","2020-05-02",124,19,45,339,1977,0.66110268082954,8175,17790,126,217,86,3999,21,537,79,21
"1634","2020-05-03",126,19,52,336,1977,0.66110268082954,8175,17790,126,217,89,4088,16,553,85,16
"1635","2020-05-04",124,19,51,336,1977,0.66110268082954,8175,17790,126,217,63,4151,17,570,59,17
"1636","2020-05-05",119,19,51,343,1977,0.66110268082954,8175,17790,126,217,91,4242,28,598,86,28
"1637","2020-05-06",112,19,51,343,1977,0.66110268082954,8175,17790,126,217,82,4324,10,608,74,10
"1638","2020-05-07",111,19,47,346,1977,0.66110268082954,8175,17790,126,217,64,4388,14,622,59,14
"1639","2020-05-08",120,19,55,351,1977,0.66110268082954,8175,17790,126,217,42,4430,14,636,38,14
"1640","2020-05-09",127,19,49,343,1977,0.66110268082954,8175,17790,126,217,72,4502,19,655,69,19
"1641","2020-05-10",122,19,50,318,1977,0.66110268082954,8175,17790,126,217,57,4559,14,669,55,14
"1642","2020-05-11",114,19,61,319,1977,0.66110268082954,8175,17790,126,217,49,4608,19,688,44,19
"1643","2020-05-12",113,19,58,318,1977,0.66110268082954,8175,17790,126,217,54,4662,13,701,51,13
"1644","2020-05-13",116,19,64,304,1977,0.66110268082954,8175,17790,126,217,45,4707,10,711,41,10
"1645","2020-05-14",107,19,66,302,1977,0.66110268082954,8175,17790,126,217,32,4739,9,720,27,9
"1646","2020-05-15",101,19,61,295,1977,0.66110268082954,8175,17790,126,217,40,4779,15,735,36,15
"1647","2020-05-16",96,19,58,283,1977,0.66110268082954,8175,17790,126,217,43,4822,19,754,38,19
"1648","2020-05-17",88,19,55,265,1977,0.66110268082954,8175,17790,126,217,24,4846,21,775,24,21
"1649","2020-05-18",84,19,58,259,1977,0.66110268082954,8175,17790,126,217,24,4870,12,787,20,12
"1650","2020-05-19",81,19,53,248,1977,0.66110268082954,8175,17790,126,217,31,4901,8,795,26,8
"1651","2020-05-20",81,19,46,254,1977,0.66110268082954,8175,17790,126,217,21,4922,11,806,18,11
"1652","2020-05-21",81,19,47,244,1977,0.66110268082954,8175,17790,126,217,19,4941,16,822,15,16
"1653","2020-05-22",82,19,54,243,1977,0.66110268082954,8175,17790,126,217,20,4961,15,837,14,15
"1654","2020-05-23",87,19,56,237,1977,0.66110268082954,8175,17790,126,217,17,4978,9,846,14,9
"1655","2020-05-24",86,19,53,251,1977,0.66110268082954,8175,17790,126,217,26,5004,14,860,26,14
"1656","2020-05-25",82,19,46,239,1977,0.66110268082954,8175,17790,126,217,16,5020,5,865,14,5
"1657","2020-05-26",80,19,53,238,1977,0.66110268082954,8175,17790,126,217,14,5034,24,889,12,24
"1658","2020-05-27",80,19,57,237,1977,0.66110268082954,8175,17790,126,217,11,5045,12,901,8,12
"1659","2020-05-28",76,19,50,237,1977,0.66110268082954,8175,17790,126,217,11,5056,9,910,9,9
"1660","2020-05-29",80,19,50,221,1977,0.66110268082954,8175,17790,126,217,8,5064,9,919,7,9
"1661","2020-05-30",76,19,54,226,1977,0.66110268082954,8175,17790,126,217,10,5074,4,923,9,4
"1662","2020-05-31",68,19,53,230,1977,0.66110268082954,8175,17790,126,217,11,5085,8,931,7,8
"1663","2020-06-01",68,19,48,221,1977,0.66110268082954,8175,17790,126,217,11,5096,20,951,8,20
"1664","2020-06-02",71,19,50,215,1977,0.66110268082954,8175,17790,126,217,13,5109,11,962,11,11
"1665","2020-06-03",68,19,40,207,1977,0.66110268082954,8175,17790,126,217,11,5120,3,965,11,3
"1666","2020-06-04",71,19,41,201,1977,0.66110268082954,8175,17790,126,217,9,5129,8,973,7,8
"1667","2020-06-05",65,19,37,196,1977,0.66110268082954,8175,17790,126,217,13,5142,3,976,8,3
"1668","2020-06-06",66,19,38,189,1977,0.66110268082954,8175,17790,126,217,3,5145,6,982,3,6
"1669","2020-06-07",75,19,35,187,1977,0.66110268082954,8175,17790,126,217,7,5152,6,988,5,6
"1670","2020-03-19",2,20,25,18,5016,0.976475279106858,8145,29431,321,331,4,34,4,29,4,4
"1671","2020-03-20",2,20,21,20,5016,0.976475279106858,8145,29431,321,331,8,42,4,33,7,4
"1672","2020-03-21",4,20,31,22,5016,0.976475279106858,8145,29431,321,331,7,49,3,36,4,3
"1673","2020-03-22",4,20,36,28,5016,0.976475279106858,8145,29431,321,331,12,61,9,45,7,9
"1674","2020-03-23",6,20,35,37,5016,0.976475279106858,8145,29431,321,331,7,68,8,53,6,8
"1675","2020-03-24",7,20,27,39,5016,0.976475279106858,8145,29431,321,331,11,79,8,61,9,8
"1676","2020-03-25",7,20,25,47,5016,0.976475279106858,8145,29431,321,331,8,87,7,68,7,7
"1677","2020-03-26",8,20,28,62,5016,0.976475279106858,8145,29431,321,331,12,99,13,81,9,13
"1678","2020-03-27",10,20,32,69,5016,0.976475279106858,8145,29431,321,331,18,117,13,94,13,13
"1679","2020-03-28",12,20,43,70,5016,0.976475279106858,8145,29431,321,331,22,139,11,105,20,11
"1680","2020-03-29",16,20,52,83,5016,0.976475279106858,8145,29431,321,331,25,164,16,121,23,16
"1681","2020-03-30",17,20,50,98,5016,0.976475279106858,8145,29431,321,331,32,196,8,129,30,8
"1682","2020-03-31",20,20,56,108,5016,0.976475279106858,8145,29431,321,331,27,223,12,141,25,12
"1683","2020-04-01",25,20,53,119,5016,0.976475279106858,8145,29431,321,331,31,254,17,158,26,17
"1684","2020-04-02",25,20,51,136,5016,0.976475279106858,8145,29431,321,331,21,275,9,167,18,9
"1685","2020-04-03",28,20,39,151,5016,0.976475279106858,8145,29431,321,331,55,330,14,181,50,14
"1686","2020-04-04",37,20,37,166,5016,0.976475279106858,8145,29431,321,331,47,377,9,190,43,9
"1687","2020-04-05",37,20,36,201,5016,0.976475279106858,8145,29431,321,331,36,413,14,204,31,14
"1688","2020-04-06",37,20,39,227,5016,0.976475279106858,8145,29431,321,331,55,468,14,218,54,14
"1689","2020-04-07",38,20,40,268,5016,0.976475279106858,8145,29431,321,331,47,515,4,222,45,4
"1690","2020-04-08",42,20,33,299,5016,0.976475279106858,8145,29431,321,331,68,583,16,238,62,16
"1691","2020-04-09",54,20,43,318,5016,0.976475279106858,8145,29431,321,331,53,636,16,254,52,16
"1692","2020-04-10",65,20,40,356,5016,0.976475279106858,8145,29431,321,331,82,718,11,265,77,11
"1693","2020-04-11",69,20,38,398,5016,0.976475279106858,8145,29431,321,331,84,802,9,274,82,9
"1694","2020-04-12",101,20,50,421,5016,0.976475279106858,8145,29431,321,331,72,874,10,284,69,10
"1695","2020-04-13",109,20,57,469,5016,0.976475279106858,8145,29431,321,331,70,944,22,306,67,22
"1696","2020-04-14",112,20,61,511,5016,0.976475279106858,8145,29431,321,331,97,1041,12,318,95,12
"1697","2020-04-15",119,20,73,542,5016,0.976475279106858,8145,29431,321,331,100,1141,14,332,95,14
"1698","2020-04-16",126,20,77,587,5016,0.976475279106858,8145,29431,321,331,72,1213,18,350,70,18
"1699","2020-04-17",156,20,81,603,5016,0.976475279106858,8145,29431,321,331,76,1289,11,361,73,11
"1700","2020-04-18",163,20,79,644,5016,0.976475279106858,8145,29431,321,331,101,1390,16,377,96,16
"1701","2020-04-19",180,20,71,688,5016,0.976475279106858,8145,29431,321,331,117,1507,26,403,110,26
"1702","2020-04-20",176,20,69,743,5016,0.976475279106858,8145,29431,321,331,115,1622,19,422,111,19
"1703","2020-04-21",183,20,72,790,5016,0.976475279106858,8145,29431,321,331,168,1790,13,435,165,13
"1704","2020-04-22",197,20,85,887,5016,0.976475279106858,8145,29431,321,331,109,1899,8,443,101,8
"1705","2020-04-23",209,20,86,916,5016,0.976475279106858,8145,29431,321,331,132,2031,19,462,130,19
"1706","2020-04-24",243,20,76,955,5016,0.976475279106858,8145,29431,321,331,122,2153,8,470,119,8
"1707","2020-04-25",302,20,79,1006,5016,0.976475279106858,8145,29431,321,331,141,2294,24,494,138,24
"1708","2020-04-26",283,20,94,1055,5016,0.976475279106858,8145,29431,321,331,137,2431,10,504,136,10
"1709","2020-04-27",300,20,95,1084,5016,0.976475279106858,8145,29431,321,331,150,2581,14,518,148,14
"1710","2020-04-28",301,20,80,1147,5016,0.976475279106858,8145,29431,321,331,130,2711,12,530,127,12
"1711","2020-04-29",311,20,87,1203,5016,0.976475279106858,8145,29431,321,331,129,2840,17,547,128,17
"1712","2020-04-30",335,20,92,1230,5016,0.976475279106858,8145,29431,321,331,134,2974,15,562,134,15
"1713","2020-05-01",395,20,102,1266,5016,0.976475279106858,8145,29431,321,331,136,3110,16,578,135,16
"1714","2020-05-02",395,20,102,1345,5016,0.976475279106858,8145,29431,321,331,124,3234,17,595,121,17
"1715","2020-05-03",396,20,107,1347,5016,0.976475279106858,8145,29431,321,331,107,3341,12,607,102,12
"1716","2020-05-04",404,20,109,1370,5016,0.976475279106858,8145,29431,321,331,103,3444,16,623,101,16
"1717","2020-05-05",406,20,105,1390,5016,0.976475279106858,8145,29431,321,331,111,3555,19,642,109,19
"1718","2020-05-06",415,20,104,1392,5016,0.976475279106858,8145,29431,321,331,119,3674,11,653,115,11
"1719","2020-05-07",404,20,93,1412,5016,0.976475279106858,8145,29431,321,331,127,3801,7,660,125,7
"1720","2020-05-08",476,20,79,1400,5016,0.976475279106858,8145,29431,321,331,94,3895,8,668,93,8
"1721","2020-05-09",466,20,76,1385,5016,0.976475279106858,8145,29431,321,331,97,3992,16,684,95,16
"1722","2020-05-10",462,20,96,1337,5016,0.976475279106858,8145,29431,321,331,92,4084,17,701,89,17
"1723","2020-05-11",455,20,91,1281,5016,0.976475279106858,8145,29431,321,331,77,4161,15,716,75,15
"1724","2020-05-12",445,20,89,1264,5016,0.976475279106858,8145,29431,321,331,103,4264,12,728,102,12
"1725","2020-05-13",434,20,94,1238,5016,0.976475279106858,8145,29431,321,331,100,4364,15,743,100,15
"1726","2020-05-14",443,20,80,1204,5016,0.976475279106858,8145,29431,321,331,72,4436,12,755,70,12
"1727","2020-05-15",434,20,76,1146,5016,0.976475279106858,8145,29431,321,331,63,4499,20,775,61,20
"1728","2020-05-16",443,20,74,1102,5016,0.976475279106858,8145,29431,321,331,82,4581,22,797,81,22
"1729","2020-05-17",405,20,82,1046,5016,0.976475279106858,8145,29431,321,331,66,4647,21,818,63,21
"1730","2020-05-18",395,20,73,979,5016,0.976475279106858,8145,29431,321,331,56,4703,17,835,54,17
"1731","2020-05-19",380,20,79,929,5016,0.976475279106858,8145,29431,321,331,72,4775,15,850,70,15
"1732","2020-05-20",381,20,76,889,5016,0.976475279106858,8145,29431,321,331,48,4823,14,864,46,14
"1733","2020-05-21",355,20,84,828,5016,0.976475279106858,8145,29431,321,331,45,4868,14,878,44,14
"1734","2020-05-22",328,20,79,770,5016,0.976475279106858,8145,29431,321,331,34,4902,16,894,32,16
"1735","2020-05-23",293,20,69,718,5016,0.976475279106858,8145,29431,321,331,35,4937,17,911,35,17
"1736","2020-05-24",265,20,71,678,5016,0.976475279106858,8145,29431,321,331,33,4970,15,926,32,15
"1737","2020-05-25",261,20,83,642,5016,0.976475279106858,8145,29431,321,331,31,5001,18,944,28,18
"1738","2020-05-26",243,20,81,594,5016,0.976475279106858,8145,29431,321,331,32,5033,11,955,31,11
"1739","2020-05-27",236,20,67,551,5016,0.976475279106858,8145,29431,321,331,32,5065,14,969,30,14
"1740","2020-05-28",232,20,53,510,5016,0.976475279106858,8145,29431,321,331,21,5086,12,981,20,12
"1741","2020-05-29",206,20,45,485,5016,0.976475279106858,8145,29431,321,331,28,5114,16,997,28,16
"1742","2020-05-30",203,20,35,461,5016,0.976475279106858,8145,29431,321,331,17,5131,11,1008,17,11
"1743","2020-05-31",186,20,38,443,5016,0.976475279106858,8145,29431,321,331,19,5150,12,1020,18,12
"1744","2020-06-01",167,20,44,397,5016,0.976475279106858,8145,29431,321,331,10,5160,11,1031,10,11
"1745","2020-06-02",162,20,47,369,5016,0.976475279106858,8145,29431,321,331,10,5170,10,1041,10,10
"1746","2020-06-03",146,20,50,349,5016,0.976475279106858,8145,29431,321,331,16,5186,12,1053,16,12
"1747","2020-06-04",132,20,53,325,5016,0.976475279106858,8145,29431,321,331,9,5195,6,1059,8,6
"1748","2020-06-05",124,20,52,293,5016,0.976475279106858,8145,29431,321,331,10,5205,8,1067,9,8
"1749","2020-06-06",109,20,54,263,5016,0.976475279106858,8145,29431,321,331,7,5212,6,1073,6,6
"1750","2020-06-07",95,20,54,235,5016,0.976475279106858,8145,29431,321,331,6,5218,8,1081,4,8
