"","Date","Absents","Paramset","Infections_or_Exposed_per_day_Patient","Infections_or_Exposed_per_day_HCW","total_infections","nosocomial_proportion","PCR_pooled","LFD_pooled","HCW_symp_test","patient_symp_test","new_hcw_infs","cumulative_hcw_infs","new_pat_infs","cumulative_pats_infs","new_nosocomial_hcw_infs","new_nosocomial_pat_infs"
"1","2020-03-12",1,1,68,172,8274,0.282088469905729,2040,9179,931,1331,97,172,18,39,7,18
"2","2020-03-13",15,1,66,279,8274,0.282088469905729,2040,9179,931,1331,107,279,7,46,12,7
"3","2020-03-14",45,1,69,389,8274,0.282088469905729,2040,9179,931,1331,110,389,6,52,12,6
"4","2020-03-15",66,1,64,489,8274,0.282088469905729,2040,9179,931,1331,100,489,8,60,21,8
"5","2020-03-16",68,1,75,603,8274,0.282088469905729,2040,9179,931,1331,116,605,13,73,36,13
"6","2020-03-17",85,1,77,713,8274,0.282088469905729,2040,9179,931,1331,116,721,8,81,44,8
"7","2020-03-18",112,1,95,840,8274,0.282088469905729,2040,9179,931,1331,143,864,12,93,43,12
"8","2020-03-19",145,1,122,950,8274,0.282088469905729,2040,9179,931,1331,131,995,33,126,38,33
"9","2020-03-20",229,1,163,1049,8274,0.282088469905729,2040,9179,931,1331,122,1117,52,178,48,52
"10","2020-03-21",266,1,212,1148,8274,0.282088469905729,2040,9179,931,1331,148,1265,67,245,80,67
"11","2020-03-22",351,1,224,1262,8274,0.282088469905729,2040,9179,931,1331,156,1421,54,299,62,54
"12","2020-03-23",377,1,214,1332,8274,0.282088469905729,2040,9179,931,1331,122,1543,29,328,63,29
"13","2020-03-24",381,1,206,1400,8274,0.282088469905729,2040,9179,931,1331,133,1676,29,357,62,29
"14","2020-03-25",410,1,212,1439,8274,0.282088469905729,2040,9179,931,1331,131,1807,41,398,42,41
"15","2020-03-26",434,1,211,1460,8274,0.282088469905729,2040,9179,931,1331,121,1928,36,434,57,36
"16","2020-03-27",556,1,190,1519,8274,0.282088469905729,2040,9179,931,1331,157,2085,12,446,60,12
"17","2020-03-28",549,1,168,1546,8274,0.282088469905729,2040,9179,931,1331,145,2230,13,459,63,13
"18","2020-03-29",476,1,156,1540,8274,0.282088469905729,2040,9179,931,1331,116,2346,11,470,48,11
"19","2020-03-30",487,1,143,1552,8274,0.282088469905729,2040,9179,931,1331,135,2481,22,492,59,22
"20","2020-03-31",488,1,142,1582,8274,0.282088469905729,2040,9179,931,1331,159,2640,15,507,78,15
"21","2020-04-01",492,1,131,1595,8274,0.282088469905729,2040,9179,931,1331,136,2776,17,524,56,17
"22","2020-04-02",491,1,155,1602,8274,0.282088469905729,2040,9179,931,1331,136,2912,36,560,55,36
"23","2020-04-03",518,1,176,1598,8274,0.282088469905729,2040,9179,931,1331,137,3049,45,605,59,45
"24","2020-04-04",543,1,191,1597,8274,0.282088469905729,2040,9179,931,1331,141,3190,37,642,61,37
"25","2020-04-05",487,1,200,1611,8274,0.282088469905729,2040,9179,931,1331,138,3328,27,669,64,27
"26","2020-04-06",481,1,179,1587,8274,0.282088469905729,2040,9179,931,1331,111,3439,21,690,45,21
"27","2020-04-07",491,1,169,1572,8274,0.282088469905729,2040,9179,931,1331,115,3554,14,704,51,14
"28","2020-04-08",485,1,156,1555,8274,0.282088469905729,2040,9179,931,1331,130,3684,12,716,48,12
"29","2020-04-09",483,1,154,1548,8274,0.282088469905729,2040,9179,931,1331,121,3805,17,733,51,17
"30","2020-04-10",537,1,161,1537,8274,0.282088469905729,2040,9179,931,1331,108,3913,19,752,47,19
"31","2020-04-11",536,1,157,1536,8274,0.282088469905729,2040,9179,931,1331,123,4036,18,770,53,18
"32","2020-04-12",511,1,201,1504,8274,0.282088469905729,2040,9179,931,1331,114,4150,59,829,36,59
"33","2020-04-13",499,1,203,1457,8274,0.282088469905729,2040,9179,931,1331,90,4240,29,858,37,29
"34","2020-04-14",478,1,184,1412,8274,0.282088469905729,2040,9179,931,1331,90,4330,17,875,33,17
"35","2020-04-15",473,1,192,1403,8274,0.282088469905729,2040,9179,931,1331,126,4456,19,894,49,19
"36","2020-04-16",477,1,191,1354,8274,0.282088469905729,2040,9179,931,1331,77,4533,25,919,21,25
"37","2020-04-17",481,1,208,1323,8274,0.282088469905729,2040,9179,931,1331,89,4622,28,947,30,28
"38","2020-04-18",477,1,187,1280,8274,0.282088469905729,2040,9179,931,1331,79,4701,22,969,23,22
"39","2020-04-19",440,1,175,1244,8274,0.282088469905729,2040,9179,931,1331,74,4775,16,985,29,16
"40","2020-04-20",429,1,194,1216,8274,0.282088469905729,2040,9179,931,1331,90,4865,17,1002,30,17
"41","2020-04-21",426,1,233,1193,8274,0.282088469905729,2040,9179,931,1331,81,4946,56,1058,23,56
"42","2020-04-22",410,1,235,1167,8274,0.282088469905729,2040,9179,931,1331,81,5027,42,1100,25,42
"43","2020-04-23",380,1,229,1132,8274,0.282088469905729,2040,9179,931,1331,80,5107,27,1127,25,27
"44","2020-04-24",373,1,220,1115,8274,0.282088469905729,2040,9179,931,1331,84,5191,20,1147,19,20
"45","2020-04-25",375,1,196,1090,8274,0.282088469905729,2040,9179,931,1331,81,5272,16,1163,22,16
"46","2020-04-26",346,1,187,1062,8274,0.282088469905729,2040,9179,931,1331,73,5345,22,1185,22,22
"47","2020-04-27",325,1,165,1045,8274,0.282088469905729,2040,9179,931,1331,76,5421,15,1200,24,15
"48","2020-04-28",314,1,177,1026,8274,0.282088469905729,2040,9179,931,1331,61,5482,29,1229,14,29
"49","2020-04-29",318,1,226,995,8274,0.282088469905729,2040,9179,931,1331,64,5546,45,1274,17,45
"50","2020-04-30",316,1,203,976,8274,0.282088469905729,2040,9179,931,1331,65,5611,30,1304,14,30
"51","2020-05-01",320,1,221,955,8274,0.282088469905729,2040,9179,931,1331,62,5673,38,1342,16,38
"52","2020-05-02",321,1,224,913,8274,0.282088469905729,2040,9179,931,1331,53,5726,38,1380,17,38
"53","2020-05-03",299,1,218,862,8274,0.282088469905729,2040,9179,931,1331,36,5762,32,1412,6,32
"54","2020-05-04",298,1,257,831,8274,0.282088469905729,2040,9179,931,1331,50,5812,56,1468,16,56
"55","2020-05-05",284,1,261,809,8274,0.282088469905729,2040,9179,931,1331,54,5866,44,1512,19,44
"56","2020-05-06",269,1,262,783,8274,0.282088469905729,2040,9179,931,1331,47,5913,33,1545,10,33
"57","2020-05-07",263,1,247,748,8274,0.282088469905729,2040,9179,931,1331,50,5963,29,1574,16,29
"58","2020-05-08",248,1,243,707,8274,0.282088469905729,2040,9179,931,1331,44,6007,31,1605,14,31
"59","2020-05-09",227,1,226,667,8274,0.282088469905729,2040,9179,931,1331,43,6050,16,1621,14,16
"60","2020-05-10",193,1,209,630,8274,0.282088469905729,2040,9179,931,1331,40,6090,15,1636,9,15
"61","2020-05-11",184,1,190,606,8274,0.282088469905729,2040,9179,931,1331,39,6129,19,1655,12,19
"62","2020-05-12",175,1,173,603,8274,0.282088469905729,2040,9179,931,1331,42,6171,15,1670,7,15
"63","2020-05-13",175,1,220,571,8274,0.282088469905729,2040,9179,931,1331,35,6206,61,1731,6,61
"64","2020-05-14",173,1,218,544,8274,0.282088469905729,2040,9179,931,1331,26,6232,34,1765,2,34
"65","2020-05-15",180,1,211,538,8274,0.282088469905729,2040,9179,931,1331,40,6272,29,1794,5,29
"66","2020-05-16",186,1,201,517,8274,0.282088469905729,2040,9179,931,1331,36,6308,20,1814,7,20
"67","2020-05-17",176,1,203,491,8274,0.282088469905729,2040,9179,931,1331,29,6337,25,1839,6,25
"68","2020-05-18",180,1,230,480,8274,0.282088469905729,2040,9179,931,1331,32,6369,38,1877,9,38
"69","2020-05-19",170,1,243,464,8274,0.282088469905729,2040,9179,931,1331,28,6397,45,1922,6,45
"70","2020-05-20",163,1,247,443,8274,0.282088469905729,2040,9179,931,1331,25,6422,34,1956,7,34
"71","2020-05-21",157,1,264,422,8274,0.282088469905729,2040,9179,931,1331,20,6442,49,2005,3,49
"72","2020-05-22",132,1,241,403,8274,0.282088469905729,2040,9179,931,1331,24,6466,28,2033,11,28
"73","2020-05-23",132,1,227,385,8274,0.282088469905729,2040,9179,931,1331,29,6495,27,2060,8,27
"74","2020-05-24",127,1,222,354,8274,0.282088469905729,2040,9179,931,1331,13,6508,23,2083,5,23
"75","2020-05-25",118,1,231,329,8274,0.282088469905729,2040,9179,931,1331,13,6521,40,2123,1,40
"76","2020-05-26",113,1,233,314,8274,0.282088469905729,2040,9179,931,1331,19,6540,40,2163,3,40
"77","2020-05-27",106,1,229,286,8274,0.282088469905729,2040,9179,931,1331,14,6554,25,2188,NA,25
"78","2020-05-28",105,1,222,280,8274,0.282088469905729,2040,9179,931,1331,19,6573,23,2211,5,23
"79","2020-05-29",106,1,247,259,8274,0.282088469905729,2040,9179,931,1331,11,6584,46,2257,2,46
"80","2020-05-30",85,1,245,243,8274,0.282088469905729,2040,9179,931,1331,14,6598,41,2298,1,41
"81","2020-05-31",81,1,228,230,8274,0.282088469905729,2040,9179,931,1331,21,6619,28,2326,1,28
"82","2020-06-01",74,1,211,226,8274,0.282088469905729,2040,9179,931,1331,19,6638,21,2347,1,21
"83","2020-06-02",71,1,216,204,8274,0.282088469905729,2040,9179,931,1331,8,6646,38,2385,NA,38
"84","2020-06-03",70,1,222,202,8274,0.282088469905729,2040,9179,931,1331,24,6670,26,2411,4,26
"85","2020-06-04",65,1,240,207,8274,0.282088469905729,2040,9179,931,1331,22,6692,40,2451,7,40
"86","2020-06-05",65,1,250,204,8274,0.282088469905729,2040,9179,931,1331,16,6708,48,2499,4,48
"87","2020-06-06",73,1,285,196,8274,0.282088469905729,2040,9179,931,1331,9,6717,59,2558,4,59
"88","2020-06-07",71,1,276,185,8274,0.282088469905729,2040,9179,931,1331,11,6728,53,2611,1,53
"89","2020-03-13",3,2,109,153,7080,0.586158192090395,2085,8556,742,919,80,216,13,36,4,13
"90","2020-03-14",12,2,118,218,7080,0.586158192090395,2085,8556,742,919,89,305,38,74,17,38
"91","2020-03-15",27,2,139,280,7080,0.586158192090395,2085,8556,742,919,119,424,47,121,44,47
"92","2020-03-16",35,2,129,354,7080,0.586158192090395,2085,8556,742,919,97,521,33,154,38,33
"93","2020-03-17",40,2,105,435,7080,0.586158192090395,2085,8556,742,919,116,637,35,189,43,35
"94","2020-03-18",58,2,94,519,7080,0.586158192090395,2085,8556,742,919,121,758,20,209,57,20
"95","2020-03-19",90,2,120,618,7080,0.586158192090395,2085,8556,742,919,121,879,20,229,56,20
"96","2020-03-20",128,2,118,697,7080,0.586158192090395,2085,8556,742,919,124,1003,27,256,60,27
"97","2020-03-21",149,2,134,811,7080,0.586158192090395,2085,8556,742,919,128,1131,48,304,64,48
"98","2020-03-22",194,2,135,899,7080,0.586158192090395,2085,8556,742,919,128,1259,34,338,64,34
"99","2020-03-23",218,2,135,1018,7080,0.586158192090395,2085,8556,742,919,142,1401,27,365,74,27
"100","2020-03-24",236,2,154,1133,7080,0.586158192090395,2085,8556,742,919,136,1537,24,389,73,24
"101","2020-03-25",257,2,149,1232,7080,0.586158192090395,2085,8556,742,919,159,1696,29,418,100,29
"102","2020-03-26",270,2,138,1320,7080,0.586158192090395,2085,8556,742,919,145,1841,30,448,79,30
"103","2020-03-27",374,2,149,1379,7080,0.586158192090395,2085,8556,742,919,135,1976,24,472,77,24
"104","2020-03-28",490,2,159,1465,7080,0.586158192090395,2085,8556,742,919,135,2111,17,489,59,17
"105","2020-03-29",487,2,144,1510,7080,0.586158192090395,2085,8556,742,919,139,2250,28,517,84,28
"106","2020-03-30",481,2,138,1586,7080,0.586158192090395,2085,8556,742,919,130,2380,37,554,70,37
"107","2020-03-31",489,2,133,1623,7080,0.586158192090395,2085,8556,742,919,148,2528,31,585,75,31
"108","2020-04-01",504,2,129,1643,7080,0.586158192090395,2085,8556,742,919,152,2680,37,622,77,37
"109","2020-04-02",524,2,130,1666,7080,0.586158192090395,2085,8556,742,919,158,2838,24,646,101,24
"110","2020-04-03",666,2,169,1699,7080,0.586158192090395,2085,8556,742,919,146,2984,21,667,73,21
"111","2020-04-04",600,2,169,1702,7080,0.586158192090395,2085,8556,742,919,129,3113,29,696,63,29
"112","2020-04-05",528,2,165,1725,7080,0.586158192090395,2085,8556,742,919,117,3230,22,718,64,22
"113","2020-04-06",524,2,184,1708,7080,0.586158192090395,2085,8556,742,919,119,3349,24,742,67,24
"114","2020-04-07",532,2,183,1710,7080,0.586158192090395,2085,8556,742,919,127,3476,29,771,71,29
"115","2020-04-08",533,2,174,1670,7080,0.586158192090395,2085,8556,742,919,105,3581,40,811,63,40
"116","2020-04-09",532,2,166,1641,7080,0.586158192090395,2085,8556,742,919,132,3713,42,853,65,42
"117","2020-04-10",556,2,187,1644,7080,0.586158192090395,2085,8556,742,919,120,3833,41,894,60,41
"118","2020-04-11",552,2,173,1549,7080,0.586158192090395,2085,8556,742,919,111,3944,40,934,47,40
"119","2020-04-12",544,2,159,1526,7080,0.586158192090395,2085,8556,742,919,110,4054,26,960,66,26
"120","2020-04-13",543,2,154,1478,7080,0.586158192090395,2085,8556,742,919,109,4163,28,988,46,28
"121","2020-04-14",529,2,146,1483,7080,0.586158192090395,2085,8556,742,919,105,4268,26,1014,49,26
"122","2020-04-15",524,2,136,1423,7080,0.586158192090395,2085,8556,742,919,89,4357,29,1043,38,29
"123","2020-04-16",505,2,115,1371,7080,0.586158192090395,2085,8556,742,919,110,4467,18,1061,49,18
"124","2020-04-17",479,2,96,1320,7080,0.586158192090395,2085,8556,742,919,104,4571,35,1096,43,35
"125","2020-04-18",488,2,117,1281,7080,0.586158192090395,2085,8556,742,919,81,4652,21,1117,42,21
"126","2020-04-19",434,2,148,1236,7080,0.586158192090395,2085,8556,742,919,100,4752,22,1139,46,22
"127","2020-04-20",423,2,152,1182,7080,0.586158192090395,2085,8556,742,919,66,4818,23,1162,28,23
"128","2020-04-21",425,2,172,1154,7080,0.586158192090395,2085,8556,742,919,80,4898,23,1185,32,23
"129","2020-04-22",410,2,193,1109,7080,0.586158192090395,2085,8556,742,919,73,4971,25,1210,35,25
"130","2020-04-23",408,2,219,1041,7080,0.586158192090395,2085,8556,742,919,67,5038,20,1230,27,20
"131","2020-04-24",396,2,207,999,7080,0.586158192090395,2085,8556,742,919,52,5090,24,1254,12,24
"132","2020-04-25",375,2,182,964,7080,0.586158192090395,2085,8556,742,919,65,5155,24,1278,28,24
"133","2020-04-26",346,2,188,915,7080,0.586158192090395,2085,8556,742,919,62,5217,25,1303,22,25
"134","2020-04-27",333,2,222,898,7080,0.586158192090395,2085,8556,742,919,63,5280,20,1323,24,20
"135","2020-04-28",311,2,227,853,7080,0.586158192090395,2085,8556,742,919,54,5334,13,1336,22,13
"136","2020-04-29",298,2,218,816,7080,0.586158192090395,2085,8556,742,919,63,5397,43,1379,23,43
"137","2020-04-30",285,2,207,766,7080,0.586158192090395,2085,8556,742,919,58,5455,39,1418,27,39
"138","2020-05-01",277,2,221,712,7080,0.586158192090395,2085,8556,742,919,57,5512,26,1444,16,26
"139","2020-05-02",280,2,217,698,7080,0.586158192090395,2085,8556,742,919,52,5564,35,1479,7,35
"140","2020-05-03",260,2,209,682,7080,0.586158192090395,2085,8556,742,919,59,5623,28,1507,19,28
"141","2020-05-04",249,2,255,663,7080,0.586158192090395,2085,8556,742,919,45,5668,41,1548,16,41
"142","2020-05-05",242,2,293,655,7080,0.586158192090395,2085,8556,742,919,42,5710,36,1584,7,36
"143","2020-05-06",235,2,296,634,7080,0.586158192090395,2085,8556,742,919,44,5754,42,1626,10,42
"144","2020-05-07",233,2,293,627,7080,0.586158192090395,2085,8556,742,919,47,5801,38,1664,11,38
"145","2020-05-08",201,2,267,596,7080,0.586158192090395,2085,8556,742,919,43,5844,55,1719,11,55
"146","2020-05-09",203,2,227,571,7080,0.586158192090395,2085,8556,742,919,29,5873,44,1763,9,44
"147","2020-05-10",206,2,199,551,7080,0.586158192090395,2085,8556,742,919,51,5924,44,1807,18,44
"148","2020-05-11",203,2,199,506,7080,0.586158192090395,2085,8556,742,919,43,5967,38,1845,12,38
"149","2020-05-12",193,2,246,489,7080,0.586158192090395,2085,8556,742,919,40,6007,35,1880,16,35
"150","2020-05-13",197,2,266,469,7080,0.586158192090395,2085,8556,742,919,31,6038,36,1916,13,36
"151","2020-05-14",188,2,235,441,7080,0.586158192090395,2085,8556,742,919,24,6062,27,1943,11,27
"152","2020-05-15",185,2,202,430,7080,0.586158192090395,2085,8556,742,919,38,6100,27,1970,6,27
"153","2020-05-16",173,2,183,410,7080,0.586158192090395,2085,8556,742,919,30,6130,25,1995,9,25
"154","2020-05-17",154,2,222,376,7080,0.586158192090395,2085,8556,742,919,30,6160,32,2027,13,32
"155","2020-05-18",146,2,262,362,7080,0.586158192090395,2085,8556,742,919,30,6190,51,2078,9,51
"156","2020-05-19",136,2,240,343,7080,0.586158192090395,2085,8556,742,919,20,6210,48,2126,4,48
"157","2020-05-20",136,2,207,328,7080,0.586158192090395,2085,8556,742,919,29,6239,41,2167,14,41
"158","2020-05-21",135,2,177,312,7080,0.586158192090395,2085,8556,742,919,29,6268,34,2201,5,34
"159","2020-05-22",129,2,205,297,7080,0.586158192090395,2085,8556,742,919,18,6286,54,2255,2,54
"160","2020-05-23",127,2,233,266,7080,0.586158192090395,2085,8556,742,919,22,6308,35,2290,1,35
"161","2020-05-24",111,2,252,262,7080,0.586158192090395,2085,8556,742,919,18,6326,18,2308,2,18
"162","2020-05-25",103,2,226,248,7080,0.586158192090395,2085,8556,742,919,23,6349,37,2345,10,37
"163","2020-05-26",97,2,199,241,7080,0.586158192090395,2085,8556,742,919,16,6365,39,2384,7,39
"164","2020-05-27",86,2,176,231,7080,0.586158192090395,2085,8556,742,919,9,6374,43,2427,1,43
"165","2020-05-28",77,2,156,211,7080,0.586158192090395,2085,8556,742,919,25,6399,35,2462,6,35
"166","2020-05-29",70,2,147,213,7080,0.586158192090395,2085,8556,742,919,12,6411,47,2509,3,47
"167","2020-05-30",58,2,130,205,7080,0.586158192090395,2085,8556,742,919,18,6429,37,2546,5,37
"168","2020-05-31",56,2,114,198,7080,0.586158192090395,2085,8556,742,919,10,6439,50,2596,2,50
"169","2020-06-01",54,2,123,178,7080,0.586158192090395,2085,8556,742,919,17,6456,51,2647,3,51
"170","2020-06-02",54,2,110,172,7080,0.586158192090395,2085,8556,742,919,14,6470,39,2686,4,39
"171","2020-06-03",49,2,108,166,7080,0.586158192090395,2085,8556,742,919,12,6482,33,2719,4,33
"172","2020-06-04",43,2,105,163,7080,0.586158192090395,2085,8556,742,919,13,6495,15,2734,2,15
"173","2020-06-05",46,2,124,165,7080,0.586158192090395,2085,8556,742,919,14,6509,33,2767,3,33
"174","2020-06-06",59,2,139,161,7080,0.586158192090395,2085,8556,742,919,9,6518,28,2795,NA,28
"175","2020-06-07",48,2,139,153,7080,0.586158192090395,2085,8556,742,919,11,6529,40,2835,1,40
"176","2020-03-12",1,3,190,151,8289,0.431415128483532,1950,8526,937,2626,36,68,10,24,13,10
"177","2020-03-13",1,3,246,260,8289,0.431415128483532,1950,8526,937,2626,40,108,25,49,23,25
"178","2020-03-14",41,3,272,360,8289,0.431415128483532,1950,8526,937,2626,40,148,33,82,29,33
"179","2020-03-15",50,3,278,480,8289,0.431415128483532,1950,8526,937,2626,55,203,27,109,27,27
"180","2020-03-16",45,3,261,615,8289,0.431415128483532,1950,8526,937,2626,65,268,20,129,47,20
"181","2020-03-17",63,3,258,756,8289,0.431415128483532,1950,8526,937,2626,80,348,19,148,54,19
"182","2020-03-18",85,3,274,888,8289,0.431415128483532,1950,8526,937,2626,89,437,27,175,60,27
"183","2020-03-19",110,3,291,1018,8289,0.431415128483532,1950,8526,937,2626,126,563,11,186,102,11
"184","2020-03-20",234,3,320,1146,8289,0.431415128483532,1950,8526,937,2626,94,657,23,209,77,23
"185","2020-03-21",327,3,305,1283,8289,0.431415128483532,1950,8526,937,2626,115,772,49,258,95,49
"186","2020-03-22",374,3,272,1413,8289,0.431415128483532,1950,8526,937,2626,150,922,35,293,131,35
"187","2020-03-23",384,3,257,1523,8289,0.431415128483532,1950,8526,937,2626,145,1067,44,337,125,44
"188","2020-03-24",407,3,269,1595,8289,0.431415128483532,1950,8526,937,2626,147,1214,39,376,126,39
"189","2020-03-25",429,3,272,1658,8289,0.431415128483532,1950,8526,937,2626,154,1368,41,417,134,41
"190","2020-03-26",457,3,285,1732,8289,0.431415128483532,1950,8526,937,2626,180,1548,42,459,163,42
"191","2020-03-27",588,3,282,1793,8289,0.431415128483532,1950,8526,937,2626,174,1722,30,489,145,30
"192","2020-03-28",597,3,260,1835,8289,0.431415128483532,1950,8526,937,2626,213,1935,45,534,185,45
"193","2020-03-29",581,3,249,1858,8289,0.431415128483532,1950,8526,937,2626,184,2119,68,602,158,68
"194","2020-03-30",584,3,241,1838,8289,0.431415128483532,1950,8526,937,2626,228,2347,58,660,213,58
"195","2020-03-31",597,3,249,1851,8289,0.431415128483532,1950,8526,937,2626,226,2573,51,711,205,51
"196","2020-04-01",623,3,257,1859,8289,0.431415128483532,1950,8526,937,2626,202,2775,43,754,177,43
"197","2020-04-02",643,3,265,1851,8289,0.431415128483532,1950,8526,937,2626,255,3030,39,793,233,39
"198","2020-04-03",693,3,295,1840,8289,0.431415128483532,1950,8526,937,2626,195,3225,33,826,176,33
"199","2020-04-04",667,3,343,1828,8289,0.431415128483532,1950,8526,937,2626,188,3413,40,866,164,40
"200","2020-04-05",605,3,330,1824,8289,0.431415128483532,1950,8526,937,2626,193,3606,38,904,179,38
"201","2020-04-06",612,3,366,1835,8289,0.431415128483532,1950,8526,937,2626,176,3782,39,943,162,39
"202","2020-04-07",581,3,364,1815,8289,0.431415128483532,1950,8526,937,2626,165,3947,27,970,146,27
"203","2020-04-08",562,3,322,1807,8289,0.431415128483532,1950,8526,937,2626,204,4151,23,993,185,23
"204","2020-04-09",545,3,325,1751,8289,0.431415128483532,1950,8526,937,2626,158,4309,14,1007,146,14
"205","2020-04-10",568,3,317,1699,8289,0.431415128483532,1950,8526,937,2626,136,4445,10,1017,125,10
"206","2020-04-11",572,3,309,1665,8289,0.431415128483532,1950,8526,937,2626,155,4600,36,1053,137,36
"207","2020-04-12",509,3,321,1613,8289,0.431415128483532,1950,8526,937,2626,135,4735,48,1101,122,48
"208","2020-04-13",494,3,296,1575,8289,0.431415128483532,1950,8526,937,2626,119,4854,65,1166,111,65
"209","2020-04-14",492,3,297,1508,8289,0.431415128483532,1950,8526,937,2626,138,4992,72,1238,120,72
"210","2020-04-15",494,3,311,1479,8289,0.431415128483532,1950,8526,937,2626,130,5122,46,1284,109,46
"211","2020-04-16",494,3,306,1433,8289,0.431415128483532,1950,8526,937,2626,113,5235,47,1331,106,47
"212","2020-04-17",510,3,293,1394,8289,0.431415128483532,1950,8526,937,2626,105,5340,38,1369,81,38
"213","2020-04-18",486,3,306,1345,8289,0.431415128483532,1950,8526,937,2626,110,5450,23,1392,100,23
"214","2020-04-19",475,3,290,1291,8289,0.431415128483532,1950,8526,937,2626,70,5520,35,1427,54,35
"215","2020-04-20",470,3,286,1248,8289,0.431415128483532,1950,8526,937,2626,65,5585,39,1466,53,39
"216","2020-04-21",454,3,276,1195,8289,0.431415128483532,1950,8526,937,2626,65,5650,28,1494,50,28
"217","2020-04-22",442,3,274,1146,8289,0.431415128483532,1950,8526,937,2626,56,5706,39,1533,46,39
"218","2020-04-23",414,3,288,1077,8289,0.431415128483532,1950,8526,937,2626,50,5756,33,1566,40,33
"219","2020-04-24",381,3,293,1026,8289,0.431415128483532,1950,8526,937,2626,43,5799,28,1594,33,28
"220","2020-04-25",383,3,306,1014,8289,0.431415128483532,1950,8526,937,2626,57,5856,25,1619,48,25
"221","2020-04-26",325,3,311,958,8289,0.431415128483532,1950,8526,937,2626,45,5901,21,1640,35,21
"222","2020-04-27",309,3,315,919,8289,0.431415128483532,1950,8526,937,2626,46,5947,32,1672,35,32
"223","2020-04-28",293,3,307,881,8289,0.431415128483532,1950,8526,937,2626,43,5990,33,1705,35,33
"224","2020-04-29",283,3,329,855,8289,0.431415128483532,1950,8526,937,2626,31,6021,21,1726,20,21
"225","2020-04-30",281,3,348,826,8289,0.431415128483532,1950,8526,937,2626,40,6061,31,1757,28,31
"226","2020-05-01",256,3,364,806,8289,0.431415128483532,1950,8526,937,2626,19,6080,23,1780,14,23
"227","2020-05-02",256,3,344,788,8289,0.431415128483532,1950,8526,937,2626,28,6108,16,1796,21,16
"228","2020-05-03",245,3,368,755,8289,0.431415128483532,1950,8526,937,2626,31,6139,18,1814,20,18
"229","2020-05-04",226,3,343,705,8289,0.431415128483532,1950,8526,937,2626,22,6161,13,1827,15,13
"230","2020-05-05",225,3,324,680,8289,0.431415128483532,1950,8526,937,2626,15,6176,18,1845,8,18
"231","2020-05-06",218,3,343,642,8289,0.431415128483532,1950,8526,937,2626,22,6198,13,1858,16,13
"232","2020-05-07",209,3,326,620,8289,0.431415128483532,1950,8526,937,2626,22,6220,19,1877,14,19
"233","2020-05-08",197,3,348,576,8289,0.431415128483532,1950,8526,937,2626,10,6230,41,1918,6,41
"234","2020-05-09",193,3,349,554,8289,0.431415128483532,1950,8526,937,2626,20,6250,41,1959,9,41
"235","2020-05-10",180,3,348,527,8289,0.431415128483532,1950,8526,937,2626,19,6269,27,1986,15,27
"236","2020-05-11",181,3,354,537,8289,0.431415128483532,1950,8526,937,2626,21,6290,43,2029,17,43
"237","2020-05-12",177,3,347,515,8289,0.431415128483532,1950,8526,937,2626,25,6315,38,2067,15,38
"238","2020-05-13",165,3,355,499,8289,0.431415128483532,1950,8526,937,2626,13,6328,29,2096,10,29
"239","2020-05-14",172,3,339,479,8289,0.431415128483532,1950,8526,937,2626,15,6343,27,2123,5,27
"240","2020-05-15",184,3,351,472,8289,0.431415128483532,1950,8526,937,2626,17,6360,28,2151,12,28
"241","2020-05-16",185,3,372,445,8289,0.431415128483532,1950,8526,937,2626,19,6379,41,2192,11,41
"242","2020-05-17",167,3,376,437,8289,0.431415128483532,1950,8526,937,2626,12,6391,46,2238,8,46
"243","2020-05-18",158,3,361,415,8289,0.431415128483532,1950,8526,937,2626,16,6407,30,2268,10,30
"244","2020-05-19",142,3,343,393,8289,0.431415128483532,1950,8526,937,2626,20,6427,28,2296,10,28
"245","2020-05-20",140,3,322,369,8289,0.431415128483532,1950,8526,937,2626,11,6438,43,2339,7,43
"246","2020-05-21",130,3,317,357,8289,0.431415128483532,1950,8526,937,2626,16,6454,35,2374,6,35
"247","2020-05-22",117,3,315,337,8289,0.431415128483532,1950,8526,937,2626,17,6471,36,2410,9,36
"248","2020-05-23",103,3,312,318,8289,0.431415128483532,1950,8526,937,2626,15,6486,39,2449,9,39
"249","2020-05-24",108,3,338,290,8289,0.431415128483532,1950,8526,937,2626,12,6498,29,2478,8,29
"250","2020-05-25",100,3,335,280,8289,0.431415128483532,1950,8526,937,2626,13,6511,39,2517,8,39
"251","2020-05-26",103,3,336,261,8289,0.431415128483532,1950,8526,937,2626,15,6526,37,2554,5,37
"252","2020-05-27",101,3,342,241,8289,0.431415128483532,1950,8526,937,2626,15,6541,26,2580,8,26
"253","2020-05-28",96,3,324,217,8289,0.431415128483532,1950,8526,937,2626,7,6548,24,2604,6,24
"254","2020-05-29",90,3,295,208,8289,0.431415128483532,1950,8526,937,2626,11,6559,23,2627,8,23
"255","2020-05-30",82,3,295,197,8289,0.431415128483532,1950,8526,937,2626,11,6570,20,2647,10,20
"256","2020-05-31",60,3,301,193,8289,0.431415128483532,1950,8526,937,2626,9,6579,24,2671,5,24
"257","2020-06-01",59,3,306,183,8289,0.431415128483532,1950,8526,937,2626,6,6585,49,2720,6,49
"258","2020-06-02",52,3,302,169,8289,0.431415128483532,1950,8526,937,2626,9,6594,39,2759,4,39
"259","2020-06-03",50,3,294,160,8289,0.431415128483532,1950,8526,937,2626,6,6600,36,2795,4,36
"260","2020-06-04",46,3,330,153,8289,0.431415128483532,1950,8526,937,2626,8,6608,51,2846,6,51
"261","2020-06-05",48,3,343,145,8289,0.431415128483532,1950,8526,937,2626,12,6620,46,2892,8,46
"262","2020-06-06",46,3,344,143,8289,0.431415128483532,1950,8526,937,2626,9,6629,52,2944,9,52
"263","2020-06-07",52,3,322,137,8289,0.431415128483532,1950,8526,937,2626,6,6635,25,2969,5,25
"264","2020-03-13",3,4,146,118,6626,0.634017506791428,1995,7889,733,1341,97,281,31,88,26,31
"265","2020-03-14",13,4,169,170,6626,0.634017506791428,1995,7889,733,1341,122,403,88,176,36,88
"266","2020-03-15",26,4,164,223,6626,0.634017506791428,1995,7889,733,1341,124,527,81,257,59,81
"267","2020-03-16",29,4,144,291,6626,0.634017506791428,1995,7889,733,1341,143,670,39,296,77,39
"268","2020-03-17",36,4,141,347,6626,0.634017506791428,1995,7889,733,1341,154,824,17,313,72,17
"269","2020-03-18",49,4,169,420,6626,0.634017506791428,1995,7889,733,1341,171,995,17,330,89,17
"270","2020-03-19",66,4,164,501,6626,0.634017506791428,1995,7889,733,1341,152,1147,13,343,84,13
"271","2020-03-20",98,4,155,572,6626,0.634017506791428,1995,7889,733,1341,124,1271,32,375,57,32
"272","2020-03-21",127,4,192,654,6626,0.634017506791428,1995,7889,733,1341,149,1420,29,404,79,29
"273","2020-03-22",157,4,185,718,6626,0.634017506791428,1995,7889,733,1341,144,1564,79,483,87,79
"274","2020-03-23",164,4,167,808,6626,0.634017506791428,1995,7889,733,1341,163,1727,62,545,75,62
"275","2020-03-24",182,4,161,889,6626,0.634017506791428,1995,7889,733,1341,146,1873,36,581,82,36
"276","2020-03-25",193,4,151,967,6626,0.634017506791428,1995,7889,733,1341,172,2045,32,613,99,32
"277","2020-03-26",218,4,134,1029,6626,0.634017506791428,1995,7889,733,1341,157,2202,29,642,93,29
"278","2020-03-27",302,4,143,1107,6626,0.634017506791428,1995,7889,733,1341,135,2337,36,678,72,36
"279","2020-03-28",364,4,132,1161,6626,0.634017506791428,1995,7889,733,1341,137,2474,19,697,74,19
"280","2020-03-29",357,4,146,1237,6626,0.634017506791428,1995,7889,733,1341,139,2613,20,717,70,20
"281","2020-03-30",355,4,185,1298,6626,0.634017506791428,1995,7889,733,1341,148,2761,11,728,81,11
"282","2020-03-31",361,4,186,1339,6626,0.634017506791428,1995,7889,733,1341,160,2921,20,748,83,20
"283","2020-04-01",372,4,177,1361,6626,0.634017506791428,1995,7889,733,1341,132,3053,28,776,71,28
"284","2020-04-02",379,4,160,1402,6626,0.634017506791428,1995,7889,733,1341,149,3202,66,842,84,66
"285","2020-04-03",466,4,153,1447,6626,0.634017506791428,1995,7889,733,1341,107,3309,21,863,66,21
"286","2020-04-04",439,4,151,1500,6626,0.634017506791428,1995,7889,733,1341,114,3423,16,879,62,16
"287","2020-04-05",470,4,144,1500,6626,0.634017506791428,1995,7889,733,1341,156,3579,15,894,83,15
"288","2020-04-06",489,4,161,1498,6626,0.634017506791428,1995,7889,733,1341,138,3717,15,909,78,15
"289","2020-04-07",496,4,201,1484,6626,0.634017506791428,1995,7889,733,1341,126,3843,17,926,62,17
"290","2020-04-08",515,4,220,1482,6626,0.634017506791428,1995,7889,733,1341,123,3966,11,937,57,11
"291","2020-04-09",522,4,253,1476,6626,0.634017506791428,1995,7889,733,1341,117,4083,36,973,52,36
"292","2020-04-10",554,4,276,1470,6626,0.634017506791428,1995,7889,733,1341,116,4199,24,997,56,24
"293","2020-04-11",559,4,269,1453,6626,0.634017506791428,1995,7889,733,1341,112,4311,9,1006,52,9
"294","2020-04-12",477,4,299,1407,6626,0.634017506791428,1995,7889,733,1341,101,4412,21,1027,41,21
"295","2020-04-13",468,4,310,1378,6626,0.634017506791428,1995,7889,733,1341,99,4511,80,1107,41,80
"296","2020-04-14",455,4,293,1373,6626,0.634017506791428,1995,7889,733,1341,114,4625,45,1152,62,45
"297","2020-04-15",457,4,279,1350,6626,0.634017506791428,1995,7889,733,1341,95,4720,47,1199,38,47
"298","2020-04-16",441,4,242,1322,6626,0.634017506791428,1995,7889,733,1341,101,4821,27,1226,48,27
"299","2020-04-17",418,4,261,1286,6626,0.634017506791428,1995,7889,733,1341,114,4935,25,1251,47,25
"300","2020-04-18",430,4,276,1262,6626,0.634017506791428,1995,7889,733,1341,90,5025,14,1265,40,14
"301","2020-04-19",425,4,272,1230,6626,0.634017506791428,1995,7889,733,1341,101,5126,21,1286,46,21
"302","2020-04-20",413,4,245,1243,6626,0.634017506791428,1995,7889,733,1341,86,5212,20,1306,35,20
"303","2020-04-21",407,4,230,1214,6626,0.634017506791428,1995,7889,733,1341,74,5286,41,1347,35,41
"304","2020-04-22",392,4,203,1180,6626,0.634017506791428,1995,7889,733,1341,70,5356,39,1386,24,39
"305","2020-04-23",395,4,213,1129,6626,0.634017506791428,1995,7889,733,1341,77,5433,30,1416,28,30
"306","2020-04-24",415,4,250,1102,6626,0.634017506791428,1995,7889,733,1341,65,5498,37,1453,27,37
"307","2020-04-25",440,4,259,1049,6626,0.634017506791428,1995,7889,733,1341,63,5561,32,1485,29,32
"308","2020-04-26",405,4,248,1024,6626,0.634017506791428,1995,7889,733,1341,86,5647,27,1512,34,27
"309","2020-04-27",378,4,216,1002,6626,0.634017506791428,1995,7889,733,1341,62,5709,22,1534,20,22
"310","2020-04-28",363,4,221,962,6626,0.634017506791428,1995,7889,733,1341,61,5770,8,1542,26,8
"311","2020-04-29",365,4,204,907,6626,0.634017506791428,1995,7889,733,1341,70,5840,13,1555,28,13
"312","2020-04-30",353,4,220,868,6626,0.634017506791428,1995,7889,733,1341,62,5902,19,1574,24,19
"313","2020-05-01",347,4,226,815,6626,0.634017506791428,1995,7889,733,1341,63,5965,16,1590,27,16
"314","2020-05-02",306,4,211,775,6626,0.634017506791428,1995,7889,733,1341,47,6012,5,1595,18,5
"315","2020-05-03",264,4,197,720,6626,0.634017506791428,1995,7889,733,1341,41,6053,12,1607,13,12
"316","2020-05-04",263,4,185,695,6626,0.634017506791428,1995,7889,733,1341,32,6085,11,1618,18,11
"317","2020-05-05",260,4,187,666,6626,0.634017506791428,1995,7889,733,1341,42,6127,9,1627,13,9
"318","2020-05-06",239,4,163,634,6626,0.634017506791428,1995,7889,733,1341,59,6186,41,1668,23,41
"319","2020-05-07",233,4,153,610,6626,0.634017506791428,1995,7889,733,1341,46,6232,33,1701,22,33
"320","2020-05-08",209,4,154,582,6626,0.634017506791428,1995,7889,733,1341,53,6285,23,1724,25,23
"321","2020-05-09",208,4,201,550,6626,0.634017506791428,1995,7889,733,1341,36,6321,25,1749,9,25
"322","2020-05-10",199,4,207,544,6626,0.634017506791428,1995,7889,733,1341,47,6368,18,1767,15,18
"323","2020-05-11",193,4,188,518,6626,0.634017506791428,1995,7889,733,1341,24,6392,17,1784,4,17
"324","2020-05-12",182,4,247,503,6626,0.634017506791428,1995,7889,733,1341,37,6429,15,1799,15,15
"325","2020-05-13",179,4,317,493,6626,0.634017506791428,1995,7889,733,1341,26,6455,11,1810,8,11
"326","2020-05-14",166,4,346,475,6626,0.634017506791428,1995,7889,733,1341,34,6489,23,1833,12,23
"327","2020-05-15",170,4,319,462,6626,0.634017506791428,1995,7889,733,1341,51,6540,77,1910,14,77
"328","2020-05-16",165,4,294,441,6626,0.634017506791428,1995,7889,733,1341,34,6574,51,1961,6,51
"329","2020-05-17",152,4,276,432,6626,0.634017506791428,1995,7889,733,1341,42,6616,25,1986,18,25
"330","2020-05-18",142,4,272,399,6626,0.634017506791428,1995,7889,733,1341,26,6642,20,2006,7,20
"331","2020-05-19",137,4,296,370,6626,0.634017506791428,1995,7889,733,1341,27,6669,19,2025,11,19
"332","2020-05-20",127,4,297,352,6626,0.634017506791428,1995,7889,733,1341,24,6693,14,2039,6,14
"333","2020-05-21",127,4,283,334,6626,0.634017506791428,1995,7889,733,1341,19,6712,37,2076,6,37
"334","2020-05-22",119,4,275,316,6626,0.634017506791428,1995,7889,733,1341,17,6729,44,2120,5,44
"335","2020-05-23",119,4,256,303,6626,0.634017506791428,1995,7889,733,1341,19,6748,25,2145,8,25
"336","2020-05-24",100,4,225,298,6626,0.634017506791428,1995,7889,733,1341,18,6766,21,2166,6,21
"337","2020-05-25",96,4,195,287,6626,0.634017506791428,1995,7889,733,1341,17,6783,28,2194,5,28
"338","2020-05-26",88,4,180,281,6626,0.634017506791428,1995,7889,733,1341,20,6803,13,2207,5,13
"339","2020-05-27",87,4,197,276,6626,0.634017506791428,1995,7889,733,1341,16,6819,46,2253,6,46
"340","2020-05-28",86,4,187,264,6626,0.634017506791428,1995,7889,733,1341,18,6837,29,2282,7,29
"341","2020-05-29",80,4,184,263,6626,0.634017506791428,1995,7889,733,1341,11,6848,45,2327,4,45
"342","2020-05-30",80,4,173,253,6626,0.634017506791428,1995,7889,733,1341,20,6868,29,2356,4,29
"343","2020-05-31",89,4,148,240,6626,0.634017506791428,1995,7889,733,1341,13,6881,33,2389,4,33
"344","2020-06-01",90,4,152,226,6626,0.634017506791428,1995,7889,733,1341,13,6894,14,2403,7,14
"345","2020-06-02",91,4,174,220,6626,0.634017506791428,1995,7889,733,1341,18,6912,22,2425,5,22
"346","2020-06-03",91,4,164,205,6626,0.634017506791428,1995,7889,733,1341,18,6930,32,2457,6,32
"347","2020-06-04",87,4,167,180,6626,0.634017506791428,1995,7889,733,1341,13,6943,29,2486,7,29
"348","2020-06-05",85,4,202,174,6626,0.634017506791428,1995,7889,733,1341,12,6955,63,2549,6,63
"349","2020-06-06",80,4,212,174,6626,0.634017506791428,1995,7889,733,1341,10,6965,40,2589,2,40
"350","2020-06-07",65,4,197,173,6626,0.634017506791428,1995,7889,733,1341,14,6979,19,2608,5,19
"351","2020-03-13",6,5,64,154,7095,0.522198731501057,2115,8835,770,893,39,109,14,88,10,14
"352","2020-03-14",17,5,77,223,7095,0.522198731501057,2115,8835,770,893,45,154,17,105,16,17
"353","2020-03-15",35,5,99,290,7095,0.522198731501057,2115,8835,770,893,59,213,14,119,33,14
"354","2020-03-16",43,5,126,348,7095,0.522198731501057,2115,8835,770,893,46,259,18,137,24,18
"355","2020-03-17",51,5,136,421,7095,0.522198731501057,2115,8835,770,893,78,337,41,178,51,41
"356","2020-03-18",59,5,142,494,7095,0.522198731501057,2115,8835,770,893,78,415,43,221,50,43
"357","2020-03-19",83,5,131,578,7095,0.522198731501057,2115,8835,770,893,90,505,57,278,65,57
"358","2020-03-20",142,5,131,660,7095,0.522198731501057,2115,8835,770,893,98,603,46,324,61,46
"359","2020-03-21",183,5,117,748,7095,0.522198731501057,2115,8835,770,893,111,714,33,357,77,33
"360","2020-03-22",201,5,108,827,7095,0.522198731501057,2115,8835,770,893,143,857,27,384,113,27
"361","2020-03-23",208,5,113,914,7095,0.522198731501057,2115,8835,770,893,131,988,24,408,107,24
"362","2020-03-24",222,5,106,995,7095,0.522198731501057,2115,8835,770,893,115,1103,25,433,93,25
"363","2020-03-25",252,5,114,1084,7095,0.522198731501057,2115,8835,770,893,139,1242,33,466,120,33
"364","2020-03-26",265,5,93,1130,7095,0.522198731501057,2115,8835,770,893,156,1398,52,518,139,52
"365","2020-03-27",335,5,120,1193,7095,0.522198731501057,2115,8835,770,893,155,1553,35,553,131,35
"366","2020-03-28",354,5,157,1260,7095,0.522198731501057,2115,8835,770,893,201,1754,40,593,179,40
"367","2020-03-29",390,5,184,1322,7095,0.522198731501057,2115,8835,770,893,178,1932,48,641,158,48
"368","2020-03-30",393,5,196,1366,7095,0.522198731501057,2115,8835,770,893,210,2142,24,665,185,24
"369","2020-03-31",382,5,197,1392,7095,0.522198731501057,2115,8835,770,893,207,2349,54,719,183,54
"370","2020-04-01",396,5,205,1434,7095,0.522198731501057,2115,8835,770,893,218,2567,32,751,198,32
"371","2020-04-02",407,5,227,1477,7095,0.522198731501057,2115,8835,770,893,219,2786,35,786,192,35
"372","2020-04-03",499,5,218,1497,7095,0.522198731501057,2115,8835,770,893,210,2996,20,806,191,20
"373","2020-04-04",524,5,214,1544,7095,0.522198731501057,2115,8835,770,893,204,3200,18,824,175,18
"374","2020-04-05",487,5,203,1592,7095,0.522198731501057,2115,8835,770,893,216,3416,22,846,187,22
"375","2020-04-06",495,5,229,1636,7095,0.522198731501057,2115,8835,770,893,201,3617,27,873,179,27
"376","2020-04-07",496,5,212,1642,7095,0.522198731501057,2115,8835,770,893,176,3793,45,918,160,45
"377","2020-04-08",495,5,183,1619,7095,0.522198731501057,2115,8835,770,893,179,3972,43,961,153,43
"378","2020-04-09",517,5,177,1632,7095,0.522198731501057,2115,8835,770,893,190,4162,32,993,177,32
"379","2020-04-10",567,5,193,1608,7095,0.522198731501057,2115,8835,770,893,147,4309,28,1021,132,28
"380","2020-04-11",542,5,227,1628,7095,0.522198731501057,2115,8835,770,893,180,4489,12,1033,157,12
"381","2020-04-12",515,5,225,1578,7095,0.522198731501057,2115,8835,770,893,152,4641,19,1052,135,19
"382","2020-04-13",523,5,199,1575,7095,0.522198731501057,2115,8835,770,893,136,4777,17,1069,120,17
"383","2020-04-14",533,5,194,1569,7095,0.522198731501057,2115,8835,770,893,150,4927,21,1090,130,21
"384","2020-04-15",529,5,188,1529,7095,0.522198731501057,2115,8835,770,893,90,5017,18,1108,76,18
"385","2020-04-16",508,5,232,1494,7095,0.522198731501057,2115,8835,770,893,112,5129,14,1122,103,14
"386","2020-04-17",537,5,243,1475,7095,0.522198731501057,2115,8835,770,893,95,5224,19,1141,82,19
"387","2020-04-18",560,5,237,1444,7095,0.522198731501057,2115,8835,770,893,81,5305,25,1166,61,25
"388","2020-04-19",493,5,257,1408,7095,0.522198731501057,2115,8835,770,893,85,5390,28,1194,70,28
"389","2020-04-20",492,5,236,1360,7095,0.522198731501057,2115,8835,770,893,77,5467,37,1231,63,37
"390","2020-04-21",468,5,222,1301,7095,0.522198731501057,2115,8835,770,893,62,5529,35,1266,52,35
"391","2020-04-22",465,5,227,1252,7095,0.522198731501057,2115,8835,770,893,62,5591,35,1301,54,35
"392","2020-04-23",467,5,247,1193,7095,0.522198731501057,2115,8835,770,893,51,5642,36,1337,42,36
"393","2020-04-24",431,5,271,1147,7095,0.522198731501057,2115,8835,770,893,60,5702,25,1362,44,25
"394","2020-04-25",405,5,251,1103,7095,0.522198731501057,2115,8835,770,893,40,5742,43,1405,26,43
"395","2020-04-26",388,5,282,1049,7095,0.522198731501057,2115,8835,770,893,48,5790,28,1433,39,28
"396","2020-04-27",358,5,302,987,7095,0.522198731501057,2115,8835,770,893,39,5829,30,1463,27,30
"397","2020-04-28",355,5,328,929,7095,0.522198731501057,2115,8835,770,893,34,5863,21,1484,18,21
"398","2020-04-29",350,5,301,884,7095,0.522198731501057,2115,8835,770,893,29,5892,22,1506,19,22
"399","2020-04-30",323,5,284,845,7095,0.522198731501057,2115,8835,770,893,36,5928,35,1541,23,35
"400","2020-05-01",299,5,291,796,7095,0.522198731501057,2115,8835,770,893,24,5952,24,1565,16,24
"401","2020-05-02",297,5,292,755,7095,0.522198731501057,2115,8835,770,893,27,5979,22,1587,14,22
"402","2020-05-03",267,5,263,713,7095,0.522198731501057,2115,8835,770,893,26,6005,24,1611,9,24
"403","2020-05-04",251,5,251,685,7095,0.522198731501057,2115,8835,770,893,26,6031,13,1624,9,13
"404","2020-05-05",234,5,236,662,7095,0.522198731501057,2115,8835,770,893,28,6059,9,1633,15,9
"405","2020-05-06",218,5,231,617,7095,0.522198731501057,2115,8835,770,893,30,6089,32,1665,22,32
"406","2020-05-07",210,5,216,593,7095,0.522198731501057,2115,8835,770,893,19,6108,37,1702,11,37
"407","2020-05-08",197,5,193,570,7095,0.522198731501057,2115,8835,770,893,20,6128,35,1737,7,35
"408","2020-05-09",194,5,173,557,7095,0.522198731501057,2115,8835,770,893,20,6148,20,1757,10,20
"409","2020-05-10",189,5,177,540,7095,0.522198731501057,2115,8835,770,893,20,6168,21,1778,12,21
"410","2020-05-11",184,5,172,521,7095,0.522198731501057,2115,8835,770,893,13,6181,15,1793,9,15
"411","2020-05-12",174,5,166,494,7095,0.522198731501057,2115,8835,770,893,24,6205,18,1811,12,18
"412","2020-05-13",165,5,182,482,7095,0.522198731501057,2115,8835,770,893,18,6223,32,1843,10,32
"413","2020-05-14",164,5,204,457,7095,0.522198731501057,2115,8835,770,893,13,6236,14,1857,6,14
"414","2020-05-15",152,5,215,425,7095,0.522198731501057,2115,8835,770,893,15,6251,22,1879,6,22
"415","2020-05-16",139,5,217,402,7095,0.522198731501057,2115,8835,770,893,17,6268,35,1914,9,35
"416","2020-05-17",131,5,206,370,7095,0.522198731501057,2115,8835,770,893,8,6276,21,1935,3,21
"417","2020-05-18",127,5,210,364,7095,0.522198731501057,2115,8835,770,893,10,6286,18,1953,5,18
"418","2020-05-19",124,5,229,337,7095,0.522198731501057,2115,8835,770,893,15,6301,42,1995,3,42
"419","2020-05-20",122,5,228,320,7095,0.522198731501057,2115,8835,770,893,11,6312,20,2015,4,20
"420","2020-05-21",116,5,215,309,7095,0.522198731501057,2115,8835,770,893,10,6322,24,2039,6,24
"421","2020-05-22",109,5,177,297,7095,0.522198731501057,2115,8835,770,893,11,6333,21,2060,2,21
"422","2020-05-23",105,5,166,280,7095,0.522198731501057,2115,8835,770,893,15,6348,16,2076,3,16
"423","2020-05-24",107,5,151,261,7095,0.522198731501057,2115,8835,770,893,12,6360,34,2110,3,34
"424","2020-05-25",100,5,143,239,7095,0.522198731501057,2115,8835,770,893,9,6369,23,2133,2,23
"425","2020-05-26",94,5,155,232,7095,0.522198731501057,2115,8835,770,893,8,6377,20,2153,2,20
"426","2020-05-27",85,5,182,215,7095,0.522198731501057,2115,8835,770,893,14,6391,17,2170,3,17
"427","2020-05-28",81,5,201,210,7095,0.522198731501057,2115,8835,770,893,12,6403,24,2194,5,24
"428","2020-05-29",73,5,199,195,7095,0.522198731501057,2115,8835,770,893,11,6414,29,2223,6,29
"429","2020-05-30",68,5,206,176,7095,0.522198731501057,2115,8835,770,893,6,6420,34,2257,3,34
"430","2020-05-31",49,5,205,162,7095,0.522198731501057,2115,8835,770,893,8,6428,35,2292,2,35
"431","2020-06-01",46,5,222,158,7095,0.522198731501057,2115,8835,770,893,6,6434,34,2326,2,34
"432","2020-06-02",34,5,196,162,7095,0.522198731501057,2115,8835,770,893,7,6441,59,2385,5,59
"433","2020-06-03",36,5,185,155,7095,0.522198731501057,2115,8835,770,893,7,6448,36,2421,3,36
"434","2020-06-04",35,5,171,157,7095,0.522198731501057,2115,8835,770,893,7,6455,37,2458,4,37
"435","2020-06-05",45,5,180,152,7095,0.522198731501057,2115,8835,770,893,13,6468,21,2479,4,21
"436","2020-06-06",46,5,165,151,7095,0.522198731501057,2115,8835,770,893,3,6471,33,2512,1,33
"437","2020-06-07",44,5,167,150,7095,0.522198731501057,2115,8835,770,893,4,6475,21,2533,3,21
"438","2020-03-13",3,6,164,162,7166,0.648618476137315,2010,8242,701,1841,64,158,10,50,9,10
"439","2020-03-14",22,6,196,234,7166,0.648618476137315,2010,8242,701,1841,58,216,15,65,13,15
"440","2020-03-15",27,6,231,309,7166,0.648618476137315,2010,8242,701,1841,67,283,55,120,21,55
"441","2020-03-16",24,6,234,398,7166,0.648618476137315,2010,8242,701,1841,69,352,45,165,35,45
"442","2020-03-17",41,6,260,496,7166,0.648618476137315,2010,8242,701,1841,87,439,59,224,46,59
"443","2020-03-18",57,6,263,607,7166,0.648618476137315,2010,8242,701,1841,95,534,39,263,51,39
"444","2020-03-19",77,6,248,711,7166,0.648618476137315,2010,8242,701,1841,125,659,19,282,78,19
"445","2020-03-20",141,6,250,793,7166,0.648618476137315,2010,8242,701,1841,116,775,25,307,71,25
"446","2020-03-21",169,6,245,914,7166,0.648618476137315,2010,8242,701,1841,152,927,44,351,99,44
"447","2020-03-22",232,6,216,1024,7166,0.648618476137315,2010,8242,701,1841,151,1078,71,422,108,71
"448","2020-03-23",251,6,222,1107,7166,0.648618476137315,2010,8242,701,1841,136,1214,26,448,88,26
"449","2020-03-24",264,6,245,1194,7166,0.648618476137315,2010,8242,701,1841,173,1387,56,504,119,56
"450","2020-03-25",290,6,239,1296,7166,0.648618476137315,2010,8242,701,1841,151,1538,26,530,107,26
"451","2020-03-26",325,6,226,1381,7166,0.648618476137315,2010,8242,701,1841,155,1693,32,562,100,32
"452","2020-03-27",417,6,218,1411,7166,0.648618476137315,2010,8242,701,1841,162,1855,25,587,119,25
"453","2020-03-28",476,6,208,1437,7166,0.648618476137315,2010,8242,701,1841,180,2035,29,616,132,29
"454","2020-03-29",458,6,222,1519,7166,0.648618476137315,2010,8242,701,1841,180,2215,16,632,139,16
"455","2020-03-30",468,6,233,1578,7166,0.648618476137315,2010,8242,701,1841,165,2380,18,650,128,18
"456","2020-03-31",480,6,223,1616,7166,0.648618476137315,2010,8242,701,1841,174,2554,65,715,129,65
"457","2020-04-01",494,6,192,1637,7166,0.648618476137315,2010,8242,701,1841,199,2753,74,789,142,74
"458","2020-04-02",484,6,190,1654,7166,0.648618476137315,2010,8242,701,1841,155,2908,50,839,108,50
"459","2020-04-03",551,6,183,1657,7166,0.648618476137315,2010,8242,701,1841,155,3063,29,868,120,29
"460","2020-04-04",545,6,170,1642,7166,0.648618476137315,2010,8242,701,1841,143,3206,65,933,98,65
"461","2020-04-05",473,6,169,1668,7166,0.648618476137315,2010,8242,701,1841,176,3382,40,973,133,40
"462","2020-04-06",475,6,185,1670,7166,0.648618476137315,2010,8242,701,1841,160,3542,26,999,125,26
"463","2020-04-07",490,6,215,1679,7166,0.648618476137315,2010,8242,701,1841,138,3680,14,1013,96,14
"464","2020-04-08",492,6,207,1659,7166,0.648618476137315,2010,8242,701,1841,139,3819,13,1026,111,13
"465","2020-04-09",517,6,196,1619,7166,0.648618476137315,2010,8242,701,1841,150,3969,18,1044,117,18
"466","2020-04-10",562,6,219,1597,7166,0.648618476137315,2010,8242,701,1841,134,4103,10,1054,94,10
"467","2020-04-11",566,6,228,1561,7166,0.648618476137315,2010,8242,701,1841,118,4221,15,1069,85,15
"468","2020-04-12",550,6,222,1532,7166,0.648618476137315,2010,8242,701,1841,104,4325,41,1110,75,41
"469","2020-04-13",546,6,237,1503,7166,0.648618476137315,2010,8242,701,1841,114,4439,23,1133,80,23
"470","2020-04-14",528,6,239,1435,7166,0.648618476137315,2010,8242,701,1841,81,4520,62,1195,47,62
"471","2020-04-15",517,6,203,1399,7166,0.648618476137315,2010,8242,701,1841,97,4617,27,1222,67,27
"472","2020-04-16",497,6,212,1376,7166,0.648618476137315,2010,8242,701,1841,86,4703,23,1245,50,23
"473","2020-04-17",492,6,225,1334,7166,0.648618476137315,2010,8242,701,1841,65,4768,12,1257,42,12
"474","2020-04-18",470,6,234,1296,7166,0.648618476137315,2010,8242,701,1841,79,4847,9,1266,48,9
"475","2020-04-19",454,6,236,1244,7166,0.648618476137315,2010,8242,701,1841,75,4922,5,1271,39,5
"476","2020-04-20",446,6,239,1177,7166,0.648618476137315,2010,8242,701,1841,81,5003,23,1294,54,23
"477","2020-04-21",432,6,242,1123,7166,0.648618476137315,2010,8242,701,1841,84,5087,14,1308,53,14
"478","2020-04-22",424,6,232,1096,7166,0.648618476137315,2010,8242,701,1841,72,5159,48,1356,46,48
"479","2020-04-23",415,6,263,1050,7166,0.648618476137315,2010,8242,701,1841,69,5228,25,1381,39,25
"480","2020-04-24",369,6,251,1010,7166,0.648618476137315,2010,8242,701,1841,63,5291,17,1398,32,17
"481","2020-04-25",376,6,253,962,7166,0.648618476137315,2010,8242,701,1841,52,5343,16,1414,23,16
"482","2020-04-26",336,6,240,917,7166,0.648618476137315,2010,8242,701,1841,58,5401,33,1447,29,33
"483","2020-04-27",322,6,232,889,7166,0.648618476137315,2010,8242,701,1841,46,5447,15,1462,22,15
"484","2020-04-28",310,6,209,864,7166,0.648618476137315,2010,8242,701,1841,48,5495,13,1475,25,13
"485","2020-04-29",304,6,213,819,7166,0.648618476137315,2010,8242,701,1841,47,5542,25,1500,22,25
"486","2020-04-30",288,6,227,791,7166,0.648618476137315,2010,8242,701,1841,51,5593,49,1549,20,49
"487","2020-05-01",286,6,230,746,7166,0.648618476137315,2010,8242,701,1841,50,5643,38,1587,25,38
"488","2020-05-02",296,6,219,722,7166,0.648618476137315,2010,8242,701,1841,48,5691,32,1619,26,32
"489","2020-05-03",287,6,212,675,7166,0.648618476137315,2010,8242,701,1841,37,5728,73,1692,16,73
"490","2020-05-04",262,6,192,648,7166,0.648618476137315,2010,8242,701,1841,30,5758,38,1730,11,38
"491","2020-05-05",251,6,167,620,7166,0.648618476137315,2010,8242,701,1841,42,5800,45,1775,22,45
"492","2020-05-06",237,6,169,577,7166,0.648618476137315,2010,8242,701,1841,33,5833,34,1809,17,34
"493","2020-05-07",235,6,183,528,7166,0.648618476137315,2010,8242,701,1841,40,5873,22,1831,21,22
"494","2020-05-08",222,6,202,512,7166,0.648618476137315,2010,8242,701,1841,38,5911,23,1854,15,23
"495","2020-05-09",193,6,194,485,7166,0.648618476137315,2010,8242,701,1841,37,5948,15,1869,15,15
"496","2020-05-10",170,6,169,474,7166,0.648618476137315,2010,8242,701,1841,39,5987,46,1915,23,46
"497","2020-05-11",156,6,218,454,7166,0.648618476137315,2010,8242,701,1841,27,6014,34,1949,14,34
"498","2020-05-12",143,6,234,422,7166,0.648618476137315,2010,8242,701,1841,26,6040,23,1972,8,23
"499","2020-05-13",144,6,292,414,7166,0.648618476137315,2010,8242,701,1841,26,6066,12,1984,5,12
"500","2020-05-14",133,6,289,409,7166,0.648618476137315,2010,8242,701,1841,30,6096,14,1998,8,14
"501","2020-05-15",135,6,284,416,7166,0.648618476137315,2010,8242,701,1841,22,6118,12,2010,11,12
"502","2020-05-16",143,6,258,406,7166,0.648618476137315,2010,8242,701,1841,20,6138,21,2031,12,21
"503","2020-05-17",143,6,238,413,7166,0.648618476137315,2010,8242,701,1841,22,6160,14,2045,7,14
"504","2020-05-18",140,6,234,410,7166,0.648618476137315,2010,8242,701,1841,30,6190,13,2058,6,13
"505","2020-05-19",141,6,233,391,7166,0.648618476137315,2010,8242,701,1841,24,6214,22,2080,8,22
"506","2020-05-20",130,6,219,369,7166,0.648618476137315,2010,8242,701,1841,16,6230,44,2124,4,44
"507","2020-05-21",137,6,232,346,7166,0.648618476137315,2010,8242,701,1841,20,6250,34,2158,8,34
"508","2020-05-22",133,6,223,338,7166,0.648618476137315,2010,8242,701,1841,21,6271,12,2170,7,12
"509","2020-05-23",125,6,210,316,7166,0.648618476137315,2010,8242,701,1841,26,6297,12,2182,11,12
"510","2020-05-24",113,6,207,293,7166,0.648618476137315,2010,8242,701,1841,10,6307,38,2220,3,38
"511","2020-05-25",111,6,204,292,7166,0.648618476137315,2010,8242,701,1841,20,6327,24,2244,4,24
"512","2020-05-26",109,6,212,291,7166,0.648618476137315,2010,8242,701,1841,16,6343,34,2278,8,34
"513","2020-05-27",107,6,212,262,7166,0.648618476137315,2010,8242,701,1841,16,6359,45,2323,4,45
"514","2020-05-28",92,6,206,240,7166,0.648618476137315,2010,8242,701,1841,12,6371,44,2367,4,44
"515","2020-05-29",81,6,228,226,7166,0.648618476137315,2010,8242,701,1841,12,6383,34,2401,7,34
"516","2020-05-30",76,6,205,220,7166,0.648618476137315,2010,8242,701,1841,10,6393,36,2437,1,36
"517","2020-05-31",67,6,188,212,7166,0.648618476137315,2010,8242,701,1841,13,6406,39,2476,3,39
"518","2020-06-01",61,6,180,206,7166,0.648618476137315,2010,8242,701,1841,11,6417,36,2512,1,36
"519","2020-06-02",59,6,199,197,7166,0.648618476137315,2010,8242,701,1841,6,6423,25,2537,NA,25
"520","2020-06-03",64,6,223,195,7166,0.648618476137315,2010,8242,701,1841,10,6433,41,2578,3,41
"521","2020-06-04",67,6,223,182,7166,0.648618476137315,2010,8242,701,1841,13,6446,51,2629,3,51
"522","2020-06-05",70,6,222,175,7166,0.648618476137315,2010,8242,701,1841,10,6456,42,2671,NA,42
"523","2020-06-06",65,6,236,167,7166,0.648618476137315,2010,8242,701,1841,4,6460,45,2716,2,45
"524","2020-06-07",63,6,222,160,7166,0.648618476137315,2010,8242,701,1841,12,6472,47,2763,3,47
"525","2020-03-12",1,7,63,180,8148,0.285223367697594,2070,9197,865,887,44,63,48,90,6,48
"526","2020-03-13",8,7,57,281,8148,0.285223367697594,2070,9197,865,887,37,100,21,111,15,21
"527","2020-03-14",34,7,52,385,8148,0.285223367697594,2070,9197,865,887,52,152,15,126,24,15
"528","2020-03-15",63,7,60,496,8148,0.285223367697594,2070,9197,865,887,44,196,6,132,25,6
"529","2020-03-16",77,7,83,609,8148,0.285223367697594,2070,9197,865,887,66,262,4,136,35,4
"530","2020-03-17",98,7,97,726,8148,0.285223367697594,2070,9197,865,887,72,334,12,148,45,12
"531","2020-03-18",120,7,112,838,8148,0.285223367697594,2070,9197,865,887,72,406,52,200,46,52
"532","2020-03-19",145,7,112,937,8148,0.285223367697594,2070,9197,865,887,123,529,25,225,91,25
"533","2020-03-20",224,7,103,1048,8148,0.285223367697594,2070,9197,865,887,98,627,18,243,62,18
"534","2020-03-21",288,7,100,1155,8148,0.285223367697594,2070,9197,865,887,124,751,12,255,96,12
"535","2020-03-22",320,7,124,1236,8148,0.285223367697594,2070,9197,865,887,108,859,4,259,96,4
"536","2020-03-23",338,7,125,1315,8148,0.285223367697594,2070,9197,865,887,119,978,3,262,99,3
"537","2020-03-24",350,7,152,1368,8148,0.285223367697594,2070,9197,865,887,136,1114,8,270,102,8
"538","2020-03-25",377,7,171,1439,8148,0.285223367697594,2070,9197,865,887,172,1286,48,318,135,48
"539","2020-03-26",399,7,188,1460,8148,0.285223367697594,2070,9197,865,887,129,1415,26,344,113,26
"540","2020-03-27",498,7,196,1499,8148,0.285223367697594,2070,9197,865,887,168,1583,27,371,145,27
"541","2020-03-28",518,7,211,1518,8148,0.285223367697594,2070,9197,865,887,179,1762,35,406,149,35
"542","2020-03-29",480,7,241,1521,8148,0.285223367697594,2070,9197,865,887,189,1951,18,424,156,18
"543","2020-03-30",468,7,231,1560,8148,0.285223367697594,2070,9197,865,887,190,2141,5,429,161,5
"544","2020-03-31",479,7,202,1574,8148,0.285223367697594,2070,9197,865,887,178,2319,9,438,155,9
"545","2020-04-01",490,7,190,1577,8148,0.285223367697594,2070,9197,865,887,210,2529,5,443,183,5
"546","2020-04-02",498,7,171,1567,8148,0.285223367697594,2070,9197,865,887,184,2713,8,451,159,8
"547","2020-04-03",529,7,148,1560,8148,0.285223367697594,2070,9197,865,887,183,2896,24,475,169,24
"548","2020-04-04",510,7,146,1554,8148,0.285223367697594,2070,9197,865,887,195,3091,11,486,174,11
"549","2020-04-05",527,7,198,1530,8148,0.285223367697594,2070,9197,865,887,147,3238,12,498,122,12
"550","2020-04-06",521,7,232,1535,8148,0.285223367697594,2070,9197,865,887,143,3381,15,513,123,15
"551","2020-04-07",506,7,233,1517,8148,0.285223367697594,2070,9197,865,887,164,3545,59,572,144,59
"552","2020-04-08",497,7,229,1497,8148,0.285223367697594,2070,9197,865,887,156,3701,47,619,138,47
"553","2020-04-09",486,7,227,1488,8148,0.285223367697594,2070,9197,865,887,157,3858,38,657,138,38
"554","2020-04-10",570,7,187,1445,8148,0.285223367697594,2070,9197,865,887,178,4036,73,730,158,73
"555","2020-04-11",570,7,184,1415,8148,0.285223367697594,2070,9197,865,887,131,4167,57,787,120,57
"556","2020-04-12",473,7,174,1387,8148,0.285223367697594,2070,9197,865,887,120,4287,27,814,97,27
"557","2020-04-13",464,7,198,1366,8148,0.285223367697594,2070,9197,865,887,119,4406,30,844,102,30
"558","2020-04-14",445,7,185,1342,8148,0.285223367697594,2070,9197,865,887,106,4512,23,867,94,23
"559","2020-04-15",436,7,175,1353,8148,0.285223367697594,2070,9197,865,887,86,4598,13,880,71,13
"560","2020-04-16",436,7,165,1325,8148,0.285223367697594,2070,9197,865,887,105,4703,4,884,90,4
"561","2020-04-17",386,7,162,1303,8148,0.285223367697594,2070,9197,865,887,84,4787,13,897,65,13
"562","2020-04-18",421,7,160,1294,8148,0.285223367697594,2070,9197,865,887,116,4903,9,906,104,9
"563","2020-04-19",406,7,199,1267,8148,0.285223367697594,2070,9197,865,887,80,4983,14,920,72,14
"564","2020-04-20",395,7,235,1224,8148,0.285223367697594,2070,9197,865,887,89,5072,15,935,70,15
"565","2020-04-21",386,7,230,1205,8148,0.285223367697594,2070,9197,865,887,67,5139,11,946,50,11
"566","2020-04-22",389,7,231,1184,8148,0.285223367697594,2070,9197,865,887,74,5213,9,955,60,9
"567","2020-04-23",387,7,233,1159,8148,0.285223367697594,2070,9197,865,887,79,5292,8,963,67,8
"568","2020-04-24",434,7,255,1132,8148,0.285223367697594,2070,9197,865,887,49,5341,10,973,34,10
"569","2020-04-25",392,7,250,1078,8148,0.285223367697594,2070,9197,865,887,56,5397,7,980,45,7
"570","2020-04-26",379,7,259,1070,8148,0.285223367697594,2070,9197,865,887,44,5441,43,1023,32,43
"571","2020-04-27",372,7,264,1034,8148,0.285223367697594,2070,9197,865,887,56,5497,24,1047,40,24
"572","2020-04-28",365,7,291,1015,8148,0.285223367697594,2070,9197,865,887,39,5536,11,1058,28,11
"573","2020-04-29",350,7,272,992,8148,0.285223367697594,2070,9197,865,887,41,5577,11,1069,29,11
"574","2020-04-30",339,7,248,941,8148,0.285223367697594,2070,9197,865,887,37,5614,8,1077,27,8
"575","2020-05-01",332,7,254,909,8148,0.285223367697594,2070,9197,865,887,36,5650,10,1087,24,10
"576","2020-05-02",327,7,240,872,8148,0.285223367697594,2070,9197,865,887,41,5691,16,1103,27,16
"577","2020-05-03",278,7,218,855,8148,0.285223367697594,2070,9197,865,887,26,5717,15,1118,15,15
"578","2020-05-04",268,7,204,807,8148,0.285223367697594,2070,9197,865,887,33,5750,23,1141,20,23
"579","2020-05-05",267,7,229,784,8148,0.285223367697594,2070,9197,865,887,32,5782,17,1158,19,17
"580","2020-05-06",264,7,260,747,8148,0.285223367697594,2070,9197,865,887,24,5806,13,1171,13,13
"581","2020-05-07",254,7,234,733,8148,0.285223367697594,2070,9197,865,887,25,5831,7,1178,17,7
"582","2020-05-08",228,7,223,684,8148,0.285223367697594,2070,9197,865,887,31,5862,15,1193,20,15
"583","2020-05-09",250,7,215,659,8148,0.285223367697594,2070,9197,865,887,18,5880,31,1224,11,31
"584","2020-05-10",243,7,251,665,8148,0.285223367697594,2070,9197,865,887,28,5908,19,1243,12,19
"585","2020-05-11",231,7,255,632,8148,0.285223367697594,2070,9197,865,887,18,5926,13,1256,11,13
"586","2020-05-12",216,7,275,621,8148,0.285223367697594,2070,9197,865,887,17,5943,14,1270,8,14
"587","2020-05-13",201,7,293,588,8148,0.285223367697594,2070,9197,865,887,19,5962,16,1286,7,16
"588","2020-05-14",202,7,269,569,8148,0.285223367697594,2070,9197,865,887,19,5981,9,1295,9,9
"589","2020-05-15",202,7,229,554,8148,0.285223367697594,2070,9197,865,887,13,5994,15,1310,6,15
"590","2020-05-16",190,7,205,531,8148,0.285223367697594,2070,9197,865,887,18,6012,12,1322,10,12
"591","2020-05-17",168,7,183,499,8148,0.285223367697594,2070,9197,865,887,20,6032,6,1328,11,6
"592","2020-05-18",165,7,173,471,8148,0.285223367697594,2070,9197,865,887,18,6050,13,1341,10,13
"593","2020-05-19",160,7,180,454,8148,0.285223367697594,2070,9197,865,887,26,6076,60,1401,14,60
"594","2020-05-20",165,7,163,443,8148,0.285223367697594,2070,9197,865,887,17,6093,28,1429,9,28
"595","2020-05-21",156,7,171,435,8148,0.285223367697594,2070,9197,865,887,8,6101,22,1451,4,22
"596","2020-05-22",146,7,196,417,8148,0.285223367697594,2070,9197,865,887,22,6123,20,1471,12,20
"597","2020-05-23",123,7,210,387,8148,0.285223367697594,2070,9197,865,887,7,6130,13,1484,3,13
"598","2020-05-24",113,7,227,361,8148,0.285223367697594,2070,9197,865,887,7,6137,13,1497,5,13
"599","2020-05-25",110,7,235,344,8148,0.285223367697594,2070,9197,865,887,12,6149,46,1543,5,46
"600","2020-05-26",115,7,224,326,8148,0.285223367697594,2070,9197,865,887,11,6160,26,1569,7,26
"601","2020-05-27",110,7,196,311,8148,0.285223367697594,2070,9197,865,887,13,6173,17,1586,7,17
"602","2020-05-28",107,7,186,283,8148,0.285223367697594,2070,9197,865,887,10,6183,22,1608,5,22
"603","2020-05-29",106,7,180,270,8148,0.285223367697594,2070,9197,865,887,6,6189,14,1622,3,14
"604","2020-05-30",109,7,178,263,8148,0.285223367697594,2070,9197,865,887,7,6196,9,1631,1,9
"605","2020-05-31",94,7,169,248,8148,0.285223367697594,2070,9197,865,887,9,6205,14,1645,6,14
"606","2020-06-01",91,7,156,231,8148,0.285223367697594,2070,9197,865,887,3,6208,12,1657,2,12
"607","2020-06-02",81,7,132,217,8148,0.285223367697594,2070,9197,865,887,11,6219,19,1676,5,19
"608","2020-06-03",78,7,137,213,8148,0.285223367697594,2070,9197,865,887,6,6225,18,1694,4,18
"609","2020-06-04",76,7,161,203,8148,0.285223367697594,2070,9197,865,887,8,6233,31,1725,5,31
"610","2020-06-05",77,7,152,192,8148,0.285223367697594,2070,9197,865,887,11,6244,14,1739,5,14
"611","2020-06-06",71,7,150,190,8148,0.285223367697594,2070,9197,865,887,10,6254,14,1753,3,14
"612","2020-06-07",73,7,143,182,8148,0.285223367697594,2070,9197,865,887,5,6259,27,1780,2,27
"613","2020-03-12",1,8,145,142,7625,0.484327868852459,2025,8623,702,2437,68,116,29,48,NA,29
"614","2020-03-13",10,8,178,227,7625,0.484327868852459,2025,8623,702,2437,49,165,33,81,5,33
"615","2020-03-14",30,8,198,318,7625,0.484327868852459,2025,8623,702,2437,71,236,28,109,17,28
"616","2020-03-15",45,8,194,417,7625,0.484327868852459,2025,8623,702,2437,53,289,27,136,19,27
"617","2020-03-16",50,8,193,527,7625,0.484327868852459,2025,8623,702,2437,88,377,17,153,32,17
"618","2020-03-17",65,8,217,639,7625,0.484327868852459,2025,8623,702,2437,77,454,22,175,35,22
"619","2020-03-18",82,8,276,762,7625,0.484327868852459,2025,8623,702,2437,88,542,13,188,45,13
"620","2020-03-19",109,8,309,906,7625,0.484327868852459,2025,8623,702,2437,100,642,6,194,44,6
"621","2020-03-20",188,8,294,1050,7625,0.484327868852459,2025,8623,702,2437,87,729,8,202,39,8
"622","2020-03-21",275,8,282,1184,7625,0.484327868852459,2025,8623,702,2437,98,827,7,209,47,7
"623","2020-03-22",307,8,281,1304,7625,0.484327868852459,2025,8623,702,2437,109,936,11,220,55,11
"624","2020-03-23",322,8,301,1398,7625,0.484327868852459,2025,8623,702,2437,118,1054,14,234,63,14
"625","2020-03-24",356,8,305,1521,7625,0.484327868852459,2025,8623,702,2437,112,1166,14,248,72,14
"626","2020-03-25",392,8,302,1596,7625,0.484327868852459,2025,8623,702,2437,106,1272,51,299,66,51
"627","2020-03-26",415,8,285,1648,7625,0.484327868852459,2025,8623,702,2437,112,1384,46,345,69,46
"628","2020-03-27",528,8,285,1718,7625,0.484327868852459,2025,8623,702,2437,114,1498,34,379,71,34
"629","2020-03-28",553,8,284,1724,7625,0.484327868852459,2025,8623,702,2437,110,1608,44,423,58,44
"630","2020-03-29",548,8,269,1768,7625,0.484327868852459,2025,8623,702,2437,107,1715,29,452,52,29
"631","2020-03-30",546,8,251,1783,7625,0.484327868852459,2025,8623,702,2437,101,1816,22,474,55,22
"632","2020-03-31",537,8,243,1813,7625,0.484327868852459,2025,8623,702,2437,114,1930,17,491,71,17
"633","2020-04-01",557,8,250,1797,7625,0.484327868852459,2025,8623,702,2437,111,2041,44,535,71,44
"634","2020-04-02",564,8,231,1799,7625,0.484327868852459,2025,8623,702,2437,117,2158,34,569,49,34
"635","2020-04-03",645,8,230,1775,7625,0.484327868852459,2025,8623,702,2437,117,2275,20,589,64,20
"636","2020-04-04",636,8,213,1788,7625,0.484327868852459,2025,8623,702,2437,112,2387,16,605,60,16
"637","2020-04-05",584,8,187,1772,7625,0.484327868852459,2025,8623,702,2437,133,2520,17,622,68,17
"638","2020-04-06",585,8,202,1769,7625,0.484327868852459,2025,8623,702,2437,111,2631,50,672,58,50
"639","2020-04-07",580,8,228,1736,7625,0.484327868852459,2025,8623,702,2437,118,2749,49,721,79,49
"640","2020-04-08",564,8,243,1706,7625,0.484327868852459,2025,8623,702,2437,113,2862,57,778,58,57
"641","2020-04-09",567,8,229,1659,7625,0.484327868852459,2025,8623,702,2437,151,3013,32,810,96,32
"642","2020-04-10",557,8,214,1615,7625,0.484327868852459,2025,8623,702,2437,85,3098,57,867,52,57
"643","2020-04-11",542,8,212,1580,7625,0.484327868852459,2025,8623,702,2437,98,3196,38,905,56,38
"644","2020-04-12",535,8,254,1533,7625,0.484327868852459,2025,8623,702,2437,108,3304,61,966,58,61
"645","2020-04-13",512,8,265,1496,7625,0.484327868852459,2025,8623,702,2437,101,3405,22,988,55,22
"646","2020-04-14",495,8,261,1450,7625,0.484327868852459,2025,8623,702,2437,87,3492,26,1014,45,26
"647","2020-04-15",487,8,277,1395,7625,0.484327868852459,2025,8623,702,2437,90,3582,56,1070,39,56
"648","2020-04-16",473,8,341,1329,7625,0.484327868852459,2025,8623,702,2437,93,3675,26,1096,52,26
"649","2020-04-17",491,8,313,1268,7625,0.484327868852459,2025,8623,702,2437,91,3766,33,1129,46,33
"650","2020-04-18",495,8,324,1216,7625,0.484327868852459,2025,8623,702,2437,83,3849,67,1196,47,67
"651","2020-04-19",429,8,292,1161,7625,0.484327868852459,2025,8623,702,2437,83,3932,59,1255,34,59
"652","2020-04-20",404,8,279,1112,7625,0.484327868852459,2025,8623,702,2437,87,4019,31,1286,34,31
"653","2020-04-21",390,8,280,1070,7625,0.484327868852459,2025,8623,702,2437,75,4094,23,1309,41,23
"654","2020-04-22",375,8,291,1033,7625,0.484327868852459,2025,8623,702,2437,83,4177,19,1328,43,19
"655","2020-04-23",369,8,284,1006,7625,0.484327868852459,2025,8623,702,2437,65,4242,30,1358,37,30
"656","2020-04-24",352,8,267,980,7625,0.484327868852459,2025,8623,702,2437,68,4310,21,1379,23,21
"657","2020-04-25",325,8,267,922,7625,0.484327868852459,2025,8623,702,2437,73,4383,28,1407,31,28
"658","2020-04-26",290,8,254,907,7625,0.484327868852459,2025,8623,702,2437,74,4457,50,1457,36,50
"659","2020-04-27",290,8,271,876,7625,0.484327868852459,2025,8623,702,2437,63,4520,35,1492,32,35
"660","2020-04-28",283,8,272,862,7625,0.484327868852459,2025,8623,702,2437,70,4590,57,1549,37,57
"661","2020-04-29",282,8,283,819,7625,0.484327868852459,2025,8623,702,2437,71,4661,36,1585,30,36
"662","2020-04-30",276,8,283,782,7625,0.484327868852459,2025,8623,702,2437,50,4711,31,1616,22,31
"663","2020-05-01",249,8,288,754,7625,0.484327868852459,2025,8623,702,2437,60,4771,18,1634,29,18
"664","2020-05-02",279,8,294,716,7625,0.484327868852459,2025,8623,702,2437,65,4836,15,1649,23,15
"665","2020-05-03",263,8,309,691,7625,0.484327868852459,2025,8623,702,2437,45,4881,16,1665,13,16
"666","2020-05-04",248,8,309,650,7625,0.484327868852459,2025,8623,702,2437,48,4929,30,1695,23,30
"667","2020-05-05",228,8,292,656,7625,0.484327868852459,2025,8623,702,2437,58,4987,32,1727,23,32
"668","2020-05-06",217,8,274,620,7625,0.484327868852459,2025,8623,702,2437,49,5036,24,1751,23,24
"669","2020-05-07",209,8,256,592,7625,0.484327868852459,2025,8623,702,2437,47,5083,12,1763,19,12
"670","2020-05-08",200,8,262,560,7625,0.484327868852459,2025,8623,702,2437,49,5132,16,1779,21,16
"671","2020-05-09",172,8,265,525,7625,0.484327868852459,2025,8623,702,2437,37,5169,5,1784,12,5
"672","2020-05-10",179,8,257,492,7625,0.484327868852459,2025,8623,702,2437,43,5212,8,1792,9,8
"673","2020-05-11",172,8,269,469,7625,0.484327868852459,2025,8623,702,2437,42,5254,12,1804,16,12
"674","2020-05-12",178,8,272,449,7625,0.484327868852459,2025,8623,702,2437,37,5291,46,1850,12,46
"675","2020-05-13",167,8,283,423,7625,0.484327868852459,2025,8623,702,2437,36,5327,23,1873,11,23
"676","2020-05-14",157,8,274,406,7625,0.484327868852459,2025,8623,702,2437,25,5352,54,1927,5,54
"677","2020-05-15",148,8,282,388,7625,0.484327868852459,2025,8623,702,2437,31,5383,30,1957,10,30
"678","2020-05-16",139,8,281,359,7625,0.484327868852459,2025,8623,702,2437,33,5416,28,1985,12,28
"679","2020-05-17",118,8,287,348,7625,0.484327868852459,2025,8623,702,2437,29,5445,46,2031,8,46
"680","2020-05-18",119,8,321,338,7625,0.484327868852459,2025,8623,702,2437,32,5477,28,2059,10,28
"681","2020-05-19",112,8,353,316,7625,0.484327868852459,2025,8623,702,2437,28,5505,11,2070,8,11
"682","2020-05-20",111,8,347,298,7625,0.484327868852459,2025,8623,702,2437,36,5541,16,2086,11,16
"683","2020-05-21",106,8,333,286,7625,0.484327868852459,2025,8623,702,2437,22,5563,11,2097,7,11
"684","2020-05-22",105,8,345,281,7625,0.484327868852459,2025,8623,702,2437,26,5589,21,2118,6,21
"685","2020-05-23",110,8,343,274,7625,0.484327868852459,2025,8623,702,2437,19,5608,48,2166,10,48
"686","2020-05-24",94,8,316,265,7625,0.484327868852459,2025,8623,702,2437,29,5637,48,2214,7,48
"687","2020-05-25",84,8,314,250,7625,0.484327868852459,2025,8623,702,2437,22,5659,50,2264,4,50
"688","2020-05-26",77,8,349,235,7625,0.484327868852459,2025,8623,702,2437,21,5680,31,2295,6,31
"689","2020-05-27",80,8,359,233,7625,0.484327868852459,2025,8623,702,2437,22,5702,59,2354,5,59
"690","2020-05-28",73,8,357,220,7625,0.484327868852459,2025,8623,702,2437,22,5724,31,2385,4,31
"691","2020-05-29",69,8,347,212,7625,0.484327868852459,2025,8623,702,2437,17,5741,20,2405,3,20
"692","2020-05-30",65,8,326,201,7625,0.484327868852459,2025,8623,702,2437,17,5758,16,2421,2,16
"693","2020-05-31",73,8,300,191,7625,0.484327868852459,2025,8623,702,2437,22,5780,17,2438,8,17
"694","2020-06-01",70,8,274,175,7625,0.484327868852459,2025,8623,702,2437,13,5793,9,2447,2,9
"695","2020-06-02",67,8,261,165,7625,0.484327868852459,2025,8623,702,2437,11,5804,40,2487,2,40
"696","2020-06-03",59,8,244,159,7625,0.484327868852459,2025,8623,702,2437,19,5823,36,2523,5,36
"697","2020-06-04",58,8,249,151,7625,0.484327868852459,2025,8623,702,2437,14,5837,30,2553,4,30
"698","2020-06-05",58,8,258,143,7625,0.484327868852459,2025,8623,702,2437,10,5847,24,2577,NA,24
"699","2020-06-06",53,8,286,133,7625,0.484327868852459,2025,8623,702,2437,11,5858,17,2594,3,17
"700","2020-06-07",46,8,306,130,7625,0.484327868852459,2025,8623,702,2437,15,5873,10,2604,6,10
"701","2020-03-13",2,9,146,61,6819,0.900278633230679,1965,6690,787,1503,23,55,49,162,7,49
"702","2020-03-14",10,9,146,101,6819,0.900278633230679,1965,6690,787,1503,34,89,49,211,24,49
"703","2020-03-15",13,9,154,148,6819,0.900278633230679,1965,6690,787,1503,32,121,38,249,21,38
"704","2020-03-16",12,9,139,201,6819,0.900278633230679,1965,6690,787,1503,44,165,61,310,33,61
"705","2020-03-17",17,9,146,250,6819,0.900278633230679,1965,6690,787,1503,50,215,32,342,41,32
"706","2020-03-18",21,9,140,321,6819,0.900278633230679,1965,6690,787,1503,47,262,15,357,41,15
"707","2020-03-19",32,9,194,377,6819,0.900278633230679,1965,6690,787,1503,66,328,12,369,56,12
"708","2020-03-20",57,9,189,454,6819,0.900278633230679,1965,6690,787,1503,75,403,8,377,66,8
"709","2020-03-21",81,9,183,531,6819,0.900278633230679,1965,6690,787,1503,88,491,18,395,79,18
"710","2020-03-22",123,9,173,612,6819,0.900278633230679,1965,6690,787,1503,81,572,42,437,73,42
"711","2020-03-23",142,9,152,697,6819,0.900278633230679,1965,6690,787,1503,107,679,38,475,92,38
"712","2020-03-24",155,9,148,805,6819,0.900278633230679,1965,6690,787,1503,121,800,17,492,110,17
"713","2020-03-25",181,9,143,923,6819,0.900278633230679,1965,6690,787,1503,130,930,12,504,117,12
"714","2020-03-26",212,9,166,1032,6819,0.900278633230679,1965,6690,787,1503,108,1038,65,569,97,65
"715","2020-03-27",308,9,206,1164,6819,0.900278633230679,1965,6690,787,1503,151,1189,72,641,139,72
"716","2020-03-28",351,9,203,1267,6819,0.900278633230679,1965,6690,787,1503,134,1323,46,687,122,46
"717","2020-03-29",373,9,195,1372,6819,0.900278633230679,1965,6690,787,1503,167,1490,70,757,153,70
"718","2020-03-30",396,9,167,1521,6819,0.900278633230679,1965,6690,787,1503,166,1656,63,820,151,63
"719","2020-03-31",403,9,173,1633,6819,0.900278633230679,1965,6690,787,1503,194,1850,35,855,185,35
"720","2020-04-01",444,9,215,1772,6819,0.900278633230679,1965,6690,787,1503,168,2018,22,877,157,22
"721","2020-04-02",469,9,259,1962,6819,0.900278633230679,1965,6690,787,1503,182,2200,39,916,165,39
"722","2020-04-03",617,9,250,2043,6819,0.900278633230679,1965,6690,787,1503,203,2403,37,953,194,37
"723","2020-04-04",675,9,240,2124,6819,0.900278633230679,1965,6690,787,1503,168,2571,32,985,159,32
"724","2020-04-05",631,9,206,2200,6819,0.900278633230679,1965,6690,787,1503,164,2735,14,999,151,14
"725","2020-04-06",644,9,260,2231,6819,0.900278633230679,1965,6690,787,1503,170,2905,12,1011,159,12
"726","2020-04-07",668,9,255,2268,6819,0.900278633230679,1965,6690,787,1503,190,3095,19,1030,176,19
"727","2020-04-08",677,9,233,2276,6819,0.900278633230679,1965,6690,787,1503,173,3268,51,1081,161,51
"728","2020-04-09",699,9,270,2243,6819,0.900278633230679,1965,6690,787,1503,167,3435,28,1109,157,28
"729","2020-04-10",791,9,287,2199,6819,0.900278633230679,1965,6690,787,1503,128,3563,20,1129,120,20
"730","2020-04-11",766,9,275,2186,6819,0.900278633230679,1965,6690,787,1503,137,3700,20,1149,132,20
"731","2020-04-12",742,9,271,2151,6819,0.900278633230679,1965,6690,787,1503,145,3845,51,1200,136,51
"732","2020-04-13",728,9,291,2093,6819,0.900278633230679,1965,6690,787,1503,147,3992,44,1244,138,44
"733","2020-04-14",727,9,329,1979,6819,0.900278633230679,1965,6690,787,1503,141,4133,27,1271,125,27
"734","2020-04-15",714,9,310,1903,6819,0.900278633230679,1965,6690,787,1503,130,4263,59,1330,121,59
"735","2020-04-16",689,9,285,1811,6819,0.900278633230679,1965,6690,787,1503,119,4382,42,1372,111,42
"736","2020-04-17",657,9,256,1746,6819,0.900278633230679,1965,6690,787,1503,124,4506,33,1405,116,33
"737","2020-04-18",638,9,239,1654,6819,0.900278633230679,1965,6690,787,1503,95,4601,21,1426,83,21
"738","2020-04-19",597,9,236,1587,6819,0.900278633230679,1965,6690,787,1503,111,4712,32,1458,103,32
"739","2020-04-20",594,9,240,1476,6819,0.900278633230679,1965,6690,787,1503,79,4791,26,1484,73,26
"740","2020-04-21",567,9,225,1360,6819,0.900278633230679,1965,6690,787,1503,92,4883,21,1505,83,21
"741","2020-04-22",564,9,201,1268,6819,0.900278633230679,1965,6690,787,1503,81,4964,15,1520,74,15
"742","2020-04-23",546,9,204,1167,6819,0.900278633230679,1965,6690,787,1503,75,5039,30,1550,72,30
"743","2020-04-24",490,9,266,1071,6819,0.900278633230679,1965,6690,787,1503,65,5104,32,1582,54,32
"744","2020-04-25",472,9,328,998,6819,0.900278633230679,1965,6690,787,1503,61,5165,24,1606,54,24
"745","2020-04-26",411,9,350,913,6819,0.900278633230679,1965,6690,787,1503,47,5212,23,1629,45,23
"746","2020-04-27",376,9,335,860,6819,0.900278633230679,1965,6690,787,1503,57,5269,5,1634,51,5
"747","2020-04-28",350,9,377,805,6819,0.900278633230679,1965,6690,787,1503,64,5333,10,1644,53,10
"748","2020-04-29",316,9,380,727,6819,0.900278633230679,1965,6690,787,1503,50,5383,39,1683,41,39
"749","2020-04-30",292,9,312,644,6819,0.900278633230679,1965,6690,787,1503,41,5424,51,1734,37,51
"750","2020-05-01",245,9,278,591,6819,0.900278633230679,1965,6690,787,1503,39,5463,27,1761,29,27
"751","2020-05-02",233,9,283,541,6819,0.900278633230679,1965,6690,787,1503,31,5494,22,1783,24,22
"752","2020-05-03",219,9,269,500,6819,0.900278633230679,1965,6690,787,1503,27,5521,26,1809,23,26
"753","2020-05-04",201,9,247,452,6819,0.900278633230679,1965,6690,787,1503,37,5558,37,1846,26,37
"754","2020-05-05",189,9,244,430,6819,0.900278633230679,1965,6690,787,1503,24,5582,42,1888,20,42
"755","2020-05-06",176,9,276,408,6819,0.900278633230679,1965,6690,787,1503,39,5621,16,1904,32,16
"756","2020-05-07",168,9,249,378,6819,0.900278633230679,1965,6690,787,1503,18,5639,55,1959,16,55
"757","2020-05-08",160,9,228,351,6819,0.900278633230679,1965,6690,787,1503,25,5664,34,1993,20,34
"758","2020-05-09",154,9,213,325,6819,0.900278633230679,1965,6690,787,1503,20,5684,26,2019,14,26
"759","2020-05-10",137,9,217,298,6819,0.900278633230679,1965,6690,787,1503,26,5710,8,2027,19,8
"760","2020-05-11",131,9,200,272,6819,0.900278633230679,1965,6690,787,1503,19,5729,14,2041,15,14
"761","2020-05-12",122,9,198,256,6819,0.900278633230679,1965,6690,787,1503,18,5747,16,2057,14,16
"762","2020-05-13",116,9,189,244,6819,0.900278633230679,1965,6690,787,1503,17,5764,25,2082,14,25
"763","2020-05-14",110,9,187,239,6819,0.900278633230679,1965,6690,787,1503,30,5794,16,2098,21,16
"764","2020-05-15",91,9,187,228,6819,0.900278633230679,1965,6690,787,1503,16,5810,18,2116,13,18
"765","2020-05-16",91,9,173,214,6819,0.900278633230679,1965,6690,787,1503,14,5824,20,2136,7,20
"766","2020-05-17",82,9,156,201,6819,0.900278633230679,1965,6690,787,1503,15,5839,19,2155,13,19
"767","2020-05-18",73,9,143,193,6819,0.900278633230679,1965,6690,787,1503,14,5853,17,2172,10,17
"768","2020-05-19",61,9,150,173,6819,0.900278633230679,1965,6690,787,1503,12,5865,40,2212,9,40
"769","2020-05-20",57,9,166,162,6819,0.900278633230679,1965,6690,787,1503,15,5880,12,2224,13,12
"770","2020-05-21",56,9,211,155,6819,0.900278633230679,1965,6690,787,1503,10,5890,11,2235,8,11
"771","2020-05-22",58,9,217,150,6819,0.900278633230679,1965,6690,787,1503,13,5903,9,2244,10,9
"772","2020-05-23",54,9,215,131,6819,0.900278633230679,1965,6690,787,1503,6,5909,25,2269,6,25
"773","2020-05-24",54,9,231,116,6819,0.900278633230679,1965,6690,787,1503,11,5920,55,2324,10,55
"774","2020-05-25",51,9,225,112,6819,0.900278633230679,1965,6690,787,1503,8,5928,87,2411,6,87
"775","2020-05-26",52,9,227,107,6819,0.900278633230679,1965,6690,787,1503,12,5940,70,2481,10,70
"776","2020-05-27",49,9,251,99,6819,0.900278633230679,1965,6690,787,1503,8,5948,65,2546,3,65
"777","2020-05-28",45,9,274,97,6819,0.900278633230679,1965,6690,787,1503,13,5961,39,2585,9,39
"778","2020-05-29",45,9,269,98,6819,0.900278633230679,1965,6690,787,1503,16,5977,37,2622,12,37
"779","2020-05-30",39,9,290,103,6819,0.900278633230679,1965,6690,787,1503,13,5990,45,2667,8,45
"780","2020-05-31",33,9,274,96,6819,0.900278633230679,1965,6690,787,1503,10,6000,32,2699,8,32
"781","2020-06-01",30,9,268,91,6819,0.900278633230679,1965,6690,787,1503,14,6014,24,2723,10,24
"782","2020-06-02",30,9,259,90,6819,0.900278633230679,1965,6690,787,1503,15,6029,20,2743,15,20
"783","2020-06-03",27,9,228,87,6819,0.900278633230679,1965,6690,787,1503,6,6035,28,2771,5,28
"784","2020-06-04",30,9,228,82,6819,0.900278633230679,1965,6690,787,1503,12,6047,17,2788,10,17
"785","2020-06-05",24,9,224,76,6819,0.900278633230679,1965,6690,787,1503,11,6058,20,2808,9,20
"786","2020-06-06",23,9,221,79,6819,0.900278633230679,1965,6690,787,1503,9,6067,44,2852,7,44
"787","2020-06-07",23,9,201,79,6819,0.900278633230679,1965,6690,787,1503,5,6072,35,2887,5,35
"788","2020-03-13",3,10,97,61,6543,0.843496866880636,1980,7120,689,1393,54,153,36,99,11,36
"789","2020-03-14",6,10,140,86,6543,0.843496866880636,1980,7120,689,1393,65,218,17,116,25,17
"790","2020-03-15",10,10,167,121,6543,0.843496866880636,1980,7120,689,1393,62,280,36,152,31,36
"791","2020-03-16",10,10,161,152,6543,0.843496866880636,1980,7120,689,1393,74,354,13,165,33,13
"792","2020-03-17",15,10,210,194,6543,0.843496866880636,1980,7120,689,1393,81,435,5,170,50,5
"793","2020-03-18",25,10,240,243,6543,0.843496866880636,1980,7120,689,1393,91,526,7,177,58,7
"794","2020-03-19",29,10,245,293,6543,0.843496866880636,1980,7120,689,1393,109,635,40,217,72,40
"795","2020-03-20",44,10,243,352,6543,0.843496866880636,1980,7120,689,1393,108,743,20,237,68,20
"796","2020-03-21",100,10,242,430,6543,0.843496866880636,1980,7120,689,1393,135,878,34,271,91,34
"797","2020-03-22",98,10,208,504,6543,0.843496866880636,1980,7120,689,1393,105,983,24,295,67,24
"798","2020-03-23",99,10,177,572,6543,0.843496866880636,1980,7120,689,1393,150,1133,14,309,109,14
"799","2020-03-24",118,10,170,681,6543,0.843496866880636,1980,7120,689,1393,166,1299,44,353,124,44
"800","2020-03-25",134,10,213,756,6543,0.843496866880636,1980,7120,689,1393,162,1461,25,378,126,25
"801","2020-03-26",154,10,222,869,6543,0.843496866880636,1980,7120,689,1393,159,1620,23,401,123,23
"802","2020-03-27",233,10,207,949,6543,0.843496866880636,1980,7120,689,1393,137,1757,31,432,100,31
"803","2020-03-28",242,10,246,1057,6543,0.843496866880636,1980,7120,689,1393,171,1928,35,467,129,35
"804","2020-03-29",282,10,271,1160,6543,0.843496866880636,1980,7120,689,1393,140,2068,18,485,110,18
"805","2020-03-30",297,10,254,1315,6543,0.843496866880636,1980,7120,689,1393,171,2239,18,503,129,18
"806","2020-03-31",300,10,273,1439,6543,0.843496866880636,1980,7120,689,1393,143,2382,12,515,106,12
"807","2020-04-01",328,10,255,1548,6543,0.843496866880636,1980,7120,689,1393,146,2528,18,533,112,18
"808","2020-04-02",376,10,242,1646,6543,0.843496866880636,1980,7120,689,1393,151,2679,11,544,106,11
"809","2020-04-03",487,10,245,1840,6543,0.843496866880636,1980,7120,689,1393,159,2838,61,605,120,61
"810","2020-04-04",515,10,287,1943,6543,0.843496866880636,1980,7120,689,1393,144,2982,26,631,105,26
"811","2020-04-05",545,10,282,2025,6543,0.843496866880636,1980,7120,689,1393,153,3135,20,651,99,20
"812","2020-04-06",569,10,251,2091,6543,0.843496866880636,1980,7120,689,1393,136,3271,56,707,96,56
"813","2020-04-07",611,10,229,2140,6543,0.843496866880636,1980,7120,689,1393,174,3445,28,735,147,28
"814","2020-04-08",638,10,212,2200,6543,0.843496866880636,1980,7120,689,1393,130,3575,20,755,93,20
"815","2020-04-09",647,10,225,2247,6543,0.843496866880636,1980,7120,689,1393,128,3703,27,782,99,27
"816","2020-04-10",789,10,208,2273,6543,0.843496866880636,1980,7120,689,1393,135,3838,42,824,108,42
"817","2020-04-11",797,10,187,2221,6543,0.843496866880636,1980,7120,689,1393,102,3940,23,847,75,23
"818","2020-04-12",735,10,182,2217,6543,0.843496866880636,1980,7120,689,1393,111,4051,25,872,80,25
"819","2020-04-13",767,10,152,2145,6543,0.843496866880636,1980,7120,689,1393,109,4160,17,889,75,17
"820","2020-04-14",745,10,189,2133,6543,0.843496866880636,1980,7120,689,1393,139,4299,15,904,87,15
"821","2020-04-15",740,10,206,2044,6543,0.843496866880636,1980,7120,689,1393,89,4388,13,917,60,13
"822","2020-04-16",735,10,280,1928,6543,0.843496866880636,1980,7120,689,1393,101,4489,1,918,72,1
"823","2020-04-17",728,10,298,1862,6543,0.843496866880636,1980,7120,689,1393,92,4581,2,920,61,2
"824","2020-04-18",719,10,318,1745,6543,0.843496866880636,1980,7120,689,1393,89,4670,17,937,54,17
"825","2020-04-19",655,10,330,1660,6543,0.843496866880636,1980,7120,689,1393,71,4741,50,987,43,50
"826","2020-04-20",606,10,305,1511,6543,0.843496866880636,1980,7120,689,1393,64,4805,32,1019,45,32
"827","2020-04-21",555,10,267,1421,6543,0.843496866880636,1980,7120,689,1393,75,4880,28,1047,46,28
"828","2020-04-22",531,10,244,1348,6543,0.843496866880636,1980,7120,689,1393,81,4961,38,1085,53,38
"829","2020-04-23",498,10,234,1233,6543,0.843496866880636,1980,7120,689,1393,64,5025,61,1146,32,61
"830","2020-04-24",456,10,252,1147,6543,0.843496866880636,1980,7120,689,1393,62,5087,26,1172,41,26
"831","2020-04-25",453,10,235,1063,6543,0.843496866880636,1980,7120,689,1393,65,5152,22,1194,36,22
"832","2020-04-26",406,10,226,981,6543,0.843496866880636,1980,7120,689,1393,49,5201,26,1220,26,26
"833","2020-04-27",384,10,195,903,6543,0.843496866880636,1980,7120,689,1393,71,5272,58,1278,38,58
"834","2020-04-28",374,10,183,833,6543,0.843496866880636,1980,7120,689,1393,50,5322,35,1313,21,35
"835","2020-04-29",362,10,190,766,6543,0.843496866880636,1980,7120,689,1393,61,5383,24,1337,34,24
"836","2020-04-30",343,10,187,711,6543,0.843496866880636,1980,7120,689,1393,39,5422,27,1364,25,27
"837","2020-05-01",299,10,186,655,6543,0.843496866880636,1980,7120,689,1393,36,5458,39,1403,16,39
"838","2020-05-02",262,10,175,609,6543,0.843496866880636,1980,7120,689,1393,57,5515,32,1435,32,32
"839","2020-05-03",240,10,173,540,6543,0.843496866880636,1980,7120,689,1393,50,5565,35,1470,24,35
"840","2020-05-04",222,10,159,485,6543,0.843496866880636,1980,7120,689,1393,42,5607,62,1532,20,62
"841","2020-05-05",215,10,170,448,6543,0.843496866880636,1980,7120,689,1393,52,5659,65,1597,26,65
"842","2020-05-06",191,10,163,394,6543,0.843496866880636,1980,7120,689,1393,43,5702,51,1648,26,51
"843","2020-05-07",183,10,227,359,6543,0.843496866880636,1980,7120,689,1393,45,5747,54,1702,22,54
"844","2020-05-08",146,10,239,326,6543,0.843496866880636,1980,7120,689,1393,39,5786,30,1732,19,30
"845","2020-05-09",150,10,234,296,6543,0.843496866880636,1980,7120,689,1393,35,5821,13,1745,25,13
"846","2020-05-10",127,10,252,264,6543,0.843496866880636,1980,7120,689,1393,40,5861,16,1761,24,16
"847","2020-05-11",111,10,245,237,6543,0.843496866880636,1980,7120,689,1393,27,5888,22,1783,10,22
"848","2020-05-12",96,10,231,212,6543,0.843496866880636,1980,7120,689,1393,31,5919,70,1853,12,70
"849","2020-05-13",89,10,208,201,6543,0.843496866880636,1980,7120,689,1393,33,5952,57,1910,13,57
"850","2020-05-14",83,10,184,192,6543,0.843496866880636,1980,7120,689,1393,27,5979,23,1933,17,23
"851","2020-05-15",78,10,180,169,6543,0.843496866880636,1980,7120,689,1393,28,6007,8,1941,17,8
"852","2020-05-16",61,10,161,159,6543,0.843496866880636,1980,7120,689,1393,26,6033,13,1954,15,13
"853","2020-05-17",55,10,149,152,6543,0.843496866880636,1980,7120,689,1393,17,6050,57,2011,10,57
"854","2020-05-18",58,10,137,141,6543,0.843496866880636,1980,7120,689,1393,21,6071,65,2076,9,65
"855","2020-05-19",59,10,124,131,6543,0.843496866880636,1980,7120,689,1393,20,6091,31,2107,6,31
"856","2020-05-20",53,10,133,122,6543,0.843496866880636,1980,7120,689,1393,25,6116,11,2118,12,11
"857","2020-05-21",44,10,129,118,6543,0.843496866880636,1980,7120,689,1393,26,6142,14,2132,12,14
"858","2020-05-22",40,10,141,114,6543,0.843496866880636,1980,7120,689,1393,15,6157,48,2180,9,48
"859","2020-05-23",38,10,171,107,6543,0.843496866880636,1980,7120,689,1393,13,6170,51,2231,5,51
"860","2020-05-24",36,10,184,93,6543,0.843496866880636,1980,7120,689,1393,22,6192,53,2284,10,53
"861","2020-05-25",30,10,196,84,6543,0.843496866880636,1980,7120,689,1393,12,6204,17,2301,3,17
"862","2020-05-26",22,10,223,87,6543,0.843496866880636,1980,7120,689,1393,16,6220,9,2310,5,9
"863","2020-05-27",22,10,222,84,6543,0.843496866880636,1980,7120,689,1393,22,6242,12,2322,9,12
"864","2020-05-28",22,10,203,82,6543,0.843496866880636,1980,7120,689,1393,8,6250,10,2332,2,10
"865","2020-05-29",20,10,201,82,6543,0.843496866880636,1980,7120,689,1393,22,6272,9,2341,6,9
"866","2020-05-30",23,10,192,85,6543,0.843496866880636,1980,7120,689,1393,15,6287,4,2345,5,4
"867","2020-05-31",25,10,214,80,6543,0.843496866880636,1980,7120,689,1393,16,6303,5,2350,5,5
"868","2020-06-01",25,10,226,72,6543,0.843496866880636,1980,7120,689,1393,11,6314,25,2375,4,25
"869","2020-06-02",24,10,226,68,6543,0.843496866880636,1980,7120,689,1393,11,6325,9,2384,5,9
"870","2020-06-03",23,10,215,65,6543,0.843496866880636,1980,7120,689,1393,12,6337,15,2399,3,15
"871","2020-06-04",26,10,169,66,6543,0.843496866880636,1980,7120,689,1393,9,6346,13,2412,7,13
"872","2020-06-05",22,10,151,59,6543,0.843496866880636,1980,7120,689,1393,13,6359,31,2443,9,31
"873","2020-06-06",21,10,177,56,6543,0.843496866880636,1980,7120,689,1393,10,6369,26,2469,4,26
"874","2020-06-07",16,10,185,52,6543,0.843496866880636,1980,7120,689,1393,11,6380,20,2489,7,20
"875","2020-03-07",2,11,0,0,7746,0.569197004905758,2130,8667,885,1399,NA,NA,NA,NA,NA,NA
"876","2020-03-08",2,11,0,0,7746,0.569197004905758,2130,8667,885,1399,NA,NA,NA,NA,NA,NA
"877","2020-03-09",0,11,0,0,7746,0.569197004905758,2130,8667,885,1399,NA,NA,NA,NA,NA,NA
"878","2020-03-10",0,11,0,0,7746,0.569197004905758,2130,8667,885,1399,NA,NA,3,3,NA,3
"879","2020-03-11",0,11,0,0,7746,0.569197004905758,2130,8667,885,1399,77,77,36,39,NA,36
"880","2020-03-12",0,11,0,0,7746,0.569197004905758,2130,8667,885,1399,74,151,79,118,3,79
"881","2020-03-13",1,11,144,178,7746,0.569197004905758,2130,8667,885,1399,109,260,77,195,16,77
"882","2020-03-14",22,11,163,260,7746,0.569197004905758,2130,8667,885,1399,100,360,55,250,20,55
"883","2020-03-15",40,11,208,342,7746,0.569197004905758,2130,8667,885,1399,120,480,46,296,53,46
"884","2020-03-16",43,11,217,439,7746,0.569197004905758,2130,8667,885,1399,136,616,29,325,62,29
"885","2020-03-17",50,11,223,527,7746,0.569197004905758,2130,8667,885,1399,143,759,36,361,73,36
"886","2020-03-18",71,11,216,644,7746,0.569197004905758,2130,8667,885,1399,147,906,49,410,74,49
"887","2020-03-19",98,11,194,775,7746,0.569197004905758,2130,8667,885,1399,149,1055,48,458,87,48
"888","2020-03-20",179,11,172,905,7746,0.569197004905758,2130,8667,885,1399,165,1220,70,528,105,70
"889","2020-03-21",231,11,177,1020,7746,0.569197004905758,2130,8667,885,1399,176,1396,43,571,95,43
"890","2020-03-22",288,11,203,1111,7746,0.569197004905758,2130,8667,885,1399,171,1567,31,602,112,31
"891","2020-03-23",295,11,259,1239,7746,0.569197004905758,2130,8667,885,1399,167,1734,31,633,99,31
"892","2020-03-24",297,11,317,1344,7746,0.569197004905758,2130,8667,885,1399,152,1886,30,663,98,30
"893","2020-03-25",321,11,314,1488,7746,0.569197004905758,2130,8667,885,1399,175,2061,41,704,105,41
"894","2020-03-26",358,11,318,1614,7746,0.569197004905758,2130,8667,885,1399,181,2242,54,758,121,54
"895","2020-03-27",507,11,291,1689,7746,0.569197004905758,2130,8667,885,1399,181,2423,35,793,115,35
"896","2020-03-28",527,11,277,1823,7746,0.569197004905758,2130,8667,885,1399,178,2601,27,820,102,27
"897","2020-03-29",545,11,252,1899,7746,0.569197004905758,2130,8667,885,1399,158,2759,35,855,103,35
"898","2020-03-30",569,11,222,1982,7746,0.569197004905758,2130,8667,885,1399,146,2905,30,885,91,30
"899","2020-03-31",580,11,208,2042,7746,0.569197004905758,2130,8667,885,1399,156,3061,36,921,106,36
"900","2020-04-01",615,11,175,2149,7746,0.569197004905758,2130,8667,885,1399,153,3214,35,956,103,35
"901","2020-04-02",636,11,181,2147,7746,0.569197004905758,2130,8667,885,1399,152,3366,36,992,103,36
"902","2020-04-03",775,11,236,2199,7746,0.569197004905758,2130,8667,885,1399,152,3518,53,1045,104,53
"903","2020-04-04",790,11,269,2201,7746,0.569197004905758,2130,8667,885,1399,148,3666,56,1101,90,56
"904","2020-04-05",720,11,283,2224,7746,0.569197004905758,2130,8667,885,1399,134,3800,48,1149,76,48
"905","2020-04-06",743,11,317,2176,7746,0.569197004905758,2130,8667,885,1399,141,3941,73,1222,87,73
"906","2020-04-07",754,11,285,2146,7746,0.569197004905758,2130,8667,885,1399,125,4066,39,1261,83,39
"907","2020-04-08",755,11,266,2116,7746,0.569197004905758,2130,8667,885,1399,159,4225,35,1296,108,35
"908","2020-04-09",742,11,260,2044,7746,0.569197004905758,2130,8667,885,1399,116,4341,38,1334,63,38
"909","2020-04-10",764,11,253,1971,7746,0.569197004905758,2130,8667,885,1399,121,4462,25,1359,68,25
"910","2020-04-11",754,11,211,1943,7746,0.569197004905758,2130,8667,885,1399,121,4583,26,1385,75,26
"911","2020-04-12",675,11,205,1880,7746,0.569197004905758,2130,8667,885,1399,109,4692,32,1417,62,32
"912","2020-04-13",658,11,192,1784,7746,0.569197004905758,2130,8667,885,1399,107,4799,29,1446,55,29
"913","2020-04-14",637,11,195,1707,7746,0.569197004905758,2130,8667,885,1399,92,4891,27,1473,48,27
"914","2020-04-15",607,11,177,1621,7746,0.569197004905758,2130,8667,885,1399,105,4996,30,1503,59,30
"915","2020-04-16",584,11,179,1519,7746,0.569197004905758,2130,8667,885,1399,86,5082,33,1536,43,33
"916","2020-04-17",548,11,222,1419,7746,0.569197004905758,2130,8667,885,1399,96,5178,28,1564,42,28
"917","2020-04-18",533,11,197,1320,7746,0.569197004905758,2130,8667,885,1399,69,5247,37,1601,29,37
"918","2020-04-19",490,11,207,1254,7746,0.569197004905758,2130,8667,885,1399,83,5330,24,1625,30,24
"919","2020-04-20",463,11,245,1181,7746,0.569197004905758,2130,8667,885,1399,79,5409,24,1649,40,24
"920","2020-04-21",429,11,231,1126,7746,0.569197004905758,2130,8667,885,1399,65,5474,20,1669,19,20
"921","2020-04-22",425,11,216,1050,7746,0.569197004905758,2130,8667,885,1399,74,5548,30,1699,27,30
"922","2020-04-23",407,11,242,969,7746,0.569197004905758,2130,8667,885,1399,49,5597,41,1740,22,41
"923","2020-04-24",342,11,280,912,7746,0.569197004905758,2130,8667,885,1399,53,5650,32,1772,23,32
"924","2020-04-25",341,11,268,858,7746,0.569197004905758,2130,8667,885,1399,85,5735,38,1810,40,38
"925","2020-04-26",307,11,276,805,7746,0.569197004905758,2130,8667,885,1399,54,5789,34,1844,16,34
"926","2020-04-27",286,11,271,768,7746,0.569197004905758,2130,8667,885,1399,50,5839,25,1869,18,25
"927","2020-04-28",278,11,263,731,7746,0.569197004905758,2130,8667,885,1399,46,5885,24,1893,20,24
"928","2020-04-29",254,11,270,684,7746,0.569197004905758,2130,8667,885,1399,63,5948,41,1934,22,41
"929","2020-04-30",245,11,284,643,7746,0.569197004905758,2130,8667,885,1399,54,6002,27,1961,17,27
"930","2020-05-01",220,11,238,616,7746,0.569197004905758,2130,8667,885,1399,59,6061,58,2019,19,58
"931","2020-05-02",193,11,223,567,7746,0.569197004905758,2130,8667,885,1399,55,6116,34,2053,17,34
"932","2020-05-03",192,11,231,533,7746,0.569197004905758,2130,8667,885,1399,44,6160,37,2090,20,37
"933","2020-05-04",181,11,242,512,7746,0.569197004905758,2130,8667,885,1399,44,6204,25,2115,12,25
"934","2020-05-05",166,11,226,483,7746,0.569197004905758,2130,8667,885,1399,37,6241,24,2139,12,24
"935","2020-05-06",160,11,222,460,7746,0.569197004905758,2130,8667,885,1399,32,6273,47,2186,14,47
"936","2020-05-07",154,11,192,446,7746,0.569197004905758,2130,8667,885,1399,41,6314,33,2219,16,33
"937","2020-05-08",160,11,197,424,7746,0.569197004905758,2130,8667,885,1399,30,6344,50,2269,10,50
"938","2020-05-09",170,11,197,401,7746,0.569197004905758,2130,8667,885,1399,49,6393,40,2309,14,40
"939","2020-05-10",143,11,184,397,7746,0.569197004905758,2130,8667,885,1399,27,6420,40,2349,6,40
"940","2020-05-11",136,11,170,377,7746,0.569197004905758,2130,8667,885,1399,48,6468,51,2400,14,51
"941","2020-05-12",131,11,165,363,7746,0.569197004905758,2130,8667,885,1399,32,6500,38,2438,13,38
"942","2020-05-13",121,11,165,341,7746,0.569197004905758,2130,8667,885,1399,25,6525,36,2474,9,36
"943","2020-05-14",110,11,198,316,7746,0.569197004905758,2130,8667,885,1399,36,6561,39,2513,12,39
"944","2020-05-15",99,11,224,295,7746,0.569197004905758,2130,8667,885,1399,39,6600,44,2557,10,44
"945","2020-05-16",108,11,270,283,7746,0.569197004905758,2130,8667,885,1399,26,6626,51,2608,9,51
"946","2020-05-17",101,11,264,268,7746,0.569197004905758,2130,8667,885,1399,23,6649,51,2659,8,51
"947","2020-05-18",89,11,246,247,7746,0.569197004905758,2130,8667,885,1399,23,6672,44,2703,5,44
"948","2020-05-19",87,11,265,238,7746,0.569197004905758,2130,8667,885,1399,23,6695,42,2745,8,42
"949","2020-05-20",88,11,252,225,7746,0.569197004905758,2130,8667,885,1399,25,6720,37,2782,6,37
"950","2020-05-21",92,11,230,213,7746,0.569197004905758,2130,8667,885,1399,18,6738,26,2808,5,26
"951","2020-05-22",93,11,209,210,7746,0.569197004905758,2130,8667,885,1399,18,6756,48,2856,4,49
"952","2020-05-23",74,11,198,202,7746,0.569197004905758,2130,8667,885,1399,17,6773,38,2894,5,38
"953","2020-05-24",64,11,188,192,7746,0.569197004905758,2130,8667,885,1399,15,6788,42,2936,5,42
"954","2020-05-25",63,11,175,189,7746,0.569197004905758,2130,8667,885,1399,17,6805,46,2982,7,46
"955","2020-05-26",63,11,167,190,7746,0.569197004905758,2130,8667,885,1399,12,6817,34,3016,2,34
"956","2020-05-27",64,11,169,180,7746,0.569197004905758,2130,8667,885,1399,12,6829,51,3067,4,51
"957","2020-05-28",64,11,197,170,7746,0.569197004905758,2130,8667,885,1399,15,6844,37,3104,5,37
"958","2020-05-29",63,11,192,162,7746,0.569197004905758,2130,8667,885,1399,16,6860,27,3131,2,27
"959","2020-05-30",61,11,201,153,7746,0.569197004905758,2130,8667,885,1399,7,6867,36,3167,1,36
"960","2020-05-31",63,11,225,147,7746,0.569197004905758,2130,8667,885,1399,14,6881,35,3202,8,35
"961","2020-06-01",62,11,218,147,7746,0.569197004905758,2130,8667,885,1399,8,6889,37,3239,1,37
"962","2020-06-02",56,11,205,147,7746,0.569197004905758,2130,8667,885,1399,13,6902,22,3261,4,22
"963","2020-06-03",55,11,231,136,7746,0.569197004905758,2130,8667,885,1399,13,6915,49,3310,3,49
"964","2020-06-04",52,11,230,130,7746,0.569197004905758,2130,8667,885,1399,7,6922,55,3365,1,55
"965","2020-06-05",41,11,272,125,7746,0.569197004905758,2130,8667,885,1399,13,6935,59,3424,2,59
"966","2020-06-06",48,11,244,119,7746,0.569197004905758,2130,8667,885,1399,6,6941,52,3476,2,52
"967","2020-06-07",41,11,225,112,7746,0.569197004905758,2130,8667,885,1399,11,6952,39,3515,3,39
"968","2020-03-13",1,12,71,216,7585,0.37587343441002,2085,8967,749,1240,54,119,27,129,13,27
"969","2020-03-14",19,12,105,304,7585,0.37587343441002,2085,8967,749,1240,52,171,44,173,23,44
"970","2020-03-15",37,12,148,423,7585,0.37587343441002,2085,8967,749,1240,53,224,21,194,24,21
"971","2020-03-16",39,12,159,518,7585,0.37587343441002,2085,8967,749,1240,68,292,24,218,33,24
"972","2020-03-17",42,12,155,632,7585,0.37587343441002,2085,8967,749,1240,58,350,15,233,32,15
"973","2020-03-18",64,12,152,743,7585,0.37587343441002,2085,8967,749,1240,75,425,43,276,48,43
"974","2020-03-19",92,12,151,849,7585,0.37587343441002,2085,8967,749,1240,85,510,23,299,54,23
"975","2020-03-20",169,12,168,941,7585,0.37587343441002,2085,8967,749,1240,92,602,19,318,55,19
"976","2020-03-21",271,12,192,1033,7585,0.37587343441002,2085,8967,749,1240,109,711,51,369,67,51
"977","2020-03-22",288,12,195,1120,7585,0.37587343441002,2085,8967,749,1240,92,803,28,397,71,28
"978","2020-03-23",300,12,183,1211,7585,0.37587343441002,2085,8967,749,1240,120,923,19,416,87,19
"979","2020-03-24",333,12,180,1258,7585,0.37587343441002,2085,8967,749,1240,121,1044,9,425,88,9
"980","2020-03-25",349,12,173,1329,7585,0.37587343441002,2085,8967,749,1240,128,1172,18,443,98,18
"981","2020-03-26",375,12,175,1371,7585,0.37587343441002,2085,8967,749,1240,115,1287,11,454,77,11
"982","2020-03-27",492,12,166,1406,7585,0.37587343441002,2085,8967,749,1240,135,1422,12,466,105,12
"983","2020-03-28",490,12,161,1434,7585,0.37587343441002,2085,8967,749,1240,126,1548,15,481,90,15
"984","2020-03-29",467,12,152,1466,7585,0.37587343441002,2085,8967,749,1240,154,1702,22,503,119,22
"985","2020-03-30",457,12,184,1490,7585,0.37587343441002,2085,8967,749,1240,141,1843,62,565,109,62
"986","2020-03-31",458,12,179,1526,7585,0.37587343441002,2085,8967,749,1240,130,1973,32,597,100,32
"987","2020-04-01",471,12,183,1563,7585,0.37587343441002,2085,8967,749,1240,124,2097,23,620,86,23
"988","2020-04-02",480,12,185,1598,7585,0.37587343441002,2085,8967,749,1240,145,2242,15,635,115,15
"989","2020-04-03",549,12,170,1631,7585,0.37587343441002,2085,8967,749,1240,134,2376,25,660,96,25
"990","2020-04-04",533,12,160,1626,7585,0.37587343441002,2085,8967,749,1240,162,2538,11,671,134,11
"991","2020-04-05",491,12,172,1596,7585,0.37587343441002,2085,8967,749,1240,126,2664,8,679,95,8
"992","2020-04-06",495,12,159,1590,7585,0.37587343441002,2085,8967,749,1240,123,2787,28,707,92,28
"993","2020-04-07",506,12,181,1576,7585,0.37587343441002,2085,8967,749,1240,112,2899,57,764,93,57
"994","2020-04-08",516,12,195,1542,7585,0.37587343441002,2085,8967,749,1240,141,3040,33,797,99,33
"995","2020-04-09",504,12,214,1514,7585,0.37587343441002,2085,8967,749,1240,119,3159,66,863,96,66
"996","2020-04-10",535,12,223,1505,7585,0.37587343441002,2085,8967,749,1240,115,3274,58,921,93,58
"997","2020-04-11",535,12,230,1476,7585,0.37587343441002,2085,8967,749,1240,118,3392,41,962,82,41
"998","2020-04-12",506,12,230,1462,7585,0.37587343441002,2085,8967,749,1240,110,3502,70,1032,84,70
"999","2020-04-13",507,12,226,1436,7585,0.37587343441002,2085,8967,749,1240,97,3599,53,1085,68,53
"1000","2020-04-14",498,12,229,1405,7585,0.37587343441002,2085,8967,749,1240,112,3711,38,1123,75,38
"1001","2020-04-15",485,12,214,1380,7585,0.37587343441002,2085,8967,749,1240,100,3811,28,1151,72,28
"1002","2020-04-16",484,12,205,1354,7585,0.37587343441002,2085,8967,749,1240,107,3918,13,1164,76,13
"1003","2020-04-17",481,12,213,1318,7585,0.37587343441002,2085,8967,749,1240,102,4020,60,1224,75,60
"1004","2020-04-18",489,12,206,1282,7585,0.37587343441002,2085,8967,749,1240,108,4128,51,1275,82,51
"1005","2020-04-19",438,12,192,1268,7585,0.37587343441002,2085,8967,749,1240,96,4224,32,1307,66,32
"1006","2020-04-20",410,12,188,1190,7585,0.37587343441002,2085,8967,749,1240,101,4325,18,1325,76,18
"1007","2020-04-21",384,12,191,1168,7585,0.37587343441002,2085,8967,749,1240,80,4405,16,1341,52,16
"1008","2020-04-22",377,12,187,1141,7585,0.37587343441002,2085,8967,749,1240,91,4496,18,1359,66,18
"1009","2020-04-23",358,12,181,1090,7585,0.37587343441002,2085,8967,749,1240,76,4572,26,1385,55,26
"1010","2020-04-24",360,12,182,1015,7585,0.37587343441002,2085,8967,749,1240,106,4678,51,1436,77,51
"1011","2020-04-25",344,12,186,973,7585,0.37587343441002,2085,8967,749,1240,67,4745,48,1484,39,48
"1012","2020-04-26",324,12,198,943,7585,0.37587343441002,2085,8967,749,1240,65,4810,28,1512,40,28
"1013","2020-04-27",322,12,184,918,7585,0.37587343441002,2085,8967,749,1240,69,4879,21,1533,38,21
"1014","2020-04-28",310,12,173,878,7585,0.37587343441002,2085,8967,749,1240,63,4942,22,1555,45,22
"1015","2020-04-29",303,12,194,857,7585,0.37587343441002,2085,8967,749,1240,42,4984,16,1571,26,16
"1016","2020-04-30",299,12,213,839,7585,0.37587343441002,2085,8967,749,1240,65,5049,47,1618,44,47
"1017","2020-05-01",272,12,217,821,7585,0.37587343441002,2085,8967,749,1240,53,5102,29,1647,36,29
"1018","2020-05-02",252,12,215,784,7585,0.37587343441002,2085,8967,749,1240,49,5151,15,1662,26,15
"1019","2020-05-03",243,12,226,763,7585,0.37587343441002,2085,8967,749,1240,39,5190,15,1677,23,15
"1020","2020-05-04",235,12,243,730,7585,0.37587343441002,2085,8967,749,1240,45,5235,16,1693,23,16
"1021","2020-05-05",236,12,251,696,7585,0.37587343441002,2085,8967,749,1240,50,5285,14,1707,24,14
"1022","2020-05-06",224,12,264,657,7585,0.37587343441002,2085,8967,749,1240,46,5331,12,1719,22,12
"1023","2020-05-07",216,12,263,648,7585,0.37587343441002,2085,8967,749,1240,41,5372,8,1727,21,8
"1024","2020-05-08",206,12,298,624,7585,0.37587343441002,2085,8967,749,1240,36,5408,23,1750,19,23
"1025","2020-05-09",215,12,294,591,7585,0.37587343441002,2085,8967,749,1240,38,5446,54,1804,15,54
"1026","2020-05-10",198,12,284,578,7585,0.37587343441002,2085,8967,749,1240,50,5496,36,1840,30,36
"1027","2020-05-11",197,12,280,570,7585,0.37587343441002,2085,8967,749,1240,39,5535,21,1861,19,21
"1028","2020-05-12",186,12,263,569,7585,0.37587343441002,2085,8967,749,1240,37,5572,69,1930,21,69
"1029","2020-05-13",179,12,254,531,7585,0.37587343441002,2085,8967,749,1240,35,5607,91,2021,21,91
"1030","2020-05-14",180,12,251,508,7585,0.37587343441002,2085,8967,749,1240,30,5637,67,2088,16,67
"1031","2020-05-15",168,12,242,497,7585,0.37587343441002,2085,8967,749,1240,34,5671,39,2127,23,39
"1032","2020-05-16",172,12,224,473,7585,0.37587343441002,2085,8967,749,1240,25,5696,25,2152,14,25
"1033","2020-05-17",164,12,229,458,7585,0.37587343441002,2085,8967,749,1240,30,5726,38,2190,18,38
"1034","2020-05-18",149,12,253,439,7585,0.37587343441002,2085,8967,749,1240,19,5745,34,2224,10,34
"1035","2020-05-19",145,12,259,408,7585,0.37587343441002,2085,8967,749,1240,24,5769,56,2280,22,56
"1036","2020-05-20",143,12,263,399,7585,0.37587343441002,2085,8967,749,1240,22,5791,49,2329,11,49
"1037","2020-05-21",140,12,265,383,7585,0.37587343441002,2085,8967,749,1240,23,5814,37,2366,16,37
"1038","2020-05-22",134,12,274,362,7585,0.37587343441002,2085,8967,749,1240,21,5835,40,2406,17,40
"1039","2020-05-23",118,12,264,342,7585,0.37587343441002,2085,8967,749,1240,25,5860,21,2427,14,21
"1040","2020-05-24",111,12,244,328,7585,0.37587343441002,2085,8967,749,1240,28,5888,25,2452,14,25
"1041","2020-05-25",108,12,246,317,7585,0.37587343441002,2085,8967,749,1240,18,5906,12,2464,8,12
"1042","2020-05-26",104,12,263,297,7585,0.37587343441002,2085,8967,749,1240,24,5930,13,2477,15,13
"1043","2020-05-27",101,12,258,267,7585,0.37587343441002,2085,8967,749,1240,22,5952,51,2528,13,51
"1044","2020-05-28",92,12,256,250,7585,0.37587343441002,2085,8967,749,1240,18,5970,22,2550,13,22
"1045","2020-05-29",88,12,260,237,7585,0.37587343441002,2085,8967,749,1240,20,5990,16,2566,11,16
"1046","2020-05-30",88,12,250,228,7585,0.37587343441002,2085,8967,749,1240,15,6005,13,2579,11,13
"1047","2020-05-31",81,12,255,218,7585,0.37587343441002,2085,8967,749,1240,12,6017,6,2585,6,6
"1048","2020-06-01",84,12,277,209,7585,0.37587343441002,2085,8967,749,1240,6,6023,19,2604,4,19
"1049","2020-06-02",81,12,274,206,7585,0.37587343441002,2085,8967,749,1240,13,6036,39,2643,7,39
"1050","2020-06-03",78,12,261,201,7585,0.37587343441002,2085,8967,749,1240,14,6050,26,2669,4,26
"1051","2020-06-04",72,12,231,191,7585,0.37587343441002,2085,8967,749,1240,5,6055,32,2701,1,32
"1052","2020-06-05",66,12,219,187,7585,0.37587343441002,2085,8967,749,1240,15,6070,48,2749,7,48
"1053","2020-06-06",62,12,222,175,7585,0.37587343441002,2085,8967,749,1240,19,6089,28,2777,8,28
"1054","2020-06-07",56,12,233,157,7585,0.37587343441002,2085,8967,749,1240,18,6107,31,2808,11,31
"1055","2020-03-13",1,13,102,64,6523,0.77479687260463,2010,7691,772,937,60,154,18,48,4,18
"1056","2020-03-14",4,13,122,95,6523,0.77479687260463,2010,7691,772,937,69,223,12,60,12,12
"1057","2020-03-15",15,13,144,127,6523,0.77479687260463,2010,7691,772,937,69,292,18,78,32,18
"1058","2020-03-16",16,13,150,162,6523,0.77479687260463,2010,7691,772,937,58,350,34,112,18,34
"1059","2020-03-17",20,13,177,208,6523,0.77479687260463,2010,7691,772,937,73,423,26,138,27,26
"1060","2020-03-18",30,13,192,264,6523,0.77479687260463,2010,7691,772,937,79,502,21,159,39,21
"1061","2020-03-19",37,13,213,334,6523,0.77479687260463,2010,7691,772,937,97,599,19,178,46,19
"1062","2020-03-20",57,13,228,401,6523,0.77479687260463,2010,7691,772,937,101,700,22,200,60,22
"1063","2020-03-21",73,13,220,474,6523,0.77479687260463,2010,7691,772,937,114,814,9,209,71,9
"1064","2020-03-22",114,13,211,540,6523,0.77479687260463,2010,7691,772,937,104,918,10,219,64,10
"1065","2020-03-23",131,13,215,615,6523,0.77479687260463,2010,7691,772,937,126,1044,16,235,66,16
"1066","2020-03-24",137,13,203,711,6523,0.77479687260463,2010,7691,772,937,125,1169,18,253,80,18
"1067","2020-03-25",145,13,201,808,6523,0.77479687260463,2010,7691,772,937,145,1314,19,272,96,19
"1068","2020-03-26",160,13,196,908,6523,0.77479687260463,2010,7691,772,937,116,1430,11,283,93,11
"1069","2020-03-27",223,13,203,988,6523,0.77479687260463,2010,7691,772,937,132,1562,34,317,83,34
"1070","2020-03-28",246,13,226,1114,6523,0.77479687260463,2010,7691,772,937,160,1722,41,358,121,41
"1071","2020-03-29",287,13,214,1256,6523,0.77479687260463,2010,7691,772,937,138,1860,53,411,90,53
"1072","2020-03-30",306,13,210,1335,6523,0.77479687260463,2010,7691,772,937,138,1998,48,459,98,48
"1073","2020-03-31",321,13,223,1442,6523,0.77479687260463,2010,7691,772,937,134,2132,25,484,95,25
"1074","2020-04-01",350,13,220,1590,6523,0.77479687260463,2010,7691,772,937,145,2277,40,524,109,40
"1075","2020-04-02",375,13,221,1681,6523,0.77479687260463,2010,7691,772,937,145,2422,39,563,105,39
"1076","2020-04-03",493,13,217,1750,6523,0.77479687260463,2010,7691,772,937,144,2566,36,599,105,36
"1077","2020-04-04",521,13,232,1869,6523,0.77479687260463,2010,7691,772,937,150,2716,33,632,106,33
"1078","2020-04-05",552,13,231,1918,6523,0.77479687260463,2010,7691,772,937,162,2878,22,654,103,22
"1079","2020-04-06",570,13,229,1979,6523,0.77479687260463,2010,7691,772,937,162,3040,53,707,121,53
"1080","2020-04-07",574,13,223,2020,6523,0.77479687260463,2010,7691,772,937,142,3182,31,738,108,31
"1081","2020-04-08",616,13,225,2049,6523,0.77479687260463,2010,7691,772,937,112,3294,20,758,72,20
"1082","2020-04-09",624,13,214,2074,6523,0.77479687260463,2010,7691,772,937,137,3431,30,788,90,30
"1083","2020-04-10",729,13,215,2153,6523,0.77479687260463,2010,7691,772,937,139,3570,42,830,93,42
"1084","2020-04-11",775,13,242,2132,6523,0.77479687260463,2010,7691,772,937,153,3723,54,884,98,54
"1085","2020-04-12",691,13,247,2082,6523,0.77479687260463,2010,7691,772,937,108,3831,41,925,69,41
"1086","2020-04-13",706,13,251,2048,6523,0.77479687260463,2010,7691,772,937,144,3975,17,942,99,17
"1087","2020-04-14",690,13,272,2002,6523,0.77479687260463,2010,7691,772,937,123,4098,17,959,83,17
"1088","2020-04-15",667,13,283,1932,6523,0.77479687260463,2010,7691,772,937,104,4202,21,980,66,21
"1089","2020-04-16",685,13,270,1874,6523,0.77479687260463,2010,7691,772,937,115,4317,54,1034,70,54
"1090","2020-04-17",708,13,239,1783,6523,0.77479687260463,2010,7691,772,937,106,4423,49,1083,71,49
"1091","2020-04-18",666,13,236,1699,6523,0.77479687260463,2010,7691,772,937,101,4524,38,1121,63,38
"1092","2020-04-19",640,13,225,1610,6523,0.77479687260463,2010,7691,772,937,96,4620,49,1170,67,49
"1093","2020-04-20",621,13,235,1513,6523,0.77479687260463,2010,7691,772,937,86,4706,24,1194,61,24
"1094","2020-04-21",583,13,268,1436,6523,0.77479687260463,2010,7691,772,937,81,4787,32,1226,51,32
"1095","2020-04-22",567,13,275,1352,6523,0.77479687260463,2010,7691,772,937,70,4857,40,1266,40,40
"1096","2020-04-23",541,13,265,1252,6523,0.77479687260463,2010,7691,772,937,70,4927,54,1320,39,54
"1097","2020-04-24",478,13,255,1156,6523,0.77479687260463,2010,7691,772,937,90,5017,61,1381,51,61
"1098","2020-04-25",471,13,250,1067,6523,0.77479687260463,2010,7691,772,937,71,5088,30,1411,46,30
"1099","2020-04-26",421,13,278,957,6523,0.77479687260463,2010,7691,772,937,63,5151,57,1468,39,57
"1100","2020-04-27",400,13,280,878,6523,0.77479687260463,2010,7691,772,937,56,5207,66,1534,28,66
"1101","2020-04-28",384,13,301,805,6523,0.77479687260463,2010,7691,772,937,53,5260,69,1603,28,69
"1102","2020-04-29",356,13,314,743,6523,0.77479687260463,2010,7691,772,937,55,5315,23,1626,28,23
"1103","2020-04-30",332,13,320,673,6523,0.77479687260463,2010,7691,772,937,45,5360,28,1654,17,28
"1104","2020-05-01",288,13,311,630,6523,0.77479687260463,2010,7691,772,937,47,5407,50,1704,30,50
"1105","2020-05-02",262,13,303,583,6523,0.77479687260463,2010,7691,772,937,49,5456,49,1753,24,49
"1106","2020-05-03",232,13,284,529,6523,0.77479687260463,2010,7691,772,937,53,5509,27,1780,21,27
"1107","2020-05-04",212,13,268,502,6523,0.77479687260463,2010,7691,772,937,38,5547,20,1800,12,20
"1108","2020-05-05",204,13,270,455,6523,0.77479687260463,2010,7691,772,937,46,5593,23,1823,20,23
"1109","2020-05-06",194,13,281,411,6523,0.77479687260463,2010,7691,772,937,31,5624,27,1850,15,27
"1110","2020-05-07",187,13,259,389,6523,0.77479687260463,2010,7691,772,937,42,5666,23,1873,15,23
"1111","2020-05-08",156,13,231,363,6523,0.77479687260463,2010,7691,772,937,40,5706,16,1889,16,16
"1112","2020-05-09",145,13,234,336,6523,0.77479687260463,2010,7691,772,937,40,5746,10,1899,16,10
"1113","2020-05-10",137,13,245,313,6523,0.77479687260463,2010,7691,772,937,37,5783,16,1915,18,16
"1114","2020-05-11",124,13,244,298,6523,0.77479687260463,2010,7691,772,937,31,5814,15,1930,17,15
"1115","2020-05-12",116,13,227,268,6523,0.77479687260463,2010,7691,772,937,28,5842,12,1942,13,12
"1116","2020-05-13",114,13,209,248,6523,0.77479687260463,2010,7691,772,937,30,5872,32,1974,12,32
"1117","2020-05-14",106,13,210,226,6523,0.77479687260463,2010,7691,772,937,30,5902,40,2014,10,40
"1118","2020-05-15",82,13,232,212,6523,0.77479687260463,2010,7691,772,937,30,5932,38,2052,14,38
"1119","2020-05-16",76,13,246,201,6523,0.77479687260463,2010,7691,772,937,26,5958,29,2081,11,29
"1120","2020-05-17",61,13,260,184,6523,0.77479687260463,2010,7691,772,937,25,5983,25,2106,11,25
"1121","2020-05-18",60,13,275,173,6523,0.77479687260463,2010,7691,772,937,23,6006,28,2134,6,28
"1122","2020-05-19",60,13,280,171,6523,0.77479687260463,2010,7691,772,937,22,6028,45,2179,6,45
"1123","2020-05-20",53,13,277,148,6523,0.77479687260463,2010,7691,772,937,17,6045,30,2209,6,30
"1124","2020-05-21",48,13,290,148,6523,0.77479687260463,2010,7691,772,937,25,6070,21,2230,9,21
"1125","2020-05-22",55,13,305,139,6523,0.77479687260463,2010,7691,772,937,14,6084,4,2234,5,4
"1126","2020-05-23",52,13,291,132,6523,0.77479687260463,2010,7691,772,937,14,6098,13,2247,4,13
"1127","2020-05-24",51,13,289,127,6523,0.77479687260463,2010,7691,772,937,12,6110,7,2254,3,7
"1128","2020-05-25",47,13,294,115,6523,0.77479687260463,2010,7691,772,937,11,6121,11,2265,7,11
"1129","2020-05-26",44,13,292,107,6523,0.77479687260463,2010,7691,772,937,19,6140,25,2290,6,25
"1130","2020-05-27",43,13,281,102,6523,0.77479687260463,2010,7691,772,937,18,6158,39,2329,5,39
"1131","2020-05-28",45,13,303,98,6523,0.77479687260463,2010,7691,772,937,17,6175,40,2369,7,40
"1132","2020-05-29",36,13,320,92,6523,0.77479687260463,2010,7691,772,937,15,6190,22,2391,5,22
"1133","2020-05-30",46,13,338,88,6523,0.77479687260463,2010,7691,772,937,8,6198,40,2431,3,40
"1134","2020-05-31",38,13,319,79,6523,0.77479687260463,2010,7691,772,937,12,6210,16,2447,2,16
"1135","2020-06-01",29,13,295,79,6523,0.77479687260463,2010,7691,772,937,13,6223,40,2487,4,40
"1136","2020-06-02",28,13,281,74,6523,0.77479687260463,2010,7691,772,937,15,6238,18,2505,7,18
"1137","2020-06-03",28,13,273,78,6523,0.77479687260463,2010,7691,772,937,12,6250,20,2525,3,20
"1138","2020-06-04",27,13,250,73,6523,0.77479687260463,2010,7691,772,937,13,6263,10,2535,2,10
"1139","2020-06-05",32,13,213,69,6523,0.77479687260463,2010,7691,772,937,14,6277,28,2563,6,28
"1140","2020-06-06",21,13,211,65,6523,0.77479687260463,2010,7691,772,937,13,6290,18,2581,4,18
"1141","2020-06-07",18,13,229,64,6523,0.77479687260463,2010,7691,772,937,14,6304,25,2606,2,25
"1142","2020-03-13",1,14,84,108,7062,0.801897479467573,1920,7168,649,1720,59,162,51,104,20,51
"1143","2020-03-14",6,14,123,148,7062,0.801897479467573,1920,7168,649,1720,74,236,42,146,39,42
"1144","2020-03-15",20,14,131,203,7062,0.801897479467573,1920,7168,649,1720,76,312,52,198,43,52
"1145","2020-03-16",33,14,133,267,7062,0.801897479467573,1920,7168,649,1720,89,401,26,224,54,26
"1146","2020-03-17",38,14,132,343,7062,0.801897479467573,1920,7168,649,1720,100,501,56,280,64,56
"1147","2020-03-18",54,14,153,427,7062,0.801897479467573,1920,7168,649,1720,119,620,43,323,86,43
"1148","2020-03-19",71,14,142,549,7062,0.801897479467573,1920,7168,649,1720,119,739,32,355,91,32
"1149","2020-03-20",106,14,154,629,7062,0.801897479467573,1920,7168,649,1720,106,845,37,392,79,37
"1150","2020-03-21",180,14,195,731,7062,0.801897479467573,1920,7168,649,1720,149,994,27,419,116,27
"1151","2020-03-22",189,14,218,864,7062,0.801897479467573,1920,7168,649,1720,150,1144,18,437,109,18
"1152","2020-03-23",191,14,228,974,7062,0.801897479467573,1920,7168,649,1720,132,1276,23,460,99,23
"1153","2020-03-24",211,14,219,1087,7062,0.801897479467573,1920,7168,649,1720,134,1410,50,510,95,50
"1154","2020-03-25",239,14,237,1188,7062,0.801897479467573,1920,7168,649,1720,167,1577,21,531,130,21
"1155","2020-03-26",281,14,233,1297,7062,0.801897479467573,1920,7168,649,1720,155,1732,33,564,122,33
"1156","2020-03-27",397,14,231,1386,7062,0.801897479467573,1920,7168,649,1720,128,1860,19,583,93,19
"1157","2020-03-28",395,14,247,1529,7062,0.801897479467573,1920,7168,649,1720,123,1983,20,603,99,20
"1158","2020-03-29",454,14,281,1632,7062,0.801897479467573,1920,7168,649,1720,177,2160,36,639,142,36
"1159","2020-03-30",475,14,318,1746,7062,0.801897479467573,1920,7168,649,1720,166,2326,34,673,127,34
"1160","2020-03-31",492,14,330,1859,7062,0.801897479467573,1920,7168,649,1720,150,2476,19,692,123,19
"1161","2020-04-01",526,14,313,1952,7062,0.801897479467573,1920,7168,649,1720,163,2639,18,710,128,18
"1162","2020-04-02",550,14,304,2078,7062,0.801897479467573,1920,7168,649,1720,146,2785,9,719,107,9
"1163","2020-04-03",706,14,287,2117,7062,0.801897479467573,1920,7168,649,1720,135,2920,11,730,97,11
"1164","2020-04-04",757,14,295,2152,7062,0.801897479467573,1920,7168,649,1720,129,3049,15,745,93,15
"1165","2020-04-05",677,14,283,2189,7062,0.801897479467573,1920,7168,649,1720,156,3205,18,763,119,18
"1166","2020-04-06",692,14,281,2222,7062,0.801897479467573,1920,7168,649,1720,148,3353,25,788,107,25
"1167","2020-04-07",695,14,243,2211,7062,0.801897479467573,1920,7168,649,1720,142,3495,38,826,112,38
"1168","2020-04-08",696,14,238,2220,7062,0.801897479467573,1920,7168,649,1720,129,3624,22,848,94,22
"1169","2020-04-09",696,14,211,2167,7062,0.801897479467573,1920,7168,649,1720,102,3726,14,862,77,14
"1170","2020-04-10",729,14,184,2095,7062,0.801897479467573,1920,7168,649,1720,122,3848,37,899,93,37
"1171","2020-04-11",693,14,207,2056,7062,0.801897479467573,1920,7168,649,1720,134,3982,22,921,99,22
"1172","2020-04-12",670,14,254,1961,7062,0.801897479467573,1920,7168,649,1720,121,4103,21,942,84,21
"1173","2020-04-13",647,14,290,1881,7062,0.801897479467573,1920,7168,649,1720,125,4228,23,965,92,23
"1174","2020-04-14",622,14,321,1821,7062,0.801897479467573,1920,7168,649,1720,80,4308,21,986,53,21
"1175","2020-04-15",610,14,331,1762,7062,0.801897479467573,1920,7168,649,1720,99,4407,9,995,72,9
"1176","2020-04-16",590,14,317,1672,7062,0.801897479467573,1920,7168,649,1720,101,4508,11,1006,72,11
"1177","2020-04-17",575,14,296,1582,7062,0.801897479467573,1920,7168,649,1720,96,4604,27,1033,71,27
"1178","2020-04-18",580,14,272,1519,7062,0.801897479467573,1920,7168,649,1720,84,4688,22,1055,55,22
"1179","2020-04-19",505,14,254,1430,7062,0.801897479467573,1920,7168,649,1720,80,4768,25,1080,59,25
"1180","2020-04-20",503,14,270,1334,7062,0.801897479467573,1920,7168,649,1720,73,4841,21,1101,49,21
"1181","2020-04-21",499,14,281,1244,7062,0.801897479467573,1920,7168,649,1720,73,4914,22,1123,58,22
"1182","2020-04-22",495,14,274,1157,7062,0.801897479467573,1920,7168,649,1720,78,4992,20,1143,50,20
"1183","2020-04-23",471,14,272,1072,7062,0.801897479467573,1920,7168,649,1720,68,5060,36,1179,46,36
"1184","2020-04-24",427,14,254,982,7062,0.801897479467573,1920,7168,649,1720,70,5130,17,1196,48,17
"1185","2020-04-25",408,14,243,927,7062,0.801897479467573,1920,7168,649,1720,69,5199,28,1224,47,28
"1186","2020-04-26",369,14,243,843,7062,0.801897479467573,1920,7168,649,1720,65,5264,20,1244,39,20
"1187","2020-04-27",334,14,249,788,7062,0.801897479467573,1920,7168,649,1720,63,5327,11,1255,46,11
"1188","2020-04-28",314,14,244,735,7062,0.801897479467573,1920,7168,649,1720,62,5389,3,1258,35,3
"1189","2020-04-29",277,14,259,677,7062,0.801897479467573,1920,7168,649,1720,53,5442,17,1275,31,17
"1190","2020-04-30",254,14,234,611,7062,0.801897479467573,1920,7168,649,1720,46,5488,34,1309,27,34
"1191","2020-05-01",255,14,232,548,7062,0.801897479467573,1920,7168,649,1720,49,5537,15,1324,32,15
"1192","2020-05-02",237,14,228,514,7062,0.801897479467573,1920,7168,649,1720,46,5583,20,1344,23,20
"1193","2020-05-03",211,14,213,470,7062,0.801897479467573,1920,7168,649,1720,43,5626,15,1359,27,15
"1194","2020-05-04",202,14,210,433,7062,0.801897479467573,1920,7168,649,1720,35,5661,10,1369,19,10
"1195","2020-05-05",194,14,209,402,7062,0.801897479467573,1920,7168,649,1720,44,5705,6,1375,26,6
"1196","2020-05-06",189,14,203,376,7062,0.801897479467573,1920,7168,649,1720,30,5735,2,1377,13,2
"1197","2020-05-07",183,14,214,351,7062,0.801897479467573,1920,7168,649,1720,34,5769,11,1388,19,11
"1198","2020-05-08",133,14,237,314,7062,0.801897479467573,1920,7168,649,1720,48,5817,21,1409,25,21
"1199","2020-05-09",113,14,253,293,7062,0.801897479467573,1920,7168,649,1720,27,5844,12,1421,12,12
"1200","2020-05-10",109,14,234,267,7062,0.801897479467573,1920,7168,649,1720,32,5876,8,1429,18,8
"1201","2020-05-11",105,14,255,254,7062,0.801897479467573,1920,7168,649,1720,34,5910,51,1480,19,51
"1202","2020-05-12",91,14,271,237,7062,0.801897479467573,1920,7168,649,1720,28,5938,31,1511,14,31
"1203","2020-05-13",75,14,256,228,7062,0.801897479467573,1920,7168,649,1720,41,5979,56,1567,26,56
"1204","2020-05-14",77,14,258,217,7062,0.801897479467573,1920,7168,649,1720,34,6013,46,1613,19,46
"1205","2020-05-15",73,14,267,212,7062,0.801897479467573,1920,7168,649,1720,36,6049,24,1637,23,24
"1206","2020-05-16",70,14,281,206,7062,0.801897479467573,1920,7168,649,1720,29,6078,12,1649,13,12
"1207","2020-05-17",60,14,275,194,7062,0.801897479467573,1920,7168,649,1720,36,6114,28,1677,23,28
"1208","2020-05-18",63,14,269,185,7062,0.801897479467573,1920,7168,649,1720,31,6145,23,1700,22,23
"1209","2020-05-19",58,14,257,186,7062,0.801897479467573,1920,7168,649,1720,23,6168,21,1721,10,21
"1210","2020-05-20",55,14,258,183,7062,0.801897479467573,1920,7168,649,1720,15,6183,17,1738,10,17
"1211","2020-05-21",52,14,251,178,7062,0.801897479467573,1920,7168,649,1720,25,6208,21,1759,12,21
"1212","2020-05-22",51,14,245,178,7062,0.801897479467573,1920,7168,649,1720,24,6232,27,1786,12,27
"1213","2020-05-23",57,14,254,178,7062,0.801897479467573,1920,7168,649,1720,20,6252,16,1802,10,16
"1214","2020-05-24",67,14,245,177,7062,0.801897479467573,1920,7168,649,1720,13,6265,20,1822,7,20
"1215","2020-05-25",60,14,233,174,7062,0.801897479467573,1920,7168,649,1720,22,6287,17,1839,13,17
"1216","2020-05-26",59,14,239,171,7062,0.801897479467573,1920,7168,649,1720,27,6314,23,1862,14,23
"1217","2020-05-27",63,14,236,164,7062,0.801897479467573,1920,7168,649,1720,7,6321,24,1886,3,24
"1218","2020-05-28",64,14,210,150,7062,0.801897479467573,1920,7168,649,1720,16,6337,23,1909,10,23
"1219","2020-05-29",60,14,202,149,7062,0.801897479467573,1920,7168,649,1720,17,6354,39,1948,11,39
"1220","2020-05-30",55,14,200,143,7062,0.801897479467573,1920,7168,649,1720,22,6376,13,1961,15,13
"1221","2020-05-31",48,14,199,138,7062,0.801897479467573,1920,7168,649,1720,16,6392,9,1970,7,9
"1222","2020-06-01",49,14,230,129,7062,0.801897479467573,1920,7168,649,1720,14,6406,9,1979,8,9
"1223","2020-06-02",47,14,246,128,7062,0.801897479467573,1920,7168,649,1720,16,6422,35,2014,8,35
"1224","2020-06-03",45,14,248,115,7062,0.801897479467573,1920,7168,649,1720,12,6434,46,2060,6,46
"1225","2020-06-04",37,14,272,108,7062,0.801897479467573,1920,7168,649,1720,11,6445,31,2091,5,31
"1226","2020-06-05",37,14,290,105,7062,0.801897479467573,1920,7168,649,1720,9,6454,30,2121,8,30
"1227","2020-06-06",38,14,295,103,7062,0.801897479467573,1920,7168,649,1720,10,6464,44,2165,6,44
"1228","2020-06-07",35,14,274,101,7062,0.801897479467573,1920,7168,649,1720,15,6479,27,2192,8,27
"1229","2020-03-13",5,15,155,281,8554,0.398760813654431,2055,9449,850,2491,101,281,7,50,9,7
"1230","2020-03-14",48,15,254,403,8554,0.398760813654431,2055,9449,850,2491,104,385,4,54,18,4
"1231","2020-03-15",56,15,306,527,8554,0.398760813654431,2055,9449,850,2491,111,496,11,65,33,11
"1232","2020-03-16",57,15,300,669,8554,0.398760813654431,2055,9449,850,2491,113,609,29,94,45,29
"1233","2020-03-17",74,15,276,818,8554,0.398760813654431,2055,9449,850,2491,120,729,27,121,39,27
"1234","2020-03-18",109,15,243,976,8554,0.398760813654431,2055,9449,850,2491,125,854,26,147,42,26
"1235","2020-03-19",142,15,207,1095,8554,0.398760813654431,2055,9449,850,2491,131,985,19,166,54,19
"1236","2020-03-20",234,15,213,1181,8554,0.398760813654431,2055,9449,850,2491,146,1131,9,175,74,9
"1237","2020-03-21",282,15,217,1296,8554,0.398760813654431,2055,9449,850,2491,146,1277,17,192,64,17
"1238","2020-03-22",396,15,276,1389,8554,0.398760813654431,2055,9449,850,2491,127,1404,32,224,57,32
"1239","2020-03-23",429,15,303,1488,8554,0.398760813654431,2055,9449,850,2491,141,1545,18,242,56,18
"1240","2020-03-24",441,15,274,1557,8554,0.398760813654431,2055,9449,850,2491,125,1670,40,282,68,40
"1241","2020-03-25",466,15,276,1629,8554,0.398760813654431,2055,9449,850,2491,151,1821,44,326,72,44
"1242","2020-03-26",481,15,259,1663,8554,0.398760813654431,2055,9449,850,2491,136,1957,56,382,67,56
"1243","2020-03-27",612,15,261,1670,8554,0.398760813654431,2055,9449,850,2491,149,2106,33,415,68,33
"1244","2020-03-28",614,15,252,1670,8554,0.398760813654431,2055,9449,850,2491,133,2239,49,464,67,49
"1245","2020-03-29",512,15,225,1701,8554,0.398760813654431,2055,9449,850,2491,121,2360,55,519,57,55
"1246","2020-03-30",513,15,219,1703,8554,0.398760813654431,2055,9449,850,2491,144,2504,32,551,61,32
"1247","2020-03-31",523,15,207,1704,8554,0.398760813654431,2055,9449,850,2491,146,2650,18,569,66,18
"1248","2020-04-01",525,15,218,1700,8554,0.398760813654431,2055,9449,850,2491,128,2778,21,590,61,21
"1249","2020-04-02",550,15,276,1711,8554,0.398760813654431,2055,9449,850,2491,127,2905,14,604,56,14
"1250","2020-04-03",580,15,260,1681,8554,0.398760813654431,2055,9449,850,2491,122,3027,17,621,50,17
"1251","2020-04-04",592,15,230,1649,8554,0.398760813654431,2055,9449,850,2491,127,3154,8,629,53,8
"1252","2020-04-05",544,15,226,1663,8554,0.398760813654431,2055,9449,850,2491,104,3258,67,696,44,67
"1253","2020-04-06",514,15,220,1646,8554,0.398760813654431,2055,9449,850,2491,118,3376,56,752,57,56
"1254","2020-04-07",496,15,214,1630,8554,0.398760813654431,2055,9449,850,2491,122,3498,42,794,44,42
"1255","2020-04-08",510,15,204,1613,8554,0.398760813654431,2055,9449,850,2491,121,3619,31,825,45,31
"1256","2020-04-09",499,15,225,1588,8554,0.398760813654431,2055,9449,850,2491,109,3728,30,855,42,30
"1257","2020-04-10",574,15,226,1554,8554,0.398760813654431,2055,9449,850,2491,107,3835,17,872,35,17
"1258","2020-04-11",572,15,205,1546,8554,0.398760813654431,2055,9449,850,2491,98,3933,16,888,33,16
"1259","2020-04-12",534,15,221,1492,8554,0.398760813654431,2055,9449,850,2491,106,4039,17,905,43,17
"1260","2020-04-13",551,15,289,1470,8554,0.398760813654431,2055,9449,850,2491,90,4129,52,957,36,52
"1261","2020-04-14",542,15,325,1432,8554,0.398760813654431,2055,9449,850,2491,96,4225,21,978,31,21
"1262","2020-04-15",505,15,337,1400,8554,0.398760813654431,2055,9449,850,2491,104,4329,24,1002,40,24
"1263","2020-04-16",486,15,323,1397,8554,0.398760813654431,2055,9449,850,2491,102,4431,14,1016,34,14
"1264","2020-04-17",481,15,300,1388,8554,0.398760813654431,2055,9449,850,2491,102,4533,21,1037,31,21
"1265","2020-04-18",448,15,271,1343,8554,0.398760813654431,2055,9449,850,2491,91,4624,15,1052,40,15
"1266","2020-04-19",406,15,246,1334,8554,0.398760813654431,2055,9449,850,2491,92,4716,57,1109,27,57
"1267","2020-04-20",390,15,247,1294,8554,0.398760813654431,2055,9449,850,2491,76,4792,53,1162,20,53
"1268","2020-04-21",388,15,273,1249,8554,0.398760813654431,2055,9449,850,2491,92,4884,29,1191,29,29
"1269","2020-04-22",403,15,266,1207,8554,0.398760813654431,2055,9449,850,2491,80,4964,34,1225,25,34
"1270","2020-04-23",401,15,273,1171,8554,0.398760813654431,2055,9449,850,2491,81,5045,41,1266,24,41
"1271","2020-04-24",393,15,298,1127,8554,0.398760813654431,2055,9449,850,2491,73,5118,51,1317,22,51
"1272","2020-04-25",393,15,281,1095,8554,0.398760813654431,2055,9449,850,2491,69,5187,45,1362,24,45
"1273","2020-04-26",368,15,269,1078,8554,0.398760813654431,2055,9449,850,2491,86,5273,40,1402,30,40
"1274","2020-04-27",362,15,268,1035,8554,0.398760813654431,2055,9449,850,2491,58,5331,59,1461,14,59
"1275","2020-04-28",351,15,257,989,8554,0.398760813654431,2055,9449,850,2491,71,5402,55,1516,17,55
"1276","2020-04-29",335,15,241,965,8554,0.398760813654431,2055,9449,850,2491,64,5466,36,1552,15,36
"1277","2020-04-30",327,15,242,944,8554,0.398760813654431,2055,9449,850,2491,59,5525,26,1578,17,26
"1278","2020-05-01",320,15,223,909,8554,0.398760813654431,2055,9449,850,2491,54,5579,51,1629,13,51
"1279","2020-05-02",322,15,205,873,8554,0.398760813654431,2055,9449,850,2491,50,5629,29,1658,11,29
"1280","2020-05-03",306,15,198,836,8554,0.398760813654431,2055,9449,850,2491,56,5685,21,1679,14,21
"1281","2020-05-04",291,15,203,789,8554,0.398760813654431,2055,9449,850,2491,42,5727,24,1703,8,24
"1282","2020-05-05",287,15,198,758,8554,0.398760813654431,2055,9449,850,2491,52,5779,44,1747,15,44
"1283","2020-05-06",275,15,215,741,8554,0.398760813654431,2055,9449,850,2491,48,5827,61,1808,15,61
"1284","2020-05-07",262,15,246,709,8554,0.398760813654431,2055,9449,850,2491,47,5874,24,1832,7,24
"1285","2020-05-08",263,15,240,676,8554,0.398760813654431,2055,9449,850,2491,39,5913,21,1853,9,21
"1286","2020-05-09",252,15,238,651,8554,0.398760813654431,2055,9449,850,2491,37,5950,27,1880,12,27
"1287","2020-05-10",214,15,240,623,8554,0.398760813654431,2055,9449,850,2491,66,6016,51,1931,19,51
"1288","2020-05-11",208,15,229,587,8554,0.398760813654431,2055,9449,850,2491,37,6053,46,1977,13,46
"1289","2020-05-12",192,15,201,564,8554,0.398760813654431,2055,9449,850,2491,46,6099,51,2028,12,51
"1290","2020-05-13",182,15,213,539,8554,0.398760813654431,2055,9449,850,2491,41,6140,56,2084,7,56
"1291","2020-05-14",173,15,204,509,8554,0.398760813654431,2055,9449,850,2491,27,6167,35,2119,9,35
"1292","2020-05-15",160,15,289,515,8554,0.398760813654431,2055,9449,850,2491,39,6206,18,2137,9,18
"1293","2020-05-16",162,15,285,507,8554,0.398760813654431,2055,9449,850,2491,30,6236,20,2157,6,20
"1294","2020-05-17",160,15,261,507,8554,0.398760813654431,2055,9449,850,2491,20,6256,7,2164,5,7
"1295","2020-05-18",164,15,264,480,8554,0.398760813654431,2055,9449,850,2491,21,6277,9,2173,4,9
"1296","2020-05-19",159,15,242,454,8554,0.398760813654431,2055,9449,850,2491,31,6308,36,2209,8,36
"1297","2020-05-20",159,15,224,424,8554,0.398760813654431,2055,9449,850,2491,29,6337,20,2229,8,20
"1298","2020-05-21",165,15,234,396,8554,0.398760813654431,2055,9449,850,2491,30,6367,24,2253,3,24
"1299","2020-05-22",147,15,269,380,8554,0.398760813654431,2055,9449,850,2491,29,6396,43,2296,5,43
"1300","2020-05-23",145,15,249,358,8554,0.398760813654431,2055,9449,850,2491,16,6412,47,2343,7,47
"1301","2020-05-24",139,15,232,336,8554,0.398760813654431,2055,9449,850,2491,19,6431,52,2395,4,52
"1302","2020-05-25",128,15,226,312,8554,0.398760813654431,2055,9449,850,2491,19,6450,42,2437,2,42
"1303","2020-05-26",114,15,202,297,8554,0.398760813654431,2055,9449,850,2491,21,6471,28,2465,2,28
"1304","2020-05-27",106,15,233,277,8554,0.398760813654431,2055,9449,850,2491,13,6484,16,2481,NA,16
"1305","2020-05-28",99,15,236,266,8554,0.398760813654431,2055,9449,850,2491,16,6500,14,2495,1,14
"1306","2020-05-29",109,15,255,253,8554,0.398760813654431,2055,9449,850,2491,21,6521,30,2525,3,30
"1307","2020-05-30",97,15,246,246,8554,0.398760813654431,2055,9449,850,2491,14,6535,22,2547,4,22
"1308","2020-05-31",84,15,253,238,8554,0.398760813654431,2055,9449,850,2491,18,6553,19,2566,5,19
"1309","2020-06-01",82,15,222,223,8554,0.398760813654431,2055,9449,850,2491,16,6569,16,2582,3,16
"1310","2020-06-02",83,15,217,219,8554,0.398760813654431,2055,9449,850,2491,11,6580,11,2593,3,11
"1311","2020-06-03",81,15,202,213,8554,0.398760813654431,2055,9449,850,2491,20,6600,19,2612,1,19
"1312","2020-06-04",76,15,198,214,8554,0.398760813654431,2055,9449,850,2491,16,6616,38,2650,NA,38
"1313","2020-06-05",69,15,245,202,8554,0.398760813654431,2055,9449,850,2491,12,6628,13,2663,1,13
"1314","2020-06-06",74,15,261,191,8554,0.398760813654431,2055,9449,850,2491,12,6640,22,2685,2,22
"1315","2020-06-07",66,15,231,192,8554,0.398760813654431,2055,9449,850,2491,13,6653,21,2706,2,21
"1316","2020-03-08",1,16,0,0,6875,0.749236363636364,2040,7618,796,2294,NA,NA,NA,NA,NA,NA
"1317","2020-03-09",1,16,0,0,6875,0.749236363636364,2040,7618,796,2294,NA,NA,NA,NA,NA,NA
"1318","2020-03-10",0,16,0,0,6875,0.749236363636364,2040,7618,796,2294,2,2,7,7,2,7
"1319","2020-03-11",0,16,0,0,6875,0.749236363636364,2040,7618,796,2294,54,56,25,32,1,25
"1320","2020-03-12",0,16,0,0,6875,0.749236363636364,2040,7618,796,2294,86,142,60,92,7,60
"1321","2020-03-13",1,16,125,109,6875,0.749236363636364,2040,7618,796,2294,85,227,44,136,11,44
"1322","2020-03-14",10,16,116,154,6875,0.749236363636364,2040,7618,796,2294,91,318,47,183,33,47
"1323","2020-03-15",14,16,121,213,6875,0.749236363636364,2040,7618,796,2294,100,418,21,204,39,21
"1324","2020-03-16",15,16,141,259,6875,0.749236363636364,2040,7618,796,2294,111,529,38,242,50,38
"1325","2020-03-17",27,16,166,337,6875,0.749236363636364,2040,7618,796,2294,116,645,37,279,58,37
"1326","2020-03-18",46,16,188,407,6875,0.749236363636364,2040,7618,796,2294,133,778,65,344,71,65
"1327","2020-03-19",58,16,224,486,6875,0.749236363636364,2040,7618,796,2294,162,940,64,408,99,64
"1328","2020-03-20",96,16,228,571,6875,0.749236363636364,2040,7618,796,2294,161,1101,49,457,111,49
"1329","2020-03-21",158,16,217,667,6875,0.749236363636364,2040,7618,796,2294,168,1269,42,499,106,42
"1330","2020-03-22",187,16,201,784,6875,0.749236363636364,2040,7618,796,2294,168,1437,36,535,119,36
"1331","2020-03-23",189,16,194,889,6875,0.749236363636364,2040,7618,796,2294,154,1591,58,593,104,58
"1332","2020-03-24",198,16,196,972,6875,0.749236363636364,2040,7618,796,2294,184,1775,42,635,128,42
"1333","2020-03-25",218,16,196,1053,6875,0.749236363636364,2040,7618,796,2294,153,1928,38,673,97,38
"1334","2020-03-26",256,16,238,1144,6875,0.749236363636364,2040,7618,796,2294,161,2089,43,716,106,43
"1335","2020-03-27",370,16,237,1245,6875,0.749236363636364,2040,7618,796,2294,182,2271,43,759,124,43
"1336","2020-03-28",398,16,244,1350,6875,0.749236363636364,2040,7618,796,2294,141,2412,30,789,94,30
"1337","2020-03-29",384,16,258,1443,6875,0.749236363636364,2040,7618,796,2294,173,2585,38,827,122,38
"1338","2020-03-30",387,16,234,1568,6875,0.749236363636364,2040,7618,796,2294,174,2759,20,847,124,20
"1339","2020-03-31",396,16,247,1674,6875,0.749236363636364,2040,7618,796,2294,163,2922,23,870,111,23
"1340","2020-04-01",404,16,241,1799,6875,0.749236363636364,2040,7618,796,2294,136,3058,36,906,93,36
"1341","2020-04-02",426,16,244,1897,6875,0.749236363636364,2040,7618,796,2294,146,3204,32,938,98,32
"1342","2020-04-03",522,16,226,1976,6875,0.749236363636364,2040,7618,796,2294,159,3363,26,964,112,26
"1343","2020-04-04",585,16,221,2021,6875,0.749236363636364,2040,7618,796,2294,141,3504,20,984,89,20
"1344","2020-04-05",620,16,224,2089,6875,0.749236363636364,2040,7618,796,2294,159,3663,21,1005,114,21
"1345","2020-04-06",624,16,224,2136,6875,0.749236363636364,2040,7618,796,2294,132,3795,43,1048,94,43
"1346","2020-04-07",658,16,246,2157,6875,0.749236363636364,2040,7618,796,2294,128,3923,31,1079,87,31
"1347","2020-04-08",689,16,244,2164,6875,0.749236363636364,2040,7618,796,2294,129,4052,36,1115,68,36
"1348","2020-04-09",708,16,242,2165,6875,0.749236363636364,2040,7618,796,2294,117,4169,22,1137,66,22
"1349","2020-04-10",821,16,218,2141,6875,0.749236363636364,2040,7618,796,2294,125,4294,26,1163,90,26
"1350","2020-04-11",786,16,207,2123,6875,0.749236363636364,2040,7618,796,2294,126,4420,20,1183,82,20
"1351","2020-04-12",703,16,201,2061,6875,0.749236363636364,2040,7618,796,2294,94,4514,44,1227,56,44
"1352","2020-04-13",709,16,176,2009,6875,0.749236363636364,2040,7618,796,2294,90,4604,34,1261,59,34
"1353","2020-04-14",699,16,183,1954,6875,0.749236363636364,2040,7618,796,2294,92,4696,23,1284,52,23
"1354","2020-04-15",674,16,192,1845,6875,0.749236363636364,2040,7618,796,2294,80,4776,48,1332,46,48
"1355","2020-04-16",650,16,181,1760,6875,0.749236363636364,2040,7618,796,2294,83,4859,64,1396,43,64
"1356","2020-04-17",630,16,190,1668,6875,0.749236363636364,2040,7618,796,2294,91,4950,37,1433,53,37
"1357","2020-04-18",620,16,217,1567,6875,0.749236363636364,2040,7618,796,2294,75,5025,41,1474,32,41
"1358","2020-04-19",590,16,220,1478,6875,0.749236363636364,2040,7618,796,2294,79,5104,29,1503,37,29
"1359","2020-04-20",561,16,234,1378,6875,0.749236363636364,2040,7618,796,2294,69,5173,21,1524,32,21
"1360","2020-04-21",538,16,266,1285,6875,0.749236363636364,2040,7618,796,2294,72,5245,27,1551,43,27
"1361","2020-04-22",536,16,271,1205,6875,0.749236363636364,2040,7618,796,2294,73,5318,31,1582,39,31
"1362","2020-04-23",509,16,259,1109,6875,0.749236363636364,2040,7618,796,2294,68,5386,30,1612,31,30
"1363","2020-04-24",445,16,265,1018,6875,0.749236363636364,2040,7618,796,2294,56,5442,26,1638,21,26
"1364","2020-04-25",437,16,283,941,6875,0.749236363636364,2040,7618,796,2294,62,5504,28,1666,24,28
"1365","2020-04-26",391,16,273,855,6875,0.749236363636364,2040,7618,796,2294,64,5568,21,1687,29,21
"1366","2020-04-27",382,16,261,776,6875,0.749236363636364,2040,7618,796,2294,62,5630,31,1718,30,31
"1367","2020-04-28",353,16,249,694,6875,0.749236363636364,2040,7618,796,2294,64,5694,39,1757,27,39
"1368","2020-04-29",325,16,255,646,6875,0.749236363636364,2040,7618,796,2294,37,5731,40,1797,13,40
"1369","2020-04-30",303,16,248,596,6875,0.749236363636364,2040,7618,796,2294,45,5776,25,1822,21,25
"1370","2020-05-01",255,16,257,536,6875,0.749236363636364,2040,7618,796,2294,45,5821,39,1861,16,39
"1371","2020-05-02",230,16,252,504,6875,0.749236363636364,2040,7618,796,2294,47,5868,36,1897,22,36
"1372","2020-05-03",191,16,244,468,6875,0.749236363636364,2040,7618,796,2294,46,5914,38,1935,17,38
"1373","2020-05-04",161,16,218,431,6875,0.749236363636364,2040,7618,796,2294,44,5958,45,1980,11,45
"1374","2020-05-05",152,16,215,406,6875,0.749236363636364,2040,7618,796,2294,55,6013,28,2008,22,28
"1375","2020-05-06",142,16,220,387,6875,0.749236363636364,2040,7618,796,2294,38,6051,27,2035,19,27
"1376","2020-05-07",141,16,240,356,6875,0.749236363636364,2040,7618,796,2294,35,6086,25,2060,15,25
"1377","2020-05-08",111,16,270,313,6875,0.749236363636364,2040,7618,796,2294,27,6113,24,2084,4,24
"1378","2020-05-09",105,16,247,301,6875,0.749236363636364,2040,7618,796,2294,29,6142,32,2116,10,32
"1379","2020-05-10",109,16,228,292,6875,0.749236363636364,2040,7618,796,2294,23,6165,25,2141,6,25
"1380","2020-05-11",103,16,214,278,6875,0.749236363636364,2040,7618,796,2294,28,6193,43,2184,9,43
"1381","2020-05-12",93,16,195,267,6875,0.749236363636364,2040,7618,796,2294,24,6217,32,2216,5,32
"1382","2020-05-13",91,16,216,253,6875,0.749236363636364,2040,7618,796,2294,29,6246,29,2245,8,29
"1383","2020-05-14",83,16,212,240,6875,0.749236363636364,2040,7618,796,2294,22,6268,32,2277,6,32
"1384","2020-05-15",85,16,214,229,6875,0.749236363636364,2040,7618,796,2294,24,6292,34,2311,5,34
"1385","2020-05-16",82,16,220,225,6875,0.749236363636364,2040,7618,796,2294,22,6314,36,2347,6,36
"1386","2020-05-17",68,16,225,210,6875,0.749236363636364,2040,7618,796,2294,29,6343,35,2382,11,35
"1387","2020-05-18",69,16,200,200,6875,0.749236363636364,2040,7618,796,2294,20,6363,57,2439,7,57
"1388","2020-05-19",68,16,233,181,6875,0.749236363636364,2040,7618,796,2294,22,6385,57,2496,5,57
"1389","2020-05-20",62,16,231,174,6875,0.749236363636364,2040,7618,796,2294,24,6409,41,2537,7,41
"1390","2020-05-21",62,16,227,156,6875,0.749236363636364,2040,7618,796,2294,16,6425,40,2577,5,40
"1391","2020-05-22",52,16,210,148,6875,0.749236363636364,2040,7618,796,2294,18,6443,40,2617,7,40
"1392","2020-05-23",52,16,208,144,6875,0.749236363636364,2040,7618,796,2294,22,6465,49,2666,4,49
"1393","2020-05-24",51,16,208,141,6875,0.749236363636364,2040,7618,796,2294,15,6480,38,2704,4,38
"1394","2020-05-25",52,16,199,134,6875,0.749236363636364,2040,7618,796,2294,12,6492,42,2746,6,42
"1395","2020-05-26",50,16,199,127,6875,0.749236363636364,2040,7618,796,2294,13,6505,68,2814,4,68
"1396","2020-05-27",51,16,192,127,6875,0.749236363636364,2040,7618,796,2294,22,6527,47,2861,7,47
"1397","2020-05-28",47,16,200,123,6875,0.749236363636364,2040,7618,796,2294,15,6542,52,2913,4,52
"1398","2020-05-29",49,16,201,122,6875,0.749236363636364,2040,7618,796,2294,15,6557,43,2956,1,43
"1399","2020-05-30",46,16,218,110,6875,0.749236363636364,2040,7618,796,2294,11,6568,36,2992,4,36
"1400","2020-05-31",46,16,235,109,6875,0.749236363636364,2040,7618,796,2294,5,6573,24,3016,1,24
"1401","2020-06-01",38,16,235,105,6875,0.749236363636364,2040,7618,796,2294,6,6579,34,3050,NA,34
"1402","2020-06-02",36,16,269,102,6875,0.749236363636364,2040,7618,796,2294,13,6592,30,3080,6,30
"1403","2020-06-03",35,16,263,94,6875,0.749236363636364,2040,7618,796,2294,12,6604,30,3110,3,30
"1404","2020-06-04",36,16,257,95,6875,0.749236363636364,2040,7618,796,2294,9,6613,35,3145,2,35
"1405","2020-06-05",36,16,237,96,6875,0.749236363636364,2040,7618,796,2294,11,6624,36,3181,5,36
"1406","2020-06-06",32,16,238,89,6875,0.749236363636364,2040,7618,796,2294,8,6632,54,3235,1,54
"1407","2020-06-07",31,16,217,89,6875,0.749236363636364,2040,7618,796,2294,11,6643,56,3291,2,56
"1408","2020-03-13",4,17,84,158,7300,0.546438356164384,2040,8252,846,1871,24,61,34,123,18,34
"1409","2020-03-14",17,17,107,216,7300,0.546438356164384,2040,8252,846,1871,40,101,25,148,26,25
"1410","2020-03-15",19,17,164,283,7300,0.546438356164384,2040,8252,846,1871,47,148,24,172,38,24
"1411","2020-03-16",23,17,198,352,7300,0.546438356164384,2040,8252,846,1871,53,201,12,184,45,12
"1412","2020-03-17",41,17,231,435,7300,0.546438356164384,2040,8252,846,1871,52,253,24,208,38,24
"1413","2020-03-18",51,17,232,525,7300,0.546438356164384,2040,8252,846,1871,74,327,14,222,64,14
"1414","2020-03-19",65,17,213,635,7300,0.546438356164384,2040,8252,846,1871,61,388,43,265,57,43
"1415","2020-03-20",106,17,199,728,7300,0.546438356164384,2040,8252,846,1871,81,469,37,302,74,37
"1416","2020-03-21",215,17,224,861,7300,0.546438356164384,2040,8252,846,1871,87,556,26,328,71,26
"1417","2020-03-22",233,17,279,982,7300,0.546438356164384,2040,8252,846,1871,103,659,13,341,95,13
"1418","2020-03-23",222,17,272,1075,7300,0.546438356164384,2040,8252,846,1871,108,767,14,355,98,14
"1419","2020-03-24",234,17,287,1198,7300,0.546438356164384,2040,8252,846,1871,133,900,9,364,124,9
"1420","2020-03-25",276,17,259,1298,7300,0.546438356164384,2040,8252,846,1871,152,1052,17,381,144,17
"1421","2020-03-26",304,17,231,1374,7300,0.546438356164384,2040,8252,846,1871,150,1202,27,408,137,27
"1422","2020-03-27",430,17,227,1470,7300,0.546438356164384,2040,8252,846,1871,181,1383,59,467,173,59
"1423","2020-03-28",446,17,207,1553,7300,0.546438356164384,2040,8252,846,1871,162,1545,31,498,155,31
"1424","2020-03-29",448,17,188,1635,7300,0.546438356164384,2040,8252,846,1871,178,1723,23,521,165,23
"1425","2020-03-30",455,17,191,1693,7300,0.546438356164384,2040,8252,846,1871,234,1957,7,528,222,7
"1426","2020-03-31",491,17,248,1757,7300,0.546438356164384,2040,8252,846,1871,194,2151,23,551,179,23
"1427","2020-04-01",511,17,307,1823,7300,0.546438356164384,2040,8252,846,1871,227,2378,54,605,217,54
"1428","2020-04-02",542,17,310,1830,7300,0.546438356164384,2040,8252,846,1871,283,2661,65,670,270,65
"1429","2020-04-03",664,17,282,1856,7300,0.546438356164384,2040,8252,846,1871,200,2861,29,699,192,29
"1430","2020-04-04",679,17,300,1854,7300,0.546438356164384,2040,8252,846,1871,224,3085,20,719,216,20
"1431","2020-04-05",632,17,283,1879,7300,0.546438356164384,2040,8252,846,1871,223,3308,30,749,213,30
"1432","2020-04-06",648,17,255,1893,7300,0.546438356164384,2040,8252,846,1871,180,3488,67,816,173,67
"1433","2020-04-07",639,17,236,1869,7300,0.546438356164384,2040,8252,846,1871,199,3687,34,850,193,34
"1434","2020-04-08",637,17,216,1848,7300,0.546438356164384,2040,8252,846,1871,204,3891,18,868,192,18
"1435","2020-04-09",636,17,191,1817,7300,0.546438356164384,2040,8252,846,1871,167,4058,50,918,158,50
"1436","2020-04-10",698,17,171,1788,7300,0.546438356164384,2040,8252,846,1871,155,4213,53,971,152,53
"1437","2020-04-11",667,17,174,1771,7300,0.546438356164384,2040,8252,846,1871,199,4412,37,1008,190,37
"1438","2020-04-12",629,17,198,1713,7300,0.546438356164384,2040,8252,846,1871,157,4569,50,1058,155,50
"1439","2020-04-13",609,17,202,1692,7300,0.546438356164384,2040,8252,846,1871,147,4716,35,1093,137,35
"1440","2020-04-14",602,17,245,1591,7300,0.546438356164384,2040,8252,846,1871,115,4831,78,1171,114,78
"1441","2020-04-15",592,17,237,1534,7300,0.546438356164384,2040,8252,846,1871,125,4956,39,1210,117,39
"1442","2020-04-16",583,17,230,1456,7300,0.546438356164384,2040,8252,846,1871,118,5074,35,1245,114,35
"1443","2020-04-17",513,17,215,1351,7300,0.546438356164384,2040,8252,846,1871,147,5221,16,1261,136,16
"1444","2020-04-18",511,17,192,1292,7300,0.546438356164384,2040,8252,846,1871,106,5327,14,1275,102,14
"1445","2020-04-19",475,17,166,1221,7300,0.546438356164384,2040,8252,846,1871,101,5428,29,1304,95,29
"1446","2020-04-20",469,17,194,1180,7300,0.546438356164384,2040,8252,846,1871,71,5499,23,1327,65,23
"1447","2020-04-21",449,17,187,1132,7300,0.546438356164384,2040,8252,846,1871,62,5561,17,1344,57,17
"1448","2020-04-22",418,17,220,1066,7300,0.546438356164384,2040,8252,846,1871,59,5620,16,1360,56,16
"1449","2020-04-23",383,17,222,1015,7300,0.546438356164384,2040,8252,846,1871,43,5663,22,1382,37,22
"1450","2020-04-24",354,17,211,968,7300,0.546438356164384,2040,8252,846,1871,60,5723,76,1458,59,76
"1451","2020-04-25",355,17,202,921,7300,0.546438356164384,2040,8252,846,1871,60,5783,86,1544,51,86
"1452","2020-04-26",330,17,216,889,7300,0.546438356164384,2040,8252,846,1871,52,5835,72,1616,44,72
"1453","2020-04-27",309,17,201,823,7300,0.546438356164384,2040,8252,846,1871,55,5890,28,1644,46,28
"1454","2020-04-28",298,17,190,798,7300,0.546438356164384,2040,8252,846,1871,45,5935,86,1730,36,86
"1455","2020-04-29",293,17,202,760,7300,0.546438356164384,2040,8252,846,1871,32,5967,51,1781,26,51
"1456","2020-04-30",288,17,244,731,7300,0.546438356164384,2040,8252,846,1871,22,5989,21,1802,20,21
"1457","2020-05-01",252,17,267,706,7300,0.546438356164384,2040,8252,846,1871,36,6025,20,1822,34,20
"1458","2020-05-02",222,17,271,677,7300,0.546438356164384,2040,8252,846,1871,37,6062,22,1844,31,22
"1459","2020-05-03",219,17,311,650,7300,0.546438356164384,2040,8252,846,1871,27,6089,33,1877,21,33
"1460","2020-05-04",197,17,308,610,7300,0.546438356164384,2040,8252,846,1871,18,6107,29,1906,16,29
"1461","2020-05-05",189,17,309,589,7300,0.546438356164384,2040,8252,846,1871,33,6140,28,1934,25,28
"1462","2020-05-06",183,17,298,546,7300,0.546438356164384,2040,8252,846,1871,25,6165,50,1984,21,50
"1463","2020-05-07",181,17,280,534,7300,0.546438356164384,2040,8252,846,1871,27,6192,18,2002,21,18
"1464","2020-05-08",173,17,276,508,7300,0.546438356164384,2040,8252,846,1871,15,6207,22,2024,11,22
"1465","2020-05-09",167,17,272,498,7300,0.546438356164384,2040,8252,846,1871,20,6227,13,2037,13,13
"1466","2020-05-10",152,17,287,488,7300,0.546438356164384,2040,8252,846,1871,22,6249,25,2062,19,25
"1467","2020-05-11",143,17,273,464,7300,0.546438356164384,2040,8252,846,1871,15,6264,19,2081,14,19
"1468","2020-05-12",138,17,259,441,7300,0.546438356164384,2040,8252,846,1871,8,6272,20,2101,6,20
"1469","2020-05-13",138,17,221,425,7300,0.546438356164384,2040,8252,846,1871,11,6283,17,2118,6,17
"1470","2020-05-14",133,17,216,419,7300,0.546438356164384,2040,8252,846,1871,21,6304,17,2135,17,17
"1471","2020-05-15",121,17,196,386,7300,0.546438356164384,2040,8252,846,1871,10,6314,12,2147,6,12
"1472","2020-05-16",134,17,207,380,7300,0.546438356164384,2040,8252,846,1871,15,6329,12,2159,11,12
"1473","2020-05-17",126,17,200,358,7300,0.546438356164384,2040,8252,846,1871,15,6344,6,2165,14,6
"1474","2020-05-18",125,17,183,343,7300,0.546438356164384,2040,8252,846,1871,11,6355,9,2174,9,9
"1475","2020-05-19",121,17,180,328,7300,0.546438356164384,2040,8252,846,1871,11,6366,10,2184,10,10
"1476","2020-05-20",116,17,223,312,7300,0.546438356164384,2040,8252,846,1871,10,6376,34,2218,8,34
"1477","2020-05-21",109,17,221,297,7300,0.546438356164384,2040,8252,846,1871,10,6386,61,2279,8,61
"1478","2020-05-22",114,17,199,289,7300,0.546438356164384,2040,8252,846,1871,9,6395,39,2318,4,39
"1479","2020-05-23",114,17,193,276,7300,0.546438356164384,2040,8252,846,1871,3,6398,18,2336,2,18
"1480","2020-05-24",109,17,216,265,7300,0.546438356164384,2040,8252,846,1871,8,6406,51,2387,7,51
"1481","2020-05-25",98,17,207,256,7300,0.546438356164384,2040,8252,846,1871,8,6414,26,2413,7,26
"1482","2020-05-26",91,17,226,240,7300,0.546438356164384,2040,8252,846,1871,8,6422,26,2439,8,26
"1483","2020-05-27",88,17,253,222,7300,0.546438356164384,2040,8252,846,1871,4,6426,55,2494,3,55
"1484","2020-05-28",88,17,270,212,7300,0.546438356164384,2040,8252,846,1871,7,6433,57,2551,5,57
"1485","2020-05-29",79,17,261,206,7300,0.546438356164384,2040,8252,846,1871,7,6440,47,2598,4,47
"1486","2020-05-30",70,17,261,190,7300,0.546438356164384,2040,8252,846,1871,16,6456,52,2650,12,52
"1487","2020-05-31",67,17,256,183,7300,0.546438356164384,2040,8252,846,1871,7,6463,29,2679,4,29
"1488","2020-06-01",66,17,257,168,7300,0.546438356164384,2040,8252,846,1871,6,6469,26,2705,5,26
"1489","2020-06-02",60,17,241,158,7300,0.546438356164384,2040,8252,846,1871,8,6477,35,2740,7,35
"1490","2020-06-03",51,17,260,148,7300,0.546438356164384,2040,8252,846,1871,5,6482,19,2759,4,19
"1491","2020-06-04",52,17,258,140,7300,0.546438356164384,2040,8252,846,1871,3,6485,35,2794,3,35
"1492","2020-06-05",47,17,258,134,7300,0.546438356164384,2040,8252,846,1871,4,6489,36,2830,4,36
"1493","2020-06-06",51,17,259,126,7300,0.546438356164384,2040,8252,846,1871,8,6497,25,2855,6,25
"1494","2020-06-07",50,17,275,126,7300,0.546438356164384,2040,8252,846,1871,10,6507,25,2880,8,25
"1495","2020-03-13",6,18,153,100,6685,0.741361256544503,1950,7406,664,2290,25,61,16,56,8,16
"1496","2020-03-14",11,18,159,152,6685,0.741361256544503,1950,7406,664,2290,25,86,33,89,6,33
"1497","2020-03-15",13,18,142,196,6685,0.741361256544503,1950,7406,664,2290,35,121,35,124,19,35
"1498","2020-03-16",17,18,142,261,6685,0.741361256544503,1950,7406,664,2290,31,152,23,147,16,23
"1499","2020-03-17",30,18,146,331,6685,0.741361256544503,1950,7406,664,2290,44,196,54,201,29,54
"1500","2020-03-18",37,18,191,396,6685,0.741361256544503,1950,7406,664,2290,52,248,57,258,40,57
"1501","2020-03-19",49,18,197,508,6685,0.741361256544503,1950,7406,664,2290,59,307,32,290,41,32
"1502","2020-03-20",72,18,182,594,6685,0.741361256544503,1950,7406,664,2290,67,374,39,329,54,39
"1503","2020-03-21",119,18,161,697,6685,0.741361256544503,1950,7406,664,2290,86,460,30,359,69,30
"1504","2020-03-22",185,18,150,777,6685,0.741361256544503,1950,7406,664,2290,85,545,13,372,70,13
"1505","2020-03-23",191,18,145,869,6685,0.741361256544503,1950,7406,664,2290,87,632,11,383,72,11
"1506","2020-03-24",200,18,148,976,6685,0.741361256544503,1950,7406,664,2290,128,760,8,391,108,8
"1507","2020-03-25",233,18,202,1100,6685,0.741361256544503,1950,7406,664,2290,107,867,45,436,85,45
"1508","2020-03-26",262,18,207,1178,6685,0.741361256544503,1950,7406,664,2290,144,1011,45,481,137,45
"1509","2020-03-27",364,18,204,1275,6685,0.741361256544503,1950,7406,664,2290,126,1137,25,506,111,25
"1510","2020-03-28",425,18,218,1382,6685,0.741361256544503,1950,7406,664,2290,151,1288,57,563,139,57
"1511","2020-03-29",403,18,211,1499,6685,0.741361256544503,1950,7406,664,2290,160,1448,58,621,145,58
"1512","2020-03-30",400,18,182,1600,6685,0.741361256544503,1950,7406,664,2290,215,1663,38,659,203,38
"1513","2020-03-31",418,18,185,1655,6685,0.741361256544503,1950,7406,664,2290,193,1856,50,709,181,50
"1514","2020-04-01",447,18,166,1773,6685,0.741361256544503,1950,7406,664,2290,196,2052,27,736,182,27
"1515","2020-04-02",477,18,159,1840,6685,0.741361256544503,1950,7406,664,2290,193,2245,21,757,180,21
"1516","2020-04-03",618,18,163,1896,6685,0.741361256544503,1950,7406,664,2290,295,2540,39,796,281,39
"1517","2020-04-04",604,18,173,1959,6685,0.741361256544503,1950,7406,664,2290,208,2748,62,858,194,62
"1518","2020-04-05",595,18,163,1961,6685,0.741361256544503,1950,7406,664,2290,212,2960,35,893,195,35
"1519","2020-04-06",617,18,187,1967,6685,0.741361256544503,1950,7406,664,2290,194,3154,20,913,183,20
"1520","2020-04-07",604,18,239,1954,6685,0.741361256544503,1950,7406,664,2290,211,3365,18,931,189,18
"1521","2020-04-08",606,18,264,1933,6685,0.741361256544503,1950,7406,664,2290,209,3574,19,950,198,19
"1522","2020-04-09",608,18,274,1920,6685,0.741361256544503,1950,7406,664,2290,219,3793,30,980,207,30
"1523","2020-04-10",681,18,320,1924,6685,0.741361256544503,1950,7406,664,2290,193,3986,23,1003,182,23
"1524","2020-04-11",691,18,345,1866,6685,0.741361256544503,1950,7406,664,2290,164,4150,17,1020,158,17
"1525","2020-04-12",621,18,321,1788,6685,0.741361256544503,1950,7406,664,2290,194,4344,12,1032,184,12
"1526","2020-04-13",628,18,310,1729,6685,0.741361256544503,1950,7406,664,2290,148,4492,10,1042,137,10
"1527","2020-04-14",614,18,296,1660,6685,0.741361256544503,1950,7406,664,2290,145,4637,38,1080,137,38
"1528","2020-04-15",606,18,271,1577,6685,0.741361256544503,1950,7406,664,2290,134,4771,22,1102,125,22
"1529","2020-04-16",589,18,242,1515,6685,0.741361256544503,1950,7406,664,2290,121,4892,74,1176,112,74
"1530","2020-04-17",542,18,234,1452,6685,0.741361256544503,1950,7406,664,2290,132,5024,55,1231,127,55
"1531","2020-04-18",518,18,223,1399,6685,0.741361256544503,1950,7406,664,2290,96,5120,53,1284,92,53
"1532","2020-04-19",508,18,190,1309,6685,0.741361256544503,1950,7406,664,2290,96,5216,65,1349,83,65
"1533","2020-04-20",482,18,200,1266,6685,0.741361256544503,1950,7406,664,2290,79,5295,29,1378,69,29
"1534","2020-04-21",467,18,196,1181,6685,0.741361256544503,1950,7406,664,2290,96,5391,13,1391,88,13
"1535","2020-04-22",441,18,193,1129,6685,0.741361256544503,1950,7406,664,2290,82,5473,18,1409,75,18
"1536","2020-04-23",418,18,182,1086,6685,0.741361256544503,1950,7406,664,2290,61,5534,24,1433,53,24
"1537","2020-04-24",391,18,177,1016,6685,0.741361256544503,1950,7406,664,2290,61,5595,28,1461,51,28
"1538","2020-04-25",380,18,185,938,6685,0.741361256544503,1950,7406,664,2290,70,5665,21,1482,64,21
"1539","2020-04-26",349,18,225,876,6685,0.741361256544503,1950,7406,664,2290,57,5722,16,1498,46,16
"1540","2020-04-27",332,18,222,829,6685,0.741361256544503,1950,7406,664,2290,46,5768,11,1509,41,11
"1541","2020-04-28",312,18,213,782,6685,0.741361256544503,1950,7406,664,2290,44,5812,8,1517,34,8
"1542","2020-04-29",309,18,200,720,6685,0.741361256544503,1950,7406,664,2290,38,5850,14,1531,26,14
"1543","2020-04-30",310,18,195,669,6685,0.741361256544503,1950,7406,664,2290,41,5891,7,1538,29,7
"1544","2020-05-01",281,18,192,608,6685,0.741361256544503,1950,7406,664,2290,33,5924,22,1560,27,22
"1545","2020-05-02",261,18,200,584,6685,0.741361256544503,1950,7406,664,2290,24,5948,9,1569,20,9
"1546","2020-05-03",223,18,207,540,6685,0.741361256544503,1950,7406,664,2290,26,5974,10,1579,21,10
"1547","2020-05-04",214,18,235,511,6685,0.741361256544503,1950,7406,664,2290,14,5988,8,1587,13,8
"1548","2020-05-05",213,18,229,482,6685,0.741361256544503,1950,7406,664,2290,23,6011,7,1594,13,7
"1549","2020-05-06",195,18,205,449,6685,0.741361256544503,1950,7406,664,2290,14,6025,5,1599,8,5
"1550","2020-05-07",179,18,197,426,6685,0.741361256544503,1950,7406,664,2290,18,6043,50,1649,11,50
"1551","2020-05-08",160,18,178,402,6685,0.741361256544503,1950,7406,664,2290,16,6059,36,1685,9,36
"1552","2020-05-09",162,18,209,368,6685,0.741361256544503,1950,7406,664,2290,17,6076,22,1707,13,22
"1553","2020-05-10",148,18,197,360,6685,0.741361256544503,1950,7406,664,2290,14,6090,34,1741,10,34
"1554","2020-05-11",136,18,204,342,6685,0.741361256544503,1950,7406,664,2290,11,6101,22,1763,7,22
"1555","2020-05-12",122,18,207,312,6685,0.741361256544503,1950,7406,664,2290,13,6114,12,1775,8,12
"1556","2020-05-13",121,18,202,289,6685,0.741361256544503,1950,7406,664,2290,14,6128,7,1782,6,7
"1557","2020-05-14",112,18,177,272,6685,0.741361256544503,1950,7406,664,2290,17,6145,11,1793,11,11
"1558","2020-05-15",101,18,178,260,6685,0.741361256544503,1950,7406,664,2290,8,6153,7,1800,6,7
"1559","2020-05-16",91,18,178,241,6685,0.741361256544503,1950,7406,664,2290,11,6164,6,1806,3,6
"1560","2020-05-17",83,18,179,231,6685,0.741361256544503,1950,7406,664,2290,9,6173,5,1811,3,5
"1561","2020-05-18",81,18,190,221,6685,0.741361256544503,1950,7406,664,2290,8,6181,6,1817,6,6
"1562","2020-05-19",74,18,245,217,6685,0.741361256544503,1950,7406,664,2290,9,6190,7,1824,5,7
"1563","2020-05-20",70,18,244,204,6685,0.741361256544503,1950,7406,664,2290,10,6200,5,1829,1,5
"1564","2020-05-21",66,18,234,187,6685,0.741361256544503,1950,7406,664,2290,12,6212,15,1844,3,15
"1565","2020-05-22",75,18,217,188,6685,0.741361256544503,1950,7406,664,2290,7,6219,13,1857,4,13
"1566","2020-05-23",73,18,204,180,6685,0.741361256544503,1950,7406,664,2290,2,6221,39,1896,1,39
"1567","2020-05-24",68,18,199,171,6685,0.741361256544503,1950,7406,664,2290,5,6226,31,1927,4,31
"1568","2020-05-25",70,18,237,169,6685,0.741361256544503,1950,7406,664,2290,5,6231,20,1947,1,20
"1569","2020-05-26",69,18,234,159,6685,0.741361256544503,1950,7406,664,2290,10,6241,48,1995,4,48
"1570","2020-05-27",63,18,213,152,6685,0.741361256544503,1950,7406,664,2290,9,6250,22,2017,2,22
"1571","2020-05-28",61,18,207,152,6685,0.741361256544503,1950,7406,664,2290,8,6258,18,2035,5,18
"1572","2020-05-29",51,18,197,138,6685,0.741361256544503,1950,7406,664,2290,8,6266,15,2050,6,15
"1573","2020-05-30",50,18,189,132,6685,0.741361256544503,1950,7406,664,2290,7,6273,6,2056,5,6
"1574","2020-05-31",40,18,165,123,6685,0.741361256544503,1950,7406,664,2290,6,6279,51,2107,5,51
"1575","2020-06-01",33,18,174,110,6685,0.741361256544503,1950,7406,664,2290,3,6282,37,2144,NA,37
"1576","2020-06-02",29,18,178,107,6685,0.741361256544503,1950,7406,664,2290,1,6283,28,2172,NA,28
"1577","2020-06-03",29,18,170,98,6685,0.741361256544503,1950,7406,664,2290,6,6289,20,2192,2,20
"1578","2020-06-04",28,18,181,91,6685,0.741361256544503,1950,7406,664,2290,8,6297,5,2197,3,5
"1579","2020-06-05",27,18,170,94,6685,0.741361256544503,1950,7406,664,2290,3,6300,4,2201,1,4
"1580","2020-06-06",27,18,164,97,6685,0.741361256544503,1950,7406,664,2290,5,6305,43,2244,3,43
"1581","2020-06-07",24,18,167,90,6685,0.741361256544503,1950,7406,664,2290,3,6308,22,2266,1,22
"1582","2020-03-13",3,19,111,165,6590,0.417450682852807,2055,8702,628,1236,70,178,48,110,14,48
"1583","2020-03-14",13,19,132,236,6590,0.417450682852807,2055,8702,628,1236,82,260,34,144,16,34
"1584","2020-03-15",33,19,128,289,6590,0.417450682852807,2055,8702,628,1236,82,342,56,200,37,56
"1585","2020-03-16",41,19,122,377,6590,0.417450682852807,2055,8702,628,1236,100,442,38,238,49,38
"1586","2020-03-17",47,19,132,452,6590,0.417450682852807,2055,8702,628,1236,90,532,45,283,49,45
"1587","2020-03-18",63,19,131,529,6590,0.417450682852807,2055,8702,628,1236,124,656,33,316,65,33
"1588","2020-03-19",83,19,119,615,6590,0.417450682852807,2055,8702,628,1236,148,804,24,340,101,24
"1589","2020-03-20",123,19,117,681,6590,0.417450682852807,2055,8702,628,1236,162,966,17,357,121,17
"1590","2020-03-21",183,19,103,761,6590,0.417450682852807,2055,8702,628,1236,152,1118,12,369,106,12
"1591","2020-03-22",220,19,93,844,6590,0.417450682852807,2055,8702,628,1236,130,1248,57,426,91,57
"1592","2020-03-23",228,19,97,921,6590,0.417450682852807,2055,8702,628,1236,168,1416,78,504,106,78
"1593","2020-03-24",231,19,107,976,6590,0.417450682852807,2055,8702,628,1236,172,1588,72,576,125,72
"1594","2020-03-25",253,19,152,1021,6590,0.417450682852807,2055,8702,628,1236,204,1792,47,623,144,47
"1595","2020-03-26",271,19,182,1051,6590,0.417450682852807,2055,8702,628,1236,211,2003,59,682,159,59
"1596","2020-03-27",358,19,187,1084,6590,0.417450682852807,2055,8702,628,1236,197,2200,40,722,156,40
"1597","2020-03-28",376,19,195,1124,6590,0.417450682852807,2055,8702,628,1236,229,2429,31,753,185,31
"1598","2020-03-29",368,19,197,1147,6590,0.417450682852807,2055,8702,628,1236,180,2609,15,768,129,15
"1599","2020-03-30",375,19,177,1166,6590,0.417450682852807,2055,8702,628,1236,209,2818,19,787,159,19
"1600","2020-03-31",390,19,180,1171,6590,0.417450682852807,2055,8702,628,1236,186,3004,13,800,142,13
"1601","2020-04-01",380,19,202,1202,6590,0.417450682852807,2055,8702,628,1236,254,3258,16,816,212,16
"1602","2020-04-02",378,19,196,1219,6590,0.417450682852807,2055,8702,628,1236,167,3425,23,839,130,23
"1603","2020-04-03",437,19,161,1229,6590,0.417450682852807,2055,8702,628,1236,202,3627,80,919,161,80
"1604","2020-04-04",430,19,152,1240,6590,0.417450682852807,2055,8702,628,1236,180,3807,58,977,146,58
"1605","2020-04-05",389,19,155,1261,6590,0.417450682852807,2055,8702,628,1236,181,3988,38,1015,149,38
"1606","2020-04-06",392,19,202,1275,6590,0.417450682852807,2055,8702,628,1236,146,4134,88,1103,104,88
"1607","2020-04-07",389,19,229,1274,6590,0.417450682852807,2055,8702,628,1236,159,4293,26,1129,132,26
"1608","2020-04-08",403,19,255,1282,6590,0.417450682852807,2055,8702,628,1236,171,4464,28,1157,127,28
"1609","2020-04-09",409,19,241,1335,6590,0.417450682852807,2055,8702,628,1236,132,4596,35,1192,104,35
"1610","2020-04-10",450,19,275,1311,6590,0.417450682852807,2055,8702,628,1236,132,4728,33,1225,93,33
"1611","2020-04-11",448,19,269,1309,6590,0.417450682852807,2055,8702,628,1236,148,4876,10,1235,115,10
"1612","2020-04-12",428,19,292,1322,6590,0.417450682852807,2055,8702,628,1236,116,4992,13,1248,75,13
"1613","2020-04-13",414,19,262,1296,6590,0.417450682852807,2055,8702,628,1236,117,5109,23,1271,85,23
"1614","2020-04-14",410,19,232,1271,6590,0.417450682852807,2055,8702,628,1236,107,5216,16,1287,76,16
"1615","2020-04-15",420,19,247,1252,6590,0.417450682852807,2055,8702,628,1236,77,5293,13,1300,53,13
"1616","2020-04-16",415,19,234,1200,6590,0.417450682852807,2055,8702,628,1236,62,5355,22,1322,47,22
"1617","2020-04-17",424,19,230,1163,6590,0.417450682852807,2055,8702,628,1236,77,5432,55,1377,48,55
"1618","2020-04-18",425,19,287,1130,6590,0.417450682852807,2055,8702,628,1236,66,5498,18,1395,43,18
"1619","2020-04-19",381,19,300,1095,6590,0.417450682852807,2055,8702,628,1236,78,5576,35,1430,42,35
"1620","2020-04-20",376,19,287,1083,6590,0.417450682852807,2055,8702,628,1236,68,5644,40,1470,43,40
"1621","2020-04-21",359,19,258,1038,6590,0.417450682852807,2055,8702,628,1236,80,5724,18,1488,47,18
"1622","2020-04-22",342,19,219,1026,6590,0.417450682852807,2055,8702,628,1236,58,5782,19,1507,32,19
"1623","2020-04-23",340,19,238,998,6590,0.417450682852807,2055,8702,628,1236,44,5826,41,1548,19,41
"1624","2020-04-24",335,19,200,973,6590,0.417450682852807,2055,8702,628,1236,48,5874,48,1596,25,48
"1625","2020-04-25",349,19,209,958,6590,0.417450682852807,2055,8702,628,1236,45,5919,32,1628,20,32
"1626","2020-04-26",318,19,246,944,6590,0.417450682852807,2055,8702,628,1236,40,5959,56,1684,17,56
"1627","2020-04-27",314,19,260,913,6590,0.417450682852807,2055,8702,628,1236,55,6014,27,1711,34,27
"1628","2020-04-28",316,19,268,886,6590,0.417450682852807,2055,8702,628,1236,46,6060,26,1737,21,26
"1629","2020-04-29",295,19,272,856,6590,0.417450682852807,2055,8702,628,1236,34,6094,43,1780,12,43
"1630","2020-04-30",286,19,252,822,6590,0.417450682852807,2055,8702,628,1236,30,6124,40,1820,11,40
"1631","2020-05-01",291,19,240,806,6590,0.417450682852807,2055,8702,628,1236,29,6153,8,1828,11,8
"1632","2020-05-02",274,19,216,772,6590,0.417450682852807,2055,8702,628,1236,31,6184,23,1851,13,23
"1633","2020-05-03",275,19,187,769,6590,0.417450682852807,2055,8702,628,1236,35,6219,22,1873,10,22
"1634","2020-05-04",258,19,202,754,6590,0.417450682852807,2055,8702,628,1236,39,6258,38,1911,15,38
"1635","2020-05-05",248,19,211,735,6590,0.417450682852807,2055,8702,628,1236,34,6292,26,1937,13,26
"1636","2020-05-06",260,19,202,714,6590,0.417450682852807,2055,8702,628,1236,27,6319,16,1953,12,16
"1637","2020-05-07",262,19,185,684,6590,0.417450682852807,2055,8702,628,1236,27,6346,9,1962,10,9
"1638","2020-05-08",260,19,180,661,6590,0.417450682852807,2055,8702,628,1236,32,6378,15,1977,9,15
"1639","2020-05-09",252,19,159,642,6590,0.417450682852807,2055,8702,628,1236,18,6396,26,2003,4,26
"1640","2020-05-10",229,19,152,612,6590,0.417450682852807,2055,8702,628,1236,26,6422,13,2016,11,13
"1641","2020-05-11",218,19,142,590,6590,0.417450682852807,2055,8702,628,1236,25,6447,9,2025,7,9
"1642","2020-05-12",211,19,180,569,6590,0.417450682852807,2055,8702,628,1236,23,6470,5,2030,7,5
"1643","2020-05-13",211,19,188,547,6590,0.417450682852807,2055,8702,628,1236,15,6485,10,2040,5,10
"1644","2020-05-14",196,19,228,517,6590,0.417450682852807,2055,8702,628,1236,15,6500,49,2089,6,49
"1645","2020-05-15",175,19,221,487,6590,0.417450682852807,2055,8702,628,1236,18,6518,40,2129,3,40
"1646","2020-05-16",171,19,236,477,6590,0.417450682852807,2055,8702,628,1236,24,6542,61,2190,6,61
"1647","2020-05-17",165,19,259,452,6590,0.417450682852807,2055,8702,628,1236,24,6566,31,2221,8,31
"1648","2020-05-18",163,19,246,436,6590,0.417450682852807,2055,8702,628,1236,14,6580,18,2239,3,18
"1649","2020-05-19",149,19,227,406,6590,0.417450682852807,2055,8702,628,1236,15,6595,50,2289,7,50
"1650","2020-05-20",135,19,201,407,6590,0.417450682852807,2055,8702,628,1236,15,6610,35,2324,3,35
"1651","2020-05-21",134,19,174,386,6590,0.417450682852807,2055,8702,628,1236,11,6621,16,2340,3,16
"1652","2020-05-22",131,19,188,367,6590,0.417450682852807,2055,8702,628,1236,18,6639,15,2355,10,15
"1653","2020-05-23",135,19,207,347,6590,0.417450682852807,2055,8702,628,1236,15,6654,18,2373,6,18
"1654","2020-05-24",116,19,235,337,6590,0.417450682852807,2055,8702,628,1236,16,6670,11,2384,7,11
"1655","2020-05-25",115,19,245,329,6590,0.417450682852807,2055,8702,628,1236,14,6684,19,2403,1,19
"1656","2020-05-26",112,19,242,309,6590,0.417450682852807,2055,8702,628,1236,18,6702,12,2415,6,12
"1657","2020-05-27",111,19,272,302,6590,0.417450682852807,2055,8702,628,1236,16,6718,24,2439,4,24
"1658","2020-05-28",113,19,257,296,6590,0.417450682852807,2055,8702,628,1236,6,6724,43,2482,1,43
"1659","2020-05-29",115,19,243,287,6590,0.417450682852807,2055,8702,628,1236,10,6734,20,2502,4,20
"1660","2020-05-30",105,19,225,275,6590,0.417450682852807,2055,8702,628,1236,10,6744,44,2546,2,44
"1661","2020-05-31",96,19,207,273,6590,0.417450682852807,2055,8702,628,1236,13,6757,52,2598,5,52
"1662","2020-06-01",90,19,190,248,6590,0.417450682852807,2055,8702,628,1236,12,6769,30,2628,3,30
"1663","2020-06-02",88,19,206,232,6590,0.417450682852807,2055,8702,628,1236,15,6784,33,2661,3,33
"1664","2020-06-03",91,19,211,228,6590,0.417450682852807,2055,8702,628,1236,8,6792,52,2713,2,52
"1665","2020-06-04",87,19,209,210,6590,0.417450682852807,2055,8702,628,1236,11,6803,34,2747,4,34
"1666","2020-06-05",77,19,192,201,6590,0.417450682852807,2055,8702,628,1236,8,6811,74,2821,1,74
"1667","2020-06-06",76,19,182,186,6590,0.417450682852807,2055,8702,628,1236,5,6816,34,2855,NA,34
"1668","2020-06-07",74,19,158,187,6590,0.417450682852807,2055,8702,628,1236,8,6824,24,2879,3,24
"1669","2020-03-13",1,20,198,55,6271,0.875777387976399,2010,7117,670,1735,23,64,30,82,3,30
"1670","2020-03-14",4,20,231,89,6271,0.875777387976399,2010,7117,670,1735,31,95,23,105,11,23
"1671","2020-03-15",11,20,243,120,6271,0.875777387976399,2010,7117,670,1735,32,127,42,147,19,42
"1672","2020-03-16",16,20,253,164,6271,0.875777387976399,2010,7117,670,1735,36,163,34,181,19,34
"1673","2020-03-17",20,20,264,214,6271,0.875777387976399,2010,7117,670,1735,46,209,41,222,23,41
"1674","2020-03-18",31,20,228,259,6271,0.875777387976399,2010,7117,670,1735,58,267,51,273,39,51
"1675","2020-03-19",43,20,204,320,6271,0.875777387976399,2010,7117,670,1735,76,343,51,324,50,51
"1676","2020-03-20",69,20,178,390,6271,0.875777387976399,2010,7117,670,1735,74,417,39,363,47,39
"1677","2020-03-21",92,20,163,466,6271,0.875777387976399,2010,7117,670,1735,87,504,40,403,67,40
"1678","2020-03-22",118,20,192,533,6271,0.875777387976399,2010,7117,670,1735,80,584,31,434,52,31
"1679","2020-03-23",124,20,211,620,6271,0.875777387976399,2010,7117,670,1735,91,675,45,479,70,45
"1680","2020-03-24",128,20,182,711,6271,0.875777387976399,2010,7117,670,1735,124,799,32,511,111,32
"1681","2020-03-25",143,20,171,815,6271,0.875777387976399,2010,7117,670,1735,129,928,37,548,108,37
"1682","2020-03-26",161,20,231,877,6271,0.875777387976399,2010,7117,670,1735,130,1058,37,585,102,37
"1683","2020-03-27",230,20,270,991,6271,0.875777387976399,2010,7117,670,1735,134,1192,34,619,113,34
"1684","2020-03-28",271,20,282,1073,6271,0.875777387976399,2010,7117,670,1735,175,1367,58,677,149,58
"1685","2020-03-29",294,20,305,1170,6271,0.875777387976399,2010,7117,670,1735,201,1568,38,715,170,38
"1686","2020-03-30",298,20,325,1259,6271,0.875777387976399,2010,7117,670,1735,151,1719,29,744,135,29
"1687","2020-03-31",319,20,295,1372,6271,0.875777387976399,2010,7117,670,1735,182,1901,41,785,158,41
"1688","2020-04-01",354,20,259,1466,6271,0.875777387976399,2010,7117,670,1735,227,2128,33,818,206,33
"1689","2020-04-02",377,20,263,1556,6271,0.875777387976399,2010,7117,670,1735,195,2323,37,855,170,37
"1690","2020-04-03",507,20,275,1652,6271,0.875777387976399,2010,7117,670,1735,178,2501,30,885,156,30
"1691","2020-04-04",539,20,261,1711,6271,0.875777387976399,2010,7117,670,1735,223,2724,50,935,203,50
"1692","2020-04-05",546,20,224,1767,6271,0.875777387976399,2010,7117,670,1735,186,2910,40,975,161,40
"1693","2020-04-06",564,20,188,1805,6271,0.875777387976399,2010,7117,670,1735,209,3119,31,1006,191,31
"1694","2020-04-07",574,20,191,1854,6271,0.875777387976399,2010,7117,670,1735,171,3290,35,1041,156,35
"1695","2020-04-08",581,20,227,1863,6271,0.875777387976399,2010,7117,670,1735,177,3467,38,1079,161,38
"1696","2020-04-09",587,20,213,1891,6271,0.875777387976399,2010,7117,670,1735,190,3657,39,1118,166,39
"1697","2020-04-10",677,20,197,1869,6271,0.875777387976399,2010,7117,670,1735,224,3881,23,1141,203,23
"1698","2020-04-11",681,20,206,1840,6271,0.875777387976399,2010,7117,670,1735,168,4049,49,1190,144,49
"1699","2020-04-12",610,20,234,1810,6271,0.875777387976399,2010,7117,670,1735,135,4184,43,1233,120,43
"1700","2020-04-13",613,20,246,1772,6271,0.875777387976399,2010,7117,670,1735,173,4357,32,1265,157,32
"1701","2020-04-14",602,20,237,1755,6271,0.875777387976399,2010,7117,670,1735,145,4502,60,1325,128,60
"1702","2020-04-15",603,20,275,1691,6271,0.875777387976399,2010,7117,670,1735,119,4621,51,1376,110,51
"1703","2020-04-16",588,20,272,1620,6271,0.875777387976399,2010,7117,670,1735,129,4750,28,1404,109,28
"1704","2020-04-17",585,20,256,1608,6271,0.875777387976399,2010,7117,670,1735,100,4850,32,1436,87,32
"1705","2020-04-18",589,20,242,1546,6271,0.875777387976399,2010,7117,670,1735,116,4966,33,1469,100,33
"1706","2020-04-19",537,20,246,1484,6271,0.875777387976399,2010,7117,670,1735,92,5058,25,1494,81,25
"1707","2020-04-20",523,20,241,1392,6271,0.875777387976399,2010,7117,670,1735,75,5133,42,1536,68,42
"1708","2020-04-21",502,20,228,1307,6271,0.875777387976399,2010,7117,670,1735,101,5234,63,1599,82,63
"1709","2020-04-22",480,20,215,1239,6271,0.875777387976399,2010,7117,670,1735,83,5317,51,1650,75,51
"1710","2020-04-23",482,20,230,1175,6271,0.875777387976399,2010,7117,670,1735,76,5393,35,1685,61,35
"1711","2020-04-24",445,20,224,1101,6271,0.875777387976399,2010,7117,670,1735,62,5455,28,1713,52,28
"1712","2020-04-25",414,20,219,1057,6271,0.875777387976399,2010,7117,670,1735,44,5499,33,1746,37,33
"1713","2020-04-26",373,20,210,983,6271,0.875777387976399,2010,7117,670,1735,32,5531,65,1811,25,65
"1714","2020-04-27",353,20,172,924,6271,0.875777387976399,2010,7117,670,1735,43,5574,41,1852,34,41
"1715","2020-04-28",348,20,158,885,6271,0.875777387976399,2010,7117,670,1735,51,5625,62,1914,34,62
"1716","2020-04-29",336,20,197,823,6271,0.875777387976399,2010,7117,670,1735,42,5667,54,1968,29,54
"1717","2020-04-30",323,20,240,759,6271,0.875777387976399,2010,7117,670,1735,35,5702,58,2026,23,58
"1718","2020-05-01",269,20,240,691,6271,0.875777387976399,2010,7117,670,1735,39,5741,43,2069,35,43
"1719","2020-05-02",259,20,227,634,6271,0.875777387976399,2010,7117,670,1735,27,5768,36,2105,18,36
"1720","2020-05-03",250,20,238,572,6271,0.875777387976399,2010,7117,670,1735,27,5795,34,2139,17,34
"1721","2020-05-04",233,20,237,536,6271,0.875777387976399,2010,7117,670,1735,38,5833,20,2159,29,20
"1722","2020-05-05",220,20,241,486,6271,0.875777387976399,2010,7117,670,1735,24,5857,47,2206,13,47
"1723","2020-05-06",206,20,241,459,6271,0.875777387976399,2010,7117,670,1735,21,5878,37,2243,9,37
"1724","2020-05-07",190,20,271,428,6271,0.875777387976399,2010,7117,670,1735,18,5896,24,2267,8,24
"1725","2020-05-08",176,20,271,402,6271,0.875777387976399,2010,7117,670,1735,24,5920,25,2292,14,25
"1726","2020-05-09",161,20,265,364,6271,0.875777387976399,2010,7117,670,1735,13,5933,28,2320,8,28
"1727","2020-05-10",144,20,244,349,6271,0.875777387976399,2010,7117,670,1735,18,5951,40,2360,12,40
"1728","2020-05-11",132,20,220,322,6271,0.875777387976399,2010,7117,670,1735,19,5970,27,2387,11,27
"1729","2020-05-12",118,20,216,298,6271,0.875777387976399,2010,7117,670,1735,12,5982,20,2407,4,20
"1730","2020-05-13",110,20,200,279,6271,0.875777387976399,2010,7117,670,1735,15,5997,27,2434,6,27
"1731","2020-05-14",104,20,208,273,6271,0.875777387976399,2010,7117,670,1735,9,6006,27,2461,4,27
"1732","2020-05-15",92,20,203,256,6271,0.875777387976399,2010,7117,670,1735,18,6024,42,2503,9,42
"1733","2020-05-16",92,20,206,232,6271,0.875777387976399,2010,7117,670,1735,20,6044,45,2548,11,45
"1734","2020-05-17",85,20,208,220,6271,0.875777387976399,2010,7117,670,1735,12,6056,48,2596,3,48
"1735","2020-05-18",80,20,196,209,6271,0.875777387976399,2010,7117,670,1735,9,6065,55,2651,4,55
"1736","2020-05-19",73,20,221,196,6271,0.875777387976399,2010,7117,670,1735,13,6078,40,2691,6,40
"1737","2020-05-20",66,20,203,189,6271,0.875777387976399,2010,7117,670,1735,6,6084,53,2744,4,53
"1738","2020-05-21",65,20,190,177,6271,0.875777387976399,2010,7117,670,1735,10,6094,53,2797,4,53
"1739","2020-05-22",62,20,176,171,6271,0.875777387976399,2010,7117,670,1735,9,6103,61,2858,6,61
"1740","2020-05-23",59,20,179,150,6271,0.875777387976399,2010,7117,670,1735,11,6114,29,2887,2,29
"1741","2020-05-24",54,20,213,148,6271,0.875777387976399,2010,7117,670,1735,4,6118,52,2939,2,52
"1742","2020-05-25",51,20,299,147,6271,0.875777387976399,2010,7117,670,1735,3,6121,45,2984,3,45
"1743","2020-05-26",51,20,331,138,6271,0.875777387976399,2010,7117,670,1735,9,6130,46,3030,4,46
"1744","2020-05-27",48,20,340,122,6271,0.875777387976399,2010,7117,670,1735,5,6135,41,3071,1,41
"1745","2020-05-28",42,20,336,117,6271,0.875777387976399,2010,7117,670,1735,5,6140,56,3127,1,56
"1746","2020-05-29",37,20,326,121,6271,0.875777387976399,2010,7117,670,1735,8,6148,54,3181,4,54
"1747","2020-05-30",34,20,314,121,6271,0.875777387976399,2010,7117,670,1735,9,6157,60,3241,3,60
"1748","2020-05-31",31,20,296,115,6271,0.875777387976399,2010,7117,670,1735,2,6159,31,3272,1,31
"1749","2020-06-01",30,20,269,119,6271,0.875777387976399,2010,7117,670,1735,6,6165,32,3304,3,32
"1750","2020-06-02",27,20,256,122,6271,0.875777387976399,2010,7117,670,1735,6,6171,35,3339,4,35
"1751","2020-06-03",30,20,231,119,6271,0.875777387976399,2010,7117,670,1735,10,6181,34,3373,2,34
"1752","2020-06-04",33,20,215,121,6271,0.875777387976399,2010,7117,670,1735,7,6188,33,3406,2,33
"1753","2020-06-05",33,20,200,125,6271,0.875777387976399,2010,7117,670,1735,2,6190,17,3423,1,17
"1754","2020-06-06",38,20,211,120,6271,0.875777387976399,2010,7117,670,1735,9,6199,31,3454,3,31
"1755","2020-06-07",36,20,204,113,6271,0.875777387976399,2010,7117,670,1735,3,6202,49,3503,2,49
