"","Date","Absents","Paramset","Infections_or_Exposed_per_day_Patient","Infections_or_Exposed_per_day_HCW","total_infections","nosocomial_proportion","PCR_pooled","LFD_pooled","HCW_symp_test","patient_symp_test","new_hcw_infs","cumulative_hcw_infs","new_pat_infs","cumulative_pats_infs","new_nosocomial_hcw_infs","new_nosocomial_pat_infs"
"1","2020-03-13",2,1,146,190,6620,0.768126888217523,0,0,558,464,63,190,56,103,10,56
"2","2020-03-14",7,1,153,283,6620,0.768126888217523,0,0,558,464,93,283,35,138,22,35
"3","2020-03-15",13,1,165,378,6620,0.768126888217523,0,0,558,464,95,378,27,165,37,27
"4","2020-03-16",23,1,210,496,6620,0.768126888217523,0,0,558,464,118,496,59,224,75,59
"5","2020-03-17",47,1,248,658,6620,0.768126888217523,0,0,558,464,164,660,53,277,100,53
"6","2020-03-18",70,1,231,811,6620,0.768126888217523,0,0,558,464,162,822,34,311,119,34
"7","2020-03-19",90,1,204,1001,6620,0.768126888217523,0,0,558,464,210,1032,29,340,168,29
"8","2020-03-20",129,1,235,1207,6620,0.768126888217523,0,0,558,464,229,1261,47,387,183,47
"9","2020-03-21",167,1,240,1445,6620,0.768126888217523,0,0,558,464,274,1535,37,424,227,37
"10","2020-03-22",211,1,212,1693,6620,0.768126888217523,0,0,558,464,283,1818,26,450,245,26
"11","2020-03-23",266,1,185,1901,6620,0.768126888217523,0,0,558,464,262,2080,13,463,225,13
"12","2020-03-24",328,1,170,2073,6620,0.768126888217523,0,0,558,464,260,2340,17,480,218,17
"13","2020-03-25",388,1,147,2252,6620,0.768126888217523,0,0,558,464,276,2616,19,499,252,19
"14","2020-03-26",473,1,140,2417,6620,0.768126888217523,0,0,558,464,260,2876,17,516,230,17
"15","2020-03-27",518,1,139,2534,6620,0.768126888217523,0,0,558,464,248,3124,31,547,217,31
"16","2020-03-28",571,1,148,2610,6620,0.768126888217523,0,0,558,464,249,3373,26,573,232,26
"17","2020-03-29",613,1,137,2648,6620,0.768126888217523,0,0,558,464,209,3582,17,590,184,17
"18","2020-03-30",666,1,125,2719,6620,0.768126888217523,0,0,558,464,266,3848,23,613,250,23
"19","2020-03-31",688,1,127,2692,6620,0.768126888217523,0,0,558,464,174,4022,15,628,158,15
"20","2020-04-01",715,1,116,2682,6620,0.768126888217523,0,0,558,464,202,4224,19,647,181,19
"21","2020-04-02",719,1,134,2573,6620,0.768126888217523,0,0,558,464,152,4376,28,675,138,28
"22","2020-04-03",745,1,148,2513,6620,0.768126888217523,0,0,558,464,192,4568,37,712,180,37
"23","2020-04-04",748,1,158,2413,6620,0.768126888217523,0,0,558,464,148,4716,28,740,137,28
"24","2020-04-05",738,1,154,2299,6620,0.768126888217523,0,0,558,464,173,4889,21,761,151,21
"25","2020-04-06",726,1,139,2178,6620,0.768126888217523,0,0,558,464,130,5019,18,779,123,18
"26","2020-04-07",697,1,142,2026,6620,0.768126888217523,0,0,558,464,86,5105,27,806,77,27
"27","2020-04-08",670,1,134,1908,6620,0.768126888217523,0,0,558,464,128,5233,19,825,119,19
"28","2020-04-09",623,1,131,1800,6620,0.768126888217523,0,0,558,464,105,5338,25,850,94,25
"29","2020-04-10",583,1,142,1663,6620,0.768126888217523,0,0,558,464,76,5414,32,882,70,32
"30","2020-04-11",566,1,147,1568,6620,0.768126888217523,0,0,558,464,101,5515,30,912,91,30
"31","2020-04-12",536,1,143,1449,6620,0.768126888217523,0,0,558,464,72,5587,24,936,65,24
"32","2020-04-13",477,1,140,1324,6620,0.768126888217523,0,0,558,464,65,5652,25,961,56,25
"33","2020-04-14",463,1,141,1204,6620,0.768126888217523,0,0,558,464,46,5698,23,984,43,23
"34","2020-04-15",417,1,135,1109,6620,0.768126888217523,0,0,558,464,56,5754,22,1006,54,22
"35","2020-04-16",408,1,132,999,6620,0.768126888217523,0,0,558,464,48,5802,17,1023,40,17
"36","2020-04-17",373,1,113,894,6620,0.768126888217523,0,0,558,464,38,5840,14,1037,33,14
"37","2020-04-18",329,1,103,819,6620,0.768126888217523,0,0,558,464,41,5881,15,1052,35,15
"38","2020-04-19",306,1,95,734,6620,0.768126888217523,0,0,558,464,22,5903,13,1065,18,13
"39","2020-04-20",289,1,83,648,6620,0.768126888217523,0,0,558,464,24,5927,6,1071,19,6
"40","2020-04-21",253,1,74,553,6620,0.768126888217523,0,0,558,464,16,5943,9,1080,9,9
"41","2020-04-22",234,1,75,490,6620,0.768126888217523,0,0,558,464,18,5961,12,1092,9,12
"42","2020-04-23",196,1,69,417,6620,0.768126888217523,0,0,558,464,9,5970,14,1106,2,14
"43","2020-04-24",172,1,68,363,6620,0.768126888217523,0,0,558,464,15,5985,12,1118,10,12
"44","2020-04-25",148,1,78,310,6620,0.768126888217523,0,0,558,464,12,5997,22,1140,9,22
"45","2020-04-26",131,1,75,273,6620,0.768126888217523,0,0,558,464,14,6011,14,1154,6,14
"46","2020-04-27",111,1,73,246,6620,0.768126888217523,0,0,558,464,10,6021,12,1166,6,12
"47","2020-04-28",87,1,66,212,6620,0.768126888217523,0,0,558,464,8,6029,6,1172,5,6
"48","2020-04-29",80,1,64,187,6620,0.768126888217523,0,0,558,464,12,6041,15,1187,7,15
"49","2020-04-30",69,1,62,166,6620,0.768126888217523,0,0,558,464,15,6056,6,1193,12,6
"50","2020-05-01",64,1,54,152,6620,0.768126888217523,0,0,558,464,12,6068,6,1199,8,6
"51","2020-05-02",54,1,49,149,6620,0.768126888217523,0,0,558,464,14,6082,4,1203,8,4
"52","2020-05-03",48,1,54,141,6620,0.768126888217523,0,0,558,464,8,6090,7,1210,4,7
"53","2020-05-04",40,1,46,132,6620,0.768126888217523,0,0,558,464,9,6099,4,1214,5,4
"54","2020-05-05",42,1,42,120,6620,0.768126888217523,0,0,558,464,6,6105,2,1216,3,2
"55","2020-05-06",36,1,40,121,6620,0.768126888217523,0,0,558,464,9,6114,6,1222,6,6
"56","2020-05-07",38,1,43,116,6620,0.768126888217523,0,0,558,464,7,6121,9,1231,3,9
"57","2020-05-08",33,1,40,112,6620,0.768126888217523,0,0,558,464,7,6128,4,1235,2,4
"58","2020-05-09",33,1,41,103,6620,0.768126888217523,0,0,558,464,8,6136,5,1240,5,5
"59","2020-05-10",29,1,30,97,6620,0.768126888217523,0,0,558,464,5,6141,NA,NA,1,NA
"60","2020-05-11",34,1,29,89,6620,0.768126888217523,0,0,558,464,5,6146,3,1243,3,3
"61","2020-05-12",30,1,31,80,6620,0.768126888217523,0,0,558,464,2,6148,4,1247,1,4
"62","2020-05-13",28,1,36,80,6620,0.768126888217523,0,0,558,464,8,6156,7,1254,2,7
"63","2020-05-14",24,1,42,70,6620,0.768126888217523,0,0,558,464,1,6157,9,1263,NA,9
"64","2020-05-15",24,1,46,63,6620,0.768126888217523,0,0,558,464,5,6162,10,1273,1,10
"65","2020-05-16",25,1,36,60,6620,0.768126888217523,0,0,558,464,7,6169,4,1277,4,4
"66","2020-05-17",23,1,33,54,6620,0.768126888217523,0,0,558,464,3,6172,1,1278,NA,1
"67","2020-05-18",20,1,33,55,6620,0.768126888217523,0,0,558,464,5,6177,3,1281,1,3
"68","2020-05-19",19,1,29,59,6620,0.768126888217523,0,0,558,464,7,6184,3,1284,3,3
"69","2020-05-20",17,1,23,53,6620,0.768126888217523,0,0,558,464,3,6187,1,1285,1,1
"70","2020-05-21",20,1,24,57,6620,0.768126888217523,0,0,558,464,11,6198,1,1286,3,1
"71","2020-05-22",19,1,19,57,6620,0.768126888217523,0,0,558,464,1,6199,1,1287,NA,1
"72","2020-05-23",17,1,23,57,6620,0.768126888217523,0,0,558,464,4,6203,4,1291,1,4
"73","2020-05-24",21,1,26,57,6620,0.768126888217523,0,0,558,464,8,6211,3,1294,3,3
"74","2020-05-25",20,1,23,55,6620,0.768126888217523,0,0,558,464,4,6215,NA,NA,1,NA
"75","2020-05-26",19,1,24,54,6620,0.768126888217523,0,0,558,464,3,6218,4,1298,2,4
"76","2020-05-27",22,1,24,62,6620,0.768126888217523,0,0,558,464,8,6226,1,1299,1,1
"77","2020-05-28",20,1,17,60,6620,0.768126888217523,0,0,558,464,5,6231,NA,NA,3,NA
"78","2020-05-29",21,1,17,59,6620,0.768126888217523,0,0,558,464,2,6233,1,1300,NA,1
"79","2020-05-30",22,1,16,56,6620,0.768126888217523,0,0,558,464,3,6236,1,1301,1,1
"80","2020-05-31",20,1,17,53,6620,0.768126888217523,0,0,558,464,3,6239,1,1302,1,1
"81","2020-06-01",19,1,16,52,6620,0.768126888217523,0,0,558,464,2,6241,NA,NA,NA,NA
"82","2020-06-02",21,1,16,48,6620,0.768126888217523,0,0,558,464,3,6244,2,1304,NA,2
"83","2020-06-03",20,1,18,48,6620,0.768126888217523,0,0,558,464,5,6249,2,1306,1,2
"84","2020-06-04",17,1,16,45,6620,0.768126888217523,0,0,558,464,3,6252,NA,NA,NA,NA
"85","2020-06-05",18,1,18,42,6620,0.768126888217523,0,0,558,464,3,6255,2,1308,NA,2
"86","2020-06-06",15,1,17,44,6620,0.768126888217523,0,0,558,464,7,6262,2,1310,1,2
"87","2020-06-07",14,1,16,39,6620,0.768126888217523,0,0,558,464,NA,NA,2,1312,NA,2
"88","2020-03-13",4,2,57,129,3718,0.733458848843464,0,0,346,238,49,145,36,123,4,36
"89","2020-03-14",10,2,69,175,3718,0.733458848843464,0,0,346,238,57,202,47,170,9,47
"90","2020-03-15",15,2,118,216,3718,0.733458848843464,0,0,346,238,56,258,61,231,10,61
"91","2020-03-16",18,2,122,268,3718,0.733458848843464,0,0,346,238,50,308,48,279,13,48
"92","2020-03-17",23,2,125,333,3718,0.733458848843464,0,0,346,238,52,360,28,307,9,28
"93","2020-03-18",33,2,163,380,3718,0.733458848843464,0,0,346,238,70,430,62,369,18,62
"94","2020-03-19",49,2,201,431,3718,0.733458848843464,0,0,346,238,49,479,56,425,15,56
"95","2020-03-20",64,2,197,472,3718,0.733458848843464,0,0,346,238,52,531,72,497,13,72
"96","2020-03-21",73,2,184,499,3718,0.733458848843464,0,0,346,238,60,591,55,552,13,55
"97","2020-03-22",88,2,175,567,3718,0.733458848843464,0,0,346,238,46,637,48,600,14,48
"98","2020-03-23",121,2,154,618,3718,0.733458848843464,0,0,346,238,57,694,55,655,13,55
"99","2020-03-24",141,2,129,674,3718,0.733458848843464,0,0,346,238,51,745,43,698,19,43
"100","2020-03-25",158,2,116,708,3718,0.733458848843464,0,0,346,238,38,783,25,723,10,25
"101","2020-03-26",170,2,104,728,3718,0.733458848843464,0,0,346,238,42,825,42,765,19,42
"102","2020-03-27",180,2,88,758,3718,0.733458848843464,0,0,346,238,41,866,39,804,11,39
"103","2020-03-28",192,2,98,785,3718,0.733458848843464,0,0,346,238,36,902,23,827,19,23
"104","2020-03-29",204,2,138,816,3718,0.733458848843464,0,0,346,238,51,953,36,863,18,36
"105","2020-03-30",198,2,138,825,3718,0.733458848843464,0,0,346,238,34,987,44,907,11,44
"106","2020-03-31",200,2,159,814,3718,0.733458848843464,0,0,346,238,49,1036,53,960,20,53
"107","2020-04-01",209,2,168,816,3718,0.733458848843464,0,0,346,238,41,1077,34,994,16,34
"108","2020-04-02",217,2,165,812,3718,0.733458848843464,0,0,346,238,51,1128,23,1017,22,23
"109","2020-04-03",223,2,178,793,3718,0.733458848843464,0,0,346,238,37,1165,28,1045,16,28
"110","2020-04-04",226,2,184,803,3718,0.733458848843464,0,0,346,238,32,1197,44,1089,11,44
"111","2020-04-05",234,2,167,802,3718,0.733458848843464,0,0,346,238,27,1224,39,1128,16,39
"112","2020-04-06",236,2,157,797,3718,0.733458848843464,0,0,346,238,37,1261,30,1158,20,30
"113","2020-04-07",243,2,150,784,3718,0.733458848843464,0,0,346,238,42,1303,47,1205,15,47
"114","2020-04-08",230,2,153,777,3718,0.733458848843464,0,0,346,238,39,1342,28,1233,21,28
"115","2020-04-09",223,2,155,756,3718,0.733458848843464,0,0,346,238,23,1365,23,1256,10,23
"116","2020-04-10",210,2,161,726,3718,0.733458848843464,0,0,346,238,27,1392,23,1279,11,23
"117","2020-04-11",207,2,159,703,3718,0.733458848843464,0,0,346,238,35,1427,17,1296,18,17
"118","2020-04-12",207,2,152,683,3718,0.733458848843464,0,0,346,238,25,1452,29,1325,5,29
"119","2020-04-13",210,2,121,671,3718,0.733458848843464,0,0,346,238,33,1485,19,1344,16,19
"120","2020-04-14",208,2,102,641,3718,0.733458848843464,0,0,346,238,22,1507,14,1358,10,14
"121","2020-04-15",212,2,90,612,3718,0.733458848843464,0,0,346,238,27,1534,25,1383,7,25
"122","2020-04-16",205,2,93,600,3718,0.733458848843464,0,0,346,238,23,1557,9,1392,11,9
"123","2020-04-17",205,2,112,592,3718,0.733458848843464,0,0,346,238,23,1580,16,1408,10,16
"124","2020-04-18",196,2,115,559,3718,0.733458848843464,0,0,346,238,27,1607,7,1415,12,7
"125","2020-04-19",176,2,96,553,3718,0.733458848843464,0,0,346,238,14,1621,28,1443,5,28
"126","2020-04-20",158,2,92,557,3718,0.733458848843464,0,0,346,238,22,1643,23,1466,15,23
"127","2020-04-21",148,2,96,538,3718,0.733458848843464,0,0,346,238,25,1668,20,1486,11,20
"128","2020-04-22",153,2,87,524,3718,0.733458848843464,0,0,346,238,19,1687,23,1509,11,23
"129","2020-04-23",148,2,92,509,3718,0.733458848843464,0,0,346,238,21,1708,19,1528,9,19
"130","2020-04-24",146,2,87,504,3718,0.733458848843464,0,0,346,238,15,1723,24,1552,6,24
"131","2020-04-25",144,2,85,491,3718,0.733458848843464,0,0,346,238,18,1741,26,1578,12,26
"132","2020-04-26",148,2,74,483,3718,0.733458848843464,0,0,346,238,20,1761,22,1600,5,22
"133","2020-04-27",145,2,74,472,3718,0.733458848843464,0,0,346,238,17,1778,29,1629,6,29
"134","2020-04-28",144,2,67,461,3718,0.733458848843464,0,0,346,238,23,1801,23,1652,9,23
"135","2020-04-29",137,2,58,435,3718,0.733458848843464,0,0,346,238,19,1820,16,1668,9,16
"136","2020-04-30",143,2,56,424,3718,0.733458848843464,0,0,346,238,16,1836,11,1679,7,11
"137","2020-05-01",146,2,59,416,3718,0.733458848843464,0,0,346,238,20,1856,15,1694,11,15
"138","2020-05-02",157,2,58,396,3718,0.733458848843464,0,0,346,238,19,1875,24,1718,5,24
"139","2020-05-03",148,2,50,380,3718,0.733458848843464,0,0,346,238,14,1889,16,1734,6,16
"140","2020-05-04",145,2,52,373,3718,0.733458848843464,0,0,346,238,21,1910,17,1751,9,17
"141","2020-05-05",139,2,55,353,3718,0.733458848843464,0,0,346,238,12,1922,9,1760,8,9
"142","2020-05-06",129,2,55,344,3718,0.733458848843464,0,0,346,238,10,1932,14,1774,2,14
"143","2020-05-07",119,2,55,327,3718,0.733458848843464,0,0,346,238,17,1949,11,1785,6,11
"144","2020-05-08",112,2,48,313,3718,0.733458848843464,0,0,346,238,14,1963,8,1793,7,8
"145","2020-05-09",91,2,52,297,3718,0.733458848843464,0,0,346,238,12,1975,6,1799,6,6
"146","2020-05-10",95,2,46,295,3718,0.733458848843464,0,0,346,238,12,1987,8,1807,4,8
"147","2020-05-11",91,2,51,285,3718,0.733458848843464,0,0,346,238,23,2010,6,1813,9,6
"148","2020-05-12",86,2,49,267,3718,0.733458848843464,0,0,346,238,13,2023,4,1817,4,4
"149","2020-05-13",81,2,38,257,3718,0.733458848843464,0,0,346,238,16,2039,6,1823,9,6
"150","2020-05-14",76,2,35,244,3718,0.733458848843464,0,0,346,238,19,2058,5,1828,11,5
"151","2020-05-15",66,2,22,237,3718,0.733458848843464,0,0,346,238,14,2072,4,1832,3,4
"152","2020-05-16",69,2,17,231,3718,0.733458848843464,0,0,346,238,17,2089,6,1838,8,6
"153","2020-05-17",64,2,18,223,3718,0.733458848843464,0,0,346,238,18,2107,9,1847,8,9
"154","2020-05-18",65,2,21,202,3718,0.733458848843464,0,0,346,238,19,2126,5,1852,7,5
"155","2020-05-19",62,2,21,199,3718,0.733458848843464,0,0,346,238,14,2140,2,1854,9,2
"156","2020-05-20",62,2,18,188,3718,0.733458848843464,0,0,346,238,12,2152,4,1858,6,4
"157","2020-05-21",59,2,17,194,3718,0.733458848843464,0,0,346,238,14,2166,7,1865,3,7
"158","2020-05-22",62,2,18,193,3718,0.733458848843464,0,0,346,238,11,2177,4,1869,3,4
"159","2020-05-23",62,2,18,204,3718,0.733458848843464,0,0,346,238,10,2187,4,1873,5,4
"160","2020-05-24",55,2,20,204,3718,0.733458848843464,0,0,346,238,16,2203,4,1877,5,4
"161","2020-05-25",55,2,17,208,3718,0.733458848843464,0,0,346,238,13,2216,5,1882,7,5
"162","2020-05-26",50,2,13,215,3718,0.733458848843464,0,0,346,238,15,2231,2,1884,7,2
"163","2020-05-27",54,2,11,212,3718,0.733458848843464,0,0,346,238,13,2244,NA,NA,3,NA
"164","2020-05-28",59,2,15,219,3718,0.733458848843464,0,0,346,238,9,2253,6,1890,7,6
"165","2020-05-29",56,2,16,221,3718,0.733458848843464,0,0,346,238,16,2269,1,1891,10,1
"166","2020-05-30",62,2,14,224,3718,0.733458848843464,0,0,346,238,10,2279,3,1894,5,3
"167","2020-05-31",63,2,14,220,3718,0.733458848843464,0,0,346,238,17,2296,1,1895,7,1
"168","2020-06-01",60,2,13,223,3718,0.733458848843464,0,0,346,238,12,2308,1,1896,7,1
"169","2020-06-02",64,2,12,213,3718,0.733458848843464,0,0,346,238,13,2321,2,1898,6,2
"170","2020-06-03",63,2,11,205,3718,0.733458848843464,0,0,346,238,17,2338,2,1900,10,2
"171","2020-06-04",62,2,11,191,3718,0.733458848843464,0,0,346,238,25,2363,1,1901,13,1
"172","2020-06-05",63,2,9,188,3718,0.733458848843464,0,0,346,238,10,2373,1,1902,4,1
"173","2020-06-06",55,2,8,176,3718,0.733458848843464,0,0,346,238,19,2392,1,1903,10,1
"174","2020-06-07",56,2,9,169,3718,0.733458848843464,0,0,346,238,18,2410,NA,NA,13,NA
"175","2020-03-13",3,3,308,176,3403,0.477225977079048,0,0,332,672,48,95,14,53,30,14
"176","2020-03-14",9,3,315,247,3403,0.477225977079048,0,0,332,672,47,142,20,73,23,20
"177","2020-03-15",17,3,333,339,3403,0.477225977079048,0,0,332,672,50,192,18,91,35,18
"178","2020-03-16",35,3,330,402,3403,0.477225977079048,0,0,332,672,67,259,45,136,58,45
"179","2020-03-17",45,3,326,471,3403,0.477225977079048,0,0,332,672,73,332,43,179,60,43
"180","2020-03-18",65,3,327,542,3403,0.477225977079048,0,0,332,672,71,403,26,205,61,26
"181","2020-03-19",90,3,330,613,3403,0.477225977079048,0,0,332,672,90,493,65,270,79,65
"182","2020-03-20",116,3,326,655,3403,0.477225977079048,0,0,332,672,114,607,52,322,99,52
"183","2020-03-21",144,3,323,696,3403,0.477225977079048,0,0,332,672,106,713,54,376,95,54
"184","2020-03-22",161,3,304,722,3403,0.477225977079048,0,0,332,672,127,840,38,414,119,38
"185","2020-03-23",167,3,310,770,3403,0.477225977079048,0,0,332,672,115,955,29,443,110,29
"186","2020-03-24",182,3,298,805,3403,0.477225977079048,0,0,332,672,147,1102,23,466,136,23
"187","2020-03-25",194,3,289,803,3403,0.477225977079048,0,0,332,672,164,1266,19,485,150,19
"188","2020-03-26",205,3,273,805,3403,0.477225977079048,0,0,332,672,186,1452,34,519,172,34
"189","2020-03-27",201,3,280,792,3403,0.477225977079048,0,0,332,672,214,1666,45,564,199,45
"190","2020-03-28",196,3,269,786,3403,0.477225977079048,0,0,332,672,217,1883,17,581,213,17
"191","2020-03-29",207,3,244,797,3403,0.477225977079048,0,0,332,672,161,2044,27,608,156,27
"192","2020-03-30",222,3,250,778,3403,0.477225977079048,0,0,332,672,164,2208,31,639,158,31
"193","2020-03-31",224,3,230,803,3403,0.477225977079048,0,0,332,672,211,2419,37,676,201,37
"194","2020-04-01",225,3,269,799,3403,0.477225977079048,0,0,332,672,210,2629,24,700,203,24
"195","2020-04-02",227,3,279,788,3403,0.477225977079048,0,0,332,672,236,2865,12,712,231,12
"196","2020-04-03",239,3,284,774,3403,0.477225977079048,0,0,332,672,208,3073,25,737,203,25
"197","2020-04-04",246,3,269,743,3403,0.477225977079048,0,0,332,672,194,3267,18,755,192,18
"198","2020-04-05",238,3,257,703,3403,0.477225977079048,0,0,332,672,184,3451,27,782,180,27
"199","2020-04-06",229,3,227,675,3403,0.477225977079048,0,0,332,672,197,3648,60,842,193,60
"200","2020-04-07",230,3,241,652,3403,0.477225977079048,0,0,332,672,193,3841,41,883,190,41
"201","2020-04-08",222,3,247,633,3403,0.477225977079048,0,0,332,672,142,3983,31,914,141,31
"202","2020-04-09",207,3,243,598,3403,0.477225977079048,0,0,332,672,165,4148,27,941,162,27
"203","2020-04-10",198,3,228,575,3403,0.477225977079048,0,0,332,672,151,4299,34,975,150,34
"204","2020-04-11",180,3,236,552,3403,0.477225977079048,0,0,332,672,151,4450,44,1019,145,44
"205","2020-04-12",180,3,270,513,3403,0.477225977079048,0,0,332,672,100,4550,36,1055,97,36
"206","2020-04-13",175,3,287,498,3403,0.477225977079048,0,0,332,672,136,4686,28,1083,133,28
"207","2020-04-14",173,3,275,475,3403,0.477225977079048,0,0,332,672,107,4793,44,1127,102,44
"208","2020-04-15",166,3,278,455,3403,0.477225977079048,0,0,332,672,104,4897,29,1156,101,29
"209","2020-04-16",160,3,301,434,3403,0.477225977079048,0,0,332,672,88,4985,23,1179,84,23
"210","2020-04-17",153,3,320,424,3403,0.477225977079048,0,0,332,672,74,5059,19,1198,70,19
"211","2020-04-18",148,3,305,421,3403,0.477225977079048,0,0,332,672,82,5141,26,1224,82,26
"212","2020-04-19",136,3,294,404,3403,0.477225977079048,0,0,332,672,79,5220,17,1241,79,17
"213","2020-04-20",128,3,289,385,3403,0.477225977079048,0,0,332,672,59,5279,21,1262,57,21
"214","2020-04-21",118,3,297,370,3403,0.477225977079048,0,0,332,672,36,5315,23,1285,34,23
"215","2020-04-22",108,3,285,362,3403,0.477225977079048,0,0,332,672,49,5364,18,1303,48,18
"216","2020-04-23",105,3,285,351,3403,0.477225977079048,0,0,332,672,42,5406,24,1327,38,24
"217","2020-04-24",97,3,290,348,3403,0.477225977079048,0,0,332,672,41,5447,17,1344,40,17
"218","2020-04-25",103,3,278,338,3403,0.477225977079048,0,0,332,672,40,5487,19,1363,38,19
"219","2020-04-26",100,3,272,306,3403,0.477225977079048,0,0,332,672,32,5519,19,1382,31,19
"220","2020-04-27",91,3,252,296,3403,0.477225977079048,0,0,332,672,20,5539,19,1401,19,19
"221","2020-04-28",87,3,240,278,3403,0.477225977079048,0,0,332,672,25,5564,18,1419,24,18
"222","2020-04-29",89,3,235,254,3403,0.477225977079048,0,0,332,672,19,5583,17,1436,19,17
"223","2020-04-30",85,3,221,256,3403,0.477225977079048,0,0,332,672,20,5603,18,1454,19,18
"224","2020-05-01",82,3,219,248,3403,0.477225977079048,0,0,332,672,23,5626,21,1475,21,21
"225","2020-05-02",72,3,222,237,3403,0.477225977079048,0,0,332,672,17,5643,15,1490,17,15
"226","2020-05-03",70,3,217,222,3403,0.477225977079048,0,0,332,672,15,5658,13,1503,13,13
"227","2020-05-04",67,3,196,217,3403,0.477225977079048,0,0,332,672,13,5671,10,1513,13,10
"228","2020-05-05",62,3,186,206,3403,0.477225977079048,0,0,332,672,13,5684,4,1517,13,4
"229","2020-05-06",55,3,205,209,3403,0.477225977079048,0,0,332,672,8,5692,9,1526,7,9
"230","2020-05-07",53,3,209,208,3403,0.477225977079048,0,0,332,672,9,5701,19,1545,8,19
"231","2020-05-08",51,3,196,211,3403,0.477225977079048,0,0,332,672,9,5710,9,1554,9,9
"232","2020-05-09",54,3,193,215,3403,0.477225977079048,0,0,332,672,14,5724,3,1557,13,3
"233","2020-05-10",52,3,187,222,3403,0.477225977079048,0,0,332,672,5,5729,10,1567,5,10
"234","2020-05-11",54,3,171,227,3403,0.477225977079048,0,0,332,672,4,5733,6,1573,3,6
"235","2020-05-12",61,3,172,228,3403,0.477225977079048,0,0,332,672,6,5739,6,1579,4,6
"236","2020-05-13",66,3,170,218,3403,0.477225977079048,0,0,332,672,8,5747,9,1588,5,9
"237","2020-05-14",65,3,168,213,3403,0.477225977079048,0,0,332,672,4,5751,4,1592,3,4
"238","2020-05-15",66,3,169,212,3403,0.477225977079048,0,0,332,672,6,5757,5,1597,4,5
"239","2020-05-16",64,3,159,216,3403,0.477225977079048,0,0,332,672,5,5762,3,1600,4,3
"240","2020-05-17",64,3,150,214,3403,0.477225977079048,0,0,332,672,1,5763,3,1603,NA,3
"241","2020-05-18",66,3,133,207,3403,0.477225977079048,0,0,332,672,7,5770,1,1604,7,1
"242","2020-05-19",61,3,118,201,3403,0.477225977079048,0,0,332,672,2,5772,5,1609,1,5
"243","2020-05-20",64,3,112,203,3403,0.477225977079048,0,0,332,672,6,5778,2,1611,5,2
"244","2020-05-21",66,3,114,205,3403,0.477225977079048,0,0,332,672,4,5782,1,1612,2,1
"245","2020-05-22",62,3,110,198,3403,0.477225977079048,0,0,332,672,2,5784,2,1614,2,2
"246","2020-05-23",60,3,107,198,3403,0.477225977079048,0,0,332,672,2,5786,4,1618,1,4
"247","2020-05-24",62,3,111,200,3403,0.477225977079048,0,0,332,672,5,5791,4,1622,2,4
"248","2020-05-25",64,3,111,199,3403,0.477225977079048,0,0,332,672,3,5794,3,1625,3,3
"249","2020-05-26",66,3,113,202,3403,0.477225977079048,0,0,332,672,2,5796,2,1627,1,2
"250","2020-05-27",67,3,110,192,3403,0.477225977079048,0,0,332,672,4,5800,1,1628,2,1
"251","2020-05-28",63,3,109,184,3403,0.477225977079048,0,0,332,672,4,5804,2,1630,3,2
"252","2020-05-29",66,3,107,190,3403,0.477225977079048,0,0,332,672,1,5805,NA,NA,NA,NA
"253","2020-05-30",63,3,104,184,3403,0.477225977079048,0,0,332,672,2,5807,NA,NA,1,NA
"254","2020-05-31",59,3,99,183,3403,0.477225977079048,0,0,332,672,2,5809,NA,NA,NA,NA
"255","2020-06-01",52,3,95,186,3403,0.477225977079048,0,0,332,672,2,5811,NA,NA,NA,NA
"256","2020-06-02",45,3,97,186,3403,0.477225977079048,0,0,332,672,3,5814,NA,NA,2,NA
"257","2020-06-03",41,3,93,193,3403,0.477225977079048,0,0,332,672,1,5815,NA,NA,1,NA
"258","2020-06-04",39,3,95,194,3403,0.477225977079048,0,0,332,672,4,5819,NA,NA,2,NA
"259","2020-06-05",42,3,93,204,3403,0.477225977079048,0,0,332,672,3,5822,NA,NA,NA,NA
"260","2020-06-06",49,3,95,195,3403,0.477225977079048,0,0,332,672,3,5825,2,1632,1,2
"261","2020-06-07",52,3,88,195,3403,0.477225977079048,0,0,332,672,1,5826,NA,NA,NA,NA
"262","2020-03-13",1,4,93,89,3239,0.770608212411238,0,0,300,415,125,294,105,218,74,105
"263","2020-03-14",3,4,123,124,3239,0.770608212411238,0,0,300,415,154,448,75,293,97,75
"264","2020-03-15",6,4,178,166,3239,0.770608212411238,0,0,300,415,229,677,23,316,178,23
"265","2020-03-16",13,4,181,202,3239,0.770608212411238,0,0,300,415,295,972,26,342,249,26
"266","2020-03-17",18,4,157,249,3239,0.770608212411238,0,0,300,415,361,1333,13,355,304,13
"267","2020-03-18",28,4,152,313,3239,0.770608212411238,0,0,300,415,384,1717,16,371,347,16
"268","2020-03-19",41,4,184,353,3239,0.770608212411238,0,0,300,415,416,2133,66,437,382,66
"269","2020-03-20",49,4,238,403,3239,0.770608212411238,0,0,300,415,639,2772,23,460,607,23
"270","2020-03-21",66,4,268,456,3239,0.770608212411238,0,0,300,415,584,3356,30,490,553,30
"271","2020-03-22",79,4,242,499,3239,0.770608212411238,0,0,300,415,682,4038,33,523,651,33
"272","2020-03-23",104,4,231,532,3239,0.770608212411238,0,0,300,415,697,4735,15,538,676,15
"273","2020-03-24",112,4,233,579,3239,0.770608212411238,0,0,300,415,561,5296,19,557,549,19
"274","2020-03-25",130,4,214,604,3239,0.770608212411238,0,0,300,415,486,5782,13,570,477,13
"275","2020-03-26",142,4,212,614,3239,0.770608212411238,0,0,300,415,428,6210,14,584,414,14
"276","2020-03-27",163,4,188,624,3239,0.770608212411238,0,0,300,415,368,6578,37,621,362,37
"277","2020-03-28",163,4,159,624,3239,0.770608212411238,0,0,300,415,296,6874,30,651,289,30
"278","2020-03-29",171,4,145,647,3239,0.770608212411238,0,0,300,415,211,7085,17,668,205,17
"279","2020-03-30",170,4,153,683,3239,0.770608212411238,0,0,300,415,173,7258,16,684,166,16
"280","2020-03-31",180,4,167,694,3239,0.770608212411238,0,0,300,415,120,7378,16,700,114,16
"281","2020-04-01",182,4,182,675,3239,0.770608212411238,0,0,300,415,97,7475,11,711,95,11
"282","2020-04-02",180,4,165,687,3239,0.770608212411238,0,0,300,415,59,7534,12,723,57,12
"283","2020-04-03",180,4,162,698,3239,0.770608212411238,0,0,300,415,32,7566,12,735,32,12
"284","2020-04-04",193,4,166,698,3239,0.770608212411238,0,0,300,415,37,7603,10,745,36,10
"285","2020-04-05",204,4,173,705,3239,0.770608212411238,0,0,300,415,23,7626,44,789,20,44
"286","2020-04-06",207,4,185,713,3239,0.770608212411238,0,0,300,415,22,7648,27,816,20,27
"287","2020-04-07",212,4,181,725,3239,0.770608212411238,0,0,300,415,18,7666,15,831,17,15
"288","2020-04-08",210,4,168,714,3239,0.770608212411238,0,0,300,415,16,7682,9,840,16,9
"289","2020-04-09",220,4,146,709,3239,0.770608212411238,0,0,300,415,6,7688,76,916,5,76
"290","2020-04-10",219,4,145,717,3239,0.770608212411238,0,0,300,415,4,7692,46,962,4,46
"291","2020-04-11",206,4,133,702,3239,0.770608212411238,0,0,300,415,4,7696,47,1009,3,47
"292","2020-04-12",205,4,124,680,3239,0.770608212411238,0,0,300,415,6,7702,33,1042,2,33
"293","2020-04-13",195,4,137,649,3239,0.770608212411238,0,0,300,415,2,7704,16,1058,2,16
"294","2020-04-14",194,4,141,645,3239,0.770608212411238,0,0,300,415,1,7705,50,1108,NA,50
"295","2020-04-15",187,4,127,640,3239,0.770608212411238,0,0,300,415,3,7708,62,1170,3,62
"296","2020-04-16",177,4,113,603,3239,0.770608212411238,0,0,300,415,2,7710,50,1220,2,50
"297","2020-04-17",169,4,102,585,3239,0.770608212411238,0,0,300,415,NA,NA,53,1273,NA,53
"298","2020-04-18",180,4,96,584,3239,0.770608212411238,0,0,300,415,4,7714,36,1309,1,36
"299","2020-04-19",168,4,95,562,3239,0.770608212411238,0,0,300,415,1,7715,27,1336,1,27
"300","2020-04-20",173,4,101,546,3239,0.770608212411238,0,0,300,415,2,7717,14,1350,2,14
"301","2020-04-21",167,4,110,508,3239,0.770608212411238,0,0,300,415,2,7719,13,1363,2,13
"302","2020-04-22",168,4,106,495,3239,0.770608212411238,0,0,300,415,2,7721,10,1373,1,10
"303","2020-04-23",167,4,101,481,3239,0.770608212411238,0,0,300,415,NA,NA,7,1380,NA,7
"304","2020-04-24",159,4,104,465,3239,0.770608212411238,0,0,300,415,NA,NA,15,1395,NA,15
"305","2020-04-25",152,4,98,442,3239,0.770608212411238,0,0,300,415,4,7725,40,1435,1,40
"306","2020-04-26",142,4,98,440,3239,0.770608212411238,0,0,300,415,NA,NA,36,1471,NA,36
"307","2020-04-27",136,4,96,426,3239,0.770608212411238,0,0,300,415,2,7727,32,1503,1,32
"308","2020-04-28",133,4,103,418,3239,0.770608212411238,0,0,300,415,2,7729,38,1541,1,38
"309","2020-04-29",128,4,96,409,3239,0.770608212411238,0,0,300,415,2,7731,24,1565,1,24
"310","2020-04-30",122,4,93,406,3239,0.770608212411238,0,0,300,415,1,7732,33,1598,NA,33
"311","2020-05-01",128,4,84,389,3239,0.770608212411238,0,0,300,415,1,7733,22,1620,1,22
"312","2020-05-02",117,4,80,377,3239,0.770608212411238,0,0,300,415,1,7734,15,1635,NA,15
"313","2020-05-03",119,4,76,366,3239,0.770608212411238,0,0,300,415,1,7735,25,1660,NA,25
"314","2020-05-04",112,4,74,341,3239,0.770608212411238,0,0,300,415,1,7736,20,1680,NA,20
"315","2020-05-05",109,4,67,322,3239,0.770608212411238,0,0,300,415,1,7737,15,1695,1,15
"316","2020-05-06",106,4,62,303,3239,0.770608212411238,0,0,300,415,1,7738,10,1705,NA,10
"317","2020-05-07",102,4,54,298,3239,0.770608212411238,0,0,300,415,1,7739,20,1725,1,20
"318","2020-05-08",93,4,52,290,3239,0.770608212411238,0,0,300,415,NA,NA,13,1738,NA,13
"319","2020-05-09",90,4,43,283,3239,0.770608212411238,0,0,300,415,NA,NA,20,1758,NA,20
"320","2020-05-10",85,4,33,251,3239,0.770608212411238,0,0,300,415,NA,NA,20,1778,NA,20
"321","2020-05-11",82,4,32,242,3239,0.770608212411238,0,0,300,415,2,7741,18,1796,1,18
"322","2020-05-12",74,4,35,235,3239,0.770608212411238,0,0,300,415,1,7742,13,1809,NA,13
"323","2020-05-13",74,4,36,226,3239,0.770608212411238,0,0,300,415,NA,NA,10,1819,NA,10
"324","2020-05-14",69,4,32,220,3239,0.770608212411238,0,0,300,415,1,7743,17,1836,1,17
"325","2020-05-15",68,4,28,214,3239,0.770608212411238,0,0,300,415,NA,NA,10,1846,NA,10
"326","2020-05-16",71,4,29,212,3239,0.770608212411238,0,0,300,415,1,7744,9,1855,NA,9
"327","2020-05-17",69,4,23,206,3239,0.770608212411238,0,0,300,415,1,7745,4,1859,1,4
"328","2020-05-18",66,4,24,208,3239,0.770608212411238,0,0,300,415,1,7746,2,1861,1,2
"329","2020-05-19",64,4,20,202,3239,0.770608212411238,0,0,300,415,NA,NA,1,1862,NA,1
"330","2020-05-20",54,4,17,194,3239,0.770608212411238,0,0,300,415,NA,NA,3,1865,NA,3
"331","2020-05-21",57,4,12,181,3239,0.770608212411238,0,0,300,415,NA,NA,3,1868,NA,3
"332","2020-05-22",56,4,12,176,3239,0.770608212411238,0,0,300,415,NA,NA,3,1871,NA,3
"333","2020-05-23",57,4,12,159,3239,0.770608212411238,0,0,300,415,1,7747,5,1876,NA,5
"334","2020-05-24",55,4,12,151,3239,0.770608212411238,0,0,300,415,3,7750,4,1880,1,4
"335","2020-05-25",51,4,12,145,3239,0.770608212411238,0,0,300,415,1,7751,8,1888,NA,8
"336","2020-05-26",52,4,12,147,3239,0.770608212411238,0,0,300,415,NA,NA,4,1892,NA,4
"337","2020-05-27",54,4,12,139,3239,0.770608212411238,0,0,300,415,1,7752,NA,NA,NA,NA
"338","2020-05-28",47,4,15,130,3239,0.770608212411238,0,0,300,415,NA,NA,2,1894,NA,2
"339","2020-05-29",45,4,17,123,3239,0.770608212411238,0,0,300,415,NA,NA,NA,NA,NA,NA
"340","2020-05-30",41,4,17,120,3239,0.770608212411238,0,0,300,415,3,7755,1,1895,NA,1
"341","2020-05-31",39,4,17,116,3239,0.770608212411238,0,0,300,415,NA,NA,1,1896,NA,1
"342","2020-06-01",39,4,15,113,3239,0.770608212411238,0,0,300,415,NA,NA,NA,NA,NA,NA
"343","2020-06-02",36,4,16,105,3239,0.770608212411238,0,0,300,415,NA,NA,1,1897,NA,1
"344","2020-06-03",33,4,19,100,3239,0.770608212411238,0,0,300,415,NA,NA,NA,NA,NA,NA
"345","2020-06-04",31,4,19,105,3239,0.770608212411238,0,0,300,415,NA,NA,NA,NA,NA,NA
"346","2020-06-05",28,4,18,105,3239,0.770608212411238,0,0,300,415,NA,NA,NA,NA,NA,NA
"347","2020-06-06",23,4,17,104,3239,0.770608212411238,0,0,300,415,NA,NA,NA,NA,NA,NA
"348","2020-06-07",26,4,15,100,3239,0.770608212411238,0,0,300,415,NA,NA,NA,NA,NA,NA
"349","2020-03-12",1,5,57,81,2566,0.543647700701481,0,0,245,334,15,35,54,99,4,54
"350","2020-03-13",4,5,70,120,2566,0.543647700701481,0,0,245,334,21,56,68,167,2,68
"351","2020-03-14",7,5,102,159,2566,0.543647700701481,0,0,245,334,30,86,71,238,10,71
"352","2020-03-15",10,5,96,200,2566,0.543647700701481,0,0,245,334,18,104,48,286,4,48
"353","2020-03-16",16,5,105,232,2566,0.543647700701481,0,0,245,334,25,129,63,349,7,63
"354","2020-03-17",30,5,95,280,2566,0.543647700701481,0,0,245,334,29,158,34,383,11,34
"355","2020-03-18",42,5,99,320,2566,0.543647700701481,0,0,245,334,33,191,37,420,18,37
"356","2020-03-19",51,5,126,355,2566,0.543647700701481,0,0,245,334,24,215,23,443,11,23
"357","2020-03-20",56,5,149,376,2566,0.543647700701481,0,0,245,334,40,255,21,464,20,21
"358","2020-03-21",74,5,181,406,2566,0.543647700701481,0,0,245,334,30,285,25,489,20,25
"359","2020-03-22",90,5,199,434,2566,0.543647700701481,0,0,245,334,29,314,32,521,18,32
"360","2020-03-23",96,5,220,441,2566,0.543647700701481,0,0,245,334,22,336,28,549,15,28
"361","2020-03-24",94,5,221,456,2566,0.543647700701481,0,0,245,334,28,364,39,588,16,39
"362","2020-03-25",97,5,199,459,2566,0.543647700701481,0,0,245,334,30,394,35,623,22,35
"363","2020-03-26",106,5,182,456,2566,0.543647700701481,0,0,245,334,37,431,37,660,23,37
"364","2020-03-27",116,5,156,438,2566,0.543647700701481,0,0,245,334,24,455,28,688,16,28
"365","2020-03-28",113,5,154,428,2566,0.543647700701481,0,0,245,334,35,490,38,726,28,38
"366","2020-03-29",112,5,143,408,2566,0.543647700701481,0,0,245,334,30,520,43,769,23,43
"367","2020-03-30",120,5,133,403,2566,0.543647700701481,0,0,245,334,38,558,35,804,21,35
"368","2020-03-31",122,5,129,390,2566,0.543647700701481,0,0,245,334,33,591,37,841,21,37
"369","2020-04-01",125,5,136,395,2566,0.543647700701481,0,0,245,334,35,626,61,902,16,61
"370","2020-04-02",123,5,132,388,2566,0.543647700701481,0,0,245,334,35,661,40,942,25,40
"371","2020-04-03",117,5,120,394,2566,0.543647700701481,0,0,245,334,31,692,24,966,17,24
"372","2020-04-04",113,5,123,390,2566,0.543647700701481,0,0,245,334,31,723,21,987,18,21
"373","2020-04-05",111,5,123,374,2566,0.543647700701481,0,0,245,334,27,750,20,1007,18,20
"374","2020-04-06",109,5,133,364,2566,0.543647700701481,0,0,245,334,22,772,13,1020,16,13
"375","2020-04-07",107,5,132,348,2566,0.543647700701481,0,0,245,334,39,811,13,1033,27,13
"376","2020-04-08",96,5,127,342,2566,0.543647700701481,0,0,245,334,30,841,23,1056,25,23
"377","2020-04-09",95,5,119,341,2566,0.543647700701481,0,0,245,334,36,877,25,1081,26,25
"378","2020-04-10",101,5,112,336,2566,0.543647700701481,0,0,245,334,33,910,22,1103,30,22
"379","2020-04-11",100,5,114,333,2566,0.543647700701481,0,0,245,334,32,942,28,1131,22,28
"380","2020-04-12",99,5,110,319,2566,0.543647700701481,0,0,245,334,28,970,31,1162,23,31
"381","2020-04-13",99,5,101,316,2566,0.543647700701481,0,0,245,334,42,1012,46,1208,35,46
"382","2020-04-14",99,5,89,319,2566,0.543647700701481,0,0,245,334,30,1042,38,1246,24,38
"383","2020-04-15",103,5,84,316,2566,0.543647700701481,0,0,245,334,33,1075,20,1266,29,20
"384","2020-04-16",101,5,83,319,2566,0.543647700701481,0,0,245,334,23,1098,24,1290,16,24
"385","2020-04-17",104,5,70,312,2566,0.543647700701481,0,0,245,334,26,1124,16,1306,23,16
"386","2020-04-18",105,5,59,317,2566,0.543647700701481,0,0,245,334,33,1157,13,1319,29,13
"387","2020-04-19",104,5,59,322,2566,0.543647700701481,0,0,245,334,28,1185,19,1338,21,19
"388","2020-04-20",95,5,57,318,2566,0.543647700701481,0,0,245,334,27,1212,16,1354,21,16
"389","2020-04-21",95,5,52,311,2566,0.543647700701481,0,0,245,334,28,1240,17,1371,26,17
"390","2020-04-22",97,5,56,307,2566,0.543647700701481,0,0,245,334,28,1268,9,1380,25,9
"391","2020-04-23",95,5,52,307,2566,0.543647700701481,0,0,245,334,27,1295,28,1408,22,28
"392","2020-04-24",85,5,58,307,2566,0.543647700701481,0,0,245,334,34,1329,20,1428,31,20
"393","2020-04-25",83,5,54,308,2566,0.543647700701481,0,0,245,334,28,1357,23,1451,21,23
"394","2020-04-26",78,5,53,295,2566,0.543647700701481,0,0,245,334,38,1395,18,1469,30,18
"395","2020-04-27",83,5,53,289,2566,0.543647700701481,0,0,245,334,37,1432,11,1480,35,11
"396","2020-04-28",81,5,45,280,2566,0.543647700701481,0,0,245,334,29,1461,14,1494,24,14
"397","2020-04-29",81,5,48,273,2566,0.543647700701481,0,0,245,334,24,1485,14,1508,20,14
"398","2020-04-30",82,5,50,277,2566,0.543647700701481,0,0,245,334,45,1530,14,1522,41,14
"399","2020-05-01",80,5,48,292,2566,0.543647700701481,0,0,245,334,34,1564,25,1547,32,25
"400","2020-05-02",85,5,52,285,2566,0.543647700701481,0,0,245,334,33,1597,22,1569,29,22
"401","2020-05-03",96,5,45,284,2566,0.543647700701481,0,0,245,334,36,1633,11,1580,28,11
"402","2020-05-04",95,5,41,285,2566,0.543647700701481,0,0,245,334,35,1668,16,1596,31,16
"403","2020-05-05",98,5,40,280,2566,0.543647700701481,0,0,245,334,29,1697,13,1609,25,13
"404","2020-05-06",92,5,41,285,2566,0.543647700701481,0,0,245,334,33,1730,17,1626,29,17
"405","2020-05-07",89,5,47,283,2566,0.543647700701481,0,0,245,334,35,1765,11,1637,34,11
"406","2020-05-08",92,5,44,279,2566,0.543647700701481,0,0,245,334,30,1795,19,1656,26,19
"407","2020-05-09",88,5,43,276,2566,0.543647700701481,0,0,245,334,42,1837,16,1672,38,16
"408","2020-05-10",78,5,40,279,2566,0.543647700701481,0,0,245,334,20,1857,17,1689,17,17
"409","2020-05-11",77,5,35,272,2566,0.543647700701481,0,0,245,334,21,1878,19,1708,20,19
"410","2020-05-12",74,5,34,262,2566,0.543647700701481,0,0,245,334,29,1907,10,1718,25,10
"411","2020-05-13",79,5,38,262,2566,0.543647700701481,0,0,245,334,17,1924,7,1725,17,7
"412","2020-05-14",79,5,36,258,2566,0.543647700701481,0,0,245,334,27,1951,8,1733,23,8
"413","2020-05-15",73,5,39,241,2566,0.543647700701481,0,0,245,334,26,1977,4,1737,25,4
"414","2020-05-16",74,5,35,241,2566,0.543647700701481,0,0,245,334,19,1996,5,1742,15,5
"415","2020-05-17",79,5,31,243,2566,0.543647700701481,0,0,245,334,18,2014,8,1750,12,8
"416","2020-05-18",77,5,29,237,2566,0.543647700701481,0,0,245,334,11,2025,9,1759,9,9
"417","2020-05-19",74,5,29,237,2566,0.543647700701481,0,0,245,334,17,2042,7,1766,14,7
"418","2020-05-20",67,5,27,245,2566,0.543647700701481,0,0,245,334,19,2061,7,1773,14,7
"419","2020-05-21",63,5,20,227,2566,0.543647700701481,0,0,245,334,26,2087,3,1776,22,3
"420","2020-05-22",68,5,21,211,2566,0.543647700701481,0,0,245,334,27,2114,6,1782,21,6
"421","2020-05-23",64,5,22,208,2566,0.543647700701481,0,0,245,334,29,2143,3,1785,21,3
"422","2020-05-24",53,5,20,206,2566,0.543647700701481,0,0,245,334,22,2165,3,1788,20,3
"423","2020-05-25",52,5,20,197,2566,0.543647700701481,0,0,245,334,19,2184,9,1797,16,9
"424","2020-05-26",47,5,17,203,2566,0.543647700701481,0,0,245,334,31,2215,9,1806,30,9
"425","2020-05-27",45,5,19,203,2566,0.543647700701481,0,0,245,334,18,2233,6,1812,13,6
"426","2020-05-28",45,5,18,207,2566,0.543647700701481,0,0,245,334,19,2252,10,1822,17,10
"427","2020-05-29",41,5,17,205,2566,0.543647700701481,0,0,245,334,28,2280,6,1828,25,6
"428","2020-05-30",42,5,20,213,2566,0.543647700701481,0,0,245,334,18,2298,2,1830,18,2
"429","2020-05-31",51,5,19,216,2566,0.543647700701481,0,0,245,334,25,2323,6,1836,25,6
"430","2020-06-01",53,5,20,224,2566,0.543647700701481,0,0,245,334,25,2348,9,1845,21,9
"431","2020-06-02",64,5,25,219,2566,0.543647700701481,0,0,245,334,24,2372,5,1850,15,5
"432","2020-06-03",70,5,24,225,2566,0.543647700701481,0,0,245,334,17,2389,5,1855,17,5
"433","2020-06-04",73,5,22,234,2566,0.543647700701481,0,0,245,334,27,2416,3,1858,23,3
"434","2020-06-05",71,5,19,240,2566,0.543647700701481,0,0,245,334,26,2442,11,1869,24,11
"435","2020-06-06",67,5,16,235,2566,0.543647700701481,0,0,245,334,23,2465,7,1876,21,7
"436","2020-06-07",65,5,17,233,2566,0.543647700701481,0,0,245,334,18,2483,6,1882,16,6
"437","2020-03-12",1,6,254,127,7863,0.929924965026071,0,0,683,724,28,61,79,167,1,79
"438","2020-03-13",3,6,220,217,7863,0.929924965026071,0,0,683,724,40,101,36,203,2,36
"439","2020-03-14",8,6,220,340,7863,0.929924965026071,0,0,683,724,37,138,17,220,2,17
"440","2020-03-15",21,6,257,478,7863,0.929924965026071,0,0,683,724,33,171,21,241,3,21
"441","2020-03-16",38,6,241,690,7863,0.929924965026071,0,0,683,724,40,211,38,279,11,38
"442","2020-03-17",61,6,256,943,7863,0.929924965026071,0,0,683,724,36,247,44,323,7,44
"443","2020-03-18",91,6,237,1246,7863,0.929924965026071,0,0,683,724,28,275,48,371,6,48
"444","2020-03-19",131,6,211,1635,7863,0.929924965026071,0,0,683,724,41,316,43,414,3,43
"445","2020-03-20",180,6,175,2061,7863,0.929924965026071,0,0,683,724,41,357,34,448,6,34
"446","2020-03-21",246,6,155,2564,7863,0.929924965026071,0,0,683,724,35,392,25,473,7,25
"447","2020-03-22",321,6,146,3018,7863,0.929924965026071,0,0,683,724,27,419,31,504,8,31
"448","2020-03-23",409,6,129,3458,7863,0.929924965026071,0,0,683,724,33,452,15,519,5,15
"449","2020-03-24",546,6,109,4015,7863,0.929924965026071,0,0,683,724,38,490,5,524,9,5
"450","2020-03-25",646,6,101,4267,7863,0.929924965026071,0,0,683,724,26,516,12,536,8,12
"451","2020-03-26",767,6,112,4476,7863,0.929924965026071,0,0,683,724,29,545,17,553,15,17
"452","2020-03-27",904,6,155,4611,7863,0.929924965026071,0,0,683,724,40,585,40,593,20,40
"453","2020-03-28",1040,6,167,4688,7863,0.929924965026071,0,0,683,724,26,611,69,662,11,69
"454","2020-03-29",1132,6,154,4671,7863,0.929924965026071,0,0,683,724,35,646,30,692,13,30
"455","2020-03-30",1200,6,134,4559,7863,0.929924965026071,0,0,683,724,27,673,36,728,11,36
"456","2020-03-31",1256,6,125,4361,7863,0.929924965026071,0,0,683,724,42,715,26,754,18,26
"457","2020-04-01",1312,6,122,4065,7863,0.929924965026071,0,0,683,724,33,748,15,769,14,15
"458","2020-04-02",1334,6,139,3779,7863,0.929924965026071,0,0,683,724,30,778,26,795,14,26
"459","2020-04-03",1320,6,164,3476,7863,0.929924965026071,0,0,683,724,40,818,55,850,17,55
"460","2020-04-04",1267,6,179,3018,7863,0.929924965026071,0,0,683,724,25,843,42,892,12,42
"461","2020-04-05",1197,6,225,2683,7863,0.929924965026071,0,0,683,724,30,873,29,921,12,29
"462","2020-04-06",1139,6,236,2273,7863,0.929924965026071,0,0,683,724,23,896,34,955,9,34
"463","2020-04-07",1010,6,249,1937,7863,0.929924965026071,0,0,683,724,23,919,41,996,8,41
"464","2020-04-08",898,6,262,1618,7863,0.929924965026071,0,0,683,724,27,946,36,1032,14,36
"465","2020-04-09",777,6,277,1370,7863,0.929924965026071,0,0,683,724,21,967,21,1053,9,21
"466","2020-04-10",669,6,263,1115,7863,0.929924965026071,0,0,683,724,23,990,45,1098,9,45
"467","2020-04-11",568,6,205,901,7863,0.929924965026071,0,0,683,724,31,1021,52,1150,13,52
"468","2020-04-12",484,6,189,723,7863,0.929924965026071,0,0,683,724,31,1052,48,1198,8,48
"469","2020-04-13",397,6,172,576,7863,0.929924965026071,0,0,683,724,22,1074,29,1227,10,29
"470","2020-04-14",333,6,135,449,7863,0.929924965026071,0,0,683,724,23,1097,14,1241,12,14
"471","2020-04-15",272,6,115,372,7863,0.929924965026071,0,0,683,724,22,1119,12,1253,8,12
"472","2020-04-16",225,6,82,290,7863,0.929924965026071,0,0,683,724,23,1142,20,1273,14,20
"473","2020-04-17",168,6,112,242,7863,0.929924965026071,0,0,683,724,19,1161,13,1286,8,13
"474","2020-04-18",122,6,116,193,7863,0.929924965026071,0,0,683,724,24,1185,17,1303,14,17
"475","2020-04-19",100,6,123,158,7863,0.929924965026071,0,0,683,724,28,1213,24,1327,10,24
"476","2020-04-20",80,6,110,122,7863,0.929924965026071,0,0,683,724,30,1243,16,1343,16,16
"477","2020-04-21",66,6,97,91,7863,0.929924965026071,0,0,683,724,23,1266,13,1356,11,13
"478","2020-04-22",59,6,94,73,7863,0.929924965026071,0,0,683,724,22,1288,4,1360,9,4
"479","2020-04-23",48,6,96,62,7863,0.929924965026071,0,0,683,724,20,1308,8,1368,10,8
"480","2020-04-24",41,6,80,48,7863,0.929924965026071,0,0,683,724,22,1330,25,1393,7,25
"481","2020-04-25",39,6,70,40,7863,0.929924965026071,0,0,683,724,12,1342,17,1410,6,17
"482","2020-04-26",35,6,66,34,7863,0.929924965026071,0,0,683,724,19,1361,17,1427,10,17
"483","2020-04-27",27,6,71,30,7863,0.929924965026071,0,0,683,724,21,1382,4,1431,13,4
"484","2020-04-28",19,6,84,28,7863,0.929924965026071,0,0,683,724,22,1404,13,1444,12,13
"485","2020-04-29",13,6,80,20,7863,0.929924965026071,0,0,683,724,21,1425,10,1454,12,10
"486","2020-04-30",8,6,82,17,7863,0.929924965026071,0,0,683,724,18,1443,6,1460,11,6
"487","2020-05-01",6,6,83,16,7863,0.929924965026071,0,0,683,724,21,1464,17,1477,10,17
"488","2020-05-02",1,6,81,14,7863,0.929924965026071,0,0,683,724,18,1482,7,1484,6,7
"489","2020-05-03",2,6,84,15,7863,0.929924965026071,0,0,683,724,25,1507,7,1491,15,7
"490","2020-05-04",2,6,75,13,7863,0.929924965026071,0,0,683,724,25,1532,16,1507,14,16
"491","2020-05-05",1,6,86,9,7863,0.929924965026071,0,0,683,724,20,1552,15,1522,13,15
"492","2020-05-06",3,6,88,11,7863,0.929924965026071,0,0,683,724,22,1574,6,1528,16,6
"493","2020-05-07",4,6,80,10,7863,0.929924965026071,0,0,683,724,28,1602,19,1547,18,19
"494","2020-05-08",4,6,55,10,7863,0.929924965026071,0,0,683,724,22,1624,3,1550,13,3
"495","2020-05-09",4,6,47,9,7863,0.929924965026071,0,0,683,724,18,1642,13,1563,12,13
"496","2020-05-10",4,6,40,10,7863,0.929924965026071,0,0,683,724,21,1663,10,1573,15,10
"497","2020-05-11",4,6,30,11,7863,0.929924965026071,0,0,683,724,10,1673,6,1579,6,6
"498","2020-05-12",4,6,31,10,7863,0.929924965026071,0,0,683,724,15,1688,5,1584,12,5
"499","2020-05-13",4,6,30,11,7863,0.929924965026071,0,0,683,724,14,1702,8,1592,9,8
"500","2020-05-14",4,6,23,9,7863,0.929924965026071,0,0,683,724,23,1725,8,1600,15,8
"501","2020-05-15",4,6,18,9,7863,0.929924965026071,0,0,683,724,15,1740,7,1607,5,7
"502","2020-05-16",4,6,13,8,7863,0.929924965026071,0,0,683,724,19,1759,5,1612,15,5
"503","2020-05-17",5,6,12,7,7863,0.929924965026071,0,0,683,724,19,1778,5,1617,10,5
"504","2020-05-18",5,6,10,7,7863,0.929924965026071,0,0,683,724,18,1796,5,1622,10,5
"505","2020-05-19",5,6,12,5,7863,0.929924965026071,0,0,683,724,8,1804,10,1632,5,10
"506","2020-05-20",3,6,10,5,7863,0.929924965026071,0,0,683,724,19,1823,6,1638,7,6
"507","2020-05-21",2,6,15,6,7863,0.929924965026071,0,0,683,724,15,1838,6,1644,10,6
"508","2020-05-22",2,6,18,4,7863,0.929924965026071,0,0,683,724,23,1861,5,1649,14,5
"509","2020-05-23",3,6,18,4,7863,0.929924965026071,0,0,683,724,16,1877,2,1651,7,2
"510","2020-05-24",1,6,13,3,7863,0.929924965026071,0,0,683,724,16,1893,4,1655,8,4
"511","2020-05-25",1,6,14,3,7863,0.929924965026071,0,0,683,724,15,1908,6,1661,9,6
"512","2020-05-26",1,6,13,3,7863,0.929924965026071,0,0,683,724,25,1933,2,1663,17,2
"513","2020-05-27",1,6,13,2,7863,0.929924965026071,0,0,683,724,15,1948,1,1664,9,1
"514","2020-05-28",1,6,9,2,7863,0.929924965026071,0,0,683,724,11,1959,NA,NA,6,NA
"515","2020-05-29",2,6,9,2,7863,0.929924965026071,0,0,683,724,21,1980,5,1669,15,5
"516","2020-05-30",1,6,8,1,7863,0.929924965026071,0,0,683,724,17,1997,2,1671,11,2
"517","2020-05-31",1,6,7,1,7863,0.929924965026071,0,0,683,724,17,2014,2,1673,8,2
"518","2020-06-01",1,6,7,2,7863,0.929924965026071,0,0,683,724,23,2037,10,1683,13,10
"519","2020-06-02",1,6,6,2,7863,0.929924965026071,0,0,683,724,19,2056,2,1685,15,2
"520","2020-06-03",1,6,5,2,7863,0.929924965026071,0,0,683,724,14,2070,2,1687,11,2
"521","2020-06-04",1,6,5,2,7863,0.929924965026071,0,0,683,724,24,2094,3,1690,19,3
"522","2020-03-12",1,7,52,114,3203,0.374024352169841,0,0,309,365,28,54,71,129,8,71
"523","2020-03-13",3,7,56,188,3203,0.374024352169841,0,0,309,365,24,78,32,161,10,32
"524","2020-03-14",6,7,64,260,3203,0.374024352169841,0,0,309,365,28,106,18,179,10,18
"525","2020-03-15",15,7,81,343,3203,0.374024352169841,0,0,309,365,27,133,7,186,12,7
"526","2020-03-16",29,7,88,414,3203,0.374024352169841,0,0,309,365,29,162,10,196,14,10
"527","2020-03-17",48,7,121,493,3203,0.374024352169841,0,0,309,365,28,190,62,258,15,62
"528","2020-03-18",68,7,129,571,3203,0.374024352169841,0,0,309,365,25,215,22,280,16,22
"529","2020-03-19",89,7,160,627,3203,0.374024352169841,0,0,309,365,41,256,33,313,23,33
"530","2020-03-20",122,7,177,673,3203,0.374024352169841,0,0,309,365,19,275,36,349,11,36
"531","2020-03-21",149,7,158,737,3203,0.374024352169841,0,0,309,365,33,308,16,365,15,16
"532","2020-03-22",173,7,163,764,3203,0.374024352169841,0,0,309,365,28,336,20,385,17,20
"533","2020-03-23",192,7,176,779,3203,0.374024352169841,0,0,309,365,38,374,4,389,20,4
"534","2020-03-24",206,7,188,801,3203,0.374024352169841,0,0,309,365,42,416,6,395,29,6
"535","2020-03-25",223,7,190,790,3203,0.374024352169841,0,0,309,365,32,448,5,400,18,5
"536","2020-03-26",235,7,197,793,3203,0.374024352169841,0,0,309,365,29,477,1,401,18,1
"537","2020-03-27",234,7,167,785,3203,0.374024352169841,0,0,309,365,30,507,12,413,21,12
"538","2020-03-28",236,7,160,762,3203,0.374024352169841,0,0,309,365,42,549,33,446,29,33
"539","2020-03-29",234,7,153,745,3203,0.374024352169841,0,0,309,365,32,581,49,495,23,49
"540","2020-03-30",233,7,148,726,3203,0.374024352169841,0,0,309,365,39,620,54,549,31,54
"541","2020-03-31",228,7,129,707,3203,0.374024352169841,0,0,309,365,39,659,61,610,30,61
"542","2020-04-01",215,7,112,684,3203,0.374024352169841,0,0,309,365,25,684,33,643,15,33
"543","2020-04-02",212,7,132,674,3203,0.374024352169841,0,0,309,365,34,718,28,671,24,28
"544","2020-04-03",201,7,124,672,3203,0.374024352169841,0,0,309,365,34,752,22,693,23,22
"545","2020-04-04",197,7,131,645,3203,0.374024352169841,0,0,309,365,34,786,15,708,28,15
"546","2020-04-05",187,7,119,619,3203,0.374024352169841,0,0,309,365,35,821,6,714,26,6
"547","2020-04-06",176,7,102,583,3203,0.374024352169841,0,0,309,365,43,864,22,736,36,22
"548","2020-04-07",170,7,95,564,3203,0.374024352169841,0,0,309,365,29,893,20,756,26,20
"549","2020-04-08",168,7,85,547,3203,0.374024352169841,0,0,309,365,26,919,16,772,19,16
"550","2020-04-09",158,7,93,516,3203,0.374024352169841,0,0,309,365,24,943,21,793,18,21
"551","2020-04-10",158,7,102,499,3203,0.374024352169841,0,0,309,365,34,977,36,829,25,36
"552","2020-04-11",146,7,100,473,3203,0.374024352169841,0,0,309,365,42,1019,16,845,36,16
"553","2020-04-12",146,7,95,455,3203,0.374024352169841,0,0,309,365,28,1047,20,865,24,20
"554","2020-04-13",142,7,80,453,3203,0.374024352169841,0,0,309,365,21,1068,12,877,15,12
"555","2020-04-14",137,7,86,446,3203,0.374024352169841,0,0,309,365,27,1095,8,885,17,8
"556","2020-04-15",132,7,87,433,3203,0.374024352169841,0,0,309,365,27,1122,15,900,23,15
"557","2020-04-16",132,7,78,414,3203,0.374024352169841,0,0,309,365,30,1152,48,948,24,48
"558","2020-04-17",138,7,84,402,3203,0.374024352169841,0,0,309,365,25,1177,39,987,21,39
"559","2020-04-18",132,7,86,393,3203,0.374024352169841,0,0,309,365,32,1209,22,1009,27,22
"560","2020-04-19",131,7,77,377,3203,0.374024352169841,0,0,309,365,19,1228,28,1037,16,28
"561","2020-04-20",129,7,67,355,3203,0.374024352169841,0,0,309,365,27,1255,8,1045,22,8
"562","2020-04-21",123,7,64,341,3203,0.374024352169841,0,0,309,365,28,1283,10,1055,21,10
"563","2020-04-22",122,7,80,331,3203,0.374024352169841,0,0,309,365,20,1303,10,1065,18,10
"564","2020-04-23",117,7,86,314,3203,0.374024352169841,0,0,309,365,19,1322,15,1080,13,15
"565","2020-04-24",95,7,96,307,3203,0.374024352169841,0,0,309,365,20,1342,18,1098,17,18
"566","2020-04-25",100,7,87,305,3203,0.374024352169841,0,0,309,365,18,1360,13,1111,13,13
"567","2020-04-26",89,7,81,292,3203,0.374024352169841,0,0,309,365,27,1387,8,1119,23,8
"568","2020-04-27",85,7,79,266,3203,0.374024352169841,0,0,309,365,34,1421,10,1129,28,10
"569","2020-04-28",77,7,68,266,3203,0.374024352169841,0,0,309,365,36,1457,7,1136,32,7
"570","2020-04-29",74,7,58,263,3203,0.374024352169841,0,0,309,365,32,1489,4,1140,28,4
"571","2020-04-30",70,7,58,252,3203,0.374024352169841,0,0,309,365,45,1534,4,1144,37,4
"572","2020-05-01",81,7,57,243,3203,0.374024352169841,0,0,309,365,27,1561,8,1152,19,8
"573","2020-05-02",76,7,57,227,3203,0.374024352169841,0,0,309,365,35,1596,1,1153,28,1
"574","2020-05-03",74,7,61,228,3203,0.374024352169841,0,0,309,365,29,1625,7,1160,24,7
"575","2020-05-04",68,7,57,221,3203,0.374024352169841,0,0,309,365,33,1658,6,1166,29,6
"576","2020-05-05",81,7,46,212,3203,0.374024352169841,0,0,309,365,35,1693,11,1177,29,11
"577","2020-05-06",76,7,37,209,3203,0.374024352169841,0,0,309,365,25,1718,22,1199,23,22
"578","2020-05-07",68,7,34,203,3203,0.374024352169841,0,0,309,365,31,1749,14,1213,26,14
"579","2020-05-08",58,7,29,193,3203,0.374024352169841,0,0,309,365,48,1797,11,1224,40,11
"580","2020-05-09",57,7,28,188,3203,0.374024352169841,0,0,309,365,42,1839,9,1233,37,9
"581","2020-05-10",56,7,26,189,3203,0.374024352169841,0,0,309,365,30,1869,4,1237,28,4
"582","2020-05-11",61,7,26,191,3203,0.374024352169841,0,0,309,365,30,1899,10,1247,26,10
"583","2020-05-12",49,7,27,176,3203,0.374024352169841,0,0,309,365,48,1947,2,1249,45,2
"584","2020-05-13",49,7,26,171,3203,0.374024352169841,0,0,309,365,34,1981,8,1257,31,8
"585","2020-05-14",47,7,26,172,3203,0.374024352169841,0,0,309,365,37,2018,5,1262,30,5
"586","2020-05-15",44,7,22,165,3203,0.374024352169841,0,0,309,365,31,2049,5,1267,28,5
"587","2020-05-16",41,7,21,168,3203,0.374024352169841,0,0,309,365,36,2085,1,1268,30,1
"588","2020-05-17",41,7,20,156,3203,0.374024352169841,0,0,309,365,30,2115,3,1271,27,3
"589","2020-05-18",42,7,17,161,3203,0.374024352169841,0,0,309,365,30,2145,1,1272,29,1
"590","2020-05-19",48,7,16,163,3203,0.374024352169841,0,0,309,365,31,2176,NA,NA,29,NA
"591","2020-05-20",46,7,14,166,3203,0.374024352169841,0,0,309,365,30,2206,3,1275,28,3
"592","2020-05-21",46,7,15,162,3203,0.374024352169841,0,0,309,365,47,2253,2,1277,39,2
"593","2020-05-22",48,7,15,170,3203,0.374024352169841,0,0,309,365,30,2283,2,1279,26,2
"594","2020-05-23",49,7,14,169,3203,0.374024352169841,0,0,309,365,39,2322,NA,NA,36,NA
"595","2020-05-24",52,7,18,172,3203,0.374024352169841,0,0,309,365,22,2344,2,1281,21,2
"596","2020-05-25",45,7,18,177,3203,0.374024352169841,0,0,309,365,30,2374,NA,NA,26,NA
"597","2020-05-26",46,7,18,185,3203,0.374024352169841,0,0,309,365,23,2397,NA,NA,21,NA
"598","2020-05-27",52,7,18,200,3203,0.374024352169841,0,0,309,365,41,2438,NA,NA,39,NA
"599","2020-05-28",56,7,17,207,3203,0.374024352169841,0,0,309,365,28,2466,NA,NA,22,NA
"600","2020-05-29",58,7,20,213,3203,0.374024352169841,0,0,309,365,33,2499,NA,NA,29,NA
"601","2020-05-30",56,7,17,214,3203,0.374024352169841,0,0,309,365,29,2528,NA,NA,26,NA
"602","2020-05-31",55,7,15,224,3203,0.374024352169841,0,0,309,365,25,2553,NA,NA,22,NA
"603","2020-06-01",59,7,16,221,3203,0.374024352169841,0,0,309,365,38,2591,1,1282,35,1
"604","2020-06-02",60,7,15,210,3203,0.374024352169841,0,0,309,365,32,2623,4,1286,27,4
"605","2020-06-03",61,7,12,214,3203,0.374024352169841,0,0,309,365,38,2661,NA,NA,36,NA
"606","2020-06-04",63,7,10,219,3203,0.374024352169841,0,0,309,365,35,2696,NA,NA,30,NA
"607","2020-06-05",60,7,9,217,3203,0.374024352169841,0,0,309,365,33,2729,1,1287,29,1
"608","2020-06-06",66,7,9,219,3203,0.374024352169841,0,0,309,365,25,2754,NA,NA,23,NA
"609","2020-06-07",69,7,9,212,3203,0.374024352169841,0,0,309,365,44,2798,2,1289,38,2
"610","2020-03-13",3,8,240,130,2854,0.499649614576034,0,0,242,742,41,101,36,113,5,36
"611","2020-03-14",7,8,258,172,2854,0.499649614576034,0,0,242,742,46,147,51,164,7,51
"612","2020-03-15",10,8,305,229,2854,0.499649614576034,0,0,242,742,43,190,65,229,6,65
"613","2020-03-16",19,8,324,305,2854,0.499649614576034,0,0,242,742,37,227,64,293,12,64
"614","2020-03-17",31,8,317,365,2854,0.499649614576034,0,0,242,742,32,259,31,324,7,31
"615","2020-03-18",44,8,304,404,2854,0.499649614576034,0,0,242,742,31,290,30,354,6,30
"616","2020-03-19",55,8,291,454,2854,0.499649614576034,0,0,242,742,37,327,27,381,6,27
"617","2020-03-20",69,8,295,488,2854,0.499649614576034,0,0,242,742,39,366,39,420,7,39
"618","2020-03-21",80,8,267,515,2854,0.499649614576034,0,0,242,742,39,405,21,441,10,21
"619","2020-03-22",91,8,265,555,2854,0.499649614576034,0,0,242,742,44,449,51,492,8,51
"620","2020-03-23",101,8,289,580,2854,0.499649614576034,0,0,242,742,29,478,27,519,6,27
"621","2020-03-24",112,8,280,608,2854,0.499649614576034,0,0,242,742,29,507,12,531,10,12
"622","2020-03-25",121,8,264,607,2854,0.499649614576034,0,0,242,742,28,535,10,541,11,10
"623","2020-03-26",132,8,284,599,2854,0.499649614576034,0,0,242,742,35,570,10,551,16,10
"624","2020-03-27",141,8,292,601,2854,0.499649614576034,0,0,242,742,30,600,13,564,11,13
"625","2020-03-28",150,8,271,619,2854,0.499649614576034,0,0,242,742,41,641,11,575,14,11
"626","2020-03-29",165,8,272,610,2854,0.499649614576034,0,0,242,742,38,679,49,624,18,49
"627","2020-03-30",182,8,243,601,2854,0.499649614576034,0,0,242,742,40,719,27,651,8,27
"628","2020-03-31",186,8,219,579,2854,0.499649614576034,0,0,242,742,31,750,31,682,9,31
"629","2020-04-01",175,8,239,579,2854,0.499649614576034,0,0,242,742,31,781,45,727,12,45
"630","2020-04-02",182,8,227,571,2854,0.499649614576034,0,0,242,742,32,813,39,766,6,39
"631","2020-04-03",178,8,217,551,2854,0.499649614576034,0,0,242,742,23,836,36,802,6,36
"632","2020-04-04",182,8,207,549,2854,0.499649614576034,0,0,242,742,29,865,15,817,10,15
"633","2020-04-05",182,8,190,548,2854,0.499649614576034,0,0,242,742,17,882,48,865,4,48
"634","2020-04-06",163,8,200,534,2854,0.499649614576034,0,0,242,742,27,909,31,896,7,31
"635","2020-04-07",157,8,190,528,2854,0.499649614576034,0,0,242,742,30,939,27,923,8,27
"636","2020-04-08",167,8,174,514,2854,0.499649614576034,0,0,242,742,20,959,41,964,10,41
"637","2020-04-09",161,8,172,501,2854,0.499649614576034,0,0,242,742,20,979,56,1020,5,56
"638","2020-04-10",169,8,159,495,2854,0.499649614576034,0,0,242,742,19,998,45,1065,7,45
"639","2020-04-11",159,8,169,493,2854,0.499649614576034,0,0,242,742,20,1018,37,1102,5,37
"640","2020-04-12",149,8,163,490,2854,0.499649614576034,0,0,242,742,28,1046,27,1129,5,27
"641","2020-04-13",147,8,159,479,2854,0.499649614576034,0,0,242,742,18,1064,18,1147,4,18
"642","2020-04-14",140,8,148,480,2854,0.499649614576034,0,0,242,742,16,1080,6,1153,8,6
"643","2020-04-15",137,8,152,474,2854,0.499649614576034,0,0,242,742,14,1094,23,1176,6,23
"644","2020-04-16",142,8,165,463,2854,0.499649614576034,0,0,242,742,25,1119,15,1191,12,15
"645","2020-04-17",132,8,201,455,2854,0.499649614576034,0,0,242,742,24,1143,19,1210,13,19
"646","2020-04-18",136,8,199,434,2854,0.499649614576034,0,0,242,742,17,1160,23,1233,5,23
"647","2020-04-19",134,8,215,434,2854,0.499649614576034,0,0,242,742,24,1184,29,1262,15,29
"648","2020-04-20",137,8,245,429,2854,0.499649614576034,0,0,242,742,15,1199,17,1279,5,17
"649","2020-04-21",134,8,280,409,2854,0.499649614576034,0,0,242,742,15,1214,10,1289,6,10
"650","2020-04-22",141,8,276,402,2854,0.499649614576034,0,0,242,742,18,1232,24,1313,9,24
"651","2020-04-23",133,8,264,393,2854,0.499649614576034,0,0,242,742,16,1248,15,1328,4,15
"652","2020-04-24",139,8,252,375,2854,0.499649614576034,0,0,242,742,12,1260,13,1341,5,13
"653","2020-04-25",131,8,236,353,2854,0.499649614576034,0,0,242,742,19,1279,15,1356,10,15
"654","2020-04-26",125,8,202,318,2854,0.499649614576034,0,0,242,742,13,1292,15,1371,5,15
"655","2020-04-27",115,8,192,303,2854,0.499649614576034,0,0,242,742,15,1307,7,1378,6,7
"656","2020-04-28",116,8,185,292,2854,0.499649614576034,0,0,242,742,20,1327,3,1381,11,3
"657","2020-04-29",102,8,175,264,2854,0.499649614576034,0,0,242,742,17,1344,NA,NA,8,NA
"658","2020-04-30",90,8,188,255,2854,0.499649614576034,0,0,242,742,12,1356,5,1386,4,5
"659","2020-05-01",72,8,195,244,2854,0.499649614576034,0,0,242,742,16,1372,12,1398,4,12
"660","2020-05-02",66,8,187,233,2854,0.499649614576034,0,0,242,742,13,1385,9,1407,5,9
"661","2020-05-03",70,8,173,217,2854,0.499649614576034,0,0,242,742,17,1402,5,1412,8,5
"662","2020-05-04",71,8,168,213,2854,0.499649614576034,0,0,242,742,14,1416,5,1417,5,5
"663","2020-05-05",67,8,168,206,2854,0.499649614576034,0,0,242,742,13,1429,8,1425,5,8
"664","2020-05-06",67,8,161,198,2854,0.499649614576034,0,0,242,742,11,1440,5,1430,5,5
"665","2020-05-07",69,8,168,184,2854,0.499649614576034,0,0,242,742,21,1461,10,1440,6,10
"666","2020-05-08",71,8,164,179,2854,0.499649614576034,0,0,242,742,16,1477,10,1450,5,10
"667","2020-05-09",70,8,161,185,2854,0.499649614576034,0,0,242,742,21,1498,5,1455,10,5
"668","2020-05-10",58,8,151,168,2854,0.499649614576034,0,0,242,742,17,1515,8,1463,11,8
"669","2020-05-11",51,8,149,163,2854,0.499649614576034,0,0,242,742,17,1532,3,1466,9,3
"670","2020-05-12",53,8,150,159,2854,0.499649614576034,0,0,242,742,18,1550,1,1467,8,1
"671","2020-05-13",49,8,153,163,2854,0.499649614576034,0,0,242,742,12,1562,5,1472,6,5
"672","2020-05-14",45,8,137,159,2854,0.499649614576034,0,0,242,742,15,1577,4,1476,10,4
"673","2020-05-15",41,8,127,159,2854,0.499649614576034,0,0,242,742,14,1591,1,1477,8,1
"674","2020-05-16",41,8,128,160,2854,0.499649614576034,0,0,242,742,14,1605,6,1483,12,6
"675","2020-05-17",50,8,125,160,2854,0.499649614576034,0,0,242,742,15,1620,11,1494,7,11
"676","2020-05-18",53,8,125,165,2854,0.499649614576034,0,0,242,742,19,1639,7,1501,13,7
"677","2020-05-19",49,8,126,166,2854,0.499649614576034,0,0,242,742,16,1655,3,1504,9,3
"678","2020-05-20",51,8,115,172,2854,0.499649614576034,0,0,242,742,10,1665,7,1511,5,7
"679","2020-05-21",52,8,114,175,2854,0.499649614576034,0,0,242,742,22,1687,6,1517,9,6
"680","2020-05-22",52,8,98,175,2854,0.499649614576034,0,0,242,742,13,1700,NA,NA,9,NA
"681","2020-05-23",49,8,99,168,2854,0.499649614576034,0,0,242,742,9,1709,3,1520,6,3
"682","2020-05-24",42,8,96,173,2854,0.499649614576034,0,0,242,742,15,1724,4,1524,10,4
"683","2020-05-25",42,8,99,175,2854,0.499649614576034,0,0,242,742,10,1734,3,1527,4,3
"684","2020-05-26",44,8,95,175,2854,0.499649614576034,0,0,242,742,13,1747,4,1531,6,4
"685","2020-05-27",40,8,94,174,2854,0.499649614576034,0,0,242,742,19,1766,1,1532,9,1
"686","2020-05-28",41,8,89,169,2854,0.499649614576034,0,0,242,742,17,1783,3,1535,8,3
"687","2020-05-29",44,8,93,160,2854,0.499649614576034,0,0,242,742,14,1797,2,1537,7,2
"688","2020-05-30",43,8,93,170,2854,0.499649614576034,0,0,242,742,12,1809,7,1544,7,7
"689","2020-05-31",43,8,91,169,2854,0.499649614576034,0,0,242,742,15,1824,7,1551,10,7
"690","2020-06-01",41,8,92,165,2854,0.499649614576034,0,0,242,742,13,1837,2,1553,7,2
"691","2020-06-02",42,8,91,164,2854,0.499649614576034,0,0,242,742,17,1854,1,1554,9,1
"692","2020-06-03",44,8,81,166,2854,0.499649614576034,0,0,242,742,14,1868,1,1555,5,1
"693","2020-06-04",38,8,78,166,2854,0.499649614576034,0,0,242,742,10,1878,1,1556,9,1
"694","2020-06-05",34,8,74,177,2854,0.499649614576034,0,0,242,742,14,1892,1,1557,8,1
"695","2020-06-06",35,8,73,183,2854,0.499649614576034,0,0,242,742,8,1900,1,1558,4,1
"696","2020-06-07",36,8,72,185,2854,0.499649614576034,0,0,242,742,22,1922,3,1561,12,3
"697","2020-03-14",3,9,247,124,7330,0.978581173260573,0,0,716,636,33,93,25,183,25,25
"698","2020-03-15",6,9,290,193,7330,0.978581173260573,0,0,716,636,33,126,17,200,23,17
"699","2020-03-16",16,9,286,280,7330,0.978581173260573,0,0,716,636,31,157,18,218,25,18
"700","2020-03-17",24,9,259,402,7330,0.978581173260573,0,0,716,636,30,187,19,237,22,19
"701","2020-03-18",41,9,227,542,7330,0.978581173260573,0,0,716,636,36,223,23,260,29,23
"702","2020-03-19",63,9,214,728,7330,0.978581173260573,0,0,716,636,49,272,32,292,42,32
"703","2020-03-20",88,9,194,908,7330,0.978581173260573,0,0,716,636,43,315,54,346,38,54
"704","2020-03-21",114,9,172,1130,7330,0.978581173260573,0,0,716,636,52,367,23,369,42,23
"705","2020-03-22",149,9,171,1399,7330,0.978581173260573,0,0,716,636,60,427,17,386,55,17
"706","2020-03-23",184,9,164,1654,7330,0.978581173260573,0,0,716,636,58,485,12,398,55,12
"707","2020-03-24",232,9,166,2032,7330,0.978581173260573,0,0,716,636,73,558,4,402,65,4
"708","2020-03-25",284,9,166,2304,7330,0.978581173260573,0,0,716,636,57,615,8,410,54,8
"709","2020-03-26",342,9,202,2614,7330,0.978581173260573,0,0,716,636,51,666,2,412,45,2
"710","2020-03-27",425,9,231,2909,7330,0.978581173260573,0,0,716,636,80,746,2,414,73,2
"711","2020-03-28",511,9,231,3178,7330,0.978581173260573,0,0,716,636,76,822,2,416,72,2
"712","2020-03-29",611,9,195,3464,7330,0.978581173260573,0,0,716,636,69,891,5,421,67,5
"713","2020-03-30",722,9,178,3660,7330,0.978581173260573,0,0,716,636,69,960,2,423,60,2
"714","2020-03-31",807,9,164,3837,7330,0.978581173260573,0,0,716,636,90,1050,4,427,87,4
"715","2020-04-01",891,9,161,3912,7330,0.978581173260573,0,0,716,636,87,1137,5,432,83,5
"716","2020-04-02",972,9,162,3893,7330,0.978581173260573,0,0,716,636,78,1215,7,439,73,7
"717","2020-04-03",1012,9,183,3868,7330,0.978581173260573,0,0,716,636,70,1285,7,446,67,7
"718","2020-04-04",1052,9,215,3763,7330,0.978581173260573,0,0,716,636,102,1387,5,451,95,5
"719","2020-04-05",1073,9,205,3565,7330,0.978581173260573,0,0,716,636,85,1472,10,461,80,10
"720","2020-04-06",1049,9,174,3368,7330,0.978581173260573,0,0,716,636,118,1590,59,520,113,59
"721","2020-04-07",1043,9,143,3150,7330,0.978581173260573,0,0,716,636,76,1666,32,552,75,32
"722","2020-04-08",1016,9,127,2846,7330,0.978581173260573,0,0,716,636,104,1770,51,603,101,51
"723","2020-04-09",983,9,131,2586,7330,0.978581173260573,0,0,716,636,102,1872,24,627,100,24
"724","2020-04-10",933,9,136,2300,7330,0.978581173260573,0,0,716,636,98,1970,19,646,93,19
"725","2020-04-11",872,9,142,1986,7330,0.978581173260573,0,0,716,636,80,2050,18,664,79,18
"726","2020-04-12",788,9,144,1708,7330,0.978581173260573,0,0,716,636,103,2153,22,686,100,22
"727","2020-04-13",722,9,130,1477,7330,0.978581173260573,0,0,716,636,79,2232,45,731,75,45
"728","2020-04-14",648,9,117,1255,7330,0.978581173260573,0,0,716,636,91,2323,50,781,91,50
"729","2020-04-15",564,9,110,1073,7330,0.978581173260573,0,0,716,636,73,2396,29,810,70,29
"730","2020-04-16",481,9,101,910,7330,0.978581173260573,0,0,716,636,63,2459,29,839,62,29
"731","2020-04-17",413,9,100,762,7330,0.978581173260573,0,0,716,636,101,2560,17,856,100,17
"732","2020-04-18",349,9,92,644,7330,0.978581173260573,0,0,716,636,88,2648,29,885,87,29
"733","2020-04-19",297,9,101,543,7330,0.978581173260573,0,0,716,636,83,2731,27,912,81,27
"734","2020-04-20",253,9,94,450,7330,0.978581173260573,0,0,716,636,61,2792,39,951,61,39
"735","2020-04-21",216,9,88,379,7330,0.978581173260573,0,0,716,636,75,2867,19,970,74,19
"736","2020-04-22",181,9,84,304,7330,0.978581173260573,0,0,716,636,73,2940,11,981,73,11
"737","2020-04-23",147,9,72,247,7330,0.978581173260573,0,0,716,636,71,3011,7,988,70,7
"738","2020-04-24",128,9,67,191,7330,0.978581173260573,0,0,716,636,67,3078,7,995,65,7
"739","2020-04-25",111,9,67,158,7330,0.978581173260573,0,0,716,636,57,3135,2,997,55,2
"740","2020-04-26",95,9,69,126,7330,0.978581173260573,0,0,716,636,59,3194,5,1002,57,5
"741","2020-04-27",78,9,68,107,7330,0.978581173260573,0,0,716,636,62,3256,6,1008,61,6
"742","2020-04-28",61,9,77,90,7330,0.978581173260573,0,0,716,636,55,3311,7,1015,54,7
"743","2020-04-29",56,9,70,69,7330,0.978581173260573,0,0,716,636,44,3355,5,1020,43,5
"744","2020-04-30",49,9,57,57,7330,0.978581173260573,0,0,716,636,49,3404,16,1036,48,16
"745","2020-05-01",43,9,48,46,7330,0.978581173260573,0,0,716,636,47,3451,12,1048,46,12
"746","2020-05-02",33,9,40,42,7330,0.978581173260573,0,0,716,636,45,3496,9,1057,43,9
"747","2020-05-03",27,9,37,33,7330,0.978581173260573,0,0,716,636,48,3544,9,1066,48,9
"748","2020-05-04",23,9,31,26,7330,0.978581173260573,0,0,716,636,50,3594,9,1075,49,9
"749","2020-05-05",16,9,43,25,7330,0.978581173260573,0,0,716,636,29,3623,3,1078,26,3
"750","2020-05-06",14,9,56,19,7330,0.978581173260573,0,0,716,636,52,3675,2,1080,51,2
"751","2020-05-07",12,9,50,19,7330,0.978581173260573,0,0,716,636,37,3712,3,1083,37,3
"752","2020-05-08",7,9,48,18,7330,0.978581173260573,0,0,716,636,34,3746,6,1089,34,6
"753","2020-05-09",4,9,44,14,7330,0.978581173260573,0,0,716,636,33,3779,3,1092,32,3
"754","2020-05-10",3,9,47,14,7330,0.978581173260573,0,0,716,636,24,3803,1,1093,23,1
"755","2020-05-11",2,9,38,14,7330,0.978581173260573,0,0,716,636,43,3846,4,1097,41,4
"756","2020-05-12",3,9,37,12,7330,0.978581173260573,0,0,716,636,31,3877,5,1102,28,5
"757","2020-05-13",3,9,28,9,7330,0.978581173260573,0,0,716,636,31,3908,7,1109,30,7
"758","2020-05-14",3,9,25,7,7330,0.978581173260573,0,0,716,636,20,3928,7,1116,19,7
"759","2020-05-15",4,9,29,6,7330,0.978581173260573,0,0,716,636,19,3947,3,1119,19,3
"760","2020-05-16",5,9,31,6,7330,0.978581173260573,0,0,716,636,27,3974,2,1121,25,2
"761","2020-05-17",5,9,28,6,7330,0.978581173260573,0,0,716,636,16,3990,1,1122,15,1
"762","2020-05-18",5,9,24,5,7330,0.978581173260573,0,0,716,636,17,4007,NA,NA,16,NA
"763","2020-05-19",4,9,23,5,7330,0.978581173260573,0,0,716,636,23,4030,NA,NA,21,NA
"764","2020-05-20",5,9,20,5,7330,0.978581173260573,0,0,716,636,16,4046,NA,NA,14,NA
"765","2020-05-21",3,9,15,5,7330,0.978581173260573,0,0,716,636,22,4068,NA,NA,21,NA
"766","2020-05-22",2,9,12,3,7330,0.978581173260573,0,0,716,636,22,4090,NA,NA,22,NA
"767","2020-05-23",1,9,12,1,7330,0.978581173260573,0,0,716,636,16,4106,NA,NA,14,NA
"768","2020-05-24",1,9,13,2,7330,0.978581173260573,0,0,716,636,14,4120,NA,NA,13,NA
"769","2020-05-25",1,9,14,2,7330,0.978581173260573,0,0,716,636,13,4133,NA,NA,12,NA
"770","2020-05-26",1,9,12,3,7330,0.978581173260573,0,0,716,636,15,4148,NA,NA,14,NA
"771","2020-05-27",0,9,0,0,7330,0.978581173260573,0,0,716,636,15,4163,4,1126,14,4
"772","2020-05-28",0,9,0,0,7330,0.978581173260573,0,0,716,636,12,4175,3,1129,10,3
"773","2020-05-29",0,9,0,0,7330,0.978581173260573,0,0,716,636,13,4188,2,1131,12,2
"774","2020-05-30",0,9,0,0,7330,0.978581173260573,0,0,716,636,10,4198,1,1132,10,1
"775","2020-05-31",0,9,0,0,7330,0.978581173260573,0,0,716,636,17,4215,3,1135,15,3
"776","2020-06-01",1,9,11,4,7330,0.978581173260573,0,0,716,636,16,4231,NA,NA,14,NA
"777","2020-06-02",1,9,9,4,7330,0.978581173260573,0,0,716,636,10,4241,NA,NA,8,NA
"778","2020-06-03",1,9,9,3,7330,0.978581173260573,0,0,716,636,12,4253,1,1136,12,1
"779","2020-06-04",1,9,8,2,7330,0.978581173260573,0,0,716,636,10,4263,NA,NA,10,NA
"780","2020-06-05",1,9,9,2,7330,0.978581173260573,0,0,716,636,7,4270,NA,NA,7,NA
"781","2020-06-06",1,9,10,2,7330,0.978581173260573,0,0,716,636,5,4275,NA,NA,5,NA
"782","2020-06-07",1,9,10,2,7330,0.978581173260573,0,0,716,636,16,4291,NA,NA,14,NA
"783","2020-03-15",6,10,234,95,2179,0.803579623680587,0,0,187,615,41,216,45,95,20,45
"784","2020-03-16",8,10,212,103,2179,0.803579623680587,0,0,187,615,52,268,14,109,28,14
"785","2020-03-17",16,10,178,116,2179,0.803579623680587,0,0,187,615,66,334,12,121,40,12
"786","2020-03-18",21,10,164,132,2179,0.803579623680587,0,0,187,615,53,387,49,170,31,49
"787","2020-03-19",23,10,164,145,2179,0.803579623680587,0,0,187,615,70,457,62,232,44,62
"788","2020-03-20",26,10,154,153,2179,0.803579623680587,0,0,187,615,61,518,26,258,37,26
"789","2020-03-21",31,10,147,158,2179,0.803579623680587,0,0,187,615,53,571,16,274,36,16
"790","2020-03-22",30,10,139,176,2179,0.803579623680587,0,0,187,615,91,662,9,283,65,9
"791","2020-03-23",39,10,114,182,2179,0.803579623680587,0,0,187,615,76,738,13,296,54,13
"792","2020-03-24",37,10,103,200,2179,0.803579623680587,0,0,187,615,89,827,11,307,60,11
"793","2020-03-25",38,10,97,191,2179,0.803579623680587,0,0,187,615,76,903,5,312,55,5
"794","2020-03-26",51,10,85,185,2179,0.803579623680587,0,0,187,615,68,971,6,318,52,6
"795","2020-03-27",49,10,87,187,2179,0.803579623680587,0,0,187,615,76,1047,11,329,58,11
"796","2020-03-28",50,10,96,188,2179,0.803579623680587,0,0,187,615,80,1127,11,340,65,11
"797","2020-03-29",54,10,138,195,2179,0.803579623680587,0,0,187,615,85,1212,60,400,62,60
"798","2020-03-30",54,10,132,204,2179,0.803579623680587,0,0,187,615,75,1287,18,418,59,18
"799","2020-03-31",53,10,180,205,2179,0.803579623680587,0,0,187,615,58,1345,39,457,39,39
"800","2020-04-01",54,10,203,214,2179,0.803579623680587,0,0,187,615,79,1424,48,505,63,48
"801","2020-04-02",45,10,211,217,2179,0.803579623680587,0,0,187,615,71,1495,25,530,53,25
"802","2020-04-03",53,10,241,217,2179,0.803579623680587,0,0,187,615,57,1552,32,562,43,32
"803","2020-04-04",55,10,240,219,2179,0.803579623680587,0,0,187,615,73,1625,41,603,61,41
"804","2020-04-05",54,10,226,216,2179,0.803579623680587,0,0,187,615,75,1700,18,621,61,18
"805","2020-04-06",55,10,210,209,2179,0.803579623680587,0,0,187,615,63,1763,26,647,53,26
"806","2020-04-07",62,10,218,209,2179,0.803579623680587,0,0,187,615,69,1832,26,673,63,26
"807","2020-04-08",66,10,196,196,2179,0.803579623680587,0,0,187,615,60,1892,30,703,50,30
"808","2020-04-09",65,10,202,195,2179,0.803579623680587,0,0,187,615,57,1949,36,739,49,36
"809","2020-04-10",66,10,188,188,2179,0.803579623680587,0,0,187,615,55,2004,35,774,46,35
"810","2020-04-11",64,10,178,175,2179,0.803579623680587,0,0,187,615,53,2057,26,800,41,26
"811","2020-04-12",62,10,161,179,2179,0.803579623680587,0,0,187,615,51,2108,18,818,35,18
"812","2020-04-13",57,10,133,179,2179,0.803579623680587,0,0,187,615,58,2166,5,823,46,5
"813","2020-04-14",46,10,110,178,2179,0.803579623680587,0,0,187,615,49,2215,10,833,43,10
"814","2020-04-15",47,10,123,183,2179,0.803579623680587,0,0,187,615,36,2251,8,841,29,8
"815","2020-04-16",48,10,128,174,2179,0.803579623680587,0,0,187,615,44,2295,17,858,39,17
"816","2020-04-17",49,10,143,162,2179,0.803579623680587,0,0,187,615,62,2357,30,888,56,30
"817","2020-04-18",49,10,128,151,2179,0.803579623680587,0,0,187,615,43,2400,22,910,36,22
"818","2020-04-19",49,10,132,153,2179,0.803579623680587,0,0,187,615,46,2446,10,920,37,10
"819","2020-04-20",53,10,111,155,2179,0.803579623680587,0,0,187,615,54,2500,16,936,47,16
"820","2020-04-21",59,10,113,151,2179,0.803579623680587,0,0,187,615,45,2545,20,956,38,20
"821","2020-04-22",53,10,111,146,2179,0.803579623680587,0,0,187,615,46,2591,10,966,41,10
"822","2020-04-23",54,10,79,138,2179,0.803579623680587,0,0,187,615,36,2627,27,993,29,27
"823","2020-04-24",46,10,68,132,2179,0.803579623680587,0,0,187,615,36,2663,18,1011,30,18
"824","2020-04-25",44,10,62,123,2179,0.803579623680587,0,0,187,615,36,2699,15,1026,33,15
"825","2020-04-26",44,10,63,119,2179,0.803579623680587,0,0,187,615,41,2740,8,1034,36,8
"826","2020-04-27",40,10,60,129,2179,0.803579623680587,0,0,187,615,34,2774,11,1045,29,11
"827","2020-04-28",40,10,52,131,2179,0.803579623680587,0,0,187,615,37,2811,5,1050,31,5
"828","2020-04-29",36,10,52,133,2179,0.803579623680587,0,0,187,615,35,2846,5,1055,31,5
"829","2020-04-30",34,10,52,141,2179,0.803579623680587,0,0,187,615,28,2874,7,1062,23,7
"830","2020-05-01",37,10,59,143,2179,0.803579623680587,0,0,187,615,31,2905,17,1079,28,17
"831","2020-05-02",37,10,54,141,2179,0.803579623680587,0,0,187,615,19,2924,11,1090,14,11
"832","2020-05-03",35,10,57,150,2179,0.803579623680587,0,0,187,615,21,2945,4,1094,14,4
"833","2020-05-04",34,10,61,153,2179,0.803579623680587,0,0,187,615,35,2980,10,1104,29,10
"834","2020-05-05",35,10,48,150,2179,0.803579623680587,0,0,187,615,28,3008,14,1118,23,14
"835","2020-05-06",39,10,43,159,2179,0.803579623680587,0,0,187,615,30,3038,10,1128,20,10
"836","2020-05-07",38,10,41,166,2179,0.803579623680587,0,0,187,615,22,3060,9,1137,19,9
"837","2020-05-08",38,10,34,165,2179,0.803579623680587,0,0,187,615,19,3079,6,1143,18,6
"838","2020-05-09",38,10,36,180,2179,0.803579623680587,0,0,187,615,23,3102,11,1154,16,11
"839","2020-05-10",39,10,34,194,2179,0.803579623680587,0,0,187,615,22,3124,6,1160,18,6
"840","2020-05-11",45,10,29,195,2179,0.803579623680587,0,0,187,615,26,3150,10,1170,20,10
"841","2020-05-12",47,10,21,210,2179,0.803579623680587,0,0,187,615,14,3164,6,1176,10,6
"842","2020-05-13",48,10,16,218,2179,0.803579623680587,0,0,187,615,23,3187,2,1178,18,2
"843","2020-05-14",61,10,16,233,2179,0.803579623680587,0,0,187,615,16,3203,4,1182,12,4
"844","2020-05-15",68,10,15,253,2179,0.803579623680587,0,0,187,615,16,3219,1,1183,13,1
"845","2020-05-16",76,10,19,260,2179,0.803579623680587,0,0,187,615,21,3240,NA,NA,18,NA
"846","2020-05-17",76,10,18,264,2179,0.803579623680587,0,0,187,615,20,3260,4,1187,15,4
"847","2020-05-18",73,10,14,269,2179,0.803579623680587,0,0,187,615,14,3274,7,1194,11,7
"848","2020-05-19",74,10,17,292,2179,0.803579623680587,0,0,187,615,16,3290,3,1197,11,3
"849","2020-05-20",77,10,17,304,2179,0.803579623680587,0,0,187,615,9,3299,1,1198,8,1
"850","2020-05-21",69,10,14,320,2179,0.803579623680587,0,0,187,615,25,3324,3,1201,20,3
"851","2020-05-22",63,10,15,334,2179,0.803579623680587,0,0,187,615,17,3341,3,1204,15,3
"852","2020-05-23",69,10,16,340,2179,0.803579623680587,0,0,187,615,23,3364,2,1206,19,2
"853","2020-05-24",74,10,18,360,2179,0.803579623680587,0,0,187,615,21,3385,4,1210,17,4
"854","2020-05-25",80,10,19,366,2179,0.803579623680587,0,0,187,615,30,3415,NA,NA,25,NA
"855","2020-05-26",90,10,21,380,2179,0.803579623680587,0,0,187,615,25,3440,1,1211,15,1
"856","2020-05-27",96,10,22,396,2179,0.803579623680587,0,0,187,615,13,3453,NA,NA,10,NA
"857","2020-05-28",99,10,20,411,2179,0.803579623680587,0,0,187,615,21,3474,6,1217,21,6
"858","2020-05-29",112,10,22,429,2179,0.803579623680587,0,0,187,615,21,3495,3,1220,20,3
"859","2020-05-30",112,10,24,436,2179,0.803579623680587,0,0,187,615,17,3512,2,1222,12,2
"860","2020-05-31",114,10,28,463,2179,0.803579623680587,0,0,187,615,10,3522,1,1223,9,1
"861","2020-06-01",119,10,30,477,2179,0.803579623680587,0,0,187,615,27,3549,1,1224,22,1
"862","2020-06-02",116,10,33,506,2179,0.803579623680587,0,0,187,615,16,3565,3,1227,12,3
"863","2020-06-03",126,10,34,536,2179,0.803579623680587,0,0,187,615,13,3578,1,1228,9,1
"864","2020-06-04",149,10,33,551,2179,0.803579623680587,0,0,187,615,11,3589,1,1229,7,1
"865","2020-06-05",151,10,36,567,2179,0.803579623680587,0,0,187,615,18,3607,NA,NA,11,NA
"866","2020-06-06",154,10,36,570,2179,0.803579623680587,0,0,187,615,13,3620,NA,NA,6,NA
"867","2020-06-07",168,10,36,573,2179,0.803579623680587,0,0,187,615,16,3636,1,1230,11,1
"868","2020-03-12",2,11,95,72,2958,0.552062204192022,0,0,243,432,60,112,92,178,6,92
"869","2020-03-13",3,11,102,116,2958,0.552062204192022,0,0,243,432,64,176,63,241,12,63
"870","2020-03-14",6,11,107,164,2958,0.552062204192022,0,0,243,432,71,247,39,280,12,39
"871","2020-03-15",13,11,121,215,2958,0.552062204192022,0,0,243,432,92,339,58,338,32,58
"872","2020-03-16",19,11,178,261,2958,0.552062204192022,0,0,243,432,64,403,49,387,23,49
"873","2020-03-17",25,11,199,324,2958,0.552062204192022,0,0,243,432,71,474,55,442,26,55
"874","2020-03-18",41,11,257,374,2958,0.552062204192022,0,0,243,432,81,555,50,492,36,50
"875","2020-03-19",51,11,283,416,2958,0.552062204192022,0,0,243,432,86,641,41,533,41,41
"876","2020-03-20",61,11,269,447,2958,0.552062204192022,0,0,243,432,59,700,46,579,27,46
"877","2020-03-21",78,11,255,464,2958,0.552062204192022,0,0,243,432,65,765,51,630,29,51
"878","2020-03-22",90,11,249,478,2958,0.552062204192022,0,0,243,432,65,830,39,669,30,39
"879","2020-03-23",101,11,211,495,2958,0.552062204192022,0,0,243,432,88,918,39,708,40,39
"880","2020-03-24",117,11,192,517,2958,0.552062204192022,0,0,243,432,81,999,44,752,38,44
"881","2020-03-25",128,11,194,503,2958,0.552062204192022,0,0,243,432,72,1071,40,792,45,40
"882","2020-03-26",137,11,212,490,2958,0.552062204192022,0,0,243,432,72,1143,32,824,42,32
"883","2020-03-27",144,11,234,502,2958,0.552062204192022,0,0,243,432,66,1209,40,864,40,40
"884","2020-03-28",148,11,242,490,2958,0.552062204192022,0,0,243,432,53,1262,24,888,29,24
"885","2020-03-29",147,11,222,476,2958,0.552062204192022,0,0,243,432,86,1348,26,914,48,26
"886","2020-03-30",146,11,251,476,2958,0.552062204192022,0,0,243,432,58,1406,32,946,19,32
"887","2020-03-31",139,11,230,474,2958,0.552062204192022,0,0,243,432,92,1498,28,974,51,28
"888","2020-04-01",130,11,188,468,2958,0.552062204192022,0,0,243,432,65,1563,62,1036,35,62
"889","2020-04-02",126,11,152,456,2958,0.552062204192022,0,0,243,432,56,1619,56,1092,32,56
"890","2020-04-03",125,11,147,454,2958,0.552062204192022,0,0,243,432,61,1680,47,1139,31,47
"891","2020-04-04",127,11,153,443,2958,0.552062204192022,0,0,243,432,44,1724,49,1188,25,49
"892","2020-04-05",130,11,186,440,2958,0.552062204192022,0,0,243,432,41,1765,29,1217,23,29
"893","2020-04-06",133,11,181,455,2958,0.552062204192022,0,0,243,432,47,1812,22,1239,26,22
"894","2020-04-07",137,11,195,461,2958,0.552062204192022,0,0,243,432,52,1864,35,1274,37,35
"895","2020-04-08",137,11,206,463,2958,0.552062204192022,0,0,243,432,48,1912,41,1315,24,41
"896","2020-04-09",137,11,216,468,2958,0.552062204192022,0,0,243,432,47,1959,35,1350,27,35
"897","2020-04-10",142,11,238,439,2958,0.552062204192022,0,0,243,432,39,1998,34,1384,25,34
"898","2020-04-11",137,11,231,423,2958,0.552062204192022,0,0,243,432,35,2033,35,1419,26,35
"899","2020-04-12",128,11,228,397,2958,0.552062204192022,0,0,243,432,27,2060,66,1485,14,66
"900","2020-04-13",131,11,187,377,2958,0.552062204192022,0,0,243,432,42,2102,59,1544,19,59
"901","2020-04-14",125,11,153,378,2958,0.552062204192022,0,0,243,432,31,2133,40,1584,21,40
"902","2020-04-15",118,11,130,361,2958,0.552062204192022,0,0,243,432,29,2162,53,1637,18,53
"903","2020-04-16",113,11,109,348,2958,0.552062204192022,0,0,243,432,32,2194,72,1709,17,72
"904","2020-04-17",104,11,114,344,2958,0.552062204192022,0,0,243,432,36,2230,69,1778,23,69
"905","2020-04-18",96,11,116,321,2958,0.552062204192022,0,0,243,432,45,2275,43,1821,29,43
"906","2020-04-19",97,11,116,319,2958,0.552062204192022,0,0,243,432,29,2304,44,1865,11,44
"907","2020-04-20",82,11,113,310,2958,0.552062204192022,0,0,243,432,34,2338,30,1895,25,30
"908","2020-04-21",86,11,117,297,2958,0.552062204192022,0,0,243,432,32,2370,48,1943,24,48
"909","2020-04-22",84,11,104,287,2958,0.552062204192022,0,0,243,432,28,2398,43,1986,16,43
"910","2020-04-23",87,11,102,300,2958,0.552062204192022,0,0,243,432,21,2419,47,2033,14,47
"911","2020-04-24",83,11,103,276,2958,0.552062204192022,0,0,243,432,29,2448,50,2083,16,50
"912","2020-04-25",81,11,119,278,2958,0.552062204192022,0,0,243,432,21,2469,42,2125,11,42
"913","2020-04-26",78,11,123,285,2958,0.552062204192022,0,0,243,432,18,2487,38,2163,15,38
"914","2020-04-27",83,11,115,298,2958,0.552062204192022,0,0,243,432,17,2504,41,2204,7,41
"915","2020-04-28",72,11,118,294,2958,0.552062204192022,0,0,243,432,15,2519,37,2241,4,37
"916","2020-04-29",78,11,109,290,2958,0.552062204192022,0,0,243,432,7,2526,34,2275,3,34
"917","2020-04-30",84,11,81,280,2958,0.552062204192022,0,0,243,432,26,2552,27,2302,9,27
"918","2020-05-01",91,11,78,278,2958,0.552062204192022,0,0,243,432,26,2578,41,2343,12,41
"919","2020-05-02",95,11,74,266,2958,0.552062204192022,0,0,243,432,15,2593,37,2380,9,37
"920","2020-05-03",93,11,66,263,2958,0.552062204192022,0,0,243,432,24,2617,29,2409,12,29
"921","2020-05-04",91,11,66,267,2958,0.552062204192022,0,0,243,432,23,2640,25,2434,14,25
"922","2020-05-05",98,11,50,259,2958,0.552062204192022,0,0,243,432,12,2652,21,2455,6,21
"923","2020-05-06",90,11,48,251,2958,0.552062204192022,0,0,243,432,24,2676,42,2497,15,42
"924","2020-05-07",77,11,45,247,2958,0.552062204192022,0,0,243,432,17,2693,34,2531,8,34
"925","2020-05-08",69,11,45,242,2958,0.552062204192022,0,0,243,432,21,2714,23,2554,11,23
"926","2020-05-09",60,11,40,231,2958,0.552062204192022,0,0,243,432,20,2734,28,2582,7,28
"927","2020-05-10",68,11,40,229,2958,0.552062204192022,0,0,243,432,22,2756,25,2607,13,25
"928","2020-05-11",68,11,39,224,2958,0.552062204192022,0,0,243,432,21,2777,14,2621,10,14
"929","2020-05-12",63,11,46,217,2958,0.552062204192022,0,0,243,432,19,2796,20,2641,12,20
"930","2020-05-13",65,11,43,214,2958,0.552062204192022,0,0,243,432,14,2810,18,2659,7,18
"931","2020-05-14",64,11,46,226,2958,0.552062204192022,0,0,243,432,16,2826,31,2690,7,31
"932","2020-05-15",66,11,38,227,2958,0.552062204192022,0,0,243,432,18,2844,23,2713,7,23
"933","2020-05-16",68,11,38,232,2958,0.552062204192022,0,0,243,432,25,2869,16,2729,15,16
"934","2020-05-17",56,11,29,241,2958,0.552062204192022,0,0,243,432,21,2890,14,2743,11,14
"935","2020-05-18",55,11,26,247,2958,0.552062204192022,0,0,243,432,19,2909,11,2754,10,11
"936","2020-05-19",59,11,20,257,2958,0.552062204192022,0,0,243,432,18,2927,8,2762,10,8
"937","2020-05-20",58,11,18,257,2958,0.552062204192022,0,0,243,432,18,2945,12,2774,8,12
"938","2020-05-21",59,11,14,260,2958,0.552062204192022,0,0,243,432,22,2967,15,2789,10,15
"939","2020-05-22",56,11,13,255,2958,0.552062204192022,0,0,243,432,8,2975,8,2797,8,8
"940","2020-05-23",54,11,15,264,2958,0.552062204192022,0,0,243,432,19,2994,10,2807,11,10
"941","2020-05-24",57,11,20,277,2958,0.552062204192022,0,0,243,432,20,3014,17,2824,7,17
"942","2020-05-25",63,11,22,284,2958,0.552062204192022,0,0,243,432,16,3030,14,2838,9,14
"943","2020-05-26",69,11,24,294,2958,0.552062204192022,0,0,243,432,17,3047,12,2850,12,12
"944","2020-05-27",71,11,27,321,2958,0.552062204192022,0,0,243,432,14,3061,14,2864,3,14
"945","2020-05-28",75,11,28,325,2958,0.552062204192022,0,0,243,432,23,3084,11,2875,10,11
"946","2020-05-29",85,11,38,334,2958,0.552062204192022,0,0,243,432,18,3102,4,2879,7,4
"947","2020-05-30",91,11,29,335,2958,0.552062204192022,0,0,243,432,15,3117,10,2889,7,10
"948","2020-05-31",95,11,23,335,2958,0.552062204192022,0,0,243,432,18,3135,5,2894,12,5
"949","2020-06-01",99,11,22,354,2958,0.552062204192022,0,0,243,432,20,3155,5,2899,9,5
"950","2020-06-02",94,11,20,357,2958,0.552062204192022,0,0,243,432,14,3169,5,2904,5,5
"951","2020-06-03",97,11,20,354,2958,0.552062204192022,0,0,243,432,24,3193,7,2911,14,7
"952","2020-06-04",99,11,15,350,2958,0.552062204192022,0,0,243,432,23,3216,11,2922,15,11
"953","2020-06-05",101,11,12,344,2958,0.552062204192022,0,0,243,432,24,3240,9,2931,11,9
"954","2020-06-06",108,11,12,362,2958,0.552062204192022,0,0,243,432,14,3254,7,2938,9,7
"955","2020-06-07",121,11,14,367,2958,0.552062204192022,0,0,243,432,16,3270,2,2940,9,2
"956","2020-03-13",3,12,166,145,2489,0.352752109280836,0,0,219,412,34,89,7,65,15,7
"957","2020-03-14",6,12,200,202,2489,0.352752109280836,0,0,219,412,35,124,29,94,15,29
"958","2020-03-15",17,12,236,258,2489,0.352752109280836,0,0,219,412,42,166,58,152,17,58
"959","2020-03-16",26,12,246,307,2489,0.352752109280836,0,0,219,412,36,202,27,179,24,27
"960","2020-03-17",37,12,225,357,2489,0.352752109280836,0,0,219,412,51,253,16,195,27,16
"961","2020-03-18",48,12,250,421,2489,0.352752109280836,0,0,219,412,66,319,20,215,47,20
"962","2020-03-19",62,12,273,458,2489,0.352752109280836,0,0,219,412,48,367,50,265,38,50
"963","2020-03-20",79,12,310,487,2489,0.352752109280836,0,0,219,412,63,430,74,339,48,74
"964","2020-03-21",96,12,306,528,2489,0.352752109280836,0,0,219,412,63,493,68,407,50,68
"965","2020-03-22",106,12,297,550,2489,0.352752109280836,0,0,219,412,61,554,34,441,52,34
"966","2020-03-23",129,12,284,577,2489,0.352752109280836,0,0,219,412,58,612,39,480,44,39
"967","2020-03-24",142,12,268,587,2489,0.352752109280836,0,0,219,412,79,691,40,520,64,40
"968","2020-03-25",161,12,247,566,2489,0.352752109280836,0,0,219,412,69,760,17,537,54,17
"969","2020-03-26",165,12,250,546,2489,0.352752109280836,0,0,219,412,48,808,40,577,39,40
"970","2020-03-27",165,12,238,544,2489,0.352752109280836,0,0,219,412,65,873,17,594,52,17
"971","2020-03-28",162,12,220,522,2489,0.352752109280836,0,0,219,412,48,921,12,606,40,12
"972","2020-03-29",162,12,219,523,2489,0.352752109280836,0,0,219,412,68,989,18,624,58,18
"973","2020-03-30",150,12,225,506,2489,0.352752109280836,0,0,219,412,76,1065,22,646,61,22
"974","2020-03-31",150,12,240,513,2489,0.352752109280836,0,0,219,412,65,1130,38,684,56,38
"975","2020-04-01",136,12,218,506,2489,0.352752109280836,0,0,219,412,54,1184,42,726,43,42
"976","2020-04-02",140,12,189,494,2489,0.352752109280836,0,0,219,412,82,1266,27,753,68,27
"977","2020-04-03",136,12,185,474,2489,0.352752109280836,0,0,219,412,63,1329,22,775,52,22
"978","2020-04-04",141,12,191,463,2489,0.352752109280836,0,0,219,412,62,1391,40,815,49,40
"979","2020-04-05",138,12,200,446,2489,0.352752109280836,0,0,219,412,57,1448,22,837,49,22
"980","2020-04-06",134,12,197,437,2489,0.352752109280836,0,0,219,412,71,1519,50,887,58,50
"981","2020-04-07",125,12,212,440,2489,0.352752109280836,0,0,219,412,73,1592,21,908,59,21
"982","2020-04-08",120,12,198,436,2489,0.352752109280836,0,0,219,412,52,1644,17,925,39,17
"983","2020-04-09",116,12,179,416,2489,0.352752109280836,0,0,219,412,61,1705,20,945,47,20
"984","2020-04-10",120,12,185,393,2489,0.352752109280836,0,0,219,412,67,1772,22,967,57,22
"985","2020-04-11",108,12,157,391,2489,0.352752109280836,0,0,219,412,48,1820,12,979,44,12
"986","2020-04-12",106,12,156,372,2489,0.352752109280836,0,0,219,412,51,1871,18,997,44,18
"987","2020-04-13",107,12,127,374,2489,0.352752109280836,0,0,219,412,47,1918,33,1030,36,33
"988","2020-04-14",109,12,123,358,2489,0.352752109280836,0,0,219,412,58,1976,29,1059,51,29
"989","2020-04-15",115,12,127,343,2489,0.352752109280836,0,0,219,412,50,2026,14,1073,43,14
"990","2020-04-16",109,12,117,332,2489,0.352752109280836,0,0,219,412,43,2069,16,1089,35,16
"991","2020-04-17",106,12,113,323,2489,0.352752109280836,0,0,219,412,40,2109,11,1100,36,11
"992","2020-04-18",104,12,95,314,2489,0.352752109280836,0,0,219,412,51,2160,13,1113,44,13
"993","2020-04-19",102,12,106,292,2489,0.352752109280836,0,0,219,412,48,2208,14,1127,42,14
"994","2020-04-20",98,12,114,284,2489,0.352752109280836,0,0,219,412,41,2249,22,1149,33,22
"995","2020-04-21",89,12,113,274,2489,0.352752109280836,0,0,219,412,32,2281,21,1170,30,21
"996","2020-04-22",82,12,109,273,2489,0.352752109280836,0,0,219,412,39,2320,17,1187,30,17
"997","2020-04-23",83,12,109,256,2489,0.352752109280836,0,0,219,412,31,2351,14,1201,26,14
"998","2020-04-24",77,12,114,241,2489,0.352752109280836,0,0,219,412,43,2394,19,1220,36,19
"999","2020-04-25",73,12,124,237,2489,0.352752109280836,0,0,219,412,30,2424,20,1240,26,20
"1000","2020-04-26",69,12,127,223,2489,0.352752109280836,0,0,219,412,49,2473,20,1260,41,20
"1001","2020-04-27",65,12,135,207,2489,0.352752109280836,0,0,219,412,33,2506,22,1282,27,22
"1002","2020-04-28",63,12,135,210,2489,0.352752109280836,0,0,219,412,40,2546,20,1302,36,20
"1003","2020-04-29",58,12,115,203,2489,0.352752109280836,0,0,219,412,29,2575,14,1316,28,14
"1004","2020-04-30",57,12,111,207,2489,0.352752109280836,0,0,219,412,32,2607,10,1326,27,10
"1005","2020-05-01",54,12,104,207,2489,0.352752109280836,0,0,219,412,22,2629,8,1334,18,8
"1006","2020-05-02",56,12,112,203,2489,0.352752109280836,0,0,219,412,31,2660,13,1347,26,13
"1007","2020-05-03",55,12,114,195,2489,0.352752109280836,0,0,219,412,25,2685,8,1355,21,8
"1008","2020-05-04",54,12,107,201,2489,0.352752109280836,0,0,219,412,21,2706,10,1365,17,10
"1009","2020-05-05",54,12,91,190,2489,0.352752109280836,0,0,219,412,18,2724,8,1373,18,8
"1010","2020-05-06",52,12,90,186,2489,0.352752109280836,0,0,219,412,18,2742,10,1383,13,10
"1011","2020-05-07",45,12,90,183,2489,0.352752109280836,0,0,219,412,26,2768,3,1386,20,3
"1012","2020-05-08",44,12,80,180,2489,0.352752109280836,0,0,219,412,21,2789,6,1392,18,6
"1013","2020-05-09",45,12,73,171,2489,0.352752109280836,0,0,219,412,26,2815,3,1395,22,3
"1014","2020-05-10",40,12,70,161,2489,0.352752109280836,0,0,219,412,22,2837,2,1397,16,2
"1015","2020-05-11",37,12,63,163,2489,0.352752109280836,0,0,219,412,15,2852,2,1399,13,2
"1016","2020-05-12",39,12,59,165,2489,0.352752109280836,0,0,219,412,17,2869,6,1405,14,6
"1017","2020-05-13",43,12,46,156,2489,0.352752109280836,0,0,219,412,22,2891,8,1413,22,8
"1018","2020-05-14",45,12,48,157,2489,0.352752109280836,0,0,219,412,18,2909,4,1417,16,4
"1019","2020-05-15",41,12,41,156,2489,0.352752109280836,0,0,219,412,21,2930,1,1418,17,1
"1020","2020-05-16",39,12,45,160,2489,0.352752109280836,0,0,219,412,17,2947,5,1423,14,5
"1021","2020-05-17",42,12,46,168,2489,0.352752109280836,0,0,219,412,12,2959,1,1424,10,1
"1022","2020-05-18",46,12,48,170,2489,0.352752109280836,0,0,219,412,15,2974,4,1428,10,4
"1023","2020-05-19",47,12,43,167,2489,0.352752109280836,0,0,219,412,16,2990,1,1429,12,1
"1024","2020-05-20",46,12,42,170,2489,0.352752109280836,0,0,219,412,11,3001,NA,NA,8,NA
"1025","2020-05-21",45,12,42,174,2489,0.352752109280836,0,0,219,412,10,3011,NA,NA,6,NA
"1026","2020-05-22",53,12,43,168,2489,0.352752109280836,0,0,219,412,15,3026,NA,NA,9,NA
"1027","2020-05-23",57,12,42,169,2489,0.352752109280836,0,0,219,412,14,3040,NA,NA,7,NA
"1028","2020-05-24",55,12,42,167,2489,0.352752109280836,0,0,219,412,11,3051,1,1430,6,1
"1029","2020-05-25",57,12,43,165,2489,0.352752109280836,0,0,219,412,8,3059,NA,NA,5,NA
"1030","2020-05-26",56,12,40,161,2489,0.352752109280836,0,0,219,412,16,3075,NA,NA,14,NA
"1031","2020-05-27",55,12,34,160,2489,0.352752109280836,0,0,219,412,8,3083,NA,NA,5,NA
"1032","2020-05-28",57,12,36,158,2489,0.352752109280836,0,0,219,412,6,3089,2,1432,4,2
"1033","2020-05-29",52,12,31,158,2489,0.352752109280836,0,0,219,412,8,3097,3,1435,4,3
"1034","2020-05-30",53,12,34,147,2489,0.352752109280836,0,0,219,412,14,3111,NA,NA,10,NA
"1035","2020-05-31",54,12,33,154,2489,0.352752109280836,0,0,219,412,8,3119,1,1436,6,1
"1036","2020-06-01",48,12,30,152,2489,0.352752109280836,0,0,219,412,9,3128,NA,NA,2,NA
"1037","2020-06-02",43,12,30,150,2489,0.352752109280836,0,0,219,412,5,3133,1,1437,5,1
"1038","2020-06-03",44,12,30,152,2489,0.352752109280836,0,0,219,412,8,3141,4,1441,7,4
"1039","2020-06-04",45,12,29,160,2489,0.352752109280836,0,0,219,412,11,3152,2,1443,5,2
"1040","2020-06-05",43,12,29,158,2489,0.352752109280836,0,0,219,412,12,3164,1,1444,6,1
"1041","2020-06-06",41,12,25,161,2489,0.352752109280836,0,0,219,412,10,3174,2,1446,7,2
"1042","2020-06-07",37,12,25,168,2489,0.352752109280836,0,0,219,412,6,3180,NA,NA,4,NA
"1043","2020-03-12",1,13,113,30,1565,0.681150159744409,0,0,143,401,39,81,9,29,2,9
"1044","2020-03-13",1,13,158,48,1565,0.681150159744409,0,0,143,401,40,121,14,43,5,14
"1045","2020-03-14",3,13,154,70,1565,0.681150159744409,0,0,143,401,39,160,32,75,9,32
"1046","2020-03-15",6,13,161,83,1565,0.681150159744409,0,0,143,401,42,202,12,87,11,12
"1047","2020-03-16",11,13,177,95,1565,0.681150159744409,0,0,143,401,34,236,15,102,10,15
"1048","2020-03-17",16,13,205,113,1565,0.681150159744409,0,0,143,401,50,286,13,115,17,13
"1049","2020-03-18",22,13,240,124,1565,0.681150159744409,0,0,143,401,44,330,14,129,19,14
"1050","2020-03-19",27,13,220,142,1565,0.681150159744409,0,0,143,401,48,378,30,159,24,30
"1051","2020-03-20",33,13,255,154,1565,0.681150159744409,0,0,143,401,33,411,35,194,12,35
"1052","2020-03-21",38,13,252,172,1565,0.681150159744409,0,0,143,401,42,453,49,243,14,49
"1053","2020-03-22",46,13,251,193,1565,0.681150159744409,0,0,143,401,49,502,44,287,28,44
"1054","2020-03-23",47,13,268,203,1565,0.681150159744409,0,0,143,401,38,540,49,336,20,49
"1055","2020-03-24",49,13,268,208,1565,0.681150159744409,0,0,143,401,37,577,42,378,16,42
"1056","2020-03-25",53,13,244,210,1565,0.681150159744409,0,0,143,401,40,617,18,396,14,18
"1057","2020-03-26",55,13,209,204,1565,0.681150159744409,0,0,143,401,40,657,20,416,14,20
"1058","2020-03-27",57,13,211,208,1565,0.681150159744409,0,0,143,401,29,686,17,433,20,17
"1059","2020-03-28",58,13,200,195,1565,0.681150159744409,0,0,143,401,33,719,16,449,13,16
"1060","2020-03-29",56,13,215,188,1565,0.681150159744409,0,0,143,401,31,750,28,477,10,28
"1061","2020-03-30",59,13,208,200,1565,0.681150159744409,0,0,143,401,45,795,18,495,23,18
"1062","2020-03-31",57,13,201,197,1565,0.681150159744409,0,0,143,401,29,824,24,519,15,24
"1063","2020-04-01",54,13,226,190,1565,0.681150159744409,0,0,143,401,40,864,22,541,19,22
"1064","2020-04-02",52,13,223,193,1565,0.681150159744409,0,0,143,401,26,890,22,563,12,22
"1065","2020-04-03",50,13,217,194,1565,0.681150159744409,0,0,143,401,40,930,13,576,20,13
"1066","2020-04-04",51,13,208,188,1565,0.681150159744409,0,0,143,401,32,962,20,596,13,20
"1067","2020-04-05",48,13,196,181,1565,0.681150159744409,0,0,143,401,31,993,28,624,14,28
"1068","2020-04-06",45,13,180,176,1565,0.681150159744409,0,0,143,401,26,1019,29,653,11,29
"1069","2020-04-07",48,13,182,173,1565,0.681150159744409,0,0,143,401,28,1047,19,672,10,19
"1070","2020-04-08",45,13,170,161,1565,0.681150159744409,0,0,143,401,37,1084,16,688,18,16
"1071","2020-04-09",44,13,173,151,1565,0.681150159744409,0,0,143,401,26,1110,14,702,6,14
"1072","2020-04-10",41,13,188,152,1565,0.681150159744409,0,0,143,401,22,1132,15,717,9,15
"1073","2020-04-11",42,13,189,143,1565,0.681150159744409,0,0,143,401,28,1160,25,742,17,25
"1074","2020-04-12",44,13,194,140,1565,0.681150159744409,0,0,143,401,24,1184,15,757,13,15
"1075","2020-04-13",43,13,176,128,1565,0.681150159744409,0,0,143,401,32,1216,11,768,20,11
"1076","2020-04-14",37,13,159,133,1565,0.681150159744409,0,0,143,401,26,1242,7,775,17,7
"1077","2020-04-15",39,13,156,133,1565,0.681150159744409,0,0,143,401,37,1279,14,789,19,14
"1078","2020-04-16",39,13,148,140,1565,0.681150159744409,0,0,143,401,28,1307,12,801,17,12
"1079","2020-04-17",44,13,140,133,1565,0.681150159744409,0,0,143,401,25,1332,2,803,20,2
"1080","2020-04-18",40,13,130,144,1565,0.681150159744409,0,0,143,401,32,1364,3,806,22,3
"1081","2020-04-19",38,13,115,145,1565,0.681150159744409,0,0,143,401,31,1395,10,816,24,10
"1082","2020-04-20",42,13,101,152,1565,0.681150159744409,0,0,143,401,32,1427,4,820,17,4
"1083","2020-04-21",45,13,99,164,1565,0.681150159744409,0,0,143,401,22,1449,9,829,16,9
"1084","2020-04-22",44,13,100,176,1565,0.681150159744409,0,0,143,401,21,1470,8,837,14,8
"1085","2020-04-23",49,13,106,188,1565,0.681150159744409,0,0,143,401,27,1497,5,842,20,5
"1086","2020-04-24",48,13,116,197,1565,0.681150159744409,0,0,143,401,32,1529,12,854,24,12
"1087","2020-04-25",49,13,116,203,1565,0.681150159744409,0,0,143,401,26,1555,5,859,16,5
"1088","2020-04-26",51,13,119,207,1565,0.681150159744409,0,0,143,401,19,1574,6,865,16,6
"1089","2020-04-27",51,13,113,209,1565,0.681150159744409,0,0,143,401,27,1601,12,877,14,12
"1090","2020-04-28",53,13,111,221,1565,0.681150159744409,0,0,143,401,20,1621,6,883,13,6
"1091","2020-04-29",56,13,121,228,1565,0.681150159744409,0,0,143,401,32,1653,11,894,23,11
"1092","2020-04-30",60,13,121,225,1565,0.681150159744409,0,0,143,401,23,1676,12,906,17,12
"1093","2020-05-01",61,13,124,208,1565,0.681150159744409,0,0,143,401,34,1710,7,913,28,7
"1094","2020-05-02",63,13,139,208,1565,0.681150159744409,0,0,143,401,17,1727,10,923,9,10
"1095","2020-05-03",66,13,129,213,1565,0.681150159744409,0,0,143,401,25,1752,3,926,20,3
"1096","2020-05-04",60,13,132,208,1565,0.681150159744409,0,0,143,401,23,1775,2,928,15,2
"1097","2020-05-05",60,13,134,203,1565,0.681150159744409,0,0,143,401,25,1800,6,934,21,6
"1098","2020-05-06",64,13,130,196,1565,0.681150159744409,0,0,143,401,28,1828,8,942,21,8
"1099","2020-05-07",60,13,141,187,1565,0.681150159744409,0,0,143,401,24,1852,9,951,20,9
"1100","2020-05-08",59,13,134,193,1565,0.681150159744409,0,0,143,401,25,1877,8,959,19,8
"1101","2020-05-09",60,13,138,188,1565,0.681150159744409,0,0,143,401,19,1896,7,966,13,7
"1102","2020-05-10",58,13,137,184,1565,0.681150159744409,0,0,143,401,29,1925,7,973,19,7
"1103","2020-05-11",64,13,135,186,1565,0.681150159744409,0,0,143,401,25,1950,4,977,18,4
"1104","2020-05-12",65,13,129,180,1565,0.681150159744409,0,0,143,401,19,1969,4,981,14,4
"1105","2020-05-13",61,13,126,168,1565,0.681150159744409,0,0,143,401,24,1993,8,989,18,8
"1106","2020-05-14",57,13,119,172,1565,0.681150159744409,0,0,143,401,17,2010,6,995,13,6
"1107","2020-05-15",57,13,107,159,1565,0.681150159744409,0,0,143,401,15,2025,9,1004,11,9
"1108","2020-05-16",55,13,91,165,1565,0.681150159744409,0,0,143,401,28,2053,7,1011,25,7
"1109","2020-05-17",50,13,94,158,1565,0.681150159744409,0,0,143,401,19,2072,5,1016,16,5
"1110","2020-05-18",45,13,99,157,1565,0.681150159744409,0,0,143,401,19,2091,4,1020,13,4
"1111","2020-05-19",45,13,94,153,1565,0.681150159744409,0,0,143,401,27,2118,2,1022,24,2
"1112","2020-05-20",45,13,91,149,1565,0.681150159744409,0,0,143,401,21,2139,2,1024,13,2
"1113","2020-05-21",42,13,95,154,1565,0.681150159744409,0,0,143,401,13,2152,1,1025,9,1
"1114","2020-05-22",39,13,90,160,1565,0.681150159744409,0,0,143,401,14,2166,5,1030,11,5
"1115","2020-05-23",34,13,91,164,1565,0.681150159744409,0,0,143,401,20,2186,4,1034,13,4
"1116","2020-05-24",42,13,87,168,1565,0.681150159744409,0,0,143,401,25,2211,1,1035,14,1
"1117","2020-05-25",49,13,85,172,1565,0.681150159744409,0,0,143,401,14,2225,3,1038,6,3
"1118","2020-05-26",49,13,87,177,1565,0.681150159744409,0,0,143,401,21,2246,1,1039,18,1
"1119","2020-05-27",47,13,79,183,1565,0.681150159744409,0,0,143,401,23,2269,3,1042,12,3
"1120","2020-05-28",50,13,74,185,1565,0.681150159744409,0,0,143,401,26,2295,1,1043,19,1
"1121","2020-05-29",54,13,67,196,1565,0.681150159744409,0,0,143,401,18,2313,3,1046,12,3
"1122","2020-05-30",59,13,65,209,1565,0.681150159744409,0,0,143,401,23,2336,3,1049,13,3
"1123","2020-05-31",54,13,68,223,1565,0.681150159744409,0,0,143,401,22,2358,3,1052,18,3
"1124","2020-06-01",52,13,66,229,1565,0.681150159744409,0,0,143,401,31,2389,3,1055,23,3
"1125","2020-06-02",58,13,68,236,1565,0.681150159744409,0,0,143,401,12,2401,7,1062,9,7
"1126","2020-06-03",61,13,67,241,1565,0.681150159744409,0,0,143,401,19,2420,2,1064,15,2
"1127","2020-06-04",67,13,65,233,1565,0.681150159744409,0,0,143,401,23,2443,3,1067,16,3
"1128","2020-06-05",70,13,63,225,1565,0.681150159744409,0,0,143,401,23,2466,NA,NA,17,NA
"1129","2020-06-06",68,13,65,239,1565,0.681150159744409,0,0,143,401,19,2485,2,1069,13,2
"1130","2020-06-07",70,13,67,240,1565,0.681150159744409,0,0,143,401,26,2511,2,1071,20,2
"1131","2020-03-12",1,14,67,47,5963,0.928559449941305,0,0,544,579,67,127,60,167,42,60
"1132","2020-03-13",3,14,91,95,5963,0.928559449941305,0,0,544,579,90,217,17,184,59,17
"1133","2020-03-14",5,14,115,142,5963,0.928559449941305,0,0,544,579,123,340,33,217,91,33
"1134","2020-03-15",6,14,122,192,5963,0.928559449941305,0,0,544,579,138,478,50,267,117,50
"1135","2020-03-16",10,14,172,259,5963,0.928559449941305,0,0,544,579,212,690,27,294,186,27
"1136","2020-03-17",23,14,199,330,5963,0.928559449941305,0,0,544,579,254,944,46,340,222,46
"1137","2020-03-18",36,14,184,398,5963,0.928559449941305,0,0,544,579,310,1254,18,358,288,18
"1138","2020-03-19",46,14,237,480,5963,0.928559449941305,0,0,544,579,407,1661,12,370,391,12
"1139","2020-03-20",61,14,262,581,5963,0.928559449941305,0,0,544,579,455,2116,12,382,437,12
"1140","2020-03-21",86,14,291,668,5963,0.928559449941305,0,0,544,579,542,2658,8,390,523,8
"1141","2020-03-22",109,14,277,765,5963,0.928559449941305,0,0,544,579,510,3168,11,401,492,11
"1142","2020-03-23",136,14,244,855,5963,0.928559449941305,0,0,544,579,524,3692,6,407,512,6
"1143","2020-03-24",153,14,217,972,5963,0.928559449941305,0,0,544,579,666,4358,2,409,658,2
"1144","2020-03-25",175,14,199,1084,5963,0.928559449941305,0,0,544,579,395,4753,7,416,386,7
"1145","2020-03-26",211,14,219,1212,5963,0.928559449941305,0,0,544,579,394,5147,8,424,387,8
"1146","2020-03-27",228,14,222,1349,5963,0.928559449941305,0,0,544,579,398,5545,45,469,390,45
"1147","2020-03-28",272,14,207,1508,5963,0.928559449941305,0,0,544,579,363,5908,25,494,360,25
"1148","2020-03-29",311,14,194,1607,5963,0.928559449941305,0,0,544,579,314,6222,18,512,311,18
"1149","2020-03-30",347,14,196,1666,5963,0.928559449941305,0,0,544,579,292,6514,8,520,287,8
"1150","2020-03-31",370,14,203,1780,5963,0.928559449941305,0,0,544,579,186,6700,8,528,184,8
"1151","2020-04-01",403,14,191,1870,5963,0.928559449941305,0,0,544,579,159,6859,14,542,154,14
"1152","2020-04-02",429,14,161,1977,5963,0.928559449941305,0,0,544,579,131,6990,18,560,129,18
"1153","2020-04-03",482,14,160,2035,5963,0.928559449941305,0,0,544,579,104,7094,46,606,102,46
"1154","2020-04-04",482,14,140,2092,5963,0.928559449941305,0,0,544,579,64,7158,32,638,61,32
"1155","2020-04-05",505,14,163,2100,5963,0.928559449941305,0,0,544,579,84,7242,58,696,82,58
"1156","2020-04-06",523,14,202,2144,5963,0.928559449941305,0,0,544,579,50,7292,38,734,50,38
"1157","2020-04-07",537,14,203,2163,5963,0.928559449941305,0,0,544,579,43,7335,52,786,43,52
"1158","2020-04-08",568,14,189,2108,5963,0.928559449941305,0,0,544,579,29,7364,53,839,27,53
"1159","2020-04-09",584,14,189,2055,5963,0.928559449941305,0,0,544,579,23,7387,60,899,23,60
"1160","2020-04-10",588,14,194,1998,5963,0.928559449941305,0,0,544,579,32,7419,35,934,31,35
"1161","2020-04-11",599,14,207,1968,5963,0.928559449941305,0,0,544,579,19,7438,16,950,18,16
"1162","2020-04-12",598,14,197,1861,5963,0.928559449941305,0,0,544,579,8,7446,16,966,7,16
"1163","2020-04-13",580,14,184,1831,5963,0.928559449941305,0,0,544,579,8,7454,18,984,6,18
"1164","2020-04-14",579,14,197,1717,5963,0.928559449941305,0,0,544,579,13,7467,9,993,12,9
"1165","2020-04-15",548,14,197,1620,5963,0.928559449941305,0,0,544,579,8,7475,4,997,8,4
"1166","2020-04-16",531,14,182,1520,5963,0.928559449941305,0,0,544,579,3,7478,5,1002,3,5
"1167","2020-04-17",509,14,168,1428,5963,0.928559449941305,0,0,544,579,6,7484,31,1033,6,31
"1168","2020-04-18",483,14,161,1346,5963,0.928559449941305,0,0,544,579,6,7490,31,1064,6,31
"1169","2020-04-19",465,14,151,1253,5963,0.928559449941305,0,0,544,579,3,7493,25,1089,3,25
"1170","2020-04-20",452,14,149,1148,5963,0.928559449941305,0,0,544,579,1,7494,15,1104,1,15
"1171","2020-04-21",437,14,147,1032,5963,0.928559449941305,0,0,544,579,1,7495,4,1108,1,4
"1172","2020-04-22",418,14,139,954,5963,0.928559449941305,0,0,544,579,3,7498,17,1125,3,17
"1173","2020-04-23",384,14,140,852,5963,0.928559449941305,0,0,544,579,3,7501,11,1136,3,11
"1174","2020-04-24",345,14,134,799,5963,0.928559449941305,0,0,544,579,1,7502,9,1145,1,9
"1175","2020-04-25",315,14,128,716,5963,0.928559449941305,0,0,544,579,2,7504,3,1148,1,3
"1176","2020-04-26",280,14,118,642,5963,0.928559449941305,0,0,544,579,1,7505,10,1158,NA,10
"1177","2020-04-27",259,14,120,557,5963,0.928559449941305,0,0,544,579,1,7506,14,1172,NA,14
"1178","2020-04-28",228,14,114,500,5963,0.928559449941305,0,0,544,579,1,7507,24,1196,1,24
"1179","2020-04-29",193,14,113,448,5963,0.928559449941305,0,0,544,579,1,7508,9,1205,NA,9
"1180","2020-04-30",178,14,117,409,5963,0.928559449941305,0,0,544,579,1,7509,21,1226,1,21
"1181","2020-05-01",170,14,118,368,5963,0.928559449941305,0,0,544,579,1,7510,11,1237,NA,11
"1182","2020-05-02",160,14,110,345,5963,0.928559449941305,0,0,544,579,1,7511,22,1259,1,22
"1183","2020-05-03",137,14,101,301,5963,0.928559449941305,0,0,544,579,2,7513,21,1280,1,21
"1184","2020-05-04",117,14,90,269,5963,0.928559449941305,0,0,544,579,1,7514,12,1292,1,12
"1185","2020-05-05",110,14,82,255,5963,0.928559449941305,0,0,544,579,NA,NA,19,1311,NA,19
"1186","2020-05-06",108,14,79,231,5963,0.928559449941305,0,0,544,579,2,7516,22,1333,2,22
"1187","2020-05-07",93,14,80,202,5963,0.928559449941305,0,0,544,579,NA,NA,10,1343,NA,10
"1188","2020-05-08",79,14,77,175,5963,0.928559449941305,0,0,544,579,1,7517,1,1344,1,1
"1189","2020-05-09",67,14,64,166,5963,0.928559449941305,0,0,544,579,NA,NA,4,1348,NA,4
"1190","2020-05-10",64,14,56,148,5963,0.928559449941305,0,0,544,579,1,7518,NA,NA,1,NA
"1191","2020-05-11",55,14,52,126,5963,0.928559449941305,0,0,544,579,1,7519,2,1350,NA,2
"1192","2020-05-12",45,14,57,110,5963,0.928559449941305,0,0,544,579,NA,NA,8,1358,NA,8
"1193","2020-05-13",35,14,58,107,5963,0.928559449941305,0,0,544,579,1,7520,2,1360,1,2
"1194","2020-05-14",31,14,52,96,5963,0.928559449941305,0,0,544,579,NA,NA,3,1363,NA,3
"1195","2020-05-15",24,14,53,85,5963,0.928559449941305,0,0,544,579,1,7521,3,1366,1,3
"1196","2020-05-16",26,14,49,80,5963,0.928559449941305,0,0,544,579,NA,NA,1,1367,NA,1
"1197","2020-05-17",24,14,42,68,5963,0.928559449941305,0,0,544,579,NA,NA,NA,NA,NA,NA
"1198","2020-05-18",25,14,38,66,5963,0.928559449941305,0,0,544,579,NA,NA,2,1369,NA,2
"1199","2020-05-19",26,14,41,55,5963,0.928559449941305,0,0,544,579,NA,NA,4,1373,NA,4
"1200","2020-05-20",27,14,39,56,5963,0.928559449941305,0,0,544,579,NA,NA,1,1374,NA,1
"1201","2020-05-21",24,14,36,51,5963,0.928559449941305,0,0,544,579,1,7522,2,1376,NA,2
"1202","2020-05-22",23,14,37,46,5963,0.928559449941305,0,0,544,579,NA,NA,3,1379,NA,3
"1203","2020-05-23",18,14,40,45,5963,0.928559449941305,0,0,544,579,NA,NA,4,1383,NA,4
"1204","2020-05-24",17,14,42,44,5963,0.928559449941305,0,0,544,579,1,7523,NA,NA,NA,NA
"1205","2020-05-25",14,14,36,40,5963,0.928559449941305,0,0,544,579,NA,NA,1,1384,NA,1
"1206","2020-05-26",12,14,36,40,5963,0.928559449941305,0,0,544,579,NA,NA,2,1386,NA,2
"1207","2020-05-27",11,14,35,43,5963,0.928559449941305,0,0,544,579,NA,NA,1,1387,NA,1
"1208","2020-05-28",11,14,34,44,5963,0.928559449941305,0,0,544,579,NA,NA,NA,NA,NA,NA
"1209","2020-05-29",15,14,32,42,5963,0.928559449941305,0,0,544,579,NA,NA,NA,NA,NA,NA
"1210","2020-05-30",15,14,30,39,5963,0.928559449941305,0,0,544,579,NA,NA,NA,NA,NA,NA
"1211","2020-05-31",15,14,28,34,5963,0.928559449941305,0,0,544,579,NA,NA,NA,NA,NA,NA
"1212","2020-06-01",14,14,26,32,5963,0.928559449941305,0,0,544,579,1,7524,NA,NA,NA,NA
"1213","2020-06-02",12,14,25,29,5963,0.928559449941305,0,0,544,579,NA,NA,NA,NA,NA,NA
"1214","2020-06-03",12,14,26,28,5963,0.928559449941305,0,0,544,579,NA,NA,NA,NA,NA,NA
"1215","2020-06-04",13,14,25,29,5963,0.928559449941305,0,0,544,579,NA,NA,NA,NA,NA,NA
"1216","2020-06-05",9,14,22,32,5963,0.928559449941305,0,0,544,579,NA,NA,NA,NA,NA,NA
"1217","2020-06-06",9,14,25,29,5963,0.928559449941305,0,0,544,579,1,7525,NA,NA,NA,NA
"1218","2020-06-07",8,14,24,30,5963,0.928559449941305,0,0,544,579,2,7527,NA,NA,NA,NA
"1219","2020-03-12",1,15,184,169,8405,0.867578822129685,0,0,705,1054,57,114,14,29,2,14
"1220","2020-03-13",7,15,304,294,8405,0.867578822129685,0,0,705,1054,74,188,8,37,9,8
"1221","2020-03-14",17,15,345,448,8405,0.867578822129685,0,0,705,1054,72,260,9,46,9,9
"1222","2020-03-15",35,15,321,676,8405,0.867578822129685,0,0,705,1054,84,344,9,55,18,9
"1223","2020-03-16",49,15,289,971,8405,0.867578822129685,0,0,705,1054,71,415,17,72,22,17
"1224","2020-03-17",79,15,255,1327,8405,0.867578822129685,0,0,705,1054,79,494,24,96,29,24
"1225","2020-03-18",109,15,245,1702,8405,0.867578822129685,0,0,705,1054,82,576,30,126,39,30
"1226","2020-03-19",172,15,270,2100,8405,0.867578822129685,0,0,705,1054,74,650,52,178,24,52
"1227","2020-03-20",251,15,258,2692,8405,0.867578822129685,0,0,705,1054,67,717,43,221,34,43
"1228","2020-03-21",327,15,250,3221,8405,0.867578822129685,0,0,705,1054,90,807,21,242,44,21
"1229","2020-03-22",434,15,235,3823,8405,0.867578822129685,0,0,705,1054,60,867,30,272,28,30
"1230","2020-03-23",571,15,215,4413,8405,0.867578822129685,0,0,705,1054,65,932,37,309,24,37
"1231","2020-03-24",702,15,184,4842,8405,0.867578822129685,0,0,705,1054,82,1014,46,355,44,46
"1232","2020-03-25",869,15,175,5137,8405,0.867578822129685,0,0,705,1054,59,1073,33,388,25,33
"1233","2020-03-26",1009,15,162,5311,8405,0.867578822129685,0,0,705,1054,72,1145,40,428,25,40
"1234","2020-03-27",1144,15,199,5389,8405,0.867578822129685,0,0,705,1054,66,1211,19,447,26,19
"1235","2020-03-28",1290,15,193,5319,8405,0.867578822129685,0,0,705,1054,57,1268,21,468,22,21
"1236","2020-03-29",1394,15,176,5118,8405,0.867578822129685,0,0,705,1054,51,1319,29,497,20,29
"1237","2020-03-30",1462,15,171,4822,8405,0.867578822129685,0,0,705,1054,53,1372,19,516,23,19
"1238","2020-03-31",1495,15,164,4448,8405,0.867578822129685,0,0,705,1054,50,1422,9,525,24,9
"1239","2020-04-01",1472,15,162,4066,8405,0.867578822129685,0,0,705,1054,52,1474,14,539,27,14
"1240","2020-04-02",1460,15,146,3618,8405,0.867578822129685,0,0,705,1054,56,1530,30,569,30,30
"1241","2020-04-03",1382,15,144,3148,8405,0.867578822129685,0,0,705,1054,56,1586,19,588,24,19
"1242","2020-04-04",1284,15,141,2661,8405,0.867578822129685,0,0,705,1054,43,1629,21,609,20,21
"1243","2020-04-05",1172,15,171,2219,8405,0.867578822129685,0,0,705,1054,37,1666,16,625,11,16
"1244","2020-04-06",1034,15,178,1824,8405,0.867578822129685,0,0,705,1054,38,1704,12,637,19,12
"1245","2020-04-07",918,15,168,1480,8405,0.867578822129685,0,0,705,1054,44,1748,16,653,13,16
"1246","2020-04-08",799,15,166,1160,8405,0.867578822129685,0,0,705,1054,43,1791,10,663,25,10
"1247","2020-04-09",648,15,202,882,8405,0.867578822129685,0,0,705,1054,40,1831,21,684,18,21
"1248","2020-04-10",541,15,212,695,8405,0.867578822129685,0,0,705,1054,42,1873,20,704,19,20
"1249","2020-04-11",427,15,231,534,8405,0.867578822129685,0,0,705,1054,29,1902,17,721,12,17
"1250","2020-04-12",332,15,222,404,8405,0.867578822129685,0,0,705,1054,38,1940,19,740,17,19
"1251","2020-04-13",266,15,196,308,8405,0.867578822129685,0,0,705,1054,40,1980,8,748,17,8
"1252","2020-04-14",195,15,204,235,8405,0.867578822129685,0,0,705,1054,31,2011,18,766,13,18
"1253","2020-04-15",145,15,241,175,8405,0.867578822129685,0,0,705,1054,35,2046,11,777,15,11
"1254","2020-04-16",112,15,254,136,8405,0.867578822129685,0,0,705,1054,24,2070,17,794,13,17
"1255","2020-04-17",82,15,255,108,8405,0.867578822129685,0,0,705,1054,32,2102,22,816,16,22
"1256","2020-04-18",64,15,236,89,8405,0.867578822129685,0,0,705,1054,30,2132,18,834,11,18
"1257","2020-04-19",44,15,218,70,8405,0.867578822129685,0,0,705,1054,28,2160,14,848,13,14
"1258","2020-04-20",30,15,181,54,8405,0.867578822129685,0,0,705,1054,20,2180,5,853,5,5
"1259","2020-04-21",24,15,166,46,8405,0.867578822129685,0,0,705,1054,17,2197,8,861,4,8
"1260","2020-04-22",20,15,137,39,8405,0.867578822129685,0,0,705,1054,26,2223,16,877,8,16
"1261","2020-04-23",13,15,123,33,8405,0.867578822129685,0,0,705,1054,24,2247,19,896,9,19
"1262","2020-04-24",12,15,109,27,8405,0.867578822129685,0,0,705,1054,23,2270,25,921,13,25
"1263","2020-04-25",12,15,129,25,8405,0.867578822129685,0,0,705,1054,29,2299,10,931,7,10
"1264","2020-04-26",10,15,150,22,8405,0.867578822129685,0,0,705,1054,18,2317,11,942,9,11
"1265","2020-04-27",9,15,151,21,8405,0.867578822129685,0,0,705,1054,15,2332,20,962,8,20
"1266","2020-04-28",8,15,162,20,8405,0.867578822129685,0,0,705,1054,29,2361,9,971,15,9
"1267","2020-04-29",7,15,151,20,8405,0.867578822129685,0,0,705,1054,21,2382,5,976,11,5
"1268","2020-04-30",7,15,156,17,8405,0.867578822129685,0,0,705,1054,15,2397,12,988,7,12
"1269","2020-05-01",3,15,144,17,8405,0.867578822129685,0,0,705,1054,22,2419,11,999,7,11
"1270","2020-05-02",1,15,120,18,8405,0.867578822129685,0,0,705,1054,18,2437,6,1005,6,6
"1271","2020-05-03",1,15,118,16,8405,0.867578822129685,0,0,705,1054,15,2452,13,1018,3,13
"1272","2020-05-04",2,15,112,12,8405,0.867578822129685,0,0,705,1054,19,2471,9,1027,10,9
"1273","2020-05-05",3,15,107,10,8405,0.867578822129685,0,0,705,1054,15,2486,2,1029,2,2
"1274","2020-05-06",5,15,91,11,8405,0.867578822129685,0,0,705,1054,19,2505,4,1033,12,4
"1275","2020-05-07",4,15,98,11,8405,0.867578822129685,0,0,705,1054,17,2522,NA,NA,8,NA
"1276","2020-05-08",6,15,99,11,8405,0.867578822129685,0,0,705,1054,13,2535,4,1037,4,4
"1277","2020-05-09",6,15,96,11,8405,0.867578822129685,0,0,705,1054,17,2552,5,1042,6,5
"1278","2020-05-10",6,15,99,9,8405,0.867578822129685,0,0,705,1054,18,2570,5,1047,11,5
"1279","2020-05-11",5,15,98,11,8405,0.867578822129685,0,0,705,1054,20,2590,3,1050,5,3
"1280","2020-05-12",5,15,95,11,8405,0.867578822129685,0,0,705,1054,10,2600,4,1054,4,4
"1281","2020-05-13",3,15,86,10,8405,0.867578822129685,0,0,705,1054,15,2615,4,1058,5,4
"1282","2020-05-14",4,15,85,11,8405,0.867578822129685,0,0,705,1054,15,2630,2,1060,9,2
"1283","2020-05-15",3,15,76,8,8405,0.867578822129685,0,0,705,1054,13,2643,2,1062,3,2
"1284","2020-05-16",3,15,73,8,8405,0.867578822129685,0,0,705,1054,14,2657,2,1064,9,2
"1285","2020-05-17",4,15,65,9,8405,0.867578822129685,0,0,705,1054,11,2668,2,1066,5,2
"1286","2020-05-18",4,15,56,9,8405,0.867578822129685,0,0,705,1054,16,2684,1,1067,5,1
"1287","2020-05-19",3,15,42,7,8405,0.867578822129685,0,0,705,1054,20,2704,1,1068,8,1
"1288","2020-05-20",3,15,36,7,8405,0.867578822129685,0,0,705,1054,16,2720,1,1069,3,1
"1289","2020-05-21",2,15,33,7,8405,0.867578822129685,0,0,705,1054,14,2734,1,1070,7,1
"1290","2020-05-22",1,15,31,6,8405,0.867578822129685,0,0,705,1054,24,2758,4,1074,7,4
"1291","2020-05-23",1,15,33,7,8405,0.867578822129685,0,0,705,1054,17,2775,NA,NA,8,NA
"1292","2020-05-24",1,15,34,8,8405,0.867578822129685,0,0,705,1054,17,2792,4,1078,5,4
"1293","2020-05-25",1,15,37,6,8405,0.867578822129685,0,0,705,1054,20,2812,2,1080,7,2
"1294","2020-05-26",1,15,32,6,8405,0.867578822129685,0,0,705,1054,18,2830,2,1082,8,2
"1295","2020-05-27",1,15,23,7,8405,0.867578822129685,0,0,705,1054,25,2855,3,1085,9,3
"1296","2020-05-28",1,15,21,7,8405,0.867578822129685,0,0,705,1054,15,2870,1,1086,5,1
"1297","2020-05-29",1,15,17,7,8405,0.867578822129685,0,0,705,1054,18,2888,4,1090,11,4
"1298","2020-05-30",1,15,17,10,8405,0.867578822129685,0,0,705,1054,27,2915,NA,NA,9,NA
"1299","2020-05-31",0,15,0,0,8405,0.867578822129685,0,0,705,1054,19,2934,2,1092,10,2
"1300","2020-06-01",0,15,0,0,8405,0.867578822129685,0,0,705,1054,22,2956,3,1095,12,3
"1301","2020-06-02",0,15,0,0,8405,0.867578822129685,0,0,705,1054,13,2969,1,1096,6,1
"1302","2020-06-03",0,15,0,0,8405,0.867578822129685,0,0,705,1054,24,2993,NA,NA,14,NA
"1303","2020-06-04",0,15,0,0,8405,0.867578822129685,0,0,705,1054,25,3018,NA,NA,13,NA
"1304","2020-06-05",1,15,9,5,8405,0.867578822129685,0,0,705,1054,13,3031,1,1097,7,1
"1305","2020-06-06",1,15,8,4,8405,0.867578822129685,0,0,705,1054,19,3050,NA,NA,6,NA
"1306","2020-06-07",1,15,8,3,8405,0.867578822129685,0,0,705,1054,15,3065,NA,NA,7,NA
"1307","2020-03-14",2,16,307,86,2515,0.745526838966203,0,0,210,614,42,172,47,213,9,47
"1308","2020-03-15",5,16,307,104,2515,0.745526838966203,0,0,210,614,58,230,70,283,18,70
"1309","2020-03-16",10,16,327,129,2515,0.745526838966203,0,0,210,614,76,306,64,347,21,64
"1310","2020-03-17",12,16,308,156,2515,0.745526838966203,0,0,210,614,60,366,54,401,24,54
"1311","2020-03-18",16,16,291,184,2515,0.745526838966203,0,0,210,614,40,406,38,439,14,38
"1312","2020-03-19",23,16,276,204,2515,0.745526838966203,0,0,210,614,64,470,33,472,39,33
"1313","2020-03-20",30,16,242,239,2515,0.745526838966203,0,0,210,614,58,528,44,516,27,44
"1314","2020-03-21",38,16,225,261,2515,0.745526838966203,0,0,210,614,55,583,30,546,30,30
"1315","2020-03-22",47,16,225,279,2515,0.745526838966203,0,0,210,614,59,642,40,586,31,40
"1316","2020-03-23",55,16,231,287,2515,0.745526838966203,0,0,210,614,60,702,43,629,24,43
"1317","2020-03-24",66,16,229,293,2515,0.745526838966203,0,0,210,614,72,774,31,660,50,31
"1318","2020-03-25",73,16,222,298,2515,0.745526838966203,0,0,210,614,46,820,33,693,24,33
"1319","2020-03-26",76,16,223,311,2515,0.745526838966203,0,0,210,614,42,862,51,744,24,51
"1320","2020-03-27",83,16,209,309,2515,0.745526838966203,0,0,210,614,54,916,34,778,29,34
"1321","2020-03-28",78,16,225,313,2515,0.745526838966203,0,0,210,614,66,982,34,812,32,34
"1322","2020-03-29",80,16,260,318,2515,0.745526838966203,0,0,210,614,44,1026,48,860,23,48
"1323","2020-03-30",87,16,251,328,2515,0.745526838966203,0,0,210,614,54,1080,23,883,25,23
"1324","2020-03-31",87,16,243,338,2515,0.745526838966203,0,0,210,614,37,1117,27,910,14,27
"1325","2020-04-01",89,16,266,351,2515,0.745526838966203,0,0,210,614,50,1167,36,946,22,36
"1326","2020-04-02",89,16,254,350,2515,0.745526838966203,0,0,210,614,41,1208,23,969,23,23
"1327","2020-04-03",95,16,229,360,2515,0.745526838966203,0,0,210,614,38,1246,33,1002,20,33
"1328","2020-04-04",107,16,221,358,2515,0.745526838966203,0,0,210,614,45,1291,26,1028,21,26
"1329","2020-04-05",109,16,201,349,2515,0.745526838966203,0,0,210,614,51,1342,24,1052,29,24
"1330","2020-04-06",106,16,169,339,2515,0.745526838966203,0,0,210,614,47,1389,22,1074,30,22
"1331","2020-04-07",109,16,160,343,2515,0.745526838966203,0,0,210,614,43,1432,25,1099,26,25
"1332","2020-04-08",111,16,161,337,2515,0.745526838966203,0,0,210,614,44,1476,26,1125,31,26
"1333","2020-04-09",115,16,150,354,2515,0.745526838966203,0,0,210,614,31,1507,19,1144,21,19
"1334","2020-04-10",109,16,148,354,2515,0.745526838966203,0,0,210,614,37,1544,23,1167,30,23
"1335","2020-04-11",104,16,157,355,2515,0.745526838966203,0,0,210,614,47,1591,26,1193,31,26
"1336","2020-04-12",102,16,172,349,2515,0.745526838966203,0,0,210,614,38,1629,29,1222,23,29
"1337","2020-04-13",101,16,201,354,2515,0.745526838966203,0,0,210,614,40,1669,17,1239,28,17
"1338","2020-04-14",96,16,205,344,2515,0.745526838966203,0,0,210,614,58,1727,15,1254,41,15
"1339","2020-04-15",94,16,185,347,2515,0.745526838966203,0,0,210,614,42,1769,19,1273,24,19
"1340","2020-04-16",96,16,177,336,2515,0.745526838966203,0,0,210,614,30,1799,45,1318,22,45
"1341","2020-04-17",96,16,153,334,2515,0.745526838966203,0,0,210,614,35,1834,53,1371,21,53
"1342","2020-04-18",97,16,145,338,2515,0.745526838966203,0,0,210,614,32,1866,27,1398,22,27
"1343","2020-04-19",103,16,144,330,2515,0.745526838966203,0,0,210,614,33,1899,55,1453,21,55
"1344","2020-04-20",97,16,125,334,2515,0.745526838966203,0,0,210,614,32,1931,56,1509,19,56
"1345","2020-04-21",96,16,120,327,2515,0.745526838966203,0,0,210,614,23,1954,64,1573,15,64
"1346","2020-04-22",104,16,105,324,2515,0.745526838966203,0,0,210,614,32,1986,59,1632,18,59
"1347","2020-04-23",97,16,118,319,2515,0.745526838966203,0,0,210,614,28,2014,41,1673,17,41
"1348","2020-04-24",96,16,127,317,2515,0.745526838966203,0,0,210,614,23,2037,33,1706,13,33
"1349","2020-04-25",94,16,130,309,2515,0.745526838966203,0,0,210,614,20,2057,30,1736,15,30
"1350","2020-04-26",83,16,129,317,2515,0.745526838966203,0,0,210,614,15,2072,18,1754,8,18
"1351","2020-04-27",85,16,113,326,2515,0.745526838966203,0,0,210,614,31,2103,29,1783,19,29
"1352","2020-04-28",84,16,101,320,2515,0.745526838966203,0,0,210,614,19,2122,23,1806,11,23
"1353","2020-04-29",79,16,96,319,2515,0.745526838966203,0,0,210,614,13,2135,24,1830,9,24
"1354","2020-04-30",86,16,94,338,2515,0.745526838966203,0,0,210,614,21,2156,33,1863,12,33
"1355","2020-05-01",82,16,107,341,2515,0.745526838966203,0,0,210,614,17,2173,28,1891,8,28
"1356","2020-05-02",82,16,115,343,2515,0.745526838966203,0,0,210,614,15,2188,32,1923,6,32
"1357","2020-05-03",86,16,105,351,2515,0.745526838966203,0,0,210,614,14,2202,22,1945,8,22
"1358","2020-05-04",91,16,100,359,2515,0.745526838966203,0,0,210,614,17,2219,23,1968,7,23
"1359","2020-05-05",101,16,92,357,2515,0.745526838966203,0,0,210,614,18,2237,24,1992,12,24
"1360","2020-05-06",103,16,92,359,2515,0.745526838966203,0,0,210,614,9,2246,22,2014,3,22
"1361","2020-05-07",102,16,94,361,2515,0.745526838966203,0,0,210,614,15,2261,35,2049,7,35
"1362","2020-05-08",112,16,94,358,2515,0.745526838966203,0,0,210,614,18,2279,20,2069,7,20
"1363","2020-05-09",111,16,91,366,2515,0.745526838966203,0,0,210,614,18,2297,24,2093,12,24
"1364","2020-05-10",105,16,96,349,2515,0.745526838966203,0,0,210,614,20,2317,15,2108,9,15
"1365","2020-05-11",100,16,89,340,2515,0.745526838966203,0,0,210,614,11,2328,25,2133,6,25
"1366","2020-05-12",90,16,86,346,2515,0.745526838966203,0,0,210,614,13,2341,20,2153,7,20
"1367","2020-05-13",84,16,79,329,2515,0.745526838966203,0,0,210,614,16,2357,30,2183,9,30
"1368","2020-05-14",86,16,71,317,2515,0.745526838966203,0,0,210,614,13,2370,13,2196,6,13
"1369","2020-05-15",82,16,62,316,2515,0.745526838966203,0,0,210,614,15,2385,14,2210,6,14
"1370","2020-05-16",87,16,59,300,2515,0.745526838966203,0,0,210,614,12,2397,21,2231,5,21
"1371","2020-05-17",92,16,59,294,2515,0.745526838966203,0,0,210,614,16,2413,20,2251,9,20
"1372","2020-05-18",103,16,62,263,2515,0.745526838966203,0,0,210,614,16,2429,19,2270,11,19
"1373","2020-05-19",101,16,57,250,2515,0.745526838966203,0,0,210,614,17,2446,13,2283,9,13
"1374","2020-05-20",100,16,58,233,2515,0.745526838966203,0,0,210,614,19,2465,7,2290,9,7
"1375","2020-05-21",89,16,50,227,2515,0.745526838966203,0,0,210,614,25,2490,15,2305,13,15
"1376","2020-05-22",86,16,47,227,2515,0.745526838966203,0,0,210,614,12,2502,6,2311,7,6
"1377","2020-05-23",81,16,47,234,2515,0.745526838966203,0,0,210,614,10,2512,11,2322,6,11
"1378","2020-05-24",74,16,48,236,2515,0.745526838966203,0,0,210,614,24,2536,14,2336,12,14
"1379","2020-05-25",60,16,52,231,2515,0.745526838966203,0,0,210,614,14,2550,16,2352,7,16
"1380","2020-05-26",58,16,54,244,2515,0.745526838966203,0,0,210,614,12,2562,9,2361,4,9
"1381","2020-05-27",58,16,56,241,2515,0.745526838966203,0,0,210,614,17,2579,13,2374,8,13
"1382","2020-05-28",60,16,60,236,2515,0.745526838966203,0,0,210,614,7,2586,7,2381,1,7
"1383","2020-05-29",55,16,54,241,2515,0.745526838966203,0,0,210,614,9,2595,8,2389,7,8
"1384","2020-05-30",52,16,50,234,2515,0.745526838966203,0,0,210,614,28,2623,5,2394,14,5
"1385","2020-05-31",65,16,48,244,2515,0.745526838966203,0,0,210,614,13,2636,15,2409,5,15
"1386","2020-06-01",63,16,53,246,2515,0.745526838966203,0,0,210,614,14,2650,9,2418,7,9
"1387","2020-06-02",65,16,57,243,2515,0.745526838966203,0,0,210,614,20,2670,8,2426,8,8
"1388","2020-06-03",63,16,55,245,2515,0.745526838966203,0,0,210,614,18,2688,NA,NA,11,NA
"1389","2020-06-04",64,16,53,253,2515,0.745526838966203,0,0,210,614,12,2700,6,2432,8,6
"1390","2020-06-05",71,16,56,252,2515,0.745526838966203,0,0,210,614,20,2720,2,2434,8,2
"1391","2020-06-06",78,16,56,250,2515,0.745526838966203,0,0,210,614,25,2745,4,2438,17,4
"1392","2020-06-07",66,16,55,243,2515,0.745526838966203,0,0,210,614,13,2758,5,2443,6,5
"1393","2020-03-13",3,17,229,101,2202,0.422797456857402,0,0,188,445,29,71,20,132,23,20
"1394","2020-03-14",4,17,210,138,2202,0.422797456857402,0,0,188,445,53,124,70,202,43,70
"1395","2020-03-15",5,17,215,171,2202,0.422797456857402,0,0,188,445,69,193,69,271,62,69
"1396","2020-03-16",13,17,232,210,2202,0.422797456857402,0,0,188,445,87,280,42,313,82,42
"1397","2020-03-17",17,17,259,244,2202,0.422797456857402,0,0,188,445,123,403,27,340,113,27
"1398","2020-03-18",26,17,267,268,2202,0.422797456857402,0,0,188,445,141,544,21,361,137,21
"1399","2020-03-19",40,17,271,300,2202,0.422797456857402,0,0,188,445,191,735,18,379,185,18
"1400","2020-03-20",50,17,269,327,2202,0.422797456857402,0,0,188,445,191,926,10,389,185,10
"1401","2020-03-21",59,17,240,347,2202,0.422797456857402,0,0,188,445,236,1162,17,406,232,17
"1402","2020-03-22",70,17,221,360,2202,0.422797456857402,0,0,188,445,295,1457,7,413,290,7
"1403","2020-03-23",73,17,200,369,2202,0.422797456857402,0,0,188,445,288,1745,25,438,286,25
"1404","2020-03-24",91,17,163,377,2202,0.422797456857402,0,0,188,445,422,2167,31,469,417,31
"1405","2020-03-25",92,17,152,353,2202,0.422797456857402,0,0,188,445,348,2515,29,498,346,29
"1406","2020-03-26",88,17,151,352,2202,0.422797456857402,0,0,188,445,396,2911,50,548,394,50
"1407","2020-03-27",89,17,175,365,2202,0.422797456857402,0,0,188,445,414,3325,75,623,410,75
"1408","2020-03-28",89,17,228,352,2202,0.422797456857402,0,0,188,445,402,3727,39,662,400,39
"1409","2020-03-29",91,17,205,362,2202,0.422797456857402,0,0,188,445,444,4171,13,675,442,13
"1410","2020-03-30",98,17,196,355,2202,0.422797456857402,0,0,188,445,377,4548,19,694,374,19
"1411","2020-03-31",95,17,188,377,2202,0.422797456857402,0,0,188,445,403,4951,21,715,401,21
"1412","2020-04-01",104,17,168,370,2202,0.422797456857402,0,0,188,445,327,5278,20,735,323,20
"1413","2020-04-02",105,17,177,368,2202,0.422797456857402,0,0,188,445,276,5554,16,751,275,16
"1414","2020-04-03",109,17,218,374,2202,0.422797456857402,0,0,188,445,261,5815,41,792,258,41
"1415","2020-04-04",109,17,233,358,2202,0.422797456857402,0,0,188,445,205,6020,60,852,205,60
"1416","2020-04-05",111,17,224,350,2202,0.422797456857402,0,0,188,445,185,6205,23,875,184,23
"1417","2020-04-06",100,17,209,342,2202,0.422797456857402,0,0,188,445,150,6355,14,889,150,14
"1418","2020-04-07",93,17,221,324,2202,0.422797456857402,0,0,188,445,145,6500,6,895,145,6
"1419","2020-04-08",92,17,212,328,2202,0.422797456857402,0,0,188,445,121,6621,18,913,121,18
"1420","2020-04-09",90,17,202,312,2202,0.422797456857402,0,0,188,445,111,6732,26,939,110,26
"1421","2020-04-10",83,17,217,302,2202,0.422797456857402,0,0,188,445,76,6808,26,965,76,26
"1422","2020-04-11",84,17,231,305,2202,0.422797456857402,0,0,188,445,56,6864,18,983,56,18
"1423","2020-04-12",86,17,236,305,2202,0.422797456857402,0,0,188,445,46,6910,34,1017,44,34
"1424","2020-04-13",92,17,216,293,2202,0.422797456857402,0,0,188,445,55,6965,22,1039,54,22
"1425","2020-04-14",95,17,181,291,2202,0.422797456857402,0,0,188,445,28,6993,18,1057,28,18
"1426","2020-04-15",97,17,156,281,2202,0.422797456857402,0,0,188,445,29,7022,10,1067,29,10
"1427","2020-04-16",103,17,140,273,2202,0.422797456857402,0,0,188,445,34,7056,10,1077,34,10
"1428","2020-04-17",107,17,127,282,2202,0.422797456857402,0,0,188,445,21,7077,18,1095,21,18
"1429","2020-04-18",105,17,126,272,2202,0.422797456857402,0,0,188,445,15,7092,9,1104,14,9
"1430","2020-04-19",101,17,132,281,2202,0.422797456857402,0,0,188,445,21,7113,23,1127,21,23
"1431","2020-04-20",99,17,114,285,2202,0.422797456857402,0,0,188,445,9,7122,9,1136,9,9
"1432","2020-04-21",94,17,106,273,2202,0.422797456857402,0,0,188,445,7,7129,17,1153,7,17
"1433","2020-04-22",77,17,88,270,2202,0.422797456857402,0,0,188,445,6,7135,10,1163,6,10
"1434","2020-04-23",83,17,87,263,2202,0.422797456857402,0,0,188,445,7,7142,6,1169,6,6
"1435","2020-04-24",76,17,99,255,2202,0.422797456857402,0,0,188,445,4,7146,9,1178,4,9
"1436","2020-04-25",77,17,107,244,2202,0.422797456857402,0,0,188,445,5,7151,9,1187,5,9
"1437","2020-04-26",76,17,115,250,2202,0.422797456857402,0,0,188,445,1,7152,17,1204,1,17
"1438","2020-04-27",73,17,92,245,2202,0.422797456857402,0,0,188,445,3,7155,15,1219,3,15
"1439","2020-04-28",73,17,91,251,2202,0.422797456857402,0,0,188,445,4,7159,17,1236,3,17
"1440","2020-04-29",78,17,84,234,2202,0.422797456857402,0,0,188,445,NA,NA,9,1245,NA,9
"1441","2020-04-30",62,17,77,232,2202,0.422797456857402,0,0,188,445,2,7161,8,1253,2,8
"1442","2020-05-01",68,17,80,230,2202,0.422797456857402,0,0,188,445,2,7163,4,1257,2,4
"1443","2020-05-02",72,17,68,232,2202,0.422797456857402,0,0,188,445,2,7165,1,1258,2,1
"1444","2020-05-03",67,17,63,232,2202,0.422797456857402,0,0,188,445,NA,NA,2,1260,NA,2
"1445","2020-05-04",70,17,73,228,2202,0.422797456857402,0,0,188,445,NA,NA,2,1262,NA,2
"1446","2020-05-05",66,17,79,232,2202,0.422797456857402,0,0,188,445,2,7167,10,1272,1,10
"1447","2020-05-06",69,17,73,231,2202,0.422797456857402,0,0,188,445,1,7168,15,1287,1,15
"1448","2020-05-07",74,17,79,240,2202,0.422797456857402,0,0,188,445,1,7169,5,1292,NA,5
"1449","2020-05-08",68,17,67,239,2202,0.422797456857402,0,0,188,445,1,7170,4,1296,1,4
"1450","2020-05-09",68,17,72,238,2202,0.422797456857402,0,0,188,445,2,7172,7,1303,NA,7
"1451","2020-05-10",71,17,74,242,2202,0.422797456857402,0,0,188,445,1,7173,8,1311,1,8
"1452","2020-05-11",71,17,63,236,2202,0.422797456857402,0,0,188,445,1,7174,2,1313,1,2
"1453","2020-05-12",80,17,54,219,2202,0.422797456857402,0,0,188,445,NA,NA,1,1314,NA,1
"1454","2020-05-13",81,17,59,215,2202,0.422797456857402,0,0,188,445,NA,NA,NA,NA,NA,NA
"1455","2020-05-14",75,17,54,218,2202,0.422797456857402,0,0,188,445,NA,NA,4,1318,NA,4
"1456","2020-05-15",74,17,52,201,2202,0.422797456857402,0,0,188,445,1,7175,4,1322,1,4
"1457","2020-05-16",66,17,47,200,2202,0.422797456857402,0,0,188,445,NA,NA,5,1327,NA,5
"1458","2020-05-17",62,17,44,202,2202,0.422797456857402,0,0,188,445,NA,NA,1,1328,NA,1
"1459","2020-05-18",60,17,41,200,2202,0.422797456857402,0,0,188,445,NA,NA,4,1332,NA,4
"1460","2020-05-19",53,17,49,192,2202,0.422797456857402,0,0,188,445,NA,NA,2,1334,NA,2
"1461","2020-05-20",50,17,44,191,2202,0.422797456857402,0,0,188,445,NA,NA,1,1335,NA,1
"1462","2020-05-21",58,17,43,188,2202,0.422797456857402,0,0,188,445,NA,NA,NA,NA,NA,NA
"1463","2020-05-22",57,17,43,193,2202,0.422797456857402,0,0,188,445,NA,NA,NA,NA,NA,NA
"1464","2020-05-23",52,17,38,190,2202,0.422797456857402,0,0,188,445,NA,NA,NA,NA,NA,NA
"1465","2020-05-24",51,17,37,186,2202,0.422797456857402,0,0,188,445,1,7176,1,1336,NA,1
"1466","2020-05-25",46,17,39,177,2202,0.422797456857402,0,0,188,445,NA,NA,1,1337,NA,1
"1467","2020-05-26",48,17,35,181,2202,0.422797456857402,0,0,188,445,1,7177,NA,NA,NA,NA
"1468","2020-05-27",45,17,28,187,2202,0.422797456857402,0,0,188,445,1,7178,NA,NA,NA,NA
"1469","2020-05-28",38,17,24,184,2202,0.422797456857402,0,0,188,445,NA,NA,NA,NA,NA,NA
"1470","2020-05-29",34,17,26,186,2202,0.422797456857402,0,0,188,445,NA,NA,1,1338,NA,1
"1471","2020-05-30",40,17,27,189,2202,0.422797456857402,0,0,188,445,1,7179,NA,NA,1,NA
"1472","2020-05-31",39,17,28,179,2202,0.422797456857402,0,0,188,445,NA,NA,NA,NA,NA,NA
"1473","2020-06-01",42,17,34,188,2202,0.422797456857402,0,0,188,445,NA,NA,NA,NA,NA,NA
"1474","2020-06-02",37,17,29,198,2202,0.422797456857402,0,0,188,445,NA,NA,1,1339,NA,1
"1475","2020-06-03",40,17,27,185,2202,0.422797456857402,0,0,188,445,NA,NA,NA,NA,NA,NA
"1476","2020-06-04",50,17,26,194,2202,0.422797456857402,0,0,188,445,NA,NA,1,1340,NA,1
"1477","2020-06-05",55,17,31,199,2202,0.422797456857402,0,0,188,445,NA,NA,1,1341,NA,1
"1478","2020-06-06",54,17,30,198,2202,0.422797456857402,0,0,188,445,NA,NA,1,1342,NA,1
"1479","2020-06-07",59,17,33,202,2202,0.422797456857402,0,0,188,445,1,7180,NA,NA,NA,NA
"1480","2020-03-15",9,18,190,133,2831,0.771105616389968,0,0,253,628,15,95,44,158,4,44
"1481","2020-03-16",14,18,195,162,2831,0.771105616389968,0,0,253,628,11,106,28,186,5,28
"1482","2020-03-17",18,18,254,189,2831,0.771105616389968,0,0,253,628,13,119,19,205,6,19
"1483","2020-03-18",27,18,237,210,2831,0.771105616389968,0,0,253,628,17,136,12,217,6,12
"1484","2020-03-19",32,18,244,245,2831,0.771105616389968,0,0,253,628,20,156,23,240,5,23
"1485","2020-03-20",51,18,231,259,2831,0.771105616389968,0,0,253,628,16,172,16,256,8,16
"1486","2020-03-21",63,18,214,280,2831,0.771105616389968,0,0,253,628,14,186,7,263,7,7
"1487","2020-03-22",65,18,205,295,2831,0.771105616389968,0,0,253,628,28,214,5,268,13,5
"1488","2020-03-23",69,18,179,312,2831,0.771105616389968,0,0,253,628,17,231,10,278,8,10
"1489","2020-03-24",73,18,161,329,2831,0.771105616389968,0,0,253,628,29,260,10,288,17,10
"1490","2020-03-25",78,18,137,330,2831,0.771105616389968,0,0,253,628,9,269,10,298,5,10
"1491","2020-03-26",88,18,125,338,2831,0.771105616389968,0,0,253,628,11,280,3,301,4,3
"1492","2020-03-27",90,18,123,339,2831,0.771105616389968,0,0,253,628,17,297,6,307,11,6
"1493","2020-03-28",94,18,153,359,2831,0.771105616389968,0,0,253,628,26,323,16,323,19,16
"1494","2020-03-29",104,18,179,366,2831,0.771105616389968,0,0,253,628,28,351,37,360,20,37
"1495","2020-03-30",109,18,230,376,2831,0.771105616389968,0,0,253,628,21,372,20,380,13,20
"1496","2020-03-31",122,18,268,381,2831,0.771105616389968,0,0,253,628,15,387,47,427,10,47
"1497","2020-04-01",119,18,261,368,2831,0.771105616389968,0,0,253,628,24,411,42,469,19,42
"1498","2020-04-02",111,18,235,371,2831,0.771105616389968,0,0,253,628,22,433,46,515,15,46
"1499","2020-04-03",104,18,213,371,2831,0.771105616389968,0,0,253,628,22,455,51,566,15,51
"1500","2020-04-04",105,18,186,377,2831,0.771105616389968,0,0,253,628,14,469,44,610,8,44
"1501","2020-04-05",98,18,166,374,2831,0.771105616389968,0,0,253,628,21,490,28,638,12,28
"1502","2020-04-06",99,18,170,377,2831,0.771105616389968,0,0,253,628,13,503,45,683,8,45
"1503","2020-04-07",85,18,169,365,2831,0.771105616389968,0,0,253,628,14,517,46,729,10,46
"1504","2020-04-08",89,18,155,354,2831,0.771105616389968,0,0,253,628,11,528,25,754,8,25
"1505","2020-04-09",99,18,147,347,2831,0.771105616389968,0,0,253,628,17,545,32,786,12,32
"1506","2020-04-10",95,18,155,335,2831,0.771105616389968,0,0,253,628,15,560,15,801,12,15
"1507","2020-04-11",90,18,153,337,2831,0.771105616389968,0,0,253,628,12,572,28,829,9,28
"1508","2020-04-12",91,18,149,337,2831,0.771105616389968,0,0,253,628,18,590,17,846,14,17
"1509","2020-04-13",87,18,133,326,2831,0.771105616389968,0,0,253,628,20,610,15,861,17,15
"1510","2020-04-14",88,18,118,327,2831,0.771105616389968,0,0,253,628,16,626,9,870,14,9
"1511","2020-04-15",85,18,110,328,2831,0.771105616389968,0,0,253,628,20,646,29,899,16,29
"1512","2020-04-16",86,18,149,332,2831,0.771105616389968,0,0,253,628,10,656,31,930,9,31
"1513","2020-04-17",91,18,165,320,2831,0.771105616389968,0,0,253,628,14,670,26,956,11,26
"1514","2020-04-18",92,18,149,318,2831,0.771105616389968,0,0,253,628,8,678,11,967,7,11
"1515","2020-04-19",92,18,141,302,2831,0.771105616389968,0,0,253,628,12,690,24,991,8,24
"1516","2020-04-20",92,18,121,310,2831,0.771105616389968,0,0,253,628,17,707,16,1007,10,16
"1517","2020-04-21",93,18,104,305,2831,0.771105616389968,0,0,253,628,11,718,20,1027,10,20
"1518","2020-04-22",90,18,93,289,2831,0.771105616389968,0,0,253,628,9,727,15,1042,7,15
"1519","2020-04-23",85,18,96,283,2831,0.771105616389968,0,0,253,628,6,733,3,1045,5,3
"1520","2020-04-24",82,18,96,278,2831,0.771105616389968,0,0,253,628,11,744,3,1048,10,3
"1521","2020-04-25",78,18,87,264,2831,0.771105616389968,0,0,253,628,11,755,13,1061,9,13
"1522","2020-04-26",69,18,80,267,2831,0.771105616389968,0,0,253,628,12,767,15,1076,10,15
"1523","2020-04-27",69,18,72,281,2831,0.771105616389968,0,0,253,628,23,790,4,1080,18,4
"1524","2020-04-28",77,18,66,285,2831,0.771105616389968,0,0,253,628,18,808,5,1085,13,5
"1525","2020-04-29",76,18,64,286,2831,0.771105616389968,0,0,253,628,13,821,8,1093,9,8
"1526","2020-04-30",75,18,56,300,2831,0.771105616389968,0,0,253,628,16,837,8,1101,13,8
"1527","2020-05-01",74,18,57,300,2831,0.771105616389968,0,0,253,628,11,848,14,1115,8,14
"1528","2020-05-02",78,18,49,322,2831,0.771105616389968,0,0,253,628,13,861,3,1118,9,3
"1529","2020-05-03",87,18,46,319,2831,0.771105616389968,0,0,253,628,19,880,10,1128,13,10
"1530","2020-05-04",85,18,46,323,2831,0.771105616389968,0,0,253,628,15,895,8,1136,13,8
"1531","2020-05-05",80,18,47,329,2831,0.771105616389968,0,0,253,628,11,906,5,1141,11,5
"1532","2020-05-06",83,18,67,332,2831,0.771105616389968,0,0,253,628,14,920,6,1147,13,6
"1533","2020-05-07",85,18,67,344,2831,0.771105616389968,0,0,253,628,26,946,4,1151,23,4
"1534","2020-05-08",85,18,63,374,2831,0.771105616389968,0,0,253,628,14,960,1,1152,12,1
"1535","2020-05-09",85,18,67,378,2831,0.771105616389968,0,0,253,628,27,987,7,1159,24,7
"1536","2020-05-10",84,18,56,375,2831,0.771105616389968,0,0,253,628,27,1014,4,1163,25,4
"1537","2020-05-11",90,18,53,357,2831,0.771105616389968,0,0,253,628,23,1037,1,1164,23,1
"1538","2020-05-12",92,18,45,372,2831,0.771105616389968,0,0,253,628,28,1065,NA,NA,26,NA
"1539","2020-05-13",95,18,43,374,2831,0.771105616389968,0,0,253,628,21,1086,3,1167,17,3
"1540","2020-05-14",103,18,40,383,2831,0.771105616389968,0,0,253,628,31,1117,3,1170,27,3
"1541","2020-05-15",111,18,39,382,2831,0.771105616389968,0,0,253,628,37,1154,3,1173,35,3
"1542","2020-05-16",117,18,35,377,2831,0.771105616389968,0,0,253,628,21,1175,4,1177,18,4
"1543","2020-05-17",116,18,25,377,2831,0.771105616389968,0,0,253,628,25,1200,2,1179,20,2
"1544","2020-05-18",111,18,22,376,2831,0.771105616389968,0,0,253,628,27,1227,NA,NA,25,NA
"1545","2020-05-19",118,18,18,372,2831,0.771105616389968,0,0,253,628,35,1262,6,1185,32,6
"1546","2020-05-20",119,18,17,364,2831,0.771105616389968,0,0,253,628,32,1294,1,1186,30,1
"1547","2020-05-21",116,18,19,369,2831,0.771105616389968,0,0,253,628,38,1332,1,1187,37,1
"1548","2020-05-22",107,18,16,366,2831,0.771105616389968,0,0,253,628,36,1368,2,1189,34,2
"1549","2020-05-23",104,18,14,366,2831,0.771105616389968,0,0,253,628,32,1400,NA,NA,30,NA
"1550","2020-05-24",111,18,14,359,2831,0.771105616389968,0,0,253,628,42,1442,4,1193,39,4
"1551","2020-05-25",111,18,13,360,2831,0.771105616389968,0,0,253,628,42,1484,1,1194,39,1
"1552","2020-05-26",105,18,10,350,2831,0.771105616389968,0,0,253,628,53,1537,4,1198,47,4
"1553","2020-05-27",113,18,9,356,2831,0.771105616389968,0,0,253,628,52,1589,1,1199,48,1
"1554","2020-05-28",108,18,9,352,2831,0.771105616389968,0,0,253,628,46,1635,4,1203,42,4
"1555","2020-05-29",108,18,7,355,2831,0.771105616389968,0,0,253,628,43,1678,3,1206,41,3
"1556","2020-05-30",106,18,7,341,2831,0.771105616389968,0,0,253,628,45,1723,5,1211,42,5
"1557","2020-05-31",102,18,7,327,2831,0.771105616389968,0,0,253,628,60,1783,4,1215,57,4
"1558","2020-06-01",109,18,8,336,2831,0.771105616389968,0,0,253,628,45,1828,12,1227,41,12
"1559","2020-06-02",114,18,12,345,2831,0.771105616389968,0,0,253,628,69,1897,4,1231,68,4
"1560","2020-06-03",107,18,11,349,2831,0.771105616389968,0,0,253,628,59,1956,9,1240,57,9
"1561","2020-06-04",102,18,8,349,2831,0.771105616389968,0,0,253,628,59,2015,4,1244,57,4
"1562","2020-06-05",109,18,9,339,2831,0.771105616389968,0,0,253,628,55,2070,6,1250,53,6
"1563","2020-06-06",112,18,9,337,2831,0.771105616389968,0,0,253,628,44,2114,6,1256,43,6
"1564","2020-06-07",107,18,10,352,2831,0.771105616389968,0,0,253,628,52,2166,4,1260,48,4
"1565","2020-03-14",3,19,194,146,1960,0.351020408163265,0,0,155,425,48,165,9,76,11,9
"1566","2020-03-15",13,19,239,189,1960,0.351020408163265,0,0,155,425,51,216,18,94,10,18
"1567","2020-03-16",22,19,271,226,1960,0.351020408163265,0,0,155,425,46,262,59,153,13,59
"1568","2020-03-17",32,19,252,257,1960,0.351020408163265,0,0,155,425,65,327,38,191,22,38
"1569","2020-03-18",46,19,226,287,1960,0.351020408163265,0,0,155,425,52,379,76,267,18,76
"1570","2020-03-19",52,19,213,311,1960,0.351020408163265,0,0,155,425,56,435,64,331,23,64
"1571","2020-03-20",66,19,212,342,1960,0.351020408163265,0,0,155,425,41,476,44,375,16,44
"1572","2020-03-21",76,19,207,364,1960,0.351020408163265,0,0,155,425,42,518,34,409,16,34
"1573","2020-03-22",81,19,221,387,1960,0.351020408163265,0,0,155,425,36,554,42,451,14,42
"1574","2020-03-23",86,19,201,402,1960,0.351020408163265,0,0,155,425,46,600,21,472,16,21
"1575","2020-03-24",86,19,164,409,1960,0.351020408163265,0,0,155,425,53,653,14,486,26,14
"1576","2020-03-25",90,19,143,389,1960,0.351020408163265,0,0,155,425,43,696,30,516,18,30
"1577","2020-03-26",111,19,136,388,1960,0.351020408163265,0,0,155,425,40,736,46,562,17,46
"1578","2020-03-27",108,19,128,374,1960,0.351020408163265,0,0,155,425,45,781,49,611,17,49
"1579","2020-03-28",109,19,122,380,1960,0.351020408163265,0,0,155,425,42,823,49,660,17,49
"1580","2020-03-29",111,19,140,387,1960,0.351020408163265,0,0,155,425,41,864,32,692,24,32
"1581","2020-03-30",120,19,159,391,1960,0.351020408163265,0,0,155,425,41,905,69,761,21,69
"1582","2020-03-31",125,19,159,382,1960,0.351020408163265,0,0,155,425,39,944,40,801,21,40
"1583","2020-04-01",118,19,194,380,1960,0.351020408163265,0,0,155,425,39,983,17,818,24,17
"1584","2020-04-02",101,19,204,373,1960,0.351020408163265,0,0,155,425,35,1018,10,828,19,10
"1585","2020-04-03",112,19,206,360,1960,0.351020408163265,0,0,155,425,46,1064,18,846,25,18
"1586","2020-04-04",107,19,178,364,1960,0.351020408163265,0,0,155,425,44,1108,22,868,22,22
"1587","2020-04-05",105,19,206,338,1960,0.351020408163265,0,0,155,425,37,1145,53,921,17,53
"1588","2020-04-06",94,19,199,330,1960,0.351020408163265,0,0,155,425,47,1192,27,948,26,27
"1589","2020-04-07",85,19,193,326,1960,0.351020408163265,0,0,155,425,46,1238,48,996,29,48
"1590","2020-04-08",93,19,197,313,1960,0.351020408163265,0,0,155,425,45,1283,33,1029,26,33
"1591","2020-04-09",99,19,225,303,1960,0.351020408163265,0,0,155,425,38,1321,51,1080,19,51
"1592","2020-04-10",87,19,224,283,1960,0.351020408163265,0,0,155,425,17,1338,48,1128,8,48
"1593","2020-04-11",92,19,206,269,1960,0.351020408163265,0,0,155,425,23,1361,32,1160,9,32
"1594","2020-04-12",88,19,199,265,1960,0.351020408163265,0,0,155,425,27,1388,42,1202,20,42
"1595","2020-04-13",82,19,176,257,1960,0.351020408163265,0,0,155,425,20,1408,13,1215,12,13
"1596","2020-04-14",81,19,142,242,1960,0.351020408163265,0,0,155,425,30,1438,12,1227,19,12
"1597","2020-04-15",68,19,135,243,1960,0.351020408163265,0,0,155,425,25,1463,9,1236,9,9
"1598","2020-04-16",64,19,116,231,1960,0.351020408163265,0,0,155,425,27,1490,6,1242,15,6
"1599","2020-04-17",65,19,113,227,1960,0.351020408163265,0,0,155,425,33,1523,11,1253,19,11
"1600","2020-04-18",56,19,105,219,1960,0.351020408163265,0,0,155,425,29,1552,22,1275,16,22
"1601","2020-04-19",52,19,119,224,1960,0.351020408163265,0,0,155,425,30,1582,29,1304,21,29
"1602","2020-04-20",60,19,111,216,1960,0.351020408163265,0,0,155,425,24,1606,16,1320,21,16
"1603","2020-04-21",66,19,102,212,1960,0.351020408163265,0,0,155,425,23,1629,17,1337,16,17
"1604","2020-04-22",66,19,102,215,1960,0.351020408163265,0,0,155,425,27,1656,14,1351,19,14
"1605","2020-04-23",60,19,95,216,1960,0.351020408163265,0,0,155,425,29,1685,21,1372,22,21
"1606","2020-04-24",60,19,78,209,1960,0.351020408163265,0,0,155,425,15,1700,23,1395,9,23
"1607","2020-04-25",64,19,83,204,1960,0.351020408163265,0,0,155,425,35,1735,28,1423,21,28
"1608","2020-04-26",63,19,79,195,1960,0.351020408163265,0,0,155,425,31,1766,27,1450,25,27
"1609","2020-04-27",57,19,68,187,1960,0.351020408163265,0,0,155,425,30,1796,13,1463,21,13
"1610","2020-04-28",52,19,54,189,1960,0.351020408163265,0,0,155,425,19,1815,24,1487,15,24
"1611","2020-04-29",57,19,44,180,1960,0.351020408163265,0,0,155,425,23,1838,6,1493,13,6
"1612","2020-04-30",57,19,41,175,1960,0.351020408163265,0,0,155,425,15,1853,4,1497,10,4
"1613","2020-05-01",52,19,47,172,1960,0.351020408163265,0,0,155,425,28,1881,11,1508,18,11
"1614","2020-05-02",56,19,52,161,1960,0.351020408163265,0,0,155,425,12,1893,13,1521,8,13
"1615","2020-05-03",61,19,45,168,1960,0.351020408163265,0,0,155,425,21,1914,3,1524,11,3
"1616","2020-05-04",56,19,40,170,1960,0.351020408163265,0,0,155,425,26,1940,12,1536,17,12
"1617","2020-05-05",56,19,36,167,1960,0.351020408163265,0,0,155,425,25,1965,2,1538,16,2
"1618","2020-05-06",54,19,37,162,1960,0.351020408163265,0,0,155,425,21,1986,4,1542,10,4
"1619","2020-05-07",53,19,43,171,1960,0.351020408163265,0,0,155,425,16,2002,4,1546,10,4
"1620","2020-05-08",53,19,43,169,1960,0.351020408163265,0,0,155,425,25,2027,7,1553,16,7
"1621","2020-05-09",45,19,39,169,1960,0.351020408163265,0,0,155,425,17,2044,1,1554,9,1
"1622","2020-05-10",44,19,37,173,1960,0.351020408163265,0,0,155,425,22,2066,5,1559,14,5
"1623","2020-05-11",53,19,37,181,1960,0.351020408163265,0,0,155,425,15,2081,5,1564,11,5
"1624","2020-05-12",52,19,33,177,1960,0.351020408163265,0,0,155,425,18,2099,9,1573,13,9
"1625","2020-05-13",47,19,32,173,1960,0.351020408163265,0,0,155,425,20,2119,6,1579,11,6
"1626","2020-05-14",49,19,34,173,1960,0.351020408163265,0,0,155,425,31,2150,4,1583,22,4
"1627","2020-05-15",51,19,26,172,1960,0.351020408163265,0,0,155,425,27,2177,2,1585,22,2
"1628","2020-05-16",55,19,27,171,1960,0.351020408163265,0,0,155,425,29,2206,5,1590,23,5
"1629","2020-05-17",50,19,35,169,1960,0.351020408163265,0,0,155,425,27,2233,NA,NA,21,NA
"1630","2020-05-18",47,19,39,173,1960,0.351020408163265,0,0,155,425,23,2256,1,1591,16,1
"1631","2020-05-19",51,19,36,176,1960,0.351020408163265,0,0,155,425,28,2284,1,1592,22,1
"1632","2020-05-20",52,19,33,168,1960,0.351020408163265,0,0,155,425,24,2308,1,1593,18,1
"1633","2020-05-21",54,19,34,173,1960,0.351020408163265,0,0,155,425,25,2333,NA,NA,23,NA
"1634","2020-05-22",51,19,25,172,1960,0.351020408163265,0,0,155,425,25,2358,1,1594,23,1
"1635","2020-05-23",48,19,23,162,1960,0.351020408163265,0,0,155,425,38,2396,2,1596,28,2
"1636","2020-05-24",51,19,23,161,1960,0.351020408163265,0,0,155,425,32,2428,6,1602,23,6
"1637","2020-05-25",44,19,21,153,1960,0.351020408163265,0,0,155,425,27,2455,3,1605,22,3
"1638","2020-05-26",39,19,21,147,1960,0.351020408163265,0,0,155,425,29,2484,4,1609,20,4
"1639","2020-05-27",39,19,15,153,1960,0.351020408163265,0,0,155,425,42,2526,7,1616,34,7
"1640","2020-05-28",32,19,16,156,1960,0.351020408163265,0,0,155,425,28,2554,4,1620,23,4
"1641","2020-05-29",32,19,15,154,1960,0.351020408163265,0,0,155,425,39,2593,10,1630,32,10
"1642","2020-05-30",32,19,21,151,1960,0.351020408163265,0,0,155,425,30,2623,2,1632,25,2
"1643","2020-05-31",28,19,25,145,1960,0.351020408163265,0,0,155,425,32,2655,NA,NA,23,NA
"1644","2020-06-01",33,19,25,148,1960,0.351020408163265,0,0,155,425,44,2699,1,1633,31,1
"1645","2020-06-02",34,19,20,154,1960,0.351020408163265,0,0,155,425,24,2723,1,1634,19,1
"1646","2020-06-03",34,19,19,151,1960,0.351020408163265,0,0,155,425,30,2753,3,1637,25,3
"1647","2020-06-04",42,19,16,148,1960,0.351020408163265,0,0,155,425,24,2777,NA,NA,17,NA
"1648","2020-06-05",45,19,15,142,1960,0.351020408163265,0,0,155,425,28,2805,NA,NA,22,NA
"1649","2020-06-06",48,19,14,141,1960,0.351020408163265,0,0,155,425,41,2846,2,1639,36,2
"1650","2020-06-07",57,19,14,155,1960,0.351020408163265,0,0,155,425,31,2877,4,1643,23,4
"1651","2020-03-15",6,20,204,126,4333,0.940226171243942,0,0,357,704,13,83,28,186,2,28
"1652","2020-03-16",9,20,190,157,4333,0.940226171243942,0,0,357,704,12,95,38,224,5,38
"1653","2020-03-17",16,20,188,185,4333,0.940226171243942,0,0,357,704,18,113,54,278,6,54
"1654","2020-03-18",26,20,178,218,4333,0.940226171243942,0,0,357,704,14,127,67,345,4,67
"1655","2020-03-19",30,20,182,261,4333,0.940226171243942,0,0,357,704,23,150,42,387,11,42
"1656","2020-03-20",39,20,226,296,4333,0.940226171243942,0,0,357,704,16,166,59,446,9,59
"1657","2020-03-21",54,20,208,331,4333,0.940226171243942,0,0,357,704,24,190,53,499,17,53
"1658","2020-03-22",54,20,196,378,4333,0.940226171243942,0,0,357,704,28,218,49,548,15,49
"1659","2020-03-23",65,20,165,424,4333,0.940226171243942,0,0,357,704,17,235,43,591,10,43
"1660","2020-03-24",72,20,150,478,4333,0.940226171243942,0,0,357,704,16,251,45,636,6,45
"1661","2020-03-25",81,20,127,506,4333,0.940226171243942,0,0,357,704,20,271,39,675,13,39
"1662","2020-03-26",100,20,110,530,4333,0.940226171243942,0,0,357,704,17,288,27,702,12,27
"1663","2020-03-27",116,20,105,574,4333,0.940226171243942,0,0,357,704,21,309,34,736,14,34
"1664","2020-03-28",126,20,86,610,4333,0.940226171243942,0,0,357,704,11,320,39,775,7,39
"1665","2020-03-29",147,20,73,630,4333,0.940226171243942,0,0,357,704,16,336,44,819,5,44
"1666","2020-03-30",157,20,71,665,4333,0.940226171243942,0,0,357,704,27,363,33,852,11,33
"1667","2020-03-31",168,20,78,708,4333,0.940226171243942,0,0,357,704,16,379,28,880,9,28
"1668","2020-04-01",177,20,75,746,4333,0.940226171243942,0,0,357,704,14,393,43,923,7,43
"1669","2020-04-02",181,20,72,769,4333,0.940226171243942,0,0,357,704,17,410,41,964,11,41
"1670","2020-04-03",193,20,73,778,4333,0.940226171243942,0,0,357,704,12,422,33,997,8,33
"1671","2020-04-04",190,20,67,817,4333,0.940226171243942,0,0,357,704,15,437,35,1032,10,35
"1672","2020-04-05",188,20,82,840,4333,0.940226171243942,0,0,357,704,17,454,29,1061,10,29
"1673","2020-04-06",205,20,134,876,4333,0.940226171243942,0,0,357,704,11,465,28,1089,7,28
"1674","2020-04-07",214,20,147,897,4333,0.940226171243942,0,0,357,704,13,478,29,1118,5,29
"1675","2020-04-08",225,20,186,926,4333,0.940226171243942,0,0,357,704,12,490,27,1145,6,27
"1676","2020-04-09",236,20,158,956,4333,0.940226171243942,0,0,357,704,12,502,27,1172,5,27
"1677","2020-04-10",235,20,154,976,4333,0.940226171243942,0,0,357,704,14,516,42,1214,9,42
"1678","2020-04-11",248,20,137,968,4333,0.940226171243942,0,0,357,704,12,528,39,1253,4,39
"1679","2020-04-12",256,20,142,1006,4333,0.940226171243942,0,0,357,704,9,537,36,1289,7,36
"1680","2020-04-13",269,20,162,980,4333,0.940226171243942,0,0,357,704,7,544,23,1312,4,23
"1681","2020-04-14",271,20,192,983,4333,0.940226171243942,0,0,357,704,13,557,15,1327,9,15
"1682","2020-04-15",272,20,190,966,4333,0.940226171243942,0,0,357,704,13,570,24,1351,9,24
"1683","2020-04-16",275,20,182,943,4333,0.940226171243942,0,0,357,704,18,588,18,1369,9,18
"1684","2020-04-17",273,20,161,956,4333,0.940226171243942,0,0,357,704,10,598,17,1386,8,17
"1685","2020-04-18",273,20,161,953,4333,0.940226171243942,0,0,357,704,21,619,21,1407,12,21
"1686","2020-04-19",277,20,161,949,4333,0.940226171243942,0,0,357,704,17,636,18,1425,17,18
"1687","2020-04-20",265,20,171,926,4333,0.940226171243942,0,0,357,704,20,656,11,1436,14,11
"1688","2020-04-21",269,20,146,908,4333,0.940226171243942,0,0,357,704,22,678,23,1459,17,23
"1689","2020-04-22",260,20,119,904,4333,0.940226171243942,0,0,357,704,24,702,19,1478,19,19
"1690","2020-04-23",260,20,96,886,4333,0.940226171243942,0,0,357,704,26,728,19,1497,18,19
"1691","2020-04-24",269,20,83,854,4333,0.940226171243942,0,0,357,704,20,748,22,1519,17,22
"1692","2020-04-25",274,20,69,805,4333,0.940226171243942,0,0,357,704,18,766,16,1535,14,16
"1693","2020-04-26",270,20,58,771,4333,0.940226171243942,0,0,357,704,21,787,24,1559,16,24
"1694","2020-04-27",263,20,52,753,4333,0.940226171243942,0,0,357,704,17,804,21,1580,14,21
"1695","2020-04-28",260,20,55,742,4333,0.940226171243942,0,0,357,704,25,829,19,1599,22,19
"1696","2020-04-29",259,20,49,711,4333,0.940226171243942,0,0,357,704,26,855,24,1623,18,24
"1697","2020-04-30",254,20,55,689,4333,0.940226171243942,0,0,357,704,18,873,22,1645,14,22
"1698","2020-05-01",230,20,58,654,4333,0.940226171243942,0,0,357,704,13,886,20,1665,10,20
"1699","2020-05-02",222,20,57,627,4333,0.940226171243942,0,0,357,704,14,900,28,1693,13,28
"1700","2020-05-03",213,20,60,613,4333,0.940226171243942,0,0,357,704,25,925,15,1708,17,15
"1701","2020-05-04",199,20,58,596,4333,0.940226171243942,0,0,357,704,16,941,25,1733,13,25
"1702","2020-05-05",184,20,47,557,4333,0.940226171243942,0,0,357,704,14,955,26,1759,9,26
"1703","2020-05-06",177,20,44,544,4333,0.940226171243942,0,0,357,704,15,970,21,1780,12,21
"1704","2020-05-07",165,20,32,512,4333,0.940226171243942,0,0,357,704,11,981,34,1814,8,34
"1705","2020-05-08",163,20,28,486,4333,0.940226171243942,0,0,357,704,21,1002,13,1827,19,13
"1706","2020-05-09",149,20,26,478,4333,0.940226171243942,0,0,357,704,15,1017,26,1853,14,26
"1707","2020-05-10",143,20,21,448,4333,0.940226171243942,0,0,357,704,13,1030,21,1874,10,21
"1708","2020-05-11",149,20,21,436,4333,0.940226171243942,0,0,357,704,15,1045,21,1895,13,21
"1709","2020-05-12",149,20,25,417,4333,0.940226171243942,0,0,357,704,20,1065,20,1915,19,20
"1710","2020-05-13",139,20,27,392,4333,0.940226171243942,0,0,357,704,9,1074,15,1930,7,15
"1711","2020-05-14",132,20,29,374,4333,0.940226171243942,0,0,357,704,16,1090,14,1944,14,14
"1712","2020-05-15",133,20,26,342,4333,0.940226171243942,0,0,357,704,10,1100,9,1953,8,9
"1713","2020-05-16",127,20,24,336,4333,0.940226171243942,0,0,357,704,17,1117,12,1965,10,12
"1714","2020-05-17",130,20,18,312,4333,0.940226171243942,0,0,357,704,16,1133,17,1982,11,17
"1715","2020-05-18",120,20,17,294,4333,0.940226171243942,0,0,357,704,12,1145,15,1997,9,15
"1716","2020-05-19",114,20,13,284,4333,0.940226171243942,0,0,357,704,13,1158,11,2008,12,11
"1717","2020-05-20",113,20,9,268,4333,0.940226171243942,0,0,357,704,12,1170,13,2021,10,13
"1718","2020-05-21",109,20,7,256,4333,0.940226171243942,0,0,357,704,22,1192,14,2035,21,14
"1719","2020-05-22",95,20,6,252,4333,0.940226171243942,0,0,357,704,20,1212,12,2047,16,12
"1720","2020-05-23",100,20,5,246,4333,0.940226171243942,0,0,357,704,14,1226,13,2060,9,13
"1721","2020-05-24",91,20,7,228,4333,0.940226171243942,0,0,357,704,17,1243,10,2070,10,10
"1722","2020-05-25",84,20,4,216,4333,0.940226171243942,0,0,357,704,22,1265,11,2081,18,11
"1723","2020-05-26",77,20,5,202,4333,0.940226171243942,0,0,357,704,17,1282,13,2094,13,13
"1724","2020-05-27",72,20,9,196,4333,0.940226171243942,0,0,357,704,19,1301,6,2100,13,6
"1725","2020-05-28",65,20,11,186,4333,0.940226171243942,0,0,357,704,18,1319,8,2108,12,8
"1726","2020-05-29",67,20,11,173,4333,0.940226171243942,0,0,357,704,28,1347,5,2113,24,5
"1727","2020-05-30",59,20,9,163,4333,0.940226171243942,0,0,357,704,27,1374,4,2117,24,4
"1728","2020-05-31",50,20,11,164,4333,0.940226171243942,0,0,357,704,23,1397,7,2124,20,7
"1729","2020-06-01",45,20,8,164,4333,0.940226171243942,0,0,357,704,24,1421,7,2131,20,7
"1730","2020-06-02",43,20,6,155,4333,0.940226171243942,0,0,357,704,23,1444,7,2138,20,7
"1731","2020-06-03",43,20,7,150,4333,0.940226171243942,0,0,357,704,22,1466,9,2147,21,9
"1732","2020-06-04",43,20,4,146,4333,0.940226171243942,0,0,357,704,17,1483,4,2151,14,4
"1733","2020-06-05",45,20,4,136,4333,0.940226171243942,0,0,357,704,16,1499,3,2154,14,3
"1734","2020-06-06",42,20,4,129,4333,0.940226171243942,0,0,357,704,37,1536,6,2160,36,6
"1735","2020-06-07",44,20,3,129,4333,0.940226171243942,0,0,357,704,21,1557,7,2167,20,7
