"","Date","Absents","Paramset","Infections_or_Exposed_per_day_Patient","Infections_or_Exposed_per_day_HCW","total_infections","nosocomial_proportion","PCR_pooled","LFD_pooled","HCW_symp_test","patient_symp_test","new_hcw_infs","cumulative_hcw_infs","new_pat_infs","cumulative_pats_infs","new_nosocomial_hcw_infs","new_nosocomial_pat_infs"
"1","2020-03-14",2,1,18,36,2284,0.53415061295972,8340,20472,119,237,9,36,5,11,3,5
"2","2020-03-15",2,1,26,50,2284,0.53415061295972,8340,20472,119,237,14,50,10,21,3,10
"3","2020-03-16",4,1,20,66,2284,0.53415061295972,8340,20472,119,237,16,66,3,24,6,3
"4","2020-03-17",7,1,21,86,2284,0.53415061295972,8340,20472,119,237,20,86,6,30,3,6
"5","2020-03-18",9,1,28,96,2284,0.53415061295972,8340,20472,119,237,11,97,10,40,6,10
"6","2020-03-19",14,1,29,107,2284,0.53415061295972,8340,20472,119,237,14,111,6,46,10,6
"7","2020-03-20",23,1,22,122,2284,0.53415061295972,8340,20472,119,237,18,129,2,48,9,2
"8","2020-03-21",30,1,19,131,2284,0.53415061295972,8340,20472,119,237,12,141,4,52,3,4
"9","2020-03-22",40,1,20,153,2284,0.53415061295972,8340,20472,119,237,25,166,5,57,13,5
"10","2020-03-23",39,1,31,173,2284,0.53415061295972,8340,20472,119,237,25,191,9,66,15,9
"11","2020-03-24",44,1,33,189,2284,0.53415061295972,8340,20472,119,237,25,216,10,76,11,10
"12","2020-03-25",50,1,38,204,2284,0.53415061295972,8340,20472,119,237,29,245,7,83,14,7
"13","2020-03-26",53,1,41,208,2284,0.53415061295972,8340,20472,119,237,21,266,10,93,14,10
"14","2020-03-27",60,1,48,234,2284,0.53415061295972,8340,20472,119,237,38,304,11,104,20,11
"15","2020-03-28",73,1,47,242,2284,0.53415061295972,8340,20472,119,237,21,325,7,111,8,7
"16","2020-03-29",70,1,49,256,2284,0.53415061295972,8340,20472,119,237,29,354,9,120,15,9
"17","2020-03-30",73,1,36,252,2284,0.53415061295972,8340,20472,119,237,19,373,3,123,10,3
"18","2020-03-31",80,1,41,259,2284,0.53415061295972,8340,20472,119,237,30,403,7,130,19,7
"19","2020-04-01",80,1,38,286,2284,0.53415061295972,8340,20472,119,237,41,444,5,135,29,5
"20","2020-04-02",83,1,33,301,2284,0.53415061295972,8340,20472,119,237,31,475,4,139,15,4
"21","2020-04-03",92,1,39,311,2284,0.53415061295972,8340,20472,119,237,33,508,9,148,10,9
"22","2020-04-04",106,1,49,307,2284,0.53415061295972,8340,20472,119,237,25,533,14,162,16,14
"23","2020-04-05",102,1,45,310,2284,0.53415061295972,8340,20472,119,237,27,560,6,168,17,6
"24","2020-04-06",101,1,38,306,2284,0.53415061295972,8340,20472,119,237,24,584,9,177,9,9
"25","2020-04-07",98,1,41,314,2284,0.53415061295972,8340,20472,119,237,30,614,5,182,15,5
"26","2020-04-08",97,1,42,320,2284,0.53415061295972,8340,20472,119,237,36,650,5,187,22,5
"27","2020-04-09",102,1,41,324,2284,0.53415061295972,8340,20472,119,237,28,678,6,193,12,6
"28","2020-04-10",105,1,39,336,2284,0.53415061295972,8340,20472,119,237,39,717,7,200,22,7
"29","2020-04-11",97,1,43,354,2284,0.53415061295972,8340,20472,119,237,46,763,7,207,20,7
"30","2020-04-12",110,1,36,356,2284,0.53415061295972,8340,20472,119,237,32,795,5,212,19,5
"31","2020-04-13",109,1,29,363,2284,0.53415061295972,8340,20472,119,237,37,832,1,213,22,1
"32","2020-04-14",102,1,37,365,2284,0.53415061295972,8340,20472,119,237,30,862,9,222,14,9
"33","2020-04-15",109,1,34,356,2284,0.53415061295972,8340,20472,119,237,34,896,8,230,19,8
"34","2020-04-16",106,1,44,352,2284,0.53415061295972,8340,20472,119,237,27,923,17,247,13,17
"35","2020-04-17",111,1,46,355,2284,0.53415061295972,8340,20472,119,237,32,955,9,256,18,9
"36","2020-04-18",102,1,44,346,2284,0.53415061295972,8340,20472,119,237,28,983,6,262,19,6
"37","2020-04-19",96,1,54,352,2284,0.53415061295972,8340,20472,119,237,35,1018,11,273,21,11
"38","2020-04-20",96,1,56,363,2284,0.53415061295972,8340,20472,119,237,40,1058,10,283,26,10
"39","2020-04-21",92,1,60,359,2284,0.53415061295972,8340,20472,119,237,33,1091,10,293,20,10
"40","2020-04-22",100,1,59,369,2284,0.53415061295972,8340,20472,119,237,37,1128,14,307,26,14
"41","2020-04-23",102,1,63,378,2284,0.53415061295972,8340,20472,119,237,44,1172,16,323,28,16
"42","2020-04-24",108,1,73,374,2284,0.53415061295972,8340,20472,119,237,36,1208,20,343,17,20
"43","2020-04-25",127,1,77,372,2284,0.53415061295972,8340,20472,119,237,32,1240,16,359,17,16
"44","2020-04-26",133,1,77,386,2284,0.53415061295972,8340,20472,119,237,46,1286,14,373,27,14
"45","2020-04-27",127,1,75,402,2284,0.53415061295972,8340,20472,119,237,51,1337,10,383,31,10
"46","2020-04-28",139,1,63,399,2284,0.53415061295972,8340,20472,119,237,38,1375,4,387,23,4
"47","2020-04-29",130,1,73,414,2284,0.53415061295972,8340,20472,119,237,40,1415,18,405,22,18
"48","2020-04-30",134,1,74,418,2284,0.53415061295972,8340,20472,119,237,31,1446,20,425,21,20
"49","2020-05-01",156,1,73,421,2284,0.53415061295972,8340,20472,119,237,25,1471,10,435,13,10
"50","2020-05-02",158,1,66,423,2284,0.53415061295972,8340,20472,119,237,37,1508,8,443,20,8
"51","2020-05-03",168,1,63,414,2284,0.53415061295972,8340,20472,119,237,29,1537,11,454,17,11
"52","2020-05-04",170,1,49,390,2284,0.53415061295972,8340,20472,119,237,20,1557,3,457,11,3
"53","2020-05-05",160,1,39,371,2284,0.53415061295972,8340,20472,119,237,32,1589,2,459,16,2
"54","2020-05-06",163,1,35,361,2284,0.53415061295972,8340,20472,119,237,30,1619,8,467,19,8
"55","2020-05-07",161,1,31,358,2284,0.53415061295972,8340,20472,119,237,29,1648,NA,NA,14,NA
"56","2020-05-08",155,1,25,346,2284,0.53415061295972,8340,20472,119,237,28,1676,1,468,16,1
"57","2020-05-09",152,1,18,321,2284,0.53415061295972,8340,20472,119,237,29,1705,NA,NA,16,NA
"58","2020-05-10",119,1,16,321,2284,0.53415061295972,8340,20472,119,237,26,1731,3,471,11,3
"59","2020-05-11",111,1,18,320,2284,0.53415061295972,8340,20472,119,237,28,1759,2,473,22,2
"60","2020-05-12",106,1,25,310,2284,0.53415061295972,8340,20472,119,237,28,1787,9,482,16,9
"61","2020-05-13",102,1,31,310,2284,0.53415061295972,8340,20472,119,237,28,1815,7,489,12,7
"62","2020-05-14",94,1,33,297,2284,0.53415061295972,8340,20472,119,237,20,1835,10,499,14,10
"63","2020-05-15",90,1,39,282,2284,0.53415061295972,8340,20472,119,237,23,1858,10,509,13,10
"64","2020-05-16",91,1,42,274,2284,0.53415061295972,8340,20472,119,237,24,1882,7,516,18,7
"65","2020-05-17",90,1,53,262,2284,0.53415061295972,8340,20472,119,237,14,1896,18,534,11,18
"66","2020-05-18",85,1,49,261,2284,0.53415061295972,8340,20472,119,237,23,1919,5,539,10,5
"67","2020-05-19",85,1,46,258,2284,0.53415061295972,8340,20472,119,237,23,1942,6,545,11,6
"68","2020-05-20",93,1,42,260,2284,0.53415061295972,8340,20472,119,237,20,1962,7,552,9,7
"69","2020-05-21",94,1,44,256,2284,0.53415061295972,8340,20472,119,237,25,1987,7,559,12,7
"70","2020-05-22",95,1,48,260,2284,0.53415061295972,8340,20472,119,237,28,2015,11,570,16,11
"71","2020-05-23",98,1,40,246,2284,0.53415061295972,8340,20472,119,237,13,2028,4,574,8,4
"72","2020-05-24",102,1,37,230,2284,0.53415061295972,8340,20472,119,237,12,2040,5,579,6,5
"73","2020-05-25",95,1,35,217,2284,0.53415061295972,8340,20472,119,237,15,2055,4,583,8,4
"74","2020-05-26",91,1,42,222,2284,0.53415061295972,8340,20472,119,237,18,2073,10,593,7,10
"75","2020-05-27",81,1,47,223,2284,0.53415061295972,8340,20472,119,237,18,2091,11,604,10,11
"76","2020-05-28",82,1,51,206,2284,0.53415061295972,8340,20472,119,237,12,2103,8,612,9,8
"77","2020-05-29",90,1,48,205,2284,0.53415061295972,8340,20472,119,237,15,2118,5,617,7,5
"78","2020-05-30",86,1,37,194,2284,0.53415061295972,8340,20472,119,237,14,2132,3,620,8,3
"79","2020-05-31",72,1,32,189,2284,0.53415061295972,8340,20472,119,237,14,2146,NA,NA,5,NA
"80","2020-06-01",73,1,24,189,2284,0.53415061295972,8340,20472,119,237,14,2160,1,621,10,1
"81","2020-06-02",67,1,20,179,2284,0.53415061295972,8340,20472,119,237,10,2170,1,622,5,1
"82","2020-06-03",62,1,21,168,2284,0.53415061295972,8340,20472,119,237,15,2185,4,626,11,4
"83","2020-06-04",56,1,23,169,2284,0.53415061295972,8340,20472,119,237,14,2199,6,632,12,6
"84","2020-06-05",52,1,32,157,2284,0.53415061295972,8340,20472,119,237,8,2207,10,642,3,10
"85","2020-06-06",46,1,33,152,2284,0.53415061295972,8340,20472,119,237,15,2222,8,650,7,8
"86","2020-06-07",51,1,38,148,2284,0.53415061295972,8340,20472,119,237,12,2234,10,660,9,10
"87","2020-03-13",1,2,18,27,4086,0.880323054331865,8370,28340,262,212,8,27,4,9,2,4
"88","2020-03-14",6,2,22,36,4086,0.880323054331865,8370,28340,262,212,9,36,4,13,3,4
"89","2020-03-15",7,2,25,47,4086,0.880323054331865,8370,28340,262,212,17,53,3,16,2,3
"90","2020-03-16",7,2,19,61,4086,0.880323054331865,8370,28340,262,212,14,67,9,25,6,9
"91","2020-03-17",9,2,22,73,4086,0.880323054331865,8370,28340,262,212,17,84,3,28,7,3
"92","2020-03-18",12,2,20,86,4086,0.880323054331865,8370,28340,262,212,18,102,5,33,5,5
"93","2020-03-19",13,2,24,99,4086,0.880323054331865,8370,28340,262,212,17,119,6,39,8,6
"94","2020-03-20",21,2,30,115,4086,0.880323054331865,8370,28340,262,212,15,134,5,44,9,5
"95","2020-03-21",27,2,38,129,4086,0.880323054331865,8370,28340,262,212,22,156,8,52,8,8
"96","2020-03-22",30,2,37,144,4086,0.880323054331865,8370,28340,262,212,18,174,4,56,9,4
"97","2020-03-23",28,2,27,158,4086,0.880323054331865,8370,28340,262,212,23,197,5,61,12,5
"98","2020-03-24",32,2,33,174,4086,0.880323054331865,8370,28340,262,212,26,223,5,66,17,5
"99","2020-03-25",35,2,33,183,4086,0.880323054331865,8370,28340,262,212,28,251,8,74,19,8
"100","2020-03-26",36,2,34,202,4086,0.880323054331865,8370,28340,262,212,27,278,8,82,11,8
"101","2020-03-27",40,2,39,219,4086,0.880323054331865,8370,28340,262,212,26,304,9,91,16,9
"102","2020-03-28",57,2,38,252,4086,0.880323054331865,8370,28340,262,212,15,319,8,99,7,8
"103","2020-03-29",63,2,43,261,4086,0.880323054331865,8370,28340,262,212,31,350,8,107,22,8
"104","2020-03-30",65,2,32,286,4086,0.880323054331865,8370,28340,262,212,24,374,10,117,14,10
"105","2020-03-31",63,2,32,307,4086,0.880323054331865,8370,28340,262,212,25,399,19,136,14,19
"106","2020-04-01",69,2,32,331,4086,0.880323054331865,8370,28340,262,212,32,431,9,145,23,9
"107","2020-04-02",78,2,30,355,4086,0.880323054331865,8370,28340,262,212,28,459,8,153,17,8
"108","2020-04-03",98,2,31,371,4086,0.880323054331865,8370,28340,262,212,23,482,12,165,12,12
"109","2020-04-04",93,2,36,404,4086,0.880323054331865,8370,28340,262,212,24,506,18,183,14,18
"110","2020-04-05",108,2,45,413,4086,0.880323054331865,8370,28340,262,212,34,540,15,198,24,15
"111","2020-04-06",109,2,40,439,4086,0.880323054331865,8370,28340,262,212,32,572,11,209,23,11
"112","2020-04-07",115,2,40,458,4086,0.880323054331865,8370,28340,262,212,29,601,11,220,17,11
"113","2020-04-08",120,2,37,499,4086,0.880323054331865,8370,28340,262,212,28,629,11,231,18,11
"114","2020-04-09",119,2,37,516,4086,0.880323054331865,8370,28340,262,212,42,671,6,237,31,6
"115","2020-04-10",142,2,42,552,4086,0.880323054331865,8370,28340,262,212,31,702,6,243,19,6
"116","2020-04-11",152,2,44,596,4086,0.880323054331865,8370,28340,262,212,41,743,8,251,23,8
"117","2020-04-12",160,2,62,602,4086,0.880323054331865,8370,28340,262,212,38,781,8,259,32,8
"118","2020-04-13",173,2,53,662,4086,0.880323054331865,8370,28340,262,212,46,827,11,270,31,11
"119","2020-04-14",173,2,53,677,4086,0.880323054331865,8370,28340,262,212,40,867,7,277,25,7
"120","2020-04-15",181,2,58,726,4086,0.880323054331865,8370,28340,262,212,26,893,16,293,19,16
"121","2020-04-16",204,2,58,757,4086,0.880323054331865,8370,28340,262,212,29,922,11,304,19,11
"122","2020-04-17",235,2,59,763,4086,0.880323054331865,8370,28340,262,212,39,961,12,316,24,12
"123","2020-04-18",236,2,48,807,4086,0.880323054331865,8370,28340,262,212,51,1012,14,330,27,14
"124","2020-04-19",257,2,50,826,4086,0.880323054331865,8370,28340,262,212,37,1049,16,346,22,16
"125","2020-04-20",269,2,40,844,4086,0.880323054331865,8370,28340,262,212,37,1086,21,367,24,21
"126","2020-04-21",266,2,40,881,4086,0.880323054331865,8370,28340,262,212,38,1124,9,376,27,9
"127","2020-04-22",276,2,33,900,4086,0.880323054331865,8370,28340,262,212,38,1162,22,398,25,22
"128","2020-04-23",271,2,45,873,4086,0.880323054331865,8370,28340,262,212,42,1204,18,416,34,18
"129","2020-04-24",299,2,48,896,4086,0.880323054331865,8370,28340,262,212,40,1244,10,426,29,10
"130","2020-04-25",346,2,50,907,4086,0.880323054331865,8370,28340,262,212,46,1290,11,437,32,11
"131","2020-04-26",303,2,67,887,4086,0.880323054331865,8370,28340,262,212,50,1340,15,452,39,15
"132","2020-04-27",290,2,69,896,4086,0.880323054331865,8370,28340,262,212,38,1378,4,456,20,4
"133","2020-04-28",293,2,74,886,4086,0.880323054331865,8370,28340,262,212,36,1414,4,460,30,4
"134","2020-04-29",290,2,72,847,4086,0.880323054331865,8370,28340,262,212,46,1460,5,465,31,5
"135","2020-04-30",291,2,65,838,4086,0.880323054331865,8370,28340,262,212,31,1491,9,474,20,9
"136","2020-05-01",287,2,69,835,4086,0.880323054331865,8370,28340,262,212,32,1523,6,480,25,6
"137","2020-05-02",246,2,57,799,4086,0.880323054331865,8370,28340,262,212,42,1565,12,492,30,12
"138","2020-05-03",252,2,63,771,4086,0.880323054331865,8370,28340,262,212,32,1597,13,505,24,13
"139","2020-05-04",243,2,69,767,4086,0.880323054331865,8370,28340,262,212,47,1644,6,511,34,6
"140","2020-05-05",242,2,69,749,4086,0.880323054331865,8370,28340,262,212,37,1681,8,519,27,8
"141","2020-05-06",239,2,73,739,4086,0.880323054331865,8370,28340,262,212,32,1713,12,531,22,12
"142","2020-05-07",230,2,74,714,4086,0.880323054331865,8370,28340,262,212,33,1746,7,538,21,7
"143","2020-05-08",243,2,80,704,4086,0.880323054331865,8370,28340,262,212,28,1774,14,552,17,14
"144","2020-05-09",251,2,80,688,4086,0.880323054331865,8370,28340,262,212,34,1808,9,561,26,9
"145","2020-05-10",241,2,83,672,4086,0.880323054331865,8370,28340,262,212,48,1856,16,577,42,16
"146","2020-05-11",235,2,83,651,4086,0.880323054331865,8370,28340,262,212,31,1887,10,587,24,10
"147","2020-05-12",219,2,78,624,4086,0.880323054331865,8370,28340,262,212,32,1919,17,604,23,17
"148","2020-05-13",209,2,74,612,4086,0.880323054331865,8370,28340,262,212,35,1954,10,614,24,10
"149","2020-05-14",220,2,78,596,4086,0.880323054331865,8370,28340,262,212,34,1988,9,623,28,9
"150","2020-05-15",217,2,79,589,4086,0.880323054331865,8370,28340,262,212,26,2014,4,627,15,4
"151","2020-05-16",229,2,85,574,4086,0.880323054331865,8370,28340,262,212,30,2044,8,635,19,8
"152","2020-05-17",202,2,83,555,4086,0.880323054331865,8370,28340,262,212,17,2061,7,642,11,7
"153","2020-05-18",195,2,69,505,4086,0.880323054331865,8370,28340,262,212,28,2089,5,647,20,5
"154","2020-05-19",187,2,59,498,4086,0.880323054331865,8370,28340,262,212,23,2112,7,654,18,7
"155","2020-05-20",190,2,65,488,4086,0.880323054331865,8370,28340,262,212,19,2131,6,660,14,6
"156","2020-05-21",178,2,54,461,4086,0.880323054331865,8370,28340,262,212,24,2155,7,667,14,7
"157","2020-05-22",183,2,54,461,4086,0.880323054331865,8370,28340,262,212,21,2176,8,675,18,8
"158","2020-05-23",172,2,60,445,4086,0.880323054331865,8370,28340,262,212,22,2198,8,683,16,8
"159","2020-05-24",150,2,52,433,4086,0.880323054331865,8370,28340,262,212,19,2217,10,693,14,10
"160","2020-05-25",148,2,41,416,4086,0.880323054331865,8370,28340,262,212,22,2239,8,701,17,8
"161","2020-05-26",143,2,43,394,4086,0.880323054331865,8370,28340,262,212,15,2254,10,711,9,10
"162","2020-05-27",138,2,43,368,4086,0.880323054331865,8370,28340,262,212,21,2275,9,720,14,9
"163","2020-05-28",134,2,48,353,4086,0.880323054331865,8370,28340,262,212,15,2290,10,730,9,10
"164","2020-05-29",134,2,55,338,4086,0.880323054331865,8370,28340,262,212,13,2303,9,739,7,9
"165","2020-05-30",128,2,58,323,4086,0.880323054331865,8370,28340,262,212,13,2316,3,742,9,3
"166","2020-05-31",125,2,60,307,4086,0.880323054331865,8370,28340,262,212,16,2332,5,747,8,5
"167","2020-06-01",126,2,63,295,4086,0.880323054331865,8370,28340,262,212,12,2344,10,757,9,10
"168","2020-06-02",121,2,65,274,4086,0.880323054331865,8370,28340,262,212,10,2354,10,767,7,10
"169","2020-06-03",110,2,51,270,4086,0.880323054331865,8370,28340,262,212,14,2368,6,773,13,6
"170","2020-06-04",102,2,50,256,4086,0.880323054331865,8370,28340,262,212,7,2375,4,777,3,4
"171","2020-06-05",92,2,49,243,4086,0.880323054331865,8370,28340,262,212,14,2389,7,784,7,7
"172","2020-06-06",97,2,49,232,4086,0.880323054331865,8370,28340,262,212,16,2405,4,788,10,4
"173","2020-06-07",86,2,44,219,4086,0.880323054331865,8370,28340,262,212,5,2410,7,795,4,7
"174","2020-03-08",1,3,0,0,3575,0.735384615384615,8415,27151,207,542,NA,NA,NA,NA,NA,NA
"175","2020-03-09",1,3,0,0,3575,0.735384615384615,8415,27151,207,542,NA,NA,NA,NA,NA,NA
"176","2020-03-10",0,3,0,0,3575,0.735384615384615,8415,27151,207,542,NA,NA,NA,NA,NA,NA
"177","2020-03-11",0,3,0,0,3575,0.735384615384615,8415,27151,207,542,2,2,1,1,NA,1
"178","2020-03-12",0,3,0,0,3575,0.735384615384615,8415,27151,207,542,2,4,3,4,1,3
"179","2020-03-13",1,3,34,29,3575,0.735384615384615,8415,27151,207,542,5,9,2,6,2,2
"180","2020-03-14",2,3,34,42,3575,0.735384615384615,8415,27151,207,542,7,16,3,9,4,3
"181","2020-03-15",2,3,33,51,3575,0.735384615384615,8415,27151,207,542,6,22,10,19,3,10
"182","2020-03-16",4,3,43,60,3575,0.735384615384615,8415,27151,207,542,13,35,4,23,9,4
"183","2020-03-17",6,3,48,77,3575,0.735384615384615,8415,27151,207,542,8,43,6,29,6,6
"184","2020-03-18",8,3,53,92,3575,0.735384615384615,8415,27151,207,542,12,55,4,33,7,4
"185","2020-03-19",12,3,45,111,3575,0.735384615384615,8415,27151,207,542,18,73,11,44,17,11
"186","2020-03-20",21,3,51,133,3575,0.735384615384615,8415,27151,207,542,19,92,10,54,15,10
"187","2020-03-21",27,3,66,142,3575,0.735384615384615,8415,27151,207,542,17,109,11,65,12,11
"188","2020-03-22",27,3,81,161,3575,0.735384615384615,8415,27151,207,542,25,134,7,72,18,7
"189","2020-03-23",28,3,78,185,3575,0.735384615384615,8415,27151,207,542,38,172,11,83,34,11
"190","2020-03-24",33,3,84,209,3575,0.735384615384615,8415,27151,207,542,28,200,9,92,24,9
"191","2020-03-25",39,3,99,233,3575,0.735384615384615,8415,27151,207,542,35,235,9,101,34,9
"192","2020-03-26",40,3,120,267,3575,0.735384615384615,8415,27151,207,542,26,261,7,108,25,7
"193","2020-03-27",57,3,109,279,3575,0.735384615384615,8415,27151,207,542,45,306,5,113,44,5
"194","2020-03-28",62,3,121,292,3575,0.735384615384615,8415,27151,207,542,40,346,1,114,38,1
"195","2020-03-29",88,3,129,302,3575,0.735384615384615,8415,27151,207,542,46,392,8,122,43,8
"196","2020-03-30",92,3,123,332,3575,0.735384615384615,8415,27151,207,542,51,443,9,131,50,9
"197","2020-03-31",85,3,123,356,3575,0.735384615384615,8415,27151,207,542,41,484,7,138,38,7
"198","2020-04-01",92,3,137,371,3575,0.735384615384615,8415,27151,207,542,54,538,10,148,51,10
"199","2020-04-02",101,3,134,393,3575,0.735384615384615,8415,27151,207,542,68,606,13,161,63,13
"200","2020-04-03",118,3,146,406,3575,0.735384615384615,8415,27151,207,542,61,667,12,173,58,12
"201","2020-04-04",141,3,157,445,3575,0.735384615384615,8415,27151,207,542,62,729,10,183,58,10
"202","2020-04-05",136,3,167,455,3575,0.735384615384615,8415,27151,207,542,78,807,12,195,77,12
"203","2020-04-06",139,3,187,480,3575,0.735384615384615,8415,27151,207,542,77,884,10,205,73,10
"204","2020-04-07",147,3,197,502,3575,0.735384615384615,8415,27151,207,542,105,989,8,213,102,8
"205","2020-04-08",149,3,195,532,3575,0.735384615384615,8415,27151,207,542,79,1068,12,225,77,12
"206","2020-04-09",153,3,196,542,3575,0.735384615384615,8415,27151,207,542,89,1157,15,240,86,15
"207","2020-04-10",156,3,211,574,3575,0.735384615384615,8415,27151,207,542,122,1279,21,261,116,21
"208","2020-04-11",156,3,201,590,3575,0.735384615384615,8415,27151,207,542,107,1386,21,282,103,21
"209","2020-04-12",175,3,195,605,3575,0.735384615384615,8415,27151,207,542,120,1506,22,304,111,22
"210","2020-04-13",190,3,203,610,3575,0.735384615384615,8415,27151,207,542,119,1625,11,315,117,11
"211","2020-04-14",184,3,201,651,3575,0.735384615384615,8415,27151,207,542,110,1735,20,335,107,20
"212","2020-04-15",189,3,188,648,3575,0.735384615384615,8415,27151,207,542,128,1863,20,355,125,20
"213","2020-04-16",194,3,175,642,3575,0.735384615384615,8415,27151,207,542,130,1993,20,375,129,20
"214","2020-04-17",247,3,163,637,3575,0.735384615384615,8415,27151,207,542,103,2096,14,389,101,14
"215","2020-04-18",267,3,163,639,3575,0.735384615384615,8415,27151,207,542,146,2242,23,412,145,23
"216","2020-04-19",227,3,148,628,3575,0.735384615384615,8415,27151,207,542,104,2346,18,430,99,18
"217","2020-04-20",202,3,154,643,3575,0.735384615384615,8415,27151,207,542,120,2466,23,453,118,23
"218","2020-04-21",220,3,175,623,3575,0.735384615384615,8415,27151,207,542,108,2574,17,470,105,17
"219","2020-04-22",216,3,182,637,3575,0.735384615384615,8415,27151,207,542,110,2684,16,486,108,16
"220","2020-04-23",218,3,188,651,3575,0.735384615384615,8415,27151,207,542,133,2817,7,493,126,7
"221","2020-04-24",223,3,176,657,3575,0.735384615384615,8415,27151,207,542,75,2892,20,513,72,20
"222","2020-04-25",200,3,207,665,3575,0.735384615384615,8415,27151,207,542,103,2995,28,541,100,28
"223","2020-04-26",222,3,214,656,3575,0.735384615384615,8415,27151,207,542,101,3096,25,566,99,25
"224","2020-04-27",234,3,203,667,3575,0.735384615384615,8415,27151,207,542,92,3188,20,586,89,20
"225","2020-04-28",214,3,202,671,3575,0.735384615384615,8415,27151,207,542,84,3272,22,608,81,22
"226","2020-04-29",228,3,200,669,3575,0.735384615384615,8415,27151,207,542,96,3368,18,626,93,18
"227","2020-04-30",222,3,204,648,3575,0.735384615384615,8415,27151,207,542,83,3451,20,646,81,20
"228","2020-05-01",223,3,204,643,3575,0.735384615384615,8415,27151,207,542,92,3543,24,670,88,24
"229","2020-05-02",252,3,218,613,3575,0.735384615384615,8415,27151,207,542,70,3613,21,691,67,21
"230","2020-05-03",217,3,211,585,3575,0.735384615384615,8415,27151,207,542,72,3685,17,708,69,17
"231","2020-05-04",198,3,206,576,3575,0.735384615384615,8415,27151,207,542,70,3755,20,728,66,20
"232","2020-05-05",194,3,196,557,3575,0.735384615384615,8415,27151,207,542,80,3835,15,743,75,15
"233","2020-05-06",185,3,192,548,3575,0.735384615384615,8415,27151,207,542,64,3899,20,763,64,20
"234","2020-05-07",179,3,180,521,3575,0.735384615384615,8415,27151,207,542,55,3954,19,782,54,19
"235","2020-05-08",188,3,194,517,3575,0.735384615384615,8415,27151,207,542,60,4014,15,797,55,15
"236","2020-05-09",176,3,206,517,3575,0.735384615384615,8415,27151,207,542,59,4073,15,812,56,15
"237","2020-05-10",181,3,216,498,3575,0.735384615384615,8415,27151,207,542,52,4125,23,835,50,23
"238","2020-05-11",182,3,222,494,3575,0.735384615384615,8415,27151,207,542,67,4192,17,852,65,17
"239","2020-05-12",187,3,200,500,3575,0.735384615384615,8415,27151,207,542,43,4235,24,876,41,24
"240","2020-05-13",176,3,202,484,3575,0.735384615384615,8415,27151,207,542,40,4275,15,891,38,15
"241","2020-05-14",186,3,195,467,3575,0.735384615384615,8415,27151,207,542,37,4312,10,901,35,10
"242","2020-05-15",183,3,195,463,3575,0.735384615384615,8415,27151,207,542,47,4359,12,913,40,12
"243","2020-05-16",189,3,216,446,3575,0.735384615384615,8415,27151,207,542,35,4394,21,934,34,21
"244","2020-05-17",163,3,211,436,3575,0.735384615384615,8415,27151,207,542,38,4432,13,947,36,13
"245","2020-05-18",154,3,199,440,3575,0.735384615384615,8415,27151,207,542,30,4462,15,962,28,15
"246","2020-05-19",140,3,182,433,3575,0.735384615384615,8415,27151,207,542,33,4495,14,976,33,14
"247","2020-05-20",152,3,193,426,3575,0.735384615384615,8415,27151,207,542,31,4526,15,991,29,15
"248","2020-05-21",141,3,181,407,3575,0.735384615384615,8415,27151,207,542,32,4558,19,1010,32,19
"249","2020-05-22",135,3,193,406,3575,0.735384615384615,8415,27151,207,542,28,4586,11,1021,27,11
"250","2020-05-23",140,3,198,396,3575,0.735384615384615,8415,27151,207,542,30,4616,15,1036,28,15
"251","2020-05-24",141,3,200,388,3575,0.735384615384615,8415,27151,207,542,23,4639,13,1049,21,13
"252","2020-05-25",133,3,208,370,3575,0.735384615384615,8415,27151,207,542,30,4669,12,1061,27,12
"253","2020-05-26",135,3,198,371,3575,0.735384615384615,8415,27151,207,542,17,4686,8,1069,16,8
"254","2020-05-27",127,3,187,362,3575,0.735384615384615,8415,27151,207,542,19,4705,8,1077,19,8
"255","2020-05-28",133,3,190,353,3575,0.735384615384615,8415,27151,207,542,26,4731,7,1084,25,7
"256","2020-05-29",123,3,189,335,3575,0.735384615384615,8415,27151,207,542,10,4741,8,1092,10,8
"257","2020-05-30",124,3,177,319,3575,0.735384615384615,8415,27151,207,542,19,4760,7,1099,18,7
"258","2020-05-31",111,3,169,301,3575,0.735384615384615,8415,27151,207,542,14,4774,7,1106,10,7
"259","2020-06-01",110,3,167,287,3575,0.735384615384615,8415,27151,207,542,7,4781,13,1119,7,13
"260","2020-06-02",107,3,169,263,3575,0.735384615384615,8415,27151,207,542,14,4795,5,1124,12,5
"261","2020-06-03",97,3,165,242,3575,0.735384615384615,8415,27151,207,542,5,4800,7,1131,4,7
"262","2020-06-04",88,3,186,235,3575,0.735384615384615,8415,27151,207,542,14,4814,8,1139,11,8
"263","2020-06-05",94,3,183,223,3575,0.735384615384615,8415,27151,207,542,11,4825,6,1145,10,6
"264","2020-06-06",85,3,191,217,3575,0.735384615384615,8415,27151,207,542,11,4836,11,1156,8,11
"265","2020-06-07",76,3,215,208,3575,0.735384615384615,8415,27151,207,542,10,4846,10,1166,10,10
"266","2020-03-07",1,4,0,0,3013,0.845004978426817,8370,23829,180,244,NA,NA,NA,NA,NA,NA
"267","2020-03-08",1,4,0,0,3013,0.845004978426817,8370,23829,180,244,NA,NA,NA,NA,NA,NA
"268","2020-03-09",0,4,0,0,3013,0.845004978426817,8370,23829,180,244,NA,NA,NA,NA,NA,NA
"269","2020-03-10",0,4,0,0,3013,0.845004978426817,8370,23829,180,244,NA,NA,NA,NA,NA,NA
"270","2020-03-11",0,4,0,0,3013,0.845004978426817,8370,23829,180,244,7,7,20,20,2,20
"271","2020-03-12",0,4,0,0,3013,0.845004978426817,8370,23829,180,244,7,14,9,29,2,9
"272","2020-03-13",1,4,17,29,3013,0.845004978426817,8370,23829,180,244,18,32,10,39,8,10
"273","2020-03-14",5,4,20,38,3013,0.845004978426817,8370,23829,180,244,26,58,6,45,12,6
"274","2020-03-15",5,4,18,47,3013,0.845004978426817,8370,23829,180,244,19,77,5,50,9,5
"275","2020-03-16",7,4,28,61,3013,0.845004978426817,8370,23829,180,244,20,97,1,51,8,1
"276","2020-03-17",7,4,29,70,3013,0.845004978426817,8370,23829,180,244,22,119,1,52,11,1
"277","2020-03-18",9,4,31,90,3013,0.845004978426817,8370,23829,180,244,27,146,2,54,17,2
"278","2020-03-19",11,4,29,100,3013,0.845004978426817,8370,23829,180,244,25,171,18,72,16,18
"279","2020-03-20",16,4,30,109,3013,0.845004978426817,8370,23829,180,244,22,193,6,78,13,6
"280","2020-03-21",21,4,25,129,3013,0.845004978426817,8370,23829,180,244,17,210,5,83,13,5
"281","2020-03-22",29,4,27,140,3013,0.845004978426817,8370,23829,180,244,27,237,15,98,15,15
"282","2020-03-23",29,4,25,155,3013,0.845004978426817,8370,23829,180,244,27,264,6,104,18,6
"283","2020-03-24",32,4,27,172,3013,0.845004978426817,8370,23829,180,244,36,300,3,107,24,3
"284","2020-03-25",38,4,20,184,3013,0.845004978426817,8370,23829,180,244,36,336,4,111,23,4
"285","2020-03-26",49,4,21,196,3013,0.845004978426817,8370,23829,180,244,30,366,NA,NA,20,NA
"286","2020-03-27",55,4,23,202,3013,0.845004978426817,8370,23829,180,244,40,406,2,113,24,2
"287","2020-03-28",68,4,26,229,3013,0.845004978426817,8370,23829,180,244,33,439,11,124,23,11
"288","2020-03-29",77,4,25,246,3013,0.845004978426817,8370,23829,180,244,25,464,8,132,19,8
"289","2020-03-30",75,4,23,264,3013,0.845004978426817,8370,23829,180,244,34,498,17,149,24,17
"290","2020-03-31",79,4,23,278,3013,0.845004978426817,8370,23829,180,244,36,534,9,158,21,9
"291","2020-04-01",81,4,23,303,3013,0.845004978426817,8370,23829,180,244,35,569,6,164,24,6
"292","2020-04-02",79,4,24,319,3013,0.845004978426817,8370,23829,180,244,34,603,16,180,20,16
"293","2020-04-03",83,4,32,336,3013,0.845004978426817,8370,23829,180,244,39,642,12,192,28,12
"294","2020-04-04",103,4,35,353,3013,0.845004978426817,8370,23829,180,244,31,673,12,204,24,12
"295","2020-04-05",108,4,25,384,3013,0.845004978426817,8370,23829,180,244,40,713,9,213,26,9
"296","2020-04-06",105,4,25,393,3013,0.845004978426817,8370,23829,180,244,36,749,6,219,30,6
"297","2020-04-07",109,4,20,399,3013,0.845004978426817,8370,23829,180,244,44,793,9,228,25,9
"298","2020-04-08",115,4,27,414,3013,0.845004978426817,8370,23829,180,244,36,829,6,234,20,6
"299","2020-04-09",120,4,27,416,3013,0.845004978426817,8370,23829,180,244,37,866,19,253,24,19
"300","2020-04-10",132,4,41,440,3013,0.845004978426817,8370,23829,180,244,44,910,17,270,29,17
"301","2020-04-11",114,4,41,445,3013,0.845004978426817,8370,23829,180,244,38,948,7,277,30,7
"302","2020-04-12",120,4,37,436,3013,0.845004978426817,8370,23829,180,244,40,988,4,281,24,4
"303","2020-04-13",126,4,40,448,3013,0.845004978426817,8370,23829,180,244,47,1035,6,287,35,6
"304","2020-04-14",136,4,40,458,3013,0.845004978426817,8370,23829,180,244,36,1071,3,290,23,3
"305","2020-04-15",135,4,37,469,3013,0.845004978426817,8370,23829,180,244,35,1106,8,298,25,8
"306","2020-04-16",141,4,45,484,3013,0.845004978426817,8370,23829,180,244,38,1144,16,314,24,16
"307","2020-04-17",147,4,40,490,3013,0.845004978426817,8370,23829,180,244,41,1185,20,334,27,20
"308","2020-04-18",153,4,36,480,3013,0.845004978426817,8370,23829,180,244,36,1221,23,357,26,23
"309","2020-04-19",147,4,39,494,3013,0.845004978426817,8370,23829,180,244,40,1261,13,370,25,13
"310","2020-04-20",147,4,54,493,3013,0.845004978426817,8370,23829,180,244,27,1288,13,383,20,13
"311","2020-04-21",133,4,60,485,3013,0.845004978426817,8370,23829,180,244,37,1325,6,389,25,6
"312","2020-04-22",148,4,56,505,3013,0.845004978426817,8370,23829,180,244,46,1371,18,407,32,18
"313","2020-04-23",150,4,67,509,3013,0.845004978426817,8370,23829,180,244,27,1398,22,429,19,22
"314","2020-04-24",158,4,78,516,3013,0.845004978426817,8370,23829,180,244,45,1443,13,442,26,13
"315","2020-04-25",176,4,73,519,3013,0.845004978426817,8370,23829,180,244,37,1480,17,459,26,17
"316","2020-04-26",195,4,79,523,3013,0.845004978426817,8370,23829,180,244,49,1529,22,481,29,22
"317","2020-04-27",197,4,92,518,3013,0.845004978426817,8370,23829,180,244,45,1574,22,503,32,22
"318","2020-04-28",189,4,91,518,3013,0.845004978426817,8370,23829,180,244,44,1618,34,537,27,34
"319","2020-04-29",175,4,84,505,3013,0.845004978426817,8370,23829,180,244,36,1654,24,561,24,24
"320","2020-04-30",168,4,83,502,3013,0.845004978426817,8370,23829,180,244,47,1701,25,586,36,25
"321","2020-05-01",182,4,73,505,3013,0.845004978426817,8370,23829,180,244,35,1736,22,608,20,22
"322","2020-05-02",191,4,80,510,3013,0.845004978426817,8370,23829,180,244,44,1780,24,632,31,24
"323","2020-05-03",162,4,66,493,3013,0.845004978426817,8370,23829,180,244,49,1829,48,680,37,48
"324","2020-05-04",146,4,53,472,3013,0.845004978426817,8370,23829,180,244,50,1879,43,723,38,43
"325","2020-05-05",150,4,44,481,3013,0.845004978426817,8370,23829,180,244,50,1929,41,764,43,41
"326","2020-05-06",149,4,35,492,3013,0.845004978426817,8370,23829,180,244,37,1966,47,811,24,47
"327","2020-05-07",151,4,31,479,3013,0.845004978426817,8370,23829,180,244,50,2016,43,854,38,43
"328","2020-05-08",168,4,26,484,3013,0.845004978426817,8370,23829,180,244,52,2068,24,878,39,24
"329","2020-05-09",162,4,21,483,3013,0.845004978426817,8370,23829,180,244,39,2107,22,900,29,22
"330","2020-05-10",169,4,12,486,3013,0.845004978426817,8370,23829,180,244,57,2164,31,931,42,31
"331","2020-05-11",168,4,11,477,3013,0.845004978426817,8370,23829,180,244,48,2212,20,951,37,20
"332","2020-05-12",163,4,10,480,3013,0.845004978426817,8370,23829,180,244,48,2260,37,988,37,37
"333","2020-05-13",169,4,25,463,3013,0.845004978426817,8370,23829,180,244,49,2309,23,1011,36,23
"334","2020-05-14",164,4,34,454,3013,0.845004978426817,8370,23829,180,244,31,2340,12,1023,27,12
"335","2020-05-15",157,4,29,435,3013,0.845004978426817,8370,23829,180,244,40,2380,12,1035,28,12
"336","2020-05-16",153,4,40,438,3013,0.845004978426817,8370,23829,180,244,46,2426,16,1051,32,16
"337","2020-05-17",145,4,48,422,3013,0.845004978426817,8370,23829,180,244,37,2463,32,1083,32,32
"338","2020-05-18",147,4,52,418,3013,0.845004978426817,8370,23829,180,244,33,2496,30,1113,26,30
"339","2020-05-19",151,4,53,395,3013,0.845004978426817,8370,23829,180,244,33,2529,37,1150,26,37
"340","2020-05-20",148,4,52,395,3013,0.845004978426817,8370,23829,180,244,35,2564,42,1192,21,42
"341","2020-05-21",152,4,51,386,3013,0.845004978426817,8370,23829,180,244,29,2593,26,1218,22,26
"342","2020-05-22",158,4,45,377,3013,0.845004978426817,8370,23829,180,244,41,2634,15,1233,30,15
"343","2020-05-23",159,4,51,362,3013,0.845004978426817,8370,23829,180,244,26,2660,6,1239,19,6
"344","2020-05-24",134,4,54,356,3013,0.845004978426817,8370,23829,180,244,25,2685,9,1248,21,9
"345","2020-05-25",128,4,57,347,3013,0.845004978426817,8370,23829,180,244,28,2713,20,1268,23,20
"346","2020-05-26",117,4,61,330,3013,0.845004978426817,8370,23829,180,244,28,2741,13,1281,22,13
"347","2020-05-27",108,4,54,325,3013,0.845004978426817,8370,23829,180,244,37,2778,25,1306,28,25
"348","2020-05-28",105,4,53,308,3013,0.845004978426817,8370,23829,180,244,29,2807,14,1320,20,14
"349","2020-05-29",96,4,51,302,3013,0.845004978426817,8370,23829,180,244,39,2846,13,1333,24,13
"350","2020-05-30",88,4,50,297,3013,0.845004978426817,8370,23829,180,244,19,2865,11,1344,13,11
"351","2020-05-31",97,4,52,287,3013,0.845004978426817,8370,23829,180,244,28,2893,6,1350,20,6
"352","2020-06-01",97,4,50,281,3013,0.845004978426817,8370,23829,180,244,24,2917,10,1360,18,10
"353","2020-06-02",85,4,45,265,3013,0.845004978426817,8370,23829,180,244,17,2934,11,1371,13,11
"354","2020-06-03",88,4,41,242,3013,0.845004978426817,8370,23829,180,244,19,2953,14,1385,15,14
"355","2020-06-04",82,4,38,245,3013,0.845004978426817,8370,23829,180,244,25,2978,20,1405,19,20
"356","2020-06-05",84,4,31,237,3013,0.845004978426817,8370,23829,180,244,13,2991,22,1427,11,22
"357","2020-06-06",93,4,36,225,3013,0.845004978426817,8370,23829,180,244,22,3013,18,1445,15,18
"358","2020-06-07",94,4,28,216,3013,0.845004978426817,8370,23829,180,244,18,3031,22,1467,16,22
"359","2020-03-14",1,5,24,36,3482,0.823377369327972,8325,25928,214,166,3,8,6,25,NA,6
"360","2020-03-15",2,5,28,48,3482,0.823377369327972,8325,25928,214,166,2,10,8,33,NA,8
"361","2020-03-16",4,5,27,55,3482,0.823377369327972,8325,25928,214,166,7,17,14,47,3,14
"362","2020-03-17",6,5,22,67,3482,0.823377369327972,8325,25928,214,166,13,30,5,52,5,5
"363","2020-03-18",13,5,22,82,3482,0.823377369327972,8325,25928,214,166,3,33,6,58,2,6
"364","2020-03-19",15,5,23,98,3482,0.823377369327972,8325,25928,214,166,6,39,3,61,3,3
"365","2020-03-20",20,5,23,114,3482,0.823377369327972,8325,25928,214,166,13,52,3,64,8,3
"366","2020-03-21",21,5,28,133,3482,0.823377369327972,8325,25928,214,166,7,59,4,68,7,4
"367","2020-03-22",31,5,31,154,3482,0.823377369327972,8325,25928,214,166,18,77,9,77,15,9
"368","2020-03-23",35,5,36,165,3482,0.823377369327972,8325,25928,214,166,11,88,6,83,9,6
"369","2020-03-24",38,5,31,187,3482,0.823377369327972,8325,25928,214,166,14,102,6,89,13,6
"370","2020-03-25",36,5,31,200,3482,0.823377369327972,8325,25928,214,166,22,124,8,97,15,8
"371","2020-03-26",43,5,32,204,3482,0.823377369327972,8325,25928,214,166,23,147,12,109,21,12
"372","2020-03-27",54,5,34,209,3482,0.823377369327972,8325,25928,214,166,32,179,4,113,29,4
"373","2020-03-28",70,5,24,216,3482,0.823377369327972,8325,25928,214,166,27,206,7,120,24,7
"374","2020-03-29",71,5,19,235,3482,0.823377369327972,8325,25928,214,166,29,235,6,126,23,6
"375","2020-03-30",74,5,19,247,3482,0.823377369327972,8325,25928,214,166,40,275,5,131,36,5
"376","2020-03-31",77,5,13,269,3482,0.823377369327972,8325,25928,214,166,51,326,5,136,43,5
"377","2020-04-01",83,5,18,272,3482,0.823377369327972,8325,25928,214,166,51,377,8,144,47,8
"378","2020-04-02",85,5,20,276,3482,0.823377369327972,8325,25928,214,166,65,442,12,156,63,12
"379","2020-04-03",89,5,25,287,3482,0.823377369327972,8325,25928,214,166,47,489,14,170,45,14
"380","2020-04-04",82,5,35,294,3482,0.823377369327972,8325,25928,214,166,72,561,20,190,69,21
"381","2020-04-05",93,5,41,308,3482,0.823377369327972,8325,25928,214,166,72,633,19,209,65,19
"382","2020-04-06",90,5,42,319,3482,0.823377369327972,8325,25928,214,166,63,696,15,224,58,15
"383","2020-04-07",84,5,29,341,3482,0.823377369327972,8325,25928,214,166,71,767,15,239,69,15
"384","2020-04-08",85,5,24,366,3482,0.823377369327972,8325,25928,214,166,86,853,19,258,81,19
"385","2020-04-09",82,5,28,387,3482,0.823377369327972,8325,25928,214,166,80,933,17,275,76,17
"386","2020-04-10",104,5,29,409,3482,0.823377369327972,8325,25928,214,166,89,1022,10,285,86,10
"387","2020-04-11",105,5,27,441,3482,0.823377369327972,8325,25928,214,166,111,1133,21,306,101,21
"388","2020-04-12",101,5,34,456,3482,0.823377369327972,8325,25928,214,166,113,1246,12,318,110,12
"389","2020-04-13",114,5,35,493,3482,0.823377369327972,8325,25928,214,166,96,1342,26,344,93,26
"390","2020-04-14",122,5,30,525,3482,0.823377369327972,8325,25928,214,166,138,1480,7,351,135,7
"391","2020-04-15",124,5,27,542,3482,0.823377369327972,8325,25928,214,166,87,1567,29,380,82,29
"392","2020-04-16",135,5,28,555,3482,0.823377369327972,8325,25928,214,166,142,1709,21,401,138,21
"393","2020-04-17",130,5,31,577,3482,0.823377369327972,8325,25928,214,166,155,1864,12,413,153,12
"394","2020-04-18",147,5,35,588,3482,0.823377369327972,8325,25928,214,166,122,1986,21,434,119,21
"395","2020-04-19",172,5,40,599,3482,0.823377369327972,8325,25928,214,166,118,2104,30,464,117,30
"396","2020-04-20",179,5,46,637,3482,0.823377369327972,8325,25928,214,166,129,2233,26,490,124,26
"397","2020-04-21",179,5,45,644,3482,0.823377369327972,8325,25928,214,166,148,2381,33,523,147,33
"398","2020-04-22",192,5,46,667,3482,0.823377369327972,8325,25928,214,166,159,2540,22,545,152,22
"399","2020-04-23",200,5,39,665,3482,0.823377369327972,8325,25928,214,166,129,2669,22,567,127,22
"400","2020-04-24",230,5,38,666,3482,0.823377369327972,8325,25928,214,166,139,2808,36,603,136,36
"401","2020-04-25",227,5,43,667,3482,0.823377369327972,8325,25928,214,166,152,2960,29,632,147,29
"402","2020-04-26",229,5,44,672,3482,0.823377369327972,8325,25928,214,166,128,3088,38,670,122,38
"403","2020-04-27",231,5,46,653,3482,0.823377369327972,8325,25928,214,166,137,3225,24,694,131,24
"404","2020-04-28",226,5,54,641,3482,0.823377369327972,8325,25928,214,166,114,3339,27,721,113,27
"405","2020-04-29",215,5,50,637,3482,0.823377369327972,8325,25928,214,166,127,3466,37,758,124,37
"406","2020-04-30",215,5,49,643,3482,0.823377369327972,8325,25928,214,166,107,3573,25,783,105,25
"407","2020-05-01",210,5,51,653,3482,0.823377369327972,8325,25928,214,166,104,3677,27,810,100,27
"408","2020-05-02",232,5,53,658,3482,0.823377369327972,8325,25928,214,166,85,3762,26,836,84,26
"409","2020-05-03",206,5,59,655,3482,0.823377369327972,8325,25928,214,166,82,3844,27,863,80,27
"410","2020-05-04",195,5,66,647,3482,0.823377369327972,8325,25928,214,166,124,3968,22,885,122,22
"411","2020-05-05",199,5,64,635,3482,0.823377369327972,8325,25928,214,166,88,4056,31,916,88,31
"412","2020-05-06",207,5,63,630,3482,0.823377369327972,8325,25928,214,166,89,4145,28,944,88,28
"413","2020-05-07",207,5,58,620,3482,0.823377369327972,8325,25928,214,166,109,4254,17,961,107,17
"414","2020-05-08",234,5,54,602,3482,0.823377369327972,8325,25928,214,166,77,4331,32,993,76,32
"415","2020-05-09",214,5,51,586,3482,0.823377369327972,8325,25928,214,166,88,4419,24,1017,83,24
"416","2020-05-10",207,5,57,588,3482,0.823377369327972,8325,25928,214,166,64,4483,29,1046,62,29
"417","2020-05-11",203,5,68,587,3482,0.823377369327972,8325,25928,214,166,79,4562,22,1068,76,22
"418","2020-05-12",192,5,69,579,3482,0.823377369327972,8325,25928,214,166,67,4629,31,1099,64,31
"419","2020-05-13",190,5,66,571,3482,0.823377369327972,8325,25928,214,166,44,4673,20,1119,43,20
"420","2020-05-14",187,5,66,547,3482,0.823377369327972,8325,25928,214,166,55,4728,17,1136,53,17
"421","2020-05-15",200,5,78,536,3482,0.823377369327972,8325,25928,214,166,48,4776,15,1151,48,15
"422","2020-05-16",229,5,89,546,3482,0.823377369327972,8325,25928,214,166,50,4826,13,1164,48,13
"423","2020-05-17",206,5,87,548,3482,0.823377369327972,8325,25928,214,166,50,4876,13,1177,48,13
"424","2020-05-18",196,5,76,541,3482,0.823377369327972,8325,25928,214,166,36,4912,18,1195,33,18
"425","2020-05-19",196,5,62,527,3482,0.823377369327972,8325,25928,214,166,40,4952,17,1212,38,17
"426","2020-05-20",198,5,59,505,3482,0.823377369327972,8325,25928,214,166,27,4979,15,1227,26,15
"427","2020-05-21",194,5,52,501,3482,0.823377369327972,8325,25928,214,166,34,5013,23,1250,33,23
"428","2020-05-22",194,5,53,486,3482,0.823377369327972,8325,25928,214,166,28,5041,24,1274,28,24
"429","2020-05-23",168,5,51,485,3482,0.823377369327972,8325,25928,214,166,20,5061,25,1299,20,25
"430","2020-05-24",161,5,58,461,3482,0.823377369327972,8325,25928,214,166,20,5081,14,1313,19,14
"431","2020-05-25",160,5,50,442,3482,0.823377369327972,8325,25928,214,166,27,5108,10,1323,26,10
"432","2020-05-26",157,5,47,440,3482,0.823377369327972,8325,25928,214,166,21,5129,14,1337,19,14
"433","2020-05-27",145,5,44,414,3482,0.823377369327972,8325,25928,214,166,23,5152,14,1351,23,14
"434","2020-05-28",139,5,50,388,3482,0.823377369327972,8325,25928,214,166,21,5173,14,1365,21,14
"435","2020-05-29",129,5,49,358,3482,0.823377369327972,8325,25928,214,166,19,5192,12,1377,18,12
"436","2020-05-30",130,5,60,337,3482,0.823377369327972,8325,25928,214,166,16,5208,15,1392,15,15
"437","2020-05-31",136,5,55,328,3482,0.823377369327972,8325,25928,214,166,17,5225,16,1408,14,16
"438","2020-06-01",128,5,66,315,3482,0.823377369327972,8325,25928,214,166,15,5240,20,1428,14,20
"439","2020-06-02",116,5,66,299,3482,0.823377369327972,8325,25928,214,166,9,5249,17,1445,9,17
"440","2020-06-03",117,5,64,276,3482,0.823377369327972,8325,25928,214,166,12,5261,11,1456,12,11
"441","2020-06-04",117,5,61,257,3482,0.823377369327972,8325,25928,214,166,19,5280,5,1461,15,5
"442","2020-06-05",110,5,57,233,3482,0.823377369327972,8325,25928,214,166,14,5294,8,1469,13,8
"443","2020-06-06",98,5,55,213,3482,0.823377369327972,8325,25928,214,166,9,5303,8,1477,8,8
"444","2020-06-07",92,5,42,201,3482,0.823377369327972,8325,25928,214,166,9,5312,5,1482,9,5
"445","2020-03-13",1,6,13,22,2886,0.829175329175329,8355,22413,159,360,7,18,5,20,NA,5
"446","2020-03-14",1,6,18,26,2886,0.829175329175329,8355,22413,159,360,6,24,9,29,1,9
"447","2020-03-15",4,6,26,36,2886,0.829175329175329,8355,22413,159,360,15,39,4,33,5,4
"448","2020-03-16",5,6,33,46,2886,0.829175329175329,8355,22413,159,360,4,43,8,41,2,8
"449","2020-03-17",6,6,26,65,2886,0.829175329175329,8355,22413,159,360,9,52,5,46,4,5
"450","2020-03-18",6,6,30,76,2886,0.829175329175329,8355,22413,159,360,17,69,13,59,9,13
"451","2020-03-19",8,6,25,83,2886,0.829175329175329,8355,22413,159,360,14,83,9,68,9,9
"452","2020-03-20",12,6,24,98,2886,0.829175329175329,8355,22413,159,360,15,98,5,73,9,5
"453","2020-03-21",17,6,37,106,2886,0.829175329175329,8355,22413,159,360,22,120,9,82,14,9
"454","2020-03-22",19,6,38,123,2886,0.829175329175329,8355,22413,159,360,17,137,9,91,9,9
"455","2020-03-23",27,6,36,142,2886,0.829175329175329,8355,22413,159,360,16,153,12,103,9,12
"456","2020-03-24",30,6,26,156,2886,0.829175329175329,8355,22413,159,360,26,179,7,110,20,7
"457","2020-03-25",32,6,24,172,2886,0.829175329175329,8355,22413,159,360,24,203,6,116,17,6
"458","2020-03-26",33,6,25,194,2886,0.829175329175329,8355,22413,159,360,21,224,3,119,14,3
"459","2020-03-27",42,6,28,201,2886,0.829175329175329,8355,22413,159,360,39,263,5,124,35,5
"460","2020-03-28",52,6,38,214,2886,0.829175329175329,8355,22413,159,360,25,288,14,138,17,14
"461","2020-03-29",66,6,34,231,2886,0.829175329175329,8355,22413,159,360,42,330,11,149,35,11
"462","2020-03-30",60,6,28,232,2886,0.829175329175329,8355,22413,159,360,44,374,16,165,35,16
"463","2020-03-31",60,6,28,235,2886,0.829175329175329,8355,22413,159,360,33,407,19,184,29,19
"464","2020-04-01",66,6,43,249,2886,0.829175329175329,8355,22413,159,360,48,455,25,209,42,25
"465","2020-04-02",73,6,59,261,2886,0.829175329175329,8355,22413,159,360,56,511,12,221,44,12
"466","2020-04-03",74,6,66,270,2886,0.829175329175329,8355,22413,159,360,32,543,19,240,28,19
"467","2020-04-04",84,6,74,292,2886,0.829175329175329,8355,22413,159,360,70,613,8,248,60,8
"468","2020-04-05",75,6,78,298,2886,0.829175329175329,8355,22413,159,360,45,658,14,262,38,14
"469","2020-04-06",77,6,69,323,2886,0.829175329175329,8355,22413,159,360,57,715,5,267,45,5
"470","2020-04-07",79,6,66,338,2886,0.829175329175329,8355,22413,159,360,55,770,20,287,48,20
"471","2020-04-08",83,6,61,347,2886,0.829175329175329,8355,22413,159,360,60,830,14,301,45,14
"472","2020-04-09",89,6,56,365,2886,0.829175329175329,8355,22413,159,360,83,913,18,319,74,18
"473","2020-04-10",103,6,60,376,2886,0.829175329175329,8355,22413,159,360,78,991,13,332,71,13
"474","2020-04-11",110,6,63,386,2886,0.829175329175329,8355,22413,159,360,80,1071,5,337,74,5
"475","2020-04-12",110,6,60,403,2886,0.829175329175329,8355,22413,159,360,69,1140,19,356,61,19
"476","2020-04-13",121,6,67,431,2886,0.829175329175329,8355,22413,159,360,82,1222,15,371,77,15
"477","2020-04-14",126,6,57,431,2886,0.829175329175329,8355,22413,159,360,82,1304,16,387,75,16
"478","2020-04-15",125,6,47,427,2886,0.829175329175329,8355,22413,159,360,111,1415,19,406,103,19
"479","2020-04-16",125,6,39,441,2886,0.829175329175329,8355,22413,159,360,86,1501,17,423,79,17
"480","2020-04-17",138,6,43,456,2886,0.829175329175329,8355,22413,159,360,96,1597,31,454,83,31
"481","2020-04-18",139,6,51,461,2886,0.829175329175329,8355,22413,159,360,91,1688,29,483,86,29
"482","2020-04-19",144,6,69,459,2886,0.829175329175329,8355,22413,159,360,85,1773,19,502,78,19
"483","2020-04-20",136,6,59,466,2886,0.829175329175329,8355,22413,159,360,88,1861,35,537,82,35
"484","2020-04-21",128,6,58,477,2886,0.829175329175329,8355,22413,159,360,80,1941,19,556,76,19
"485","2020-04-22",137,6,66,480,2886,0.829175329175329,8355,22413,159,360,93,2034,16,572,84,16
"486","2020-04-23",139,6,66,490,2886,0.829175329175329,8355,22413,159,360,70,2104,14,586,63,14
"487","2020-04-24",150,6,64,479,2886,0.829175329175329,8355,22413,159,360,81,2185,12,598,69,12
"488","2020-04-25",149,6,68,484,2886,0.829175329175329,8355,22413,159,360,78,2263,14,612,74,14
"489","2020-04-26",136,6,69,485,2886,0.829175329175329,8355,22413,159,360,69,2332,23,635,58,23
"490","2020-04-27",133,6,59,494,2886,0.829175329175329,8355,22413,159,360,83,2415,20,655,79,20
"491","2020-04-28",145,6,56,498,2886,0.829175329175329,8355,22413,159,360,58,2473,9,664,48,9
"492","2020-04-29",145,6,57,501,2886,0.829175329175329,8355,22413,159,360,71,2544,9,673,64,9
"493","2020-04-30",148,6,66,504,2886,0.829175329175329,8355,22413,159,360,75,2619,9,682,69,9
"494","2020-05-01",150,6,77,507,2886,0.829175329175329,8355,22413,159,360,74,2693,12,694,69,12
"495","2020-05-02",174,6,97,511,2886,0.829175329175329,8355,22413,159,360,65,2758,5,699,58,5
"496","2020-05-03",175,6,94,522,2886,0.829175329175329,8355,22413,159,360,52,2810,11,710,46,11
"497","2020-05-04",168,6,92,509,2886,0.829175329175329,8355,22413,159,360,64,2874,7,717,56,7
"498","2020-05-05",172,6,76,511,2886,0.829175329175329,8355,22413,159,360,62,2936,10,727,57,10
"499","2020-05-06",168,6,68,493,2886,0.829175329175329,8355,22413,159,360,53,2989,6,733,46,6
"500","2020-05-07",167,6,55,488,2886,0.829175329175329,8355,22413,159,360,53,3042,7,740,48,7
"501","2020-05-08",188,6,69,482,2886,0.829175329175329,8355,22413,159,360,54,3096,17,757,46,17
"502","2020-05-09",176,6,76,468,2886,0.829175329175329,8355,22413,159,360,57,3153,16,773,53,16
"503","2020-05-10",162,6,86,455,2886,0.829175329175329,8355,22413,159,360,47,3200,17,790,42,17
"504","2020-05-11",157,6,96,452,2886,0.829175329175329,8355,22413,159,360,46,3246,18,808,40,18
"505","2020-05-12",153,6,95,428,2886,0.829175329175329,8355,22413,159,360,52,3298,17,825,45,17
"506","2020-05-13",165,6,92,411,2886,0.829175329175329,8355,22413,159,360,46,3344,14,839,38,14
"507","2020-05-14",164,6,105,402,2886,0.829175329175329,8355,22413,159,360,38,3382,17,856,32,17
"508","2020-05-15",141,6,90,398,2886,0.829175329175329,8355,22413,159,360,39,3421,17,873,37,17
"509","2020-05-16",128,6,96,404,2886,0.829175329175329,8355,22413,159,360,35,3456,7,880,29,7
"510","2020-05-17",137,6,93,383,2886,0.829175329175329,8355,22413,159,360,36,3492,14,894,30,14
"511","2020-05-18",134,6,96,389,2886,0.829175329175329,8355,22413,159,360,38,3530,15,909,33,15
"512","2020-05-19",129,6,85,383,2886,0.829175329175329,8355,22413,159,360,31,3561,22,931,30,22
"513","2020-05-20",114,6,85,395,2886,0.829175329175329,8355,22413,159,360,35,3596,18,949,32,18
"514","2020-05-21",119,6,107,385,2886,0.829175329175329,8355,22413,159,360,34,3630,13,962,25,13
"515","2020-05-22",125,6,97,370,2886,0.829175329175329,8355,22413,159,360,30,3660,16,978,24,16
"516","2020-05-23",135,6,91,380,2886,0.829175329175329,8355,22413,159,360,27,3687,11,989,22,11
"517","2020-05-24",139,6,82,368,2886,0.829175329175329,8355,22413,159,360,35,3722,15,1004,29,15
"518","2020-05-25",135,6,78,349,2886,0.829175329175329,8355,22413,159,360,26,3748,11,1015,25,11
"519","2020-05-26",113,6,81,345,2886,0.829175329175329,8355,22413,159,360,30,3778,11,1026,24,11
"520","2020-05-27",107,6,76,335,2886,0.829175329175329,8355,22413,159,360,18,3796,11,1037,15,11
"521","2020-05-28",97,6,82,323,2886,0.829175329175329,8355,22413,159,360,29,3825,12,1049,26,12
"522","2020-05-29",114,6,76,316,2886,0.829175329175329,8355,22413,159,360,23,3848,17,1066,20,17
"523","2020-05-30",106,6,76,312,2886,0.829175329175329,8355,22413,159,360,29,3877,13,1079,24,13
"524","2020-05-31",97,6,72,301,2886,0.829175329175329,8355,22413,159,360,24,3901,21,1100,18,21
"525","2020-06-01",95,6,68,290,2886,0.829175329175329,8355,22413,159,360,23,3924,8,1108,21,8
"526","2020-06-02",94,6,54,270,2886,0.829175329175329,8355,22413,159,360,15,3939,11,1119,10,11
"527","2020-06-03",96,6,46,256,2886,0.829175329175329,8355,22413,159,360,24,3963,15,1134,21,15
"528","2020-06-04",89,6,47,255,2886,0.829175329175329,8355,22413,159,360,19,3982,13,1147,16,13
"529","2020-06-05",84,6,49,253,2886,0.829175329175329,8355,22413,159,360,23,4005,5,1152,20,5
"530","2020-06-06",85,6,43,246,2886,0.829175329175329,8355,22413,159,360,13,4018,18,1170,12,18
"531","2020-06-07",78,6,40,239,2886,0.829175329175329,8355,22413,159,360,18,4036,13,1183,15,13
"532","2020-03-14",3,7,10,59,2447,0.539436044135676,8280,21214,124,149,7,17,8,27,1,8
"533","2020-03-15",6,7,15,75,2447,0.539436044135676,8280,21214,124,149,10,27,7,34,4,7
"534","2020-03-16",7,7,13,86,2447,0.539436044135676,8280,21214,124,149,11,38,3,37,7,3
"535","2020-03-17",10,7,13,99,2447,0.539436044135676,8280,21214,124,149,9,47,3,40,6,3
"536","2020-03-18",13,7,17,117,2447,0.539436044135676,8280,21214,124,149,8,55,2,42,6,2
"537","2020-03-19",17,7,21,132,2447,0.539436044135676,8280,21214,124,149,18,73,1,43,14,1
"538","2020-03-20",25,7,25,140,2447,0.539436044135676,8280,21214,124,149,12,85,1,44,11,1
"539","2020-03-21",33,7,29,148,2447,0.539436044135676,8280,21214,124,149,22,107,NA,NA,18,NA
"540","2020-03-22",30,7,26,161,2447,0.539436044135676,8280,21214,124,149,16,123,NA,NA,12,NA
"541","2020-03-23",34,7,30,176,2447,0.539436044135676,8280,21214,124,149,20,143,3,47,16,3
"542","2020-03-24",35,7,28,186,2447,0.539436044135676,8280,21214,124,149,19,162,1,48,17,1
"543","2020-03-25",40,7,22,195,2447,0.539436044135676,8280,21214,124,149,18,180,7,55,15,7
"544","2020-03-26",44,7,22,202,2447,0.539436044135676,8280,21214,124,149,24,204,9,64,22,9
"545","2020-03-27",55,7,27,214,2447,0.539436044135676,8280,21214,124,149,24,228,6,70,21,6
"546","2020-03-28",55,7,28,228,2447,0.539436044135676,8280,21214,124,149,35,263,6,76,32,6
"547","2020-03-29",64,7,29,231,2447,0.539436044135676,8280,21214,124,149,42,305,6,82,39,6
"548","2020-03-30",61,7,26,252,2447,0.539436044135676,8280,21214,124,149,41,346,13,95,37,13
"549","2020-03-31",67,7,21,245,2447,0.539436044135676,8280,21214,124,149,41,387,8,103,39,8
"550","2020-04-01",72,7,14,251,2447,0.539436044135676,8280,21214,124,149,43,430,20,123,38,20
"551","2020-04-02",69,7,19,258,2447,0.539436044135676,8280,21214,124,149,55,485,14,137,52,14
"552","2020-04-03",78,7,15,250,2447,0.539436044135676,8280,21214,124,149,53,538,13,150,47,13
"553","2020-04-04",90,7,16,254,2447,0.539436044135676,8280,21214,124,149,53,591,3,153,46,3
"554","2020-04-05",87,7,16,258,2447,0.539436044135676,8280,21214,124,149,73,664,6,159,67,6
"555","2020-04-06",87,7,14,277,2447,0.539436044135676,8280,21214,124,149,53,717,4,163,48,4
"556","2020-04-07",84,7,17,285,2447,0.539436044135676,8280,21214,124,149,77,794,14,177,72,14
"557","2020-04-08",88,7,23,297,2447,0.539436044135676,8280,21214,124,149,70,864,18,195,68,18
"558","2020-04-09",93,7,24,301,2447,0.539436044135676,8280,21214,124,149,55,919,10,205,52,10
"559","2020-04-10",98,7,25,306,2447,0.539436044135676,8280,21214,124,149,82,1001,15,220,73,15
"560","2020-04-11",94,7,31,322,2447,0.539436044135676,8280,21214,124,149,75,1076,15,235,74,15
"561","2020-04-12",107,7,33,325,2447,0.539436044135676,8280,21214,124,149,83,1159,7,242,77,7
"562","2020-04-13",112,7,33,337,2447,0.539436044135676,8280,21214,124,149,94,1253,19,261,89,19
"563","2020-04-14",105,7,33,342,2447,0.539436044135676,8280,21214,124,149,95,1348,5,266,91,5
"564","2020-04-15",99,7,39,341,2447,0.539436044135676,8280,21214,124,149,101,1449,8,274,95,8
"565","2020-04-16",107,7,32,342,2447,0.539436044135676,8280,21214,124,149,110,1559,3,277,106,3
"566","2020-04-17",120,7,43,343,2447,0.539436044135676,8280,21214,124,149,89,1648,4,281,85,4
"567","2020-04-18",119,7,44,338,2447,0.539436044135676,8280,21214,124,149,100,1748,4,285,96,4
"568","2020-04-19",105,7,40,339,2447,0.539436044135676,8280,21214,124,149,96,1844,12,297,92,12
"569","2020-04-20",103,7,41,365,2447,0.539436044135676,8280,21214,124,149,97,1941,16,313,91,16
"570","2020-04-21",104,7,46,359,2447,0.539436044135676,8280,21214,124,149,110,2051,23,336,108,23
"571","2020-04-22",102,7,48,383,2447,0.539436044135676,8280,21214,124,149,77,2128,18,354,76,18
"572","2020-04-23",99,7,48,387,2447,0.539436044135676,8280,21214,124,149,96,2224,21,375,92,21
"573","2020-04-24",109,7,52,385,2447,0.539436044135676,8280,21214,124,149,109,2333,29,404,104,29
"574","2020-04-25",116,7,50,387,2447,0.539436044135676,8280,21214,124,149,89,2422,20,424,87,20
"575","2020-04-26",130,7,49,383,2447,0.539436044135676,8280,21214,124,149,80,2502,19,443,77,19
"576","2020-04-27",134,7,44,373,2447,0.539436044135676,8280,21214,124,149,88,2590,9,452,87,9
"577","2020-04-28",128,7,45,384,2447,0.539436044135676,8280,21214,124,149,80,2670,8,460,80,8
"578","2020-04-29",137,7,48,385,2447,0.539436044135676,8280,21214,124,149,95,2765,19,479,92,19
"579","2020-04-30",136,7,45,390,2447,0.539436044135676,8280,21214,124,149,67,2832,13,492,66,13
"580","2020-05-01",144,7,40,379,2447,0.539436044135676,8280,21214,124,149,68,2900,29,521,63,29
"581","2020-05-02",152,7,41,388,2447,0.539436044135676,8280,21214,124,149,79,2979,30,551,74,30
"582","2020-05-03",133,7,43,393,2447,0.539436044135676,8280,21214,124,149,75,3054,28,579,75,28
"583","2020-05-04",122,7,43,386,2447,0.539436044135676,8280,21214,124,149,69,3123,19,598,65,19
"584","2020-05-05",119,7,45,377,2447,0.539436044135676,8280,21214,124,149,101,3224,7,605,92,7
"585","2020-05-06",112,7,38,371,2447,0.539436044135676,8280,21214,124,149,62,3286,15,620,58,15
"586","2020-05-07",111,7,46,373,2447,0.539436044135676,8280,21214,124,149,67,3353,9,629,63,9
"587","2020-05-08",107,7,52,371,2447,0.539436044135676,8280,21214,124,149,60,3413,7,636,60,7
"588","2020-05-09",101,7,58,370,2447,0.539436044135676,8280,21214,124,149,71,3484,17,653,70,17
"589","2020-05-10",97,7,57,376,2447,0.539436044135676,8280,21214,124,149,68,3552,13,666,68,13
"590","2020-05-11",100,7,62,364,2447,0.539436044135676,8280,21214,124,149,72,3624,17,683,71,17
"591","2020-05-12",102,7,54,365,2447,0.539436044135676,8280,21214,124,149,55,3679,9,692,54,9
"592","2020-05-13",98,7,52,360,2447,0.539436044135676,8280,21214,124,149,46,3725,13,705,42,13
"593","2020-05-14",105,7,59,364,2447,0.539436044135676,8280,21214,124,149,61,3786,15,720,59,15
"594","2020-05-15",104,7,58,355,2447,0.539436044135676,8280,21214,124,149,40,3826,26,746,40,26
"595","2020-05-16",99,7,51,361,2447,0.539436044135676,8280,21214,124,149,58,3884,15,761,52,15
"596","2020-05-17",102,7,55,365,2447,0.539436044135676,8280,21214,124,149,36,3920,16,777,34,16
"597","2020-05-18",112,7,55,367,2447,0.539436044135676,8280,21214,124,149,53,3973,7,784,50,7
"598","2020-05-19",104,7,59,365,2447,0.539436044135676,8280,21214,124,149,35,4008,14,798,34,14
"599","2020-05-20",114,7,66,364,2447,0.539436044135676,8280,21214,124,149,37,4045,7,805,34,7
"600","2020-05-21",106,7,55,364,2447,0.539436044135676,8280,21214,124,149,40,4085,6,811,39,6
"601","2020-05-22",128,7,52,356,2447,0.539436044135676,8280,21214,124,149,48,4133,14,825,47,14
"602","2020-05-23",127,7,53,329,2447,0.539436044135676,8280,21214,124,149,30,4163,13,838,27,13
"603","2020-05-24",123,7,59,311,2447,0.539436044135676,8280,21214,124,149,34,4197,10,848,34,10
"604","2020-05-25",116,7,56,305,2447,0.539436044135676,8280,21214,124,149,23,4220,8,856,22,8
"605","2020-05-26",117,7,54,308,2447,0.539436044135676,8280,21214,124,149,27,4247,17,873,26,17
"606","2020-05-27",111,7,49,289,2447,0.539436044135676,8280,21214,124,149,35,4282,13,886,33,13
"607","2020-05-28",109,7,43,273,2447,0.539436044135676,8280,21214,124,149,26,4308,10,896,24,10
"608","2020-05-29",98,7,37,262,2447,0.539436044135676,8280,21214,124,149,30,4338,11,907,24,11
"609","2020-05-30",112,7,35,254,2447,0.539436044135676,8280,21214,124,149,17,4355,11,918,15,11
"610","2020-05-31",93,7,38,250,2447,0.539436044135676,8280,21214,124,149,24,4379,15,933,24,15
"611","2020-06-01",77,7,37,236,2447,0.539436044135676,8280,21214,124,149,24,4403,10,943,24,10
"612","2020-06-02",71,7,36,217,2447,0.539436044135676,8280,21214,124,149,21,4424,7,950,21,7
"613","2020-06-03",70,7,35,207,2447,0.539436044135676,8280,21214,124,149,18,4442,9,959,15,9
"614","2020-06-04",71,7,33,197,2447,0.539436044135676,8280,21214,124,149,18,4460,11,970,15,11
"615","2020-06-05",75,7,28,184,2447,0.539436044135676,8280,21214,124,149,15,4475,5,975,14,5
"616","2020-06-06",66,7,29,178,2447,0.539436044135676,8280,21214,124,149,16,4491,5,980,15,5
"617","2020-06-07",72,7,24,170,2447,0.539436044135676,8280,21214,124,149,16,4507,4,984,16,4
"618","2020-03-14",2,8,31,38,3639,0.796647430612806,8400,27213,177,436,4,21,2,9,1,2
"619","2020-03-15",2,8,42,44,3639,0.796647430612806,8400,27213,177,436,13,34,2,11,2,2
"620","2020-03-16",5,8,59,64,3639,0.796647430612806,8400,27213,177,436,10,44,2,13,3,2
"621","2020-03-17",8,8,56,78,3639,0.796647430612806,8400,27213,177,436,12,56,3,16,3,3
"622","2020-03-18",12,8,53,95,3639,0.796647430612806,8400,27213,177,436,11,67,5,21,6,5
"623","2020-03-19",16,8,45,106,3639,0.796647430612806,8400,27213,177,436,14,81,10,31,5,10
"624","2020-03-20",21,8,45,120,3639,0.796647430612806,8400,27213,177,436,16,97,15,46,9,15
"625","2020-03-21",33,8,53,136,3639,0.796647430612806,8400,27213,177,436,22,119,4,50,15,4
"626","2020-03-22",41,8,55,161,3639,0.796647430612806,8400,27213,177,436,16,135,14,64,10,14
"627","2020-03-23",42,8,53,179,3639,0.796647430612806,8400,27213,177,436,14,149,15,79,10,15
"628","2020-03-24",47,8,57,182,3639,0.796647430612806,8400,27213,177,436,14,163,9,88,7,9
"629","2020-03-25",51,8,67,189,3639,0.796647430612806,8400,27213,177,436,20,183,4,92,14,4
"630","2020-03-26",54,8,65,206,3639,0.796647430612806,8400,27213,177,436,18,201,4,96,10,4
"631","2020-03-27",59,8,73,221,3639,0.796647430612806,8400,27213,177,436,22,223,5,101,15,5
"632","2020-03-28",62,8,82,238,3639,0.796647430612806,8400,27213,177,436,15,238,8,109,7,8
"633","2020-03-29",66,8,89,253,3639,0.796647430612806,8400,27213,177,436,27,265,14,123,16,14
"634","2020-03-30",64,8,103,272,3639,0.796647430612806,8400,27213,177,436,12,277,10,133,8,10
"635","2020-03-31",67,8,107,284,3639,0.796647430612806,8400,27213,177,436,24,301,8,141,14,8
"636","2020-04-01",70,8,118,307,3639,0.796647430612806,8400,27213,177,436,27,328,11,152,17,11
"637","2020-04-02",75,8,132,324,3639,0.796647430612806,8400,27213,177,436,20,348,10,162,12,10
"638","2020-04-03",88,8,146,354,3639,0.796647430612806,8400,27213,177,436,13,361,9,171,7,9
"639","2020-04-04",89,8,152,379,3639,0.796647430612806,8400,27213,177,436,20,381,8,179,15,8
"640","2020-04-05",98,8,141,395,3639,0.796647430612806,8400,27213,177,436,30,411,8,187,17,8
"641","2020-04-06",106,8,131,431,3639,0.796647430612806,8400,27213,177,436,22,433,6,193,16,6
"642","2020-04-07",106,8,125,469,3639,0.796647430612806,8400,27213,177,436,21,454,4,197,14,4
"643","2020-04-08",115,8,122,504,3639,0.796647430612806,8400,27213,177,436,30,484,1,198,20,1
"644","2020-04-09",121,8,106,513,3639,0.796647430612806,8400,27213,177,436,20,504,5,203,14,5
"645","2020-04-10",145,8,99,526,3639,0.796647430612806,8400,27213,177,436,38,542,6,209,26,6
"646","2020-04-11",171,8,125,554,3639,0.796647430612806,8400,27213,177,436,25,567,7,216,20,7
"647","2020-04-12",184,8,122,570,3639,0.796647430612806,8400,27213,177,436,24,591,4,220,18,4
"648","2020-04-13",190,8,132,598,3639,0.796647430612806,8400,27213,177,436,17,608,9,229,11,9
"649","2020-04-14",197,8,149,606,3639,0.796647430612806,8400,27213,177,436,29,637,9,238,11,9
"650","2020-04-15",201,8,143,608,3639,0.796647430612806,8400,27213,177,436,30,667,13,251,17,13
"651","2020-04-16",202,8,148,602,3639,0.796647430612806,8400,27213,177,436,35,702,11,262,26,11
"652","2020-04-17",205,8,147,617,3639,0.796647430612806,8400,27213,177,436,26,728,9,271,16,9
"653","2020-04-18",207,8,150,626,3639,0.796647430612806,8400,27213,177,436,23,751,5,276,11,5
"654","2020-04-19",189,8,161,648,3639,0.796647430612806,8400,27213,177,436,29,780,12,288,23,12
"655","2020-04-20",183,8,166,649,3639,0.796647430612806,8400,27213,177,436,27,807,9,297,19,9
"656","2020-04-21",174,8,172,653,3639,0.796647430612806,8400,27213,177,436,38,845,14,311,26,14
"657","2020-04-22",180,8,184,667,3639,0.796647430612806,8400,27213,177,436,23,868,12,323,19,12
"658","2020-04-23",188,8,188,654,3639,0.796647430612806,8400,27213,177,436,30,898,6,329,21,6
"659","2020-04-24",212,8,178,653,3639,0.796647430612806,8400,27213,177,436,26,924,7,336,17,7
"660","2020-04-25",216,8,161,655,3639,0.796647430612806,8400,27213,177,436,28,952,15,351,22,15
"661","2020-04-26",209,8,156,661,3639,0.796647430612806,8400,27213,177,436,22,974,15,366,14,15
"662","2020-04-27",209,8,150,666,3639,0.796647430612806,8400,27213,177,436,22,996,8,374,15,8
"663","2020-04-28",211,8,153,681,3639,0.796647430612806,8400,27213,177,436,21,1017,7,381,13,7
"664","2020-04-29",204,8,147,696,3639,0.796647430612806,8400,27213,177,436,19,1036,11,392,15,11
"665","2020-04-30",207,8,127,684,3639,0.796647430612806,8400,27213,177,436,23,1059,11,403,14,11
"666","2020-05-01",219,8,132,682,3639,0.796647430612806,8400,27213,177,436,30,1089,19,422,18,19
"667","2020-05-02",224,8,144,669,3639,0.796647430612806,8400,27213,177,436,28,1117,12,434,20,12
"668","2020-05-03",243,8,124,657,3639,0.796647430612806,8400,27213,177,436,28,1145,11,445,22,11
"669","2020-05-04",232,8,127,650,3639,0.796647430612806,8400,27213,177,436,28,1173,18,463,16,18
"670","2020-05-05",212,8,125,642,3639,0.796647430612806,8400,27213,177,436,18,1191,8,471,8,8
"671","2020-05-06",218,8,141,635,3639,0.796647430612806,8400,27213,177,436,31,1222,9,480,20,9
"672","2020-05-07",215,8,148,624,3639,0.796647430612806,8400,27213,177,436,28,1250,17,497,20,17
"673","2020-05-08",239,8,156,625,3639,0.796647430612806,8400,27213,177,436,21,1271,13,510,14,13
"674","2020-05-09",236,8,172,606,3639,0.796647430612806,8400,27213,177,436,32,1303,16,526,19,16
"675","2020-05-10",211,8,169,580,3639,0.796647430612806,8400,27213,177,436,27,1330,9,535,23,9
"676","2020-05-11",211,8,174,570,3639,0.796647430612806,8400,27213,177,436,25,1355,12,547,19,12
"677","2020-05-12",210,8,192,563,3639,0.796647430612806,8400,27213,177,436,31,1386,15,562,22,15
"678","2020-05-13",197,8,193,550,3639,0.796647430612806,8400,27213,177,436,28,1414,10,572,21,10
"679","2020-05-14",187,8,178,532,3639,0.796647430612806,8400,27213,177,436,25,1439,11,583,17,11
"680","2020-05-15",185,8,181,529,3639,0.796647430612806,8400,27213,177,436,34,1473,14,597,26,14
"681","2020-05-16",189,8,183,517,3639,0.796647430612806,8400,27213,177,436,20,1493,2,599,14,2
"682","2020-05-17",176,8,185,508,3639,0.796647430612806,8400,27213,177,436,28,1521,4,603,25,4
"683","2020-05-18",169,8,186,483,3639,0.796647430612806,8400,27213,177,436,28,1549,9,612,16,9
"684","2020-05-19",165,8,169,473,3639,0.796647430612806,8400,27213,177,436,26,1575,4,616,17,4
"685","2020-05-20",166,8,173,467,3639,0.796647430612806,8400,27213,177,436,20,1595,5,621,15,5
"686","2020-05-21",169,8,163,465,3639,0.796647430612806,8400,27213,177,436,18,1613,6,627,12,6
"687","2020-05-22",169,8,164,453,3639,0.796647430612806,8400,27213,177,436,27,1640,4,631,19,4
"688","2020-05-23",170,8,161,436,3639,0.796647430612806,8400,27213,177,436,19,1659,9,640,13,9
"689","2020-05-24",161,8,153,426,3639,0.796647430612806,8400,27213,177,436,8,1667,16,656,7,16
"690","2020-05-25",146,8,143,408,3639,0.796647430612806,8400,27213,177,436,18,1685,10,666,14,10
"691","2020-05-26",154,8,148,381,3639,0.796647430612806,8400,27213,177,436,23,1708,8,674,16,8
"692","2020-05-27",149,8,130,363,3639,0.796647430612806,8400,27213,177,436,16,1724,8,682,13,8
"693","2020-05-28",139,8,125,360,3639,0.796647430612806,8400,27213,177,436,10,1734,7,689,7,7
"694","2020-05-29",127,8,119,361,3639,0.796647430612806,8400,27213,177,436,15,1749,6,695,6,6
"695","2020-05-30",117,8,105,347,3639,0.796647430612806,8400,27213,177,436,13,1762,8,703,11,8
"696","2020-05-31",95,8,106,332,3639,0.796647430612806,8400,27213,177,436,12,1774,10,713,10,10
"697","2020-06-01",100,8,110,317,3639,0.796647430612806,8400,27213,177,436,14,1788,8,721,10,8
"698","2020-06-02",89,8,114,321,3639,0.796647430612806,8400,27213,177,436,12,1800,9,730,8,9
"699","2020-06-03",94,8,114,304,3639,0.796647430612806,8400,27213,177,436,9,1809,9,739,6,9
"700","2020-06-04",90,8,114,282,3639,0.796647430612806,8400,27213,177,436,10,1819,10,749,8,10
"701","2020-06-05",96,8,111,277,3639,0.796647430612806,8400,27213,177,436,14,1833,16,765,11,16
"702","2020-06-06",105,8,106,260,3639,0.796647430612806,8400,27213,177,436,9,1842,10,775,6,10
"703","2020-06-07",105,8,107,243,3639,0.796647430612806,8400,27213,177,436,6,1848,12,787,4,12
"704","2020-03-13",1,9,29,10,5296,0.978474320241692,8340,30952,303,334,5,7,8,16,3,8
"705","2020-03-14",1,9,33,19,5296,0.978474320241692,8340,30952,303,334,5,12,7,23,2,7
"706","2020-03-15",0,9,0,0,5296,0.978474320241692,8340,30952,303,334,7,19,7,30,6,7
"707","2020-03-16",1,9,29,33,5296,0.978474320241692,8340,30952,303,334,2,21,1,31,2,1
"708","2020-03-17",3,9,30,43,5296,0.978474320241692,8340,30952,303,334,9,30,1,32,8,1
"709","2020-03-18",3,9,21,60,5296,0.978474320241692,8340,30952,303,334,6,36,3,35,5,3
"710","2020-03-19",7,9,25,76,5296,0.978474320241692,8340,30952,303,334,14,50,2,37,11,2
"711","2020-03-20",8,9,20,91,5296,0.978474320241692,8340,30952,303,334,8,58,1,38,7,1
"712","2020-03-21",15,9,27,106,5296,0.978474320241692,8340,30952,303,334,8,66,2,40,7,2
"713","2020-03-22",19,9,28,123,5296,0.978474320241692,8340,30952,303,334,12,78,4,44,11,4
"714","2020-03-23",23,9,33,141,5296,0.978474320241692,8340,30952,303,334,12,90,1,45,12,1
"715","2020-03-24",29,9,48,160,5296,0.978474320241692,8340,30952,303,334,11,101,10,55,11,10
"716","2020-03-25",37,9,49,173,5296,0.978474320241692,8340,30952,303,334,16,117,9,64,15,9
"717","2020-03-26",42,9,41,187,5296,0.978474320241692,8340,30952,303,334,21,138,10,74,20,10
"718","2020-03-27",51,9,39,208,5296,0.978474320241692,8340,30952,303,334,19,157,17,91,16,17
"719","2020-03-28",64,9,39,235,5296,0.978474320241692,8340,30952,303,334,18,175,9,100,17,9
"720","2020-03-29",71,9,34,261,5296,0.978474320241692,8340,30952,303,334,20,195,6,106,20,6
"721","2020-03-30",66,9,31,283,5296,0.978474320241692,8340,30952,303,334,43,238,4,110,39,4
"722","2020-03-31",64,9,30,313,5296,0.978474320241692,8340,30952,303,334,22,260,7,117,19,7
"723","2020-04-01",67,9,40,338,5296,0.978474320241692,8340,30952,303,334,29,289,18,135,28,18
"724","2020-04-02",72,9,53,359,5296,0.978474320241692,8340,30952,303,334,40,329,18,153,39,18
"725","2020-04-03",87,9,60,390,5296,0.978474320241692,8340,30952,303,334,36,365,11,164,36,11
"726","2020-04-04",97,9,64,450,5296,0.978474320241692,8340,30952,303,334,40,405,19,183,37,19
"727","2020-04-05",115,9,58,485,5296,0.978474320241692,8340,30952,303,334,56,461,12,195,50,12
"728","2020-04-06",123,9,47,528,5296,0.978474320241692,8340,30952,303,334,56,517,4,199,55,4
"729","2020-04-07",128,9,38,604,5296,0.978474320241692,8340,30952,303,334,55,572,7,206,51,7
"730","2020-04-08",135,9,32,631,5296,0.978474320241692,8340,30952,303,334,82,654,18,224,81,18
"731","2020-04-09",145,9,24,675,5296,0.978474320241692,8340,30952,303,334,87,741,16,240,83,16
"732","2020-04-10",169,9,38,727,5296,0.978474320241692,8340,30952,303,334,73,814,18,258,71,18
"733","2020-04-11",191,9,33,757,5296,0.978474320241692,8340,30952,303,334,102,916,4,262,100,4
"734","2020-04-12",200,9,44,814,5296,0.978474320241692,8340,30952,303,334,77,993,6,268,77,6
"735","2020-04-13",210,9,50,847,5296,0.978474320241692,8340,30952,303,334,92,1085,3,271,90,3
"736","2020-04-14",225,9,50,898,5296,0.978474320241692,8340,30952,303,334,97,1182,8,279,94,8
"737","2020-04-15",251,9,61,942,5296,0.978474320241692,8340,30952,303,334,90,1272,7,286,90,7
"738","2020-04-16",271,9,59,975,5296,0.978474320241692,8340,30952,303,334,125,1397,6,292,123,6
"739","2020-04-17",309,9,59,1000,5296,0.978474320241692,8340,30952,303,334,119,1516,7,299,118,7
"740","2020-04-18",386,9,50,1028,5296,0.978474320241692,8340,30952,303,334,118,1634,3,302,114,3
"741","2020-04-19",372,9,45,1112,5296,0.978474320241692,8340,30952,303,334,118,1752,2,304,114,2
"742","2020-04-20",363,9,35,1161,5296,0.978474320241692,8340,30952,303,334,98,1850,1,305,98,1
"743","2020-04-21",364,9,46,1191,5296,0.978474320241692,8340,30952,303,334,116,1966,4,309,116,4
"744","2020-04-22",357,9,47,1267,5296,0.978474320241692,8340,30952,303,334,131,2097,6,315,130,6
"745","2020-04-23",365,9,50,1326,5296,0.978474320241692,8340,30952,303,334,113,2210,10,325,113,10
"746","2020-04-24",477,9,58,1369,5296,0.978474320241692,8340,30952,303,334,114,2324,27,352,114,27
"747","2020-04-25",451,9,66,1431,5296,0.978474320241692,8340,30952,303,334,108,2432,13,365,106,13
"748","2020-04-26",425,9,68,1452,5296,0.978474320241692,8340,30952,303,334,128,2560,28,393,125,28
"749","2020-04-27",430,9,66,1479,5296,0.978474320241692,8340,30952,303,334,110,2670,31,424,108,31
"750","2020-04-28",443,9,71,1515,5296,0.978474320241692,8340,30952,303,334,148,2818,28,452,145,28
"751","2020-04-29",465,9,66,1538,5296,0.978474320241692,8340,30952,303,334,109,2927,31,483,109,31
"752","2020-04-30",463,9,68,1512,5296,0.978474320241692,8340,30952,303,334,106,3033,17,500,104,17
"753","2020-05-01",522,9,71,1529,5296,0.978474320241692,8340,30952,303,334,111,3144,22,522,110,22
"754","2020-05-02",521,9,61,1520,5296,0.978474320241692,8340,30952,303,334,85,3229,21,543,84,21
"755","2020-05-03",494,9,54,1470,5296,0.978474320241692,8340,30952,303,334,127,3356,16,559,126,16
"756","2020-05-04",486,9,52,1447,5296,0.978474320241692,8340,30952,303,334,72,3428,29,588,70,29
"757","2020-05-05",477,9,56,1399,5296,0.978474320241692,8340,30952,303,334,132,3560,25,613,131,25
"758","2020-05-06",482,9,64,1337,5296,0.978474320241692,8340,30952,303,334,105,3665,16,629,105,16
"759","2020-05-07",487,9,57,1276,5296,0.978474320241692,8340,30952,303,334,80,3745,9,638,77,9
"760","2020-05-08",488,9,63,1223,5296,0.978474320241692,8340,30952,303,334,83,3828,7,645,82,7
"761","2020-05-09",485,9,65,1159,5296,0.978474320241692,8340,30952,303,334,64,3892,9,654,64,9
"762","2020-05-10",448,9,53,1087,5296,0.978474320241692,8340,30952,303,334,87,3979,4,658,86,4
"763","2020-05-11",431,9,48,1007,5296,0.978474320241692,8340,30952,303,334,57,4036,16,674,57,16
"764","2020-05-12",408,9,55,942,5296,0.978474320241692,8340,30952,303,334,83,4119,20,694,82,20
"765","2020-05-13",385,9,52,900,5296,0.978474320241692,8340,30952,303,334,66,4185,5,699,65,5
"766","2020-05-14",368,9,67,860,5296,0.978474320241692,8340,30952,303,334,76,4261,9,708,73,9
"767","2020-05-15",335,9,68,794,5296,0.978474320241692,8340,30952,303,334,61,4322,13,721,60,13
"768","2020-05-16",337,9,73,718,5296,0.978474320241692,8340,30952,303,334,58,4380,10,731,56,10
"769","2020-05-17",306,9,76,667,5296,0.978474320241692,8340,30952,303,334,58,4438,11,742,58,11
"770","2020-05-18",284,9,81,600,5296,0.978474320241692,8340,30952,303,334,63,4501,5,747,63,5
"771","2020-05-19",278,9,76,533,5296,0.978474320241692,8340,30952,303,334,39,4540,15,762,38,15
"772","2020-05-20",258,9,73,489,5296,0.978474320241692,8340,30952,303,334,56,4596,12,774,54,12
"773","2020-05-21",239,9,77,436,5296,0.978474320241692,8340,30952,303,334,44,4640,15,789,43,15
"774","2020-05-22",200,9,75,399,5296,0.978474320241692,8340,30952,303,334,34,4674,10,799,34,10
"775","2020-05-23",169,9,75,365,5296,0.978474320241692,8340,30952,303,334,44,4718,5,804,43,5
"776","2020-05-24",151,9,85,323,5296,0.978474320241692,8340,30952,303,334,26,4744,9,813,26,9
"777","2020-05-25",145,9,94,277,5296,0.978474320241692,8340,30952,303,334,25,4769,6,819,25,6
"778","2020-05-26",125,9,81,252,5296,0.978474320241692,8340,30952,303,334,32,4801,12,831,31,12
"779","2020-05-27",112,9,76,230,5296,0.978474320241692,8340,30952,303,334,24,4825,4,835,24,4
"780","2020-05-28",104,9,69,214,5296,0.978474320241692,8340,30952,303,334,26,4851,6,841,24,6
"781","2020-05-29",81,9,58,200,5296,0.978474320241692,8340,30952,303,334,36,4887,4,845,34,4
"782","2020-05-30",73,9,56,177,5296,0.978474320241692,8340,30952,303,334,17,4904,12,857,17,12
"783","2020-05-31",69,9,51,168,5296,0.978474320241692,8340,30952,303,334,26,4930,12,869,26,12
"784","2020-06-01",56,9,51,157,5296,0.978474320241692,8340,30952,303,334,18,4948,7,876,18,7
"785","2020-06-02",55,9,48,143,5296,0.978474320241692,8340,30952,303,334,24,4972,15,891,23,15
"786","2020-06-03",54,9,41,127,5296,0.978474320241692,8340,30952,303,334,16,4988,10,901,16,10
"787","2020-06-04",52,9,50,119,5296,0.978474320241692,8340,30952,303,334,14,5002,15,916,14,15
"788","2020-06-05",50,9,52,109,5296,0.978474320241692,8340,30952,303,334,15,5017,7,923,15,7
"789","2020-06-06",50,9,48,109,5296,0.978474320241692,8340,30952,303,334,10,5027,10,933,9,10
"790","2020-06-07",45,9,48,108,5296,0.978474320241692,8340,30952,303,334,9,5036,7,940,9,7
"791","2020-03-13",1,10,20,3,5646,0.967941905773999,8265,31134,275,329,8,27,7,12,4,7
"792","2020-03-14",1,10,22,4,5646,0.967941905773999,8265,31134,275,329,9,36,7,19,4,7
"793","2020-03-15",1,10,23,11,5646,0.967941905773999,8265,31134,275,329,11,47,5,24,5,5
"794","2020-03-16",1,10,26,11,5646,0.967941905773999,8265,31134,275,329,14,61,2,26,9,2
"795","2020-03-17",1,10,22,15,5646,0.967941905773999,8265,31134,275,329,12,73,5,31,9,5
"796","2020-03-18",1,10,16,18,5646,0.967941905773999,8265,31134,275,329,14,87,1,32,9,1
"797","2020-03-19",2,10,21,25,5646,0.967941905773999,8265,31134,275,329,16,103,7,39,9,7
"798","2020-03-20",4,10,21,29,5646,0.967941905773999,8265,31134,275,329,19,122,5,44,13,5
"799","2020-03-21",10,10,27,37,5646,0.967941905773999,8265,31134,275,329,18,140,11,55,11,11
"800","2020-03-22",10,10,22,39,5646,0.967941905773999,8265,31134,275,329,20,160,3,58,18,3
"801","2020-03-23",10,10,23,48,5646,0.967941905773999,8265,31134,275,329,22,182,3,61,19,3
"802","2020-03-24",9,10,23,69,5646,0.967941905773999,8265,31134,275,329,24,206,9,70,19,9
"803","2020-03-25",10,10,23,82,5646,0.967941905773999,8265,31134,275,329,21,227,7,77,16,7
"804","2020-03-26",13,10,33,97,5646,0.967941905773999,8265,31134,275,329,25,252,4,81,19,4
"805","2020-03-27",21,10,41,108,5646,0.967941905773999,8265,31134,275,329,28,280,10,91,25,10
"806","2020-03-28",27,10,43,118,5646,0.967941905773999,8265,31134,275,329,45,325,7,98,37,7
"807","2020-03-29",28,10,46,131,5646,0.967941905773999,8265,31134,275,329,28,353,10,108,25,10
"808","2020-03-30",26,10,46,162,5646,0.967941905773999,8265,31134,275,329,39,392,3,111,30,3
"809","2020-03-31",30,10,44,182,5646,0.967941905773999,8265,31134,275,329,41,433,8,119,35,8
"810","2020-04-01",37,10,36,226,5646,0.967941905773999,8265,31134,275,329,52,485,4,123,45,4
"811","2020-04-02",44,10,40,257,5646,0.967941905773999,8265,31134,275,329,42,527,7,130,40,7
"812","2020-04-03",62,10,46,286,5646,0.967941905773999,8265,31134,275,329,41,568,5,135,37,5
"813","2020-04-04",72,10,47,312,5646,0.967941905773999,8265,31134,275,329,52,620,12,147,45,12
"814","2020-04-05",76,10,50,352,5646,0.967941905773999,8265,31134,275,329,35,655,8,155,27,8
"815","2020-04-06",82,10,61,393,5646,0.967941905773999,8265,31134,275,329,56,711,6,161,47,6
"816","2020-04-07",91,10,56,450,5646,0.967941905773999,8265,31134,275,329,54,765,6,167,47,6
"817","2020-04-08",107,10,48,475,5646,0.967941905773999,8265,31134,275,329,67,832,8,175,62,8
"818","2020-04-09",118,10,40,521,5646,0.967941905773999,8265,31134,275,329,59,891,7,182,55,7
"819","2020-04-10",127,10,31,566,5646,0.967941905773999,8265,31134,275,329,70,961,9,191,63,9
"820","2020-04-11",153,10,31,615,5646,0.967941905773999,8265,31134,275,329,80,1041,7,198,70,7
"821","2020-04-12",198,10,36,687,5646,0.967941905773999,8265,31134,275,329,56,1097,20,218,51,20
"822","2020-04-13",207,10,37,742,5646,0.967941905773999,8265,31134,275,329,93,1190,3,221,89,3
"823","2020-04-14",203,10,39,813,5646,0.967941905773999,8265,31134,275,329,70,1260,8,229,62,8
"824","2020-04-15",201,10,36,878,5646,0.967941905773999,8265,31134,275,329,92,1352,11,240,86,11
"825","2020-04-16",206,10,40,940,5646,0.967941905773999,8265,31134,275,329,90,1442,16,256,82,16
"826","2020-04-17",283,10,44,993,5646,0.967941905773999,8265,31134,275,329,60,1502,9,265,52,9
"827","2020-04-18",331,10,57,1057,5646,0.967941905773999,8265,31134,275,329,98,1600,7,272,91,7
"828","2020-04-19",294,10,63,1151,5646,0.967941905773999,8265,31134,275,329,81,1681,4,276,76,4
"829","2020-04-20",288,10,57,1221,5646,0.967941905773999,8265,31134,275,329,86,1767,3,279,79,3
"830","2020-04-21",312,10,61,1275,5646,0.967941905773999,8265,31134,275,329,92,1859,7,286,87,7
"831","2020-04-22",338,10,77,1350,5646,0.967941905773999,8265,31134,275,329,95,1954,3,289,85,3
"832","2020-04-23",355,10,84,1389,5646,0.967941905773999,8265,31134,275,329,70,2024,12,301,65,12
"833","2020-04-24",459,10,79,1425,5646,0.967941905773999,8265,31134,275,329,95,2119,6,307,89,6
"834","2020-04-25",496,10,82,1460,5646,0.967941905773999,8265,31134,275,329,91,2210,9,316,85,9
"835","2020-04-26",504,10,83,1518,5646,0.967941905773999,8265,31134,275,329,67,2277,25,341,65,25
"836","2020-04-27",509,10,91,1540,5646,0.967941905773999,8265,31134,275,329,82,2359,14,355,78,14
"837","2020-04-28",520,10,112,1560,5646,0.967941905773999,8265,31134,275,329,71,2430,12,367,67,12
"838","2020-04-29",534,10,114,1628,5646,0.967941905773999,8265,31134,275,329,63,2493,9,376,56,9
"839","2020-04-30",553,10,124,1650,5646,0.967941905773999,8265,31134,275,329,75,2568,11,387,70,11
"840","2020-05-01",588,10,125,1653,5646,0.967941905773999,8265,31134,275,329,69,2637,9,396,66,9
"841","2020-05-02",583,10,136,1652,5646,0.967941905773999,8265,31134,275,329,62,2699,5,401,61,5
"842","2020-05-03",522,10,130,1665,5646,0.967941905773999,8265,31134,275,329,42,2741,13,414,36,13
"843","2020-05-04",523,10,132,1639,5646,0.967941905773999,8265,31134,275,329,70,2811,10,424,67,10
"844","2020-05-05",534,10,135,1598,5646,0.967941905773999,8265,31134,275,329,58,2869,12,436,51,12
"845","2020-05-06",537,10,141,1543,5646,0.967941905773999,8265,31134,275,329,69,2938,13,449,60,13
"846","2020-05-07",535,10,137,1475,5646,0.967941905773999,8265,31134,275,329,59,2997,14,463,54,14
"847","2020-05-08",527,10,143,1414,5646,0.967941905773999,8265,31134,275,329,56,3053,13,476,51,13
"848","2020-05-09",490,10,134,1363,5646,0.967941905773999,8265,31134,275,329,50,3103,14,490,44,14
"849","2020-05-10",487,10,122,1326,5646,0.967941905773999,8265,31134,275,329,50,3153,20,510,48,20
"850","2020-05-11",471,10,112,1250,5646,0.967941905773999,8265,31134,275,329,39,3192,12,522,37,12
"851","2020-05-12",436,10,109,1174,5646,0.967941905773999,8265,31134,275,329,50,3242,11,533,41,11
"852","2020-05-13",416,10,102,1086,5646,0.967941905773999,8265,31134,275,329,59,3301,12,545,52,12
"853","2020-05-14",399,10,101,1038,5646,0.967941905773999,8265,31134,275,329,47,3348,19,564,43,19
"854","2020-05-15",403,10,102,961,5646,0.967941905773999,8265,31134,275,329,50,3398,13,577,47,13
"855","2020-05-16",401,10,89,891,5646,0.967941905773999,8265,31134,275,329,48,3446,23,600,46,23
"856","2020-05-17",358,10,87,826,5646,0.967941905773999,8265,31134,275,329,40,3486,8,608,38,8
"857","2020-05-18",341,10,80,758,5646,0.967941905773999,8265,31134,275,329,26,3512,6,614,21,6
"858","2020-05-19",317,10,81,721,5646,0.967941905773999,8265,31134,275,329,40,3552,8,622,36,8
"859","2020-05-20",305,10,84,686,5646,0.967941905773999,8265,31134,275,329,40,3592,9,631,36,9
"860","2020-05-21",288,10,97,638,5646,0.967941905773999,8265,31134,275,329,31,3623,6,637,26,6
"861","2020-05-22",236,10,96,590,5646,0.967941905773999,8265,31134,275,329,35,3658,5,642,30,5
"862","2020-05-23",232,10,98,527,5646,0.967941905773999,8265,31134,275,329,37,3695,12,654,35,12
"863","2020-05-24",204,10,101,472,5646,0.967941905773999,8265,31134,275,329,33,3728,6,660,31,6
"864","2020-05-25",191,10,110,439,5646,0.967941905773999,8265,31134,275,329,33,3761,3,663,28,3
"865","2020-05-26",182,10,107,411,5646,0.967941905773999,8265,31134,275,329,26,3787,9,672,25,9
"866","2020-05-27",165,10,94,384,5646,0.967941905773999,8265,31134,275,329,23,3810,10,682,22,10
"867","2020-05-28",152,10,90,352,5646,0.967941905773999,8265,31134,275,329,26,3836,10,692,25,10
"868","2020-05-29",143,10,87,339,5646,0.967941905773999,8265,31134,275,329,23,3859,15,707,21,15
"869","2020-05-30",140,10,82,321,5646,0.967941905773999,8265,31134,275,329,21,3880,12,719,18,12
"870","2020-05-31",132,10,79,289,5646,0.967941905773999,8265,31134,275,329,15,3895,18,737,13,18
"871","2020-06-01",122,10,69,265,5646,0.967941905773999,8265,31134,275,329,24,3919,16,753,21,16
"872","2020-06-02",120,10,68,245,5646,0.967941905773999,8265,31134,275,329,18,3937,12,765,16,12
"873","2020-06-03",113,10,68,228,5646,0.967941905773999,8265,31134,275,329,25,3962,1,766,24,1
"874","2020-06-04",105,10,53,215,5646,0.967941905773999,8265,31134,275,329,20,3982,5,771,15,5
"875","2020-06-05",95,10,56,194,5646,0.967941905773999,8265,31134,275,329,13,3995,9,780,12,9
"876","2020-06-06",75,10,48,178,5646,0.967941905773999,8265,31134,275,329,13,4008,7,787,13,7
"877","2020-06-07",70,10,44,163,5646,0.967941905773999,8265,31134,275,329,14,4022,4,791,12,4
"878","2020-03-12",1,11,12,15,5151,0.874587458745875,8370,31042,290,316,9,16,6,12,2,6
"879","2020-03-13",1,11,25,23,5151,0.874587458745875,8370,31042,290,316,13,29,9,21,1,9
"880","2020-03-14",2,11,31,33,5151,0.874587458745875,8370,31042,290,316,13,42,4,25,1,4
"881","2020-03-15",7,11,30,50,5151,0.874587458745875,8370,31042,290,316,9,51,5,30,4,5
"882","2020-03-16",9,11,29,60,5151,0.874587458745875,8370,31042,290,316,9,60,11,41,4,11
"883","2020-03-17",8,11,43,82,5151,0.874587458745875,8370,31042,290,316,17,77,14,55,6,14
"884","2020-03-18",12,11,46,96,5151,0.874587458745875,8370,31042,290,316,15,92,8,63,4,8
"885","2020-03-19",15,11,42,113,5151,0.874587458745875,8370,31042,290,316,23,115,8,71,12,8
"886","2020-03-20",19,11,40,135,5151,0.874587458745875,8370,31042,290,316,26,141,12,83,16,12
"887","2020-03-21",25,11,41,150,5151,0.874587458745875,8370,31042,290,316,17,158,21,104,10,21
"888","2020-03-22",32,11,48,183,5151,0.874587458745875,8370,31042,290,316,27,185,22,126,17,22
"889","2020-03-23",35,11,43,207,5151,0.874587458745875,8370,31042,290,316,29,214,16,142,22,16
"890","2020-03-24",41,11,42,238,5151,0.874587458745875,8370,31042,290,316,34,248,15,157,25,15
"891","2020-03-25",45,11,44,273,5151,0.874587458745875,8370,31042,290,316,32,280,26,183,20,26
"892","2020-03-26",49,11,42,300,5151,0.874587458745875,8370,31042,290,316,43,323,33,216,25,33
"893","2020-03-27",70,11,42,342,5151,0.874587458745875,8370,31042,290,316,29,352,22,238,17,22
"894","2020-03-28",84,11,45,390,5151,0.874587458745875,8370,31042,290,316,30,382,28,266,19,28
"895","2020-03-29",110,11,54,413,5151,0.874587458745875,8370,31042,290,316,33,415,31,297,21,31
"896","2020-03-30",119,11,61,460,5151,0.874587458745875,8370,31042,290,316,45,460,16,313,28,16
"897","2020-03-31",122,11,57,510,5151,0.874587458745875,8370,31042,290,316,42,502,21,334,38,21
"898","2020-04-01",130,11,69,570,5151,0.874587458745875,8370,31042,290,316,40,542,30,364,29,30
"899","2020-04-02",146,11,79,615,5151,0.874587458745875,8370,31042,290,316,55,597,24,388,44,24
"900","2020-04-03",191,11,69,671,5151,0.874587458745875,8370,31042,290,316,40,637,38,426,22,38
"901","2020-04-04",227,11,69,715,5151,0.874587458745875,8370,31042,290,316,67,704,40,466,51,40
"902","2020-04-05",203,11,68,772,5151,0.874587458745875,8370,31042,290,316,41,745,39,505,28,39
"903","2020-04-06",209,11,67,842,5151,0.874587458745875,8370,31042,290,316,58,803,49,554,41,49
"904","2020-04-07",215,11,68,870,5151,0.874587458745875,8370,31042,290,316,55,858,49,603,46,49
"905","2020-04-08",231,11,59,926,5151,0.874587458745875,8370,31042,290,316,60,918,33,636,47,33
"906","2020-04-09",239,11,65,964,5151,0.874587458745875,8370,31042,290,316,55,973,43,679,43,43
"907","2020-04-10",278,11,67,1024,5151,0.874587458745875,8370,31042,290,316,70,1043,39,718,53,39
"908","2020-04-11",295,11,80,1096,5151,0.874587458745875,8370,31042,290,316,59,1102,39,757,50,39
"909","2020-04-12",323,11,75,1137,5151,0.874587458745875,8370,31042,290,316,63,1165,28,785,54,28
"910","2020-04-13",326,11,69,1174,5151,0.874587458745875,8370,31042,290,316,53,1218,44,829,39,44
"911","2020-04-14",334,11,54,1183,5151,0.874587458745875,8370,31042,290,316,81,1299,33,862,72,33
"912","2020-04-15",350,11,51,1217,5151,0.874587458745875,8370,31042,290,316,45,1344,30,892,38,30
"913","2020-04-16",366,11,54,1249,5151,0.874587458745875,8370,31042,290,316,49,1393,31,923,38,31
"914","2020-04-17",437,11,66,1259,5151,0.874587458745875,8370,31042,290,316,54,1447,22,945,39,22
"915","2020-04-18",445,11,66,1296,5151,0.874587458745875,8370,31042,290,316,60,1507,29,974,47,29
"916","2020-04-19",400,11,63,1324,5151,0.874587458745875,8370,31042,290,316,51,1558,19,993,39,19
"917","2020-04-20",407,11,71,1301,5151,0.874587458745875,8370,31042,290,316,74,1632,38,1031,53,38
"918","2020-04-21",416,11,71,1307,5151,0.874587458745875,8370,31042,290,316,60,1692,40,1071,43,40
"919","2020-04-22",425,11,76,1309,5151,0.874587458745875,8370,31042,290,316,69,1761,41,1112,58,41
"920","2020-04-23",437,11,77,1312,5151,0.874587458745875,8370,31042,290,316,65,1826,34,1146,52,34
"921","2020-04-24",471,11,93,1263,5151,0.874587458745875,8370,31042,290,316,65,1891,30,1176,54,30
"922","2020-04-25",470,11,107,1234,5151,0.874587458745875,8370,31042,290,316,61,1952,44,1220,44,44
"923","2020-04-26",456,11,101,1238,5151,0.874587458745875,8370,31042,290,316,54,2006,36,1256,40,36
"924","2020-04-27",445,11,94,1199,5151,0.874587458745875,8370,31042,290,316,66,2072,45,1301,49,45
"925","2020-04-28",443,11,101,1170,5151,0.874587458745875,8370,31042,290,316,53,2125,37,1338,43,37
"926","2020-04-29",417,11,102,1158,5151,0.874587458745875,8370,31042,290,316,58,2183,33,1371,49,33
"927","2020-04-30",391,11,96,1105,5151,0.874587458745875,8370,31042,290,316,52,2235,36,1407,36,36
"928","2020-05-01",389,11,91,1042,5151,0.874587458745875,8370,31042,290,316,57,2292,46,1453,52,46
"929","2020-05-02",412,11,97,1003,5151,0.874587458745875,8370,31042,290,316,44,2336,53,1506,35,53
"930","2020-05-03",380,11,111,941,5151,0.874587458745875,8370,31042,290,316,41,2377,37,1543,27,37
"931","2020-05-04",348,11,126,919,5151,0.874587458745875,8370,31042,290,316,52,2429,41,1584,39,41
"932","2020-05-05",331,11,130,872,5151,0.874587458745875,8370,31042,290,316,44,2473,41,1625,32,41
"933","2020-05-06",333,11,127,856,5151,0.874587458745875,8370,31042,290,316,45,2518,30,1655,37,30
"934","2020-05-07",326,11,114,802,5151,0.874587458745875,8370,31042,290,316,34,2552,33,1688,27,33
"935","2020-05-08",311,11,113,759,5151,0.874587458745875,8370,31042,290,316,48,2600,35,1723,39,35
"936","2020-05-09",274,11,112,715,5151,0.874587458745875,8370,31042,290,316,50,2650,47,1770,41,47
"937","2020-05-10",248,11,113,680,5151,0.874587458745875,8370,31042,290,316,34,2684,51,1821,23,51
"938","2020-05-11",239,11,105,666,5151,0.874587458745875,8370,31042,290,316,52,2736,49,1870,39,49
"939","2020-05-12",226,11,101,650,5151,0.874587458745875,8370,31042,290,316,49,2785,30,1900,42,30
"940","2020-05-13",222,11,97,598,5151,0.874587458745875,8370,31042,290,316,33,2818,39,1939,25,39
"941","2020-05-14",217,11,91,572,5151,0.874587458745875,8370,31042,290,316,42,2860,28,1967,35,28
"942","2020-05-15",197,11,81,535,5151,0.874587458745875,8370,31042,290,316,24,2884,30,1997,17,30
"943","2020-05-16",194,11,73,508,5151,0.874587458745875,8370,31042,290,316,33,2917,48,2045,23,48
"944","2020-05-17",174,11,70,471,5151,0.874587458745875,8370,31042,290,316,35,2952,34,2079,31,34
"945","2020-05-18",177,11,81,451,5151,0.874587458745875,8370,31042,290,316,46,2998,36,2115,39,36
"946","2020-05-19",175,11,76,437,5151,0.874587458745875,8370,31042,290,316,40,3038,26,2141,32,26
"947","2020-05-20",156,11,80,399,5151,0.874587458745875,8370,31042,290,316,41,3079,35,2176,34,35
"948","2020-05-21",148,11,70,380,5151,0.874587458745875,8370,31042,290,316,24,3103,35,2211,14,35
"949","2020-05-22",134,11,64,354,5151,0.874587458745875,8370,31042,290,316,39,3142,36,2247,34,36
"950","2020-05-23",128,11,58,341,5151,0.874587458745875,8370,31042,290,316,38,3180,46,2293,28,46
"951","2020-05-24",124,11,55,304,5151,0.874587458745875,8370,31042,290,316,33,3213,34,2327,25,34
"952","2020-05-25",110,11,53,289,5151,0.874587458745875,8370,31042,290,316,24,3237,43,2370,18,43
"953","2020-05-26",104,11,58,265,5151,0.874587458745875,8370,31042,290,316,32,3269,32,2402,26,32
"954","2020-05-27",108,11,57,249,5151,0.874587458745875,8370,31042,290,316,24,3293,27,2429,18,27
"955","2020-05-28",109,11,68,240,5151,0.874587458745875,8370,31042,290,316,21,3314,42,2471,16,42
"956","2020-05-29",103,11,62,217,5151,0.874587458745875,8370,31042,290,316,21,3335,36,2507,15,36
"957","2020-05-30",93,11,57,194,5151,0.874587458745875,8370,31042,290,316,24,3359,36,2543,20,36
"958","2020-05-31",82,11,58,182,5151,0.874587458745875,8370,31042,290,316,22,3381,25,2568,16,25
"959","2020-06-01",80,11,65,164,5151,0.874587458745875,8370,31042,290,316,18,3399,29,2597,13,29
"960","2020-06-02",70,11,69,158,5151,0.874587458745875,8370,31042,290,316,14,3413,27,2624,10,27
"961","2020-06-03",60,11,58,141,5151,0.874587458745875,8370,31042,290,316,8,3421,28,2652,5,28
"962","2020-06-04",49,11,56,124,5151,0.874587458745875,8370,31042,290,316,26,3447,41,2693,19,41
"963","2020-06-05",45,11,51,116,5151,0.874587458745875,8370,31042,290,316,18,3465,31,2724,14,31
"964","2020-06-06",47,11,46,107,5151,0.874587458745875,8370,31042,290,316,22,3487,46,2770,15,46
"965","2020-06-07",36,11,42,104,5151,0.874587458745875,8370,31042,290,316,13,3500,59,2829,9,59
"966","2020-03-14",1,12,14,36,2468,0.637763371150729,8445,20933,130,193,9,38,3,17,9,3
"967","2020-03-15",2,12,15,53,2468,0.637763371150729,8445,20933,130,193,9,47,3,20,5,3
"968","2020-03-16",2,12,17,67,2468,0.637763371150729,8445,20933,130,193,14,61,10,30,8,10
"969","2020-03-17",3,12,19,84,2468,0.637763371150729,8445,20933,130,193,9,70,8,38,6,8
"970","2020-03-18",6,12,23,101,2468,0.637763371150729,8445,20933,130,193,21,91,6,44,13,6
"971","2020-03-19",9,12,26,112,2468,0.637763371150729,8445,20933,130,193,12,103,2,46,7,2
"972","2020-03-20",15,12,29,123,2468,0.637763371150729,8445,20933,130,193,15,118,2,48,10,2
"973","2020-03-21",29,12,32,142,2468,0.637763371150729,8445,20933,130,193,23,141,1,49,11,1
"974","2020-03-22",33,12,32,152,2468,0.637763371150729,8445,20933,130,193,17,158,4,53,11,4
"975","2020-03-23",36,12,33,169,2468,0.637763371150729,8445,20933,130,193,21,179,5,58,15,5
"976","2020-03-24",40,12,29,185,2468,0.637763371150729,8445,20933,130,193,22,201,4,62,18,4
"977","2020-03-25",44,12,29,200,2468,0.637763371150729,8445,20933,130,193,25,226,5,67,19,5
"978","2020-03-26",49,12,33,209,2468,0.637763371150729,8445,20933,130,193,24,250,6,73,15,6
"979","2020-03-27",61,12,42,225,2468,0.637763371150729,8445,20933,130,193,20,270,3,76,13,3
"980","2020-03-28",55,12,38,222,2468,0.637763371150729,8445,20933,130,193,38,308,3,79,29,3
"981","2020-03-29",63,12,39,238,2468,0.637763371150729,8445,20933,130,193,35,343,NA,NA,25,NA
"982","2020-03-30",70,12,43,242,2468,0.637763371150729,8445,20933,130,193,37,380,3,82,33,3
"983","2020-03-31",71,12,53,247,2468,0.637763371150729,8445,20933,130,193,29,409,8,90,23,8
"984","2020-04-01",74,12,52,263,2468,0.637763371150729,8445,20933,130,193,41,450,3,93,33,3
"985","2020-04-02",75,12,52,274,2468,0.637763371150729,8445,20933,130,193,35,485,2,95,28,2
"986","2020-04-03",94,12,55,276,2468,0.637763371150729,8445,20933,130,193,41,526,12,107,33,12
"987","2020-04-04",100,12,65,271,2468,0.637763371150729,8445,20933,130,193,44,570,4,111,36,4
"988","2020-04-05",89,12,70,281,2468,0.637763371150729,8445,20933,130,193,46,616,1,112,40,1
"989","2020-04-06",84,12,66,290,2468,0.637763371150729,8445,20933,130,193,38,654,1,113,36,1
"990","2020-04-07",83,12,61,300,2468,0.637763371150729,8445,20933,130,193,37,691,5,118,31,5
"991","2020-04-08",85,12,63,304,2468,0.637763371150729,8445,20933,130,193,48,739,7,125,41,7
"992","2020-04-09",92,12,59,316,2468,0.637763371150729,8445,20933,130,193,45,784,5,130,41,5
"993","2020-04-10",99,12,56,321,2468,0.637763371150729,8445,20933,130,193,46,830,19,149,40,19
"994","2020-04-11",110,12,51,339,2468,0.637763371150729,8445,20933,130,193,51,881,8,157,45,8
"995","2020-04-12",108,12,49,354,2468,0.637763371150729,8445,20933,130,193,32,913,4,161,27,4
"996","2020-04-13",105,12,49,368,2468,0.637763371150729,8445,20933,130,193,45,958,6,167,42,6
"997","2020-04-14",109,12,46,384,2468,0.637763371150729,8445,20933,130,193,43,1001,7,174,40,7
"998","2020-04-15",106,12,52,376,2468,0.637763371150729,8445,20933,130,193,50,1051,6,180,46,6
"999","2020-04-16",106,12,52,374,2468,0.637763371150729,8445,20933,130,193,53,1104,10,190,42,10
"1000","2020-04-17",115,12,50,385,2468,0.637763371150729,8445,20933,130,193,46,1150,3,193,43,3
"1001","2020-04-18",119,12,60,402,2468,0.637763371150729,8445,20933,130,193,44,1194,6,199,39,6
"1002","2020-04-19",122,12,67,401,2468,0.637763371150729,8445,20933,130,193,50,1244,6,205,48,6
"1003","2020-04-20",112,12,86,405,2468,0.637763371150729,8445,20933,130,193,36,1280,15,220,30,15
"1004","2020-04-21",104,12,75,402,2468,0.637763371150729,8445,20933,130,193,47,1327,17,237,43,17
"1005","2020-04-22",119,12,88,394,2468,0.637763371150729,8445,20933,130,193,54,1381,6,243,42,6
"1006","2020-04-23",120,12,84,402,2468,0.637763371150729,8445,20933,130,193,53,1434,16,259,46,16
"1007","2020-04-24",127,12,85,411,2468,0.637763371150729,8445,20933,130,193,48,1482,24,283,40,24
"1008","2020-04-25",142,12,77,422,2468,0.637763371150729,8445,20933,130,193,53,1535,11,294,44,11
"1009","2020-04-26",133,12,71,429,2468,0.637763371150729,8445,20933,130,193,50,1585,15,309,45,15
"1010","2020-04-27",135,12,63,430,2468,0.637763371150729,8445,20933,130,193,47,1632,25,334,43,25
"1011","2020-04-28",137,12,54,431,2468,0.637763371150729,8445,20933,130,193,48,1680,14,348,41,14
"1012","2020-04-29",126,12,47,431,2468,0.637763371150729,8445,20933,130,193,34,1714,19,367,32,19
"1013","2020-04-30",128,12,49,422,2468,0.637763371150729,8445,20933,130,193,54,1768,15,382,49,15
"1014","2020-05-01",137,12,45,417,2468,0.637763371150729,8445,20933,130,193,39,1807,13,395,36,13
"1015","2020-05-02",131,12,54,415,2468,0.637763371150729,8445,20933,130,193,46,1853,21,416,42,21
"1016","2020-05-03",138,12,55,409,2468,0.637763371150729,8445,20933,130,193,37,1890,4,420,30,4
"1017","2020-05-04",140,12,51,422,2468,0.637763371150729,8445,20933,130,193,32,1922,1,421,29,1
"1018","2020-05-05",138,12,51,415,2468,0.637763371150729,8445,20933,130,193,52,1974,2,423,48,2
"1019","2020-05-06",139,12,54,402,2468,0.637763371150729,8445,20933,130,193,54,2028,1,424,46,1
"1020","2020-05-07",130,12,51,399,2468,0.637763371150729,8445,20933,130,193,48,2076,3,427,46,3
"1021","2020-05-08",128,12,60,379,2468,0.637763371150729,8445,20933,130,193,50,2126,NA,NA,46,NA
"1022","2020-05-09",143,12,57,385,2468,0.637763371150729,8445,20933,130,193,42,2168,1,428,39,1
"1023","2020-05-10",146,12,56,404,2468,0.637763371150729,8445,20933,130,193,39,2207,NA,NA,35,NA
"1024","2020-05-11",137,12,62,394,2468,0.637763371150729,8445,20933,130,193,37,2244,1,429,35,1
"1025","2020-05-12",133,12,74,396,2468,0.637763371150729,8445,20933,130,193,46,2290,1,430,40,1
"1026","2020-05-13",133,12,73,403,2468,0.637763371150729,8445,20933,130,193,32,2322,13,443,25,13
"1027","2020-05-14",139,12,69,401,2468,0.637763371150729,8445,20933,130,193,39,2361,11,454,34,11
"1028","2020-05-15",149,12,63,390,2468,0.637763371150729,8445,20933,130,193,28,2389,4,458,25,4
"1029","2020-05-16",142,12,51,383,2468,0.637763371150729,8445,20933,130,193,37,2426,12,470,33,12
"1030","2020-05-17",120,12,48,354,2468,0.637763371150729,8445,20933,130,193,29,2455,15,485,24,15
"1031","2020-05-18",115,12,43,346,2468,0.637763371150729,8445,20933,130,193,34,2489,9,494,30,9
"1032","2020-05-19",118,12,48,338,2468,0.637763371150729,8445,20933,130,193,31,2520,12,506,26,12
"1033","2020-05-20",114,12,43,327,2468,0.637763371150729,8445,20933,130,193,44,2564,3,509,39,3
"1034","2020-05-21",114,12,45,313,2468,0.637763371150729,8445,20933,130,193,30,2594,6,515,21,6
"1035","2020-05-22",109,12,46,298,2468,0.637763371150729,8445,20933,130,193,29,2623,3,518,27,3
"1036","2020-05-23",107,12,48,285,2468,0.637763371150729,8445,20933,130,193,28,2651,12,530,27,12
"1037","2020-05-24",101,12,47,276,2468,0.637763371150729,8445,20933,130,193,30,2681,11,541,24,11
"1038","2020-05-25",97,12,48,273,2468,0.637763371150729,8445,20933,130,193,32,2713,10,551,29,10
"1039","2020-05-26",95,12,52,252,2468,0.637763371150729,8445,20933,130,193,19,2732,13,564,14,13
"1040","2020-05-27",91,12,54,242,2468,0.637763371150729,8445,20933,130,193,28,2760,10,574,25,10
"1041","2020-05-28",86,12,57,231,2468,0.637763371150729,8445,20933,130,193,18,2778,12,586,16,12
"1042","2020-05-29",83,12,60,211,2468,0.637763371150729,8445,20933,130,193,29,2807,13,599,25,13
"1043","2020-05-30",79,12,49,204,2468,0.637763371150729,8445,20933,130,193,19,2826,7,606,18,7
"1044","2020-05-31",69,12,45,199,2468,0.637763371150729,8445,20933,130,193,22,2848,11,617,21,11
"1045","2020-06-01",68,12,46,178,2468,0.637763371150729,8445,20933,130,193,20,2868,6,623,17,6
"1046","2020-06-02",60,12,50,164,2468,0.637763371150729,8445,20933,130,193,18,2886,6,629,15,6
"1047","2020-06-03",58,12,40,168,2468,0.637763371150729,8445,20933,130,193,21,2907,9,638,20,9
"1048","2020-06-04",56,12,41,159,2468,0.637763371150729,8445,20933,130,193,24,2931,8,646,24,8
"1049","2020-06-05",48,12,37,148,2468,0.637763371150729,8445,20933,130,193,20,2951,4,650,18,4
"1050","2020-06-06",45,12,35,147,2468,0.637763371150729,8445,20933,130,193,20,2971,10,660,17,10
"1051","2020-06-07",47,12,36,139,2468,0.637763371150729,8445,20933,130,193,15,2986,4,664,13,4
"1052","2020-03-13",2,13,13,10,5379,0.956311582078453,8400,32015,358,302,12,25,4,10,1,4
"1053","2020-03-14",3,13,15,12,5379,0.956311582078453,8400,32015,358,302,11,36,9,19,3,9
"1054","2020-03-15",1,13,17,17,5379,0.956311582078453,8400,32015,358,302,12,48,7,26,5,7
"1055","2020-03-16",1,13,21,22,5379,0.956311582078453,8400,32015,358,302,8,56,2,28,3,2
"1056","2020-03-17",3,13,16,28,5379,0.956311582078453,8400,32015,358,302,12,68,4,32,5,4
"1057","2020-03-18",3,13,12,36,5379,0.956311582078453,8400,32015,358,302,16,84,2,34,9,2
"1058","2020-03-19",4,13,14,44,5379,0.956311582078453,8400,32015,358,302,19,103,4,38,16,4
"1059","2020-03-20",7,13,14,51,5379,0.956311582078453,8400,32015,358,302,20,123,2,40,12,2
"1060","2020-03-21",10,13,15,57,5379,0.956311582078453,8400,32015,358,302,25,148,8,48,18,8
"1061","2020-03-22",10,13,20,59,5379,0.956311582078453,8400,32015,358,302,26,174,8,56,15,8
"1062","2020-03-23",11,13,22,74,5379,0.956311582078453,8400,32015,358,302,17,191,11,67,11,11
"1063","2020-03-24",9,13,30,90,5379,0.956311582078453,8400,32015,358,302,30,221,5,72,21,5
"1064","2020-03-25",9,13,35,100,5379,0.956311582078453,8400,32015,358,302,22,243,5,77,14,5
"1065","2020-03-26",11,13,32,123,5379,0.956311582078453,8400,32015,358,302,16,259,10,87,12,10
"1066","2020-03-27",21,13,29,143,5379,0.956311582078453,8400,32015,358,302,23,282,5,92,17,5
"1067","2020-03-28",34,13,33,160,5379,0.956311582078453,8400,32015,358,302,19,301,1,93,13,1
"1068","2020-03-29",41,13,32,185,5379,0.956311582078453,8400,32015,358,302,34,335,3,96,21,3
"1069","2020-03-30",38,13,30,206,5379,0.956311582078453,8400,32015,358,302,25,360,NA,NA,17,NA
"1070","2020-03-31",43,13,34,226,5379,0.956311582078453,8400,32015,358,302,34,394,1,97,26,1
"1071","2020-04-01",53,13,33,255,5379,0.956311582078453,8400,32015,358,302,24,418,5,102,18,5
"1072","2020-04-02",65,13,23,288,5379,0.956311582078453,8400,32015,358,302,25,443,4,106,21,4
"1073","2020-04-03",79,13,26,319,5379,0.956311582078453,8400,32015,358,302,32,475,6,112,26,6
"1074","2020-04-04",86,13,26,362,5379,0.956311582078453,8400,32015,358,302,35,510,10,122,28,10
"1075","2020-04-05",94,13,22,391,5379,0.956311582078453,8400,32015,358,302,44,554,8,130,37,8
"1076","2020-04-06",109,13,34,406,5379,0.956311582078453,8400,32015,358,302,31,585,9,139,25,9
"1077","2020-04-07",113,13,39,449,5379,0.956311582078453,8400,32015,358,302,51,636,2,141,41,2
"1078","2020-04-08",113,13,49,483,5379,0.956311582078453,8400,32015,358,302,52,688,2,143,43,2
"1079","2020-04-09",119,13,55,517,5379,0.956311582078453,8400,32015,358,302,50,738,3,146,45,3
"1080","2020-04-10",146,13,62,548,5379,0.956311582078453,8400,32015,358,302,58,796,5,151,46,5
"1081","2020-04-11",174,13,59,571,5379,0.956311582078453,8400,32015,358,302,54,850,4,155,44,4
"1082","2020-04-12",171,13,56,592,5379,0.956311582078453,8400,32015,358,302,44,894,6,161,34,6
"1083","2020-04-13",166,13,56,650,5379,0.956311582078453,8400,32015,358,302,65,959,7,168,60,7
"1084","2020-04-14",179,13,49,691,5379,0.956311582078453,8400,32015,358,302,67,1026,NA,NA,61,NA
"1085","2020-04-15",187,13,50,742,5379,0.956311582078453,8400,32015,358,302,53,1079,1,169,47,1
"1086","2020-04-16",195,13,49,800,5379,0.956311582078453,8400,32015,358,302,61,1140,6,175,51,6
"1087","2020-04-17",243,13,44,856,5379,0.956311582078453,8400,32015,358,302,62,1202,6,181,51,6
"1088","2020-04-18",241,13,48,922,5379,0.956311582078453,8400,32015,358,302,56,1258,7,188,51,7
"1089","2020-04-19",264,13,47,953,5379,0.956311582078453,8400,32015,358,302,65,1323,9,197,54,9
"1090","2020-04-20",275,13,45,1037,5379,0.956311582078453,8400,32015,358,302,86,1409,6,203,75,6
"1091","2020-04-21",258,13,49,1108,5379,0.956311582078453,8400,32015,358,302,54,1463,7,210,45,7
"1092","2020-04-22",274,13,53,1156,5379,0.956311582078453,8400,32015,358,302,67,1530,7,217,61,7
"1093","2020-04-23",296,13,54,1189,5379,0.956311582078453,8400,32015,358,302,62,1592,NA,NA,58,NA
"1094","2020-04-24",357,13,53,1204,5379,0.956311582078453,8400,32015,358,302,65,1657,3,220,55,3
"1095","2020-04-25",413,13,51,1274,5379,0.956311582078453,8400,32015,358,302,53,1710,10,230,45,10
"1096","2020-04-26",377,13,55,1322,5379,0.956311582078453,8400,32015,358,302,62,1772,7,237,55,7
"1097","2020-04-27",367,13,46,1366,5379,0.956311582078453,8400,32015,358,302,56,1828,10,247,52,10
"1098","2020-04-28",376,13,53,1386,5379,0.956311582078453,8400,32015,358,302,57,1885,11,258,54,11
"1099","2020-04-29",397,13,51,1408,5379,0.956311582078453,8400,32015,358,302,47,1932,7,265,43,7
"1100","2020-04-30",403,13,53,1431,5379,0.956311582078453,8400,32015,358,302,66,1998,4,269,57,4
"1101","2020-05-01",479,13,55,1416,5379,0.956311582078453,8400,32015,358,302,63,2061,8,277,53,8
"1102","2020-05-02",464,13,53,1438,5379,0.956311582078453,8400,32015,358,302,70,2131,12,289,61,12
"1103","2020-05-03",468,13,49,1428,5379,0.956311582078453,8400,32015,358,302,58,2189,10,299,47,10
"1104","2020-05-04",476,13,52,1448,5379,0.956311582078453,8400,32015,358,302,53,2242,14,313,47,14
"1105","2020-05-05",488,13,47,1407,5379,0.956311582078453,8400,32015,358,302,50,2292,10,323,41,10
"1106","2020-05-06",490,13,53,1391,5379,0.956311582078453,8400,32015,358,302,57,2349,10,333,49,10
"1107","2020-05-07",477,13,49,1385,5379,0.956311582078453,8400,32015,358,302,48,2397,7,340,42,7
"1108","2020-05-08",481,13,52,1345,5379,0.956311582078453,8400,32015,358,302,36,2433,5,345,31,5
"1109","2020-05-09",493,13,50,1311,5379,0.956311582078453,8400,32015,358,302,49,2482,8,353,44,8
"1110","2020-05-10",454,13,60,1277,5379,0.956311582078453,8400,32015,358,302,59,2541,8,361,51,8
"1111","2020-05-11",448,13,73,1241,5379,0.956311582078453,8400,32015,358,302,53,2594,19,380,51,19
"1112","2020-05-12",446,13,66,1181,5379,0.956311582078453,8400,32015,358,302,52,2646,8,388,45,8
"1113","2020-05-13",440,13,58,1165,5379,0.956311582078453,8400,32015,358,302,57,2703,11,399,50,11
"1114","2020-05-14",434,13,61,1102,5379,0.956311582078453,8400,32015,358,302,46,2749,9,408,37,9
"1115","2020-05-15",423,13,71,1057,5379,0.956311582078453,8400,32015,358,302,53,2802,16,424,50,16
"1116","2020-05-16",394,13,81,1017,5379,0.956311582078453,8400,32015,358,302,54,2856,18,442,47,18
"1117","2020-05-17",368,13,88,974,5379,0.956311582078453,8400,32015,358,302,46,2902,14,456,41,14
"1118","2020-05-18",358,13,91,926,5379,0.956311582078453,8400,32015,358,302,42,2944,8,464,35,8
"1119","2020-05-19",334,13,88,867,5379,0.956311582078453,8400,32015,358,302,29,2973,6,470,24,6
"1120","2020-05-20",323,13,87,811,5379,0.956311582078453,8400,32015,358,302,29,3002,9,479,25,9
"1121","2020-05-21",321,13,87,736,5379,0.956311582078453,8400,32015,358,302,44,3046,8,487,37,8
"1122","2020-05-22",307,13,94,663,5379,0.956311582078453,8400,32015,358,302,34,3080,6,493,27,6
"1123","2020-05-23",295,13,82,597,5379,0.956311582078453,8400,32015,358,302,36,3116,9,502,29,9
"1124","2020-05-24",263,13,89,548,5379,0.956311582078453,8400,32015,358,302,33,3149,7,509,28,7
"1125","2020-05-25",241,13,86,491,5379,0.956311582078453,8400,32015,358,302,28,3177,8,517,22,8
"1126","2020-05-26",225,13,84,435,5379,0.956311582078453,8400,32015,358,302,41,3218,6,523,36,6
"1127","2020-05-27",200,13,80,406,5379,0.956311582078453,8400,32015,358,302,23,3241,5,528,22,5
"1128","2020-05-28",182,13,80,364,5379,0.956311582078453,8400,32015,358,302,31,3272,9,537,28,9
"1129","2020-05-29",148,13,77,332,5379,0.956311582078453,8400,32015,358,302,25,3297,9,546,20,9
"1130","2020-05-30",144,13,75,306,5379,0.956311582078453,8400,32015,358,302,17,3314,13,559,15,13
"1131","2020-05-31",124,13,72,268,5379,0.956311582078453,8400,32015,358,302,25,3339,8,567,21,8
"1132","2020-06-01",110,13,71,245,5379,0.956311582078453,8400,32015,358,302,18,3357,18,585,16,18
"1133","2020-06-02",101,13,63,225,5379,0.956311582078453,8400,32015,358,302,21,3378,6,591,18,6
"1134","2020-06-03",98,13,65,210,5379,0.956311582078453,8400,32015,358,302,17,3395,9,600,15,9
"1135","2020-06-04",88,13,70,190,5379,0.956311582078453,8400,32015,358,302,12,3407,5,605,9,5
"1136","2020-06-05",73,13,69,166,5379,0.956311582078453,8400,32015,358,302,9,3416,4,609,7,4
"1137","2020-06-06",61,13,75,151,5379,0.956311582078453,8400,32015,358,302,13,3429,7,616,13,7
"1138","2020-06-07",62,13,74,142,5379,0.956311582078453,8400,32015,358,302,13,3442,1,617,11,1
"1139","2020-03-15",1,14,30,22,4897,0.945885235858689,8280,31294,313,345,10,36,7,21,4,7
"1140","2020-03-16",1,14,32,35,4897,0.945885235858689,8280,31294,313,345,10,46,11,32,6,11
"1141","2020-03-17",3,14,31,43,4897,0.945885235858689,8280,31294,313,345,20,66,NA,NA,12,NA
"1142","2020-03-18",3,14,28,55,4897,0.945885235858689,8280,31294,313,345,12,78,3,35,9,3
"1143","2020-03-19",5,14,42,72,4897,0.945885235858689,8280,31294,313,345,9,87,1,36,5,1
"1144","2020-03-20",11,14,46,89,4897,0.945885235858689,8280,31294,313,345,17,104,2,38,11,2
"1145","2020-03-21",11,14,48,103,4897,0.945885235858689,8280,31294,313,345,9,113,12,50,9,12
"1146","2020-03-22",13,14,45,125,4897,0.945885235858689,8280,31294,313,345,20,133,5,55,15,5
"1147","2020-03-23",20,14,41,158,4897,0.945885235858689,8280,31294,313,345,23,156,3,58,17,3
"1148","2020-03-24",25,14,39,182,4897,0.945885235858689,8280,31294,313,345,22,178,1,59,20,1
"1149","2020-03-25",27,14,42,210,4897,0.945885235858689,8280,31294,313,345,23,201,1,60,15,1
"1150","2020-03-26",32,14,39,226,4897,0.945885235858689,8280,31294,313,345,32,233,5,65,28,5
"1151","2020-03-27",40,14,38,263,4897,0.945885235858689,8280,31294,313,345,25,258,3,68,21,3
"1152","2020-03-28",54,14,33,290,4897,0.945885235858689,8280,31294,313,345,25,283,14,82,22,14
"1153","2020-03-29",66,14,38,321,4897,0.945885235858689,8280,31294,313,345,28,311,2,84,24,2
"1154","2020-03-30",71,14,47,355,4897,0.945885235858689,8280,31294,313,345,18,329,1,85,13,1
"1155","2020-03-31",67,14,39,381,4897,0.945885235858689,8280,31294,313,345,23,352,5,90,15,5
"1156","2020-04-01",78,14,40,402,4897,0.945885235858689,8280,31294,313,345,27,379,12,102,24,12
"1157","2020-04-02",81,14,53,451,4897,0.945885235858689,8280,31294,313,345,30,409,19,121,24,19
"1158","2020-04-03",96,14,55,488,4897,0.945885235858689,8280,31294,313,345,28,437,16,137,21,16
"1159","2020-04-04",126,14,56,513,4897,0.945885235858689,8280,31294,313,345,42,479,21,158,34,21
"1160","2020-04-05",132,14,56,552,4897,0.945885235858689,8280,31294,313,345,29,508,13,171,25,13
"1161","2020-04-06",133,14,62,592,4897,0.945885235858689,8280,31294,313,345,46,554,12,183,32,12
"1162","2020-04-07",141,14,61,663,4897,0.945885235858689,8280,31294,313,345,43,597,5,188,32,5
"1163","2020-04-08",157,14,69,696,4897,0.945885235858689,8280,31294,313,345,33,630,8,196,24,8
"1164","2020-04-09",167,14,69,749,4897,0.945885235858689,8280,31294,313,345,45,675,4,200,35,4
"1165","2020-04-10",223,14,79,824,4897,0.945885235858689,8280,31294,313,345,38,713,11,211,34,11
"1166","2020-04-11",219,14,89,871,4897,0.945885235858689,8280,31294,313,345,39,752,11,222,31,11
"1167","2020-04-12",241,14,91,940,4897,0.945885235858689,8280,31294,313,345,44,796,6,228,39,6
"1168","2020-04-13",248,14,92,987,4897,0.945885235858689,8280,31294,313,345,47,843,14,242,38,14
"1169","2020-04-14",257,14,89,1037,4897,0.945885235858689,8280,31294,313,345,38,881,9,251,32,9
"1170","2020-04-15",274,14,91,1081,4897,0.945885235858689,8280,31294,313,345,35,916,3,254,32,3
"1171","2020-04-16",304,14,94,1146,4897,0.945885235858689,8280,31294,313,345,53,969,NA,NA,46,NA
"1172","2020-04-17",347,14,92,1170,4897,0.945885235858689,8280,31294,313,345,43,1012,7,261,33,7
"1173","2020-04-18",365,14,95,1234,4897,0.945885235858689,8280,31294,313,345,52,1064,12,273,45,12
"1174","2020-04-19",392,14,99,1251,4897,0.945885235858689,8280,31294,313,345,35,1099,23,296,29,23
"1175","2020-04-20",420,14,104,1256,4897,0.945885235858689,8280,31294,313,345,59,1158,5,301,52,5
"1176","2020-04-21",416,14,102,1272,4897,0.945885235858689,8280,31294,313,345,50,1208,6,307,46,6
"1177","2020-04-22",431,14,103,1268,4897,0.945885235858689,8280,31294,313,345,39,1247,16,323,31,16
"1178","2020-04-23",430,14,94,1290,4897,0.945885235858689,8280,31294,313,345,45,1292,9,332,40,9
"1179","2020-04-24",503,14,100,1253,4897,0.945885235858689,8280,31294,313,345,41,1333,8,340,40,8
"1180","2020-04-25",524,14,109,1239,4897,0.945885235858689,8280,31294,313,345,45,1378,13,353,40,13
"1181","2020-04-26",439,14,112,1219,4897,0.945885235858689,8280,31294,313,345,52,1430,15,368,47,15
"1182","2020-04-27",424,14,111,1175,4897,0.945885235858689,8280,31294,313,345,51,1481,2,370,46,2
"1183","2020-04-28",422,14,103,1133,4897,0.945885235858689,8280,31294,313,345,54,1535,4,374,50,4
"1184","2020-04-29",402,14,114,1123,4897,0.945885235858689,8280,31294,313,345,45,1580,7,381,37,7
"1185","2020-04-30",393,14,115,1088,4897,0.945885235858689,8280,31294,313,345,46,1626,14,395,40,14
"1186","2020-05-01",424,14,117,1063,4897,0.945885235858689,8280,31294,313,345,55,1681,22,417,49,22
"1187","2020-05-02",405,14,124,1019,4897,0.945885235858689,8280,31294,313,345,42,1723,31,448,34,31
"1188","2020-05-03",363,14,115,981,4897,0.945885235858689,8280,31294,313,345,56,1779,8,456,51,8
"1189","2020-05-04",338,14,110,950,4897,0.945885235858689,8280,31294,313,345,31,1810,11,467,30,11
"1190","2020-05-05",332,14,104,917,4897,0.945885235858689,8280,31294,313,345,37,1847,7,474,29,7
"1191","2020-05-06",313,14,114,866,4897,0.945885235858689,8280,31294,313,345,34,1881,6,480,30,6
"1192","2020-05-07",298,14,111,825,4897,0.945885235858689,8280,31294,313,345,40,1921,9,489,38,9
"1193","2020-05-08",269,14,103,789,4897,0.945885235858689,8280,31294,313,345,40,1961,13,502,36,13
"1194","2020-05-09",255,14,106,760,4897,0.945885235858689,8280,31294,313,345,37,1998,20,522,33,20
"1195","2020-05-10",260,14,110,734,4897,0.945885235858689,8280,31294,313,345,38,2036,25,547,30,25
"1196","2020-05-11",255,14,102,722,4897,0.945885235858689,8280,31294,313,345,42,2078,19,566,36,19
"1197","2020-05-12",233,14,113,685,4897,0.945885235858689,8280,31294,313,345,30,2108,16,582,26,16
"1198","2020-05-13",237,14,102,645,4897,0.945885235858689,8280,31294,313,345,30,2138,20,602,26,20
"1199","2020-05-14",238,14,97,616,4897,0.945885235858689,8280,31294,313,345,35,2173,20,622,31,20
"1200","2020-05-15",232,14,93,600,4897,0.945885235858689,8280,31294,313,345,39,2212,7,629,32,7
"1201","2020-05-16",232,14,99,567,4897,0.945885235858689,8280,31294,313,345,37,2249,19,648,31,19
"1202","2020-05-17",197,14,100,538,4897,0.945885235858689,8280,31294,313,345,24,2273,16,664,16,16
"1203","2020-05-18",195,14,98,508,4897,0.945885235858689,8280,31294,313,345,36,2309,18,682,29,18
"1204","2020-05-19",191,14,93,485,4897,0.945885235858689,8280,31294,313,345,37,2346,15,697,32,15
"1205","2020-05-20",184,14,92,463,4897,0.945885235858689,8280,31294,313,345,43,2389,15,712,37,15
"1206","2020-05-21",172,14,93,447,4897,0.945885235858689,8280,31294,313,345,29,2418,24,736,22,24
"1207","2020-05-22",152,14,78,421,4897,0.945885235858689,8280,31294,313,345,24,2442,8,744,20,8
"1208","2020-05-23",148,14,84,389,4897,0.945885235858689,8280,31294,313,345,40,2482,16,760,31,16
"1209","2020-05-24",136,14,82,368,4897,0.945885235858689,8280,31294,313,345,21,2503,5,765,16,5
"1210","2020-05-25",134,14,80,347,4897,0.945885235858689,8280,31294,313,345,28,2531,10,775,24,10
"1211","2020-05-26",125,14,76,333,4897,0.945885235858689,8280,31294,313,345,32,2563,18,793,24,18
"1212","2020-05-27",117,14,69,313,4897,0.945885235858689,8280,31294,313,345,26,2589,8,801,24,8
"1213","2020-05-28",119,14,62,309,4897,0.945885235858689,8280,31294,313,345,22,2611,19,820,20,19
"1214","2020-05-29",116,14,52,283,4897,0.945885235858689,8280,31294,313,345,27,2638,10,830,25,10
"1215","2020-05-30",110,14,47,272,4897,0.945885235858689,8280,31294,313,345,30,2668,12,842,27,12
"1216","2020-05-31",114,14,47,244,4897,0.945885235858689,8280,31294,313,345,19,2687,8,850,19,8
"1217","2020-06-01",100,14,56,221,4897,0.945885235858689,8280,31294,313,345,18,2705,10,860,15,10
"1218","2020-06-02",94,14,49,209,4897,0.945885235858689,8280,31294,313,345,17,2722,3,863,15,3
"1219","2020-06-03",93,14,53,188,4897,0.945885235858689,8280,31294,313,345,24,2746,3,866,20,3
"1220","2020-06-04",85,14,54,174,4897,0.945885235858689,8280,31294,313,345,22,2768,9,875,20,9
"1221","2020-06-05",87,14,49,166,4897,0.945885235858689,8280,31294,313,345,29,2797,10,885,25,10
"1222","2020-06-06",80,14,54,154,4897,0.945885235858689,8280,31294,313,345,21,2818,4,889,19,4
"1223","2020-06-07",60,14,51,146,4897,0.945885235858689,8280,31294,313,345,26,2844,7,896,22,7
"1224","2020-03-07",1,15,0,0,3128,0.680306905370844,8250,25253,178,430,NA,NA,NA,NA,NA,NA
"1225","2020-03-08",1,15,0,0,3128,0.680306905370844,8250,25253,178,430,NA,NA,NA,NA,NA,NA
"1226","2020-03-09",0,15,0,0,3128,0.680306905370844,8250,25253,178,430,NA,NA,NA,NA,NA,NA
"1227","2020-03-10",0,15,0,0,3128,0.680306905370844,8250,25253,178,430,NA,NA,NA,NA,NA,NA
"1228","2020-03-11",0,15,0,0,3128,0.680306905370844,8250,25253,178,430,13,13,NA,NA,NA,NA
"1229","2020-03-12",0,15,0,0,3128,0.680306905370844,8250,25253,178,430,14,27,6,6,2,6
"1230","2020-03-13",3,15,40,32,3128,0.680306905370844,8250,25253,178,430,19,46,3,9,1,3
"1231","2020-03-14",4,15,42,58,3128,0.680306905370844,8250,25253,178,430,13,59,1,10,2,1
"1232","2020-03-15",5,15,41,77,3128,0.680306905370844,8250,25253,178,430,16,75,5,15,3,5
"1233","2020-03-16",8,15,34,97,3128,0.680306905370844,8250,25253,178,430,12,87,NA,NA,6,NA
"1234","2020-03-17",12,15,28,119,3128,0.680306905370844,8250,25253,178,430,13,100,2,17,4,2
"1235","2020-03-18",15,15,32,146,3128,0.680306905370844,8250,25253,178,430,22,122,4,21,7,4
"1236","2020-03-19",21,15,43,170,3128,0.680306905370844,8250,25253,178,430,19,141,5,26,7,5
"1237","2020-03-20",32,15,40,186,3128,0.680306905370844,8250,25253,178,430,13,154,4,30,6,4
"1238","2020-03-21",45,15,31,198,3128,0.680306905370844,8250,25253,178,430,14,168,6,36,5,6
"1239","2020-03-22",44,15,42,219,3128,0.680306905370844,8250,25253,178,430,27,195,3,39,14,3
"1240","2020-03-23",48,15,41,232,3128,0.680306905370844,8250,25253,178,430,22,217,7,46,10,7
"1241","2020-03-24",50,15,42,254,3128,0.680306905370844,8250,25253,178,430,20,237,4,50,7,4
"1242","2020-03-25",57,15,38,274,3128,0.680306905370844,8250,25253,178,430,25,262,2,52,17,2
"1243","2020-03-26",60,15,25,288,3128,0.680306905370844,8250,25253,178,430,22,284,3,55,15,3
"1244","2020-03-27",80,15,29,301,3128,0.680306905370844,8250,25253,178,430,24,308,8,63,16,8
"1245","2020-03-28",85,15,40,314,3128,0.680306905370844,8250,25253,178,430,30,338,8,71,17,8
"1246","2020-03-29",96,15,48,320,3128,0.680306905370844,8250,25253,178,430,25,363,4,75,10,4
"1247","2020-03-30",95,15,59,332,3128,0.680306905370844,8250,25253,178,430,35,398,3,78,20,3
"1248","2020-03-31",92,15,63,338,3128,0.680306905370844,8250,25253,178,430,13,411,1,79,6,1
"1249","2020-04-01",94,15,54,352,3128,0.680306905370844,8250,25253,178,430,26,437,1,80,16,1
"1250","2020-04-02",106,15,63,357,3128,0.680306905370844,8250,25253,178,430,23,460,6,86,12,6
"1251","2020-04-03",105,15,64,369,3128,0.680306905370844,8250,25253,178,430,19,479,3,89,9,3
"1252","2020-04-04",119,15,68,369,3128,0.680306905370844,8250,25253,178,430,27,506,4,93,15,4
"1253","2020-04-05",130,15,64,379,3128,0.680306905370844,8250,25253,178,430,28,534,1,94,16,1
"1254","2020-04-06",127,15,52,384,3128,0.680306905370844,8250,25253,178,430,33,567,1,95,13,1
"1255","2020-04-07",135,15,54,389,3128,0.680306905370844,8250,25253,178,430,32,599,7,102,17,7
"1256","2020-04-08",135,15,48,396,3128,0.680306905370844,8250,25253,178,430,27,626,5,107,13,5
"1257","2020-04-09",127,15,60,397,3128,0.680306905370844,8250,25253,178,430,33,659,4,111,19,4
"1258","2020-04-10",140,15,69,402,3128,0.680306905370844,8250,25253,178,430,29,688,5,116,13,5
"1259","2020-04-11",141,15,67,400,3128,0.680306905370844,8250,25253,178,430,41,729,9,125,21,9
"1260","2020-04-12",121,15,53,397,3128,0.680306905370844,8250,25253,178,430,35,764,5,130,18,5
"1261","2020-04-13",117,15,52,413,3128,0.680306905370844,8250,25253,178,430,32,796,6,136,18,6
"1262","2020-04-14",115,15,48,416,3128,0.680306905370844,8250,25253,178,430,28,824,5,141,18,5
"1263","2020-04-15",115,15,44,419,3128,0.680306905370844,8250,25253,178,430,35,859,11,152,20,11
"1264","2020-04-16",117,15,60,411,3128,0.680306905370844,8250,25253,178,430,33,892,4,156,19,4
"1265","2020-04-17",116,15,74,420,3128,0.680306905370844,8250,25253,178,430,25,917,17,173,14,17
"1266","2020-04-18",118,15,82,423,3128,0.680306905370844,8250,25253,178,430,30,947,5,178,16,5
"1267","2020-04-19",139,15,75,427,3128,0.680306905370844,8250,25253,178,430,30,977,5,183,19,5
"1268","2020-04-20",139,15,66,413,3128,0.680306905370844,8250,25253,178,430,51,1028,8,191,30,8
"1269","2020-04-21",136,15,58,407,3128,0.680306905370844,8250,25253,178,430,31,1059,9,200,15,9
"1270","2020-04-22",137,15,68,419,3128,0.680306905370844,8250,25253,178,430,50,1109,12,212,31,12
"1271","2020-04-23",139,15,80,404,3128,0.680306905370844,8250,25253,178,430,37,1146,7,219,20,7
"1272","2020-04-24",146,15,81,413,3128,0.680306905370844,8250,25253,178,430,26,1172,10,229,13,10
"1273","2020-04-25",154,15,85,422,3128,0.680306905370844,8250,25253,178,430,43,1215,7,236,22,7
"1274","2020-04-26",139,15,97,426,3128,0.680306905370844,8250,25253,178,430,38,1253,7,243,23,7
"1275","2020-04-27",140,15,103,432,3128,0.680306905370844,8250,25253,178,430,26,1279,4,247,11,4
"1276","2020-04-28",140,15,125,443,3128,0.680306905370844,8250,25253,178,430,42,1321,6,253,22,6
"1277","2020-04-29",145,15,114,441,3128,0.680306905370844,8250,25253,178,430,30,1351,8,261,16,8
"1278","2020-04-30",145,15,121,449,3128,0.680306905370844,8250,25253,178,430,39,1390,4,265,17,4
"1279","2020-05-01",147,15,118,450,3128,0.680306905370844,8250,25253,178,430,31,1421,3,268,23,3
"1280","2020-05-02",141,15,121,457,3128,0.680306905370844,8250,25253,178,430,38,1459,9,277,21,9
"1281","2020-05-03",138,15,151,470,3128,0.680306905370844,8250,25253,178,430,30,1489,3,280,18,3
"1282","2020-05-04",139,15,159,478,3128,0.680306905370844,8250,25253,178,430,25,1514,4,284,12,4
"1283","2020-05-05",144,15,176,490,3128,0.680306905370844,8250,25253,178,430,30,1544,9,293,17,9
"1284","2020-05-06",142,15,194,478,3128,0.680306905370844,8250,25253,178,430,35,1579,2,295,17,2
"1285","2020-05-07",141,15,189,489,3128,0.680306905370844,8250,25253,178,430,38,1617,12,307,20,12
"1286","2020-05-08",153,15,177,484,3128,0.680306905370844,8250,25253,178,430,32,1649,11,318,13,11
"1287","2020-05-09",158,15,168,488,3128,0.680306905370844,8250,25253,178,430,37,1686,14,332,23,14
"1288","2020-05-10",156,15,170,501,3128,0.680306905370844,8250,25253,178,430,38,1724,8,340,21,8
"1289","2020-05-11",149,15,151,502,3128,0.680306905370844,8250,25253,178,430,32,1756,13,353,19,13
"1290","2020-05-12",133,15,153,510,3128,0.680306905370844,8250,25253,178,430,36,1792,4,357,25,4
"1291","2020-05-13",139,15,149,505,3128,0.680306905370844,8250,25253,178,430,26,1818,8,365,17,8
"1292","2020-05-14",139,15,136,501,3128,0.680306905370844,8250,25253,178,430,40,1858,10,375,24,10
"1293","2020-05-15",160,15,121,508,3128,0.680306905370844,8250,25253,178,430,27,1885,12,387,18,12
"1294","2020-05-16",165,15,124,508,3128,0.680306905370844,8250,25253,178,430,34,1919,10,397,23,10
"1295","2020-05-17",177,15,129,496,3128,0.680306905370844,8250,25253,178,430,38,1957,9,406,26,9
"1296","2020-05-18",180,15,137,474,3128,0.680306905370844,8250,25253,178,430,34,1991,10,416,26,10
"1297","2020-05-19",180,15,160,461,3128,0.680306905370844,8250,25253,178,430,31,2022,13,429,20,13
"1298","2020-05-20",182,15,162,446,3128,0.680306905370844,8250,25253,178,430,31,2053,15,444,23,15
"1299","2020-05-21",179,15,163,423,3128,0.680306905370844,8250,25253,178,430,25,2078,4,448,13,4
"1300","2020-05-22",183,15,145,420,3128,0.680306905370844,8250,25253,178,430,27,2105,7,455,23,7
"1301","2020-05-23",175,15,121,405,3128,0.680306905370844,8250,25253,178,430,26,2131,11,466,16,11
"1302","2020-05-24",141,15,106,383,3128,0.680306905370844,8250,25253,178,430,13,2144,16,482,8,16
"1303","2020-05-25",139,15,109,364,3128,0.680306905370844,8250,25253,178,430,27,2171,8,490,18,8
"1304","2020-05-26",129,15,106,354,3128,0.680306905370844,8250,25253,178,430,24,2195,8,498,17,8
"1305","2020-05-27",116,15,105,358,3128,0.680306905370844,8250,25253,178,430,18,2213,2,500,11,2
"1306","2020-05-28",113,15,102,347,3128,0.680306905370844,8250,25253,178,430,15,2228,5,505,10,5
"1307","2020-05-29",108,15,91,350,3128,0.680306905370844,8250,25253,178,430,25,2253,4,509,13,4
"1308","2020-05-30",117,15,81,328,3128,0.680306905370844,8250,25253,178,430,16,2269,7,516,9,7
"1309","2020-05-31",111,15,67,323,3128,0.680306905370844,8250,25253,178,430,24,2293,8,524,12,8
"1310","2020-06-01",99,15,57,320,3128,0.680306905370844,8250,25253,178,430,16,2309,5,529,12,5
"1311","2020-06-02",102,15,62,303,3128,0.680306905370844,8250,25253,178,430,13,2322,7,536,10,7
"1312","2020-06-03",107,15,71,285,3128,0.680306905370844,8250,25253,178,430,17,2339,4,540,10,4
"1313","2020-06-04",105,15,78,286,3128,0.680306905370844,8250,25253,178,430,11,2350,5,545,8,5
"1314","2020-06-05",99,15,89,270,3128,0.680306905370844,8250,25253,178,430,11,2361,1,546,7,1
"1315","2020-06-06",97,15,95,267,3128,0.680306905370844,8250,25253,178,430,16,2377,3,549,10,3
"1316","2020-06-07",97,15,101,260,3128,0.680306905370844,8250,25253,178,430,10,2387,1,550,6,1
"1317","2020-03-14",2,16,28,8,5371,0.945820145224353,8310,32255,281,413,11,38,7,22,3,7
"1318","2020-03-15",2,16,29,10,5371,0.945820145224353,8310,32255,281,413,6,44,12,34,5,12
"1319","2020-03-16",1,16,40,17,5371,0.945820145224353,8310,32255,281,413,20,64,23,57,11,23
"1320","2020-03-17",1,16,42,30,5371,0.945820145224353,8310,32255,281,413,14,78,11,68,6,11
"1321","2020-03-18",2,16,40,32,5371,0.945820145224353,8310,32255,281,413,19,97,7,75,9,7
"1322","2020-03-19",2,16,31,38,5371,0.945820145224353,8310,32255,281,413,12,109,3,78,6,3
"1323","2020-03-20",5,16,30,50,5371,0.945820145224353,8310,32255,281,413,17,126,4,82,10,4
"1324","2020-03-21",9,16,32,56,5371,0.945820145224353,8310,32255,281,413,23,149,10,92,16,10
"1325","2020-03-22",12,16,40,74,5371,0.945820145224353,8310,32255,281,413,27,176,13,105,15,13
"1326","2020-03-23",13,16,38,84,5371,0.945820145224353,8310,32255,281,413,24,200,13,118,16,13
"1327","2020-03-24",17,16,28,97,5371,0.945820145224353,8310,32255,281,413,15,215,11,129,10,11
"1328","2020-03-25",21,16,36,113,5371,0.945820145224353,8310,32255,281,413,23,238,16,145,13,16
"1329","2020-03-26",28,16,41,133,5371,0.945820145224353,8310,32255,281,413,31,269,12,157,27,12
"1330","2020-03-27",36,16,36,161,5371,0.945820145224353,8310,32255,281,413,34,303,18,175,26,18
"1331","2020-03-28",45,16,37,186,5371,0.945820145224353,8310,32255,281,413,28,331,20,195,19,20
"1332","2020-03-29",46,16,37,202,5371,0.945820145224353,8310,32255,281,413,26,357,17,212,21,17
"1333","2020-03-30",47,16,39,233,5371,0.945820145224353,8310,32255,281,413,31,388,32,244,24,32
"1334","2020-03-31",54,16,32,274,5371,0.945820145224353,8310,32255,281,413,25,413,26,270,17,26
"1335","2020-04-01",57,16,33,312,5371,0.945820145224353,8310,32255,281,413,41,454,32,302,32,32
"1336","2020-04-02",59,16,45,360,5371,0.945820145224353,8310,32255,281,413,39,493,34,336,34,34
"1337","2020-04-03",76,16,57,387,5371,0.945820145224353,8310,32255,281,413,57,550,38,374,47,38
"1338","2020-04-04",107,16,75,441,5371,0.945820145224353,8310,32255,281,413,46,596,24,398,40,24
"1339","2020-04-05",135,16,76,489,5371,0.945820145224353,8310,32255,281,413,43,639,24,422,37,24
"1340","2020-04-06",136,16,89,530,5371,0.945820145224353,8310,32255,281,413,61,700,23,445,46,23
"1341","2020-04-07",144,16,86,575,5371,0.945820145224353,8310,32255,281,413,65,765,14,459,52,14
"1342","2020-04-08",160,16,94,634,5371,0.945820145224353,8310,32255,281,413,66,831,23,482,55,23
"1343","2020-04-09",174,16,100,682,5371,0.945820145224353,8310,32255,281,413,46,877,12,494,36,12
"1344","2020-04-10",220,16,93,730,5371,0.945820145224353,8310,32255,281,413,41,918,22,516,37,22
"1345","2020-04-11",229,16,97,786,5371,0.945820145224353,8310,32255,281,413,62,980,37,553,53,37
"1346","2020-04-12",231,16,90,840,5371,0.945820145224353,8310,32255,281,413,65,1045,28,581,57,28
"1347","2020-04-13",240,16,94,885,5371,0.945820145224353,8310,32255,281,413,74,1119,26,607,60,26
"1348","2020-04-14",242,16,80,958,5371,0.945820145224353,8310,32255,281,413,53,1172,34,641,44,34
"1349","2020-04-15",256,16,99,981,5371,0.945820145224353,8310,32255,281,413,48,1220,34,675,38,34
"1350","2020-04-16",269,16,104,1056,5371,0.945820145224353,8310,32255,281,413,43,1263,30,705,38,30
"1351","2020-04-17",318,16,86,1133,5371,0.945820145224353,8310,32255,281,413,66,1329,31,736,58,31
"1352","2020-04-18",321,16,94,1172,5371,0.945820145224353,8310,32255,281,413,57,1386,27,763,45,27
"1353","2020-04-19",352,16,115,1212,5371,0.945820145224353,8310,32255,281,413,79,1465,33,796,64,33
"1354","2020-04-20",360,16,126,1255,5371,0.945820145224353,8310,32255,281,413,68,1533,34,830,57,34
"1355","2020-04-21",359,16,130,1298,5371,0.945820145224353,8310,32255,281,413,61,1594,45,875,48,45
"1356","2020-04-22",364,16,131,1350,5371,0.945820145224353,8310,32255,281,413,63,1657,32,907,52,32
"1357","2020-04-23",369,16,132,1381,5371,0.945820145224353,8310,32255,281,413,50,1707,37,944,44,37
"1358","2020-04-24",446,16,137,1398,5371,0.945820145224353,8310,32255,281,413,56,1763,39,983,50,39
"1359","2020-04-25",498,16,144,1409,5371,0.945820145224353,8310,32255,281,413,59,1822,27,1010,50,27
"1360","2020-04-26",454,16,151,1432,5371,0.945820145224353,8310,32255,281,413,76,1898,28,1038,68,28
"1361","2020-04-27",445,16,155,1438,5371,0.945820145224353,8310,32255,281,413,66,1964,26,1064,52,26
"1362","2020-04-28",453,16,162,1436,5371,0.945820145224353,8310,32255,281,413,66,2030,31,1095,55,31
"1363","2020-04-29",457,16,164,1422,5371,0.945820145224353,8310,32255,281,413,67,2097,24,1119,60,24
"1364","2020-04-30",476,16,159,1394,5371,0.945820145224353,8310,32255,281,413,52,2149,13,1132,48,13
"1365","2020-05-01",522,16,157,1366,5371,0.945820145224353,8310,32255,281,413,63,2212,24,1156,54,24
"1366","2020-05-02",508,16,157,1321,5371,0.945820145224353,8310,32255,281,413,44,2256,39,1195,37,39
"1367","2020-05-03",458,16,158,1280,5371,0.945820145224353,8310,32255,281,413,59,2315,18,1213,47,18
"1368","2020-05-04",456,16,146,1254,5371,0.945820145224353,8310,32255,281,413,60,2375,23,1236,56,23
"1369","2020-05-05",441,16,151,1214,5371,0.945820145224353,8310,32255,281,413,51,2426,23,1259,39,23
"1370","2020-05-06",436,16,144,1186,5371,0.945820145224353,8310,32255,281,413,42,2468,34,1293,31,34
"1371","2020-05-07",421,16,135,1158,5371,0.945820145224353,8310,32255,281,413,54,2522,33,1326,47,33
"1372","2020-05-08",385,16,144,1111,5371,0.945820145224353,8310,32255,281,413,46,2568,34,1360,41,34
"1373","2020-05-09",354,16,135,1062,5371,0.945820145224353,8310,32255,281,413,46,2614,38,1398,37,38
"1374","2020-05-10",361,16,138,1022,5371,0.945820145224353,8310,32255,281,413,43,2657,36,1434,36,36
"1375","2020-05-11",357,16,140,1001,5371,0.945820145224353,8310,32255,281,413,65,2722,39,1473,55,39
"1376","2020-05-12",348,16,151,952,5371,0.945820145224353,8310,32255,281,413,50,2772,37,1510,41,37
"1377","2020-05-13",337,16,142,889,5371,0.945820145224353,8310,32255,281,413,49,2821,33,1543,42,33
"1378","2020-05-14",320,16,129,838,5371,0.945820145224353,8310,32255,281,413,43,2864,22,1565,41,22
"1379","2020-05-15",318,16,106,800,5371,0.945820145224353,8310,32255,281,413,53,2917,37,1602,45,37
"1380","2020-05-16",327,16,105,762,5371,0.945820145224353,8310,32255,281,413,37,2954,32,1634,28,32
"1381","2020-05-17",282,16,95,728,5371,0.945820145224353,8310,32255,281,413,37,2991,33,1667,29,33
"1382","2020-05-18",261,16,101,691,5371,0.945820145224353,8310,32255,281,413,31,3022,28,1695,25,28
"1383","2020-05-19",244,16,103,636,5371,0.945820145224353,8310,32255,281,413,30,3052,27,1722,25,27
"1384","2020-05-20",239,16,96,575,5371,0.945820145224353,8310,32255,281,413,32,3084,40,1762,29,40
"1385","2020-05-21",230,16,104,531,5371,0.945820145224353,8310,32255,281,413,45,3129,33,1795,37,33
"1386","2020-05-22",200,16,116,477,5371,0.945820145224353,8310,32255,281,413,29,3158,31,1826,25,31
"1387","2020-05-23",177,16,119,438,5371,0.945820145224353,8310,32255,281,413,31,3189,28,1854,21,28
"1388","2020-05-24",162,16,110,401,5371,0.945820145224353,8310,32255,281,413,44,3233,23,1877,40,23
"1389","2020-05-25",157,16,99,379,5371,0.945820145224353,8310,32255,281,413,30,3263,24,1901,23,24
"1390","2020-05-26",146,16,97,357,5371,0.945820145224353,8310,32255,281,413,21,3284,24,1925,16,24
"1391","2020-05-27",138,16,100,333,5371,0.945820145224353,8310,32255,281,413,22,3306,13,1938,19,13
"1392","2020-05-28",131,16,100,315,5371,0.945820145224353,8310,32255,281,413,29,3335,16,1954,24,16
"1393","2020-05-29",127,16,96,301,5371,0.945820145224353,8310,32255,281,413,29,3364,18,1972,23,18
"1394","2020-05-30",126,16,90,270,5371,0.945820145224353,8310,32255,281,413,29,3393,10,1982,25,10
"1395","2020-05-31",114,16,88,244,5371,0.945820145224353,8310,32255,281,413,24,3417,17,1999,20,17
"1396","2020-06-01",105,16,92,233,5371,0.945820145224353,8310,32255,281,413,24,3441,15,2014,17,15
"1397","2020-06-02",95,16,93,214,5371,0.945820145224353,8310,32255,281,413,32,3473,26,2040,28,26
"1398","2020-06-03",83,16,84,203,5371,0.945820145224353,8310,32255,281,413,18,3491,22,2062,16,22
"1399","2020-06-04",78,16,68,199,5371,0.945820145224353,8310,32255,281,413,15,3506,19,2081,13,19
"1400","2020-06-05",71,16,70,192,5371,0.945820145224353,8310,32255,281,413,22,3528,20,2101,16,20
"1401","2020-06-06",67,16,63,177,5371,0.945820145224353,8310,32255,281,413,13,3541,21,2122,10,21
"1402","2020-06-07",50,16,57,164,5371,0.945820145224353,8310,32255,281,413,23,3564,16,2138,18,16
"1403","2020-03-07",1,17,0,0,4080,0.854411764705882,8400,28795,259,390,NA,NA,NA,NA,NA,NA
"1404","2020-03-08",1,17,0,0,4080,0.854411764705882,8400,28795,259,390,NA,NA,NA,NA,NA,NA
"1405","2020-03-09",0,17,0,0,4080,0.854411764705882,8400,28795,259,390,NA,NA,NA,NA,NA,NA
"1406","2020-03-10",0,17,0,0,4080,0.854411764705882,8400,28795,259,390,NA,NA,NA,NA,NA,NA
"1407","2020-03-11",0,17,0,0,4080,0.854411764705882,8400,28795,259,390,3,3,4,4,2,4
"1408","2020-03-12",0,17,0,0,4080,0.854411764705882,8400,28795,259,390,2,5,6,10,1,6
"1409","2020-03-13",0,17,0,0,4080,0.854411764705882,8400,28795,259,390,5,10,11,21,2,11
"1410","2020-03-14",6,17,31,24,4080,0.854411764705882,8400,28795,259,390,9,19,6,27,7,6
"1411","2020-03-15",7,17,31,39,4080,0.854411764705882,8400,28795,259,390,8,27,6,33,8,6
"1412","2020-03-16",5,17,33,43,4080,0.854411764705882,8400,28795,259,390,6,33,4,37,6,4
"1413","2020-03-17",5,17,30,52,4080,0.854411764705882,8400,28795,259,390,10,43,4,41,9,4
"1414","2020-03-18",7,17,35,67,4080,0.854411764705882,8400,28795,259,390,17,60,3,44,14,3
"1415","2020-03-19",10,17,43,80,4080,0.854411764705882,8400,28795,259,390,16,76,3,47,15,3
"1416","2020-03-20",17,17,39,94,4080,0.854411764705882,8400,28795,259,390,19,95,3,50,18,3
"1417","2020-03-21",26,17,44,113,4080,0.854411764705882,8400,28795,259,390,16,111,8,58,14,8
"1418","2020-03-22",36,17,47,125,4080,0.854411764705882,8400,28795,259,390,23,134,6,64,21,6
"1419","2020-03-23",40,17,52,134,4080,0.854411764705882,8400,28795,259,390,19,153,8,72,18,8
"1420","2020-03-24",39,17,52,155,4080,0.854411764705882,8400,28795,259,390,24,177,20,92,20,20
"1421","2020-03-25",44,17,47,170,4080,0.854411764705882,8400,28795,259,390,20,197,4,96,18,4
"1422","2020-03-26",47,17,38,185,4080,0.854411764705882,8400,28795,259,390,19,216,1,97,17,1
"1423","2020-03-27",61,17,39,210,4080,0.854411764705882,8400,28795,259,390,34,250,2,99,33,2
"1424","2020-03-28",57,17,42,223,4080,0.854411764705882,8400,28795,259,390,39,289,3,102,39,3
"1425","2020-03-29",53,17,51,254,4080,0.854411764705882,8400,28795,259,390,38,327,6,108,35,6
"1426","2020-03-30",57,17,61,281,4080,0.854411764705882,8400,28795,259,390,37,364,5,113,37,5
"1427","2020-03-31",61,17,75,301,4080,0.854411764705882,8400,28795,259,390,48,412,2,115,47,2
"1428","2020-04-01",67,17,81,329,4080,0.854411764705882,8400,28795,259,390,40,452,10,125,39,10
"1429","2020-04-02",75,17,80,365,4080,0.854411764705882,8400,28795,259,390,46,498,18,143,45,18
"1430","2020-04-03",77,17,87,371,4080,0.854411764705882,8400,28795,259,390,49,547,13,156,49,13
"1431","2020-04-04",83,17,79,416,4080,0.854411764705882,8400,28795,259,390,92,639,10,166,90,10
"1432","2020-04-05",114,17,76,438,4080,0.854411764705882,8400,28795,259,390,62,701,10,176,60,10
"1433","2020-04-06",118,17,58,464,4080,0.854411764705882,8400,28795,259,390,72,773,10,186,71,10
"1434","2020-04-07",123,17,76,487,4080,0.854411764705882,8400,28795,259,390,102,875,3,189,101,3
"1435","2020-04-08",129,17,75,518,4080,0.854411764705882,8400,28795,259,390,57,932,3,192,55,3
"1436","2020-04-09",136,17,85,571,4080,0.854411764705882,8400,28795,259,390,67,999,1,193,63,1
"1437","2020-04-10",164,17,87,600,4080,0.854411764705882,8400,28795,259,390,101,1100,18,211,101,18
"1438","2020-04-11",174,17,78,644,4080,0.854411764705882,8400,28795,259,390,84,1184,2,213,82,2
"1439","2020-04-12",181,17,89,666,4080,0.854411764705882,8400,28795,259,390,110,1294,18,231,108,18
"1440","2020-04-13",188,17,82,693,4080,0.854411764705882,8400,28795,259,390,97,1391,13,244,95,13
"1441","2020-04-14",190,17,89,730,4080,0.854411764705882,8400,28795,259,390,99,1490,10,254,99,10
"1442","2020-04-15",198,17,80,786,4080,0.854411764705882,8400,28795,259,390,101,1591,17,271,99,17
"1443","2020-04-16",208,17,96,807,4080,0.854411764705882,8400,28795,259,390,107,1698,12,283,102,12
"1444","2020-04-17",242,17,110,840,4080,0.854411764705882,8400,28795,259,390,96,1794,5,288,96,5
"1445","2020-04-18",290,17,118,869,4080,0.854411764705882,8400,28795,259,390,114,1908,6,294,111,6
"1446","2020-04-19",260,17,111,886,4080,0.854411764705882,8400,28795,259,390,163,2071,6,300,161,6
"1447","2020-04-20",266,17,130,915,4080,0.854411764705882,8400,28795,259,390,130,2201,4,304,130,4
"1448","2020-04-21",267,17,115,917,4080,0.854411764705882,8400,28795,259,390,136,2337,12,316,135,12
"1449","2020-04-22",272,17,109,935,4080,0.854411764705882,8400,28795,259,390,148,2485,5,321,147,5
"1450","2020-04-23",266,17,107,922,4080,0.854411764705882,8400,28795,259,390,151,2636,11,332,151,11
"1451","2020-04-24",314,17,103,918,4080,0.854411764705882,8400,28795,259,390,131,2767,14,346,129,14
"1452","2020-04-25",312,17,101,930,4080,0.854411764705882,8400,28795,259,390,158,2925,20,366,157,20
"1453","2020-04-26",315,17,110,890,4080,0.854411764705882,8400,28795,259,390,149,3074,14,380,148,14
"1454","2020-04-27",304,17,109,890,4080,0.854411764705882,8400,28795,259,390,151,3225,14,394,150,14
"1455","2020-04-28",306,17,106,844,4080,0.854411764705882,8400,28795,259,390,134,3359,12,406,134,12
"1456","2020-04-29",308,17,94,842,4080,0.854411764705882,8400,28795,259,390,143,3502,11,417,140,11
"1457","2020-04-30",306,17,85,830,4080,0.854411764705882,8400,28795,259,390,108,3610,14,431,108,14
"1458","2020-05-01",312,17,80,814,4080,0.854411764705882,8400,28795,259,390,134,3744,13,444,133,13
"1459","2020-05-02",292,17,80,811,4080,0.854411764705882,8400,28795,259,390,125,3869,8,452,124,8
"1460","2020-05-03",259,17,74,790,4080,0.854411764705882,8400,28795,259,390,119,3988,7,459,117,7
"1461","2020-05-04",262,17,74,757,4080,0.854411764705882,8400,28795,259,390,125,4113,10,469,121,10
"1462","2020-05-05",254,17,74,734,4080,0.854411764705882,8400,28795,259,390,114,4227,11,480,114,11
"1463","2020-05-06",241,17,60,708,4080,0.854411764705882,8400,28795,259,390,85,4312,16,496,85,16
"1464","2020-05-07",240,17,56,699,4080,0.854411764705882,8400,28795,259,390,86,4398,7,503,83,7
"1465","2020-05-08",241,17,66,676,4080,0.854411764705882,8400,28795,259,390,75,4473,9,512,75,9
"1466","2020-05-09",249,17,70,659,4080,0.854411764705882,8400,28795,259,390,71,4544,11,523,70,11
"1467","2020-05-10",231,17,78,650,4080,0.854411764705882,8400,28795,259,390,65,4609,5,528,65,5
"1468","2020-05-11",222,17,85,642,4080,0.854411764705882,8400,28795,259,390,56,4665,4,532,56,4
"1469","2020-05-12",221,17,93,624,4080,0.854411764705882,8400,28795,259,390,56,4721,9,541,56,9
"1470","2020-05-13",222,17,91,594,4080,0.854411764705882,8400,28795,259,390,69,4790,7,548,67,7
"1471","2020-05-14",222,17,100,566,4080,0.854411764705882,8400,28795,259,390,58,4848,21,569,58,21
"1472","2020-05-15",212,17,100,536,4080,0.854411764705882,8400,28795,259,390,42,4890,17,586,42,17
"1473","2020-05-16",202,17,83,516,4080,0.854411764705882,8400,28795,259,390,32,4922,16,602,31,16
"1474","2020-05-17",189,17,77,486,4080,0.854411764705882,8400,28795,259,390,42,4964,14,616,42,14
"1475","2020-05-18",181,17,85,482,4080,0.854411764705882,8400,28795,259,390,23,4987,19,635,23,19
"1476","2020-05-19",168,17,94,457,4080,0.854411764705882,8400,28795,259,390,25,5012,16,651,25,16
"1477","2020-05-20",160,17,91,446,4080,0.854411764705882,8400,28795,259,390,23,5035,11,662,22,11
"1478","2020-05-21",156,17,88,434,4080,0.854411764705882,8400,28795,259,390,16,5051,13,675,16,13
"1479","2020-05-22",150,17,92,415,4080,0.854411764705882,8400,28795,259,390,20,5071,15,690,20,15
"1480","2020-05-23",150,17,77,392,4080,0.854411764705882,8400,28795,259,390,22,5093,13,703,22,13
"1481","2020-05-24",143,17,78,387,4080,0.854411764705882,8400,28795,259,390,13,5106,19,722,13,19
"1482","2020-05-25",128,17,78,375,4080,0.854411764705882,8400,28795,259,390,16,5122,20,742,16,20
"1483","2020-05-26",125,17,81,361,4080,0.854411764705882,8400,28795,259,390,11,5133,12,754,11,12
"1484","2020-05-27",125,17,85,342,4080,0.854411764705882,8400,28795,259,390,20,5153,14,768,20,14
"1485","2020-05-28",118,17,79,341,4080,0.854411764705882,8400,28795,259,390,14,5167,7,775,14,7
"1486","2020-05-29",118,17,85,329,4080,0.854411764705882,8400,28795,259,390,10,5177,5,780,10,5
"1487","2020-05-30",111,17,76,323,4080,0.854411764705882,8400,28795,259,390,8,5185,7,787,8,7
"1488","2020-05-31",112,17,80,307,4080,0.854411764705882,8400,28795,259,390,12,5197,5,792,11,5
"1489","2020-06-01",113,17,73,291,4080,0.854411764705882,8400,28795,259,390,14,5211,8,800,13,8
"1490","2020-06-02",107,17,72,274,4080,0.854411764705882,8400,28795,259,390,8,5219,11,811,8,11
"1491","2020-06-03",101,17,71,270,4080,0.854411764705882,8400,28795,259,390,5,5224,7,818,5,7
"1492","2020-06-04",102,17,70,267,4080,0.854411764705882,8400,28795,259,390,10,5234,11,829,8,11
"1493","2020-06-05",100,17,63,258,4080,0.854411764705882,8400,28795,259,390,3,5237,9,838,3,9
"1494","2020-06-06",99,17,69,248,4080,0.854411764705882,8400,28795,259,390,12,5249,11,849,12,11
"1495","2020-06-07",83,17,76,237,4080,0.854411764705882,8400,28795,259,390,9,5258,11,860,6,11
"1496","2020-03-07",1,18,0,0,4557,0.932192231731402,8520,29744,244,365,NA,NA,NA,NA,NA,NA
"1497","2020-03-08",1,18,0,0,4557,0.932192231731402,8520,29744,244,365,NA,NA,NA,NA,NA,NA
"1498","2020-03-09",0,18,0,0,4557,0.932192231731402,8520,29744,244,365,NA,NA,NA,NA,NA,NA
"1499","2020-03-10",0,18,0,0,4557,0.932192231731402,8520,29744,244,365,NA,NA,1,1,NA,1
"1500","2020-03-11",0,18,0,0,4557,0.932192231731402,8520,29744,244,365,1,1,5,6,NA,5
"1501","2020-03-12",0,18,0,0,4557,0.932192231731402,8520,29744,244,365,1,2,12,18,NA,12
"1502","2020-03-13",0,18,0,0,4557,0.932192231731402,8520,29744,244,365,1,3,1,19,NA,1
"1503","2020-03-14",0,18,0,0,4557,0.932192231731402,8520,29744,244,365,1,4,7,26,NA,7
"1504","2020-03-15",3,18,28,27,4557,0.932192231731402,8520,29744,244,365,7,11,3,29,3,3
"1505","2020-03-16",3,18,28,38,4557,0.932192231731402,8520,29744,244,365,NA,NA,5,34,NA,5
"1506","2020-03-17",2,18,31,47,4557,0.932192231731402,8520,29744,244,365,4,15,1,35,3,1
"1507","2020-03-18",3,18,23,54,4557,0.932192231731402,8520,29744,244,365,3,18,NA,NA,1,NA
"1508","2020-03-19",4,18,21,70,4557,0.932192231731402,8520,29744,244,365,7,25,6,41,5,6
"1509","2020-03-20",8,18,20,81,4557,0.932192231731402,8520,29744,244,365,5,30,2,43,5,2
"1510","2020-03-21",14,18,18,96,4557,0.932192231731402,8520,29744,244,365,9,39,8,51,9,8
"1511","2020-03-22",22,18,15,112,4557,0.932192231731402,8520,29744,244,365,4,43,1,52,4,1
"1512","2020-03-23",25,18,15,127,4557,0.932192231731402,8520,29744,244,365,9,52,2,54,5,2
"1513","2020-03-24",31,18,16,142,4557,0.932192231731402,8520,29744,244,365,21,73,4,58,15,4
"1514","2020-03-25",33,18,20,155,4557,0.932192231731402,8520,29744,244,365,17,90,2,60,15,2
"1515","2020-03-26",38,18,33,168,4557,0.932192231731402,8520,29744,244,365,16,106,10,70,13,10
"1516","2020-03-27",42,18,26,184,4557,0.932192231731402,8520,29744,244,365,15,121,10,80,12,10
"1517","2020-03-28",45,18,28,206,4557,0.932192231731402,8520,29744,244,365,15,136,10,90,14,10
"1518","2020-03-29",47,18,37,234,4557,0.932192231731402,8520,29744,244,365,20,156,13,103,17,13
"1519","2020-03-30",52,18,43,261,4557,0.932192231731402,8520,29744,244,365,35,191,8,111,31,8
"1520","2020-03-31",45,18,52,286,4557,0.932192231731402,8520,29744,244,365,29,220,2,113,27,2
"1521","2020-04-01",53,18,68,316,4557,0.932192231731402,8520,29744,244,365,49,269,2,115,45,2
"1522","2020-04-02",62,18,75,358,4557,0.932192231731402,8520,29744,244,365,41,310,10,125,40,10
"1523","2020-04-03",81,18,73,388,4557,0.932192231731402,8520,29744,244,365,41,351,10,135,39,10
"1524","2020-04-04",84,18,56,423,4557,0.932192231731402,8520,29744,244,365,41,392,4,139,39,4
"1525","2020-04-05",118,18,54,468,4557,0.932192231731402,8520,29744,244,365,55,447,12,151,54,12
"1526","2020-04-06",127,18,44,491,4557,0.932192231731402,8520,29744,244,365,60,507,16,167,60,16
"1527","2020-04-07",139,18,57,542,4557,0.932192231731402,8520,29744,244,365,72,579,10,177,68,10
"1528","2020-04-08",145,18,75,585,4557,0.932192231731402,8520,29744,244,365,48,627,4,181,47,4
"1529","2020-04-09",157,18,69,600,4557,0.932192231731402,8520,29744,244,365,76,703,NA,NA,73,NA
"1530","2020-04-10",187,18,75,651,4557,0.932192231731402,8520,29744,244,365,77,780,6,187,74,6
"1531","2020-04-11",236,18,73,679,4557,0.932192231731402,8520,29744,244,365,77,857,4,191,74,4
"1532","2020-04-12",235,18,65,703,4557,0.932192231731402,8520,29744,244,365,102,959,4,195,95,4
"1533","2020-04-13",233,18,63,739,4557,0.932192231731402,8520,29744,244,365,103,1062,8,203,101,8
"1534","2020-04-14",227,18,61,776,4557,0.932192231731402,8520,29744,244,365,110,1172,8,211,106,8
"1535","2020-04-15",236,18,70,818,4557,0.932192231731402,8520,29744,244,365,115,1287,2,213,111,2
"1536","2020-04-16",231,18,63,876,4557,0.932192231731402,8520,29744,244,365,128,1415,9,222,124,9
"1537","2020-04-17",298,18,57,903,4557,0.932192231731402,8520,29744,244,365,112,1527,9,231,111,9
"1538","2020-04-18",286,18,54,940,4557,0.932192231731402,8520,29744,244,365,131,1658,10,241,128,10
"1539","2020-04-19",279,18,62,963,4557,0.932192231731402,8520,29744,244,365,161,1819,19,260,158,19
"1540","2020-04-20",283,18,72,995,4557,0.932192231731402,8520,29744,244,365,146,1965,9,269,143,9
"1541","2020-04-21",301,18,81,1035,4557,0.932192231731402,8520,29744,244,365,142,2107,10,279,138,10
"1542","2020-04-22",318,18,82,1017,4557,0.932192231731402,8520,29744,244,365,164,2271,22,301,161,22
"1543","2020-04-23",340,18,92,1016,4557,0.932192231731402,8520,29744,244,365,148,2419,14,315,147,14
"1544","2020-04-24",362,18,106,1038,4557,0.932192231731402,8520,29744,244,365,141,2560,12,327,139,12
"1545","2020-04-25",388,18,107,1049,4557,0.932192231731402,8520,29744,244,365,140,2700,19,346,139,19
"1546","2020-04-26",378,18,102,1044,4557,0.932192231731402,8520,29744,244,365,170,2870,6,352,168,6
"1547","2020-04-27",381,18,85,1042,4557,0.932192231731402,8520,29744,244,365,153,3023,21,373,151,21
"1548","2020-04-28",360,18,88,1032,4557,0.932192231731402,8520,29744,244,365,127,3150,33,406,124,33
"1549","2020-04-29",359,18,90,1029,4557,0.932192231731402,8520,29744,244,365,194,3344,20,426,194,20
"1550","2020-04-30",355,18,87,1001,4557,0.932192231731402,8520,29744,244,365,173,3517,30,456,171,30
"1551","2020-05-01",371,18,110,964,4557,0.932192231731402,8520,29744,244,365,129,3646,22,478,128,22
"1552","2020-05-02",355,18,131,956,4557,0.932192231731402,8520,29744,244,365,140,3786,35,513,137,35
"1553","2020-05-03",333,18,136,909,4557,0.932192231731402,8520,29744,244,365,146,3932,21,534,146,21
"1554","2020-05-04",321,18,125,880,4557,0.932192231731402,8520,29744,244,365,132,4064,18,552,131,18
"1555","2020-05-05",313,18,103,888,4557,0.932192231731402,8520,29744,244,365,124,4188,25,577,123,25
"1556","2020-05-06",295,18,106,848,4557,0.932192231731402,8520,29744,244,365,99,4287,20,597,96,20
"1557","2020-05-07",280,18,93,838,4557,0.932192231731402,8520,29744,244,365,105,4392,15,612,103,15
"1558","2020-05-08",260,18,89,816,4557,0.932192231731402,8520,29744,244,365,80,4472,33,645,80,33
"1559","2020-05-09",279,18,93,802,4557,0.932192231731402,8520,29744,244,365,102,4574,23,668,100,23
"1560","2020-05-10",268,18,97,785,4557,0.932192231731402,8520,29744,244,365,108,4682,20,688,105,20
"1561","2020-05-11",262,18,96,772,4557,0.932192231731402,8520,29744,244,365,70,4752,19,707,67,19
"1562","2020-05-12",252,18,91,748,4557,0.932192231731402,8520,29744,244,365,72,4824,18,725,72,18
"1563","2020-05-13",248,18,77,702,4557,0.932192231731402,8520,29744,244,365,62,4886,22,747,61,22
"1564","2020-05-14",255,18,79,678,4557,0.932192231731402,8520,29744,244,365,76,4962,17,764,75,17
"1565","2020-05-15",267,18,93,659,4557,0.932192231731402,8520,29744,244,365,54,5016,14,778,53,14
"1566","2020-05-16",246,18,93,645,4557,0.932192231731402,8520,29744,244,365,56,5072,9,787,55,9
"1567","2020-05-17",231,18,87,611,4557,0.932192231731402,8520,29744,244,365,48,5120,15,802,47,15
"1568","2020-05-18",221,18,89,598,4557,0.932192231731402,8520,29744,244,365,43,5163,13,815,43,13
"1569","2020-05-19",218,18,82,566,4557,0.932192231731402,8520,29744,244,365,50,5213,20,835,50,20
"1570","2020-05-20",224,18,65,549,4557,0.932192231731402,8520,29744,244,365,39,5252,12,847,39,12
"1571","2020-05-21",219,18,67,531,4557,0.932192231731402,8520,29744,244,365,30,5282,22,869,30,22
"1572","2020-05-22",201,18,72,515,4557,0.932192231731402,8520,29744,244,365,35,5317,15,884,34,15
"1573","2020-05-23",188,18,77,488,4557,0.932192231731402,8520,29744,244,365,27,5344,21,905,26,21
"1574","2020-05-24",162,18,69,468,4557,0.932192231731402,8520,29744,244,365,30,5374,15,920,29,15
"1575","2020-05-25",156,18,67,450,4557,0.932192231731402,8520,29744,244,365,29,5403,16,936,28,16
"1576","2020-05-26",150,18,71,421,4557,0.932192231731402,8520,29744,244,365,31,5434,13,949,31,13
"1577","2020-05-27",140,18,75,411,4557,0.932192231731402,8520,29744,244,365,26,5460,6,955,25,6
"1578","2020-05-28",126,18,68,385,4557,0.932192231731402,8520,29744,244,365,17,5477,12,967,17,12
"1579","2020-05-29",121,18,69,368,4557,0.932192231731402,8520,29744,244,365,22,5499,17,984,22,17
"1580","2020-05-30",129,18,67,336,4557,0.932192231731402,8520,29744,244,365,23,5522,12,996,21,12
"1581","2020-05-31",131,18,68,320,4557,0.932192231731402,8520,29744,244,365,12,5534,8,1004,12,8
"1582","2020-06-01",128,18,68,312,4557,0.932192231731402,8520,29744,244,365,15,5549,7,1011,14,7
"1583","2020-06-02",124,18,61,300,4557,0.932192231731402,8520,29744,244,365,13,5562,8,1019,12,8
"1584","2020-06-03",120,18,66,291,4557,0.932192231731402,8520,29744,244,365,11,5573,7,1026,11,7
"1585","2020-06-04",117,18,60,278,4557,0.932192231731402,8520,29744,244,365,15,5588,2,1028,14,2
"1586","2020-06-05",119,18,50,267,4557,0.932192231731402,8520,29744,244,365,13,5601,6,1034,12,6
"1587","2020-06-06",108,18,38,245,4557,0.932192231731402,8520,29744,244,365,6,5607,2,1036,5,2
"1588","2020-06-07",101,18,42,226,4557,0.932192231731402,8520,29744,244,365,9,5616,4,1040,8,4
"1589","2020-03-13",1,19,9,17,1870,0.650802139037433,8340,17914,108,194,8,23,13,23,2,13
"1590","2020-03-14",2,19,11,21,1870,0.650802139037433,8340,17914,108,194,10,33,7,30,2,7
"1591","2020-03-15",2,19,14,34,1870,0.650802139037433,8340,17914,108,194,17,50,4,34,6,4
"1592","2020-03-16",2,19,8,44,1870,0.650802139037433,8340,17914,108,194,10,60,3,37,3,3
"1593","2020-03-17",3,19,10,56,1870,0.650802139037433,8340,17914,108,194,22,82,11,48,14,11
"1594","2020-03-18",4,19,16,67,1870,0.650802139037433,8340,17914,108,194,16,98,7,55,11,7
"1595","2020-03-19",6,19,23,79,1870,0.650802139037433,8340,17914,108,194,20,118,4,59,15,4
"1596","2020-03-20",8,19,36,92,1870,0.650802139037433,8340,17914,108,194,22,140,12,71,19,12
"1597","2020-03-21",19,19,42,112,1870,0.650802139037433,8340,17914,108,194,18,158,6,77,12,6
"1598","2020-03-22",24,19,42,123,1870,0.650802139037433,8340,17914,108,194,42,200,8,85,33,8
"1599","2020-03-23",26,19,52,134,1870,0.650802139037433,8340,17914,108,194,33,233,8,93,25,8
"1600","2020-03-24",34,19,57,140,1870,0.650802139037433,8340,17914,108,194,40,273,7,100,33,7
"1601","2020-03-25",38,19,47,153,1870,0.650802139037433,8340,17914,108,194,41,314,9,109,30,9
"1602","2020-03-26",39,19,36,162,1870,0.650802139037433,8340,17914,108,194,42,356,9,118,37,9
"1603","2020-03-27",46,19,35,176,1870,0.650802139037433,8340,17914,108,194,51,407,9,127,42,9
"1604","2020-03-28",43,19,34,180,1870,0.650802139037433,8340,17914,108,194,65,472,9,136,55,9
"1605","2020-03-29",58,19,45,189,1870,0.650802139037433,8340,17914,108,194,49,521,12,148,41,12
"1606","2020-03-30",61,19,49,189,1870,0.650802139037433,8340,17914,108,194,63,584,10,158,53,10
"1607","2020-03-31",57,19,48,199,1870,0.650802139037433,8340,17914,108,194,68,652,9,167,54,9
"1608","2020-04-01",58,19,47,215,1870,0.650802139037433,8340,17914,108,194,94,746,21,188,81,21
"1609","2020-04-02",66,19,49,217,1870,0.650802139037433,8340,17914,108,194,78,824,21,209,65,21
"1610","2020-04-03",71,19,44,209,1870,0.650802139037433,8340,17914,108,194,85,909,8,217,76,8
"1611","2020-04-04",76,19,45,209,1870,0.650802139037433,8340,17914,108,194,91,1000,13,230,85,13
"1612","2020-04-05",61,19,42,221,1870,0.650802139037433,8340,17914,108,194,101,1101,11,241,93,11
"1613","2020-04-06",59,19,45,221,1870,0.650802139037433,8340,17914,108,194,119,1220,12,253,106,12
"1614","2020-04-07",54,19,37,227,1870,0.650802139037433,8340,17914,108,194,82,1302,8,261,76,8
"1615","2020-04-08",57,19,30,238,1870,0.650802139037433,8340,17914,108,194,122,1424,8,269,116,8
"1616","2020-04-09",55,19,28,238,1870,0.650802139037433,8340,17914,108,194,101,1525,16,285,92,16
"1617","2020-04-10",70,19,29,251,1870,0.650802139037433,8340,17914,108,194,123,1648,16,301,116,16
"1618","2020-04-11",82,19,34,262,1870,0.650802139037433,8340,17914,108,194,134,1782,15,316,125,15
"1619","2020-04-12",89,19,32,263,1870,0.650802139037433,8340,17914,108,194,125,1907,15,331,117,15
"1620","2020-04-13",87,19,35,258,1870,0.650802139037433,8340,17914,108,194,124,2031,8,339,115,8
"1621","2020-04-14",91,19,39,266,1870,0.650802139037433,8340,17914,108,194,109,2140,8,347,105,8
"1622","2020-04-15",97,19,41,273,1870,0.650802139037433,8340,17914,108,194,145,2285,6,353,136,6
"1623","2020-04-16",99,19,43,292,1870,0.650802139037433,8340,17914,108,194,120,2405,5,358,110,5
"1624","2020-04-17",111,19,46,294,1870,0.650802139037433,8340,17914,108,194,113,2518,19,377,105,19
"1625","2020-04-18",100,19,47,287,1870,0.650802139037433,8340,17914,108,194,138,2656,11,388,127,11
"1626","2020-04-19",91,19,53,290,1870,0.650802139037433,8340,17914,108,194,129,2785,4,392,118,4
"1627","2020-04-20",89,19,54,293,1870,0.650802139037433,8340,17914,108,194,98,2883,19,411,89,19
"1628","2020-04-21",91,19,62,309,1870,0.650802139037433,8340,17914,108,194,119,3002,9,420,109,9
"1629","2020-04-22",88,19,59,306,1870,0.650802139037433,8340,17914,108,194,121,3123,18,438,113,18
"1630","2020-04-23",88,19,54,302,1870,0.650802139037433,8340,17914,108,194,112,3235,13,451,108,13
"1631","2020-04-24",93,19,54,306,1870,0.650802139037433,8340,17914,108,194,79,3314,20,471,75,20
"1632","2020-04-25",113,19,60,303,1870,0.650802139037433,8340,17914,108,194,87,3401,28,499,84,28
"1633","2020-04-26",110,19,67,297,1870,0.650802139037433,8340,17914,108,194,117,3518,15,514,107,15
"1634","2020-04-27",103,19,65,291,1870,0.650802139037433,8340,17914,108,194,91,3609,16,530,86,16
"1635","2020-04-28",99,19,58,283,1870,0.650802139037433,8340,17914,108,194,81,3690,23,553,77,23
"1636","2020-04-29",101,19,60,269,1870,0.650802139037433,8340,17914,108,194,112,3802,23,576,104,23
"1637","2020-04-30",107,19,58,270,1870,0.650802139037433,8340,17914,108,194,85,3887,14,590,81,14
"1638","2020-05-01",104,19,73,272,1870,0.650802139037433,8340,17914,108,194,50,3937,17,607,45,17
"1639","2020-05-02",107,19,72,279,1870,0.650802139037433,8340,17914,108,194,75,4012,17,624,71,17
"1640","2020-05-03",97,19,74,276,1870,0.650802139037433,8340,17914,108,194,48,4060,30,654,44,30
"1641","2020-05-04",102,19,79,272,1870,0.650802139037433,8340,17914,108,194,72,4132,22,676,64,22
"1642","2020-05-05",101,19,66,269,1870,0.650802139037433,8340,17914,108,194,54,4186,31,707,48,31
"1643","2020-05-06",96,19,63,272,1870,0.650802139037433,8340,17914,108,194,75,4261,17,724,63,17
"1644","2020-05-07",87,19,67,264,1870,0.650802139037433,8340,17914,108,194,52,4313,14,738,48,14
"1645","2020-05-08",93,19,70,267,1870,0.650802139037433,8340,17914,108,194,53,4366,21,759,52,21
"1646","2020-05-09",81,19,73,279,1870,0.650802139037433,8340,17914,108,194,42,4408,17,776,39,17
"1647","2020-05-10",76,19,75,283,1870,0.650802139037433,8340,17914,108,194,53,4461,20,796,49,20
"1648","2020-05-11",80,19,64,284,1870,0.650802139037433,8340,17914,108,194,48,4509,13,809,43,13
"1649","2020-05-12",79,19,68,289,1870,0.650802139037433,8340,17914,108,194,58,4567,14,823,53,14
"1650","2020-05-13",80,19,66,299,1870,0.650802139037433,8340,17914,108,194,37,4604,18,841,33,18
"1651","2020-05-14",81,19,62,297,1870,0.650802139037433,8340,17914,108,194,40,4644,16,857,33,16
"1652","2020-05-15",81,19,64,306,1870,0.650802139037433,8340,17914,108,194,31,4675,11,868,28,11
"1653","2020-05-16",93,19,47,296,1870,0.650802139037433,8340,17914,108,194,28,4703,8,876,22,8
"1654","2020-05-17",100,19,46,295,1870,0.650802139037433,8340,17914,108,194,28,4731,6,882,20,6
"1655","2020-05-18",88,19,47,293,1870,0.650802139037433,8340,17914,108,194,31,4762,21,903,27,21
"1656","2020-05-19",87,19,45,301,1870,0.650802139037433,8340,17914,108,194,38,4800,6,909,29,6
"1657","2020-05-20",92,19,40,291,1870,0.650802139037433,8340,17914,108,194,17,4817,16,925,14,16
"1658","2020-05-21",103,19,43,289,1870,0.650802139037433,8340,17914,108,194,32,4849,8,933,22,8
"1659","2020-05-22",120,19,43,280,1870,0.650802139037433,8340,17914,108,194,25,4874,2,935,23,2
"1660","2020-05-23",121,19,41,277,1870,0.650802139037433,8340,17914,108,194,22,4896,6,941,20,6
"1661","2020-05-24",102,19,52,254,1870,0.650802139037433,8340,17914,108,194,17,4913,6,947,14,6
"1662","2020-05-25",100,19,56,254,1870,0.650802139037433,8340,17914,108,194,19,4932,7,954,17,7
"1663","2020-05-26",96,19,54,258,1870,0.650802139037433,8340,17914,108,194,13,4945,16,970,11,16
"1664","2020-05-27",89,19,52,240,1870,0.650802139037433,8340,17914,108,194,12,4957,8,978,10,8
"1665","2020-05-28",81,19,52,216,1870,0.650802139037433,8340,17914,108,194,15,4972,20,998,15,20
"1666","2020-05-29",79,19,49,202,1870,0.650802139037433,8340,17914,108,194,8,4980,9,1007,6,9
"1667","2020-05-30",77,19,46,186,1870,0.650802139037433,8340,17914,108,194,12,4992,9,1016,9,9
"1668","2020-05-31",78,19,55,177,1870,0.650802139037433,8340,17914,108,194,15,5007,7,1023,10,7
"1669","2020-06-01",73,19,54,169,1870,0.650802139037433,8340,17914,108,194,7,5014,12,1035,6,12
"1670","2020-06-02",69,19,51,160,1870,0.650802139037433,8340,17914,108,194,8,5022,17,1052,6,17
"1671","2020-06-03",65,19,52,151,1870,0.650802139037433,8340,17914,108,194,6,5028,6,1058,3,6
"1672","2020-06-04",60,19,53,144,1870,0.650802139037433,8340,17914,108,194,5,5033,8,1066,2,8
"1673","2020-06-05",60,19,61,144,1870,0.650802139037433,8340,17914,108,194,10,5043,4,1070,8,4
"1674","2020-06-06",53,19,60,138,1870,0.650802139037433,8340,17914,108,194,8,5051,5,1075,6,5
"1675","2020-06-07",42,19,61,131,1870,0.650802139037433,8340,17914,108,194,7,5058,8,1083,7,8
"1676","2020-03-14",1,20,27,12,5060,0.973715415019763,8190,30409,274,309,2,12,3,14,1,3
"1677","2020-03-15",1,20,28,19,5060,0.973715415019763,8190,30409,274,309,5,17,5,19,3,5
"1678","2020-03-16",1,20,23,21,5060,0.973715415019763,8190,30409,274,309,5,22,7,26,3,7
"1679","2020-03-17",1,20,18,30,5060,0.973715415019763,8190,30409,274,309,6,28,NA,NA,3,NA
"1680","2020-03-18",1,20,16,36,5060,0.973715415019763,8190,30409,274,309,8,36,2,28,4,2
"1681","2020-03-19",2,20,19,49,5060,0.973715415019763,8190,30409,274,309,9,45,2,30,7,2
"1682","2020-03-20",2,20,14,56,5060,0.973715415019763,8190,30409,274,309,7,52,2,32,4,2
"1683","2020-03-21",3,20,13,64,5060,0.973715415019763,8190,30409,274,309,9,61,2,34,6,2
"1684","2020-03-22",8,20,16,71,5060,0.973715415019763,8190,30409,274,309,7,68,4,38,6,4
"1685","2020-03-23",10,20,15,81,5060,0.973715415019763,8190,30409,274,309,15,83,7,45,12,7
"1686","2020-03-24",12,20,27,88,5060,0.973715415019763,8190,30409,274,309,21,104,9,54,19,9
"1687","2020-03-25",14,20,38,100,5060,0.973715415019763,8190,30409,274,309,17,121,8,62,16,8
"1688","2020-03-26",17,20,50,117,5060,0.973715415019763,8190,30409,274,309,26,147,7,69,23,7
"1689","2020-03-27",30,20,54,129,5060,0.973715415019763,8190,30409,274,309,22,169,4,73,21,4
"1690","2020-03-28",38,20,55,141,5060,0.973715415019763,8190,30409,274,309,22,191,7,80,20,7
"1691","2020-03-29",39,20,54,151,5060,0.973715415019763,8190,30409,274,309,33,224,9,89,28,9
"1692","2020-03-30",40,20,46,190,5060,0.973715415019763,8190,30409,274,309,30,254,5,94,27,5
"1693","2020-03-31",40,20,49,194,5060,0.973715415019763,8190,30409,274,309,31,285,7,101,28,7
"1694","2020-04-01",39,20,64,215,5060,0.973715415019763,8190,30409,274,309,43,328,5,106,42,5
"1695","2020-04-02",45,20,67,252,5060,0.973715415019763,8190,30409,274,309,44,372,1,107,39,1
"1696","2020-04-03",48,20,74,275,5060,0.973715415019763,8190,30409,274,309,45,417,3,110,41,3
"1697","2020-04-04",71,20,77,302,5060,0.973715415019763,8190,30409,274,309,59,476,3,113,54,3
"1698","2020-04-05",70,20,73,342,5060,0.973715415019763,8190,30409,274,309,46,522,4,117,44,4
"1699","2020-04-06",70,20,55,371,5060,0.973715415019763,8190,30409,274,309,43,565,12,129,42,12
"1700","2020-04-07",77,20,54,400,5060,0.973715415019763,8190,30409,274,309,69,634,10,139,66,10
"1701","2020-04-08",91,20,65,458,5060,0.973715415019763,8190,30409,274,309,65,699,16,155,63,16
"1702","2020-04-09",91,20,70,514,5060,0.973715415019763,8190,30409,274,309,65,764,17,172,62,17
"1703","2020-04-10",128,20,73,559,5060,0.973715415019763,8190,30409,274,309,63,827,12,184,62,12
"1704","2020-04-11",138,20,71,631,5060,0.973715415019763,8190,30409,274,309,65,892,16,200,59,16
"1705","2020-04-12",171,20,63,667,5060,0.973715415019763,8190,30409,274,309,66,958,11,211,60,11
"1706","2020-04-13",178,20,58,719,5060,0.973715415019763,8190,30409,274,309,97,1055,11,222,93,11
"1707","2020-04-14",185,20,53,766,5060,0.973715415019763,8190,30409,274,309,84,1139,11,233,84,11
"1708","2020-04-15",202,20,48,815,5060,0.973715415019763,8190,30409,274,309,97,1236,9,242,95,9
"1709","2020-04-16",219,20,49,893,5060,0.973715415019763,8190,30409,274,309,98,1334,11,253,95,11
"1710","2020-04-17",276,20,47,947,5060,0.973715415019763,8190,30409,274,309,107,1441,4,257,103,4
"1711","2020-04-18",286,20,45,994,5060,0.973715415019763,8190,30409,274,309,129,1570,11,268,126,11
"1712","2020-04-19",278,20,33,1040,5060,0.973715415019763,8190,30409,274,309,115,1685,10,278,104,10
"1713","2020-04-20",284,20,33,1067,5060,0.973715415019763,8190,30409,274,309,128,1813,8,286,127,8
"1714","2020-04-21",283,20,27,1095,5060,0.973715415019763,8190,30409,274,309,141,1954,15,301,135,15
"1715","2020-04-22",302,20,35,1129,5060,0.973715415019763,8190,30409,274,309,125,2079,11,312,123,11
"1716","2020-04-23",318,20,42,1160,5060,0.973715415019763,8190,30409,274,309,121,2200,8,320,119,8
"1717","2020-04-24",368,20,62,1185,5060,0.973715415019763,8190,30409,274,309,112,2312,9,329,110,9
"1718","2020-04-25",403,20,70,1205,5060,0.973715415019763,8190,30409,274,309,144,2456,10,339,142,10
"1719","2020-04-26",381,20,91,1241,5060,0.973715415019763,8190,30409,274,309,144,2600,12,351,142,12
"1720","2020-04-27",391,20,106,1250,5060,0.973715415019763,8190,30409,274,309,160,2760,6,357,154,6
"1721","2020-04-28",396,20,113,1284,5060,0.973715415019763,8190,30409,274,309,138,2898,13,370,136,13
"1722","2020-04-29",392,20,123,1290,5060,0.973715415019763,8190,30409,274,309,132,3030,11,381,130,11
"1723","2020-04-30",410,20,107,1288,5060,0.973715415019763,8190,30409,274,309,140,3170,9,390,138,9
"1724","2020-05-01",438,20,113,1286,5060,0.973715415019763,8190,30409,274,309,120,3290,13,403,117,13
"1725","2020-05-02",451,20,110,1237,5060,0.973715415019763,8190,30409,274,309,149,3439,8,411,147,8
"1726","2020-05-03",428,20,106,1236,5060,0.973715415019763,8190,30409,274,309,104,3543,6,417,103,6
"1727","2020-05-04",415,20,111,1193,5060,0.973715415019763,8190,30409,274,309,152,3695,10,427,149,10
"1728","2020-05-05",412,20,122,1188,5060,0.973715415019763,8190,30409,274,309,98,3793,7,434,96,7
"1729","2020-05-06",408,20,116,1177,5060,0.973715415019763,8190,30409,274,309,112,3905,10,444,108,10
"1730","2020-05-07",395,20,113,1151,5060,0.973715415019763,8190,30409,274,309,111,4016,7,451,110,7
"1731","2020-05-08",425,20,88,1115,5060,0.973715415019763,8190,30409,274,309,101,4117,13,464,96,13
"1732","2020-05-09",395,20,83,1066,5060,0.973715415019763,8190,30409,274,309,95,4212,9,473,94,9
"1733","2020-05-10",367,20,72,1037,5060,0.973715415019763,8190,30409,274,309,109,4321,15,488,107,15
"1734","2020-05-11",356,20,78,974,5060,0.973715415019763,8190,30409,274,309,90,4411,23,511,90,23
"1735","2020-05-12",349,20,81,955,5060,0.973715415019763,8190,30409,274,309,71,4482,12,523,70,12
"1736","2020-05-13",346,20,74,914,5060,0.973715415019763,8190,30409,274,309,117,4599,10,533,117,10
"1737","2020-05-14",327,20,62,899,5060,0.973715415019763,8190,30409,274,309,74,4673,12,545,67,12
"1738","2020-05-15",297,20,65,859,5060,0.973715415019763,8190,30409,274,309,65,4738,16,561,64,16
"1739","2020-05-16",298,20,67,825,5060,0.973715415019763,8190,30409,274,309,75,4813,26,587,75,26
"1740","2020-05-17",289,20,64,799,5060,0.973715415019763,8190,30409,274,309,69,4882,18,605,67,18
"1741","2020-05-18",271,20,62,752,5060,0.973715415019763,8190,30409,274,309,59,4941,15,620,59,15
"1742","2020-05-19",267,20,72,703,5060,0.973715415019763,8190,30409,274,309,37,4978,13,633,34,13
"1743","2020-05-20",247,20,74,695,5060,0.973715415019763,8190,30409,274,309,27,5005,18,651,27,18
"1744","2020-05-21",249,20,71,655,5060,0.973715415019763,8190,30409,274,309,30,5035,19,670,30,19
"1745","2020-05-22",231,20,62,612,5060,0.973715415019763,8190,30409,274,309,38,5073,16,686,37,16
"1746","2020-05-23",213,20,57,592,5060,0.973715415019763,8190,30409,274,309,31,5104,13,699,30,13
"1747","2020-05-24",207,20,55,554,5060,0.973715415019763,8190,30409,274,309,29,5133,21,720,28,21
"1748","2020-05-25",207,20,49,512,5060,0.973715415019763,8190,30409,274,309,23,5156,18,738,23,18
"1749","2020-05-26",189,20,55,475,5060,0.973715415019763,8190,30409,274,309,24,5180,14,752,21,14
"1750","2020-05-27",187,20,57,428,5060,0.973715415019763,8190,30409,274,309,18,5198,13,765,16,13
"1751","2020-05-28",173,20,50,413,5060,0.973715415019763,8190,30409,274,309,19,5217,17,782,19,17
"1752","2020-05-29",164,20,44,395,5060,0.973715415019763,8190,30409,274,309,22,5239,14,796,20,14
"1753","2020-05-30",157,20,46,364,5060,0.973715415019763,8190,30409,274,309,20,5259,13,809,20,13
"1754","2020-05-31",132,20,52,339,5060,0.973715415019763,8190,30409,274,309,9,5268,9,818,9,9
"1755","2020-06-01",126,20,53,316,5060,0.973715415019763,8190,30409,274,309,15,5283,12,830,15,12
"1756","2020-06-02",119,20,59,302,5060,0.973715415019763,8190,30409,274,309,12,5295,8,838,12,8
"1757","2020-06-03",111,20,60,275,5060,0.973715415019763,8190,30409,274,309,10,5305,9,847,10,9
"1758","2020-06-04",103,20,65,256,5060,0.973715415019763,8190,30409,274,309,7,5312,20,867,7,20
"1759","2020-06-05",91,20,71,241,5060,0.973715415019763,8190,30409,274,309,8,5320,12,879,8,12
"1760","2020-06-06",93,20,70,226,5060,0.973715415019763,8190,30409,274,309,10,5330,15,894,9,15
"1761","2020-06-07",87,20,51,215,5060,0.973715415019763,8190,30409,274,309,10,5340,14,908,10,14
