"","Date","Absents","Paramset","Infections_or_Exposed_per_day_Patient","Infections_or_Exposed_per_day_HCW","total_infections","nosocomial_proportion","PCR_pooled","LFD_pooled","HCW_symp_test","patient_symp_test","new_hcw_infs","cumulative_hcw_infs","new_pat_infs","cumulative_pats_infs","new_nosocomial_hcw_infs","new_nosocomial_pat_infs"
"1","2020-03-13",4,1,143,228,6662,0.770639447613329,0,0,545,377,85,228,31,100,21,31
"2","2020-03-14",9,1,152,316,6662,0.770639447613329,0,0,545,377,88,316,28,128,45,28
"3","2020-03-15",15,1,180,404,6662,0.770639447613329,0,0,545,377,88,404,56,184,36,56
"4","2020-03-16",30,1,197,541,6662,0.770639447613329,0,0,545,377,137,541,35,219,92,35
"5","2020-03-17",44,1,208,667,6662,0.770639447613329,0,0,545,377,130,671,46,265,91,46
"6","2020-03-18",66,1,214,809,6662,0.770639447613329,0,0,545,377,157,828,35,300,119,35
"7","2020-03-19",92,1,257,959,6662,0.770639447613329,0,0,545,377,170,998,75,375,125,75
"8","2020-03-20",111,1,301,1137,6662,0.770639447613329,0,0,545,377,205,1203,74,449,168,74
"9","2020-03-21",149,1,324,1296,6662,0.770639447613329,0,0,545,377,205,1408,56,505,178,56
"10","2020-03-22",200,1,299,1492,6662,0.770639447613329,0,0,545,377,234,1642,41,546,185,41
"11","2020-03-23",243,1,296,1703,6662,0.770639447613329,0,0,545,377,272,1914,44,590,236,44
"12","2020-03-24",282,1,269,1897,6662,0.770639447613329,0,0,545,377,281,2195,34,624,250,34
"13","2020-03-25",321,1,245,2015,6662,0.770639447613329,0,0,545,377,223,2418,25,649,196,25
"14","2020-03-26",371,1,214,2177,6662,0.770639447613329,0,0,545,377,272,2690,27,676,238,27
"15","2020-03-27",422,1,188,2322,6662,0.770639447613329,0,0,545,377,276,2966,18,694,244,18
"16","2020-03-28",468,1,194,2417,6662,0.770639447613329,0,0,545,377,228,3194,39,733,200,39
"17","2020-03-29",514,1,204,2467,6662,0.770639447613329,0,0,545,377,200,3394,33,766,174,33
"18","2020-03-30",567,1,198,2540,6662,0.770639447613329,0,0,545,377,225,3619,34,800,203,34
"19","2020-03-31",614,1,195,2564,6662,0.770639447613329,0,0,545,377,224,3843,30,830,205,30
"20","2020-04-01",660,1,185,2579,6662,0.770639447613329,0,0,545,377,213,4056,22,852,192,22
"21","2020-04-02",679,1,180,2568,6662,0.770639447613329,0,0,545,377,213,4269,30,882,196,30
"22","2020-04-03",723,1,188,2522,6662,0.770639447613329,0,0,545,377,199,4468,42,924,185,42
"23","2020-04-04",738,1,181,2422,6662,0.770639447613329,0,0,545,377,146,4614,28,952,131,28
"24","2020-04-05",715,1,175,2349,6662,0.770639447613329,0,0,545,377,179,4793,23,975,158,23
"25","2020-04-06",698,1,175,2226,6662,0.770639447613329,0,0,545,377,113,4906,29,1004,104,29
"26","2020-04-07",689,1,176,2120,6662,0.770639447613329,0,0,545,377,107,5013,29,1033,90,29
"27","2020-04-08",673,1,184,2005,6662,0.770639447613329,0,0,545,377,104,5117,31,1064,95,31
"28","2020-04-09",656,1,187,1865,6662,0.770639447613329,0,0,545,377,91,5208,39,1103,84,39
"29","2020-04-10",589,1,181,1720,6662,0.770639447613329,0,0,545,377,82,5290,22,1125,72,22
"30","2020-04-11",555,1,175,1591,6662,0.770639447613329,0,0,545,377,74,5364,30,1155,70,30
"31","2020-04-12",536,1,188,1460,6662,0.770639447613329,0,0,545,377,78,5442,41,1196,71,41
"32","2020-04-13",494,1,187,1355,6662,0.770639447613329,0,0,545,377,75,5517,28,1224,70,28
"33","2020-04-14",450,1,183,1229,6662,0.770639447613329,0,0,545,377,60,5577,34,1258,55,34
"34","2020-04-15",412,1,193,1135,6662,0.770639447613329,0,0,545,377,69,5646,32,1290,58,32
"35","2020-04-16",384,1,174,1018,6662,0.770639447613329,0,0,545,377,51,5697,28,1318,43,28
"36","2020-04-17",365,1,155,904,6662,0.770639447613329,0,0,545,377,47,5744,14,1332,43,14
"37","2020-04-18",320,1,139,818,6662,0.770639447613329,0,0,545,377,37,5781,21,1353,35,21
"38","2020-04-19",290,1,151,762,6662,0.770639447613329,0,0,545,377,55,5836,33,1386,44,33
"39","2020-04-20",264,1,181,684,6662,0.770639447613329,0,0,545,377,25,5861,46,1432,17,46
"40","2020-04-21",244,1,175,628,6662,0.770639447613329,0,0,545,377,35,5896,33,1465,29,33
"41","2020-04-22",219,1,164,563,6662,0.770639447613329,0,0,545,377,27,5923,29,1494,22,29
"42","2020-04-23",195,1,138,505,6662,0.770639447613329,0,0,545,377,20,5943,13,1507,17,13
"43","2020-04-24",185,1,115,469,6662,0.770639447613329,0,0,545,377,19,5962,8,1515,17,8
"44","2020-04-25",178,1,109,416,6662,0.770639447613329,0,0,545,377,22,5984,16,1531,16,16
"45","2020-04-26",168,1,94,371,6662,0.770639447613329,0,0,545,377,13,5997,10,1541,11,10
"46","2020-04-27",158,1,90,331,6662,0.770639447613329,0,0,545,377,20,6017,12,1553,14,12
"47","2020-04-28",143,1,89,301,6662,0.770639447613329,0,0,545,377,13,6030,22,1575,10,22
"48","2020-04-29",127,1,85,272,6662,0.770639447613329,0,0,545,377,12,6042,11,1586,5,11
"49","2020-04-30",110,1,78,240,6662,0.770639447613329,0,0,545,377,12,6054,14,1600,8,14
"50","2020-05-01",99,1,77,216,6662,0.770639447613329,0,0,545,377,9,6063,14,1614,5,14
"51","2020-05-02",87,1,77,204,6662,0.770639447613329,0,0,545,377,11,6074,14,1628,9,14
"52","2020-05-03",72,1,75,186,6662,0.770639447613329,0,0,545,377,6,6080,14,1642,4,14
"53","2020-05-04",60,1,67,168,6662,0.770639447613329,0,0,545,377,8,6088,10,1652,6,10
"54","2020-05-05",54,1,55,146,6662,0.770639447613329,0,0,545,377,7,6095,6,1658,3,6
"55","2020-05-06",48,1,52,135,6662,0.770639447613329,0,0,545,377,5,6100,7,1665,3,7
"56","2020-05-07",44,1,46,119,6662,0.770639447613329,0,0,545,377,6,6106,7,1672,4,7
"57","2020-05-08",36,1,49,108,6662,0.770639447613329,0,0,545,377,6,6112,10,1682,3,10
"58","2020-05-09",37,1,43,103,6662,0.770639447613329,0,0,545,377,9,6121,6,1688,4,6
"59","2020-05-10",36,1,47,96,6662,0.770639447613329,0,0,545,377,6,6127,6,1694,3,6
"60","2020-05-11",34,1,45,92,6662,0.770639447613329,0,0,545,377,10,6137,6,1700,NA,6
"61","2020-05-12",35,1,42,92,6662,0.770639447613329,0,0,545,377,11,6148,5,1705,5,5
"62","2020-05-13",32,1,39,95,6662,0.770639447613329,0,0,545,377,13,6161,2,1707,7,2
"63","2020-05-14",33,1,40,91,6662,0.770639447613329,0,0,545,377,9,6170,4,1711,7,4
"64","2020-05-15",31,1,31,88,6662,0.770639447613329,0,0,545,377,2,6172,3,1714,2,3
"65","2020-05-16",30,1,32,83,6662,0.770639447613329,0,0,545,377,2,6174,2,1716,NA,2
"66","2020-05-17",28,1,31,83,6662,0.770639447613329,0,0,545,377,9,6183,5,1721,6,5
"67","2020-05-18",31,1,26,80,6662,0.770639447613329,0,0,545,377,4,6187,2,1723,2,2
"68","2020-05-19",24,1,21,70,6662,0.770639447613329,0,0,545,377,2,6189,1,1724,2,1
"69","2020-05-20",23,1,21,70,6662,0.770639447613329,0,0,545,377,6,6195,2,1726,1,2
"70","2020-05-21",18,1,19,65,6662,0.770639447613329,0,0,545,377,6,6201,NA,NA,4,NA
"71","2020-05-22",23,1,17,64,6662,0.770639447613329,0,0,545,377,4,6205,NA,NA,2,NA
"72","2020-05-23",19,1,15,61,6662,0.770639447613329,0,0,545,377,4,6209,1,1727,1,1
"73","2020-05-24",17,1,15,58,6662,0.770639447613329,0,0,545,377,5,6214,NA,NA,3,NA
"74","2020-05-25",15,1,14,49,6662,0.770639447613329,0,0,545,377,2,6216,1,1728,NA,1
"75","2020-05-26",18,1,14,52,6662,0.770639447613329,0,0,545,377,9,6225,1,1729,2,1
"76","2020-05-27",18,1,12,55,6662,0.770639447613329,0,0,545,377,4,6229,NA,NA,1,NA
"77","2020-05-28",19,1,13,57,6662,0.770639447613329,0,0,545,377,4,6233,NA,NA,NA,NA
"78","2020-05-29",13,1,14,56,6662,0.770639447613329,0,0,545,377,5,6238,NA,NA,1,NA
"79","2020-05-30",15,1,14,56,6662,0.770639447613329,0,0,545,377,6,6244,NA,NA,2,NA
"80","2020-05-31",18,1,14,56,6662,0.770639447613329,0,0,545,377,7,6251,NA,NA,4,NA
"81","2020-06-01",19,1,13,51,6662,0.770639447613329,0,0,545,377,3,6254,NA,NA,2,NA
"82","2020-06-02",18,1,14,56,6662,0.770639447613329,0,0,545,377,7,6261,1,1730,2,1
"83","2020-06-03",17,1,16,50,6662,0.770639447613329,0,0,545,377,2,6263,2,1732,NA,2
"84","2020-06-04",17,1,18,52,6662,0.770639447613329,0,0,545,377,6,6269,2,1734,NA,2
"85","2020-06-05",19,1,17,54,6662,0.770639447613329,0,0,545,377,6,6275,NA,NA,2,NA
"86","2020-06-06",16,1,20,56,6662,0.770639447613329,0,0,545,377,5,6280,1,1735,NA,1
"87","2020-06-07",12,1,20,55,6662,0.770639447613329,0,0,545,377,2,6282,3,1738,NA,3
"88","2020-03-13",1,2,99,106,3637,0.725048116579599,0,0,327,265,49,148,44,80,1,44
"89","2020-03-14",3,2,102,154,3637,0.725048116579599,0,0,327,265,56,204,32,112,8,32
"90","2020-03-15",8,2,112,205,3637,0.725048116579599,0,0,327,265,66,270,61,173,17,61
"91","2020-03-16",20,2,146,252,3637,0.725048116579599,0,0,327,265,66,336,47,220,10,47
"92","2020-03-17",34,2,165,305,3637,0.725048116579599,0,0,327,265,54,390,36,256,14,36
"93","2020-03-18",45,2,184,345,3637,0.725048116579599,0,0,327,265,55,445,39,295,16,39
"94","2020-03-19",65,2,173,385,3637,0.725048116579599,0,0,327,265,50,495,47,342,20,47
"95","2020-03-20",78,2,160,429,3637,0.725048116579599,0,0,327,265,53,548,35,377,16,35
"96","2020-03-21",109,2,154,469,3637,0.725048116579599,0,0,327,265,59,607,33,410,23,33
"97","2020-03-22",120,2,148,500,3637,0.725048116579599,0,0,327,265,49,656,28,438,23,28
"98","2020-03-23",126,2,155,520,3637,0.725048116579599,0,0,327,265,45,701,20,458,16,20
"99","2020-03-24",135,2,152,554,3637,0.725048116579599,0,0,327,265,42,743,25,483,19,25
"100","2020-03-25",145,2,157,572,3637,0.725048116579599,0,0,327,265,58,801,23,506,20,23
"101","2020-03-26",152,2,186,599,3637,0.725048116579599,0,0,327,265,46,847,40,546,21,40
"102","2020-03-27",160,2,199,612,3637,0.725048116579599,0,0,327,265,54,901,33,579,23,33
"103","2020-03-28",151,2,218,636,3637,0.725048116579599,0,0,327,265,48,949,31,610,23,31
"104","2020-03-29",159,2,205,648,3637,0.725048116579599,0,0,327,265,42,991,30,640,16,30
"105","2020-03-30",168,2,235,654,3637,0.725048116579599,0,0,327,265,44,1035,34,674,19,34
"106","2020-03-31",166,2,221,659,3637,0.725048116579599,0,0,327,265,47,1082,39,713,21,39
"107","2020-04-01",176,2,184,660,3637,0.725048116579599,0,0,327,265,50,1132,35,748,20,35
"108","2020-04-02",175,2,175,671,3637,0.725048116579599,0,0,327,265,45,1177,27,775,24,27
"109","2020-04-03",183,2,193,679,3637,0.725048116579599,0,0,327,265,42,1219,32,807,19,32
"110","2020-04-04",197,2,203,689,3637,0.725048116579599,0,0,327,265,40,1259,54,861,20,54
"111","2020-04-05",205,2,202,701,3637,0.725048116579599,0,0,327,265,40,1299,44,905,19,44
"112","2020-04-06",206,2,189,680,3637,0.725048116579599,0,0,327,265,39,1338,47,952,18,47
"113","2020-04-07",210,2,174,685,3637,0.725048116579599,0,0,327,265,44,1382,33,985,17,33
"114","2020-04-08",212,2,145,676,3637,0.725048116579599,0,0,327,265,30,1412,18,1003,13,18
"115","2020-04-09",217,2,124,685,3637,0.725048116579599,0,0,327,265,35,1447,26,1029,14,26
"116","2020-04-10",213,2,125,684,3637,0.725048116579599,0,0,327,265,28,1475,25,1054,15,25
"117","2020-04-11",198,2,124,676,3637,0.725048116579599,0,0,327,265,26,1501,17,1071,11,17
"118","2020-04-12",190,2,120,660,3637,0.725048116579599,0,0,327,265,22,1523,32,1103,8,32
"119","2020-04-13",199,2,107,657,3637,0.725048116579599,0,0,327,265,24,1547,19,1122,10,19
"120","2020-04-14",202,2,95,630,3637,0.725048116579599,0,0,327,265,18,1565,27,1149,9,27
"121","2020-04-15",194,2,90,618,3637,0.725048116579599,0,0,327,265,25,1590,34,1183,4,34
"122","2020-04-16",194,2,91,616,3637,0.725048116579599,0,0,327,265,22,1612,32,1215,10,32
"123","2020-04-17",201,2,77,607,3637,0.725048116579599,0,0,327,265,25,1637,25,1240,11,25
"124","2020-04-18",193,2,79,615,3637,0.725048116579599,0,0,327,265,17,1654,29,1269,6,29
"125","2020-04-19",193,2,78,608,3637,0.725048116579599,0,0,327,265,21,1675,24,1293,7,24
"126","2020-04-20",184,2,73,594,3637,0.725048116579599,0,0,327,265,25,1700,23,1316,12,23
"127","2020-04-21",176,2,69,591,3637,0.725048116579599,0,0,327,265,22,1722,20,1336,7,20
"128","2020-04-22",176,2,56,570,3637,0.725048116579599,0,0,327,265,19,1741,21,1357,5,21
"129","2020-04-23",169,2,55,558,3637,0.725048116579599,0,0,327,265,24,1765,17,1374,9,17
"130","2020-04-24",155,2,59,523,3637,0.725048116579599,0,0,327,265,28,1793,19,1393,10,19
"131","2020-04-25",158,2,64,509,3637,0.725048116579599,0,0,327,265,27,1820,21,1414,11,21
"132","2020-04-26",161,2,67,496,3637,0.725048116579599,0,0,327,265,16,1836,24,1438,6,24
"133","2020-04-27",153,2,77,481,3637,0.725048116579599,0,0,327,265,21,1857,17,1455,8,17
"134","2020-04-28",151,2,75,480,3637,0.725048116579599,0,0,327,265,21,1878,22,1477,10,22
"135","2020-04-29",154,2,70,462,3637,0.725048116579599,0,0,327,265,23,1901,14,1491,14,14
"136","2020-04-30",154,2,60,454,3637,0.725048116579599,0,0,327,265,19,1920,9,1500,8,9
"137","2020-05-01",159,2,53,449,3637,0.725048116579599,0,0,327,265,19,1939,13,1513,6,13
"138","2020-05-02",163,2,53,431,3637,0.725048116579599,0,0,327,265,24,1963,13,1526,12,13
"139","2020-05-03",154,2,44,450,3637,0.725048116579599,0,0,327,265,13,1976,4,1530,7,4
"140","2020-05-04",154,2,41,433,3637,0.725048116579599,0,0,327,265,23,1999,10,1540,10,10
"141","2020-05-05",154,2,34,416,3637,0.725048116579599,0,0,327,265,17,2016,13,1553,8,13
"142","2020-05-06",138,2,40,389,3637,0.725048116579599,0,0,327,265,19,2035,11,1564,12,11
"143","2020-05-07",135,2,44,388,3637,0.725048116579599,0,0,327,265,18,2053,16,1580,8,16
"144","2020-05-08",126,2,36,376,3637,0.725048116579599,0,0,327,265,25,2078,10,1590,12,10
"145","2020-05-09",113,2,32,341,3637,0.725048116579599,0,0,327,265,27,2105,11,1601,22,11
"146","2020-05-10",107,2,26,330,3637,0.725048116579599,0,0,327,265,11,2116,14,1615,5,14
"147","2020-05-11",96,2,25,314,3637,0.725048116579599,0,0,327,265,17,2133,9,1624,12,9
"148","2020-05-12",85,2,31,306,3637,0.725048116579599,0,0,327,265,27,2160,15,1639,16,15
"149","2020-05-13",89,2,35,300,3637,0.725048116579599,0,0,327,265,21,2181,10,1649,15,10
"150","2020-05-14",80,2,33,299,3637,0.725048116579599,0,0,327,265,26,2207,12,1661,16,12
"151","2020-05-15",77,2,29,288,3637,0.725048116579599,0,0,327,265,16,2223,6,1667,8,6
"152","2020-05-16",81,2,27,275,3637,0.725048116579599,0,0,327,265,26,2249,7,1674,15,7
"153","2020-05-17",76,2,25,265,3637,0.725048116579599,0,0,327,265,14,2263,12,1686,10,12
"154","2020-05-18",82,2,26,250,3637,0.725048116579599,0,0,327,265,22,2285,11,1697,11,11
"155","2020-05-19",83,2,25,251,3637,0.725048116579599,0,0,327,265,16,2301,11,1708,7,11
"156","2020-05-20",80,2,31,255,3637,0.725048116579599,0,0,327,265,21,2322,9,1717,14,9
"157","2020-05-21",77,2,32,255,3637,0.725048116579599,0,0,327,265,18,2340,6,1723,8,6
"158","2020-05-22",79,2,30,255,3637,0.725048116579599,0,0,327,265,17,2357,7,1730,8,7
"159","2020-05-23",77,2,33,254,3637,0.725048116579599,0,0,327,265,23,2380,4,1734,12,4
"160","2020-05-24",79,2,33,250,3637,0.725048116579599,0,0,327,265,28,2408,5,1739,14,5
"161","2020-05-25",71,2,33,246,3637,0.725048116579599,0,0,327,265,18,2426,NA,NA,7,NA
"162","2020-05-26",75,2,30,245,3637,0.725048116579599,0,0,327,265,15,2441,2,1741,7,2
"163","2020-05-27",70,2,31,251,3637,0.725048116579599,0,0,327,265,14,2455,5,1746,7,5
"164","2020-05-28",69,2,24,245,3637,0.725048116579599,0,0,327,265,20,2475,4,1750,8,4
"165","2020-05-29",61,2,23,237,3637,0.725048116579599,0,0,327,265,23,2498,2,1752,11,2
"166","2020-05-30",58,2,24,228,3637,0.725048116579599,0,0,327,265,17,2515,5,1757,9,5
"167","2020-05-31",59,2,24,234,3637,0.725048116579599,0,0,327,265,18,2533,4,1761,14,4
"168","2020-06-01",67,2,29,229,3637,0.725048116579599,0,0,327,265,25,2558,3,1764,14,3
"169","2020-06-02",64,2,28,224,3637,0.725048116579599,0,0,327,265,21,2579,7,1771,14,7
"170","2020-06-03",71,2,28,226,3637,0.725048116579599,0,0,327,265,30,2609,4,1775,21,4
"171","2020-06-04",71,2,27,225,3637,0.725048116579599,0,0,327,265,14,2623,7,1782,9,7
"172","2020-06-05",72,2,27,215,3637,0.725048116579599,0,0,327,265,15,2638,3,1785,11,3
"173","2020-06-06",73,2,23,213,3637,0.725048116579599,0,0,327,265,24,2662,3,1788,15,3
"174","2020-06-07",72,2,19,208,3637,0.725048116579599,0,0,327,265,20,2682,8,1796,9,8
"175","2020-03-12",1,3,224,118,3475,0.487482014388489,0,0,321,639,26,52,42,86,12,42
"176","2020-03-13",5,3,250,191,3475,0.487482014388489,0,0,321,639,43,95,56,142,27,56
"177","2020-03-14",7,3,270,247,3475,0.487482014388489,0,0,321,639,42,137,82,224,30,82
"178","2020-03-15",17,3,289,317,3475,0.487482014388489,0,0,321,639,63,200,43,267,52,43
"179","2020-03-16",27,3,307,376,3475,0.487482014388489,0,0,321,639,57,257,68,335,43,68
"180","2020-03-17",43,3,294,456,3475,0.487482014388489,0,0,321,639,85,342,80,415,70,80
"181","2020-03-18",61,3,298,516,3475,0.487482014388489,0,0,321,639,89,431,51,466,77,51
"182","2020-03-19",82,3,325,562,3475,0.487482014388489,0,0,321,639,102,533,35,501,91,35
"183","2020-03-20",102,3,304,607,3475,0.487482014388489,0,0,321,639,119,652,35,536,105,35
"184","2020-03-21",121,3,330,679,3475,0.487482014388489,0,0,321,639,126,778,19,555,117,19
"185","2020-03-22",139,3,337,722,3475,0.487482014388489,0,0,321,639,145,923,25,580,134,25
"186","2020-03-23",159,3,332,762,3475,0.487482014388489,0,0,321,639,135,1058,19,599,126,19
"187","2020-03-24",175,3,305,809,3475,0.487482014388489,0,0,321,639,162,1220,27,626,150,27
"188","2020-03-25",184,3,290,817,3475,0.487482014388489,0,0,321,639,124,1344,60,686,116,60
"189","2020-03-26",193,3,285,819,3475,0.487482014388489,0,0,321,639,210,1554,40,726,199,40
"190","2020-03-27",195,3,311,839,3475,0.487482014388489,0,0,321,639,172,1726,28,754,158,28
"191","2020-03-28",216,3,336,844,3475,0.487482014388489,0,0,321,639,177,1903,27,781,169,27
"192","2020-03-29",220,3,320,818,3475,0.487482014388489,0,0,321,639,159,2062,47,828,151,47
"193","2020-03-30",223,3,315,810,3475,0.487482014388489,0,0,321,639,201,2263,43,871,195,43
"194","2020-03-31",218,3,309,783,3475,0.487482014388489,0,0,321,639,191,2454,59,930,187,59
"195","2020-04-01",225,3,283,768,3475,0.487482014388489,0,0,321,639,139,2593,55,985,134,55
"196","2020-04-02",230,3,299,765,3475,0.487482014388489,0,0,321,639,156,2749,42,1027,151,42
"197","2020-04-03",235,3,299,756,3475,0.487482014388489,0,0,321,639,164,2913,43,1070,159,43
"198","2020-04-04",220,3,267,730,3475,0.487482014388489,0,0,321,639,168,3081,38,1108,166,38
"199","2020-04-05",227,3,237,720,3475,0.487482014388489,0,0,321,639,172,3253,26,1134,168,26
"200","2020-04-06",226,3,236,697,3475,0.487482014388489,0,0,321,639,197,3450,26,1160,193,26
"201","2020-04-07",227,3,267,662,3475,0.487482014388489,0,0,321,639,133,3583,24,1184,130,24
"202","2020-04-08",222,3,292,650,3475,0.487482014388489,0,0,321,639,145,3728,25,1209,142,25
"203","2020-04-09",207,3,295,643,3475,0.487482014388489,0,0,321,639,149,3877,21,1230,145,21
"204","2020-04-10",200,3,318,619,3475,0.487482014388489,0,0,321,639,172,4049,25,1255,167,25
"205","2020-04-11",193,3,296,614,3475,0.487482014388489,0,0,321,639,117,4166,42,1297,115,42
"206","2020-04-12",176,3,263,611,3475,0.487482014388489,0,0,321,639,121,4287,22,1319,120,22
"207","2020-04-13",170,3,258,590,3475,0.487482014388489,0,0,321,639,110,4397,31,1350,107,31
"208","2020-04-14",171,3,239,567,3475,0.487482014388489,0,0,321,639,107,4504,24,1374,101,24
"209","2020-04-15",164,3,225,542,3475,0.487482014388489,0,0,321,639,109,4613,30,1404,106,30
"210","2020-04-16",166,3,220,529,3475,0.487482014388489,0,0,321,639,84,4697,20,1424,82,20
"211","2020-04-17",165,3,241,519,3475,0.487482014388489,0,0,321,639,62,4759,37,1461,61,37
"212","2020-04-18",162,3,242,495,3475,0.487482014388489,0,0,321,639,57,4816,30,1491,56,30
"213","2020-04-19",157,3,240,475,3475,0.487482014388489,0,0,321,639,53,4869,28,1519,52,28
"214","2020-04-20",153,3,237,438,3475,0.487482014388489,0,0,321,639,76,4945,29,1548,75,29
"215","2020-04-21",139,3,237,417,3475,0.487482014388489,0,0,321,639,48,4993,31,1579,45,31
"216","2020-04-22",128,3,222,397,3475,0.487482014388489,0,0,321,639,57,5050,29,1608,56,29
"217","2020-04-23",111,3,230,371,3475,0.487482014388489,0,0,321,639,37,5087,19,1627,36,19
"218","2020-04-24",98,3,223,360,3475,0.487482014388489,0,0,321,639,36,5123,19,1646,31,19
"219","2020-04-25",92,3,216,327,3475,0.487482014388489,0,0,321,639,43,5166,13,1659,43,13
"220","2020-04-26",89,3,225,311,3475,0.487482014388489,0,0,321,639,36,5202,17,1676,34,17
"221","2020-04-27",78,3,236,307,3475,0.487482014388489,0,0,321,639,36,5238,18,1694,34,18
"222","2020-04-28",74,3,224,300,3475,0.487482014388489,0,0,321,639,30,5268,20,1714,29,20
"223","2020-04-29",69,3,218,292,3475,0.487482014388489,0,0,321,639,24,5292,12,1726,22,12
"224","2020-04-30",75,3,221,279,3475,0.487482014388489,0,0,321,639,24,5316,19,1745,22,19
"225","2020-05-01",71,3,222,276,3475,0.487482014388489,0,0,321,639,24,5340,14,1759,24,14
"226","2020-05-02",73,3,237,272,3475,0.487482014388489,0,0,321,639,23,5363,13,1772,20,13
"227","2020-05-03",73,3,235,268,3475,0.487482014388489,0,0,321,639,20,5383,11,1783,20,11
"228","2020-05-04",74,3,228,260,3475,0.487482014388489,0,0,321,639,14,5397,11,1794,12,11
"229","2020-05-05",72,3,218,261,3475,0.487482014388489,0,0,321,639,15,5412,13,1807,14,13
"230","2020-05-06",77,3,221,256,3475,0.487482014388489,0,0,321,639,14,5426,16,1823,14,16
"231","2020-05-07",79,3,236,251,3475,0.487482014388489,0,0,321,639,15,5441,11,1834,14,11
"232","2020-05-08",89,3,240,252,3475,0.487482014388489,0,0,321,639,10,5451,10,1844,9,10
"233","2020-05-09",88,3,215,249,3475,0.487482014388489,0,0,321,639,13,5464,2,1846,10,2
"234","2020-05-10",89,3,210,243,3475,0.487482014388489,0,0,321,639,5,5469,10,1856,5,10
"235","2020-05-11",89,3,219,237,3475,0.487482014388489,0,0,321,639,6,5475,9,1865,5,9
"236","2020-05-12",93,3,212,215,3475,0.487482014388489,0,0,321,639,10,5485,5,1870,9,5
"237","2020-05-13",89,3,186,205,3475,0.487482014388489,0,0,321,639,8,5493,11,1881,6,11
"238","2020-05-14",85,3,181,197,3475,0.487482014388489,0,0,321,639,11,5504,9,1890,10,9
"239","2020-05-15",79,3,177,192,3475,0.487482014388489,0,0,321,639,6,5510,10,1900,6,10
"240","2020-05-16",74,3,175,192,3475,0.487482014388489,0,0,321,639,3,5513,9,1909,2,9
"241","2020-05-17",65,3,150,191,3475,0.487482014388489,0,0,321,639,7,5520,4,1913,7,4
"242","2020-05-18",59,3,136,190,3475,0.487482014388489,0,0,321,639,10,5530,4,1917,7,4
"243","2020-05-19",58,3,131,176,3475,0.487482014388489,0,0,321,639,4,5534,2,1919,1,2
"244","2020-05-20",57,3,129,174,3475,0.487482014388489,0,0,321,639,3,5537,3,1922,2,3
"245","2020-05-21",52,3,137,180,3475,0.487482014388489,0,0,321,639,4,5541,NA,NA,3,NA
"246","2020-05-22",52,3,135,174,3475,0.487482014388489,0,0,321,639,11,5552,2,1924,9,2
"247","2020-05-23",53,3,126,176,3475,0.487482014388489,0,0,321,639,2,5554,2,1926,1,2
"248","2020-05-24",53,3,118,178,3475,0.487482014388489,0,0,321,639,2,5556,2,1928,1,2
"249","2020-05-25",55,3,123,174,3475,0.487482014388489,0,0,321,639,2,5558,3,1931,NA,3
"250","2020-05-26",48,3,109,166,3475,0.487482014388489,0,0,321,639,5,5563,NA,NA,2,NA
"251","2020-05-27",49,3,102,172,3475,0.487482014388489,0,0,321,639,4,5567,NA,NA,3,NA
"252","2020-05-28",51,3,98,188,3475,0.487482014388489,0,0,321,639,5,5572,NA,NA,3,NA
"253","2020-05-29",51,3,97,189,3475,0.487482014388489,0,0,321,639,1,5573,NA,NA,1,NA
"254","2020-05-30",53,3,95,187,3475,0.487482014388489,0,0,321,639,1,5574,NA,NA,NA,NA
"255","2020-05-31",63,3,93,189,3475,0.487482014388489,0,0,321,639,6,5580,1,1932,2,1
"256","2020-06-01",66,3,95,192,3475,0.487482014388489,0,0,321,639,1,5581,NA,NA,1,NA
"257","2020-06-02",64,3,95,193,3475,0.487482014388489,0,0,321,639,4,5585,2,1934,3,2
"258","2020-06-03",60,3,95,185,3475,0.487482014388489,0,0,321,639,3,5588,3,1937,1,3
"259","2020-06-04",60,3,91,191,3475,0.487482014388489,0,0,321,639,3,5591,3,1940,3,3
"260","2020-06-05",60,3,96,192,3475,0.487482014388489,0,0,321,639,3,5594,NA,NA,2,NA
"261","2020-06-06",53,3,90,198,3475,0.487482014388489,0,0,321,639,1,5595,2,1942,NA,2
"262","2020-06-07",46,3,86,194,3475,0.487482014388489,0,0,321,639,1,5596,3,1945,1,3
"263","2020-03-13",2,4,80,97,3830,0.790078328981723,0,0,340,522,141,315,33,240,91,33
"264","2020-03-14",4,4,92,132,3830,0.790078328981723,0,0,340,522,186,501,25,265,126,25
"265","2020-03-15",8,4,109,180,3830,0.790078328981723,0,0,340,522,219,720,25,290,154,25
"266","2020-03-16",12,4,119,215,3830,0.790078328981723,0,0,340,522,316,1036,19,309,277,19
"267","2020-03-17",19,4,157,262,3830,0.790078328981723,0,0,340,522,395,1431,37,346,353,37
"268","2020-03-18",24,4,171,314,3830,0.790078328981723,0,0,340,522,474,1905,20,366,438,20
"269","2020-03-19",39,4,218,366,3830,0.790078328981723,0,0,340,522,534,2439,25,391,503,25
"270","2020-03-20",51,4,249,410,3830,0.790078328981723,0,0,340,522,624,3063,25,416,587,25
"271","2020-03-21",65,4,265,475,3830,0.790078328981723,0,0,340,522,634,3697,16,432,605,16
"272","2020-03-22",80,4,229,526,3830,0.790078328981723,0,0,340,522,593,4290,27,459,572,27
"273","2020-03-23",102,4,197,587,3830,0.790078328981723,0,0,340,522,564,4854,15,474,549,15
"274","2020-03-24",117,4,162,629,3830,0.790078328981723,0,0,340,522,528,5382,73,547,499,73
"275","2020-03-25",142,4,160,656,3830,0.790078328981723,0,0,340,522,444,5826,31,578,425,31
"276","2020-03-26",155,4,171,685,3830,0.790078328981723,0,0,340,522,417,6243,54,632,407,54
"277","2020-03-27",169,4,165,722,3830,0.790078328981723,0,0,340,522,330,6573,31,663,321,31
"278","2020-03-28",181,4,184,770,3830,0.790078328981723,0,0,340,522,282,6855,55,718,272,55
"279","2020-03-29",189,4,179,805,3830,0.790078328981723,0,0,340,522,153,7008,50,768,149,50
"280","2020-03-30",188,4,163,814,3830,0.790078328981723,0,0,340,522,145,7153,42,810,142,42
"281","2020-03-31",195,4,175,811,3830,0.790078328981723,0,0,340,522,145,7298,32,842,140,32
"282","2020-04-01",202,4,200,822,3830,0.790078328981723,0,0,340,522,136,7434,26,868,135,26
"283","2020-04-02",199,4,201,821,3830,0.790078328981723,0,0,340,522,67,7501,19,887,64,19
"284","2020-04-03",202,4,228,832,3830,0.790078328981723,0,0,340,522,69,7570,13,900,65,13
"285","2020-04-04",207,4,209,807,3830,0.790078328981723,0,0,340,522,29,7599,17,917,28,17
"286","2020-04-05",205,4,191,792,3830,0.790078328981723,0,0,340,522,36,7635,36,953,33,36
"287","2020-04-06",215,4,185,786,3830,0.790078328981723,0,0,340,522,19,7654,53,1006,17,53
"288","2020-04-07",229,4,187,801,3830,0.790078328981723,0,0,340,522,20,7674,33,1039,18,33
"289","2020-04-08",236,4,209,796,3830,0.790078328981723,0,0,340,522,16,7690,49,1088,16,49
"290","2020-04-09",246,4,233,759,3830,0.790078328981723,0,0,340,522,14,7704,39,1127,12,39
"291","2020-04-10",253,4,239,765,3830,0.790078328981723,0,0,340,522,5,7709,74,1201,3,74
"292","2020-04-11",250,4,228,739,3830,0.790078328981723,0,0,340,522,5,7714,81,1282,2,81
"293","2020-04-12",251,4,201,756,3830,0.790078328981723,0,0,340,522,4,7718,44,1326,4,44
"294","2020-04-13",239,4,177,730,3830,0.790078328981723,0,0,340,522,4,7722,30,1356,3,30
"295","2020-04-14",222,4,169,730,3830,0.790078328981723,0,0,340,522,5,7727,27,1383,5,27
"296","2020-04-15",202,4,151,731,3830,0.790078328981723,0,0,340,522,3,7730,19,1402,3,19
"297","2020-04-16",200,4,123,705,3830,0.790078328981723,0,0,340,522,6,7736,21,1423,3,21
"298","2020-04-17",195,4,102,690,3830,0.790078328981723,0,0,340,522,4,7740,16,1439,3,16
"299","2020-04-18",194,4,108,665,3830,0.790078328981723,0,0,340,522,1,7741,25,1464,NA,25
"300","2020-04-19",195,4,119,631,3830,0.790078328981723,0,0,340,522,1,7742,42,1506,1,42
"301","2020-04-20",196,4,134,610,3830,0.790078328981723,0,0,340,522,NA,NA,34,1540,NA,34
"302","2020-04-21",195,4,128,610,3830,0.790078328981723,0,0,340,522,NA,NA,41,1581,NA,41
"303","2020-04-22",201,4,97,597,3830,0.790078328981723,0,0,340,522,1,7743,21,1602,NA,21
"304","2020-04-23",193,4,97,573,3830,0.790078328981723,0,0,340,522,1,7744,45,1647,1,45
"305","2020-04-24",183,4,99,566,3830,0.790078328981723,0,0,340,522,2,7746,49,1696,NA,49
"306","2020-04-25",172,4,85,545,3830,0.790078328981723,0,0,340,522,1,7747,30,1726,1,30
"307","2020-04-26",168,4,90,510,3830,0.790078328981723,0,0,340,522,3,7750,35,1761,2,35
"308","2020-04-27",163,4,98,485,3830,0.790078328981723,0,0,340,522,2,7752,35,1796,1,35
"309","2020-04-28",157,4,89,480,3830,0.790078328981723,0,0,340,522,1,7753,41,1837,NA,41
"310","2020-04-29",148,4,80,466,3830,0.790078328981723,0,0,340,522,1,7754,34,1871,1,34
"311","2020-04-30",137,4,76,463,3830,0.790078328981723,0,0,340,522,NA,NA,31,1902,NA,31
"312","2020-05-01",131,4,75,451,3830,0.790078328981723,0,0,340,522,1,7755,29,1931,1,29
"313","2020-05-02",131,4,76,430,3830,0.790078328981723,0,0,340,522,1,7756,31,1962,1,31
"314","2020-05-03",126,4,55,413,3830,0.790078328981723,0,0,340,522,1,7757,33,1995,1,33
"315","2020-05-04",123,4,60,398,3830,0.790078328981723,0,0,340,522,1,7758,10,2005,1,10
"316","2020-05-05",124,4,67,401,3830,0.790078328981723,0,0,340,522,1,7759,12,2017,NA,12
"317","2020-05-06",115,4,64,379,3830,0.790078328981723,0,0,340,522,1,7760,7,2024,1,7
"318","2020-05-07",119,4,70,377,3830,0.790078328981723,0,0,340,522,2,7762,19,2043,2,19
"319","2020-05-08",116,4,65,363,3830,0.790078328981723,0,0,340,522,1,7763,7,2050,1,7
"320","2020-05-09",108,4,60,348,3830,0.790078328981723,0,0,340,522,1,7764,7,2057,1,7
"321","2020-05-10",101,4,53,340,3830,0.790078328981723,0,0,340,522,2,7766,14,2071,NA,14
"322","2020-05-11",106,4,50,335,3830,0.790078328981723,0,0,340,522,1,7767,9,2080,NA,9
"323","2020-05-12",101,4,45,341,3830,0.790078328981723,0,0,340,522,1,7768,7,2087,1,7
"324","2020-05-13",100,4,44,317,3830,0.790078328981723,0,0,340,522,1,7769,6,2093,NA,6
"325","2020-05-14",102,4,38,311,3830,0.790078328981723,0,0,340,522,2,7771,7,2100,1,7
"326","2020-05-15",104,4,35,302,3830,0.790078328981723,0,0,340,522,1,7772,11,2111,NA,11
"327","2020-05-16",112,4,30,302,3830,0.790078328981723,0,0,340,522,1,7773,5,2116,1,5
"328","2020-05-17",109,4,33,286,3830,0.790078328981723,0,0,340,522,NA,NA,4,2120,NA,4
"329","2020-05-18",96,4,29,273,3830,0.790078328981723,0,0,340,522,NA,NA,7,2127,NA,7
"330","2020-05-19",90,4,22,259,3830,0.790078328981723,0,0,340,522,NA,NA,7,2134,NA,7
"331","2020-05-20",96,4,20,250,3830,0.790078328981723,0,0,340,522,NA,NA,5,2139,NA,5
"332","2020-05-21",86,4,17,235,3830,0.790078328981723,0,0,340,522,1,7774,3,2142,NA,3
"333","2020-05-22",80,4,16,223,3830,0.790078328981723,0,0,340,522,1,7775,3,2145,NA,3
"334","2020-05-23",70,4,15,220,3830,0.790078328981723,0,0,340,522,NA,NA,2,2147,NA,2
"335","2020-05-24",65,4,14,207,3830,0.790078328981723,0,0,340,522,2,7777,1,2148,NA,1
"336","2020-05-25",63,4,13,197,3830,0.790078328981723,0,0,340,522,NA,NA,2,2150,NA,2
"337","2020-05-26",62,4,14,197,3830,0.790078328981723,0,0,340,522,NA,NA,NA,NA,NA,NA
"338","2020-05-27",56,4,13,196,3830,0.790078328981723,0,0,340,522,1,7778,NA,NA,NA,NA
"339","2020-05-28",50,4,14,184,3830,0.790078328981723,0,0,340,522,NA,NA,NA,NA,NA,NA
"340","2020-05-29",53,4,12,174,3830,0.790078328981723,0,0,340,522,2,7780,NA,NA,NA,NA
"341","2020-05-30",48,4,11,165,3830,0.790078328981723,0,0,340,522,NA,NA,NA,NA,NA,NA
"342","2020-05-31",50,4,11,163,3830,0.790078328981723,0,0,340,522,1,7781,NA,NA,NA,NA
"343","2020-06-01",55,4,11,161,3830,0.790078328981723,0,0,340,522,NA,NA,NA,NA,NA,NA
"344","2020-06-02",50,4,11,163,3830,0.790078328981723,0,0,340,522,NA,NA,NA,NA,NA,NA
"345","2020-06-03",52,4,11,157,3830,0.790078328981723,0,0,340,522,NA,NA,NA,NA,NA,NA
"346","2020-06-04",52,4,11,156,3830,0.790078328981723,0,0,340,522,NA,NA,NA,NA,NA,NA
"347","2020-06-05",45,4,11,157,3830,0.790078328981723,0,0,340,522,NA,NA,2,2152,NA,2
"348","2020-06-06",46,4,10,154,3830,0.790078328981723,0,0,340,522,NA,NA,2,2154,NA,2
"349","2020-06-07",52,4,10,153,3830,0.790078328981723,0,0,340,522,1,7782,1,2155,NA,1
"350","2020-03-12",1,5,45,79,2480,0.52258064516129,0,0,213,354,29,46,42,108,5,42
"351","2020-03-13",2,5,71,127,2480,0.52258064516129,0,0,213,354,26,72,20,128,2,20
"352","2020-03-14",4,5,90,164,2480,0.52258064516129,0,0,213,354,30,102,12,140,9,12
"353","2020-03-15",13,5,83,207,2480,0.52258064516129,0,0,213,354,29,131,17,157,11,17
"354","2020-03-16",23,5,115,250,2480,0.52258064516129,0,0,213,354,30,161,15,172,16,15
"355","2020-03-17",35,5,141,290,2480,0.52258064516129,0,0,213,354,29,190,62,234,13,62
"356","2020-03-18",53,5,165,316,2480,0.52258064516129,0,0,213,354,28,218,43,277,10,43
"357","2020-03-19",66,5,147,345,2480,0.52258064516129,0,0,213,354,31,249,16,293,16,16
"358","2020-03-20",82,5,127,368,2480,0.52258064516129,0,0,213,354,26,275,17,310,15,17
"359","2020-03-21",95,5,127,388,2480,0.52258064516129,0,0,213,354,32,307,42,352,20,42
"360","2020-03-22",95,5,147,415,2480,0.52258064516129,0,0,213,354,32,339,27,379,17,27
"361","2020-03-23",100,5,167,424,2480,0.52258064516129,0,0,213,354,32,371,23,402,16,23
"362","2020-03-24",104,5,174,421,2480,0.52258064516129,0,0,213,354,27,398,49,451,18,49
"363","2020-03-25",117,5,144,426,2480,0.52258064516129,0,0,213,354,30,428,54,505,22,54
"364","2020-03-26",116,5,140,440,2480,0.52258064516129,0,0,213,354,26,454,65,570,18,65
"365","2020-03-27",107,5,132,443,2480,0.52258064516129,0,0,213,354,24,478,40,610,16,40
"366","2020-03-28",113,5,122,455,2480,0.52258064516129,0,0,213,354,41,519,34,644,24,34
"367","2020-03-29",120,5,116,466,2480,0.52258064516129,0,0,213,354,30,549,30,674,18,30
"368","2020-03-30",126,5,108,472,2480,0.52258064516129,0,0,213,354,22,571,36,710,11,36
"369","2020-03-31",146,5,117,489,2480,0.52258064516129,0,0,213,354,32,603,44,754,26,44
"370","2020-04-01",136,5,127,478,2480,0.52258064516129,0,0,213,354,22,625,32,786,13,32
"371","2020-04-02",144,5,138,480,2480,0.52258064516129,0,0,213,354,24,649,35,821,18,35
"372","2020-04-03",160,5,161,461,2480,0.52258064516129,0,0,213,354,27,676,38,859,17,38
"373","2020-04-04",153,5,165,444,2480,0.52258064516129,0,0,213,354,30,706,34,893,20,34
"374","2020-04-05",150,5,153,435,2480,0.52258064516129,0,0,213,354,23,729,46,939,15,46
"375","2020-04-06",145,5,158,428,2480,0.52258064516129,0,0,213,354,36,765,45,984,31,45
"376","2020-04-07",126,5,157,428,2480,0.52258064516129,0,0,213,354,15,780,50,1034,13,50
"377","2020-04-08",121,5,169,416,2480,0.52258064516129,0,0,213,354,20,800,30,1064,9,30
"378","2020-04-09",119,5,161,411,2480,0.52258064516129,0,0,213,354,18,818,30,1094,11,30
"379","2020-04-10",110,5,145,377,2480,0.52258064516129,0,0,213,354,23,841,21,1115,17,21
"380","2020-04-11",111,5,120,353,2480,0.52258064516129,0,0,213,354,25,866,12,1127,18,12
"381","2020-04-12",109,5,121,341,2480,0.52258064516129,0,0,213,354,34,900,17,1144,27,17
"382","2020-04-13",113,5,109,333,2480,0.52258064516129,0,0,213,354,28,928,13,1157,26,13
"383","2020-04-14",112,5,106,319,2480,0.52258064516129,0,0,213,354,18,946,32,1189,15,32
"384","2020-04-15",111,5,108,307,2480,0.52258064516129,0,0,213,354,25,971,36,1225,20,36
"385","2020-04-16",105,5,106,293,2480,0.52258064516129,0,0,213,354,24,995,27,1252,18,27
"386","2020-04-17",100,5,85,299,2480,0.52258064516129,0,0,213,354,16,1011,18,1270,13,18
"387","2020-04-18",99,5,79,304,2480,0.52258064516129,0,0,213,354,25,1036,19,1289,19,19
"388","2020-04-19",95,5,72,303,2480,0.52258064516129,0,0,213,354,25,1061,41,1330,18,41
"389","2020-04-20",88,5,73,295,2480,0.52258064516129,0,0,213,354,14,1075,41,1371,9,41
"390","2020-04-21",88,5,80,278,2480,0.52258064516129,0,0,213,354,21,1096,21,1392,17,21
"391","2020-04-22",80,5,74,278,2480,0.52258064516129,0,0,213,354,17,1113,19,1411,13,19
"392","2020-04-23",75,5,68,267,2480,0.52258064516129,0,0,213,354,21,1134,17,1428,16,17
"393","2020-04-24",77,5,59,264,2480,0.52258064516129,0,0,213,354,17,1151,7,1435,15,7
"394","2020-04-25",71,5,51,260,2480,0.52258064516129,0,0,213,354,16,1167,17,1452,12,17
"395","2020-04-26",75,5,50,258,2480,0.52258064516129,0,0,213,354,18,1185,20,1472,13,20
"396","2020-04-27",73,5,56,255,2480,0.52258064516129,0,0,213,354,19,1204,15,1487,15,15
"397","2020-04-28",73,5,58,244,2480,0.52258064516129,0,0,213,354,27,1231,18,1505,20,18
"398","2020-04-29",72,5,60,235,2480,0.52258064516129,0,0,213,354,22,1253,16,1521,16,16
"399","2020-04-30",82,5,54,229,2480,0.52258064516129,0,0,213,354,21,1274,19,1540,17,19
"400","2020-05-01",78,5,44,231,2480,0.52258064516129,0,0,213,354,24,1298,22,1562,19,22
"401","2020-05-02",79,5,37,219,2480,0.52258064516129,0,0,213,354,18,1316,16,1578,15,16
"402","2020-05-03",78,5,38,217,2480,0.52258064516129,0,0,213,354,35,1351,12,1590,34,12
"403","2020-05-04",78,5,47,213,2480,0.52258064516129,0,0,213,354,25,1376,26,1616,23,26
"404","2020-05-05",69,5,44,207,2480,0.52258064516129,0,0,213,354,27,1403,12,1628,24,12
"405","2020-05-06",69,5,38,209,2480,0.52258064516129,0,0,213,354,29,1432,16,1644,25,16
"406","2020-05-07",63,5,46,209,2480,0.52258064516129,0,0,213,354,33,1465,22,1666,32,22
"407","2020-05-08",58,5,44,208,2480,0.52258064516129,0,0,213,354,35,1500,19,1685,29,19
"408","2020-05-09",60,5,38,207,2480,0.52258064516129,0,0,213,354,20,1520,15,1700,18,15
"409","2020-05-10",57,5,37,219,2480,0.52258064516129,0,0,213,354,28,1548,9,1709,24,9
"410","2020-05-11",59,5,30,223,2480,0.52258064516129,0,0,213,354,28,1576,10,1719,28,10
"411","2020-05-12",61,5,31,230,2480,0.52258064516129,0,0,213,354,32,1608,15,1734,25,15
"412","2020-05-13",57,5,31,228,2480,0.52258064516129,0,0,213,354,26,1634,7,1741,24,7
"413","2020-05-14",57,5,25,238,2480,0.52258064516129,0,0,213,354,26,1660,9,1750,22,9
"414","2020-05-15",65,5,27,230,2480,0.52258064516129,0,0,213,354,34,1694,10,1760,31,10
"415","2020-05-16",64,5,27,234,2480,0.52258064516129,0,0,213,354,27,1721,13,1773,26,13
"416","2020-05-17",67,5,28,245,2480,0.52258064516129,0,0,213,354,31,1752,11,1784,26,11
"417","2020-05-18",68,5,28,244,2480,0.52258064516129,0,0,213,354,38,1790,16,1800,35,16
"418","2020-05-19",70,5,25,248,2480,0.52258064516129,0,0,213,354,32,1822,12,1812,22,12
"419","2020-05-20",76,5,27,254,2480,0.52258064516129,0,0,213,354,32,1854,12,1824,27,12
"420","2020-05-21",71,5,32,249,2480,0.52258064516129,0,0,213,354,33,1887,9,1833,30,9
"421","2020-05-22",74,5,34,244,2480,0.52258064516129,0,0,213,354,16,1903,8,1841,12,8
"422","2020-05-23",70,5,31,235,2480,0.52258064516129,0,0,213,354,22,1925,10,1851,18,10
"423","2020-05-24",69,5,27,223,2480,0.52258064516129,0,0,213,354,27,1952,8,1859,24,8
"424","2020-05-25",61,5,26,244,2480,0.52258064516129,0,0,213,354,30,1982,6,1865,29,6
"425","2020-05-26",60,5,28,239,2480,0.52258064516129,0,0,213,354,27,2009,7,1872,25,7
"426","2020-05-27",60,5,30,232,2480,0.52258064516129,0,0,213,354,29,2038,7,1879,27,7
"427","2020-05-28",64,5,26,236,2480,0.52258064516129,0,0,213,354,34,2072,5,1884,31,5
"428","2020-05-29",59,5,23,238,2480,0.52258064516129,0,0,213,354,29,2101,6,1890,27,6
"429","2020-05-30",59,5,23,232,2480,0.52258064516129,0,0,213,354,35,2136,3,1893,32,3
"430","2020-05-31",59,5,28,227,2480,0.52258064516129,0,0,213,354,28,2164,5,1898,27,5
"431","2020-06-01",65,5,23,212,2480,0.52258064516129,0,0,213,354,37,2201,5,1903,29,5
"432","2020-06-02",64,5,25,200,2480,0.52258064516129,0,0,213,354,37,2238,3,1906,31,3
"433","2020-06-03",67,5,20,202,2480,0.52258064516129,0,0,213,354,24,2262,6,1912,23,6
"434","2020-06-04",63,5,20,205,2480,0.52258064516129,0,0,213,354,40,2302,10,1922,37,10
"435","2020-06-05",59,5,21,200,2480,0.52258064516129,0,0,213,354,33,2335,5,1927,30,5
"436","2020-06-06",63,5,23,203,2480,0.52258064516129,0,0,213,354,32,2367,5,1932,29,5
"437","2020-06-07",60,5,19,186,2480,0.52258064516129,0,0,213,354,16,2383,9,1941,15,9
"438","2020-03-13",2,6,228,172,8057,0.931115799925531,0,0,790,753,38,117,24,159,5,24
"439","2020-03-14",5,6,244,264,8057,0.931115799925531,0,0,790,753,42,159,15,174,4,15
"440","2020-03-15",10,6,221,405,8057,0.931115799925531,0,0,790,753,33,192,88,262,6,88
"441","2020-03-16",23,6,199,572,8057,0.931115799925531,0,0,790,753,34,226,65,327,6,65
"442","2020-03-17",36,6,227,786,8057,0.931115799925531,0,0,790,753,34,260,44,371,7,44
"443","2020-03-18",56,6,230,1012,8057,0.931115799925531,0,0,790,753,38,298,34,405,11,34
"444","2020-03-19",88,6,251,1289,8057,0.931115799925531,0,0,790,753,35,333,25,430,6,25
"445","2020-03-20",128,6,248,1739,8057,0.931115799925531,0,0,790,753,21,354,51,481,3,51
"446","2020-03-21",175,6,257,2139,8057,0.931115799925531,0,0,790,753,28,382,38,519,4,38
"447","2020-03-22",249,6,271,2491,8057,0.931115799925531,0,0,790,753,35,417,54,573,8,54
"448","2020-03-23",330,6,278,2914,8057,0.931115799925531,0,0,790,753,32,449,38,611,12,38
"449","2020-03-24",432,6,279,3477,8057,0.931115799925531,0,0,790,753,22,471,22,633,6,22
"450","2020-03-25",528,6,297,3841,8057,0.931115799925531,0,0,790,753,25,496,22,655,6,22
"451","2020-03-26",659,6,303,4235,8057,0.931115799925531,0,0,790,753,36,532,5,660,12,5
"452","2020-03-27",788,6,296,4530,8057,0.931115799925531,0,0,790,753,30,562,16,676,5,16
"453","2020-03-28",908,6,258,4779,8057,0.931115799925531,0,0,790,753,36,598,11,687,13,11
"454","2020-03-29",1042,6,214,4923,8057,0.931115799925531,0,0,790,753,32,630,13,700,12,13
"455","2020-03-30",1166,6,237,4858,8057,0.931115799925531,0,0,790,753,26,656,53,753,9,53
"456","2020-03-31",1244,6,228,4740,8057,0.931115799925531,0,0,790,753,31,687,35,788,6,35
"457","2020-04-01",1353,6,243,4569,8057,0.931115799925531,0,0,790,753,25,712,54,842,12,54
"458","2020-04-02",1389,6,223,4300,8057,0.931115799925531,0,0,790,753,25,737,23,865,6,23
"459","2020-04-03",1418,6,199,3999,8057,0.931115799925531,0,0,790,753,28,765,24,889,7,24
"460","2020-04-04",1426,6,178,3641,8057,0.931115799925531,0,0,790,753,26,791,18,907,12,18
"461","2020-04-05",1367,6,174,3215,8057,0.931115799925531,0,0,790,753,26,817,18,925,9,18
"462","2020-04-06",1294,6,160,2780,8057,0.931115799925531,0,0,790,753,30,847,20,945,12,20
"463","2020-04-07",1201,6,145,2366,8057,0.931115799925531,0,0,790,753,24,871,33,978,5,33
"464","2020-04-08",1080,6,126,1998,8057,0.931115799925531,0,0,790,753,33,904,22,1000,12,22
"465","2020-04-09",959,6,114,1621,8057,0.931115799925531,0,0,790,753,37,941,51,1051,17,51
"466","2020-04-10",822,6,103,1340,8057,0.931115799925531,0,0,790,753,22,963,31,1082,10,31
"467","2020-04-11",687,6,106,1068,8057,0.931115799925531,0,0,790,753,21,984,19,1101,9,19
"468","2020-04-12",573,6,153,832,8057,0.931115799925531,0,0,790,753,24,1008,32,1133,11,32
"469","2020-04-13",458,6,159,665,8057,0.931115799925531,0,0,790,753,29,1037,20,1153,10,20
"470","2020-04-14",394,6,200,507,8057,0.931115799925531,0,0,790,753,26,1063,17,1170,7,17
"471","2020-04-15",306,6,196,381,8057,0.931115799925531,0,0,790,753,26,1089,4,1174,12,4
"472","2020-04-16",236,6,178,292,8057,0.931115799925531,0,0,790,753,26,1115,12,1186,14,12
"473","2020-04-17",179,6,141,224,8057,0.931115799925531,0,0,790,753,29,1144,30,1216,14,30
"474","2020-04-18",144,6,152,168,8057,0.931115799925531,0,0,790,753,19,1163,28,1244,8,28
"475","2020-04-19",111,6,143,133,8057,0.931115799925531,0,0,790,753,19,1182,18,1262,9,18
"476","2020-04-20",86,6,131,103,8057,0.931115799925531,0,0,790,753,19,1201,18,1280,10,18
"477","2020-04-21",55,6,135,78,8057,0.931115799925531,0,0,790,753,31,1232,22,1302,14,22
"478","2020-04-22",43,6,127,64,8057,0.931115799925531,0,0,790,753,28,1260,25,1327,10,25
"479","2020-04-23",36,6,115,50,8057,0.931115799925531,0,0,790,753,12,1272,37,1364,5,37
"480","2020-04-24",35,6,99,41,8057,0.931115799925531,0,0,790,753,17,1289,37,1401,8,37
"481","2020-04-25",27,6,105,35,8057,0.931115799925531,0,0,790,753,17,1306,20,1421,8,20
"482","2020-04-26",23,6,106,35,8057,0.931115799925531,0,0,790,753,21,1327,18,1439,9,18
"483","2020-04-27",18,6,101,25,8057,0.931115799925531,0,0,790,753,12,1339,17,1456,5,17
"484","2020-04-28",14,6,106,20,8057,0.931115799925531,0,0,790,753,19,1358,23,1479,9,23
"485","2020-04-29",13,6,88,18,8057,0.931115799925531,0,0,790,753,27,1385,10,1489,17,10
"486","2020-04-30",12,6,70,18,8057,0.931115799925531,0,0,790,753,17,1402,10,1499,10,10
"487","2020-05-01",7,6,66,15,8057,0.931115799925531,0,0,790,753,15,1417,10,1509,10,10
"488","2020-05-02",8,6,59,15,8057,0.931115799925531,0,0,790,753,20,1437,12,1521,13,12
"489","2020-05-03",7,6,64,15,8057,0.931115799925531,0,0,790,753,17,1454,6,1527,12,6
"490","2020-05-04",7,6,57,13,8057,0.931115799925531,0,0,790,753,11,1465,13,1540,6,13
"491","2020-05-05",6,6,64,15,8057,0.931115799925531,0,0,790,753,21,1486,6,1546,12,6
"492","2020-05-06",3,6,53,15,8057,0.931115799925531,0,0,790,753,19,1505,6,1552,14,6
"493","2020-05-07",4,6,49,15,8057,0.931115799925531,0,0,790,753,18,1523,9,1561,10,9
"494","2020-05-08",5,6,48,14,8057,0.931115799925531,0,0,790,753,22,1545,2,1563,14,2
"495","2020-05-09",4,6,44,11,8057,0.931115799925531,0,0,790,753,23,1568,6,1569,18,6
"496","2020-05-10",2,6,42,10,8057,0.931115799925531,0,0,790,753,24,1592,10,1579,18,10
"497","2020-05-11",2,6,41,12,8057,0.931115799925531,0,0,790,753,28,1620,14,1593,21,14
"498","2020-05-12",2,6,39,10,8057,0.931115799925531,0,0,790,753,24,1644,13,1606,18,13
"499","2020-05-13",3,6,36,9,8057,0.931115799925531,0,0,790,753,24,1668,9,1615,19,9
"500","2020-05-14",2,6,32,9,8057,0.931115799925531,0,0,790,753,18,1686,6,1621,10,6
"501","2020-05-15",3,6,31,8,8057,0.931115799925531,0,0,790,753,27,1713,3,1624,21,3
"502","2020-05-16",3,6,25,8,8057,0.931115799925531,0,0,790,753,31,1744,3,1627,25,3
"503","2020-05-17",3,6,21,6,8057,0.931115799925531,0,0,790,753,31,1775,6,1633,24,6
"504","2020-05-18",3,6,20,5,8057,0.931115799925531,0,0,790,753,22,1797,5,1638,14,5
"505","2020-05-19",3,6,21,5,8057,0.931115799925531,0,0,790,753,25,1822,4,1642,20,4
"506","2020-05-20",2,6,18,4,8057,0.931115799925531,0,0,790,753,30,1852,3,1645,24,3
"507","2020-05-21",2,6,20,4,8057,0.931115799925531,0,0,790,753,22,1874,1,1646,19,1
"508","2020-05-22",1,6,23,4,8057,0.931115799925531,0,0,790,753,34,1908,2,1648,22,2
"509","2020-05-23",1,6,23,3,8057,0.931115799925531,0,0,790,753,31,1939,2,1650,20,2
"510","2020-05-24",2,6,17,3,8057,0.931115799925531,0,0,790,753,22,1961,3,1653,18,3
"511","2020-05-25",2,6,13,3,8057,0.931115799925531,0,0,790,753,14,1975,5,1658,10,5
"512","2020-05-26",2,6,11,2,8057,0.931115799925531,0,0,790,753,18,1993,6,1664,15,6
"513","2020-05-27",2,6,10,2,8057,0.931115799925531,0,0,790,753,28,2021,10,1674,21,10
"514","2020-05-28",2,6,8,3,8057,0.931115799925531,0,0,790,753,41,2062,5,1679,30,5
"515","2020-05-29",1,6,5,3,8057,0.931115799925531,0,0,790,753,32,2094,5,1684,27,5
"516","2020-05-30",1,6,3,3,8057,0.931115799925531,0,0,790,753,25,2119,3,1687,18,3
"517","2020-05-31",0,6,0,0,8057,0.931115799925531,0,0,790,753,24,2143,10,1697,18,10
"518","2020-06-01",0,6,0,0,8057,0.931115799925531,0,0,790,753,27,2170,6,1703,20,6
"519","2020-06-02",0,6,0,0,8057,0.931115799925531,0,0,790,753,19,2189,8,1711,11,8
"520","2020-06-03",0,6,0,0,8057,0.931115799925531,0,0,790,753,13,2202,6,1717,10,6
"521","2020-06-04",1,6,4,3,8057,0.931115799925531,0,0,790,753,30,2232,2,1719,18,2
"522","2020-06-05",1,6,5,3,8057,0.931115799925531,0,0,790,753,20,2252,5,1724,14,5
"523","2020-06-06",1,6,6,3,8057,0.931115799925531,0,0,790,753,14,2266,8,1732,9,8
"524","2020-06-07",1,6,6,4,8057,0.931115799925531,0,0,790,753,28,2294,5,1737,17,5
"525","2020-03-12",1,7,83,138,3177,0.355996222851747,0,0,293,350,23,39,70,120,7,70
"526","2020-03-13",3,7,105,200,3177,0.355996222851747,0,0,293,350,28,67,45,165,12,45
"527","2020-03-14",15,7,153,281,3177,0.355996222851747,0,0,293,350,26,93,79,244,12,79
"528","2020-03-15",25,7,167,334,3177,0.355996222851747,0,0,293,350,28,121,83,327,12,83
"529","2020-03-16",40,7,195,406,3177,0.355996222851747,0,0,293,350,22,143,53,380,11,53
"530","2020-03-17",56,7,190,473,3177,0.355996222851747,0,0,293,350,32,175,26,406,17,26
"531","2020-03-18",75,7,214,535,3177,0.355996222851747,0,0,293,350,33,208,17,423,14,17
"532","2020-03-19",104,7,224,591,3177,0.355996222851747,0,0,293,350,37,245,21,444,21,21
"533","2020-03-20",128,7,210,627,3177,0.355996222851747,0,0,293,350,38,283,21,465,18,21
"534","2020-03-21",134,7,208,680,3177,0.355996222851747,0,0,293,350,33,316,14,479,21,14
"535","2020-03-22",154,7,179,712,3177,0.355996222851747,0,0,293,350,35,351,12,491,22,12
"536","2020-03-23",166,7,152,753,3177,0.355996222851747,0,0,293,350,32,383,16,507,13,16
"537","2020-03-24",179,7,159,773,3177,0.355996222851747,0,0,293,350,33,416,9,516,21,9
"538","2020-03-25",185,7,158,776,3177,0.355996222851747,0,0,293,350,35,451,4,520,22,4
"539","2020-03-26",188,7,170,773,3177,0.355996222851747,0,0,293,350,40,491,7,527,25,7
"540","2020-03-27",191,7,167,741,3177,0.355996222851747,0,0,293,350,32,523,7,534,20,7
"541","2020-03-28",209,7,162,727,3177,0.355996222851747,0,0,293,350,28,551,4,538,21,4
"542","2020-03-29",208,7,168,707,3177,0.355996222851747,0,0,293,350,43,594,7,545,34,7
"543","2020-03-30",218,7,169,697,3177,0.355996222851747,0,0,293,350,30,624,42,587,23,42
"544","2020-03-31",212,7,156,691,3177,0.355996222851747,0,0,293,350,36,660,62,649,23,62
"545","2020-04-01",211,7,127,665,3177,0.355996222851747,0,0,293,350,37,697,49,698,29,49
"546","2020-04-02",202,7,119,664,3177,0.355996222851747,0,0,293,350,30,727,23,721,25,23
"547","2020-04-03",200,7,103,648,3177,0.355996222851747,0,0,293,350,31,758,47,768,24,47
"548","2020-04-04",188,7,105,638,3177,0.355996222851747,0,0,293,350,46,804,32,800,31,32
"549","2020-04-05",183,7,86,605,3177,0.355996222851747,0,0,293,350,29,833,57,857,21,57
"550","2020-04-06",169,7,77,576,3177,0.355996222851747,0,0,293,350,38,871,37,894,32,37
"551","2020-04-07",177,7,76,559,3177,0.355996222851747,0,0,293,350,28,899,18,912,18,18
"552","2020-04-08",176,7,67,541,3177,0.355996222851747,0,0,293,350,25,924,11,923,22,11
"553","2020-04-09",177,7,69,521,3177,0.355996222851747,0,0,293,350,27,951,6,929,20,6
"554","2020-04-10",172,7,88,510,3177,0.355996222851747,0,0,293,350,34,985,37,966,29,37
"555","2020-04-11",176,7,85,480,3177,0.355996222851747,0,0,293,350,39,1024,46,1012,33,46
"556","2020-04-12",163,7,83,452,3177,0.355996222851747,0,0,293,350,39,1063,37,1049,27,37
"557","2020-04-13",159,7,82,438,3177,0.355996222851747,0,0,293,350,36,1099,20,1069,28,20
"558","2020-04-14",142,7,75,423,3177,0.355996222851747,0,0,293,350,36,1135,11,1080,28,11
"559","2020-04-15",137,7,78,417,3177,0.355996222851747,0,0,293,350,24,1159,27,1107,20,27
"560","2020-04-16",124,7,71,383,3177,0.355996222851747,0,0,293,350,23,1182,8,1115,16,8
"561","2020-04-17",111,7,64,369,3177,0.355996222851747,0,0,293,350,25,1207,39,1154,22,39
"562","2020-04-18",100,7,72,342,3177,0.355996222851747,0,0,293,350,19,1226,36,1190,13,36
"563","2020-04-19",101,7,64,325,3177,0.355996222851747,0,0,293,350,28,1254,21,1211,21,21
"564","2020-04-20",95,7,61,315,3177,0.355996222851747,0,0,293,350,24,1278,17,1228,18,17
"565","2020-04-21",91,7,59,308,3177,0.355996222851747,0,0,293,350,35,1313,13,1241,27,13
"566","2020-04-22",87,7,60,295,3177,0.355996222851747,0,0,293,350,17,1330,37,1278,13,37
"567","2020-04-23",94,7,63,297,3177,0.355996222851747,0,0,293,350,28,1358,33,1311,22,33
"568","2020-04-24",97,7,62,292,3177,0.355996222851747,0,0,293,350,25,1383,39,1350,21,39
"569","2020-04-25",88,7,49,291,3177,0.355996222851747,0,0,293,350,21,1404,31,1381,14,31
"570","2020-04-26",88,7,46,297,3177,0.355996222851747,0,0,293,350,27,1431,34,1415,26,34
"571","2020-04-27",84,7,44,295,3177,0.355996222851747,0,0,293,350,21,1452,26,1441,16,26
"572","2020-04-28",80,7,39,293,3177,0.355996222851747,0,0,293,350,27,1479,13,1454,20,13
"573","2020-04-29",76,7,29,289,3177,0.355996222851747,0,0,293,350,28,1507,8,1462,25,8
"574","2020-04-30",84,7,26,280,3177,0.355996222851747,0,0,293,350,19,1526,11,1473,17,11
"575","2020-05-01",78,7,21,266,3177,0.355996222851747,0,0,293,350,19,1545,17,1490,16,17
"576","2020-05-02",81,7,20,249,3177,0.355996222851747,0,0,293,350,20,1565,10,1500,16,10
"577","2020-05-03",78,7,17,251,3177,0.355996222851747,0,0,293,350,29,1594,3,1503,23,3
"578","2020-05-04",75,7,17,237,3177,0.355996222851747,0,0,293,350,28,1622,9,1512,23,9
"579","2020-05-05",77,7,19,239,3177,0.355996222851747,0,0,293,350,27,1649,10,1522,23,10
"580","2020-05-06",78,7,22,239,3177,0.355996222851747,0,0,293,350,25,1674,18,1540,21,18
"581","2020-05-07",60,7,25,236,3177,0.355996222851747,0,0,293,350,18,1692,6,1546,15,6
"582","2020-05-08",64,7,26,234,3177,0.355996222851747,0,0,293,350,24,1716,5,1551,19,5
"583","2020-05-09",62,7,24,226,3177,0.355996222851747,0,0,293,350,40,1756,1,1552,34,1
"584","2020-05-10",68,7,23,226,3177,0.355996222851747,0,0,293,350,38,1794,6,1558,32,6
"585","2020-05-11",69,7,22,221,3177,0.355996222851747,0,0,293,350,23,1817,3,1561,17,3
"586","2020-05-12",65,7,23,218,3177,0.355996222851747,0,0,293,350,29,1846,2,1563,27,2
"587","2020-05-13",60,7,21,215,3177,0.355996222851747,0,0,293,350,27,1873,8,1571,23,8
"588","2020-05-14",65,7,18,223,3177,0.355996222851747,0,0,293,350,31,1904,5,1576,28,5
"589","2020-05-15",67,7,20,224,3177,0.355996222851747,0,0,293,350,19,1923,6,1582,16,6
"590","2020-05-16",65,7,19,222,3177,0.355996222851747,0,0,293,350,20,1943,1,1583,17,1
"591","2020-05-17",56,7,19,213,3177,0.355996222851747,0,0,293,350,29,1972,3,1586,24,3
"592","2020-05-18",59,7,15,218,3177,0.355996222851747,0,0,293,350,23,1995,1,1587,16,1
"593","2020-05-19",64,7,15,222,3177,0.355996222851747,0,0,293,350,20,2015,NA,NA,19,NA
"594","2020-05-20",69,7,15,221,3177,0.355996222851747,0,0,293,350,22,2037,2,1589,21,2
"595","2020-05-21",66,7,15,224,3177,0.355996222851747,0,0,293,350,21,2058,7,1596,18,7
"596","2020-05-22",64,7,12,216,3177,0.355996222851747,0,0,293,350,42,2100,5,1601,36,5
"597","2020-05-23",64,7,11,206,3177,0.355996222851747,0,0,293,350,30,2130,4,1605,29,4
"598","2020-05-24",66,7,10,204,3177,0.355996222851747,0,0,293,350,16,2146,1,1606,14,1
"599","2020-05-25",63,7,11,209,3177,0.355996222851747,0,0,293,350,22,2168,1,1607,18,1
"600","2020-05-26",70,7,14,199,3177,0.355996222851747,0,0,293,350,21,2189,4,1611,17,4
"601","2020-05-27",64,7,11,198,3177,0.355996222851747,0,0,293,350,28,2217,2,1613,21,2
"602","2020-05-28",61,7,12,203,3177,0.355996222851747,0,0,293,350,28,2245,NA,NA,26,NA
"603","2020-05-29",59,7,11,198,3177,0.355996222851747,0,0,293,350,25,2270,1,1614,21,1
"604","2020-05-30",62,7,12,193,3177,0.355996222851747,0,0,293,350,19,2289,2,1616,16,2
"605","2020-05-31",61,7,13,197,3177,0.355996222851747,0,0,293,350,24,2313,NA,NA,21,NA
"606","2020-06-01",62,7,11,192,3177,0.355996222851747,0,0,293,350,21,2334,1,1617,21,1
"607","2020-06-02",55,7,16,196,3177,0.355996222851747,0,0,293,350,25,2359,NA,NA,20,NA
"608","2020-06-03",58,7,16,189,3177,0.355996222851747,0,0,293,350,26,2385,1,1618,22,1
"609","2020-06-04",52,7,16,184,3177,0.355996222851747,0,0,293,350,33,2418,4,1622,30,4
"610","2020-06-05",51,7,17,191,3177,0.355996222851747,0,0,293,350,24,2442,NA,NA,20,NA
"611","2020-06-06",49,7,16,186,3177,0.355996222851747,0,0,293,350,38,2480,NA,NA,35,NA
"612","2020-06-07",52,7,15,189,3177,0.355996222851747,0,0,293,350,22,2502,NA,NA,20,NA
"613","2020-03-12",1,8,273,113,2967,0.50252780586451,0,0,273,689,39,79,51,92,NA,51
"614","2020-03-13",5,8,332,165,2967,0.50252780586451,0,0,273,689,30,109,33,125,6,33
"615","2020-03-14",8,8,327,208,2967,0.50252780586451,0,0,273,689,39,148,50,175,8,50
"616","2020-03-15",16,8,331,264,2967,0.50252780586451,0,0,273,689,36,184,37,212,3,37
"617","2020-03-16",26,8,335,322,2967,0.50252780586451,0,0,273,689,37,221,52,264,8,52
"618","2020-03-17",40,8,323,378,2967,0.50252780586451,0,0,273,689,44,265,26,290,11,26
"619","2020-03-18",61,8,332,451,2967,0.50252780586451,0,0,273,689,36,301,24,314,8,24
"620","2020-03-19",78,8,319,507,2967,0.50252780586451,0,0,273,689,37,338,67,381,4,67
"621","2020-03-20",91,8,320,556,2967,0.50252780586451,0,0,273,689,31,369,47,428,11,47
"622","2020-03-21",102,8,324,594,2967,0.50252780586451,0,0,273,689,37,406,19,447,7,19
"623","2020-03-22",118,8,338,625,2967,0.50252780586451,0,0,273,689,29,435,10,457,4,10
"624","2020-03-23",133,8,332,641,2967,0.50252780586451,0,0,273,689,33,468,14,471,11,14
"625","2020-03-24",148,8,327,655,2967,0.50252780586451,0,0,273,689,38,506,11,482,8,11
"626","2020-03-25",157,8,296,656,2967,0.50252780586451,0,0,273,689,37,543,8,490,8,8
"627","2020-03-26",164,8,276,648,2967,0.50252780586451,0,0,273,689,35,578,5,495,4,5
"628","2020-03-27",182,8,259,670,2967,0.50252780586451,0,0,273,689,25,603,14,509,9,14
"629","2020-03-28",199,8,264,670,2967,0.50252780586451,0,0,273,689,33,636,31,540,17,31
"630","2020-03-29",204,8,286,685,2967,0.50252780586451,0,0,273,689,36,672,49,589,11,49
"631","2020-03-30",208,8,306,701,2967,0.50252780586451,0,0,273,689,29,701,39,628,10,39
"632","2020-03-31",209,8,324,687,2967,0.50252780586451,0,0,273,689,31,732,30,658,13,30
"633","2020-04-01",217,8,334,682,2967,0.50252780586451,0,0,273,689,32,764,40,698,10,40
"634","2020-04-02",212,8,292,648,2967,0.50252780586451,0,0,273,689,27,791,34,732,7,34
"635","2020-04-03",206,8,264,629,2967,0.50252780586451,0,0,273,689,28,819,16,748,6,16
"636","2020-04-04",200,8,237,615,2967,0.50252780586451,0,0,273,689,27,846,14,762,8,14
"637","2020-04-05",195,8,223,603,2967,0.50252780586451,0,0,273,689,34,880,10,772,13,10
"638","2020-04-06",192,8,224,599,2967,0.50252780586451,0,0,273,689,27,907,9,781,10,9
"639","2020-04-07",189,8,237,578,2967,0.50252780586451,0,0,273,689,23,930,13,794,12,13
"640","2020-04-08",172,8,252,559,2967,0.50252780586451,0,0,273,689,16,946,7,801,9,7
"641","2020-04-09",170,8,255,523,2967,0.50252780586451,0,0,273,689,22,968,6,807,9,6
"642","2020-04-10",162,8,246,505,2967,0.50252780586451,0,0,273,689,20,988,6,813,9,6
"643","2020-04-11",158,8,266,488,2967,0.50252780586451,0,0,273,689,24,1012,5,818,9,5
"644","2020-04-12",148,8,265,474,2967,0.50252780586451,0,0,273,689,19,1031,23,841,11,23
"645","2020-04-13",144,8,260,449,2967,0.50252780586451,0,0,273,689,26,1057,24,865,12,24
"646","2020-04-14",133,8,244,442,2967,0.50252780586451,0,0,273,689,18,1075,31,896,8,31
"647","2020-04-15",129,8,237,426,2967,0.50252780586451,0,0,273,689,20,1095,16,912,8,16
"648","2020-04-16",129,8,249,412,2967,0.50252780586451,0,0,273,689,18,1113,11,923,5,11
"649","2020-04-17",123,8,271,396,2967,0.50252780586451,0,0,273,689,19,1132,25,948,12,25
"650","2020-04-18",124,8,251,396,2967,0.50252780586451,0,0,273,689,22,1154,24,972,8,24
"651","2020-04-19",137,8,235,380,2967,0.50252780586451,0,0,273,689,14,1168,20,992,5,20
"652","2020-04-20",129,8,223,361,2967,0.50252780586451,0,0,273,689,13,1181,14,1006,6,14
"653","2020-04-21",130,8,185,345,2967,0.50252780586451,0,0,273,689,21,1202,6,1012,5,6
"654","2020-04-22",125,8,182,332,2967,0.50252780586451,0,0,273,689,16,1218,4,1016,6,4
"655","2020-04-23",118,8,173,335,2967,0.50252780586451,0,0,273,689,14,1232,4,1020,4,4
"656","2020-04-24",116,8,165,320,2967,0.50252780586451,0,0,273,689,20,1252,4,1024,9,4
"657","2020-04-25",106,8,172,306,2967,0.50252780586451,0,0,273,689,11,1263,7,1031,6,7
"658","2020-04-26",98,8,178,276,2967,0.50252780586451,0,0,273,689,14,1277,11,1042,4,11
"659","2020-04-27",97,8,174,271,2967,0.50252780586451,0,0,273,689,14,1291,5,1047,3,5
"660","2020-04-28",93,8,163,265,2967,0.50252780586451,0,0,273,689,11,1302,11,1058,3,11
"661","2020-04-29",89,8,137,263,2967,0.50252780586451,0,0,273,689,20,1322,16,1074,7,16
"662","2020-04-30",87,8,133,262,2967,0.50252780586451,0,0,273,689,21,1343,9,1083,11,9
"663","2020-05-01",88,8,128,257,2967,0.50252780586451,0,0,273,689,13,1356,7,1090,7,7
"664","2020-05-02",85,8,131,256,2967,0.50252780586451,0,0,273,689,11,1367,15,1105,6,15
"665","2020-05-03",74,8,131,241,2967,0.50252780586451,0,0,273,689,17,1384,11,1116,5,11
"666","2020-05-04",68,8,151,234,2967,0.50252780586451,0,0,273,689,12,1396,8,1124,7,8
"667","2020-05-05",60,8,142,234,2967,0.50252780586451,0,0,273,689,14,1410,5,1129,7,5
"668","2020-05-06",63,8,148,218,2967,0.50252780586451,0,0,273,689,11,1421,7,1136,5,7
"669","2020-05-07",66,8,131,220,2967,0.50252780586451,0,0,273,689,7,1428,11,1147,3,11
"670","2020-05-08",54,8,138,222,2967,0.50252780586451,0,0,273,689,15,1443,6,1153,8,6
"671","2020-05-09",59,8,141,222,2967,0.50252780586451,0,0,273,689,16,1459,9,1162,9,9
"672","2020-05-10",53,8,131,214,2967,0.50252780586451,0,0,273,689,15,1474,2,1164,6,2
"673","2020-05-11",57,8,123,210,2967,0.50252780586451,0,0,273,689,14,1488,3,1167,7,3
"674","2020-05-12",65,8,125,202,2967,0.50252780586451,0,0,273,689,13,1501,3,1170,11,3
"675","2020-05-13",63,8,129,199,2967,0.50252780586451,0,0,273,689,17,1518,7,1177,8,7
"676","2020-05-14",60,8,122,194,2967,0.50252780586451,0,0,273,689,15,1533,3,1180,9,3
"677","2020-05-15",64,8,126,188,2967,0.50252780586451,0,0,273,689,10,1543,5,1185,2,5
"678","2020-05-16",54,8,125,190,2967,0.50252780586451,0,0,273,689,15,1558,11,1196,8,11
"679","2020-05-17",63,8,123,193,2967,0.50252780586451,0,0,273,689,18,1576,4,1200,11,4
"680","2020-05-18",63,8,124,190,2967,0.50252780586451,0,0,273,689,10,1586,6,1206,5,6
"681","2020-05-19",58,8,117,199,2967,0.50252780586451,0,0,273,689,15,1601,2,1208,5,2
"682","2020-05-20",57,8,109,198,2967,0.50252780586451,0,0,273,689,18,1619,3,1211,13,3
"683","2020-05-21",49,8,103,192,2967,0.50252780586451,0,0,273,689,6,1625,2,1213,3,2
"684","2020-05-22",55,8,97,206,2967,0.50252780586451,0,0,273,689,16,1641,1,1214,8,1
"685","2020-05-23",56,8,95,201,2967,0.50252780586451,0,0,273,689,13,1654,1,1215,7,1
"686","2020-05-24",53,8,92,192,2967,0.50252780586451,0,0,273,689,18,1672,1,1216,5,1
"687","2020-05-25",54,8,91,192,2967,0.50252780586451,0,0,273,689,9,1681,4,1220,3,4
"688","2020-05-26",52,8,93,174,2967,0.50252780586451,0,0,273,689,9,1690,3,1223,6,3
"689","2020-05-27",47,8,75,165,2967,0.50252780586451,0,0,273,689,13,1703,5,1228,7,5
"690","2020-05-28",51,8,73,168,2967,0.50252780586451,0,0,273,689,15,1718,1,1229,7,1
"691","2020-05-29",49,8,76,166,2967,0.50252780586451,0,0,273,689,13,1731,NA,NA,7,NA
"692","2020-05-30",50,8,77,164,2967,0.50252780586451,0,0,273,689,19,1750,NA,NA,12,NA
"693","2020-05-31",51,8,75,163,2967,0.50252780586451,0,0,273,689,15,1765,NA,NA,7,NA
"694","2020-06-01",43,8,67,148,2967,0.50252780586451,0,0,273,689,16,1781,1,1230,7,1
"695","2020-06-02",40,8,59,158,2967,0.50252780586451,0,0,273,689,17,1798,NA,NA,9,NA
"696","2020-06-03",40,8,63,155,2967,0.50252780586451,0,0,273,689,17,1815,NA,NA,10,NA
"697","2020-06-04",43,8,63,153,2967,0.50252780586451,0,0,273,689,17,1832,1,1231,11,1
"698","2020-06-05",40,8,62,155,2967,0.50252780586451,0,0,273,689,13,1845,2,1233,5,2
"699","2020-06-06",43,8,60,150,2967,0.50252780586451,0,0,273,689,16,1861,2,1235,7,2
"700","2020-06-07",38,8,55,153,2967,0.50252780586451,0,0,273,689,12,1873,2,1237,8,2
"701","2020-03-14",1,9,201,122,7530,0.975697211155378,0,0,643,560,35,99,39,283,26,39
"702","2020-03-15",8,9,230,177,7530,0.975697211155378,0,0,643,560,35,134,11,294,25,11
"703","2020-03-16",15,9,204,239,7530,0.975697211155378,0,0,643,560,29,163,29,323,21,29
"704","2020-03-17",24,9,231,323,7530,0.975697211155378,0,0,643,560,28,191,63,386,27,63
"705","2020-03-18",28,9,226,416,7530,0.975697211155378,0,0,643,560,50,241,24,410,41,24
"706","2020-03-19",40,9,219,552,7530,0.975697211155378,0,0,643,560,41,282,60,470,39,60
"707","2020-03-20",55,9,206,706,7530,0.975697211155378,0,0,643,560,52,334,48,518,44,48
"708","2020-03-21",74,9,218,887,7530,0.975697211155378,0,0,643,560,56,390,83,601,50,83
"709","2020-03-22",91,9,219,1085,7530,0.975697211155378,0,0,643,560,58,448,73,674,53,73
"710","2020-03-23",117,9,198,1326,7530,0.975697211155378,0,0,643,560,53,501,63,737,50,63
"711","2020-03-24",165,9,199,1552,7530,0.975697211155378,0,0,643,560,62,563,47,784,59,47
"712","2020-03-25",222,9,235,1847,7530,0.975697211155378,0,0,643,560,67,630,37,821,60,37
"713","2020-03-26",288,9,247,2144,7530,0.975697211155378,0,0,643,560,67,697,27,848,64,27
"714","2020-03-27",354,9,228,2497,7530,0.975697211155378,0,0,643,560,56,753,35,883,54,35
"715","2020-03-28",421,9,234,2805,7530,0.975697211155378,0,0,643,560,72,825,15,898,67,15
"716","2020-03-29",510,9,211,3154,7530,0.975697211155378,0,0,643,560,88,913,19,917,84,19
"717","2020-03-30",607,9,210,3366,7530,0.975697211155378,0,0,643,560,70,983,15,932,67,15
"718","2020-03-31",691,9,213,3663,7530,0.975697211155378,0,0,643,560,89,1072,21,953,86,21
"719","2020-04-01",787,9,233,3829,7530,0.975697211155378,0,0,643,560,82,1154,12,965,77,12
"720","2020-04-02",875,9,249,3995,7530,0.975697211155378,0,0,643,560,89,1243,6,971,84,6
"721","2020-04-03",958,9,228,4055,7530,0.975697211155378,0,0,643,560,99,1342,7,978,97,7
"722","2020-04-04",1037,9,201,4053,7530,0.975697211155378,0,0,643,560,110,1452,6,984,104,6
"723","2020-04-05",1097,9,203,3965,7530,0.975697211155378,0,0,643,560,77,1529,7,991,75,7
"724","2020-04-06",1134,9,189,3860,7530,0.975697211155378,0,0,643,560,76,1605,18,1009,71,18
"725","2020-04-07",1143,9,197,3651,7530,0.975697211155378,0,0,643,560,112,1717,55,1064,109,55
"726","2020-04-08",1138,9,187,3449,7530,0.975697211155378,0,0,643,560,93,1810,52,1116,90,52
"727","2020-04-09",1127,9,171,3200,7530,0.975697211155378,0,0,643,560,123,1933,43,1159,121,43
"728","2020-04-10",1099,9,149,2903,7530,0.975697211155378,0,0,643,560,91,2024,33,1192,89,33
"729","2020-04-11",1034,9,163,2568,7530,0.975697211155378,0,0,643,560,87,2111,48,1240,85,48
"730","2020-04-12",979,9,160,2254,7530,0.975697211155378,0,0,643,560,115,2226,47,1287,111,47
"731","2020-04-13",920,9,161,1955,7530,0.975697211155378,0,0,643,560,105,2331,29,1316,101,29
"732","2020-04-14",855,9,163,1689,7530,0.975697211155378,0,0,643,560,82,2413,51,1367,82,51
"733","2020-04-15",778,9,151,1440,7530,0.975697211155378,0,0,643,560,92,2505,38,1405,89,38
"734","2020-04-16",698,9,153,1187,7530,0.975697211155378,0,0,643,560,81,2586,26,1431,81,26
"735","2020-04-17",605,9,137,967,7530,0.975697211155378,0,0,643,560,120,2706,21,1452,115,21
"736","2020-04-18",538,9,123,808,7530,0.975697211155378,0,0,643,560,82,2788,16,1468,81,16
"737","2020-04-19",459,9,119,632,7530,0.975697211155378,0,0,643,560,81,2869,30,1498,79,30
"738","2020-04-20",388,9,113,519,7530,0.975697211155378,0,0,643,560,73,2942,46,1544,70,46
"739","2020-04-21",328,9,119,409,7530,0.975697211155378,0,0,643,560,72,3014,45,1589,70,45
"740","2020-04-22",274,9,111,324,7530,0.975697211155378,0,0,643,560,99,3113,30,1619,95,30
"741","2020-04-23",212,9,98,256,7530,0.975697211155378,0,0,643,560,58,3171,14,1633,58,14
"742","2020-04-24",178,9,93,196,7530,0.975697211155378,0,0,643,560,65,3236,17,1650,65,17
"743","2020-04-25",152,9,80,159,7530,0.975697211155378,0,0,643,560,55,3291,19,1669,54,19
"744","2020-04-26",116,9,90,123,7530,0.975697211155378,0,0,643,560,72,3363,9,1678,70,9
"745","2020-04-27",82,9,96,94,7530,0.975697211155378,0,0,643,560,54,3417,2,1680,53,2
"746","2020-04-28",60,9,103,80,7530,0.975697211155378,0,0,643,560,44,3461,5,1685,43,5
"747","2020-04-29",43,9,95,67,7530,0.975697211155378,0,0,643,560,55,3516,13,1698,53,13
"748","2020-04-30",31,9,90,62,7530,0.975697211155378,0,0,643,560,49,3565,14,1712,48,14
"749","2020-05-01",24,9,90,51,7530,0.975697211155378,0,0,643,560,41,3606,9,1721,41,9
"750","2020-05-02",17,9,81,47,7530,0.975697211155378,0,0,643,560,34,3640,12,1733,33,12
"751","2020-05-03",17,9,78,35,7530,0.975697211155378,0,0,643,560,28,3668,10,1743,27,10
"752","2020-05-04",18,9,71,33,7530,0.975697211155378,0,0,643,560,40,3708,9,1752,38,9
"753","2020-05-05",16,9,74,24,7530,0.975697211155378,0,0,643,560,34,3742,14,1766,33,14
"754","2020-05-06",14,9,57,22,7530,0.975697211155378,0,0,643,560,34,3776,10,1776,33,10
"755","2020-05-07",14,9,55,20,7530,0.975697211155378,0,0,643,560,40,3816,10,1786,38,10
"756","2020-05-08",13,9,50,19,7530,0.975697211155378,0,0,643,560,28,3844,10,1796,28,10
"757","2020-05-09",13,9,49,16,7530,0.975697211155378,0,0,643,560,38,3882,4,1800,34,4
"758","2020-05-10",11,9,48,15,7530,0.975697211155378,0,0,643,560,15,3897,3,1803,14,3
"759","2020-05-11",7,9,45,14,7530,0.975697211155378,0,0,643,560,29,3926,7,1810,29,7
"760","2020-05-12",7,9,42,10,7530,0.975697211155378,0,0,643,560,32,3958,5,1815,31,5
"761","2020-05-13",6,9,39,7,7530,0.975697211155378,0,0,643,560,23,3981,5,1820,21,5
"762","2020-05-14",5,9,38,8,7530,0.975697211155378,0,0,643,560,20,4001,1,1821,19,1
"763","2020-05-15",4,9,32,8,7530,0.975697211155378,0,0,643,560,30,4031,2,1823,28,2
"764","2020-05-16",3,9,33,7,7530,0.975697211155378,0,0,643,560,23,4054,NA,NA,23,NA
"765","2020-05-17",2,9,30,6,7530,0.975697211155378,0,0,643,560,10,4064,1,1824,10,1
"766","2020-05-18",2,9,31,7,7530,0.975697211155378,0,0,643,560,16,4080,NA,NA,16,NA
"767","2020-05-19",1,9,32,5,7530,0.975697211155378,0,0,643,560,10,4090,NA,NA,10,NA
"768","2020-05-20",0,9,0,0,7530,0.975697211155378,0,0,643,560,18,4108,NA,NA,17,NA
"769","2020-05-21",1,9,25,4,7530,0.975697211155378,0,0,643,560,20,4128,NA,NA,19,NA
"770","2020-05-22",1,9,24,4,7530,0.975697211155378,0,0,643,560,12,4140,1,1825,12,1
"771","2020-05-23",2,9,22,4,7530,0.975697211155378,0,0,643,560,12,4152,NA,NA,12,NA
"772","2020-05-24",2,9,19,4,7530,0.975697211155378,0,0,643,560,6,4158,NA,NA,4,NA
"773","2020-05-25",2,9,17,4,7530,0.975697211155378,0,0,643,560,17,4175,NA,NA,17,NA
"774","2020-05-26",2,9,15,5,7530,0.975697211155378,0,0,643,560,14,4189,NA,NA,13,NA
"775","2020-05-27",2,9,14,3,7530,0.975697211155378,0,0,643,560,10,4199,NA,NA,10,NA
"776","2020-05-28",1,9,14,3,7530,0.975697211155378,0,0,643,560,9,4208,NA,NA,8,NA
"777","2020-05-29",1,9,13,3,7530,0.975697211155378,0,0,643,560,6,4214,NA,NA,4,NA
"778","2020-05-30",0,9,0,0,7530,0.975697211155378,0,0,643,560,6,4220,NA,NA,6,NA
"779","2020-05-31",2,9,13,3,7530,0.975697211155378,0,0,643,560,5,4225,NA,NA,4,NA
"780","2020-06-01",2,9,13,1,7530,0.975697211155378,0,0,643,560,3,4228,NA,NA,3,NA
"781","2020-06-02",2,9,12,1,7530,0.975697211155378,0,0,643,560,14,4242,NA,NA,10,NA
"782","2020-06-03",2,9,9,3,7530,0.975697211155378,0,0,643,560,10,4252,NA,NA,10,NA
"783","2020-06-04",2,9,9,3,7530,0.975697211155378,0,0,643,560,9,4261,NA,NA,7,NA
"784","2020-06-05",2,9,9,4,7530,0.975697211155378,0,0,643,560,10,4271,NA,NA,8,NA
"785","2020-06-06",2,9,9,4,7530,0.975697211155378,0,0,643,560,7,4278,NA,NA,5,NA
"786","2020-03-14",1,10,206,60,2080,0.821153846153846,0,0,144,536,48,154,15,87,19,15
"787","2020-03-15",4,10,233,77,2080,0.821153846153846,0,0,144,536,51,205,12,99,30,12
"788","2020-03-16",6,10,254,93,2080,0.821153846153846,0,0,144,536,47,252,49,148,19,49
"789","2020-03-17",10,10,248,106,2080,0.821153846153846,0,0,144,536,53,305,30,178,22,30
"790","2020-03-18",14,10,231,115,2080,0.821153846153846,0,0,144,536,42,347,49,227,21,49
"791","2020-03-19",17,10,187,120,2080,0.821153846153846,0,0,144,536,51,398,24,251,31,24
"792","2020-03-20",23,10,179,126,2080,0.821153846153846,0,0,144,536,59,457,21,272,35,21
"793","2020-03-21",28,10,165,137,2080,0.821153846153846,0,0,144,536,57,514,18,290,31,18
"794","2020-03-22",30,10,167,146,2080,0.821153846153846,0,0,144,536,55,569,12,302,36,12
"795","2020-03-23",31,10,147,150,2080,0.821153846153846,0,0,144,536,58,627,42,344,43,42
"796","2020-03-24",31,10,156,160,2080,0.821153846153846,0,0,144,536,60,687,19,363,35,19
"797","2020-03-25",34,10,149,166,2080,0.821153846153846,0,0,144,536,57,744,21,384,39,21
"798","2020-03-26",39,10,172,162,2080,0.821153846153846,0,0,144,536,64,808,51,435,41,51
"799","2020-03-27",39,10,177,167,2080,0.821153846153846,0,0,144,536,62,870,48,483,48,48
"800","2020-03-28",37,10,184,161,2080,0.821153846153846,0,0,144,536,66,936,50,533,43,50
"801","2020-03-29",37,10,192,157,2080,0.821153846153846,0,0,144,536,67,1003,36,569,47,36
"802","2020-03-30",41,10,165,154,2080,0.821153846153846,0,0,144,536,62,1065,61,630,45,61
"803","2020-03-31",47,10,161,161,2080,0.821153846153846,0,0,144,536,57,1122,46,676,34,46
"804","2020-04-01",51,10,172,169,2080,0.821153846153846,0,0,144,536,57,1179,16,692,37,16
"805","2020-04-02",47,10,169,177,2080,0.821153846153846,0,0,144,536,69,1248,22,714,54,22
"806","2020-04-03",47,10,159,178,2080,0.821153846153846,0,0,144,536,62,1310,41,755,50,41
"807","2020-04-04",51,10,143,174,2080,0.821153846153846,0,0,144,536,66,1376,45,800,45,45
"808","2020-04-05",55,10,152,181,2080,0.821153846153846,0,0,144,536,70,1446,41,841,54,41
"809","2020-04-06",53,10,182,191,2080,0.821153846153846,0,0,144,536,53,1499,24,865,43,24
"810","2020-04-07",53,10,184,193,2080,0.821153846153846,0,0,144,536,45,1544,32,897,37,32
"811","2020-04-08",56,10,188,190,2080,0.821153846153846,0,0,144,536,53,1597,12,909,47,12
"812","2020-04-09",62,10,202,194,2080,0.821153846153846,0,0,144,536,68,1665,11,920,56,11
"813","2020-04-10",60,10,187,192,2080,0.821153846153846,0,0,144,536,64,1729,19,939,57,19
"814","2020-04-11",58,10,186,203,2080,0.821153846153846,0,0,144,536,59,1788,28,967,46,28
"815","2020-04-12",56,10,168,194,2080,0.821153846153846,0,0,144,536,52,1840,18,985,41,18
"816","2020-04-13",54,10,174,189,2080,0.821153846153846,0,0,144,536,74,1914,21,1006,64,21
"817","2020-04-14",56,10,151,186,2080,0.821153846153846,0,0,144,536,45,1959,7,1013,38,7
"818","2020-04-15",48,10,142,173,2080,0.821153846153846,0,0,144,536,47,2006,15,1028,40,15
"819","2020-04-16",46,10,145,173,2080,0.821153846153846,0,0,144,536,54,2060,20,1048,45,20
"820","2020-04-17",49,10,167,156,2080,0.821153846153846,0,0,144,536,48,2108,4,1052,40,4
"821","2020-04-18",49,10,168,146,2080,0.821153846153846,0,0,144,536,55,2163,14,1066,50,14
"822","2020-04-19",52,10,141,129,2080,0.821153846153846,0,0,144,536,47,2210,14,1080,37,14
"823","2020-04-20",59,10,131,122,2080,0.821153846153846,0,0,144,536,48,2258,7,1087,43,7
"824","2020-04-21",55,10,122,127,2080,0.821153846153846,0,0,144,536,46,2304,5,1092,38,5
"825","2020-04-22",56,10,110,124,2080,0.821153846153846,0,0,144,536,40,2344,10,1102,36,10
"826","2020-04-23",49,10,102,133,2080,0.821153846153846,0,0,144,536,52,2396,9,1111,40,9
"827","2020-04-24",49,10,92,136,2080,0.821153846153846,0,0,144,536,33,2429,10,1121,27,10
"828","2020-04-25",45,10,94,137,2080,0.821153846153846,0,0,144,536,43,2472,20,1141,34,20
"829","2020-04-26",41,10,99,139,2080,0.821153846153846,0,0,144,536,54,2526,12,1153,50,12
"830","2020-04-27",38,10,106,137,2080,0.821153846153846,0,0,144,536,36,2562,15,1168,32,15
"831","2020-04-28",35,10,95,149,2080,0.821153846153846,0,0,144,536,39,2601,12,1180,33,12
"832","2020-04-29",33,10,84,152,2080,0.821153846153846,0,0,144,536,28,2629,11,1191,24,11
"833","2020-04-30",33,10,75,154,2080,0.821153846153846,0,0,144,536,37,2666,6,1197,32,6
"834","2020-05-01",30,10,86,143,2080,0.821153846153846,0,0,144,536,41,2707,4,1201,33,4
"835","2020-05-02",30,10,81,145,2080,0.821153846153846,0,0,144,536,27,2734,6,1207,20,6
"836","2020-05-03",32,10,74,156,2080,0.821153846153846,0,0,144,536,51,2785,5,1212,43,5
"837","2020-05-04",33,10,60,166,2080,0.821153846153846,0,0,144,536,34,2819,6,1218,28,6
"838","2020-05-05",42,10,59,158,2080,0.821153846153846,0,0,144,536,26,2845,5,1223,22,5
"839","2020-05-06",45,10,60,158,2080,0.821153846153846,0,0,144,536,25,2870,9,1232,22,9
"840","2020-05-07",52,10,64,152,2080,0.821153846153846,0,0,144,536,35,2905,10,1242,32,10
"841","2020-05-08",60,10,52,166,2080,0.821153846153846,0,0,144,536,25,2930,5,1247,22,5
"842","2020-05-09",63,10,54,188,2080,0.821153846153846,0,0,144,536,17,2947,4,1251,11,4
"843","2020-05-10",61,10,44,194,2080,0.821153846153846,0,0,144,536,27,2974,6,1257,21,6
"844","2020-05-11",59,10,42,187,2080,0.821153846153846,0,0,144,536,24,2998,4,1261,18,4
"845","2020-05-12",53,10,37,200,2080,0.821153846153846,0,0,144,536,19,3017,8,1269,14,8
"846","2020-05-13",52,10,44,214,2080,0.821153846153846,0,0,144,536,27,3044,8,1277,21,8
"847","2020-05-14",52,10,38,217,2080,0.821153846153846,0,0,144,536,28,3072,6,1283,23,6
"848","2020-05-15",50,10,32,235,2080,0.821153846153846,0,0,144,536,17,3089,1,1284,14,1
"849","2020-05-16",53,10,33,245,2080,0.821153846153846,0,0,144,536,26,3115,3,1287,23,3
"850","2020-05-17",51,10,37,265,2080,0.821153846153846,0,0,144,536,22,3137,5,1292,16,5
"851","2020-05-18",56,10,30,279,2080,0.821153846153846,0,0,144,536,17,3154,3,1295,13,3
"852","2020-05-19",55,10,34,294,2080,0.821153846153846,0,0,144,536,33,3187,5,1300,30,5
"853","2020-05-20",62,10,40,313,2080,0.821153846153846,0,0,144,536,20,3207,8,1308,15,8
"854","2020-05-21",71,10,36,316,2080,0.821153846153846,0,0,144,536,22,3229,7,1315,18,7
"855","2020-05-22",75,10,35,316,2080,0.821153846153846,0,0,144,536,20,3249,3,1318,18,3
"856","2020-05-23",83,10,33,332,2080,0.821153846153846,0,0,144,536,23,3272,7,1325,18,7
"857","2020-05-24",89,10,33,327,2080,0.821153846153846,0,0,144,536,20,3292,8,1333,11,8
"858","2020-05-25",87,10,34,339,2080,0.821153846153846,0,0,144,536,20,3312,6,1339,16,6
"859","2020-05-26",96,10,27,373,2080,0.821153846153846,0,0,144,536,21,3333,3,1342,14,3
"860","2020-05-27",95,10,23,387,2080,0.821153846153846,0,0,144,536,29,3362,3,1345,25,3
"861","2020-05-28",89,10,16,402,2080,0.821153846153846,0,0,144,536,22,3384,2,1347,15,2
"862","2020-05-29",92,10,19,411,2080,0.821153846153846,0,0,144,536,19,3403,4,1351,13,4
"863","2020-05-30",88,10,17,432,2080,0.821153846153846,0,0,144,536,19,3422,4,1355,13,4
"864","2020-05-31",95,10,16,443,2080,0.821153846153846,0,0,144,536,23,3445,6,1361,22,6
"865","2020-06-01",104,10,18,456,2080,0.821153846153846,0,0,144,536,23,3468,7,1368,18,7
"866","2020-06-02",113,10,19,475,2080,0.821153846153846,0,0,144,536,19,3487,4,1372,16,4
"867","2020-06-03",120,10,18,494,2080,0.821153846153846,0,0,144,536,18,3505,2,1374,15,2
"868","2020-06-04",130,10,17,502,2080,0.821153846153846,0,0,144,536,20,3525,3,1377,17,3
"869","2020-06-05",130,10,15,512,2080,0.821153846153846,0,0,144,536,14,3539,NA,NA,8,NA
"870","2020-06-06",137,10,18,541,2080,0.821153846153846,0,0,144,536,17,3556,2,1379,13,2
"871","2020-06-07",142,10,27,575,2080,0.821153846153846,0,0,144,536,16,3572,1,1380,15,1
"872","2020-03-13",1,11,191,112,3053,0.573861775302981,0,0,253,467,73,191,51,200,11,51
"873","2020-03-14",2,11,219,165,3053,0.573861775302981,0,0,253,467,56,247,33,233,13,33
"874","2020-03-15",7,11,269,206,3053,0.573861775302981,0,0,253,467,71,318,51,284,18,51
"875","2020-03-16",15,11,237,246,3053,0.573861775302981,0,0,253,467,60,378,50,334,15,50
"876","2020-03-17",22,11,228,284,3053,0.573861775302981,0,0,253,467,84,462,32,366,24,32
"877","2020-03-18",33,11,214,333,3053,0.573861775302981,0,0,253,467,67,529,37,403,24,37
"878","2020-03-19",40,11,194,367,3053,0.573861775302981,0,0,253,467,64,593,64,467,24,64
"879","2020-03-20",51,11,239,408,3053,0.573861775302981,0,0,253,467,68,661,56,523,29,56
"880","2020-03-21",61,11,250,425,3053,0.573861775302981,0,0,253,467,94,755,48,571,41,48
"881","2020-03-22",76,11,211,426,3053,0.573861775302981,0,0,253,467,77,832,54,625,37,54
"882","2020-03-23",89,11,185,448,3053,0.573861775302981,0,0,253,467,84,916,55,680,46,55
"883","2020-03-24",100,11,187,463,3053,0.573861775302981,0,0,253,467,101,1017,45,725,56,45
"884","2020-03-25",101,11,185,487,3053,0.573861775302981,0,0,253,467,68,1085,38,763,44,38
"885","2020-03-26",112,11,167,500,3053,0.573861775302981,0,0,253,467,70,1155,42,805,38,42
"886","2020-03-27",116,11,168,509,3053,0.573861775302981,0,0,253,467,72,1227,58,863,41,58
"887","2020-03-28",125,11,207,504,3053,0.573861775302981,0,0,253,467,68,1295,57,920,39,57
"888","2020-03-29",120,11,250,519,3053,0.573861775302981,0,0,253,467,50,1345,45,965,35,45
"889","2020-03-30",126,11,250,501,3053,0.573861775302981,0,0,253,467,68,1413,48,1013,41,48
"890","2020-03-31",126,11,231,492,3053,0.573861775302981,0,0,253,467,59,1472,38,1051,43,38
"891","2020-04-01",136,11,224,475,3053,0.573861775302981,0,0,253,467,69,1541,39,1090,44,39
"892","2020-04-02",131,11,230,445,3053,0.573861775302981,0,0,253,467,57,1598,51,1141,33,51
"893","2020-04-03",133,11,200,423,3053,0.573861775302981,0,0,253,467,55,1653,40,1181,34,40
"894","2020-04-04",137,11,187,414,3053,0.573861775302981,0,0,253,467,45,1698,31,1212,26,31
"895","2020-04-05",136,11,211,413,3053,0.573861775302981,0,0,253,467,61,1759,31,1243,36,31
"896","2020-04-06",122,11,210,413,3053,0.573861775302981,0,0,253,467,43,1802,31,1274,24,31
"897","2020-04-07",118,11,230,389,3053,0.573861775302981,0,0,253,467,52,1854,57,1331,29,57
"898","2020-04-08",113,11,243,366,3053,0.573861775302981,0,0,253,467,58,1912,61,1392,28,61
"899","2020-04-09",115,11,218,344,3053,0.573861775302981,0,0,253,467,53,1965,61,1453,34,61
"900","2020-04-10",114,11,224,334,3053,0.573861775302981,0,0,253,467,44,2009,64,1517,27,64
"901","2020-04-11",102,11,225,328,3053,0.573861775302981,0,0,253,467,52,2061,42,1559,32,42
"902","2020-04-12",103,11,235,313,3053,0.573861775302981,0,0,253,467,57,2118,34,1593,39,34
"903","2020-04-13",110,11,216,292,3053,0.573861775302981,0,0,253,467,39,2157,40,1633,25,40
"904","2020-04-14",110,11,191,279,3053,0.573861775302981,0,0,253,467,44,2201,23,1656,30,23
"905","2020-04-15",111,11,152,288,3053,0.573861775302981,0,0,253,467,32,2233,31,1687,23,31
"906","2020-04-16",103,11,131,277,3053,0.573861775302981,0,0,253,467,48,2281,40,1727,29,40
"907","2020-04-17",94,11,122,272,3053,0.573861775302981,0,0,253,467,34,2315,54,1781,15,54
"908","2020-04-18",91,11,116,286,3053,0.573861775302981,0,0,253,467,23,2338,43,1824,16,43
"909","2020-04-19",84,11,103,285,3053,0.573861775302981,0,0,253,467,31,2369,46,1870,15,46
"910","2020-04-20",70,11,111,276,3053,0.573861775302981,0,0,253,467,32,2401,39,1909,19,39
"911","2020-04-21",61,11,105,293,3053,0.573861775302981,0,0,253,467,31,2432,46,1955,21,46
"912","2020-04-22",55,11,90,295,3053,0.573861775302981,0,0,253,467,33,2465,38,1993,22,38
"913","2020-04-23",61,11,83,298,3053,0.573861775302981,0,0,253,467,20,2485,50,2043,11,50
"914","2020-04-24",66,11,75,308,3053,0.573861775302981,0,0,253,467,30,2515,39,2082,18,39
"915","2020-04-25",71,11,77,310,3053,0.573861775302981,0,0,253,467,16,2531,28,2110,11,28
"916","2020-04-26",70,11,75,313,3053,0.573861775302981,0,0,253,467,27,2558,52,2162,19,52
"917","2020-04-27",79,11,80,306,3053,0.573861775302981,0,0,253,467,27,2585,46,2208,16,46
"918","2020-04-28",88,11,86,303,3053,0.573861775302981,0,0,253,467,23,2608,35,2243,15,35
"919","2020-04-29",90,11,76,301,3053,0.573861775302981,0,0,253,467,23,2631,32,2275,12,32
"920","2020-04-30",94,11,75,298,3053,0.573861775302981,0,0,253,467,30,2661,41,2316,20,41
"921","2020-05-01",91,11,71,294,3053,0.573861775302981,0,0,253,467,25,2686,46,2362,12,46
"922","2020-05-02",93,11,69,281,3053,0.573861775302981,0,0,253,467,22,2708,46,2408,13,46
"923","2020-05-03",100,11,67,286,3053,0.573861775302981,0,0,253,467,22,2730,39,2447,12,39
"924","2020-05-04",94,11,70,286,3053,0.573861775302981,0,0,253,467,25,2755,31,2478,12,31
"925","2020-05-05",94,11,60,285,3053,0.573861775302981,0,0,253,467,26,2781,32,2510,14,32
"926","2020-05-06",94,11,60,291,3053,0.573861775302981,0,0,253,467,21,2802,48,2558,7,48
"927","2020-05-07",91,11,50,289,3053,0.573861775302981,0,0,253,467,16,2818,46,2604,11,46
"928","2020-05-08",93,11,48,287,3053,0.573861775302981,0,0,253,467,19,2837,40,2644,7,40
"929","2020-05-09",85,11,37,287,3053,0.573861775302981,0,0,253,467,21,2858,25,2669,8,25
"930","2020-05-10",80,11,33,294,3053,0.573861775302981,0,0,253,467,16,2874,34,2703,8,34
"931","2020-05-11",82,11,33,302,3053,0.573861775302981,0,0,253,467,16,2890,29,2732,9,29
"932","2020-05-12",83,11,33,309,3053,0.573861775302981,0,0,253,467,14,2904,36,2768,6,36
"933","2020-05-13",73,11,29,316,3053,0.573861775302981,0,0,253,467,14,2918,28,2796,7,28
"934","2020-05-14",71,11,35,318,3053,0.573861775302981,0,0,253,467,18,2936,28,2824,3,28
"935","2020-05-15",68,11,30,334,3053,0.573861775302981,0,0,253,467,15,2951,22,2846,6,22
"936","2020-05-16",80,11,30,340,3053,0.573861775302981,0,0,253,467,14,2965,27,2873,6,27
"937","2020-05-17",82,11,35,349,3053,0.573861775302981,0,0,253,467,19,2984,20,2893,9,20
"938","2020-05-18",84,11,27,361,3053,0.573861775302981,0,0,253,467,18,3002,12,2905,7,12
"939","2020-05-19",86,11,26,370,3053,0.573861775302981,0,0,253,467,10,3012,22,2927,6,22
"940","2020-05-20",97,11,24,372,3053,0.573861775302981,0,0,253,467,14,3026,18,2945,11,18
"941","2020-05-21",92,11,16,379,3053,0.573861775302981,0,0,253,467,17,3043,24,2969,7,24
"942","2020-05-22",103,11,14,386,3053,0.573861775302981,0,0,253,467,12,3055,20,2989,4,20
"943","2020-05-23",101,11,14,387,3053,0.573861775302981,0,0,253,467,22,3077,13,3002,13,13
"944","2020-05-24",98,11,14,382,3053,0.573861775302981,0,0,253,467,19,3096,9,3011,13,9
"945","2020-05-25",105,11,13,383,3053,0.573861775302981,0,0,253,467,13,3109,25,3036,5,25
"946","2020-05-26",110,11,15,382,3053,0.573861775302981,0,0,253,467,9,3118,9,3045,6,9
"947","2020-05-27",117,11,18,390,3053,0.573861775302981,0,0,253,467,19,3137,7,3052,11,7
"948","2020-05-28",122,11,19,391,3053,0.573861775302981,0,0,253,467,26,3163,8,3060,15,8
"949","2020-05-29",116,11,16,376,3053,0.573861775302981,0,0,253,467,15,3178,16,3076,6,16
"950","2020-05-30",109,11,15,377,3053,0.573861775302981,0,0,253,467,13,3191,11,3087,3,11
"951","2020-05-31",118,11,11,371,3053,0.573861775302981,0,0,253,467,21,3212,12,3099,12,12
"952","2020-06-01",117,11,11,368,3053,0.573861775302981,0,0,253,467,17,3229,15,3114,8,15
"953","2020-06-02",105,11,12,366,3053,0.573861775302981,0,0,253,467,17,3246,12,3126,10,12
"954","2020-06-03",102,11,13,354,3053,0.573861775302981,0,0,253,467,11,3257,14,3140,4,14
"955","2020-06-04",97,11,15,351,3053,0.573861775302981,0,0,253,467,23,3280,8,3148,14,8
"956","2020-06-05",94,11,14,342,3053,0.573861775302981,0,0,253,467,16,3296,11,3159,9,11
"957","2020-06-06",95,11,16,358,3053,0.573861775302981,0,0,253,467,17,3313,7,3166,5,7
"958","2020-06-07",97,11,14,352,3053,0.573861775302981,0,0,253,467,13,3326,6,3172,7,6
"959","2020-03-13",1,12,123,148,2770,0.4,0,0,251,416,33,97,8,68,14,8
"960","2020-03-14",5,12,145,204,2770,0.4,0,0,251,416,35,132,16,84,16,16
"961","2020-03-15",19,12,201,270,2770,0.4,0,0,251,416,48,180,14,98,23,14
"962","2020-03-16",24,12,219,336,2770,0.4,0,0,251,416,35,215,21,119,23,21
"963","2020-03-17",34,12,225,388,2770,0.4,0,0,251,416,49,264,53,172,31,53
"964","2020-03-18",49,12,223,434,2770,0.4,0,0,251,416,60,324,26,198,38,26
"965","2020-03-19",64,12,238,465,2770,0.4,0,0,251,416,64,388,66,264,42,66
"966","2020-03-20",80,12,217,503,2770,0.4,0,0,251,416,55,443,60,324,36,60
"967","2020-03-21",98,12,215,541,2770,0.4,0,0,251,416,80,523,58,382,63,58
"968","2020-03-22",109,12,204,552,2770,0.4,0,0,251,416,69,592,18,400,50,18
"969","2020-03-23",127,12,182,569,2770,0.4,0,0,251,416,86,678,14,414,74,14
"970","2020-03-24",141,12,175,567,2770,0.4,0,0,251,416,70,748,15,429,48,15
"971","2020-03-25",146,12,173,585,2770,0.4,0,0,251,416,61,809,18,447,43,18
"972","2020-03-26",154,12,189,566,2770,0.4,0,0,251,416,67,876,29,476,53,29
"973","2020-03-27",162,12,185,578,2770,0.4,0,0,251,416,71,947,41,517,57,41
"974","2020-03-28",169,12,195,569,2770,0.4,0,0,251,416,96,1043,48,565,78,48
"975","2020-03-29",165,12,194,554,2770,0.4,0,0,251,416,78,1121,34,599,62,34
"976","2020-03-30",169,12,191,539,2770,0.4,0,0,251,416,83,1204,16,615,65,16
"977","2020-03-31",164,12,196,535,2770,0.4,0,0,251,416,74,1278,45,660,59,45
"978","2020-04-01",164,12,191,536,2770,0.4,0,0,251,416,79,1357,46,706,66,46
"979","2020-04-02",159,12,178,527,2770,0.4,0,0,251,416,69,1426,35,741,54,35
"980","2020-04-03",155,12,177,520,2770,0.4,0,0,251,416,75,1501,59,800,68,59
"981","2020-04-04",151,12,206,510,2770,0.4,0,0,251,416,53,1554,27,827,44,27
"982","2020-04-05",149,12,218,503,2770,0.4,0,0,251,416,66,1620,27,854,54,27
"983","2020-04-06",142,12,223,497,2770,0.4,0,0,251,416,74,1694,28,882,66,28
"984","2020-04-07",149,12,208,493,2770,0.4,0,0,251,416,77,1771,35,917,67,35
"985","2020-04-08",147,12,191,479,2770,0.4,0,0,251,416,66,1837,47,964,58,47
"986","2020-04-09",146,12,177,466,2770,0.4,0,0,251,416,50,1887,61,1025,43,61
"987","2020-04-10",144,12,171,455,2770,0.4,0,0,251,416,82,1969,45,1070,77,45
"988","2020-04-11",128,12,166,426,2770,0.4,0,0,251,416,55,2024,44,1114,49,44
"989","2020-04-12",128,12,166,390,2770,0.4,0,0,251,416,78,2102,23,1137,68,23
"990","2020-04-13",129,12,153,375,2770,0.4,0,0,251,416,49,2151,23,1160,45,23
"991","2020-04-14",124,12,158,344,2770,0.4,0,0,251,416,71,2222,28,1188,63,28
"992","2020-04-15",130,12,161,330,2770,0.4,0,0,251,416,69,2291,15,1203,67,15
"993","2020-04-16",129,12,168,313,2770,0.4,0,0,251,416,43,2334,7,1210,39,7
"994","2020-04-17",122,12,156,310,2770,0.4,0,0,251,416,48,2382,8,1218,45,8
"995","2020-04-18",120,12,152,281,2770,0.4,0,0,251,416,48,2430,24,1242,45,24
"996","2020-04-19",103,12,141,260,2770,0.4,0,0,251,416,41,2471,33,1275,38,33
"997","2020-04-20",90,12,133,260,2770,0.4,0,0,251,416,50,2521,32,1307,45,32
"998","2020-04-21",75,12,122,246,2770,0.4,0,0,251,416,65,2586,23,1330,57,23
"999","2020-04-22",61,12,120,239,2770,0.4,0,0,251,416,45,2631,6,1336,38,6
"1000","2020-04-23",57,12,114,242,2770,0.4,0,0,251,416,36,2667,22,1358,33,22
"1001","2020-04-24",53,12,111,240,2770,0.4,0,0,251,416,52,2719,25,1383,48,25
"1002","2020-04-25",58,12,110,243,2770,0.4,0,0,251,416,46,2765,11,1394,36,11
"1003","2020-04-26",63,12,111,238,2770,0.4,0,0,251,416,32,2797,19,1413,28,19
"1004","2020-04-27",64,12,98,243,2770,0.4,0,0,251,416,36,2833,18,1431,30,18
"1005","2020-04-28",65,12,106,238,2770,0.4,0,0,251,416,46,2879,13,1444,40,13
"1006","2020-04-29",62,12,103,239,2770,0.4,0,0,251,416,42,2921,7,1451,38,7
"1007","2020-04-30",56,12,92,238,2770,0.4,0,0,251,416,43,2964,12,1463,37,12
"1008","2020-05-01",57,12,84,237,2770,0.4,0,0,251,416,33,2997,15,1478,32,15
"1009","2020-05-02",65,12,77,237,2770,0.4,0,0,251,416,37,3034,13,1491,34,13
"1010","2020-05-03",65,12,67,220,2770,0.4,0,0,251,416,20,3054,4,1495,15,4
"1011","2020-05-04",61,12,66,231,2770,0.4,0,0,251,416,34,3088,14,1509,27,14
"1012","2020-05-05",62,12,70,222,2770,0.4,0,0,251,416,33,3121,14,1523,28,14
"1013","2020-05-06",64,12,65,217,2770,0.4,0,0,251,416,29,3150,8,1531,24,8
"1014","2020-05-07",66,12,63,213,2770,0.4,0,0,251,416,30,3180,14,1545,24,14
"1015","2020-05-08",63,12,57,219,2770,0.4,0,0,251,416,28,3208,8,1553,21,8
"1016","2020-05-09",51,12,62,211,2770,0.4,0,0,251,416,23,3231,6,1559,20,6
"1017","2020-05-10",52,12,62,207,2770,0.4,0,0,251,416,30,3261,3,1562,24,3
"1018","2020-05-11",57,12,62,207,2770,0.4,0,0,251,416,29,3290,4,1566,19,4
"1019","2020-05-12",61,12,64,215,2770,0.4,0,0,251,416,45,3335,8,1574,42,8
"1020","2020-05-13",58,12,65,219,2770,0.4,0,0,251,416,19,3354,3,1577,19,3
"1021","2020-05-14",59,12,64,229,2770,0.4,0,0,251,416,16,3370,NA,NA,11,NA
"1022","2020-05-15",61,12,62,224,2770,0.4,0,0,251,416,28,3398,5,1582,22,5
"1023","2020-05-16",60,12,60,229,2770,0.4,0,0,251,416,26,3424,2,1584,21,2
"1024","2020-05-17",63,12,64,217,2770,0.4,0,0,251,416,16,3440,8,1592,12,8
"1025","2020-05-18",64,12,67,218,2770,0.4,0,0,251,416,16,3456,3,1595,13,3
"1026","2020-05-19",62,12,64,213,2770,0.4,0,0,251,416,13,3469,1,1596,10,1
"1027","2020-05-20",59,12,60,219,2770,0.4,0,0,251,416,18,3487,NA,NA,17,NA
"1028","2020-05-21",58,12,62,225,2770,0.4,0,0,251,416,15,3502,NA,NA,14,NA
"1029","2020-05-22",61,12,53,207,2770,0.4,0,0,251,416,14,3516,NA,NA,10,NA
"1030","2020-05-23",62,12,42,210,2770,0.4,0,0,251,416,16,3532,NA,NA,8,NA
"1031","2020-05-24",61,12,40,214,2770,0.4,0,0,251,416,17,3549,NA,NA,15,NA
"1032","2020-05-25",59,12,35,218,2770,0.4,0,0,251,416,16,3565,NA,NA,14,NA
"1033","2020-05-26",60,12,31,215,2770,0.4,0,0,251,416,19,3584,NA,NA,11,NA
"1034","2020-05-27",69,12,34,216,2770,0.4,0,0,251,416,19,3603,NA,NA,13,NA
"1035","2020-05-28",68,12,36,220,2770,0.4,0,0,251,416,13,3616,1,1597,9,1
"1036","2020-05-29",66,12,34,215,2770,0.4,0,0,251,416,8,3624,NA,NA,5,NA
"1037","2020-05-30",67,12,35,214,2770,0.4,0,0,251,416,11,3635,1,1598,11,1
"1038","2020-05-31",68,12,32,213,2770,0.4,0,0,251,416,13,3648,NA,NA,10,NA
"1039","2020-06-01",71,12,33,213,2770,0.4,0,0,251,416,13,3661,NA,NA,12,NA
"1040","2020-06-02",70,12,35,215,2770,0.4,0,0,251,416,14,3675,NA,NA,12,NA
"1041","2020-06-03",73,12,35,228,2770,0.4,0,0,251,416,16,3691,NA,NA,13,NA
"1042","2020-06-04",71,12,34,227,2770,0.4,0,0,251,416,14,3705,NA,NA,11,NA
"1043","2020-06-05",67,12,33,230,2770,0.4,0,0,251,416,10,3715,NA,NA,6,NA
"1044","2020-06-06",66,12,34,228,2770,0.4,0,0,251,416,10,3725,NA,NA,7,NA
"1045","2020-06-07",61,12,41,227,2770,0.4,0,0,251,416,13,3738,NA,NA,10,NA
"1046","2020-03-13",2,13,103,39,1600,0.6725,0,0,135,485,48,127,15,44,5,15
"1047","2020-03-14",2,13,122,54,1600,0.6725,0,0,135,485,37,164,17,61,7,17
"1048","2020-03-15",5,13,126,73,1600,0.6725,0,0,135,485,43,207,11,72,8,11
"1049","2020-03-16",8,13,147,87,1600,0.6725,0,0,135,485,44,251,35,107,19,35
"1050","2020-03-17",9,13,146,103,1600,0.6725,0,0,135,485,40,291,34,141,14,34
"1051","2020-03-18",12,13,151,128,1600,0.6725,0,0,135,485,31,322,47,188,14,47
"1052","2020-03-19",19,13,158,141,1600,0.6725,0,0,135,485,42,364,22,210,14,22
"1053","2020-03-20",23,13,168,161,1600,0.6725,0,0,135,485,41,405,18,228,22,18
"1054","2020-03-21",29,13,168,172,1600,0.6725,0,0,135,485,50,455,15,243,29,15
"1055","2020-03-22",30,13,148,196,1600,0.6725,0,0,135,485,44,499,35,278,19,35
"1056","2020-03-23",36,13,153,202,1600,0.6725,0,0,135,485,35,534,39,317,18,39
"1057","2020-03-24",41,13,182,218,1600,0.6725,0,0,135,485,33,567,28,345,13,28
"1058","2020-03-25",47,13,183,233,1600,0.6725,0,0,135,485,38,605,11,356,20,11
"1059","2020-03-26",48,13,168,244,1600,0.6725,0,0,135,485,53,658,10,366,25,10
"1060","2020-03-27",46,13,166,245,1600,0.6725,0,0,135,485,38,696,14,380,19,14
"1061","2020-03-28",52,13,176,253,1600,0.6725,0,0,135,485,43,739,7,387,21,7
"1062","2020-03-29",54,13,170,260,1600,0.6725,0,0,135,485,49,788,10,397,26,10
"1063","2020-03-30",59,13,173,254,1600,0.6725,0,0,135,485,45,833,13,410,23,13
"1064","2020-03-31",63,13,173,246,1600,0.6725,0,0,135,485,56,889,25,435,41,25
"1065","2020-04-01",60,13,173,237,1600,0.6725,0,0,135,485,36,925,28,463,15,28
"1066","2020-04-02",60,13,179,236,1600,0.6725,0,0,135,485,39,964,31,494,24,31
"1067","2020-04-03",64,13,183,248,1600,0.6725,0,0,135,485,26,990,37,531,16,37
"1068","2020-04-04",56,13,188,240,1600,0.6725,0,0,135,485,32,1022,26,557,17,26
"1069","2020-04-05",66,13,219,238,1600,0.6725,0,0,135,485,31,1053,21,578,13,21
"1070","2020-04-06",62,13,201,223,1600,0.6725,0,0,135,485,30,1083,37,615,20,37
"1071","2020-04-07",58,13,195,215,1600,0.6725,0,0,135,485,35,1118,22,637,24,22
"1072","2020-04-08",63,13,188,212,1600,0.6725,0,0,135,485,35,1153,34,671,22,34
"1073","2020-04-09",75,13,180,205,1600,0.6725,0,0,135,485,31,1184,22,693,14,22
"1074","2020-04-10",73,13,165,195,1600,0.6725,0,0,135,485,24,1208,23,716,12,23
"1075","2020-04-11",73,13,163,205,1600,0.6725,0,0,135,485,21,1229,12,728,7,12
"1076","2020-04-12",62,13,153,194,1600,0.6725,0,0,135,485,28,1257,21,749,13,21
"1077","2020-04-13",60,13,146,194,1600,0.6725,0,0,135,485,33,1290,8,757,23,8
"1078","2020-04-14",64,13,149,190,1600,0.6725,0,0,135,485,24,1314,19,776,12,19
"1079","2020-04-15",63,13,147,194,1600,0.6725,0,0,135,485,27,1341,17,793,15,17
"1080","2020-04-16",46,13,148,193,1600,0.6725,0,0,135,485,22,1363,16,809,11,16
"1081","2020-04-17",51,13,141,202,1600,0.6725,0,0,135,485,25,1388,9,818,14,9
"1082","2020-04-18",51,13,140,194,1600,0.6725,0,0,135,485,32,1420,9,827,18,9
"1083","2020-04-19",50,13,130,188,1600,0.6725,0,0,135,485,24,1444,12,839,13,12
"1084","2020-04-20",52,13,141,179,1600,0.6725,0,0,135,485,19,1463,11,850,12,11
"1085","2020-04-21",50,13,149,180,1600,0.6725,0,0,135,485,20,1483,14,864,17,14
"1086","2020-04-22",50,13,153,180,1600,0.6725,0,0,135,485,22,1505,13,877,12,13
"1087","2020-04-23",57,13,160,187,1600,0.6725,0,0,135,485,21,1526,8,885,11,8
"1088","2020-04-24",48,13,155,185,1600,0.6725,0,0,135,485,19,1545,7,892,14,7
"1089","2020-04-25",53,13,159,178,1600,0.6725,0,0,135,485,14,1559,4,896,5,4
"1090","2020-04-26",56,13,160,173,1600,0.6725,0,0,135,485,28,1587,7,903,16,7
"1091","2020-04-27",54,13,148,175,1600,0.6725,0,0,135,485,25,1612,9,912,18,9
"1092","2020-04-28",54,13,150,174,1600,0.6725,0,0,135,485,17,1629,7,919,12,7
"1093","2020-04-29",54,13,151,170,1600,0.6725,0,0,135,485,19,1648,10,929,10,10
"1094","2020-04-30",50,13,146,162,1600,0.6725,0,0,135,485,21,1669,6,935,13,6
"1095","2020-05-01",54,13,142,166,1600,0.6725,0,0,135,485,23,1692,5,940,15,5
"1096","2020-05-02",50,13,133,161,1600,0.6725,0,0,135,485,12,1704,8,948,7,8
"1097","2020-05-03",50,13,119,153,1600,0.6725,0,0,135,485,18,1722,6,954,11,6
"1098","2020-05-04",55,13,117,146,1600,0.6725,0,0,135,485,16,1738,10,964,8,10
"1099","2020-05-05",49,13,113,143,1600,0.6725,0,0,135,485,16,1754,4,968,10,4
"1100","2020-05-06",44,13,99,147,1600,0.6725,0,0,135,485,24,1778,5,973,20,5
"1101","2020-05-07",47,13,94,143,1600,0.6725,0,0,135,485,19,1797,7,980,11,7
"1102","2020-05-08",49,13,93,139,1600,0.6725,0,0,135,485,18,1815,4,984,10,4
"1103","2020-05-09",45,13,92,143,1600,0.6725,0,0,135,485,19,1834,3,987,13,3
"1104","2020-05-10",39,13,99,142,1600,0.6725,0,0,135,485,28,1862,5,992,18,5
"1105","2020-05-11",29,13,89,150,1600,0.6725,0,0,135,485,23,1885,2,994,14,2
"1106","2020-05-12",29,13,87,156,1600,0.6725,0,0,135,485,26,1911,6,1000,16,6
"1107","2020-05-13",25,13,82,162,1600,0.6725,0,0,135,485,28,1939,2,1002,19,2
"1108","2020-05-14",21,13,82,156,1600,0.6725,0,0,135,485,21,1960,2,1004,16,2
"1109","2020-05-15",21,13,88,156,1600,0.6725,0,0,135,485,12,1972,5,1009,9,5
"1110","2020-05-16",32,13,91,160,1600,0.6725,0,0,135,485,29,2001,4,1013,20,4
"1111","2020-05-17",36,13,73,170,1600,0.6725,0,0,135,485,28,2029,6,1019,18,6
"1112","2020-05-18",38,13,78,172,1600,0.6725,0,0,135,485,23,2052,2,1021,18,2
"1113","2020-05-19",41,13,73,171,1600,0.6725,0,0,135,485,28,2080,2,1023,10,2
"1114","2020-05-20",48,13,72,187,1600,0.6725,0,0,135,485,19,2099,5,1028,11,5
"1115","2020-05-21",48,13,63,186,1600,0.6725,0,0,135,485,13,2112,7,1035,8,7
"1116","2020-05-22",53,13,67,192,1600,0.6725,0,0,135,485,15,2127,4,1039,11,4
"1117","2020-05-23",48,13,66,191,1600,0.6725,0,0,135,485,13,2140,5,1044,11,5
"1118","2020-05-24",57,13,74,204,1600,0.6725,0,0,135,485,22,2162,1,1045,11,1
"1119","2020-05-25",56,13,75,204,1600,0.6725,0,0,135,485,40,2202,4,1049,26,4
"1120","2020-05-26",62,13,72,205,1600,0.6725,0,0,135,485,21,2223,7,1056,15,7
"1121","2020-05-27",58,13,68,214,1600,0.6725,0,0,135,485,17,2240,5,1061,9,5
"1122","2020-05-28",62,13,73,209,1600,0.6725,0,0,135,485,25,2265,2,1063,18,2
"1123","2020-05-29",57,13,75,204,1600,0.6725,0,0,135,485,14,2279,5,1068,5,5
"1124","2020-05-30",57,13,81,202,1600,0.6725,0,0,135,485,18,2297,2,1070,7,2
"1125","2020-05-31",47,13,78,210,1600,0.6725,0,0,135,485,18,2315,6,1076,13,6
"1126","2020-06-01",47,13,77,197,1600,0.6725,0,0,135,485,14,2329,2,1078,12,2
"1127","2020-06-02",44,13,76,191,1600,0.6725,0,0,135,485,13,2342,3,1081,12,3
"1128","2020-06-03",48,13,80,191,1600,0.6725,0,0,135,485,16,2358,1,1082,13,1
"1129","2020-06-04",45,13,63,180,1600,0.6725,0,0,135,485,18,2376,1,1083,11,1
"1130","2020-06-05",46,13,56,196,1600,0.6725,0,0,135,485,16,2392,NA,NA,11,NA
"1131","2020-06-06",45,13,62,186,1600,0.6725,0,0,135,485,21,2413,3,1086,12,3
"1132","2020-06-07",49,13,67,186,1600,0.6725,0,0,135,485,16,2429,2,1088,14,2
"1133","2020-03-13",3,14,213,95,5740,0.925087108013937,0,0,490,453,80,172,62,146,44,62
"1134","2020-03-14",3,14,278,137,5740,0.925087108013937,0,0,490,453,92,264,31,177,65,31
"1135","2020-03-15",11,14,257,200,5740,0.925087108013937,0,0,490,453,141,405,16,193,125,16
"1136","2020-03-16",20,14,301,256,5740,0.925087108013937,0,0,490,453,167,572,6,199,142,6
"1137","2020-03-17",23,14,340,340,5740,0.925087108013937,0,0,490,453,217,789,33,232,193,33
"1138","2020-03-18",31,14,322,426,5740,0.925087108013937,0,0,490,453,237,1026,30,262,226,30
"1139","2020-03-19",52,14,309,523,5740,0.925087108013937,0,0,490,453,293,1319,47,309,273,47
"1140","2020-03-20",58,14,280,631,5740,0.925087108013937,0,0,490,453,476,1795,28,337,452,28
"1141","2020-03-21",81,14,254,736,5740,0.925087108013937,0,0,490,453,443,2238,44,381,429,44
"1142","2020-03-22",101,14,236,857,5740,0.925087108013937,0,0,490,453,401,2639,50,431,384,50
"1143","2020-03-23",129,14,218,965,5740,0.925087108013937,0,0,490,453,485,3124,61,492,469,61
"1144","2020-03-24",164,14,210,1087,5740,0.925087108013937,0,0,490,453,670,3794,51,543,657,51
"1145","2020-03-25",191,14,240,1168,5740,0.925087108013937,0,0,490,453,481,4275,57,600,469,57
"1146","2020-03-26",223,14,230,1324,5740,0.925087108013937,0,0,490,453,526,4801,56,656,516,56
"1147","2020-03-27",258,14,209,1421,5740,0.925087108013937,0,0,490,453,491,5292,44,700,485,44
"1148","2020-03-28",288,14,197,1508,5740,0.925087108013937,0,0,490,453,489,5781,28,728,482,28
"1149","2020-03-29",306,14,226,1567,5740,0.925087108013937,0,0,490,453,408,6189,20,748,405,20
"1150","2020-03-30",351,14,234,1660,5740,0.925087108013937,0,0,490,453,247,6436,42,790,245,42
"1151","2020-03-31",385,14,270,1743,5740,0.925087108013937,0,0,490,453,256,6692,24,814,255,24
"1152","2020-04-01",416,14,282,1759,5740,0.925087108013937,0,0,490,453,228,6920,47,861,224,47
"1153","2020-04-02",437,14,269,1766,5740,0.925087108013937,0,0,490,453,185,7105,34,895,184,34
"1154","2020-04-03",456,14,250,1792,5740,0.925087108013937,0,0,490,453,129,7234,24,919,128,24
"1155","2020-04-04",472,14,244,1812,5740,0.925087108013937,0,0,490,453,89,7323,18,937,89,18
"1156","2020-04-05",504,14,221,1836,5740,0.925087108013937,0,0,490,453,69,7392,19,956,69,19
"1157","2020-04-06",496,14,206,1852,5740,0.925087108013937,0,0,490,453,48,7440,16,972,48,16
"1158","2020-04-07",500,14,196,1826,5740,0.925087108013937,0,0,490,453,45,7485,8,980,44,8
"1159","2020-04-08",513,14,196,1782,5740,0.925087108013937,0,0,490,453,34,7519,11,991,34,11
"1160","2020-04-09",524,14,175,1750,5740,0.925087108013937,0,0,490,453,20,7539,8,999,18,8
"1161","2020-04-10",518,14,168,1743,5740,0.925087108013937,0,0,490,453,21,7560,5,1004,21,5
"1162","2020-04-11",524,14,175,1697,5740,0.925087108013937,0,0,490,453,9,7569,13,1017,9,13
"1163","2020-04-12",532,14,169,1663,5740,0.925087108013937,0,0,490,453,11,7580,57,1074,11,57
"1164","2020-04-13",503,14,164,1608,5740,0.925087108013937,0,0,490,453,14,7594,28,1102,13,28
"1165","2020-04-14",493,14,153,1559,5740,0.925087108013937,0,0,490,453,4,7598,57,1159,4,57
"1166","2020-04-15",476,14,153,1510,5740,0.925087108013937,0,0,490,453,7,7605,29,1188,7,29
"1167","2020-04-16",444,14,152,1443,5740,0.925087108013937,0,0,490,453,6,7611,14,1202,6,14
"1168","2020-04-17",462,14,163,1337,5740,0.925087108013937,0,0,490,453,2,7613,9,1211,2,9
"1169","2020-04-18",451,14,167,1215,5740,0.925087108013937,0,0,490,453,3,7616,29,1240,3,29
"1170","2020-04-19",418,14,168,1127,5740,0.925087108013937,0,0,490,453,3,7619,23,1263,2,23
"1171","2020-04-20",416,14,168,1058,5740,0.925087108013937,0,0,490,453,2,7621,12,1275,2,12
"1172","2020-04-21",383,14,174,987,5740,0.925087108013937,0,0,490,453,NA,NA,26,1301,NA,26
"1173","2020-04-22",369,14,171,918,5740,0.925087108013937,0,0,490,453,1,7622,22,1323,1,22
"1174","2020-04-23",362,14,155,837,5740,0.925087108013937,0,0,490,453,NA,NA,6,1329,NA,6
"1175","2020-04-24",315,14,145,766,5740,0.925087108013937,0,0,490,453,1,7623,9,1338,1,9
"1176","2020-04-25",279,14,129,713,5740,0.925087108013937,0,0,490,453,1,7624,22,1360,NA,22
"1177","2020-04-26",255,14,122,656,5740,0.925087108013937,0,0,490,453,5,7629,24,1384,2,24
"1178","2020-04-27",236,14,126,587,5740,0.925087108013937,0,0,490,453,NA,NA,18,1402,NA,18
"1179","2020-04-28",231,14,123,538,5740,0.925087108013937,0,0,490,453,NA,NA,15,1417,NA,15
"1180","2020-04-29",214,14,122,483,5740,0.925087108013937,0,0,490,453,1,7630,5,1422,1,5
"1181","2020-04-30",186,14,116,454,5740,0.925087108013937,0,0,490,453,1,7631,4,1426,1,4
"1182","2020-05-01",170,14,113,414,5740,0.925087108013937,0,0,490,453,1,7632,8,1434,1,8
"1183","2020-05-02",160,14,104,380,5740,0.925087108013937,0,0,490,453,2,7634,11,1445,1,11
"1184","2020-05-03",146,14,93,356,5740,0.925087108013937,0,0,490,453,NA,NA,12,1457,NA,12
"1185","2020-05-04",139,14,89,323,5740,0.925087108013937,0,0,490,453,NA,NA,6,1463,NA,6
"1186","2020-05-05",123,14,89,296,5740,0.925087108013937,0,0,490,453,4,7638,12,1475,3,12
"1187","2020-05-06",105,14,93,262,5740,0.925087108013937,0,0,490,453,NA,NA,5,1480,NA,5
"1188","2020-05-07",97,14,89,246,5740,0.925087108013937,0,0,490,453,1,7639,5,1485,1,5
"1189","2020-05-08",92,14,84,220,5740,0.925087108013937,0,0,490,453,NA,NA,9,1494,NA,9
"1190","2020-05-09",83,14,68,198,5740,0.925087108013937,0,0,490,453,1,7640,3,1497,1,3
"1191","2020-05-10",75,14,69,168,5740,0.925087108013937,0,0,490,453,NA,NA,6,1503,NA,6
"1192","2020-05-11",66,14,62,155,5740,0.925087108013937,0,0,490,453,2,7642,8,1511,NA,8
"1193","2020-05-12",63,14,64,152,5740,0.925087108013937,0,0,490,453,NA,NA,4,1515,NA,4
"1194","2020-05-13",54,14,68,141,5740,0.925087108013937,0,0,490,453,1,7643,3,1518,NA,3
"1195","2020-05-14",50,14,65,130,5740,0.925087108013937,0,0,490,453,1,7644,4,1522,1,4
"1196","2020-05-15",50,14,58,116,5740,0.925087108013937,0,0,490,453,NA,NA,5,1527,NA,5
"1197","2020-05-16",46,14,61,101,5740,0.925087108013937,0,0,490,453,1,7645,NA,NA,NA,NA
"1198","2020-05-17",47,14,57,88,5740,0.925087108013937,0,0,490,453,NA,NA,5,1532,NA,5
"1199","2020-05-18",42,14,57,89,5740,0.925087108013937,0,0,490,453,NA,NA,3,1535,NA,3
"1200","2020-05-19",37,14,50,85,5740,0.925087108013937,0,0,490,453,NA,NA,2,1537,NA,2
"1201","2020-05-20",36,14,46,78,5740,0.925087108013937,0,0,490,453,NA,NA,2,1539,NA,2
"1202","2020-05-21",30,14,40,71,5740,0.925087108013937,0,0,490,453,1,7646,2,1541,NA,2
"1203","2020-05-22",27,14,39,77,5740,0.925087108013937,0,0,490,453,NA,NA,6,1547,NA,6
"1204","2020-05-23",23,14,40,63,5740,0.925087108013937,0,0,490,453,NA,NA,4,1551,NA,4
"1205","2020-05-24",20,14,38,60,5740,0.925087108013937,0,0,490,453,NA,NA,1,1552,NA,1
"1206","2020-05-25",20,14,40,51,5740,0.925087108013937,0,0,490,453,NA,NA,1,1553,NA,1
"1207","2020-05-26",16,14,34,52,5740,0.925087108013937,0,0,490,453,NA,NA,NA,NA,NA,NA
"1208","2020-05-27",16,14,31,48,5740,0.925087108013937,0,0,490,453,NA,NA,NA,NA,NA,NA
"1209","2020-05-28",18,14,30,48,5740,0.925087108013937,0,0,490,453,1,7647,NA,NA,NA,NA
"1210","2020-05-29",18,14,28,42,5740,0.925087108013937,0,0,490,453,1,7648,NA,NA,NA,NA
"1211","2020-05-30",17,14,28,36,5740,0.925087108013937,0,0,490,453,NA,NA,NA,NA,NA,NA
"1212","2020-05-31",12,14,28,39,5740,0.925087108013937,0,0,490,453,NA,NA,NA,NA,NA,NA
"1213","2020-06-01",11,14,28,34,5740,0.925087108013937,0,0,490,453,NA,NA,NA,NA,NA,NA
"1214","2020-06-02",11,14,30,36,5740,0.925087108013937,0,0,490,453,1,7649,NA,NA,NA,NA
"1215","2020-06-03",10,14,33,35,5740,0.925087108013937,0,0,490,453,NA,NA,NA,NA,NA,NA
"1216","2020-06-04",12,14,34,34,5740,0.925087108013937,0,0,490,453,NA,NA,NA,NA,NA,NA
"1217","2020-06-05",10,14,34,33,5740,0.925087108013937,0,0,490,453,NA,NA,NA,NA,NA,NA
"1218","2020-06-06",10,14,34,31,5740,0.925087108013937,0,0,490,453,NA,NA,NA,NA,NA,NA
"1219","2020-06-07",10,14,37,29,5740,0.925087108013937,0,0,490,453,1,7650,NA,NA,NA,NA
"1220","2020-03-13",6,15,278,315,8495,0.864861683343143,0,0,747,940,62,200,32,80,6,32
"1221","2020-03-14",11,15,261,501,8495,0.864861683343143,0,0,747,940,81,281,44,124,8,44
"1222","2020-03-15",25,15,244,719,8495,0.864861683343143,0,0,747,940,53,334,33,157,11,33
"1223","2020-03-16",45,15,235,1035,8495,0.864861683343143,0,0,747,940,74,408,42,199,13,42
"1224","2020-03-17",76,15,239,1426,8495,0.864861683343143,0,0,747,940,68,476,31,230,25,31
"1225","2020-03-18",118,15,227,1889,8495,0.864861683343143,0,0,747,940,72,548,54,284,23,54
"1226","2020-03-19",192,15,227,2393,8495,0.864861683343143,0,0,747,940,69,617,41,325,15,41
"1227","2020-03-20",270,15,224,2976,8495,0.864861683343143,0,0,747,940,59,676,33,358,20,33
"1228","2020-03-21",374,15,198,3556,8495,0.864861683343143,0,0,747,940,82,758,42,400,28,42
"1229","2020-03-22",459,15,199,4068,8495,0.864861683343143,0,0,747,940,76,834,18,418,30,18
"1230","2020-03-23",573,15,197,4527,8495,0.864861683343143,0,0,747,940,72,906,18,436,36,18
"1231","2020-03-24",714,15,249,4868,8495,0.864861683343143,0,0,747,940,69,975,36,472,27,36
"1232","2020-03-25",869,15,244,5088,8495,0.864861683343143,0,0,747,940,62,1037,30,502,19,30
"1233","2020-03-26",983,15,259,5210,8495,0.864861683343143,0,0,747,940,63,1100,39,541,26,39
"1234","2020-03-27",1124,15,242,5206,8495,0.864861683343143,0,0,747,940,40,1140,28,569,9,28
"1235","2020-03-28",1225,15,263,5129,8495,0.864861683343143,0,0,747,940,63,1203,23,592,24,23
"1236","2020-03-29",1362,15,277,4844,8495,0.864861683343143,0,0,747,940,62,1265,33,625,33,33
"1237","2020-03-30",1428,15,277,4508,8495,0.864861683343143,0,0,747,940,58,1323,34,659,26,34
"1238","2020-03-31",1427,15,279,4180,8495,0.864861683343143,0,0,747,940,64,1387,24,683,32,24
"1239","2020-04-01",1413,15,251,3838,8495,0.864861683343143,0,0,747,940,46,1433,13,696,19,13
"1240","2020-04-02",1418,15,217,3402,8495,0.864861683343143,0,0,747,940,53,1486,11,707,23,11
"1241","2020-04-03",1325,15,194,2981,8495,0.864861683343143,0,0,747,940,57,1543,12,719,28,12
"1242","2020-04-04",1243,15,181,2563,8495,0.864861683343143,0,0,747,940,55,1598,11,730,26,11
"1243","2020-04-05",1108,15,201,2143,8495,0.864861683343143,0,0,747,940,43,1641,4,734,21,4
"1244","2020-04-06",1013,15,226,1776,8495,0.864861683343143,0,0,747,940,33,1674,7,741,19,7
"1245","2020-04-07",908,15,216,1452,8495,0.864861683343143,0,0,747,940,42,1716,10,751,20,10
"1246","2020-04-08",777,15,240,1167,8495,0.864861683343143,0,0,747,940,32,1748,3,754,18,3
"1247","2020-04-09",627,15,230,953,8495,0.864861683343143,0,0,747,940,34,1782,13,767,19,13
"1248","2020-04-10",526,15,266,749,8495,0.864861683343143,0,0,747,940,44,1826,23,790,23,23
"1249","2020-04-11",429,15,312,605,8495,0.864861683343143,0,0,747,940,23,1849,8,798,10,8
"1250","2020-04-12",345,15,294,505,8495,0.864861683343143,0,0,747,940,27,1876,13,811,10,13
"1251","2020-04-13",255,15,290,400,8495,0.864861683343143,0,0,747,940,37,1913,21,832,16,21
"1252","2020-04-14",203,15,250,307,8495,0.864861683343143,0,0,747,940,32,1945,12,844,11,12
"1253","2020-04-15",159,15,223,242,8495,0.864861683343143,0,0,747,940,32,1977,11,855,15,11
"1254","2020-04-16",126,15,198,193,8495,0.864861683343143,0,0,747,940,19,1996,4,859,11,4
"1255","2020-04-17",103,15,170,162,8495,0.864861683343143,0,0,747,940,32,2028,8,867,14,8
"1256","2020-04-18",82,15,160,132,8495,0.864861683343143,0,0,747,940,27,2055,17,884,10,17
"1257","2020-04-19",69,15,172,100,8495,0.864861683343143,0,0,747,940,26,2081,8,892,10,8
"1258","2020-04-20",56,15,169,73,8495,0.864861683343143,0,0,747,940,25,2106,2,894,17,2
"1259","2020-04-21",44,15,176,58,8495,0.864861683343143,0,0,747,940,24,2130,8,902,11,8
"1260","2020-04-22",37,15,178,45,8495,0.864861683343143,0,0,747,940,23,2153,10,912,7,10
"1261","2020-04-23",29,15,184,41,8495,0.864861683343143,0,0,747,940,26,2179,15,927,12,15
"1262","2020-04-24",23,15,199,32,8495,0.864861683343143,0,0,747,940,23,2202,8,935,11,8
"1263","2020-04-25",13,15,191,25,8495,0.864861683343143,0,0,747,940,24,2226,4,939,11,4
"1264","2020-04-26",11,15,202,25,8495,0.864861683343143,0,0,747,940,26,2252,7,946,11,7
"1265","2020-04-27",11,15,194,22,8495,0.864861683343143,0,0,747,940,28,2280,9,955,7,9
"1266","2020-04-28",10,15,185,20,8495,0.864861683343143,0,0,747,940,27,2307,3,958,14,3
"1267","2020-04-29",9,15,188,18,8495,0.864861683343143,0,0,747,940,22,2329,NA,NA,11,NA
"1268","2020-04-30",8,15,192,17,8495,0.864861683343143,0,0,747,940,18,2347,3,961,6,3
"1269","2020-05-01",6,15,183,14,8495,0.864861683343143,0,0,747,940,24,2371,NA,NA,12,NA
"1270","2020-05-02",6,15,177,14,8495,0.864861683343143,0,0,747,940,14,2385,2,963,4,2
"1271","2020-05-03",4,15,170,13,8495,0.864861683343143,0,0,747,940,25,2410,NA,NA,12,NA
"1272","2020-05-04",2,15,141,13,8495,0.864861683343143,0,0,747,940,17,2427,3,966,6,3
"1273","2020-05-05",1,15,124,10,8495,0.864861683343143,0,0,747,940,21,2448,1,967,6,1
"1274","2020-05-06",1,15,107,8,8495,0.864861683343143,0,0,747,940,21,2469,5,972,13,5
"1275","2020-05-07",0,15,0,0,8495,0.864861683343143,0,0,747,940,15,2484,3,975,6,3
"1276","2020-05-08",2,15,100,10,8495,0.864861683343143,0,0,747,940,19,2503,2,977,5,2
"1277","2020-05-09",3,15,93,9,8495,0.864861683343143,0,0,747,940,16,2519,1,978,5,1
"1278","2020-05-10",3,15,83,10,8495,0.864861683343143,0,0,747,940,23,2542,2,980,12,2
"1279","2020-05-11",3,15,77,11,8495,0.864861683343143,0,0,747,940,23,2565,2,982,5,2
"1280","2020-05-12",5,15,68,12,8495,0.864861683343143,0,0,747,940,22,2587,3,985,9,3
"1281","2020-05-13",5,15,55,12,8495,0.864861683343143,0,0,747,940,19,2606,1,986,10,1
"1282","2020-05-14",5,15,54,14,8495,0.864861683343143,0,0,747,940,25,2631,NA,NA,8,NA
"1283","2020-05-15",4,15,58,14,8495,0.864861683343143,0,0,747,940,18,2649,2,988,7,2
"1284","2020-05-16",4,15,49,15,8495,0.864861683343143,0,0,747,940,17,2666,3,991,5,3
"1285","2020-05-17",6,15,44,13,8495,0.864861683343143,0,0,747,940,20,2686,2,993,8,2
"1286","2020-05-18",6,15,39,12,8495,0.864861683343143,0,0,747,940,20,2706,NA,NA,8,NA
"1287","2020-05-19",4,15,40,10,8495,0.864861683343143,0,0,747,940,19,2725,3,996,6,3
"1288","2020-05-20",4,15,37,9,8495,0.864861683343143,0,0,747,940,15,2740,4,1000,5,4
"1289","2020-05-21",4,15,36,9,8495,0.864861683343143,0,0,747,940,18,2758,2,1002,9,2
"1290","2020-05-22",4,15,27,9,8495,0.864861683343143,0,0,747,940,14,2772,1,1003,5,1
"1291","2020-05-23",4,15,22,7,8495,0.864861683343143,0,0,747,940,17,2789,1,1004,4,1
"1292","2020-05-24",2,15,22,9,8495,0.864861683343143,0,0,747,940,19,2808,NA,NA,4,NA
"1293","2020-05-25",3,15,21,9,8495,0.864861683343143,0,0,747,940,21,2829,1,1005,12,1
"1294","2020-05-26",3,15,16,8,8495,0.864861683343143,0,0,747,940,16,2845,3,1008,6,3
"1295","2020-05-27",3,15,12,8,8495,0.864861683343143,0,0,747,940,15,2860,NA,NA,4,NA
"1296","2020-05-28",3,15,11,6,8495,0.864861683343143,0,0,747,940,18,2878,NA,NA,5,NA
"1297","2020-05-29",2,15,9,7,8495,0.864861683343143,0,0,747,940,16,2894,NA,NA,10,NA
"1298","2020-05-30",2,15,9,6,8495,0.864861683343143,0,0,747,940,19,2913,2,1010,6,2
"1299","2020-05-31",2,15,8,7,8495,0.864861683343143,0,0,747,940,22,2935,NA,NA,11,NA
"1300","2020-06-01",1,15,8,7,8495,0.864861683343143,0,0,747,940,14,2949,1,1011,6,1
"1301","2020-06-02",1,15,8,7,8495,0.864861683343143,0,0,747,940,20,2969,5,1016,7,5
"1302","2020-06-03",1,15,9,5,8495,0.864861683343143,0,0,747,940,12,2981,2,1018,6,2
"1303","2020-06-04",1,15,9,5,8495,0.864861683343143,0,0,747,940,16,2997,NA,NA,6,NA
"1304","2020-06-05",1,15,12,5,8495,0.864861683343143,0,0,747,940,16,3013,2,1020,6,2
"1305","2020-06-06",1,15,14,4,8495,0.864861683343143,0,0,747,940,14,3027,1,1021,4,1
"1306","2020-06-07",1,15,13,5,8495,0.864861683343143,0,0,747,940,23,3050,1,1022,9,1
"1307","2020-03-13",1,16,187,72,2403,0.745318352059925,0,0,187,675,52,165,85,262,11,85
"1308","2020-03-14",4,16,173,102,2403,0.745318352059925,0,0,187,675,43,208,49,311,12,49
"1309","2020-03-15",6,16,179,131,2403,0.745318352059925,0,0,187,675,57,265,47,358,19,47
"1310","2020-03-16",14,16,168,161,2403,0.745318352059925,0,0,187,675,58,323,59,417,17,59
"1311","2020-03-17",20,16,244,189,2403,0.745318352059925,0,0,187,675,57,380,40,457,16,40
"1312","2020-03-18",29,16,235,215,2403,0.745318352059925,0,0,187,675,78,458,58,515,36,58
"1313","2020-03-19",39,16,212,239,2403,0.745318352059925,0,0,187,675,65,523,36,551,26,36
"1314","2020-03-20",49,16,192,259,2403,0.745318352059925,0,0,187,675,72,595,61,612,27,61
"1315","2020-03-21",57,16,206,278,2403,0.745318352059925,0,0,187,675,63,658,64,676,23,64
"1316","2020-03-22",65,16,206,294,2403,0.745318352059925,0,0,187,675,59,717,46,722,28,46
"1317","2020-03-23",70,16,193,306,2403,0.745318352059925,0,0,187,675,53,770,45,767,27,45
"1318","2020-03-24",80,16,225,318,2403,0.745318352059925,0,0,187,675,62,832,51,818,36,51
"1319","2020-03-25",87,16,241,321,2403,0.745318352059925,0,0,187,675,57,889,34,852,31,34
"1320","2020-03-26",87,16,283,324,2403,0.745318352059925,0,0,187,675,50,939,20,872,21,20
"1321","2020-03-27",91,16,275,328,2403,0.745318352059925,0,0,187,675,78,1017,30,902,42,30
"1322","2020-03-28",95,16,259,335,2403,0.745318352059925,0,0,187,675,62,1079,38,940,39,38
"1323","2020-03-29",99,16,253,330,2403,0.745318352059925,0,0,187,675,60,1139,62,1002,35,62
"1324","2020-03-30",94,16,236,319,2403,0.745318352059925,0,0,187,675,77,1216,57,1059,49,57
"1325","2020-03-31",89,16,233,328,2403,0.745318352059925,0,0,187,675,45,1261,72,1131,26,72
"1326","2020-04-01",85,16,237,313,2403,0.745318352059925,0,0,187,675,54,1315,57,1188,36,57
"1327","2020-04-02",81,16,245,304,2403,0.745318352059925,0,0,187,675,34,1349,37,1225,21,37
"1328","2020-04-03",81,16,236,299,2403,0.745318352059925,0,0,187,675,34,1383,31,1256,21,31
"1329","2020-04-04",76,16,233,313,2403,0.745318352059925,0,0,187,675,52,1435,29,1285,30,29
"1330","2020-04-05",67,16,252,298,2403,0.745318352059925,0,0,187,675,49,1484,23,1308,27,23
"1331","2020-04-06",70,16,247,302,2403,0.745318352059925,0,0,187,675,49,1533,39,1347,25,39
"1332","2020-04-07",74,16,255,285,2403,0.745318352059925,0,0,187,675,48,1581,44,1391,27,44
"1333","2020-04-08",72,16,234,284,2403,0.745318352059925,0,0,187,675,37,1618,48,1439,23,48
"1334","2020-04-09",75,16,226,273,2403,0.745318352059925,0,0,187,675,34,1652,51,1490,20,51
"1335","2020-04-10",67,16,196,262,2403,0.745318352059925,0,0,187,675,48,1700,46,1536,25,46
"1336","2020-04-11",74,16,178,253,2403,0.745318352059925,0,0,187,675,34,1734,55,1591,23,55
"1337","2020-04-12",79,16,154,267,2403,0.745318352059925,0,0,187,675,40,1774,44,1635,22,44
"1338","2020-04-13",76,16,138,273,2403,0.745318352059925,0,0,187,675,24,1798,37,1672,20,37
"1339","2020-04-14",76,16,148,261,2403,0.745318352059925,0,0,187,675,40,1838,30,1702,26,30
"1340","2020-04-15",78,16,169,269,2403,0.745318352059925,0,0,187,675,30,1868,32,1734,16,32
"1341","2020-04-16",83,16,162,271,2403,0.745318352059925,0,0,187,675,28,1896,38,1772,13,38
"1342","2020-04-17",80,16,146,266,2403,0.745318352059925,0,0,187,675,26,1922,49,1821,19,49
"1343","2020-04-18",72,16,142,268,2403,0.745318352059925,0,0,187,675,35,1957,41,1862,25,41
"1344","2020-04-19",78,16,167,258,2403,0.745318352059925,0,0,187,675,26,1983,35,1897,16,35
"1345","2020-04-20",77,16,172,246,2403,0.745318352059925,0,0,187,675,26,2009,28,1925,15,28
"1346","2020-04-21",77,16,172,236,2403,0.745318352059925,0,0,187,675,24,2033,20,1945,12,20
"1347","2020-04-22",77,16,155,234,2403,0.745318352059925,0,0,187,675,32,2065,33,1978,16,33
"1348","2020-04-23",74,16,130,229,2403,0.745318352059925,0,0,187,675,25,2090,27,2005,15,27
"1349","2020-04-24",75,16,109,221,2403,0.745318352059925,0,0,187,675,20,2110,22,2027,10,22
"1350","2020-04-25",75,16,113,217,2403,0.745318352059925,0,0,187,675,21,2131,35,2062,11,35
"1351","2020-04-26",63,16,108,215,2403,0.745318352059925,0,0,187,675,18,2149,36,2098,8,36
"1352","2020-04-27",63,16,103,207,2403,0.745318352059925,0,0,187,675,22,2171,25,2123,13,25
"1353","2020-04-28",51,16,100,209,2403,0.745318352059925,0,0,187,675,20,2191,26,2149,15,26
"1354","2020-04-29",50,16,104,207,2403,0.745318352059925,0,0,187,675,24,2215,12,2161,12,12
"1355","2020-04-30",48,16,95,201,2403,0.745318352059925,0,0,187,675,22,2237,17,2178,14,17
"1356","2020-05-01",54,16,107,211,2403,0.745318352059925,0,0,187,675,23,2260,22,2200,13,22
"1357","2020-05-02",55,16,99,216,2403,0.745318352059925,0,0,187,675,18,2278,20,2220,12,20
"1358","2020-05-03",62,16,96,232,2403,0.745318352059925,0,0,187,675,19,2297,24,2244,13,24
"1359","2020-05-04",64,16,106,240,2403,0.745318352059925,0,0,187,675,19,2316,37,2281,11,37
"1360","2020-05-05",68,16,101,252,2403,0.745318352059925,0,0,187,675,25,2341,23,2304,15,23
"1361","2020-05-06",68,16,98,262,2403,0.745318352059925,0,0,187,675,14,2355,26,2330,9,26
"1362","2020-05-07",71,16,105,272,2403,0.745318352059925,0,0,187,675,22,2377,18,2348,13,18
"1363","2020-05-08",74,16,107,283,2403,0.745318352059925,0,0,187,675,18,2395,23,2371,6,23
"1364","2020-05-09",77,16,98,280,2403,0.745318352059925,0,0,187,675,18,2413,21,2392,8,21
"1365","2020-05-10",72,16,81,296,2403,0.745318352059925,0,0,187,675,17,2430,18,2410,9,18
"1366","2020-05-11",75,16,72,298,2403,0.745318352059925,0,0,187,675,15,2445,23,2433,10,23
"1367","2020-05-12",81,16,72,308,2403,0.745318352059925,0,0,187,675,13,2458,16,2449,10,16
"1368","2020-05-13",87,16,63,304,2403,0.745318352059925,0,0,187,675,16,2474,23,2472,13,23
"1369","2020-05-14",90,16,64,303,2403,0.745318352059925,0,0,187,675,26,2500,14,2486,11,14
"1370","2020-05-15",89,16,60,311,2403,0.745318352059925,0,0,187,675,19,2519,29,2515,9,29
"1371","2020-05-16",92,16,62,306,2403,0.745318352059925,0,0,187,675,14,2533,27,2542,11,27
"1372","2020-05-17",99,16,61,304,2403,0.745318352059925,0,0,187,675,20,2553,18,2560,17,18
"1373","2020-05-18",97,16,69,317,2403,0.745318352059925,0,0,187,675,11,2564,17,2577,7,17
"1374","2020-05-19",94,16,75,315,2403,0.745318352059925,0,0,187,675,22,2586,18,2595,13,18
"1375","2020-05-20",90,16,77,322,2403,0.745318352059925,0,0,187,675,13,2599,15,2610,6,15
"1376","2020-05-21",94,16,68,325,2403,0.745318352059925,0,0,187,675,15,2614,14,2624,11,14
"1377","2020-05-22",89,16,68,315,2403,0.745318352059925,0,0,187,675,28,2642,13,2637,19,13
"1378","2020-05-23",83,16,70,301,2403,0.745318352059925,0,0,187,675,15,2657,11,2648,9,11
"1379","2020-05-24",91,16,59,309,2403,0.745318352059925,0,0,187,675,11,2668,14,2662,6,14
"1380","2020-05-25",92,16,56,318,2403,0.745318352059925,0,0,187,675,14,2682,17,2679,8,17
"1381","2020-05-26",98,16,53,322,2403,0.745318352059925,0,0,187,675,7,2689,12,2691,5,12
"1382","2020-05-27",95,16,56,313,2403,0.745318352059925,0,0,187,675,8,2697,4,2695,5,4
"1383","2020-05-28",92,16,52,313,2403,0.745318352059925,0,0,187,675,23,2720,9,2704,10,9
"1384","2020-05-29",96,16,42,315,2403,0.745318352059925,0,0,187,675,13,2733,11,2715,9,11
"1385","2020-05-30",100,16,39,321,2403,0.745318352059925,0,0,187,675,13,2746,6,2721,7,6
"1386","2020-05-31",92,16,38,321,2403,0.745318352059925,0,0,187,675,17,2763,6,2727,13,6
"1387","2020-06-01",92,16,36,329,2403,0.745318352059925,0,0,187,675,8,2771,5,2732,4,5
"1388","2020-06-02",82,16,33,335,2403,0.745318352059925,0,0,187,675,20,2791,6,2738,13,6
"1389","2020-06-03",97,16,33,327,2403,0.745318352059925,0,0,187,675,12,2803,11,2749,7,11
"1390","2020-06-04",95,16,41,332,2403,0.745318352059925,0,0,187,675,14,2817,5,2754,8,5
"1391","2020-06-05",91,16,40,342,2403,0.745318352059925,0,0,187,675,17,2834,8,2762,9,8
"1392","2020-06-06",90,16,41,339,2403,0.745318352059925,0,0,187,675,12,2846,8,2770,7,8
"1393","2020-06-07",87,16,42,321,2403,0.745318352059925,0,0,187,675,15,2861,5,2775,9,5
"1394","2020-03-13",2,17,190,117,2331,0.464178464178464,0,0,222,646,41,80,25,72,27,25
"1395","2020-03-14",4,17,193,159,2331,0.464178464178464,0,0,222,646,42,122,69,141,30,69
"1396","2020-03-15",13,17,270,191,2331,0.464178464178464,0,0,222,646,55,177,42,183,48,42
"1397","2020-03-16",19,17,307,225,2331,0.464178464178464,0,0,222,646,62,239,27,210,59,27
"1398","2020-03-17",28,17,320,256,2331,0.464178464178464,0,0,222,646,85,324,43,253,80,43
"1399","2020-03-18",40,17,277,292,2331,0.464178464178464,0,0,222,646,96,420,31,284,92,31
"1400","2020-03-19",47,17,252,323,2331,0.464178464178464,0,0,222,646,143,563,22,306,139,22
"1401","2020-03-20",65,17,271,325,2331,0.464178464178464,0,0,222,646,163,726,28,334,159,28
"1402","2020-03-21",78,17,273,333,2331,0.464178464178464,0,0,222,646,197,923,42,376,190,42
"1403","2020-03-22",82,17,291,349,2331,0.464178464178464,0,0,222,646,219,1142,26,402,214,26
"1404","2020-03-23",89,17,281,361,2331,0.464178464178464,0,0,222,646,258,1400,33,435,255,33
"1405","2020-03-24",100,17,238,351,2331,0.464178464178464,0,0,222,646,275,1675,29,464,268,29
"1406","2020-03-25",100,17,210,347,2331,0.464178464178464,0,0,222,646,346,2021,57,521,342,57
"1407","2020-03-26",110,17,175,344,2331,0.464178464178464,0,0,222,646,372,2393,35,556,367,35
"1408","2020-03-27",103,17,163,336,2331,0.464178464178464,0,0,222,646,426,2819,23,579,421,23
"1409","2020-03-28",103,17,146,339,2331,0.464178464178464,0,0,222,646,398,3217,50,629,393,50
"1410","2020-03-29",102,17,143,341,2331,0.464178464178464,0,0,222,646,489,3706,23,652,484,23
"1411","2020-03-30",107,17,187,327,2331,0.464178464178464,0,0,222,646,356,4062,26,678,354,26
"1412","2020-03-31",96,17,199,332,2331,0.464178464178464,0,0,222,646,465,4527,40,718,461,40
"1413","2020-04-01",96,17,223,327,2331,0.464178464178464,0,0,222,646,367,4894,53,771,365,53
"1414","2020-04-02",87,17,209,326,2331,0.464178464178464,0,0,222,646,397,5291,46,817,397,46
"1415","2020-04-03",89,17,184,319,2331,0.464178464178464,0,0,222,646,318,5609,21,838,318,21
"1416","2020-04-04",86,17,167,309,2331,0.464178464178464,0,0,222,646,310,5919,30,868,308,30
"1417","2020-04-05",91,17,162,312,2331,0.464178464178464,0,0,222,646,247,6166,34,902,243,34
"1418","2020-04-06",85,17,160,318,2331,0.464178464178464,0,0,222,646,243,6409,23,925,242,23
"1419","2020-04-07",83,17,162,309,2331,0.464178464178464,0,0,222,646,177,6586,33,958,177,33
"1420","2020-04-08",81,17,153,305,2331,0.464178464178464,0,0,222,646,147,6733,30,988,147,30
"1421","2020-04-09",81,17,169,314,2331,0.464178464178464,0,0,222,646,163,6896,19,1007,163,19
"1422","2020-04-10",82,17,165,305,2331,0.464178464178464,0,0,222,646,107,7003,18,1025,107,18
"1423","2020-04-11",88,17,163,296,2331,0.464178464178464,0,0,222,646,66,7069,31,1056,66,31
"1424","2020-04-12",80,17,161,304,2331,0.464178464178464,0,0,222,646,57,7126,29,1085,57,29
"1425","2020-04-13",84,17,156,309,2331,0.464178464178464,0,0,222,646,49,7175,28,1113,49,28
"1426","2020-04-14",89,17,135,310,2331,0.464178464178464,0,0,222,646,41,7216,44,1157,41,44
"1427","2020-04-15",94,17,107,300,2331,0.464178464178464,0,0,222,646,29,7245,23,1180,28,23
"1428","2020-04-16",95,17,97,298,2331,0.464178464178464,0,0,222,646,20,7265,28,1208,20,28
"1429","2020-04-17",87,17,120,295,2331,0.464178464178464,0,0,222,646,17,7282,24,1232,17,24
"1430","2020-04-18",79,17,132,281,2331,0.464178464178464,0,0,222,646,12,7294,17,1249,12,17
"1431","2020-04-19",81,17,126,280,2331,0.464178464178464,0,0,222,646,7,7301,17,1266,6,17
"1432","2020-04-20",82,17,118,260,2331,0.464178464178464,0,0,222,646,12,7313,21,1287,12,21
"1433","2020-04-21",79,17,117,271,2331,0.464178464178464,0,0,222,646,8,7321,18,1305,8,18
"1434","2020-04-22",74,17,126,269,2331,0.464178464178464,0,0,222,646,10,7331,20,1325,9,20
"1435","2020-04-23",75,17,146,248,2331,0.464178464178464,0,0,222,646,2,7333,13,1338,1,13
"1436","2020-04-24",82,17,161,244,2331,0.464178464178464,0,0,222,646,3,7336,11,1349,3,11
"1437","2020-04-25",80,17,147,235,2331,0.464178464178464,0,0,222,646,4,7340,8,1357,4,8
"1438","2020-04-26",82,17,139,229,2331,0.464178464178464,0,0,222,646,2,7342,18,1375,2,18
"1439","2020-04-27",78,17,121,217,2331,0.464178464178464,0,0,222,646,3,7345,23,1398,3,23
"1440","2020-04-28",77,17,114,215,2331,0.464178464178464,0,0,222,646,5,7350,20,1418,4,20
"1441","2020-04-29",73,17,102,213,2331,0.464178464178464,0,0,222,646,4,7354,9,1427,3,9
"1442","2020-04-30",71,17,91,208,2331,0.464178464178464,0,0,222,646,1,7355,24,1451,1,24
"1443","2020-05-01",65,17,87,209,2331,0.464178464178464,0,0,222,646,NA,NA,17,1468,NA,17
"1444","2020-05-02",67,17,82,208,2331,0.464178464178464,0,0,222,646,2,7357,8,1476,1,8
"1445","2020-05-03",62,17,77,202,2331,0.464178464178464,0,0,222,646,2,7359,10,1486,2,10
"1446","2020-05-04",53,17,70,187,2331,0.464178464178464,0,0,222,646,3,7362,10,1496,3,10
"1447","2020-05-05",56,17,61,193,2331,0.464178464178464,0,0,222,646,1,7363,14,1510,1,14
"1448","2020-05-06",56,17,55,191,2331,0.464178464178464,0,0,222,646,1,7364,6,1516,1,6
"1449","2020-05-07",56,17,52,195,2331,0.464178464178464,0,0,222,646,NA,NA,7,1523,NA,7
"1450","2020-05-08",53,17,48,199,2331,0.464178464178464,0,0,222,646,NA,NA,5,1528,NA,5
"1451","2020-05-09",53,17,44,202,2331,0.464178464178464,0,0,222,646,1,7365,7,1535,1,7
"1452","2020-05-10",54,17,51,209,2331,0.464178464178464,0,0,222,646,NA,NA,5,1540,NA,5
"1453","2020-05-11",56,17,55,213,2331,0.464178464178464,0,0,222,646,NA,NA,7,1547,NA,7
"1454","2020-05-12",55,17,53,215,2331,0.464178464178464,0,0,222,646,1,7366,4,1551,1,4
"1455","2020-05-13",57,17,53,229,2331,0.464178464178464,0,0,222,646,NA,NA,4,1555,NA,4
"1456","2020-05-14",56,17,51,232,2331,0.464178464178464,0,0,222,646,2,7368,6,1561,1,6
"1457","2020-05-15",61,17,43,244,2331,0.464178464178464,0,0,222,646,NA,NA,2,1563,NA,2
"1458","2020-05-16",62,17,40,259,2331,0.464178464178464,0,0,222,646,NA,NA,2,1565,NA,2
"1459","2020-05-17",65,17,31,274,2331,0.464178464178464,0,0,222,646,NA,NA,2,1567,NA,2
"1460","2020-05-18",77,17,33,269,2331,0.464178464178464,0,0,222,646,1,7369,5,1572,1,5
"1461","2020-05-19",79,17,33,275,2331,0.464178464178464,0,0,222,646,NA,NA,4,1576,NA,4
"1462","2020-05-20",82,17,27,287,2331,0.464178464178464,0,0,222,646,1,7370,NA,NA,NA,NA
"1463","2020-05-21",87,17,24,278,2331,0.464178464178464,0,0,222,646,NA,NA,1,1577,NA,1
"1464","2020-05-22",87,17,20,282,2331,0.464178464178464,0,0,222,646,NA,NA,1,1578,NA,1
"1465","2020-05-23",86,17,22,286,2331,0.464178464178464,0,0,222,646,NA,NA,1,1579,NA,1
"1466","2020-05-24",90,17,19,289,2331,0.464178464178464,0,0,222,646,NA,NA,2,1581,NA,2
"1467","2020-05-25",78,17,20,279,2331,0.464178464178464,0,0,222,646,NA,NA,NA,NA,NA,NA
"1468","2020-05-26",76,17,23,279,2331,0.464178464178464,0,0,222,646,1,7371,NA,NA,NA,NA
"1469","2020-05-27",74,17,29,281,2331,0.464178464178464,0,0,222,646,NA,NA,NA,NA,NA,NA
"1470","2020-05-28",72,17,28,295,2331,0.464178464178464,0,0,222,646,NA,NA,NA,NA,NA,NA
"1471","2020-05-29",78,17,27,296,2331,0.464178464178464,0,0,222,646,NA,NA,NA,NA,NA,NA
"1472","2020-05-30",83,17,24,284,2331,0.464178464178464,0,0,222,646,NA,NA,NA,NA,NA,NA
"1473","2020-05-31",78,17,35,278,2331,0.464178464178464,0,0,222,646,NA,NA,NA,NA,NA,NA
"1474","2020-06-01",83,17,35,284,2331,0.464178464178464,0,0,222,646,NA,NA,NA,NA,NA,NA
"1475","2020-06-02",86,17,38,283,2331,0.464178464178464,0,0,222,646,NA,NA,NA,NA,NA,NA
"1476","2020-06-03",91,17,36,278,2331,0.464178464178464,0,0,222,646,2,7373,NA,NA,NA,NA
"1477","2020-06-04",95,17,29,284,2331,0.464178464178464,0,0,222,646,NA,NA,NA,NA,NA,NA
"1478","2020-06-05",89,17,30,275,2331,0.464178464178464,0,0,222,646,1,7374,NA,NA,NA,NA
"1479","2020-06-06",81,17,32,260,2331,0.464178464178464,0,0,222,646,NA,NA,NA,NA,NA,NA
"1480","2020-06-07",79,17,31,257,2331,0.464178464178464,0,0,222,646,1,7375,NA,NA,NA,NA
"1481","2020-03-13",1,18,252,67,2533,0.747335175681011,0,0,210,738,15,48,7,68,3,7
"1482","2020-03-14",2,18,335,93,2533,0.747335175681011,0,0,210,738,12,60,51,119,5,51
"1483","2020-03-15",3,18,387,121,2533,0.747335175681011,0,0,210,738,17,77,58,177,5,58
"1484","2020-03-16",6,18,364,143,2533,0.747335175681011,0,0,210,738,16,93,33,210,8,33
"1485","2020-03-17",11,18,304,175,2533,0.747335175681011,0,0,210,738,15,108,42,252,5,42
"1486","2020-03-18",18,18,273,205,2533,0.747335175681011,0,0,210,738,11,119,18,270,6,18
"1487","2020-03-19",29,18,261,238,2533,0.747335175681011,0,0,210,738,10,129,16,286,4,16
"1488","2020-03-20",37,18,237,266,2533,0.747335175681011,0,0,210,738,12,141,21,307,4,21
"1489","2020-03-21",49,18,207,285,2533,0.747335175681011,0,0,210,738,17,158,9,316,10,9
"1490","2020-03-22",56,18,195,310,2533,0.747335175681011,0,0,210,738,17,175,19,335,10,19
"1491","2020-03-23",72,18,194,331,2533,0.747335175681011,0,0,210,738,11,186,12,347,4,12
"1492","2020-03-24",81,18,182,346,2533,0.747335175681011,0,0,210,738,23,209,20,367,15,20
"1493","2020-03-25",89,18,165,360,2533,0.747335175681011,0,0,210,738,18,227,19,386,9,19
"1494","2020-03-26",94,18,164,371,2533,0.747335175681011,0,0,210,738,12,239,33,419,4,33
"1495","2020-03-27",99,18,143,372,2533,0.747335175681011,0,0,210,738,18,257,28,447,13,28
"1496","2020-03-28",99,18,123,366,2533,0.747335175681011,0,0,210,738,12,269,22,469,9,22
"1497","2020-03-29",106,18,125,377,2533,0.747335175681011,0,0,210,738,14,283,27,496,13,27
"1498","2020-03-30",100,18,170,371,2533,0.747335175681011,0,0,210,738,15,298,13,509,8,13
"1499","2020-03-31",100,18,219,371,2533,0.747335175681011,0,0,210,738,20,318,9,518,9,9
"1500","2020-04-01",104,18,225,367,2533,0.747335175681011,0,0,210,738,19,337,41,559,11,41
"1501","2020-04-02",106,18,216,371,2533,0.747335175681011,0,0,210,738,23,360,16,575,17,16
"1502","2020-04-03",105,18,234,374,2533,0.747335175681011,0,0,210,738,16,376,17,592,10,17
"1503","2020-04-04",111,18,231,370,2533,0.747335175681011,0,0,210,738,18,394,15,607,12,15
"1504","2020-04-05",108,18,270,370,2533,0.747335175681011,0,0,210,738,19,413,28,635,14,28
"1505","2020-04-06",108,18,252,375,2533,0.747335175681011,0,0,210,738,22,435,50,685,18,50
"1506","2020-04-07",112,18,208,371,2533,0.747335175681011,0,0,210,738,18,453,29,714,13,29
"1507","2020-04-08",111,18,172,367,2533,0.747335175681011,0,0,210,738,12,465,35,749,6,35
"1508","2020-04-09",109,18,151,366,2533,0.747335175681011,0,0,210,738,20,485,43,792,19,43
"1509","2020-04-10",111,18,165,369,2533,0.747335175681011,0,0,210,738,18,503,20,812,9,20
"1510","2020-04-11",103,18,181,364,2533,0.747335175681011,0,0,210,738,21,524,26,838,17,26
"1511","2020-04-12",106,18,187,360,2533,0.747335175681011,0,0,210,738,7,531,22,860,7,22
"1512","2020-04-13",108,18,166,364,2533,0.747335175681011,0,0,210,738,18,549,29,889,14,29
"1513","2020-04-14",101,18,153,370,2533,0.747335175681011,0,0,210,738,12,561,17,906,9,17
"1514","2020-04-15",95,18,149,361,2533,0.747335175681011,0,0,210,738,9,570,15,921,5,15
"1515","2020-04-16",96,18,129,351,2533,0.747335175681011,0,0,210,738,17,587,34,955,13,34
"1516","2020-04-17",96,18,146,342,2533,0.747335175681011,0,0,210,738,8,595,31,986,5,31
"1517","2020-04-18",98,18,165,331,2533,0.747335175681011,0,0,210,738,10,605,34,1020,7,34
"1518","2020-04-19",96,18,158,316,2533,0.747335175681011,0,0,210,738,6,611,18,1038,4,18
"1519","2020-04-20",94,18,147,305,2533,0.747335175681011,0,0,210,738,9,620,18,1056,7,18
"1520","2020-04-21",97,18,131,308,2533,0.747335175681011,0,0,210,738,13,633,20,1076,8,20
"1521","2020-04-22",99,18,149,298,2533,0.747335175681011,0,0,210,738,12,645,8,1084,7,8
"1522","2020-04-23",95,18,156,297,2533,0.747335175681011,0,0,210,738,20,665,12,1096,13,12
"1523","2020-04-24",85,18,168,288,2533,0.747335175681011,0,0,210,738,16,681,12,1108,11,12
"1524","2020-04-25",89,18,156,284,2533,0.747335175681011,0,0,210,738,15,696,18,1126,13,18
"1525","2020-04-26",90,18,167,280,2533,0.747335175681011,0,0,210,738,13,709,21,1147,12,21
"1526","2020-04-27",89,18,155,273,2533,0.747335175681011,0,0,210,738,6,715,21,1168,5,21
"1527","2020-04-28",88,18,145,262,2533,0.747335175681011,0,0,210,738,21,736,15,1183,18,15
"1528","2020-04-29",87,18,119,256,2533,0.747335175681011,0,0,210,738,16,752,15,1198,14,15
"1529","2020-04-30",88,18,102,255,2533,0.747335175681011,0,0,210,738,15,767,7,1205,13,7
"1530","2020-05-01",85,18,102,257,2533,0.747335175681011,0,0,210,738,9,776,20,1225,5,20
"1531","2020-05-02",77,18,90,256,2533,0.747335175681011,0,0,210,738,12,788,11,1236,11,11
"1532","2020-05-03",71,18,77,265,2533,0.747335175681011,0,0,210,738,18,806,9,1245,17,9
"1533","2020-05-04",67,18,65,265,2533,0.747335175681011,0,0,210,738,22,828,2,1247,19,2
"1534","2020-05-05",69,18,61,270,2533,0.747335175681011,0,0,210,738,12,840,9,1256,10,9
"1535","2020-05-06",68,18,65,269,2533,0.747335175681011,0,0,210,738,12,852,8,1264,11,8
"1536","2020-05-07",65,18,59,259,2533,0.747335175681011,0,0,210,738,17,869,15,1279,17,15
"1537","2020-05-08",70,18,49,252,2533,0.747335175681011,0,0,210,738,24,893,5,1284,21,5
"1538","2020-05-09",71,18,42,273,2533,0.747335175681011,0,0,210,738,32,925,9,1293,30,9
"1539","2020-05-10",73,18,39,284,2533,0.747335175681011,0,0,210,738,21,946,6,1299,19,6
"1540","2020-05-11",78,18,33,287,2533,0.747335175681011,0,0,210,738,11,957,4,1303,10,4
"1541","2020-05-12",83,18,31,297,2533,0.747335175681011,0,0,210,738,22,979,7,1310,17,7
"1542","2020-05-13",79,18,37,301,2533,0.747335175681011,0,0,210,738,31,1010,10,1320,27,10
"1543","2020-05-14",85,18,33,303,2533,0.747335175681011,0,0,210,738,21,1031,2,1322,19,2
"1544","2020-05-15",93,18,33,299,2533,0.747335175681011,0,0,210,738,29,1060,4,1326,29,4
"1545","2020-05-16",99,18,31,289,2533,0.747335175681011,0,0,210,738,33,1093,6,1332,31,6
"1546","2020-05-17",96,18,29,286,2533,0.747335175681011,0,0,210,738,37,1130,6,1338,34,6
"1547","2020-05-18",100,18,23,287,2533,0.747335175681011,0,0,210,738,35,1165,1,1339,34,1
"1548","2020-05-19",95,18,19,287,2533,0.747335175681011,0,0,210,738,31,1196,3,1342,31,3
"1549","2020-05-20",98,18,21,284,2533,0.747335175681011,0,0,210,738,36,1232,12,1354,36,12
"1550","2020-05-21",90,18,23,279,2533,0.747335175681011,0,0,210,738,30,1262,4,1358,27,4
"1551","2020-05-22",83,18,23,289,2533,0.747335175681011,0,0,210,738,31,1293,4,1362,28,4
"1552","2020-05-23",80,18,23,285,2533,0.747335175681011,0,0,210,738,43,1336,1,1363,40,1
"1553","2020-05-24",79,18,20,285,2533,0.747335175681011,0,0,210,738,23,1359,5,1368,22,5
"1554","2020-05-25",75,18,20,278,2533,0.747335175681011,0,0,210,738,38,1397,3,1371,35,3
"1555","2020-05-26",69,18,19,267,2533,0.747335175681011,0,0,210,738,58,1455,1,1372,54,1
"1556","2020-05-27",72,18,20,264,2533,0.747335175681011,0,0,210,738,42,1497,3,1375,39,3
"1557","2020-05-28",72,18,15,270,2533,0.747335175681011,0,0,210,738,45,1542,1,1376,42,1
"1558","2020-05-29",70,18,14,260,2533,0.747335175681011,0,0,210,738,35,1577,3,1379,34,3
"1559","2020-05-30",77,18,15,251,2533,0.747335175681011,0,0,210,738,57,1634,3,1382,54,3
"1560","2020-05-31",79,18,14,264,2533,0.747335175681011,0,0,210,738,51,1685,2,1384,51,2
"1561","2020-06-01",77,18,15,265,2533,0.747335175681011,0,0,210,738,42,1727,3,1387,38,3
"1562","2020-06-02",83,18,12,265,2533,0.747335175681011,0,0,210,738,57,1784,1,1388,54,1
"1563","2020-06-03",81,18,12,260,2533,0.747335175681011,0,0,210,738,60,1844,3,1391,60,3
"1564","2020-06-04",79,18,13,265,2533,0.747335175681011,0,0,210,738,53,1897,3,1394,52,3
"1565","2020-06-05",82,18,11,264,2533,0.747335175681011,0,0,210,738,43,1940,2,1396,42,2
"1566","2020-06-06",71,18,10,277,2533,0.747335175681011,0,0,210,738,60,2000,4,1400,59,4
"1567","2020-06-07",71,18,10,275,2533,0.747335175681011,0,0,210,738,72,2072,9,1409,71,9
"1568","2020-03-14",3,19,198,148,1923,0.347373894955798,0,0,167,314,53,165,51,176,3,51
"1569","2020-03-15",10,19,207,184,1923,0.347373894955798,0,0,167,314,41,206,81,257,5,81
"1570","2020-03-16",14,19,222,220,1923,0.347373894955798,0,0,167,314,41,247,26,283,11,26
"1571","2020-03-17",18,19,213,262,1923,0.347373894955798,0,0,167,314,39,286,23,306,6,23
"1572","2020-03-18",34,19,211,291,1923,0.347373894955798,0,0,167,314,52,338,31,337,12,31
"1573","2020-03-19",47,19,248,315,1923,0.347373894955798,0,0,167,314,46,384,17,354,18,17
"1574","2020-03-20",59,19,253,325,1923,0.347373894955798,0,0,167,314,55,439,62,416,21,62
"1575","2020-03-21",70,19,227,348,1923,0.347373894955798,0,0,167,314,50,489,45,461,32,45
"1576","2020-03-22",79,19,190,364,1923,0.347373894955798,0,0,167,314,29,518,22,483,8,22
"1577","2020-03-23",89,19,174,376,1923,0.347373894955798,0,0,167,314,51,569,19,502,17,19
"1578","2020-03-24",100,19,157,385,1923,0.347373894955798,0,0,167,314,51,620,41,543,27,41
"1579","2020-03-25",105,19,135,387,1923,0.347373894955798,0,0,167,314,55,675,25,568,23,25
"1580","2020-03-26",109,19,109,381,1923,0.347373894955798,0,0,167,314,50,725,19,587,26,19
"1581","2020-03-27",112,19,100,372,1923,0.347373894955798,0,0,167,314,51,776,21,608,25,21
"1582","2020-03-28",115,19,130,370,1923,0.347373894955798,0,0,167,314,46,822,49,657,21,49
"1583","2020-03-29",118,19,161,374,1923,0.347373894955798,0,0,167,314,46,868,67,724,22,67
"1584","2020-03-30",116,19,165,370,1923,0.347373894955798,0,0,167,314,25,893,56,780,14,56
"1585","2020-03-31",116,19,165,366,1923,0.347373894955798,0,0,167,314,39,932,23,803,18,23
"1586","2020-04-01",114,19,171,364,1923,0.347373894955798,0,0,167,314,33,965,28,831,13,28
"1587","2020-04-02",112,19,172,363,1923,0.347373894955798,0,0,167,314,21,986,46,877,13,46
"1588","2020-04-03",113,19,163,352,1923,0.347373894955798,0,0,167,314,24,1010,23,900,7,23
"1589","2020-04-04",110,19,140,340,1923,0.347373894955798,0,0,167,314,37,1047,21,921,19,21
"1590","2020-04-05",107,19,130,338,1923,0.347373894955798,0,0,167,314,36,1083,42,963,17,42
"1591","2020-04-06",106,19,105,336,1923,0.347373894955798,0,0,167,314,34,1117,52,1015,17,52
"1592","2020-04-07",108,19,101,318,1923,0.347373894955798,0,0,167,314,27,1144,51,1066,14,51
"1593","2020-04-08",103,19,96,304,1923,0.347373894955798,0,0,167,314,33,1177,55,1121,20,55
"1594","2020-04-09",104,19,82,296,1923,0.347373894955798,0,0,167,314,17,1194,34,1155,9,34
"1595","2020-04-10",96,19,65,284,1923,0.347373894955798,0,0,167,314,33,1227,40,1195,18,40
"1596","2020-04-11",90,19,59,273,1923,0.347373894955798,0,0,167,314,30,1257,36,1231,15,36
"1597","2020-04-12",86,19,79,268,1923,0.347373894955798,0,0,167,314,21,1278,51,1282,12,51
"1598","2020-04-13",83,19,96,258,1923,0.347373894955798,0,0,167,314,19,1297,24,1306,8,24
"1599","2020-04-14",81,19,103,250,1923,0.347373894955798,0,0,167,314,21,1318,14,1320,9,14
"1600","2020-04-15",77,19,102,247,1923,0.347373894955798,0,0,167,314,28,1346,20,1340,16,20
"1601","2020-04-16",71,19,97,244,1923,0.347373894955798,0,0,167,314,21,1367,15,1355,8,15
"1602","2020-04-17",69,19,110,235,1923,0.347373894955798,0,0,167,314,27,1394,22,1377,12,22
"1603","2020-04-18",75,19,117,234,1923,0.347373894955798,0,0,167,314,36,1430,20,1397,22,20
"1604","2020-04-19",68,19,118,213,1923,0.347373894955798,0,0,167,314,22,1452,10,1407,13,10
"1605","2020-04-20",68,19,110,206,1923,0.347373894955798,0,0,167,314,26,1478,24,1431,17,24
"1606","2020-04-21",58,19,83,208,1923,0.347373894955798,0,0,167,314,33,1511,21,1452,24,21
"1607","2020-04-22",59,19,70,201,1923,0.347373894955798,0,0,167,314,34,1545,12,1464,23,12
"1608","2020-04-23",56,19,54,190,1923,0.347373894955798,0,0,167,314,29,1574,11,1475,21,11
"1609","2020-04-24",60,19,43,196,1923,0.347373894955798,0,0,167,314,29,1603,7,1482,17,7
"1610","2020-04-25",55,19,46,185,1923,0.347373894955798,0,0,167,314,27,1630,17,1499,18,17
"1611","2020-04-26",59,19,48,182,1923,0.347373894955798,0,0,167,314,29,1659,15,1514,12,15
"1612","2020-04-27",63,19,42,173,1923,0.347373894955798,0,0,167,314,21,1680,16,1530,19,16
"1613","2020-04-28",68,19,53,168,1923,0.347373894955798,0,0,167,314,20,1700,14,1544,13,14
"1614","2020-04-29",64,19,57,180,1923,0.347373894955798,0,0,167,314,30,1730,7,1551,24,7
"1615","2020-04-30",61,19,60,178,1923,0.347373894955798,0,0,167,314,27,1757,16,1567,18,16
"1616","2020-05-01",56,19,52,179,1923,0.347373894955798,0,0,167,314,26,1783,8,1575,16,8
"1617","2020-05-02",54,19,57,176,1923,0.347373894955798,0,0,167,314,25,1808,14,1589,16,14
"1618","2020-05-03",53,19,56,173,1923,0.347373894955798,0,0,167,314,30,1838,11,1600,22,11
"1619","2020-05-04",46,19,51,166,1923,0.347373894955798,0,0,167,314,25,1863,12,1612,18,12
"1620","2020-05-05",47,19,48,166,1923,0.347373894955798,0,0,167,314,27,1890,8,1620,20,8
"1621","2020-05-06",45,19,46,156,1923,0.347373894955798,0,0,167,314,27,1917,8,1628,21,8
"1622","2020-05-07",49,19,48,149,1923,0.347373894955798,0,0,167,314,27,1944,5,1633,15,5
"1623","2020-05-08",49,19,46,154,1923,0.347373894955798,0,0,167,314,26,1970,7,1640,16,7
"1624","2020-05-09",49,19,49,154,1923,0.347373894955798,0,0,167,314,22,1992,5,1645,13,5
"1625","2020-05-10",48,19,33,155,1923,0.347373894955798,0,0,167,314,34,2026,5,1650,25,5
"1626","2020-05-11",50,19,33,151,1923,0.347373894955798,0,0,167,314,31,2057,6,1656,24,6
"1627","2020-05-12",45,19,31,151,1923,0.347373894955798,0,0,167,314,44,2101,1,1657,36,1
"1628","2020-05-13",48,19,28,148,1923,0.347373894955798,0,0,167,314,30,2131,4,1661,23,4
"1629","2020-05-14",42,19,23,147,1923,0.347373894955798,0,0,167,314,27,2158,5,1666,22,5
"1630","2020-05-15",43,19,25,144,1923,0.347373894955798,0,0,167,314,42,2200,4,1670,33,4
"1631","2020-05-16",43,19,34,149,1923,0.347373894955798,0,0,167,314,28,2228,3,1673,22,3
"1632","2020-05-17",39,19,35,156,1923,0.347373894955798,0,0,167,314,38,2266,9,1682,31,9
"1633","2020-05-18",44,19,35,154,1923,0.347373894955798,0,0,167,314,32,2298,1,1683,25,1
"1634","2020-05-19",44,19,30,155,1923,0.347373894955798,0,0,167,314,39,2337,1,1684,32,1
"1635","2020-05-20",42,19,26,156,1923,0.347373894955798,0,0,167,314,35,2372,2,1686,28,2
"1636","2020-05-21",42,19,22,144,1923,0.347373894955798,0,0,167,314,39,2411,1,1687,32,1
"1637","2020-05-22",47,19,19,145,1923,0.347373894955798,0,0,167,314,42,2453,1,1688,38,1
"1638","2020-05-23",43,19,17,147,1923,0.347373894955798,0,0,167,314,39,2492,3,1691,33,3
"1639","2020-05-24",47,19,18,151,1923,0.347373894955798,0,0,167,314,26,2518,1,1692,19,1
"1640","2020-05-25",37,19,17,144,1923,0.347373894955798,0,0,167,314,34,2552,2,1694,27,2
"1641","2020-05-26",38,19,17,138,1923,0.347373894955798,0,0,167,314,34,2586,3,1697,26,3
"1642","2020-05-27",38,19,17,132,1923,0.347373894955798,0,0,167,314,35,2621,4,1701,26,4
"1643","2020-05-28",42,19,12,133,1923,0.347373894955798,0,0,167,314,36,2657,2,1703,32,2
"1644","2020-05-29",36,19,11,132,1923,0.347373894955798,0,0,167,314,28,2685,3,1706,24,3
"1645","2020-05-30",40,19,10,142,1923,0.347373894955798,0,0,167,314,31,2716,1,1707,24,1
"1646","2020-05-31",37,19,8,145,1923,0.347373894955798,0,0,167,314,27,2743,1,1708,26,1
"1647","2020-06-01",42,19,9,146,1923,0.347373894955798,0,0,167,314,38,2781,NA,NA,32,NA
"1648","2020-06-02",43,19,9,155,1923,0.347373894955798,0,0,167,314,35,2816,2,1710,30,2
"1649","2020-06-03",47,19,9,157,1923,0.347373894955798,0,0,167,314,30,2846,1,1711,25,1
"1650","2020-06-04",49,19,7,163,1923,0.347373894955798,0,0,167,314,35,2881,2,1713,32,2
"1651","2020-06-05",53,19,10,168,1923,0.347373894955798,0,0,167,314,36,2917,1,1714,31,1
"1652","2020-06-06",51,19,10,172,1923,0.347373894955798,0,0,167,314,35,2952,2,1716,26,2
"1653","2020-06-07",55,19,11,165,1923,0.347373894955798,0,0,167,314,27,2979,NA,NA,23,NA
"1654","2020-03-14",1,20,283,99,4317,0.943015983321751,0,0,414,523,15,54,26,101,2,26
"1655","2020-03-15",3,20,254,134,4317,0.943015983321751,0,0,414,523,19,73,31,132,5,31
"1656","2020-03-16",11,20,235,163,4317,0.943015983321751,0,0,414,523,14,87,28,160,2,28
"1657","2020-03-17",16,20,279,190,4317,0.943015983321751,0,0,414,523,19,106,25,185,5,25
"1658","2020-03-18",22,20,264,237,4317,0.943015983321751,0,0,414,523,28,134,26,211,16,26
"1659","2020-03-19",29,20,289,273,4317,0.943015983321751,0,0,414,523,20,154,23,234,10,23
"1660","2020-03-20",39,20,285,313,4317,0.943015983321751,0,0,414,523,24,178,36,270,7,36
"1661","2020-03-21",51,20,326,358,4317,0.943015983321751,0,0,414,523,16,194,36,306,5,36
"1662","2020-03-22",61,20,346,400,4317,0.943015983321751,0,0,414,523,29,223,24,330,15,24
"1663","2020-03-23",74,20,340,438,4317,0.943015983321751,0,0,414,523,14,237,24,354,9,24
"1664","2020-03-24",86,20,323,467,4317,0.943015983321751,0,0,414,523,28,265,54,408,16,54
"1665","2020-03-25",96,20,289,510,4317,0.943015983321751,0,0,414,523,28,293,32,440,15,32
"1666","2020-03-26",110,20,263,546,4317,0.943015983321751,0,0,414,523,26,319,22,462,15,22
"1667","2020-03-27",122,20,247,566,4317,0.943015983321751,0,0,414,523,23,342,32,494,14,32
"1668","2020-03-28",136,20,219,601,4317,0.943015983321751,0,0,414,523,30,372,35,529,21,35
"1669","2020-03-29",141,20,201,653,4317,0.943015983321751,0,0,414,523,24,396,27,556,14,27
"1670","2020-03-30",138,20,168,678,4317,0.943015983321751,0,0,414,523,20,416,25,581,11,25
"1671","2020-03-31",141,20,161,721,4317,0.943015983321751,0,0,414,523,20,436,29,610,9,29
"1672","2020-04-01",150,20,154,757,4317,0.943015983321751,0,0,414,523,16,452,35,645,6,35
"1673","2020-04-02",162,20,135,784,4317,0.943015983321751,0,0,414,523,21,473,32,677,16,33
"1674","2020-04-03",172,20,126,822,4317,0.943015983321751,0,0,414,523,24,497,40,717,14,40
"1675","2020-04-04",176,20,103,858,4317,0.943015983321751,0,0,414,523,25,522,47,764,18,47
"1676","2020-04-05",199,20,103,872,4317,0.943015983321751,0,0,414,523,16,538,49,813,13,49
"1677","2020-04-06",223,20,116,883,4317,0.943015983321751,0,0,414,523,14,552,41,854,5,41
"1678","2020-04-07",240,20,166,928,4317,0.943015983321751,0,0,414,523,15,567,25,879,8,25
"1679","2020-04-08",271,20,201,961,4317,0.943015983321751,0,0,414,523,17,584,33,912,9,33
"1680","2020-04-09",273,20,209,1012,4317,0.943015983321751,0,0,414,523,12,596,31,943,11,31
"1681","2020-04-10",277,20,192,1031,4317,0.943015983321751,0,0,414,523,15,611,28,971,8,28
"1682","2020-04-11",291,20,207,1034,4317,0.943015983321751,0,0,414,523,28,639,24,995,19,24
"1683","2020-04-12",301,20,214,1065,4317,0.943015983321751,0,0,414,523,14,653,22,1017,9,22
"1684","2020-04-13",301,20,208,1081,4317,0.943015983321751,0,0,414,523,14,667,19,1036,8,19
"1685","2020-04-14",303,20,227,1059,4317,0.943015983321751,0,0,414,523,19,686,43,1079,14,43
"1686","2020-04-15",286,20,210,1065,4317,0.943015983321751,0,0,414,523,24,710,26,1105,17,26
"1687","2020-04-16",289,20,191,1043,4317,0.943015983321751,0,0,414,523,16,726,31,1136,11,31
"1688","2020-04-17",304,20,171,1067,4317,0.943015983321751,0,0,414,523,23,749,26,1162,21,26
"1689","2020-04-18",301,20,147,1038,4317,0.943015983321751,0,0,414,523,16,765,28,1190,13,28
"1690","2020-04-19",293,20,159,1033,4317,0.943015983321751,0,0,414,523,17,782,19,1209,11,19
"1691","2020-04-20",286,20,166,1006,4317,0.943015983321751,0,0,414,523,11,793,29,1238,8,29
"1692","2020-04-21",282,20,191,972,4317,0.943015983321751,0,0,414,523,14,807,31,1269,11,31
"1693","2020-04-22",289,20,182,973,4317,0.943015983321751,0,0,414,523,16,823,31,1300,12,31
"1694","2020-04-23",288,20,149,926,4317,0.943015983321751,0,0,414,523,20,843,42,1342,16,42
"1695","2020-04-24",280,20,135,906,4317,0.943015983321751,0,0,414,523,15,858,26,1368,12,26
"1696","2020-04-25",272,20,133,873,4317,0.943015983321751,0,0,414,523,16,874,35,1403,13,35
"1697","2020-04-26",259,20,115,847,4317,0.943015983321751,0,0,414,523,12,886,29,1432,8,29
"1698","2020-04-27",262,20,97,796,4317,0.943015983321751,0,0,414,523,17,903,26,1458,15,26
"1699","2020-04-28",265,20,76,753,4317,0.943015983321751,0,0,414,523,14,917,30,1488,10,30
"1700","2020-04-29",255,20,73,724,4317,0.943015983321751,0,0,414,523,13,930,29,1517,10,29
"1701","2020-04-30",241,20,77,685,4317,0.943015983321751,0,0,414,523,13,943,23,1540,11,23
"1702","2020-05-01",220,20,78,649,4317,0.943015983321751,0,0,414,523,16,959,27,1567,13,27
"1703","2020-05-02",212,20,77,607,4317,0.943015983321751,0,0,414,523,10,969,25,1592,9,25
"1704","2020-05-03",208,20,72,573,4317,0.943015983321751,0,0,414,523,13,982,11,1603,7,11
"1705","2020-05-04",196,20,67,535,4317,0.943015983321751,0,0,414,523,11,993,20,1623,10,20
"1706","2020-05-05",170,20,69,487,4317,0.943015983321751,0,0,414,523,14,1007,16,1639,9,16
"1707","2020-05-06",159,20,66,469,4317,0.943015983321751,0,0,414,523,20,1027,10,1649,17,10
"1708","2020-05-07",162,20,65,449,4317,0.943015983321751,0,0,414,523,11,1038,14,1663,7,14
"1709","2020-05-08",156,20,63,422,4317,0.943015983321751,0,0,414,523,7,1045,16,1679,3,16
"1710","2020-05-09",148,20,48,404,4317,0.943015983321751,0,0,414,523,11,1056,10,1689,10,10
"1711","2020-05-10",144,20,37,375,4317,0.943015983321751,0,0,414,523,16,1072,19,1708,12,19
"1712","2020-05-11",137,20,37,367,4317,0.943015983321751,0,0,414,523,24,1096,17,1725,18,17
"1713","2020-05-12",140,20,39,360,4317,0.943015983321751,0,0,414,523,21,1117,12,1737,17,12
"1714","2020-05-13",128,20,38,341,4317,0.943015983321751,0,0,414,523,21,1138,8,1745,20,8
"1715","2020-05-14",120,20,33,328,4317,0.943015983321751,0,0,414,523,7,1145,17,1762,7,17
"1716","2020-05-15",122,20,31,326,4317,0.943015983321751,0,0,414,523,13,1158,20,1782,11,20
"1717","2020-05-16",118,20,23,325,4317,0.943015983321751,0,0,414,523,14,1172,17,1799,11,17
"1718","2020-05-17",109,20,18,295,4317,0.943015983321751,0,0,414,523,22,1194,9,1808,19,9
"1719","2020-05-18",106,20,19,270,4317,0.943015983321751,0,0,414,523,15,1209,17,1825,15,17
"1720","2020-05-19",99,20,17,252,4317,0.943015983321751,0,0,414,523,16,1225,12,1837,16,12
"1721","2020-05-20",96,20,17,235,4317,0.943015983321751,0,0,414,523,32,1257,16,1853,28,16
"1722","2020-05-21",84,20,15,227,4317,0.943015983321751,0,0,414,523,14,1271,9,1862,13,9
"1723","2020-05-22",80,20,14,206,4317,0.943015983321751,0,0,414,523,22,1293,11,1873,20,11
"1724","2020-05-23",75,20,13,193,4317,0.943015983321751,0,0,414,523,17,1310,12,1885,16,12
"1725","2020-05-24",70,20,13,177,4317,0.943015983321751,0,0,414,523,30,1340,14,1899,25,14
"1726","2020-05-25",57,20,10,175,4317,0.943015983321751,0,0,414,523,16,1356,14,1913,11,14
"1727","2020-05-26",56,20,9,166,4317,0.943015983321751,0,0,414,523,18,1374,13,1926,15,13
"1728","2020-05-27",51,20,9,152,4317,0.943015983321751,0,0,414,523,21,1395,11,1937,16,11
"1729","2020-05-28",53,20,9,137,4317,0.943015983321751,0,0,414,523,21,1416,16,1953,18,16
"1730","2020-05-29",49,20,10,121,4317,0.943015983321751,0,0,414,523,14,1430,11,1964,13,11
"1731","2020-05-30",46,20,11,117,4317,0.943015983321751,0,0,414,523,13,1443,14,1978,9,14
"1732","2020-05-31",47,20,10,115,4317,0.943015983321751,0,0,414,523,20,1463,12,1990,17,12
"1733","2020-06-01",47,20,9,104,4317,0.943015983321751,0,0,414,523,17,1480,13,2003,15,13
"1734","2020-06-02",45,20,9,106,4317,0.943015983321751,0,0,414,523,14,1494,12,2015,13,12
"1735","2020-06-03",43,20,9,103,4317,0.943015983321751,0,0,414,523,19,1513,9,2024,10,9
"1736","2020-06-04",38,20,9,95,4317,0.943015983321751,0,0,414,523,13,1526,8,2032,11,8
"1737","2020-06-05",32,20,10,95,4317,0.943015983321751,0,0,414,523,28,1554,5,2037,23,5
"1738","2020-06-06",32,20,9,91,4317,0.943015983321751,0,0,414,523,15,1569,11,2048,11,11
"1739","2020-06-07",28,20,8,92,4317,0.943015983321751,0,0,414,523,15,1584,11,2059,10,11
