"","Date","Absents","Paramset","Infections_or_Exposed_per_day_Patient","Infections_or_Exposed_per_day_HCW","total_infections","nosocomial_proportion","PCR_pooled","LFD_pooled","HCW_symp_test","patient_symp_test","new_hcw_infs","cumulative_hcw_infs","new_pat_infs","cumulative_pats_infs","new_nosocomial_hcw_infs","new_nosocomial_pat_infs"
"1","2020-03-11",1,1,26,51,5851,0.386942403008033,8280,34888,306,710,51,51,13,16,NA,13
"2","2020-03-12",1,1,35,97,5851,0.386942403008033,8280,34888,306,710,46,97,11,27,3,11
"3","2020-03-13",11,1,38,144,5851,0.386942403008033,8280,34888,306,710,47,144,5,32,3,5
"4","2020-03-14",20,1,38,195,5851,0.386942403008033,8280,34888,306,710,51,195,5,37,4,5
"5","2020-03-15",32,1,59,241,5851,0.386942403008033,8280,34888,306,710,46,241,19,56,16,19
"6","2020-03-16",39,1,83,325,5851,0.386942403008033,8280,34888,306,710,84,325,26,82,27,26
"7","2020-03-17",54,1,81,378,5851,0.386942403008033,8280,34888,306,710,54,379,13,95,22,13
"8","2020-03-18",68,1,86,444,5851,0.386942403008033,8280,34888,306,710,70,449,12,107,24,12
"9","2020-03-19",91,1,76,500,5851,0.386942403008033,8280,34888,306,710,68,517,7,114,27,7
"10","2020-03-20",120,1,87,564,5851,0.386942403008033,8280,34888,306,710,84,601,16,130,41,16
"11","2020-03-21",171,1,100,624,5851,0.386942403008033,8280,34888,306,710,77,678,26,156,26,26
"12","2020-03-22",171,1,99,695,5851,0.386942403008033,8280,34888,306,710,92,770,15,171,47,15
"13","2020-03-23",175,1,113,737,5851,0.386942403008033,8280,34888,306,710,74,844,29,200,36,29
"14","2020-03-24",191,1,112,756,5851,0.386942403008033,8280,34888,306,710,69,913,19,219,37,19
"15","2020-03-25",196,1,107,786,5851,0.386942403008033,8280,34888,306,710,86,999,10,229,44,10
"16","2020-03-26",205,1,107,820,5851,0.386942403008033,8280,34888,306,710,87,1086,11,240,39,11
"17","2020-03-27",258,1,123,835,5851,0.386942403008033,8280,34888,306,710,87,1173,26,266,42,26
"18","2020-03-28",271,1,138,866,5851,0.386942403008033,8280,34888,306,710,90,1263,37,303,44,37
"19","2020-03-29",298,1,148,878,5851,0.386942403008033,8280,34888,306,710,73,1336,30,333,40,30
"20","2020-03-30",295,1,141,893,5851,0.386942403008033,8280,34888,306,710,88,1424,18,351,35,18
"21","2020-03-31",292,1,115,907,5851,0.386942403008033,8280,34888,306,710,85,1509,10,361,37,10
"22","2020-04-01",316,1,105,903,5851,0.386942403008033,8280,34888,306,710,78,1587,14,375,41,14
"23","2020-04-02",326,1,102,900,5851,0.386942403008033,8280,34888,306,710,73,1660,12,387,30,12
"24","2020-04-03",344,1,109,895,5851,0.386942403008033,8280,34888,306,710,77,1737,19,406,40,19
"25","2020-04-04",337,1,100,925,5851,0.386942403008033,8280,34888,306,710,106,1843,11,417,59,11
"26","2020-04-05",329,1,122,909,5851,0.386942403008033,8280,34888,306,710,71,1914,33,450,34,33
"27","2020-04-06",321,1,153,908,5851,0.386942403008033,8280,34888,306,710,80,1994,47,497,43,47
"28","2020-04-07",301,1,165,944,5851,0.386942403008033,8280,34888,306,710,98,2092,33,530,54,33
"29","2020-04-08",288,1,169,948,5851,0.386942403008033,8280,34888,306,710,104,2196,29,559,40,29
"30","2020-04-09",270,1,150,951,5851,0.386942403008033,8280,34888,306,710,88,2284,17,576,46,17
"31","2020-04-10",306,1,150,973,5851,0.386942403008033,8280,34888,306,710,101,2385,19,595,47,19
"32","2020-04-11",323,1,181,980,5851,0.386942403008033,8280,34888,306,710,85,2470,45,640,39,45
"33","2020-04-12",294,1,197,1010,5851,0.386942403008033,8280,34888,306,710,94,2564,44,684,49,44
"34","2020-04-13",314,1,191,1019,5851,0.386942403008033,8280,34888,306,710,84,2648,33,717,38,33
"35","2020-04-14",320,1,222,1032,5851,0.386942403008033,8280,34888,306,710,103,2751,57,774,51,57
"36","2020-04-15",330,1,220,1062,5851,0.386942403008033,8280,34888,306,710,95,2846,44,818,42,44
"37","2020-04-16",347,1,243,1073,5851,0.386942403008033,8280,34888,306,710,97,2943,51,869,42,51
"38","2020-04-17",362,1,260,1049,5851,0.386942403008033,8280,34888,306,710,72,3015,44,913,29,44
"39","2020-04-18",348,1,244,1052,5851,0.386942403008033,8280,34888,306,710,101,3116,41,954,49,41
"40","2020-04-19",344,1,225,1032,5851,0.386942403008033,8280,34888,306,710,75,3191,39,993,35,39
"41","2020-04-20",318,1,240,1032,5851,0.386942403008033,8280,34888,306,710,86,3277,49,1042,38,49
"42","2020-04-21",308,1,258,1016,5851,0.386942403008033,8280,34888,306,710,70,3347,60,1102,34,60
"43","2020-04-22",300,1,267,1003,5851,0.386942403008033,8280,34888,306,710,73,3420,49,1151,30,49
"44","2020-04-23",306,1,257,975,5851,0.386942403008033,8280,34888,306,710,75,3495,50,1201,30,50
"45","2020-04-24",318,1,272,965,5851,0.386942403008033,8280,34888,306,710,76,3571,57,1258,29,57
"46","2020-04-25",345,1,246,948,5851,0.386942403008033,8280,34888,306,710,75,3646,32,1290,31,32
"47","2020-04-26",306,1,231,932,5851,0.386942403008033,8280,34888,306,710,75,3721,25,1315,40,25
"48","2020-04-27",307,1,229,904,5851,0.386942403008033,8280,34888,306,710,62,3783,45,1360,27,45
"49","2020-04-28",314,1,230,874,5851,0.386942403008033,8280,34888,306,710,56,3839,36,1396,20,36
"50","2020-04-29",302,1,222,846,5851,0.386942403008033,8280,34888,306,710,55,3894,32,1428,27,32
"51","2020-04-30",284,1,223,812,5851,0.386942403008033,8280,34888,306,710,57,3951,25,1453,26,25
"52","2020-05-01",298,1,202,777,5851,0.386942403008033,8280,34888,306,710,52,4003,36,1489,20,36
"53","2020-05-02",275,1,190,759,5851,0.386942403008033,8280,34888,306,710,58,4061,25,1514,20,25
"54","2020-05-03",255,1,209,720,5851,0.386942403008033,8280,34888,306,710,55,4116,49,1563,23,49
"55","2020-05-04",238,1,216,720,5851,0.386942403008033,8280,34888,306,710,66,4182,34,1597,20,34
"56","2020-05-05",225,1,209,701,5851,0.386942403008033,8280,34888,306,710,57,4239,27,1624,17,27
"57","2020-05-06",228,1,222,717,5851,0.386942403008033,8280,34888,306,710,70,4309,47,1671,28,47
"58","2020-05-07",223,1,235,693,5851,0.386942403008033,8280,34888,306,710,52,4361,40,1711,28,40
"59","2020-05-08",228,1,240,657,5851,0.386942403008033,8280,34888,306,710,37,4398,44,1755,21,44
"60","2020-05-09",226,1,249,654,5851,0.386942403008033,8280,34888,306,710,57,4455,48,1803,24,48
"61","2020-05-10",222,1,233,622,5851,0.386942403008033,8280,34888,306,710,32,4487,37,1840,12,37
"62","2020-05-11",218,1,214,597,5851,0.386942403008033,8280,34888,306,710,38,4525,23,1863,10,23
"63","2020-05-12",210,1,208,582,5851,0.386942403008033,8280,34888,306,710,42,4567,27,1890,13,27
"64","2020-05-13",216,1,219,566,5851,0.386942403008033,8280,34888,306,710,36,4603,44,1934,15,44
"65","2020-05-14",219,1,201,558,5851,0.386942403008033,8280,34888,306,710,40,4643,27,1961,14,27
"66","2020-05-15",202,1,187,541,5851,0.386942403008033,8280,34888,306,710,37,4680,24,1985,14,24
"67","2020-05-16",216,1,165,516,5851,0.386942403008033,8280,34888,306,710,39,4719,17,2002,19,17
"68","2020-05-17",188,1,160,493,5851,0.386942403008033,8280,34888,306,710,26,4745,16,2018,13,16
"69","2020-05-18",180,1,144,473,5851,0.386942403008033,8280,34888,306,710,29,4774,19,2037,10,19
"70","2020-05-19",176,1,160,443,5851,0.386942403008033,8280,34888,306,710,33,4807,27,2064,13,27
"71","2020-05-20",167,1,155,431,5851,0.386942403008033,8280,34888,306,710,31,4838,23,2087,12,23
"72","2020-05-21",151,1,160,411,5851,0.386942403008033,8280,34888,306,710,31,4869,26,2113,9,26
"73","2020-05-22",151,1,165,401,5851,0.386942403008033,8280,34888,306,710,24,4893,33,2146,11,33
"74","2020-05-23",154,1,177,401,5851,0.386942403008033,8280,34888,306,710,37,4930,34,2180,12,34
"75","2020-05-24",143,1,192,387,5851,0.386942403008033,8280,34888,306,710,26,4956,37,2217,15,37
"76","2020-05-25",135,1,207,386,5851,0.386942403008033,8280,34888,306,710,30,4986,47,2264,6,47
"77","2020-05-26",121,1,197,376,5851,0.386942403008033,8280,34888,306,710,29,5015,22,2286,13,22
"78","2020-05-27",108,1,176,374,5851,0.386942403008033,8280,34888,306,710,33,5048,13,2299,11,13
"79","2020-05-28",108,1,164,362,5851,0.386942403008033,8280,34888,306,710,28,5076,13,2312,8,13
"80","2020-05-29",112,1,158,346,5851,0.386942403008033,8280,34888,306,710,26,5102,16,2328,11,16
"81","2020-05-30",108,1,188,335,5851,0.386942403008033,8280,34888,306,710,23,5125,42,2370,5,42
"82","2020-05-31",104,1,173,322,5851,0.386942403008033,8280,34888,306,710,25,5150,25,2395,9,25
"83","2020-06-01",98,1,173,320,5851,0.386942403008033,8280,34888,306,710,26,5176,25,2420,12,25
"84","2020-06-02",99,1,162,299,5851,0.386942403008033,8280,34888,306,710,13,5189,22,2442,7,22
"85","2020-06-03",101,1,164,285,5851,0.386942403008033,8280,34888,306,710,18,5207,27,2469,6,27
"86","2020-06-04",108,1,170,274,5851,0.386942403008033,8280,34888,306,710,14,5221,27,2496,6,27
"87","2020-06-05",107,1,154,265,5851,0.386942403008033,8280,34888,306,710,15,5236,24,2520,6,24
"88","2020-06-06",99,1,155,260,5851,0.386942403008033,8280,34888,306,710,22,5258,24,2544,8,24
"89","2020-06-07",91,1,152,247,5851,0.386942403008033,8280,34888,306,710,17,5275,26,2570,3,26
"90","2020-03-07",1,2,0,0,5766,0.712452306625043,8430,34278,315,497,NA,NA,NA,NA,NA,NA
"91","2020-03-08",1,2,0,0,5766,0.712452306625043,8430,34278,315,497,NA,NA,NA,NA,NA,NA
"92","2020-03-09",0,2,0,0,5766,0.712452306625043,8430,34278,315,497,NA,NA,NA,NA,NA,NA
"93","2020-03-10",0,2,0,0,5766,0.712452306625043,8430,34278,315,497,NA,NA,1,1,NA,1
"94","2020-03-11",0,2,0,0,5766,0.712452306625043,8430,34278,315,497,33,33,5,6,NA,5
"95","2020-03-12",0,2,0,0,5766,0.712452306625043,8430,34278,315,497,34,67,19,25,2,19
"96","2020-03-13",1,2,40,66,5766,0.712452306625043,8430,34278,315,497,47,114,19,44,9,19
"97","2020-03-14",4,2,48,90,5766,0.712452306625043,8430,34278,315,497,35,149,13,57,9,13
"98","2020-03-15",9,2,52,118,5766,0.712452306625043,8430,34278,315,497,46,195,29,86,9,29
"99","2020-03-16",15,2,69,155,5766,0.712452306625043,8430,34278,315,497,57,252,22,108,16,22
"100","2020-03-17",19,2,73,193,5766,0.712452306625043,8430,34278,315,497,52,304,14,122,16,14
"101","2020-03-18",31,2,73,246,5766,0.712452306625043,8430,34278,315,497,61,365,17,139,19,17
"102","2020-03-19",36,2,81,296,5766,0.712452306625043,8430,34278,315,497,69,434,18,157,33,18
"103","2020-03-20",48,2,68,337,5766,0.712452306625043,8430,34278,315,497,69,503,29,186,37,29
"104","2020-03-21",63,2,84,395,5766,0.712452306625043,8430,34278,315,497,56,559,36,222,35,36
"105","2020-03-22",89,2,74,463,5766,0.712452306625043,8430,34278,315,497,85,644,25,247,51,25
"106","2020-03-23",98,2,75,526,5766,0.712452306625043,8430,34278,315,497,98,742,33,280,56,33
"107","2020-03-24",104,2,72,594,5766,0.712452306625043,8430,34278,315,497,84,826,44,324,39,44
"108","2020-03-25",110,2,68,684,5766,0.712452306625043,8430,34278,315,497,88,914,42,366,58,42
"109","2020-03-26",130,2,67,753,5766,0.712452306625043,8430,34278,315,497,101,1015,24,390,66,24
"110","2020-03-27",190,2,58,828,5766,0.712452306625043,8430,34278,315,497,104,1119,30,420,65,30
"111","2020-03-28",266,2,60,896,5766,0.712452306625043,8430,34278,315,497,101,1220,23,443,69,23
"112","2020-03-29",270,2,71,954,5766,0.712452306625043,8430,34278,315,497,96,1316,41,484,57,41
"113","2020-03-30",265,2,78,1060,5766,0.712452306625043,8430,34278,315,497,88,1404,25,509,56,25
"114","2020-03-31",282,2,85,1095,5766,0.712452306625043,8430,34278,315,497,84,1488,33,542,56,33
"115","2020-04-01",308,2,82,1153,5766,0.712452306625043,8430,34278,315,497,98,1586,25,567,55,25
"116","2020-04-02",324,2,88,1202,5766,0.712452306625043,8430,34278,315,497,109,1695,22,589,74,22
"117","2020-04-03",414,2,91,1229,5766,0.712452306625043,8430,34278,315,497,81,1776,38,627,41,38
"118","2020-04-04",388,2,79,1263,5766,0.712452306625043,8430,34278,315,497,92,1868,32,659,46,32
"119","2020-04-05",394,2,86,1307,5766,0.712452306625043,8430,34278,315,497,87,1955,29,688,55,29
"120","2020-04-06",414,2,85,1343,5766,0.712452306625043,8430,34278,315,497,91,2046,28,716,55,28
"121","2020-04-07",415,2,77,1373,5766,0.712452306625043,8430,34278,315,497,93,2139,23,739,54,23
"122","2020-04-08",417,2,95,1389,5766,0.712452306625043,8430,34278,315,497,110,2249,23,762,71,23
"123","2020-04-09",428,2,120,1389,5766,0.712452306625043,8430,34278,315,497,97,2346,31,793,64,31
"124","2020-04-10",449,2,111,1387,5766,0.712452306625043,8430,34278,315,497,75,2421,28,821,48,28
"125","2020-04-11",486,2,118,1382,5766,0.712452306625043,8430,34278,315,497,91,2512,40,861,48,40
"126","2020-04-12",468,2,135,1399,5766,0.712452306625043,8430,34278,315,497,88,2600,45,906,48,45
"127","2020-04-13",451,2,124,1340,5766,0.712452306625043,8430,34278,315,497,86,2686,43,949,51,43
"128","2020-04-14",455,2,130,1312,5766,0.712452306625043,8430,34278,315,497,88,2774,33,982,57,33
"129","2020-04-15",464,2,150,1305,5766,0.712452306625043,8430,34278,315,497,90,2864,25,1007,53,25
"130","2020-04-16",452,2,148,1279,5766,0.712452306625043,8430,34278,315,497,77,2941,31,1038,43,31
"131","2020-04-17",475,2,136,1261,5766,0.712452306625043,8430,34278,315,497,88,3029,53,1091,53,53
"132","2020-04-18",459,2,131,1239,5766,0.712452306625043,8430,34278,315,497,86,3115,53,1144,45,53
"133","2020-04-19",413,2,161,1227,5766,0.712452306625043,8430,34278,315,497,85,3200,53,1197,47,53
"134","2020-04-20",403,2,153,1204,5766,0.712452306625043,8430,34278,315,497,69,3269,30,1227,35,30
"135","2020-04-21",383,2,166,1160,5766,0.712452306625043,8430,34278,315,497,70,3339,41,1268,45,41
"136","2020-04-22",369,2,169,1142,5766,0.712452306625043,8430,34278,315,497,67,3406,33,1301,30,33
"137","2020-04-23",372,2,176,1118,5766,0.712452306625043,8430,34278,315,497,84,3490,36,1337,48,36
"138","2020-04-24",386,2,164,1056,5766,0.712452306625043,8430,34278,315,497,61,3551,32,1369,34,32
"139","2020-04-25",365,2,147,1045,5766,0.712452306625043,8430,34278,315,497,52,3603,45,1414,30,45
"140","2020-04-26",357,2,161,987,5766,0.712452306625043,8430,34278,315,497,64,3667,44,1458,39,44
"141","2020-04-27",357,2,156,948,5766,0.712452306625043,8430,34278,315,497,64,3731,30,1488,34,30
"142","2020-04-28",344,2,166,922,5766,0.712452306625043,8430,34278,315,497,65,3796,32,1520,40,32
"143","2020-04-29",339,2,163,888,5766,0.712452306625043,8430,34278,315,497,73,3869,30,1550,40,30
"144","2020-04-30",323,2,137,860,5766,0.712452306625043,8430,34278,315,497,61,3930,42,1592,30,42
"145","2020-05-01",304,2,124,823,5766,0.712452306625043,8430,34278,315,497,66,3996,33,1625,32,33
"146","2020-05-02",325,2,146,755,5766,0.712452306625043,8430,34278,315,497,61,4057,40,1665,27,40
"147","2020-05-03",279,2,160,698,5766,0.712452306625043,8430,34278,315,497,58,4115,41,1706,34,41
"148","2020-05-04",260,2,139,661,5766,0.712452306625043,8430,34278,315,497,58,4173,35,1741,33,35
"149","2020-05-05",253,2,147,636,5766,0.712452306625043,8430,34278,315,497,51,4224,32,1773,24,32
"150","2020-05-06",239,2,151,603,5766,0.712452306625043,8430,34278,315,497,50,4274,25,1798,21,25
"151","2020-05-07",236,2,161,580,5766,0.712452306625043,8430,34278,315,497,44,4318,24,1822,20,24
"152","2020-05-08",222,2,163,561,5766,0.712452306625043,8430,34278,315,497,56,4374,16,1838,26,16
"153","2020-05-09",203,2,151,531,5766,0.712452306625043,8430,34278,315,497,40,4414,16,1854,14,16
"154","2020-05-10",197,2,149,495,5766,0.712452306625043,8430,34278,315,497,39,4453,11,1865,14,11
"155","2020-05-11",182,2,148,462,5766,0.712452306625043,8430,34278,315,497,41,4494,8,1873,19,8
"156","2020-05-12",170,2,131,430,5766,0.712452306625043,8430,34278,315,497,30,4524,16,1889,14,16
"157","2020-05-13",164,2,144,408,5766,0.712452306625043,8430,34278,315,497,45,4569,29,1918,26,29
"158","2020-05-14",155,2,160,390,5766,0.712452306625043,8430,34278,315,497,46,4615,32,1950,20,32
"159","2020-05-15",149,2,144,374,5766,0.712452306625043,8430,34278,315,497,35,4650,20,1970,12,20
"160","2020-05-16",138,2,134,359,5766,0.712452306625043,8430,34278,315,497,38,4688,28,1998,18,28
"161","2020-05-17",125,2,119,348,5766,0.712452306625043,8430,34278,315,497,32,4720,29,2027,16,29
"162","2020-05-18",118,2,127,337,5766,0.712452306625043,8430,34278,315,497,40,4760,33,2060,14,33
"163","2020-05-19",111,2,140,323,5766,0.712452306625043,8430,34278,315,497,33,4793,28,2088,13,28
"164","2020-05-20",106,2,142,308,5766,0.712452306625043,8430,34278,315,497,30,4823,26,2114,18,26
"165","2020-05-21",101,2,133,301,5766,0.712452306625043,8430,34278,315,497,20,4843,23,2137,8,23
"166","2020-05-22",91,2,130,285,5766,0.712452306625043,8430,34278,315,497,27,4870,32,2169,16,32
"167","2020-05-23",98,2,115,267,5766,0.712452306625043,8430,34278,315,497,13,4883,33,2202,9,33
"168","2020-05-24",95,2,128,272,5766,0.712452306625043,8430,34278,315,497,28,4911,33,2235,14,33
"169","2020-05-25",88,2,124,251,5766,0.712452306625043,8430,34278,315,497,31,4942,21,2256,13,21
"170","2020-05-26",91,2,113,239,5766,0.712452306625043,8430,34278,315,497,22,4964,35,2291,9,35
"171","2020-05-27",91,2,111,229,5766,0.712452306625043,8430,34278,315,497,15,4979,47,2338,6,47
"172","2020-05-28",95,2,128,220,5766,0.712452306625043,8430,34278,315,497,21,5000,35,2373,9,35
"173","2020-05-29",99,2,130,214,5766,0.712452306625043,8430,34278,315,497,25,5025,21,2394,12,21
"174","2020-05-30",93,2,131,202,5766,0.712452306625043,8430,34278,315,497,22,5047,36,2430,9,36
"175","2020-05-31",88,2,112,207,5766,0.712452306625043,8430,34278,315,497,20,5067,24,2454,8,24
"176","2020-06-01",85,2,106,188,5766,0.712452306625043,8430,34278,315,497,16,5083,24,2478,5,24
"177","2020-06-02",73,2,102,177,5766,0.712452306625043,8430,34278,315,497,9,5092,23,2501,2,23
"178","2020-06-03",68,2,103,175,5766,0.712452306625043,8430,34278,315,497,16,5108,29,2530,8,29
"179","2020-06-04",58,2,100,169,5766,0.712452306625043,8430,34278,315,497,10,5118,35,2565,3,35
"180","2020-06-05",51,2,113,165,5766,0.712452306625043,8430,34278,315,497,20,5138,41,2606,6,41
"181","2020-06-06",53,2,101,156,5766,0.712452306625043,8430,34278,315,497,12,5150,28,2634,7,28
"182","2020-06-07",45,2,109,152,5766,0.712452306625043,8430,34278,315,497,14,5164,27,2661,7,27
"183","2020-03-13",3,3,104,117,6494,0.553279950723745,8415,36308,373,1273,19,55,13,24,10,13
"184","2020-03-14",5,3,109,169,6494,0.553279950723745,8415,36308,373,1273,23,78,17,41,13,17
"185","2020-03-15",14,3,147,216,6494,0.553279950723745,8415,36308,373,1273,23,101,28,69,18,28
"186","2020-03-16",22,3,152,272,6494,0.553279950723745,8415,36308,373,1273,32,133,13,82,20,13
"187","2020-03-17",34,3,166,343,6494,0.553279950723745,8415,36308,373,1273,42,175,28,110,33,28
"188","2020-03-18",47,3,165,428,6494,0.553279950723745,8415,36308,373,1273,36,211,17,127,28,17
"189","2020-03-19",62,3,169,479,6494,0.553279950723745,8415,36308,373,1273,63,274,17,144,54,17
"190","2020-03-20",85,3,158,556,6494,0.553279950723745,8415,36308,373,1273,57,331,30,174,42,30
"191","2020-03-21",114,3,166,641,6494,0.553279950723745,8415,36308,373,1273,51,382,27,201,38,27
"192","2020-03-22",177,3,164,728,6494,0.553279950723745,8415,36308,373,1273,82,464,20,221,70,20
"193","2020-03-23",190,3,196,806,6494,0.553279950723745,8415,36308,373,1273,74,538,15,236,58,15
"194","2020-03-24",180,3,216,874,6494,0.553279950723745,8415,36308,373,1273,64,602,22,258,53,22
"195","2020-03-25",194,3,245,938,6494,0.553279950723745,8415,36308,373,1273,66,668,29,287,55,29
"196","2020-03-26",224,3,276,1000,6494,0.553279950723745,8415,36308,373,1273,84,752,27,314,74,27
"197","2020-03-27",303,3,274,1059,6494,0.553279950723745,8415,36308,373,1273,108,860,31,345,102,31
"198","2020-03-28",343,3,272,1094,6494,0.553279950723745,8415,36308,373,1273,124,984,47,392,120,47
"199","2020-03-29",329,3,280,1136,6494,0.553279950723745,8415,36308,373,1273,96,1080,33,425,88,33
"200","2020-03-30",328,3,273,1198,6494,0.553279950723745,8415,36308,373,1273,141,1221,33,458,127,33
"201","2020-03-31",342,3,281,1265,6494,0.553279950723745,8415,36308,373,1273,124,1345,23,481,109,23
"202","2020-04-01",363,3,275,1299,6494,0.553279950723745,8415,36308,373,1273,136,1481,20,501,121,20
"203","2020-04-02",369,3,263,1336,6494,0.553279950723745,8415,36308,373,1273,121,1602,13,514,108,13
"204","2020-04-03",454,3,258,1388,6494,0.553279950723745,8415,36308,373,1273,160,1762,31,545,151,31
"205","2020-04-04",440,3,249,1421,6494,0.553279950723745,8415,36308,373,1273,150,1912,45,590,135,45
"206","2020-04-05",432,3,259,1427,6494,0.553279950723745,8415,36308,373,1273,166,2078,33,623,159,33
"207","2020-04-06",442,3,278,1436,6494,0.553279950723745,8415,36308,373,1273,137,2215,30,653,128,30
"208","2020-04-07",438,3,272,1461,6494,0.553279950723745,8415,36308,373,1273,169,2384,28,681,158,28
"209","2020-04-08",437,3,257,1475,6494,0.553279950723745,8415,36308,373,1273,170,2554,47,728,158,47
"210","2020-04-09",432,3,276,1488,6494,0.553279950723745,8415,36308,373,1273,161,2715,33,761,148,33
"211","2020-04-10",479,3,306,1489,6494,0.553279950723745,8415,36308,373,1273,170,2885,25,786,159,25
"212","2020-04-11",507,3,292,1466,6494,0.553279950723745,8415,36308,373,1273,167,3052,33,819,152,33
"213","2020-04-12",508,3,269,1431,6494,0.553279950723745,8415,36308,373,1273,160,3212,26,845,149,26
"214","2020-04-13",524,3,256,1407,6494,0.553279950723745,8415,36308,373,1273,160,3372,39,884,144,39
"215","2020-04-14",524,3,234,1391,6494,0.553279950723745,8415,36308,373,1273,148,3520,30,914,138,30
"216","2020-04-15",527,3,240,1357,6494,0.553279950723745,8415,36308,373,1273,153,3673,37,951,143,37
"217","2020-04-16",528,3,252,1314,6494,0.553279950723745,8415,36308,373,1273,135,3808,27,978,126,27
"218","2020-04-17",525,3,268,1292,6494,0.553279950723745,8415,36308,373,1273,144,3952,50,1028,136,50
"219","2020-04-18",527,3,289,1255,6494,0.553279950723745,8415,36308,373,1273,144,4096,42,1070,136,42
"220","2020-04-19",433,3,290,1211,6494,0.553279950723745,8415,36308,373,1273,109,4205,34,1104,100,34
"221","2020-04-20",416,3,282,1157,6494,0.553279950723745,8415,36308,373,1273,127,4332,19,1123,120,19
"222","2020-04-21",396,3,270,1132,6494,0.553279950723745,8415,36308,373,1273,96,4428,17,1140,91,17
"223","2020-04-22",375,3,292,1069,6494,0.553279950723745,8415,36308,373,1273,109,4537,31,1171,98,31
"224","2020-04-23",363,3,303,1041,6494,0.553279950723745,8415,36308,373,1273,115,4652,24,1195,101,24
"225","2020-04-24",355,3,307,1027,6494,0.553279950723745,8415,36308,373,1273,81,4733,29,1224,73,29
"226","2020-04-25",322,3,306,993,6494,0.553279950723745,8415,36308,373,1273,106,4839,18,1242,97,18
"227","2020-04-26",312,3,270,948,6494,0.553279950723745,8415,36308,373,1273,56,4895,30,1272,51,30
"228","2020-04-27",297,3,275,928,6494,0.553279950723745,8415,36308,373,1273,75,4970,30,1302,63,30
"229","2020-04-28",295,3,265,884,6494,0.553279950723745,8415,36308,373,1273,67,5037,17,1319,59,17
"230","2020-04-29",298,3,254,857,6494,0.553279950723745,8415,36308,373,1273,63,5100,47,1366,54,47
"231","2020-04-30",297,3,257,818,6494,0.553279950723745,8415,36308,373,1273,66,5166,43,1409,57,43
"232","2020-05-01",290,3,253,791,6494,0.553279950723745,8415,36308,373,1273,50,5216,25,1434,44,25
"233","2020-05-02",298,3,250,776,6494,0.553279950723745,8415,36308,373,1273,48,5264,25,1459,41,25
"234","2020-05-03",274,3,256,770,6494,0.553279950723745,8415,36308,373,1273,40,5304,33,1492,33,33
"235","2020-05-04",260,3,255,743,6494,0.553279950723745,8415,36308,373,1273,33,5337,30,1522,30,30
"236","2020-05-05",247,3,251,707,6494,0.553279950723745,8415,36308,373,1273,43,5380,24,1546,38,24
"237","2020-05-06",236,3,241,671,6494,0.553279950723745,8415,36308,373,1273,38,5418,29,1575,35,29
"238","2020-05-07",225,3,253,647,6494,0.553279950723745,8415,36308,373,1273,20,5438,26,1601,17,26
"239","2020-05-08",224,3,241,616,6494,0.553279950723745,8415,36308,373,1273,25,5463,49,1650,22,49
"240","2020-05-09",220,3,257,591,6494,0.553279950723745,8415,36308,373,1273,31,5494,31,1681,23,31
"241","2020-05-10",208,3,292,559,6494,0.553279950723745,8415,36308,373,1273,20,5514,29,1710,19,29
"242","2020-05-11",193,3,287,535,6494,0.553279950723745,8415,36308,373,1273,22,5536,27,1737,15,27
"243","2020-05-12",188,3,311,518,6494,0.553279950723745,8415,36308,373,1273,27,5563,39,1776,19,39
"244","2020-05-13",178,3,323,497,6494,0.553279950723745,8415,36308,373,1273,21,5584,25,1801,18,25
"245","2020-05-14",177,3,311,489,6494,0.553279950723745,8415,36308,373,1273,19,5603,35,1836,17,35
"246","2020-05-15",166,3,279,467,6494,0.553279950723745,8415,36308,373,1273,18,5621,41,1877,15,41
"247","2020-05-16",163,3,261,438,6494,0.553279950723745,8415,36308,373,1273,24,5645,51,1928,16,51
"248","2020-05-17",145,3,280,415,6494,0.553279950723745,8415,36308,373,1273,26,5671,34,1962,22,34
"249","2020-05-18",141,3,289,405,6494,0.553279950723745,8415,36308,373,1273,21,5692,22,1984,14,22
"250","2020-05-19",135,3,309,403,6494,0.553279950723745,8415,36308,373,1273,27,5719,17,2001,23,17
"251","2020-05-20",141,3,311,385,6494,0.553279950723745,8415,36308,373,1273,18,5737,23,2024,14,23
"252","2020-05-21",131,3,288,367,6494,0.553279950723745,8415,36308,373,1273,21,5758,20,2044,17,20
"253","2020-05-22",118,3,283,337,6494,0.553279950723745,8415,36308,373,1273,11,5769,28,2072,7,28
"254","2020-05-23",105,3,309,317,6494,0.553279950723745,8415,36308,373,1273,15,5784,17,2089,12,17
"255","2020-05-24",98,3,304,281,6494,0.553279950723745,8415,36308,373,1273,17,5801,38,2127,11,38
"256","2020-05-25",97,3,301,278,6494,0.553279950723745,8415,36308,373,1273,15,5816,32,2159,12,32
"257","2020-05-26",91,3,295,256,6494,0.553279950723745,8415,36308,373,1273,11,5827,30,2189,9,30
"258","2020-05-27",85,3,271,243,6494,0.553279950723745,8415,36308,373,1273,16,5843,26,2215,14,26
"259","2020-05-28",84,3,272,227,6494,0.553279950723745,8415,36308,373,1273,9,5852,32,2247,5,32
"260","2020-05-29",89,3,288,212,6494,0.553279950723745,8415,36308,373,1273,15,5867,33,2280,12,33
"261","2020-05-30",88,3,308,200,6494,0.553279950723745,8415,36308,373,1273,9,5876,23,2303,5,23
"262","2020-05-31",78,3,308,202,6494,0.553279950723745,8415,36308,373,1273,15,5891,18,2321,9,18
"263","2020-06-01",73,3,312,190,6494,0.553279950723745,8415,36308,373,1273,14,5905,25,2346,10,25
"264","2020-06-02",67,3,306,188,6494,0.553279950723745,8415,36308,373,1273,13,5918,37,2383,11,37
"265","2020-06-03",64,3,317,176,6494,0.553279950723745,8415,36308,373,1273,13,5931,43,2426,12,43
"266","2020-06-04",56,3,331,164,6494,0.553279950723745,8415,36308,373,1273,6,5937,27,2453,4,27
"267","2020-06-05",59,3,315,162,6494,0.553279950723745,8415,36308,373,1273,9,5946,28,2481,8,28
"268","2020-06-06",59,3,311,153,6494,0.553279950723745,8415,36308,373,1273,11,5957,34,2515,9,34
"269","2020-06-07",54,3,310,149,6494,0.553279950723745,8415,36308,373,1273,8,5965,27,2542,6,27
"270","2020-03-13",1,4,44,58,5259,0.728085187297965,8430,33136,288,655,45,141,28,123,16,28
"271","2020-03-14",5,4,44,79,5259,0.728085187297965,8430,33136,288,655,49,190,12,135,18,12
"272","2020-03-15",12,4,68,110,5259,0.728085187297965,8430,33136,288,655,75,265,15,150,27,15
"273","2020-03-16",12,4,71,145,5259,0.728085187297965,8430,33136,288,655,55,320,46,196,25,46
"274","2020-03-17",14,4,62,201,5259,0.728085187297965,8430,33136,288,655,69,389,46,242,33,46
"275","2020-03-18",20,4,66,248,5259,0.728085187297965,8430,33136,288,655,87,476,24,266,47,24
"276","2020-03-19",31,4,97,294,5259,0.728085187297965,8430,33136,288,655,85,561,39,305,48,39
"277","2020-03-20",49,4,99,357,5259,0.728085187297965,8430,33136,288,655,105,666,44,349,65,44
"278","2020-03-21",61,4,115,423,5259,0.728085187297965,8430,33136,288,655,92,758,25,374,57,25
"279","2020-03-22",89,4,115,473,5259,0.728085187297965,8430,33136,288,655,121,879,28,402,63,28
"280","2020-03-23",103,4,99,539,5259,0.728085187297965,8430,33136,288,655,71,950,21,423,40,21
"281","2020-03-24",105,4,92,603,5259,0.728085187297965,8430,33136,288,655,86,1036,22,445,47,22
"282","2020-03-25",119,4,95,653,5259,0.728085187297965,8430,33136,288,655,100,1136,72,517,51,72
"283","2020-03-26",126,4,122,699,5259,0.728085187297965,8430,33136,288,655,96,1232,60,577,63,60
"284","2020-03-27",167,4,138,748,5259,0.728085187297965,8430,33136,288,655,101,1333,80,657,62,80
"285","2020-03-28",187,4,136,794,5259,0.728085187297965,8430,33136,288,655,121,1454,29,686,76,29
"286","2020-03-29",247,4,107,843,5259,0.728085187297965,8430,33136,288,655,120,1574,64,750,68,64
"287","2020-03-30",258,4,86,878,5259,0.728085187297965,8430,33136,288,655,111,1685,30,780,73,30
"288","2020-03-31",265,4,84,935,5259,0.728085187297965,8430,33136,288,655,98,1783,49,829,60,49
"289","2020-04-01",270,4,120,954,5259,0.728085187297965,8430,33136,288,655,110,1893,54,883,75,54
"290","2020-04-02",284,4,117,994,5259,0.728085187297965,8430,33136,288,655,128,2021,55,938,92,55
"291","2020-04-03",344,4,109,1010,5259,0.728085187297965,8430,33136,288,655,123,2144,41,979,90,41
"292","2020-04-04",400,4,101,1031,5259,0.728085187297965,8430,33136,288,655,111,2255,11,990,82,11
"293","2020-04-05",340,4,99,1043,5259,0.728085187297965,8430,33136,288,655,102,2357,18,1008,63,18
"294","2020-04-06",336,4,95,1063,5259,0.728085187297965,8430,33136,288,655,66,2423,28,1036,41,28
"295","2020-04-07",338,4,104,1059,5259,0.728085187297965,8430,33136,288,655,89,2512,15,1051,56,15
"296","2020-04-08",354,4,140,1061,5259,0.728085187297965,8430,33136,288,655,100,2612,10,1061,51,10
"297","2020-04-09",355,4,146,1108,5259,0.728085187297965,8430,33136,288,655,89,2701,18,1079,56,18
"298","2020-04-10",409,4,151,1114,5259,0.728085187297965,8430,33136,288,655,111,2812,65,1144,64,65
"299","2020-04-11",379,4,167,1103,5259,0.728085187297965,8430,33136,288,655,103,2915,26,1170,61,26
"300","2020-04-12",342,4,164,1120,5259,0.728085187297965,8430,33136,288,655,98,3013,19,1189,62,19
"301","2020-04-13",338,4,181,1099,5259,0.728085187297965,8430,33136,288,655,99,3112,47,1236,68,47
"302","2020-04-14",344,4,179,1098,5259,0.728085187297965,8430,33136,288,655,86,3198,31,1267,44,31
"303","2020-04-15",336,4,208,1087,5259,0.728085187297965,8430,33136,288,655,81,3279,19,1286,44,19
"304","2020-04-16",342,4,231,1078,5259,0.728085187297965,8430,33136,288,655,71,3350,29,1315,41,29
"305","2020-04-17",320,4,233,1054,5259,0.728085187297965,8430,33136,288,655,87,3437,28,1343,38,28
"306","2020-04-18",343,4,224,1024,5259,0.728085187297965,8430,33136,288,655,82,3519,18,1361,44,18
"307","2020-04-19",344,4,236,1019,5259,0.728085187297965,8430,33136,288,655,77,3596,27,1388,35,27
"308","2020-04-20",331,4,252,983,5259,0.728085187297965,8430,33136,288,655,76,3672,33,1421,47,33
"309","2020-04-21",321,4,253,960,5259,0.728085187297965,8430,33136,288,655,72,3744,38,1459,39,38
"310","2020-04-22",326,4,242,946,5259,0.728085187297965,8430,33136,288,655,70,3814,59,1518,37,59
"311","2020-04-23",319,4,238,958,5259,0.728085187297965,8430,33136,288,655,59,3873,60,1578,30,60
"312","2020-04-24",358,4,220,935,5259,0.728085187297965,8430,33136,288,655,73,3946,69,1647,44,69
"313","2020-04-25",350,4,197,904,5259,0.728085187297965,8430,33136,288,655,78,4024,50,1697,42,50
"314","2020-04-26",344,4,174,871,5259,0.728085187297965,8430,33136,288,655,79,4103,20,1717,45,20
"315","2020-04-27",341,4,166,838,5259,0.728085187297965,8430,33136,288,655,62,4165,22,1739,36,22
"316","2020-04-28",325,4,183,801,5259,0.728085187297965,8430,33136,288,655,85,4250,39,1778,47,39
"317","2020-04-29",315,4,180,772,5259,0.728085187297965,8430,33136,288,655,62,4312,22,1800,30,22
"318","2020-04-30",315,4,167,762,5259,0.728085187297965,8430,33136,288,655,63,4375,19,1819,35,19
"319","2020-05-01",285,4,136,724,5259,0.728085187297965,8430,33136,288,655,72,4447,15,1834,36,15
"320","2020-05-02",274,4,136,687,5259,0.728085187297965,8430,33136,288,655,55,4502,61,1895,24,61
"321","2020-05-03",244,4,168,670,5259,0.728085187297965,8430,33136,288,655,66,4568,74,1969,31,74
"322","2020-05-04",233,4,176,651,5259,0.728085187297965,8430,33136,288,655,65,4633,54,2023,31,54
"323","2020-05-05",219,4,174,632,5259,0.728085187297965,8430,33136,288,655,63,4696,53,2076,29,53
"324","2020-05-06",211,4,218,605,5259,0.728085187297965,8430,33136,288,655,70,4766,24,2100,31,24
"325","2020-05-07",198,4,236,583,5259,0.728085187297965,8430,33136,288,655,67,4833,20,2120,35,20
"326","2020-05-08",205,4,228,569,5259,0.728085187297965,8430,33136,288,655,50,4883,25,2145,23,25
"327","2020-05-09",203,4,254,556,5259,0.728085187297965,8430,33136,288,655,52,4935,27,2172,26,27
"328","2020-05-10",174,4,256,533,5259,0.728085187297965,8430,33136,288,655,50,4985,40,2212,21,40
"329","2020-05-11",166,4,251,514,5259,0.728085187297965,8430,33136,288,655,52,5037,35,2247,27,35
"330","2020-05-12",164,4,264,509,5259,0.728085187297965,8430,33136,288,655,48,5085,59,2306,25,59
"331","2020-05-13",169,4,264,481,5259,0.728085187297965,8430,33136,288,655,41,5126,34,2340,19,34
"332","2020-05-14",167,4,253,456,5259,0.728085187297965,8430,33136,288,655,39,5165,19,2359,21,19
"333","2020-05-15",166,4,257,459,5259,0.728085187297965,8430,33136,288,655,49,5214,35,2394,19,35
"334","2020-05-16",153,4,254,441,5259,0.728085187297965,8430,33136,288,655,42,5256,48,2442,16,48
"335","2020-05-17",147,4,226,435,5259,0.728085187297965,8430,33136,288,655,33,5289,75,2517,14,75
"336","2020-05-18",150,4,205,411,5259,0.728085187297965,8430,33136,288,655,50,5339,59,2576,29,59
"337","2020-05-19",149,4,183,403,5259,0.728085187297965,8430,33136,288,655,28,5367,33,2609,13,33
"338","2020-05-20",138,4,164,392,5259,0.728085187297965,8430,33136,288,655,31,5398,74,2683,21,74
"339","2020-05-21",135,4,148,368,5259,0.728085187297965,8430,33136,288,655,38,5436,35,2718,24,35
"340","2020-05-22",129,4,190,352,5259,0.728085187297965,8430,33136,288,655,35,5471,30,2748,18,30
"341","2020-05-23",137,4,192,329,5259,0.728085187297965,8430,33136,288,655,22,5493,28,2776,13,28
"342","2020-05-24",126,4,158,333,5259,0.728085187297965,8430,33136,288,655,31,5524,53,2829,10,53
"343","2020-05-25",110,4,143,320,5259,0.728085187297965,8430,33136,288,655,22,5546,41,2870,11,41
"344","2020-05-26",105,4,124,294,5259,0.728085187297965,8430,33136,288,655,25,5571,23,2893,15,23
"345","2020-05-27",102,4,117,283,5259,0.728085187297965,8430,33136,288,655,29,5600,19,2912,15,19
"346","2020-05-28",100,4,114,268,5259,0.728085187297965,8430,33136,288,655,16,5616,15,2927,11,15
"347","2020-05-29",94,4,137,255,5259,0.728085187297965,8430,33136,288,655,25,5641,19,2946,16,19
"348","2020-05-30",92,4,135,237,5259,0.728085187297965,8430,33136,288,655,26,5667,16,2962,8,16
"349","2020-05-31",85,4,136,241,5259,0.728085187297965,8430,33136,288,655,15,5682,65,3027,6,65
"350","2020-06-01",86,4,127,243,5259,0.728085187297965,8430,33136,288,655,20,5702,69,3096,12,69
"351","2020-06-02",80,4,136,231,5259,0.728085187297965,8430,33136,288,655,19,5721,37,3133,10,37
"352","2020-06-03",79,4,138,228,5259,0.728085187297965,8430,33136,288,655,25,5746,54,3187,14,54
"353","2020-06-04",75,4,123,212,5259,0.728085187297965,8430,33136,288,655,15,5761,46,3233,8,46
"354","2020-06-05",76,4,111,207,5259,0.728085187297965,8430,33136,288,655,21,5782,26,3259,15,26
"355","2020-06-06",72,4,129,205,5259,0.728085187297965,8430,33136,288,655,11,5793,39,3298,8,39
"356","2020-06-07",76,4,129,200,5259,0.728085187297965,8430,33136,288,655,14,5807,36,3334,8,36
"357","2020-03-07",1,5,0,0,5650,0.660176991150442,8370,33578,350,557,NA,NA,NA,NA,NA,NA
"358","2020-03-08",2,5,0,0,5650,0.660176991150442,8370,33578,350,557,NA,NA,NA,NA,NA,NA
"359","2020-03-09",1,5,0,0,5650,0.660176991150442,8370,33578,350,557,NA,NA,NA,NA,NA,NA
"360","2020-03-10",0,5,0,0,5650,0.660176991150442,8370,33578,350,557,NA,NA,NA,NA,NA,NA
"361","2020-03-11",0,5,0,0,5650,0.660176991150442,8370,33578,350,557,11,11,9,9,NA,9
"362","2020-03-12",0,5,0,0,5650,0.660176991150442,8370,33578,350,557,15,26,6,15,1,6
"363","2020-03-13",2,5,19,72,5650,0.660176991150442,8370,33578,350,557,15,41,6,21,2,6
"364","2020-03-14",5,5,41,97,5650,0.660176991150442,8370,33578,350,557,13,54,9,30,4,9
"365","2020-03-15",13,5,46,127,5650,0.660176991150442,8370,33578,350,557,26,80,10,40,12,10
"366","2020-03-16",14,5,42,184,5650,0.660176991150442,8370,33578,350,557,24,104,4,44,13,4
"367","2020-03-17",17,5,49,224,5650,0.660176991150442,8370,33578,350,557,17,121,3,47,11,3
"368","2020-03-18",29,5,59,277,5650,0.660176991150442,8370,33578,350,557,38,159,5,52,27,5
"369","2020-03-19",33,5,72,328,5650,0.660176991150442,8370,33578,350,557,34,193,9,61,28,9
"370","2020-03-20",47,5,76,371,5650,0.660176991150442,8370,33578,350,557,39,232,29,90,27,29
"371","2020-03-21",58,5,93,408,5650,0.660176991150442,8370,33578,350,557,34,266,32,122,28,32
"372","2020-03-22",90,5,106,470,5650,0.660176991150442,8370,33578,350,557,55,321,34,156,41,34
"373","2020-03-23",106,5,109,533,5650,0.660176991150442,8370,33578,350,557,62,383,27,183,45,27
"374","2020-03-24",113,5,125,592,5650,0.660176991150442,8370,33578,350,557,66,449,18,201,54,18
"375","2020-03-25",127,5,134,628,5650,0.660176991150442,8370,33578,350,557,54,503,22,223,47,22
"376","2020-03-26",145,5,149,681,5650,0.660176991150442,8370,33578,350,557,75,578,28,251,70,28
"377","2020-03-27",190,5,145,727,5650,0.660176991150442,8370,33578,350,557,89,667,25,276,79,25
"378","2020-03-28",213,5,116,804,5650,0.660176991150442,8370,33578,350,557,101,768,25,301,89,25
"379","2020-03-29",233,5,108,874,5650,0.660176991150442,8370,33578,350,557,99,867,23,324,83,23
"380","2020-03-30",245,5,107,946,5650,0.660176991150442,8370,33578,350,557,90,957,17,341,82,17
"381","2020-03-31",248,5,111,985,5650,0.660176991150442,8370,33578,350,557,111,1068,49,390,91,49
"382","2020-04-01",271,5,118,1005,5650,0.660176991150442,8370,33578,350,557,153,1221,46,436,140,46
"383","2020-04-02",283,5,108,1054,5650,0.660176991150442,8370,33578,350,557,141,1362,50,486,128,50
"384","2020-04-03",334,5,101,1088,5650,0.660176991150442,8370,33578,350,557,131,1493,34,520,117,34
"385","2020-04-04",351,5,115,1149,5650,0.660176991150442,8370,33578,350,557,152,1645,33,553,138,33
"386","2020-04-05",349,5,123,1191,5650,0.660176991150442,8370,33578,350,557,133,1778,27,580,122,27
"387","2020-04-06",352,5,142,1246,5650,0.660176991150442,8370,33578,350,557,163,1941,40,620,147,40
"388","2020-04-07",361,5,130,1284,5650,0.660176991150442,8370,33578,350,557,178,2119,39,659,165,39
"389","2020-04-08",362,5,117,1308,5650,0.660176991150442,8370,33578,350,557,152,2271,38,697,140,38
"390","2020-04-09",370,5,137,1333,5650,0.660176991150442,8370,33578,350,557,194,2465,22,719,187,22
"391","2020-04-10",424,5,113,1379,5650,0.660176991150442,8370,33578,350,557,151,2616,28,747,140,28
"392","2020-04-11",460,5,139,1355,5650,0.660176991150442,8370,33578,350,557,157,2773,26,773,149,26
"393","2020-04-12",455,5,141,1363,5650,0.660176991150442,8370,33578,350,557,172,2945,25,798,159,25
"394","2020-04-13",461,5,137,1335,5650,0.660176991150442,8370,33578,350,557,198,3143,27,825,187,27
"395","2020-04-14",442,5,156,1325,5650,0.660176991150442,8370,33578,350,557,137,3280,25,850,124,25
"396","2020-04-15",430,5,179,1299,5650,0.660176991150442,8370,33578,350,557,148,3428,23,873,136,23
"397","2020-04-16",432,5,169,1302,5650,0.660176991150442,8370,33578,350,557,188,3616,39,912,172,39
"398","2020-04-17",471,5,159,1292,5650,0.660176991150442,8370,33578,350,557,157,3773,46,958,146,46
"399","2020-04-18",449,5,152,1233,5650,0.660176991150442,8370,33578,350,557,170,3943,70,1028,160,70
"400","2020-04-19",401,5,168,1197,5650,0.660176991150442,8370,33578,350,557,166,4109,58,1086,158,59
"401","2020-04-20",395,5,179,1166,5650,0.660176991150442,8370,33578,350,557,149,4258,41,1127,137,41
"402","2020-04-21",383,5,187,1141,5650,0.660176991150442,8370,33578,350,557,104,4362,39,1166,93,39
"403","2020-04-22",392,5,189,1107,5650,0.660176991150442,8370,33578,350,557,103,4465,48,1214,93,48
"404","2020-04-23",388,5,179,1061,5650,0.660176991150442,8370,33578,350,557,113,4578,46,1260,101,46
"405","2020-04-24",346,5,153,1017,5650,0.660176991150442,8370,33578,350,557,102,4680,38,1298,93,38
"406","2020-04-25",334,5,133,985,5650,0.660176991150442,8370,33578,350,557,112,4792,43,1341,101,43
"407","2020-04-26",325,5,127,948,5650,0.660176991150442,8370,33578,350,557,101,4893,31,1372,94,31
"408","2020-04-27",314,5,125,921,5650,0.660176991150442,8370,33578,350,557,82,4975,22,1394,74,22
"409","2020-04-28",305,5,129,879,5650,0.660176991150442,8370,33578,350,557,86,5061,21,1415,75,21
"410","2020-04-29",284,5,147,810,5650,0.660176991150442,8370,33578,350,557,69,5130,32,1447,62,32
"411","2020-04-30",282,5,141,783,5650,0.660176991150442,8370,33578,350,557,63,5193,25,1472,55,25
"412","2020-05-01",292,5,132,770,5650,0.660176991150442,8370,33578,350,557,50,5243,46,1518,42,46
"413","2020-05-02",280,5,157,746,5650,0.660176991150442,8370,33578,350,557,73,5316,43,1561,58,43
"414","2020-05-03",284,5,163,717,5650,0.660176991150442,8370,33578,350,557,51,5367,40,1601,45,40
"415","2020-05-04",267,5,170,701,5650,0.660176991150442,8370,33578,350,557,57,5424,51,1652,46,51
"416","2020-05-05",249,5,181,671,5650,0.660176991150442,8370,33578,350,557,47,5471,51,1703,39,51
"417","2020-05-06",254,5,165,655,5650,0.660176991150442,8370,33578,350,557,46,5517,27,1730,43,27
"418","2020-05-07",241,5,182,631,5650,0.660176991150442,8370,33578,350,557,34,5551,15,1745,30,15
"419","2020-05-08",239,5,170,587,5650,0.660176991150442,8370,33578,350,557,41,5592,16,1761,33,16
"420","2020-05-09",238,5,157,551,5650,0.660176991150442,8370,33578,350,557,33,5625,34,1795,24,34
"421","2020-05-10",197,5,142,526,5650,0.660176991150442,8370,33578,350,557,23,5648,27,1822,18,27
"422","2020-05-11",192,5,125,514,5650,0.660176991150442,8370,33578,350,557,27,5675,20,1842,23,20
"423","2020-05-12",182,5,134,493,5650,0.660176991150442,8370,33578,350,557,18,5693,42,1884,17,42
"424","2020-05-13",168,5,127,476,5650,0.660176991150442,8370,33578,350,557,25,5718,33,1917,25,33
"425","2020-05-14",159,5,115,443,5650,0.660176991150442,8370,33578,350,557,26,5744,22,1939,21,22
"426","2020-05-15",145,5,125,421,5650,0.660176991150442,8370,33578,350,557,23,5767,41,1980,16,41
"427","2020-05-16",133,5,139,405,5650,0.660176991150442,8370,33578,350,557,9,5776,31,2011,3,31
"428","2020-05-17",145,5,143,385,5650,0.660176991150442,8370,33578,350,557,12,5788,41,2052,10,41
"429","2020-05-18",144,5,151,353,5650,0.660176991150442,8370,33578,350,557,18,5806,34,2086,15,34
"430","2020-05-19",140,5,162,335,5650,0.660176991150442,8370,33578,350,557,11,5817,35,2121,9,35
"431","2020-05-20",132,5,161,324,5650,0.660176991150442,8370,33578,350,557,11,5828,39,2160,6,39
"432","2020-05-21",127,5,157,306,5650,0.660176991150442,8370,33578,350,557,14,5842,26,2186,10,26
"433","2020-05-22",133,5,157,290,5650,0.660176991150442,8370,33578,350,557,4,5846,27,2213,4,27
"434","2020-05-23",133,5,154,287,5650,0.660176991150442,8370,33578,350,557,10,5856,21,2234,6,21
"435","2020-05-24",94,5,135,271,5650,0.660176991150442,8370,33578,350,557,15,5871,32,2266,12,32
"436","2020-05-25",87,5,153,252,5650,0.660176991150442,8370,33578,350,557,8,5879,54,2320,7,54
"437","2020-05-26",84,5,151,247,5650,0.660176991150442,8370,33578,350,557,15,5894,54,2374,6,54
"438","2020-05-27",84,5,153,217,5650,0.660176991150442,8370,33578,350,557,7,5901,30,2404,5,30
"439","2020-05-28",84,5,146,215,5650,0.660176991150442,8370,33578,350,557,7,5908,32,2436,4,32
"440","2020-05-29",76,5,146,200,5650,0.660176991150442,8370,33578,350,557,8,5916,28,2464,7,28
"441","2020-05-30",73,5,132,190,5650,0.660176991150442,8370,33578,350,557,3,5919,39,2503,1,39
"442","2020-05-31",75,5,135,187,5650,0.660176991150442,8370,33578,350,557,6,5925,18,2521,3,18
"443","2020-06-01",75,5,125,189,5650,0.660176991150442,8370,33578,350,557,3,5928,23,2544,2,23
"444","2020-06-02",69,5,111,176,5650,0.660176991150442,8370,33578,350,557,6,5934,19,2563,4,19
"445","2020-06-03",65,5,106,169,5650,0.660176991150442,8370,33578,350,557,6,5940,9,2572,4,9
"446","2020-06-04",59,5,106,159,5650,0.660176991150442,8370,33578,350,557,6,5946,21,2593,4,21
"447","2020-06-05",59,5,106,149,5650,0.660176991150442,8370,33578,350,557,3,5949,16,2609,2,16
"448","2020-06-06",61,5,95,140,5650,0.660176991150442,8370,33578,350,557,3,5952,10,2619,2,10
"449","2020-06-07",56,5,76,126,5650,0.660176991150442,8370,33578,350,557,4,5956,17,2636,3,17
"450","2020-03-13",1,6,91,79,5516,0.726794778825236,8325,34105,355,1113,31,77,32,94,5,32
"451","2020-03-14",3,6,128,113,5516,0.726794778825236,8325,34105,355,1113,35,112,14,108,5,14
"452","2020-03-15",13,6,124,155,5516,0.726794778825236,8325,34105,355,1113,42,154,29,137,9,29
"453","2020-03-16",17,6,120,188,5516,0.726794778825236,8325,34105,355,1113,38,192,25,162,14,25
"454","2020-03-17",22,6,114,241,5516,0.726794778825236,8325,34105,355,1113,47,239,25,187,26,25
"455","2020-03-18",28,6,134,286,5516,0.726794778825236,8325,34105,355,1113,53,292,12,199,32,12
"456","2020-03-19",36,6,155,333,5516,0.726794778825236,8325,34105,355,1113,51,343,16,215,31,16
"457","2020-03-20",62,6,155,396,5516,0.726794778825236,8325,34105,355,1113,57,400,8,223,38,8
"458","2020-03-21",82,6,141,441,5516,0.726794778825236,8325,34105,355,1113,91,491,11,234,55,11
"459","2020-03-22",101,6,121,490,5516,0.726794778825236,8325,34105,355,1113,65,556,12,246,48,12
"460","2020-03-23",117,6,110,535,5516,0.726794778825236,8325,34105,355,1113,77,633,34,280,55,34
"461","2020-03-24",127,6,109,592,5516,0.726794778825236,8325,34105,355,1113,98,731,24,304,71,24
"462","2020-03-25",151,6,135,650,5516,0.726794778825236,8325,34105,355,1113,98,829,17,321,76,17
"463","2020-03-26",175,6,144,714,5516,0.726794778825236,8325,34105,355,1113,116,945,16,337,97,16
"464","2020-03-27",214,6,164,768,5516,0.726794778825236,8325,34105,355,1113,92,1037,16,353,71,16
"465","2020-03-28",243,6,170,787,5516,0.726794778825236,8325,34105,355,1113,132,1169,51,404,108,51
"466","2020-03-29",255,6,185,840,5516,0.726794778825236,8325,34105,355,1113,146,1315,30,434,119,30
"467","2020-03-30",259,6,178,885,5516,0.726794778825236,8325,34105,355,1113,100,1415,52,486,75,52
"468","2020-03-31",257,6,184,918,5516,0.726794778825236,8325,34105,355,1113,131,1546,32,518,102,32
"469","2020-04-01",246,6,164,945,5516,0.726794778825236,8325,34105,355,1113,110,1656,32,550,85,32
"470","2020-04-02",262,6,152,996,5516,0.726794778825236,8325,34105,355,1113,124,1780,49,599,97,49
"471","2020-04-03",329,6,164,1015,5516,0.726794778825236,8325,34105,355,1113,121,1901,50,649,87,50
"472","2020-04-04",325,6,187,1048,5516,0.726794778825236,8325,34105,355,1113,116,2017,54,703,93,54
"473","2020-04-05",322,6,225,1059,5516,0.726794778825236,8325,34105,355,1113,120,2137,62,765,85,62
"474","2020-04-06",314,6,272,1077,5516,0.726794778825236,8325,34105,355,1113,126,2263,55,820,110,55
"475","2020-04-07",322,6,245,1096,5516,0.726794778825236,8325,34105,355,1113,105,2368,51,871,76,51
"476","2020-04-08",343,6,220,1136,5516,0.726794778825236,8325,34105,355,1113,120,2488,38,909,94,38
"477","2020-04-09",344,6,199,1118,5516,0.726794778825236,8325,34105,355,1113,99,2587,62,971,76,62
"478","2020-04-10",386,6,218,1132,5516,0.726794778825236,8325,34105,355,1113,104,2691,42,1013,80,42
"479","2020-04-11",400,6,222,1152,5516,0.726794778825236,8325,34105,355,1113,108,2799,33,1046,81,33
"480","2020-04-12",380,6,203,1135,5516,0.726794778825236,8325,34105,355,1113,107,2906,23,1069,88,23
"481","2020-04-13",387,6,192,1134,5516,0.726794778825236,8325,34105,355,1113,118,3024,14,1083,85,14
"482","2020-04-14",384,6,214,1125,5516,0.726794778825236,8325,34105,355,1113,115,3139,12,1095,80,12
"483","2020-04-15",394,6,206,1086,5516,0.726794778825236,8325,34105,355,1113,111,3250,29,1124,93,29
"484","2020-04-16",385,6,183,1086,5516,0.726794778825236,8325,34105,355,1113,125,3375,48,1172,97,48
"485","2020-04-17",390,6,188,1080,5516,0.726794778825236,8325,34105,355,1113,102,3477,30,1202,68,30
"486","2020-04-18",389,6,200,1069,5516,0.726794778825236,8325,34105,355,1113,105,3582,20,1222,79,20
"487","2020-04-19",381,6,194,1050,5516,0.726794778825236,8325,34105,355,1113,93,3675,29,1251,67,29
"488","2020-04-20",371,6,204,1033,5516,0.726794778825236,8325,34105,355,1113,89,3764,32,1283,76,32
"489","2020-04-21",353,6,211,1028,5516,0.726794778825236,8325,34105,355,1113,91,3855,56,1339,75,56
"490","2020-04-22",350,6,198,1008,5516,0.726794778825236,8325,34105,355,1113,111,3966,33,1372,83,33
"491","2020-04-23",350,6,173,965,5516,0.726794778825236,8325,34105,355,1113,84,4050,36,1408,64,36
"492","2020-04-24",344,6,175,930,5516,0.726794778825236,8325,34105,355,1113,82,4132,41,1449,56,41
"493","2020-04-25",343,6,162,913,5516,0.726794778825236,8325,34105,355,1113,77,4209,34,1483,63,34
"494","2020-04-26",319,6,168,900,5516,0.726794778825236,8325,34105,355,1113,82,4291,31,1514,59,31
"495","2020-04-27",327,6,164,895,5516,0.726794778825236,8325,34105,355,1113,71,4362,39,1553,53,39
"496","2020-04-28",316,6,161,877,5516,0.726794778825236,8325,34105,355,1113,59,4421,57,1610,45,57
"497","2020-04-29",310,6,147,848,5516,0.726794778825236,8325,34105,355,1113,57,4478,23,1633,38,23
"498","2020-04-30",290,6,151,808,5516,0.726794778825236,8325,34105,355,1113,58,4536,36,1669,44,36
"499","2020-05-01",293,6,190,808,5516,0.726794778825236,8325,34105,355,1113,48,4584,39,1708,29,39
"500","2020-05-02",275,6,174,797,5516,0.726794778825236,8325,34105,355,1113,62,4646,48,1756,38,48
"501","2020-05-03",256,6,154,766,5516,0.726794778825236,8325,34105,355,1113,48,4694,18,1774,28,18
"502","2020-05-04",249,6,152,737,5516,0.726794778825236,8325,34105,355,1113,41,4735,20,1794,26,20
"503","2020-05-05",238,6,133,732,5516,0.726794778825236,8325,34105,355,1113,63,4798,12,1806,45,12
"504","2020-05-06",231,6,132,722,5516,0.726794778825236,8325,34105,355,1113,58,4856,13,1819,30,13
"505","2020-05-07",235,6,130,700,5516,0.726794778825236,8325,34105,355,1113,46,4902,14,1833,35,14
"506","2020-05-08",248,6,112,695,5516,0.726794778825236,8325,34105,355,1113,37,4939,41,1874,18,41
"507","2020-05-09",275,6,102,666,5516,0.726794778825236,8325,34105,355,1113,33,4972,43,1917,26,43
"508","2020-05-10",245,6,132,633,5516,0.726794778825236,8325,34105,355,1113,34,5006,31,1948,18,31
"509","2020-05-11",230,6,152,603,5516,0.726794778825236,8325,34105,355,1113,28,5034,58,2006,19,58
"510","2020-05-12",218,6,211,592,5516,0.726794778825236,8325,34105,355,1113,25,5059,37,2043,17,37
"511","2020-05-13",211,6,218,570,5516,0.726794778825236,8325,34105,355,1113,32,5091,35,2078,16,35
"512","2020-05-14",203,6,215,536,5516,0.726794778825236,8325,34105,355,1113,22,5113,63,2141,11,63
"513","2020-05-15",203,6,219,509,5516,0.726794778825236,8325,34105,355,1113,22,5135,31,2172,14,31
"514","2020-05-16",175,6,225,481,5516,0.726794778825236,8325,34105,355,1113,38,5173,20,2192,24,20
"515","2020-05-17",166,6,212,460,5516,0.726794778825236,8325,34105,355,1113,28,5201,14,2206,20,14
"516","2020-05-18",164,6,194,443,5516,0.726794778825236,8325,34105,355,1113,22,5223,12,2218,11,12
"517","2020-05-19",173,6,184,427,5516,0.726794778825236,8325,34105,355,1113,22,5245,7,2225,10,7
"518","2020-05-20",161,6,179,422,5516,0.726794778825236,8325,34105,355,1113,18,5263,8,2233,11,8
"519","2020-05-21",164,6,222,400,5516,0.726794778825236,8325,34105,355,1113,14,5277,6,2239,7,6
"520","2020-05-22",148,6,204,378,5516,0.726794778825236,8325,34105,355,1113,18,5295,7,2246,5,7
"521","2020-05-23",156,6,225,363,5516,0.726794778825236,8325,34105,355,1113,24,5319,9,2255,9,9
"522","2020-05-24",142,6,235,353,5516,0.726794778825236,8325,34105,355,1113,31,5350,8,2263,14,8
"523","2020-05-25",133,6,232,323,5516,0.726794778825236,8325,34105,355,1113,11,5361,6,2269,5,6
"524","2020-05-26",115,6,228,297,5516,0.726794778825236,8325,34105,355,1113,16,5377,55,2324,6,55
"525","2020-05-27",114,6,215,281,5516,0.726794778825236,8325,34105,355,1113,12,5389,40,2364,7,40
"526","2020-05-28",105,6,195,283,5516,0.726794778825236,8325,34105,355,1113,19,5408,28,2392,9,28
"527","2020-05-29",104,6,163,266,5516,0.726794778825236,8325,34105,355,1113,13,5421,11,2403,7,11
"528","2020-05-30",96,6,136,258,5516,0.726794778825236,8325,34105,355,1113,19,5440,8,2411,7,8
"529","2020-05-31",87,6,131,245,5516,0.726794778825236,8325,34105,355,1113,12,5452,33,2444,6,33
"530","2020-06-01",86,6,168,223,5516,0.726794778825236,8325,34105,355,1113,12,5464,31,2475,5,31
"531","2020-06-02",87,6,177,217,5516,0.726794778825236,8325,34105,355,1113,13,5477,31,2506,6,31
"532","2020-06-03",80,6,170,205,5516,0.726794778825236,8325,34105,355,1113,13,5490,25,2531,7,25
"533","2020-06-04",75,6,164,198,5516,0.726794778825236,8325,34105,355,1113,11,5501,15,2546,6,15
"534","2020-06-05",79,6,148,183,5516,0.726794778825236,8325,34105,355,1113,11,5512,28,2574,4,28
"535","2020-06-06",66,6,156,177,5516,0.726794778825236,8325,34105,355,1113,12,5524,14,2588,8,14
"536","2020-06-07",54,6,145,168,5516,0.726794778825236,8325,34105,355,1113,5,5529,12,2600,2,12
"537","2020-03-12",2,7,30,97,5871,0.40044285470959,8355,36190,323,467,14,26,9,21,1,9
"538","2020-03-13",14,7,44,144,5871,0.40044285470959,8355,36190,323,467,21,47,10,31,4,10
"539","2020-03-14",22,7,31,183,5871,0.40044285470959,8355,36190,323,467,18,65,10,41,10,10
"540","2020-03-15",30,7,36,237,5871,0.40044285470959,8355,36190,323,467,20,85,31,72,10,31
"541","2020-03-16",38,7,35,287,5871,0.40044285470959,8355,36190,323,467,35,120,40,112,14,40
"542","2020-03-17",42,7,40,360,5871,0.40044285470959,8355,36190,323,467,29,149,47,159,20,47
"543","2020-03-18",53,7,46,435,5871,0.40044285470959,8355,36190,323,467,40,189,47,206,26,47
"544","2020-03-19",62,7,57,477,5871,0.40044285470959,8355,36190,323,467,38,227,67,273,27,67
"545","2020-03-20",94,7,57,548,5871,0.40044285470959,8355,36190,323,467,47,274,50,323,30,50
"546","2020-03-21",123,7,68,597,5871,0.40044285470959,8355,36190,323,467,57,331,34,357,48,34
"547","2020-03-22",170,7,62,659,5871,0.40044285470959,8355,36190,323,467,37,368,26,383,29,26
"548","2020-03-23",181,7,67,731,5871,0.40044285470959,8355,36190,323,467,68,436,15,398,56,15
"549","2020-03-24",193,7,65,778,5871,0.40044285470959,8355,36190,323,467,64,500,13,411,50,13
"550","2020-03-25",214,7,64,817,5871,0.40044285470959,8355,36190,323,467,64,564,19,430,53,19
"551","2020-03-26",232,7,62,855,5871,0.40044285470959,8355,36190,323,467,85,649,12,442,72,12
"552","2020-03-27",295,7,53,893,5871,0.40044285470959,8355,36190,323,467,100,749,45,487,85,45
"553","2020-03-28",315,7,51,940,5871,0.40044285470959,8355,36190,323,467,122,871,11,498,109,11
"554","2020-03-29",301,7,58,978,5871,0.40044285470959,8355,36190,323,467,103,974,14,512,85,14
"555","2020-03-30",304,7,63,993,5871,0.40044285470959,8355,36190,323,467,118,1092,12,524,102,12
"556","2020-03-31",305,7,80,1028,5871,0.40044285470959,8355,36190,323,467,99,1191,13,537,87,13
"557","2020-04-01",312,7,89,1054,5871,0.40044285470959,8355,36190,323,467,131,1322,46,583,111,46
"558","2020-04-02",333,7,94,1078,5871,0.40044285470959,8355,36190,323,467,120,1442,19,602,109,19
"559","2020-04-03",381,7,98,1078,5871,0.40044285470959,8355,36190,323,467,114,1556,19,621,106,19
"560","2020-04-04",380,7,109,1076,5871,0.40044285470959,8355,36190,323,467,140,1696,21,642,124,21
"561","2020-04-05",353,7,114,1099,5871,0.40044285470959,8355,36190,323,467,132,1828,43,685,122,43
"562","2020-04-06",349,7,109,1090,5871,0.40044285470959,8355,36190,323,467,150,1978,29,714,135,29
"563","2020-04-07",355,7,126,1059,5871,0.40044285470959,8355,36190,323,467,165,2143,45,759,152,45
"564","2020-04-08",353,7,105,1057,5871,0.40044285470959,8355,36190,323,467,141,2284,30,789,131,30
"565","2020-04-09",331,7,98,1046,5871,0.40044285470959,8355,36190,323,467,141,2425,20,809,128,20
"566","2020-04-10",333,7,91,1026,5871,0.40044285470959,8355,36190,323,467,143,2568,37,846,126,37
"567","2020-04-11",349,7,106,1023,5871,0.40044285470959,8355,36190,323,467,174,2742,35,881,159,35
"568","2020-04-12",332,7,134,1025,5871,0.40044285470959,8355,36190,323,467,176,2918,21,902,164,21
"569","2020-04-13",322,7,142,1035,5871,0.40044285470959,8355,36190,323,467,138,3056,13,915,122,13
"570","2020-04-14",304,7,144,1018,5871,0.40044285470959,8355,36190,323,467,165,3221,38,953,148,38
"571","2020-04-15",310,7,130,1015,5871,0.40044285470959,8355,36190,323,467,138,3359,25,978,125,25
"572","2020-04-16",332,7,119,1000,5871,0.40044285470959,8355,36190,323,467,140,3499,13,991,128,13
"573","2020-04-17",357,7,116,1004,5871,0.40044285470959,8355,36190,323,467,133,3632,8,999,116,8
"574","2020-04-18",361,7,98,989,5871,0.40044285470959,8355,36190,323,467,140,3772,8,1007,124,8
"575","2020-04-19",334,7,86,973,5871,0.40044285470959,8355,36190,323,467,158,3930,11,1018,149,11
"576","2020-04-20",333,7,94,971,5871,0.40044285470959,8355,36190,323,467,154,4084,61,1079,141,61
"577","2020-04-21",326,7,131,960,5871,0.40044285470959,8355,36190,323,467,125,4209,26,1105,116,26
"578","2020-04-22",322,7,154,942,5871,0.40044285470959,8355,36190,323,467,148,4357,42,1147,135,42
"579","2020-04-23",310,7,158,922,5871,0.40044285470959,8355,36190,323,467,110,4467,30,1177,94,30
"580","2020-04-24",331,7,180,905,5871,0.40044285470959,8355,36190,323,467,131,4598,14,1191,119,14
"581","2020-04-25",328,7,190,902,5871,0.40044285470959,8355,36190,323,467,108,4706,10,1201,100,10
"582","2020-04-26",314,7,171,895,5871,0.40044285470959,8355,36190,323,467,96,4802,15,1216,91,15
"583","2020-04-27",301,7,155,866,5871,0.40044285470959,8355,36190,323,467,77,4879,16,1232,67,16
"584","2020-04-28",295,7,130,847,5871,0.40044285470959,8355,36190,323,467,79,4958,65,1297,73,65
"585","2020-04-29",282,7,110,828,5871,0.40044285470959,8355,36190,323,467,55,5013,44,1341,49,44
"586","2020-04-30",268,7,102,789,5871,0.40044285470959,8355,36190,323,467,62,5075,47,1388,55,47
"587","2020-05-01",265,7,100,782,5871,0.40044285470959,8355,36190,323,467,62,5137,51,1439,54,51
"588","2020-05-02",246,7,111,763,5871,0.40044285470959,8355,36190,323,467,51,5188,52,1491,44,52
"589","2020-05-03",234,7,113,750,5871,0.40044285470959,8355,36190,323,467,67,5255,45,1536,58,45
"590","2020-05-04",234,7,129,713,5871,0.40044285470959,8355,36190,323,467,47,5302,32,1568,37,32
"591","2020-05-05",229,7,139,695,5871,0.40044285470959,8355,36190,323,467,31,5333,12,1580,29,12
"592","2020-05-06",227,7,135,676,5871,0.40044285470959,8355,36190,323,467,52,5385,25,1605,44,25
"593","2020-05-07",227,7,138,656,5871,0.40044285470959,8355,36190,323,467,30,5415,42,1647,25,42
"594","2020-05-08",231,7,129,642,5871,0.40044285470959,8355,36190,323,467,34,5449,48,1695,29,48
"595","2020-05-09",244,7,129,626,5871,0.40044285470959,8355,36190,323,467,31,5480,73,1768,19,73
"596","2020-05-10",216,7,152,591,5871,0.40044285470959,8355,36190,323,467,23,5503,35,1803,19,35
"597","2020-05-11",209,7,164,589,5871,0.40044285470959,8355,36190,323,467,28,5531,40,1843,23,40
"598","2020-05-12",197,7,161,564,5871,0.40044285470959,8355,36190,323,467,27,5558,45,1888,19,45
"599","2020-05-13",201,7,139,538,5871,0.40044285470959,8355,36190,323,467,20,5578,46,1934,14,46
"600","2020-05-14",194,7,117,518,5871,0.40044285470959,8355,36190,323,467,21,5599,27,1961,20,27
"601","2020-05-15",177,7,94,484,5871,0.40044285470959,8355,36190,323,467,21,5620,25,1986,16,25
"602","2020-05-16",181,7,92,463,5871,0.40044285470959,8355,36190,323,467,18,5638,18,2004,12,18
"603","2020-05-17",160,7,87,453,5871,0.40044285470959,8355,36190,323,467,8,5646,12,2016,6,12
"604","2020-05-18",156,7,84,444,5871,0.40044285470959,8355,36190,323,467,11,5657,3,2019,10,3
"605","2020-05-19",158,7,106,435,5871,0.40044285470959,8355,36190,323,467,8,5665,13,2032,5,13
"606","2020-05-20",149,7,116,414,5871,0.40044285470959,8355,36190,323,467,18,5683,43,2075,9,43
"607","2020-05-21",153,7,114,420,5871,0.40044285470959,8355,36190,323,467,14,5697,48,2123,12,48
"608","2020-05-22",148,7,123,405,5871,0.40044285470959,8355,36190,323,467,8,5705,36,2159,6,36
"609","2020-05-23",134,7,124,385,5871,0.40044285470959,8355,36190,323,467,9,5714,16,2175,4,16
"610","2020-05-24",132,7,127,396,5871,0.40044285470959,8355,36190,323,467,4,5718,15,2190,3,15
"611","2020-05-25",121,7,128,375,5871,0.40044285470959,8355,36190,323,467,7,5725,11,2201,4,11
"612","2020-05-26",116,7,123,368,5871,0.40044285470959,8355,36190,323,467,6,5731,7,2208,1,7
"613","2020-05-27",110,7,130,347,5871,0.40044285470959,8355,36190,323,467,9,5740,20,2228,5,20
"614","2020-05-28",93,7,135,342,5871,0.40044285470959,8355,36190,323,467,6,5746,12,2240,3,12
"615","2020-05-29",103,7,126,333,5871,0.40044285470959,8355,36190,323,467,10,5756,34,2274,3,34
"616","2020-05-30",106,7,120,322,5871,0.40044285470959,8355,36190,323,467,12,5768,20,2294,6,20
"617","2020-05-31",112,7,118,317,5871,0.40044285470959,8355,36190,323,467,11,5779,48,2342,8,48
"618","2020-06-01",115,7,102,296,5871,0.40044285470959,8355,36190,323,467,9,5788,23,2365,5,23
"619","2020-06-02",108,7,98,280,5871,0.40044285470959,8355,36190,323,467,9,5797,40,2405,5,40
"620","2020-06-03",105,7,99,268,5871,0.40044285470959,8355,36190,323,467,8,5805,16,2421,2,16
"621","2020-06-04",109,7,92,261,5871,0.40044285470959,8355,36190,323,467,4,5809,41,2462,3,41
"622","2020-06-05",98,7,88,263,5871,0.40044285470959,8355,36190,323,467,3,5812,25,2487,1,25
"623","2020-06-06",98,7,87,248,5871,0.40044285470959,8355,36190,323,467,8,5820,22,2509,2,22
"624","2020-06-07",90,7,86,220,5871,0.40044285470959,8355,36190,323,467,6,5826,27,2536,4,27
"625","2020-03-12",2,8,85,64,5937,0.591881421593397,8280,35794,323,1139,37,57,12,17,NA,12
"626","2020-03-13",8,8,110,98,5937,0.591881421593397,8280,35794,323,1139,41,98,10,27,4,10
"627","2020-03-14",15,8,141,143,5937,0.591881421593397,8280,35794,323,1139,28,126,22,49,3,22
"628","2020-03-15",17,8,154,181,5937,0.591881421593397,8280,35794,323,1139,39,165,12,61,8,12
"629","2020-03-16",19,8,144,237,5937,0.591881421593397,8280,35794,323,1139,41,206,6,67,17,6
"630","2020-03-17",28,8,176,294,5937,0.591881421593397,8280,35794,323,1139,35,241,5,72,18,5
"631","2020-03-18",39,8,190,345,5937,0.591881421593397,8280,35794,323,1139,45,286,5,77,17,5
"632","2020-03-19",47,8,204,403,5937,0.591881421593397,8280,35794,323,1139,51,337,12,89,20,12
"633","2020-03-20",70,8,223,460,5937,0.591881421593397,8280,35794,323,1139,44,381,8,97,25,8
"634","2020-03-21",103,8,210,526,5937,0.591881421593397,8280,35794,323,1139,59,440,12,109,35,12
"635","2020-03-22",131,8,202,584,5937,0.591881421593397,8280,35794,323,1139,71,511,7,116,50,7
"636","2020-03-23",143,8,187,637,5937,0.591881421593397,8280,35794,323,1139,56,567,7,123,27,7
"637","2020-03-24",151,8,205,697,5937,0.591881421593397,8280,35794,323,1139,65,632,24,147,28,24
"638","2020-03-25",164,8,236,764,5937,0.591881421593397,8280,35794,323,1139,52,684,14,161,35,14
"639","2020-03-26",178,8,243,801,5937,0.591881421593397,8280,35794,323,1139,64,748,14,175,45,14
"640","2020-03-27",226,8,241,860,5937,0.591881421593397,8280,35794,323,1139,74,822,35,210,54,35
"641","2020-03-28",261,8,236,888,5937,0.591881421593397,8280,35794,323,1139,71,893,41,251,41,41
"642","2020-03-29",238,8,231,932,5937,0.591881421593397,8280,35794,323,1139,73,966,19,270,48,19
"643","2020-03-30",240,8,214,962,5937,0.591881421593397,8280,35794,323,1139,65,1031,20,290,38,20
"644","2020-03-31",259,8,196,989,5937,0.591881421593397,8280,35794,323,1139,71,1102,22,312,40,22
"645","2020-04-01",269,8,203,1020,5937,0.591881421593397,8280,35794,323,1139,86,1188,23,335,51,23
"646","2020-04-02",284,8,224,1028,5937,0.591881421593397,8280,35794,323,1139,67,1255,23,358,41,23
"647","2020-04-03",347,8,234,1052,5937,0.591881421593397,8280,35794,323,1139,72,1327,13,371,38,13
"648","2020-04-04",334,8,220,1088,5937,0.591881421593397,8280,35794,323,1139,79,1406,6,377,50,6
"649","2020-04-05",363,8,254,1106,5937,0.591881421593397,8280,35794,323,1139,86,1492,9,386,54,9
"650","2020-04-06",364,8,291,1132,5937,0.591881421593397,8280,35794,323,1139,72,1564,34,420,53,34
"651","2020-04-07",354,8,277,1156,5937,0.591881421593397,8280,35794,323,1139,95,1659,21,441,59,21
"652","2020-04-08",368,8,255,1159,5937,0.591881421593397,8280,35794,323,1139,67,1726,20,461,37,20
"653","2020-04-09",361,8,228,1160,5937,0.591881421593397,8280,35794,323,1139,71,1797,20,481,46,20
"654","2020-04-10",422,8,260,1207,5937,0.591881421593397,8280,35794,323,1139,87,1884,20,501,54,20
"655","2020-04-11",443,8,290,1219,5937,0.591881421593397,8280,35794,323,1139,84,1968,25,526,52,25
"656","2020-04-12",388,8,290,1233,5937,0.591881421593397,8280,35794,323,1139,72,2040,24,550,45,24
"657","2020-04-13",382,8,292,1218,5937,0.591881421593397,8280,35794,323,1139,82,2122,32,582,51,32
"658","2020-04-14",383,8,276,1247,5937,0.591881421593397,8280,35794,323,1139,76,2198,57,639,48,57
"659","2020-04-15",380,8,252,1231,5937,0.591881421593397,8280,35794,323,1139,69,2267,45,684,47,45
"660","2020-04-16",393,8,246,1230,5937,0.591881421593397,8280,35794,323,1139,80,2347,45,729,61,45
"661","2020-04-17",405,8,225,1204,5937,0.591881421593397,8280,35794,323,1139,73,2420,29,758,48,29
"662","2020-04-18",398,8,210,1165,5937,0.591881421593397,8280,35794,323,1139,75,2495,42,800,55,42
"663","2020-04-19",384,8,234,1165,5937,0.591881421593397,8280,35794,323,1139,70,2565,46,846,45,46
"664","2020-04-20",379,8,228,1138,5937,0.591881421593397,8280,35794,323,1139,79,2644,24,870,45,24
"665","2020-04-21",371,8,226,1113,5937,0.591881421593397,8280,35794,323,1139,83,2727,31,901,59,31
"666","2020-04-22",366,8,228,1103,5937,0.591881421593397,8280,35794,323,1139,68,2795,38,939,43,38
"667","2020-04-23",357,8,242,1085,5937,0.591881421593397,8280,35794,323,1139,54,2849,42,981,29,42
"668","2020-04-24",384,8,273,1062,5937,0.591881421593397,8280,35794,323,1139,70,2919,52,1033,40,52
"669","2020-04-25",379,8,276,1016,5937,0.591881421593397,8280,35794,323,1139,58,2977,28,1061,36,28
"670","2020-04-26",356,8,315,993,5937,0.591881421593397,8280,35794,323,1139,55,3032,21,1082,34,21
"671","2020-04-27",350,8,321,969,5937,0.591881421593397,8280,35794,323,1139,57,3089,26,1108,29,26
"672","2020-04-28",338,8,323,945,5937,0.591881421593397,8280,35794,323,1139,50,3139,21,1129,22,21
"673","2020-04-29",330,8,303,920,5937,0.591881421593397,8280,35794,323,1139,48,3187,26,1155,24,26
"674","2020-04-30",316,8,322,893,5937,0.591881421593397,8280,35794,323,1139,63,3250,40,1195,35,40
"675","2020-05-01",303,8,315,863,5937,0.591881421593397,8280,35794,323,1139,50,3300,23,1218,30,23
"676","2020-05-02",291,8,290,809,5937,0.591881421593397,8280,35794,323,1139,60,3360,22,1240,39,22
"677","2020-05-03",266,8,274,793,5937,0.591881421593397,8280,35794,323,1139,54,3414,20,1260,31,20
"678","2020-05-04",263,8,290,755,5937,0.591881421593397,8280,35794,323,1139,49,3463,10,1270,33,10
"679","2020-05-05",258,8,288,729,5937,0.591881421593397,8280,35794,323,1139,50,3513,15,1285,20,15
"680","2020-05-06",259,8,267,730,5937,0.591881421593397,8280,35794,323,1139,56,3569,37,1322,32,37
"681","2020-05-07",263,8,265,715,5937,0.591881421593397,8280,35794,323,1139,44,3613,52,1374,30,52
"682","2020-05-08",239,8,261,679,5937,0.591881421593397,8280,35794,323,1139,50,3663,27,1401,21,27
"683","2020-05-09",254,8,268,680,5937,0.591881421593397,8280,35794,323,1139,46,3709,42,1443,26,42
"684","2020-05-10",238,8,259,654,5937,0.591881421593397,8280,35794,323,1139,35,3744,26,1469,18,26
"685","2020-05-11",219,8,241,634,5937,0.591881421593397,8280,35794,323,1139,48,3792,13,1482,27,13
"686","2020-05-12",219,8,234,611,5937,0.591881421593397,8280,35794,323,1139,37,3829,26,1508,19,26
"687","2020-05-13",202,8,220,574,5937,0.591881421593397,8280,35794,323,1139,39,3868,31,1539,18,31
"688","2020-05-14",188,8,255,549,5937,0.591881421593397,8280,35794,323,1139,50,3918,39,1578,29,39
"689","2020-05-15",185,8,306,529,5937,0.591881421593397,8280,35794,323,1139,40,3958,42,1620,18,42
"690","2020-05-16",178,8,329,498,5937,0.591881421593397,8280,35794,323,1139,28,3986,23,1643,16,23
"691","2020-05-17",161,8,317,481,5937,0.591881421593397,8280,35794,323,1139,50,4036,25,1668,26,25
"692","2020-05-18",161,8,297,440,5937,0.591881421593397,8280,35794,323,1139,21,4057,43,1711,12,43
"693","2020-05-19",153,8,286,411,5937,0.591881421593397,8280,35794,323,1139,32,4089,30,1741,16,31
"694","2020-05-20",153,8,271,388,5937,0.591881421593397,8280,35794,323,1139,35,4124,39,1780,15,39
"695","2020-05-21",159,8,268,375,5937,0.591881421593397,8280,35794,323,1139,33,4157,37,1817,15,37
"696","2020-05-22",161,8,260,358,5937,0.591881421593397,8280,35794,323,1139,24,4181,39,1856,12,39
"697","2020-05-23",149,8,247,344,5937,0.591881421593397,8280,35794,323,1139,33,4214,52,1908,17,52
"698","2020-05-24",132,8,242,337,5937,0.591881421593397,8280,35794,323,1139,15,4229,42,1950,8,42
"699","2020-05-25",126,8,261,327,5937,0.591881421593397,8280,35794,323,1139,22,4251,24,1974,10,24
"700","2020-05-26",120,8,272,303,5937,0.591881421593397,8280,35794,323,1139,24,4275,41,2015,10,41
"701","2020-05-27",115,8,289,286,5937,0.591881421593397,8280,35794,323,1139,26,4301,32,2047,14,32
"702","2020-05-28",103,8,294,258,5937,0.591881421593397,8280,35794,323,1139,13,4314,27,2074,6,27
"703","2020-05-29",92,8,308,244,5937,0.591881421593397,8280,35794,323,1139,22,4336,21,2095,9,21
"704","2020-05-30",89,8,283,240,5937,0.591881421593397,8280,35794,323,1139,17,4353,25,2120,11,25
"705","2020-05-31",89,8,274,224,5937,0.591881421593397,8280,35794,323,1139,25,4378,10,2130,13,10
"706","2020-06-01",84,8,268,212,5937,0.591881421593397,8280,35794,323,1139,13,4391,11,2141,8,11
"707","2020-06-02",77,8,242,191,5937,0.591881421593397,8280,35794,323,1139,15,4406,11,2152,8,11
"708","2020-06-03",71,8,224,184,5937,0.591881421593397,8280,35794,323,1139,18,4424,11,2163,12,11
"709","2020-06-04",73,8,219,181,5937,0.591881421593397,8280,35794,323,1139,12,4436,10,2173,4,10
"710","2020-06-05",66,8,219,169,5937,0.591881421593397,8280,35794,323,1139,15,4451,21,2194,8,21
"711","2020-06-06",67,8,226,164,5937,0.591881421593397,8280,35794,323,1139,12,4463,35,2229,7,35
"712","2020-06-07",62,8,226,164,5937,0.591881421593397,8280,35794,323,1139,10,4473,34,2263,3,34
"713","2020-03-14",1,9,81,56,6049,0.9386675483551,8280,30698,367,754,10,30,29,68,5,29
"714","2020-03-15",2,9,83,83,6049,0.9386675483551,8280,30698,367,754,15,45,16,84,12,16
"715","2020-03-16",3,9,114,110,6049,0.9386675483551,8280,30698,367,754,19,64,26,110,14,26
"716","2020-03-17",4,9,101,151,6049,0.9386675483551,8280,30698,367,754,25,89,22,132,22,22
"717","2020-03-18",10,9,120,188,6049,0.9386675483551,8280,30698,367,754,26,115,36,168,19,36
"718","2020-03-19",15,9,134,238,6049,0.9386675483551,8280,30698,367,754,35,150,35,203,30,35
"719","2020-03-20",28,9,156,285,6049,0.9386675483551,8280,30698,367,754,35,185,27,230,30,27
"720","2020-03-21",54,9,172,338,6049,0.9386675483551,8280,30698,367,754,31,216,23,253,27,23
"721","2020-03-22",63,9,183,404,6049,0.9386675483551,8280,30698,367,754,38,254,47,300,33,47
"722","2020-03-23",73,9,172,458,6049,0.9386675483551,8280,30698,367,754,53,307,56,356,47,56
"723","2020-03-24",88,9,181,553,6049,0.9386675483551,8280,30698,367,754,70,377,21,377,64,21
"724","2020-03-25",103,9,203,618,6049,0.9386675483551,8280,30698,367,754,58,435,18,395,54,18
"725","2020-03-26",131,9,198,701,6049,0.9386675483551,8280,30698,367,754,66,501,51,446,59,51
"726","2020-03-27",162,9,175,797,6049,0.9386675483551,8280,30698,367,754,66,567,40,486,63,40
"727","2020-03-28",228,9,180,867,6049,0.9386675483551,8280,30698,367,754,83,650,18,504,79,18
"728","2020-03-29",249,9,201,959,6049,0.9386675483551,8280,30698,367,754,75,725,16,520,67,16
"729","2020-03-30",247,9,212,1022,6049,0.9386675483551,8280,30698,367,754,101,826,23,543,91,23
"730","2020-03-31",270,9,200,1112,6049,0.9386675483551,8280,30698,367,754,79,905,54,597,77,54
"731","2020-04-01",294,9,182,1203,6049,0.9386675483551,8280,30698,367,754,100,1005,35,632,92,35
"732","2020-04-02",301,9,155,1329,6049,0.9386675483551,8280,30698,367,754,116,1121,47,679,110,47
"733","2020-04-03",411,9,136,1408,6049,0.9386675483551,8280,30698,367,754,123,1244,31,710,115,31
"734","2020-04-04",404,9,122,1486,6049,0.9386675483551,8280,30698,367,754,121,1365,44,754,110,44
"735","2020-04-05",438,9,123,1583,6049,0.9386675483551,8280,30698,367,754,140,1505,74,828,133,74
"736","2020-04-06",450,9,117,1680,6049,0.9386675483551,8280,30698,367,754,112,1617,31,859,110,31
"737","2020-04-07",455,9,115,1762,6049,0.9386675483551,8280,30698,367,754,131,1748,32,891,129,32
"738","2020-04-08",487,9,144,1797,6049,0.9386675483551,8280,30698,367,754,117,1865,52,943,108,52
"739","2020-04-09",502,9,144,1804,6049,0.9386675483551,8280,30698,367,754,164,2029,48,991,153,48
"740","2020-04-10",639,9,183,1861,6049,0.9386675483551,8280,30698,367,754,144,2173,20,1011,138,20
"741","2020-04-11",660,9,225,1891,6049,0.9386675483551,8280,30698,367,754,130,2303,15,1026,125,15
"742","2020-04-12",607,9,259,1898,6049,0.9386675483551,8280,30698,367,754,171,2474,35,1061,162,35
"743","2020-04-13",646,9,258,1921,6049,0.9386675483551,8280,30698,367,754,157,2631,21,1082,155,21
"744","2020-04-14",660,9,281,1893,6049,0.9386675483551,8280,30698,367,754,151,2782,51,1133,145,51
"745","2020-04-15",654,9,295,1899,6049,0.9386675483551,8280,30698,367,754,149,2931,43,1176,149,43
"746","2020-04-16",660,9,269,1864,6049,0.9386675483551,8280,30698,367,754,182,3113,35,1211,173,35
"747","2020-04-17",715,9,263,1797,6049,0.9386675483551,8280,30698,367,754,140,3253,40,1251,130,40
"748","2020-04-18",704,9,223,1739,6049,0.9386675483551,8280,30698,367,754,171,3424,42,1293,168,42
"749","2020-04-19",619,9,204,1662,6049,0.9386675483551,8280,30698,367,754,124,3548,33,1326,121,33
"750","2020-04-20",579,9,194,1586,6049,0.9386675483551,8280,30698,367,754,145,3693,44,1370,138,44
"751","2020-04-21",576,9,183,1530,6049,0.9386675483551,8280,30698,367,754,120,3813,68,1438,115,68
"752","2020-04-22",558,9,179,1439,6049,0.9386675483551,8280,30698,367,754,116,3929,53,1491,112,53
"753","2020-04-23",547,9,158,1338,6049,0.9386675483551,8280,30698,367,754,128,4057,62,1553,128,62
"754","2020-04-24",516,9,162,1258,6049,0.9386675483551,8280,30698,367,754,113,4170,30,1583,107,30
"755","2020-04-25",503,9,155,1172,6049,0.9386675483551,8280,30698,367,754,110,4280,24,1607,107,24
"756","2020-04-26",451,9,174,1084,6049,0.9386675483551,8280,30698,367,754,84,4364,29,1636,80,29
"757","2020-04-27",429,9,158,1027,6049,0.9386675483551,8280,30698,367,754,79,4443,25,1661,75,25
"758","2020-04-28",383,9,146,947,6049,0.9386675483551,8280,30698,367,754,113,4556,31,1692,108,31
"759","2020-04-29",371,9,183,860,6049,0.9386675483551,8280,30698,367,754,84,4640,24,1716,79,24
"760","2020-04-30",349,9,212,790,6049,0.9386675483551,8280,30698,367,754,64,4704,14,1730,60,14
"761","2020-05-01",301,9,237,729,6049,0.9386675483551,8280,30698,367,754,58,4762,21,1751,52,21
"762","2020-05-02",294,9,256,688,6049,0.9386675483551,8280,30698,367,754,80,4842,13,1764,78,13
"763","2020-05-03",274,9,250,634,6049,0.9386675483551,8280,30698,367,754,55,4897,12,1776,46,12
"764","2020-05-04",254,9,236,599,6049,0.9386675483551,8280,30698,367,754,66,4963,6,1782,65,6
"765","2020-05-05",255,9,231,562,6049,0.9386675483551,8280,30698,367,754,50,5013,17,1799,50,17
"766","2020-05-06",232,9,215,524,6049,0.9386675483551,8280,30698,367,754,51,5064,9,1808,45,9
"767","2020-05-07",226,9,218,496,6049,0.9386675483551,8280,30698,367,754,56,5120,15,1823,55,15
"768","2020-05-08",197,9,216,459,6049,0.9386675483551,8280,30698,367,754,45,5165,31,1854,42,31
"769","2020-05-09",183,9,199,409,6049,0.9386675483551,8280,30698,367,754,47,5212,37,1891,44,37
"770","2020-05-10",174,9,216,369,6049,0.9386675483551,8280,30698,367,754,44,5256,60,1951,43,60
"771","2020-05-11",166,9,213,337,6049,0.9386675483551,8280,30698,367,754,44,5300,51,2002,42,51
"772","2020-05-12",144,9,208,313,6049,0.9386675483551,8280,30698,367,754,41,5341,26,2028,32,26
"773","2020-05-13",142,9,172,283,6049,0.9386675483551,8280,30698,367,754,29,5370,25,2053,28,25
"774","2020-05-14",122,9,171,248,6049,0.9386675483551,8280,30698,367,754,28,5398,42,2095,26,42
"775","2020-05-15",101,9,158,224,6049,0.9386675483551,8280,30698,367,754,27,5425,48,2143,26,48
"776","2020-05-16",96,9,128,201,6049,0.9386675483551,8280,30698,367,754,21,5446,20,2163,21,20
"777","2020-05-17",76,9,113,186,6049,0.9386675483551,8280,30698,367,754,26,5472,18,2181,22,18
"778","2020-05-18",73,9,126,178,6049,0.9386675483551,8280,30698,367,754,20,5492,11,2192,18,11
"779","2020-05-19",68,9,133,166,6049,0.9386675483551,8280,30698,367,754,25,5517,39,2231,23,39
"780","2020-05-20",61,9,149,160,6049,0.9386675483551,8280,30698,367,754,17,5534,33,2264,15,33
"781","2020-05-21",67,9,171,135,6049,0.9386675483551,8280,30698,367,754,19,5553,11,2275,18,11
"782","2020-05-22",60,9,183,131,6049,0.9386675483551,8280,30698,367,754,22,5575,26,2301,18,26
"783","2020-05-23",55,9,178,125,6049,0.9386675483551,8280,30698,367,754,16,5591,35,2336,14,35
"784","2020-05-24",55,9,180,116,6049,0.9386675483551,8280,30698,367,754,13,5604,54,2390,13,54
"785","2020-05-25",49,9,159,114,6049,0.9386675483551,8280,30698,367,754,17,5621,49,2439,15,49
"786","2020-05-26",49,9,134,114,6049,0.9386675483551,8280,30698,367,754,12,5633,24,2463,9,24
"787","2020-05-27",44,9,151,107,6049,0.9386675483551,8280,30698,367,754,8,5641,14,2477,6,14
"788","2020-05-28",40,9,154,103,6049,0.9386675483551,8280,30698,367,754,11,5652,25,2502,11,25
"789","2020-05-29",34,9,146,99,6049,0.9386675483551,8280,30698,367,754,14,5666,37,2539,11,37
"790","2020-05-30",27,9,139,90,6049,0.9386675483551,8280,30698,367,754,12,5678,24,2563,10,24
"791","2020-05-31",25,9,127,84,6049,0.9386675483551,8280,30698,367,754,6,5684,14,2577,5,14
"792","2020-06-01",25,9,117,82,6049,0.9386675483551,8280,30698,367,754,8,5692,41,2618,8,41
"793","2020-06-02",26,9,110,85,6049,0.9386675483551,8280,30698,367,754,7,5699,48,2666,6,48
"794","2020-06-03",28,9,105,82,6049,0.9386675483551,8280,30698,367,754,11,5710,29,2695,10,29
"795","2020-06-04",29,9,119,79,6049,0.9386675483551,8280,30698,367,754,9,5719,35,2730,7,35
"796","2020-06-05",28,9,113,81,6049,0.9386675483551,8280,30698,367,754,8,5727,60,2790,5,60
"797","2020-06-06",30,9,112,80,6049,0.9386675483551,8280,30698,367,754,8,5735,40,2830,6,40
"798","2020-06-07",29,9,115,80,6049,0.9386675483551,8280,30698,367,754,4,5739,37,2867,3,37
"799","2020-03-13",1,10,101,25,5883,0.906850246472888,8175,30951,323,979,30,66,13,28,5,13
"800","2020-03-14",3,10,106,32,5883,0.906850246472888,8175,30951,323,979,24,90,9,37,4,9
"801","2020-03-15",4,10,120,45,5883,0.906850246472888,8175,30951,323,979,28,118,11,48,10,11
"802","2020-03-16",5,10,135,67,5883,0.906850246472888,8175,30951,323,979,38,156,20,68,15,20
"803","2020-03-17",9,10,118,83,5883,0.906850246472888,8175,30951,323,979,38,194,15,83,17,15
"804","2020-03-18",16,10,121,101,5883,0.906850246472888,8175,30951,323,979,59,253,13,96,35,13
"805","2020-03-19",18,10,140,128,5883,0.906850246472888,8175,30951,323,979,57,310,17,113,29,17
"806","2020-03-20",24,10,151,151,5883,0.906850246472888,8175,30951,323,979,43,353,11,124,29,11
"807","2020-03-21",35,10,152,173,5883,0.906850246472888,8175,30951,323,979,70,423,23,147,52,23
"808","2020-03-22",45,10,162,204,5883,0.906850246472888,8175,30951,323,979,76,499,6,153,52,6
"809","2020-03-23",47,10,173,226,5883,0.906850246472888,8175,30951,323,979,77,576,12,165,62,12
"810","2020-03-24",51,10,185,248,5883,0.906850246472888,8175,30951,323,979,94,670,10,175,81,10
"811","2020-03-25",52,10,199,290,5883,0.906850246472888,8175,30951,323,979,120,790,9,184,93,9
"812","2020-03-26",61,10,187,327,5883,0.906850246472888,8175,30951,323,979,107,897,12,196,82,12
"813","2020-03-27",81,10,156,375,5883,0.906850246472888,8175,30951,323,979,111,1008,7,203,92,7
"814","2020-03-28",110,10,126,429,5883,0.906850246472888,8175,30951,323,979,112,1120,7,210,97,7
"815","2020-03-29",101,10,117,480,5883,0.906850246472888,8175,30951,323,979,102,1222,14,224,76,14
"816","2020-03-30",103,10,102,530,5883,0.906850246472888,8175,30951,323,979,153,1375,15,239,124,15
"817","2020-03-31",110,10,136,598,5883,0.906850246472888,8175,30951,323,979,99,1474,19,258,81,19
"818","2020-04-01",125,10,140,642,5883,0.906850246472888,8175,30951,323,979,129,1603,16,274,106,16
"819","2020-04-02",133,10,132,698,5883,0.906850246472888,8175,30951,323,979,132,1735,17,291,106,17
"820","2020-04-03",193,10,113,793,5883,0.906850246472888,8175,30951,323,979,128,1863,11,302,102,11
"821","2020-04-04",233,10,113,879,5883,0.906850246472888,8175,30951,323,979,123,1986,7,309,100,7
"822","2020-04-05",247,10,145,946,5883,0.906850246472888,8175,30951,323,979,138,2124,20,329,122,20
"823","2020-04-06",243,10,165,1025,5883,0.906850246472888,8175,30951,323,979,137,2261,11,340,109,11
"824","2020-04-07",263,10,176,1115,5883,0.906850246472888,8175,30951,323,979,119,2380,12,352,95,12
"825","2020-04-08",273,10,174,1210,5883,0.906850246472888,8175,30951,323,979,133,2513,26,378,114,26
"826","2020-04-09",299,10,172,1278,5883,0.906850246472888,8175,30951,323,979,115,2628,38,416,102,38
"827","2020-04-10",402,10,186,1392,5883,0.906850246472888,8175,30951,323,979,129,2757,22,438,109,22
"828","2020-04-11",391,10,173,1538,5883,0.906850246472888,8175,30951,323,979,113,2870,20,458,92,20
"829","2020-04-12",416,10,176,1587,5883,0.906850246472888,8175,30951,323,979,128,2998,29,487,107,29
"830","2020-04-13",430,10,170,1637,5883,0.906850246472888,8175,30951,323,979,93,3091,17,504,76,17
"831","2020-04-14",428,10,162,1719,5883,0.906850246472888,8175,30951,323,979,103,3194,18,522,88,18
"832","2020-04-15",452,10,157,1776,5883,0.906850246472888,8175,30951,323,979,128,3322,39,561,104,39
"833","2020-04-16",469,10,155,1811,5883,0.906850246472888,8175,30951,323,979,90,3412,19,580,77,19
"834","2020-04-17",569,10,150,1829,5883,0.906850246472888,8175,30951,323,979,110,3522,21,601,82,21
"835","2020-04-18",631,10,149,1843,5883,0.906850246472888,8175,30951,323,979,99,3621,18,619,85,18
"836","2020-04-19",582,10,161,1905,5883,0.906850246472888,8175,30951,323,979,108,3729,38,657,90,38
"837","2020-04-20",594,10,142,1914,5883,0.906850246472888,8175,30951,323,979,96,3825,29,686,78,29
"838","2020-04-21",609,10,142,1921,5883,0.906850246472888,8175,30951,323,979,81,3906,37,723,66,37
"839","2020-04-22",618,10,192,1864,5883,0.906850246472888,8175,30951,323,979,86,3992,33,756,63,33
"840","2020-04-23",622,10,220,1799,5883,0.906850246472888,8175,30951,323,979,84,4076,32,788,67,32
"841","2020-04-24",658,10,207,1749,5883,0.906850246472888,8175,30951,323,979,67,4143,23,811,49,23
"842","2020-04-25",644,10,201,1692,5883,0.906850246472888,8175,30951,323,979,82,4225,14,825,66,14
"843","2020-04-26",595,10,175,1554,5883,0.906850246472888,8175,30951,323,979,60,4285,33,858,44,33
"844","2020-04-27",578,10,168,1490,5883,0.906850246472888,8175,30951,323,979,63,4348,21,879,46,21
"845","2020-04-28",558,10,182,1387,5883,0.906850246472888,8175,30951,323,979,69,4417,32,911,51,32
"846","2020-04-29",550,10,166,1312,5883,0.906850246472888,8175,30951,323,979,48,4465,24,935,32,24
"847","2020-04-30",538,10,175,1221,5883,0.906850246472888,8175,30951,323,979,61,4526,6,941,47,6
"848","2020-05-01",481,10,219,1136,5883,0.906850246472888,8175,30951,323,979,60,4586,5,946,50,5
"849","2020-05-02",436,10,209,1079,5883,0.906850246472888,8175,30951,323,979,33,4619,38,984,23,38
"850","2020-05-03",404,10,189,1003,5883,0.906850246472888,8175,30951,323,979,45,4664,35,1019,29,35
"851","2020-05-04",395,10,172,954,5883,0.906850246472888,8175,30951,323,979,50,4714,15,1034,37,15
"852","2020-05-05",376,10,156,890,5883,0.906850246472888,8175,30951,323,979,47,4761,36,1070,26,36
"853","2020-05-06",350,10,141,826,5883,0.906850246472888,8175,30951,323,979,36,4797,28,1098,27,28
"854","2020-05-07",323,10,176,751,5883,0.906850246472888,8175,30951,323,979,39,4836,30,1128,26,30
"855","2020-05-08",279,10,201,705,5883,0.906850246472888,8175,30951,323,979,40,4876,35,1163,27,35
"856","2020-05-09",281,10,197,635,5883,0.906850246472888,8175,30951,323,979,32,4908,19,1182,22,19
"857","2020-05-10",250,10,181,588,5883,0.906850246472888,8175,30951,323,979,31,4939,30,1212,18,30
"858","2020-05-11",229,10,160,542,5883,0.906850246472888,8175,30951,323,979,30,4969,14,1226,14,14
"859","2020-05-12",210,10,188,477,5883,0.906850246472888,8175,30951,323,979,24,4993,8,1234,13,8
"860","2020-05-13",191,10,227,429,5883,0.906850246472888,8175,30951,323,979,33,5026,26,1260,18,26
"861","2020-05-14",185,10,219,386,5883,0.906850246472888,8175,30951,323,979,22,5048,32,1292,13,32
"862","2020-05-15",163,10,216,344,5883,0.906850246472888,8175,30951,323,979,34,5082,28,1320,20,28
"863","2020-05-16",151,10,189,320,5883,0.906850246472888,8175,30951,323,979,26,5108,12,1332,11,12
"864","2020-05-17",138,10,181,282,5883,0.906850246472888,8175,30951,323,979,25,5133,15,1347,17,15
"865","2020-05-18",125,10,180,259,5883,0.906850246472888,8175,30951,323,979,26,5159,17,1364,16,17
"866","2020-05-19",116,10,205,232,5883,0.906850246472888,8175,30951,323,979,21,5180,34,1398,12,34
"867","2020-05-20",111,10,211,205,5883,0.906850246472888,8175,30951,323,979,21,5201,24,1422,13,24
"868","2020-05-21",100,10,197,178,5883,0.906850246472888,8175,30951,323,979,22,5223,14,1436,11,14
"869","2020-05-22",84,10,176,164,5883,0.906850246472888,8175,30951,323,979,20,5243,17,1453,14,17
"870","2020-05-23",80,10,153,152,5883,0.906850246472888,8175,30951,323,979,24,5267,9,1462,13,9
"871","2020-05-24",67,10,158,141,5883,0.906850246472888,8175,30951,323,979,25,5292,30,1492,18,30
"872","2020-05-25",60,10,176,135,5883,0.906850246472888,8175,30951,323,979,11,5303,15,1507,4,15
"873","2020-05-26",54,10,169,125,5883,0.906850246472888,8175,30951,323,979,21,5324,14,1521,11,14
"874","2020-05-27",50,10,151,112,5883,0.906850246472888,8175,30951,323,979,11,5335,13,1534,7,13
"875","2020-05-28",44,10,151,104,5883,0.906850246472888,8175,30951,323,979,12,5347,26,1560,6,26
"876","2020-05-29",51,10,142,98,5883,0.906850246472888,8175,30951,323,979,15,5362,23,1583,7,23
"877","2020-05-30",43,10,137,92,5883,0.906850246472888,8175,30951,323,979,21,5383,14,1597,11,14
"878","2020-05-31",44,10,147,84,5883,0.906850246472888,8175,30951,323,979,16,5399,12,1609,9,12
"879","2020-06-01",39,10,148,73,5883,0.906850246472888,8175,30951,323,979,12,5411,13,1622,6,13
"880","2020-06-02",43,10,158,68,5883,0.906850246472888,8175,30951,323,979,12,5423,16,1638,4,16
"881","2020-06-03",39,10,135,67,5883,0.906850246472888,8175,30951,323,979,19,5442,12,1650,6,12
"882","2020-06-04",38,10,137,64,5883,0.906850246472888,8175,30951,323,979,12,5454,16,1666,4,16
"883","2020-06-05",32,10,155,63,5883,0.906850246472888,8175,30951,323,979,15,5469,20,1686,6,20
"884","2020-06-06",32,10,156,57,5883,0.906850246472888,8175,30951,323,979,10,5479,7,1693,5,7
"885","2020-06-07",25,10,153,53,5883,0.906850246472888,8175,30951,323,979,12,5491,17,1710,8,17
"886","2020-03-13",1,11,57,101,6741,0.716362557484053,8280,34802,378,769,44,117,26,76,7,26
"887","2020-03-14",4,11,80,131,6741,0.716362557484053,8280,34802,378,769,52,169,24,100,8,24
"888","2020-03-15",12,11,98,171,6741,0.716362557484053,8280,34802,378,769,47,216,44,144,10,44
"889","2020-03-16",16,11,102,216,6741,0.716362557484053,8280,34802,378,769,56,272,27,171,32,27
"890","2020-03-17",23,11,93,288,6741,0.716362557484053,8280,34802,378,769,72,344,37,208,40,37
"891","2020-03-18",33,11,117,339,6741,0.716362557484053,8280,34802,378,769,86,430,30,238,36,30
"892","2020-03-19",41,11,106,397,6741,0.716362557484053,8280,34802,378,769,67,497,29,267,44,29
"893","2020-03-20",73,11,111,449,6741,0.716362557484053,8280,34802,378,769,90,587,22,289,54,22
"894","2020-03-21",123,11,120,550,6741,0.716362557484053,8280,34802,378,769,103,690,32,321,67,32
"895","2020-03-22",151,11,125,634,6741,0.716362557484053,8280,34802,378,769,108,798,23,344,66,23
"896","2020-03-23",151,11,132,716,6741,0.716362557484053,8280,34802,378,769,114,912,56,400,70,56
"897","2020-03-24",154,11,154,797,6741,0.716362557484053,8280,34802,378,769,107,1019,49,449,58,49
"898","2020-03-25",177,11,159,867,6741,0.716362557484053,8280,34802,378,769,103,1122,61,510,66,61
"899","2020-03-26",201,11,165,951,6741,0.716362557484053,8280,34802,378,769,118,1240,77,587,88,77
"900","2020-03-27",287,11,177,1026,6741,0.716362557484053,8280,34802,378,769,114,1354,47,634,69,47
"901","2020-03-28",299,11,184,1139,6741,0.716362557484053,8280,34802,378,769,112,1466,38,672,72,38
"902","2020-03-29",300,11,210,1235,6741,0.716362557484053,8280,34802,378,769,126,1592,48,720,92,48
"903","2020-03-30",317,11,215,1301,6741,0.716362557484053,8280,34802,378,769,153,1745,38,758,103,38
"904","2020-03-31",343,11,196,1407,6741,0.716362557484053,8280,34802,378,769,142,1887,54,812,103,54
"905","2020-04-01",359,11,205,1480,6741,0.716362557484053,8280,34802,378,769,121,2008,37,849,85,37
"906","2020-04-02",374,11,198,1559,6741,0.716362557484053,8280,34802,378,769,130,2138,41,890,89,41
"907","2020-04-03",437,11,204,1643,6741,0.716362557484053,8280,34802,378,769,155,2293,41,931,116,41
"908","2020-04-04",439,11,190,1725,6741,0.716362557484053,8280,34802,378,769,136,2429,45,976,98,45
"909","2020-04-05",511,11,168,1751,6741,0.716362557484053,8280,34802,378,769,128,2557,40,1016,90,40
"910","2020-04-06",529,11,143,1808,6741,0.716362557484053,8280,34802,378,769,122,2679,48,1064,94,48
"911","2020-04-07",524,11,136,1811,6741,0.716362557484053,8280,34802,378,769,150,2829,51,1115,110,51
"912","2020-04-08",539,11,141,1875,6741,0.716362557484053,8280,34802,378,769,133,2962,40,1155,94,40
"913","2020-04-09",553,11,125,1891,6741,0.716362557484053,8280,34802,378,769,118,3080,64,1219,86,64
"914","2020-04-10",682,11,130,1894,6741,0.716362557484053,8280,34802,378,769,109,3189,70,1289,78,70
"915","2020-04-11",712,11,174,1882,6741,0.716362557484053,8280,34802,378,769,129,3318,31,1320,91,31
"916","2020-04-12",602,11,191,1855,6741,0.716362557484053,8280,34802,378,769,96,3414,36,1356,65,36
"917","2020-04-13",602,11,231,1870,6741,0.716362557484053,8280,34802,378,769,107,3521,25,1381,64,25
"918","2020-04-14",587,11,250,1840,6741,0.716362557484053,8280,34802,378,769,102,3623,25,1406,65,25
"919","2020-04-15",582,11,251,1758,6741,0.716362557484053,8280,34802,378,769,105,3728,33,1439,64,33
"920","2020-04-16",593,11,280,1705,6741,0.716362557484053,8280,34802,378,769,96,3824,41,1480,72,41
"921","2020-04-17",605,11,253,1653,6741,0.716362557484053,8280,34802,378,769,82,3906,44,1524,54,44
"922","2020-04-18",593,11,252,1603,6741,0.716362557484053,8280,34802,378,769,82,3988,50,1574,55,50
"923","2020-04-19",562,11,245,1550,6741,0.716362557484053,8280,34802,378,769,84,4072,46,1620,52,46
"924","2020-04-20",544,11,226,1496,6741,0.716362557484053,8280,34802,378,769,74,4146,36,1656,49,36
"925","2020-04-21",522,11,237,1437,6741,0.716362557484053,8280,34802,378,769,92,4238,37,1693,53,37
"926","2020-04-22",504,11,225,1349,6741,0.716362557484053,8280,34802,378,769,74,4312,53,1746,51,53
"927","2020-04-23",489,11,223,1276,6741,0.716362557484053,8280,34802,378,769,77,4389,57,1803,39,57
"928","2020-04-24",439,11,212,1201,6741,0.716362557484053,8280,34802,378,769,91,4480,38,1841,55,38
"929","2020-04-25",440,11,194,1120,6741,0.716362557484053,8280,34802,378,769,69,4549,46,1887,42,46
"930","2020-04-26",397,11,169,1068,6741,0.716362557484053,8280,34802,378,769,67,4616,29,1916,37,29
"931","2020-04-27",384,11,152,978,6741,0.716362557484053,8280,34802,378,769,69,4685,45,1961,38,45
"932","2020-04-28",381,11,183,930,6741,0.716362557484053,8280,34802,378,769,54,4739,27,1988,35,27
"933","2020-04-29",371,11,179,874,6741,0.716362557484053,8280,34802,378,769,62,4801,30,2018,33,30
"934","2020-04-30",350,11,162,821,6741,0.716362557484053,8280,34802,378,769,54,4855,36,2054,32,36
"935","2020-05-01",314,11,142,779,6741,0.716362557484053,8280,34802,378,769,57,4912,35,2089,31,35
"936","2020-05-02",289,11,125,720,6741,0.716362557484053,8280,34802,378,769,63,4975,36,2125,32,36
"937","2020-05-03",271,11,120,674,6741,0.716362557484053,8280,34802,378,769,61,5036,23,2148,34,23
"938","2020-05-04",251,11,168,621,6741,0.716362557484053,8280,34802,378,769,53,5089,35,2183,27,35
"939","2020-05-05",233,11,211,578,6741,0.716362557484053,8280,34802,378,769,44,5133,30,2213,23,30
"940","2020-05-06",226,11,236,545,6741,0.716362557484053,8280,34802,378,769,39,5172,30,2243,13,30
"941","2020-05-07",214,11,230,507,6741,0.716362557484053,8280,34802,378,769,44,5216,29,2272,24,29
"942","2020-05-08",207,11,212,463,6741,0.716362557484053,8280,34802,378,769,44,5260,33,2305,20,33
"943","2020-05-09",198,11,228,441,6741,0.716362557484053,8280,34802,378,769,45,5305,45,2350,16,45
"944","2020-05-10",170,11,236,419,6741,0.716362557484053,8280,34802,378,769,37,5342,61,2411,22,61
"945","2020-05-11",158,11,224,377,6741,0.716362557484053,8280,34802,378,769,38,5380,40,2451,19,40
"946","2020-05-12",151,11,210,360,6741,0.716362557484053,8280,34802,378,769,37,5417,51,2502,14,51
"947","2020-05-13",139,11,183,326,6741,0.716362557484053,8280,34802,378,769,29,5446,55,2557,16,55
"948","2020-05-14",131,11,175,305,6741,0.716362557484053,8280,34802,378,769,35,5481,33,2590,12,33
"949","2020-05-15",120,11,201,306,6741,0.716362557484053,8280,34802,378,769,31,5512,28,2618,17,28
"950","2020-05-16",118,11,181,286,6741,0.716362557484053,8280,34802,378,769,19,5531,30,2648,10,30
"951","2020-05-17",106,11,174,271,6741,0.716362557484053,8280,34802,378,769,21,5552,42,2690,7,42
"952","2020-05-18",103,11,159,253,6741,0.716362557484053,8280,34802,378,769,34,5586,42,2732,17,42
"953","2020-05-19",91,11,148,241,6741,0.716362557484053,8280,34802,378,769,25,5611,55,2787,15,55
"954","2020-05-20",86,11,152,233,6741,0.716362557484053,8280,34802,378,769,25,5636,52,2839,11,52
"955","2020-05-21",78,11,167,229,6741,0.716362557484053,8280,34802,378,769,18,5654,34,2873,13,34
"956","2020-05-22",70,11,169,209,6741,0.716362557484053,8280,34802,378,769,21,5675,42,2915,8,42
"957","2020-05-23",82,11,169,198,6741,0.716362557484053,8280,34802,378,769,23,5698,52,2967,10,52
"958","2020-05-24",75,11,183,187,6741,0.716362557484053,8280,34802,378,769,13,5711,49,3016,4,49
"959","2020-05-25",66,11,191,195,6741,0.716362557484053,8280,34802,378,769,22,5733,38,3054,9,38
"960","2020-05-26",66,11,217,183,6741,0.716362557484053,8280,34802,378,769,14,5747,51,3105,5,51
"961","2020-05-27",69,11,210,185,6741,0.716362557484053,8280,34802,378,769,22,5769,31,3136,10,31
"962","2020-05-28",70,11,203,181,6741,0.716362557484053,8280,34802,378,769,10,5779,36,3172,5,36
"963","2020-05-29",70,11,179,172,6741,0.716362557484053,8280,34802,378,769,10,5789,57,3229,4,57
"964","2020-05-30",60,11,149,164,6741,0.716362557484053,8280,34802,378,769,21,5810,49,3278,6,49
"965","2020-05-31",56,11,160,159,6741,0.716362557484053,8280,34802,378,769,17,5827,46,3324,4,46
"966","2020-06-01",56,11,166,154,6741,0.716362557484053,8280,34802,378,769,9,5836,56,3380,2,56
"967","2020-06-02",55,11,164,139,6741,0.716362557484053,8280,34802,378,769,15,5851,47,3427,4,47
"968","2020-06-03",48,11,168,138,6741,0.716362557484053,8280,34802,378,769,8,5859,58,3485,2,58
"969","2020-06-04",44,11,178,130,6741,0.716362557484053,8280,34802,378,769,13,5872,66,3551,6,66
"970","2020-06-05",33,11,176,119,6741,0.716362557484053,8280,34802,378,769,13,5885,42,3593,5,42
"971","2020-06-06",26,11,177,109,6741,0.716362557484053,8280,34802,378,769,14,5899,48,3641,2,48
"972","2020-06-07",32,11,180,105,6741,0.716362557484053,8280,34802,378,769,15,5914,46,3687,7,46
"973","2020-03-12",1,12,43,67,5607,0.488674870697343,8400,34171,318,704,15,35,9,33,3,9
"974","2020-03-13",6,12,57,114,5607,0.488674870697343,8400,34171,318,704,23,58,4,37,5,4
"975","2020-03-14",10,12,62,148,5607,0.488674870697343,8400,34171,318,704,21,79,10,47,8,10
"976","2020-03-15",11,12,89,193,5607,0.488674870697343,8400,34171,318,704,31,110,21,68,17,21
"977","2020-03-16",17,12,95,250,5607,0.488674870697343,8400,34171,318,704,35,145,11,79,20,11
"978","2020-03-17",24,12,93,302,5607,0.488674870697343,8400,34171,318,704,57,202,7,86,31,7
"979","2020-03-18",37,12,92,361,5607,0.488674870697343,8400,34171,318,704,49,251,12,98,30,12
"980","2020-03-19",44,12,106,421,5607,0.488674870697343,8400,34171,318,704,55,306,37,135,31,37
"981","2020-03-20",73,12,117,477,5607,0.488674870697343,8400,34171,318,704,68,374,13,148,53,13
"982","2020-03-21",116,12,141,508,5607,0.488674870697343,8400,34171,318,704,74,448,30,178,58,30
"983","2020-03-22",135,12,136,571,5607,0.488674870697343,8400,34171,318,704,63,511,20,198,45,20
"984","2020-03-23",130,12,152,647,5607,0.488674870697343,8400,34171,318,704,79,590,8,206,59,8
"985","2020-03-24",145,12,167,699,5607,0.488674870697343,8400,34171,318,704,84,674,13,219,64,13
"986","2020-03-25",150,12,173,746,5607,0.488674870697343,8400,34171,318,704,84,758,17,236,66,17
"987","2020-03-26",170,12,161,799,5607,0.488674870697343,8400,34171,318,704,87,845,38,274,77,38
"988","2020-03-27",220,12,172,852,5607,0.488674870697343,8400,34171,318,704,100,945,32,306,78,32
"989","2020-03-28",227,12,165,898,5607,0.488674870697343,8400,34171,318,704,81,1026,16,322,65,16
"990","2020-03-29",266,12,180,921,5607,0.488674870697343,8400,34171,318,704,102,1128,8,330,85,8
"991","2020-03-30",282,12,161,963,5607,0.488674870697343,8400,34171,318,704,105,1233,5,335,83,5
"992","2020-03-31",286,12,168,970,5607,0.488674870697343,8400,34171,318,704,107,1340,11,346,92,11
"993","2020-04-01",309,12,159,989,5607,0.488674870697343,8400,34171,318,704,86,1426,47,393,73,47
"994","2020-04-02",317,12,160,1024,5607,0.488674870697343,8400,34171,318,704,102,1528,15,408,85,15
"995","2020-04-03",366,12,174,1022,5607,0.488674870697343,8400,34171,318,704,93,1621,14,422,80,14
"996","2020-04-04",384,12,169,1033,5607,0.488674870697343,8400,34171,318,704,101,1722,12,434,75,12
"997","2020-04-05",346,12,168,1037,5607,0.488674870697343,8400,34171,318,704,102,1824,16,450,80,16
"998","2020-04-06",342,12,166,1036,5607,0.488674870697343,8400,34171,318,704,111,1935,12,462,96,12
"999","2020-04-07",340,12,165,1038,5607,0.488674870697343,8400,34171,318,704,85,2020,15,477,74,15
"1000","2020-04-08",336,12,156,1049,5607,0.488674870697343,8400,34171,318,704,82,2102,50,527,61,50
"1001","2020-04-09",343,12,154,1040,5607,0.488674870697343,8400,34171,318,704,132,2234,26,553,101,26
"1002","2020-04-10",377,12,159,1025,5607,0.488674870697343,8400,34171,318,704,94,2328,18,571,74,18
"1003","2020-04-11",406,12,174,1020,5607,0.488674870697343,8400,34171,318,704,90,2418,45,616,62,45
"1004","2020-04-12",374,12,189,1031,5607,0.488674870697343,8400,34171,318,704,111,2529,29,645,87,29
"1005","2020-04-13",349,12,199,1025,5607,0.488674870697343,8400,34171,318,704,81,2610,44,689,62,44
"1006","2020-04-14",345,12,187,1029,5607,0.488674870697343,8400,34171,318,704,98,2708,23,712,77,23
"1007","2020-04-15",338,12,173,1021,5607,0.488674870697343,8400,34171,318,704,101,2809,61,773,76,61
"1008","2020-04-16",344,12,191,998,5607,0.488674870697343,8400,34171,318,704,82,2891,52,825,68,52
"1009","2020-04-17",357,12,211,993,5607,0.488674870697343,8400,34171,318,704,94,2985,56,881,77,56
"1010","2020-04-18",349,12,233,1003,5607,0.488674870697343,8400,34171,318,704,80,3065,31,912,71,31
"1011","2020-04-19",344,12,243,1012,5607,0.488674870697343,8400,34171,318,704,85,3150,50,962,69,50
"1012","2020-04-20",352,12,230,997,5607,0.488674870697343,8400,34171,318,704,77,3227,66,1028,61,66
"1013","2020-04-21",343,12,224,953,5607,0.488674870697343,8400,34171,318,704,73,3300,51,1079,63,51
"1014","2020-04-22",345,12,216,928,5607,0.488674870697343,8400,34171,318,704,76,3376,29,1108,61,29
"1015","2020-04-23",330,12,212,928,5607,0.488674870697343,8400,34171,318,704,90,3466,38,1146,76,38
"1016","2020-04-24",327,12,208,903,5607,0.488674870697343,8400,34171,318,704,69,3535,35,1181,59,35
"1017","2020-04-25",314,12,216,866,5607,0.488674870697343,8400,34171,318,704,61,3596,24,1205,54,24
"1018","2020-04-26",303,12,225,836,5607,0.488674870697343,8400,34171,318,704,59,3655,19,1224,43,19
"1019","2020-04-27",295,12,215,821,5607,0.488674870697343,8400,34171,318,704,49,3704,23,1247,38,23
"1020","2020-04-28",272,12,199,817,5607,0.488674870697343,8400,34171,318,704,43,3747,41,1288,34,41
"1021","2020-04-29",263,12,201,813,5607,0.488674870697343,8400,34171,318,704,51,3798,28,1316,40,28
"1022","2020-04-30",259,12,211,781,5607,0.488674870697343,8400,34171,318,704,70,3868,28,1344,52,28
"1023","2020-05-01",265,12,207,772,5607,0.488674870697343,8400,34171,318,704,47,3915,12,1356,36,12
"1024","2020-05-02",265,12,212,759,5607,0.488674870697343,8400,34171,318,704,47,3962,14,1370,34,14
"1025","2020-05-03",261,12,230,748,5607,0.488674870697343,8400,34171,318,704,62,4024,48,1418,48,48
"1026","2020-05-04",256,12,225,721,5607,0.488674870697343,8400,34171,318,704,50,4074,23,1441,42,23
"1027","2020-05-05",252,12,210,698,5607,0.488674870697343,8400,34171,318,704,49,4123,27,1468,39,27
"1028","2020-05-06",248,12,200,687,5607,0.488674870697343,8400,34171,318,704,42,4165,58,1526,27,58
"1029","2020-05-07",241,12,197,655,5607,0.488674870697343,8400,34171,318,704,52,4217,54,1580,35,54
"1030","2020-05-08",237,12,169,657,5607,0.488674870697343,8400,34171,318,704,42,4259,33,1613,25,33
"1031","2020-05-09",240,12,159,638,5607,0.488674870697343,8400,34171,318,704,37,4296,51,1664,24,51
"1032","2020-05-10",218,12,139,613,5607,0.488674870697343,8400,34171,318,704,39,4335,55,1719,24,55
"1033","2020-05-11",215,12,131,608,5607,0.488674870697343,8400,34171,318,704,28,4363,33,1752,18,33
"1034","2020-05-12",200,12,137,581,5607,0.488674870697343,8400,34171,318,704,46,4409,53,1805,33,53
"1035","2020-05-13",200,12,155,552,5607,0.488674870697343,8400,34171,318,704,39,4448,41,1846,29,41
"1036","2020-05-14",196,12,172,534,5607,0.488674870697343,8400,34171,318,704,31,4479,38,1884,25,38
"1037","2020-05-15",187,12,160,503,5607,0.488674870697343,8400,34171,318,704,48,4527,50,1934,27,50
"1038","2020-05-16",193,12,167,485,5607,0.488674870697343,8400,34171,318,704,30,4557,41,1975,18,41
"1039","2020-05-17",177,12,170,469,5607,0.488674870697343,8400,34171,318,704,34,4591,35,2010,26,35
"1040","2020-05-18",157,12,176,460,5607,0.488674870697343,8400,34171,318,704,18,4609,20,2030,13,20
"1041","2020-05-19",158,12,176,449,5607,0.488674870697343,8400,34171,318,704,35,4644,14,2044,23,14
"1042","2020-05-20",153,12,174,437,5607,0.488674870697343,8400,34171,318,704,24,4668,8,2052,16,8
"1043","2020-05-21",146,12,165,420,5607,0.488674870697343,8400,34171,318,704,25,4693,11,2063,18,11
"1044","2020-05-22",154,12,172,407,5607,0.488674870697343,8400,34171,318,704,24,4717,50,2113,15,50
"1045","2020-05-23",137,12,185,378,5607,0.488674870697343,8400,34171,318,704,25,4742,25,2138,14,25
"1046","2020-05-24",131,12,180,365,5607,0.488674870697343,8400,34171,318,704,27,4769,8,2146,15,8
"1047","2020-05-25",120,12,173,347,5607,0.488674870697343,8400,34171,318,704,25,4794,10,2156,17,10
"1048","2020-05-26",115,12,186,332,5607,0.488674870697343,8400,34171,318,704,15,4809,6,2162,10,6
"1049","2020-05-27",116,12,200,311,5607,0.488674870697343,8400,34171,318,704,18,4827,5,2167,12,5
"1050","2020-05-28",118,12,200,285,5607,0.488674870697343,8400,34171,318,704,17,4844,15,2182,11,15
"1051","2020-05-29",109,12,190,278,5607,0.488674870697343,8400,34171,318,704,20,4864,34,2216,13,34
"1052","2020-05-30",102,12,194,271,5607,0.488674870697343,8400,34171,318,704,19,4883,21,2237,10,21
"1053","2020-05-31",98,12,195,262,5607,0.488674870697343,8400,34171,318,704,26,4909,26,2263,16,26
"1054","2020-06-01",107,12,181,247,5607,0.488674870697343,8400,34171,318,704,22,4931,14,2277,17,14
"1055","2020-06-02",94,12,167,222,5607,0.488674870697343,8400,34171,318,704,19,4950,32,2309,15,32
"1056","2020-06-03",86,12,179,213,5607,0.488674870697343,8400,34171,318,704,13,4963,16,2325,5,16
"1057","2020-06-04",85,12,189,204,5607,0.488674870697343,8400,34171,318,704,14,4977,3,2328,7,3
"1058","2020-06-05",84,12,197,204,5607,0.488674870697343,8400,34171,318,704,15,4992,17,2345,10,17
"1059","2020-06-06",89,12,201,194,5607,0.488674870697343,8400,34171,318,704,17,5009,26,2371,12,26
"1060","2020-06-07",73,12,194,184,5607,0.488674870697343,8400,34171,318,704,13,5022,17,2388,9,17
"1061","2020-03-07",2,13,0,0,5881,0.855976874681177,8460,32077,311,679,NA,NA,NA,NA,NA,NA
"1062","2020-03-08",2,13,0,0,5881,0.855976874681177,8460,32077,311,679,NA,NA,NA,NA,NA,NA
"1063","2020-03-09",0,13,0,0,5881,0.855976874681177,8460,32077,311,679,NA,NA,NA,NA,NA,NA
"1064","2020-03-10",0,13,0,0,5881,0.855976874681177,8460,32077,311,679,NA,NA,NA,NA,NA,NA
"1065","2020-03-11",0,13,0,0,5881,0.855976874681177,8460,32077,311,679,25,25,1,1,NA,1
"1066","2020-03-12",0,13,0,0,5881,0.855976874681177,8460,32077,311,679,22,47,9,10,2,9
"1067","2020-03-13",2,13,43,29,5881,0.855976874681177,8460,32077,311,679,25,72,7,17,3,7
"1068","2020-03-14",2,13,46,44,5881,0.855976874681177,8460,32077,311,679,25,97,15,32,7,15
"1069","2020-03-15",2,13,55,52,5881,0.855976874681177,8460,32077,311,679,30,127,10,42,5,10
"1070","2020-03-16",3,13,57,70,5881,0.855976874681177,8460,32077,311,679,57,184,6,48,29,6
"1071","2020-03-17",3,13,64,97,5881,0.855976874681177,8460,32077,311,679,40,224,9,57,16,9
"1072","2020-03-18",9,13,62,128,5881,0.855976874681177,8460,32077,311,679,55,279,18,75,31,18
"1073","2020-03-19",12,13,78,161,5881,0.855976874681177,8460,32077,311,679,61,340,18,93,36,18
"1074","2020-03-20",13,13,77,185,5881,0.855976874681177,8460,32077,311,679,54,394,14,107,29,14
"1075","2020-03-21",33,13,79,209,5881,0.855976874681177,8460,32077,311,679,47,441,25,132,30,25
"1076","2020-03-22",41,13,77,250,5881,0.855976874681177,8460,32077,311,679,81,522,27,159,55,27
"1077","2020-03-23",49,13,92,295,5881,0.855976874681177,8460,32077,311,679,85,607,19,178,60,19
"1078","2020-03-24",58,13,106,332,5881,0.855976874681177,8460,32077,311,679,83,690,33,211,58,33
"1079","2020-03-25",70,13,105,379,5881,0.855976874681177,8460,32077,311,679,70,760,35,246,50,35
"1080","2020-03-26",76,13,110,433,5881,0.855976874681177,8460,32077,311,679,94,854,28,274,66,28
"1081","2020-03-27",106,13,104,475,5881,0.855976874681177,8460,32077,311,679,91,945,20,294,58,20
"1082","2020-03-28",124,13,112,545,5881,0.855976874681177,8460,32077,311,679,108,1053,9,303,86,9
"1083","2020-03-29",139,13,130,622,5881,0.855976874681177,8460,32077,311,679,109,1162,16,319,80,16
"1084","2020-03-30",141,13,122,661,5881,0.855976874681177,8460,32077,311,679,129,1291,20,339,107,20
"1085","2020-03-31",148,13,106,766,5881,0.855976874681177,8460,32077,311,679,94,1385,18,357,65,18
"1086","2020-04-01",159,13,110,852,5881,0.855976874681177,8460,32077,311,679,90,1475,23,380,72,23
"1087","2020-04-02",184,13,115,947,5881,0.855976874681177,8460,32077,311,679,115,1590,19,399,89,19
"1088","2020-04-03",247,13,139,1036,5881,0.855976874681177,8460,32077,311,679,115,1705,17,416,93,17
"1089","2020-04-04",312,13,153,1102,5881,0.855976874681177,8460,32077,311,679,143,1848,24,440,107,24
"1090","2020-04-05",327,13,182,1180,5881,0.855976874681177,8460,32077,311,679,129,1977,30,470,111,30
"1091","2020-04-06",322,13,193,1250,5881,0.855976874681177,8460,32077,311,679,144,2121,40,510,111,40
"1092","2020-04-07",333,13,175,1302,5881,0.855976874681177,8460,32077,311,679,136,2257,18,528,113,18
"1093","2020-04-08",345,13,191,1389,5881,0.855976874681177,8460,32077,311,679,122,2379,15,543,95,15
"1094","2020-04-09",355,13,206,1464,5881,0.855976874681177,8460,32077,311,679,125,2504,32,575,95,32
"1095","2020-04-10",452,13,217,1507,5881,0.855976874681177,8460,32077,311,679,143,2647,17,592,118,17
"1096","2020-04-11",447,13,219,1582,5881,0.855976874681177,8460,32077,311,679,98,2745,37,629,71,37
"1097","2020-04-12",455,13,212,1635,5881,0.855976874681177,8460,32077,311,679,117,2862,18,647,96,18
"1098","2020-04-13",471,13,214,1656,5881,0.855976874681177,8460,32077,311,679,92,2954,23,670,71,23
"1099","2020-04-14",487,13,234,1691,5881,0.855976874681177,8460,32077,311,679,94,3048,42,712,75,42
"1100","2020-04-15",504,13,240,1697,5881,0.855976874681177,8460,32077,311,679,113,3161,46,758,93,46
"1101","2020-04-16",521,13,253,1712,5881,0.855976874681177,8460,32077,311,679,116,3277,29,787,90,29
"1102","2020-04-17",576,13,276,1741,5881,0.855976874681177,8460,32077,311,679,121,3398,23,810,97,23
"1103","2020-04-18",577,13,250,1727,5881,0.855976874681177,8460,32077,311,679,83,3481,16,826,58,16
"1104","2020-04-19",552,13,252,1720,5881,0.855976874681177,8460,32077,311,679,97,3578,46,872,79,46
"1105","2020-04-20",545,13,264,1672,5881,0.855976874681177,8460,32077,311,679,87,3665,46,918,59,46
"1106","2020-04-21",544,13,261,1640,5881,0.855976874681177,8460,32077,311,679,77,3742,38,956,53,38
"1107","2020-04-22",565,13,245,1613,5881,0.855976874681177,8460,32077,311,679,71,3813,35,991,60,35
"1108","2020-04-23",580,13,245,1543,5881,0.855976874681177,8460,32077,311,679,79,3892,23,1014,59,23
"1109","2020-04-24",573,13,236,1473,5881,0.855976874681177,8460,32077,311,679,74,3966,18,1032,56,18
"1110","2020-04-25",567,13,215,1390,5881,0.855976874681177,8460,32077,311,679,76,4042,12,1044,58,12
"1111","2020-04-26",512,13,207,1345,5881,0.855976874681177,8460,32077,311,679,55,4097,16,1060,39,16
"1112","2020-04-27",494,13,200,1283,5881,0.855976874681177,8460,32077,311,679,63,4160,18,1078,40,18
"1113","2020-04-28",471,13,200,1233,5881,0.855976874681177,8460,32077,311,679,67,4227,27,1105,47,27
"1114","2020-04-29",435,13,187,1175,5881,0.855976874681177,8460,32077,311,679,48,4275,38,1143,38,38
"1115","2020-04-30",412,13,187,1112,5881,0.855976874681177,8460,32077,311,679,52,4327,18,1161,33,18
"1116","2020-05-01",413,13,198,1011,5881,0.855976874681177,8460,32077,311,679,72,4399,12,1173,47,12
"1117","2020-05-02",397,13,206,951,5881,0.855976874681177,8460,32077,311,679,54,4453,30,1203,35,30
"1118","2020-05-03",376,13,227,882,5881,0.855976874681177,8460,32077,311,679,44,4497,38,1241,26,38
"1119","2020-05-04",368,13,260,817,5881,0.855976874681177,8460,32077,311,679,54,4551,31,1272,34,31
"1120","2020-05-05",345,13,245,788,5881,0.855976874681177,8460,32077,311,679,47,4598,31,1303,32,31
"1121","2020-05-06",326,13,230,743,5881,0.855976874681177,8460,32077,311,679,48,4646,22,1325,33,22
"1122","2020-05-07",304,13,236,704,5881,0.855976874681177,8460,32077,311,679,53,4699,34,1359,33,34
"1123","2020-05-08",274,13,223,660,5881,0.855976874681177,8460,32077,311,679,28,4727,15,1374,14,15
"1124","2020-05-09",272,13,220,605,5881,0.855976874681177,8460,32077,311,679,30,4757,10,1384,17,10
"1125","2020-05-10",236,13,237,561,5881,0.855976874681177,8460,32077,311,679,32,4789,8,1392,16,8
"1126","2020-05-11",217,13,249,502,5881,0.855976874681177,8460,32077,311,679,41,4830,11,1403,22,11
"1127","2020-05-12",203,13,220,454,5881,0.855976874681177,8460,32077,311,679,38,4868,30,1433,20,30
"1128","2020-05-13",200,13,227,408,5881,0.855976874681177,8460,32077,311,679,36,4904,17,1450,20,17
"1129","2020-05-14",187,13,226,369,5881,0.855976874681177,8460,32077,311,679,30,4934,16,1466,12,16
"1130","2020-05-15",162,13,226,341,5881,0.855976874681177,8460,32077,311,679,39,4973,17,1483,19,17
"1131","2020-05-16",151,13,252,305,5881,0.855976874681177,8460,32077,311,679,32,5005,32,1515,17,32
"1132","2020-05-17",126,13,255,282,5881,0.855976874681177,8460,32077,311,679,23,5028,18,1533,15,18
"1133","2020-05-18",119,13,242,269,5881,0.855976874681177,8460,32077,311,679,18,5046,29,1562,7,29
"1134","2020-05-19",117,13,240,247,5881,0.855976874681177,8460,32077,311,679,18,5064,30,1592,10,30
"1135","2020-05-20",105,13,232,228,5881,0.855976874681177,8460,32077,311,679,21,5085,27,1619,10,27
"1136","2020-05-21",97,13,231,223,5881,0.855976874681177,8460,32077,311,679,21,5106,22,1641,11,22
"1137","2020-05-22",91,13,215,211,5881,0.855976874681177,8460,32077,311,679,19,5125,30,1671,13,30
"1138","2020-05-23",85,13,214,200,5881,0.855976874681177,8460,32077,311,679,20,5145,21,1692,13,21
"1139","2020-05-24",80,13,204,191,5881,0.855976874681177,8460,32077,311,679,20,5165,11,1703,12,11
"1140","2020-05-25",76,13,209,182,5881,0.855976874681177,8460,32077,311,679,17,5182,32,1735,9,32
"1141","2020-05-26",69,13,219,175,5881,0.855976874681177,8460,32077,311,679,19,5201,20,1755,13,20
"1142","2020-05-27",60,13,214,161,5881,0.855976874681177,8460,32077,311,679,7,5208,26,1781,4,26
"1143","2020-05-28",56,13,194,145,5881,0.855976874681177,8460,32077,311,679,19,5227,19,1800,11,19
"1144","2020-05-29",47,13,191,133,5881,0.855976874681177,8460,32077,311,679,12,5239,23,1823,8,23
"1145","2020-05-30",42,13,176,126,5881,0.855976874681177,8460,32077,311,679,16,5255,17,1840,11,17
"1146","2020-05-31",43,13,168,124,5881,0.855976874681177,8460,32077,311,679,12,5267,19,1859,7,19
"1147","2020-06-01",39,13,163,115,5881,0.855976874681177,8460,32077,311,679,17,5284,11,1870,6,11
"1148","2020-06-02",36,13,165,105,5881,0.855976874681177,8460,32077,311,679,9,5293,8,1878,5,8
"1149","2020-06-03",41,13,166,98,5881,0.855976874681177,8460,32077,311,679,11,5304,8,1886,5,8
"1150","2020-06-04",40,13,171,89,5881,0.855976874681177,8460,32077,311,679,11,5315,15,1901,5,15
"1151","2020-06-05",41,13,168,76,5881,0.855976874681177,8460,32077,311,679,6,5321,16,1917,2,16
"1152","2020-06-06",40,13,164,74,5881,0.855976874681177,8460,32077,311,679,9,5330,10,1927,4,10
"1153","2020-06-07",36,13,148,69,5881,0.855976874681177,8460,32077,311,679,4,5334,7,1934,3,7
"1154","2020-03-13",1,14,47,55,6198,0.865279122297515,8370,33522,360,949,35,79,13,69,14,13
"1155","2020-03-14",3,14,61,78,6198,0.865279122297515,8370,33522,360,949,34,113,38,107,16,38
"1156","2020-03-15",8,14,85,101,6198,0.865279122297515,8370,33522,360,949,42,155,19,126,24,19
"1157","2020-03-16",11,14,92,133,6198,0.865279122297515,8370,33522,360,949,33,188,14,140,14,14
"1158","2020-03-17",14,14,107,175,6198,0.865279122297515,8370,33522,360,949,53,241,9,149,38,9
"1159","2020-03-18",20,14,109,210,6198,0.865279122297515,8370,33522,360,949,47,288,38,187,29,38
"1160","2020-03-19",29,14,112,266,6198,0.865279122297515,8370,33522,360,949,53,341,42,229,31,42
"1161","2020-03-20",39,14,121,319,6198,0.865279122297515,8370,33522,360,949,74,415,16,245,48,16
"1162","2020-03-21",65,14,132,360,6198,0.865279122297515,8370,33522,360,949,66,481,17,262,49,17
"1163","2020-03-22",89,14,122,433,6198,0.865279122297515,8370,33522,360,949,63,544,7,269,44,7
"1164","2020-03-23",97,14,122,496,6198,0.865279122297515,8370,33522,360,949,65,609,6,275,49,6
"1165","2020-03-24",110,14,125,535,6198,0.865279122297515,8370,33522,360,949,82,691,6,281,62,6
"1166","2020-03-25",120,14,136,566,6198,0.865279122297515,8370,33522,360,949,97,788,37,318,76,37
"1167","2020-03-26",136,14,149,621,6198,0.865279122297515,8370,33522,360,949,97,885,19,337,71,19
"1168","2020-03-27",158,14,159,699,6198,0.865279122297515,8370,33522,360,949,97,982,45,382,73,45
"1169","2020-03-28",163,14,192,789,6198,0.865279122297515,8370,33522,360,949,67,1049,36,418,50,36
"1170","2020-03-29",213,14,177,837,6198,0.865279122297515,8370,33522,360,949,97,1146,44,462,74,44
"1171","2020-03-30",230,14,178,929,6198,0.865279122297515,8370,33522,360,949,96,1242,20,482,80,20
"1172","2020-03-31",223,14,168,994,6198,0.865279122297515,8370,33522,360,949,97,1339,29,511,80,29
"1173","2020-04-01",244,14,153,1066,6198,0.865279122297515,8370,33522,360,949,104,1443,16,527,86,16
"1174","2020-04-02",269,14,142,1115,6198,0.865279122297515,8370,33522,360,949,127,1570,20,547,105,20
"1175","2020-04-03",369,14,156,1196,6198,0.865279122297515,8370,33522,360,949,89,1659,16,563,73,16
"1176","2020-04-04",415,14,173,1269,6198,0.865279122297515,8370,33522,360,949,112,1771,43,606,95,43
"1177","2020-04-05",395,14,180,1341,6198,0.865279122297515,8370,33522,360,949,94,1865,54,660,74,54
"1178","2020-04-06",391,14,183,1385,6198,0.865279122297515,8370,33522,360,949,96,1961,64,724,74,64
"1179","2020-04-07",397,14,176,1457,6198,0.865279122297515,8370,33522,360,949,101,2062,39,763,79,39
"1180","2020-04-08",413,14,199,1528,6198,0.865279122297515,8370,33522,360,949,126,2188,16,779,99,16
"1181","2020-04-09",414,14,201,1566,6198,0.865279122297515,8370,33522,360,949,83,2271,17,796,68,17
"1182","2020-04-10",496,14,190,1600,6198,0.865279122297515,8370,33522,360,949,107,2378,36,832,86,36
"1183","2020-04-11",490,14,196,1640,6198,0.865279122297515,8370,33522,360,949,107,2485,35,867,93,35
"1184","2020-04-12",463,14,190,1669,6198,0.865279122297515,8370,33522,360,949,102,2587,13,880,79,13
"1185","2020-04-13",489,14,192,1701,6198,0.865279122297515,8370,33522,360,949,86,2673,21,901,62,21
"1186","2020-04-14",509,14,204,1704,6198,0.865279122297515,8370,33522,360,949,97,2770,46,947,81,46
"1187","2020-04-15",506,14,182,1712,6198,0.865279122297515,8370,33522,360,949,68,2838,26,973,54,26
"1188","2020-04-16",514,14,178,1691,6198,0.865279122297515,8370,33522,360,949,108,2946,14,987,79,14
"1189","2020-04-17",552,14,206,1681,6198,0.865279122297515,8370,33522,360,949,98,3044,31,1018,77,31
"1190","2020-04-18",553,14,221,1674,6198,0.865279122297515,8370,33522,360,949,75,3119,30,1048,64,30
"1191","2020-04-19",551,14,223,1643,6198,0.865279122297515,8370,33522,360,949,81,3200,31,1079,59,31
"1192","2020-04-20",543,14,196,1607,6198,0.865279122297515,8370,33522,360,949,78,3278,33,1112,62,33
"1193","2020-04-21",525,14,185,1540,6198,0.865279122297515,8370,33522,360,949,90,3368,29,1141,67,29
"1194","2020-04-22",537,14,195,1496,6198,0.865279122297515,8370,33522,360,949,91,3459,27,1168,80,27
"1195","2020-04-23",529,14,202,1458,6198,0.865279122297515,8370,33522,360,949,76,3535,18,1186,59,18
"1196","2020-04-24",525,14,192,1410,6198,0.865279122297515,8370,33522,360,949,62,3597,25,1211,51,25
"1197","2020-04-25",546,14,180,1344,6198,0.865279122297515,8370,33522,360,949,73,3670,24,1235,58,24
"1198","2020-04-26",512,14,181,1272,6198,0.865279122297515,8370,33522,360,949,72,3742,15,1250,51,15
"1199","2020-04-27",486,14,190,1197,6198,0.865279122297515,8370,33522,360,949,71,3813,21,1271,63,21
"1200","2020-04-28",474,14,180,1127,6198,0.865279122297515,8370,33522,360,949,72,3885,18,1289,43,18
"1201","2020-04-29",451,14,200,1062,6198,0.865279122297515,8370,33522,360,949,60,3945,11,1300,47,11
"1202","2020-04-30",439,14,214,991,6198,0.865279122297515,8370,33522,360,949,51,3996,18,1318,34,18
"1203","2020-05-01",393,14,202,918,6198,0.865279122297515,8370,33522,360,949,77,4073,40,1358,56,40
"1204","2020-05-02",366,14,192,856,6198,0.865279122297515,8370,33522,360,949,63,4136,18,1376,42,18
"1205","2020-05-03",324,14,191,777,6198,0.865279122297515,8370,33522,360,949,56,4192,12,1388,41,12
"1206","2020-05-04",307,14,192,707,6198,0.865279122297515,8370,33522,360,949,56,4248,10,1398,36,10
"1207","2020-05-05",279,14,183,670,6198,0.865279122297515,8370,33522,360,949,67,4315,4,1402,47,4
"1208","2020-05-06",264,14,188,621,6198,0.865279122297515,8370,33522,360,949,56,4371,8,1410,45,8
"1209","2020-05-07",246,14,201,555,6198,0.865279122297515,8370,33522,360,949,48,4419,4,1414,36,4
"1210","2020-05-08",212,14,221,513,6198,0.865279122297515,8370,33522,360,949,53,4472,5,1419,40,5
"1211","2020-05-09",198,14,222,491,6198,0.865279122297515,8370,33522,360,949,41,4513,7,1426,26,7
"1212","2020-05-10",177,14,201,448,6198,0.865279122297515,8370,33522,360,949,48,4561,31,1457,38,31
"1213","2020-05-11",166,14,205,409,6198,0.865279122297515,8370,33522,360,949,41,4602,26,1483,30,26
"1214","2020-05-12",166,14,215,374,6198,0.865279122297515,8370,33522,360,949,45,4647,68,1551,30,68
"1215","2020-05-13",152,14,205,343,6198,0.865279122297515,8370,33522,360,949,39,4686,38,1589,25,38
"1216","2020-05-14",142,14,211,318,6198,0.865279122297515,8370,33522,360,949,30,4716,29,1618,20,29
"1217","2020-05-15",125,14,225,291,6198,0.865279122297515,8370,33522,360,949,35,4751,38,1656,31,38
"1218","2020-05-16",116,14,229,287,6198,0.865279122297515,8370,33522,360,949,24,4775,47,1703,15,47
"1219","2020-05-17",101,14,218,277,6198,0.865279122297515,8370,33522,360,949,36,4811,20,1723,27,20
"1220","2020-05-18",89,14,199,270,6198,0.865279122297515,8370,33522,360,949,31,4842,23,1746,23,23
"1221","2020-05-19",76,14,186,267,6198,0.865279122297515,8370,33522,360,949,38,4880,19,1765,25,19
"1222","2020-05-20",74,14,183,249,6198,0.865279122297515,8370,33522,360,949,30,4910,20,1785,21,20
"1223","2020-05-21",74,14,179,240,6198,0.865279122297515,8370,33522,360,949,33,4943,54,1839,23,54
"1224","2020-05-22",81,14,179,226,6198,0.865279122297515,8370,33522,360,949,25,4968,33,1872,14,33
"1225","2020-05-23",77,14,167,221,6198,0.865279122297515,8370,33522,360,949,19,4987,47,1919,13,47
"1226","2020-05-24",85,14,177,214,6198,0.865279122297515,8370,33522,360,949,27,5014,40,1959,23,40
"1227","2020-05-25",87,14,183,208,6198,0.865279122297515,8370,33522,360,949,22,5036,45,2004,14,45
"1228","2020-05-26",76,14,187,205,6198,0.865279122297515,8370,33522,360,949,15,5051,35,2039,11,35
"1229","2020-05-27",79,14,180,200,6198,0.865279122297515,8370,33522,360,949,13,5064,39,2078,8,39
"1230","2020-05-28",74,14,195,185,6198,0.865279122297515,8370,33522,360,949,24,5088,15,2093,15,15
"1231","2020-05-29",77,14,196,179,6198,0.865279122297515,8370,33522,360,949,15,5103,10,2103,12,10
"1232","2020-05-30",76,14,186,173,6198,0.865279122297515,8370,33522,360,949,23,5126,9,2112,17,9
"1233","2020-05-31",63,14,171,168,6198,0.865279122297515,8370,33522,360,949,12,5138,16,2128,8,16
"1234","2020-06-01",63,14,174,164,6198,0.865279122297515,8370,33522,360,949,15,5153,44,2172,11,44
"1235","2020-06-02",65,14,174,154,6198,0.865279122297515,8370,33522,360,949,16,5169,32,2204,13,32
"1236","2020-06-03",59,14,193,148,6198,0.865279122297515,8370,33522,360,949,20,5189,16,2220,13,16
"1237","2020-06-04",56,14,193,139,6198,0.865279122297515,8370,33522,360,949,14,5203,27,2247,10,27
"1238","2020-06-05",51,14,181,132,6198,0.865279122297515,8370,33522,360,949,11,5214,12,2259,6,12
"1239","2020-06-06",43,14,188,134,6198,0.865279122297515,8370,33522,360,949,13,5227,36,2295,10,36
"1240","2020-06-07",41,14,178,123,6198,0.865279122297515,8370,33522,360,949,10,5237,16,2311,6,16
"1241","2020-03-12",2,15,122,96,6440,0.517546583850932,8505,37325,391,1193,42,97,9,21,4,9
"1242","2020-03-13",4,15,136,141,6440,0.517546583850932,8505,37325,391,1193,47,144,10,31,6,10
"1243","2020-03-14",14,15,124,190,6440,0.517546583850932,8505,37325,391,1193,39,183,3,34,9,3
"1244","2020-03-15",28,15,123,265,6440,0.517546583850932,8505,37325,391,1193,54,237,8,42,7,8
"1245","2020-03-16",34,15,150,320,6440,0.517546583850932,8505,37325,391,1193,52,289,2,44,17,2
"1246","2020-03-17",42,15,181,385,6440,0.517546583850932,8505,37325,391,1193,74,363,11,55,22,11
"1247","2020-03-18",54,15,173,466,6440,0.517546583850932,8505,37325,391,1193,77,440,9,64,26,9
"1248","2020-03-19",72,15,189,533,6440,0.517546583850932,8505,37325,391,1193,59,499,13,77,28,13
"1249","2020-03-20",110,15,217,621,6440,0.517546583850932,8505,37325,391,1193,86,585,7,84,42,7
"1250","2020-03-21",120,15,194,691,6440,0.517546583850932,8505,37325,391,1193,69,654,12,96,29,12
"1251","2020-03-22",163,15,179,790,6440,0.517546583850932,8505,37325,391,1193,93,747,10,106,49,10
"1252","2020-03-23",181,15,165,826,6440,0.517546583850932,8505,37325,391,1193,95,842,9,115,50,9
"1253","2020-03-24",197,15,169,869,6440,0.517546583850932,8505,37325,391,1193,84,926,6,121,40,6
"1254","2020-03-25",220,15,234,912,6440,0.517546583850932,8505,37325,391,1193,94,1020,8,129,48,8
"1255","2020-03-26",234,15,266,952,6440,0.517546583850932,8505,37325,391,1193,88,1108,10,139,43,10
"1256","2020-03-27",270,15,304,989,6440,0.517546583850932,8505,37325,391,1193,97,1205,3,142,43,3
"1257","2020-03-28",303,15,270,1023,6440,0.517546583850932,8505,37325,391,1193,104,1309,4,146,53,4
"1258","2020-03-29",323,15,285,1058,6440,0.517546583850932,8505,37325,391,1193,94,1403,12,158,57,12
"1259","2020-03-30",323,15,259,1089,6440,0.517546583850932,8505,37325,391,1193,92,1495,13,171,51,13
"1260","2020-03-31",317,15,272,1112,6440,0.517546583850932,8505,37325,391,1193,113,1608,21,192,69,21
"1261","2020-04-01",327,15,289,1142,6440,0.517546583850932,8505,37325,391,1193,114,1722,24,216,63,24
"1262","2020-04-02",340,15,295,1176,6440,0.517546583850932,8505,37325,391,1193,106,1828,18,234,51,18
"1263","2020-04-03",409,15,275,1198,6440,0.517546583850932,8505,37325,391,1193,93,1921,18,252,59,18
"1264","2020-04-04",446,15,241,1211,6440,0.517546583850932,8505,37325,391,1193,86,2007,21,273,47,21
"1265","2020-04-05",399,15,213,1227,6440,0.517546583850932,8505,37325,391,1193,102,2109,24,297,51,24
"1266","2020-04-06",393,15,207,1196,6440,0.517546583850932,8505,37325,391,1193,84,2193,14,311,40,14
"1267","2020-04-07",401,15,189,1200,6440,0.517546583850932,8505,37325,391,1193,85,2278,32,343,42,32
"1268","2020-04-08",403,15,171,1182,6440,0.517546583850932,8505,37325,391,1193,89,2367,9,352,53,9
"1269","2020-04-09",400,15,172,1169,6440,0.517546583850932,8505,37325,391,1193,89,2456,10,362,42,10
"1270","2020-04-10",466,15,210,1158,6440,0.517546583850932,8505,37325,391,1193,82,2538,10,372,43,10
"1271","2020-04-11",446,15,194,1149,6440,0.517546583850932,8505,37325,391,1193,88,2626,38,410,45,38
"1272","2020-04-12",411,15,189,1138,6440,0.517546583850932,8505,37325,391,1193,98,2724,39,449,45,39
"1273","2020-04-13",409,15,224,1125,6440,0.517546583850932,8505,37325,391,1193,94,2818,33,482,43,33
"1274","2020-04-14",397,15,219,1120,6440,0.517546583850932,8505,37325,391,1193,81,2899,29,511,38,29
"1275","2020-04-15",395,15,194,1096,6440,0.517546583850932,8505,37325,391,1193,85,2984,25,536,39,25
"1276","2020-04-16",395,15,202,1070,6440,0.517546583850932,8505,37325,391,1193,84,3068,11,547,50,11
"1277","2020-04-17",406,15,179,1065,6440,0.517546583850932,8505,37325,391,1193,79,3147,22,569,38,22
"1278","2020-04-18",401,15,163,1057,6440,0.517546583850932,8505,37325,391,1193,71,3218,14,583,29,14
"1279","2020-04-19",372,15,168,1041,6440,0.517546583850932,8505,37325,391,1193,88,3306,14,597,35,14
"1280","2020-04-20",364,15,188,1016,6440,0.517546583850932,8505,37325,391,1193,76,3382,16,613,45,16
"1281","2020-04-21",358,15,205,991,6440,0.517546583850932,8505,37325,391,1193,76,3458,44,657,34,44
"1282","2020-04-22",349,15,255,963,6440,0.517546583850932,8505,37325,391,1193,76,3534,45,702,36,45
"1283","2020-04-23",338,15,277,907,6440,0.517546583850932,8505,37325,391,1193,73,3607,25,727,30,25
"1284","2020-04-24",310,15,308,897,6440,0.517546583850932,8505,37325,391,1193,74,3681,43,770,32,43
"1285","2020-04-25",307,15,300,883,6440,0.517546583850932,8505,37325,391,1193,81,3762,47,817,33,47
"1286","2020-04-26",287,15,264,882,6440,0.517546583850932,8505,37325,391,1193,82,3844,15,832,33,15
"1287","2020-04-27",279,15,239,852,6440,0.517546583850932,8505,37325,391,1193,62,3906,17,849,26,17
"1288","2020-04-28",268,15,252,870,6440,0.517546583850932,8505,37325,391,1193,64,3970,10,859,21,10
"1289","2020-04-29",262,15,230,854,6440,0.517546583850932,8505,37325,391,1193,51,4021,13,872,18,13
"1290","2020-04-30",249,15,215,845,6440,0.517546583850932,8505,37325,391,1193,55,4076,9,881,25,9
"1291","2020-05-01",273,15,210,839,6440,0.517546583850932,8505,37325,391,1193,69,4145,15,896,26,15
"1292","2020-05-02",268,15,240,792,6440,0.517546583850932,8505,37325,391,1193,55,4200,27,923,26,27
"1293","2020-05-03",236,15,273,782,6440,0.517546583850932,8505,37325,391,1193,56,4256,20,943,19,20
"1294","2020-05-04",231,15,278,780,6440,0.517546583850932,8505,37325,391,1193,53,4309,33,976,22,33
"1295","2020-05-05",225,15,290,771,6440,0.517546583850932,8505,37325,391,1193,53,4362,30,1006,18,30
"1296","2020-05-06",223,15,265,784,6440,0.517546583850932,8505,37325,391,1193,45,4407,24,1030,16,24
"1297","2020-05-07",239,15,244,768,6440,0.517546583850932,8505,37325,391,1193,50,4457,28,1058,20,28
"1298","2020-05-08",232,15,214,747,6440,0.517546583850932,8505,37325,391,1193,46,4503,16,1074,14,16
"1299","2020-05-09",240,15,214,724,6440,0.517546583850932,8505,37325,391,1193,48,4551,20,1094,21,20
"1300","2020-05-10",232,15,216,722,6440,0.517546583850932,8505,37325,391,1193,28,4579,34,1128,12,34
"1301","2020-05-11",233,15,226,714,6440,0.517546583850932,8505,37325,391,1193,48,4627,34,1162,21,34
"1302","2020-05-12",232,15,244,687,6440,0.517546583850932,8505,37325,391,1193,42,4669,25,1187,16,25
"1303","2020-05-13",235,15,233,658,6440,0.517546583850932,8505,37325,391,1193,42,4711,8,1195,18,8
"1304","2020-05-14",222,15,215,633,6440,0.517546583850932,8505,37325,391,1193,29,4740,6,1201,11,6
"1305","2020-05-15",238,15,213,619,6440,0.517546583850932,8505,37325,391,1193,29,4769,4,1205,5,4
"1306","2020-05-16",220,15,244,596,6440,0.517546583850932,8505,37325,391,1193,34,4803,6,1211,11,6
"1307","2020-05-17",209,15,270,573,6440,0.517546583850932,8505,37325,391,1193,36,4839,10,1221,5,10
"1308","2020-05-18",209,15,288,564,6440,0.517546583850932,8505,37325,391,1193,40,4879,7,1228,15,7
"1309","2020-05-19",193,15,265,534,6440,0.517546583850932,8505,37325,391,1193,37,4916,30,1258,16,30
"1310","2020-05-20",178,15,293,514,6440,0.517546583850932,8505,37325,391,1193,35,4951,17,1275,18,17
"1311","2020-05-21",174,15,281,485,6440,0.517546583850932,8505,37325,391,1193,35,4986,12,1287,10,12
"1312","2020-05-22",148,15,271,464,6440,0.517546583850932,8505,37325,391,1193,24,5010,22,1309,9,22
"1313","2020-05-23",146,15,249,437,6440,0.517546583850932,8505,37325,391,1193,21,5031,24,1333,3,24
"1314","2020-05-24",162,15,258,417,6440,0.517546583850932,8505,37325,391,1193,39,5070,23,1356,15,23
"1315","2020-05-25",146,15,267,395,6440,0.517546583850932,8505,37325,391,1193,26,5096,16,1372,4,16
"1316","2020-05-26",131,15,242,375,6440,0.517546583850932,8505,37325,391,1193,27,5123,16,1388,9,16
"1317","2020-05-27",126,15,214,362,6440,0.517546583850932,8505,37325,391,1193,24,5147,25,1413,12,25
"1318","2020-05-28",116,15,197,340,6440,0.517546583850932,8505,37325,391,1193,34,5181,18,1431,10,18
"1319","2020-05-29",127,15,173,319,6440,0.517546583850932,8505,37325,391,1193,21,5202,16,1447,8,16
"1320","2020-05-30",126,15,166,304,6440,0.517546583850932,8505,37325,391,1193,24,5226,17,1464,8,17
"1321","2020-05-31",104,15,213,286,6440,0.517546583850932,8505,37325,391,1193,19,5245,15,1479,6,15
"1322","2020-06-01",105,15,246,275,6440,0.517546583850932,8505,37325,391,1193,24,5269,9,1488,12,9
"1323","2020-06-02",100,15,243,273,6440,0.517546583850932,8505,37325,391,1193,20,5289,8,1496,4,8
"1324","2020-06-03",103,15,263,263,6440,0.517546583850932,8505,37325,391,1193,17,5306,17,1513,8,17
"1325","2020-06-04",104,15,258,247,6440,0.517546583850932,8505,37325,391,1193,17,5323,11,1524,7,11
"1326","2020-06-05",100,15,238,239,6440,0.517546583850932,8505,37325,391,1193,20,5343,14,1538,6,14
"1327","2020-06-06",97,15,218,228,6440,0.517546583850932,8505,37325,391,1193,16,5359,11,1549,6,11
"1328","2020-06-07",83,15,211,207,6440,0.517546583850932,8505,37325,391,1193,6,5365,10,1559,2,10
"1329","2020-03-13",1,16,43,41,6134,0.85507010107597,8415,32802,373,1067,34,98,33,87,6,33
"1330","2020-03-14",2,16,54,54,6134,0.85507010107597,8415,32802,373,1067,45,143,46,133,19,46
"1331","2020-03-15",3,16,60,80,6134,0.85507010107597,8415,32802,373,1067,38,181,33,166,16,33
"1332","2020-03-16",6,16,53,104,6134,0.85507010107597,8415,32802,373,1067,56,237,28,194,10,28
"1333","2020-03-17",8,16,56,120,6134,0.85507010107597,8415,32802,373,1067,57,294,46,240,31,46
"1334","2020-03-18",14,16,50,157,6134,0.85507010107597,8415,32802,373,1067,55,349,41,281,30,41
"1335","2020-03-19",18,16,57,187,6134,0.85507010107597,8415,32802,373,1067,64,413,38,319,43,38
"1336","2020-03-20",30,16,91,221,6134,0.85507010107597,8415,32802,373,1067,73,486,47,366,45,47
"1337","2020-03-21",52,16,116,247,6134,0.85507010107597,8415,32802,373,1067,86,572,42,408,54,42
"1338","2020-03-22",64,16,131,293,6134,0.85507010107597,8415,32802,373,1067,78,650,33,441,45,33
"1339","2020-03-23",67,16,137,341,6134,0.85507010107597,8415,32802,373,1067,76,726,37,478,53,37
"1340","2020-03-24",74,16,134,389,6134,0.85507010107597,8415,32802,373,1067,101,827,45,523,72,45
"1341","2020-03-25",79,16,132,418,6134,0.85507010107597,8415,32802,373,1067,94,921,56,579,64,56
"1342","2020-03-26",94,16,144,471,6134,0.85507010107597,8415,32802,373,1067,81,1002,53,632,57,53
"1343","2020-03-27",122,16,154,544,6134,0.85507010107597,8415,32802,373,1067,107,1109,43,675,79,43
"1344","2020-03-28",120,16,149,613,6134,0.85507010107597,8415,32802,373,1067,99,1208,31,706,69,31
"1345","2020-03-29",138,16,147,680,6134,0.85507010107597,8415,32802,373,1067,96,1304,42,748,75,42
"1346","2020-03-30",152,16,142,742,6134,0.85507010107597,8415,32802,373,1067,95,1399,29,777,62,29
"1347","2020-03-31",158,16,168,807,6134,0.85507010107597,8415,32802,373,1067,95,1494,25,802,62,25
"1348","2020-04-01",181,16,205,908,6134,0.85507010107597,8415,32802,373,1067,109,1603,38,840,75,38
"1349","2020-04-02",191,16,216,1004,6134,0.85507010107597,8415,32802,373,1067,88,1691,41,881,63,41
"1350","2020-04-03",256,16,200,1073,6134,0.85507010107597,8415,32802,373,1067,109,1800,35,916,81,35
"1351","2020-04-04",323,16,207,1170,6134,0.85507010107597,8415,32802,373,1067,115,1915,31,947,81,31
"1352","2020-04-05",319,16,202,1223,6134,0.85507010107597,8415,32802,373,1067,104,2019,62,1009,76,62
"1353","2020-04-06",318,16,206,1326,6134,0.85507010107597,8415,32802,373,1067,115,2134,61,1070,86,61
"1354","2020-04-07",337,16,214,1421,6134,0.85507010107597,8415,32802,373,1067,126,2260,41,1111,91,41
"1355","2020-04-08",381,16,217,1485,6134,0.85507010107597,8415,32802,373,1067,106,2366,33,1144,77,33
"1356","2020-04-09",402,16,199,1567,6134,0.85507010107597,8415,32802,373,1067,108,2474,20,1164,80,20
"1357","2020-04-10",514,16,198,1601,6134,0.85507010107597,8415,32802,373,1067,126,2600,54,1218,77,54
"1358","2020-04-11",532,16,185,1657,6134,0.85507010107597,8415,32802,373,1067,103,2703,66,1284,75,66
"1359","2020-04-12",528,16,187,1699,6134,0.85507010107597,8415,32802,373,1067,112,2815,42,1326,81,42
"1360","2020-04-13",534,16,179,1744,6134,0.85507010107597,8415,32802,373,1067,96,2911,48,1374,62,48
"1361","2020-04-14",525,16,174,1740,6134,0.85507010107597,8415,32802,373,1067,126,3037,33,1407,99,33
"1362","2020-04-15",514,16,190,1746,6134,0.85507010107597,8415,32802,373,1067,88,3125,30,1437,66,30
"1363","2020-04-16",530,16,197,1787,6134,0.85507010107597,8415,32802,373,1067,102,3227,31,1468,70,31
"1364","2020-04-17",575,16,223,1788,6134,0.85507010107597,8415,32802,373,1067,88,3315,24,1492,53,24
"1365","2020-04-18",562,16,277,1791,6134,0.85507010107597,8415,32802,373,1067,86,3401,28,1520,46,28
"1366","2020-04-19",554,16,292,1808,6134,0.85507010107597,8415,32802,373,1067,109,3510,39,1559,77,39
"1367","2020-04-20",553,16,272,1783,6134,0.85507010107597,8415,32802,373,1067,73,3583,33,1592,46,33
"1368","2020-04-21",562,16,250,1702,6134,0.85507010107597,8415,32802,373,1067,83,3666,34,1626,56,34
"1369","2020-04-22",555,16,261,1632,6134,0.85507010107597,8415,32802,373,1067,89,3755,29,1655,56,29
"1370","2020-04-23",557,16,285,1584,6134,0.85507010107597,8415,32802,373,1067,88,3843,36,1691,61,36
"1371","2020-04-24",580,16,280,1521,6134,0.85507010107597,8415,32802,373,1067,79,3922,60,1751,53,60
"1372","2020-04-25",576,16,263,1484,6134,0.85507010107597,8415,32802,373,1067,68,3990,47,1798,47,47
"1373","2020-04-26",506,16,242,1439,6134,0.85507010107597,8415,32802,373,1067,77,4067,53,1851,46,53
"1374","2020-04-27",503,16,223,1341,6134,0.85507010107597,8415,32802,373,1067,63,4130,47,1898,41,47
"1375","2020-04-28",489,16,213,1279,6134,0.85507010107597,8415,32802,373,1067,71,4201,51,1949,39,51
"1376","2020-04-29",480,16,206,1210,6134,0.85507010107597,8415,32802,373,1067,68,4269,30,1979,41,30
"1377","2020-04-30",442,16,197,1153,6134,0.85507010107597,8415,32802,373,1067,77,4346,50,2029,50,50
"1378","2020-05-01",415,16,209,1062,6134,0.85507010107597,8415,32802,373,1067,58,4404,36,2065,30,36
"1379","2020-05-02",399,16,223,996,6134,0.85507010107597,8415,32802,373,1067,48,4452,42,2107,31,42
"1380","2020-05-03",379,16,225,926,6134,0.85507010107597,8415,32802,373,1067,55,4507,32,2139,35,32
"1381","2020-05-04",363,16,249,861,6134,0.85507010107597,8415,32802,373,1067,52,4559,53,2192,30,53
"1382","2020-05-05",346,16,274,805,6134,0.85507010107597,8415,32802,373,1067,59,4618,32,2224,35,32
"1383","2020-05-06",329,16,252,752,6134,0.85507010107597,8415,32802,373,1067,70,4688,35,2259,45,35
"1384","2020-05-07",320,16,231,693,6134,0.85507010107597,8415,32802,373,1067,54,4742,41,2300,26,41
"1385","2020-05-08",289,16,203,643,6134,0.85507010107597,8415,32802,373,1067,46,4788,34,2334,26,34
"1386","2020-05-09",280,16,215,608,6134,0.85507010107597,8415,32802,373,1067,61,4849,35,2369,35,35
"1387","2020-05-10",232,16,204,557,6134,0.85507010107597,8415,32802,373,1067,40,4889,38,2407,28,38
"1388","2020-05-11",205,16,202,506,6134,0.85507010107597,8415,32802,373,1067,37,4926,29,2436,19,29
"1389","2020-05-12",183,16,218,455,6134,0.85507010107597,8415,32802,373,1067,35,4961,31,2467,23,31
"1390","2020-05-13",170,16,215,428,6134,0.85507010107597,8415,32802,373,1067,37,4998,27,2494,21,27
"1391","2020-05-14",162,16,201,405,6134,0.85507010107597,8415,32802,373,1067,29,5027,55,2549,16,55
"1392","2020-05-15",146,16,229,370,6134,0.85507010107597,8415,32802,373,1067,43,5070,72,2621,27,72
"1393","2020-05-16",130,16,229,322,6134,0.85507010107597,8415,32802,373,1067,29,5099,55,2676,13,55
"1394","2020-05-17",116,16,235,295,6134,0.85507010107597,8415,32802,373,1067,42,5141,42,2718,25,42
"1395","2020-05-18",111,16,232,259,6134,0.85507010107597,8415,32802,373,1067,29,5170,32,2750,16,32
"1396","2020-05-19",107,16,238,245,6134,0.85507010107597,8415,32802,373,1067,26,5196,42,2792,12,42
"1397","2020-05-20",93,16,237,225,6134,0.85507010107597,8415,32802,373,1067,23,5219,33,2825,12,33
"1398","2020-05-21",91,16,225,204,6134,0.85507010107597,8415,32802,373,1067,28,5247,30,2855,16,30
"1399","2020-05-22",74,16,220,178,6134,0.85507010107597,8415,32802,373,1067,21,5268,29,2884,16,29
"1400","2020-05-23",72,16,210,173,6134,0.85507010107597,8415,32802,373,1067,22,5290,35,2919,12,35
"1401","2020-05-24",70,16,209,164,6134,0.85507010107597,8415,32802,373,1067,24,5314,33,2952,11,33
"1402","2020-05-25",65,16,231,150,6134,0.85507010107597,8415,32802,373,1067,21,5335,37,2989,14,37
"1403","2020-05-26",57,16,258,136,6134,0.85507010107597,8415,32802,373,1067,19,5354,57,3046,8,57
"1404","2020-05-27",57,16,250,128,6134,0.85507010107597,8415,32802,373,1067,14,5368,47,3093,8,47
"1405","2020-05-28",50,16,239,116,6134,0.85507010107597,8415,32802,373,1067,8,5376,50,3143,7,50
"1406","2020-05-29",47,16,219,109,6134,0.85507010107597,8415,32802,373,1067,23,5399,62,3205,9,62
"1407","2020-05-30",47,16,225,99,6134,0.85507010107597,8415,32802,373,1067,15,5414,45,3250,6,45
"1408","2020-05-31",38,16,213,92,6134,0.85507010107597,8415,32802,373,1067,16,5430,37,3287,11,37
"1409","2020-06-01",34,16,198,87,6134,0.85507010107597,8415,32802,373,1067,16,5446,30,3317,6,30
"1410","2020-06-02",34,16,181,79,6134,0.85507010107597,8415,32802,373,1067,9,5455,21,3338,3,21
"1411","2020-06-03",30,16,160,80,6134,0.85507010107597,8415,32802,373,1067,12,5467,25,3363,4,25
"1412","2020-06-04",29,16,160,78,6134,0.85507010107597,8415,32802,373,1067,17,5484,24,3387,9,24
"1413","2020-06-05",34,16,152,71,6134,0.85507010107597,8415,32802,373,1067,7,5491,29,3416,2,29
"1414","2020-06-06",28,16,143,59,6134,0.85507010107597,8415,32802,373,1067,9,5500,40,3456,4,40
"1415","2020-06-07",21,16,140,56,6134,0.85507010107597,8415,32802,373,1067,18,5518,36,3492,8,36
"1416","2020-03-12",2,17,74,46,5842,0.665011982197877,8265,32888,352,989,12,20,22,49,6,22
"1417","2020-03-13",3,17,100,77,5842,0.665011982197877,8265,32888,352,989,21,41,12,61,17,12
"1418","2020-03-14",10,17,98,112,5842,0.665011982197877,8265,32888,352,989,15,56,18,79,10,18
"1419","2020-03-15",14,17,122,154,5842,0.665011982197877,8265,32888,352,989,27,83,13,92,21,13
"1420","2020-03-16",17,17,127,192,5842,0.665011982197877,8265,32888,352,989,27,110,38,130,20,38
"1421","2020-03-17",26,17,135,239,5842,0.665011982197877,8265,32888,352,989,41,151,21,151,36,21
"1422","2020-03-18",34,17,112,291,5842,0.665011982197877,8265,32888,352,989,40,191,30,181,36,30
"1423","2020-03-19",41,17,117,338,5842,0.665011982197877,8265,32888,352,989,53,244,32,213,41,32
"1424","2020-03-20",65,17,105,387,5842,0.665011982197877,8265,32888,352,989,53,297,35,248,47,35
"1425","2020-03-21",79,17,98,469,5842,0.665011982197877,8265,32888,352,989,60,357,44,292,55,44
"1426","2020-03-22",109,17,98,521,5842,0.665011982197877,8265,32888,352,989,78,435,38,330,76,38
"1427","2020-03-23",115,17,122,572,5842,0.665011982197877,8265,32888,352,989,60,495,36,366,56,36
"1428","2020-03-24",104,17,127,648,5842,0.665011982197877,8265,32888,352,989,107,602,34,400,101,34
"1429","2020-03-25",126,17,117,713,5842,0.665011982197877,8265,32888,352,989,87,689,50,450,85,50
"1430","2020-03-26",148,17,119,783,5842,0.665011982197877,8265,32888,352,989,116,805,34,484,108,34
"1431","2020-03-27",207,17,125,818,5842,0.665011982197877,8265,32888,352,989,124,929,26,510,121,26
"1432","2020-03-28",222,17,146,890,5842,0.665011982197877,8265,32888,352,989,107,1036,30,540,98,30
"1433","2020-03-29",260,17,151,986,5842,0.665011982197877,8265,32888,352,989,142,1178,51,591,135,51
"1434","2020-03-30",286,17,185,1023,5842,0.665011982197877,8265,32888,352,989,121,1299,42,633,115,42
"1435","2020-03-31",293,17,185,1094,5842,0.665011982197877,8265,32888,352,989,161,1460,34,667,149,34
"1436","2020-04-01",309,17,182,1138,5842,0.665011982197877,8265,32888,352,989,148,1608,18,685,143,18
"1437","2020-04-02",318,17,210,1188,5842,0.665011982197877,8265,32888,352,989,196,1804,14,699,190,14
"1438","2020-04-03",402,17,240,1231,5842,0.665011982197877,8265,32888,352,989,172,1976,11,710,168,11
"1439","2020-04-04",428,17,253,1267,5842,0.665011982197877,8265,32888,352,989,165,2141,12,722,161,12
"1440","2020-04-05",422,17,277,1296,5842,0.665011982197877,8265,32888,352,989,183,2324,12,734,179,12
"1441","2020-04-06",415,17,284,1324,5842,0.665011982197877,8265,32888,352,989,198,2522,20,754,190,20
"1442","2020-04-07",434,17,290,1314,5842,0.665011982197877,8265,32888,352,989,197,2719,19,773,193,19
"1443","2020-04-08",433,17,293,1318,5842,0.665011982197877,8265,32888,352,989,178,2897,35,808,176,35
"1444","2020-04-09",439,17,297,1317,5842,0.665011982197877,8265,32888,352,989,162,3059,33,841,159,33
"1445","2020-04-10",468,17,269,1293,5842,0.665011982197877,8265,32888,352,989,206,3265,52,893,200,52
"1446","2020-04-11",488,17,234,1267,5842,0.665011982197877,8265,32888,352,989,163,3428,58,951,159,58
"1447","2020-04-12",418,17,226,1259,5842,0.665011982197877,8265,32888,352,989,152,3580,65,1016,148,65
"1448","2020-04-13",424,17,203,1263,5842,0.665011982197877,8265,32888,352,989,186,3766,52,1068,180,52
"1449","2020-04-14",404,17,183,1270,5842,0.665011982197877,8265,32888,352,989,130,3896,59,1127,127,59
"1450","2020-04-15",411,17,184,1262,5842,0.665011982197877,8265,32888,352,989,154,4050,52,1179,148,52
"1451","2020-04-16",406,17,210,1265,5842,0.665011982197877,8265,32888,352,989,152,4202,29,1208,147,29
"1452","2020-04-17",441,17,208,1237,5842,0.665011982197877,8265,32888,352,989,120,4322,30,1238,114,30
"1453","2020-04-18",441,17,203,1220,5842,0.665011982197877,8265,32888,352,989,124,4446,20,1258,119,20
"1454","2020-04-19",446,17,191,1201,5842,0.665011982197877,8265,32888,352,989,94,4540,27,1285,88,27
"1455","2020-04-20",436,17,205,1177,5842,0.665011982197877,8265,32888,352,989,115,4655,19,1304,112,19
"1456","2020-04-21",435,17,222,1167,5842,0.665011982197877,8265,32888,352,989,111,4766,20,1324,108,20
"1457","2020-04-22",418,17,222,1170,5842,0.665011982197877,8265,32888,352,989,63,4829,13,1337,59,13
"1458","2020-04-23",422,17,218,1150,5842,0.665011982197877,8265,32888,352,989,68,4897,19,1356,66,19
"1459","2020-04-24",415,17,238,1109,5842,0.665011982197877,8265,32888,352,989,90,4987,23,1379,86,23
"1460","2020-04-25",411,17,246,1084,5842,0.665011982197877,8265,32888,352,989,67,5054,20,1399,65,20
"1461","2020-04-26",372,17,229,1046,5842,0.665011982197877,8265,32888,352,989,67,5121,31,1430,67,31
"1462","2020-04-27",369,17,257,1011,5842,0.665011982197877,8265,32888,352,989,70,5191,23,1453,68,23
"1463","2020-04-28",369,17,279,971,5842,0.665011982197877,8265,32888,352,989,50,5241,21,1474,45,21
"1464","2020-04-29",361,17,247,934,5842,0.665011982197877,8265,32888,352,989,54,5295,43,1517,51,43
"1465","2020-04-30",344,17,241,893,5842,0.665011982197877,8265,32888,352,989,40,5335,51,1568,36,51
"1466","2020-05-01",334,17,248,836,5842,0.665011982197877,8265,32888,352,989,41,5376,38,1606,38,38
"1467","2020-05-02",309,17,259,802,5842,0.665011982197877,8265,32888,352,989,58,5434,52,1658,55,52
"1468","2020-05-03",293,17,224,761,5842,0.665011982197877,8265,32888,352,989,39,5473,27,1685,39,27
"1469","2020-05-04",270,17,194,722,5842,0.665011982197877,8265,32888,352,989,36,5509,20,1705,34,20
"1470","2020-05-05",245,17,169,699,5842,0.665011982197877,8265,32888,352,989,27,5536,44,1749,23,44
"1471","2020-05-06",245,17,159,676,5842,0.665011982197877,8265,32888,352,989,28,5564,24,1773,25,24
"1472","2020-05-07",234,17,149,639,5842,0.665011982197877,8265,32888,352,989,26,5590,28,1801,25,28
"1473","2020-05-08",221,17,179,609,5842,0.665011982197877,8265,32888,352,989,24,5614,28,1829,22,28
"1474","2020-05-09",215,17,200,573,5842,0.665011982197877,8265,32888,352,989,19,5633,21,1850,17,21
"1475","2020-05-10",196,17,208,547,5842,0.665011982197877,8265,32888,352,989,25,5658,50,1900,21,50
"1476","2020-05-11",196,17,234,522,5842,0.665011982197877,8265,32888,352,989,13,5671,30,1930,12,30
"1477","2020-05-12",177,17,236,488,5842,0.665011982197877,8265,32888,352,989,18,5689,31,1961,17,31
"1478","2020-05-13",168,17,232,466,5842,0.665011982197877,8265,32888,352,989,12,5701,26,1987,10,26
"1479","2020-05-14",164,17,257,431,5842,0.665011982197877,8265,32888,352,989,11,5712,18,2005,8,18
"1480","2020-05-15",145,17,233,407,5842,0.665011982197877,8265,32888,352,989,16,5728,16,2021,14,16
"1481","2020-05-16",143,17,210,385,5842,0.665011982197877,8265,32888,352,989,17,5745,11,2032,14,11
"1482","2020-05-17",127,17,183,379,5842,0.665011982197877,8265,32888,352,989,5,5750,14,2046,5,14
"1483","2020-05-18",115,17,155,353,5842,0.665011982197877,8265,32888,352,989,15,5765,22,2068,12,22
"1484","2020-05-19",118,17,128,345,5842,0.665011982197877,8265,32888,352,989,10,5775,21,2089,10,21
"1485","2020-05-20",106,17,122,322,5842,0.665011982197877,8265,32888,352,989,8,5783,35,2124,6,35
"1486","2020-05-21",113,17,119,292,5842,0.665011982197877,8265,32888,352,989,9,5792,48,2172,8,48
"1487","2020-05-22",110,17,109,276,5842,0.665011982197877,8265,32888,352,989,13,5805,44,2216,10,44
"1488","2020-05-23",116,17,98,273,5842,0.665011982197877,8265,32888,352,989,6,5811,27,2243,5,27
"1489","2020-05-24",102,17,94,276,5842,0.665011982197877,8265,32888,352,989,6,5817,17,2260,6,17
"1490","2020-05-25",96,17,94,263,5842,0.665011982197877,8265,32888,352,989,14,5831,15,2275,12,15
"1491","2020-05-26",90,17,149,254,5842,0.665011982197877,8265,32888,352,989,8,5839,9,2284,5,9
"1492","2020-05-27",93,17,178,232,5842,0.665011982197877,8265,32888,352,989,6,5845,34,2318,5,34
"1493","2020-05-28",84,17,174,226,5842,0.665011982197877,8265,32888,352,989,5,5850,26,2344,4,26
"1494","2020-05-29",84,17,167,212,5842,0.665011982197877,8265,32888,352,989,7,5857,29,2373,7,29
"1495","2020-05-30",70,17,138,206,5842,0.665011982197877,8265,32888,352,989,8,5865,12,2385,7,12
"1496","2020-05-31",66,17,152,194,5842,0.665011982197877,8265,32888,352,989,4,5869,16,2401,4,16
"1497","2020-06-01",63,17,156,184,5842,0.665011982197877,8265,32888,352,989,9,5878,22,2423,9,22
"1498","2020-06-02",59,17,172,174,5842,0.665011982197877,8265,32888,352,989,9,5887,16,2439,8,16
"1499","2020-06-03",60,17,154,175,5842,0.665011982197877,8265,32888,352,989,4,5891,18,2457,4,18
"1500","2020-06-04",57,17,142,167,5842,0.665011982197877,8265,32888,352,989,6,5897,22,2479,6,22
"1501","2020-06-05",52,17,143,161,5842,0.665011982197877,8265,32888,352,989,6,5903,23,2502,5,23
"1502","2020-06-06",50,17,140,150,5842,0.665011982197877,8265,32888,352,989,8,5911,16,2518,7,16
"1503","2020-06-07",45,17,126,132,5842,0.665011982197877,8265,32888,352,989,6,5917,20,2538,6,20
"1504","2020-03-07",1,18,0,0,6020,0.834551495016611,8430,32877,303,1021,NA,NA,NA,NA,NA,NA
"1505","2020-03-08",1,18,0,0,6020,0.834551495016611,8430,32877,303,1021,NA,NA,NA,NA,NA,NA
"1506","2020-03-09",0,18,0,0,6020,0.834551495016611,8430,32877,303,1021,NA,NA,NA,NA,NA,NA
"1507","2020-03-10",0,18,0,0,6020,0.834551495016611,8430,32877,303,1021,NA,NA,NA,NA,NA,NA
"1508","2020-03-11",0,18,0,0,6020,0.834551495016611,8430,32877,303,1021,7,7,4,4,NA,4
"1509","2020-03-12",0,18,0,0,6020,0.834551495016611,8430,32877,303,1021,7,14,23,27,1,23
"1510","2020-03-13",0,18,0,0,6020,0.834551495016611,8430,32877,303,1021,11,25,38,65,2,38
"1511","2020-03-14",4,18,69,65,6020,0.834551495016611,8430,32877,303,1021,7,32,14,79,3,14
"1512","2020-03-15",7,18,104,85,6020,0.834551495016611,8430,32877,303,1021,13,45,29,108,8,29
"1513","2020-03-16",11,18,134,120,6020,0.834551495016611,8430,32877,303,1021,22,67,33,141,11,33
"1514","2020-03-17",15,18,168,148,6020,0.834551495016611,8430,32877,303,1021,16,83,16,157,10,16
"1515","2020-03-18",16,18,196,187,6020,0.834551495016611,8430,32877,303,1021,19,102,21,178,14,21
"1516","2020-03-19",20,18,252,218,6020,0.834551495016611,8430,32877,303,1021,28,130,30,208,21,30
"1517","2020-03-20",34,18,242,257,6020,0.834551495016611,8430,32877,303,1021,24,154,35,243,20,35
"1518","2020-03-21",58,18,224,306,6020,0.834551495016611,8430,32877,303,1021,24,178,29,272,17,29
"1519","2020-03-22",64,18,218,332,6020,0.834551495016611,8430,32877,303,1021,34,212,34,306,29,34
"1520","2020-03-23",64,18,188,389,6020,0.834551495016611,8430,32877,303,1021,28,240,36,342,24,36
"1521","2020-03-24",70,18,171,435,6020,0.834551495016611,8430,32877,303,1021,32,272,42,384,27,42
"1522","2020-03-25",81,18,160,480,6020,0.834551495016611,8430,32877,303,1021,52,324,42,426,44,42
"1523","2020-03-26",92,18,148,541,6020,0.834551495016611,8430,32877,303,1021,54,378,27,453,45,27
"1524","2020-03-27",134,18,171,610,6020,0.834551495016611,8430,32877,303,1021,62,440,12,465,57,12
"1525","2020-03-28",126,18,143,705,6020,0.834551495016611,8430,32877,303,1021,74,514,5,470,61,5
"1526","2020-03-29",167,18,133,763,6020,0.834551495016611,8430,32877,303,1021,70,584,7,477,66,7
"1527","2020-03-30",185,18,125,839,6020,0.834551495016611,8430,32877,303,1021,74,658,2,479,65,2
"1528","2020-03-31",192,18,129,891,6020,0.834551495016611,8430,32877,303,1021,93,751,29,508,86,29
"1529","2020-04-01",210,18,172,977,6020,0.834551495016611,8430,32877,303,1021,91,842,25,533,80,25
"1530","2020-04-02",224,18,165,1034,6020,0.834551495016611,8430,32877,303,1021,94,936,16,549,86,16
"1531","2020-04-03",278,18,163,1097,6020,0.834551495016611,8430,32877,303,1021,137,1073,5,554,133,5
"1532","2020-04-04",365,18,160,1163,6020,0.834551495016611,8430,32877,303,1021,132,1205,17,571,129,17
"1533","2020-04-05",338,18,209,1230,6020,0.834551495016611,8430,32877,303,1021,116,1321,33,604,109,33
"1534","2020-04-06",336,18,218,1292,6020,0.834551495016611,8430,32877,303,1021,141,1462,44,648,137,44
"1535","2020-04-07",370,18,233,1370,6020,0.834551495016611,8430,32877,303,1021,148,1610,32,680,134,32
"1536","2020-04-08",399,18,222,1417,6020,0.834551495016611,8430,32877,303,1021,160,1770,28,708,156,28
"1537","2020-04-09",425,18,187,1453,6020,0.834551495016611,8430,32877,303,1021,159,1929,20,728,149,20
"1538","2020-04-10",512,18,204,1472,6020,0.834551495016611,8430,32877,303,1021,207,2136,34,762,200,34
"1539","2020-04-11",527,18,223,1527,6020,0.834551495016611,8430,32877,303,1021,229,2365,20,782,220,20
"1540","2020-04-12",499,18,201,1569,6020,0.834551495016611,8430,32877,303,1021,141,2506,34,816,136,34
"1541","2020-04-13",493,18,186,1582,6020,0.834551495016611,8430,32877,303,1021,173,2679,16,832,166,16
"1542","2020-04-14",485,18,209,1615,6020,0.834551495016611,8430,32877,303,1021,196,2875,27,859,190,27
"1543","2020-04-15",491,18,197,1637,6020,0.834551495016611,8430,32877,303,1021,175,3050,21,880,170,21
"1544","2020-04-16",501,18,186,1643,6020,0.834551495016611,8430,32877,303,1021,170,3220,18,898,159,18
"1545","2020-04-17",583,18,157,1644,6020,0.834551495016611,8430,32877,303,1021,171,3391,15,913,167,15
"1546","2020-04-18",538,18,145,1641,6020,0.834551495016611,8430,32877,303,1021,180,3571,17,930,174,17
"1547","2020-04-19",543,18,146,1643,6020,0.834551495016611,8430,32877,303,1021,195,3766,28,958,184,28
"1548","2020-04-20",556,18,198,1644,6020,0.834551495016611,8430,32877,303,1021,176,3942,14,972,169,14
"1549","2020-04-21",551,18,201,1626,6020,0.834551495016611,8430,32877,303,1021,161,4103,13,985,153,13
"1550","2020-04-22",543,18,228,1618,6020,0.834551495016611,8430,32877,303,1021,122,4225,54,1039,118,54
"1551","2020-04-23",542,18,203,1566,6020,0.834551495016611,8430,32877,303,1021,119,4344,54,1093,110,54
"1552","2020-04-24",544,18,189,1545,6020,0.834551495016611,8430,32877,303,1021,108,4452,26,1119,99,26
"1553","2020-04-25",569,18,181,1515,6020,0.834551495016611,8430,32877,303,1021,106,4558,26,1145,99,26
"1554","2020-04-26",508,18,164,1468,6020,0.834551495016611,8430,32877,303,1021,92,4650,19,1164,88,19
"1555","2020-04-27",500,18,166,1392,6020,0.834551495016611,8430,32877,303,1021,102,4752,10,1174,96,10
"1556","2020-04-28",489,18,219,1314,6020,0.834551495016611,8430,32877,303,1021,90,4842,41,1215,86,41
"1557","2020-04-29",489,18,231,1227,6020,0.834551495016611,8430,32877,303,1021,91,4933,20,1235,84,20
"1558","2020-04-30",470,18,256,1151,6020,0.834551495016611,8430,32877,303,1021,79,5012,29,1264,75,29
"1559","2020-05-01",433,18,271,1068,6020,0.834551495016611,8430,32877,303,1021,68,5080,48,1312,62,48
"1560","2020-05-02",417,18,292,977,6020,0.834551495016611,8430,32877,303,1021,67,5147,32,1344,65,32
"1561","2020-05-03",389,18,292,906,6020,0.834551495016611,8430,32877,303,1021,47,5194,22,1366,38,22
"1562","2020-05-04",366,18,281,849,6020,0.834551495016611,8430,32877,303,1021,75,5269,18,1384,69,18
"1563","2020-05-05",353,18,244,771,6020,0.834551495016611,8430,32877,303,1021,43,5312,14,1398,39,14
"1564","2020-05-06",324,18,238,713,6020,0.834551495016611,8430,32877,303,1021,51,5363,11,1409,49,11
"1565","2020-05-07",304,18,248,654,6020,0.834551495016611,8430,32877,303,1021,43,5406,47,1456,35,47
"1566","2020-05-08",291,18,267,605,6020,0.834551495016611,8430,32877,303,1021,38,5444,50,1506,36,50
"1567","2020-05-09",267,18,315,546,6020,0.834551495016611,8430,32877,303,1021,30,5474,31,1537,28,31
"1568","2020-05-10",235,18,294,502,6020,0.834551495016611,8430,32877,303,1021,35,5509,19,1556,32,19
"1569","2020-05-11",220,18,292,467,6020,0.834551495016611,8430,32877,303,1021,28,5537,13,1569,27,13
"1570","2020-05-12",195,18,293,427,6020,0.834551495016611,8430,32877,303,1021,18,5555,39,1608,13,39
"1571","2020-05-13",176,18,287,395,6020,0.834551495016611,8430,32877,303,1021,14,5569,54,1662,10,54
"1572","2020-05-14",164,18,261,368,6020,0.834551495016611,8430,32877,303,1021,20,5589,43,1705,19,43
"1573","2020-05-15",130,18,231,349,6020,0.834551495016611,8430,32877,303,1021,15,5604,34,1739,11,34
"1574","2020-05-16",123,18,209,310,6020,0.834551495016611,8430,32877,303,1021,15,5619,22,1761,15,22
"1575","2020-05-17",117,18,175,269,6020,0.834551495016611,8430,32877,303,1021,10,5629,24,1785,7,24
"1576","2020-05-18",107,18,143,245,6020,0.834551495016611,8430,32877,303,1021,17,5646,23,1808,15,23
"1577","2020-05-19",103,18,149,224,6020,0.834551495016611,8430,32877,303,1021,11,5657,39,1847,8,39
"1578","2020-05-20",101,18,183,221,6020,0.834551495016611,8430,32877,303,1021,9,5666,39,1886,9,39
"1579","2020-05-21",93,18,213,205,6020,0.834551495016611,8430,32877,303,1021,7,5673,22,1908,6,22
"1580","2020-05-22",88,18,221,186,6020,0.834551495016611,8430,32877,303,1021,6,5679,20,1928,3,20
"1581","2020-05-23",82,18,197,166,6020,0.834551495016611,8430,32877,303,1021,10,5689,11,1939,8,11
"1582","2020-05-24",67,18,173,146,6020,0.834551495016611,8430,32877,303,1021,11,5700,23,1962,8,23
"1583","2020-05-25",61,18,161,136,6020,0.834551495016611,8430,32877,303,1021,10,5710,35,1997,6,35
"1584","2020-05-26",53,18,136,123,6020,0.834551495016611,8430,32877,303,1021,9,5719,20,2017,3,20
"1585","2020-05-27",53,18,136,116,6020,0.834551495016611,8430,32877,303,1021,8,5727,16,2033,7,16
"1586","2020-05-28",50,18,130,107,6020,0.834551495016611,8430,32877,303,1021,5,5732,37,2070,3,37
"1587","2020-05-29",36,18,147,103,6020,0.834551495016611,8430,32877,303,1021,4,5736,22,2092,2,22
"1588","2020-05-30",31,18,139,102,6020,0.834551495016611,8430,32877,303,1021,6,5742,16,2108,5,16
"1589","2020-05-31",34,18,173,101,6020,0.834551495016611,8430,32877,303,1021,6,5748,25,2133,4,25
"1590","2020-06-01",34,18,171,103,6020,0.834551495016611,8430,32877,303,1021,3,5751,29,2162,3,29
"1591","2020-06-02",29,18,185,94,6020,0.834551495016611,8430,32877,303,1021,3,5754,28,2190,2,28
"1592","2020-06-03",24,18,183,94,6020,0.834551495016611,8430,32877,303,1021,4,5758,13,2203,2,13
"1593","2020-06-04",23,18,192,90,6020,0.834551495016611,8430,32877,303,1021,4,5762,16,2219,4,16
"1594","2020-06-05",28,18,194,84,6020,0.834551495016611,8430,32877,303,1021,6,5768,30,2249,2,30
"1595","2020-06-06",38,18,178,83,6020,0.834551495016611,8430,32877,303,1021,3,5771,26,2275,3,26
"1596","2020-06-07",34,18,175,85,6020,0.834551495016611,8430,32877,303,1021,5,5776,22,2297,4,22
"1597","2020-03-07",1,19,0,0,4728,0.536167512690355,8310,31801,247,622,NA,NA,NA,NA,NA,NA
"1598","2020-03-08",1,19,0,0,4728,0.536167512690355,8310,31801,247,622,NA,NA,NA,NA,NA,NA
"1599","2020-03-09",0,19,0,0,4728,0.536167512690355,8310,31801,247,622,NA,NA,NA,NA,NA,NA
"1600","2020-03-10",0,19,0,0,4728,0.536167512690355,8310,31801,247,622,NA,NA,7,7,NA,7
"1601","2020-03-11",0,19,0,0,4728,0.536167512690355,8310,31801,247,622,26,26,7,14,NA,7
"1602","2020-03-12",0,19,0,0,4728,0.536167512690355,8310,31801,247,622,35,61,19,33,1,19
"1603","2020-03-13",4,19,32,98,4728,0.536167512690355,8310,31801,247,622,40,101,12,45,5,12
"1604","2020-03-14",9,19,60,126,4728,0.536167512690355,8310,31801,247,622,30,131,30,75,8,30
"1605","2020-03-15",21,19,70,164,4728,0.536167512690355,8310,31801,247,622,41,172,27,102,17,27
"1606","2020-03-16",23,19,55,205,4728,0.536167512690355,8310,31801,247,622,45,217,17,119,18,17
"1607","2020-03-17",27,19,53,239,4728,0.536167512690355,8310,31801,247,622,73,290,10,129,40,10
"1608","2020-03-18",32,19,52,281,4728,0.536167512690355,8310,31801,247,622,53,343,29,158,25,29
"1609","2020-03-19",42,19,64,323,4728,0.536167512690355,8310,31801,247,622,64,407,12,170,42,12
"1610","2020-03-20",63,19,58,354,4728,0.536167512690355,8310,31801,247,622,70,477,23,193,46,23
"1611","2020-03-21",88,19,58,399,4728,0.536167512690355,8310,31801,247,622,112,589,18,211,78,18
"1612","2020-03-22",98,19,53,450,4728,0.536167512690355,8310,31801,247,622,103,692,31,242,72,31
"1613","2020-03-23",108,19,60,480,4728,0.536167512690355,8310,31801,247,622,103,795,21,263,85,21
"1614","2020-03-24",114,19,77,524,4728,0.536167512690355,8310,31801,247,622,121,916,43,306,91,43
"1615","2020-03-25",123,19,81,544,4728,0.536167512690355,8310,31801,247,622,113,1029,21,327,96,21
"1616","2020-03-26",141,19,80,573,4728,0.536167512690355,8310,31801,247,622,127,1156,30,357,108,30
"1617","2020-03-27",162,19,108,599,4728,0.536167512690355,8310,31801,247,622,124,1280,39,396,104,39
"1618","2020-03-28",181,19,131,636,4728,0.536167512690355,8310,31801,247,622,178,1458,24,420,144,24
"1619","2020-03-29",182,19,126,657,4728,0.536167512690355,8310,31801,247,622,161,1619,50,470,129,50
"1620","2020-03-30",195,19,128,680,4728,0.536167512690355,8310,31801,247,622,146,1765,36,506,123,36
"1621","2020-03-31",193,19,123,698,4728,0.536167512690355,8310,31801,247,622,177,1942,24,530,140,24
"1622","2020-04-01",203,19,130,728,4728,0.536167512690355,8310,31801,247,622,150,2092,42,572,117,42
"1623","2020-04-02",202,19,120,744,4728,0.536167512690355,8310,31801,247,622,169,2261,33,605,150,33
"1624","2020-04-03",248,19,112,747,4728,0.536167512690355,8310,31801,247,622,196,2457,41,646,169,41
"1625","2020-04-04",272,19,99,770,4728,0.536167512690355,8310,31801,247,622,199,2656,17,663,168,17
"1626","2020-04-05",262,19,96,787,4728,0.536167512690355,8310,31801,247,622,147,2803,21,684,116,21
"1627","2020-04-06",243,19,113,796,4728,0.536167512690355,8310,31801,247,622,189,2992,15,699,156,15
"1628","2020-04-07",262,19,118,826,4728,0.536167512690355,8310,31801,247,622,153,3145,15,714,133,15
"1629","2020-04-08",258,19,114,822,4728,0.536167512690355,8310,31801,247,622,195,3340,15,729,170,15
"1630","2020-04-09",253,19,116,833,4728,0.536167512690355,8310,31801,247,622,170,3510,15,744,147,15
"1631","2020-04-10",288,19,127,850,4728,0.536167512690355,8310,31801,247,622,174,3684,16,760,152,16
"1632","2020-04-11",254,19,126,862,4728,0.536167512690355,8310,31801,247,622,144,3828,61,821,124,61
"1633","2020-04-12",254,19,132,875,4728,0.536167512690355,8310,31801,247,622,141,3969,37,858,128,37
"1634","2020-04-13",251,19,147,877,4728,0.536167512690355,8310,31801,247,622,181,4150,53,911,145,53
"1635","2020-04-14",237,19,192,865,4728,0.536167512690355,8310,31801,247,622,135,4285,51,962,118,51
"1636","2020-04-15",247,19,206,851,4728,0.536167512690355,8310,31801,247,622,122,4407,45,1007,110,45
"1637","2020-04-16",254,19,217,846,4728,0.536167512690355,8310,31801,247,622,111,4518,69,1076,92,69
"1638","2020-04-17",261,19,210,856,4728,0.536167512690355,8310,31801,247,622,126,4644,31,1107,110,31
"1639","2020-04-18",280,19,218,849,4728,0.536167512690355,8310,31801,247,622,103,4747,55,1162,83,55
"1640","2020-04-19",266,19,225,842,4728,0.536167512690355,8310,31801,247,622,100,4847,33,1195,84,34
"1641","2020-04-20",283,19,209,859,4728,0.536167512690355,8310,31801,247,622,96,4943,16,1211,76,16
"1642","2020-04-21",289,19,200,869,4728,0.536167512690355,8310,31801,247,622,95,5038,52,1263,78,52
"1643","2020-04-22",297,19,195,865,4728,0.536167512690355,8310,31801,247,622,74,5112,28,1291,61,28
"1644","2020-04-23",304,19,214,833,4728,0.536167512690355,8310,31801,247,622,72,5184,39,1330,57,39
"1645","2020-04-24",321,19,220,839,4728,0.536167512690355,8310,31801,247,622,68,5252,36,1366,47,36
"1646","2020-04-25",349,19,214,814,4728,0.536167512690355,8310,31801,247,622,71,5323,14,1380,60,14
"1647","2020-04-26",329,19,192,782,4728,0.536167512690355,8310,31801,247,622,68,5391,15,1395,49,15
"1648","2020-04-27",313,19,186,752,4728,0.536167512690355,8310,31801,247,622,60,5451,25,1420,42,25
"1649","2020-04-28",293,19,185,719,4728,0.536167512690355,8310,31801,247,622,62,5513,50,1470,49,50
"1650","2020-04-29",276,19,171,686,4728,0.536167512690355,8310,31801,247,622,50,5563,23,1493,39,23
"1651","2020-04-30",260,19,180,669,4728,0.536167512690355,8310,31801,247,622,45,5608,14,1507,30,14
"1652","2020-05-01",243,19,181,650,4728,0.536167512690355,8310,31801,247,622,45,5653,11,1518,35,11
"1653","2020-05-02",233,19,176,642,4728,0.536167512690355,8310,31801,247,622,36,5689,5,1523,23,5
"1654","2020-05-03",209,19,155,639,4728,0.536167512690355,8310,31801,247,622,43,5732,13,1536,31,13
"1655","2020-05-04",194,19,141,629,4728,0.536167512690355,8310,31801,247,622,43,5775,48,1584,25,48
"1656","2020-05-05",198,19,131,611,4728,0.536167512690355,8310,31801,247,622,32,5807,58,1642,19,58
"1657","2020-05-06",203,19,161,595,4728,0.536167512690355,8310,31801,247,622,31,5838,49,1691,17,49
"1658","2020-05-07",209,19,187,583,4728,0.536167512690355,8310,31801,247,622,23,5861,29,1720,10,29
"1659","2020-05-08",224,19,182,579,4728,0.536167512690355,8310,31801,247,622,28,5889,22,1742,16,22
"1660","2020-05-09",218,19,204,580,4728,0.536167512690355,8310,31801,247,622,33,5922,45,1787,20,45
"1661","2020-05-10",191,19,192,554,4728,0.536167512690355,8310,31801,247,622,22,5944,48,1835,10,48
"1662","2020-05-11",184,19,174,561,4728,0.536167512690355,8310,31801,247,622,23,5967,30,1865,14,30
"1663","2020-05-12",188,19,179,551,4728,0.536167512690355,8310,31801,247,622,17,5984,13,1878,4,13
"1664","2020-05-13",185,19,177,528,4728,0.536167512690355,8310,31801,247,622,17,6001,16,1894,8,16
"1665","2020-05-14",172,19,204,522,4728,0.536167512690355,8310,31801,247,622,14,6015,17,1911,5,17
"1666","2020-05-15",180,19,206,510,4728,0.536167512690355,8310,31801,247,622,22,6037,50,1961,13,50
"1667","2020-05-16",172,19,188,490,4728,0.536167512690355,8310,31801,247,622,14,6051,28,1989,8,28
"1668","2020-05-17",173,19,178,476,4728,0.536167512690355,8310,31801,247,622,16,6067,17,2006,8,17
"1669","2020-05-18",165,19,183,446,4728,0.536167512690355,8310,31801,247,622,12,6079,19,2025,7,19
"1670","2020-05-19",154,19,178,437,4728,0.536167512690355,8310,31801,247,622,25,6104,18,2043,12,18
"1671","2020-05-20",151,19,183,427,4728,0.536167512690355,8310,31801,247,622,21,6125,21,2064,13,21
"1672","2020-05-21",152,19,205,404,4728,0.536167512690355,8310,31801,247,622,14,6139,39,2103,6,39
"1673","2020-05-22",140,19,204,387,4728,0.536167512690355,8310,31801,247,622,15,6154,25,2128,6,25
"1674","2020-05-23",135,19,213,383,4728,0.536167512690355,8310,31801,247,622,15,6169,26,2154,6,26
"1675","2020-05-24",124,19,221,354,4728,0.536167512690355,8310,31801,247,622,14,6183,37,2191,5,37
"1676","2020-05-25",114,19,206,331,4728,0.536167512690355,8310,31801,247,622,16,6199,40,2231,9,40
"1677","2020-05-26",108,19,204,311,4728,0.536167512690355,8310,31801,247,622,10,6209,47,2278,6,47
"1678","2020-05-27",101,19,197,304,4728,0.536167512690355,8310,31801,247,622,14,6223,26,2304,4,26
"1679","2020-05-28",101,19,183,289,4728,0.536167512690355,8310,31801,247,622,15,6238,32,2336,9,32
"1680","2020-05-29",88,19,171,270,4728,0.536167512690355,8310,31801,247,622,8,6246,15,2351,6,15
"1681","2020-05-30",79,19,165,255,4728,0.536167512690355,8310,31801,247,622,12,6258,10,2361,7,10
"1682","2020-05-31",80,19,148,252,4728,0.536167512690355,8310,31801,247,622,11,6269,33,2394,4,33
"1683","2020-06-01",83,19,122,241,4728,0.536167512690355,8310,31801,247,622,9,6278,23,2417,4,23
"1684","2020-06-02",74,19,110,229,4728,0.536167512690355,8310,31801,247,622,7,6285,26,2443,5,26
"1685","2020-06-03",71,19,105,222,4728,0.536167512690355,8310,31801,247,622,16,6301,28,2471,10,28
"1686","2020-06-04",67,19,98,211,4728,0.536167512690355,8310,31801,247,622,9,6310,34,2505,2,34
"1687","2020-06-05",70,19,104,197,4728,0.536167512690355,8310,31801,247,622,7,6317,26,2531,2,26
"1688","2020-06-06",77,19,118,185,4728,0.536167512690355,8310,31801,247,622,10,6327,28,2559,2,28
"1689","2020-06-07",73,19,143,173,4728,0.536167512690355,8310,31801,247,622,9,6336,37,2596,4,37
"1690","2020-03-13",2,20,59,20,5859,0.925584570745861,8340,33272,296,987,14,29,12,34,1,12
"1691","2020-03-14",2,20,90,30,5859,0.925584570745861,8340,33272,296,987,15,44,8,42,4,8
"1692","2020-03-15",4,20,97,45,5859,0.925584570745861,8340,33272,296,987,8,52,17,59,3,17
"1693","2020-03-16",5,20,115,64,5859,0.925584570745861,8340,33272,296,987,18,70,17,76,8,17
"1694","2020-03-17",9,20,129,89,5859,0.925584570745861,8340,33272,296,987,27,97,6,82,18,6
"1695","2020-03-18",14,20,153,113,5859,0.925584570745861,8340,33272,296,987,31,128,15,97,23,15
"1696","2020-03-19",16,20,162,147,5859,0.925584570745861,8340,33272,296,987,35,163,17,114,18,17
"1697","2020-03-20",21,20,161,178,5859,0.925584570745861,8340,33272,296,987,30,193,22,136,22,22
"1698","2020-03-21",24,20,146,201,5859,0.925584570745861,8340,33272,296,987,29,222,15,151,25,15
"1699","2020-03-22",48,20,176,232,5859,0.925584570745861,8340,33272,296,987,48,270,17,168,36,17
"1700","2020-03-23",58,20,214,281,5859,0.925584570745861,8340,33272,296,987,50,320,23,191,35,23
"1701","2020-03-24",55,20,202,343,5859,0.925584570745861,8340,33272,296,987,52,372,24,215,42,24
"1702","2020-03-25",62,20,186,393,5859,0.925584570745861,8340,33272,296,987,66,438,19,234,52,19
"1703","2020-03-26",75,20,188,440,5859,0.925584570745861,8340,33272,296,987,78,516,21,255,65,21
"1704","2020-03-27",96,20,197,478,5859,0.925584570745861,8340,33272,296,987,60,576,18,273,52,18
"1705","2020-03-28",125,20,167,537,5859,0.925584570745861,8340,33272,296,987,89,665,24,297,80,24
"1706","2020-03-29",137,20,147,585,5859,0.925584570745861,8340,33272,296,987,99,764,27,324,82,27
"1707","2020-03-30",155,20,152,654,5859,0.925584570745861,8340,33272,296,987,73,837,28,352,61,28
"1708","2020-03-31",160,20,189,699,5859,0.925584570745861,8340,33272,296,987,144,981,17,369,132,17
"1709","2020-04-01",173,20,204,762,5859,0.925584570745861,8340,33272,296,987,119,1100,26,395,101,26
"1710","2020-04-02",185,20,223,833,5859,0.925584570745861,8340,33272,296,987,142,1242,18,413,129,18
"1711","2020-04-03",246,20,205,906,5859,0.925584570745861,8340,33272,296,987,145,1387,39,452,130,39
"1712","2020-04-04",278,20,199,973,5859,0.925584570745861,8340,33272,296,987,122,1509,36,488,115,36
"1713","2020-04-05",300,20,240,1042,5859,0.925584570745861,8340,33272,296,987,149,1658,43,531,143,43
"1714","2020-04-06",300,20,229,1081,5859,0.925584570745861,8340,33272,296,987,151,1809,39,570,138,39
"1715","2020-04-07",305,20,248,1123,5859,0.925584570745861,8340,33272,296,987,131,1940,19,589,120,19
"1716","2020-04-08",311,20,254,1163,5859,0.925584570745861,8340,33272,296,987,182,2122,49,638,174,49
"1717","2020-04-09",322,20,271,1248,5859,0.925584570745861,8340,33272,296,987,171,2293,37,675,156,37
"1718","2020-04-10",387,20,234,1311,5859,0.925584570745861,8340,33272,296,987,140,2433,41,716,130,41
"1719","2020-04-11",427,20,207,1338,5859,0.925584570745861,8340,33272,296,987,180,2613,48,764,163,48
"1720","2020-04-12",391,20,215,1406,5859,0.925584570745861,8340,33272,296,987,169,2782,46,810,164,46
"1721","2020-04-13",390,20,203,1446,5859,0.925584570745861,8340,33272,296,987,142,2924,35,845,134,35
"1722","2020-04-14",394,20,222,1479,5859,0.925584570745861,8340,33272,296,987,155,3079,55,900,138,55
"1723","2020-04-15",400,20,224,1519,5859,0.925584570745861,8340,33272,296,987,161,3240,42,942,149,42
"1724","2020-04-16",432,20,231,1585,5859,0.925584570745861,8340,33272,296,987,166,3406,56,998,159,56
"1725","2020-04-17",548,20,236,1589,5859,0.925584570745861,8340,33272,296,987,177,3583,56,1054,168,56
"1726","2020-04-18",538,20,235,1630,5859,0.925584570745861,8340,33272,296,987,152,3735,39,1093,144,39
"1727","2020-04-19",507,20,226,1618,5859,0.925584570745861,8340,33272,296,987,134,3869,45,1138,126,45
"1728","2020-04-20",505,20,229,1629,5859,0.925584570745861,8340,33272,296,987,115,3984,47,1185,109,47
"1729","2020-04-21",524,20,274,1618,5859,0.925584570745861,8340,33272,296,987,118,4102,36,1221,105,36
"1730","2020-04-22",556,20,293,1585,5859,0.925584570745861,8340,33272,296,987,121,4223,32,1253,112,32
"1731","2020-04-23",550,20,308,1561,5859,0.925584570745861,8340,33272,296,987,97,4320,44,1297,93,44
"1732","2020-04-24",555,20,280,1523,5859,0.925584570745861,8340,33272,296,987,90,4410,33,1330,86,33
"1733","2020-04-25",560,20,264,1457,5859,0.925584570745861,8340,33272,296,987,86,4496,34,1364,83,34
"1734","2020-04-26",520,20,248,1400,5859,0.925584570745861,8340,33272,296,987,103,4599,33,1397,92,33
"1735","2020-04-27",524,20,232,1355,5859,0.925584570745861,8340,33272,296,987,90,4689,30,1427,83,30
"1736","2020-04-28",516,20,227,1305,5859,0.925584570745861,8340,33272,296,987,80,4769,27,1454,74,27
"1737","2020-04-29",481,20,207,1257,5859,0.925584570745861,8340,33272,296,987,86,4855,24,1478,77,24
"1738","2020-04-30",462,20,178,1174,5859,0.925584570745861,8340,33272,296,987,80,4935,25,1503,74,25
"1739","2020-05-01",430,20,162,1084,5859,0.925584570745861,8340,33272,296,987,53,4988,39,1542,45,39
"1740","2020-05-02",392,20,156,1040,5859,0.925584570745861,8340,33272,296,987,49,5037,33,1575,45,33
"1741","2020-05-03",372,20,141,965,5859,0.925584570745861,8340,33272,296,987,55,5092,44,1619,48,44
"1742","2020-05-04",342,20,130,928,5859,0.925584570745861,8340,33272,296,987,43,5135,59,1678,39,59
"1743","2020-05-05",320,20,140,867,5859,0.925584570745861,8340,33272,296,987,56,5191,34,1712,48,34
"1744","2020-05-06",311,20,128,809,5859,0.925584570745861,8340,33272,296,987,43,5234,27,1739,38,27
"1745","2020-05-07",300,20,135,767,5859,0.925584570745861,8340,33272,296,987,39,5273,35,1774,28,35
"1746","2020-05-08",263,20,143,721,5859,0.925584570745861,8340,33272,296,987,42,5315,27,1801,28,27
"1747","2020-05-09",275,20,176,695,5859,0.925584570745861,8340,33272,296,987,32,5347,36,1837,20,36
"1748","2020-05-10",250,20,213,650,5859,0.925584570745861,8340,33272,296,987,28,5375,33,1870,23,33
"1749","2020-05-11",227,20,236,619,5859,0.925584570745861,8340,33272,296,987,21,5396,43,1913,15,43
"1750","2020-05-12",208,20,225,577,5859,0.925584570745861,8340,33272,296,987,25,5421,24,1937,22,24
"1751","2020-05-13",213,20,201,550,5859,0.925584570745861,8340,33272,296,987,24,5445,40,1977,19,40
"1752","2020-05-14",202,20,222,508,5859,0.925584570745861,8340,33272,296,987,15,5460,39,2016,13,39
"1753","2020-05-15",180,20,247,465,5859,0.925584570745861,8340,33272,296,987,22,5482,31,2047,12,31
"1754","2020-05-16",166,20,239,422,5859,0.925584570745861,8340,33272,296,987,17,5499,47,2094,12,47
"1755","2020-05-17",157,20,208,406,5859,0.925584570745861,8340,33272,296,987,17,5516,41,2135,12,41
"1756","2020-05-18",155,20,182,377,5859,0.925584570745861,8340,33272,296,987,13,5529,34,2169,8,34
"1757","2020-05-19",159,20,195,357,5859,0.925584570745861,8340,33272,296,987,17,5546,46,2215,14,46
"1758","2020-05-20",137,20,190,334,5859,0.925584570745861,8340,33272,296,987,13,5559,39,2254,9,39
"1759","2020-05-21",123,20,165,309,5859,0.925584570745861,8340,33272,296,987,14,5573,40,2294,10,40
"1760","2020-05-22",122,20,170,289,5859,0.925584570745861,8340,33272,296,987,17,5590,29,2323,11,29
"1761","2020-05-23",113,20,187,271,5859,0.925584570745861,8340,33272,296,987,16,5606,39,2362,12,39
"1762","2020-05-24",107,20,221,248,5859,0.925584570745861,8340,33272,296,987,14,5620,27,2389,9,27
"1763","2020-05-25",101,20,234,234,5859,0.925584570745861,8340,33272,296,987,11,5631,37,2426,6,37
"1764","2020-05-26",87,20,217,220,5859,0.925584570745861,8340,33272,296,987,13,5644,36,2462,9,36
"1765","2020-05-27",88,20,184,192,5859,0.925584570745861,8340,33272,296,987,13,5657,32,2494,7,32
"1766","2020-05-28",90,20,181,184,5859,0.925584570745861,8340,33272,296,987,5,5662,20,2514,4,20
"1767","2020-05-29",87,20,199,173,5859,0.925584570745861,8340,33272,296,987,9,5671,26,2540,6,26
"1768","2020-05-30",84,20,196,168,5859,0.925584570745861,8340,33272,296,987,7,5678,13,2553,7,13
"1769","2020-05-31",73,20,173,154,5859,0.925584570745861,8340,33272,296,987,9,5687,21,2574,5,21
"1770","2020-06-01",65,20,181,142,5859,0.925584570745861,8340,33272,296,987,7,5694,19,2593,5,19
"1771","2020-06-02",64,20,201,132,5859,0.925584570745861,8340,33272,296,987,5,5699,25,2618,4,25
"1772","2020-06-03",61,20,200,128,5859,0.925584570745861,8340,33272,296,987,3,5702,34,2652,2,34
"1773","2020-06-04",55,20,199,123,5859,0.925584570745861,8340,33272,296,987,3,5705,27,2679,1,27
"1774","2020-06-05",41,20,223,112,5859,0.925584570745861,8340,33272,296,987,3,5708,24,2703,2,24
"1775","2020-06-06",39,20,224,103,5859,0.925584570745861,8340,33272,296,987,6,5714,16,2719,5,16
"1776","2020-06-07",39,20,219,90,5859,0.925584570745861,8340,33272,296,987,5,5719,20,2739,3,20
