"","Date","Absents","Paramset","Infections_or_Exposed_per_day_Patient","Infections_or_Exposed_per_day_HCW","total_infections","nosocomial_proportion","PCR_pooled","LFD_pooled","HCW_symp_test","patient_symp_test","new_hcw_infs","cumulative_hcw_infs","new_pat_infs","cumulative_pats_infs","new_nosocomial_hcw_infs","new_nosocomial_pat_infs"
"1","2020-03-13",1,1,24,74,3897,0.467282525019246,8415,28434,224,488,23,74,5,16,3,5
"2","2020-03-14",6,1,30,103,3897,0.467282525019246,8415,28434,224,488,30,104,7,23,1,7
"3","2020-03-15",12,1,37,129,3897,0.467282525019246,8415,28434,224,488,26,130,10,33,5,10
"4","2020-03-16",15,1,43,164,3897,0.467282525019246,8415,28434,224,488,35,165,10,43,11,10
"5","2020-03-17",17,1,36,195,3897,0.467282525019246,8415,28434,224,488,31,196,3,46,13,3
"6","2020-03-18",26,1,46,219,3897,0.467282525019246,8415,28434,224,488,29,225,14,60,14,14
"7","2020-03-19",36,1,42,247,3897,0.467282525019246,8415,28434,224,488,36,261,6,66,8,6
"8","2020-03-20",55,1,41,283,3897,0.467282525019246,8415,28434,224,488,44,305,5,71,23,5
"9","2020-03-21",84,1,40,304,3897,0.467282525019246,8415,28434,224,488,36,341,12,83,17,12
"10","2020-03-22",92,1,42,344,3897,0.467282525019246,8415,28434,224,488,51,392,10,93,26,10
"11","2020-03-23",93,1,40,368,3897,0.467282525019246,8415,28434,224,488,41,433,7,100,20,7
"12","2020-03-24",98,1,37,388,3897,0.467282525019246,8415,28434,224,488,46,479,10,110,18,10
"13","2020-03-25",106,1,42,420,3897,0.467282525019246,8415,28434,224,488,58,537,13,123,29,13
"14","2020-03-26",110,1,48,432,3897,0.467282525019246,8415,28434,224,488,45,582,7,130,23,7
"15","2020-03-27",140,1,58,440,3897,0.467282525019246,8415,28434,224,488,39,621,17,147,18,17
"16","2020-03-28",144,1,62,451,3897,0.467282525019246,8415,28434,224,488,38,659,13,160,16,13
"17","2020-03-29",144,1,78,469,3897,0.467282525019246,8415,28434,224,488,46,705,20,180,22,20
"18","2020-03-30",153,1,61,476,3897,0.467282525019246,8415,28434,224,488,50,755,2,182,25,2
"19","2020-03-31",157,1,79,484,3897,0.467282525019246,8415,28434,224,488,41,796,20,202,19,20
"20","2020-04-01",159,1,74,506,3897,0.467282525019246,8415,28434,224,488,65,861,11,213,36,11
"21","2020-04-02",160,1,80,514,3897,0.467282525019246,8415,28434,224,488,44,905,22,235,21,22
"22","2020-04-03",179,1,88,516,3897,0.467282525019246,8415,28434,224,488,53,958,19,254,29,19
"23","2020-04-04",192,1,87,513,3897,0.467282525019246,8415,28434,224,488,45,1003,15,269,26,15
"24","2020-04-05",174,1,80,535,3897,0.467282525019246,8415,28434,224,488,61,1064,9,278,35,9
"25","2020-04-06",157,1,72,534,3897,0.467282525019246,8415,28434,224,488,46,1110,7,285,24,7
"26","2020-04-07",156,1,73,542,3897,0.467282525019246,8415,28434,224,488,49,1159,12,297,22,12
"27","2020-04-08",154,1,86,554,3897,0.467282525019246,8415,28434,224,488,61,1220,24,321,32,24
"28","2020-04-09",165,1,100,571,3897,0.467282525019246,8415,28434,224,488,61,1281,24,345,28,24
"29","2020-04-10",180,1,129,590,3897,0.467282525019246,8415,28434,224,488,63,1344,39,384,29,39
"30","2020-04-11",165,1,124,600,3897,0.467282525019246,8415,28434,224,488,58,1402,18,402,24,18
"31","2020-04-12",179,1,118,581,3897,0.467282525019246,8415,28434,224,488,42,1444,20,422,23,20
"32","2020-04-13",184,1,118,582,3897,0.467282525019246,8415,28434,224,488,53,1497,17,439,28,17
"33","2020-04-14",190,1,105,599,3897,0.467282525019246,8415,28434,224,488,64,1561,14,453,37,14
"34","2020-04-15",198,1,94,619,3897,0.467282525019246,8415,28434,224,488,55,1616,12,465,29,12
"35","2020-04-16",196,1,89,619,3897,0.467282525019246,8415,28434,224,488,53,1669,14,479,27,14
"36","2020-04-17",222,1,104,619,3897,0.467282525019246,8415,28434,224,488,58,1727,22,501,29,22
"37","2020-04-18",219,1,111,624,3897,0.467282525019246,8415,28434,224,488,65,1792,23,524,38,23
"38","2020-04-19",206,1,121,638,3897,0.467282525019246,8415,28434,224,488,64,1856,25,549,38,25
"39","2020-04-20",203,1,114,652,3897,0.467282525019246,8415,28434,224,488,52,1908,18,567,28,18
"40","2020-04-21",195,1,119,633,3897,0.467282525019246,8415,28434,224,488,35,1943,28,595,18,28
"41","2020-04-22",196,1,126,646,3897,0.467282525019246,8415,28434,224,488,77,2020,28,623,36,28
"42","2020-04-23",205,1,110,649,3897,0.467282525019246,8415,28434,224,488,62,2082,15,638,40,15
"43","2020-04-24",197,1,92,652,3897,0.467282525019246,8415,28434,224,488,55,2137,12,650,31,12
"44","2020-04-25",217,1,105,644,3897,0.467282525019246,8415,28434,224,488,56,2193,20,670,30,20
"45","2020-04-26",214,1,108,638,3897,0.467282525019246,8415,28434,224,488,51,2244,18,688,30,18
"46","2020-04-27",215,1,100,631,3897,0.467282525019246,8415,28434,224,488,46,2290,14,702,20,14
"47","2020-04-28",208,1,97,624,3897,0.467282525019246,8415,28434,224,488,51,2341,13,715,23,13
"48","2020-04-29",205,1,93,623,3897,0.467282525019246,8415,28434,224,488,62,2403,12,727,39,12
"49","2020-04-30",190,1,95,624,3897,0.467282525019246,8415,28434,224,488,61,2464,11,738,28,11
"50","2020-05-01",202,1,99,619,3897,0.467282525019246,8415,28434,224,488,55,2519,17,755,25,17
"51","2020-05-02",203,1,94,619,3897,0.467282525019246,8415,28434,224,488,54,2573,15,770,31,15
"52","2020-05-03",190,1,84,596,3897,0.467282525019246,8415,28434,224,488,44,2617,7,777,24,7
"53","2020-05-04",184,1,87,598,3897,0.467282525019246,8415,28434,224,488,43,2660,20,797,14,20
"54","2020-05-05",185,1,89,584,3897,0.467282525019246,8415,28434,224,488,51,2711,11,808,24,11
"55","2020-05-06",180,1,76,563,3897,0.467282525019246,8415,28434,224,488,38,2749,8,816,22,8
"56","2020-05-07",177,1,80,545,3897,0.467282525019246,8415,28434,224,488,41,2790,17,833,22,17
"57","2020-05-08",180,1,87,549,3897,0.467282525019246,8415,28434,224,488,56,2846,15,848,27,15
"58","2020-05-09",175,1,109,527,3897,0.467282525019246,8415,28434,224,488,34,2880,27,875,19,27
"59","2020-05-10",172,1,115,523,3897,0.467282525019246,8415,28434,224,488,43,2923,26,901,24,26
"60","2020-05-11",171,1,117,520,3897,0.467282525019246,8415,28434,224,488,39,2962,22,923,20,22
"61","2020-05-12",156,1,108,525,3897,0.467282525019246,8415,28434,224,488,47,3009,14,937,27,14
"62","2020-05-13",153,1,119,502,3897,0.467282525019246,8415,28434,224,488,38,3047,25,962,21,25
"63","2020-05-14",156,1,118,494,3897,0.467282525019246,8415,28434,224,488,44,3091,23,985,23,23
"64","2020-05-15",164,1,111,479,3897,0.467282525019246,8415,28434,224,488,34,3125,21,1006,12,21
"65","2020-05-16",157,1,117,464,3897,0.467282525019246,8415,28434,224,488,46,3171,18,1024,26,18
"66","2020-05-17",139,1,121,454,3897,0.467282525019246,8415,28434,224,488,31,3202,22,1046,18,22
"67","2020-05-18",139,1,119,447,3897,0.467282525019246,8415,28434,224,488,44,3246,19,1065,22,19
"68","2020-05-19",143,1,116,436,3897,0.467282525019246,8415,28434,224,488,33,3279,23,1088,13,23
"69","2020-05-20",151,1,112,420,3897,0.467282525019246,8415,28434,224,488,34,3313,12,1100,14,12
"70","2020-05-21",149,1,106,421,3897,0.467282525019246,8415,28434,224,488,35,3348,12,1112,18,12
"71","2020-05-22",144,1,100,423,3897,0.467282525019246,8415,28434,224,488,38,3386,15,1127,18,15
"72","2020-05-23",151,1,106,413,3897,0.467282525019246,8415,28434,224,488,26,3412,27,1154,11,27
"73","2020-05-24",148,1,106,407,3897,0.467282525019246,8415,28434,224,488,33,3445,20,1174,16,20
"74","2020-05-25",152,1,111,391,3897,0.467282525019246,8415,28434,224,488,28,3473,20,1194,13,20
"75","2020-05-26",142,1,107,373,3897,0.467282525019246,8415,28434,224,488,20,3493,15,1209,12,15
"76","2020-05-27",129,1,92,362,3897,0.467282525019246,8415,28434,224,488,28,3521,8,1217,19,8
"77","2020-05-28",125,1,79,344,3897,0.467282525019246,8415,28434,224,488,28,3549,10,1227,11,10
"78","2020-05-29",127,1,93,331,3897,0.467282525019246,8415,28434,224,488,19,3568,23,1250,9,23
"79","2020-05-30",117,1,74,306,3897,0.467282525019246,8415,28434,224,488,18,3586,8,1258,10,8
"80","2020-05-31",110,1,71,291,3897,0.467282525019246,8415,28434,224,488,17,3603,10,1268,7,10
"81","2020-06-01",98,1,66,283,3897,0.467282525019246,8415,28434,224,488,20,3623,11,1279,9,11
"82","2020-06-02",95,1,64,256,3897,0.467282525019246,8415,28434,224,488,12,3635,6,1285,4,6
"83","2020-06-03",98,1,60,248,3897,0.467282525019246,8415,28434,224,488,19,3654,9,1294,13,9
"84","2020-06-04",92,1,60,236,3897,0.467282525019246,8415,28434,224,488,23,3677,11,1305,9,11
"85","2020-06-05",91,1,57,227,3897,0.467282525019246,8415,28434,224,488,15,3692,6,1311,5,6
"86","2020-06-06",89,1,55,213,3897,0.467282525019246,8415,28434,224,488,13,3705,10,1321,3,10
"87","2020-06-07",73,1,51,196,3897,0.467282525019246,8415,28434,224,488,10,3715,7,1328,6,7
"88","2020-03-14",2,2,23,49,4709,0.810787853047356,8340,30578,285,301,15,75,8,19,2,8
"89","2020-03-15",5,2,27,65,4709,0.810787853047356,8340,30578,285,301,30,105,11,30,11,11
"90","2020-03-16",6,2,34,84,4709,0.810787853047356,8340,30578,285,301,27,132,7,37,11,7
"91","2020-03-17",10,2,45,100,4709,0.810787853047356,8340,30578,285,301,23,155,7,44,14,7
"92","2020-03-18",16,2,52,123,4709,0.810787853047356,8340,30578,285,301,39,194,19,63,19,19
"93","2020-03-19",22,2,58,139,4709,0.810787853047356,8340,30578,285,301,40,234,16,79,21,16
"94","2020-03-20",26,2,75,160,4709,0.810787853047356,8340,30578,285,301,29,263,10,89,14,10
"95","2020-03-21",35,2,75,189,4709,0.810787853047356,8340,30578,285,301,27,290,13,102,12,13
"96","2020-03-22",41,2,79,214,4709,0.810787853047356,8340,30578,285,301,46,336,9,111,24,9
"97","2020-03-23",47,2,76,249,4709,0.810787853047356,8340,30578,285,301,33,369,6,117,15,6
"98","2020-03-24",51,2,73,265,4709,0.810787853047356,8340,30578,285,301,49,418,9,126,30,9
"99","2020-03-25",50,2,64,278,4709,0.810787853047356,8340,30578,285,301,52,470,14,140,29,14
"100","2020-03-26",62,2,50,310,4709,0.810787853047356,8340,30578,285,301,56,526,14,154,35,14
"101","2020-03-27",83,2,42,327,4709,0.810787853047356,8340,30578,285,301,59,585,12,166,40,12
"102","2020-03-28",116,2,37,366,4709,0.810787853047356,8340,30578,285,301,53,638,8,174,38,8
"103","2020-03-29",113,2,35,391,4709,0.810787853047356,8340,30578,285,301,46,684,13,187,30,13
"104","2020-03-30",107,2,40,409,4709,0.810787853047356,8340,30578,285,301,46,730,15,202,29,15
"105","2020-03-31",113,2,46,432,4709,0.810787853047356,8340,30578,285,301,50,780,20,222,33,20
"106","2020-04-01",122,2,50,467,4709,0.810787853047356,8340,30578,285,301,59,839,18,240,39,18
"107","2020-04-02",125,2,65,510,4709,0.810787853047356,8340,30578,285,301,66,905,14,254,39,14
"108","2020-04-03",156,2,67,542,4709,0.810787853047356,8340,30578,285,301,53,958,15,269,31,15
"109","2020-04-04",167,2,57,559,4709,0.810787853047356,8340,30578,285,301,58,1016,20,289,38,20
"110","2020-04-05",179,2,59,603,4709,0.810787853047356,8340,30578,285,301,47,1063,14,303,32,14
"111","2020-04-06",191,2,68,651,4709,0.810787853047356,8340,30578,285,301,64,1127,11,314,40,11
"112","2020-04-07",201,2,67,700,4709,0.810787853047356,8340,30578,285,301,55,1182,8,322,37,8
"113","2020-04-08",213,2,74,754,4709,0.810787853047356,8340,30578,285,301,74,1256,14,336,53,14
"114","2020-04-09",213,2,70,782,4709,0.810787853047356,8340,30578,285,301,72,1328,22,358,52,22
"115","2020-04-10",243,2,67,832,4709,0.810787853047356,8340,30578,285,301,56,1384,18,376,39,18
"116","2020-04-11",256,2,78,864,4709,0.810787853047356,8340,30578,285,301,60,1444,18,394,33,18
"117","2020-04-12",249,2,75,896,4709,0.810787853047356,8340,30578,285,301,60,1504,9,403,33,9
"118","2020-04-13",247,2,76,923,4709,0.810787853047356,8340,30578,285,301,40,1544,15,418,27,15
"119","2020-04-14",245,2,77,993,4709,0.810787853047356,8340,30578,285,301,66,1610,9,427,45,9
"120","2020-04-15",262,2,81,988,4709,0.810787853047356,8340,30578,285,301,64,1674,8,435,43,8
"121","2020-04-16",284,2,83,1013,4709,0.810787853047356,8340,30578,285,301,66,1740,18,453,40,18
"122","2020-04-17",318,2,92,1013,4709,0.810787853047356,8340,30578,285,301,69,1809,10,463,47,10
"123","2020-04-18",348,2,87,1051,4709,0.810787853047356,8340,30578,285,301,48,1857,13,476,30,13
"124","2020-04-19",356,2,94,1085,4709,0.810787853047356,8340,30578,285,301,49,1906,24,500,28,24
"125","2020-04-20",362,2,98,1085,4709,0.810787853047356,8340,30578,285,301,54,1960,29,529,34,29
"126","2020-04-21",365,2,97,1094,4709,0.810787853047356,8340,30578,285,301,57,2017,17,546,34,17
"127","2020-04-22",359,2,87,1106,4709,0.810787853047356,8340,30578,285,301,60,2077,34,580,44,34
"128","2020-04-23",352,2,108,1105,4709,0.810787853047356,8340,30578,285,301,41,2118,30,610,29,30
"129","2020-04-24",395,2,126,1090,4709,0.810787853047356,8340,30578,285,301,50,2168,28,638,33,28
"130","2020-04-25",365,2,135,1075,4709,0.810787853047356,8340,30578,285,301,56,2224,37,675,33,37
"131","2020-04-26",375,2,133,1044,4709,0.810787853047356,8340,30578,285,301,59,2283,31,706,34,31
"132","2020-04-27",363,2,126,1039,4709,0.810787853047356,8340,30578,285,301,54,2337,15,721,30,15
"133","2020-04-28",353,2,117,996,4709,0.810787853047356,8340,30578,285,301,49,2386,37,758,23,37
"134","2020-04-29",351,2,108,992,4709,0.810787853047356,8340,30578,285,301,42,2428,14,772,25,14
"135","2020-04-30",344,2,129,968,4709,0.810787853047356,8340,30578,285,301,54,2482,23,795,30,23
"136","2020-05-01",337,2,136,941,4709,0.810787853047356,8340,30578,285,301,56,2538,23,818,30,23
"137","2020-05-02",338,2,132,899,4709,0.810787853047356,8340,30578,285,301,49,2587,33,851,28,33
"138","2020-05-03",309,2,143,886,4709,0.810787853047356,8340,30578,285,301,47,2634,22,873,26,22
"139","2020-05-04",301,2,124,854,4709,0.810787853047356,8340,30578,285,301,63,2697,21,894,35,21
"140","2020-05-05",304,2,131,822,4709,0.810787853047356,8340,30578,285,301,61,2758,25,919,34,25
"141","2020-05-06",309,2,137,805,4709,0.810787853047356,8340,30578,285,301,45,2803,20,939,23,20
"142","2020-05-07",308,2,150,779,4709,0.810787853047356,8340,30578,285,301,48,2851,14,953,24,14
"143","2020-05-08",309,2,158,755,4709,0.810787853047356,8340,30578,285,301,59,2910,14,967,29,14
"144","2020-05-09",321,2,160,711,4709,0.810787853047356,8340,30578,285,301,43,2953,12,979,28,12
"145","2020-05-10",269,2,141,689,4709,0.810787853047356,8340,30578,285,301,45,2998,17,996,33,17
"146","2020-05-11",255,2,135,639,4709,0.810787853047356,8340,30578,285,301,38,3036,22,1018,27,22
"147","2020-05-12",250,2,141,622,4709,0.810787853047356,8340,30578,285,301,40,3076,16,1034,26,16
"148","2020-05-13",228,2,133,596,4709,0.810787853047356,8340,30578,285,301,36,3112,14,1048,25,14
"149","2020-05-14",218,2,112,586,4709,0.810787853047356,8340,30578,285,301,29,3141,21,1069,19,21
"150","2020-05-15",196,2,119,558,4709,0.810787853047356,8340,30578,285,301,47,3188,22,1091,29,22
"151","2020-05-16",187,2,130,529,4709,0.810787853047356,8340,30578,285,301,37,3225,23,1114,18,23
"152","2020-05-17",196,2,140,487,4709,0.810787853047356,8340,30578,285,301,42,3267,11,1125,29,11
"153","2020-05-18",188,2,127,453,4709,0.810787853047356,8340,30578,285,301,41,3308,12,1137,28,12
"154","2020-05-19",159,2,114,438,4709,0.810787853047356,8340,30578,285,301,21,3329,12,1149,11,12
"155","2020-05-20",163,2,101,413,4709,0.810787853047356,8340,30578,285,301,26,3355,30,1179,15,30
"156","2020-05-21",159,2,94,384,4709,0.810787853047356,8340,30578,285,301,31,3386,21,1200,20,21
"157","2020-05-22",161,2,94,366,4709,0.810787853047356,8340,30578,285,301,25,3411,20,1220,14,20
"158","2020-05-23",140,2,92,353,4709,0.810787853047356,8340,30578,285,301,27,3438,15,1235,15,15
"159","2020-05-24",110,2,100,341,4709,0.810787853047356,8340,30578,285,301,25,3463,21,1256,14,21
"160","2020-05-25",106,2,91,310,4709,0.810787853047356,8340,30578,285,301,23,3486,11,1267,16,11
"161","2020-05-26",112,2,78,293,4709,0.810787853047356,8340,30578,285,301,24,3510,22,1289,15,22
"162","2020-05-27",96,2,70,278,4709,0.810787853047356,8340,30578,285,301,25,3535,20,1309,11,20
"163","2020-05-28",98,2,63,259,4709,0.810787853047356,8340,30578,285,301,25,3560,11,1320,16,11
"164","2020-05-29",89,2,57,236,4709,0.810787853047356,8340,30578,285,301,25,3585,13,1333,15,13
"165","2020-05-30",88,2,49,230,4709,0.810787853047356,8340,30578,285,301,31,3616,10,1343,19,10
"166","2020-05-31",76,2,50,230,4709,0.810787853047356,8340,30578,285,301,20,3636,10,1353,12,10
"167","2020-06-01",72,2,60,204,4709,0.810787853047356,8340,30578,285,301,20,3656,14,1367,15,14
"168","2020-06-02",64,2,52,198,4709,0.810787853047356,8340,30578,285,301,20,3676,9,1376,11,9
"169","2020-06-03",67,2,54,184,4709,0.810787853047356,8340,30578,285,301,21,3697,12,1388,12,12
"170","2020-06-04",55,2,55,180,4709,0.810787853047356,8340,30578,285,301,18,3715,11,1399,12,11
"171","2020-06-05",51,2,56,160,4709,0.810787853047356,8340,30578,285,301,18,3733,7,1406,9,7
"172","2020-06-06",52,2,59,157,4709,0.810787853047356,8340,30578,285,301,19,3752,15,1421,10,15
"173","2020-06-07",53,2,55,142,4709,0.810787853047356,8340,30578,285,301,20,3772,12,1433,14,12
"174","2020-03-12",2,3,25,35,4860,0.657201646090535,8250,32198,271,1003,10,19,6,11,NA,6
"175","2020-03-13",4,3,54,62,4860,0.657201646090535,8250,32198,271,1003,8,27,7,18,5,7
"176","2020-03-14",7,3,73,95,4860,0.657201646090535,8250,32198,271,1003,11,38,4,22,3,4
"177","2020-03-15",12,3,78,126,4860,0.657201646090535,8250,32198,271,1003,13,51,4,26,9,4
"178","2020-03-16",14,3,107,153,4860,0.657201646090535,8250,32198,271,1003,18,69,10,36,11,10
"179","2020-03-17",19,3,111,191,4860,0.657201646090535,8250,32198,271,1003,20,89,5,41,13,5
"180","2020-03-18",26,3,109,218,4860,0.657201646090535,8250,32198,271,1003,24,113,8,49,19,8
"181","2020-03-19",29,3,106,262,4860,0.657201646090535,8250,32198,271,1003,24,137,5,54,19,5
"182","2020-03-20",48,3,129,300,4860,0.657201646090535,8250,32198,271,1003,45,182,9,63,42,9
"183","2020-03-21",63,3,144,325,4860,0.657201646090535,8250,32198,271,1003,26,208,31,94,20,31
"184","2020-03-22",89,3,142,355,4860,0.657201646090535,8250,32198,271,1003,33,241,12,106,32,12
"185","2020-03-23",104,3,151,384,4860,0.657201646090535,8250,32198,271,1003,33,274,15,121,30,15
"186","2020-03-24",106,3,145,421,4860,0.657201646090535,8250,32198,271,1003,62,336,22,143,54,22
"187","2020-03-25",110,3,156,448,4860,0.657201646090535,8250,32198,271,1003,52,388,11,154,46,11
"188","2020-03-26",118,3,151,471,4860,0.657201646090535,8250,32198,271,1003,55,443,17,171,49,17
"189","2020-03-27",135,3,150,509,4860,0.657201646090535,8250,32198,271,1003,54,497,12,183,45,12
"190","2020-03-28",155,3,161,536,4860,0.657201646090535,8250,32198,271,1003,60,557,11,194,51,11
"191","2020-03-29",154,3,188,575,4860,0.657201646090535,8250,32198,271,1003,70,627,12,206,65,12
"192","2020-03-30",144,3,202,593,4860,0.657201646090535,8250,32198,271,1003,83,710,17,223,79,17
"193","2020-03-31",146,3,216,636,4860,0.657201646090535,8250,32198,271,1003,57,767,19,242,51,19
"194","2020-04-01",158,3,210,663,4860,0.657201646090535,8250,32198,271,1003,92,859,19,261,91,19
"195","2020-04-02",174,3,220,698,4860,0.657201646090535,8250,32198,271,1003,84,943,15,276,80,15
"196","2020-04-03",209,3,242,749,4860,0.657201646090535,8250,32198,271,1003,98,1041,29,305,91,29
"197","2020-04-04",253,3,237,789,4860,0.657201646090535,8250,32198,271,1003,109,1150,25,330,105,25
"198","2020-04-05",239,3,223,821,4860,0.657201646090535,8250,32198,271,1003,88,1238,22,352,82,22
"199","2020-04-06",238,3,202,852,4860,0.657201646090535,8250,32198,271,1003,96,1334,19,371,85,19
"200","2020-04-07",248,3,194,893,4860,0.657201646090535,8250,32198,271,1003,97,1431,17,388,88,17
"201","2020-04-08",261,3,193,900,4860,0.657201646090535,8250,32198,271,1003,126,1557,16,404,121,16
"202","2020-04-09",266,3,195,930,4860,0.657201646090535,8250,32198,271,1003,114,1671,22,426,107,22
"203","2020-04-10",286,3,210,922,4860,0.657201646090535,8250,32198,271,1003,95,1766,30,456,90,30
"204","2020-04-11",289,3,235,954,4860,0.657201646090535,8250,32198,271,1003,134,1900,32,488,123,32
"205","2020-04-12",299,3,254,961,4860,0.657201646090535,8250,32198,271,1003,130,2030,28,516,122,28
"206","2020-04-13",292,3,248,965,4860,0.657201646090535,8250,32198,271,1003,113,2143,35,551,111,35
"207","2020-04-14",295,3,242,975,4860,0.657201646090535,8250,32198,271,1003,123,2266,25,576,116,25
"208","2020-04-15",284,3,230,982,4860,0.657201646090535,8250,32198,271,1003,104,2370,30,606,101,30
"209","2020-04-16",290,3,243,983,4860,0.657201646090535,8250,32198,271,1003,115,2485,36,642,109,36
"210","2020-04-17",333,3,225,984,4860,0.657201646090535,8250,32198,271,1003,128,2613,25,667,119,25
"211","2020-04-18",313,3,219,969,4860,0.657201646090535,8250,32198,271,1003,117,2730,34,701,111,34
"212","2020-04-19",315,3,202,971,4860,0.657201646090535,8250,32198,271,1003,160,2890,22,723,152,22
"213","2020-04-20",320,3,198,944,4860,0.657201646090535,8250,32198,271,1003,101,2991,33,756,100,33
"214","2020-04-21",305,3,200,923,4860,0.657201646090535,8250,32198,271,1003,111,3102,28,784,106,28
"215","2020-04-22",319,3,241,921,4860,0.657201646090535,8250,32198,271,1003,177,3279,35,819,170,35
"216","2020-04-23",315,3,260,929,4860,0.657201646090535,8250,32198,271,1003,118,3397,25,844,114,25
"217","2020-04-24",312,3,253,908,4860,0.657201646090535,8250,32198,271,1003,106,3503,21,865,98,21
"218","2020-04-25",310,3,266,909,4860,0.657201646090535,8250,32198,271,1003,104,3607,20,885,101,20
"219","2020-04-26",297,3,279,884,4860,0.657201646090535,8250,32198,271,1003,96,3703,19,904,91,19
"220","2020-04-27",290,3,293,859,4860,0.657201646090535,8250,32198,271,1003,74,3777,24,928,65,24
"221","2020-04-28",285,3,280,834,4860,0.657201646090535,8250,32198,271,1003,75,3852,16,944,69,16
"222","2020-04-29",287,3,266,805,4860,0.657201646090535,8250,32198,271,1003,110,3962,15,959,105,15
"223","2020-04-30",274,3,266,786,4860,0.657201646090535,8250,32198,271,1003,80,4042,30,989,74,30
"224","2020-05-01",275,3,279,781,4860,0.657201646090535,8250,32198,271,1003,110,4152,27,1016,102,27
"225","2020-05-02",280,3,282,764,4860,0.657201646090535,8250,32198,271,1003,59,4211,33,1049,58,33
"226","2020-05-03",259,3,288,752,4860,0.657201646090535,8250,32198,271,1003,82,4293,22,1071,76,22
"227","2020-05-04",258,3,277,729,4860,0.657201646090535,8250,32198,271,1003,60,4353,30,1101,58,30
"228","2020-05-05",256,3,245,713,4860,0.657201646090535,8250,32198,271,1003,50,4403,23,1124,47,23
"229","2020-05-06",241,3,228,701,4860,0.657201646090535,8250,32198,271,1003,62,4465,12,1136,59,12
"230","2020-05-07",248,3,215,684,4860,0.657201646090535,8250,32198,271,1003,50,4515,20,1156,45,20
"231","2020-05-08",257,3,213,637,4860,0.657201646090535,8250,32198,271,1003,54,4569,17,1173,52,17
"232","2020-05-09",253,3,217,616,4860,0.657201646090535,8250,32198,271,1003,58,4627,23,1196,55,23
"233","2020-05-10",221,3,209,596,4860,0.657201646090535,8250,32198,271,1003,65,4692,24,1220,60,24
"234","2020-05-11",218,3,202,576,4860,0.657201646090535,8250,32198,271,1003,38,4730,10,1230,31,10
"235","2020-05-12",206,3,209,560,4860,0.657201646090535,8250,32198,271,1003,39,4769,22,1252,33,22
"236","2020-05-13",204,3,212,544,4860,0.657201646090535,8250,32198,271,1003,38,4807,30,1282,37,30
"237","2020-05-14",196,3,203,525,4860,0.657201646090535,8250,32198,271,1003,37,4844,40,1322,37,40
"238","2020-05-15",190,3,208,486,4860,0.657201646090535,8250,32198,271,1003,33,4877,38,1360,32,38
"239","2020-05-16",181,3,205,472,4860,0.657201646090535,8250,32198,271,1003,30,4907,27,1387,29,27
"240","2020-05-17",185,3,204,447,4860,0.657201646090535,8250,32198,271,1003,28,4935,46,1433,23,46
"241","2020-05-18",177,3,222,430,4860,0.657201646090535,8250,32198,271,1003,27,4962,38,1471,24,38
"242","2020-05-19",172,3,226,404,4860,0.657201646090535,8250,32198,271,1003,29,4991,23,1494,26,23
"243","2020-05-20",159,3,234,385,4860,0.657201646090535,8250,32198,271,1003,25,5016,15,1509,24,15
"244","2020-05-21",149,3,230,375,4860,0.657201646090535,8250,32198,271,1003,29,5045,19,1528,26,19
"245","2020-05-22",141,3,237,364,4860,0.657201646090535,8250,32198,271,1003,33,5078,24,1552,30,24
"246","2020-05-23",132,3,233,358,4860,0.657201646090535,8250,32198,271,1003,20,5098,25,1577,18,25
"247","2020-05-24",120,3,213,345,4860,0.657201646090535,8250,32198,271,1003,26,5124,30,1607,24,30
"248","2020-05-25",111,3,200,335,4860,0.657201646090535,8250,32198,271,1003,18,5142,23,1630,16,23
"249","2020-05-26",102,3,177,307,4860,0.657201646090535,8250,32198,271,1003,21,5163,27,1657,20,27
"250","2020-05-27",103,3,169,292,4860,0.657201646090535,8250,32198,271,1003,16,5179,25,1682,16,25
"251","2020-05-28",109,3,160,287,4860,0.657201646090535,8250,32198,271,1003,15,5194,19,1701,12,19
"252","2020-05-29",100,3,163,286,4860,0.657201646090535,8250,32198,271,1003,20,5214,23,1724,19,23
"253","2020-05-30",107,3,172,275,4860,0.657201646090535,8250,32198,271,1003,20,5234,27,1751,18,27
"254","2020-05-31",104,3,173,263,4860,0.657201646090535,8250,32198,271,1003,12,5246,26,1777,11,26
"255","2020-06-01",100,3,166,264,4860,0.657201646090535,8250,32198,271,1003,17,5263,27,1804,15,27
"256","2020-06-02",96,3,169,245,4860,0.657201646090535,8250,32198,271,1003,13,5276,15,1819,13,15
"257","2020-06-03",95,3,157,238,4860,0.657201646090535,8250,32198,271,1003,12,5288,23,1842,8,23
"258","2020-06-04",88,3,166,220,4860,0.657201646090535,8250,32198,271,1003,15,5303,11,1853,14,11
"259","2020-06-05",88,3,180,205,4860,0.657201646090535,8250,32198,271,1003,7,5310,18,1871,6,18
"260","2020-06-06",85,3,172,205,4860,0.657201646090535,8250,32198,271,1003,17,5327,10,1881,14,10
"261","2020-06-07",79,3,159,201,4860,0.657201646090535,8250,32198,271,1003,6,5333,20,1901,5,20
"262","2020-03-13",1,4,53,23,3993,0.788880540946657,8265,29125,202,387,23,73,10,65,7,10
"263","2020-03-14",3,4,53,37,3993,0.788880540946657,8265,29125,202,387,31,104,22,87,15,22
"264","2020-03-15",3,4,46,50,3993,0.788880540946657,8265,29125,202,387,46,150,38,125,19,38
"265","2020-03-16",4,4,47,65,3993,0.788880540946657,8265,29125,202,387,44,194,28,153,20,28
"266","2020-03-17",8,4,47,87,3993,0.788880540946657,8265,29125,202,387,61,255,19,172,31,19
"267","2020-03-18",8,4,58,114,3993,0.788880540946657,8265,29125,202,387,42,297,14,186,27,14
"268","2020-03-19",14,4,58,131,3993,0.788880540946657,8265,29125,202,387,53,350,16,202,35,16
"269","2020-03-20",18,4,50,153,3993,0.788880540946657,8265,29125,202,387,51,401,25,227,30,25
"270","2020-03-21",25,4,61,176,3993,0.788880540946657,8265,29125,202,387,47,448,15,242,27,15
"271","2020-03-22",36,4,53,203,3993,0.788880540946657,8265,29125,202,387,59,507,8,250,38,8
"272","2020-03-23",45,4,56,237,3993,0.788880540946657,8265,29125,202,387,49,556,13,263,31,13
"273","2020-03-24",48,4,65,273,3993,0.788880540946657,8265,29125,202,387,62,618,30,293,43,30
"274","2020-03-25",57,4,66,296,3993,0.788880540946657,8265,29125,202,387,56,674,17,310,36,17
"275","2020-03-26",64,4,53,316,3993,0.788880540946657,8265,29125,202,387,56,730,31,341,41,31
"276","2020-03-27",82,4,42,342,3993,0.788880540946657,8265,29125,202,387,65,795,12,353,37,12
"277","2020-03-28",88,4,53,365,3993,0.788880540946657,8265,29125,202,387,64,859,35,388,42,35
"278","2020-03-29",114,4,73,385,3993,0.788880540946657,8265,29125,202,387,57,916,26,414,36,26
"279","2020-03-30",116,4,82,400,3993,0.788880540946657,8265,29125,202,387,59,975,15,429,37,15
"280","2020-03-31",114,4,81,420,3993,0.788880540946657,8265,29125,202,387,57,1032,12,441,36,12
"281","2020-04-01",122,4,78,442,3993,0.788880540946657,8265,29125,202,387,72,1104,15,456,43,15
"282","2020-04-02",129,4,69,458,3993,0.788880540946657,8265,29125,202,387,64,1168,19,475,39,19
"283","2020-04-03",146,4,68,469,3993,0.788880540946657,8265,29125,202,387,51,1219,36,511,37,36
"284","2020-04-04",156,4,74,489,3993,0.788880540946657,8265,29125,202,387,69,1288,59,570,41,59
"285","2020-04-05",135,4,62,497,3993,0.788880540946657,8265,29125,202,387,72,1360,60,630,46,60
"286","2020-04-06",143,4,46,521,3993,0.788880540946657,8265,29125,202,387,81,1441,27,657,56,27
"287","2020-04-07",153,4,53,535,3993,0.788880540946657,8265,29125,202,387,67,1508,13,670,49,13
"288","2020-04-08",158,4,63,575,3993,0.788880540946657,8265,29125,202,387,69,1577,11,681,48,11
"289","2020-04-09",154,4,69,589,3993,0.788880540946657,8265,29125,202,387,71,1648,23,704,45,23
"290","2020-04-10",159,4,69,603,3993,0.788880540946657,8265,29125,202,387,74,1722,58,762,45,58
"291","2020-04-11",201,4,74,617,3993,0.788880540946657,8265,29125,202,387,61,1783,37,799,36,37
"292","2020-04-12",193,4,76,636,3993,0.788880540946657,8265,29125,202,387,72,1855,19,818,47,19
"293","2020-04-13",186,4,86,667,3993,0.788880540946657,8265,29125,202,387,71,1926,34,852,47,34
"294","2020-04-14",191,4,85,678,3993,0.788880540946657,8265,29125,202,387,60,1986,51,903,39,51
"295","2020-04-15",195,4,83,687,3993,0.788880540946657,8265,29125,202,387,71,2057,63,966,49,63
"296","2020-04-16",209,4,95,713,3993,0.788880540946657,8265,29125,202,387,68,2125,27,993,43,27
"297","2020-04-17",243,4,122,714,3993,0.788880540946657,8265,29125,202,387,76,2201,44,1037,39,44
"298","2020-04-18",239,4,122,737,3993,0.788880540946657,8265,29125,202,387,73,2274,35,1072,51,35
"299","2020-04-19",239,4,122,743,3993,0.788880540946657,8265,29125,202,387,83,2357,31,1103,57,31
"300","2020-04-20",238,4,118,726,3993,0.788880540946657,8265,29125,202,387,66,2423,26,1129,43,26
"301","2020-04-21",245,4,114,738,3993,0.788880540946657,8265,29125,202,387,71,2494,31,1160,40,31
"302","2020-04-22",241,4,131,729,3993,0.788880540946657,8265,29125,202,387,77,2571,19,1179,51,19
"303","2020-04-23",239,4,129,729,3993,0.788880540946657,8265,29125,202,387,58,2629,15,1194,35,15
"304","2020-04-24",250,4,141,719,3993,0.788880540946657,8265,29125,202,387,59,2688,13,1207,40,13
"305","2020-04-25",228,4,134,736,3993,0.788880540946657,8265,29125,202,387,60,2748,7,1214,46,7
"306","2020-04-26",234,4,161,727,3993,0.788880540946657,8265,29125,202,387,49,2797,13,1227,32,13
"307","2020-04-27",224,4,184,718,3993,0.788880540946657,8265,29125,202,387,48,2845,59,1286,28,59
"308","2020-04-28",207,4,201,717,3993,0.788880540946657,8265,29125,202,387,58,2903,61,1347,36,61
"309","2020-04-29",214,4,171,723,3993,0.788880540946657,8265,29125,202,387,47,2950,28,1375,26,28
"310","2020-04-30",209,4,174,713,3993,0.788880540946657,8265,29125,202,387,62,3012,18,1393,39,18
"311","2020-05-01",234,4,182,724,3993,0.788880540946657,8265,29125,202,387,53,3065,43,1436,30,43
"312","2020-05-02",237,4,160,701,3993,0.788880540946657,8265,29125,202,387,49,3114,34,1470,31,34
"313","2020-05-03",232,4,140,681,3993,0.788880540946657,8265,29125,202,387,52,3166,52,1522,34,52
"314","2020-05-04",232,4,126,680,3993,0.788880540946657,8265,29125,202,387,48,3214,34,1556,30,34
"315","2020-05-05",221,4,118,694,3993,0.788880540946657,8265,29125,202,387,50,3264,19,1575,27,19
"316","2020-05-06",222,4,130,705,3993,0.788880540946657,8265,29125,202,387,58,3322,19,1594,39,19
"317","2020-05-07",231,4,128,719,3993,0.788880540946657,8265,29125,202,387,49,3371,21,1615,27,21
"318","2020-05-08",225,4,110,698,3993,0.788880540946657,8265,29125,202,387,41,3412,34,1649,22,34
"319","2020-05-09",238,4,124,694,3993,0.788880540946657,8265,29125,202,387,41,3453,22,1671,23,22
"320","2020-05-10",222,4,119,705,3993,0.788880540946657,8265,29125,202,387,51,3504,23,1694,30,23
"321","2020-05-11",223,4,108,679,3993,0.788880540946657,8265,29125,202,387,37,3541,63,1757,21,63
"322","2020-05-12",241,4,104,680,3993,0.788880540946657,8265,29125,202,387,46,3587,54,1811,32,54
"323","2020-05-13",240,4,126,666,3993,0.788880540946657,8265,29125,202,387,43,3630,39,1850,24,39
"324","2020-05-14",242,4,141,636,3993,0.788880540946657,8265,29125,202,387,49,3679,32,1882,31,32
"325","2020-05-15",260,4,134,628,3993,0.788880540946657,8265,29125,202,387,43,3722,43,1925,21,43
"326","2020-05-16",270,4,129,611,3993,0.788880540946657,8265,29125,202,387,37,3759,34,1959,21,34
"327","2020-05-17",248,4,112,591,3993,0.788880540946657,8265,29125,202,387,32,3791,38,1997,17,38
"328","2020-05-18",239,4,106,565,3993,0.788880540946657,8265,29125,202,387,36,3827,26,2023,19,26
"329","2020-05-19",220,4,116,553,3993,0.788880540946657,8265,29125,202,387,35,3862,37,2060,22,37
"330","2020-05-20",215,4,125,517,3993,0.788880540946657,8265,29125,202,387,43,3905,37,2097,23,37
"331","2020-05-21",200,4,121,480,3993,0.788880540946657,8265,29125,202,387,28,3933,17,2114,15,17
"332","2020-05-22",174,4,118,446,3993,0.788880540946657,8265,29125,202,387,26,3959,51,2165,16,51
"333","2020-05-23",156,4,120,413,3993,0.788880540946657,8265,29125,202,387,30,3989,42,2207,22,42
"334","2020-05-24",161,4,107,389,3993,0.788880540946657,8265,29125,202,387,52,4041,23,2230,40,23
"335","2020-05-25",151,4,99,367,3993,0.788880540946657,8265,29125,202,387,34,4075,32,2262,24,32
"336","2020-05-26",145,4,81,338,3993,0.788880540946657,8265,29125,202,387,23,4098,34,2296,13,34
"337","2020-05-27",134,4,63,331,3993,0.788880540946657,8265,29125,202,387,24,4122,51,2347,15,51
"338","2020-05-28",130,4,55,318,3993,0.788880540946657,8265,29125,202,387,27,4149,39,2386,19,39
"339","2020-05-29",127,4,67,297,3993,0.788880540946657,8265,29125,202,387,31,4180,25,2411,21,25
"340","2020-05-30",120,4,76,275,3993,0.788880540946657,8265,29125,202,387,27,4207,12,2423,17,12
"341","2020-05-31",95,4,75,248,3993,0.788880540946657,8265,29125,202,387,28,4235,26,2449,23,26
"342","2020-06-01",86,4,73,232,3993,0.788880540946657,8265,29125,202,387,23,4258,15,2464,19,15
"343","2020-06-02",77,4,80,219,3993,0.788880540946657,8265,29125,202,387,17,4275,39,2503,10,39
"344","2020-06-03",73,4,74,205,3993,0.788880540946657,8265,29125,202,387,18,4293,16,2519,12,16
"345","2020-06-04",64,4,65,208,3993,0.788880540946657,8265,29125,202,387,17,4310,30,2549,11,30
"346","2020-06-05",63,4,70,195,3993,0.788880540946657,8265,29125,202,387,18,4328,17,2566,13,17
"347","2020-06-06",60,4,72,177,3993,0.788880540946657,8265,29125,202,387,26,4354,6,2572,12,6
"348","2020-06-07",59,4,69,168,3993,0.788880540946657,8265,29125,202,387,24,4378,13,2585,14,13
"349","2020-03-08",1,5,0,0,4456,0.737881508078995,8280,30231,250,308,NA,NA,NA,NA,NA,NA
"350","2020-03-09",1,5,0,0,4456,0.737881508078995,8280,30231,250,308,NA,NA,NA,NA,NA,NA
"351","2020-03-10",0,5,0,0,4456,0.737881508078995,8280,30231,250,308,NA,NA,NA,NA,NA,NA
"352","2020-03-11",0,5,0,0,4456,0.737881508078995,8280,30231,250,308,5,5,9,9,NA,9
"353","2020-03-12",0,5,0,0,4456,0.737881508078995,8280,30231,250,308,3,8,7,16,NA,7
"354","2020-03-13",1,5,34,36,4456,0.737881508078995,8280,30231,250,308,7,15,9,25,NA,9
"355","2020-03-14",7,5,43,54,4456,0.737881508078995,8280,30231,250,308,9,24,12,37,2,12
"356","2020-03-15",11,5,54,71,4456,0.737881508078995,8280,30231,250,308,8,32,10,47,4,10
"357","2020-03-16",11,5,65,98,4456,0.737881508078995,8280,30231,250,308,8,40,9,56,5,9
"358","2020-03-17",14,5,73,125,4456,0.737881508078995,8280,30231,250,308,11,51,14,70,4,14
"359","2020-03-18",17,5,59,154,4456,0.737881508078995,8280,30231,250,308,15,66,19,89,10,19
"360","2020-03-19",21,5,55,176,4456,0.737881508078995,8280,30231,250,308,11,77,23,112,8,23
"361","2020-03-20",35,5,58,199,4456,0.737881508078995,8280,30231,250,308,14,91,22,134,9,22
"362","2020-03-21",45,5,53,234,4456,0.737881508078995,8280,30231,250,308,24,115,19,153,19,19
"363","2020-03-22",48,5,63,256,4456,0.737881508078995,8280,30231,250,308,31,146,13,166,24,13
"364","2020-03-23",50,5,62,272,4456,0.737881508078995,8280,30231,250,308,29,175,11,177,25,11
"365","2020-03-24",50,5,59,290,4456,0.737881508078995,8280,30231,250,308,33,208,13,190,26,13
"366","2020-03-25",55,5,58,306,4456,0.737881508078995,8280,30231,250,308,27,235,8,198,21,8
"367","2020-03-26",67,5,62,328,4456,0.737881508078995,8280,30231,250,308,44,279,4,202,37,4
"368","2020-03-27",84,5,66,350,4456,0.737881508078995,8280,30231,250,308,45,324,16,218,38,16
"369","2020-03-28",98,5,69,374,4456,0.737881508078995,8280,30231,250,308,57,381,21,239,50,21
"370","2020-03-29",95,5,67,404,4456,0.737881508078995,8280,30231,250,308,44,425,20,259,37,20
"371","2020-03-30",104,5,61,428,4456,0.737881508078995,8280,30231,250,308,50,475,29,288,42,29
"372","2020-03-31",111,5,61,456,4456,0.737881508078995,8280,30231,250,308,56,531,27,315,48,27
"373","2020-04-01",115,5,57,480,4456,0.737881508078995,8280,30231,250,308,56,587,26,341,43,26
"374","2020-04-02",115,5,59,495,4456,0.737881508078995,8280,30231,250,308,66,653,23,364,60,23
"375","2020-04-03",137,5,59,522,4456,0.737881508078995,8280,30231,250,308,90,743,28,392,84,28
"376","2020-04-04",155,5,66,534,4456,0.737881508078995,8280,30231,250,308,103,846,29,421,94,29
"377","2020-04-05",164,5,60,568,4456,0.737881508078995,8280,30231,250,308,96,942,16,437,86,16
"378","2020-04-06",162,5,57,611,4456,0.737881508078995,8280,30231,250,308,108,1050,15,452,99,15
"379","2020-04-07",170,5,49,640,4456,0.737881508078995,8280,30231,250,308,105,1155,19,471,99,19
"380","2020-04-08",185,5,48,653,4456,0.737881508078995,8280,30231,250,308,118,1273,27,498,114,27
"381","2020-04-09",190,5,61,672,4456,0.737881508078995,8280,30231,250,308,115,1388,22,520,110,22
"382","2020-04-10",206,5,73,703,4456,0.737881508078995,8280,30231,250,308,107,1495,18,538,98,18
"383","2020-04-11",215,5,61,732,4456,0.737881508078995,8280,30231,250,308,154,1649,28,566,149,28
"384","2020-04-12",224,5,66,757,4456,0.737881508078995,8280,30231,250,308,136,1785,33,599,124,33
"385","2020-04-13",222,5,57,778,4456,0.737881508078995,8280,30231,250,308,117,1902,44,643,110,44
"386","2020-04-14",218,5,58,792,4456,0.737881508078995,8280,30231,250,308,151,2053,40,683,138,40
"387","2020-04-15",230,5,69,800,4456,0.737881508078995,8280,30231,250,308,139,2192,57,740,129,57
"388","2020-04-16",234,5,92,814,4456,0.737881508078995,8280,30231,250,308,157,2349,28,768,146,28
"389","2020-04-17",274,5,82,826,4456,0.737881508078995,8280,30231,250,308,125,2474,33,801,119,33
"390","2020-04-18",272,5,79,810,4456,0.737881508078995,8280,30231,250,308,152,2626,32,833,143,32
"391","2020-04-19",279,5,70,823,4456,0.737881508078995,8280,30231,250,308,143,2769,17,850,135,17
"392","2020-04-20",294,5,62,820,4456,0.737881508078995,8280,30231,250,308,190,2959,18,868,188,18
"393","2020-04-21",277,5,67,830,4456,0.737881508078995,8280,30231,250,308,153,3112,27,895,148,27
"394","2020-04-22",261,5,76,836,4456,0.737881508078995,8280,30231,250,308,150,3262,23,918,147,23
"395","2020-04-23",271,5,84,865,4456,0.737881508078995,8280,30231,250,308,145,3407,13,931,142,13
"396","2020-04-24",299,5,88,874,4456,0.737881508078995,8280,30231,250,308,142,3549,19,950,131,19
"397","2020-04-25",315,5,86,866,4456,0.737881508078995,8280,30231,250,308,136,3685,28,978,131,28
"398","2020-04-26",282,5,89,868,4456,0.737881508078995,8280,30231,250,308,116,3801,22,1000,114,22
"399","2020-04-27",278,5,90,858,4456,0.737881508078995,8280,30231,250,308,119,3920,31,1031,109,31
"400","2020-04-28",287,5,79,868,4456,0.737881508078995,8280,30231,250,308,123,4043,50,1081,112,50
"401","2020-04-29",294,5,79,863,4456,0.737881508078995,8280,30231,250,308,110,4153,29,1110,109,29
"402","2020-04-30",293,5,86,866,4456,0.737881508078995,8280,30231,250,308,96,4249,20,1130,92,20
"403","2020-05-01",312,5,88,887,4456,0.737881508078995,8280,30231,250,308,93,4342,40,1170,83,40
"404","2020-05-02",296,5,78,897,4456,0.737881508078995,8280,30231,250,308,64,4406,35,1205,62,35
"405","2020-05-03",305,5,67,899,4456,0.737881508078995,8280,30231,250,308,87,4493,25,1230,84,25
"406","2020-05-04",296,5,72,900,4456,0.737881508078995,8280,30231,250,308,73,4566,23,1253,70,23
"407","2020-05-05",299,5,77,881,4456,0.737881508078995,8280,30231,250,308,58,4624,21,1274,53,21
"408","2020-05-06",302,5,77,847,4456,0.737881508078995,8280,30231,250,308,67,4691,21,1295,60,21
"409","2020-05-07",288,5,83,855,4456,0.737881508078995,8280,30231,250,308,58,4749,26,1321,56,26
"410","2020-05-08",283,5,77,849,4456,0.737881508078995,8280,30231,250,308,51,4800,23,1344,48,23
"411","2020-05-09",296,5,70,811,4456,0.737881508078995,8280,30231,250,308,55,4855,21,1365,48,21
"412","2020-05-10",275,5,79,793,4456,0.737881508078995,8280,30231,250,308,58,4913,21,1386,51,21
"413","2020-05-11",275,5,65,761,4456,0.737881508078995,8280,30231,250,308,36,4949,19,1405,33,19
"414","2020-05-12",244,5,66,717,4456,0.737881508078995,8280,30231,250,308,35,4984,24,1429,34,24
"415","2020-05-13",231,5,85,683,4456,0.737881508078995,8280,30231,250,308,35,5019,31,1460,26,31
"416","2020-05-14",245,5,83,641,4456,0.737881508078995,8280,30231,250,308,42,5061,31,1491,39,31
"417","2020-05-15",254,5,80,605,4456,0.737881508078995,8280,30231,250,308,37,5098,25,1516,32,25
"418","2020-05-16",241,5,79,576,4456,0.737881508078995,8280,30231,250,308,28,5126,17,1533,25,17
"419","2020-05-17",231,5,78,542,4456,0.737881508078995,8280,30231,250,308,30,5156,16,1549,27,16
"420","2020-05-18",214,5,87,517,4456,0.737881508078995,8280,30231,250,308,18,5174,16,1565,15,16
"421","2020-05-19",212,5,85,497,4456,0.737881508078995,8280,30231,250,308,17,5191,20,1585,16,20
"422","2020-05-20",212,5,82,471,4456,0.737881508078995,8280,30231,250,308,15,5206,15,1600,14,15
"423","2020-05-21",193,5,81,430,4456,0.737881508078995,8280,30231,250,308,16,5222,31,1631,12,31
"424","2020-05-22",169,5,81,417,4456,0.737881508078995,8280,30231,250,308,16,5238,21,1652,14,21
"425","2020-05-23",159,5,84,396,4456,0.737881508078995,8280,30231,250,308,18,5256,19,1671,16,19
"426","2020-05-24",151,5,69,372,4456,0.737881508078995,8280,30231,250,308,12,5268,15,1686,10,15
"427","2020-05-25",145,5,68,358,4456,0.737881508078995,8280,30231,250,308,15,5283,13,1699,13,13
"428","2020-05-26",133,5,67,332,4456,0.737881508078995,8280,30231,250,308,7,5290,17,1716,5,17
"429","2020-05-27",120,5,68,303,4456,0.737881508078995,8280,30231,250,308,11,5301,22,1738,7,22
"430","2020-05-28",114,5,67,300,4456,0.737881508078995,8280,30231,250,308,7,5308,15,1753,6,15
"431","2020-05-29",112,5,61,290,4456,0.737881508078995,8280,30231,250,308,12,5320,18,1771,11,18
"432","2020-05-30",124,5,54,282,4456,0.737881508078995,8280,30231,250,308,9,5329,24,1795,7,24
"433","2020-05-31",106,5,56,257,4456,0.737881508078995,8280,30231,250,308,17,5346,14,1809,10,14
"434","2020-06-01",90,5,52,228,4456,0.737881508078995,8280,30231,250,308,6,5352,9,1818,6,9
"435","2020-06-02",81,5,48,221,4456,0.737881508078995,8280,30231,250,308,7,5359,9,1827,4,9
"436","2020-06-03",85,5,39,203,4456,0.737881508078995,8280,30231,250,308,9,5368,8,1835,7,8
"437","2020-06-04",80,5,40,191,4456,0.737881508078995,8280,30231,250,308,11,5379,11,1846,9,11
"438","2020-06-05",69,5,36,181,4456,0.737881508078995,8280,30231,250,308,8,5387,23,1869,6,23
"439","2020-06-06",52,5,35,166,4456,0.737881508078995,8280,30231,250,308,5,5392,15,1884,4,15
"440","2020-06-07",50,5,34,155,4456,0.737881508078995,8280,30231,250,308,4,5396,16,1900,2,16
"441","2020-03-13",1,6,23,54,4259,0.79126555529467,8400,29510,223,688,13,44,6,17,1,6
"442","2020-03-14",1,6,27,75,4259,0.79126555529467,8400,29510,223,688,19,63,1,18,3,1
"443","2020-03-15",9,6,41,93,4259,0.79126555529467,8400,29510,223,688,22,85,1,19,8,1
"444","2020-03-16",13,6,47,131,4259,0.79126555529467,8400,29510,223,688,27,112,10,29,10,10
"445","2020-03-17",17,6,57,153,4259,0.79126555529467,8400,29510,223,688,22,134,17,46,11,17
"446","2020-03-18",19,6,73,186,4259,0.79126555529467,8400,29510,223,688,31,165,8,54,17,8
"447","2020-03-19",20,6,72,210,4259,0.79126555529467,8400,29510,223,688,42,207,5,59,27,5
"448","2020-03-20",31,6,85,245,4259,0.79126555529467,8400,29510,223,688,39,246,6,65,29,6
"449","2020-03-21",57,6,86,289,4259,0.79126555529467,8400,29510,223,688,40,286,5,70,30,5
"450","2020-03-22",67,6,90,329,4259,0.79126555529467,8400,29510,223,688,49,335,17,87,33,17
"451","2020-03-23",72,6,98,360,4259,0.79126555529467,8400,29510,223,688,47,382,15,102,33,15
"452","2020-03-24",80,6,92,393,4259,0.79126555529467,8400,29510,223,688,45,427,5,107,28,5
"453","2020-03-25",92,6,100,430,4259,0.79126555529467,8400,29510,223,688,51,478,5,112,44,5
"454","2020-03-26",109,6,120,463,4259,0.79126555529467,8400,29510,223,688,48,526,10,122,36,10
"455","2020-03-27",132,6,144,504,4259,0.79126555529467,8400,29510,223,688,53,579,5,127,42,5
"456","2020-03-28",157,6,161,540,4259,0.79126555529467,8400,29510,223,688,60,639,2,129,46,2
"457","2020-03-29",151,6,132,568,4259,0.79126555529467,8400,29510,223,688,60,699,25,154,53,25
"458","2020-03-30",152,6,119,605,4259,0.79126555529467,8400,29510,223,688,55,754,9,163,42,9
"459","2020-03-31",156,6,103,622,4259,0.79126555529467,8400,29510,223,688,62,816,14,177,52,14
"460","2020-04-01",161,6,111,648,4259,0.79126555529467,8400,29510,223,688,64,880,23,200,52,23
"461","2020-04-02",173,6,130,656,4259,0.79126555529467,8400,29510,223,688,57,937,14,214,48,14
"462","2020-04-03",200,6,134,668,4259,0.79126555529467,8400,29510,223,688,71,1008,18,232,54,18
"463","2020-04-04",211,6,126,674,4259,0.79126555529467,8400,29510,223,688,74,1082,28,260,55,28
"464","2020-04-05",211,6,133,702,4259,0.79126555529467,8400,29510,223,688,56,1138,19,279,40,19
"465","2020-04-06",206,6,138,723,4259,0.79126555529467,8400,29510,223,688,66,1204,27,306,55,27
"466","2020-04-07",211,6,142,749,4259,0.79126555529467,8400,29510,223,688,67,1271,26,332,52,26
"467","2020-04-08",217,6,136,737,4259,0.79126555529467,8400,29510,223,688,55,1326,31,363,41,31
"468","2020-04-09",215,6,134,741,4259,0.79126555529467,8400,29510,223,688,98,1424,37,400,82,37
"469","2020-04-10",232,6,140,738,4259,0.79126555529467,8400,29510,223,688,69,1493,38,438,51,38
"470","2020-04-11",269,6,161,739,4259,0.79126555529467,8400,29510,223,688,88,1581,52,490,68,52
"471","2020-04-12",250,6,178,736,4259,0.79126555529467,8400,29510,223,688,102,1683,30,520,87,30
"472","2020-04-13",246,6,162,748,4259,0.79126555529467,8400,29510,223,688,102,1785,25,545,83,25
"473","2020-04-14",249,6,185,741,4259,0.79126555529467,8400,29510,223,688,98,1883,9,554,75,9
"474","2020-04-15",257,6,178,750,4259,0.79126555529467,8400,29510,223,688,88,1971,9,563,68,9
"475","2020-04-16",253,6,184,765,4259,0.79126555529467,8400,29510,223,688,79,2050,13,576,63,13
"476","2020-04-17",291,6,154,771,4259,0.79126555529467,8400,29510,223,688,99,2149,19,595,78,19
"477","2020-04-18",271,6,141,783,4259,0.79126555529467,8400,29510,223,688,76,2225,28,623,66,28
"478","2020-04-19",273,6,149,773,4259,0.79126555529467,8400,29510,223,688,89,2314,20,643,77,20
"479","2020-04-20",260,6,149,776,4259,0.79126555529467,8400,29510,223,688,68,2382,12,655,57,12
"480","2020-04-21",259,6,163,767,4259,0.79126555529467,8400,29510,223,688,84,2466,9,664,70,9
"481","2020-04-22",253,6,159,792,4259,0.79126555529467,8400,29510,223,688,80,2546,13,677,74,13
"482","2020-04-23",255,6,173,771,4259,0.79126555529467,8400,29510,223,688,73,2619,19,696,63,19
"483","2020-04-24",277,6,176,764,4259,0.79126555529467,8400,29510,223,688,80,2699,31,727,65,31
"484","2020-04-25",274,6,153,742,4259,0.79126555529467,8400,29510,223,688,94,2793,29,756,73,29
"485","2020-04-26",270,6,168,722,4259,0.79126555529467,8400,29510,223,688,94,2887,39,795,82,39
"486","2020-04-27",266,6,190,716,4259,0.79126555529467,8400,29510,223,688,80,2967,37,832,63,37
"487","2020-04-28",267,6,175,717,4259,0.79126555529467,8400,29510,223,688,77,3044,28,860,65,28
"488","2020-04-29",268,6,205,704,4259,0.79126555529467,8400,29510,223,688,70,3114,16,876,61,16
"489","2020-04-30",276,6,183,685,4259,0.79126555529467,8400,29510,223,688,65,3179,32,908,55,32
"490","2020-05-01",253,6,167,690,4259,0.79126555529467,8400,29510,223,688,82,3261,40,948,64,40
"491","2020-05-02",251,6,143,690,4259,0.79126555529467,8400,29510,223,688,52,3313,22,970,43,22
"492","2020-05-03",233,6,126,671,4259,0.79126555529467,8400,29510,223,688,95,3408,25,995,81,25
"493","2020-05-04",226,6,118,635,4259,0.79126555529467,8400,29510,223,688,48,3456,44,1039,35,44
"494","2020-05-05",212,6,132,610,4259,0.79126555529467,8400,29510,223,688,59,3515,39,1078,48,39
"495","2020-05-06",215,6,124,590,4259,0.79126555529467,8400,29510,223,688,61,3576,13,1091,48,13
"496","2020-05-07",207,6,138,580,4259,0.79126555529467,8400,29510,223,688,58,3634,14,1105,43,14
"497","2020-05-08",227,6,136,566,4259,0.79126555529467,8400,29510,223,688,63,3697,30,1135,51,30
"498","2020-05-09",227,6,124,540,4259,0.79126555529467,8400,29510,223,688,50,3747,21,1156,45,21
"499","2020-05-10",212,6,134,517,4259,0.79126555529467,8400,29510,223,688,43,3790,19,1175,31,19
"500","2020-05-11",205,6,123,489,4259,0.79126555529467,8400,29510,223,688,56,3846,42,1217,50,42
"501","2020-05-12",195,6,103,467,4259,0.79126555529467,8400,29510,223,688,49,3895,45,1262,42,45
"502","2020-05-13",182,6,104,455,4259,0.79126555529467,8400,29510,223,688,50,3945,24,1286,41,24
"503","2020-05-14",174,6,100,444,4259,0.79126555529467,8400,29510,223,688,46,3991,32,1318,36,32
"504","2020-05-15",155,6,95,423,4259,0.79126555529467,8400,29510,223,688,49,4040,18,1336,42,18
"505","2020-05-16",152,6,119,414,4259,0.79126555529467,8400,29510,223,688,48,4088,16,1352,37,16
"506","2020-05-17",162,6,113,411,4259,0.79126555529467,8400,29510,223,688,30,4118,17,1369,21,17
"507","2020-05-18",154,6,103,414,4259,0.79126555529467,8400,29510,223,688,44,4162,20,1389,43,20
"508","2020-05-19",158,6,85,399,4259,0.79126555529467,8400,29510,223,688,34,4196,15,1404,28,15
"509","2020-05-20",146,6,83,386,4259,0.79126555529467,8400,29510,223,688,32,4228,11,1415,24,11
"510","2020-05-21",141,6,97,381,4259,0.79126555529467,8400,29510,223,688,40,4268,5,1420,30,5
"511","2020-05-22",131,6,103,372,4259,0.79126555529467,8400,29510,223,688,33,4301,28,1448,27,28
"512","2020-05-23",125,6,135,352,4259,0.79126555529467,8400,29510,223,688,33,4334,35,1483,25,35
"513","2020-05-24",103,6,126,328,4259,0.79126555529467,8400,29510,223,688,30,4364,16,1499,20,16
"514","2020-05-25",105,6,118,316,4259,0.79126555529467,8400,29510,223,688,30,4394,19,1518,24,19
"515","2020-05-26",96,6,108,298,4259,0.79126555529467,8400,29510,223,688,18,4412,14,1532,13,14
"516","2020-05-27",102,6,101,294,4259,0.79126555529467,8400,29510,223,688,28,4440,7,1539,26,7
"517","2020-05-28",101,6,96,286,4259,0.79126555529467,8400,29510,223,688,24,4464,11,1550,17,11
"518","2020-05-29",101,6,97,282,4259,0.79126555529467,8400,29510,223,688,22,4486,9,1559,13,9
"519","2020-05-30",90,6,117,275,4259,0.79126555529467,8400,29510,223,688,10,4496,19,1578,9,19
"520","2020-05-31",78,6,124,281,4259,0.79126555529467,8400,29510,223,688,17,4513,18,1596,15,18
"521","2020-06-01",73,6,112,269,4259,0.79126555529467,8400,29510,223,688,16,4529,13,1609,13,13
"522","2020-06-02",64,6,101,259,4259,0.79126555529467,8400,29510,223,688,22,4551,12,1621,17,12
"523","2020-06-03",63,6,92,244,4259,0.79126555529467,8400,29510,223,688,12,4563,10,1631,10,10
"524","2020-06-04",66,6,94,236,4259,0.79126555529467,8400,29510,223,688,16,4579,13,1644,12,13
"525","2020-06-05",60,6,92,226,4259,0.79126555529467,8400,29510,223,688,12,4591,9,1653,10,9
"526","2020-06-06",63,6,77,227,4259,0.79126555529467,8400,29510,223,688,14,4605,17,1670,13,17
"527","2020-06-07",76,6,67,216,4259,0.79126555529467,8400,29510,223,688,11,4616,13,1683,9,13
"528","2020-03-14",6,7,12,96,3771,0.457703526915937,8340,26920,219,306,15,49,14,38,5,14
"529","2020-03-15",11,7,10,116,3771,0.457703526915937,8340,26920,219,306,17,66,20,58,7,20
"530","2020-03-16",12,7,23,144,3771,0.457703526915937,8340,26920,219,306,19,85,17,75,13,17
"531","2020-03-17",16,7,26,172,3771,0.457703526915937,8340,26920,219,306,20,105,14,89,15,14
"532","2020-03-18",21,7,36,210,3771,0.457703526915937,8340,26920,219,306,28,133,5,94,18,5
"533","2020-03-19",30,7,42,226,3771,0.457703526915937,8340,26920,219,306,23,156,6,100,18,6
"534","2020-03-20",45,7,37,267,3771,0.457703526915937,8340,26920,219,306,17,173,25,125,10,25
"535","2020-03-21",59,7,36,292,3771,0.457703526915937,8340,26920,219,306,26,199,24,149,21,24
"536","2020-03-22",73,7,45,331,3771,0.457703526915937,8340,26920,219,306,38,237,20,169,31,20
"537","2020-03-23",80,7,43,377,3771,0.457703526915937,8340,26920,219,306,35,272,30,199,27,30
"538","2020-03-24",86,7,44,402,3771,0.457703526915937,8340,26920,219,306,45,317,13,212,36,13
"539","2020-03-25",100,7,50,428,3771,0.457703526915937,8340,26920,219,306,42,359,10,222,38,10
"540","2020-03-26",107,7,48,446,3771,0.457703526915937,8340,26920,219,306,37,396,35,257,30,35
"541","2020-03-27",129,7,42,463,3771,0.457703526915937,8340,26920,219,306,30,426,22,279,26,22
"542","2020-03-28",141,7,38,484,3771,0.457703526915937,8340,26920,219,306,56,482,17,296,52,17
"543","2020-03-29",158,7,37,482,3771,0.457703526915937,8340,26920,219,306,61,543,25,321,53,25
"544","2020-03-30",161,7,32,506,3771,0.457703526915937,8340,26920,219,306,63,606,32,353,54,32
"545","2020-03-31",163,7,35,512,3771,0.457703526915937,8340,26920,219,306,59,665,20,373,52,20
"546","2020-04-01",158,7,39,519,3771,0.457703526915937,8340,26920,219,306,69,734,42,415,63,42
"547","2020-04-02",159,7,45,536,3771,0.457703526915937,8340,26920,219,306,67,801,46,461,57,46
"548","2020-04-03",172,7,41,550,3771,0.457703526915937,8340,26920,219,306,63,864,34,495,60,34
"549","2020-04-04",197,7,37,549,3771,0.457703526915937,8340,26920,219,306,87,951,21,516,77,21
"550","2020-04-05",181,7,48,552,3771,0.457703526915937,8340,26920,219,306,73,1024,18,534,67,18
"551","2020-04-06",169,7,48,554,3771,0.457703526915937,8340,26920,219,306,68,1092,30,564,56,30
"552","2020-04-07",163,7,55,547,3771,0.457703526915937,8340,26920,219,306,91,1183,34,598,82,34
"553","2020-04-08",174,7,46,551,3771,0.457703526915937,8340,26920,219,306,106,1289,20,618,98,20
"554","2020-04-09",184,7,50,567,3771,0.457703526915937,8340,26920,219,306,95,1384,19,637,88,19
"555","2020-04-10",213,7,58,553,3771,0.457703526915937,8340,26920,219,306,82,1466,34,671,74,34
"556","2020-04-11",217,7,73,561,3771,0.457703526915937,8340,26920,219,306,129,1595,21,692,123,21
"557","2020-04-12",197,7,63,570,3771,0.457703526915937,8340,26920,219,306,108,1703,16,708,98,16
"558","2020-04-13",196,7,62,574,3771,0.457703526915937,8340,26920,219,306,88,1791,37,745,74,37
"559","2020-04-14",198,7,64,579,3771,0.457703526915937,8340,26920,219,306,121,1912,20,765,114,20
"560","2020-04-15",191,7,76,585,3771,0.457703526915937,8340,26920,219,306,113,2025,15,780,110,15
"561","2020-04-16",187,7,81,584,3771,0.457703526915937,8340,26920,219,306,121,2146,22,802,116,22
"562","2020-04-17",195,7,86,594,3771,0.457703526915937,8340,26920,219,306,114,2260,15,817,104,15
"563","2020-04-18",176,7,96,592,3771,0.457703526915937,8340,26920,219,306,114,2374,21,838,110,21
"564","2020-04-19",177,7,87,604,3771,0.457703526915937,8340,26920,219,306,115,2489,14,852,105,14
"565","2020-04-20",177,7,91,632,3771,0.457703526915937,8340,26920,219,306,105,2594,16,868,98,16
"566","2020-04-21",180,7,97,639,3771,0.457703526915937,8340,26920,219,306,121,2715,25,893,118,25
"567","2020-04-22",187,7,83,629,3771,0.457703526915937,8340,26920,219,306,108,2823,10,903,99,10
"568","2020-04-23",193,7,71,623,3771,0.457703526915937,8340,26920,219,306,110,2933,8,911,102,8
"569","2020-04-24",204,7,66,620,3771,0.457703526915937,8340,26920,219,306,118,3051,27,938,112,27
"570","2020-04-25",213,7,59,632,3771,0.457703526915937,8340,26920,219,306,102,3153,21,959,96,21
"571","2020-04-26",218,7,55,609,3771,0.457703526915937,8340,26920,219,306,116,3269,50,1009,111,50
"572","2020-04-27",216,7,58,589,3771,0.457703526915937,8340,26920,219,306,75,3344,35,1044,68,35
"573","2020-04-28",198,7,56,572,3771,0.457703526915937,8340,26920,219,306,90,3434,23,1067,85,23
"574","2020-04-29",202,7,59,581,3771,0.457703526915937,8340,26920,219,306,85,3519,46,1113,81,46
"575","2020-04-30",195,7,53,568,3771,0.457703526915937,8340,26920,219,306,98,3617,45,1158,94,45
"576","2020-05-01",198,7,65,566,3771,0.457703526915937,8340,26920,219,306,100,3717,40,1198,97,40
"577","2020-05-02",190,7,81,545,3771,0.457703526915937,8340,26920,219,306,88,3805,28,1226,82,28
"578","2020-05-03",171,7,88,541,3771,0.457703526915937,8340,26920,219,306,75,3880,19,1245,70,19
"579","2020-05-04",167,7,86,551,3771,0.457703526915937,8340,26920,219,306,56,3936,14,1259,51,14
"580","2020-05-05",179,7,83,539,3771,0.457703526915937,8340,26920,219,306,80,4016,17,1276,73,17
"581","2020-05-06",170,7,79,549,3771,0.457703526915937,8340,26920,219,306,73,4089,41,1317,71,41
"582","2020-05-07",169,7,68,540,3771,0.457703526915937,8340,26920,219,306,70,4159,39,1356,64,39
"583","2020-05-08",160,7,67,520,3771,0.457703526915937,8340,26920,219,306,44,4203,41,1397,41,41
"584","2020-05-09",187,7,58,514,3771,0.457703526915937,8340,26920,219,306,62,4265,23,1420,53,23
"585","2020-05-10",189,7,59,493,3771,0.457703526915937,8340,26920,219,306,74,4339,35,1455,72,35
"586","2020-05-11",185,7,57,486,3771,0.457703526915937,8340,26920,219,306,47,4386,27,1482,44,27
"587","2020-05-12",178,7,67,485,3771,0.457703526915937,8340,26920,219,306,39,4425,35,1517,32,35
"588","2020-05-13",178,7,69,491,3771,0.457703526915937,8340,26920,219,306,35,4460,23,1540,34,23
"589","2020-05-14",167,7,71,465,3771,0.457703526915937,8340,26920,219,306,41,4501,31,1571,38,31
"590","2020-05-15",188,7,66,466,3771,0.457703526915937,8340,26920,219,306,39,4540,38,1609,35,38
"591","2020-05-16",155,7,60,443,3771,0.457703526915937,8340,26920,219,306,38,4578,26,1635,34,26
"592","2020-05-17",140,7,54,416,3771,0.457703526915937,8340,26920,219,306,35,4613,6,1641,30,6
"593","2020-05-18",136,7,58,398,3771,0.457703526915937,8340,26920,219,306,25,4638,8,1649,22,8
"594","2020-05-19",129,7,48,391,3771,0.457703526915937,8340,26920,219,306,33,4671,3,1652,30,3
"595","2020-05-20",118,7,51,382,3771,0.457703526915937,8340,26920,219,306,38,4709,10,1662,36,10
"596","2020-05-21",121,7,52,358,3771,0.457703526915937,8340,26920,219,306,15,4724,4,1666,11,4
"597","2020-05-22",120,7,55,351,3771,0.457703526915937,8340,26920,219,306,20,4744,NA,NA,18,NA
"598","2020-05-23",136,7,58,341,3771,0.457703526915937,8340,26920,219,306,15,4759,6,1672,13,6
"599","2020-05-24",118,7,53,344,3771,0.457703526915937,8340,26920,219,306,23,4782,16,1688,20,16
"600","2020-05-25",119,7,62,335,3771,0.457703526915937,8340,26920,219,306,23,4805,14,1702,19,14
"601","2020-05-26",112,7,71,331,3771,0.457703526915937,8340,26920,219,306,21,4826,11,1713,18,11
"602","2020-05-27",117,7,75,315,3771,0.457703526915937,8340,26920,219,306,17,4843,7,1720,17,7
"603","2020-05-28",114,7,77,300,3771,0.457703526915937,8340,26920,219,306,9,4852,7,1727,9,7
"604","2020-05-29",111,7,76,279,3771,0.457703526915937,8340,26920,219,306,14,4866,18,1745,12,18
"605","2020-05-30",99,7,71,288,3771,0.457703526915937,8340,26920,219,306,18,4884,11,1756,17,11
"606","2020-05-31",94,7,60,276,3771,0.457703526915937,8340,26920,219,306,13,4897,12,1768,11,12
"607","2020-06-01",88,7,61,256,3771,0.457703526915937,8340,26920,219,306,13,4910,19,1787,12,19
"608","2020-06-02",81,7,58,247,3771,0.457703526915937,8340,26920,219,306,4,4914,23,1810,3,23
"609","2020-06-03",76,7,46,246,3771,0.457703526915937,8340,26920,219,306,8,4922,23,1833,7,23
"610","2020-06-04",80,7,38,245,3771,0.457703526915937,8340,26920,219,306,3,4925,9,1842,3,9
"611","2020-06-05",76,7,37,245,3771,0.457703526915937,8340,26920,219,306,9,4934,15,1857,8,15
"612","2020-06-06",80,7,40,239,3771,0.457703526915937,8340,26920,219,306,7,4941,14,1871,4,14
"613","2020-06-07",79,7,42,226,3771,0.457703526915937,8340,26920,219,306,5,4946,7,1878,4,7
"614","2020-03-08",1,8,0,0,4631,0.694234506586051,8220,30969,272,852,NA,NA,NA,NA,NA,NA
"615","2020-03-09",1,8,0,0,4631,0.694234506586051,8220,30969,272,852,NA,NA,NA,NA,NA,NA
"616","2020-03-10",0,8,0,0,4631,0.694234506586051,8220,30969,272,852,NA,NA,1,1,NA,1
"617","2020-03-11",0,8,0,0,4631,0.694234506586051,8220,30969,272,852,7,7,8,9,NA,8
"618","2020-03-12",0,8,0,0,4631,0.694234506586051,8220,30969,272,852,13,20,10,19,2,10
"619","2020-03-13",4,8,48,52,4631,0.694234506586051,8220,30969,272,852,16,36,19,38,4,19
"620","2020-03-14",7,8,60,70,4631,0.694234506586051,8220,30969,272,852,23,59,10,48,6,10
"621","2020-03-15",11,8,64,106,4631,0.694234506586051,8220,30969,272,852,16,75,3,51,6,3
"622","2020-03-16",12,8,98,128,4631,0.694234506586051,8220,30969,272,852,25,100,1,52,12,1
"623","2020-03-17",18,8,101,161,4631,0.694234506586051,8220,30969,272,852,20,120,4,56,10,4
"624","2020-03-18",25,8,120,195,4631,0.694234506586051,8220,30969,272,852,17,137,5,61,7,5
"625","2020-03-19",33,8,128,236,4631,0.694234506586051,8220,30969,272,852,18,155,6,67,8,6
"626","2020-03-20",42,8,127,264,4631,0.694234506586051,8220,30969,272,852,36,191,12,79,11,12
"627","2020-03-21",58,8,127,296,4631,0.694234506586051,8220,30969,272,852,26,217,8,87,19,8
"628","2020-03-22",69,8,135,323,4631,0.694234506586051,8220,30969,272,852,33,250,12,99,20,12
"629","2020-03-23",78,8,133,368,4631,0.694234506586051,8220,30969,272,852,35,285,7,106,19,7
"630","2020-03-24",76,8,138,418,4631,0.694234506586051,8220,30969,272,852,29,314,8,114,20,8
"631","2020-03-25",87,8,142,452,4631,0.694234506586051,8220,30969,272,852,34,348,15,129,22,15
"632","2020-03-26",96,8,133,476,4631,0.694234506586051,8220,30969,272,852,29,377,8,137,19,8
"633","2020-03-27",121,8,123,500,4631,0.694234506586051,8220,30969,272,852,37,414,14,151,21,14
"634","2020-03-28",148,8,123,537,4631,0.694234506586051,8220,30969,272,852,27,441,8,159,13,8
"635","2020-03-29",159,8,122,558,4631,0.694234506586051,8220,30969,272,852,38,479,7,166,28,7
"636","2020-03-30",164,8,128,595,4631,0.694234506586051,8220,30969,272,852,56,535,17,183,38,17
"637","2020-03-31",186,8,145,644,4631,0.694234506586051,8220,30969,272,852,43,578,9,192,30,9
"638","2020-04-01",189,8,152,673,4631,0.694234506586051,8220,30969,272,852,32,610,5,197,21,5
"639","2020-04-02",197,8,156,702,4631,0.694234506586051,8220,30969,272,852,43,653,5,202,30,5
"640","2020-04-03",218,8,157,738,4631,0.694234506586051,8220,30969,272,852,35,688,7,209,25,7
"641","2020-04-04",206,8,166,786,4631,0.694234506586051,8220,30969,272,852,49,737,7,216,33,7
"642","2020-04-05",236,8,171,824,4631,0.694234506586051,8220,30969,272,852,51,788,16,232,29,16
"643","2020-04-06",253,8,170,855,4631,0.694234506586051,8220,30969,272,852,53,841,18,250,34,18
"644","2020-04-07",227,8,181,857,4631,0.694234506586051,8220,30969,272,852,50,891,12,262,28,12
"645","2020-04-08",241,8,193,886,4631,0.694234506586051,8220,30969,272,852,37,928,20,282,25,20
"646","2020-04-09",249,8,192,919,4631,0.694234506586051,8220,30969,272,852,54,982,25,307,35,25
"647","2020-04-10",315,8,209,932,4631,0.694234506586051,8220,30969,272,852,48,1030,17,324,24,17
"648","2020-04-11",320,8,212,957,4631,0.694234506586051,8220,30969,272,852,43,1073,18,342,31,18
"649","2020-04-12",299,8,229,968,4631,0.694234506586051,8220,30969,272,852,55,1128,8,350,38,8
"650","2020-04-13",287,8,230,993,4631,0.694234506586051,8220,30969,272,852,41,1169,14,364,34,14
"651","2020-04-14",288,8,233,995,4631,0.694234506586051,8220,30969,272,852,52,1221,17,381,40,17
"652","2020-04-15",286,8,227,1005,4631,0.694234506586051,8220,30969,272,852,44,1265,23,404,33,23
"653","2020-04-16",281,8,256,986,4631,0.694234506586051,8220,30969,272,852,45,1310,25,429,32,25
"654","2020-04-17",303,8,250,955,4631,0.694234506586051,8220,30969,272,852,45,1355,19,448,26,19
"655","2020-04-18",330,8,246,938,4631,0.694234506586051,8220,30969,272,852,49,1404,25,473,34,25
"656","2020-04-19",315,8,233,923,4631,0.694234506586051,8220,30969,272,852,69,1473,31,504,50,31
"657","2020-04-20",306,8,202,910,4631,0.694234506586051,8220,30969,272,852,43,1516,24,528,31,24
"658","2020-04-21",302,8,193,901,4631,0.694234506586051,8220,30969,272,852,41,1557,34,562,28,34
"659","2020-04-22",306,8,191,868,4631,0.694234506586051,8220,30969,272,852,51,1608,18,580,27,18
"660","2020-04-23",312,8,185,861,4631,0.694234506586051,8220,30969,272,852,36,1644,26,606,24,26
"661","2020-04-24",330,8,209,840,4631,0.694234506586051,8220,30969,272,852,55,1699,21,627,37,21
"662","2020-04-25",316,8,224,820,4631,0.694234506586051,8220,30969,272,852,36,1735,17,644,26,17
"663","2020-04-26",288,8,206,800,4631,0.694234506586051,8220,30969,272,852,54,1789,34,678,43,34
"664","2020-04-27",285,8,190,783,4631,0.694234506586051,8220,30969,272,852,43,1832,15,693,32,15
"665","2020-04-28",283,8,195,756,4631,0.694234506586051,8220,30969,272,852,56,1888,36,729,33,36
"666","2020-04-29",270,8,193,740,4631,0.694234506586051,8220,30969,272,852,58,1946,34,763,41,34
"667","2020-04-30",271,8,203,722,4631,0.694234506586051,8220,30969,272,852,46,1992,22,785,27,22
"668","2020-05-01",255,8,202,714,4631,0.694234506586051,8220,30969,272,852,53,2045,35,820,35,35
"669","2020-05-02",266,8,217,715,4631,0.694234506586051,8220,30969,272,852,54,2099,29,849,40,29
"670","2020-05-03",260,8,228,692,4631,0.694234506586051,8220,30969,272,852,36,2135,20,869,26,20
"671","2020-05-04",253,8,208,673,4631,0.694234506586051,8220,30969,272,852,50,2185,8,877,35,8
"672","2020-05-05",255,8,196,652,4631,0.694234506586051,8220,30969,272,852,39,2224,10,887,30,10
"673","2020-05-06",261,8,206,623,4631,0.694234506586051,8220,30969,272,852,45,2269,17,904,34,17
"674","2020-05-07",248,8,195,607,4631,0.694234506586051,8220,30969,272,852,43,2312,11,915,33,11
"675","2020-05-08",259,8,185,597,4631,0.694234506586051,8220,30969,272,852,49,2361,8,923,36,8
"676","2020-05-09",254,8,175,569,4631,0.694234506586051,8220,30969,272,852,44,2405,29,952,26,29
"677","2020-05-10",233,8,169,544,4631,0.694234506586051,8220,30969,272,852,30,2435,20,972,15,20
"678","2020-05-11",218,8,165,526,4631,0.694234506586051,8220,30969,272,852,48,2483,12,984,28,12
"679","2020-05-12",204,8,166,500,4631,0.694234506586051,8220,30969,272,852,33,2516,12,996,23,12
"680","2020-05-13",193,8,150,488,4631,0.694234506586051,8220,30969,272,852,46,2562,15,1011,31,15
"681","2020-05-14",186,8,145,476,4631,0.694234506586051,8220,30969,272,852,36,2598,15,1026,20,15
"682","2020-05-15",170,8,138,457,4631,0.694234506586051,8220,30969,272,852,31,2629,20,1046,23,20
"683","2020-05-16",165,8,131,445,4631,0.694234506586051,8220,30969,272,852,37,2666,17,1063,30,17
"684","2020-05-17",149,8,122,419,4631,0.694234506586051,8220,30969,272,852,21,2687,12,1075,13,12
"685","2020-05-18",143,8,123,403,4631,0.694234506586051,8220,30969,272,852,15,2702,11,1086,9,11
"686","2020-05-19",139,8,117,383,4631,0.694234506586051,8220,30969,272,852,19,2721,16,1102,15,16
"687","2020-05-20",132,8,126,365,4631,0.694234506586051,8220,30969,272,852,24,2745,20,1122,15,20
"688","2020-05-21",126,8,154,364,4631,0.694234506586051,8220,30969,272,852,26,2771,14,1136,19,14
"689","2020-05-22",116,8,183,339,4631,0.694234506586051,8220,30969,272,852,17,2788,9,1145,10,9
"690","2020-05-23",118,8,178,334,4631,0.694234506586051,8220,30969,272,852,16,2804,21,1166,10,21
"691","2020-05-24",115,8,205,329,4631,0.694234506586051,8220,30969,272,852,22,2826,15,1181,12,15
"692","2020-05-25",109,8,213,320,4631,0.694234506586051,8220,30969,272,852,24,2850,6,1187,14,6
"693","2020-05-26",103,8,210,312,4631,0.694234506586051,8220,30969,272,852,23,2873,9,1196,11,9
"694","2020-05-27",100,8,205,309,4631,0.694234506586051,8220,30969,272,852,13,2886,7,1203,7,7
"695","2020-05-28",110,8,183,300,4631,0.694234506586051,8220,30969,272,852,23,2909,5,1208,17,5
"696","2020-05-29",109,8,167,289,4631,0.694234506586051,8220,30969,272,852,18,2927,4,1212,12,4
"697","2020-05-30",104,8,153,275,4631,0.694234506586051,8220,30969,272,852,20,2947,8,1220,9,8
"698","2020-05-31",99,8,152,261,4631,0.694234506586051,8220,30969,272,852,19,2966,6,1226,9,6
"699","2020-06-01",103,8,163,256,4631,0.694234506586051,8220,30969,272,852,14,2980,11,1237,11,11
"700","2020-06-02",99,8,165,249,4631,0.694234506586051,8220,30969,272,852,19,2999,12,1249,15,12
"701","2020-06-03",104,8,165,240,4631,0.694234506586051,8220,30969,272,852,14,3013,10,1259,8,10
"702","2020-06-04",92,8,155,226,4631,0.694234506586051,8220,30969,272,852,6,3019,7,1266,3,7
"703","2020-06-05",88,8,147,219,4631,0.694234506586051,8220,30969,272,852,16,3035,13,1279,12,13
"704","2020-06-06",84,8,148,197,4631,0.694234506586051,8220,30969,272,852,11,3046,8,1287,6,8
"705","2020-06-07",80,8,155,193,4631,0.694234506586051,8220,30969,272,852,9,3055,12,1299,8,12
"706","2020-03-16",2,9,34,40,5668,0.958539167254764,8460,32808,358,509,6,44,3,66,6,3
"707","2020-03-17",4,9,42,47,5668,0.958539167254764,8460,32808,358,509,8,52,13,79,6,13
"708","2020-03-18",7,9,43,58,5668,0.958539167254764,8460,32808,358,509,11,63,17,96,9,17
"709","2020-03-19",9,9,34,66,5668,0.958539167254764,8460,32808,358,509,17,80,15,111,14,15
"710","2020-03-20",10,9,33,83,5668,0.958539167254764,8460,32808,358,509,19,99,33,144,18,33
"711","2020-03-21",21,9,45,104,5668,0.958539167254764,8460,32808,358,509,35,134,39,183,31,39
"712","2020-03-22",26,9,52,133,5668,0.958539167254764,8460,32808,358,509,22,156,24,207,19,24
"713","2020-03-23",25,9,58,156,5668,0.958539167254764,8460,32808,358,509,31,187,25,232,26,25
"714","2020-03-24",26,9,59,181,5668,0.958539167254764,8460,32808,358,509,43,230,34,266,36,34
"715","2020-03-25",30,9,71,209,5668,0.958539167254764,8460,32808,358,509,44,274,27,293,42,27
"716","2020-03-26",35,9,71,234,5668,0.958539167254764,8460,32808,358,509,50,324,18,311,49,18
"717","2020-03-27",46,9,59,272,5668,0.958539167254764,8460,32808,358,509,40,364,19,330,38,19
"718","2020-03-28",57,9,50,305,5668,0.958539167254764,8460,32808,358,509,63,427,16,346,59,16
"719","2020-03-29",72,9,52,333,5668,0.958539167254764,8460,32808,358,509,73,500,32,378,72,32
"720","2020-03-30",79,9,53,381,5668,0.958539167254764,8460,32808,358,509,88,588,25,403,85,25
"721","2020-03-31",82,9,55,420,5668,0.958539167254764,8460,32808,358,509,83,671,23,426,81,23
"722","2020-04-01",85,9,62,463,5668,0.958539167254764,8460,32808,358,509,88,759,26,452,84,26
"723","2020-04-02",100,9,61,508,5668,0.958539167254764,8460,32808,358,509,100,859,15,467,97,15
"724","2020-04-03",123,9,57,562,5668,0.958539167254764,8460,32808,358,509,106,965,45,512,102,45
"725","2020-04-04",146,9,55,611,5668,0.958539167254764,8460,32808,358,509,110,1075,47,559,107,47
"726","2020-04-05",163,9,47,657,5668,0.958539167254764,8460,32808,358,509,121,1196,36,595,119,36
"727","2020-04-06",167,9,38,711,5668,0.958539167254764,8460,32808,358,509,146,1342,35,630,141,35
"728","2020-04-07",194,9,48,778,5668,0.958539167254764,8460,32808,358,509,149,1491,20,650,143,20
"729","2020-04-08",216,9,56,832,5668,0.958539167254764,8460,32808,358,509,153,1644,28,678,152,28
"730","2020-04-09",221,9,73,887,5668,0.958539167254764,8460,32808,358,509,156,1800,30,708,152,30
"731","2020-04-10",269,9,91,930,5668,0.958539167254764,8460,32808,358,509,133,1933,50,758,131,50
"732","2020-04-11",269,9,94,1025,5668,0.958539167254764,8460,32808,358,509,127,2060,23,781,123,23
"733","2020-04-12",313,9,85,1072,5668,0.958539167254764,8460,32808,358,509,163,2223,28,809,160,28
"734","2020-04-13",326,9,81,1145,5668,0.958539167254764,8460,32808,358,509,149,2372,28,837,144,28
"735","2020-04-14",318,9,70,1205,5668,0.958539167254764,8460,32808,358,509,140,2512,9,846,136,9
"736","2020-04-15",333,9,82,1229,5668,0.958539167254764,8460,32808,358,509,129,2641,14,860,123,14
"737","2020-04-16",348,9,91,1277,5668,0.958539167254764,8460,32808,358,509,133,2774,34,894,129,34
"738","2020-04-17",420,9,103,1351,5668,0.958539167254764,8460,32808,358,509,179,2953,12,906,177,12
"739","2020-04-18",436,9,141,1400,5668,0.958539167254764,8460,32808,358,509,163,3116,17,923,158,17
"740","2020-04-19",448,9,129,1383,5668,0.958539167254764,8460,32808,358,509,132,3248,34,957,127,34
"741","2020-04-20",465,9,143,1421,5668,0.958539167254764,8460,32808,358,509,147,3395,25,982,145,25
"742","2020-04-21",460,9,140,1418,5668,0.958539167254764,8460,32808,358,509,137,3532,8,990,135,8
"743","2020-04-22",458,9,129,1416,5668,0.958539167254764,8460,32808,358,509,121,3653,15,1005,121,15
"744","2020-04-23",470,9,120,1444,5668,0.958539167254764,8460,32808,358,509,136,3789,28,1033,134,28
"745","2020-04-24",562,9,128,1435,5668,0.958539167254764,8460,32808,358,509,90,3879,36,1069,89,36
"746","2020-04-25",586,9,119,1441,5668,0.958539167254764,8460,32808,358,509,126,4005,19,1088,125,19
"747","2020-04-26",502,9,111,1409,5668,0.958539167254764,8460,32808,358,509,72,4077,8,1096,71,8
"748","2020-04-27",499,9,118,1413,5668,0.958539167254764,8460,32808,358,509,106,4183,13,1109,102,13
"749","2020-04-28",491,9,128,1428,5668,0.958539167254764,8460,32808,358,509,90,4273,33,1142,84,33
"750","2020-04-29",489,9,138,1401,5668,0.958539167254764,8460,32808,358,509,101,4374,21,1163,98,21
"751","2020-04-30",481,9,132,1397,5668,0.958539167254764,8460,32808,358,509,96,4470,37,1200,95,37
"752","2020-05-01",540,9,125,1391,5668,0.958539167254764,8460,32808,358,509,54,4524,40,1240,54,40
"753","2020-05-02",522,9,110,1347,5668,0.958539167254764,8460,32808,358,509,64,4588,40,1280,62,40
"754","2020-05-03",469,9,104,1329,5668,0.958539167254764,8460,32808,358,509,74,4662,24,1304,73,24
"755","2020-05-04",443,9,81,1290,5668,0.958539167254764,8460,32808,358,509,49,4711,11,1315,45,11
"756","2020-05-05",422,9,73,1230,5668,0.958539167254764,8460,32808,358,509,57,4768,39,1354,55,39
"757","2020-05-06",407,9,64,1179,5668,0.958539167254764,8460,32808,358,509,61,4829,20,1374,61,20
"758","2020-05-07",408,9,59,1103,5668,0.958539167254764,8460,32808,358,509,34,4863,33,1407,31,33
"759","2020-05-08",323,9,65,1039,5668,0.958539167254764,8460,32808,358,509,44,4907,17,1424,43,17
"760","2020-05-09",348,9,86,1003,5668,0.958539167254764,8460,32808,358,509,43,4950,25,1449,42,25
"761","2020-05-10",334,9,98,946,5668,0.958539167254764,8460,32808,358,509,42,4992,26,1475,40,26
"762","2020-05-11",330,9,99,905,5668,0.958539167254764,8460,32808,358,509,43,5035,17,1492,41,17
"763","2020-05-12",331,9,84,849,5668,0.958539167254764,8460,32808,358,509,33,5068,45,1537,30,45
"764","2020-05-13",338,9,80,788,5668,0.958539167254764,8460,32808,358,509,39,5107,28,1565,36,28
"765","2020-05-14",314,9,85,744,5668,0.958539167254764,8460,32808,358,509,34,5141,20,1585,34,20
"766","2020-05-15",306,9,89,697,5668,0.958539167254764,8460,32808,358,509,27,5168,12,1597,25,12
"767","2020-05-16",276,9,83,651,5668,0.958539167254764,8460,32808,358,509,29,5197,9,1606,29,9
"768","2020-05-17",240,9,79,605,5668,0.958539167254764,8460,32808,358,509,28,5225,31,1637,26,31
"769","2020-05-18",222,9,65,556,5668,0.958539167254764,8460,32808,358,509,35,5260,34,1671,34,34
"770","2020-05-19",205,9,60,508,5668,0.958539167254764,8460,32808,358,509,21,5281,49,1720,20,49
"771","2020-05-20",183,9,72,481,5668,0.958539167254764,8460,32808,358,509,14,5295,41,1761,13,41
"772","2020-05-21",178,9,84,458,5668,0.958539167254764,8460,32808,358,509,21,5316,49,1810,20,49
"773","2020-05-22",164,9,70,429,5668,0.958539167254764,8460,32808,358,509,18,5334,21,1831,17,21
"774","2020-05-23",145,9,71,396,5668,0.958539167254764,8460,32808,358,509,23,5357,11,1842,23,11
"775","2020-05-24",133,9,77,372,5668,0.958539167254764,8460,32808,358,509,15,5372,13,1855,13,13
"776","2020-05-25",133,9,82,341,5668,0.958539167254764,8460,32808,358,509,14,5386,7,1862,14,7
"777","2020-05-26",124,9,70,312,5668,0.958539167254764,8460,32808,358,509,14,5400,11,1873,13,11
"778","2020-05-27",124,9,71,295,5668,0.958539167254764,8460,32808,358,509,11,5411,13,1886,10,13
"779","2020-05-28",117,9,68,279,5668,0.958539167254764,8460,32808,358,509,13,5424,6,1892,12,6
"780","2020-05-29",108,9,82,249,5668,0.958539167254764,8460,32808,358,509,16,5440,10,1902,15,10
"781","2020-05-30",106,9,74,228,5668,0.958539167254764,8460,32808,358,509,14,5454,21,1923,14,21
"782","2020-05-31",99,9,70,208,5668,0.958539167254764,8460,32808,358,509,8,5462,11,1934,7,11
"783","2020-06-01",85,9,68,183,5668,0.958539167254764,8460,32808,358,509,8,5470,22,1956,8,22
"784","2020-06-02",82,9,68,176,5668,0.958539167254764,8460,32808,358,509,9,5479,25,1981,8,25
"785","2020-06-03",77,9,72,164,5668,0.958539167254764,8460,32808,358,509,10,5489,28,2009,9,28
"786","2020-06-04",74,9,66,153,5668,0.958539167254764,8460,32808,358,509,10,5499,23,2032,10,23
"787","2020-06-05",67,9,69,137,5668,0.958539167254764,8460,32808,358,509,7,5506,23,2055,6,23
"788","2020-06-06",60,9,62,128,5668,0.958539167254764,8460,32808,358,509,7,5513,20,2075,6,20
"789","2020-06-07",53,9,56,121,5668,0.958539167254764,8460,32808,358,509,3,5516,21,2096,2,21
"790","2020-03-07",1,10,0,0,5634,0.945331913383032,8460,30422,308,612,NA,NA,NA,NA,NA,NA
"791","2020-03-08",1,10,0,0,5634,0.945331913383032,8460,30422,308,612,NA,NA,NA,NA,NA,NA
"792","2020-03-09",0,10,0,0,5634,0.945331913383032,8460,30422,308,612,NA,NA,NA,NA,NA,NA
"793","2020-03-10",0,10,0,0,5634,0.945331913383032,8460,30422,308,612,NA,NA,NA,NA,NA,NA
"794","2020-03-11",0,10,0,0,5634,0.945331913383032,8460,30422,308,612,9,9,2,2,NA,2
"795","2020-03-12",0,10,0,0,5634,0.945331913383032,8460,30422,308,612,11,20,8,10,1,8
"796","2020-03-13",0,10,0,0,5634,0.945331913383032,8460,30422,308,612,9,29,5,15,2,5
"797","2020-03-14",2,10,38,25,5634,0.945331913383032,8460,30422,308,612,20,49,4,19,3,4
"798","2020-03-15",5,10,45,32,5634,0.945331913383032,8460,30422,308,612,16,65,7,26,6,7
"799","2020-03-16",5,10,59,41,5634,0.945331913383032,8460,30422,308,612,19,84,10,36,8,10
"800","2020-03-17",6,10,66,48,5634,0.945331913383032,8460,30422,308,612,17,101,12,48,11,12
"801","2020-03-18",8,10,66,65,5634,0.945331913383032,8460,30422,308,612,25,126,13,61,15,13
"802","2020-03-19",11,10,69,75,5634,0.945331913383032,8460,30422,308,612,19,145,18,79,14,18
"803","2020-03-20",15,10,77,92,5634,0.945331913383032,8460,30422,308,612,24,169,18,97,21,18
"804","2020-03-21",20,10,87,102,5634,0.945331913383032,8460,30422,308,612,33,202,14,111,19,14
"805","2020-03-22",25,10,87,115,5634,0.945331913383032,8460,30422,308,612,37,239,15,126,25,15
"806","2020-03-23",26,10,100,137,5634,0.945331913383032,8460,30422,308,612,42,281,15,141,28,15
"807","2020-03-24",28,10,103,161,5634,0.945331913383032,8460,30422,308,612,33,314,13,154,23,13
"808","2020-03-25",35,10,110,180,5634,0.945331913383032,8460,30422,308,612,28,342,10,164,25,10
"809","2020-03-26",39,10,111,207,5634,0.945331913383032,8460,30422,308,612,46,388,1,165,33,1
"810","2020-03-27",51,10,112,228,5634,0.945331913383032,8460,30422,308,612,34,422,5,170,23,5
"811","2020-03-28",67,10,97,259,5634,0.945331913383032,8460,30422,308,612,55,477,3,173,45,3
"812","2020-03-29",68,10,87,287,5634,0.945331913383032,8460,30422,308,612,52,529,4,177,41,4
"813","2020-03-30",64,10,76,321,5634,0.945331913383032,8460,30422,308,612,49,578,15,192,38,15
"814","2020-03-31",69,10,77,351,5634,0.945331913383032,8460,30422,308,612,48,626,11,203,36,11
"815","2020-04-01",72,10,85,390,5634,0.945331913383032,8460,30422,308,612,58,684,16,219,46,16
"816","2020-04-02",79,10,98,426,5634,0.945331913383032,8460,30422,308,612,70,754,21,240,55,21
"817","2020-04-03",98,10,96,495,5634,0.945331913383032,8460,30422,308,612,74,828,10,250,61,10
"818","2020-04-04",108,10,94,558,5634,0.945331913383032,8460,30422,308,612,69,897,7,257,57,7
"819","2020-04-05",122,10,97,612,5634,0.945331913383032,8460,30422,308,612,74,971,8,265,62,8
"820","2020-04-06",134,10,108,669,5634,0.945331913383032,8460,30422,308,612,87,1058,17,282,66,17
"821","2020-04-07",143,10,126,720,5634,0.945331913383032,8460,30422,308,612,94,1152,8,290,83,8
"822","2020-04-08",153,10,117,778,5634,0.945331913383032,8460,30422,308,612,95,1247,19,309,83,19
"823","2020-04-09",170,10,111,847,5634,0.945331913383032,8460,30422,308,612,80,1327,12,321,69,12
"824","2020-04-10",253,10,127,945,5634,0.945331913383032,8460,30422,308,612,104,1431,10,331,90,10
"825","2020-04-11",290,10,122,1011,5634,0.945331913383032,8460,30422,308,612,92,1523,20,351,82,20
"826","2020-04-12",290,10,102,1098,5634,0.945331913383032,8460,30422,308,612,92,1615,12,363,82,12
"827","2020-04-13",304,10,91,1159,5634,0.945331913383032,8460,30422,308,612,93,1708,16,379,85,16
"828","2020-04-14",302,10,106,1247,5634,0.945331913383032,8460,30422,308,612,135,1843,12,391,126,12
"829","2020-04-15",321,10,125,1346,5634,0.945331913383032,8460,30422,308,612,78,1921,23,414,67,23
"830","2020-04-16",339,10,119,1426,5634,0.945331913383032,8460,30422,308,612,93,2014,12,426,82,12
"831","2020-04-17",452,10,117,1502,5634,0.945331913383032,8460,30422,308,612,90,2104,19,445,82,19
"832","2020-04-18",461,10,97,1593,5634,0.945331913383032,8460,30422,308,612,118,2222,13,458,109,13
"833","2020-04-19",478,10,97,1683,5634,0.945331913383032,8460,30422,308,612,127,2349,21,479,115,21
"834","2020-04-20",504,10,97,1718,5634,0.945331913383032,8460,30422,308,612,105,2454,19,498,92,19
"835","2020-04-21",506,10,112,1780,5634,0.945331913383032,8460,30422,308,612,100,2554,14,512,82,14
"836","2020-04-22",539,10,113,1806,5634,0.945331913383032,8460,30422,308,612,97,2651,16,528,82,16
"837","2020-04-23",543,10,133,1845,5634,0.945331913383032,8460,30422,308,612,101,2752,29,557,90,29
"838","2020-04-24",618,10,131,1826,5634,0.945331913383032,8460,30422,308,612,88,2840,28,585,76,28
"839","2020-04-25",660,10,122,1821,5634,0.945331913383032,8460,30422,308,612,87,2927,33,618,74,33
"840","2020-04-26",643,10,114,1811,5634,0.945331913383032,8460,30422,308,612,78,3005,21,639,63,21
"841","2020-04-27",642,10,108,1782,5634,0.945331913383032,8460,30422,308,612,96,3101,23,662,86,23
"842","2020-04-28",647,10,106,1724,5634,0.945331913383032,8460,30422,308,612,62,3163,10,672,53,10
"843","2020-04-29",633,10,111,1701,5634,0.945331913383032,8460,30422,308,612,79,3242,24,696,68,24
"844","2020-04-30",639,10,117,1631,5634,0.945331913383032,8460,30422,308,612,73,3315,34,730,64,34
"845","2020-05-01",632,10,113,1553,5634,0.945331913383032,8460,30422,308,612,74,3389,30,760,63,30
"846","2020-05-02",606,10,126,1497,5634,0.945331913383032,8460,30422,308,612,66,3455,18,778,53,18
"847","2020-05-03",543,10,150,1405,5634,0.945331913383032,8460,30422,308,612,78,3533,29,807,72,29
"848","2020-05-04",518,10,139,1313,5634,0.945331913383032,8460,30422,308,612,68,3601,17,824,63,17
"849","2020-05-05",486,10,160,1233,5634,0.945331913383032,8460,30422,308,612,61,3662,26,850,55,26
"850","2020-05-06",457,10,176,1129,5634,0.945331913383032,8460,30422,308,612,62,3724,32,882,46,32
"851","2020-05-07",438,10,191,1056,5634,0.945331913383032,8460,30422,308,612,53,3777,28,910,45,28
"852","2020-05-08",394,10,178,981,5634,0.945331913383032,8460,30422,308,612,50,3827,34,944,47,34
"853","2020-05-09",378,10,188,917,5634,0.945331913383032,8460,30422,308,612,44,3871,36,980,37,36
"854","2020-05-10",334,10,205,845,5634,0.945331913383032,8460,30422,308,612,41,3912,16,996,32,16
"855","2020-05-11",311,10,199,766,5634,0.945331913383032,8460,30422,308,612,40,3952,32,1028,33,32
"856","2020-05-12",309,10,175,708,5634,0.945331913383032,8460,30422,308,612,51,4003,33,1061,43,33
"857","2020-05-13",317,10,166,633,5634,0.945331913383032,8460,30422,308,612,47,4050,22,1083,33,22
"858","2020-05-14",301,10,151,583,5634,0.945331913383032,8460,30422,308,612,51,4101,16,1099,44,16
"859","2020-05-15",269,10,140,528,5634,0.945331913383032,8460,30422,308,612,39,4140,24,1123,31,24
"860","2020-05-16",260,10,137,476,5634,0.945331913383032,8460,30422,308,612,38,4178,27,1150,36,27
"861","2020-05-17",235,10,139,426,5634,0.945331913383032,8460,30422,308,612,27,4205,34,1184,21,34
"862","2020-05-18",217,10,143,387,5634,0.945331913383032,8460,30422,308,612,27,4232,13,1197,22,13
"863","2020-05-19",196,10,131,330,5634,0.945331913383032,8460,30422,308,612,31,4263,10,1207,24,10
"864","2020-05-20",176,10,121,295,5634,0.945331913383032,8460,30422,308,612,26,4289,15,1222,22,15
"865","2020-05-21",165,10,130,256,5634,0.945331913383032,8460,30422,308,612,26,4315,8,1230,21,8
"866","2020-05-22",140,10,123,237,5634,0.945331913383032,8460,30422,308,612,25,4340,14,1244,17,14
"867","2020-05-23",106,10,126,214,5634,0.945331913383032,8460,30422,308,612,26,4366,15,1259,20,15
"868","2020-05-24",80,10,123,190,5634,0.945331913383032,8460,30422,308,612,21,4387,18,1277,15,18
"869","2020-05-25",78,10,131,163,5634,0.945331913383032,8460,30422,308,612,19,4406,5,1282,16,5
"870","2020-05-26",76,10,124,149,5634,0.945331913383032,8460,30422,308,612,25,4431,7,1289,19,7
"871","2020-05-27",63,10,104,143,5634,0.945331913383032,8460,30422,308,612,19,4450,5,1294,16,5
"872","2020-05-28",56,10,105,143,5634,0.945331913383032,8460,30422,308,612,16,4466,1,1295,13,1
"873","2020-05-29",48,10,116,120,5634,0.945331913383032,8460,30422,308,612,11,4477,5,1300,8,5
"874","2020-05-30",45,10,114,118,5634,0.945331913383032,8460,30422,308,612,14,4491,3,1303,12,3
"875","2020-05-31",40,10,95,109,5634,0.945331913383032,8460,30422,308,612,19,4510,9,1312,13,9
"876","2020-06-01",37,10,109,98,5634,0.945331913383032,8460,30422,308,612,14,4524,11,1323,12,11
"877","2020-06-02",33,10,113,91,5634,0.945331913383032,8460,30422,308,612,13,4537,5,1328,11,5
"878","2020-06-03",28,10,114,89,5634,0.945331913383032,8460,30422,308,612,12,4549,9,1337,9,9
"879","2020-06-04",26,10,108,76,5634,0.945331913383032,8460,30422,308,612,13,4562,4,1341,11,4
"880","2020-06-05",24,10,109,69,5634,0.945331913383032,8460,30422,308,612,9,4571,7,1348,6,7
"881","2020-06-06",27,10,104,65,5634,0.945331913383032,8460,30422,308,612,13,4584,7,1355,10,7
"882","2020-06-07",33,10,106,64,5634,0.945331913383032,8460,30422,308,612,12,4596,6,1361,9,6
"883","2020-03-14",1,11,38,54,5857,0.807239200956121,8340,32389,339,476,34,96,22,60,8,22
"884","2020-03-15",9,11,45,73,5857,0.807239200956121,8340,32389,339,476,31,127,14,74,10,14
"885","2020-03-16",11,11,71,99,5857,0.807239200956121,8340,32389,339,476,27,154,33,107,9,33
"886","2020-03-17",11,11,80,124,5857,0.807239200956121,8340,32389,339,476,39,193,29,136,16,29
"887","2020-03-18",19,11,83,164,5857,0.807239200956121,8340,32389,339,476,30,223,16,152,14,16
"888","2020-03-19",22,11,85,192,5857,0.807239200956121,8340,32389,339,476,47,270,24,176,26,24
"889","2020-03-20",27,11,98,228,5857,0.807239200956121,8340,32389,339,476,44,314,33,209,31,33
"890","2020-03-21",40,11,98,277,5857,0.807239200956121,8340,32389,339,476,42,356,32,241,29,32
"891","2020-03-22",50,11,97,334,5857,0.807239200956121,8340,32389,339,476,44,400,32,273,23,32
"892","2020-03-23",61,11,88,385,5857,0.807239200956121,8340,32389,339,476,44,444,29,302,31,29
"893","2020-03-24",73,11,95,424,5857,0.807239200956121,8340,32389,339,476,55,499,21,323,38,21
"894","2020-03-25",86,11,106,481,5857,0.807239200956121,8340,32389,339,476,48,547,34,357,33,34
"895","2020-03-26",104,11,93,530,5857,0.807239200956121,8340,32389,339,476,61,608,29,386,39,29
"896","2020-03-27",131,11,94,586,5857,0.807239200956121,8340,32389,339,476,65,673,35,421,46,35
"897","2020-03-28",149,11,100,649,5857,0.807239200956121,8340,32389,339,476,63,736,25,446,37,25
"898","2020-03-29",181,11,94,712,5857,0.807239200956121,8340,32389,339,476,70,806,59,505,48,59
"899","2020-03-30",192,11,96,770,5857,0.807239200956121,8340,32389,339,476,65,871,46,551,42,46
"900","2020-03-31",191,11,110,826,5857,0.807239200956121,8340,32389,339,476,85,956,42,593,56,42
"901","2020-04-01",191,11,101,873,5857,0.807239200956121,8340,32389,339,476,82,1038,37,630,64,37
"902","2020-04-02",201,11,112,946,5857,0.807239200956121,8340,32389,339,476,74,1112,48,678,51,48
"903","2020-04-03",275,11,115,1034,5857,0.807239200956121,8340,32389,339,476,93,1205,49,727,74,49
"904","2020-04-04",324,11,113,1104,5857,0.807239200956121,8340,32389,339,476,95,1300,41,768,77,41
"905","2020-04-05",306,11,129,1211,5857,0.807239200956121,8340,32389,339,476,89,1389,34,802,59,34
"906","2020-04-06",311,11,145,1251,5857,0.807239200956121,8340,32389,339,476,87,1476,27,829,62,27
"907","2020-04-07",323,11,128,1347,5857,0.807239200956121,8340,32389,339,476,93,1569,26,855,69,26
"908","2020-04-08",354,11,129,1443,5857,0.807239200956121,8340,32389,339,476,79,1648,28,883,59,28
"909","2020-04-09",378,11,151,1464,5857,0.807239200956121,8340,32389,339,476,87,1735,40,923,66,40
"910","2020-04-10",474,11,155,1489,5857,0.807239200956121,8340,32389,339,476,77,1812,41,964,63,41
"911","2020-04-11",485,11,172,1553,5857,0.807239200956121,8340,32389,339,476,98,1910,51,1015,72,51
"912","2020-04-12",504,11,168,1583,5857,0.807239200956121,8340,32389,339,476,97,2007,66,1081,80,66
"913","2020-04-13",499,11,128,1609,5857,0.807239200956121,8340,32389,339,476,97,2104,42,1123,71,42
"914","2020-04-14",513,11,119,1645,5857,0.807239200956121,8340,32389,339,476,96,2200,38,1161,69,38
"915","2020-04-15",534,11,101,1653,5857,0.807239200956121,8340,32389,339,476,92,2292,31,1192,75,31
"916","2020-04-16",529,11,98,1689,5857,0.807239200956121,8340,32389,339,476,96,2388,39,1231,65,39
"917","2020-04-17",605,11,88,1675,5857,0.807239200956121,8340,32389,339,476,76,2464,35,1266,55,35
"918","2020-04-18",609,11,96,1643,5857,0.807239200956121,8340,32389,339,476,73,2537,44,1310,57,44
"919","2020-04-19",564,11,113,1604,5857,0.807239200956121,8340,32389,339,476,80,2617,34,1344,58,34
"920","2020-04-20",559,11,126,1555,5857,0.807239200956121,8340,32389,339,476,76,2693,29,1373,56,29
"921","2020-04-21",553,11,139,1497,5857,0.807239200956121,8340,32389,339,476,74,2767,31,1404,52,31
"922","2020-04-22",534,11,140,1457,5857,0.807239200956121,8340,32389,339,476,80,2847,55,1459,55,55
"923","2020-04-23",521,11,150,1441,5857,0.807239200956121,8340,32389,339,476,77,2924,51,1510,50,51
"924","2020-04-24",480,11,135,1389,5857,0.807239200956121,8340,32389,339,476,65,2989,48,1558,46,48
"925","2020-04-25",476,11,118,1322,5857,0.807239200956121,8340,32389,339,476,93,3082,50,1608,67,50
"926","2020-04-26",440,11,157,1290,5857,0.807239200956121,8340,32389,339,476,69,3151,62,1670,50,62
"927","2020-04-27",428,11,178,1245,5857,0.807239200956121,8340,32389,339,476,70,3221,57,1727,50,57
"928","2020-04-28",394,11,159,1183,5857,0.807239200956121,8340,32389,339,476,59,3280,44,1771,45,44
"929","2020-04-29",382,11,133,1123,5857,0.807239200956121,8340,32389,339,476,60,3340,33,1804,43,33
"930","2020-04-30",390,11,124,1048,5857,0.807239200956121,8340,32389,339,476,57,3397,33,1837,38,33
"931","2020-05-01",410,11,110,986,5857,0.807239200956121,8340,32389,339,476,65,3462,58,1895,48,58
"932","2020-05-02",384,11,104,937,5857,0.807239200956121,8340,32389,339,476,64,3526,44,1939,45,44
"933","2020-05-03",354,11,93,886,5857,0.807239200956121,8340,32389,339,476,57,3583,54,1993,40,54
"934","2020-05-04",347,11,90,826,5857,0.807239200956121,8340,32389,339,476,51,3634,43,2036,37,43
"935","2020-05-05",346,11,110,793,5857,0.807239200956121,8340,32389,339,476,61,3695,22,2058,41,22
"936","2020-05-06",330,11,102,728,5857,0.807239200956121,8340,32389,339,476,47,3742,30,2088,28,30
"937","2020-05-07",306,11,106,685,5857,0.807239200956121,8340,32389,339,476,53,3795,34,2122,36,34
"938","2020-05-08",265,11,104,638,5857,0.807239200956121,8340,32389,339,476,39,3834,35,2157,31,35
"939","2020-05-09",256,11,100,586,5857,0.807239200956121,8340,32389,339,476,42,3876,28,2185,28,28
"940","2020-05-10",216,11,81,534,5857,0.807239200956121,8340,32389,339,476,50,3926,32,2217,37,32
"941","2020-05-11",204,11,80,504,5857,0.807239200956121,8340,32389,339,476,36,3962,32,2249,24,32
"942","2020-05-12",188,11,110,467,5857,0.807239200956121,8340,32389,339,476,42,4004,35,2284,28,35
"943","2020-05-13",185,11,101,425,5857,0.807239200956121,8340,32389,339,476,28,4032,28,2312,22,28
"944","2020-05-14",174,11,105,394,5857,0.807239200956121,8340,32389,339,476,34,4066,42,2354,22,42
"945","2020-05-15",148,11,117,362,5857,0.807239200956121,8340,32389,339,476,26,4092,30,2384,16,30
"946","2020-05-16",135,11,102,329,5857,0.807239200956121,8340,32389,339,476,42,4134,32,2416,26,32
"947","2020-05-17",126,11,86,298,5857,0.807239200956121,8340,32389,339,476,30,4164,32,2448,20,32
"948","2020-05-18",114,11,76,275,5857,0.807239200956121,8340,32389,339,476,35,4199,38,2486,24,38
"949","2020-05-19",106,11,66,243,5857,0.807239200956121,8340,32389,339,476,29,4228,49,2535,20,49
"950","2020-05-20",99,11,56,232,5857,0.807239200956121,8340,32389,339,476,23,4251,41,2576,12,41
"951","2020-05-21",94,11,59,213,5857,0.807239200956121,8340,32389,339,476,29,4280,36,2612,19,36
"952","2020-05-22",86,11,71,197,5857,0.807239200956121,8340,32389,339,476,31,4311,42,2654,17,42
"953","2020-05-23",86,11,73,194,5857,0.807239200956121,8340,32389,339,476,32,4343,33,2687,16,33
"954","2020-05-24",72,11,93,178,5857,0.807239200956121,8340,32389,339,476,29,4372,22,2709,16,22
"955","2020-05-25",65,11,100,163,5857,0.807239200956121,8340,32389,339,476,24,4396,23,2732,19,23
"956","2020-05-26",58,11,106,159,5857,0.807239200956121,8340,32389,339,476,13,4409,17,2749,9,17
"957","2020-05-27",47,11,118,151,5857,0.807239200956121,8340,32389,339,476,29,4438,17,2766,20,17
"958","2020-05-28",49,11,126,139,5857,0.807239200956121,8340,32389,339,476,19,4457,22,2788,17,22
"959","2020-05-29",38,11,123,130,5857,0.807239200956121,8340,32389,339,476,22,4479,24,2812,13,24
"960","2020-05-30",41,11,110,116,5857,0.807239200956121,8340,32389,339,476,13,4492,33,2845,8,33
"961","2020-05-31",43,11,97,118,5857,0.807239200956121,8340,32389,339,476,20,4512,25,2870,14,25
"962","2020-06-01",42,11,80,109,5857,0.807239200956121,8340,32389,339,476,20,4532,25,2895,17,25
"963","2020-06-02",40,11,90,105,5857,0.807239200956121,8340,32389,339,476,15,4547,29,2924,10,29
"964","2020-06-03",36,11,85,99,5857,0.807239200956121,8340,32389,339,476,21,4568,21,2945,12,21
"965","2020-06-04",32,11,83,94,5857,0.807239200956121,8340,32389,339,476,13,4581,29,2974,8,29
"966","2020-06-05",38,11,84,89,5857,0.807239200956121,8340,32389,339,476,13,4594,34,3008,8,34
"967","2020-06-06",33,11,94,89,5857,0.807239200956121,8340,32389,339,476,22,4616,16,3024,16,16
"968","2020-06-07",29,11,92,83,5857,0.807239200956121,8340,32389,339,476,13,4629,17,3041,9,17
"969","2020-03-14",4,12,25,74,3932,0.572990844354018,8415,28797,204,504,14,37,10,53,3,10
"970","2020-03-15",7,12,36,104,3932,0.572990844354018,8415,28797,204,504,13,50,6,59,3,6
"971","2020-03-16",10,12,36,131,3932,0.572990844354018,8415,28797,204,504,15,65,9,68,6,9
"972","2020-03-17",13,12,36,153,3932,0.572990844354018,8415,28797,204,504,22,87,10,78,12,10
"973","2020-03-18",16,12,52,187,3932,0.572990844354018,8415,28797,204,504,27,114,12,90,13,12
"974","2020-03-19",25,12,64,226,3932,0.572990844354018,8415,28797,204,504,18,132,7,97,12,7
"975","2020-03-20",41,12,56,247,3932,0.572990844354018,8415,28797,204,504,24,156,3,100,15,3
"976","2020-03-21",64,12,62,267,3932,0.572990844354018,8415,28797,204,504,28,184,18,118,24,18
"977","2020-03-22",74,12,59,301,3932,0.572990844354018,8415,28797,204,504,33,217,7,125,24,7
"978","2020-03-23",78,12,46,321,3932,0.572990844354018,8415,28797,204,504,41,258,16,141,26,16
"979","2020-03-24",83,12,46,354,3932,0.572990844354018,8415,28797,204,504,41,299,13,154,31,13
"980","2020-03-25",101,12,52,372,3932,0.572990844354018,8415,28797,204,504,41,340,12,166,29,12
"981","2020-03-26",107,12,62,405,3932,0.572990844354018,8415,28797,204,504,33,373,3,169,26,3
"982","2020-03-27",126,12,64,442,3932,0.572990844354018,8415,28797,204,504,46,419,4,173,37,4
"983","2020-03-28",128,12,64,470,3932,0.572990844354018,8415,28797,204,504,45,464,20,193,38,20
"984","2020-03-29",139,12,63,480,3932,0.572990844354018,8415,28797,204,504,48,512,25,218,37,25
"985","2020-03-30",141,12,72,497,3932,0.572990844354018,8415,28797,204,504,42,554,23,241,30,23
"986","2020-03-31",152,12,83,509,3932,0.572990844354018,8415,28797,204,504,39,593,12,253,28,12
"987","2020-04-01",155,12,90,525,3932,0.572990844354018,8415,28797,204,504,54,647,12,265,44,12
"988","2020-04-02",157,12,82,560,3932,0.572990844354018,8415,28797,204,504,45,692,4,269,37,4
"989","2020-04-03",179,12,81,574,3932,0.572990844354018,8415,28797,204,504,44,736,9,278,35,9
"990","2020-04-04",183,12,89,572,3932,0.572990844354018,8415,28797,204,504,60,796,18,296,49,18
"991","2020-04-05",189,12,92,575,3932,0.572990844354018,8415,28797,204,504,53,849,4,300,45,4
"992","2020-04-06",193,12,87,594,3932,0.572990844354018,8415,28797,204,504,48,897,5,305,41,5
"993","2020-04-07",182,12,76,589,3932,0.572990844354018,8415,28797,204,504,60,957,11,316,48,11
"994","2020-04-08",181,12,68,608,3932,0.572990844354018,8415,28797,204,504,76,1033,13,329,65,13
"995","2020-04-09",181,12,81,633,3932,0.572990844354018,8415,28797,204,504,64,1097,9,338,54,9
"996","2020-04-10",205,12,79,640,3932,0.572990844354018,8415,28797,204,504,59,1156,12,350,52,12
"997","2020-04-11",223,12,82,654,3932,0.572990844354018,8415,28797,204,504,61,1217,15,365,49,15
"998","2020-04-12",215,12,84,664,3932,0.572990844354018,8415,28797,204,504,72,1289,10,375,59,10
"999","2020-04-13",217,12,89,662,3932,0.572990844354018,8415,28797,204,504,80,1369,13,388,70,13
"1000","2020-04-14",221,12,78,666,3932,0.572990844354018,8415,28797,204,504,60,1429,13,401,50,13
"1001","2020-04-15",224,12,75,663,3932,0.572990844354018,8415,28797,204,504,58,1487,13,414,45,13
"1002","2020-04-16",230,12,83,660,3932,0.572990844354018,8415,28797,204,504,82,1569,24,438,66,24
"1003","2020-04-17",244,12,83,678,3932,0.572990844354018,8415,28797,204,504,59,1628,36,474,52,36
"1004","2020-04-18",234,12,82,663,3932,0.572990844354018,8415,28797,204,504,70,1698,22,496,61,22
"1005","2020-04-19",210,12,98,642,3932,0.572990844354018,8415,28797,204,504,73,1771,24,520,62,24
"1006","2020-04-20",203,12,118,628,3932,0.572990844354018,8415,28797,204,504,57,1828,21,541,47,21
"1007","2020-04-21",199,12,114,639,3932,0.572990844354018,8415,28797,204,504,73,1901,18,559,62,18
"1008","2020-04-22",194,12,140,636,3932,0.572990844354018,8415,28797,204,504,62,1963,32,591,57,32
"1009","2020-04-23",198,12,145,619,3932,0.572990844354018,8415,28797,204,504,64,2027,22,613,56,22
"1010","2020-04-24",209,12,157,612,3932,0.572990844354018,8415,28797,204,504,62,2089,31,644,50,31
"1011","2020-04-25",215,12,159,608,3932,0.572990844354018,8415,28797,204,504,86,2175,26,670,71,26
"1012","2020-04-26",210,12,147,617,3932,0.572990844354018,8415,28797,204,504,60,2235,49,719,51,49
"1013","2020-04-27",206,12,133,618,3932,0.572990844354018,8415,28797,204,504,60,2295,41,760,53,41
"1014","2020-04-28",203,12,152,609,3932,0.572990844354018,8415,28797,204,504,66,2361,42,802,48,42
"1015","2020-04-29",207,12,135,590,3932,0.572990844354018,8415,28797,204,504,75,2436,22,824,61,22
"1016","2020-04-30",206,12,142,584,3932,0.572990844354018,8415,28797,204,504,57,2493,22,846,46,22
"1017","2020-05-01",204,12,145,587,3932,0.572990844354018,8415,28797,204,504,66,2559,35,881,56,35
"1018","2020-05-02",192,12,164,583,3932,0.572990844354018,8415,28797,204,504,57,2616,17,898,48,17
"1019","2020-05-03",223,12,156,579,3932,0.572990844354018,8415,28797,204,504,58,2674,15,913,44,15
"1020","2020-05-04",222,12,134,580,3932,0.572990844354018,8415,28797,204,504,63,2737,17,930,53,17
"1021","2020-05-05",205,12,144,595,3932,0.572990844354018,8415,28797,204,504,75,2812,16,946,57,16
"1022","2020-05-06",205,12,139,581,3932,0.572990844354018,8415,28797,204,504,62,2874,35,981,52,35
"1023","2020-05-07",206,12,120,570,3932,0.572990844354018,8415,28797,204,504,71,2945,23,1004,58,23
"1024","2020-05-08",231,12,117,576,3932,0.572990844354018,8415,28797,204,504,55,3000,14,1018,43,14
"1025","2020-05-09",231,12,103,565,3932,0.572990844354018,8415,28797,204,504,61,3061,32,1050,52,32
"1026","2020-05-10",190,12,109,558,3932,0.572990844354018,8415,28797,204,504,76,3137,21,1071,66,21
"1027","2020-05-11",197,12,106,540,3932,0.572990844354018,8415,28797,204,504,32,3169,19,1090,30,19
"1028","2020-05-12",203,12,112,539,3932,0.572990844354018,8415,28797,204,504,57,3226,13,1103,46,13
"1029","2020-05-13",196,12,101,524,3932,0.572990844354018,8415,28797,204,504,49,3275,37,1140,42,37
"1030","2020-05-14",186,12,110,502,3932,0.572990844354018,8415,28797,204,504,37,3312,32,1172,31,32
"1031","2020-05-15",175,12,111,499,3932,0.572990844354018,8415,28797,204,504,48,3360,12,1184,40,12
"1032","2020-05-16",174,12,121,489,3932,0.572990844354018,8415,28797,204,504,46,3406,26,1210,36,26
"1033","2020-05-17",174,12,106,473,3932,0.572990844354018,8415,28797,204,504,42,3448,11,1221,33,11
"1034","2020-05-18",169,12,93,460,3932,0.572990844354018,8415,28797,204,504,39,3487,17,1238,31,17
"1035","2020-05-19",171,12,92,432,3932,0.572990844354018,8415,28797,204,504,38,3525,27,1265,31,27
"1036","2020-05-20",168,12,107,418,3932,0.572990844354018,8415,28797,204,504,27,3552,22,1287,19,22
"1037","2020-05-21",162,12,108,406,3932,0.572990844354018,8415,28797,204,504,29,3581,22,1309,25,22
"1038","2020-05-22",157,12,113,389,3932,0.572990844354018,8415,28797,204,504,36,3617,21,1330,30,21
"1039","2020-05-23",155,12,102,362,3932,0.572990844354018,8415,28797,204,504,23,3640,24,1354,20,24
"1040","2020-05-24",138,12,103,358,3932,0.572990844354018,8415,28797,204,504,24,3664,9,1363,17,9
"1041","2020-05-25",130,12,107,345,3932,0.572990844354018,8415,28797,204,504,25,3689,18,1381,21,18
"1042","2020-05-26",117,12,117,326,3932,0.572990844354018,8415,28797,204,504,22,3711,1,1382,18,1
"1043","2020-05-27",109,12,112,322,3932,0.572990844354018,8415,28797,204,504,25,3736,NA,NA,18,NA
"1044","2020-05-28",108,12,102,313,3932,0.572990844354018,8415,28797,204,504,23,3759,4,1386,17,4
"1045","2020-05-29",104,12,101,300,3932,0.572990844354018,8415,28797,204,504,20,3779,15,1401,15,15
"1046","2020-05-30",109,12,93,304,3932,0.572990844354018,8415,28797,204,504,10,3789,19,1420,6,19
"1047","2020-05-31",103,12,83,285,3932,0.572990844354018,8415,28797,204,504,22,3811,12,1432,14,12
"1048","2020-06-01",99,12,84,279,3932,0.572990844354018,8415,28797,204,504,11,3822,15,1447,9,15
"1049","2020-06-02",94,12,73,270,3932,0.572990844354018,8415,28797,204,504,13,3835,19,1466,13,19
"1050","2020-06-03",98,12,78,267,3932,0.572990844354018,8415,28797,204,504,12,3847,7,1473,9,7
"1051","2020-06-04",104,12,71,252,3932,0.572990844354018,8415,28797,204,504,20,3867,8,1481,16,8
"1052","2020-06-05",110,12,67,246,3932,0.572990844354018,8415,28797,204,504,14,3881,16,1497,11,16
"1053","2020-06-06",108,12,75,235,3932,0.572990844354018,8415,28797,204,504,10,3891,9,1506,10,9
"1054","2020-06-07",100,12,76,227,3932,0.572990844354018,8415,28797,204,504,12,3903,16,1522,6,16
"1055","2020-03-14",1,13,24,20,5269,0.916492693110647,8355,30658,363,519,18,54,12,35,4,12
"1056","2020-03-15",2,13,26,38,5269,0.916492693110647,8355,30658,363,519,17,71,14,49,5,14
"1057","2020-03-16",2,13,29,44,5269,0.916492693110647,8355,30658,363,519,27,98,17,66,11,17
"1058","2020-03-17",2,13,29,53,5269,0.916492693110647,8355,30658,363,519,28,126,17,83,14,17
"1059","2020-03-18",3,13,44,60,5269,0.916492693110647,8355,30658,363,519,30,156,6,89,18,6
"1060","2020-03-19",6,13,45,73,5269,0.916492693110647,8355,30658,363,519,22,178,7,96,11,7
"1061","2020-03-20",11,13,38,87,5269,0.916492693110647,8355,30658,363,519,27,205,10,106,20,10
"1062","2020-03-21",18,13,55,98,5269,0.916492693110647,8355,30658,363,519,42,247,8,114,22,8
"1063","2020-03-22",24,13,61,113,5269,0.916492693110647,8355,30658,363,519,33,280,18,132,22,18
"1064","2020-03-23",24,13,50,133,5269,0.916492693110647,8355,30658,363,519,29,309,7,139,16,7
"1065","2020-03-24",28,13,69,160,5269,0.916492693110647,8355,30658,363,519,37,346,10,149,26,10
"1066","2020-03-25",35,13,64,182,5269,0.916492693110647,8355,30658,363,519,37,383,7,156,27,7
"1067","2020-03-26",41,13,73,209,5269,0.916492693110647,8355,30658,363,519,43,426,16,172,34,16
"1068","2020-03-27",50,13,83,237,5269,0.916492693110647,8355,30658,363,519,42,468,6,178,29,6
"1069","2020-03-28",60,13,94,266,5269,0.916492693110647,8355,30658,363,519,48,516,15,193,32,15
"1070","2020-03-29",70,13,98,311,5269,0.916492693110647,8355,30658,363,519,62,578,10,203,44,10
"1071","2020-03-30",84,13,93,347,5269,0.916492693110647,8355,30658,363,519,50,628,10,213,33,10
"1072","2020-03-31",82,13,85,398,5269,0.916492693110647,8355,30658,363,519,64,692,11,224,50,11
"1073","2020-04-01",99,13,83,445,5269,0.916492693110647,8355,30658,363,519,53,745,11,235,42,11
"1074","2020-04-02",110,13,83,483,5269,0.916492693110647,8355,30658,363,519,49,794,12,247,37,12
"1075","2020-04-03",137,13,83,542,5269,0.916492693110647,8355,30658,363,519,62,856,11,258,45,11
"1076","2020-04-04",160,13,80,617,5269,0.916492693110647,8355,30658,363,519,54,910,17,275,39,17
"1077","2020-04-05",195,13,89,666,5269,0.916492693110647,8355,30658,363,519,68,978,6,281,55,6
"1078","2020-04-06",192,13,82,718,5269,0.916492693110647,8355,30658,363,519,76,1054,6,287,59,6
"1079","2020-04-07",196,13,85,759,5269,0.916492693110647,8355,30658,363,519,76,1130,3,290,58,3
"1080","2020-04-08",196,13,82,825,5269,0.916492693110647,8355,30658,363,519,66,1196,7,297,51,7
"1081","2020-04-09",211,13,86,888,5269,0.916492693110647,8355,30658,363,519,81,1277,16,313,66,16
"1082","2020-04-10",273,13,98,966,5269,0.916492693110647,8355,30658,363,519,77,1354,15,328,70,15
"1083","2020-04-11",298,13,126,1025,5269,0.916492693110647,8355,30658,363,519,79,1433,9,337,59,9
"1084","2020-04-12",291,13,132,1086,5269,0.916492693110647,8355,30658,363,519,77,1510,8,345,58,8
"1085","2020-04-13",307,13,129,1162,5269,0.916492693110647,8355,30658,363,519,77,1587,9,354,61,9
"1086","2020-04-14",303,13,127,1205,5269,0.916492693110647,8355,30658,363,519,72,1659,9,363,58,9
"1087","2020-04-15",331,13,144,1243,5269,0.916492693110647,8355,30658,363,519,76,1735,21,384,62,21
"1088","2020-04-16",343,13,142,1312,5269,0.916492693110647,8355,30658,363,519,76,1811,25,409,60,25
"1089","2020-04-17",447,13,137,1343,5269,0.916492693110647,8355,30658,363,519,78,1889,12,421,67,12
"1090","2020-04-18",451,13,137,1406,5269,0.916492693110647,8355,30658,363,519,70,1959,8,429,54,8
"1091","2020-04-19",443,13,153,1447,5269,0.916492693110647,8355,30658,363,519,83,2042,7,436,66,7
"1092","2020-04-20",443,13,150,1469,5269,0.916492693110647,8355,30658,363,519,71,2113,8,444,56,8
"1093","2020-04-21",448,13,147,1499,5269,0.916492693110647,8355,30658,363,519,72,2185,12,456,58,12
"1094","2020-04-22",454,13,141,1495,5269,0.916492693110647,8355,30658,363,519,80,2265,20,476,68,20
"1095","2020-04-23",473,13,140,1506,5269,0.916492693110647,8355,30658,363,519,101,2366,19,495,85,19
"1096","2020-04-24",500,13,143,1502,5269,0.916492693110647,8355,30658,363,519,79,2445,15,510,68,15
"1097","2020-04-25",500,13,137,1464,5269,0.916492693110647,8355,30658,363,519,61,2506,15,525,47,15
"1098","2020-04-26",522,13,128,1450,5269,0.916492693110647,8355,30658,363,519,89,2595,17,542,68,17
"1099","2020-04-27",531,13,116,1393,5269,0.916492693110647,8355,30658,363,519,61,2656,14,556,40,14
"1100","2020-04-28",530,13,126,1384,5269,0.916492693110647,8355,30658,363,519,90,2746,11,567,77,11
"1101","2020-04-29",513,13,129,1345,5269,0.916492693110647,8355,30658,363,519,59,2805,14,581,42,14
"1102","2020-04-30",485,13,138,1294,5269,0.916492693110647,8355,30658,363,519,76,2881,25,606,62,25
"1103","2020-05-01",497,13,141,1272,5269,0.916492693110647,8355,30658,363,519,94,2975,14,620,78,14
"1104","2020-05-02",505,13,157,1222,5269,0.916492693110647,8355,30658,363,519,87,3062,12,632,72,12
"1105","2020-05-03",423,13,170,1162,5269,0.916492693110647,8355,30658,363,519,80,3142,4,636,64,4
"1106","2020-05-04",415,13,171,1109,5269,0.916492693110647,8355,30658,363,519,83,3225,18,654,68,18
"1107","2020-05-05",396,13,165,1071,5269,0.916492693110647,8355,30658,363,519,65,3290,19,673,58,19
"1108","2020-05-06",395,13,155,999,5269,0.916492693110647,8355,30658,363,519,62,3352,11,684,43,11
"1109","2020-05-07",386,13,153,964,5269,0.916492693110647,8355,30658,363,519,75,3427,17,701,60,17
"1110","2020-05-08",362,13,163,911,5269,0.916492693110647,8355,30658,363,519,63,3490,8,709,51,8
"1111","2020-05-09",339,13,158,866,5269,0.916492693110647,8355,30658,363,519,61,3551,8,717,46,8
"1112","2020-05-10",319,13,150,815,5269,0.916492693110647,8355,30658,363,519,49,3600,12,729,36,12
"1113","2020-05-11",296,13,141,772,5269,0.916492693110647,8355,30658,363,519,49,3649,10,739,38,10
"1114","2020-05-12",287,13,143,720,5269,0.916492693110647,8355,30658,363,519,41,3690,9,748,27,9
"1115","2020-05-13",277,13,141,681,5269,0.916492693110647,8355,30658,363,519,42,3732,25,773,33,25
"1116","2020-05-14",268,13,148,606,5269,0.916492693110647,8355,30658,363,519,48,3780,20,793,40,20
"1117","2020-05-15",240,13,138,558,5269,0.916492693110647,8355,30658,363,519,37,3817,9,802,26,9
"1118","2020-05-16",232,13,141,522,5269,0.916492693110647,8355,30658,363,519,34,3851,17,819,28,17
"1119","2020-05-17",211,13,130,471,5269,0.916492693110647,8355,30658,363,519,34,3885,12,831,24,12
"1120","2020-05-18",201,13,121,455,5269,0.916492693110647,8355,30658,363,519,39,3924,16,847,29,16
"1121","2020-05-19",189,13,113,426,5269,0.916492693110647,8355,30658,363,519,37,3961,12,859,27,12
"1122","2020-05-20",176,13,118,389,5269,0.916492693110647,8355,30658,363,519,23,3984,9,868,16,9
"1123","2020-05-21",164,13,121,360,5269,0.916492693110647,8355,30658,363,519,33,4017,16,884,29,16
"1124","2020-05-22",140,13,124,316,5269,0.916492693110647,8355,30658,363,519,33,4050,10,894,24,10
"1125","2020-05-23",128,13,121,286,5269,0.916492693110647,8355,30658,363,519,29,4079,14,908,23,14
"1126","2020-05-24",113,13,107,254,5269,0.916492693110647,8355,30658,363,519,26,4105,8,916,21,8
"1127","2020-05-25",109,13,97,236,5269,0.916492693110647,8355,30658,363,519,21,4126,3,919,17,3
"1128","2020-05-26",94,13,97,217,5269,0.916492693110647,8355,30658,363,519,17,4143,14,933,13,14
"1129","2020-05-27",82,13,95,202,5269,0.916492693110647,8355,30658,363,519,19,4162,12,945,11,12
"1130","2020-05-28",79,13,93,177,5269,0.916492693110647,8355,30658,363,519,23,4185,9,954,19,9
"1131","2020-05-29",76,13,90,162,5269,0.916492693110647,8355,30658,363,519,23,4208,8,962,18,8
"1132","2020-05-30",69,13,88,154,5269,0.916492693110647,8355,30658,363,519,16,4224,7,969,12,7
"1133","2020-05-31",57,13,91,145,5269,0.916492693110647,8355,30658,363,519,11,4235,4,973,7,4
"1134","2020-06-01",52,13,92,136,5269,0.916492693110647,8355,30658,363,519,9,4244,7,980,6,7
"1135","2020-06-02",49,13,107,118,5269,0.916492693110647,8355,30658,363,519,15,4259,4,984,12,4
"1136","2020-06-03",53,13,110,116,5269,0.916492693110647,8355,30658,363,519,15,4274,5,989,9,5
"1137","2020-06-04",54,13,113,112,5269,0.916492693110647,8355,30658,363,519,22,4296,5,994,16,5
"1138","2020-06-05",50,13,112,105,5269,0.916492693110647,8355,30658,363,519,15,4311,4,998,11,4
"1139","2020-06-06",47,13,99,106,5269,0.916492693110647,8355,30658,363,519,10,4321,4,1002,8,4
"1140","2020-06-07",44,13,99,102,5269,0.916492693110647,8355,30658,363,519,9,4330,6,1008,5,6
"1141","2020-03-08",1,14,0,0,5435,0.914995400183993,8295,32396,315,567,NA,NA,NA,NA,NA,NA
"1142","2020-03-09",1,14,0,0,5435,0.914995400183993,8295,32396,315,567,NA,NA,NA,NA,NA,NA
"1143","2020-03-10",0,14,0,0,5435,0.914995400183993,8295,32396,315,567,1,1,2,2,1,2
"1144","2020-03-11",0,14,0,0,5435,0.914995400183993,8295,32396,315,567,9,10,3,5,2,3
"1145","2020-03-12",0,14,0,0,5435,0.914995400183993,8295,32396,315,567,20,30,9,14,7,9
"1146","2020-03-13",2,14,24,27,5435,0.914995400183993,8295,32396,315,567,24,54,1,15,6,1
"1147","2020-03-14",4,14,25,38,5435,0.914995400183993,8295,32396,315,567,21,75,4,19,11,4
"1148","2020-03-15",5,14,26,51,5435,0.914995400183993,8295,32396,315,567,18,93,9,28,9,9
"1149","2020-03-16",6,14,34,69,5435,0.914995400183993,8295,32396,315,567,38,131,12,40,27,12
"1150","2020-03-17",7,14,43,89,5435,0.914995400183993,8295,32396,315,567,23,154,20,60,16,20
"1151","2020-03-18",9,14,41,112,5435,0.914995400183993,8295,32396,315,567,36,190,18,78,28,18
"1152","2020-03-19",15,14,37,135,5435,0.914995400183993,8295,32396,315,567,28,218,13,91,17,13
"1153","2020-03-20",17,14,46,175,5435,0.914995400183993,8295,32396,315,567,45,263,22,113,36,22
"1154","2020-03-21",37,14,76,194,5435,0.914995400183993,8295,32396,315,567,53,316,18,131,33,18
"1155","2020-03-22",44,14,81,221,5435,0.914995400183993,8295,32396,315,567,50,366,9,140,44,9
"1156","2020-03-23",41,14,82,243,5435,0.914995400183993,8295,32396,315,567,47,413,20,160,33,20
"1157","2020-03-24",50,14,92,300,5435,0.914995400183993,8295,32396,315,567,47,460,16,176,35,16
"1158","2020-03-25",57,14,85,344,5435,0.914995400183993,8295,32396,315,567,48,508,18,194,34,18
"1159","2020-03-26",65,14,85,379,5435,0.914995400183993,8295,32396,315,567,56,564,26,220,47,26
"1160","2020-03-27",92,14,77,412,5435,0.914995400183993,8295,32396,315,567,75,639,44,264,61,44
"1161","2020-03-28",114,14,63,447,5435,0.914995400183993,8295,32396,315,567,72,711,36,300,59,36
"1162","2020-03-29",125,14,68,500,5435,0.914995400183993,8295,32396,315,567,64,775,19,319,54,19
"1163","2020-03-30",131,14,76,567,5435,0.914995400183993,8295,32396,315,567,77,852,11,330,67,11
"1164","2020-03-31",144,14,89,587,5435,0.914995400183993,8295,32396,315,567,62,914,12,342,54,12
"1165","2020-04-01",160,14,89,627,5435,0.914995400183993,8295,32396,315,567,71,985,23,365,59,23
"1166","2020-04-02",171,14,90,667,5435,0.914995400183993,8295,32396,315,567,57,1042,37,402,50,37
"1167","2020-04-03",202,14,117,725,5435,0.914995400183993,8295,32396,315,567,66,1108,19,421,59,19
"1168","2020-04-04",224,14,123,789,5435,0.914995400183993,8295,32396,315,567,67,1175,20,441,53,20
"1169","2020-04-05",241,14,121,828,5435,0.914995400183993,8295,32396,315,567,76,1251,21,462,69,21
"1170","2020-04-06",247,14,116,871,5435,0.914995400183993,8295,32396,315,567,72,1323,26,488,60,26
"1171","2020-04-07",244,14,109,908,5435,0.914995400183993,8295,32396,315,567,85,1408,18,506,72,18
"1172","2020-04-08",257,14,110,980,5435,0.914995400183993,8295,32396,315,567,61,1469,29,535,53,29
"1173","2020-04-09",275,14,123,1036,5435,0.914995400183993,8295,32396,315,567,65,1534,26,561,59,26
"1174","2020-04-10",308,14,139,1074,5435,0.914995400183993,8295,32396,315,567,66,1600,27,588,58,27
"1175","2020-04-11",301,14,155,1117,5435,0.914995400183993,8295,32396,315,567,74,1674,36,624,62,36
"1176","2020-04-12",333,14,150,1144,5435,0.914995400183993,8295,32396,315,567,61,1735,45,669,56,45
"1177","2020-04-13",343,14,152,1161,5435,0.914995400183993,8295,32396,315,567,80,1815,30,699,62,30
"1178","2020-04-14",344,14,155,1192,5435,0.914995400183993,8295,32396,315,567,65,1880,42,741,53,42
"1179","2020-04-15",350,14,165,1212,5435,0.914995400183993,8295,32396,315,567,87,1967,33,774,68,33
"1180","2020-04-16",345,14,174,1200,5435,0.914995400183993,8295,32396,315,567,78,2045,37,811,65,37
"1181","2020-04-17",404,14,166,1233,5435,0.914995400183993,8295,32396,315,567,63,2108,21,832,52,21
"1182","2020-04-18",443,14,167,1247,5435,0.914995400183993,8295,32396,315,567,73,2181,16,848,58,16
"1183","2020-04-19",426,14,151,1307,5435,0.914995400183993,8295,32396,315,567,64,2245,27,875,51,27
"1184","2020-04-20",428,14,168,1294,5435,0.914995400183993,8295,32396,315,567,71,2316,26,901,62,26
"1185","2020-04-21",426,14,165,1294,5435,0.914995400183993,8295,32396,315,567,59,2375,34,935,49,34
"1186","2020-04-22",436,14,170,1374,5435,0.914995400183993,8295,32396,315,567,78,2453,26,961,72,26
"1187","2020-04-23",452,14,153,1367,5435,0.914995400183993,8295,32396,315,567,50,2503,42,1003,44,42
"1188","2020-04-24",486,14,141,1351,5435,0.914995400183993,8295,32396,315,567,64,2567,27,1030,57,27
"1189","2020-04-25",528,14,138,1338,5435,0.914995400183993,8295,32396,315,567,46,2613,18,1048,37,18
"1190","2020-04-26",467,14,128,1278,5435,0.914995400183993,8295,32396,315,567,63,2676,35,1083,53,35
"1191","2020-04-27",446,14,120,1220,5435,0.914995400183993,8295,32396,315,567,72,2748,47,1130,56,47
"1192","2020-04-28",458,14,119,1198,5435,0.914995400183993,8295,32396,315,567,62,2810,24,1154,47,24
"1193","2020-04-29",446,14,112,1205,5435,0.914995400183993,8295,32396,315,567,65,2875,47,1201,50,47
"1194","2020-04-30",440,14,124,1149,5435,0.914995400183993,8295,32396,315,567,62,2937,27,1228,51,27
"1195","2020-05-01",451,14,133,1128,5435,0.914995400183993,8295,32396,315,567,58,2995,22,1250,47,22
"1196","2020-05-02",398,14,150,1070,5435,0.914995400183993,8295,32396,315,567,60,3055,15,1265,48,15
"1197","2020-05-03",372,14,143,1042,5435,0.914995400183993,8295,32396,315,567,52,3107,9,1274,40,9
"1198","2020-05-04",366,14,142,983,5435,0.914995400183993,8295,32396,315,567,35,3142,13,1287,27,13
"1199","2020-05-05",350,14,148,927,5435,0.914995400183993,8295,32396,315,567,30,3172,30,1317,25,30
"1200","2020-05-06",343,14,147,875,5435,0.914995400183993,8295,32396,315,567,48,3220,14,1331,43,14
"1201","2020-05-07",330,14,139,811,5435,0.914995400183993,8295,32396,315,567,45,3265,25,1356,38,25
"1202","2020-05-08",304,14,128,778,5435,0.914995400183993,8295,32396,315,567,42,3307,22,1378,30,22
"1203","2020-05-09",296,14,132,761,5435,0.914995400183993,8295,32396,315,567,37,3344,9,1387,27,9
"1204","2020-05-10",283,14,134,732,5435,0.914995400183993,8295,32396,315,567,35,3379,27,1414,28,27
"1205","2020-05-11",281,14,108,703,5435,0.914995400183993,8295,32396,315,567,41,3420,17,1431,34,17
"1206","2020-05-12",265,14,120,662,5435,0.914995400183993,8295,32396,315,567,38,3458,9,1440,27,9
"1207","2020-05-13",259,14,137,633,5435,0.914995400183993,8295,32396,315,567,34,3492,13,1453,26,13
"1208","2020-05-14",245,14,169,590,5435,0.914995400183993,8295,32396,315,567,41,3533,14,1467,27,14
"1209","2020-05-15",216,14,174,554,5435,0.914995400183993,8295,32396,315,567,29,3562,7,1474,25,7
"1210","2020-05-16",217,14,169,510,5435,0.914995400183993,8295,32396,315,567,32,3594,32,1506,29,32
"1211","2020-05-17",203,14,197,487,5435,0.914995400183993,8295,32396,315,567,32,3626,13,1519,23,13
"1212","2020-05-18",174,14,201,450,5435,0.914995400183993,8295,32396,315,567,42,3668,11,1530,34,11
"1213","2020-05-19",164,14,192,427,5435,0.914995400183993,8295,32396,315,567,29,3697,6,1536,25,6
"1214","2020-05-20",148,14,173,403,5435,0.914995400183993,8295,32396,315,567,24,3721,7,1543,19,7
"1215","2020-05-21",138,14,168,383,5435,0.914995400183993,8295,32396,315,567,37,3758,25,1568,32,25
"1216","2020-05-22",138,14,172,363,5435,0.914995400183993,8295,32396,315,567,29,3787,24,1592,23,24
"1217","2020-05-23",119,14,161,339,5435,0.914995400183993,8295,32396,315,567,21,3808,32,1624,16,32
"1218","2020-05-24",108,14,171,324,5435,0.914995400183993,8295,32396,315,567,18,3826,24,1648,16,24
"1219","2020-05-25",104,14,165,300,5435,0.914995400183993,8295,32396,315,567,22,3848,12,1660,15,12
"1220","2020-05-26",98,14,157,285,5435,0.914995400183993,8295,32396,315,567,18,3866,19,1679,14,19
"1221","2020-05-27",95,14,155,272,5435,0.914995400183993,8295,32396,315,567,26,3892,14,1693,20,14
"1222","2020-05-28",99,14,153,261,5435,0.914995400183993,8295,32396,315,567,23,3915,16,1709,18,16
"1223","2020-05-29",94,14,153,252,5435,0.914995400183993,8295,32396,315,567,23,3938,14,1723,16,14
"1224","2020-05-30",101,14,146,242,5435,0.914995400183993,8295,32396,315,567,23,3961,29,1752,19,29
"1225","2020-05-31",98,14,158,221,5435,0.914995400183993,8295,32396,315,567,30,3991,24,1776,26,24
"1226","2020-06-01",92,14,153,210,5435,0.914995400183993,8295,32396,315,567,18,4009,13,1789,14,13
"1227","2020-06-02",87,14,157,197,5435,0.914995400183993,8295,32396,315,567,19,4028,6,1795,13,6
"1228","2020-06-03",85,14,149,185,5435,0.914995400183993,8295,32396,315,567,16,4044,3,1798,13,3
"1229","2020-06-04",73,14,128,184,5435,0.914995400183993,8295,32396,315,567,20,4064,13,1811,17,13
"1230","2020-06-05",65,14,117,170,5435,0.914995400183993,8295,32396,315,567,16,4080,19,1830,15,19
"1231","2020-06-06",69,14,107,169,5435,0.914995400183993,8295,32396,315,567,21,4101,8,1838,19,8
"1232","2020-06-07",65,14,108,149,5435,0.914995400183993,8295,32396,315,567,19,4120,7,1845,17,7
"1233","2020-03-14",16,15,74,104,4644,0.59625322997416,8370,32249,262,783,29,96,3,8,1,3
"1234","2020-03-15",20,15,106,150,4644,0.59625322997416,8370,32249,262,783,20,116,1,9,2,1
"1235","2020-03-16",19,15,118,194,4644,0.59625322997416,8370,32249,262,783,29,145,9,18,5,9
"1236","2020-03-17",25,15,112,255,4644,0.59625322997416,8370,32249,262,783,28,173,9,27,9,9
"1237","2020-03-18",27,15,105,294,4644,0.59625322997416,8370,32249,262,783,41,214,14,41,15,14
"1238","2020-03-19",38,15,104,339,4644,0.59625322997416,8370,32249,262,783,22,236,9,50,9,9
"1239","2020-03-20",53,15,109,379,4644,0.59625322997416,8370,32249,262,783,52,288,5,55,23,5
"1240","2020-03-21",81,15,109,412,4644,0.59625322997416,8370,32249,262,783,39,327,6,61,24,6
"1241","2020-03-22",87,15,104,456,4644,0.59625322997416,8370,32249,262,783,50,377,10,71,23,10
"1242","2020-03-23",97,15,92,477,4644,0.59625322997416,8370,32249,262,783,54,431,7,78,33,7
"1243","2020-03-24",100,15,111,505,4644,0.59625322997416,8370,32249,262,783,44,475,8,86,26,8
"1244","2020-03-25",115,15,119,522,4644,0.59625322997416,8370,32249,262,783,54,529,13,99,36,13
"1245","2020-03-26",125,15,126,543,4644,0.59625322997416,8370,32249,262,783,47,576,5,104,20,5
"1246","2020-03-27",163,15,118,578,4644,0.59625322997416,8370,32249,262,783,47,623,7,111,26,7
"1247","2020-03-28",171,15,130,600,4644,0.59625322997416,8370,32249,262,783,55,678,5,116,27,5
"1248","2020-03-29",195,15,138,611,4644,0.59625322997416,8370,32249,262,783,35,713,2,118,20,2
"1249","2020-03-30",195,15,125,621,4644,0.59625322997416,8370,32249,262,783,51,764,3,121,27,3
"1250","2020-03-31",215,15,118,632,4644,0.59625322997416,8370,32249,262,783,47,811,8,129,22,8
"1251","2020-04-01",216,15,118,651,4644,0.59625322997416,8370,32249,262,783,49,860,9,138,27,9
"1252","2020-04-02",220,15,117,658,4644,0.59625322997416,8370,32249,262,783,68,928,10,148,32,10
"1253","2020-04-03",257,15,135,655,4644,0.59625322997416,8370,32249,262,783,56,984,3,151,34,3
"1254","2020-04-04",247,15,176,667,4644,0.59625322997416,8370,32249,262,783,49,1033,3,154,28,3
"1255","2020-04-05",214,15,213,689,4644,0.59625322997416,8370,32249,262,783,46,1079,15,169,26,15
"1256","2020-04-06",206,15,207,715,4644,0.59625322997416,8370,32249,262,783,57,1136,9,178,32,9
"1257","2020-04-07",196,15,166,720,4644,0.59625322997416,8370,32249,262,783,45,1181,9,187,23,9
"1258","2020-04-08",203,15,140,732,4644,0.59625322997416,8370,32249,262,783,53,1234,5,192,30,5
"1259","2020-04-09",208,15,142,741,4644,0.59625322997416,8370,32249,262,783,55,1289,13,205,26,13
"1260","2020-04-10",212,15,183,763,4644,0.59625322997416,8370,32249,262,783,48,1337,12,217,19,12
"1261","2020-04-11",254,15,199,748,4644,0.59625322997416,8370,32249,262,783,63,1400,24,241,22,24
"1262","2020-04-12",258,15,190,757,4644,0.59625322997416,8370,32249,262,783,58,1458,6,247,29,6
"1263","2020-04-13",258,15,187,770,4644,0.59625322997416,8370,32249,262,783,48,1506,12,259,16,12
"1264","2020-04-14",259,15,217,762,4644,0.59625322997416,8370,32249,262,783,51,1557,13,272,29,13
"1265","2020-04-15",263,15,246,766,4644,0.59625322997416,8370,32249,262,783,62,1619,24,296,34,24
"1266","2020-04-16",269,15,231,782,4644,0.59625322997416,8370,32249,262,783,58,1677,16,312,22,16
"1267","2020-04-17",282,15,236,791,4644,0.59625322997416,8370,32249,262,783,51,1728,18,330,23,18
"1268","2020-04-18",282,15,233,798,4644,0.59625322997416,8370,32249,262,783,48,1776,21,351,23,21
"1269","2020-04-19",268,15,200,806,4644,0.59625322997416,8370,32249,262,783,62,1838,11,362,38,11
"1270","2020-04-20",260,15,187,807,4644,0.59625322997416,8370,32249,262,783,72,1910,11,373,44,11
"1271","2020-04-21",250,15,188,794,4644,0.59625322997416,8370,32249,262,783,58,1968,17,390,32,17
"1272","2020-04-22",246,15,174,802,4644,0.59625322997416,8370,32249,262,783,38,2006,9,399,16,9
"1273","2020-04-23",237,15,167,787,4644,0.59625322997416,8370,32249,262,783,57,2063,9,408,25,9
"1274","2020-04-24",269,15,142,775,4644,0.59625322997416,8370,32249,262,783,48,2111,8,416,24,8
"1275","2020-04-25",254,15,123,771,4644,0.59625322997416,8370,32249,262,783,67,2178,8,424,31,8
"1276","2020-04-26",242,15,121,757,4644,0.59625322997416,8370,32249,262,783,45,2223,10,434,21,10
"1277","2020-04-27",233,15,172,719,4644,0.59625322997416,8370,32249,262,783,42,2265,9,443,17,9
"1278","2020-04-28",241,15,206,697,4644,0.59625322997416,8370,32249,262,783,39,2304,6,449,22,6
"1279","2020-04-29",239,15,193,672,4644,0.59625322997416,8370,32249,262,783,61,2365,9,458,28,9
"1280","2020-04-30",243,15,168,661,4644,0.59625322997416,8370,32249,262,783,37,2402,10,468,12,10
"1281","2020-05-01",228,15,191,641,4644,0.59625322997416,8370,32249,262,783,48,2450,15,483,22,15
"1282","2020-05-02",236,15,184,634,4644,0.59625322997416,8370,32249,262,783,48,2498,24,507,27,24
"1283","2020-05-03",218,15,201,635,4644,0.59625322997416,8370,32249,262,783,56,2554,16,523,21,16
"1284","2020-05-04",214,15,199,620,4644,0.59625322997416,8370,32249,262,783,51,2605,7,530,26,7
"1285","2020-05-05",202,15,179,603,4644,0.59625322997416,8370,32249,262,783,36,2641,13,543,15,13
"1286","2020-05-06",198,15,155,604,4644,0.59625322997416,8370,32249,262,783,56,2697,5,548,26,5
"1287","2020-05-07",185,15,151,582,4644,0.59625322997416,8370,32249,262,783,41,2738,4,552,20,4
"1288","2020-05-08",198,15,158,571,4644,0.59625322997416,8370,32249,262,783,34,2772,10,562,20,10
"1289","2020-05-09",192,15,158,556,4644,0.59625322997416,8370,32249,262,783,45,2817,3,565,23,3
"1290","2020-05-10",185,15,145,558,4644,0.59625322997416,8370,32249,262,783,28,2845,9,574,13,9
"1291","2020-05-11",185,15,185,541,4644,0.59625322997416,8370,32249,262,783,43,2888,9,583,17,9
"1292","2020-05-12",182,15,201,539,4644,0.59625322997416,8370,32249,262,783,38,2926,12,595,14,12
"1293","2020-05-13",185,15,204,536,4644,0.59625322997416,8370,32249,262,783,42,2968,12,607,20,12
"1294","2020-05-14",188,15,193,528,4644,0.59625322997416,8370,32249,262,783,30,2998,17,624,10,17
"1295","2020-05-15",195,15,199,523,4644,0.59625322997416,8370,32249,262,783,46,3044,10,634,28,10
"1296","2020-05-16",201,15,201,513,4644,0.59625322997416,8370,32249,262,783,25,3069,4,638,11,4
"1297","2020-05-17",184,15,192,488,4644,0.59625322997416,8370,32249,262,783,27,3096,9,647,20,9
"1298","2020-05-18",174,15,187,467,4644,0.59625322997416,8370,32249,262,783,32,3128,10,657,19,10
"1299","2020-05-19",169,15,189,459,4644,0.59625322997416,8370,32249,262,783,37,3165,6,663,20,6
"1300","2020-05-20",165,15,176,461,4644,0.59625322997416,8370,32249,262,783,29,3194,11,674,14,11
"1301","2020-05-21",162,15,168,449,4644,0.59625322997416,8370,32249,262,783,23,3217,11,685,11,11
"1302","2020-05-22",141,15,195,430,4644,0.59625322997416,8370,32249,262,783,27,3244,8,693,15,8
"1303","2020-05-23",151,15,216,413,4644,0.59625322997416,8370,32249,262,783,27,3271,9,702,13,9
"1304","2020-05-24",154,15,180,418,4644,0.59625322997416,8370,32249,262,783,34,3305,7,709,15,7
"1305","2020-05-25",146,15,178,405,4644,0.59625322997416,8370,32249,262,783,21,3326,18,727,11,18
"1306","2020-05-26",142,15,175,397,4644,0.59625322997416,8370,32249,262,783,28,3354,15,742,16,15
"1307","2020-05-27",139,15,204,382,4644,0.59625322997416,8370,32249,262,783,20,3374,18,760,10,18
"1308","2020-05-28",135,15,201,368,4644,0.59625322997416,8370,32249,262,783,19,3393,16,776,14,16
"1309","2020-05-29",152,15,188,362,4644,0.59625322997416,8370,32249,262,783,10,3403,18,794,8,18
"1310","2020-05-30",141,15,163,355,4644,0.59625322997416,8370,32249,262,783,30,3433,11,805,16,11
"1311","2020-05-31",127,15,162,349,4644,0.59625322997416,8370,32249,262,783,19,3452,8,813,5,8
"1312","2020-06-01",126,15,151,333,4644,0.59625322997416,8370,32249,262,783,23,3475,14,827,8,14
"1313","2020-06-02",120,15,158,317,4644,0.59625322997416,8370,32249,262,783,18,3493,11,838,10,11
"1314","2020-06-03",119,15,145,298,4644,0.59625322997416,8370,32249,262,783,23,3516,3,841,7,3
"1315","2020-06-04",115,15,145,292,4644,0.59625322997416,8370,32249,262,783,25,3541,5,846,13,5
"1316","2020-06-05",105,15,136,278,4644,0.59625322997416,8370,32249,262,783,21,3562,8,854,12,8
"1317","2020-06-06",93,15,120,269,4644,0.59625322997416,8370,32249,262,783,19,3581,6,860,10,6
"1318","2020-06-07",96,15,109,260,4644,0.59625322997416,8370,32249,262,783,14,3595,5,865,11,5
"1319","2020-03-13",1,16,32,15,5476,0.902300949598247,8310,30714,298,779,25,52,9,46,4,9
"1320","2020-03-14",2,16,44,24,5476,0.902300949598247,8310,30714,298,779,18,70,17,63,5,17
"1321","2020-03-15",3,16,54,32,5476,0.902300949598247,8310,30714,298,779,36,106,13,76,14,13
"1322","2020-03-16",5,16,51,40,5476,0.902300949598247,8310,30714,298,779,22,128,31,107,12,31
"1323","2020-03-17",6,16,56,51,5476,0.902300949598247,8310,30714,298,779,33,161,19,126,16,19
"1324","2020-03-18",9,16,71,64,5476,0.902300949598247,8310,30714,298,779,37,198,37,163,14,37
"1325","2020-03-19",11,16,86,73,5476,0.902300949598247,8310,30714,298,779,42,240,26,189,26,26
"1326","2020-03-20",14,16,99,84,5476,0.902300949598247,8310,30714,298,779,36,276,32,221,24,32
"1327","2020-03-21",18,16,97,106,5476,0.902300949598247,8310,30714,298,779,41,317,21,242,25,21
"1328","2020-03-22",20,16,95,136,5476,0.902300949598247,8310,30714,298,779,35,352,32,274,23,32
"1329","2020-03-23",23,16,87,162,5476,0.902300949598247,8310,30714,298,779,55,407,26,300,39,26
"1330","2020-03-24",28,16,91,191,5476,0.902300949598247,8310,30714,298,779,63,470,28,328,43,28
"1331","2020-03-25",28,16,91,213,5476,0.902300949598247,8310,30714,298,779,53,523,21,349,34,21
"1332","2020-03-26",34,16,79,243,5476,0.902300949598247,8310,30714,298,779,56,579,26,375,39,26
"1333","2020-03-27",49,16,86,278,5476,0.902300949598247,8310,30714,298,779,60,639,22,397,46,22
"1334","2020-03-28",53,16,94,320,5476,0.902300949598247,8310,30714,298,779,61,700,19,416,44,19
"1335","2020-03-29",84,16,96,353,5476,0.902300949598247,8310,30714,298,779,58,758,14,430,47,14
"1336","2020-03-30",91,16,111,386,5476,0.902300949598247,8310,30714,298,779,81,839,22,452,67,22
"1337","2020-03-31",99,16,124,423,5476,0.902300949598247,8310,30714,298,779,88,927,37,489,74,37
"1338","2020-04-01",107,16,124,451,5476,0.902300949598247,8310,30714,298,779,77,1004,35,524,62,35
"1339","2020-04-02",118,16,126,503,5476,0.902300949598247,8310,30714,298,779,70,1074,29,553,58,29
"1340","2020-04-03",147,16,138,559,5476,0.902300949598247,8310,30714,298,779,73,1147,37,590,60,37
"1341","2020-04-04",155,16,147,624,5476,0.902300949598247,8310,30714,298,779,93,1240,30,620,77,30
"1342","2020-04-05",164,16,135,684,5476,0.902300949598247,8310,30714,298,779,102,1342,40,660,81,40
"1343","2020-04-06",161,16,129,740,5476,0.902300949598247,8310,30714,298,779,101,1443,28,688,75,28
"1344","2020-04-07",151,16,125,810,5476,0.902300949598247,8310,30714,298,779,81,1524,44,732,60,44
"1345","2020-04-08",161,16,128,869,5476,0.902300949598247,8310,30714,298,779,93,1617,47,779,62,47
"1346","2020-04-09",166,16,126,922,5476,0.902300949598247,8310,30714,298,779,97,1714,41,820,76,41
"1347","2020-04-10",236,16,128,972,5476,0.902300949598247,8310,30714,298,779,77,1791,43,863,63,43
"1348","2020-04-11",263,16,144,1075,5476,0.902300949598247,8310,30714,298,779,104,1895,51,914,83,51
"1349","2020-04-12",276,16,158,1135,5476,0.902300949598247,8310,30714,298,779,89,1984,48,962,73,48
"1350","2020-04-13",307,16,177,1182,5476,0.902300949598247,8310,30714,298,779,102,2086,53,1015,83,53
"1351","2020-04-14",322,16,191,1257,5476,0.902300949598247,8310,30714,298,779,81,2167,45,1060,67,45
"1352","2020-04-15",341,16,212,1327,5476,0.902300949598247,8310,30714,298,779,86,2253,42,1102,66,42
"1353","2020-04-16",367,16,199,1373,5476,0.902300949598247,8310,30714,298,779,84,2337,64,1166,70,64
"1354","2020-04-17",432,16,188,1391,5476,0.902300949598247,8310,30714,298,779,71,2408,44,1210,59,44
"1355","2020-04-18",437,16,187,1439,5476,0.902300949598247,8310,30714,298,779,83,2491,46,1256,66,46
"1356","2020-04-19",451,16,153,1451,5476,0.902300949598247,8310,30714,298,779,71,2562,40,1296,52,40
"1357","2020-04-20",463,16,156,1549,5476,0.902300949598247,8310,30714,298,779,85,2647,35,1331,67,35
"1358","2020-04-21",450,16,155,1589,5476,0.902300949598247,8310,30714,298,779,71,2718,35,1366,52,35
"1359","2020-04-22",464,16,144,1610,5476,0.902300949598247,8310,30714,298,779,66,2784,29,1395,46,29
"1360","2020-04-23",471,16,135,1599,5476,0.902300949598247,8310,30714,298,779,74,2858,29,1424,49,29
"1361","2020-04-24",555,16,134,1602,5476,0.902300949598247,8310,30714,298,779,61,2919,50,1474,46,50
"1362","2020-04-25",593,16,153,1603,5476,0.902300949598247,8310,30714,298,779,62,2981,44,1518,48,44
"1363","2020-04-26",529,16,154,1591,5476,0.902300949598247,8310,30714,298,779,58,3039,27,1545,46,27
"1364","2020-04-27",538,16,161,1561,5476,0.902300949598247,8310,30714,298,779,60,3099,24,1569,36,24
"1365","2020-04-28",539,16,188,1527,5476,0.902300949598247,8310,30714,298,779,58,3157,36,1605,38,36
"1366","2020-04-29",527,16,182,1474,5476,0.902300949598247,8310,30714,298,779,62,3219,42,1647,46,42
"1367","2020-04-30",514,16,176,1425,5476,0.902300949598247,8310,30714,298,779,54,3273,39,1686,35,39
"1368","2020-05-01",536,16,195,1367,5476,0.902300949598247,8310,30714,298,779,64,3337,37,1723,48,37
"1369","2020-05-02",511,16,196,1279,5476,0.902300949598247,8310,30714,298,779,70,3407,48,1771,49,48
"1370","2020-05-03",487,16,189,1225,5476,0.902300949598247,8310,30714,298,779,55,3462,41,1812,36,41
"1371","2020-05-04",467,16,165,1159,5476,0.902300949598247,8310,30714,298,779,60,3522,32,1844,45,32
"1372","2020-05-05",448,16,150,1074,5476,0.902300949598247,8310,30714,298,779,40,3562,24,1868,27,24
"1373","2020-05-06",447,16,155,1010,5476,0.902300949598247,8310,30714,298,779,41,3603,29,1897,27,29
"1374","2020-05-07",440,16,150,961,5476,0.902300949598247,8310,30714,298,779,40,3643,28,1925,28,28
"1375","2020-05-08",383,16,148,904,5476,0.902300949598247,8310,30714,298,779,43,3686,23,1948,31,23
"1376","2020-05-09",367,16,159,845,5476,0.902300949598247,8310,30714,298,779,31,3717,27,1975,20,27
"1377","2020-05-10",326,16,149,796,5476,0.902300949598247,8310,30714,298,779,38,3755,30,2005,26,30
"1378","2020-05-11",308,16,148,726,5476,0.902300949598247,8310,30714,298,779,43,3798,22,2027,32,22
"1379","2020-05-12",295,16,144,671,5476,0.902300949598247,8310,30714,298,779,38,3836,18,2045,30,18
"1380","2020-05-13",275,16,156,609,5476,0.902300949598247,8310,30714,298,779,37,3873,16,2061,27,16
"1381","2020-05-14",261,16,169,585,5476,0.902300949598247,8310,30714,298,779,39,3912,23,2084,22,23
"1382","2020-05-15",244,16,167,555,5476,0.902300949598247,8310,30714,298,779,33,3945,16,2100,22,16
"1383","2020-05-16",231,16,155,507,5476,0.902300949598247,8310,30714,298,779,41,3986,17,2117,30,17
"1384","2020-05-17",209,16,152,473,5476,0.902300949598247,8310,30714,298,779,29,4015,15,2132,21,15
"1385","2020-05-18",184,16,148,429,5476,0.902300949598247,8310,30714,298,779,27,4042,22,2154,18,22
"1386","2020-05-19",173,16,150,384,5476,0.902300949598247,8310,30714,298,779,22,4064,23,2177,15,23
"1387","2020-05-20",170,16,135,355,5476,0.902300949598247,8310,30714,298,779,21,4085,21,2198,13,21
"1388","2020-05-21",162,16,157,321,5476,0.902300949598247,8310,30714,298,779,31,4116,32,2230,24,32
"1389","2020-05-22",142,16,148,292,5476,0.902300949598247,8310,30714,298,779,29,4145,49,2279,21,49
"1390","2020-05-23",138,16,146,271,5476,0.902300949598247,8310,30714,298,779,29,4174,29,2308,18,29
"1391","2020-05-24",113,16,135,244,5476,0.902300949598247,8310,30714,298,779,30,4204,50,2358,18,50
"1392","2020-05-25",111,16,132,229,5476,0.902300949598247,8310,30714,298,779,26,4230,43,2401,16,43
"1393","2020-05-26",101,16,124,211,5476,0.902300949598247,8310,30714,298,779,25,4255,36,2437,13,36
"1394","2020-05-27",91,16,126,194,5476,0.902300949598247,8310,30714,298,779,26,4281,34,2471,16,34
"1395","2020-05-28",80,16,120,171,5476,0.902300949598247,8310,30714,298,779,24,4305,17,2488,14,17
"1396","2020-05-29",65,16,123,165,5476,0.902300949598247,8310,30714,298,779,17,4322,16,2504,14,16
"1397","2020-05-30",56,16,126,145,5476,0.902300949598247,8310,30714,298,779,19,4341,18,2522,13,18
"1398","2020-05-31",55,16,119,137,5476,0.902300949598247,8310,30714,298,779,14,4355,25,2547,7,25
"1399","2020-06-01",52,16,110,127,5476,0.902300949598247,8310,30714,298,779,20,4375,32,2579,15,32
"1400","2020-06-02",49,16,106,121,5476,0.902300949598247,8310,30714,298,779,18,4393,31,2610,10,31
"1401","2020-06-03",42,16,98,117,5476,0.902300949598247,8310,30714,298,779,15,4408,29,2639,7,29
"1402","2020-06-04",48,16,91,113,5476,0.902300949598247,8310,30714,298,779,14,4422,27,2666,10,27
"1403","2020-06-05",45,16,103,115,5476,0.902300949598247,8310,30714,298,779,12,4434,21,2687,7,21
"1404","2020-06-06",41,16,107,108,5476,0.902300949598247,8310,30714,298,779,7,4441,25,2712,5,25
"1405","2020-06-07",33,16,105,98,5476,0.902300949598247,8310,30714,298,779,18,4459,35,2747,13,35
"1406","2020-03-08",1,17,0,0,4746,0.763801095659503,8370,31615,234,530,NA,NA,NA,NA,NA,NA
"1407","2020-03-09",1,17,0,0,4746,0.763801095659503,8370,31615,234,530,NA,NA,NA,NA,NA,NA
"1408","2020-03-10",0,17,0,0,4746,0.763801095659503,8370,31615,234,530,NA,NA,1,1,NA,1
"1409","2020-03-11",0,17,0,0,4746,0.763801095659503,8370,31615,234,530,3,3,4,5,1,4
"1410","2020-03-12",0,17,0,0,4746,0.763801095659503,8370,31615,234,530,1,4,8,13,1,8
"1411","2020-03-13",3,17,21,44,4746,0.763801095659503,8370,31615,234,530,3,7,3,16,2,3
"1412","2020-03-14",6,17,19,63,4746,0.763801095659503,8370,31615,234,530,11,18,3,19,7,3
"1413","2020-03-15",11,17,25,85,4746,0.763801095659503,8370,31615,234,530,11,29,8,27,6,8
"1414","2020-03-16",13,17,34,112,4746,0.763801095659503,8370,31615,234,530,11,40,10,37,9,10
"1415","2020-03-17",15,17,53,133,4746,0.763801095659503,8370,31615,234,530,7,47,13,50,6,13
"1416","2020-03-18",19,17,51,161,4746,0.763801095659503,8370,31615,234,530,12,59,5,55,11,5
"1417","2020-03-19",21,17,46,201,4746,0.763801095659503,8370,31615,234,530,9,68,1,56,8,1
"1418","2020-03-20",40,17,45,233,4746,0.763801095659503,8370,31615,234,530,19,87,2,58,18,2
"1419","2020-03-21",53,17,46,266,4746,0.763801095659503,8370,31615,234,530,22,109,13,71,17,13
"1420","2020-03-22",56,17,60,306,4746,0.763801095659503,8370,31615,234,530,31,140,11,82,30,11
"1421","2020-03-23",66,17,69,343,4746,0.763801095659503,8370,31615,234,530,29,169,11,93,26,11
"1422","2020-03-24",72,17,62,368,4746,0.763801095659503,8370,31615,234,530,31,200,13,106,29,13
"1423","2020-03-25",80,17,56,396,4746,0.763801095659503,8370,31615,234,530,35,235,16,122,31,16
"1424","2020-03-26",94,17,57,419,4746,0.763801095659503,8370,31615,234,530,35,270,13,135,32,13
"1425","2020-03-27",109,17,50,454,4746,0.763801095659503,8370,31615,234,530,47,317,4,139,45,4
"1426","2020-03-28",125,17,47,482,4746,0.763801095659503,8370,31615,234,530,43,360,6,145,40,6
"1427","2020-03-29",147,17,65,508,4746,0.763801095659503,8370,31615,234,530,45,405,9,154,42,9
"1428","2020-03-30",145,17,60,529,4746,0.763801095659503,8370,31615,234,530,63,468,4,158,56,4
"1429","2020-03-31",157,17,70,557,4746,0.763801095659503,8370,31615,234,530,56,524,6,164,53,6
"1430","2020-04-01",159,17,80,582,4746,0.763801095659503,8370,31615,234,530,67,591,15,179,63,15
"1431","2020-04-02",164,17,80,590,4746,0.763801095659503,8370,31615,234,530,64,655,10,189,63,10
"1432","2020-04-03",183,17,81,613,4746,0.763801095659503,8370,31615,234,530,91,746,2,191,88,2
"1433","2020-04-04",186,17,104,636,4746,0.763801095659503,8370,31615,234,530,79,825,4,195,77,4
"1434","2020-04-05",198,17,99,644,4746,0.763801095659503,8370,31615,234,530,86,911,2,197,82,2
"1435","2020-04-06",212,17,106,668,4746,0.763801095659503,8370,31615,234,530,90,1001,2,199,90,2
"1436","2020-04-07",201,17,114,688,4746,0.763801095659503,8370,31615,234,530,107,1108,1,200,102,1
"1437","2020-04-08",213,17,131,693,4746,0.763801095659503,8370,31615,234,530,97,1205,14,214,94,14
"1438","2020-04-09",226,17,146,737,4746,0.763801095659503,8370,31615,234,530,107,1312,20,234,103,20
"1439","2020-04-10",256,17,156,749,4746,0.763801095659503,8370,31615,234,530,111,1423,24,258,107,24
"1440","2020-04-11",281,17,179,785,4746,0.763801095659503,8370,31615,234,530,163,1586,15,273,156,15
"1441","2020-04-12",257,17,165,821,4746,0.763801095659503,8370,31615,234,530,115,1701,6,279,111,6
"1442","2020-04-13",254,17,160,846,4746,0.763801095659503,8370,31615,234,530,132,1833,6,285,132,6
"1443","2020-04-14",263,17,134,871,4746,0.763801095659503,8370,31615,234,530,144,1977,10,295,142,10
"1444","2020-04-15",267,17,113,900,4746,0.763801095659503,8370,31615,234,530,114,2091,17,312,110,17
"1445","2020-04-16",273,17,105,916,4746,0.763801095659503,8370,31615,234,530,134,2225,25,337,131,25
"1446","2020-04-17",340,17,102,937,4746,0.763801095659503,8370,31615,234,530,176,2401,25,362,171,25
"1447","2020-04-18",332,17,118,925,4746,0.763801095659503,8370,31615,234,530,143,2544,43,405,142,43
"1448","2020-04-19",314,17,105,939,4746,0.763801095659503,8370,31615,234,530,100,2644,17,422,99,17
"1449","2020-04-20",305,17,100,922,4746,0.763801095659503,8370,31615,234,530,139,2783,25,447,137,25
"1450","2020-04-21",304,17,103,922,4746,0.763801095659503,8370,31615,234,530,127,2910,35,482,125,35
"1451","2020-04-22",308,17,99,926,4746,0.763801095659503,8370,31615,234,530,123,3033,17,499,120,17
"1452","2020-04-23",300,17,108,908,4746,0.763801095659503,8370,31615,234,530,134,3167,18,517,134,18
"1453","2020-04-24",300,17,130,900,4746,0.763801095659503,8370,31615,234,530,111,3278,26,543,110,26
"1454","2020-04-25",326,17,138,906,4746,0.763801095659503,8370,31615,234,530,155,3433,19,562,151,19
"1455","2020-04-26",295,17,158,922,4746,0.763801095659503,8370,31615,234,530,110,3543,14,576,106,14
"1456","2020-04-27",299,17,170,910,4746,0.763801095659503,8370,31615,234,530,144,3687,17,593,141,17
"1457","2020-04-28",298,17,165,902,4746,0.763801095659503,8370,31615,234,530,118,3805,27,620,116,27
"1458","2020-04-29",300,17,157,874,4746,0.763801095659503,8370,31615,234,530,102,3907,35,655,101,35
"1459","2020-04-30",296,17,159,858,4746,0.763801095659503,8370,31615,234,530,125,4032,20,675,125,20
"1460","2020-05-01",322,17,177,865,4746,0.763801095659503,8370,31615,234,530,117,4149,12,687,115,12
"1461","2020-05-02",317,17,164,828,4746,0.763801095659503,8370,31615,234,530,99,4248,11,698,96,11
"1462","2020-05-03",303,17,162,843,4746,0.763801095659503,8370,31615,234,530,109,4357,10,708,108,10
"1463","2020-05-04",286,17,172,802,4746,0.763801095659503,8370,31615,234,530,97,4454,2,710,95,2
"1464","2020-05-05",277,17,187,785,4746,0.763801095659503,8370,31615,234,530,96,4550,2,712,94,2
"1465","2020-05-06",265,17,165,775,4746,0.763801095659503,8370,31615,234,530,67,4617,8,720,62,8
"1466","2020-05-07",264,17,149,766,4746,0.763801095659503,8370,31615,234,530,63,4680,2,722,61,2
"1467","2020-05-08",272,17,152,753,4746,0.763801095659503,8370,31615,234,530,74,4754,7,729,74,7
"1468","2020-05-09",258,17,142,735,4746,0.763801095659503,8370,31615,234,530,66,4820,24,753,63,24
"1469","2020-05-10",249,17,135,691,4746,0.763801095659503,8370,31615,234,530,71,4891,27,780,71,27
"1470","2020-05-11",250,17,158,662,4746,0.763801095659503,8370,31615,234,530,54,4945,22,802,52,22
"1471","2020-05-12",248,17,185,647,4746,0.763801095659503,8370,31615,234,530,48,4993,10,812,46,10
"1472","2020-05-13",243,17,175,625,4746,0.763801095659503,8370,31615,234,530,43,5036,12,824,40,12
"1473","2020-05-14",237,17,172,604,4746,0.763801095659503,8370,31615,234,530,52,5088,13,837,50,13
"1474","2020-05-15",209,17,158,596,4746,0.763801095659503,8370,31615,234,530,37,5125,9,846,37,9
"1475","2020-05-16",197,17,147,577,4746,0.763801095659503,8370,31615,234,530,46,5171,10,856,44,10
"1476","2020-05-17",187,17,139,552,4746,0.763801095659503,8370,31615,234,530,39,5210,5,861,37,5
"1477","2020-05-18",176,17,139,542,4746,0.763801095659503,8370,31615,234,530,29,5239,2,863,29,2
"1478","2020-05-19",168,17,125,519,4746,0.763801095659503,8370,31615,234,530,25,5264,4,867,22,4
"1479","2020-05-20",165,17,114,498,4746,0.763801095659503,8370,31615,234,530,34,5298,17,884,32,17
"1480","2020-05-21",156,17,92,481,4746,0.763801095659503,8370,31615,234,530,34,5332,20,904,32,20
"1481","2020-05-22",150,17,111,466,4746,0.763801095659503,8370,31615,234,530,25,5357,4,908,25,4
"1482","2020-05-23",161,17,124,434,4746,0.763801095659503,8370,31615,234,530,29,5386,6,914,29,6
"1483","2020-05-24",142,17,115,423,4746,0.763801095659503,8370,31615,234,530,24,5410,16,930,24,16
"1484","2020-05-25",142,17,102,401,4746,0.763801095659503,8370,31615,234,530,22,5432,16,946,21,16
"1485","2020-05-26",135,17,105,375,4746,0.763801095659503,8370,31615,234,530,13,5445,10,956,12,10
"1486","2020-05-27",134,17,97,360,4746,0.763801095659503,8370,31615,234,530,9,5454,9,965,9,9
"1487","2020-05-28",136,17,82,356,4746,0.763801095659503,8370,31615,234,530,17,5471,11,976,16,11
"1488","2020-05-29",127,17,81,341,4746,0.763801095659503,8370,31615,234,530,11,5482,24,1000,10,24
"1489","2020-05-30",126,17,86,305,4746,0.763801095659503,8370,31615,234,530,13,5495,8,1008,12,8
"1490","2020-05-31",121,17,95,276,4746,0.763801095659503,8370,31615,234,530,9,5504,6,1014,6,6
"1491","2020-06-01",108,17,92,265,4746,0.763801095659503,8370,31615,234,530,10,5514,8,1022,10,8
"1492","2020-06-02",102,17,84,254,4746,0.763801095659503,8370,31615,234,530,15,5529,13,1035,14,13
"1493","2020-06-03",99,17,82,233,4746,0.763801095659503,8370,31615,234,530,13,5542,14,1049,12,14
"1494","2020-06-04",95,17,79,226,4746,0.763801095659503,8370,31615,234,530,12,5554,10,1059,11,10
"1495","2020-06-05",96,17,74,220,4746,0.763801095659503,8370,31615,234,530,7,5561,8,1067,7,8
"1496","2020-06-06",83,17,85,199,4746,0.763801095659503,8370,31615,234,530,6,5567,5,1072,6,5
"1497","2020-06-07",73,17,77,185,4746,0.763801095659503,8370,31615,234,530,9,5576,6,1078,9,6
"1498","2020-03-08",1,18,0,0,5040,0.890079365079365,8175,31215,329,677,NA,NA,NA,NA,NA,NA
"1499","2020-03-09",1,18,0,0,5040,0.890079365079365,8175,31215,329,677,NA,NA,NA,NA,NA,NA
"1500","2020-03-10",0,18,0,0,5040,0.890079365079365,8175,31215,329,677,NA,NA,NA,NA,NA,NA
"1501","2020-03-11",0,18,0,0,5040,0.890079365079365,8175,31215,329,677,5,5,3,3,NA,3
"1502","2020-03-12",0,18,0,0,5040,0.890079365079365,8175,31215,329,677,7,12,18,21,NA,18
"1503","2020-03-13",2,18,41,34,5040,0.890079365079365,8175,31215,329,677,7,19,7,28,2,7
"1504","2020-03-14",4,18,57,49,5040,0.890079365079365,8175,31215,329,677,6,25,9,37,1,9
"1505","2020-03-15",10,18,77,66,5040,0.890079365079365,8175,31215,329,677,7,32,9,46,4,9
"1506","2020-03-16",12,18,73,85,5040,0.890079365079365,8175,31215,329,677,9,41,14,60,5,14
"1507","2020-03-17",15,18,70,105,5040,0.890079365079365,8175,31215,329,677,7,48,16,76,7,16
"1508","2020-03-18",19,18,65,131,5040,0.890079365079365,8175,31215,329,677,19,67,14,90,14,14
"1509","2020-03-19",22,18,70,151,5040,0.890079365079365,8175,31215,329,677,12,79,9,99,7,9
"1510","2020-03-20",28,18,91,163,5040,0.890079365079365,8175,31215,329,677,20,99,8,107,13,8
"1511","2020-03-21",49,18,105,184,5040,0.890079365079365,8175,31215,329,677,14,113,17,124,11,17
"1512","2020-03-22",48,18,105,218,5040,0.890079365079365,8175,31215,329,677,17,130,12,136,16,12
"1513","2020-03-23",51,18,125,241,5040,0.890079365079365,8175,31215,329,677,24,154,26,162,17,26
"1514","2020-03-24",58,18,107,275,5040,0.890079365079365,8175,31215,329,677,31,185,20,182,25,20
"1515","2020-03-25",60,18,89,304,5040,0.890079365079365,8175,31215,329,677,25,210,23,205,24,23
"1516","2020-03-26",70,18,119,320,5040,0.890079365079365,8175,31215,329,677,34,244,21,226,32,21
"1517","2020-03-27",89,18,130,336,5040,0.890079365079365,8175,31215,329,677,30,274,15,241,29,15
"1518","2020-03-28",88,18,118,366,5040,0.890079365079365,8175,31215,329,677,42,316,10,251,38,10
"1519","2020-03-29",104,18,127,406,5040,0.890079365079365,8175,31215,329,677,39,355,7,258,36,7
"1520","2020-03-30",109,18,136,442,5040,0.890079365079365,8175,31215,329,677,47,402,4,262,45,4
"1521","2020-03-31",109,18,132,476,5040,0.890079365079365,8175,31215,329,677,51,453,20,282,45,20
"1522","2020-04-01",126,18,162,516,5040,0.890079365079365,8175,31215,329,677,61,514,12,294,55,12
"1523","2020-04-02",128,18,179,543,5040,0.890079365079365,8175,31215,329,677,57,571,20,314,53,20
"1524","2020-04-03",161,18,173,580,5040,0.890079365079365,8175,31215,329,677,89,660,16,330,83,16
"1525","2020-04-04",170,18,167,625,5040,0.890079365079365,8175,31215,329,677,93,753,20,350,89,20
"1526","2020-04-05",190,18,145,642,5040,0.890079365079365,8175,31215,329,677,92,845,17,367,85,17
"1527","2020-04-06",201,18,151,666,5040,0.890079365079365,8175,31215,329,677,92,937,26,393,91,26
"1528","2020-04-07",199,18,167,715,5040,0.890079365079365,8175,31215,329,677,87,1024,30,423,78,30
"1529","2020-04-08",195,18,162,773,5040,0.890079365079365,8175,31215,329,677,96,1120,17,440,91,17
"1530","2020-04-09",208,18,155,800,5040,0.890079365079365,8175,31215,329,677,125,1245,13,453,118,13
"1531","2020-04-10",234,18,165,826,5040,0.890079365079365,8175,31215,329,677,146,1391,28,481,144,28
"1532","2020-04-11",234,18,146,890,5040,0.890079365079365,8175,31215,329,677,118,1509,18,499,115,18
"1533","2020-04-12",269,18,122,933,5040,0.890079365079365,8175,31215,329,677,146,1655,11,510,142,11
"1534","2020-04-13",281,18,140,953,5040,0.890079365079365,8175,31215,329,677,138,1793,12,522,133,12
"1535","2020-04-14",268,18,131,1005,5040,0.890079365079365,8175,31215,329,677,173,1966,21,543,166,21
"1536","2020-04-15",284,18,124,1044,5040,0.890079365079365,8175,31215,329,677,179,2145,32,575,174,32
"1537","2020-04-16",289,18,132,1088,5040,0.890079365079365,8175,31215,329,677,150,2295,18,593,147,18
"1538","2020-04-17",362,18,128,1106,5040,0.890079365079365,8175,31215,329,677,177,2472,16,609,175,16
"1539","2020-04-18",415,18,128,1136,5040,0.890079365079365,8175,31215,329,677,203,2675,9,618,196,9
"1540","2020-04-19",368,18,127,1160,5040,0.890079365079365,8175,31215,329,677,193,2868,7,625,190,7
"1541","2020-04-20",377,18,116,1164,5040,0.890079365079365,8175,31215,329,677,149,3017,11,636,146,11
"1542","2020-04-21",377,18,125,1177,5040,0.890079365079365,8175,31215,329,677,197,3214,27,663,194,27
"1543","2020-04-22",391,18,128,1201,5040,0.890079365079365,8175,31215,329,677,158,3372,19,682,153,19
"1544","2020-04-23",406,18,114,1207,5040,0.890079365079365,8175,31215,329,677,194,3566,30,712,191,30
"1545","2020-04-24",453,18,122,1221,5040,0.890079365079365,8175,31215,329,677,140,3706,19,731,136,19
"1546","2020-04-25",439,18,128,1219,5040,0.890079365079365,8175,31215,329,677,149,3855,10,741,146,10
"1547","2020-04-26",426,18,162,1233,5040,0.890079365079365,8175,31215,329,677,140,3995,17,758,138,17
"1548","2020-04-27",403,18,173,1195,5040,0.890079365079365,8175,31215,329,677,140,4135,17,775,135,17
"1549","2020-04-28",398,18,162,1167,5040,0.890079365079365,8175,31215,329,677,119,4254,11,786,116,11
"1550","2020-04-29",392,18,190,1140,5040,0.890079365079365,8175,31215,329,677,132,4386,20,806,130,20
"1551","2020-04-30",379,18,204,1134,5040,0.890079365079365,8175,31215,329,677,100,4486,26,832,99,26
"1552","2020-05-01",373,18,207,1095,5040,0.890079365079365,8175,31215,329,677,113,4599,17,849,111,17
"1553","2020-05-02",360,18,195,1074,5040,0.890079365079365,8175,31215,329,677,92,4691,22,871,89,22
"1554","2020-05-03",339,18,159,1047,5040,0.890079365079365,8175,31215,329,677,69,4760,36,907,66,36
"1555","2020-05-04",338,18,144,1009,5040,0.890079365079365,8175,31215,329,677,71,4831,19,926,71,19
"1556","2020-05-05",334,18,132,990,5040,0.890079365079365,8175,31215,329,677,89,4920,40,966,88,40
"1557","2020-05-06",330,18,170,974,5040,0.890079365079365,8175,31215,329,677,53,4973,35,1001,49,35
"1558","2020-05-07",330,18,174,951,5040,0.890079365079365,8175,31215,329,677,70,5043,44,1045,68,44
"1559","2020-05-08",318,18,179,873,5040,0.890079365079365,8175,31215,329,677,57,5100,24,1069,54,24
"1560","2020-05-09",331,18,174,844,5040,0.890079365079365,8175,31215,329,677,62,5162,34,1103,57,34
"1561","2020-05-10",312,18,189,813,5040,0.890079365079365,8175,31215,329,677,53,5215,42,1145,52,42
"1562","2020-05-11",305,18,190,770,5040,0.890079365079365,8175,31215,329,677,40,5255,31,1176,38,31
"1563","2020-05-12",300,18,187,732,5040,0.890079365079365,8175,31215,329,677,37,5292,13,1189,33,13
"1564","2020-05-13",286,18,182,674,5040,0.890079365079365,8175,31215,329,677,24,5316,25,1214,22,25
"1565","2020-05-14",279,18,180,643,5040,0.890079365079365,8175,31215,329,677,29,5345,13,1227,26,13
"1566","2020-05-15",270,18,199,610,5040,0.890079365079365,8175,31215,329,677,20,5365,19,1246,19,19
"1567","2020-05-16",262,18,185,573,5040,0.890079365079365,8175,31215,329,677,22,5387,19,1265,22,19
"1568","2020-05-17",223,18,154,546,5040,0.890079365079365,8175,31215,329,677,16,5403,26,1291,15,26
"1569","2020-05-18",203,18,145,496,5040,0.890079365079365,8175,31215,329,677,21,5424,21,1312,20,21
"1570","2020-05-19",198,18,120,471,5040,0.890079365079365,8175,31215,329,677,13,5437,22,1334,13,22
"1571","2020-05-20",190,18,107,456,5040,0.890079365079365,8175,31215,329,677,15,5452,14,1348,12,14
"1572","2020-05-21",176,18,88,411,5040,0.890079365079365,8175,31215,329,677,14,5466,20,1368,13,20
"1573","2020-05-22",168,18,63,387,5040,0.890079365079365,8175,31215,329,677,12,5478,17,1385,12,17
"1574","2020-05-23",153,18,63,354,5040,0.890079365079365,8175,31215,329,677,10,5488,23,1408,10,23
"1575","2020-05-24",148,18,71,331,5040,0.890079365079365,8175,31215,329,677,10,5498,17,1425,10,17
"1576","2020-05-25",131,18,78,317,5040,0.890079365079365,8175,31215,329,677,6,5504,22,1447,5,22
"1577","2020-05-26",112,18,81,295,5040,0.890079365079365,8175,31215,329,677,9,5513,11,1458,7,11
"1578","2020-05-27",108,18,75,272,5040,0.890079365079365,8175,31215,329,677,12,5525,10,1468,12,10
"1579","2020-05-28",100,18,70,247,5040,0.890079365079365,8175,31215,329,677,14,5539,13,1481,12,13
"1580","2020-05-29",87,18,87,231,5040,0.890079365079365,8175,31215,329,677,7,5546,22,1503,6,22
"1581","2020-05-30",82,18,81,222,5040,0.890079365079365,8175,31215,329,677,9,5555,9,1512,9,9
"1582","2020-05-31",78,18,84,212,5040,0.890079365079365,8175,31215,329,677,7,5562,11,1523,4,11
"1583","2020-06-01",86,18,97,198,5040,0.890079365079365,8175,31215,329,677,3,5565,23,1546,2,23
"1584","2020-06-02",81,18,112,175,5040,0.890079365079365,8175,31215,329,677,4,5569,21,1567,3,21
"1585","2020-06-03",76,18,116,161,5040,0.890079365079365,8175,31215,329,677,6,5575,17,1584,5,17
"1586","2020-06-04",72,18,99,142,5040,0.890079365079365,8175,31215,329,677,5,5580,13,1597,4,13
"1587","2020-06-05",72,18,102,132,5040,0.890079365079365,8175,31215,329,677,2,5582,17,1614,1,17
"1588","2020-06-06",71,18,102,121,5040,0.890079365079365,8175,31215,329,677,7,5589,16,1630,6,16
"1589","2020-06-07",62,18,86,101,5040,0.890079365079365,8175,31215,329,677,2,5591,21,1651,NA,21
"1590","2020-03-14",2,19,49,59,3135,0.63030303030303,8340,24032,209,326,18,54,8,32,4,8
"1591","2020-03-15",7,19,44,75,3135,0.63030303030303,8340,24032,209,326,19,73,12,44,4,12
"1592","2020-03-16",9,19,40,100,3135,0.63030303030303,8340,24032,209,326,27,100,25,69,8,25
"1593","2020-03-17",11,19,44,120,3135,0.63030303030303,8340,24032,209,326,25,125,20,89,10,20
"1594","2020-03-18",13,19,37,133,3135,0.63030303030303,8340,24032,209,326,43,168,19,108,27,19
"1595","2020-03-19",22,19,37,148,3135,0.63030303030303,8340,24032,209,326,28,196,13,121,16,13
"1596","2020-03-20",34,19,42,181,3135,0.63030303030303,8340,24032,209,326,43,239,28,149,26,28
"1597","2020-03-21",40,19,42,203,3135,0.63030303030303,8340,24032,209,326,52,291,20,169,40,20
"1598","2020-03-22",52,19,48,228,3135,0.63030303030303,8340,24032,209,326,68,359,15,184,49,15
"1599","2020-03-23",59,19,39,253,3135,0.63030303030303,8340,24032,209,326,59,418,8,192,48,8
"1600","2020-03-24",63,19,46,271,3135,0.63030303030303,8340,24032,209,326,55,473,18,210,39,18
"1601","2020-03-25",70,19,49,290,3135,0.63030303030303,8340,24032,209,326,77,550,23,233,57,23
"1602","2020-03-26",80,19,53,302,3135,0.63030303030303,8340,24032,209,326,70,620,10,243,60,10
"1603","2020-03-27",87,19,62,312,3135,0.63030303030303,8340,24032,209,326,86,706,16,259,67,16
"1604","2020-03-28",101,19,53,317,3135,0.63030303030303,8340,24032,209,326,95,801,22,281,75,22
"1605","2020-03-29",103,19,50,329,3135,0.63030303030303,8340,24032,209,326,102,903,18,299,88,18
"1606","2020-03-30",107,19,63,357,3135,0.63030303030303,8340,24032,209,326,95,998,23,322,75,23
"1607","2020-03-31",109,19,63,377,3135,0.63030303030303,8340,24032,209,326,113,1111,31,353,95,31
"1608","2020-04-01",108,19,56,383,3135,0.63030303030303,8340,24032,209,326,98,1209,16,369,89,16
"1609","2020-04-02",99,19,55,397,3135,0.63030303030303,8340,24032,209,326,129,1338,30,399,117,30
"1610","2020-04-03",111,19,49,394,3135,0.63030303030303,8340,24032,209,326,145,1483,29,428,124,29
"1611","2020-04-04",108,19,44,412,3135,0.63030303030303,8340,24032,209,326,136,1619,20,448,122,20
"1612","2020-04-05",111,19,55,425,3135,0.63030303030303,8340,24032,209,326,172,1791,27,475,155,27
"1613","2020-04-06",107,19,71,444,3135,0.63030303030303,8340,24032,209,326,120,1911,42,517,110,42
"1614","2020-04-07",102,19,81,447,3135,0.63030303030303,8340,24032,209,326,169,2080,18,535,151,18
"1615","2020-04-08",108,19,77,450,3135,0.63030303030303,8340,24032,209,326,175,2255,25,560,162,25
"1616","2020-04-09",117,19,98,476,3135,0.63030303030303,8340,24032,209,326,125,2380,40,600,118,40
"1617","2020-04-10",134,19,99,488,3135,0.63030303030303,8340,24032,209,326,129,2509,24,624,124,24
"1618","2020-04-11",141,19,89,485,3135,0.63030303030303,8340,24032,209,326,177,2686,41,665,162,41
"1619","2020-04-12",137,19,80,506,3135,0.63030303030303,8340,24032,209,326,156,2842,23,688,137,23
"1620","2020-04-13",145,19,79,504,3135,0.63030303030303,8340,24032,209,326,151,2993,7,695,136,7
"1621","2020-04-14",152,19,91,517,3135,0.63030303030303,8340,24032,209,326,181,3174,10,705,166,10
"1622","2020-04-15",156,19,100,515,3135,0.63030303030303,8340,24032,209,326,142,3316,12,717,133,12
"1623","2020-04-16",155,19,103,517,3135,0.63030303030303,8340,24032,209,326,146,3462,19,736,132,19
"1624","2020-04-17",165,19,103,515,3135,0.63030303030303,8340,24032,209,326,133,3595,12,748,123,12
"1625","2020-04-18",184,19,110,514,3135,0.63030303030303,8340,24032,209,326,117,3712,18,766,106,18
"1626","2020-04-19",187,19,126,535,3135,0.63030303030303,8340,24032,209,326,110,3822,33,799,98,33
"1627","2020-04-20",182,19,125,528,3135,0.63030303030303,8340,24032,209,326,102,3924,23,822,88,23
"1628","2020-04-21",173,19,142,530,3135,0.63030303030303,8340,24032,209,326,111,4035,32,854,100,32
"1629","2020-04-22",176,19,133,531,3135,0.63030303030303,8340,24032,209,326,126,4161,29,883,110,29
"1630","2020-04-23",179,19,143,523,3135,0.63030303030303,8340,24032,209,326,107,4268,28,911,96,28
"1631","2020-04-24",196,19,133,531,3135,0.63030303030303,8340,24032,209,326,111,4379,17,928,96,17
"1632","2020-04-25",188,19,130,513,3135,0.63030303030303,8340,24032,209,326,81,4460,13,941,68,13
"1633","2020-04-26",167,19,135,514,3135,0.63030303030303,8340,24032,209,326,107,4567,48,989,98,48
"1634","2020-04-27",159,19,131,511,3135,0.63030303030303,8340,24032,209,326,85,4652,46,1035,75,46
"1635","2020-04-28",164,19,155,519,3135,0.63030303030303,8340,24032,209,326,85,4737,21,1056,73,21
"1636","2020-04-29",159,19,152,535,3135,0.63030303030303,8340,24032,209,326,73,4810,14,1070,63,14
"1637","2020-04-30",157,19,146,534,3135,0.63030303030303,8340,24032,209,326,49,4859,7,1077,42,7
"1638","2020-05-01",166,19,158,538,3135,0.63030303030303,8340,24032,209,326,51,4910,19,1096,47,19
"1639","2020-05-02",171,19,159,548,3135,0.63030303030303,8340,24032,209,326,55,4965,11,1107,41,11
"1640","2020-05-03",178,19,151,523,3135,0.63030303030303,8340,24032,209,326,41,5006,4,1111,32,4
"1641","2020-05-04",177,19,134,526,3135,0.63030303030303,8340,24032,209,326,55,5061,12,1123,46,12
"1642","2020-05-05",181,19,126,519,3135,0.63030303030303,8340,24032,209,326,53,5114,31,1154,43,31
"1643","2020-05-06",182,19,125,521,3135,0.63030303030303,8340,24032,209,326,42,5156,18,1172,32,18
"1644","2020-05-07",182,19,107,511,3135,0.63030303030303,8340,24032,209,326,43,5199,21,1193,31,21
"1645","2020-05-08",175,19,95,517,3135,0.63030303030303,8340,24032,209,326,35,5234,18,1211,29,18
"1646","2020-05-09",190,19,106,524,3135,0.63030303030303,8340,24032,209,326,33,5267,13,1224,26,13
"1647","2020-05-10",184,19,101,501,3135,0.63030303030303,8340,24032,209,326,31,5298,9,1233,25,9
"1648","2020-05-11",175,19,103,488,3135,0.63030303030303,8340,24032,209,326,30,5328,6,1239,23,6
"1649","2020-05-12",166,19,94,469,3135,0.63030303030303,8340,24032,209,326,24,5352,36,1275,17,36
"1650","2020-05-13",160,19,89,467,3135,0.63030303030303,8340,24032,209,326,18,5370,12,1287,15,12
"1651","2020-05-14",162,19,89,464,3135,0.63030303030303,8340,24032,209,326,18,5388,21,1308,12,21
"1652","2020-05-15",180,19,100,450,3135,0.63030303030303,8340,24032,209,326,20,5408,29,1337,11,29
"1653","2020-05-16",157,19,96,445,3135,0.63030303030303,8340,24032,209,326,21,5429,16,1353,13,16
"1654","2020-05-17",143,19,95,419,3135,0.63030303030303,8340,24032,209,326,11,5440,9,1362,6,9
"1655","2020-05-18",153,19,87,393,3135,0.63030303030303,8340,24032,209,326,22,5462,3,1365,16,3
"1656","2020-05-19",142,19,93,368,3135,0.63030303030303,8340,24032,209,326,12,5474,7,1372,5,7
"1657","2020-05-20",143,19,92,341,3135,0.63030303030303,8340,24032,209,326,14,5488,3,1375,10,3
"1658","2020-05-21",130,19,89,313,3135,0.63030303030303,8340,24032,209,326,13,5501,6,1381,10,6
"1659","2020-05-22",122,19,75,296,3135,0.63030303030303,8340,24032,209,326,8,5509,21,1402,2,21
"1660","2020-05-23",120,19,79,268,3135,0.63030303030303,8340,24032,209,326,17,5526,14,1416,9,14
"1661","2020-05-24",115,19,78,255,3135,0.63030303030303,8340,24032,209,326,6,5532,31,1447,1,31
"1662","2020-05-25",104,19,82,247,3135,0.63030303030303,8340,24032,209,326,9,5541,20,1467,2,20
"1663","2020-05-26",95,19,76,247,3135,0.63030303030303,8340,24032,209,326,15,5556,23,1490,11,23
"1664","2020-05-27",99,19,64,240,3135,0.63030303030303,8340,24032,209,326,11,5567,30,1520,7,30
"1665","2020-05-28",100,19,57,243,3135,0.63030303030303,8340,24032,209,326,7,5574,26,1546,5,26
"1666","2020-05-29",105,19,49,233,3135,0.63030303030303,8340,24032,209,326,10,5584,19,1565,6,19
"1667","2020-05-30",106,19,51,229,3135,0.63030303030303,8340,24032,209,326,3,5587,14,1579,2,14
"1668","2020-05-31",93,19,46,220,3135,0.63030303030303,8340,24032,209,326,12,5599,10,1589,5,10
"1669","2020-06-01",92,19,54,210,3135,0.63030303030303,8340,24032,209,326,6,5605,6,1595,2,6
"1670","2020-06-02",92,19,57,212,3135,0.63030303030303,8340,24032,209,326,8,5613,18,1613,3,18
"1671","2020-06-03",80,19,61,206,3135,0.63030303030303,8340,24032,209,326,10,5623,10,1623,9,10
"1672","2020-06-04",76,19,59,192,3135,0.63030303030303,8340,24032,209,326,3,5626,13,1636,2,13
"1673","2020-06-05",66,19,67,198,3135,0.63030303030303,8340,24032,209,326,5,5631,15,1651,3,15
"1674","2020-06-06",61,19,67,179,3135,0.63030303030303,8340,24032,209,326,7,5638,22,1673,2,22
"1675","2020-06-07",56,19,71,166,3135,0.63030303030303,8340,24032,209,326,3,5641,21,1694,NA,21
"1676","2020-03-13",2,20,65,18,5581,0.956996953950905,8535,32376,284,625,7,16,10,14,2,10
"1677","2020-03-14",3,20,69,25,5581,0.956996953950905,8535,32376,284,625,4,20,5,19,NA,5
"1678","2020-03-15",6,20,58,37,5581,0.956996953950905,8535,32376,284,625,18,38,4,23,6,4
"1679","2020-03-16",7,20,46,43,5581,0.956996953950905,8535,32376,284,625,7,45,6,29,2,6
"1680","2020-03-17",6,20,53,51,5581,0.956996953950905,8535,32376,284,625,9,54,5,34,5,5
"1681","2020-03-18",6,20,65,62,5581,0.956996953950905,8535,32376,284,625,7,61,10,44,5,10
"1682","2020-03-19",9,20,76,78,5581,0.956996953950905,8535,32376,284,625,15,76,11,55,12,11
"1683","2020-03-20",13,20,97,94,5581,0.956996953950905,8535,32376,284,625,14,90,6,61,12,6
"1684","2020-03-21",16,20,127,127,5581,0.956996953950905,8535,32376,284,625,15,105,20,81,13,20
"1685","2020-03-22",19,20,129,146,5581,0.956996953950905,8535,32376,284,625,18,123,10,91,10,10
"1686","2020-03-23",24,20,133,173,5581,0.956996953950905,8535,32376,284,625,27,150,6,97,19,6
"1687","2020-03-24",29,20,131,210,5581,0.956996953950905,8535,32376,284,625,34,184,17,114,27,17
"1688","2020-03-25",35,20,143,246,5581,0.956996953950905,8535,32376,284,625,28,212,17,131,22,17
"1689","2020-03-26",42,20,129,291,5581,0.956996953950905,8535,32376,284,625,36,248,16,147,32,16
"1690","2020-03-27",54,20,132,319,5581,0.956996953950905,8535,32376,284,625,36,284,17,164,33,17
"1691","2020-03-28",76,20,122,370,5581,0.956996953950905,8535,32376,284,625,39,323,26,190,36,26
"1692","2020-03-29",81,20,145,427,5581,0.956996953950905,8535,32376,284,625,57,380,15,205,52,15
"1693","2020-03-30",97,20,133,490,5581,0.956996953950905,8535,32376,284,625,55,435,17,222,47,17
"1694","2020-03-31",103,20,132,550,5581,0.956996953950905,8535,32376,284,625,63,498,8,230,58,8
"1695","2020-04-01",117,20,140,613,5581,0.956996953950905,8535,32376,284,625,65,563,19,249,57,19
"1696","2020-04-02",132,20,129,682,5581,0.956996953950905,8535,32376,284,625,64,627,11,260,57,11
"1697","2020-04-03",159,20,158,756,5581,0.956996953950905,8535,32376,284,625,81,708,12,272,73,12
"1698","2020-04-04",228,20,186,825,5581,0.956996953950905,8535,32376,284,625,103,811,16,288,99,16
"1699","2020-04-05",237,20,189,903,5581,0.956996953950905,8535,32376,284,625,91,902,16,304,82,16
"1700","2020-04-06",216,20,186,1005,5581,0.956996953950905,8535,32376,284,625,87,989,15,319,76,15
"1701","2020-04-07",232,20,183,1090,5581,0.956996953950905,8535,32376,284,625,81,1070,19,338,77,19
"1702","2020-04-08",250,20,169,1188,5581,0.956996953950905,8535,32376,284,625,103,1173,17,355,98,17
"1703","2020-04-09",277,20,171,1277,5581,0.956996953950905,8535,32376,284,625,108,1281,17,372,105,17
"1704","2020-04-10",393,20,194,1326,5581,0.956996953950905,8535,32376,284,625,130,1411,23,395,124,23
"1705","2020-04-11",428,20,171,1364,5581,0.956996953950905,8535,32376,284,625,125,1536,44,439,116,44
"1706","2020-04-12",416,20,176,1442,5581,0.956996953950905,8535,32376,284,625,152,1688,21,460,147,21
"1707","2020-04-13",407,20,165,1471,5581,0.956996953950905,8535,32376,284,625,138,1826,26,486,128,26
"1708","2020-04-14",436,20,140,1510,5581,0.956996953950905,8535,32376,284,625,119,1945,28,514,115,28
"1709","2020-04-15",451,20,125,1524,5581,0.956996953950905,8535,32376,284,625,131,2076,28,542,126,28
"1710","2020-04-16",455,20,133,1524,5581,0.956996953950905,8535,32376,284,625,155,2231,31,573,152,31
"1711","2020-04-17",536,20,121,1579,5581,0.956996953950905,8535,32376,284,625,127,2358,19,592,119,19
"1712","2020-04-18",518,20,121,1607,5581,0.956996953950905,8535,32376,284,625,157,2515,26,618,153,26
"1713","2020-04-19",517,20,129,1600,5581,0.956996953950905,8535,32376,284,625,147,2662,38,656,142,38
"1714","2020-04-20",520,20,131,1596,5581,0.956996953950905,8535,32376,284,625,132,2794,29,685,121,29
"1715","2020-04-21",518,20,117,1572,5581,0.956996953950905,8535,32376,284,625,147,2941,26,711,141,26
"1716","2020-04-22",514,20,110,1526,5581,0.956996953950905,8535,32376,284,625,132,3073,22,733,127,22
"1717","2020-04-23",513,20,119,1526,5581,0.956996953950905,8535,32376,284,625,133,3206,25,758,130,25
"1718","2020-04-24",539,20,141,1473,5581,0.956996953950905,8535,32376,284,625,121,3327,32,790,120,32
"1719","2020-04-25",524,20,139,1460,5581,0.956996953950905,8535,32376,284,625,118,3445,24,814,111,24
"1720","2020-04-26",468,20,117,1391,5581,0.956996953950905,8535,32376,284,625,124,3569,23,837,119,23
"1721","2020-04-27",457,20,115,1354,5581,0.956996953950905,8535,32376,284,625,100,3669,19,856,92,19
"1722","2020-04-28",433,20,133,1306,5581,0.956996953950905,8535,32376,284,625,112,3781,25,881,107,25
"1723","2020-04-29",431,20,129,1268,5581,0.956996953950905,8535,32376,284,625,108,3889,24,905,103,24
"1724","2020-04-30",430,20,151,1221,5581,0.956996953950905,8535,32376,284,625,83,3972,34,939,81,34
"1725","2020-05-01",435,20,163,1121,5581,0.956996953950905,8535,32376,284,625,122,4094,25,964,111,25
"1726","2020-05-02",454,20,189,1056,5581,0.956996953950905,8535,32376,284,625,72,4166,40,1004,70,40
"1727","2020-05-03",407,20,176,1017,5581,0.956996953950905,8535,32376,284,625,81,4247,40,1044,78,40
"1728","2020-05-04",415,20,144,935,5581,0.956996953950905,8535,32376,284,625,73,4320,28,1072,71,28
"1729","2020-05-05",403,20,158,885,5581,0.956996953950905,8535,32376,284,625,69,4389,34,1106,61,34
"1730","2020-05-06",400,20,144,850,5581,0.956996953950905,8535,32376,284,625,60,4449,27,1133,58,27
"1731","2020-05-07",376,20,149,781,5581,0.956996953950905,8535,32376,284,625,76,4525,22,1155,71,22
"1732","2020-05-08",325,20,133,728,5581,0.956996953950905,8535,32376,284,625,64,4589,36,1191,59,36
"1733","2020-05-09",320,20,141,680,5581,0.956996953950905,8535,32376,284,625,56,4645,35,1226,51,35
"1734","2020-05-10",272,20,141,635,5581,0.956996953950905,8535,32376,284,625,38,4683,30,1256,35,30
"1735","2020-05-11",235,20,137,608,5581,0.956996953950905,8535,32376,284,625,50,4733,30,1286,40,30
"1736","2020-05-12",228,20,160,565,5581,0.956996953950905,8535,32376,284,625,49,4782,26,1312,47,26
"1737","2020-05-13",208,20,162,523,5581,0.956996953950905,8535,32376,284,625,51,4833,22,1334,50,22
"1738","2020-05-14",194,20,141,508,5581,0.956996953950905,8535,32376,284,625,23,4856,26,1360,21,26
"1739","2020-05-15",190,20,126,469,5581,0.956996953950905,8535,32376,284,625,29,4885,15,1375,25,15
"1740","2020-05-16",156,20,123,432,5581,0.956996953950905,8535,32376,284,625,36,4921,25,1400,33,25
"1741","2020-05-17",158,20,129,404,5581,0.956996953950905,8535,32376,284,625,22,4943,11,1411,18,11
"1742","2020-05-18",153,20,146,391,5581,0.956996953950905,8535,32376,284,625,29,4972,20,1431,27,20
"1743","2020-05-19",140,20,178,368,5581,0.956996953950905,8535,32376,284,625,24,4996,20,1451,21,20
"1744","2020-05-20",133,20,184,341,5581,0.956996953950905,8535,32376,284,625,13,5009,20,1471,11,20
"1745","2020-05-21",134,20,204,314,5581,0.956996953950905,8535,32376,284,625,29,5038,23,1494,27,23
"1746","2020-05-22",124,20,182,291,5581,0.956996953950905,8535,32376,284,625,10,5048,25,1519,7,25
"1747","2020-05-23",118,20,158,281,5581,0.956996953950905,8535,32376,284,625,12,5060,21,1540,12,21
"1748","2020-05-24",102,20,128,258,5581,0.956996953950905,8535,32376,284,625,8,5068,13,1553,7,13
"1749","2020-05-25",95,20,108,243,5581,0.956996953950905,8535,32376,284,625,17,5085,13,1566,17,13
"1750","2020-05-26",84,20,84,229,5581,0.956996953950905,8535,32376,284,625,15,5100,17,1583,15,17
"1751","2020-05-27",72,20,83,205,5581,0.956996953950905,8535,32376,284,625,10,5110,13,1596,9,13
"1752","2020-05-28",62,20,75,188,5581,0.956996953950905,8535,32376,284,625,7,5117,15,1611,4,15
"1753","2020-05-29",56,20,71,176,5581,0.956996953950905,8535,32376,284,625,11,5128,9,1620,9,9
"1754","2020-05-30",57,20,87,167,5581,0.956996953950905,8535,32376,284,625,12,5140,15,1635,12,15
"1755","2020-05-31",56,20,81,154,5581,0.956996953950905,8535,32376,284,625,15,5155,15,1650,13,15
"1756","2020-06-01",53,20,90,144,5581,0.956996953950905,8535,32376,284,625,9,5164,16,1666,9,16
"1757","2020-06-02",53,20,101,141,5581,0.956996953950905,8535,32376,284,625,4,5168,30,1696,4,30
"1758","2020-06-03",52,20,113,143,5581,0.956996953950905,8535,32376,284,625,8,5176,21,1717,7,21
"1759","2020-06-04",49,20,114,136,5581,0.956996953950905,8535,32376,284,625,7,5183,19,1736,6,19
"1760","2020-06-05",48,20,115,125,5581,0.956996953950905,8535,32376,284,625,5,5188,19,1755,5,19
"1761","2020-06-06",47,20,119,108,5581,0.956996953950905,8535,32376,284,625,8,5196,15,1770,7,15
"1762","2020-06-07",39,20,117,102,5581,0.956996953950905,8535,32376,284,625,11,5207,11,1781,10,11
