"","Date","Absents","Paramset","Infections_or_Exposed_per_day_Patient","Infections_or_Exposed_per_day_HCW","total_infections","nosocomial_proportion","PCR_pooled","LFD_pooled","HCW_symp_test","patient_symp_test","new_hcw_infs","cumulative_hcw_infs","new_pat_infs","cumulative_pats_infs","new_nosocomial_hcw_infs","new_nosocomial_pat_infs"
"1","2020-03-13",1,1,13,59,3940,0.471065989847716,8490,28625,211,421,28,59,4,6,2,4
"2","2020-03-14",9,1,13,84,3940,0.471065989847716,8490,28625,211,421,25,84,2,8,4,2
"3","2020-03-15",13,1,27,110,3940,0.471065989847716,8490,28625,211,421,27,111,11,19,5,11
"4","2020-03-16",17,1,36,142,3940,0.471065989847716,8490,28625,211,421,32,143,11,30,7,11
"5","2020-03-17",19,1,36,173,3940,0.471065989847716,8490,28625,211,421,31,174,7,37,11,7
"6","2020-03-18",28,1,39,205,3940,0.471065989847716,8490,28625,211,421,34,208,10,47,14,10
"7","2020-03-19",35,1,48,239,3940,0.471065989847716,8490,28625,211,421,38,246,13,60,15,13
"8","2020-03-20",44,1,54,266,3940,0.471065989847716,8490,28625,211,421,33,279,9,69,14,9
"9","2020-03-21",65,1,52,301,3940,0.471065989847716,8490,28625,211,421,44,323,9,78,18,9
"10","2020-03-22",74,1,53,333,3940,0.471065989847716,8490,28625,211,421,42,365,13,91,26,13
"11","2020-03-23",80,1,43,373,3940,0.471065989847716,8490,28625,211,421,50,415,6,97,27,6
"12","2020-03-24",91,1,47,393,3940,0.471065989847716,8490,28625,211,421,41,456,6,103,19,6
"13","2020-03-25",95,1,46,417,3940,0.471065989847716,8490,28625,211,421,49,505,9,112,30,9
"14","2020-03-26",105,1,54,452,3940,0.471065989847716,8490,28625,211,421,56,561,12,124,24,12
"15","2020-03-27",130,1,61,465,3940,0.471065989847716,8490,28625,211,421,50,611,12,136,33,12
"16","2020-03-28",136,1,68,492,3940,0.471065989847716,8490,28625,211,421,64,675,11,147,35,11
"17","2020-03-29",156,1,73,519,3940,0.471065989847716,8490,28625,211,421,58,733,19,166,28,19
"18","2020-03-30",154,1,69,529,3940,0.471065989847716,8490,28625,211,421,48,781,10,176,32,10
"19","2020-03-31",155,1,64,532,3940,0.471065989847716,8490,28625,211,421,51,832,8,184,25,8
"20","2020-04-01",156,1,63,540,3940,0.471065989847716,8490,28625,211,421,48,880,7,191,24,7
"21","2020-04-02",160,1,79,570,3940,0.471065989847716,8490,28625,211,421,67,947,20,211,36,20
"22","2020-04-03",180,1,90,588,3940,0.471065989847716,8490,28625,211,421,57,1004,23,234,29,23
"23","2020-04-04",203,1,104,612,3940,0.471065989847716,8490,28625,211,421,67,1071,25,259,34,25
"24","2020-04-05",185,1,118,634,3940,0.471065989847716,8490,28625,211,421,74,1145,23,282,53,23
"25","2020-04-06",182,1,117,652,3940,0.471065989847716,8490,28625,211,421,66,1211,21,303,26,21
"26","2020-04-07",175,1,103,652,3940,0.471065989847716,8490,28625,211,421,53,1264,21,324,31,21
"27","2020-04-08",199,1,99,656,3940,0.471065989847716,8490,28625,211,421,57,1321,14,338,36,14
"28","2020-04-09",202,1,96,661,3940,0.471065989847716,8490,28625,211,421,59,1380,20,358,32,20
"29","2020-04-10",211,1,97,648,3940,0.471065989847716,8490,28625,211,421,56,1436,14,372,29,14
"30","2020-04-11",206,1,115,656,3940,0.471065989847716,8490,28625,211,421,70,1506,26,398,41,26
"31","2020-04-12",207,1,112,677,3940,0.471065989847716,8490,28625,211,421,75,1581,26,424,36,26
"32","2020-04-13",202,1,123,663,3940,0.471065989847716,8490,28625,211,421,48,1629,18,442,26,18
"33","2020-04-14",210,1,114,650,3940,0.471065989847716,8490,28625,211,421,44,1673,21,463,24,21
"34","2020-04-15",199,1,106,658,3940,0.471065989847716,8490,28625,211,421,67,1740,11,474,34,11
"35","2020-04-16",205,1,95,658,3940,0.471065989847716,8490,28625,211,421,59,1799,7,481,22,7
"36","2020-04-17",229,1,83,660,3940,0.471065989847716,8490,28625,211,421,58,1857,10,491,29,10
"37","2020-04-18",214,1,83,637,3940,0.471065989847716,8490,28625,211,421,49,1906,11,502,27,11
"38","2020-04-19",213,1,96,637,3940,0.471065989847716,8490,28625,211,421,52,1958,17,519,24,17
"39","2020-04-20",218,1,93,646,3940,0.471065989847716,8490,28625,211,421,71,2029,12,531,31,12
"40","2020-04-21",215,1,96,648,3940,0.471065989847716,8490,28625,211,421,56,2085,19,550,27,19
"41","2020-04-22",211,1,94,663,3940,0.471065989847716,8490,28625,211,421,70,2155,19,569,30,19
"42","2020-04-23",206,1,106,650,3940,0.471065989847716,8490,28625,211,421,48,2203,24,593,18,24
"43","2020-04-24",215,1,111,635,3940,0.471065989847716,8490,28625,211,421,61,2264,23,616,28,23
"44","2020-04-25",227,1,109,626,3940,0.471065989847716,8490,28625,211,421,49,2313,11,627,24,11
"45","2020-04-26",202,1,85,620,3940,0.471065989847716,8490,28625,211,421,48,2361,4,631,30,4
"46","2020-04-27",193,1,80,611,3940,0.471065989847716,8490,28625,211,421,43,2404,9,640,23,9
"47","2020-04-28",203,1,97,609,3940,0.471065989847716,8490,28625,211,421,59,2463,20,660,26,20
"48","2020-04-29",205,1,98,580,3940,0.471065989847716,8490,28625,211,421,40,2503,19,679,18,19
"49","2020-04-30",206,1,101,582,3940,0.471065989847716,8490,28625,211,421,49,2552,17,696,21,17
"50","2020-05-01",229,1,101,571,3940,0.471065989847716,8490,28625,211,421,43,2595,15,711,23,15
"51","2020-05-02",235,1,99,551,3940,0.471065989847716,8490,28625,211,421,42,2637,22,733,22,22
"52","2020-05-03",224,1,102,550,3940,0.471065989847716,8490,28625,211,421,40,2677,13,746,17,13
"53","2020-05-04",222,1,91,548,3940,0.471065989847716,8490,28625,211,421,42,2719,9,755,18,9
"54","2020-05-05",200,1,108,532,3940,0.471065989847716,8490,28625,211,421,49,2768,27,782,19,27
"55","2020-05-06",188,1,119,520,3940,0.471065989847716,8490,28625,211,421,43,2811,21,803,27,21
"56","2020-05-07",183,1,126,505,3940,0.471065989847716,8490,28625,211,421,44,2855,27,830,25,27
"57","2020-05-08",163,1,135,507,3940,0.471065989847716,8490,28625,211,421,52,2907,24,854,21,24
"58","2020-05-09",162,1,122,505,3940,0.471065989847716,8490,28625,211,421,39,2946,18,872,20,18
"59","2020-05-10",169,1,127,508,3940,0.471065989847716,8490,28625,211,421,51,2997,21,893,26,21
"60","2020-05-11",166,1,120,508,3940,0.471065989847716,8490,28625,211,421,41,3038,21,914,20,21
"61","2020-05-12",162,1,116,501,3940,0.471065989847716,8490,28625,211,421,41,3079,13,927,21,13
"62","2020-05-13",168,1,102,504,3940,0.471065989847716,8490,28625,211,421,46,3125,5,932,26,5
"63","2020-05-14",167,1,92,507,3940,0.471065989847716,8490,28625,211,421,51,3176,14,946,29,14
"64","2020-05-15",195,1,102,496,3940,0.471065989847716,8490,28625,211,421,38,3214,15,961,15,15
"65","2020-05-16",207,1,101,484,3940,0.471065989847716,8490,28625,211,421,32,3246,13,974,15,13
"66","2020-05-17",179,1,89,488,3940,0.471065989847716,8490,28625,211,421,54,3300,7,981,34,7
"67","2020-05-18",166,1,83,480,3940,0.471065989847716,8490,28625,211,421,25,3325,16,997,15,16
"68","2020-05-19",167,1,79,466,3940,0.471065989847716,8490,28625,211,421,31,3356,9,1006,15,9
"69","2020-05-20",166,1,71,452,3940,0.471065989847716,8490,28625,211,421,27,3383,6,1012,9,6
"70","2020-05-21",169,1,73,443,3940,0.471065989847716,8490,28625,211,421,33,3416,9,1021,17,9
"71","2020-05-22",164,1,61,421,3940,0.471065989847716,8490,28625,211,421,30,3446,8,1029,19,8
"72","2020-05-23",161,1,58,403,3940,0.471065989847716,8490,28625,211,421,31,3477,5,1034,18,5
"73","2020-05-24",153,1,70,392,3940,0.471065989847716,8490,28625,211,421,26,3503,16,1050,16,16
"74","2020-05-25",152,1,71,381,3940,0.471065989847716,8490,28625,211,421,28,3531,13,1063,12,13
"75","2020-05-26",141,1,65,357,3940,0.471065989847716,8490,28625,211,421,22,3553,6,1069,11,6
"76","2020-05-27",140,1,63,344,3940,0.471065989847716,8490,28625,211,421,24,3577,10,1079,11,10
"77","2020-05-28",130,1,68,326,3940,0.471065989847716,8490,28625,211,421,21,3598,11,1090,12,11
"78","2020-05-29",125,1,66,295,3940,0.471065989847716,8490,28625,211,421,15,3613,12,1102,10,12
"79","2020-05-30",112,1,73,273,3940,0.471065989847716,8490,28625,211,421,16,3629,16,1118,4,16
"80","2020-05-31",100,1,77,250,3940,0.471065989847716,8490,28625,211,421,11,3640,13,1131,5,13
"81","2020-06-01",101,1,70,243,3940,0.471065989847716,8490,28625,211,421,23,3663,10,1141,12,10
"82","2020-06-02",99,1,69,237,3940,0.471065989847716,8490,28625,211,421,20,3683,12,1153,9,12
"83","2020-06-03",92,1,85,230,3940,0.471065989847716,8490,28625,211,421,13,3696,26,1179,4,26
"84","2020-06-04",83,1,85,215,3940,0.471065989847716,8490,28625,211,421,13,3709,16,1195,9,16
"85","2020-06-05",71,1,78,194,3940,0.471065989847716,8490,28625,211,421,13,3722,8,1203,5,8
"86","2020-06-06",66,1,78,186,3940,0.471065989847716,8490,28625,211,421,14,3736,13,1216,6,13
"87","2020-06-07",65,1,84,181,3940,0.471065989847716,8490,28625,211,421,12,3748,14,1230,7,14
"88","2020-03-08",1,2,0,0,4560,0.785526315789474,8430,31186,231,337,NA,NA,NA,NA,NA,NA
"89","2020-03-09",1,2,0,0,4560,0.785526315789474,8430,31186,231,337,NA,NA,NA,NA,NA,NA
"90","2020-03-10",0,2,0,0,4560,0.785526315789474,8430,31186,231,337,NA,NA,1,1,NA,1
"91","2020-03-11",0,2,0,0,4560,0.785526315789474,8430,31186,231,337,19,19,3,4,NA,3
"92","2020-03-12",0,2,0,0,4560,0.785526315789474,8430,31186,231,337,19,38,5,9,NA,5
"93","2020-03-13",1,2,22,37,4560,0.785526315789474,8430,31186,231,337,20,58,9,18,3,9
"94","2020-03-14",4,2,22,51,4560,0.785526315789474,8430,31186,231,337,15,73,4,22,4,4
"95","2020-03-15",9,2,27,72,4560,0.785526315789474,8430,31186,231,337,29,102,7,29,11,7
"96","2020-03-16",12,2,27,91,4560,0.785526315789474,8430,31186,231,337,30,132,11,40,11,11
"97","2020-03-17",13,2,30,111,4560,0.785526315789474,8430,31186,231,337,21,153,13,53,10,13
"98","2020-03-18",16,2,30,140,4560,0.785526315789474,8430,31186,231,337,25,178,7,60,10,7
"99","2020-03-19",23,2,36,170,4560,0.785526315789474,8430,31186,231,337,42,220,11,71,15,11
"100","2020-03-20",37,2,39,207,4560,0.785526315789474,8430,31186,231,337,35,255,19,90,17,19
"101","2020-03-21",61,2,34,229,4560,0.785526315789474,8430,31186,231,337,39,294,16,106,21,16
"102","2020-03-22",67,2,30,255,4560,0.785526315789474,8430,31186,231,337,49,343,15,121,23,15
"103","2020-03-23",63,2,37,295,4560,0.785526315789474,8430,31186,231,337,41,384,18,139,18,18
"104","2020-03-24",76,2,26,330,4560,0.785526315789474,8430,31186,231,337,37,421,7,146,22,7
"105","2020-03-25",80,2,25,358,4560,0.785526315789474,8430,31186,231,337,42,463,21,167,24,21
"106","2020-03-26",88,2,29,391,4560,0.785526315789474,8430,31186,231,337,47,510,13,180,31,13
"107","2020-03-27",109,2,37,425,4560,0.785526315789474,8430,31186,231,337,55,565,12,192,34,12
"108","2020-03-28",99,2,51,438,4560,0.785526315789474,8430,31186,231,337,66,631,17,209,31,17
"109","2020-03-29",124,2,49,461,4560,0.785526315789474,8430,31186,231,337,60,691,20,229,35,20
"110","2020-03-30",137,2,56,500,4560,0.785526315789474,8430,31186,231,337,72,763,16,245,53,16
"111","2020-03-31",136,2,59,545,4560,0.785526315789474,8430,31186,231,337,50,813,25,270,30,25
"112","2020-04-01",150,2,62,562,4560,0.785526315789474,8430,31186,231,337,59,872,30,300,43,30
"113","2020-04-02",155,2,70,586,4560,0.785526315789474,8430,31186,231,337,58,930,31,331,38,31
"114","2020-04-03",185,2,64,620,4560,0.785526315789474,8430,31186,231,337,79,1009,31,362,55,31
"115","2020-04-04",198,2,74,666,4560,0.785526315789474,8430,31186,231,337,67,1076,37,399,49,37
"116","2020-04-05",198,2,68,676,4560,0.785526315789474,8430,31186,231,337,74,1150,24,423,46,24
"117","2020-04-06",202,2,71,689,4560,0.785526315789474,8430,31186,231,337,67,1217,26,449,44,26
"118","2020-04-07",202,2,82,703,4560,0.785526315789474,8430,31186,231,337,74,1291,29,478,52,29
"119","2020-04-08",204,2,79,722,4560,0.785526315789474,8430,31186,231,337,70,1361,19,497,44,19
"120","2020-04-09",208,2,73,748,4560,0.785526315789474,8430,31186,231,337,81,1442,24,521,51,24
"121","2020-04-10",232,2,74,785,4560,0.785526315789474,8430,31186,231,337,69,1511,16,537,54,16
"122","2020-04-11",258,2,79,786,4560,0.785526315789474,8430,31186,231,337,74,1585,18,555,54,18
"123","2020-04-12",239,2,79,801,4560,0.785526315789474,8430,31186,231,337,70,1655,22,577,47,22
"124","2020-04-13",239,2,81,834,4560,0.785526315789474,8430,31186,231,337,71,1726,35,612,49,35
"125","2020-04-14",232,2,88,830,4560,0.785526315789474,8430,31186,231,337,73,1799,23,635,42,23
"126","2020-04-15",239,2,80,841,4560,0.785526315789474,8430,31186,231,337,77,1876,18,653,48,18
"127","2020-04-16",243,2,74,854,4560,0.785526315789474,8430,31186,231,337,58,1934,24,677,44,24
"128","2020-04-17",274,2,78,886,4560,0.785526315789474,8430,31186,231,337,59,1993,23,700,39,23
"129","2020-04-18",265,2,74,909,4560,0.785526315789474,8430,31186,231,337,64,2057,22,722,47,22
"130","2020-04-19",289,2,75,886,4560,0.785526315789474,8430,31186,231,337,78,2135,18,740,46,18
"131","2020-04-20",295,2,82,912,4560,0.785526315789474,8430,31186,231,337,66,2201,28,768,43,28
"132","2020-04-21",301,2,86,893,4560,0.785526315789474,8430,31186,231,337,71,2272,18,786,43,18
"133","2020-04-22",294,2,79,889,4560,0.785526315789474,8430,31186,231,337,53,2325,20,806,40,20
"134","2020-04-23",293,2,76,882,4560,0.785526315789474,8430,31186,231,337,41,2366,27,833,32,27
"135","2020-04-24",314,2,84,880,4560,0.785526315789474,8430,31186,231,337,57,2423,27,860,38,27
"136","2020-04-25",311,2,95,888,4560,0.785526315789474,8430,31186,231,337,52,2475,30,890,30,30
"137","2020-04-26",280,2,100,875,4560,0.785526315789474,8430,31186,231,337,54,2529,26,916,30,26
"138","2020-04-27",283,2,90,852,4560,0.785526315789474,8430,31186,231,337,49,2578,26,942,24,26
"139","2020-04-28",265,2,80,846,4560,0.785526315789474,8430,31186,231,337,55,2633,28,970,37,28
"140","2020-04-29",281,2,94,841,4560,0.785526315789474,8430,31186,231,337,48,2681,19,989,27,19
"141","2020-04-30",290,2,88,836,4560,0.785526315789474,8430,31186,231,337,60,2741,35,1024,29,35
"142","2020-05-01",277,2,95,819,4560,0.785526315789474,8430,31186,231,337,52,2793,19,1043,26,19
"143","2020-05-02",290,2,112,800,4560,0.785526315789474,8430,31186,231,337,44,2837,18,1061,27,18
"144","2020-05-03",278,2,109,796,4560,0.785526315789474,8430,31186,231,337,51,2888,15,1076,28,15
"145","2020-05-04",266,2,99,780,4560,0.785526315789474,8430,31186,231,337,39,2927,18,1094,25,18
"146","2020-05-05",266,2,95,758,4560,0.785526315789474,8430,31186,231,337,44,2971,12,1106,23,12
"147","2020-05-06",259,2,85,747,4560,0.785526315789474,8430,31186,231,337,45,3016,18,1124,32,18
"148","2020-05-07",249,2,102,708,4560,0.785526315789474,8430,31186,231,337,42,3058,13,1137,34,13
"149","2020-05-08",265,2,113,696,4560,0.785526315789474,8430,31186,231,337,47,3105,18,1155,27,18
"150","2020-05-09",279,2,133,668,4560,0.785526315789474,8430,31186,231,337,36,3141,13,1168,22,13
"151","2020-05-10",263,2,137,661,4560,0.785526315789474,8430,31186,231,337,37,3178,6,1174,19,6
"152","2020-05-11",237,2,128,649,4560,0.785526315789474,8430,31186,231,337,49,3227,9,1183,24,9
"153","2020-05-12",231,2,124,625,4560,0.785526315789474,8430,31186,231,337,37,3264,14,1197,26,14
"154","2020-05-13",219,2,115,603,4560,0.785526315789474,8430,31186,231,337,27,3291,21,1218,21,21
"155","2020-05-14",215,2,128,574,4560,0.785526315789474,8430,31186,231,337,25,3316,20,1238,17,20
"156","2020-05-15",212,2,121,566,4560,0.785526315789474,8430,31186,231,337,29,3345,14,1252,18,14
"157","2020-05-16",188,2,121,540,4560,0.785526315789474,8430,31186,231,337,28,3373,23,1275,17,23
"158","2020-05-17",184,2,111,497,4560,0.785526315789474,8430,31186,231,337,32,3405,28,1303,15,28
"159","2020-05-18",191,2,106,465,4560,0.785526315789474,8430,31186,231,337,29,3434,23,1326,18,23
"160","2020-05-19",181,2,97,447,4560,0.785526315789474,8430,31186,231,337,21,3455,16,1342,7,16
"161","2020-05-20",176,2,107,426,4560,0.785526315789474,8430,31186,231,337,23,3478,19,1361,11,19
"162","2020-05-21",166,2,99,419,4560,0.785526315789474,8430,31186,231,337,25,3503,16,1377,12,16
"163","2020-05-22",157,2,80,408,4560,0.785526315789474,8430,31186,231,337,20,3523,22,1399,13,22
"164","2020-05-23",167,2,80,394,4560,0.785526315789474,8430,31186,231,337,25,3548,24,1423,8,24
"165","2020-05-24",145,2,90,385,4560,0.785526315789474,8430,31186,231,337,18,3566,22,1445,9,22
"166","2020-05-25",139,2,80,364,4560,0.785526315789474,8430,31186,231,337,22,3588,24,1469,12,24
"167","2020-05-26",129,2,70,350,4560,0.785526315789474,8430,31186,231,337,17,3605,17,1486,11,17
"168","2020-05-27",125,2,65,334,4560,0.785526315789474,8430,31186,231,337,19,3624,21,1507,10,21
"169","2020-05-28",128,2,54,318,4560,0.785526315789474,8430,31186,231,337,21,3645,17,1524,12,17
"170","2020-05-29",126,2,51,301,4560,0.785526315789474,8430,31186,231,337,19,3664,23,1547,8,23
"171","2020-05-30",110,2,45,286,4560,0.785526315789474,8430,31186,231,337,18,3682,20,1567,11,20
"172","2020-05-31",99,2,39,278,4560,0.785526315789474,8430,31186,231,337,14,3696,19,1586,13,19
"173","2020-06-01",91,2,40,264,4560,0.785526315789474,8430,31186,231,337,22,3718,23,1609,11,23
"174","2020-06-02",91,2,44,253,4560,0.785526315789474,8430,31186,231,337,10,3728,25,1634,8,25
"175","2020-06-03",90,2,43,234,4560,0.785526315789474,8430,31186,231,337,8,3736,26,1660,4,26
"176","2020-06-04",84,2,47,218,4560,0.785526315789474,8430,31186,231,337,8,3744,13,1673,NA,13
"177","2020-06-05",76,2,49,208,4560,0.785526315789474,8430,31186,231,337,11,3755,12,1685,4,12
"178","2020-06-06",83,2,45,188,4560,0.785526315789474,8430,31186,231,337,12,3767,12,1697,8,12
"179","2020-06-07",82,2,41,178,4560,0.785526315789474,8430,31186,231,337,11,3778,20,1717,4,20
"180","2020-03-13",2,3,52,60,4808,0.64891846921797,8310,31872,219,858,13,19,8,15,5,8
"181","2020-03-14",6,3,70,84,4808,0.64891846921797,8310,31872,219,858,9,28,6,21,5,6
"182","2020-03-15",9,3,94,112,4808,0.64891846921797,8310,31872,219,858,12,40,13,34,8,13
"183","2020-03-16",12,3,117,146,4808,0.64891846921797,8310,31872,219,858,18,58,11,45,16,11
"184","2020-03-17",17,3,147,185,4808,0.64891846921797,8310,31872,219,858,23,81,11,56,13,11
"185","2020-03-18",21,3,178,228,4808,0.64891846921797,8310,31872,219,858,12,93,16,72,8,16
"186","2020-03-19",25,3,187,258,4808,0.64891846921797,8310,31872,219,858,32,125,7,79,24,7
"187","2020-03-20",37,3,181,294,4808,0.64891846921797,8310,31872,219,858,24,149,12,91,20,12
"188","2020-03-21",81,3,181,337,4808,0.64891846921797,8310,31872,219,858,23,172,17,108,17,17
"189","2020-03-22",92,3,186,381,4808,0.64891846921797,8310,31872,219,858,39,211,21,129,34,21
"190","2020-03-23",100,3,186,423,4808,0.64891846921797,8310,31872,219,858,29,240,20,149,25,20
"191","2020-03-24",113,3,192,452,4808,0.64891846921797,8310,31872,219,858,38,278,12,161,32,12
"192","2020-03-25",125,3,206,497,4808,0.64891846921797,8310,31872,219,858,39,317,15,176,25,15
"193","2020-03-26",144,3,193,530,4808,0.64891846921797,8310,31872,219,858,38,355,10,186,33,10
"194","2020-03-27",174,3,172,564,4808,0.64891846921797,8310,31872,219,858,47,402,10,196,37,10
"195","2020-03-28",163,3,166,578,4808,0.64891846921797,8310,31872,219,858,40,442,9,205,37,9
"196","2020-03-29",180,3,164,613,4808,0.64891846921797,8310,31872,219,858,43,485,11,216,36,11
"197","2020-03-30",176,3,176,634,4808,0.64891846921797,8310,31872,219,858,78,563,12,228,68,12
"198","2020-03-31",168,3,188,649,4808,0.64891846921797,8310,31872,219,858,52,615,23,251,45,23
"199","2020-04-01",177,3,203,667,4808,0.64891846921797,8310,31872,219,858,82,697,16,267,70,16
"200","2020-04-02",175,3,204,725,4808,0.64891846921797,8310,31872,219,858,55,752,30,297,51,30
"201","2020-04-03",190,3,191,744,4808,0.64891846921797,8310,31872,219,858,87,839,23,320,83,23
"202","2020-04-04",235,3,220,780,4808,0.64891846921797,8310,31872,219,858,80,919,34,354,73,34
"203","2020-04-05",238,3,231,811,4808,0.64891846921797,8310,31872,219,858,75,994,34,388,67,34
"204","2020-04-06",236,3,250,839,4808,0.64891846921797,8310,31872,219,858,94,1088,24,412,85,24
"205","2020-04-07",237,3,261,864,4808,0.64891846921797,8310,31872,219,858,100,1188,18,430,97,18
"206","2020-04-08",245,3,265,887,4808,0.64891846921797,8310,31872,219,858,87,1275,14,444,84,14
"207","2020-04-09",252,3,269,924,4808,0.64891846921797,8310,31872,219,858,111,1386,23,467,102,23
"208","2020-04-10",305,3,258,930,4808,0.64891846921797,8310,31872,219,858,101,1487,24,491,95,24
"209","2020-04-11",301,3,237,933,4808,0.64891846921797,8310,31872,219,858,106,1593,15,506,100,15
"210","2020-04-12",301,3,237,929,4808,0.64891846921797,8310,31872,219,858,108,1701,18,524,101,18
"211","2020-04-13",296,3,212,925,4808,0.64891846921797,8310,31872,219,858,146,1847,12,536,140,12
"212","2020-04-14",295,3,213,938,4808,0.64891846921797,8310,31872,219,858,123,1970,24,560,120,24
"213","2020-04-15",292,3,237,933,4808,0.64891846921797,8310,31872,219,858,127,2097,26,586,123,26
"214","2020-04-16",308,3,231,917,4808,0.64891846921797,8310,31872,219,858,121,2218,27,613,116,27
"215","2020-04-17",329,3,230,912,4808,0.64891846921797,8310,31872,219,858,129,2347,31,644,123,31
"216","2020-04-18",330,3,242,894,4808,0.64891846921797,8310,31872,219,858,126,2473,26,670,115,26
"217","2020-04-19",296,3,260,884,4808,0.64891846921797,8310,31872,219,858,130,2603,47,717,123,47
"218","2020-04-20",286,3,242,880,4808,0.64891846921797,8310,31872,219,858,139,2742,44,761,132,44
"219","2020-04-21",295,3,250,871,4808,0.64891846921797,8310,31872,219,858,170,2912,51,812,158,51
"220","2020-04-22",305,3,276,841,4808,0.64891846921797,8310,31872,219,858,98,3010,45,857,84,45
"221","2020-04-23",297,3,294,820,4808,0.64891846921797,8310,31872,219,858,124,3134,45,902,121,45
"222","2020-04-24",314,3,295,832,4808,0.64891846921797,8310,31872,219,858,103,3237,25,927,97,25
"223","2020-04-25",298,3,269,815,4808,0.64891846921797,8310,31872,219,858,107,3344,21,948,103,21
"224","2020-04-26",288,3,268,817,4808,0.64891846921797,8310,31872,219,858,113,3457,35,983,104,35
"225","2020-04-27",299,3,261,800,4808,0.64891846921797,8310,31872,219,858,113,3570,30,1013,102,30
"226","2020-04-28",271,3,267,778,4808,0.64891846921797,8310,31872,219,858,111,3681,24,1037,109,24
"227","2020-04-29",255,3,260,765,4808,0.64891846921797,8310,31872,219,858,142,3823,16,1053,132,16
"228","2020-04-30",254,3,241,740,4808,0.64891846921797,8310,31872,219,858,95,3918,17,1070,88,17
"229","2020-05-01",260,3,224,704,4808,0.64891846921797,8310,31872,219,858,97,4015,23,1093,93,23
"230","2020-05-02",266,3,240,683,4808,0.64891846921797,8310,31872,219,858,83,4098,44,1137,79,44
"231","2020-05-03",246,3,266,675,4808,0.64891846921797,8310,31872,219,858,83,4181,33,1170,81,33
"232","2020-05-04",226,3,265,660,4808,0.64891846921797,8310,31872,219,858,84,4265,23,1193,80,23
"233","2020-05-05",225,3,258,651,4808,0.64891846921797,8310,31872,219,858,88,4353,30,1223,83,30
"234","2020-05-06",223,3,269,635,4808,0.64891846921797,8310,31872,219,858,66,4419,40,1263,64,40
"235","2020-05-07",205,3,295,626,4808,0.64891846921797,8310,31872,219,858,63,4482,20,1283,56,20
"236","2020-05-08",209,3,297,619,4808,0.64891846921797,8310,31872,219,858,44,4526,26,1309,44,26
"237","2020-05-09",200,3,298,590,4808,0.64891846921797,8310,31872,219,858,55,4581,36,1345,50,36
"238","2020-05-10",201,3,289,579,4808,0.64891846921797,8310,31872,219,858,50,4631,30,1375,48,30
"239","2020-05-11",202,3,284,549,4808,0.64891846921797,8310,31872,219,858,40,4671,32,1407,38,32
"240","2020-05-12",193,3,268,555,4808,0.64891846921797,8310,31872,219,858,34,4705,19,1426,32,19
"241","2020-05-13",186,3,254,534,4808,0.64891846921797,8310,31872,219,858,37,4742,8,1434,35,8
"242","2020-05-14",189,3,240,505,4808,0.64891846921797,8310,31872,219,858,34,4776,17,1451,33,17
"243","2020-05-15",179,3,229,507,4808,0.64891846921797,8310,31872,219,858,38,4814,25,1476,35,25
"244","2020-05-16",176,3,219,476,4808,0.64891846921797,8310,31872,219,858,30,4844,18,1494,27,18
"245","2020-05-17",165,3,241,450,4808,0.64891846921797,8310,31872,219,858,30,4874,22,1516,25,22
"246","2020-05-18",160,3,257,458,4808,0.64891846921797,8310,31872,219,858,36,4910,20,1536,34,20
"247","2020-05-19",156,3,260,459,4808,0.64891846921797,8310,31872,219,858,23,4933,8,1544,21,8
"248","2020-05-20",160,3,255,438,4808,0.64891846921797,8310,31872,219,858,21,4954,34,1578,19,34
"249","2020-05-21",152,3,273,416,4808,0.64891846921797,8310,31872,219,858,16,4970,22,1600,13,22
"250","2020-05-22",159,3,272,403,4808,0.64891846921797,8310,31872,219,858,25,4995,29,1629,20,29
"251","2020-05-23",158,3,268,382,4808,0.64891846921797,8310,31872,219,858,15,5010,33,1662,13,33
"252","2020-05-24",145,3,241,371,4808,0.64891846921797,8310,31872,219,858,24,5034,17,1679,21,17
"253","2020-05-25",141,3,245,357,4808,0.64891846921797,8310,31872,219,858,19,5053,30,1709,17,30
"254","2020-05-26",138,3,275,353,4808,0.64891846921797,8310,31872,219,858,16,5069,29,1738,15,29
"255","2020-05-27",129,3,274,337,4808,0.64891846921797,8310,31872,219,858,17,5086,23,1761,17,23
"256","2020-05-28",130,3,296,320,4808,0.64891846921797,8310,31872,219,858,18,5104,23,1784,15,23
"257","2020-05-29",110,3,281,314,4808,0.64891846921797,8310,31872,219,858,14,5118,28,1812,11,28
"258","2020-05-30",118,3,284,312,4808,0.64891846921797,8310,31872,219,858,11,5129,28,1840,10,28
"259","2020-05-31",100,3,276,287,4808,0.64891846921797,8310,31872,219,858,20,5149,30,1870,16,30
"260","2020-06-01",92,3,267,285,4808,0.64891846921797,8310,31872,219,858,24,5173,37,1907,24,37
"261","2020-06-02",85,3,258,267,4808,0.64891846921797,8310,31872,219,858,16,5189,33,1940,14,33
"262","2020-06-03",87,3,242,249,4808,0.64891846921797,8310,31872,219,858,12,5201,25,1965,9,25
"263","2020-06-04",85,3,254,251,4808,0.64891846921797,8310,31872,219,858,17,5218,24,1989,15,24
"264","2020-06-05",86,3,236,243,4808,0.64891846921797,8310,31872,219,858,11,5229,24,2013,10,24
"265","2020-06-06",82,3,238,241,4808,0.64891846921797,8310,31872,219,858,11,5240,18,2031,10,18
"266","2020-06-07",87,3,240,232,4808,0.64891846921797,8310,31872,219,858,12,5252,25,2056,11,25
"267","2020-03-13",1,4,23,24,4121,0.801261829652997,8355,28760,249,391,32,74,32,57,8,32
"268","2020-03-14",4,4,30,34,4121,0.801261829652997,8355,28760,249,391,43,117,20,77,14,20
"269","2020-03-15",7,4,33,47,4121,0.801261829652997,8355,28760,249,391,40,157,23,100,28,23
"270","2020-03-16",7,4,30,58,4121,0.801261829652997,8355,28760,249,391,53,210,5,105,32,5
"271","2020-03-17",9,4,28,80,4121,0.801261829652997,8355,28760,249,391,53,263,28,133,32,28
"272","2020-03-18",9,4,30,101,4121,0.801261829652997,8355,28760,249,391,49,312,15,148,32,15
"273","2020-03-19",13,4,43,122,4121,0.801261829652997,8355,28760,249,391,52,364,13,161,33,13
"274","2020-03-20",23,4,39,143,4121,0.801261829652997,8355,28760,249,391,57,421,7,168,41,7
"275","2020-03-21",36,4,47,157,4121,0.801261829652997,8355,28760,249,391,47,468,4,172,31,4
"276","2020-03-22",41,4,49,183,4121,0.801261829652997,8355,28760,249,391,53,521,7,179,31,7
"277","2020-03-23",44,4,55,209,4121,0.801261829652997,8355,28760,249,391,57,578,35,214,41,35
"278","2020-03-24",47,4,59,248,4121,0.801261829652997,8355,28760,249,391,74,652,13,227,49,13
"279","2020-03-25",55,4,66,271,4121,0.801261829652997,8355,28760,249,391,57,709,6,233,37,6
"280","2020-03-26",59,4,54,307,4121,0.801261829652997,8355,28760,249,391,66,775,17,250,40,17
"281","2020-03-27",77,4,72,349,4121,0.801261829652997,8355,28760,249,391,57,832,20,270,37,20
"282","2020-03-28",113,4,89,362,4121,0.801261829652997,8355,28760,249,391,67,899,41,311,45,42
"283","2020-03-29",116,4,92,395,4121,0.801261829652997,8355,28760,249,391,81,980,59,370,49,59
"284","2020-03-30",115,4,102,424,4121,0.801261829652997,8355,28760,249,391,70,1050,53,423,55,53
"285","2020-03-31",121,4,117,457,4121,0.801261829652997,8355,28760,249,391,62,1112,42,465,44,42
"286","2020-04-01",127,4,114,469,4121,0.801261829652997,8355,28760,249,391,57,1169,26,491,41,26
"287","2020-04-02",136,4,91,514,4121,0.801261829652997,8355,28760,249,391,84,1253,39,530,65,39
"288","2020-04-03",151,4,86,538,4121,0.801261829652997,8355,28760,249,391,81,1334,45,575,51,45
"289","2020-04-04",148,4,95,553,4121,0.801261829652997,8355,28760,249,391,78,1412,34,609,56,34
"290","2020-04-05",162,4,84,570,4121,0.801261829652997,8355,28760,249,391,59,1471,19,628,36,19
"291","2020-04-06",158,4,87,601,4121,0.801261829652997,8355,28760,249,391,61,1532,46,674,38,46
"292","2020-04-07",167,4,100,646,4121,0.801261829652997,8355,28760,249,391,69,1601,59,733,42,59
"293","2020-04-08",171,4,116,678,4121,0.801261829652997,8355,28760,249,391,94,1695,38,771,65,38
"294","2020-04-09",187,4,139,746,4121,0.801261829652997,8355,28760,249,391,62,1757,53,824,42,53
"295","2020-04-10",228,4,130,771,4121,0.801261829652997,8355,28760,249,391,87,1844,39,863,61,39
"296","2020-04-11",237,4,119,784,4121,0.801261829652997,8355,28760,249,391,74,1918,20,883,46,20
"297","2020-04-12",253,4,106,801,4121,0.801261829652997,8355,28760,249,391,84,2002,24,907,56,24
"298","2020-04-13",272,4,110,826,4121,0.801261829652997,8355,28760,249,391,91,2093,16,923,60,16
"299","2020-04-14",265,4,102,848,4121,0.801261829652997,8355,28760,249,391,64,2157,46,969,44,46
"300","2020-04-15",269,4,94,842,4121,0.801261829652997,8355,28760,249,391,68,2225,73,1042,39,73
"301","2020-04-16",273,4,77,861,4121,0.801261829652997,8355,28760,249,391,77,2302,53,1095,54,53
"302","2020-04-17",309,4,82,889,4121,0.801261829652997,8355,28760,249,391,68,2370,64,1159,44,64
"303","2020-04-18",340,4,83,871,4121,0.801261829652997,8355,28760,249,391,81,2451,53,1212,53,53
"304","2020-04-19",299,4,88,868,4121,0.801261829652997,8355,28760,249,391,71,2522,43,1255,52,43
"305","2020-04-20",281,4,86,866,4121,0.801261829652997,8355,28760,249,391,78,2600,60,1315,54,60
"306","2020-04-21",278,4,99,871,4121,0.801261829652997,8355,28760,249,391,65,2665,22,1337,40,22
"307","2020-04-22",284,4,122,846,4121,0.801261829652997,8355,28760,249,391,79,2744,35,1372,51,35
"308","2020-04-23",286,4,129,849,4121,0.801261829652997,8355,28760,249,391,72,2816,60,1432,51,60
"309","2020-04-24",285,4,129,859,4121,0.801261829652997,8355,28760,249,391,55,2871,54,1486,28,54
"310","2020-04-25",259,4,122,848,4121,0.801261829652997,8355,28760,249,391,56,2927,24,1510,32,24
"311","2020-04-26",271,4,128,832,4121,0.801261829652997,8355,28760,249,391,62,2989,20,1530,40,20
"312","2020-04-27",271,4,122,805,4121,0.801261829652997,8355,28760,249,391,60,3049,17,1547,41,17
"313","2020-04-28",282,4,127,791,4121,0.801261829652997,8355,28760,249,391,57,3106,20,1567,34,20
"314","2020-04-29",286,4,128,778,4121,0.801261829652997,8355,28760,249,391,49,3155,45,1612,33,45
"315","2020-04-30",270,4,145,756,4121,0.801261829652997,8355,28760,249,391,53,3208,24,1636,40,24
"316","2020-05-01",263,4,139,710,4121,0.801261829652997,8355,28760,249,391,50,3258,30,1666,29,30
"317","2020-05-02",287,4,136,698,4121,0.801261829652997,8355,28760,249,391,57,3315,14,1680,29,14
"318","2020-05-03",257,4,136,691,4121,0.801261829652997,8355,28760,249,391,46,3361,52,1732,27,52
"319","2020-05-04",242,4,130,669,4121,0.801261829652997,8355,28760,249,391,45,3406,47,1779,21,47
"320","2020-05-05",227,4,132,651,4121,0.801261829652997,8355,28760,249,391,48,3454,28,1807,31,28
"321","2020-05-06",223,4,117,622,4121,0.801261829652997,8355,28760,249,391,52,3506,65,1872,29,65
"322","2020-05-07",232,4,115,610,4121,0.801261829652997,8355,28760,249,391,49,3555,41,1913,32,41
"323","2020-05-08",228,4,132,580,4121,0.801261829652997,8355,28760,249,391,50,3605,28,1941,33,28
"324","2020-05-09",213,4,135,586,4121,0.801261829652997,8355,28760,249,391,47,3652,47,1988,25,47
"325","2020-05-10",200,4,126,563,4121,0.801261829652997,8355,28760,249,391,34,3686,15,2003,19,15
"326","2020-05-11",190,4,110,534,4121,0.801261829652997,8355,28760,249,391,44,3730,23,2026,28,23
"327","2020-05-12",180,4,113,518,4121,0.801261829652997,8355,28760,249,391,28,3758,17,2043,10,17
"328","2020-05-13",172,4,102,503,4121,0.801261829652997,8355,28760,249,391,36,3794,31,2074,21,31
"329","2020-05-14",163,4,99,498,4121,0.801261829652997,8355,28760,249,391,34,3828,49,2123,22,49
"330","2020-05-15",185,4,113,467,4121,0.801261829652997,8355,28760,249,391,18,3846,23,2146,11,23
"331","2020-05-16",190,4,112,455,4121,0.801261829652997,8355,28760,249,391,30,3876,26,2172,14,26
"332","2020-05-17",184,4,112,447,4121,0.801261829652997,8355,28760,249,391,38,3914,45,2217,22,45
"333","2020-05-18",184,4,114,432,4121,0.801261829652997,8355,28760,249,391,28,3942,32,2249,13,32
"334","2020-05-19",178,4,130,429,4121,0.801261829652997,8355,28760,249,391,23,3965,51,2300,13,51
"335","2020-05-20",174,4,129,431,4121,0.801261829652997,8355,28760,249,391,18,3983,51,2351,13,51
"336","2020-05-21",164,4,129,417,4121,0.801261829652997,8355,28760,249,391,31,4014,24,2375,14,24
"337","2020-05-22",161,4,118,399,4121,0.801261829652997,8355,28760,249,391,42,4056,33,2408,28,33
"338","2020-05-23",148,4,100,387,4121,0.801261829652997,8355,28760,249,391,28,4084,27,2435,18,27
"339","2020-05-24",142,4,96,374,4121,0.801261829652997,8355,28760,249,391,24,4108,42,2477,10,42
"340","2020-05-25",126,4,84,363,4121,0.801261829652997,8355,28760,249,391,31,4139,46,2523,23,46
"341","2020-05-26",122,4,79,340,4121,0.801261829652997,8355,28760,249,391,34,4173,22,2545,18,22
"342","2020-05-27",119,4,83,310,4121,0.801261829652997,8355,28760,249,391,33,4206,15,2560,24,15
"343","2020-05-28",120,4,90,294,4121,0.801261829652997,8355,28760,249,391,17,4223,36,2596,11,36
"344","2020-05-29",124,4,92,273,4121,0.801261829652997,8355,28760,249,391,22,4245,21,2617,13,21
"345","2020-05-30",113,4,85,259,4121,0.801261829652997,8355,28760,249,391,19,4264,24,2641,11,24
"346","2020-05-31",91,4,90,251,4121,0.801261829652997,8355,28760,249,391,25,4289,17,2658,13,17
"347","2020-06-01",92,4,97,248,4121,0.801261829652997,8355,28760,249,391,30,4319,14,2672,17,14
"348","2020-06-02",84,4,90,236,4121,0.801261829652997,8355,28760,249,391,18,4337,33,2705,10,33
"349","2020-06-03",82,4,86,216,4121,0.801261829652997,8355,28760,249,391,19,4356,31,2736,12,31
"350","2020-06-04",78,4,84,205,4121,0.801261829652997,8355,28760,249,391,14,4370,30,2766,12,30
"351","2020-06-05",67,4,90,196,4121,0.801261829652997,8355,28760,249,391,11,4381,32,2798,9,32
"352","2020-06-06",66,4,75,189,4121,0.801261829652997,8355,28760,249,391,12,4393,22,2820,9,22
"353","2020-06-07",67,4,73,176,4121,0.801261829652997,8355,28760,249,391,14,4407,24,2844,10,24
"354","2020-03-13",1,5,25,47,4503,0.745725072174106,8355,30360,239,335,5,22,10,28,NA,10
"355","2020-03-14",2,5,22,58,4503,0.745725072174106,8355,30360,239,335,8,30,7,35,4,7
"356","2020-03-15",8,5,33,78,4503,0.745725072174106,8355,30360,239,335,13,43,17,52,7,17
"357","2020-03-16",12,5,30,99,4503,0.745725072174106,8355,30360,239,335,12,55,7,59,9,7
"358","2020-03-17",17,5,32,126,4503,0.745725072174106,8355,30360,239,335,18,73,9,68,13,9
"359","2020-03-18",27,5,33,159,4503,0.745725072174106,8355,30360,239,335,17,90,15,83,10,15
"360","2020-03-19",31,5,37,180,4503,0.745725072174106,8355,30360,239,335,24,114,18,101,14,18
"361","2020-03-20",39,5,35,199,4503,0.745725072174106,8355,30360,239,335,40,154,15,116,28,15
"362","2020-03-21",54,5,30,222,4503,0.745725072174106,8355,30360,239,335,31,185,17,133,26,17
"363","2020-03-22",59,5,28,242,4503,0.745725072174106,8355,30360,239,335,30,215,10,143,26,10
"364","2020-03-23",55,5,33,269,4503,0.745725072174106,8355,30360,239,335,34,249,11,154,23,11
"365","2020-03-24",60,5,40,288,4503,0.745725072174106,8355,30360,239,335,40,289,15,169,38,15
"366","2020-03-25",58,5,48,308,4503,0.745725072174106,8355,30360,239,335,47,336,17,186,34,17
"367","2020-03-26",58,5,47,317,4503,0.745725072174106,8355,30360,239,335,46,382,14,200,41,14
"368","2020-03-27",77,5,57,357,4503,0.745725072174106,8355,30360,239,335,52,434,6,206,48,6
"369","2020-03-28",84,5,52,393,4503,0.745725072174106,8355,30360,239,335,57,491,10,216,50,10
"370","2020-03-29",103,5,44,409,4503,0.745725072174106,8355,30360,239,335,64,555,18,234,55,18
"371","2020-03-30",109,5,44,421,4503,0.745725072174106,8355,30360,239,335,72,627,10,244,66,10
"372","2020-03-31",111,5,43,439,4503,0.745725072174106,8355,30360,239,335,89,716,7,251,80,7
"373","2020-04-01",114,5,46,455,4503,0.745725072174106,8355,30360,239,335,82,798,14,265,74,14
"374","2020-04-02",129,5,53,478,4503,0.745725072174106,8355,30360,239,335,83,881,14,279,75,14
"375","2020-04-03",145,5,66,509,4503,0.745725072174106,8355,30360,239,335,92,973,23,302,86,23
"376","2020-04-04",166,5,73,533,4503,0.745725072174106,8355,30360,239,335,83,1056,19,321,77,19
"377","2020-04-05",167,5,76,564,4503,0.745725072174106,8355,30360,239,335,110,1166,30,351,101,30
"378","2020-04-06",163,5,72,578,4503,0.745725072174106,8355,30360,239,335,102,1268,26,377,98,26
"379","2020-04-07",165,5,72,606,4503,0.745725072174106,8355,30360,239,335,107,1375,20,397,103,20
"380","2020-04-08",171,5,81,636,4503,0.745725072174106,8355,30360,239,335,93,1468,24,421,87,24
"381","2020-04-09",183,5,89,685,4503,0.745725072174106,8355,30360,239,335,117,1585,36,457,111,36
"382","2020-04-10",218,5,98,693,4503,0.745725072174106,8355,30360,239,335,156,1741,29,486,144,29
"383","2020-04-11",222,5,102,724,4503,0.745725072174106,8355,30360,239,335,132,1873,46,532,122,46
"384","2020-04-12",226,5,107,757,4503,0.745725072174106,8355,30360,239,335,140,2013,21,553,137,21
"385","2020-04-13",235,5,117,776,4503,0.745725072174106,8355,30360,239,335,161,2174,34,587,155,34
"386","2020-04-14",228,5,120,789,4503,0.745725072174106,8355,30360,239,335,129,2303,32,619,121,32
"387","2020-04-15",242,5,126,835,4503,0.745725072174106,8355,30360,239,335,188,2491,24,643,178,24
"388","2020-04-16",245,5,124,840,4503,0.745725072174106,8355,30360,239,335,173,2664,37,680,169,37
"389","2020-04-17",271,5,114,870,4503,0.745725072174106,8355,30360,239,335,159,2823,53,733,156,53
"390","2020-04-18",278,5,108,892,4503,0.745725072174106,8355,30360,239,335,158,2981,38,771,150,38
"391","2020-04-19",270,5,108,901,4503,0.745725072174106,8355,30360,239,335,139,3120,41,812,135,41
"392","2020-04-20",283,5,117,904,4503,0.745725072174106,8355,30360,239,335,126,3246,31,843,116,31
"393","2020-04-21",286,5,110,924,4503,0.745725072174106,8355,30360,239,335,150,3396,29,872,140,29
"394","2020-04-22",294,5,103,916,4503,0.745725072174106,8355,30360,239,335,127,3523,24,896,119,24
"395","2020-04-23",296,5,96,921,4503,0.745725072174106,8355,30360,239,335,158,3681,24,920,155,24
"396","2020-04-24",320,5,91,912,4503,0.745725072174106,8355,30360,239,335,135,3816,50,970,125,50
"397","2020-04-25",329,5,88,905,4503,0.745725072174106,8355,30360,239,335,116,3932,27,997,115,27
"398","2020-04-26",326,5,92,887,4503,0.745725072174106,8355,30360,239,335,134,4066,50,1047,127,50
"399","2020-04-27",309,5,97,886,4503,0.745725072174106,8355,30360,239,335,100,4166,55,1102,91,55
"400","2020-04-28",300,5,103,884,4503,0.745725072174106,8355,30360,239,335,110,4276,50,1152,108,50
"401","2020-04-29",288,5,116,889,4503,0.745725072174106,8355,30360,239,335,108,4384,43,1195,104,43
"402","2020-04-30",286,5,121,851,4503,0.745725072174106,8355,30360,239,335,90,4474,46,1241,83,46
"403","2020-05-01",279,5,111,856,4503,0.745725072174106,8355,30360,239,335,106,4580,32,1273,104,32
"404","2020-05-02",263,5,107,822,4503,0.745725072174106,8355,30360,239,335,65,4645,28,1301,55,28
"405","2020-05-03",278,5,113,795,4503,0.745725072174106,8355,30360,239,335,75,4720,39,1340,70,39
"406","2020-05-04",285,5,123,784,4503,0.745725072174106,8355,30360,239,335,76,4796,17,1357,71,17
"407","2020-05-05",264,5,123,778,4503,0.745725072174106,8355,30360,239,335,68,4864,20,1377,64,20
"408","2020-05-06",273,5,117,748,4503,0.745725072174106,8355,30360,239,335,61,4925,15,1392,60,15
"409","2020-05-07",270,5,110,721,4503,0.745725072174106,8355,30360,239,335,49,4974,13,1405,45,13
"410","2020-05-08",285,5,102,704,4503,0.745725072174106,8355,30360,239,335,52,5026,21,1426,50,21
"411","2020-05-09",282,5,85,697,4503,0.745725072174106,8355,30360,239,335,38,5064,20,1446,35,20
"412","2020-05-10",239,5,74,677,4503,0.745725072174106,8355,30360,239,335,38,5102,18,1464,36,18
"413","2020-05-11",227,5,66,664,4503,0.745725072174106,8355,30360,239,335,33,5135,34,1498,31,34
"414","2020-05-12",229,5,76,645,4503,0.745725072174106,8355,30360,239,335,33,5168,33,1531,29,33
"415","2020-05-13",219,5,76,623,4503,0.745725072174106,8355,30360,239,335,28,5196,27,1558,25,27
"416","2020-05-14",209,5,71,597,4503,0.745725072174106,8355,30360,239,335,32,5228,24,1582,29,24
"417","2020-05-15",195,5,66,574,4503,0.745725072174106,8355,30360,239,335,25,5253,35,1617,18,35
"418","2020-05-16",199,5,65,536,4503,0.745725072174106,8355,30360,239,335,24,5277,21,1638,20,21
"419","2020-05-17",180,5,80,518,4503,0.745725072174106,8355,30360,239,335,20,5297,26,1664,16,26
"420","2020-05-18",171,5,86,495,4503,0.745725072174106,8355,30360,239,335,16,5313,8,1672,15,8
"421","2020-05-19",167,5,83,460,4503,0.745725072174106,8355,30360,239,335,13,5326,12,1684,10,12
"422","2020-05-20",164,5,76,462,4503,0.745725072174106,8355,30360,239,335,14,5340,6,1690,10,6
"423","2020-05-21",158,5,77,444,4503,0.745725072174106,8355,30360,239,335,15,5355,10,1700,13,10
"424","2020-05-22",159,5,81,419,4503,0.745725072174106,8355,30360,239,335,17,5372,1,1701,15,1
"425","2020-05-23",158,5,79,399,4503,0.745725072174106,8355,30360,239,335,12,5384,5,1706,9,5
"426","2020-05-24",145,5,74,385,4503,0.745725072174106,8355,30360,239,335,8,5392,10,1716,8,10
"427","2020-05-25",136,5,74,366,4503,0.745725072174106,8355,30360,239,335,14,5406,5,1721,9,5
"428","2020-05-26",129,5,67,354,4503,0.745725072174106,8355,30360,239,335,11,5417,18,1739,10,18
"429","2020-05-27",127,5,76,362,4503,0.745725072174106,8355,30360,239,335,6,5423,18,1757,4,18
"430","2020-05-28",127,5,82,368,4503,0.745725072174106,8355,30360,239,335,15,5438,23,1780,11,23
"431","2020-05-29",118,5,81,346,4503,0.745725072174106,8355,30360,239,335,13,5451,20,1800,9,20
"432","2020-05-30",115,5,82,331,4503,0.745725072174106,8355,30360,239,335,10,5461,11,1811,8,11
"433","2020-05-31",129,5,79,320,4503,0.745725072174106,8355,30360,239,335,12,5473,14,1825,9,14
"434","2020-06-01",133,5,70,298,4503,0.745725072174106,8355,30360,239,335,7,5480,16,1841,6,16
"435","2020-06-02",122,5,66,296,4503,0.745725072174106,8355,30360,239,335,9,5489,22,1863,7,22
"436","2020-06-03",118,5,69,277,4503,0.745725072174106,8355,30360,239,335,11,5500,23,1886,10,23
"437","2020-06-04",106,5,70,248,4503,0.745725072174106,8355,30360,239,335,3,5503,33,1919,3,33
"438","2020-06-05",111,5,62,236,4503,0.745725072174106,8355,30360,239,335,10,5513,18,1937,6,18
"439","2020-06-06",107,5,52,224,4503,0.745725072174106,8355,30360,239,335,5,5518,25,1962,2,25
"440","2020-06-07",87,5,56,206,4503,0.745725072174106,8355,30360,239,335,11,5529,21,1983,10,21
"441","2020-03-14",1,6,38,63,4231,0.794847553769794,8205,29270,259,633,23,59,3,27,2,3
"442","2020-03-15",9,6,44,81,4231,0.794847553769794,8205,29270,259,633,21,80,6,33,6,6
"443","2020-03-16",10,6,45,112,4231,0.794847553769794,8205,29270,259,633,25,105,7,40,14,7
"444","2020-03-17",14,6,42,140,4231,0.794847553769794,8205,29270,259,633,25,130,11,51,13,11
"445","2020-03-18",21,6,63,173,4231,0.794847553769794,8205,29270,259,633,25,155,7,58,14,7
"446","2020-03-19",29,6,66,208,4231,0.794847553769794,8205,29270,259,633,28,183,5,63,16,5
"447","2020-03-20",37,6,80,239,4231,0.794847553769794,8205,29270,259,633,34,217,7,70,22,7
"448","2020-03-21",53,6,80,277,4231,0.794847553769794,8205,29270,259,633,40,257,10,80,26,10
"449","2020-03-22",61,6,86,308,4231,0.794847553769794,8205,29270,259,633,37,294,5,85,22,5
"450","2020-03-23",70,6,79,340,4231,0.794847553769794,8205,29270,259,633,30,324,19,104,19,19
"451","2020-03-24",80,6,76,357,4231,0.794847553769794,8205,29270,259,633,49,373,12,116,40,12
"452","2020-03-25",82,6,87,385,4231,0.794847553769794,8205,29270,259,633,35,408,13,129,23,13
"453","2020-03-26",90,6,85,402,4231,0.794847553769794,8205,29270,259,633,42,450,18,147,33,18
"454","2020-03-27",116,6,93,421,4231,0.794847553769794,8205,29270,259,633,37,487,25,172,25,25
"455","2020-03-28",132,6,97,444,4231,0.794847553769794,8205,29270,259,633,54,541,20,192,39,20
"456","2020-03-29",137,6,83,469,4231,0.794847553769794,8205,29270,259,633,46,587,17,209,35,17
"457","2020-03-30",140,6,82,490,4231,0.794847553769794,8205,29270,259,633,60,647,27,236,43,27
"458","2020-03-31",143,6,67,515,4231,0.794847553769794,8205,29270,259,633,60,707,35,271,43,35
"459","2020-04-01",152,6,61,539,4231,0.794847553769794,8205,29270,259,633,52,759,22,293,38,22
"460","2020-04-02",158,6,56,557,4231,0.794847553769794,8205,29270,259,633,70,829,21,314,46,21
"461","2020-04-03",191,6,60,566,4231,0.794847553769794,8205,29270,259,633,68,897,36,350,55,36
"462","2020-04-04",218,6,82,589,4231,0.794847553769794,8205,29270,259,633,69,966,41,391,51,41
"463","2020-04-05",221,6,92,610,4231,0.794847553769794,8205,29270,259,633,59,1025,34,425,47,34
"464","2020-04-06",206,6,97,615,4231,0.794847553769794,8205,29270,259,633,76,1101,25,450,59,25
"465","2020-04-07",205,6,84,643,4231,0.794847553769794,8205,29270,259,633,76,1177,33,483,67,33
"466","2020-04-08",203,6,92,642,4231,0.794847553769794,8205,29270,259,633,73,1250,27,510,58,27
"467","2020-04-09",202,6,85,639,4231,0.794847553769794,8205,29270,259,633,81,1331,31,541,68,31
"468","2020-04-10",210,6,105,651,4231,0.794847553769794,8205,29270,259,633,92,1423,22,563,69,22
"469","2020-04-11",218,6,110,660,4231,0.794847553769794,8205,29270,259,633,78,1501,21,584,65,21
"470","2020-04-12",215,6,87,685,4231,0.794847553769794,8205,29270,259,633,87,1588,32,616,74,32
"471","2020-04-13",230,6,85,689,4231,0.794847553769794,8205,29270,259,633,96,1684,26,642,76,26
"472","2020-04-14",223,6,114,718,4231,0.794847553769794,8205,29270,259,633,76,1760,32,674,62,32
"473","2020-04-15",232,6,130,723,4231,0.794847553769794,8205,29270,259,633,73,1833,25,699,60,25
"474","2020-04-16",238,6,133,731,4231,0.794847553769794,8205,29270,259,633,74,1907,29,728,63,29
"475","2020-04-17",248,6,143,728,4231,0.794847553769794,8205,29270,259,633,98,2005,48,776,78,48
"476","2020-04-18",254,6,143,729,4231,0.794847553769794,8205,29270,259,633,83,2088,30,806,62,30
"477","2020-04-19",254,6,149,733,4231,0.794847553769794,8205,29270,259,633,88,2176,26,832,72,26
"478","2020-04-20",245,6,149,761,4231,0.794847553769794,8205,29270,259,633,92,2268,9,841,64,9
"479","2020-04-21",250,6,152,761,4231,0.794847553769794,8205,29270,259,633,109,2377,14,855,91,14
"480","2020-04-22",252,6,166,772,4231,0.794847553769794,8205,29270,259,633,93,2470,30,885,79,30
"481","2020-04-23",257,6,160,787,4231,0.794847553769794,8205,29270,259,633,104,2574,33,918,90,33
"482","2020-04-24",278,6,144,778,4231,0.794847553769794,8205,29270,259,633,101,2675,36,954,86,36
"483","2020-04-25",264,6,135,769,4231,0.794847553769794,8205,29270,259,633,85,2760,39,993,71,39
"484","2020-04-26",250,6,133,758,4231,0.794847553769794,8205,29270,259,633,89,2849,30,1023,71,30
"485","2020-04-27",243,6,157,748,4231,0.794847553769794,8205,29270,259,633,76,2925,34,1057,64,34
"486","2020-04-28",250,6,148,749,4231,0.794847553769794,8205,29270,259,633,71,2996,32,1089,59,32
"487","2020-04-29",247,6,137,759,4231,0.794847553769794,8205,29270,259,633,102,3098,26,1115,84,26
"488","2020-04-30",240,6,118,736,4231,0.794847553769794,8205,29270,259,633,80,3178,22,1137,68,22
"489","2020-05-01",232,6,101,730,4231,0.794847553769794,8205,29270,259,633,78,3256,16,1153,70,16
"490","2020-05-02",248,6,93,710,4231,0.794847553769794,8205,29270,259,633,71,3327,25,1178,57,25
"491","2020-05-03",247,6,90,697,4231,0.794847553769794,8205,29270,259,633,47,3374,14,1192,39,14
"492","2020-05-04",238,6,118,681,4231,0.794847553769794,8205,29270,259,633,63,3437,16,1208,52,16
"493","2020-05-05",221,6,138,676,4231,0.794847553769794,8205,29270,259,633,59,3496,24,1232,42,24
"494","2020-05-06",224,6,128,621,4231,0.794847553769794,8205,29270,259,633,53,3549,16,1248,40,16
"495","2020-05-07",226,6,149,600,4231,0.794847553769794,8205,29270,259,633,54,3603,32,1280,44,32
"496","2020-05-08",250,6,177,606,4231,0.794847553769794,8205,29270,259,633,57,3660,37,1317,44,37
"497","2020-05-09",251,6,185,583,4231,0.794847553769794,8205,29270,259,633,47,3707,21,1338,33,21
"498","2020-05-10",230,6,177,561,4231,0.794847553769794,8205,29270,259,633,64,3771,19,1357,53,19
"499","2020-05-11",221,6,182,565,4231,0.794847553769794,8205,29270,259,633,48,3819,19,1376,42,19
"500","2020-05-12",220,6,177,556,4231,0.794847553769794,8205,29270,259,633,45,3864,28,1404,30,28
"501","2020-05-13",219,6,177,560,4231,0.794847553769794,8205,29270,259,633,37,3901,16,1420,25,16
"502","2020-05-14",210,6,159,553,4231,0.794847553769794,8205,29270,259,633,47,3948,13,1433,39,13
"503","2020-05-15",211,6,162,555,4231,0.794847553769794,8205,29270,259,633,48,3996,7,1440,34,7
"504","2020-05-16",198,6,152,543,4231,0.794847553769794,8205,29270,259,633,34,4030,25,1465,25,25
"505","2020-05-17",191,6,145,541,4231,0.794847553769794,8205,29270,259,633,35,4065,25,1490,24,25
"506","2020-05-18",190,6,128,524,4231,0.794847553769794,8205,29270,259,633,31,4096,20,1510,27,20
"507","2020-05-19",186,6,130,517,4231,0.794847553769794,8205,29270,259,633,29,4125,27,1537,25,27
"508","2020-05-20",173,6,124,501,4231,0.794847553769794,8205,29270,259,633,33,4158,28,1565,24,28
"509","2020-05-21",170,6,125,492,4231,0.794847553769794,8205,29270,259,633,32,4190,28,1593,28,28
"510","2020-05-22",165,6,146,463,4231,0.794847553769794,8205,29270,259,633,24,4214,21,1614,13,21
"511","2020-05-23",164,6,148,441,4231,0.794847553769794,8205,29270,259,633,24,4238,26,1640,16,26
"512","2020-05-24",159,6,129,420,4231,0.794847553769794,8205,29270,259,633,20,4258,16,1656,12,16
"513","2020-05-25",147,6,116,391,4231,0.794847553769794,8205,29270,259,633,22,4280,18,1674,16,18
"514","2020-05-26",132,6,106,373,4231,0.794847553769794,8205,29270,259,633,22,4302,13,1687,16,13
"515","2020-05-27",136,6,102,369,4231,0.794847553769794,8205,29270,259,633,24,4326,15,1702,19,15
"516","2020-05-28",133,6,111,363,4231,0.794847553769794,8205,29270,259,633,16,4342,13,1715,13,13
"517","2020-05-29",132,6,102,347,4231,0.794847553769794,8205,29270,259,633,25,4367,9,1724,24,9
"518","2020-05-30",125,6,90,324,4231,0.794847553769794,8205,29270,259,633,15,4382,33,1757,14,33
"519","2020-05-31",103,6,87,307,4231,0.794847553769794,8205,29270,259,633,26,4408,15,1772,20,15
"520","2020-06-01",105,6,84,293,4231,0.794847553769794,8205,29270,259,633,30,4438,9,1781,22,9
"521","2020-06-02",106,6,78,276,4231,0.794847553769794,8205,29270,259,633,19,4457,6,1787,15,6
"522","2020-06-03",96,6,70,267,4231,0.794847553769794,8205,29270,259,633,21,4478,12,1799,18,12
"523","2020-06-04",94,6,66,250,4231,0.794847553769794,8205,29270,259,633,12,4490,11,1810,10,11
"524","2020-06-05",86,6,69,230,4231,0.794847553769794,8205,29270,259,633,13,4503,13,1823,13,13
"525","2020-06-06",80,6,85,216,4231,0.794847553769794,8205,29270,259,633,14,4517,6,1829,11,6
"526","2020-06-07",80,6,79,200,4231,0.794847553769794,8205,29270,259,633,14,4531,11,1840,9,11
"527","2020-03-13",1,7,42,71,3938,0.465718638902996,8190,28076,252,274,9,21,21,66,2,21
"528","2020-03-14",3,7,48,101,3938,0.465718638902996,8190,28076,252,274,9,30,12,78,5,12
"529","2020-03-15",9,7,50,124,3938,0.465718638902996,8190,28076,252,274,14,44,13,91,9,13
"530","2020-03-16",16,7,52,159,3938,0.465718638902996,8190,28076,252,274,22,66,21,112,10,21
"531","2020-03-17",21,7,44,190,3938,0.465718638902996,8190,28076,252,274,12,78,20,132,9,20
"532","2020-03-18",38,7,37,224,3938,0.465718638902996,8190,28076,252,274,18,96,19,151,13,19
"533","2020-03-19",45,7,28,252,3938,0.465718638902996,8190,28076,252,274,23,119,13,164,15,13
"534","2020-03-20",61,7,23,282,3938,0.465718638902996,8190,28076,252,274,32,151,16,180,22,16
"535","2020-03-21",78,7,24,307,3938,0.465718638902996,8190,28076,252,274,17,168,17,197,13,17
"536","2020-03-22",91,7,23,337,3938,0.465718638902996,8190,28076,252,274,26,194,23,220,20,23
"537","2020-03-23",100,7,20,358,3938,0.465718638902996,8190,28076,252,274,35,229,34,254,29,34
"538","2020-03-24",101,7,20,385,3938,0.465718638902996,8190,28076,252,274,35,264,37,291,26,37
"539","2020-03-25",92,7,24,389,3938,0.465718638902996,8190,28076,252,274,43,307,18,309,37,18
"540","2020-03-26",106,7,25,392,3938,0.465718638902996,8190,28076,252,274,48,355,23,332,36,23
"541","2020-03-27",115,7,27,417,3938,0.465718638902996,8190,28076,252,274,52,407,16,348,42,16
"542","2020-03-28",113,7,28,434,3938,0.465718638902996,8190,28076,252,274,41,448,19,367,40,19
"543","2020-03-29",121,7,22,451,3938,0.465718638902996,8190,28076,252,274,81,529,9,376,78,9
"544","2020-03-30",127,7,20,469,3938,0.465718638902996,8190,28076,252,274,67,596,2,378,59,2
"545","2020-03-31",126,7,14,478,3938,0.465718638902996,8190,28076,252,274,63,659,4,382,54,4
"546","2020-04-01",139,7,31,491,3938,0.465718638902996,8190,28076,252,274,64,723,5,387,57,5
"547","2020-04-02",144,7,40,522,3938,0.465718638902996,8190,28076,252,274,81,804,19,406,73,19
"548","2020-04-03",173,7,50,540,3938,0.465718638902996,8190,28076,252,274,61,865,27,433,52,27
"549","2020-04-04",186,7,49,565,3938,0.465718638902996,8190,28076,252,274,86,951,17,450,77,17
"550","2020-04-05",194,7,56,587,3938,0.465718638902996,8190,28076,252,274,73,1024,8,458,64,8
"551","2020-04-06",182,7,64,586,3938,0.465718638902996,8190,28076,252,274,79,1103,4,462,71,4
"552","2020-04-07",187,7,77,615,3938,0.465718638902996,8190,28076,252,274,90,1193,10,472,85,10
"553","2020-04-08",187,7,84,641,3938,0.465718638902996,8190,28076,252,274,99,1292,11,483,89,11
"554","2020-04-09",188,7,96,649,3938,0.465718638902996,8190,28076,252,274,107,1399,5,488,97,5
"555","2020-04-10",216,7,99,658,3938,0.465718638902996,8190,28076,252,274,115,1514,10,498,109,10
"556","2020-04-11",235,7,88,669,3938,0.465718638902996,8190,28076,252,274,108,1622,26,524,100,26
"557","2020-04-12",198,7,82,674,3938,0.465718638902996,8190,28076,252,274,96,1718,10,534,84,10
"558","2020-04-13",207,7,89,667,3938,0.465718638902996,8190,28076,252,274,78,1796,15,549,71,15
"559","2020-04-14",216,7,79,678,3938,0.465718638902996,8190,28076,252,274,109,1905,18,567,105,18
"560","2020-04-15",220,7,91,667,3938,0.465718638902996,8190,28076,252,274,125,2030,24,591,119,24
"561","2020-04-16",216,7,104,675,3938,0.465718638902996,8190,28076,252,274,107,2137,29,620,98,29
"562","2020-04-17",224,7,96,654,3938,0.465718638902996,8190,28076,252,274,107,2244,19,639,96,19
"563","2020-04-18",213,7,102,652,3938,0.465718638902996,8190,28076,252,274,91,2335,39,678,82,39
"564","2020-04-19",239,7,94,654,3938,0.465718638902996,8190,28076,252,274,120,2455,21,699,114,21
"565","2020-04-20",233,7,93,678,3938,0.465718638902996,8190,28076,252,274,115,2570,18,717,106,18
"566","2020-04-21",212,7,96,663,3938,0.465718638902996,8190,28076,252,274,140,2710,29,746,134,29
"567","2020-04-22",217,7,94,670,3938,0.465718638902996,8190,28076,252,274,98,2808,43,789,95,43
"568","2020-04-23",225,7,104,661,3938,0.465718638902996,8190,28076,252,274,102,2910,43,832,92,43
"569","2020-04-24",234,7,92,672,3938,0.465718638902996,8190,28076,252,274,102,3012,22,854,98,22
"570","2020-04-25",234,7,92,687,3938,0.465718638902996,8190,28076,252,274,109,3121,46,900,102,46
"571","2020-04-26",222,7,100,693,3938,0.465718638902996,8190,28076,252,274,80,3201,38,938,72,38
"572","2020-04-27",222,7,99,672,3938,0.465718638902996,8190,28076,252,274,103,3304,50,988,100,50
"573","2020-04-28",216,7,98,683,3938,0.465718638902996,8190,28076,252,274,90,3394,44,1032,79,44
"574","2020-04-29",211,7,87,674,3938,0.465718638902996,8190,28076,252,274,100,3494,31,1063,87,31
"575","2020-04-30",205,7,77,660,3938,0.465718638902996,8190,28076,252,274,87,3581,15,1078,82,15
"576","2020-05-01",212,7,79,664,3938,0.465718638902996,8190,28076,252,274,82,3663,17,1095,79,17
"577","2020-05-02",238,7,82,660,3938,0.465718638902996,8190,28076,252,274,75,3738,30,1125,68,30
"578","2020-05-03",233,7,87,647,3938,0.465718638902996,8190,28076,252,274,69,3807,34,1159,64,34
"579","2020-05-04",222,7,80,630,3938,0.465718638902996,8190,28076,252,274,81,3888,21,1180,76,21
"580","2020-05-05",219,7,79,614,3938,0.465718638902996,8190,28076,252,274,63,3951,11,1191,61,11
"581","2020-05-06",212,7,87,607,3938,0.465718638902996,8190,28076,252,274,52,4003,11,1202,44,11
"582","2020-05-07",219,7,82,570,3938,0.465718638902996,8190,28076,252,274,64,4067,30,1232,56,30
"583","2020-05-08",221,7,73,543,3938,0.465718638902996,8190,28076,252,274,64,4131,27,1259,58,27
"584","2020-05-09",202,7,73,527,3938,0.465718638902996,8190,28076,252,274,46,4177,23,1282,42,23
"585","2020-05-10",186,7,70,515,3938,0.465718638902996,8190,28076,252,274,60,4237,12,1294,53,12
"586","2020-05-11",179,7,76,498,3938,0.465718638902996,8190,28076,252,274,55,4292,10,1304,47,10
"587","2020-05-12",170,7,84,480,3938,0.465718638902996,8190,28076,252,274,44,4336,24,1328,41,24
"588","2020-05-13",168,7,86,465,3938,0.465718638902996,8190,28076,252,274,35,4371,31,1359,31,31
"589","2020-05-14",152,7,77,452,3938,0.465718638902996,8190,28076,252,274,30,4401,39,1398,24,39
"590","2020-05-15",136,7,72,446,3938,0.465718638902996,8190,28076,252,274,39,4440,26,1424,37,26
"591","2020-05-16",137,7,69,421,3938,0.465718638902996,8190,28076,252,274,27,4467,18,1442,27,18
"592","2020-05-17",127,7,60,411,3938,0.465718638902996,8190,28076,252,274,44,4511,6,1448,38,6
"593","2020-05-18",124,7,47,394,3938,0.465718638902996,8190,28076,252,274,20,4531,12,1460,18,12
"594","2020-05-19",125,7,43,395,3938,0.465718638902996,8190,28076,252,274,29,4560,35,1495,23,35
"595","2020-05-20",120,7,50,384,3938,0.465718638902996,8190,28076,252,274,37,4597,24,1519,37,24
"596","2020-05-21",118,7,46,373,3938,0.465718638902996,8190,28076,252,274,22,4619,18,1537,17,18
"597","2020-05-22",122,7,43,357,3938,0.465718638902996,8190,28076,252,274,31,4650,24,1561,28,24
"598","2020-05-23",113,7,42,343,3938,0.465718638902996,8190,28076,252,274,29,4679,35,1596,27,35
"599","2020-05-24",105,7,41,322,3938,0.465718638902996,8190,28076,252,274,23,4702,15,1611,19,15
"600","2020-05-25",102,7,42,315,3938,0.465718638902996,8190,28076,252,274,23,4725,15,1626,21,15
"601","2020-05-26",95,7,49,312,3938,0.465718638902996,8190,28076,252,274,21,4746,12,1638,18,12
"602","2020-05-27",94,7,50,302,3938,0.465718638902996,8190,28076,252,274,18,4764,19,1657,16,19
"603","2020-05-28",95,7,44,292,3938,0.465718638902996,8190,28076,252,274,13,4777,9,1666,12,9
"604","2020-05-29",98,7,41,280,3938,0.465718638902996,8190,28076,252,274,16,4793,19,1685,13,19
"605","2020-05-30",97,7,37,269,3938,0.465718638902996,8190,28076,252,274,17,4810,30,1715,17,30
"606","2020-05-31",83,7,34,255,3938,0.465718638902996,8190,28076,252,274,14,4824,18,1733,11,18
"607","2020-06-01",87,7,29,250,3938,0.465718638902996,8190,28076,252,274,14,4838,25,1758,11,25
"608","2020-06-02",88,7,37,239,3938,0.465718638902996,8190,28076,252,274,6,4844,32,1790,6,32
"609","2020-06-03",94,7,43,234,3938,0.465718638902996,8190,28076,252,274,11,4855,20,1810,9,20
"610","2020-06-04",89,7,35,232,3938,0.465718638902996,8190,28076,252,274,20,4875,30,1840,16,30
"611","2020-06-05",86,7,33,222,3938,0.465718638902996,8190,28076,252,274,9,4884,28,1868,9,28
"612","2020-06-06",84,7,30,217,3938,0.465718638902996,8190,28076,252,274,9,4893,16,1884,8,16
"613","2020-06-07",90,7,33,204,3938,0.465718638902996,8190,28076,252,274,16,4909,14,1898,15,14
"614","2020-03-08",1,8,0,0,4742,0.698439477013918,8310,30937,333,801,NA,NA,NA,NA,NA,NA
"615","2020-03-09",1,8,0,0,4742,0.698439477013918,8310,30937,333,801,NA,NA,NA,NA,NA,NA
"616","2020-03-10",0,8,0,0,4742,0.698439477013918,8310,30937,333,801,NA,NA,NA,NA,NA,NA
"617","2020-03-11",0,8,0,0,4742,0.698439477013918,8310,30937,333,801,15,15,2,2,NA,2
"618","2020-03-12",1,8,23,28,4742,0.698439477013918,8310,30937,333,801,15,30,4,6,NA,4
"619","2020-03-13",2,8,28,56,4742,0.698439477013918,8310,30937,333,801,17,47,6,12,1,6
"620","2020-03-14",4,8,48,75,4742,0.698439477013918,8310,30937,333,801,18,65,9,21,5,9
"621","2020-03-15",5,8,64,97,4742,0.698439477013918,8310,30937,333,801,20,85,6,27,6,6
"622","2020-03-16",10,8,77,126,4742,0.698439477013918,8310,30937,333,801,19,104,5,32,4,5
"623","2020-03-17",15,8,94,156,4742,0.698439477013918,8310,30937,333,801,24,128,6,38,10,6
"624","2020-03-18",24,8,104,186,4742,0.698439477013918,8310,30937,333,801,18,146,2,40,6,2
"625","2020-03-19",31,8,120,210,4742,0.698439477013918,8310,30937,333,801,24,170,13,53,10,13
"626","2020-03-20",37,8,116,249,4742,0.698439477013918,8310,30937,333,801,21,191,10,63,10,10
"627","2020-03-21",39,8,114,277,4742,0.698439477013918,8310,30937,333,801,25,216,11,74,20,11
"628","2020-03-22",71,8,122,304,4742,0.698439477013918,8310,30937,333,801,24,240,13,87,10,13
"629","2020-03-23",80,8,154,342,4742,0.698439477013918,8310,30937,333,801,25,265,7,94,14,7
"630","2020-03-24",77,8,153,370,4742,0.698439477013918,8310,30937,333,801,32,297,17,111,13,17
"631","2020-03-25",80,8,154,398,4742,0.698439477013918,8310,30937,333,801,26,323,17,128,18,17
"632","2020-03-26",89,8,161,432,4742,0.698439477013918,8310,30937,333,801,36,359,20,148,21,20
"633","2020-03-27",133,8,149,450,4742,0.698439477013918,8310,30937,333,801,28,387,10,158,18,10
"634","2020-03-28",167,8,183,473,4742,0.698439477013918,8310,30937,333,801,34,421,16,174,18,16
"635","2020-03-29",154,8,187,505,4742,0.698439477013918,8310,30937,333,801,31,452,16,190,19,16
"636","2020-03-30",148,8,180,540,4742,0.698439477013918,8310,30937,333,801,44,496,8,198,29,8
"637","2020-03-31",162,8,193,558,4742,0.698439477013918,8310,30937,333,801,36,532,11,209,22,11
"638","2020-04-01",160,8,188,599,4742,0.698439477013918,8310,30937,333,801,25,557,10,219,14,10
"639","2020-04-02",160,8,204,636,4742,0.698439477013918,8310,30937,333,801,47,604,14,233,32,14
"640","2020-04-03",175,8,224,662,4742,0.698439477013918,8310,30937,333,801,33,637,11,244,21,11
"641","2020-04-04",189,8,211,697,4742,0.698439477013918,8310,30937,333,801,49,686,9,253,32,9
"642","2020-04-05",194,8,215,706,4742,0.698439477013918,8310,30937,333,801,37,723,17,270,24,17
"643","2020-04-06",197,8,206,742,4742,0.698439477013918,8310,30937,333,801,57,780,21,291,38,21
"644","2020-04-07",194,8,204,782,4742,0.698439477013918,8310,30937,333,801,38,818,19,310,22,19
"645","2020-04-08",210,8,205,790,4742,0.698439477013918,8310,30937,333,801,44,862,22,332,25,22
"646","2020-04-09",225,8,210,817,4742,0.698439477013918,8310,30937,333,801,43,905,17,349,19,17
"647","2020-04-10",257,8,206,833,4742,0.698439477013918,8310,30937,333,801,65,970,12,361,50,12
"648","2020-04-11",277,8,239,841,4742,0.698439477013918,8310,30937,333,801,38,1008,23,384,32,23
"649","2020-04-12",277,8,225,859,4742,0.698439477013918,8310,30937,333,801,49,1057,15,399,27,15
"650","2020-04-13",267,8,244,863,4742,0.698439477013918,8310,30937,333,801,49,1106,11,410,32,11
"651","2020-04-14",266,8,237,883,4742,0.698439477013918,8310,30937,333,801,52,1158,14,424,29,14
"652","2020-04-15",273,8,238,883,4742,0.698439477013918,8310,30937,333,801,51,1209,13,437,37,13
"653","2020-04-16",273,8,237,890,4742,0.698439477013918,8310,30937,333,801,56,1265,14,451,39,14
"654","2020-04-17",283,8,239,886,4742,0.698439477013918,8310,30937,333,801,37,1302,12,463,23,12
"655","2020-04-18",273,8,236,883,4742,0.698439477013918,8310,30937,333,801,65,1367,10,473,44,10
"656","2020-04-19",266,8,257,892,4742,0.698439477013918,8310,30937,333,801,40,1407,10,483,22,10
"657","2020-04-20",274,8,279,904,4742,0.698439477013918,8310,30937,333,801,49,1456,14,497,32,14
"658","2020-04-21",288,8,269,888,4742,0.698439477013918,8310,30937,333,801,56,1512,17,514,35,17
"659","2020-04-22",293,8,266,875,4742,0.698439477013918,8310,30937,333,801,56,1568,11,525,39,11
"660","2020-04-23",289,8,253,870,4742,0.698439477013918,8310,30937,333,801,57,1625,16,541,44,16
"661","2020-04-24",314,8,224,877,4742,0.698439477013918,8310,30937,333,801,48,1673,14,555,36,14
"662","2020-04-25",304,8,229,861,4742,0.698439477013918,8310,30937,333,801,44,1717,25,580,34,25
"663","2020-04-26",307,8,244,835,4742,0.698439477013918,8310,30937,333,801,41,1758,17,597,29,17
"664","2020-04-27",307,8,244,813,4742,0.698439477013918,8310,30937,333,801,58,1816,16,613,44,16
"665","2020-04-28",278,8,216,816,4742,0.698439477013918,8310,30937,333,801,47,1863,25,638,26,25
"666","2020-04-29",270,8,216,798,4742,0.698439477013918,8310,30937,333,801,52,1915,16,654,36,16
"667","2020-04-30",269,8,230,816,4742,0.698439477013918,8310,30937,333,801,59,1974,29,683,40,29
"668","2020-05-01",271,8,210,792,4742,0.698439477013918,8310,30937,333,801,45,2019,16,699,28,16
"669","2020-05-02",284,8,213,796,4742,0.698439477013918,8310,30937,333,801,46,2065,24,723,32,24
"670","2020-05-03",266,8,206,770,4742,0.698439477013918,8310,30937,333,801,63,2128,19,742,45,19
"671","2020-05-04",264,8,204,746,4742,0.698439477013918,8310,30937,333,801,36,2164,25,767,24,25
"672","2020-05-05",259,8,199,729,4742,0.698439477013918,8310,30937,333,801,44,2208,20,787,30,20
"673","2020-05-06",254,8,186,699,4742,0.698439477013918,8310,30937,333,801,48,2256,23,810,31,23
"674","2020-05-07",252,8,173,687,4742,0.698439477013918,8310,30937,333,801,38,2294,31,841,27,31
"675","2020-05-08",239,8,200,665,4742,0.698439477013918,8310,30937,333,801,44,2338,27,868,31,27
"676","2020-05-09",223,8,194,655,4742,0.698439477013918,8310,30937,333,801,54,2392,10,878,41,10
"677","2020-05-10",237,8,212,636,4742,0.698439477013918,8310,30937,333,801,33,2425,34,912,20,34
"678","2020-05-11",218,8,213,615,4742,0.698439477013918,8310,30937,333,801,43,2468,29,941,18,29
"679","2020-05-12",218,8,196,605,4742,0.698439477013918,8310,30937,333,801,42,2510,9,950,27,9
"680","2020-05-13",214,8,195,574,4742,0.698439477013918,8310,30937,333,801,41,2551,21,971,29,21
"681","2020-05-14",213,8,206,543,4742,0.698439477013918,8310,30937,333,801,32,2583,22,993,23,22
"682","2020-05-15",207,8,234,534,4742,0.698439477013918,8310,30937,333,801,35,2618,20,1013,22,20
"683","2020-05-16",240,8,247,526,4742,0.698439477013918,8310,30937,333,801,36,2654,19,1032,26,19
"684","2020-05-17",206,8,260,513,4742,0.698439477013918,8310,30937,333,801,41,2695,12,1044,28,12
"685","2020-05-18",200,8,258,507,4742,0.698439477013918,8310,30937,333,801,31,2726,13,1057,22,13
"686","2020-05-19",182,8,242,487,4742,0.698439477013918,8310,30937,333,801,31,2757,19,1076,21,19
"687","2020-05-20",188,8,240,467,4742,0.698439477013918,8310,30937,333,801,22,2779,10,1086,12,10
"688","2020-05-21",183,8,244,447,4742,0.698439477013918,8310,30937,333,801,24,2803,12,1098,17,12
"689","2020-05-22",176,8,241,436,4742,0.698439477013918,8310,30937,333,801,22,2825,8,1106,12,8
"690","2020-05-23",139,8,248,409,4742,0.698439477013918,8310,30937,333,801,26,2851,18,1124,16,18
"691","2020-05-24",151,8,251,394,4742,0.698439477013918,8310,30937,333,801,22,2873,11,1135,16,11
"692","2020-05-25",145,8,230,382,4742,0.698439477013918,8310,30937,333,801,27,2900,14,1149,13,14
"693","2020-05-26",141,8,217,367,4742,0.698439477013918,8310,30937,333,801,19,2919,20,1169,14,20
"694","2020-05-27",127,8,212,365,4742,0.698439477013918,8310,30937,333,801,19,2938,18,1187,14,18
"695","2020-05-28",125,8,214,361,4742,0.698439477013918,8310,30937,333,801,19,2957,16,1203,12,16
"696","2020-05-29",129,8,194,360,4742,0.698439477013918,8310,30937,333,801,26,2983,24,1227,14,24
"697","2020-05-30",142,8,190,336,4742,0.698439477013918,8310,30937,333,801,23,3006,24,1251,15,24
"698","2020-05-31",133,8,177,323,4742,0.698439477013918,8310,30937,333,801,25,3031,13,1264,17,13
"699","2020-06-01",134,8,181,308,4742,0.698439477013918,8310,30937,333,801,22,3053,10,1274,12,10
"700","2020-06-02",131,8,187,299,4742,0.698439477013918,8310,30937,333,801,21,3074,8,1282,10,8
"701","2020-06-03",127,8,191,284,4742,0.698439477013918,8310,30937,333,801,20,3094,13,1295,14,13
"702","2020-06-04",120,8,192,268,4742,0.698439477013918,8310,30937,333,801,19,3113,8,1303,10,8
"703","2020-06-05",121,8,182,253,4742,0.698439477013918,8310,30937,333,801,22,3135,20,1323,17,20
"704","2020-06-06",105,8,173,236,4742,0.698439477013918,8310,30937,333,801,12,3147,10,1333,8,10
"705","2020-06-07",94,8,183,227,4742,0.698439477013918,8310,30937,333,801,12,3159,18,1351,9,18
"706","2020-03-07",1,9,0,0,5417,0.962525383053351,8325,30720,332,480,NA,NA,NA,NA,NA,NA
"707","2020-03-08",1,9,0,0,5417,0.962525383053351,8325,30720,332,480,NA,NA,NA,NA,NA,NA
"708","2020-03-09",0,9,0,0,5417,0.962525383053351,8325,30720,332,480,NA,NA,NA,NA,NA,NA
"709","2020-03-10",0,9,0,0,5417,0.962525383053351,8325,30720,332,480,NA,NA,1,1,NA,1
"710","2020-03-11",0,9,0,0,5417,0.962525383053351,8325,30720,332,480,4,4,9,10,1,9
"711","2020-03-12",0,9,0,0,5417,0.962525383053351,8325,30720,332,480,2,6,15,25,NA,15
"712","2020-03-13",0,9,0,0,5417,0.962525383053351,8325,30720,332,480,5,11,20,45,2,20
"713","2020-03-14",0,9,0,0,5417,0.962525383053351,8325,30720,332,480,8,19,25,70,3,25
"714","2020-03-15",0,9,0,0,5417,0.962525383053351,8325,30720,332,480,6,25,22,92,5,22
"715","2020-03-16",1,9,59,47,5417,0.962525383053351,8325,30720,332,480,13,38,18,110,9,18
"716","2020-03-17",4,9,52,61,5417,0.962525383053351,8325,30720,332,480,13,51,26,136,11,26
"717","2020-03-18",4,9,48,78,5417,0.962525383053351,8325,30720,332,480,10,61,20,156,9,20
"718","2020-03-19",5,9,64,102,5417,0.962525383053351,8325,30720,332,480,18,79,16,172,14,16
"719","2020-03-20",6,9,69,128,5417,0.962525383053351,8325,30720,332,480,14,93,24,196,13,24
"720","2020-03-21",13,9,65,160,5417,0.962525383053351,8325,30720,332,480,27,120,9,205,23,9
"721","2020-03-22",18,9,53,207,5417,0.962525383053351,8325,30720,332,480,24,144,11,216,20,11
"722","2020-03-23",22,9,56,233,5417,0.962525383053351,8325,30720,332,480,24,168,14,230,22,14
"723","2020-03-24",28,9,70,264,5417,0.962525383053351,8325,30720,332,480,29,197,5,235,29,5
"724","2020-03-25",40,9,67,297,5417,0.962525383053351,8325,30720,332,480,24,221,10,245,22,10
"725","2020-03-26",55,9,76,346,5417,0.962525383053351,8325,30720,332,480,24,245,15,260,22,15
"726","2020-03-27",68,9,79,381,5417,0.962525383053351,8325,30720,332,480,34,279,16,276,28,16
"727","2020-03-28",84,9,71,448,5417,0.962525383053351,8325,30720,332,480,41,320,26,302,38,26
"728","2020-03-29",128,9,73,496,5417,0.962525383053351,8325,30720,332,480,43,363,21,323,39,21
"729","2020-03-30",137,9,71,557,5417,0.962525383053351,8325,30720,332,480,65,428,23,346,64,23
"730","2020-03-31",134,9,85,612,5417,0.962525383053351,8325,30720,332,480,61,489,18,364,59,18
"731","2020-04-01",158,9,86,676,5417,0.962525383053351,8325,30720,332,480,51,540,15,379,50,15
"732","2020-04-02",163,9,102,737,5417,0.962525383053351,8325,30720,332,480,59,599,28,407,51,28
"733","2020-04-03",210,9,86,801,5417,0.962525383053351,8325,30720,332,480,88,687,20,427,84,20
"734","2020-04-04",233,9,76,862,5417,0.962525383053351,8325,30720,332,480,81,768,38,465,77,38
"735","2020-04-05",263,9,103,956,5417,0.962525383053351,8325,30720,332,480,99,867,26,491,94,26
"736","2020-04-06",271,9,106,1018,5417,0.962525383053351,8325,30720,332,480,69,936,17,508,67,17
"737","2020-04-07",274,9,114,1089,5417,0.962525383053351,8325,30720,332,480,87,1023,9,517,87,9
"738","2020-04-08",272,9,113,1163,5417,0.962525383053351,8325,30720,332,480,92,1115,7,524,91,7
"739","2020-04-09",304,9,98,1205,5417,0.962525383053351,8325,30720,332,480,105,1220,8,532,105,8
"740","2020-04-10",371,9,104,1323,5417,0.962525383053351,8325,30720,332,480,102,1322,10,542,96,10
"741","2020-04-11",411,9,93,1376,5417,0.962525383053351,8325,30720,332,480,109,1431,29,571,108,29
"742","2020-04-12",418,9,90,1436,5417,0.962525383053351,8325,30720,332,480,152,1583,13,584,143,13
"743","2020-04-13",428,9,75,1523,5417,0.962525383053351,8325,30720,332,480,116,1699,14,598,115,14
"744","2020-04-14",431,9,72,1545,5417,0.962525383053351,8325,30720,332,480,112,1811,18,616,109,18
"745","2020-04-15",451,9,93,1576,5417,0.962525383053351,8325,30720,332,480,132,1943,17,633,131,17
"746","2020-04-16",453,9,114,1582,5417,0.962525383053351,8325,30720,332,480,118,2061,19,652,112,19
"747","2020-04-17",561,9,116,1624,5417,0.962525383053351,8325,30720,332,480,134,2195,12,664,133,12
"748","2020-04-18",545,9,134,1606,5417,0.962525383053351,8325,30720,332,480,139,2334,10,674,132,10
"749","2020-04-19",500,9,123,1602,5417,0.962525383053351,8325,30720,332,480,126,2460,9,683,123,9
"750","2020-04-20",502,9,141,1590,5417,0.962525383053351,8325,30720,332,480,149,2609,5,688,147,5
"751","2020-04-21",520,9,149,1611,5417,0.962525383053351,8325,30720,332,480,111,2720,10,698,108,10
"752","2020-04-22",525,9,153,1540,5417,0.962525383053351,8325,30720,332,480,155,2875,32,730,153,32
"753","2020-04-23",527,9,132,1508,5417,0.962525383053351,8325,30720,332,480,132,3007,41,771,128,41
"754","2020-04-24",526,9,124,1453,5417,0.962525383053351,8325,30720,332,480,100,3107,25,796,95,25
"755","2020-04-25",542,9,127,1377,5417,0.962525383053351,8325,30720,332,480,138,3245,19,815,137,19
"756","2020-04-26",503,9,145,1336,5417,0.962525383053351,8325,30720,332,480,115,3360,9,824,111,9
"757","2020-04-27",476,9,146,1281,5417,0.962525383053351,8325,30720,332,480,97,3457,4,828,94,4
"758","2020-04-28",449,9,136,1214,5417,0.962525383053351,8325,30720,332,480,120,3577,11,839,115,11
"759","2020-04-29",448,9,126,1186,5417,0.962525383053351,8325,30720,332,480,108,3685,2,841,104,2
"760","2020-04-30",442,9,113,1115,5417,0.962525383053351,8325,30720,332,480,90,3775,14,855,90,14
"761","2020-05-01",441,9,134,1043,5417,0.962525383053351,8325,30720,332,480,90,3865,42,897,88,42
"762","2020-05-02",433,9,124,984,5417,0.962525383053351,8325,30720,332,480,101,3966,11,908,100,11
"763","2020-05-03",399,9,115,919,5417,0.962525383053351,8325,30720,332,480,105,4071,11,919,101,11
"764","2020-05-04",395,9,117,856,5417,0.962525383053351,8325,30720,332,480,92,4163,7,926,89,7
"765","2020-05-05",374,9,114,813,5417,0.962525383053351,8325,30720,332,480,76,4239,5,931,73,5
"766","2020-05-06",346,9,134,773,5417,0.962525383053351,8325,30720,332,480,82,4321,12,943,80,12
"767","2020-05-07",317,9,122,725,5417,0.962525383053351,8325,30720,332,480,65,4386,16,959,63,16
"768","2020-05-08",286,9,109,666,5417,0.962525383053351,8325,30720,332,480,70,4456,22,981,70,22
"769","2020-05-09",271,9,117,611,5417,0.962525383053351,8325,30720,332,480,58,4514,8,989,57,8
"770","2020-05-10",230,9,110,562,5417,0.962525383053351,8325,30720,332,480,59,4573,42,1031,58,42
"771","2020-05-11",223,9,117,521,5417,0.962525383053351,8325,30720,332,480,53,4626,38,1069,52,38
"772","2020-05-12",209,9,129,468,5417,0.962525383053351,8325,30720,332,480,73,4699,40,1109,72,40
"773","2020-05-13",196,9,129,445,5417,0.962525383053351,8325,30720,332,480,48,4747,34,1143,44,34
"774","2020-05-14",189,9,111,403,5417,0.962525383053351,8325,30720,332,480,50,4797,22,1165,49,22
"775","2020-05-15",159,9,98,388,5417,0.962525383053351,8325,30720,332,480,33,4830,37,1202,32,37
"776","2020-05-16",152,9,80,379,5417,0.962525383053351,8325,30720,332,480,39,4869,25,1227,38,25
"777","2020-05-17",149,9,66,356,5417,0.962525383053351,8325,30720,332,480,33,4902,16,1243,32,16
"778","2020-05-18",133,9,64,329,5417,0.962525383053351,8325,30720,332,480,36,4938,23,1266,32,23
"779","2020-05-19",123,9,60,317,5417,0.962525383053351,8325,30720,332,480,25,4963,29,1295,24,29
"780","2020-05-20",117,9,66,280,5417,0.962525383053351,8325,30720,332,480,32,4995,19,1314,29,19
"781","2020-05-21",114,9,55,267,5417,0.962525383053351,8325,30720,332,480,26,5021,21,1335,25,21
"782","2020-05-22",111,9,51,236,5417,0.962525383053351,8325,30720,332,480,22,5043,10,1345,20,10
"783","2020-05-23",100,9,48,210,5417,0.962525383053351,8325,30720,332,480,22,5065,16,1361,21,16
"784","2020-05-24",93,9,52,183,5417,0.962525383053351,8325,30720,332,480,26,5091,16,1377,24,16
"785","2020-05-25",83,9,63,165,5417,0.962525383053351,8325,30720,332,480,18,5109,18,1395,16,18
"786","2020-05-26",75,9,68,144,5417,0.962525383053351,8325,30720,332,480,18,5127,35,1430,17,35
"787","2020-05-27",65,9,67,134,5417,0.962525383053351,8325,30720,332,480,28,5155,16,1446,27,16
"788","2020-05-28",57,9,66,131,5417,0.962525383053351,8325,30720,332,480,12,5167,17,1463,12,17
"789","2020-05-29",56,9,72,116,5417,0.962525383053351,8325,30720,332,480,22,5189,23,1486,21,23
"790","2020-05-30",49,9,63,114,5417,0.962525383053351,8325,30720,332,480,11,5200,27,1513,10,27
"791","2020-05-31",34,9,62,115,5417,0.962525383053351,8325,30720,332,480,12,5212,30,1543,11,30
"792","2020-06-01",34,9,60,108,5417,0.962525383053351,8325,30720,332,480,11,5223,22,1565,9,22
"793","2020-06-02",32,9,66,105,5417,0.962525383053351,8325,30720,332,480,15,5238,12,1577,14,12
"794","2020-06-03",36,9,61,94,5417,0.962525383053351,8325,30720,332,480,6,5244,15,1592,6,15
"795","2020-06-04",40,9,48,84,5417,0.962525383053351,8325,30720,332,480,11,5255,10,1602,9,10
"796","2020-06-05",35,9,44,81,5417,0.962525383053351,8325,30720,332,480,9,5264,4,1606,9,4
"797","2020-06-06",35,9,48,83,5417,0.962525383053351,8325,30720,332,480,7,5271,11,1617,7,11
"798","2020-06-07",31,9,47,68,5417,0.962525383053351,8325,30720,332,480,6,5277,5,1622,6,5
"799","2020-03-15",2,10,51,36,5704,0.947755960729313,8265,30959,311,549,21,72,7,29,7,7
"800","2020-03-16",5,10,46,42,5704,0.947755960729313,8265,30959,311,549,19,91,5,34,12,5
"801","2020-03-17",11,10,54,53,5704,0.947755960729313,8265,30959,311,549,21,112,4,38,7,4
"802","2020-03-18",11,10,50,73,5704,0.947755960729313,8265,30959,311,549,31,143,4,42,16,4
"803","2020-03-19",14,10,59,78,5704,0.947755960729313,8265,30959,311,549,32,175,8,50,22,8
"804","2020-03-20",18,10,65,97,5704,0.947755960729313,8265,30959,311,549,41,216,9,59,25,9
"805","2020-03-21",21,10,67,109,5704,0.947755960729313,8265,30959,311,549,30,246,1,60,22,1
"806","2020-03-22",23,10,60,120,5704,0.947755960729313,8265,30959,311,549,31,277,4,64,21,4
"807","2020-03-23",26,10,52,143,5704,0.947755960729313,8265,30959,311,549,42,319,5,69,27,5
"808","2020-03-24",24,10,48,172,5704,0.947755960729313,8265,30959,311,549,51,370,1,70,42,1
"809","2020-03-25",32,10,62,207,5704,0.947755960729313,8265,30959,311,549,48,418,4,74,37,4
"810","2020-03-26",34,10,86,230,5704,0.947755960729313,8265,30959,311,549,51,469,9,83,40,9
"811","2020-03-27",45,10,102,254,5704,0.947755960729313,8265,30959,311,549,61,530,11,94,50,11
"812","2020-03-28",66,10,91,298,5704,0.947755960729313,8265,30959,311,549,40,570,19,113,32,19
"813","2020-03-29",81,10,85,316,5704,0.947755960729313,8265,30959,311,549,58,628,8,121,45,8
"814","2020-03-30",80,10,79,356,5704,0.947755960729313,8265,30959,311,549,61,689,12,133,52,12
"815","2020-03-31",87,10,88,406,5704,0.947755960729313,8265,30959,311,549,78,767,10,143,65,10
"816","2020-04-01",89,10,96,463,5704,0.947755960729313,8265,30959,311,549,55,822,11,154,51,11
"817","2020-04-02",101,10,122,496,5704,0.947755960729313,8265,30959,311,549,70,892,20,174,52,20
"818","2020-04-03",139,10,119,559,5704,0.947755960729313,8265,30959,311,549,74,966,10,184,65,10
"819","2020-04-04",172,10,116,613,5704,0.947755960729313,8265,30959,311,549,88,1054,20,204,69,20
"820","2020-04-05",165,10,99,656,5704,0.947755960729313,8265,30959,311,549,57,1111,9,213,47,9
"821","2020-04-06",167,10,107,695,5704,0.947755960729313,8265,30959,311,549,64,1175,19,232,50,19
"822","2020-04-07",176,10,124,758,5704,0.947755960729313,8265,30959,311,549,73,1248,20,252,56,20
"823","2020-04-08",194,10,133,818,5704,0.947755960729313,8265,30959,311,549,76,1324,11,263,69,11
"824","2020-04-09",213,10,130,915,5704,0.947755960729313,8265,30959,311,549,78,1402,11,274,63,11
"825","2020-04-10",276,10,113,960,5704,0.947755960729313,8265,30959,311,549,99,1501,18,292,89,18
"826","2020-04-11",304,10,121,1029,5704,0.947755960729313,8265,30959,311,549,66,1567,13,305,55,13
"827","2020-04-12",326,10,128,1132,5704,0.947755960729313,8265,30959,311,549,91,1658,18,323,84,18
"828","2020-04-13",335,10,121,1193,5704,0.947755960729313,8265,30959,311,549,91,1749,17,340,78,17
"829","2020-04-14",360,10,138,1266,5704,0.947755960729313,8265,30959,311,549,74,1823,18,358,67,18
"830","2020-04-15",377,10,143,1326,5704,0.947755960729313,8265,30959,311,549,75,1898,10,368,59,10
"831","2020-04-16",385,10,151,1411,5704,0.947755960729313,8265,30959,311,549,86,1984,9,377,75,9
"832","2020-04-17",444,10,149,1466,5704,0.947755960729313,8265,30959,311,549,109,2093,12,389,90,12
"833","2020-04-18",468,10,136,1508,5704,0.947755960729313,8265,30959,311,549,85,2178,12,401,71,12
"834","2020-04-19",493,10,124,1574,5704,0.947755960729313,8265,30959,311,549,64,2242,10,411,49,10
"835","2020-04-20",497,10,146,1624,5704,0.947755960729313,8265,30959,311,549,101,2343,23,434,87,23
"836","2020-04-21",478,10,173,1641,5704,0.947755960729313,8265,30959,311,549,63,2406,18,452,50,18
"837","2020-04-22",497,10,161,1688,5704,0.947755960729313,8265,30959,311,549,78,2484,9,461,69,9
"838","2020-04-23",518,10,149,1690,5704,0.947755960729313,8265,30959,311,549,81,2565,7,468,66,7
"839","2020-04-24",602,10,151,1699,5704,0.947755960729313,8265,30959,311,549,84,2649,18,486,68,18
"840","2020-04-25",596,10,134,1692,5704,0.947755960729313,8265,30959,311,549,82,2731,25,511,70,25
"841","2020-04-26",547,10,123,1724,5704,0.947755960729313,8265,30959,311,549,74,2805,20,531,62,20
"842","2020-04-27",564,10,130,1698,5704,0.947755960729313,8265,30959,311,549,61,2866,15,546,54,15
"843","2020-04-28",572,10,138,1663,5704,0.947755960729313,8265,30959,311,549,75,2941,12,558,58,12
"844","2020-04-29",580,10,145,1606,5704,0.947755960729313,8265,30959,311,549,80,3021,23,581,67,23
"845","2020-04-30",574,10,175,1567,5704,0.947755960729313,8265,30959,311,549,77,3098,14,595,64,14
"846","2020-05-01",572,10,180,1510,5704,0.947755960729313,8265,30959,311,549,64,3162,17,612,56,17
"847","2020-05-02",557,10,159,1463,5704,0.947755960729313,8265,30959,311,549,66,3228,30,642,51,30
"848","2020-05-03",518,10,143,1400,5704,0.947755960729313,8265,30959,311,549,64,3292,19,661,55,19
"849","2020-05-04",494,10,127,1333,5704,0.947755960729313,8265,30959,311,549,67,3359,9,670,61,9
"850","2020-05-05",472,10,127,1275,5704,0.947755960729313,8265,30959,311,549,54,3413,9,679,46,9
"851","2020-05-06",451,10,132,1209,5704,0.947755960729313,8265,30959,311,549,65,3478,11,690,52,11
"852","2020-05-07",440,10,143,1120,5704,0.947755960729313,8265,30959,311,549,47,3525,22,712,39,22
"853","2020-05-08",430,10,159,1065,5704,0.947755960729313,8265,30959,311,549,49,3574,29,741,42,29
"854","2020-05-09",422,10,154,967,5704,0.947755960729313,8265,30959,311,549,48,3622,32,773,34,32
"855","2020-05-10",367,10,137,875,5704,0.947755960729313,8265,30959,311,549,58,3680,28,801,49,28
"856","2020-05-11",348,10,144,796,5704,0.947755960729313,8265,30959,311,549,55,3735,18,819,43,18
"857","2020-05-12",352,10,142,732,5704,0.947755960729313,8265,30959,311,549,47,3782,15,834,35,15
"858","2020-05-13",324,10,144,676,5704,0.947755960729313,8265,30959,311,549,36,3818,14,848,28,14
"859","2020-05-14",291,10,151,621,5704,0.947755960729313,8265,30959,311,549,35,3853,27,875,32,27
"860","2020-05-15",242,10,144,557,5704,0.947755960729313,8265,30959,311,549,45,3898,22,897,37,22
"861","2020-05-16",223,10,154,500,5704,0.947755960729313,8265,30959,311,549,41,3939,20,917,31,20
"862","2020-05-17",193,10,132,442,5704,0.947755960729313,8265,30959,311,549,28,3967,13,930,22,13
"863","2020-05-18",184,10,124,395,5704,0.947755960729313,8265,30959,311,549,32,3999,9,939,25,9
"864","2020-05-19",149,10,116,353,5704,0.947755960729313,8265,30959,311,549,36,4035,14,953,29,14
"865","2020-05-20",140,10,124,326,5704,0.947755960729313,8265,30959,311,549,34,4069,17,970,27,17
"866","2020-05-21",137,10,117,304,5704,0.947755960729313,8265,30959,311,549,39,4108,13,983,31,13
"867","2020-05-22",121,10,101,279,5704,0.947755960729313,8265,30959,311,549,29,4137,7,990,24,7
"868","2020-05-23",117,10,90,263,5704,0.947755960729313,8265,30959,311,549,33,4170,17,1007,28,17
"869","2020-05-24",116,10,78,250,5704,0.947755960729313,8265,30959,311,549,30,4200,14,1021,28,14
"870","2020-05-25",96,10,83,219,5704,0.947755960729313,8265,30959,311,549,24,4224,9,1030,19,9
"871","2020-05-26",95,10,84,214,5704,0.947755960729313,8265,30959,311,549,19,4243,11,1041,13,11
"872","2020-05-27",93,10,86,201,5704,0.947755960729313,8265,30959,311,549,26,4269,7,1048,19,7
"873","2020-05-28",86,10,87,177,5704,0.947755960729313,8265,30959,311,549,20,4289,2,1050,17,2
"874","2020-05-29",79,10,95,163,5704,0.947755960729313,8265,30959,311,549,20,4309,4,1054,18,4
"875","2020-05-30",71,10,101,162,5704,0.947755960729313,8265,30959,311,549,18,4327,NA,NA,13,NA
"876","2020-05-31",57,10,106,143,5704,0.947755960729313,8265,30959,311,549,16,4343,7,1061,11,7
"877","2020-06-01",54,10,107,129,5704,0.947755960729313,8265,30959,311,549,18,4361,4,1065,14,4
"878","2020-06-02",55,10,107,124,5704,0.947755960729313,8265,30959,311,549,13,4374,12,1077,12,12
"879","2020-06-03",50,10,125,119,5704,0.947755960729313,8265,30959,311,549,13,4387,5,1082,11,5
"880","2020-06-04",46,10,117,108,5704,0.947755960729313,8265,30959,311,549,15,4402,10,1092,10,10
"881","2020-06-05",38,10,111,97,5704,0.947755960729313,8265,30959,311,549,12,4414,8,1100,9,8
"882","2020-06-06",39,10,104,88,5704,0.947755960729313,8265,30959,311,549,11,4425,6,1106,9,6
"883","2020-06-07",34,10,103,87,5704,0.947755960729313,8265,30959,311,549,12,4437,2,1108,10,2
"884","2020-03-13",1,11,31,51,5697,0.813235035983851,8460,32523,385,546,20,60,15,38,1,15
"885","2020-03-14",2,11,34,84,5697,0.813235035983851,8460,32523,385,546,24,84,21,59,3,21
"886","2020-03-15",10,11,29,111,5697,0.813235035983851,8460,32523,385,546,28,112,29,88,14,29
"887","2020-03-16",12,11,37,142,5697,0.813235035983851,8460,32523,385,546,35,147,33,121,16,33
"888","2020-03-17",17,11,41,179,5697,0.813235035983851,8460,32523,385,546,39,186,40,161,17,40
"889","2020-03-18",20,11,54,219,5697,0.813235035983851,8460,32523,385,546,48,234,49,210,35,49
"890","2020-03-19",31,11,48,257,5697,0.813235035983851,8460,32523,385,546,35,269,39,249,23,39
"891","2020-03-20",42,11,58,304,5697,0.813235035983851,8460,32523,385,546,42,311,30,279,22,30
"892","2020-03-21",63,11,58,350,5697,0.813235035983851,8460,32523,385,546,50,361,36,315,29,36
"893","2020-03-22",76,11,62,400,5697,0.813235035983851,8460,32523,385,546,53,414,35,350,27,35
"894","2020-03-23",84,11,69,476,5697,0.813235035983851,8460,32523,385,546,56,470,40,390,35,40
"895","2020-03-24",95,11,85,511,5697,0.813235035983851,8460,32523,385,546,58,528,35,425,46,35
"896","2020-03-25",115,11,86,586,5697,0.813235035983851,8460,32523,385,546,71,599,53,478,49,53
"897","2020-03-26",128,11,75,636,5697,0.813235035983851,8460,32523,385,546,62,661,36,514,41,36
"898","2020-03-27",169,11,92,710,5697,0.813235035983851,8460,32523,385,546,59,720,21,535,46,21
"899","2020-03-28",201,11,85,787,5697,0.813235035983851,8460,32523,385,546,53,773,29,564,38,29
"900","2020-03-29",229,11,94,852,5697,0.813235035983851,8460,32523,385,546,77,850,29,593,57,29
"901","2020-03-30",237,11,87,923,5697,0.813235035983851,8460,32523,385,546,69,919,51,644,49,51
"902","2020-03-31",242,11,82,986,5697,0.813235035983851,8460,32523,385,546,70,989,37,681,44,37
"903","2020-04-01",254,11,82,1050,5697,0.813235035983851,8460,32523,385,546,72,1061,44,725,58,44
"904","2020-04-02",269,11,74,1138,5697,0.813235035983851,8460,32523,385,546,97,1158,40,765,78,40
"905","2020-04-03",352,11,72,1150,5697,0.813235035983851,8460,32523,385,546,83,1241,32,797,59,32
"906","2020-04-04",385,11,97,1216,5697,0.813235035983851,8460,32523,385,546,88,1329,52,849,61,52
"907","2020-04-05",359,11,104,1303,5697,0.813235035983851,8460,32523,385,546,83,1412,49,898,68,49
"908","2020-04-06",365,11,117,1350,5697,0.813235035983851,8460,32523,385,546,96,1508,51,949,73,51
"909","2020-04-07",380,11,106,1408,5697,0.813235035983851,8460,32523,385,546,89,1597,65,1014,63,65
"910","2020-04-08",405,11,94,1457,5697,0.813235035983851,8460,32523,385,546,93,1690,49,1063,79,49
"911","2020-04-09",408,11,86,1515,5697,0.813235035983851,8460,32523,385,546,107,1797,55,1118,79,55
"912","2020-04-10",484,11,84,1551,5697,0.813235035983851,8460,32523,385,546,68,1865,43,1161,48,43
"913","2020-04-11",483,11,81,1566,5697,0.813235035983851,8460,32523,385,546,80,1945,32,1193,60,32
"914","2020-04-12",483,11,70,1572,5697,0.813235035983851,8460,32523,385,546,88,2033,40,1233,61,40
"915","2020-04-13",486,11,74,1603,5697,0.813235035983851,8460,32523,385,546,78,2111,28,1261,54,28
"916","2020-04-14",491,11,84,1608,5697,0.813235035983851,8460,32523,385,546,87,2198,38,1299,67,38
"917","2020-04-15",491,11,84,1599,5697,0.813235035983851,8460,32523,385,546,69,2267,45,1344,50,45
"918","2020-04-16",502,11,94,1568,5697,0.813235035983851,8460,32523,385,546,98,2365,42,1386,75,42
"919","2020-04-17",558,11,93,1546,5697,0.813235035983851,8460,32523,385,546,85,2450,34,1420,66,34
"920","2020-04-18",568,11,115,1502,5697,0.813235035983851,8460,32523,385,546,72,2522,54,1474,49,54
"921","2020-04-19",524,11,134,1463,5697,0.813235035983851,8460,32523,385,546,74,2596,52,1526,58,52
"922","2020-04-20",509,11,137,1439,5697,0.813235035983851,8460,32523,385,546,77,2673,25,1551,50,25
"923","2020-04-21",498,11,138,1414,5697,0.813235035983851,8460,32523,385,546,75,2748,40,1591,57,40
"924","2020-04-22",501,11,135,1367,5697,0.813235035983851,8460,32523,385,546,59,2807,64,1655,36,64
"925","2020-04-23",499,11,139,1275,5697,0.813235035983851,8460,32523,385,546,61,2868,57,1712,46,57
"926","2020-04-24",466,11,126,1236,5697,0.813235035983851,8460,32523,385,546,82,2950,52,1764,61,52
"927","2020-04-25",464,11,121,1168,5697,0.813235035983851,8460,32523,385,546,60,3010,24,1788,43,24
"928","2020-04-26",458,11,127,1096,5697,0.813235035983851,8460,32523,385,546,62,3072,46,1834,46,46
"929","2020-04-27",448,11,128,1037,5697,0.813235035983851,8460,32523,385,546,65,3137,42,1876,44,42
"930","2020-04-28",423,11,145,967,5697,0.813235035983851,8460,32523,385,546,56,3193,36,1912,33,36
"931","2020-04-29",390,11,131,916,5697,0.813235035983851,8460,32523,385,546,63,3256,38,1950,47,38
"932","2020-04-30",367,11,132,861,5697,0.813235035983851,8460,32523,385,546,57,3313,39,1989,38,39
"933","2020-05-01",345,11,138,794,5697,0.813235035983851,8460,32523,385,546,46,3359,26,2015,33,26
"934","2020-05-02",326,11,125,744,5697,0.813235035983851,8460,32523,385,546,54,3413,42,2057,34,42
"935","2020-05-03",285,11,136,681,5697,0.813235035983851,8460,32523,385,546,54,3467,55,2112,35,55
"936","2020-05-04",261,11,145,624,5697,0.813235035983851,8460,32523,385,546,54,3521,44,2156,42,44
"937","2020-05-05",247,11,149,558,5697,0.813235035983851,8460,32523,385,546,51,3572,46,2202,33,46
"938","2020-05-06",244,11,124,528,5697,0.813235035983851,8460,32523,385,546,45,3617,47,2249,28,47
"939","2020-05-07",228,11,143,499,5697,0.813235035983851,8460,32523,385,546,53,3670,51,2300,31,51
"940","2020-05-08",189,11,143,462,5697,0.813235035983851,8460,32523,385,546,56,3726,46,2346,30,46
"941","2020-05-09",178,11,129,449,5697,0.813235035983851,8460,32523,385,546,47,3773,56,2402,29,56
"942","2020-05-10",171,11,124,431,5697,0.813235035983851,8460,32523,385,546,40,3813,37,2439,21,37
"943","2020-05-11",172,11,118,400,5697,0.813235035983851,8460,32523,385,546,40,3853,42,2481,28,42
"944","2020-05-12",156,11,91,374,5697,0.813235035983851,8460,32523,385,546,49,3902,38,2519,26,38
"945","2020-05-13",138,11,81,359,5697,0.813235035983851,8460,32523,385,546,42,3944,33,2552,25,33
"946","2020-05-14",140,11,99,343,5697,0.813235035983851,8460,32523,385,546,29,3973,25,2577,18,25
"947","2020-05-15",143,11,89,327,5697,0.813235035983851,8460,32523,385,546,38,4011,29,2606,20,29
"948","2020-05-16",133,11,86,316,5697,0.813235035983851,8460,32523,385,546,33,4044,33,2639,17,33
"949","2020-05-17",134,11,76,296,5697,0.813235035983851,8460,32523,385,546,31,4075,50,2689,16,50
"950","2020-05-18",124,11,62,280,5697,0.813235035983851,8460,32523,385,546,42,4117,51,2740,25,51
"951","2020-05-19",105,11,62,274,5697,0.813235035983851,8460,32523,385,546,45,4162,55,2795,27,55
"952","2020-05-20",109,11,55,249,5697,0.813235035983851,8460,32523,385,546,26,4188,41,2836,18,41
"953","2020-05-21",101,11,65,229,5697,0.813235035983851,8460,32523,385,546,25,4213,55,2891,16,55
"954","2020-05-22",101,11,81,220,5697,0.813235035983851,8460,32523,385,546,37,4250,58,2949,26,58
"955","2020-05-23",105,11,86,205,5697,0.813235035983851,8460,32523,385,546,23,4273,40,2989,16,40
"956","2020-05-24",85,11,95,193,5697,0.813235035983851,8460,32523,385,546,22,4295,26,3015,10,26
"957","2020-05-25",84,11,111,190,5697,0.813235035983851,8460,32523,385,546,29,4324,47,3062,15,47
"958","2020-05-26",77,11,103,168,5697,0.813235035983851,8460,32523,385,546,30,4354,64,3126,17,64
"959","2020-05-27",68,11,92,156,5697,0.813235035983851,8460,32523,385,546,25,4379,45,3171,19,45
"960","2020-05-28",66,11,86,156,5697,0.813235035983851,8460,32523,385,546,21,4400,50,3221,12,50
"961","2020-05-29",60,11,81,143,5697,0.813235035983851,8460,32523,385,546,21,4421,54,3275,13,54
"962","2020-05-30",49,11,85,140,5697,0.813235035983851,8460,32523,385,546,25,4446,44,3319,20,44
"963","2020-05-31",45,11,88,125,5697,0.813235035983851,8460,32523,385,546,19,4465,46,3365,11,46
"964","2020-06-01",40,11,104,119,5697,0.813235035983851,8460,32523,385,546,22,4487,47,3412,14,47
"965","2020-06-02",41,11,111,108,5697,0.813235035983851,8460,32523,385,546,13,4500,43,3455,8,43
"966","2020-06-03",43,11,97,105,5697,0.813235035983851,8460,32523,385,546,18,4518,29,3484,10,29
"967","2020-06-04",44,11,89,92,5697,0.813235035983851,8460,32523,385,546,28,4546,45,3529,15,45
"968","2020-06-05",40,11,79,86,5697,0.813235035983851,8460,32523,385,546,19,4565,37,3566,15,37
"969","2020-06-06",38,11,77,83,5697,0.813235035983851,8460,32523,385,546,19,4584,36,3602,12,36
"970","2020-06-07",32,11,65,80,5697,0.813235035983851,8460,32523,385,546,17,4601,35,3637,10,35
"971","2020-03-12",1,12,13,38,3920,0.578316326530612,8220,27862,243,504,7,15,8,14,3,8
"972","2020-03-13",2,12,26,58,3920,0.578316326530612,8220,27862,243,504,9,24,4,18,3,4
"973","2020-03-14",7,12,24,73,3920,0.578316326530612,8220,27862,243,504,10,34,9,27,1,9
"974","2020-03-15",8,12,33,102,3920,0.578316326530612,8220,27862,243,504,13,47,3,30,4,3
"975","2020-03-16",11,12,39,131,3920,0.578316326530612,8220,27862,243,504,11,58,4,34,3,4
"976","2020-03-17",12,12,47,150,3920,0.578316326530612,8220,27862,243,504,22,80,3,37,12,3
"977","2020-03-18",16,12,45,169,3920,0.578316326530612,8220,27862,243,504,23,103,3,40,14,3
"978","2020-03-19",21,12,50,208,3920,0.578316326530612,8220,27862,243,504,22,125,18,58,11,18
"979","2020-03-20",30,12,66,235,3920,0.578316326530612,8220,27862,243,504,26,151,9,67,17,9
"980","2020-03-21",37,12,70,267,3920,0.578316326530612,8220,27862,243,504,19,170,10,77,15,10
"981","2020-03-22",51,12,70,305,3920,0.578316326530612,8220,27862,243,504,32,202,8,85,25,8
"982","2020-03-23",60,12,76,326,3920,0.578316326530612,8220,27862,243,504,32,234,12,97,23,12
"983","2020-03-24",70,12,70,339,3920,0.578316326530612,8220,27862,243,504,46,280,13,110,32,13
"984","2020-03-25",81,12,80,358,3920,0.578316326530612,8220,27862,243,504,33,313,16,126,24,16
"985","2020-03-26",95,12,85,382,3920,0.578316326530612,8220,27862,243,504,50,363,4,130,37,4
"986","2020-03-27",109,12,84,421,3920,0.578316326530612,8220,27862,243,504,51,414,23,153,41,23
"987","2020-03-28",116,12,86,457,3920,0.578316326530612,8220,27862,243,504,35,449,28,181,31,28
"988","2020-03-29",137,12,89,490,3920,0.578316326530612,8220,27862,243,504,54,503,17,198,40,17
"989","2020-03-30",143,12,91,530,3920,0.578316326530612,8220,27862,243,504,52,555,24,222,42,24
"990","2020-03-31",136,12,103,549,3920,0.578316326530612,8220,27862,243,504,61,616,31,253,54,31
"991","2020-04-01",144,12,112,571,3920,0.578316326530612,8220,27862,243,504,45,661,18,271,36,18
"992","2020-04-02",143,12,118,585,3920,0.578316326530612,8220,27862,243,504,73,734,9,280,58,9
"993","2020-04-03",175,12,138,616,3920,0.578316326530612,8220,27862,243,504,61,795,15,295,52,15
"994","2020-04-04",178,12,147,632,3920,0.578316326530612,8220,27862,243,504,50,845,28,323,37,28
"995","2020-04-05",188,12,148,664,3920,0.578316326530612,8220,27862,243,504,62,907,9,332,53,9
"996","2020-04-06",199,12,137,691,3920,0.578316326530612,8220,27862,243,504,76,983,16,348,70,16
"997","2020-04-07",201,12,141,714,3920,0.578316326530612,8220,27862,243,504,92,1075,17,365,77,17
"998","2020-04-08",201,12,132,720,3920,0.578316326530612,8220,27862,243,504,76,1151,32,397,65,32
"999","2020-04-09",210,12,133,738,3920,0.578316326530612,8220,27862,243,504,110,1261,45,442,97,45
"1000","2020-04-10",234,12,123,742,3920,0.578316326530612,8220,27862,243,504,80,1341,23,465,69,23
"1001","2020-04-11",239,12,116,758,3920,0.578316326530612,8220,27862,243,504,68,1409,18,483,55,18
"1002","2020-04-12",241,12,129,760,3920,0.578316326530612,8220,27862,243,504,76,1485,12,495,64,12
"1003","2020-04-13",238,12,147,777,3920,0.578316326530612,8220,27862,243,504,81,1566,23,518,69,23
"1004","2020-04-14",242,12,140,786,3920,0.578316326530612,8220,27862,243,504,86,1652,10,528,74,10
"1005","2020-04-15",251,12,124,799,3920,0.578316326530612,8220,27862,243,504,74,1726,15,543,64,15
"1006","2020-04-16",255,12,125,764,3920,0.578316326530612,8220,27862,243,504,78,1804,7,550,67,7
"1007","2020-04-17",272,12,133,755,3920,0.578316326530612,8220,27862,243,504,98,1902,8,558,86,8
"1008","2020-04-18",313,12,130,759,3920,0.578316326530612,8220,27862,243,504,61,1963,10,568,50,10
"1009","2020-04-19",289,12,129,756,3920,0.578316326530612,8220,27862,243,504,84,2047,22,590,77,22
"1010","2020-04-20",288,12,134,761,3920,0.578316326530612,8220,27862,243,504,90,2137,13,603,85,13
"1011","2020-04-21",277,12,117,758,3920,0.578316326530612,8220,27862,243,504,79,2216,29,632,65,29
"1012","2020-04-22",270,12,119,754,3920,0.578316326530612,8220,27862,243,504,65,2281,40,672,58,40
"1013","2020-04-23",262,12,133,709,3920,0.578316326530612,8220,27862,243,504,77,2358,34,706,65,34
"1014","2020-04-24",266,12,130,705,3920,0.578316326530612,8220,27862,243,504,77,2435,18,724,67,18
"1015","2020-04-25",230,12,145,680,3920,0.578316326530612,8220,27862,243,504,60,2495,18,742,50,18
"1016","2020-04-26",227,12,142,665,3920,0.578316326530612,8220,27862,243,504,55,2550,37,779,44,37
"1017","2020-04-27",223,12,139,660,3920,0.578316326530612,8220,27862,243,504,59,2609,21,800,47,21
"1018","2020-04-28",211,12,148,640,3920,0.578316326530612,8220,27862,243,504,68,2677,24,824,54,24
"1019","2020-04-29",207,12,145,624,3920,0.578316326530612,8220,27862,243,504,64,2741,22,846,56,22
"1020","2020-04-30",210,12,153,629,3920,0.578316326530612,8220,27862,243,504,59,2800,33,879,54,33
"1021","2020-05-01",198,12,147,625,3920,0.578316326530612,8220,27862,243,504,50,2850,19,898,40,19
"1022","2020-05-02",200,12,130,598,3920,0.578316326530612,8220,27862,243,504,52,2902,15,913,48,15
"1023","2020-05-03",192,12,129,592,3920,0.578316326530612,8220,27862,243,504,57,2959,32,945,45,32
"1024","2020-05-04",181,12,128,579,3920,0.578316326530612,8220,27862,243,504,56,3015,12,957,45,12
"1025","2020-05-05",182,12,114,564,3920,0.578316326530612,8220,27862,243,504,40,3055,28,985,30,28
"1026","2020-05-06",183,12,114,553,3920,0.578316326530612,8220,27862,243,504,47,3102,11,996,43,11
"1027","2020-05-07",177,12,109,543,3920,0.578316326530612,8220,27862,243,504,56,3158,18,1014,45,18
"1028","2020-05-08",188,12,112,528,3920,0.578316326530612,8220,27862,243,504,38,3196,35,1049,29,35
"1029","2020-05-09",185,12,104,494,3920,0.578316326530612,8220,27862,243,504,55,3251,27,1076,46,27
"1030","2020-05-10",171,12,87,480,3920,0.578316326530612,8220,27862,243,504,35,3286,19,1095,28,19
"1031","2020-05-11",164,12,85,469,3920,0.578316326530612,8220,27862,243,504,41,3327,11,1106,30,11
"1032","2020-05-12",165,12,92,464,3920,0.578316326530612,8220,27862,243,504,45,3372,21,1127,35,21
"1033","2020-05-13",158,12,102,446,3920,0.578316326530612,8220,27862,243,504,44,3416,15,1142,36,15
"1034","2020-05-14",157,12,113,429,3920,0.578316326530612,8220,27862,243,504,42,3458,10,1152,36,10
"1035","2020-05-15",149,12,110,418,3920,0.578316326530612,8220,27862,243,504,29,3487,29,1181,23,29
"1036","2020-05-16",149,12,113,398,3920,0.578316326530612,8220,27862,243,504,35,3522,21,1202,32,21
"1037","2020-05-17",155,12,131,393,3920,0.578316326530612,8220,27862,243,504,35,3557,12,1214,28,12
"1038","2020-05-18",150,12,130,380,3920,0.578316326530612,8220,27862,243,504,35,3592,18,1232,27,18
"1039","2020-05-19",128,12,131,354,3920,0.578316326530612,8220,27862,243,504,35,3627,36,1268,29,36
"1040","2020-05-20",124,12,120,333,3920,0.578316326530612,8220,27862,243,504,42,3669,25,1293,31,25
"1041","2020-05-21",117,12,114,320,3920,0.578316326530612,8220,27862,243,504,29,3698,22,1315,25,22
"1042","2020-05-22",133,12,122,301,3920,0.578316326530612,8220,27862,243,504,26,3724,8,1323,25,8
"1043","2020-05-23",130,12,129,278,3920,0.578316326530612,8220,27862,243,504,28,3752,17,1340,23,17
"1044","2020-05-24",98,12,127,265,3920,0.578316326530612,8220,27862,243,504,24,3776,11,1351,16,11
"1045","2020-05-25",96,12,132,261,3920,0.578316326530612,8220,27862,243,504,24,3800,4,1355,15,4
"1046","2020-05-26",99,12,137,250,3920,0.578316326530612,8220,27862,243,504,31,3831,11,1366,26,11
"1047","2020-05-27",98,12,128,240,3920,0.578316326530612,8220,27862,243,504,13,3844,21,1387,12,21
"1048","2020-05-28",92,12,122,236,3920,0.578316326530612,8220,27862,243,504,30,3874,18,1405,23,18
"1049","2020-05-29",80,12,130,233,3920,0.578316326530612,8220,27862,243,504,11,3885,18,1423,8,18
"1050","2020-05-30",73,12,131,224,3920,0.578316326530612,8220,27862,243,504,15,3900,9,1432,11,9
"1051","2020-05-31",72,12,128,212,3920,0.578316326530612,8220,27862,243,504,16,3916,20,1452,10,20
"1052","2020-06-01",71,12,127,219,3920,0.578316326530612,8220,27862,243,504,21,3937,12,1464,19,12
"1053","2020-06-02",66,12,141,207,3920,0.578316326530612,8220,27862,243,504,16,3953,9,1473,12,9
"1054","2020-06-03",65,12,136,191,3920,0.578316326530612,8220,27862,243,504,10,3963,19,1492,10,19
"1055","2020-06-04",64,12,127,177,3920,0.578316326530612,8220,27862,243,504,21,3984,12,1504,14,12
"1056","2020-06-05",56,12,120,158,3920,0.578316326530612,8220,27862,243,504,9,3993,17,1521,6,17
"1057","2020-06-06",60,12,114,154,3920,0.578316326530612,8220,27862,243,504,13,4006,10,1531,10,10
"1058","2020-06-07",57,12,115,145,3920,0.578316326530612,8220,27862,243,504,10,4016,16,1547,10,16
"1059","2020-03-15",4,13,41,31,5485,0.922880583409298,8205,31599,344,401,20,78,12,35,7,12
"1060","2020-03-16",4,13,45,50,5485,0.922880583409298,8205,31599,344,401,21,99,2,37,7,2
"1061","2020-03-17",2,13,52,71,5485,0.922880583409298,8205,31599,344,401,28,127,8,45,11,8
"1062","2020-03-18",2,13,52,94,5485,0.922880583409298,8205,31599,344,401,35,162,9,54,20,9
"1063","2020-03-19",10,13,50,115,5485,0.922880583409298,8205,31599,344,401,23,185,7,61,10,7
"1064","2020-03-20",16,13,44,138,5485,0.922880583409298,8205,31599,344,401,24,209,8,69,15,8
"1065","2020-03-21",18,13,50,166,5485,0.922880583409298,8205,31599,344,401,29,238,6,75,24,6
"1066","2020-03-22",32,13,55,198,5485,0.922880583409298,8205,31599,344,401,29,267,3,78,20,3
"1067","2020-03-23",41,13,51,230,5485,0.922880583409298,8205,31599,344,401,40,307,7,85,29,7
"1068","2020-03-24",48,13,51,287,5485,0.922880583409298,8205,31599,344,401,34,341,8,93,21,8
"1069","2020-03-25",54,13,60,314,5485,0.922880583409298,8205,31599,344,401,40,381,14,107,23,14
"1070","2020-03-26",54,13,59,353,5485,0.922880583409298,8205,31599,344,401,36,417,9,116,24,9
"1071","2020-03-27",81,13,60,387,5485,0.922880583409298,8205,31599,344,401,54,471,14,130,38,14
"1072","2020-03-28",99,13,66,433,5485,0.922880583409298,8205,31599,344,401,61,532,12,142,47,12
"1073","2020-03-29",108,13,82,501,5485,0.922880583409298,8205,31599,344,401,43,575,3,145,36,3
"1074","2020-03-30",113,13,81,530,5485,0.922880583409298,8205,31599,344,401,40,615,6,151,31,6
"1075","2020-03-31",128,13,81,593,5485,0.922880583409298,8205,31599,344,401,49,664,8,159,37,8
"1076","2020-04-01",148,13,78,644,5485,0.922880583409298,8205,31599,344,401,50,714,5,164,37,5
"1077","2020-04-02",163,13,88,704,5485,0.922880583409298,8205,31599,344,401,58,772,14,178,44,14
"1078","2020-04-03",197,13,95,777,5485,0.922880583409298,8205,31599,344,401,65,837,22,200,55,22
"1079","2020-04-04",250,13,92,834,5485,0.922880583409298,8205,31599,344,401,64,901,13,213,49,13
"1080","2020-04-05",249,13,98,880,5485,0.922880583409298,8205,31599,344,401,66,967,9,222,49,9
"1081","2020-04-06",253,13,97,926,5485,0.922880583409298,8205,31599,344,401,62,1029,17,239,39,17
"1082","2020-04-07",246,13,110,992,5485,0.922880583409298,8205,31599,344,401,69,1098,14,253,57,14
"1083","2020-04-08",252,13,112,1071,5485,0.922880583409298,8205,31599,344,401,73,1171,22,275,62,22
"1084","2020-04-09",263,13,128,1133,5485,0.922880583409298,8205,31599,344,401,98,1269,22,297,78,22
"1085","2020-04-10",347,13,115,1184,5485,0.922880583409298,8205,31599,344,401,60,1329,26,323,48,26
"1086","2020-04-11",360,13,115,1237,5485,0.922880583409298,8205,31599,344,401,82,1411,24,347,69,24
"1087","2020-04-12",369,13,126,1285,5485,0.922880583409298,8205,31599,344,401,84,1495,23,370,69,23
"1088","2020-04-13",369,13,126,1352,5485,0.922880583409298,8205,31599,344,401,79,1574,31,401,64,31
"1089","2020-04-14",377,13,124,1405,5485,0.922880583409298,8205,31599,344,401,81,1655,23,424,67,23
"1090","2020-04-15",395,13,109,1421,5485,0.922880583409298,8205,31599,344,401,97,1752,21,445,75,21
"1091","2020-04-16",410,13,104,1433,5485,0.922880583409298,8205,31599,344,401,78,1830,22,467,65,22
"1092","2020-04-17",463,13,95,1473,5485,0.922880583409298,8205,31599,344,401,84,1914,23,490,73,23
"1093","2020-04-18",455,13,90,1501,5485,0.922880583409298,8205,31599,344,401,99,2013,22,512,72,22
"1094","2020-04-19",446,13,94,1490,5485,0.922880583409298,8205,31599,344,401,88,2101,21,533,74,21
"1095","2020-04-20",456,13,86,1490,5485,0.922880583409298,8205,31599,344,401,84,2185,27,560,75,27
"1096","2020-04-21",467,13,84,1490,5485,0.922880583409298,8205,31599,344,401,84,2269,9,569,66,9
"1097","2020-04-22",473,13,72,1454,5485,0.922880583409298,8205,31599,344,401,75,2344,20,589,63,20
"1098","2020-04-23",470,13,83,1471,5485,0.922880583409298,8205,31599,344,401,84,2428,14,603,68,14
"1099","2020-04-24",522,13,87,1468,5485,0.922880583409298,8205,31599,344,401,84,2512,17,620,72,17
"1100","2020-04-25",537,13,93,1435,5485,0.922880583409298,8205,31599,344,401,75,2587,19,639,63,19
"1101","2020-04-26",478,13,85,1405,5485,0.922880583409298,8205,31599,344,401,55,2642,15,654,43,15
"1102","2020-04-27",470,13,97,1364,5485,0.922880583409298,8205,31599,344,401,83,2725,20,674,60,20
"1103","2020-04-28",464,13,91,1316,5485,0.922880583409298,8205,31599,344,401,71,2796,25,699,56,25
"1104","2020-04-29",450,13,103,1268,5485,0.922880583409298,8205,31599,344,401,83,2879,17,716,66,17
"1105","2020-04-30",453,13,94,1244,5485,0.922880583409298,8205,31599,344,401,53,2932,17,733,42,17
"1106","2020-05-01",465,13,97,1187,5485,0.922880583409298,8205,31599,344,401,85,3017,12,745,66,12
"1107","2020-05-02",458,13,99,1123,5485,0.922880583409298,8205,31599,344,401,74,3091,15,760,63,15
"1108","2020-05-03",424,13,119,1077,5485,0.922880583409298,8205,31599,344,401,64,3155,25,785,49,25
"1109","2020-05-04",402,13,135,1016,5485,0.922880583409298,8205,31599,344,401,64,3219,25,810,51,25
"1110","2020-05-05",374,13,141,942,5485,0.922880583409298,8205,31599,344,401,70,3289,15,825,60,15
"1111","2020-05-06",366,13,137,884,5485,0.922880583409298,8205,31599,344,401,56,3345,18,843,37,18
"1112","2020-05-07",348,13,137,824,5485,0.922880583409298,8205,31599,344,401,53,3398,15,858,40,15
"1113","2020-05-08",308,13,130,776,5485,0.922880583409298,8205,31599,344,401,54,3452,14,872,42,14
"1114","2020-05-09",294,13,132,726,5485,0.922880583409298,8205,31599,344,401,54,3506,7,879,42,7
"1115","2020-05-10",264,13,136,660,5485,0.922880583409298,8205,31599,344,401,48,3554,3,882,40,3
"1116","2020-05-11",252,13,135,610,5485,0.922880583409298,8205,31599,344,401,51,3605,5,887,38,5
"1117","2020-05-12",244,13,124,547,5485,0.922880583409298,8205,31599,344,401,57,3662,18,905,44,18
"1118","2020-05-13",237,13,129,498,5485,0.922880583409298,8205,31599,344,401,39,3701,9,914,31,9
"1119","2020-05-14",221,13,135,474,5485,0.922880583409298,8205,31599,344,401,45,3746,6,920,35,6
"1120","2020-05-15",187,13,133,419,5485,0.922880583409298,8205,31599,344,401,34,3780,5,925,28,5
"1121","2020-05-16",162,13,135,391,5485,0.922880583409298,8205,31599,344,401,38,3818,15,940,30,15
"1122","2020-05-17",149,13,127,367,5485,0.922880583409298,8205,31599,344,401,42,3860,19,959,31,19
"1123","2020-05-18",140,13,132,346,5485,0.922880583409298,8205,31599,344,401,38,3898,13,972,25,13
"1124","2020-05-19",129,13,122,324,5485,0.922880583409298,8205,31599,344,401,31,3929,15,987,22,15
"1125","2020-05-20",116,13,114,302,5485,0.922880583409298,8205,31599,344,401,45,3974,8,995,38,8
"1126","2020-05-21",108,13,114,285,5485,0.922880583409298,8205,31599,344,401,37,4011,17,1012,26,17
"1127","2020-05-22",92,13,128,264,5485,0.922880583409298,8205,31599,344,401,28,4039,16,1028,21,16
"1128","2020-05-23",94,13,135,250,5485,0.922880583409298,8205,31599,344,401,29,4068,13,1041,24,13
"1129","2020-05-24",95,13,129,239,5485,0.922880583409298,8205,31599,344,401,27,4095,17,1058,17,17
"1130","2020-05-25",87,13,142,220,5485,0.922880583409298,8205,31599,344,401,24,4119,10,1068,19,10
"1131","2020-05-26",75,13,137,204,5485,0.922880583409298,8205,31599,344,401,34,4153,8,1076,23,8
"1132","2020-05-27",66,13,132,194,5485,0.922880583409298,8205,31599,344,401,29,4182,18,1094,24,18
"1133","2020-05-28",61,13,132,176,5485,0.922880583409298,8205,31599,344,401,34,4216,17,1111,23,17
"1134","2020-05-29",58,13,128,157,5485,0.922880583409298,8205,31599,344,401,17,4233,16,1127,12,16
"1135","2020-05-30",61,13,132,143,5485,0.922880583409298,8205,31599,344,401,27,4260,13,1140,23,13
"1136","2020-05-31",59,13,119,133,5485,0.922880583409298,8205,31599,344,401,17,4277,10,1150,13,10
"1137","2020-06-01",59,13,114,129,5485,0.922880583409298,8205,31599,344,401,17,4294,9,1159,14,9
"1138","2020-06-02",56,13,94,111,5485,0.922880583409298,8205,31599,344,401,23,4317,9,1168,18,9
"1139","2020-06-03",57,13,95,101,5485,0.922880583409298,8205,31599,344,401,25,4342,9,1177,18,9
"1140","2020-06-04",57,13,104,104,5485,0.922880583409298,8205,31599,344,401,12,4354,17,1194,9,17
"1141","2020-06-05",52,13,99,91,5485,0.922880583409298,8205,31599,344,401,17,4371,8,1202,12,8
"1142","2020-06-06",47,13,98,86,5485,0.922880583409298,8205,31599,344,401,17,4388,4,1206,15,4
"1143","2020-06-07",39,13,98,83,5485,0.922880583409298,8205,31599,344,401,10,4398,6,1212,10,6
"1144","2020-03-14",1,14,29,28,5376,0.905691964285714,8415,32002,279,550,27,63,6,30,9,6
"1145","2020-03-15",5,14,37,40,5376,0.905691964285714,8415,32002,279,550,18,81,4,34,11,4
"1146","2020-03-16",5,14,42,58,5376,0.905691964285714,8415,32002,279,550,31,112,4,38,14,4
"1147","2020-03-17",4,14,56,81,5376,0.905691964285714,8415,32002,279,550,30,142,4,42,13,4
"1148","2020-03-18",7,14,57,92,5376,0.905691964285714,8415,32002,279,550,34,176,16,58,28,16
"1149","2020-03-19",10,14,65,123,5376,0.905691964285714,8415,32002,279,550,38,214,14,72,28,14
"1150","2020-03-20",16,14,63,143,5376,0.905691964285714,8415,32002,279,550,36,250,20,92,26,20
"1151","2020-03-21",33,14,75,158,5376,0.905691964285714,8415,32002,279,550,44,294,12,104,34,12
"1152","2020-03-22",37,14,89,190,5376,0.905691964285714,8415,32002,279,550,43,337,21,125,39,21
"1153","2020-03-23",42,14,94,216,5376,0.905691964285714,8415,32002,279,550,40,377,12,137,27,12
"1154","2020-03-24",50,14,91,248,5376,0.905691964285714,8415,32002,279,550,36,413,8,145,29,8
"1155","2020-03-25",60,14,78,282,5376,0.905691964285714,8415,32002,279,550,48,461,18,163,38,18
"1156","2020-03-26",65,14,72,311,5376,0.905691964285714,8415,32002,279,550,55,516,10,173,43,10
"1157","2020-03-27",79,14,67,332,5376,0.905691964285714,8415,32002,279,550,47,563,22,195,38,22
"1158","2020-03-28",84,14,72,349,5376,0.905691964285714,8415,32002,279,550,46,609,22,217,31,22
"1159","2020-03-29",101,14,75,371,5376,0.905691964285714,8415,32002,279,550,55,664,7,224,43,7
"1160","2020-03-30",99,14,77,419,5376,0.905691964285714,8415,32002,279,550,57,721,8,232,46,8
"1161","2020-03-31",102,14,86,442,5376,0.905691964285714,8415,32002,279,550,51,772,7,239,38,7
"1162","2020-04-01",103,14,92,488,5376,0.905691964285714,8415,32002,279,550,62,834,7,246,58,7
"1163","2020-04-02",109,14,104,509,5376,0.905691964285714,8415,32002,279,550,52,886,3,249,39,3
"1164","2020-04-03",150,14,113,559,5376,0.905691964285714,8415,32002,279,550,56,942,5,254,48,5
"1165","2020-04-04",158,14,126,601,5376,0.905691964285714,8415,32002,279,550,64,1006,32,286,55,32
"1166","2020-04-05",163,14,135,644,5376,0.905691964285714,8415,32002,279,550,68,1074,10,296,50,10
"1167","2020-04-06",176,14,138,701,5376,0.905691964285714,8415,32002,279,550,60,1134,12,308,51,12
"1168","2020-04-07",172,14,130,756,5376,0.905691964285714,8415,32002,279,550,80,1214,7,315,70,7
"1169","2020-04-08",193,14,125,798,5376,0.905691964285714,8415,32002,279,550,58,1272,8,323,49,8
"1170","2020-04-09",214,14,121,856,5376,0.905691964285714,8415,32002,279,550,63,1335,7,330,53,7
"1171","2020-04-10",242,14,120,907,5376,0.905691964285714,8415,32002,279,550,69,1404,30,360,61,30
"1172","2020-04-11",259,14,118,957,5376,0.905691964285714,8415,32002,279,550,56,1460,12,372,50,12
"1173","2020-04-12",277,14,128,1007,5376,0.905691964285714,8415,32002,279,550,75,1535,7,379,63,7
"1174","2020-04-13",289,14,116,1063,5376,0.905691964285714,8415,32002,279,550,60,1595,8,387,50,8
"1175","2020-04-14",301,14,123,1101,5376,0.905691964285714,8415,32002,279,550,83,1678,34,421,65,34
"1176","2020-04-15",303,14,129,1139,5376,0.905691964285714,8415,32002,279,550,66,1744,35,456,54,35
"1177","2020-04-16",309,14,139,1161,5376,0.905691964285714,8415,32002,279,550,65,1809,26,482,59,26
"1178","2020-04-17",396,14,145,1206,5376,0.905691964285714,8415,32002,279,550,66,1875,28,510,57,28
"1179","2020-04-18",413,14,155,1257,5376,0.905691964285714,8415,32002,279,550,67,1942,31,541,56,31
"1180","2020-04-19",413,14,180,1295,5376,0.905691964285714,8415,32002,279,550,70,2012,24,565,61,24
"1181","2020-04-20",413,14,192,1307,5376,0.905691964285714,8415,32002,279,550,79,2091,22,587,70,22
"1182","2020-04-21",409,14,210,1368,5376,0.905691964285714,8415,32002,279,550,59,2150,32,619,47,32
"1183","2020-04-22",412,14,218,1354,5376,0.905691964285714,8415,32002,279,550,72,2222,33,652,60,33
"1184","2020-04-23",416,14,231,1352,5376,0.905691964285714,8415,32002,279,550,85,2307,21,673,71,21
"1185","2020-04-24",472,14,208,1344,5376,0.905691964285714,8415,32002,279,550,62,2369,27,700,50,27
"1186","2020-04-25",503,14,186,1342,5376,0.905691964285714,8415,32002,279,550,59,2428,13,713,50,13
"1187","2020-04-26",446,14,195,1325,5376,0.905691964285714,8415,32002,279,550,66,2494,17,730,56,17
"1188","2020-04-27",433,14,194,1329,5376,0.905691964285714,8415,32002,279,550,60,2554,41,771,48,41
"1189","2020-04-28",430,14,180,1299,5376,0.905691964285714,8415,32002,279,550,71,2625,21,792,58,21
"1190","2020-04-29",440,14,151,1301,5376,0.905691964285714,8415,32002,279,550,62,2687,16,808,49,16
"1191","2020-04-30",458,14,143,1266,5376,0.905691964285714,8415,32002,279,550,55,2742,7,815,46,7
"1192","2020-05-01",450,14,136,1233,5376,0.905691964285714,8415,32002,279,550,54,2796,9,824,47,9
"1193","2020-05-02",420,14,160,1184,5376,0.905691964285714,8415,32002,279,550,70,2866,5,829,64,5
"1194","2020-05-03",400,14,169,1155,5376,0.905691964285714,8415,32002,279,550,50,2916,9,838,41,9
"1195","2020-05-04",408,14,157,1136,5376,0.905691964285714,8415,32002,279,550,50,2966,34,872,41,34
"1196","2020-05-05",398,14,167,1113,5376,0.905691964285714,8415,32002,279,550,59,3025,31,903,49,31
"1197","2020-05-06",381,14,181,1078,5376,0.905691964285714,8415,32002,279,550,37,3062,16,919,30,16
"1198","2020-05-07",350,14,174,1011,5376,0.905691964285714,8415,32002,279,550,48,3110,35,954,39,35
"1199","2020-05-08",346,14,165,946,5376,0.905691964285714,8415,32002,279,550,60,3170,47,1001,49,47
"1200","2020-05-09",350,14,183,896,5376,0.905691964285714,8415,32002,279,550,40,3210,43,1044,30,43
"1201","2020-05-10",333,14,187,846,5376,0.905691964285714,8415,32002,279,550,47,3257,28,1072,35,28
"1202","2020-05-11",321,14,182,777,5376,0.905691964285714,8415,32002,279,550,53,3310,26,1098,47,26
"1203","2020-05-12",302,14,171,720,5376,0.905691964285714,8415,32002,279,550,46,3356,27,1125,34,27
"1204","2020-05-13",297,14,144,648,5376,0.905691964285714,8415,32002,279,550,46,3402,30,1155,40,30
"1205","2020-05-14",291,14,140,594,5376,0.905691964285714,8415,32002,279,550,47,3449,25,1180,38,25
"1206","2020-05-15",260,14,150,569,5376,0.905691964285714,8415,32002,279,550,48,3497,34,1214,40,34
"1207","2020-05-16",253,14,141,534,5376,0.905691964285714,8415,32002,279,550,45,3542,19,1233,41,19
"1208","2020-05-17",217,14,148,494,5376,0.905691964285714,8415,32002,279,550,46,3588,25,1258,41,25
"1209","2020-05-18",197,14,131,465,5376,0.905691964285714,8415,32002,279,550,38,3626,13,1271,28,13
"1210","2020-05-19",193,14,110,421,5376,0.905691964285714,8415,32002,279,550,43,3669,14,1285,37,14
"1211","2020-05-20",179,14,135,385,5376,0.905691964285714,8415,32002,279,550,40,3709,17,1302,33,17
"1212","2020-05-21",170,14,132,354,5376,0.905691964285714,8415,32002,279,550,33,3742,26,1328,24,26
"1213","2020-05-22",159,14,145,329,5376,0.905691964285714,8415,32002,279,550,26,3768,38,1366,21,38
"1214","2020-05-23",144,14,158,299,5376,0.905691964285714,8415,32002,279,550,30,3798,27,1393,27,27
"1215","2020-05-24",135,14,144,292,5376,0.905691964285714,8415,32002,279,550,26,3824,10,1403,19,10
"1216","2020-05-25",122,14,154,284,5376,0.905691964285714,8415,32002,279,550,30,3854,15,1418,25,15
"1217","2020-05-26",119,14,166,261,5376,0.905691964285714,8415,32002,279,550,26,3880,13,1431,21,13
"1218","2020-05-27",118,14,157,248,5376,0.905691964285714,8415,32002,279,550,29,3909,9,1440,24,9
"1219","2020-05-28",110,14,154,236,5376,0.905691964285714,8415,32002,279,550,28,3937,26,1466,21,26
"1220","2020-05-29",94,14,155,231,5376,0.905691964285714,8415,32002,279,550,24,3961,10,1476,21,10
"1221","2020-05-30",98,14,150,224,5376,0.905691964285714,8415,32002,279,550,25,3986,16,1492,20,16
"1222","2020-05-31",91,14,166,213,5376,0.905691964285714,8415,32002,279,550,16,4002,10,1502,15,10
"1223","2020-06-01",84,14,176,213,5376,0.905691964285714,8415,32002,279,550,7,4009,15,1517,7,15
"1224","2020-06-02",76,14,181,201,5376,0.905691964285714,8415,32002,279,550,20,4029,7,1524,19,7
"1225","2020-06-03",69,14,175,191,5376,0.905691964285714,8415,32002,279,550,19,4048,9,1533,15,9
"1226","2020-06-04",68,14,160,186,5376,0.905691964285714,8415,32002,279,550,15,4063,6,1539,12,6
"1227","2020-06-05",67,14,155,173,5376,0.905691964285714,8415,32002,279,550,14,4077,15,1554,10,15
"1228","2020-06-06",59,14,144,163,5376,0.905691964285714,8415,32002,279,550,15,4092,22,1576,12,22
"1229","2020-06-07",58,14,153,160,5376,0.905691964285714,8415,32002,279,550,12,4104,12,1588,9,12
"1230","2020-03-13",1,15,76,74,4654,0.610657498925655,8205,31370,246,745,29,71,18,33,2,18
"1231","2020-03-14",2,15,94,117,4654,0.610657498925655,8205,31370,246,745,30,101,10,43,5,10
"1232","2020-03-15",10,15,100,157,4654,0.610657498925655,8205,31370,246,745,23,124,12,55,2,12
"1233","2020-03-16",15,15,87,209,4654,0.610657498925655,8205,31370,246,745,35,159,7,62,9,7
"1234","2020-03-17",21,15,92,262,4654,0.610657498925655,8205,31370,246,745,32,191,3,65,11,3
"1235","2020-03-18",30,15,91,310,4654,0.610657498925655,8205,31370,246,745,36,227,3,68,11,3
"1236","2020-03-19",44,15,84,356,4654,0.610657498925655,8205,31370,246,745,31,258,3,71,16,3
"1237","2020-03-20",59,15,81,398,4654,0.610657498925655,8205,31370,246,745,38,296,3,74,18,3
"1238","2020-03-21",95,15,68,430,4654,0.610657498925655,8205,31370,246,745,35,331,4,78,13,4
"1239","2020-03-22",121,15,63,465,4654,0.610657498925655,8205,31370,246,745,41,372,3,81,21,3
"1240","2020-03-23",133,15,95,502,4654,0.610657498925655,8205,31370,246,745,42,414,3,84,15,3
"1241","2020-03-24",139,15,94,552,4654,0.610657498925655,8205,31370,246,745,48,462,4,88,21,4
"1242","2020-03-25",146,15,81,572,4654,0.610657498925655,8205,31370,246,745,37,499,4,92,19,4
"1243","2020-03-26",156,15,80,593,4654,0.610657498925655,8205,31370,246,745,36,535,6,98,13,6
"1244","2020-03-27",195,15,99,602,4654,0.610657498925655,8205,31370,246,745,49,584,5,103,23,5
"1245","2020-03-28",199,15,128,628,4654,0.610657498925655,8205,31370,246,745,52,636,6,109,21,6
"1246","2020-03-29",205,15,186,653,4654,0.610657498925655,8205,31370,246,745,54,690,1,110,31,1
"1247","2020-03-30",196,15,203,671,4654,0.610657498925655,8205,31370,246,745,49,739,2,112,24,2
"1248","2020-03-31",194,15,208,678,4654,0.610657498925655,8205,31370,246,745,56,795,1,113,27,1
"1249","2020-04-01",200,15,188,689,4654,0.610657498925655,8205,31370,246,745,55,850,13,126,27,13
"1250","2020-04-02",202,15,191,723,4654,0.610657498925655,8205,31370,246,745,65,915,14,140,48,14
"1251","2020-04-03",211,15,194,740,4654,0.610657498925655,8205,31370,246,745,57,972,13,153,26,13
"1252","2020-04-04",204,15,187,758,4654,0.610657498925655,8205,31370,246,745,64,1036,12,165,35,12
"1253","2020-04-05",221,15,177,747,4654,0.610657498925655,8205,31370,246,745,61,1097,9,174,35,9
"1254","2020-04-06",228,15,207,752,4654,0.610657498925655,8205,31370,246,745,50,1147,21,195,35,21
"1255","2020-04-07",230,15,231,746,4654,0.610657498925655,8205,31370,246,745,62,1209,22,217,35,22
"1256","2020-04-08",236,15,226,777,4654,0.610657498925655,8205,31370,246,745,63,1272,23,240,33,23
"1257","2020-04-09",237,15,245,777,4654,0.610657498925655,8205,31370,246,745,64,1336,18,258,38,18
"1258","2020-04-10",296,15,229,801,4654,0.610657498925655,8205,31370,246,745,60,1396,20,278,37,20
"1259","2020-04-11",314,15,194,804,4654,0.610657498925655,8205,31370,246,745,63,1459,16,294,31,16
"1260","2020-04-12",274,15,174,813,4654,0.610657498925655,8205,31370,246,745,62,1521,11,305,30,11
"1261","2020-04-13",276,15,161,841,4654,0.610657498925655,8205,31370,246,745,61,1582,10,315,31,10
"1262","2020-04-14",261,15,186,833,4654,0.610657498925655,8205,31370,246,745,68,1650,13,328,38,13
"1263","2020-04-15",259,15,233,837,4654,0.610657498925655,8205,31370,246,745,58,1708,22,350,27,22
"1264","2020-04-16",271,15,258,842,4654,0.610657498925655,8205,31370,246,745,58,1766,32,382,27,32
"1265","2020-04-17",274,15,270,832,4654,0.610657498925655,8205,31370,246,745,55,1821,19,401,22,19
"1266","2020-04-18",277,15,270,846,4654,0.610657498925655,8205,31370,246,745,60,1881,17,418,25,17
"1267","2020-04-19",262,15,260,850,4654,0.610657498925655,8205,31370,246,745,52,1933,16,434,29,16
"1268","2020-04-20",258,15,276,825,4654,0.610657498925655,8205,31370,246,745,73,2006,17,451,37,17
"1269","2020-04-21",271,15,235,808,4654,0.610657498925655,8205,31370,246,745,49,2055,16,467,24,16
"1270","2020-04-22",281,15,224,821,4654,0.610657498925655,8205,31370,246,745,65,2120,14,481,44,14
"1271","2020-04-23",269,15,242,831,4654,0.610657498925655,8205,31370,246,745,55,2175,25,506,34,25
"1272","2020-04-24",280,15,246,812,4654,0.610657498925655,8205,31370,246,745,69,2244,15,521,33,15
"1273","2020-04-25",273,15,234,792,4654,0.610657498925655,8205,31370,246,745,73,2317,17,538,39,17
"1274","2020-04-26",291,15,202,772,4654,0.610657498925655,8205,31370,246,745,65,2382,16,554,36,16
"1275","2020-04-27",290,15,186,765,4654,0.610657498925655,8205,31370,246,745,47,2429,22,576,20,22
"1276","2020-04-28",280,15,175,741,4654,0.610657498925655,8205,31370,246,745,60,2489,15,591,31,15
"1277","2020-04-29",270,15,187,715,4654,0.610657498925655,8205,31370,246,745,52,2541,7,598,28,7
"1278","2020-04-30",269,15,188,696,4654,0.610657498925655,8205,31370,246,745,51,2592,10,608,35,10
"1279","2020-05-01",270,15,177,676,4654,0.610657498925655,8205,31370,246,745,59,2651,19,627,36,19
"1280","2020-05-02",274,15,169,668,4654,0.610657498925655,8205,31370,246,745,54,2705,21,648,23,21
"1281","2020-05-03",244,15,184,641,4654,0.610657498925655,8205,31370,246,745,59,2764,22,670,27,22
"1282","2020-05-04",225,15,206,614,4654,0.610657498925655,8205,31370,246,745,41,2805,5,675,23,5
"1283","2020-05-05",201,15,196,602,4654,0.610657498925655,8205,31370,246,745,49,2854,11,686,25,11
"1284","2020-05-06",199,15,231,579,4654,0.610657498925655,8205,31370,246,745,49,2903,27,713,28,27
"1285","2020-05-07",199,15,232,562,4654,0.610657498925655,8205,31370,246,745,28,2931,10,723,15,10
"1286","2020-05-08",219,15,208,565,4654,0.610657498925655,8205,31370,246,745,33,2964,10,733,16,10
"1287","2020-05-09",220,15,213,553,4654,0.610657498925655,8205,31370,246,745,43,3007,11,744,22,11
"1288","2020-05-10",184,15,199,533,4654,0.610657498925655,8205,31370,246,745,44,3051,14,758,24,14
"1289","2020-05-11",185,15,181,535,4654,0.610657498925655,8205,31370,246,745,50,3101,7,765,29,7
"1290","2020-05-12",187,15,162,509,4654,0.610657498925655,8205,31370,246,745,31,3132,14,779,16,14
"1291","2020-05-13",180,15,167,485,4654,0.610657498925655,8205,31370,246,745,40,3172,20,799,14,20
"1292","2020-05-14",172,15,191,477,4654,0.610657498925655,8205,31370,246,745,30,3202,13,812,12,13
"1293","2020-05-15",166,15,188,445,4654,0.610657498925655,8205,31370,246,745,39,3241,17,829,20,17
"1294","2020-05-16",159,15,177,437,4654,0.610657498925655,8205,31370,246,745,31,3272,12,841,14,12
"1295","2020-05-17",158,15,182,417,4654,0.610657498925655,8205,31370,246,745,32,3304,2,843,15,2
"1296","2020-05-18",152,15,188,398,4654,0.610657498925655,8205,31370,246,745,25,3329,4,847,13,4
"1297","2020-05-19",138,15,200,372,4654,0.610657498925655,8205,31370,246,745,39,3368,8,855,12,8
"1298","2020-05-20",138,15,212,353,4654,0.610657498925655,8205,31370,246,745,29,3397,7,862,11,7
"1299","2020-05-21",133,15,183,343,4654,0.610657498925655,8205,31370,246,745,28,3425,4,866,16,4
"1300","2020-05-22",127,15,178,347,4654,0.610657498925655,8205,31370,246,745,22,3447,8,874,10,8
"1301","2020-05-23",124,15,165,338,4654,0.610657498925655,8205,31370,246,745,31,3478,2,876,11,2
"1302","2020-05-24",103,15,181,321,4654,0.610657498925655,8205,31370,246,745,30,3508,7,883,12,7
"1303","2020-05-25",93,15,204,311,4654,0.610657498925655,8205,31370,246,745,14,3522,6,889,8,6
"1304","2020-05-26",94,15,181,309,4654,0.610657498925655,8205,31370,246,745,19,3541,12,901,9,12
"1305","2020-05-27",90,15,167,317,4654,0.610657498925655,8205,31370,246,745,24,3565,7,908,12,7
"1306","2020-05-28",93,15,156,305,4654,0.610657498925655,8205,31370,246,745,22,3587,5,913,11,5
"1307","2020-05-29",86,15,143,302,4654,0.610657498925655,8205,31370,246,745,16,3603,7,920,13,7
"1308","2020-05-30",89,15,142,292,4654,0.610657498925655,8205,31370,246,745,20,3623,NA,NA,12,NA
"1309","2020-05-31",90,15,137,295,4654,0.610657498925655,8205,31370,246,745,20,3643,3,923,7,3
"1310","2020-06-01",91,15,127,305,4654,0.610657498925655,8205,31370,246,745,21,3664,NA,NA,8,NA
"1311","2020-06-02",87,15,140,292,4654,0.610657498925655,8205,31370,246,745,16,3680,5,928,9,5
"1312","2020-06-03",82,15,145,286,4654,0.610657498925655,8205,31370,246,745,16,3696,15,943,2,15
"1313","2020-06-04",78,15,151,258,4654,0.610657498925655,8205,31370,246,745,18,3714,6,949,6,6
"1314","2020-06-05",81,15,153,242,4654,0.610657498925655,8205,31370,246,745,19,3733,3,952,8,3
"1315","2020-06-06",81,15,137,228,4654,0.610657498925655,8205,31370,246,745,14,3747,4,956,7,4
"1316","2020-06-07",77,15,129,221,4654,0.610657498925655,8205,31370,246,745,8,3755,4,960,5,4
"1317","2020-03-17",3,16,54,73,5618,0.904414382342471,8415,32642,286,655,32,158,24,97,21,24
"1318","2020-03-18",7,16,60,89,5618,0.904414382342471,8415,32642,286,655,32,190,19,116,16,19
"1319","2020-03-19",10,16,70,112,5618,0.904414382342471,8415,32642,286,655,30,220,35,151,18,35
"1320","2020-03-20",13,16,76,149,5618,0.904414382342471,8415,32642,286,655,45,265,28,179,24,28
"1321","2020-03-21",22,16,85,175,5618,0.904414382342471,8415,32642,286,655,45,310,23,202,24,23
"1322","2020-03-22",30,16,69,197,5618,0.904414382342471,8415,32642,286,655,35,345,27,229,25,27
"1323","2020-03-23",30,16,59,225,5618,0.904414382342471,8415,32642,286,655,47,392,44,273,31,44
"1324","2020-03-24",34,16,75,257,5618,0.904414382342471,8415,32642,286,655,46,438,28,301,27,28
"1325","2020-03-25",46,16,78,292,5618,0.904414382342471,8415,32642,286,655,50,488,30,331,29,30
"1326","2020-03-26",59,16,82,322,5618,0.904414382342471,8415,32642,286,655,61,549,28,359,44,28
"1327","2020-03-27",86,16,72,359,5618,0.904414382342471,8415,32642,286,655,46,595,35,394,33,35
"1328","2020-03-28",107,16,71,395,5618,0.904414382342471,8415,32642,286,655,63,658,38,432,50,38
"1329","2020-03-29",118,16,82,444,5618,0.904414382342471,8415,32642,286,655,66,724,43,475,45,43
"1330","2020-03-30",127,16,86,500,5618,0.904414382342471,8415,32642,286,655,72,796,36,511,56,36
"1331","2020-03-31",128,16,90,553,5618,0.904414382342471,8415,32642,286,655,57,853,35,546,44,35
"1332","2020-04-01",136,16,86,609,5618,0.904414382342471,8415,32642,286,655,82,935,30,576,56,30
"1333","2020-04-02",141,16,82,657,5618,0.904414382342471,8415,32642,286,655,69,1004,41,617,51,41
"1334","2020-04-03",170,16,91,717,5618,0.904414382342471,8415,32642,286,655,69,1073,51,668,54,51
"1335","2020-04-04",192,16,100,754,5618,0.904414382342471,8415,32642,286,655,76,1149,32,700,62,32
"1336","2020-04-05",208,16,111,814,5618,0.904414382342471,8415,32642,286,655,65,1214,29,729,50,29
"1337","2020-04-06",219,16,125,863,5618,0.904414382342471,8415,32642,286,655,75,1289,41,770,56,41
"1338","2020-04-07",235,16,135,903,5618,0.904414382342471,8415,32642,286,655,95,1384,40,810,70,40
"1339","2020-04-08",242,16,133,929,5618,0.904414382342471,8415,32642,286,655,80,1464,37,847,67,37
"1340","2020-04-09",251,16,150,993,5618,0.904414382342471,8415,32642,286,655,86,1550,40,887,65,40
"1341","2020-04-10",318,16,160,1080,5618,0.904414382342471,8415,32642,286,655,80,1630,31,918,61,31
"1342","2020-04-11",346,16,179,1129,5618,0.904414382342471,8415,32642,286,655,82,1712,56,974,55,56
"1343","2020-04-12",347,16,170,1186,5618,0.904414382342471,8415,32642,286,655,91,1803,39,1013,70,39
"1344","2020-04-13",346,16,184,1243,5618,0.904414382342471,8415,32642,286,655,83,1886,48,1061,66,48
"1345","2020-04-14",327,16,176,1287,5618,0.904414382342471,8415,32642,286,655,91,1977,40,1101,67,40
"1346","2020-04-15",331,16,172,1375,5618,0.904414382342471,8415,32642,286,655,76,2053,39,1140,60,39
"1347","2020-04-16",362,16,192,1455,5618,0.904414382342471,8415,32642,286,655,95,2148,40,1180,81,40
"1348","2020-04-17",460,16,214,1521,5618,0.904414382342471,8415,32642,286,655,67,2215,42,1222,50,42
"1349","2020-04-18",451,16,205,1574,5618,0.904414382342471,8415,32642,286,655,72,2287,44,1266,48,44
"1350","2020-04-19",440,16,208,1582,5618,0.904414382342471,8415,32642,286,655,88,2375,51,1317,73,51
"1351","2020-04-20",460,16,199,1601,5618,0.904414382342471,8415,32642,286,655,87,2462,59,1376,74,59
"1352","2020-04-21",478,16,187,1623,5618,0.904414382342471,8415,32642,286,655,68,2530,43,1419,55,43
"1353","2020-04-22",496,16,188,1621,5618,0.904414382342471,8415,32642,286,655,72,2602,56,1475,59,56
"1354","2020-04-23",504,16,176,1623,5618,0.904414382342471,8415,32642,286,655,72,2674,32,1507,60,32
"1355","2020-04-24",540,16,207,1597,5618,0.904414382342471,8415,32642,286,655,83,2757,21,1528,68,21
"1356","2020-04-25",566,16,197,1558,5618,0.904414382342471,8415,32642,286,655,72,2829,42,1570,56,42
"1357","2020-04-26",525,16,219,1540,5618,0.904414382342471,8415,32642,286,655,55,2884,46,1616,38,46
"1358","2020-04-27",524,16,247,1476,5618,0.904414382342471,8415,32642,286,655,63,2947,40,1656,47,40
"1359","2020-04-28",517,16,247,1437,5618,0.904414382342471,8415,32642,286,655,73,3020,32,1688,55,32
"1360","2020-04-29",508,16,246,1399,5618,0.904414382342471,8415,32642,286,655,70,3090,25,1713,50,25
"1361","2020-04-30",488,16,242,1335,5618,0.904414382342471,8415,32642,286,655,78,3168,50,1763,62,50
"1362","2020-05-01",509,16,218,1285,5618,0.904414382342471,8415,32642,286,655,55,3223,28,1791,41,28
"1363","2020-05-02",506,16,210,1230,5618,0.904414382342471,8415,32642,286,655,74,3297,36,1827,50,36
"1364","2020-05-03",449,16,211,1167,5618,0.904414382342471,8415,32642,286,655,55,3352,23,1850,43,23
"1365","2020-05-04",417,16,191,1122,5618,0.904414382342471,8415,32642,286,655,56,3408,36,1886,45,36
"1366","2020-05-05",403,16,179,1058,5618,0.904414382342471,8415,32642,286,655,59,3467,31,1917,40,31
"1367","2020-05-06",394,16,154,1009,5618,0.904414382342471,8415,32642,286,655,50,3517,18,1935,36,18
"1368","2020-05-07",387,16,153,937,5618,0.904414382342471,8415,32642,286,655,55,3572,17,1952,41,17
"1369","2020-05-08",345,16,146,864,5618,0.904414382342471,8415,32642,286,655,40,3612,42,1994,28,42
"1370","2020-05-09",321,16,147,789,5618,0.904414382342471,8415,32642,286,655,60,3672,24,2018,42,24
"1371","2020-05-10",303,16,143,731,5618,0.904414382342471,8415,32642,286,655,56,3728,51,2069,40,51
"1372","2020-05-11",301,16,164,658,5618,0.904414382342471,8415,32642,286,655,44,3772,35,2104,31,35
"1373","2020-05-12",283,16,177,602,5618,0.904414382342471,8415,32642,286,655,45,3817,21,2125,32,21
"1374","2020-05-13",264,16,172,547,5618,0.904414382342471,8415,32642,286,655,44,3861,26,2151,30,26
"1375","2020-05-14",240,16,173,506,5618,0.904414382342471,8415,32642,286,655,37,3898,48,2199,27,48
"1376","2020-05-15",204,16,181,461,5618,0.904414382342471,8415,32642,286,655,39,3937,54,2253,32,54
"1377","2020-05-16",190,16,166,430,5618,0.904414382342471,8415,32642,286,655,45,3982,48,2301,32,48
"1378","2020-05-17",176,16,167,386,5618,0.904414382342471,8415,32642,286,655,35,4017,50,2351,26,50
"1379","2020-05-18",158,16,156,350,5618,0.904414382342471,8415,32642,286,655,41,4058,46,2397,28,46
"1380","2020-05-19",141,16,149,313,5618,0.904414382342471,8415,32642,286,655,31,4089,37,2434,19,37
"1381","2020-05-20",142,16,131,297,5618,0.904414382342471,8415,32642,286,655,29,4118,42,2476,23,42
"1382","2020-05-21",134,16,116,270,5618,0.904414382342471,8415,32642,286,655,32,4150,42,2518,26,42
"1383","2020-05-22",126,16,100,250,5618,0.904414382342471,8415,32642,286,655,37,4187,32,2550,25,32
"1384","2020-05-23",122,16,87,225,5618,0.904414382342471,8415,32642,286,655,28,4215,49,2599,21,49
"1385","2020-05-24",108,16,84,212,5618,0.904414382342471,8415,32642,286,655,33,4248,48,2647,26,48
"1386","2020-05-25",97,16,84,190,5618,0.904414382342471,8415,32642,286,655,27,4275,29,2676,17,29
"1387","2020-05-26",93,16,93,172,5618,0.904414382342471,8415,32642,286,655,21,4296,27,2703,15,27
"1388","2020-05-27",84,16,109,156,5618,0.904414382342471,8415,32642,286,655,32,4328,32,2735,21,32
"1389","2020-05-28",81,16,116,149,5618,0.904414382342471,8415,32642,286,655,32,4360,31,2766,23,31
"1390","2020-05-29",70,16,122,140,5618,0.904414382342471,8415,32642,286,655,29,4389,21,2787,21,21
"1391","2020-05-30",58,16,116,130,5618,0.904414382342471,8415,32642,286,655,20,4409,27,2814,11,27
"1392","2020-05-31",49,16,111,134,5618,0.904414382342471,8415,32642,286,655,24,4433,24,2838,21,24
"1393","2020-06-01",44,16,109,130,5618,0.904414382342471,8415,32642,286,655,18,4451,29,2867,15,29
"1394","2020-06-02",39,16,110,122,5618,0.904414382342471,8415,32642,286,655,23,4474,43,2910,18,43
"1395","2020-06-03",35,16,120,127,5618,0.904414382342471,8415,32642,286,655,16,4490,28,2938,12,28
"1396","2020-06-04",33,16,141,119,5618,0.904414382342471,8415,32642,286,655,15,4505,23,2961,12,23
"1397","2020-06-05",38,16,145,111,5618,0.904414382342471,8415,32642,286,655,13,4518,19,2980,4,19
"1398","2020-06-06",36,16,142,99,5618,0.904414382342471,8415,32642,286,655,20,4538,21,3001,13,21
"1399","2020-06-07",41,16,143,99,5618,0.904414382342471,8415,32642,286,655,13,4551,35,3036,10,35
"1400","2020-03-13",1,17,24,36,4654,0.75118177911474,8280,30867,290,605,6,9,7,17,1,7
"1401","2020-03-14",2,17,21,59,4654,0.75118177911474,8280,30867,290,605,12,21,10,27,7,10
"1402","2020-03-15",9,17,28,80,4654,0.75118177911474,8280,30867,290,605,12,33,16,43,11,16
"1403","2020-03-16",11,17,42,105,4654,0.75118177911474,8280,30867,290,605,14,47,9,52,10,9
"1404","2020-03-17",17,17,49,129,4654,0.75118177911474,8280,30867,290,605,14,61,5,57,9,5
"1405","2020-03-18",22,17,45,153,4654,0.75118177911474,8280,30867,290,605,18,79,3,60,17,3
"1406","2020-03-19",27,17,43,179,4654,0.75118177911474,8280,30867,290,605,24,103,20,80,24,20
"1407","2020-03-20",38,17,47,205,4654,0.75118177911474,8280,30867,290,605,27,130,16,96,26,16
"1408","2020-03-21",52,17,55,237,4654,0.75118177911474,8280,30867,290,605,35,165,14,110,32,14
"1409","2020-03-22",56,17,49,262,4654,0.75118177911474,8280,30867,290,605,51,216,5,115,49,5
"1410","2020-03-23",62,17,62,277,4654,0.75118177911474,8280,30867,290,605,34,250,12,127,30,12
"1411","2020-03-24",59,17,66,318,4654,0.75118177911474,8280,30867,290,605,40,290,20,147,40,20
"1412","2020-03-25",65,17,68,340,4654,0.75118177911474,8280,30867,290,605,45,335,13,160,40,13
"1413","2020-03-26",74,17,82,359,4654,0.75118177911474,8280,30867,290,605,61,396,18,178,56,18
"1414","2020-03-27",88,17,88,377,4654,0.75118177911474,8280,30867,290,605,55,451,12,190,53,12
"1415","2020-03-28",91,17,97,401,4654,0.75118177911474,8280,30867,290,605,87,538,7,197,84,7
"1416","2020-03-29",106,17,94,415,4654,0.75118177911474,8280,30867,290,605,68,606,16,213,67,16
"1417","2020-03-30",114,17,99,436,4654,0.75118177911474,8280,30867,290,605,81,687,11,224,80,11
"1418","2020-03-31",115,17,126,462,4654,0.75118177911474,8280,30867,290,605,83,770,23,247,76,23
"1419","2020-04-01",127,17,132,483,4654,0.75118177911474,8280,30867,290,605,98,868,10,257,96,10
"1420","2020-04-02",144,17,133,527,4654,0.75118177911474,8280,30867,290,605,89,957,23,280,88,23
"1421","2020-04-03",178,17,143,560,4654,0.75118177911474,8280,30867,290,605,117,1074,15,295,111,15
"1422","2020-04-04",181,17,164,600,4654,0.75118177911474,8280,30867,290,605,102,1176,5,300,100,5
"1423","2020-04-05",188,17,164,612,4654,0.75118177911474,8280,30867,290,605,144,1320,26,326,143,26
"1424","2020-04-06",191,17,175,637,4654,0.75118177911474,8280,30867,290,605,125,1445,18,344,124,18
"1425","2020-04-07",194,17,172,661,4654,0.75118177911474,8280,30867,290,605,135,1580,23,367,132,23
"1426","2020-04-08",201,17,165,694,4654,0.75118177911474,8280,30867,290,605,144,1724,20,387,143,20
"1427","2020-04-09",202,17,169,725,4654,0.75118177911474,8280,30867,290,605,122,1846,12,399,121,12
"1428","2020-04-10",224,17,155,763,4654,0.75118177911474,8280,30867,290,605,182,2028,27,426,179,27
"1429","2020-04-11",273,17,137,779,4654,0.75118177911474,8280,30867,290,605,139,2167,7,433,133,7
"1430","2020-04-12",253,17,151,811,4654,0.75118177911474,8280,30867,290,605,172,2339,13,446,170,13
"1431","2020-04-13",255,17,142,851,4654,0.75118177911474,8280,30867,290,605,189,2528,7,453,184,7
"1432","2020-04-14",273,17,155,857,4654,0.75118177911474,8280,30867,290,605,129,2657,13,466,125,13
"1433","2020-04-15",259,17,167,857,4654,0.75118177911474,8280,30867,290,605,159,2816,29,495,158,29
"1434","2020-04-16",256,17,162,862,4654,0.75118177911474,8280,30867,290,605,135,2951,35,530,135,35
"1435","2020-04-17",293,17,169,895,4654,0.75118177911474,8280,30867,290,605,168,3119,21,551,167,21
"1436","2020-04-18",282,17,176,893,4654,0.75118177911474,8280,30867,290,605,121,3240,34,585,120,34
"1437","2020-04-19",272,17,168,898,4654,0.75118177911474,8280,30867,290,605,140,3380,17,602,138,17
"1438","2020-04-20",257,17,146,908,4654,0.75118177911474,8280,30867,290,605,132,3512,32,634,129,32
"1439","2020-04-21",256,17,134,931,4654,0.75118177911474,8280,30867,290,605,159,3671,33,667,155,33
"1440","2020-04-22",269,17,142,935,4654,0.75118177911474,8280,30867,290,605,82,3753,27,694,81,27
"1441","2020-04-23",282,17,147,967,4654,0.75118177911474,8280,30867,290,605,118,3871,13,707,114,13
"1442","2020-04-24",300,17,161,992,4654,0.75118177911474,8280,30867,290,605,99,3970,18,725,97,18
"1443","2020-04-25",321,17,179,999,4654,0.75118177911474,8280,30867,290,605,79,4049,25,750,77,25
"1444","2020-04-26",310,17,184,1007,4654,0.75118177911474,8280,30867,290,605,110,4159,35,785,105,35
"1445","2020-04-27",313,17,180,1000,4654,0.75118177911474,8280,30867,290,605,96,4255,30,815,94,30
"1446","2020-04-28",310,17,162,987,4654,0.75118177911474,8280,30867,290,605,85,4340,18,833,83,18
"1447","2020-04-29",324,17,152,990,4654,0.75118177911474,8280,30867,290,605,102,4442,12,845,101,12
"1448","2020-04-30",319,17,126,984,4654,0.75118177911474,8280,30867,290,605,61,4503,14,859,61,14
"1449","2020-05-01",364,17,126,973,4654,0.75118177911474,8280,30867,290,605,57,4560,32,891,56,32
"1450","2020-05-02",357,17,134,957,4654,0.75118177911474,8280,30867,290,605,67,4627,21,912,65,21
"1451","2020-05-03",353,17,127,903,4654,0.75118177911474,8280,30867,290,605,55,4682,8,920,54,8
"1452","2020-05-04",348,17,136,874,4654,0.75118177911474,8280,30867,290,605,52,4734,20,940,50,20
"1453","2020-05-05",330,17,131,860,4654,0.75118177911474,8280,30867,290,605,49,4783,13,953,45,13
"1454","2020-05-06",313,17,128,820,4654,0.75118177911474,8280,30867,290,605,45,4828,32,985,42,32
"1455","2020-05-07",301,17,151,777,4654,0.75118177911474,8280,30867,290,605,41,4869,15,1000,41,15
"1456","2020-05-08",269,17,159,750,4654,0.75118177911474,8280,30867,290,605,39,4908,9,1009,36,9
"1457","2020-05-09",258,17,153,692,4654,0.75118177911474,8280,30867,290,605,33,4941,23,1032,32,23
"1458","2020-05-10",241,17,143,691,4654,0.75118177911474,8280,30867,290,605,32,4973,18,1050,31,18
"1459","2020-05-11",230,17,139,656,4654,0.75118177911474,8280,30867,290,605,31,5004,29,1079,29,29
"1460","2020-05-12",221,17,151,640,4654,0.75118177911474,8280,30867,290,605,24,5028,46,1125,24,46
"1461","2020-05-13",216,17,140,598,4654,0.75118177911474,8280,30867,290,605,37,5065,18,1143,30,18
"1462","2020-05-14",212,17,128,578,4654,0.75118177911474,8280,30867,290,605,21,5086,12,1155,18,12
"1463","2020-05-15",204,17,109,569,4654,0.75118177911474,8280,30867,290,605,29,5115,6,1161,28,6
"1464","2020-05-16",190,17,118,540,4654,0.75118177911474,8280,30867,290,605,26,5141,4,1165,23,4
"1465","2020-05-17",186,17,129,522,4654,0.75118177911474,8280,30867,290,605,20,5161,5,1170,19,5
"1466","2020-05-18",189,17,135,490,4654,0.75118177911474,8280,30867,290,605,10,5171,7,1177,8,7
"1467","2020-05-19",185,17,136,449,4654,0.75118177911474,8280,30867,290,605,17,5188,2,1179,17,2
"1468","2020-05-20",178,17,143,432,4654,0.75118177911474,8280,30867,290,605,17,5205,12,1191,17,12
"1469","2020-05-21",172,17,154,421,4654,0.75118177911474,8280,30867,290,605,16,5221,3,1194,16,3
"1470","2020-05-22",168,17,145,400,4654,0.75118177911474,8280,30867,290,605,9,5230,3,1197,9,3
"1471","2020-05-23",162,17,146,381,4654,0.75118177911474,8280,30867,290,605,13,5243,6,1203,12,6
"1472","2020-05-24",140,17,139,353,4654,0.75118177911474,8280,30867,290,605,7,5250,1,1204,6,1
"1473","2020-05-25",128,17,133,324,4654,0.75118177911474,8280,30867,290,605,9,5259,16,1220,8,16
"1474","2020-05-26",119,17,124,305,4654,0.75118177911474,8280,30867,290,605,12,5271,14,1234,11,14
"1475","2020-05-27",115,17,117,288,4654,0.75118177911474,8280,30867,290,605,6,5277,8,1242,6,8
"1476","2020-05-28",108,17,110,270,4654,0.75118177911474,8280,30867,290,605,13,5290,11,1253,13,11
"1477","2020-05-29",112,17,100,274,4654,0.75118177911474,8280,30867,290,605,6,5296,15,1268,6,15
"1478","2020-05-30",112,17,106,263,4654,0.75118177911474,8280,30867,290,605,10,5306,4,1272,8,4
"1479","2020-05-31",101,17,103,255,4654,0.75118177911474,8280,30867,290,605,9,5315,7,1279,7,7
"1480","2020-06-01",95,17,93,257,4654,0.75118177911474,8280,30867,290,605,5,5320,5,1284,4,5
"1481","2020-06-02",91,17,87,254,4654,0.75118177911474,8280,30867,290,605,6,5326,10,1294,6,10
"1482","2020-06-03",99,17,80,244,4654,0.75118177911474,8280,30867,290,605,6,5332,5,1299,6,5
"1483","2020-06-04",101,17,78,230,4654,0.75118177911474,8280,30867,290,605,1,5333,2,1301,1,2
"1484","2020-06-05",86,17,83,220,4654,0.75118177911474,8280,30867,290,605,5,5338,NA,NA,5,NA
"1485","2020-06-06",83,17,77,218,4654,0.75118177911474,8280,30867,290,605,5,5343,10,1311,4,10
"1486","2020-06-07",85,17,76,203,4654,0.75118177911474,8280,30867,290,605,3,5346,5,1316,3,5
"1487","2020-03-07",1,18,0,0,4986,0.885679903730445,8385,31564,290,655,NA,NA,NA,NA,NA,NA
"1488","2020-03-08",1,18,0,0,4986,0.885679903730445,8385,31564,290,655,NA,NA,NA,NA,NA,NA
"1489","2020-03-09",0,18,0,0,4986,0.885679903730445,8385,31564,290,655,NA,NA,NA,NA,NA,NA
"1490","2020-03-10",0,18,0,0,4986,0.885679903730445,8385,31564,290,655,NA,NA,NA,NA,NA,NA
"1491","2020-03-11",0,18,0,0,4986,0.885679903730445,8385,31564,290,655,7,7,6,6,NA,6
"1492","2020-03-12",0,18,0,0,4986,0.885679903730445,8385,31564,290,655,6,13,7,13,2,7
"1493","2020-03-13",2,18,75,21,4986,0.885679903730445,8385,31564,290,655,7,20,21,34,2,21
"1494","2020-03-14",2,18,75,30,4986,0.885679903730445,8385,31564,290,655,8,28,7,41,5,7
"1495","2020-03-15",3,18,78,44,4986,0.885679903730445,8385,31564,290,655,8,36,5,46,7,5
"1496","2020-03-16",6,18,86,66,4986,0.885679903730445,8385,31564,290,655,6,42,5,51,4,5
"1497","2020-03-17",6,18,100,77,4986,0.885679903730445,8385,31564,290,655,11,53,10,61,11,10
"1498","2020-03-18",9,18,90,94,4986,0.885679903730445,8385,31564,290,655,20,73,8,69,16,8
"1499","2020-03-19",10,18,97,115,4986,0.885679903730445,8385,31564,290,655,6,79,8,77,6,8
"1500","2020-03-20",18,18,96,145,4986,0.885679903730445,8385,31564,290,655,23,102,17,94,19,17
"1501","2020-03-21",32,18,98,160,4986,0.885679903730445,8385,31564,290,655,15,117,13,107,14,13
"1502","2020-03-22",35,18,105,178,4986,0.885679903730445,8385,31564,290,655,14,131,8,115,13,8
"1503","2020-03-23",38,18,127,210,4986,0.885679903730445,8385,31564,290,655,27,158,7,122,21,7
"1504","2020-03-24",41,18,145,237,4986,0.885679903730445,8385,31564,290,655,39,197,7,129,37,7
"1505","2020-03-25",51,18,137,262,4986,0.885679903730445,8385,31564,290,655,42,239,19,148,40,19
"1506","2020-03-26",57,18,144,296,4986,0.885679903730445,8385,31564,290,655,29,268,24,172,25,24
"1507","2020-03-27",74,18,137,330,4986,0.885679903730445,8385,31564,290,655,36,304,24,196,28,24
"1508","2020-03-28",91,18,139,348,4986,0.885679903730445,8385,31564,290,655,58,362,11,207,51,11
"1509","2020-03-29",93,18,121,412,4986,0.885679903730445,8385,31564,290,655,30,392,9,216,28,9
"1510","2020-03-30",93,18,107,457,4986,0.885679903730445,8385,31564,290,655,52,444,13,229,48,13
"1511","2020-03-31",104,18,74,490,4986,0.885679903730445,8385,31564,290,655,69,513,15,244,66,15
"1512","2020-04-01",111,18,67,537,4986,0.885679903730445,8385,31564,290,655,81,594,19,263,72,19
"1513","2020-04-02",123,18,81,587,4986,0.885679903730445,8385,31564,290,655,61,655,33,296,57,33
"1514","2020-04-03",167,18,93,616,4986,0.885679903730445,8385,31564,290,655,83,738,21,317,76,21
"1515","2020-04-04",199,18,101,664,4986,0.885679903730445,8385,31564,290,655,79,817,24,341,77,24
"1516","2020-04-05",220,18,80,692,4986,0.885679903730445,8385,31564,290,655,84,901,11,352,81,11
"1517","2020-04-06",225,18,81,711,4986,0.885679903730445,8385,31564,290,655,84,985,21,373,78,21
"1518","2020-04-07",230,18,78,753,4986,0.885679903730445,8385,31564,290,655,109,1094,28,401,100,28
"1519","2020-04-08",236,18,78,791,4986,0.885679903730445,8385,31564,290,655,101,1195,25,426,95,25
"1520","2020-04-09",235,18,75,845,4986,0.885679903730445,8385,31564,290,655,147,1342,15,441,139,15
"1521","2020-04-10",279,18,73,890,4986,0.885679903730445,8385,31564,290,655,101,1443,7,448,99,7
"1522","2020-04-11",266,18,90,934,4986,0.885679903730445,8385,31564,290,655,122,1565,30,478,119,30
"1523","2020-04-12",265,18,98,965,4986,0.885679903730445,8385,31564,290,655,165,1730,24,502,162,24
"1524","2020-04-13",290,18,104,977,4986,0.885679903730445,8385,31564,290,655,139,1869,23,525,132,23
"1525","2020-04-14",290,18,103,1011,4986,0.885679903730445,8385,31564,290,655,161,2030,37,562,156,37
"1526","2020-04-15",307,18,125,1056,4986,0.885679903730445,8385,31564,290,655,153,2183,29,591,150,29
"1527","2020-04-16",333,18,127,1067,4986,0.885679903730445,8385,31564,290,655,168,2351,32,623,163,32
"1528","2020-04-17",355,18,130,1086,4986,0.885679903730445,8385,31564,290,655,149,2500,28,651,143,28
"1529","2020-04-18",393,18,150,1092,4986,0.885679903730445,8385,31564,290,655,151,2651,20,671,147,20
"1530","2020-04-19",351,18,142,1121,4986,0.885679903730445,8385,31564,290,655,162,2813,20,691,158,20
"1531","2020-04-20",330,18,139,1142,4986,0.885679903730445,8385,31564,290,655,179,2992,36,727,176,36
"1532","2020-04-21",339,18,156,1179,4986,0.885679903730445,8385,31564,290,655,164,3156,35,762,158,35
"1533","2020-04-22",340,18,176,1192,4986,0.885679903730445,8385,31564,290,655,177,3333,25,787,170,25
"1534","2020-04-23",344,18,199,1194,4986,0.885679903730445,8385,31564,290,655,149,3482,25,812,146,25
"1535","2020-04-24",412,18,186,1180,4986,0.885679903730445,8385,31564,290,655,147,3629,31,843,146,31
"1536","2020-04-25",398,18,193,1194,4986,0.885679903730445,8385,31564,290,655,130,3759,19,862,128,19
"1537","2020-04-26",422,18,210,1165,4986,0.885679903730445,8385,31564,290,655,175,3934,14,876,175,14
"1538","2020-04-27",408,18,228,1162,4986,0.885679903730445,8385,31564,290,655,134,4068,32,908,131,32
"1539","2020-04-28",394,18,228,1139,4986,0.885679903730445,8385,31564,290,655,121,4189,19,927,118,19
"1540","2020-04-29",390,18,226,1113,4986,0.885679903730445,8385,31564,290,655,108,4297,37,964,105,37
"1541","2020-04-30",392,18,198,1082,4986,0.885679903730445,8385,31564,290,655,128,4425,52,1016,125,52
"1542","2020-05-01",404,18,169,1062,4986,0.885679903730445,8385,31564,290,655,105,4530,26,1042,104,26
"1543","2020-05-02",411,18,169,1043,4986,0.885679903730445,8385,31564,290,655,107,4637,18,1060,102,18
"1544","2020-05-03",370,18,178,1007,4986,0.885679903730445,8385,31564,290,655,110,4747,22,1082,108,22
"1545","2020-05-04",372,18,169,985,4986,0.885679903730445,8385,31564,290,655,83,4830,21,1103,80,21
"1546","2020-05-05",359,18,160,927,4986,0.885679903730445,8385,31564,290,655,72,4902,22,1125,70,22
"1547","2020-05-06",354,18,134,886,4986,0.885679903730445,8385,31564,290,655,70,4972,30,1155,69,30
"1548","2020-05-07",337,18,140,847,4986,0.885679903730445,8385,31564,290,655,51,5023,26,1181,48,26
"1549","2020-05-08",299,18,156,824,4986,0.885679903730445,8385,31564,290,655,66,5089,35,1216,63,35
"1550","2020-05-09",289,18,141,778,4986,0.885679903730445,8385,31564,290,655,47,5136,21,1237,44,21
"1551","2020-05-10",268,18,116,746,4986,0.885679903730445,8385,31564,290,655,45,5181,17,1254,44,17
"1552","2020-05-11",256,18,112,702,4986,0.885679903730445,8385,31564,290,655,40,5221,23,1277,39,23
"1553","2020-05-12",250,18,127,672,4986,0.885679903730445,8385,31564,290,655,35,5256,21,1298,31,21
"1554","2020-05-13",239,18,148,631,4986,0.885679903730445,8385,31564,290,655,42,5298,29,1327,40,29
"1555","2020-05-14",229,18,160,589,4986,0.885679903730445,8385,31564,290,655,27,5325,26,1353,24,26
"1556","2020-05-15",215,18,152,560,4986,0.885679903730445,8385,31564,290,655,26,5351,17,1370,26,17
"1557","2020-05-16",213,18,143,510,4986,0.885679903730445,8385,31564,290,655,19,5370,29,1399,18,29
"1558","2020-05-17",195,18,131,490,4986,0.885679903730445,8385,31564,290,655,27,5397,15,1414,25,15
"1559","2020-05-18",182,18,122,454,4986,0.885679903730445,8385,31564,290,655,19,5416,14,1428,19,14
"1560","2020-05-19",177,18,142,420,4986,0.885679903730445,8385,31564,290,655,28,5444,16,1444,27,16
"1561","2020-05-20",166,18,154,405,4986,0.885679903730445,8385,31564,290,655,20,5464,23,1467,17,23
"1562","2020-05-21",158,18,147,376,4986,0.885679903730445,8385,31564,290,655,15,5479,15,1482,14,15
"1563","2020-05-22",144,18,141,369,4986,0.885679903730445,8385,31564,290,655,20,5499,5,1487,20,5
"1564","2020-05-23",125,18,153,356,4986,0.885679903730445,8385,31564,290,655,14,5513,6,1493,13,6
"1565","2020-05-24",122,18,131,334,4986,0.885679903730445,8385,31564,290,655,23,5536,6,1499,21,6
"1566","2020-05-25",117,18,127,321,4986,0.885679903730445,8385,31564,290,655,6,5542,9,1508,6,9
"1567","2020-05-26",108,18,124,311,4986,0.885679903730445,8385,31564,290,655,18,5560,16,1524,18,16
"1568","2020-05-27",108,18,115,295,4986,0.885679903730445,8385,31564,290,655,10,5570,15,1539,10,15
"1569","2020-05-28",104,18,103,277,4986,0.885679903730445,8385,31564,290,655,12,5582,13,1552,11,13
"1570","2020-05-29",103,18,110,256,4986,0.885679903730445,8385,31564,290,655,10,5592,20,1572,10,20
"1571","2020-05-30",99,18,117,248,4986,0.885679903730445,8385,31564,290,655,11,5603,21,1593,11,21
"1572","2020-05-31",90,18,119,228,4986,0.885679903730445,8385,31564,290,655,5,5608,21,1614,5,21
"1573","2020-06-01",86,18,129,213,4986,0.885679903730445,8385,31564,290,655,8,5616,21,1635,8,21
"1574","2020-06-02",81,18,146,192,4986,0.885679903730445,8385,31564,290,655,9,5625,21,1656,7,21
"1575","2020-06-03",75,18,138,171,4986,0.885679903730445,8385,31564,290,655,7,5632,29,1685,6,29
"1576","2020-06-04",71,18,143,174,4986,0.885679903730445,8385,31564,290,655,7,5639,16,1701,7,16
"1577","2020-06-05",64,18,145,150,4986,0.885679903730445,8385,31564,290,655,4,5643,18,1719,3,18
"1578","2020-06-06",65,18,136,142,4986,0.885679903730445,8385,31564,290,655,5,5648,11,1730,5,11
"1579","2020-06-07",54,18,120,139,4986,0.885679903730445,8385,31564,290,655,7,5655,15,1745,4,15
"1580","2020-03-14",5,19,27,65,3237,0.61414890330553,8250,24647,178,386,33,84,4,28,14,4
"1581","2020-03-15",6,19,29,85,3237,0.61414890330553,8250,24647,178,386,27,111,4,32,12,4
"1582","2020-03-16",8,19,35,104,3237,0.61414890330553,8250,24647,178,386,31,142,6,38,17,6
"1583","2020-03-17",11,19,27,125,3237,0.61414890330553,8250,24647,178,386,38,180,5,43,26,5
"1584","2020-03-18",17,19,29,141,3237,0.61414890330553,8250,24647,178,386,44,224,16,59,30,16
"1585","2020-03-19",22,19,37,160,3237,0.61414890330553,8250,24647,178,386,44,268,5,64,36,5
"1586","2020-03-20",30,19,39,173,3237,0.61414890330553,8250,24647,178,386,52,320,10,74,37,10
"1587","2020-03-21",39,19,44,189,3237,0.61414890330553,8250,24647,178,386,56,376,9,83,38,9
"1588","2020-03-22",42,19,48,210,3237,0.61414890330553,8250,24647,178,386,63,439,8,91,56,8
"1589","2020-03-23",46,19,50,224,3237,0.61414890330553,8250,24647,178,386,89,528,15,106,68,15
"1590","2020-03-24",55,19,60,236,3237,0.61414890330553,8250,24647,178,386,60,588,21,127,51,21
"1591","2020-03-25",59,19,67,246,3237,0.61414890330553,8250,24647,178,386,93,681,15,142,73,15
"1592","2020-03-26",60,19,75,264,3237,0.61414890330553,8250,24647,178,386,80,761,7,149,76,7
"1593","2020-03-27",72,19,66,270,3237,0.61414890330553,8250,24647,178,386,110,871,23,172,96,23
"1594","2020-03-28",74,19,70,286,3237,0.61414890330553,8250,24647,178,386,112,983,14,186,94,14
"1595","2020-03-29",98,19,69,298,3237,0.61414890330553,8250,24647,178,386,107,1090,20,206,93,20
"1596","2020-03-30",98,19,62,324,3237,0.61414890330553,8250,24647,178,386,129,1219,18,224,118,18
"1597","2020-03-31",94,19,60,339,3237,0.61414890330553,8250,24647,178,386,127,1346,16,240,118,16
"1598","2020-04-01",94,19,57,339,3237,0.61414890330553,8250,24647,178,386,119,1465,12,252,100,12
"1599","2020-04-02",104,19,69,363,3237,0.61414890330553,8250,24647,178,386,145,1610,11,263,132,11
"1600","2020-04-03",110,19,70,362,3237,0.61414890330553,8250,24647,178,386,103,1713,12,275,89,12
"1601","2020-04-04",116,19,74,374,3237,0.61414890330553,8250,24647,178,386,150,1863,26,301,139,26
"1602","2020-04-05",110,19,82,384,3237,0.61414890330553,8250,24647,178,386,176,2039,23,324,169,23
"1603","2020-04-06",105,19,96,403,3237,0.61414890330553,8250,24647,178,386,130,2169,31,355,115,31
"1604","2020-04-07",95,19,93,404,3237,0.61414890330553,8250,24647,178,386,154,2323,14,369,141,14
"1605","2020-04-08",93,19,99,414,3237,0.61414890330553,8250,24647,178,386,145,2468,14,383,135,14
"1606","2020-04-09",88,19,92,431,3237,0.61414890330553,8250,24647,178,386,168,2636,4,387,150,4
"1607","2020-04-10",103,19,93,462,3237,0.61414890330553,8250,24647,178,386,147,2783,15,402,136,15
"1608","2020-04-11",108,19,106,463,3237,0.61414890330553,8250,24647,178,386,151,2934,6,408,139,6
"1609","2020-04-12",107,19,102,474,3237,0.61414890330553,8250,24647,178,386,136,3070,10,418,121,10
"1610","2020-04-13",116,19,97,488,3237,0.61414890330553,8250,24647,178,386,166,3236,7,425,158,7
"1611","2020-04-14",123,19,99,485,3237,0.61414890330553,8250,24647,178,386,150,3386,26,451,128,26
"1612","2020-04-15",130,19,92,497,3237,0.61414890330553,8250,24647,178,386,125,3511,24,475,110,24
"1613","2020-04-16",147,19,89,506,3237,0.61414890330553,8250,24647,178,386,111,3622,14,489,97,14
"1614","2020-04-17",166,19,74,511,3237,0.61414890330553,8250,24647,178,386,128,3750,14,503,122,14
"1615","2020-04-18",174,19,79,538,3237,0.61414890330553,8250,24647,178,386,110,3860,32,535,104,32
"1616","2020-04-19",177,19,77,544,3237,0.61414890330553,8250,24647,178,386,111,3971,32,567,104,32
"1617","2020-04-20",173,19,75,542,3237,0.61414890330553,8250,24647,178,386,117,4088,22,589,106,22
"1618","2020-04-21",172,19,87,557,3237,0.61414890330553,8250,24647,178,386,100,4188,25,614,84,25
"1619","2020-04-22",187,19,87,553,3237,0.61414890330553,8250,24647,178,386,78,4266,19,633,72,19
"1620","2020-04-23",181,19,83,561,3237,0.61414890330553,8250,24647,178,386,73,4339,23,656,61,23
"1621","2020-04-24",194,19,84,559,3237,0.61414890330553,8250,24647,178,386,76,4415,17,673,60,17
"1622","2020-04-25",196,19,101,566,3237,0.61414890330553,8250,24647,178,386,78,4493,14,687,64,14
"1623","2020-04-26",204,19,103,552,3237,0.61414890330553,8250,24647,178,386,62,4555,26,713,50,26
"1624","2020-04-27",206,19,111,563,3237,0.61414890330553,8250,24647,178,386,69,4624,19,732,60,19
"1625","2020-04-28",209,19,119,565,3237,0.61414890330553,8250,24647,178,386,56,4680,44,776,49,44
"1626","2020-04-29",191,19,106,567,3237,0.61414890330553,8250,24647,178,386,63,4743,16,792,56,16
"1627","2020-04-30",188,19,118,572,3237,0.61414890330553,8250,24647,178,386,48,4791,21,813,39,21
"1628","2020-05-01",197,19,125,558,3237,0.61414890330553,8250,24647,178,386,49,4840,32,845,42,32
"1629","2020-05-02",201,19,133,555,3237,0.61414890330553,8250,24647,178,386,40,4880,13,858,29,13
"1630","2020-05-03",166,19,117,558,3237,0.61414890330553,8250,24647,178,386,31,4911,33,891,28,33
"1631","2020-05-04",157,19,128,541,3237,0.61414890330553,8250,24647,178,386,34,4945,32,923,27,32
"1632","2020-05-05",151,19,120,521,3237,0.61414890330553,8250,24647,178,386,20,4965,26,949,16,26
"1633","2020-05-06",162,19,128,527,3237,0.61414890330553,8250,24647,178,386,42,5007,11,960,26,11
"1634","2020-05-07",166,19,134,505,3237,0.61414890330553,8250,24647,178,386,34,5041,42,1002,23,42
"1635","2020-05-08",158,19,154,497,3237,0.61414890330553,8250,24647,178,386,29,5070,18,1020,21,18
"1636","2020-05-09",152,19,138,514,3237,0.61414890330553,8250,24647,178,386,41,5111,15,1035,31,15
"1637","2020-05-10",171,19,152,497,3237,0.61414890330553,8250,24647,178,386,37,5148,13,1048,22,13
"1638","2020-05-11",176,19,154,488,3237,0.61414890330553,8250,24647,178,386,23,5171,12,1060,13,12
"1639","2020-05-12",167,19,139,482,3237,0.61414890330553,8250,24647,178,386,22,5193,2,1062,12,2
"1640","2020-05-13",156,19,131,476,3237,0.61414890330553,8250,24647,178,386,24,5217,4,1066,19,4
"1641","2020-05-14",152,19,121,464,3237,0.61414890330553,8250,24647,178,386,20,5237,27,1093,14,27
"1642","2020-05-15",171,19,119,458,3237,0.61414890330553,8250,24647,178,386,21,5258,9,1102,15,9
"1643","2020-05-16",163,19,114,453,3237,0.61414890330553,8250,24647,178,386,22,5280,12,1114,16,12
"1644","2020-05-17",155,19,100,441,3237,0.61414890330553,8250,24647,178,386,20,5300,6,1120,18,6
"1645","2020-05-18",152,19,87,431,3237,0.61414890330553,8250,24647,178,386,13,5313,5,1125,8,5
"1646","2020-05-19",146,19,95,420,3237,0.61414890330553,8250,24647,178,386,22,5335,7,1132,14,7
"1647","2020-05-20",154,19,89,398,3237,0.61414890330553,8250,24647,178,386,11,5346,3,1135,6,3
"1648","2020-05-21",146,19,87,383,3237,0.61414890330553,8250,24647,178,386,11,5357,16,1151,5,16
"1649","2020-05-22",133,19,84,368,3237,0.61414890330553,8250,24647,178,386,18,5375,24,1175,10,24
"1650","2020-05-23",140,19,86,355,3237,0.61414890330553,8250,24647,178,386,13,5388,21,1196,8,21
"1651","2020-05-24",123,19,87,337,3237,0.61414890330553,8250,24647,178,386,12,5400,18,1214,8,18
"1652","2020-05-25",117,19,89,320,3237,0.61414890330553,8250,24647,178,386,19,5419,24,1238,10,24
"1653","2020-05-26",115,19,93,304,3237,0.61414890330553,8250,24647,178,386,6,5425,15,1253,2,15
"1654","2020-05-27",101,19,91,284,3237,0.61414890330553,8250,24647,178,386,11,5436,11,1264,7,11
"1655","2020-05-28",97,19,97,263,3237,0.61414890330553,8250,24647,178,386,15,5451,11,1275,9,11
"1656","2020-05-29",88,19,102,266,3237,0.61414890330553,8250,24647,178,386,6,5457,7,1282,2,7
"1657","2020-05-30",93,19,107,262,3237,0.61414890330553,8250,24647,178,386,11,5468,15,1297,7,15
"1658","2020-05-31",87,19,98,251,3237,0.61414890330553,8250,24647,178,386,6,5474,28,1325,3,28
"1659","2020-06-01",88,19,94,245,3237,0.61414890330553,8250,24647,178,386,4,5478,27,1352,3,27
"1660","2020-06-02",78,19,84,244,3237,0.61414890330553,8250,24647,178,386,6,5484,24,1376,2,24
"1661","2020-06-03",80,19,84,241,3237,0.61414890330553,8250,24647,178,386,5,5489,15,1391,2,15
"1662","2020-06-04",83,19,74,244,3237,0.61414890330553,8250,24647,178,386,4,5493,16,1407,3,16
"1663","2020-06-05",99,19,89,238,3237,0.61414890330553,8250,24647,178,386,4,5497,10,1417,2,10
"1664","2020-06-06",92,19,85,225,3237,0.61414890330553,8250,24647,178,386,8,5505,15,1432,1,15
"1665","2020-06-07",81,19,90,214,3237,0.61414890330553,8250,24647,178,386,8,5513,9,1441,2,9
"1666","2020-03-14",2,20,78,19,5338,0.95391532409142,8310,30865,346,581,8,19,10,39,3,10
"1667","2020-03-15",2,20,84,25,5338,0.95391532409142,8310,30865,346,581,12,31,6,45,6,6
"1668","2020-03-16",3,20,89,38,5338,0.95391532409142,8310,30865,346,581,19,50,11,56,11,11
"1669","2020-03-17",3,20,101,51,5338,0.95391532409142,8310,30865,346,581,21,71,15,71,10,15
"1670","2020-03-18",3,20,102,60,5338,0.95391532409142,8310,30865,346,581,23,94,11,82,19,11
"1671","2020-03-19",5,20,109,78,5338,0.95391532409142,8310,30865,346,581,21,115,8,90,16,8
"1672","2020-03-20",8,20,115,91,5338,0.95391532409142,8310,30865,346,581,25,140,9,99,20,9
"1673","2020-03-21",19,20,108,118,5338,0.95391532409142,8310,30865,346,581,29,169,14,113,25,14
"1674","2020-03-22",24,20,87,133,5338,0.95391532409142,8310,30865,346,581,36,205,8,121,34,8
"1675","2020-03-23",28,20,82,151,5338,0.95391532409142,8310,30865,346,581,42,247,8,129,37,8
"1676","2020-03-24",35,20,75,173,5338,0.95391532409142,8310,30865,346,581,63,310,6,135,59,6
"1677","2020-03-25",39,20,71,193,5338,0.95391532409142,8310,30865,346,581,39,349,18,153,33,18
"1678","2020-03-26",42,20,72,209,5338,0.95391532409142,8310,30865,346,581,50,399,8,161,46,8
"1679","2020-03-27",57,20,81,232,5338,0.95391532409142,8310,30865,346,581,56,455,10,171,53,10
"1680","2020-03-28",62,20,95,264,5338,0.95391532409142,8310,30865,346,581,69,524,14,185,65,14
"1681","2020-03-29",65,20,96,290,5338,0.95391532409142,8310,30865,346,581,81,605,24,209,76,24
"1682","2020-03-30",61,20,103,337,5338,0.95391532409142,8310,30865,346,581,57,662,11,220,52,11
"1683","2020-03-31",60,20,96,382,5338,0.95391532409142,8310,30865,346,581,97,759,13,233,93,13
"1684","2020-04-01",72,20,96,408,5338,0.95391532409142,8310,30865,346,581,84,843,13,246,78,13
"1685","2020-04-02",81,20,109,445,5338,0.95391532409142,8310,30865,346,581,91,934,24,270,87,24
"1686","2020-04-03",104,20,119,509,5338,0.95391532409142,8310,30865,346,581,110,1044,24,294,97,24
"1687","2020-04-04",137,20,137,560,5338,0.95391532409142,8310,30865,346,581,100,1144,17,311,92,17
"1688","2020-04-05",161,20,145,624,5338,0.95391532409142,8310,30865,346,581,104,1248,18,329,96,18
"1689","2020-04-06",170,20,128,661,5338,0.95391532409142,8310,30865,346,581,98,1346,22,351,93,22
"1690","2020-04-07",177,20,112,703,5338,0.95391532409142,8310,30865,346,581,128,1474,35,386,118,35
"1691","2020-04-08",197,20,95,753,5338,0.95391532409142,8310,30865,346,581,135,1609,18,404,129,18
"1692","2020-04-09",214,20,88,814,5338,0.95391532409142,8310,30865,346,581,134,1743,25,429,129,25
"1693","2020-04-10",262,20,88,872,5338,0.95391532409142,8310,30865,346,581,139,1882,16,445,138,16
"1694","2020-04-11",281,20,110,915,5338,0.95391532409142,8310,30865,346,581,143,2025,18,463,136,18
"1695","2020-04-12",275,20,103,994,5338,0.95391532409142,8310,30865,346,581,149,2174,32,495,143,32
"1696","2020-04-13",278,20,105,1044,5338,0.95391532409142,8310,30865,346,581,147,2321,23,518,142,23
"1697","2020-04-14",297,20,103,1097,5338,0.95391532409142,8310,30865,346,581,149,2470,27,545,143,27
"1698","2020-04-15",308,20,107,1151,5338,0.95391532409142,8310,30865,346,581,123,2593,11,556,119,11
"1699","2020-04-16",326,20,111,1181,5338,0.95391532409142,8310,30865,346,581,128,2721,14,570,118,14
"1700","2020-04-17",384,20,112,1222,5338,0.95391532409142,8310,30865,346,581,159,2880,14,584,151,14
"1701","2020-04-18",372,20,97,1267,5338,0.95391532409142,8310,30865,346,581,153,3033,11,595,147,11
"1702","2020-04-19",404,20,85,1289,5338,0.95391532409142,8310,30865,346,581,125,3158,20,615,121,20
"1703","2020-04-20",414,20,76,1353,5338,0.95391532409142,8310,30865,346,581,150,3308,11,626,145,11
"1704","2020-04-21",419,20,77,1344,5338,0.95391532409142,8310,30865,346,581,141,3449,14,640,136,14
"1705","2020-04-22",418,20,108,1385,5338,0.95391532409142,8310,30865,346,581,102,3551,8,648,98,8
"1706","2020-04-23",423,20,131,1399,5338,0.95391532409142,8310,30865,346,581,142,3693,12,660,133,12
"1707","2020-04-24",482,20,142,1376,5338,0.95391532409142,8310,30865,346,581,134,3827,19,679,132,19
"1708","2020-04-25",497,20,136,1404,5338,0.95391532409142,8310,30865,346,581,108,3935,23,702,101,23
"1709","2020-04-26",476,20,119,1404,5338,0.95391532409142,8310,30865,346,581,98,4033,9,711,96,9
"1710","2020-04-27",477,20,107,1374,5338,0.95391532409142,8310,30865,346,581,95,4128,18,729,92,18
"1711","2020-04-28",461,20,105,1360,5338,0.95391532409142,8310,30865,346,581,88,4216,16,745,83,16
"1712","2020-04-29",453,20,98,1333,5338,0.95391532409142,8310,30865,346,581,101,4317,25,770,95,25
"1713","2020-04-30",446,20,97,1276,5338,0.95391532409142,8310,30865,346,581,108,4425,17,787,105,17
"1714","2020-05-01",473,20,126,1255,5338,0.95391532409142,8310,30865,346,581,93,4518,19,806,86,19
"1715","2020-05-02",460,20,112,1228,5338,0.95391532409142,8310,30865,346,581,69,4587,22,828,65,22
"1716","2020-05-03",391,20,101,1230,5338,0.95391532409142,8310,30865,346,581,65,4652,30,858,63,30
"1717","2020-05-04",382,20,88,1174,5338,0.95391532409142,8310,30865,346,581,56,4708,31,889,52,31
"1718","2020-05-05",367,20,80,1117,5338,0.95391532409142,8310,30865,346,581,47,4755,22,911,42,22
"1719","2020-05-06",371,20,87,1068,5338,0.95391532409142,8310,30865,346,581,65,4820,20,931,59,20
"1720","2020-05-07",368,20,97,997,5338,0.95391532409142,8310,30865,346,581,40,4860,24,955,37,24
"1721","2020-05-08",347,20,100,962,5338,0.95391532409142,8310,30865,346,581,53,4913,22,977,52,22
"1722","2020-05-09",346,20,95,916,5338,0.95391532409142,8310,30865,346,581,40,4953,20,997,34,20
"1723","2020-05-10",329,20,125,875,5338,0.95391532409142,8310,30865,346,581,34,4987,22,1019,32,22
"1724","2020-05-11",310,20,143,829,5338,0.95391532409142,8310,30865,346,581,32,5019,24,1043,30,24
"1725","2020-05-12",293,20,160,812,5338,0.95391532409142,8310,30865,346,581,29,5048,17,1060,26,17
"1726","2020-05-13",274,20,169,752,5338,0.95391532409142,8310,30865,346,581,26,5074,25,1085,24,25
"1727","2020-05-14",259,20,160,716,5338,0.95391532409142,8310,30865,346,581,30,5104,27,1112,28,27
"1728","2020-05-15",239,20,169,669,5338,0.95391532409142,8310,30865,346,581,21,5125,26,1138,20,26
"1729","2020-05-16",267,20,166,631,5338,0.95391532409142,8310,30865,346,581,19,5144,19,1157,18,19
"1730","2020-05-17",241,20,157,592,5338,0.95391532409142,8310,30865,346,581,30,5174,18,1175,30,18
"1731","2020-05-18",239,20,148,553,5338,0.95391532409142,8310,30865,346,581,24,5198,24,1199,23,24
"1732","2020-05-19",232,20,150,523,5338,0.95391532409142,8310,30865,346,581,26,5224,13,1212,22,13
"1733","2020-05-20",227,20,155,490,5338,0.95391532409142,8310,30865,346,581,18,5242,22,1234,16,22
"1734","2020-05-21",216,20,136,455,5338,0.95391532409142,8310,30865,346,581,20,5262,17,1251,20,17
"1735","2020-05-22",191,20,112,416,5338,0.95391532409142,8310,30865,346,581,14,5276,31,1282,11,31
"1736","2020-05-23",144,20,108,381,5338,0.95391532409142,8310,30865,346,581,15,5291,30,1312,14,30
"1737","2020-05-24",138,20,104,347,5338,0.95391532409142,8310,30865,346,581,14,5305,19,1331,13,19
"1738","2020-05-25",130,20,106,321,5338,0.95391532409142,8310,30865,346,581,14,5319,36,1367,11,36
"1739","2020-05-26",126,20,117,300,5338,0.95391532409142,8310,30865,346,581,12,5331,21,1388,12,21
"1740","2020-05-27",122,20,120,292,5338,0.95391532409142,8310,30865,346,581,12,5343,19,1407,11,19
"1741","2020-05-28",111,20,109,260,5338,0.95391532409142,8310,30865,346,581,9,5352,23,1430,7,23
"1742","2020-05-29",103,20,119,250,5338,0.95391532409142,8310,30865,346,581,5,5357,25,1455,4,25
"1743","2020-05-30",100,20,119,233,5338,0.95391532409142,8310,30865,346,581,5,5362,21,1476,4,21
"1744","2020-05-31",87,20,139,224,5338,0.95391532409142,8310,30865,346,581,10,5372,13,1489,8,13
"1745","2020-06-01",82,20,148,207,5338,0.95391532409142,8310,30865,346,581,8,5380,22,1511,7,22
"1746","2020-06-02",74,20,129,193,5338,0.95391532409142,8310,30865,346,581,8,5388,8,1519,6,8
"1747","2020-06-03",65,20,116,178,5338,0.95391532409142,8310,30865,346,581,2,5390,22,1541,1,22
"1748","2020-06-04",68,20,107,158,5338,0.95391532409142,8310,30865,346,581,14,5404,15,1556,13,15
"1749","2020-06-05",66,20,89,140,5338,0.95391532409142,8310,30865,346,581,3,5407,18,1574,1,18
"1750","2020-06-06",71,20,82,131,5338,0.95391532409142,8310,30865,346,581,3,5410,13,1587,3,13
"1751","2020-06-07",62,20,68,129,5338,0.95391532409142,8310,30865,346,581,5,5415,18,1605,3,18
