"","Date","Absents","Paramset","Infections_or_Exposed_per_day_Patient","Infections_or_Exposed_per_day_HCW","total_infections","nosocomial_proportion","PCR_pooled","LFD_pooled","HCW_symp_test","patient_symp_test","new_hcw_infs","cumulative_hcw_infs","new_pat_infs","cumulative_pats_infs","new_nosocomial_hcw_infs","new_nosocomial_pat_infs"
"1","2020-03-13",5,1,27,109,5759,0.378190658100365,8460,35416,335,721,39,109,5,18,3,5
"2","2020-03-14",10,1,36,147,5759,0.378190658100365,8460,35416,335,721,38,147,9,27,5,9
"3","2020-03-15",17,1,41,191,5759,0.378190658100365,8460,35416,335,721,44,191,6,33,10,6
"4","2020-03-16",26,1,65,252,5759,0.378190658100365,8460,35416,335,721,62,253,19,52,15,19
"5","2020-03-17",27,1,77,319,5759,0.378190658100365,8460,35416,335,721,68,321,23,75,19,23
"6","2020-03-18",36,1,82,359,5759,0.378190658100365,8460,35416,335,721,47,368,16,91,12,16
"7","2020-03-19",49,1,87,418,5759,0.378190658100365,8460,35416,335,721,68,436,16,107,27,16
"8","2020-03-20",88,1,81,472,5759,0.378190658100365,8460,35416,335,721,69,505,16,123,26,16
"9","2020-03-21",137,1,99,532,5759,0.378190658100365,8460,35416,335,721,75,580,28,151,39,28
"10","2020-03-22",155,1,99,592,5759,0.378190658100365,8460,35416,335,721,79,659,15,166,44,15
"11","2020-03-23",151,1,102,641,5759,0.378190658100365,8460,35416,335,721,74,733,20,186,45,20
"12","2020-03-24",166,1,97,683,5759,0.378190658100365,8460,35416,335,721,82,815,16,202,26,16
"13","2020-03-25",176,1,102,713,5759,0.378190658100365,8460,35416,335,721,76,891,22,224,44,22
"14","2020-03-26",191,1,134,747,5759,0.378190658100365,8460,35416,335,721,78,969,42,266,33,42
"15","2020-03-27",247,1,142,780,5759,0.378190658100365,8460,35416,335,721,85,1054,20,286,40,20
"16","2020-03-28",270,1,124,817,5759,0.378190658100365,8460,35416,335,721,86,1140,19,305,37,19
"17","2020-03-29",246,1,120,848,5759,0.378190658100365,8460,35416,335,721,83,1223,22,327,45,22
"18","2020-03-30",263,1,112,856,5759,0.378190658100365,8460,35416,335,721,75,1298,18,345,34,18
"19","2020-03-31",279,1,123,877,5759,0.378190658100365,8460,35416,335,721,87,1385,24,369,48,24
"20","2020-04-01",289,1,136,891,5759,0.378190658100365,8460,35416,335,721,88,1473,31,400,35,31
"21","2020-04-02",295,1,138,907,5759,0.378190658100365,8460,35416,335,721,79,1552,29,429,41,29
"22","2020-04-03",315,1,135,925,5759,0.378190658100365,8460,35416,335,721,98,1650,23,452,42,23
"23","2020-04-04",304,1,146,939,5759,0.378190658100365,8460,35416,335,721,92,1742,32,484,42,32
"24","2020-04-05",290,1,147,946,5759,0.378190658100365,8460,35416,335,721,87,1829,26,510,38,26
"25","2020-04-06",283,1,131,964,5759,0.378190658100365,8460,35416,335,721,95,1924,11,521,52,11
"26","2020-04-07",268,1,143,974,5759,0.378190658100365,8460,35416,335,721,94,2018,32,553,34,32
"27","2020-04-08",274,1,138,990,5759,0.378190658100365,8460,35416,335,721,93,2111,16,569,38,16
"28","2020-04-09",278,1,115,1004,5759,0.378190658100365,8460,35416,335,721,97,2208,14,583,44,14
"29","2020-04-10",289,1,107,999,5759,0.378190658100365,8460,35416,335,721,97,2305,19,602,35,19
"30","2020-04-11",301,1,105,995,5759,0.378190658100365,8460,35416,335,721,83,2388,15,617,36,15
"31","2020-04-12",326,1,105,969,5759,0.378190658100365,8460,35416,335,721,56,2444,18,635,29,18
"32","2020-04-13",311,1,132,979,5759,0.378190658100365,8460,35416,335,721,100,2544,31,666,53,31
"33","2020-04-14",315,1,172,985,5759,0.378190658100365,8460,35416,335,721,83,2627,53,719,33,53
"34","2020-04-15",328,1,199,990,5759,0.378190658100365,8460,35416,335,721,96,2723,53,772,36,53
"35","2020-04-16",319,1,218,987,5759,0.378190658100365,8460,35416,335,721,87,2810,53,825,39,53
"36","2020-04-17",338,1,243,983,5759,0.378190658100365,8460,35416,335,721,84,2894,63,888,44,63
"37","2020-04-18",367,1,245,970,5759,0.378190658100365,8460,35416,335,721,80,2974,38,926,38,38
"38","2020-04-19",330,1,226,974,5759,0.378190658100365,8460,35416,335,721,96,3070,25,951,46,25
"39","2020-04-20",315,1,207,974,5759,0.378190658100365,8460,35416,335,721,83,3153,19,970,42,19
"40","2020-04-21",306,1,198,964,5759,0.378190658100365,8460,35416,335,721,78,3231,34,1004,32,34
"41","2020-04-22",290,1,209,943,5759,0.378190658100365,8460,35416,335,721,62,3293,46,1050,19,46
"42","2020-04-23",304,1,199,968,5759,0.378190658100365,8460,35416,335,721,97,3390,28,1078,42,28
"43","2020-04-24",340,1,175,975,5759,0.378190658100365,8460,35416,335,721,86,3476,19,1097,43,19
"44","2020-04-25",341,1,171,967,5759,0.378190658100365,8460,35416,335,721,76,3552,41,1138,33,41
"45","2020-04-26",319,1,171,951,5759,0.378190658100365,8460,35416,335,721,65,3617,24,1162,23,24
"46","2020-04-27",308,1,177,917,5759,0.378190658100365,8460,35416,335,721,63,3680,31,1193,26,31
"47","2020-04-28",316,1,179,903,5759,0.378190658100365,8460,35416,335,721,66,3746,35,1228,27,35
"48","2020-04-29",318,1,186,888,5759,0.378190658100365,8460,35416,335,721,65,3811,30,1258,32,30
"49","2020-04-30",310,1,188,868,5759,0.378190658100365,8460,35416,335,721,49,3860,30,1288,20,30
"50","2020-05-01",307,1,171,834,5759,0.378190658100365,8460,35416,335,721,62,3922,24,1312,19,24
"51","2020-05-02",283,1,147,803,5759,0.378190658100365,8460,35416,335,721,54,3976,15,1327,20,15
"52","2020-05-03",266,1,137,765,5759,0.378190658100365,8460,35416,335,721,48,4024,15,1342,17,15
"53","2020-05-04",268,1,137,783,5759,0.378190658100365,8460,35416,335,721,83,4107,11,1353,26,11
"54","2020-05-05",250,1,160,743,5759,0.378190658100365,8460,35416,335,721,43,4150,34,1387,11,34
"55","2020-05-06",243,1,178,719,5759,0.378190658100365,8460,35416,335,721,59,4209,41,1428,24,41
"56","2020-05-07",237,1,191,702,5759,0.378190658100365,8460,35416,335,721,63,4272,47,1475,22,47
"57","2020-05-08",217,1,186,679,5759,0.378190658100365,8460,35416,335,721,51,4323,24,1499,24,24
"58","2020-05-09",244,1,186,648,5759,0.378190658100365,8460,35416,335,721,43,4366,30,1529,21,30
"59","2020-05-10",255,1,168,628,5759,0.378190658100365,8460,35416,335,721,45,4411,17,1546,15,17
"60","2020-05-11",242,1,167,647,5759,0.378190658100365,8460,35416,335,721,64,4475,27,1573,32,27
"61","2020-05-12",231,1,186,648,5759,0.378190658100365,8460,35416,335,721,58,4533,32,1605,19,32
"62","2020-05-13",229,1,203,622,5759,0.378190658100365,8460,35416,335,721,38,4571,49,1654,18,49
"63","2020-05-14",215,1,195,616,5759,0.378190658100365,8460,35416,335,721,43,4614,23,1677,18,23
"64","2020-05-15",236,1,184,590,5759,0.378190658100365,8460,35416,335,721,31,4645,24,1701,13,24
"65","2020-05-16",203,1,195,574,5759,0.378190658100365,8460,35416,335,721,37,4682,40,1741,14,40
"66","2020-05-17",192,1,194,563,5759,0.378190658100365,8460,35416,335,721,48,4730,40,1781,21,40
"67","2020-05-18",191,1,177,542,5759,0.378190658100365,8460,35416,335,721,35,4765,21,1802,10,21
"68","2020-05-19",190,1,181,500,5759,0.378190658100365,8460,35416,335,721,30,4795,27,1829,12,27
"69","2020-05-20",185,1,189,468,5759,0.378190658100365,8460,35416,335,721,30,4825,36,1865,10,36
"70","2020-05-21",184,1,199,448,5759,0.378190658100365,8460,35416,335,721,30,4855,43,1908,7,43
"71","2020-05-22",165,1,210,436,5759,0.378190658100365,8460,35416,335,721,34,4889,36,1944,12,36
"72","2020-05-23",166,1,217,423,5759,0.378190658100365,8460,35416,335,721,35,4924,43,1987,15,43
"73","2020-05-24",153,1,248,399,5759,0.378190658100365,8460,35416,335,721,23,4947,67,2054,14,67
"74","2020-05-25",147,1,245,362,5759,0.378190658100365,8460,35416,335,721,16,4963,45,2099,7,45
"75","2020-05-26",142,1,258,348,5759,0.378190658100365,8460,35416,335,721,25,4988,58,2157,10,58
"76","2020-05-27",132,1,229,335,5759,0.378190658100365,8460,35416,335,721,23,5011,29,2186,6,29
"77","2020-05-28",136,1,217,323,5759,0.378190658100365,8460,35416,335,721,28,5039,21,2207,9,21
"78","2020-05-29",138,1,188,307,5759,0.378190658100365,8460,35416,335,721,23,5062,17,2224,8,17
"79","2020-05-30",132,1,177,307,5759,0.378190658100365,8460,35416,335,721,25,5087,17,2241,6,17
"80","2020-05-31",120,1,184,294,5759,0.378190658100365,8460,35416,335,721,19,5106,43,2284,5,43
"81","2020-06-01",112,1,180,286,5759,0.378190658100365,8460,35416,335,721,16,5122,29,2313,3,29
"82","2020-06-02",102,1,177,274,5759,0.378190658100365,8460,35416,335,721,18,5140,31,2344,8,31
"83","2020-06-03",97,1,166,259,5759,0.378190658100365,8460,35416,335,721,16,5156,31,2375,7,31
"84","2020-06-04",91,1,167,241,5759,0.378190658100365,8460,35416,335,721,8,5164,31,2406,2,31
"85","2020-06-05",85,1,167,229,5759,0.378190658100365,8460,35416,335,721,20,5184,31,2437,5,31
"86","2020-06-06",86,1,196,223,5759,0.378190658100365,8460,35416,335,721,20,5204,38,2475,9,38
"87","2020-06-07",75,1,194,210,5759,0.378190658100365,8460,35416,335,721,18,5222,35,2510,6,35
"88","2020-03-13",2,2,21,69,5893,0.712709994909214,8205,33974,319,525,42,123,19,38,7,19
"89","2020-03-14",7,2,23,94,5893,0.712709994909214,8205,33974,319,525,43,166,12,50,12,12
"90","2020-03-15",11,2,36,130,5893,0.712709994909214,8205,33974,319,525,47,213,18,68,15,18
"91","2020-03-16",15,2,38,168,5893,0.712709994909214,8205,33974,319,525,63,276,16,84,25,16
"92","2020-03-17",19,2,45,207,5893,0.712709994909214,8205,33974,319,525,59,335,24,108,22,24
"93","2020-03-18",24,2,51,257,5893,0.712709994909214,8205,33974,319,525,72,407,8,116,29,8
"94","2020-03-19",33,2,70,304,5893,0.712709994909214,8205,33974,319,525,55,462,20,136,23,20
"95","2020-03-20",61,2,84,355,5893,0.712709994909214,8205,33974,319,525,74,536,36,172,38,36
"96","2020-03-21",83,2,94,417,5893,0.712709994909214,8205,33974,319,525,90,626,27,199,43,27
"97","2020-03-22",98,2,85,472,5893,0.712709994909214,8205,33974,319,525,66,692,25,224,43,25
"98","2020-03-23",101,2,74,540,5893,0.712709994909214,8205,33974,319,525,86,778,34,258,50,34
"99","2020-03-24",117,2,76,609,5893,0.712709994909214,8205,33974,319,525,90,868,34,292,59,34
"100","2020-03-25",134,2,86,668,5893,0.712709994909214,8205,33974,319,525,101,969,15,307,53,15
"101","2020-03-26",151,2,82,718,5893,0.712709994909214,8205,33974,319,525,83,1052,19,326,47,19
"102","2020-03-27",184,2,88,785,5893,0.712709994909214,8205,33974,319,525,83,1135,28,354,52,28
"103","2020-03-28",250,2,96,835,5893,0.712709994909214,8205,33974,319,525,109,1244,20,374,67,20
"104","2020-03-29",259,2,111,917,5893,0.712709994909214,8205,33974,319,525,78,1322,25,399,41,25
"105","2020-03-30",261,2,133,965,5893,0.712709994909214,8205,33974,319,525,89,1411,30,429,53,30
"106","2020-03-31",273,2,126,1001,5893,0.712709994909214,8205,33974,319,525,91,1502,41,470,65,41
"107","2020-04-01",285,2,128,1062,5893,0.712709994909214,8205,33974,319,525,97,1599,35,505,73,35
"108","2020-04-02",294,2,128,1089,5893,0.712709994909214,8205,33974,319,525,87,1686,38,543,55,38
"109","2020-04-03",392,2,123,1152,5893,0.712709994909214,8205,33974,319,525,87,1773,36,579,64,36
"110","2020-04-04",383,2,108,1198,5893,0.712709994909214,8205,33974,319,525,81,1854,38,617,55,38
"111","2020-04-05",376,2,99,1207,5893,0.712709994909214,8205,33974,319,525,101,1955,46,663,60,46
"112","2020-04-06",378,2,120,1232,5893,0.712709994909214,8205,33974,319,525,78,2033,39,702,44,39
"113","2020-04-07",384,2,142,1301,5893,0.712709994909214,8205,33974,319,525,109,2142,43,745,66,43
"114","2020-04-08",393,2,142,1318,5893,0.712709994909214,8205,33974,319,525,109,2251,28,773,62,28
"115","2020-04-09",401,2,140,1345,5893,0.712709994909214,8205,33974,319,525,87,2338,36,809,43,36
"116","2020-04-10",433,2,127,1367,5893,0.712709994909214,8205,33974,319,525,64,2402,38,847,38,38
"117","2020-04-11",438,2,116,1351,5893,0.712709994909214,8205,33974,319,525,106,2508,41,888,65,41
"118","2020-04-12",401,2,131,1356,5893,0.712709994909214,8205,33974,319,525,79,2587,44,932,48,44
"119","2020-04-13",405,2,130,1376,5893,0.712709994909214,8205,33974,319,525,83,2670,30,962,49,30
"120","2020-04-14",409,2,115,1370,5893,0.712709994909214,8205,33974,319,525,80,2750,27,989,49,27
"121","2020-04-15",422,2,116,1374,5893,0.712709994909214,8205,33974,319,525,64,2814,26,1015,40,26
"122","2020-04-16",429,2,99,1388,5893,0.712709994909214,8205,33974,319,525,76,2890,28,1043,38,28
"123","2020-04-17",454,2,101,1405,5893,0.712709994909214,8205,33974,319,525,66,2956,27,1070,38,27
"124","2020-04-18",478,2,123,1404,5893,0.712709994909214,8205,33974,319,525,90,3046,19,1089,54,19
"125","2020-04-19",474,2,118,1413,5893,0.712709994909214,8205,33974,319,525,78,3124,27,1116,42,27
"126","2020-04-20",467,2,98,1379,5893,0.712709994909214,8205,33974,319,525,64,3188,22,1138,33,22
"127","2020-04-21",453,2,93,1340,5893,0.712709994909214,8205,33974,319,525,73,3261,43,1181,43,43
"128","2020-04-22",457,2,104,1307,5893,0.712709994909214,8205,33974,319,525,87,3348,40,1221,44,40
"129","2020-04-23",446,2,121,1264,5893,0.712709994909214,8205,33974,319,525,76,3424,22,1243,45,22
"130","2020-04-24",465,2,131,1214,5893,0.712709994909214,8205,33974,319,525,72,3496,17,1260,32,17
"131","2020-04-25",463,2,154,1168,5893,0.712709994909214,8205,33974,319,525,58,3554,15,1275,31,15
"132","2020-04-26",426,2,187,1105,5893,0.712709994909214,8205,33974,319,525,53,3607,27,1302,25,27
"133","2020-04-27",406,2,183,1057,5893,0.712709994909214,8205,33974,319,525,52,3659,47,1349,22,47
"134","2020-04-28",399,2,179,985,5893,0.712709994909214,8205,33974,319,525,73,3732,36,1385,43,36
"135","2020-04-29",369,2,190,915,5893,0.712709994909214,8205,33974,319,525,46,3778,32,1417,20,32
"136","2020-04-30",370,2,190,864,5893,0.712709994909214,8205,33974,319,525,67,3845,20,1437,32,20
"137","2020-05-01",345,2,174,817,5893,0.712709994909214,8205,33974,319,525,63,3908,22,1459,27,22
"138","2020-05-02",311,2,170,785,5893,0.712709994909214,8205,33974,319,525,54,3962,39,1498,19,39
"139","2020-05-03",281,2,181,726,5893,0.712709994909214,8205,33974,319,525,46,4008,34,1532,16,34
"140","2020-05-04",264,2,179,702,5893,0.712709994909214,8205,33974,319,525,46,4054,33,1565,26,33
"141","2020-05-05",250,2,174,678,5893,0.712709994909214,8205,33974,319,525,63,4117,29,1594,24,29
"142","2020-05-06",245,2,196,654,5893,0.712709994909214,8205,33974,319,525,48,4165,43,1637,23,43
"143","2020-05-07",226,2,208,627,5893,0.712709994909214,8205,33974,319,525,51,4216,51,1688,25,51
"144","2020-05-08",208,2,192,594,5893,0.712709994909214,8205,33974,319,525,53,4269,48,1736,20,48
"145","2020-05-09",194,2,165,562,5893,0.712709994909214,8205,33974,319,525,56,4325,69,1805,21,69
"146","2020-05-10",198,2,150,548,5893,0.712709994909214,8205,33974,319,525,46,4371,41,1846,22,41
"147","2020-05-11",200,2,137,537,5893,0.712709994909214,8205,33974,319,525,51,4422,40,1886,24,40
"148","2020-05-12",193,2,139,512,5893,0.712709994909214,8205,33974,319,525,43,4465,32,1918,23,32
"149","2020-05-13",180,2,147,478,5893,0.712709994909214,8205,33974,319,525,43,4508,18,1936,28,18
"150","2020-05-14",177,2,152,455,5893,0.712709994909214,8205,33974,319,525,36,4544,42,1978,19,42
"151","2020-05-15",177,2,135,425,5893,0.712709994909214,8205,33974,319,525,35,4579,51,2029,16,51
"152","2020-05-16",188,2,145,409,5893,0.712709994909214,8205,33974,319,525,43,4622,27,2056,22,27
"153","2020-05-17",161,2,145,392,5893,0.712709994909214,8205,33974,319,525,34,4656,34,2090,15,34
"154","2020-05-18",152,2,147,364,5893,0.712709994909214,8205,33974,319,525,42,4698,9,2099,17,9
"155","2020-05-19",132,2,141,334,5893,0.712709994909214,8205,33974,319,525,31,4729,8,2107,13,8
"156","2020-05-20",139,2,133,308,5893,0.712709994909214,8205,33974,319,525,40,4769,11,2118,17,11
"157","2020-05-21",130,2,131,298,5893,0.712709994909214,8205,33974,319,525,36,4805,16,2134,15,16
"158","2020-05-22",112,2,134,279,5893,0.712709994909214,8205,33974,319,525,27,4832,18,2152,12,18
"159","2020-05-23",96,2,116,268,5893,0.712709994909214,8205,33974,319,525,32,4864,35,2187,15,35
"160","2020-05-24",83,2,118,249,5893,0.712709994909214,8205,33974,319,525,27,4891,23,2210,10,23
"161","2020-05-25",72,2,120,227,5893,0.712709994909214,8205,33974,319,525,20,4911,24,2234,9,24
"162","2020-05-26",73,2,126,210,5893,0.712709994909214,8205,33974,319,525,24,4935,23,2257,8,23
"163","2020-05-27",60,2,119,206,5893,0.712709994909214,8205,33974,319,525,31,4966,24,2281,14,24
"164","2020-05-28",60,2,125,195,5893,0.712709994909214,8205,33974,319,525,22,4988,29,2310,9,29
"165","2020-05-29",55,2,117,184,5893,0.712709994909214,8205,33974,319,525,28,5016,23,2333,7,23
"166","2020-05-30",57,2,121,185,5893,0.712709994909214,8205,33974,319,525,20,5036,26,2359,9,26
"167","2020-05-31",58,2,118,161,5893,0.712709994909214,8205,33974,319,525,21,5057,31,2390,13,31
"168","2020-06-01",63,2,132,151,5893,0.712709994909214,8205,33974,319,525,22,5079,8,2398,8,8
"169","2020-06-02",59,2,125,150,5893,0.712709994909214,8205,33974,319,525,16,5095,16,2414,3,16
"170","2020-06-03",55,2,141,142,5893,0.712709994909214,8205,33974,319,525,17,5112,15,2429,5,15
"171","2020-06-04",51,2,124,134,5893,0.712709994909214,8205,33974,319,525,9,5121,26,2455,5,26
"172","2020-06-05",48,2,104,133,5893,0.712709994909214,8205,33974,319,525,15,5136,23,2478,6,23
"173","2020-06-06",45,2,105,131,5893,0.712709994909214,8205,33974,319,525,6,5142,24,2502,1,24
"174","2020-06-07",44,2,99,123,5893,0.712709994909214,8205,33974,319,525,10,5152,25,2527,5,25
"175","2020-03-13",2,3,108,111,6325,0.548616600790514,8280,35857,329,1464,16,36,5,19,7,5
"176","2020-03-14",6,3,137,158,6325,0.548616600790514,8280,35857,329,1464,13,49,8,27,7,8
"177","2020-03-15",17,3,168,216,6325,0.548616600790514,8280,35857,329,1464,25,74,6,33,17,6
"178","2020-03-16",23,3,168,271,6325,0.548616600790514,8280,35857,329,1464,29,103,21,54,14,21
"179","2020-03-17",32,3,182,330,6325,0.548616600790514,8280,35857,329,1464,30,133,16,70,16,16
"180","2020-03-18",46,3,195,377,6325,0.548616600790514,8280,35857,329,1464,39,172,11,81,30,11
"181","2020-03-19",55,3,201,454,6325,0.548616600790514,8280,35857,329,1464,38,210,14,95,32,14
"182","2020-03-20",85,3,218,516,6325,0.548616600790514,8280,35857,329,1464,48,258,18,113,38,18
"183","2020-03-21",117,3,245,605,6325,0.548616600790514,8280,35857,329,1464,64,322,10,123,48,10
"184","2020-03-22",150,3,237,697,6325,0.548616600790514,8280,35857,329,1464,64,386,41,164,51,41
"185","2020-03-23",163,3,267,774,6325,0.548616600790514,8280,35857,329,1464,65,451,35,199,51,35
"186","2020-03-24",175,3,251,841,6325,0.548616600790514,8280,35857,329,1464,79,530,29,228,71,29
"187","2020-03-25",200,3,241,887,6325,0.548616600790514,8280,35857,329,1464,84,614,44,272,76,44
"188","2020-03-26",216,3,225,943,6325,0.548616600790514,8280,35857,329,1464,76,690,50,322,68,50
"189","2020-03-27",272,3,209,964,6325,0.548616600790514,8280,35857,329,1464,97,787,46,368,85,46
"190","2020-03-28",308,3,207,1037,6325,0.548616600790514,8280,35857,329,1464,121,908,29,397,105,29
"191","2020-03-29",293,3,198,1086,6325,0.548616600790514,8280,35857,329,1464,121,1029,27,424,104,27
"192","2020-03-30",296,3,216,1142,6325,0.548616600790514,8280,35857,329,1464,150,1179,42,466,132,42
"193","2020-03-31",324,3,209,1158,6325,0.548616600790514,8280,35857,329,1464,145,1324,59,525,133,59
"194","2020-04-01",323,3,230,1177,6325,0.548616600790514,8280,35857,329,1464,138,1462,47,572,127,47
"195","2020-04-02",338,3,231,1211,6325,0.548616600790514,8280,35857,329,1464,151,1613,47,619,142,47
"196","2020-04-03",376,3,233,1263,6325,0.548616600790514,8280,35857,329,1464,174,1787,41,660,155,41
"197","2020-04-04",368,3,226,1294,6325,0.548616600790514,8280,35857,329,1464,154,1941,41,701,145,41
"198","2020-04-05",406,3,254,1301,6325,0.548616600790514,8280,35857,329,1464,170,2111,33,734,159,33
"199","2020-04-06",416,3,242,1315,6325,0.548616600790514,8280,35857,329,1464,156,2267,48,782,149,48
"200","2020-04-07",392,3,234,1309,6325,0.548616600790514,8280,35857,329,1464,203,2470,40,822,191,40
"201","2020-04-08",400,3,190,1318,6325,0.548616600790514,8280,35857,329,1464,156,2626,30,852,144,30
"202","2020-04-09",406,3,192,1323,6325,0.548616600790514,8280,35857,329,1464,164,2790,21,873,150,21
"203","2020-04-10",455,3,220,1297,6325,0.548616600790514,8280,35857,329,1464,158,2948,40,913,140,40
"204","2020-04-11",480,3,232,1335,6325,0.548616600790514,8280,35857,329,1464,166,3114,49,962,157,49
"205","2020-04-12",430,3,225,1318,6325,0.548616600790514,8280,35857,329,1464,176,3290,26,988,161,26
"206","2020-04-13",421,3,224,1311,6325,0.548616600790514,8280,35857,329,1464,160,3450,28,1016,144,28
"207","2020-04-14",419,3,225,1299,6325,0.548616600790514,8280,35857,329,1464,139,3589,20,1036,132,20
"208","2020-04-15",420,3,211,1264,6325,0.548616600790514,8280,35857,329,1464,167,3756,17,1053,161,17
"209","2020-04-16",437,3,259,1227,6325,0.548616600790514,8280,35857,329,1464,138,3894,15,1068,132,15
"210","2020-04-17",448,3,273,1236,6325,0.548616600790514,8280,35857,329,1464,104,3998,20,1088,97,20
"211","2020-04-18",461,3,284,1194,6325,0.548616600790514,8280,35857,329,1464,125,4123,13,1101,118,13
"212","2020-04-19",412,3,256,1180,6325,0.548616600790514,8280,35857,329,1464,120,4243,13,1114,112,13
"213","2020-04-20",406,3,256,1156,6325,0.548616600790514,8280,35857,329,1464,119,4362,13,1127,112,13
"214","2020-04-21",388,3,251,1111,6325,0.548616600790514,8280,35857,329,1464,112,4474,38,1165,106,38
"215","2020-04-22",380,3,266,1088,6325,0.548616600790514,8280,35857,329,1464,107,4581,36,1201,104,36
"216","2020-04-23",346,3,248,1064,6325,0.548616600790514,8280,35857,329,1464,81,4662,29,1230,73,29
"217","2020-04-24",357,3,251,1058,6325,0.548616600790514,8280,35857,329,1464,98,4760,21,1251,88,21
"218","2020-04-25",352,3,254,1018,6325,0.548616600790514,8280,35857,329,1464,84,4844,12,1263,82,12
"219","2020-04-26",341,3,254,993,6325,0.548616600790514,8280,35857,329,1464,76,4920,28,1291,68,28
"220","2020-04-27",329,3,253,968,6325,0.548616600790514,8280,35857,329,1464,68,4988,29,1320,62,29
"221","2020-04-28",322,3,252,916,6325,0.548616600790514,8280,35857,329,1464,61,5049,21,1341,52,21
"222","2020-04-29",310,3,280,886,6325,0.548616600790514,8280,35857,329,1464,68,5117,28,1369,62,28
"223","2020-04-30",318,3,281,854,6325,0.548616600790514,8280,35857,329,1464,48,5165,27,1396,38,27
"224","2020-05-01",317,3,276,826,6325,0.548616600790514,8280,35857,329,1464,63,5228,47,1443,57,47
"225","2020-05-02",292,3,265,778,6325,0.548616600790514,8280,35857,329,1464,54,5282,39,1482,47,39
"226","2020-05-03",275,3,262,776,6325,0.548616600790514,8280,35857,329,1464,49,5331,24,1506,46,24
"227","2020-05-04",259,3,246,729,6325,0.548616600790514,8280,35857,329,1464,40,5371,26,1532,33,26
"228","2020-05-05",262,3,290,722,6325,0.548616600790514,8280,35857,329,1464,41,5412,21,1553,33,21
"229","2020-05-06",263,3,286,707,6325,0.548616600790514,8280,35857,329,1464,31,5443,24,1577,28,24
"230","2020-05-07",246,3,275,676,6325,0.548616600790514,8280,35857,329,1464,40,5483,24,1601,31,24
"231","2020-05-08",227,3,271,660,6325,0.548616600790514,8280,35857,329,1464,26,5509,41,1642,20,41
"232","2020-05-09",230,3,288,644,6325,0.548616600790514,8280,35857,329,1464,27,5536,61,1703,21,61
"233","2020-05-10",198,3,289,626,6325,0.548616600790514,8280,35857,329,1464,29,5565,30,1733,22,30
"234","2020-05-11",184,3,285,603,6325,0.548616600790514,8280,35857,329,1464,34,5599,37,1770,28,37
"235","2020-05-12",180,3,273,569,6325,0.548616600790514,8280,35857,329,1464,20,5619,44,1814,17,44
"236","2020-05-13",168,3,290,541,6325,0.548616600790514,8280,35857,329,1464,18,5637,34,1848,16,34
"237","2020-05-14",166,3,288,506,6325,0.548616600790514,8280,35857,329,1464,31,5668,36,1884,20,36
"238","2020-05-15",168,3,270,469,6325,0.548616600790514,8280,35857,329,1464,24,5692,30,1914,16,30
"239","2020-05-16",163,3,256,443,6325,0.548616600790514,8280,35857,329,1464,24,5716,23,1937,17,23
"240","2020-05-17",158,3,260,428,6325,0.548616600790514,8280,35857,329,1464,29,5745,41,1978,20,41
"241","2020-05-18",149,3,245,395,6325,0.548616600790514,8280,35857,329,1464,24,5769,32,2010,20,32
"242","2020-05-19",139,3,255,377,6325,0.548616600790514,8280,35857,329,1464,12,5781,43,2053,11,43
"243","2020-05-20",135,3,283,361,6325,0.548616600790514,8280,35857,329,1464,23,5804,32,2085,16,32
"244","2020-05-21",125,3,312,343,6325,0.548616600790514,8280,35857,329,1464,16,5820,26,2111,15,26
"245","2020-05-22",119,3,326,332,6325,0.548616600790514,8280,35857,329,1464,10,5830,19,2130,8,19
"246","2020-05-23",119,3,335,320,6325,0.548616600790514,8280,35857,329,1464,20,5850,41,2171,13,41
"247","2020-05-24",118,3,350,315,6325,0.548616600790514,8280,35857,329,1464,14,5864,35,2206,9,35
"248","2020-05-25",109,3,317,294,6325,0.548616600790514,8280,35857,329,1464,10,5874,50,2256,8,50
"249","2020-05-26",104,3,320,284,6325,0.548616600790514,8280,35857,329,1464,13,5887,32,2288,10,32
"250","2020-05-27",106,3,327,277,6325,0.548616600790514,8280,35857,329,1464,9,5896,36,2324,6,36
"251","2020-05-28",109,3,327,273,6325,0.548616600790514,8280,35857,329,1464,9,5905,47,2371,4,47
"252","2020-05-29",102,3,321,270,6325,0.548616600790514,8280,35857,329,1464,10,5915,47,2418,8,47
"253","2020-05-30",93,3,302,256,6325,0.548616600790514,8280,35857,329,1464,8,5923,28,2446,5,28
"254","2020-05-31",79,3,321,228,6325,0.548616600790514,8280,35857,329,1464,12,5935,46,2492,7,46
"255","2020-06-01",87,3,299,221,6325,0.548616600790514,8280,35857,329,1464,9,5944,24,2516,7,24
"256","2020-06-02",83,3,274,213,6325,0.548616600790514,8280,35857,329,1464,8,5952,35,2551,5,35
"257","2020-06-03",80,3,276,205,6325,0.548616600790514,8280,35857,329,1464,10,5962,44,2595,7,44
"258","2020-06-04",72,3,270,194,6325,0.548616600790514,8280,35857,329,1464,9,5971,25,2620,8,25
"259","2020-06-05",73,3,255,185,6325,0.548616600790514,8280,35857,329,1464,4,5975,21,2641,2,21
"260","2020-06-06",63,3,233,176,6325,0.548616600790514,8280,35857,329,1464,6,5981,18,2659,4,18
"261","2020-06-07",70,3,230,165,6325,0.548616600790514,8280,35857,329,1464,5,5986,24,2683,5,24
"262","2020-03-08",2,4,0,0,5256,0.718797564687976,8340,32071,273,717,NA,NA,NA,NA,NA,NA
"263","2020-03-09",2,4,0,0,5256,0.718797564687976,8340,32071,273,717,NA,NA,NA,NA,NA,NA
"264","2020-03-10",0,4,0,0,5256,0.718797564687976,8340,32071,273,717,NA,NA,3,3,NA,3
"265","2020-03-11",0,4,0,0,5256,0.718797564687976,8340,32071,273,717,55,55,18,21,9,18
"266","2020-03-12",0,4,0,0,5256,0.718797564687976,8340,32071,273,717,44,99,46,67,7,46
"267","2020-03-13",0,4,0,0,5256,0.718797564687976,8340,32071,273,717,42,141,47,114,8,47
"268","2020-03-14",5,4,34,87,5256,0.718797564687976,8340,32071,273,717,61,202,61,175,23,61
"269","2020-03-15",13,4,45,119,5256,0.718797564687976,8340,32071,273,717,64,266,40,215,30,40
"270","2020-03-16",17,4,63,152,5256,0.718797564687976,8340,32071,273,717,73,339,33,248,35,33
"271","2020-03-17",23,4,75,183,5256,0.718797564687976,8340,32071,273,717,70,409,33,281,36,33
"272","2020-03-18",32,4,87,219,5256,0.718797564687976,8340,32071,273,717,75,484,21,302,43,21
"273","2020-03-19",41,4,94,262,5256,0.718797564687976,8340,32071,273,717,78,562,19,321,43,19
"274","2020-03-20",49,4,122,303,5256,0.718797564687976,8340,32071,273,717,82,644,20,341,46,20
"275","2020-03-21",63,4,122,344,5256,0.718797564687976,8340,32071,273,717,92,736,41,382,57,42
"276","2020-03-22",82,4,117,381,5256,0.718797564687976,8340,32071,273,717,100,836,29,411,58,29
"277","2020-03-23",89,4,153,412,5256,0.718797564687976,8340,32071,273,717,89,925,54,465,55,54
"278","2020-03-24",89,4,182,455,5256,0.718797564687976,8340,32071,273,717,96,1021,31,496,52,31
"279","2020-03-25",98,4,214,494,5256,0.718797564687976,8340,32071,273,717,94,1115,49,545,63,49
"280","2020-03-26",108,4,204,558,5256,0.718797564687976,8340,32071,273,717,101,1216,40,585,56,40
"281","2020-03-27",155,4,202,612,5256,0.718797564687976,8340,32071,273,717,90,1306,44,629,60,44
"282","2020-03-28",194,4,194,650,5256,0.718797564687976,8340,32071,273,717,101,1407,46,675,61,46
"283","2020-03-29",189,4,171,710,5256,0.718797564687976,8340,32071,273,717,128,1535,12,687,83,12
"284","2020-03-30",193,4,144,764,5256,0.718797564687976,8340,32071,273,717,99,1634,14,701,54,14
"285","2020-03-31",208,4,139,813,5256,0.718797564687976,8340,32071,273,717,94,1728,18,719,60,18
"286","2020-04-01",224,4,158,840,5256,0.718797564687976,8340,32071,273,717,92,1820,15,734,48,15
"287","2020-04-02",234,4,155,883,5256,0.718797564687976,8340,32071,273,717,100,1920,37,771,58,37
"288","2020-04-03",274,4,153,939,5256,0.718797564687976,8340,32071,273,717,91,2011,20,791,52,20
"289","2020-04-04",264,4,176,972,5256,0.718797564687976,8340,32071,273,717,97,2108,14,805,55,14
"290","2020-04-05",293,4,178,1013,5256,0.718797564687976,8340,32071,273,717,104,2212,22,827,61,22
"291","2020-04-06",289,4,178,1037,5256,0.718797564687976,8340,32071,273,717,105,2317,46,873,53,46
"292","2020-04-07",291,4,148,1045,5256,0.718797564687976,8340,32071,273,717,119,2436,24,897,70,24
"293","2020-04-08",296,4,137,1091,5256,0.718797564687976,8340,32071,273,717,113,2549,66,963,67,66
"294","2020-04-09",301,4,147,1094,5256,0.718797564687976,8340,32071,273,717,113,2662,48,1011,68,48
"295","2020-04-10",336,4,177,1128,5256,0.718797564687976,8340,32071,273,717,95,2757,21,1032,47,21
"296","2020-04-11",371,4,210,1099,5256,0.718797564687976,8340,32071,273,717,108,2865,23,1055,63,23
"297","2020-04-12",335,4,227,1107,5256,0.718797564687976,8340,32071,273,717,83,2948,59,1114,51,59
"298","2020-04-13",336,4,227,1125,5256,0.718797564687976,8340,32071,273,717,95,3043,67,1181,53,67
"299","2020-04-14",335,4,243,1147,5256,0.718797564687976,8340,32071,273,717,110,3153,43,1224,65,43
"300","2020-04-15",343,4,257,1161,5256,0.718797564687976,8340,32071,273,717,96,3249,40,1264,57,40
"301","2020-04-16",342,4,258,1145,5256,0.718797564687976,8340,32071,273,717,77,3326,33,1297,44,33
"302","2020-04-17",389,4,253,1152,5256,0.718797564687976,8340,32071,273,717,91,3417,34,1331,43,34
"303","2020-04-18",381,4,257,1136,5256,0.718797564687976,8340,32071,273,717,89,3506,48,1379,60,48
"304","2020-04-19",387,4,252,1133,5256,0.718797564687976,8340,32071,273,717,97,3603,12,1391,62,12
"305","2020-04-20",387,4,224,1163,5256,0.718797564687976,8340,32071,273,717,99,3702,39,1430,49,39
"306","2020-04-21",371,4,217,1139,5256,0.718797564687976,8340,32071,273,717,103,3805,34,1464,59,34
"307","2020-04-22",358,4,226,1142,5256,0.718797564687976,8340,32071,273,717,84,3889,24,1488,51,24
"308","2020-04-23",362,4,207,1109,5256,0.718797564687976,8340,32071,273,717,62,3951,26,1514,35,26
"309","2020-04-24",392,4,210,1099,5256,0.718797564687976,8340,32071,273,717,74,4025,65,1579,33,65
"310","2020-04-25",385,4,203,1065,5256,0.718797564687976,8340,32071,273,717,71,4096,29,1608,42,29
"311","2020-04-26",360,4,229,1035,5256,0.718797564687976,8340,32071,273,717,66,4162,65,1673,37,65
"312","2020-04-27",368,4,237,984,5256,0.718797564687976,8340,32071,273,717,69,4231,80,1753,42,80
"313","2020-04-28",352,4,200,951,5256,0.718797564687976,8340,32071,273,717,64,4295,48,1801,34,48
"314","2020-04-29",346,4,179,914,5256,0.718797564687976,8340,32071,273,717,76,4371,65,1866,51,65
"315","2020-04-30",340,4,185,865,5256,0.718797564687976,8340,32071,273,717,58,4429,27,1893,28,27
"316","2020-05-01",335,4,178,814,5256,0.718797564687976,8340,32071,273,717,66,4495,18,1911,29,18
"317","2020-05-02",325,4,169,797,5256,0.718797564687976,8340,32071,273,717,58,4553,7,1918,38,7
"318","2020-05-03",267,4,168,754,5256,0.718797564687976,8340,32071,273,717,52,4605,14,1932,19,14
"319","2020-05-04",246,4,163,723,5256,0.718797564687976,8340,32071,273,717,46,4651,9,1941,26,9
"320","2020-05-05",241,4,163,697,5256,0.718797564687976,8340,32071,273,717,48,4699,54,1995,22,54
"321","2020-05-06",242,4,162,666,5256,0.718797564687976,8340,32071,273,717,35,4734,33,2028,17,33
"322","2020-05-07",235,4,163,627,5256,0.718797564687976,8340,32071,273,717,52,4786,36,2064,27,36
"323","2020-05-08",212,4,170,583,5256,0.718797564687976,8340,32071,273,717,46,4832,70,2134,24,70
"324","2020-05-09",212,4,183,561,5256,0.718797564687976,8340,32071,273,717,62,4894,42,2176,34,42
"325","2020-05-10",207,4,182,532,5256,0.718797564687976,8340,32071,273,717,51,4945,25,2201,25,25
"326","2020-05-11",196,4,212,514,5256,0.718797564687976,8340,32071,273,717,40,4985,26,2227,17,26
"327","2020-05-12",186,4,222,501,5256,0.718797564687976,8340,32071,273,717,46,5031,38,2265,23,38
"328","2020-05-13",175,4,248,470,5256,0.718797564687976,8340,32071,273,717,41,5072,77,2342,21,77
"329","2020-05-14",165,4,263,430,5256,0.718797564687976,8340,32071,273,717,36,5108,87,2429,16,87
"330","2020-05-15",172,4,238,410,5256,0.718797564687976,8340,32071,273,717,34,5142,47,2476,18,47
"331","2020-05-16",165,4,219,385,5256,0.718797564687976,8340,32071,273,717,41,5183,23,2499,20,23
"332","2020-05-17",147,4,207,362,5256,0.718797564687976,8340,32071,273,717,41,5224,18,2517,19,18
"333","2020-05-18",148,4,187,332,5256,0.718797564687976,8340,32071,273,717,37,5261,57,2574,23,57
"334","2020-05-19",142,4,170,329,5256,0.718797564687976,8340,32071,273,717,34,5295,47,2621,16,47
"335","2020-05-20",135,4,137,315,5256,0.718797564687976,8340,32071,273,717,29,5324,32,2653,8,32
"336","2020-05-21",130,4,127,304,5256,0.718797564687976,8340,32071,273,717,38,5362,44,2697,18,44
"337","2020-05-22",118,4,120,298,5256,0.718797564687976,8340,32071,273,717,36,5398,53,2750,18,53
"338","2020-05-23",103,4,113,293,5256,0.718797564687976,8340,32071,273,717,27,5425,24,2774,13,24
"339","2020-05-24",122,4,116,282,5256,0.718797564687976,8340,32071,273,717,28,5453,32,2806,13,32
"340","2020-05-25",112,4,133,279,5256,0.718797564687976,8340,32071,273,717,34,5487,26,2832,13,26
"341","2020-05-26",99,4,153,261,5256,0.718797564687976,8340,32071,273,717,21,5508,67,2899,10,67
"342","2020-05-27",97,4,146,256,5256,0.718797564687976,8340,32071,273,717,21,5529,34,2933,9,34
"343","2020-05-28",95,4,150,243,5256,0.718797564687976,8340,32071,273,717,31,5560,37,2970,11,37
"344","2020-05-29",86,4,176,224,5256,0.718797564687976,8340,32071,273,717,27,5587,59,3029,14,59
"345","2020-05-30",89,4,177,214,5256,0.718797564687976,8340,32071,273,717,11,5598,41,3070,6,41
"346","2020-05-31",67,4,176,199,5256,0.718797564687976,8340,32071,273,717,17,5615,26,3096,12,26
"347","2020-06-01",64,4,151,182,5256,0.718797564687976,8340,32071,273,717,18,5633,28,3124,8,28
"348","2020-06-02",67,4,148,169,5256,0.718797564687976,8340,32071,273,717,23,5656,29,3153,10,29
"349","2020-06-03",62,4,120,153,5256,0.718797564687976,8340,32071,273,717,17,5673,25,3178,5,25
"350","2020-06-04",60,4,107,150,5256,0.718797564687976,8340,32071,273,717,20,5693,55,3233,13,55
"351","2020-06-05",58,4,101,158,5256,0.718797564687976,8340,32071,273,717,17,5710,34,3267,8,34
"352","2020-06-06",60,4,110,156,5256,0.718797564687976,8340,32071,273,717,17,5727,61,3328,8,61
"353","2020-06-07",62,4,112,145,5256,0.718797564687976,8340,32071,273,717,11,5738,31,3359,7,31
"354","2020-03-13",3,5,25,82,5685,0.645382585751979,8160,33944,309,596,21,58,5,32,12,5
"355","2020-03-14",5,5,33,123,5685,0.645382585751979,8160,33944,309,596,22,80,22,54,8,22
"356","2020-03-15",15,5,50,170,5685,0.645382585751979,8160,33944,309,596,27,107,31,85,9,31
"357","2020-03-16",25,5,63,210,5685,0.645382585751979,8160,33944,309,596,16,123,30,115,5,30
"358","2020-03-17",29,5,69,254,5685,0.645382585751979,8160,33944,309,596,47,170,30,145,31,30
"359","2020-03-18",39,5,67,307,5685,0.645382585751979,8160,33944,309,596,29,199,43,188,14,43
"360","2020-03-19",49,5,69,347,5685,0.645382585751979,8160,33944,309,596,55,254,51,239,46,51
"361","2020-03-20",64,5,62,390,5685,0.645382585751979,8160,33944,309,596,47,301,49,288,33,49
"362","2020-03-21",112,5,60,447,5685,0.645382585751979,8160,33944,309,596,59,360,35,323,45,35
"363","2020-03-22",133,5,75,519,5685,0.645382585751979,8160,33944,309,596,58,418,20,343,43,20
"364","2020-03-23",129,5,82,579,5685,0.645382585751979,8160,33944,309,596,63,481,24,367,51,24
"365","2020-03-24",147,5,87,641,5685,0.645382585751979,8160,33944,309,596,87,568,12,379,72,12
"366","2020-03-25",158,5,106,679,5685,0.645382585751979,8160,33944,309,596,73,641,17,396,61,17
"367","2020-03-26",172,5,103,703,5685,0.645382585751979,8160,33944,309,596,86,727,34,430,78,34
"368","2020-03-27",214,5,104,769,5685,0.645382585751979,8160,33944,309,596,101,828,38,468,85,38
"369","2020-03-28",220,5,104,842,5685,0.645382585751979,8160,33944,309,596,90,918,25,493,75,25
"370","2020-03-29",232,5,118,883,5685,0.645382585751979,8160,33944,309,596,105,1023,41,534,92,41
"371","2020-03-30",247,5,118,922,5685,0.645382585751979,8160,33944,309,596,140,1163,59,593,124,59
"372","2020-03-31",250,5,116,1001,5685,0.645382585751979,8160,33944,309,596,116,1279,56,649,102,56
"373","2020-04-01",269,5,111,1032,5685,0.645382585751979,8160,33944,309,596,118,1397,31,680,108,31
"374","2020-04-02",287,5,111,1081,5685,0.645382585751979,8160,33944,309,596,155,1552,36,716,145,36
"375","2020-04-03",358,5,102,1143,5685,0.645382585751979,8160,33944,309,596,171,1723,35,751,158,35
"376","2020-04-04",373,5,112,1153,5685,0.645382585751979,8160,33944,309,596,138,1861,48,799,126,48
"377","2020-04-05",359,5,111,1203,5685,0.645382585751979,8160,33944,309,596,166,2027,33,832,149,33
"378","2020-04-06",364,5,122,1220,5685,0.645382585751979,8160,33944,309,596,154,2181,27,859,142,27
"379","2020-04-07",361,5,110,1242,5685,0.645382585751979,8160,33944,309,596,201,2382,46,905,191,46
"380","2020-04-08",368,5,109,1247,5685,0.645382585751979,8160,33944,309,596,165,2547,61,966,156,61
"381","2020-04-09",371,5,116,1290,5685,0.645382585751979,8160,33944,309,596,199,2746,54,1020,184,54
"382","2020-04-10",428,5,113,1304,5685,0.645382585751979,8160,33944,309,596,175,2921,50,1070,164,50
"383","2020-04-11",446,5,107,1294,5685,0.645382585751979,8160,33944,309,596,155,3076,36,1106,138,36
"384","2020-04-12",419,5,97,1292,5685,0.645382585751979,8160,33944,309,596,150,3226,36,1142,139,36
"385","2020-04-13",412,5,92,1280,5685,0.645382585751979,8160,33944,309,596,206,3432,48,1190,195,48
"386","2020-04-14",411,5,104,1263,5685,0.645382585751979,8160,33944,309,596,138,3570,39,1229,123,39
"387","2020-04-15",415,5,127,1265,5685,0.645382585751979,8160,33944,309,596,154,3724,33,1262,142,33
"388","2020-04-16",433,5,127,1237,5685,0.645382585751979,8160,33944,309,596,174,3898,26,1288,163,26
"389","2020-04-17",416,5,138,1213,5685,0.645382585751979,8160,33944,309,596,132,4030,32,1320,123,32
"390","2020-04-18",409,5,127,1179,5685,0.645382585751979,8160,33944,309,596,137,4167,19,1339,125,19
"391","2020-04-19",389,5,155,1151,5685,0.645382585751979,8160,33944,309,596,128,4295,54,1393,122,54
"392","2020-04-20",382,5,172,1118,5685,0.645382585751979,8160,33944,309,596,127,4422,29,1422,115,29
"393","2020-04-21",379,5,180,1083,5685,0.645382585751979,8160,33944,309,596,102,4524,34,1456,94,34
"394","2020-04-22",364,5,201,1039,5685,0.645382585751979,8160,33944,309,596,94,4618,28,1484,80,28
"395","2020-04-23",349,5,211,1011,5685,0.645382585751979,8160,33944,309,596,117,4735,21,1505,104,21
"396","2020-04-24",386,5,195,977,5685,0.645382585751979,8160,33944,309,596,107,4842,32,1537,100,32
"397","2020-04-25",379,5,203,940,5685,0.645382585751979,8160,33944,309,596,77,4919,32,1569,73,32
"398","2020-04-26",337,5,197,929,5685,0.645382585751979,8160,33944,309,596,91,5010,26,1595,82,26
"399","2020-04-27",331,5,182,899,5685,0.645382585751979,8160,33944,309,596,69,5079,22,1617,63,22
"400","2020-04-28",332,5,160,859,5685,0.645382585751979,8160,33944,309,596,63,5142,21,1638,54,21
"401","2020-04-29",331,5,146,829,5685,0.645382585751979,8160,33944,309,596,59,5201,27,1665,53,27
"402","2020-04-30",315,5,131,823,5685,0.645382585751979,8160,33944,309,596,49,5250,23,1688,36,23
"403","2020-05-01",284,5,147,801,5685,0.645382585751979,8160,33944,309,596,55,5305,23,1711,50,23
"404","2020-05-02",280,5,138,751,5685,0.645382585751979,8160,33944,309,596,42,5347,17,1728,34,17
"405","2020-05-03",273,5,137,714,5685,0.645382585751979,8160,33944,309,596,48,5395,51,1779,42,51
"406","2020-05-04",259,5,118,696,5685,0.645382585751979,8160,33944,309,596,34,5429,47,1826,28,47
"407","2020-05-05",248,5,117,691,5685,0.645382585751979,8160,33944,309,596,32,5461,54,1880,28,54
"408","2020-05-06",235,5,103,647,5685,0.645382585751979,8160,33944,309,596,34,5495,50,1930,28,50
"409","2020-05-07",226,5,103,639,5685,0.645382585751979,8160,33944,309,596,33,5528,29,1959,20,29
"410","2020-05-08",236,5,102,613,5685,0.645382585751979,8160,33944,309,596,29,5557,20,1979,20,20
"411","2020-05-09",244,5,115,593,5685,0.645382585751979,8160,33944,309,596,27,5584,47,2026,17,47
"412","2020-05-10",217,5,120,579,5685,0.645382585751979,8160,33944,309,596,20,5604,38,2064,14,38
"413","2020-05-11",192,5,119,545,5685,0.645382585751979,8160,33944,309,596,21,5625,27,2091,15,27
"414","2020-05-12",178,5,131,530,5685,0.645382585751979,8160,33944,309,596,20,5645,35,2126,16,35
"415","2020-05-13",171,5,127,510,5685,0.645382585751979,8160,33944,309,596,24,5669,26,2152,18,26
"416","2020-05-14",166,5,148,489,5685,0.645382585751979,8160,33944,309,596,12,5681,43,2195,8,43
"417","2020-05-15",174,5,154,460,5685,0.645382585751979,8160,33944,309,596,24,5705,25,2220,19,25
"418","2020-05-16",163,5,148,429,5685,0.645382585751979,8160,33944,309,596,17,5722,30,2250,10,30
"419","2020-05-17",158,5,158,409,5685,0.645382585751979,8160,33944,309,596,12,5734,18,2268,11,18
"420","2020-05-18",156,5,165,374,5685,0.645382585751979,8160,33944,309,596,10,5744,21,2289,8,21
"421","2020-05-19",147,5,154,359,5685,0.645382585751979,8160,33944,309,596,9,5753,24,2313,5,24
"422","2020-05-20",155,5,136,350,5685,0.645382585751979,8160,33944,309,596,14,5767,22,2335,13,22
"423","2020-05-21",152,5,135,336,5685,0.645382585751979,8160,33944,309,596,15,5782,21,2356,11,21
"424","2020-05-22",132,5,147,322,5685,0.645382585751979,8160,33944,309,596,12,5794,13,2369,10,13
"425","2020-05-23",124,5,143,314,5685,0.645382585751979,8160,33944,309,596,10,5804,18,2387,5,18
"426","2020-05-24",112,5,127,297,5685,0.645382585751979,8160,33944,309,596,7,5811,15,2402,2,15
"427","2020-05-25",111,5,138,274,5685,0.645382585751979,8160,33944,309,596,12,5823,13,2415,9,13
"428","2020-05-26",110,5,129,261,5685,0.645382585751979,8160,33944,309,596,12,5835,34,2449,7,34
"429","2020-05-27",98,5,126,253,5685,0.645382585751979,8160,33944,309,596,10,5845,23,2472,5,23
"430","2020-05-28",92,5,117,242,5685,0.645382585751979,8160,33944,309,596,5,5850,22,2494,3,22
"431","2020-05-29",86,5,107,237,5685,0.645382585751979,8160,33944,309,596,7,5857,37,2531,5,37
"432","2020-05-30",82,5,94,227,5685,0.645382585751979,8160,33944,309,596,3,5860,31,2562,2,31
"433","2020-05-31",79,5,96,223,5685,0.645382585751979,8160,33944,309,596,5,5865,35,2597,4,35
"434","2020-06-01",73,5,124,218,5685,0.645382585751979,8160,33944,309,596,4,5869,37,2634,2,37
"435","2020-06-02",69,5,107,194,5685,0.645382585751979,8160,33944,309,596,5,5874,33,2667,3,33
"436","2020-06-03",63,5,119,195,5685,0.645382585751979,8160,33944,309,596,9,5883,27,2694,6,27
"437","2020-06-04",62,5,122,185,5685,0.645382585751979,8160,33944,309,596,4,5887,43,2737,2,43
"438","2020-06-05",61,5,116,179,5685,0.645382585751979,8160,33944,309,596,6,5893,29,2766,2,29
"439","2020-06-06",62,5,110,171,5685,0.645382585751979,8160,33944,309,596,4,5897,29,2795,3,29
"440","2020-06-07",53,5,108,171,5685,0.645382585751979,8160,33944,309,596,8,5905,20,2815,4,20
"441","2020-03-07",2,6,0,0,5526,0.710459645313065,8265,34393,317,1031,NA,NA,NA,NA,NA,NA
"442","2020-03-08",2,6,0,0,5526,0.710459645313065,8265,34393,317,1031,NA,NA,NA,NA,NA,NA
"443","2020-03-09",0,6,0,0,5526,0.710459645313065,8265,34393,317,1031,NA,NA,NA,NA,NA,NA
"444","2020-03-10",0,6,0,0,5526,0.710459645313065,8265,34393,317,1031,NA,NA,NA,NA,NA,NA
"445","2020-03-11",0,6,0,0,5526,0.710459645313065,8265,34393,317,1031,35,35,6,6,NA,6
"446","2020-03-12",0,6,0,0,5526,0.710459645313065,8265,34393,317,1031,27,62,27,33,NA,27
"447","2020-03-13",4,6,98,73,5526,0.710459645313065,8265,34393,317,1031,41,103,17,50,6,17
"448","2020-03-14",17,6,87,108,5526,0.710459645313065,8265,34393,317,1031,31,134,28,78,9,28
"449","2020-03-15",21,6,76,144,5526,0.710459645313065,8265,34393,317,1031,37,171,31,109,14,31
"450","2020-03-16",19,6,74,187,5526,0.710459645313065,8265,34393,317,1031,48,219,35,144,18,35
"451","2020-03-17",21,6,70,238,5526,0.710459645313065,8265,34393,317,1031,52,271,25,169,22,25
"452","2020-03-18",30,6,67,279,5526,0.710459645313065,8265,34393,317,1031,62,333,41,210,31,41
"453","2020-03-19",39,6,56,336,5526,0.710459645313065,8265,34393,317,1031,64,397,48,258,39,48
"454","2020-03-20",73,6,63,378,5526,0.710459645313065,8265,34393,317,1031,63,460,29,287,43,29
"455","2020-03-21",97,6,56,434,5526,0.710459645313065,8265,34393,317,1031,70,530,25,312,50,25
"456","2020-03-22",101,6,92,488,5526,0.710459645313065,8265,34393,317,1031,90,620,31,343,55,31
"457","2020-03-23",109,6,133,537,5526,0.710459645313065,8265,34393,317,1031,90,710,28,371,63,28
"458","2020-03-24",124,6,165,599,5526,0.710459645313065,8265,34393,317,1031,58,768,42,413,43,42
"459","2020-03-25",133,6,143,643,5526,0.710459645313065,8265,34393,317,1031,91,859,17,430,62,17
"460","2020-03-26",151,6,133,723,5526,0.710459645313065,8265,34393,317,1031,93,952,14,444,64,14
"461","2020-03-27",183,6,148,782,5526,0.710459645313065,8265,34393,317,1031,116,1068,49,493,91,49
"462","2020-03-28",204,6,172,814,5526,0.710459645313065,8265,34393,317,1031,116,1184,21,514,90,21
"463","2020-03-29",229,6,164,864,5526,0.710459645313065,8265,34393,317,1031,111,1295,13,527,85,13
"464","2020-03-30",238,6,172,891,5526,0.710459645313065,8265,34393,317,1031,124,1419,12,539,95,12
"465","2020-03-31",252,6,195,912,5526,0.710459645313065,8265,34393,317,1031,109,1528,18,557,88,18
"466","2020-04-01",265,6,158,932,5526,0.710459645313065,8265,34393,317,1031,125,1653,34,591,106,34
"467","2020-04-02",270,6,147,963,5526,0.710459645313065,8265,34393,317,1031,120,1773,35,626,95,35
"468","2020-04-03",310,6,140,992,5526,0.710459645313065,8265,34393,317,1031,145,1918,49,675,108,49
"469","2020-04-04",312,6,128,1001,5526,0.710459645313065,8265,34393,317,1031,111,2029,26,701,94,26
"470","2020-04-05",304,6,140,1036,5526,0.710459645313065,8265,34393,317,1031,136,2165,48,749,114,48
"471","2020-04-06",313,6,157,1035,5526,0.710459645313065,8265,34393,317,1031,130,2295,51,800,100,51
"472","2020-04-07",303,6,164,1034,5526,0.710459645313065,8265,34393,317,1031,116,2411,39,839,98,39
"473","2020-04-08",307,6,168,1031,5526,0.710459645313065,8265,34393,317,1031,118,2529,45,884,98,45
"474","2020-04-09",307,6,169,1056,5526,0.710459645313065,8265,34393,317,1031,103,2632,31,915,79,31
"475","2020-04-10",336,6,167,1087,5526,0.710459645313065,8265,34393,317,1031,150,2782,23,938,131,23
"476","2020-04-11",363,6,154,1079,5526,0.710459645313065,8265,34393,317,1031,124,2906,21,959,86,21
"477","2020-04-12",350,6,208,1075,5526,0.710459645313065,8265,34393,317,1031,117,3023,45,1004,95,45
"478","2020-04-13",339,6,229,1069,5526,0.710459645313065,8265,34393,317,1031,118,3141,17,1021,98,17
"479","2020-04-14",338,6,252,1078,5526,0.710459645313065,8265,34393,317,1031,140,3281,31,1052,113,31
"480","2020-04-15",330,6,233,1069,5526,0.710459645313065,8265,34393,317,1031,103,3384,50,1102,75,50
"481","2020-04-16",353,6,199,1076,5526,0.710459645313065,8265,34393,317,1031,100,3484,62,1164,74,62
"482","2020-04-17",409,6,175,1087,5526,0.710459645313065,8265,34393,317,1031,96,3580,36,1200,81,36
"483","2020-04-18",400,6,167,1050,5526,0.710459645313065,8265,34393,317,1031,92,3672,51,1251,76,51
"484","2020-04-19",362,6,152,1030,5526,0.710459645313065,8265,34393,317,1031,86,3758,50,1301,63,50
"485","2020-04-20",363,6,137,999,5526,0.710459645313065,8265,34393,317,1031,85,3843,51,1352,66,51
"486","2020-04-21",364,6,117,976,5526,0.710459645313065,8265,34393,317,1031,87,3930,25,1377,64,25
"487","2020-04-22",373,6,121,964,5526,0.710459645313065,8265,34393,317,1031,74,4004,23,1400,55,23
"488","2020-04-23",348,6,118,924,5526,0.710459645313065,8265,34393,317,1031,76,4080,22,1422,46,22
"489","2020-04-24",337,6,151,894,5526,0.710459645313065,8265,34393,317,1031,90,4170,20,1442,59,20
"490","2020-04-25",323,6,184,875,5526,0.710459645313065,8265,34393,317,1031,79,4249,43,1485,57,43
"491","2020-04-26",300,6,181,845,5526,0.710459645313065,8265,34393,317,1031,52,4301,58,1543,37,58
"492","2020-04-27",288,6,173,828,5526,0.710459645313065,8265,34393,317,1031,64,4365,43,1586,42,43
"493","2020-04-28",271,6,164,798,5526,0.710459645313065,8265,34393,317,1031,61,4426,34,1620,45,34
"494","2020-04-29",264,6,151,777,5526,0.710459645313065,8265,34393,317,1031,63,4489,40,1660,44,40
"495","2020-04-30",265,6,152,770,5526,0.710459645313065,8265,34393,317,1031,65,4554,37,1697,49,37
"496","2020-05-01",257,6,153,762,5526,0.710459645313065,8265,34393,317,1031,58,4612,41,1738,38,41
"497","2020-05-02",246,6,207,741,5526,0.710459645313065,8265,34393,317,1031,57,4669,44,1782,36,44
"498","2020-05-03",243,6,251,721,5526,0.710459645313065,8265,34393,317,1031,46,4715,23,1805,32,23
"499","2020-05-04",235,6,292,716,5526,0.710459645313065,8265,34393,317,1031,53,4768,57,1862,32,57
"500","2020-05-05",225,6,268,718,5526,0.710459645313065,8265,34393,317,1031,47,4815,26,1888,25,26
"501","2020-05-06",222,6,265,691,5526,0.710459645313065,8265,34393,317,1031,54,4869,28,1916,33,28
"502","2020-05-07",218,6,253,680,5526,0.710459645313065,8265,34393,317,1031,42,4911,29,1945,23,29
"503","2020-05-08",216,6,264,650,5526,0.710459645313065,8265,34393,317,1031,33,4944,28,1973,24,28
"504","2020-05-09",215,6,242,660,5526,0.710459645313065,8265,34393,317,1031,39,4983,16,1989,30,16
"505","2020-05-10",204,6,217,651,5526,0.710459645313065,8265,34393,317,1031,42,5025,50,2039,28,50
"506","2020-05-11",199,6,201,659,5526,0.710459645313065,8265,34393,317,1031,41,5066,38,2077,28,38
"507","2020-05-12",203,6,159,628,5526,0.710459645313065,8265,34393,317,1031,29,5095,69,2146,17,69
"508","2020-05-13",204,6,137,605,5526,0.710459645313065,8265,34393,317,1031,32,5127,40,2186,21,40
"509","2020-05-14",201,6,122,587,5526,0.710459645313065,8265,34393,317,1031,32,5159,29,2215,18,29
"510","2020-05-15",205,6,115,563,5526,0.710459645313065,8265,34393,317,1031,37,5196,21,2236,21,21
"511","2020-05-16",208,6,160,549,5526,0.710459645313065,8265,34393,317,1031,20,5216,40,2276,11,40
"512","2020-05-17",190,6,183,506,5526,0.710459645313065,8265,34393,317,1031,31,5247,17,2293,15,17
"513","2020-05-18",185,6,212,479,5526,0.710459645313065,8265,34393,317,1031,19,5266,19,2312,8,19
"514","2020-05-19",179,6,219,461,5526,0.710459645313065,8265,34393,317,1031,14,5280,19,2331,9,19
"515","2020-05-20",169,6,175,445,5526,0.710459645313065,8265,34393,317,1031,19,5299,43,2374,10,43
"516","2020-05-21",163,6,170,433,5526,0.710459645313065,8265,34393,317,1031,22,5321,38,2412,11,38
"517","2020-05-22",155,6,158,422,5526,0.710459645313065,8265,34393,317,1031,19,5340,29,2441,8,29
"518","2020-05-23",154,6,151,415,5526,0.710459645313065,8265,34393,317,1031,17,5357,41,2482,8,41
"519","2020-05-24",140,6,173,398,5526,0.710459645313065,8265,34393,317,1031,18,5375,27,2509,8,27
"520","2020-05-25",136,6,177,370,5526,0.710459645313065,8265,34393,317,1031,11,5386,25,2534,5,25
"521","2020-05-26",131,6,173,349,5526,0.710459645313065,8265,34393,317,1031,17,5403,21,2555,6,21
"522","2020-05-27",125,6,146,334,5526,0.710459645313065,8265,34393,317,1031,27,5430,13,2568,10,13
"523","2020-05-28",119,6,126,315,5526,0.710459645313065,8265,34393,317,1031,21,5451,16,2584,11,16
"524","2020-05-29",113,6,121,300,5526,0.710459645313065,8265,34393,317,1031,15,5466,18,2602,8,18
"525","2020-05-30",105,6,109,277,5526,0.710459645313065,8265,34393,317,1031,15,5481,34,2636,7,34
"526","2020-05-31",104,6,136,259,5526,0.710459645313065,8265,34393,317,1031,11,5492,18,2654,8,18
"527","2020-06-01",107,6,139,241,5526,0.710459645313065,8265,34393,317,1031,17,5509,14,2668,9,14
"528","2020-06-02",89,6,146,228,5526,0.710459645313065,8265,34393,317,1031,12,5521,12,2680,4,12
"529","2020-06-03",87,6,155,214,5526,0.710459645313065,8265,34393,317,1031,11,5532,8,2688,8,8
"530","2020-06-04",82,6,144,208,5526,0.710459645313065,8265,34393,317,1031,6,5538,9,2697,1,9
"531","2020-06-05",85,6,146,193,5526,0.710459645313065,8265,34393,317,1031,12,5550,8,2705,7,8
"532","2020-06-06",80,6,159,184,5526,0.710459645313065,8265,34393,317,1031,10,5560,23,2728,2,23
"533","2020-06-07",62,6,155,172,5526,0.710459645313065,8265,34393,317,1031,10,5570,18,2746,4,18
"534","2020-03-13",2,7,58,134,5908,0.399796885578876,8220,34867,319,536,17,46,38,111,3,38
"535","2020-03-14",14,7,59,184,5908,0.399796885578876,8220,34867,319,536,22,68,26,137,12,26
"536","2020-03-15",23,7,48,230,5908,0.399796885578876,8220,34867,319,536,31,99,25,162,15,25
"537","2020-03-16",30,7,43,297,5908,0.399796885578876,8220,34867,319,536,41,140,43,205,24,43
"538","2020-03-17",50,7,39,347,5908,0.399796885578876,8220,34867,319,536,33,173,20,225,19,20
"539","2020-03-18",63,7,36,406,5908,0.399796885578876,8220,34867,319,536,48,221,36,261,34,36
"540","2020-03-19",72,7,50,457,5908,0.399796885578876,8220,34867,319,536,57,278,19,280,38,19
"541","2020-03-20",92,7,48,498,5908,0.399796885578876,8220,34867,319,536,57,335,28,308,45,28
"542","2020-03-21",116,7,41,566,5908,0.399796885578876,8220,34867,319,536,62,397,24,332,46,24
"543","2020-03-22",141,7,36,629,5908,0.399796885578876,8220,34867,319,536,64,461,13,345,52,13
"544","2020-03-23",150,7,46,688,5908,0.399796885578876,8220,34867,319,536,55,516,16,361,43,16
"545","2020-03-24",146,7,56,710,5908,0.399796885578876,8220,34867,319,536,98,614,34,395,90,34
"546","2020-03-25",159,7,69,755,5908,0.399796885578876,8220,34867,319,536,95,709,43,438,87,43
"547","2020-03-26",177,7,66,772,5908,0.399796885578876,8220,34867,319,536,95,804,25,463,81,25
"548","2020-03-27",227,7,70,837,5908,0.399796885578876,8220,34867,319,536,103,907,11,474,89,11
"549","2020-03-28",276,7,91,893,5908,0.399796885578876,8220,34867,319,536,99,1006,36,510,89,36
"550","2020-03-29",275,7,86,901,5908,0.399796885578876,8220,34867,319,536,130,1136,46,556,115,46
"551","2020-03-30",276,7,87,934,5908,0.399796885578876,8220,34867,319,536,141,1277,47,603,128,47
"552","2020-03-31",284,7,84,967,5908,0.399796885578876,8220,34867,319,536,108,1385,21,624,99,21
"553","2020-04-01",289,7,93,1015,5908,0.399796885578876,8220,34867,319,536,154,1539,20,644,145,20
"554","2020-04-02",301,7,93,1035,5908,0.399796885578876,8220,34867,319,536,175,1714,13,657,157,13
"555","2020-04-03",358,7,107,1057,5908,0.399796885578876,8220,34867,319,536,162,1876,34,691,149,34
"556","2020-04-04",322,7,119,1080,5908,0.399796885578876,8220,34867,319,536,145,2021,30,721,133,30
"557","2020-04-05",336,7,102,1079,5908,0.399796885578876,8220,34867,319,536,171,2192,39,760,157,39
"558","2020-04-06",328,7,93,1089,5908,0.399796885578876,8220,34867,319,536,163,2355,22,782,150,22
"559","2020-04-07",317,7,116,1108,5908,0.399796885578876,8220,34867,319,536,140,2495,36,818,120,36
"560","2020-04-08",328,7,119,1090,5908,0.399796885578876,8220,34867,319,536,182,2677,25,843,169,25
"561","2020-04-09",323,7,121,1072,5908,0.399796885578876,8220,34867,319,536,132,2809,16,859,122,16
"562","2020-04-10",327,7,136,1070,5908,0.399796885578876,8220,34867,319,536,159,2968,14,873,143,14
"563","2020-04-11",374,7,125,1068,5908,0.399796885578876,8220,34867,319,536,147,3115,45,918,136,45
"564","2020-04-12",345,7,119,1063,5908,0.399796885578876,8220,34867,319,536,166,3281,46,964,147,46
"565","2020-04-13",338,7,125,1056,5908,0.399796885578876,8220,34867,319,536,134,3415,23,987,119,23
"566","2020-04-14",337,7,150,1059,5908,0.399796885578876,8220,34867,319,536,132,3547,34,1021,121,34
"567","2020-04-15",336,7,157,1055,5908,0.399796885578876,8220,34867,319,536,160,3707,46,1067,143,46
"568","2020-04-16",348,7,157,1048,5908,0.399796885578876,8220,34867,319,536,116,3823,22,1089,101,22
"569","2020-04-17",387,7,163,1027,5908,0.399796885578876,8220,34867,319,536,169,3992,15,1104,160,15
"570","2020-04-18",373,7,152,1012,5908,0.399796885578876,8220,34867,319,536,90,4082,12,1116,79,12
"571","2020-04-19",341,7,149,1015,5908,0.399796885578876,8220,34867,319,536,95,4177,8,1124,83,8
"572","2020-04-20",333,7,158,1003,5908,0.399796885578876,8220,34867,319,536,125,4302,18,1142,114,18
"573","2020-04-21",332,7,151,995,5908,0.399796885578876,8220,34867,319,536,93,4395,3,1145,84,3
"574","2020-04-22",329,7,127,973,5908,0.399796885578876,8220,34867,319,536,83,4478,5,1150,73,5
"575","2020-04-23",309,7,123,960,5908,0.399796885578876,8220,34867,319,536,101,4579,54,1204,93,54
"576","2020-04-24",314,7,135,937,5908,0.399796885578876,8220,34867,319,536,64,4643,50,1254,57,50
"577","2020-04-25",318,7,119,915,5908,0.399796885578876,8220,34867,319,536,82,4725,34,1288,74,34
"578","2020-04-26",315,7,120,906,5908,0.399796885578876,8220,34867,319,536,75,4800,63,1351,69,63
"579","2020-04-27",300,7,130,879,5908,0.399796885578876,8220,34867,319,536,58,4858,67,1418,46,67
"580","2020-04-28",289,7,131,848,5908,0.399796885578876,8220,34867,319,536,78,4936,45,1463,68,45
"581","2020-04-29",283,7,127,832,5908,0.399796885578876,8220,34867,319,536,46,4982,25,1488,36,25
"582","2020-04-30",292,7,126,819,5908,0.399796885578876,8220,34867,319,536,59,5041,14,1502,47,14
"583","2020-05-01",301,7,135,790,5908,0.399796885578876,8220,34867,319,536,41,5082,41,1543,36,41
"584","2020-05-02",290,7,130,762,5908,0.399796885578876,8220,34867,319,536,44,5126,46,1589,35,46
"585","2020-05-03",268,7,126,746,5908,0.399796885578876,8220,34867,319,536,39,5165,50,1639,30,50
"586","2020-05-04",265,7,144,718,5908,0.399796885578876,8220,34867,319,536,24,5189,25,1664,20,25
"587","2020-05-05",260,7,131,704,5908,0.399796885578876,8220,34867,319,536,34,5223,13,1677,29,13
"588","2020-05-06",250,7,115,685,5908,0.399796885578876,8220,34867,319,536,46,5269,10,1687,30,10
"589","2020-05-07",241,7,129,669,5908,0.399796885578876,8220,34867,319,536,30,5299,10,1697,23,10
"590","2020-05-08",226,7,158,654,5908,0.399796885578876,8220,34867,319,536,27,5326,44,1741,18,44
"591","2020-05-09",224,7,174,646,5908,0.399796885578876,8220,34867,319,536,21,5347,52,1793,15,52
"592","2020-05-10",206,7,162,627,5908,0.399796885578876,8220,34867,319,536,30,5377,39,1832,21,39
"593","2020-05-11",202,7,155,619,5908,0.399796885578876,8220,34867,319,536,24,5401,29,1861,16,29
"594","2020-05-12",201,7,149,596,5908,0.399796885578876,8220,34867,319,536,24,5425,16,1877,20,16
"595","2020-05-13",201,7,146,575,5908,0.399796885578876,8220,34867,319,536,21,5446,11,1888,14,11
"596","2020-05-14",205,7,150,566,5908,0.399796885578876,8220,34867,319,536,17,5463,11,1899,12,11
"597","2020-05-15",193,7,174,535,5908,0.399796885578876,8220,34867,319,536,16,5479,16,1915,12,16
"598","2020-05-16",183,7,164,529,5908,0.399796885578876,8220,34867,319,536,14,5493,26,1941,8,26
"599","2020-05-17",177,7,156,510,5908,0.399796885578876,8220,34867,319,536,16,5509,20,1961,11,20
"600","2020-05-18",169,7,129,499,5908,0.399796885578876,8220,34867,319,536,19,5528,19,1980,14,19
"601","2020-05-19",149,7,127,478,5908,0.399796885578876,8220,34867,319,536,15,5543,11,1991,9,11
"602","2020-05-20",146,7,110,463,5908,0.399796885578876,8220,34867,319,536,16,5559,18,2009,10,18
"603","2020-05-21",135,7,104,447,5908,0.399796885578876,8220,34867,319,536,9,5568,38,2047,6,38
"604","2020-05-22",138,7,126,421,5908,0.399796885578876,8220,34867,319,536,9,5577,25,2072,6,25
"605","2020-05-23",135,7,127,415,5908,0.399796885578876,8220,34867,319,536,16,5593,19,2091,9,19
"606","2020-05-24",134,7,117,405,5908,0.399796885578876,8220,34867,319,536,7,5600,38,2129,2,38
"607","2020-05-25",137,7,108,380,5908,0.399796885578876,8220,34867,319,536,13,5613,29,2158,9,29
"608","2020-05-26",135,7,100,366,5908,0.399796885578876,8220,34867,319,536,12,5625,52,2210,9,52
"609","2020-05-27",136,7,101,358,5908,0.399796885578876,8220,34867,319,536,16,5641,56,2266,10,56
"610","2020-05-28",130,7,94,344,5908,0.399796885578876,8220,34867,319,536,17,5658,41,2307,11,41
"611","2020-05-29",127,7,106,328,5908,0.399796885578876,8220,34867,319,536,9,5667,18,2325,8,18
"612","2020-05-30",126,7,114,315,5908,0.399796885578876,8220,34867,319,536,6,5673,12,2337,5,12
"613","2020-05-31",119,7,119,298,5908,0.399796885578876,8220,34867,319,536,9,5682,27,2364,6,27
"614","2020-06-01",109,7,107,302,5908,0.399796885578876,8220,34867,319,536,13,5695,22,2386,7,22
"615","2020-06-02",109,7,102,297,5908,0.399796885578876,8220,34867,319,536,9,5704,19,2405,6,19
"616","2020-06-03",98,7,116,283,5908,0.399796885578876,8220,34867,319,536,7,5711,11,2416,5,11
"617","2020-06-04",100,7,104,267,5908,0.399796885578876,8220,34867,319,536,11,5722,6,2422,8,6
"618","2020-06-05",96,7,101,249,5908,0.399796885578876,8220,34867,319,536,10,5732,8,2430,6,8
"619","2020-06-06",100,7,103,240,5908,0.399796885578876,8220,34867,319,536,14,5746,29,2459,9,29
"620","2020-06-07",84,7,89,228,5908,0.399796885578876,8220,34867,319,536,8,5754,19,2478,5,19
"621","2020-03-08",1,8,0,0,6066,0.592152983844379,8325,35323,363,1104,NA,NA,NA,NA,NA,NA
"622","2020-03-09",1,8,0,0,6066,0.592152983844379,8325,35323,363,1104,NA,NA,NA,NA,NA,NA
"623","2020-03-10",0,8,0,0,6066,0.592152983844379,8325,35323,363,1104,NA,NA,2,2,NA,2
"624","2020-03-11",0,8,0,0,6066,0.592152983844379,8325,35323,363,1104,30,30,12,14,NA,12
"625","2020-03-12",0,8,0,0,6066,0.592152983844379,8325,35323,363,1104,25,55,16,30,2,16
"626","2020-03-13",2,8,82,109,6066,0.592152983844379,8325,35323,363,1104,31,86,20,50,8,20
"627","2020-03-14",6,8,98,148,6066,0.592152983844379,8325,35323,363,1104,35,121,7,57,9,7
"628","2020-03-15",16,8,105,190,6066,0.592152983844379,8325,35323,363,1104,39,160,7,64,11,7
"629","2020-03-16",22,8,118,231,6066,0.592152983844379,8325,35323,363,1104,40,200,9,73,19,9
"630","2020-03-17",30,8,128,273,6066,0.592152983844379,8325,35323,363,1104,32,232,22,95,7,22
"631","2020-03-18",43,8,128,344,6066,0.592152983844379,8325,35323,363,1104,41,273,16,111,22,16
"632","2020-03-19",61,8,144,410,6066,0.592152983844379,8325,35323,363,1104,51,324,20,131,31,20
"633","2020-03-20",92,8,173,477,6066,0.592152983844379,8325,35323,363,1104,58,382,32,163,26,32
"634","2020-03-21",135,8,204,533,6066,0.592152983844379,8325,35323,363,1104,54,436,11,174,32,11
"635","2020-03-22",144,8,244,589,6066,0.592152983844379,8325,35323,363,1104,47,483,12,186,27,12
"636","2020-03-23",143,8,271,651,6066,0.592152983844379,8325,35323,363,1104,56,539,34,220,33,34
"637","2020-03-24",155,8,251,695,6066,0.592152983844379,8325,35323,363,1104,68,607,29,249,37,29
"638","2020-03-25",167,8,262,746,6066,0.592152983844379,8325,35323,363,1104,59,666,24,273,31,24
"639","2020-03-26",187,8,268,784,6066,0.592152983844379,8325,35323,363,1104,70,736,28,301,43,28
"640","2020-03-27",243,8,300,824,6066,0.592152983844379,8325,35323,363,1104,63,799,22,323,32,22
"641","2020-03-28",266,8,281,871,6066,0.592152983844379,8325,35323,363,1104,62,861,19,342,40,19
"642","2020-03-29",276,8,271,917,6066,0.592152983844379,8325,35323,363,1104,68,929,12,354,35,12
"643","2020-03-30",283,8,245,965,6066,0.592152983844379,8325,35323,363,1104,77,1006,10,364,44,10
"644","2020-03-31",281,8,244,1012,6066,0.592152983844379,8325,35323,363,1104,70,1076,20,384,40,20
"645","2020-04-01",290,8,271,1069,6066,0.592152983844379,8325,35323,363,1104,65,1141,9,393,40,9
"646","2020-04-02",292,8,290,1132,6066,0.592152983844379,8325,35323,363,1104,73,1214,16,409,39,16
"647","2020-04-03",358,8,277,1180,6066,0.592152983844379,8325,35323,363,1104,75,1289,33,442,45,33
"648","2020-04-04",368,8,250,1208,6066,0.592152983844379,8325,35323,363,1104,71,1360,15,457,48,15
"649","2020-04-05",353,8,239,1230,6066,0.592152983844379,8325,35323,363,1104,67,1427,17,474,38,17
"650","2020-04-06",374,8,215,1324,6066,0.592152983844379,8325,35323,363,1104,93,1520,26,500,61,26
"651","2020-04-07",391,8,235,1340,6066,0.592152983844379,8325,35323,363,1104,84,1604,32,532,65,32
"652","2020-04-08",416,8,253,1369,6066,0.592152983844379,8325,35323,363,1104,73,1677,41,573,51,41
"653","2020-04-09",415,8,254,1351,6066,0.592152983844379,8325,35323,363,1104,79,1756,51,624,41,51
"654","2020-04-10",462,8,253,1375,6066,0.592152983844379,8325,35323,363,1104,81,1837,36,660,45,36
"655","2020-04-11",468,8,248,1370,6066,0.592152983844379,8325,35323,363,1104,70,1907,29,689,42,29
"656","2020-04-12",472,8,269,1390,6066,0.592152983844379,8325,35323,363,1104,71,1978,19,708,38,19
"657","2020-04-13",471,8,259,1373,6066,0.592152983844379,8325,35323,363,1104,69,2047,26,734,42,26
"658","2020-04-14",470,8,243,1333,6066,0.592152983844379,8325,35323,363,1104,80,2127,28,762,45,28
"659","2020-04-15",459,8,241,1312,6066,0.592152983844379,8325,35323,363,1104,87,2214,44,806,48,44
"660","2020-04-16",468,8,260,1289,6066,0.592152983844379,8325,35323,363,1104,78,2292,56,862,52,56
"661","2020-04-17",466,8,282,1284,6066,0.592152983844379,8325,35323,363,1104,63,2355,31,893,44,31
"662","2020-04-18",472,8,295,1254,6066,0.592152983844379,8325,35323,363,1104,77,2432,20,913,46,20
"663","2020-04-19",428,8,323,1217,6066,0.592152983844379,8325,35323,363,1104,69,2501,49,962,38,49
"664","2020-04-20",406,8,290,1198,6066,0.592152983844379,8325,35323,363,1104,64,2565,45,1007,38,45
"665","2020-04-21",394,8,297,1161,6066,0.592152983844379,8325,35323,363,1104,77,2642,19,1026,55,19
"666","2020-04-22",386,8,295,1172,6066,0.592152983844379,8325,35323,363,1104,73,2715,15,1041,43,15
"667","2020-04-23",377,8,313,1144,6066,0.592152983844379,8325,35323,363,1104,63,2778,34,1075,41,34
"668","2020-04-24",402,8,301,1097,6066,0.592152983844379,8325,35323,363,1104,52,2830,31,1106,34,31
"669","2020-04-25",383,8,304,1078,6066,0.592152983844379,8325,35323,363,1104,68,2898,31,1137,45,31
"670","2020-04-26",374,8,296,1042,6066,0.592152983844379,8325,35323,363,1104,58,2956,23,1160,36,23
"671","2020-04-27",362,8,292,1001,6066,0.592152983844379,8325,35323,363,1104,66,3022,45,1205,33,45
"672","2020-04-28",340,8,303,968,6066,0.592152983844379,8325,35323,363,1104,60,3082,53,1258,35,53
"673","2020-04-29",333,8,272,925,6066,0.592152983844379,8325,35323,363,1104,52,3134,49,1307,26,49
"674","2020-04-30",326,8,254,846,6066,0.592152983844379,8325,35323,363,1104,64,3198,30,1337,36,30
"675","2020-05-01",330,8,251,807,6066,0.592152983844379,8325,35323,363,1104,46,3244,47,1384,26,47
"676","2020-05-02",335,8,271,793,6066,0.592152983844379,8325,35323,363,1104,54,3298,26,1410,31,26
"677","2020-05-03",279,8,296,766,6066,0.592152983844379,8325,35323,363,1104,62,3360,49,1459,46,49
"678","2020-05-04",273,8,292,752,6066,0.592152983844379,8325,35323,363,1104,53,3413,29,1488,25,29
"679","2020-05-05",276,8,276,701,6066,0.592152983844379,8325,35323,363,1104,58,3471,34,1522,31,34
"680","2020-05-06",269,8,265,672,6066,0.592152983844379,8325,35323,363,1104,36,3507,28,1550,18,28
"681","2020-05-07",264,8,255,652,6066,0.592152983844379,8325,35323,363,1104,44,3551,25,1575,16,25
"682","2020-05-08",230,8,288,610,6066,0.592152983844379,8325,35323,363,1104,54,3605,33,1608,26,33
"683","2020-05-09",226,8,310,567,6066,0.592152983844379,8325,35323,363,1104,43,3648,27,1635,24,27
"684","2020-05-10",222,8,307,545,6066,0.592152983844379,8325,35323,363,1104,38,3686,37,1672,21,37
"685","2020-05-11",208,8,328,516,6066,0.592152983844379,8325,35323,363,1104,41,3727,32,1704,24,32
"686","2020-05-12",187,8,309,488,6066,0.592152983844379,8325,35323,363,1104,29,3756,16,1720,12,16
"687","2020-05-13",177,8,305,481,6066,0.592152983844379,8325,35323,363,1104,41,3797,13,1733,18,13
"688","2020-05-14",172,8,280,456,6066,0.592152983844379,8325,35323,363,1104,34,3831,17,1750,12,17
"689","2020-05-15",186,8,282,436,6066,0.592152983844379,8325,35323,363,1104,28,3859,38,1788,12,38
"690","2020-05-16",175,8,264,397,6066,0.592152983844379,8325,35323,363,1104,27,3886,29,1817,13,29
"691","2020-05-17",149,8,235,385,6066,0.592152983844379,8325,35323,363,1104,38,3924,12,1829,19,12
"692","2020-05-18",145,8,230,381,6066,0.592152983844379,8325,35323,363,1104,27,3951,10,1839,13,10
"693","2020-05-19",150,8,227,368,6066,0.592152983844379,8325,35323,363,1104,30,3981,21,1860,11,21
"694","2020-05-20",145,8,253,362,6066,0.592152983844379,8325,35323,363,1104,25,4006,34,1894,11,34
"695","2020-05-21",136,8,258,353,6066,0.592152983844379,8325,35323,363,1104,27,4033,14,1908,9,14
"696","2020-05-22",126,8,259,323,6066,0.592152983844379,8325,35323,363,1104,30,4063,8,1916,14,8
"697","2020-05-23",119,8,265,315,6066,0.592152983844379,8325,35323,363,1104,16,4079,16,1932,6,16
"698","2020-05-24",123,8,246,302,6066,0.592152983844379,8325,35323,363,1104,21,4100,14,1946,10,14
"699","2020-05-25",112,8,242,288,6066,0.592152983844379,8325,35323,363,1104,26,4126,27,1973,10,27
"700","2020-05-26",98,8,221,272,6066,0.592152983844379,8325,35323,363,1104,19,4145,41,2014,11,41
"701","2020-05-27",98,8,219,248,6066,0.592152983844379,8325,35323,363,1104,23,4168,21,2035,12,21
"702","2020-05-28",92,8,229,248,6066,0.592152983844379,8325,35323,363,1104,17,4185,12,2047,4,12
"703","2020-05-29",81,8,260,240,6066,0.592152983844379,8325,35323,363,1104,19,4204,18,2065,8,18
"704","2020-05-30",86,8,265,230,6066,0.592152983844379,8325,35323,363,1104,20,4224,31,2096,9,31
"705","2020-05-31",70,8,259,228,6066,0.592152983844379,8325,35323,363,1104,20,4244,39,2135,7,39
"706","2020-06-01",77,8,274,213,6066,0.592152983844379,8325,35323,363,1104,16,4260,12,2147,7,12
"707","2020-06-02",74,8,297,208,6066,0.592152983844379,8325,35323,363,1104,15,4275,18,2165,8,18
"708","2020-06-03",69,8,305,200,6066,0.592152983844379,8325,35323,363,1104,9,4284,21,2186,4,21
"709","2020-06-04",69,8,301,198,6066,0.592152983844379,8325,35323,363,1104,14,4298,12,2198,6,12
"710","2020-06-05",73,8,302,192,6066,0.592152983844379,8325,35323,363,1104,17,4315,13,2211,5,13
"711","2020-06-06",65,8,296,184,6066,0.592152983844379,8325,35323,363,1104,16,4331,13,2224,9,13
"712","2020-06-07",66,8,300,168,6066,0.592152983844379,8325,35323,363,1104,11,4342,14,2238,8,14
"713","2020-03-14",3,9,62,45,6178,0.933473616056976,8220,31712,353,890,16,44,9,74,11,9
"714","2020-03-15",6,9,51,55,6178,0.933473616056976,8220,31712,353,890,18,62,11,85,16,11
"715","2020-03-16",8,9,75,76,6178,0.933473616056976,8220,31712,353,890,17,79,42,127,15,42
"716","2020-03-17",8,9,82,109,6178,0.933473616056976,8220,31712,353,890,25,104,14,141,19,14
"717","2020-03-18",12,9,79,119,6178,0.933473616056976,8220,31712,353,890,20,124,23,164,14,23
"718","2020-03-19",17,9,82,153,6178,0.933473616056976,8220,31712,353,890,43,167,19,183,38,19
"719","2020-03-20",24,9,80,178,6178,0.933473616056976,8220,31712,353,890,35,202,36,219,30,36
"720","2020-03-21",31,9,87,207,6178,0.933473616056976,8220,31712,353,890,34,236,25,244,26,25
"721","2020-03-22",39,9,117,236,6178,0.933473616056976,8220,31712,353,890,34,270,12,256,29,12
"722","2020-03-23",51,9,117,270,6178,0.933473616056976,8220,31712,353,890,61,331,36,292,55,36
"723","2020-03-24",56,9,113,306,6178,0.933473616056976,8220,31712,353,890,59,390,17,309,52,17
"724","2020-03-25",70,9,131,351,6178,0.933473616056976,8220,31712,353,890,63,453,30,339,54,30
"725","2020-03-26",79,9,146,408,6178,0.933473616056976,8220,31712,353,890,84,537,53,392,77,53
"726","2020-03-27",109,9,146,466,6178,0.933473616056976,8220,31712,353,890,93,630,48,440,89,48
"727","2020-03-28",132,9,149,559,6178,0.933473616056976,8220,31712,353,890,68,698,63,503,64,63
"728","2020-03-29",144,9,159,636,6178,0.933473616056976,8220,31712,353,890,104,802,33,536,100,33
"729","2020-03-30",144,9,147,705,6178,0.933473616056976,8220,31712,353,890,97,899,34,570,93,34
"730","2020-03-31",155,9,127,790,6178,0.933473616056976,8220,31712,353,890,124,1023,53,623,114,53
"731","2020-04-01",172,9,126,876,6178,0.933473616056976,8220,31712,353,890,139,1162,45,668,128,45
"732","2020-04-02",185,9,135,995,6178,0.933473616056976,8220,31712,353,890,114,1276,45,713,107,45
"733","2020-04-03",261,9,129,1098,6178,0.933473616056976,8220,31712,353,890,140,1416,64,777,136,64
"734","2020-04-04",274,9,112,1196,6178,0.933473616056976,8220,31712,353,890,143,1559,40,817,136,40
"735","2020-04-05",327,9,119,1324,6178,0.933473616056976,8220,31712,353,890,128,1687,37,854,119,37
"736","2020-04-06",344,9,140,1429,6178,0.933473616056976,8220,31712,353,890,147,1834,65,919,143,65
"737","2020-04-07",351,9,118,1553,6178,0.933473616056976,8220,31712,353,890,184,2018,41,960,177,41
"738","2020-04-08",368,9,119,1621,6178,0.933473616056976,8220,31712,353,890,132,2150,18,978,124,18
"739","2020-04-09",391,9,118,1685,6178,0.933473616056976,8220,31712,353,890,172,2322,15,993,165,15
"740","2020-04-10",524,9,125,1827,6178,0.933473616056976,8220,31712,353,890,154,2476,35,1028,147,35
"741","2020-04-11",567,9,127,1853,6178,0.933473616056976,8220,31712,353,890,148,2624,22,1050,145,22
"742","2020-04-12",549,9,157,1862,6178,0.933473616056976,8220,31712,353,890,178,2802,42,1092,169,42
"743","2020-04-13",574,9,178,1898,6178,0.933473616056976,8220,31712,353,890,154,2956,34,1126,147,34
"744","2020-04-14",589,9,171,1901,6178,0.933473616056976,8220,31712,353,890,177,3133,44,1170,172,44
"745","2020-04-15",621,9,174,1922,6178,0.933473616056976,8220,31712,353,890,165,3298,33,1203,161,33
"746","2020-04-16",645,9,151,1914,6178,0.933473616056976,8220,31712,353,890,162,3460,39,1242,156,39
"747","2020-04-17",723,9,142,1893,6178,0.933473616056976,8220,31712,353,890,156,3616,22,1264,152,22
"748","2020-04-18",728,9,152,1869,6178,0.933473616056976,8220,31712,353,890,147,3763,7,1271,143,7
"749","2020-04-19",652,9,188,1871,6178,0.933473616056976,8220,31712,353,890,123,3886,7,1278,119,7
"750","2020-04-20",643,9,217,1839,6178,0.933473616056976,8220,31712,353,890,112,3998,5,1283,108,5
"751","2020-04-21",645,9,224,1781,6178,0.933473616056976,8220,31712,353,890,125,4123,4,1287,120,4
"752","2020-04-22",628,9,236,1688,6178,0.933473616056976,8220,31712,353,890,118,4241,12,1299,118,12
"753","2020-04-23",630,9,212,1646,6178,0.933473616056976,8220,31712,353,890,119,4360,24,1323,118,24
"754","2020-04-24",621,9,183,1581,6178,0.933473616056976,8220,31712,353,890,118,4478,67,1390,111,67
"755","2020-04-25",607,9,201,1552,6178,0.933473616056976,8220,31712,353,890,96,4574,81,1471,91,81
"756","2020-04-26",564,9,186,1480,6178,0.933473616056976,8220,31712,353,890,74,4648,31,1502,70,31
"757","2020-04-27",553,9,169,1379,6178,0.933473616056976,8220,31712,353,890,82,4730,13,1515,71,13
"758","2020-04-28",532,9,160,1299,6178,0.933473616056976,8220,31712,353,890,58,4788,6,1521,53,6
"759","2020-04-29",515,9,130,1226,6178,0.933473616056976,8220,31712,353,890,70,4858,10,1531,67,10
"760","2020-04-30",493,9,126,1133,6178,0.933473616056976,8220,31712,353,890,57,4915,10,1541,55,10
"761","2020-05-01",421,9,159,1058,6178,0.933473616056976,8220,31712,353,890,46,4961,60,1601,44,60
"762","2020-05-02",405,9,187,974,6178,0.933473616056976,8220,31712,353,890,54,5015,65,1666,49,65
"763","2020-05-03",376,9,215,884,6178,0.933473616056976,8220,31712,353,890,65,5080,29,1695,60,29
"764","2020-05-04",346,9,209,811,6178,0.933473616056976,8220,31712,353,890,36,5116,21,1716,33,21
"765","2020-05-05",311,9,190,761,6178,0.933473616056976,8220,31712,353,890,45,5161,22,1738,43,22
"766","2020-05-06",297,9,171,702,6178,0.933473616056976,8220,31712,353,890,28,5189,20,1758,26,20
"767","2020-05-07",267,9,225,633,6178,0.933473616056976,8220,31712,353,890,49,5238,9,1767,45,9
"768","2020-05-08",254,9,240,566,6178,0.933473616056976,8220,31712,353,890,40,5278,61,1828,36,61
"769","2020-05-09",235,9,216,514,6178,0.933473616056976,8220,31712,353,890,32,5310,64,1892,27,64
"770","2020-05-10",208,9,232,461,6178,0.933473616056976,8220,31712,353,890,31,5341,38,1930,28,38
"771","2020-05-11",196,9,219,434,6178,0.933473616056976,8220,31712,353,890,31,5372,16,1946,26,16
"772","2020-05-12",182,9,240,398,6178,0.933473616056976,8220,31712,353,890,24,5396,47,1993,21,47
"773","2020-05-13",157,9,262,360,6178,0.933473616056976,8220,31712,353,890,18,5414,41,2034,17,41
"774","2020-05-14",150,9,274,333,6178,0.933473616056976,8220,31712,353,890,24,5438,46,2080,23,46
"775","2020-05-15",122,9,226,308,6178,0.933473616056976,8220,31712,353,890,15,5453,32,2112,14,32
"776","2020-05-16",116,9,193,292,6178,0.933473616056976,8220,31712,353,890,16,5469,14,2126,14,14
"777","2020-05-17",120,9,168,260,6178,0.933473616056976,8220,31712,353,890,20,5489,14,2140,18,14
"778","2020-05-18",109,9,151,253,6178,0.933473616056976,8220,31712,353,890,19,5508,48,2188,18,48
"779","2020-05-19",97,9,136,238,6178,0.933473616056976,8220,31712,353,890,18,5526,38,2226,13,38
"780","2020-05-20",94,9,120,222,6178,0.933473616056976,8220,31712,353,890,11,5537,29,2255,10,29
"781","2020-05-21",83,9,104,214,6178,0.933473616056976,8220,31712,353,890,14,5551,20,2275,12,20
"782","2020-05-22",82,9,124,202,6178,0.933473616056976,8220,31712,353,890,13,5564,60,2335,12,60
"783","2020-05-23",84,9,152,183,6178,0.933473616056976,8220,31712,353,890,6,5570,54,2389,4,54
"784","2020-05-24",66,9,165,168,6178,0.933473616056976,8220,31712,353,890,20,5590,46,2435,18,46
"785","2020-05-25",60,9,156,155,6178,0.933473616056976,8220,31712,353,890,9,5599,33,2468,8,33
"786","2020-05-26",59,9,173,147,6178,0.933473616056976,8220,31712,353,890,12,5611,18,2486,10,18
"787","2020-05-27",56,9,186,148,6178,0.933473616056976,8220,31712,353,890,9,5620,21,2507,7,21
"788","2020-05-28",53,9,172,141,6178,0.933473616056976,8220,31712,353,890,9,5629,53,2560,7,53
"789","2020-05-29",55,9,158,123,6178,0.933473616056976,8220,31712,353,890,10,5639,36,2596,10,36
"790","2020-05-30",46,9,172,109,6178,0.933473616056976,8220,31712,353,890,11,5650,19,2615,11,19
"791","2020-05-31",41,9,176,102,6178,0.933473616056976,8220,31712,353,890,9,5659,22,2637,9,22
"792","2020-06-01",41,9,185,102,6178,0.933473616056976,8220,31712,353,890,8,5667,19,2656,7,19
"793","2020-06-02",42,9,179,94,6178,0.933473616056976,8220,31712,353,890,9,5676,35,2691,6,35
"794","2020-06-03",40,9,168,87,6178,0.933473616056976,8220,31712,353,890,8,5684,50,2741,8,50
"795","2020-06-04",41,9,159,83,6178,0.933473616056976,8220,31712,353,890,5,5689,39,2780,5,39
"796","2020-06-05",37,9,148,82,6178,0.933473616056976,8220,31712,353,890,14,5703,36,2816,12,36
"797","2020-06-06",39,9,166,78,6178,0.933473616056976,8220,31712,353,890,9,5712,42,2858,7,42
"798","2020-06-07",34,9,159,77,6178,0.933473616056976,8220,31712,353,890,4,5716,38,2896,4,38
"799","2020-03-14",6,10,48,41,6060,0.900990099009901,8445,32025,328,898,25,94,1,16,4,1
"800","2020-03-15",11,10,71,55,6060,0.900990099009901,8445,32025,328,898,36,130,15,31,19,15
"801","2020-03-16",10,10,80,69,6060,0.900990099009901,8445,32025,328,898,38,168,5,36,16,5
"802","2020-03-17",9,10,80,93,6060,0.900990099009901,8445,32025,328,898,39,207,9,45,11,9
"803","2020-03-18",12,10,88,108,6060,0.900990099009901,8445,32025,328,898,52,259,15,60,32,15
"804","2020-03-19",19,10,85,130,6060,0.900990099009901,8445,32025,328,898,55,314,19,79,28,19
"805","2020-03-20",27,10,83,156,6060,0.900990099009901,8445,32025,328,898,61,375,22,101,41,22
"806","2020-03-21",32,10,91,192,6060,0.900990099009901,8445,32025,328,898,71,446,17,118,47,17
"807","2020-03-22",39,10,98,218,6060,0.900990099009901,8445,32025,328,898,69,515,10,128,53,10
"808","2020-03-23",41,10,120,253,6060,0.900990099009901,8445,32025,328,898,88,603,7,135,59,7
"809","2020-03-24",47,10,123,300,6060,0.900990099009901,8445,32025,328,898,92,695,9,144,62,9
"810","2020-03-25",56,10,135,340,6060,0.900990099009901,8445,32025,328,898,94,789,22,166,77,22
"811","2020-03-26",56,10,139,373,6060,0.900990099009901,8445,32025,328,898,85,874,14,180,58,14
"812","2020-03-27",73,10,132,432,6060,0.900990099009901,8445,32025,328,898,110,984,16,196,90,16
"813","2020-03-28",75,10,122,495,6060,0.900990099009901,8445,32025,328,898,96,1080,20,216,71,20
"814","2020-03-29",117,10,138,559,6060,0.900990099009901,8445,32025,328,898,128,1208,27,243,105,27
"815","2020-03-30",134,10,137,628,6060,0.900990099009901,8445,32025,328,898,109,1317,39,282,87,39
"816","2020-03-31",134,10,141,713,6060,0.900990099009901,8445,32025,328,898,98,1415,20,302,84,20
"817","2020-04-01",143,10,139,774,6060,0.900990099009901,8445,32025,328,898,134,1549,23,325,105,23
"818","2020-04-02",162,10,135,863,6060,0.900990099009901,8445,32025,328,898,119,1668,28,353,91,28
"819","2020-04-03",236,10,113,971,6060,0.900990099009901,8445,32025,328,898,127,1795,18,371,106,18
"820","2020-04-04",297,10,109,1022,6060,0.900990099009901,8445,32025,328,898,131,1926,12,383,107,12
"821","2020-04-05",310,10,141,1084,6060,0.900990099009901,8445,32025,328,898,99,2025,11,394,79,11
"822","2020-04-06",314,10,164,1184,6060,0.900990099009901,8445,32025,328,898,115,2140,31,425,97,31
"823","2020-04-07",315,10,148,1236,6060,0.900990099009901,8445,32025,328,898,156,2296,37,462,139,37
"824","2020-04-08",341,10,141,1261,6060,0.900990099009901,8445,32025,328,898,115,2411,29,491,92,29
"825","2020-04-09",360,10,171,1319,6060,0.900990099009901,8445,32025,328,898,146,2557,24,515,119,24
"826","2020-04-10",452,10,173,1366,6060,0.900990099009901,8445,32025,328,898,132,2689,16,531,112,16
"827","2020-04-11",446,10,193,1468,6060,0.900990099009901,8445,32025,328,898,100,2789,17,548,84,17
"828","2020-04-12",427,10,168,1517,6060,0.900990099009901,8445,32025,328,898,125,2914,30,578,105,30
"829","2020-04-13",445,10,159,1579,6060,0.900990099009901,8445,32025,328,898,124,3038,17,595,92,17
"830","2020-04-14",461,10,191,1674,6060,0.900990099009901,8445,32025,328,898,116,3154,6,601,87,6
"831","2020-04-15",483,10,195,1737,6060,0.900990099009901,8445,32025,328,898,135,3289,14,615,105,14
"832","2020-04-16",498,10,206,1752,6060,0.900990099009901,8445,32025,328,898,133,3422,7,622,116,7
"833","2020-04-17",581,10,199,1783,6060,0.900990099009901,8445,32025,328,898,136,3558,13,635,109,13
"834","2020-04-18",608,10,187,1824,6060,0.900990099009901,8445,32025,328,898,120,3678,32,667,102,32
"835","2020-04-19",584,10,168,1849,6060,0.900990099009901,8445,32025,328,898,131,3809,11,678,106,11
"836","2020-04-20",582,10,179,1844,6060,0.900990099009901,8445,32025,328,898,95,3904,8,686,82,8
"837","2020-04-21",600,10,184,1806,6060,0.900990099009901,8445,32025,328,898,91,3995,13,699,79,13
"838","2020-04-22",590,10,197,1768,6060,0.900990099009901,8445,32025,328,898,89,4084,13,712,69,13
"839","2020-04-23",591,10,193,1732,6060,0.900990099009901,8445,32025,328,898,77,4161,36,748,65,36
"840","2020-04-24",620,10,208,1672,6060,0.900990099009901,8445,32025,328,898,69,4230,21,769,56,21
"841","2020-04-25",620,10,229,1629,6060,0.900990099009901,8445,32025,328,898,75,4305,45,814,52,45
"842","2020-04-26",572,10,213,1566,6060,0.900990099009901,8445,32025,328,898,67,4372,45,859,51,45
"843","2020-04-27",561,10,217,1529,6060,0.900990099009901,8445,32025,328,898,65,4437,23,882,54,23
"844","2020-04-28",537,10,222,1447,6060,0.900990099009901,8445,32025,328,898,65,4502,21,903,57,21
"845","2020-04-29",523,10,229,1352,6060,0.900990099009901,8445,32025,328,898,59,4561,38,941,44,38
"846","2020-04-30",520,10,246,1282,6060,0.900990099009901,8445,32025,328,898,52,4613,40,981,36,40
"847","2020-05-01",467,10,232,1226,6060,0.900990099009901,8445,32025,328,898,66,4679,25,1006,45,25
"848","2020-05-02",445,10,221,1144,6060,0.900990099009901,8445,32025,328,898,62,4741,27,1033,47,27
"849","2020-05-03",409,10,203,1067,6060,0.900990099009901,8445,32025,328,898,35,4776,41,1074,22,41
"850","2020-05-04",393,10,176,991,6060,0.900990099009901,8445,32025,328,898,57,4833,28,1102,37,28
"851","2020-05-05",386,10,183,915,6060,0.900990099009901,8445,32025,328,898,50,4883,21,1123,36,21
"852","2020-05-06",381,10,221,850,6060,0.900990099009901,8445,32025,328,898,47,4930,35,1158,36,35
"853","2020-05-07",356,10,213,798,6060,0.900990099009901,8445,32025,328,898,41,4971,40,1198,29,40
"854","2020-05-08",333,10,207,735,6060,0.900990099009901,8445,32025,328,898,42,5013,24,1222,33,24
"855","2020-05-09",321,10,214,664,6060,0.900990099009901,8445,32025,328,898,37,5050,11,1233,20,11
"856","2020-05-10",277,10,203,620,6060,0.900990099009901,8445,32025,328,898,38,5088,15,1248,29,15
"857","2020-05-11",253,10,216,561,6060,0.900990099009901,8445,32025,328,898,43,5131,12,1260,17,12
"858","2020-05-12",223,10,196,511,6060,0.900990099009901,8445,32025,328,898,37,5168,18,1278,25,18
"859","2020-05-13",200,10,171,453,6060,0.900990099009901,8445,32025,328,898,20,5188,34,1312,14,34
"860","2020-05-14",184,10,159,416,6060,0.900990099009901,8445,32025,328,898,29,5217,26,1338,18,26
"861","2020-05-15",151,10,135,378,6060,0.900990099009901,8445,32025,328,898,29,5246,16,1354,16,16
"862","2020-05-16",126,10,124,363,6060,0.900990099009901,8445,32025,328,898,22,5268,32,1386,14,32
"863","2020-05-17",113,10,118,339,6060,0.900990099009901,8445,32025,328,898,28,5296,22,1408,14,22
"864","2020-05-18",113,10,110,308,6060,0.900990099009901,8445,32025,328,898,25,5321,33,1441,20,33
"865","2020-05-19",111,10,115,285,6060,0.900990099009901,8445,32025,328,898,20,5341,20,1461,16,20
"866","2020-05-20",106,10,139,279,6060,0.900990099009901,8445,32025,328,898,21,5362,18,1479,13,18
"867","2020-05-21",103,10,137,264,6060,0.900990099009901,8445,32025,328,898,23,5385,17,1496,14,17
"868","2020-05-22",99,10,115,244,6060,0.900990099009901,8445,32025,328,898,17,5402,23,1519,8,23
"869","2020-05-23",107,10,108,208,6060,0.900990099009901,8445,32025,328,898,19,5421,5,1524,13,5
"870","2020-05-24",102,10,100,199,6060,0.900990099009901,8445,32025,328,898,12,5433,15,1539,8,15
"871","2020-05-25",93,10,134,192,6060,0.900990099009901,8445,32025,328,898,18,5451,21,1560,11,21
"872","2020-05-26",88,10,135,178,6060,0.900990099009901,8445,32025,328,898,13,5464,20,1580,6,20
"873","2020-05-27",80,10,133,162,6060,0.900990099009901,8445,32025,328,898,16,5480,19,1599,7,19
"874","2020-05-28",70,10,142,143,6060,0.900990099009901,8445,32025,328,898,11,5491,24,1623,8,24
"875","2020-05-29",64,10,143,128,6060,0.900990099009901,8445,32025,328,898,13,5504,14,1637,8,14
"876","2020-05-30",55,10,144,122,6060,0.900990099009901,8445,32025,328,898,17,5521,21,1658,8,21
"877","2020-05-31",50,10,141,118,6060,0.900990099009901,8445,32025,328,898,8,5529,16,1674,2,16
"878","2020-06-01",48,10,148,107,6060,0.900990099009901,8445,32025,328,898,8,5537,29,1703,5,29
"879","2020-06-02",38,10,147,98,6060,0.900990099009901,8445,32025,328,898,10,5547,22,1725,3,22
"880","2020-06-03",38,10,153,90,6060,0.900990099009901,8445,32025,328,898,13,5560,29,1754,6,29
"881","2020-06-04",36,10,157,84,6060,0.900990099009901,8445,32025,328,898,10,5570,17,1771,4,17
"882","2020-06-05",37,10,158,73,6060,0.900990099009901,8445,32025,328,898,9,5579,8,1779,7,8
"883","2020-06-06",32,10,151,61,6060,0.900990099009901,8445,32025,328,898,14,5593,15,1794,11,15
"884","2020-06-07",21,10,142,50,6060,0.900990099009901,8445,32025,328,898,6,5599,10,1804,2,10
"885","2020-03-13",3,11,83,114,6636,0.708408679927667,8295,34374,428,901,36,111,42,73,3,42
"886","2020-03-14",7,11,81,152,6636,0.708408679927667,8295,34374,428,901,47,158,34,107,9,34
"887","2020-03-15",22,11,96,199,6636,0.708408679927667,8295,34374,428,901,58,216,48,155,13,48
"888","2020-03-16",30,11,122,269,6636,0.708408679927667,8295,34374,428,901,56,272,38,193,20,38
"889","2020-03-17",32,11,117,312,6636,0.708408679927667,8295,34374,428,901,59,331,35,228,36,35
"890","2020-03-18",43,11,135,364,6636,0.708408679927667,8295,34374,428,901,49,380,42,270,18,42
"891","2020-03-19",54,11,157,446,6636,0.708408679927667,8295,34374,428,901,88,468,42,312,57,42
"892","2020-03-20",85,11,196,533,6636,0.708408679927667,8295,34374,428,901,80,548,41,353,44,41
"893","2020-03-21",116,11,196,624,6636,0.708408679927667,8295,34374,428,901,105,653,56,409,58,56
"894","2020-03-22",154,11,203,705,6636,0.708408679927667,8295,34374,428,901,111,764,29,438,70,29
"895","2020-03-23",170,11,230,793,6636,0.708408679927667,8295,34374,428,901,107,871,56,494,65,56
"896","2020-03-24",178,11,208,861,6636,0.708408679927667,8295,34374,428,901,103,974,34,528,78,34
"897","2020-03-25",197,11,219,951,6636,0.708408679927667,8295,34374,428,901,93,1067,27,555,65,27
"898","2020-03-26",217,11,224,1002,6636,0.708408679927667,8295,34374,428,901,107,1174,33,588,79,33
"899","2020-03-27",300,11,195,1090,6636,0.708408679927667,8295,34374,428,901,100,1274,27,615,74,27
"900","2020-03-28",355,11,167,1168,6636,0.708408679927667,8295,34374,428,901,131,1405,37,652,85,37
"901","2020-03-29",345,11,181,1245,6636,0.708408679927667,8295,34374,428,901,114,1519,30,682,80,30
"902","2020-03-30",343,11,185,1349,6636,0.708408679927667,8295,34374,428,901,130,1649,42,724,89,42
"903","2020-03-31",360,11,175,1406,6636,0.708408679927667,8295,34374,428,901,101,1750,31,755,64,31
"904","2020-04-01",399,11,169,1476,6636,0.708408679927667,8295,34374,428,901,113,1863,44,799,78,44
"905","2020-04-02",428,11,185,1571,6636,0.708408679927667,8295,34374,428,901,117,1980,47,846,84,47
"906","2020-04-03",556,11,222,1627,6636,0.708408679927667,8295,34374,428,901,141,2121,33,879,98,33
"907","2020-04-04",536,11,201,1673,6636,0.708408679927667,8295,34374,428,901,133,2254,35,914,95,35
"908","2020-04-05",507,11,200,1763,6636,0.708408679927667,8295,34374,428,901,110,2364,59,973,77,59
"909","2020-04-06",514,11,182,1838,6636,0.708408679927667,8295,34374,428,901,128,2492,30,1003,87,30
"910","2020-04-07",520,11,159,1876,6636,0.708408679927667,8295,34374,428,901,106,2598,31,1034,74,31
"911","2020-04-08",515,11,143,1893,6636,0.708408679927667,8295,34374,428,901,120,2718,12,1046,88,12
"912","2020-04-09",520,11,149,1953,6636,0.708408679927667,8295,34374,428,901,121,2839,24,1070,87,24
"913","2020-04-10",598,11,177,1927,6636,0.708408679927667,8295,34374,428,901,91,2930,46,1116,63,46
"914","2020-04-11",656,11,172,1915,6636,0.708408679927667,8295,34374,428,901,137,3067,54,1170,94,54
"915","2020-04-12",634,11,184,1876,6636,0.708408679927667,8295,34374,428,901,108,3175,35,1205,74,35
"916","2020-04-13",636,11,183,1825,6636,0.708408679927667,8295,34374,428,901,111,3286,24,1229,69,24
"917","2020-04-14",638,11,177,1792,6636,0.708408679927667,8295,34374,428,901,104,3390,29,1258,70,29
"918","2020-04-15",639,11,155,1741,6636,0.708408679927667,8295,34374,428,901,92,3482,22,1280,60,22
"919","2020-04-16",644,11,166,1674,6636,0.708408679927667,8295,34374,428,901,94,3576,68,1348,62,68
"920","2020-04-17",639,11,196,1596,6636,0.708408679927667,8295,34374,428,901,99,3675,45,1393,65,45
"921","2020-04-18",592,11,179,1536,6636,0.708408679927667,8295,34374,428,901,82,3757,51,1444,44,51
"922","2020-04-19",529,11,189,1440,6636,0.708408679927667,8295,34374,428,901,90,3847,33,1477,56,33
"923","2020-04-20",522,11,201,1393,6636,0.708408679927667,8295,34374,428,901,86,3933,31,1508,53,31
"924","2020-04-21",497,11,191,1305,6636,0.708408679927667,8295,34374,428,901,91,4024,35,1543,57,35
"925","2020-04-22",485,11,192,1209,6636,0.708408679927667,8295,34374,428,901,78,4102,44,1587,50,44
"926","2020-04-23",460,11,231,1153,6636,0.708408679927667,8295,34374,428,901,81,4183,25,1612,53,25
"927","2020-04-24",412,11,248,1098,6636,0.708408679927667,8295,34374,428,901,95,4278,44,1656,54,44
"928","2020-04-25",392,11,242,1023,6636,0.708408679927667,8295,34374,428,901,74,4352,39,1695,40,39
"929","2020-04-26",363,11,225,964,6636,0.708408679927667,8295,34374,428,901,67,4419,35,1730,40,35
"930","2020-04-27",338,11,185,887,6636,0.708408679927667,8295,34374,428,901,72,4491,31,1761,38,31
"931","2020-04-28",336,11,156,845,6636,0.708408679927667,8295,34374,428,901,40,4531,37,1798,21,37
"932","2020-04-29",311,11,143,779,6636,0.708408679927667,8295,34374,428,901,68,4599,49,1847,40,49
"933","2020-04-30",297,11,176,720,6636,0.708408679927667,8295,34374,428,901,59,4658,43,1890,33,43
"934","2020-05-01",261,11,211,671,6636,0.708408679927667,8295,34374,428,901,53,4711,37,1927,25,37
"935","2020-05-02",253,11,235,637,6636,0.708408679927667,8295,34374,428,901,61,4772,27,1954,38,27
"936","2020-05-03",243,11,262,590,6636,0.708408679927667,8295,34374,428,901,66,4838,23,1977,34,23
"937","2020-05-04",234,11,248,549,6636,0.708408679927667,8295,34374,428,901,41,4879,30,2007,19,30
"938","2020-05-05",207,11,268,526,6636,0.708408679927667,8295,34374,428,901,51,4930,73,2080,22,73
"939","2020-05-06",197,11,262,495,6636,0.708408679927667,8295,34374,428,901,50,4980,43,2123,21,43
"940","2020-05-07",177,11,244,464,6636,0.708408679927667,8295,34374,428,901,61,5041,35,2158,33,35
"941","2020-05-08",171,11,225,430,6636,0.708408679927667,8295,34374,428,901,51,5092,35,2193,23,35
"942","2020-05-09",166,11,206,406,6636,0.708408679927667,8295,34374,428,901,40,5132,55,2248,17,55
"943","2020-05-10",144,11,181,377,6636,0.708408679927667,8295,34374,428,901,41,5173,45,2293,23,45
"944","2020-05-11",139,11,156,359,6636,0.708408679927667,8295,34374,428,901,41,5214,41,2334,21,41
"945","2020-05-12",133,11,153,337,6636,0.708408679927667,8295,34374,428,901,28,5242,37,2371,9,37
"946","2020-05-13",126,11,145,313,6636,0.708408679927667,8295,34374,428,901,37,5279,47,2418,17,47
"947","2020-05-14",128,11,173,295,6636,0.708408679927667,8295,34374,428,901,29,5308,43,2461,10,43
"948","2020-05-15",110,11,216,294,6636,0.708408679927667,8295,34374,428,901,24,5332,25,2486,10,25
"949","2020-05-16",105,11,223,272,6636,0.708408679927667,8295,34374,428,901,26,5358,38,2524,13,38
"950","2020-05-17",102,11,216,261,6636,0.708408679927667,8295,34374,428,901,38,5396,33,2557,21,33
"951","2020-05-18",100,11,199,242,6636,0.708408679927667,8295,34374,428,901,16,5412,28,2585,6,28
"952","2020-05-19",95,11,179,242,6636,0.708408679927667,8295,34374,428,901,29,5441,45,2630,11,45
"953","2020-05-20",97,11,171,224,6636,0.708408679927667,8295,34374,428,901,27,5468,63,2693,12,63
"954","2020-05-21",89,11,171,212,6636,0.708408679927667,8295,34374,428,901,24,5492,70,2763,9,70
"955","2020-05-22",87,11,160,212,6636,0.708408679927667,8295,34374,428,901,23,5515,67,2830,11,67
"956","2020-05-23",84,11,147,202,6636,0.708408679927667,8295,34374,428,901,19,5534,56,2886,8,56
"957","2020-05-24",70,11,131,189,6636,0.708408679927667,8295,34374,428,901,29,5563,68,2954,12,68
"958","2020-05-25",63,11,110,183,6636,0.708408679927667,8295,34374,428,901,14,5577,29,2983,9,29
"959","2020-05-26",66,11,115,178,6636,0.708408679927667,8295,34374,428,901,16,5593,52,3035,6,52
"960","2020-05-27",61,11,106,167,6636,0.708408679927667,8295,34374,428,901,18,5611,54,3089,7,54
"961","2020-05-28",65,11,113,154,6636,0.708408679927667,8295,34374,428,901,23,5634,55,3144,9,55
"962","2020-05-29",61,11,122,145,6636,0.708408679927667,8295,34374,428,901,23,5657,48,3192,8,48
"963","2020-05-30",59,11,130,136,6636,0.708408679927667,8295,34374,428,901,16,5673,39,3231,7,39
"964","2020-05-31",57,11,156,129,6636,0.708408679927667,8295,34374,428,901,6,5679,54,3285,3,54
"965","2020-06-01",54,11,143,118,6636,0.708408679927667,8295,34374,428,901,18,5697,46,3331,10,46
"966","2020-06-02",46,11,128,111,6636,0.708408679927667,8295,34374,428,901,15,5712,31,3362,10,31
"967","2020-06-03",41,11,114,101,6636,0.708408679927667,8295,34374,428,901,14,5726,31,3393,3,31
"968","2020-06-04",36,11,116,96,6636,0.708408679927667,8295,34374,428,901,18,5744,36,3429,8,36
"969","2020-06-05",39,11,118,95,6636,0.708408679927667,8295,34374,428,901,12,5756,29,3458,4,29
"970","2020-06-06",36,11,119,86,6636,0.708408679927667,8295,34374,428,901,10,5766,24,3482,5,24
"971","2020-06-07",30,11,106,92,6636,0.708408679927667,8295,34374,428,901,10,5776,28,3510,7,28
"972","2020-03-07",1,12,0,0,5575,0.48,8385,35126,360,822,NA,NA,NA,NA,NA,NA
"973","2020-03-08",2,12,0,0,5575,0.48,8385,35126,360,822,NA,NA,NA,NA,NA,NA
"974","2020-03-09",1,12,0,0,5575,0.48,8385,35126,360,822,NA,NA,NA,NA,NA,NA
"975","2020-03-10",0,12,0,0,5575,0.48,8385,35126,360,822,NA,NA,2,2,NA,2
"976","2020-03-11",0,12,0,0,5575,0.48,8385,35126,360,822,22,22,9,11,NA,9
"977","2020-03-12",0,12,0,0,5575,0.48,8385,35126,360,822,20,42,7,18,3,7
"978","2020-03-13",4,12,51,123,5575,0.48,8385,35126,360,822,26,68,5,23,5,5
"979","2020-03-14",16,12,56,166,5575,0.48,8385,35126,360,822,19,87,7,30,6,7
"980","2020-03-15",23,12,66,212,5575,0.48,8385,35126,360,822,32,119,10,40,10,10
"981","2020-03-16",29,12,77,274,5575,0.48,8385,35126,360,822,33,152,20,60,12,20
"982","2020-03-17",39,12,89,332,5575,0.48,8385,35126,360,822,33,185,15,75,22,15
"983","2020-03-18",53,12,84,397,5575,0.48,8385,35126,360,822,39,224,25,100,18,25
"984","2020-03-19",65,12,90,440,5575,0.48,8385,35126,360,822,47,271,23,123,31,23
"985","2020-03-20",96,12,114,504,5575,0.48,8385,35126,360,822,49,320,38,161,29,38
"986","2020-03-21",138,12,126,578,5575,0.48,8385,35126,360,822,47,367,17,178,31,17
"987","2020-03-22",169,12,123,626,5575,0.48,8385,35126,360,822,52,419,18,196,36,18
"988","2020-03-23",165,12,142,679,5575,0.48,8385,35126,360,822,49,468,53,249,34,53
"989","2020-03-24",166,12,152,734,5575,0.48,8385,35126,360,822,70,538,51,300,47,51
"990","2020-03-25",183,12,133,785,5575,0.48,8385,35126,360,822,64,602,59,359,48,59
"991","2020-03-26",197,12,131,824,5575,0.48,8385,35126,360,822,93,695,36,395,68,36
"992","2020-03-27",277,12,133,849,5575,0.48,8385,35126,360,822,80,775,24,419,54,24
"993","2020-03-28",274,12,131,907,5575,0.48,8385,35126,360,822,79,854,25,444,61,25
"994","2020-03-29",274,12,132,912,5575,0.48,8385,35126,360,822,95,949,13,457,74,13
"995","2020-03-30",272,12,145,928,5575,0.48,8385,35126,360,822,95,1044,13,470,80,13
"996","2020-03-31",272,12,162,950,5575,0.48,8385,35126,360,822,96,1140,18,488,78,18
"997","2020-04-01",272,12,174,978,5575,0.48,8385,35126,360,822,74,1214,49,537,55,49
"998","2020-04-02",285,12,185,977,5575,0.48,8385,35126,360,822,109,1323,30,567,95,30
"999","2020-04-03",309,12,200,985,5575,0.48,8385,35126,360,822,116,1439,36,603,94,36
"1000","2020-04-04",313,12,213,979,5575,0.48,8385,35126,360,822,92,1531,37,640,70,37
"1001","2020-04-05",315,12,224,991,5575,0.48,8385,35126,360,822,112,1643,28,668,89,28
"1002","2020-04-06",318,12,212,977,5575,0.48,8385,35126,360,822,99,1742,16,684,79,16
"1003","2020-04-07",317,12,229,1009,5575,0.48,8385,35126,360,822,89,1831,12,696,70,12
"1004","2020-04-08",324,12,229,1035,5575,0.48,8385,35126,360,822,126,1957,17,713,112,17
"1005","2020-04-09",330,12,217,1028,5575,0.48,8385,35126,360,822,102,2059,22,735,78,22
"1006","2020-04-10",353,12,212,1004,5575,0.48,8385,35126,360,822,127,2186,41,776,100,41
"1007","2020-04-11",351,12,227,1016,5575,0.48,8385,35126,360,822,91,2277,63,839,73,63
"1008","2020-04-12",343,12,237,1004,5575,0.48,8385,35126,360,822,101,2378,49,888,79,49
"1009","2020-04-13",349,12,222,988,5575,0.48,8385,35126,360,822,126,2504,39,927,102,39
"1010","2020-04-14",353,12,204,983,5575,0.48,8385,35126,360,822,103,2607,54,981,79,54
"1011","2020-04-15",353,12,193,969,5575,0.48,8385,35126,360,822,108,2715,59,1040,94,59
"1012","2020-04-16",359,12,190,939,5575,0.48,8385,35126,360,822,95,2810,39,1079,80,39
"1013","2020-04-17",366,12,181,924,5575,0.48,8385,35126,360,822,115,2925,38,1117,94,38
"1014","2020-04-18",367,12,170,935,5575,0.48,8385,35126,360,822,90,3015,47,1164,71,47
"1015","2020-04-19",323,12,163,926,5575,0.48,8385,35126,360,822,94,3109,39,1203,70,39
"1016","2020-04-20",325,12,154,901,5575,0.48,8385,35126,360,822,129,3238,26,1229,111,26
"1017","2020-04-21",303,12,176,885,5575,0.48,8385,35126,360,822,76,3314,42,1271,59,42
"1018","2020-04-22",300,12,193,875,5575,0.48,8385,35126,360,822,89,3403,44,1315,72,44
"1019","2020-04-23",283,12,180,873,5575,0.48,8385,35126,360,822,93,3496,27,1342,79,27
"1020","2020-04-24",290,12,181,854,5575,0.48,8385,35126,360,822,106,3602,41,1383,82,41
"1021","2020-04-25",311,12,163,831,5575,0.48,8385,35126,360,822,64,3666,18,1401,53,18
"1022","2020-04-26",280,12,162,797,5575,0.48,8385,35126,360,822,64,3730,55,1456,43,55
"1023","2020-04-27",269,12,196,765,5575,0.48,8385,35126,360,822,67,3797,53,1509,55,53
"1024","2020-04-28",269,12,195,768,5575,0.48,8385,35126,360,822,75,3872,22,1531,55,22
"1025","2020-04-29",271,12,183,757,5575,0.48,8385,35126,360,822,62,3934,20,1551,53,20
"1026","2020-04-30",250,12,160,754,5575,0.48,8385,35126,360,822,61,3995,35,1586,39,35
"1027","2020-05-01",263,12,164,754,5575,0.48,8385,35126,360,822,50,4045,29,1615,34,29
"1028","2020-05-02",255,12,175,732,5575,0.48,8385,35126,360,822,60,4105,16,1631,43,16
"1029","2020-05-03",251,12,177,698,5575,0.48,8385,35126,360,822,45,4150,19,1650,31,19
"1030","2020-05-04",241,12,195,692,5575,0.48,8385,35126,360,822,59,4209,39,1689,47,39
"1031","2020-05-05",230,12,177,673,5575,0.48,8385,35126,360,822,50,4259,23,1712,31,23
"1032","2020-05-06",220,12,196,658,5575,0.48,8385,35126,360,822,44,4303,26,1738,32,26
"1033","2020-05-07",239,12,209,642,5575,0.48,8385,35126,360,822,30,4333,25,1763,23,25
"1034","2020-05-08",232,12,234,637,5575,0.48,8385,35126,360,822,30,4363,40,1803,21,40
"1035","2020-05-09",226,12,275,628,5575,0.48,8385,35126,360,822,45,4408,34,1837,24,34
"1036","2020-05-10",201,12,263,608,5575,0.48,8385,35126,360,822,26,4434,29,1866,19,29
"1037","2020-05-11",189,12,254,594,5575,0.48,8385,35126,360,822,44,4478,65,1931,30,65
"1038","2020-05-12",183,12,243,587,5575,0.48,8385,35126,360,822,41,4519,43,1974,32,43
"1039","2020-05-13",172,12,209,576,5575,0.48,8385,35126,360,822,34,4553,66,2040,25,66
"1040","2020-05-14",158,12,225,555,5575,0.48,8385,35126,360,822,19,4572,53,2093,13,53
"1041","2020-05-15",146,12,239,536,5575,0.48,8385,35126,360,822,24,4596,30,2123,19,30
"1042","2020-05-16",172,12,221,524,5575,0.48,8385,35126,360,822,27,4623,24,2147,16,24
"1043","2020-05-17",171,12,216,501,5575,0.48,8385,35126,360,822,27,4650,29,2176,19,29
"1044","2020-05-18",174,12,186,496,5575,0.48,8385,35126,360,822,23,4673,25,2201,19,25
"1045","2020-05-19",170,12,164,475,5575,0.48,8385,35126,360,822,32,4705,12,2213,22,12
"1046","2020-05-20",173,12,137,471,5575,0.48,8385,35126,360,822,22,4727,13,2226,14,13
"1047","2020-05-21",164,12,130,447,5575,0.48,8385,35126,360,822,15,4742,9,2235,7,9
"1048","2020-05-22",164,12,124,429,5575,0.48,8385,35126,360,822,21,4763,14,2249,11,14
"1049","2020-05-23",139,12,142,409,5575,0.48,8385,35126,360,822,31,4794,20,2269,23,20
"1050","2020-05-24",148,12,145,388,5575,0.48,8385,35126,360,822,19,4813,18,2287,11,18
"1051","2020-05-25",141,12,142,367,5575,0.48,8385,35126,360,822,22,4835,37,2324,16,37
"1052","2020-05-26",134,12,144,341,5575,0.48,8385,35126,360,822,16,4851,34,2358,11,34
"1053","2020-05-27",134,12,146,345,5575,0.48,8385,35126,360,822,23,4874,30,2388,14,30
"1054","2020-05-28",141,12,158,319,5575,0.48,8385,35126,360,822,12,4886,28,2416,9,28
"1055","2020-05-29",143,12,166,313,5575,0.48,8385,35126,360,822,13,4899,46,2462,10,46
"1056","2020-05-30",135,12,167,304,5575,0.48,8385,35126,360,822,15,4914,25,2487,7,25
"1057","2020-05-31",111,12,168,304,5575,0.48,8385,35126,360,822,16,4930,35,2522,11,35
"1058","2020-06-01",98,12,143,300,5575,0.48,8385,35126,360,822,14,4944,14,2536,10,14
"1059","2020-06-02",97,12,144,285,5575,0.48,8385,35126,360,822,14,4958,17,2553,7,17
"1060","2020-06-03",91,12,134,261,5575,0.48,8385,35126,360,822,5,4963,11,2564,4,11
"1061","2020-06-04",87,12,152,240,5575,0.48,8385,35126,360,822,9,4972,10,2574,9,10
"1062","2020-06-05",81,12,158,232,5575,0.48,8385,35126,360,822,17,4989,8,2582,13,8
"1063","2020-06-06",86,12,162,209,5575,0.48,8385,35126,360,822,15,5004,20,2602,7,20
"1064","2020-06-07",85,12,166,187,5575,0.48,8385,35126,360,822,8,5012,22,2624,4,22
"1065","2020-03-14",6,13,75,36,5944,0.861877523553163,8400,32568,328,654,41,123,12,23,8,12
"1066","2020-03-15",8,13,87,51,5944,0.861877523553163,8400,32568,328,654,47,170,13,36,15,13
"1067","2020-03-16",11,13,98,71,5944,0.861877523553163,8400,32568,328,654,40,210,18,54,16,18
"1068","2020-03-17",11,13,101,85,5944,0.861877523553163,8400,32568,328,654,45,255,14,68,22,14
"1069","2020-03-18",13,13,102,97,5944,0.861877523553163,8400,32568,328,654,54,309,11,79,30,11
"1070","2020-03-19",18,13,109,126,5944,0.861877523553163,8400,32568,328,654,52,361,13,92,34,13
"1071","2020-03-20",25,13,119,152,5944,0.861877523553163,8400,32568,328,654,52,413,8,100,30,8
"1072","2020-03-21",32,13,122,179,5944,0.861877523553163,8400,32568,328,654,73,486,10,110,40,10
"1073","2020-03-22",35,13,138,219,5944,0.861877523553163,8400,32568,328,654,82,568,22,132,56,22
"1074","2020-03-23",42,13,143,249,5944,0.861877523553163,8400,32568,328,654,82,650,20,152,55,20
"1075","2020-03-24",45,13,160,281,5944,0.861877523553163,8400,32568,328,654,78,728,17,169,51,17
"1076","2020-03-25",57,13,175,312,5944,0.861877523553163,8400,32568,328,654,68,796,30,199,49,30
"1077","2020-03-26",67,13,172,357,5944,0.861877523553163,8400,32568,328,654,78,874,16,215,60,16
"1078","2020-03-27",84,13,190,382,5944,0.861877523553163,8400,32568,328,654,103,977,21,236,75,21
"1079","2020-03-28",103,13,193,408,5944,0.861877523553163,8400,32568,328,654,118,1095,19,255,84,19
"1080","2020-03-29",126,13,185,471,5944,0.861877523553163,8400,32568,328,654,105,1200,29,284,79,29
"1081","2020-03-30",115,13,183,543,5944,0.861877523553163,8400,32568,328,654,100,1300,21,305,73,21
"1082","2020-03-31",121,13,179,605,5944,0.861877523553163,8400,32568,328,654,132,1432,19,324,104,19
"1083","2020-04-01",120,13,163,676,5944,0.861877523553163,8400,32568,328,654,84,1516,17,341,69,17
"1084","2020-04-02",131,13,155,768,5944,0.861877523553163,8400,32568,328,654,117,1633,19,360,99,19
"1085","2020-04-03",180,13,133,849,5944,0.861877523553163,8400,32568,328,654,125,1758,14,374,90,14
"1086","2020-04-04",226,13,133,909,5944,0.861877523553163,8400,32568,328,654,100,1858,14,388,76,14
"1087","2020-04-05",216,13,126,978,5944,0.861877523553163,8400,32568,328,654,139,1997,21,409,104,21
"1088","2020-04-06",236,13,122,1056,5944,0.861877523553163,8400,32568,328,654,130,2127,28,437,92,28
"1089","2020-04-07",259,13,113,1157,5944,0.861877523553163,8400,32568,328,654,110,2237,13,450,85,13
"1090","2020-04-08",288,13,129,1269,5944,0.861877523553163,8400,32568,328,654,118,2355,16,466,90,16
"1091","2020-04-09",311,13,143,1355,5944,0.861877523553163,8400,32568,328,654,153,2508,19,485,125,19
"1092","2020-04-10",417,13,171,1427,5944,0.861877523553163,8400,32568,328,654,109,2617,18,503,88,18
"1093","2020-04-11",393,13,186,1542,5944,0.861877523553163,8400,32568,328,654,94,2711,17,520,77,17
"1094","2020-04-12",443,13,165,1624,5944,0.861877523553163,8400,32568,328,654,107,2818,9,529,86,9
"1095","2020-04-13",458,13,160,1664,5944,0.861877523553163,8400,32568,328,654,100,2918,13,542,76,13
"1096","2020-04-14",467,13,154,1716,5944,0.861877523553163,8400,32568,328,654,103,3021,23,565,75,23
"1097","2020-04-15",499,13,169,1743,5944,0.861877523553163,8400,32568,328,654,121,3142,35,600,96,35
"1098","2020-04-16",526,13,200,1753,5944,0.861877523553163,8400,32568,328,654,75,3217,24,624,53,24
"1099","2020-04-17",622,13,202,1769,5944,0.861877523553163,8400,32568,328,654,90,3307,24,648,72,24
"1100","2020-04-18",682,13,198,1761,5944,0.861877523553163,8400,32568,328,654,76,3383,15,663,58,15
"1101","2020-04-19",630,13,192,1753,5944,0.861877523553163,8400,32568,328,654,100,3483,44,707,76,44
"1102","2020-04-20",626,13,192,1729,5944,0.861877523553163,8400,32568,328,654,86,3569,31,738,65,31
"1103","2020-04-21",630,13,178,1719,5944,0.861877523553163,8400,32568,328,654,87,3656,41,779,52,41
"1104","2020-04-22",622,13,177,1661,5944,0.861877523553163,8400,32568,328,654,80,3736,49,828,54,49
"1105","2020-04-23",604,13,171,1606,5944,0.861877523553163,8400,32568,328,654,71,3807,43,871,48,43
"1106","2020-04-24",580,13,169,1567,5944,0.861877523553163,8400,32568,328,654,76,3883,21,892,54,21
"1107","2020-04-25",553,13,181,1530,5944,0.861877523553163,8400,32568,328,654,53,3936,35,927,37,35
"1108","2020-04-26",512,13,200,1482,5944,0.861877523553163,8400,32568,328,654,77,4013,22,949,56,22
"1109","2020-04-27",498,13,212,1415,5944,0.861877523553163,8400,32568,328,654,67,4080,28,977,49,28
"1110","2020-04-28",489,13,223,1362,5944,0.861877523553163,8400,32568,328,654,68,4148,22,999,50,22
"1111","2020-04-29",477,13,213,1321,5944,0.861877523553163,8400,32568,328,654,64,4212,12,1011,39,12
"1112","2020-04-30",474,13,219,1238,5944,0.861877523553163,8400,32568,328,654,67,4279,13,1024,56,13
"1113","2020-05-01",465,13,230,1189,5944,0.861877523553163,8400,32568,328,654,50,4329,35,1059,26,35
"1114","2020-05-02",456,13,257,1123,5944,0.861877523553163,8400,32568,328,654,36,4365,13,1072,20,13
"1115","2020-05-03",414,13,259,1035,5944,0.861877523553163,8400,32568,328,654,51,4416,17,1089,27,17
"1116","2020-05-04",407,13,261,966,5944,0.861877523553163,8400,32568,328,654,55,4471,8,1097,39,8
"1117","2020-05-05",379,13,243,879,5944,0.861877523553163,8400,32568,328,654,62,4533,12,1109,37,12
"1118","2020-05-06",355,13,229,844,5944,0.861877523553163,8400,32568,328,654,39,4572,5,1114,26,5
"1119","2020-05-07",330,13,218,786,5944,0.861877523553163,8400,32568,328,654,45,4617,13,1127,31,13
"1120","2020-05-08",278,13,209,740,5944,0.861877523553163,8400,32568,328,654,42,4659,12,1139,23,12
"1121","2020-05-09",264,13,201,688,5944,0.861877523553163,8400,32568,328,654,43,4702,25,1164,23,25
"1122","2020-05-10",238,13,188,634,5944,0.861877523553163,8400,32568,328,654,42,4744,20,1184,21,20
"1123","2020-05-11",214,13,187,574,5944,0.861877523553163,8400,32568,328,654,32,4776,20,1204,20,20
"1124","2020-05-12",200,13,201,527,5944,0.861877523553163,8400,32568,328,654,45,4821,26,1230,33,26
"1125","2020-05-13",191,13,209,498,5944,0.861877523553163,8400,32568,328,654,41,4862,19,1249,24,19
"1126","2020-05-14",183,13,220,451,5944,0.861877523553163,8400,32568,328,654,31,4893,28,1277,22,28
"1127","2020-05-15",174,13,236,432,5944,0.861877523553163,8400,32568,328,654,27,4920,22,1299,19,22
"1128","2020-05-16",154,13,234,399,5944,0.861877523553163,8400,32568,328,654,24,4944,15,1314,13,15
"1129","2020-05-17",157,13,240,372,5944,0.861877523553163,8400,32568,328,654,33,4977,27,1341,16,27
"1130","2020-05-18",155,13,267,350,5944,0.861877523553163,8400,32568,328,654,23,5000,24,1365,8,24
"1131","2020-05-19",140,13,261,315,5944,0.861877523553163,8400,32568,328,654,22,5022,20,1385,15,20
"1132","2020-05-20",132,13,264,279,5944,0.861877523553163,8400,32568,328,654,23,5045,12,1397,10,12
"1133","2020-05-21",121,13,264,260,5944,0.861877523553163,8400,32568,328,654,25,5070,11,1408,11,11
"1134","2020-05-22",106,13,254,239,5944,0.861877523553163,8400,32568,328,654,25,5095,29,1437,15,29
"1135","2020-05-23",100,13,248,212,5944,0.861877523553163,8400,32568,328,654,18,5113,26,1463,11,26
"1136","2020-05-24",76,13,243,187,5944,0.861877523553163,8400,32568,328,654,18,5131,11,1474,8,11
"1137","2020-05-25",62,13,228,182,5944,0.861877523553163,8400,32568,328,654,23,5154,35,1509,15,35
"1138","2020-05-26",61,13,217,166,5944,0.861877523553163,8400,32568,328,654,16,5170,13,1522,11,13
"1139","2020-05-27",56,13,201,157,5944,0.861877523553163,8400,32568,328,654,20,5190,20,1542,14,20
"1140","2020-05-28",50,13,195,144,5944,0.861877523553163,8400,32568,328,654,22,5212,13,1555,11,13
"1141","2020-05-29",49,13,188,135,5944,0.861877523553163,8400,32568,328,654,15,5227,20,1575,10,20
"1142","2020-05-30",50,13,183,133,5944,0.861877523553163,8400,32568,328,654,20,5247,8,1583,13,8
"1143","2020-05-31",52,13,215,121,5944,0.861877523553163,8400,32568,328,654,22,5269,13,1596,10,13
"1144","2020-06-01",51,13,205,119,5944,0.861877523553163,8400,32568,328,654,14,5283,33,1629,7,33
"1145","2020-06-02",48,13,197,112,5944,0.861877523553163,8400,32568,328,654,6,5289,10,1639,4,10
"1146","2020-06-03",44,13,199,116,5944,0.861877523553163,8400,32568,328,654,22,5311,18,1657,12,18
"1147","2020-06-04",45,13,193,109,5944,0.861877523553163,8400,32568,328,654,10,5321,22,1679,2,22
"1148","2020-06-05",38,13,204,102,5944,0.861877523553163,8400,32568,328,654,17,5338,13,1692,9,13
"1149","2020-06-06",40,13,214,89,5944,0.861877523553163,8400,32568,328,654,8,5346,9,1701,6,9
"1150","2020-06-07",34,13,193,86,5944,0.861877523553163,8400,32568,328,654,16,5362,19,1720,8,19
"1151","2020-03-12",1,14,28,20,6237,0.865319865319865,8205,32888,330,949,35,49,36,62,15,36
"1152","2020-03-13",2,14,35,36,6237,0.865319865319865,8205,32888,330,949,24,73,23,85,10,23
"1153","2020-03-14",6,14,42,49,6237,0.865319865319865,8205,32888,330,949,35,108,7,92,20,7
"1154","2020-03-15",9,14,47,74,6237,0.865319865319865,8205,32888,330,949,36,144,2,94,18,2
"1155","2020-03-16",9,14,68,102,6237,0.865319865319865,8205,32888,330,949,43,187,4,98,25,4
"1156","2020-03-17",10,14,80,132,6237,0.865319865319865,8205,32888,330,949,51,238,5,103,27,5
"1157","2020-03-18",14,14,85,170,6237,0.865319865319865,8205,32888,330,949,45,283,3,106,26,3
"1158","2020-03-19",17,14,95,203,6237,0.865319865319865,8205,32888,330,949,63,346,1,107,43,1
"1159","2020-03-20",26,14,105,246,6237,0.865319865319865,8205,32888,330,949,53,399,1,108,42,1
"1160","2020-03-21",40,14,98,304,6237,0.865319865319865,8205,32888,330,949,65,464,4,112,52,4
"1161","2020-03-22",55,14,134,355,6237,0.865319865319865,8205,32888,330,949,69,533,28,140,45,28
"1162","2020-03-23",67,14,147,399,6237,0.865319865319865,8205,32888,330,949,68,601,45,185,50,45
"1163","2020-03-24",73,14,150,465,6237,0.865319865319865,8205,32888,330,949,86,687,47,232,59,47
"1164","2020-03-25",93,14,176,527,6237,0.865319865319865,8205,32888,330,949,77,764,15,247,62,15
"1165","2020-03-26",117,14,206,584,6237,0.865319865319865,8205,32888,330,949,109,873,19,266,75,19
"1166","2020-03-27",167,14,204,654,6237,0.865319865319865,8205,32888,330,949,97,970,29,295,74,29
"1167","2020-03-28",179,14,198,752,6237,0.865319865319865,8205,32888,330,949,92,1062,43,338,68,43
"1168","2020-03-29",199,14,192,841,6237,0.865319865319865,8205,32888,330,949,106,1168,22,360,78,22
"1169","2020-03-30",213,14,211,951,6237,0.865319865319865,8205,32888,330,949,87,1255,25,385,71,25
"1170","2020-03-31",228,14,228,1039,6237,0.865319865319865,8205,32888,330,949,99,1354,42,427,80,42
"1171","2020-04-01",238,14,226,1114,6237,0.865319865319865,8205,32888,330,949,83,1437,11,438,61,11
"1172","2020-04-02",250,14,230,1192,6237,0.865319865319865,8205,32888,330,949,92,1529,15,453,74,15
"1173","2020-04-03",317,14,232,1308,6237,0.865319865319865,8205,32888,330,949,107,1636,10,463,89,10
"1174","2020-04-04",339,14,239,1396,6237,0.865319865319865,8205,32888,330,949,85,1721,9,472,71,9
"1175","2020-04-05",399,14,223,1484,6237,0.865319865319865,8205,32888,330,949,114,1835,19,491,86,19
"1176","2020-04-06",412,14,243,1529,6237,0.865319865319865,8205,32888,330,949,82,1917,41,532,73,41
"1177","2020-04-07",416,14,244,1641,6237,0.865319865319865,8205,32888,330,949,95,2012,24,556,75,24
"1178","2020-04-08",435,14,227,1666,6237,0.865319865319865,8205,32888,330,949,90,2102,27,583,73,27
"1179","2020-04-09",467,14,206,1701,6237,0.865319865319865,8205,32888,330,949,109,2211,32,615,87,32
"1180","2020-04-10",593,14,212,1722,6237,0.865319865319865,8205,32888,330,949,112,2323,23,638,82,23
"1181","2020-04-11",627,14,225,1767,6237,0.865319865319865,8205,32888,330,949,89,2412,15,653,70,15
"1182","2020-04-12",556,14,224,1778,6237,0.865319865319865,8205,32888,330,949,96,2508,55,708,74,55
"1183","2020-04-13",554,14,201,1791,6237,0.865319865319865,8205,32888,330,949,94,2602,47,755,78,47
"1184","2020-04-14",553,14,178,1781,6237,0.865319865319865,8205,32888,330,949,116,2718,39,794,92,39
"1185","2020-04-15",559,14,155,1792,6237,0.865319865319865,8205,32888,330,949,92,2810,33,827,68,33
"1186","2020-04-16",555,14,162,1764,6237,0.865319865319865,8205,32888,330,949,89,2899,14,841,66,14
"1187","2020-04-17",605,14,164,1709,6237,0.865319865319865,8205,32888,330,949,95,2994,7,848,73,7
"1188","2020-04-18",613,14,150,1690,6237,0.865319865319865,8205,32888,330,949,57,3051,20,868,49,20
"1189","2020-04-19",561,14,142,1624,6237,0.865319865319865,8205,32888,330,949,87,3138,12,880,72,12
"1190","2020-04-20",566,14,152,1584,6237,0.865319865319865,8205,32888,330,949,65,3203,7,887,47,7
"1191","2020-04-21",562,14,172,1527,6237,0.865319865319865,8205,32888,330,949,80,3283,7,894,59,7
"1192","2020-04-22",560,14,185,1474,6237,0.865319865319865,8205,32888,330,949,80,3363,4,898,60,4
"1193","2020-04-23",543,14,182,1382,6237,0.865319865319865,8205,32888,330,949,57,3420,13,911,41,13
"1194","2020-04-24",479,14,189,1327,6237,0.865319865319865,8205,32888,330,949,60,3480,38,949,43,38
"1195","2020-04-25",461,14,175,1253,6237,0.865319865319865,8205,32888,330,949,81,3561,46,995,60,46
"1196","2020-04-26",407,14,179,1173,6237,0.865319865319865,8205,32888,330,949,67,3628,33,1028,50,33
"1197","2020-04-27",391,14,185,1118,6237,0.865319865319865,8205,32888,330,949,81,3709,15,1043,62,15
"1198","2020-04-28",378,14,179,1050,6237,0.865319865319865,8205,32888,330,949,58,3767,17,1060,42,17
"1199","2020-04-29",353,14,166,1026,6237,0.865319865319865,8205,32888,330,949,60,3827,11,1071,41,11
"1200","2020-04-30",342,14,172,958,6237,0.865319865319865,8205,32888,330,949,64,3891,9,1080,45,9
"1201","2020-05-01",346,14,208,910,6237,0.865319865319865,8205,32888,330,949,61,3952,17,1097,44,17
"1202","2020-05-02",346,14,223,845,6237,0.865319865319865,8205,32888,330,949,57,4009,62,1159,46,62
"1203","2020-05-03",342,14,207,793,6237,0.865319865319865,8205,32888,330,949,49,4058,66,1225,33,66
"1204","2020-05-04",319,14,208,731,6237,0.865319865319865,8205,32888,330,949,71,4129,75,1300,51,75
"1205","2020-05-05",293,14,201,681,6237,0.865319865319865,8205,32888,330,949,60,4189,32,1332,39,32
"1206","2020-05-06",285,14,190,640,6237,0.865319865319865,8205,32888,330,949,49,4238,39,1371,30,39
"1207","2020-05-07",268,14,193,592,6237,0.865319865319865,8205,32888,330,949,57,4295,34,1405,37,34
"1208","2020-05-08",259,14,231,547,6237,0.865319865319865,8205,32888,330,949,50,4345,43,1448,38,43
"1209","2020-05-09",229,14,264,510,6237,0.865319865319865,8205,32888,330,949,61,4406,23,1471,44,23
"1210","2020-05-10",185,14,247,473,6237,0.865319865319865,8205,32888,330,949,54,4460,8,1479,34,8
"1211","2020-05-11",172,14,250,452,6237,0.865319865319865,8205,32888,330,949,61,4521,8,1487,42,8
"1212","2020-05-12",167,14,253,404,6237,0.865319865319865,8205,32888,330,949,35,4556,8,1495,19,8
"1213","2020-05-13",158,14,239,376,6237,0.865319865319865,8205,32888,330,949,41,4597,4,1499,27,4
"1214","2020-05-14",144,14,234,358,6237,0.865319865319865,8205,32888,330,949,49,4646,4,1503,34,4
"1215","2020-05-15",119,14,232,333,6237,0.865319865319865,8205,32888,330,949,33,4679,12,1515,22,12
"1216","2020-05-16",107,14,239,313,6237,0.865319865319865,8205,32888,330,949,41,4720,46,1561,29,46
"1217","2020-05-17",99,14,242,297,6237,0.865319865319865,8205,32888,330,949,30,4750,36,1597,21,36
"1218","2020-05-18",93,14,248,292,6237,0.865319865319865,8205,32888,330,949,32,4782,44,1641,25,44
"1219","2020-05-19",88,14,240,282,6237,0.865319865319865,8205,32888,330,949,33,4815,25,1666,23,25
"1220","2020-05-20",82,14,230,274,6237,0.865319865319865,8205,32888,330,949,23,4838,10,1676,17,10
"1221","2020-05-21",82,14,212,261,6237,0.865319865319865,8205,32888,330,949,40,4878,18,1694,32,18
"1222","2020-05-22",80,14,186,251,6237,0.865319865319865,8205,32888,330,949,28,4906,18,1712,17,18
"1223","2020-05-23",82,14,212,239,6237,0.865319865319865,8205,32888,330,949,38,4944,9,1721,31,9
"1224","2020-05-24",71,14,223,217,6237,0.865319865319865,8205,32888,330,949,38,4982,30,1751,27,30
"1225","2020-05-25",70,14,234,207,6237,0.865319865319865,8205,32888,330,949,16,4998,33,1784,11,33
"1226","2020-05-26",70,14,236,193,6237,0.865319865319865,8205,32888,330,949,22,5020,21,1805,14,21
"1227","2020-05-27",68,14,232,182,6237,0.865319865319865,8205,32888,330,949,20,5040,8,1813,17,8
"1228","2020-05-28",68,14,245,173,6237,0.865319865319865,8205,32888,330,949,15,5055,7,1820,9,7
"1229","2020-05-29",64,14,251,160,6237,0.865319865319865,8205,32888,330,949,22,5077,2,1822,19,2
"1230","2020-05-30",64,14,246,145,6237,0.865319865319865,8205,32888,330,949,20,5097,6,1828,16,6
"1231","2020-05-31",62,14,255,132,6237,0.865319865319865,8205,32888,330,949,13,5110,38,1866,10,38
"1232","2020-06-01",58,14,237,129,6237,0.865319865319865,8205,32888,330,949,18,5128,15,1881,11,15
"1233","2020-06-02",50,14,240,125,6237,0.865319865319865,8205,32888,330,949,15,5143,28,1909,11,28
"1234","2020-06-03",46,14,253,120,6237,0.865319865319865,8205,32888,330,949,15,5158,34,1943,11,34
"1235","2020-06-04",43,14,237,116,6237,0.865319865319865,8205,32888,330,949,18,5176,20,1963,15,20
"1236","2020-06-05",42,14,214,100,6237,0.865319865319865,8205,32888,330,949,13,5189,18,1981,10,18
"1237","2020-06-06",36,14,195,98,6237,0.865319865319865,8205,32888,330,949,13,5202,34,2015,11,34
"1238","2020-06-07",35,14,192,92,6237,0.865319865319865,8205,32888,330,949,9,5211,24,2039,6,24
"1239","2020-03-13",1,15,144,141,6429,0.507699486700887,8355,36041,343,1437,41,134,17,54,5,17
"1240","2020-03-14",17,15,197,202,6429,0.507699486700887,8355,36041,343,1437,50,184,8,62,8,8
"1241","2020-03-15",33,15,201,266,6429,0.507699486700887,8355,36041,343,1437,46,230,5,67,9,5
"1242","2020-03-16",43,15,187,339,6429,0.507699486700887,8355,36041,343,1437,69,299,9,76,15,9
"1243","2020-03-17",49,15,191,406,6429,0.507699486700887,8355,36041,343,1437,53,352,1,77,13,1
"1244","2020-03-18",63,15,174,479,6429,0.507699486700887,8355,36041,343,1437,68,420,3,80,26,3
"1245","2020-03-19",79,15,164,541,6429,0.507699486700887,8355,36041,343,1437,65,485,12,92,26,12
"1246","2020-03-20",106,15,175,600,6429,0.507699486700887,8355,36041,343,1437,63,548,8,100,23,8
"1247","2020-03-21",131,15,192,674,6429,0.507699486700887,8355,36041,343,1437,82,630,3,103,38,3
"1248","2020-03-22",190,15,184,743,6429,0.507699486700887,8355,36041,343,1437,88,718,7,110,44,7
"1249","2020-03-23",206,15,210,802,6429,0.507699486700887,8355,36041,343,1437,98,816,10,120,41,10
"1250","2020-03-24",207,15,204,852,6429,0.507699486700887,8355,36041,343,1437,70,886,10,130,42,10
"1251","2020-03-25",227,15,216,890,6429,0.507699486700887,8355,36041,343,1437,88,974,19,149,41,19
"1252","2020-03-26",251,15,223,934,6429,0.507699486700887,8355,36041,343,1437,78,1052,14,163,44,14
"1253","2020-03-27",328,15,237,957,6429,0.507699486700887,8355,36041,343,1437,105,1157,21,184,54,21
"1254","2020-03-28",332,15,234,988,6429,0.507699486700887,8355,36041,343,1437,107,1264,28,212,58,28
"1255","2020-03-29",305,15,201,1033,6429,0.507699486700887,8355,36041,343,1437,81,1345,16,228,41,16
"1256","2020-03-30",307,15,175,1040,6429,0.507699486700887,8355,36041,343,1437,100,1445,9,237,50,9
"1257","2020-03-31",309,15,157,1063,6429,0.507699486700887,8355,36041,343,1437,89,1534,7,244,46,7
"1258","2020-04-01",315,15,149,1079,6429,0.507699486700887,8355,36041,343,1437,104,1638,18,262,50,18
"1259","2020-04-02",310,15,164,1105,6429,0.507699486700887,8355,36041,343,1437,106,1744,17,279,50,17
"1260","2020-04-03",341,15,172,1122,6429,0.507699486700887,8355,36041,343,1437,99,1843,24,303,63,24
"1261","2020-04-04",354,15,147,1104,6429,0.507699486700887,8355,36041,343,1437,103,1946,22,325,51,22
"1262","2020-04-05",342,15,155,1113,6429,0.507699486700887,8355,36041,343,1437,89,2035,9,334,58,9
"1263","2020-04-06",343,15,177,1118,6429,0.507699486700887,8355,36041,343,1437,97,2132,10,344,47,10
"1264","2020-04-07",345,15,179,1141,6429,0.507699486700887,8355,36041,343,1437,99,2231,31,375,58,31
"1265","2020-04-08",340,15,229,1165,6429,0.507699486700887,8355,36041,343,1437,86,2317,21,396,46,21
"1266","2020-04-09",352,15,240,1179,6429,0.507699486700887,8355,36041,343,1437,84,2401,21,417,43,21
"1267","2020-04-10",380,15,229,1175,6429,0.507699486700887,8355,36041,343,1437,107,2508,28,445,53,28
"1268","2020-04-11",370,15,223,1181,6429,0.507699486700887,8355,36041,343,1437,90,2598,22,467,46,22
"1269","2020-04-12",370,15,267,1161,6429,0.507699486700887,8355,36041,343,1437,84,2682,17,484,49,17
"1270","2020-04-13",368,15,300,1168,6429,0.507699486700887,8355,36041,343,1437,84,2766,27,511,41,27
"1271","2020-04-14",350,15,303,1173,6429,0.507699486700887,8355,36041,343,1437,86,2852,37,548,40,37
"1272","2020-04-15",349,15,286,1175,6429,0.507699486700887,8355,36041,343,1437,88,2940,39,587,47,39
"1273","2020-04-16",345,15,273,1148,6429,0.507699486700887,8355,36041,343,1437,97,3037,22,609,49,22
"1274","2020-04-17",366,15,283,1114,6429,0.507699486700887,8355,36041,343,1437,71,3108,40,649,39,40
"1275","2020-04-18",381,15,271,1094,6429,0.507699486700887,8355,36041,343,1437,89,3197,23,672,44,23
"1276","2020-04-19",340,15,246,1111,6429,0.507699486700887,8355,36041,343,1437,89,3286,22,694,44,22
"1277","2020-04-20",335,15,259,1094,6429,0.507699486700887,8355,36041,343,1437,80,3366,31,725,38,31
"1278","2020-04-21",332,15,223,1110,6429,0.507699486700887,8355,36041,343,1437,74,3440,19,744,38,19
"1279","2020-04-22",339,15,206,1081,6429,0.507699486700887,8355,36041,343,1437,82,3522,7,751,38,7
"1280","2020-04-23",336,15,205,1038,6429,0.507699486700887,8355,36041,343,1437,78,3600,9,760,35,9
"1281","2020-04-24",345,15,250,1013,6429,0.507699486700887,8355,36041,343,1437,63,3663,32,792,27,32
"1282","2020-04-25",352,15,240,992,6429,0.507699486700887,8355,36041,343,1437,62,3725,17,809,26,17
"1283","2020-04-26",333,15,284,961,6429,0.507699486700887,8355,36041,343,1437,72,3797,22,831,37,22
"1284","2020-04-27",334,15,319,954,6429,0.507699486700887,8355,36041,343,1437,60,3857,20,851,29,20
"1285","2020-04-28",333,15,316,937,6429,0.507699486700887,8355,36041,343,1437,52,3909,21,872,14,21
"1286","2020-04-29",321,15,316,921,6429,0.507699486700887,8355,36041,343,1437,62,3971,14,886,31,14
"1287","2020-04-30",301,15,291,890,6429,0.507699486700887,8355,36041,343,1437,65,4036,29,915,30,29
"1288","2020-05-01",304,15,244,866,6429,0.507699486700887,8355,36041,343,1437,58,4094,30,945,26,30
"1289","2020-05-02",292,15,225,839,6429,0.507699486700887,8355,36041,343,1437,53,4147,15,960,20,15
"1290","2020-05-03",273,15,201,797,6429,0.507699486700887,8355,36041,343,1437,53,4200,20,980,16,20
"1291","2020-05-04",253,15,183,761,6429,0.507699486700887,8355,36041,343,1437,53,4253,31,1011,24,31
"1292","2020-05-05",248,15,216,724,6429,0.507699486700887,8355,36041,343,1437,58,4311,16,1027,25,16
"1293","2020-05-06",238,15,219,678,6429,0.507699486700887,8355,36041,343,1437,59,4370,12,1039,27,12
"1294","2020-05-07",242,15,232,666,6429,0.507699486700887,8355,36041,343,1437,46,4416,25,1064,15,25
"1295","2020-05-08",243,15,277,651,6429,0.507699486700887,8355,36041,343,1437,54,4470,39,1103,20,39
"1296","2020-05-09",225,15,272,649,6429,0.507699486700887,8355,36041,343,1437,58,4528,36,1139,23,36
"1297","2020-05-10",208,15,228,636,6429,0.507699486700887,8355,36041,343,1437,40,4568,22,1161,20,22
"1298","2020-05-11",202,15,217,615,6429,0.507699486700887,8355,36041,343,1437,44,4612,16,1177,13,16
"1299","2020-05-12",185,15,248,609,6429,0.507699486700887,8355,36041,343,1437,44,4656,14,1191,14,14
"1300","2020-05-13",185,15,289,591,6429,0.507699486700887,8355,36041,343,1437,41,4697,29,1220,13,29
"1301","2020-05-14",182,15,335,558,6429,0.507699486700887,8355,36041,343,1437,47,4744,17,1237,23,17
"1302","2020-05-15",175,15,335,534,6429,0.507699486700887,8355,36041,343,1437,38,4782,37,1274,9,37
"1303","2020-05-16",175,15,288,516,6429,0.507699486700887,8355,36041,343,1437,35,4817,29,1303,9,29
"1304","2020-05-17",172,15,245,507,6429,0.507699486700887,8355,36041,343,1437,37,4854,27,1330,8,27
"1305","2020-05-18",165,15,266,480,6429,0.507699486700887,8355,36041,343,1437,40,4894,11,1341,12,11
"1306","2020-05-19",161,15,257,477,6429,0.507699486700887,8355,36041,343,1437,32,4926,20,1361,8,20
"1307","2020-05-20",160,15,244,455,6429,0.507699486700887,8355,36041,343,1437,40,4966,10,1371,22,10
"1308","2020-05-21",162,15,239,450,6429,0.507699486700887,8355,36041,343,1437,36,5002,11,1382,12,11
"1309","2020-05-22",158,15,257,440,6429,0.507699486700887,8355,36041,343,1437,29,5031,21,1403,12,21
"1310","2020-05-23",156,15,247,423,6429,0.507699486700887,8355,36041,343,1437,29,5060,29,1432,10,29
"1311","2020-05-24",131,15,219,403,6429,0.507699486700887,8355,36041,343,1437,29,5089,15,1447,8,15
"1312","2020-05-25",130,15,215,401,6429,0.507699486700887,8355,36041,343,1437,22,5111,12,1459,8,12
"1313","2020-05-26",128,15,246,383,6429,0.507699486700887,8355,36041,343,1437,28,5139,10,1469,7,10
"1314","2020-05-27",121,15,241,356,6429,0.507699486700887,8355,36041,343,1437,24,5163,17,1486,7,17
"1315","2020-05-28",112,15,236,351,6429,0.507699486700887,8355,36041,343,1437,22,5185,10,1496,7,10
"1316","2020-05-29",105,15,248,343,6429,0.507699486700887,8355,36041,343,1437,15,5200,17,1513,7,17
"1317","2020-05-30",109,15,232,321,6429,0.507699486700887,8355,36041,343,1437,25,5225,14,1527,4,14
"1318","2020-05-31",117,15,224,295,6429,0.507699486700887,8355,36041,343,1437,19,5244,20,1547,4,20
"1319","2020-06-01",112,15,208,277,6429,0.507699486700887,8355,36041,343,1437,32,5276,18,1565,12,18
"1320","2020-06-02",94,15,201,261,6429,0.507699486700887,8355,36041,343,1437,21,5297,9,1574,8,9
"1321","2020-06-03",91,15,189,255,6429,0.507699486700887,8355,36041,343,1437,18,5315,21,1595,5,21
"1322","2020-06-04",84,15,221,244,6429,0.507699486700887,8355,36041,343,1437,10,5325,7,1602,4,7
"1323","2020-06-05",89,15,213,225,6429,0.507699486700887,8355,36041,343,1437,10,5335,19,1621,4,19
"1324","2020-06-06",89,15,224,214,6429,0.507699486700887,8355,36041,343,1437,12,5347,13,1634,3,13
"1325","2020-06-07",72,15,217,212,6429,0.507699486700887,8355,36041,343,1437,13,5360,6,1640,4,6
"1326","2020-03-13",2,16,52,58,6066,0.846027035938015,8235,32452,388,993,38,109,25,62,9,25
"1327","2020-03-14",7,16,79,80,6066,0.846027035938015,8235,32452,388,993,39,148,24,86,7,24
"1328","2020-03-15",19,16,113,107,6066,0.846027035938015,8235,32452,388,993,42,190,15,101,11,15
"1329","2020-03-16",18,16,130,122,6066,0.846027035938015,8235,32452,388,993,43,233,25,126,18,25
"1330","2020-03-17",17,16,142,167,6066,0.846027035938015,8235,32452,388,993,45,278,21,147,17,21
"1331","2020-03-18",17,16,152,193,6066,0.846027035938015,8235,32452,388,993,76,354,19,166,45,19
"1332","2020-03-19",22,16,188,241,6066,0.846027035938015,8235,32452,388,993,72,426,44,210,41,44
"1333","2020-03-20",46,16,207,283,6066,0.846027035938015,8235,32452,388,993,78,504,39,249,34,39
"1334","2020-03-21",66,16,196,333,6066,0.846027035938015,8235,32452,388,993,70,574,60,309,44,60
"1335","2020-03-22",68,16,176,377,6066,0.846027035938015,8235,32452,388,993,74,648,69,378,55,69
"1336","2020-03-23",80,16,164,422,6066,0.846027035938015,8235,32452,388,993,88,736,61,439,54,61
"1337","2020-03-24",91,16,146,490,6066,0.846027035938015,8235,32452,388,993,80,816,42,481,60,42
"1338","2020-03-25",111,16,137,537,6066,0.846027035938015,8235,32452,388,993,89,905,54,535,67,54
"1339","2020-03-26",134,16,159,599,6066,0.846027035938015,8235,32452,388,993,80,985,48,583,61,48
"1340","2020-03-27",174,16,183,663,6066,0.846027035938015,8235,32452,388,993,87,1072,63,646,61,63
"1341","2020-03-28",199,16,172,719,6066,0.846027035938015,8235,32452,388,993,105,1177,41,687,76,41
"1342","2020-03-29",214,16,204,790,6066,0.846027035938015,8235,32452,388,993,97,1274,42,729,66,42
"1343","2020-03-30",216,16,234,885,6066,0.846027035938015,8235,32452,388,993,120,1394,37,766,86,37
"1344","2020-03-31",225,16,242,944,6066,0.846027035938015,8235,32452,388,993,120,1514,52,818,81,52
"1345","2020-04-01",240,16,225,1007,6066,0.846027035938015,8235,32452,388,993,136,1650,57,875,88,57
"1346","2020-04-02",245,16,217,1092,6066,0.846027035938015,8235,32452,388,993,133,1783,60,935,92,60
"1347","2020-04-03",327,16,219,1176,6066,0.846027035938015,8235,32452,388,993,138,1921,42,977,98,42
"1348","2020-04-04",354,16,230,1235,6066,0.846027035938015,8235,32452,388,993,119,2040,26,1003,95,26
"1349","2020-04-05",354,16,224,1326,6066,0.846027035938015,8235,32452,388,993,114,2154,29,1032,82,29
"1350","2020-04-06",361,16,212,1398,6066,0.846027035938015,8235,32452,388,993,168,2322,26,1058,130,26
"1351","2020-04-07",385,16,234,1516,6066,0.846027035938015,8235,32452,388,993,106,2428,44,1102,65,44
"1352","2020-04-08",412,16,250,1575,6066,0.846027035938015,8235,32452,388,993,129,2557,53,1155,108,53
"1353","2020-04-09",442,16,278,1655,6066,0.846027035938015,8235,32452,388,993,99,2656,45,1200,70,45
"1354","2020-04-10",537,16,275,1718,6066,0.846027035938015,8235,32452,388,993,135,2791,44,1244,98,44
"1355","2020-04-11",554,16,265,1750,6066,0.846027035938015,8235,32452,388,993,124,2915,24,1268,97,24
"1356","2020-04-12",548,16,249,1742,6066,0.846027035938015,8235,32452,388,993,116,3031,55,1323,82,55
"1357","2020-04-13",560,16,264,1825,6066,0.846027035938015,8235,32452,388,993,108,3139,43,1366,78,43
"1358","2020-04-14",553,16,262,1795,6066,0.846027035938015,8235,32452,388,993,80,3219,42,1408,57,42
"1359","2020-04-15",559,16,238,1793,6066,0.846027035938015,8235,32452,388,993,105,3324,30,1438,72,30
"1360","2020-04-16",567,16,232,1809,6066,0.846027035938015,8235,32452,388,993,114,3438,57,1495,85,57
"1361","2020-04-17",644,16,218,1789,6066,0.846027035938015,8235,32452,388,993,105,3543,54,1549,74,54
"1362","2020-04-18",634,16,206,1779,6066,0.846027035938015,8235,32452,388,993,103,3646,60,1609,69,60
"1363","2020-04-19",570,16,231,1741,6066,0.846027035938015,8235,32452,388,993,91,3737,54,1663,51,54
"1364","2020-04-20",576,16,224,1697,6066,0.846027035938015,8235,32452,388,993,95,3832,33,1696,67,33
"1365","2020-04-21",575,16,234,1601,6066,0.846027035938015,8235,32452,388,993,83,3915,46,1742,54,46
"1366","2020-04-22",559,16,217,1521,6066,0.846027035938015,8235,32452,388,993,100,4015,39,1781,75,39
"1367","2020-04-23",544,16,202,1479,6066,0.846027035938015,8235,32452,388,993,90,4105,60,1841,66,60
"1368","2020-04-24",523,16,208,1431,6066,0.846027035938015,8235,32452,388,993,66,4171,58,1899,37,58
"1369","2020-04-25",525,16,208,1349,6066,0.846027035938015,8235,32452,388,993,86,4257,35,1934,64,35
"1370","2020-04-26",484,16,205,1300,6066,0.846027035938015,8235,32452,388,993,57,4314,45,1979,39,45
"1371","2020-04-27",474,16,199,1222,6066,0.846027035938015,8235,32452,388,993,61,4375,38,2017,37,38
"1372","2020-04-28",449,16,197,1142,6066,0.846027035938015,8235,32452,388,993,72,4447,43,2060,49,43
"1373","2020-04-29",447,16,200,1059,6066,0.846027035938015,8235,32452,388,993,61,4508,34,2094,38,34
"1374","2020-04-30",428,16,187,975,6066,0.846027035938015,8235,32452,388,993,41,4549,30,2124,17,30
"1375","2020-05-01",397,16,178,908,6066,0.846027035938015,8235,32452,388,993,58,4607,39,2163,33,39
"1376","2020-05-02",387,16,170,828,6066,0.846027035938015,8235,32452,388,993,69,4676,50,2213,36,50
"1377","2020-05-03",344,16,216,767,6066,0.846027035938015,8235,32452,388,993,55,4731,45,2258,34,45
"1378","2020-05-04",311,16,235,706,6066,0.846027035938015,8235,32452,388,993,54,4785,37,2295,33,37
"1379","2020-05-05",297,16,247,653,6066,0.846027035938015,8235,32452,388,993,34,4819,28,2323,17,28
"1380","2020-05-06",273,16,273,627,6066,0.846027035938015,8235,32452,388,993,49,4868,43,2366,23,43
"1381","2020-05-07",257,16,244,565,6066,0.846027035938015,8235,32452,388,993,44,4912,30,2396,25,30
"1382","2020-05-08",224,16,215,508,6066,0.846027035938015,8235,32452,388,993,31,4943,67,2463,12,67
"1383","2020-05-09",199,16,244,463,6066,0.846027035938015,8235,32452,388,993,38,4981,54,2517,18,54
"1384","2020-05-10",204,16,244,417,6066,0.846027035938015,8235,32452,388,993,32,5013,45,2562,15,45
"1385","2020-05-11",190,16,228,387,6066,0.846027035938015,8235,32452,388,993,34,5047,65,2627,18,65
"1386","2020-05-12",173,16,234,357,6066,0.846027035938015,8235,32452,388,993,43,5090,34,2661,21,34
"1387","2020-05-13",155,16,224,334,6066,0.846027035938015,8235,32452,388,993,42,5132,37,2698,21,37
"1388","2020-05-14",144,16,233,306,6066,0.846027035938015,8235,32452,388,993,35,5167,35,2733,23,35
"1389","2020-05-15",132,16,217,288,6066,0.846027035938015,8235,32452,388,993,29,5196,41,2774,15,41
"1390","2020-05-16",130,16,217,264,6066,0.846027035938015,8235,32452,388,993,20,5216,35,2809,6,35
"1391","2020-05-17",97,16,206,242,6066,0.846027035938015,8235,32452,388,993,29,5245,22,2831,14,22
"1392","2020-05-18",87,16,192,219,6066,0.846027035938015,8235,32452,388,993,30,5275,30,2861,10,30
"1393","2020-05-19",76,16,185,198,6066,0.846027035938015,8235,32452,388,993,30,5305,33,2894,10,33
"1394","2020-05-20",76,16,180,188,6066,0.846027035938015,8235,32452,388,993,27,5332,52,2946,14,52
"1395","2020-05-21",75,16,177,183,6066,0.846027035938015,8235,32452,388,993,17,5349,45,2991,9,45
"1396","2020-05-22",59,16,162,177,6066,0.846027035938015,8235,32452,388,993,18,5367,34,3025,10,34
"1397","2020-05-23",56,16,159,163,6066,0.846027035938015,8235,32452,388,993,24,5391,41,3066,13,41
"1398","2020-05-24",55,16,158,150,6066,0.846027035938015,8235,32452,388,993,13,5404,32,3098,10,32
"1399","2020-05-25",51,16,132,144,6066,0.846027035938015,8235,32452,388,993,19,5423,29,3127,12,29
"1400","2020-05-26",52,16,160,139,6066,0.846027035938015,8235,32452,388,993,24,5447,30,3157,10,30
"1401","2020-05-27",47,16,165,139,6066,0.846027035938015,8235,32452,388,993,12,5459,25,3182,4,25
"1402","2020-05-28",43,16,166,123,6066,0.846027035938015,8235,32452,388,993,23,5482,29,3211,13,29
"1403","2020-05-29",47,16,176,115,6066,0.846027035938015,8235,32452,388,993,18,5500,55,3266,5,55
"1404","2020-05-30",49,16,197,106,6066,0.846027035938015,8235,32452,388,993,16,5516,38,3304,9,38
"1405","2020-05-31",43,16,207,103,6066,0.846027035938015,8235,32452,388,993,20,5536,32,3336,9,32
"1406","2020-06-01",41,16,206,98,6066,0.846027035938015,8235,32452,388,993,16,5552,57,3393,10,57
"1407","2020-06-02",37,16,207,90,6066,0.846027035938015,8235,32452,388,993,13,5565,59,3452,7,59
"1408","2020-06-03",36,16,209,91,6066,0.846027035938015,8235,32452,388,993,15,5580,63,3515,8,63
"1409","2020-06-04",37,16,216,78,6066,0.846027035938015,8235,32452,388,993,19,5599,47,3562,10,47
"1410","2020-06-05",35,16,208,78,6066,0.846027035938015,8235,32452,388,993,9,5608,44,3606,6,44
"1411","2020-06-06",31,16,211,74,6066,0.846027035938015,8235,32452,388,993,13,5621,45,3651,6,45
"1412","2020-06-07",26,16,184,74,6066,0.846027035938015,8235,32452,388,993,3,5624,53,3704,1,53
"1413","2020-03-12",1,17,57,62,5905,0.660457239627434,8250,34422,408,1113,9,14,16,35,4,16
"1414","2020-03-13",4,17,67,103,5905,0.660457239627434,8250,34422,408,1113,15,29,5,40,7,5
"1415","2020-03-14",14,17,95,134,5905,0.660457239627434,8250,34422,408,1113,16,45,9,49,14,9
"1416","2020-03-15",31,17,118,171,5905,0.660457239627434,8250,34422,408,1113,10,55,3,52,6,3
"1417","2020-03-16",34,17,133,219,5905,0.660457239627434,8250,34422,408,1113,21,76,25,77,17,25
"1418","2020-03-17",36,17,139,271,5905,0.660457239627434,8250,34422,408,1113,33,109,16,93,26,16
"1419","2020-03-18",42,17,164,332,5905,0.660457239627434,8250,34422,408,1113,12,121,14,107,8,14
"1420","2020-03-19",53,17,199,386,5905,0.660457239627434,8250,34422,408,1113,34,155,5,112,25,5
"1421","2020-03-20",80,17,190,437,5905,0.660457239627434,8250,34422,408,1113,29,184,17,129,25,17
"1422","2020-03-21",113,17,178,491,5905,0.660457239627434,8250,34422,408,1113,37,221,17,146,33,18
"1423","2020-03-22",125,17,187,558,5905,0.660457239627434,8250,34422,408,1113,38,259,34,180,34,34
"1424","2020-03-23",142,17,176,625,5905,0.660457239627434,8250,34422,408,1113,42,301,18,198,33,18
"1425","2020-03-24",149,17,187,645,5905,0.660457239627434,8250,34422,408,1113,49,350,17,215,41,17
"1426","2020-03-25",176,17,170,693,5905,0.660457239627434,8250,34422,408,1113,60,410,32,247,56,32
"1427","2020-03-26",180,17,161,752,5905,0.660457239627434,8250,34422,408,1113,75,485,36,283,67,36
"1428","2020-03-27",211,17,179,824,5905,0.660457239627434,8250,34422,408,1113,81,566,26,309,75,26
"1429","2020-03-28",200,17,166,898,5905,0.660457239627434,8250,34422,408,1113,110,676,39,348,104,39
"1430","2020-03-29",243,17,141,948,5905,0.660457239627434,8250,34422,408,1113,99,775,25,373,94,25
"1431","2020-03-30",250,17,142,1012,5905,0.660457239627434,8250,34422,408,1113,97,872,29,402,79,29
"1432","2020-03-31",266,17,127,1050,5905,0.660457239627434,8250,34422,408,1113,114,986,9,411,110,9
"1433","2020-04-01",262,17,149,1107,5905,0.660457239627434,8250,34422,408,1113,127,1113,18,429,123,18
"1434","2020-04-02",286,17,161,1144,5905,0.660457239627434,8250,34422,408,1113,150,1263,15,444,142,15
"1435","2020-04-03",379,17,181,1205,5905,0.660457239627434,8250,34422,408,1113,163,1426,14,458,159,14
"1436","2020-04-04",425,17,192,1218,5905,0.660457239627434,8250,34422,408,1113,177,1603,19,477,174,19
"1437","2020-04-05",387,17,213,1257,5905,0.660457239627434,8250,34422,408,1113,194,1797,13,490,186,13
"1438","2020-04-06",386,17,229,1278,5905,0.660457239627434,8250,34422,408,1113,173,1970,43,533,169,43
"1439","2020-04-07",376,17,228,1297,5905,0.660457239627434,8250,34422,408,1113,197,2167,13,546,186,13
"1440","2020-04-08",382,17,237,1299,5905,0.660457239627434,8250,34422,408,1113,146,2313,17,563,141,17
"1441","2020-04-09",398,17,211,1283,5905,0.660457239627434,8250,34422,408,1113,182,2495,16,579,175,16
"1442","2020-04-10",443,17,201,1347,5905,0.660457239627434,8250,34422,408,1113,245,2740,22,601,238,22
"1443","2020-04-11",428,17,190,1354,5905,0.660457239627434,8250,34422,408,1113,158,2898,18,619,157,18
"1444","2020-04-12",409,17,193,1365,5905,0.660457239627434,8250,34422,408,1113,152,3050,44,663,145,44
"1445","2020-04-13",419,17,176,1368,5905,0.660457239627434,8250,34422,408,1113,190,3240,42,705,186,42
"1446","2020-04-14",418,17,189,1382,5905,0.660457239627434,8250,34422,408,1113,166,3406,28,733,164,28
"1447","2020-04-15",438,17,219,1367,5905,0.660457239627434,8250,34422,408,1113,173,3579,30,763,172,30
"1448","2020-04-16",437,17,251,1324,5905,0.660457239627434,8250,34422,408,1113,148,3727,15,778,143,15
"1449","2020-04-17",464,17,233,1309,5905,0.660457239627434,8250,34422,408,1113,156,3883,13,791,149,13
"1450","2020-04-18",481,17,252,1270,5905,0.660457239627434,8250,34422,408,1113,159,4042,20,811,152,20
"1451","2020-04-19",459,17,262,1228,5905,0.660457239627434,8250,34422,408,1113,173,4215,47,858,167,47
"1452","2020-04-20",458,17,265,1194,5905,0.660457239627434,8250,34422,408,1113,126,4341,47,905,126,47
"1453","2020-04-21",465,17,249,1174,5905,0.660457239627434,8250,34422,408,1113,124,4465,46,951,122,46
"1454","2020-04-22",446,17,221,1129,5905,0.660457239627434,8250,34422,408,1113,110,4575,56,1007,108,56
"1455","2020-04-23",433,17,206,1076,5905,0.660457239627434,8250,34422,408,1113,140,4715,36,1043,135,36
"1456","2020-04-24",403,17,189,1067,5905,0.660457239627434,8250,34422,408,1113,95,4810,22,1065,91,22
"1457","2020-04-25",393,17,208,1037,5905,0.660457239627434,8250,34422,408,1113,129,4939,39,1104,125,39
"1458","2020-04-26",371,17,239,978,5905,0.660457239627434,8250,34422,408,1113,89,5028,20,1124,85,20
"1459","2020-04-27",341,17,255,943,5905,0.660457239627434,8250,34422,408,1113,56,5084,21,1145,54,21
"1460","2020-04-28",327,17,243,905,5905,0.660457239627434,8250,34422,408,1113,75,5159,16,1161,72,16
"1461","2020-04-29",315,17,248,873,5905,0.660457239627434,8250,34422,408,1113,83,5242,4,1165,81,4
"1462","2020-04-30",297,17,253,846,5905,0.660457239627434,8250,34422,408,1113,57,5299,13,1178,57,13
"1463","2020-05-01",303,17,256,813,5905,0.660457239627434,8250,34422,408,1113,63,5362,49,1227,62,49
"1464","2020-05-02",284,17,246,777,5905,0.660457239627434,8250,34422,408,1113,58,5420,47,1274,51,47
"1465","2020-05-03",265,17,230,742,5905,0.660457239627434,8250,34422,408,1113,39,5459,44,1318,36,44
"1466","2020-05-04",256,17,263,714,5905,0.660457239627434,8250,34422,408,1113,41,5500,32,1350,37,32
"1467","2020-05-05",237,17,248,686,5905,0.660457239627434,8250,34422,408,1113,41,5541,25,1375,39,25
"1468","2020-05-06",226,17,244,666,5905,0.660457239627434,8250,34422,408,1113,40,5581,15,1390,37,15
"1469","2020-05-07",231,17,229,635,5905,0.660457239627434,8250,34422,408,1113,29,5610,66,1456,27,66
"1470","2020-05-08",210,17,212,594,5905,0.660457239627434,8250,34422,408,1113,29,5639,54,1510,26,54
"1471","2020-05-09",204,17,188,571,5905,0.660457239627434,8250,34422,408,1113,23,5662,14,1524,20,14
"1472","2020-05-10",202,17,219,562,5905,0.660457239627434,8250,34422,408,1113,27,5689,44,1568,25,44
"1473","2020-05-11",206,17,213,549,5905,0.660457239627434,8250,34422,408,1113,31,5720,35,1603,28,35
"1474","2020-05-12",199,17,256,534,5905,0.660457239627434,8250,34422,408,1113,24,5744,53,1656,21,53
"1475","2020-05-13",209,17,264,503,5905,0.660457239627434,8250,34422,408,1113,24,5768,54,1710,22,54
"1476","2020-05-14",201,17,245,488,5905,0.660457239627434,8250,34422,408,1113,21,5789,49,1759,20,49
"1477","2020-05-15",191,17,210,469,5905,0.660457239627434,8250,34422,408,1113,19,5808,15,1774,18,15
"1478","2020-05-16",204,17,219,432,5905,0.660457239627434,8250,34422,408,1113,18,5826,19,1793,16,19
"1479","2020-05-17",176,17,201,407,5905,0.660457239627434,8250,34422,408,1113,16,5842,11,1804,15,11
"1480","2020-05-18",165,17,193,379,5905,0.660457239627434,8250,34422,408,1113,19,5861,15,1819,18,15
"1481","2020-05-19",151,17,181,344,5905,0.660457239627434,8250,34422,408,1113,14,5875,11,1830,11,11
"1482","2020-05-20",142,17,191,314,5905,0.660457239627434,8250,34422,408,1113,13,5888,8,1838,12,8
"1483","2020-05-21",136,17,202,297,5905,0.660457239627434,8250,34422,408,1113,12,5900,8,1846,10,8
"1484","2020-05-22",130,17,195,286,5905,0.660457239627434,8250,34422,408,1113,10,5910,39,1885,6,39
"1485","2020-05-23",113,17,207,270,5905,0.660457239627434,8250,34422,408,1113,7,5917,39,1924,7,39
"1486","2020-05-24",96,17,192,254,5905,0.660457239627434,8250,34422,408,1113,11,5928,34,1958,9,34
"1487","2020-05-25",92,17,187,232,5905,0.660457239627434,8250,34422,408,1113,10,5938,26,1984,9,26
"1488","2020-05-26",85,17,169,223,5905,0.660457239627434,8250,34422,408,1113,14,5952,40,2024,13,40
"1489","2020-05-27",79,17,160,222,5905,0.660457239627434,8250,34422,408,1113,14,5966,35,2059,11,35
"1490","2020-05-28",72,17,157,221,5905,0.660457239627434,8250,34422,408,1113,7,5973,20,2079,6,20
"1491","2020-05-29",66,17,144,208,5905,0.660457239627434,8250,34422,408,1113,5,5978,17,2096,5,17
"1492","2020-05-30",63,17,158,200,5905,0.660457239627434,8250,34422,408,1113,2,5980,44,2140,1,44
"1493","2020-05-31",66,17,155,189,5905,0.660457239627434,8250,34422,408,1113,6,5986,34,2174,5,34
"1494","2020-06-01",60,17,138,187,5905,0.660457239627434,8250,34422,408,1113,10,5996,34,2208,10,34
"1495","2020-06-02",50,17,122,184,5905,0.660457239627434,8250,34422,408,1113,7,6003,24,2232,6,24
"1496","2020-06-03",49,17,105,179,5905,0.660457239627434,8250,34422,408,1113,4,6007,19,2251,3,19
"1497","2020-06-04",48,17,100,166,5905,0.660457239627434,8250,34422,408,1113,6,6013,28,2279,6,28
"1498","2020-06-05",58,17,90,157,5905,0.660457239627434,8250,34422,408,1113,7,6020,17,2296,7,17
"1499","2020-06-06",59,17,106,149,5905,0.660457239627434,8250,34422,408,1113,7,6027,31,2327,4,31
"1500","2020-06-07",55,17,104,147,5905,0.660457239627434,8250,34422,408,1113,6,6033,21,2348,5,21
"1501","2020-03-13",1,18,139,46,5936,0.832378706199461,8400,32397,302,1285,8,29,4,19,1,4
"1502","2020-03-14",8,18,139,68,5936,0.832378706199461,8400,32397,302,1285,12,41,5,24,5,5
"1503","2020-03-15",17,18,148,99,5936,0.832378706199461,8400,32397,302,1285,14,55,19,43,8,19
"1504","2020-03-16",21,18,173,140,5936,0.832378706199461,8400,32397,302,1285,14,69,16,59,8,16
"1505","2020-03-17",23,18,170,173,5936,0.832378706199461,8400,32397,302,1285,26,95,11,70,19,11
"1506","2020-03-18",29,18,196,221,5936,0.832378706199461,8400,32397,302,1285,16,111,20,90,9,20
"1507","2020-03-19",34,18,164,269,5936,0.832378706199461,8400,32397,302,1285,24,135,8,98,15,8
"1508","2020-03-20",56,18,157,323,5936,0.832378706199461,8400,32397,302,1285,30,165,8,106,24,8
"1509","2020-03-21",61,18,165,375,5936,0.832378706199461,8400,32397,302,1285,38,203,13,119,28,13
"1510","2020-03-22",75,18,145,431,5936,0.832378706199461,8400,32397,302,1285,31,234,20,139,27,20
"1511","2020-03-23",82,18,137,471,5936,0.832378706199461,8400,32397,302,1285,45,279,33,172,38,33
"1512","2020-03-24",91,18,158,546,5936,0.832378706199461,8400,32397,302,1285,57,336,21,193,45,21
"1513","2020-03-25",102,18,167,617,5936,0.832378706199461,8400,32397,302,1285,53,389,21,214,49,21
"1514","2020-03-26",119,18,175,684,5936,0.832378706199461,8400,32397,302,1285,52,441,19,233,45,19
"1515","2020-03-27",168,18,146,744,5936,0.832378706199461,8400,32397,302,1285,77,518,21,254,66,21
"1516","2020-03-28",221,18,160,807,5936,0.832378706199461,8400,32397,302,1285,87,605,10,264,75,10
"1517","2020-03-29",215,18,185,888,5936,0.832378706199461,8400,32397,302,1285,88,693,32,296,76,32
"1518","2020-03-30",216,18,213,968,5936,0.832378706199461,8400,32397,302,1285,95,788,27,323,82,27
"1519","2020-03-31",231,18,191,1028,5936,0.832378706199461,8400,32397,302,1285,122,910,17,340,114,17
"1520","2020-04-01",243,18,173,1117,5936,0.832378706199461,8400,32397,302,1285,96,1006,19,359,87,19
"1521","2020-04-02",272,18,157,1204,5936,0.832378706199461,8400,32397,302,1285,129,1135,16,375,116,16
"1522","2020-04-03",364,18,164,1305,5936,0.832378706199461,8400,32397,302,1285,147,1282,11,386,139,11
"1523","2020-04-04",422,18,171,1366,5936,0.832378706199461,8400,32397,302,1285,108,1390,14,400,102,14
"1524","2020-04-05",416,18,186,1451,5936,0.832378706199461,8400,32397,302,1285,127,1517,35,435,121,35
"1525","2020-04-06",426,18,185,1518,5936,0.832378706199461,8400,32397,302,1285,154,1671,46,481,141,46
"1526","2020-04-07",436,18,196,1544,5936,0.832378706199461,8400,32397,302,1285,144,1815,14,495,134,14
"1527","2020-04-08",461,18,192,1606,5936,0.832378706199461,8400,32397,302,1285,126,1941,22,517,119,22
"1528","2020-04-09",474,18,161,1640,5936,0.832378706199461,8400,32397,302,1285,148,2089,48,565,142,48
"1529","2020-04-10",589,18,146,1669,5936,0.832378706199461,8400,32397,302,1285,145,2234,39,604,130,39
"1530","2020-04-11",582,18,187,1670,5936,0.832378706199461,8400,32397,302,1285,206,2440,39,643,200,39
"1531","2020-04-12",541,18,215,1691,5936,0.832378706199461,8400,32397,302,1285,154,2594,22,665,150,22
"1532","2020-04-13",541,18,201,1678,5936,0.832378706199461,8400,32397,302,1285,170,2764,25,690,161,25
"1533","2020-04-14",566,18,205,1645,5936,0.832378706199461,8400,32397,302,1285,209,2973,42,732,201,42
"1534","2020-04-15",569,18,233,1651,5936,0.832378706199461,8400,32397,302,1285,190,3163,34,766,182,34
"1535","2020-04-16",559,18,204,1614,5936,0.832378706199461,8400,32397,302,1285,148,3311,37,803,138,37
"1536","2020-04-17",568,18,186,1643,5936,0.832378706199461,8400,32397,302,1285,170,3481,26,829,164,26
"1537","2020-04-18",545,18,160,1557,5936,0.832378706199461,8400,32397,302,1285,168,3649,18,847,160,18
"1538","2020-04-19",491,18,138,1489,5936,0.832378706199461,8400,32397,302,1285,157,3806,25,872,151,25
"1539","2020-04-20",484,18,133,1460,5936,0.832378706199461,8400,32397,302,1285,158,3964,25,897,150,25
"1540","2020-04-21",472,18,118,1428,5936,0.832378706199461,8400,32397,302,1285,142,4106,16,913,136,16
"1541","2020-04-22",460,18,113,1350,5936,0.832378706199461,8400,32397,302,1285,132,4238,42,955,124,42
"1542","2020-04-23",463,18,183,1303,5936,0.832378706199461,8400,32397,302,1285,118,4356,29,984,106,29
"1543","2020-04-24",445,18,225,1217,5936,0.832378706199461,8400,32397,302,1285,114,4470,43,1027,107,43
"1544","2020-04-25",434,18,225,1153,5936,0.832378706199461,8400,32397,302,1285,133,4603,40,1067,125,40
"1545","2020-04-26",434,18,270,1104,5936,0.832378706199461,8400,32397,302,1285,118,4721,26,1093,110,26
"1546","2020-04-27",431,18,285,1051,5936,0.832378706199461,8400,32397,302,1285,123,4844,50,1143,121,50
"1547","2020-04-28",413,18,290,1000,5936,0.832378706199461,8400,32397,302,1285,81,4925,30,1173,79,30
"1548","2020-04-29",394,18,259,914,5936,0.832378706199461,8400,32397,302,1285,75,5000,49,1222,68,49
"1549","2020-04-30",369,18,226,856,5936,0.832378706199461,8400,32397,302,1285,74,5074,40,1262,69,40
"1550","2020-05-01",342,18,245,801,5936,0.832378706199461,8400,32397,302,1285,78,5152,36,1298,76,36
"1551","2020-05-02",332,18,247,744,5936,0.832378706199461,8400,32397,302,1285,77,5229,17,1315,68,17
"1552","2020-05-03",289,18,270,700,5936,0.832378706199461,8400,32397,302,1285,52,5281,25,1340,47,25
"1553","2020-05-04",263,18,255,635,5936,0.832378706199461,8400,32397,302,1285,52,5333,16,1356,52,16
"1554","2020-05-05",240,18,219,593,5936,0.832378706199461,8400,32397,302,1285,39,5372,34,1390,35,34
"1555","2020-05-06",231,18,199,553,5936,0.832378706199461,8400,32397,302,1285,58,5430,53,1443,58,53
"1556","2020-05-07",219,18,180,511,5936,0.832378706199461,8400,32397,302,1285,50,5480,20,1463,40,20
"1557","2020-05-08",191,18,210,466,5936,0.832378706199461,8400,32397,302,1285,39,5519,31,1494,35,31
"1558","2020-05-09",185,18,251,437,5936,0.832378706199461,8400,32397,302,1285,42,5561,31,1525,38,31
"1559","2020-05-10",162,18,252,411,5936,0.832378706199461,8400,32397,302,1285,44,5605,20,1545,41,20
"1560","2020-05-11",149,18,230,390,5936,0.832378706199461,8400,32397,302,1285,24,5629,34,1579,23,34
"1561","2020-05-12",141,18,210,373,5936,0.832378706199461,8400,32397,302,1285,22,5651,17,1596,21,17
"1562","2020-05-13",137,18,195,356,5936,0.832378706199461,8400,32397,302,1285,26,5677,12,1608,23,12
"1563","2020-05-14",130,18,179,329,5936,0.832378706199461,8400,32397,302,1285,26,5703,16,1624,23,16
"1564","2020-05-15",116,18,165,304,5936,0.832378706199461,8400,32397,302,1285,24,5727,9,1633,21,9
"1565","2020-05-16",110,18,171,281,5936,0.832378706199461,8400,32397,302,1285,28,5755,7,1640,25,7
"1566","2020-05-17",98,18,163,261,5936,0.832378706199461,8400,32397,302,1285,12,5767,11,1651,9,11
"1567","2020-05-18",95,18,171,241,5936,0.832378706199461,8400,32397,302,1285,18,5785,13,1664,13,13
"1568","2020-05-19",90,18,153,220,5936,0.832378706199461,8400,32397,302,1285,15,5800,12,1676,14,12
"1569","2020-05-20",85,18,163,204,5936,0.832378706199461,8400,32397,302,1285,28,5828,29,1705,26,29
"1570","2020-05-21",81,18,184,185,5936,0.832378706199461,8400,32397,302,1285,17,5845,18,1723,14,18
"1571","2020-05-22",78,18,177,180,5936,0.832378706199461,8400,32397,302,1285,15,5860,4,1727,13,4
"1572","2020-05-23",79,18,177,173,5936,0.832378706199461,8400,32397,302,1285,10,5870,11,1738,7,11
"1573","2020-05-24",76,18,189,154,5936,0.832378706199461,8400,32397,302,1285,11,5881,9,1747,6,9
"1574","2020-05-25",60,18,179,147,5936,0.832378706199461,8400,32397,302,1285,9,5890,36,1783,6,36
"1575","2020-05-26",57,18,211,135,5936,0.832378706199461,8400,32397,302,1285,10,5900,25,1808,7,25
"1576","2020-05-27",55,18,242,140,5936,0.832378706199461,8400,32397,302,1285,4,5904,24,1832,3,24
"1577","2020-05-28",53,18,241,144,5936,0.832378706199461,8400,32397,302,1285,4,5908,26,1858,4,26
"1578","2020-05-29",54,18,222,140,5936,0.832378706199461,8400,32397,302,1285,7,5915,20,1878,6,20
"1579","2020-05-30",47,18,192,138,5936,0.832378706199461,8400,32397,302,1285,8,5923,22,1900,7,22
"1580","2020-05-31",49,18,191,128,5936,0.832378706199461,8400,32397,302,1285,6,5929,29,1929,6,29
"1581","2020-06-01",56,18,179,131,5936,0.832378706199461,8400,32397,302,1285,5,5934,23,1952,4,23
"1582","2020-06-02",56,18,170,130,5936,0.832378706199461,8400,32397,302,1285,4,5938,26,1978,3,26
"1583","2020-06-03",53,18,153,126,5936,0.832378706199461,8400,32397,302,1285,4,5942,24,2002,4,24
"1584","2020-06-04",50,18,130,123,5936,0.832378706199461,8400,32397,302,1285,5,5947,18,2020,3,18
"1585","2020-06-05",48,18,127,122,5936,0.832378706199461,8400,32397,302,1285,4,5951,34,2054,2,34
"1586","2020-06-06",49,18,140,127,5936,0.832378706199461,8400,32397,302,1285,1,5952,17,2071,1,17
"1587","2020-06-07",39,18,147,121,5936,0.832378706199461,8400,32397,302,1285,3,5955,25,2096,2,25
"1588","2020-03-07",1,19,0,0,4567,0.520035033939129,8400,31415,262,740,NA,NA,NA,NA,NA,NA
"1589","2020-03-08",1,19,0,0,4567,0.520035033939129,8400,31415,262,740,NA,NA,NA,NA,NA,NA
"1590","2020-03-09",0,19,0,0,4567,0.520035033939129,8400,31415,262,740,NA,NA,NA,NA,NA,NA
"1591","2020-03-10",0,19,0,0,4567,0.520035033939129,8400,31415,262,740,NA,NA,9,9,NA,9
"1592","2020-03-11",0,19,0,0,4567,0.520035033939129,8400,31415,262,740,27,27,24,33,NA,24
"1593","2020-03-12",0,19,0,0,4567,0.520035033939129,8400,31415,262,740,43,70,27,60,1,27
"1594","2020-03-13",2,19,62,86,4567,0.520035033939129,8400,31415,262,740,44,114,18,78,5,18
"1595","2020-03-14",7,19,53,121,4567,0.520035033939129,8400,31415,262,740,38,152,12,90,10,12
"1596","2020-03-15",14,19,48,160,4567,0.520035033939129,8400,31415,262,740,47,199,27,117,20,27
"1597","2020-03-16",19,19,46,199,4567,0.520035033939129,8400,31415,262,740,70,269,27,144,41,27
"1598","2020-03-17",23,19,65,231,4567,0.520035033939129,8400,31415,262,740,44,313,14,158,17,14
"1599","2020-03-18",32,19,73,266,4567,0.520035033939129,8400,31415,262,740,61,374,33,191,32,33
"1600","2020-03-19",39,19,88,311,4567,0.520035033939129,8400,31415,262,740,93,467,44,235,66,44
"1601","2020-03-20",60,19,119,357,4567,0.520035033939129,8400,31415,262,740,99,566,51,286,73,51
"1602","2020-03-21",106,19,100,400,4567,0.520035033939129,8400,31415,262,740,110,676,34,320,85,34
"1603","2020-03-22",115,19,93,436,4567,0.520035033939129,8400,31415,262,740,100,776,37,357,83,37
"1604","2020-03-23",110,19,104,468,4567,0.520035033939129,8400,31415,262,740,120,896,54,411,88,54
"1605","2020-03-24",130,19,130,505,4567,0.520035033939129,8400,31415,262,740,102,998,31,442,69,31
"1606","2020-03-25",139,19,135,535,4567,0.520035033939129,8400,31415,262,740,129,1127,42,484,105,42
"1607","2020-03-26",163,19,152,577,4567,0.520035033939129,8400,31415,262,740,116,1243,38,522,95,38
"1608","2020-03-27",191,19,144,593,4567,0.520035033939129,8400,31415,262,740,148,1391,19,541,117,19
"1609","2020-03-28",177,19,130,612,4567,0.520035033939129,8400,31415,262,740,141,1532,21,562,111,21
"1610","2020-03-29",193,19,108,626,4567,0.520035033939129,8400,31415,262,740,143,1675,41,603,119,41
"1611","2020-03-30",194,19,101,666,4567,0.520035033939129,8400,31415,262,740,177,1852,28,631,159,28
"1612","2020-03-31",197,19,101,691,4567,0.520035033939129,8400,31415,262,740,146,1998,33,664,120,33
"1613","2020-04-01",202,19,101,695,4567,0.520035033939129,8400,31415,262,740,164,2162,19,683,117,19
"1614","2020-04-02",190,19,106,715,4567,0.520035033939129,8400,31415,262,740,194,2356,46,729,166,46
"1615","2020-04-03",224,19,125,722,4567,0.520035033939129,8400,31415,262,740,173,2529,53,782,148,53
"1616","2020-04-04",232,19,118,741,4567,0.520035033939129,8400,31415,262,740,168,2697,28,810,141,28
"1617","2020-04-05",254,19,108,749,4567,0.520035033939129,8400,31415,262,740,211,2908,23,833,175,23
"1618","2020-04-06",270,19,124,790,4567,0.520035033939129,8400,31415,262,740,192,3100,18,851,161,18
"1619","2020-04-07",258,19,131,809,4567,0.520035033939129,8400,31415,262,740,179,3279,13,864,157,13
"1620","2020-04-08",265,19,157,817,4567,0.520035033939129,8400,31415,262,740,179,3458,15,879,150,15
"1621","2020-04-09",269,19,195,826,4567,0.520035033939129,8400,31415,262,740,190,3648,17,896,164,17
"1622","2020-04-10",289,19,199,840,4567,0.520035033939129,8400,31415,262,740,152,3800,47,943,139,47
"1623","2020-04-11",304,19,186,814,4567,0.520035033939129,8400,31415,262,740,153,3953,25,968,130,25
"1624","2020-04-12",265,19,178,811,4567,0.520035033939129,8400,31415,262,740,127,4080,46,1014,114,46
"1625","2020-04-13",253,19,160,805,4567,0.520035033939129,8400,31415,262,740,140,4220,40,1054,116,40
"1626","2020-04-14",252,19,159,828,4567,0.520035033939129,8400,31415,262,740,136,4356,22,1076,121,22
"1627","2020-04-15",251,19,175,840,4567,0.520035033939129,8400,31415,262,740,120,4476,11,1087,89,11
"1628","2020-04-16",260,19,210,844,4567,0.520035033939129,8400,31415,262,740,94,4570,20,1107,79,20
"1629","2020-04-17",283,19,205,840,4567,0.520035033939129,8400,31415,262,740,91,4661,48,1155,76,48
"1630","2020-04-18",294,19,189,848,4567,0.520035033939129,8400,31415,262,740,109,4770,29,1184,89,29
"1631","2020-04-19",279,19,213,836,4567,0.520035033939129,8400,31415,262,740,88,4858,36,1220,72,36
"1632","2020-04-20",275,19,229,827,4567,0.520035033939129,8400,31415,262,740,98,4956,45,1265,81,45
"1633","2020-04-21",261,19,207,838,4567,0.520035033939129,8400,31415,262,740,82,5038,23,1288,64,23
"1634","2020-04-22",260,19,188,840,4567,0.520035033939129,8400,31415,262,740,74,5112,14,1302,55,14
"1635","2020-04-23",266,19,200,832,4567,0.520035033939129,8400,31415,262,740,68,5180,54,1356,50,54
"1636","2020-04-24",284,19,192,807,4567,0.520035033939129,8400,31415,262,740,70,5250,69,1425,51,69
"1637","2020-04-25",273,19,189,789,4567,0.520035033939129,8400,31415,262,740,67,5317,29,1454,45,29
"1638","2020-04-26",281,19,175,777,4567,0.520035033939129,8400,31415,262,740,53,5370,20,1474,39,20
"1639","2020-04-27",281,19,189,765,4567,0.520035033939129,8400,31415,262,740,38,5408,15,1489,28,15
"1640","2020-04-28",284,19,218,733,4567,0.520035033939129,8400,31415,262,740,50,5458,5,1494,35,5
"1641","2020-04-29",279,19,222,721,4567,0.520035033939129,8400,31415,262,740,39,5497,10,1504,28,10
"1642","2020-04-30",268,19,227,719,4567,0.520035033939129,8400,31415,262,740,43,5540,35,1539,31,35
"1643","2020-05-01",272,19,231,695,4567,0.520035033939129,8400,31415,262,740,45,5585,45,1584,29,45
"1644","2020-05-02",267,19,222,681,4567,0.520035033939129,8400,31415,262,740,38,5623,59,1643,25,59
"1645","2020-05-03",236,19,237,666,4567,0.520035033939129,8400,31415,262,740,42,5665,57,1700,30,57
"1646","2020-05-04",230,19,223,662,4567,0.520035033939129,8400,31415,262,740,30,5695,35,1735,19,35
"1647","2020-05-05",213,19,210,646,4567,0.520035033939129,8400,31415,262,740,29,5724,53,1788,17,53
"1648","2020-05-06",214,19,208,606,4567,0.520035033939129,8400,31415,262,740,35,5759,48,1836,22,48
"1649","2020-05-07",209,19,201,602,4567,0.520035033939129,8400,31415,262,740,23,5782,38,1874,13,38
"1650","2020-05-08",205,19,198,594,4567,0.520035033939129,8400,31415,262,740,19,5801,19,1893,12,19
"1651","2020-05-09",216,19,197,584,4567,0.520035033939129,8400,31415,262,740,25,5826,16,1909,16,16
"1652","2020-05-10",198,19,196,570,4567,0.520035033939129,8400,31415,262,740,20,5846,11,1920,9,11
"1653","2020-05-11",185,19,192,563,4567,0.520035033939129,8400,31415,262,740,29,5875,15,1935,13,15
"1654","2020-05-12",185,19,167,515,4567,0.520035033939129,8400,31415,262,740,18,5893,15,1950,10,15
"1655","2020-05-13",181,19,147,508,4567,0.520035033939129,8400,31415,262,740,19,5912,26,1976,7,26
"1656","2020-05-14",182,19,139,486,4567,0.520035033939129,8400,31415,262,740,24,5936,45,2021,11,45
"1657","2020-05-15",177,19,158,463,4567,0.520035033939129,8400,31415,262,740,23,5959,53,2074,12,53
"1658","2020-05-16",176,19,164,427,4567,0.520035033939129,8400,31415,262,740,13,5972,51,2125,9,51
"1659","2020-05-17",171,19,148,405,4567,0.520035033939129,8400,31415,262,740,24,5996,34,2159,11,34
"1660","2020-05-18",173,19,130,388,4567,0.520035033939129,8400,31415,262,740,15,6011,22,2181,8,22
"1661","2020-05-19",176,19,132,391,4567,0.520035033939129,8400,31415,262,740,16,6027,14,2195,12,14
"1662","2020-05-20",170,19,150,372,4567,0.520035033939129,8400,31415,262,740,11,6038,25,2220,6,25
"1663","2020-05-21",156,19,138,371,4567,0.520035033939129,8400,31415,262,740,13,6051,14,2234,5,14
"1664","2020-05-22",160,19,122,364,4567,0.520035033939129,8400,31415,262,740,17,6068,15,2249,10,15
"1665","2020-05-23",154,19,111,346,4567,0.520035033939129,8400,31415,262,740,12,6080,10,2259,7,10
"1666","2020-05-24",128,19,102,331,4567,0.520035033939129,8400,31415,262,740,12,6092,12,2271,6,12
"1667","2020-05-25",118,19,129,315,4567,0.520035033939129,8400,31415,262,740,18,6110,4,2275,7,4
"1668","2020-05-26",100,19,159,295,4567,0.520035033939129,8400,31415,262,740,9,6119,20,2295,5,20
"1669","2020-05-27",96,19,153,290,4567,0.520035033939129,8400,31415,262,740,14,6133,10,2305,5,10
"1670","2020-05-28",94,19,137,276,4567,0.520035033939129,8400,31415,262,740,9,6142,13,2318,4,13
"1671","2020-05-29",95,19,132,269,4567,0.520035033939129,8400,31415,262,740,7,6149,34,2352,4,34
"1672","2020-05-30",88,19,137,249,4567,0.520035033939129,8400,31415,262,740,8,6157,20,2372,3,20
"1673","2020-05-31",87,19,153,243,4567,0.520035033939129,8400,31415,262,740,7,6164,41,2413,3,41
"1674","2020-06-01",82,19,136,236,4567,0.520035033939129,8400,31415,262,740,6,6170,14,2427,2,14
"1675","2020-06-02",81,19,128,220,4567,0.520035033939129,8400,31415,262,740,10,6180,10,2437,5,10
"1676","2020-06-03",76,19,121,199,4567,0.520035033939129,8400,31415,262,740,6,6186,6,2443,2,6
"1677","2020-06-04",78,19,112,194,4567,0.520035033939129,8400,31415,262,740,6,6192,8,2451,1,8
"1678","2020-06-05",73,19,103,194,4567,0.520035033939129,8400,31415,262,740,10,6202,18,2469,2,18
"1679","2020-06-06",68,19,100,181,4567,0.520035033939129,8400,31415,262,740,3,6205,20,2489,1,20
"1680","2020-06-07",55,19,92,171,4567,0.520035033939129,8400,31415,262,740,14,6219,14,2503,7,14
"1681","2020-03-13",2,20,87,28,5828,0.92347288949897,8355,31905,366,1006,12,29,22,46,5,22
"1682","2020-03-14",2,20,73,44,5828,0.92347288949897,8355,31905,366,1006,7,36,21,67,3,21
"1683","2020-03-15",6,20,73,62,5828,0.92347288949897,8355,31905,366,1006,15,51,18,85,6,18
"1684","2020-03-16",6,20,110,79,5828,0.92347288949897,8355,31905,366,1006,20,71,20,105,7,20
"1685","2020-03-17",7,20,102,102,5828,0.92347288949897,8355,31905,366,1006,14,85,23,128,7,23
"1686","2020-03-18",10,20,119,122,5828,0.92347288949897,8355,31905,366,1006,12,97,17,145,6,17
"1687","2020-03-19",15,20,118,164,5828,0.92347288949897,8355,31905,366,1006,29,126,21,166,21,21
"1688","2020-03-20",18,20,149,196,5828,0.92347288949897,8355,31905,366,1006,31,157,31,197,17,31
"1689","2020-03-21",21,20,144,226,5828,0.92347288949897,8355,31905,366,1006,31,188,29,226,23,29
"1690","2020-03-22",46,20,125,253,5828,0.92347288949897,8355,31905,366,1006,48,236,35,261,36,35
"1691","2020-03-23",57,20,136,301,5828,0.92347288949897,8355,31905,366,1006,35,271,26,287,28,26
"1692","2020-03-24",64,20,127,348,5828,0.92347288949897,8355,31905,366,1006,49,320,42,329,37,42
"1693","2020-03-25",71,20,137,395,5828,0.92347288949897,8355,31905,366,1006,46,366,34,363,31,34
"1694","2020-03-26",85,20,174,462,5828,0.92347288949897,8355,31905,366,1006,55,421,36,399,46,36
"1695","2020-03-27",114,20,198,526,5828,0.92347288949897,8355,31905,366,1006,45,466,41,440,40,41
"1696","2020-03-28",160,20,231,572,5828,0.92347288949897,8355,31905,366,1006,55,521,43,483,44,43
"1697","2020-03-29",171,20,213,656,5828,0.92347288949897,8355,31905,366,1006,76,597,23,506,60,23
"1698","2020-03-30",154,20,206,716,5828,0.92347288949897,8355,31905,366,1006,88,685,36,542,76,36
"1699","2020-03-31",162,20,231,794,5828,0.92347288949897,8355,31905,366,1006,91,776,29,571,74,29
"1700","2020-04-01",185,20,240,881,5828,0.92347288949897,8355,31905,366,1006,103,879,25,596,93,25
"1701","2020-04-02",198,20,247,955,5828,0.92347288949897,8355,31905,366,1006,126,1005,24,620,113,24
"1702","2020-04-03",270,20,254,1051,5828,0.92347288949897,8355,31905,366,1006,128,1133,19,639,120,19
"1703","2020-04-04",291,20,252,1128,5828,0.92347288949897,8355,31905,366,1006,121,1254,23,662,109,23
"1704","2020-04-05",307,20,257,1181,5828,0.92347288949897,8355,31905,366,1006,123,1377,20,682,109,20
"1705","2020-04-06",343,20,276,1256,5828,0.92347288949897,8355,31905,366,1006,130,1507,22,704,119,22
"1706","2020-04-07",353,20,256,1351,5828,0.92347288949897,8355,31905,366,1006,164,1671,17,721,143,17
"1707","2020-04-08",366,20,228,1391,5828,0.92347288949897,8355,31905,366,1006,181,1852,35,756,162,35
"1708","2020-04-09",390,20,205,1459,5828,0.92347288949897,8355,31905,366,1006,150,2002,40,796,135,40
"1709","2020-04-10",503,20,188,1520,5828,0.92347288949897,8355,31905,366,1006,170,2172,50,846,155,50
"1710","2020-04-11",512,20,174,1573,5828,0.92347288949897,8355,31905,366,1006,201,2373,33,879,194,33
"1711","2020-04-12",499,20,185,1637,5828,0.92347288949897,8355,31905,366,1006,165,2538,24,903,148,24
"1712","2020-04-13",493,20,196,1636,5828,0.92347288949897,8355,31905,366,1006,155,2693,24,927,147,24
"1713","2020-04-14",492,20,205,1684,5828,0.92347288949897,8355,31905,366,1006,172,2865,26,953,164,26
"1714","2020-04-15",507,20,200,1707,5828,0.92347288949897,8355,31905,366,1006,169,3034,30,983,155,30
"1715","2020-04-16",508,20,208,1721,5828,0.92347288949897,8355,31905,366,1006,155,3189,49,1032,143,49
"1716","2020-04-17",555,20,200,1722,5828,0.92347288949897,8355,31905,366,1006,150,3339,33,1065,143,33
"1717","2020-04-18",581,20,166,1709,5828,0.92347288949897,8355,31905,366,1006,146,3485,35,1100,134,35
"1718","2020-04-19",540,20,141,1684,5828,0.92347288949897,8355,31905,366,1006,153,3638,30,1130,148,30
"1719","2020-04-20",553,20,126,1638,5828,0.92347288949897,8355,31905,366,1006,125,3763,32,1162,110,32
"1720","2020-04-21",552,20,115,1607,5828,0.92347288949897,8355,31905,366,1006,133,3896,26,1188,127,26
"1721","2020-04-22",549,20,108,1583,5828,0.92347288949897,8355,31905,366,1006,110,4006,26,1214,105,26
"1722","2020-04-23",539,20,125,1546,5828,0.92347288949897,8355,31905,366,1006,125,4131,27,1241,116,27
"1723","2020-04-24",535,20,186,1501,5828,0.92347288949897,8355,31905,366,1006,134,4265,18,1259,129,18
"1724","2020-04-25",539,20,249,1433,5828,0.92347288949897,8355,31905,366,1006,122,4387,32,1291,112,32
"1725","2020-04-26",497,20,242,1332,5828,0.92347288949897,8355,31905,366,1006,113,4500,45,1336,107,45
"1726","2020-04-27",486,20,205,1273,5828,0.92347288949897,8355,31905,366,1006,106,4606,42,1378,95,42
"1727","2020-04-28",471,20,178,1193,5828,0.92347288949897,8355,31905,366,1006,84,4690,49,1427,78,49
"1728","2020-04-29",450,20,162,1107,5828,0.92347288949897,8355,31905,366,1006,97,4787,39,1466,83,39
"1729","2020-04-30",439,20,146,1016,5828,0.92347288949897,8355,31905,366,1006,65,4852,35,1501,55,35
"1730","2020-05-01",406,20,191,953,5828,0.92347288949897,8355,31905,366,1006,89,4941,50,1551,79,50
"1731","2020-05-02",370,20,233,875,5828,0.92347288949897,8355,31905,366,1006,81,5022,59,1610,71,59
"1732","2020-05-03",341,20,228,838,5828,0.92347288949897,8355,31905,366,1006,62,5084,50,1660,57,50
"1733","2020-05-04",311,20,201,768,5828,0.92347288949897,8355,31905,366,1006,47,5131,40,1700,44,40
"1734","2020-05-05",305,20,186,713,5828,0.92347288949897,8355,31905,366,1006,51,5182,32,1732,47,32
"1735","2020-05-06",291,20,182,653,5828,0.92347288949897,8355,31905,366,1006,51,5233,25,1757,45,25
"1736","2020-05-07",280,20,168,620,5828,0.92347288949897,8355,31905,366,1006,42,5275,23,1780,35,23
"1737","2020-05-08",249,20,221,569,5828,0.92347288949897,8355,31905,366,1006,45,5320,31,1811,39,31
"1738","2020-05-09",241,20,247,528,5828,0.92347288949897,8355,31905,366,1006,34,5354,26,1837,32,26
"1739","2020-05-10",205,20,244,490,5828,0.92347288949897,8355,31905,366,1006,26,5380,25,1862,25,25
"1740","2020-05-11",187,20,200,472,5828,0.92347288949897,8355,31905,366,1006,34,5414,29,1891,30,29
"1741","2020-05-12",176,20,209,436,5828,0.92347288949897,8355,31905,366,1006,31,5445,47,1938,24,47
"1742","2020-05-13",169,20,209,389,5828,0.92347288949897,8355,31905,366,1006,35,5480,40,1978,31,40
"1743","2020-05-14",161,20,221,360,5828,0.92347288949897,8355,31905,366,1006,24,5504,45,2023,23,45
"1744","2020-05-15",138,20,224,337,5828,0.92347288949897,8355,31905,366,1006,30,5534,52,2075,26,52
"1745","2020-05-16",131,20,203,309,5828,0.92347288949897,8355,31905,366,1006,22,5556,41,2116,16,41
"1746","2020-05-17",125,20,177,293,5828,0.92347288949897,8355,31905,366,1006,19,5575,39,2155,13,39
"1747","2020-05-18",119,20,203,274,5828,0.92347288949897,8355,31905,366,1006,17,5592,61,2216,13,61
"1748","2020-05-19",108,20,213,259,5828,0.92347288949897,8355,31905,366,1006,15,5607,50,2266,14,50
"1749","2020-05-20",97,20,189,240,5828,0.92347288949897,8355,31905,366,1006,14,5621,48,2314,12,48
"1750","2020-05-21",91,20,181,216,5828,0.92347288949897,8355,31905,366,1006,15,5636,47,2361,8,47
"1751","2020-05-22",84,20,211,198,5828,0.92347288949897,8355,31905,366,1006,14,5650,35,2396,11,35
"1752","2020-05-23",76,20,232,184,5828,0.92347288949897,8355,31905,366,1006,8,5658,33,2429,5,33
"1753","2020-05-24",72,20,229,181,5828,0.92347288949897,8355,31905,366,1006,5,5663,36,2465,5,36
"1754","2020-05-25",65,20,208,170,5828,0.92347288949897,8355,31905,366,1006,18,5681,36,2501,13,36
"1755","2020-05-26",61,20,199,166,5828,0.92347288949897,8355,31905,366,1006,12,5693,33,2534,10,33
"1756","2020-05-27",63,20,184,153,5828,0.92347288949897,8355,31905,366,1006,16,5709,29,2563,11,29
"1757","2020-05-28",59,20,208,149,5828,0.92347288949897,8355,31905,366,1006,8,5717,33,2596,5,33
"1758","2020-05-29",63,20,210,148,5828,0.92347288949897,8355,31905,366,1006,12,5729,27,2623,11,27
"1759","2020-05-30",64,20,201,145,5828,0.92347288949897,8355,31905,366,1006,9,5738,32,2655,7,32
"1760","2020-05-31",55,20,178,136,5828,0.92347288949897,8355,31905,366,1006,7,5745,52,2707,4,52
"1761","2020-06-01",47,20,167,125,5828,0.92347288949897,8355,31905,366,1006,10,5755,34,2741,7,34
"1762","2020-06-02",47,20,170,114,5828,0.92347288949897,8355,31905,366,1006,9,5764,39,2780,6,39
"1763","2020-06-03",45,20,183,113,5828,0.92347288949897,8355,31905,366,1006,12,5776,31,2811,8,31
"1764","2020-06-04",46,20,203,107,5828,0.92347288949897,8355,31905,366,1006,6,5782,29,2840,6,29
"1765","2020-06-05",46,20,204,115,5828,0.92347288949897,8355,31905,366,1006,4,5786,37,2877,3,37
"1766","2020-06-06",49,20,204,115,5828,0.92347288949897,8355,31905,366,1006,4,5790,39,2916,2,39
"1767","2020-06-07",49,20,209,101,5828,0.92347288949897,8355,31905,366,1006,6,5796,30,2946,2,30
