"","Date","Absents","Paramset","Infections_or_Exposed_per_day_Patient","Infections_or_Exposed_per_day_HCW","total_infections","nosocomial_proportion","PCR_pooled","LFD_pooled","HCW_symp_test","patient_symp_test","new_hcw_infs","cumulative_hcw_infs","new_pat_infs","cumulative_pats_infs","new_nosocomial_hcw_infs","new_nosocomial_pat_infs"
"1","2020-03-12",1,1,49,92,5979,0.38718849305904,8295,35757,336,711,41,92,20,30,3,20
"2","2020-03-13",5,1,45,135,5979,0.38718849305904,8295,35757,336,711,43,135,8,38,5,8
"3","2020-03-14",15,1,82,199,5979,0.38718849305904,8295,35757,336,711,65,200,28,66,18,28
"4","2020-03-15",26,1,90,279,5979,0.38718849305904,8295,35757,336,711,80,280,24,90,23,24
"5","2020-03-16",32,1,91,330,5979,0.38718849305904,8295,35757,336,711,52,332,15,105,25,15
"6","2020-03-17",46,1,89,393,5979,0.38718849305904,8295,35757,336,711,63,395,13,118,15,13
"7","2020-03-18",60,1,79,460,5979,0.38718849305904,8295,35757,336,711,72,467,17,135,21,17
"8","2020-03-19",71,1,87,541,5979,0.38718849305904,8295,35757,336,711,95,562,12,147,49,12
"9","2020-03-20",108,1,77,606,5979,0.38718849305904,8295,35757,336,711,80,642,13,160,34,13
"10","2020-03-21",165,1,71,661,5979,0.38718849305904,8295,35757,336,711,77,719,9,169,31,9
"11","2020-03-22",169,1,87,685,5979,0.38718849305904,8295,35757,336,711,54,773,18,187,21,18
"12","2020-03-23",173,1,85,727,5979,0.38718849305904,8295,35757,336,711,85,858,12,199,37,12
"13","2020-03-24",189,1,101,754,5979,0.38718849305904,8295,35757,336,711,70,928,25,224,38,25
"14","2020-03-25",202,1,102,793,5979,0.38718849305904,8295,35757,336,711,87,1015,21,245,44,21
"15","2020-03-26",218,1,121,836,5979,0.38718849305904,8295,35757,336,711,104,1119,29,274,53,29
"16","2020-03-27",267,1,132,871,5979,0.38718849305904,8295,35757,336,711,85,1204,28,302,40,28
"17","2020-03-28",254,1,121,889,5979,0.38718849305904,8295,35757,336,711,91,1295,24,326,52,24
"18","2020-03-29",290,1,126,929,5979,0.38718849305904,8295,35757,336,711,101,1396,19,345,52,19
"19","2020-03-30",300,1,125,955,5979,0.38718849305904,8295,35757,336,711,86,1482,20,365,43,20
"20","2020-03-31",293,1,141,950,5979,0.38718849305904,8295,35757,336,711,77,1559,35,400,34,35
"21","2020-04-01",300,1,158,959,5979,0.38718849305904,8295,35757,336,711,87,1646,32,432,49,32
"22","2020-04-02",307,1,163,944,5979,0.38718849305904,8295,35757,336,711,74,1720,38,470,37,38
"23","2020-04-03",351,1,158,951,5979,0.38718849305904,8295,35757,336,711,91,1811,27,497,39,27
"24","2020-04-04",360,1,167,969,5979,0.38718849305904,8295,35757,336,711,99,1910,28,525,47,28
"25","2020-04-05",335,1,158,983,5979,0.38718849305904,8295,35757,336,711,92,2002,29,554,33,29
"26","2020-04-06",329,1,192,985,5979,0.38718849305904,8295,35757,336,711,81,2083,54,608,42,54
"27","2020-04-07",323,1,203,1033,5979,0.38718849305904,8295,35757,336,711,121,2204,39,647,51,39
"28","2020-04-08",327,1,194,1057,5979,0.38718849305904,8295,35757,336,711,98,2302,32,679,49,32
"29","2020-04-09",333,1,200,1067,5979,0.38718849305904,8295,35757,336,711,92,2394,39,718,40,39
"30","2020-04-10",349,1,196,1073,5979,0.38718849305904,8295,35757,336,711,90,2484,26,744,44,26
"31","2020-04-11",339,1,213,1061,5979,0.38718849305904,8295,35757,336,711,85,2569,49,793,52,49
"32","2020-04-12",320,1,216,1032,5979,0.38718849305904,8295,35757,336,711,67,2636,47,840,25,47
"33","2020-04-13",328,1,204,1033,5979,0.38718849305904,8295,35757,336,711,95,2731,28,868,59,28
"34","2020-04-14",321,1,197,1037,5979,0.38718849305904,8295,35757,336,711,90,2821,47,915,39,47
"35","2020-04-15",314,1,206,1036,5979,0.38718849305904,8295,35757,336,711,88,2909,42,957,46,42
"36","2020-04-16",304,1,220,1024,5979,0.38718849305904,8295,35757,336,711,77,2986,49,1006,46,49
"37","2020-04-17",320,1,211,1004,5979,0.38718849305904,8295,35757,336,711,89,3075,30,1036,39,30
"38","2020-04-18",330,1,206,994,5979,0.38718849305904,8295,35757,336,711,80,3155,38,1074,37,38
"39","2020-04-19",319,1,208,963,5979,0.38718849305904,8295,35757,336,711,71,3226,34,1108,33,34
"40","2020-04-20",308,1,200,966,5979,0.38718849305904,8295,35757,336,711,79,3305,28,1136,28,28
"41","2020-04-21",300,1,184,941,5979,0.38718849305904,8295,35757,336,711,75,3380,26,1162,29,26
"42","2020-04-22",305,1,174,918,5979,0.38718849305904,8295,35757,336,711,67,3447,25,1187,27,25
"43","2020-04-23",311,1,158,911,5979,0.38718849305904,8295,35757,336,711,68,3515,17,1204,26,17
"44","2020-04-24",313,1,148,898,5979,0.38718849305904,8295,35757,336,711,83,3598,10,1214,33,10
"45","2020-04-25",304,1,184,880,5979,0.38718849305904,8295,35757,336,711,66,3664,51,1265,28,51
"46","2020-04-26",295,1,225,879,5979,0.38718849305904,8295,35757,336,711,77,3741,58,1323,34,58
"47","2020-04-27",289,1,246,853,5979,0.38718849305904,8295,35757,336,711,56,3797,57,1380,25,57
"48","2020-04-28",279,1,231,829,5979,0.38718849305904,8295,35757,336,711,64,3861,33,1413,33,33
"49","2020-04-29",270,1,212,813,5979,0.38718849305904,8295,35757,336,711,67,3928,38,1451,26,38
"50","2020-04-30",255,1,196,821,5979,0.38718849305904,8295,35757,336,711,85,4013,19,1470,28,19
"51","2020-05-01",281,1,192,814,5979,0.38718849305904,8295,35757,336,711,64,4077,32,1502,28,32
"52","2020-05-02",296,1,221,812,5979,0.38718849305904,8295,35757,336,711,68,4145,48,1550,27,48
"53","2020-05-03",238,1,220,791,5979,0.38718849305904,8295,35757,336,711,53,4198,50,1600,24,50
"54","2020-05-04",228,1,228,783,5979,0.38718849305904,8295,35757,336,711,57,4255,48,1648,33,48
"55","2020-05-05",233,1,219,767,5979,0.38718849305904,8295,35757,336,711,50,4305,34,1682,18,34
"56","2020-05-06",243,1,229,745,5979,0.38718849305904,8295,35757,336,711,49,4354,41,1723,17,41
"57","2020-05-07",253,1,207,737,5979,0.38718849305904,8295,35757,336,711,67,4421,26,1749,22,26
"58","2020-05-08",258,1,202,735,5979,0.38718849305904,8295,35757,336,711,56,4477,21,1770,22,21
"59","2020-05-09",254,1,191,717,5979,0.38718849305904,8295,35757,336,711,55,4532,21,1791,31,21
"60","2020-05-10",257,1,174,678,5979,0.38718849305904,8295,35757,336,711,30,4562,15,1806,8,15
"61","2020-05-11",256,1,148,656,5979,0.38718849305904,8295,35757,336,711,41,4603,13,1819,17,13
"62","2020-05-12",242,1,136,637,5979,0.38718849305904,8295,35757,336,711,46,4649,17,1836,18,17
"63","2020-05-13",222,1,126,618,5979,0.38718849305904,8295,35757,336,711,47,4696,13,1849,17,13
"64","2020-05-14",205,1,119,580,5979,0.38718849305904,8295,35757,336,711,35,4731,15,1864,13,15
"65","2020-05-15",197,1,126,544,5979,0.38718849305904,8295,35757,336,711,33,4764,20,1884,13,20
"66","2020-05-16",199,1,157,525,5979,0.38718849305904,8295,35757,336,711,41,4805,42,1926,17,42
"67","2020-05-17",177,1,171,503,5979,0.38718849305904,8295,35757,336,711,33,4838,38,1964,15,38
"68","2020-05-18",161,1,163,490,5979,0.38718849305904,8295,35757,336,711,30,4868,23,1987,13,23
"69","2020-05-19",158,1,166,459,5979,0.38718849305904,8295,35757,336,711,29,4897,25,2012,11,25
"70","2020-05-20",150,1,165,445,5979,0.38718849305904,8295,35757,336,711,33,4930,28,2040,11,28
"71","2020-05-21",151,1,195,426,5979,0.38718849305904,8295,35757,336,711,34,4964,51,2091,11,51
"72","2020-05-22",136,1,205,411,5979,0.38718849305904,8295,35757,336,711,32,4996,36,2127,16,36
"73","2020-05-23",133,1,187,423,5979,0.38718849305904,8295,35757,336,711,43,5039,14,2141,20,14
"74","2020-05-24",140,1,164,397,5979,0.38718849305904,8295,35757,336,711,26,5065,14,2155,9,14
"75","2020-05-25",130,1,162,388,5979,0.38718849305904,8295,35757,336,711,26,5091,18,2173,9,18
"76","2020-05-26",124,1,165,372,5979,0.38718849305904,8295,35757,336,711,21,5112,35,2208,4,35
"77","2020-05-27",131,1,153,357,5979,0.38718849305904,8295,35757,336,711,31,5143,22,2230,9,22
"78","2020-05-28",130,1,163,335,5979,0.38718849305904,8295,35757,336,711,18,5161,26,2256,6,26
"79","2020-05-29",132,1,178,321,5979,0.38718849305904,8295,35757,336,711,21,5182,40,2296,8,40
"80","2020-05-30",119,1,180,303,5979,0.38718849305904,8295,35757,336,711,20,5202,42,2338,9,42
"81","2020-05-31",99,1,191,289,5979,0.38718849305904,8295,35757,336,711,17,5219,44,2382,5,44
"82","2020-06-01",101,1,166,287,5979,0.38718849305904,8295,35757,336,711,24,5243,13,2395,9,13
"83","2020-06-02",104,1,153,277,5979,0.38718849305904,8295,35757,336,711,21,5264,20,2415,7,20
"84","2020-06-03",100,1,161,263,5979,0.38718849305904,8295,35757,336,711,16,5280,30,2445,4,30
"85","2020-06-04",90,1,150,262,5979,0.38718849305904,8295,35757,336,711,22,5302,20,2465,7,20
"86","2020-06-05",83,1,146,246,5979,0.38718849305904,8295,35757,336,711,14,5316,20,2485,3,20
"87","2020-06-06",88,1,143,231,5979,0.38718849305904,8295,35757,336,711,10,5326,23,2508,3,23
"88","2020-06-07",80,1,140,223,5979,0.38718849305904,8295,35757,336,711,20,5346,19,2527,8,19
"89","2020-03-08",1,2,0,0,5748,0.696938065414057,8295,33246,353,528,NA,NA,NA,NA,NA,NA
"90","2020-03-09",1,2,0,0,5748,0.696938065414057,8295,33246,353,528,NA,NA,NA,NA,NA,NA
"91","2020-03-10",0,2,0,0,5748,0.696938065414057,8295,33246,353,528,NA,NA,NA,NA,NA,NA
"92","2020-03-11",0,2,0,0,5748,0.696938065414057,8295,33246,353,528,37,37,4,4,NA,4
"93","2020-03-12",0,2,0,0,5748,0.696938065414057,8295,33246,353,528,29,66,9,13,2,9
"94","2020-03-13",0,2,0,0,5748,0.696938065414057,8295,33246,353,528,40,106,7,20,6,7
"95","2020-03-14",5,2,52,111,5748,0.696938065414057,8295,33246,353,528,35,141,6,26,10,6
"96","2020-03-15",23,2,75,152,5748,0.696938065414057,8295,33246,353,528,44,185,4,30,12,4
"97","2020-03-16",27,2,75,183,5748,0.696938065414057,8295,33246,353,528,44,229,14,44,14,14
"98","2020-03-17",28,2,64,218,5748,0.696938065414057,8295,33246,353,528,50,279,19,63,15,19
"99","2020-03-18",38,2,52,279,5748,0.696938065414057,8295,33246,353,528,65,344,8,71,31,8
"100","2020-03-19",52,2,57,317,5748,0.696938065414057,8295,33246,353,528,60,404,11,82,38,11
"101","2020-03-20",76,2,56,355,5748,0.696938065414057,8295,33246,353,528,55,459,11,93,18,11
"102","2020-03-21",92,2,80,398,5748,0.696938065414057,8295,33246,353,528,64,523,10,103,38,10
"103","2020-03-22",94,2,68,467,5748,0.696938065414057,8295,33246,353,528,74,597,11,114,42,11
"104","2020-03-23",102,2,77,498,5748,0.696938065414057,8295,33246,353,528,83,680,11,125,46,11
"105","2020-03-24",113,2,81,591,5748,0.696938065414057,8295,33246,353,528,88,768,13,138,57,13
"106","2020-03-25",121,2,84,652,5748,0.696938065414057,8295,33246,353,528,55,823,6,144,23,6
"107","2020-03-26",136,2,96,710,5748,0.696938065414057,8295,33246,353,528,83,906,10,154,46,10
"108","2020-03-27",181,2,100,758,5748,0.696938065414057,8295,33246,353,528,77,983,13,167,49,13
"109","2020-03-28",218,2,94,812,5748,0.696938065414057,8295,33246,353,528,89,1072,17,184,44,17
"110","2020-03-29",235,2,106,848,5748,0.696938065414057,8295,33246,353,528,100,1172,26,210,72,26
"111","2020-03-30",239,2,109,896,5748,0.696938065414057,8295,33246,353,528,83,1255,29,239,38,29
"112","2020-03-31",256,2,99,962,5748,0.696938065414057,8295,33246,353,528,81,1336,19,258,46,19
"113","2020-04-01",276,2,96,1010,5748,0.696938065414057,8295,33246,353,528,76,1412,21,279,43,21
"114","2020-04-02",295,2,113,1051,5748,0.696938065414057,8295,33246,353,528,99,1511,16,295,63,16
"115","2020-04-03",366,2,109,1125,5748,0.696938065414057,8295,33246,353,528,108,1619,20,315,69,20
"116","2020-04-04",382,2,114,1137,5748,0.696938065414057,8295,33246,353,528,89,1708,30,345,48,30
"117","2020-04-05",384,2,108,1158,5748,0.696938065414057,8295,33246,353,528,97,1805,28,373,58,28
"118","2020-04-06",386,2,105,1213,5748,0.696938065414057,8295,33246,353,528,107,1912,35,408,70,35
"119","2020-04-07",379,2,106,1244,5748,0.696938065414057,8295,33246,353,528,112,2024,42,450,69,42
"120","2020-04-08",388,2,93,1274,5748,0.696938065414057,8295,33246,353,528,83,2107,38,488,43,38
"121","2020-04-09",386,2,89,1312,5748,0.696938065414057,8295,33246,353,528,106,2213,25,513,70,25
"122","2020-04-10",454,2,90,1317,5748,0.696938065414057,8295,33246,353,528,89,2302,36,549,53,36
"123","2020-04-11",478,2,99,1359,5748,0.696938065414057,8295,33246,353,528,98,2400,38,587,60,38
"124","2020-04-12",435,2,111,1374,5748,0.696938065414057,8295,33246,353,528,81,2481,31,618,51,31
"125","2020-04-13",432,2,128,1386,5748,0.696938065414057,8295,33246,353,528,78,2559,32,650,45,32
"126","2020-04-14",446,2,145,1363,5748,0.696938065414057,8295,33246,353,528,79,2638,24,674,52,24
"127","2020-04-15",451,2,163,1372,5748,0.696938065414057,8295,33246,353,528,93,2731,29,703,58,29
"128","2020-04-16",456,2,187,1336,5748,0.696938065414057,8295,33246,353,528,92,2823,52,755,52,52
"129","2020-04-17",472,2,213,1317,5748,0.696938065414057,8295,33246,353,528,89,2912,35,790,51,35
"130","2020-04-18",454,2,216,1316,5748,0.696938065414057,8295,33246,353,528,91,3003,37,827,48,37
"131","2020-04-19",426,2,216,1265,5748,0.696938065414057,8295,33246,353,528,89,3092,30,857,49,30
"132","2020-04-20",420,2,222,1225,5748,0.696938065414057,8295,33246,353,528,80,3172,25,882,51,25
"133","2020-04-21",412,2,208,1178,5748,0.696938065414057,8295,33246,353,528,67,3239,44,926,33,44
"134","2020-04-22",393,2,228,1157,5748,0.696938065414057,8295,33246,353,528,82,3321,36,962,53,36
"135","2020-04-23",375,2,229,1103,5748,0.696938065414057,8295,33246,353,528,57,3378,50,1012,38,50
"136","2020-04-24",361,2,199,1080,5748,0.696938065414057,8295,33246,353,528,74,3452,53,1065,46,53
"137","2020-04-25",360,2,186,1051,5748,0.696938065414057,8295,33246,353,528,71,3523,38,1103,39,38
"138","2020-04-26",360,2,160,1005,5748,0.696938065414057,8295,33246,353,528,72,3595,40,1143,35,40
"139","2020-04-27",367,2,157,995,5748,0.696938065414057,8295,33246,353,528,55,3650,32,1175,26,32
"140","2020-04-28",356,2,150,941,5748,0.696938065414057,8295,33246,353,528,85,3735,20,1195,53,20
"141","2020-04-29",362,2,138,912,5748,0.696938065414057,8295,33246,353,528,46,3781,37,1232,20,37
"142","2020-04-30",366,2,157,848,5748,0.696938065414057,8295,33246,353,528,59,3840,48,1280,25,48
"143","2020-05-01",340,2,161,828,5748,0.696938065414057,8295,33246,353,528,42,3882,38,1318,20,38
"144","2020-05-02",334,2,173,803,5748,0.696938065414057,8295,33246,353,528,62,3944,52,1370,30,52
"145","2020-05-03",305,2,154,776,5748,0.696938065414057,8295,33246,353,528,57,4001,42,1412,36,42
"146","2020-05-04",275,2,147,729,5748,0.696938065414057,8295,33246,353,528,59,4060,40,1452,25,40
"147","2020-05-05",250,2,131,676,5748,0.696938065414057,8295,33246,353,528,46,4106,39,1491,25,39
"148","2020-05-06",235,2,130,624,5748,0.696938065414057,8295,33246,353,528,43,4149,55,1546,23,55
"149","2020-05-07",217,2,145,607,5748,0.696938065414057,8295,33246,353,528,43,4192,34,1580,15,34
"150","2020-05-08",207,2,151,573,5748,0.696938065414057,8295,33246,353,528,39,4231,60,1640,16,60
"151","2020-05-09",199,2,163,555,5748,0.696938065414057,8295,33246,353,528,49,4280,33,1673,26,33
"152","2020-05-10",183,2,154,516,5748,0.696938065414057,8295,33246,353,528,47,4327,32,1705,22,32
"153","2020-05-11",178,2,148,482,5748,0.696938065414057,8295,33246,353,528,40,4367,36,1741,16,36
"154","2020-05-12",171,2,136,462,5748,0.696938065414057,8295,33246,353,528,43,4410,27,1768,17,27
"155","2020-05-13",167,2,130,450,5748,0.696938065414057,8295,33246,353,528,36,4446,27,1795,18,27
"156","2020-05-14",158,2,109,435,5748,0.696938065414057,8295,33246,353,528,41,4487,36,1831,23,36
"157","2020-05-15",142,2,95,406,5748,0.696938065414057,8295,33246,353,528,49,4536,32,1863,24,32
"158","2020-05-16",135,2,80,393,5748,0.696938065414057,8295,33246,353,528,37,4573,41,1904,14,41
"159","2020-05-17",144,2,75,371,5748,0.696938065414057,8295,33246,353,528,26,4599,33,1937,7,33
"160","2020-05-18",139,2,67,355,5748,0.696938065414057,8295,33246,353,528,24,4623,32,1969,12,32
"161","2020-05-19",134,2,59,329,5748,0.696938065414057,8295,33246,353,528,34,4657,36,2005,14,36
"162","2020-05-20",129,2,55,315,5748,0.696938065414057,8295,33246,353,528,33,4690,27,2032,18,27
"163","2020-05-21",133,2,61,289,5748,0.696938065414057,8295,33246,353,528,28,4718,23,2055,12,23
"164","2020-05-22",130,2,84,294,5748,0.696938065414057,8295,33246,353,528,26,4744,31,2086,13,31
"165","2020-05-23",124,2,91,282,5748,0.696938065414057,8295,33246,353,528,17,4761,21,2107,4,21
"166","2020-05-24",103,2,99,269,5748,0.696938065414057,8295,33246,353,528,31,4792,29,2136,9,29
"167","2020-05-25",96,2,108,252,5748,0.696938065414057,8295,33246,353,528,26,4818,45,2181,13,45
"168","2020-05-26",92,2,117,248,5748,0.696938065414057,8295,33246,353,528,33,4851,28,2209,12,28
"169","2020-05-27",85,2,121,246,5748,0.696938065414057,8295,33246,353,528,31,4882,18,2227,12,18
"170","2020-05-28",82,2,121,229,5748,0.696938065414057,8295,33246,353,528,18,4900,25,2252,7,25
"171","2020-05-29",79,2,122,214,5748,0.696938065414057,8295,33246,353,528,25,4925,17,2269,11,17
"172","2020-05-30",82,2,126,208,5748,0.696938065414057,8295,33246,353,528,22,4947,26,2295,7,26
"173","2020-05-31",78,2,124,207,5748,0.696938065414057,8295,33246,353,528,16,4963,15,2310,8,15
"174","2020-06-01",75,2,125,202,5748,0.696938065414057,8295,33246,353,528,14,4977,24,2334,8,24
"175","2020-06-02",72,2,122,196,5748,0.696938065414057,8295,33246,353,528,14,4991,35,2369,6,35
"176","2020-06-03",69,2,111,188,5748,0.696938065414057,8295,33246,353,528,12,5003,30,2399,7,30
"177","2020-06-04",65,2,110,182,5748,0.696938065414057,8295,33246,353,528,12,5015,31,2430,4,31
"178","2020-06-05",61,2,105,176,5748,0.696938065414057,8295,33246,353,528,17,5032,20,2450,8,20
"179","2020-06-06",61,2,89,166,5748,0.696938065414057,8295,33246,353,528,24,5056,13,2463,9,13
"180","2020-06-07",61,2,81,163,5748,0.696938065414057,8295,33246,353,528,11,5067,21,2484,3,21
"181","2020-03-13",1,3,90,117,6404,0.558088694565896,8430,35320,413,1514,27,58,15,44,9,15
"182","2020-03-14",7,3,121,165,6404,0.558088694565896,8430,35320,413,1514,22,80,17,61,13,17
"183","2020-03-15",13,3,131,226,6404,0.558088694565896,8430,35320,413,1514,32,112,28,89,19,28
"184","2020-03-16",19,3,133,301,6404,0.558088694565896,8430,35320,413,1514,26,138,30,119,20,30
"185","2020-03-17",30,3,152,362,6404,0.558088694565896,8430,35320,413,1514,45,183,13,132,35,13
"186","2020-03-18",38,3,181,439,6404,0.558088694565896,8430,35320,413,1514,42,225,26,158,31,26
"187","2020-03-19",51,3,197,506,6404,0.558088694565896,8430,35320,413,1514,53,278,16,174,43,16
"188","2020-03-20",74,3,221,573,6404,0.558088694565896,8430,35320,413,1514,60,338,20,194,47,20
"189","2020-03-21",106,3,271,662,6404,0.558088694565896,8430,35320,413,1514,64,402,24,218,54,24
"190","2020-03-22",167,3,266,752,6404,0.558088694565896,8430,35320,413,1514,87,489,32,250,76,32
"191","2020-03-23",180,3,276,822,6404,0.558088694565896,8430,35320,413,1514,67,556,25,275,50,25
"192","2020-03-24",190,3,281,867,6404,0.558088694565896,8430,35320,413,1514,87,643,26,301,82,26
"193","2020-03-25",210,3,284,927,6404,0.558088694565896,8430,35320,413,1514,106,749,33,334,95,33
"194","2020-03-26",230,3,295,979,6404,0.558088694565896,8430,35320,413,1514,92,841,36,370,79,36
"195","2020-03-27",296,3,307,1064,6404,0.558088694565896,8430,35320,413,1514,118,959,22,392,106,22
"196","2020-03-28",298,3,274,1123,6404,0.558088694565896,8430,35320,413,1514,144,1103,24,416,130,24
"197","2020-03-29",322,3,270,1157,6404,0.558088694565896,8430,35320,413,1514,119,1222,36,452,112,36
"198","2020-03-30",333,3,260,1184,6404,0.558088694565896,8430,35320,413,1514,148,1370,40,492,137,40
"199","2020-03-31",335,3,242,1244,6404,0.558088694565896,8430,35320,413,1514,119,1489,30,522,117,30
"200","2020-04-01",361,3,256,1267,6404,0.558088694565896,8430,35320,413,1514,161,1650,31,553,143,31
"201","2020-04-02",387,3,270,1301,6404,0.558088694565896,8430,35320,413,1514,158,1808,26,579,148,26
"202","2020-04-03",481,3,263,1333,6404,0.558088694565896,8430,35320,413,1514,128,1936,19,598,118,19
"203","2020-04-04",500,3,275,1371,6404,0.558088694565896,8430,35320,413,1514,161,2097,40,638,147,40
"204","2020-04-05",459,3,284,1419,6404,0.558088694565896,8430,35320,413,1514,144,2241,30,668,134,30
"205","2020-04-06",465,3,260,1442,6404,0.558088694565896,8430,35320,413,1514,141,2382,16,684,135,16
"206","2020-04-07",466,3,269,1436,6404,0.558088694565896,8430,35320,413,1514,145,2527,35,719,135,35
"207","2020-04-08",467,3,253,1439,6404,0.558088694565896,8430,35320,413,1514,184,2711,30,749,171,30
"208","2020-04-09",463,3,253,1420,6404,0.558088694565896,8430,35320,413,1514,153,2864,43,792,140,43
"209","2020-04-10",471,3,254,1412,6404,0.558088694565896,8430,35320,413,1514,139,3003,32,824,130,32
"210","2020-04-11",488,3,241,1399,6404,0.558088694565896,8430,35320,413,1514,177,3180,42,866,156,42
"211","2020-04-12",449,3,222,1361,6404,0.558088694565896,8430,35320,413,1514,143,3323,31,897,132,31
"212","2020-04-13",443,3,238,1349,6404,0.558088694565896,8430,35320,413,1514,143,3466,43,940,135,43
"213","2020-04-14",412,3,291,1319,6404,0.558088694565896,8430,35320,413,1514,119,3585,57,997,103,57
"214","2020-04-15",395,3,307,1278,6404,0.558088694565896,8430,35320,413,1514,131,3716,57,1054,122,57
"215","2020-04-16",389,3,295,1269,6404,0.558088694565896,8430,35320,413,1514,124,3840,55,1109,113,55
"216","2020-04-17",422,3,298,1244,6404,0.558088694565896,8430,35320,413,1514,130,3970,40,1149,116,40
"217","2020-04-18",417,3,292,1228,6404,0.558088694565896,8430,35320,413,1514,108,4078,41,1190,100,41
"218","2020-04-19",411,3,282,1175,6404,0.558088694565896,8430,35320,413,1514,122,4200,37,1227,110,37
"219","2020-04-20",406,3,266,1159,6404,0.558088694565896,8430,35320,413,1514,116,4316,24,1251,104,24
"220","2020-04-21",410,3,256,1129,6404,0.558088694565896,8430,35320,413,1514,100,4416,43,1294,91,43
"221","2020-04-22",413,3,251,1107,6404,0.558088694565896,8430,35320,413,1514,76,4492,24,1318,70,24
"222","2020-04-23",411,3,239,1066,6404,0.558088694565896,8430,35320,413,1514,90,4582,30,1348,82,30
"223","2020-04-24",415,3,225,1036,6404,0.558088694565896,8430,35320,413,1514,71,4653,18,1366,62,18
"224","2020-04-25",391,3,239,979,6404,0.558088694565896,8430,35320,413,1514,80,4733,47,1413,72,47
"225","2020-04-26",358,3,266,940,6404,0.558088694565896,8430,35320,413,1514,65,4798,42,1455,59,42
"226","2020-04-27",358,3,297,905,6404,0.558088694565896,8430,35320,413,1514,52,4850,29,1484,41,29
"227","2020-04-28",332,3,318,883,6404,0.558088694565896,8430,35320,413,1514,81,4931,29,1513,72,29
"228","2020-04-29",328,3,320,851,6404,0.558088694565896,8430,35320,413,1514,68,4999,47,1560,54,47
"229","2020-04-30",303,3,333,799,6404,0.558088694565896,8430,35320,413,1514,64,5063,59,1619,57,59
"230","2020-05-01",265,3,320,765,6404,0.558088694565896,8430,35320,413,1514,43,5106,42,1661,30,42
"231","2020-05-02",273,3,313,737,6404,0.558088694565896,8430,35320,413,1514,47,5153,26,1687,41,26
"232","2020-05-03",258,3,327,716,6404,0.558088694565896,8430,35320,413,1514,50,5203,35,1722,45,35
"233","2020-05-04",236,3,311,675,6404,0.558088694565896,8430,35320,413,1514,33,5236,46,1768,27,46
"234","2020-05-05",219,3,302,653,6404,0.558088694565896,8430,35320,413,1514,38,5274,40,1808,33,40
"235","2020-05-06",208,3,305,621,6404,0.558088694565896,8430,35320,413,1514,34,5308,47,1855,26,47
"236","2020-05-07",204,3,296,595,6404,0.558088694565896,8430,35320,413,1514,38,5346,28,1883,28,28
"237","2020-05-08",212,3,278,565,6404,0.558088694565896,8430,35320,413,1514,25,5371,38,1921,21,38
"238","2020-05-09",208,3,268,544,6404,0.558088694565896,8430,35320,413,1514,26,5397,50,1971,22,50
"239","2020-05-10",207,3,261,535,6404,0.558088694565896,8430,35320,413,1514,28,5425,38,2009,25,38
"240","2020-05-11",200,3,275,505,6404,0.558088694565896,8430,35320,413,1514,27,5452,29,2038,22,29
"241","2020-05-12",188,3,315,486,6404,0.558088694565896,8430,35320,413,1514,22,5474,21,2059,15,21
"242","2020-05-13",184,3,305,463,6404,0.558088694565896,8430,35320,413,1514,35,5509,44,2103,20,44
"243","2020-05-14",179,3,293,448,6404,0.558088694565896,8430,35320,413,1514,22,5531,26,2129,19,26
"244","2020-05-15",185,3,287,426,6404,0.558088694565896,8430,35320,413,1514,21,5552,28,2157,17,28
"245","2020-05-16",179,3,275,415,6404,0.558088694565896,8430,35320,413,1514,18,5570,43,2200,16,43
"246","2020-05-17",134,3,259,394,6404,0.558088694565896,8430,35320,413,1514,20,5590,26,2226,17,26
"247","2020-05-18",129,3,248,365,6404,0.558088694565896,8430,35320,413,1514,21,5611,21,2247,18,21
"248","2020-05-19",132,3,285,354,6404,0.558088694565896,8430,35320,413,1514,17,5628,21,2268,8,21
"249","2020-05-20",121,3,282,347,6404,0.558088694565896,8430,35320,413,1514,16,5644,33,2301,12,33
"250","2020-05-21",128,3,290,323,6404,0.558088694565896,8430,35320,413,1514,22,5666,23,2324,17,23
"251","2020-05-22",126,3,268,322,6404,0.558088694565896,8430,35320,413,1514,17,5683,26,2350,14,26
"252","2020-05-23",113,3,258,315,6404,0.558088694565896,8430,35320,413,1514,15,5698,35,2385,11,35
"253","2020-05-24",107,3,303,300,6404,0.558088694565896,8430,35320,413,1514,21,5719,35,2420,16,35
"254","2020-05-25",98,3,284,296,6404,0.558088694565896,8430,35320,413,1514,8,5727,28,2448,6,28
"255","2020-05-26",90,3,276,282,6404,0.558088694565896,8430,35320,413,1514,6,5733,25,2473,6,25
"256","2020-05-27",89,3,280,268,6404,0.558088694565896,8430,35320,413,1514,11,5744,32,2505,9,32
"257","2020-05-28",74,3,282,268,6404,0.558088694565896,8430,35320,413,1514,17,5761,34,2539,13,34
"258","2020-05-29",74,3,265,268,6404,0.558088694565896,8430,35320,413,1514,8,5769,20,2559,6,20
"259","2020-05-30",82,3,260,259,6404,0.558088694565896,8430,35320,413,1514,13,5782,38,2597,12,38
"260","2020-05-31",76,3,258,243,6404,0.558088694565896,8430,35320,413,1514,6,5788,27,2624,6,27
"261","2020-06-01",75,3,279,230,6404,0.558088694565896,8430,35320,413,1514,11,5799,34,2658,9,34
"262","2020-06-02",75,3,289,222,6404,0.558088694565896,8430,35320,413,1514,7,5806,22,2680,6,22
"263","2020-06-03",75,3,276,209,6404,0.558088694565896,8430,35320,413,1514,10,5816,29,2709,8,29
"264","2020-06-04",80,3,281,194,6404,0.558088694565896,8430,35320,413,1514,7,5823,40,2749,6,40
"265","2020-06-05",75,3,279,176,6404,0.558088694565896,8430,35320,413,1514,10,5833,34,2783,7,34
"266","2020-06-06",68,3,276,165,6404,0.558088694565896,8430,35320,413,1514,9,5842,27,2810,8,27
"267","2020-06-07",65,3,284,154,6404,0.558088694565896,8430,35320,413,1514,6,5848,27,2837,5,27
"268","2020-03-13",1,4,44,58,5193,0.710764490660505,8280,33266,336,723,66,168,35,115,21,35
"269","2020-03-14",9,4,56,80,5193,0.710764490660505,8280,33266,336,723,70,238,49,164,28,49
"270","2020-03-15",14,4,80,113,5193,0.710764490660505,8280,33266,336,723,79,317,33,197,41,33
"271","2020-03-16",18,4,79,144,5193,0.710764490660505,8280,33266,336,723,81,398,65,262,45,65
"272","2020-03-17",21,4,81,183,5193,0.710764490660505,8280,33266,336,723,85,483,25,287,38,25
"273","2020-03-18",25,4,91,221,5193,0.710764490660505,8280,33266,336,723,85,568,18,305,43,18
"274","2020-03-19",30,4,95,255,5193,0.710764490660505,8280,33266,336,723,85,653,61,366,42,61
"275","2020-03-20",43,4,89,301,5193,0.710764490660505,8280,33266,336,723,115,768,45,411,79,45
"276","2020-03-21",64,4,78,343,5193,0.710764490660505,8280,33266,336,723,88,856,25,436,55,25
"277","2020-03-22",79,4,68,375,5193,0.710764490660505,8280,33266,336,723,111,967,46,482,79,46
"278","2020-03-23",85,4,61,410,5193,0.710764490660505,8280,33266,336,723,101,1068,43,525,57,43
"279","2020-03-24",91,4,52,457,5193,0.710764490660505,8280,33266,336,723,100,1168,42,567,62,42
"280","2020-03-25",104,4,68,497,5193,0.710764490660505,8280,33266,336,723,120,1288,60,627,73,60
"281","2020-03-26",121,4,81,537,5193,0.710764490660505,8280,33266,336,723,124,1412,28,655,86,28
"282","2020-03-27",160,4,86,582,5193,0.710764490660505,8280,33266,336,723,113,1525,11,666,69,11
"283","2020-03-28",171,4,85,624,5193,0.710764490660505,8280,33266,336,723,93,1618,9,675,60,9
"284","2020-03-29",213,4,109,673,5193,0.710764490660505,8280,33266,336,723,89,1707,8,683,39,8
"285","2020-03-30",218,4,110,701,5193,0.710764490660505,8280,33266,336,723,106,1813,28,711,65,28
"286","2020-03-31",218,4,135,733,5193,0.710764490660505,8280,33266,336,723,105,1918,64,775,60,64
"287","2020-04-01",231,4,165,780,5193,0.710764490660505,8280,33266,336,723,116,2034,85,860,77,85
"288","2020-04-02",244,4,203,803,5193,0.710764490660505,8280,33266,336,723,102,2136,32,892,67,32
"289","2020-04-03",293,4,185,845,5193,0.710764490660505,8280,33266,336,723,116,2252,21,913,64,21
"290","2020-04-04",291,4,169,895,5193,0.710764490660505,8280,33266,336,723,112,2364,55,968,61,55
"291","2020-04-05",270,4,146,913,5193,0.710764490660505,8280,33266,336,723,102,2466,57,1025,78,57
"292","2020-04-06",274,4,138,963,5193,0.710764490660505,8280,33266,336,723,103,2569,46,1071,74,46
"293","2020-04-07",274,4,129,987,5193,0.710764490660505,8280,33266,336,723,81,2650,28,1099,50,28
"294","2020-04-08",279,4,121,1010,5193,0.710764490660505,8280,33266,336,723,85,2735,22,1121,47,22
"295","2020-04-09",290,4,111,1012,5193,0.710764490660505,8280,33266,336,723,86,2821,32,1153,41,32
"296","2020-04-10",306,4,101,1034,5193,0.710764490660505,8280,33266,336,723,87,2908,20,1173,50,20
"297","2020-04-11",347,4,88,1028,5193,0.710764490660505,8280,33266,336,723,93,3001,54,1227,51,54
"298","2020-04-12",325,4,74,1066,5193,0.710764490660505,8280,33266,336,723,91,3092,24,1251,37,24
"299","2020-04-13",329,4,90,1061,5193,0.710764490660505,8280,33266,336,723,68,3160,26,1277,41,26
"300","2020-04-14",336,4,124,1078,5193,0.710764490660505,8280,33266,336,723,95,3255,14,1291,43,14
"301","2020-04-15",336,4,125,1074,5193,0.710764490660505,8280,33266,336,723,84,3339,18,1309,53,18
"302","2020-04-16",343,4,123,1075,5193,0.710764490660505,8280,33266,336,723,91,3430,36,1345,50,36
"303","2020-04-17",412,4,125,1066,5193,0.710764490660505,8280,33266,336,723,84,3514,23,1368,45,23
"304","2020-04-18",393,4,131,1056,5193,0.710764490660505,8280,33266,336,723,85,3599,18,1386,56,18
"305","2020-04-19",393,4,175,1031,5193,0.710764490660505,8280,33266,336,723,84,3683,53,1439,51,53
"306","2020-04-20",390,4,167,1024,5193,0.710764490660505,8280,33266,336,723,73,3756,52,1491,38,52
"307","2020-04-21",378,4,141,1005,5193,0.710764490660505,8280,33266,336,723,91,3847,52,1543,48,52
"308","2020-04-22",380,4,134,991,5193,0.710764490660505,8280,33266,336,723,75,3922,38,1581,36,38
"309","2020-04-23",368,4,107,969,5193,0.710764490660505,8280,33266,336,723,57,3979,27,1608,27,27
"310","2020-04-24",362,4,110,951,5193,0.710764490660505,8280,33266,336,723,69,4048,37,1645,38,37
"311","2020-04-25",369,4,135,919,5193,0.710764490660505,8280,33266,336,723,80,4128,22,1667,42,22
"312","2020-04-26",326,4,147,908,5193,0.710764490660505,8280,33266,336,723,74,4202,21,1688,38,21
"313","2020-04-27",316,4,165,904,5193,0.710764490660505,8280,33266,336,723,80,4282,17,1705,45,17
"314","2020-04-28",306,4,178,881,5193,0.710764490660505,8280,33266,336,723,71,4353,8,1713,40,8
"315","2020-04-29",296,4,203,862,5193,0.710764490660505,8280,33266,336,723,67,4420,15,1728,35,15
"316","2020-04-30",277,4,243,831,5193,0.710764490660505,8280,33266,336,723,56,4476,28,1756,28,28
"317","2020-05-01",264,4,253,795,5193,0.710764490660505,8280,33266,336,723,54,4530,8,1764,27,8
"318","2020-05-02",256,4,276,763,5193,0.710764490660505,8280,33266,336,723,65,4595,18,1782,31,18
"319","2020-05-03",243,4,277,730,5193,0.710764490660505,8280,33266,336,723,54,4649,45,1827,29,45
"320","2020-05-04",233,4,278,704,5193,0.710764490660505,8280,33266,336,723,58,4707,30,1857,36,30
"321","2020-05-05",224,4,280,671,5193,0.710764490660505,8280,33266,336,723,67,4774,80,1937,37,80
"322","2020-05-06",224,4,272,638,5193,0.710764490660505,8280,33266,336,723,50,4824,63,2000,27,63
"323","2020-05-07",228,4,239,643,5193,0.710764490660505,8280,33266,336,723,54,4878,24,2024,31,24
"324","2020-05-08",220,4,202,635,5193,0.710764490660505,8280,33266,336,723,73,4951,24,2048,41,24
"325","2020-05-09",225,4,197,640,5193,0.710764490660505,8280,33266,336,723,50,5001,16,2064,23,16
"326","2020-05-10",219,4,201,624,5193,0.710764490660505,8280,33266,336,723,46,5047,12,2076,23,12
"327","2020-05-11",215,4,208,615,5193,0.710764490660505,8280,33266,336,723,31,5078,32,2108,19,32
"328","2020-05-12",216,4,179,582,5193,0.710764490660505,8280,33266,336,723,40,5118,24,2132,22,24
"329","2020-05-13",216,4,162,564,5193,0.710764490660505,8280,33266,336,723,41,5159,71,2203,17,71
"330","2020-05-14",216,4,159,560,5193,0.710764490660505,8280,33266,336,723,28,5187,85,2288,11,85
"331","2020-05-15",209,4,209,533,5193,0.710764490660505,8280,33266,336,723,40,5227,24,2312,16,24
"332","2020-05-16",201,4,233,508,5193,0.710764490660505,8280,33266,336,723,31,5258,21,2333,14,21
"333","2020-05-17",179,4,219,489,5193,0.710764490660505,8280,33266,336,723,27,5285,17,2350,18,17
"334","2020-05-18",164,4,238,468,5193,0.710764490660505,8280,33266,336,723,29,5314,12,2362,13,12
"335","2020-05-19",161,4,242,455,5193,0.710764490660505,8280,33266,336,723,28,5342,13,2375,13,13
"336","2020-05-20",145,4,233,432,5193,0.710764490660505,8280,33266,336,723,22,5364,17,2392,10,17
"337","2020-05-21",130,4,226,410,5193,0.710764490660505,8280,33266,336,723,16,5380,14,2406,12,14
"338","2020-05-22",128,4,214,388,5193,0.710764490660505,8280,33266,336,723,29,5409,3,2409,9,3
"339","2020-05-23",125,4,233,360,5193,0.710764490660505,8280,33266,336,723,25,5434,67,2476,15,67
"340","2020-05-24",115,4,218,344,5193,0.710764490660505,8280,33266,336,723,29,5463,22,2498,17,22
"341","2020-05-25",112,4,199,343,5193,0.710764490660505,8280,33266,336,723,18,5481,25,2523,8,25
"342","2020-05-26",96,4,205,338,5193,0.710764490660505,8280,33266,336,723,33,5514,65,2588,20,65
"343","2020-05-27",101,4,194,338,5193,0.710764490660505,8280,33266,336,723,26,5540,46,2634,11,46
"344","2020-05-28",105,4,180,328,5193,0.710764490660505,8280,33266,336,723,21,5561,31,2665,13,31
"345","2020-05-29",112,4,162,308,5193,0.710764490660505,8280,33266,336,723,29,5590,28,2693,12,28
"346","2020-05-30",104,4,149,303,5193,0.710764490660505,8280,33266,336,723,19,5609,19,2712,12,19
"347","2020-05-31",115,4,172,288,5193,0.710764490660505,8280,33266,336,723,18,5627,56,2768,8,56
"348","2020-06-01",110,4,172,286,5193,0.710764490660505,8280,33266,336,723,18,5645,43,2811,5,43
"349","2020-06-02",113,4,150,273,5193,0.710764490660505,8280,33266,336,723,18,5663,21,2832,9,21
"350","2020-06-03",101,4,133,262,5193,0.710764490660505,8280,33266,336,723,27,5690,22,2854,17,22
"351","2020-06-04",91,4,124,241,5193,0.710764490660505,8280,33266,336,723,21,5711,32,2886,11,32
"352","2020-06-05",85,4,110,234,5193,0.710764490660505,8280,33266,336,723,12,5723,26,2912,5,26
"353","2020-06-06",85,4,98,217,5193,0.710764490660505,8280,33266,336,723,22,5745,48,2960,10,48
"354","2020-06-07",80,4,98,212,5193,0.710764490660505,8280,33266,336,723,12,5757,39,2999,6,39
"355","2020-03-13",1,5,28,85,5556,0.648848092152628,8310,33051,309,523,9,35,23,35,3,23
"356","2020-03-14",6,5,36,111,5556,0.648848092152628,8310,33051,309,523,21,56,15,50,6,15
"357","2020-03-15",10,5,44,143,5556,0.648848092152628,8310,33051,309,523,23,79,23,73,10,23
"358","2020-03-16",12,5,47,197,5556,0.648848092152628,8310,33051,309,523,36,115,19,92,20,19
"359","2020-03-17",18,5,54,243,5556,0.648848092152628,8310,33051,309,523,24,139,31,123,16,31
"360","2020-03-18",30,5,59,291,5556,0.648848092152628,8310,33051,309,523,33,172,26,149,22,26
"361","2020-03-19",43,5,58,333,5556,0.648848092152628,8310,33051,309,523,46,218,15,164,36,15
"362","2020-03-20",62,5,57,397,5556,0.648848092152628,8310,33051,309,523,44,262,18,182,35,18
"363","2020-03-21",86,5,67,443,5556,0.648848092152628,8310,33051,309,523,49,311,31,213,37,31
"364","2020-03-22",124,5,79,520,5556,0.648848092152628,8310,33051,309,523,43,354,47,260,34,47
"365","2020-03-23",139,5,76,548,5556,0.648848092152628,8310,33051,309,523,86,440,45,305,67,45
"366","2020-03-24",134,5,84,581,5556,0.648848092152628,8310,33051,309,523,78,518,26,331,63,26
"367","2020-03-25",144,5,94,649,5556,0.648848092152628,8310,33051,309,523,78,596,21,352,67,21
"368","2020-03-26",151,5,88,721,5556,0.648848092152628,8310,33051,309,523,88,684,18,370,73,18
"369","2020-03-27",200,5,102,774,5556,0.648848092152628,8310,33051,309,523,90,774,20,390,78,20
"370","2020-03-28",246,5,110,829,5556,0.648848092152628,8310,33051,309,523,113,887,14,404,98,14
"371","2020-03-29",257,5,127,855,5556,0.648848092152628,8310,33051,309,523,110,997,11,415,99,11
"372","2020-03-30",259,5,124,905,5556,0.648848092152628,8310,33051,309,523,131,1128,14,429,117,14
"373","2020-03-31",265,5,130,936,5556,0.648848092152628,8310,33051,309,523,107,1235,15,444,100,15
"374","2020-04-01",264,5,123,989,5556,0.648848092152628,8310,33051,309,523,128,1363,12,456,113,12
"375","2020-04-02",279,5,118,1035,5556,0.648848092152628,8310,33051,309,523,147,1510,24,480,127,24
"376","2020-04-03",317,5,116,1077,5556,0.648848092152628,8310,33051,309,523,189,1699,23,503,171,23
"377","2020-04-04",322,5,132,1100,5556,0.648848092152628,8310,33051,309,523,142,1841,21,524,129,21
"378","2020-04-05",304,5,140,1125,5556,0.648848092152628,8310,33051,309,523,172,2013,53,577,163,53
"379","2020-04-06",308,5,136,1171,5556,0.648848092152628,8310,33051,309,523,162,2175,55,632,144,55
"380","2020-04-07",323,5,135,1201,5556,0.648848092152628,8310,33051,309,523,168,2343,43,675,157,43
"381","2020-04-08",362,5,130,1203,5556,0.648848092152628,8310,33051,309,523,154,2497,52,727,137,52
"382","2020-04-09",376,5,131,1213,5556,0.648848092152628,8310,33051,309,523,144,2641,56,783,132,56
"383","2020-04-10",455,5,144,1233,5556,0.648848092152628,8310,33051,309,523,150,2791,39,822,139,39
"384","2020-04-11",441,5,155,1241,5556,0.648848092152628,8310,33051,309,523,183,2974,54,876,172,54
"385","2020-04-12",443,5,145,1236,5556,0.648848092152628,8310,33051,309,523,163,3137,26,902,155,26
"386","2020-04-13",437,5,137,1245,5556,0.648848092152628,8310,33051,309,523,152,3289,31,933,139,31
"387","2020-04-14",428,5,131,1237,5556,0.648848092152628,8310,33051,309,523,193,3482,52,985,183,52
"388","2020-04-15",415,5,134,1210,5556,0.648848092152628,8310,33051,309,523,171,3653,27,1012,162,27
"389","2020-04-16",412,5,128,1194,5556,0.648848092152628,8310,33051,309,523,179,3832,36,1048,168,36
"390","2020-04-17",411,5,123,1155,5556,0.648848092152628,8310,33051,309,523,134,3966,29,1077,124,29
"391","2020-04-18",435,5,143,1122,5556,0.648848092152628,8310,33051,309,523,141,4107,22,1099,123,22
"392","2020-04-19",381,5,134,1097,5556,0.648848092152628,8310,33051,309,523,118,4225,19,1118,105,19
"393","2020-04-20",372,5,126,1073,5556,0.648848092152628,8310,33051,309,523,128,4353,14,1132,117,14
"394","2020-04-21",363,5,110,1073,5556,0.648848092152628,8310,33051,309,523,120,4473,52,1184,107,52
"395","2020-04-22",361,5,103,1049,5556,0.648848092152628,8310,33051,309,523,120,4593,22,1206,112,22
"396","2020-04-23",356,5,104,1018,5556,0.648848092152628,8310,33051,309,523,116,4709,18,1224,102,18
"397","2020-04-24",369,5,97,971,5556,0.648848092152628,8310,33051,309,523,87,4796,25,1249,83,25
"398","2020-04-25",347,5,89,968,5556,0.648848092152628,8310,33051,309,523,83,4879,37,1286,75,37
"399","2020-04-26",344,5,76,953,5556,0.648848092152628,8310,33051,309,523,86,4965,43,1329,80,43
"400","2020-04-27",330,5,69,917,5556,0.648848092152628,8310,33051,309,523,71,5036,27,1356,56,27
"401","2020-04-28",318,5,92,884,5556,0.648848092152628,8310,33051,309,523,60,5096,25,1381,51,25
"402","2020-04-29",310,5,115,872,5556,0.648848092152628,8310,33051,309,523,62,5158,22,1403,49,22
"403","2020-04-30",297,5,133,838,5556,0.648848092152628,8310,33051,309,523,53,5211,20,1423,45,20
"404","2020-05-01",307,5,143,800,5556,0.648848092152628,8310,33051,309,523,44,5255,48,1471,38,48
"405","2020-05-02",295,5,145,760,5556,0.648848092152628,8310,33051,309,523,45,5300,55,1526,41,55
"406","2020-05-03",265,5,142,722,5556,0.648848092152628,8310,33051,309,523,40,5340,59,1585,32,59
"407","2020-05-04",263,5,138,700,5556,0.648848092152628,8310,33051,309,523,37,5377,37,1622,33,37
"408","2020-05-05",260,5,143,640,5556,0.648848092152628,8310,33051,309,523,31,5408,28,1650,26,28
"409","2020-05-06",246,5,133,604,5556,0.648848092152628,8310,33051,309,523,29,5437,19,1669,17,19
"410","2020-05-07",238,5,118,577,5556,0.648848092152628,8310,33051,309,523,41,5478,27,1696,32,27
"411","2020-05-08",215,5,110,548,5556,0.648848092152628,8310,33051,309,523,31,5509,23,1719,22,23
"412","2020-05-09",222,5,106,537,5556,0.648848092152628,8310,33051,309,523,20,5529,18,1737,17,18
"413","2020-05-10",185,5,107,514,5556,0.648848092152628,8310,33051,309,523,22,5551,32,1769,20,32
"414","2020-05-11",188,5,108,509,5556,0.648848092152628,8310,33051,309,523,24,5575,47,1816,14,47
"415","2020-05-12",176,5,115,482,5556,0.648848092152628,8310,33051,309,523,22,5597,40,1856,14,40
"416","2020-05-13",173,5,127,464,5556,0.648848092152628,8310,33051,309,523,13,5610,41,1897,7,41
"417","2020-05-14",178,5,126,447,5556,0.648848092152628,8310,33051,309,523,22,5632,54,1951,15,54
"418","2020-05-15",172,5,117,431,5556,0.648848092152628,8310,33051,309,523,19,5651,34,1985,15,34
"419","2020-05-16",166,5,136,406,5556,0.648848092152628,8310,33051,309,523,18,5669,19,2004,12,19
"420","2020-05-17",161,5,145,385,5556,0.648848092152628,8310,33051,309,523,17,5686,30,2034,11,30
"421","2020-05-18",137,5,145,384,5556,0.648848092152628,8310,33051,309,523,17,5703,25,2059,14,25
"422","2020-05-19",126,5,142,366,5556,0.648848092152628,8310,33051,309,523,10,5713,12,2071,10,12
"423","2020-05-20",116,5,139,361,5556,0.648848092152628,8310,33051,309,523,13,5726,10,2081,9,10
"424","2020-05-21",101,5,149,338,5556,0.648848092152628,8310,33051,309,523,19,5745,15,2096,12,15
"425","2020-05-22",93,5,150,324,5556,0.648848092152628,8310,33051,309,523,7,5752,32,2128,6,32
"426","2020-05-23",83,5,140,321,5556,0.648848092152628,8310,33051,309,523,12,5764,26,2154,7,26
"427","2020-05-24",85,5,133,298,5556,0.648848092152628,8310,33051,309,523,10,5774,36,2190,4,36
"428","2020-05-25",90,5,116,308,5556,0.648848092152628,8310,33051,309,523,12,5786,30,2220,8,30
"429","2020-05-26",89,5,103,296,5556,0.648848092152628,8310,33051,309,523,7,5793,22,2242,5,22
"430","2020-05-27",94,5,91,284,5556,0.648848092152628,8310,33051,309,523,13,5806,32,2274,12,32
"431","2020-05-28",93,5,100,284,5556,0.648848092152628,8310,33051,309,523,6,5812,24,2298,4,24
"432","2020-05-29",98,5,95,265,5556,0.648848092152628,8310,33051,309,523,7,5819,37,2335,3,37
"433","2020-05-30",97,5,92,249,5556,0.648848092152628,8310,33051,309,523,10,5829,33,2368,5,33
"434","2020-05-31",87,5,80,244,5556,0.648848092152628,8310,33051,309,523,4,5833,52,2420,3,52
"435","2020-06-01",84,5,75,219,5556,0.648848092152628,8310,33051,309,523,8,5841,37,2457,6,37
"436","2020-06-02",79,5,72,218,5556,0.648848092152628,8310,33051,309,523,7,5848,32,2489,3,32
"437","2020-06-03",70,5,78,205,5556,0.648848092152628,8310,33051,309,523,6,5854,26,2515,2,26
"438","2020-06-04",77,5,78,194,5556,0.648848092152628,8310,33051,309,523,5,5859,21,2536,4,21
"439","2020-06-05",71,5,66,189,5556,0.648848092152628,8310,33051,309,523,10,5869,20,2556,4,20
"440","2020-06-06",73,5,69,173,5556,0.648848092152628,8310,33051,309,523,4,5873,22,2578,3,22
"441","2020-06-07",73,5,71,160,5556,0.648848092152628,8310,33051,309,523,7,5880,36,2614,6,36
"442","2020-03-13",4,6,71,80,5618,0.724635101459594,8400,34402,289,919,25,80,30,58,4,30
"443","2020-03-14",16,6,78,109,5618,0.724635101459594,8400,34402,289,919,36,116,44,102,11,44
"444","2020-03-15",16,6,115,148,5618,0.724635101459594,8400,34402,289,919,29,145,39,141,13,39
"445","2020-03-16",19,6,138,192,5618,0.724635101459594,8400,34402,289,919,49,194,30,171,23,30
"446","2020-03-17",26,6,129,240,5618,0.724635101459594,8400,34402,289,919,57,251,31,202,28,31
"447","2020-03-18",39,6,131,281,5618,0.724635101459594,8400,34402,289,919,55,306,15,217,33,15
"448","2020-03-19",47,6,150,342,5618,0.724635101459594,8400,34402,289,919,61,367,12,229,41,12
"449","2020-03-20",68,6,186,406,5618,0.724635101459594,8400,34402,289,919,69,436,9,238,38,9
"450","2020-03-21",83,6,220,464,5618,0.724635101459594,8400,34402,289,919,67,503,11,249,46,11
"451","2020-03-22",113,6,212,534,5618,0.724635101459594,8400,34402,289,919,77,580,4,253,48,4
"452","2020-03-23",119,6,182,594,5618,0.724635101459594,8400,34402,289,919,101,681,4,257,67,4
"453","2020-03-24",123,6,138,641,5618,0.724635101459594,8400,34402,289,919,102,783,9,266,72,9
"454","2020-03-25",135,6,119,688,5618,0.724635101459594,8400,34402,289,919,80,863,39,305,54,39
"455","2020-03-26",162,6,98,737,5618,0.724635101459594,8400,34402,289,919,107,970,18,323,86,18
"456","2020-03-27",206,6,99,777,5618,0.724635101459594,8400,34402,289,919,87,1057,18,341,65,18
"457","2020-03-28",212,6,129,831,5618,0.724635101459594,8400,34402,289,919,82,1139,11,352,66,11
"458","2020-03-29",261,6,141,866,5618,0.724635101459594,8400,34402,289,919,111,1250,17,369,89,17
"459","2020-03-30",265,6,154,892,5618,0.724635101459594,8400,34402,289,919,110,1360,36,405,87,36
"460","2020-03-31",261,6,164,938,5618,0.724635101459594,8400,34402,289,919,100,1460,31,436,72,31
"461","2020-04-01",273,6,201,980,5618,0.724635101459594,8400,34402,289,919,118,1578,23,459,90,23
"462","2020-04-02",284,6,218,1020,5618,0.724635101459594,8400,34402,289,919,124,1702,12,471,102,12
"463","2020-04-03",358,6,234,1038,5618,0.724635101459594,8400,34402,289,919,121,1823,20,491,94,20
"464","2020-04-04",387,6,261,1041,5618,0.724635101459594,8400,34402,289,919,112,1935,19,510,83,19
"465","2020-04-05",361,6,265,1063,5618,0.724635101459594,8400,34402,289,919,134,2069,10,520,109,10
"466","2020-04-06",375,6,252,1083,5618,0.724635101459594,8400,34402,289,919,126,2195,50,570,93,50
"467","2020-04-07",369,6,257,1121,5618,0.724635101459594,8400,34402,289,919,138,2333,29,599,107,29
"468","2020-04-08",366,6,242,1145,5618,0.724635101459594,8400,34402,289,919,127,2460,68,667,100,68
"469","2020-04-09",352,6,249,1128,5618,0.724635101459594,8400,34402,289,919,160,2620,51,718,133,51
"470","2020-04-10",385,6,226,1107,5618,0.724635101459594,8400,34402,289,919,106,2726,21,739,82,21
"471","2020-04-11",400,6,204,1145,5618,0.724635101459594,8400,34402,289,919,136,2862,20,759,106,20
"472","2020-04-12",377,6,197,1118,5618,0.724635101459594,8400,34402,289,919,104,2966,53,812,79,53
"473","2020-04-13",373,6,216,1143,5618,0.724635101459594,8400,34402,289,919,125,3091,52,864,83,52
"474","2020-04-14",360,6,194,1141,5618,0.724635101459594,8400,34402,289,919,116,3207,51,915,88,51
"475","2020-04-15",364,6,173,1120,5618,0.724635101459594,8400,34402,289,919,96,3303,19,934,71,19
"476","2020-04-16",365,6,158,1107,5618,0.724635101459594,8400,34402,289,919,113,3416,18,952,86,18
"477","2020-04-17",385,6,198,1103,5618,0.724635101459594,8400,34402,289,919,100,3516,22,974,82,22
"478","2020-04-18",373,6,221,1069,5618,0.724635101459594,8400,34402,289,919,109,3625,18,992,87,18
"479","2020-04-19",329,6,209,1029,5618,0.724635101459594,8400,34402,289,919,113,3738,16,1008,83,16
"480","2020-04-20",316,6,187,1010,5618,0.724635101459594,8400,34402,289,919,88,3826,57,1065,63,57
"481","2020-04-21",314,6,170,982,5618,0.724635101459594,8400,34402,289,919,86,3912,31,1096,70,31
"482","2020-04-22",313,6,142,984,5618,0.724635101459594,8400,34402,289,919,94,4006,39,1135,78,39
"483","2020-04-23",322,6,129,948,5618,0.724635101459594,8400,34402,289,919,54,4060,51,1186,42,51
"484","2020-04-24",293,6,174,919,5618,0.724635101459594,8400,34402,289,919,101,4161,29,1215,78,29
"485","2020-04-25",293,6,176,895,5618,0.724635101459594,8400,34402,289,919,71,4232,67,1282,50,67
"486","2020-04-26",294,6,168,883,5618,0.724635101459594,8400,34402,289,919,72,4304,30,1312,59,30
"487","2020-04-27",294,6,175,890,5618,0.724635101459594,8400,34402,289,919,74,4378,38,1350,44,38
"488","2020-04-28",287,6,191,874,5618,0.724635101459594,8400,34402,289,919,54,4432,59,1409,40,59
"489","2020-04-29",287,6,182,873,5618,0.724635101459594,8400,34402,289,919,57,4489,60,1469,38,60
"490","2020-04-30",269,6,173,855,5618,0.724635101459594,8400,34402,289,919,59,4548,49,1518,39,49
"491","2020-05-01",300,6,194,824,5618,0.724635101459594,8400,34402,289,919,56,4604,31,1549,38,31
"492","2020-05-02",310,6,187,795,5618,0.724635101459594,8400,34402,289,919,55,4659,45,1594,37,45
"493","2020-05-03",284,6,168,751,5618,0.724635101459594,8400,34402,289,919,46,4705,24,1618,32,24
"494","2020-05-04",274,6,200,737,5618,0.724635101459594,8400,34402,289,919,43,4748,16,1634,31,16
"495","2020-05-05",263,6,201,712,5618,0.724635101459594,8400,34402,289,919,34,4782,23,1657,22,23
"496","2020-05-06",246,6,231,697,5618,0.724635101459594,8400,34402,289,919,37,4819,22,1679,22,22
"497","2020-05-07",246,6,247,671,5618,0.724635101459594,8400,34402,289,919,38,4857,18,1697,26,18
"498","2020-05-08",238,6,216,634,5618,0.724635101459594,8400,34402,289,919,43,4900,13,1710,30,13
"499","2020-05-09",217,6,182,613,5618,0.724635101459594,8400,34402,289,919,29,4929,10,1720,14,10
"500","2020-05-10",208,6,164,590,5618,0.724635101459594,8400,34402,289,919,50,4979,20,1740,23,20
"501","2020-05-11",202,6,154,578,5618,0.724635101459594,8400,34402,289,919,38,5017,21,1761,20,21
"502","2020-05-12",194,6,152,555,5618,0.724635101459594,8400,34402,289,919,18,5035,22,1783,8,22
"503","2020-05-13",195,6,203,527,5618,0.724635101459594,8400,34402,289,919,27,5062,15,1798,10,15
"504","2020-05-14",191,6,239,496,5618,0.724635101459594,8400,34402,289,919,34,5096,11,1809,22,11
"505","2020-05-15",180,6,240,480,5618,0.724635101459594,8400,34402,289,919,18,5114,15,1824,8,15
"506","2020-05-16",189,6,224,464,5618,0.724635101459594,8400,34402,289,919,39,5153,10,1834,19,10
"507","2020-05-17",162,6,206,451,5618,0.724635101459594,8400,34402,289,919,30,5183,46,1880,14,46
"508","2020-05-18",149,6,203,431,5618,0.724635101459594,8400,34402,289,919,17,5200,22,1902,9,22
"509","2020-05-19",142,6,213,419,5618,0.724635101459594,8400,34402,289,919,33,5233,42,1944,17,42
"510","2020-05-20",137,6,215,407,5618,0.724635101459594,8400,34402,289,919,20,5253,26,1970,12,26
"511","2020-05-21",133,6,213,407,5618,0.724635101459594,8400,34402,289,919,21,5274,47,2017,10,47
"512","2020-05-22",129,6,221,397,5618,0.724635101459594,8400,34402,289,919,19,5293,33,2050,8,33
"513","2020-05-23",135,6,232,372,5618,0.724635101459594,8400,34402,289,919,31,5324,36,2086,21,36
"514","2020-05-24",131,6,238,359,5618,0.724635101459594,8400,34402,289,919,19,5343,70,2156,12,70
"515","2020-05-25",120,6,250,360,5618,0.724635101459594,8400,34402,289,919,11,5354,44,2200,3,44
"516","2020-05-26",119,6,256,347,5618,0.724635101459594,8400,34402,289,919,14,5368,43,2243,10,43
"517","2020-05-27",117,6,258,337,5618,0.724635101459594,8400,34402,289,919,20,5388,25,2268,14,25
"518","2020-05-28",119,6,243,344,5618,0.724635101459594,8400,34402,289,919,12,5400,18,2286,5,18
"519","2020-05-29",128,6,236,326,5618,0.724635101459594,8400,34402,289,919,21,5421,32,2318,7,32
"520","2020-05-30",118,6,237,324,5618,0.724635101459594,8400,34402,289,919,11,5432,33,2351,8,33
"521","2020-05-31",103,6,237,292,5618,0.724635101459594,8400,34402,289,919,15,5447,52,2403,8,52
"522","2020-06-01",104,6,241,281,5618,0.724635101459594,8400,34402,289,919,10,5457,43,2446,7,43
"523","2020-06-02",104,6,243,262,5618,0.724635101459594,8400,34402,289,919,9,5466,47,2493,6,47
"524","2020-06-03",100,6,218,248,5618,0.724635101459594,8400,34402,289,919,12,5478,31,2524,5,31
"525","2020-06-04",92,6,185,231,5618,0.724635101459594,8400,34402,289,919,20,5498,19,2543,9,19
"526","2020-06-05",85,6,161,221,5618,0.724635101459594,8400,34402,289,919,9,5507,12,2555,5,12
"527","2020-06-06",75,6,164,209,5618,0.724635101459594,8400,34402,289,919,6,5513,21,2576,4,21
"528","2020-06-07",74,6,180,196,5618,0.724635101459594,8400,34402,289,919,9,5522,24,2600,6,24
"529","2020-03-12",1,7,31,95,5940,0.379461279461279,8355,35955,351,536,12,26,35,60,NA,35
"530","2020-03-13",8,7,34,138,5940,0.379461279461279,8355,35955,351,536,17,43,15,75,6,15
"531","2020-03-14",14,7,49,194,5940,0.379461279461279,8355,35955,351,536,28,71,30,105,8,30
"532","2020-03-15",24,7,56,255,5940,0.379461279461279,8355,35955,351,536,24,95,19,124,11,19
"533","2020-03-16",29,7,61,318,5940,0.379461279461279,8355,35955,351,536,24,119,33,157,14,33
"534","2020-03-17",43,7,55,391,5940,0.379461279461279,8355,35955,351,536,31,150,18,175,20,18
"535","2020-03-18",62,7,53,454,5940,0.379461279461279,8355,35955,351,536,32,182,12,187,22,12
"536","2020-03-19",79,7,52,527,5940,0.379461279461279,8355,35955,351,536,40,222,14,201,23,14
"537","2020-03-20",109,7,55,573,5940,0.379461279461279,8355,35955,351,536,44,266,26,227,30,26
"538","2020-03-21",121,7,50,627,5940,0.379461279461279,8355,35955,351,536,58,324,22,249,39,22
"539","2020-03-22",179,7,58,692,5940,0.379461279461279,8355,35955,351,536,46,370,42,291,34,42
"540","2020-03-23",197,7,57,748,5940,0.379461279461279,8355,35955,351,536,49,419,26,317,34,26
"541","2020-03-24",198,7,47,795,5940,0.379461279461279,8355,35955,351,536,64,483,24,341,47,24
"542","2020-03-25",207,7,44,836,5940,0.379461279461279,8355,35955,351,536,85,568,28,369,74,28
"543","2020-03-26",223,7,38,838,5940,0.379461279461279,8355,35955,351,536,76,644,52,421,64,52
"544","2020-03-27",280,7,34,855,5940,0.379461279461279,8355,35955,351,536,68,712,50,471,56,50
"545","2020-03-28",296,7,37,896,5940,0.379461279461279,8355,35955,351,536,101,813,25,496,88,25
"546","2020-03-29",281,7,42,924,5940,0.379461279461279,8355,35955,351,536,79,892,23,519,69,23
"547","2020-03-30",285,7,69,946,5940,0.379461279461279,8355,35955,351,536,109,1001,16,535,94,16
"548","2020-03-31",280,7,72,966,5940,0.379461279461279,8355,35955,351,536,114,1115,36,571,96,36
"549","2020-04-01",288,7,74,1010,5940,0.379461279461279,8355,35955,351,536,124,1239,28,599,111,28
"550","2020-04-02",294,7,82,1006,5940,0.379461279461279,8355,35955,351,536,178,1417,39,638,164,39
"551","2020-04-03",330,7,88,1026,5940,0.379461279461279,8355,35955,351,536,114,1531,29,667,97,29
"552","2020-04-04",362,7,86,1055,5940,0.379461279461279,8355,35955,351,536,164,1695,48,715,153,48
"553","2020-04-05",332,7,82,1052,5940,0.379461279461279,8355,35955,351,536,137,1832,35,750,125,35
"554","2020-04-06",338,7,79,1058,5940,0.379461279461279,8355,35955,351,536,132,1964,22,772,126,22
"555","2020-04-07",337,7,92,1031,5940,0.379461279461279,8355,35955,351,536,131,2095,43,815,119,43
"556","2020-04-08",330,7,89,1051,5940,0.379461279461279,8355,35955,351,536,181,2276,42,857,172,42
"557","2020-04-09",335,7,87,1051,5940,0.379461279461279,8355,35955,351,536,153,2429,58,915,139,58
"558","2020-04-10",358,7,73,1083,5940,0.379461279461279,8355,35955,351,536,152,2581,51,966,142,51
"559","2020-04-11",380,7,76,1084,5940,0.379461279461279,8355,35955,351,536,185,2766,31,997,171,31
"560","2020-04-12",361,7,74,1081,5940,0.379461279461279,8355,35955,351,536,139,2905,25,1022,128,25
"561","2020-04-13",344,7,81,1083,5940,0.379461279461279,8355,35955,351,536,155,3060,19,1041,148,19
"562","2020-04-14",338,7,77,1070,5940,0.379461279461279,8355,35955,351,536,117,3177,20,1061,106,20
"563","2020-04-15",350,7,77,1053,5940,0.379461279461279,8355,35955,351,536,133,3310,18,1079,122,18
"564","2020-04-16",343,7,102,1033,5940,0.379461279461279,8355,35955,351,536,116,3426,14,1093,97,14
"565","2020-04-17",365,7,98,1030,5940,0.379461279461279,8355,35955,351,536,124,3550,16,1109,114,16
"566","2020-04-18",360,7,131,1001,5940,0.379461279461279,8355,35955,351,536,128,3678,47,1156,114,47
"567","2020-04-19",340,7,145,995,5940,0.379461279461279,8355,35955,351,536,140,3818,17,1173,129,17
"568","2020-04-20",320,7,132,970,5940,0.379461279461279,8355,35955,351,536,98,3916,13,1186,85,13
"569","2020-04-21",315,7,150,940,5940,0.379461279461279,8355,35955,351,536,108,4024,27,1213,95,27
"570","2020-04-22",315,7,176,910,5940,0.379461279461279,8355,35955,351,536,108,4132,48,1261,98,48
"571","2020-04-23",315,7,155,874,5940,0.379461279461279,8355,35955,351,536,105,4237,63,1324,97,63
"572","2020-04-24",325,7,146,872,5940,0.379461279461279,8355,35955,351,536,67,4304,67,1391,57,67
"573","2020-04-25",303,7,159,858,5940,0.379461279461279,8355,35955,351,536,100,4404,66,1457,89,66
"574","2020-04-26",301,7,158,844,5940,0.379461279461279,8355,35955,351,536,62,4466,31,1488,53,31
"575","2020-04-27",303,7,146,835,5940,0.379461279461279,8355,35955,351,536,74,4540,17,1505,59,17
"576","2020-04-28",298,7,136,836,5940,0.379461279461279,8355,35955,351,536,58,4598,46,1551,46,46
"577","2020-04-29",279,7,116,857,5940,0.379461279461279,8355,35955,351,536,67,4665,46,1597,59,46
"578","2020-04-30",277,7,106,848,5940,0.379461279461279,8355,35955,351,536,64,4729,28,1625,52,28
"579","2020-05-01",276,7,81,859,5940,0.379461279461279,8355,35955,351,536,61,4790,20,1645,51,20
"580","2020-05-02",273,7,73,842,5940,0.379461279461279,8355,35955,351,536,54,4844,42,1687,48,42
"581","2020-05-03",232,7,72,804,5940,0.379461279461279,8355,35955,351,536,55,4899,19,1706,46,19
"582","2020-05-04",231,7,89,798,5940,0.379461279461279,8355,35955,351,536,41,4940,22,1728,33,22
"583","2020-05-05",231,7,107,785,5940,0.379461279461279,8355,35955,351,536,35,4975,13,1741,29,13
"584","2020-05-06",236,7,103,772,5940,0.379461279461279,8355,35955,351,536,46,5021,6,1747,42,6
"585","2020-05-07",228,7,104,758,5940,0.379461279461279,8355,35955,351,536,25,5046,7,1754,15,7
"586","2020-05-08",234,7,105,722,5940,0.379461279461279,8355,35955,351,536,41,5087,35,1789,35,35
"587","2020-05-09",255,7,135,708,5940,0.379461279461279,8355,35955,351,536,31,5118,21,1810,22,21
"588","2020-05-10",254,7,155,686,5940,0.379461279461279,8355,35955,351,536,27,5145,18,1828,22,18
"589","2020-05-11",244,7,154,674,5940,0.379461279461279,8355,35955,351,536,25,5170,15,1843,20,15
"590","2020-05-12",238,7,167,646,5940,0.379461279461279,8355,35955,351,536,28,5198,15,1858,21,15
"591","2020-05-13",225,7,156,611,5940,0.379461279461279,8355,35955,351,536,26,5224,11,1869,15,11
"592","2020-05-14",213,7,145,584,5940,0.379461279461279,8355,35955,351,536,26,5250,8,1877,18,8
"593","2020-05-15",198,7,139,562,5940,0.379461279461279,8355,35955,351,536,29,5279,13,1890,20,13
"594","2020-05-16",184,7,137,547,5940,0.379461279461279,8355,35955,351,536,27,5306,55,1945,19,55
"595","2020-05-17",170,7,127,514,5940,0.379461279461279,8355,35955,351,536,17,5323,46,1991,15,46
"596","2020-05-18",168,7,115,494,5940,0.379461279461279,8355,35955,351,536,15,5338,46,2037,11,46
"597","2020-05-19",156,7,119,461,5940,0.379461279461279,8355,35955,351,536,20,5358,46,2083,15,46
"598","2020-05-20",153,7,128,454,5940,0.379461279461279,8355,35955,351,536,23,5381,22,2105,15,22
"599","2020-05-21",157,7,129,435,5940,0.379461279461279,8355,35955,351,536,13,5394,20,2125,10,20
"600","2020-05-22",152,7,120,417,5940,0.379461279461279,8355,35955,351,536,20,5414,39,2164,14,39
"601","2020-05-23",163,7,128,395,5940,0.379461279461279,8355,35955,351,536,16,5430,39,2203,14,39
"602","2020-05-24",154,7,123,386,5940,0.379461279461279,8355,35955,351,536,18,5448,25,2228,11,25
"603","2020-05-25",140,7,136,368,5940,0.379461279461279,8355,35955,351,536,14,5462,42,2270,9,42
"604","2020-05-26",133,7,142,356,5940,0.379461279461279,8355,35955,351,536,13,5475,41,2311,11,41
"605","2020-05-27",134,7,163,330,5940,0.379461279461279,8355,35955,351,536,8,5483,24,2335,7,24
"606","2020-05-28",128,7,166,309,5940,0.379461279461279,8355,35955,351,536,12,5495,18,2353,8,18
"607","2020-05-29",138,7,153,281,5940,0.379461279461279,8355,35955,351,536,10,5505,33,2386,5,33
"608","2020-05-30",122,7,144,264,5940,0.379461279461279,8355,35955,351,536,8,5513,13,2399,7,13
"609","2020-05-31",109,7,129,252,5940,0.379461279461279,8355,35955,351,536,8,5521,20,2419,3,20
"610","2020-06-01",105,7,120,240,5940,0.379461279461279,8355,35955,351,536,5,5526,17,2436,2,17
"611","2020-06-02",99,7,104,239,5940,0.379461279461279,8355,35955,351,536,8,5534,15,2451,6,15
"612","2020-06-03",99,7,94,235,5940,0.379461279461279,8355,35955,351,536,11,5545,11,2462,8,11
"613","2020-06-04",88,7,105,229,5940,0.379461279461279,8355,35955,351,536,8,5553,23,2485,7,23
"614","2020-06-05",75,7,109,219,5940,0.379461279461279,8355,35955,351,536,10,5563,32,2517,8,32
"615","2020-06-06",71,7,108,211,5940,0.379461279461279,8355,35955,351,536,15,5578,16,2533,9,16
"616","2020-06-07",65,7,110,202,5940,0.379461279461279,8355,35955,351,536,10,5588,22,2555,10,22
"617","2020-03-12",1,8,83,79,5973,0.603047045035995,8340,35162,283,1183,27,43,21,44,NA,21
"618","2020-03-13",3,8,120,130,5973,0.603047045035995,8340,35162,283,1183,26,69,18,62,1,18
"619","2020-03-14",14,8,150,174,5973,0.603047045035995,8340,35162,283,1183,33,102,11,73,6,11
"620","2020-03-15",19,8,179,218,5973,0.603047045035995,8340,35162,283,1183,41,143,17,90,12,17
"621","2020-03-16",22,8,192,267,5973,0.603047045035995,8340,35162,283,1183,30,173,15,105,7,15
"622","2020-03-17",37,8,226,309,5973,0.603047045035995,8340,35162,283,1183,43,216,13,118,13,13
"623","2020-03-18",52,8,229,369,5973,0.603047045035995,8340,35162,283,1183,42,258,28,146,21,28
"624","2020-03-19",67,8,254,424,5973,0.603047045035995,8340,35162,283,1183,40,298,20,166,15,20
"625","2020-03-20",93,8,271,472,5973,0.603047045035995,8340,35162,283,1183,54,352,11,177,25,11
"626","2020-03-21",112,8,259,514,5973,0.603047045035995,8340,35162,283,1183,47,399,11,188,19,11
"627","2020-03-22",131,8,250,588,5973,0.603047045035995,8340,35162,283,1183,53,452,17,205,30,17
"628","2020-03-23",139,8,227,643,5973,0.603047045035995,8340,35162,283,1183,43,495,35,240,20,35
"629","2020-03-24",149,8,237,697,5973,0.603047045035995,8340,35162,283,1183,72,567,33,273,41,33
"630","2020-03-25",155,8,231,742,5973,0.603047045035995,8340,35162,283,1183,65,632,22,295,37,22
"631","2020-03-26",164,8,224,798,5973,0.603047045035995,8340,35162,283,1183,70,702,25,320,33,25
"632","2020-03-27",220,8,216,863,5973,0.603047045035995,8340,35162,283,1183,69,771,27,347,48,27
"633","2020-03-28",252,8,226,897,5973,0.603047045035995,8340,35162,283,1183,69,840,19,366,39,19
"634","2020-03-29",276,8,234,946,5973,0.603047045035995,8340,35162,283,1183,74,914,19,385,48,19
"635","2020-03-30",273,8,231,1020,5973,0.603047045035995,8340,35162,283,1183,67,981,32,417,40,32
"636","2020-03-31",281,8,224,1061,5973,0.603047045035995,8340,35162,283,1183,72,1053,29,446,38,29
"637","2020-04-01",315,8,197,1093,5973,0.603047045035995,8340,35162,283,1183,86,1139,13,459,58,13
"638","2020-04-02",337,8,194,1135,5973,0.603047045035995,8340,35162,283,1183,64,1203,29,488,39,29
"639","2020-04-03",409,8,196,1187,5973,0.603047045035995,8340,35162,283,1183,67,1270,20,508,35,20
"640","2020-04-04",445,8,235,1207,5973,0.603047045035995,8340,35162,283,1183,72,1342,10,518,34,10
"641","2020-04-05",398,8,235,1235,5973,0.603047045035995,8340,35162,283,1183,98,1440,15,533,59,15
"642","2020-04-06",408,8,264,1231,5973,0.603047045035995,8340,35162,283,1183,82,1522,39,572,57,39
"643","2020-04-07",402,8,268,1251,5973,0.603047045035995,8340,35162,283,1183,88,1610,26,598,56,26
"644","2020-04-08",386,8,266,1250,5973,0.603047045035995,8340,35162,283,1183,61,1671,18,616,38,18
"645","2020-04-09",377,8,248,1272,5973,0.603047045035995,8340,35162,283,1183,66,1737,48,664,48,48
"646","2020-04-10",398,8,243,1278,5973,0.603047045035995,8340,35162,283,1183,65,1802,24,688,44,24
"647","2020-04-11",410,8,264,1262,5973,0.603047045035995,8340,35162,283,1183,83,1885,17,705,53,17
"648","2020-04-12",400,8,278,1270,5973,0.603047045035995,8340,35162,283,1183,67,1952,38,743,42,38
"649","2020-04-13",400,8,301,1276,5973,0.603047045035995,8340,35162,283,1183,74,2026,28,771,51,28
"650","2020-04-14",404,8,305,1268,5973,0.603047045035995,8340,35162,283,1183,60,2086,44,815,34,44
"651","2020-04-15",423,8,344,1251,5973,0.603047045035995,8340,35162,283,1183,50,2136,32,847,30,32
"652","2020-04-16",420,8,328,1246,5973,0.603047045035995,8340,35162,283,1183,70,2206,24,871,41,24
"653","2020-04-17",466,8,314,1228,5973,0.603047045035995,8340,35162,283,1183,48,2254,21,892,31,21
"654","2020-04-18",455,8,301,1203,5973,0.603047045035995,8340,35162,283,1183,82,2336,38,930,45,38
"655","2020-04-19",435,8,286,1170,5973,0.603047045035995,8340,35162,283,1183,69,2405,25,955,48,25
"656","2020-04-20",421,8,307,1136,5973,0.603047045035995,8340,35162,283,1183,64,2469,18,973,32,18
"657","2020-04-21",420,8,291,1132,5973,0.603047045035995,8340,35162,283,1183,65,2534,9,982,31,9
"658","2020-04-22",402,8,266,1095,5973,0.603047045035995,8340,35162,283,1183,78,2612,12,994,50,12
"659","2020-04-23",400,8,246,1066,5973,0.603047045035995,8340,35162,283,1183,73,2685,15,1009,39,15
"660","2020-04-24",395,8,237,1034,5973,0.603047045035995,8340,35162,283,1183,52,2737,42,1051,25,42
"661","2020-04-25",397,8,232,1013,5973,0.603047045035995,8340,35162,283,1183,72,2809,56,1107,45,56
"662","2020-04-26",354,8,221,965,5973,0.603047045035995,8340,35162,283,1183,68,2877,68,1175,36,68
"663","2020-04-27",340,8,231,934,5973,0.603047045035995,8340,35162,283,1183,61,2938,56,1231,34,56
"664","2020-04-28",344,8,248,894,5973,0.603047045035995,8340,35162,283,1183,55,2993,37,1268,25,37
"665","2020-04-29",340,8,238,872,5973,0.603047045035995,8340,35162,283,1183,70,3063,55,1323,41,55
"666","2020-04-30",341,8,244,845,5973,0.603047045035995,8340,35162,283,1183,64,3127,37,1360,38,37
"667","2020-05-01",320,8,244,803,5973,0.603047045035995,8340,35162,283,1183,51,3178,27,1387,29,27
"668","2020-05-02",294,8,251,785,5973,0.603047045035995,8340,35162,283,1183,63,3241,24,1411,30,24
"669","2020-05-03",289,8,247,745,5973,0.603047045035995,8340,35162,283,1183,56,3297,20,1431,33,20
"670","2020-05-04",284,8,257,700,5973,0.603047045035995,8340,35162,283,1183,65,3362,41,1472,41,41
"671","2020-05-05",251,8,254,676,5973,0.603047045035995,8340,35162,283,1183,66,3428,23,1495,30,23
"672","2020-05-06",240,8,247,671,5973,0.603047045035995,8340,35162,283,1183,46,3474,35,1530,28,35
"673","2020-05-07",236,8,236,650,5973,0.603047045035995,8340,35162,283,1183,53,3527,21,1551,34,21
"674","2020-05-08",217,8,250,617,5973,0.603047045035995,8340,35162,283,1183,45,3572,26,1577,25,26
"675","2020-05-09",231,8,271,578,5973,0.603047045035995,8340,35162,283,1183,48,3620,20,1597,29,20
"676","2020-05-10",221,8,258,564,5973,0.603047045035995,8340,35162,283,1183,53,3673,41,1638,32,41
"677","2020-05-11",198,8,265,543,5973,0.603047045035995,8340,35162,283,1183,41,3714,18,1656,17,18
"678","2020-05-12",196,8,240,538,5973,0.603047045035995,8340,35162,283,1183,43,3757,11,1667,26,11
"679","2020-05-13",195,8,234,515,5973,0.603047045035995,8340,35162,283,1183,36,3793,22,1689,20,22
"680","2020-05-14",191,8,241,499,5973,0.603047045035995,8340,35162,283,1183,38,3831,48,1737,19,48
"681","2020-05-15",196,8,239,473,5973,0.603047045035995,8340,35162,283,1183,42,3873,44,1781,23,44
"682","2020-05-16",184,8,242,433,5973,0.603047045035995,8340,35162,283,1183,31,3904,45,1826,14,45
"683","2020-05-17",168,8,271,415,5973,0.603047045035995,8340,35162,283,1183,31,3935,33,1859,16,33
"684","2020-05-18",163,8,297,395,5973,0.603047045035995,8340,35162,283,1183,35,3970,18,1877,23,18
"685","2020-05-19",153,8,301,376,5973,0.603047045035995,8340,35162,283,1183,25,3995,21,1898,14,21
"686","2020-05-20",139,8,293,361,5973,0.603047045035995,8340,35162,283,1183,31,4026,16,1914,15,16
"687","2020-05-21",126,8,269,339,5973,0.603047045035995,8340,35162,283,1183,17,4043,30,1944,10,30
"688","2020-05-22",106,8,259,330,5973,0.603047045035995,8340,35162,283,1183,24,4067,23,1967,13,23
"689","2020-05-23",92,8,242,314,5973,0.603047045035995,8340,35162,283,1183,32,4099,37,2004,19,37
"690","2020-05-24",95,8,242,296,5973,0.603047045035995,8340,35162,283,1183,18,4117,49,2053,7,49
"691","2020-05-25",99,8,234,290,5973,0.603047045035995,8340,35162,283,1183,25,4142,32,2085,10,32
"692","2020-05-26",95,8,228,275,5973,0.603047045035995,8340,35162,283,1183,23,4165,18,2103,7,18
"693","2020-05-27",105,8,224,254,5973,0.603047045035995,8340,35162,283,1183,17,4182,27,2130,8,27
"694","2020-05-28",101,8,236,250,5973,0.603047045035995,8340,35162,283,1183,24,4206,17,2147,11,17
"695","2020-05-29",95,8,258,250,5973,0.603047045035995,8340,35162,283,1183,20,4226,15,2162,9,15
"696","2020-05-30",96,8,241,237,5973,0.603047045035995,8340,35162,283,1183,21,4247,21,2183,7,21
"697","2020-05-31",80,8,226,223,5973,0.603047045035995,8340,35162,283,1183,10,4257,28,2211,4,28
"698","2020-06-01",71,8,260,217,5973,0.603047045035995,8340,35162,283,1183,22,4279,34,2245,9,34
"699","2020-06-02",70,8,293,208,5973,0.603047045035995,8340,35162,283,1183,21,4300,43,2288,6,43
"700","2020-06-03",58,8,297,192,5973,0.603047045035995,8340,35162,283,1183,22,4322,16,2304,6,16
"701","2020-06-04",55,8,288,180,5973,0.603047045035995,8340,35162,283,1183,23,4345,13,2317,10,13
"702","2020-06-05",63,8,287,172,5973,0.603047045035995,8340,35162,283,1183,16,4361,25,2342,6,25
"703","2020-06-06",62,8,296,163,5973,0.603047045035995,8340,35162,283,1183,11,4372,18,2360,4,18
"704","2020-06-07",62,8,284,155,5973,0.603047045035995,8340,35162,283,1183,11,4383,10,2370,5,10
"705","2020-03-08",2,9,0,0,6266,0.933290775614427,8325,33049,346,946,NA,NA,NA,NA,NA,NA
"706","2020-03-09",2,9,0,0,6266,0.933290775614427,8325,33049,346,946,NA,NA,NA,NA,NA,NA
"707","2020-03-10",0,9,0,0,6266,0.933290775614427,8325,33049,346,946,NA,NA,3,3,NA,3
"708","2020-03-11",0,9,0,0,6266,0.933290775614427,8325,33049,346,946,12,12,20,23,2,20
"709","2020-03-12",0,9,0,0,6266,0.933290775614427,8325,33049,346,946,7,19,8,31,3,8
"710","2020-03-13",0,9,0,0,6266,0.933290775614427,8325,33049,346,946,15,34,15,46,11,15
"711","2020-03-14",0,9,0,0,6266,0.933290775614427,8325,33049,346,946,13,47,20,66,12,20
"712","2020-03-15",1,9,78,54,6266,0.933290775614427,8325,33049,346,946,12,59,16,82,5,16
"713","2020-03-16",3,9,85,69,6266,0.933290775614427,8325,33049,346,946,14,73,9,91,12,9
"714","2020-03-17",8,9,97,86,6266,0.933290775614427,8325,33049,346,946,19,92,3,94,15,3
"715","2020-03-18",11,9,103,116,6266,0.933290775614427,8325,33049,346,946,19,111,15,109,16,15
"716","2020-03-19",16,9,94,143,6266,0.933290775614427,8325,33049,346,946,29,140,52,161,23,52
"717","2020-03-20",24,9,102,170,6266,0.933290775614427,8325,33049,346,946,29,169,44,205,27,44
"718","2020-03-21",38,9,127,195,6266,0.933290775614427,8325,33049,346,946,39,208,25,230,33,25
"719","2020-03-22",48,9,131,236,6266,0.933290775614427,8325,33049,346,946,38,246,42,272,28,42
"720","2020-03-23",50,9,126,286,6266,0.933290775614427,8325,33049,346,946,54,300,61,333,44,61
"721","2020-03-24",47,9,133,330,6266,0.933290775614427,8325,33049,346,946,44,344,45,378,37,45
"722","2020-03-25",59,9,131,397,6266,0.933290775614427,8325,33049,346,946,75,419,34,412,60,34
"723","2020-03-26",70,9,120,448,6266,0.933290775614427,8325,33049,346,946,52,471,12,424,49,12
"724","2020-03-27",96,9,141,508,6266,0.933290775614427,8325,33049,346,946,56,527,8,432,53,8
"725","2020-03-28",144,9,154,559,6266,0.933290775614427,8325,33049,346,946,79,606,20,452,70,20
"726","2020-03-29",153,9,170,638,6266,0.933290775614427,8325,33049,346,946,76,682,41,493,70,41
"727","2020-03-30",159,9,160,731,6266,0.933290775614427,8325,33049,346,946,83,765,39,532,77,39
"728","2020-03-31",180,9,171,774,6266,0.933290775614427,8325,33049,346,946,103,868,81,613,99,81
"729","2020-04-01",184,9,148,824,6266,0.933290775614427,8325,33049,346,946,103,971,67,680,94,67
"730","2020-04-02",194,9,152,935,6266,0.933290775614427,8325,33049,346,946,107,1078,41,721,103,41
"731","2020-04-03",262,9,176,1015,6266,0.933290775614427,8325,33049,346,946,112,1190,64,785,109,64
"732","2020-04-04",283,9,199,1087,6266,0.933290775614427,8325,33049,346,946,121,1311,56,841,114,56
"733","2020-04-05",275,9,194,1202,6266,0.933290775614427,8325,33049,346,946,118,1429,19,860,115,19
"734","2020-04-06",290,9,220,1313,6266,0.933290775614427,8325,33049,346,946,142,1571,22,882,137,22
"735","2020-04-07",311,9,225,1394,6266,0.933290775614427,8325,33049,346,946,140,1711,17,899,137,17
"736","2020-04-08",347,9,213,1475,6266,0.933290775614427,8325,33049,346,946,136,1847,17,916,131,17
"737","2020-04-09",390,9,205,1531,6266,0.933290775614427,8325,33049,346,946,160,2007,18,934,151,18
"738","2020-04-10",482,9,189,1633,6266,0.933290775614427,8325,33049,346,946,165,2172,21,955,159,21
"739","2020-04-11",554,9,182,1694,6266,0.933290775614427,8325,33049,346,946,140,2312,24,979,132,24
"740","2020-04-12",552,9,166,1762,6266,0.933290775614427,8325,33049,346,946,178,2490,43,1022,174,43
"741","2020-04-13",545,9,157,1778,6266,0.933290775614427,8325,33049,346,946,166,2656,17,1039,162,17
"742","2020-04-14",569,9,136,1845,6266,0.933290775614427,8325,33049,346,946,177,2833,11,1050,171,11
"743","2020-04-15",581,9,117,1866,6266,0.933290775614427,8325,33049,346,946,134,2967,62,1112,128,62
"744","2020-04-16",588,9,113,1851,6266,0.933290775614427,8325,33049,346,946,139,3106,34,1146,133,34
"745","2020-04-17",682,9,123,1841,6266,0.933290775614427,8325,33049,346,946,142,3248,64,1210,137,64
"746","2020-04-18",667,9,121,1831,6266,0.933290775614427,8325,33049,346,946,131,3379,31,1241,128,31
"747","2020-04-19",606,9,110,1804,6266,0.933290775614427,8325,33049,346,946,118,3497,14,1255,114,14
"748","2020-04-20",597,9,140,1716,6266,0.933290775614427,8325,33049,346,946,126,3623,49,1304,122,49
"749","2020-04-21",592,9,156,1675,6266,0.933290775614427,8325,33049,346,946,109,3732,64,1368,106,64
"750","2020-04-22",594,9,150,1606,6266,0.933290775614427,8325,33049,346,946,142,3874,47,1415,137,47
"751","2020-04-23",589,9,149,1556,6266,0.933290775614427,8325,33049,346,946,89,3963,26,1441,85,26
"752","2020-04-24",598,9,176,1508,6266,0.933290775614427,8325,33049,346,946,113,4076,51,1492,109,51
"753","2020-04-25",557,9,187,1472,6266,0.933290775614427,8325,33049,346,946,75,4151,32,1524,73,32
"754","2020-04-26",523,9,170,1389,6266,0.933290775614427,8325,33049,346,946,85,4236,21,1545,81,21
"755","2020-04-27",514,9,143,1319,6266,0.933290775614427,8325,33049,346,946,104,4340,43,1588,98,43
"756","2020-04-28",474,9,128,1286,6266,0.933290775614427,8325,33049,346,946,69,4409,24,1612,67,24
"757","2020-04-29",465,9,123,1226,6266,0.933290775614427,8325,33049,346,946,78,4487,38,1650,71,38
"758","2020-04-30",436,9,121,1168,6266,0.933290775614427,8325,33049,346,946,65,4552,28,1678,63,28
"759","2020-05-01",432,9,165,1107,6266,0.933290775614427,8325,33049,346,946,78,4630,25,1703,74,25
"760","2020-05-02",437,9,219,1019,6266,0.933290775614427,8325,33049,346,946,46,4676,12,1715,42,12
"761","2020-05-03",402,9,216,970,6266,0.933290775614427,8325,33049,346,946,62,4738,11,1726,54,11
"762","2020-05-04",381,9,222,921,6266,0.933290775614427,8325,33049,346,946,56,4794,18,1744,51,18
"763","2020-05-05",378,9,207,876,6266,0.933290775614427,8325,33049,346,946,52,4846,41,1785,47,41
"764","2020-05-06",346,9,192,812,6266,0.933290775614427,8325,33049,346,946,46,4892,40,1825,43,40
"765","2020-05-07",336,9,215,767,6266,0.933290775614427,8325,33049,346,946,47,4939,21,1846,42,21
"766","2020-05-08",290,9,243,706,6266,0.933290775614427,8325,33049,346,946,34,4973,15,1861,34,15
"767","2020-05-09",269,9,245,661,6266,0.933290775614427,8325,33049,346,946,33,5006,36,1897,29,36
"768","2020-05-10",249,9,247,631,6266,0.933290775614427,8325,33049,346,946,40,5046,19,1916,36,19
"769","2020-05-11",239,9,252,586,6266,0.933290775614427,8325,33049,346,946,42,5088,19,1935,39,19
"770","2020-05-12",217,9,280,531,6266,0.933290775614427,8325,33049,346,946,31,5119,14,1949,31,14
"771","2020-05-13",209,9,286,497,6266,0.933290775614427,8325,33049,346,946,37,5156,13,1962,34,13
"772","2020-05-14",193,9,293,475,6266,0.933290775614427,8325,33049,346,946,24,5180,21,1983,21,21
"773","2020-05-15",156,9,297,448,6266,0.933290775614427,8325,33049,346,946,28,5208,68,2051,25,68
"774","2020-05-16",147,9,254,418,6266,0.933290775614427,8325,33049,346,946,26,5234,76,2127,23,76
"775","2020-05-17",146,9,221,396,6266,0.933290775614427,8325,33049,346,946,22,5256,55,2182,20,55
"776","2020-05-18",142,9,194,363,6266,0.933290775614427,8325,33049,346,946,21,5277,69,2251,18,69
"777","2020-05-19",136,9,160,329,6266,0.933290775614427,8325,33049,346,946,15,5292,41,2292,12,41
"778","2020-05-20",124,9,143,313,6266,0.933290775614427,8325,33049,346,946,20,5312,61,2353,14,61
"779","2020-05-21",121,9,124,281,6266,0.933290775614427,8325,33049,346,946,17,5329,66,2419,14,66
"780","2020-05-22",121,9,114,250,6266,0.933290775614427,8325,33049,346,946,18,5347,42,2461,15,42
"781","2020-05-23",109,9,120,224,6266,0.933290775614427,8325,33049,346,946,20,5367,54,2515,18,54
"782","2020-05-24",97,9,134,206,6266,0.933290775614427,8325,33049,346,946,22,5389,32,2547,19,32
"783","2020-05-25",87,9,147,190,6266,0.933290775614427,8325,33049,346,946,16,5405,31,2578,15,31
"784","2020-05-26",78,9,153,181,6266,0.933290775614427,8325,33049,346,946,16,5421,28,2606,13,28
"785","2020-05-27",79,9,170,170,6266,0.933290775614427,8325,33049,346,946,13,5434,20,2626,12,20
"786","2020-05-28",75,9,189,149,6266,0.933290775614427,8325,33049,346,946,4,5438,36,2662,4,36
"787","2020-05-29",75,9,192,128,6266,0.933290775614427,8325,33049,346,946,12,5450,30,2692,11,30
"788","2020-05-30",72,9,192,119,6266,0.933290775614427,8325,33049,346,946,9,5459,30,2722,8,30
"789","2020-05-31",53,9,166,111,6266,0.933290775614427,8325,33049,346,946,11,5470,46,2768,10,46
"790","2020-06-01",46,9,182,103,6266,0.933290775614427,8325,33049,346,946,15,5485,36,2804,13,36
"791","2020-06-02",39,9,191,97,6266,0.933290775614427,8325,33049,346,946,9,5494,30,2834,9,30
"792","2020-06-03",35,9,182,92,6266,0.933290775614427,8325,33049,346,946,13,5507,32,2866,13,32
"793","2020-06-04",30,9,167,86,6266,0.933290775614427,8325,33049,346,946,3,5510,19,2885,3,19
"794","2020-06-05",22,9,175,85,6266,0.933290775614427,8325,33049,346,946,6,5516,17,2902,5,17
"795","2020-06-06",20,9,147,84,6266,0.933290775614427,8325,33049,346,946,9,5525,14,2916,9,14
"796","2020-06-07",22,9,158,82,6266,0.933290775614427,8325,33049,346,946,6,5531,9,2925,4,9
"797","2020-03-14",2,10,79,33,5941,0.898670257532402,8190,31474,331,926,29,111,7,59,11,7
"798","2020-03-15",2,10,82,50,5941,0.898670257532402,8190,31474,331,926,42,153,27,86,18,27
"799","2020-03-16",2,10,83,69,5941,0.898670257532402,8190,31474,331,926,31,184,14,100,17,14
"800","2020-03-17",7,10,100,92,5941,0.898670257532402,8190,31474,331,926,37,221,1,101,20,1
"801","2020-03-18",8,10,124,108,5941,0.898670257532402,8190,31474,331,926,63,284,3,104,41,3
"802","2020-03-19",11,10,120,131,5941,0.898670257532402,8190,31474,331,926,46,330,10,114,30,10
"803","2020-03-20",19,10,140,156,5941,0.898670257532402,8190,31474,331,926,56,386,13,127,36,13
"804","2020-03-21",32,10,140,184,5941,0.898670257532402,8190,31474,331,926,58,444,27,154,38,27
"805","2020-03-22",38,10,111,217,5941,0.898670257532402,8190,31474,331,926,80,524,8,162,60,8
"806","2020-03-23",42,10,104,264,5941,0.898670257532402,8190,31474,331,926,55,579,14,176,35,14
"807","2020-03-24",46,10,116,314,5941,0.898670257532402,8190,31474,331,926,115,694,16,192,88,16
"808","2020-03-25",53,10,125,364,5941,0.898670257532402,8190,31474,331,926,88,782,10,202,63,10
"809","2020-03-26",61,10,124,422,5941,0.898670257532402,8190,31474,331,926,95,877,21,223,81,21
"810","2020-03-27",76,10,156,481,5941,0.898670257532402,8190,31474,331,926,93,970,14,237,83,14
"811","2020-03-28",101,10,166,532,5941,0.898670257532402,8190,31474,331,926,94,1064,21,258,74,21
"812","2020-03-29",132,10,175,579,5941,0.898670257532402,8190,31474,331,926,81,1145,25,283,63,25
"813","2020-03-30",136,10,171,631,5941,0.898670257532402,8190,31474,331,926,117,1262,17,300,92,17
"814","2020-03-31",145,10,206,703,5941,0.898670257532402,8190,31474,331,926,106,1368,16,316,83,16
"815","2020-04-01",166,10,227,758,5941,0.898670257532402,8190,31474,331,926,112,1480,13,329,96,13
"816","2020-04-02",184,10,207,809,5941,0.898670257532402,8190,31474,331,926,101,1581,30,359,83,30
"817","2020-04-03",266,10,198,885,5941,0.898670257532402,8190,31474,331,926,152,1733,24,383,125,24
"818","2020-04-04",290,10,200,967,5941,0.898670257532402,8190,31474,331,926,98,1831,29,412,74,29
"819","2020-04-05",266,10,199,1047,5941,0.898670257532402,8190,31474,331,926,105,1936,13,425,77,13
"820","2020-04-06",265,10,184,1133,5941,0.898670257532402,8190,31474,331,926,140,2076,16,441,119,16
"821","2020-04-07",273,10,200,1207,5941,0.898670257532402,8190,31474,331,926,135,2211,17,458,116,17
"822","2020-04-08",285,10,188,1303,5941,0.898670257532402,8190,31474,331,926,123,2334,6,464,99,6
"823","2020-04-09",310,10,175,1373,5941,0.898670257532402,8190,31474,331,926,127,2461,12,476,103,12
"824","2020-04-10",378,10,174,1433,5941,0.898670257532402,8190,31474,331,926,124,2585,15,491,96,15
"825","2020-04-11",390,10,155,1505,5941,0.898670257532402,8190,31474,331,926,140,2725,22,513,120,22
"826","2020-04-12",471,10,145,1544,5941,0.898670257532402,8190,31474,331,926,116,2841,17,530,101,17
"827","2020-04-13",500,10,169,1589,5941,0.898670257532402,8190,31474,331,926,119,2960,36,566,94,36
"828","2020-04-14",494,10,182,1644,5941,0.898670257532402,8190,31474,331,926,112,3072,47,613,95,47
"829","2020-04-15",505,10,203,1652,5941,0.898670257532402,8190,31474,331,926,112,3184,35,648,93,35
"830","2020-04-16",509,10,207,1696,5941,0.898670257532402,8190,31474,331,926,96,3280,59,707,79,59
"831","2020-04-17",597,10,212,1744,5941,0.898670257532402,8190,31474,331,926,96,3376,50,757,70,50
"832","2020-04-18",630,10,230,1745,5941,0.898670257532402,8190,31474,331,926,114,3490,46,803,87,46
"833","2020-04-19",548,10,241,1732,5941,0.898670257532402,8190,31474,331,926,92,3582,43,846,63,43
"834","2020-04-20",555,10,229,1751,5941,0.898670257532402,8190,31474,331,926,83,3665,51,897,63,51
"835","2020-04-21",564,10,211,1734,5941,0.898670257532402,8190,31474,331,926,84,3749,28,925,68,28
"836","2020-04-22",573,10,214,1681,5941,0.898670257532402,8190,31474,331,926,102,3851,47,972,91,47
"837","2020-04-23",577,10,197,1671,5941,0.898670257532402,8190,31474,331,926,76,3927,43,1015,55,43
"838","2020-04-24",603,10,187,1621,5941,0.898670257532402,8190,31474,331,926,76,4003,27,1042,53,27
"839","2020-04-25",587,10,162,1572,5941,0.898670257532402,8190,31474,331,926,93,4096,21,1063,79,21
"840","2020-04-26",559,10,161,1518,5941,0.898670257532402,8190,31474,331,926,68,4164,20,1083,56,20
"841","2020-04-27",552,10,190,1439,5941,0.898670257532402,8190,31474,331,926,77,4241,23,1106,57,23
"842","2020-04-28",528,10,203,1389,5941,0.898670257532402,8190,31474,331,926,50,4291,21,1127,31,21
"843","2020-04-29",518,10,210,1322,5941,0.898670257532402,8190,31474,331,926,64,4355,21,1148,46,21
"844","2020-04-30",515,10,235,1227,5941,0.898670257532402,8190,31474,331,926,45,4400,31,1179,32,31
"845","2020-05-01",474,10,232,1169,5941,0.898670257532402,8190,31474,331,926,67,4467,26,1205,48,26
"846","2020-05-02",455,10,226,1088,5941,0.898670257532402,8190,31474,331,926,52,4519,37,1242,38,37
"847","2020-05-03",412,10,204,1034,5941,0.898670257532402,8190,31474,331,926,48,4567,10,1252,30,10
"848","2020-05-04",375,10,215,970,5941,0.898670257532402,8190,31474,331,926,53,4620,16,1268,43,16
"849","2020-05-05",374,10,197,913,5941,0.898670257532402,8190,31474,331,926,35,4655,12,1280,20,12
"850","2020-05-06",345,10,203,825,5941,0.898670257532402,8190,31474,331,926,37,4692,23,1303,24,23
"851","2020-05-07",311,10,204,760,5941,0.898670257532402,8190,31474,331,926,52,4744,29,1332,39,29
"852","2020-05-08",293,10,213,698,5941,0.898670257532402,8190,31474,331,926,37,4781,27,1359,28,27
"853","2020-05-09",280,10,210,647,5941,0.898670257532402,8190,31474,331,926,42,4823,37,1396,24,37
"854","2020-05-10",254,10,185,599,5941,0.898670257532402,8190,31474,331,926,31,4854,22,1418,19,22
"855","2020-05-11",247,10,161,553,5941,0.898670257532402,8190,31474,331,926,38,4892,18,1436,19,18
"856","2020-05-12",221,10,186,521,5941,0.898670257532402,8190,31474,331,926,26,4918,15,1451,19,15
"857","2020-05-13",221,10,189,475,5941,0.898670257532402,8190,31474,331,926,33,4951,6,1457,18,6
"858","2020-05-14",220,10,209,435,5941,0.898670257532402,8190,31474,331,926,30,4981,6,1463,14,6
"859","2020-05-15",177,10,200,383,5941,0.898670257532402,8190,31474,331,926,27,5008,4,1467,13,4
"860","2020-05-16",164,10,197,348,5941,0.898670257532402,8190,31474,331,926,26,5034,5,1472,16,5
"861","2020-05-17",137,10,218,332,5941,0.898670257532402,8190,31474,331,926,25,5059,6,1478,16,6
"862","2020-05-18",122,10,216,304,5941,0.898670257532402,8190,31474,331,926,26,5085,5,1483,13,5
"863","2020-05-19",115,10,207,270,5941,0.898670257532402,8190,31474,331,926,19,5104,3,1486,12,3
"864","2020-05-20",98,10,184,252,5941,0.898670257532402,8190,31474,331,926,15,5119,2,1488,7,2
"865","2020-05-21",84,10,171,237,5941,0.898670257532402,8190,31474,331,926,18,5137,9,1497,8,9
"866","2020-05-22",77,10,152,219,5941,0.898670257532402,8190,31474,331,926,32,5169,32,1529,16,32
"867","2020-05-23",67,10,149,192,5941,0.898670257532402,8190,31474,331,926,28,5197,15,1544,16,15
"868","2020-05-24",68,10,171,175,5941,0.898670257532402,8190,31474,331,926,19,5216,12,1556,11,12
"869","2020-05-25",65,10,182,164,5941,0.898670257532402,8190,31474,331,926,15,5231,26,1582,12,26
"870","2020-05-26",51,10,170,151,5941,0.898670257532402,8190,31474,331,926,14,5245,22,1604,8,22
"871","2020-05-27",47,10,160,137,5941,0.898670257532402,8190,31474,331,926,22,5267,16,1620,14,16
"872","2020-05-28",41,10,152,121,5941,0.898670257532402,8190,31474,331,926,11,5278,20,1640,5,20
"873","2020-05-29",38,10,173,107,5941,0.898670257532402,8190,31474,331,926,16,5294,22,1662,8,22
"874","2020-05-30",36,10,174,98,5941,0.898670257532402,8190,31474,331,926,14,5308,21,1683,6,21
"875","2020-05-31",30,10,186,89,5941,0.898670257532402,8190,31474,331,926,18,5326,22,1705,10,22
"876","2020-06-01",26,10,191,82,5941,0.898670257532402,8190,31474,331,926,20,5346,13,1718,16,13
"877","2020-06-02",26,10,213,68,5941,0.898670257532402,8190,31474,331,926,15,5361,13,1731,8,13
"878","2020-06-03",27,10,220,60,5941,0.898670257532402,8190,31474,331,926,12,5373,10,1741,8,10
"879","2020-06-04",26,10,217,56,5941,0.898670257532402,8190,31474,331,926,13,5386,19,1760,8,19
"880","2020-06-05",20,10,223,57,5941,0.898670257532402,8190,31474,331,926,13,5399,15,1775,7,15
"881","2020-06-06",18,10,212,55,5941,0.898670257532402,8190,31474,331,926,10,5409,9,1784,3,9
"882","2020-06-07",18,10,185,54,5941,0.898670257532402,8190,31474,331,926,9,5418,6,1790,6,6
"883","2020-03-12",1,11,64,62,6621,0.726023259326386,8295,34265,362,988,36,71,14,32,4,14
"884","2020-03-13",1,11,80,109,6621,0.726023259326386,8295,34265,362,988,46,117,30,62,9,30
"885","2020-03-14",10,11,111,144,6621,0.726023259326386,8295,34265,362,988,48,165,35,97,12,35
"886","2020-03-15",23,11,117,181,6621,0.726023259326386,8295,34265,362,988,61,226,22,119,29,22
"887","2020-03-16",28,11,122,243,6621,0.726023259326386,8295,34265,362,988,75,301,25,144,30,25
"888","2020-03-17",33,11,115,305,6621,0.726023259326386,8295,34265,362,988,63,364,32,176,24,32
"889","2020-03-18",47,11,120,387,6621,0.726023259326386,8295,34265,362,988,83,447,48,224,46,48
"890","2020-03-19",55,11,110,453,6621,0.726023259326386,8295,34265,362,988,82,529,44,268,46,44
"891","2020-03-20",96,11,127,540,6621,0.726023259326386,8295,34265,362,988,79,608,64,332,53,64
"892","2020-03-21",140,11,153,627,6621,0.726023259326386,8295,34265,362,988,104,712,74,406,67,74
"893","2020-03-22",157,11,169,731,6621,0.726023259326386,8295,34265,362,988,120,832,47,453,78,47
"894","2020-03-23",159,11,172,814,6621,0.726023259326386,8295,34265,362,988,93,925,47,500,62,47
"895","2020-03-24",179,11,167,895,6621,0.726023259326386,8295,34265,362,988,93,1018,50,550,61,50
"896","2020-03-25",200,11,184,967,6621,0.726023259326386,8295,34265,362,988,112,1130,48,598,82,48
"897","2020-03-26",220,11,184,1040,6621,0.726023259326386,8295,34265,362,988,117,1247,54,652,79,54
"898","2020-03-27",280,11,182,1156,6621,0.726023259326386,8295,34265,362,988,147,1394,63,715,98,63
"899","2020-03-28",358,11,196,1236,6621,0.726023259326386,8295,34265,362,988,125,1519,33,748,90,33
"900","2020-03-29",349,11,181,1318,6621,0.726023259326386,8295,34265,362,988,110,1629,53,801,73,53
"901","2020-03-30",355,11,180,1414,6621,0.726023259326386,8295,34265,362,988,123,1752,29,830,86,29
"902","2020-03-31",375,11,172,1523,6621,0.726023259326386,8295,34265,362,988,135,1887,23,853,102,23
"903","2020-04-01",391,11,169,1585,6621,0.726023259326386,8295,34265,362,988,122,2009,44,897,83,44
"904","2020-04-02",419,11,160,1664,6621,0.726023259326386,8295,34265,362,988,123,2132,48,945,91,48
"905","2020-04-03",567,11,143,1726,6621,0.726023259326386,8295,34265,362,988,145,2277,46,991,117,46
"906","2020-04-04",547,11,135,1785,6621,0.726023259326386,8295,34265,362,988,141,2418,40,1031,101,40
"907","2020-04-05",553,11,143,1809,6621,0.726023259326386,8295,34265,362,988,152,2570,48,1079,111,48
"908","2020-04-06",573,11,175,1875,6621,0.726023259326386,8295,34265,362,988,116,2686,38,1117,75,38
"909","2020-04-07",568,11,191,1902,6621,0.726023259326386,8295,34265,362,988,121,2807,49,1166,82,49
"910","2020-04-08",586,11,188,1905,6621,0.726023259326386,8295,34265,362,988,132,2939,24,1190,93,24
"911","2020-04-09",592,11,186,1920,6621,0.726023259326386,8295,34265,362,988,110,3049,30,1220,81,30
"912","2020-04-10",621,11,198,1919,6621,0.726023259326386,8295,34265,362,988,112,3161,41,1261,89,41
"913","2020-04-11",637,11,184,1895,6621,0.726023259326386,8295,34265,362,988,98,3259,32,1293,61,32
"914","2020-04-12",605,11,168,1868,6621,0.726023259326386,8295,34265,362,988,104,3363,24,1317,75,24
"915","2020-04-13",597,11,154,1830,6621,0.726023259326386,8295,34265,362,988,112,3475,36,1353,69,36
"916","2020-04-14",600,11,152,1779,6621,0.726023259326386,8295,34265,362,988,98,3573,69,1422,59,69
"917","2020-04-15",593,11,187,1694,6621,0.726023259326386,8295,34265,362,988,85,3658,51,1473,58,51
"918","2020-04-16",590,11,196,1639,6621,0.726023259326386,8295,34265,362,988,106,3764,48,1521,73,48
"919","2020-04-17",655,11,185,1568,6621,0.726023259326386,8295,34265,362,988,111,3875,39,1560,74,39
"920","2020-04-18",631,11,159,1497,6621,0.726023259326386,8295,34265,362,988,91,3966,35,1595,59,35
"921","2020-04-19",555,11,186,1434,6621,0.726023259326386,8295,34265,362,988,81,4047,32,1627,53,32
"922","2020-04-20",542,11,182,1345,6621,0.726023259326386,8295,34265,362,988,88,4135,29,1656,58,29
"923","2020-04-21",522,11,183,1265,6621,0.726023259326386,8295,34265,362,988,73,4208,28,1684,41,28
"924","2020-04-22",505,11,196,1185,6621,0.726023259326386,8295,34265,362,988,85,4293,31,1715,49,31
"925","2020-04-23",483,11,195,1108,6621,0.726023259326386,8295,34265,362,988,70,4363,32,1747,50,32
"926","2020-04-24",436,11,180,1029,6621,0.726023259326386,8295,34265,362,988,76,4439,39,1786,48,39
"927","2020-04-25",424,11,205,972,6621,0.726023259326386,8295,34265,362,988,59,4498,36,1822,37,36
"928","2020-04-26",365,11,196,895,6621,0.726023259326386,8295,34265,362,988,59,4557,42,1864,37,42
"929","2020-04-27",348,11,183,841,6621,0.726023259326386,8295,34265,362,988,55,4612,65,1929,30,65
"930","2020-04-28",324,11,185,758,6621,0.726023259326386,8295,34265,362,988,71,4683,52,1981,35,52
"931","2020-04-29",305,11,203,715,6621,0.726023259326386,8295,34265,362,988,57,4740,59,2040,27,59
"932","2020-04-30",291,11,206,657,6621,0.726023259326386,8295,34265,362,988,47,4787,54,2094,21,54
"933","2020-05-01",249,11,220,630,6621,0.726023259326386,8295,34265,362,988,57,4844,42,2136,34,42
"934","2020-05-02",222,11,225,572,6621,0.726023259326386,8295,34265,362,988,61,4905,42,2178,27,42
"935","2020-05-03",216,11,207,547,6621,0.726023259326386,8295,34265,362,988,49,4954,57,2235,22,57
"936","2020-05-04",198,11,176,526,6621,0.726023259326386,8295,34265,362,988,35,4989,34,2269,14,34
"937","2020-05-05",191,11,160,492,6621,0.726023259326386,8295,34265,362,988,44,5033,33,2302,24,33
"938","2020-05-06",184,11,145,470,6621,0.726023259326386,8295,34265,362,988,42,5075,45,2347,20,45
"939","2020-05-07",174,11,139,436,6621,0.726023259326386,8295,34265,362,988,50,5125,39,2386,22,39
"940","2020-05-08",166,11,182,405,6621,0.726023259326386,8295,34265,362,988,44,5169,27,2413,22,27
"941","2020-05-09",162,11,228,373,6621,0.726023259326386,8295,34265,362,988,36,5205,26,2439,15,26
"942","2020-05-10",144,11,228,355,6621,0.726023259326386,8295,34265,362,988,39,5244,30,2469,14,30
"943","2020-05-11",132,11,244,337,6621,0.726023259326386,8295,34265,362,988,31,5275,50,2519,16,50
"944","2020-05-12",117,11,253,316,6621,0.726023259326386,8295,34265,362,988,34,5309,76,2595,13,76
"945","2020-05-13",108,11,260,299,6621,0.726023259326386,8295,34265,362,988,33,5342,46,2641,11,46
"946","2020-05-14",106,11,233,280,6621,0.726023259326386,8295,34265,362,988,26,5368,41,2682,14,41
"947","2020-05-15",87,11,244,276,6621,0.726023259326386,8295,34265,362,988,32,5400,45,2727,11,45
"948","2020-05-16",83,11,230,263,6621,0.726023259326386,8295,34265,362,988,30,5430,29,2756,16,29
"949","2020-05-17",78,11,213,257,6621,0.726023259326386,8295,34265,362,988,21,5451,28,2784,8,28
"950","2020-05-18",84,11,198,249,6621,0.726023259326386,8295,34265,362,988,22,5473,30,2814,8,30
"951","2020-05-19",80,11,176,247,6621,0.726023259326386,8295,34265,362,988,25,5498,64,2878,10,64
"952","2020-05-20",81,11,152,234,6621,0.726023259326386,8295,34265,362,988,32,5530,48,2926,17,48
"953","2020-05-21",75,11,198,220,6621,0.726023259326386,8295,34265,362,988,13,5543,50,2976,5,50
"954","2020-05-22",82,11,236,212,6621,0.726023259326386,8295,34265,362,988,26,5569,45,3021,12,45
"955","2020-05-23",91,11,260,212,6621,0.726023259326386,8295,34265,362,988,30,5599,40,3061,11,40
"956","2020-05-24",79,11,256,206,6621,0.726023259326386,8295,34265,362,988,26,5625,70,3131,13,70
"957","2020-05-25",64,11,253,198,6621,0.726023259326386,8295,34265,362,988,27,5652,33,3164,4,33
"958","2020-05-26",68,11,269,196,6621,0.726023259326386,8295,34265,362,988,17,5669,40,3204,6,40
"959","2020-05-27",61,11,247,187,6621,0.726023259326386,8295,34265,362,988,17,5686,37,3241,7,37
"960","2020-05-28",62,11,229,169,6621,0.726023259326386,8295,34265,362,988,30,5716,42,3283,11,42
"961","2020-05-29",68,11,204,170,6621,0.726023259326386,8295,34265,362,988,19,5735,38,3321,7,38
"962","2020-05-30",61,11,212,162,6621,0.726023259326386,8295,34265,362,988,17,5752,37,3358,8,37
"963","2020-05-31",55,11,200,159,6621,0.726023259326386,8295,34265,362,988,15,5767,34,3392,8,34
"964","2020-06-01",46,11,192,150,6621,0.726023259326386,8295,34265,362,988,18,5785,65,3457,6,65
"965","2020-06-02",37,11,208,137,6621,0.726023259326386,8295,34265,362,988,13,5798,49,3506,3,49
"966","2020-06-03",35,11,189,128,6621,0.726023259326386,8295,34265,362,988,12,5810,39,3545,6,39
"967","2020-06-04",30,11,168,120,6621,0.726023259326386,8295,34265,362,988,8,5818,50,3595,4,50
"968","2020-06-05",30,11,185,115,6621,0.726023259326386,8295,34265,362,988,6,5824,51,3646,1,51
"969","2020-06-06",28,11,186,106,6621,0.726023259326386,8295,34265,362,988,13,5837,49,3695,7,49
"970","2020-06-07",25,11,165,100,6621,0.726023259326386,8295,34265,362,988,8,5845,50,3745,6,50
"971","2020-03-08",1,12,0,0,5440,0.492279411764706,8175,32800,303,771,NA,NA,NA,NA,NA,NA
"972","2020-03-09",1,12,0,0,5440,0.492279411764706,8175,32800,303,771,NA,NA,NA,NA,NA,NA
"973","2020-03-10",0,12,0,0,5440,0.492279411764706,8175,32800,303,771,NA,NA,2,2,NA,2
"974","2020-03-11",0,12,0,0,5440,0.492279411764706,8175,32800,303,771,12,12,18,20,2,18
"975","2020-03-12",0,12,0,0,5440,0.492279411764706,8175,32800,303,771,27,39,15,35,4,15
"976","2020-03-13",3,12,28,106,5440,0.492279411764706,8175,32800,303,771,19,58,6,41,5,6
"977","2020-03-14",6,12,31,141,5440,0.492279411764706,8175,32800,303,771,22,80,10,51,5,10
"978","2020-03-15",14,12,30,185,5440,0.492279411764706,8175,32800,303,771,33,113,26,77,14,26
"979","2020-03-16",20,12,46,229,5440,0.492279411764706,8175,32800,303,771,31,144,14,91,14,14
"980","2020-03-17",27,12,65,278,5440,0.492279411764706,8175,32800,303,771,40,184,12,103,25,12
"981","2020-03-18",38,12,64,340,5440,0.492279411764706,8175,32800,303,771,39,223,24,127,24,24
"982","2020-03-19",54,12,69,391,5440,0.492279411764706,8175,32800,303,771,40,263,14,141,25,14
"983","2020-03-20",64,12,62,429,5440,0.492279411764706,8175,32800,303,771,56,319,15,156,36,15
"984","2020-03-21",76,12,55,479,5440,0.492279411764706,8175,32800,303,771,48,367,5,161,34,5
"985","2020-03-22",145,12,55,523,5440,0.492279411764706,8175,32800,303,771,51,418,7,168,41,7
"986","2020-03-23",151,12,62,584,5440,0.492279411764706,8175,32800,303,771,52,470,6,174,32,6
"987","2020-03-24",141,12,68,640,5440,0.492279411764706,8175,32800,303,771,60,530,8,182,43,8
"988","2020-03-25",157,12,62,654,5440,0.492279411764706,8175,32800,303,771,65,595,21,203,49,21
"989","2020-03-26",162,12,62,693,5440,0.492279411764706,8175,32800,303,771,74,669,17,220,51,17
"990","2020-03-27",233,12,67,727,5440,0.492279411764706,8175,32800,303,771,75,744,15,235,59,15
"991","2020-03-28",278,12,69,764,5440,0.492279411764706,8175,32800,303,771,80,824,14,249,62,14
"992","2020-03-29",227,12,96,808,5440,0.492279411764706,8175,32800,303,771,85,909,26,275,66,26
"993","2020-03-30",244,12,110,849,5440,0.492279411764706,8175,32800,303,771,72,981,19,294,59,19
"994","2020-03-31",251,12,112,865,5440,0.492279411764706,8175,32800,303,771,84,1065,44,338,67,44
"995","2020-04-01",248,12,112,867,5440,0.492279411764706,8175,32800,303,771,94,1159,48,386,71,48
"996","2020-04-02",267,12,116,893,5440,0.492279411764706,8175,32800,303,771,79,1238,59,445,62,59
"997","2020-04-03",297,12,109,944,5440,0.492279411764706,8175,32800,303,771,98,1336,28,473,80,28
"998","2020-04-04",291,12,135,956,5440,0.492279411764706,8175,32800,303,771,105,1441,21,494,82,21
"999","2020-04-05",308,12,139,970,5440,0.492279411764706,8175,32800,303,771,91,1532,14,508,75,14
"1000","2020-04-06",296,12,159,994,5440,0.492279411764706,8175,32800,303,771,104,1636,11,519,85,11
"1001","2020-04-07",308,12,167,1024,5440,0.492279411764706,8175,32800,303,771,87,1723,12,531,75,12
"1002","2020-04-08",328,12,169,1037,5440,0.492279411764706,8175,32800,303,771,108,1831,13,544,78,13
"1003","2020-04-09",324,12,171,1062,5440,0.492279411764706,8175,32800,303,771,83,1914,9,553,67,9
"1004","2020-04-10",353,12,176,1074,5440,0.492279411764706,8175,32800,303,771,117,2031,7,560,94,7
"1005","2020-04-11",365,12,181,1080,5440,0.492279411764706,8175,32800,303,771,80,2111,6,566,62,6
"1006","2020-04-12",337,12,174,1078,5440,0.492279411764706,8175,32800,303,771,110,2221,3,569,95,3
"1007","2020-04-13",334,12,175,1063,5440,0.492279411764706,8175,32800,303,771,99,2320,17,586,79,17
"1008","2020-04-14",330,12,160,1031,5440,0.492279411764706,8175,32800,303,771,105,2425,37,623,87,37
"1009","2020-04-15",331,12,174,1043,5440,0.492279411764706,8175,32800,303,771,90,2515,19,642,75,19
"1010","2020-04-16",328,12,209,1050,5440,0.492279411764706,8175,32800,303,771,93,2608,20,662,78,20
"1011","2020-04-17",340,12,197,1043,5440,0.492279411764706,8175,32800,303,771,90,2698,13,675,70,13
"1012","2020-04-18",366,12,201,1028,5440,0.492279411764706,8175,32800,303,771,85,2783,23,698,58,23
"1013","2020-04-19",358,12,201,1010,5440,0.492279411764706,8175,32800,303,771,69,2852,44,742,56,44
"1014","2020-04-20",361,12,179,997,5440,0.492279411764706,8175,32800,303,771,103,2955,17,759,89,17
"1015","2020-04-21",356,12,190,980,5440,0.492279411764706,8175,32800,303,771,82,3037,12,771,63,12
"1016","2020-04-22",337,12,196,981,5440,0.492279411764706,8175,32800,303,771,81,3118,10,781,59,10
"1017","2020-04-23",335,12,215,943,5440,0.492279411764706,8175,32800,303,771,81,3199,7,788,70,7
"1018","2020-04-24",353,12,237,927,5440,0.492279411764706,8175,32800,303,771,67,3266,12,800,51,12
"1019","2020-04-25",314,12,227,898,5440,0.492279411764706,8175,32800,303,771,65,3331,33,833,50,33
"1020","2020-04-26",289,12,221,884,5440,0.492279411764706,8175,32800,303,771,71,3402,33,866,47,33
"1021","2020-04-27",274,12,223,841,5440,0.492279411764706,8175,32800,303,771,79,3481,39,905,54,39
"1022","2020-04-28",257,12,202,839,5440,0.492279411764706,8175,32800,303,771,61,3542,32,937,49,32
"1023","2020-04-29",263,12,199,796,5440,0.492279411764706,8175,32800,303,771,68,3610,43,980,50,43
"1024","2020-04-30",263,12,219,767,5440,0.492279411764706,8175,32800,303,771,70,3680,59,1039,48,59
"1025","2020-05-01",256,12,218,745,5440,0.492279411764706,8175,32800,303,771,57,3737,57,1096,40,57
"1026","2020-05-02",272,12,254,714,5440,0.492279411764706,8175,32800,303,771,45,3782,56,1152,27,56
"1027","2020-05-03",245,12,245,691,5440,0.492279411764706,8175,32800,303,771,57,3839,49,1201,36,49
"1028","2020-05-04",230,12,246,678,5440,0.492279411764706,8175,32800,303,771,57,3896,49,1250,38,49
"1029","2020-05-05",236,12,242,663,5440,0.492279411764706,8175,32800,303,771,56,3952,45,1295,34,45
"1030","2020-05-06",225,12,257,644,5440,0.492279411764706,8175,32800,303,771,48,4000,43,1338,34,43
"1031","2020-05-07",215,12,248,627,5440,0.492279411764706,8175,32800,303,771,60,4060,23,1361,43,23
"1032","2020-05-08",217,12,264,587,5440,0.492279411764706,8175,32800,303,771,56,4116,17,1378,40,17
"1033","2020-05-09",202,12,254,582,5440,0.492279411764706,8175,32800,303,771,55,4171,15,1393,41,15
"1034","2020-05-10",192,12,243,575,5440,0.492279411764706,8175,32800,303,771,37,4208,45,1438,29,45
"1035","2020-05-11",191,12,231,545,5440,0.492279411764706,8175,32800,303,771,40,4248,37,1475,27,37
"1036","2020-05-12",181,12,205,532,5440,0.492279411764706,8175,32800,303,771,35,4283,22,1497,23,22
"1037","2020-05-13",185,12,201,518,5440,0.492279411764706,8175,32800,303,771,49,4332,9,1506,30,9
"1038","2020-05-14",179,12,214,502,5440,0.492279411764706,8175,32800,303,771,47,4379,33,1539,40,33
"1039","2020-05-15",157,12,206,498,5440,0.492279411764706,8175,32800,303,771,40,4419,57,1596,31,57
"1040","2020-05-16",148,12,215,491,5440,0.492279411764706,8175,32800,303,771,21,4440,57,1653,17,57
"1041","2020-05-17",150,12,212,475,5440,0.492279411764706,8175,32800,303,771,33,4473,30,1683,25,30
"1042","2020-05-18",150,12,216,462,5440,0.492279411764706,8175,32800,303,771,32,4505,46,1729,21,46
"1043","2020-05-19",143,12,216,448,5440,0.492279411764706,8175,32800,303,771,40,4545,53,1782,25,53
"1044","2020-05-20",134,12,201,439,5440,0.492279411764706,8175,32800,303,771,32,4577,35,1817,21,35
"1045","2020-05-21",136,12,195,417,5440,0.492279411764706,8175,32800,303,771,24,4601,41,1858,18,41
"1046","2020-05-22",135,12,197,403,5440,0.492279411764706,8175,32800,303,771,23,4624,34,1892,17,34
"1047","2020-05-23",146,12,175,367,5440,0.492279411764706,8175,32800,303,771,28,4652,49,1941,17,49
"1048","2020-05-24",135,12,184,351,5440,0.492279411764706,8175,32800,303,771,22,4674,35,1976,14,35
"1049","2020-05-25",130,12,193,349,5440,0.492279411764706,8175,32800,303,771,33,4707,23,1999,24,23
"1050","2020-05-26",122,12,197,347,5440,0.492279411764706,8175,32800,303,771,26,4733,41,2040,19,41
"1051","2020-05-27",115,12,187,326,5440,0.492279411764706,8175,32800,303,771,36,4769,36,2076,21,36
"1052","2020-05-28",102,12,178,304,5440,0.492279411764706,8175,32800,303,771,22,4791,22,2098,13,22
"1053","2020-05-29",115,12,170,295,5440,0.492279411764706,8175,32800,303,771,14,4805,18,2116,8,18
"1054","2020-05-30",117,12,169,287,5440,0.492279411764706,8175,32800,303,771,26,4831,21,2137,14,21
"1055","2020-05-31",97,12,164,276,5440,0.492279411764706,8175,32800,303,771,16,4847,41,2178,10,41
"1056","2020-06-01",89,12,174,262,5440,0.492279411764706,8175,32800,303,771,26,4873,21,2199,17,21
"1057","2020-06-02",85,12,182,246,5440,0.492279411764706,8175,32800,303,771,18,4891,14,2213,11,14
"1058","2020-06-03",84,12,188,231,5440,0.492279411764706,8175,32800,303,771,14,4905,10,2223,12,10
"1059","2020-06-04",88,12,192,218,5440,0.492279411764706,8175,32800,303,771,14,4919,13,2236,11,13
"1060","2020-06-05",80,12,169,203,5440,0.492279411764706,8175,32800,303,771,17,4936,12,2248,12,12
"1061","2020-06-06",72,12,149,209,5440,0.492279411764706,8175,32800,303,771,14,4950,3,2251,8,3
"1062","2020-06-07",69,12,148,196,5440,0.492279411764706,8175,32800,303,771,13,4963,21,2272,9,21
"1063","2020-03-07",1,13,0,0,6163,0.873762777867921,8445,32218,282,686,NA,NA,NA,NA,NA,NA
"1064","2020-03-08",1,13,0,0,6163,0.873762777867921,8445,32218,282,686,NA,NA,NA,NA,NA,NA
"1065","2020-03-09",0,13,0,0,6163,0.873762777867921,8445,32218,282,686,NA,NA,NA,NA,NA,NA
"1066","2020-03-10",0,13,0,0,6163,0.873762777867921,8445,32218,282,686,NA,NA,NA,NA,NA,NA
"1067","2020-03-11",0,13,0,0,6163,0.873762777867921,8445,32218,282,686,22,22,6,6,NA,6
"1068","2020-03-12",0,13,0,0,6163,0.873762777867921,8445,32218,282,686,29,51,5,11,NA,5
"1069","2020-03-13",2,13,28,35,6163,0.873762777867921,8445,32218,282,686,34,85,6,17,5,6
"1070","2020-03-14",3,13,32,53,6163,0.873762777867921,8445,32218,282,686,26,111,7,24,6,7
"1071","2020-03-15",5,13,40,78,6163,0.873762777867921,8445,32218,282,686,32,143,7,31,10,7
"1072","2020-03-16",8,13,36,102,6163,0.873762777867921,8445,32218,282,686,54,197,14,45,24,14
"1073","2020-03-17",17,13,51,133,6163,0.873762777867921,8445,32218,282,686,46,243,7,52,23,7
"1074","2020-03-18",23,13,56,176,6163,0.873762777867921,8445,32218,282,686,50,293,11,63,24,11
"1075","2020-03-19",30,13,67,214,6163,0.873762777867921,8445,32218,282,686,51,344,9,72,33,9
"1076","2020-03-20",46,13,80,245,6163,0.873762777867921,8445,32218,282,686,75,419,10,82,56,10
"1077","2020-03-21",61,13,88,272,6163,0.873762777867921,8445,32218,282,686,63,482,12,94,36,12
"1078","2020-03-22",75,13,102,310,6163,0.873762777867921,8445,32218,282,686,88,570,26,120,54,26
"1079","2020-03-23",79,13,128,364,6163,0.873762777867921,8445,32218,282,686,48,618,10,130,36,10
"1080","2020-03-24",79,13,138,411,6163,0.873762777867921,8445,32218,282,686,68,686,18,148,45,18
"1081","2020-03-25",91,13,132,469,6163,0.873762777867921,8445,32218,282,686,96,782,22,170,73,22
"1082","2020-03-26",102,13,134,513,6163,0.873762777867921,8445,32218,282,686,102,884,10,180,75,10
"1083","2020-03-27",130,13,129,571,6163,0.873762777867921,8445,32218,282,686,95,979,13,193,64,13
"1084","2020-03-28",133,13,138,633,6163,0.873762777867921,8445,32218,282,686,105,1084,22,215,81,22
"1085","2020-03-29",163,13,142,699,6163,0.873762777867921,8445,32218,282,686,83,1167,32,247,60,32
"1086","2020-03-30",173,13,152,760,6163,0.873762777867921,8445,32218,282,686,107,1274,18,265,75,18
"1087","2020-03-31",177,13,163,818,6163,0.873762777867921,8445,32218,282,686,103,1377,24,289,75,24
"1088","2020-04-01",189,13,168,898,6163,0.873762777867921,8445,32218,282,686,117,1494,18,307,93,18
"1089","2020-04-02",199,13,156,968,6163,0.873762777867921,8445,32218,282,686,119,1613,18,325,93,18
"1090","2020-04-03",278,13,158,1035,6163,0.873762777867921,8445,32218,282,686,123,1736,14,339,95,14
"1091","2020-04-04",308,13,158,1102,6163,0.873762777867921,8445,32218,282,686,99,1835,27,366,70,27
"1092","2020-04-05",299,13,181,1191,6163,0.873762777867921,8445,32218,282,686,107,1942,26,392,80,26
"1093","2020-04-06",320,13,184,1253,6163,0.873762777867921,8445,32218,282,686,134,2076,31,423,112,31
"1094","2020-04-07",326,13,173,1316,6163,0.873762777867921,8445,32218,282,686,136,2212,29,452,105,29
"1095","2020-04-08",344,13,150,1414,6163,0.873762777867921,8445,32218,282,686,104,2316,24,476,81,24
"1096","2020-04-09",366,13,143,1486,6163,0.873762777867921,8445,32218,282,686,107,2423,21,497,77,21
"1097","2020-04-10",476,13,141,1544,6163,0.873762777867921,8445,32218,282,686,120,2543,34,531,95,34
"1098","2020-04-11",521,13,149,1613,6163,0.873762777867921,8445,32218,282,686,115,2658,34,565,87,34
"1099","2020-04-12",512,13,165,1679,6163,0.873762777867921,8445,32218,282,686,95,2753,15,580,75,15
"1100","2020-04-13",507,13,191,1747,6163,0.873762777867921,8445,32218,282,686,113,2866,25,605,84,25
"1101","2020-04-14",509,13,189,1786,6163,0.873762777867921,8445,32218,282,686,102,2968,20,625,74,20
"1102","2020-04-15",535,13,192,1776,6163,0.873762777867921,8445,32218,282,686,90,3058,28,653,75,28
"1103","2020-04-16",549,13,198,1824,6163,0.873762777867921,8445,32218,282,686,105,3163,16,669,78,16
"1104","2020-04-17",613,13,198,1870,6163,0.873762777867921,8445,32218,282,686,82,3245,17,686,62,17
"1105","2020-04-18",612,13,204,1899,6163,0.873762777867921,8445,32218,282,686,78,3323,37,723,63,37
"1106","2020-04-19",615,13,206,1845,6163,0.873762777867921,8445,32218,282,686,100,3423,15,738,81,15
"1107","2020-04-20",631,13,220,1817,6163,0.873762777867921,8445,32218,282,686,91,3514,16,754,67,16
"1108","2020-04-21",626,13,225,1782,6163,0.873762777867921,8445,32218,282,686,94,3608,10,764,62,10
"1109","2020-04-22",608,13,228,1741,6163,0.873762777867921,8445,32218,282,686,74,3682,9,773,48,9
"1110","2020-04-23",602,13,227,1663,6163,0.873762777867921,8445,32218,282,686,76,3758,9,782,63,9
"1111","2020-04-24",590,13,229,1628,6163,0.873762777867921,8445,32218,282,686,67,3825,6,788,47,6
"1112","2020-04-25",607,13,228,1560,6163,0.873762777867921,8445,32218,282,686,85,3910,6,794,61,6
"1113","2020-04-26",534,13,252,1514,6163,0.873762777867921,8445,32218,282,686,66,3976,9,803,34,9
"1114","2020-04-27",523,13,239,1430,6163,0.873762777867921,8445,32218,282,686,68,4044,8,811,44,8
"1115","2020-04-28",507,13,250,1351,6163,0.873762777867921,8445,32218,282,686,56,4100,16,827,33,16
"1116","2020-04-29",498,13,244,1296,6163,0.873762777867921,8445,32218,282,686,67,4167,31,858,47,31
"1117","2020-04-30",487,13,232,1214,6163,0.873762777867921,8445,32218,282,686,54,4221,20,878,35,20
"1118","2020-05-01",455,13,241,1146,6163,0.873762777867921,8445,32218,282,686,61,4282,33,911,43,33
"1119","2020-05-02",404,13,239,1082,6163,0.873762777867921,8445,32218,282,686,52,4334,17,928,39,17
"1120","2020-05-03",377,13,230,995,6163,0.873762777867921,8445,32218,282,686,42,4376,17,945,30,17
"1121","2020-05-04",344,13,237,929,6163,0.873762777867921,8445,32218,282,686,55,4431,14,959,37,14
"1122","2020-05-05",325,13,223,857,6163,0.873762777867921,8445,32218,282,686,31,4462,27,986,21,27
"1123","2020-05-06",319,13,210,784,6163,0.873762777867921,8445,32218,282,686,40,4502,15,1001,22,15
"1124","2020-05-07",303,13,231,702,6163,0.873762777867921,8445,32218,282,686,29,4531,14,1015,15,14
"1125","2020-05-08",272,13,227,642,6163,0.873762777867921,8445,32218,282,686,54,4585,10,1025,32,10
"1126","2020-05-09",282,13,241,580,6163,0.873762777867921,8445,32218,282,686,37,4622,12,1037,22,12
"1127","2020-05-10",242,13,231,516,6163,0.873762777867921,8445,32218,282,686,44,4666,10,1047,28,10
"1128","2020-05-11",223,13,227,471,6163,0.873762777867921,8445,32218,282,686,47,4713,15,1062,26,15
"1129","2020-05-12",207,13,218,424,6163,0.873762777867921,8445,32218,282,686,25,4738,16,1078,17,16
"1130","2020-05-13",175,13,225,383,6163,0.873762777867921,8445,32218,282,686,25,4763,24,1102,19,24
"1131","2020-05-14",157,13,255,342,6163,0.873762777867921,8445,32218,282,686,27,4790,30,1132,12,30
"1132","2020-05-15",148,13,251,316,6163,0.873762777867921,8445,32218,282,686,39,4829,15,1147,24,15
"1133","2020-05-16",122,13,237,287,6163,0.873762777867921,8445,32218,282,686,20,4849,27,1174,9,27
"1134","2020-05-17",108,13,232,260,6163,0.873762777867921,8445,32218,282,686,25,4874,27,1201,15,27
"1135","2020-05-18",105,13,224,235,6163,0.873762777867921,8445,32218,282,686,28,4902,19,1220,16,19
"1136","2020-05-19",104,13,220,221,6163,0.873762777867921,8445,32218,282,686,24,4926,21,1241,12,21
"1137","2020-05-20",98,13,200,200,6163,0.873762777867921,8445,32218,282,686,28,4954,21,1262,17,21
"1138","2020-05-21",91,13,196,181,6163,0.873762777867921,8445,32218,282,686,24,4978,22,1284,15,22
"1139","2020-05-22",70,13,201,158,6163,0.873762777867921,8445,32218,282,686,31,5009,24,1308,18,24
"1140","2020-05-23",68,13,212,144,6163,0.873762777867921,8445,32218,282,686,27,5036,15,1323,18,15
"1141","2020-05-24",61,13,205,130,6163,0.873762777867921,8445,32218,282,686,25,5061,20,1343,10,20
"1142","2020-05-25",55,13,209,115,6163,0.873762777867921,8445,32218,282,686,30,5091,14,1357,22,14
"1143","2020-05-26",46,13,203,110,6163,0.873762777867921,8445,32218,282,686,22,5113,9,1366,15,9
"1144","2020-05-27",45,13,197,100,6163,0.873762777867921,8445,32218,282,686,16,5129,17,1383,1,17
"1145","2020-05-28",45,13,208,93,6163,0.873762777867921,8445,32218,282,686,28,5157,19,1402,14,19
"1146","2020-05-29",44,13,199,88,6163,0.873762777867921,8445,32218,282,686,7,5164,14,1416,2,14
"1147","2020-05-30",38,13,199,83,6163,0.873762777867921,8445,32218,282,686,15,5179,10,1426,9,10
"1148","2020-05-31",39,13,184,76,6163,0.873762777867921,8445,32218,282,686,15,5194,8,1434,8,8
"1149","2020-06-01",32,13,174,72,6163,0.873762777867921,8445,32218,282,686,7,5201,5,1439,5,5
"1150","2020-06-02",30,13,178,66,6163,0.873762777867921,8445,32218,282,686,19,5220,12,1451,8,12
"1151","2020-06-03",30,13,179,62,6163,0.873762777867921,8445,32218,282,686,14,5234,12,1463,6,12
"1152","2020-06-04",29,13,198,55,6163,0.873762777867921,8445,32218,282,686,18,5252,8,1471,9,8
"1153","2020-06-05",28,13,195,55,6163,0.873762777867921,8445,32218,282,686,14,5266,6,1477,6,6
"1154","2020-06-06",27,13,184,50,6163,0.873762777867921,8445,32218,282,686,5,5271,8,1485,2,8
"1155","2020-06-07",20,13,170,48,6163,0.873762777867921,8445,32218,282,686,7,5278,10,1495,4,10
"1156","2020-03-12",1,14,45,31,6087,0.858715294890751,8325,32967,330,782,22,52,24,33,6,24
"1157","2020-03-13",2,14,63,58,6087,0.858715294890751,8325,32967,330,782,28,80,20,53,9,20
"1158","2020-03-14",10,14,73,80,6087,0.858715294890751,8325,32967,330,782,29,109,14,67,16,14
"1159","2020-03-15",18,14,95,112,6087,0.858715294890751,8325,32967,330,782,39,148,35,102,22,35
"1160","2020-03-16",22,14,121,138,6087,0.858715294890751,8325,32967,330,782,44,192,31,133,28,31
"1161","2020-03-17",25,14,113,183,6087,0.858715294890751,8325,32967,330,782,49,241,20,153,25,20
"1162","2020-03-18",29,14,118,224,6087,0.858715294890751,8325,32967,330,782,46,287,14,167,29,14
"1163","2020-03-19",40,14,99,275,6087,0.858715294890751,8325,32967,330,782,66,353,29,196,49,29
"1164","2020-03-20",51,14,101,329,6087,0.858715294890751,8325,32967,330,782,68,421,46,242,41,46
"1165","2020-03-21",85,14,118,382,6087,0.858715294890751,8325,32967,330,782,78,499,58,300,60,58
"1166","2020-03-22",97,14,127,448,6087,0.858715294890751,8325,32967,330,782,87,586,32,332,66,32
"1167","2020-03-23",96,14,127,504,6087,0.858715294890751,8325,32967,330,782,77,663,16,348,57,16
"1168","2020-03-24",112,14,124,568,6087,0.858715294890751,8325,32967,330,782,77,740,6,354,57,6
"1169","2020-03-25",124,14,149,643,6087,0.858715294890751,8325,32967,330,782,79,819,5,359,60,5
"1170","2020-03-26",134,14,151,706,6087,0.858715294890751,8325,32967,330,782,83,902,6,365,66,6
"1171","2020-03-27",213,14,148,797,6087,0.858715294890751,8325,32967,330,782,86,988,11,376,69,11
"1172","2020-03-28",223,14,146,907,6087,0.858715294890751,8325,32967,330,782,107,1095,27,403,84,27
"1173","2020-03-29",240,14,162,978,6087,0.858715294890751,8325,32967,330,782,104,1199,26,429,82,26
"1174","2020-03-30",259,14,175,1061,6087,0.858715294890751,8325,32967,330,782,96,1295,34,463,70,34
"1175","2020-03-31",275,14,163,1115,6087,0.858715294890751,8325,32967,330,782,114,1409,31,494,98,31
"1176","2020-04-01",296,14,178,1216,6087,0.858715294890751,8325,32967,330,782,101,1510,49,543,80,49
"1177","2020-04-02",317,14,178,1286,6087,0.858715294890751,8325,32967,330,782,118,1628,53,596,96,53
"1178","2020-04-03",410,14,165,1326,6087,0.858715294890751,8325,32967,330,782,83,1711,55,651,64,55
"1179","2020-04-04",420,14,172,1414,6087,0.858715294890751,8325,32967,330,782,99,1810,58,709,80,58
"1180","2020-04-05",434,14,167,1459,6087,0.858715294890751,8325,32967,330,782,94,1904,56,765,77,56
"1181","2020-04-06",447,14,163,1494,6087,0.858715294890751,8325,32967,330,782,112,2016,32,797,87,32
"1182","2020-04-07",439,14,166,1526,6087,0.858715294890751,8325,32967,330,782,113,2129,44,841,89,44
"1183","2020-04-08",459,14,177,1595,6087,0.858715294890751,8325,32967,330,782,108,2237,19,860,87,19
"1184","2020-04-09",477,14,191,1607,6087,0.858715294890751,8325,32967,330,782,98,2335,50,910,80,50
"1185","2020-04-10",536,14,190,1637,6087,0.858715294890751,8325,32967,330,782,100,2435,24,934,78,24
"1186","2020-04-11",578,14,201,1669,6087,0.858715294890751,8325,32967,330,782,126,2561,22,956,102,22
"1187","2020-04-12",535,14,204,1662,6087,0.858715294890751,8325,32967,330,782,78,2639,31,987,58,31
"1188","2020-04-13",533,14,229,1668,6087,0.858715294890751,8325,32967,330,782,108,2747,42,1029,80,42
"1189","2020-04-14",537,14,256,1640,6087,0.858715294890751,8325,32967,330,782,103,2850,18,1047,85,18
"1190","2020-04-15",544,14,279,1644,6087,0.858715294890751,8325,32967,330,782,79,2929,16,1063,62,16
"1191","2020-04-16",536,14,277,1583,6087,0.858715294890751,8325,32967,330,782,98,3027,18,1081,79,18
"1192","2020-04-17",589,14,261,1573,6087,0.858715294890751,8325,32967,330,782,82,3109,42,1123,68,43
"1193","2020-04-18",555,14,244,1523,6087,0.858715294890751,8325,32967,330,782,62,3171,48,1171,50,48
"1194","2020-04-19",529,14,237,1492,6087,0.858715294890751,8325,32967,330,782,78,3249,33,1204,68,33
"1195","2020-04-20",520,14,226,1453,6087,0.858715294890751,8325,32967,330,782,70,3319,16,1220,52,16
"1196","2020-04-21",506,14,233,1406,6087,0.858715294890751,8325,32967,330,782,72,3391,14,1234,57,14
"1197","2020-04-22",497,14,211,1349,6087,0.858715294890751,8325,32967,330,782,89,3480,5,1239,76,5
"1198","2020-04-23",497,14,199,1295,6087,0.858715294890751,8325,32967,330,782,79,3559,8,1247,63,8
"1199","2020-04-24",469,14,188,1223,6087,0.858715294890751,8325,32967,330,782,78,3637,51,1298,59,51
"1200","2020-04-25",471,14,212,1166,6087,0.858715294890751,8325,32967,330,782,64,3701,29,1327,48,29
"1201","2020-04-26",418,14,224,1109,6087,0.858715294890751,8325,32967,330,782,80,3781,18,1345,61,18
"1202","2020-04-27",402,14,208,1021,6087,0.858715294890751,8325,32967,330,782,88,3869,16,1361,70,16
"1203","2020-04-28",381,14,212,989,6087,0.858715294890751,8325,32967,330,782,68,3937,47,1408,51,47
"1204","2020-04-29",363,14,246,933,6087,0.858715294890751,8325,32967,330,782,76,4013,22,1430,49,22
"1205","2020-04-30",338,14,274,887,6087,0.858715294890751,8325,32967,330,782,56,4069,21,1451,41,21
"1206","2020-05-01",316,14,267,821,6087,0.858715294890751,8325,32967,330,782,53,4122,39,1490,49,39
"1207","2020-05-02",328,14,259,764,6087,0.858715294890751,8325,32967,330,782,62,4184,30,1520,44,30
"1208","2020-05-03",287,14,237,723,6087,0.858715294890751,8325,32967,330,782,48,4232,13,1533,38,13
"1209","2020-05-04",263,14,251,661,6087,0.858715294890751,8325,32967,330,782,50,4282,45,1578,34,45
"1210","2020-05-05",247,14,257,633,6087,0.858715294890751,8325,32967,330,782,59,4341,32,1610,46,32
"1211","2020-05-06",234,14,259,585,6087,0.858715294890751,8325,32967,330,782,50,4391,47,1657,35,47
"1212","2020-05-07",238,14,244,554,6087,0.858715294890751,8325,32967,330,782,41,4432,50,1707,32,50
"1213","2020-05-08",229,14,234,512,6087,0.858715294890751,8325,32967,330,782,43,4475,24,1731,30,24
"1214","2020-05-09",210,14,249,494,6087,0.858715294890751,8325,32967,330,782,41,4516,8,1739,24,8
"1215","2020-05-10",196,14,259,450,6087,0.858715294890751,8325,32967,330,782,47,4563,9,1748,31,9
"1216","2020-05-11",189,14,244,426,6087,0.858715294890751,8325,32967,330,782,52,4615,6,1754,35,6
"1217","2020-05-12",178,14,227,391,6087,0.858715294890751,8325,32967,330,782,42,4657,10,1764,30,10
"1218","2020-05-13",167,14,237,374,6087,0.858715294890751,8325,32967,330,782,33,4690,52,1816,20,52
"1219","2020-05-14",151,14,229,344,6087,0.858715294890751,8325,32967,330,782,33,4723,64,1880,25,64
"1220","2020-05-15",134,14,229,321,6087,0.858715294890751,8325,32967,330,782,36,4759,48,1928,31,48
"1221","2020-05-16",133,14,223,306,6087,0.858715294890751,8325,32967,330,782,28,4787,40,1968,19,40
"1222","2020-05-17",113,14,210,286,6087,0.858715294890751,8325,32967,330,782,33,4820,24,1992,20,24
"1223","2020-05-18",107,14,198,272,6087,0.858715294890751,8325,32967,330,782,29,4849,25,2017,21,25
"1224","2020-05-19",106,14,179,260,6087,0.858715294890751,8325,32967,330,782,40,4889,39,2056,27,39
"1225","2020-05-20",105,14,197,250,6087,0.858715294890751,8325,32967,330,782,30,4919,32,2088,24,32
"1226","2020-05-21",97,14,190,249,6087,0.858715294890751,8325,32967,330,782,34,4953,24,2112,25,24
"1227","2020-05-22",91,14,182,233,6087,0.858715294890751,8325,32967,330,782,35,4988,44,2156,24,44
"1228","2020-05-23",81,14,194,221,6087,0.858715294890751,8325,32967,330,782,29,5017,42,2198,22,42
"1229","2020-05-24",78,14,210,224,6087,0.858715294890751,8325,32967,330,782,33,5050,57,2255,18,57
"1230","2020-05-25",74,14,196,209,6087,0.858715294890751,8325,32967,330,782,33,5083,45,2300,23,45
"1231","2020-05-26",66,14,194,190,6087,0.858715294890751,8325,32967,330,782,18,5101,61,2361,14,61
"1232","2020-05-27",67,14,197,174,6087,0.858715294890751,8325,32967,330,782,25,5126,34,2395,17,34
"1233","2020-05-28",67,14,200,169,6087,0.858715294890751,8325,32967,330,782,32,5158,45,2440,25,45
"1234","2020-05-29",67,14,186,160,6087,0.858715294890751,8325,32967,330,782,24,5182,29,2469,19,29
"1235","2020-05-30",67,14,204,150,6087,0.858715294890751,8325,32967,330,782,27,5209,41,2510,19,41
"1236","2020-05-31",67,14,200,136,6087,0.858715294890751,8325,32967,330,782,12,5221,38,2548,10,38
"1237","2020-06-01",59,14,218,134,6087,0.858715294890751,8325,32967,330,782,18,5239,44,2592,12,44
"1238","2020-06-02",60,14,208,128,6087,0.858715294890751,8325,32967,330,782,21,5260,38,2630,15,38
"1239","2020-06-03",53,14,209,127,6087,0.858715294890751,8325,32967,330,782,11,5271,35,2665,7,35
"1240","2020-06-04",50,14,211,120,6087,0.858715294890751,8325,32967,330,782,14,5285,19,2684,11,19
"1241","2020-06-05",45,14,216,116,6087,0.858715294890751,8325,32967,330,782,19,5304,11,2695,14,11
"1242","2020-06-06",44,14,212,111,6087,0.858715294890751,8325,32967,330,782,14,5318,31,2726,10,31
"1243","2020-06-07",34,14,212,108,6087,0.858715294890751,8325,32967,330,782,11,5329,42,2768,6,42
"1244","2020-03-13",7,15,145,168,6423,0.513467227152421,8295,36602,430,1191,43,138,7,26,4,7
"1245","2020-03-14",23,15,173,238,6423,0.513467227152421,8295,36602,430,1191,56,194,13,39,7,13
"1246","2020-03-15",41,15,186,317,6423,0.513467227152421,8295,36602,430,1191,61,255,13,52,24,13
"1247","2020-03-16",48,15,221,398,6423,0.513467227152421,8295,36602,430,1191,63,318,14,66,22,14
"1248","2020-03-17",59,15,206,483,6423,0.513467227152421,8295,36602,430,1191,75,393,7,73,27,7
"1249","2020-03-18",79,15,178,562,6423,0.513467227152421,8295,36602,430,1191,69,462,11,84,32,11
"1250","2020-03-19",102,15,218,630,6423,0.513467227152421,8295,36602,430,1191,84,546,11,95,35,11
"1251","2020-03-20",155,15,234,722,6423,0.513467227152421,8295,36602,430,1191,65,611,10,105,22,10
"1252","2020-03-21",220,15,235,790,6423,0.513467227152421,8295,36602,430,1191,80,691,2,107,42,2
"1253","2020-03-22",230,15,237,871,6423,0.513467227152421,8295,36602,430,1191,86,777,12,119,36,12
"1254","2020-03-23",241,15,230,944,6423,0.513467227152421,8295,36602,430,1191,80,857,6,125,37,6
"1255","2020-03-24",253,15,231,982,6423,0.513467227152421,8295,36602,430,1191,94,951,2,127,44,2
"1256","2020-03-25",272,15,245,1041,6423,0.513467227152421,8295,36602,430,1191,93,1044,1,128,45,1
"1257","2020-03-26",286,15,227,1104,6423,0.513467227152421,8295,36602,430,1191,75,1119,2,130,27,2
"1258","2020-03-27",348,15,183,1145,6423,0.513467227152421,8295,36602,430,1191,76,1195,5,135,36,5
"1259","2020-03-28",334,15,163,1159,6423,0.513467227152421,8295,36602,430,1191,105,1300,9,144,59,9
"1260","2020-03-29",360,15,137,1141,6423,0.513467227152421,8295,36602,430,1191,83,1383,3,147,43,3
"1261","2020-03-30",371,15,150,1154,6423,0.513467227152421,8295,36602,430,1191,97,1480,25,172,39,25
"1262","2020-03-31",366,15,201,1163,6423,0.513467227152421,8295,36602,430,1191,98,1578,13,185,48,13
"1263","2020-04-01",390,15,268,1185,6423,0.513467227152421,8295,36602,430,1191,114,1692,16,201,55,16
"1264","2020-04-02",405,15,253,1191,6423,0.513467227152421,8295,36602,430,1191,80,1772,16,217,44,16
"1265","2020-04-03",449,15,220,1204,6423,0.513467227152421,8295,36602,430,1191,98,1870,20,237,47,20
"1266","2020-04-04",439,15,245,1218,6423,0.513467227152421,8295,36602,430,1191,99,1969,17,254,52,17
"1267","2020-04-05",384,15,282,1220,6423,0.513467227152421,8295,36602,430,1191,93,2062,16,270,44,16
"1268","2020-04-06",385,15,272,1214,6423,0.513467227152421,8295,36602,430,1191,86,2148,12,282,36,12
"1269","2020-04-07",387,15,239,1203,6423,0.513467227152421,8295,36602,430,1191,82,2230,25,307,38,25
"1270","2020-04-08",367,15,216,1182,6423,0.513467227152421,8295,36602,430,1191,105,2335,13,320,53,13
"1271","2020-04-09",363,15,214,1148,6423,0.513467227152421,8295,36602,430,1191,89,2424,7,327,44,7
"1272","2020-04-10",379,15,202,1123,6423,0.513467227152421,8295,36602,430,1191,103,2527,5,332,65,5
"1273","2020-04-11",386,15,222,1116,6423,0.513467227152421,8295,36602,430,1191,89,2616,9,341,41,9
"1274","2020-04-12",393,15,209,1085,6423,0.513467227152421,8295,36602,430,1191,90,2706,10,351,43,10
"1275","2020-04-13",371,15,197,1036,6423,0.513467227152421,8295,36602,430,1191,93,2799,13,364,42,13
"1276","2020-04-14",359,15,179,1039,6423,0.513467227152421,8295,36602,430,1191,93,2892,15,379,45,15
"1277","2020-04-15",360,15,183,1027,6423,0.513467227152421,8295,36602,430,1191,70,2962,8,387,35,8
"1278","2020-04-16",358,15,205,1008,6423,0.513467227152421,8295,36602,430,1191,82,3044,35,422,33,35
"1279","2020-04-17",378,15,208,1010,6423,0.513467227152421,8295,36602,430,1191,85,3129,15,437,39,15
"1280","2020-04-18",390,15,197,999,6423,0.513467227152421,8295,36602,430,1191,77,3206,39,476,26,39
"1281","2020-04-19",349,15,237,1001,6423,0.513467227152421,8295,36602,430,1191,77,3283,32,508,37,32
"1282","2020-04-20",355,15,244,973,6423,0.513467227152421,8295,36602,430,1191,60,3343,17,525,21,17
"1283","2020-04-21",343,15,275,989,6423,0.513467227152421,8295,36602,430,1191,79,3422,33,558,38,33
"1284","2020-04-22",328,15,275,993,6423,0.513467227152421,8295,36602,430,1191,71,3493,37,595,31,37
"1285","2020-04-23",313,15,254,971,6423,0.513467227152421,8295,36602,430,1191,59,3552,22,617,25,22
"1286","2020-04-24",325,15,248,952,6423,0.513467227152421,8295,36602,430,1191,76,3628,18,635,29,18
"1287","2020-04-25",313,15,246,931,6423,0.513467227152421,8295,36602,430,1191,83,3711,37,672,31,37
"1288","2020-04-26",307,15,232,924,6423,0.513467227152421,8295,36602,430,1191,55,3766,29,701,18,29
"1289","2020-04-27",293,15,212,905,6423,0.513467227152421,8295,36602,430,1191,62,3828,26,727,26,26
"1290","2020-04-28",288,15,184,885,6423,0.513467227152421,8295,36602,430,1191,78,3906,17,744,31,17
"1291","2020-04-29",289,15,174,859,6423,0.513467227152421,8295,36602,430,1191,86,3992,8,752,39,8
"1292","2020-04-30",291,15,181,831,6423,0.513467227152421,8295,36602,430,1191,63,4055,13,765,26,13
"1293","2020-05-01",295,15,162,815,6423,0.513467227152421,8295,36602,430,1191,73,4128,6,771,33,6
"1294","2020-05-02",302,15,156,805,6423,0.513467227152421,8295,36602,430,1191,67,4195,5,776,28,5
"1295","2020-05-03",267,15,201,785,6423,0.513467227152421,8295,36602,430,1191,53,4248,12,788,20,12
"1296","2020-05-04",258,15,217,781,6423,0.513467227152421,8295,36602,430,1191,67,4315,13,801,36,13
"1297","2020-05-05",239,15,276,771,6423,0.513467227152421,8295,36602,430,1191,55,4370,27,828,24,27
"1298","2020-05-06",241,15,304,747,6423,0.513467227152421,8295,36602,430,1191,54,4424,14,842,23,14
"1299","2020-05-07",237,15,282,716,6423,0.513467227152421,8295,36602,430,1191,62,4486,22,864,16,22
"1300","2020-05-08",224,15,269,723,6423,0.513467227152421,8295,36602,430,1191,39,4525,19,883,18,19
"1301","2020-05-09",199,15,237,713,6423,0.513467227152421,8295,36602,430,1191,56,4581,43,926,19,43
"1302","2020-05-10",202,15,221,678,6423,0.513467227152421,8295,36602,430,1191,46,4627,34,960,13,34
"1303","2020-05-11",200,15,225,646,6423,0.513467227152421,8295,36602,430,1191,45,4672,31,991,16,31
"1304","2020-05-12",198,15,225,622,6423,0.513467227152421,8295,36602,430,1191,33,4705,42,1033,12,42
"1305","2020-05-13",188,15,261,585,6423,0.513467227152421,8295,36602,430,1191,36,4741,21,1054,20,21
"1306","2020-05-14",179,15,318,553,6423,0.513467227152421,8295,36602,430,1191,44,4785,16,1070,21,16
"1307","2020-05-15",180,15,277,544,6423,0.513467227152421,8295,36602,430,1191,41,4826,14,1084,13,14
"1308","2020-05-16",188,15,235,520,6423,0.513467227152421,8295,36602,430,1191,43,4869,16,1100,18,16
"1309","2020-05-17",173,15,228,489,6423,0.513467227152421,8295,36602,430,1191,30,4899,21,1121,6,21
"1310","2020-05-18",173,15,204,466,6423,0.513467227152421,8295,36602,430,1191,38,4937,15,1136,8,15
"1311","2020-05-19",168,15,189,439,6423,0.513467227152421,8295,36602,430,1191,27,4964,24,1160,16,24
"1312","2020-05-20",162,15,172,416,6423,0.513467227152421,8295,36602,430,1191,32,4996,24,1184,11,24
"1313","2020-05-21",155,15,159,384,6423,0.513467227152421,8295,36602,430,1191,30,5026,21,1205,11,21
"1314","2020-05-22",147,15,145,368,6423,0.513467227152421,8295,36602,430,1191,29,5055,18,1223,10,18
"1315","2020-05-23",138,15,188,346,6423,0.513467227152421,8295,36602,430,1191,22,5077,27,1250,8,27
"1316","2020-05-24",133,15,187,337,6423,0.513467227152421,8295,36602,430,1191,28,5105,17,1267,13,17
"1317","2020-05-25",122,15,187,329,6423,0.513467227152421,8295,36602,430,1191,20,5125,32,1299,6,32
"1318","2020-05-26",111,15,235,316,6423,0.513467227152421,8295,36602,430,1191,23,5148,26,1325,5,26
"1319","2020-05-27",107,15,224,308,6423,0.513467227152421,8295,36602,430,1191,18,5166,41,1366,5,41
"1320","2020-05-28",107,15,219,288,6423,0.513467227152421,8295,36602,430,1191,21,5187,32,1398,8,32
"1321","2020-05-29",115,15,206,288,6423,0.513467227152421,8295,36602,430,1191,13,5200,15,1413,5,15
"1322","2020-05-30",110,15,200,276,6423,0.513467227152421,8295,36602,430,1191,11,5211,17,1430,NA,17
"1323","2020-05-31",97,15,223,268,6423,0.513467227152421,8295,36602,430,1191,22,5233,21,1451,6,21
"1324","2020-06-01",95,15,232,255,6423,0.513467227152421,8295,36602,430,1191,17,5250,12,1463,4,12
"1325","2020-06-02",90,15,205,257,6423,0.513467227152421,8295,36602,430,1191,29,5279,8,1471,9,8
"1326","2020-06-03",86,15,185,262,6423,0.513467227152421,8295,36602,430,1191,14,5293,10,1481,5,10
"1327","2020-06-04",85,15,192,255,6423,0.513467227152421,8295,36602,430,1191,21,5314,20,1501,7,20
"1328","2020-06-05",72,15,186,235,6423,0.513467227152421,8295,36602,430,1191,17,5331,24,1525,2,24
"1329","2020-06-06",87,15,210,237,6423,0.513467227152421,8295,36602,430,1191,15,5346,16,1541,5,16
"1330","2020-06-07",79,15,204,227,6423,0.513467227152421,8295,36602,430,1191,13,5359,20,1561,6,20
"1331","2020-03-13",1,16,67,35,6060,0.843069306930693,8190,32253,339,1126,51,130,37,100,12,37
"1332","2020-03-14",3,16,72,56,6060,0.843069306930693,8190,32253,339,1126,44,174,51,151,13,51
"1333","2020-03-15",7,16,98,79,6060,0.843069306930693,8190,32253,339,1126,44,218,46,197,19,46
"1334","2020-03-16",8,16,102,115,6060,0.843069306930693,8190,32253,339,1126,52,270,41,238,28,41
"1335","2020-03-17",17,16,122,139,6060,0.843069306930693,8190,32253,339,1126,43,313,62,300,25,62
"1336","2020-03-18",24,16,132,171,6060,0.843069306930693,8190,32253,339,1126,63,376,44,344,39,44
"1337","2020-03-19",29,16,119,212,6060,0.843069306930693,8190,32253,339,1126,64,440,56,400,40,56
"1338","2020-03-20",37,16,126,252,6060,0.843069306930693,8190,32253,339,1126,66,506,46,446,46,46
"1339","2020-03-21",43,16,140,296,6060,0.843069306930693,8190,32253,339,1126,67,573,45,491,38,45
"1340","2020-03-22",63,16,166,325,6060,0.843069306930693,8190,32253,339,1126,91,664,44,535,69,44
"1341","2020-03-23",76,16,183,394,6060,0.843069306930693,8190,32253,339,1126,82,746,32,567,58,32
"1342","2020-03-24",78,16,184,456,6060,0.843069306930693,8190,32253,339,1126,90,836,44,611,60,44
"1343","2020-03-25",83,16,170,520,6060,0.843069306930693,8190,32253,339,1126,93,929,33,644,68,33
"1344","2020-03-26",102,16,163,589,6060,0.843069306930693,8190,32253,339,1126,107,1036,32,676,71,32
"1345","2020-03-27",153,16,145,652,6060,0.843069306930693,8190,32253,339,1126,115,1151,37,713,76,37
"1346","2020-03-28",204,16,137,734,6060,0.843069306930693,8190,32253,339,1126,92,1243,54,767,66,54
"1347","2020-03-29",215,16,120,803,6060,0.843069306930693,8190,32253,339,1126,114,1357,49,816,83,49
"1348","2020-03-30",213,16,116,888,6060,0.843069306930693,8190,32253,339,1126,140,1497,36,852,105,36
"1349","2020-03-31",223,16,120,948,6060,0.843069306930693,8190,32253,339,1126,106,1603,29,881,67,29
"1350","2020-04-01",243,16,111,1026,6060,0.843069306930693,8190,32253,339,1126,110,1713,22,903,70,22
"1351","2020-04-02",260,16,130,1121,6060,0.843069306930693,8190,32253,339,1126,105,1818,29,932,71,29
"1352","2020-04-03",348,16,126,1229,6060,0.843069306930693,8190,32253,339,1126,137,1955,28,960,101,28
"1353","2020-04-04",374,16,132,1295,6060,0.843069306930693,8190,32253,339,1126,105,2060,47,1007,74,47
"1354","2020-04-05",345,16,174,1385,6060,0.843069306930693,8190,32253,339,1126,114,2174,52,1059,84,52
"1355","2020-04-06",358,16,217,1453,6060,0.843069306930693,8190,32253,339,1126,100,2274,64,1123,74,64
"1356","2020-04-07",383,16,216,1529,6060,0.843069306930693,8190,32253,339,1126,123,2397,39,1162,98,39
"1357","2020-04-08",402,16,245,1579,6060,0.843069306930693,8190,32253,339,1126,116,2513,49,1211,82,49
"1358","2020-04-09",422,16,265,1612,6060,0.843069306930693,8190,32253,339,1126,121,2634,37,1248,89,37
"1359","2020-04-10",470,16,249,1635,6060,0.843069306930693,8190,32253,339,1126,114,2748,25,1273,84,25
"1360","2020-04-11",535,16,260,1676,6060,0.843069306930693,8190,32253,339,1126,92,2840,57,1330,64,57
"1361","2020-04-12",533,16,239,1697,6060,0.843069306930693,8190,32253,339,1126,118,2958,55,1385,86,55
"1362","2020-04-13",524,16,228,1722,6060,0.843069306930693,8190,32253,339,1126,115,3073,67,1452,85,67
"1363","2020-04-14",546,16,255,1773,6060,0.843069306930693,8190,32253,339,1126,118,3191,49,1501,92,49
"1364","2020-04-15",555,16,239,1780,6060,0.843069306930693,8190,32253,339,1126,103,3294,74,1575,73,74
"1365","2020-04-16",560,16,232,1806,6060,0.843069306930693,8190,32253,339,1126,101,3395,52,1627,70,52
"1366","2020-04-17",643,16,227,1776,6060,0.843069306930693,8190,32253,339,1126,98,3493,41,1668,72,41
"1367","2020-04-18",593,16,205,1776,6060,0.843069306930693,8190,32253,339,1126,88,3581,42,1710,67,42
"1368","2020-04-19",584,16,205,1747,6060,0.843069306930693,8190,32253,339,1126,87,3668,31,1741,67,31
"1369","2020-04-20",584,16,187,1696,6060,0.843069306930693,8190,32253,339,1126,78,3746,50,1791,50,50
"1370","2020-04-21",577,16,209,1657,6060,0.843069306930693,8190,32253,339,1126,97,3843,49,1840,64,49
"1371","2020-04-22",573,16,196,1623,6060,0.843069306930693,8190,32253,339,1126,65,3908,21,1861,42,21
"1372","2020-04-23",559,16,190,1573,6060,0.843069306930693,8190,32253,339,1126,80,3988,31,1892,54,31
"1373","2020-04-24",542,16,181,1496,6060,0.843069306930693,8190,32253,339,1126,76,4064,34,1926,55,34
"1374","2020-04-25",542,16,201,1417,6060,0.843069306930693,8190,32253,339,1126,84,4148,23,1949,54,23
"1375","2020-04-26",515,16,214,1346,6060,0.843069306930693,8190,32253,339,1126,73,4221,31,1980,49,31
"1376","2020-04-27",510,16,217,1256,6060,0.843069306930693,8190,32253,339,1126,61,4282,32,2012,32,32
"1377","2020-04-28",471,16,196,1178,6060,0.843069306930693,8190,32253,339,1126,65,4347,40,2052,46,40
"1378","2020-04-29",473,16,198,1065,6060,0.843069306930693,8190,32253,339,1126,69,4416,30,2082,49,30
"1379","2020-04-30",452,16,201,976,6060,0.843069306930693,8190,32253,339,1126,60,4476,27,2109,41,27
"1380","2020-05-01",407,16,230,899,6060,0.843069306930693,8190,32253,339,1126,51,4527,29,2138,29,29
"1381","2020-05-02",387,16,266,828,6060,0.843069306930693,8190,32253,339,1126,55,4582,33,2171,31,33
"1382","2020-05-03",335,16,295,772,6060,0.843069306930693,8190,32253,339,1126,44,4626,39,2210,22,39
"1383","2020-05-04",303,16,275,714,6060,0.843069306930693,8190,32253,339,1126,47,4673,31,2241,26,31
"1384","2020-05-05",289,16,242,650,6060,0.843069306930693,8190,32253,339,1126,46,4719,37,2278,22,37
"1385","2020-05-06",254,16,220,588,6060,0.843069306930693,8190,32253,339,1126,54,4773,34,2312,30,34
"1386","2020-05-07",242,16,210,552,6060,0.843069306930693,8190,32253,339,1126,50,4823,33,2345,32,33
"1387","2020-05-08",232,16,208,513,6060,0.843069306930693,8190,32253,339,1126,39,4862,35,2380,21,35
"1388","2020-05-09",219,16,193,460,6060,0.843069306930693,8190,32253,339,1126,32,4894,50,2430,20,50
"1389","2020-05-10",183,16,197,411,6060,0.843069306930693,8190,32253,339,1126,49,4943,37,2467,21,37
"1390","2020-05-11",173,16,218,375,6060,0.843069306930693,8190,32253,339,1126,42,4985,42,2509,20,42
"1391","2020-05-12",160,16,230,354,6060,0.843069306930693,8190,32253,339,1126,39,5024,34,2543,19,34
"1392","2020-05-13",147,16,245,322,6060,0.843069306930693,8190,32253,339,1126,25,5049,30,2573,13,30
"1393","2020-05-14",140,16,257,305,6060,0.843069306930693,8190,32253,339,1126,40,5089,29,2602,28,29
"1394","2020-05-15",107,16,242,278,6060,0.843069306930693,8190,32253,339,1126,30,5119,26,2628,19,26
"1395","2020-05-16",92,16,225,271,6060,0.843069306930693,8190,32253,339,1126,27,5146,38,2666,14,38
"1396","2020-05-17",91,16,207,251,6060,0.843069306930693,8190,32253,339,1126,27,5173,54,2720,11,54
"1397","2020-05-18",89,16,192,237,6060,0.843069306930693,8190,32253,339,1126,25,5198,65,2785,12,65
"1398","2020-05-19",88,16,186,217,6060,0.843069306930693,8190,32253,339,1126,26,5224,52,2837,10,52
"1399","2020-05-20",83,16,157,207,6060,0.843069306930693,8190,32253,339,1126,26,5250,42,2879,11,42
"1400","2020-05-21",78,16,158,196,6060,0.843069306930693,8190,32253,339,1126,22,5272,36,2915,10,36
"1401","2020-05-22",76,16,170,187,6060,0.843069306930693,8190,32253,339,1126,31,5303,33,2948,12,33
"1402","2020-05-23",79,16,163,178,6060,0.843069306930693,8190,32253,339,1126,22,5325,30,2978,12,30
"1403","2020-05-24",69,16,184,165,6060,0.843069306930693,8190,32253,339,1126,21,5346,26,3004,7,26
"1404","2020-05-25",67,16,170,161,6060,0.843069306930693,8190,32253,339,1126,22,5368,30,3034,14,30
"1405","2020-05-26",57,16,161,149,6060,0.843069306930693,8190,32253,339,1126,12,5380,28,3062,6,28
"1406","2020-05-27",60,16,178,142,6060,0.843069306930693,8190,32253,339,1126,13,5393,23,3085,6,23
"1407","2020-05-28",59,16,192,129,6060,0.843069306930693,8190,32253,339,1126,30,5423,49,3134,11,49
"1408","2020-05-29",56,16,203,121,6060,0.843069306930693,8190,32253,339,1126,19,5442,58,3192,9,58
"1409","2020-05-30",49,16,204,118,6060,0.843069306930693,8190,32253,339,1126,13,5455,37,3229,6,37
"1410","2020-05-31",46,16,222,107,6060,0.843069306930693,8190,32253,339,1126,12,5467,29,3258,9,29
"1411","2020-06-01",40,16,227,103,6060,0.843069306930693,8190,32253,339,1126,15,5482,62,3320,8,62
"1412","2020-06-02",39,16,217,98,6060,0.843069306930693,8190,32253,339,1126,16,5498,59,3379,7,59
"1413","2020-06-03",35,16,203,96,6060,0.843069306930693,8190,32253,339,1126,11,5509,51,3430,4,51
"1414","2020-06-04",34,16,194,90,6060,0.843069306930693,8190,32253,339,1126,14,5523,56,3486,6,56
"1415","2020-06-05",35,16,185,90,6060,0.843069306930693,8190,32253,339,1126,12,5535,33,3519,6,33
"1416","2020-06-06",34,16,174,83,6060,0.843069306930693,8190,32253,339,1126,15,5550,55,3574,6,55
"1417","2020-06-07",30,16,180,80,6060,0.843069306930693,8190,32253,339,1126,11,5561,41,3615,4,41
"1418","2020-03-13",2,17,85,80,5848,0.661080711354309,8355,33406,352,1217,9,24,12,32,5,12
"1419","2020-03-14",8,17,128,116,5848,0.661080711354309,8355,33406,352,1217,16,40,9,41,8,9
"1420","2020-03-15",14,17,145,145,5848,0.661080711354309,8355,33406,352,1217,14,54,27,68,12,27
"1421","2020-03-16",16,17,148,194,5848,0.661080711354309,8355,33406,352,1217,15,69,17,85,10,17
"1422","2020-03-17",25,17,157,250,5848,0.661080711354309,8355,33406,352,1217,17,86,20,105,10,20
"1423","2020-03-18",33,17,143,301,5848,0.661080711354309,8355,33406,352,1217,31,117,21,126,24,21
"1424","2020-03-19",43,17,124,359,5848,0.661080711354309,8355,33406,352,1217,30,147,14,140,26,14
"1425","2020-03-20",61,17,124,415,5848,0.661080711354309,8355,33406,352,1217,30,177,17,157,26,17
"1426","2020-03-21",100,17,119,467,5848,0.661080711354309,8355,33406,352,1217,31,208,34,191,24,34
"1427","2020-03-22",107,17,109,528,5848,0.661080711354309,8355,33406,352,1217,47,255,13,204,36,13
"1428","2020-03-23",117,17,101,604,5848,0.661080711354309,8355,33406,352,1217,55,310,15,219,47,15
"1429","2020-03-24",122,17,89,674,5848,0.661080711354309,8355,33406,352,1217,56,366,36,255,48,36
"1430","2020-03-25",138,17,115,718,5848,0.661080711354309,8355,33406,352,1217,79,445,19,274,73,19
"1431","2020-03-26",159,17,125,775,5848,0.661080711354309,8355,33406,352,1217,68,513,14,288,62,14
"1432","2020-03-27",217,17,112,822,5848,0.661080711354309,8355,33406,352,1217,81,594,32,320,76,32
"1433","2020-03-28",265,17,106,858,5848,0.661080711354309,8355,33406,352,1217,74,668,43,363,71,43
"1434","2020-03-29",261,17,107,909,5848,0.661080711354309,8355,33406,352,1217,115,783,37,400,112,37
"1435","2020-03-30",256,17,138,960,5848,0.661080711354309,8355,33406,352,1217,124,907,29,429,120,29
"1436","2020-03-31",281,17,133,990,5848,0.661080711354309,8355,33406,352,1217,81,988,39,468,75,39
"1437","2020-04-01",299,17,134,1029,5848,0.661080711354309,8355,33406,352,1217,101,1089,15,483,93,15
"1438","2020-04-02",309,17,128,1065,5848,0.661080711354309,8355,33406,352,1217,140,1229,23,506,135,23
"1439","2020-04-03",349,17,121,1115,5848,0.661080711354309,8355,33406,352,1217,130,1359,44,550,124,44
"1440","2020-04-04",332,17,117,1147,5848,0.661080711354309,8355,33406,352,1217,131,1490,34,584,120,34
"1441","2020-04-05",356,17,115,1185,5848,0.661080711354309,8355,33406,352,1217,186,1676,37,621,182,37
"1442","2020-04-06",349,17,164,1214,5848,0.661080711354309,8355,33406,352,1217,191,1867,54,675,181,54
"1443","2020-04-07",352,17,170,1252,5848,0.661080711354309,8355,33406,352,1217,167,2034,41,716,158,41
"1444","2020-04-08",347,17,226,1286,5848,0.661080711354309,8355,33406,352,1217,157,2191,28,744,152,28
"1445","2020-04-09",350,17,235,1335,5848,0.661080711354309,8355,33406,352,1217,165,2356,26,770,158,26
"1446","2020-04-10",447,17,222,1355,5848,0.661080711354309,8355,33406,352,1217,204,2560,27,797,200,27
"1447","2020-04-11",448,17,197,1395,5848,0.661080711354309,8355,33406,352,1217,172,2732,25,822,166,25
"1448","2020-04-12",405,17,212,1391,5848,0.661080711354309,8355,33406,352,1217,182,2914,23,845,178,23
"1449","2020-04-13",426,17,254,1395,5848,0.661080711354309,8355,33406,352,1217,147,3061,12,857,147,12
"1450","2020-04-14",421,17,260,1380,5848,0.661080711354309,8355,33406,352,1217,191,3252,7,864,186,7
"1451","2020-04-15",444,17,229,1355,5848,0.661080711354309,8355,33406,352,1217,170,3422,9,873,164,9
"1452","2020-04-16",454,17,194,1324,5848,0.661080711354309,8355,33406,352,1217,137,3559,6,879,137,6
"1453","2020-04-17",468,17,186,1315,5848,0.661080711354309,8355,33406,352,1217,148,3707,10,889,143,10
"1454","2020-04-18",467,17,168,1302,5848,0.661080711354309,8355,33406,352,1217,168,3875,16,905,161,16
"1455","2020-04-19",473,17,170,1295,5848,0.661080711354309,8355,33406,352,1217,154,4029,13,918,148,13
"1456","2020-04-20",461,17,203,1259,5848,0.661080711354309,8355,33406,352,1217,111,4140,37,955,109,37
"1457","2020-04-21",453,17,195,1222,5848,0.661080711354309,8355,33406,352,1217,133,4273,26,981,130,26
"1458","2020-04-22",443,17,214,1191,5848,0.661080711354309,8355,33406,352,1217,113,4386,16,997,108,16
"1459","2020-04-23",432,17,239,1117,5848,0.661080711354309,8355,33406,352,1217,109,4495,24,1021,104,24
"1460","2020-04-24",423,17,221,1093,5848,0.661080711354309,8355,33406,352,1217,125,4620,40,1061,124,40
"1461","2020-04-25",418,17,252,1051,5848,0.661080711354309,8355,33406,352,1217,113,4733,40,1101,107,40
"1462","2020-04-26",381,17,253,1010,5848,0.661080711354309,8355,33406,352,1217,88,4821,22,1123,86,22
"1463","2020-04-27",369,17,259,974,5848,0.661080711354309,8355,33406,352,1217,98,4919,12,1135,96,12
"1464","2020-04-28",344,17,269,933,5848,0.661080711354309,8355,33406,352,1217,82,5001,15,1150,78,15
"1465","2020-04-29",331,17,287,894,5848,0.661080711354309,8355,33406,352,1217,78,5079,12,1162,75,12
"1466","2020-04-30",315,17,286,854,5848,0.661080711354309,8355,33406,352,1217,86,5165,10,1172,78,10
"1467","2020-05-01",294,17,273,827,5848,0.661080711354309,8355,33406,352,1217,70,5235,47,1219,67,47
"1468","2020-05-02",301,17,277,782,5848,0.661080711354309,8355,33406,352,1217,54,5289,62,1281,51,62
"1469","2020-05-03",261,17,242,754,5848,0.661080711354309,8355,33406,352,1217,60,5349,38,1319,59,38
"1470","2020-05-04",254,17,223,702,5848,0.661080711354309,8355,33406,352,1217,65,5414,40,1359,59,40
"1471","2020-05-05",254,17,214,650,5848,0.661080711354309,8355,33406,352,1217,63,5477,27,1386,60,27
"1472","2020-05-06",244,17,199,606,5848,0.661080711354309,8355,33406,352,1217,37,5514,22,1408,36,22
"1473","2020-05-07",236,17,171,577,5848,0.661080711354309,8355,33406,352,1217,52,5566,47,1455,51,47
"1474","2020-05-08",231,17,159,559,5848,0.661080711354309,8355,33406,352,1217,31,5597,64,1519,29,64
"1475","2020-05-09",230,17,138,527,5848,0.661080711354309,8355,33406,352,1217,41,5638,47,1566,38,47
"1476","2020-05-10",221,17,129,520,5848,0.661080711354309,8355,33406,352,1217,39,5677,33,1599,34,33
"1477","2020-05-11",209,17,150,502,5848,0.661080711354309,8355,33406,352,1217,34,5711,38,1637,29,38
"1478","2020-05-12",195,17,155,478,5848,0.661080711354309,8355,33406,352,1217,25,5736,59,1696,21,59
"1479","2020-05-13",180,17,141,452,5848,0.661080711354309,8355,33406,352,1217,40,5776,59,1755,38,59
"1480","2020-05-14",179,17,135,438,5848,0.661080711354309,8355,33406,352,1217,37,5813,52,1807,31,52
"1481","2020-05-15",159,17,129,403,5848,0.661080711354309,8355,33406,352,1217,24,5837,55,1862,24,55
"1482","2020-05-16",140,17,130,399,5848,0.661080711354309,8355,33406,352,1217,29,5866,18,1880,28,18
"1483","2020-05-17",128,17,163,384,5848,0.661080711354309,8355,33406,352,1217,25,5891,17,1897,22,17
"1484","2020-05-18",124,17,181,359,5848,0.661080711354309,8355,33406,352,1217,13,5904,17,1914,11,17
"1485","2020-05-19",116,17,193,360,5848,0.661080711354309,8355,33406,352,1217,15,5919,10,1924,12,10
"1486","2020-05-20",115,17,189,353,5848,0.661080711354309,8355,33406,352,1217,14,5933,13,1937,14,13
"1487","2020-05-21",109,17,208,329,5848,0.661080711354309,8355,33406,352,1217,18,5951,10,1947,15,10
"1488","2020-05-22",106,17,216,319,5848,0.661080711354309,8355,33406,352,1217,13,5964,12,1959,11,12
"1489","2020-05-23",109,17,224,313,5848,0.661080711354309,8355,33406,352,1217,15,5979,10,1969,14,10
"1490","2020-05-24",120,17,259,291,5848,0.661080711354309,8355,33406,352,1217,14,5993,32,2001,13,32
"1491","2020-05-25",113,17,277,272,5848,0.661080711354309,8355,33406,352,1217,12,6005,33,2034,12,33
"1492","2020-05-26",114,17,268,259,5848,0.661080711354309,8355,33406,352,1217,4,6009,28,2062,4,28
"1493","2020-05-27",119,17,236,246,5848,0.661080711354309,8355,33406,352,1217,9,6018,33,2095,9,33
"1494","2020-05-28",114,17,203,233,5848,0.661080711354309,8355,33406,352,1217,6,6024,44,2139,6,44
"1495","2020-05-29",104,17,189,220,5848,0.661080711354309,8355,33406,352,1217,5,6029,34,2173,4,34
"1496","2020-05-30",92,17,193,205,5848,0.661080711354309,8355,33406,352,1217,9,6038,30,2203,7,30
"1497","2020-05-31",91,17,217,198,5848,0.661080711354309,8355,33406,352,1217,10,6048,10,2213,8,10
"1498","2020-06-01",87,17,219,189,5848,0.661080711354309,8355,33406,352,1217,7,6055,37,2250,7,37
"1499","2020-06-02",81,17,234,177,5848,0.661080711354309,8355,33406,352,1217,7,6062,21,2271,4,21
"1500","2020-06-03",69,17,214,167,5848,0.661080711354309,8355,33406,352,1217,6,6068,25,2296,5,25
"1501","2020-06-04",67,17,186,166,5848,0.661080711354309,8355,33406,352,1217,9,6077,22,2318,8,22
"1502","2020-06-05",61,17,173,151,5848,0.661080711354309,8355,33406,352,1217,8,6085,30,2348,6,30
"1503","2020-06-06",60,17,165,143,5848,0.661080711354309,8355,33406,352,1217,4,6089,14,2362,4,14
"1504","2020-06-07",45,17,163,136,5848,0.661080711354309,8355,33406,352,1217,9,6098,32,2394,9,32
"1505","2020-03-13",1,18,98,43,5808,0.824207988980716,8310,33127,340,1368,8,24,15,40,1,15
"1506","2020-03-14",6,18,116,71,5808,0.824207988980716,8310,33127,340,1368,9,33,21,61,4,21
"1507","2020-03-15",8,18,128,95,5808,0.824207988980716,8310,33127,340,1368,17,50,11,72,13,11
"1508","2020-03-16",7,18,147,119,5808,0.824207988980716,8310,33127,340,1368,19,69,13,85,7,13
"1509","2020-03-17",16,18,145,150,5808,0.824207988980716,8310,33127,340,1368,24,93,23,108,14,23
"1510","2020-03-18",23,18,144,181,5808,0.824207988980716,8310,33127,340,1368,18,111,31,139,11,31
"1511","2020-03-19",31,18,137,216,5808,0.824207988980716,8310,33127,340,1368,26,137,18,157,24,18
"1512","2020-03-20",34,18,137,254,5808,0.824207988980716,8310,33127,340,1368,29,166,28,185,18,28
"1513","2020-03-21",52,18,142,306,5808,0.824207988980716,8310,33127,340,1368,32,198,23,208,22,23
"1514","2020-03-22",79,18,165,345,5808,0.824207988980716,8310,33127,340,1368,40,238,5,213,31,5
"1515","2020-03-23",82,18,164,377,5808,0.824207988980716,8310,33127,340,1368,52,290,14,227,44,14
"1516","2020-03-24",83,18,166,423,5808,0.824207988980716,8310,33127,340,1368,62,352,24,251,53,24
"1517","2020-03-25",97,18,160,494,5808,0.824207988980716,8310,33127,340,1368,62,414,22,273,51,22
"1518","2020-03-26",116,18,200,553,5808,0.824207988980716,8310,33127,340,1368,72,486,17,290,65,17
"1519","2020-03-27",164,18,218,582,5808,0.824207988980716,8310,33127,340,1368,74,560,40,330,62,40
"1520","2020-03-28",175,18,213,649,5808,0.824207988980716,8310,33127,340,1368,73,633,33,363,62,33
"1521","2020-03-29",189,18,200,693,5808,0.824207988980716,8310,33127,340,1368,82,715,38,401,81,38
"1522","2020-03-30",201,18,181,747,5808,0.824207988980716,8310,33127,340,1368,81,796,26,427,71,26
"1523","2020-03-31",207,18,185,818,5808,0.824207988980716,8310,33127,340,1368,108,904,50,477,99,50
"1524","2020-04-01",219,18,184,899,5808,0.824207988980716,8310,33127,340,1368,105,1009,55,532,98,55
"1525","2020-04-02",224,18,211,1031,5808,0.824207988980716,8310,33127,340,1368,98,1107,37,569,89,37
"1526","2020-04-03",291,18,209,1084,5808,0.824207988980716,8310,33127,340,1368,117,1224,35,604,113,35
"1527","2020-04-04",329,18,219,1173,5808,0.824207988980716,8310,33127,340,1368,134,1358,24,628,126,24
"1528","2020-04-05",323,18,228,1238,5808,0.824207988980716,8310,33127,340,1368,154,1512,34,662,147,34
"1529","2020-04-06",342,18,203,1292,5808,0.824207988980716,8310,33127,340,1368,161,1673,26,688,152,26
"1530","2020-04-07",359,18,236,1325,5808,0.824207988980716,8310,33127,340,1368,138,1811,41,729,127,41
"1531","2020-04-08",377,18,244,1431,5808,0.824207988980716,8310,33127,340,1368,165,1976,28,757,155,28
"1532","2020-04-09",399,18,276,1485,5808,0.824207988980716,8310,33127,340,1368,153,2129,27,784,146,27
"1533","2020-04-10",457,18,285,1530,5808,0.824207988980716,8310,33127,340,1368,150,2279,21,805,144,21
"1534","2020-04-11",488,18,258,1600,5808,0.824207988980716,8310,33127,340,1368,157,2436,14,819,149,14
"1535","2020-04-12",481,18,239,1634,5808,0.824207988980716,8310,33127,340,1368,143,2579,10,829,138,10
"1536","2020-04-13",474,18,209,1661,5808,0.824207988980716,8310,33127,340,1368,176,2755,43,872,169,43
"1537","2020-04-14",498,18,198,1637,5808,0.824207988980716,8310,33127,340,1368,183,2938,30,902,174,30
"1538","2020-04-15",513,18,183,1637,5808,0.824207988980716,8310,33127,340,1368,144,3082,44,946,137,44
"1539","2020-04-16",523,18,171,1579,5808,0.824207988980716,8310,33127,340,1368,180,3262,37,983,169,37
"1540","2020-04-17",586,18,169,1568,5808,0.824207988980716,8310,33127,340,1368,178,3440,36,1019,171,36
"1541","2020-04-18",598,18,210,1563,5808,0.824207988980716,8310,33127,340,1368,154,3594,50,1069,145,50
"1542","2020-04-19",560,18,180,1540,5808,0.824207988980716,8310,33127,340,1368,140,3734,47,1116,129,47
"1543","2020-04-20",564,18,158,1459,5808,0.824207988980716,8310,33127,340,1368,156,3890,26,1142,149,26
"1544","2020-04-21",539,18,173,1408,5808,0.824207988980716,8310,33127,340,1368,139,4029,26,1168,129,26
"1545","2020-04-22",522,18,203,1391,5808,0.824207988980716,8310,33127,340,1368,113,4142,38,1206,106,38
"1546","2020-04-23",508,18,252,1362,5808,0.824207988980716,8310,33127,340,1368,153,4295,23,1229,145,23
"1547","2020-04-24",496,18,298,1280,5808,0.824207988980716,8310,33127,340,1368,121,4416,21,1250,115,21
"1548","2020-04-25",452,18,313,1241,5808,0.824207988980716,8310,33127,340,1368,126,4542,14,1264,121,14
"1549","2020-04-26",431,18,282,1182,5808,0.824207988980716,8310,33127,340,1368,96,4638,17,1281,94,17
"1550","2020-04-27",413,18,240,1128,5808,0.824207988980716,8310,33127,340,1368,81,4719,50,1331,78,50
"1551","2020-04-28",407,18,258,1079,5808,0.824207988980716,8310,33127,340,1368,100,4819,27,1358,95,27
"1552","2020-04-29",399,18,287,1019,5808,0.824207988980716,8310,33127,340,1368,76,4895,48,1406,73,48
"1553","2020-04-30",396,18,266,945,5808,0.824207988980716,8310,33127,340,1368,72,4967,40,1446,70,40
"1554","2020-05-01",362,18,236,907,5808,0.824207988980716,8310,33127,340,1368,83,5050,39,1485,79,39
"1555","2020-05-02",361,18,243,863,5808,0.824207988980716,8310,33127,340,1368,69,5119,27,1512,61,27
"1556","2020-05-03",322,18,219,817,5808,0.824207988980716,8310,33127,340,1368,69,5188,14,1526,64,14
"1557","2020-05-04",307,18,227,759,5808,0.824207988980716,8310,33127,340,1368,51,5239,31,1557,45,31
"1558","2020-05-05",292,18,203,695,5808,0.824207988980716,8310,33127,340,1368,57,5296,23,1580,51,23
"1559","2020-05-06",287,18,169,662,5808,0.824207988980716,8310,33127,340,1368,36,5332,31,1611,32,31
"1560","2020-05-07",261,18,149,603,5808,0.824207988980716,8310,33127,340,1368,44,5376,31,1642,43,31
"1561","2020-05-08",241,18,167,569,5808,0.824207988980716,8310,33127,340,1368,41,5417,41,1683,38,41
"1562","2020-05-09",227,18,168,532,5808,0.824207988980716,8310,33127,340,1368,37,5454,26,1709,34,26
"1563","2020-05-10",210,18,163,483,5808,0.824207988980716,8310,33127,340,1368,43,5497,20,1729,38,20
"1564","2020-05-11",199,18,145,455,5808,0.824207988980716,8310,33127,340,1368,29,5526,9,1738,24,9
"1565","2020-05-12",184,18,145,433,5808,0.824207988980716,8310,33127,340,1368,23,5549,39,1777,19,39
"1566","2020-05-13",162,18,130,413,5808,0.824207988980716,8310,33127,340,1368,33,5582,34,1811,30,34
"1567","2020-05-14",157,18,121,386,5808,0.824207988980716,8310,33127,340,1368,18,5600,44,1855,17,44
"1568","2020-05-15",145,18,126,368,5808,0.824207988980716,8310,33127,340,1368,12,5612,34,1889,10,34
"1569","2020-05-16",151,18,185,350,5808,0.824207988980716,8310,33127,340,1368,22,5634,28,1917,19,28
"1570","2020-05-17",129,18,214,325,5808,0.824207988980716,8310,33127,340,1368,22,5656,42,1959,21,42
"1571","2020-05-18",125,18,227,309,5808,0.824207988980716,8310,33127,340,1368,16,5672,40,1999,14,40
"1572","2020-05-19",110,18,231,287,5808,0.824207988980716,8310,33127,340,1368,14,5686,26,2025,9,26
"1573","2020-05-20",111,18,223,284,5808,0.824207988980716,8310,33127,340,1368,13,5699,26,2051,10,26
"1574","2020-05-21",111,18,218,263,5808,0.824207988980716,8310,33127,340,1368,13,5712,16,2067,12,16
"1575","2020-05-22",107,18,221,260,5808,0.824207988980716,8310,33127,340,1368,12,5724,9,2076,7,9
"1576","2020-05-23",93,18,225,239,5808,0.824207988980716,8310,33127,340,1368,14,5738,8,2084,10,8
"1577","2020-05-24",92,18,207,231,5808,0.824207988980716,8310,33127,340,1368,11,5749,38,2122,7,38
"1578","2020-05-25",85,18,221,218,5808,0.824207988980716,8310,33127,340,1368,8,5757,31,2153,5,31
"1579","2020-05-26",88,18,227,203,5808,0.824207988980716,8310,33127,340,1368,7,5764,25,2178,4,25
"1580","2020-05-27",85,18,206,189,5808,0.824207988980716,8310,33127,340,1368,5,5769,18,2196,4,18
"1581","2020-05-28",74,18,186,175,5808,0.824207988980716,8310,33127,340,1368,5,5774,10,2206,3,10
"1582","2020-05-29",70,18,184,161,5808,0.824207988980716,8310,33127,340,1368,9,5783,28,2234,8,28
"1583","2020-05-30",60,18,170,144,5808,0.824207988980716,8310,33127,340,1368,7,5790,23,2257,7,23
"1584","2020-05-31",55,18,163,141,5808,0.824207988980716,8310,33127,340,1368,4,5794,38,2295,4,38
"1585","2020-06-01",52,18,165,129,5808,0.824207988980716,8310,33127,340,1368,6,5800,27,2322,6,27
"1586","2020-06-02",44,18,147,120,5808,0.824207988980716,8310,33127,340,1368,2,5802,42,2364,1,42
"1587","2020-06-03",36,18,132,125,5808,0.824207988980716,8310,33127,340,1368,3,5805,36,2400,1,36
"1588","2020-06-04",34,18,146,109,5808,0.824207988980716,8310,33127,340,1368,3,5808,39,2439,NA,39
"1589","2020-06-05",33,18,149,108,5808,0.824207988980716,8310,33127,340,1368,8,5816,44,2483,3,44
"1590","2020-06-06",33,18,146,107,5808,0.824207988980716,8310,33127,340,1368,4,5820,24,2507,4,24
"1591","2020-06-07",35,18,131,104,5808,0.824207988980716,8310,33127,340,1368,3,5823,16,2523,2,16
"1592","2020-03-13",2,19,72,69,4615,0.51614301191766,8325,31075,255,658,47,109,22,64,8,22
"1593","2020-03-14",10,19,76,102,4615,0.51614301191766,8325,31075,255,658,35,144,38,102,12,38
"1594","2020-03-15",12,19,81,143,4615,0.51614301191766,8325,31075,255,658,37,181,22,124,17,22
"1595","2020-03-16",16,19,84,173,4615,0.51614301191766,8325,31075,255,658,62,243,26,150,37,26
"1596","2020-03-17",26,19,82,216,4615,0.51614301191766,8325,31075,255,658,63,306,14,164,37,14
"1597","2020-03-18",35,19,100,255,4615,0.51614301191766,8325,31075,255,658,86,392,17,181,61,17
"1598","2020-03-19",49,19,104,292,4615,0.51614301191766,8325,31075,255,658,76,468,14,195,52,14
"1599","2020-03-20",63,19,96,334,4615,0.51614301191766,8325,31075,255,658,105,573,34,229,82,34
"1600","2020-03-21",71,19,90,366,4615,0.51614301191766,8325,31075,255,658,102,675,47,276,76,47
"1601","2020-03-22",89,19,82,404,4615,0.51614301191766,8325,31075,255,658,128,803,30,306,97,30
"1602","2020-03-23",90,19,116,429,4615,0.51614301191766,8325,31075,255,658,108,911,41,347,95,41
"1603","2020-03-24",91,19,128,484,4615,0.51614301191766,8325,31075,255,658,120,1031,25,372,89,25
"1604","2020-03-25",98,19,127,517,4615,0.51614301191766,8325,31075,255,658,115,1146,43,415,90,43
"1605","2020-03-26",104,19,124,558,4615,0.51614301191766,8325,31075,255,658,129,1275,29,444,108,29
"1606","2020-03-27",117,19,130,589,4615,0.51614301191766,8325,31075,255,658,175,1450,25,469,150,25
"1607","2020-03-28",151,19,127,619,4615,0.51614301191766,8325,31075,255,658,148,1598,52,521,123,52
"1608","2020-03-29",158,19,120,634,4615,0.51614301191766,8325,31075,255,658,161,1759,28,549,136,28
"1609","2020-03-30",175,19,140,654,4615,0.51614301191766,8325,31075,255,658,187,1946,34,583,161,34
"1610","2020-03-31",182,19,141,688,4615,0.51614301191766,8325,31075,255,658,203,2149,31,614,183,31
"1611","2020-04-01",193,19,139,725,4615,0.51614301191766,8325,31075,255,658,154,2303,33,647,131,33
"1612","2020-04-02",209,19,134,732,4615,0.51614301191766,8325,31075,255,658,185,2488,25,672,156,25
"1613","2020-04-03",242,19,128,739,4615,0.51614301191766,8325,31075,255,658,176,2664,17,689,143,17
"1614","2020-04-04",267,19,110,765,4615,0.51614301191766,8325,31075,255,658,185,2849,20,709,165,20
"1615","2020-04-05",249,19,105,793,4615,0.51614301191766,8325,31075,255,658,152,3001,22,731,133,22
"1616","2020-04-06",240,19,131,816,4615,0.51614301191766,8325,31075,255,658,198,3199,41,772,168,41
"1617","2020-04-07",240,19,131,829,4615,0.51614301191766,8325,31075,255,658,181,3380,45,817,158,45
"1618","2020-04-08",253,19,136,835,4615,0.51614301191766,8325,31075,255,658,170,3550,26,843,149,26
"1619","2020-04-09",245,19,167,819,4615,0.51614301191766,8325,31075,255,658,179,3729,31,874,156,31
"1620","2020-04-10",286,19,165,806,4615,0.51614301191766,8325,31075,255,658,173,3902,44,918,157,44
"1621","2020-04-11",271,19,152,816,4615,0.51614301191766,8325,31075,255,658,140,4042,23,941,118,23
"1622","2020-04-12",267,19,167,806,4615,0.51614301191766,8325,31075,255,658,135,4177,14,955,120,14
"1623","2020-04-13",264,19,173,804,4615,0.51614301191766,8325,31075,255,658,127,4304,11,966,107,11
"1624","2020-04-14",270,19,186,790,4615,0.51614301191766,8325,31075,255,658,117,4421,22,988,103,22
"1625","2020-04-15",254,19,176,772,4615,0.51614301191766,8325,31075,255,658,103,4524,49,1037,88,49
"1626","2020-04-16",253,19,169,764,4615,0.51614301191766,8325,31075,255,658,122,4646,24,1061,101,24
"1627","2020-04-17",258,19,160,740,4615,0.51614301191766,8325,31075,255,658,109,4755,23,1084,86,23
"1628","2020-04-18",260,19,174,734,4615,0.51614301191766,8325,31075,255,658,89,4844,13,1097,69,13
"1629","2020-04-19",245,19,165,728,4615,0.51614301191766,8325,31075,255,658,97,4941,45,1142,71,45
"1630","2020-04-20",230,19,154,723,4615,0.51614301191766,8325,31075,255,658,86,5027,27,1169,66,27
"1631","2020-04-21",223,19,139,729,4615,0.51614301191766,8325,31075,255,658,86,5113,29,1198,64,29
"1632","2020-04-22",238,19,131,732,4615,0.51614301191766,8325,31075,255,658,54,5167,40,1238,37,40
"1633","2020-04-23",237,19,130,748,4615,0.51614301191766,8325,31075,255,658,56,5223,27,1265,46,27
"1634","2020-04-24",275,19,157,738,4615,0.51614301191766,8325,31075,255,658,54,5277,21,1286,43,21
"1635","2020-04-25",274,19,208,737,4615,0.51614301191766,8325,31075,255,658,56,5333,35,1321,40,35
"1636","2020-04-26",255,19,243,745,4615,0.51614301191766,8325,31075,255,658,51,5384,28,1349,41,28
"1637","2020-04-27",258,19,241,737,4615,0.51614301191766,8325,31075,255,658,46,5430,26,1375,21,26
"1638","2020-04-28",251,19,237,737,4615,0.51614301191766,8325,31075,255,658,42,5472,27,1402,25,27
"1639","2020-04-29",247,19,252,762,4615,0.51614301191766,8325,31075,255,658,45,5517,52,1454,30,52
"1640","2020-04-30",242,19,248,748,4615,0.51614301191766,8325,31075,255,658,38,5555,25,1479,25,25
"1641","2020-05-01",230,19,237,735,4615,0.51614301191766,8325,31075,255,658,47,5602,49,1528,33,49
"1642","2020-05-02",239,19,211,711,4615,0.51614301191766,8325,31075,255,658,28,5630,31,1559,19,31
"1643","2020-05-03",243,19,193,707,4615,0.51614301191766,8325,31075,255,658,28,5658,13,1572,15,13
"1644","2020-05-04",231,19,205,697,4615,0.51614301191766,8325,31075,255,658,29,5687,4,1576,21,4
"1645","2020-05-05",231,19,202,675,4615,0.51614301191766,8325,31075,255,658,22,5709,15,1591,13,15
"1646","2020-05-06",221,19,201,662,4615,0.51614301191766,8325,31075,255,658,31,5740,7,1598,15,7
"1647","2020-05-07",215,19,185,659,4615,0.51614301191766,8325,31075,255,658,30,5770,8,1606,20,8
"1648","2020-05-08",240,19,173,634,4615,0.51614301191766,8325,31075,255,658,19,5789,58,1664,9,58
"1649","2020-05-09",231,19,161,620,4615,0.51614301191766,8325,31075,255,658,32,5821,68,1732,21,68
"1650","2020-05-10",228,19,186,609,4615,0.51614301191766,8325,31075,255,658,27,5848,27,1759,13,27
"1651","2020-05-11",229,19,174,583,4615,0.51614301191766,8325,31075,255,658,21,5869,53,1812,11,53
"1652","2020-05-12",206,19,147,575,4615,0.51614301191766,8325,31075,255,658,19,5888,45,1857,12,45
"1653","2020-05-13",193,19,143,549,4615,0.51614301191766,8325,31075,255,658,22,5910,38,1895,11,38
"1654","2020-05-14",201,19,180,536,4615,0.51614301191766,8325,31075,255,658,17,5927,18,1913,8,18
"1655","2020-05-15",189,19,203,523,4615,0.51614301191766,8325,31075,255,658,23,5950,50,1963,11,50
"1656","2020-05-16",194,19,225,500,4615,0.51614301191766,8325,31075,255,658,19,5969,30,1993,11,30
"1657","2020-05-17",170,19,217,479,4615,0.51614301191766,8325,31075,255,658,16,5985,17,2010,7,17
"1658","2020-05-18",160,19,211,461,4615,0.51614301191766,8325,31075,255,658,20,6005,28,2038,10,28
"1659","2020-05-19",154,19,191,430,4615,0.51614301191766,8325,31075,255,658,20,6025,17,2055,11,17
"1660","2020-05-20",163,19,177,405,4615,0.51614301191766,8325,31075,255,658,14,6039,14,2069,7,14
"1661","2020-05-21",158,19,173,382,4615,0.51614301191766,8325,31075,255,658,14,6053,64,2133,8,64
"1662","2020-05-22",138,19,170,363,4615,0.51614301191766,8325,31075,255,658,15,6068,48,2181,12,48
"1663","2020-05-23",127,19,183,357,4615,0.51614301191766,8325,31075,255,658,19,6087,64,2245,6,64
"1664","2020-05-24",130,19,192,337,4615,0.51614301191766,8325,31075,255,658,18,6105,32,2277,11,32
"1665","2020-05-25",129,19,193,324,4615,0.51614301191766,8325,31075,255,658,13,6118,48,2325,7,48
"1666","2020-05-26",129,19,183,318,4615,0.51614301191766,8325,31075,255,658,14,6132,54,2379,6,54
"1667","2020-05-27",119,19,178,289,4615,0.51614301191766,8325,31075,255,658,8,6140,30,2409,4,30
"1668","2020-05-28",111,19,162,288,4615,0.51614301191766,8325,31075,255,658,7,6147,29,2438,4,29
"1669","2020-05-29",113,19,157,270,4615,0.51614301191766,8325,31075,255,658,15,6162,29,2467,8,29
"1670","2020-05-30",108,19,142,266,4615,0.51614301191766,8325,31075,255,658,10,6172,36,2503,3,36
"1671","2020-05-31",100,19,146,250,4615,0.51614301191766,8325,31075,255,658,17,6189,23,2526,4,23
"1672","2020-06-01",90,19,163,243,4615,0.51614301191766,8325,31075,255,658,6,6195,23,2549,4,23
"1673","2020-06-02",83,19,189,238,4615,0.51614301191766,8325,31075,255,658,11,6206,43,2592,5,43
"1674","2020-06-03",83,19,163,226,4615,0.51614301191766,8325,31075,255,658,9,6215,16,2608,1,16
"1675","2020-06-04",79,19,156,228,4615,0.51614301191766,8325,31075,255,658,5,6220,8,2616,2,8
"1676","2020-06-05",78,19,148,224,4615,0.51614301191766,8325,31075,255,658,6,6226,37,2653,4,37
"1677","2020-06-06",87,19,138,219,4615,0.51614301191766,8325,31075,255,658,9,6235,30,2683,4,30
"1678","2020-06-07",69,19,122,209,4615,0.51614301191766,8325,31075,255,658,5,6240,18,2701,2,18
"1679","2020-03-15",7,20,82,59,5645,0.92311780336581,8310,31624,379,1019,25,78,9,42,15,9
"1680","2020-03-16",8,20,84,72,5645,0.92311780336581,8310,31624,379,1019,24,102,2,44,8,2
"1681","2020-03-17",10,20,76,91,5645,0.92311780336581,8310,31624,379,1019,31,133,16,60,21,16
"1682","2020-03-18",14,20,86,109,5645,0.92311780336581,8310,31624,379,1019,43,176,8,68,27,8
"1683","2020-03-19",21,20,127,134,5645,0.92311780336581,8310,31624,379,1019,40,216,11,79,31,11
"1684","2020-03-20",26,20,160,160,5645,0.92311780336581,8310,31624,379,1019,35,251,21,100,28,21
"1685","2020-03-21",37,20,158,196,5645,0.92311780336581,8310,31624,379,1019,30,281,21,121,22,21
"1686","2020-03-22",40,20,175,228,5645,0.92311780336581,8310,31624,379,1019,50,331,23,144,39,23
"1687","2020-03-23",50,20,204,273,5645,0.92311780336581,8310,31624,379,1019,61,392,34,178,50,34
"1688","2020-03-24",53,20,211,307,5645,0.92311780336581,8310,31624,379,1019,64,456,33,211,54,33
"1689","2020-03-25",59,20,203,365,5645,0.92311780336581,8310,31624,379,1019,78,534,22,233,70,22
"1690","2020-03-26",63,20,181,401,5645,0.92311780336581,8310,31624,379,1019,74,608,26,259,62,26
"1691","2020-03-27",90,20,152,430,5645,0.92311780336581,8310,31624,379,1019,81,689,27,286,67,27
"1692","2020-03-28",122,20,143,487,5645,0.92311780336581,8310,31624,379,1019,96,785,34,320,87,34
"1693","2020-03-29",119,20,168,544,5645,0.92311780336581,8310,31624,379,1019,105,890,26,346,97,26
"1694","2020-03-30",125,20,198,606,5645,0.92311780336581,8310,31624,379,1019,98,988,24,370,88,24
"1695","2020-03-31",133,20,243,676,5645,0.92311780336581,8310,31624,379,1019,93,1081,40,410,82,40
"1696","2020-04-01",157,20,265,748,5645,0.92311780336581,8310,31624,379,1019,123,1204,31,441,118,31
"1697","2020-04-02",173,20,262,818,5645,0.92311780336581,8310,31624,379,1019,120,1324,23,464,109,23
"1698","2020-04-03",229,20,285,875,5645,0.92311780336581,8310,31624,379,1019,133,1457,29,493,118,29
"1699","2020-04-04",256,20,271,949,5645,0.92311780336581,8310,31624,379,1019,127,1584,34,527,117,34
"1700","2020-04-05",275,20,251,993,5645,0.92311780336581,8310,31624,379,1019,147,1731,42,569,130,42
"1701","2020-04-06",279,20,235,1066,5645,0.92311780336581,8310,31624,379,1019,157,1888,29,598,147,29
"1702","2020-04-07",296,20,192,1143,5645,0.92311780336581,8310,31624,379,1019,170,2058,22,620,154,22
"1703","2020-04-08",310,20,173,1214,5645,0.92311780336581,8310,31624,379,1019,182,2240,21,641,163,21
"1704","2020-04-09",339,20,153,1284,5645,0.92311780336581,8310,31624,379,1019,161,2401,21,662,148,21
"1705","2020-04-10",408,20,146,1355,5645,0.92311780336581,8310,31624,379,1019,169,2570,13,675,159,13
"1706","2020-04-11",457,20,157,1396,5645,0.92311780336581,8310,31624,379,1019,179,2749,24,699,164,24
"1707","2020-04-12",414,20,177,1479,5645,0.92311780336581,8310,31624,379,1019,179,2928,32,731,168,32
"1708","2020-04-13",417,20,163,1544,5645,0.92311780336581,8310,31624,379,1019,188,3116,55,786,182,55
"1709","2020-04-14",438,20,160,1607,5645,0.92311780336581,8310,31624,379,1019,179,3295,34,820,167,34
"1710","2020-04-15",451,20,211,1625,5645,0.92311780336581,8310,31624,379,1019,140,3435,47,867,132,47
"1711","2020-04-16",464,20,226,1629,5645,0.92311780336581,8310,31624,379,1019,185,3620,40,907,176,40
"1712","2020-04-17",549,20,256,1638,5645,0.92311780336581,8310,31624,379,1019,188,3808,34,941,178,34
"1713","2020-04-18",530,20,256,1640,5645,0.92311780336581,8310,31624,379,1019,189,3997,34,975,181,34
"1714","2020-04-19",532,20,238,1603,5645,0.92311780336581,8310,31624,379,1019,114,4111,30,1005,106,30
"1715","2020-04-20",543,20,241,1571,5645,0.92311780336581,8310,31624,379,1019,136,4247,56,1061,133,56
"1716","2020-04-21",541,20,281,1545,5645,0.92311780336581,8310,31624,379,1019,136,4383,41,1102,124,41
"1717","2020-04-22",545,20,284,1539,5645,0.92311780336581,8310,31624,379,1019,149,4532,44,1146,140,44
"1718","2020-04-23",526,20,264,1475,5645,0.92311780336581,8310,31624,379,1019,98,4630,34,1180,92,34
"1719","2020-04-24",547,20,270,1440,5645,0.92311780336581,8310,31624,379,1019,132,4762,37,1217,124,37
"1720","2020-04-25",540,20,239,1359,5645,0.92311780336581,8310,31624,379,1019,120,4882,36,1253,116,36
"1721","2020-04-26",508,20,229,1293,5645,0.92311780336581,8310,31624,379,1019,111,4993,49,1302,107,49
"1722","2020-04-27",470,20,230,1253,5645,0.92311780336581,8310,31624,379,1019,74,5067,48,1350,70,48
"1723","2020-04-28",446,20,225,1173,5645,0.92311780336581,8310,31624,379,1019,85,5152,47,1397,79,47
"1724","2020-04-29",422,20,237,1103,5645,0.92311780336581,8310,31624,379,1019,87,5239,39,1436,82,39
"1725","2020-04-30",413,20,226,1053,5645,0.92311780336581,8310,31624,379,1019,81,5320,40,1476,68,40
"1726","2020-05-01",403,20,207,1010,5645,0.92311780336581,8310,31624,379,1019,58,5378,42,1518,51,42
"1727","2020-05-02",389,20,173,935,5645,0.92311780336581,8310,31624,379,1019,66,5444,39,1557,57,39
"1728","2020-05-03",352,20,151,859,5645,0.92311780336581,8310,31624,379,1019,47,5491,40,1597,43,40
"1729","2020-05-04",335,20,151,824,5645,0.92311780336581,8310,31624,379,1019,57,5548,32,1629,55,32
"1730","2020-05-05",328,20,181,762,5645,0.92311780336581,8310,31624,379,1019,48,5596,30,1659,46,30
"1731","2020-05-06",311,20,198,705,5645,0.92311780336581,8310,31624,379,1019,33,5629,41,1700,28,41
"1732","2020-05-07",289,20,194,675,5645,0.92311780336581,8310,31624,379,1019,35,5664,50,1750,29,50
"1733","2020-05-08",273,20,164,634,5645,0.92311780336581,8310,31624,379,1019,32,5696,34,1784,28,34
"1734","2020-05-09",265,20,180,599,5645,0.92311780336581,8310,31624,379,1019,31,5727,39,1823,25,39
"1735","2020-05-10",217,20,164,563,5645,0.92311780336581,8310,31624,379,1019,31,5758,31,1854,28,31
"1736","2020-05-11",216,20,162,528,5645,0.92311780336581,8310,31624,379,1019,26,5784,31,1885,24,31
"1737","2020-05-12",192,20,149,505,5645,0.92311780336581,8310,31624,379,1019,27,5811,35,1920,25,35
"1738","2020-05-13",183,20,136,481,5645,0.92311780336581,8310,31624,379,1019,14,5825,44,1964,11,44
"1739","2020-05-14",177,20,160,440,5645,0.92311780336581,8310,31624,379,1019,18,5843,62,2026,14,62
"1740","2020-05-15",163,20,204,427,5645,0.92311780336581,8310,31624,379,1019,14,5857,38,2064,8,38
"1741","2020-05-16",159,20,266,397,5645,0.92311780336581,8310,31624,379,1019,12,5869,34,2098,10,34
"1742","2020-05-17",143,20,272,370,5645,0.92311780336581,8310,31624,379,1019,10,5879,34,2132,6,34
"1743","2020-05-18",129,20,287,350,5645,0.92311780336581,8310,31624,379,1019,16,5895,36,2168,9,36
"1744","2020-05-19",124,20,283,321,5645,0.92311780336581,8310,31624,379,1019,15,5910,31,2199,11,31
"1745","2020-05-20",116,20,300,305,5645,0.92311780336581,8310,31624,379,1019,8,5918,28,2227,3,28
"1746","2020-05-21",119,20,308,292,5645,0.92311780336581,8310,31624,379,1019,9,5927,29,2256,6,29
"1747","2020-05-22",106,20,300,271,5645,0.92311780336581,8310,31624,379,1019,5,5932,35,2291,3,35
"1748","2020-05-23",102,20,289,247,5645,0.92311780336581,8310,31624,379,1019,5,5937,41,2332,4,41
"1749","2020-05-24",88,20,261,232,5645,0.92311780336581,8310,31624,379,1019,9,5946,28,2360,4,28
"1750","2020-05-25",85,20,237,227,5645,0.92311780336581,8310,31624,379,1019,10,5956,36,2396,7,36
"1751","2020-05-26",84,20,215,220,5645,0.92311780336581,8310,31624,379,1019,6,5962,38,2434,6,38
"1752","2020-05-27",87,20,191,202,5645,0.92311780336581,8310,31624,379,1019,6,5968,27,2461,3,27
"1753","2020-05-28",76,20,185,179,5645,0.92311780336581,8310,31624,379,1019,4,5972,38,2499,3,38
"1754","2020-05-29",70,20,182,169,5645,0.92311780336581,8310,31624,379,1019,6,5978,31,2530,6,31
"1755","2020-05-30",63,20,195,162,5645,0.92311780336581,8310,31624,379,1019,8,5986,25,2555,4,25
"1756","2020-05-31",69,20,209,151,5645,0.92311780336581,8310,31624,379,1019,2,5988,20,2575,2,20
"1757","2020-06-01",66,20,215,145,5645,0.92311780336581,8310,31624,379,1019,5,5993,27,2602,2,27
"1758","2020-06-02",62,20,210,142,5645,0.92311780336581,8310,31624,379,1019,5,5998,29,2631,2,29
"1759","2020-06-03",61,20,197,139,5645,0.92311780336581,8310,31624,379,1019,5,6003,34,2665,2,34
"1760","2020-06-04",60,20,171,129,5645,0.92311780336581,8310,31624,379,1019,4,6007,43,2708,1,43
"1761","2020-06-05",51,20,160,121,5645,0.92311780336581,8310,31624,379,1019,6,6013,34,2742,2,34
"1762","2020-06-06",42,20,139,113,5645,0.92311780336581,8310,31624,379,1019,2,6015,25,2767,NA,25
"1763","2020-06-07",36,20,116,106,5645,0.92311780336581,8310,31624,379,1019,5,6020,22,2789,4,22
