"","Date","Absents","Paramset","Infections_or_Exposed_per_day_Patient","Infections_or_Exposed_per_day_HCW","total_infections","nosocomial_proportion","PCR_pooled","LFD_pooled","HCW_symp_test","patient_symp_test","new_hcw_infs","cumulative_hcw_infs","new_pat_infs","cumulative_pats_infs","new_nosocomial_hcw_infs","new_nosocomial_pat_infs"
"1","2020-03-12",2,1,128,139,6767,0.773459435495788,0,0,576,435,67,139,39,84,12,40
"2","2020-03-13",7,1,180,209,6767,0.773459435495788,0,0,576,435,70,209,56,140,22,56
"3","2020-03-14",12,1,195,310,6767,0.773459435495788,0,0,576,435,101,310,40,180,32,40
"4","2020-03-15",21,1,200,417,6767,0.773459435495788,0,0,576,435,107,417,20,200,61,20
"5","2020-03-16",39,1,222,535,6767,0.773459435495788,0,0,576,435,118,535,43,243,66,43
"6","2020-03-17",65,1,228,713,6767,0.773459435495788,0,0,576,435,181,716,37,280,117,37
"7","2020-03-18",83,1,245,857,6767,0.773459435495788,0,0,576,435,157,873,53,333,107,53
"8","2020-03-19",117,1,231,1037,6767,0.773459435495788,0,0,576,435,199,1072,29,362,148,29
"9","2020-03-20",162,1,189,1255,6767,0.773459435495788,0,0,576,435,238,1310,20,382,204,20
"10","2020-03-21",209,1,164,1433,6767,0.773459435495788,0,0,576,435,216,1526,16,398,174,16
"11","2020-03-22",258,1,164,1671,6767,0.773459435495788,0,0,576,435,279,1805,23,421,244,23
"12","2020-03-23",310,1,169,1826,6767,0.773459435495788,0,0,576,435,210,2015,29,450,171,29
"13","2020-03-24",355,1,204,1994,6767,0.773459435495788,0,0,576,435,254,2269,48,498,218,48
"14","2020-03-25",411,1,211,2145,6767,0.773459435495788,0,0,576,435,260,2529,39,537,230,39
"15","2020-03-26",459,1,235,2281,6767,0.773459435495788,0,0,576,435,252,2781,63,600,229,63
"16","2020-03-27",513,1,254,2476,6767,0.773459435495788,0,0,576,435,326,3107,54,654,301,54
"17","2020-03-28",549,1,288,2545,6767,0.773459435495788,0,0,576,435,215,3322,65,719,195,65
"18","2020-03-29",604,1,285,2691,6767,0.773459435495788,0,0,576,435,304,3626,57,776,277,57
"19","2020-03-30",658,1,277,2718,6767,0.773459435495788,0,0,576,435,223,3849,54,830,209,54
"20","2020-03-31",686,1,278,2720,6767,0.773459435495788,0,0,576,435,207,4056,49,879,186,49
"21","2020-04-01",723,1,272,2722,6767,0.773459435495788,0,0,576,435,217,4273,45,924,200,45
"22","2020-04-02",726,1,278,2700,6767,0.773459435495788,0,0,576,435,214,4487,56,980,200,56
"23","2020-04-03",712,1,247,2644,6767,0.773459435495788,0,0,576,435,194,4681,38,1018,181,38
"24","2020-04-04",730,1,243,2537,6767,0.773459435495788,0,0,576,435,173,4854,42,1060,154,42
"25","2020-04-05",724,1,219,2501,6767,0.773459435495788,0,0,576,435,214,5068,35,1095,200,35
"26","2020-04-06",690,1,190,2412,6767,0.773459435495788,0,0,576,435,150,5218,19,1114,134,19
"27","2020-04-07",680,1,186,2329,6767,0.773459435495788,0,0,576,435,152,5370,42,1156,141,42
"28","2020-04-08",657,1,185,2178,6767,0.773459435495788,0,0,576,435,92,5462,30,1186,85,30
"29","2020-04-09",667,1,187,2049,6767,0.773459435495788,0,0,576,435,104,5566,38,1224,99,38
"30","2020-04-10",659,1,186,1876,6767,0.773459435495788,0,0,576,435,89,5655,47,1271,82,47
"31","2020-04-11",618,1,200,1697,6767,0.773459435495788,0,0,576,435,63,5718,54,1325,57,54
"32","2020-04-12",581,1,197,1507,6767,0.773459435495788,0,0,576,435,54,5772,36,1361,44,36
"33","2020-04-13",554,1,200,1368,6767,0.773459435495788,0,0,576,435,49,5821,44,1405,45,44
"34","2020-04-14",507,1,195,1250,6767,0.773459435495788,0,0,576,435,45,5866,21,1426,37,21
"35","2020-04-15",469,1,179,1122,6767,0.773459435495788,0,0,576,435,44,5910,28,1454,36,28
"36","2020-04-16",412,1,169,966,6767,0.773459435495788,0,0,576,435,33,5943,25,1479,31,25
"37","2020-04-17",372,1,150,872,6767,0.773459435495788,0,0,576,435,32,5975,30,1509,28,30
"38","2020-04-18",336,1,142,757,6767,0.773459435495788,0,0,576,435,30,6005,17,1526,23,17
"39","2020-04-19",295,1,126,664,6767,0.773459435495788,0,0,576,435,29,6034,12,1538,14,12
"40","2020-04-20",262,1,125,571,6767,0.773459435495788,0,0,576,435,17,6051,23,1561,13,23
"41","2020-04-21",234,1,128,492,6767,0.773459435495788,0,0,576,435,22,6073,24,1585,19,24
"42","2020-04-22",202,1,107,434,6767,0.773459435495788,0,0,576,435,18,6091,10,1595,13,10
"43","2020-04-23",179,1,104,379,6767,0.773459435495788,0,0,576,435,14,6105,17,1612,11,17
"44","2020-04-24",153,1,103,343,6767,0.773459435495788,0,0,576,435,15,6120,16,1628,15,16
"45","2020-04-25",140,1,96,304,6767,0.773459435495788,0,0,576,435,13,6133,15,1643,7,15
"46","2020-04-26",120,1,102,272,6767,0.773459435495788,0,0,576,435,14,6147,21,1664,7,21
"47","2020-04-27",98,1,108,237,6767,0.773459435495788,0,0,576,435,19,6166,26,1690,13,26
"48","2020-04-28",91,1,103,213,6767,0.773459435495788,0,0,576,435,11,6177,17,1707,7,17
"49","2020-04-29",81,1,100,195,6767,0.773459435495788,0,0,576,435,11,6188,13,1720,5,13
"50","2020-04-30",70,1,83,174,6767,0.773459435495788,0,0,576,435,6,6194,13,1733,3,13
"51","2020-05-01",61,1,73,159,6767,0.773459435495788,0,0,576,435,13,6207,9,1742,9,9
"52","2020-05-02",52,1,64,148,6767,0.773459435495788,0,0,576,435,10,6217,2,1744,4,2
"53","2020-05-03",49,1,76,137,6767,0.773459435495788,0,0,576,435,6,6223,16,1760,5,16
"54","2020-05-04",47,1,74,130,6767,0.773459435495788,0,0,576,435,8,6231,13,1773,5,13
"55","2020-05-05",44,1,68,112,6767,0.773459435495788,0,0,576,435,5,6236,8,1781,3,8
"56","2020-05-06",40,1,63,99,6767,0.773459435495788,0,0,576,435,3,6239,6,1787,NA,6
"57","2020-05-07",42,1,58,92,6767,0.773459435495788,0,0,576,435,4,6243,4,1791,2,4
"58","2020-05-08",37,1,57,89,6767,0.773459435495788,0,0,576,435,9,6252,10,1801,1,10
"59","2020-05-09",31,1,57,83,6767,0.773459435495788,0,0,576,435,5,6257,8,1809,2,8
"60","2020-05-10",30,1,59,72,6767,0.773459435495788,0,0,576,435,2,6259,9,1818,NA,9
"61","2020-05-11",25,1,57,64,6767,0.773459435495788,0,0,576,435,5,6264,17,1835,4,17
"62","2020-05-12",24,1,51,57,6767,0.773459435495788,0,0,576,435,3,6267,5,1840,NA,5
"63","2020-05-13",23,1,44,53,6767,0.773459435495788,0,0,576,435,5,6272,1,1841,1,1
"64","2020-05-14",19,1,33,50,6767,0.773459435495788,0,0,576,435,3,6275,3,1844,1,3
"65","2020-05-15",21,1,36,46,6767,0.773459435495788,0,0,576,435,5,6280,7,1851,2,7
"66","2020-05-16",20,1,36,44,6767,0.773459435495788,0,0,576,435,2,6282,6,1857,NA,6
"67","2020-05-17",17,1,33,40,6767,0.773459435495788,0,0,576,435,2,6284,1,1858,NA,1
"68","2020-05-18",17,1,24,40,6767,0.773459435495788,0,0,576,435,3,6287,NA,NA,1,NA
"69","2020-05-19",14,1,18,42,6767,0.773459435495788,0,0,576,435,6,6293,1,1859,NA,1
"70","2020-05-20",14,1,18,45,6767,0.773459435495788,0,0,576,435,8,6301,1,1860,3,1
"71","2020-05-21",10,1,15,44,6767,0.773459435495788,0,0,576,435,4,6305,NA,NA,1,NA
"72","2020-05-22",6,1,14,39,6767,0.773459435495788,0,0,576,435,3,6308,2,1862,NA,2
"73","2020-05-23",7,1,15,42,6767,0.773459435495788,0,0,576,435,7,6315,1,1863,NA,1
"74","2020-05-24",7,1,15,46,6767,0.773459435495788,0,0,576,435,6,6321,2,1865,1,2
"75","2020-05-25",7,1,14,48,6767,0.773459435495788,0,0,576,435,5,6326,1,1866,4,1
"76","2020-05-26",10,1,13,49,6767,0.773459435495788,0,0,576,435,3,6329,NA,NA,NA,NA
"77","2020-05-27",9,1,12,52,6767,0.773459435495788,0,0,576,435,6,6335,1,1867,1,1
"78","2020-05-28",10,1,12,51,6767,0.773459435495788,0,0,576,435,5,6340,NA,NA,NA,NA
"79","2020-05-29",11,1,11,49,6767,0.773459435495788,0,0,576,435,4,6344,NA,NA,NA,NA
"80","2020-05-30",10,1,12,51,6767,0.773459435495788,0,0,576,435,5,6349,1,1868,3,1
"81","2020-05-31",11,1,14,48,6767,0.773459435495788,0,0,576,435,1,6350,2,1870,1,2
"82","2020-06-01",11,1,15,50,6767,0.773459435495788,0,0,576,435,4,6354,1,1871,NA,1
"83","2020-06-02",13,1,15,50,6767,0.773459435495788,0,0,576,435,3,6357,NA,NA,2,NA
"84","2020-06-03",14,1,13,47,6767,0.773459435495788,0,0,576,435,4,6361,1,1872,NA,1
"85","2020-06-04",14,1,18,46,6767,0.773459435495788,0,0,576,435,4,6365,3,1875,2,3
"86","2020-06-05",14,1,22,42,6767,0.773459435495788,0,0,576,435,1,6366,5,1880,NA,5
"87","2020-06-06",16,1,23,36,6767,0.773459435495788,0,0,576,435,3,6369,2,1882,2,2
"88","2020-06-07",15,1,18,36,6767,0.773459435495788,0,0,576,435,5,6374,NA,NA,NA,NA
"89","2020-03-13",2,2,65,106,3454,0.706716850028952,0,0,303,344,43,141,29,113,4,29
"90","2020-03-14",5,2,126,155,3454,0.706716850028952,0,0,303,344,53,194,23,136,8,23
"91","2020-03-15",15,2,145,203,3454,0.706716850028952,0,0,303,344,48,242,35,171,5,35
"92","2020-03-16",23,2,141,245,3454,0.706716850028952,0,0,303,344,47,289,61,232,13,61
"93","2020-03-17",31,2,134,301,3454,0.706716850028952,0,0,303,344,51,340,40,272,13,40
"94","2020-03-18",41,2,106,348,3454,0.706716850028952,0,0,303,344,51,391,58,330,15,58
"95","2020-03-19",60,2,98,408,3454,0.706716850028952,0,0,303,344,59,450,43,373,15,43
"96","2020-03-20",73,2,87,446,3454,0.706716850028952,0,0,303,344,52,502,26,399,12,26
"97","2020-03-21",85,2,81,487,3454,0.706716850028952,0,0,303,344,56,558,27,426,12,27
"98","2020-03-22",97,2,113,523,3454,0.706716850028952,0,0,303,344,61,619,35,461,23,35
"99","2020-03-23",104,2,114,551,3454,0.706716850028952,0,0,303,344,51,670,58,519,17,58
"100","2020-03-24",123,2,134,569,3454,0.706716850028952,0,0,303,344,55,725,49,568,20,49
"101","2020-03-25",134,2,140,591,3454,0.706716850028952,0,0,303,344,38,763,61,629,17,61
"102","2020-03-26",137,2,172,610,3454,0.706716850028952,0,0,303,344,55,818,58,687,25,58
"103","2020-03-27",150,2,208,639,3454,0.706716850028952,0,0,303,344,44,862,53,740,9,53
"104","2020-03-28",158,2,212,658,3454,0.706716850028952,0,0,303,344,34,896,43,783,16,43
"105","2020-03-29",160,2,190,671,3454,0.706716850028952,0,0,303,344,46,942,33,816,15,33
"106","2020-03-30",171,2,173,702,3454,0.706716850028952,0,0,303,344,47,989,30,846,13,30
"107","2020-03-31",174,2,194,698,3454,0.706716850028952,0,0,303,344,51,1040,37,883,21,37
"108","2020-04-01",185,2,200,701,3454,0.706716850028952,0,0,303,344,38,1078,20,903,16,20
"109","2020-04-02",191,2,179,695,3454,0.706716850028952,0,0,303,344,43,1121,21,924,13,21
"110","2020-04-03",188,2,174,699,3454,0.706716850028952,0,0,303,344,53,1174,17,941,26,17
"111","2020-04-04",196,2,161,694,3454,0.706716850028952,0,0,303,344,38,1212,31,972,18,31
"112","2020-04-05",194,2,143,693,3454,0.706716850028952,0,0,303,344,43,1255,36,1008,25,36
"113","2020-04-06",191,2,114,705,3454,0.706716850028952,0,0,303,344,33,1288,30,1038,18,30
"114","2020-04-07",195,2,101,712,3454,0.706716850028952,0,0,303,344,37,1325,40,1078,14,40
"115","2020-04-08",194,2,99,700,3454,0.706716850028952,0,0,303,344,32,1357,38,1116,14,38
"116","2020-04-09",204,2,93,696,3454,0.706716850028952,0,0,303,344,34,1391,51,1167,15,51
"117","2020-04-10",198,2,112,699,3454,0.706716850028952,0,0,303,344,23,1414,32,1199,7,32
"118","2020-04-11",185,2,131,698,3454,0.706716850028952,0,0,303,344,34,1448,35,1234,21,35
"119","2020-04-12",187,2,140,686,3454,0.706716850028952,0,0,303,344,32,1480,29,1263,18,29
"120","2020-04-13",189,2,122,670,3454,0.706716850028952,0,0,303,344,37,1517,28,1291,16,28
"121","2020-04-14",183,2,108,667,3454,0.706716850028952,0,0,303,344,38,1555,18,1309,24,18
"122","2020-04-15",176,2,130,648,3454,0.706716850028952,0,0,303,344,36,1591,28,1337,17,28
"123","2020-04-16",170,2,130,619,3454,0.706716850028952,0,0,303,344,27,1618,19,1356,15,19
"124","2020-04-17",184,2,125,612,3454,0.706716850028952,0,0,303,344,25,1643,28,1384,10,28
"125","2020-04-18",182,2,99,594,3454,0.706716850028952,0,0,303,344,21,1664,17,1401,12,17
"126","2020-04-19",185,2,97,591,3454,0.706716850028952,0,0,303,344,22,1686,19,1420,9,19
"127","2020-04-20",186,2,99,557,3454,0.706716850028952,0,0,303,344,19,1705,27,1447,7,27
"128","2020-04-21",177,2,100,525,3454,0.706716850028952,0,0,303,344,22,1727,29,1476,7,29
"129","2020-04-22",172,2,116,518,3454,0.706716850028952,0,0,303,344,20,1747,29,1505,8,29
"130","2020-04-23",167,2,110,497,3454,0.706716850028952,0,0,303,344,21,1768,18,1523,11,18
"131","2020-04-24",155,2,93,481,3454,0.706716850028952,0,0,303,344,18,1786,14,1537,8,14
"132","2020-04-25",163,2,87,473,3454,0.706716850028952,0,0,303,344,18,1804,27,1564,4,27
"133","2020-04-26",153,2,92,456,3454,0.706716850028952,0,0,303,344,18,1822,16,1580,8,16
"134","2020-04-27",145,2,98,419,3454,0.706716850028952,0,0,303,344,14,1836,24,1604,7,24
"135","2020-04-28",140,2,100,412,3454,0.706716850028952,0,0,303,344,18,1854,12,1616,8,12
"136","2020-04-29",139,2,89,392,3454,0.706716850028952,0,0,303,344,17,1871,14,1630,8,14
"137","2020-04-30",124,2,78,372,3454,0.706716850028952,0,0,303,344,18,1889,19,1649,5,19
"138","2020-05-01",129,2,64,353,3454,0.706716850028952,0,0,303,344,22,1911,24,1673,11,24
"139","2020-05-02",119,2,61,335,3454,0.706716850028952,0,0,303,344,19,1930,20,1693,6,20
"140","2020-05-03",115,2,50,328,3454,0.706716850028952,0,0,303,344,19,1949,24,1717,5,24
"141","2020-05-04",109,2,33,324,3454,0.706716850028952,0,0,303,344,18,1967,16,1733,6,16
"142","2020-05-05",113,2,37,298,3454,0.706716850028952,0,0,303,344,11,1978,13,1746,2,13
"143","2020-05-06",107,2,42,288,3454,0.706716850028952,0,0,303,344,19,1997,11,1757,6,11
"144","2020-05-07",106,2,38,271,3454,0.706716850028952,0,0,303,344,14,2011,10,1767,4,10
"145","2020-05-08",98,2,37,266,3454,0.706716850028952,0,0,303,344,14,2025,15,1782,7,15
"146","2020-05-09",94,2,40,259,3454,0.706716850028952,0,0,303,344,16,2041,8,1790,8,8
"147","2020-05-10",89,2,38,241,3454,0.706716850028952,0,0,303,344,18,2059,15,1805,6,15
"148","2020-05-11",85,2,38,239,3454,0.706716850028952,0,0,303,344,19,2078,7,1812,8,7
"149","2020-05-12",73,2,32,230,3454,0.706716850028952,0,0,303,344,14,2092,6,1818,5,6
"150","2020-05-13",70,2,33,232,3454,0.706716850028952,0,0,303,344,21,2113,5,1823,8,5
"151","2020-05-14",64,2,25,229,3454,0.706716850028952,0,0,303,344,12,2125,3,1826,3,3
"152","2020-05-15",54,2,19,236,3454,0.706716850028952,0,0,303,344,15,2140,6,1832,6,6
"153","2020-05-16",53,2,14,223,3454,0.706716850028952,0,0,303,344,22,2162,8,1840,11,8
"154","2020-05-17",54,2,12,221,3454,0.706716850028952,0,0,303,344,16,2178,4,1844,5,4
"155","2020-05-18",59,2,14,222,3454,0.706716850028952,0,0,303,344,18,2196,7,1851,10,7
"156","2020-05-19",64,2,17,221,3454,0.706716850028952,0,0,303,344,17,2213,7,1858,7,7
"157","2020-05-20",63,2,16,229,3454,0.706716850028952,0,0,303,344,20,2233,2,1860,9,2
"158","2020-05-21",64,2,16,229,3454,0.706716850028952,0,0,303,344,23,2256,5,1865,9,5
"159","2020-05-22",60,2,14,223,3454,0.706716850028952,0,0,303,344,13,2269,7,1872,8,7
"160","2020-05-23",58,2,14,212,3454,0.706716850028952,0,0,303,344,21,2290,5,1877,7,5
"161","2020-05-24",56,2,14,197,3454,0.706716850028952,0,0,303,344,21,2311,8,1885,13,8
"162","2020-05-25",54,2,15,189,3454,0.706716850028952,0,0,303,344,23,2334,3,1888,10,3
"163","2020-05-26",48,2,12,186,3454,0.706716850028952,0,0,303,344,17,2351,5,1893,4,5
"164","2020-05-27",47,2,13,188,3454,0.706716850028952,0,0,303,344,17,2368,5,1898,4,5
"165","2020-05-28",48,2,11,185,3454,0.706716850028952,0,0,303,344,13,2381,3,1901,9,3
"166","2020-05-29",54,2,10,190,3454,0.706716850028952,0,0,303,344,14,2395,2,1903,7,2
"167","2020-05-30",55,2,13,192,3454,0.706716850028952,0,0,303,344,14,2409,2,1905,8,2
"168","2020-05-31",50,2,15,183,3454,0.706716850028952,0,0,303,344,22,2431,6,1911,13,6
"169","2020-06-01",48,2,15,182,3454,0.706716850028952,0,0,303,344,15,2446,1,1912,6,1
"170","2020-06-02",46,2,16,179,3454,0.706716850028952,0,0,303,344,11,2457,2,1914,5,2
"171","2020-06-03",48,2,16,187,3454,0.706716850028952,0,0,303,344,19,2476,1,1915,8,1
"172","2020-06-04",49,2,17,180,3454,0.706716850028952,0,0,303,344,20,2496,2,1917,11,2
"173","2020-06-05",46,2,14,176,3454,0.706716850028952,0,0,303,344,15,2511,4,1921,5,4
"174","2020-06-06",45,2,14,180,3454,0.706716850028952,0,0,303,344,15,2526,1,1922,11,1
"175","2020-06-07",52,2,16,189,3454,0.706716850028952,0,0,303,344,23,2549,4,1926,11,4
"176","2020-03-12",2,3,222,118,3505,0.513266761768902,0,0,311,977,40,65,20,49,17,20
"177","2020-03-13",3,3,255,178,3505,0.513266761768902,0,0,311,977,44,109,31,80,27,31
"178","2020-03-14",6,3,260,240,3505,0.513266761768902,0,0,311,977,48,157,45,125,35,45
"179","2020-03-15",16,3,288,296,3505,0.513266761768902,0,0,311,977,51,208,29,154,41,29
"180","2020-03-16",23,3,355,358,3505,0.513266761768902,0,0,311,977,72,280,48,202,60,48
"181","2020-03-17",34,3,397,434,3505,0.513266761768902,0,0,311,977,80,360,70,272,68,70
"182","2020-03-18",46,3,428,494,3505,0.513266761768902,0,0,311,977,87,447,53,325,80,53
"183","2020-03-19",64,3,397,562,3505,0.513266761768902,0,0,311,977,97,544,66,391,85,66
"184","2020-03-20",83,3,352,621,3505,0.513266761768902,0,0,311,977,121,665,75,466,116,75
"185","2020-03-21",106,3,310,661,3505,0.513266761768902,0,0,311,977,116,781,61,527,108,61
"186","2020-03-22",123,3,306,705,3505,0.513266761768902,0,0,311,977,152,933,37,564,143,37
"187","2020-03-23",149,3,288,726,3505,0.513266761768902,0,0,311,977,176,1109,40,604,165,40
"188","2020-03-24",168,3,253,752,3505,0.513266761768902,0,0,311,977,155,1264,38,642,144,38
"189","2020-03-25",190,3,253,781,3505,0.513266761768902,0,0,311,977,146,1410,31,673,134,31
"190","2020-03-26",195,3,233,790,3505,0.513266761768902,0,0,311,977,184,1594,31,704,173,31
"191","2020-03-27",206,3,252,771,3505,0.513266761768902,0,0,311,977,193,1787,48,752,185,48
"192","2020-03-28",220,3,244,785,3505,0.513266761768902,0,0,311,977,187,1974,33,785,179,33
"193","2020-03-29",218,3,220,762,3505,0.513266761768902,0,0,311,977,199,2173,25,810,193,25
"194","2020-03-30",208,3,236,747,3505,0.513266761768902,0,0,311,977,188,2361,32,842,181,32
"195","2020-03-31",200,3,241,747,3505,0.513266761768902,0,0,311,977,189,2550,29,871,183,29
"196","2020-04-01",198,3,267,749,3505,0.513266761768902,0,0,311,977,206,2756,55,926,197,55
"197","2020-04-02",209,3,277,754,3505,0.513266761768902,0,0,311,977,226,2982,51,977,217,51
"198","2020-04-03",206,3,290,738,3505,0.513266761768902,0,0,311,977,216,3198,34,1011,211,34
"199","2020-04-04",202,3,271,723,3505,0.513266761768902,0,0,311,977,179,3377,25,1036,177,25
"200","2020-04-05",213,3,267,697,3505,0.513266761768902,0,0,311,977,193,3570,35,1071,190,35
"201","2020-04-06",217,3,253,686,3505,0.513266761768902,0,0,311,977,190,3760,37,1108,188,37
"202","2020-04-07",226,3,244,674,3505,0.513266761768902,0,0,311,977,172,3932,44,1152,167,44
"203","2020-04-08",226,3,266,660,3505,0.513266761768902,0,0,311,977,148,4080,37,1189,148,37
"204","2020-04-09",216,3,280,653,3505,0.513266761768902,0,0,311,977,150,4230,40,1229,149,40
"205","2020-04-10",204,3,287,621,3505,0.513266761768902,0,0,311,977,158,4388,33,1262,155,33
"206","2020-04-11",195,3,261,606,3505,0.513266761768902,0,0,311,977,121,4509,28,1290,118,28
"207","2020-04-12",196,3,264,571,3505,0.513266761768902,0,0,311,977,134,4643,24,1314,131,24
"208","2020-04-13",198,3,261,552,3505,0.513266761768902,0,0,311,977,120,4763,35,1349,115,35
"209","2020-04-14",189,3,276,533,3505,0.513266761768902,0,0,311,977,95,4858,29,1378,94,29
"210","2020-04-15",170,3,286,505,3505,0.513266761768902,0,0,311,977,86,4944,15,1393,84,15
"211","2020-04-16",161,3,263,482,3505,0.513266761768902,0,0,311,977,76,5020,40,1433,74,40
"212","2020-04-17",166,3,261,456,3505,0.513266761768902,0,0,311,977,64,5084,17,1450,63,17
"213","2020-04-18",161,3,254,440,3505,0.513266761768902,0,0,311,977,52,5136,19,1469,50,19
"214","2020-04-19",145,3,258,425,3505,0.513266761768902,0,0,311,977,69,5205,19,1488,66,19
"215","2020-04-20",139,3,247,400,3505,0.513266761768902,0,0,311,977,48,5253,20,1508,48,20
"216","2020-04-21",137,3,242,389,3505,0.513266761768902,0,0,311,977,41,5294,18,1526,38,18
"217","2020-04-22",136,3,232,378,3505,0.513266761768902,0,0,311,977,48,5342,23,1549,48,23
"218","2020-04-23",135,3,222,376,3505,0.513266761768902,0,0,311,977,34,5376,21,1570,32,21
"219","2020-04-24",126,3,208,368,3505,0.513266761768902,0,0,311,977,38,5414,17,1587,37,17
"220","2020-04-25",115,3,223,365,3505,0.513266761768902,0,0,311,977,28,5442,27,1614,28,27
"221","2020-04-26",110,3,220,350,3505,0.513266761768902,0,0,311,977,26,5468,24,1638,26,24
"222","2020-04-27",108,3,223,343,3505,0.513266761768902,0,0,311,977,21,5489,19,1657,20,19
"223","2020-04-28",106,3,222,326,3505,0.513266761768902,0,0,311,977,24,5513,8,1665,24,8
"224","2020-04-29",101,3,234,326,3505,0.513266761768902,0,0,311,977,21,5534,3,1668,20,3
"225","2020-04-30",94,3,209,311,3505,0.513266761768902,0,0,311,977,14,5548,12,1680,13,12
"226","2020-05-01",94,3,217,298,3505,0.513266761768902,0,0,311,977,20,5568,13,1693,19,13
"227","2020-05-02",95,3,208,293,3505,0.513266761768902,0,0,311,977,12,5580,18,1711,12,18
"228","2020-05-03",96,3,199,276,3505,0.513266761768902,0,0,311,977,13,5593,16,1727,12,16
"229","2020-05-04",87,3,212,273,3505,0.513266761768902,0,0,311,977,9,5602,19,1746,8,19
"230","2020-05-05",79,3,211,281,3505,0.513266761768902,0,0,311,977,8,5610,21,1767,8,21
"231","2020-05-06",84,3,189,278,3505,0.513266761768902,0,0,311,977,6,5616,5,1772,4,5
"232","2020-05-07",85,3,163,267,3505,0.513266761768902,0,0,311,977,8,5624,14,1786,7,14
"233","2020-05-08",85,3,143,269,3505,0.513266761768902,0,0,311,977,7,5631,9,1795,5,9
"234","2020-05-09",81,3,144,259,3505,0.513266761768902,0,0,311,977,6,5637,10,1805,5,10
"235","2020-05-10",75,3,145,260,3505,0.513266761768902,0,0,311,977,7,5644,9,1814,7,9
"236","2020-05-11",71,3,155,251,3505,0.513266761768902,0,0,311,977,4,5648,5,1819,3,5
"237","2020-05-12",77,3,158,244,3505,0.513266761768902,0,0,311,977,9,5657,3,1822,4,3
"238","2020-05-13",72,3,171,243,3505,0.513266761768902,0,0,311,977,3,5660,8,1830,2,8
"239","2020-05-14",69,3,175,247,3505,0.513266761768902,0,0,311,977,9,5669,10,1840,7,10
"240","2020-05-15",67,3,170,243,3505,0.513266761768902,0,0,311,977,4,5673,5,1845,3,5
"241","2020-05-16",69,3,172,252,3505,0.513266761768902,0,0,311,977,4,5677,3,1848,4,3
"242","2020-05-17",70,3,169,244,3505,0.513266761768902,0,0,311,977,7,5684,3,1851,7,3
"243","2020-05-18",67,3,161,245,3505,0.513266761768902,0,0,311,977,NA,NA,3,1854,NA,3
"244","2020-05-19",70,3,162,231,3505,0.513266761768902,0,0,311,977,NA,NA,4,1858,NA,4
"245","2020-05-20",67,3,161,227,3505,0.513266761768902,0,0,311,977,2,5686,5,1863,NA,5
"246","2020-05-21",66,3,157,212,3505,0.513266761768902,0,0,311,977,4,5690,3,1866,2,3
"247","2020-05-22",63,3,163,196,3505,0.513266761768902,0,0,311,977,2,5692,2,1868,NA,2
"248","2020-05-23",58,3,148,189,3505,0.513266761768902,0,0,311,977,NA,NA,2,1870,NA,2
"249","2020-05-24",48,3,152,191,3505,0.513266761768902,0,0,311,977,1,5693,1,1871,NA,1
"250","2020-05-25",47,3,155,197,3505,0.513266761768902,0,0,311,977,3,5696,2,1873,2,2
"251","2020-05-26",32,3,157,195,3505,0.513266761768902,0,0,311,977,4,5700,4,1877,1,4
"252","2020-05-27",41,3,150,189,3505,0.513266761768902,0,0,311,977,2,5702,2,1879,1,2
"253","2020-05-28",41,3,144,184,3505,0.513266761768902,0,0,311,977,4,5706,1,1880,3,1
"254","2020-05-29",45,3,142,181,3505,0.513266761768902,0,0,311,977,2,5708,2,1882,2,2
"255","2020-05-30",47,3,132,196,3505,0.513266761768902,0,0,311,977,NA,NA,1,1883,NA,1
"256","2020-05-31",54,3,132,204,3505,0.513266761768902,0,0,311,977,1,5709,NA,NA,NA,NA
"257","2020-06-01",56,3,129,205,3505,0.513266761768902,0,0,311,977,NA,NA,NA,NA,NA,NA
"258","2020-06-02",65,3,136,202,3505,0.513266761768902,0,0,311,977,2,5711,3,1886,1,3
"259","2020-06-03",55,3,142,205,3505,0.513266761768902,0,0,311,977,NA,NA,NA,NA,NA,NA
"260","2020-06-04",66,3,145,211,3505,0.513266761768902,0,0,311,977,NA,NA,2,1888,NA,2
"261","2020-06-05",64,3,142,216,3505,0.513266761768902,0,0,311,977,NA,NA,NA,NA,NA,NA
"262","2020-06-06",65,3,139,213,3505,0.513266761768902,0,0,311,977,6,5717,NA,NA,1,NA
"263","2020-06-07",63,3,126,212,3505,0.513266761768902,0,0,311,977,1,5718,NA,NA,1,NA
"264","2020-03-13",2,4,93,80,3482,0.771970132107984,0,0,308,496,164,353,92,361,100,92
"265","2020-03-14",3,4,102,127,3482,0.771970132107984,0,0,308,496,191,544,52,413,143,52
"266","2020-03-15",10,4,197,163,3482,0.771970132107984,0,0,308,496,251,795,52,465,189,52
"267","2020-03-16",17,4,234,214,3482,0.771970132107984,0,0,308,496,383,1178,42,507,335,42
"268","2020-03-17",25,4,223,265,3482,0.771970132107984,0,0,308,496,437,1615,37,544,390,37
"269","2020-03-18",31,4,260,311,3482,0.771970132107984,0,0,308,496,477,2092,15,559,436,15
"270","2020-03-19",47,4,244,356,3482,0.771970132107984,0,0,308,496,662,2754,21,580,616,21
"271","2020-03-20",59,4,212,401,3482,0.771970132107984,0,0,308,496,727,3481,11,591,698,11
"272","2020-03-21",78,4,204,442,3482,0.771970132107984,0,0,308,496,618,4099,19,610,588,19
"273","2020-03-22",91,4,193,500,3482,0.771970132107984,0,0,308,496,718,4817,25,635,694,25
"274","2020-03-23",103,4,204,555,3482,0.771970132107984,0,0,308,496,681,5498,19,654,662,19
"275","2020-03-24",115,4,198,588,3482,0.771970132107984,0,0,308,496,500,5998,12,666,492,12
"276","2020-03-25",133,4,212,617,3482,0.771970132107984,0,0,308,496,434,6432,62,728,421,62
"277","2020-03-26",137,4,234,650,3482,0.771970132107984,0,0,308,496,334,6766,39,767,326,39
"278","2020-03-27",148,4,268,682,3482,0.771970132107984,0,0,308,496,295,7061,15,782,284,15
"279","2020-03-28",155,4,270,709,3482,0.771970132107984,0,0,308,496,173,7234,66,848,171,66
"280","2020-03-29",161,4,239,749,3482,0.771970132107984,0,0,308,496,163,7397,62,910,159,62
"281","2020-03-30",166,4,227,767,3482,0.771970132107984,0,0,308,496,98,7495,67,977,96,67
"282","2020-03-31",175,4,201,789,3482,0.771970132107984,0,0,308,496,81,7576,71,1048,78,71
"283","2020-04-01",191,4,161,806,3482,0.771970132107984,0,0,308,496,38,7614,36,1084,36,36
"284","2020-04-02",205,4,135,812,3482,0.771970132107984,0,0,308,496,42,7656,24,1108,38,24
"285","2020-04-03",209,4,120,823,3482,0.771970132107984,0,0,308,496,35,7691,26,1134,34,26
"286","2020-04-04",230,4,105,825,3482,0.771970132107984,0,0,308,496,20,7711,23,1157,18,23
"287","2020-04-05",240,4,130,816,3482,0.771970132107984,0,0,308,496,18,7729,16,1173,17,16
"288","2020-04-06",245,4,167,823,3482,0.771970132107984,0,0,308,496,6,7735,23,1196,5,23
"289","2020-04-07",251,4,182,822,3482,0.771970132107984,0,0,308,496,4,7739,11,1207,4,11
"290","2020-04-08",246,4,173,805,3482,0.771970132107984,0,0,308,496,8,7747,7,1214,7,7
"291","2020-04-09",242,4,178,793,3482,0.771970132107984,0,0,308,496,3,7750,13,1227,3,13
"292","2020-04-10",251,4,166,790,3482,0.771970132107984,0,0,308,496,6,7756,29,1256,6,29
"293","2020-04-11",245,4,143,787,3482,0.771970132107984,0,0,308,496,3,7759,16,1272,2,16
"294","2020-04-12",246,4,156,758,3482,0.771970132107984,0,0,308,496,1,7760,52,1324,NA,52
"295","2020-04-13",245,4,153,720,3482,0.771970132107984,0,0,308,496,2,7762,28,1352,1,28
"296","2020-04-14",237,4,131,702,3482,0.771970132107984,0,0,308,496,2,7764,57,1409,NA,57
"297","2020-04-15",228,4,110,690,3482,0.771970132107984,0,0,308,496,3,7767,27,1436,2,27
"298","2020-04-16",224,4,121,669,3482,0.771970132107984,0,0,308,496,4,7771,13,1449,3,13
"299","2020-04-17",208,4,126,639,3482,0.771970132107984,0,0,308,496,1,7772,24,1473,NA,24
"300","2020-04-18",189,4,109,611,3482,0.771970132107984,0,0,308,496,2,7774,18,1491,2,18
"301","2020-04-19",187,4,107,588,3482,0.771970132107984,0,0,308,496,1,7775,55,1546,1,55
"302","2020-04-20",170,4,102,580,3482,0.771970132107984,0,0,308,496,1,7776,49,1595,1,49
"303","2020-04-21",170,4,103,565,3482,0.771970132107984,0,0,308,496,1,7777,20,1615,1,20
"304","2020-04-22",167,4,105,526,3482,0.771970132107984,0,0,308,496,2,7779,14,1629,1,14
"305","2020-04-23",162,4,103,476,3482,0.771970132107984,0,0,308,496,NA,NA,14,1643,NA,14
"306","2020-04-24",152,4,100,454,3482,0.771970132107984,0,0,308,496,2,7781,8,1651,2,8
"307","2020-04-25",149,4,96,429,3482,0.771970132107984,0,0,308,496,2,7783,9,1660,2,9
"308","2020-04-26",133,4,99,415,3482,0.771970132107984,0,0,308,496,2,7785,24,1684,NA,24
"309","2020-04-27",144,4,98,399,3482,0.771970132107984,0,0,308,496,1,7786,26,1710,NA,26
"310","2020-04-28",132,4,98,385,3482,0.771970132107984,0,0,308,496,NA,NA,18,1728,NA,18
"311","2020-04-29",127,4,70,364,3482,0.771970132107984,0,0,308,496,1,7787,7,1735,NA,7
"312","2020-04-30",121,4,67,347,3482,0.771970132107984,0,0,308,496,2,7789,12,1747,1,12
"313","2020-05-01",122,4,52,336,3482,0.771970132107984,0,0,308,496,1,7790,7,1754,NA,7
"314","2020-05-02",114,4,45,323,3482,0.771970132107984,0,0,308,496,2,7792,20,1774,NA,20
"315","2020-05-03",108,4,50,310,3482,0.771970132107984,0,0,308,496,NA,NA,11,1785,NA,11
"316","2020-05-04",94,4,47,285,3482,0.771970132107984,0,0,308,496,NA,NA,17,1802,NA,17
"317","2020-05-05",89,4,52,275,3482,0.771970132107984,0,0,308,496,NA,NA,28,1830,NA,28
"318","2020-05-06",76,4,48,276,3482,0.771970132107984,0,0,308,496,2,7794,11,1841,2,11
"319","2020-05-07",68,4,48,267,3482,0.771970132107984,0,0,308,496,NA,NA,21,1862,NA,21
"320","2020-05-08",63,4,39,267,3482,0.771970132107984,0,0,308,496,1,7795,15,1877,NA,15
"321","2020-05-09",60,4,33,264,3482,0.771970132107984,0,0,308,496,2,7797,10,1887,2,10
"322","2020-05-10",59,4,27,258,3482,0.771970132107984,0,0,308,496,NA,NA,9,1896,NA,9
"323","2020-05-11",71,4,19,256,3482,0.771970132107984,0,0,308,496,NA,NA,10,1906,NA,10
"324","2020-05-12",71,4,23,261,3482,0.771970132107984,0,0,308,496,NA,NA,13,1919,NA,13
"325","2020-05-13",83,4,25,251,3482,0.771970132107984,0,0,308,496,NA,NA,7,1926,NA,7
"326","2020-05-14",84,4,31,250,3482,0.771970132107984,0,0,308,496,1,7798,7,1933,NA,7
"327","2020-05-15",92,4,31,249,3482,0.771970132107984,0,0,308,496,1,7799,6,1939,NA,6
"328","2020-05-16",92,4,27,247,3482,0.771970132107984,0,0,308,496,NA,NA,8,1947,NA,8
"329","2020-05-17",87,4,28,248,3482,0.771970132107984,0,0,308,496,1,7800,4,1951,NA,4
"330","2020-05-18",74,4,25,241,3482,0.771970132107984,0,0,308,496,1,7801,6,1957,NA,6
"331","2020-05-19",71,4,22,228,3482,0.771970132107984,0,0,308,496,NA,NA,10,1967,NA,10
"332","2020-05-20",56,4,27,222,3482,0.771970132107984,0,0,308,496,NA,NA,4,1971,NA,4
"333","2020-05-21",57,4,27,206,3482,0.771970132107984,0,0,308,496,1,7802,4,1975,NA,4
"334","2020-05-22",46,4,20,202,3482,0.771970132107984,0,0,308,496,NA,NA,4,1979,NA,4
"335","2020-05-23",49,4,17,195,3482,0.771970132107984,0,0,308,496,NA,NA,1,1980,NA,1
"336","2020-05-24",52,4,14,192,3482,0.771970132107984,0,0,308,496,1,7803,5,1985,NA,5
"337","2020-05-25",58,4,14,183,3482,0.771970132107984,0,0,308,496,NA,NA,4,1989,NA,4
"338","2020-05-26",56,4,11,171,3482,0.771970132107984,0,0,308,496,1,7804,5,1994,NA,5
"339","2020-05-27",59,4,7,161,3482,0.771970132107984,0,0,308,496,NA,NA,5,1999,NA,5
"340","2020-05-28",57,4,8,156,3482,0.771970132107984,0,0,308,496,2,7806,2,2001,NA,2
"341","2020-05-29",60,4,10,152,3482,0.771970132107984,0,0,308,496,1,7807,NA,NA,NA,NA
"342","2020-05-30",61,4,12,150,3482,0.771970132107984,0,0,308,496,1,7808,NA,NA,NA,NA
"343","2020-05-31",57,4,9,136,3482,0.771970132107984,0,0,308,496,NA,NA,NA,NA,NA,NA
"344","2020-06-01",46,4,8,129,3482,0.771970132107984,0,0,308,496,2,7810,NA,NA,NA,NA
"345","2020-06-02",51,4,8,129,3482,0.771970132107984,0,0,308,496,1,7811,NA,NA,NA,NA
"346","2020-06-03",51,4,8,122,3482,0.771970132107984,0,0,308,496,NA,NA,NA,NA,NA,NA
"347","2020-06-04",48,4,8,108,3482,0.771970132107984,0,0,308,496,1,7812,NA,NA,NA,NA
"348","2020-06-05",43,4,10,113,3482,0.771970132107984,0,0,308,496,NA,NA,NA,NA,NA,NA
"349","2020-06-06",36,4,11,108,3482,0.771970132107984,0,0,308,496,NA,NA,NA,NA,NA,NA
"350","2020-06-07",34,4,13,110,3482,0.771970132107984,0,0,308,496,NA,NA,NA,NA,NA,NA
"351","2020-03-14",3,5,91,146,2470,0.511740890688259,0,0,220,290,25,88,57,158,4,57
"352","2020-03-15",10,5,89,187,2470,0.511740890688259,0,0,220,290,25,113,49,207,11,49
"353","2020-03-16",21,5,94,228,2470,0.511740890688259,0,0,220,290,20,133,30,237,6,30
"354","2020-03-17",34,5,128,273,2470,0.511740890688259,0,0,220,290,24,157,51,288,12,51
"355","2020-03-18",39,5,120,301,2470,0.511740890688259,0,0,220,290,30,187,30,318,12,30
"356","2020-03-19",55,5,117,326,2470,0.511740890688259,0,0,220,290,31,218,27,345,13,27
"357","2020-03-20",66,5,116,364,2470,0.511740890688259,0,0,220,290,31,249,49,394,14,49
"358","2020-03-21",79,5,120,382,2470,0.511740890688259,0,0,220,290,35,284,37,431,16,37
"359","2020-03-22",88,5,133,418,2470,0.511740890688259,0,0,220,290,20,304,30,461,10,30
"360","2020-03-23",96,5,137,436,2470,0.511740890688259,0,0,220,290,43,347,33,494,27,33
"361","2020-03-24",96,5,157,445,2470,0.511740890688259,0,0,220,290,33,380,25,519,20,25
"362","2020-03-25",109,5,152,444,2470,0.511740890688259,0,0,220,290,29,409,27,546,17,27
"363","2020-03-26",109,5,141,444,2470,0.511740890688259,0,0,220,290,35,444,26,572,26,26
"364","2020-03-27",117,5,142,442,2470,0.511740890688259,0,0,220,290,30,474,16,588,21,16
"365","2020-03-28",115,5,148,444,2470,0.511740890688259,0,0,220,290,29,503,25,613,20,25
"366","2020-03-29",119,5,155,450,2470,0.511740890688259,0,0,220,290,38,541,18,631,30,18
"367","2020-03-30",119,5,151,459,2470,0.511740890688259,0,0,220,290,29,570,19,650,18,19
"368","2020-03-31",121,5,134,469,2470,0.511740890688259,0,0,220,290,24,594,30,680,16,30
"369","2020-04-01",124,5,111,465,2470,0.511740890688259,0,0,220,290,33,627,32,712,28,32
"370","2020-04-02",129,5,111,466,2470,0.511740890688259,0,0,220,290,33,660,47,759,23,47
"371","2020-04-03",126,5,131,454,2470,0.511740890688259,0,0,220,290,33,693,30,789,26,30
"372","2020-04-04",124,5,133,440,2470,0.511740890688259,0,0,220,290,29,722,15,804,18,15
"373","2020-04-05",120,5,114,432,2470,0.511740890688259,0,0,220,290,31,753,16,820,24,16
"374","2020-04-06",116,5,119,421,2470,0.511740890688259,0,0,220,290,26,779,49,869,17,49
"375","2020-04-07",117,5,137,411,2470,0.511740890688259,0,0,220,290,16,795,48,917,14,48
"376","2020-04-08",111,5,131,405,2470,0.511740890688259,0,0,220,290,24,819,30,947,21,30
"377","2020-04-09",110,5,126,406,2470,0.511740890688259,0,0,220,290,25,844,10,957,21,10
"378","2020-04-10",115,5,107,413,2470,0.511740890688259,0,0,220,290,35,879,31,988,29,31
"379","2020-04-11",117,5,105,395,2470,0.511740890688259,0,0,220,290,28,907,37,1025,19,37
"380","2020-04-12",116,5,106,385,2470,0.511740890688259,0,0,220,290,22,929,29,1054,17,29
"381","2020-04-13",117,5,103,384,2470,0.511740890688259,0,0,220,290,27,956,30,1084,15,30
"382","2020-04-14",121,5,95,354,2470,0.511740890688259,0,0,220,290,23,979,49,1133,18,49
"383","2020-04-15",119,5,102,344,2470,0.511740890688259,0,0,220,290,21,1000,48,1181,18,48
"384","2020-04-16",115,5,102,322,2470,0.511740890688259,0,0,220,290,31,1031,41,1222,25,41
"385","2020-04-17",110,5,100,316,2470,0.511740890688259,0,0,220,290,28,1059,37,1259,18,37
"386","2020-04-18",117,5,98,298,2470,0.511740890688259,0,0,220,290,32,1091,40,1299,22,40
"387","2020-04-19",110,5,82,275,2470,0.511740890688259,0,0,220,290,25,1116,39,1338,20,39
"388","2020-04-20",100,5,77,264,2470,0.511740890688259,0,0,220,290,27,1143,23,1361,18,23
"389","2020-04-21",89,5,69,260,2470,0.511740890688259,0,0,220,290,31,1174,22,1383,27,22
"390","2020-04-22",86,5,69,246,2470,0.511740890688259,0,0,220,290,26,1200,16,1399,20,16
"391","2020-04-23",79,5,62,230,2470,0.511740890688259,0,0,220,290,26,1226,20,1419,23,20
"392","2020-04-24",76,5,67,226,2470,0.511740890688259,0,0,220,290,37,1263,29,1448,31,29
"393","2020-04-25",63,5,56,237,2470,0.511740890688259,0,0,220,290,35,1298,33,1481,30,33
"394","2020-04-26",63,5,51,228,2470,0.511740890688259,0,0,220,290,36,1334,16,1497,31,16
"395","2020-04-27",67,5,52,226,2470,0.511740890688259,0,0,220,290,32,1366,25,1522,31,25
"396","2020-04-28",65,5,56,226,2470,0.511740890688259,0,0,220,290,16,1382,24,1546,13,24
"397","2020-04-29",64,5,57,235,2470,0.511740890688259,0,0,220,290,28,1410,13,1559,21,13
"398","2020-04-30",61,5,49,228,2470,0.511740890688259,0,0,220,290,26,1436,16,1575,24,16
"399","2020-05-01",59,5,41,235,2470,0.511740890688259,0,0,220,290,29,1465,14,1589,25,14
"400","2020-05-02",59,5,39,222,2470,0.511740890688259,0,0,220,290,36,1501,7,1596,33,7
"401","2020-05-03",58,5,31,215,2470,0.511740890688259,0,0,220,290,38,1539,10,1606,34,10
"402","2020-05-04",59,5,29,223,2470,0.511740890688259,0,0,220,290,31,1570,18,1624,25,18
"403","2020-05-05",61,5,30,236,2470,0.511740890688259,0,0,220,290,35,1605,9,1633,34,9
"404","2020-05-06",61,5,29,242,2470,0.511740890688259,0,0,220,290,33,1638,8,1641,27,8
"405","2020-05-07",66,5,27,241,2470,0.511740890688259,0,0,220,290,28,1666,11,1652,26,11
"406","2020-05-08",62,5,25,245,2470,0.511740890688259,0,0,220,290,37,1703,12,1664,32,12
"407","2020-05-09",63,5,26,247,2470,0.511740890688259,0,0,220,290,25,1728,13,1677,19,13
"408","2020-05-10",65,5,25,249,2470,0.511740890688259,0,0,220,290,28,1756,7,1684,24,7
"409","2020-05-11",60,5,27,246,2470,0.511740890688259,0,0,220,290,34,1790,7,1691,33,7
"410","2020-05-12",54,5,24,234,2470,0.511740890688259,0,0,220,290,35,1825,7,1698,33,7
"411","2020-05-13",59,5,27,240,2470,0.511740890688259,0,0,220,290,35,1860,8,1706,30,8
"412","2020-05-14",51,5,28,231,2470,0.511740890688259,0,0,220,290,39,1899,10,1716,35,10
"413","2020-05-15",53,5,25,235,2470,0.511740890688259,0,0,220,290,34,1933,13,1729,32,13
"414","2020-05-16",55,5,25,232,2470,0.511740890688259,0,0,220,290,30,1963,9,1738,30,9
"415","2020-05-17",57,5,21,224,2470,0.511740890688259,0,0,220,290,28,1991,15,1753,26,15
"416","2020-05-18",54,5,23,216,2470,0.511740890688259,0,0,220,290,24,2015,10,1763,19,10
"417","2020-05-19",69,5,19,219,2470,0.511740890688259,0,0,220,290,22,2037,8,1771,21,8
"418","2020-05-20",68,5,19,205,2470,0.511740890688259,0,0,220,290,33,2070,4,1775,30,4
"419","2020-05-21",77,5,22,210,2470,0.511740890688259,0,0,220,290,17,2087,11,1786,16,11
"420","2020-05-22",75,5,24,215,2470,0.511740890688259,0,0,220,290,33,2120,5,1791,31,5
"421","2020-05-23",74,5,18,208,2470,0.511740890688259,0,0,220,290,32,2152,7,1798,27,7
"422","2020-05-24",67,5,16,208,2470,0.511740890688259,0,0,220,290,28,2180,7,1805,24,7
"423","2020-05-25",72,5,16,211,2470,0.511740890688259,0,0,220,290,36,2216,2,1807,32,2
"424","2020-05-26",66,5,14,206,2470,0.511740890688259,0,0,220,290,28,2244,7,1814,26,7
"425","2020-05-27",55,5,13,206,2470,0.511740890688259,0,0,220,290,35,2279,11,1825,32,11
"426","2020-05-28",48,5,11,206,2470,0.511740890688259,0,0,220,290,25,2304,8,1833,23,8
"427","2020-05-29",53,5,13,207,2470,0.511740890688259,0,0,220,290,29,2333,11,1844,28,11
"428","2020-05-30",49,5,16,203,2470,0.511740890688259,0,0,220,290,33,2366,13,1857,30,13
"429","2020-05-31",59,5,17,210,2470,0.511740890688259,0,0,220,290,25,2391,12,1869,21,12
"430","2020-06-01",56,5,14,219,2470,0.511740890688259,0,0,220,290,35,2426,8,1877,33,8
"431","2020-06-02",55,5,14,209,2470,0.511740890688259,0,0,220,290,30,2456,8,1885,25,8
"432","2020-06-03",62,5,14,212,2470,0.511740890688259,0,0,220,290,24,2480,7,1892,23,7
"433","2020-06-04",69,5,16,212,2470,0.511740890688259,0,0,220,290,30,2510,7,1899,27,7
"434","2020-06-05",68,5,16,212,2470,0.511740890688259,0,0,220,290,38,2548,11,1910,32,11
"435","2020-06-06",69,5,16,207,2470,0.511740890688259,0,0,220,290,26,2574,7,1917,24,7
"436","2020-06-07",62,5,16,202,2470,0.511740890688259,0,0,220,290,28,2602,6,1923,23,6
"437","2020-03-12",1,6,242,100,8066,0.935655839325564,0,0,816,962,46,73,68,154,NA,68
"438","2020-03-13",2,6,259,163,8066,0.935655839325564,0,0,816,962,38,111,60,214,4,60
"439","2020-03-14",4,6,313,287,8066,0.935655839325564,0,0,816,962,38,149,70,284,7,70
"440","2020-03-15",11,6,329,450,8066,0.935655839325564,0,0,816,962,38,187,38,322,6,38
"441","2020-03-16",18,6,296,636,8066,0.935655839325564,0,0,816,962,46,233,17,339,7,17
"442","2020-03-17",35,6,256,883,8066,0.935655839325564,0,0,816,962,35,268,19,358,11,19
"443","2020-03-18",70,6,246,1129,8066,0.935655839325564,0,0,816,962,21,289,13,371,9,13
"444","2020-03-19",98,6,211,1414,8066,0.935655839325564,0,0,816,962,38,327,15,386,8,15
"445","2020-03-20",143,6,203,1836,8066,0.935655839325564,0,0,816,962,36,363,11,397,7,11
"446","2020-03-21",208,6,210,2236,8066,0.935655839325564,0,0,816,962,23,386,16,413,6,16
"447","2020-03-22",270,6,230,2733,8066,0.935655839325564,0,0,816,962,22,408,23,436,5,23
"448","2020-03-23",346,6,235,3350,8066,0.935655839325564,0,0,816,962,38,446,27,463,8,27
"449","2020-03-24",446,6,252,3776,8066,0.935655839325564,0,0,816,962,35,481,27,490,9,27
"450","2020-03-25",570,6,247,4101,8066,0.935655839325564,0,0,816,962,35,516,46,536,12,46
"451","2020-03-26",727,6,219,4479,8066,0.935655839325564,0,0,816,962,21,537,20,556,8,20
"452","2020-03-27",874,6,200,4744,8066,0.935655839325564,0,0,816,962,34,571,27,583,10,27
"453","2020-03-28",996,6,207,4904,8066,0.935655839325564,0,0,816,962,28,599,44,627,11,44
"454","2020-03-29",1129,6,241,4969,8066,0.935655839325564,0,0,816,962,43,642,34,661,15,34
"455","2020-03-30",1258,6,276,4913,8066,0.935655839325564,0,0,816,962,32,674,14,675,9,14
"456","2020-03-31",1349,6,277,4735,8066,0.935655839325564,0,0,816,962,21,695,11,686,10,11
"457","2020-04-01",1397,6,258,4495,8066,0.935655839325564,0,0,816,962,41,736,15,701,16,15
"458","2020-04-02",1406,6,226,4251,8066,0.935655839325564,0,0,816,962,24,760,59,760,10,59
"459","2020-04-03",1397,6,200,3864,8066,0.935655839325564,0,0,816,962,38,798,68,828,18,68
"460","2020-04-04",1375,6,179,3405,8066,0.935655839325564,0,0,816,962,25,823,60,888,10,60
"461","2020-04-05",1323,6,156,2960,8066,0.935655839325564,0,0,816,962,34,857,22,910,12,22
"462","2020-04-06",1229,6,130,2542,8066,0.935655839325564,0,0,816,962,34,891,56,966,16,56
"463","2020-04-07",1126,6,129,2171,8066,0.935655839325564,0,0,816,962,32,923,66,1032,17,66
"464","2020-04-08",1018,6,115,1818,8066,0.935655839325564,0,0,816,962,20,943,62,1094,15,62
"465","2020-04-09",894,6,93,1481,8066,0.935655839325564,0,0,816,962,27,970,22,1116,13,22
"466","2020-04-10",774,6,91,1176,8066,0.935655839325564,0,0,816,962,21,991,30,1146,8,30
"467","2020-04-11",643,6,128,940,8066,0.935655839325564,0,0,816,962,25,1016,17,1163,14,17
"468","2020-04-12",521,6,130,738,8066,0.935655839325564,0,0,816,962,24,1040,26,1189,16,26
"469","2020-04-13",422,6,131,571,8066,0.935655839325564,0,0,816,962,21,1061,36,1225,13,36
"470","2020-04-14",337,6,123,437,8066,0.935655839325564,0,0,816,962,25,1086,26,1251,10,26
"471","2020-04-15",260,6,110,345,8066,0.935655839325564,0,0,816,962,19,1105,41,1292,12,41
"472","2020-04-16",202,6,92,265,8066,0.935655839325564,0,0,816,962,17,1122,22,1314,8,22
"473","2020-04-17",144,6,94,209,8066,0.935655839325564,0,0,816,962,19,1141,28,1342,8,28
"474","2020-04-18",112,6,91,167,8066,0.935655839325564,0,0,816,962,18,1159,22,1364,8,22
"475","2020-04-19",87,6,82,118,8066,0.935655839325564,0,0,816,962,19,1178,22,1386,15,22
"476","2020-04-20",74,6,79,90,8066,0.935655839325564,0,0,816,962,16,1194,11,1397,9,11
"477","2020-04-21",57,6,77,65,8066,0.935655839325564,0,0,816,962,17,1211,13,1410,5,13
"478","2020-04-22",38,6,72,49,8066,0.935655839325564,0,0,816,962,25,1236,7,1417,10,7
"479","2020-04-23",27,6,78,38,8066,0.935655839325564,0,0,816,962,26,1262,20,1437,11,20
"480","2020-04-24",22,6,93,27,8066,0.935655839325564,0,0,816,962,23,1285,13,1450,9,13
"481","2020-04-25",18,6,117,20,8066,0.935655839325564,0,0,816,962,21,1306,24,1474,11,24
"482","2020-04-26",16,6,116,19,8066,0.935655839325564,0,0,816,962,17,1323,22,1496,8,22
"483","2020-04-27",12,6,118,19,8066,0.935655839325564,0,0,816,962,23,1346,13,1509,11,13
"484","2020-04-28",10,6,112,18,8066,0.935655839325564,0,0,816,962,19,1365,14,1523,14,14
"485","2020-04-29",7,6,105,17,8066,0.935655839325564,0,0,816,962,20,1385,23,1546,13,23
"486","2020-04-30",5,6,95,17,8066,0.935655839325564,0,0,816,962,23,1408,18,1564,15,18
"487","2020-05-01",4,6,78,15,8066,0.935655839325564,0,0,816,962,18,1426,14,1578,8,14
"488","2020-05-02",5,6,82,14,8066,0.935655839325564,0,0,816,962,22,1448,11,1589,14,11
"489","2020-05-03",4,6,88,13,8066,0.935655839325564,0,0,816,962,24,1472,10,1599,18,10
"490","2020-05-04",4,6,86,12,8066,0.935655839325564,0,0,816,962,19,1491,12,1611,11,12
"491","2020-05-05",4,6,76,12,8066,0.935655839325564,0,0,816,962,19,1510,8,1619,13,8
"492","2020-05-06",4,6,55,15,8066,0.935655839325564,0,0,816,962,25,1535,9,1628,20,9
"493","2020-05-07",5,6,56,15,8066,0.935655839325564,0,0,816,962,17,1552,18,1646,12,18
"494","2020-05-08",6,6,45,13,8066,0.935655839325564,0,0,816,962,15,1567,13,1659,7,13
"495","2020-05-09",7,6,38,12,8066,0.935655839325564,0,0,816,962,16,1583,18,1677,11,18
"496","2020-05-10",7,6,42,10,8066,0.935655839325564,0,0,816,962,19,1602,10,1687,16,10
"497","2020-05-11",5,6,38,8,8066,0.935655839325564,0,0,816,962,19,1621,5,1692,14,5
"498","2020-05-12",4,6,37,9,8066,0.935655839325564,0,0,816,962,12,1633,4,1696,7,4
"499","2020-05-13",4,6,34,10,8066,0.935655839325564,0,0,816,962,22,1655,10,1706,9,10
"500","2020-05-14",4,6,34,8,8066,0.935655839325564,0,0,816,962,19,1674,4,1710,7,4
"501","2020-05-15",3,6,24,8,8066,0.935655839325564,0,0,816,962,23,1697,2,1712,16,2
"502","2020-05-16",1,6,28,7,8066,0.935655839325564,0,0,816,962,16,1713,3,1715,13,3
"503","2020-05-17",1,6,24,6,8066,0.935655839325564,0,0,816,962,16,1729,NA,NA,8,NA
"504","2020-05-18",1,6,19,5,8066,0.935655839325564,0,0,816,962,19,1748,3,1718,14,3
"505","2020-05-19",1,6,17,5,8066,0.935655839325564,0,0,816,962,18,1766,2,1720,14,2
"506","2020-05-20",1,6,13,5,8066,0.935655839325564,0,0,816,962,23,1789,12,1732,16,12
"507","2020-05-21",0,6,0,0,8066,0.935655839325564,0,0,816,962,30,1819,4,1736,15,4
"508","2020-05-22",1,6,13,5,8066,0.935655839325564,0,0,816,962,13,1832,6,1742,7,6
"509","2020-05-23",1,6,14,5,8066,0.935655839325564,0,0,816,962,20,1852,6,1748,12,6
"510","2020-05-24",1,6,12,5,8066,0.935655839325564,0,0,816,962,18,1870,3,1751,14,3
"511","2020-05-25",1,6,11,2,8066,0.935655839325564,0,0,816,962,21,1891,6,1757,11,6
"512","2020-05-26",1,6,12,2,8066,0.935655839325564,0,0,816,962,23,1914,10,1767,16,10
"513","2020-05-27",1,6,12,3,8066,0.935655839325564,0,0,816,962,18,1932,7,1774,11,7
"514","2020-05-28",1,6,11,3,8066,0.935655839325564,0,0,816,962,29,1961,8,1782,15,8
"515","2020-05-29",0,6,0,0,8066,0.935655839325564,0,0,816,962,23,1984,11,1793,16,11
"516","2020-05-30",0,6,0,0,8066,0.935655839325564,0,0,816,962,24,2008,7,1800,14,7
"517","2020-05-31",0,6,0,0,8066,0.935655839325564,0,0,816,962,23,2031,6,1806,18,6
"518","2020-06-01",3,6,9,4,8066,0.935655839325564,0,0,816,962,21,2052,4,1810,15,4
"519","2020-06-02",3,6,8,4,8066,0.935655839325564,0,0,816,962,19,2071,4,1814,15,4
"520","2020-06-03",3,6,8,4,8066,0.935655839325564,0,0,816,962,20,2091,2,1816,17,2
"521","2020-06-04",3,6,7,3,8066,0.935655839325564,0,0,816,962,20,2111,NA,NA,11,NA
"522","2020-06-05",3,6,6,3,8066,0.935655839325564,0,0,816,962,19,2130,6,1822,12,6
"523","2020-06-06",3,6,6,4,8066,0.935655839325564,0,0,816,962,31,2161,1,1823,19,1
"524","2020-06-07",3,6,5,3,8066,0.935655839325564,0,0,816,962,16,2177,5,1828,10,5
"525","2020-03-12",1,7,60,112,3127,0.354653022065878,0,0,306,281,25,47,68,124,9,68
"526","2020-03-13",3,7,79,172,3127,0.354653022065878,0,0,306,281,34,81,68,192,13,68
"527","2020-03-14",11,7,110,256,3127,0.354653022065878,0,0,306,281,29,110,37,229,12,37
"528","2020-03-15",20,7,115,339,3127,0.354653022065878,0,0,306,281,36,146,22,251,15,22
"529","2020-03-16",35,7,156,408,3127,0.354653022065878,0,0,306,281,33,179,11,262,15,11
"530","2020-03-17",49,7,183,493,3127,0.354653022065878,0,0,306,281,40,219,14,276,25,14
"531","2020-03-18",68,7,183,558,3127,0.354653022065878,0,0,306,281,33,252,10,286,21,10
"532","2020-03-19",86,7,223,611,3127,0.354653022065878,0,0,306,281,44,296,20,306,30,20
"533","2020-03-20",109,7,213,659,3127,0.354653022065878,0,0,306,281,38,334,12,318,22,12
"534","2020-03-21",138,7,200,706,3127,0.354653022065878,0,0,306,281,27,361,4,322,16,4
"535","2020-03-22",165,7,227,748,3127,0.354653022065878,0,0,306,281,31,392,6,328,22,6
"536","2020-03-23",173,7,224,751,3127,0.354653022065878,0,0,306,281,33,425,NA,NA,24,NA
"537","2020-03-24",201,7,231,790,3127,0.354653022065878,0,0,306,281,34,459,5,333,24,5
"538","2020-03-25",212,7,221,765,3127,0.354653022065878,0,0,306,281,43,502,13,346,30,13
"539","2020-03-26",226,7,196,757,3127,0.354653022065878,0,0,306,281,28,530,4,350,22,4
"540","2020-03-27",234,7,199,739,3127,0.354653022065878,0,0,306,281,38,568,12,362,31,12
"541","2020-03-28",231,7,192,726,3127,0.354653022065878,0,0,306,281,40,608,54,416,29,54
"542","2020-03-29",228,7,187,724,3127,0.354653022065878,0,0,306,281,51,659,55,471,42,55
"543","2020-03-30",236,7,198,692,3127,0.354653022065878,0,0,306,281,39,698,26,497,28,26
"544","2020-03-31",214,7,188,684,3127,0.354653022065878,0,0,306,281,35,733,66,563,27,66
"545","2020-04-01",215,7,177,653,3127,0.354653022065878,0,0,306,281,46,779,55,618,33,55
"546","2020-04-02",208,7,187,624,3127,0.354653022065878,0,0,306,281,31,810,37,655,27,37
"547","2020-04-03",196,7,201,598,3127,0.354653022065878,0,0,306,281,42,852,61,716,32,61
"548","2020-04-04",178,7,184,591,3127,0.354653022065878,0,0,306,281,51,903,40,756,34,40
"549","2020-04-05",167,7,173,566,3127,0.354653022065878,0,0,306,281,32,935,21,777,22,21
"550","2020-04-06",160,7,143,549,3127,0.354653022065878,0,0,306,281,30,965,51,828,27,51
"551","2020-04-07",165,7,143,530,3127,0.354653022065878,0,0,306,281,31,996,37,865,24,37
"552","2020-04-08",162,7,139,508,3127,0.354653022065878,0,0,306,281,32,1028,26,891,23,26
"553","2020-04-09",149,7,114,510,3127,0.354653022065878,0,0,306,281,35,1063,31,922,27,31
"554","2020-04-10",142,7,109,494,3127,0.354653022065878,0,0,306,281,31,1094,21,943,23,21
"555","2020-04-11",146,7,101,469,3127,0.354653022065878,0,0,306,281,30,1124,50,993,24,50
"556","2020-04-12",145,7,99,445,3127,0.354653022065878,0,0,306,281,37,1161,55,1048,27,55
"557","2020-04-13",137,7,103,415,3127,0.354653022065878,0,0,306,281,25,1186,25,1073,22,25
"558","2020-04-14",124,7,108,384,3127,0.354653022065878,0,0,306,281,21,1207,21,1094,18,21
"559","2020-04-15",112,7,100,378,3127,0.354653022065878,0,0,306,281,26,1233,30,1124,23,30
"560","2020-04-16",112,7,84,383,3127,0.354653022065878,0,0,306,281,19,1252,22,1146,15,22
"561","2020-04-17",116,7,72,383,3127,0.354653022065878,0,0,306,281,21,1273,13,1159,16,13
"562","2020-04-18",111,7,73,366,3127,0.354653022065878,0,0,306,281,22,1295,13,1172,20,13
"563","2020-04-19",104,7,77,342,3127,0.354653022065878,0,0,306,281,30,1325,10,1182,28,10
"564","2020-04-20",104,7,64,332,3127,0.354653022065878,0,0,306,281,16,1341,5,1187,15,5
"565","2020-04-21",106,7,58,320,3127,0.354653022065878,0,0,306,281,20,1361,12,1199,13,12
"566","2020-04-22",105,7,54,310,3127,0.354653022065878,0,0,306,281,23,1384,25,1224,18,25
"567","2020-04-23",102,7,54,298,3127,0.354653022065878,0,0,306,281,24,1408,35,1259,17,35
"568","2020-04-24",95,7,71,292,3127,0.354653022065878,0,0,306,281,15,1423,38,1297,8,38
"569","2020-04-25",92,7,61,292,3127,0.354653022065878,0,0,306,281,18,1441,36,1333,11,36
"570","2020-04-26",88,7,56,290,3127,0.354653022065878,0,0,306,281,17,1458,29,1362,11,29
"571","2020-04-27",84,7,50,281,3127,0.354653022065878,0,0,306,281,24,1482,18,1380,17,18
"572","2020-04-28",82,7,53,265,3127,0.354653022065878,0,0,306,281,28,1510,18,1398,23,18
"573","2020-04-29",76,7,56,244,3127,0.354653022065878,0,0,306,281,16,1526,14,1412,12,14
"574","2020-04-30",73,7,60,233,3127,0.354653022065878,0,0,306,281,25,1551,15,1427,22,15
"575","2020-05-01",67,7,62,223,3127,0.354653022065878,0,0,306,281,20,1571,17,1444,16,17
"576","2020-05-02",65,7,59,230,3127,0.354653022065878,0,0,306,281,21,1592,12,1456,18,12
"577","2020-05-03",66,7,39,232,3127,0.354653022065878,0,0,306,281,25,1617,7,1463,22,7
"578","2020-05-04",66,7,38,228,3127,0.354653022065878,0,0,306,281,22,1639,13,1476,17,13
"579","2020-05-05",67,7,33,222,3127,0.354653022065878,0,0,306,281,24,1663,9,1485,21,9
"580","2020-05-06",67,7,40,222,3127,0.354653022065878,0,0,306,281,23,1686,13,1498,20,13
"581","2020-05-07",72,7,34,222,3127,0.354653022065878,0,0,306,281,20,1706,9,1507,18,9
"582","2020-05-08",72,7,26,214,3127,0.354653022065878,0,0,306,281,29,1735,5,1512,24,5
"583","2020-05-09",72,7,22,201,3127,0.354653022065878,0,0,306,281,15,1750,13,1525,13,13
"584","2020-05-10",66,7,17,206,3127,0.354653022065878,0,0,306,281,20,1770,9,1534,16,9
"585","2020-05-11",56,7,16,210,3127,0.354653022065878,0,0,306,281,21,1791,3,1537,17,3
"586","2020-05-12",52,7,22,217,3127,0.354653022065878,0,0,306,281,14,1805,10,1547,9,10
"587","2020-05-13",48,7,21,216,3127,0.354653022065878,0,0,306,281,22,1827,10,1557,17,10
"588","2020-05-14",53,7,19,219,3127,0.354653022065878,0,0,306,281,19,1846,7,1564,15,7
"589","2020-05-15",58,7,18,225,3127,0.354653022065878,0,0,306,281,22,1868,2,1566,14,2
"590","2020-05-16",56,7,21,225,3127,0.354653022065878,0,0,306,281,19,1887,4,1570,17,4
"591","2020-05-17",61,7,20,229,3127,0.354653022065878,0,0,306,281,19,1906,NA,NA,17,NA
"592","2020-05-18",67,7,17,219,3127,0.354653022065878,0,0,306,281,32,1938,1,1571,26,1
"593","2020-05-19",74,7,19,209,3127,0.354653022065878,0,0,306,281,31,1969,NA,NA,27,NA
"594","2020-05-20",74,7,17,210,3127,0.354653022065878,0,0,306,281,24,1993,2,1573,17,2
"595","2020-05-21",65,7,14,210,3127,0.354653022065878,0,0,306,281,26,2019,NA,NA,22,NA
"596","2020-05-22",68,7,14,206,3127,0.354653022065878,0,0,306,281,19,2038,NA,NA,18,NA
"597","2020-05-23",69,7,14,212,3127,0.354653022065878,0,0,306,281,28,2066,1,1574,24,1
"598","2020-05-24",63,7,12,200,3127,0.354653022065878,0,0,306,281,22,2088,1,1575,20,1
"599","2020-05-25",60,7,10,199,3127,0.354653022065878,0,0,306,281,19,2107,2,1577,16,2
"600","2020-05-26",51,7,13,190,3127,0.354653022065878,0,0,306,281,32,2139,1,1578,28,1
"601","2020-05-27",54,7,16,195,3127,0.354653022065878,0,0,306,281,24,2163,NA,NA,22,NA
"602","2020-05-28",54,7,13,188,3127,0.354653022065878,0,0,306,281,26,2189,NA,NA,23,NA
"603","2020-05-29",55,7,12,187,3127,0.354653022065878,0,0,306,281,32,2221,1,1579,28,1
"604","2020-05-30",55,7,15,186,3127,0.354653022065878,0,0,306,281,21,2242,2,1581,21,2
"605","2020-05-31",59,7,14,178,3127,0.354653022065878,0,0,306,281,29,2271,3,1584,23,3
"606","2020-06-01",59,7,10,186,3127,0.354653022065878,0,0,306,281,21,2292,1,1585,19,1
"607","2020-06-02",58,7,10,186,3127,0.354653022065878,0,0,306,281,24,2316,NA,NA,19,NA
"608","2020-06-03",63,7,8,187,3127,0.354653022065878,0,0,306,281,28,2344,NA,NA,23,NA
"609","2020-06-04",66,7,7,195,3127,0.354653022065878,0,0,306,281,28,2372,NA,NA,26,NA
"610","2020-06-05",59,7,10,193,3127,0.354653022065878,0,0,306,281,30,2402,NA,NA,25,NA
"611","2020-06-06",56,7,10,194,3127,0.354653022065878,0,0,306,281,27,2429,NA,NA,21,NA
"612","2020-06-07",55,7,10,185,3127,0.354653022065878,0,0,306,281,19,2448,NA,NA,15,NA
"613","2020-03-13",1,8,199,144,2807,0.501246882793017,0,0,256,894,44,103,54,83,3,54
"614","2020-03-14",1,8,259,207,2807,0.501246882793017,0,0,256,894,36,139,63,146,4,63
"615","2020-03-15",10,8,277,257,2807,0.501246882793017,0,0,256,894,61,200,25,171,7,25
"616","2020-03-16",22,8,289,313,2807,0.501246882793017,0,0,256,894,34,234,40,211,4,40
"617","2020-03-17",34,8,316,385,2807,0.501246882793017,0,0,256,894,37,271,40,251,7,40
"618","2020-03-18",51,8,300,424,2807,0.501246882793017,0,0,256,894,34,305,26,277,9,26
"619","2020-03-19",72,8,276,479,2807,0.501246882793017,0,0,256,894,42,347,20,297,7,20
"620","2020-03-20",88,8,268,516,2807,0.501246882793017,0,0,256,894,38,385,46,343,11,46
"621","2020-03-21",110,8,271,547,2807,0.501246882793017,0,0,256,894,28,413,59,402,7,59
"622","2020-03-22",131,8,282,593,2807,0.501246882793017,0,0,256,894,40,453,32,434,11,32
"623","2020-03-23",149,8,257,624,2807,0.501246882793017,0,0,256,894,23,476,15,449,7,15
"624","2020-03-24",159,8,243,643,2807,0.501246882793017,0,0,256,894,34,510,16,465,9,16
"625","2020-03-25",182,8,242,639,2807,0.501246882793017,0,0,256,894,36,546,17,482,9,17
"626","2020-03-26",188,8,232,638,2807,0.501246882793017,0,0,256,894,30,576,57,539,13,57
"627","2020-03-27",199,8,218,650,2807,0.501246882793017,0,0,256,894,37,613,20,559,18,20
"628","2020-03-28",202,8,249,650,2807,0.501246882793017,0,0,256,894,31,644,43,602,9,43
"629","2020-03-29",191,8,249,640,2807,0.501246882793017,0,0,256,894,31,675,32,634,9,32
"630","2020-03-30",193,8,262,631,2807,0.501246882793017,0,0,256,894,31,706,15,649,8,15
"631","2020-03-31",201,8,281,629,2807,0.501246882793017,0,0,256,894,34,740,14,663,14,14
"632","2020-04-01",183,8,285,619,2807,0.501246882793017,0,0,256,894,16,756,10,673,6,10
"633","2020-04-02",192,8,251,597,2807,0.501246882793017,0,0,256,894,23,779,11,684,12,11
"634","2020-04-03",186,8,246,591,2807,0.501246882793017,0,0,256,894,27,806,34,718,10,34
"635","2020-04-04",190,8,229,555,2807,0.501246882793017,0,0,256,894,19,825,36,754,4,36
"636","2020-04-05",186,8,216,539,2807,0.501246882793017,0,0,256,894,27,852,20,774,7,20
"637","2020-04-06",176,8,211,518,2807,0.501246882793017,0,0,256,894,21,873,16,790,10,16
"638","2020-04-07",165,8,213,491,2807,0.501246882793017,0,0,256,894,34,907,11,801,15,11
"639","2020-04-08",167,8,238,488,2807,0.501246882793017,0,0,256,894,26,933,5,806,9,5
"640","2020-04-09",156,8,248,477,2807,0.501246882793017,0,0,256,894,24,957,10,816,12,10
"641","2020-04-10",150,8,251,467,2807,0.501246882793017,0,0,256,894,22,979,33,849,7,33
"642","2020-04-11",147,8,246,443,2807,0.501246882793017,0,0,256,894,27,1006,12,861,11,12
"643","2020-04-12",154,8,233,419,2807,0.501246882793017,0,0,256,894,18,1024,32,893,8,32
"644","2020-04-13",146,8,252,402,2807,0.501246882793017,0,0,256,894,24,1048,11,904,7,11
"645","2020-04-14",142,8,245,387,2807,0.501246882793017,0,0,256,894,13,1061,21,925,6,21
"646","2020-04-15",130,8,260,385,2807,0.501246882793017,0,0,256,894,28,1089,9,934,15,9
"647","2020-04-16",122,8,268,360,2807,0.501246882793017,0,0,256,894,26,1115,12,946,15,12
"648","2020-04-17",122,8,268,349,2807,0.501246882793017,0,0,256,894,18,1133,19,965,5,19
"649","2020-04-18",115,8,261,332,2807,0.501246882793017,0,0,256,894,16,1149,21,986,5,21
"650","2020-04-19",108,8,270,318,2807,0.501246882793017,0,0,256,894,8,1157,14,1000,5,14
"651","2020-04-20",112,8,254,312,2807,0.501246882793017,0,0,256,894,18,1175,19,1019,8,19
"652","2020-04-21",107,8,231,288,2807,0.501246882793017,0,0,256,894,26,1201,34,1053,11,34
"653","2020-04-22",104,8,226,289,2807,0.501246882793017,0,0,256,894,16,1217,20,1073,3,20
"654","2020-04-23",97,8,208,282,2807,0.501246882793017,0,0,256,894,9,1226,19,1092,3,19
"655","2020-04-24",95,8,189,268,2807,0.501246882793017,0,0,256,894,15,1241,6,1098,8,6
"656","2020-04-25",87,8,189,263,2807,0.501246882793017,0,0,256,894,12,1253,8,1106,6,8
"657","2020-04-26",88,8,180,256,2807,0.501246882793017,0,0,256,894,17,1270,11,1117,4,11
"658","2020-04-27",77,8,193,243,2807,0.501246882793017,0,0,256,894,16,1286,8,1125,9,8
"659","2020-04-28",72,8,196,236,2807,0.501246882793017,0,0,256,894,13,1299,14,1139,6,14
"660","2020-04-29",71,8,203,236,2807,0.501246882793017,0,0,256,894,8,1307,7,1146,7,7
"661","2020-04-30",70,8,192,237,2807,0.501246882793017,0,0,256,894,18,1325,4,1150,6,4
"662","2020-05-01",67,8,186,229,2807,0.501246882793017,0,0,256,894,12,1337,6,1156,4,6
"663","2020-05-02",64,8,170,225,2807,0.501246882793017,0,0,256,894,19,1356,11,1167,9,11
"664","2020-05-03",56,8,153,213,2807,0.501246882793017,0,0,256,894,10,1366,14,1181,3,14
"665","2020-05-04",58,8,141,214,2807,0.501246882793017,0,0,256,894,16,1382,1,1182,4,1
"666","2020-05-05",59,8,139,218,2807,0.501246882793017,0,0,256,894,12,1394,8,1190,9,8
"667","2020-05-06",57,8,131,211,2807,0.501246882793017,0,0,256,894,21,1415,8,1198,8,8
"668","2020-05-07",61,8,141,202,2807,0.501246882793017,0,0,256,894,18,1433,4,1202,9,4
"669","2020-05-08",59,8,151,214,2807,0.501246882793017,0,0,256,894,19,1452,5,1207,9,5
"670","2020-05-09",54,8,154,209,2807,0.501246882793017,0,0,256,894,16,1468,1,1208,7,1
"671","2020-05-10",58,8,149,215,2807,0.501246882793017,0,0,256,894,15,1483,3,1211,8,3
"672","2020-05-11",59,8,151,216,2807,0.501246882793017,0,0,256,894,13,1496,6,1217,10,6
"673","2020-05-12",60,8,155,203,2807,0.501246882793017,0,0,256,894,21,1517,2,1219,13,2
"674","2020-05-13",60,8,164,208,2807,0.501246882793017,0,0,256,894,16,1533,2,1221,8,2
"675","2020-05-14",59,8,149,210,2807,0.501246882793017,0,0,256,894,12,1545,3,1224,6,3
"676","2020-05-15",59,8,141,197,2807,0.501246882793017,0,0,256,894,12,1557,2,1226,6,2
"677","2020-05-16",65,8,136,191,2807,0.501246882793017,0,0,256,894,12,1569,2,1228,6,2
"678","2020-05-17",66,8,137,190,2807,0.501246882793017,0,0,256,894,12,1581,5,1233,7,5
"679","2020-05-18",61,8,130,188,2807,0.501246882793017,0,0,256,894,19,1600,3,1236,10,3
"680","2020-05-19",63,8,118,181,2807,0.501246882793017,0,0,256,894,14,1614,5,1241,8,5
"681","2020-05-20",63,8,109,180,2807,0.501246882793017,0,0,256,894,11,1625,5,1246,3,5
"682","2020-05-21",59,8,100,183,2807,0.501246882793017,0,0,256,894,12,1637,2,1248,10,2
"683","2020-05-22",53,8,99,180,2807,0.501246882793017,0,0,256,894,14,1651,9,1257,8,9
"684","2020-05-23",56,8,91,175,2807,0.501246882793017,0,0,256,894,16,1667,6,1263,8,6
"685","2020-05-24",53,8,83,185,2807,0.501246882793017,0,0,256,894,11,1678,2,1265,6,2
"686","2020-05-25",54,8,84,195,2807,0.501246882793017,0,0,256,894,9,1687,5,1270,4,5
"687","2020-05-26",54,8,76,204,2807,0.501246882793017,0,0,256,894,13,1700,6,1276,5,6
"688","2020-05-27",56,8,77,194,2807,0.501246882793017,0,0,256,894,15,1715,1,1277,8,1
"689","2020-05-28",55,8,83,196,2807,0.501246882793017,0,0,256,894,22,1737,1,1278,16,1
"690","2020-05-29",60,8,88,204,2807,0.501246882793017,0,0,256,894,12,1749,2,1280,5,2
"691","2020-05-30",54,8,89,202,2807,0.501246882793017,0,0,256,894,9,1758,6,1286,2,6
"692","2020-05-31",49,8,83,207,2807,0.501246882793017,0,0,256,894,13,1771,2,1288,7,2
"693","2020-06-01",54,8,77,199,2807,0.501246882793017,0,0,256,894,12,1783,8,1296,6,8
"694","2020-06-02",55,8,82,196,2807,0.501246882793017,0,0,256,894,6,1789,1,1297,4,1
"695","2020-06-03",52,8,74,181,2807,0.501246882793017,0,0,256,894,9,1798,3,1300,7,3
"696","2020-06-04",48,8,75,188,2807,0.501246882793017,0,0,256,894,10,1808,5,1305,6,5
"697","2020-06-05",52,8,76,184,2807,0.501246882793017,0,0,256,894,11,1819,6,1311,7,6
"698","2020-06-06",53,8,73,179,2807,0.501246882793017,0,0,256,894,12,1831,7,1318,2,7
"699","2020-06-07",54,8,71,181,2807,0.501246882793017,0,0,256,894,11,1842,4,1322,3,4
"700","2020-03-14",2,9,189,120,7554,0.974847762774689,0,0,798,399,34,84,24,239,26,24
"701","2020-03-15",3,9,224,178,7554,0.974847762774689,0,0,798,399,34,118,72,311,25,72
"702","2020-03-16",8,9,224,234,7554,0.974847762774689,0,0,798,399,42,160,36,347,35,36
"703","2020-03-17",17,9,213,309,7554,0.974847762774689,0,0,798,399,30,190,20,367,29,20
"704","2020-03-18",27,9,260,402,7554,0.974847762774689,0,0,798,399,48,238,14,381,39,14
"705","2020-03-19",40,9,255,525,7554,0.974847762774689,0,0,798,399,54,292,16,397,47,16
"706","2020-03-20",59,9,251,686,7554,0.974847762774689,0,0,798,399,56,348,17,414,52,17
"707","2020-03-21",81,9,260,875,7554,0.974847762774689,0,0,798,399,53,401,14,428,50,14
"708","2020-03-22",111,9,284,1128,7554,0.974847762774689,0,0,798,399,62,463,14,442,57,14
"709","2020-03-23",148,9,266,1398,7554,0.974847762774689,0,0,798,399,56,519,12,454,48,12
"710","2020-03-24",192,9,239,1702,7554,0.974847762774689,0,0,798,399,61,580,11,465,58,11
"711","2020-03-25",251,9,217,2045,7554,0.974847762774689,0,0,798,399,72,652,52,517,67,52
"712","2020-03-26",310,9,185,2351,7554,0.974847762774689,0,0,798,399,86,738,58,575,81,58
"713","2020-03-27",380,9,229,2717,7554,0.974847762774689,0,0,798,399,97,835,40,615,94,40
"714","2020-03-28",460,9,229,3118,7554,0.974847762774689,0,0,798,399,89,924,54,669,80,54
"715","2020-03-29",562,9,234,3365,7554,0.974847762774689,0,0,798,399,85,1009,75,744,77,75
"716","2020-03-30",631,9,224,3672,7554,0.974847762774689,0,0,798,399,65,1074,58,802,60,58
"717","2020-03-31",740,9,220,3873,7554,0.974847762774689,0,0,798,399,104,1178,43,845,101,43
"718","2020-04-01",820,9,202,4008,7554,0.974847762774689,0,0,798,399,78,1256,59,904,74,59
"719","2020-04-02",947,9,227,4162,7554,0.974847762774689,0,0,798,399,105,1361,20,924,102,20
"720","2020-04-03",1038,9,213,4173,7554,0.974847762774689,0,0,798,399,100,1461,30,954,97,30
"721","2020-04-04",1099,9,210,4148,7554,0.974847762774689,0,0,798,399,104,1565,43,997,99,43
"722","2020-04-05",1137,9,171,4032,7554,0.974847762774689,0,0,798,399,102,1667,19,1016,96,19
"723","2020-04-06",1216,9,154,3862,7554,0.974847762774689,0,0,798,399,83,1750,16,1032,82,16
"724","2020-04-07",1222,9,171,3580,7554,0.974847762774689,0,0,798,399,96,1846,15,1047,91,15
"725","2020-04-08",1239,9,149,3362,7554,0.974847762774689,0,0,798,399,100,1946,14,1061,97,14
"726","2020-04-09",1178,9,162,2998,7554,0.974847762774689,0,0,798,399,106,2052,42,1103,102,42
"727","2020-04-10",1144,9,154,2662,7554,0.974847762774689,0,0,798,399,97,2149,52,1155,93,52
"728","2020-04-11",1086,9,159,2314,7554,0.974847762774689,0,0,798,399,83,2232,27,1182,81,27
"729","2020-04-12",1006,9,139,2006,7554,0.974847762774689,0,0,798,399,85,2317,11,1193,85,11
"730","2020-04-13",901,9,157,1737,7554,0.974847762774689,0,0,798,399,78,2395,18,1211,75,18
"731","2020-04-14",813,9,153,1493,7554,0.974847762774689,0,0,798,399,91,2486,18,1229,87,18
"732","2020-04-15",702,9,135,1248,7554,0.974847762774689,0,0,798,399,94,2580,11,1240,94,11
"733","2020-04-16",610,9,117,1037,7554,0.974847762774689,0,0,798,399,56,2636,35,1275,51,35
"734","2020-04-17",508,9,100,847,7554,0.974847762774689,0,0,798,399,74,2710,25,1300,74,25
"735","2020-04-18",440,9,93,687,7554,0.974847762774689,0,0,798,399,76,2786,36,1336,75,36
"736","2020-04-19",367,9,92,555,7554,0.974847762774689,0,0,798,399,77,2863,22,1358,74,22
"737","2020-04-20",309,9,108,446,7554,0.974847762774689,0,0,798,399,53,2916,17,1375,52,17
"738","2020-04-21",248,9,104,367,7554,0.974847762774689,0,0,798,399,71,2987,16,1391,71,16
"739","2020-04-22",204,9,93,303,7554,0.974847762774689,0,0,798,399,59,3046,14,1405,57,14
"740","2020-04-23",168,9,96,249,7554,0.974847762774689,0,0,798,399,49,3095,18,1423,45,18
"741","2020-04-24",138,9,96,212,7554,0.974847762774689,0,0,798,399,59,3154,14,1437,59,14
"742","2020-04-25",104,9,94,175,7554,0.974847762774689,0,0,798,399,48,3202,5,1442,48,5
"743","2020-04-26",95,9,84,134,7554,0.974847762774689,0,0,798,399,48,3250,5,1447,48,5
"744","2020-04-27",72,9,80,111,7554,0.974847762774689,0,0,798,399,64,3314,22,1469,62,22
"745","2020-04-28",60,9,73,85,7554,0.974847762774689,0,0,798,399,56,3370,17,1486,56,17
"746","2020-04-29",52,9,64,71,7554,0.974847762774689,0,0,798,399,45,3415,8,1494,45,8
"747","2020-04-30",45,9,57,65,7554,0.974847762774689,0,0,798,399,50,3465,4,1498,49,4
"748","2020-05-01",35,9,59,47,7554,0.974847762774689,0,0,798,399,42,3507,13,1511,41,13
"749","2020-05-02",31,9,58,37,7554,0.974847762774689,0,0,798,399,38,3545,10,1521,37,10
"750","2020-05-03",22,9,54,32,7554,0.974847762774689,0,0,798,399,37,3582,13,1534,36,13
"751","2020-05-04",19,9,54,25,7554,0.974847762774689,0,0,798,399,34,3616,11,1545,33,11
"752","2020-05-05",15,9,51,20,7554,0.974847762774689,0,0,798,399,36,3652,8,1553,36,8
"753","2020-05-06",12,9,45,18,7554,0.974847762774689,0,0,798,399,31,3683,12,1565,30,12
"754","2020-05-07",9,9,40,12,7554,0.974847762774689,0,0,798,399,32,3715,13,1578,32,13
"755","2020-05-08",6,9,37,10,7554,0.974847762774689,0,0,798,399,31,3746,4,1582,31,4
"756","2020-05-09",6,9,27,7,7554,0.974847762774689,0,0,798,399,33,3779,5,1587,32,5
"757","2020-05-10",6,9,27,6,7554,0.974847762774689,0,0,798,399,31,3810,5,1592,30,5
"758","2020-05-11",6,9,27,4,7554,0.974847762774689,0,0,798,399,20,3830,NA,NA,19,NA
"759","2020-05-12",4,9,25,4,7554,0.974847762774689,0,0,798,399,30,3860,2,1594,29,2
"760","2020-05-13",4,9,33,5,7554,0.974847762774689,0,0,798,399,30,3890,5,1599,28,5
"761","2020-05-14",4,9,26,7,7554,0.974847762774689,0,0,798,399,23,3913,3,1602,21,3
"762","2020-05-15",3,9,26,7,7554,0.974847762774689,0,0,798,399,30,3943,1,1603,30,1
"763","2020-05-16",2,9,22,6,7554,0.974847762774689,0,0,798,399,22,3965,1,1604,20,1
"764","2020-05-17",2,9,21,8,7554,0.974847762774689,0,0,798,399,26,3991,NA,NA,22,NA
"765","2020-05-18",1,9,20,7,7554,0.974847762774689,0,0,798,399,23,4014,3,1607,23,3
"766","2020-05-19",0,9,0,0,7554,0.974847762774689,0,0,798,399,20,4034,1,1608,18,1
"767","2020-05-20",0,9,0,0,7554,0.974847762774689,0,0,798,399,23,4057,3,1611,22,3
"768","2020-05-21",1,9,12,7,7554,0.974847762774689,0,0,798,399,20,4077,NA,NA,19,NA
"769","2020-05-22",1,9,13,6,7554,0.974847762774689,0,0,798,399,18,4095,NA,NA,18,NA
"770","2020-05-23",2,9,12,8,7554,0.974847762774689,0,0,798,399,23,4118,NA,NA,23,NA
"771","2020-05-24",2,9,11,8,7554,0.974847762774689,0,0,798,399,26,4144,3,1614,25,3
"772","2020-05-25",2,9,8,8,7554,0.974847762774689,0,0,798,399,22,4166,3,1617,20,3
"773","2020-05-26",2,9,8,8,7554,0.974847762774689,0,0,798,399,25,4191,1,1618,25,1
"774","2020-05-27",3,9,8,7,7554,0.974847762774689,0,0,798,399,13,4204,1,1619,12,1
"775","2020-05-28",3,9,7,7,7554,0.974847762774689,0,0,798,399,15,4219,NA,NA,15,NA
"776","2020-05-29",4,9,7,6,7554,0.974847762774689,0,0,798,399,12,4231,NA,NA,12,NA
"777","2020-05-30",3,9,6,5,7554,0.974847762774689,0,0,798,399,20,4251,NA,NA,18,NA
"778","2020-05-31",3,9,7,4,7554,0.974847762774689,0,0,798,399,13,4264,NA,NA,12,NA
"779","2020-06-01",3,9,7,4,7554,0.974847762774689,0,0,798,399,11,4275,1,1620,9,1
"780","2020-06-02",3,9,7,4,7554,0.974847762774689,0,0,798,399,18,4293,1,1621,17,1
"781","2020-06-03",2,9,8,3,7554,0.974847762774689,0,0,798,399,9,4302,NA,NA,7,NA
"782","2020-06-04",1,9,9,2,7554,0.974847762774689,0,0,798,399,11,4313,1,1622,11,1
"783","2020-03-12",1,10,183,35,1894,0.795670538542767,0,0,159,715,31,66,14,28,2,14
"784","2020-03-13",1,10,193,56,1894,0.795670538542767,0,0,159,715,40,106,11,39,7,11
"785","2020-03-14",2,10,226,71,1894,0.795670538542767,0,0,159,715,49,155,52,91,20,52
"786","2020-03-15",6,10,227,88,1894,0.795670538542767,0,0,159,715,48,203,37,128,19,37
"787","2020-03-16",9,10,215,96,1894,0.795670538542767,0,0,159,715,42,245,26,154,16,26
"788","2020-03-17",12,10,210,110,1894,0.795670538542767,0,0,159,715,57,302,14,168,32,14
"789","2020-03-18",13,10,178,139,1894,0.795670538542767,0,0,159,715,53,355,5,173,29,5
"790","2020-03-19",16,10,168,155,1894,0.795670538542767,0,0,159,715,66,421,8,181,35,8
"791","2020-03-20",27,10,152,165,1894,0.795670538542767,0,0,159,715,54,475,7,188,29,7
"792","2020-03-21",31,10,138,166,1894,0.795670538542767,0,0,159,715,65,540,9,197,40,9
"793","2020-03-22",38,10,126,175,1894,0.795670538542767,0,0,159,715,61,601,39,236,35,40
"794","2020-03-23",41,10,125,174,1894,0.795670538542767,0,0,159,715,58,659,17,253,40,17
"795","2020-03-24",42,10,104,174,1894,0.795670538542767,0,0,159,715,54,713,39,292,43,39
"796","2020-03-25",47,10,99,172,1894,0.795670538542767,0,0,159,715,59,772,38,330,45,38
"797","2020-03-26",54,10,86,169,1894,0.795670538542767,0,0,159,715,67,839,42,372,48,42
"798","2020-03-27",49,10,88,168,1894,0.795670538542767,0,0,159,715,79,918,60,432,53,60
"799","2020-03-28",49,10,96,166,1894,0.795670538542767,0,0,159,715,65,983,46,478,48,46
"800","2020-03-29",46,10,88,184,1894,0.795670538542767,0,0,159,715,52,1035,25,503,41,25
"801","2020-03-30",47,10,86,183,1894,0.795670538542767,0,0,159,715,92,1127,16,519,75,16
"802","2020-03-31",47,10,151,184,1894,0.795670538542767,0,0,159,715,50,1177,49,568,34,49
"803","2020-04-01",48,10,185,181,1894,0.795670538542767,0,0,159,715,67,1244,46,614,48,46
"804","2020-04-02",42,10,215,183,1894,0.795670538542767,0,0,159,715,62,1306,20,634,49,20
"805","2020-04-03",44,10,197,178,1894,0.795670538542767,0,0,159,715,72,1378,27,661,56,27
"806","2020-04-04",43,10,219,171,1894,0.795670538542767,0,0,159,715,58,1436,24,685,46,24
"807","2020-04-05",46,10,192,172,1894,0.795670538542767,0,0,159,715,55,1491,15,700,45,15
"808","2020-04-06",45,10,167,162,1894,0.795670538542767,0,0,159,715,77,1568,13,713,65,13
"809","2020-04-07",46,10,170,148,1894,0.795670538542767,0,0,159,715,68,1636,8,721,58,8
"810","2020-04-08",47,10,161,145,1894,0.795670538542767,0,0,159,715,61,1697,11,732,54,11
"811","2020-04-09",51,10,126,139,1894,0.795670538542767,0,0,159,715,51,1748,13,745,42,13
"812","2020-04-10",51,10,125,131,1894,0.795670538542767,0,0,159,715,61,1809,38,783,48,38
"813","2020-04-11",53,10,154,140,1894,0.795670538542767,0,0,159,715,62,1871,36,819,53,36
"814","2020-04-12",45,10,162,140,1894,0.795670538542767,0,0,159,715,62,1933,32,851,49,32
"815","2020-04-13",39,10,151,136,1894,0.795670538542767,0,0,159,715,49,1982,15,866,35,15
"816","2020-04-14",38,10,147,133,1894,0.795670538542767,0,0,159,715,57,2039,16,882,45,16
"817","2020-04-15",33,10,150,139,1894,0.795670538542767,0,0,159,715,46,2085,37,919,36,37
"818","2020-04-16",30,10,158,138,1894,0.795670538542767,0,0,159,715,45,2130,23,942,39,23
"819","2020-04-17",31,10,138,144,1894,0.795670538542767,0,0,159,715,56,2186,14,956,50,14
"820","2020-04-18",30,10,146,138,1894,0.795670538542767,0,0,159,715,35,2221,8,964,28,8
"821","2020-04-19",31,10,133,139,1894,0.795670538542767,0,0,159,715,48,2269,18,982,42,18
"822","2020-04-20",38,10,141,140,1894,0.795670538542767,0,0,159,715,37,2306,22,1004,33,22
"823","2020-04-21",45,10,144,140,1894,0.795670538542767,0,0,159,715,32,2338,22,1026,25,22
"824","2020-04-22",48,10,144,141,1894,0.795670538542767,0,0,159,715,42,2380,32,1058,35,32
"825","2020-04-23",45,10,141,138,1894,0.795670538542767,0,0,159,715,35,2415,10,1068,26,10
"826","2020-04-24",39,10,131,132,1894,0.795670538542767,0,0,159,715,32,2447,8,1076,25,8
"827","2020-04-25",41,10,131,127,1894,0.795670538542767,0,0,159,715,44,2491,12,1088,38,12
"828","2020-04-26",44,10,132,129,1894,0.795670538542767,0,0,159,715,38,2529,17,1105,31,17
"829","2020-04-27",38,10,135,137,1894,0.795670538542767,0,0,159,715,24,2553,23,1128,20,23
"830","2020-04-28",37,10,125,145,1894,0.795670538542767,0,0,159,715,39,2592,15,1143,34,15
"831","2020-04-29",33,10,122,139,1894,0.795670538542767,0,0,159,715,21,2613,13,1156,17,13
"832","2020-04-30",32,10,126,131,1894,0.795670538542767,0,0,159,715,20,2633,5,1161,17,5
"833","2020-05-01",33,10,124,133,1894,0.795670538542767,0,0,159,715,25,2658,9,1170,18,9
"834","2020-05-02",31,10,108,134,1894,0.795670538542767,0,0,159,715,18,2676,6,1176,15,6
"835","2020-05-03",29,10,99,136,1894,0.795670538542767,0,0,159,715,32,2708,6,1182,28,6
"836","2020-05-04",36,10,92,140,1894,0.795670538542767,0,0,159,715,25,2733,2,1184,20,2
"837","2020-05-05",30,10,88,139,1894,0.795670538542767,0,0,159,715,18,2751,4,1188,12,4
"838","2020-05-06",36,10,82,140,1894,0.795670538542767,0,0,159,715,20,2771,12,1200,19,12
"839","2020-05-07",39,10,67,144,1894,0.795670538542767,0,0,159,715,17,2788,7,1207,14,7
"840","2020-05-08",38,10,55,152,1894,0.795670538542767,0,0,159,715,19,2807,7,1214,16,7
"841","2020-05-09",40,10,47,155,1894,0.795670538542767,0,0,159,715,18,2825,7,1221,10,7
"842","2020-05-10",42,10,43,163,1894,0.795670538542767,0,0,159,715,21,2846,6,1227,16,6
"843","2020-05-11",41,10,39,175,1894,0.795670538542767,0,0,159,715,18,2864,3,1230,15,3
"844","2020-05-12",42,10,38,177,1894,0.795670538542767,0,0,159,715,20,2884,2,1232,18,2
"845","2020-05-13",42,10,36,186,1894,0.795670538542767,0,0,159,715,24,2908,4,1236,21,4
"846","2020-05-14",43,10,31,208,1894,0.795670538542767,0,0,159,715,22,2930,4,1240,15,4
"847","2020-05-15",48,10,28,217,1894,0.795670538542767,0,0,159,715,27,2957,NA,NA,20,NA
"848","2020-05-16",51,10,27,219,1894,0.795670538542767,0,0,159,715,24,2981,1,1241,19,1
"849","2020-05-17",50,10,36,228,1894,0.795670538542767,0,0,159,715,18,2999,1,1242,12,1
"850","2020-05-18",53,10,33,246,1894,0.795670538542767,0,0,159,715,18,3017,2,1244,14,2
"851","2020-05-19",56,10,33,270,1894,0.795670538542767,0,0,159,715,18,3035,5,1249,14,5
"852","2020-05-20",58,10,33,277,1894,0.795670538542767,0,0,159,715,20,3055,2,1251,17,2
"853","2020-05-21",66,10,33,274,1894,0.795670538542767,0,0,159,715,19,3074,2,1253,14,2
"854","2020-05-22",67,10,23,297,1894,0.795670538542767,0,0,159,715,21,3095,NA,NA,16,NA
"855","2020-05-23",74,10,26,314,1894,0.795670538542767,0,0,159,715,14,3109,2,1255,11,2
"856","2020-05-24",78,10,28,325,1894,0.795670538542767,0,0,159,715,14,3123,1,1256,13,1
"857","2020-05-25",77,10,28,342,1894,0.795670538542767,0,0,159,715,15,3138,1,1257,13,1
"858","2020-05-26",81,10,26,369,1894,0.795670538542767,0,0,159,715,17,3155,NA,NA,12,NA
"859","2020-05-27",92,10,28,395,1894,0.795670538542767,0,0,159,715,21,3176,2,1259,13,2
"860","2020-05-28",91,10,26,404,1894,0.795670538542767,0,0,159,715,13,3189,NA,NA,7,NA
"861","2020-05-29",101,10,34,415,1894,0.795670538542767,0,0,159,715,21,3210,NA,NA,15,NA
"862","2020-05-30",103,10,35,431,1894,0.795670538542767,0,0,159,715,17,3227,2,1261,12,2
"863","2020-05-31",120,10,36,436,1894,0.795670538542767,0,0,159,715,12,3239,5,1266,8,5
"864","2020-06-01",125,10,32,452,1894,0.795670538542767,0,0,159,715,13,3252,1,1267,9,1
"865","2020-06-02",143,10,34,457,1894,0.795670538542767,0,0,159,715,16,3268,1,1268,9,1
"866","2020-06-03",136,10,36,452,1894,0.795670538542767,0,0,159,715,25,3293,3,1271,17,3
"867","2020-06-04",138,10,38,441,1894,0.795670538542767,0,0,159,715,16,3309,3,1274,11,3
"868","2020-06-05",132,10,41,445,1894,0.795670538542767,0,0,159,715,10,3319,NA,NA,6,NA
"869","2020-06-06",133,10,44,456,1894,0.795670538542767,0,0,159,715,20,3339,2,1276,13,2
"870","2020-06-07",124,10,47,447,1894,0.795670538542767,0,0,159,715,21,3360,2,1278,14,2
"871","2020-03-12",2,11,175,89,2732,0.494143484626647,0,0,246,433,66,118,58,155,3,58
"872","2020-03-13",5,11,257,137,2732,0.494143484626647,0,0,246,433,60,178,50,205,19,50
"873","2020-03-14",9,11,274,184,2732,0.494143484626647,0,0,246,433,62,240,36,241,23,36
"874","2020-03-15",14,11,275,230,2732,0.494143484626647,0,0,246,433,56,296,55,296,12,55
"875","2020-03-16",20,11,258,264,2732,0.494143484626647,0,0,246,433,63,359,74,370,20,74
"876","2020-03-17",33,11,241,315,2732,0.494143484626647,0,0,246,433,80,439,83,453,37,83
"877","2020-03-18",45,11,220,362,2732,0.494143484626647,0,0,246,433,69,508,82,535,30,82
"878","2020-03-19",53,11,203,400,2732,0.494143484626647,0,0,246,433,83,591,51,586,35,51
"879","2020-03-20",63,11,209,428,2732,0.494143484626647,0,0,246,433,80,671,52,638,40,52
"880","2020-03-21",78,11,249,465,2732,0.494143484626647,0,0,246,433,64,735,25,663,31,25
"881","2020-03-22",96,11,269,503,2732,0.494143484626647,0,0,246,433,78,813,30,693,33,30
"882","2020-03-23",113,11,249,525,2732,0.494143484626647,0,0,246,433,59,872,37,730,32,37
"883","2020-03-24",114,11,219,535,2732,0.494143484626647,0,0,246,433,69,941,31,761,31,31
"884","2020-03-25",129,11,233,523,2732,0.494143484626647,0,0,246,433,75,1016,30,791,43,30
"885","2020-03-26",140,11,197,517,2732,0.494143484626647,0,0,246,433,75,1091,28,819,37,28
"886","2020-03-27",145,11,177,515,2732,0.494143484626647,0,0,246,433,65,1156,43,862,38,43
"887","2020-03-28",148,11,193,503,2732,0.494143484626647,0,0,246,433,76,1232,38,900,42,38
"888","2020-03-29",153,11,193,492,2732,0.494143484626647,0,0,246,433,59,1291,31,931,38,31
"889","2020-03-30",149,11,220,500,2732,0.494143484626647,0,0,246,433,55,1346,39,970,32,39
"890","2020-03-31",153,11,206,488,2732,0.494143484626647,0,0,246,433,63,1409,36,1006,35,36
"891","2020-04-01",152,11,169,475,2732,0.494143484626647,0,0,246,433,62,1471,46,1052,30,46
"892","2020-04-02",148,11,148,467,2732,0.494143484626647,0,0,246,433,72,1543,38,1090,41,38
"893","2020-04-03",146,11,141,463,2732,0.494143484626647,0,0,246,433,58,1601,54,1144,42,54
"894","2020-04-04",144,11,186,444,2732,0.494143484626647,0,0,246,433,48,1649,39,1183,29,39
"895","2020-04-05",129,11,228,434,2732,0.494143484626647,0,0,246,433,58,1707,35,1218,31,35
"896","2020-04-06",124,11,247,414,2732,0.494143484626647,0,0,246,433,56,1763,33,1251,39,33
"897","2020-04-07",127,11,254,404,2732,0.494143484626647,0,0,246,433,51,1814,25,1276,29,25
"898","2020-04-08",113,11,229,399,2732,0.494143484626647,0,0,246,433,42,1856,56,1332,31,56
"899","2020-04-09",119,11,242,390,2732,0.494143484626647,0,0,246,433,62,1918,56,1388,48,56
"900","2020-04-10",119,11,233,367,2732,0.494143484626647,0,0,246,433,38,1956,54,1442,21,54
"901","2020-04-11",110,11,222,350,2732,0.494143484626647,0,0,246,433,44,2000,34,1476,25,34
"902","2020-04-12",124,11,208,342,2732,0.494143484626647,0,0,246,433,30,2030,42,1518,21,42
"903","2020-04-13",120,11,220,329,2732,0.494143484626647,0,0,246,433,42,2072,48,1566,23,48
"904","2020-04-14",115,11,203,331,2732,0.494143484626647,0,0,246,433,30,2102,54,1620,19,54
"905","2020-04-15",117,11,191,321,2732,0.494143484626647,0,0,246,433,26,2128,54,1674,15,54
"906","2020-04-16",107,11,177,299,2732,0.494143484626647,0,0,246,433,32,2160,45,1719,19,45
"907","2020-04-17",101,11,163,293,2732,0.494143484626647,0,0,246,433,33,2193,39,1758,15,39
"908","2020-04-18",103,11,165,275,2732,0.494143484626647,0,0,246,433,40,2233,41,1799,25,41
"909","2020-04-19",84,11,177,273,2732,0.494143484626647,0,0,246,433,40,2273,41,1840,22,41
"910","2020-04-20",87,11,163,272,2732,0.494143484626647,0,0,246,433,20,2293,50,1890,11,50
"911","2020-04-21",84,11,187,264,2732,0.494143484626647,0,0,246,433,33,2326,39,1929,19,39
"912","2020-04-22",84,11,193,259,2732,0.494143484626647,0,0,246,433,29,2355,24,1953,18,24
"913","2020-04-23",78,11,197,261,2732,0.494143484626647,0,0,246,433,30,2385,47,2000,19,47
"914","2020-04-24",82,11,185,261,2732,0.494143484626647,0,0,246,433,31,2416,20,2020,19,20
"915","2020-04-25",83,11,171,246,2732,0.494143484626647,0,0,246,433,36,2452,49,2069,20,49
"916","2020-04-26",81,11,148,243,2732,0.494143484626647,0,0,246,433,22,2474,34,2103,14,34
"917","2020-04-27",75,11,131,234,2732,0.494143484626647,0,0,246,433,30,2504,42,2145,22,42
"918","2020-04-28",68,11,112,237,2732,0.494143484626647,0,0,246,433,18,2522,31,2176,12,31
"919","2020-04-29",65,11,103,245,2732,0.494143484626647,0,0,246,433,33,2555,52,2228,20,52
"920","2020-04-30",63,11,107,240,2732,0.494143484626647,0,0,246,433,24,2579,27,2255,14,27
"921","2020-05-01",62,11,95,234,2732,0.494143484626647,0,0,246,433,24,2603,31,2286,16,31
"922","2020-05-02",57,11,97,229,2732,0.494143484626647,0,0,246,433,25,2628,28,2314,14,28
"923","2020-05-03",64,11,82,229,2732,0.494143484626647,0,0,246,433,21,2649,29,2343,14,29
"924","2020-05-04",65,11,73,241,2732,0.494143484626647,0,0,246,433,20,2669,33,2376,13,33
"925","2020-05-05",72,11,72,249,2732,0.494143484626647,0,0,246,433,30,2699,37,2413,17,37
"926","2020-05-06",69,11,69,242,2732,0.494143484626647,0,0,246,433,19,2718,20,2433,13,20
"927","2020-05-07",76,11,68,249,2732,0.494143484626647,0,0,246,433,29,2747,17,2450,19,17
"928","2020-05-08",72,11,78,232,2732,0.494143484626647,0,0,246,433,23,2770,10,2460,14,10
"929","2020-05-09",72,11,78,234,2732,0.494143484626647,0,0,246,433,16,2786,19,2479,9,19
"930","2020-05-10",70,11,73,237,2732,0.494143484626647,0,0,246,433,20,2806,20,2499,15,20
"931","2020-05-11",72,11,60,229,2732,0.494143484626647,0,0,246,433,27,2833,23,2522,14,23
"932","2020-05-12",65,11,54,235,2732,0.494143484626647,0,0,246,433,20,2853,26,2548,8,26
"933","2020-05-13",69,11,55,227,2732,0.494143484626647,0,0,246,433,27,2880,25,2573,14,25
"934","2020-05-14",63,11,45,227,2732,0.494143484626647,0,0,246,433,29,2909,33,2606,24,33
"935","2020-05-15",63,11,38,236,2732,0.494143484626647,0,0,246,433,20,2929,21,2627,11,21
"936","2020-05-16",61,11,42,241,2732,0.494143484626647,0,0,246,433,23,2952,19,2646,19,19
"937","2020-05-17",59,11,35,238,2732,0.494143484626647,0,0,246,433,14,2966,26,2672,8,26
"938","2020-05-18",56,11,37,246,2732,0.494143484626647,0,0,246,433,21,2987,23,2695,17,23
"939","2020-05-19",57,11,35,250,2732,0.494143484626647,0,0,246,433,16,3003,25,2720,9,25
"940","2020-05-20",58,11,32,255,2732,0.494143484626647,0,0,246,433,18,3021,19,2739,10,19
"941","2020-05-21",64,11,27,239,2732,0.494143484626647,0,0,246,433,11,3032,23,2762,5,23
"942","2020-05-22",65,11,33,238,2732,0.494143484626647,0,0,246,433,14,3046,22,2784,7,22
"943","2020-05-23",65,11,36,235,2732,0.494143484626647,0,0,246,433,16,3062,16,2800,11,16
"944","2020-05-24",67,11,35,243,2732,0.494143484626647,0,0,246,433,22,3084,19,2819,8,19
"945","2020-05-25",77,11,36,252,2732,0.494143484626647,0,0,246,433,20,3104,17,2836,11,17
"946","2020-05-26",78,11,33,249,2732,0.494143484626647,0,0,246,433,26,3130,20,2856,18,20
"947","2020-05-27",74,11,31,250,2732,0.494143484626647,0,0,246,433,15,3145,18,2874,8,18
"948","2020-05-28",67,11,29,246,2732,0.494143484626647,0,0,246,433,17,3162,15,2889,3,15
"949","2020-05-29",68,11,23,250,2732,0.494143484626647,0,0,246,433,17,3179,20,2909,9,20
"950","2020-05-30",71,11,17,261,2732,0.494143484626647,0,0,246,433,23,3202,13,2922,13,13
"951","2020-05-31",70,11,15,264,2732,0.494143484626647,0,0,246,433,23,3225,15,2937,12,15
"952","2020-06-01",64,11,16,267,2732,0.494143484626647,0,0,246,433,21,3246,11,2948,11,11
"953","2020-06-02",66,11,18,277,2732,0.494143484626647,0,0,246,433,18,3264,21,2969,8,21
"954","2020-06-03",70,11,21,302,2732,0.494143484626647,0,0,246,433,17,3281,23,2992,8,23
"955","2020-06-04",75,11,17,310,2732,0.494143484626647,0,0,246,433,21,3302,22,3014,9,22
"956","2020-06-05",77,11,15,304,2732,0.494143484626647,0,0,246,433,20,3322,15,3029,10,15
"957","2020-06-06",80,11,11,308,2732,0.494143484626647,0,0,246,433,18,3340,19,3048,10,19
"958","2020-06-07",81,11,10,308,2732,0.494143484626647,0,0,246,433,18,3358,8,3056,12,8
"959","2020-03-12",2,12,127,97,2628,0.362252663622527,0,0,218,531,24,56,29,55,8,29
"960","2020-03-13",2,12,135,140,2628,0.362252663622527,0,0,218,531,24,80,7,62,6,7
"961","2020-03-14",5,12,149,193,2628,0.362252663622527,0,0,218,531,47,127,9,71,20,9
"962","2020-03-15",17,12,163,241,2628,0.362252663622527,0,0,218,531,36,163,90,161,21,90
"963","2020-03-16",26,12,212,286,2628,0.362252663622527,0,0,218,531,51,214,58,219,28,58
"964","2020-03-17",39,12,214,336,2628,0.362252663622527,0,0,218,531,52,266,23,242,31,23
"965","2020-03-18",48,12,245,382,2628,0.362252663622527,0,0,218,531,52,318,75,317,33,75
"966","2020-03-19",67,12,240,422,2628,0.362252663622527,0,0,218,531,55,373,21,338,34,21
"967","2020-03-20",83,12,217,451,2628,0.362252663622527,0,0,218,531,52,425,25,363,34,25
"968","2020-03-21",99,12,201,484,2628,0.362252663622527,0,0,218,531,54,479,29,392,39,29
"969","2020-03-22",110,12,207,522,2628,0.362252663622527,0,0,218,531,68,547,16,408,41,16
"970","2020-03-23",118,12,227,538,2628,0.362252663622527,0,0,218,531,76,623,47,455,61,47
"971","2020-03-24",130,12,259,569,2628,0.362252663622527,0,0,218,531,62,685,31,486,55,31
"972","2020-03-25",141,12,280,558,2628,0.362252663622527,0,0,218,531,73,758,37,523,63,37
"973","2020-03-26",138,12,285,573,2628,0.362252663622527,0,0,218,531,81,839,54,577,64,54
"974","2020-03-27",151,12,285,566,2628,0.362252663622527,0,0,218,531,69,908,74,651,51,74
"975","2020-03-28",155,12,273,551,2628,0.362252663622527,0,0,218,531,79,987,46,697,58,46
"976","2020-03-29",159,12,235,544,2628,0.362252663622527,0,0,218,531,94,1081,28,725,70,28
"977","2020-03-30",167,12,220,540,2628,0.362252663622527,0,0,218,531,68,1149,36,761,49,36
"978","2020-03-31",157,12,214,535,2628,0.362252663622527,0,0,218,531,87,1236,11,772,68,11
"979","2020-04-01",154,12,190,520,2628,0.362252663622527,0,0,218,531,77,1313,11,783,63,11
"980","2020-04-02",148,12,169,513,2628,0.362252663622527,0,0,218,531,79,1392,9,792,64,9
"981","2020-04-03",143,12,163,506,2628,0.362252663622527,0,0,218,531,69,1461,2,794,58,2
"982","2020-04-04",130,12,157,502,2628,0.362252663622527,0,0,218,531,70,1531,9,803,63,9
"983","2020-04-05",118,12,160,495,2628,0.362252663622527,0,0,218,531,58,1589,43,846,48,43
"984","2020-04-06",118,12,155,475,2628,0.362252663622527,0,0,218,531,75,1664,49,895,68,49
"985","2020-04-07",127,12,176,466,2628,0.362252663622527,0,0,218,531,77,1741,48,943,72,48
"986","2020-04-08",131,12,170,457,2628,0.362252663622527,0,0,218,531,62,1803,18,961,51,18
"987","2020-04-09",137,12,187,440,2628,0.362252663622527,0,0,218,531,72,1875,38,999,60,38
"988","2020-04-10",128,12,184,418,2628,0.362252663622527,0,0,218,531,77,1952,26,1025,61,26
"989","2020-04-11",133,12,178,406,2628,0.362252663622527,0,0,218,531,59,2011,13,1038,50,13
"990","2020-04-12",131,12,177,398,2628,0.362252663622527,0,0,218,531,52,2063,37,1075,47,37
"991","2020-04-13",121,12,171,381,2628,0.362252663622527,0,0,218,531,48,2111,21,1096,44,21
"992","2020-04-14",113,12,152,379,2628,0.362252663622527,0,0,218,531,61,2172,10,1106,57,10
"993","2020-04-15",109,12,155,375,2628,0.362252663622527,0,0,218,531,61,2233,12,1118,54,12
"994","2020-04-16",107,12,157,353,2628,0.362252663622527,0,0,218,531,48,2281,30,1148,38,30
"995","2020-04-17",103,12,154,343,2628,0.362252663622527,0,0,218,531,45,2326,21,1169,39,21
"996","2020-04-18",96,12,135,338,2628,0.362252663622527,0,0,218,531,44,2370,12,1181,39,12
"997","2020-04-19",102,12,129,329,2628,0.362252663622527,0,0,218,531,36,2406,21,1202,31,21
"998","2020-04-20",105,12,136,315,2628,0.362252663622527,0,0,218,531,46,2452,13,1215,41,13
"999","2020-04-21",107,12,144,299,2628,0.362252663622527,0,0,218,531,46,2498,21,1236,40,21
"1000","2020-04-22",98,12,141,276,2628,0.362252663622527,0,0,218,531,35,2533,16,1252,32,16
"1001","2020-04-23",100,12,128,272,2628,0.362252663622527,0,0,218,531,22,2555,21,1273,16,21
"1002","2020-04-24",99,12,114,264,2628,0.362252663622527,0,0,218,531,38,2593,13,1286,33,13
"1003","2020-04-25",106,12,124,254,2628,0.362252663622527,0,0,218,531,30,2623,14,1300,27,14
"1004","2020-04-26",94,12,111,240,2628,0.362252663622527,0,0,218,531,32,2655,21,1321,27,21
"1005","2020-04-27",85,12,116,230,2628,0.362252663622527,0,0,218,531,31,2686,15,1336,22,15
"1006","2020-04-28",77,12,99,226,2628,0.362252663622527,0,0,218,531,23,2709,16,1352,23,16
"1007","2020-04-29",74,12,101,215,2628,0.362252663622527,0,0,218,531,29,2738,8,1360,25,8
"1008","2020-04-30",66,12,110,201,2628,0.362252663622527,0,0,218,531,22,2760,8,1368,19,8
"1009","2020-05-01",62,12,106,202,2628,0.362252663622527,0,0,218,531,26,2786,2,1370,25,2
"1010","2020-05-02",54,12,112,205,2628,0.362252663622527,0,0,218,531,22,2808,3,1373,16,3
"1011","2020-05-03",57,12,124,206,2628,0.362252663622527,0,0,218,531,28,2836,10,1383,23,10
"1012","2020-05-04",53,12,114,207,2628,0.362252663622527,0,0,218,531,20,2856,4,1387,15,4
"1013","2020-05-05",51,12,110,200,2628,0.362252663622527,0,0,218,531,21,2877,13,1400,17,13
"1014","2020-05-06",54,12,102,198,2628,0.362252663622527,0,0,218,531,30,2907,7,1407,28,7
"1015","2020-05-07",54,12,103,192,2628,0.362252663622527,0,0,218,531,30,2937,11,1418,25,11
"1016","2020-05-08",59,12,93,188,2628,0.362252663622527,0,0,218,531,26,2963,3,1421,23,3
"1017","2020-05-09",59,12,90,183,2628,0.362252663622527,0,0,218,531,25,2988,4,1425,19,4
"1018","2020-05-10",62,12,91,183,2628,0.362252663622527,0,0,218,531,22,3010,NA,NA,17,NA
"1019","2020-05-11",65,12,80,184,2628,0.362252663622527,0,0,218,531,18,3028,NA,NA,17,NA
"1020","2020-05-12",60,12,66,185,2628,0.362252663622527,0,0,218,531,22,3050,4,1429,16,4
"1021","2020-05-13",58,12,64,182,2628,0.362252663622527,0,0,218,531,15,3065,4,1433,12,4
"1022","2020-05-14",52,12,54,179,2628,0.362252663622527,0,0,218,531,24,3089,9,1442,21,9
"1023","2020-05-15",46,12,50,178,2628,0.362252663622527,0,0,218,531,22,3111,2,1444,20,2
"1024","2020-05-16",47,12,47,181,2628,0.362252663622527,0,0,218,531,23,3134,2,1446,14,2
"1025","2020-05-17",40,12,47,177,2628,0.362252663622527,0,0,218,531,18,3152,4,1450,12,4
"1026","2020-05-18",42,12,47,184,2628,0.362252663622527,0,0,218,531,20,3172,2,1452,16,2
"1027","2020-05-19",45,12,48,190,2628,0.362252663622527,0,0,218,531,17,3189,2,1454,14,2
"1028","2020-05-20",55,12,44,191,2628,0.362252663622527,0,0,218,531,20,3209,6,1460,16,6
"1029","2020-05-21",55,12,47,199,2628,0.362252663622527,0,0,218,531,11,3220,4,1464,9,4
"1030","2020-05-22",56,12,51,190,2628,0.362252663622527,0,0,218,531,19,3239,1,1465,16,1
"1031","2020-05-23",58,12,47,203,2628,0.362252663622527,0,0,218,531,16,3255,1,1466,12,1
"1032","2020-05-24",59,12,52,203,2628,0.362252663622527,0,0,218,531,17,3272,NA,NA,13,NA
"1033","2020-05-25",59,12,48,206,2628,0.362252663622527,0,0,218,531,12,3284,1,1467,11,1
"1034","2020-05-26",64,12,49,206,2628,0.362252663622527,0,0,218,531,8,3292,NA,NA,6,NA
"1035","2020-05-27",54,12,47,204,2628,0.362252663622527,0,0,218,531,11,3303,1,1468,8,1
"1036","2020-05-28",61,12,45,206,2628,0.362252663622527,0,0,218,531,11,3314,1,1469,10,1
"1037","2020-05-29",64,12,41,198,2628,0.362252663622527,0,0,218,531,15,3329,1,1470,7,1
"1038","2020-05-30",59,12,38,191,2628,0.362252663622527,0,0,218,531,7,3336,4,1474,6,4
"1039","2020-05-31",58,12,42,195,2628,0.362252663622527,0,0,218,531,7,3343,NA,NA,2,NA
"1040","2020-06-01",59,12,40,183,2628,0.362252663622527,0,0,218,531,8,3351,NA,NA,7,NA
"1041","2020-06-02",54,12,36,179,2628,0.362252663622527,0,0,218,531,12,3363,1,1475,10,1
"1042","2020-06-03",56,12,32,179,2628,0.362252663622527,0,0,218,531,8,3371,NA,NA,5,NA
"1043","2020-06-04",54,12,33,173,2628,0.362252663622527,0,0,218,531,7,3378,NA,NA,3,NA
"1044","2020-06-05",49,12,36,172,2628,0.362252663622527,0,0,218,531,13,3391,2,1477,10,2
"1045","2020-06-06",54,12,31,180,2628,0.362252663622527,0,0,218,531,8,3399,1,1478,5,1
"1046","2020-06-07",56,12,34,187,2628,0.362252663622527,0,0,218,531,10,3409,2,1480,8,2
"1047","2020-03-13",2,13,145,50,1400,0.632857142857143,0,0,96,511,37,100,29,53,4,29
"1048","2020-03-14",2,13,168,62,1400,0.632857142857143,0,0,96,511,46,146,15,68,11,15
"1049","2020-03-15",5,13,190,72,1400,0.632857142857143,0,0,96,511,41,187,11,79,8,11
"1050","2020-03-16",8,13,197,97,1400,0.632857142857143,0,0,96,511,41,228,10,89,9,10
"1051","2020-03-17",11,13,214,115,1400,0.632857142857143,0,0,96,511,46,274,34,123,13,34
"1052","2020-03-18",15,13,223,135,1400,0.632857142857143,0,0,96,511,33,307,14,137,10,14
"1053","2020-03-19",19,13,215,154,1400,0.632857142857143,0,0,96,511,31,338,13,150,10,13
"1054","2020-03-20",23,13,217,163,1400,0.632857142857143,0,0,96,511,49,387,13,163,18,13
"1055","2020-03-21",29,13,224,169,1400,0.632857142857143,0,0,96,511,36,423,17,180,13,17
"1056","2020-03-22",29,13,236,174,1400,0.632857142857143,0,0,96,511,59,482,33,213,30,33
"1057","2020-03-23",34,13,235,186,1400,0.632857142857143,0,0,96,511,49,531,20,233,25,20
"1058","2020-03-24",38,13,242,185,1400,0.632857142857143,0,0,96,511,37,568,42,275,20,42
"1059","2020-03-25",46,13,266,199,1400,0.632857142857143,0,0,96,511,40,608,25,300,18,25
"1060","2020-03-26",51,13,282,201,1400,0.632857142857143,0,0,96,511,41,649,23,323,17,23
"1061","2020-03-27",48,13,275,202,1400,0.632857142857143,0,0,96,511,42,691,32,355,21,32
"1062","2020-03-28",50,13,257,199,1400,0.632857142857143,0,0,96,511,37,728,21,376,19,21
"1063","2020-03-29",54,13,275,198,1400,0.632857142857143,0,0,96,511,40,768,39,415,21,39
"1064","2020-03-30",56,13,259,196,1400,0.632857142857143,0,0,96,511,44,812,20,435,13,20
"1065","2020-03-31",53,13,262,187,1400,0.632857142857143,0,0,96,511,46,858,12,447,21,12
"1066","2020-04-01",49,13,243,194,1400,0.632857142857143,0,0,96,511,38,896,16,463,18,16
"1067","2020-04-02",45,13,248,189,1400,0.632857142857143,0,0,96,511,31,927,17,480,20,17
"1068","2020-04-03",49,13,260,183,1400,0.632857142857143,0,0,96,511,41,968,36,516,22,36
"1069","2020-04-04",45,13,250,178,1400,0.632857142857143,0,0,96,511,34,1002,27,543,15,27
"1070","2020-04-05",43,13,257,177,1400,0.632857142857143,0,0,96,511,39,1041,13,556,16,13
"1071","2020-04-06",39,13,252,172,1400,0.632857142857143,0,0,96,511,38,1079,29,585,19,29
"1072","2020-04-07",44,13,233,168,1400,0.632857142857143,0,0,96,511,35,1114,29,614,24,29
"1073","2020-04-08",42,13,238,170,1400,0.632857142857143,0,0,96,511,34,1148,22,636,18,22
"1074","2020-04-09",44,13,213,160,1400,0.632857142857143,0,0,96,511,44,1192,16,652,24,16
"1075","2020-04-10",44,13,198,150,1400,0.632857142857143,0,0,96,511,31,1223,12,664,18,12
"1076","2020-04-11",49,13,193,153,1400,0.632857142857143,0,0,96,511,23,1246,15,679,13,15
"1077","2020-04-12",54,13,195,155,1400,0.632857142857143,0,0,96,511,27,1273,20,699,20,20
"1078","2020-04-13",53,13,194,142,1400,0.632857142857143,0,0,96,511,31,1304,12,711,20,12
"1079","2020-04-14",51,13,183,135,1400,0.632857142857143,0,0,96,511,21,1325,15,726,10,15
"1080","2020-04-15",49,13,170,141,1400,0.632857142857143,0,0,96,511,17,1342,19,745,9,19
"1081","2020-04-16",47,13,174,134,1400,0.632857142857143,0,0,96,511,19,1361,12,757,11,12
"1082","2020-04-17",41,13,182,131,1400,0.632857142857143,0,0,96,511,26,1387,19,776,14,19
"1083","2020-04-18",38,13,177,133,1400,0.632857142857143,0,0,96,511,22,1409,17,793,10,17
"1084","2020-04-19",31,13,189,128,1400,0.632857142857143,0,0,96,511,16,1425,13,806,12,13
"1085","2020-04-20",29,13,182,126,1400,0.632857142857143,0,0,96,511,26,1451,6,812,17,6
"1086","2020-04-21",24,13,163,128,1400,0.632857142857143,0,0,96,511,20,1471,11,823,15,11
"1087","2020-04-22",24,13,138,132,1400,0.632857142857143,0,0,96,511,22,1493,10,833,14,10
"1088","2020-04-23",26,13,133,124,1400,0.632857142857143,0,0,96,511,17,1510,9,842,10,9
"1089","2020-04-24",31,13,134,134,1400,0.632857142857143,0,0,96,511,12,1522,13,855,6,13
"1090","2020-04-25",32,13,148,138,1400,0.632857142857143,0,0,96,511,32,1554,2,857,23,2
"1091","2020-04-26",33,13,136,147,1400,0.632857142857143,0,0,96,511,19,1573,5,862,14,5
"1092","2020-04-27",35,13,115,146,1400,0.632857142857143,0,0,96,511,18,1591,13,875,7,13
"1093","2020-04-28",37,13,119,155,1400,0.632857142857143,0,0,96,511,16,1607,9,884,10,9
"1094","2020-04-29",41,13,120,163,1400,0.632857142857143,0,0,96,511,28,1635,10,894,17,10
"1095","2020-04-30",38,13,133,177,1400,0.632857142857143,0,0,96,511,21,1656,4,898,11,4
"1096","2020-05-01",37,13,134,186,1400,0.632857142857143,0,0,96,511,22,1678,1,899,14,1
"1097","2020-05-02",34,13,137,186,1400,0.632857142857143,0,0,96,511,17,1695,5,904,11,5
"1098","2020-05-03",37,13,134,181,1400,0.632857142857143,0,0,96,511,19,1714,4,908,14,4
"1099","2020-05-04",41,13,130,181,1400,0.632857142857143,0,0,96,511,29,1743,4,912,20,4
"1100","2020-05-05",49,13,124,188,1400,0.632857142857143,0,0,96,511,29,1772,4,916,19,4
"1101","2020-05-06",50,13,131,188,1400,0.632857142857143,0,0,96,511,19,1791,4,920,10,4
"1102","2020-05-07",53,13,134,182,1400,0.632857142857143,0,0,96,511,17,1808,1,921,11,1
"1103","2020-05-08",56,13,130,191,1400,0.632857142857143,0,0,96,511,28,1836,3,924,19,3
"1104","2020-05-09",58,13,128,184,1400,0.632857142857143,0,0,96,511,22,1858,4,928,18,4
"1105","2020-05-10",64,13,124,177,1400,0.632857142857143,0,0,96,511,18,1876,3,931,11,3
"1106","2020-05-11",66,13,119,176,1400,0.632857142857143,0,0,96,511,18,1894,4,935,17,4
"1107","2020-05-12",58,13,122,177,1400,0.632857142857143,0,0,96,511,24,1918,1,936,18,1
"1108","2020-05-13",59,13,123,169,1400,0.632857142857143,0,0,96,511,31,1949,5,941,21,5
"1109","2020-05-14",55,13,127,168,1400,0.632857142857143,0,0,96,511,17,1966,5,946,13,5
"1110","2020-05-15",54,13,120,160,1400,0.632857142857143,0,0,96,511,17,1983,4,950,12,4
"1111","2020-05-16",54,13,106,163,1400,0.632857142857143,0,0,96,511,24,2007,3,953,19,3
"1112","2020-05-17",44,13,97,155,1400,0.632857142857143,0,0,96,511,16,2023,NA,NA,10,NA
"1113","2020-05-18",39,13,102,148,1400,0.632857142857143,0,0,96,511,13,2036,5,958,7,5
"1114","2020-05-19",44,13,96,145,1400,0.632857142857143,0,0,96,511,23,2059,3,961,20,3
"1115","2020-05-20",44,13,95,139,1400,0.632857142857143,0,0,96,511,6,2065,2,963,2,2
"1116","2020-05-21",46,13,94,141,1400,0.632857142857143,0,0,96,511,25,2090,4,967,14,4
"1117","2020-05-22",44,13,93,139,1400,0.632857142857143,0,0,96,511,20,2110,5,972,16,5
"1118","2020-05-23",40,13,84,141,1400,0.632857142857143,0,0,96,511,16,2126,3,975,12,3
"1119","2020-05-24",45,13,74,147,1400,0.632857142857143,0,0,96,511,14,2140,2,977,7,2
"1120","2020-05-25",44,13,80,156,1400,0.632857142857143,0,0,96,511,24,2164,4,981,11,4
"1121","2020-05-26",40,13,80,152,1400,0.632857142857143,0,0,96,511,20,2184,2,983,13,2
"1122","2020-05-27",33,13,79,150,1400,0.632857142857143,0,0,96,511,19,2203,1,984,10,1
"1123","2020-05-28",36,13,74,143,1400,0.632857142857143,0,0,96,511,21,2224,2,986,13,2
"1124","2020-05-29",35,13,84,154,1400,0.632857142857143,0,0,96,511,22,2246,5,991,15,5
"1125","2020-05-30",36,13,83,144,1400,0.632857142857143,0,0,96,511,17,2263,4,995,10,4
"1126","2020-05-31",31,13,82,148,1400,0.632857142857143,0,0,96,511,23,2286,5,1000,13,5
"1127","2020-06-01",32,13,85,154,1400,0.632857142857143,0,0,96,511,24,2310,1,1001,17,1
"1128","2020-06-02",35,13,89,152,1400,0.632857142857143,0,0,96,511,12,2322,3,1004,7,3
"1129","2020-06-03",34,13,90,157,1400,0.632857142857143,0,0,96,511,23,2345,NA,NA,17,NA
"1130","2020-06-04",31,13,95,171,1400,0.632857142857143,0,0,96,511,12,2357,3,1007,8,3
"1131","2020-06-05",37,13,95,170,1400,0.632857142857143,0,0,96,511,19,2376,2,1009,13,2
"1132","2020-06-06",42,13,91,175,1400,0.632857142857143,0,0,96,511,15,2391,3,1012,11,3
"1133","2020-06-07",46,13,87,175,1400,0.632857142857143,0,0,96,511,18,2409,3,1015,12,3
"1134","2020-03-13",1,14,135,109,5887,0.930864616952607,0,0,601,532,63,163,42,194,46,42
"1135","2020-03-14",3,14,176,157,5887,0.930864616952607,0,0,601,532,124,287,59,253,97,59
"1136","2020-03-15",6,14,188,208,5887,0.930864616952607,0,0,601,532,163,450,46,299,137,46
"1137","2020-03-16",13,14,223,279,5887,0.930864616952607,0,0,601,532,187,637,34,333,168,34
"1138","2020-03-17",24,14,263,359,5887,0.930864616952607,0,0,601,532,251,888,12,345,237,12
"1139","2020-03-18",32,14,284,445,5887,0.930864616952607,0,0,601,532,255,1143,11,356,241,11
"1140","2020-03-19",42,14,297,529,5887,0.930864616952607,0,0,601,532,296,1439,13,369,280,13
"1141","2020-03-20",65,14,337,629,5887,0.930864616952607,0,0,601,532,450,1889,12,381,429,12
"1142","2020-03-21",84,14,334,726,5887,0.930864616952607,0,0,601,532,438,2327,33,414,421,33
"1143","2020-03-22",112,14,309,863,5887,0.930864616952607,0,0,601,532,550,2877,50,464,538,50
"1144","2020-03-23",141,14,290,1010,5887,0.930864616952607,0,0,601,532,694,3571,30,494,679,30
"1145","2020-03-24",174,14,276,1128,5887,0.930864616952607,0,0,601,532,543,4114,50,544,529,50
"1146","2020-03-25",209,14,260,1225,5887,0.930864616952607,0,0,601,532,447,4561,38,582,432,38
"1147","2020-03-26",248,14,260,1343,5887,0.930864616952607,0,0,601,532,538,5099,20,602,530,20
"1148","2020-03-27",272,14,262,1461,5887,0.930864616952607,0,0,601,532,456,5555,23,625,447,23
"1149","2020-03-28",305,14,247,1571,5887,0.930864616952607,0,0,601,532,446,6001,26,651,444,26
"1150","2020-03-29",350,14,223,1667,5887,0.930864616952607,0,0,601,532,375,6376,50,701,368,50
"1151","2020-03-30",378,14,234,1751,5887,0.930864616952607,0,0,601,532,301,6677,53,754,297,53
"1152","2020-03-31",399,14,228,1813,5887,0.930864616952607,0,0,601,532,215,6892,54,808,212,54
"1153","2020-04-01",420,14,248,1888,5887,0.930864616952607,0,0,601,532,164,7056,35,843,163,35
"1154","2020-04-02",449,14,258,1994,5887,0.930864616952607,0,0,601,532,167,7223,24,867,167,24
"1155","2020-04-03",488,14,248,2072,5887,0.930864616952607,0,0,601,532,75,7298,22,889,74,22
"1156","2020-04-04",532,14,217,2086,5887,0.930864616952607,0,0,601,532,77,7375,10,899,76,10
"1157","2020-04-05",545,14,227,2114,5887,0.930864616952607,0,0,601,532,85,7460,12,911,85,12
"1158","2020-04-06",572,14,220,2126,5887,0.930864616952607,0,0,601,532,36,7496,10,921,35,10
"1159","2020-04-07",592,14,226,2114,5887,0.930864616952607,0,0,601,532,37,7533,4,925,36,4
"1160","2020-04-08",604,14,223,2051,5887,0.930864616952607,0,0,601,532,24,7557,9,934,24,9
"1161","2020-04-09",610,14,220,2020,5887,0.930864616952607,0,0,601,532,22,7579,12,946,20,12
"1162","2020-04-10",613,14,215,2002,5887,0.930864616952607,0,0,601,532,14,7593,11,957,14,11
"1163","2020-04-11",592,14,212,1920,5887,0.930864616952607,0,0,601,532,15,7608,42,999,15,42
"1164","2020-04-12",585,14,203,1853,5887,0.930864616952607,0,0,601,532,8,7616,19,1018,8,19
"1165","2020-04-13",571,14,195,1765,5887,0.930864616952607,0,0,601,532,5,7621,16,1034,5,16
"1166","2020-04-14",560,14,195,1677,5887,0.930864616952607,0,0,601,532,4,7625,28,1062,4,28
"1167","2020-04-15",552,14,178,1577,5887,0.930864616952607,0,0,601,532,8,7633,10,1072,7,10
"1168","2020-04-16",530,14,189,1483,5887,0.930864616952607,0,0,601,532,NA,NA,14,1086,NA,14
"1169","2020-04-17",500,14,168,1362,5887,0.930864616952607,0,0,601,532,3,7636,10,1096,2,10
"1170","2020-04-18",476,14,164,1250,5887,0.930864616952607,0,0,601,532,3,7639,16,1112,1,16
"1171","2020-04-19",438,14,149,1148,5887,0.930864616952607,0,0,601,532,2,7641,5,1117,2,5
"1172","2020-04-20",403,14,141,1040,5887,0.930864616952607,0,0,601,532,2,7643,5,1122,1,5
"1173","2020-04-21",379,14,128,919,5887,0.930864616952607,0,0,601,532,NA,NA,15,1137,NA,15
"1174","2020-04-22",350,14,132,851,5887,0.930864616952607,0,0,601,532,NA,NA,10,1147,NA,10
"1175","2020-04-23",322,14,136,773,5887,0.930864616952607,0,0,601,532,1,7644,10,1157,NA,10
"1176","2020-04-24",293,14,123,699,5887,0.930864616952607,0,0,601,532,NA,NA,26,1183,NA,26
"1177","2020-04-25",274,14,126,630,5887,0.930864616952607,0,0,601,532,1,7645,34,1217,1,34
"1178","2020-04-26",254,14,126,568,5887,0.930864616952607,0,0,601,532,1,7646,14,1231,1,14
"1179","2020-04-27",240,14,126,499,5887,0.930864616952607,0,0,601,532,3,7649,25,1256,1,25
"1180","2020-04-28",212,14,113,452,5887,0.930864616952607,0,0,601,532,1,7650,15,1271,1,15
"1181","2020-04-29",193,14,95,405,5887,0.930864616952607,0,0,601,532,2,7652,11,1282,1,11
"1182","2020-04-30",183,14,91,357,5887,0.930864616952607,0,0,601,532,1,7653,17,1299,1,17
"1183","2020-05-01",162,14,101,320,5887,0.930864616952607,0,0,601,532,1,7654,10,1309,NA,10
"1184","2020-05-02",140,14,106,297,5887,0.930864616952607,0,0,601,532,1,7655,19,1328,1,19
"1185","2020-05-03",131,14,111,257,5887,0.930864616952607,0,0,601,532,NA,NA,19,1347,NA,19
"1186","2020-05-04",115,14,108,228,5887,0.930864616952607,0,0,601,532,NA,NA,15,1362,NA,15
"1187","2020-05-05",104,14,114,207,5887,0.930864616952607,0,0,601,532,1,7656,4,1366,NA,4
"1188","2020-05-06",91,14,98,185,5887,0.930864616952607,0,0,601,532,4,7660,4,1370,3,4
"1189","2020-05-07",75,14,96,162,5887,0.930864616952607,0,0,601,532,NA,NA,9,1379,NA,9
"1190","2020-05-08",71,14,92,154,5887,0.930864616952607,0,0,601,532,1,7661,5,1384,1,5
"1191","2020-05-09",67,14,85,141,5887,0.930864616952607,0,0,601,532,1,7662,4,1388,1,4
"1192","2020-05-10",59,14,73,123,5887,0.930864616952607,0,0,601,532,1,7663,11,1399,1,11
"1193","2020-05-11",50,14,64,105,5887,0.930864616952607,0,0,601,532,NA,NA,7,1406,NA,7
"1194","2020-05-12",43,14,56,100,5887,0.930864616952607,0,0,601,532,1,7664,4,1410,1,4
"1195","2020-05-13",38,14,58,85,5887,0.930864616952607,0,0,601,532,1,7665,2,1412,NA,2
"1196","2020-05-14",34,14,65,77,5887,0.930864616952607,0,0,601,532,NA,NA,4,1416,NA,4
"1197","2020-05-15",31,14,60,69,5887,0.930864616952607,0,0,601,532,1,7666,1,1417,NA,1
"1198","2020-05-16",28,14,58,65,5887,0.930864616952607,0,0,601,532,NA,NA,4,1421,NA,4
"1199","2020-05-17",26,14,55,67,5887,0.930864616952607,0,0,601,532,NA,NA,2,1423,NA,2
"1200","2020-05-18",26,14,55,64,5887,0.930864616952607,0,0,601,532,NA,NA,NA,NA,NA,NA
"1201","2020-05-19",27,14,50,58,5887,0.930864616952607,0,0,601,532,1,7667,NA,NA,NA,NA
"1202","2020-05-20",28,14,51,51,5887,0.930864616952607,0,0,601,532,1,7668,NA,NA,NA,NA
"1203","2020-05-21",25,14,48,51,5887,0.930864616952607,0,0,601,532,NA,NA,NA,NA,NA,NA
"1204","2020-05-22",23,14,42,45,5887,0.930864616952607,0,0,601,532,NA,NA,2,1425,NA,2
"1205","2020-05-23",18,14,39,40,5887,0.930864616952607,0,0,601,532,NA,NA,2,1427,NA,2
"1206","2020-05-24",13,14,37,36,5887,0.930864616952607,0,0,601,532,NA,NA,NA,NA,NA,NA
"1207","2020-05-25",12,14,38,34,5887,0.930864616952607,0,0,601,532,NA,NA,NA,NA,NA,NA
"1208","2020-05-26",9,14,39,30,5887,0.930864616952607,0,0,601,532,NA,NA,2,1429,NA,2
"1209","2020-05-27",6,14,38,29,5887,0.930864616952607,0,0,601,532,2,7670,1,1430,NA,1
"1210","2020-05-28",8,14,37,26,5887,0.930864616952607,0,0,601,532,NA,NA,NA,NA,NA,NA
"1211","2020-05-29",9,14,36,23,5887,0.930864616952607,0,0,601,532,NA,NA,1,1431,NA,1
"1212","2020-05-30",9,14,36,19,5887,0.930864616952607,0,0,601,532,NA,NA,1,1432,NA,1
"1213","2020-05-31",11,14,32,20,5887,0.930864616952607,0,0,601,532,1,7671,NA,NA,NA,NA
"1214","2020-06-01",9,14,31,18,5887,0.930864616952607,0,0,601,532,NA,NA,NA,NA,NA,NA
"1215","2020-06-02",7,14,33,20,5887,0.930864616952607,0,0,601,532,NA,NA,NA,NA,NA,NA
"1216","2020-06-03",7,14,30,18,5887,0.930864616952607,0,0,601,532,NA,NA,NA,NA,NA,NA
"1217","2020-06-04",5,14,32,17,5887,0.930864616952607,0,0,601,532,NA,NA,NA,NA,NA,NA
"1218","2020-06-05",3,14,30,16,5887,0.930864616952607,0,0,601,532,NA,NA,NA,NA,NA,NA
"1219","2020-06-06",5,14,29,20,5887,0.930864616952607,0,0,601,532,1,7672,NA,NA,NA,NA
"1220","2020-06-07",4,14,31,20,5887,0.930864616952607,0,0,601,532,NA,NA,NA,NA,NA,NA
"1221","2020-03-13",3,15,418,353,8486,0.871906669809097,0,0,727,743,61,173,5,37,6,5
"1222","2020-03-14",7,15,408,544,8486,0.871906669809097,0,0,727,743,84,257,43,80,8,43
"1223","2020-03-15",23,15,382,795,8486,0.871906669809097,0,0,727,743,83,340,18,98,13,18
"1224","2020-03-16",43,15,375,1178,8486,0.871906669809097,0,0,727,743,74,414,53,151,20,53
"1225","2020-03-17",77,15,332,1612,8486,0.871906669809097,0,0,727,743,89,503,40,191,22,40
"1226","2020-03-18",129,15,299,2072,8486,0.871906669809097,0,0,727,743,73,576,37,228,20,37
"1227","2020-03-19",201,15,264,2705,8486,0.871906669809097,0,0,727,743,58,634,50,278,26,50
"1228","2020-03-20",280,15,223,3391,8486,0.871906669809097,0,0,727,743,72,706,45,323,19,45
"1229","2020-03-21",387,15,208,3933,8486,0.871906669809097,0,0,727,743,76,782,27,350,28,27
"1230","2020-03-22",507,15,196,4540,8486,0.871906669809097,0,0,727,743,65,847,58,408,26,58
"1231","2020-03-23",671,15,192,5061,8486,0.871906669809097,0,0,727,743,53,900,48,456,11,48
"1232","2020-03-24",825,15,180,5405,8486,0.871906669809097,0,0,727,743,72,972,44,500,34,44
"1233","2020-03-25",1006,15,233,5606,8486,0.871906669809097,0,0,727,743,53,1025,38,538,28,38
"1234","2020-03-26",1163,15,227,5638,8486,0.871906669809097,0,0,727,743,61,1086,28,566,26,28
"1235","2020-03-27",1315,15,197,5574,8486,0.871906669809097,0,0,727,743,58,1144,39,605,20,39
"1236","2020-03-28",1445,15,259,5325,8486,0.871906669809097,0,0,727,743,53,1197,44,649,29,44
"1237","2020-03-29",1524,15,293,4974,8486,0.871906669809097,0,0,727,743,73,1270,30,679,27,30
"1238","2020-03-30",1560,15,323,4559,8486,0.871906669809097,0,0,727,743,55,1325,42,721,25,42
"1239","2020-03-31",1566,15,319,4141,8486,0.871906669809097,0,0,727,743,50,1375,31,752,21,31
"1240","2020-04-01",1511,15,303,3633,8486,0.871906669809097,0,0,727,743,54,1429,31,783,24,31
"1241","2020-04-02",1432,15,261,3119,8486,0.871906669809097,0,0,727,743,37,1466,41,824,18,41
"1242","2020-04-03",1348,15,224,2624,8486,0.871906669809097,0,0,727,743,46,1512,45,869,23,45
"1243","2020-04-04",1201,15,207,2118,8486,0.871906669809097,0,0,727,743,46,1558,19,888,19,19
"1244","2020-04-05",1066,15,184,1735,8486,0.871906669809097,0,0,727,743,41,1599,31,919,17,31
"1245","2020-04-06",912,15,175,1392,8486,0.871906669809097,0,0,727,743,40,1639,11,930,19,11
"1246","2020-04-07",777,15,147,1081,8486,0.871906669809097,0,0,727,743,37,1676,30,960,14,30
"1247","2020-04-08",633,15,143,841,8486,0.871906669809097,0,0,727,743,34,1710,26,986,14,26
"1248","2020-04-09",510,15,124,632,8486,0.871906669809097,0,0,727,743,40,1750,10,996,23,10
"1249","2020-04-10",379,15,142,485,8486,0.871906669809097,0,0,727,743,31,1781,13,1009,10,13
"1250","2020-04-11",296,15,147,369,8486,0.871906669809097,0,0,727,743,37,1818,21,1030,13,21
"1251","2020-04-12",225,15,181,285,8486,0.871906669809097,0,0,727,743,26,1844,12,1042,13,12
"1252","2020-04-13",170,15,174,218,8486,0.871906669809097,0,0,727,743,28,1872,12,1054,13,12
"1253","2020-04-14",117,15,207,169,8486,0.871906669809097,0,0,727,743,32,1904,22,1076,15,22
"1254","2020-04-15",93,15,209,132,8486,0.871906669809097,0,0,727,743,28,1932,9,1085,12,9
"1255","2020-04-16",68,15,187,105,8486,0.871906669809097,0,0,727,743,36,1968,10,1095,12,10
"1256","2020-04-17",52,15,174,79,8486,0.871906669809097,0,0,727,743,34,2002,6,1101,13,6
"1257","2020-04-18",41,15,154,56,8486,0.871906669809097,0,0,727,743,30,2032,9,1110,17,9
"1258","2020-04-19",34,15,190,46,8486,0.871906669809097,0,0,727,743,19,2051,13,1123,8,13
"1259","2020-04-20",26,15,197,41,8486,0.871906669809097,0,0,727,743,21,2072,10,1133,10,10
"1260","2020-04-21",21,15,181,32,8486,0.871906669809097,0,0,727,743,25,2097,4,1137,10,4
"1261","2020-04-22",11,15,147,25,8486,0.871906669809097,0,0,727,743,24,2121,9,1146,11,9
"1262","2020-04-23",9,15,138,20,8486,0.871906669809097,0,0,727,743,25,2146,11,1157,7,11
"1263","2020-04-24",7,15,126,19,8486,0.871906669809097,0,0,727,743,23,2169,20,1177,13,20
"1264","2020-04-25",7,15,99,17,8486,0.871906669809097,0,0,727,743,23,2192,5,1182,6,5
"1265","2020-04-26",9,15,112,18,8486,0.871906669809097,0,0,727,743,23,2215,8,1190,9,8
"1266","2020-04-27",6,15,123,19,8486,0.871906669809097,0,0,727,743,15,2230,6,1196,7,6
"1267","2020-04-28",5,15,116,19,8486,0.871906669809097,0,0,727,743,16,2246,10,1206,6,10
"1268","2020-04-29",5,15,105,15,8486,0.871906669809097,0,0,727,743,17,2263,11,1217,5,11
"1269","2020-04-30",5,15,92,14,8486,0.871906669809097,0,0,727,743,21,2284,14,1231,10,14
"1270","2020-05-01",4,15,87,13,8486,0.871906669809097,0,0,727,743,16,2300,12,1243,9,12
"1271","2020-05-02",7,15,96,15,8486,0.871906669809097,0,0,727,743,27,2327,8,1251,9,8
"1272","2020-05-03",3,15,94,15,8486,0.871906669809097,0,0,727,743,22,2349,2,1253,11,2
"1273","2020-05-04",3,15,95,14,8486,0.871906669809097,0,0,727,743,19,2368,5,1258,11,5
"1274","2020-05-05",5,15,106,12,8486,0.871906669809097,0,0,727,743,23,2391,5,1263,9,5
"1275","2020-05-06",6,15,103,13,8486,0.871906669809097,0,0,727,743,19,2410,11,1274,10,11
"1276","2020-05-07",6,15,108,13,8486,0.871906669809097,0,0,727,743,16,2426,3,1277,12,3
"1277","2020-05-08",8,15,100,13,8486,0.871906669809097,0,0,727,743,12,2438,2,1279,5,2
"1278","2020-05-09",5,15,91,13,8486,0.871906669809097,0,0,727,743,13,2451,2,1281,6,2
"1279","2020-05-10",7,15,85,13,8486,0.871906669809097,0,0,727,743,24,2475,2,1283,11,2
"1280","2020-05-11",7,15,80,9,8486,0.871906669809097,0,0,727,743,29,2504,2,1285,16,2
"1281","2020-05-12",5,15,80,7,8486,0.871906669809097,0,0,727,743,29,2533,5,1290,10,5
"1282","2020-05-13",4,15,71,6,8486,0.871906669809097,0,0,727,743,18,2551,2,1292,7,2
"1283","2020-05-14",4,15,65,6,8486,0.871906669809097,0,0,727,743,22,2573,1,1293,10,1
"1284","2020-05-15",2,15,51,7,8486,0.871906669809097,0,0,727,743,20,2593,4,1297,10,4
"1285","2020-05-16",2,15,45,6,8486,0.871906669809097,0,0,727,743,19,2612,2,1299,9,2
"1286","2020-05-17",0,15,0,0,8486,0.871906669809097,0,0,727,743,20,2632,4,1303,6,4
"1287","2020-05-18",0,15,0,0,8486,0.871906669809097,0,0,727,743,16,2648,3,1306,7,3
"1288","2020-05-19",0,15,0,0,8486,0.871906669809097,0,0,727,743,16,2664,6,1312,3,6
"1289","2020-05-20",0,15,0,0,8486,0.871906669809097,0,0,727,743,19,2683,3,1315,8,3
"1290","2020-05-21",0,15,0,0,8486,0.871906669809097,0,0,727,743,16,2699,1,1316,9,1
"1291","2020-05-22",0,15,0,0,8486,0.871906669809097,0,0,727,743,16,2715,2,1318,6,2
"1292","2020-05-23",0,15,0,0,8486,0.871906669809097,0,0,727,743,26,2741,2,1320,7,2
"1293","2020-05-24",0,15,0,0,8486,0.871906669809097,0,0,727,743,14,2755,1,1321,7,1
"1294","2020-05-25",0,15,0,0,8486,0.871906669809097,0,0,727,743,15,2770,NA,NA,9,NA
"1295","2020-05-26",2,15,35,6,8486,0.871906669809097,0,0,727,743,15,2785,2,1323,6,2
"1296","2020-05-27",2,15,36,5,8486,0.871906669809097,0,0,727,743,24,2809,5,1328,9,5
"1297","2020-05-28",2,15,30,6,8486,0.871906669809097,0,0,727,743,17,2826,NA,NA,4,NA
"1298","2020-05-29",2,15,26,6,8486,0.871906669809097,0,0,727,743,18,2844,1,1329,7,1
"1299","2020-05-30",2,15,23,7,8486,0.871906669809097,0,0,727,743,18,2862,1,1330,6,1
"1300","2020-05-31",3,15,21,7,8486,0.871906669809097,0,0,727,743,13,2875,NA,NA,5,NA
"1301","2020-06-01",3,15,20,9,8486,0.871906669809097,0,0,727,743,22,2897,NA,NA,10,NA
"1302","2020-06-02",1,15,18,10,8486,0.871906669809097,0,0,727,743,18,2915,1,1331,8,1
"1303","2020-06-03",1,15,14,10,8486,0.871906669809097,0,0,727,743,13,2928,NA,NA,6,NA
"1304","2020-06-04",1,15,14,11,8486,0.871906669809097,0,0,727,743,16,2944,NA,NA,6,NA
"1305","2020-06-05",1,15,13,9,8486,0.871906669809097,0,0,727,743,18,2962,2,1333,10,2
"1306","2020-06-06",4,15,11,9,8486,0.871906669809097,0,0,727,743,13,2975,1,1334,4,1
"1307","2020-06-07",3,15,11,9,8486,0.871906669809097,0,0,727,743,13,2988,NA,NA,6,NA
"1308","2020-03-14",3,16,219,88,2634,0.761579347000759,0,0,208,667,63,207,72,201,6,72
"1309","2020-03-15",3,16,242,113,2634,0.761579347000759,0,0,208,667,50,257,51,252,12,51
"1310","2020-03-16",5,16,231,133,2634,0.761579347000759,0,0,208,667,57,314,45,297,18,45
"1311","2020-03-17",13,16,243,156,2634,0.761579347000759,0,0,208,667,74,388,56,353,28,56
"1312","2020-03-18",22,16,230,184,2634,0.761579347000759,0,0,208,667,46,434,46,399,21,46
"1313","2020-03-19",29,16,246,208,2634,0.761579347000759,0,0,208,667,67,501,27,426,33,27
"1314","2020-03-20",37,16,246,230,2634,0.761579347000759,0,0,208,667,53,554,37,463,20,37
"1315","2020-03-21",44,16,257,253,2634,0.761579347000759,0,0,208,667,53,607,49,512,27,49
"1316","2020-03-22",54,16,244,263,2634,0.761579347000759,0,0,208,667,73,680,37,549,36,37
"1317","2020-03-23",67,16,251,290,2634,0.761579347000759,0,0,208,667,64,744,35,584,30,35
"1318","2020-03-24",69,16,219,307,2634,0.761579347000759,0,0,208,667,59,803,35,619,29,35
"1319","2020-03-25",76,16,207,321,2634,0.761579347000759,0,0,208,667,58,861,35,654,34,35
"1320","2020-03-26",85,16,180,326,2634,0.761579347000759,0,0,208,667,56,917,33,687,34,33
"1321","2020-03-27",89,16,171,335,2634,0.761579347000759,0,0,208,667,60,977,26,713,25,26
"1322","2020-03-28",92,16,159,340,2634,0.761579347000759,0,0,208,667,57,1034,55,768,29,55
"1323","2020-03-29",91,16,167,356,2634,0.761579347000759,0,0,208,667,50,1084,49,817,33,49
"1324","2020-03-30",96,16,153,348,2634,0.761579347000759,0,0,208,667,49,1133,39,856,26,39
"1325","2020-03-31",102,16,165,342,2634,0.761579347000759,0,0,208,667,47,1180,56,912,36,56
"1326","2020-04-01",102,16,180,334,2634,0.761579347000759,0,0,208,667,41,1221,41,953,23,41
"1327","2020-04-02",94,16,203,334,2634,0.761579347000759,0,0,208,667,34,1255,38,991,20,38
"1328","2020-04-03",92,16,202,338,2634,0.761579347000759,0,0,208,667,49,1304,39,1030,35,39
"1329","2020-04-04",91,16,182,344,2634,0.761579347000759,0,0,208,667,41,1345,23,1053,32,23
"1330","2020-04-05",101,16,172,335,2634,0.761579347000759,0,0,208,667,38,1383,35,1088,22,35
"1331","2020-04-06",95,16,192,333,2634,0.761579347000759,0,0,208,667,32,1415,37,1125,17,37
"1332","2020-04-07",89,16,218,317,2634,0.761579347000759,0,0,208,667,39,1454,34,1159,28,34
"1333","2020-04-08",81,16,199,317,2634,0.761579347000759,0,0,208,667,48,1502,52,1211,32,52
"1334","2020-04-09",85,16,170,307,2634,0.761579347000759,0,0,208,667,30,1532,42,1253,22,42
"1335","2020-04-10",87,16,183,307,2634,0.761579347000759,0,0,208,667,35,1567,37,1290,24,37
"1336","2020-04-11",87,16,187,304,2634,0.761579347000759,0,0,208,667,26,1593,41,1331,15,41
"1337","2020-04-12",74,16,180,294,2634,0.761579347000759,0,0,208,667,34,1627,37,1368,25,37
"1338","2020-04-13",66,16,184,282,2634,0.761579347000759,0,0,208,667,33,1660,49,1417,19,49
"1339","2020-04-14",68,16,213,278,2634,0.761579347000759,0,0,208,667,23,1683,44,1461,11,44
"1340","2020-04-15",69,16,217,275,2634,0.761579347000759,0,0,208,667,29,1712,50,1511,23,50
"1341","2020-04-16",71,16,215,281,2634,0.761579347000759,0,0,208,667,21,1733,45,1556,9,45
"1342","2020-04-17",73,16,209,274,2634,0.761579347000759,0,0,208,667,21,1754,47,1603,15,47
"1343","2020-04-18",71,16,204,279,2634,0.761579347000759,0,0,208,667,22,1776,48,1651,12,48
"1344","2020-04-19",74,16,202,282,2634,0.761579347000759,0,0,208,667,27,1803,48,1699,16,48
"1345","2020-04-20",80,16,187,281,2634,0.761579347000759,0,0,208,667,24,1827,42,1741,14,42
"1346","2020-04-21",76,16,175,290,2634,0.761579347000759,0,0,208,667,18,1845,24,1765,13,24
"1347","2020-04-22",79,16,157,298,2634,0.761579347000759,0,0,208,667,32,1877,40,1805,19,40
"1348","2020-04-23",79,16,149,305,2634,0.761579347000759,0,0,208,667,23,1900,32,1837,13,32
"1349","2020-04-24",70,16,148,306,2634,0.761579347000759,0,0,208,667,19,1919,21,1858,14,21
"1350","2020-04-25",65,16,155,310,2634,0.761579347000759,0,0,208,667,15,1934,33,1891,9,33
"1351","2020-04-26",67,16,132,311,2634,0.761579347000759,0,0,208,667,21,1955,28,1919,10,28
"1352","2020-04-27",65,16,132,318,2634,0.761579347000759,0,0,208,667,13,1968,42,1961,8,42
"1353","2020-04-28",69,16,135,310,2634,0.761579347000759,0,0,208,667,21,1989,37,1998,13,37
"1354","2020-04-29",67,16,118,306,2634,0.761579347000759,0,0,208,667,18,2007,36,2034,13,36
"1355","2020-04-30",74,16,107,318,2634,0.761579347000759,0,0,208,667,25,2032,31,2065,13,31
"1356","2020-05-01",82,16,98,320,2634,0.761579347000759,0,0,208,667,28,2060,34,2099,15,34
"1357","2020-05-02",83,16,94,326,2634,0.761579347000759,0,0,208,667,12,2072,23,2122,6,23
"1358","2020-05-03",82,16,86,331,2634,0.761579347000759,0,0,208,667,16,2088,20,2142,5,20
"1359","2020-05-04",81,16,91,328,2634,0.761579347000759,0,0,208,667,22,2110,17,2159,11,17
"1360","2020-05-05",84,16,85,328,2634,0.761579347000759,0,0,208,667,23,2133,29,2188,12,29
"1361","2020-05-06",85,16,77,326,2634,0.761579347000759,0,0,208,667,18,2151,16,2204,13,16
"1362","2020-05-07",75,16,73,330,2634,0.761579347000759,0,0,208,667,12,2163,29,2233,5,29
"1363","2020-05-08",77,16,78,349,2634,0.761579347000759,0,0,208,667,27,2190,28,2261,13,28
"1364","2020-05-09",85,16,83,345,2634,0.761579347000759,0,0,208,667,15,2205,24,2285,6,24
"1365","2020-05-10",92,16,77,346,2634,0.761579347000759,0,0,208,667,22,2227,28,2313,14,28
"1366","2020-05-11",100,16,73,348,2634,0.761579347000759,0,0,208,667,20,2247,24,2337,11,24
"1367","2020-05-12",103,16,64,357,2634,0.761579347000759,0,0,208,667,15,2262,30,2367,10,30
"1368","2020-05-13",98,16,61,339,2634,0.761579347000759,0,0,208,667,24,2286,29,2396,14,29
"1369","2020-05-14",98,16,58,350,2634,0.761579347000759,0,0,208,667,15,2301,15,2411,9,15
"1370","2020-05-15",95,16,54,351,2634,0.761579347000759,0,0,208,667,15,2316,22,2433,10,22
"1371","2020-05-16",98,16,59,346,2634,0.761579347000759,0,0,208,667,15,2331,19,2452,6,19
"1372","2020-05-17",91,16,68,346,2634,0.761579347000759,0,0,208,667,12,2343,17,2469,6,17
"1373","2020-05-18",85,16,64,342,2634,0.761579347000759,0,0,208,667,16,2359,18,2487,4,18
"1374","2020-05-19",81,16,61,331,2634,0.761579347000759,0,0,208,667,13,2372,11,2498,4,11
"1375","2020-05-20",88,16,61,331,2634,0.761579347000759,0,0,208,667,24,2396,12,2510,11,12
"1376","2020-05-21",83,16,65,300,2634,0.761579347000759,0,0,208,667,22,2418,11,2521,14,11
"1377","2020-05-22",81,16,59,306,2634,0.761579347000759,0,0,208,667,14,2432,13,2534,11,13
"1378","2020-05-23",78,16,61,306,2634,0.761579347000759,0,0,208,667,16,2448,10,2544,8,10
"1379","2020-05-24",80,16,56,303,2634,0.761579347000759,0,0,208,667,21,2469,9,2553,15,9
"1380","2020-05-25",90,16,48,320,2634,0.761579347000759,0,0,208,667,19,2488,9,2562,9,9
"1381","2020-05-26",96,16,49,316,2634,0.761579347000759,0,0,208,667,22,2510,7,2569,13,7
"1382","2020-05-27",95,16,57,320,2634,0.761579347000759,0,0,208,667,17,2527,8,2577,11,8
"1383","2020-05-28",102,16,55,314,2634,0.761579347000759,0,0,208,667,19,2546,13,2590,11,13
"1384","2020-05-29",105,16,60,319,2634,0.761579347000759,0,0,208,667,21,2567,12,2602,15,12
"1385","2020-05-30",101,16,63,313,2634,0.761579347000759,0,0,208,667,10,2577,8,2610,5,8
"1386","2020-05-31",97,16,60,310,2634,0.761579347000759,0,0,208,667,15,2592,7,2617,6,7
"1387","2020-06-01",91,16,60,323,2634,0.761579347000759,0,0,208,667,14,2606,9,2626,8,9
"1388","2020-06-02",85,16,57,323,2634,0.761579347000759,0,0,208,667,19,2625,9,2635,16,9
"1389","2020-06-03",83,16,53,326,2634,0.761579347000759,0,0,208,667,16,2641,5,2640,10,5
"1390","2020-06-04",81,16,55,326,2634,0.761579347000759,0,0,208,667,21,2662,8,2648,7,8
"1391","2020-06-05",76,16,52,332,2634,0.761579347000759,0,0,208,667,13,2675,5,2653,10,5
"1392","2020-06-06",80,16,52,329,2634,0.761579347000759,0,0,208,667,15,2690,5,2658,9,5
"1393","2020-06-07",84,16,50,333,2634,0.761579347000759,0,0,208,667,21,2711,6,2664,7,6
"1394","2020-03-14",4,17,310,149,2228,0.454667863554758,0,0,195,469,49,120,34,139,39,34
"1395","2020-03-15",9,17,288,187,2228,0.454667863554758,0,0,195,469,58,178,60,199,50,60
"1396","2020-03-16",20,17,249,233,2228,0.454667863554758,0,0,195,469,57,235,32,231,56,32
"1397","2020-03-17",27,17,236,266,2228,0.454667863554758,0,0,195,469,75,310,29,260,69,29
"1398","2020-03-18",37,17,215,283,2228,0.454667863554758,0,0,195,469,97,407,59,319,89,59
"1399","2020-03-19",50,17,196,313,2228,0.454667863554758,0,0,195,469,129,536,37,356,121,37
"1400","2020-03-20",68,17,174,336,2228,0.454667863554758,0,0,195,469,171,707,26,382,161,26
"1401","2020-03-21",83,17,174,344,2228,0.454667863554758,0,0,195,469,202,909,45,427,197,45
"1402","2020-03-22",96,17,178,344,2228,0.454667863554758,0,0,195,469,274,1183,53,480,268,53
"1403","2020-03-23",99,17,175,346,2228,0.454667863554758,0,0,195,469,300,1483,36,516,293,36
"1404","2020-03-24",106,17,176,359,2228,0.454667863554758,0,0,195,469,338,1821,25,541,335,25
"1405","2020-03-25",107,17,200,362,2228,0.454667863554758,0,0,195,469,393,2214,27,568,389,27
"1406","2020-03-26",113,17,198,360,2228,0.454667863554758,0,0,195,469,374,2588,17,585,374,17
"1407","2020-03-27",104,17,190,360,2228,0.454667863554758,0,0,195,469,453,3041,50,635,446,50
"1408","2020-03-28",98,17,207,347,2228,0.454667863554758,0,0,195,469,496,3537,37,672,492,37
"1409","2020-03-29",88,17,209,341,2228,0.454667863554758,0,0,195,469,372,3909,38,710,368,38
"1410","2020-03-30",88,17,191,345,2228,0.454667863554758,0,0,195,469,455,4364,31,741,451,31
"1411","2020-03-31",87,17,158,335,2228,0.454667863554758,0,0,195,469,408,4772,41,782,408,41
"1412","2020-04-01",91,17,148,344,2228,0.454667863554758,0,0,195,469,349,5121,27,809,349,27
"1413","2020-04-02",84,17,188,330,2228,0.454667863554758,0,0,195,469,395,5516,56,865,392,56
"1414","2020-04-03",84,17,228,338,2228,0.454667863554758,0,0,195,469,330,5846,25,890,330,25
"1415","2020-04-04",86,17,255,336,2228,0.454667863554758,0,0,195,469,288,6134,33,923,288,33
"1416","2020-04-05",88,17,217,342,2228,0.454667863554758,0,0,195,469,237,6371,16,939,237,16
"1417","2020-04-06",81,17,244,350,2228,0.454667863554758,0,0,195,469,200,6571,16,955,200,16
"1418","2020-04-07",85,17,275,343,2228,0.454667863554758,0,0,195,469,113,6684,41,996,113,41
"1419","2020-04-08",91,17,270,331,2228,0.454667863554758,0,0,195,469,157,6841,24,1020,156,24
"1420","2020-04-09",92,17,245,332,2228,0.454667863554758,0,0,195,469,102,6943,35,1055,101,35
"1421","2020-04-10",97,17,225,319,2228,0.454667863554758,0,0,195,469,72,7015,20,1075,72,20
"1422","2020-04-11",92,17,191,305,2228,0.454667863554758,0,0,195,469,54,7069,40,1115,54,40
"1423","2020-04-12",97,17,193,298,2228,0.454667863554758,0,0,195,469,60,7129,18,1133,60,18
"1424","2020-04-13",99,17,185,287,2228,0.454667863554758,0,0,195,469,46,7175,34,1167,46,34
"1425","2020-04-14",95,17,183,275,2228,0.454667863554758,0,0,195,469,39,7214,28,1195,38,28
"1426","2020-04-15",83,17,187,264,2228,0.454667863554758,0,0,195,469,32,7246,20,1215,31,20
"1427","2020-04-16",87,17,174,258,2228,0.454667863554758,0,0,195,469,21,7267,15,1230,21,15
"1428","2020-04-17",80,17,165,249,2228,0.454667863554758,0,0,195,469,16,7283,9,1239,16,9
"1429","2020-04-18",85,17,143,239,2228,0.454667863554758,0,0,195,469,16,7299,11,1250,15,11
"1430","2020-04-19",84,17,144,230,2228,0.454667863554758,0,0,195,469,5,7304,9,1259,5,9
"1431","2020-04-20",83,17,127,219,2228,0.454667863554758,0,0,195,469,13,7317,24,1283,13,24
"1432","2020-04-21",77,17,113,213,2228,0.454667863554758,0,0,195,469,7,7324,23,1306,7,23
"1433","2020-04-22",75,17,101,218,2228,0.454667863554758,0,0,195,469,5,7329,15,1321,5,15
"1434","2020-04-23",68,17,101,224,2228,0.454667863554758,0,0,195,469,12,7341,25,1346,11,25
"1435","2020-04-24",68,17,90,235,2228,0.454667863554758,0,0,195,469,6,7347,15,1361,6,15
"1436","2020-04-25",61,17,97,231,2228,0.454667863554758,0,0,195,469,1,7348,15,1376,1,15
"1437","2020-04-26",61,17,105,219,2228,0.454667863554758,0,0,195,469,2,7350,6,1382,2,6
"1438","2020-04-27",63,17,95,223,2228,0.454667863554758,0,0,195,469,3,7353,13,1395,3,13
"1439","2020-04-28",61,17,94,219,2228,0.454667863554758,0,0,195,469,2,7355,10,1405,2,10
"1440","2020-04-29",66,17,94,226,2228,0.454667863554758,0,0,195,469,2,7357,7,1412,2,7
"1441","2020-04-30",63,17,101,227,2228,0.454667863554758,0,0,195,469,1,7358,1,1413,1,1
"1442","2020-05-01",67,17,101,228,2228,0.454667863554758,0,0,195,469,NA,NA,13,1426,NA,13
"1443","2020-05-02",67,17,88,232,2228,0.454667863554758,0,0,195,469,NA,NA,13,1439,NA,13
"1444","2020-05-03",59,17,78,241,2228,0.454667863554758,0,0,195,469,1,7359,10,1449,NA,10
"1445","2020-05-04",60,17,74,238,2228,0.454667863554758,0,0,195,469,NA,NA,9,1458,NA,9
"1446","2020-05-05",66,17,75,230,2228,0.454667863554758,0,0,195,469,1,7360,4,1462,1,4
"1447","2020-05-06",63,17,66,229,2228,0.454667863554758,0,0,195,469,1,7361,4,1466,NA,4
"1448","2020-05-07",61,17,78,222,2228,0.454667863554758,0,0,195,469,NA,NA,4,1470,NA,4
"1449","2020-05-08",64,17,73,218,2228,0.454667863554758,0,0,195,469,NA,NA,1,1471,NA,1
"1450","2020-05-09",63,17,76,213,2228,0.454667863554758,0,0,195,469,NA,NA,2,1473,NA,2
"1451","2020-05-10",65,17,77,214,2228,0.454667863554758,0,0,195,469,NA,NA,2,1475,NA,2
"1452","2020-05-11",62,17,65,208,2228,0.454667863554758,0,0,195,469,NA,NA,5,1480,NA,5
"1453","2020-05-12",61,17,63,203,2228,0.454667863554758,0,0,195,469,NA,NA,4,1484,NA,4
"1454","2020-05-13",59,17,61,205,2228,0.454667863554758,0,0,195,469,1,7362,8,1492,1,8
"1455","2020-05-14",59,17,51,195,2228,0.454667863554758,0,0,195,469,2,7364,2,1494,NA,2
"1456","2020-05-15",54,17,43,199,2228,0.454667863554758,0,0,195,469,NA,NA,3,1497,NA,3
"1457","2020-05-16",58,17,35,197,2228,0.454667863554758,0,0,195,469,1,7365,2,1499,1,2
"1458","2020-05-17",55,17,22,193,2228,0.454667863554758,0,0,195,469,2,7367,3,1502,1,3
"1459","2020-05-18",52,17,26,191,2228,0.454667863554758,0,0,195,469,NA,NA,3,1505,NA,3
"1460","2020-05-19",51,17,22,191,2228,0.454667863554758,0,0,195,469,1,7368,3,1508,NA,3
"1461","2020-05-20",51,17,29,200,2228,0.454667863554758,0,0,195,469,NA,NA,NA,NA,NA,NA
"1462","2020-05-21",55,17,28,210,2228,0.454667863554758,0,0,195,469,1,7369,1,1509,1,1
"1463","2020-05-22",56,17,31,205,2228,0.454667863554758,0,0,195,469,1,7370,1,1510,1,1
"1464","2020-05-23",54,17,36,209,2228,0.454667863554758,0,0,195,469,2,7372,NA,NA,1,NA
"1465","2020-05-24",56,17,29,208,2228,0.454667863554758,0,0,195,469,NA,NA,1,1511,NA,1
"1466","2020-05-25",57,17,32,216,2228,0.454667863554758,0,0,195,469,1,7373,NA,NA,1,NA
"1467","2020-05-26",55,17,39,220,2228,0.454667863554758,0,0,195,469,NA,NA,NA,NA,NA,NA
"1468","2020-05-27",53,17,37,216,2228,0.454667863554758,0,0,195,469,NA,NA,NA,NA,NA,NA
"1469","2020-05-28",52,17,40,220,2228,0.454667863554758,0,0,195,469,NA,NA,NA,NA,NA,NA
"1470","2020-05-29",53,17,45,226,2228,0.454667863554758,0,0,195,469,NA,NA,NA,NA,NA,NA
"1471","2020-05-30",52,17,48,234,2228,0.454667863554758,0,0,195,469,NA,NA,NA,NA,NA,NA
"1472","2020-05-31",52,17,46,243,2228,0.454667863554758,0,0,195,469,NA,NA,NA,NA,NA,NA
"1473","2020-06-01",57,17,44,241,2228,0.454667863554758,0,0,195,469,NA,NA,NA,NA,NA,NA
"1474","2020-06-02",64,17,38,241,2228,0.454667863554758,0,0,195,469,NA,NA,NA,NA,NA,NA
"1475","2020-06-03",70,17,35,243,2228,0.454667863554758,0,0,195,469,NA,NA,NA,NA,NA,NA
"1476","2020-06-04",74,17,30,239,2228,0.454667863554758,0,0,195,469,NA,NA,1,1512,NA,1
"1477","2020-06-05",68,17,30,228,2228,0.454667863554758,0,0,195,469,NA,NA,2,1514,NA,2
"1478","2020-06-06",69,17,25,239,2228,0.454667863554758,0,0,195,469,NA,NA,NA,NA,NA,NA
"1479","2020-06-07",70,17,27,242,2228,0.454667863554758,0,0,195,469,NA,NA,1,1515,NA,1
"1480","2020-03-13",2,18,298,81,2483,0.745066451872735,0,0,204,770,21,56,33,138,8,33
"1481","2020-03-14",4,18,302,110,2483,0.745066451872735,0,0,204,770,15,71,41,179,6,41
"1482","2020-03-15",6,18,255,146,2483,0.745066451872735,0,0,204,770,17,88,36,215,6,36
"1483","2020-03-16",9,18,233,179,2483,0.745066451872735,0,0,204,770,8,96,14,229,5,14
"1484","2020-03-17",18,18,222,217,2483,0.745066451872735,0,0,204,770,16,112,22,251,4,22
"1485","2020-03-18",25,18,190,246,2483,0.745066451872735,0,0,204,770,29,141,20,271,13,20
"1486","2020-03-19",29,18,180,276,2483,0.745066451872735,0,0,204,770,20,161,9,280,11,9
"1487","2020-03-20",39,18,181,303,2483,0.745066451872735,0,0,204,770,16,177,6,286,9,6
"1488","2020-03-21",46,18,155,315,2483,0.745066451872735,0,0,204,770,10,187,5,291,5,5
"1489","2020-03-22",57,18,145,326,2483,0.745066451872735,0,0,204,770,16,203,7,298,9,7
"1490","2020-03-23",74,18,131,340,2483,0.745066451872735,0,0,204,770,12,215,8,306,4,8
"1491","2020-03-24",83,18,120,361,2483,0.745066451872735,0,0,204,770,13,228,4,310,5,4
"1492","2020-03-25",93,18,112,373,2483,0.745066451872735,0,0,204,770,15,243,8,318,7,8
"1493","2020-03-26",102,18,106,366,2483,0.745066451872735,0,0,204,770,15,258,7,325,10,7
"1494","2020-03-27",104,18,118,369,2483,0.745066451872735,0,0,204,770,24,282,9,334,17,9
"1495","2020-03-28",107,18,182,380,2483,0.745066451872735,0,0,204,770,14,296,7,341,10,7
"1496","2020-03-29",99,18,222,392,2483,0.745066451872735,0,0,204,770,23,319,6,347,15,6
"1497","2020-03-30",96,18,215,405,2483,0.745066451872735,0,0,204,770,18,337,6,353,13,6
"1498","2020-03-31",100,18,260,406,2483,0.745066451872735,0,0,204,770,18,355,57,410,15,57
"1499","2020-04-01",107,18,283,413,2483,0.745066451872735,0,0,204,770,15,370,45,455,9,45
"1500","2020-04-02",112,18,256,411,2483,0.745066451872735,0,0,204,770,14,384,58,513,11,58
"1501","2020-04-03",116,18,269,422,2483,0.745066451872735,0,0,204,770,11,395,30,543,6,30
"1502","2020-04-04",120,18,263,442,2483,0.745066451872735,0,0,204,770,9,404,46,589,5,46
"1503","2020-04-05",132,18,235,442,2483,0.745066451872735,0,0,204,770,14,418,19,608,10,19
"1504","2020-04-06",143,18,243,434,2483,0.745066451872735,0,0,204,770,11,429,18,626,6,18
"1505","2020-04-07",142,18,241,423,2483,0.745066451872735,0,0,204,770,11,440,34,660,6,34
"1506","2020-04-08",141,18,220,419,2483,0.745066451872735,0,0,204,770,14,454,17,677,11,17
"1507","2020-04-09",140,18,217,417,2483,0.745066451872735,0,0,204,770,9,463,6,683,4,6
"1508","2020-04-10",139,18,193,402,2483,0.745066451872735,0,0,204,770,9,472,8,691,5,8
"1509","2020-04-11",138,18,217,385,2483,0.745066451872735,0,0,204,770,20,492,36,727,14,36
"1510","2020-04-12",142,18,247,380,2483,0.745066451872735,0,0,204,770,16,508,38,765,11,38
"1511","2020-04-13",127,18,227,364,2483,0.745066451872735,0,0,204,770,12,520,21,786,10,21
"1512","2020-04-14",124,18,198,353,2483,0.745066451872735,0,0,204,770,8,528,27,813,7,27
"1513","2020-04-15",116,18,191,337,2483,0.745066451872735,0,0,204,770,16,544,33,846,13,33
"1514","2020-04-16",113,18,164,322,2483,0.745066451872735,0,0,204,770,10,554,34,880,5,34
"1515","2020-04-17",106,18,145,303,2483,0.745066451872735,0,0,204,770,19,573,19,899,13,19
"1516","2020-04-18",99,18,129,298,2483,0.745066451872735,0,0,204,770,11,584,30,929,9,30
"1517","2020-04-19",91,18,110,281,2483,0.745066451872735,0,0,204,770,15,599,20,949,13,20
"1518","2020-04-20",89,18,102,271,2483,0.745066451872735,0,0,204,770,11,610,25,974,7,25
"1519","2020-04-21",83,18,95,271,2483,0.745066451872735,0,0,204,770,9,619,25,999,7,25
"1520","2020-04-22",79,18,111,261,2483,0.745066451872735,0,0,204,770,11,630,35,1034,9,35
"1521","2020-04-23",74,18,135,255,2483,0.745066451872735,0,0,204,770,11,641,27,1061,7,27
"1522","2020-04-24",76,18,159,239,2483,0.745066451872735,0,0,204,770,12,653,24,1085,11,24
"1523","2020-04-25",78,18,168,226,2483,0.745066451872735,0,0,204,770,10,663,25,1110,7,25
"1524","2020-04-26",77,18,164,227,2483,0.745066451872735,0,0,204,770,15,678,23,1133,9,23
"1525","2020-04-27",77,18,145,231,2483,0.745066451872735,0,0,204,770,19,697,23,1156,15,23
"1526","2020-04-28",75,18,137,235,2483,0.745066451872735,0,0,204,770,16,713,20,1176,11,20
"1527","2020-04-29",66,18,127,228,2483,0.745066451872735,0,0,204,770,12,725,17,1193,6,17
"1528","2020-04-30",61,18,113,234,2483,0.745066451872735,0,0,204,770,8,733,27,1220,7,27
"1529","2020-05-01",57,18,112,225,2483,0.745066451872735,0,0,204,770,16,749,17,1237,12,17
"1530","2020-05-02",56,18,97,220,2483,0.745066451872735,0,0,204,770,14,763,13,1250,11,13
"1531","2020-05-03",56,18,84,227,2483,0.745066451872735,0,0,204,770,10,773,11,1261,6,11
"1532","2020-05-04",53,18,72,235,2483,0.745066451872735,0,0,204,770,13,786,10,1271,12,10
"1533","2020-05-05",52,18,64,236,2483,0.745066451872735,0,0,204,770,11,797,10,1281,11,10
"1534","2020-05-06",56,18,70,239,2483,0.745066451872735,0,0,204,770,10,807,9,1290,9,9
"1535","2020-05-07",63,18,60,236,2483,0.745066451872735,0,0,204,770,16,823,7,1297,13,7
"1536","2020-05-08",66,18,48,249,2483,0.745066451872735,0,0,204,770,22,845,9,1306,15,9
"1537","2020-05-09",72,18,51,240,2483,0.745066451872735,0,0,204,770,16,861,5,1311,13,5
"1538","2020-05-10",69,18,51,245,2483,0.745066451872735,0,0,204,770,24,885,8,1319,22,8
"1539","2020-05-11",68,18,37,238,2483,0.745066451872735,0,0,204,770,22,907,2,1321,21,2
"1540","2020-05-12",70,18,40,232,2483,0.745066451872735,0,0,204,770,22,929,5,1326,20,5
"1541","2020-05-13",74,18,38,228,2483,0.745066451872735,0,0,204,770,22,951,3,1329,19,3
"1542","2020-05-14",77,18,40,225,2483,0.745066451872735,0,0,204,770,32,983,2,1331,31,2
"1543","2020-05-15",71,18,33,230,2483,0.745066451872735,0,0,204,770,21,1004,4,1335,16,4
"1544","2020-05-16",69,18,26,229,2483,0.745066451872735,0,0,204,770,18,1022,5,1340,18,5
"1545","2020-05-17",64,18,19,228,2483,0.745066451872735,0,0,204,770,29,1051,9,1349,26,9
"1546","2020-05-18",63,18,21,232,2483,0.745066451872735,0,0,204,770,34,1085,4,1353,33,4
"1547","2020-05-19",56,18,18,234,2483,0.745066451872735,0,0,204,770,36,1121,8,1361,34,8
"1548","2020-05-20",63,18,17,241,2483,0.745066451872735,0,0,204,770,23,1144,4,1365,18,4
"1549","2020-05-21",58,18,13,244,2483,0.745066451872735,0,0,204,770,19,1163,5,1370,19,5
"1550","2020-05-22",67,18,9,240,2483,0.745066451872735,0,0,204,770,50,1213,2,1372,46,2
"1551","2020-05-23",60,18,7,250,2483,0.745066451872735,0,0,204,770,39,1252,5,1377,38,5
"1552","2020-05-24",68,18,5,255,2483,0.745066451872735,0,0,204,770,37,1289,3,1380,36,3
"1553","2020-05-25",77,18,8,247,2483,0.745066451872735,0,0,204,770,34,1323,2,1382,33,2
"1554","2020-05-26",85,18,7,258,2483,0.745066451872735,0,0,204,770,56,1379,2,1384,52,2
"1555","2020-05-27",73,18,6,268,2483,0.745066451872735,0,0,204,770,53,1432,4,1388,47,4
"1556","2020-05-28",75,18,7,270,2483,0.745066451872735,0,0,204,770,35,1467,2,1390,35,2
"1557","2020-05-29",71,18,8,272,2483,0.745066451872735,0,0,204,770,41,1508,12,1402,39,12
"1558","2020-05-30",73,18,9,266,2483,0.745066451872735,0,0,204,770,45,1553,4,1406,40,4
"1559","2020-05-31",69,18,12,265,2483,0.745066451872735,0,0,204,770,46,1599,6,1412,45,6
"1560","2020-06-01",61,18,11,266,2483,0.745066451872735,0,0,204,770,47,1646,2,1414,45,2
"1561","2020-06-02",61,18,10,264,2483,0.745066451872735,0,0,204,770,35,1681,8,1422,34,8
"1562","2020-06-03",66,18,8,269,2483,0.745066451872735,0,0,204,770,38,1719,10,1432,38,10
"1563","2020-06-04",67,18,8,271,2483,0.745066451872735,0,0,204,770,29,1748,7,1439,27,7
"1564","2020-06-05",67,18,8,274,2483,0.745066451872735,0,0,204,770,42,1790,9,1448,41,9
"1565","2020-06-06",65,18,5,269,2483,0.745066451872735,0,0,204,770,56,1846,6,1454,53,6
"1566","2020-06-07",68,18,5,275,2483,0.745066451872735,0,0,204,770,38,1884,10,1464,35,10
"1567","2020-03-13",2,19,131,103,1881,0.355661881977671,0,0,148,315,48,137,76,191,6,76
"1568","2020-03-14",5,19,186,139,1881,0.355661881977671,0,0,148,315,47,184,49,240,6,49
"1569","2020-03-15",9,19,188,200,1881,0.355661881977671,0,0,148,315,47,231,49,289,4,49
"1570","2020-03-16",14,19,195,234,1881,0.355661881977671,0,0,148,315,35,266,40,329,7,40
"1571","2020-03-17",27,19,210,271,1881,0.355661881977671,0,0,148,315,54,320,23,352,14,23
"1572","2020-03-18",41,19,183,303,1881,0.355661881977671,0,0,148,315,52,372,23,375,18,23
"1573","2020-03-19",51,19,171,335,1881,0.355661881977671,0,0,148,315,52,424,16,391,20,16
"1574","2020-03-20",61,19,192,362,1881,0.355661881977671,0,0,148,315,49,473,40,431,15,40
"1575","2020-03-21",77,19,216,367,1881,0.355661881977671,0,0,148,315,59,532,60,491,28,60
"1576","2020-03-22",87,19,213,383,1881,0.355661881977671,0,0,148,315,52,584,60,551,29,60
"1577","2020-03-23",102,19,189,379,1881,0.355661881977671,0,0,148,315,53,637,27,578,22,27
"1578","2020-03-24",104,19,162,379,1881,0.355661881977671,0,0,148,315,46,683,24,602,20,24
"1579","2020-03-25",104,19,150,389,1881,0.355661881977671,0,0,148,315,38,721,34,636,18,34
"1580","2020-03-26",115,19,180,380,1881,0.355661881977671,0,0,148,315,42,763,16,652,18,16
"1581","2020-03-27",122,19,176,390,1881,0.355661881977671,0,0,148,315,35,798,18,670,12,18
"1582","2020-03-28",121,19,178,379,1881,0.355661881977671,0,0,148,315,41,839,36,706,16,36
"1583","2020-03-29",119,19,172,375,1881,0.355661881977671,0,0,148,315,37,876,36,742,12,36
"1584","2020-03-30",114,19,156,368,1881,0.355661881977671,0,0,148,315,49,925,48,790,23,48
"1585","2020-03-31",111,19,137,363,1881,0.355661881977671,0,0,148,315,34,959,18,808,8,18
"1586","2020-04-01",112,19,135,355,1881,0.355661881977671,0,0,148,315,35,994,9,817,19,9
"1587","2020-04-02",105,19,137,342,1881,0.355661881977671,0,0,148,315,38,1032,11,828,18,11
"1588","2020-04-03",108,19,142,338,1881,0.355661881977671,0,0,148,315,40,1072,15,843,18,15
"1589","2020-04-04",108,19,146,318,1881,0.355661881977671,0,0,148,315,44,1116,47,890,26,47
"1590","2020-04-05",111,19,135,313,1881,0.355661881977671,0,0,148,315,28,1144,67,957,19,67
"1591","2020-04-06",108,19,121,298,1881,0.355661881977671,0,0,148,315,31,1175,54,1011,19,54
"1592","2020-04-07",110,19,108,299,1881,0.355661881977671,0,0,148,315,37,1212,57,1068,20,57
"1593","2020-04-08",109,19,94,296,1881,0.355661881977671,0,0,148,315,34,1246,28,1096,21,28
"1594","2020-04-09",104,19,90,286,1881,0.355661881977671,0,0,148,315,30,1276,44,1140,12,44
"1595","2020-04-10",95,19,114,285,1881,0.355661881977671,0,0,148,315,22,1298,38,1178,11,38
"1596","2020-04-11",83,19,102,283,1881,0.355661881977671,0,0,148,315,26,1324,27,1205,10,27
"1597","2020-04-12",77,19,119,274,1881,0.355661881977671,0,0,148,315,26,1350,30,1235,13,30
"1598","2020-04-13",81,19,110,263,1881,0.355661881977671,0,0,148,315,22,1372,49,1284,9,49
"1599","2020-04-14",82,19,109,252,1881,0.355661881977671,0,0,148,315,29,1401,34,1318,12,34
"1600","2020-04-15",82,19,95,255,1881,0.355661881977671,0,0,148,315,20,1421,22,1340,6,22
"1601","2020-04-16",84,19,84,258,1881,0.355661881977671,0,0,148,315,13,1434,31,1371,6,31
"1602","2020-04-17",83,19,91,242,1881,0.355661881977671,0,0,148,315,24,1458,20,1391,9,20
"1603","2020-04-18",85,19,104,232,1881,0.355661881977671,0,0,148,315,27,1485,31,1422,15,31
"1604","2020-04-19",86,19,96,222,1881,0.355661881977671,0,0,148,315,25,1510,40,1462,10,40
"1605","2020-04-20",78,19,104,221,1881,0.355661881977671,0,0,148,315,23,1533,30,1492,14,30
"1606","2020-04-21",69,19,115,224,1881,0.355661881977671,0,0,148,315,21,1554,53,1545,11,53
"1607","2020-04-22",67,19,113,215,1881,0.355661881977671,0,0,148,315,23,1577,36,1581,15,36
"1608","2020-04-23",62,19,107,207,1881,0.355661881977671,0,0,148,315,20,1597,37,1618,11,37
"1609","2020-04-24",57,19,92,200,1881,0.355661881977671,0,0,148,315,24,1621,30,1648,14,30
"1610","2020-04-25",56,19,87,190,1881,0.355661881977671,0,0,148,315,16,1637,26,1674,7,26
"1611","2020-04-26",57,19,76,182,1881,0.355661881977671,0,0,148,315,19,1656,22,1696,12,22
"1612","2020-04-27",57,19,66,179,1881,0.355661881977671,0,0,148,315,16,1672,21,1717,5,21
"1613","2020-04-28",56,19,67,172,1881,0.355661881977671,0,0,148,315,26,1698,7,1724,10,7
"1614","2020-04-29",49,19,63,161,1881,0.355661881977671,0,0,148,315,26,1724,21,1745,19,21
"1615","2020-04-30",50,19,63,158,1881,0.355661881977671,0,0,148,315,19,1743,16,1761,12,16
"1616","2020-05-01",48,19,53,151,1881,0.355661881977671,0,0,148,315,24,1767,10,1771,13,10
"1617","2020-05-02",49,19,52,159,1881,0.355661881977671,0,0,148,315,21,1788,17,1788,13,17
"1618","2020-05-03",43,19,57,155,1881,0.355661881977671,0,0,148,315,20,1808,9,1797,15,9
"1619","2020-05-04",42,19,42,157,1881,0.355661881977671,0,0,148,315,28,1836,10,1807,16,10
"1620","2020-05-05",43,19,43,152,1881,0.355661881977671,0,0,148,315,24,1860,8,1815,16,8
"1621","2020-05-06",44,19,48,159,1881,0.355661881977671,0,0,148,315,22,1882,11,1826,12,11
"1622","2020-05-07",42,19,40,161,1881,0.355661881977671,0,0,148,315,25,1907,8,1834,19,8
"1623","2020-05-08",44,19,33,165,1881,0.355661881977671,0,0,148,315,17,1924,17,1851,6,17
"1624","2020-05-09",44,19,25,162,1881,0.355661881977671,0,0,148,315,22,1946,8,1859,13,8
"1625","2020-05-10",42,19,23,161,1881,0.355661881977671,0,0,148,315,25,1971,10,1869,17,10
"1626","2020-05-11",42,19,24,163,1881,0.355661881977671,0,0,148,315,17,1988,9,1878,11,9
"1627","2020-05-12",44,19,24,172,1881,0.355661881977671,0,0,148,315,24,2012,8,1886,17,8
"1628","2020-05-13",42,19,25,176,1881,0.355661881977671,0,0,148,315,19,2031,8,1894,12,8
"1629","2020-05-14",42,19,22,169,1881,0.355661881977671,0,0,148,315,27,2058,4,1898,19,4
"1630","2020-05-15",47,19,20,169,1881,0.355661881977671,0,0,148,315,26,2084,7,1905,20,7
"1631","2020-05-16",46,19,19,163,1881,0.355661881977671,0,0,148,315,18,2102,7,1912,9,7
"1632","2020-05-17",58,19,22,162,1881,0.355661881977671,0,0,148,315,25,2127,4,1916,16,4
"1633","2020-05-18",54,19,21,166,1881,0.355661881977671,0,0,148,315,25,2152,6,1922,18,6
"1634","2020-05-19",54,19,25,161,1881,0.355661881977671,0,0,148,315,24,2176,4,1926,16,4
"1635","2020-05-20",57,19,23,152,1881,0.355661881977671,0,0,148,315,28,2204,6,1932,15,6
"1636","2020-05-21",59,19,24,149,1881,0.355661881977671,0,0,148,315,12,2216,2,1934,8,2
"1637","2020-05-22",51,19,26,150,1881,0.355661881977671,0,0,148,315,21,2237,8,1942,11,8
"1638","2020-05-23",46,19,31,151,1881,0.355661881977671,0,0,148,315,23,2260,8,1950,16,8
"1639","2020-05-24",36,19,33,145,1881,0.355661881977671,0,0,148,315,31,2291,3,1953,20,3
"1640","2020-05-25",40,19,30,140,1881,0.355661881977671,0,0,148,315,26,2317,5,1958,20,5
"1641","2020-05-26",36,19,33,139,1881,0.355661881977671,0,0,148,315,19,2336,4,1962,15,4
"1642","2020-05-27",38,19,31,142,1881,0.355661881977671,0,0,148,315,27,2363,5,1967,18,5
"1643","2020-05-28",38,19,27,151,1881,0.355661881977671,0,0,148,315,24,2387,1,1968,19,1
"1644","2020-05-29",42,19,27,151,1881,0.355661881977671,0,0,148,315,26,2413,1,1969,19,1
"1645","2020-05-30",46,19,26,141,1881,0.355661881977671,0,0,148,315,29,2442,NA,NA,18,NA
"1646","2020-05-31",48,19,22,141,1881,0.355661881977671,0,0,148,315,19,2461,1,1970,16,1
"1647","2020-06-01",48,19,27,143,1881,0.355661881977671,0,0,148,315,33,2494,2,1972,26,2
"1648","2020-06-02",47,19,24,133,1881,0.355661881977671,0,0,148,315,32,2526,3,1975,27,3
"1649","2020-06-03",40,19,23,126,1881,0.355661881977671,0,0,148,315,41,2567,4,1979,33,4
"1650","2020-06-04",39,19,27,118,1881,0.355661881977671,0,0,148,315,28,2595,1,1980,20,1
"1651","2020-06-05",35,19,32,112,1881,0.355661881977671,0,0,148,315,27,2622,1,1981,21,1
"1652","2020-06-06",34,19,37,115,1881,0.355661881977671,0,0,148,315,29,2651,NA,NA,26,NA
"1653","2020-06-07",30,19,34,116,1881,0.355661881977671,0,0,148,315,26,2677,1,1982,20,1
"1654","2020-03-14",3,20,240,84,4385,0.942987457240593,0,0,415,512,12,62,43,165,2,43
"1655","2020-03-15",3,20,285,118,4385,0.942987457240593,0,0,415,512,10,72,43,208,6,43
"1656","2020-03-16",6,20,277,160,4385,0.942987457240593,0,0,415,512,25,97,45,253,5,45
"1657","2020-03-17",10,20,236,190,4385,0.942987457240593,0,0,415,512,18,115,34,287,6,34
"1658","2020-03-18",14,20,213,237,4385,0.942987457240593,0,0,415,512,21,136,48,335,6,48
"1659","2020-03-19",24,20,187,284,4385,0.942987457240593,0,0,415,512,23,159,38,373,6,38
"1660","2020-03-20",33,20,183,335,4385,0.942987457240593,0,0,415,512,18,177,42,415,8,42
"1661","2020-03-21",42,20,151,377,4385,0.942987457240593,0,0,415,512,10,187,43,458,5,43
"1662","2020-03-22",60,20,150,425,4385,0.942987457240593,0,0,415,512,16,203,44,502,5,44
"1663","2020-03-23",74,20,130,466,4385,0.942987457240593,0,0,415,512,21,224,41,543,8,41
"1664","2020-03-24",90,20,132,503,4385,0.942987457240593,0,0,415,512,12,236,50,593,6,50
"1665","2020-03-25",107,20,183,549,4385,0.942987457240593,0,0,415,512,26,262,63,656,13,63
"1666","2020-03-26",114,20,217,609,4385,0.942987457240593,0,0,415,512,24,286,66,722,12,66
"1667","2020-03-27",125,20,218,661,4385,0.942987457240593,0,0,415,512,23,309,38,760,11,38
"1668","2020-03-28",136,20,243,690,4385,0.942987457240593,0,0,415,512,17,326,39,799,9,39
"1669","2020-03-29",143,20,288,730,4385,0.942987457240593,0,0,415,512,21,347,56,855,7,56
"1670","2020-03-30",149,20,303,750,4385,0.942987457240593,0,0,415,512,14,361,32,887,5,32
"1671","2020-03-31",152,20,303,806,4385,0.942987457240593,0,0,415,512,10,371,48,935,3,48
"1672","2020-04-01",163,20,309,830,4385,0.942987457240593,0,0,415,512,21,392,42,977,10,42
"1673","2020-04-02",190,20,266,881,4385,0.942987457240593,0,0,415,512,17,409,51,1028,6,51
"1674","2020-04-03",198,20,235,905,4385,0.942987457240593,0,0,415,512,12,421,49,1077,3,49
"1675","2020-04-04",213,20,230,936,4385,0.942987457240593,0,0,415,512,18,439,44,1121,8,44
"1676","2020-04-05",227,20,212,967,4385,0.942987457240593,0,0,415,512,12,451,57,1178,5,57
"1677","2020-04-06",239,20,189,974,4385,0.942987457240593,0,0,415,512,16,467,42,1220,7,42
"1678","2020-04-07",255,20,163,1003,4385,0.942987457240593,0,0,415,512,18,485,40,1260,12,40
"1679","2020-04-08",253,20,143,1014,4385,0.942987457240593,0,0,415,512,13,498,38,1298,10,38
"1680","2020-04-09",240,20,161,1026,4385,0.942987457240593,0,0,415,512,7,505,30,1328,4,30
"1681","2020-04-10",259,20,196,1023,4385,0.942987457240593,0,0,415,512,7,512,25,1353,4,25
"1682","2020-04-11",266,20,188,1009,4385,0.942987457240593,0,0,415,512,17,529,31,1384,9,31
"1683","2020-04-12",268,20,167,1003,4385,0.942987457240593,0,0,415,512,12,541,33,1417,8,33
"1684","2020-04-13",262,20,149,992,4385,0.942987457240593,0,0,415,512,8,549,41,1458,5,41
"1685","2020-04-14",264,20,139,990,4385,0.942987457240593,0,0,415,512,12,561,29,1487,4,29
"1686","2020-04-15",285,20,122,988,4385,0.942987457240593,0,0,415,512,17,578,33,1520,8,33
"1687","2020-04-16",292,20,133,955,4385,0.942987457240593,0,0,415,512,7,585,28,1548,5,28
"1688","2020-04-17",287,20,126,929,4385,0.942987457240593,0,0,415,512,11,596,32,1580,8,32
"1689","2020-04-18",283,20,144,919,4385,0.942987457240593,0,0,415,512,16,612,28,1608,12,28
"1690","2020-04-19",265,20,139,898,4385,0.942987457240593,0,0,415,512,8,620,35,1643,4,35
"1691","2020-04-20",278,20,134,871,4385,0.942987457240593,0,0,415,512,13,633,28,1671,9,28
"1692","2020-04-21",268,20,130,838,4385,0.942987457240593,0,0,415,512,14,647,24,1695,10,24
"1693","2020-04-22",251,20,116,805,4385,0.942987457240593,0,0,415,512,15,662,13,1708,13,13
"1694","2020-04-23",247,20,102,774,4385,0.942987457240593,0,0,415,512,8,670,20,1728,6,20
"1695","2020-04-24",240,20,95,745,4385,0.942987457240593,0,0,415,512,19,689,27,1755,13,27
"1696","2020-04-25",227,20,87,707,4385,0.942987457240593,0,0,415,512,15,704,31,1786,11,31
"1697","2020-04-26",234,20,76,680,4385,0.942987457240593,0,0,415,512,21,725,20,1806,15,20
"1698","2020-04-27",210,20,85,674,4385,0.942987457240593,0,0,415,512,15,740,13,1819,14,13
"1699","2020-04-28",209,20,84,656,4385,0.942987457240593,0,0,415,512,21,761,24,1843,19,24
"1700","2020-04-29",208,20,74,627,4385,0.942987457240593,0,0,415,512,18,779,25,1868,15,25
"1701","2020-04-30",203,20,54,598,4385,0.942987457240593,0,0,415,512,19,798,24,1892,15,24
"1702","2020-05-01",197,20,58,577,4385,0.942987457240593,0,0,415,512,21,819,18,1910,16,18
"1703","2020-05-02",202,20,67,549,4385,0.942987457240593,0,0,415,512,15,834,30,1940,12,30
"1704","2020-05-03",188,20,69,529,4385,0.942987457240593,0,0,415,512,13,847,20,1960,9,20
"1705","2020-05-04",195,20,67,508,4385,0.942987457240593,0,0,415,512,20,867,27,1987,17,27
"1706","2020-05-05",184,20,64,482,4385,0.942987457240593,0,0,415,512,19,886,20,2007,18,20
"1707","2020-05-06",164,20,70,462,4385,0.942987457240593,0,0,415,512,15,901,25,2032,13,25
"1708","2020-05-07",155,20,64,439,4385,0.942987457240593,0,0,415,512,15,916,26,2058,14,26
"1709","2020-05-08",145,20,53,416,4385,0.942987457240593,0,0,415,512,27,943,20,2078,24,20
"1710","2020-05-09",128,20,45,399,4385,0.942987457240593,0,0,415,512,12,955,24,2102,9,24
"1711","2020-05-10",133,20,37,382,4385,0.942987457240593,0,0,415,512,14,969,14,2116,12,14
"1712","2020-05-11",124,20,27,360,4385,0.942987457240593,0,0,415,512,12,981,20,2136,9,20
"1713","2020-05-12",126,20,28,355,4385,0.942987457240593,0,0,415,512,14,995,24,2160,13,24
"1714","2020-05-13",126,20,29,352,4385,0.942987457240593,0,0,415,512,12,1007,20,2180,10,20
"1715","2020-05-14",124,20,23,340,4385,0.942987457240593,0,0,415,512,16,1023,20,2200,11,20
"1716","2020-05-15",116,20,16,328,4385,0.942987457240593,0,0,415,512,12,1035,17,2217,8,17
"1717","2020-05-16",119,20,16,315,4385,0.942987457240593,0,0,415,512,18,1053,10,2227,13,10
"1718","2020-05-17",104,20,13,301,4385,0.942987457240593,0,0,415,512,14,1067,18,2245,8,18
"1719","2020-05-18",94,20,15,295,4385,0.942987457240593,0,0,415,512,9,1076,13,2258,6,13
"1720","2020-05-19",86,20,16,288,4385,0.942987457240593,0,0,415,512,12,1088,17,2275,11,17
"1721","2020-05-20",86,20,15,270,4385,0.942987457240593,0,0,415,512,10,1098,15,2290,9,15
"1722","2020-05-21",80,20,12,258,4385,0.942987457240593,0,0,415,512,21,1119,13,2303,19,13
"1723","2020-05-22",77,20,9,251,4385,0.942987457240593,0,0,415,512,10,1129,13,2316,8,13
"1724","2020-05-23",66,20,7,255,4385,0.942987457240593,0,0,415,512,13,1142,8,2324,10,8
"1725","2020-05-24",70,20,10,256,4385,0.942987457240593,0,0,415,512,19,1161,6,2330,16,6
"1726","2020-05-25",73,20,12,254,4385,0.942987457240593,0,0,415,512,13,1174,9,2339,10,9
"1727","2020-05-26",72,20,12,251,4385,0.942987457240593,0,0,415,512,11,1185,11,2350,10,11
"1728","2020-05-27",69,20,14,238,4385,0.942987457240593,0,0,415,512,15,1200,9,2359,12,9
"1729","2020-05-28",65,20,12,230,4385,0.942987457240593,0,0,415,512,13,1213,9,2368,13,9
"1730","2020-05-29",66,20,9,211,4385,0.942987457240593,0,0,415,512,25,1238,14,2382,23,14
"1731","2020-05-30",70,20,8,211,4385,0.942987457240593,0,0,415,512,8,1246,10,2392,6,10
"1732","2020-05-31",65,20,8,202,4385,0.942987457240593,0,0,415,512,16,1262,12,2404,14,12
"1733","2020-06-01",64,20,9,191,4385,0.942987457240593,0,0,415,512,16,1278,9,2413,12,9
"1734","2020-06-02",58,20,9,194,4385,0.942987457240593,0,0,415,512,15,1293,12,2425,9,12
"1735","2020-06-03",57,20,8,179,4385,0.942987457240593,0,0,415,512,16,1309,9,2434,14,9
"1736","2020-06-04",58,20,8,166,4385,0.942987457240593,0,0,415,512,21,1330,13,2447,16,13
"1737","2020-06-05",52,20,9,161,4385,0.942987457240593,0,0,415,512,17,1347,11,2458,16,11
"1738","2020-06-06",48,20,9,160,4385,0.942987457240593,0,0,415,512,27,1374,7,2465,24,7
"1739","2020-06-07",48,20,12,142,4385,0.942987457240593,0,0,415,512,15,1389,7,2472,12,7
