"","Date","Absents","Paramset","Infections_or_Exposed_per_day_Patient","Infections_or_Exposed_per_day_HCW","total_infections","nosocomial_proportion","PCR_pooled","LFD_pooled","HCW_symp_test","patient_symp_test","new_hcw_infs","cumulative_hcw_infs","new_pat_infs","cumulative_pats_infs","new_nosocomial_hcw_infs","new_nosocomial_pat_infs"
"1","2020-03-12",1,1,47,87,7605,0.650230111768573,0,0,699,669,46,87,17,26,2,17
"2","2020-03-13",6,1,74,134,7605,0.650230111768573,0,0,699,669,47,134,24,50,7,24
"3","2020-03-14",10,1,83,188,7605,0.650230111768573,0,0,699,669,54,188,17,67,17,17
"4","2020-03-15",20,1,98,248,7605,0.650230111768573,0,0,699,669,60,248,24,91,18,24
"5","2020-03-16",31,1,102,320,7605,0.650230111768573,0,0,699,669,72,320,25,116,29,25
"6","2020-03-17",42,1,104,412,7605,0.650230111768573,0,0,699,669,95,415,18,134,48,18
"7","2020-03-18",59,1,119,513,7605,0.650230111768573,0,0,699,669,105,520,27,161,68,27
"8","2020-03-19",74,1,121,638,7605,0.650230111768573,0,0,699,669,137,657,29,190,80,29
"9","2020-03-20",97,1,113,746,7605,0.650230111768573,0,0,699,669,121,778,18,208,70,18
"10","2020-03-21",123,1,119,884,7605,0.650230111768573,0,0,699,669,160,938,17,225,125,17
"11","2020-03-22",148,1,125,981,7605,0.650230111768573,0,0,699,669,126,1064,20,245,90,20
"12","2020-03-23",172,1,145,1090,7605,0.650230111768573,0,0,699,669,146,1210,35,280,116,35
"13","2020-03-24",206,1,140,1224,7605,0.650230111768573,0,0,699,669,187,1397,27,307,153,27
"14","2020-03-25",235,1,141,1321,7605,0.650230111768573,0,0,699,669,163,1560,32,339,131,32
"15","2020-03-26",261,1,146,1417,7605,0.650230111768573,0,0,699,669,175,1735,25,364,145,25
"16","2020-03-27",293,1,134,1536,7605,0.650230111768573,0,0,699,669,201,1936,20,384,168,20
"17","2020-03-28",334,1,139,1649,7605,0.650230111768573,0,0,699,669,192,2128,27,411,155,27
"18","2020-03-29",364,1,176,1821,7605,0.650230111768573,0,0,699,669,254,2382,48,459,214,48
"19","2020-03-30",411,1,181,1937,7605,0.650230111768573,0,0,699,669,230,2612,35,494,183,35
"20","2020-03-31",440,1,165,2040,7605,0.650230111768573,0,0,699,669,237,2849,25,519,189,25
"21","2020-04-01",476,1,156,2147,7605,0.650230111768573,0,0,699,669,232,3081,19,538,186,19
"22","2020-04-02",492,1,164,2224,7605,0.650230111768573,0,0,699,669,225,3306,35,573,189,35
"23","2020-04-03",518,1,169,2285,7605,0.650230111768573,0,0,699,669,220,3526,35,608,187,35
"24","2020-04-04",540,1,178,2363,7605,0.650230111768573,0,0,699,669,247,3773,41,649,206,41
"25","2020-04-05",568,1,208,2382,7605,0.650230111768573,0,0,699,669,199,3972,48,697,168,48
"26","2020-04-06",599,1,205,2430,7605,0.650230111768573,0,0,699,669,229,4201,33,730,194,33
"27","2020-04-07",606,1,182,2415,7605,0.650230111768573,0,0,699,669,189,4390,21,751,158,21
"28","2020-04-08",621,1,149,2362,7605,0.650230111768573,0,0,699,669,156,4546,12,763,127,12
"29","2020-04-09",654,1,129,2332,7605,0.650230111768573,0,0,699,669,175,4721,12,775,150,12
"30","2020-04-10",690,1,130,2285,7605,0.650230111768573,0,0,699,669,149,4870,14,789,112,14
"31","2020-04-11",677,1,112,2215,7605,0.650230111768573,0,0,699,669,132,5002,21,810,111,21
"32","2020-04-12",666,1,135,2105,7605,0.650230111768573,0,0,699,669,119,5121,31,841,95,31
"33","2020-04-13",629,1,160,2003,7605,0.650230111768573,0,0,699,669,126,5247,43,884,91,43
"34","2020-04-14",613,1,158,1901,7605,0.650230111768573,0,0,699,669,90,5337,26,910,70,26
"35","2020-04-15",602,1,146,1769,7605,0.650230111768573,0,0,699,669,94,5431,16,926,69,16
"36","2020-04-16",586,1,127,1648,7605,0.650230111768573,0,0,699,669,82,5513,14,940,63,14
"37","2020-04-17",522,1,113,1522,7605,0.650230111768573,0,0,699,669,77,5590,10,950,55,10
"38","2020-04-18",505,1,121,1400,7605,0.650230111768573,0,0,699,669,65,5655,20,970,45,20
"39","2020-04-19",481,1,153,1278,7605,0.650230111768573,0,0,699,669,66,5721,40,1010,47,40
"40","2020-04-20",447,1,184,1187,7605,0.650230111768573,0,0,699,669,53,5774,51,1061,37,51
"41","2020-04-21",432,1,202,1109,7605,0.650230111768573,0,0,699,669,73,5847,40,1101,45,40
"42","2020-04-22",384,1,190,1022,7605,0.650230111768573,0,0,699,669,48,5895,33,1134,31,33
"43","2020-04-23",360,1,185,927,7605,0.650230111768573,0,0,699,669,51,5946,24,1158,29,24
"44","2020-04-24",338,1,164,863,7605,0.650230111768573,0,0,699,669,44,5990,23,1181,26,23
"45","2020-04-25",306,1,163,811,7605,0.650230111768573,0,0,699,669,40,6030,28,1209,19,28
"46","2020-04-26",268,1,162,730,7605,0.650230111768573,0,0,699,669,30,6060,22,1231,19,22
"47","2020-04-27",250,1,178,681,7605,0.650230111768573,0,0,699,669,49,6109,36,1267,19,36
"48","2020-04-28",231,1,160,640,7605,0.650230111768573,0,0,699,669,33,6142,19,1286,17,19
"49","2020-04-29",215,1,136,597,7605,0.650230111768573,0,0,699,669,43,6185,12,1298,21,12
"50","2020-04-30",187,1,148,565,7605,0.650230111768573,0,0,699,669,26,6211,33,1331,13,33
"51","2020-05-01",174,1,182,522,7605,0.650230111768573,0,0,699,669,28,6239,48,1379,11,48
"52","2020-05-02",166,1,201,495,7605,0.650230111768573,0,0,699,669,36,6275,45,1424,17,45
"53","2020-05-03",163,1,198,481,7605,0.650230111768573,0,0,699,669,38,6313,32,1456,17,32
"54","2020-05-04",156,1,187,462,7605,0.650230111768573,0,0,699,669,34,6347,25,1481,20,25
"55","2020-05-05",145,1,170,449,7605,0.650230111768573,0,0,699,669,33,6380,15,1496,18,15
"56","2020-05-06",139,1,200,438,7605,0.650230111768573,0,0,699,669,30,6410,46,1542,14,46
"57","2020-05-07",138,1,202,428,7605,0.650230111768573,0,0,699,669,28,6438,33,1575,16,33
"58","2020-05-08",131,1,196,403,7605,0.650230111768573,0,0,699,669,25,6463,20,1595,16,20
"59","2020-05-09",122,1,177,400,7605,0.650230111768573,0,0,699,669,32,6495,16,1611,20,16
"60","2020-05-10",119,1,154,392,7605,0.650230111768573,0,0,699,669,31,6526,11,1622,18,11
"61","2020-05-11",122,1,158,375,7605,0.650230111768573,0,0,699,669,22,6548,20,1642,12,20
"62","2020-05-12",111,1,150,343,7605,0.650230111768573,0,0,699,669,19,6567,21,1663,8,21
"63","2020-05-13",114,1,137,323,7605,0.650230111768573,0,0,699,669,20,6587,12,1675,10,12
"64","2020-05-14",106,1,125,310,7605,0.650230111768573,0,0,699,669,17,6604,19,1694,3,19
"65","2020-05-15",109,1,127,294,7605,0.650230111768573,0,0,699,669,20,6624,13,1707,9,13
"66","2020-05-16",111,1,155,271,7605,0.650230111768573,0,0,699,669,9,6633,32,1739,2,32
"67","2020-05-17",110,1,154,254,7605,0.650230111768573,0,0,699,669,16,6649,26,1765,6,26
"68","2020-05-18",101,1,149,243,7605,0.650230111768573,0,0,699,669,16,6665,15,1780,6,15
"69","2020-05-19",101,1,134,233,7605,0.650230111768573,0,0,699,669,17,6682,14,1794,7,14
"70","2020-05-20",92,1,127,226,7605,0.650230111768573,0,0,699,669,17,6699,8,1802,3,8
"71","2020-05-21",84,1,115,215,7605,0.650230111768573,0,0,699,669,9,6708,7,1809,4,7
"72","2020-05-22",75,1,103,199,7605,0.650230111768573,0,0,699,669,9,6717,7,1816,3,7
"73","2020-05-23",68,1,99,189,7605,0.650230111768573,0,0,699,669,15,6732,6,1822,4,6
"74","2020-05-24",59,1,94,188,7605,0.650230111768573,0,0,699,669,16,6748,9,1831,1,9
"75","2020-05-25",57,1,88,171,7605,0.650230111768573,0,0,699,669,11,6759,10,1841,3,10
"76","2020-05-26",51,1,91,166,7605,0.650230111768573,0,0,699,669,12,6771,10,1851,5,10
"77","2020-05-27",48,1,107,155,7605,0.650230111768573,0,0,699,669,7,6778,13,1864,3,13
"78","2020-05-28",46,1,102,152,7605,0.650230111768573,0,0,699,669,9,6787,13,1877,4,13
"79","2020-05-29",42,1,107,146,7605,0.650230111768573,0,0,699,669,6,6793,16,1893,3,16
"80","2020-05-30",38,1,122,139,7605,0.650230111768573,0,0,699,669,15,6808,33,1926,5,33
"81","2020-05-31",43,1,151,133,7605,0.650230111768573,0,0,699,669,11,6819,43,1969,3,43
"82","2020-06-01",37,1,151,127,7605,0.650230111768573,0,0,699,669,13,6832,29,1998,4,29
"83","2020-06-02",35,1,162,128,7605,0.650230111768573,0,0,699,669,13,6845,28,2026,5,28
"84","2020-06-03",34,1,159,122,7605,0.650230111768573,0,0,699,669,4,6849,18,2044,3,18
"85","2020-06-04",36,1,162,125,7605,0.650230111768573,0,0,699,669,13,6862,33,2077,4,33
"86","2020-06-05",35,1,172,120,7605,0.650230111768573,0,0,699,669,7,6869,28,2105,3,28
"87","2020-06-06",38,1,171,117,7605,0.650230111768573,0,0,699,669,12,6881,32,2137,3,32
"88","2020-06-07",32,1,168,113,7605,0.650230111768573,0,0,699,669,9,6890,25,2162,3,25
"89","2020-03-13",1,2,22,93,4927,0.634057235640349,0,0,461,505,36,106,10,28,3,10
"90","2020-03-14",3,2,39,133,4927,0.634057235640349,0,0,461,505,50,156,32,60,8,32
"91","2020-03-15",7,2,45,178,4927,0.634057235640349,0,0,461,505,63,219,9,69,21,9
"92","2020-03-16",15,2,44,225,4927,0.634057235640349,0,0,461,505,45,264,10,79,15,10
"93","2020-03-17",26,2,44,265,4927,0.634057235640349,0,0,461,505,42,306,17,96,16,17
"94","2020-03-18",40,2,48,305,4927,0.634057235640349,0,0,461,505,66,372,9,105,31,9
"95","2020-03-19",51,2,43,366,4927,0.634057235640349,0,0,461,505,66,438,18,123,25,18
"96","2020-03-20",67,2,53,420,4927,0.634057235640349,0,0,461,505,55,493,30,153,22,30
"97","2020-03-21",80,2,57,474,4927,0.634057235640349,0,0,461,505,52,545,26,179,21,26
"98","2020-03-22",97,2,73,522,4927,0.634057235640349,0,0,461,505,46,591,17,196,11,17
"99","2020-03-23",109,2,91,567,4927,0.634057235640349,0,0,461,505,60,651,23,219,33,23
"100","2020-03-24",120,2,93,612,4927,0.634057235640349,0,0,461,505,50,701,15,234,27,15
"101","2020-03-25",134,2,81,663,4927,0.634057235640349,0,0,461,505,63,764,22,256,27,22
"102","2020-03-26",154,2,77,684,4927,0.634057235640349,0,0,461,505,75,839,25,281,36,25
"103","2020-03-27",163,2,77,734,4927,0.634057235640349,0,0,461,505,67,906,18,299,28,18
"104","2020-03-28",179,2,93,757,4927,0.634057235640349,0,0,461,505,71,977,50,349,29,50
"105","2020-03-29",193,2,95,802,4927,0.634057235640349,0,0,461,505,61,1038,26,375,31,26
"106","2020-03-30",210,2,105,853,4927,0.634057235640349,0,0,461,505,63,1101,25,400,28,25
"107","2020-03-31",222,2,106,886,4927,0.634057235640349,0,0,461,505,60,1161,32,432,27,32
"108","2020-04-01",231,2,92,908,4927,0.634057235640349,0,0,461,505,53,1214,27,459,24,27
"109","2020-04-02",229,2,83,912,4927,0.634057235640349,0,0,461,505,65,1279,25,484,34,25
"110","2020-04-03",233,2,76,937,4927,0.634057235640349,0,0,461,505,60,1339,25,509,26,25
"111","2020-04-04",241,2,98,973,4927,0.634057235640349,0,0,461,505,67,1406,21,530,20,21
"112","2020-04-05",240,2,93,1014,4927,0.634057235640349,0,0,461,505,47,1453,33,563,18,33
"113","2020-04-06",232,2,120,1039,4927,0.634057235640349,0,0,461,505,72,1525,26,589,27,26
"114","2020-04-07",234,2,133,1041,4927,0.634057235640349,0,0,461,505,56,1581,14,603,19,14
"115","2020-04-08",246,2,126,1033,4927,0.634057235640349,0,0,461,505,75,1656,28,631,23,28
"116","2020-04-09",267,2,120,1037,4927,0.634057235640349,0,0,461,505,59,1715,38,669,23,38
"117","2020-04-10",276,2,97,1029,4927,0.634057235640349,0,0,461,505,90,1805,32,701,38,32
"118","2020-04-11",288,2,122,1008,4927,0.634057235640349,0,0,461,505,54,1859,26,727,20,26
"119","2020-04-12",295,2,140,1002,4927,0.634057235640349,0,0,461,505,50,1909,29,756,16,29
"120","2020-04-13",308,2,148,1014,4927,0.634057235640349,0,0,461,505,48,1957,39,795,13,39
"121","2020-04-14",310,2,163,1000,4927,0.634057235640349,0,0,461,505,41,1998,45,840,11,45
"122","2020-04-15",302,2,184,975,4927,0.634057235640349,0,0,461,505,47,2045,22,862,14,22
"123","2020-04-16",294,2,201,935,4927,0.634057235640349,0,0,461,505,43,2088,28,890,11,28
"124","2020-04-17",293,2,220,893,4927,0.634057235640349,0,0,461,505,63,2151,42,932,20,42
"125","2020-04-18",278,2,240,881,4927,0.634057235640349,0,0,461,505,55,2206,54,986,11,54
"126","2020-04-19",270,2,237,857,4927,0.634057235640349,0,0,461,505,53,2259,39,1025,13,39
"127","2020-04-20",266,2,196,826,4927,0.634057235640349,0,0,461,505,50,2309,32,1057,13,32
"128","2020-04-21",259,2,168,801,4927,0.634057235640349,0,0,461,505,67,2376,37,1094,15,37
"129","2020-04-22",257,2,140,784,4927,0.634057235640349,0,0,461,505,49,2425,34,1128,9,34
"130","2020-04-23",246,2,125,772,4927,0.634057235640349,0,0,461,505,53,2478,24,1152,15,24
"131","2020-04-24",237,2,122,763,4927,0.634057235640349,0,0,461,505,54,2532,41,1193,14,41
"132","2020-04-25",230,2,122,734,4927,0.634057235640349,0,0,461,505,53,2585,50,1243,19,50
"133","2020-04-26",231,2,112,684,4927,0.634057235640349,0,0,461,505,48,2633,35,1278,13,35
"134","2020-04-27",226,2,112,646,4927,0.634057235640349,0,0,461,505,58,2691,33,1311,12,33
"135","2020-04-28",219,2,114,645,4927,0.634057235640349,0,0,461,505,52,2743,31,1342,12,31
"136","2020-04-29",211,2,109,624,4927,0.634057235640349,0,0,461,505,53,2796,25,1367,15,25
"137","2020-04-30",197,2,107,635,4927,0.634057235640349,0,0,461,505,51,2847,24,1391,17,24
"138","2020-05-01",195,2,131,632,4927,0.634057235640349,0,0,461,505,47,2894,17,1408,14,17
"139","2020-05-02",183,2,138,640,4927,0.634057235640349,0,0,461,505,41,2935,13,1421,14,13
"140","2020-05-03",179,2,131,632,4927,0.634057235640349,0,0,461,505,37,2972,21,1442,14,21
"141","2020-05-04",170,2,124,618,4927,0.634057235640349,0,0,461,505,43,3015,32,1474,16,32
"142","2020-05-05",162,2,123,614,4927,0.634057235640349,0,0,461,505,47,3062,48,1522,12,48
"143","2020-05-06",160,2,148,593,4927,0.634057235640349,0,0,461,505,45,3107,22,1544,18,22
"144","2020-05-07",166,2,166,579,4927,0.634057235640349,0,0,461,505,52,3159,30,1574,23,30
"145","2020-05-08",168,2,152,548,4927,0.634057235640349,0,0,461,505,38,3197,28,1602,10,28
"146","2020-05-09",170,2,139,540,4927,0.634057235640349,0,0,461,505,51,3248,41,1643,24,41
"147","2020-05-10",164,2,121,523,4927,0.634057235640349,0,0,461,505,38,3286,19,1662,13,19
"148","2020-05-11",159,2,113,509,4927,0.634057235640349,0,0,461,505,36,3322,36,1698,12,36
"149","2020-05-12",167,2,104,497,4927,0.634057235640349,0,0,461,505,40,3362,33,1731,16,33
"150","2020-05-13",159,2,101,473,4927,0.634057235640349,0,0,461,505,34,3396,50,1781,10,50
"151","2020-05-14",159,2,114,451,4927,0.634057235640349,0,0,461,505,38,3434,37,1818,8,37
"152","2020-05-15",149,2,117,435,4927,0.634057235640349,0,0,461,505,44,3478,39,1857,15,39
"153","2020-05-16",147,2,101,433,4927,0.634057235640349,0,0,461,505,30,3508,38,1895,11,38
"154","2020-05-17",143,2,90,399,4927,0.634057235640349,0,0,461,505,30,3538,52,1947,4,52
"155","2020-05-18",142,2,73,402,4927,0.634057235640349,0,0,461,505,25,3563,48,1995,8,48
"156","2020-05-19",130,2,81,392,4927,0.634057235640349,0,0,461,505,34,3597,41,2036,12,41
"157","2020-05-20",127,2,81,387,4927,0.634057235640349,0,0,461,505,31,3628,30,2066,7,30
"158","2020-05-21",128,2,95,384,4927,0.634057235640349,0,0,461,505,23,3651,35,2101,7,35
"159","2020-05-22",119,2,101,378,4927,0.634057235640349,0,0,461,505,24,3675,23,2124,7,23
"160","2020-05-23",118,2,120,370,4927,0.634057235640349,0,0,461,505,28,3703,22,2146,6,22
"161","2020-05-24",111,2,122,359,4927,0.634057235640349,0,0,461,505,35,3738,38,2184,12,38
"162","2020-05-25",99,2,118,347,4927,0.634057235640349,0,0,461,505,31,3769,43,2227,5,43
"163","2020-05-26",105,2,130,327,4927,0.634057235640349,0,0,461,505,22,3791,38,2265,4,38
"164","2020-05-27",104,2,117,300,4927,0.634057235640349,0,0,461,505,26,3817,35,2300,8,35
"165","2020-05-28",92,2,113,283,4927,0.634057235640349,0,0,461,505,24,3841,31,2331,7,31
"166","2020-05-29",93,2,117,265,4927,0.634057235640349,0,0,461,505,24,3865,42,2373,3,42
"167","2020-05-30",89,2,112,246,4927,0.634057235640349,0,0,461,505,32,3897,37,2410,9,37
"168","2020-05-31",90,2,125,229,4927,0.634057235640349,0,0,461,505,20,3917,27,2437,4,27
"169","2020-06-01",91,2,136,221,4927,0.634057235640349,0,0,461,505,17,3934,19,2456,2,19
"170","2020-06-02",83,2,128,209,4927,0.634057235640349,0,0,461,505,10,3944,20,2476,4,20
"171","2020-06-03",73,2,111,192,4927,0.634057235640349,0,0,461,505,20,3964,27,2503,6,27
"172","2020-06-04",78,2,103,177,4927,0.634057235640349,0,0,461,505,10,3974,27,2530,3,27
"173","2020-06-05",76,2,83,166,4927,0.634057235640349,0,0,461,505,17,3991,20,2550,3,20
"174","2020-06-06",73,2,84,165,4927,0.634057235640349,0,0,461,505,15,4006,13,2563,10,13
"175","2020-06-07",65,2,84,146,4927,0.634057235640349,0,0,461,505,20,4026,23,2586,8,23
"176","2020-03-13",1,3,93,131,5136,0.385514018691589,0,0,437,1092,20,41,16,56,10,16
"177","2020-03-14",4,3,113,184,5136,0.385514018691589,0,0,437,1092,20,61,24,80,10,24
"178","2020-03-15",11,3,146,224,5136,0.385514018691589,0,0,437,1092,31,92,5,85,18,5
"179","2020-03-16",15,3,137,282,5136,0.385514018691589,0,0,437,1092,31,123,12,97,19,12
"180","2020-03-17",32,3,165,341,5136,0.385514018691589,0,0,437,1092,37,160,26,123,25,26
"181","2020-03-18",49,3,197,407,5136,0.385514018691589,0,0,437,1092,49,209,28,151,34,28
"182","2020-03-19",65,3,233,462,5136,0.385514018691589,0,0,437,1092,46,255,18,169,38,18
"183","2020-03-20",84,3,251,507,5136,0.385514018691589,0,0,437,1092,64,319,18,187,55,18
"184","2020-03-21",105,3,273,562,5136,0.385514018691589,0,0,437,1092,71,390,32,219,57,32
"185","2020-03-22",114,3,311,605,5136,0.385514018691589,0,0,437,1092,75,465,25,244,67,25
"186","2020-03-23",131,3,330,641,5136,0.385514018691589,0,0,437,1092,78,543,17,261,71,17
"187","2020-03-24",142,3,329,671,5136,0.385514018691589,0,0,437,1092,80,623,20,281,73,20
"188","2020-03-25",155,3,329,682,5136,0.385514018691589,0,0,437,1092,83,706,25,306,79,25
"189","2020-03-26",174,3,320,698,5136,0.385514018691589,0,0,437,1092,109,815,16,322,99,16
"190","2020-03-27",187,3,319,706,5136,0.385514018691589,0,0,437,1092,117,932,20,342,104,20
"191","2020-03-28",202,3,296,722,5136,0.385514018691589,0,0,437,1092,135,1067,35,377,125,35
"192","2020-03-29",214,3,290,748,5136,0.385514018691589,0,0,437,1092,162,1229,45,422,150,45
"193","2020-03-30",221,3,274,762,5136,0.385514018691589,0,0,437,1092,147,1376,29,451,135,29
"194","2020-03-31",224,3,270,756,5136,0.385514018691589,0,0,437,1092,116,1492,35,486,108,35
"195","2020-04-01",211,3,262,749,5136,0.385514018691589,0,0,437,1092,162,1654,29,515,150,29
"196","2020-04-02",210,3,279,772,5136,0.385514018691589,0,0,437,1092,153,1807,38,553,142,38
"197","2020-04-03",199,3,258,777,5136,0.385514018691589,0,0,437,1092,175,1982,32,585,166,32
"198","2020-04-04",197,3,266,787,5136,0.385514018691589,0,0,437,1092,163,2145,23,608,155,23
"199","2020-04-05",195,3,263,808,5136,0.385514018691589,0,0,437,1092,151,2296,20,628,140,20
"200","2020-04-06",207,3,271,818,5136,0.385514018691589,0,0,437,1092,176,2472,21,649,166,21
"201","2020-04-07",209,3,268,824,5136,0.385514018691589,0,0,437,1092,163,2635,35,684,154,35
"202","2020-04-08",213,3,265,847,5136,0.385514018691589,0,0,437,1092,145,2780,50,734,136,50
"203","2020-04-09",214,3,262,859,5136,0.385514018691589,0,0,437,1092,201,2981,39,773,190,39
"204","2020-04-10",233,3,259,877,5136,0.385514018691589,0,0,437,1092,136,3117,39,812,124,39
"205","2020-04-11",236,3,304,899,5136,0.385514018691589,0,0,437,1092,151,3268,24,836,142,24
"206","2020-04-12",232,3,317,897,5136,0.385514018691589,0,0,437,1092,180,3448,38,874,168,38
"207","2020-04-13",220,3,322,899,5136,0.385514018691589,0,0,437,1092,116,3564,33,907,108,33
"208","2020-04-14",229,3,359,888,5136,0.385514018691589,0,0,437,1092,136,3700,61,968,129,61
"209","2020-04-15",245,3,339,885,5136,0.385514018691589,0,0,437,1092,144,3844,38,1006,131,38
"210","2020-04-16",250,3,337,875,5136,0.385514018691589,0,0,437,1092,164,4008,30,1036,150,30
"211","2020-04-17",240,3,311,863,5136,0.385514018691589,0,0,437,1092,125,4133,40,1076,117,40
"212","2020-04-18",239,3,312,843,5136,0.385514018691589,0,0,437,1092,139,4272,30,1106,131,30
"213","2020-04-19",245,3,302,819,5136,0.385514018691589,0,0,437,1092,127,4399,16,1122,117,16
"214","2020-04-20",248,3,287,819,5136,0.385514018691589,0,0,437,1092,103,4502,33,1155,95,33
"215","2020-04-21",236,3,273,819,5136,0.385514018691589,0,0,437,1092,86,4588,29,1184,75,29
"216","2020-04-22",232,3,270,810,5136,0.385514018691589,0,0,437,1092,99,4687,41,1225,93,41
"217","2020-04-23",227,3,265,811,5136,0.385514018691589,0,0,437,1092,73,4760,21,1246,64,21
"218","2020-04-24",237,3,271,797,5136,0.385514018691589,0,0,437,1092,90,4850,43,1289,83,43
"219","2020-04-25",233,3,282,780,5136,0.385514018691589,0,0,437,1092,100,4950,21,1310,95,21
"220","2020-04-26",236,3,263,778,5136,0.385514018691589,0,0,437,1092,82,5032,39,1349,72,39
"221","2020-04-27",234,3,278,759,5136,0.385514018691589,0,0,437,1092,79,5111,46,1395,74,46
"222","2020-04-28",226,3,306,736,5136,0.385514018691589,0,0,437,1092,64,5175,36,1431,56,36
"223","2020-04-29",227,3,313,730,5136,0.385514018691589,0,0,437,1092,61,5236,56,1487,54,56
"224","2020-04-30",209,3,296,702,5136,0.385514018691589,0,0,437,1092,52,5288,27,1514,46,27
"225","2020-05-01",202,3,281,679,5136,0.385514018691589,0,0,437,1092,45,5333,40,1554,38,40
"226","2020-05-02",186,3,294,650,5136,0.385514018691589,0,0,437,1092,49,5382,54,1608,39,54
"227","2020-05-03",183,3,307,661,5136,0.385514018691589,0,0,437,1092,35,5417,37,1645,33,37
"228","2020-05-04",173,3,317,657,5136,0.385514018691589,0,0,437,1092,32,5449,30,1675,25,30
"229","2020-05-05",176,3,335,646,5136,0.385514018691589,0,0,437,1092,40,5489,28,1703,34,28
"230","2020-05-06",178,3,320,630,5136,0.385514018691589,0,0,437,1092,38,5527,13,1716,33,13
"231","2020-05-07",176,3,312,623,5136,0.385514018691589,0,0,437,1092,28,5555,27,1743,25,27
"232","2020-05-08",165,3,291,619,5136,0.385514018691589,0,0,437,1092,34,5589,25,1768,31,25
"233","2020-05-09",173,3,296,627,5136,0.385514018691589,0,0,437,1092,22,5611,27,1795,19,27
"234","2020-05-10",176,3,308,608,5136,0.385514018691589,0,0,437,1092,26,5637,27,1822,21,27
"235","2020-05-11",178,3,318,584,5136,0.385514018691589,0,0,437,1092,26,5663,31,1853,20,31
"236","2020-05-12",182,3,307,552,5136,0.385514018691589,0,0,437,1092,26,5689,32,1885,21,32
"237","2020-05-13",168,3,321,542,5136,0.385514018691589,0,0,437,1092,24,5713,25,1910,19,25
"238","2020-05-14",175,3,315,531,5136,0.385514018691589,0,0,437,1092,17,5730,37,1947,15,37
"239","2020-05-15",173,3,322,514,5136,0.385514018691589,0,0,437,1092,18,5748,50,1997,10,50
"240","2020-05-16",167,3,326,509,5136,0.385514018691589,0,0,437,1092,14,5762,48,2045,13,48
"241","2020-05-17",154,3,314,502,5136,0.385514018691589,0,0,437,1092,13,5775,51,2096,10,51
"242","2020-05-18",149,3,292,483,5136,0.385514018691589,0,0,437,1092,25,5800,27,2123,18,27
"243","2020-05-19",135,3,279,473,5136,0.385514018691589,0,0,437,1092,16,5816,24,2147,13,24
"244","2020-05-20",128,3,269,478,5136,0.385514018691589,0,0,437,1092,12,5828,31,2178,9,31
"245","2020-05-21",138,3,280,447,5136,0.385514018691589,0,0,437,1092,11,5839,36,2214,7,36
"246","2020-05-22",137,3,284,426,5136,0.385514018691589,0,0,437,1092,17,5856,29,2243,13,29
"247","2020-05-23",128,3,284,398,5136,0.385514018691589,0,0,437,1092,10,5866,36,2279,6,36
"248","2020-05-24",130,3,267,388,5136,0.385514018691589,0,0,437,1092,22,5888,46,2325,14,46
"249","2020-05-25",137,3,272,368,5136,0.385514018691589,0,0,437,1092,12,5900,26,2351,10,26
"250","2020-05-26",138,3,289,335,5136,0.385514018691589,0,0,437,1092,13,5913,33,2384,11,33
"251","2020-05-27",136,3,282,333,5136,0.385514018691589,0,0,437,1092,17,5930,52,2436,15,52
"252","2020-05-28",118,3,274,337,5136,0.385514018691589,0,0,437,1092,12,5942,41,2477,9,41
"253","2020-05-29",112,3,258,310,5136,0.385514018691589,0,0,437,1092,13,5955,36,2513,7,36
"254","2020-05-30",113,3,278,295,5136,0.385514018691589,0,0,437,1092,12,5967,49,2562,11,49
"255","2020-05-31",105,3,287,286,5136,0.385514018691589,0,0,437,1092,8,5975,31,2593,4,31
"256","2020-06-01",93,3,284,267,5136,0.385514018691589,0,0,437,1092,7,5982,37,2630,5,37
"257","2020-06-02",86,3,298,264,5136,0.385514018691589,0,0,437,1092,10,5992,26,2656,7,26
"258","2020-06-03",83,3,298,253,5136,0.385514018691589,0,0,437,1092,12,6004,16,2672,9,16
"259","2020-06-04",80,3,304,236,5136,0.385514018691589,0,0,437,1092,10,6014,18,2690,9,18
"260","2020-06-05",71,3,314,220,5136,0.385514018691589,0,0,437,1092,13,6027,16,2706,10,16
"261","2020-06-06",68,3,303,228,5136,0.385514018691589,0,0,437,1092,4,6031,21,2727,4,21
"262","2020-06-07",60,3,301,215,5136,0.385514018691589,0,0,437,1092,4,6035,25,2752,4,25
"263","2020-03-14",1,4,41,83,4788,0.672723475355054,0,0,383,500,94,256,42,174,53,42
"264","2020-03-15",1,4,50,113,4788,0.672723475355054,0,0,383,500,130,386,31,205,91,31
"265","2020-03-16",3,4,68,140,4788,0.672723475355054,0,0,383,500,167,553,23,228,119,23
"266","2020-03-17",8,4,100,168,4788,0.672723475355054,0,0,383,500,158,711,18,246,118,18
"267","2020-03-18",14,4,114,215,4788,0.672723475355054,0,0,383,500,240,951,14,260,214,14
"268","2020-03-19",24,4,126,245,4788,0.672723475355054,0,0,383,500,272,1223,18,278,226,18
"269","2020-03-20",31,4,119,293,4788,0.672723475355054,0,0,383,500,325,1548,63,341,282,63
"270","2020-03-21",44,4,110,335,4788,0.672723475355054,0,0,383,500,385,1933,36,377,360,36
"271","2020-03-22",56,4,104,380,4788,0.672723475355054,0,0,383,500,475,2408,31,408,446,31
"272","2020-03-23",69,4,113,428,4788,0.672723475355054,0,0,383,500,540,2948,31,439,505,31
"273","2020-03-24",78,4,136,473,4788,0.672723475355054,0,0,383,500,491,3439,38,477,469,38
"274","2020-03-25",88,4,129,526,4788,0.672723475355054,0,0,383,500,598,4037,30,507,572,30
"275","2020-03-26",93,4,123,576,4788,0.672723475355054,0,0,383,500,454,4491,33,540,433,33
"276","2020-03-27",102,4,119,612,4788,0.672723475355054,0,0,383,500,492,4983,24,564,473,24
"277","2020-03-28",112,4,140,650,4788,0.672723475355054,0,0,383,500,433,5416,23,587,419,23
"278","2020-03-29",122,4,142,690,4788,0.672723475355054,0,0,383,500,363,5779,19,606,349,19
"279","2020-03-30",132,4,146,725,4788,0.672723475355054,0,0,383,500,350,6129,11,617,341,11
"280","2020-03-31",157,4,176,755,4788,0.672723475355054,0,0,383,500,296,6425,65,682,287,65
"281","2020-04-01",173,4,173,788,4788,0.672723475355054,0,0,383,500,244,6669,39,721,235,39
"282","2020-04-02",194,4,164,810,4788,0.672723475355054,0,0,383,500,228,6897,66,787,219,66
"283","2020-04-03",216,4,138,813,4788,0.672723475355054,0,0,383,500,194,7091,39,826,183,39
"284","2020-04-04",227,4,133,856,4788,0.672723475355054,0,0,383,500,146,7237,28,854,141,28
"285","2020-04-05",243,4,155,854,4788,0.672723475355054,0,0,383,500,94,7331,82,936,89,82
"286","2020-04-06",257,4,145,891,4788,0.672723475355054,0,0,383,500,87,7418,38,974,78,38
"287","2020-04-07",246,4,129,903,4788,0.672723475355054,0,0,383,500,78,7496,24,998,73,24
"288","2020-04-08",248,4,133,945,4788,0.672723475355054,0,0,383,500,56,7552,20,1018,52,20
"289","2020-04-09",251,4,185,948,4788,0.672723475355054,0,0,383,500,41,7593,11,1029,39,11
"290","2020-04-10",250,4,210,959,4788,0.672723475355054,0,0,383,500,26,7619,36,1065,21,36
"291","2020-04-11",250,4,189,960,4788,0.672723475355054,0,0,383,500,30,7649,26,1091,27,26
"292","2020-04-12",246,4,197,971,4788,0.672723475355054,0,0,383,500,17,7666,20,1111,13,20
"293","2020-04-13",247,4,182,983,4788,0.672723475355054,0,0,383,500,17,7683,26,1137,13,26
"294","2020-04-14",260,4,196,977,4788,0.672723475355054,0,0,383,500,11,7694,33,1170,9,33
"295","2020-04-15",276,4,210,1001,4788,0.672723475355054,0,0,383,500,10,7704,15,1185,9,15
"296","2020-04-16",276,4,200,988,4788,0.672723475355054,0,0,383,500,6,7710,19,1204,5,19
"297","2020-04-17",276,4,177,974,4788,0.672723475355054,0,0,383,500,10,7720,17,1221,6,17
"298","2020-04-18",271,4,173,970,4788,0.672723475355054,0,0,383,500,1,7721,9,1230,1,9
"299","2020-04-19",275,4,207,940,4788,0.672723475355054,0,0,383,500,7,7728,37,1267,5,37
"300","2020-04-20",281,4,202,918,4788,0.672723475355054,0,0,383,500,2,7730,48,1315,2,48
"301","2020-04-21",271,4,165,895,4788,0.672723475355054,0,0,383,500,10,7740,34,1349,6,34
"302","2020-04-22",251,4,154,885,4788,0.672723475355054,0,0,383,500,5,7745,24,1373,2,24
"303","2020-04-23",240,4,143,884,4788,0.672723475355054,0,0,383,500,6,7751,40,1413,3,40
"304","2020-04-24",250,4,167,867,4788,0.672723475355054,0,0,383,500,5,7756,61,1474,2,61
"305","2020-04-25",254,4,169,835,4788,0.672723475355054,0,0,383,500,1,7757,52,1526,1,52
"306","2020-04-26",244,4,140,804,4788,0.672723475355054,0,0,383,500,7,7764,35,1561,4,35
"307","2020-04-27",228,4,127,782,4788,0.672723475355054,0,0,383,500,4,7768,25,1586,3,26
"308","2020-04-28",231,4,115,766,4788,0.672723475355054,0,0,383,500,3,7771,18,1604,2,18
"309","2020-04-29",237,4,104,747,4788,0.672723475355054,0,0,383,500,2,7773,14,1618,NA,14
"310","2020-04-30",236,4,96,735,4788,0.672723475355054,0,0,383,500,1,7774,69,1687,NA,69
"311","2020-05-01",222,4,85,688,4788,0.672723475355054,0,0,383,500,3,7777,46,1733,1,46
"312","2020-05-02",214,4,94,676,4788,0.672723475355054,0,0,383,500,2,7779,50,1783,NA,50
"313","2020-05-03",215,4,139,671,4788,0.672723475355054,0,0,383,500,4,7783,64,1847,2,64
"314","2020-05-04",208,4,134,650,4788,0.672723475355054,0,0,383,500,NA,NA,38,1885,NA,38
"315","2020-05-05",201,4,141,623,4788,0.672723475355054,0,0,383,500,4,7787,29,1914,1,29
"316","2020-05-06",190,4,147,613,4788,0.672723475355054,0,0,383,500,2,7789,51,1965,NA,51
"317","2020-05-07",195,4,189,600,4788,0.672723475355054,0,0,383,500,2,7791,31,1996,NA,31
"318","2020-05-08",188,4,208,583,4788,0.672723475355054,0,0,383,500,4,7795,75,2071,NA,75
"319","2020-05-09",185,4,241,550,4788,0.672723475355054,0,0,383,500,3,7798,61,2132,NA,62
"320","2020-05-10",190,4,260,525,4788,0.672723475355054,0,0,383,500,4,7802,56,2188,1,56
"321","2020-05-11",184,4,230,504,4788,0.672723475355054,0,0,383,500,3,7805,67,2255,1,67
"322","2020-05-12",184,4,228,490,4788,0.672723475355054,0,0,383,500,3,7808,30,2285,NA,30
"323","2020-05-13",180,4,258,484,4788,0.672723475355054,0,0,383,500,4,7812,17,2302,2,17
"324","2020-05-14",161,4,241,458,4788,0.672723475355054,0,0,383,500,3,7815,11,2313,2,11
"325","2020-05-15",151,4,208,444,4788,0.672723475355054,0,0,383,500,2,7817,12,2325,NA,12
"326","2020-05-16",149,4,194,425,4788,0.672723475355054,0,0,383,500,4,7821,9,2334,NA,9
"327","2020-05-17",136,4,198,422,4788,0.672723475355054,0,0,383,500,2,7823,10,2344,2,10
"328","2020-05-18",142,4,207,408,4788,0.672723475355054,0,0,383,500,1,7824,74,2418,NA,74
"329","2020-05-19",133,4,219,383,4788,0.672723475355054,0,0,383,500,5,7829,55,2473,3,55
"330","2020-05-20",124,4,221,381,4788,0.672723475355054,0,0,383,500,2,7831,29,2502,2,29
"331","2020-05-21",121,4,213,366,4788,0.672723475355054,0,0,383,500,2,7833,28,2530,1,28
"332","2020-05-22",117,4,202,352,4788,0.672723475355054,0,0,383,500,NA,NA,9,2539,NA,9
"333","2020-05-23",106,4,223,332,4788,0.672723475355054,0,0,383,500,1,7834,11,2550,1,11
"334","2020-05-24",97,4,198,334,4788,0.672723475355054,0,0,383,500,1,7835,21,2571,NA,21
"335","2020-05-25",84,4,180,311,4788,0.672723475355054,0,0,383,500,NA,NA,47,2618,NA,47
"336","2020-05-26",83,4,155,306,4788,0.672723475355054,0,0,383,500,NA,NA,36,2654,NA,36
"337","2020-05-27",83,4,142,299,4788,0.672723475355054,0,0,383,500,1,7836,56,2710,NA,56
"338","2020-05-28",81,4,156,288,4788,0.672723475355054,0,0,383,500,2,7838,69,2779,NA,69
"339","2020-05-29",89,4,152,275,4788,0.672723475355054,0,0,383,500,1,7839,56,2835,NA,56
"340","2020-05-30",88,4,164,262,4788,0.672723475355054,0,0,383,500,2,7841,28,2863,1,28
"341","2020-05-31",90,4,178,258,4788,0.672723475355054,0,0,383,500,1,7842,14,2877,NA,14
"342","2020-06-01",89,4,177,239,4788,0.672723475355054,0,0,383,500,NA,NA,18,2895,NA,18
"343","2020-06-02",81,4,169,225,4788,0.672723475355054,0,0,383,500,1,7843,14,2909,NA,14
"344","2020-06-03",78,4,165,211,4788,0.672723475355054,0,0,383,500,2,7845,35,2944,1,35
"345","2020-06-04",85,4,157,211,4788,0.672723475355054,0,0,383,500,1,7846,26,2970,NA,26
"346","2020-06-05",68,4,153,188,4788,0.672723475355054,0,0,383,500,NA,NA,67,3037,NA,67
"347","2020-06-06",67,4,158,184,4788,0.672723475355054,0,0,383,500,NA,NA,56,3093,NA,56
"348","2020-06-07",64,4,169,179,4788,0.672723475355054,0,0,383,500,NA,NA,40,3133,NA,40
"349","2020-03-13",1,5,25,96,4134,0.437590711175617,0,0,344,366,14,37,10,29,2,10
"350","2020-03-14",1,5,26,120,4134,0.437590711175617,0,0,344,366,21,58,8,37,5,8
"351","2020-03-15",4,5,42,156,4134,0.437590711175617,0,0,344,366,18,76,21,58,5,21
"352","2020-03-16",7,5,48,205,4134,0.437590711175617,0,0,344,366,15,91,17,75,2,17
"353","2020-03-17",13,5,54,245,4134,0.437590711175617,0,0,344,366,16,107,9,84,9,9
"354","2020-03-18",24,5,62,285,4134,0.437590711175617,0,0,344,366,21,128,15,99,9,15
"355","2020-03-19",31,5,59,317,4134,0.437590711175617,0,0,344,366,37,165,31,130,23,31
"356","2020-03-20",42,5,63,363,4134,0.437590711175617,0,0,344,366,30,195,45,175,16,45
"357","2020-03-21",56,5,74,399,4134,0.437590711175617,0,0,344,366,28,223,42,217,11,42
"358","2020-03-22",71,5,85,440,4134,0.437590711175617,0,0,344,366,30,253,41,258,23,41
"359","2020-03-23",88,5,102,489,4134,0.437590711175617,0,0,344,366,35,288,15,273,18,15
"360","2020-03-24",105,5,115,500,4134,0.437590711175617,0,0,344,366,25,313,18,291,22,18
"361","2020-03-25",110,5,113,527,4134,0.437590711175617,0,0,344,366,32,345,23,314,16,23
"362","2020-03-26",121,5,101,521,4134,0.437590711175617,0,0,344,366,22,367,28,342,13,28
"363","2020-03-27",135,5,92,531,4134,0.437590711175617,0,0,344,366,25,392,40,382,16,40
"364","2020-03-28",149,5,101,551,4134,0.437590711175617,0,0,344,366,29,421,41,423,17,41
"365","2020-03-29",152,5,96,560,4134,0.437590711175617,0,0,344,366,43,464,38,461,21,38
"366","2020-03-30",164,5,97,582,4134,0.437590711175617,0,0,344,366,24,488,15,476,15,15
"367","2020-03-31",161,5,89,591,4134,0.437590711175617,0,0,344,366,40,528,39,515,28,39
"368","2020-04-01",171,5,87,612,4134,0.437590711175617,0,0,344,366,19,547,34,549,7,34
"369","2020-04-02",182,5,94,635,4134,0.437590711175617,0,0,344,366,35,582,35,584,20,35
"370","2020-04-03",184,5,90,661,4134,0.437590711175617,0,0,344,366,40,622,38,622,24,38
"371","2020-04-04",182,5,87,662,4134,0.437590711175617,0,0,344,366,43,665,28,650,25,28
"372","2020-04-05",192,5,88,659,4134,0.437590711175617,0,0,344,366,38,703,40,690,22,40
"373","2020-04-06",184,5,85,671,4134,0.437590711175617,0,0,344,366,42,745,36,726,27,36
"374","2020-04-07",182,5,78,685,4134,0.437590711175617,0,0,344,366,36,781,23,749,22,23
"375","2020-04-08",188,5,75,721,4134,0.437590711175617,0,0,344,366,47,828,27,776,29,27
"376","2020-04-09",188,5,87,718,4134,0.437590711175617,0,0,344,366,45,873,16,792,32,16
"377","2020-04-10",190,5,89,727,4134,0.437590711175617,0,0,344,366,43,916,19,811,33,19
"378","2020-04-11",192,5,86,721,4134,0.437590711175617,0,0,344,366,51,967,43,854,36,43
"379","2020-04-12",200,5,83,722,4134,0.437590711175617,0,0,344,366,50,1017,29,883,31,29
"380","2020-04-13",200,5,84,731,4134,0.437590711175617,0,0,344,366,60,1077,20,903,40,20
"381","2020-04-14",204,5,106,743,4134,0.437590711175617,0,0,344,366,47,1124,44,947,39,44
"382","2020-04-15",198,5,134,751,4134,0.437590711175617,0,0,344,366,45,1169,37,984,33,37
"383","2020-04-16",194,5,137,768,4134,0.437590711175617,0,0,344,366,50,1219,48,1032,31,48
"384","2020-04-17",189,5,142,756,4134,0.437590711175617,0,0,344,366,47,1266,71,1103,34,71
"385","2020-04-18",196,5,133,744,4134,0.437590711175617,0,0,344,366,43,1309,39,1142,27,39
"386","2020-04-19",191,5,132,762,4134,0.437590711175617,0,0,344,366,42,1351,55,1197,20,55
"387","2020-04-20",207,5,132,749,4134,0.437590711175617,0,0,344,366,39,1390,32,1229,17,32
"388","2020-04-21",215,5,147,738,4134,0.437590711175617,0,0,344,366,48,1438,46,1275,26,46
"389","2020-04-22",218,5,165,727,4134,0.437590711175617,0,0,344,366,42,1480,25,1300,27,25
"390","2020-04-23",225,5,149,705,4134,0.437590711175617,0,0,344,366,40,1520,36,1336,24,36
"391","2020-04-24",234,5,133,686,4134,0.437590711175617,0,0,344,366,34,1554,32,1368,13,32
"392","2020-04-25",224,5,122,689,4134,0.437590711175617,0,0,344,366,34,1588,22,1390,18,22
"393","2020-04-26",225,5,132,684,4134,0.437590711175617,0,0,344,366,39,1627,21,1411,20,21
"394","2020-04-27",207,5,153,665,4134,0.437590711175617,0,0,344,366,39,1666,17,1428,21,17
"395","2020-04-28",206,5,157,619,4134,0.437590711175617,0,0,344,366,41,1707,17,1445,26,17
"396","2020-04-29",197,5,172,575,4134,0.437590711175617,0,0,344,366,31,1738,34,1479,19,34
"397","2020-04-30",189,5,179,561,4134,0.437590711175617,0,0,344,366,34,1772,48,1527,20,48
"398","2020-05-01",179,5,165,544,4134,0.437590711175617,0,0,344,366,35,1807,37,1564,29,37
"399","2020-05-02",175,5,156,527,4134,0.437590711175617,0,0,344,366,43,1850,29,1593,21,29
"400","2020-05-03",156,5,154,507,4134,0.437590711175617,0,0,344,366,38,1888,35,1628,24,35
"401","2020-05-04",158,5,152,486,4134,0.437590711175617,0,0,344,366,38,1926,42,1670,13,42
"402","2020-05-05",145,5,158,478,4134,0.437590711175617,0,0,344,366,27,1953,36,1706,15,36
"403","2020-05-06",139,5,155,468,4134,0.437590711175617,0,0,344,366,28,1981,20,1726,13,20
"404","2020-05-07",140,5,151,465,4134,0.437590711175617,0,0,344,366,34,2015,59,1785,18,59
"405","2020-05-08",144,5,148,454,4134,0.437590711175617,0,0,344,366,30,2045,53,1838,23,53
"406","2020-05-09",148,5,156,462,4134,0.437590711175617,0,0,344,366,34,2079,24,1862,16,24
"407","2020-05-10",150,5,144,455,4134,0.437590711175617,0,0,344,366,21,2100,45,1907,8,45
"408","2020-05-11",141,5,142,435,4134,0.437590711175617,0,0,344,366,29,2129,36,1943,19,36
"409","2020-05-12",147,5,139,437,4134,0.437590711175617,0,0,344,366,19,2148,60,2003,13,60
"410","2020-05-13",147,5,161,434,4134,0.437590711175617,0,0,344,366,36,2184,56,2059,17,56
"411","2020-05-14",137,5,152,426,4134,0.437590711175617,0,0,344,366,22,2206,50,2109,15,50
"412","2020-05-15",121,5,145,414,4134,0.437590711175617,0,0,344,366,25,2231,52,2161,13,52
"413","2020-05-16",110,5,145,397,4134,0.437590711175617,0,0,344,366,28,2259,57,2218,18,57
"414","2020-05-17",112,5,129,399,4134,0.437590711175617,0,0,344,366,27,2286,51,2269,12,51
"415","2020-05-18",111,5,134,398,4134,0.437590711175617,0,0,344,366,29,2315,40,2309,12,40
"416","2020-05-19",102,5,139,393,4134,0.437590711175617,0,0,344,366,28,2343,37,2346,14,37
"417","2020-05-20",111,5,143,385,4134,0.437590711175617,0,0,344,366,26,2369,26,2372,15,26
"418","2020-05-21",110,5,144,376,4134,0.437590711175617,0,0,344,366,20,2389,44,2416,12,44
"419","2020-05-22",115,5,130,360,4134,0.437590711175617,0,0,344,366,29,2418,62,2478,20,62
"420","2020-05-23",126,5,108,353,4134,0.437590711175617,0,0,344,366,24,2442,35,2513,14,35
"421","2020-05-24",118,5,112,344,4134,0.437590711175617,0,0,344,366,23,2465,29,2542,11,29
"422","2020-05-25",113,5,117,335,4134,0.437590711175617,0,0,344,366,26,2491,36,2578,19,36
"423","2020-05-26",113,5,128,304,4134,0.437590711175617,0,0,344,366,24,2515,23,2601,10,23
"424","2020-05-27",105,5,111,290,4134,0.437590711175617,0,0,344,366,17,2532,24,2625,11,24
"425","2020-05-28",105,5,103,287,4134,0.437590711175617,0,0,344,366,24,2556,31,2656,16,31
"426","2020-05-29",92,5,91,275,4134,0.437590711175617,0,0,344,366,19,2575,16,2672,12,16
"427","2020-05-30",80,5,86,252,4134,0.437590711175617,0,0,344,366,29,2604,24,2696,21,24
"428","2020-05-31",81,5,87,240,4134,0.437590711175617,0,0,344,366,23,2627,17,2713,14,17
"429","2020-06-01",73,5,90,237,4134,0.437590711175617,0,0,344,366,18,2645,8,2721,11,8
"430","2020-06-02",72,5,84,224,4134,0.437590711175617,0,0,344,366,15,2660,18,2739,12,18
"431","2020-06-03",68,5,89,211,4134,0.437590711175617,0,0,344,366,25,2685,25,2764,18,25
"432","2020-06-04",55,5,107,212,4134,0.437590711175617,0,0,344,366,25,2710,29,2793,13,29
"433","2020-06-05",60,5,100,207,4134,0.437590711175617,0,0,344,366,17,2727,18,2811,7,18
"434","2020-06-06",54,5,106,196,4134,0.437590711175617,0,0,344,366,8,2735,16,2827,6,16
"435","2020-06-07",51,5,99,203,4134,0.437590711175617,0,0,344,366,13,2748,17,2844,9,17
"436","2020-03-13",1,6,100,81,8040,0.906094527363184,0,0,767,956,26,75,21,60,1,21
"437","2020-03-14",2,6,121,132,8040,0.906094527363184,0,0,767,956,40,115,38,98,10,38
"438","2020-03-15",8,6,123,189,8040,0.906094527363184,0,0,767,956,28,143,19,117,2,19
"439","2020-03-16",12,6,117,254,8040,0.906094527363184,0,0,767,956,31,174,10,127,11,10
"440","2020-03-17",23,6,140,348,8040,0.906094527363184,0,0,767,956,27,201,15,142,5,15
"441","2020-03-18",34,6,155,460,8040,0.906094527363184,0,0,767,956,43,244,17,159,15,17
"442","2020-03-19",49,6,158,628,8040,0.906094527363184,0,0,767,956,33,277,42,201,16,42
"443","2020-03-20",70,6,160,794,8040,0.906094527363184,0,0,767,956,36,313,20,221,8,20
"444","2020-03-21",101,6,179,1028,8040,0.906094527363184,0,0,767,956,33,346,22,243,8,22
"445","2020-03-22",132,6,153,1252,8040,0.906094527363184,0,0,767,956,43,389,42,285,17,42
"446","2020-03-23",173,6,138,1568,8040,0.906094527363184,0,0,767,956,44,433,46,331,15,46
"447","2020-03-24",206,6,119,1923,8040,0.906094527363184,0,0,767,956,39,472,25,356,12,25
"448","2020-03-25",261,6,109,2305,8040,0.906094527363184,0,0,767,956,47,519,14,370,27,14
"449","2020-03-26",331,6,99,2654,8040,0.906094527363184,0,0,767,956,45,564,15,385,13,15
"450","2020-03-27",404,6,87,3082,8040,0.906094527363184,0,0,767,956,48,612,15,400,24,15
"451","2020-03-28",496,6,83,3489,8040,0.906094527363184,0,0,767,956,56,668,45,445,23,45
"452","2020-03-29",594,6,81,3709,8040,0.906094527363184,0,0,767,956,54,722,34,479,28,34
"453","2020-03-30",693,6,91,3900,8040,0.906094527363184,0,0,767,956,38,760,27,506,14,27
"454","2020-03-31",800,6,89,4015,8040,0.906094527363184,0,0,767,956,39,799,36,542,11,36
"455","2020-04-01",902,6,110,4127,8040,0.906094527363184,0,0,767,956,51,850,54,596,16,54
"456","2020-04-02",997,6,157,4052,8040,0.906094527363184,0,0,767,956,53,903,62,658,19,62
"457","2020-04-03",1074,6,153,4014,8040,0.906094527363184,0,0,767,956,48,951,47,705,22,47
"458","2020-04-04",1137,6,169,3918,8040,0.906094527363184,0,0,767,956,35,986,51,756,8,51
"459","2020-04-05",1158,6,165,3768,8040,0.906094527363184,0,0,767,956,42,1028,46,802,15,46
"460","2020-04-06",1145,6,164,3581,8040,0.906094527363184,0,0,767,956,54,1082,21,823,10,21
"461","2020-04-07",1170,6,176,3279,8040,0.906094527363184,0,0,767,956,40,1122,16,839,15,16
"462","2020-04-08",1135,6,177,2988,8040,0.906094527363184,0,0,767,956,38,1160,20,859,11,20
"463","2020-04-09",1081,6,194,2705,8040,0.906094527363184,0,0,767,956,53,1213,14,873,10,14
"464","2020-04-10",1013,6,231,2444,8040,0.906094527363184,0,0,767,956,49,1262,50,923,13,50
"465","2020-04-11",915,6,245,2162,8040,0.906094527363184,0,0,767,956,44,1306,30,953,13,30
"466","2020-04-12",844,6,266,1889,8040,0.906094527363184,0,0,767,956,48,1354,38,991,10,38
"467","2020-04-13",779,6,282,1649,8040,0.906094527363184,0,0,767,956,51,1405,31,1022,11,31
"468","2020-04-14",660,6,251,1454,8040,0.906094527363184,0,0,767,956,57,1462,39,1061,18,39
"469","2020-04-15",587,6,217,1272,8040,0.906094527363184,0,0,767,956,38,1500,50,1111,7,50
"470","2020-04-16",509,6,170,1121,8040,0.906094527363184,0,0,767,956,45,1545,36,1147,10,36
"471","2020-04-17",449,6,164,963,8040,0.906094527363184,0,0,767,956,51,1596,28,1175,15,28
"472","2020-04-18",393,6,195,827,8040,0.906094527363184,0,0,767,956,42,1638,19,1194,11,19
"473","2020-04-19",343,6,181,701,8040,0.906094527363184,0,0,767,956,45,1683,16,1210,16,16
"474","2020-04-20",304,6,180,606,8040,0.906094527363184,0,0,767,956,43,1726,40,1250,24,40
"475","2020-04-21",269,6,161,518,8040,0.906094527363184,0,0,767,956,44,1770,61,1311,19,61
"476","2020-04-22",229,6,144,429,8040,0.906094527363184,0,0,767,956,48,1818,22,1333,12,22
"477","2020-04-23",200,6,141,354,8040,0.906094527363184,0,0,767,956,49,1867,12,1345,15,12
"478","2020-04-24",171,6,164,301,8040,0.906094527363184,0,0,767,956,42,1909,16,1361,8,16
"479","2020-04-25",148,6,210,260,8040,0.906094527363184,0,0,767,956,54,1963,7,1368,13,7
"480","2020-04-26",122,6,212,229,8040,0.906094527363184,0,0,767,956,41,2004,9,1377,15,9
"481","2020-04-27",108,6,222,186,8040,0.906094527363184,0,0,767,956,47,2051,11,1388,18,11
"482","2020-04-28",95,6,222,155,8040,0.906094527363184,0,0,767,956,48,2099,39,1427,20,39
"483","2020-04-29",80,6,236,134,8040,0.906094527363184,0,0,767,956,56,2155,16,1443,21,16
"484","2020-04-30",64,6,212,119,8040,0.906094527363184,0,0,767,956,44,2199,65,1508,18,65
"485","2020-05-01",57,6,191,98,8040,0.906094527363184,0,0,767,956,49,2248,32,1540,20,32
"486","2020-05-02",50,6,164,88,8040,0.906094527363184,0,0,767,956,46,2294,16,1556,18,16
"487","2020-05-03",45,6,153,80,8040,0.906094527363184,0,0,767,956,49,2343,20,1576,15,20
"488","2020-05-04",36,6,155,70,8040,0.906094527363184,0,0,767,956,50,2393,47,1623,21,47
"489","2020-05-05",30,6,170,65,8040,0.906094527363184,0,0,767,956,51,2444,53,1676,15,53
"490","2020-05-06",27,6,148,58,8040,0.906094527363184,0,0,767,956,48,2492,53,1729,16,53
"491","2020-05-07",25,6,133,49,8040,0.906094527363184,0,0,767,956,37,2529,29,1758,9,29
"492","2020-05-08",17,6,134,45,8040,0.906094527363184,0,0,767,956,34,2563,27,1785,10,27
"493","2020-05-09",16,6,128,42,8040,0.906094527363184,0,0,767,956,46,2609,25,1810,14,25
"494","2020-05-10",12,6,179,43,8040,0.906094527363184,0,0,767,956,26,2635,38,1848,6,38
"495","2020-05-11",10,6,183,38,8040,0.906094527363184,0,0,767,956,35,2670,26,1874,9,26
"496","2020-05-12",9,6,159,38,8040,0.906094527363184,0,0,767,956,26,2696,17,1891,7,17
"497","2020-05-13",7,6,180,38,8040,0.906094527363184,0,0,767,956,26,2722,18,1909,5,18
"498","2020-05-14",7,6,201,36,8040,0.906094527363184,0,0,767,956,32,2754,12,1921,7,12
"499","2020-05-15",8,6,245,39,8040,0.906094527363184,0,0,767,956,32,2786,33,1954,9,33
"500","2020-05-16",7,6,224,37,8040,0.906094527363184,0,0,767,956,23,2809,41,1995,10,41
"501","2020-05-17",9,6,185,38,8040,0.906094527363184,0,0,767,956,25,2834,31,2026,10,31
"502","2020-05-18",9,6,186,38,8040,0.906094527363184,0,0,767,956,38,2872,50,2076,15,50
"503","2020-05-19",7,6,173,39,8040,0.906094527363184,0,0,767,956,31,2903,44,2120,3,44
"504","2020-05-20",9,6,176,36,8040,0.906094527363184,0,0,767,956,14,2917,37,2157,6,37
"505","2020-05-21",10,6,169,33,8040,0.906094527363184,0,0,767,956,28,2945,18,2175,11,18
"506","2020-05-22",11,6,152,29,8040,0.906094527363184,0,0,767,956,32,2977,45,2220,14,45
"507","2020-05-23",11,6,133,29,8040,0.906094527363184,0,0,767,956,21,2998,22,2242,10,22
"508","2020-05-24",10,6,123,27,8040,0.906094527363184,0,0,767,956,31,3029,16,2258,9,16
"509","2020-05-25",11,6,111,23,8040,0.906094527363184,0,0,767,956,31,3060,21,2279,5,21
"510","2020-05-26",11,6,109,25,8040,0.906094527363184,0,0,767,956,31,3091,34,2313,11,34
"511","2020-05-27",10,6,147,23,8040,0.906094527363184,0,0,767,956,22,3113,15,2328,10,15
"512","2020-05-28",10,6,165,22,8040,0.906094527363184,0,0,767,956,20,3133,22,2350,7,22
"513","2020-05-29",9,6,179,23,8040,0.906094527363184,0,0,767,956,16,3149,18,2368,6,18
"514","2020-05-30",9,6,193,22,8040,0.906094527363184,0,0,767,956,15,3164,40,2408,6,40
"515","2020-05-31",8,6,203,19,8040,0.906094527363184,0,0,767,956,19,3183,16,2424,3,16
"516","2020-06-01",5,6,191,19,8040,0.906094527363184,0,0,767,956,22,3205,15,2439,6,15
"517","2020-06-02",5,6,188,22,8040,0.906094527363184,0,0,767,956,16,3221,7,2446,3,7
"518","2020-06-03",5,6,179,23,8040,0.906094527363184,0,0,767,956,20,3241,12,2458,10,12
"519","2020-06-04",5,6,157,22,8040,0.906094527363184,0,0,767,956,16,3257,10,2468,9,10
"520","2020-06-05",6,6,145,22,8040,0.906094527363184,0,0,767,956,24,3281,8,2476,5,8
"521","2020-06-06",5,6,127,21,8040,0.906094527363184,0,0,767,956,14,3295,7,2483,2,7
"522","2020-06-07",6,6,107,22,8040,0.906094527363184,0,0,767,956,5,3300,7,2490,2,7
"523","2020-03-12",3,7,28,101,5126,0.275068279360125,0,0,418,351,13,22,13,24,NA,13
"524","2020-03-13",7,7,33,138,5126,0.275068279360125,0,0,418,351,16,38,5,29,3,5
"525","2020-03-14",13,7,41,195,5126,0.275068279360125,0,0,418,351,13,51,1,30,4,1
"526","2020-03-15",20,7,55,234,5126,0.275068279360125,0,0,418,351,26,77,11,41,8,11
"527","2020-03-16",32,7,53,293,5126,0.275068279360125,0,0,418,351,25,102,34,75,15,34
"528","2020-03-17",45,7,55,339,5126,0.275068279360125,0,0,418,351,36,138,35,110,18,35
"529","2020-03-18",58,7,46,399,5126,0.275068279360125,0,0,418,351,30,168,37,147,18,37
"530","2020-03-19",71,7,48,447,5126,0.275068279360125,0,0,418,351,34,202,45,192,22,45
"531","2020-03-20",79,7,53,491,5126,0.275068279360125,0,0,418,351,31,233,53,245,15,53
"532","2020-03-21",96,7,55,536,5126,0.275068279360125,0,0,418,351,45,278,39,284,30,39
"533","2020-03-22",109,7,56,558,5126,0.275068279360125,0,0,418,351,34,312,45,329,24,45
"534","2020-03-23",122,7,51,586,5126,0.275068279360125,0,0,418,351,45,357,22,351,38,22
"535","2020-03-24",133,7,58,618,5126,0.275068279360125,0,0,418,351,47,404,23,374,31,23
"536","2020-03-25",147,7,62,631,5126,0.275068279360125,0,0,418,351,66,470,44,418,51,44
"537","2020-03-26",158,7,52,650,5126,0.275068279360125,0,0,418,351,43,513,28,446,29,28
"538","2020-03-27",177,7,53,675,5126,0.275068279360125,0,0,418,351,42,555,15,461,29,15
"539","2020-03-28",182,7,61,698,5126,0.275068279360125,0,0,418,351,33,588,12,473,22,12
"540","2020-03-29",192,7,63,719,5126,0.275068279360125,0,0,418,351,53,641,8,481,35,8
"541","2020-03-30",196,7,81,722,5126,0.275068279360125,0,0,418,351,50,691,29,510,35,29
"542","2020-03-31",201,7,98,738,5126,0.275068279360125,0,0,418,351,27,718,11,521,16,11
"543","2020-04-01",206,7,105,754,5126,0.275068279360125,0,0,418,351,39,757,17,538,28,17
"544","2020-04-02",203,7,114,788,5126,0.275068279360125,0,0,418,351,54,811,48,586,42,48
"545","2020-04-03",200,7,116,793,5126,0.275068279360125,0,0,418,351,40,851,20,606,21,20
"546","2020-04-04",199,7,114,805,5126,0.275068279360125,0,0,418,351,49,900,12,618,32,12
"547","2020-04-05",195,7,127,818,5126,0.275068279360125,0,0,418,351,42,942,4,622,29,4
"548","2020-04-06",199,7,126,817,5126,0.275068279360125,0,0,418,351,51,993,7,629,31,7
"549","2020-04-07",202,7,117,819,5126,0.275068279360125,0,0,418,351,37,1030,5,634,22,5
"550","2020-04-08",207,7,131,832,5126,0.275068279360125,0,0,418,351,37,1067,9,643,22,9
"551","2020-04-09",222,7,115,851,5126,0.275068279360125,0,0,418,351,52,1119,27,670,38,27
"552","2020-04-10",229,7,130,856,5126,0.275068279360125,0,0,418,351,41,1160,27,697,24,27
"553","2020-04-11",242,7,132,872,5126,0.275068279360125,0,0,418,351,55,1215,6,703,30,6
"554","2020-04-12",250,7,146,865,5126,0.275068279360125,0,0,418,351,43,1258,7,710,28,7
"555","2020-04-13",244,7,164,855,5126,0.275068279360125,0,0,418,351,59,1317,8,718,33,8
"556","2020-04-14",246,7,169,850,5126,0.275068279360125,0,0,418,351,48,1365,7,725,32,7
"557","2020-04-15",243,7,169,842,5126,0.275068279360125,0,0,418,351,54,1419,4,729,36,4
"558","2020-04-16",236,7,152,841,5126,0.275068279360125,0,0,418,351,49,1468,5,734,34,5
"559","2020-04-17",235,7,148,859,5126,0.275068279360125,0,0,418,351,57,1525,9,743,42,9
"560","2020-04-18",234,7,150,845,5126,0.275068279360125,0,0,418,351,57,1582,41,784,33,41
"561","2020-04-19",230,7,183,825,5126,0.275068279360125,0,0,418,351,53,1635,60,844,39,60
"562","2020-04-20",238,7,186,815,5126,0.275068279360125,0,0,418,351,37,1672,36,880,22,36
"563","2020-04-21",234,7,162,812,5126,0.275068279360125,0,0,418,351,58,1730,45,925,40,45
"564","2020-04-22",230,7,144,785,5126,0.275068279360125,0,0,418,351,36,1766,27,952,23,27
"565","2020-04-23",223,7,130,765,5126,0.275068279360125,0,0,418,351,51,1817,48,1000,27,48
"566","2020-04-24",216,7,107,741,5126,0.275068279360125,0,0,418,351,32,1849,59,1059,21,59
"567","2020-04-25",201,7,104,749,5126,0.275068279360125,0,0,418,351,40,1889,31,1090,31,31
"568","2020-04-26",208,7,99,765,5126,0.275068279360125,0,0,418,351,49,1938,34,1124,33,34
"569","2020-04-27",201,7,110,753,5126,0.275068279360125,0,0,418,351,20,1958,30,1154,12,30
"570","2020-04-28",194,7,130,726,5126,0.275068279360125,0,0,418,351,36,1994,42,1196,24,42
"571","2020-04-29",202,7,138,726,5126,0.275068279360125,0,0,418,351,36,2030,24,1220,14,24
"572","2020-04-30",205,7,140,698,5126,0.275068279360125,0,0,418,351,49,2079,24,1244,29,24
"573","2020-05-01",206,7,124,694,5126,0.275068279360125,0,0,418,351,33,2112,40,1284,16,40
"574","2020-05-02",207,7,124,687,5126,0.275068279360125,0,0,418,351,30,2142,41,1325,15,41
"575","2020-05-03",189,7,138,672,5126,0.275068279360125,0,0,418,351,40,2182,27,1352,21,27
"576","2020-05-04",196,7,138,652,5126,0.275068279360125,0,0,418,351,35,2217,57,1409,21,57
"577","2020-05-05",198,7,141,648,5126,0.275068279360125,0,0,418,351,47,2264,53,1462,27,53
"578","2020-05-06",178,7,146,646,5126,0.275068279360125,0,0,418,351,38,2302,22,1484,18,22
"579","2020-05-07",176,7,127,630,5126,0.275068279360125,0,0,418,351,27,2329,40,1524,16,40
"580","2020-05-08",166,7,140,623,5126,0.275068279360125,0,0,418,351,31,2360,27,1551,17,27
"581","2020-05-09",165,7,166,607,5126,0.275068279360125,0,0,418,351,29,2389,18,1569,17,18
"582","2020-05-10",176,7,161,603,5126,0.275068279360125,0,0,418,351,40,2429,28,1597,22,28
"583","2020-05-11",170,7,171,589,5126,0.275068279360125,0,0,418,351,25,2454,37,1634,15,37
"584","2020-05-12",167,7,184,589,5126,0.275068279360125,0,0,418,351,42,2496,57,1691,21,57
"585","2020-05-13",169,7,190,570,5126,0.275068279360125,0,0,418,351,25,2521,42,1733,13,42
"586","2020-05-14",166,7,185,557,5126,0.275068279360125,0,0,418,351,36,2557,29,1762,21,29
"587","2020-05-15",172,7,166,544,5126,0.275068279360125,0,0,418,351,35,2592,31,1793,20,31
"588","2020-05-16",164,7,152,536,5126,0.275068279360125,0,0,418,351,34,2626,24,1817,19,24
"589","2020-05-17",154,7,143,511,5126,0.275068279360125,0,0,418,351,25,2651,24,1841,16,24
"590","2020-05-18",141,7,129,488,5126,0.275068279360125,0,0,418,351,27,2678,12,1853,16,12
"591","2020-05-19",141,7,144,471,5126,0.275068279360125,0,0,418,351,28,2706,14,1867,20,14
"592","2020-05-20",141,7,145,450,5126,0.275068279360125,0,0,418,351,36,2742,13,1880,28,13
"593","2020-05-21",134,7,142,427,5126,0.275068279360125,0,0,418,351,25,2767,4,1884,16,4
"594","2020-05-22",132,7,139,408,5126,0.275068279360125,0,0,418,351,20,2787,4,1888,12,4
"595","2020-05-23",130,7,126,396,5126,0.275068279360125,0,0,418,351,29,2816,34,1922,20,34
"596","2020-05-24",121,7,125,371,5126,0.275068279360125,0,0,418,351,19,2835,18,1940,13,18
"597","2020-05-25",124,7,126,366,5126,0.275068279360125,0,0,418,351,28,2863,23,1963,20,23
"598","2020-05-26",114,7,114,360,5126,0.275068279360125,0,0,418,351,27,2890,38,2001,20,38
"599","2020-05-27",113,7,106,349,5126,0.275068279360125,0,0,418,351,29,2919,38,2039,19,38
"600","2020-05-28",107,7,101,341,5126,0.275068279360125,0,0,418,351,17,2936,31,2070,11,31
"601","2020-05-29",97,7,103,326,5126,0.275068279360125,0,0,418,351,22,2958,16,2086,14,16
"602","2020-05-30",99,7,93,308,5126,0.275068279360125,0,0,418,351,23,2981,39,2125,15,39
"603","2020-05-31",100,7,93,304,5126,0.275068279360125,0,0,418,351,24,3005,41,2166,20,41
"604","2020-06-01",94,7,87,295,5126,0.275068279360125,0,0,418,351,15,3020,23,2189,7,23
"605","2020-06-02",99,7,80,280,5126,0.275068279360125,0,0,418,351,15,3035,13,2202,10,13
"606","2020-06-03",92,7,79,268,5126,0.275068279360125,0,0,418,351,15,3050,15,2217,9,15
"607","2020-06-04",90,7,89,273,5126,0.275068279360125,0,0,418,351,15,3065,6,2223,10,6
"608","2020-06-05",87,7,94,274,5126,0.275068279360125,0,0,418,351,15,3080,9,2232,14,9
"609","2020-06-06",82,7,94,260,5126,0.275068279360125,0,0,418,351,18,3098,9,2241,12,9
"610","2020-06-07",79,7,81,252,5126,0.275068279360125,0,0,418,351,10,3108,2,2243,3,2
"611","2020-03-13",1,8,119,107,4556,0.379719051799824,0,0,387,1076,33,83,17,43,3,17
"612","2020-03-14",4,8,134,146,4556,0.379719051799824,0,0,387,1076,24,107,11,54,7,11
"613","2020-03-15",7,8,164,176,4556,0.379719051799824,0,0,387,1076,30,137,6,60,10,6
"614","2020-03-16",20,8,189,209,4556,0.379719051799824,0,0,387,1076,39,176,8,68,11,8
"615","2020-03-17",33,8,222,252,4556,0.379719051799824,0,0,387,1076,36,212,10,78,16,10
"616","2020-03-18",42,8,251,293,4556,0.379719051799824,0,0,387,1076,29,241,15,93,7,15
"617","2020-03-19",55,8,237,329,4556,0.379719051799824,0,0,387,1076,33,274,14,107,11,14
"618","2020-03-20",62,8,218,370,4556,0.379719051799824,0,0,387,1076,39,313,8,115,8,8
"619","2020-03-21",73,8,202,415,4556,0.379719051799824,0,0,387,1076,36,349,8,123,10,8
"620","2020-03-22",83,8,178,462,4556,0.379719051799824,0,0,387,1076,50,399,8,131,18,8
"621","2020-03-23",84,8,185,494,4556,0.379719051799824,0,0,387,1076,51,450,10,141,22,10
"622","2020-03-24",100,8,168,514,4556,0.379719051799824,0,0,387,1076,57,507,6,147,25,6
"623","2020-03-25",112,8,180,535,4556,0.379719051799824,0,0,387,1076,48,555,11,158,20,11
"624","2020-03-26",118,8,198,546,4556,0.379719051799824,0,0,387,1076,61,616,11,169,28,11
"625","2020-03-27",128,8,201,577,4556,0.379719051799824,0,0,387,1076,72,688,8,177,40,8
"626","2020-03-28",145,8,200,599,4556,0.379719051799824,0,0,387,1076,41,729,16,193,22,16
"627","2020-03-29",159,8,221,618,4556,0.379719051799824,0,0,387,1076,62,791,46,239,33,46
"628","2020-03-30",162,8,222,618,4556,0.379719051799824,0,0,387,1076,59,850,18,257,28,18
"629","2020-03-31",160,8,250,631,4556,0.379719051799824,0,0,387,1076,46,896,10,267,15,10
"630","2020-04-01",161,8,227,657,4556,0.379719051799824,0,0,387,1076,54,950,10,277,21,10
"631","2020-04-02",173,8,222,681,4556,0.379719051799824,0,0,387,1076,49,999,29,306,24,29
"632","2020-04-03",181,8,243,696,4556,0.379719051799824,0,0,387,1076,52,1051,19,325,25,19
"633","2020-04-04",188,8,219,703,4556,0.379719051799824,0,0,387,1076,46,1097,41,366,15,41
"634","2020-04-05",196,8,240,725,4556,0.379719051799824,0,0,387,1076,44,1141,40,406,19,40
"635","2020-04-06",208,8,269,725,4556,0.379719051799824,0,0,387,1076,46,1187,13,419,21,13
"636","2020-04-07",211,8,270,728,4556,0.379719051799824,0,0,387,1076,43,1230,35,454,18,35
"637","2020-04-08",217,8,277,743,4556,0.379719051799824,0,0,387,1076,61,1291,40,494,28,40
"638","2020-04-09",215,8,254,760,4556,0.379719051799824,0,0,387,1076,36,1327,45,539,11,45
"639","2020-04-10",211,8,295,757,4556,0.379719051799824,0,0,387,1076,48,1375,41,580,9,41
"640","2020-04-11",206,8,303,792,4556,0.379719051799824,0,0,387,1076,51,1426,19,599,10,19
"641","2020-04-12",206,8,302,778,4556,0.379719051799824,0,0,387,1076,41,1467,45,644,15,45
"642","2020-04-13",205,8,289,787,4556,0.379719051799824,0,0,387,1076,40,1507,47,691,11,47
"643","2020-04-14",211,8,271,799,4556,0.379719051799824,0,0,387,1076,63,1570,29,720,19,29
"644","2020-04-15",210,8,268,800,4556,0.379719051799824,0,0,387,1076,38,1608,33,753,16,33
"645","2020-04-16",215,8,266,806,4556,0.379719051799824,0,0,387,1076,35,1643,43,796,13,43
"646","2020-04-17",227,8,273,798,4556,0.379719051799824,0,0,387,1076,41,1684,33,829,5,33
"647","2020-04-18",226,8,250,784,4556,0.379719051799824,0,0,387,1076,47,1731,44,873,9,44
"648","2020-04-19",229,8,251,767,4556,0.379719051799824,0,0,387,1076,38,1769,43,916,9,43
"649","2020-04-20",238,8,248,770,4556,0.379719051799824,0,0,387,1076,43,1812,34,950,12,34
"650","2020-04-21",228,8,232,763,4556,0.379719051799824,0,0,387,1076,47,1859,11,961,16,11
"651","2020-04-22",233,8,225,746,4556,0.379719051799824,0,0,387,1076,46,1905,14,975,11,14
"652","2020-04-23",233,8,214,723,4556,0.379719051799824,0,0,387,1076,38,1943,12,987,13,12
"653","2020-04-24",222,8,216,742,4556,0.379719051799824,0,0,387,1076,42,1985,5,992,9,5
"654","2020-04-25",209,8,251,721,4556,0.379719051799824,0,0,387,1076,42,2027,7,999,12,7
"655","2020-04-26",195,8,297,725,4556,0.379719051799824,0,0,387,1076,43,2070,11,1010,14,11
"656","2020-04-27",183,8,304,721,4556,0.379719051799824,0,0,387,1076,41,2111,48,1058,16,48
"657","2020-04-28",193,8,302,710,4556,0.379719051799824,0,0,387,1076,38,2149,38,1096,13,38
"658","2020-04-29",201,8,305,678,4556,0.379719051799824,0,0,387,1076,47,2196,25,1121,12,25
"659","2020-04-30",191,8,302,651,4556,0.379719051799824,0,0,387,1076,51,2247,35,1156,14,35
"660","2020-05-01",199,8,307,654,4556,0.379719051799824,0,0,387,1076,41,2288,20,1176,8,20
"661","2020-05-02",203,8,289,638,4556,0.379719051799824,0,0,387,1076,38,2326,26,1202,11,26
"662","2020-05-03",209,8,290,624,4556,0.379719051799824,0,0,387,1076,40,2366,38,1240,13,38
"663","2020-05-04",208,8,279,617,4556,0.379719051799824,0,0,387,1076,47,2413,22,1262,13,22
"664","2020-05-05",199,8,266,615,4556,0.379719051799824,0,0,387,1076,44,2457,45,1307,12,45
"665","2020-05-06",185,8,254,595,4556,0.379719051799824,0,0,387,1076,42,2499,17,1324,9,17
"666","2020-05-07",175,8,292,591,4556,0.379719051799824,0,0,387,1076,38,2537,20,1344,15,20
"667","2020-05-08",166,8,285,568,4556,0.379719051799824,0,0,387,1076,26,2563,21,1365,4,21
"668","2020-05-09",166,8,274,557,4556,0.379719051799824,0,0,387,1076,42,2605,42,1407,8,42
"669","2020-05-10",162,8,261,559,4556,0.379719051799824,0,0,387,1076,26,2631,28,1435,3,28
"670","2020-05-11",155,8,255,544,4556,0.379719051799824,0,0,387,1076,37,2668,18,1453,8,18
"671","2020-05-12",157,8,259,539,4556,0.379719051799824,0,0,387,1076,33,2701,19,1472,5,19
"672","2020-05-13",147,8,252,516,4556,0.379719051799824,0,0,387,1076,32,2733,14,1486,6,14
"673","2020-05-14",151,8,242,518,4556,0.379719051799824,0,0,387,1076,39,2772,11,1497,17,11
"674","2020-05-15",150,8,242,505,4556,0.379719051799824,0,0,387,1076,37,2809,11,1508,12,11
"675","2020-05-16",148,8,255,488,4556,0.379719051799824,0,0,387,1076,40,2849,29,1537,12,29
"676","2020-05-17",145,8,264,468,4556,0.379719051799824,0,0,387,1076,32,2881,19,1556,11,19
"677","2020-05-18",147,8,245,448,4556,0.379719051799824,0,0,387,1076,32,2913,15,1571,9,15
"678","2020-05-19",135,8,241,449,4556,0.379719051799824,0,0,387,1076,31,2944,15,1586,15,15
"679","2020-05-20",131,8,234,412,4556,0.379719051799824,0,0,387,1076,24,2968,27,1613,9,27
"680","2020-05-21",127,8,224,408,4556,0.379719051799824,0,0,387,1076,34,3002,38,1651,14,38
"681","2020-05-22",123,8,242,383,4556,0.379719051799824,0,0,387,1076,19,3021,33,1684,6,33
"682","2020-05-23",118,8,226,369,4556,0.379719051799824,0,0,387,1076,25,3046,22,1706,9,22
"683","2020-05-24",107,8,207,347,4556,0.379719051799824,0,0,387,1076,27,3073,18,1724,8,18
"684","2020-05-25",102,8,231,339,4556,0.379719051799824,0,0,387,1076,24,3097,18,1742,12,18
"685","2020-05-26",97,8,234,322,4556,0.379719051799824,0,0,387,1076,27,3124,13,1755,8,13
"686","2020-05-27",93,8,233,304,4556,0.379719051799824,0,0,387,1076,18,3142,14,1769,10,14
"687","2020-05-28",94,8,240,282,4556,0.379719051799824,0,0,387,1076,30,3172,13,1782,15,13
"688","2020-05-29",90,8,233,272,4556,0.379719051799824,0,0,387,1076,25,3197,16,1798,11,16
"689","2020-05-30",86,8,236,268,4556,0.379719051799824,0,0,387,1076,30,3227,18,1816,13,18
"690","2020-05-31",85,8,238,270,4556,0.379719051799824,0,0,387,1076,16,3243,25,1841,6,25
"691","2020-06-01",86,8,244,258,4556,0.379719051799824,0,0,387,1076,18,3261,25,1866,6,25
"692","2020-06-02",79,8,243,251,4556,0.379719051799824,0,0,387,1076,16,3277,13,1879,7,13
"693","2020-06-03",86,8,246,251,4556,0.379719051799824,0,0,387,1076,17,3294,27,1906,8,27
"694","2020-06-04",78,8,227,243,4556,0.379719051799824,0,0,387,1076,17,3311,25,1931,7,25
"695","2020-06-05",74,8,214,239,4556,0.379719051799824,0,0,387,1076,24,3335,29,1960,5,29
"696","2020-06-06",80,8,204,245,4556,0.379719051799824,0,0,387,1076,9,3344,20,1980,6,20
"697","2020-06-07",78,8,204,231,4556,0.379719051799824,0,0,387,1076,17,3361,25,2005,6,25
"698","2020-03-14",1,9,81,48,7528,0.966126461211477,0,0,702,607,22,50,5,69,15,5
"699","2020-03-15",4,9,105,66,7528,0.966126461211477,0,0,702,607,20,70,7,76,14,7
"700","2020-03-16",4,9,118,97,7528,0.966126461211477,0,0,702,607,18,88,1,77,14,1
"701","2020-03-17",8,9,125,124,7528,0.966126461211477,0,0,702,607,15,103,7,84,12,7
"702","2020-03-18",13,9,117,169,7528,0.966126461211477,0,0,702,607,29,132,28,112,22,28
"703","2020-03-19",20,9,119,215,7528,0.966126461211477,0,0,702,607,21,153,18,130,14,18
"704","2020-03-20",30,9,131,276,7528,0.966126461211477,0,0,702,607,29,182,28,158,20,28
"705","2020-03-21",36,9,153,344,7528,0.966126461211477,0,0,702,607,35,217,17,175,28,17
"706","2020-03-22",49,9,182,446,7528,0.966126461211477,0,0,702,607,36,253,7,182,30,7
"707","2020-03-23",61,9,176,539,7528,0.966126461211477,0,0,702,607,42,295,18,200,37,18
"708","2020-03-24",84,9,197,662,7528,0.966126461211477,0,0,702,607,44,339,30,230,40,30
"709","2020-03-25",98,9,198,804,7528,0.966126461211477,0,0,702,607,46,385,47,277,41,47
"710","2020-03-26",114,9,193,996,7528,0.966126461211477,0,0,702,607,44,429,19,296,40,19
"711","2020-03-27",139,9,189,1229,7528,0.966126461211477,0,0,702,607,44,473,20,316,38,20
"712","2020-03-28",180,9,180,1447,7528,0.966126461211477,0,0,702,607,57,530,39,355,52,39
"713","2020-03-29",211,9,167,1658,7528,0.966126461211477,0,0,702,607,77,607,22,377,66,22
"714","2020-03-30",277,9,172,1853,7528,0.966126461211477,0,0,702,607,57,664,18,395,50,18
"715","2020-03-31",325,9,200,2098,7528,0.966126461211477,0,0,702,607,64,728,47,442,55,47
"716","2020-04-01",395,9,227,2417,7528,0.966126461211477,0,0,702,607,74,802,69,511,63,69
"717","2020-04-02",465,9,228,2757,7528,0.966126461211477,0,0,702,607,63,865,74,585,59,74
"718","2020-04-03",553,9,224,2950,7528,0.966126461211477,0,0,702,607,70,935,60,645,66,60
"719","2020-04-04",617,9,208,3280,7528,0.966126461211477,0,0,702,607,73,1008,34,679,70,34
"720","2020-04-05",695,9,214,3495,7528,0.966126461211477,0,0,702,607,73,1081,26,705,65,26
"721","2020-04-06",737,9,211,3592,7528,0.966126461211477,0,0,702,607,78,1159,44,749,70,44
"722","2020-04-07",805,9,198,3731,7528,0.966126461211477,0,0,702,607,75,1234,61,810,67,61
"723","2020-04-08",871,9,196,3762,7528,0.966126461211477,0,0,702,607,90,1324,58,868,84,58
"724","2020-04-09",925,9,179,3761,7528,0.966126461211477,0,0,702,607,81,1405,37,905,70,37
"725","2020-04-10",957,9,167,3658,7528,0.966126461211477,0,0,702,607,79,1484,35,940,70,35
"726","2020-04-11",1021,9,187,3543,7528,0.966126461211477,0,0,702,607,85,1569,19,959,79,19
"727","2020-04-12",1039,9,190,3364,7528,0.966126461211477,0,0,702,607,87,1656,15,974,77,15
"728","2020-04-13",1054,9,184,3143,7528,0.966126461211477,0,0,702,607,90,1746,27,1001,88,27
"729","2020-04-14",1027,9,195,2922,7528,0.966126461211477,0,0,702,607,107,1853,15,1016,95,15
"730","2020-04-15",999,9,177,2694,7528,0.966126461211477,0,0,702,607,82,1935,13,1029,78,13
"731","2020-04-16",955,9,173,2442,7528,0.966126461211477,0,0,702,607,66,2001,6,1035,61,6
"732","2020-04-17",891,9,178,2169,7528,0.966126461211477,0,0,702,607,88,2089,10,1045,83,10
"733","2020-04-18",819,9,199,1931,7528,0.966126461211477,0,0,702,607,109,2198,16,1061,101,16
"734","2020-04-19",750,9,205,1689,7528,0.966126461211477,0,0,702,607,110,2308,10,1071,101,10
"735","2020-04-20",678,9,182,1483,7528,0.966126461211477,0,0,702,607,75,2383,8,1079,67,8
"736","2020-04-21",621,9,220,1242,7528,0.966126461211477,0,0,702,607,87,2470,4,1083,80,4
"737","2020-04-22",544,9,245,1038,7528,0.966126461211477,0,0,702,607,72,2542,7,1090,67,7
"738","2020-04-23",481,9,254,862,7528,0.966126461211477,0,0,702,607,86,2628,22,1112,79,22
"739","2020-04-24",429,9,267,725,7528,0.966126461211477,0,0,702,607,81,2709,55,1167,72,55
"740","2020-04-25",359,9,276,604,7528,0.966126461211477,0,0,702,607,70,2779,67,1234,67,67
"741","2020-04-26",309,9,273,513,7528,0.966126461211477,0,0,702,607,74,2853,33,1267,69,33
"742","2020-04-27",267,9,257,438,7528,0.966126461211477,0,0,702,607,96,2949,36,1303,90,36
"743","2020-04-28",218,9,247,365,7528,0.966126461211477,0,0,702,607,100,3049,60,1363,88,60
"744","2020-04-29",183,9,222,315,7528,0.966126461211477,0,0,702,607,62,3111,27,1390,58,27
"745","2020-04-30",151,9,199,260,7528,0.966126461211477,0,0,702,607,61,3172,25,1415,57,25
"746","2020-05-01",119,9,178,215,7528,0.966126461211477,0,0,702,607,86,3258,27,1442,77,27
"747","2020-05-02",88,9,178,170,7528,0.966126461211477,0,0,702,607,55,3313,62,1504,48,62
"748","2020-05-03",70,9,218,128,7528,0.966126461211477,0,0,702,607,66,3379,61,1565,58,61
"749","2020-05-04",53,9,226,116,7528,0.966126461211477,0,0,702,607,64,3443,61,1626,59,61
"750","2020-05-05",44,9,233,105,7528,0.966126461211477,0,0,702,607,52,3495,62,1688,50,62
"751","2020-05-06",34,9,220,90,7528,0.966126461211477,0,0,702,607,47,3542,38,1726,41,38
"752","2020-05-07",30,9,222,76,7528,0.966126461211477,0,0,702,607,65,3607,46,1772,58,46
"753","2020-05-08",28,9,229,69,7528,0.966126461211477,0,0,702,607,60,3667,27,1799,51,27
"754","2020-05-09",29,9,209,61,7528,0.966126461211477,0,0,702,607,47,3714,19,1818,42,19
"755","2020-05-10",29,9,196,54,7528,0.966126461211477,0,0,702,607,60,3774,29,1847,54,29
"756","2020-05-11",26,9,191,51,7528,0.966126461211477,0,0,702,607,46,3820,15,1862,41,15
"757","2020-05-12",25,9,179,45,7528,0.966126461211477,0,0,702,607,58,3878,15,1877,49,15
"758","2020-05-13",23,9,175,38,7528,0.966126461211477,0,0,702,607,40,3918,10,1887,37,10
"759","2020-05-14",22,9,182,36,7528,0.966126461211477,0,0,702,607,49,3967,7,1894,46,7
"760","2020-05-15",18,9,191,35,7528,0.966126461211477,0,0,702,607,41,4008,10,1904,36,10
"761","2020-05-16",16,9,208,34,7528,0.966126461211477,0,0,702,607,41,4049,50,1954,38,50
"762","2020-05-17",11,9,195,28,7528,0.966126461211477,0,0,702,607,31,4080,52,2006,25,52
"763","2020-05-18",12,9,210,25,7528,0.966126461211477,0,0,702,607,33,4113,32,2038,28,32
"764","2020-05-19",12,9,244,24,7528,0.966126461211477,0,0,702,607,34,4147,49,2087,28,49
"765","2020-05-20",11,9,209,24,7528,0.966126461211477,0,0,702,607,40,4187,68,2155,33,68
"766","2020-05-21",10,9,182,21,7528,0.966126461211477,0,0,702,607,27,4214,43,2198,19,43
"767","2020-05-22",10,9,154,20,7528,0.966126461211477,0,0,702,607,43,4257,34,2232,37,34
"768","2020-05-23",8,9,136,23,7528,0.966126461211477,0,0,702,607,34,4291,21,2253,28,21
"769","2020-05-24",8,9,113,23,7528,0.966126461211477,0,0,702,607,27,4318,14,2267,25,14
"770","2020-05-25",7,9,102,22,7528,0.966126461211477,0,0,702,607,19,4337,24,2291,17,24
"771","2020-05-26",7,9,85,22,7528,0.966126461211477,0,0,702,607,23,4360,40,2331,22,40
"772","2020-05-27",8,9,72,24,7528,0.966126461211477,0,0,702,607,26,4386,48,2379,26,48
"773","2020-05-28",11,9,64,23,7528,0.966126461211477,0,0,702,607,23,4409,36,2415,21,36
"774","2020-05-29",10,9,60,21,7528,0.966126461211477,0,0,702,607,18,4427,50,2465,17,50
"775","2020-05-30",10,9,75,20,7528,0.966126461211477,0,0,702,607,26,4453,44,2509,24,44
"776","2020-05-31",10,9,70,19,7528,0.966126461211477,0,0,702,607,16,4469,20,2529,11,20
"777","2020-06-01",9,9,83,19,7528,0.966126461211477,0,0,702,607,26,4495,20,2549,25,20
"778","2020-06-02",9,9,100,19,7528,0.966126461211477,0,0,702,607,10,4505,26,2575,7,26
"779","2020-06-03",6,9,109,19,7528,0.966126461211477,0,0,702,607,10,4515,17,2592,9,17
"780","2020-06-04",2,9,99,17,7528,0.966126461211477,0,0,702,607,10,4525,16,2608,8,16
"781","2020-06-05",2,9,88,14,7528,0.966126461211477,0,0,702,607,9,4534,6,2614,8,6
"782","2020-06-06",2,9,85,13,7528,0.966126461211477,0,0,702,607,11,4545,8,2622,10,8
"783","2020-06-07",3,9,81,11,7528,0.966126461211477,0,0,702,607,10,4555,3,2625,9,3
"784","2020-03-12",1,10,43,15,2004,0.609281437125748,0,0,195,828,31,60,4,6,8,4
"785","2020-03-13",1,10,48,27,2004,0.609281437125748,0,0,195,828,34,94,7,13,7,7
"786","2020-03-14",1,10,51,36,2004,0.609281437125748,0,0,195,828,40,134,16,29,11,16
"787","2020-03-15",2,10,62,52,2004,0.609281437125748,0,0,195,828,45,179,14,43,23,14
"788","2020-03-16",5,10,78,66,2004,0.609281437125748,0,0,195,828,47,226,3,46,25,3
"789","2020-03-17",7,10,87,79,2004,0.609281437125748,0,0,195,828,42,268,4,50,21,4
"790","2020-03-18",11,10,78,90,2004,0.609281437125748,0,0,195,828,43,311,12,62,27,12
"791","2020-03-19",15,10,87,106,2004,0.609281437125748,0,0,195,828,69,380,7,69,47,7
"792","2020-03-20",19,10,110,119,2004,0.609281437125748,0,0,195,828,66,446,8,77,36,8
"793","2020-03-21",23,10,126,141,2004,0.609281437125748,0,0,195,828,68,514,16,93,45,16
"794","2020-03-22",32,10,109,153,2004,0.609281437125748,0,0,195,828,65,579,17,110,52,17
"795","2020-03-23",31,10,142,166,2004,0.609281437125748,0,0,195,828,73,652,24,134,56,24
"796","2020-03-24",41,10,138,189,2004,0.609281437125748,0,0,195,828,81,733,13,147,52,13
"797","2020-03-25",49,10,125,199,2004,0.609281437125748,0,0,195,828,82,815,7,154,56,7
"798","2020-03-26",48,10,121,205,2004,0.609281437125748,0,0,195,828,69,884,10,164,42,10
"799","2020-03-27",50,10,120,205,2004,0.609281437125748,0,0,195,828,93,977,11,175,60,11
"800","2020-03-28",57,10,120,214,2004,0.609281437125748,0,0,195,828,74,1051,22,197,54,22
"801","2020-03-29",56,10,124,230,2004,0.609281437125748,0,0,195,828,88,1139,20,217,66,20
"802","2020-03-30",59,10,120,234,2004,0.609281437125748,0,0,195,828,99,1238,14,231,80,14
"803","2020-03-31",56,10,118,240,2004,0.609281437125748,0,0,195,828,87,1325,30,261,58,30
"804","2020-04-01",53,10,133,242,2004,0.609281437125748,0,0,195,828,97,1422,12,273,84,12
"805","2020-04-02",63,10,130,243,2004,0.609281437125748,0,0,195,828,85,1507,7,280,66,7
"806","2020-04-03",62,10,126,238,2004,0.609281437125748,0,0,195,828,92,1599,13,293,73,13
"807","2020-04-04",60,10,116,246,2004,0.609281437125748,0,0,195,828,108,1707,26,319,83,26
"808","2020-04-05",62,10,108,250,2004,0.609281437125748,0,0,195,828,110,1817,10,329,92,10
"809","2020-04-06",68,10,121,246,2004,0.609281437125748,0,0,195,828,111,1928,40,369,84,40
"810","2020-04-07",67,10,129,246,2004,0.609281437125748,0,0,195,828,88,2016,34,403,66,34
"811","2020-04-08",71,10,163,255,2004,0.609281437125748,0,0,195,828,88,2104,19,422,74,19
"812","2020-04-09",65,10,151,262,2004,0.609281437125748,0,0,195,828,82,2186,17,439,63,17
"813","2020-04-10",71,10,154,261,2004,0.609281437125748,0,0,195,828,81,2267,7,446,57,7
"814","2020-04-11",68,10,173,262,2004,0.609281437125748,0,0,195,828,75,2342,37,483,57,37
"815","2020-04-12",72,10,187,273,2004,0.609281437125748,0,0,195,828,88,2430,36,519,66,36
"816","2020-04-13",74,10,180,267,2004,0.609281437125748,0,0,195,828,90,2520,30,549,64,30
"817","2020-04-14",83,10,195,265,2004,0.609281437125748,0,0,195,828,87,2607,43,592,61,43
"818","2020-04-15",79,10,184,269,2004,0.609281437125748,0,0,195,828,77,2684,45,637,65,45
"819","2020-04-16",84,10,164,276,2004,0.609281437125748,0,0,195,828,68,2752,50,687,46,50
"820","2020-04-17",82,10,188,277,2004,0.609281437125748,0,0,195,828,68,2820,50,737,48,50
"821","2020-04-18",88,10,220,266,2004,0.609281437125748,0,0,195,828,66,2886,52,789,46,52
"822","2020-04-19",82,10,207,275,2004,0.609281437125748,0,0,195,828,66,2952,42,831,45,42
"823","2020-04-20",76,10,199,282,2004,0.609281437125748,0,0,195,828,58,3010,6,837,35,6
"824","2020-04-21",72,10,194,293,2004,0.609281437125748,0,0,195,828,64,3074,11,848,45,11
"825","2020-04-22",78,10,154,299,2004,0.609281437125748,0,0,195,828,64,3138,12,860,40,12
"826","2020-04-23",85,10,136,302,2004,0.609281437125748,0,0,195,828,55,3193,13,873,37,13
"827","2020-04-24",81,10,126,306,2004,0.609281437125748,0,0,195,828,58,3251,23,896,37,23
"828","2020-04-25",83,10,122,314,2004,0.609281437125748,0,0,195,828,51,3302,14,910,34,14
"829","2020-04-26",82,10,117,336,2004,0.609281437125748,0,0,195,828,50,3352,12,922,36,12
"830","2020-04-27",91,10,123,358,2004,0.609281437125748,0,0,195,828,48,3400,22,944,33,22
"831","2020-04-28",91,10,163,384,2004,0.609281437125748,0,0,195,828,57,3457,11,955,46,11
"832","2020-04-29",95,10,197,396,2004,0.609281437125748,0,0,195,828,52,3509,19,974,34,19
"833","2020-04-30",86,10,224,396,2004,0.609281437125748,0,0,195,828,68,3577,8,982,36,8
"834","2020-05-01",98,10,213,388,2004,0.609281437125748,0,0,195,828,60,3637,42,1024,43,42
"835","2020-05-02",98,10,212,395,2004,0.609281437125748,0,0,195,828,58,3695,27,1051,29,27
"836","2020-05-03",107,10,188,410,2004,0.609281437125748,0,0,195,828,51,3746,20,1071,28,20
"837","2020-05-04",114,10,223,395,2004,0.609281437125748,0,0,195,828,45,3791,17,1088,30,17
"838","2020-05-05",116,10,250,377,2004,0.609281437125748,0,0,195,828,48,3839,19,1107,24,19
"839","2020-05-06",110,10,240,356,2004,0.609281437125748,0,0,195,828,43,3882,36,1143,25,36
"840","2020-05-07",110,10,227,352,2004,0.609281437125748,0,0,195,828,39,3921,37,1180,23,37
"841","2020-05-08",105,10,244,346,2004,0.609281437125748,0,0,195,828,38,3959,17,1197,23,17
"842","2020-05-09",105,10,217,339,2004,0.609281437125748,0,0,195,828,38,3997,13,1210,23,13
"843","2020-05-10",98,10,207,325,2004,0.609281437125748,0,0,195,828,36,4033,12,1222,13,12
"844","2020-05-11",83,10,176,316,2004,0.609281437125748,0,0,195,828,44,4077,18,1240,27,18
"845","2020-05-12",82,10,167,294,2004,0.609281437125748,0,0,195,828,28,4105,13,1253,21,13
"846","2020-05-13",80,10,179,272,2004,0.609281437125748,0,0,195,828,40,4145,16,1269,26,16
"847","2020-05-14",78,10,159,268,2004,0.609281437125748,0,0,195,828,31,4176,24,1293,20,24
"848","2020-05-15",77,10,157,257,2004,0.609281437125748,0,0,195,828,33,4209,17,1310,18,17
"849","2020-05-16",74,10,178,248,2004,0.609281437125748,0,0,195,828,48,4257,9,1319,25,9
"850","2020-05-17",75,10,197,241,2004,0.609281437125748,0,0,195,828,23,4280,8,1327,8,8
"851","2020-05-18",76,10,194,236,2004,0.609281437125748,0,0,195,828,29,4309,5,1332,15,5
"852","2020-05-19",70,10,170,236,2004,0.609281437125748,0,0,195,828,35,4344,13,1345,24,13
"853","2020-05-20",76,10,150,250,2004,0.609281437125748,0,0,195,828,24,4368,11,1356,10,11
"854","2020-05-21",78,10,173,241,2004,0.609281437125748,0,0,195,828,36,4404,27,1383,22,27
"855","2020-05-22",79,10,164,225,2004,0.609281437125748,0,0,195,828,21,4425,19,1402,11,19
"856","2020-05-23",78,10,151,207,2004,0.609281437125748,0,0,195,828,35,4460,27,1429,26,27
"857","2020-05-24",73,10,129,191,2004,0.609281437125748,0,0,195,828,26,4486,14,1443,16,14
"858","2020-05-25",73,10,148,185,2004,0.609281437125748,0,0,195,828,26,4512,11,1454,16,11
"859","2020-05-26",75,10,168,179,2004,0.609281437125748,0,0,195,828,19,4531,34,1488,14,34
"860","2020-05-27",63,10,186,164,2004,0.609281437125748,0,0,195,828,11,4542,5,1493,4,5
"861","2020-05-28",57,10,200,155,2004,0.609281437125748,0,0,195,828,23,4565,9,1502,13,9
"862","2020-05-29",55,10,210,156,2004,0.609281437125748,0,0,195,828,11,4576,22,1524,9,22
"863","2020-05-30",46,10,199,161,2004,0.609281437125748,0,0,195,828,13,4589,18,1542,5,18
"864","2020-05-31",46,10,197,162,2004,0.609281437125748,0,0,195,828,16,4605,23,1565,7,23
"865","2020-06-01",40,10,178,156,2004,0.609281437125748,0,0,195,828,13,4618,33,1598,5,33
"866","2020-06-02",37,10,163,155,2004,0.609281437125748,0,0,195,828,9,4627,13,1611,4,13
"867","2020-06-03",39,10,152,151,2004,0.609281437125748,0,0,195,828,15,4642,9,1620,6,9
"868","2020-06-04",40,10,146,148,2004,0.609281437125748,0,0,195,828,12,4654,9,1629,5,9
"869","2020-06-05",39,10,145,148,2004,0.609281437125748,0,0,195,828,10,4664,6,1635,4,6
"870","2020-06-06",45,10,138,144,2004,0.609281437125748,0,0,195,828,13,4677,9,1644,6,9
"871","2020-06-07",42,10,140,141,2004,0.609281437125748,0,0,195,828,6,4683,15,1659,1,15
"872","2020-03-12",1,11,92,69,4175,0.400239520958084,0,0,361,863,44,81,33,62,4,33
"873","2020-03-13",2,11,84,100,4175,0.400239520958084,0,0,361,863,50,131,21,83,7,21
"874","2020-03-14",5,11,72,129,4175,0.400239520958084,0,0,361,863,53,184,22,105,8,22
"875","2020-03-15",10,11,66,188,4175,0.400239520958084,0,0,361,863,40,224,42,147,8,42
"876","2020-03-16",16,11,68,228,4175,0.400239520958084,0,0,361,863,58,282,25,172,28,25
"877","2020-03-17",22,11,64,283,4175,0.400239520958084,0,0,361,863,59,341,41,213,24,41
"878","2020-03-18",26,11,91,328,4175,0.400239520958084,0,0,361,863,71,412,63,276,30,63
"879","2020-03-19",38,11,93,380,4175,0.400239520958084,0,0,361,863,65,477,61,337,33,61
"880","2020-03-20",53,11,86,410,4175,0.400239520958084,0,0,361,863,60,537,55,392,27,55
"881","2020-03-21",66,11,75,444,4175,0.400239520958084,0,0,361,863,76,613,60,452,37,60
"882","2020-03-22",79,11,82,483,4175,0.400239520958084,0,0,361,863,71,684,69,521,48,69
"883","2020-03-23",97,11,82,538,4175,0.400239520958084,0,0,361,863,68,752,68,589,36,68
"884","2020-03-24",114,11,89,572,4175,0.400239520958084,0,0,361,863,67,819,63,652,28,63
"885","2020-03-25",143,11,113,608,4175,0.400239520958084,0,0,361,863,59,878,52,704,31,52
"886","2020-03-26",151,11,101,631,4175,0.400239520958084,0,0,361,863,73,951,46,750,36,46
"887","2020-03-27",161,11,108,660,4175,0.400239520958084,0,0,361,863,63,1014,52,802,26,52
"888","2020-03-28",161,11,115,676,4175,0.400239520958084,0,0,361,863,62,1076,39,841,23,39
"889","2020-03-29",169,11,132,682,4175,0.400239520958084,0,0,361,863,69,1145,47,888,32,47
"890","2020-03-30",169,11,125,696,4175,0.400239520958084,0,0,361,863,74,1219,39,927,39,39
"891","2020-03-31",174,11,137,692,4175,0.400239520958084,0,0,361,863,74,1293,35,962,40,35
"892","2020-04-01",172,11,178,702,4175,0.400239520958084,0,0,361,863,70,1363,47,1009,28,47
"893","2020-04-02",182,11,198,731,4175,0.400239520958084,0,0,361,863,88,1451,42,1051,47,42
"894","2020-04-03",184,11,205,724,4175,0.400239520958084,0,0,361,863,73,1524,35,1086,31,35
"895","2020-04-04",201,11,205,715,4175,0.400239520958084,0,0,361,863,86,1610,50,1136,40,50
"896","2020-04-05",206,11,188,717,4175,0.400239520958084,0,0,361,863,88,1698,39,1175,45,39
"897","2020-04-06",202,11,159,717,4175,0.400239520958084,0,0,361,863,69,1767,51,1226,21,51
"898","2020-04-07",204,11,158,694,4175,0.400239520958084,0,0,361,863,74,1841,43,1269,37,43
"899","2020-04-08",207,11,196,697,4175,0.400239520958084,0,0,361,863,89,1930,35,1304,42,35
"900","2020-04-09",210,11,203,663,4175,0.400239520958084,0,0,361,863,79,2009,43,1347,42,43
"901","2020-04-10",202,11,194,675,4175,0.400239520958084,0,0,361,863,82,2091,44,1391,40,44
"902","2020-04-11",206,11,227,644,4175,0.400239520958084,0,0,361,863,88,2179,66,1457,43,66
"903","2020-04-12",202,11,214,643,4175,0.400239520958084,0,0,361,863,68,2247,63,1520,38,63
"904","2020-04-13",211,11,207,648,4175,0.400239520958084,0,0,361,863,78,2325,46,1566,39,46
"905","2020-04-14",201,11,197,642,4175,0.400239520958084,0,0,361,863,65,2390,72,1638,23,72
"906","2020-04-15",189,11,180,634,4175,0.400239520958084,0,0,361,863,78,2468,57,1695,29,57
"907","2020-04-16",180,11,145,638,4175,0.400239520958084,0,0,361,863,76,2544,46,1741,36,46
"908","2020-04-17",181,11,135,617,4175,0.400239520958084,0,0,361,863,68,2612,30,1771,22,30
"909","2020-04-18",161,11,116,613,4175,0.400239520958084,0,0,361,863,73,2685,35,1806,37,35
"910","2020-04-19",162,11,105,613,4175,0.400239520958084,0,0,361,863,55,2740,39,1845,22,39
"911","2020-04-20",151,11,101,617,4175,0.400239520958084,0,0,361,863,71,2811,32,1877,36,32
"912","2020-04-21",156,11,103,622,4175,0.400239520958084,0,0,361,863,84,2895,29,1906,40,29
"913","2020-04-22",163,11,97,630,4175,0.400239520958084,0,0,361,863,72,2967,45,1951,25,45
"914","2020-04-23",161,11,101,633,4175,0.400239520958084,0,0,361,863,77,3044,34,1985,33,34
"915","2020-04-24",158,11,139,634,4175,0.400239520958084,0,0,361,863,62,3106,32,2017,24,32
"916","2020-04-25",158,11,145,647,4175,0.400239520958084,0,0,361,863,49,3155,44,2061,18,44
"917","2020-04-26",158,11,165,633,4175,0.400239520958084,0,0,361,863,65,3220,30,2091,25,30
"918","2020-04-27",161,11,222,639,4175,0.400239520958084,0,0,361,863,51,3271,43,2134,21,43
"919","2020-04-28",165,11,253,620,4175,0.400239520958084,0,0,361,863,58,3329,50,2184,17,50
"920","2020-04-29",161,11,233,608,4175,0.400239520958084,0,0,361,863,66,3395,52,2236,28,52
"921","2020-04-30",171,11,209,596,4175,0.400239520958084,0,0,361,863,49,3444,38,2274,11,38
"922","2020-05-01",176,11,230,601,4175,0.400239520958084,0,0,361,863,47,3491,38,2312,16,38
"923","2020-05-02",185,11,220,580,4175,0.400239520958084,0,0,361,863,45,3536,52,2364,17,52
"924","2020-05-03",181,11,210,570,4175,0.400239520958084,0,0,361,863,53,3589,52,2416,15,52
"925","2020-05-04",189,11,200,562,4175,0.400239520958084,0,0,361,863,56,3645,48,2464,20,48
"926","2020-05-05",185,11,248,566,4175,0.400239520958084,0,0,361,863,58,3703,48,2512,23,48
"927","2020-05-06",189,11,285,544,4175,0.400239520958084,0,0,361,863,44,3747,41,2553,18,41
"928","2020-05-07",185,11,272,534,4175,0.400239520958084,0,0,361,863,51,3798,42,2595,17,42
"929","2020-05-08",180,11,255,524,4175,0.400239520958084,0,0,361,863,49,3847,40,2635,28,40
"930","2020-05-09",175,11,231,501,4175,0.400239520958084,0,0,361,863,58,3905,39,2674,22,39
"931","2020-05-10",171,11,215,487,4175,0.400239520958084,0,0,361,863,52,3957,50,2724,17,50
"932","2020-05-11",159,11,208,454,4175,0.400239520958084,0,0,361,863,41,3998,57,2781,12,57
"933","2020-05-12",154,11,264,453,4175,0.400239520958084,0,0,361,863,37,4035,54,2835,12,54
"934","2020-05-13",147,11,267,428,4175,0.400239520958084,0,0,361,863,40,4075,45,2880,12,45
"935","2020-05-14",132,11,242,416,4175,0.400239520958084,0,0,361,863,46,4121,34,2914,15,34
"936","2020-05-15",131,11,231,399,4175,0.400239520958084,0,0,361,863,34,4155,47,2961,13,47
"937","2020-05-16",132,11,201,393,4175,0.400239520958084,0,0,361,863,47,4202,53,3014,11,53
"938","2020-05-17",131,11,182,374,4175,0.400239520958084,0,0,361,863,40,4242,42,3056,9,42
"939","2020-05-18",124,11,160,362,4175,0.400239520958084,0,0,361,863,35,4277,36,3092,15,36
"940","2020-05-19",111,11,159,354,4175,0.400239520958084,0,0,361,863,28,4305,29,3121,9,29
"941","2020-05-20",98,11,177,339,4175,0.400239520958084,0,0,361,863,46,4351,29,3150,18,29
"942","2020-05-21",96,11,194,339,4175,0.400239520958084,0,0,361,863,28,4379,48,3198,9,48
"943","2020-05-22",96,11,190,334,4175,0.400239520958084,0,0,361,863,27,4406,40,3238,12,40
"944","2020-05-23",94,11,189,315,4175,0.400239520958084,0,0,361,863,24,4430,37,3275,8,37
"945","2020-05-24",88,11,222,312,4175,0.400239520958084,0,0,361,863,24,4454,26,3301,11,26
"946","2020-05-25",94,11,232,310,4175,0.400239520958084,0,0,361,863,25,4479,48,3349,9,48
"947","2020-05-26",98,11,208,305,4175,0.400239520958084,0,0,361,863,13,4492,45,3394,6,45
"948","2020-05-27",100,11,179,293,4175,0.400239520958084,0,0,361,863,32,4524,40,3434,14,40
"949","2020-05-28",99,11,204,280,4175,0.400239520958084,0,0,361,863,32,4556,34,3468,13,34
"950","2020-05-29",98,11,204,272,4175,0.400239520958084,0,0,361,863,19,4575,28,3496,10,28
"951","2020-05-30",89,11,213,265,4175,0.400239520958084,0,0,361,863,18,4593,38,3534,6,38
"952","2020-05-31",83,11,204,248,4175,0.400239520958084,0,0,361,863,21,4614,44,3578,9,44
"953","2020-06-01",73,11,216,241,4175,0.400239520958084,0,0,361,863,11,4625,41,3619,6,41
"954","2020-06-02",78,11,184,236,4175,0.400239520958084,0,0,361,863,22,4647,50,3669,4,50
"955","2020-06-03",75,11,170,224,4175,0.400239520958084,0,0,361,863,16,4663,46,3715,7,46
"956","2020-06-04",75,11,154,222,4175,0.400239520958084,0,0,361,863,16,4679,50,3765,5,50
"957","2020-06-05",69,11,164,211,4175,0.400239520958084,0,0,361,863,21,4700,51,3816,6,51
"958","2020-06-06",68,11,145,209,4175,0.400239520958084,0,0,361,863,21,4721,40,3856,13,40
"959","2020-06-07",70,11,140,200,4175,0.400239520958084,0,0,361,863,13,4734,36,3892,6,36
"960","2020-03-12",1,12,31,70,4305,0.313124274099884,0,0,345,619,16,32,10,21,3,10
"961","2020-03-13",2,12,35,106,4305,0.313124274099884,0,0,345,619,20,52,7,28,5,7
"962","2020-03-14",6,12,71,156,4305,0.313124274099884,0,0,345,619,31,83,7,35,8,7
"963","2020-03-15",11,12,75,219,4305,0.313124274099884,0,0,345,619,30,113,18,53,13,18
"964","2020-03-16",18,12,71,263,4305,0.313124274099884,0,0,345,619,27,140,18,71,14,18
"965","2020-03-17",27,12,73,304,4305,0.313124274099884,0,0,345,619,29,169,36,107,19,36
"966","2020-03-18",44,12,68,366,4305,0.313124274099884,0,0,345,619,50,219,22,129,28,22
"967","2020-03-19",54,12,76,418,4305,0.313124274099884,0,0,345,619,37,256,33,162,25,33
"968","2020-03-20",71,12,97,454,4305,0.313124274099884,0,0,345,619,52,308,16,178,32,16
"969","2020-03-21",85,12,109,495,4305,0.313124274099884,0,0,345,619,50,358,20,198,34,20
"970","2020-03-22",106,12,108,514,4305,0.313124274099884,0,0,345,619,53,411,18,216,28,18
"971","2020-03-23",118,12,109,553,4305,0.313124274099884,0,0,345,619,62,473,23,239,46,23
"972","2020-03-24",124,12,106,576,4305,0.313124274099884,0,0,345,619,62,535,37,276,42,37
"973","2020-03-25",140,12,109,604,4305,0.313124274099884,0,0,345,619,82,617,17,293,53,17
"974","2020-03-26",150,12,119,632,4305,0.313124274099884,0,0,345,619,85,702,10,303,64,10
"975","2020-03-27",157,12,113,638,4305,0.313124274099884,0,0,345,619,71,773,26,329,48,26
"976","2020-03-28",155,12,146,656,4305,0.313124274099884,0,0,345,619,82,855,33,362,65,33
"977","2020-03-29",156,12,150,652,4305,0.313124274099884,0,0,345,619,82,937,24,386,64,24
"978","2020-03-30",157,12,161,671,4305,0.313124274099884,0,0,345,619,64,1001,34,420,46,34
"979","2020-03-31",172,12,164,677,4305,0.313124274099884,0,0,345,619,79,1080,49,469,61,49
"980","2020-04-01",160,12,162,657,4305,0.313124274099884,0,0,345,619,85,1165,27,496,64,27
"981","2020-04-02",168,12,157,668,4305,0.313124274099884,0,0,345,619,85,1250,28,524,66,28
"982","2020-04-03",172,12,153,681,4305,0.313124274099884,0,0,345,619,78,1328,12,536,62,12
"983","2020-04-04",186,12,147,694,4305,0.313124274099884,0,0,345,619,98,1426,9,545,68,9
"984","2020-04-05",186,12,148,677,4305,0.313124274099884,0,0,345,619,81,1507,42,587,64,42
"985","2020-04-06",193,12,143,688,4305,0.313124274099884,0,0,345,619,95,1602,15,602,74,15
"986","2020-04-07",188,12,130,681,4305,0.313124274099884,0,0,345,619,86,1688,19,621,58,19
"987","2020-04-08",195,12,147,692,4305,0.313124274099884,0,0,345,619,108,1796,27,648,80,27
"988","2020-04-09",188,12,161,678,4305,0.313124274099884,0,0,345,619,90,1886,57,705,70,57
"989","2020-04-10",184,12,172,700,4305,0.313124274099884,0,0,345,619,94,1980,56,761,63,56
"990","2020-04-11",185,12,177,708,4305,0.313124274099884,0,0,345,619,77,2057,27,788,65,27
"991","2020-04-12",191,12,188,690,4305,0.313124274099884,0,0,345,619,93,2150,36,824,75,36
"992","2020-04-13",191,12,192,681,4305,0.313124274099884,0,0,345,619,85,2235,26,850,66,26
"993","2020-04-14",195,12,208,674,4305,0.313124274099884,0,0,345,619,93,2328,47,897,66,47
"994","2020-04-15",198,12,197,651,4305,0.313124274099884,0,0,345,619,93,2421,43,940,69,43
"995","2020-04-16",197,12,189,633,4305,0.313124274099884,0,0,345,619,73,2494,26,966,50,26
"996","2020-04-17",196,12,196,633,4305,0.313124274099884,0,0,345,619,77,2571,13,979,57,13
"997","2020-04-18",185,12,222,618,4305,0.313124274099884,0,0,345,619,84,2655,17,996,64,17
"998","2020-04-19",175,12,206,614,4305,0.313124274099884,0,0,345,619,71,2726,58,1054,54,58
"999","2020-04-20",179,12,208,598,4305,0.313124274099884,0,0,345,619,76,2802,29,1083,57,29
"1000","2020-04-21",181,12,212,606,4305,0.313124274099884,0,0,345,619,67,2869,9,1092,50,9
"1001","2020-04-22",167,12,204,604,4305,0.313124274099884,0,0,345,619,80,2949,11,1103,59,11
"1002","2020-04-23",168,12,188,603,4305,0.313124274099884,0,0,345,619,74,3023,12,1115,56,12
"1003","2020-04-24",180,12,204,600,4305,0.313124274099884,0,0,345,619,66,3089,45,1160,53,45
"1004","2020-04-25",184,12,226,608,4305,0.313124274099884,0,0,345,619,60,3149,25,1185,46,25
"1005","2020-04-26",193,12,218,607,4305,0.313124274099884,0,0,345,619,67,3216,7,1192,47,7
"1006","2020-04-27",179,12,213,611,4305,0.313124274099884,0,0,345,619,59,3275,12,1204,38,12
"1007","2020-04-28",166,12,214,611,4305,0.313124274099884,0,0,345,619,50,3325,14,1218,33,14
"1008","2020-04-29",171,12,203,611,4305,0.313124274099884,0,0,345,619,60,3385,6,1224,38,6
"1009","2020-04-30",167,12,181,596,4305,0.313124274099884,0,0,345,619,55,3440,5,1229,37,5
"1010","2020-05-01",153,12,173,593,4305,0.313124274099884,0,0,345,619,48,3488,5,1234,35,5
"1011","2020-05-02",151,12,158,577,4305,0.313124274099884,0,0,345,619,48,3536,10,1244,20,10
"1012","2020-05-03",148,12,164,564,4305,0.313124274099884,0,0,345,619,66,3602,52,1296,48,52
"1013","2020-05-04",154,12,174,560,4305,0.313124274099884,0,0,345,619,42,3644,18,1314,29,18
"1014","2020-05-05",158,12,193,559,4305,0.313124274099884,0,0,345,619,46,3690,25,1339,37,25
"1015","2020-05-06",160,12,187,550,4305,0.313124274099884,0,0,345,619,61,3751,22,1361,43,22
"1016","2020-05-07",166,12,182,536,4305,0.313124274099884,0,0,345,619,37,3788,50,1411,24,50
"1017","2020-05-08",171,12,200,522,4305,0.313124274099884,0,0,345,619,40,3828,46,1457,30,46
"1018","2020-05-09",165,12,207,519,4305,0.313124274099884,0,0,345,619,29,3857,66,1523,19,66
"1019","2020-05-10",155,12,189,505,4305,0.313124274099884,0,0,345,619,48,3905,54,1577,34,54
"1020","2020-05-11",151,12,203,498,4305,0.313124274099884,0,0,345,619,37,3942,38,1615,18,38
"1021","2020-05-12",151,12,194,497,4305,0.313124274099884,0,0,345,619,31,3973,27,1642,19,27
"1022","2020-05-13",140,12,221,488,4305,0.313124274099884,0,0,345,619,43,4016,54,1696,30,54
"1023","2020-05-14",141,12,216,462,4305,0.313124274099884,0,0,345,619,27,4043,37,1733,18,37
"1024","2020-05-15",136,12,220,464,4305,0.313124274099884,0,0,345,619,36,4079,10,1743,24,10
"1025","2020-05-16",136,12,212,459,4305,0.313124274099884,0,0,345,619,34,4113,27,1770,20,27
"1026","2020-05-17",139,12,236,441,4305,0.313124274099884,0,0,345,619,32,4145,24,1794,22,24
"1027","2020-05-18",140,12,257,421,4305,0.313124274099884,0,0,345,619,29,4174,39,1833,18,39
"1028","2020-05-19",144,12,250,416,4305,0.313124274099884,0,0,345,619,25,4199,40,1873,18,40
"1029","2020-05-20",141,12,241,406,4305,0.313124274099884,0,0,345,619,31,4230,33,1906,25,33
"1030","2020-05-21",128,12,237,380,4305,0.313124274099884,0,0,345,619,22,4252,38,1944,10,38
"1031","2020-05-22",115,12,206,350,4305,0.313124274099884,0,0,345,619,30,4282,25,1969,19,25
"1032","2020-05-23",113,12,207,339,4305,0.313124274099884,0,0,345,619,22,4304,51,2020,16,51
"1033","2020-05-24",102,12,220,336,4305,0.313124274099884,0,0,345,619,36,4340,17,2037,17,17
"1034","2020-05-25",96,12,228,332,4305,0.313124274099884,0,0,345,619,14,4354,16,2053,8,16
"1035","2020-05-26",79,12,230,318,4305,0.313124274099884,0,0,345,619,27,4381,12,2065,15,12
"1036","2020-05-27",77,12,219,310,4305,0.313124274099884,0,0,345,619,20,4401,20,2085,7,20
"1037","2020-05-28",79,12,210,292,4305,0.313124274099884,0,0,345,619,23,4424,33,2118,17,33
"1038","2020-05-29",80,12,225,287,4305,0.313124274099884,0,0,345,619,18,4442,16,2134,13,16
"1039","2020-05-30",80,12,222,296,4305,0.313124274099884,0,0,345,619,18,4460,38,2172,10,38
"1040","2020-05-31",85,12,207,289,4305,0.313124274099884,0,0,345,619,22,4482,43,2215,14,43
"1041","2020-06-01",80,12,192,274,4305,0.313124274099884,0,0,345,619,15,4497,28,2243,8,28
"1042","2020-06-02",88,12,177,263,4305,0.313124274099884,0,0,345,619,14,4511,24,2267,9,24
"1043","2020-06-03",88,12,178,261,4305,0.313124274099884,0,0,345,619,13,4524,23,2290,7,23
"1044","2020-06-04",88,12,171,253,4305,0.313124274099884,0,0,345,619,23,4547,21,2311,14,21
"1045","2020-06-05",92,12,172,235,4305,0.313124274099884,0,0,345,619,12,4559,24,2335,8,24
"1046","2020-06-06",82,12,153,219,4305,0.313124274099884,0,0,345,619,12,4571,36,2371,10,36
"1047","2020-06-07",73,12,144,218,4305,0.313124274099884,0,0,345,619,10,4581,36,2407,6,36
"1048","2020-03-14",3,13,60,61,2142,0.481325863678805,0,0,184,540,24,120,5,27,9,5
"1049","2020-03-15",8,13,66,82,2142,0.481325863678805,0,0,184,540,36,156,13,40,11,13
"1050","2020-03-16",8,13,75,105,2142,0.481325863678805,0,0,184,540,49,205,14,54,13,14
"1051","2020-03-17",11,13,92,128,2142,0.481325863678805,0,0,184,540,41,246,10,64,16,10
"1052","2020-03-18",14,13,106,147,2142,0.481325863678805,0,0,184,540,45,291,17,81,26,17
"1053","2020-03-19",23,13,114,161,2142,0.481325863678805,0,0,184,540,47,338,14,95,20,14
"1054","2020-03-20",29,13,108,180,2142,0.481325863678805,0,0,184,540,57,395,6,101,34,6
"1055","2020-03-21",33,13,114,200,2142,0.481325863678805,0,0,184,540,47,442,18,119,27,18
"1056","2020-03-22",40,13,109,213,2142,0.481325863678805,0,0,184,540,54,496,18,137,35,18
"1057","2020-03-23",51,13,114,232,2142,0.481325863678805,0,0,184,540,67,563,28,165,35,28
"1058","2020-03-24",59,13,126,241,2142,0.481325863678805,0,0,184,540,36,599,33,198,17,33
"1059","2020-03-25",69,13,137,240,2142,0.481325863678805,0,0,184,540,60,659,20,218,30,20
"1060","2020-03-26",68,13,138,239,2142,0.481325863678805,0,0,184,540,42,701,13,231,22,13
"1061","2020-03-27",68,13,145,258,2142,0.481325863678805,0,0,184,540,52,753,12,243,31,12
"1062","2020-03-28",71,13,164,262,2142,0.481325863678805,0,0,184,540,63,816,27,270,30,27
"1063","2020-03-29",74,13,165,263,2142,0.481325863678805,0,0,184,540,49,865,12,282,26,12
"1064","2020-03-30",75,13,162,275,2142,0.481325863678805,0,0,184,540,63,928,12,294,34,12
"1065","2020-03-31",75,13,150,285,2142,0.481325863678805,0,0,184,540,60,988,17,311,28,17
"1066","2020-04-01",71,13,150,304,2142,0.481325863678805,0,0,184,540,64,1052,10,321,36,10
"1067","2020-04-02",86,13,151,322,2142,0.481325863678805,0,0,184,540,73,1125,18,339,44,18
"1068","2020-04-03",94,13,158,333,2142,0.481325863678805,0,0,184,540,73,1198,19,358,42,19
"1069","2020-04-04",94,13,178,358,2142,0.481325863678805,0,0,184,540,64,1262,12,370,32,12
"1070","2020-04-05",90,13,190,357,2142,0.481325863678805,0,0,184,540,53,1315,14,384,26,14
"1071","2020-04-06",96,13,187,354,2142,0.481325863678805,0,0,184,540,73,1388,5,389,46,5
"1072","2020-04-07",98,13,185,360,2142,0.481325863678805,0,0,184,540,68,1456,6,395,32,6
"1073","2020-04-08",103,13,195,353,2142,0.481325863678805,0,0,184,540,94,1550,12,407,60,12
"1074","2020-04-09",93,13,200,346,2142,0.481325863678805,0,0,184,540,61,1611,24,431,39,24
"1075","2020-04-10",92,13,222,334,2142,0.481325863678805,0,0,184,540,63,1674,10,441,24,10
"1076","2020-04-11",102,13,224,337,2142,0.481325863678805,0,0,184,540,53,1727,16,457,30,16
"1077","2020-04-12",107,13,230,334,2142,0.481325863678805,0,0,184,540,69,1796,11,468,34,11
"1078","2020-04-13",99,13,223,344,2142,0.481325863678805,0,0,184,540,77,1873,9,477,42,9
"1079","2020-04-14",93,13,228,330,2142,0.481325863678805,0,0,184,540,68,1941,30,507,41,30
"1080","2020-04-15",100,13,220,320,2142,0.481325863678805,0,0,184,540,66,2007,32,539,45,32
"1081","2020-04-16",93,13,209,323,2142,0.481325863678805,0,0,184,540,79,2086,39,578,38,39
"1082","2020-04-17",88,13,194,329,2142,0.481325863678805,0,0,184,540,61,2147,23,601,31,23
"1083","2020-04-18",84,13,192,323,2142,0.481325863678805,0,0,184,540,59,2206,17,618,25,17
"1084","2020-04-19",88,13,190,318,2142,0.481325863678805,0,0,184,540,76,2282,22,640,32,22
"1085","2020-04-20",92,13,189,319,2142,0.481325863678805,0,0,184,540,58,2340,20,660,18,20
"1086","2020-04-21",101,13,175,316,2142,0.481325863678805,0,0,184,540,60,2400,26,686,32,26
"1087","2020-04-22",92,13,171,312,2142,0.481325863678805,0,0,184,540,54,2454,38,724,26,38
"1088","2020-04-23",97,13,174,316,2142,0.481325863678805,0,0,184,540,36,2490,23,747,17,23
"1089","2020-04-24",100,13,168,289,2142,0.481325863678805,0,0,184,540,56,2546,16,763,30,16
"1090","2020-04-25",95,13,172,285,2142,0.481325863678805,0,0,184,540,61,2607,15,778,35,15
"1091","2020-04-26",84,13,164,278,2142,0.481325863678805,0,0,184,540,54,2661,28,806,27,28
"1092","2020-04-27",87,13,167,272,2142,0.481325863678805,0,0,184,540,50,2711,38,844,19,38
"1093","2020-04-28",85,13,179,289,2142,0.481325863678805,0,0,184,540,28,2739,22,866,11,22
"1094","2020-04-29",79,13,208,288,2142,0.481325863678805,0,0,184,540,36,2775,40,906,9,40
"1095","2020-04-30",83,13,193,284,2142,0.481325863678805,0,0,184,540,41,2816,37,943,15,37
"1096","2020-05-01",85,13,190,284,2142,0.481325863678805,0,0,184,540,42,2858,13,956,13,13
"1097","2020-05-02",86,13,201,277,2142,0.481325863678805,0,0,184,540,38,2896,16,972,16,16
"1098","2020-05-03",92,13,200,274,2142,0.481325863678805,0,0,184,540,48,2944,29,1001,14,29
"1099","2020-05-04",85,13,218,282,2142,0.481325863678805,0,0,184,540,35,2979,16,1017,13,16
"1100","2020-05-05",80,13,230,293,2142,0.481325863678805,0,0,184,540,41,3020,28,1045,9,28
"1101","2020-05-06",90,13,236,292,2142,0.481325863678805,0,0,184,540,37,3057,28,1073,14,28
"1102","2020-05-07",83,13,232,283,2142,0.481325863678805,0,0,184,540,44,3101,26,1099,20,26
"1103","2020-05-08",82,13,227,283,2142,0.481325863678805,0,0,184,540,40,3141,25,1124,16,25
"1104","2020-05-09",81,13,237,288,2142,0.481325863678805,0,0,184,540,40,3181,27,1151,13,27
"1105","2020-05-10",79,13,249,292,2142,0.481325863678805,0,0,184,540,38,3219,14,1165,18,14
"1106","2020-05-11",85,13,251,280,2142,0.481325863678805,0,0,184,540,35,3254,20,1185,11,20
"1107","2020-05-12",84,13,267,282,2142,0.481325863678805,0,0,184,540,39,3293,21,1206,15,21
"1108","2020-05-13",84,13,263,269,2142,0.481325863678805,0,0,184,540,34,3327,34,1240,14,34
"1109","2020-05-14",84,13,280,263,2142,0.481325863678805,0,0,184,540,23,3350,18,1258,8,18
"1110","2020-05-15",80,13,275,255,2142,0.481325863678805,0,0,184,540,27,3377,25,1283,14,25
"1111","2020-05-16",81,13,269,249,2142,0.481325863678805,0,0,184,540,31,3408,23,1306,10,23
"1112","2020-05-17",79,13,260,252,2142,0.481325863678805,0,0,184,540,43,3451,8,1314,17,8
"1113","2020-05-18",73,13,259,246,2142,0.481325863678805,0,0,184,540,37,3488,31,1345,10,31
"1114","2020-05-19",74,13,253,233,2142,0.481325863678805,0,0,184,540,37,3525,20,1365,19,20
"1115","2020-05-20",67,13,245,227,2142,0.481325863678805,0,0,184,540,26,3551,24,1389,13,24
"1116","2020-05-21",66,13,240,219,2142,0.481325863678805,0,0,184,540,26,3577,14,1403,7,14
"1117","2020-05-22",68,13,232,226,2142,0.481325863678805,0,0,184,540,23,3600,9,1412,8,9
"1118","2020-05-23",72,13,237,220,2142,0.481325863678805,0,0,184,540,20,3620,5,1417,7,5
"1119","2020-05-24",71,13,218,213,2142,0.481325863678805,0,0,184,540,22,3642,20,1437,13,20
"1120","2020-05-25",67,13,203,210,2142,0.481325863678805,0,0,184,540,21,3663,23,1460,8,23
"1121","2020-05-26",65,13,206,215,2142,0.481325863678805,0,0,184,540,12,3675,22,1482,5,22
"1122","2020-05-27",61,13,223,215,2142,0.481325863678805,0,0,184,540,23,3698,20,1502,10,20
"1123","2020-05-28",61,13,241,212,2142,0.481325863678805,0,0,184,540,29,3727,7,1509,15,7
"1124","2020-05-29",61,13,250,207,2142,0.481325863678805,0,0,184,540,16,3743,14,1523,5,14
"1125","2020-05-30",53,13,253,196,2142,0.481325863678805,0,0,184,540,18,3761,11,1534,4,11
"1126","2020-05-31",53,13,262,191,2142,0.481325863678805,0,0,184,540,16,3777,10,1544,5,10
"1127","2020-06-01",55,13,257,191,2142,0.481325863678805,0,0,184,540,23,3800,21,1565,9,21
"1128","2020-06-02",53,13,239,185,2142,0.481325863678805,0,0,184,540,14,3814,8,1573,5,8
"1129","2020-06-03",57,13,244,179,2142,0.481325863678805,0,0,184,540,16,3830,15,1588,9,15
"1130","2020-06-04",59,13,227,174,2142,0.481325863678805,0,0,184,540,22,3852,24,1612,9,24
"1131","2020-06-05",54,13,210,164,2142,0.481325863678805,0,0,184,540,17,3869,10,1622,6,10
"1132","2020-06-06",52,13,203,154,2142,0.481325863678805,0,0,184,540,16,3885,13,1635,9,13
"1133","2020-06-07",49,13,207,147,2142,0.481325863678805,0,0,184,540,18,3903,15,1650,7,15
"1134","2020-03-15",8,14,71,92,6250,0.87712,0,0,567,881,57,189,25,115,42,25
"1135","2020-03-16",12,14,80,123,6250,0.87712,0,0,567,881,65,254,15,130,55,15
"1136","2020-03-17",14,14,104,160,6250,0.87712,0,0,567,881,95,349,35,165,76,35
"1137","2020-03-18",19,14,119,207,6250,0.87712,0,0,567,881,115,464,26,191,100,26
"1138","2020-03-19",23,14,118,250,6250,0.87712,0,0,567,881,173,637,30,221,158,30
"1139","2020-03-20",31,14,112,312,6250,0.87712,0,0,567,881,181,818,22,243,161,22
"1140","2020-03-21",43,14,134,375,6250,0.87712,0,0,567,881,250,1068,39,282,238,39
"1141","2020-03-22",49,14,128,440,6250,0.87712,0,0,567,881,242,1310,23,305,224,23
"1142","2020-03-23",63,14,125,504,6250,0.87712,0,0,567,881,342,1652,12,317,329,12
"1143","2020-03-24",76,14,132,560,6250,0.87712,0,0,567,881,395,2047,12,329,379,12
"1144","2020-03-25",92,14,127,616,6250,0.87712,0,0,567,881,437,2484,6,335,423,6
"1145","2020-03-26",107,14,124,688,6250,0.87712,0,0,567,881,427,2911,8,343,411,8
"1146","2020-03-27",123,14,127,769,6250,0.87712,0,0,567,881,517,3428,4,347,504,4
"1147","2020-03-28",145,14,150,858,6250,0.87712,0,0,567,881,525,3953,4,351,516,4
"1148","2020-03-29",164,14,173,981,6250,0.87712,0,0,567,881,361,4314,11,362,351,11
"1149","2020-03-30",174,14,178,1073,6250,0.87712,0,0,567,881,361,4675,14,376,350,14
"1150","2020-03-31",201,14,181,1140,6250,0.87712,0,0,567,881,355,5030,8,384,346,8
"1151","2020-04-01",224,14,188,1223,6250,0.87712,0,0,567,881,375,5405,22,406,361,22
"1152","2020-04-02",246,14,184,1295,6250,0.87712,0,0,567,881,252,5657,56,462,240,56
"1153","2020-04-03",275,14,189,1383,6250,0.87712,0,0,567,881,276,5933,31,493,271,31
"1154","2020-04-04",298,14,172,1460,6250,0.87712,0,0,567,881,232,6165,38,531,225,38
"1155","2020-04-05",315,14,158,1521,6250,0.87712,0,0,567,881,218,6383,20,551,215,20
"1156","2020-04-06",358,14,158,1578,6250,0.87712,0,0,567,881,175,6558,17,568,169,17
"1157","2020-04-07",382,14,176,1657,6250,0.87712,0,0,567,881,127,6685,43,611,124,43
"1158","2020-04-08",425,14,200,1686,6250,0.87712,0,0,567,881,118,6803,23,634,110,23
"1159","2020-04-09",455,14,214,1759,6250,0.87712,0,0,567,881,117,6920,29,663,115,29
"1160","2020-04-10",475,14,220,1743,6250,0.87712,0,0,567,881,105,7025,52,715,101,52
"1161","2020-04-11",495,14,203,1741,6250,0.87712,0,0,567,881,77,7102,44,759,73,44
"1162","2020-04-12",514,14,206,1778,6250,0.87712,0,0,567,881,61,7163,47,806,56,47
"1163","2020-04-13",504,14,207,1745,6250,0.87712,0,0,567,881,54,7217,59,865,51,59
"1164","2020-04-14",503,14,238,1722,6250,0.87712,0,0,567,881,38,7255,25,890,35,25
"1165","2020-04-15",478,14,230,1694,6250,0.87712,0,0,567,881,41,7296,11,901,38,11
"1166","2020-04-16",466,14,223,1689,6250,0.87712,0,0,567,881,40,7336,8,909,38,8
"1167","2020-04-17",486,14,221,1653,6250,0.87712,0,0,567,881,25,7361,9,918,20,9
"1168","2020-04-18",457,14,207,1639,6250,0.87712,0,0,567,881,27,7388,41,959,26,41
"1169","2020-04-19",450,14,188,1596,6250,0.87712,0,0,567,881,12,7400,20,979,10,20
"1170","2020-04-20",461,14,193,1536,6250,0.87712,0,0,567,881,15,7415,22,1001,13,22
"1171","2020-04-21",446,14,195,1491,6250,0.87712,0,0,567,881,17,7432,15,1016,17,15
"1172","2020-04-22",456,14,204,1416,6250,0.87712,0,0,567,881,15,7447,11,1027,13,11
"1173","2020-04-23",446,14,188,1332,6250,0.87712,0,0,567,881,6,7453,16,1043,6,16
"1174","2020-04-24",416,14,189,1273,6250,0.87712,0,0,567,881,10,7463,34,1077,7,34
"1175","2020-04-25",421,14,197,1225,6250,0.87712,0,0,567,881,14,7477,52,1129,11,52
"1176","2020-04-26",398,14,221,1173,6250,0.87712,0,0,567,881,2,7479,32,1161,2,32
"1177","2020-04-27",385,14,235,1123,6250,0.87712,0,0,567,881,2,7481,41,1202,1,41
"1178","2020-04-28",387,14,232,1074,6250,0.87712,0,0,567,881,2,7483,27,1229,2,27
"1179","2020-04-29",352,14,233,1018,6250,0.87712,0,0,567,881,5,7488,34,1263,5,34
"1180","2020-04-30",354,14,214,947,6250,0.87712,0,0,567,881,2,7490,27,1290,2,27
"1181","2020-05-01",338,14,231,892,6250,0.87712,0,0,567,881,8,7498,11,1301,2,11
"1182","2020-05-02",323,14,253,830,6250,0.87712,0,0,567,881,5,7503,8,1309,3,8
"1183","2020-05-03",319,14,247,762,6250,0.87712,0,0,567,881,2,7505,11,1320,2,11
"1184","2020-05-04",296,14,224,704,6250,0.87712,0,0,567,881,2,7507,13,1333,NA,13
"1185","2020-05-05",273,14,219,655,6250,0.87712,0,0,567,881,4,7511,30,1363,2,30
"1186","2020-05-06",263,14,203,626,6250,0.87712,0,0,567,881,NA,NA,9,1372,NA,9
"1187","2020-05-07",229,14,194,569,6250,0.87712,0,0,567,881,2,7513,18,1390,NA,18
"1188","2020-05-08",201,14,189,528,6250,0.87712,0,0,567,881,5,7518,15,1405,2,15
"1189","2020-05-09",181,14,184,476,6250,0.87712,0,0,567,881,4,7522,15,1420,1,15
"1190","2020-05-10",165,14,193,436,6250,0.87712,0,0,567,881,3,7525,50,1470,2,50
"1191","2020-05-11",156,14,195,398,6250,0.87712,0,0,567,881,1,7526,31,1501,NA,31
"1192","2020-05-12",139,14,195,367,6250,0.87712,0,0,567,881,2,7528,11,1512,1,11
"1193","2020-05-13",125,14,187,338,6250,0.87712,0,0,567,881,7,7535,27,1539,4,27
"1194","2020-05-14",116,14,195,312,6250,0.87712,0,0,567,881,4,7539,51,1590,2,51
"1195","2020-05-15",109,14,225,298,6250,0.87712,0,0,567,881,5,7544,61,1651,NA,61
"1196","2020-05-16",104,14,239,269,6250,0.87712,0,0,567,881,3,7547,25,1676,1,25
"1197","2020-05-17",100,14,259,261,6250,0.87712,0,0,567,881,3,7550,15,1691,3,15
"1198","2020-05-18",88,14,237,254,6250,0.87712,0,0,567,881,2,7552,13,1704,2,13
"1199","2020-05-19",85,14,225,239,6250,0.87712,0,0,567,881,2,7554,20,1724,2,20
"1200","2020-05-20",81,14,217,225,6250,0.87712,0,0,567,881,1,7555,35,1759,NA,35
"1201","2020-05-21",82,14,221,209,6250,0.87712,0,0,567,881,1,7556,15,1774,1,15
"1202","2020-05-22",79,14,227,203,6250,0.87712,0,0,567,881,1,7557,15,1789,1,15
"1203","2020-05-23",84,14,231,192,6250,0.87712,0,0,567,881,2,7559,6,1795,1,6
"1204","2020-05-24",77,14,228,188,6250,0.87712,0,0,567,881,NA,NA,7,1802,NA,7
"1205","2020-05-25",65,14,206,175,6250,0.87712,0,0,567,881,1,7560,5,1807,NA,5
"1206","2020-05-26",63,14,207,166,6250,0.87712,0,0,567,881,3,7563,15,1822,1,15
"1207","2020-05-27",61,14,232,171,6250,0.87712,0,0,567,881,1,7564,44,1866,NA,44
"1208","2020-05-28",60,14,230,166,6250,0.87712,0,0,567,881,3,7567,27,1893,2,27
"1209","2020-05-29",52,14,235,169,6250,0.87712,0,0,567,881,4,7571,44,1937,2,44
"1210","2020-05-30",41,14,240,160,6250,0.87712,0,0,567,881,2,7573,45,1982,1,45
"1211","2020-05-31",37,14,227,147,6250,0.87712,0,0,567,881,1,7574,46,2028,1,46
"1212","2020-06-01",42,14,227,133,6250,0.87712,0,0,567,881,2,7576,20,2048,2,20
"1213","2020-06-02",39,14,220,126,6250,0.87712,0,0,567,881,5,7581,23,2071,4,23
"1214","2020-06-03",41,14,193,125,6250,0.87712,0,0,567,881,3,7584,28,2099,2,28
"1215","2020-06-04",39,14,181,127,6250,0.87712,0,0,567,881,NA,NA,17,2116,NA,17
"1216","2020-06-05",42,14,167,131,6250,0.87712,0,0,567,881,NA,NA,11,2127,NA,11
"1217","2020-06-06",40,14,163,117,6250,0.87712,0,0,567,881,1,7585,11,2138,1,11
"1218","2020-06-07",39,14,169,108,6250,0.87712,0,0,567,881,1,7586,10,2148,1,10
"1219","2020-03-13",2,15,158,162,8668,0.835371481310568,0,0,623,807,37,138,9,31,4,9
"1220","2020-03-14",5,15,182,256,8668,0.835371481310568,0,0,623,807,57,195,9,40,17,9
"1221","2020-03-15",13,15,179,383,8668,0.835371481310568,0,0,623,807,39,234,18,58,10,18
"1222","2020-03-16",27,15,167,550,8668,0.835371481310568,0,0,623,807,59,293,6,64,17,6
"1223","2020-03-17",46,15,155,705,8668,0.835371481310568,0,0,623,807,49,342,7,71,14,7
"1224","2020-03-18",74,15,140,938,8668,0.835371481310568,0,0,623,807,62,404,4,75,23,4
"1225","2020-03-19",112,15,148,1196,8668,0.835371481310568,0,0,623,807,64,468,9,84,20,9
"1226","2020-03-20",155,15,189,1502,8668,0.835371481310568,0,0,623,807,61,529,11,95,18,11
"1227","2020-03-21",197,15,206,1858,8668,0.835371481310568,0,0,623,807,66,595,12,107,31,12
"1228","2020-03-22",243,15,206,2289,8668,0.835371481310568,0,0,623,807,52,647,9,116,22,9
"1229","2020-03-23",296,15,199,2766,8668,0.835371481310568,0,0,623,807,53,700,11,127,20,11
"1230","2020-03-24",381,15,207,3161,8668,0.835371481310568,0,0,623,807,74,774,14,141,35,14
"1231","2020-03-25",472,15,190,3655,8668,0.835371481310568,0,0,623,807,55,829,5,146,29,5
"1232","2020-03-26",567,15,197,3963,8668,0.835371481310568,0,0,623,807,62,891,5,151,24,5
"1233","2020-03-27",671,15,188,4290,8668,0.835371481310568,0,0,623,807,85,976,9,160,28,9
"1234","2020-03-28",807,15,168,4494,8668,0.835371481310568,0,0,623,807,72,1048,7,167,29,7
"1235","2020-03-29",909,15,161,4621,8668,0.835371481310568,0,0,623,807,78,1126,13,180,33,13
"1236","2020-03-30",1065,15,159,4690,8668,0.835371481310568,0,0,623,807,60,1186,25,205,26,25
"1237","2020-03-31",1148,15,198,4646,8668,0.835371481310568,0,0,623,807,72,1258,17,222,29,17
"1238","2020-04-01",1223,15,209,4503,8668,0.835371481310568,0,0,623,807,72,1330,29,251,27,29
"1239","2020-04-02",1280,15,250,4342,8668,0.835371481310568,0,0,623,807,94,1424,21,272,41,21
"1240","2020-04-03",1337,15,235,4099,8668,0.835371481310568,0,0,623,807,79,1503,18,290,28,18
"1241","2020-04-04",1319,15,233,3818,8668,0.835371481310568,0,0,623,807,70,1573,19,309,21,19
"1242","2020-04-05",1333,15,287,3448,8668,0.835371481310568,0,0,623,807,80,1653,32,341,28,32
"1243","2020-04-06",1275,15,275,3130,8668,0.835371481310568,0,0,623,807,73,1726,13,354,21,13
"1244","2020-04-07",1208,15,241,2774,8668,0.835371481310568,0,0,623,807,72,1798,9,363,24,9
"1245","2020-04-08",1110,15,223,2418,8668,0.835371481310568,0,0,623,807,82,1880,30,393,26,30
"1246","2020-04-09",1012,15,207,2105,8668,0.835371481310568,0,0,623,807,82,1962,12,405,34,12
"1247","2020-04-10",888,15,198,1815,8668,0.835371481310568,0,0,623,807,74,2036,34,439,22,34
"1248","2020-04-11",797,15,200,1522,8668,0.835371481310568,0,0,623,807,79,2115,24,463,24,24
"1249","2020-04-12",688,15,191,1299,8668,0.835371481310568,0,0,623,807,70,2185,37,500,34,37
"1250","2020-04-13",573,15,195,1078,8668,0.835371481310568,0,0,623,807,64,2249,40,540,23,40
"1251","2020-04-14",488,15,191,892,8668,0.835371481310568,0,0,623,807,61,2310,32,572,10,32
"1252","2020-04-15",414,15,160,745,8668,0.835371481310568,0,0,623,807,81,2391,27,599,27,27
"1253","2020-04-16",353,15,152,610,8668,0.835371481310568,0,0,623,807,76,2467,19,618,20,19
"1254","2020-04-17",298,15,147,499,8668,0.835371481310568,0,0,623,807,94,2561,17,635,24,17
"1255","2020-04-18",241,15,140,393,8668,0.835371481310568,0,0,623,807,47,2608,31,666,6,31
"1256","2020-04-19",193,15,171,326,8668,0.835371481310568,0,0,623,807,62,2670,48,714,18,48
"1257","2020-04-20",155,15,203,263,8668,0.835371481310568,0,0,623,807,65,2735,35,749,16,35
"1258","2020-04-21",134,15,199,225,8668,0.835371481310568,0,0,623,807,73,2808,14,763,21,14
"1259","2020-04-22",112,15,192,187,8668,0.835371481310568,0,0,623,807,51,2859,18,781,15,18
"1260","2020-04-23",85,15,208,162,8668,0.835371481310568,0,0,623,807,61,2920,11,792,17,11
"1261","2020-04-24",62,15,252,138,8668,0.835371481310568,0,0,623,807,60,2980,7,799,18,7
"1262","2020-04-25",50,15,269,120,8668,0.835371481310568,0,0,623,807,66,3046,8,807,17,8
"1263","2020-04-26",37,15,266,113,8668,0.835371481310568,0,0,623,807,66,3112,9,816,22,9
"1264","2020-04-27",29,15,238,99,8668,0.835371481310568,0,0,623,807,63,3175,30,846,21,30
"1265","2020-04-28",21,15,203,89,8668,0.835371481310568,0,0,623,807,46,3221,31,877,9,31
"1266","2020-04-29",24,15,201,74,8668,0.835371481310568,0,0,623,807,63,3284,36,913,22,36
"1267","2020-04-30",23,15,240,68,8668,0.835371481310568,0,0,623,807,42,3326,24,937,10,24
"1268","2020-05-01",20,15,245,59,8668,0.835371481310568,0,0,623,807,59,3385,14,951,11,14
"1269","2020-05-02",20,15,262,51,8668,0.835371481310568,0,0,623,807,48,3433,16,967,7,16
"1270","2020-05-03",20,15,296,48,8668,0.835371481310568,0,0,623,807,57,3490,31,998,16,31
"1271","2020-05-04",19,15,301,41,8668,0.835371481310568,0,0,623,807,51,3541,23,1021,11,23
"1272","2020-05-05",16,15,272,40,8668,0.835371481310568,0,0,623,807,53,3594,18,1039,8,18
"1273","2020-05-06",14,15,275,34,8668,0.835371481310568,0,0,623,807,57,3651,31,1070,17,31
"1274","2020-05-07",12,15,251,32,8668,0.835371481310568,0,0,623,807,45,3696,23,1093,13,23
"1275","2020-05-08",12,15,298,32,8668,0.835371481310568,0,0,623,807,48,3744,37,1130,14,37
"1276","2020-05-09",9,15,315,31,8668,0.835371481310568,0,0,623,807,49,3793,42,1172,10,42
"1277","2020-05-10",10,15,334,32,8668,0.835371481310568,0,0,623,807,54,3847,28,1200,17,28
"1278","2020-05-11",8,15,342,32,8668,0.835371481310568,0,0,623,807,39,3886,36,1236,9,36
"1279","2020-05-12",6,15,289,34,8668,0.835371481310568,0,0,623,807,47,3933,44,1280,11,44
"1280","2020-05-13",5,15,246,35,8668,0.835371481310568,0,0,623,807,49,3982,36,1316,11,36
"1281","2020-05-14",5,15,215,38,8668,0.835371481310568,0,0,623,807,35,4017,30,1346,8,30
"1282","2020-05-15",6,15,194,34,8668,0.835371481310568,0,0,623,807,40,4057,19,1365,13,19
"1283","2020-05-16",7,15,164,34,8668,0.835371481310568,0,0,623,807,41,4098,23,1388,12,23
"1284","2020-05-17",7,15,161,34,8668,0.835371481310568,0,0,623,807,34,4132,20,1408,9,20
"1285","2020-05-18",6,15,208,33,8668,0.835371481310568,0,0,623,807,26,4158,17,1425,8,17
"1286","2020-05-19",8,15,238,37,8668,0.835371481310568,0,0,623,807,26,4184,29,1454,6,29
"1287","2020-05-20",10,15,229,37,8668,0.835371481310568,0,0,623,807,43,4227,26,1480,16,26
"1288","2020-05-21",11,15,213,34,8668,0.835371481310568,0,0,623,807,19,4246,17,1497,4,17
"1289","2020-05-22",9,15,188,34,8668,0.835371481310568,0,0,623,807,23,4269,21,1518,5,21
"1290","2020-05-23",10,15,170,27,8668,0.835371481310568,0,0,623,807,29,4298,15,1533,12,15
"1291","2020-05-24",10,15,168,22,8668,0.835371481310568,0,0,623,807,26,4324,24,1557,6,24
"1292","2020-05-25",12,15,200,21,8668,0.835371481310568,0,0,623,807,29,4353,25,1582,4,25
"1293","2020-05-26",10,15,198,15,8668,0.835371481310568,0,0,623,807,28,4381,14,1596,5,14
"1294","2020-05-27",8,15,226,13,8668,0.835371481310568,0,0,623,807,18,4399,17,1613,5,17
"1295","2020-05-28",7,15,272,13,8668,0.835371481310568,0,0,623,807,33,4432,14,1627,5,14
"1296","2020-05-29",7,15,288,13,8668,0.835371481310568,0,0,623,807,28,4460,22,1649,7,22
"1297","2020-05-30",8,15,254,14,8668,0.835371481310568,0,0,623,807,20,4480,13,1662,3,13
"1298","2020-05-31",7,15,210,11,8668,0.835371481310568,0,0,623,807,24,4504,11,1673,9,11
"1299","2020-06-01",6,15,182,11,8668,0.835371481310568,0,0,623,807,14,4518,15,1688,3,15
"1300","2020-06-02",7,15,159,11,8668,0.835371481310568,0,0,623,807,22,4540,7,1695,7,7
"1301","2020-06-03",8,15,169,13,8668,0.835371481310568,0,0,623,807,24,4564,10,1705,2,10
"1302","2020-06-04",8,15,171,14,8668,0.835371481310568,0,0,623,807,29,4593,18,1723,9,18
"1303","2020-06-05",8,15,215,13,8668,0.835371481310568,0,0,623,807,27,4620,12,1735,7,12
"1304","2020-06-06",6,15,240,12,8668,0.835371481310568,0,0,623,807,14,4634,12,1747,6,12
"1305","2020-06-07",6,15,244,10,8668,0.835371481310568,0,0,623,807,16,4650,7,1754,5,7
"1306","2020-03-14",3,16,59,58,2824,0.568696883852691,0,0,248,891,39,146,38,128,6,38
"1307","2020-03-15",7,16,76,76,2824,0.568696883852691,0,0,248,891,30,176,43,171,5,43
"1308","2020-03-16",8,16,85,91,2824,0.568696883852691,0,0,248,891,33,209,54,225,5,54
"1309","2020-03-17",10,16,73,106,2824,0.568696883852691,0,0,248,891,46,255,55,280,12,55
"1310","2020-03-18",14,16,85,125,2824,0.568696883852691,0,0,248,891,45,300,55,335,21,55
"1311","2020-03-19",19,16,116,160,2824,0.568696883852691,0,0,248,891,46,346,41,376,19,41
"1312","2020-03-20",24,16,156,184,2824,0.568696883852691,0,0,248,891,55,401,28,404,22,28
"1313","2020-03-21",26,16,172,206,2824,0.568696883852691,0,0,248,891,59,460,25,429,21,25
"1314","2020-03-22",28,16,181,230,2824,0.568696883852691,0,0,248,891,61,521,23,452,34,23
"1315","2020-03-23",33,16,161,253,2824,0.568696883852691,0,0,248,891,55,576,31,483,21,31
"1316","2020-03-24",49,16,155,262,2824,0.568696883852691,0,0,248,891,55,631,23,506,25,23
"1317","2020-03-25",56,16,140,278,2824,0.568696883852691,0,0,248,891,57,688,34,540,20,34
"1318","2020-03-26",57,16,147,286,2824,0.568696883852691,0,0,248,891,56,744,35,575,25,35
"1319","2020-03-27",58,16,171,288,2824,0.568696883852691,0,0,248,891,68,812,50,625,33,50
"1320","2020-03-28",69,16,182,304,2824,0.568696883852691,0,0,248,891,63,875,39,664,33,39
"1321","2020-03-29",71,16,186,323,2824,0.568696883852691,0,0,248,891,58,933,51,715,27,51
"1322","2020-03-30",85,16,174,323,2824,0.568696883852691,0,0,248,891,53,986,37,752,20,37
"1323","2020-03-31",80,16,193,328,2824,0.568696883852691,0,0,248,891,68,1054,54,806,28,54
"1324","2020-04-01",76,16,193,321,2824,0.568696883852691,0,0,248,891,69,1123,33,839,30,33
"1325","2020-04-02",84,16,202,322,2824,0.568696883852691,0,0,248,891,74,1197,36,875,31,36
"1326","2020-04-03",92,16,218,336,2824,0.568696883852691,0,0,248,891,73,1270,49,924,32,49
"1327","2020-04-04",86,16,191,350,2824,0.568696883852691,0,0,248,891,71,1341,38,962,37,38
"1328","2020-04-05",91,16,205,358,2824,0.568696883852691,0,0,248,891,73,1414,37,999,32,37
"1329","2020-04-06",88,16,206,372,2824,0.568696883852691,0,0,248,891,69,1483,66,1065,33,66
"1330","2020-04-07",99,16,217,375,2824,0.568696883852691,0,0,248,891,59,1542,48,1113,22,48
"1331","2020-04-08",106,16,189,394,2824,0.568696883852691,0,0,248,891,75,1617,40,1153,32,40
"1332","2020-04-09",104,16,164,409,2824,0.568696883852691,0,0,248,891,65,1682,31,1184,32,31
"1333","2020-04-10",108,16,164,418,2824,0.568696883852691,0,0,248,891,77,1759,70,1254,29,70
"1334","2020-04-11",115,16,185,441,2824,0.568696883852691,0,0,248,891,92,1851,44,1298,42,44
"1335","2020-04-12",118,16,177,459,2824,0.568696883852691,0,0,248,891,55,1906,46,1344,19,46
"1336","2020-04-13",124,16,174,486,2824,0.568696883852691,0,0,248,891,73,1979,38,1382,32,38
"1337","2020-04-14",118,16,197,505,2824,0.568696883852691,0,0,248,891,78,2057,42,1424,33,42
"1338","2020-04-15",123,16,194,510,2824,0.568696883852691,0,0,248,891,72,2129,42,1466,28,42
"1339","2020-04-16",131,16,215,511,2824,0.568696883852691,0,0,248,891,72,2201,31,1497,31,31
"1340","2020-04-17",132,16,273,518,2824,0.568696883852691,0,0,248,891,57,2258,49,1546,25,49
"1341","2020-04-18",132,16,254,510,2824,0.568696883852691,0,0,248,891,57,2315,31,1577,25,31
"1342","2020-04-19",135,16,268,506,2824,0.568696883852691,0,0,248,891,51,2366,35,1612,17,35
"1343","2020-04-20",136,16,258,494,2824,0.568696883852691,0,0,248,891,77,2443,26,1638,34,26
"1344","2020-04-21",138,16,248,494,2824,0.568696883852691,0,0,248,891,57,2500,24,1662,25,24
"1345","2020-04-22",140,16,223,499,2824,0.568696883852691,0,0,248,891,53,2553,18,1680,25,18
"1346","2020-04-23",142,16,228,493,2824,0.568696883852691,0,0,248,891,64,2617,17,1697,23,17
"1347","2020-04-24",143,16,223,464,2824,0.568696883852691,0,0,248,891,82,2699,37,1734,30,37
"1348","2020-04-25",145,16,200,450,2824,0.568696883852691,0,0,248,891,60,2759,53,1787,26,53
"1349","2020-04-26",140,16,197,435,2824,0.568696883852691,0,0,248,891,73,2832,67,1854,38,67
"1350","2020-04-27",140,16,180,427,2824,0.568696883852691,0,0,248,891,62,2894,52,1906,22,52
"1351","2020-04-28",135,16,181,430,2824,0.568696883852691,0,0,248,891,54,2948,47,1953,23,47
"1352","2020-04-29",135,16,187,426,2824,0.568696883852691,0,0,248,891,47,2995,45,1998,24,45
"1353","2020-04-30",129,16,217,413,2824,0.568696883852691,0,0,248,891,45,3040,38,2036,13,38
"1354","2020-05-01",125,16,225,411,2824,0.568696883852691,0,0,248,891,64,3104,38,2074,25,38
"1355","2020-05-02",121,16,227,422,2824,0.568696883852691,0,0,248,891,39,3143,34,2108,10,34
"1356","2020-05-03",127,16,228,421,2824,0.568696883852691,0,0,248,891,45,3188,42,2150,21,42
"1357","2020-05-04",112,16,243,410,2824,0.568696883852691,0,0,248,891,63,3251,39,2189,27,39
"1358","2020-05-05",114,16,251,388,2824,0.568696883852691,0,0,248,891,51,3302,38,2227,20,38
"1359","2020-05-06",109,16,226,385,2824,0.568696883852691,0,0,248,891,41,3343,32,2259,17,32
"1360","2020-05-07",107,16,249,381,2824,0.568696883852691,0,0,248,891,49,3392,57,2316,22,57
"1361","2020-05-08",106,16,271,375,2824,0.568696883852691,0,0,248,891,43,3435,42,2358,12,42
"1362","2020-05-09",110,16,241,364,2824,0.568696883852691,0,0,248,891,49,3484,34,2392,20,34
"1363","2020-05-10",109,16,258,352,2824,0.568696883852691,0,0,248,891,51,3535,30,2422,21,30
"1364","2020-05-11",118,16,250,345,2824,0.568696883852691,0,0,248,891,43,3578,27,2449,18,27
"1365","2020-05-12",112,16,255,327,2824,0.568696883852691,0,0,248,891,41,3619,47,2496,21,47
"1366","2020-05-13",107,16,281,337,2824,0.568696883852691,0,0,248,891,33,3652,29,2525,12,29
"1367","2020-05-14",105,16,285,326,2824,0.568696883852691,0,0,248,891,41,3693,21,2546,16,21
"1368","2020-05-15",100,16,283,316,2824,0.568696883852691,0,0,248,891,37,3730,33,2579,20,33
"1369","2020-05-16",102,16,301,306,2824,0.568696883852691,0,0,248,891,31,3761,42,2621,11,42
"1370","2020-05-17",87,16,304,300,2824,0.568696883852691,0,0,248,891,33,3794,43,2664,13,43
"1371","2020-05-18",84,16,286,295,2824,0.568696883852691,0,0,248,891,30,3824,30,2694,13,30
"1372","2020-05-19",80,16,267,293,2824,0.568696883852691,0,0,248,891,41,3865,37,2731,11,37
"1373","2020-05-20",83,16,254,293,2824,0.568696883852691,0,0,248,891,19,3884,31,2762,5,31
"1374","2020-05-21",80,16,263,280,2824,0.568696883852691,0,0,248,891,32,3916,25,2787,8,25
"1375","2020-05-22",76,16,270,283,2824,0.568696883852691,0,0,248,891,26,3942,40,2827,15,40
"1376","2020-05-23",69,16,244,277,2824,0.568696883852691,0,0,248,891,23,3965,21,2848,7,21
"1377","2020-05-24",76,16,234,274,2824,0.568696883852691,0,0,248,891,32,3997,24,2872,12,24
"1378","2020-05-25",76,16,215,274,2824,0.568696883852691,0,0,248,891,23,4020,50,2922,8,50
"1379","2020-05-26",83,16,192,269,2824,0.568696883852691,0,0,248,891,22,4042,36,2958,10,36
"1380","2020-05-27",74,16,190,257,2824,0.568696883852691,0,0,248,891,21,4063,37,2995,11,37
"1381","2020-05-28",80,16,187,257,2824,0.568696883852691,0,0,248,891,19,4082,27,3022,5,27
"1382","2020-05-29",89,16,173,258,2824,0.568696883852691,0,0,248,891,20,4102,35,3057,6,35
"1383","2020-05-30",89,16,164,261,2824,0.568696883852691,0,0,248,891,22,4124,40,3097,6,40
"1384","2020-05-31",86,16,150,262,2824,0.568696883852691,0,0,248,891,30,4154,34,3131,11,34
"1385","2020-06-01",76,16,124,253,2824,0.568696883852691,0,0,248,891,22,4176,38,3169,8,38
"1386","2020-06-02",72,16,124,243,2824,0.568696883852691,0,0,248,891,20,4196,38,3207,9,38
"1387","2020-06-03",77,16,129,240,2824,0.568696883852691,0,0,248,891,20,4216,42,3249,5,42
"1388","2020-06-04",73,16,129,249,2824,0.568696883852691,0,0,248,891,19,4235,19,3268,9,19
"1389","2020-06-05",71,16,125,238,2824,0.568696883852691,0,0,248,891,19,4254,25,3293,8,25
"1390","2020-06-06",65,16,129,220,2824,0.568696883852691,0,0,248,891,25,4279,29,3322,11,29
"1391","2020-06-07",66,16,132,207,2824,0.568696883852691,0,0,248,891,16,4295,27,3349,5,27
"1392","2020-03-14",7,17,114,115,3474,0.302533103051238,0,0,354,888,21,48,21,71,11,21
"1393","2020-03-15",10,17,118,142,3474,0.302533103051238,0,0,354,888,18,66,36,107,11,36
"1394","2020-03-16",15,17,108,173,3474,0.302533103051238,0,0,354,888,32,98,30,137,27,30
"1395","2020-03-17",22,17,111,200,3474,0.302533103051238,0,0,354,888,27,125,23,160,20,23
"1396","2020-03-18",37,17,121,238,3474,0.302533103051238,0,0,354,888,46,171,11,171,40,11
"1397","2020-03-19",47,17,143,265,3474,0.302533103051238,0,0,354,888,47,218,10,181,42,10
"1398","2020-03-20",56,17,150,287,3474,0.302533103051238,0,0,354,888,65,283,25,206,58,25
"1399","2020-03-21",64,17,151,307,3474,0.302533103051238,0,0,354,888,72,355,43,249,68,43
"1400","2020-03-22",81,17,163,337,3474,0.302533103051238,0,0,354,888,105,460,51,300,101,51
"1401","2020-03-23",94,17,183,372,3474,0.302533103051238,0,0,354,888,109,569,38,338,102,38
"1402","2020-03-24",98,17,168,389,3474,0.302533103051238,0,0,354,888,139,708,38,376,132,38
"1403","2020-03-25",95,17,141,408,3474,0.302533103051238,0,0,354,888,166,874,43,419,163,43
"1404","2020-03-26",109,17,126,423,3474,0.302533103051238,0,0,354,888,218,1092,35,454,215,35
"1405","2020-03-27",113,17,122,433,3474,0.302533103051238,0,0,354,888,261,1353,39,493,259,39
"1406","2020-03-28",113,17,147,452,3474,0.302533103051238,0,0,354,888,258,1611,24,517,255,24
"1407","2020-03-29",106,17,160,482,3474,0.302533103051238,0,0,354,888,262,1873,27,544,259,27
"1408","2020-03-30",108,17,166,481,3474,0.302533103051238,0,0,354,888,270,2143,39,583,260,39
"1409","2020-03-31",114,17,176,490,3474,0.302533103051238,0,0,354,888,314,2457,48,631,311,48
"1410","2020-04-01",125,17,198,496,3474,0.302533103051238,0,0,354,888,411,2868,53,684,409,53
"1411","2020-04-02",119,17,234,515,3474,0.302533103051238,0,0,354,888,439,3307,49,733,437,49
"1412","2020-04-03",121,17,251,514,3474,0.302533103051238,0,0,354,888,324,3631,33,766,322,33
"1413","2020-04-04",124,17,263,503,3474,0.302533103051238,0,0,354,888,497,4128,30,796,492,30
"1414","2020-04-05",130,17,254,501,3474,0.302533103051238,0,0,354,888,376,4504,46,842,374,46
"1415","2020-04-06",132,17,224,504,3474,0.302533103051238,0,0,354,888,294,4798,32,874,291,32
"1416","2020-04-07",140,17,193,497,3474,0.302533103051238,0,0,354,888,368,5166,39,913,366,39
"1417","2020-04-08",143,17,159,484,3474,0.302533103051238,0,0,354,888,287,5453,40,953,285,40
"1418","2020-04-09",152,17,156,487,3474,0.302533103051238,0,0,354,888,297,5750,17,970,293,17
"1419","2020-04-10",157,17,189,484,3474,0.302533103051238,0,0,354,888,242,5992,21,991,239,21
"1420","2020-04-11",156,17,185,491,3474,0.302533103051238,0,0,354,888,197,6189,44,1035,196,44
"1421","2020-04-12",145,17,195,489,3474,0.302533103051238,0,0,354,888,184,6373,33,1068,183,33
"1422","2020-04-13",145,17,191,500,3474,0.302533103051238,0,0,354,888,144,6517,19,1087,143,19
"1423","2020-04-14",141,17,213,502,3474,0.302533103051238,0,0,354,888,147,6664,36,1123,145,36
"1424","2020-04-15",134,17,232,506,3474,0.302533103051238,0,0,354,888,101,6765,14,1137,101,14
"1425","2020-04-16",118,17,249,499,3474,0.302533103051238,0,0,354,888,107,6872,26,1163,106,26
"1426","2020-04-17",122,17,235,514,3474,0.302533103051238,0,0,354,888,64,6936,34,1197,64,34
"1427","2020-04-18",123,17,214,510,3474,0.302533103051238,0,0,354,888,76,7012,58,1255,76,58
"1428","2020-04-19",133,17,190,519,3474,0.302533103051238,0,0,354,888,35,7047,30,1285,31,30
"1429","2020-04-20",131,17,202,521,3474,0.302533103051238,0,0,354,888,49,7096,23,1308,47,23
"1430","2020-04-21",139,17,232,521,3474,0.302533103051238,0,0,354,888,27,7123,51,1359,26,51
"1431","2020-04-22",137,17,213,516,3474,0.302533103051238,0,0,354,888,26,7149,64,1423,25,64
"1432","2020-04-23",151,17,191,523,3474,0.302533103051238,0,0,354,888,20,7169,35,1458,18,35
"1433","2020-04-24",156,17,169,514,3474,0.302533103051238,0,0,354,888,22,7191,53,1511,21,53
"1434","2020-04-25",157,17,140,529,3474,0.302533103051238,0,0,354,888,12,7203,53,1564,12,53
"1435","2020-04-26",154,17,124,521,3474,0.302533103051238,0,0,354,888,11,7214,55,1619,11,55
"1436","2020-04-27",159,17,125,523,3474,0.302533103051238,0,0,354,888,14,7228,33,1652,14,33
"1437","2020-04-28",151,17,152,528,3474,0.302533103051238,0,0,354,888,3,7231,36,1688,3,36
"1438","2020-04-29",156,17,152,538,3474,0.302533103051238,0,0,354,888,13,7244,22,1710,12,22
"1439","2020-04-30",150,17,197,533,3474,0.302533103051238,0,0,354,888,5,7249,16,1726,5,16
"1440","2020-05-01",145,17,187,529,3474,0.302533103051238,0,0,354,888,6,7255,10,1736,5,10
"1441","2020-05-02",146,17,165,514,3474,0.302533103051238,0,0,354,888,4,7259,33,1769,3,33
"1442","2020-05-03",150,17,161,516,3474,0.302533103051238,0,0,354,888,4,7263,51,1820,2,51
"1443","2020-05-04",140,17,201,516,3474,0.302533103051238,0,0,354,888,7,7270,38,1858,7,38
"1444","2020-05-05",139,17,236,527,3474,0.302533103051238,0,0,354,888,6,7276,39,1897,4,39
"1445","2020-05-06",137,17,256,530,3474,0.302533103051238,0,0,354,888,1,7277,25,1922,1,25
"1446","2020-05-07",145,17,237,527,3474,0.302533103051238,0,0,354,888,4,7281,38,1960,3,38
"1447","2020-05-08",142,17,231,515,3474,0.302533103051238,0,0,354,888,4,7285,40,2000,4,40
"1448","2020-05-09",143,17,214,520,3474,0.302533103051238,0,0,354,888,1,7286,24,2024,NA,24
"1449","2020-05-10",146,17,231,495,3474,0.302533103051238,0,0,354,888,3,7289,14,2038,3,14
"1450","2020-05-11",150,17,209,478,3474,0.302533103051238,0,0,354,888,3,7292,31,2069,2,31
"1451","2020-05-12",157,17,194,462,3474,0.302533103051238,0,0,354,888,3,7295,18,2087,3,18
"1452","2020-05-13",155,17,178,436,3474,0.302533103051238,0,0,354,888,5,7300,35,2122,5,35
"1453","2020-05-14",142,17,169,422,3474,0.302533103051238,0,0,354,888,1,7301,53,2175,NA,53
"1454","2020-05-15",132,17,184,400,3474,0.302533103051238,0,0,354,888,1,7302,35,2210,NA,35
"1455","2020-05-16",123,17,194,375,3474,0.302533103051238,0,0,354,888,2,7304,35,2245,1,35
"1456","2020-05-17",111,17,190,362,3474,0.302533103051238,0,0,354,888,1,7305,34,2279,1,34
"1457","2020-05-18",107,17,218,364,3474,0.302533103051238,0,0,354,888,1,7306,49,2328,1,49
"1458","2020-05-19",94,17,229,343,3474,0.302533103051238,0,0,354,888,3,7309,58,2386,3,58
"1459","2020-05-20",83,17,205,318,3474,0.302533103051238,0,0,354,888,4,7313,23,2409,3,23
"1460","2020-05-21",80,17,189,314,3474,0.302533103051238,0,0,354,888,NA,NA,15,2424,NA,15
"1461","2020-05-22",80,17,195,303,3474,0.302533103051238,0,0,354,888,4,7317,14,2438,4,14
"1462","2020-05-23",83,17,181,295,3474,0.302533103051238,0,0,354,888,4,7321,10,2448,3,10
"1463","2020-05-24",84,17,171,291,3474,0.302533103051238,0,0,354,888,1,7322,3,2451,1,3
"1464","2020-05-25",78,17,158,298,3474,0.302533103051238,0,0,354,888,2,7324,3,2454,2,3
"1465","2020-05-26",77,17,162,302,3474,0.302533103051238,0,0,354,888,3,7327,6,2460,2,6
"1466","2020-05-27",84,17,146,298,3474,0.302533103051238,0,0,354,888,2,7329,1,2461,1,1
"1467","2020-05-28",96,17,140,297,3474,0.302533103051238,0,0,354,888,NA,NA,NA,NA,NA,NA
"1468","2020-05-29",108,17,136,281,3474,0.302533103051238,0,0,354,888,NA,NA,1,2462,NA,1
"1469","2020-05-30",101,17,152,264,3474,0.302533103051238,0,0,354,888,1,7330,19,2481,1,19
"1470","2020-05-31",100,17,140,255,3474,0.302533103051238,0,0,354,888,1,7331,7,2488,NA,7
"1471","2020-06-01",99,17,131,244,3474,0.302533103051238,0,0,354,888,2,7333,11,2499,2,11
"1472","2020-06-02",96,17,109,235,3474,0.302533103051238,0,0,354,888,1,7334,26,2525,1,26
"1473","2020-06-03",92,17,98,231,3474,0.302533103051238,0,0,354,888,1,7335,19,2544,1,19
"1474","2020-06-04",75,17,93,215,3474,0.302533103051238,0,0,354,888,NA,NA,13,2557,NA,13
"1475","2020-06-05",64,17,80,218,3474,0.302533103051238,0,0,354,888,2,7337,9,2566,2,9
"1476","2020-06-06",65,17,80,202,3474,0.302533103051238,0,0,354,888,1,7338,4,2570,NA,4
"1477","2020-06-07",70,17,68,187,3474,0.302533103051238,0,0,354,888,2,7340,6,2576,1,6
"1478","2020-03-13",1,18,48,38,3191,0.611093701034159,0,0,287,921,12,27,11,38,2,11
"1479","2020-03-14",2,18,43,51,3191,0.611093701034159,0,0,287,921,9,36,5,43,3,5
"1480","2020-03-15",2,18,60,77,3191,0.611093701034159,0,0,287,921,16,52,12,55,9,12
"1481","2020-03-16",2,18,105,102,3191,0.611093701034159,0,0,287,921,14,66,18,73,6,18
"1482","2020-03-17",6,18,128,138,3191,0.611093701034159,0,0,287,921,13,79,15,88,8,15
"1483","2020-03-18",9,18,163,166,3191,0.611093701034159,0,0,287,921,12,91,14,102,6,14
"1484","2020-03-19",16,18,191,199,3191,0.611093701034159,0,0,287,921,19,110,6,108,12,6
"1485","2020-03-20",24,18,211,224,3191,0.611093701034159,0,0,287,921,16,126,25,133,10,25
"1486","2020-03-21",32,18,218,259,3191,0.611093701034159,0,0,287,921,27,153,33,166,18,33
"1487","2020-03-22",40,18,229,286,3191,0.611093701034159,0,0,287,921,15,168,16,182,9,16
"1488","2020-03-23",50,18,203,317,3191,0.611093701034159,0,0,287,921,20,188,31,213,9,31
"1489","2020-03-24",52,18,206,347,3191,0.611093701034159,0,0,287,921,32,220,16,229,22,16
"1490","2020-03-25",56,18,222,398,3191,0.611093701034159,0,0,287,921,19,239,13,242,10,13
"1491","2020-03-26",68,18,201,418,3191,0.611093701034159,0,0,287,921,18,257,10,252,10,10
"1492","2020-03-27",72,18,195,425,3191,0.611093701034159,0,0,287,921,15,272,11,263,10,11
"1493","2020-03-28",85,18,167,429,3191,0.611093701034159,0,0,287,921,28,300,13,276,16,13
"1494","2020-03-29",98,18,156,454,3191,0.611093701034159,0,0,287,921,30,330,23,299,18,23
"1495","2020-03-30",113,18,154,469,3191,0.611093701034159,0,0,287,921,22,352,20,319,14,20
"1496","2020-03-31",119,18,127,459,3191,0.611093701034159,0,0,287,921,23,375,18,337,15,18
"1497","2020-04-01",126,18,134,468,3191,0.611093701034159,0,0,287,921,21,396,26,363,14,26
"1498","2020-04-02",122,18,171,472,3191,0.611093701034159,0,0,287,921,24,420,20,383,10,20
"1499","2020-04-03",119,18,171,468,3191,0.611093701034159,0,0,287,921,18,438,18,401,12,18
"1500","2020-04-04",113,18,154,476,3191,0.611093701034159,0,0,287,921,24,462,16,417,15,16
"1501","2020-04-05",113,18,147,472,3191,0.611093701034159,0,0,287,921,35,497,17,434,21,17
"1502","2020-04-06",112,18,132,477,3191,0.611093701034159,0,0,287,921,19,516,19,453,9,19
"1503","2020-04-07",114,18,130,458,3191,0.611093701034159,0,0,287,921,18,534,17,470,12,17
"1504","2020-04-08",117,18,129,454,3191,0.611093701034159,0,0,287,921,32,566,37,507,21,37
"1505","2020-04-09",122,18,160,468,3191,0.611093701034159,0,0,287,921,27,593,22,529,17,22
"1506","2020-04-10",131,18,165,472,3191,0.611093701034159,0,0,287,921,26,619,24,553,18,24
"1507","2020-04-11",133,18,152,488,3191,0.611093701034159,0,0,287,921,29,648,31,584,15,31
"1508","2020-04-12",126,18,139,492,3191,0.611093701034159,0,0,287,921,28,676,41,625,18,41
"1509","2020-04-13",120,18,111,504,3191,0.611093701034159,0,0,287,921,19,695,30,655,14,30
"1510","2020-04-14",123,18,102,512,3191,0.611093701034159,0,0,287,921,14,709,32,687,10,32
"1511","2020-04-15",123,18,95,528,3191,0.611093701034159,0,0,287,921,27,736,28,715,14,28
"1512","2020-04-16",123,18,106,526,3191,0.611093701034159,0,0,287,921,32,768,21,736,23,21
"1513","2020-04-17",131,18,98,527,3191,0.611093701034159,0,0,287,921,23,791,42,778,14,42
"1514","2020-04-18",135,18,151,535,3191,0.611093701034159,0,0,287,921,18,809,58,836,15,58
"1515","2020-04-19",145,18,199,554,3191,0.611093701034159,0,0,287,921,32,841,29,865,16,29
"1516","2020-04-20",145,18,206,553,3191,0.611093701034159,0,0,287,921,26,867,29,894,14,29
"1517","2020-04-21",152,18,224,563,3191,0.611093701034159,0,0,287,921,32,899,32,926,23,32
"1518","2020-04-22",163,18,207,554,3191,0.611093701034159,0,0,287,921,33,932,9,935,15,9
"1519","2020-04-23",159,18,247,551,3191,0.611093701034159,0,0,287,921,37,969,11,946,21,11
"1520","2020-04-24",153,18,271,531,3191,0.611093701034159,0,0,287,921,31,1000,10,956,22,10
"1521","2020-04-25",156,18,274,518,3191,0.611093701034159,0,0,287,921,34,1034,8,964,21,8
"1522","2020-04-26",159,18,272,505,3191,0.611093701034159,0,0,287,921,43,1077,7,971,32,7
"1523","2020-04-27",162,18,238,475,3191,0.611093701034159,0,0,287,921,43,1120,16,987,32,16
"1524","2020-04-28",153,18,249,468,3191,0.611093701034159,0,0,287,921,44,1164,41,1028,32,41
"1525","2020-04-29",146,18,239,446,3191,0.611093701034159,0,0,287,921,40,1204,60,1088,32,60
"1526","2020-04-30",148,18,222,443,3191,0.611093701034159,0,0,287,921,37,1241,43,1131,24,43
"1527","2020-05-01",145,18,247,438,3191,0.611093701034159,0,0,287,921,32,1273,31,1162,17,31
"1528","2020-05-02",132,18,254,427,3191,0.611093701034159,0,0,287,921,41,1314,18,1180,25,18
"1529","2020-05-03",124,18,234,414,3191,0.611093701034159,0,0,287,921,40,1354,19,1199,29,19
"1530","2020-05-04",128,18,262,406,3191,0.611093701034159,0,0,287,921,24,1378,41,1240,19,41
"1531","2020-05-05",127,18,270,416,3191,0.611093701034159,0,0,287,921,28,1406,49,1289,19,49
"1532","2020-05-06",127,18,240,416,3191,0.611093701034159,0,0,287,921,21,1427,37,1326,13,37
"1533","2020-05-07",123,18,232,409,3191,0.611093701034159,0,0,287,921,23,1450,32,1358,14,32
"1534","2020-05-08",120,18,231,402,3191,0.611093701034159,0,0,287,921,31,1481,49,1407,18,49
"1535","2020-05-09",124,18,193,400,3191,0.611093701034159,0,0,287,921,30,1511,25,1432,17,25
"1536","2020-05-10",123,18,196,396,3191,0.611093701034159,0,0,287,921,21,1532,25,1457,12,25
"1537","2020-05-11",113,18,210,379,3191,0.611093701034159,0,0,287,921,25,1557,14,1471,9,14
"1538","2020-05-12",113,18,257,387,3191,0.611093701034159,0,0,287,921,13,1570,16,1487,6,16
"1539","2020-05-13",112,18,249,369,3191,0.611093701034159,0,0,287,921,23,1593,33,1520,10,33
"1540","2020-05-14",114,18,228,373,3191,0.611093701034159,0,0,287,921,27,1620,12,1532,17,12
"1541","2020-05-15",113,18,226,377,3191,0.611093701034159,0,0,287,921,22,1642,20,1552,14,20
"1542","2020-05-16",106,18,217,364,3191,0.611093701034159,0,0,287,921,17,1659,31,1583,10,31
"1543","2020-05-17",111,18,209,352,3191,0.611093701034159,0,0,287,921,16,1675,41,1624,8,41
"1544","2020-05-18",106,18,195,350,3191,0.611093701034159,0,0,287,921,16,1691,19,1643,11,19
"1545","2020-05-19",102,18,168,346,3191,0.611093701034159,0,0,287,921,20,1711,15,1658,11,15
"1546","2020-05-20",101,18,161,344,3191,0.611093701034159,0,0,287,921,30,1741,8,1666,20,8
"1547","2020-05-21",102,18,133,341,3191,0.611093701034159,0,0,287,921,16,1757,33,1699,9,33
"1548","2020-05-22",101,18,116,328,3191,0.611093701034159,0,0,287,921,6,1763,23,1722,5,23
"1549","2020-05-23",105,18,140,325,3191,0.611093701034159,0,0,287,921,10,1773,13,1735,5,13
"1550","2020-05-24",96,18,143,317,3191,0.611093701034159,0,0,287,921,16,1789,15,1750,11,15
"1551","2020-05-25",96,18,141,307,3191,0.611093701034159,0,0,287,921,12,1801,31,1781,8,31
"1552","2020-05-26",96,18,159,298,3191,0.611093701034159,0,0,287,921,16,1817,40,1821,12,40
"1553","2020-05-27",88,18,180,293,3191,0.611093701034159,0,0,287,921,11,1828,36,1857,6,36
"1554","2020-05-28",86,18,172,277,3191,0.611093701034159,0,0,287,921,14,1842,43,1900,11,43
"1555","2020-05-29",92,18,158,273,3191,0.611093701034159,0,0,287,921,12,1854,42,1942,10,42
"1556","2020-05-30",97,18,185,273,3191,0.611093701034159,0,0,287,921,19,1873,36,1978,8,36
"1557","2020-05-31",97,18,197,273,3191,0.611093701034159,0,0,287,921,14,1887,35,2013,10,35
"1558","2020-06-01",98,18,181,264,3191,0.611093701034159,0,0,287,921,17,1904,18,2031,10,18
"1559","2020-06-02",100,18,157,253,3191,0.611093701034159,0,0,287,921,15,1919,15,2046,13,15
"1560","2020-06-03",96,18,145,241,3191,0.611093701034159,0,0,287,921,12,1931,15,2061,8,15
"1561","2020-06-04",87,18,134,234,3191,0.611093701034159,0,0,287,921,12,1943,19,2080,8,19
"1562","2020-06-05",78,18,119,221,3191,0.611093701034159,0,0,287,921,11,1954,21,2101,7,21
"1563","2020-06-06",66,18,115,206,3191,0.611093701034159,0,0,287,921,7,1961,18,2119,5,18
"1564","2020-06-07",68,18,95,195,3191,0.611093701034159,0,0,287,921,10,1971,24,2143,8,24
"1565","2020-03-13",2,19,60,83,3538,0.32023742227247,0,0,303,404,31,100,10,80,8,10
"1566","2020-03-14",4,19,61,107,3538,0.32023742227247,0,0,303,404,29,129,5,85,9,5
"1567","2020-03-15",6,19,60,137,3538,0.32023742227247,0,0,303,404,59,188,8,93,24,8
"1568","2020-03-16",13,19,50,175,3538,0.32023742227247,0,0,303,404,40,228,5,98,13,5
"1569","2020-03-17",24,19,63,211,3538,0.32023742227247,0,0,303,404,55,283,8,106,24,8
"1570","2020-03-18",32,19,71,238,3538,0.32023742227247,0,0,303,404,52,335,26,132,26,26
"1571","2020-03-19",43,19,70,266,3538,0.32023742227247,0,0,303,404,60,395,17,149,32,17
"1572","2020-03-20",48,19,68,291,3538,0.32023742227247,0,0,303,404,45,440,11,160,19,11
"1573","2020-03-21",51,19,55,315,3538,0.32023742227247,0,0,303,404,60,500,12,172,33,12
"1574","2020-03-22",62,19,57,355,3538,0.32023742227247,0,0,303,404,66,566,12,184,40,12
"1575","2020-03-23",67,19,66,387,3538,0.32023742227247,0,0,303,404,82,648,11,195,52,11
"1576","2020-03-24",72,19,56,416,3538,0.32023742227247,0,0,303,404,65,713,16,211,35,16
"1577","2020-03-25",84,19,62,439,3538,0.32023742227247,0,0,303,404,74,787,30,241,45,30
"1578","2020-03-26",85,19,65,468,3538,0.32023742227247,0,0,303,404,62,849,12,253,40,12
"1579","2020-03-27",97,19,60,513,3538,0.32023742227247,0,0,303,404,66,915,18,271,40,18
"1580","2020-03-28",109,19,79,515,3538,0.32023742227247,0,0,303,404,59,974,16,287,32,16
"1581","2020-03-29",121,19,118,540,3538,0.32023742227247,0,0,303,404,46,1020,35,322,28,35
"1582","2020-03-30",123,19,113,557,3538,0.32023742227247,0,0,303,404,76,1096,15,337,46,15
"1583","2020-03-31",128,19,114,570,3538,0.32023742227247,0,0,303,404,55,1151,34,371,23,34
"1584","2020-04-01",137,19,106,583,3538,0.32023742227247,0,0,303,404,66,1217,58,429,42,58
"1585","2020-04-02",150,19,126,590,3538,0.32023742227247,0,0,303,404,79,1296,50,479,46,50
"1586","2020-04-03",150,19,120,600,3538,0.32023742227247,0,0,303,404,69,1365,49,528,38,49
"1587","2020-04-04",159,19,161,606,3538,0.32023742227247,0,0,303,404,58,1423,36,564,27,36
"1588","2020-04-05",162,19,169,591,3538,0.32023742227247,0,0,303,404,61,1484,21,585,29,21
"1589","2020-04-06",177,19,141,586,3538,0.32023742227247,0,0,303,404,65,1549,15,600,32,15
"1590","2020-04-07",179,19,156,581,3538,0.32023742227247,0,0,303,404,49,1598,22,622,15,22
"1591","2020-04-08",183,19,163,567,3538,0.32023742227247,0,0,303,404,65,1663,45,667,32,45
"1592","2020-04-09",180,19,190,538,3538,0.32023742227247,0,0,303,404,39,1702,49,716,22,49
"1593","2020-04-10",183,19,194,537,3538,0.32023742227247,0,0,303,404,65,1767,24,740,32,24
"1594","2020-04-11",171,19,183,542,3538,0.32023742227247,0,0,303,404,43,1810,59,799,20,59
"1595","2020-04-12",164,19,193,533,3538,0.32023742227247,0,0,303,404,57,1867,25,824,18,25
"1596","2020-04-13",162,19,212,516,3538,0.32023742227247,0,0,303,404,56,1923,27,851,24,27
"1597","2020-04-14",155,19,198,535,3538,0.32023742227247,0,0,303,404,59,1982,31,882,16,31
"1598","2020-04-15",147,19,197,528,3538,0.32023742227247,0,0,303,404,59,2041,23,905,23,23
"1599","2020-04-16",144,19,216,502,3538,0.32023742227247,0,0,303,404,60,2101,11,916,18,11
"1600","2020-04-17",144,19,214,488,3538,0.32023742227247,0,0,303,404,44,2145,3,919,16,3
"1601","2020-04-18",144,19,231,497,3538,0.32023742227247,0,0,303,404,43,2188,7,926,13,7
"1602","2020-04-19",146,19,232,501,3538,0.32023742227247,0,0,303,404,55,2243,9,935,18,9
"1603","2020-04-20",137,19,217,504,3538,0.32023742227247,0,0,303,404,69,2312,6,941,27,6
"1604","2020-04-21",147,19,186,510,3538,0.32023742227247,0,0,303,404,58,2370,8,949,18,8
"1605","2020-04-22",142,19,161,503,3538,0.32023742227247,0,0,303,404,65,2435,12,961,36,12
"1606","2020-04-23",144,19,138,491,3538,0.32023742227247,0,0,303,404,60,2495,9,970,25,9
"1607","2020-04-24",139,19,130,493,3538,0.32023742227247,0,0,303,404,54,2549,47,1017,26,47
"1608","2020-04-25",145,19,107,499,3538,0.32023742227247,0,0,303,404,64,2613,32,1049,26,32
"1609","2020-04-26",145,19,104,472,3538,0.32023742227247,0,0,303,404,39,2652,31,1080,11,31
"1610","2020-04-27",145,19,140,476,3538,0.32023742227247,0,0,303,404,56,2708,61,1141,25,61
"1611","2020-04-28",137,19,156,471,3538,0.32023742227247,0,0,303,404,49,2757,56,1197,19,56
"1612","2020-04-29",143,19,157,471,3538,0.32023742227247,0,0,303,404,35,2792,26,1223,15,26
"1613","2020-04-30",148,19,169,473,3538,0.32023742227247,0,0,303,404,49,2841,18,1241,17,18
"1614","2020-05-01",150,19,159,470,3538,0.32023742227247,0,0,303,404,54,2895,63,1304,25,63
"1615","2020-05-02",146,19,167,474,3538,0.32023742227247,0,0,303,404,51,2946,30,1334,16,30
"1616","2020-05-03",138,19,167,476,3538,0.32023742227247,0,0,303,404,39,2985,23,1357,9,23
"1617","2020-05-04",136,19,167,491,3538,0.32023742227247,0,0,303,404,52,3037,25,1382,23,25
"1618","2020-05-05",131,19,175,493,3538,0.32023742227247,0,0,303,404,51,3088,58,1440,25,58
"1619","2020-05-06",128,19,162,499,3538,0.32023742227247,0,0,303,404,35,3123,71,1511,13,71
"1620","2020-05-07",126,19,156,495,3538,0.32023742227247,0,0,303,404,41,3164,39,1550,9,39
"1621","2020-05-08",132,19,157,471,3538,0.32023742227247,0,0,303,404,35,3199,37,1587,7,37
"1622","2020-05-09",135,19,188,467,3538,0.32023742227247,0,0,303,404,28,3227,23,1610,7,23
"1623","2020-05-10",139,19,187,448,3538,0.32023742227247,0,0,303,404,38,3265,29,1639,11,29
"1624","2020-05-11",138,19,169,446,3538,0.32023742227247,0,0,303,404,28,3293,18,1657,5,18
"1625","2020-05-12",146,19,171,436,3538,0.32023742227247,0,0,303,404,38,3331,86,1743,10,86
"1626","2020-05-13",139,19,158,412,3538,0.32023742227247,0,0,303,404,18,3349,41,1784,3,41
"1627","2020-05-14",133,19,143,393,3538,0.32023742227247,0,0,303,404,35,3384,33,1817,7,33
"1628","2020-05-15",119,19,124,398,3538,0.32023742227247,0,0,303,404,36,3420,36,1853,13,36
"1629","2020-05-16",123,19,134,403,3538,0.32023742227247,0,0,303,404,28,3448,21,1874,14,21
"1630","2020-05-17",122,19,137,389,3538,0.32023742227247,0,0,303,404,24,3472,16,1890,11,16
"1631","2020-05-18",122,19,125,386,3538,0.32023742227247,0,0,303,404,31,3503,12,1902,12,12
"1632","2020-05-19",116,19,115,381,3538,0.32023742227247,0,0,303,404,32,3535,21,1923,9,21
"1633","2020-05-20",104,19,121,362,3538,0.32023742227247,0,0,303,404,28,3563,38,1961,10,38
"1634","2020-05-21",107,19,142,367,3538,0.32023742227247,0,0,303,404,26,3589,50,2011,7,50
"1635","2020-05-22",105,19,154,349,3538,0.32023742227247,0,0,303,404,26,3615,33,2044,8,33
"1636","2020-05-23",95,19,141,343,3538,0.32023742227247,0,0,303,404,22,3637,31,2075,8,31
"1637","2020-05-24",103,19,126,339,3538,0.32023742227247,0,0,303,404,35,3672,53,2128,14,53
"1638","2020-05-25",104,19,116,324,3538,0.32023742227247,0,0,303,404,20,3692,51,2179,5,51
"1639","2020-05-26",96,19,115,320,3538,0.32023742227247,0,0,303,404,19,3711,23,2202,9,23
"1640","2020-05-27",100,19,111,302,3538,0.32023742227247,0,0,303,404,18,3729,23,2225,3,23
"1641","2020-05-28",88,19,103,293,3538,0.32023742227247,0,0,303,404,18,3747,48,2273,7,48
"1642","2020-05-29",98,19,108,294,3538,0.32023742227247,0,0,303,404,24,3771,38,2311,7,38
"1643","2020-05-30",100,19,111,299,3538,0.32023742227247,0,0,303,404,16,3787,52,2363,3,52
"1644","2020-05-31",89,19,123,280,3538,0.32023742227247,0,0,303,404,16,3803,27,2390,4,27
"1645","2020-06-01",82,19,124,271,3538,0.32023742227247,0,0,303,404,20,3823,44,2434,7,44
"1646","2020-06-02",86,19,115,258,3538,0.32023742227247,0,0,303,404,24,3847,20,2454,10,20
"1647","2020-06-03",90,19,127,245,3538,0.32023742227247,0,0,303,404,14,3861,22,2476,6,22
"1648","2020-06-04",88,19,139,239,3538,0.32023742227247,0,0,303,404,18,3879,22,2498,9,22
"1649","2020-06-05",82,19,146,240,3538,0.32023742227247,0,0,303,404,18,3897,36,2534,11,36
"1650","2020-06-06",73,19,138,221,3538,0.32023742227247,0,0,303,404,23,3920,13,2547,10,13
"1651","2020-06-07",62,19,132,217,3538,0.32023742227247,0,0,303,404,13,3933,22,2569,6,22
"1652","2020-03-15",1,20,62,70,4639,0.884457857296831,0,0,410,862,21,82,22,69,8,22
"1653","2020-03-16",3,20,55,87,4639,0.884457857296831,0,0,410,862,23,105,16,85,12,16
"1654","2020-03-17",5,20,54,102,4639,0.884457857296831,0,0,410,862,24,129,26,111,12,26
"1655","2020-03-18",12,20,84,130,4639,0.884457857296831,0,0,410,862,22,151,27,138,17,27
"1656","2020-03-19",13,20,84,147,4639,0.884457857296831,0,0,410,862,18,169,20,158,11,20
"1657","2020-03-20",17,20,107,172,4639,0.884457857296831,0,0,410,862,22,191,20,178,11,20
"1658","2020-03-21",22,20,105,202,4639,0.884457857296831,0,0,410,862,27,218,20,198,20,20
"1659","2020-03-22",27,20,96,230,4639,0.884457857296831,0,0,410,862,19,237,19,217,11,19
"1660","2020-03-23",42,20,106,259,4639,0.884457857296831,0,0,410,862,30,267,23,240,19,23
"1661","2020-03-24",47,20,133,284,4639,0.884457857296831,0,0,410,862,23,290,27,267,13,27
"1662","2020-03-25",49,20,162,317,4639,0.884457857296831,0,0,410,862,22,312,27,294,11,27
"1663","2020-03-26",61,20,155,349,4639,0.884457857296831,0,0,410,862,20,332,32,326,10,32
"1664","2020-03-27",66,20,138,374,4639,0.884457857296831,0,0,410,862,34,366,32,358,18,32
"1665","2020-03-28",72,20,152,407,4639,0.884457857296831,0,0,410,862,31,397,48,406,9,48
"1666","2020-03-29",82,20,152,455,4639,0.884457857296831,0,0,410,862,29,426,32,438,17,32
"1667","2020-03-30",77,20,139,486,4639,0.884457857296831,0,0,410,862,29,455,28,466,17,28
"1668","2020-03-31",89,20,177,521,4639,0.884457857296831,0,0,410,862,35,490,22,488,24,22
"1669","2020-04-01",97,20,225,540,4639,0.884457857296831,0,0,410,862,32,522,21,509,22,21
"1670","2020-04-02",102,20,268,573,4639,0.884457857296831,0,0,410,862,33,555,33,542,19,33
"1671","2020-04-03",121,20,281,604,4639,0.884457857296831,0,0,410,862,33,588,31,573,22,31
"1672","2020-04-04",133,20,262,639,4639,0.884457857296831,0,0,410,862,46,634,36,609,26,36
"1673","2020-04-05",140,20,247,676,4639,0.884457857296831,0,0,410,862,24,658,56,665,16,56
"1674","2020-04-06",157,20,258,708,4639,0.884457857296831,0,0,410,862,27,685,28,693,15,28
"1675","2020-04-07",171,20,277,725,4639,0.884457857296831,0,0,410,862,37,722,33,726,22,33
"1676","2020-04-08",180,20,291,760,4639,0.884457857296831,0,0,410,862,27,749,51,777,15,51
"1677","2020-04-09",196,20,261,778,4639,0.884457857296831,0,0,410,862,23,772,31,808,11,31
"1678","2020-04-10",198,20,253,786,4639,0.884457857296831,0,0,410,862,19,791,55,863,9,55
"1679","2020-04-11",217,20,220,819,4639,0.884457857296831,0,0,410,862,35,826,44,907,18,44
"1680","2020-04-12",233,20,192,846,4639,0.884457857296831,0,0,410,862,28,854,43,950,11,43
"1681","2020-04-13",236,20,186,873,4639,0.884457857296831,0,0,410,862,45,899,36,986,16,36
"1682","2020-04-14",241,20,168,914,4639,0.884457857296831,0,0,410,862,19,918,41,1027,12,41
"1683","2020-04-15",245,20,157,909,4639,0.884457857296831,0,0,410,862,33,951,43,1070,15,43
"1684","2020-04-16",243,20,130,900,4639,0.884457857296831,0,0,410,862,30,981,26,1096,14,26
"1685","2020-04-17",240,20,113,903,4639,0.884457857296831,0,0,410,862,35,1016,37,1133,20,37
"1686","2020-04-18",238,20,119,944,4639,0.884457857296831,0,0,410,862,30,1046,37,1170,13,37
"1687","2020-04-19",234,20,122,974,4639,0.884457857296831,0,0,410,862,23,1069,32,1202,7,32
"1688","2020-04-20",251,20,114,960,4639,0.884457857296831,0,0,410,862,29,1098,31,1233,12,31
"1689","2020-04-21",240,20,102,972,4639,0.884457857296831,0,0,410,862,23,1121,23,1256,12,23
"1690","2020-04-22",261,20,95,966,4639,0.884457857296831,0,0,410,862,23,1144,24,1280,9,24
"1691","2020-04-23",266,20,124,967,4639,0.884457857296831,0,0,410,862,34,1178,21,1301,16,21
"1692","2020-04-24",274,20,168,964,4639,0.884457857296831,0,0,410,862,16,1194,33,1334,6,33
"1693","2020-04-25",262,20,219,947,4639,0.884457857296831,0,0,410,862,28,1222,32,1366,13,32
"1694","2020-04-26",258,20,220,916,4639,0.884457857296831,0,0,410,862,26,1248,22,1388,9,22
"1695","2020-04-27",257,20,211,907,4639,0.884457857296831,0,0,410,862,21,1269,26,1414,12,26
"1696","2020-04-28",256,20,255,917,4639,0.884457857296831,0,0,410,862,37,1306,35,1449,14,35
"1697","2020-04-29",243,20,239,893,4639,0.884457857296831,0,0,410,862,32,1338,47,1496,17,47
"1698","2020-04-30",245,20,232,870,4639,0.884457857296831,0,0,410,862,22,1360,36,1532,10,36
"1699","2020-05-01",244,20,216,867,4639,0.884457857296831,0,0,410,862,28,1388,32,1564,10,32
"1700","2020-05-02",251,20,253,821,4639,0.884457857296831,0,0,410,862,19,1407,37,1601,6,37
"1701","2020-05-03",259,20,275,813,4639,0.884457857296831,0,0,410,862,22,1429,42,1643,10,42
"1702","2020-05-04",248,20,307,802,4639,0.884457857296831,0,0,410,862,31,1460,47,1690,16,47
"1703","2020-05-05",257,20,321,778,4639,0.884457857296831,0,0,410,862,30,1490,47,1737,14,47
"1704","2020-05-06",248,20,297,735,4639,0.884457857296831,0,0,410,862,25,1515,51,1788,10,51
"1705","2020-05-07",242,20,285,728,4639,0.884457857296831,0,0,410,862,20,1535,35,1823,10,35
"1706","2020-05-08",230,20,266,717,4639,0.884457857296831,0,0,410,862,27,1562,37,1860,8,37
"1707","2020-05-09",220,20,235,686,4639,0.884457857296831,0,0,410,862,26,1588,49,1909,13,49
"1708","2020-05-10",203,20,213,665,4639,0.884457857296831,0,0,410,862,30,1618,44,1953,14,44
"1709","2020-05-11",199,20,201,640,4639,0.884457857296831,0,0,410,862,17,1635,45,1998,6,45
"1710","2020-05-12",190,20,174,636,4639,0.884457857296831,0,0,410,862,26,1661,58,2056,7,58
"1711","2020-05-13",183,20,148,608,4639,0.884457857296831,0,0,410,862,20,1681,45,2101,10,45
"1712","2020-05-14",177,20,131,592,4639,0.884457857296831,0,0,410,862,19,1700,57,2158,11,57
"1713","2020-05-15",182,20,117,560,4639,0.884457857296831,0,0,410,862,22,1722,44,2202,11,44
"1714","2020-05-16",187,20,157,543,4639,0.884457857296831,0,0,410,862,15,1737,45,2247,5,45
"1715","2020-05-17",195,20,194,523,4639,0.884457857296831,0,0,410,862,28,1765,41,2288,13,41
"1716","2020-05-18",192,20,208,505,4639,0.884457857296831,0,0,410,862,20,1785,30,2318,7,30
"1717","2020-05-19",187,20,224,483,4639,0.884457857296831,0,0,410,862,12,1797,46,2364,6,46
"1718","2020-05-20",182,20,253,462,4639,0.884457857296831,0,0,410,862,22,1819,47,2411,15,47
"1719","2020-05-21",173,20,260,446,4639,0.884457857296831,0,0,410,862,17,1836,37,2448,8,37
"1720","2020-05-22",166,20,243,437,4639,0.884457857296831,0,0,410,862,24,1860,29,2477,10,29
"1721","2020-05-23",150,20,215,431,4639,0.884457857296831,0,0,410,862,20,1880,44,2521,6,44
"1722","2020-05-24",127,20,185,411,4639,0.884457857296831,0,0,410,862,16,1896,26,2547,7,26
"1723","2020-05-25",113,20,177,387,4639,0.884457857296831,0,0,410,862,20,1916,36,2583,10,36
"1724","2020-05-26",111,20,198,375,4639,0.884457857296831,0,0,410,862,25,1941,35,2618,14,35
"1725","2020-05-27",105,20,222,366,4639,0.884457857296831,0,0,410,862,24,1965,42,2660,17,42
"1726","2020-05-28",104,20,219,346,4639,0.884457857296831,0,0,410,862,12,1977,46,2706,4,46
"1727","2020-05-29",103,20,223,326,4639,0.884457857296831,0,0,410,862,13,1990,46,2752,6,46
"1728","2020-05-30",98,20,236,304,4639,0.884457857296831,0,0,410,862,13,2003,58,2810,7,58
"1729","2020-05-31",113,20,208,285,4639,0.884457857296831,0,0,410,862,15,2018,46,2856,10,46
"1730","2020-06-01",105,20,201,275,4639,0.884457857296831,0,0,410,862,18,2036,48,2904,11,48
"1731","2020-06-02",94,20,195,245,4639,0.884457857296831,0,0,410,862,17,2053,29,2933,8,29
"1732","2020-06-03",98,20,176,235,4639,0.884457857296831,0,0,410,862,13,2066,37,2970,5,37
"1733","2020-06-04",89,20,157,210,4639,0.884457857296831,0,0,410,862,7,2073,29,2999,2,29
"1734","2020-06-05",79,20,139,182,4639,0.884457857296831,0,0,410,862,10,2083,31,3030,3,31
"1735","2020-06-06",75,20,111,169,4639,0.884457857296831,0,0,410,862,10,2093,32,3062,7,32
"1736","2020-06-07",58,20,102,157,4639,0.884457857296831,0,0,410,862,9,2102,33,3095,7,33
