"","Date","Absents","Paramset","Infections_or_Exposed_per_day_Patient","Infections_or_Exposed_per_day_HCW","total_infections","nosocomial_proportion","PCR_pooled","LFD_pooled","HCW_symp_test","patient_symp_test","new_hcw_infs","cumulative_hcw_infs","new_pat_infs","cumulative_pats_infs","new_nosocomial_hcw_infs","new_nosocomial_pat_infs"
"1","2020-03-13",4,1,86,316,9127,0.559439027062562,0,0,802,1018,123,317,13,70,32,13
"2","2020-03-14",12,1,79,431,9127,0.559439027062562,0,0,802,1018,116,433,10,80,40,10
"3","2020-03-15",16,1,120,581,9127,0.559439027062562,0,0,802,1018,150,583,35,115,59,35
"4","2020-03-16",34,1,148,726,9127,0.559439027062562,0,0,802,1018,145,728,49,164,71,49
"5","2020-03-17",66,1,182,908,9127,0.559439027062562,0,0,802,1018,186,914,46,210,100,46
"6","2020-03-18",109,1,192,1118,9127,0.559439027062562,0,0,802,1018,218,1132,39,249,133,39
"7","2020-03-19",142,1,188,1383,9127,0.559439027062562,0,0,802,1018,294,1426,28,277,204,28
"8","2020-03-20",201,1,204,1584,9127,0.559439027062562,0,0,802,1018,246,1672,40,317,168,40
"9","2020-03-21",255,1,191,1802,9127,0.559439027062562,0,0,802,1018,274,1946,25,342,212,25
"10","2020-03-22",331,1,194,2016,9127,0.559439027062562,0,0,802,1018,273,2219,36,378,209,36
"11","2020-03-23",382,1,205,2240,9127,0.559439027062562,0,0,802,1018,301,2520,46,424,244,46
"12","2020-03-24",434,1,210,2471,9127,0.559439027062562,0,0,802,1018,329,2849,39,463,266,39
"13","2020-03-25",484,1,225,2662,9127,0.559439027062562,0,0,802,1018,317,3166,45,508,249,45
"14","2020-03-26",552,1,219,2868,9127,0.559439027062562,0,0,802,1018,361,3527,35,543,290,35
"15","2020-03-27",591,1,199,2989,9127,0.559439027062562,0,0,802,1018,289,3816,20,563,232,20
"16","2020-03-28",653,1,191,3119,9127,0.559439027062562,0,0,802,1018,307,4123,27,590,239,27
"17","2020-03-29",699,1,203,3212,9127,0.559439027062562,0,0,802,1018,288,4411,48,638,239,48
"18","2020-03-30",759,1,221,3303,9127,0.559439027062562,0,0,802,1018,282,4693,45,683,232,45
"19","2020-03-31",788,1,214,3269,9127,0.559439027062562,0,0,802,1018,219,4912,30,713,181,30
"20","2020-04-01",827,1,206,3231,9127,0.559439027062562,0,0,802,1018,219,5131,28,741,174,28
"21","2020-04-02",860,1,188,3178,9127,0.559439027062562,0,0,802,1018,219,5350,15,756,181,15
"22","2020-04-03",872,1,182,3091,9127,0.559439027062562,0,0,802,1018,190,5540,17,773,158,17
"23","2020-04-04",870,1,185,2990,9127,0.559439027062562,0,0,802,1018,191,5731,15,788,130,15
"24","2020-04-05",872,1,184,2851,9127,0.559439027062562,0,0,802,1018,151,5882,34,822,118,34
"25","2020-04-06",841,1,184,2703,9127,0.559439027062562,0,0,802,1018,128,6010,22,844,91,22
"26","2020-04-07",834,1,179,2507,9127,0.559439027062562,0,0,802,1018,113,6123,26,870,84,26
"27","2020-04-08",803,1,201,2334,9127,0.559439027062562,0,0,802,1018,103,6226,44,914,75,44
"28","2020-04-09",755,1,197,2221,9127,0.559439027062562,0,0,802,1018,98,6324,32,946,65,32
"29","2020-04-10",718,1,242,2039,9127,0.559439027062562,0,0,802,1018,84,6408,67,1013,61,67
"30","2020-04-11",667,1,276,1843,9127,0.559439027062562,0,0,802,1018,66,6474,65,1078,50,65
"31","2020-04-12",607,1,262,1661,9127,0.559439027062562,0,0,802,1018,50,6524,33,1111,28,33
"32","2020-04-13",573,1,289,1533,9127,0.559439027062562,0,0,802,1018,76,6600,56,1167,42,56
"33","2020-04-14",516,1,321,1407,9127,0.559439027062562,0,0,802,1018,60,6660,70,1237,38,70
"34","2020-04-15",478,1,326,1256,9127,0.559439027062562,0,0,802,1018,44,6704,53,1290,26,53
"35","2020-04-16",436,1,296,1146,9127,0.559439027062562,0,0,802,1018,48,6752,33,1323,29,33
"36","2020-04-17",400,1,282,1046,9127,0.559439027062562,0,0,802,1018,51,6803,40,1363,29,40
"37","2020-04-18",371,1,253,948,9127,0.559439027062562,0,0,802,1018,39,6842,28,1391,22,28
"38","2020-04-19",331,1,241,901,9127,0.559439027062562,0,0,802,1018,47,6889,39,1430,16,39
"39","2020-04-20",295,1,223,838,9127,0.559439027062562,0,0,802,1018,37,6926,27,1457,19,27
"40","2020-04-21",269,1,226,761,9127,0.559439027062562,0,0,802,1018,35,6961,26,1483,11,26
"41","2020-04-22",232,1,229,697,9127,0.559439027062562,0,0,802,1018,27,6988,31,1514,5,31
"42","2020-04-23",212,1,223,657,9127,0.559439027062562,0,0,802,1018,39,7027,29,1543,13,29
"43","2020-04-24",185,1,263,617,9127,0.559439027062562,0,0,802,1018,26,7053,49,1592,12,49
"44","2020-04-25",158,1,267,575,9127,0.559439027062562,0,0,802,1018,20,7073,42,1634,9,42
"45","2020-04-26",151,1,258,529,9127,0.559439027062562,0,0,802,1018,24,7097,35,1669,6,35
"46","2020-04-27",140,1,247,489,9127,0.559439027062562,0,0,802,1018,24,7121,31,1700,8,31
"47","2020-04-28",133,1,245,455,9127,0.559439027062562,0,0,802,1018,25,7146,35,1735,9,35
"48","2020-04-29",126,1,226,432,9127,0.559439027062562,0,0,802,1018,14,7160,24,1759,6,24
"49","2020-04-30",117,1,240,406,9127,0.559439027062562,0,0,802,1018,22,7182,42,1801,14,42
"50","2020-05-01",117,1,276,363,9127,0.559439027062562,0,0,802,1018,14,7196,53,1854,5,53
"51","2020-05-02",113,1,272,342,9127,0.559439027062562,0,0,802,1018,19,7215,40,1894,4,40
"52","2020-05-03",102,1,255,320,9127,0.559439027062562,0,0,802,1018,13,7228,28,1922,4,28
"53","2020-05-04",99,1,254,323,9127,0.559439027062562,0,0,802,1018,28,7256,25,1947,9,25
"54","2020-05-05",90,1,228,313,9127,0.559439027062562,0,0,802,1018,15,7271,18,1965,3,18
"55","2020-05-06",82,1,220,290,9127,0.559439027062562,0,0,802,1018,13,7284,21,1986,5,21
"56","2020-05-07",77,1,234,278,9127,0.559439027062562,0,0,802,1018,22,7306,27,2013,5,27
"57","2020-05-08",73,1,236,268,9127,0.559439027062562,0,0,802,1018,8,7314,38,2051,2,38
"58","2020-05-09",69,1,234,256,9127,0.559439027062562,0,0,802,1018,14,7328,26,2077,4,26
"59","2020-05-10",66,1,197,247,9127,0.559439027062562,0,0,802,1018,15,7343,20,2097,2,20
"60","2020-05-11",61,1,192,214,9127,0.559439027062562,0,0,802,1018,10,7353,24,2121,2,24
"61","2020-05-12",59,1,225,208,9127,0.559439027062562,0,0,802,1018,16,7369,46,2167,7,46
"62","2020-05-13",53,1,244,208,9127,0.559439027062562,0,0,802,1018,13,7382,39,2206,3,39
"63","2020-05-14",48,1,257,200,9127,0.559439027062562,0,0,802,1018,10,7392,38,2244,4,38
"64","2020-05-15",46,1,240,191,9127,0.559439027062562,0,0,802,1018,13,7405,29,2273,3,29
"65","2020-05-16",47,1,237,181,9127,0.559439027062562,0,0,802,1018,9,7414,32,2305,2,32
"66","2020-05-17",44,1,227,172,9127,0.559439027062562,0,0,802,1018,11,7425,39,2344,2,39
"67","2020-05-18",40,1,238,166,9127,0.559439027062562,0,0,802,1018,13,7438,43,2387,3,43
"68","2020-05-19",38,1,231,164,9127,0.559439027062562,0,0,802,1018,12,7450,29,2416,2,29
"69","2020-05-20",42,1,257,153,9127,0.559439027062562,0,0,802,1018,3,7453,53,2469,NA,53
"70","2020-05-21",45,1,255,149,9127,0.559439027062562,0,0,802,1018,15,7468,33,2502,4,33
"71","2020-05-22",44,1,262,140,9127,0.559439027062562,0,0,802,1018,9,7477,43,2545,NA,43
"72","2020-05-23",41,1,247,140,9127,0.559439027062562,0,0,802,1018,9,7486,26,2571,2,26
"73","2020-05-24",40,1,233,131,9127,0.559439027062562,0,0,802,1018,8,7494,33,2604,3,33
"74","2020-05-25",44,1,237,122,9127,0.559439027062562,0,0,802,1018,6,7500,41,2645,1,41
"75","2020-05-26",45,1,241,119,9127,0.559439027062562,0,0,802,1018,8,7508,29,2674,5,29
"76","2020-05-27",40,1,227,117,9127,0.559439027062562,0,0,802,1018,11,7519,26,2700,3,26
"77","2020-05-28",38,1,203,110,9127,0.559439027062562,0,0,802,1018,6,7525,13,2713,2,13
"78","2020-05-29",34,1,193,105,9127,0.559439027062562,0,0,802,1018,4,7529,19,2732,1,19
"79","2020-05-30",30,1,217,100,9127,0.559439027062562,0,0,802,1018,3,7532,40,2772,NA,40
"80","2020-05-31",29,1,220,93,9127,0.559439027062562,0,0,802,1018,5,7537,30,2802,NA,30
"81","2020-06-01",24,1,243,87,9127,0.559439027062562,0,0,802,1018,4,7541,37,2839,1,37
"82","2020-06-02",24,1,243,76,9127,0.559439027062562,0,0,802,1018,4,7545,39,2878,1,39
"83","2020-06-03",25,1,245,70,9127,0.559439027062562,0,0,802,1018,3,7548,48,2926,NA,48
"84","2020-06-04",21,1,261,65,9127,0.559439027062562,0,0,802,1018,3,7551,44,2970,1,44
"85","2020-06-05",21,1,243,60,9127,0.559439027062562,0,0,802,1018,5,7556,32,3002,1,32
"86","2020-06-06",20,1,255,58,9127,0.559439027062562,0,0,802,1018,2,7558,30,3032,NA,30
"87","2020-06-07",22,1,259,56,9127,0.559439027062562,0,0,802,1018,3,7561,58,3090,NA,58
"88","2020-03-12",1,2,31,88,6372,0.50894538606403,0,0,573,655,71,137,20,46,2,20
"89","2020-03-13",1,2,32,135,6372,0.50894538606403,0,0,573,655,60,197,31,77,3,31
"90","2020-03-14",9,2,31,203,6372,0.50894538606403,0,0,573,655,93,290,38,115,12,38
"91","2020-03-15",18,2,48,261,6372,0.50894538606403,0,0,573,655,77,367,24,139,23,24
"92","2020-03-16",29,2,70,338,6372,0.50894538606403,0,0,573,655,65,432,19,158,14,19
"93","2020-03-17",37,2,92,416,6372,0.50894538606403,0,0,573,655,96,528,35,193,21,35
"94","2020-03-18",51,2,110,490,6372,0.50894538606403,0,0,573,655,100,628,28,221,17,28
"95","2020-03-19",66,2,137,568,6372,0.50894538606403,0,0,573,655,92,720,30,251,30,30
"96","2020-03-20",84,2,138,646,6372,0.50894538606403,0,0,573,655,106,826,27,278,27,27
"97","2020-03-21",99,2,141,726,6372,0.50894538606403,0,0,573,655,78,904,28,306,25,28
"98","2020-03-22",122,2,141,811,6372,0.50894538606403,0,0,573,655,97,1001,22,328,30,22
"99","2020-03-23",142,2,140,891,6372,0.50894538606403,0,0,573,655,114,1115,17,345,43,17
"100","2020-03-24",175,2,127,947,6372,0.50894538606403,0,0,573,655,87,1202,29,374,27,29
"101","2020-03-25",201,2,170,1022,6372,0.50894538606403,0,0,573,655,97,1299,36,410,33,36
"102","2020-03-26",220,2,209,1083,6372,0.50894538606403,0,0,573,655,97,1396,49,459,30,49
"103","2020-03-27",243,2,187,1172,6372,0.50894538606403,0,0,573,655,107,1503,21,480,29,21
"104","2020-03-28",273,2,158,1214,6372,0.50894538606403,0,0,573,655,98,1601,54,534,31,54
"105","2020-03-29",284,2,132,1305,6372,0.50894538606403,0,0,573,655,98,1699,36,570,31,36
"106","2020-03-30",322,2,136,1319,6372,0.50894538606403,0,0,573,655,82,1781,31,601,18,31
"107","2020-03-31",336,2,159,1337,6372,0.50894538606403,0,0,573,655,86,1867,26,627,25,26
"108","2020-04-01",348,2,173,1363,6372,0.50894538606403,0,0,573,655,95,1962,24,651,27,24
"109","2020-04-02",372,2,173,1376,6372,0.50894538606403,0,0,573,655,87,2049,38,689,17,38
"110","2020-04-03",403,2,170,1389,6372,0.50894538606403,0,0,573,655,98,2147,39,728,25,39
"111","2020-04-04",403,2,151,1383,6372,0.50894538606403,0,0,573,655,91,2238,42,770,27,42
"112","2020-04-05",413,2,152,1403,6372,0.50894538606403,0,0,573,655,115,2353,47,817,43,47
"113","2020-04-06",397,2,179,1416,6372,0.50894538606403,0,0,573,655,86,2439,55,872,28,55
"114","2020-04-07",394,2,188,1388,6372,0.50894538606403,0,0,573,655,94,2533,27,899,27,27
"115","2020-04-08",396,2,208,1363,6372,0.50894538606403,0,0,573,655,81,2614,42,941,18,42
"116","2020-04-09",387,2,194,1358,6372,0.50894538606403,0,0,573,655,82,2696,27,968,19,27
"117","2020-04-10",378,2,185,1353,6372,0.50894538606403,0,0,573,655,94,2790,23,991,17,23
"118","2020-04-11",386,2,155,1328,6372,0.50894538606403,0,0,573,655,101,2891,21,1012,27,21
"119","2020-04-12",374,2,163,1319,6372,0.50894538606403,0,0,573,655,82,2973,25,1037,18,25
"120","2020-04-13",372,2,172,1271,6372,0.50894538606403,0,0,573,655,97,3070,42,1079,26,42
"121","2020-04-14",379,2,188,1236,6372,0.50894538606403,0,0,573,655,82,3152,30,1109,25,30
"122","2020-04-15",366,2,231,1194,6372,0.50894538606403,0,0,573,655,84,3236,25,1134,24,25
"123","2020-04-16",358,2,210,1163,6372,0.50894538606403,0,0,573,655,89,3325,63,1197,17,63
"124","2020-04-17",342,2,183,1140,6372,0.50894538606403,0,0,573,655,68,3393,49,1246,15,49
"125","2020-04-18",330,2,166,1084,6372,0.50894538606403,0,0,573,655,61,3454,36,1282,15,36
"126","2020-04-19",340,2,175,1037,6372,0.50894538606403,0,0,573,655,93,3547,46,1328,21,46
"127","2020-04-20",324,2,231,992,6372,0.50894538606403,0,0,573,655,71,3618,24,1352,17,24
"128","2020-04-21",300,2,258,954,6372,0.50894538606403,0,0,573,655,79,3697,35,1387,13,35
"129","2020-04-22",297,2,259,920,6372,0.50894538606403,0,0,573,655,87,3784,24,1411,21,24
"130","2020-04-23",299,2,238,905,6372,0.50894538606403,0,0,573,655,80,3864,27,1438,13,27
"131","2020-04-24",288,2,244,889,6372,0.50894538606403,0,0,573,655,71,3935,44,1482,14,44
"132","2020-04-25",276,2,257,854,6372,0.50894538606403,0,0,573,655,61,3996,26,1508,13,26
"133","2020-04-26",250,2,257,853,6372,0.50894538606403,0,0,573,655,75,4071,26,1534,11,26
"134","2020-04-27",248,2,250,835,6372,0.50894538606403,0,0,573,655,83,4154,16,1550,13,16
"135","2020-04-28",250,2,207,824,6372,0.50894538606403,0,0,573,655,71,4225,29,1579,11,29
"136","2020-04-29",241,2,187,824,6372,0.50894538606403,0,0,573,655,75,4300,16,1595,14,16
"137","2020-04-30",239,2,218,810,6372,0.50894538606403,0,0,573,655,82,4382,18,1613,20,18
"138","2020-05-01",234,2,257,789,6372,0.50894538606403,0,0,573,655,57,4439,16,1629,14,16
"139","2020-05-02",224,2,228,771,6372,0.50894538606403,0,0,573,655,60,4499,24,1653,11,24
"140","2020-05-03",225,2,214,760,6372,0.50894538606403,0,0,573,655,65,4564,35,1688,14,35
"141","2020-05-04",226,2,195,750,6372,0.50894538606403,0,0,573,655,61,4625,36,1724,9,36
"142","2020-05-05",222,2,195,720,6372,0.50894538606403,0,0,573,655,49,4674,28,1752,7,28
"143","2020-05-06",222,2,223,677,6372,0.50894538606403,0,0,573,655,49,4723,15,1767,9,15
"144","2020-05-07",214,2,228,649,6372,0.50894538606403,0,0,573,655,55,4778,25,1792,13,25
"145","2020-05-08",216,2,208,606,6372,0.50894538606403,0,0,573,655,57,4835,36,1828,10,36
"146","2020-05-09",212,2,191,590,6372,0.50894538606403,0,0,573,655,46,4881,20,1848,6,20
"147","2020-05-10",203,2,164,577,6372,0.50894538606403,0,0,573,655,61,4942,27,1875,9,27
"148","2020-05-11",189,2,200,546,6372,0.50894538606403,0,0,573,655,49,4991,23,1898,12,23
"149","2020-05-12",180,2,203,518,6372,0.50894538606403,0,0,573,655,58,5049,34,1932,11,34
"150","2020-05-13",168,2,183,501,6372,0.50894538606403,0,0,573,655,51,5100,33,1965,8,33
"151","2020-05-14",153,2,175,484,6372,0.50894538606403,0,0,573,655,44,5144,66,2031,13,66
"152","2020-05-15",144,2,160,439,6372,0.50894538606403,0,0,573,655,33,5177,34,2065,5,34
"153","2020-05-16",136,2,145,409,6372,0.50894538606403,0,0,573,655,41,5218,30,2095,12,30
"154","2020-05-17",130,2,179,404,6372,0.50894538606403,0,0,573,655,38,5256,36,2131,7,36
"155","2020-05-18",126,2,174,393,6372,0.50894538606403,0,0,573,655,43,5299,39,2170,10,39
"156","2020-05-19",116,2,190,372,6372,0.50894538606403,0,0,573,655,39,5338,34,2204,9,34
"157","2020-05-20",113,2,194,359,6372,0.50894538606403,0,0,573,655,46,5384,37,2241,6,37
"158","2020-05-21",112,2,183,340,6372,0.50894538606403,0,0,573,655,27,5411,21,2262,7,21
"159","2020-05-22",99,2,164,334,6372,0.50894538606403,0,0,573,655,23,5434,41,2303,3,41
"160","2020-05-23",97,2,154,316,6372,0.50894538606403,0,0,573,655,28,5462,45,2348,5,45
"161","2020-05-24",102,2,183,294,6372,0.50894538606403,0,0,573,655,23,5485,41,2389,2,41
"162","2020-05-25",96,2,195,281,6372,0.50894538606403,0,0,573,655,28,5513,29,2418,3,29
"163","2020-05-26",91,2,214,271,6372,0.50894538606403,0,0,573,655,19,5532,21,2439,2,21
"164","2020-05-27",92,2,206,243,6372,0.50894538606403,0,0,573,655,23,5555,52,2491,2,52
"165","2020-05-28",84,2,197,234,6372,0.50894538606403,0,0,573,655,36,5591,46,2537,4,46
"166","2020-05-29",82,2,195,228,6372,0.50894538606403,0,0,573,655,16,5607,42,2579,1,42
"167","2020-05-30",74,2,185,218,6372,0.50894538606403,0,0,573,655,23,5630,33,2612,2,33
"168","2020-05-31",64,2,208,207,6372,0.50894538606403,0,0,573,655,16,5646,28,2640,NA,28
"169","2020-06-01",60,2,215,200,6372,0.50894538606403,0,0,573,655,21,5667,20,2660,1,20
"170","2020-06-02",56,2,218,188,6372,0.50894538606403,0,0,573,655,18,5685,22,2682,2,22
"171","2020-06-03",53,2,201,180,6372,0.50894538606403,0,0,573,655,14,5699,19,2701,4,19
"172","2020-06-04",49,2,185,173,6372,0.50894538606403,0,0,573,655,20,5719,20,2721,4,20
"173","2020-06-05",48,2,191,164,6372,0.50894538606403,0,0,573,655,16,5735,31,2752,2,31
"174","2020-06-06",45,2,179,157,6372,0.50894538606403,0,0,573,655,7,5742,45,2797,2,45
"175","2020-06-07",43,2,197,154,6372,0.50894538606403,0,0,573,655,17,5759,44,2841,4,44
"176","2020-03-13",1,3,182,219,7691,0.272136263164738,0,0,720,2167,46,113,24,84,17,24
"177","2020-03-14",8,3,185,311,7691,0.272136263164738,0,0,720,2167,54,167,35,119,34,35
"178","2020-03-15",17,3,249,426,7691,0.272136263164738,0,0,720,2167,83,250,28,147,55,28
"179","2020-03-16",29,3,278,501,7691,0.272136263164738,0,0,720,2167,95,345,23,170,66,23
"180","2020-03-17",53,3,265,594,7691,0.272136263164738,0,0,720,2167,75,420,28,198,63,28
"181","2020-03-18",75,3,265,697,7691,0.272136263164738,0,0,720,2167,115,535,29,227,96,29
"182","2020-03-19",105,3,265,818,7691,0.272136263164738,0,0,720,2167,117,652,25,252,94,25
"183","2020-03-20",143,3,268,918,7691,0.272136263164738,0,0,720,2167,97,749,50,302,79,50
"184","2020-03-21",169,3,257,1014,7691,0.272136263164738,0,0,720,2167,157,906,56,358,141,56
"185","2020-03-22",206,3,280,1089,7691,0.272136263164738,0,0,720,2167,153,1059,38,396,129,38
"186","2020-03-23",237,3,306,1171,7691,0.272136263164738,0,0,720,2167,156,1215,30,426,131,30
"187","2020-03-24",279,3,307,1207,7691,0.272136263164738,0,0,720,2167,163,1378,50,476,137,50
"188","2020-03-25",299,3,303,1261,7691,0.272136263164738,0,0,720,2167,235,1613,58,534,217,58
"189","2020-03-26",317,3,299,1305,7691,0.272136263164738,0,0,720,2167,184,1797,35,569,164,35
"190","2020-03-27",322,3,287,1336,7691,0.272136263164738,0,0,720,2167,206,2003,36,605,178,36
"191","2020-03-28",347,3,264,1353,7691,0.272136263164738,0,0,720,2167,192,2195,20,625,175,20
"192","2020-03-29",348,3,270,1391,7691,0.272136263164738,0,0,720,2167,211,2406,46,671,183,46
"193","2020-03-30",365,3,255,1402,7691,0.272136263164738,0,0,720,2167,246,2652,70,741,233,70
"194","2020-03-31",348,3,256,1397,7691,0.272136263164738,0,0,720,2167,179,2831,33,774,158,33
"195","2020-04-01",363,3,262,1413,7691,0.272136263164738,0,0,720,2167,250,3081,28,802,231,28
"196","2020-04-02",383,3,279,1399,7691,0.272136263164738,0,0,720,2167,185,3266,53,855,169,53
"197","2020-04-03",397,3,293,1410,7691,0.272136263164738,0,0,720,2167,233,3499,49,904,213,49
"198","2020-04-04",391,3,308,1378,7691,0.272136263164738,0,0,720,2167,199,3698,35,939,186,35
"199","2020-04-05",402,3,299,1379,7691,0.272136263164738,0,0,720,2167,226,3924,29,968,202,29
"200","2020-04-06",401,3,311,1378,7691,0.272136263164738,0,0,720,2167,185,4109,38,1006,172,38
"201","2020-04-07",401,3,306,1368,7691,0.272136263164738,0,0,720,2167,193,4302,27,1033,181,27
"202","2020-04-08",387,3,306,1362,7691,0.272136263164738,0,0,720,2167,194,4496,58,1091,179,58
"203","2020-04-09",363,3,311,1375,7691,0.272136263164738,0,0,720,2167,169,4665,41,1132,161,41
"204","2020-04-10",362,3,323,1357,7691,0.272136263164738,0,0,720,2167,179,4844,36,1168,158,36
"205","2020-04-11",356,3,325,1337,7691,0.272136263164738,0,0,720,2167,142,4986,20,1188,132,20
"206","2020-04-12",350,3,306,1303,7691,0.272136263164738,0,0,720,2167,181,5167,34,1222,169,34
"207","2020-04-13",341,3,335,1269,7691,0.272136263164738,0,0,720,2167,116,5283,25,1247,107,25
"208","2020-04-14",352,3,351,1267,7691,0.272136263164738,0,0,720,2167,112,5395,23,1270,102,23
"209","2020-04-15",340,3,344,1263,7691,0.272136263164738,0,0,720,2167,87,5482,11,1281,74,11
"210","2020-04-16",347,3,326,1242,7691,0.272136263164738,0,0,720,2167,92,5574,15,1296,76,15
"211","2020-04-17",325,3,298,1209,7691,0.272136263164738,0,0,720,2167,63,5637,24,1320,56,24
"212","2020-04-18",319,3,311,1196,7691,0.272136263164738,0,0,720,2167,96,5733,39,1359,88,39
"213","2020-04-19",318,3,287,1194,7691,0.272136263164738,0,0,720,2167,64,5797,37,1396,61,37
"214","2020-04-20",324,3,283,1179,7691,0.272136263164738,0,0,720,2167,59,5856,25,1421,52,25
"215","2020-04-21",314,3,314,1148,7691,0.272136263164738,0,0,720,2167,48,5904,25,1446,37,25
"216","2020-04-22",326,3,352,1104,7691,0.272136263164738,0,0,720,2167,70,5974,25,1471,61,25
"217","2020-04-23",308,3,353,1096,7691,0.272136263164738,0,0,720,2167,71,6045,36,1507,56,36
"218","2020-04-24",300,3,372,1072,7691,0.272136263164738,0,0,720,2167,33,6078,29,1536,24,29
"219","2020-04-25",298,3,370,1053,7691,0.272136263164738,0,0,720,2167,42,6120,69,1605,35,69
"220","2020-04-26",293,3,376,1011,7691,0.272136263164738,0,0,720,2167,30,6150,28,1633,19,28
"221","2020-04-27",284,3,338,984,7691,0.272136263164738,0,0,720,2167,40,6190,31,1664,35,31
"222","2020-04-28",273,3,347,971,7691,0.272136263164738,0,0,720,2167,32,6222,26,1690,22,26
"223","2020-04-29",269,3,351,945,7691,0.272136263164738,0,0,720,2167,39,6261,33,1723,33,33
"224","2020-04-30",272,3,346,933,7691,0.272136263164738,0,0,720,2167,26,6287,49,1772,16,49
"225","2020-05-01",284,3,327,911,7691,0.272136263164738,0,0,720,2167,25,6312,38,1810,16,38
"226","2020-05-02",266,3,318,889,7691,0.272136263164738,0,0,720,2167,15,6327,31,1841,10,31
"227","2020-05-03",249,3,296,867,7691,0.272136263164738,0,0,720,2167,22,6349,31,1872,14,31
"228","2020-05-04",225,3,295,836,7691,0.272136263164738,0,0,720,2167,15,6364,39,1911,10,39
"229","2020-05-05",214,3,301,830,7691,0.272136263164738,0,0,720,2167,18,6382,39,1950,13,39
"230","2020-05-06",204,3,326,802,7691,0.272136263164738,0,0,720,2167,14,6396,21,1971,8,21
"231","2020-05-07",191,3,351,781,7691,0.272136263164738,0,0,720,2167,15,6411,37,2008,11,37
"232","2020-05-08",182,3,392,748,7691,0.272136263164738,0,0,720,2167,21,6432,22,2030,9,22
"233","2020-05-09",192,3,398,734,7691,0.272136263164738,0,0,720,2167,17,6449,28,2058,11,28
"234","2020-05-10",189,3,381,717,7691,0.272136263164738,0,0,720,2167,19,6468,27,2085,14,27
"235","2020-05-11",192,3,383,704,7691,0.272136263164738,0,0,720,2167,11,6479,22,2107,5,22
"236","2020-05-12",185,3,393,676,7691,0.272136263164738,0,0,720,2167,14,6493,35,2142,11,35
"237","2020-05-13",184,3,406,649,7691,0.272136263164738,0,0,720,2167,10,6503,26,2168,8,26
"238","2020-05-14",185,3,376,625,7691,0.272136263164738,0,0,720,2167,7,6510,36,2204,6,36
"239","2020-05-15",176,3,364,624,7691,0.272136263164738,0,0,720,2167,12,6522,50,2254,9,50
"240","2020-05-16",170,3,363,577,7691,0.272136263164738,0,0,720,2167,11,6533,40,2294,8,40
"241","2020-05-17",165,3,369,561,7691,0.272136263164738,0,0,720,2167,20,6553,47,2341,13,47
"242","2020-05-18",159,3,370,539,7691,0.272136263164738,0,0,720,2167,12,6565,42,2383,7,42
"243","2020-05-19",153,3,399,512,7691,0.272136263164738,0,0,720,2167,14,6579,32,2415,9,32
"244","2020-05-20",147,3,391,494,7691,0.272136263164738,0,0,720,2167,17,6596,31,2446,8,31
"245","2020-05-21",141,3,375,482,7691,0.272136263164738,0,0,720,2167,16,6612,30,2476,12,30
"246","2020-05-22",138,3,361,460,7691,0.272136263164738,0,0,720,2167,11,6623,25,2501,7,25
"247","2020-05-23",136,3,355,432,7691,0.272136263164738,0,0,720,2167,7,6630,26,2527,4,26
"248","2020-05-24",126,3,361,413,7691,0.272136263164738,0,0,720,2167,16,6646,32,2559,10,32
"249","2020-05-25",125,3,344,397,7691,0.272136263164738,0,0,720,2167,13,6659,26,2585,7,26
"250","2020-05-26",121,3,356,378,7691,0.272136263164738,0,0,720,2167,9,6668,41,2626,5,41
"251","2020-05-27",114,3,367,355,7691,0.272136263164738,0,0,720,2167,9,6677,30,2656,7,30
"252","2020-05-28",110,3,358,337,7691,0.272136263164738,0,0,720,2167,8,6685,56,2712,6,56
"253","2020-05-29",105,3,359,319,7691,0.272136263164738,0,0,720,2167,9,6694,58,2770,5,58
"254","2020-05-30",94,3,370,312,7691,0.272136263164738,0,0,720,2167,14,6708,28,2798,11,28
"255","2020-05-31",98,3,372,296,7691,0.272136263164738,0,0,720,2167,9,6717,36,2834,4,36
"256","2020-06-01",91,3,348,280,7691,0.272136263164738,0,0,720,2167,5,6722,27,2861,4,27
"257","2020-06-02",87,3,347,263,7691,0.272136263164738,0,0,720,2167,11,6733,26,2887,8,26
"258","2020-06-03",78,3,339,250,7691,0.272136263164738,0,0,720,2167,11,6744,35,2922,9,35
"259","2020-06-04",71,3,335,242,7691,0.272136263164738,0,0,720,2167,3,6747,28,2950,1,28
"260","2020-06-05",69,3,340,221,7691,0.272136263164738,0,0,720,2167,8,6755,34,2984,6,34
"261","2020-06-06",72,3,376,214,7691,0.272136263164738,0,0,720,2167,8,6763,33,3017,4,33
"262","2020-06-07",63,3,415,207,7691,0.272136263164738,0,0,720,2167,4,6767,41,3058,3,41
"263","2020-03-13",1,4,143,119,6106,0.569439895185064,0,0,556,965,123,304,59,132,33,59
"264","2020-03-14",1,4,154,181,6106,0.569439895185064,0,0,556,965,172,476,49,181,98,49
"265","2020-03-15",8,4,139,229,6106,0.569439895185064,0,0,556,965,202,678,78,259,132,78
"266","2020-03-16",22,4,130,291,6106,0.569439895185064,0,0,556,965,288,966,26,285,227,26
"267","2020-03-17",36,4,110,357,6106,0.569439895185064,0,0,556,965,367,1333,26,311,294,26
"268","2020-03-18",43,4,132,430,6106,0.569439895185064,0,0,556,965,390,1723,37,348,325,37
"269","2020-03-19",64,4,166,494,6106,0.569439895185064,0,0,556,965,631,2354,31,379,550,31
"270","2020-03-20",85,4,204,575,6106,0.569439895185064,0,0,556,965,570,2924,51,430,504,51
"271","2020-03-21",101,4,274,638,6106,0.569439895185064,0,0,556,965,637,3561,26,456,587,26
"272","2020-03-22",110,4,311,699,6106,0.569439895185064,0,0,556,965,696,4257,24,480,635,24
"273","2020-03-23",109,4,318,752,6106,0.569439895185064,0,0,556,965,577,4834,19,499,532,19
"274","2020-03-24",126,4,311,802,6106,0.569439895185064,0,0,556,965,524,5358,24,523,505,24
"275","2020-03-25",151,4,304,865,6106,0.569439895185064,0,0,556,965,542,5900,45,568,510,45
"276","2020-03-26",169,4,269,906,6106,0.569439895185064,0,0,556,965,388,6288,67,635,364,67
"277","2020-03-27",192,4,249,948,6106,0.569439895185064,0,0,556,965,400,6688,28,663,374,28
"278","2020-03-28",210,4,225,981,6106,0.569439895185064,0,0,556,965,283,6971,21,684,275,21
"279","2020-03-29",227,4,254,1015,6106,0.569439895185064,0,0,556,965,199,7170,24,708,184,24
"280","2020-03-30",252,4,275,1072,6106,0.569439895185064,0,0,556,965,154,7324,56,764,145,56
"281","2020-03-31",257,4,275,1106,6106,0.569439895185064,0,0,556,965,128,7452,39,803,120,39
"282","2020-04-01",269,4,244,1112,6106,0.569439895185064,0,0,556,965,99,7551,37,840,94,37
"283","2020-04-02",277,4,212,1147,6106,0.569439895185064,0,0,556,965,60,7611,24,864,51,24
"284","2020-04-03",284,4,188,1154,6106,0.569439895185064,0,0,556,965,55,7666,28,892,50,28
"285","2020-04-04",286,4,169,1133,6106,0.569439895185064,0,0,556,965,29,7695,39,931,29,39
"286","2020-04-05",302,4,159,1160,6106,0.569439895185064,0,0,556,965,25,7720,28,959,23,28
"287","2020-04-06",303,4,207,1190,6106,0.569439895185064,0,0,556,965,30,7750,20,979,26,20
"288","2020-04-07",317,4,225,1188,6106,0.569439895185064,0,0,556,965,17,7767,24,1003,14,24
"289","2020-04-08",332,4,235,1199,6106,0.569439895185064,0,0,556,965,20,7787,17,1020,13,17
"290","2020-04-09",330,4,210,1230,6106,0.569439895185064,0,0,556,965,7,7794,11,1031,3,11
"291","2020-04-10",331,4,199,1238,6106,0.569439895185064,0,0,556,965,8,7802,44,1075,6,44
"292","2020-04-11",341,4,190,1269,6106,0.569439895185064,0,0,556,965,13,7815,27,1102,9,27
"293","2020-04-12",334,4,184,1271,6106,0.569439895185064,0,0,556,965,6,7821,14,1116,4,14
"294","2020-04-13",343,4,214,1266,6106,0.569439895185064,0,0,556,965,3,7824,9,1125,2,9
"295","2020-04-14",344,4,216,1247,6106,0.569439895185064,0,0,556,965,6,7830,50,1175,4,50
"296","2020-04-15",344,4,189,1256,6106,0.569439895185064,0,0,556,965,6,7836,50,1225,2,50
"297","2020-04-16",358,4,185,1216,6106,0.569439895185064,0,0,556,965,4,7840,32,1257,2,32
"298","2020-04-17",357,4,232,1188,6106,0.569439895185064,0,0,556,965,5,7845,30,1287,1,30
"299","2020-04-18",363,4,226,1171,6106,0.569439895185064,0,0,556,965,4,7849,15,1302,3,15
"300","2020-04-19",371,4,217,1142,6106,0.569439895185064,0,0,556,965,8,7857,16,1318,1,16
"301","2020-04-20",361,4,213,1112,6106,0.569439895185064,0,0,556,965,6,7863,21,1339,2,21
"302","2020-04-21",348,4,265,1067,6106,0.569439895185064,0,0,556,965,7,7870,24,1363,2,24
"303","2020-04-22",333,4,300,1032,6106,0.569439895185064,0,0,556,965,2,7872,14,1377,NA,14
"304","2020-04-23",314,4,300,998,6106,0.569439895185064,0,0,556,965,4,7876,49,1426,1,49
"305","2020-04-24",307,4,275,936,6106,0.569439895185064,0,0,556,965,3,7879,25,1451,1,25
"306","2020-04-25",281,4,239,893,6106,0.569439895185064,0,0,556,965,5,7884,40,1491,3,40
"307","2020-04-26",258,4,241,847,6106,0.569439895185064,0,0,556,965,2,7886,24,1515,1,24
"308","2020-04-27",259,4,232,826,6106,0.569439895185064,0,0,556,965,4,7890,11,1526,3,11
"309","2020-04-28",263,4,200,814,6106,0.569439895185064,0,0,556,965,3,7893,27,1553,1,27
"310","2020-04-29",258,4,200,793,6106,0.569439895185064,0,0,556,965,2,7895,23,1576,2,23
"311","2020-04-30",242,4,188,764,6106,0.569439895185064,0,0,556,965,1,7896,17,1593,NA,17
"312","2020-05-01",218,4,213,752,6106,0.569439895185064,0,0,556,965,4,7900,21,1614,1,21
"313","2020-05-02",207,4,261,749,6106,0.569439895185064,0,0,556,965,1,7901,20,1634,NA,20
"314","2020-05-03",211,4,255,722,6106,0.569439895185064,0,0,556,965,2,7903,23,1657,NA,23
"315","2020-05-04",211,4,249,720,6106,0.569439895185064,0,0,556,965,1,7904,17,1674,1,17
"316","2020-05-05",197,4,216,683,6106,0.569439895185064,0,0,556,965,1,7905,14,1688,1,14
"317","2020-05-06",189,4,200,663,6106,0.569439895185064,0,0,556,965,1,7906,25,1713,NA,25
"318","2020-05-07",186,4,202,653,6106,0.569439895185064,0,0,556,965,2,7908,81,1794,NA,81
"319","2020-05-08",183,4,212,608,6106,0.569439895185064,0,0,556,965,5,7913,58,1852,1,58
"320","2020-05-09",200,4,199,599,6106,0.569439895185064,0,0,556,965,2,7915,23,1875,1,23
"321","2020-05-10",191,4,194,581,6106,0.569439895185064,0,0,556,965,2,7917,22,1897,1,22
"322","2020-05-11",170,4,202,565,6106,0.569439895185064,0,0,556,965,1,7918,17,1914,NA,17
"323","2020-05-12",172,4,212,545,6106,0.569439895185064,0,0,556,965,2,7920,8,1922,1,8
"324","2020-05-13",164,4,216,529,6106,0.569439895185064,0,0,556,965,2,7922,49,1971,1,49
"325","2020-05-14",165,4,216,511,6106,0.569439895185064,0,0,556,965,3,7925,19,1990,NA,19
"326","2020-05-15",162,4,198,497,6106,0.569439895185064,0,0,556,965,1,7926,23,2013,NA,23
"327","2020-05-16",148,4,180,481,6106,0.569439895185064,0,0,556,965,2,7928,18,2031,NA,18
"328","2020-05-17",142,4,215,454,6106,0.569439895185064,0,0,556,965,1,7929,2,2033,NA,2
"329","2020-05-18",149,4,255,432,6106,0.569439895185064,0,0,556,965,NA,NA,10,2043,NA,10
"330","2020-05-19",133,4,255,407,6106,0.569439895185064,0,0,556,965,1,7930,10,2053,NA,10
"331","2020-05-20",135,4,228,384,6106,0.569439895185064,0,0,556,965,NA,NA,56,2109,NA,56
"332","2020-05-21",131,4,248,361,6106,0.569439895185064,0,0,556,965,2,7932,48,2157,NA,48
"333","2020-05-22",133,4,229,354,6106,0.569439895185064,0,0,556,965,1,7933,60,2217,NA,60
"334","2020-05-23",132,4,221,338,6106,0.569439895185064,0,0,556,965,2,7935,36,2253,NA,36
"335","2020-05-24",132,4,242,323,6106,0.569439895185064,0,0,556,965,2,7937,26,2279,NA,26
"336","2020-05-25",115,4,278,307,6106,0.569439895185064,0,0,556,965,NA,NA,30,2309,NA,30
"337","2020-05-26",116,4,277,289,6106,0.569439895185064,0,0,556,965,NA,NA,45,2354,NA,45
"338","2020-05-27",104,4,267,285,6106,0.569439895185064,0,0,556,965,1,7938,34,2388,NA,34
"339","2020-05-28",97,4,243,270,6106,0.569439895185064,0,0,556,965,2,7940,30,2418,NA,30
"340","2020-05-29",85,4,214,261,6106,0.569439895185064,0,0,556,965,1,7941,26,2444,NA,26
"341","2020-05-30",77,4,196,256,6106,0.569439895185064,0,0,556,965,NA,NA,22,2466,NA,22
"342","2020-05-31",68,4,220,235,6106,0.569439895185064,0,0,556,965,1,7942,12,2478,NA,12
"343","2020-06-01",71,4,223,233,6106,0.569439895185064,0,0,556,965,1,7943,28,2506,1,28
"344","2020-06-02",62,4,225,228,6106,0.569439895185064,0,0,556,965,NA,NA,42,2548,NA,42
"345","2020-06-03",64,4,256,223,6106,0.569439895185064,0,0,556,965,NA,NA,47,2595,NA,47
"346","2020-06-04",62,4,247,215,6106,0.569439895185064,0,0,556,965,NA,NA,29,2624,NA,29
"347","2020-06-05",62,4,222,220,6106,0.569439895185064,0,0,556,965,NA,NA,13,2637,NA,13
"348","2020-06-06",58,4,210,217,6106,0.569439895185064,0,0,556,965,2,7945,46,2683,2,46
"349","2020-06-07",56,4,204,211,6106,0.569439895185064,0,0,556,965,NA,NA,42,2725,NA,42
"350","2020-03-12",1,5,67,105,5711,0.272806863946769,0,0,467,869,25,51,56,81,1,56
"351","2020-03-13",5,5,81,154,5711,0.272806863946769,0,0,467,869,25,76,49,130,5,49
"352","2020-03-14",12,5,97,213,5711,0.272806863946769,0,0,467,869,28,104,29,159,13,29
"353","2020-03-15",20,5,111,270,5711,0.272806863946769,0,0,467,869,42,146,44,203,15,44
"354","2020-03-16",23,5,107,340,5711,0.272806863946769,0,0,467,869,32,178,31,234,17,31
"355","2020-03-17",35,5,111,393,5711,0.272806863946769,0,0,467,869,43,221,22,256,19,22
"356","2020-03-18",51,5,108,456,5711,0.272806863946769,0,0,467,869,37,258,28,284,13,28
"357","2020-03-19",65,5,94,506,5711,0.272806863946769,0,0,467,869,42,300,12,296,16,12
"358","2020-03-20",84,5,127,556,5711,0.272806863946769,0,0,467,869,45,345,22,318,22,22
"359","2020-03-21",104,5,147,620,5711,0.272806863946769,0,0,467,869,42,387,25,343,15,25
"360","2020-03-22",114,5,151,671,5711,0.272806863946769,0,0,467,869,52,439,48,391,27,48
"361","2020-03-23",134,5,127,714,5711,0.272806863946769,0,0,467,869,53,492,41,432,23,41
"362","2020-03-24",154,5,135,751,5711,0.272806863946769,0,0,467,869,48,540,41,473,19,41
"363","2020-03-25",167,5,126,819,5711,0.272806863946769,0,0,467,869,52,592,34,507,27,34
"364","2020-03-26",180,5,138,864,5711,0.272806863946769,0,0,467,869,42,634,58,565,26,58
"365","2020-03-27",193,5,166,908,5711,0.272806863946769,0,0,467,869,52,686,38,603,27,38
"366","2020-03-28",210,5,156,912,5711,0.272806863946769,0,0,467,869,36,722,38,641,16,38
"367","2020-03-29",229,5,139,916,5711,0.272806863946769,0,0,467,869,46,768,39,680,16,39
"368","2020-03-30",254,5,136,929,5711,0.272806863946769,0,0,467,869,46,814,17,697,29,17
"369","2020-03-31",262,5,146,944,5711,0.272806863946769,0,0,467,869,61,875,25,722,33,25
"370","2020-04-01",256,5,152,950,5711,0.272806863946769,0,0,467,869,54,929,27,749,22,27
"371","2020-04-02",262,5,158,953,5711,0.272806863946769,0,0,467,869,64,993,31,780,40,31
"372","2020-04-03",268,5,155,978,5711,0.272806863946769,0,0,467,869,56,1049,28,808,25,28
"373","2020-04-04",256,5,157,984,5711,0.272806863946769,0,0,467,869,61,1110,25,833,31,25
"374","2020-04-05",244,5,198,988,5711,0.272806863946769,0,0,467,869,53,1163,47,880,25,47
"375","2020-04-06",238,5,213,983,5711,0.272806863946769,0,0,467,869,69,1232,31,911,34,31
"376","2020-04-07",250,5,218,977,5711,0.272806863946769,0,0,467,869,54,1286,33,944,24,33
"377","2020-04-08",263,5,223,969,5711,0.272806863946769,0,0,467,869,49,1335,22,966,24,22
"378","2020-04-09",265,5,231,987,5711,0.272806863946769,0,0,467,869,63,1398,16,982,37,16
"379","2020-04-10",267,5,233,979,5711,0.272806863946769,0,0,467,869,54,1452,22,1004,25,22
"380","2020-04-11",287,5,203,962,5711,0.272806863946769,0,0,467,869,70,1522,23,1027,31,23
"381","2020-04-12",303,5,183,931,5711,0.272806863946769,0,0,467,869,53,1575,38,1065,25,38
"382","2020-04-13",295,5,184,923,5711,0.272806863946769,0,0,467,869,57,1632,45,1110,28,45
"383","2020-04-14",286,5,167,914,5711,0.272806863946769,0,0,467,869,58,1690,33,1143,32,33
"384","2020-04-15",286,5,177,932,5711,0.272806863946769,0,0,467,869,56,1746,27,1170,18,27
"385","2020-04-16",293,5,214,931,5711,0.272806863946769,0,0,467,869,66,1812,32,1202,37,32
"386","2020-04-17",295,5,210,921,5711,0.272806863946769,0,0,467,869,54,1866,38,1240,20,38
"387","2020-04-18",284,5,195,909,5711,0.272806863946769,0,0,467,869,71,1937,33,1273,28,33
"388","2020-04-19",277,5,206,886,5711,0.272806863946769,0,0,467,869,53,1990,49,1322,26,49
"389","2020-04-20",270,5,233,870,5711,0.272806863946769,0,0,467,869,65,2055,29,1351,36,29
"390","2020-04-21",270,5,259,844,5711,0.272806863946769,0,0,467,869,61,2116,18,1369,30,18
"391","2020-04-22",265,5,274,818,5711,0.272806863946769,0,0,467,869,50,2166,25,1394,20,25
"392","2020-04-23",244,5,283,799,5711,0.272806863946769,0,0,467,869,74,2240,18,1412,39,18
"393","2020-04-24",220,5,273,795,5711,0.272806863946769,0,0,467,869,58,2298,19,1431,30,19
"394","2020-04-25",209,5,252,795,5711,0.272806863946769,0,0,467,869,49,2347,26,1457,22,26
"395","2020-04-26",213,5,255,776,5711,0.272806863946769,0,0,467,869,60,2407,19,1476,30,19
"396","2020-04-27",214,5,245,776,5711,0.272806863946769,0,0,467,869,67,2474,22,1498,41,22
"397","2020-04-28",195,5,230,784,5711,0.272806863946769,0,0,467,869,53,2527,14,1512,20,14
"398","2020-04-29",200,5,200,778,5711,0.272806863946769,0,0,467,869,62,2589,31,1543,30,31
"399","2020-04-30",215,5,198,783,5711,0.272806863946769,0,0,467,869,65,2654,56,1599,27,56
"400","2020-05-01",229,5,239,789,5711,0.272806863946769,0,0,467,869,53,2707,37,1636,23,37
"401","2020-05-02",226,5,276,775,5711,0.272806863946769,0,0,467,869,44,2751,26,1662,22,26
"402","2020-05-03",229,5,290,763,5711,0.272806863946769,0,0,467,869,53,2804,31,1693,29,31
"403","2020-05-04",234,5,311,747,5711,0.272806863946769,0,0,467,869,40,2844,25,1718,19,25
"404","2020-05-05",238,5,292,731,5711,0.272806863946769,0,0,467,869,43,2887,28,1746,22,28
"405","2020-05-06",238,5,262,709,5711,0.272806863946769,0,0,467,869,46,2933,22,1768,17,22
"406","2020-05-07",229,5,234,701,5711,0.272806863946769,0,0,467,869,38,2971,22,1790,13,22
"407","2020-05-08",208,5,207,682,5711,0.272806863946769,0,0,467,869,42,3013,25,1815,12,25
"408","2020-05-09",207,5,175,667,5711,0.272806863946769,0,0,467,869,37,3050,23,1838,14,23
"409","2020-05-10",196,5,172,661,5711,0.272806863946769,0,0,467,869,43,3093,23,1861,14,23
"410","2020-05-11",195,5,162,649,5711,0.272806863946769,0,0,467,869,38,3131,44,1905,18,44
"411","2020-05-12",190,5,148,648,5711,0.272806863946769,0,0,467,869,26,3157,43,1948,12,43
"412","2020-05-13",184,5,185,639,5711,0.272806863946769,0,0,467,869,42,3199,25,1973,16,25
"413","2020-05-14",175,5,235,625,5711,0.272806863946769,0,0,467,869,41,3240,46,2019,19,46
"414","2020-05-15",184,5,241,597,5711,0.272806863946769,0,0,467,869,29,3269,35,2054,8,35
"415","2020-05-16",197,5,238,564,5711,0.272806863946769,0,0,467,869,38,3307,27,2081,13,27
"416","2020-05-17",191,5,242,555,5711,0.272806863946769,0,0,467,869,25,3332,38,2119,13,38
"417","2020-05-18",181,5,241,520,5711,0.272806863946769,0,0,467,869,33,3365,50,2169,13,50
"418","2020-05-19",180,5,243,498,5711,0.272806863946769,0,0,467,869,32,3397,35,2204,15,35
"419","2020-05-20",167,5,251,483,5711,0.272806863946769,0,0,467,869,37,3434,31,2235,15,31
"420","2020-05-21",163,5,241,455,5711,0.272806863946769,0,0,467,869,36,3470,25,2260,13,25
"421","2020-05-22",158,5,200,434,5711,0.272806863946769,0,0,467,869,22,3492,22,2282,14,22
"422","2020-05-23",138,5,199,414,5711,0.272806863946769,0,0,467,869,25,3517,27,2309,15,27
"423","2020-05-24",130,5,208,384,5711,0.272806863946769,0,0,467,869,31,3548,26,2335,15,26
"424","2020-05-25",126,5,215,367,5711,0.272806863946769,0,0,467,869,18,3566,22,2357,7,22
"425","2020-05-26",111,5,207,340,5711,0.272806863946769,0,0,467,869,34,3600,38,2395,15,38
"426","2020-05-27",106,5,192,324,5711,0.272806863946769,0,0,467,869,16,3616,37,2432,11,37
"427","2020-05-28",101,5,197,294,5711,0.272806863946769,0,0,467,869,40,3656,53,2485,15,53
"428","2020-05-29",97,5,199,286,5711,0.272806863946769,0,0,467,869,18,3674,36,2521,9,36
"429","2020-05-30",86,5,192,271,5711,0.272806863946769,0,0,467,869,22,3696,23,2544,8,23
"430","2020-05-31",80,5,206,254,5711,0.272806863946769,0,0,467,869,20,3716,44,2588,12,44
"431","2020-06-01",76,5,196,251,5711,0.272806863946769,0,0,467,869,18,3734,40,2628,6,40
"432","2020-06-02",78,5,184,243,5711,0.272806863946769,0,0,467,869,16,3750,29,2657,11,29
"433","2020-06-03",75,5,195,239,5711,0.272806863946769,0,0,467,869,13,3763,25,2682,2,25
"434","2020-06-04",77,5,196,235,5711,0.272806863946769,0,0,467,869,22,3785,27,2709,9,27
"435","2020-06-05",71,5,186,233,5711,0.272806863946769,0,0,467,869,15,3800,25,2734,7,25
"436","2020-06-06",76,5,168,228,5711,0.272806863946769,0,0,467,869,12,3812,38,2772,5,38
"437","2020-06-07",73,5,156,226,5711,0.272806863946769,0,0,467,869,10,3822,34,2806,7,34
"438","2020-03-12",1,6,162,130,8703,0.856371366195565,0,0,734,1534,50,86,22,43,4,22
"439","2020-03-13",4,6,191,208,8703,0.856371366195565,0,0,734,1534,55,141,37,80,5,37
"440","2020-03-14",7,6,221,324,8703,0.856371366195565,0,0,734,1534,57,198,35,115,6,35
"441","2020-03-15",10,6,231,458,8703,0.856371366195565,0,0,734,1534,57,255,19,134,11,19
"442","2020-03-16",26,6,273,627,8703,0.856371366195565,0,0,734,1534,63,318,7,141,17,7
"443","2020-03-17",48,6,302,887,8703,0.856371366195565,0,0,734,1534,72,390,11,152,26,11
"444","2020-03-18",78,6,281,1148,8703,0.856371366195565,0,0,734,1534,71,461,10,162,17,10
"445","2020-03-19",116,6,243,1507,8703,0.856371366195565,0,0,734,1534,69,530,10,172,19,10
"446","2020-03-20",156,6,207,1928,8703,0.856371366195565,0,0,734,1534,53,583,61,233,15,61
"447","2020-03-21",221,6,193,2413,8703,0.856371366195565,0,0,734,1534,59,642,26,259,15,26
"448","2020-03-22",296,6,210,2856,8703,0.856371366195565,0,0,734,1534,74,716,24,283,25,24
"449","2020-03-23",373,6,250,3296,8703,0.856371366195565,0,0,734,1534,71,787,12,295,21,12
"450","2020-03-24",466,6,232,3832,8703,0.856371366195565,0,0,734,1534,74,861,12,307,16,12
"451","2020-03-25",588,6,207,4323,8703,0.856371366195565,0,0,734,1534,68,929,38,345,20,38
"452","2020-03-26",732,6,197,4571,8703,0.856371366195565,0,0,734,1534,74,1003,23,368,24,23
"453","2020-03-27",865,6,220,4852,8703,0.856371366195565,0,0,734,1534,86,1089,11,379,28,11
"454","2020-03-28",992,6,246,4974,8703,0.856371366195565,0,0,734,1534,80,1169,26,405,27,26
"455","2020-03-29",1098,6,241,4996,8703,0.856371366195565,0,0,734,1534,80,1249,71,476,25,71
"456","2020-03-30",1228,6,229,4916,8703,0.856371366195565,0,0,734,1534,68,1317,44,520,19,44
"457","2020-03-31",1308,6,224,4826,8703,0.856371366195565,0,0,734,1534,58,1375,27,547,9,27
"458","2020-04-01",1365,6,218,4554,8703,0.856371366195565,0,0,734,1534,72,1447,49,596,19,49
"459","2020-04-02",1369,6,243,4224,8703,0.856371366195565,0,0,734,1534,73,1520,38,634,19,38
"460","2020-04-03",1377,6,284,3828,8703,0.856371366195565,0,0,734,1534,60,1580,24,658,7,24
"461","2020-04-04",1358,6,292,3442,8703,0.856371366195565,0,0,734,1534,70,1650,23,681,11,23
"462","2020-04-05",1315,6,303,3047,8703,0.856371366195565,0,0,734,1534,67,1717,29,710,18,29
"463","2020-04-06",1224,6,316,2651,8703,0.856371366195565,0,0,734,1534,71,1788,14,724,15,14
"464","2020-04-07",1143,6,298,2283,8703,0.856371366195565,0,0,734,1534,74,1862,18,742,16,18
"465","2020-04-08",1015,6,274,1930,8703,0.856371366195565,0,0,734,1534,60,1922,10,752,13,10
"466","2020-04-09",897,6,266,1616,8703,0.856371366195565,0,0,734,1534,71,1993,33,785,21,33
"467","2020-04-10",767,6,241,1324,8703,0.856371366195565,0,0,734,1534,77,2070,21,806,23,21
"468","2020-04-11",622,6,224,1083,8703,0.856371366195565,0,0,734,1534,75,2145,20,826,14,20
"469","2020-04-12",522,6,192,870,8703,0.856371366195565,0,0,734,1534,86,2231,35,861,20,35
"470","2020-04-13",419,6,177,701,8703,0.856371366195565,0,0,734,1534,73,2304,24,885,24,24
"471","2020-04-14",326,6,180,561,8703,0.856371366195565,0,0,734,1534,77,2381,21,906,20,21
"472","2020-04-15",271,6,186,442,8703,0.856371366195565,0,0,734,1534,73,2454,15,921,19,15
"473","2020-04-16",215,6,185,372,8703,0.856371366195565,0,0,734,1534,83,2537,9,930,17,9
"474","2020-04-17",170,6,221,305,8703,0.856371366195565,0,0,734,1534,75,2612,16,946,17,16
"475","2020-04-18",151,6,245,249,8703,0.856371366195565,0,0,734,1534,78,2690,47,993,22,47
"476","2020-04-19",122,6,243,203,8703,0.856371366195565,0,0,734,1534,72,2762,64,1057,19,64
"477","2020-04-20",99,6,289,169,8703,0.856371366195565,0,0,734,1534,71,2833,31,1088,17,31
"478","2020-04-21",83,6,278,140,8703,0.856371366195565,0,0,734,1534,60,2893,19,1107,10,19
"479","2020-04-22",62,6,236,116,8703,0.856371366195565,0,0,734,1534,63,2956,19,1126,11,19
"480","2020-04-23",52,6,251,100,8703,0.856371366195565,0,0,734,1534,61,3017,15,1141,11,15
"481","2020-04-24",44,6,249,85,8703,0.856371366195565,0,0,734,1534,65,3082,19,1160,15,19
"482","2020-04-25",32,6,243,76,8703,0.856371366195565,0,0,734,1534,44,3126,20,1180,12,20
"483","2020-04-26",20,6,234,67,8703,0.856371366195565,0,0,734,1534,65,3191,33,1213,15,33
"484","2020-04-27",18,6,254,58,8703,0.856371366195565,0,0,734,1534,66,3257,54,1267,10,54
"485","2020-04-28",15,6,291,45,8703,0.856371366195565,0,0,734,1534,64,3321,40,1307,11,40
"486","2020-04-29",12,6,277,43,8703,0.856371366195565,0,0,734,1534,69,3390,18,1325,14,18
"487","2020-04-30",13,6,228,41,8703,0.856371366195565,0,0,734,1534,55,3445,10,1335,11,10
"488","2020-05-01",15,6,199,36,8703,0.856371366195565,0,0,734,1534,60,3505,17,1352,10,17
"489","2020-05-02",15,6,197,31,8703,0.856371366195565,0,0,734,1534,47,3552,18,1370,6,18
"490","2020-05-03",15,6,202,32,8703,0.856371366195565,0,0,734,1534,38,3590,9,1379,5,9
"491","2020-05-04",12,6,191,30,8703,0.856371366195565,0,0,734,1534,62,3652,72,1451,10,72
"492","2020-05-05",11,6,205,31,8703,0.856371366195565,0,0,734,1534,55,3707,44,1495,7,44
"493","2020-05-06",10,6,218,31,8703,0.856371366195565,0,0,734,1534,67,3774,33,1528,4,33
"494","2020-05-07",9,6,218,29,8703,0.856371366195565,0,0,734,1534,54,3828,30,1558,3,30
"495","2020-05-08",7,6,215,28,8703,0.856371366195565,0,0,734,1534,43,3871,17,1575,9,17
"496","2020-05-09",7,6,213,23,8703,0.856371366195565,0,0,734,1534,43,3914,12,1587,7,12
"497","2020-05-10",7,6,219,25,8703,0.856371366195565,0,0,734,1534,49,3963,15,1602,6,15
"498","2020-05-11",6,6,237,26,8703,0.856371366195565,0,0,734,1534,56,4019,7,1609,19,7
"499","2020-05-12",5,6,212,27,8703,0.856371366195565,0,0,734,1534,47,4066,7,1616,10,7
"500","2020-05-13",5,6,195,28,8703,0.856371366195565,0,0,734,1534,37,4103,17,1633,8,17
"501","2020-05-14",3,6,209,26,8703,0.856371366195565,0,0,734,1534,55,4158,33,1666,9,33
"502","2020-05-15",3,6,240,24,8703,0.856371366195565,0,0,734,1534,49,4207,48,1714,4,48
"503","2020-05-16",4,6,236,23,8703,0.856371366195565,0,0,734,1534,31,4238,21,1735,6,21
"504","2020-05-17",5,6,280,22,8703,0.856371366195565,0,0,734,1534,35,4273,16,1751,6,16
"505","2020-05-18",5,6,291,25,8703,0.856371366195565,0,0,734,1534,45,4318,21,1772,9,21
"506","2020-05-19",7,6,302,26,8703,0.856371366195565,0,0,734,1534,24,4342,27,1799,5,27
"507","2020-05-20",7,6,295,24,8703,0.856371366195565,0,0,734,1534,33,4375,15,1814,10,15
"508","2020-05-21",7,6,262,23,8703,0.856371366195565,0,0,734,1534,35,4410,64,1878,6,64
"509","2020-05-22",8,6,248,21,8703,0.856371366195565,0,0,734,1534,24,4434,56,1934,6,56
"510","2020-05-23",7,6,240,21,8703,0.856371366195565,0,0,734,1534,29,4463,42,1976,5,42
"511","2020-05-24",7,6,231,21,8703,0.856371366195565,0,0,734,1534,26,4489,16,1992,7,16
"512","2020-05-25",9,6,206,18,8703,0.856371366195565,0,0,734,1534,31,4520,42,2034,8,42
"513","2020-05-26",7,6,246,21,8703,0.856371366195565,0,0,734,1534,31,4551,21,2055,4,21
"514","2020-05-27",6,6,248,18,8703,0.856371366195565,0,0,734,1534,30,4581,22,2077,9,22
"515","2020-05-28",5,6,222,15,8703,0.856371366195565,0,0,734,1534,24,4605,15,2092,4,15
"516","2020-05-29",3,6,190,17,8703,0.856371366195565,0,0,734,1534,28,4633,16,2108,7,16
"517","2020-05-30",4,6,188,14,8703,0.856371366195565,0,0,734,1534,22,4655,8,2116,9,8
"518","2020-05-31",4,6,216,15,8703,0.856371366195565,0,0,734,1534,18,4673,10,2126,3,10
"519","2020-06-01",3,6,222,14,8703,0.856371366195565,0,0,734,1534,39,4712,5,2131,10,5
"520","2020-06-02",3,6,253,15,8703,0.856371366195565,0,0,734,1534,19,4731,6,2137,6,6
"521","2020-06-03",3,6,235,12,8703,0.856371366195565,0,0,734,1534,20,4751,33,2170,5,33
"522","2020-06-04",3,6,240,12,8703,0.856371366195565,0,0,734,1534,16,4767,26,2196,5,26
"523","2020-06-05",3,6,231,11,8703,0.856371366195565,0,0,734,1534,21,4788,12,2208,5,12
"524","2020-06-06",3,6,236,10,8703,0.856371366195565,0,0,734,1534,19,4807,11,2219,8,11
"525","2020-06-07",3,6,261,11,8703,0.856371366195565,0,0,734,1534,19,4826,17,2236,2,17
"526","2020-03-13",4,7,59,268,7580,0.186675461741425,0,0,640,771,37,89,30,123,8,30
"527","2020-03-14",13,7,70,358,7580,0.186675461741425,0,0,640,771,31,120,17,140,9,17
"528","2020-03-15",29,7,87,459,7580,0.186675461741425,0,0,640,771,36,156,15,155,14,15
"529","2020-03-16",46,7,123,555,7580,0.186675461741425,0,0,640,771,29,185,13,168,14,13
"530","2020-03-17",71,7,131,654,7580,0.186675461741425,0,0,640,771,48,233,57,225,24,57
"531","2020-03-18",86,7,142,744,7580,0.186675461741425,0,0,640,771,42,275,31,256,16,31
"532","2020-03-19",112,7,140,833,7580,0.186675461741425,0,0,640,771,54,329,23,279,32,23
"533","2020-03-20",149,7,138,914,7580,0.186675461741425,0,0,640,771,51,380,59,338,31,59
"534","2020-03-21",174,7,150,984,7580,0.186675461741425,0,0,640,771,55,435,65,403,28,65
"535","2020-03-22",199,7,156,1034,7580,0.186675461741425,0,0,640,771,54,489,34,437,26,34
"536","2020-03-23",227,7,135,1100,7580,0.186675461741425,0,0,640,771,59,548,8,445,28,8
"537","2020-03-24",250,7,117,1149,7580,0.186675461741425,0,0,640,771,62,610,32,477,36,32
"538","2020-03-25",274,7,145,1203,7580,0.186675461741425,0,0,640,771,53,663,21,498,26,21
"539","2020-03-26",291,7,161,1238,7580,0.186675461741425,0,0,640,771,51,714,16,514,22,16
"540","2020-03-27",305,7,153,1277,7580,0.186675461741425,0,0,640,771,67,781,NA,NA,40,NA
"541","2020-03-28",308,7,159,1288,7580,0.186675461741425,0,0,640,771,76,857,16,530,33,16
"542","2020-03-29",312,7,155,1302,7580,0.186675461741425,0,0,640,771,55,912,29,559,17,29
"543","2020-03-30",317,7,153,1302,7580,0.186675461741425,0,0,640,771,45,957,19,578,24,19
"544","2020-03-31",320,7,174,1334,7580,0.186675461741425,0,0,640,771,80,1037,16,594,38,16
"545","2020-04-01",327,7,183,1320,7580,0.186675461741425,0,0,640,771,51,1088,28,622,28,28
"546","2020-04-02",320,7,186,1325,7580,0.186675461741425,0,0,640,771,59,1147,8,630,37,8
"547","2020-04-03",308,7,169,1337,7580,0.186675461741425,0,0,640,771,59,1206,8,638,25,8
"548","2020-04-04",326,7,166,1329,7580,0.186675461741425,0,0,640,771,51,1257,5,643,23,5
"549","2020-04-05",325,7,193,1335,7580,0.186675461741425,0,0,640,771,70,1327,11,654,33,11
"550","2020-04-06",325,7,191,1318,7580,0.186675461741425,0,0,640,771,78,1405,49,703,36,49
"551","2020-04-07",324,7,195,1292,7580,0.186675461741425,0,0,640,771,65,1470,29,732,41,29
"552","2020-04-08",331,7,184,1283,7580,0.186675461741425,0,0,640,771,64,1534,21,753,30,21
"553","2020-04-09",352,7,164,1276,7580,0.186675461741425,0,0,640,771,67,1601,15,768,37,15
"554","2020-04-10",352,7,161,1248,7580,0.186675461741425,0,0,640,771,78,1679,11,779,47,11
"555","2020-04-11",348,7,174,1242,7580,0.186675461741425,0,0,640,771,71,1750,8,787,36,8
"556","2020-04-12",358,7,162,1223,7580,0.186675461741425,0,0,640,771,70,1820,6,793,34,6
"557","2020-04-13",343,7,142,1193,7580,0.186675461741425,0,0,640,771,72,1892,5,798,44,5
"558","2020-04-14",341,7,178,1199,7580,0.186675461741425,0,0,640,771,72,1964,17,815,45,17
"559","2020-04-15",333,7,187,1182,7580,0.186675461741425,0,0,640,771,64,2028,35,850,33,35
"560","2020-04-16",310,7,201,1158,7580,0.186675461741425,0,0,640,771,54,2082,19,869,31,19
"561","2020-04-17",312,7,212,1141,7580,0.186675461741425,0,0,640,771,64,2146,18,887,28,18
"562","2020-04-18",308,7,204,1129,7580,0.186675461741425,0,0,640,771,61,2207,16,903,36,16
"563","2020-04-19",285,7,199,1103,7580,0.186675461741425,0,0,640,771,68,2275,28,931,38,28
"564","2020-04-20",298,7,210,1102,7580,0.186675461741425,0,0,640,771,60,2335,45,976,27,45
"565","2020-04-21",286,7,214,1077,7580,0.186675461741425,0,0,640,771,51,2386,30,1006,26,30
"566","2020-04-22",277,7,214,1059,7580,0.186675461741425,0,0,640,771,53,2439,11,1017,28,11
"567","2020-04-23",285,7,192,1030,7580,0.186675461741425,0,0,640,771,57,2496,53,1070,30,53
"568","2020-04-24",273,7,252,1009,7580,0.186675461741425,0,0,640,771,55,2551,42,1112,23,42
"569","2020-04-25",258,7,270,992,7580,0.186675461741425,0,0,640,771,59,2610,17,1129,28,17
"570","2020-04-26",271,7,242,974,7580,0.186675461741425,0,0,640,771,52,2662,10,1139,25,10
"571","2020-04-27",263,7,220,969,7580,0.186675461741425,0,0,640,771,50,2712,20,1159,17,20
"572","2020-04-28",262,7,203,936,7580,0.186675461741425,0,0,640,771,47,2759,4,1163,20,4
"573","2020-04-29",260,7,195,929,7580,0.186675461741425,0,0,640,771,53,2812,10,1173,21,10
"574","2020-04-30",261,7,208,922,7580,0.186675461741425,0,0,640,771,51,2863,9,1182,25,9
"575","2020-05-01",264,7,263,891,7580,0.186675461741425,0,0,640,771,53,2916,20,1202,25,20
"576","2020-05-02",261,7,263,870,7580,0.186675461741425,0,0,640,771,45,2961,6,1208,18,6
"577","2020-05-03",251,7,261,874,7580,0.186675461741425,0,0,640,771,57,3018,9,1217,22,9
"578","2020-05-04",238,7,229,840,7580,0.186675461741425,0,0,640,771,50,3068,10,1227,24,10
"579","2020-05-05",227,7,205,843,7580,0.186675461741425,0,0,640,771,52,3120,5,1232,24,5
"580","2020-05-06",222,7,185,832,7580,0.186675461741425,0,0,640,771,54,3174,10,1242,26,10
"581","2020-05-07",206,7,182,795,7580,0.186675461741425,0,0,640,771,58,3232,10,1252,27,10
"582","2020-05-08",207,7,172,775,7580,0.186675461741425,0,0,640,771,48,3280,10,1262,22,10
"583","2020-05-09",195,7,209,766,7580,0.186675461741425,0,0,640,771,51,3331,63,1325,22,63
"584","2020-05-10",192,7,205,737,7580,0.186675461741425,0,0,640,771,48,3379,42,1367,24,42
"585","2020-05-11",187,7,194,710,7580,0.186675461741425,0,0,640,771,42,3421,50,1417,21,50
"586","2020-05-12",193,7,185,698,7580,0.186675461741425,0,0,640,771,34,3455,37,1454,15,37
"587","2020-05-13",192,7,191,658,7580,0.186675461741425,0,0,640,771,41,3496,21,1475,18,21
"588","2020-05-14",183,7,193,634,7580,0.186675461741425,0,0,640,771,26,3522,12,1487,14,12
"589","2020-05-15",172,7,183,619,7580,0.186675461741425,0,0,640,771,43,3565,9,1496,16,9
"590","2020-05-16",170,7,194,601,7580,0.186675461741425,0,0,640,771,25,3590,15,1511,11,15
"591","2020-05-17",165,7,222,593,7580,0.186675461741425,0,0,640,771,35,3625,13,1524,18,13
"592","2020-05-18",160,7,250,566,7580,0.186675461741425,0,0,640,771,36,3661,8,1532,17,8
"593","2020-05-19",150,7,267,548,7580,0.186675461741425,0,0,640,771,35,3696,8,1540,14,8
"594","2020-05-20",142,7,271,521,7580,0.186675461741425,0,0,640,771,30,3726,3,1543,15,3
"595","2020-05-21",140,7,260,500,7580,0.186675461741425,0,0,640,771,34,3760,31,1574,17,31
"596","2020-05-22",133,7,239,458,7580,0.186675461741425,0,0,640,771,23,3783,19,1593,12,19
"597","2020-05-23",138,7,230,444,7580,0.186675461741425,0,0,640,771,30,3813,14,1607,16,14
"598","2020-05-24",125,7,208,416,7580,0.186675461741425,0,0,640,771,33,3846,16,1623,18,16
"599","2020-05-25",119,7,206,391,7580,0.186675461741425,0,0,640,771,31,3877,50,1673,13,50
"600","2020-05-26",111,7,230,373,7580,0.186675461741425,0,0,640,771,25,3902,29,1702,16,29
"601","2020-05-27",100,7,221,368,7580,0.186675461741425,0,0,640,771,22,3924,26,1728,3,26
"602","2020-05-28",97,7,216,362,7580,0.186675461741425,0,0,640,771,22,3946,14,1742,9,14
"603","2020-05-29",91,7,201,336,7580,0.186675461741425,0,0,640,771,15,3961,13,1755,5,13
"604","2020-05-30",85,7,172,333,7580,0.186675461741425,0,0,640,771,29,3990,12,1767,11,12
"605","2020-05-31",83,7,173,316,7580,0.186675461741425,0,0,640,771,17,4007,16,1783,9,16
"606","2020-06-01",90,7,162,301,7580,0.186675461741425,0,0,640,771,19,4026,38,1821,10,38
"607","2020-06-02",85,7,150,279,7580,0.186675461741425,0,0,640,771,23,4049,47,1868,13,47
"608","2020-06-03",91,7,147,270,7580,0.186675461741425,0,0,640,771,16,4065,34,1902,5,34
"609","2020-06-04",89,7,142,257,7580,0.186675461741425,0,0,640,771,21,4086,36,1938,8,36
"610","2020-06-05",91,7,143,248,7580,0.186675461741425,0,0,640,771,15,4101,18,1956,8,18
"611","2020-06-06",85,7,157,244,7580,0.186675461741425,0,0,640,771,24,4125,11,1967,14,11
"612","2020-06-07",84,7,179,234,7580,0.186675461741425,0,0,640,771,14,4139,34,2001,7,34
"613","2020-03-12",1,8,135,128,6563,0.28691147341155,0,0,574,1775,51,84,36,51,2,36
"614","2020-03-13",3,8,174,208,6563,0.28691147341155,0,0,574,1775,56,140,22,73,1,22
"615","2020-03-14",7,8,181,284,6563,0.28691147341155,0,0,574,1775,49,189,34,107,4,34
"616","2020-03-15",17,8,200,357,6563,0.28691147341155,0,0,574,1775,54,243,16,123,8,16
"617","2020-03-16",32,8,191,434,6563,0.28691147341155,0,0,574,1775,45,288,16,139,10,16
"618","2020-03-17",52,8,187,511,6563,0.28691147341155,0,0,574,1775,54,342,7,146,10,7
"619","2020-03-18",78,8,248,589,6563,0.28691147341155,0,0,574,1775,63,405,6,152,17,6
"620","2020-03-19",100,8,289,654,6563,0.28691147341155,0,0,574,1775,61,466,8,160,18,8
"621","2020-03-20",118,8,273,747,6563,0.28691147341155,0,0,574,1775,82,548,6,166,28,6
"622","2020-03-21",139,8,271,796,6563,0.28691147341155,0,0,574,1775,86,634,42,208,32,42
"623","2020-03-22",171,8,299,847,6563,0.28691147341155,0,0,574,1775,68,702,21,229,21,21
"624","2020-03-23",201,8,337,907,6563,0.28691147341155,0,0,574,1775,82,784,34,263,30,34
"625","2020-03-24",224,8,308,955,6563,0.28691147341155,0,0,574,1775,73,857,22,285,12,22
"626","2020-03-25",236,8,301,983,6563,0.28691147341155,0,0,574,1775,60,917,10,295,19,10
"627","2020-03-26",259,8,338,1019,6563,0.28691147341155,0,0,574,1775,68,985,17,312,22,17
"628","2020-03-27",271,8,331,1045,6563,0.28691147341155,0,0,574,1775,70,1055,57,369,21,57
"629","2020-03-28",298,8,341,1065,6563,0.28691147341155,0,0,574,1775,69,1124,66,435,23,66
"630","2020-03-29",302,8,326,1081,6563,0.28691147341155,0,0,574,1775,75,1199,54,489,15,54
"631","2020-03-30",304,8,301,1095,6563,0.28691147341155,0,0,574,1775,68,1267,22,511,13,22
"632","2020-03-31",305,8,287,1109,6563,0.28691147341155,0,0,574,1775,74,1341,53,564,20,53
"633","2020-04-01",311,8,275,1115,6563,0.28691147341155,0,0,574,1775,57,1398,27,591,8,27
"634","2020-04-02",308,8,266,1107,6563,0.28691147341155,0,0,574,1775,68,1466,19,610,11,19
"635","2020-04-03",315,8,268,1134,6563,0.28691147341155,0,0,574,1775,70,1536,17,627,14,17
"636","2020-04-04",305,8,264,1148,6563,0.28691147341155,0,0,574,1775,100,1636,9,636,32,9
"637","2020-04-05",309,8,258,1165,6563,0.28691147341155,0,0,574,1775,73,1709,11,647,19,11
"638","2020-04-06",324,8,274,1171,6563,0.28691147341155,0,0,574,1775,54,1763,17,664,10,17
"639","2020-04-07",328,8,285,1177,6563,0.28691147341155,0,0,574,1775,67,1830,63,727,20,63
"640","2020-04-08",322,8,302,1163,6563,0.28691147341155,0,0,574,1775,66,1896,28,755,15,28
"641","2020-04-09",320,8,317,1163,6563,0.28691147341155,0,0,574,1775,79,1975,43,798,21,43
"642","2020-04-10",324,8,328,1170,6563,0.28691147341155,0,0,574,1775,67,2042,55,853,23,55
"643","2020-04-11",322,8,347,1153,6563,0.28691147341155,0,0,574,1775,77,2119,34,887,21,34
"644","2020-04-12",318,8,329,1122,6563,0.28691147341155,0,0,574,1775,51,2170,16,903,13,16
"645","2020-04-13",302,8,282,1119,6563,0.28691147341155,0,0,574,1775,71,2241,19,922,18,19
"646","2020-04-14",297,8,274,1100,6563,0.28691147341155,0,0,574,1775,64,2305,13,935,12,13
"647","2020-04-15",314,8,262,1126,6563,0.28691147341155,0,0,574,1775,70,2375,23,958,6,23
"648","2020-04-16",316,8,307,1098,6563,0.28691147341155,0,0,574,1775,58,2433,58,1016,9,58
"649","2020-04-17",303,8,335,1077,6563,0.28691147341155,0,0,574,1775,64,2497,67,1083,11,67
"650","2020-04-18",306,8,368,1062,6563,0.28691147341155,0,0,574,1775,79,2576,51,1134,10,51
"651","2020-04-19",307,8,365,1034,6563,0.28691147341155,0,0,574,1775,64,2640,37,1171,9,37
"652","2020-04-20",304,8,350,1005,6563,0.28691147341155,0,0,574,1775,59,2699,36,1207,11,36
"653","2020-04-21",306,8,343,999,6563,0.28691147341155,0,0,574,1775,55,2754,64,1271,7,64
"654","2020-04-22",284,8,328,981,6563,0.28691147341155,0,0,574,1775,57,2811,52,1323,7,52
"655","2020-04-23",276,8,346,932,6563,0.28691147341155,0,0,574,1775,77,2888,26,1349,5,26
"656","2020-04-24",282,8,354,935,6563,0.28691147341155,0,0,574,1775,72,2960,8,1357,11,8
"657","2020-04-25",265,8,348,908,6563,0.28691147341155,0,0,574,1775,37,2997,20,1377,5,20
"658","2020-04-26",255,8,366,916,6563,0.28691147341155,0,0,574,1775,59,3056,52,1429,6,52
"659","2020-04-27",247,8,373,894,6563,0.28691147341155,0,0,574,1775,57,3113,45,1474,8,45
"660","2020-04-28",233,8,358,861,6563,0.28691147341155,0,0,574,1775,69,3182,22,1496,12,22
"661","2020-04-29",234,8,351,844,6563,0.28691147341155,0,0,574,1775,61,3243,27,1523,6,27
"662","2020-04-30",230,8,337,819,6563,0.28691147341155,0,0,574,1775,58,3301,24,1547,8,24
"663","2020-05-01",215,8,346,816,6563,0.28691147341155,0,0,574,1775,53,3354,17,1564,5,17
"664","2020-05-02",230,8,352,809,6563,0.28691147341155,0,0,574,1775,46,3400,43,1607,11,43
"665","2020-05-03",218,8,347,796,6563,0.28691147341155,0,0,574,1775,61,3461,51,1658,10,51
"666","2020-05-04",209,8,335,776,6563,0.28691147341155,0,0,574,1775,46,3507,45,1703,7,45
"667","2020-05-05",202,8,322,741,6563,0.28691147341155,0,0,574,1775,47,3554,41,1744,4,41
"668","2020-05-06",199,8,356,733,6563,0.28691147341155,0,0,574,1775,51,3605,42,1786,9,42
"669","2020-05-07",189,8,346,708,6563,0.28691147341155,0,0,574,1775,54,3659,43,1829,7,43
"670","2020-05-08",191,8,337,676,6563,0.28691147341155,0,0,574,1775,49,3708,56,1885,13,56
"671","2020-05-09",186,8,344,672,6563,0.28691147341155,0,0,574,1775,52,3760,30,1915,6,30
"672","2020-05-10",188,8,366,663,6563,0.28691147341155,0,0,574,1775,40,3800,19,1934,3,19
"673","2020-05-11",185,8,351,655,6563,0.28691147341155,0,0,574,1775,42,3842,34,1968,5,34
"674","2020-05-12",190,8,345,642,6563,0.28691147341155,0,0,574,1775,37,3879,18,1986,3,18
"675","2020-05-13",179,8,340,618,6563,0.28691147341155,0,0,574,1775,41,3920,18,2004,5,18
"676","2020-05-14",176,8,337,591,6563,0.28691147341155,0,0,574,1775,38,3958,31,2035,5,31
"677","2020-05-15",172,8,330,562,6563,0.28691147341155,0,0,574,1775,45,4003,55,2090,7,55
"678","2020-05-16",157,8,339,548,6563,0.28691147341155,0,0,574,1775,39,4042,54,2144,5,54
"679","2020-05-17",157,8,358,541,6563,0.28691147341155,0,0,574,1775,36,4078,53,2197,5,53
"680","2020-05-18",154,8,332,517,6563,0.28691147341155,0,0,574,1775,30,4108,42,2239,5,42
"681","2020-05-19",151,8,336,510,6563,0.28691147341155,0,0,574,1775,38,4146,16,2255,5,16
"682","2020-05-20",152,8,364,500,6563,0.28691147341155,0,0,574,1775,36,4182,20,2275,4,20
"683","2020-05-21",151,8,334,489,6563,0.28691147341155,0,0,574,1775,36,4218,13,2288,6,13
"684","2020-05-22",153,8,330,467,6563,0.28691147341155,0,0,574,1775,42,4260,44,2332,6,44
"685","2020-05-23",145,8,330,449,6563,0.28691147341155,0,0,574,1775,29,4289,32,2364,1,32
"686","2020-05-24",125,8,310,442,6563,0.28691147341155,0,0,574,1775,22,4311,49,2413,3,49
"687","2020-05-25",122,8,310,420,6563,0.28691147341155,0,0,574,1775,32,4343,47,2460,4,47
"688","2020-05-26",116,8,313,395,6563,0.28691147341155,0,0,574,1775,37,4380,28,2488,5,28
"689","2020-05-27",112,8,338,376,6563,0.28691147341155,0,0,574,1775,32,4412,36,2524,6,36
"690","2020-05-28",108,8,374,351,6563,0.28691147341155,0,0,574,1775,23,4435,39,2563,6,39
"691","2020-05-29",104,8,369,340,6563,0.28691147341155,0,0,574,1775,32,4467,35,2598,6,35
"692","2020-05-30",103,8,380,312,6563,0.28691147341155,0,0,574,1775,23,4490,25,2623,2,25
"693","2020-05-31",103,8,398,292,6563,0.28691147341155,0,0,574,1775,22,4512,17,2640,9,17
"694","2020-06-01",96,8,414,280,6563,0.28691147341155,0,0,574,1775,28,4540,42,2682,5,42
"695","2020-06-02",82,8,417,258,6563,0.28691147341155,0,0,574,1775,21,4561,28,2710,2,28
"696","2020-06-03",71,8,409,244,6563,0.28691147341155,0,0,574,1775,20,4581,24,2734,2,24
"697","2020-06-04",68,8,390,224,6563,0.28691147341155,0,0,574,1775,20,4601,39,2773,2,39
"698","2020-06-05",60,8,378,220,6563,0.28691147341155,0,0,574,1775,11,4612,42,2815,2,42
"699","2020-06-06",58,8,360,212,6563,0.28691147341155,0,0,574,1775,23,4635,19,2834,4,19
"700","2020-06-07",62,8,329,198,6563,0.28691147341155,0,0,574,1775,13,4648,41,2875,4,41
"701","2020-03-12",1,9,129,44,7816,0.940378710337769,0,0,772,1328,21,35,33,103,9,33
"702","2020-03-13",1,9,126,69,7816,0.940378710337769,0,0,772,1328,27,62,22,125,14,22
"703","2020-03-14",2,9,103,108,7816,0.940378710337769,0,0,772,1328,28,90,11,136,17,11
"704","2020-03-15",4,9,101,153,7816,0.940378710337769,0,0,772,1328,32,122,14,150,19,14
"705","2020-03-16",6,9,106,220,7816,0.940378710337769,0,0,772,1328,33,155,59,209,27,59
"706","2020-03-17",13,9,103,308,7816,0.940378710337769,0,0,772,1328,29,184,76,285,21,76
"707","2020-03-18",24,9,117,399,7816,0.940378710337769,0,0,772,1328,45,229,74,359,35,74
"708","2020-03-19",33,9,165,489,7816,0.940378710337769,0,0,772,1328,59,288,36,395,46,36
"709","2020-03-20",51,9,185,603,7816,0.940378710337769,0,0,772,1328,51,339,22,417,39,22
"710","2020-03-21",67,9,210,764,7816,0.940378710337769,0,0,772,1328,51,390,47,464,43,47
"711","2020-03-22",92,9,204,956,7816,0.940378710337769,0,0,772,1328,68,458,35,499,55,35
"712","2020-03-23",128,9,202,1165,7816,0.940378710337769,0,0,772,1328,61,519,17,516,46,17
"713","2020-03-24",161,9,234,1413,7816,0.940378710337769,0,0,772,1328,66,585,20,536,50,20
"714","2020-03-25",208,9,265,1713,7816,0.940378710337769,0,0,772,1328,84,669,34,570,72,34
"715","2020-03-26",248,9,251,1977,7816,0.940378710337769,0,0,772,1328,73,742,27,597,63,27
"716","2020-03-27",319,9,233,2353,7816,0.940378710337769,0,0,772,1328,89,831,18,615,81,18
"717","2020-03-28",387,9,216,2707,7816,0.940378710337769,0,0,772,1328,80,911,49,664,69,49
"718","2020-03-29",463,9,240,2988,7816,0.940378710337769,0,0,772,1328,92,1003,23,687,77,23
"719","2020-03-30",536,9,245,3353,7816,0.940378710337769,0,0,772,1328,72,1075,62,749,59,62
"720","2020-03-31",621,9,223,3598,7816,0.940378710337769,0,0,772,1328,90,1165,34,783,81,34
"721","2020-04-01",700,9,199,3804,7816,0.940378710337769,0,0,772,1328,93,1258,41,824,79,41
"722","2020-04-02",796,9,176,3918,7816,0.940378710337769,0,0,772,1328,122,1380,33,857,102,33
"723","2020-04-03",880,9,213,4000,7816,0.940378710337769,0,0,772,1328,77,1457,52,909,65,52
"724","2020-04-04",962,9,228,4078,7816,0.940378710337769,0,0,772,1328,113,1570,46,955,103,46
"725","2020-04-05",1042,9,288,3948,7816,0.940378710337769,0,0,772,1328,96,1666,27,982,87,27
"726","2020-04-06",1092,9,317,3827,7816,0.940378710337769,0,0,772,1328,109,1775,12,994,98,12
"727","2020-04-07",1118,9,330,3655,7816,0.940378710337769,0,0,772,1328,95,1870,65,1059,86,65
"728","2020-04-08",1153,9,313,3452,7816,0.940378710337769,0,0,772,1328,98,1968,52,1111,84,52
"729","2020-04-09",1137,9,296,3211,7816,0.940378710337769,0,0,772,1328,105,2073,27,1138,95,27
"730","2020-04-10",1090,9,249,2983,7816,0.940378710337769,0,0,772,1328,112,2185,24,1162,103,24
"731","2020-04-11",1061,9,223,2626,7816,0.940378710337769,0,0,772,1328,86,2271,17,1179,78,17
"732","2020-04-12",1007,9,221,2289,7816,0.940378710337769,0,0,772,1328,85,2356,31,1210,76,31
"733","2020-04-13",947,9,232,1997,7816,0.940378710337769,0,0,772,1328,88,2444,12,1222,78,12
"734","2020-04-14",884,9,258,1722,7816,0.940378710337769,0,0,772,1328,89,2533,24,1246,79,24
"735","2020-04-15",781,9,247,1511,7816,0.940378710337769,0,0,772,1328,93,2626,21,1267,86,21
"736","2020-04-16",714,9,234,1289,7816,0.940378710337769,0,0,772,1328,79,2705,10,1277,67,10
"737","2020-04-17",638,9,218,1073,7816,0.940378710337769,0,0,772,1328,109,2814,14,1291,100,14
"738","2020-04-18",544,9,223,932,7816,0.940378710337769,0,0,772,1328,78,2892,44,1335,63,44
"739","2020-04-19",455,9,209,801,7816,0.940378710337769,0,0,772,1328,76,2968,42,1377,69,42
"740","2020-04-20",378,9,214,643,7816,0.940378710337769,0,0,772,1328,82,3050,27,1404,71,27
"741","2020-04-21",313,9,197,548,7816,0.940378710337769,0,0,772,1328,79,3129,18,1422,65,18
"742","2020-04-22",260,9,199,452,7816,0.940378710337769,0,0,772,1328,88,3217,53,1475,79,53
"743","2020-04-23",216,9,222,380,7816,0.940378710337769,0,0,772,1328,84,3301,24,1499,71,24
"744","2020-04-24",180,9,217,323,7816,0.940378710337769,0,0,772,1328,79,3380,18,1517,64,18
"745","2020-04-25",149,9,204,270,7816,0.940378710337769,0,0,772,1328,69,3449,15,1532,59,15
"746","2020-04-26",115,9,203,226,7816,0.940378710337769,0,0,772,1328,79,3528,25,1557,70,25
"747","2020-04-27",98,9,214,202,7816,0.940378710337769,0,0,772,1328,68,3596,14,1571,55,14
"748","2020-04-28",81,9,203,174,7816,0.940378710337769,0,0,772,1328,77,3673,71,1642,65,71
"749","2020-04-29",73,9,223,159,7816,0.940378710337769,0,0,772,1328,47,3720,42,1684,36,42
"750","2020-04-30",58,9,242,144,7816,0.940378710337769,0,0,772,1328,62,3782,56,1740,45,56
"751","2020-05-01",46,9,237,130,7816,0.940378710337769,0,0,772,1328,59,3841,42,1782,53,42
"752","2020-05-02",37,9,218,118,7816,0.940378710337769,0,0,772,1328,57,3898,20,1802,47,20
"753","2020-05-03",40,9,209,108,7816,0.940378710337769,0,0,772,1328,66,3964,24,1826,55,24
"754","2020-05-04",38,9,205,100,7816,0.940378710337769,0,0,772,1328,54,4018,11,1837,44,11
"755","2020-05-05",34,9,191,87,7816,0.940378710337769,0,0,772,1328,55,4073,13,1850,47,13
"756","2020-05-06",29,9,218,82,7816,0.940378710337769,0,0,772,1328,38,4111,19,1869,32,19
"757","2020-05-07",26,9,229,75,7816,0.940378710337769,0,0,772,1328,45,4156,13,1882,38,13
"758","2020-05-08",28,9,209,65,7816,0.940378710337769,0,0,772,1328,40,4196,45,1927,31,45
"759","2020-05-09",25,9,231,60,7816,0.940378710337769,0,0,772,1328,28,4224,25,1952,24,25
"760","2020-05-10",20,9,236,55,7816,0.940378710337769,0,0,772,1328,44,4268,17,1969,38,17
"761","2020-05-11",19,9,213,54,7816,0.940378710337769,0,0,772,1328,38,4306,14,1983,29,14
"762","2020-05-12",18,9,221,51,7816,0.940378710337769,0,0,772,1328,30,4336,17,2000,25,17
"763","2020-05-13",16,9,253,49,7816,0.940378710337769,0,0,772,1328,26,4362,25,2025,19,25
"764","2020-05-14",16,9,294,48,7816,0.940378710337769,0,0,772,1328,34,4396,21,2046,26,21
"765","2020-05-15",13,9,301,51,7816,0.940378710337769,0,0,772,1328,32,4428,37,2083,19,37
"766","2020-05-16",13,9,310,48,7816,0.940378710337769,0,0,772,1328,26,4454,25,2108,25,25
"767","2020-05-17",10,9,287,46,7816,0.940378710337769,0,0,772,1328,35,4489,66,2174,23,66
"768","2020-05-18",8,9,257,45,7816,0.940378710337769,0,0,772,1328,37,4526,64,2238,26,64
"769","2020-05-19",11,9,235,46,7816,0.940378710337769,0,0,772,1328,27,4553,45,2283,23,45
"770","2020-05-20",11,9,212,45,7816,0.940378710337769,0,0,772,1328,24,4577,16,2299,18,16
"771","2020-05-21",12,9,193,39,7816,0.940378710337769,0,0,772,1328,21,4598,57,2356,16,57
"772","2020-05-22",12,9,189,42,7816,0.940378710337769,0,0,772,1328,23,4621,54,2410,22,54
"773","2020-05-23",13,9,186,41,7816,0.940378710337769,0,0,772,1328,25,4646,20,2430,21,20
"774","2020-05-24",12,9,192,36,7816,0.940378710337769,0,0,772,1328,19,4665,15,2445,13,15
"775","2020-05-25",11,9,198,33,7816,0.940378710337769,0,0,772,1328,22,4687,10,2455,19,10
"776","2020-05-26",8,9,179,26,7816,0.940378710337769,0,0,772,1328,22,4709,6,2461,16,6
"777","2020-05-27",7,9,187,25,7816,0.940378710337769,0,0,772,1328,17,4726,8,2469,13,8
"778","2020-05-28",6,9,186,25,7816,0.940378710337769,0,0,772,1328,18,4744,9,2478,12,9
"779","2020-05-29",6,9,170,23,7816,0.940378710337769,0,0,772,1328,14,4758,51,2529,12,51
"780","2020-05-30",4,9,168,24,7816,0.940378710337769,0,0,772,1328,14,4772,31,2560,11,31
"781","2020-05-31",5,9,171,21,7816,0.940378710337769,0,0,772,1328,20,4792,31,2591,13,31
"782","2020-06-01",4,9,198,21,7816,0.940378710337769,0,0,772,1328,16,4808,28,2619,12,28
"783","2020-06-02",3,9,229,24,7816,0.940378710337769,0,0,772,1328,15,4823,52,2671,12,52
"784","2020-06-03",4,9,209,24,7816,0.940378710337769,0,0,772,1328,11,4834,23,2694,7,23
"785","2020-06-04",3,9,201,24,7816,0.940378710337769,0,0,772,1328,17,4851,50,2744,13,50
"786","2020-06-05",2,9,212,22,7816,0.940378710337769,0,0,772,1328,14,4865,24,2768,10,24
"787","2020-06-06",3,9,205,20,7816,0.940378710337769,0,0,772,1328,14,4879,51,2819,12,51
"788","2020-06-07",5,9,224,20,7816,0.940378710337769,0,0,772,1328,16,4895,27,2846,10,27
"789","2020-03-13",1,10,120,43,2655,0.458003766478343,0,0,230,1311,47,135,3,14,7,3
"790","2020-03-14",2,10,159,58,2655,0.458003766478343,0,0,230,1311,68,203,3,17,21,3
"791","2020-03-15",5,10,207,79,2655,0.458003766478343,0,0,230,1311,59,262,6,23,27,6
"792","2020-03-16",7,10,190,94,2655,0.458003766478343,0,0,230,1311,77,339,29,52,26,29
"793","2020-03-17",8,10,183,118,2655,0.458003766478343,0,0,230,1311,82,421,19,71,37,19
"794","2020-03-18",12,10,175,144,2655,0.458003766478343,0,0,230,1311,79,500,34,105,39,34
"795","2020-03-19",16,10,192,158,2655,0.458003766478343,0,0,230,1311,87,587,41,146,45,41
"796","2020-03-20",20,10,185,175,2655,0.458003766478343,0,0,230,1311,94,681,19,165,52,19
"797","2020-03-21",24,10,167,185,2655,0.458003766478343,0,0,230,1311,106,787,21,186,65,21
"798","2020-03-22",31,10,165,200,2655,0.458003766478343,0,0,230,1311,112,899,32,218,66,32
"799","2020-03-23",36,10,184,218,2655,0.458003766478343,0,0,230,1311,118,1017,23,241,74,23
"800","2020-03-24",44,10,189,228,2655,0.458003766478343,0,0,230,1311,117,1134,13,254,82,13
"801","2020-03-25",48,10,199,244,2655,0.458003766478343,0,0,230,1311,127,1261,48,302,81,48
"802","2020-03-26",51,10,184,256,2655,0.458003766478343,0,0,230,1311,123,1384,60,362,87,60
"803","2020-03-27",55,10,225,273,2655,0.458003766478343,0,0,230,1311,153,1537,19,381,106,19
"804","2020-03-28",69,10,234,286,2655,0.458003766478343,0,0,230,1311,115,1652,12,393,78,12
"805","2020-03-29",68,10,222,291,2655,0.458003766478343,0,0,230,1311,152,1804,9,402,102,9
"806","2020-03-30",70,10,200,301,2655,0.458003766478343,0,0,230,1311,113,1917,25,427,75,25
"807","2020-03-31",71,10,225,298,2655,0.458003766478343,0,0,230,1311,130,2047,41,468,89,41
"808","2020-04-01",73,10,238,304,2655,0.458003766478343,0,0,230,1311,115,2162,32,500,69,32
"809","2020-04-02",81,10,240,312,2655,0.458003766478343,0,0,230,1311,112,2274,39,539,79,39
"810","2020-04-03",87,10,205,315,2655,0.458003766478343,0,0,230,1311,129,2403,21,560,86,21
"811","2020-04-04",73,10,198,337,2655,0.458003766478343,0,0,230,1311,114,2517,22,582,65,22
"812","2020-04-05",78,10,173,349,2655,0.458003766478343,0,0,230,1311,126,2643,18,600,83,18
"813","2020-04-06",79,10,153,347,2655,0.458003766478343,0,0,230,1311,135,2778,40,640,85,40
"814","2020-04-07",81,10,151,353,2655,0.458003766478343,0,0,230,1311,105,2883,47,687,64,47
"815","2020-04-08",85,10,140,348,2655,0.458003766478343,0,0,230,1311,107,2990,53,740,73,53
"816","2020-04-09",88,10,179,351,2655,0.458003766478343,0,0,230,1311,112,3102,24,764,64,24
"817","2020-04-10",84,10,188,377,2655,0.458003766478343,0,0,230,1311,112,3214,18,782,76,18
"818","2020-04-11",93,10,172,396,2655,0.458003766478343,0,0,230,1311,109,3323,11,793,76,11
"819","2020-04-12",97,10,174,413,2655,0.458003766478343,0,0,230,1311,105,3428,27,820,72,27
"820","2020-04-13",107,10,225,420,2655,0.458003766478343,0,0,230,1311,84,3512,28,848,48,28
"821","2020-04-14",110,10,236,434,2655,0.458003766478343,0,0,230,1311,86,3598,39,887,53,39
"822","2020-04-15",112,10,200,438,2655,0.458003766478343,0,0,230,1311,73,3671,56,943,45,56
"823","2020-04-16",106,10,175,423,2655,0.458003766478343,0,0,230,1311,83,3754,27,970,44,27
"824","2020-04-17",109,10,170,420,2655,0.458003766478343,0,0,230,1311,96,3850,19,989,64,19
"825","2020-04-18",107,10,210,420,2655,0.458003766478343,0,0,230,1311,69,3919,20,1009,45,20
"826","2020-04-19",108,10,243,426,2655,0.458003766478343,0,0,230,1311,78,3997,20,1029,45,20
"827","2020-04-20",100,10,277,419,2655,0.458003766478343,0,0,230,1311,66,4063,71,1100,41,71
"828","2020-04-21",108,10,257,433,2655,0.458003766478343,0,0,230,1311,69,4132,67,1167,36,67
"829","2020-04-22",109,10,243,429,2655,0.458003766478343,0,0,230,1311,63,4195,28,1195,45,28
"830","2020-04-23",116,10,220,417,2655,0.458003766478343,0,0,230,1311,82,4277,37,1232,40,37
"831","2020-04-24",126,10,207,417,2655,0.458003766478343,0,0,230,1311,69,4346,40,1272,30,40
"832","2020-04-25",131,10,196,403,2655,0.458003766478343,0,0,230,1311,61,4407,34,1306,28,34
"833","2020-04-26",123,10,223,391,2655,0.458003766478343,0,0,230,1311,82,4489,45,1351,45,45
"834","2020-04-27",124,10,208,388,2655,0.458003766478343,0,0,230,1311,65,4554,35,1386,34,35
"835","2020-04-28",119,10,196,404,2655,0.458003766478343,0,0,230,1311,65,4619,10,1396,28,10
"836","2020-04-29",122,10,178,406,2655,0.458003766478343,0,0,230,1311,80,4699,14,1410,42,14
"837","2020-04-30",126,10,154,412,2655,0.458003766478343,0,0,230,1311,56,4755,64,1474,28,64
"838","2020-05-01",121,10,173,400,2655,0.458003766478343,0,0,230,1311,54,4809,65,1539,26,65
"839","2020-05-02",123,10,183,393,2655,0.458003766478343,0,0,230,1311,53,4862,23,1562,22,23
"840","2020-05-03",125,10,168,383,2655,0.458003766478343,0,0,230,1311,61,4923,17,1579,28,17
"841","2020-05-04",123,10,169,368,2655,0.458003766478343,0,0,230,1311,50,4973,21,1600,22,21
"842","2020-05-05",116,10,164,367,2655,0.458003766478343,0,0,230,1311,40,5013,18,1618,15,18
"843","2020-05-06",109,10,177,367,2655,0.458003766478343,0,0,230,1311,33,5046,46,1664,15,46
"844","2020-05-07",98,10,210,374,2655,0.458003766478343,0,0,230,1311,51,5097,32,1696,20,32
"845","2020-05-08",86,10,255,386,2655,0.458003766478343,0,0,230,1311,38,5135,26,1722,10,26
"846","2020-05-09",82,10,257,379,2655,0.458003766478343,0,0,230,1311,33,5168,13,1735,11,13
"847","2020-05-10",90,10,236,378,2655,0.458003766478343,0,0,230,1311,41,5209,13,1748,22,13
"848","2020-05-11",91,10,238,377,2655,0.458003766478343,0,0,230,1311,44,5253,59,1807,19,59
"849","2020-05-12",97,10,243,374,2655,0.458003766478343,0,0,230,1311,33,5286,26,1833,14,26
"850","2020-05-13",104,10,239,366,2655,0.458003766478343,0,0,230,1311,39,5325,15,1848,19,15
"851","2020-05-14",108,10,238,369,2655,0.458003766478343,0,0,230,1311,27,5352,14,1862,16,14
"852","2020-05-15",116,10,212,349,2655,0.458003766478343,0,0,230,1311,18,5370,14,1876,7,14
"853","2020-05-16",118,10,194,334,2655,0.458003766478343,0,0,230,1311,25,5395,10,1886,9,10
"854","2020-05-17",113,10,201,322,2655,0.458003766478343,0,0,230,1311,33,5428,46,1932,12,46
"855","2020-05-18",112,10,192,314,2655,0.458003766478343,0,0,230,1311,32,5460,24,1956,16,24
"856","2020-05-19",107,10,187,303,2655,0.458003766478343,0,0,230,1311,25,5485,38,1994,9,38
"857","2020-05-20",101,10,215,289,2655,0.458003766478343,0,0,230,1311,30,5515,34,2028,10,34
"858","2020-05-21",98,10,223,278,2655,0.458003766478343,0,0,230,1311,18,5533,14,2042,10,14
"859","2020-05-22",93,10,210,273,2655,0.458003766478343,0,0,230,1311,25,5558,16,2058,10,16
"860","2020-05-23",84,10,182,278,2655,0.458003766478343,0,0,230,1311,18,5576,14,2072,5,14
"861","2020-05-24",77,10,167,275,2655,0.458003766478343,0,0,230,1311,10,5586,38,2110,4,38
"862","2020-05-25",77,10,181,275,2655,0.458003766478343,0,0,230,1311,19,5605,35,2145,7,35
"863","2020-05-26",77,10,217,272,2655,0.458003766478343,0,0,230,1311,17,5622,36,2181,7,36
"864","2020-05-27",75,10,212,274,2655,0.458003766478343,0,0,230,1311,14,5636,34,2215,3,34
"865","2020-05-28",79,10,239,266,2655,0.458003766478343,0,0,230,1311,16,5652,21,2236,5,21
"866","2020-05-29",81,10,234,261,2655,0.458003766478343,0,0,230,1311,21,5673,29,2265,5,29
"867","2020-05-30",80,10,212,251,2655,0.458003766478343,0,0,230,1311,15,5688,23,2288,4,23
"868","2020-05-31",81,10,197,250,2655,0.458003766478343,0,0,230,1311,16,5704,46,2334,6,46
"869","2020-06-01",85,10,220,246,2655,0.458003766478343,0,0,230,1311,23,5727,38,2372,8,38
"870","2020-06-02",85,10,249,239,2655,0.458003766478343,0,0,230,1311,8,5735,37,2409,6,37
"871","2020-06-03",84,10,249,225,2655,0.458003766478343,0,0,230,1311,13,5748,30,2439,6,30
"872","2020-06-04",77,10,235,219,2655,0.458003766478343,0,0,230,1311,12,5760,20,2459,3,20
"873","2020-06-05",70,10,199,210,2655,0.458003766478343,0,0,230,1311,13,5773,35,2494,5,35
"874","2020-06-06",73,10,180,207,2655,0.458003766478343,0,0,230,1311,12,5785,18,2512,4,18
"875","2020-06-07",72,10,168,196,2655,0.458003766478343,0,0,230,1311,13,5798,42,2554,10,42
"876","2020-03-12",1,11,111,110,5943,0.251219922598014,0,0,473,1228,87,144,48,96,7,48
"877","2020-03-13",2,11,167,163,5943,0.251219922598014,0,0,473,1228,75,219,37,133,9,37
"878","2020-03-14",8,11,208,221,5943,0.251219922598014,0,0,473,1228,92,311,25,158,18,25
"879","2020-03-15",12,11,249,274,5943,0.251219922598014,0,0,473,1228,115,426,73,231,29,73
"880","2020-03-16",21,11,278,344,5943,0.251219922598014,0,0,473,1228,76,502,62,293,18,62
"881","2020-03-17",29,11,309,402,5943,0.251219922598014,0,0,473,1228,98,600,39,332,34,39
"882","2020-03-18",47,11,287,466,5943,0.251219922598014,0,0,473,1228,111,711,37,369,44,37
"883","2020-03-19",65,11,259,539,5943,0.251219922598014,0,0,473,1228,138,849,48,417,46,48
"884","2020-03-20",76,11,265,602,5943,0.251219922598014,0,0,473,1228,117,966,35,452,53,35
"885","2020-03-21",97,11,257,649,5943,0.251219922598014,0,0,473,1228,132,1098,30,482,57,30
"886","2020-03-22",123,11,237,679,5943,0.251219922598014,0,0,473,1228,123,1221,56,538,46,56
"887","2020-03-23",141,11,234,742,5943,0.251219922598014,0,0,473,1228,126,1347,53,591,58,53
"888","2020-03-24",164,11,216,776,5943,0.251219922598014,0,0,473,1228,104,1451,52,643,37,52
"889","2020-03-25",166,11,246,801,5943,0.251219922598014,0,0,473,1228,130,1581,43,686,44,43
"890","2020-03-26",184,11,265,819,5943,0.251219922598014,0,0,473,1228,138,1719,42,728,47,42
"891","2020-03-27",198,11,287,825,5943,0.251219922598014,0,0,473,1228,123,1842,32,760,58,32
"892","2020-03-28",209,11,252,877,5943,0.251219922598014,0,0,473,1228,124,1966,33,793,53,33
"893","2020-03-29",221,11,240,900,5943,0.251219922598014,0,0,473,1228,131,2097,30,823,58,30
"894","2020-03-30",244,11,227,923,5943,0.251219922598014,0,0,473,1228,108,2205,27,850,42,27
"895","2020-03-31",262,11,211,944,5943,0.251219922598014,0,0,473,1228,113,2318,34,884,45,34
"896","2020-04-01",265,11,232,954,5943,0.251219922598014,0,0,473,1228,132,2450,36,920,52,36
"897","2020-04-02",257,11,246,982,5943,0.251219922598014,0,0,473,1228,108,2558,44,964,34,44
"898","2020-04-03",271,11,242,991,5943,0.251219922598014,0,0,473,1228,123,2681,48,1012,52,48
"899","2020-04-04",261,11,229,1005,5943,0.251219922598014,0,0,473,1228,107,2788,33,1045,55,33
"900","2020-04-05",261,11,257,1010,5943,0.251219922598014,0,0,473,1228,118,2906,45,1090,41,45
"901","2020-04-06",250,11,271,1020,5943,0.251219922598014,0,0,473,1228,113,3019,41,1131,42,41
"902","2020-04-07",243,11,238,1026,5943,0.251219922598014,0,0,473,1228,91,3110,38,1169,34,38
"903","2020-04-08",264,11,212,1028,5943,0.251219922598014,0,0,473,1228,113,3223,35,1204,44,35
"904","2020-04-09",273,11,205,1015,5943,0.251219922598014,0,0,473,1228,118,3341,39,1243,51,39
"905","2020-04-10",274,11,196,999,5943,0.251219922598014,0,0,473,1228,109,3450,39,1282,42,39
"906","2020-04-11",281,11,190,982,5943,0.251219922598014,0,0,473,1228,98,3548,42,1324,29,42
"907","2020-04-12",271,11,169,1009,5943,0.251219922598014,0,0,473,1228,97,3645,32,1356,18,32
"908","2020-04-13",276,11,174,1017,5943,0.251219922598014,0,0,473,1228,98,3743,45,1401,38,45
"909","2020-04-14",272,11,172,1019,5943,0.251219922598014,0,0,473,1228,106,3849,36,1437,21,36
"910","2020-04-15",271,11,221,1005,5943,0.251219922598014,0,0,473,1228,89,3938,41,1478,28,41
"911","2020-04-16",273,11,230,1007,5943,0.251219922598014,0,0,473,1228,102,4040,28,1506,34,28
"912","2020-04-17",268,11,221,1007,5943,0.251219922598014,0,0,473,1228,78,4118,26,1532,23,26
"913","2020-04-18",274,11,204,995,5943,0.251219922598014,0,0,473,1228,94,4212,35,1567,26,35
"914","2020-04-19",274,11,198,998,5943,0.251219922598014,0,0,473,1228,98,4310,18,1585,36,18
"915","2020-04-20",276,11,206,964,5943,0.251219922598014,0,0,473,1228,81,4391,32,1617,26,32
"916","2020-04-21",271,11,257,975,5943,0.251219922598014,0,0,473,1228,78,4469,40,1657,29,40
"917","2020-04-22",268,11,293,950,5943,0.251219922598014,0,0,473,1228,60,4529,55,1712,11,55
"918","2020-04-23",269,11,349,934,5943,0.251219922598014,0,0,473,1228,89,4618,43,1755,17,43
"919","2020-04-24",283,11,336,912,5943,0.251219922598014,0,0,473,1228,83,4701,46,1801,30,46
"920","2020-04-25",279,11,278,879,5943,0.251219922598014,0,0,473,1228,79,4780,55,1856,23,55
"921","2020-04-26",283,11,246,860,5943,0.251219922598014,0,0,473,1228,61,4841,41,1897,17,41
"922","2020-04-27",268,11,232,831,5943,0.251219922598014,0,0,473,1228,70,4911,21,1918,10,21
"923","2020-04-28",270,11,239,821,5943,0.251219922598014,0,0,473,1228,79,4990,32,1950,24,32
"924","2020-04-29",255,11,221,811,5943,0.251219922598014,0,0,473,1228,66,5056,39,1989,20,39
"925","2020-04-30",246,11,219,800,5943,0.251219922598014,0,0,473,1228,75,5131,44,2033,31,44
"926","2020-05-01",229,11,242,779,5943,0.251219922598014,0,0,473,1228,56,5187,28,2061,11,28
"927","2020-05-02",221,11,236,762,5943,0.251219922598014,0,0,473,1228,52,5239,25,2086,12,25
"928","2020-05-03",212,11,258,749,5943,0.251219922598014,0,0,473,1228,54,5293,21,2107,11,21
"929","2020-05-04",208,11,252,740,5943,0.251219922598014,0,0,473,1228,56,5349,30,2137,14,30
"930","2020-05-05",201,11,281,725,5943,0.251219922598014,0,0,473,1228,64,5413,30,2167,15,30
"931","2020-05-06",201,11,258,724,5943,0.251219922598014,0,0,473,1228,51,5464,47,2214,15,47
"932","2020-05-07",199,11,252,702,5943,0.251219922598014,0,0,473,1228,47,5511,45,2259,14,45
"933","2020-05-08",193,11,228,688,5943,0.251219922598014,0,0,473,1228,54,5565,67,2326,18,67
"934","2020-05-09",197,11,217,674,5943,0.251219922598014,0,0,473,1228,55,5620,45,2371,10,45
"935","2020-05-10",199,11,206,647,5943,0.251219922598014,0,0,473,1228,44,5664,38,2409,10,38
"936","2020-05-11",194,11,250,632,5943,0.251219922598014,0,0,473,1228,52,5716,29,2438,20,29
"937","2020-05-12",200,11,295,628,5943,0.251219922598014,0,0,473,1228,41,5757,33,2471,9,33
"938","2020-05-13",198,11,339,614,5943,0.251219922598014,0,0,473,1228,42,5799,41,2512,13,41
"939","2020-05-14",197,11,370,591,5943,0.251219922598014,0,0,473,1228,37,5836,39,2551,7,39
"940","2020-05-15",189,11,376,570,5943,0.251219922598014,0,0,473,1228,46,5882,30,2581,8,30
"941","2020-05-16",171,11,352,536,5943,0.251219922598014,0,0,473,1228,32,5914,34,2615,4,34
"942","2020-05-17",167,11,317,528,5943,0.251219922598014,0,0,473,1228,37,5951,40,2655,8,40
"943","2020-05-18",164,11,284,519,5943,0.251219922598014,0,0,473,1228,30,5981,37,2692,4,37
"944","2020-05-19",150,11,255,494,5943,0.251219922598014,0,0,473,1228,36,6017,65,2757,8,65
"945","2020-05-20",154,11,232,459,5943,0.251219922598014,0,0,473,1228,29,6046,44,2801,9,44
"946","2020-05-21",140,11,250,447,5943,0.251219922598014,0,0,473,1228,37,6083,31,2832,8,31
"947","2020-05-22",141,11,234,436,5943,0.251219922598014,0,0,473,1228,34,6117,35,2867,7,35
"948","2020-05-23",145,11,216,405,5943,0.251219922598014,0,0,473,1228,27,6144,39,2906,9,39
"949","2020-05-24",127,11,184,391,5943,0.251219922598014,0,0,473,1228,26,6170,51,2957,4,51
"950","2020-05-25",122,11,175,379,5943,0.251219922598014,0,0,473,1228,21,6191,40,2997,4,40
"951","2020-05-26",117,11,182,378,5943,0.251219922598014,0,0,473,1228,22,6213,40,3037,4,40
"952","2020-05-27",104,11,193,357,5943,0.251219922598014,0,0,473,1228,22,6235,50,3087,3,50
"953","2020-05-28",103,11,260,325,5943,0.251219922598014,0,0,473,1228,28,6263,31,3118,5,31
"954","2020-05-29",101,11,306,313,5943,0.251219922598014,0,0,473,1228,17,6280,50,3168,2,50
"955","2020-05-30",94,11,288,302,5943,0.251219922598014,0,0,473,1228,18,6298,43,3211,6,43
"956","2020-05-31",95,11,276,277,5943,0.251219922598014,0,0,473,1228,24,6322,48,3259,9,48
"957","2020-06-01",90,11,251,264,5943,0.251219922598014,0,0,473,1228,14,6336,33,3292,1,33
"958","2020-06-02",84,11,237,256,5943,0.251219922598014,0,0,473,1228,17,6353,39,3331,5,39
"959","2020-06-03",82,11,230,251,5943,0.251219922598014,0,0,473,1228,19,6372,35,3366,2,35
"960","2020-06-04",77,11,206,236,5943,0.251219922598014,0,0,473,1228,17,6389,36,3402,4,36
"961","2020-06-05",68,11,195,238,5943,0.251219922598014,0,0,473,1228,14,6403,40,3442,5,40
"962","2020-06-06",64,11,171,217,5943,0.251219922598014,0,0,473,1228,17,6420,72,3514,2,72
"963","2020-06-07",65,11,208,224,5943,0.251219922598014,0,0,473,1228,11,6431,76,3590,NA,76
"964","2020-03-13",3,12,109,197,6674,0.197632604135451,0,0,602,1081,43,119,44,125,5,44
"965","2020-03-14",9,12,138,290,6674,0.197632604135451,0,0,602,1081,62,181,32,157,26,32
"966","2020-03-15",14,12,143,367,6674,0.197632604135451,0,0,602,1081,48,229,12,169,24,12
"967","2020-03-16",26,12,142,431,6674,0.197632604135451,0,0,602,1081,62,291,8,177,32,8
"968","2020-03-17",44,12,160,521,6674,0.197632604135451,0,0,602,1081,69,360,7,184,39,7
"969","2020-03-18",59,12,166,614,6674,0.197632604135451,0,0,602,1081,76,436,27,211,48,27
"970","2020-03-19",81,12,157,680,6674,0.197632604135451,0,0,602,1081,74,510,46,257,43,46
"971","2020-03-20",112,12,166,758,6674,0.197632604135451,0,0,602,1081,92,602,59,316,62,59
"972","2020-03-21",134,12,163,804,6674,0.197632604135451,0,0,602,1081,91,693,78,394,61,78
"973","2020-03-22",158,12,171,865,6674,0.197632604135451,0,0,602,1081,96,789,81,475,70,81
"974","2020-03-23",193,12,159,939,6674,0.197632604135451,0,0,602,1081,79,868,61,536,44,61
"975","2020-03-24",213,12,170,961,6674,0.197632604135451,0,0,602,1081,96,964,56,592,72,56
"976","2020-03-25",237,12,176,994,6674,0.197632604135451,0,0,602,1081,119,1083,56,648,90,56
"977","2020-03-26",254,12,207,1009,6674,0.197632604135451,0,0,602,1081,105,1188,27,675,61,27
"978","2020-03-27",262,12,190,1049,6674,0.197632604135451,0,0,602,1081,107,1295,25,700,79,25
"979","2020-03-28",286,12,224,1068,6674,0.197632604135451,0,0,602,1081,95,1390,26,726,54,26
"980","2020-03-29",284,12,220,1078,6674,0.197632604135451,0,0,602,1081,98,1488,63,789,73,63
"981","2020-03-30",273,12,208,1069,6674,0.197632604135451,0,0,602,1081,129,1617,53,842,95,53
"982","2020-03-31",283,12,207,1077,6674,0.197632604135451,0,0,602,1081,111,1728,55,897,77,55
"983","2020-04-01",293,12,205,1086,6674,0.197632604135451,0,0,602,1081,101,1829,32,929,69,32
"984","2020-04-02",299,12,205,1078,6674,0.197632604135451,0,0,602,1081,114,1943,18,947,74,18
"985","2020-04-03",298,12,224,1086,6674,0.197632604135451,0,0,602,1081,105,2048,15,962,71,15
"986","2020-04-04",286,12,227,1082,6674,0.197632604135451,0,0,602,1081,96,2144,8,970,62,8
"987","2020-04-05",307,12,244,1095,6674,0.197632604135451,0,0,602,1081,110,2254,18,988,78,18
"988","2020-04-06",307,12,268,1097,6674,0.197632604135451,0,0,602,1081,127,2381,57,1045,86,57
"989","2020-04-07",295,12,259,1079,6674,0.197632604135451,0,0,602,1081,116,2497,36,1081,76,36
"990","2020-04-08",288,12,255,1059,6674,0.197632604135451,0,0,602,1081,115,2612,47,1128,86,47
"991","2020-04-09",290,12,248,1043,6674,0.197632604135451,0,0,602,1081,125,2737,22,1150,89,22
"992","2020-04-10",283,12,233,1046,6674,0.197632604135451,0,0,602,1081,107,2844,20,1170,65,20
"993","2020-04-11",272,12,200,1066,6674,0.197632604135451,0,0,602,1081,127,2971,18,1188,75,18
"994","2020-04-12",254,12,194,1036,6674,0.197632604135451,0,0,602,1081,108,3079,25,1213,75,25
"995","2020-04-13",265,12,216,1038,6674,0.197632604135451,0,0,602,1081,105,3184,49,1262,77,49
"996","2020-04-14",264,12,206,1043,6674,0.197632604135451,0,0,602,1081,99,3283,34,1296,72,34
"997","2020-04-15",260,12,205,1037,6674,0.197632604135451,0,0,602,1081,106,3389,11,1307,70,11
"998","2020-04-16",243,12,252,1035,6674,0.197632604135451,0,0,602,1081,85,3474,15,1322,56,15
"999","2020-04-17",248,12,251,1020,6674,0.197632604135451,0,0,602,1081,84,3558,61,1383,50,61
"1000","2020-04-18",260,12,245,1001,6674,0.197632604135451,0,0,602,1081,92,3650,30,1413,58,30
"1001","2020-04-19",276,12,263,995,6674,0.197632604135451,0,0,602,1081,79,3729,12,1425,42,12
"1002","2020-04-20",265,12,255,990,6674,0.197632604135451,0,0,602,1081,74,3803,20,1445,45,20
"1003","2020-04-21",268,12,259,965,6674,0.197632604135451,0,0,602,1081,69,3872,68,1513,40,68
"1004","2020-04-22",260,12,232,967,6674,0.197632604135451,0,0,602,1081,70,3942,71,1584,46,71
"1005","2020-04-23",275,12,220,964,6674,0.197632604135451,0,0,602,1081,73,4015,44,1628,43,44
"1006","2020-04-24",266,12,242,954,6674,0.197632604135451,0,0,602,1081,63,4078,33,1661,31,33
"1007","2020-04-25",258,12,221,930,6674,0.197632604135451,0,0,602,1081,62,4140,29,1690,35,29
"1008","2020-04-26",249,12,217,906,6674,0.197632604135451,0,0,602,1081,49,4189,32,1722,30,32
"1009","2020-04-27",253,12,189,898,6674,0.197632604135451,0,0,602,1081,65,4254,16,1738,38,16
"1010","2020-04-28",248,12,188,894,6674,0.197632604135451,0,0,602,1081,78,4332,10,1748,42,10
"1011","2020-04-29",250,12,180,898,6674,0.197632604135451,0,0,602,1081,54,4386,26,1774,27,26
"1012","2020-04-30",243,12,186,916,6674,0.197632604135451,0,0,602,1081,56,4442,21,1795,28,21
"1013","2020-05-01",253,12,186,896,6674,0.197632604135451,0,0,602,1081,70,4512,33,1828,39,33
"1014","2020-05-02",268,12,182,881,6674,0.197632604135451,0,0,602,1081,68,4580,75,1903,35,75
"1015","2020-05-03",257,12,199,871,6674,0.197632604135451,0,0,602,1081,53,4633,24,1927,29,24
"1016","2020-05-04",248,12,221,854,6674,0.197632604135451,0,0,602,1081,62,4695,35,1962,29,35
"1017","2020-05-05",252,12,217,825,6674,0.197632604135451,0,0,602,1081,40,4735,22,1984,15,22
"1018","2020-05-06",252,12,223,794,6674,0.197632604135451,0,0,602,1081,42,4777,17,2001,27,17
"1019","2020-05-07",237,12,209,763,6674,0.197632604135451,0,0,602,1081,49,4826,18,2019,24,18
"1020","2020-05-08",222,12,224,752,6674,0.197632604135451,0,0,602,1081,31,4857,22,2041,12,22
"1021","2020-05-09",205,12,216,739,6674,0.197632604135451,0,0,602,1081,47,4904,19,2060,24,19
"1022","2020-05-10",196,12,219,724,6674,0.197632604135451,0,0,602,1081,40,4944,16,2076,22,16
"1023","2020-05-11",186,12,208,688,6674,0.197632604135451,0,0,602,1081,45,4989,24,2100,25,24
"1024","2020-05-12",181,12,222,686,6674,0.197632604135451,0,0,602,1081,43,5032,40,2140,16,40
"1025","2020-05-13",181,12,241,672,6674,0.197632604135451,0,0,602,1081,38,5070,42,2182,17,42
"1026","2020-05-14",183,12,283,653,6674,0.197632604135451,0,0,602,1081,35,5105,27,2209,15,27
"1027","2020-05-15",187,12,277,630,6674,0.197632604135451,0,0,602,1081,29,5134,8,2217,13,8
"1028","2020-05-16",180,12,260,613,6674,0.197632604135451,0,0,602,1081,31,5165,7,2224,15,7
"1029","2020-05-17",192,12,256,601,6674,0.197632604135451,0,0,602,1081,35,5200,64,2288,21,64
"1030","2020-05-18",193,12,261,579,6674,0.197632604135451,0,0,602,1081,35,5235,46,2334,19,46
"1031","2020-05-19",183,12,250,566,6674,0.197632604135451,0,0,602,1081,29,5264,34,2368,19,34
"1032","2020-05-20",168,12,247,548,6674,0.197632604135451,0,0,602,1081,21,5285,22,2390,7,22
"1033","2020-05-21",165,12,246,515,6674,0.197632604135451,0,0,602,1081,22,5307,43,2433,12,43
"1034","2020-05-22",151,12,260,487,6674,0.197632604135451,0,0,602,1081,22,5329,28,2461,9,28
"1035","2020-05-23",142,12,268,474,6674,0.197632604135451,0,0,602,1081,23,5352,20,2481,11,20
"1036","2020-05-24",127,12,257,447,6674,0.197632604135451,0,0,602,1081,23,5375,58,2539,11,58
"1037","2020-05-25",123,12,258,424,6674,0.197632604135451,0,0,602,1081,21,5396,62,2601,14,62
"1038","2020-05-26",118,12,245,396,6674,0.197632604135451,0,0,602,1081,17,5413,40,2641,9,40
"1039","2020-05-27",116,12,264,359,6674,0.197632604135451,0,0,602,1081,25,5438,23,2664,15,23
"1040","2020-05-28",107,12,277,359,6674,0.197632604135451,0,0,602,1081,19,5457,26,2690,10,26
"1041","2020-05-29",102,12,260,344,6674,0.197632604135451,0,0,602,1081,19,5476,10,2700,8,10
"1042","2020-05-30",94,12,241,330,6674,0.197632604135451,0,0,602,1081,15,5491,19,2719,9,19
"1043","2020-05-31",93,12,238,314,6674,0.197632604135451,0,0,602,1081,19,5510,49,2768,10,49
"1044","2020-06-01",82,12,214,294,6674,0.197632604135451,0,0,602,1081,22,5532,30,2798,9,30
"1045","2020-06-02",76,12,209,280,6674,0.197632604135451,0,0,602,1081,20,5552,31,2829,7,31
"1046","2020-06-03",75,12,192,261,6674,0.197632604135451,0,0,602,1081,21,5573,60,2889,10,60
"1047","2020-06-04",73,12,190,246,6674,0.197632604135451,0,0,602,1081,17,5590,33,2922,9,33
"1048","2020-06-05",69,12,191,226,6674,0.197632604135451,0,0,602,1081,23,5613,17,2939,16,17
"1049","2020-06-06",70,12,208,210,6674,0.197632604135451,0,0,602,1081,21,5634,15,2954,10,15
"1050","2020-06-07",63,12,233,203,6674,0.197632604135451,0,0,602,1081,15,5649,18,2972,10,18
"1051","2020-03-13",1,13,99,75,3210,0.34018691588785,0,0,313,899,49,154,22,61,3,22
"1052","2020-03-14",4,13,99,98,3210,0.34018691588785,0,0,313,899,59,213,24,85,12,24
"1053","2020-03-15",5,13,121,132,3210,0.34018691588785,0,0,313,899,57,270,18,103,12,18
"1054","2020-03-16",11,13,139,161,3210,0.34018691588785,0,0,313,899,70,340,16,119,14,16
"1055","2020-03-17",16,13,151,199,3210,0.34018691588785,0,0,313,899,54,394,20,139,15,20
"1056","2020-03-18",23,13,178,235,3210,0.34018691588785,0,0,313,899,71,465,10,149,24,10
"1057","2020-03-19",31,13,168,251,3210,0.34018691588785,0,0,313,899,62,527,12,161,25,12
"1058","2020-03-20",43,13,190,274,3210,0.34018691588785,0,0,313,899,67,594,40,201,22,40
"1059","2020-03-21",50,13,207,289,3210,0.34018691588785,0,0,313,899,88,682,47,248,39,47
"1060","2020-03-22",62,13,216,307,3210,0.34018691588785,0,0,313,899,75,757,24,272,22,24
"1061","2020-03-23",65,13,226,335,3210,0.34018691588785,0,0,313,899,88,845,11,283,32,11
"1062","2020-03-24",72,13,224,355,3210,0.34018691588785,0,0,313,899,76,921,28,311,28,28
"1063","2020-03-25",79,13,228,357,3210,0.34018691588785,0,0,313,899,117,1038,17,328,42,17
"1064","2020-03-26",90,13,262,375,3210,0.34018691588785,0,0,313,899,93,1131,26,354,30,26
"1065","2020-03-27",95,13,280,382,3210,0.34018691588785,0,0,313,899,105,1236,46,400,40,46
"1066","2020-03-28",105,13,300,398,3210,0.34018691588785,0,0,313,899,74,1310,17,417,33,17
"1067","2020-03-29",101,13,321,406,3210,0.34018691588785,0,0,313,899,76,1386,21,438,26,21
"1068","2020-03-30",109,13,314,412,3210,0.34018691588785,0,0,313,899,81,1467,26,464,29,26
"1069","2020-03-31",109,13,319,424,3210,0.34018691588785,0,0,313,899,96,1563,34,498,50,34
"1070","2020-04-01",112,13,329,416,3210,0.34018691588785,0,0,313,899,76,1639,22,520,30,22
"1071","2020-04-02",113,13,314,415,3210,0.34018691588785,0,0,313,899,89,1728,22,542,46,22
"1072","2020-04-03",106,13,292,425,3210,0.34018691588785,0,0,313,899,110,1838,31,573,47,31
"1073","2020-04-04",110,13,281,438,3210,0.34018691588785,0,0,313,899,95,1933,28,601,35,28
"1074","2020-04-05",119,13,267,436,3210,0.34018691588785,0,0,313,899,82,2015,51,652,34,51
"1075","2020-04-06",124,13,243,436,3210,0.34018691588785,0,0,313,899,80,2095,48,700,23,48
"1076","2020-04-07",137,13,232,451,3210,0.34018691588785,0,0,313,899,87,2182,38,738,35,38
"1077","2020-04-08",142,13,225,444,3210,0.34018691588785,0,0,313,899,85,2267,37,775,41,37
"1078","2020-04-09",138,13,209,449,3210,0.34018691588785,0,0,313,899,93,2360,45,820,37,45
"1079","2020-04-10",143,13,204,440,3210,0.34018691588785,0,0,313,899,80,2440,41,861,27,41
"1080","2020-04-11",138,13,201,467,3210,0.34018691588785,0,0,313,899,63,2503,19,880,15,19
"1081","2020-04-12",137,13,216,451,3210,0.34018691588785,0,0,313,899,63,2566,19,899,20,19
"1082","2020-04-13",135,13,226,461,3210,0.34018691588785,0,0,313,899,76,2642,22,921,15,22
"1083","2020-04-14",131,13,245,462,3210,0.34018691588785,0,0,313,899,77,2719,8,929,20,8
"1084","2020-04-15",121,13,259,477,3210,0.34018691588785,0,0,313,899,83,2802,27,956,34,27
"1085","2020-04-16",122,13,243,483,3210,0.34018691588785,0,0,313,899,78,2880,54,1010,29,54
"1086","2020-04-17",126,13,245,482,3210,0.34018691588785,0,0,313,899,70,2950,26,1036,19,26
"1087","2020-04-18",123,13,245,479,3210,0.34018691588785,0,0,313,899,75,3025,31,1067,12,31
"1088","2020-04-19",123,13,252,501,3210,0.34018691588785,0,0,313,899,61,3086,28,1095,13,28
"1089","2020-04-20",128,13,250,508,3210,0.34018691588785,0,0,313,899,74,3160,50,1145,21,50
"1090","2020-04-21",124,13,240,513,3210,0.34018691588785,0,0,313,899,68,3228,53,1198,23,53
"1091","2020-04-22",128,13,216,520,3210,0.34018691588785,0,0,313,899,56,3284,55,1253,16,55
"1092","2020-04-23",128,13,223,511,3210,0.34018691588785,0,0,313,899,62,3346,45,1298,13,45
"1093","2020-04-24",127,13,224,508,3210,0.34018691588785,0,0,313,899,59,3405,36,1334,9,36
"1094","2020-04-25",131,13,220,504,3210,0.34018691588785,0,0,313,899,68,3473,37,1371,20,37
"1095","2020-04-26",132,13,219,497,3210,0.34018691588785,0,0,313,899,56,3529,31,1402,12,31
"1096","2020-04-27",126,13,213,502,3210,0.34018691588785,0,0,313,899,75,3604,31,1433,27,31
"1097","2020-04-28",124,13,221,518,3210,0.34018691588785,0,0,313,899,82,3686,25,1458,19,25
"1098","2020-04-29",123,13,227,509,3210,0.34018691588785,0,0,313,899,66,3752,11,1469,13,11
"1099","2020-04-30",123,13,257,518,3210,0.34018691588785,0,0,313,899,70,3822,20,1489,20,20
"1100","2020-05-01",120,13,251,506,3210,0.34018691588785,0,0,313,899,62,3884,57,1546,16,57
"1101","2020-05-02",124,13,242,503,3210,0.34018691588785,0,0,313,899,66,3950,62,1608,17,62
"1102","2020-05-03",122,13,248,487,3210,0.34018691588785,0,0,313,899,60,4010,48,1656,18,48
"1103","2020-05-04",124,13,260,483,3210,0.34018691588785,0,0,313,899,50,4060,64,1720,17,64
"1104","2020-05-05",134,13,257,456,3210,0.34018691588785,0,0,313,899,53,4113,30,1750,10,30
"1105","2020-05-06",135,13,263,450,3210,0.34018691588785,0,0,313,899,55,4168,18,1768,11,18
"1106","2020-05-07",145,13,254,440,3210,0.34018691588785,0,0,313,899,49,4217,15,1783,9,15
"1107","2020-05-08",148,13,248,440,3210,0.34018691588785,0,0,313,899,48,4265,15,1798,9,15
"1108","2020-05-09",137,13,244,436,3210,0.34018691588785,0,0,313,899,47,4312,12,1810,12,12
"1109","2020-05-10",138,13,247,428,3210,0.34018691588785,0,0,313,899,52,4364,10,1820,14,10
"1110","2020-05-11",129,13,261,419,3210,0.34018691588785,0,0,313,899,53,4417,8,1828,13,8
"1111","2020-05-12",123,13,274,411,3210,0.34018691588785,0,0,313,899,60,4477,15,1843,16,15
"1112","2020-05-13",121,13,297,384,3210,0.34018691588785,0,0,313,899,48,4525,47,1890,14,47
"1113","2020-05-14",114,13,283,379,3210,0.34018691588785,0,0,313,899,45,4570,65,1955,10,65
"1114","2020-05-15",110,13,288,371,3210,0.34018691588785,0,0,313,899,30,4600,40,1995,6,40
"1115","2020-05-16",115,13,281,361,3210,0.34018691588785,0,0,313,899,27,4627,32,2027,10,32
"1116","2020-05-17",111,13,289,361,3210,0.34018691588785,0,0,313,899,38,4665,39,2066,13,39
"1117","2020-05-18",114,13,297,360,3210,0.34018691588785,0,0,313,899,27,4692,37,2103,5,37
"1118","2020-05-19",105,13,287,370,3210,0.34018691588785,0,0,313,899,37,4729,34,2137,10,34
"1119","2020-05-20",112,13,277,356,3210,0.34018691588785,0,0,313,899,34,4763,40,2177,8,40
"1120","2020-05-21",112,13,294,358,3210,0.34018691588785,0,0,313,899,19,4782,17,2194,4,17
"1121","2020-05-22",113,13,317,353,3210,0.34018691588785,0,0,313,899,30,4812,17,2211,5,17
"1122","2020-05-23",117,13,324,354,3210,0.34018691588785,0,0,313,899,28,4840,26,2237,6,26
"1123","2020-05-24",120,13,313,342,3210,0.34018691588785,0,0,313,899,17,4857,38,2275,3,38
"1124","2020-05-25",117,13,320,315,3210,0.34018691588785,0,0,313,899,25,4882,34,2309,5,34
"1125","2020-05-26",119,13,306,300,3210,0.34018691588785,0,0,313,899,23,4905,36,2345,4,36
"1126","2020-05-27",111,13,301,285,3210,0.34018691588785,0,0,313,899,23,4928,19,2364,8,19
"1127","2020-05-28",98,13,296,278,3210,0.34018691588785,0,0,313,899,11,4939,30,2394,3,30
"1128","2020-05-29",89,13,277,269,3210,0.34018691588785,0,0,313,899,29,4968,24,2418,6,24
"1129","2020-05-30",70,13,277,246,3210,0.34018691588785,0,0,313,899,17,4985,23,2441,2,23
"1130","2020-05-31",63,13,264,237,3210,0.34018691588785,0,0,313,899,21,5006,41,2482,4,41
"1131","2020-06-01",56,13,256,230,3210,0.34018691588785,0,0,313,899,23,5029,23,2505,7,23
"1132","2020-06-02",52,13,281,227,3210,0.34018691588785,0,0,313,899,23,5052,19,2524,6,19
"1133","2020-06-03",52,13,265,223,3210,0.34018691588785,0,0,313,899,19,5071,35,2559,5,35
"1134","2020-06-04",54,13,252,203,3210,0.34018691588785,0,0,313,899,19,5090,29,2588,3,29
"1135","2020-06-05",56,13,255,198,3210,0.34018691588785,0,0,313,899,21,5111,19,2607,7,19
"1136","2020-06-06",59,13,261,186,3210,0.34018691588785,0,0,313,899,16,5127,4,2611,6,4
"1137","2020-06-07",61,13,275,181,3210,0.34018691588785,0,0,313,899,20,5147,11,2622,7,11
"1138","2020-03-13",2,14,112,113,7303,0.81418595097905,0,0,625,1199,78,208,38,142,44,38
"1139","2020-03-14",6,14,143,167,7303,0.81418595097905,0,0,625,1199,117,325,56,198,75,56
"1140","2020-03-15",11,14,163,249,7303,0.81418595097905,0,0,625,1199,134,459,33,231,100,33
"1141","2020-03-16",14,14,147,344,7303,0.81418595097905,0,0,625,1199,169,628,52,283,135,52
"1142","2020-03-17",26,14,164,417,7303,0.81418595097905,0,0,625,1199,263,891,64,347,221,64
"1143","2020-03-18",41,14,167,531,7303,0.81418595097905,0,0,625,1199,272,1163,35,382,241,35
"1144","2020-03-19",64,14,167,636,7303,0.81418595097905,0,0,625,1199,381,1544,12,394,348,12
"1145","2020-03-20",80,14,206,713,7303,0.81418595097905,0,0,625,1199,446,1990,9,403,419,9
"1146","2020-03-21",101,14,247,853,7303,0.81418595097905,0,0,625,1199,521,2511,12,415,498,12
"1147","2020-03-22",129,14,234,982,7303,0.81418595097905,0,0,625,1199,513,3024,45,460,478,45
"1148","2020-03-23",169,14,221,1095,7303,0.81418595097905,0,0,625,1199,511,3535,48,508,485,48
"1149","2020-03-24",192,14,256,1199,7303,0.81418595097905,0,0,625,1199,639,4174,30,538,619,30
"1150","2020-03-25",214,14,266,1379,7303,0.81418595097905,0,0,625,1199,620,4794,21,559,602,21
"1151","2020-03-26",248,14,252,1489,7303,0.81418595097905,0,0,625,1199,435,5229,14,573,417,14
"1152","2020-03-27",301,14,224,1615,7303,0.81418595097905,0,0,625,1199,499,5728,42,615,484,42
"1153","2020-03-28",325,14,211,1729,7303,0.81418595097905,0,0,625,1199,388,6116,43,658,374,43
"1154","2020-03-29",359,14,244,1826,7303,0.81418595097905,0,0,625,1199,329,6445,24,682,321,24
"1155","2020-03-30",400,14,285,1960,7303,0.81418595097905,0,0,625,1199,282,6727,31,713,273,31
"1156","2020-03-31",450,14,267,2023,7303,0.81418595097905,0,0,625,1199,269,6996,24,737,264,24
"1157","2020-04-01",505,14,243,2155,7303,0.81418595097905,0,0,625,1199,148,7144,21,758,146,21
"1158","2020-04-02",540,14,269,2193,7303,0.81418595097905,0,0,625,1199,140,7284,43,801,131,43
"1159","2020-04-03",558,14,273,2264,7303,0.81418595097905,0,0,625,1199,110,7394,52,853,104,52
"1160","2020-04-04",599,14,266,2270,7303,0.81418595097905,0,0,625,1199,80,7474,51,904,74,51
"1161","2020-04-05",635,14,248,2325,7303,0.81418595097905,0,0,625,1199,59,7533,54,958,56,54
"1162","2020-04-06",647,14,262,2333,7303,0.81418595097905,0,0,625,1199,47,7580,47,1005,43,47
"1163","2020-04-07",656,14,259,2315,7303,0.81418595097905,0,0,625,1199,32,7612,33,1038,32,33
"1164","2020-04-08",647,14,287,2304,7303,0.81418595097905,0,0,625,1199,42,7654,23,1061,41,23
"1165","2020-04-09",640,14,289,2264,7303,0.81418595097905,0,0,625,1199,17,7671,31,1092,16,31
"1166","2020-04-10",649,14,270,2246,7303,0.81418595097905,0,0,625,1199,13,7684,13,1105,10,13
"1167","2020-04-11",637,14,264,2161,7303,0.81418595097905,0,0,625,1199,18,7702,8,1113,14,8
"1168","2020-04-12",631,14,258,2119,7303,0.81418595097905,0,0,625,1199,7,7709,6,1119,4,6
"1169","2020-04-13",629,14,240,2046,7303,0.81418595097905,0,0,625,1199,10,7719,3,1122,7,3
"1170","2020-04-14",631,14,225,1955,7303,0.81418595097905,0,0,625,1199,5,7724,17,1139,4,17
"1171","2020-04-15",611,14,213,1834,7303,0.81418595097905,0,0,625,1199,7,7731,20,1159,6,20
"1172","2020-04-16",612,14,188,1742,7303,0.81418595097905,0,0,625,1199,10,7741,17,1176,4,17
"1173","2020-04-17",575,14,201,1602,7303,0.81418595097905,0,0,625,1199,7,7748,43,1219,7,43
"1174","2020-04-18",556,14,232,1498,7303,0.81418595097905,0,0,625,1199,1,7749,42,1261,NA,42
"1175","2020-04-19",524,14,234,1383,7303,0.81418595097905,0,0,625,1199,1,7750,24,1285,1,24
"1176","2020-04-20",487,14,225,1244,7303,0.81418595097905,0,0,625,1199,3,7753,38,1323,1,38
"1177","2020-04-21",454,14,214,1134,7303,0.81418595097905,0,0,625,1199,3,7756,29,1352,3,29
"1178","2020-04-22",438,14,217,1062,7303,0.81418595097905,0,0,625,1199,3,7759,12,1364,1,12
"1179","2020-04-23",385,14,235,1010,7303,0.81418595097905,0,0,625,1199,7,7766,31,1395,3,31
"1180","2020-04-24",360,14,240,931,7303,0.81418595097905,0,0,625,1199,3,7769,29,1424,3,29
"1181","2020-04-25",345,14,292,823,7303,0.81418595097905,0,0,625,1199,6,7775,21,1445,2,21
"1182","2020-04-26",323,14,281,772,7303,0.81418595097905,0,0,625,1199,2,7777,14,1459,2,14
"1183","2020-04-27",297,14,270,707,7303,0.81418595097905,0,0,625,1199,3,7780,27,1486,2,27
"1184","2020-04-28",272,14,260,657,7303,0.81418595097905,0,0,625,1199,1,7781,50,1536,NA,50
"1185","2020-04-29",246,14,264,616,7303,0.81418595097905,0,0,625,1199,3,7784,15,1551,1,15
"1186","2020-04-30",241,14,296,568,7303,0.81418595097905,0,0,625,1199,1,7785,20,1571,NA,20
"1187","2020-05-01",221,14,296,523,7303,0.81418595097905,0,0,625,1199,NA,NA,10,1581,NA,10
"1188","2020-05-02",205,14,291,467,7303,0.81418595097905,0,0,625,1199,1,7786,8,1589,1,8
"1189","2020-05-03",188,14,274,436,7303,0.81418595097905,0,0,625,1199,4,7790,10,1599,2,10
"1190","2020-05-04",176,14,286,391,7303,0.81418595097905,0,0,625,1199,3,7793,8,1607,2,8
"1191","2020-05-05",152,14,276,354,7303,0.81418595097905,0,0,625,1199,1,7794,13,1620,1,13
"1192","2020-05-06",148,14,262,311,7303,0.81418595097905,0,0,625,1199,2,7796,25,1645,1,25
"1193","2020-05-07",133,14,273,287,7303,0.81418595097905,0,0,625,1199,3,7799,17,1662,2,17
"1194","2020-05-08",125,14,268,273,7303,0.81418595097905,0,0,625,1199,2,7801,16,1678,NA,16
"1195","2020-05-09",109,14,259,261,7303,0.81418595097905,0,0,625,1199,1,7802,20,1698,NA,20
"1196","2020-05-10",91,14,248,250,7303,0.81418595097905,0,0,625,1199,4,7806,26,1724,1,26
"1197","2020-05-11",79,14,261,223,7303,0.81418595097905,0,0,625,1199,3,7809,38,1762,NA,38
"1198","2020-05-12",71,14,262,206,7303,0.81418595097905,0,0,625,1199,1,7810,16,1778,1,16
"1199","2020-05-13",64,14,261,185,7303,0.81418595097905,0,0,625,1199,2,7812,9,1787,1,9
"1200","2020-05-14",58,14,277,170,7303,0.81418595097905,0,0,625,1199,1,7813,22,1809,1,22
"1201","2020-05-15",60,14,304,165,7303,0.81418595097905,0,0,625,1199,2,7815,45,1854,1,45
"1202","2020-05-16",53,14,290,157,7303,0.81418595097905,0,0,625,1199,2,7817,20,1874,NA,20
"1203","2020-05-17",50,14,309,161,7303,0.81418595097905,0,0,625,1199,3,7820,59,1933,1,59
"1204","2020-05-18",50,14,302,160,7303,0.81418595097905,0,0,625,1199,3,7823,40,1973,1,40
"1205","2020-05-19",49,14,278,156,7303,0.81418595097905,0,0,625,1199,2,7825,52,2025,1,52
"1206","2020-05-20",42,14,279,160,7303,0.81418595097905,0,0,625,1199,2,7827,32,2057,1,32
"1207","2020-05-21",38,14,268,158,7303,0.81418595097905,0,0,625,1199,1,7828,21,2078,1,21
"1208","2020-05-22",33,14,246,149,7303,0.81418595097905,0,0,625,1199,NA,NA,14,2092,NA,14
"1209","2020-05-23",36,14,248,146,7303,0.81418595097905,0,0,625,1199,2,7830,29,2121,1,29
"1210","2020-05-24",40,14,249,146,7303,0.81418595097905,0,0,625,1199,2,7832,21,2142,1,21
"1211","2020-05-25",39,14,253,147,7303,0.81418595097905,0,0,625,1199,NA,NA,18,2160,NA,18
"1212","2020-05-26",41,14,253,140,7303,0.81418595097905,0,0,625,1199,3,7835,54,2214,1,54
"1213","2020-05-27",42,14,258,138,7303,0.81418595097905,0,0,625,1199,2,7837,31,2245,2,31
"1214","2020-05-28",46,14,291,134,7303,0.81418595097905,0,0,625,1199,1,7838,15,2260,1,15
"1215","2020-05-29",45,14,311,128,7303,0.81418595097905,0,0,625,1199,2,7840,11,2271,NA,11
"1216","2020-05-30",41,14,289,133,7303,0.81418595097905,0,0,625,1199,NA,NA,13,2284,NA,13
"1217","2020-05-31",36,14,276,126,7303,0.81418595097905,0,0,625,1199,2,7842,46,2330,1,46
"1218","2020-06-01",32,14,269,113,7303,0.81418595097905,0,0,625,1199,1,7843,28,2358,1,28
"1219","2020-06-02",29,14,255,111,7303,0.81418595097905,0,0,625,1199,2,7845,51,2409,2,51
"1220","2020-06-03",28,14,259,110,7303,0.81418595097905,0,0,625,1199,NA,NA,32,2441,NA,32
"1221","2020-06-04",26,14,243,99,7303,0.81418595097905,0,0,625,1199,NA,NA,44,2485,NA,44
"1222","2020-06-05",26,14,252,100,7303,0.81418595097905,0,0,625,1199,1,7846,27,2512,NA,27
"1223","2020-06-06",26,14,235,96,7303,0.81418595097905,0,0,625,1199,NA,NA,37,2549,NA,37
"1224","2020-06-07",24,14,259,89,7303,0.81418595097905,0,0,625,1199,1,7847,49,2598,NA,49
"1225","2020-03-14",7,15,233,476,9509,0.741297717951414,0,0,854,2016,90,358,16,57,10,16
"1226","2020-03-15",22,15,283,678,9509,0.741297717951414,0,0,854,2016,101,459,23,80,21,23
"1227","2020-03-16",47,15,274,966,9509,0.741297717951414,0,0,854,2016,96,555,35,115,17,35
"1228","2020-03-17",73,15,253,1328,9509,0.741297717951414,0,0,854,2016,104,659,25,140,18,25
"1229","2020-03-18",115,15,242,1709,9509,0.741297717951414,0,0,854,2016,96,755,20,160,21,20
"1230","2020-03-19",178,15,231,2310,9509,0.741297717951414,0,0,854,2016,115,870,17,177,33,17
"1231","2020-03-20",256,15,252,2839,9509,0.741297717951414,0,0,854,2016,110,980,24,201,37,24
"1232","2020-03-21",347,15,239,3407,9509,0.741297717951414,0,0,854,2016,112,1092,35,236,38,35
"1233","2020-03-22",439,15,225,4029,9509,0.741297717951414,0,0,854,2016,103,1195,34,270,31,34
"1234","2020-03-23",564,15,216,4496,9509,0.741297717951414,0,0,854,2016,121,1316,15,285,33,15
"1235","2020-03-24",719,15,206,4884,9509,0.741297717951414,0,0,854,2016,119,1435,15,300,35,15
"1236","2020-03-25",894,15,245,5205,9509,0.741297717951414,0,0,854,2016,139,1574,39,339,44,39
"1237","2020-03-26",1036,15,296,5343,9509,0.741297717951414,0,0,854,2016,127,1701,46,385,44,46
"1238","2020-03-27",1169,15,271,5454,9509,0.741297717951414,0,0,854,2016,119,1820,27,412,41,27
"1239","2020-03-28",1297,15,241,5391,9509,0.741297717951414,0,0,854,2016,114,1934,32,444,39,32
"1240","2020-03-29",1426,15,227,5220,9509,0.741297717951414,0,0,854,2016,116,2050,28,472,39,28
"1241","2020-03-30",1494,15,266,4908,9509,0.741297717951414,0,0,854,2016,86,2136,19,491,27,19
"1242","2020-03-31",1510,15,278,4563,9509,0.741297717951414,0,0,854,2016,128,2264,35,526,48,35
"1243","2020-04-01",1463,15,286,4174,9509,0.741297717951414,0,0,854,2016,104,2368,40,566,33,40
"1244","2020-04-02",1431,15,268,3735,9509,0.741297717951414,0,0,854,2016,127,2495,31,597,36,31
"1245","2020-04-03",1369,15,262,3280,9509,0.741297717951414,0,0,854,2016,119,2614,14,611,36,14
"1246","2020-04-04",1278,15,277,2843,9509,0.741297717951414,0,0,854,2016,98,2712,17,628,26,17
"1247","2020-04-05",1153,15,265,2447,9509,0.741297717951414,0,0,854,2016,124,2836,42,670,32,42
"1248","2020-04-06",1032,15,255,2086,9509,0.741297717951414,0,0,854,2016,96,2932,22,692,32,22
"1249","2020-04-07",900,15,258,1770,9509,0.741297717951414,0,0,854,2016,103,3035,34,726,30,34
"1250","2020-04-08",788,15,224,1480,9509,0.741297717951414,0,0,854,2016,108,3143,16,742,30,16
"1251","2020-04-09",660,15,217,1203,9509,0.741297717951414,0,0,854,2016,91,3234,18,760,22,18
"1252","2020-04-10",550,15,251,1004,9509,0.741297717951414,0,0,854,2016,89,3323,17,777,16,17
"1253","2020-04-11",429,15,250,848,9509,0.741297717951414,0,0,854,2016,100,3423,28,805,22,28
"1254","2020-04-12",346,15,243,696,9509,0.741297717951414,0,0,854,2016,92,3515,17,822,24,17
"1255","2020-04-13",268,15,225,580,9509,0.741297717951414,0,0,854,2016,85,3600,8,830,15,8
"1256","2020-04-14",223,15,265,503,9509,0.741297717951414,0,0,854,2016,95,3695,39,869,16,39
"1257","2020-04-15",177,15,303,431,9509,0.741297717951414,0,0,854,2016,92,3787,37,906,28,37
"1258","2020-04-16",142,15,296,355,9509,0.741297717951414,0,0,854,2016,101,3888,40,946,21,40
"1259","2020-04-17",114,15,296,296,9509,0.741297717951414,0,0,854,2016,87,3975,36,982,15,36
"1260","2020-04-18",107,15,265,254,9509,0.741297717951414,0,0,854,2016,87,4062,19,1001,12,19
"1261","2020-04-19",86,15,255,227,9509,0.741297717951414,0,0,854,2016,83,4145,27,1028,19,27
"1262","2020-04-20",72,15,260,193,9509,0.741297717951414,0,0,854,2016,84,4229,43,1071,22,43
"1263","2020-04-21",54,15,251,160,9509,0.741297717951414,0,0,854,2016,70,4299,32,1103,9,32
"1264","2020-04-22",44,15,248,137,9509,0.741297717951414,0,0,854,2016,81,4380,30,1133,17,30
"1265","2020-04-23",38,15,280,126,9509,0.741297717951414,0,0,854,2016,68,4448,29,1162,16,29
"1266","2020-04-24",27,15,294,105,9509,0.741297717951414,0,0,854,2016,76,4524,75,1237,18,75
"1267","2020-04-25",24,15,301,98,9509,0.741297717951414,0,0,854,2016,73,4597,50,1287,14,50
"1268","2020-04-26",23,15,279,88,9509,0.741297717951414,0,0,854,2016,75,4672,21,1308,17,21
"1269","2020-04-27",21,15,241,78,9509,0.741297717951414,0,0,854,2016,80,4752,25,1333,6,25
"1270","2020-04-28",23,15,265,72,9509,0.741297717951414,0,0,854,2016,68,4820,27,1360,10,27
"1271","2020-04-29",21,15,261,65,9509,0.741297717951414,0,0,854,2016,79,4899,22,1382,15,22
"1272","2020-04-30",18,15,265,62,9509,0.741297717951414,0,0,854,2016,69,4968,49,1431,6,49
"1273","2020-05-01",19,15,239,59,9509,0.741297717951414,0,0,854,2016,59,5027,65,1496,10,65
"1274","2020-05-02",17,15,262,49,9509,0.741297717951414,0,0,854,2016,72,5099,38,1534,7,38
"1275","2020-05-03",11,15,255,47,9509,0.741297717951414,0,0,854,2016,61,5160,54,1588,11,54
"1276","2020-05-04",9,15,258,38,9509,0.741297717951414,0,0,854,2016,53,5213,24,1612,11,24
"1277","2020-05-05",5,15,255,35,9509,0.741297717951414,0,0,854,2016,64,5277,17,1629,9,17
"1278","2020-05-06",6,15,245,31,9509,0.741297717951414,0,0,854,2016,61,5338,23,1652,10,23
"1279","2020-05-07",7,15,338,31,9509,0.741297717951414,0,0,854,2016,49,5387,13,1665,7,13
"1280","2020-05-08",8,15,357,32,9509,0.741297717951414,0,0,854,2016,55,5442,19,1684,4,19
"1281","2020-05-09",8,15,336,32,9509,0.741297717951414,0,0,854,2016,58,5500,56,1740,14,56
"1282","2020-05-10",9,15,288,29,9509,0.741297717951414,0,0,854,2016,39,5539,23,1763,4,23
"1283","2020-05-11",9,15,264,30,9509,0.741297717951414,0,0,854,2016,53,5592,21,1784,10,21
"1284","2020-05-12",9,15,240,28,9509,0.741297717951414,0,0,854,2016,57,5649,18,1802,6,18
"1285","2020-05-13",10,15,284,26,9509,0.741297717951414,0,0,854,2016,34,5683,33,1835,3,33
"1286","2020-05-14",10,15,265,29,9509,0.741297717951414,0,0,854,2016,45,5728,24,1859,7,24
"1287","2020-05-15",8,15,267,25,9509,0.741297717951414,0,0,854,2016,40,5768,19,1878,9,19
"1288","2020-05-16",10,15,251,26,9509,0.741297717951414,0,0,854,2016,40,5808,38,1916,12,38
"1289","2020-05-17",11,15,221,27,9509,0.741297717951414,0,0,854,2016,29,5837,56,1972,4,56
"1290","2020-05-18",10,15,205,23,9509,0.741297717951414,0,0,854,2016,33,5870,50,2022,6,50
"1291","2020-05-19",10,15,187,24,9509,0.741297717951414,0,0,854,2016,37,5907,52,2074,8,52
"1292","2020-05-20",9,15,233,21,9509,0.741297717951414,0,0,854,2016,33,5940,49,2123,3,49
"1293","2020-05-21",7,15,263,20,9509,0.741297717951414,0,0,854,2016,29,5969,34,2157,4,34
"1294","2020-05-22",8,15,319,16,9509,0.741297717951414,0,0,854,2016,24,5993,46,2203,NA,46
"1295","2020-05-23",4,15,310,15,9509,0.741297717951414,0,0,854,2016,37,6030,22,2225,3,22
"1296","2020-05-24",2,15,286,16,9509,0.741297717951414,0,0,854,2016,24,6054,16,2241,2,16
"1297","2020-05-25",2,15,279,14,9509,0.741297717951414,0,0,854,2016,25,6079,36,2277,6,36
"1298","2020-05-26",4,15,297,12,9509,0.741297717951414,0,0,854,2016,21,6100,49,2326,5,49
"1299","2020-05-27",3,15,304,12,9509,0.741297717951414,0,0,854,2016,33,6133,23,2349,3,23
"1300","2020-05-28",3,15,278,13,9509,0.741297717951414,0,0,854,2016,27,6160,40,2389,2,40
"1301","2020-05-29",3,15,274,12,9509,0.741297717951414,0,0,854,2016,16,6176,25,2414,2,25
"1302","2020-05-30",3,15,256,8,9509,0.741297717951414,0,0,854,2016,27,6203,12,2426,2,12
"1303","2020-05-31",3,15,228,8,9509,0.741297717951414,0,0,854,2016,20,6223,41,2467,3,41
"1304","2020-06-01",3,15,218,9,9509,0.741297717951414,0,0,854,2016,16,6239,22,2489,3,22
"1305","2020-06-02",2,15,238,8,9509,0.741297717951414,0,0,854,2016,11,6250,16,2505,NA,16
"1306","2020-06-03",2,15,255,8,9509,0.741297717951414,0,0,854,2016,19,6269,16,2521,2,16
"1307","2020-06-04",3,15,241,7,9509,0.741297717951414,0,0,854,2016,11,6280,13,2534,4,13
"1308","2020-06-05",2,15,211,7,9509,0.741297717951414,0,0,854,2016,16,6296,22,2556,2,22
"1309","2020-06-06",2,15,234,6,9509,0.741297717951414,0,0,854,2016,15,6311,29,2585,2,29
"1310","2020-06-07",3,15,240,5,9509,0.741297717951414,0,0,854,2016,18,6329,38,2623,3,38
"1311","2020-03-13",1,16,184,76,4024,0.437375745526839,0,0,357,1580,80,208,39,122,11,39
"1312","2020-03-14",1,16,189,104,4024,0.437375745526839,0,0,357,1580,76,284,30,152,23,30
"1313","2020-03-15",3,16,203,146,4024,0.437375745526839,0,0,357,1580,74,358,36,188,21,36
"1314","2020-03-16",8,16,206,178,4024,0.437375745526839,0,0,357,1580,78,436,34,222,19,34
"1315","2020-03-17",12,16,189,220,4024,0.437375745526839,0,0,357,1580,79,515,29,251,29,29
"1316","2020-03-18",23,16,187,257,4024,0.437375745526839,0,0,357,1580,84,599,62,313,32,62
"1317","2020-03-19",35,16,179,289,4024,0.437375745526839,0,0,357,1580,87,686,71,384,29,71
"1318","2020-03-20",45,16,182,325,4024,0.437375745526839,0,0,357,1580,107,793,39,423,32,39
"1319","2020-03-21",57,16,175,355,4024,0.437375745526839,0,0,357,1580,83,876,39,462,22,39
"1320","2020-03-22",85,16,204,393,4024,0.437375745526839,0,0,357,1580,94,970,62,524,38,62
"1321","2020-03-23",94,16,230,428,4024,0.437375745526839,0,0,357,1580,102,1072,61,585,39,61
"1322","2020-03-24",105,16,229,455,4024,0.437375745526839,0,0,357,1580,107,1179,44,629,43,44
"1323","2020-03-25",108,16,232,478,4024,0.437375745526839,0,0,357,1580,90,1269,30,659,35,30
"1324","2020-03-26",107,16,270,488,4024,0.437375745526839,0,0,357,1580,98,1367,74,733,49,74
"1325","2020-03-27",114,16,281,505,4024,0.437375745526839,0,0,357,1580,115,1482,60,793,52,60
"1326","2020-03-28",124,16,267,505,4024,0.437375745526839,0,0,357,1580,101,1583,52,845,33,52
"1327","2020-03-29",111,16,285,507,4024,0.437375745526839,0,0,357,1580,101,1684,32,877,36,32
"1328","2020-03-30",112,16,249,496,4024,0.437375745526839,0,0,357,1580,103,1787,30,907,39,30
"1329","2020-03-31",117,16,246,525,4024,0.437375745526839,0,0,357,1580,94,1881,33,940,50,33
"1330","2020-04-01",129,16,242,522,4024,0.437375745526839,0,0,357,1580,103,1984,30,970,42,30
"1331","2020-04-02",140,16,228,540,4024,0.437375745526839,0,0,357,1580,91,2075,28,998,39,28
"1332","2020-04-03",146,16,215,561,4024,0.437375745526839,0,0,357,1580,123,2198,42,1040,44,42
"1333","2020-04-04",145,16,214,581,4024,0.437375745526839,0,0,357,1580,110,2308,34,1074,52,34
"1334","2020-04-05",153,16,251,584,4024,0.437375745526839,0,0,357,1580,97,2405,34,1108,45,34
"1335","2020-04-06",156,16,238,618,4024,0.437375745526839,0,0,357,1580,96,2501,33,1141,34,33
"1336","2020-04-07",157,16,252,615,4024,0.437375745526839,0,0,357,1580,91,2592,41,1182,23,41
"1337","2020-04-08",165,16,230,611,4024,0.437375745526839,0,0,357,1580,97,2689,41,1223,37,41
"1338","2020-04-09",177,16,213,628,4024,0.437375745526839,0,0,357,1580,100,2789,43,1266,37,43
"1339","2020-04-10",173,16,206,629,4024,0.437375745526839,0,0,357,1580,110,2899,42,1308,41,42
"1340","2020-04-11",172,16,226,657,4024,0.437375745526839,0,0,357,1580,101,3000,51,1359,35,51
"1341","2020-04-12",171,16,243,651,4024,0.437375745526839,0,0,357,1580,71,3071,44,1403,20,44
"1342","2020-04-13",181,16,266,647,4024,0.437375745526839,0,0,357,1580,101,3172,33,1436,31,33
"1343","2020-04-14",190,16,246,647,4024,0.437375745526839,0,0,357,1580,74,3246,31,1467,24,31
"1344","2020-04-15",177,16,248,646,4024,0.437375745526839,0,0,357,1580,113,3359,25,1492,41,25
"1345","2020-04-16",169,16,255,654,4024,0.437375745526839,0,0,357,1580,78,3437,64,1556,32,64
"1346","2020-04-17",178,16,268,652,4024,0.437375745526839,0,0,357,1580,85,3522,47,1603,33,47
"1347","2020-04-18",187,16,275,660,4024,0.437375745526839,0,0,357,1580,85,3607,62,1665,31,62
"1348","2020-04-19",180,16,300,641,4024,0.437375745526839,0,0,357,1580,71,3678,46,1711,14,46
"1349","2020-04-20",175,16,274,648,4024,0.437375745526839,0,0,357,1580,63,3741,43,1754,19,43
"1350","2020-04-21",170,16,261,656,4024,0.437375745526839,0,0,357,1580,83,3824,41,1795,32,41
"1351","2020-04-22",180,16,247,653,4024,0.437375745526839,0,0,357,1580,75,3899,26,1821,26,26
"1352","2020-04-23",173,16,247,664,4024,0.437375745526839,0,0,357,1580,59,3958,46,1867,14,46
"1353","2020-04-24",170,16,227,652,4024,0.437375745526839,0,0,357,1580,93,4051,44,1911,17,44
"1354","2020-04-25",165,16,232,648,4024,0.437375745526839,0,0,357,1580,60,4111,33,1944,21,33
"1355","2020-04-26",178,16,216,650,4024,0.437375745526839,0,0,357,1580,89,4200,50,1994,34,50
"1356","2020-04-27",176,16,214,671,4024,0.437375745526839,0,0,357,1580,60,4260,39,2033,13,39
"1357","2020-04-28",175,16,210,662,4024,0.437375745526839,0,0,357,1580,61,4321,36,2069,18,36
"1358","2020-04-29",176,16,232,660,4024,0.437375745526839,0,0,357,1580,59,4380,45,2114,13,45
"1359","2020-04-30",181,16,273,672,4024,0.437375745526839,0,0,357,1580,69,4449,26,2140,16,26
"1360","2020-05-01",184,16,274,665,4024,0.437375745526839,0,0,357,1580,67,4516,39,2179,15,39
"1361","2020-05-02",188,16,257,643,4024,0.437375745526839,0,0,357,1580,60,4576,44,2223,13,44
"1362","2020-05-03",184,16,263,644,4024,0.437375745526839,0,0,357,1580,59,4635,40,2263,18,40
"1363","2020-05-04",193,16,269,627,4024,0.437375745526839,0,0,357,1580,69,4704,44,2307,25,44
"1364","2020-05-05",191,16,253,597,4024,0.437375745526839,0,0,357,1580,47,4751,32,2339,15,32
"1365","2020-05-06",189,16,230,576,4024,0.437375745526839,0,0,357,1580,54,4805,39,2378,18,39
"1366","2020-05-07",193,16,243,544,4024,0.437375745526839,0,0,357,1580,46,4851,48,2426,15,48
"1367","2020-05-08",180,16,247,534,4024,0.437375745526839,0,0,357,1580,46,4897,33,2459,10,33
"1368","2020-05-09",169,16,246,526,4024,0.437375745526839,0,0,357,1580,57,4954,34,2493,12,34
"1369","2020-05-10",162,16,240,509,4024,0.437375745526839,0,0,357,1580,39,4993,45,2538,7,45
"1370","2020-05-11",152,16,264,498,4024,0.437375745526839,0,0,357,1580,43,5036,40,2578,9,40
"1371","2020-05-12",153,16,281,484,4024,0.437375745526839,0,0,357,1580,49,5085,34,2612,7,34
"1372","2020-05-13",148,16,271,480,4024,0.437375745526839,0,0,357,1580,37,5122,38,2650,9,38
"1373","2020-05-14",141,16,291,468,4024,0.437375745526839,0,0,357,1580,40,5162,39,2689,8,39
"1374","2020-05-15",144,16,294,449,4024,0.437375745526839,0,0,357,1580,41,5203,40,2729,9,40
"1375","2020-05-16",140,16,293,440,4024,0.437375745526839,0,0,357,1580,36,5239,41,2770,13,41
"1376","2020-05-17",142,16,288,411,4024,0.437375745526839,0,0,357,1580,43,5282,52,2822,10,52
"1377","2020-05-18",136,16,310,399,4024,0.437375745526839,0,0,357,1580,35,5317,38,2860,8,38
"1378","2020-05-19",128,16,298,390,4024,0.437375745526839,0,0,357,1580,41,5358,41,2901,16,41
"1379","2020-05-20",128,16,278,388,4024,0.437375745526839,0,0,357,1580,41,5399,51,2952,6,51
"1380","2020-05-21",118,16,258,381,4024,0.437375745526839,0,0,357,1580,33,5432,31,2983,5,31
"1381","2020-05-22",117,16,254,357,4024,0.437375745526839,0,0,357,1580,27,5459,38,3021,7,38
"1382","2020-05-23",121,16,253,353,4024,0.437375745526839,0,0,357,1580,29,5488,37,3058,11,37
"1383","2020-05-24",117,16,234,341,4024,0.437375745526839,0,0,357,1580,32,5520,26,3084,15,26
"1384","2020-05-25",122,16,224,339,4024,0.437375745526839,0,0,357,1580,25,5545,43,3127,7,43
"1385","2020-05-26",122,16,251,341,4024,0.437375745526839,0,0,357,1580,27,5572,36,3163,6,36
"1386","2020-05-27",113,16,256,328,4024,0.437375745526839,0,0,357,1580,19,5591,44,3207,3,44
"1387","2020-05-28",118,16,283,337,4024,0.437375745526839,0,0,357,1580,25,5616,57,3264,9,57
"1388","2020-05-29",109,16,277,325,4024,0.437375745526839,0,0,357,1580,23,5639,53,3317,7,53
"1389","2020-05-30",104,16,268,306,4024,0.437375745526839,0,0,357,1580,12,5651,54,3371,2,54
"1390","2020-05-31",97,16,280,291,4024,0.437375745526839,0,0,357,1580,24,5675,70,3441,12,70
"1391","2020-06-01",92,16,283,278,4024,0.437375745526839,0,0,357,1580,12,5687,63,3504,2,63
"1392","2020-06-02",92,16,274,268,4024,0.437375745526839,0,0,357,1580,20,5707,59,3563,7,59
"1393","2020-06-03",86,16,265,248,4024,0.437375745526839,0,0,357,1580,14,5721,46,3609,4,46
"1394","2020-06-04",80,16,251,242,4024,0.437375745526839,0,0,357,1580,17,5738,41,3650,4,41
"1395","2020-06-05",81,16,247,239,4024,0.437375745526839,0,0,357,1580,15,5753,46,3696,3,46
"1396","2020-06-06",78,16,246,220,4024,0.437375745526839,0,0,357,1580,19,5772,40,3736,4,40
"1397","2020-06-07",79,16,241,205,4024,0.437375745526839,0,0,357,1580,7,5779,33,3769,1,33
"1398","2020-03-13",2,17,133,141,5374,0.202642352065501,0,0,451,1530,25,69,20,111,17,20
"1399","2020-03-14",6,17,150,198,5374,0.202642352065501,0,0,451,1530,39,108,5,116,33,5
"1400","2020-03-15",17,17,146,255,5374,0.202642352065501,0,0,451,1530,45,153,10,126,36,10
"1401","2020-03-16",26,17,138,317,5374,0.202642352065501,0,0,451,1530,67,220,9,135,56,9
"1402","2020-03-17",44,17,133,387,5374,0.202642352065501,0,0,451,1530,88,308,12,147,78,12
"1403","2020-03-18",63,17,122,452,5374,0.202642352065501,0,0,451,1530,94,402,17,164,85,17
"1404","2020-03-19",79,17,126,510,5374,0.202642352065501,0,0,451,1530,99,501,53,217,93,53
"1405","2020-03-20",92,17,171,547,5374,0.202642352065501,0,0,451,1530,127,628,34,251,112,34
"1406","2020-03-21",113,17,182,591,5374,0.202642352065501,0,0,451,1530,176,804,48,299,167,48
"1407","2020-03-22",132,17,178,649,5374,0.202642352065501,0,0,451,1530,208,1012,27,326,200,27
"1408","2020-03-23",146,17,162,682,5374,0.202642352065501,0,0,451,1530,234,1246,38,364,223,38
"1409","2020-03-24",153,17,152,705,5374,0.202642352065501,0,0,451,1530,277,1523,56,420,266,56
"1410","2020-03-25",156,17,168,728,5374,0.202642352065501,0,0,451,1530,349,1872,53,473,342,53
"1411","2020-03-26",164,17,177,747,5374,0.202642352065501,0,0,451,1530,335,2207,41,514,328,41
"1412","2020-03-27",177,17,168,763,5374,0.202642352065501,0,0,451,1530,450,2657,26,540,437,26
"1413","2020-03-28",187,17,168,787,5374,0.202642352065501,0,0,451,1530,439,3096,27,567,435,27
"1414","2020-03-29",187,17,237,807,5374,0.202642352065501,0,0,451,1530,404,3500,41,608,392,41
"1415","2020-03-30",186,17,240,791,5374,0.202642352065501,0,0,451,1530,477,3977,37,645,471,37
"1416","2020-03-31",207,17,211,777,5374,0.202642352065501,0,0,451,1530,404,4381,26,671,396,26
"1417","2020-04-01",210,17,245,793,5374,0.202642352065501,0,0,451,1530,381,4762,21,692,377,21
"1418","2020-04-02",220,17,233,799,5374,0.202642352065501,0,0,451,1530,342,5104,16,708,342,16
"1419","2020-04-03",223,17,213,787,5374,0.202642352065501,0,0,451,1530,336,5440,36,744,330,36
"1420","2020-04-04",223,17,204,781,5374,0.202642352065501,0,0,451,1530,354,5794,42,786,349,42
"1421","2020-04-05",233,17,203,782,5374,0.202642352065501,0,0,451,1530,190,5984,70,856,184,70
"1422","2020-04-06",245,17,186,796,5374,0.202642352065501,0,0,451,1530,214,6198,75,931,213,75
"1423","2020-04-07",227,17,167,812,5374,0.202642352065501,0,0,451,1530,188,6386,67,998,186,67
"1424","2020-04-08",238,17,166,804,5374,0.202642352065501,0,0,451,1530,156,6542,41,1039,154,41
"1425","2020-04-09",237,17,190,795,5374,0.202642352065501,0,0,451,1530,140,6682,26,1065,138,26
"1426","2020-04-10",235,17,190,795,5374,0.202642352065501,0,0,451,1530,126,6808,22,1087,124,22
"1427","2020-04-11",226,17,190,803,5374,0.202642352065501,0,0,451,1530,83,6891,12,1099,82,12
"1428","2020-04-12",216,17,203,821,5374,0.202642352065501,0,0,451,1530,74,6965,27,1126,72,27
"1429","2020-04-13",213,17,194,830,5374,0.202642352065501,0,0,451,1530,67,7032,36,1162,64,36
"1430","2020-04-14",223,17,191,818,5374,0.202642352065501,0,0,451,1530,37,7069,50,1212,36,50
"1431","2020-04-15",209,17,192,839,5374,0.202642352065501,0,0,451,1530,45,7114,34,1246,42,34
"1432","2020-04-16",220,17,175,856,5374,0.202642352065501,0,0,451,1530,33,7147,26,1272,33,26
"1433","2020-04-17",221,17,177,862,5374,0.202642352065501,0,0,451,1530,17,7164,25,1297,16,25
"1434","2020-04-18",231,17,221,863,5374,0.202642352065501,0,0,451,1530,33,7197,29,1326,27,29
"1435","2020-04-19",234,17,279,853,5374,0.202642352065501,0,0,451,1530,30,7227,27,1353,28,27
"1436","2020-04-20",239,17,270,857,5374,0.202642352065501,0,0,451,1530,14,7241,24,1377,12,24
"1437","2020-04-21",233,17,251,847,5374,0.202642352065501,0,0,451,1530,15,7256,6,1383,14,6
"1438","2020-04-22",245,17,238,825,5374,0.202642352065501,0,0,451,1530,16,7272,22,1405,14,22
"1439","2020-04-23",238,17,212,816,5374,0.202642352065501,0,0,451,1530,13,7285,38,1443,13,38
"1440","2020-04-24",239,17,215,814,5374,0.202642352065501,0,0,451,1530,10,7295,29,1472,9,29
"1441","2020-04-25",234,17,202,781,5374,0.202642352065501,0,0,451,1530,11,7306,20,1492,9,20
"1442","2020-04-26",235,17,229,763,5374,0.202642352065501,0,0,451,1530,6,7312,11,1503,4,11
"1443","2020-04-27",226,17,265,765,5374,0.202642352065501,0,0,451,1530,11,7323,31,1534,10,31
"1444","2020-04-28",226,17,275,745,5374,0.202642352065501,0,0,451,1530,5,7328,24,1558,3,24
"1445","2020-04-29",220,17,250,741,5374,0.202642352065501,0,0,451,1530,13,7341,34,1592,10,34
"1446","2020-04-30",216,17,239,727,5374,0.202642352065501,0,0,451,1530,6,7347,35,1627,4,35
"1447","2020-05-01",212,17,211,728,5374,0.202642352065501,0,0,451,1530,9,7356,25,1652,9,25
"1448","2020-05-02",209,17,203,712,5374,0.202642352065501,0,0,451,1530,4,7360,16,1668,3,16
"1449","2020-05-03",201,17,204,666,5374,0.202642352065501,0,0,451,1530,8,7368,20,1688,5,20
"1450","2020-05-04",201,17,258,673,5374,0.202642352065501,0,0,451,1530,4,7372,15,1703,4,15
"1451","2020-05-05",195,17,276,667,5374,0.202642352065501,0,0,451,1530,2,7374,10,1713,2,10
"1452","2020-05-06",186,17,270,676,5374,0.202642352065501,0,0,451,1530,4,7378,40,1753,4,40
"1453","2020-05-07",178,17,258,660,5374,0.202642352065501,0,0,451,1530,7,7385,34,1787,6,34
"1454","2020-05-08",181,17,233,646,5374,0.202642352065501,0,0,451,1530,1,7386,20,1807,1,20
"1455","2020-05-09",178,17,219,631,5374,0.202642352065501,0,0,451,1530,5,7391,40,1847,4,40
"1456","2020-05-10",179,17,218,613,5374,0.202642352065501,0,0,451,1530,4,7395,33,1880,1,33
"1457","2020-05-11",180,17,201,611,5374,0.202642352065501,0,0,451,1530,6,7401,18,1898,5,18
"1458","2020-05-12",181,17,192,606,5374,0.202642352065501,0,0,451,1530,6,7407,29,1927,6,29
"1459","2020-05-13",186,17,191,596,5374,0.202642352065501,0,0,451,1530,5,7412,47,1974,4,47
"1460","2020-05-14",184,17,222,602,5374,0.202642352065501,0,0,451,1530,4,7416,67,2041,3,67
"1461","2020-05-15",179,17,240,588,5374,0.202642352065501,0,0,451,1530,4,7420,40,2081,3,40
"1462","2020-05-16",169,17,227,564,5374,0.202642352065501,0,0,451,1530,NA,NA,56,2137,NA,56
"1463","2020-05-17",162,17,203,555,5374,0.202642352065501,0,0,451,1530,5,7425,32,2169,4,32
"1464","2020-05-18",156,17,194,551,5374,0.202642352065501,0,0,451,1530,4,7429,28,2197,2,28
"1465","2020-05-19",146,17,196,517,5374,0.202642352065501,0,0,451,1530,3,7432,19,2216,NA,19
"1466","2020-05-20",144,17,192,491,5374,0.202642352065501,0,0,451,1530,4,7436,12,2228,3,12
"1467","2020-05-21",143,17,243,482,5374,0.202642352065501,0,0,451,1530,NA,NA,17,2245,NA,17
"1468","2020-05-22",136,17,290,461,5374,0.202642352065501,0,0,451,1530,5,7441,15,2260,5,15
"1469","2020-05-23",140,17,268,432,5374,0.202642352065501,0,0,451,1530,2,7443,23,2283,2,23
"1470","2020-05-24",137,17,231,415,5374,0.202642352065501,0,0,451,1530,3,7446,40,2323,1,40
"1471","2020-05-25",138,17,251,406,5374,0.202642352065501,0,0,451,1530,NA,NA,19,2342,NA,19
"1472","2020-05-26",132,17,238,394,5374,0.202642352065501,0,0,451,1530,3,7449,19,2361,1,19
"1473","2020-05-27",122,17,215,385,5374,0.202642352065501,0,0,451,1530,2,7451,26,2387,1,26
"1474","2020-05-28",118,17,196,367,5374,0.202642352065501,0,0,451,1530,2,7453,21,2408,2,21
"1475","2020-05-29",114,17,198,353,5374,0.202642352065501,0,0,451,1530,1,7454,15,2423,1,15
"1476","2020-05-30",102,17,180,330,5374,0.202642352065501,0,0,451,1530,2,7456,20,2443,2,20
"1477","2020-05-31",98,17,162,319,5374,0.202642352065501,0,0,451,1530,2,7458,16,2459,1,16
"1478","2020-06-01",91,17,148,328,5374,0.202642352065501,0,0,451,1530,1,7459,51,2510,1,51
"1479","2020-06-02",88,17,135,315,5374,0.202642352065501,0,0,451,1530,4,7463,46,2556,2,46
"1480","2020-06-03",91,17,154,301,5374,0.202642352065501,0,0,451,1530,3,7466,18,2574,2,18
"1481","2020-06-04",80,17,157,279,5374,0.202642352065501,0,0,451,1530,2,7468,25,2599,2,25
"1482","2020-06-05",77,17,143,271,5374,0.202642352065501,0,0,451,1530,NA,NA,42,2641,NA,42
"1483","2020-06-06",79,17,136,259,5374,0.202642352065501,0,0,451,1530,2,7470,34,2675,2,34
"1484","2020-06-07",79,17,131,249,5374,0.202642352065501,0,0,451,1530,1,7471,51,2726,1,51
"1485","2020-03-12",1,18,153,52,4394,0.457214383249886,0,0,371,2217,19,28,9,32,NA,9
"1486","2020-03-13",4,18,173,89,4394,0.457214383249886,0,0,371,2217,15,43,39,71,4,39
"1487","2020-03-14",9,18,173,120,4394,0.457214383249886,0,0,371,2217,15,58,44,115,4,44
"1488","2020-03-15",14,18,158,156,4394,0.457214383249886,0,0,371,2217,21,79,55,170,8,55
"1489","2020-03-16",19,18,169,184,4394,0.457214383249886,0,0,371,2217,15,94,24,194,8,24
"1490","2020-03-17",24,18,213,231,4394,0.457214383249886,0,0,371,2217,24,118,21,215,10,21
"1491","2020-03-18",29,18,203,268,4394,0.457214383249886,0,0,371,2217,27,145,24,239,12,24
"1492","2020-03-19",35,18,202,317,4394,0.457214383249886,0,0,371,2217,21,166,39,278,14,39
"1493","2020-03-20",41,18,238,356,4394,0.457214383249886,0,0,371,2217,23,189,20,298,7,20
"1494","2020-03-21",45,18,287,393,4394,0.457214383249886,0,0,371,2217,18,207,11,309,6,11
"1495","2020-03-22",56,18,268,432,4394,0.457214383249886,0,0,371,2217,23,230,17,326,12,17
"1496","2020-03-23",65,18,237,468,4394,0.457214383249886,0,0,371,2217,25,255,39,365,10,39
"1497","2020-03-24",85,18,220,509,4394,0.457214383249886,0,0,371,2217,30,285,34,399,14,34
"1498","2020-03-25",106,18,204,525,4394,0.457214383249886,0,0,371,2217,27,312,36,435,14,36
"1499","2020-03-26",122,18,195,533,4394,0.457214383249886,0,0,371,2217,27,339,31,466,14,31
"1500","2020-03-27",137,18,151,562,4394,0.457214383249886,0,0,371,2217,35,374,50,516,22,50
"1501","2020-03-28",153,18,165,601,4394,0.457214383249886,0,0,371,2217,40,414,34,550,21,34
"1502","2020-03-29",156,18,190,615,4394,0.457214383249886,0,0,371,2217,24,438,14,564,10,14
"1503","2020-03-30",172,18,188,607,4394,0.457214383249886,0,0,371,2217,33,471,25,589,15,25
"1504","2020-03-31",174,18,188,641,4394,0.457214383249886,0,0,371,2217,25,496,42,631,11,42
"1505","2020-04-01",174,18,192,630,4394,0.457214383249886,0,0,371,2217,35,531,50,681,15,50
"1506","2020-04-02",176,18,186,648,4394,0.457214383249886,0,0,371,2217,32,563,27,708,9,27
"1507","2020-04-03",178,18,152,645,4394,0.457214383249886,0,0,371,2217,30,593,14,722,5,14
"1508","2020-04-04",180,18,145,636,4394,0.457214383249886,0,0,371,2217,41,634,11,733,18,11
"1509","2020-04-05",185,18,159,639,4394,0.457214383249886,0,0,371,2217,38,672,8,741,16,8
"1510","2020-04-06",179,18,193,663,4394,0.457214383249886,0,0,371,2217,28,700,6,747,14,6
"1511","2020-04-07",180,18,222,675,4394,0.457214383249886,0,0,371,2217,34,734,13,760,11,13
"1512","2020-04-08",178,18,209,688,4394,0.457214383249886,0,0,371,2217,29,763,10,770,11,10
"1513","2020-04-09",170,18,209,703,4394,0.457214383249886,0,0,371,2217,34,797,24,794,20,24
"1514","2020-04-10",166,18,199,715,4394,0.457214383249886,0,0,371,2217,55,852,31,825,32,31
"1515","2020-04-11",160,18,183,732,4394,0.457214383249886,0,0,371,2217,50,902,18,843,21,18
"1516","2020-04-12",170,18,180,739,4394,0.457214383249886,0,0,371,2217,46,948,15,858,21,15
"1517","2020-04-13",178,18,181,756,4394,0.457214383249886,0,0,371,2217,45,993,49,907,29,50
"1518","2020-04-14",184,18,188,756,4394,0.457214383249886,0,0,371,2217,35,1028,25,932,15,25
"1519","2020-04-15",184,18,221,750,4394,0.457214383249886,0,0,371,2217,34,1062,15,947,18,15
"1520","2020-04-16",192,18,215,743,4394,0.457214383249886,0,0,371,2217,35,1097,5,952,18,5
"1521","2020-04-17",209,18,218,748,4394,0.457214383249886,0,0,371,2217,37,1134,7,959,20,7
"1522","2020-04-18",227,18,203,737,4394,0.457214383249886,0,0,371,2217,44,1178,37,996,26,37
"1523","2020-04-19",226,18,233,744,4394,0.457214383249886,0,0,371,2217,38,1216,38,1034,17,38
"1524","2020-04-20",220,18,264,736,4394,0.457214383249886,0,0,371,2217,35,1251,58,1092,14,58
"1525","2020-04-21",219,18,252,712,4394,0.457214383249886,0,0,371,2217,45,1296,18,1110,26,18
"1526","2020-04-22",220,18,252,698,4394,0.457214383249886,0,0,371,2217,35,1331,26,1136,15,26
"1527","2020-04-23",221,18,292,697,4394,0.457214383249886,0,0,371,2217,30,1361,7,1143,7,7
"1528","2020-04-24",204,18,305,698,4394,0.457214383249886,0,0,371,2217,39,1400,9,1152,16,9
"1529","2020-04-25",200,18,298,684,4394,0.457214383249886,0,0,371,2217,37,1437,13,1165,21,13
"1530","2020-04-26",190,18,273,672,4394,0.457214383249886,0,0,371,2217,27,1464,29,1194,16,29
"1531","2020-04-27",189,18,259,653,4394,0.457214383249886,0,0,371,2217,38,1502,20,1214,21,20
"1532","2020-04-28",177,18,238,634,4394,0.457214383249886,0,0,371,2217,44,1546,19,1233,18,19
"1533","2020-04-29",175,18,205,625,4394,0.457214383249886,0,0,371,2217,28,1574,10,1243,7,10
"1534","2020-04-30",174,18,212,613,4394,0.457214383249886,0,0,371,2217,38,1612,9,1252,12,9
"1535","2020-05-01",179,18,233,604,4394,0.457214383249886,0,0,371,2217,28,1640,10,1262,12,10
"1536","2020-05-02",165,18,221,595,4394,0.457214383249886,0,0,371,2217,35,1675,21,1283,19,21
"1537","2020-05-03",166,18,203,596,4394,0.457214383249886,0,0,371,2217,25,1700,14,1297,12,14
"1538","2020-05-04",160,18,189,585,4394,0.457214383249886,0,0,371,2217,31,1731,18,1315,17,18
"1539","2020-05-05",157,18,187,579,4394,0.457214383249886,0,0,371,2217,38,1769,13,1328,16,13
"1540","2020-05-06",155,18,192,581,4394,0.457214383249886,0,0,371,2217,35,1804,11,1339,17,11
"1541","2020-05-07",152,18,187,581,4394,0.457214383249886,0,0,371,2217,42,1846,32,1371,21,32
"1542","2020-05-08",154,18,197,572,4394,0.457214383249886,0,0,371,2217,40,1886,56,1427,18,56
"1543","2020-05-09",149,18,261,567,4394,0.457214383249886,0,0,371,2217,35,1921,30,1457,13,30
"1544","2020-05-10",150,18,276,565,4394,0.457214383249886,0,0,371,2217,27,1948,21,1478,4,21
"1545","2020-05-11",156,18,313,554,4394,0.457214383249886,0,0,371,2217,34,1982,30,1508,20,30
"1546","2020-05-12",159,18,312,544,4394,0.457214383249886,0,0,371,2217,36,2018,34,1542,16,34
"1547","2020-05-13",164,18,285,532,4394,0.457214383249886,0,0,371,2217,24,2042,23,1565,13,23
"1548","2020-05-14",161,18,254,511,4394,0.457214383249886,0,0,371,2217,35,2077,20,1585,24,20
"1549","2020-05-15",158,18,226,503,4394,0.457214383249886,0,0,371,2217,13,2090,13,1598,7,13
"1550","2020-05-16",160,18,240,472,4394,0.457214383249886,0,0,371,2217,24,2114,18,1616,9,18
"1551","2020-05-17",161,18,224,468,4394,0.457214383249886,0,0,371,2217,24,2138,19,1635,12,19
"1552","2020-05-18",162,18,206,457,4394,0.457214383249886,0,0,371,2217,23,2161,12,1647,8,12
"1553","2020-05-19",162,18,181,439,4394,0.457214383249886,0,0,371,2217,17,2178,17,1664,7,17
"1554","2020-05-20",151,18,189,419,4394,0.457214383249886,0,0,371,2217,24,2202,44,1708,14,44
"1555","2020-05-21",145,18,206,416,4394,0.457214383249886,0,0,371,2217,26,2228,25,1733,16,25
"1556","2020-05-22",130,18,188,393,4394,0.457214383249886,0,0,371,2217,24,2252,16,1749,13,16
"1557","2020-05-23",123,18,182,381,4394,0.457214383249886,0,0,371,2217,31,2283,9,1758,19,9
"1558","2020-05-24",110,18,187,379,4394,0.457214383249886,0,0,371,2217,24,2307,7,1765,16,7
"1559","2020-05-25",97,18,218,369,4394,0.457214383249886,0,0,371,2217,31,2338,33,1798,22,33
"1560","2020-05-26",84,18,242,359,4394,0.457214383249886,0,0,371,2217,23,2361,58,1856,14,58
"1561","2020-05-27",84,18,237,338,4394,0.457214383249886,0,0,371,2217,27,2388,27,1883,13,27
"1562","2020-05-28",90,18,217,321,4394,0.457214383249886,0,0,371,2217,18,2406,47,1930,10,47
"1563","2020-05-29",90,18,215,311,4394,0.457214383249886,0,0,371,2217,14,2420,23,1953,11,23
"1564","2020-05-30",94,18,191,295,4394,0.457214383249886,0,0,371,2217,16,2436,26,1979,10,26
"1565","2020-05-31",88,18,181,292,4394,0.457214383249886,0,0,371,2217,20,2456,17,1996,8,17
"1566","2020-06-01",87,18,210,271,4394,0.457214383249886,0,0,371,2217,18,2474,30,2026,11,30
"1567","2020-06-02",91,18,249,265,4394,0.457214383249886,0,0,371,2217,20,2494,47,2073,6,47
"1568","2020-06-03",87,18,247,245,4394,0.457214383249886,0,0,371,2217,12,2506,40,2113,3,40
"1569","2020-06-04",82,18,240,246,4394,0.457214383249886,0,0,371,2217,14,2520,31,2144,4,31
"1570","2020-06-05",88,18,212,240,4394,0.457214383249886,0,0,371,2217,15,2535,19,2163,11,19
"1571","2020-06-06",81,18,193,242,4394,0.457214383249886,0,0,371,2217,15,2550,15,2178,7,15
"1572","2020-06-07",89,18,213,230,4394,0.457214383249886,0,0,371,2217,17,2567,15,2193,10,15
"1573","2020-03-14",2,19,129,189,5153,0.173685231903745,0,0,450,730,58,221,61,190,13,61
"1574","2020-03-15",8,19,118,243,5153,0.173685231903745,0,0,450,730,53,274,59,249,9,59
"1575","2020-03-16",15,19,117,285,5153,0.173685231903745,0,0,450,730,70,344,66,315,19,66
"1576","2020-03-17",27,19,114,336,5153,0.173685231903745,0,0,450,730,58,402,76,391,20,76
"1577","2020-03-18",38,19,98,392,5153,0.173685231903745,0,0,450,730,72,474,43,434,17,43
"1578","2020-03-19",58,19,87,443,5153,0.173685231903745,0,0,450,730,87,561,20,454,30,20
"1579","2020-03-20",71,19,88,511,5153,0.173685231903745,0,0,450,730,83,644,51,505,25,51
"1580","2020-03-21",85,19,119,562,5153,0.173685231903745,0,0,450,730,68,712,37,542,24,37
"1581","2020-03-22",104,19,124,599,5153,0.173685231903745,0,0,450,730,65,777,29,571,25,29
"1582","2020-03-23",118,19,136,655,5153,0.173685231903745,0,0,450,730,104,881,33,604,36,33
"1583","2020-03-24",137,19,143,692,5153,0.173685231903745,0,0,450,730,74,955,29,633,25,29
"1584","2020-03-25",154,19,136,695,5153,0.173685231903745,0,0,450,730,88,1043,58,691,28,58
"1585","2020-03-26",166,19,129,726,5153,0.173685231903745,0,0,450,730,80,1123,48,739,31,48
"1586","2020-03-27",179,19,175,746,5153,0.173685231903745,0,0,450,730,79,1202,65,804,30,65
"1587","2020-03-28",194,19,228,766,5153,0.173685231903745,0,0,450,730,100,1302,31,835,31,31
"1588","2020-03-29",197,19,247,783,5153,0.173685231903745,0,0,450,730,90,1392,24,859,38,24
"1589","2020-03-30",204,19,214,797,5153,0.173685231903745,0,0,450,730,92,1484,34,893,26,34
"1590","2020-03-31",212,19,243,810,5153,0.173685231903745,0,0,450,730,89,1573,27,920,28,27
"1591","2020-04-01",226,19,220,791,5153,0.173685231903745,0,0,450,730,98,1671,49,969,31,49
"1592","2020-04-02",217,19,192,774,5153,0.173685231903745,0,0,450,730,94,1765,37,1006,29,37
"1593","2020-04-03",229,19,168,772,5153,0.173685231903745,0,0,450,730,89,1854,27,1033,26,27
"1594","2020-04-04",222,19,162,805,5153,0.173685231903745,0,0,450,730,86,1940,28,1061,28,28
"1595","2020-04-05",228,19,151,806,5153,0.173685231903745,0,0,450,730,89,2029,57,1118,37,57
"1596","2020-04-06",229,19,144,797,5153,0.173685231903745,0,0,450,730,93,2122,41,1159,34,41
"1597","2020-04-07",217,19,212,796,5153,0.173685231903745,0,0,450,730,94,2216,27,1186,35,27
"1598","2020-04-08",218,19,197,796,5153,0.173685231903745,0,0,450,730,88,2304,11,1197,24,11
"1599","2020-04-09",227,19,224,803,5153,0.173685231903745,0,0,450,730,80,2384,17,1214,25,17
"1600","2020-04-10",220,19,243,801,5153,0.173685231903745,0,0,450,730,85,2469,32,1246,26,32
"1601","2020-04-11",234,19,240,802,5153,0.173685231903745,0,0,450,730,85,2554,18,1264,31,18
"1602","2020-04-12",221,19,221,781,5153,0.173685231903745,0,0,450,730,104,2658,16,1280,39,16
"1603","2020-04-13",225,19,198,787,5153,0.173685231903745,0,0,450,730,91,2749,9,1289,21,9
"1604","2020-04-14",229,19,177,787,5153,0.173685231903745,0,0,450,730,97,2846,23,1312,30,23
"1605","2020-04-15",216,19,184,796,5153,0.173685231903745,0,0,450,730,77,2923,60,1372,36,60
"1606","2020-04-16",223,19,229,785,5153,0.173685231903745,0,0,450,730,82,3005,41,1413,23,41
"1607","2020-04-17",222,19,274,778,5153,0.173685231903745,0,0,450,730,95,3100,25,1438,22,25
"1608","2020-04-18",210,19,281,766,5153,0.173685231903745,0,0,450,730,74,3174,13,1451,14,13
"1609","2020-04-19",211,19,271,764,5153,0.173685231903745,0,0,450,730,78,3252,15,1466,24,15
"1610","2020-04-20",209,19,271,775,5153,0.173685231903745,0,0,450,730,72,3324,23,1489,23,23
"1611","2020-04-21",209,19,308,755,5153,0.173685231903745,0,0,450,730,88,3412,46,1535,25,46
"1612","2020-04-22",203,19,330,747,5153,0.173685231903745,0,0,450,730,76,3488,55,1590,23,55
"1613","2020-04-23",196,19,300,752,5153,0.173685231903745,0,0,450,730,61,3549,79,1669,14,79
"1614","2020-04-24",207,19,239,752,5153,0.173685231903745,0,0,450,730,59,3608,40,1709,14,40
"1615","2020-04-25",212,19,221,724,5153,0.173685231903745,0,0,450,730,56,3664,18,1727,11,18
"1616","2020-04-26",226,19,255,708,5153,0.173685231903745,0,0,450,730,75,3739,25,1752,23,25
"1617","2020-04-27",230,19,265,710,5153,0.173685231903745,0,0,450,730,67,3806,17,1769,21,17
"1618","2020-04-28",222,19,250,725,5153,0.173685231903745,0,0,450,730,58,3864,37,1806,13,37
"1619","2020-04-29",229,19,241,733,5153,0.173685231903745,0,0,450,730,65,3929,18,1824,10,18
"1620","2020-04-30",221,19,227,720,5153,0.173685231903745,0,0,450,730,57,3986,17,1841,11,17
"1621","2020-05-01",207,19,210,694,5153,0.173685231903745,0,0,450,730,67,4053,37,1878,13,37
"1622","2020-05-02",199,19,247,676,5153,0.173685231903745,0,0,450,730,57,4110,35,1913,18,35
"1623","2020-05-03",190,19,251,673,5153,0.173685231903745,0,0,450,730,58,4168,48,1961,19,48
"1624","2020-05-04",181,19,266,659,5153,0.173685231903745,0,0,450,730,50,4218,23,1984,11,23
"1625","2020-05-05",182,19,275,641,5153,0.173685231903745,0,0,450,730,51,4269,60,2044,13,60
"1626","2020-05-06",167,19,279,626,5153,0.173685231903745,0,0,450,730,77,4346,32,2076,18,32
"1627","2020-05-07",170,19,273,607,5153,0.173685231903745,0,0,450,730,43,4389,18,2094,12,18
"1628","2020-05-08",168,19,303,604,5153,0.173685231903745,0,0,450,730,56,4445,15,2109,14,15
"1629","2020-05-09",170,19,276,609,5153,0.173685231903745,0,0,450,730,49,4494,12,2121,13,12
"1630","2020-05-10",166,19,254,608,5153,0.173685231903745,0,0,450,730,48,4542,11,2132,13,11
"1631","2020-05-11",169,19,236,596,5153,0.173685231903745,0,0,450,730,44,4586,50,2182,16,50
"1632","2020-05-12",176,19,206,578,5153,0.173685231903745,0,0,450,730,51,4637,67,2249,16,67
"1633","2020-05-13",177,19,206,567,5153,0.173685231903745,0,0,450,730,45,4682,81,2330,13,81
"1634","2020-05-14",172,19,212,542,5153,0.173685231903745,0,0,450,730,37,4719,73,2403,5,73
"1635","2020-05-15",167,19,254,531,5153,0.173685231903745,0,0,450,730,37,4756,62,2465,10,62
"1636","2020-05-16",161,19,278,519,5153,0.173685231903745,0,0,450,730,26,4782,42,2507,5,42
"1637","2020-05-17",170,19,290,501,5153,0.173685231903745,0,0,450,730,33,4815,22,2529,5,22
"1638","2020-05-18",164,19,283,484,5153,0.173685231903745,0,0,450,730,38,4853,15,2544,6,15
"1639","2020-05-19",151,19,250,476,5153,0.173685231903745,0,0,450,730,29,4882,17,2561,6,17
"1640","2020-05-20",154,19,214,466,5153,0.173685231903745,0,0,450,730,40,4922,27,2588,9,27
"1641","2020-05-21",153,19,200,438,5153,0.173685231903745,0,0,450,730,27,4949,38,2626,2,38
"1642","2020-05-22",153,19,218,446,5153,0.173685231903745,0,0,450,730,29,4978,28,2654,6,28
"1643","2020-05-23",155,19,218,440,5153,0.173685231903745,0,0,450,730,23,5001,12,2666,3,12
"1644","2020-05-24",142,19,241,417,5153,0.173685231903745,0,0,450,730,33,5034,11,2677,4,11
"1645","2020-05-25",130,19,247,407,5153,0.173685231903745,0,0,450,730,24,5058,22,2699,2,22
"1646","2020-05-26",124,19,238,402,5153,0.173685231903745,0,0,450,730,30,5088,33,2732,12,33
"1647","2020-05-27",128,19,239,397,5153,0.173685231903745,0,0,450,730,21,5109,31,2763,5,31
"1648","2020-05-28",126,19,248,383,5153,0.173685231903745,0,0,450,730,16,5125,74,2837,5,74
"1649","2020-05-29",114,19,243,378,5153,0.173685231903745,0,0,450,730,24,5149,78,2915,5,78
"1650","2020-05-30",107,19,226,354,5153,0.173685231903745,0,0,450,730,20,5169,41,2956,4,41
"1651","2020-05-31",101,19,204,351,5153,0.173685231903745,0,0,450,730,15,5184,27,2983,4,27
"1652","2020-06-01",103,19,225,343,5153,0.173685231903745,0,0,450,730,24,5208,18,3001,6,18
"1653","2020-06-02",112,19,225,328,5153,0.173685231903745,0,0,450,730,18,5226,23,3024,2,23
"1654","2020-06-03",103,19,203,312,5153,0.173685231903745,0,0,450,730,24,5250,26,3050,3,26
"1655","2020-06-04",94,19,213,294,5153,0.173685231903745,0,0,450,730,11,5261,17,3067,2,17
"1656","2020-06-05",99,19,220,279,5153,0.173685231903745,0,0,450,730,24,5285,18,3085,6,18
"1657","2020-06-06",97,19,199,273,5153,0.173685231903745,0,0,450,730,11,5296,18,3103,NA,18
"1658","2020-06-07",92,19,210,248,5153,0.173685231903745,0,0,450,730,22,5318,61,3164,2,61
"1659","2020-03-13",2,20,136,62,5063,0.818882085719929,0,0,480,1180,31,75,31,82,3,31
"1660","2020-03-14",5,20,130,90,5063,0.818882085719929,0,0,480,1180,23,98,16,98,10,16
"1661","2020-03-15",7,20,139,122,5063,0.818882085719929,0,0,480,1180,34,132,38,136,11,38
"1662","2020-03-16",12,20,190,155,5063,0.818882085719929,0,0,480,1180,29,161,34,170,10,34
"1663","2020-03-17",17,20,253,181,5063,0.818882085719929,0,0,480,1180,38,199,37,207,18,37
"1664","2020-03-18",30,20,277,223,5063,0.818882085719929,0,0,480,1180,39,238,49,256,17,49
"1665","2020-03-19",36,20,253,281,5063,0.818882085719929,0,0,480,1180,23,261,31,287,5,31
"1666","2020-03-20",46,20,233,321,5063,0.818882085719929,0,0,480,1180,32,293,43,330,14,43
"1667","2020-03-21",59,20,257,363,5063,0.818882085719929,0,0,480,1180,30,323,51,381,11,51
"1668","2020-03-22",67,20,262,419,5063,0.818882085719929,0,0,480,1180,30,353,43,424,13,43
"1669","2020-03-23",72,20,218,466,5063,0.818882085719929,0,0,480,1180,43,396,34,458,18,34
"1670","2020-03-24",83,20,199,503,5063,0.818882085719929,0,0,480,1180,40,436,51,509,16,51
"1671","2020-03-25",91,20,187,559,5063,0.818882085719929,0,0,480,1180,35,471,48,557,20,48
"1672","2020-03-26",110,20,173,590,5063,0.818882085719929,0,0,480,1180,49,520,61,618,22,61
"1673","2020-03-27",126,20,165,638,5063,0.818882085719929,0,0,480,1180,32,552,71,689,13,71
"1674","2020-03-28",128,20,210,682,5063,0.818882085719929,0,0,480,1180,43,595,55,744,13,55
"1675","2020-03-29",151,20,202,732,5063,0.818882085719929,0,0,480,1180,36,631,74,818,14,74
"1676","2020-03-30",172,20,244,758,5063,0.818882085719929,0,0,480,1180,37,668,57,875,10,57
"1677","2020-03-31",194,20,236,805,5063,0.818882085719929,0,0,480,1180,43,711,50,925,12,50
"1678","2020-04-01",205,20,254,835,5063,0.818882085719929,0,0,480,1180,31,742,60,985,8,60
"1679","2020-04-02",216,20,245,895,5063,0.818882085719929,0,0,480,1180,34,776,51,1036,14,51
"1680","2020-04-03",219,20,269,907,5063,0.818882085719929,0,0,480,1180,42,818,39,1075,12,39
"1681","2020-04-04",234,20,256,966,5063,0.818882085719929,0,0,480,1180,48,866,37,1112,10,37
"1682","2020-04-05",256,20,242,981,5063,0.818882085719929,0,0,480,1180,40,906,44,1156,11,44
"1683","2020-04-06",261,20,232,1019,5063,0.818882085719929,0,0,480,1180,40,946,35,1191,15,35
"1684","2020-04-07",261,20,260,1040,5063,0.818882085719929,0,0,480,1180,45,991,32,1223,13,32
"1685","2020-04-08",264,20,280,1062,5063,0.818882085719929,0,0,480,1180,38,1029,30,1253,16,30
"1686","2020-04-09",266,20,283,1058,5063,0.818882085719929,0,0,480,1180,52,1081,24,1277,16,24
"1687","2020-04-10",283,20,271,1087,5063,0.818882085719929,0,0,480,1180,30,1111,27,1304,8,27
"1688","2020-04-11",295,20,239,1075,5063,0.818882085719929,0,0,480,1180,55,1166,35,1339,27,35
"1689","2020-04-12",295,20,226,1068,5063,0.818882085719929,0,0,480,1180,31,1197,28,1367,8,28
"1690","2020-04-13",293,20,220,1061,5063,0.818882085719929,0,0,480,1180,47,1244,42,1409,17,42
"1691","2020-04-14",305,20,193,1056,5063,0.818882085719929,0,0,480,1180,40,1284,52,1461,13,52
"1692","2020-04-15",314,20,193,1048,5063,0.818882085719929,0,0,480,1180,49,1333,49,1510,16,49
"1693","2020-04-16",317,20,164,1040,5063,0.818882085719929,0,0,480,1180,54,1387,31,1541,19,31
"1694","2020-04-17",305,20,178,1048,5063,0.818882085719929,0,0,480,1180,51,1438,33,1574,13,33
"1695","2020-04-18",310,20,208,1019,5063,0.818882085719929,0,0,480,1180,39,1477,48,1622,13,48
"1696","2020-04-19",304,20,233,1005,5063,0.818882085719929,0,0,480,1180,56,1533,44,1666,17,44
"1697","2020-04-20",313,20,240,995,5063,0.818882085719929,0,0,480,1180,45,1578,33,1699,17,33
"1698","2020-04-21",301,20,229,980,5063,0.818882085719929,0,0,480,1180,57,1635,38,1737,26,38
"1699","2020-04-22",286,20,250,963,5063,0.818882085719929,0,0,480,1180,54,1689,22,1759,18,22
"1700","2020-04-23",286,20,233,953,5063,0.818882085719929,0,0,480,1180,34,1723,34,1793,10,34
"1701","2020-04-24",293,20,235,941,5063,0.818882085719929,0,0,480,1180,45,1768,37,1830,13,37
"1702","2020-04-25",276,20,223,922,5063,0.818882085719929,0,0,480,1180,44,1812,33,1863,14,33
"1703","2020-04-26",259,20,233,899,5063,0.818882085719929,0,0,480,1180,28,1840,31,1894,12,31
"1704","2020-04-27",258,20,231,881,5063,0.818882085719929,0,0,480,1180,55,1895,25,1919,18,25
"1705","2020-04-28",255,20,283,860,5063,0.818882085719929,0,0,480,1180,48,1943,39,1958,11,39
"1706","2020-04-29",254,20,283,822,5063,0.818882085719929,0,0,480,1180,45,1988,38,1996,13,38
"1707","2020-04-30",249,20,315,803,5063,0.818882085719929,0,0,480,1180,52,2040,55,2051,24,55
"1708","2020-05-01",253,20,303,787,5063,0.818882085719929,0,0,480,1180,34,2074,49,2100,17,49
"1709","2020-05-02",252,20,272,754,5063,0.818882085719929,0,0,480,1180,50,2124,35,2135,15,35
"1710","2020-05-03",249,20,258,751,5063,0.818882085719929,0,0,480,1180,38,2162,38,2173,9,38
"1711","2020-05-04",227,20,235,712,5063,0.818882085719929,0,0,480,1180,45,2207,35,2208,21,35
"1712","2020-05-05",218,20,213,698,5063,0.818882085719929,0,0,480,1180,30,2237,40,2248,8,40
"1713","2020-05-06",219,20,218,657,5063,0.818882085719929,0,0,480,1180,38,2275,38,2286,8,38
"1714","2020-05-07",210,20,208,644,5063,0.818882085719929,0,0,480,1180,35,2310,35,2321,14,35
"1715","2020-05-08",188,20,226,614,5063,0.818882085719929,0,0,480,1180,37,2347,35,2356,12,35
"1716","2020-05-09",179,20,224,587,5063,0.818882085719929,0,0,480,1180,40,2387,28,2384,17,28
"1717","2020-05-10",180,20,214,567,5063,0.818882085719929,0,0,480,1180,28,2415,31,2415,11,31
"1718","2020-05-11",185,20,214,523,5063,0.818882085719929,0,0,480,1180,31,2446,48,2463,11,48
"1719","2020-05-12",177,20,200,494,5063,0.818882085719929,0,0,480,1180,37,2483,43,2506,14,43
"1720","2020-05-13",169,20,205,468,5063,0.818882085719929,0,0,480,1180,23,2506,60,2566,6,60
"1721","2020-05-14",159,20,210,445,5063,0.818882085719929,0,0,480,1180,32,2538,44,2610,13,44
"1722","2020-05-15",148,20,223,426,5063,0.818882085719929,0,0,480,1180,31,2569,47,2657,8,47
"1723","2020-05-16",145,20,245,405,5063,0.818882085719929,0,0,480,1180,34,2603,40,2697,13,40
"1724","2020-05-17",141,20,264,391,5063,0.818882085719929,0,0,480,1180,30,2633,43,2740,5,43
"1725","2020-05-18",128,20,303,381,5063,0.818882085719929,0,0,480,1180,31,2664,41,2781,14,41
"1726","2020-05-19",131,20,301,357,5063,0.818882085719929,0,0,480,1180,38,2702,52,2833,20,52
"1727","2020-05-20",116,20,275,355,5063,0.818882085719929,0,0,480,1180,28,2730,32,2865,9,32
"1728","2020-05-21",119,20,296,329,5063,0.818882085719929,0,0,480,1180,28,2758,54,2919,10,54
"1729","2020-05-22",122,20,301,323,5063,0.818882085719929,0,0,480,1180,30,2788,63,2982,15,63
"1730","2020-05-23",111,20,274,314,5063,0.818882085719929,0,0,480,1180,24,2812,47,3029,8,47
"1731","2020-05-24",108,20,245,298,5063,0.818882085719929,0,0,480,1180,24,2836,39,3068,7,39
"1732","2020-05-25",108,20,206,278,5063,0.818882085719929,0,0,480,1180,12,2848,55,3123,1,55
"1733","2020-05-26",96,20,179,269,5063,0.818882085719929,0,0,480,1180,19,2867,43,3166,9,43
"1734","2020-05-27",98,20,158,262,5063,0.818882085719929,0,0,480,1180,20,2887,38,3204,7,38
"1735","2020-05-28",82,20,145,246,5063,0.818882085719929,0,0,480,1180,21,2908,30,3234,9,30
"1736","2020-05-29",77,20,200,229,5063,0.818882085719929,0,0,480,1180,22,2930,33,3267,10,33
"1737","2020-05-30",77,20,212,222,5063,0.818882085719929,0,0,480,1180,21,2951,39,3306,5,39
"1738","2020-05-31",61,20,216,202,5063,0.818882085719929,0,0,480,1180,18,2969,44,3350,10,44
"1739","2020-06-01",59,20,215,198,5063,0.818882085719929,0,0,480,1180,19,2988,29,3379,7,29
"1740","2020-06-02",64,20,233,190,5063,0.818882085719929,0,0,480,1180,22,3010,50,3429,13,50
"1741","2020-06-03",59,20,215,184,5063,0.818882085719929,0,0,480,1180,20,3030,37,3466,10,37
"1742","2020-06-04",61,20,252,184,5063,0.818882085719929,0,0,480,1180,10,3040,22,3488,7,22
"1743","2020-06-05",56,20,243,174,5063,0.818882085719929,0,0,480,1180,16,3056,44,3532,8,44
"1744","2020-06-06",54,20,254,171,5063,0.818882085719929,0,0,480,1180,12,3068,47,3579,9,47
"1745","2020-06-07",53,20,234,171,5063,0.818882085719929,0,0,480,1180,15,3083,44,3623,6,44
