"","Date","Absents","Paramset","Infections_or_Exposed_per_day_Patient","Infections_or_Exposed_per_day_HCW","total_infections","nosocomial_proportion","PCR_pooled","LFD_pooled","HCW_symp_test","patient_symp_test","new_hcw_infs","cumulative_hcw_infs","new_pat_infs","cumulative_pats_infs","new_nosocomial_hcw_infs","new_nosocomial_pat_infs"
"1","2020-03-12",1,1,96,204,9221,0.574991866391931,0,0,772,1033,100,204,38,66,7,38
"2","2020-03-13",5,1,118,328,9221,0.574991866391931,0,0,772,1033,124,328,29,95,22,29
"3","2020-03-14",11,1,133,446,9221,0.574991866391931,0,0,772,1033,118,446,37,132,35,37
"4","2020-03-15",27,1,141,590,9221,0.574991866391931,0,0,772,1033,144,590,24,156,66,24
"5","2020-03-16",48,1,163,727,9221,0.574991866391931,0,0,772,1033,137,727,44,200,79,44
"6","2020-03-17",80,1,167,911,9221,0.574991866391931,0,0,772,1033,186,913,26,226,106,26
"7","2020-03-18",112,1,152,1121,9221,0.574991866391931,0,0,772,1033,223,1136,21,247,151,21
"8","2020-03-19",143,1,147,1355,9221,0.574991866391931,0,0,772,1033,261,1397,15,262,189,15
"9","2020-03-20",184,1,189,1548,9221,0.574991866391931,0,0,772,1033,230,1627,59,321,160,59
"10","2020-03-21",235,1,209,1793,9221,0.574991866391931,0,0,772,1033,294,1921,36,357,224,36
"11","2020-03-22",290,1,242,1999,9221,0.574991866391931,0,0,772,1033,272,2193,57,414,208,57
"12","2020-03-23",358,1,265,2295,9221,0.574991866391931,0,0,772,1033,372,2565,58,472,301,58
"13","2020-03-24",408,1,256,2552,9221,0.574991866391931,0,0,772,1033,361,2926,31,503,304,31
"14","2020-03-25",480,1,245,2751,9221,0.574991866391931,0,0,772,1033,349,3275,30,533,285,30
"15","2020-03-26",561,1,229,2852,9221,0.574991866391931,0,0,772,1033,239,3514,24,557,197,24
"16","2020-03-27",638,1,235,3043,9221,0.574991866391931,0,0,772,1033,337,3851,35,592,269,35
"17","2020-03-28",685,1,262,3176,9221,0.574991866391931,0,0,772,1033,291,4142,53,645,248,53
"18","2020-03-29",766,1,252,3318,9221,0.574991866391931,0,0,772,1033,365,4507,33,678,300,33
"19","2020-03-30",804,1,250,3371,9221,0.574991866391931,0,0,772,1033,282,4789,36,714,230,36
"20","2020-03-31",857,1,231,3381,9221,0.574991866391931,0,0,772,1033,254,5043,24,738,211,24
"21","2020-04-01",879,1,206,3344,9221,0.574991866391931,0,0,772,1033,219,5262,16,754,191,16
"22","2020-04-02",913,1,197,3276,9221,0.574991866391931,0,0,772,1033,209,5471,22,776,167,22
"23","2020-04-03",896,1,167,3200,9221,0.574991866391931,0,0,772,1033,194,5665,14,790,160,14
"24","2020-04-04",936,1,163,3114,9221,0.574991866391931,0,0,772,1033,194,5859,10,800,152,10
"25","2020-04-05",916,1,142,2947,9221,0.574991866391931,0,0,772,1033,152,6011,6,806,122,6
"26","2020-04-06",904,1,195,2762,9221,0.574991866391931,0,0,772,1033,104,6115,60,866,82,60
"27","2020-04-07",856,1,198,2585,9221,0.574991866391931,0,0,772,1033,106,6221,37,903,82,37
"28","2020-04-08",846,1,201,2434,9221,0.574991866391931,0,0,772,1033,113,6334,20,923,90,20
"29","2020-04-09",797,1,231,2264,9221,0.574991866391931,0,0,772,1033,87,6421,52,975,56,52
"30","2020-04-10",771,1,267,2047,9221,0.574991866391931,0,0,772,1033,80,6501,63,1038,59,63
"31","2020-04-11",702,1,255,1895,9221,0.574991866391931,0,0,772,1033,80,6581,41,1079,50,41
"32","2020-04-12",629,1,261,1694,9221,0.574991866391931,0,0,772,1033,75,6656,41,1120,43,41
"33","2020-04-13",566,1,249,1557,9221,0.574991866391931,0,0,772,1033,56,6712,31,1151,32,31
"34","2020-04-14",525,1,233,1422,9221,0.574991866391931,0,0,772,1033,67,6779,17,1168,39,17
"35","2020-04-15",469,1,249,1306,9221,0.574991866391931,0,0,772,1033,49,6828,46,1214,25,46
"36","2020-04-16",422,1,270,1202,9221,0.574991866391931,0,0,772,1033,55,6883,55,1269,25,55
"37","2020-04-17",387,1,230,1101,9221,0.574991866391931,0,0,772,1033,48,6931,21,1290,24,21
"38","2020-04-18",340,1,203,1004,9221,0.574991866391931,0,0,772,1033,43,6974,15,1305,20,15
"39","2020-04-19",311,1,245,939,9221,0.574991866391931,0,0,772,1033,36,7010,55,1360,22,55
"40","2020-04-20",300,1,263,880,9221,0.574991866391931,0,0,772,1033,42,7052,52,1412,19,52
"41","2020-04-21",286,1,262,800,9221,0.574991866391931,0,0,772,1033,23,7075,34,1446,10,34
"42","2020-04-22",252,1,281,735,9221,0.574991866391931,0,0,772,1033,28,7103,46,1492,10,46
"43","2020-04-23",224,1,245,659,9221,0.574991866391931,0,0,772,1033,34,7137,27,1519,11,27
"44","2020-04-24",198,1,233,603,9221,0.574991866391931,0,0,772,1033,23,7160,21,1540,10,21
"45","2020-04-25",195,1,245,559,9221,0.574991866391931,0,0,772,1033,22,7182,44,1584,13,44
"46","2020-04-26",184,1,240,536,9221,0.574991866391931,0,0,772,1033,34,7216,26,1610,15,26
"47","2020-04-27",164,1,237,480,9221,0.574991866391931,0,0,772,1033,21,7237,31,1641,7,31
"48","2020-04-28",145,1,254,460,9221,0.574991866391931,0,0,772,1033,26,7263,53,1694,6,53
"49","2020-04-29",134,1,278,423,9221,0.574991866391931,0,0,772,1033,14,7277,50,1744,5,50
"50","2020-04-30",130,1,326,400,9221,0.574991866391931,0,0,772,1033,15,7292,64,1808,4,64
"51","2020-05-01",126,1,301,370,9221,0.574991866391931,0,0,772,1033,20,7312,35,1843,4,35
"52","2020-05-02",119,1,290,349,9221,0.574991866391931,0,0,772,1033,13,7325,28,1871,4,28
"53","2020-05-03",112,1,267,332,9221,0.574991866391931,0,0,772,1033,16,7341,30,1901,3,30
"54","2020-05-04",103,1,264,315,9221,0.574991866391931,0,0,772,1033,22,7363,28,1929,7,28
"55","2020-05-05",100,1,244,301,9221,0.574991866391931,0,0,772,1033,19,7382,18,1947,6,18
"56","2020-05-06",96,1,234,288,9221,0.574991866391931,0,0,772,1033,10,7392,21,1968,3,21
"57","2020-05-07",84,1,234,270,9221,0.574991866391931,0,0,772,1033,14,7406,23,1991,3,23
"58","2020-05-08",78,1,273,260,9221,0.574991866391931,0,0,772,1033,16,7422,45,2036,6,45
"59","2020-05-09",67,1,249,237,9221,0.574991866391931,0,0,772,1033,7,7429,24,2060,NA,24
"60","2020-05-10",62,1,272,229,9221,0.574991866391931,0,0,772,1033,12,7441,48,2108,2,48
"61","2020-05-11",60,1,279,213,9221,0.574991866391931,0,0,772,1033,11,7452,35,2143,NA,35
"62","2020-05-12",61,1,265,195,9221,0.574991866391931,0,0,772,1033,11,7463,41,2184,3,41
"63","2020-05-13",54,1,249,174,9221,0.574991866391931,0,0,772,1033,12,7475,27,2211,4,27
"64","2020-05-14",55,1,237,167,9221,0.574991866391931,0,0,772,1033,12,7487,25,2236,2,25
"65","2020-05-15",51,1,252,158,9221,0.574991866391931,0,0,772,1033,7,7494,51,2287,NA,51
"66","2020-05-16",50,1,250,150,9221,0.574991866391931,0,0,772,1033,9,7503,28,2315,1,28
"67","2020-05-17",48,1,240,144,9221,0.574991866391931,0,0,772,1033,8,7511,33,2348,5,33
"68","2020-05-18",41,1,228,133,9221,0.574991866391931,0,0,772,1033,7,7518,18,2366,2,18
"69","2020-05-19",32,1,258,135,9221,0.574991866391931,0,0,772,1033,11,7529,49,2415,1,49
"70","2020-05-20",33,1,293,132,9221,0.574991866391931,0,0,772,1033,6,7535,55,2470,NA,55
"71","2020-05-21",30,1,279,122,9221,0.574991866391931,0,0,772,1033,7,7542,32,2502,1,32
"72","2020-05-22",29,1,261,115,9221,0.574991866391931,0,0,772,1033,7,7549,26,2528,2,26
"73","2020-05-23",26,1,247,109,9221,0.574991866391931,0,0,772,1033,7,7556,26,2554,5,26
"74","2020-05-24",26,1,227,109,9221,0.574991866391931,0,0,772,1033,6,7562,21,2575,2,21
"75","2020-05-25",27,1,206,101,9221,0.574991866391931,0,0,772,1033,5,7567,11,2586,1,11
"76","2020-05-26",29,1,181,94,9221,0.574991866391931,0,0,772,1033,4,7571,12,2598,NA,12
"77","2020-05-27",29,1,170,88,9221,0.574991866391931,0,0,772,1033,5,7576,13,2611,1,13
"78","2020-05-28",28,1,153,80,9221,0.574991866391931,0,0,772,1033,4,7580,10,2621,NA,10
"79","2020-05-29",26,1,142,77,9221,0.574991866391931,0,0,772,1033,3,7583,12,2633,NA,12
"80","2020-05-30",25,1,121,76,9221,0.574991866391931,0,0,772,1033,5,7588,3,2636,1,3
"81","2020-05-31",22,1,116,73,9221,0.574991866391931,0,0,772,1033,2,7590,8,2644,1,8
"82","2020-06-01",21,1,107,65,9221,0.574991866391931,0,0,772,1033,5,7595,9,2653,2,9
"83","2020-06-02",23,1,118,61,9221,0.574991866391931,0,0,772,1033,5,7600,13,2666,2,13
"84","2020-06-03",20,1,163,57,9221,0.574991866391931,0,0,772,1033,2,7602,47,2713,NA,47
"85","2020-06-04",16,1,202,54,9221,0.574991866391931,0,0,772,1033,8,7610,49,2762,1,49
"86","2020-06-05",16,1,200,50,9221,0.574991866391931,0,0,772,1033,1,7611,30,2792,NA,30
"87","2020-06-06",14,1,200,53,9221,0.574991866391931,0,0,772,1033,6,7617,30,2822,1,30
"88","2020-06-07",13,1,199,53,9221,0.574991866391931,0,0,772,1033,4,7621,32,2854,NA,32
"89","2020-03-13",1,2,83,128,6307,0.489614713810052,0,0,517,576,67,203,30,61,9,30
"90","2020-03-14",4,2,80,184,6307,0.489614713810052,0,0,517,576,83,286,33,94,9,33
"91","2020-03-15",7,2,88,236,6307,0.489614713810052,0,0,517,576,76,362,27,121,14,27
"92","2020-03-16",18,2,108,310,6307,0.489614713810052,0,0,517,576,89,451,24,145,21,24
"93","2020-03-17",32,2,131,376,6307,0.489614713810052,0,0,517,576,76,527,17,162,23,17
"94","2020-03-18",43,2,159,457,6307,0.489614713810052,0,0,517,576,77,604,20,182,16,20
"95","2020-03-19",58,2,188,536,6307,0.489614713810052,0,0,517,576,93,697,35,217,29,35
"96","2020-03-20",75,2,189,623,6307,0.489614713810052,0,0,517,576,91,788,39,256,27,39
"97","2020-03-21",99,2,188,690,6307,0.489614713810052,0,0,517,576,70,858,38,294,18,38
"98","2020-03-22",126,2,181,769,6307,0.489614713810052,0,0,517,576,96,954,38,332,28,38
"99","2020-03-23",158,2,177,842,6307,0.489614713810052,0,0,517,576,95,1049,46,378,34,46
"100","2020-03-24",179,2,155,890,6307,0.489614713810052,0,0,517,576,96,1145,31,409,21,31
"101","2020-03-25",211,2,152,943,6307,0.489614713810052,0,0,517,576,99,1244,46,455,26,46
"102","2020-03-26",235,2,163,988,6307,0.489614713810052,0,0,517,576,96,1340,51,506,33,51
"103","2020-03-27",253,2,172,1014,6307,0.489614713810052,0,0,517,576,98,1438,55,561,28,55
"104","2020-03-28",260,2,200,1055,6307,0.489614713810052,0,0,517,576,86,1524,29,590,16,29
"105","2020-03-29",263,2,213,1104,6307,0.489614713810052,0,0,517,576,98,1622,43,633,28,43
"106","2020-03-30",273,2,216,1153,6307,0.489614713810052,0,0,517,576,104,1726,35,668,28,35
"107","2020-03-31",286,2,199,1189,6307,0.489614713810052,0,0,517,576,82,1808,62,730,25,62
"108","2020-04-01",285,2,199,1198,6307,0.489614713810052,0,0,517,576,98,1906,33,763,26,33
"109","2020-04-02",302,2,213,1202,6307,0.489614713810052,0,0,517,576,94,2000,62,825,29,62
"110","2020-04-03",312,2,226,1230,6307,0.489614713810052,0,0,517,576,99,2099,36,861,32,36
"111","2020-04-04",314,2,220,1231,6307,0.489614713810052,0,0,517,576,100,2199,27,888,25,27
"112","2020-04-05",332,2,218,1245,6307,0.489614713810052,0,0,517,576,93,2292,37,925,24,37
"113","2020-04-06",331,2,204,1230,6307,0.489614713810052,0,0,517,576,83,2375,29,954,22,29
"114","2020-04-07",314,2,221,1242,6307,0.489614713810052,0,0,517,576,77,2452,34,988,15,34
"115","2020-04-08",325,2,252,1231,6307,0.489614713810052,0,0,517,576,78,2530,37,1025,14,37
"116","2020-04-09",312,2,283,1213,6307,0.489614713810052,0,0,517,576,78,2608,26,1051,16,26
"117","2020-04-10",312,2,264,1205,6307,0.489614713810052,0,0,517,576,93,2701,30,1081,22,30
"118","2020-04-11",322,2,239,1194,6307,0.489614713810052,0,0,517,576,84,2785,31,1112,20,31
"119","2020-04-12",320,2,214,1171,6307,0.489614713810052,0,0,517,576,93,2878,34,1146,22,34
"120","2020-04-13",311,2,206,1156,6307,0.489614713810052,0,0,517,576,60,2938,28,1174,13,28
"121","2020-04-14",321,2,202,1128,6307,0.489614713810052,0,0,517,576,104,3042,38,1212,24,38
"122","2020-04-15",308,2,200,1124,6307,0.489614713810052,0,0,517,576,106,3148,45,1257,20,45
"123","2020-04-16",315,2,189,1089,6307,0.489614713810052,0,0,517,576,80,3228,34,1291,20,34
"124","2020-04-17",311,2,169,1083,6307,0.489614713810052,0,0,517,576,78,3306,27,1318,21,27
"125","2020-04-18",312,2,170,1062,6307,0.489614713810052,0,0,517,576,92,3398,38,1356,22,38
"126","2020-04-19",315,2,208,1040,6307,0.489614713810052,0,0,517,576,66,3464,61,1417,18,61
"127","2020-04-20",314,2,210,990,6307,0.489614713810052,0,0,517,576,74,3538,30,1447,17,30
"128","2020-04-21",311,2,202,953,6307,0.489614713810052,0,0,517,576,91,3629,41,1488,22,41
"129","2020-04-22",308,2,193,939,6307,0.489614713810052,0,0,517,576,75,3704,33,1521,18,33
"130","2020-04-23",307,2,208,923,6307,0.489614713810052,0,0,517,576,85,3789,50,1571,16,50
"131","2020-04-24",299,2,234,897,6307,0.489614713810052,0,0,517,576,76,3865,30,1601,19,30
"132","2020-04-25",278,2,272,880,6307,0.489614713810052,0,0,517,576,72,3937,49,1650,14,49
"133","2020-04-26",266,2,262,857,6307,0.489614713810052,0,0,517,576,69,4006,41,1691,8,41
"134","2020-04-27",249,2,268,870,6307,0.489614713810052,0,0,517,576,64,4070,34,1725,11,34
"135","2020-04-28",250,2,251,853,6307,0.489614713810052,0,0,517,576,74,4144,24,1749,11,24
"136","2020-04-29",251,2,246,829,6307,0.489614713810052,0,0,517,576,76,4220,25,1774,15,25
"137","2020-04-30",228,2,245,814,6307,0.489614713810052,0,0,517,576,64,4284,26,1800,10,26
"138","2020-05-01",216,2,237,788,6307,0.489614713810052,0,0,517,576,72,4356,20,1820,12,20
"139","2020-05-02",210,2,230,786,6307,0.489614713810052,0,0,517,576,68,4424,56,1876,21,56
"140","2020-05-03",197,2,208,772,6307,0.489614713810052,0,0,517,576,49,4473,24,1900,10,24
"141","2020-05-04",210,2,195,751,6307,0.489614713810052,0,0,517,576,53,4526,45,1945,8,45
"142","2020-05-05",216,2,186,733,6307,0.489614713810052,0,0,517,576,46,4572,38,1983,4,38
"143","2020-05-06",206,2,173,716,6307,0.489614713810052,0,0,517,576,50,4622,31,2014,6,31
"144","2020-05-07",214,2,167,701,6307,0.489614713810052,0,0,517,576,54,4676,37,2051,3,37
"145","2020-05-08",223,2,167,688,6307,0.489614713810052,0,0,517,576,47,4723,19,2070,3,19
"146","2020-05-09",227,2,187,667,6307,0.489614713810052,0,0,517,576,63,4786,30,2100,8,30
"147","2020-05-10",219,2,175,636,6307,0.489614713810052,0,0,517,576,51,4837,27,2127,9,27
"148","2020-05-11",202,2,159,626,6307,0.489614713810052,0,0,517,576,50,4887,26,2153,13,26
"149","2020-05-12",183,2,137,586,6307,0.489614713810052,0,0,517,576,34,4921,28,2181,7,28
"150","2020-05-13",172,2,132,563,6307,0.489614713810052,0,0,517,576,58,4979,21,2202,15,21
"151","2020-05-14",164,2,146,557,6307,0.489614713810052,0,0,517,576,39,5018,22,2224,8,22
"152","2020-05-15",150,2,182,531,6307,0.489614713810052,0,0,517,576,55,5073,46,2270,9,46
"153","2020-05-16",148,2,195,497,6307,0.489614713810052,0,0,517,576,35,5108,54,2324,7,54
"154","2020-05-17",152,2,161,492,6307,0.489614713810052,0,0,517,576,41,5149,60,2384,10,60
"155","2020-05-18",152,2,141,481,6307,0.489614713810052,0,0,517,576,39,5188,59,2443,9,59
"156","2020-05-19",146,2,145,485,6307,0.489614713810052,0,0,517,576,38,5226,38,2481,3,38
"157","2020-05-20",150,2,175,465,6307,0.489614713810052,0,0,517,576,36,5262,35,2516,6,35
"158","2020-05-21",144,2,198,444,6307,0.489614713810052,0,0,517,576,36,5298,38,2554,7,38
"159","2020-05-22",149,2,190,434,6307,0.489614713810052,0,0,517,576,29,5327,21,2575,2,21
"160","2020-05-23",143,2,187,412,6307,0.489614713810052,0,0,517,576,25,5352,37,2612,8,37
"161","2020-05-24",133,2,206,395,6307,0.489614713810052,0,0,517,576,30,5382,47,2659,6,47
"162","2020-05-25",122,2,198,373,6307,0.489614713810052,0,0,517,576,31,5413,35,2694,5,35
"163","2020-05-26",113,2,186,348,6307,0.489614713810052,0,0,517,576,29,5442,40,2734,6,40
"164","2020-05-27",109,2,171,337,6307,0.489614713810052,0,0,517,576,22,5464,34,2768,6,34
"165","2020-05-28",104,2,150,320,6307,0.489614713810052,0,0,517,576,22,5486,47,2815,5,47
"166","2020-05-29",91,2,159,288,6307,0.489614713810052,0,0,517,576,16,5502,54,2869,5,54
"167","2020-05-30",80,2,185,266,6307,0.489614713810052,0,0,517,576,25,5527,34,2903,3,34
"168","2020-05-31",77,2,194,246,6307,0.489614713810052,0,0,517,576,28,5555,44,2947,4,44
"169","2020-06-01",81,2,227,239,6307,0.489614713810052,0,0,517,576,16,5571,38,2985,4,38
"170","2020-06-02",81,2,232,228,6307,0.489614713810052,0,0,517,576,16,5587,23,3008,4,23
"171","2020-06-03",72,2,243,219,6307,0.489614713810052,0,0,517,576,22,5609,29,3037,3,29
"172","2020-06-04",62,2,226,219,6307,0.489614713810052,0,0,517,576,20,5629,33,3070,2,33
"173","2020-06-05",66,2,205,213,6307,0.489614713810052,0,0,517,576,21,5650,34,3104,7,34
"174","2020-06-06",72,2,186,204,6307,0.489614713810052,0,0,517,576,18,5668,47,3151,3,47
"175","2020-06-07",70,2,234,194,6307,0.489614713810052,0,0,517,576,17,5685,49,3200,4,49
"176","2020-03-12",1,3,169,156,7532,0.286909187466808,0,0,670,2190,28,52,17,34,10,17
"177","2020-03-13",7,3,252,232,7532,0.286909187466808,0,0,670,2190,37,89,17,51,21,17
"178","2020-03-14",16,3,258,324,7532,0.286909187466808,0,0,670,2190,48,137,7,58,26,7
"179","2020-03-15",23,3,261,413,7532,0.286909187466808,0,0,670,2190,50,187,36,94,36,36
"180","2020-03-16",37,3,277,529,7532,0.286909187466808,0,0,670,2190,64,251,23,117,37,23
"181","2020-03-17",61,3,278,631,7532,0.286909187466808,0,0,670,2190,74,325,17,134,57,17
"182","2020-03-18",95,3,284,731,7532,0.286909187466808,0,0,670,2190,71,396,17,151,54,17
"183","2020-03-19",126,3,284,811,7532,0.286909187466808,0,0,670,2190,95,491,21,172,71,21
"184","2020-03-20",156,3,299,897,7532,0.286909187466808,0,0,670,2190,102,593,44,216,77,44
"185","2020-03-21",178,3,296,974,7532,0.286909187466808,0,0,670,2190,111,704,31,247,86,31
"186","2020-03-22",210,3,287,1071,7532,0.286909187466808,0,0,670,2190,133,837,25,272,114,25
"187","2020-03-23",235,3,289,1150,7532,0.286909187466808,0,0,670,2190,140,977,41,313,118,41
"188","2020-03-24",257,3,302,1191,7532,0.286909187466808,0,0,670,2190,157,1134,29,342,136,29
"189","2020-03-25",263,3,313,1231,7532,0.286909187466808,0,0,670,2190,160,1294,35,377,133,35
"190","2020-03-26",265,3,289,1247,7532,0.286909187466808,0,0,670,2190,199,1493,31,408,184,31
"191","2020-03-27",280,3,276,1315,7532,0.286909187466808,0,0,670,2190,197,1690,45,453,164,45
"192","2020-03-28",302,3,278,1333,7532,0.286909187466808,0,0,670,2190,202,1892,42,495,177,42
"193","2020-03-29",316,3,262,1357,7532,0.286909187466808,0,0,670,2190,210,2102,46,541,192,46
"194","2020-03-30",324,3,253,1397,7532,0.286909187466808,0,0,670,2190,229,2331,35,576,209,35
"195","2020-03-31",327,3,252,1405,7532,0.286909187466808,0,0,670,2190,192,2523,29,605,175,29
"196","2020-04-01",344,3,248,1402,7532,0.286909187466808,0,0,670,2190,201,2724,19,624,187,19
"197","2020-04-02",377,3,254,1420,7532,0.286909187466808,0,0,670,2190,179,2903,35,659,167,35
"198","2020-04-03",372,3,251,1432,7532,0.286909187466808,0,0,670,2190,200,3103,34,693,187,34
"199","2020-04-04",374,3,266,1416,7532,0.286909187466808,0,0,670,2190,220,3323,29,722,199,29
"200","2020-04-05",377,3,267,1401,7532,0.286909187466808,0,0,670,2190,185,3508,23,745,170,23
"201","2020-04-06",371,3,266,1411,7532,0.286909187466808,0,0,670,2190,156,3664,25,770,148,25
"202","2020-04-07",384,3,274,1385,7532,0.286909187466808,0,0,670,2190,156,3820,26,796,145,26
"203","2020-04-08",391,3,277,1416,7532,0.286909187466808,0,0,670,2190,162,3982,17,813,146,17
"204","2020-04-09",385,3,276,1383,7532,0.286909187466808,0,0,670,2190,144,4126,22,835,132,22
"205","2020-04-10",391,3,277,1381,7532,0.286909187466808,0,0,670,2190,140,4266,34,869,123,34
"206","2020-04-11",393,3,275,1348,7532,0.286909187466808,0,0,670,2190,143,4409,21,890,126,21
"207","2020-04-12",388,3,264,1342,7532,0.286909187466808,0,0,670,2190,168,4577,30,920,148,30
"208","2020-04-13",406,3,263,1318,7532,0.286909187466808,0,0,670,2190,156,4733,55,975,141,55
"209","2020-04-14",403,3,296,1300,7532,0.286909187466808,0,0,670,2190,137,4870,37,1012,123,37
"210","2020-04-15",388,3,301,1272,7532,0.286909187466808,0,0,670,2190,113,4983,24,1036,101,24
"211","2020-04-16",377,3,287,1241,7532,0.286909187466808,0,0,670,2190,92,5075,24,1060,74,24
"212","2020-04-17",371,3,279,1210,7532,0.286909187466808,0,0,670,2190,120,5195,20,1080,97,20
"213","2020-04-18",355,3,283,1182,7532,0.286909187466808,0,0,670,2190,100,5295,21,1101,90,21
"214","2020-04-19",361,3,303,1150,7532,0.286909187466808,0,0,670,2190,73,5368,25,1126,60,25
"215","2020-04-20",349,3,314,1125,7532,0.286909187466808,0,0,670,2190,79,5447,19,1145,70,19
"216","2020-04-21",331,3,325,1117,7532,0.286909187466808,0,0,670,2190,79,5526,24,1169,72,24
"217","2020-04-22",327,3,304,1112,7532,0.286909187466808,0,0,670,2190,72,5598,13,1182,62,13
"218","2020-04-23",314,3,309,1114,7532,0.286909187466808,0,0,670,2190,60,5658,20,1202,45,20
"219","2020-04-24",312,3,294,1093,7532,0.286909187466808,0,0,670,2190,63,5721,32,1234,46,32
"220","2020-04-25",319,3,293,1078,7532,0.286909187466808,0,0,670,2190,44,5765,35,1269,37,35
"221","2020-04-26",301,3,298,1057,7532,0.286909187466808,0,0,670,2190,59,5824,26,1295,45,26
"222","2020-04-27",295,3,308,1030,7532,0.286909187466808,0,0,670,2190,48,5872,35,1330,39,35
"223","2020-04-28",285,3,332,982,7532,0.286909187466808,0,0,670,2190,44,5916,47,1377,30,47
"224","2020-04-29",273,3,330,955,7532,0.286909187466808,0,0,670,2190,44,5960,32,1409,32,32
"225","2020-04-30",298,3,352,922,7532,0.286909187466808,0,0,670,2190,46,6006,52,1461,40,52
"226","2020-05-01",297,3,351,896,7532,0.286909187466808,0,0,670,2190,40,6046,38,1499,28,38
"227","2020-05-02",279,3,352,865,7532,0.286909187466808,0,0,670,2190,54,6100,24,1523,46,24
"228","2020-05-03",279,3,378,832,7532,0.286909187466808,0,0,670,2190,29,6129,29,1552,21,29
"229","2020-05-04",260,3,380,778,7532,0.286909187466808,0,0,670,2190,41,6170,23,1575,35,23
"230","2020-05-05",264,3,338,756,7532,0.286909187466808,0,0,670,2190,28,6198,22,1597,24,22
"231","2020-05-06",261,3,328,733,7532,0.286909187466808,0,0,670,2190,30,6228,28,1625,23,28
"232","2020-05-07",221,3,320,712,7532,0.286909187466808,0,0,670,2190,39,6267,26,1651,29,26
"233","2020-05-08",208,3,350,709,7532,0.286909187466808,0,0,670,2190,21,6288,26,1677,19,26
"234","2020-05-09",198,3,351,700,7532,0.286909187466808,0,0,670,2190,31,6319,21,1698,14,21
"235","2020-05-10",178,3,355,668,7532,0.286909187466808,0,0,670,2190,26,6345,26,1724,14,26
"236","2020-05-11",183,3,371,655,7532,0.286909187466808,0,0,670,2190,21,6366,23,1747,10,23
"237","2020-05-12",180,3,364,628,7532,0.286909187466808,0,0,670,2190,23,6389,21,1768,18,21
"238","2020-05-13",178,3,371,589,7532,0.286909187466808,0,0,670,2190,20,6409,33,1801,13,33
"239","2020-05-14",181,3,365,563,7532,0.286909187466808,0,0,670,2190,19,6428,23,1824,12,23
"240","2020-05-15",165,3,371,563,7532,0.286909187466808,0,0,670,2190,12,6440,36,1860,9,36
"241","2020-05-16",167,3,362,548,7532,0.286909187466808,0,0,670,2190,9,6449,26,1886,5,26
"242","2020-05-17",159,3,380,521,7532,0.286909187466808,0,0,670,2190,18,6467,26,1912,9,26
"243","2020-05-18",151,3,396,500,7532,0.286909187466808,0,0,670,2190,13,6480,22,1934,5,22
"244","2020-05-19",137,3,381,473,7532,0.286909187466808,0,0,670,2190,10,6490,46,1980,6,46
"245","2020-05-20",128,3,384,447,7532,0.286909187466808,0,0,670,2190,17,6507,45,2025,11,45
"246","2020-05-21",127,3,384,415,7532,0.286909187466808,0,0,670,2190,12,6519,39,2064,8,39
"247","2020-05-22",128,3,370,404,7532,0.286909187466808,0,0,670,2190,10,6529,29,2093,7,29
"248","2020-05-23",124,3,352,396,7532,0.286909187466808,0,0,670,2190,9,6538,21,2114,6,21
"249","2020-05-24",127,3,336,376,7532,0.286909187466808,0,0,670,2190,15,6553,20,2134,8,20
"250","2020-05-25",118,3,322,363,7532,0.286909187466808,0,0,670,2190,12,6565,24,2158,10,24
"251","2020-05-26",114,3,320,341,7532,0.286909187466808,0,0,670,2190,11,6576,44,2202,7,44
"252","2020-05-27",111,3,320,344,7532,0.286909187466808,0,0,670,2190,6,6582,26,2228,4,26
"253","2020-05-28",101,3,328,330,7532,0.286909187466808,0,0,670,2190,5,6587,28,2256,3,28
"254","2020-05-29",99,3,307,322,7532,0.286909187466808,0,0,670,2190,7,6594,23,2279,2,23
"255","2020-05-30",90,3,312,311,7532,0.286909187466808,0,0,670,2190,5,6599,16,2295,3,16
"256","2020-05-31",81,3,330,285,7532,0.286909187466808,0,0,670,2190,4,6603,20,2315,1,20
"257","2020-06-01",87,3,344,275,7532,0.286909187466808,0,0,670,2190,5,6608,20,2335,4,20
"258","2020-06-02",91,3,387,257,7532,0.286909187466808,0,0,670,2190,6,6614,16,2351,5,16
"259","2020-06-03",84,3,367,251,7532,0.286909187466808,0,0,670,2190,8,6622,35,2386,5,35
"260","2020-06-04",79,3,354,222,7532,0.286909187466808,0,0,670,2190,5,6627,29,2415,4,29
"261","2020-06-05",72,3,367,212,7532,0.286909187466808,0,0,670,2190,2,6629,39,2454,2,39
"262","2020-06-06",70,3,371,200,7532,0.286909187466808,0,0,670,2190,11,6640,29,2483,6,29
"263","2020-06-07",69,3,353,192,7532,0.286909187466808,0,0,670,2190,9,6649,54,2537,4,54
"264","2020-03-13",1,4,56,124,6181,0.560912473709756,0,0,553,1035,133,333,91,220,54,91
"265","2020-03-14",3,4,86,185,6181,0.560912473709756,0,0,553,1035,175,508,81,301,109,81
"266","2020-03-15",9,4,141,245,6181,0.560912473709756,0,0,553,1035,254,762,44,345,169,44
"267","2020-03-16",17,4,143,309,6181,0.560912473709756,0,0,553,1035,337,1099,45,390,267,45
"268","2020-03-17",27,4,144,367,6181,0.560912473709756,0,0,553,1035,403,1502,28,418,352,28
"269","2020-03-18",43,4,168,456,6181,0.560912473709756,0,0,553,1035,585,2087,21,439,515,21
"270","2020-03-19",61,4,176,524,6181,0.560912473709756,0,0,553,1035,595,2682,32,471,546,32
"271","2020-03-20",81,4,219,593,6181,0.560912473709756,0,0,553,1035,596,3278,17,488,551,17
"272","2020-03-21",101,4,208,661,6181,0.560912473709756,0,0,553,1035,702,3980,14,502,644,14
"273","2020-03-22",119,4,190,725,6181,0.560912473709756,0,0,553,1035,606,4586,19,521,557,19
"274","2020-03-23",134,4,191,781,6181,0.560912473709756,0,0,553,1035,582,5168,37,558,547,37
"275","2020-03-24",156,4,231,839,6181,0.560912473709756,0,0,553,1035,555,5723,15,573,528,15
"276","2020-03-25",176,4,206,892,6181,0.560912473709756,0,0,553,1035,457,6180,20,593,427,20
"277","2020-03-26",196,4,192,926,6181,0.560912473709756,0,0,553,1035,384,6564,12,605,367,12
"278","2020-03-27",211,4,207,959,6181,0.560912473709756,0,0,553,1035,317,6881,12,617,297,12
"279","2020-03-28",219,4,253,997,6181,0.560912473709756,0,0,553,1035,197,7078,11,628,186,11
"280","2020-03-29",234,4,251,1050,6181,0.560912473709756,0,0,553,1035,171,7249,97,725,161,97
"281","2020-03-30",264,4,241,1070,6181,0.560912473709756,0,0,553,1035,147,7396,55,780,135,55
"282","2020-03-31",283,4,219,1108,6181,0.560912473709756,0,0,553,1035,123,7519,36,816,116,36
"283","2020-04-01",285,4,203,1152,6181,0.560912473709756,0,0,553,1035,66,7585,38,854,60,38
"284","2020-04-02",298,4,230,1171,6181,0.560912473709756,0,0,553,1035,53,7638,25,879,47,25
"285","2020-04-03",310,4,269,1187,6181,0.560912473709756,0,0,553,1035,44,7682,46,925,39,46
"286","2020-04-04",320,4,260,1204,6181,0.560912473709756,0,0,553,1035,44,7726,50,975,35,50
"287","2020-04-05",316,4,253,1236,6181,0.560912473709756,0,0,553,1035,22,7748,24,999,14,24
"288","2020-04-06",314,4,212,1224,6181,0.560912473709756,0,0,553,1035,20,7768,14,1013,17,14
"289","2020-04-07",318,4,195,1214,6181,0.560912473709756,0,0,553,1035,16,7784,18,1031,16,18
"290","2020-04-08",342,4,182,1205,6181,0.560912473709756,0,0,553,1035,15,7799,15,1046,9,15
"291","2020-04-09",354,4,192,1220,6181,0.560912473709756,0,0,553,1035,9,7808,9,1055,5,9
"292","2020-04-10",347,4,190,1207,6181,0.560912473709756,0,0,553,1035,3,7811,10,1065,3,10
"293","2020-04-11",352,4,199,1196,6181,0.560912473709756,0,0,553,1035,2,7813,15,1080,1,15
"294","2020-04-12",372,4,224,1186,6181,0.560912473709756,0,0,553,1035,4,7817,41,1121,2,41
"295","2020-04-13",377,4,207,1168,6181,0.560912473709756,0,0,553,1035,2,7819,37,1158,2,37
"296","2020-04-14",367,4,205,1166,6181,0.560912473709756,0,0,553,1035,4,7823,59,1217,1,59
"297","2020-04-15",337,4,266,1171,6181,0.560912473709756,0,0,553,1035,4,7827,39,1256,1,39
"298","2020-04-16",319,4,287,1134,6181,0.560912473709756,0,0,553,1035,4,7831,30,1286,1,30
"299","2020-04-17",319,4,268,1135,6181,0.560912473709756,0,0,553,1035,8,7839,47,1333,3,47
"300","2020-04-18",305,4,245,1111,6181,0.560912473709756,0,0,553,1035,6,7845,38,1371,4,38
"301","2020-04-19",287,4,274,1089,6181,0.560912473709756,0,0,553,1035,1,7846,35,1406,NA,35
"302","2020-04-20",281,4,282,1061,6181,0.560912473709756,0,0,553,1035,4,7850,39,1445,2,39
"303","2020-04-21",280,4,272,1026,6181,0.560912473709756,0,0,553,1035,6,7856,31,1476,3,31
"304","2020-04-22",296,4,240,964,6181,0.560912473709756,0,0,553,1035,2,7858,24,1500,1,24
"305","2020-04-23",288,4,209,956,6181,0.560912473709756,0,0,553,1035,3,7861,16,1516,1,16
"306","2020-04-24",296,4,215,926,6181,0.560912473709756,0,0,553,1035,1,7862,15,1531,1,15
"307","2020-04-25",316,4,207,903,6181,0.560912473709756,0,0,553,1035,5,7867,28,1559,1,28
"308","2020-04-26",305,4,184,855,6181,0.560912473709756,0,0,553,1035,4,7871,16,1575,2,16
"309","2020-04-27",282,4,191,828,6181,0.560912473709756,0,0,553,1035,3,7874,28,1603,NA,28
"310","2020-04-28",276,4,191,823,6181,0.560912473709756,0,0,553,1035,4,7878,43,1646,NA,43
"311","2020-04-29",255,4,182,805,6181,0.560912473709756,0,0,553,1035,4,7882,29,1675,NA,29
"312","2020-04-30",242,4,218,791,6181,0.560912473709756,0,0,553,1035,3,7885,36,1711,NA,36
"313","2020-05-01",220,4,203,765,6181,0.560912473709756,0,0,553,1035,4,7889,20,1731,1,20
"314","2020-05-02",201,4,209,733,6181,0.560912473709756,0,0,553,1035,1,7890,14,1745,NA,14
"315","2020-05-03",211,4,195,718,6181,0.560912473709756,0,0,553,1035,2,7892,39,1784,NA,39
"316","2020-05-04",206,4,261,679,6181,0.560912473709756,0,0,553,1035,2,7894,22,1806,NA,22
"317","2020-05-05",188,4,286,674,6181,0.560912473709756,0,0,553,1035,1,7895,16,1822,1,16
"318","2020-05-06",191,4,291,665,6181,0.560912473709756,0,0,553,1035,2,7897,17,1839,NA,17
"319","2020-05-07",194,4,256,651,6181,0.560912473709756,0,0,553,1035,3,7900,18,1857,1,18
"320","2020-05-08",199,4,242,625,6181,0.560912473709756,0,0,553,1035,4,7904,11,1868,NA,11
"321","2020-05-09",196,4,234,612,6181,0.560912473709756,0,0,553,1035,2,7906,22,1890,1,22
"322","2020-05-10",188,4,214,579,6181,0.560912473709756,0,0,553,1035,1,7907,45,1935,1,45
"323","2020-05-11",190,4,193,552,6181,0.560912473709756,0,0,553,1035,1,7908,24,1959,NA,24
"324","2020-05-12",186,4,172,534,6181,0.560912473709756,0,0,553,1035,1,7909,24,1983,1,24
"325","2020-05-13",171,4,169,522,6181,0.560912473709756,0,0,553,1035,2,7911,30,2013,1,30
"326","2020-05-14",161,4,228,517,6181,0.560912473709756,0,0,553,1035,3,7914,19,2032,NA,19
"327","2020-05-15",146,4,279,507,6181,0.560912473709756,0,0,553,1035,1,7915,18,2050,1,18
"328","2020-05-16",135,4,304,514,6181,0.560912473709756,0,0,553,1035,2,7917,10,2060,NA,10
"329","2020-05-17",124,4,293,504,6181,0.560912473709756,0,0,553,1035,1,7918,15,2075,1,15
"330","2020-05-18",123,4,328,509,6181,0.560912473709756,0,0,553,1035,2,7920,34,2109,NA,34
"331","2020-05-19",133,4,327,487,6181,0.560912473709756,0,0,553,1035,2,7922,26,2135,NA,26
"332","2020-05-20",134,4,310,466,6181,0.560912473709756,0,0,553,1035,2,7924,23,2158,NA,23
"333","2020-05-21",134,4,289,433,6181,0.560912473709756,0,0,553,1035,4,7928,69,2227,NA,69
"334","2020-05-22",131,4,251,421,6181,0.560912473709756,0,0,553,1035,2,7930,35,2262,NA,35
"335","2020-05-23",129,4,253,415,6181,0.560912473709756,0,0,553,1035,1,7931,13,2275,NA,13
"336","2020-05-24",133,4,267,404,6181,0.560912473709756,0,0,553,1035,1,7932,23,2298,1,23
"337","2020-05-25",123,4,263,388,6181,0.560912473709756,0,0,553,1035,NA,NA,26,2324,NA,26
"338","2020-05-26",110,4,241,384,6181,0.560912473709756,0,0,553,1035,1,7933,19,2343,1,19
"339","2020-05-27",111,4,235,356,6181,0.560912473709756,0,0,553,1035,NA,NA,24,2367,NA,24
"340","2020-05-28",112,4,205,352,6181,0.560912473709756,0,0,553,1035,NA,NA,16,2383,NA,16
"341","2020-05-29",110,4,239,327,6181,0.560912473709756,0,0,553,1035,NA,NA,25,2408,NA,25
"342","2020-05-30",108,4,235,307,6181,0.560912473709756,0,0,553,1035,NA,NA,24,2432,NA,24
"343","2020-05-31",98,4,236,292,6181,0.560912473709756,0,0,553,1035,1,7934,40,2472,1,40
"344","2020-06-01",97,4,212,290,6181,0.560912473709756,0,0,553,1035,1,7935,19,2491,NA,19
"345","2020-06-02",92,4,185,274,6181,0.560912473709756,0,0,553,1035,2,7937,22,2513,NA,22
"346","2020-06-03",86,4,176,264,6181,0.560912473709756,0,0,553,1035,1,7938,22,2535,1,22
"347","2020-06-04",78,4,165,244,6181,0.560912473709756,0,0,553,1035,1,7939,47,2582,NA,47
"348","2020-06-05",78,4,140,236,6181,0.560912473709756,0,0,553,1035,NA,NA,27,2609,NA,27
"349","2020-06-06",73,4,127,220,6181,0.560912473709756,0,0,553,1035,NA,NA,19,2628,NA,19
"350","2020-06-07",66,4,167,201,6181,0.560912473709756,0,0,553,1035,2,7941,23,2651,NA,23
"351","2020-03-13",1,5,94,144,5546,0.264334655607645,0,0,469,694,32,88,12,51,4,12
"352","2020-03-14",3,5,118,208,5546,0.264334655607645,0,0,469,694,33,121,16,67,14,16
"353","2020-03-15",12,5,126,266,5546,0.264334655607645,0,0,469,694,38,159,30,97,14,30
"354","2020-03-16",24,5,115,329,5546,0.264334655607645,0,0,469,694,43,202,43,140,23,43
"355","2020-03-17",41,5,92,376,5546,0.264334655607645,0,0,469,694,46,248,39,179,20,39
"356","2020-03-18",64,5,90,432,5546,0.264334655607645,0,0,469,694,47,295,51,230,27,51
"357","2020-03-19",78,5,84,487,5546,0.264334655607645,0,0,469,694,35,330,35,265,15,35
"358","2020-03-20",89,5,86,547,5546,0.264334655607645,0,0,469,694,50,380,36,301,20,36
"359","2020-03-21",109,5,78,619,5546,0.264334655607645,0,0,469,694,55,435,48,349,31,48
"360","2020-03-22",129,5,82,688,5546,0.264334655607645,0,0,469,694,36,471,55,404,14,55
"361","2020-03-23",150,5,94,740,5546,0.264334655607645,0,0,469,694,50,521,33,437,22,33
"362","2020-03-24",167,5,125,766,5546,0.264334655607645,0,0,469,694,46,567,37,474,24,37
"363","2020-03-25",176,5,123,785,5546,0.264334655607645,0,0,469,694,50,617,28,502,21,28
"364","2020-03-26",195,5,110,820,5546,0.264334655607645,0,0,469,694,52,669,22,524,22,22
"365","2020-03-27",215,5,113,842,5546,0.264334655607645,0,0,469,694,49,718,28,552,25,28
"366","2020-03-28",230,5,133,881,5546,0.264334655607645,0,0,469,694,61,779,29,581,36,29
"367","2020-03-29",238,5,138,897,5546,0.264334655607645,0,0,469,694,49,828,28,609,18,28
"368","2020-03-30",246,5,146,930,5546,0.264334655607645,0,0,469,694,52,880,19,628,20,19
"369","2020-03-31",250,5,157,934,5546,0.264334655607645,0,0,469,694,63,943,49,677,33,49
"370","2020-04-01",253,5,162,934,5546,0.264334655607645,0,0,469,694,53,996,63,740,25,63
"371","2020-04-02",263,5,185,944,5546,0.264334655607645,0,0,469,694,48,1044,44,784,25,44
"372","2020-04-03",263,5,218,955,5546,0.264334655607645,0,0,469,694,50,1094,32,816,24,32
"373","2020-04-04",258,5,221,935,5546,0.264334655607645,0,0,469,694,63,1157,37,853,31,37
"374","2020-04-05",258,5,217,930,5546,0.264334655607645,0,0,469,694,61,1218,16,869,33,16
"375","2020-04-06",246,5,231,930,5546,0.264334655607645,0,0,469,694,62,1280,18,887,27,18
"376","2020-04-07",252,5,212,940,5546,0.264334655607645,0,0,469,694,56,1336,36,923,30,36
"377","2020-04-08",250,5,242,916,5546,0.264334655607645,0,0,469,694,61,1397,38,961,32,38
"378","2020-04-09",239,5,232,900,5546,0.264334655607645,0,0,469,694,56,1453,39,1000,31,39
"379","2020-04-10",252,5,211,895,5546,0.264334655607645,0,0,469,694,50,1503,40,1040,25,40
"380","2020-04-11",257,5,181,888,5546,0.264334655607645,0,0,469,694,64,1567,28,1068,29,28
"381","2020-04-12",247,5,157,884,5546,0.264334655607645,0,0,469,694,64,1631,21,1089,37,21
"382","2020-04-13",253,5,159,880,5546,0.264334655607645,0,0,469,694,66,1697,25,1114,31,25
"383","2020-04-14",228,5,183,883,5546,0.264334655607645,0,0,469,694,70,1767,20,1134,33,20
"384","2020-04-15",223,5,191,867,5546,0.264334655607645,0,0,469,694,64,1831,21,1155,33,21
"385","2020-04-16",231,5,224,861,5546,0.264334655607645,0,0,469,694,59,1890,25,1180,27,25
"386","2020-04-17",231,5,221,859,5546,0.264334655607645,0,0,469,694,68,1958,28,1208,23,28
"387","2020-04-18",233,5,215,852,5546,0.264334655607645,0,0,469,694,45,2003,17,1225,15,17
"388","2020-04-19",240,5,214,842,5546,0.264334655607645,0,0,469,694,70,2073,38,1263,41,38
"389","2020-04-20",232,5,223,834,5546,0.264334655607645,0,0,469,694,54,2127,27,1290,25,27
"390","2020-04-21",248,5,259,825,5546,0.264334655607645,0,0,469,694,73,2200,30,1320,37,30
"391","2020-04-22",249,5,264,817,5546,0.264334655607645,0,0,469,694,66,2266,42,1362,34,42
"392","2020-04-23",238,5,229,797,5546,0.264334655607645,0,0,469,694,49,2315,38,1400,22,38
"393","2020-04-24",223,5,231,790,5546,0.264334655607645,0,0,469,694,60,2375,30,1430,23,30
"394","2020-04-25",219,5,233,799,5546,0.264334655607645,0,0,469,694,51,2426,25,1455,17,25
"395","2020-04-26",219,5,255,774,5546,0.264334655607645,0,0,469,694,43,2469,19,1474,17,19
"396","2020-04-27",227,5,238,766,5546,0.264334655607645,0,0,469,694,70,2539,27,1501,30,27
"397","2020-04-28",225,5,223,741,5546,0.264334655607645,0,0,469,694,43,2582,20,1521,19,20
"398","2020-04-29",233,5,207,721,5546,0.264334655607645,0,0,469,694,33,2615,21,1542,9,21
"399","2020-04-30",228,5,227,695,5546,0.264334655607645,0,0,469,694,66,2681,39,1581,22,39
"400","2020-05-01",231,5,238,684,5546,0.264334655607645,0,0,469,694,49,2730,59,1640,23,59
"401","2020-05-02",224,5,223,683,5546,0.264334655607645,0,0,469,694,50,2780,43,1683,28,43
"402","2020-05-03",215,5,219,683,5546,0.264334655607645,0,0,469,694,42,2822,29,1712,20,29
"403","2020-05-04",205,5,205,673,5546,0.264334655607645,0,0,469,694,44,2866,22,1734,22,22
"404","2020-05-05",195,5,201,669,5546,0.264334655607645,0,0,469,694,40,2906,24,1758,14,24
"405","2020-05-06",179,5,196,658,5546,0.264334655607645,0,0,469,694,48,2954,23,1781,21,23
"406","2020-05-07",186,5,223,660,5546,0.264334655607645,0,0,469,694,45,2999,44,1825,20,44
"407","2020-05-08",178,5,229,639,5546,0.264334655607645,0,0,469,694,31,3030,43,1868,19,43
"408","2020-05-09",173,5,218,615,5546,0.264334655607645,0,0,469,694,48,3078,42,1910,26,42
"409","2020-05-10",163,5,199,602,5546,0.264334655607645,0,0,469,694,47,3125,39,1949,19,39
"410","2020-05-11",160,5,213,589,5546,0.264334655607645,0,0,469,694,44,3169,30,1979,26,30
"411","2020-05-12",160,5,218,560,5546,0.264334655607645,0,0,469,694,45,3214,36,2015,15,36
"412","2020-05-13",158,5,205,557,5546,0.264334655607645,0,0,469,694,25,3239,23,2038,12,23
"413","2020-05-14",150,5,180,539,5546,0.264334655607645,0,0,469,694,34,3273,19,2057,14,19
"414","2020-05-15",141,5,168,548,5546,0.264334655607645,0,0,469,694,44,3317,41,2098,20,41
"415","2020-05-16",133,5,201,523,5546,0.264334655607645,0,0,469,694,37,3354,31,2129,20,31
"416","2020-05-17",135,5,197,519,5546,0.264334655607645,0,0,469,694,35,3389,18,2147,14,18
"417","2020-05-18",129,5,175,505,5546,0.264334655607645,0,0,469,694,29,3418,23,2170,19,23
"418","2020-05-19",126,5,219,499,5546,0.264334655607645,0,0,469,694,19,3437,31,2201,12,31
"419","2020-05-20",124,5,226,478,5546,0.264334655607645,0,0,469,694,30,3467,38,2239,8,38
"420","2020-05-21",119,5,242,467,5546,0.264334655607645,0,0,469,694,30,3497,39,2278,15,39
"421","2020-05-22",117,5,226,451,5546,0.264334655607645,0,0,469,694,25,3522,31,2309,14,31
"422","2020-05-23",129,5,240,450,5546,0.264334655607645,0,0,469,694,23,3545,21,2330,11,21
"423","2020-05-24",135,5,260,427,5546,0.264334655607645,0,0,469,694,32,3577,21,2351,14,21
"424","2020-05-25",135,5,254,415,5546,0.264334655607645,0,0,469,694,37,3614,18,2369,20,18
"425","2020-05-26",136,5,234,396,5546,0.264334655607645,0,0,469,694,22,3636,17,2386,8,17
"426","2020-05-27",133,5,205,393,5546,0.264334655607645,0,0,469,694,33,3669,20,2406,15,20
"427","2020-05-28",131,5,191,372,5546,0.264334655607645,0,0,469,694,24,3693,47,2453,13,47
"428","2020-05-29",131,5,176,354,5546,0.264334655607645,0,0,469,694,21,3714,47,2500,7,47
"429","2020-05-30",122,5,156,330,5546,0.264334655607645,0,0,469,694,27,3741,57,2557,15,57
"430","2020-05-31",110,5,187,303,5546,0.264334655607645,0,0,469,694,35,3776,75,2632,22,75
"431","2020-06-01",107,5,179,291,5546,0.264334655607645,0,0,469,694,11,3787,33,2665,5,33
"432","2020-06-02",91,5,169,281,5546,0.264334655607645,0,0,469,694,20,3807,33,2698,13,33
"433","2020-06-03",85,5,184,265,5546,0.264334655607645,0,0,469,694,17,3824,36,2734,8,36
"434","2020-06-04",82,5,201,248,5546,0.264334655607645,0,0,469,694,23,3847,33,2767,8,33
"435","2020-06-05",79,5,196,237,5546,0.264334655607645,0,0,469,694,15,3862,31,2798,7,31
"436","2020-06-06",68,5,180,236,5546,0.264334655607645,0,0,469,694,17,3879,18,2816,9,18
"437","2020-06-07",72,5,172,235,5546,0.264334655607645,0,0,469,694,12,3891,31,2847,6,31
"438","2020-03-13",3,6,196,186,8685,0.850546919976972,0,0,878,1946,57,151,16,112,8,16
"439","2020-03-14",6,6,251,302,8685,0.850546919976972,0,0,878,1946,41,192,54,166,4,54
"440","2020-03-15",16,6,284,448,8685,0.850546919976972,0,0,878,1946,64,256,57,223,9,57
"441","2020-03-16",30,6,278,597,8685,0.850546919976972,0,0,878,1946,45,301,27,250,5,27
"442","2020-03-17",40,6,276,846,8685,0.850546919976972,0,0,878,1946,42,343,10,260,8,10
"443","2020-03-18",64,6,268,1162,8685,0.850546919976972,0,0,878,1946,68,411,8,268,14,8
"444","2020-03-19",107,6,225,1471,8685,0.850546919976972,0,0,878,1946,72,483,11,279,14,11
"445","2020-03-20",154,6,207,1885,8685,0.850546919976972,0,0,878,1946,78,561,15,294,23,15
"446","2020-03-21",213,6,180,2361,8685,0.850546919976972,0,0,878,1946,75,636,55,349,29,55
"447","2020-03-22",271,6,166,2873,8685,0.850546919976972,0,0,878,1946,52,688,21,370,21,21
"448","2020-03-23",341,6,155,3301,8685,0.850546919976972,0,0,878,1946,66,754,49,419,17,49
"449","2020-03-24",469,6,139,3772,8685,0.850546919976972,0,0,878,1946,65,819,30,449,15,30
"450","2020-03-25",590,6,142,4215,8685,0.850546919976972,0,0,878,1946,61,880,26,475,11,26
"451","2020-03-26",715,6,137,4578,8685,0.850546919976972,0,0,878,1946,75,955,23,498,16,23
"452","2020-03-27",848,6,119,4906,8685,0.850546919976972,0,0,878,1946,87,1042,25,523,26,25
"453","2020-03-28",1004,6,159,4996,8685,0.850546919976972,0,0,878,1946,79,1121,25,548,31,25
"454","2020-03-29",1153,6,211,5002,8685,0.850546919976972,0,0,878,1946,70,1191,56,604,25,56
"455","2020-03-30",1298,6,227,4907,8685,0.850546919976972,0,0,878,1946,65,1256,23,627,18,23
"456","2020-03-31",1365,6,203,4745,8685,0.850546919976972,0,0,878,1946,66,1322,23,650,13,23
"457","2020-04-01",1439,6,194,4435,8685,0.850546919976972,0,0,878,1946,68,1390,15,665,18,15
"458","2020-04-02",1466,6,194,4157,8685,0.850546919976972,0,0,878,1946,79,1469,8,673,27,8
"459","2020-04-03",1444,6,238,3791,8685,0.850546919976972,0,0,878,1946,70,1539,12,685,19,12
"460","2020-04-04",1399,6,244,3393,8685,0.850546919976972,0,0,878,1946,84,1623,14,699,21,14
"461","2020-04-05",1333,6,244,3014,8685,0.850546919976972,0,0,878,1946,83,1706,15,714,26,15
"462","2020-04-06",1221,6,255,2651,8685,0.850546919976972,0,0,878,1946,69,1775,10,724,21,10
"463","2020-04-07",1133,6,260,2291,8685,0.850546919976972,0,0,878,1946,79,1854,61,785,19,61
"464","2020-04-08",998,6,254,1911,8685,0.850546919976972,0,0,878,1946,64,1918,42,827,15,42
"465","2020-04-09",872,6,214,1592,8685,0.850546919976972,0,0,878,1946,83,2001,21,848,24,21
"466","2020-04-10",768,6,220,1356,8685,0.850546919976972,0,0,878,1946,68,2069,39,887,9,39
"467","2020-04-11",643,6,236,1131,8685,0.850546919976972,0,0,878,1946,65,2134,19,906,13,19
"468","2020-04-12",538,6,238,944,8685,0.850546919976972,0,0,878,1946,64,2198,21,927,8,21
"469","2020-04-13",453,6,251,781,8685,0.850546919976972,0,0,878,1946,53,2251,14,941,12,14
"470","2020-04-14",363,6,239,655,8685,0.850546919976972,0,0,878,1946,56,2307,12,953,7,12
"471","2020-04-15",293,6,214,532,8685,0.850546919976972,0,0,878,1946,70,2377,16,969,16,16
"472","2020-04-16",237,6,195,440,8685,0.850546919976972,0,0,878,1946,76,2453,16,985,6,16
"473","2020-04-17",200,6,206,370,8685,0.850546919976972,0,0,878,1946,70,2523,14,999,11,14
"474","2020-04-18",155,6,208,315,8685,0.850546919976972,0,0,878,1946,78,2601,19,1018,16,19
"475","2020-04-19",118,6,228,262,8685,0.850546919976972,0,0,878,1946,66,2667,31,1049,9,31
"476","2020-04-20",98,6,292,211,8685,0.850546919976972,0,0,878,1946,59,2726,29,1078,14,29
"477","2020-04-21",74,6,283,180,8685,0.850546919976972,0,0,878,1946,76,2802,25,1103,8,25
"478","2020-04-22",68,6,256,146,8685,0.850546919976972,0,0,878,1946,60,2862,24,1127,14,24
"479","2020-04-23",58,6,236,127,8685,0.850546919976972,0,0,878,1946,63,2925,21,1148,11,21
"480","2020-04-24",45,6,280,110,8685,0.850546919976972,0,0,878,1946,61,2986,30,1178,12,30
"481","2020-04-25",45,6,293,97,8685,0.850546919976972,0,0,878,1946,58,3044,11,1189,12,11
"482","2020-04-26",38,6,326,83,8685,0.850546919976972,0,0,878,1946,49,3093,40,1229,11,40
"483","2020-04-27",33,6,310,81,8685,0.850546919976972,0,0,878,1946,60,3153,43,1272,10,43
"484","2020-04-28",30,6,271,72,8685,0.850546919976972,0,0,878,1946,60,3213,45,1317,9,45
"485","2020-04-29",23,6,264,64,8685,0.850546919976972,0,0,878,1946,57,3270,51,1368,3,51
"486","2020-04-30",25,6,240,60,8685,0.850546919976972,0,0,878,1946,50,3320,36,1404,7,36
"487","2020-05-01",21,6,214,54,8685,0.850546919976972,0,0,878,1946,63,3383,21,1425,10,21
"488","2020-05-02",21,6,190,51,8685,0.850546919976972,0,0,878,1946,52,3435,28,1453,3,28
"489","2020-05-03",21,6,176,49,8685,0.850546919976972,0,0,878,1946,61,3496,39,1492,9,39
"490","2020-05-04",17,6,163,45,8685,0.850546919976972,0,0,878,1946,44,3540,25,1517,4,25
"491","2020-05-05",17,6,177,41,8685,0.850546919976972,0,0,878,1946,54,3594,16,1533,9,16
"492","2020-05-06",18,6,187,39,8685,0.850546919976972,0,0,878,1946,54,3648,12,1545,8,12
"493","2020-05-07",16,6,231,38,8685,0.850546919976972,0,0,878,1946,57,3705,38,1583,10,38
"494","2020-05-08",14,6,215,39,8685,0.850546919976972,0,0,878,1946,45,3750,25,1608,4,25
"495","2020-05-09",14,6,210,39,8685,0.850546919976972,0,0,878,1946,47,3797,35,1643,8,35
"496","2020-05-10",12,6,228,37,8685,0.850546919976972,0,0,878,1946,58,3855,36,1679,8,36
"497","2020-05-11",11,6,225,35,8685,0.850546919976972,0,0,878,1946,48,3903,44,1723,5,44
"498","2020-05-12",15,6,221,33,8685,0.850546919976972,0,0,878,1946,42,3945,33,1756,7,33
"499","2020-05-13",13,6,226,32,8685,0.850546919976972,0,0,878,1946,43,3988,17,1773,5,17
"500","2020-05-14",10,6,224,33,8685,0.850546919976972,0,0,878,1946,37,4025,17,1790,8,17
"501","2020-05-15",10,6,232,34,8685,0.850546919976972,0,0,878,1946,41,4066,47,1837,11,47
"502","2020-05-16",7,6,223,31,8685,0.850546919976972,0,0,878,1946,40,4106,21,1858,7,21
"503","2020-05-17",8,6,196,26,8685,0.850546919976972,0,0,878,1946,34,4140,19,1877,1,19
"504","2020-05-18",6,6,183,28,8685,0.850546919976972,0,0,878,1946,48,4188,14,1891,11,14
"505","2020-05-19",2,6,162,26,8685,0.850546919976972,0,0,878,1946,36,4224,49,1940,9,49
"506","2020-05-20",3,6,164,24,8685,0.850546919976972,0,0,878,1946,33,4257,43,1983,6,43
"507","2020-05-21",3,6,155,23,8685,0.850546919976972,0,0,878,1946,43,4300,22,2005,13,22
"508","2020-05-22",2,6,154,24,8685,0.850546919976972,0,0,878,1946,40,4340,55,2060,10,55
"509","2020-05-23",3,6,229,29,8685,0.850546919976972,0,0,878,1946,31,4371,27,2087,5,27
"510","2020-05-24",4,6,282,26,8685,0.850546919976972,0,0,878,1946,24,4395,29,2116,5,29
"511","2020-05-25",6,6,284,26,8685,0.850546919976972,0,0,878,1946,28,4423,29,2145,6,29
"512","2020-05-26",8,6,298,26,8685,0.850546919976972,0,0,878,1946,30,4453,16,2161,8,16
"513","2020-05-27",8,6,308,24,8685,0.850546919976972,0,0,878,1946,34,4487,9,2170,6,9
"514","2020-05-28",11,6,304,24,8685,0.850546919976972,0,0,878,1946,22,4509,18,2188,5,18
"515","2020-05-29",11,6,273,27,8685,0.850546919976972,0,0,878,1946,33,4542,56,2244,9,56
"516","2020-05-30",10,6,260,25,8685,0.850546919976972,0,0,878,1946,37,4579,26,2270,8,26
"517","2020-05-31",10,6,272,24,8685,0.850546919976972,0,0,878,1946,16,4595,24,2294,3,24
"518","2020-06-01",8,6,244,20,8685,0.850546919976972,0,0,878,1946,24,4619,33,2327,9,33
"519","2020-06-02",6,6,250,15,8685,0.850546919976972,0,0,878,1946,18,4637,66,2393,7,66
"520","2020-06-03",5,6,230,14,8685,0.850546919976972,0,0,878,1946,17,4654,72,2465,8,72
"521","2020-06-04",4,6,193,14,8685,0.850546919976972,0,0,878,1946,23,4677,30,2495,3,30
"522","2020-06-05",4,6,153,13,8685,0.850546919976972,0,0,878,1946,19,4696,35,2530,3,35
"523","2020-06-06",4,6,139,9,8685,0.850546919976972,0,0,878,1946,15,4711,44,2574,5,44
"524","2020-06-07",2,6,135,10,8685,0.850546919976972,0,0,878,1946,18,4729,43,2617,4,43
"525","2020-03-13",2,7,96,243,7774,0.183431952662722,0,0,607,669,28,84,17,105,9,17
"526","2020-03-14",15,7,113,315,7774,0.183431952662722,0,0,607,669,30,114,24,129,8,24
"527","2020-03-15",24,7,115,409,7774,0.183431952662722,0,0,607,669,32,146,57,186,7,57
"528","2020-03-16",44,7,135,522,7774,0.183431952662722,0,0,607,669,55,201,71,257,23,71
"529","2020-03-17",63,7,161,622,7774,0.183431952662722,0,0,607,669,42,243,49,306,19,49
"530","2020-03-18",92,7,183,726,7774,0.183431952662722,0,0,607,669,54,297,50,356,22,50
"531","2020-03-19",121,7,180,817,7774,0.183431952662722,0,0,607,669,36,333,42,398,18,42
"532","2020-03-20",151,7,168,892,7774,0.183431952662722,0,0,607,669,47,380,29,427,27,29
"533","2020-03-21",177,7,145,994,7774,0.183431952662722,0,0,607,669,46,426,17,444,24,17
"534","2020-03-22",210,7,146,1058,7774,0.183431952662722,0,0,607,669,58,484,9,453,34,9
"535","2020-03-23",245,7,165,1108,7774,0.183431952662722,0,0,607,669,43,527,31,484,28,31
"536","2020-03-24",267,7,191,1143,7774,0.183431952662722,0,0,607,669,62,589,28,512,35,28
"537","2020-03-25",274,7,190,1190,7774,0.183431952662722,0,0,607,669,69,658,14,526,44,14
"538","2020-03-26",297,7,191,1224,7774,0.183431952662722,0,0,607,669,67,725,41,567,41,41
"539","2020-03-27",309,7,197,1250,7774,0.183431952662722,0,0,607,669,66,791,49,616,40,49
"540","2020-03-28",312,7,211,1254,7774,0.183431952662722,0,0,607,669,51,842,40,656,30,40
"541","2020-03-29",328,7,228,1277,7774,0.183431952662722,0,0,607,669,54,896,25,681,28,25
"542","2020-03-30",320,7,214,1285,7774,0.183431952662722,0,0,607,669,71,967,34,715,42,34
"543","2020-03-31",325,7,190,1299,7774,0.183431952662722,0,0,607,669,71,1038,15,730,40,15
"544","2020-04-01",338,7,194,1316,7774,0.183431952662722,0,0,607,669,70,1108,13,743,38,13
"545","2020-04-02",347,7,183,1318,7774,0.183431952662722,0,0,607,669,73,1181,20,763,40,20
"546","2020-04-03",356,7,159,1325,7774,0.183431952662722,0,0,607,669,57,1238,50,813,35,50
"547","2020-04-04",353,7,147,1345,7774,0.183431952662722,0,0,607,669,61,1299,17,830,39,17
"548","2020-04-05",354,7,118,1355,7774,0.183431952662722,0,0,607,669,68,1367,17,847,41,17
"549","2020-04-06",363,7,120,1366,7774,0.183431952662722,0,0,607,669,51,1418,17,864,27,17
"550","2020-04-07",378,7,137,1364,7774,0.183431952662722,0,0,607,669,40,1458,13,877,18,13
"551","2020-04-08",391,7,139,1365,7774,0.183431952662722,0,0,607,669,74,1532,9,886,39,9
"552","2020-04-09",389,7,128,1355,7774,0.183431952662722,0,0,607,669,57,1589,7,893,25,7
"553","2020-04-10",399,7,136,1339,7774,0.183431952662722,0,0,607,669,66,1655,5,898,32,5
"554","2020-04-11",419,7,164,1355,7774,0.183431952662722,0,0,607,669,50,1705,2,900,24,2
"555","2020-04-12",409,7,201,1311,7774,0.183431952662722,0,0,607,669,70,1775,13,913,42,13
"556","2020-04-13",409,7,202,1308,7774,0.183431952662722,0,0,607,669,64,1839,7,920,32,7
"557","2020-04-14",388,7,222,1298,7774,0.183431952662722,0,0,607,669,84,1923,9,929,43,9
"558","2020-04-15",362,7,216,1264,7774,0.183431952662722,0,0,607,669,45,1968,6,935,26,6
"559","2020-04-16",360,7,209,1238,7774,0.183431952662722,0,0,607,669,76,2044,11,946,30,11
"560","2020-04-17",345,7,203,1219,7774,0.183431952662722,0,0,607,669,64,2108,26,972,39,26
"561","2020-04-18",329,7,258,1209,7774,0.183431952662722,0,0,607,669,50,2158,30,1002,32,30
"562","2020-04-19",323,7,269,1203,7774,0.183431952662722,0,0,607,669,71,2229,19,1021,40,19
"563","2020-04-20",323,7,278,1182,7774,0.183431952662722,0,0,607,669,72,2301,10,1031,34,10
"564","2020-04-21",333,7,248,1163,7774,0.183431952662722,0,0,607,669,60,2361,8,1039,33,8
"565","2020-04-22",334,7,221,1160,7774,0.183431952662722,0,0,607,669,53,2414,9,1048,31,9
"566","2020-04-23",322,7,226,1131,7774,0.183431952662722,0,0,607,669,60,2474,6,1054,27,6
"567","2020-04-24",316,7,284,1108,7774,0.183431952662722,0,0,607,669,57,2531,13,1067,25,13
"568","2020-04-25",303,7,308,1099,7774,0.183431952662722,0,0,607,669,53,2584,6,1073,32,6
"569","2020-04-26",300,7,298,1094,7774,0.183431952662722,0,0,607,669,58,2642,32,1105,27,32
"570","2020-04-27",279,7,263,1051,7774,0.183431952662722,0,0,607,669,51,2693,13,1118,26,13
"571","2020-04-28",278,7,260,1042,7774,0.183431952662722,0,0,607,669,51,2744,9,1127,21,9
"572","2020-04-29",275,7,263,1011,7774,0.183431952662722,0,0,607,669,53,2797,6,1133,25,6
"573","2020-04-30",264,7,242,984,7774,0.183431952662722,0,0,607,669,68,2865,10,1143,37,10
"574","2020-05-01",256,7,259,956,7774,0.183431952662722,0,0,607,669,44,2909,8,1151,21,8
"575","2020-05-02",269,7,230,931,7774,0.183431952662722,0,0,607,669,47,2956,6,1157,20,6
"576","2020-05-03",254,7,223,905,7774,0.183431952662722,0,0,607,669,45,3001,6,1163,16,6
"577","2020-05-04",247,7,260,881,7774,0.183431952662722,0,0,607,669,41,3042,10,1173,17,10
"578","2020-05-05",229,7,277,867,7774,0.183431952662722,0,0,607,669,47,3089,20,1193,15,20
"579","2020-05-06",229,7,288,846,7774,0.183431952662722,0,0,607,669,55,3144,43,1236,26,43
"580","2020-05-07",232,7,263,827,7774,0.183431952662722,0,0,607,669,45,3189,20,1256,17,20
"581","2020-05-08",226,7,235,790,7774,0.183431952662722,0,0,607,669,58,3247,18,1274,15,18
"582","2020-05-09",209,7,206,754,7774,0.183431952662722,0,0,607,669,48,3295,14,1288,21,14
"583","2020-05-10",215,7,179,742,7774,0.183431952662722,0,0,607,669,35,3330,11,1299,19,11
"584","2020-05-11",202,7,169,714,7774,0.183431952662722,0,0,607,669,40,3370,12,1311,17,12
"585","2020-05-12",189,7,218,705,7774,0.183431952662722,0,0,607,669,45,3415,4,1315,19,4
"586","2020-05-13",173,7,234,666,7774,0.183431952662722,0,0,607,669,43,3458,10,1325,22,10
"587","2020-05-14",168,7,216,628,7774,0.183431952662722,0,0,607,669,37,3495,17,1342,20,17
"588","2020-05-15",166,7,205,618,7774,0.183431952662722,0,0,607,669,35,3530,8,1350,21,8
"589","2020-05-16",160,7,214,597,7774,0.183431952662722,0,0,607,669,30,3560,14,1364,20,14
"590","2020-05-17",155,7,209,587,7774,0.183431952662722,0,0,607,669,37,3597,35,1399,19,35
"591","2020-05-18",157,7,201,566,7774,0.183431952662722,0,0,607,669,35,3632,26,1425,18,26
"592","2020-05-19",164,7,185,548,7774,0.183431952662722,0,0,607,669,33,3665,14,1439,15,14
"593","2020-05-20",171,7,214,514,7774,0.183431952662722,0,0,607,669,38,3703,18,1457,19,18
"594","2020-05-21",157,7,205,484,7774,0.183431952662722,0,0,607,669,24,3727,11,1468,8,11
"595","2020-05-22",149,7,180,453,7774,0.183431952662722,0,0,607,669,32,3759,12,1480,12,12
"596","2020-05-23",143,7,147,438,7774,0.183431952662722,0,0,607,669,27,3786,8,1488,12,8
"597","2020-05-24",141,7,131,429,7774,0.183431952662722,0,0,607,669,24,3810,7,1495,9,7
"598","2020-05-25",137,7,159,405,7774,0.183431952662722,0,0,607,669,34,3844,21,1516,18,21
"599","2020-05-26",126,7,198,384,7774,0.183431952662722,0,0,607,669,27,3871,43,1559,14,43
"600","2020-05-27",112,7,219,367,7774,0.183431952662722,0,0,607,669,32,3903,31,1590,16,31
"601","2020-05-28",102,7,214,351,7774,0.183431952662722,0,0,607,669,24,3927,13,1603,9,13
"602","2020-05-29",101,7,198,339,7774,0.183431952662722,0,0,607,669,26,3953,7,1610,18,7
"603","2020-05-30",100,7,182,334,7774,0.183431952662722,0,0,607,669,22,3975,14,1624,14,14
"604","2020-05-31",86,7,161,307,7774,0.183431952662722,0,0,607,669,23,3998,20,1644,13,20
"605","2020-06-01",84,7,149,305,7774,0.183431952662722,0,0,607,669,26,4024,51,1695,16,51
"606","2020-06-02",83,7,137,298,7774,0.183431952662722,0,0,607,669,15,4039,55,1750,10,55
"607","2020-06-03",85,7,141,297,7774,0.183431952662722,0,0,607,669,26,4065,67,1817,12,67
"608","2020-06-04",95,7,130,274,7774,0.183431952662722,0,0,607,669,22,4087,23,1840,11,23
"609","2020-06-05",84,7,135,271,7774,0.183431952662722,0,0,607,669,18,4105,15,1855,8,15
"610","2020-06-06",89,7,147,258,7774,0.183431952662722,0,0,607,669,17,4122,10,1865,8,10
"611","2020-06-07",85,7,160,249,7774,0.183431952662722,0,0,607,669,12,4134,18,1883,7,18
"612","2020-03-12",1,8,179,128,6615,0.281783824640968,0,0,566,1606,50,98,21,59,NA,21
"613","2020-03-13",4,8,265,188,6615,0.281783824640968,0,0,566,1606,59,157,33,92,5,33
"614","2020-03-14",5,8,273,253,6615,0.281783824640968,0,0,566,1606,51,208,48,140,5,48
"615","2020-03-15",17,8,315,327,6615,0.281783824640968,0,0,566,1606,52,260,40,180,13,40
"616","2020-03-16",27,8,343,398,6615,0.281783824640968,0,0,566,1606,55,315,22,202,7,22
"617","2020-03-17",42,8,346,488,6615,0.281783824640968,0,0,566,1606,77,392,10,212,19,10
"618","2020-03-18",52,8,368,585,6615,0.281783824640968,0,0,566,1606,67,459,19,231,16,19
"619","2020-03-19",75,8,376,659,6615,0.281783824640968,0,0,566,1606,61,520,13,244,22,13
"620","2020-03-20",90,8,338,700,6615,0.281783824640968,0,0,566,1606,61,581,48,292,18,48
"621","2020-03-21",121,8,335,758,6615,0.281783824640968,0,0,566,1606,78,659,60,352,18,60
"622","2020-03-22",143,8,319,812,6615,0.281783824640968,0,0,566,1606,62,721,22,374,16,22
"623","2020-03-23",168,8,306,872,6615,0.281783824640968,0,0,566,1606,56,777,21,395,21,21
"624","2020-03-24",188,8,294,900,6615,0.281783824640968,0,0,566,1606,57,834,19,414,12,19
"625","2020-03-25",213,8,293,936,6615,0.281783824640968,0,0,566,1606,54,888,23,437,9,23
"626","2020-03-26",218,8,270,972,6615,0.281783824640968,0,0,566,1606,54,942,30,467,8,30
"627","2020-03-27",239,8,264,997,6615,0.281783824640968,0,0,566,1606,77,1019,20,487,16,20
"628","2020-03-28",246,8,269,1017,6615,0.281783824640968,0,0,566,1606,68,1087,42,529,22,42
"629","2020-03-29",258,8,277,1043,6615,0.281783824640968,0,0,566,1606,64,1151,33,562,13,33
"630","2020-03-30",266,8,250,1034,6615,0.281783824640968,0,0,566,1606,68,1219,48,610,21,48
"631","2020-03-31",273,8,270,1024,6615,0.281783824640968,0,0,566,1606,68,1287,28,638,20,28
"632","2020-04-01",267,8,318,1073,6615,0.281783824640968,0,0,566,1606,57,1344,47,685,9,47
"633","2020-04-02",290,8,322,1085,6615,0.281783824640968,0,0,566,1606,69,1413,25,710,21,25
"634","2020-04-03",294,8,346,1080,6615,0.281783824640968,0,0,566,1606,68,1481,20,730,13,20
"635","2020-04-04",295,8,341,1091,6615,0.281783824640968,0,0,566,1606,49,1530,20,750,12,20
"636","2020-04-05",295,8,307,1081,6615,0.281783824640968,0,0,566,1606,63,1593,19,769,9,19
"637","2020-04-06",294,8,316,1068,6615,0.281783824640968,0,0,566,1606,67,1660,22,791,18,22
"638","2020-04-07",287,8,326,1070,6615,0.281783824640968,0,0,566,1606,67,1727,28,819,17,28
"639","2020-04-08",288,8,325,1056,6615,0.281783824640968,0,0,566,1606,76,1803,20,839,17,20
"640","2020-04-09",283,8,322,1068,6615,0.281783824640968,0,0,566,1606,82,1885,24,863,17,24
"641","2020-04-10",287,8,315,1069,6615,0.281783824640968,0,0,566,1606,89,1974,55,918,26,55
"642","2020-04-11",293,8,324,1062,6615,0.281783824640968,0,0,566,1606,80,2054,66,984,17,66
"643","2020-04-12",293,8,308,1064,6615,0.281783824640968,0,0,566,1606,73,2127,26,1010,15,26
"644","2020-04-13",286,8,276,1062,6615,0.281783824640968,0,0,566,1606,70,2197,53,1063,10,53
"645","2020-04-14",294,8,281,1041,6615,0.281783824640968,0,0,566,1606,65,2262,35,1098,17,35
"646","2020-04-15",298,8,286,1023,6615,0.281783824640968,0,0,566,1606,70,2332,25,1123,6,25
"647","2020-04-16",287,8,279,1021,6615,0.281783824640968,0,0,566,1606,56,2388,20,1143,13,20
"648","2020-04-17",273,8,285,1015,6615,0.281783824640968,0,0,566,1606,65,2453,42,1185,10,42
"649","2020-04-18",264,8,288,1003,6615,0.281783824640968,0,0,566,1606,67,2520,26,1211,14,26
"650","2020-04-19",249,8,289,1012,6615,0.281783824640968,0,0,566,1606,81,2601,40,1251,17,40
"651","2020-04-20",262,8,301,999,6615,0.281783824640968,0,0,566,1606,78,2679,22,1273,13,22
"652","2020-04-21",261,8,305,1015,6615,0.281783824640968,0,0,566,1606,67,2746,15,1288,10,15
"653","2020-04-22",276,8,291,1020,6615,0.281783824640968,0,0,566,1606,73,2819,26,1314,14,26
"654","2020-04-23",275,8,278,1004,6615,0.281783824640968,0,0,566,1606,87,2906,42,1356,14,42
"655","2020-04-24",287,8,289,993,6615,0.281783824640968,0,0,566,1606,75,2981,53,1409,11,53
"656","2020-04-25",284,8,306,967,6615,0.281783824640968,0,0,566,1606,55,3036,66,1475,7,66
"657","2020-04-26",287,8,335,966,6615,0.281783824640968,0,0,566,1606,66,3102,55,1530,10,55
"658","2020-04-27",280,8,358,938,6615,0.281783824640968,0,0,566,1606,72,3174,31,1561,8,31
"659","2020-04-28",272,8,338,912,6615,0.281783824640968,0,0,566,1606,66,3240,25,1586,7,25
"660","2020-04-29",253,8,319,884,6615,0.281783824640968,0,0,566,1606,53,3293,20,1606,8,20
"661","2020-04-30",254,8,313,855,6615,0.281783824640968,0,0,566,1606,67,3360,20,1626,15,20
"662","2020-05-01",239,8,348,841,6615,0.281783824640968,0,0,566,1606,46,3406,11,1637,6,11
"663","2020-05-02",238,8,346,822,6615,0.281783824640968,0,0,566,1606,51,3457,10,1647,9,10
"664","2020-05-03",231,8,341,805,6615,0.281783824640968,0,0,566,1606,62,3519,33,1680,12,33
"665","2020-05-04",223,8,339,782,6615,0.281783824640968,0,0,566,1606,40,3559,24,1704,7,24
"666","2020-05-05",221,8,356,766,6615,0.281783824640968,0,0,566,1606,49,3608,23,1727,10,23
"667","2020-05-06",217,8,341,762,6615,0.281783824640968,0,0,566,1606,63,3671,19,1746,8,19
"668","2020-05-07",215,8,335,740,6615,0.281783824640968,0,0,566,1606,56,3727,18,1764,8,18
"669","2020-05-08",215,8,319,721,6615,0.281783824640968,0,0,566,1606,72,3799,30,1794,16,30
"670","2020-05-09",209,8,317,702,6615,0.281783824640968,0,0,566,1606,43,3842,23,1817,10,23
"671","2020-05-10",210,8,312,701,6615,0.281783824640968,0,0,566,1606,60,3902,14,1831,17,14
"672","2020-05-11",201,8,312,673,6615,0.281783824640968,0,0,566,1606,44,3946,10,1841,11,10
"673","2020-05-12",205,8,327,662,6615,0.281783824640968,0,0,566,1606,47,3993,4,1845,9,4
"674","2020-05-13",203,8,327,647,6615,0.281783824640968,0,0,566,1606,44,4037,5,1850,13,5
"675","2020-05-14",200,8,339,634,6615,0.281783824640968,0,0,566,1606,37,4074,13,1863,8,13
"676","2020-05-15",195,8,328,625,6615,0.281783824640968,0,0,566,1606,52,4126,12,1875,12,12
"677","2020-05-16",191,8,326,625,6615,0.281783824640968,0,0,566,1606,40,4166,7,1882,8,7
"678","2020-05-17",175,8,327,613,6615,0.281783824640968,0,0,566,1606,50,4216,14,1896,12,14
"679","2020-05-18",173,8,318,583,6615,0.281783824640968,0,0,566,1606,46,4262,64,1960,11,64
"680","2020-05-19",159,8,319,554,6615,0.281783824640968,0,0,566,1606,34,4296,48,2008,5,48
"681","2020-05-20",156,8,308,533,6615,0.281783824640968,0,0,566,1606,30,4326,37,2045,9,37
"682","2020-05-21",146,8,303,516,6615,0.281783824640968,0,0,566,1606,37,4363,42,2087,3,42
"683","2020-05-22",150,8,315,498,6615,0.281783824640968,0,0,566,1606,41,4404,33,2120,3,33
"684","2020-05-23",144,8,323,479,6615,0.281783824640968,0,0,566,1606,21,4425,18,2138,5,18
"685","2020-05-24",141,8,327,470,6615,0.281783824640968,0,0,566,1606,39,4464,19,2157,9,19
"686","2020-05-25",134,8,332,444,6615,0.281783824640968,0,0,566,1606,26,4490,13,2170,5,13
"687","2020-05-26",129,8,359,438,6615,0.281783824640968,0,0,566,1606,19,4509,49,2219,10,49
"688","2020-05-27",119,8,357,422,6615,0.281783824640968,0,0,566,1606,36,4545,60,2279,8,60
"689","2020-05-28",112,8,344,402,6615,0.281783824640968,0,0,566,1606,16,4561,67,2346,3,67
"690","2020-05-29",97,8,341,387,6615,0.281783824640968,0,0,566,1606,25,4586,32,2378,2,32
"691","2020-05-30",94,8,355,378,6615,0.281783824640968,0,0,566,1606,23,4609,19,2397,NA,19
"692","2020-05-31",100,8,356,355,6615,0.281783824640968,0,0,566,1606,24,4633,51,2448,8,51
"693","2020-06-01",100,8,344,339,6615,0.281783824640968,0,0,566,1606,17,4650,42,2490,1,42
"694","2020-06-02",104,8,384,320,6615,0.281783824640968,0,0,566,1606,16,4666,27,2517,3,27
"695","2020-06-03",104,8,365,311,6615,0.281783824640968,0,0,566,1606,17,4683,44,2561,6,44
"696","2020-06-04",112,8,341,291,6615,0.281783824640968,0,0,566,1606,17,4700,42,2603,2,42
"697","2020-06-05",109,8,336,280,6615,0.281783824640968,0,0,566,1606,15,4715,22,2625,1,22
"698","2020-06-06",106,8,371,261,6615,0.281783824640968,0,0,566,1606,27,4742,15,2640,4,15
"699","2020-06-07",98,8,369,251,6615,0.281783824640968,0,0,566,1606,11,4753,16,2656,1,16
"700","2020-03-14",2,9,118,92,7832,0.93526557711951,0,0,690,1321,23,66,30,185,14,30
"701","2020-03-15",7,9,156,144,7832,0.93526557711951,0,0,690,1321,22,88,17,202,13,17
"702","2020-03-16",16,9,202,196,7832,0.93526557711951,0,0,690,1321,24,112,11,213,17,11
"703","2020-03-17",20,9,206,260,7832,0.93526557711951,0,0,690,1321,28,140,21,234,20,21
"704","2020-03-18",31,9,250,352,7832,0.93526557711951,0,0,690,1321,36,176,69,303,26,69
"705","2020-03-19",38,9,268,479,7832,0.93526557711951,0,0,690,1321,40,216,26,329,22,26
"706","2020-03-20",51,9,294,601,7832,0.93526557711951,0,0,690,1321,42,258,21,350,31,21
"707","2020-03-21",72,9,287,778,7832,0.93526557711951,0,0,690,1321,54,312,12,362,41,12
"708","2020-03-22",101,9,247,914,7832,0.93526557711951,0,0,690,1321,58,370,10,372,49,10
"709","2020-03-23",116,9,216,1111,7832,0.93526557711951,0,0,690,1321,59,429,11,383,43,11
"710","2020-03-24",147,9,169,1376,7832,0.93526557711951,0,0,690,1321,51,480,17,400,37,17
"711","2020-03-25",189,9,154,1585,7832,0.93526557711951,0,0,690,1321,70,550,41,441,60,41
"712","2020-03-26",248,9,142,1854,7832,0.93526557711951,0,0,690,1321,71,621,19,460,57,19
"713","2020-03-27",300,9,139,2086,7832,0.93526557711951,0,0,690,1321,74,695,77,537,68,77
"714","2020-03-28",346,9,137,2409,7832,0.93526557711951,0,0,690,1321,101,796,27,564,89,27
"715","2020-03-29",400,9,133,2716,7832,0.93526557711951,0,0,690,1321,79,875,21,585,68,21
"716","2020-03-30",465,9,141,2989,7832,0.93526557711951,0,0,690,1321,70,945,43,628,59,43
"717","2020-03-31",560,9,180,3217,7832,0.93526557711951,0,0,690,1321,81,1026,41,669,67,41
"718","2020-04-01",653,9,198,3433,7832,0.93526557711951,0,0,690,1321,107,1133,60,729,93,60
"719","2020-04-02",726,9,205,3592,7832,0.93526557711951,0,0,690,1321,94,1227,29,758,82,29
"720","2020-04-03",815,9,218,3738,7832,0.93526557711951,0,0,690,1321,91,1318,13,771,79,13
"721","2020-04-04",905,9,228,3859,7832,0.93526557711951,0,0,690,1321,103,1421,32,803,88,32
"722","2020-04-05",966,9,227,3894,7832,0.93526557711951,0,0,690,1321,103,1524,18,821,92,18
"723","2020-04-06",1012,9,224,3853,7832,0.93526557711951,0,0,690,1321,91,1615,20,841,77,20
"724","2020-04-07",1037,9,257,3753,7832,0.93526557711951,0,0,690,1321,70,1685,9,850,60,9
"725","2020-04-08",1057,9,294,3612,7832,0.93526557711951,0,0,690,1321,127,1812,17,867,117,17
"726","2020-04-09",1059,9,282,3381,7832,0.93526557711951,0,0,690,1321,95,1907,61,928,81,61
"727","2020-04-10",1069,9,256,3099,7832,0.93526557711951,0,0,690,1321,107,2014,27,955,90,27
"728","2020-04-11",1029,9,234,2827,7832,0.93526557711951,0,0,690,1321,112,2126,9,964,99,9
"729","2020-04-12",1009,9,236,2540,7832,0.93526557711951,0,0,690,1321,86,2212,15,979,72,15
"730","2020-04-13",972,9,258,2260,7832,0.93526557711951,0,0,690,1321,90,2302,12,991,84,12
"731","2020-04-14",897,9,269,1997,7832,0.93526557711951,0,0,690,1321,143,2445,9,1000,128,9
"732","2020-04-15",803,9,269,1761,7832,0.93526557711951,0,0,690,1321,126,2571,4,1004,110,4
"733","2020-04-16",744,9,250,1520,7832,0.93526557711951,0,0,690,1321,104,2675,8,1012,87,8
"734","2020-04-17",645,9,237,1332,7832,0.93526557711951,0,0,690,1321,104,2779,12,1024,91,12
"735","2020-04-18",578,9,227,1137,7832,0.93526557711951,0,0,690,1321,102,2881,65,1089,90,65
"736","2020-04-19",497,9,216,969,7832,0.93526557711951,0,0,690,1321,93,2974,35,1124,83,35
"737","2020-04-20",430,9,190,828,7832,0.93526557711951,0,0,690,1321,90,3064,20,1144,80,20
"738","2020-04-21",374,9,175,700,7832,0.93526557711951,0,0,690,1321,106,3170,38,1182,87,38
"739","2020-04-22",342,9,235,578,7832,0.93526557711951,0,0,690,1321,77,3247,23,1205,69,23
"740","2020-04-23",281,9,272,491,7832,0.93526557711951,0,0,690,1321,77,3324,23,1228,62,23
"741","2020-04-24",238,9,272,397,7832,0.93526557711951,0,0,690,1321,78,3402,16,1244,68,16
"742","2020-04-25",205,9,244,340,7832,0.93526557711951,0,0,690,1321,68,3470,22,1266,56,22
"743","2020-04-26",178,9,236,294,7832,0.93526557711951,0,0,690,1321,83,3553,30,1296,70,30
"744","2020-04-27",159,9,235,245,7832,0.93526557711951,0,0,690,1321,67,3620,35,1331,58,35
"745","2020-04-28",150,9,231,213,7832,0.93526557711951,0,0,690,1321,63,3683,35,1366,53,35
"746","2020-04-29",120,9,221,181,7832,0.93526557711951,0,0,690,1321,83,3766,15,1381,71,15
"747","2020-04-30",106,9,218,147,7832,0.93526557711951,0,0,690,1321,57,3823,29,1410,44,29
"748","2020-05-01",89,9,246,123,7832,0.93526557711951,0,0,690,1321,74,3897,20,1430,65,20
"749","2020-05-02",73,9,249,97,7832,0.93526557711951,0,0,690,1321,47,3944,15,1445,36,15
"750","2020-05-03",58,9,205,88,7832,0.93526557711951,0,0,690,1321,46,3990,25,1470,39,25
"751","2020-05-04",48,9,243,73,7832,0.93526557711951,0,0,690,1321,48,4038,30,1500,41,30
"752","2020-05-05",35,9,270,68,7832,0.93526557711951,0,0,690,1321,51,4089,39,1539,43,39
"753","2020-05-06",26,9,267,66,7832,0.93526557711951,0,0,690,1321,52,4141,42,1581,43,42
"754","2020-05-07",21,9,245,58,7832,0.93526557711951,0,0,690,1321,62,4203,61,1642,50,61
"755","2020-05-08",18,9,233,58,7832,0.93526557711951,0,0,690,1321,41,4244,37,1679,35,37
"756","2020-05-09",16,9,197,51,7832,0.93526557711951,0,0,690,1321,42,4286,17,1696,35,17
"757","2020-05-10",12,9,198,47,7832,0.93526557711951,0,0,690,1321,42,4328,10,1706,37,10
"758","2020-05-11",13,9,197,45,7832,0.93526557711951,0,0,690,1321,44,4372,24,1730,36,24
"759","2020-05-12",11,9,185,42,7832,0.93526557711951,0,0,690,1321,36,4408,44,1774,28,44
"760","2020-05-13",13,9,170,38,7832,0.93526557711951,0,0,690,1321,31,4439,22,1796,24,22
"761","2020-05-14",12,9,182,36,7832,0.93526557711951,0,0,690,1321,33,4472,14,1810,31,14
"762","2020-05-15",11,9,165,35,7832,0.93526557711951,0,0,690,1321,30,4502,31,1841,21,31
"763","2020-05-16",11,9,157,31,7832,0.93526557711951,0,0,690,1321,28,4530,13,1854,21,13
"764","2020-05-17",11,9,149,30,7832,0.93526557711951,0,0,690,1321,32,4562,54,1908,21,54
"765","2020-05-18",8,9,159,27,7832,0.93526557711951,0,0,690,1321,24,4586,31,1939,19,31
"766","2020-05-19",10,9,141,25,7832,0.93526557711951,0,0,690,1321,21,4607,21,1960,16,21
"767","2020-05-20",7,9,141,24,7832,0.93526557711951,0,0,690,1321,22,4629,68,2028,20,68
"768","2020-05-21",7,9,132,25,7832,0.93526557711951,0,0,690,1321,20,4649,66,2094,17,66
"769","2020-05-22",7,9,134,24,7832,0.93526557711951,0,0,690,1321,26,4675,36,2130,20,36
"770","2020-05-23",6,9,140,24,7832,0.93526557711951,0,0,690,1321,24,4699,40,2170,17,40
"771","2020-05-24",4,9,136,21,7832,0.93526557711951,0,0,690,1321,24,4723,27,2197,13,27
"772","2020-05-25",4,9,135,19,7832,0.93526557711951,0,0,690,1321,25,4748,46,2243,18,46
"773","2020-05-26",3,9,150,25,7832,0.93526557711951,0,0,690,1321,31,4779,37,2280,21,37
"774","2020-05-27",3,9,184,24,7832,0.93526557711951,0,0,690,1321,17,4796,60,2340,12,60
"775","2020-05-28",3,9,194,24,7832,0.93526557711951,0,0,690,1321,19,4815,30,2370,14,30
"776","2020-05-29",5,9,193,25,7832,0.93526557711951,0,0,690,1321,22,4837,20,2390,18,20
"777","2020-05-30",5,9,196,27,7832,0.93526557711951,0,0,690,1321,25,4862,22,2412,17,22
"778","2020-05-31",5,9,231,28,7832,0.93526557711951,0,0,690,1321,13,4875,35,2447,12,35
"779","2020-06-01",5,9,249,26,7832,0.93526557711951,0,0,690,1321,11,4886,34,2481,10,34
"780","2020-06-02",5,9,235,29,7832,0.93526557711951,0,0,690,1321,14,4900,10,2491,11,10
"781","2020-06-03",7,9,226,33,7832,0.93526557711951,0,0,690,1321,16,4916,17,2508,13,17
"782","2020-06-04",8,9,240,32,7832,0.93526557711951,0,0,690,1321,14,4930,20,2528,8,20
"783","2020-06-05",7,9,208,29,7832,0.93526557711951,0,0,690,1321,17,4947,31,2559,12,31
"784","2020-06-06",9,9,196,30,7832,0.93526557711951,0,0,690,1321,13,4960,22,2581,11,22
"785","2020-06-07",13,9,216,27,7832,0.93526557711951,0,0,690,1321,11,4971,62,2643,7,62
"786","2020-03-12",1,10,98,34,2579,0.428460643660333,0,0,220,1193,50,85,21,44,4,21
"787","2020-03-13",1,10,118,48,2579,0.428460643660333,0,0,220,1193,43,128,26,70,11,26
"788","2020-03-14",4,10,118,71,2579,0.428460643660333,0,0,220,1193,56,184,13,83,18,13
"789","2020-03-15",7,10,114,83,2579,0.428460643660333,0,0,220,1193,53,237,11,94,24,11
"790","2020-03-16",9,10,151,101,2579,0.428460643660333,0,0,220,1193,74,311,24,118,31,24
"791","2020-03-17",12,10,186,114,2579,0.428460643660333,0,0,220,1193,68,379,39,157,30,39
"792","2020-03-18",15,10,192,135,2579,0.428460643660333,0,0,220,1193,85,464,36,193,44,36
"793","2020-03-19",20,10,204,157,2579,0.428460643660333,0,0,220,1193,94,558,47,240,48,47
"794","2020-03-20",25,10,187,186,2579,0.428460643660333,0,0,220,1193,108,666,30,270,60,30
"795","2020-03-21",32,10,179,196,2579,0.428460643660333,0,0,220,1193,82,748,28,298,46,28
"796","2020-03-22",34,10,170,206,2579,0.428460643660333,0,0,220,1193,103,851,34,332,73,34
"797","2020-03-23",37,10,156,226,2579,0.428460643660333,0,0,220,1193,109,960,27,359,58,27
"798","2020-03-24",45,10,145,229,2579,0.428460643660333,0,0,220,1193,90,1050,8,367,54,8
"799","2020-03-25",53,10,145,245,2579,0.428460643660333,0,0,220,1193,116,1166,22,389,84,22
"800","2020-03-26",62,10,132,263,2579,0.428460643660333,0,0,220,1193,99,1265,34,423,72,34
"801","2020-03-27",67,10,133,265,2579,0.428460643660333,0,0,220,1193,88,1353,43,466,52,43
"802","2020-03-28",71,10,133,275,2579,0.428460643660333,0,0,220,1193,119,1472,39,505,74,39
"803","2020-03-29",72,10,127,311,2579,0.428460643660333,0,0,220,1193,125,1597,44,549,79,44
"804","2020-03-30",77,10,134,318,2579,0.428460643660333,0,0,220,1193,118,1715,46,595,76,46
"805","2020-03-31",76,10,140,330,2579,0.428460643660333,0,0,220,1193,112,1827,31,626,73,31
"806","2020-04-01",78,10,178,343,2579,0.428460643660333,0,0,220,1193,112,1939,43,669,80,43
"807","2020-04-02",79,10,173,363,2579,0.428460643660333,0,0,220,1193,112,2051,39,708,75,39
"808","2020-04-03",81,10,164,362,2579,0.428460643660333,0,0,220,1193,128,2179,51,759,74,51
"809","2020-04-04",78,10,161,373,2579,0.428460643660333,0,0,220,1193,114,2293,37,796,85,37
"810","2020-04-05",90,10,162,372,2579,0.428460643660333,0,0,220,1193,118,2411,28,824,75,28
"811","2020-04-06",102,10,166,380,2579,0.428460643660333,0,0,220,1193,90,2501,42,866,50,42
"812","2020-04-07",107,10,200,394,2579,0.428460643660333,0,0,220,1193,112,2613,43,909,68,43
"813","2020-04-08",108,10,191,390,2579,0.428460643660333,0,0,220,1193,91,2704,55,964,52,55
"814","2020-04-09",111,10,217,379,2579,0.428460643660333,0,0,220,1193,78,2782,62,1026,43,62
"815","2020-04-10",119,10,226,387,2579,0.428460643660333,0,0,220,1193,112,2894,35,1061,72,35
"816","2020-04-11",126,10,199,398,2579,0.428460643660333,0,0,220,1193,106,3000,17,1078,63,17
"817","2020-04-12",124,10,194,416,2579,0.428460643660333,0,0,220,1193,83,3083,22,1100,50,22
"818","2020-04-13",125,10,238,400,2579,0.428460643660333,0,0,220,1193,92,3175,18,1118,52,18
"819","2020-04-14",129,10,259,390,2579,0.428460643660333,0,0,220,1193,85,3260,28,1146,47,28
"820","2020-04-15",127,10,260,391,2579,0.428460643660333,0,0,220,1193,92,3352,22,1168,51,22
"821","2020-04-16",122,10,302,378,2579,0.428460643660333,0,0,220,1193,92,3444,19,1187,49,19
"822","2020-04-17",117,10,299,383,2579,0.428460643660333,0,0,220,1193,86,3530,18,1205,41,18
"823","2020-04-18",115,10,268,382,2579,0.428460643660333,0,0,220,1193,74,3604,24,1229,33,24
"824","2020-04-19",118,10,247,383,2579,0.428460643660333,0,0,220,1193,82,3686,52,1281,36,52
"825","2020-04-20",110,10,220,376,2579,0.428460643660333,0,0,220,1193,63,3749,33,1314,31,33
"826","2020-04-21",107,10,216,379,2579,0.428460643660333,0,0,220,1193,61,3810,21,1335,28,21
"827","2020-04-22",106,10,221,364,2579,0.428460643660333,0,0,220,1193,63,3873,25,1360,32,25
"828","2020-04-23",107,10,246,354,2579,0.428460643660333,0,0,220,1193,76,3949,30,1390,37,30
"829","2020-04-24",108,10,272,349,2579,0.428460643660333,0,0,220,1193,67,4016,48,1438,37,48
"830","2020-04-25",116,10,308,349,2579,0.428460643660333,0,0,220,1193,79,4095,68,1506,45,68
"831","2020-04-26",122,10,276,347,2579,0.428460643660333,0,0,220,1193,64,4159,40,1546,31,40
"832","2020-04-27",123,10,258,348,2579,0.428460643660333,0,0,220,1193,88,4247,49,1595,43,49
"833","2020-04-28",123,10,245,351,2579,0.428460643660333,0,0,220,1193,67,4314,29,1624,31,29
"834","2020-04-29",125,10,230,361,2579,0.428460643660333,0,0,220,1193,59,4373,33,1657,28,33
"835","2020-04-30",124,10,225,366,2579,0.428460643660333,0,0,220,1193,63,4436,40,1697,34,40
"836","2020-05-01",124,10,222,357,2579,0.428460643660333,0,0,220,1193,49,4485,31,1728,23,31
"837","2020-05-02",116,10,233,359,2579,0.428460643660333,0,0,220,1193,74,4559,40,1768,32,40
"838","2020-05-03",107,10,219,367,2579,0.428460643660333,0,0,220,1193,60,4619,21,1789,28,21
"839","2020-05-04",104,10,195,357,2579,0.428460643660333,0,0,220,1193,50,4669,15,1804,27,15
"840","2020-05-05",103,10,207,361,2579,0.428460643660333,0,0,220,1193,51,4720,15,1819,25,15
"841","2020-05-06",102,10,195,360,2579,0.428460643660333,0,0,220,1193,49,4769,10,1829,21,10
"842","2020-05-07",107,10,195,362,2579,0.428460643660333,0,0,220,1193,39,4808,21,1850,17,21
"843","2020-05-08",107,10,186,364,2579,0.428460643660333,0,0,220,1193,57,4865,6,1856,29,6
"844","2020-05-09",111,10,175,354,2579,0.428460643660333,0,0,220,1193,43,4908,51,1907,16,51
"845","2020-05-10",113,10,219,361,2579,0.428460643660333,0,0,220,1193,39,4947,18,1925,13,18
"846","2020-05-11",122,10,232,362,2579,0.428460643660333,0,0,220,1193,54,5001,10,1935,20,10
"847","2020-05-12",119,10,226,363,2579,0.428460643660333,0,0,220,1193,39,5040,13,1948,6,13
"848","2020-05-13",122,10,229,354,2579,0.428460643660333,0,0,220,1193,36,5076,8,1956,20,8
"849","2020-05-14",119,10,206,354,2579,0.428460643660333,0,0,220,1193,33,5109,23,1979,13,23
"850","2020-05-15",121,10,203,335,2579,0.428460643660333,0,0,220,1193,45,5154,50,2029,24,50
"851","2020-05-16",121,10,216,325,2579,0.428460643660333,0,0,220,1193,33,5187,28,2057,14,28
"852","2020-05-17",117,10,259,322,2579,0.428460643660333,0,0,220,1193,38,5225,13,2070,18,13
"853","2020-05-18",104,10,260,321,2579,0.428460643660333,0,0,220,1193,37,5262,12,2082,19,12
"854","2020-05-19",105,10,226,323,2579,0.428460643660333,0,0,220,1193,45,5307,16,2098,22,16
"855","2020-05-20",103,10,227,318,2579,0.428460643660333,0,0,220,1193,29,5336,51,2149,13,51
"856","2020-05-21",93,10,256,305,2579,0.428460643660333,0,0,220,1193,29,5365,36,2185,20,36
"857","2020-05-22",83,10,248,298,2579,0.428460643660333,0,0,220,1193,32,5397,30,2215,17,30
"858","2020-05-23",75,10,229,284,2579,0.428460643660333,0,0,220,1193,27,5424,21,2236,10,21
"859","2020-05-24",69,10,202,282,2579,0.428460643660333,0,0,220,1193,29,5453,48,2284,17,48
"860","2020-05-25",72,10,205,281,2579,0.428460643660333,0,0,220,1193,18,5471,23,2307,8,23
"861","2020-05-26",72,10,229,269,2579,0.428460643660333,0,0,220,1193,19,5490,14,2321,10,14
"862","2020-05-27",66,10,225,263,2579,0.428460643660333,0,0,220,1193,25,5515,16,2337,11,16
"863","2020-05-28",73,10,204,260,2579,0.428460643660333,0,0,220,1193,20,5535,17,2354,9,17
"864","2020-05-29",75,10,195,250,2579,0.428460643660333,0,0,220,1193,12,5547,16,2370,6,16
"865","2020-05-30",75,10,208,251,2579,0.428460643660333,0,0,220,1193,14,5561,47,2417,8,47
"866","2020-05-31",80,10,209,239,2579,0.428460643660333,0,0,220,1193,15,5576,41,2458,3,41
"867","2020-06-01",82,10,197,232,2579,0.428460643660333,0,0,220,1193,17,5593,55,2513,7,55
"868","2020-06-02",78,10,186,226,2579,0.428460643660333,0,0,220,1193,17,5610,42,2555,9,42
"869","2020-06-03",82,10,167,225,2579,0.428460643660333,0,0,220,1193,16,5626,48,2603,7,48
"870","2020-06-04",81,10,146,226,2579,0.428460643660333,0,0,220,1193,24,5650,26,2629,12,26
"871","2020-06-05",77,10,144,219,2579,0.428460643660333,0,0,220,1193,19,5669,31,2660,9,31
"872","2020-06-06",74,10,169,208,2579,0.428460643660333,0,0,220,1193,7,5676,17,2677,1,17
"873","2020-06-07",72,10,207,201,2579,0.428460643660333,0,0,220,1193,15,5691,61,2738,7,61
"874","2020-03-13",3,11,154,161,5993,0.24211580176873,0,0,574,1333,76,232,74,191,10,74
"875","2020-03-14",4,11,145,226,5993,0.24211580176873,0,0,574,1333,92,324,52,243,12,52
"876","2020-03-15",10,11,146,300,5993,0.24211580176873,0,0,574,1333,89,413,41,284,19,41
"877","2020-03-16",23,11,200,366,5993,0.24211580176873,0,0,574,1333,119,532,50,334,30,50
"878","2020-03-17",41,11,253,431,5993,0.24211580176873,0,0,574,1333,104,636,44,378,29,44
"879","2020-03-18",58,11,260,497,5993,0.24211580176873,0,0,574,1333,107,743,55,433,43,55
"880","2020-03-19",85,11,262,555,5993,0.24211580176873,0,0,574,1333,98,841,42,475,42,42
"881","2020-03-20",101,11,233,598,5993,0.24211580176873,0,0,574,1333,107,948,57,532,43,57
"882","2020-03-21",123,11,196,633,5993,0.24211580176873,0,0,574,1333,111,1059,42,574,41,42
"883","2020-03-22",139,11,207,698,5993,0.24211580176873,0,0,574,1333,133,1192,43,617,44,43
"884","2020-03-23",159,11,223,748,5993,0.24211580176873,0,0,574,1333,129,1321,34,651,53,34
"885","2020-03-24",171,11,213,790,5993,0.24211580176873,0,0,574,1333,126,1447,49,700,42,49
"886","2020-03-25",190,11,217,818,5993,0.24211580176873,0,0,574,1333,119,1566,47,747,45,47
"887","2020-03-26",190,11,259,856,5993,0.24211580176873,0,0,574,1333,118,1684,43,790,52,43
"888","2020-03-27",207,11,266,871,5993,0.24211580176873,0,0,574,1333,151,1835,33,823,74,33
"889","2020-03-28",219,11,278,885,5993,0.24211580176873,0,0,574,1333,115,1950,43,866,56,43
"890","2020-03-29",240,11,264,913,5993,0.24211580176873,0,0,574,1333,131,2081,38,904,62,38
"891","2020-03-30",250,11,238,925,5993,0.24211580176873,0,0,574,1333,152,2233,25,929,69,25
"892","2020-03-31",250,11,254,925,5993,0.24211580176873,0,0,574,1333,109,2342,27,956,47,27
"893","2020-04-01",265,11,276,946,5993,0.24211580176873,0,0,574,1333,103,2445,28,984,39,28
"894","2020-04-02",274,11,253,947,5993,0.24211580176873,0,0,574,1333,122,2567,35,1019,49,35
"895","2020-04-03",273,11,299,961,5993,0.24211580176873,0,0,574,1333,135,2702,28,1047,65,28
"896","2020-04-04",273,11,257,955,5993,0.24211580176873,0,0,574,1333,107,2809,40,1087,42,40
"897","2020-04-05",263,11,234,966,5993,0.24211580176873,0,0,574,1333,113,2922,38,1125,46,38
"898","2020-04-06",257,11,205,971,5993,0.24211580176873,0,0,574,1333,125,3047,32,1157,52,32
"899","2020-04-07",265,11,192,973,5993,0.24211580176873,0,0,574,1333,106,3153,27,1184,40,27
"900","2020-04-08",250,11,195,986,5993,0.24211580176873,0,0,574,1333,142,3295,26,1210,67,26
"901","2020-04-09",257,11,254,1002,5993,0.24211580176873,0,0,574,1333,98,3393,33,1243,36,33
"902","2020-04-10",261,11,259,993,5993,0.24211580176873,0,0,574,1333,102,3495,31,1274,38,31
"903","2020-04-11",273,11,264,995,5993,0.24211580176873,0,0,574,1333,85,3580,28,1302,31,28
"904","2020-04-12",284,11,280,970,5993,0.24211580176873,0,0,574,1333,105,3685,30,1332,31,30
"905","2020-04-13",288,11,261,978,5993,0.24211580176873,0,0,574,1333,101,3786,36,1368,36,36
"906","2020-04-14",289,11,229,966,5993,0.24211580176873,0,0,574,1333,94,3880,43,1411,37,43
"907","2020-04-15",300,11,252,969,5993,0.24211580176873,0,0,574,1333,91,3971,36,1447,31,36
"908","2020-04-16",304,11,256,951,5993,0.24211580176873,0,0,574,1333,87,4058,24,1471,26,24
"909","2020-04-17",298,11,243,946,5993,0.24211580176873,0,0,574,1333,92,4150,27,1498,26,27
"910","2020-04-18",285,11,207,952,5993,0.24211580176873,0,0,574,1333,82,4232,25,1523,28,25
"911","2020-04-19",278,11,198,957,5993,0.24211580176873,0,0,574,1333,74,4306,48,1571,20,48
"912","2020-04-20",285,11,197,943,5993,0.24211580176873,0,0,574,1333,96,4402,41,1612,33,41
"913","2020-04-21",283,11,244,921,5993,0.24211580176873,0,0,574,1333,92,4494,31,1643,23,31
"914","2020-04-22",262,11,244,912,5993,0.24211580176873,0,0,574,1333,95,4589,35,1678,25,35
"915","2020-04-23",254,11,267,908,5993,0.24211580176873,0,0,574,1333,91,4680,27,1705,29,27
"916","2020-04-24",251,11,274,899,5993,0.24211580176873,0,0,574,1333,69,4749,32,1737,23,32
"917","2020-04-25",241,11,263,895,5993,0.24211580176873,0,0,574,1333,74,4823,35,1772,25,35
"918","2020-04-26",234,11,300,894,5993,0.24211580176873,0,0,574,1333,67,4890,41,1813,19,41
"919","2020-04-27",219,11,281,885,5993,0.24211580176873,0,0,574,1333,72,4962,25,1838,21,25
"920","2020-04-28",225,11,256,881,5993,0.24211580176873,0,0,574,1333,60,5022,52,1890,17,52
"921","2020-04-29",233,11,280,875,5993,0.24211580176873,0,0,574,1333,61,5083,43,1933,19,43
"922","2020-04-30",237,11,311,855,5993,0.24211580176873,0,0,574,1333,58,5141,54,1987,22,54
"923","2020-05-01",236,11,287,827,5993,0.24211580176873,0,0,574,1333,55,5196,42,2029,12,42
"924","2020-05-02",239,11,280,821,5993,0.24211580176873,0,0,574,1333,48,5244,36,2065,15,36
"925","2020-05-03",239,11,253,797,5993,0.24211580176873,0,0,574,1333,54,5298,59,2124,16,59
"926","2020-05-04",225,11,271,773,5993,0.24211580176873,0,0,574,1333,38,5336,47,2171,8,47
"927","2020-05-05",209,11,254,736,5993,0.24211580176873,0,0,574,1333,65,5401,27,2198,13,27
"928","2020-05-06",202,11,233,721,5993,0.24211580176873,0,0,574,1333,51,5452,35,2233,7,35
"929","2020-05-07",180,11,219,694,5993,0.24211580176873,0,0,574,1333,52,5504,41,2274,9,41
"930","2020-05-08",184,11,191,674,5993,0.24211580176873,0,0,574,1333,55,5559,49,2323,17,49
"931","2020-05-09",190,11,168,659,5993,0.24211580176873,0,0,574,1333,50,5609,45,2368,16,45
"932","2020-05-10",190,11,151,660,5993,0.24211580176873,0,0,574,1333,47,5656,38,2406,12,38
"933","2020-05-11",194,11,204,638,5993,0.24211580176873,0,0,574,1333,46,5702,50,2456,10,50
"934","2020-05-12",191,11,232,626,5993,0.24211580176873,0,0,574,1333,38,5740,34,2490,7,34
"935","2020-05-13",186,11,223,601,5993,0.24211580176873,0,0,574,1333,30,5770,38,2528,11,38
"936","2020-05-14",185,11,196,576,5993,0.24211580176873,0,0,574,1333,30,5800,48,2576,5,48
"937","2020-05-15",175,11,164,549,5993,0.24211580176873,0,0,574,1333,47,5847,34,2610,14,34
"938","2020-05-16",168,11,160,532,5993,0.24211580176873,0,0,574,1333,27,5874,43,2653,7,43
"939","2020-05-17",164,11,178,505,5993,0.24211580176873,0,0,574,1333,40,5914,62,2715,13,62
"940","2020-05-18",150,11,212,481,5993,0.24211580176873,0,0,574,1333,33,5947,45,2760,9,45
"941","2020-05-19",148,11,199,468,5993,0.24211580176873,0,0,574,1333,29,5976,47,2807,7,47
"942","2020-05-20",143,11,181,462,5993,0.24211580176873,0,0,574,1333,26,6002,46,2853,4,46
"943","2020-05-21",143,11,181,448,5993,0.24211580176873,0,0,574,1333,24,6026,40,2893,5,40
"944","2020-05-22",134,11,199,438,5993,0.24211580176873,0,0,574,1333,28,6054,38,2931,8,38
"945","2020-05-23",125,11,198,425,5993,0.24211580176873,0,0,574,1333,36,6090,33,2964,15,33
"946","2020-05-24",116,11,192,402,5993,0.24211580176873,0,0,574,1333,27,6117,31,2995,8,31
"947","2020-05-25",126,11,197,394,5993,0.24211580176873,0,0,574,1333,17,6134,34,3029,5,34
"948","2020-05-26",112,11,226,395,5993,0.24211580176873,0,0,574,1333,17,6151,29,3058,3,29
"949","2020-05-27",114,11,233,381,5993,0.24211580176873,0,0,574,1333,30,6181,38,3096,6,38
"950","2020-05-28",107,11,224,367,5993,0.24211580176873,0,0,574,1333,17,6198,26,3122,5,26
"951","2020-05-29",105,11,222,360,5993,0.24211580176873,0,0,574,1333,17,6215,33,3155,2,33
"952","2020-05-30",97,11,202,344,5993,0.24211580176873,0,0,574,1333,24,6239,33,3188,5,33
"953","2020-05-31",96,11,250,328,5993,0.24211580176873,0,0,574,1333,18,6257,40,3228,4,40
"954","2020-06-01",95,11,265,306,5993,0.24211580176873,0,0,574,1333,25,6282,49,3277,5,49
"955","2020-06-02",101,11,261,285,5993,0.24211580176873,0,0,574,1333,13,6295,63,3340,4,63
"956","2020-06-03",88,11,283,293,5993,0.24211580176873,0,0,574,1333,15,6310,48,3388,5,48
"957","2020-06-04",85,11,267,285,5993,0.24211580176873,0,0,574,1333,12,6322,44,3432,NA,44
"958","2020-06-05",84,11,264,271,5993,0.24211580176873,0,0,574,1333,15,6337,51,3483,5,51
"959","2020-06-06",83,11,234,265,5993,0.24211580176873,0,0,574,1333,10,6347,47,3530,2,47
"960","2020-06-07",81,11,238,261,5993,0.24211580176873,0,0,574,1333,17,6364,39,3569,4,39
"961","2020-03-12",1,12,50,136,6594,0.191992720655141,0,0,635,1153,39,85,7,18,6,7
"962","2020-03-13",3,12,97,203,6594,0.191992720655141,0,0,635,1153,39,124,7,25,8,7
"963","2020-03-14",9,12,124,286,6594,0.191992720655141,0,0,635,1153,61,185,29,54,19,29
"964","2020-03-15",17,12,133,362,6594,0.191992720655141,0,0,635,1153,60,245,59,113,24,59
"965","2020-03-16",23,12,127,451,6594,0.191992720655141,0,0,635,1153,65,310,19,132,30,19
"966","2020-03-17",46,12,138,526,6594,0.191992720655141,0,0,635,1153,59,369,26,158,32,26
"967","2020-03-18",71,12,139,599,6594,0.191992720655141,0,0,635,1153,95,464,46,204,63,46
"968","2020-03-19",87,12,155,665,6594,0.191992720655141,0,0,635,1153,79,543,24,228,43,24
"969","2020-03-20",120,12,170,729,6594,0.191992720655141,0,0,635,1153,93,636,55,283,48,55
"970","2020-03-21",146,12,183,769,6594,0.191992720655141,0,0,635,1153,91,727,33,316,62,33
"971","2020-03-22",167,12,172,834,6594,0.191992720655141,0,0,635,1153,87,814,13,329,58,13
"972","2020-03-23",193,12,201,886,6594,0.191992720655141,0,0,635,1153,108,922,29,358,59,29
"973","2020-03-24",200,12,197,918,6594,0.191992720655141,0,0,635,1153,110,1032,59,417,82,59
"974","2020-03-25",221,12,230,955,6594,0.191992720655141,0,0,635,1153,92,1124,25,442,63,25
"975","2020-03-26",251,12,244,987,6594,0.191992720655141,0,0,635,1153,87,1211,21,463,61,21
"976","2020-03-27",262,12,260,1010,6594,0.191992720655141,0,0,635,1153,100,1311,42,505,68,42
"977","2020-03-28",280,12,236,1023,6594,0.191992720655141,0,0,635,1153,117,1428,73,578,88,73
"978","2020-03-29",292,12,237,1042,6594,0.191992720655141,0,0,635,1153,121,1549,41,619,79,41
"979","2020-03-30",316,12,221,1062,6594,0.191992720655141,0,0,635,1153,94,1643,35,654,61,35
"980","2020-03-31",327,12,254,1061,6594,0.191992720655141,0,0,635,1153,122,1765,19,673,86,19
"981","2020-04-01",320,12,247,1057,6594,0.191992720655141,0,0,635,1153,122,1887,17,690,86,17
"982","2020-04-02",319,12,280,1081,6594,0.191992720655141,0,0,635,1153,114,2001,51,741,78,51
"983","2020-04-03",323,12,270,1093,6594,0.191992720655141,0,0,635,1153,109,2110,63,804,85,63
"984","2020-04-04",315,12,249,1114,6594,0.191992720655141,0,0,635,1153,113,2223,28,832,86,28
"985","2020-04-05",316,12,226,1115,6594,0.191992720655141,0,0,635,1153,116,2339,29,861,79,29
"986","2020-04-06",302,12,222,1106,6594,0.191992720655141,0,0,635,1153,100,2439,27,888,69,27
"987","2020-04-07",294,12,223,1098,6594,0.191992720655141,0,0,635,1153,97,2536,24,912,70,24
"988","2020-04-08",294,12,228,1077,6594,0.191992720655141,0,0,635,1153,91,2627,13,925,62,13
"989","2020-04-09",283,12,224,1056,6594,0.191992720655141,0,0,635,1153,114,2741,25,950,79,25
"990","2020-04-10",271,12,224,1058,6594,0.191992720655141,0,0,635,1153,101,2842,30,980,69,30
"991","2020-04-11",274,12,217,1046,6594,0.191992720655141,0,0,635,1153,105,2947,36,1016,71,36
"992","2020-04-12",270,12,209,1029,6594,0.191992720655141,0,0,635,1153,91,3038,57,1073,62,57
"993","2020-04-13",267,12,205,990,6594,0.191992720655141,0,0,635,1153,95,3133,24,1097,59,24
"994","2020-04-14",267,12,208,1012,6594,0.191992720655141,0,0,635,1153,96,3229,30,1127,63,30
"995","2020-04-15",269,12,239,1016,6594,0.191992720655141,0,0,635,1153,108,3337,59,1186,67,59
"996","2020-04-16",263,12,223,996,6594,0.191992720655141,0,0,635,1153,82,3419,58,1244,51,58
"997","2020-04-17",254,12,218,986,6594,0.191992720655141,0,0,635,1153,97,3516,32,1276,54,32
"998","2020-04-18",246,12,233,990,6594,0.191992720655141,0,0,635,1153,95,3611,28,1304,60,28
"999","2020-04-19",251,12,270,980,6594,0.191992720655141,0,0,635,1153,82,3693,60,1364,42,60
"1000","2020-04-20",254,12,243,985,6594,0.191992720655141,0,0,635,1153,71,3764,45,1409,42,45
"1001","2020-04-21",257,12,251,984,6594,0.191992720655141,0,0,635,1153,73,3837,38,1447,46,38
"1002","2020-04-22",255,12,255,990,6594,0.191992720655141,0,0,635,1153,60,3897,21,1468,36,21
"1003","2020-04-23",266,12,280,970,6594,0.191992720655141,0,0,635,1153,76,3973,19,1487,37,19
"1004","2020-04-24",276,12,265,972,6594,0.191992720655141,0,0,635,1153,66,4039,26,1513,37,26
"1005","2020-04-25",278,12,275,953,6594,0.191992720655141,0,0,635,1153,55,4094,27,1540,31,27
"1006","2020-04-26",269,12,283,944,6594,0.191992720655141,0,0,635,1153,54,4148,14,1554,34,14
"1007","2020-04-27",259,12,277,942,6594,0.191992720655141,0,0,635,1153,61,4209,9,1563,37,9
"1008","2020-04-28",262,12,273,932,6594,0.191992720655141,0,0,635,1153,68,4277,19,1582,35,19
"1009","2020-04-29",266,12,247,926,6594,0.191992720655141,0,0,635,1153,64,4341,11,1593,33,11
"1010","2020-04-30",259,12,247,886,6594,0.191992720655141,0,0,635,1153,71,4412,49,1642,43,49
"1011","2020-05-01",248,12,236,876,6594,0.191992720655141,0,0,635,1153,56,4468,20,1662,38,20
"1012","2020-05-02",240,12,272,858,6594,0.191992720655141,0,0,635,1153,49,4517,22,1684,29,22
"1013","2020-05-03",238,12,267,826,6594,0.191992720655141,0,0,635,1153,58,4575,13,1697,24,13
"1014","2020-05-04",238,12,288,805,6594,0.191992720655141,0,0,635,1153,41,4616,81,1778,23,81
"1015","2020-05-05",232,12,279,777,6594,0.191992720655141,0,0,635,1153,56,4672,47,1825,32,47
"1016","2020-05-06",225,12,268,774,6594,0.191992720655141,0,0,635,1153,46,4718,33,1858,20,33
"1017","2020-05-07",215,12,270,754,6594,0.191992720655141,0,0,635,1153,40,4758,24,1882,17,24
"1018","2020-05-08",219,12,247,722,6594,0.191992720655141,0,0,635,1153,49,4807,37,1919,31,37
"1019","2020-05-09",214,12,248,717,6594,0.191992720655141,0,0,635,1153,46,4853,16,1935,22,16
"1020","2020-05-10",203,12,246,704,6594,0.191992720655141,0,0,635,1153,38,4891,13,1948,17,13
"1021","2020-05-11",192,12,243,693,6594,0.191992720655141,0,0,635,1153,46,4937,9,1957,27,9
"1022","2020-05-12",185,12,242,671,6594,0.191992720655141,0,0,635,1153,40,4977,9,1966,18,9
"1023","2020-05-13",175,12,241,662,6594,0.191992720655141,0,0,635,1153,44,5021,10,1976,21,10
"1024","2020-05-14",180,12,223,631,6594,0.191992720655141,0,0,635,1153,48,5069,69,2045,24,69
"1025","2020-05-15",170,12,249,620,6594,0.191992720655141,0,0,635,1153,36,5105,65,2110,21,65
"1026","2020-05-16",165,12,283,596,6594,0.191992720655141,0,0,635,1153,40,5145,52,2162,28,52
"1027","2020-05-17",166,12,295,574,6594,0.191992720655141,0,0,635,1153,38,5183,34,2196,19,34
"1028","2020-05-18",170,12,311,561,6594,0.191992720655141,0,0,635,1153,43,5226,80,2276,15,80
"1029","2020-05-19",160,12,299,541,6594,0.191992720655141,0,0,635,1153,26,5252,51,2327,13,51
"1030","2020-05-20",152,12,297,515,6594,0.191992720655141,0,0,635,1153,31,5283,33,2360,17,33
"1031","2020-05-21",144,12,306,503,6594,0.191992720655141,0,0,635,1153,23,5306,32,2392,9,32
"1032","2020-05-22",138,12,276,477,6594,0.191992720655141,0,0,635,1153,43,5349,24,2416,21,24
"1033","2020-05-23",138,12,285,450,6594,0.191992720655141,0,0,635,1153,25,5374,44,2460,17,44
"1034","2020-05-24",141,12,296,439,6594,0.191992720655141,0,0,635,1153,32,5406,55,2515,16,55
"1035","2020-05-25",134,12,282,413,6594,0.191992720655141,0,0,635,1153,31,5437,37,2552,18,37
"1036","2020-05-26",139,12,288,406,6594,0.191992720655141,0,0,635,1153,35,5472,25,2577,22,25
"1037","2020-05-27",135,12,278,385,6594,0.191992720655141,0,0,635,1153,17,5489,24,2601,9,24
"1038","2020-05-28",132,12,276,374,6594,0.191992720655141,0,0,635,1153,25,5514,17,2618,11,17
"1039","2020-05-29",132,12,283,352,6594,0.191992720655141,0,0,635,1153,19,5533,62,2680,9,62
"1040","2020-05-30",125,12,274,337,6594,0.191992720655141,0,0,635,1153,19,5552,32,2712,14,32
"1041","2020-05-31",112,12,278,334,6594,0.191992720655141,0,0,635,1153,20,5572,35,2747,10,35
"1042","2020-06-01",110,12,276,320,6594,0.191992720655141,0,0,635,1153,18,5590,15,2762,8,15
"1043","2020-06-02",102,12,248,295,6594,0.191992720655141,0,0,635,1153,17,5607,15,2777,8,15
"1044","2020-06-03",93,12,240,285,6594,0.191992720655141,0,0,635,1153,17,5624,18,2795,11,18
"1045","2020-06-04",85,12,246,276,6594,0.191992720655141,0,0,635,1153,16,5640,11,2806,7,11
"1046","2020-06-05",80,12,244,272,6594,0.191992720655141,0,0,635,1153,18,5658,4,2810,11,4
"1047","2020-06-06",76,12,258,260,6594,0.191992720655141,0,0,635,1153,10,5668,13,2823,4,13
"1048","2020-06-07",72,12,262,250,6594,0.191992720655141,0,0,635,1153,10,5678,53,2876,5,53
"1049","2020-03-13",2,13,102,72,3296,0.369842233009709,0,0,313,1045,65,145,19,72,3,19
"1050","2020-03-14",3,13,117,97,3296,0.369842233009709,0,0,313,1045,64,209,39,111,15,39
"1051","2020-03-15",8,13,119,143,3296,0.369842233009709,0,0,313,1045,59,268,29,140,16,29
"1052","2020-03-16",11,13,115,173,3296,0.369842233009709,0,0,313,1045,63,331,9,149,17,9
"1053","2020-03-17",19,13,135,211,3296,0.369842233009709,0,0,313,1045,49,380,8,157,11,8
"1054","2020-03-18",23,13,156,248,3296,0.369842233009709,0,0,313,1045,61,441,12,169,19,12
"1055","2020-03-19",30,13,150,289,3296,0.369842233009709,0,0,313,1045,67,508,10,179,23,10
"1056","2020-03-20",44,13,161,326,3296,0.369842233009709,0,0,313,1045,73,581,10,189,26,10
"1057","2020-03-21",59,13,185,363,3296,0.369842233009709,0,0,313,1045,92,673,9,198,47,9
"1058","2020-03-22",67,13,188,378,3296,0.369842233009709,0,0,313,1045,92,765,9,207,43,9
"1059","2020-03-23",74,13,191,394,3296,0.369842233009709,0,0,313,1045,88,853,26,233,40,26
"1060","2020-03-24",88,13,195,407,3296,0.369842233009709,0,0,313,1045,72,925,41,274,32,41
"1061","2020-03-25",101,13,205,400,3296,0.369842233009709,0,0,313,1045,74,999,16,290,30,16
"1062","2020-03-26",112,13,197,401,3296,0.369842233009709,0,0,313,1045,89,1088,9,299,38,9
"1063","2020-03-27",121,13,199,415,3296,0.369842233009709,0,0,313,1045,89,1177,19,318,35,19
"1064","2020-03-28",124,13,182,413,3296,0.369842233009709,0,0,313,1045,98,1275,26,344,41,26
"1065","2020-03-29",127,13,187,408,3296,0.369842233009709,0,0,313,1045,77,1352,28,372,33,28
"1066","2020-03-30",127,13,183,413,3296,0.369842233009709,0,0,313,1045,87,1439,25,397,33,25
"1067","2020-03-31",116,13,189,436,3296,0.369842233009709,0,0,313,1045,80,1519,37,434,34,37
"1068","2020-04-01",111,13,198,446,3296,0.369842233009709,0,0,313,1045,73,1592,33,467,23,33
"1069","2020-04-02",109,13,202,454,3296,0.369842233009709,0,0,313,1045,79,1671,44,511,36,44
"1070","2020-04-03",97,13,213,453,3296,0.369842233009709,0,0,313,1045,93,1764,55,566,43,55
"1071","2020-04-04",95,13,216,463,3296,0.369842233009709,0,0,313,1045,82,1846,42,608,27,42
"1072","2020-04-05",93,13,195,473,3296,0.369842233009709,0,0,313,1045,76,1922,37,645,25,37
"1073","2020-04-06",104,13,189,477,3296,0.369842233009709,0,0,313,1045,75,1997,40,685,26,40
"1074","2020-04-07",109,13,195,500,3296,0.369842233009709,0,0,313,1045,85,2082,28,713,31,28
"1075","2020-04-08",118,13,198,507,3296,0.369842233009709,0,0,313,1045,58,2140,55,768,14,55
"1076","2020-04-09",117,13,209,505,3296,0.369842233009709,0,0,313,1045,76,2216,28,796,19,28
"1077","2020-04-10",124,13,201,512,3296,0.369842233009709,0,0,313,1045,82,2298,17,813,23,17
"1078","2020-04-11",127,13,207,506,3296,0.369842233009709,0,0,313,1045,81,2379,25,838,25,25
"1079","2020-04-12",133,13,215,507,3296,0.369842233009709,0,0,313,1045,77,2456,17,855,19,17
"1080","2020-04-13",130,13,235,509,3296,0.369842233009709,0,0,313,1045,78,2534,23,878,35,23
"1081","2020-04-14",130,13,257,506,3296,0.369842233009709,0,0,313,1045,88,2622,40,918,35,40
"1082","2020-04-15",125,13,248,511,3296,0.369842233009709,0,0,313,1045,72,2694,40,958,22,40
"1083","2020-04-16",138,13,232,517,3296,0.369842233009709,0,0,313,1045,66,2760,52,1010,22,52
"1084","2020-04-17",148,13,216,519,3296,0.369842233009709,0,0,313,1045,75,2835,34,1044,20,34
"1085","2020-04-18",141,13,236,513,3296,0.369842233009709,0,0,313,1045,70,2905,36,1080,13,36
"1086","2020-04-19",141,13,235,512,3296,0.369842233009709,0,0,313,1045,81,2986,23,1103,31,23
"1087","2020-04-20",153,13,226,515,3296,0.369842233009709,0,0,313,1045,73,3059,29,1132,19,29
"1088","2020-04-21",159,13,215,507,3296,0.369842233009709,0,0,313,1045,62,3121,56,1188,11,56
"1089","2020-04-22",163,13,217,507,3296,0.369842233009709,0,0,313,1045,65,3186,51,1239,23,51
"1090","2020-04-23",164,13,251,518,3296,0.369842233009709,0,0,313,1045,54,3240,18,1257,13,18
"1091","2020-04-24",152,13,260,511,3296,0.369842233009709,0,0,313,1045,53,3293,27,1284,9,27
"1092","2020-04-25",151,13,252,509,3296,0.369842233009709,0,0,313,1045,78,3371,37,1321,33,37
"1093","2020-04-26",145,13,281,505,3296,0.369842233009709,0,0,313,1045,54,3425,56,1377,11,56
"1094","2020-04-27",140,13,290,508,3296,0.369842233009709,0,0,313,1045,65,3490,29,1406,10,29
"1095","2020-04-28",139,13,297,515,3296,0.369842233009709,0,0,313,1045,52,3542,16,1422,10,16
"1096","2020-04-29",131,13,306,510,3296,0.369842233009709,0,0,313,1045,51,3593,23,1445,13,23
"1097","2020-04-30",120,13,323,511,3296,0.369842233009709,0,0,313,1045,43,3636,42,1487,6,42
"1098","2020-05-01",116,13,305,507,3296,0.369842233009709,0,0,313,1045,50,3686,36,1523,11,36
"1099","2020-05-02",128,13,304,503,3296,0.369842233009709,0,0,313,1045,47,3733,23,1546,7,23
"1100","2020-05-03",141,13,273,491,3296,0.369842233009709,0,0,313,1045,65,3798,35,1581,15,35
"1101","2020-05-04",135,13,264,487,3296,0.369842233009709,0,0,313,1045,58,3856,19,1600,8,19
"1102","2020-05-05",145,13,264,462,3296,0.369842233009709,0,0,313,1045,52,3908,27,1627,8,27
"1103","2020-05-06",145,13,270,463,3296,0.369842233009709,0,0,313,1045,51,3959,18,1645,9,18
"1104","2020-05-07",147,13,266,445,3296,0.369842233009709,0,0,313,1045,53,4012,41,1686,12,41
"1105","2020-05-08",152,13,262,429,3296,0.369842233009709,0,0,313,1045,48,4060,47,1733,8,47
"1106","2020-05-09",154,13,251,439,3296,0.369842233009709,0,0,313,1045,43,4103,19,1752,12,19
"1107","2020-05-10",146,13,266,430,3296,0.369842233009709,0,0,313,1045,47,4150,16,1768,9,16
"1108","2020-05-11",148,13,257,418,3296,0.369842233009709,0,0,313,1045,46,4196,35,1803,7,35
"1109","2020-05-12",137,13,265,416,3296,0.369842233009709,0,0,313,1045,35,4231,33,1836,9,33
"1110","2020-05-13",140,13,272,408,3296,0.369842233009709,0,0,313,1045,53,4284,16,1852,9,16
"1111","2020-05-14",126,13,263,391,3296,0.369842233009709,0,0,313,1045,33,4317,7,1859,5,7
"1112","2020-05-15",128,13,282,368,3296,0.369842233009709,0,0,313,1045,53,4370,16,1875,9,16
"1113","2020-05-16",120,13,305,359,3296,0.369842233009709,0,0,313,1045,43,4413,38,1913,14,38
"1114","2020-05-17",115,13,320,349,3296,0.369842233009709,0,0,313,1045,46,4459,22,1935,8,22
"1115","2020-05-18",114,13,296,339,3296,0.369842233009709,0,0,313,1045,30,4489,15,1950,9,15
"1116","2020-05-19",106,13,305,332,3296,0.369842233009709,0,0,313,1045,41,4530,38,1988,12,38
"1117","2020-05-20",102,13,288,326,3296,0.369842233009709,0,0,313,1045,34,4564,44,2032,8,44
"1118","2020-05-21",109,13,297,316,3296,0.369842233009709,0,0,313,1045,33,4597,42,2074,9,42
"1119","2020-05-22",100,13,302,316,3296,0.369842233009709,0,0,313,1045,37,4634,28,2102,10,28
"1120","2020-05-23",96,13,313,319,3296,0.369842233009709,0,0,313,1045,36,4670,39,2141,3,39
"1121","2020-05-24",89,13,319,304,3296,0.369842233009709,0,0,313,1045,29,4699,46,2187,2,46
"1122","2020-05-25",80,13,334,295,3296,0.369842233009709,0,0,313,1045,27,4726,43,2230,3,43
"1123","2020-05-26",84,13,338,286,3296,0.369842233009709,0,0,313,1045,25,4751,20,2250,5,20
"1124","2020-05-27",85,13,337,292,3296,0.369842233009709,0,0,313,1045,19,4770,15,2265,2,15
"1125","2020-05-28",87,13,355,296,3296,0.369842233009709,0,0,313,1045,30,4800,19,2284,6,19
"1126","2020-05-29",85,13,338,277,3296,0.369842233009709,0,0,313,1045,24,4824,13,2297,5,13
"1127","2020-05-30",79,13,323,269,3296,0.369842233009709,0,0,313,1045,21,4845,10,2307,4,10
"1128","2020-05-31",84,13,299,263,3296,0.369842233009709,0,0,313,1045,20,4865,34,2341,11,34
"1129","2020-06-01",86,13,286,252,3296,0.369842233009709,0,0,313,1045,17,4882,23,2364,3,23
"1130","2020-06-02",81,13,270,241,3296,0.369842233009709,0,0,313,1045,20,4902,28,2392,5,28
"1131","2020-06-03",82,13,261,222,3296,0.369842233009709,0,0,313,1045,15,4917,31,2423,4,31
"1132","2020-06-04",74,13,267,199,3296,0.369842233009709,0,0,313,1045,20,4937,39,2462,NA,39
"1133","2020-06-05",72,13,262,197,3296,0.369842233009709,0,0,313,1045,18,4955,30,2492,5,30
"1134","2020-06-06",69,13,262,187,3296,0.369842233009709,0,0,313,1045,19,4974,19,2511,5,19
"1135","2020-06-07",67,13,263,178,3296,0.369842233009709,0,0,313,1045,20,4994,20,2531,9,20
"1136","2020-03-13",3,14,89,89,7154,0.802348336594912,0,0,649,1467,67,186,52,140,39,52
"1137","2020-03-14",5,14,94,136,7154,0.802348336594912,0,0,649,1467,116,302,66,206,82,66
"1138","2020-03-15",6,14,129,186,7154,0.802348336594912,0,0,649,1467,146,448,62,268,112,62
"1139","2020-03-16",14,14,128,250,7154,0.802348336594912,0,0,649,1467,149,597,46,314,116,46
"1140","2020-03-17",26,14,128,324,7154,0.802348336594912,0,0,649,1467,252,849,44,358,214,44
"1141","2020-03-18",41,14,129,389,7154,0.802348336594912,0,0,649,1467,323,1172,23,381,289,23
"1142","2020-03-19",53,14,143,476,7154,0.802348336594912,0,0,649,1467,327,1499,9,390,301,9
"1143","2020-03-20",66,14,172,568,7154,0.802348336594912,0,0,649,1467,436,1935,10,400,393,10
"1144","2020-03-21",82,14,188,662,7154,0.802348336594912,0,0,649,1467,507,2442,14,414,483,14
"1145","2020-03-22",104,14,164,777,7154,0.802348336594912,0,0,649,1467,570,3012,16,430,544,16
"1146","2020-03-23",128,14,184,886,7154,0.802348336594912,0,0,649,1467,497,3509,10,440,473,10
"1147","2020-03-24",159,14,179,995,7154,0.802348336594912,0,0,649,1467,581,4090,14,454,555,14
"1148","2020-03-25",184,14,190,1114,7154,0.802348336594912,0,0,649,1467,575,4665,14,468,547,14
"1149","2020-03-26",220,14,203,1268,7154,0.802348336594912,0,0,649,1467,532,5197,5,473,522,5
"1150","2020-03-27",258,14,224,1406,7154,0.802348336594912,0,0,649,1467,541,5738,5,478,523,5
"1151","2020-03-28",293,14,228,1524,7154,0.802348336594912,0,0,649,1467,347,6085,32,510,336,32
"1152","2020-03-29",329,14,244,1667,7154,0.802348336594912,0,0,649,1467,304,6389,59,569,297,59
"1153","2020-03-30",362,14,238,1799,7154,0.802348336594912,0,0,649,1467,251,6640,37,606,241,37
"1154","2020-03-31",381,14,214,1897,7154,0.802348336594912,0,0,649,1467,221,6861,10,616,211,10
"1155","2020-04-01",411,14,201,1966,7154,0.802348336594912,0,0,649,1467,149,7010,14,630,141,14
"1156","2020-04-02",434,14,212,2013,7154,0.802348336594912,0,0,649,1467,151,7161,21,651,144,21
"1157","2020-04-03",456,14,239,2087,7154,0.802348336594912,0,0,649,1467,148,7309,48,699,142,48
"1158","2020-04-04",484,14,229,2134,7154,0.802348336594912,0,0,649,1467,90,7399,28,727,87,28
"1159","2020-04-05",512,14,224,2132,7154,0.802348336594912,0,0,649,1467,74,7473,27,754,70,27
"1160","2020-04-06",520,14,213,2140,7154,0.802348336594912,0,0,649,1467,47,7520,31,785,44,31
"1161","2020-04-07",545,14,210,2122,7154,0.802348336594912,0,0,649,1467,43,7563,43,828,41,43
"1162","2020-04-08",576,14,202,2102,7154,0.802348336594912,0,0,649,1467,34,7597,18,846,31,18
"1163","2020-04-09",591,14,192,2036,7154,0.802348336594912,0,0,649,1467,36,7633,19,865,31,19
"1164","2020-04-10",604,14,202,1990,7154,0.802348336594912,0,0,649,1467,14,7647,13,878,9,13
"1165","2020-04-11",607,14,185,1929,7154,0.802348336594912,0,0,649,1467,14,7661,35,913,11,35
"1166","2020-04-12",585,14,220,1910,7154,0.802348336594912,0,0,649,1467,14,7675,28,941,12,28
"1167","2020-04-13",590,14,260,1834,7154,0.802348336594912,0,0,649,1467,9,7684,28,969,6,28
"1168","2020-04-14",574,14,250,1797,7154,0.802348336594912,0,0,649,1467,10,7694,20,989,9,20
"1169","2020-04-15",549,14,235,1733,7154,0.802348336594912,0,0,649,1467,10,7704,12,1001,7,12
"1170","2020-04-16",540,14,217,1645,7154,0.802348336594912,0,0,649,1467,6,7710,22,1023,6,22
"1171","2020-04-17",503,14,215,1601,7154,0.802348336594912,0,0,649,1467,5,7715,15,1038,3,15
"1172","2020-04-18",479,14,207,1535,7154,0.802348336594912,0,0,649,1467,7,7722,18,1056,7,18
"1173","2020-04-19",488,14,205,1447,7154,0.802348336594912,0,0,649,1467,6,7728,32,1088,1,32
"1174","2020-04-20",473,14,197,1362,7154,0.802348336594912,0,0,649,1467,2,7730,63,1151,NA,63
"1175","2020-04-21",444,14,198,1301,7154,0.802348336594912,0,0,649,1467,2,7732,35,1186,1,35
"1176","2020-04-22",421,14,185,1229,7154,0.802348336594912,0,0,649,1467,5,7737,16,1202,2,16
"1177","2020-04-23",393,14,183,1144,7154,0.802348336594912,0,0,649,1467,4,7741,8,1210,NA,8
"1178","2020-04-24",376,14,218,1068,7154,0.802348336594912,0,0,649,1467,NA,NA,55,1265,NA,55
"1179","2020-04-25",357,14,225,994,7154,0.802348336594912,0,0,649,1467,7,7748,44,1309,3,44
"1180","2020-04-26",329,14,234,919,7154,0.802348336594912,0,0,649,1467,3,7751,45,1354,2,45
"1181","2020-04-27",297,14,245,870,7154,0.802348336594912,0,0,649,1467,6,7757,33,1387,2,33
"1182","2020-04-28",288,14,265,792,7154,0.802348336594912,0,0,649,1467,3,7760,16,1403,3,16
"1183","2020-04-29",258,14,275,748,7154,0.802348336594912,0,0,649,1467,4,7764,17,1420,2,17
"1184","2020-04-30",227,14,305,699,7154,0.802348336594912,0,0,649,1467,1,7765,8,1428,NA,8
"1185","2020-05-01",212,14,307,650,7154,0.802348336594912,0,0,649,1467,1,7766,2,1430,NA,2
"1186","2020-05-02",194,14,300,626,7154,0.802348336594912,0,0,649,1467,2,7768,1,1431,2,1
"1187","2020-05-03",173,14,284,584,7154,0.802348336594912,0,0,649,1467,4,7772,5,1436,1,5
"1188","2020-05-04",161,14,271,551,7154,0.802348336594912,0,0,649,1467,2,7774,9,1445,NA,9
"1189","2020-05-05",155,14,237,514,7154,0.802348336594912,0,0,649,1467,3,7777,13,1458,NA,13
"1190","2020-05-06",150,14,242,473,7154,0.802348336594912,0,0,649,1467,2,7779,22,1480,NA,22
"1191","2020-05-07",152,14,253,457,7154,0.802348336594912,0,0,649,1467,3,7782,34,1514,1,34
"1192","2020-05-08",154,14,234,430,7154,0.802348336594912,0,0,649,1467,6,7788,24,1538,3,24
"1193","2020-05-09",154,14,229,409,7154,0.802348336594912,0,0,649,1467,4,7792,14,1552,2,14
"1194","2020-05-10",151,14,217,384,7154,0.802348336594912,0,0,649,1467,1,7793,18,1570,1,18
"1195","2020-05-11",143,14,204,376,7154,0.802348336594912,0,0,649,1467,3,7796,27,1597,NA,27
"1196","2020-05-12",137,14,221,355,7154,0.802348336594912,0,0,649,1467,1,7797,20,1617,1,20
"1197","2020-05-13",132,14,240,334,7154,0.802348336594912,0,0,649,1467,1,7798,19,1636,NA,19
"1198","2020-05-14",120,14,238,325,7154,0.802348336594912,0,0,649,1467,2,7800,23,1659,1,23
"1199","2020-05-15",106,14,251,300,7154,0.802348336594912,0,0,649,1467,3,7803,24,1683,1,24
"1200","2020-05-16",100,14,251,275,7154,0.802348336594912,0,0,649,1467,NA,NA,24,1707,NA,24
"1201","2020-05-17",87,14,244,259,7154,0.802348336594912,0,0,649,1467,2,7805,19,1726,2,19
"1202","2020-05-18",85,14,236,236,7154,0.802348336594912,0,0,649,1467,4,7809,11,1737,3,11
"1203","2020-05-19",74,14,268,210,7154,0.802348336594912,0,0,649,1467,2,7811,8,1745,1,8
"1204","2020-05-20",70,14,287,198,7154,0.802348336594912,0,0,649,1467,2,7813,10,1755,1,10
"1205","2020-05-21",70,14,283,181,7154,0.802348336594912,0,0,649,1467,4,7817,4,1759,2,4
"1206","2020-05-22",70,14,262,171,7154,0.802348336594912,0,0,649,1467,1,7818,7,1766,1,7
"1207","2020-05-23",59,14,234,165,7154,0.802348336594912,0,0,649,1467,5,7823,67,1833,3,67
"1208","2020-05-24",58,14,227,160,7154,0.802348336594912,0,0,649,1467,1,7824,71,1904,1,71
"1209","2020-05-25",62,14,223,152,7154,0.802348336594912,0,0,649,1467,2,7826,39,1943,2,39
"1210","2020-05-26",61,14,244,147,7154,0.802348336594912,0,0,649,1467,NA,NA,49,1992,NA,49
"1211","2020-05-27",57,14,232,136,7154,0.802348336594912,0,0,649,1467,1,7827,41,2033,NA,41
"1212","2020-05-28",51,14,244,125,7154,0.802348336594912,0,0,649,1467,2,7829,50,2083,1,50
"1213","2020-05-29",45,14,243,115,7154,0.802348336594912,0,0,649,1467,3,7832,26,2109,1,26
"1214","2020-05-30",43,14,221,111,7154,0.802348336594912,0,0,649,1467,1,7833,25,2134,NA,25
"1215","2020-05-31",38,14,223,107,7154,0.802348336594912,0,0,649,1467,1,7834,42,2176,1,42
"1216","2020-06-01",32,14,210,98,7154,0.802348336594912,0,0,649,1467,NA,NA,29,2205,NA,29
"1217","2020-06-02",26,14,196,95,7154,0.802348336594912,0,0,649,1467,1,7835,34,2239,NA,34
"1218","2020-06-03",24,14,213,88,7154,0.802348336594912,0,0,649,1467,1,7836,22,2261,1,22
"1219","2020-06-04",27,14,219,81,7154,0.802348336594912,0,0,649,1467,2,7838,9,2270,NA,9
"1220","2020-06-05",28,14,238,73,7154,0.802348336594912,0,0,649,1467,NA,NA,8,2278,NA,8
"1221","2020-06-06",27,14,241,72,7154,0.802348336594912,0,0,649,1467,NA,NA,7,2285,NA,7
"1222","2020-06-07",28,14,261,71,7154,0.802348336594912,0,0,649,1467,2,7840,6,2291,1,6
"1223","2020-03-14",7,15,329,507,9483,0.746388273753032,0,0,859,1769,72,315,26,105,8,26
"1224","2020-03-15",19,15,321,761,9483,0.746388273753032,0,0,859,1769,94,409,17,122,16,17
"1225","2020-03-16",47,15,309,1098,9483,0.746388273753032,0,0,859,1769,113,522,30,152,20,30
"1226","2020-03-17",76,15,285,1496,9483,0.746388273753032,0,0,859,1769,101,623,55,207,23,55
"1227","2020-03-18",121,15,261,2067,9483,0.746388273753032,0,0,859,1769,114,737,39,246,35,39
"1228","2020-03-19",194,15,247,2630,9483,0.746388273753032,0,0,859,1769,110,847,33,279,33,33
"1229","2020-03-20",277,15,244,3186,9483,0.746388273753032,0,0,859,1769,109,956,19,298,24,19
"1230","2020-03-21",375,15,209,3826,9483,0.746388273753032,0,0,859,1769,126,1082,9,307,35,9
"1231","2020-03-22",498,15,214,4344,9483,0.746388273753032,0,0,859,1769,103,1185,23,330,32,23
"1232","2020-03-23",652,15,206,4806,9483,0.746388273753032,0,0,859,1769,119,1304,41,371,36,41
"1233","2020-03-24",795,15,206,5181,9483,0.746388273753032,0,0,859,1769,103,1407,48,419,28,48
"1234","2020-03-25",959,15,194,5442,9483,0.746388273753032,0,0,859,1769,124,1531,33,452,38,33
"1235","2020-03-26",1105,15,178,5537,9483,0.746388273753032,0,0,859,1769,123,1654,35,487,29,35
"1236","2020-03-27",1224,15,164,5528,9483,0.746388273753032,0,0,859,1769,111,1765,32,519,31,32
"1237","2020-03-28",1360,15,158,5335,9483,0.746388273753032,0,0,859,1769,106,1871,41,560,35,41
"1238","2020-03-29",1471,15,260,5054,9483,0.746388273753032,0,0,859,1769,114,1985,50,610,31,50
"1239","2020-03-30",1519,15,283,4737,9483,0.746388273753032,0,0,859,1769,107,2092,36,646,35,36
"1240","2020-03-31",1527,15,295,4364,9483,0.746388273753032,0,0,859,1769,111,2203,25,671,27,25
"1241","2020-04-01",1493,15,272,3863,9483,0.746388273753032,0,0,859,1769,128,2331,39,710,33,39
"1242","2020-04-02",1441,15,271,3413,9483,0.746388273753032,0,0,859,1769,108,2439,22,732,20,22
"1243","2020-04-03",1372,15,299,2957,9483,0.746388273753032,0,0,859,1769,128,2567,21,753,36,21
"1244","2020-04-04",1247,15,310,2577,9483,0.746388273753032,0,0,859,1769,116,2683,8,761,33,8
"1245","2020-04-05",1103,15,293,2199,9483,0.746388273753032,0,0,859,1769,107,2790,4,765,34,4
"1246","2020-04-06",952,15,270,1900,9483,0.746388273753032,0,0,859,1769,102,2892,14,779,35,14
"1247","2020-04-07",833,15,252,1574,9483,0.746388273753032,0,0,859,1769,113,3005,30,809,36,30
"1248","2020-04-08",714,15,233,1335,9483,0.746388273753032,0,0,859,1769,114,3119,21,830,28,21
"1249","2020-04-09",581,15,191,1142,9483,0.746388273753032,0,0,859,1769,110,3229,16,846,32,16
"1250","2020-04-10",478,15,181,956,9483,0.746388273753032,0,0,859,1769,100,3329,26,872,25,26
"1251","2020-04-11",388,15,172,786,9483,0.746388273753032,0,0,859,1769,105,3434,32,904,24,32
"1252","2020-04-12",308,15,224,643,9483,0.746388273753032,0,0,859,1769,93,3527,58,962,21,58
"1253","2020-04-13",239,15,251,539,9483,0.746388273753032,0,0,859,1769,97,3624,21,983,28,21
"1254","2020-04-14",193,15,295,442,9483,0.746388273753032,0,0,859,1769,91,3715,65,1048,17,65
"1255","2020-04-15",145,15,325,360,9483,0.746388273753032,0,0,859,1769,85,3800,30,1078,21,30
"1256","2020-04-16",116,15,316,299,9483,0.746388273753032,0,0,859,1769,96,3896,26,1104,22,26
"1257","2020-04-17",89,15,324,248,9483,0.746388273753032,0,0,859,1769,97,3993,24,1128,28,24
"1258","2020-04-18",68,15,318,219,9483,0.746388273753032,0,0,859,1769,93,4086,61,1189,18,61
"1259","2020-04-19",51,15,306,179,9483,0.746388273753032,0,0,859,1769,97,4183,53,1242,26,53
"1260","2020-04-20",43,15,320,145,9483,0.746388273753032,0,0,859,1769,77,4260,36,1278,18,36
"1261","2020-04-21",31,15,313,127,9483,0.746388273753032,0,0,859,1769,90,4350,30,1308,24,30
"1262","2020-04-22",26,15,279,117,9483,0.746388273753032,0,0,859,1769,97,4447,24,1332,23,24
"1263","2020-04-23",25,15,262,106,9483,0.746388273753032,0,0,859,1769,74,4521,43,1375,17,43
"1264","2020-04-24",24,15,258,93,9483,0.746388273753032,0,0,859,1769,70,4591,72,1447,19,72
"1265","2020-04-25",21,15,258,88,9483,0.746388273753032,0,0,859,1769,84,4675,63,1510,10,63
"1266","2020-04-26",18,15,250,76,9483,0.746388273753032,0,0,859,1769,85,4760,37,1547,17,37
"1267","2020-04-27",17,15,255,67,9483,0.746388273753032,0,0,859,1769,66,4826,30,1577,10,30
"1268","2020-04-28",16,15,280,65,9483,0.746388273753032,0,0,859,1769,66,4892,41,1618,16,41
"1269","2020-04-29",14,15,270,62,9483,0.746388273753032,0,0,859,1769,70,4962,42,1660,8,42
"1270","2020-04-30",11,15,270,58,9483,0.746388273753032,0,0,859,1769,57,5019,22,1682,11,22
"1271","2020-05-01",9,15,260,53,9483,0.746388273753032,0,0,859,1769,69,5088,50,1732,12,50
"1272","2020-05-02",8,15,269,49,9483,0.746388273753032,0,0,859,1769,65,5153,25,1757,11,25
"1273","2020-05-03",7,15,272,43,9483,0.746388273753032,0,0,859,1769,66,5219,21,1778,11,21
"1274","2020-05-04",6,15,254,42,9483,0.746388273753032,0,0,859,1769,60,5279,53,1831,8,53
"1275","2020-05-05",7,15,257,39,9483,0.746388273753032,0,0,859,1769,56,5335,53,1884,10,53
"1276","2020-05-06",9,15,231,39,9483,0.746388273753032,0,0,859,1769,61,5396,66,1950,5,66
"1277","2020-05-07",11,15,214,39,9483,0.746388273753032,0,0,859,1769,57,5453,32,1982,8,32
"1278","2020-05-08",11,15,211,36,9483,0.746388273753032,0,0,859,1769,44,5497,25,2007,1,25
"1279","2020-05-09",10,15,221,35,9483,0.746388273753032,0,0,859,1769,51,5548,21,2028,9,21
"1280","2020-05-10",11,15,262,32,9483,0.746388273753032,0,0,859,1769,50,5598,13,2041,4,13
"1281","2020-05-11",12,15,249,32,9483,0.746388273753032,0,0,859,1769,40,5638,30,2071,3,30
"1282","2020-05-12",10,15,243,30,9483,0.746388273753032,0,0,859,1769,56,5694,53,2124,9,53
"1283","2020-05-13",9,15,256,26,9483,0.746388273753032,0,0,859,1769,45,5739,46,2170,6,46
"1284","2020-05-14",6,15,255,26,9483,0.746388273753032,0,0,859,1769,30,5769,25,2195,7,25
"1285","2020-05-15",7,15,238,25,9483,0.746388273753032,0,0,859,1769,39,5808,27,2222,7,27
"1286","2020-05-16",8,15,216,22,9483,0.746388273753032,0,0,859,1769,36,5844,36,2258,6,36
"1287","2020-05-17",7,15,215,21,9483,0.746388273753032,0,0,859,1769,43,5887,32,2290,4,32
"1288","2020-05-18",9,15,227,23,9483,0.746388273753032,0,0,859,1769,30,5917,27,2317,2,27
"1289","2020-05-19",8,15,234,21,9483,0.746388273753032,0,0,859,1769,43,5960,14,2331,9,14
"1290","2020-05-20",6,15,233,19,9483,0.746388273753032,0,0,859,1769,23,5983,43,2374,2,43
"1291","2020-05-21",6,15,279,23,9483,0.746388273753032,0,0,859,1769,30,6013,25,2399,2,25
"1292","2020-05-22",5,15,290,22,9483,0.746388273753032,0,0,859,1769,21,6034,12,2411,1,12
"1293","2020-05-23",4,15,245,22,9483,0.746388273753032,0,0,859,1769,27,6061,3,2414,2,3
"1294","2020-05-24",5,15,225,20,9483,0.746388273753032,0,0,859,1769,30,6091,4,2418,4,4
"1295","2020-05-25",4,15,225,19,9483,0.746388273753032,0,0,859,1769,23,6114,30,2448,2,30
"1296","2020-05-26",4,15,224,19,9483,0.746388273753032,0,0,859,1769,27,6141,54,2502,2,54
"1297","2020-05-27",5,15,214,16,9483,0.746388273753032,0,0,859,1769,22,6163,44,2546,3,44
"1298","2020-05-28",9,15,205,16,9483,0.746388273753032,0,0,859,1769,21,6184,33,2579,4,33
"1299","2020-05-29",9,15,196,16,9483,0.746388273753032,0,0,859,1769,24,6208,25,2604,3,25
"1300","2020-05-30",9,15,197,14,9483,0.746388273753032,0,0,859,1769,28,6236,13,2617,7,13
"1301","2020-05-31",8,15,214,13,9483,0.746388273753032,0,0,859,1769,14,6250,12,2629,2,12
"1302","2020-06-01",6,15,215,13,9483,0.746388273753032,0,0,859,1769,22,6272,5,2634,8,5
"1303","2020-06-02",6,15,208,11,9483,0.746388273753032,0,0,859,1769,25,6297,11,2645,5,11
"1304","2020-06-03",5,15,208,10,9483,0.746388273753032,0,0,859,1769,25,6322,27,2672,7,27
"1305","2020-06-04",1,15,241,9,9483,0.746388273753032,0,0,859,1769,11,6333,12,2684,2,12
"1306","2020-06-05",1,15,230,9,9483,0.746388273753032,0,0,859,1769,21,6354,13,2697,2,13
"1307","2020-06-06",2,15,222,8,9483,0.746388273753032,0,0,859,1769,16,6370,28,2725,2,28
"1308","2020-06-07",1,15,207,9,9483,0.746388273753032,0,0,859,1769,13,6383,31,2756,2,31
"1309","2020-03-13",1,16,83,88,4092,0.440127077223851,0,0,335,1071,60,188,82,203,9,82
"1310","2020-03-14",2,16,103,121,4092,0.440127077223851,0,0,335,1071,65,253,55,258,13,55
"1311","2020-03-15",7,16,136,159,4092,0.440127077223851,0,0,335,1071,74,327,76,334,11,76
"1312","2020-03-16",14,16,165,202,4092,0.440127077223851,0,0,335,1071,71,398,69,403,22,69
"1313","2020-03-17",21,16,184,248,4092,0.440127077223851,0,0,335,1071,91,489,69,472,30,69
"1314","2020-03-18",25,16,219,290,4092,0.440127077223851,0,0,335,1071,104,593,70,542,38,70
"1315","2020-03-19",40,16,204,316,4092,0.440127077223851,0,0,335,1071,87,680,68,610,34,68
"1316","2020-03-20",54,16,206,357,4092,0.440127077223851,0,0,335,1071,75,755,43,653,30,43
"1317","2020-03-21",73,16,234,396,4092,0.440127077223851,0,0,335,1071,81,836,54,707,29,54
"1318","2020-03-22",90,16,256,415,4092,0.440127077223851,0,0,335,1071,91,927,48,755,27,48
"1319","2020-03-23",108,16,234,439,4092,0.440127077223851,0,0,335,1071,101,1028,33,788,37,33
"1320","2020-03-24",119,16,237,460,4092,0.440127077223851,0,0,335,1071,78,1106,47,835,30,47
"1321","2020-03-25",138,16,225,479,4092,0.440127077223851,0,0,335,1071,104,1210,38,873,49,38
"1322","2020-03-26",140,16,209,497,4092,0.440127077223851,0,0,335,1071,107,1317,25,898,44,25
"1323","2020-03-27",145,16,206,510,4092,0.440127077223851,0,0,335,1071,103,1420,39,937,48,39
"1324","2020-03-28",145,16,186,521,4092,0.440127077223851,0,0,335,1071,96,1516,35,972,46,35
"1325","2020-03-29",143,16,191,530,4092,0.440127077223851,0,0,335,1071,112,1628,44,1016,45,44
"1326","2020-03-30",142,16,192,533,4092,0.440127077223851,0,0,335,1071,78,1706,28,1044,24,28
"1327","2020-03-31",148,16,222,549,4092,0.440127077223851,0,0,335,1071,81,1787,37,1081,31,37
"1328","2020-04-01",146,16,276,559,4092,0.440127077223851,0,0,335,1071,120,1907,60,1141,46,60
"1329","2020-04-02",154,16,268,562,4092,0.440127077223851,0,0,335,1071,94,2001,48,1189,32,48
"1330","2020-04-03",156,16,243,561,4092,0.440127077223851,0,0,335,1071,96,2097,50,1239,32,50
"1331","2020-04-04",159,16,247,591,4092,0.440127077223851,0,0,335,1071,94,2191,61,1300,37,61
"1332","2020-04-05",149,16,245,618,4092,0.440127077223851,0,0,335,1071,88,2279,37,1337,31,37
"1333","2020-04-06",146,16,234,616,4092,0.440127077223851,0,0,335,1071,83,2362,52,1389,25,52
"1334","2020-04-07",139,16,248,622,4092,0.440127077223851,0,0,335,1071,99,2461,45,1434,42,45
"1335","2020-04-08",142,16,254,633,4092,0.440127077223851,0,0,335,1071,82,2543,50,1484,27,50
"1336","2020-04-09",139,16,269,623,4092,0.440127077223851,0,0,335,1071,99,2642,43,1527,43,43
"1337","2020-04-10",137,16,269,616,4092,0.440127077223851,0,0,335,1071,101,2743,47,1574,30,47
"1338","2020-04-11",136,16,266,617,4092,0.440127077223851,0,0,335,1071,84,2827,53,1627,22,53
"1339","2020-04-12",156,16,221,624,4092,0.440127077223851,0,0,335,1071,87,2914,35,1662,37,35
"1340","2020-04-13",154,16,213,630,4092,0.440127077223851,0,0,335,1071,86,3000,26,1688,28,26
"1341","2020-04-14",162,16,222,642,4092,0.440127077223851,0,0,335,1071,79,3079,30,1718,20,30
"1342","2020-04-15",164,16,225,651,4092,0.440127077223851,0,0,335,1071,75,3154,35,1753,27,35
"1343","2020-04-16",170,16,235,655,4092,0.440127077223851,0,0,335,1071,89,3243,29,1782,27,29
"1344","2020-04-17",176,16,241,657,4092,0.440127077223851,0,0,335,1071,85,3328,29,1811,28,29
"1345","2020-04-18",173,16,213,662,4092,0.440127077223851,0,0,335,1071,86,3414,31,1842,35,31
"1346","2020-04-19",166,16,226,673,4092,0.440127077223851,0,0,335,1071,90,3504,39,1881,34,39
"1347","2020-04-20",172,16,245,673,4092,0.440127077223851,0,0,335,1071,86,3590,34,1915,27,34
"1348","2020-04-21",176,16,249,684,4092,0.440127077223851,0,0,335,1071,80,3670,42,1957,23,42
"1349","2020-04-22",180,16,279,695,4092,0.440127077223851,0,0,335,1071,98,3768,22,1979,28,22
"1350","2020-04-23",185,16,296,684,4092,0.440127077223851,0,0,335,1071,63,3831,29,2008,24,29
"1351","2020-04-24",186,16,294,687,4092,0.440127077223851,0,0,335,1071,73,3904,29,2037,27,29
"1352","2020-04-25",195,16,290,673,4092,0.440127077223851,0,0,335,1071,62,3966,45,2082,21,45
"1353","2020-04-26",202,16,261,652,4092,0.440127077223851,0,0,335,1071,87,4053,55,2137,30,55
"1354","2020-04-27",196,16,241,663,4092,0.440127077223851,0,0,335,1071,59,4112,41,2178,15,41
"1355","2020-04-28",198,16,224,654,4092,0.440127077223851,0,0,335,1071,63,4175,39,2217,19,39
"1356","2020-04-29",192,16,217,634,4092,0.440127077223851,0,0,335,1071,54,4229,34,2251,17,34
"1357","2020-04-30",187,16,257,630,4092,0.440127077223851,0,0,335,1071,62,4291,30,2281,18,30
"1358","2020-05-01",182,16,284,607,4092,0.440127077223851,0,0,335,1071,67,4358,44,2325,24,44
"1359","2020-05-02",173,16,282,601,4092,0.440127077223851,0,0,335,1071,59,4417,38,2363,19,38
"1360","2020-05-03",162,16,275,575,4092,0.440127077223851,0,0,335,1071,58,4475,35,2398,13,35
"1361","2020-05-04",176,16,259,557,4092,0.440127077223851,0,0,335,1071,52,4527,41,2439,20,41
"1362","2020-05-05",163,16,260,534,4092,0.440127077223851,0,0,335,1071,68,4595,44,2483,22,44
"1363","2020-05-06",164,16,247,536,4092,0.440127077223851,0,0,335,1071,64,4659,40,2523,20,40
"1364","2020-05-07",161,16,281,526,4092,0.440127077223851,0,0,335,1071,54,4713,20,2543,13,20
"1365","2020-05-08",151,16,284,506,4092,0.440127077223851,0,0,335,1071,62,4775,31,2574,16,31
"1366","2020-05-09",145,16,305,497,4092,0.440127077223851,0,0,335,1071,45,4820,28,2602,12,28
"1367","2020-05-10",152,16,303,505,4092,0.440127077223851,0,0,335,1071,53,4873,26,2628,12,26
"1368","2020-05-11",140,16,295,486,4092,0.440127077223851,0,0,335,1071,40,4913,29,2657,10,29
"1369","2020-05-12",144,16,275,498,4092,0.440127077223851,0,0,335,1071,59,4972,27,2684,10,27
"1370","2020-05-13",139,16,282,473,4092,0.440127077223851,0,0,335,1071,46,5018,45,2729,7,45
"1371","2020-05-14",137,16,254,464,4092,0.440127077223851,0,0,335,1071,49,5067,28,2757,10,28
"1372","2020-05-15",140,16,275,457,4092,0.440127077223851,0,0,335,1071,41,5108,42,2799,10,42
"1373","2020-05-16",146,16,271,458,4092,0.440127077223851,0,0,335,1071,40,5148,30,2829,9,30
"1374","2020-05-17",147,16,245,440,4092,0.440127077223851,0,0,335,1071,44,5192,33,2862,13,33
"1375","2020-05-18",139,16,241,433,4092,0.440127077223851,0,0,335,1071,38,5230,32,2894,11,32
"1376","2020-05-19",135,16,237,415,4092,0.440127077223851,0,0,335,1071,38,5268,29,2923,6,29
"1377","2020-05-20",129,16,250,404,4092,0.440127077223851,0,0,335,1071,35,5303,29,2952,9,29
"1378","2020-05-21",123,16,249,389,4092,0.440127077223851,0,0,335,1071,35,5338,37,2989,12,37
"1379","2020-05-22",123,16,250,367,4092,0.440127077223851,0,0,335,1071,31,5369,31,3020,10,31
"1380","2020-05-23",115,16,246,343,4092,0.440127077223851,0,0,335,1071,28,5397,40,3060,6,40
"1381","2020-05-24",101,16,220,346,4092,0.440127077223851,0,0,335,1071,35,5432,40,3100,9,40
"1382","2020-05-25",99,16,207,346,4092,0.440127077223851,0,0,335,1071,19,5451,47,3147,2,47
"1383","2020-05-26",93,16,197,324,4092,0.440127077223851,0,0,335,1071,32,5483,56,3203,5,56
"1384","2020-05-27",86,16,198,318,4092,0.440127077223851,0,0,335,1071,32,5515,51,3254,8,51
"1385","2020-05-28",79,16,237,305,4092,0.440127077223851,0,0,335,1071,25,5540,40,3294,7,40
"1386","2020-05-29",69,16,260,297,4092,0.440127077223851,0,0,335,1071,30,5570,35,3329,10,35
"1387","2020-05-30",68,16,295,291,4092,0.440127077223851,0,0,335,1071,27,5597,54,3383,7,54
"1388","2020-05-31",69,16,325,299,4092,0.440127077223851,0,0,335,1071,27,5624,45,3428,9,45
"1389","2020-06-01",75,16,301,278,4092,0.440127077223851,0,0,335,1071,27,5651,43,3471,6,43
"1390","2020-06-02",76,16,272,276,4092,0.440127077223851,0,0,335,1071,16,5667,64,3535,3,64
"1391","2020-06-03",79,16,282,271,4092,0.440127077223851,0,0,335,1071,28,5695,44,3579,9,44
"1392","2020-06-04",79,16,272,266,4092,0.440127077223851,0,0,335,1071,19,5714,32,3611,3,32
"1393","2020-06-05",83,16,263,252,4092,0.440127077223851,0,0,335,1071,17,5731,48,3659,4,48
"1394","2020-06-06",85,16,239,244,4092,0.440127077223851,0,0,335,1071,13,5744,69,3728,4,69
"1395","2020-06-07",78,16,235,223,4092,0.440127077223851,0,0,335,1071,12,5756,58,3786,3,58
"1396","2020-03-14",1,17,184,192,5216,0.187308282208589,0,0,435,1347,30,92,36,75,23,36
"1397","2020-03-15",7,17,237,256,5216,0.187308282208589,0,0,435,1347,52,144,42,117,31,42
"1398","2020-03-16",18,17,228,300,5216,0.187308282208589,0,0,435,1347,54,198,56,173,38,56
"1399","2020-03-17",25,17,191,339,5216,0.187308282208589,0,0,435,1347,64,262,38,211,55,38
"1400","2020-03-18",38,17,164,400,5216,0.187308282208589,0,0,435,1347,98,360,63,274,89,63
"1401","2020-03-19",54,17,163,455,5216,0.187308282208589,0,0,435,1347,131,491,54,328,116,54
"1402","2020-03-20",78,17,149,514,5216,0.187308282208589,0,0,435,1347,128,619,62,390,120,62
"1403","2020-03-21",96,17,191,574,5216,0.187308282208589,0,0,435,1347,185,804,47,437,173,47
"1404","2020-03-22",115,17,185,599,5216,0.187308282208589,0,0,435,1347,154,958,21,458,149,21
"1405","2020-03-23",121,17,220,634,5216,0.187308282208589,0,0,435,1347,225,1183,12,470,217,12
"1406","2020-03-24",144,17,206,661,5216,0.187308282208589,0,0,435,1347,290,1473,8,478,285,8
"1407","2020-03-25",168,17,190,676,5216,0.187308282208589,0,0,435,1347,259,1732,11,489,249,11
"1408","2020-03-26",179,17,187,708,5216,0.187308282208589,0,0,435,1347,325,2057,14,503,318,14
"1409","2020-03-27",182,17,196,741,5216,0.187308282208589,0,0,435,1347,314,2371,8,511,305,8
"1410","2020-03-28",201,17,195,762,5216,0.187308282208589,0,0,435,1347,412,2783,15,526,403,15
"1411","2020-03-29",213,17,242,785,5216,0.187308282208589,0,0,435,1347,417,3200,9,535,410,9
"1412","2020-03-30",230,17,221,806,5216,0.187308282208589,0,0,435,1347,402,3602,19,554,389,19
"1413","2020-03-31",241,17,214,812,5216,0.187308282208589,0,0,435,1347,378,3980,42,596,372,42
"1414","2020-04-01",228,17,190,806,5216,0.187308282208589,0,0,435,1347,392,4372,42,638,384,42
"1415","2020-04-02",241,17,175,818,5216,0.187308282208589,0,0,435,1347,347,4719,27,665,342,27
"1416","2020-04-03",247,17,156,819,5216,0.187308282208589,0,0,435,1347,375,5094,44,709,366,44
"1417","2020-04-04",232,17,146,824,5216,0.187308282208589,0,0,435,1347,362,5456,26,735,358,26
"1418","2020-04-05",230,17,143,834,5216,0.187308282208589,0,0,435,1347,309,5765,34,769,304,34
"1419","2020-04-06",233,17,152,831,5216,0.187308282208589,0,0,435,1347,282,6047,24,793,280,24
"1420","2020-04-07",230,17,203,843,5216,0.187308282208589,0,0,435,1347,218,6265,50,843,218,50
"1421","2020-04-08",238,17,202,818,5216,0.187308282208589,0,0,435,1347,180,6445,74,917,179,74
"1422","2020-04-09",236,17,206,829,5216,0.187308282208589,0,0,435,1347,143,6588,31,948,142,31
"1423","2020-04-10",239,17,229,813,5216,0.187308282208589,0,0,435,1347,135,6723,36,984,128,36
"1424","2020-04-11",254,17,235,810,5216,0.187308282208589,0,0,435,1347,108,6831,20,1004,106,20
"1425","2020-04-12",253,17,226,809,5216,0.187308282208589,0,0,435,1347,104,6935,28,1032,98,28
"1426","2020-04-13",248,17,218,795,5216,0.187308282208589,0,0,435,1347,73,7008,48,1080,70,48
"1427","2020-04-14",243,17,204,779,5216,0.187308282208589,0,0,435,1347,57,7065,48,1128,53,48
"1428","2020-04-15",250,17,208,784,5216,0.187308282208589,0,0,435,1347,72,7137,33,1161,71,33
"1429","2020-04-16",232,17,188,783,5216,0.187308282208589,0,0,435,1347,30,7167,26,1187,29,26
"1430","2020-04-17",230,17,192,789,5216,0.187308282208589,0,0,435,1347,47,7214,21,1208,43,21
"1431","2020-04-18",221,17,191,765,5216,0.187308282208589,0,0,435,1347,37,7251,15,1223,35,15
"1432","2020-04-19",210,17,215,760,5216,0.187308282208589,0,0,435,1347,32,7283,13,1236,28,13
"1433","2020-04-20",208,17,242,747,5216,0.187308282208589,0,0,435,1347,23,7306,11,1247,22,11
"1434","2020-04-21",211,17,223,756,5216,0.187308282208589,0,0,435,1347,11,7317,21,1268,11,21
"1435","2020-04-22",202,17,238,758,5216,0.187308282208589,0,0,435,1347,18,7335,62,1330,16,62
"1436","2020-04-23",217,17,238,743,5216,0.187308282208589,0,0,435,1347,19,7354,61,1391,16,61
"1437","2020-04-24",205,17,229,756,5216,0.187308282208589,0,0,435,1347,9,7363,34,1425,8,34
"1438","2020-04-25",212,17,211,762,5216,0.187308282208589,0,0,435,1347,6,7369,23,1448,6,23
"1439","2020-04-26",223,17,241,745,5216,0.187308282208589,0,0,435,1347,8,7377,27,1475,8,27
"1440","2020-04-27",224,17,263,741,5216,0.187308282208589,0,0,435,1347,6,7383,18,1493,6,18
"1441","2020-04-28",217,17,289,732,5216,0.187308282208589,0,0,435,1347,6,7389,16,1509,3,16
"1442","2020-04-29",207,17,299,716,5216,0.187308282208589,0,0,435,1347,3,7392,18,1527,3,18
"1443","2020-04-30",204,17,280,690,5216,0.187308282208589,0,0,435,1347,4,7396,16,1543,2,16
"1444","2020-05-01",196,17,250,681,5216,0.187308282208589,0,0,435,1347,5,7401,49,1592,3,49
"1445","2020-05-02",183,17,266,666,5216,0.187308282208589,0,0,435,1347,2,7403,33,1625,1,33
"1446","2020-05-03",174,17,277,654,5216,0.187308282208589,0,0,435,1347,7,7410,11,1636,5,11
"1447","2020-05-04",169,17,263,643,5216,0.187308282208589,0,0,435,1347,3,7413,47,1683,1,47
"1448","2020-05-05",160,17,249,637,5216,0.187308282208589,0,0,435,1347,6,7419,55,1738,2,55
"1449","2020-05-06",163,17,228,641,5216,0.187308282208589,0,0,435,1347,5,7424,35,1773,4,35
"1450","2020-05-07",148,17,252,647,5216,0.187308282208589,0,0,435,1347,4,7428,17,1790,4,17
"1451","2020-05-08",165,17,263,633,5216,0.187308282208589,0,0,435,1347,6,7434,13,1803,4,13
"1452","2020-05-09",173,17,273,618,5216,0.187308282208589,0,0,435,1347,1,7435,12,1815,1,12
"1453","2020-05-10",169,17,280,617,5216,0.187308282208589,0,0,435,1347,3,7438,17,1832,2,17
"1454","2020-05-11",169,17,281,608,5216,0.187308282208589,0,0,435,1347,2,7440,15,1847,NA,15
"1455","2020-05-12",176,17,269,598,5216,0.187308282208589,0,0,435,1347,2,7442,11,1858,1,11
"1456","2020-05-13",174,17,266,583,5216,0.187308282208589,0,0,435,1347,2,7444,10,1868,2,10
"1457","2020-05-14",184,17,249,559,5216,0.187308282208589,0,0,435,1347,1,7445,18,1886,1,18
"1458","2020-05-15",174,17,260,535,5216,0.187308282208589,0,0,435,1347,5,7450,15,1901,2,15
"1459","2020-05-16",173,17,253,529,5216,0.187308282208589,0,0,435,1347,2,7452,9,1910,NA,9
"1460","2020-05-17",174,17,239,518,5216,0.187308282208589,0,0,435,1347,3,7455,11,1921,1,11
"1461","2020-05-18",167,17,225,516,5216,0.187308282208589,0,0,435,1347,NA,NA,9,1930,NA,9
"1462","2020-05-19",157,17,248,489,5216,0.187308282208589,0,0,435,1347,NA,NA,12,1942,NA,12
"1463","2020-05-20",153,17,258,472,5216,0.187308282208589,0,0,435,1347,2,7457,6,1948,NA,6
"1464","2020-05-21",140,17,249,467,5216,0.187308282208589,0,0,435,1347,4,7461,1,1949,2,1
"1465","2020-05-22",139,17,280,466,5216,0.187308282208589,0,0,435,1347,1,7462,8,1957,1,8
"1466","2020-05-23",129,17,259,455,5216,0.187308282208589,0,0,435,1347,4,7466,15,1972,3,15
"1467","2020-05-24",124,17,247,432,5216,0.187308282208589,0,0,435,1347,2,7468,14,1986,2,14
"1468","2020-05-25",122,17,234,417,5216,0.187308282208589,0,0,435,1347,1,7469,12,1998,1,12
"1469","2020-05-26",121,17,214,395,5216,0.187308282208589,0,0,435,1347,8,7477,19,2017,6,19
"1470","2020-05-27",122,17,206,394,5216,0.187308282208589,0,0,435,1347,1,7478,44,2061,NA,44
"1471","2020-05-28",121,17,197,373,5216,0.187308282208589,0,0,435,1347,1,7479,25,2086,1,25
"1472","2020-05-29",112,17,226,365,5216,0.187308282208589,0,0,435,1347,3,7482,20,2106,1,20
"1473","2020-05-30",102,17,216,357,5216,0.187308282208589,0,0,435,1347,3,7485,20,2126,2,20
"1474","2020-05-31",96,17,205,340,5216,0.187308282208589,0,0,435,1347,2,7487,56,2182,1,56
"1475","2020-06-01",86,17,227,327,5216,0.187308282208589,0,0,435,1347,2,7489,45,2227,2,45
"1476","2020-06-02",86,17,264,313,5216,0.187308282208589,0,0,435,1347,5,7494,26,2253,5,26
"1477","2020-06-03",79,17,299,296,5216,0.187308282208589,0,0,435,1347,4,7498,29,2282,2,29
"1478","2020-06-04",85,17,290,287,5216,0.187308282208589,0,0,435,1347,1,7499,39,2321,1,39
"1479","2020-06-05",88,17,274,271,5216,0.187308282208589,0,0,435,1347,1,7500,20,2341,NA,20
"1480","2020-06-06",91,17,273,261,5216,0.187308282208589,0,0,435,1347,2,7502,18,2359,1,18
"1481","2020-06-07",96,17,269,251,5216,0.187308282208589,0,0,435,1347,NA,NA,41,2400,NA,41
"1482","2020-03-14",1,18,167,112,4377,0.477724468814256,0,0,378,1946,23,71,13,83,6,13
"1483","2020-03-15",2,18,228,144,4377,0.477724468814256,0,0,378,1946,12,83,18,101,3,18
"1484","2020-03-16",8,18,280,198,4377,0.477724468814256,0,0,378,1946,18,101,28,129,6,28
"1485","2020-03-17",14,18,307,240,4377,0.477724468814256,0,0,378,1946,15,116,43,172,4,43
"1486","2020-03-18",21,18,315,293,4377,0.477724468814256,0,0,378,1946,23,139,30,202,10,30
"1487","2020-03-19",29,18,283,317,4377,0.477724468814256,0,0,378,1946,26,165,43,245,9,43
"1488","2020-03-20",41,18,275,353,4377,0.477724468814256,0,0,378,1946,32,197,24,269,14,24
"1489","2020-03-21",48,18,224,385,4377,0.477724468814256,0,0,378,1946,21,218,14,283,9,14
"1490","2020-03-22",71,18,207,428,4377,0.477724468814256,0,0,378,1946,22,240,19,302,13,19
"1491","2020-03-23",78,18,217,453,4377,0.477724468814256,0,0,378,1946,30,270,16,318,16,16
"1492","2020-03-24",90,18,209,487,4377,0.477724468814256,0,0,378,1946,21,291,12,330,8,12
"1493","2020-03-25",101,18,201,517,4377,0.477724468814256,0,0,378,1946,29,320,8,338,13,8
"1494","2020-03-26",120,18,219,548,4377,0.477724468814256,0,0,378,1946,33,353,4,342,15,4
"1495","2020-03-27",126,18,251,574,4377,0.477724468814256,0,0,378,1946,27,380,10,352,13,10
"1496","2020-03-28",135,18,254,585,4377,0.477724468814256,0,0,378,1946,28,408,10,362,12,10
"1497","2020-03-29",137,18,258,600,4377,0.477724468814256,0,0,378,1946,55,463,13,375,26,13
"1498","2020-03-30",149,18,270,634,4377,0.477724468814256,0,0,378,1946,30,493,23,398,14,23
"1499","2020-03-31",157,18,239,645,4377,0.477724468814256,0,0,378,1946,33,526,17,415,16,17
"1500","2020-04-01",163,18,220,662,4377,0.477724468814256,0,0,378,1946,37,563,40,455,21,40
"1501","2020-04-02",162,18,221,688,4377,0.477724468814256,0,0,378,1946,40,603,20,475,28,20
"1502","2020-04-03",174,18,245,697,4377,0.477724468814256,0,0,378,1946,34,637,10,485,20,10
"1503","2020-04-04",182,18,228,709,4377,0.477724468814256,0,0,378,1946,39,676,10,495,25,10
"1504","2020-04-05",185,18,204,717,4377,0.477724468814256,0,0,378,1946,36,712,6,501,15,6
"1505","2020-04-06",193,18,211,706,4377,0.477724468814256,0,0,378,1946,36,748,11,512,18,11
"1506","2020-04-07",200,18,179,668,4377,0.477724468814256,0,0,378,1946,37,785,37,549,14,37
"1507","2020-04-08",202,18,194,677,4377,0.477724468814256,0,0,378,1946,32,817,22,571,16,22
"1508","2020-04-09",200,18,172,676,4377,0.477724468814256,0,0,378,1946,34,851,34,605,19,34
"1509","2020-04-10",197,18,159,669,4377,0.477724468814256,0,0,378,1946,37,888,19,624,19,19
"1510","2020-04-11",206,18,157,664,4377,0.477724468814256,0,0,378,1946,44,932,15,639,21,15
"1511","2020-04-12",200,18,165,684,4377,0.477724468814256,0,0,378,1946,46,978,10,649,16,10
"1512","2020-04-13",188,18,164,668,4377,0.477724468814256,0,0,378,1946,21,999,37,686,9,37
"1513","2020-04-14",183,18,169,685,4377,0.477724468814256,0,0,378,1946,30,1029,52,738,19,52
"1514","2020-04-15",187,18,179,676,4377,0.477724468814256,0,0,378,1946,39,1068,30,768,20,30
"1515","2020-04-16",193,18,177,696,4377,0.477724468814256,0,0,378,1946,31,1099,53,821,15,53
"1516","2020-04-17",189,18,183,698,4377,0.477724468814256,0,0,378,1946,37,1136,47,868,16,47
"1517","2020-04-18",187,18,212,684,4377,0.477724468814256,0,0,378,1946,27,1163,14,882,10,14
"1518","2020-04-19",186,18,219,697,4377,0.477724468814256,0,0,378,1946,34,1197,18,900,10,18
"1519","2020-04-20",190,18,203,722,4377,0.477724468814256,0,0,378,1946,24,1221,13,913,5,13
"1520","2020-04-21",189,18,200,714,4377,0.477724468814256,0,0,378,1946,35,1256,23,936,13,23
"1521","2020-04-22",196,18,190,710,4377,0.477724468814256,0,0,378,1946,26,1282,28,964,9,28
"1522","2020-04-23",199,18,178,689,4377,0.477724468814256,0,0,378,1946,31,1313,35,999,11,35
"1523","2020-04-24",193,18,187,686,4377,0.477724468814256,0,0,378,1946,29,1342,46,1045,14,46
"1524","2020-04-25",193,18,186,678,4377,0.477724468814256,0,0,378,1946,36,1378,55,1100,19,55
"1525","2020-04-26",190,18,196,667,4377,0.477724468814256,0,0,378,1946,26,1404,28,1128,6,28
"1526","2020-04-27",192,18,211,660,4377,0.477724468814256,0,0,378,1946,31,1435,23,1151,11,23
"1527","2020-04-28",188,18,217,645,4377,0.477724468814256,0,0,378,1946,38,1473,12,1163,9,12
"1528","2020-04-29",177,18,187,646,4377,0.477724468814256,0,0,378,1946,30,1503,19,1182,12,19
"1529","2020-04-30",176,18,177,655,4377,0.477724468814256,0,0,378,1946,31,1534,9,1191,16,9
"1530","2020-05-01",176,18,182,642,4377,0.477724468814256,0,0,378,1946,24,1558,38,1229,9,38
"1531","2020-05-02",173,18,190,629,4377,0.477724468814256,0,0,378,1946,33,1591,22,1251,14,22
"1532","2020-05-03",185,18,174,603,4377,0.477724468814256,0,0,378,1946,39,1630,15,1266,13,15
"1533","2020-05-04",183,18,191,588,4377,0.477724468814256,0,0,378,1946,28,1658,14,1280,7,14
"1534","2020-05-05",184,18,196,576,4377,0.477724468814256,0,0,378,1946,34,1692,20,1300,10,20
"1535","2020-05-06",179,18,232,576,4377,0.477724468814256,0,0,378,1946,37,1729,11,1311,11,11
"1536","2020-05-07",173,18,208,571,4377,0.477724468814256,0,0,378,1946,33,1762,17,1328,13,17
"1537","2020-05-08",169,18,220,574,4377,0.477724468814256,0,0,378,1946,26,1788,10,1338,13,10
"1538","2020-05-09",166,18,213,572,4377,0.477724468814256,0,0,378,1946,29,1817,11,1349,9,11
"1539","2020-05-10",155,18,216,568,4377,0.477724468814256,0,0,378,1946,36,1853,47,1396,17,47
"1540","2020-05-11",156,18,206,552,4377,0.477724468814256,0,0,378,1946,24,1877,25,1421,12,25
"1541","2020-05-12",146,18,196,545,4377,0.477724468814256,0,0,378,1946,29,1906,34,1455,16,34
"1542","2020-05-13",139,18,181,528,4377,0.477724468814256,0,0,378,1946,24,1930,21,1476,8,21
"1543","2020-05-14",132,18,180,516,4377,0.477724468814256,0,0,378,1946,33,1963,13,1489,13,13
"1544","2020-05-15",142,18,169,499,4377,0.477724468814256,0,0,378,1946,25,1988,17,1506,13,17
"1545","2020-05-16",138,18,178,478,4377,0.477724468814256,0,0,378,1946,30,2018,36,1542,13,36
"1546","2020-05-17",141,18,223,474,4377,0.477724468814256,0,0,378,1946,30,2048,52,1594,12,52
"1547","2020-05-18",138,18,199,457,4377,0.477724468814256,0,0,378,1946,22,2070,36,1630,11,36
"1548","2020-05-19",142,18,195,438,4377,0.477724468814256,0,0,378,1946,29,2099,13,1643,10,13
"1549","2020-05-20",146,18,206,434,4377,0.477724468814256,0,0,378,1946,27,2126,22,1665,11,22
"1550","2020-05-21",141,18,198,407,4377,0.477724468814256,0,0,378,1946,26,2152,42,1707,15,42
"1551","2020-05-22",134,18,177,392,4377,0.477724468814256,0,0,378,1946,18,2170,40,1747,6,40
"1552","2020-05-23",125,18,163,373,4377,0.477724468814256,0,0,378,1946,21,2191,20,1767,12,20
"1553","2020-05-24",121,18,167,361,4377,0.477724468814256,0,0,378,1946,22,2213,8,1775,10,8
"1554","2020-05-25",115,18,175,353,4377,0.477724468814256,0,0,378,1946,28,2241,17,1792,13,17
"1555","2020-05-26",110,18,205,340,4377,0.477724468814256,0,0,378,1946,18,2259,43,1835,8,43
"1556","2020-05-27",103,18,216,332,4377,0.477724468814256,0,0,378,1946,22,2281,34,1869,9,34
"1557","2020-05-28",104,18,202,322,4377,0.477724468814256,0,0,378,1946,25,2306,21,1890,15,21
"1558","2020-05-29",100,18,170,312,4377,0.477724468814256,0,0,378,1946,19,2325,21,1911,9,21
"1559","2020-05-30",103,18,153,306,4377,0.477724468814256,0,0,378,1946,23,2348,32,1943,14,32
"1560","2020-05-31",98,18,176,304,4377,0.477724468814256,0,0,378,1946,19,2367,44,1987,12,44
"1561","2020-06-01",92,18,217,301,4377,0.477724468814256,0,0,378,1946,16,2383,22,2009,6,22
"1562","2020-06-02",92,18,256,284,4377,0.477724468814256,0,0,378,1946,17,2400,14,2023,9,14
"1563","2020-06-03",93,18,292,274,4377,0.477724468814256,0,0,378,1946,17,2417,16,2039,12,16
"1564","2020-06-04",89,18,257,260,4377,0.477724468814256,0,0,378,1946,21,2438,9,2048,14,9
"1565","2020-06-05",89,18,233,262,4377,0.477724468814256,0,0,378,1946,18,2456,14,2062,13,14
"1566","2020-06-06",83,18,203,254,4377,0.477724468814256,0,0,378,1946,13,2469,35,2097,7,35
"1567","2020-06-07",74,18,187,235,4377,0.477724468814256,0,0,378,1946,17,2486,43,2140,12,43
"1568","2020-03-12",1,19,83,98,5271,0.180990324416619,0,0,462,883,56,99,50,101,1,50
"1569","2020-03-13",4,19,119,157,5271,0.180990324416619,0,0,462,883,62,161,25,126,8,25
"1570","2020-03-14",10,19,163,208,5271,0.180990324416619,0,0,462,883,65,226,8,134,10,8
"1571","2020-03-15",16,19,171,260,5271,0.180990324416619,0,0,462,883,74,300,15,149,21,15
"1572","2020-03-16",27,19,155,315,5271,0.180990324416619,0,0,462,883,70,370,73,222,14,73
"1573","2020-03-17",38,19,137,390,5271,0.180990324416619,0,0,462,883,66,436,65,287,24,65
"1574","2020-03-18",52,19,128,452,5271,0.180990324416619,0,0,462,883,70,506,38,325,14,38
"1575","2020-03-19",68,19,124,497,5271,0.180990324416619,0,0,462,883,72,578,51,376,16,51
"1576","2020-03-20",85,19,164,540,5271,0.180990324416619,0,0,462,883,61,639,17,393,21,17
"1577","2020-03-21",101,19,202,591,5271,0.180990324416619,0,0,462,883,62,701,20,413,15,20
"1578","2020-03-22",120,19,182,627,5271,0.180990324416619,0,0,462,883,88,789,32,445,29,32
"1579","2020-03-23",136,19,166,645,5271,0.180990324416619,0,0,462,883,100,889,40,485,42,40
"1580","2020-03-24",145,19,159,655,5271,0.180990324416619,0,0,462,883,88,977,30,515,39,30
"1581","2020-03-25",151,19,166,662,5271,0.180990324416619,0,0,462,883,91,1068,32,547,34,32
"1582","2020-03-26",160,19,173,664,5271,0.180990324416619,0,0,462,883,104,1172,58,605,42,58
"1583","2020-03-27",169,19,173,690,5271,0.180990324416619,0,0,462,883,78,1250,46,651,25,46
"1584","2020-03-28",179,19,186,697,5271,0.180990324416619,0,0,462,883,75,1325,54,705,22,54
"1585","2020-03-29",189,19,183,694,5271,0.180990324416619,0,0,462,883,86,1411,40,745,28,40
"1586","2020-03-30",193,19,197,696,5271,0.180990324416619,0,0,462,883,85,1496,25,770,32,25
"1587","2020-03-31",205,19,200,707,5271,0.180990324416619,0,0,462,883,78,1574,23,793,25,23
"1588","2020-04-01",203,19,230,700,5271,0.180990324416619,0,0,462,883,87,1661,68,861,29,68
"1589","2020-04-02",203,19,204,716,5271,0.180990324416619,0,0,462,883,92,1753,34,895,30,34
"1590","2020-04-03",207,19,178,729,5271,0.180990324416619,0,0,462,883,93,1846,65,960,31,65
"1591","2020-04-04",204,19,173,718,5271,0.180990324416619,0,0,462,883,91,1937,26,986,35,26
"1592","2020-04-05",202,19,164,718,5271,0.180990324416619,0,0,462,883,90,2027,27,1013,35,27
"1593","2020-04-06",193,19,160,728,5271,0.180990324416619,0,0,462,883,88,2115,15,1028,28,15
"1594","2020-04-07",186,19,174,722,5271,0.180990324416619,0,0,462,883,80,2195,17,1045,22,17
"1595","2020-04-08",195,19,162,730,5271,0.180990324416619,0,0,462,883,85,2280,19,1064,26,19
"1596","2020-04-09",194,19,165,758,5271,0.180990324416619,0,0,462,883,100,2380,73,1137,39,73
"1597","2020-04-10",193,19,211,776,5271,0.180990324416619,0,0,462,883,89,2469,43,1180,31,43
"1598","2020-04-11",197,19,252,795,5271,0.180990324416619,0,0,462,883,73,2542,42,1222,19,42
"1599","2020-04-12",197,19,239,806,5271,0.180990324416619,0,0,462,883,68,2610,37,1259,17,37
"1600","2020-04-13",206,19,254,812,5271,0.180990324416619,0,0,462,883,93,2703,16,1275,25,16
"1601","2020-04-14",210,19,260,814,5271,0.180990324416619,0,0,462,883,76,2779,21,1296,13,21
"1602","2020-04-15",215,19,232,801,5271,0.180990324416619,0,0,462,883,85,2864,41,1337,31,41
"1603","2020-04-16",229,19,231,798,5271,0.180990324416619,0,0,462,883,71,2935,17,1354,24,17
"1604","2020-04-17",227,19,237,789,5271,0.180990324416619,0,0,462,883,76,3011,22,1376,13,22
"1605","2020-04-18",227,19,227,799,5271,0.180990324416619,0,0,462,883,82,3093,17,1393,20,17
"1606","2020-04-19",223,19,234,810,5271,0.180990324416619,0,0,462,883,74,3167,18,1411,17,18
"1607","2020-04-20",220,19,226,810,5271,0.180990324416619,0,0,462,883,67,3234,17,1428,25,17
"1608","2020-04-21",217,19,199,813,5271,0.180990324416619,0,0,462,883,73,3307,47,1475,20,47
"1609","2020-04-22",210,19,207,829,5271,0.180990324416619,0,0,462,883,76,3383,25,1500,18,25
"1610","2020-04-23",201,19,223,839,5271,0.180990324416619,0,0,462,883,89,3472,55,1555,17,55
"1611","2020-04-24",200,19,270,846,5271,0.180990324416619,0,0,462,883,76,3548,41,1596,27,41
"1612","2020-04-25",204,19,294,832,5271,0.180990324416619,0,0,462,883,72,3620,32,1628,11,32
"1613","2020-04-26",203,19,292,827,5271,0.180990324416619,0,0,462,883,70,3690,53,1681,17,53
"1614","2020-04-27",207,19,280,802,5271,0.180990324416619,0,0,462,883,74,3764,31,1712,18,31
"1615","2020-04-28",210,19,268,792,5271,0.180990324416619,0,0,462,883,65,3829,22,1734,21,22
"1616","2020-04-29",220,19,250,767,5271,0.180990324416619,0,0,462,883,69,3898,43,1777,20,43
"1617","2020-04-30",221,19,237,776,5271,0.180990324416619,0,0,462,883,55,3953,65,1842,16,65
"1618","2020-05-01",221,19,218,766,5271,0.180990324416619,0,0,462,883,48,4001,34,1876,10,34
"1619","2020-05-02",211,19,191,744,5271,0.180990324416619,0,0,462,883,62,4063,34,1910,13,34
"1620","2020-05-03",217,19,203,738,5271,0.180990324416619,0,0,462,883,61,4124,16,1926,7,16
"1621","2020-05-04",214,19,204,694,5271,0.180990324416619,0,0,462,883,57,4181,33,1959,10,33
"1622","2020-05-05",217,19,199,686,5271,0.180990324416619,0,0,462,883,48,4229,21,1980,10,21
"1623","2020-05-06",208,19,191,674,5271,0.180990324416619,0,0,462,883,55,4284,14,1994,7,14
"1624","2020-05-07",196,19,189,668,5271,0.180990324416619,0,0,462,883,50,4334,15,2009,11,15
"1625","2020-05-08",187,19,202,684,5271,0.180990324416619,0,0,462,883,51,4385,12,2021,15,12
"1626","2020-05-09",180,19,189,665,5271,0.180990324416619,0,0,462,883,48,4433,8,2029,15,8
"1627","2020-05-10",164,19,177,651,5271,0.180990324416619,0,0,462,883,60,4493,10,2039,16,10
"1628","2020-05-11",166,19,170,628,5271,0.180990324416619,0,0,462,883,48,4541,49,2088,18,49
"1629","2020-05-12",151,19,147,614,5271,0.180990324416619,0,0,462,883,36,4577,44,2132,6,44
"1630","2020-05-13",156,19,142,602,5271,0.180990324416619,0,0,462,883,36,4613,23,2155,2,23
"1631","2020-05-14",156,19,145,586,5271,0.180990324416619,0,0,462,883,27,4640,15,2170,4,15
"1632","2020-05-15",160,19,141,590,5271,0.180990324416619,0,0,462,883,34,4674,10,2180,4,10
"1633","2020-05-16",163,19,144,565,5271,0.180990324416619,0,0,462,883,46,4720,11,2191,7,11
"1634","2020-05-17",167,19,137,559,5271,0.180990324416619,0,0,462,883,32,4752,18,2209,5,18
"1635","2020-05-18",156,19,200,550,5271,0.180990324416619,0,0,462,883,38,4790,46,2255,9,46
"1636","2020-05-19",166,19,219,535,5271,0.180990324416619,0,0,462,883,35,4825,20,2275,8,20
"1637","2020-05-20",169,19,239,506,5271,0.180990324416619,0,0,462,883,43,4868,13,2288,12,13
"1638","2020-05-21",169,19,253,503,5271,0.180990324416619,0,0,462,883,32,4900,18,2306,3,18
"1639","2020-05-22",166,19,240,489,5271,0.180990324416619,0,0,462,883,25,4925,33,2339,8,33
"1640","2020-05-23",161,19,209,467,5271,0.180990324416619,0,0,462,883,34,4959,27,2366,12,27
"1641","2020-05-24",158,19,187,464,5271,0.180990324416619,0,0,462,883,30,4989,16,2382,6,16
"1642","2020-05-25",151,19,169,438,5271,0.180990324416619,0,0,462,883,24,5013,15,2397,5,15
"1643","2020-05-26",144,19,204,414,5271,0.180990324416619,0,0,462,883,34,5047,61,2458,8,61
"1644","2020-05-27",126,19,233,411,5271,0.180990324416619,0,0,462,883,19,5066,26,2484,9,26
"1645","2020-05-28",118,19,272,385,5271,0.180990324416619,0,0,462,883,25,5091,27,2511,4,27
"1646","2020-05-29",117,19,246,369,5271,0.180990324416619,0,0,462,883,30,5121,24,2535,8,24
"1647","2020-05-30",108,19,236,351,5271,0.180990324416619,0,0,462,883,20,5141,16,2551,3,16
"1648","2020-05-31",102,19,246,325,5271,0.180990324416619,0,0,462,883,23,5164,69,2620,1,69
"1649","2020-06-01",101,19,242,304,5271,0.180990324416619,0,0,462,883,21,5185,50,2670,8,50
"1650","2020-06-02",91,19,239,281,5271,0.180990324416619,0,0,462,883,19,5204,22,2692,3,22
"1651","2020-06-03",85,19,247,265,5271,0.180990324416619,0,0,462,883,30,5234,59,2751,5,59
"1652","2020-06-04",78,19,243,247,5271,0.180990324416619,0,0,462,883,17,5251,32,2783,2,32
"1653","2020-06-05",69,19,227,241,5271,0.180990324416619,0,0,462,883,14,5265,26,2809,4,26
"1654","2020-06-06",74,19,211,247,5271,0.180990324416619,0,0,462,883,27,5292,27,2836,7,27
"1655","2020-06-07",70,19,193,231,5271,0.180990324416619,0,0,462,883,24,5316,45,2881,6,45
"1656","2020-03-12",1,20,135,28,5152,0.811917701863354,0,0,428,1320,32,50,24,53,4,24
"1657","2020-03-13",1,20,186,43,5152,0.811917701863354,0,0,428,1320,22,72,33,86,3,33
"1658","2020-03-14",2,20,172,66,5152,0.811917701863354,0,0,428,1320,25,97,29,115,8,29
"1659","2020-03-15",3,20,164,88,5152,0.811917701863354,0,0,428,1320,46,143,20,135,15,20
"1660","2020-03-16",4,20,152,112,5152,0.811917701863354,0,0,428,1320,30,173,16,151,15,16
"1661","2020-03-17",10,20,150,138,5152,0.811917701863354,0,0,428,1320,39,212,25,176,16,25
"1662","2020-03-18",14,20,210,173,5152,0.811917701863354,0,0,428,1320,42,254,46,222,20,46
"1663","2020-03-19",19,20,200,208,5152,0.811917701863354,0,0,428,1320,46,300,23,245,23,23
"1664","2020-03-20",28,20,199,243,5152,0.811917701863354,0,0,428,1320,47,347,34,279,29,34
"1665","2020-03-21",36,20,178,291,5152,0.811917701863354,0,0,428,1320,47,394,50,329,28,50
"1666","2020-03-22",41,20,162,340,5152,0.811917701863354,0,0,428,1320,32,426,29,358,10,29
"1667","2020-03-23",51,20,143,385,5152,0.811917701863354,0,0,428,1320,34,460,31,389,14,31
"1668","2020-03-24",61,20,146,417,5152,0.811917701863354,0,0,428,1320,29,489,23,412,11,23
"1669","2020-03-25",66,20,187,473,5152,0.811917701863354,0,0,428,1320,29,518,44,456,11,44
"1670","2020-03-26",73,20,168,520,5152,0.811917701863354,0,0,428,1320,37,555,29,485,13,29
"1671","2020-03-27",84,20,241,562,5152,0.811917701863354,0,0,428,1320,44,599,28,513,20,28
"1672","2020-03-28",96,20,228,621,5152,0.811917701863354,0,0,428,1320,34,633,33,546,12,33
"1673","2020-03-29",124,20,222,663,5152,0.811917701863354,0,0,428,1320,36,669,30,576,9,30
"1674","2020-03-30",146,20,224,705,5152,0.811917701863354,0,0,428,1320,46,715,31,607,24,31
"1675","2020-03-31",154,20,236,738,5152,0.811917701863354,0,0,428,1320,59,774,32,639,28,32
"1676","2020-04-01",186,20,265,803,5152,0.811917701863354,0,0,428,1320,47,821,34,673,16,34
"1677","2020-04-02",214,20,242,846,5152,0.811917701863354,0,0,428,1320,45,866,22,695,18,22
"1678","2020-04-03",227,20,221,873,5152,0.811917701863354,0,0,428,1320,46,912,45,740,27,45
"1679","2020-04-04",247,20,213,891,5152,0.811917701863354,0,0,428,1320,49,961,33,773,24,33
"1680","2020-04-05",245,20,200,930,5152,0.811917701863354,0,0,428,1320,45,1006,33,806,20,33
"1681","2020-04-06",247,20,186,945,5152,0.811917701863354,0,0,428,1320,38,1044,20,826,18,20
"1682","2020-04-07",266,20,170,945,5152,0.811917701863354,0,0,428,1320,58,1102,31,857,26,31
"1683","2020-04-08",271,20,174,998,5152,0.811917701863354,0,0,428,1320,51,1153,38,895,28,38
"1684","2020-04-09",263,20,217,1027,5152,0.811917701863354,0,0,428,1320,45,1198,37,932,19,37
"1685","2020-04-10",265,20,219,1041,5152,0.811917701863354,0,0,428,1320,55,1253,28,960,24,28
"1686","2020-04-11",270,20,211,1067,5152,0.811917701863354,0,0,428,1320,39,1292,37,997,17,37
"1687","2020-04-12",274,20,205,1071,5152,0.811917701863354,0,0,428,1320,45,1337,35,1032,16,35
"1688","2020-04-13",278,20,185,1079,5152,0.811917701863354,0,0,428,1320,41,1378,45,1077,13,45
"1689","2020-04-14",287,20,170,1127,5152,0.811917701863354,0,0,428,1320,40,1418,47,1124,9,47
"1690","2020-04-15",304,20,142,1158,5152,0.811917701863354,0,0,428,1320,51,1469,32,1156,25,32
"1691","2020-04-16",313,20,133,1175,5152,0.811917701863354,0,0,428,1320,43,1512,24,1180,10,24
"1692","2020-04-17",340,20,143,1193,5152,0.811917701863354,0,0,428,1320,56,1568,27,1207,21,27
"1693","2020-04-18",347,20,219,1199,5152,0.811917701863354,0,0,428,1320,33,1601,41,1248,11,41
"1694","2020-04-19",360,20,214,1189,5152,0.811917701863354,0,0,428,1320,50,1651,35,1283,15,35
"1695","2020-04-20",369,20,220,1185,5152,0.811917701863354,0,0,428,1320,47,1698,20,1303,17,20
"1696","2020-04-21",365,20,244,1183,5152,0.811917701863354,0,0,428,1320,41,1739,28,1331,17,28
"1697","2020-04-22",349,20,235,1151,5152,0.811917701863354,0,0,428,1320,50,1789,23,1354,16,23
"1698","2020-04-23",352,20,221,1108,5152,0.811917701863354,0,0,428,1320,51,1840,51,1405,20,51
"1699","2020-04-24",343,20,215,1068,5152,0.811917701863354,0,0,428,1320,46,1886,35,1440,23,35
"1700","2020-04-25",325,20,211,1016,5152,0.811917701863354,0,0,428,1320,42,1928,30,1470,14,30
"1701","2020-04-26",313,20,229,993,5152,0.811917701863354,0,0,428,1320,43,1971,61,1531,17,61
"1702","2020-04-27",307,20,234,955,5152,0.811917701863354,0,0,428,1320,47,2018,44,1575,12,44
"1703","2020-04-28",291,20,241,918,5152,0.811917701863354,0,0,428,1320,50,2068,51,1626,17,51
"1704","2020-04-29",274,20,226,884,5152,0.811917701863354,0,0,428,1320,40,2108,49,1675,17,49
"1705","2020-04-30",274,20,237,856,5152,0.811917701863354,0,0,428,1320,42,2150,56,1731,17,56
"1706","2020-05-01",258,20,212,838,5152,0.811917701863354,0,0,428,1320,43,2193,35,1766,17,35
"1707","2020-05-02",251,20,206,795,5152,0.811917701863354,0,0,428,1320,41,2234,42,1808,13,42
"1708","2020-05-03",249,20,211,758,5152,0.811917701863354,0,0,428,1320,37,2271,27,1835,18,27
"1709","2020-05-04",241,20,230,708,5152,0.811917701863354,0,0,428,1320,46,2317,27,1862,12,27
"1710","2020-05-05",235,20,239,705,5152,0.811917701863354,0,0,428,1320,35,2352,28,1890,16,28
"1711","2020-05-06",234,20,251,679,5152,0.811917701863354,0,0,428,1320,43,2395,34,1924,17,34
"1712","2020-05-07",213,20,310,682,5152,0.811917701863354,0,0,428,1320,30,2425,31,1955,8,31
"1713","2020-05-08",202,20,298,646,5152,0.811917701863354,0,0,428,1320,24,2449,33,1988,11,33
"1714","2020-05-09",206,20,257,605,5152,0.811917701863354,0,0,428,1320,46,2495,31,2019,18,31
"1715","2020-05-10",195,20,208,585,5152,0.811917701863354,0,0,428,1320,36,2531,34,2053,13,34
"1716","2020-05-11",179,20,212,549,5152,0.811917701863354,0,0,428,1320,31,2562,28,2081,10,28
"1717","2020-05-12",181,20,240,523,5152,0.811917701863354,0,0,428,1320,32,2594,39,2120,11,39
"1718","2020-05-13",176,20,224,497,5152,0.811917701863354,0,0,428,1320,31,2625,46,2166,12,46
"1719","2020-05-14",172,20,210,484,5152,0.811917701863354,0,0,428,1320,21,2646,38,2204,8,38
"1720","2020-05-15",169,20,203,470,5152,0.811917701863354,0,0,428,1320,28,2674,42,2246,7,42
"1721","2020-05-16",150,20,194,455,5152,0.811917701863354,0,0,428,1320,27,2701,51,2297,4,51
"1722","2020-05-17",147,20,231,438,5152,0.811917701863354,0,0,428,1320,22,2723,51,2348,7,51
"1723","2020-05-18",152,20,222,406,5152,0.811917701863354,0,0,428,1320,20,2743,39,2387,6,39
"1724","2020-05-19",142,20,216,375,5152,0.811917701863354,0,0,428,1320,33,2776,41,2428,14,41
"1725","2020-05-20",138,20,282,353,5152,0.811917701863354,0,0,428,1320,30,2806,32,2460,10,32
"1726","2020-05-21",132,20,321,332,5152,0.811917701863354,0,0,428,1320,32,2838,38,2498,14,38
"1727","2020-05-22",119,20,291,314,5152,0.811917701863354,0,0,428,1320,19,2857,52,2550,5,52
"1728","2020-05-23",119,20,278,305,5152,0.811917701863354,0,0,428,1320,37,2894,47,2597,12,47
"1729","2020-05-24",115,20,255,295,5152,0.811917701863354,0,0,428,1320,21,2915,36,2633,11,36
"1730","2020-05-25",103,20,269,286,5152,0.811917701863354,0,0,428,1320,18,2933,54,2687,4,54
"1731","2020-05-26",95,20,268,285,5152,0.811917701863354,0,0,428,1320,16,2949,59,2746,2,59
"1732","2020-05-27",86,20,279,259,5152,0.811917701863354,0,0,428,1320,28,2977,51,2797,6,51
"1733","2020-05-28",81,20,271,255,5152,0.811917701863354,0,0,428,1320,27,3004,57,2854,15,57
"1734","2020-05-29",80,20,236,249,5152,0.811917701863354,0,0,428,1320,19,3023,47,2901,5,47
"1735","2020-05-30",79,20,223,246,5152,0.811917701863354,0,0,428,1320,16,3039,32,2933,5,32
"1736","2020-05-31",68,20,236,233,5152,0.811917701863354,0,0,428,1320,20,3059,46,2979,10,46
"1737","2020-06-01",68,20,231,222,5152,0.811917701863354,0,0,428,1320,17,3076,34,3013,9,34
"1738","2020-06-02",64,20,187,211,5152,0.811917701863354,0,0,428,1320,15,3091,28,3041,9,28
"1739","2020-06-03",58,20,177,204,5152,0.811917701863354,0,0,428,1320,16,3107,27,3068,6,27
"1740","2020-06-04",58,20,177,199,5152,0.811917701863354,0,0,428,1320,12,3119,44,3112,5,44
"1741","2020-06-05",54,20,176,190,5152,0.811917701863354,0,0,428,1320,16,3135,35,3147,6,35
"1742","2020-06-06",49,20,173,191,5152,0.811917701863354,0,0,428,1320,13,3148,33,3180,2,33
"1743","2020-06-07",49,20,238,171,5152,0.811917701863354,0,0,428,1320,10,3158,36,3216,4,36
