"","Date","Absents","Paramset","Infections_or_Exposed_per_day_Patient","Infections_or_Exposed_per_day_HCW","total_infections","nosocomial_proportion","PCR_pooled","LFD_pooled","HCW_symp_test","patient_symp_test","new_hcw_infs","cumulative_hcw_infs","new_pat_infs","cumulative_pats_infs","new_nosocomial_hcw_infs","new_nosocomial_pat_infs"
"1","2020-03-13",3,1,14,66,3837,0.46885587698723,8220,28347,224,430,28,66,3,13,2,3
"2","2020-03-14",6,1,24,92,3837,0.46885587698723,8220,28347,224,430,26,92,6,19,7,6
"3","2020-03-15",14,1,36,123,3837,0.46885587698723,8220,28347,224,430,31,123,12,31,3,12
"4","2020-03-16",22,1,37,144,3837,0.46885587698723,8220,28347,224,430,21,144,6,37,6,6
"5","2020-03-17",23,1,43,178,3837,0.46885587698723,8220,28347,224,430,34,178,13,50,17,13
"6","2020-03-18",27,1,46,205,3837,0.46885587698723,8220,28347,224,430,31,209,10,60,10,10
"7","2020-03-19",38,1,48,233,3837,0.46885587698723,8220,28347,224,430,33,242,9,69,15,9
"8","2020-03-20",48,1,62,263,3837,0.46885587698723,8220,28347,224,430,38,280,18,87,16,18
"9","2020-03-21",65,1,62,285,3837,0.46885587698723,8220,28347,224,430,33,313,13,100,17,13
"10","2020-03-22",70,1,60,316,3837,0.46885587698723,8220,28347,224,430,46,359,5,105,23,5
"11","2020-03-23",67,1,64,352,3837,0.46885587698723,8220,28347,224,430,46,405,10,115,25,10
"12","2020-03-24",75,1,79,360,3837,0.46885587698723,8220,28347,224,430,34,439,23,138,17,23
"13","2020-03-25",93,1,81,397,3837,0.46885587698723,8220,28347,224,430,57,496,12,150,30,12
"14","2020-03-26",98,1,70,427,3837,0.46885587698723,8220,28347,224,430,60,556,11,161,36,11
"15","2020-03-27",122,1,94,435,3837,0.46885587698723,8220,28347,224,430,39,595,30,191,27,30
"16","2020-03-28",132,1,84,454,3837,0.46885587698723,8220,28347,224,430,54,649,13,204,33,13
"17","2020-03-29",148,1,88,462,3837,0.46885587698723,8220,28347,224,430,41,690,25,229,22,25
"18","2020-03-30",157,1,88,482,3837,0.46885587698723,8220,28347,224,430,52,742,14,243,35,14
"19","2020-03-31",152,1,95,504,3837,0.46885587698723,8220,28347,224,430,52,794,22,265,30,22
"20","2020-04-01",153,1,98,510,3837,0.46885587698723,8220,28347,224,430,48,842,18,283,26,18
"21","2020-04-02",150,1,105,521,3837,0.46885587698723,8220,28347,224,430,46,888,19,302,31,19
"22","2020-04-03",175,1,100,541,3837,0.46885587698723,8220,28347,224,430,59,947,16,318,30,16
"23","2020-04-04",171,1,93,551,3837,0.46885587698723,8220,28347,224,430,61,1008,14,332,33,14
"24","2020-04-05",171,1,98,561,3837,0.46885587698723,8220,28347,224,430,59,1067,22,354,31,22
"25","2020-04-06",171,1,102,570,3837,0.46885587698723,8220,28347,224,430,53,1120,18,372,31,18
"26","2020-04-07",163,1,91,566,3837,0.46885587698723,8220,28347,224,430,50,1170,10,382,27,10
"27","2020-04-08",160,1,78,576,3837,0.46885587698723,8220,28347,224,430,56,1226,6,388,29,6
"28","2020-04-09",178,1,80,563,3837,0.46885587698723,8220,28347,224,430,52,1278,15,403,25,15
"29","2020-04-10",199,1,81,576,3837,0.46885587698723,8220,28347,224,430,64,1342,10,413,37,10
"30","2020-04-11",196,1,72,574,3837,0.46885587698723,8220,28347,224,430,41,1383,9,422,23,9
"31","2020-04-12",190,1,71,570,3837,0.46885587698723,8220,28347,224,430,48,1431,12,434,17,12
"32","2020-04-13",195,1,63,574,3837,0.46885587698723,8220,28347,224,430,53,1484,6,440,24,6
"33","2020-04-14",190,1,68,575,3837,0.46885587698723,8220,28347,224,430,42,1526,14,454,19,14
"34","2020-04-15",192,1,87,580,3837,0.46885587698723,8220,28347,224,430,65,1591,27,481,31,27
"35","2020-04-16",176,1,103,585,3837,0.46885587698723,8220,28347,224,430,60,1651,22,503,28,22
"36","2020-04-17",172,1,96,591,3837,0.46885587698723,8220,28347,224,430,59,1710,13,516,39,13
"37","2020-04-18",189,1,93,604,3837,0.46885587698723,8220,28347,224,430,68,1778,17,533,32,17
"38","2020-04-19",180,1,84,595,3837,0.46885587698723,8220,28347,224,430,49,1827,10,543,23,10
"39","2020-04-20",180,1,82,617,3837,0.46885587698723,8220,28347,224,430,72,1899,8,551,34,8
"40","2020-04-21",188,1,74,614,3837,0.46885587698723,8220,28347,224,430,45,1944,8,559,15,8
"41","2020-04-22",192,1,65,617,3837,0.46885587698723,8220,28347,224,430,53,1997,7,566,26,7
"42","2020-04-23",197,1,68,600,3837,0.46885587698723,8220,28347,224,430,46,2043,13,579,19,13
"43","2020-04-24",212,1,76,608,3837,0.46885587698723,8220,28347,224,430,53,2096,18,597,31,18
"44","2020-04-25",214,1,80,624,3837,0.46885587698723,8220,28347,224,430,63,2159,15,612,27,15
"45","2020-04-26",209,1,90,629,3837,0.46885587698723,8220,28347,224,430,61,2220,24,636,30,24
"46","2020-04-27",200,1,110,622,3837,0.46885587698723,8220,28347,224,430,51,2271,23,659,20,23
"47","2020-04-28",191,1,120,609,3837,0.46885587698723,8220,28347,224,430,44,2315,26,685,20,26
"48","2020-04-29",194,1,127,619,3837,0.46885587698723,8220,28347,224,430,51,2366,27,712,31,27
"49","2020-04-30",197,1,150,577,3837,0.46885587698723,8220,28347,224,430,40,2406,41,753,17,41
"50","2020-05-01",195,1,152,578,3837,0.46885587698723,8220,28347,224,430,57,2463,22,775,22,22
"51","2020-05-02",180,1,129,572,3837,0.46885587698723,8220,28347,224,430,50,2513,15,790,27,15
"52","2020-05-03",180,1,130,568,3837,0.46885587698723,8220,28347,224,430,54,2567,24,814,27,24
"53","2020-05-04",180,1,117,552,3837,0.46885587698723,8220,28347,224,430,36,2603,14,828,18,14
"54","2020-05-05",177,1,113,557,3837,0.46885587698723,8220,28347,224,430,58,2661,19,847,31,19
"55","2020-05-06",173,1,114,565,3837,0.46885587698723,8220,28347,224,430,59,2720,20,867,27,20
"56","2020-05-07",179,1,98,557,3837,0.46885587698723,8220,28347,224,430,45,2765,11,878,19,11
"57","2020-05-08",193,1,88,558,3837,0.46885587698723,8220,28347,224,430,51,2816,11,889,26,11
"58","2020-05-09",210,1,85,543,3837,0.46885587698723,8220,28347,224,430,35,2851,12,901,13,12
"59","2020-05-10",208,1,91,520,3837,0.46885587698723,8220,28347,224,430,33,2884,21,922,16,21
"60","2020-05-11",198,1,107,513,3837,0.46885587698723,8220,28347,224,430,51,2935,25,947,24,25
"61","2020-05-12",183,1,108,511,3837,0.46885587698723,8220,28347,224,430,37,2972,26,973,22,26
"62","2020-05-13",174,1,119,510,3837,0.46885587698723,8220,28347,224,430,38,3010,21,994,18,21
"63","2020-05-14",161,1,104,482,3837,0.46885587698723,8220,28347,224,430,38,3048,12,1006,22,12
"64","2020-05-15",166,1,98,479,3837,0.46885587698723,8220,28347,224,430,37,3085,15,1021,17,15
"65","2020-05-16",163,1,88,473,3837,0.46885587698723,8220,28347,224,430,44,3129,12,1033,22,12
"66","2020-05-17",152,1,87,463,3837,0.46885587698723,8220,28347,224,430,38,3167,11,1044,17,11
"67","2020-05-18",153,1,82,445,3837,0.46885587698723,8220,28347,224,430,37,3204,15,1059,16,15
"68","2020-05-19",150,1,78,431,3837,0.46885587698723,8220,28347,224,430,32,3236,9,1068,16,9
"69","2020-05-20",152,1,73,409,3837,0.46885587698723,8220,28347,224,430,25,3261,8,1076,14,8
"70","2020-05-21",152,1,64,403,3837,0.46885587698723,8220,28347,224,430,28,3289,4,1080,12,4
"71","2020-05-22",140,1,57,395,3837,0.46885587698723,8220,28347,224,430,33,3322,4,1084,12,4
"72","2020-05-23",141,1,53,391,3837,0.46885587698723,8220,28347,224,430,31,3353,8,1092,20,8
"73","2020-05-24",142,1,44,399,3837,0.46885587698723,8220,28347,224,430,33,3386,1,1093,17,1
"74","2020-05-25",137,1,50,381,3837,0.46885587698723,8220,28347,224,430,29,3415,10,1103,12,10
"75","2020-05-26",135,1,56,367,3837,0.46885587698723,8220,28347,224,430,22,3437,15,1118,10,15
"76","2020-05-27",133,1,73,355,3837,0.46885587698723,8220,28347,224,430,25,3462,25,1143,15,25
"77","2020-05-28",125,1,81,340,3837,0.46885587698723,8220,28347,224,430,24,3486,12,1155,12,12
"78","2020-05-29",125,1,82,321,3837,0.46885587698723,8220,28347,224,430,18,3504,19,1174,8,19
"79","2020-05-30",125,1,95,302,3837,0.46885587698723,8220,28347,224,430,14,3518,23,1197,5,23
"80","2020-05-31",117,1,102,280,3837,0.46885587698723,8220,28347,224,430,23,3541,23,1220,10,23
"81","2020-06-01",110,1,103,263,3837,0.46885587698723,8220,28347,224,430,14,3555,19,1239,4,19
"82","2020-06-02",102,1,97,258,3837,0.46885587698723,8220,28347,224,430,24,3579,11,1250,14,11
"83","2020-06-03",95,1,95,250,3837,0.46885587698723,8220,28347,224,430,23,3602,12,1262,15,12
"84","2020-06-04",94,1,92,241,3837,0.46885587698723,8220,28347,224,430,15,3617,9,1271,7,9
"85","2020-06-05",96,1,86,218,3837,0.46885587698723,8220,28347,224,430,12,3629,10,1281,8,10
"86","2020-06-06",91,1,80,212,3837,0.46885587698723,8220,28347,224,430,17,3646,8,1289,8,8
"87","2020-06-07",70,1,82,204,3837,0.46885587698723,8220,28347,224,430,14,3660,12,1301,9,12
"88","2020-03-08",1,2,0,0,4685,0.775880469583778,8415,31019,277,280,NA,NA,NA,NA,NA,NA
"89","2020-03-09",1,2,0,0,4685,0.775880469583778,8415,31019,277,280,NA,NA,NA,NA,NA,NA
"90","2020-03-10",0,2,0,0,4685,0.775880469583778,8415,31019,277,280,NA,NA,NA,NA,NA,NA
"91","2020-03-11",0,2,0,0,4685,0.775880469583778,8415,31019,277,280,19,19,3,3,NA,3
"92","2020-03-12",0,2,0,0,4685,0.775880469583778,8415,31019,277,280,25,44,5,8,NA,5
"93","2020-03-13",4,2,23,40,4685,0.775880469583778,8415,31019,277,280,18,62,5,13,2,5
"94","2020-03-14",4,2,27,62,4685,0.775880469583778,8415,31019,277,280,31,93,5,18,10,5
"95","2020-03-15",5,2,27,86,4685,0.775880469583778,8415,31019,277,280,27,120,7,25,11,7
"96","2020-03-16",8,2,24,104,4685,0.775880469583778,8415,31019,277,280,19,139,2,27,6,2
"97","2020-03-17",12,2,21,137,4685,0.775880469583778,8415,31019,277,280,23,162,9,36,10,9
"98","2020-03-18",21,2,26,166,4685,0.775880469583778,8415,31019,277,280,23,185,6,42,12,6
"99","2020-03-19",26,2,25,197,4685,0.775880469583778,8415,31019,277,280,35,220,9,51,14,9
"100","2020-03-20",36,2,25,221,4685,0.775880469583778,8415,31019,277,280,28,248,16,67,14,16
"101","2020-03-21",53,2,36,250,4685,0.775880469583778,8415,31019,277,280,38,286,22,89,18,22
"102","2020-03-22",65,2,30,272,4685,0.775880469583778,8415,31019,277,280,34,320,23,112,21,23
"103","2020-03-23",70,2,42,310,4685,0.775880469583778,8415,31019,277,280,27,347,22,134,17,22
"104","2020-03-24",76,2,48,331,4685,0.775880469583778,8415,31019,277,280,48,395,19,153,23,19
"105","2020-03-25",77,2,59,364,4685,0.775880469583778,8415,31019,277,280,35,430,21,174,19,21
"106","2020-03-26",80,2,56,391,4685,0.775880469583778,8415,31019,277,280,44,474,15,189,27,15
"107","2020-03-27",109,2,61,435,4685,0.775880469583778,8415,31019,277,280,38,512,5,194,23,5
"108","2020-03-28",118,2,69,465,4685,0.775880469583778,8415,31019,277,280,44,556,16,210,25,16
"109","2020-03-29",130,2,59,488,4685,0.775880469583778,8415,31019,277,280,46,602,7,217,23,7
"110","2020-03-30",129,2,56,512,4685,0.775880469583778,8415,31019,277,280,45,647,11,228,26,11
"111","2020-03-31",124,2,59,547,4685,0.775880469583778,8415,31019,277,280,57,704,20,248,35,20
"112","2020-04-01",133,2,53,578,4685,0.775880469583778,8415,31019,277,280,65,769,21,269,45,21
"113","2020-04-02",147,2,64,593,4685,0.775880469583778,8415,31019,277,280,40,809,14,283,27,14
"114","2020-04-03",204,2,73,626,4685,0.775880469583778,8415,31019,277,280,62,871,19,302,37,19
"115","2020-04-04",227,2,79,641,4685,0.775880469583778,8415,31019,277,280,51,922,25,327,25,25
"116","2020-04-05",219,2,78,668,4685,0.775880469583778,8415,31019,277,280,49,971,29,356,31,29
"117","2020-04-06",211,2,69,692,4685,0.775880469583778,8415,31019,277,280,57,1028,15,371,36,15
"118","2020-04-07",212,2,73,723,4685,0.775880469583778,8415,31019,277,280,63,1091,21,392,47,21
"119","2020-04-08",217,2,77,745,4685,0.775880469583778,8415,31019,277,280,48,1139,26,418,29,26
"120","2020-04-09",225,2,74,770,4685,0.775880469583778,8415,31019,277,280,60,1199,17,435,42,17
"121","2020-04-10",261,2,80,781,4685,0.775880469583778,8415,31019,277,280,66,1265,16,451,44,16
"122","2020-04-11",289,2,79,804,4685,0.775880469583778,8415,31019,277,280,67,1332,22,473,44,22
"123","2020-04-12",257,2,84,823,4685,0.775880469583778,8415,31019,277,280,64,1396,26,499,43,26
"124","2020-04-13",258,2,80,840,4685,0.775880469583778,8415,31019,277,280,67,1463,17,516,38,17
"125","2020-04-14",268,2,78,843,4685,0.775880469583778,8415,31019,277,280,47,1510,19,535,27,19
"126","2020-04-15",283,2,77,893,4685,0.775880469583778,8415,31019,277,280,72,1582,18,553,46,18
"127","2020-04-16",282,2,71,932,4685,0.775880469583778,8415,31019,277,280,49,1631,26,579,32,26
"128","2020-04-17",307,2,65,939,4685,0.775880469583778,8415,31019,277,280,65,1696,27,606,41,27
"129","2020-04-18",299,2,62,947,4685,0.775880469583778,8415,31019,277,280,63,1759,17,623,46,17
"130","2020-04-19",301,2,80,944,4685,0.775880469583778,8415,31019,277,280,55,1814,11,634,30,11
"131","2020-04-20",315,2,91,953,4685,0.775880469583778,8415,31019,277,280,50,1864,27,661,28,27
"132","2020-04-21",306,2,96,931,4685,0.775880469583778,8415,31019,277,280,52,1916,18,679,30,18
"133","2020-04-22",313,2,101,929,4685,0.775880469583778,8415,31019,277,280,68,1984,11,690,42,11
"134","2020-04-23",317,2,87,939,4685,0.775880469583778,8415,31019,277,280,60,2044,16,706,42,16
"135","2020-04-24",309,2,98,928,4685,0.775880469583778,8415,31019,277,280,60,2104,24,730,32,24
"136","2020-04-25",322,2,106,893,4685,0.775880469583778,8415,31019,277,280,46,2150,27,757,34,27
"137","2020-04-26",293,2,116,891,4685,0.775880469583778,8415,31019,277,280,54,2204,24,781,39,24
"138","2020-04-27",278,2,103,893,4685,0.775880469583778,8415,31019,277,280,55,2259,19,800,36,19
"139","2020-04-28",282,2,97,879,4685,0.775880469583778,8415,31019,277,280,51,2310,21,821,36,21
"140","2020-04-29",270,2,90,894,4685,0.775880469583778,8415,31019,277,280,42,2352,20,841,24,20
"141","2020-04-30",263,2,113,859,4685,0.775880469583778,8415,31019,277,280,50,2402,17,858,23,17
"142","2020-05-01",274,2,114,849,4685,0.775880469583778,8415,31019,277,280,40,2442,17,875,23,17
"143","2020-05-02",260,2,111,828,4685,0.775880469583778,8415,31019,277,280,52,2494,21,896,31,21
"144","2020-05-03",267,2,125,810,4685,0.775880469583778,8415,31019,277,280,49,2543,8,904,30,8
"145","2020-05-04",273,2,140,808,4685,0.775880469583778,8415,31019,277,280,42,2585,17,921,27,17
"146","2020-05-05",268,2,135,793,4685,0.775880469583778,8415,31019,277,280,48,2633,20,941,28,20
"147","2020-05-06",258,2,122,783,4685,0.775880469583778,8415,31019,277,280,40,2673,28,969,24,28
"148","2020-05-07",263,2,124,770,4685,0.775880469583778,8415,31019,277,280,42,2715,28,997,21,28
"149","2020-05-08",265,2,117,766,4685,0.775880469583778,8415,31019,277,280,40,2755,30,1027,21,30
"150","2020-05-09",271,2,116,732,4685,0.775880469583778,8415,31019,277,280,42,2797,23,1050,23,23
"151","2020-05-10",248,2,125,694,4685,0.775880469583778,8415,31019,277,280,30,2827,31,1081,19,31
"152","2020-05-11",230,2,112,676,4685,0.775880469583778,8415,31019,277,280,33,2860,27,1108,19,27
"153","2020-05-12",235,2,98,646,4685,0.775880469583778,8415,31019,277,280,45,2905,36,1144,24,36
"154","2020-05-13",238,2,87,619,4685,0.775880469583778,8415,31019,277,280,35,2940,27,1171,18,27
"155","2020-05-14",225,2,73,610,4685,0.775880469583778,8415,31019,277,280,43,2983,24,1195,22,24
"156","2020-05-15",231,2,99,573,4685,0.775880469583778,8415,31019,277,280,30,3013,31,1226,18,31
"157","2020-05-16",220,2,96,552,4685,0.775880469583778,8415,31019,277,280,40,3053,29,1255,25,29
"158","2020-05-17",193,2,82,545,4685,0.775880469583778,8415,31019,277,280,38,3091,22,1277,20,22
"159","2020-05-18",177,2,82,527,4685,0.775880469583778,8415,31019,277,280,38,3129,22,1299,15,22
"160","2020-05-19",172,2,92,505,4685,0.775880469583778,8415,31019,277,280,30,3159,40,1339,18,40
"161","2020-05-20",158,2,87,465,4685,0.775880469583778,8415,31019,277,280,29,3188,25,1364,14,25
"162","2020-05-21",151,2,86,459,4685,0.775880469583778,8415,31019,277,280,24,3212,28,1392,20,28
"163","2020-05-22",152,2,84,422,4685,0.775880469583778,8415,31019,277,280,27,3239,31,1423,19,31
"164","2020-05-23",166,2,77,412,4685,0.775880469583778,8415,31019,277,280,30,3269,21,1444,19,21
"165","2020-05-24",152,2,72,390,4685,0.775880469583778,8415,31019,277,280,21,3290,26,1470,12,26
"166","2020-05-25",160,2,57,362,4685,0.775880469583778,8415,31019,277,280,24,3314,20,1490,19,20
"167","2020-05-26",144,2,55,335,4685,0.775880469583778,8415,31019,277,280,20,3334,27,1517,5,27
"168","2020-05-27",147,2,52,314,4685,0.775880469583778,8415,31019,277,280,18,3352,23,1540,14,23
"169","2020-05-28",143,2,51,300,4685,0.775880469583778,8415,31019,277,280,24,3376,24,1564,13,24
"170","2020-05-29",132,2,49,283,4685,0.775880469583778,8415,31019,277,280,17,3393,22,1586,10,22
"171","2020-05-30",114,2,45,267,4685,0.775880469583778,8415,31019,277,280,17,3410,17,1603,8,17
"172","2020-05-31",100,2,39,234,4685,0.775880469583778,8415,31019,277,280,23,3433,18,1621,11,18
"173","2020-06-01",84,2,34,221,4685,0.775880469583778,8415,31019,277,280,9,3442,9,1630,6,9
"174","2020-06-02",77,2,30,202,4685,0.775880469583778,8415,31019,277,280,20,3462,17,1647,10,17
"175","2020-06-03",64,2,33,194,4685,0.775880469583778,8415,31019,277,280,17,3479,12,1659,11,12
"176","2020-06-04",69,2,34,182,4685,0.775880469583778,8415,31019,277,280,13,3492,12,1671,8,12
"177","2020-06-05",81,2,35,168,4685,0.775880469583778,8415,31019,277,280,12,3504,10,1681,5,10
"178","2020-06-06",80,2,40,168,4685,0.775880469583778,8415,31019,277,280,9,3513,16,1697,3,16
"179","2020-06-07",71,2,36,158,4685,0.775880469583778,8415,31019,277,280,14,3527,13,1710,7,13
"180","2020-03-07",1,3,0,0,4970,0.665593561368209,8295,32199,300,934,NA,NA,NA,NA,NA,NA
"181","2020-03-08",1,3,0,0,4970,0.665593561368209,8295,32199,300,934,NA,NA,NA,NA,NA,NA
"182","2020-03-09",0,3,0,0,4970,0.665593561368209,8295,32199,300,934,NA,NA,NA,NA,NA,NA
"183","2020-03-10",0,3,0,0,4970,0.665593561368209,8295,32199,300,934,NA,NA,2,2,NA,2
"184","2020-03-11",0,3,0,0,4970,0.665593561368209,8295,32199,300,934,4,4,3,5,NA,3
"185","2020-03-12",0,3,0,0,4970,0.665593561368209,8295,32199,300,934,7,11,6,11,3,6
"186","2020-03-13",3,3,50,54,4970,0.665593561368209,8295,32199,300,934,7,18,7,18,3,7
"187","2020-03-14",6,3,55,86,4970,0.665593561368209,8295,32199,300,934,15,33,7,25,5,7
"188","2020-03-15",7,3,66,110,4970,0.665593561368209,8295,32199,300,934,10,43,4,29,4,4
"189","2020-03-16",10,3,90,141,4970,0.665593561368209,8295,32199,300,934,19,62,9,38,13,9
"190","2020-03-17",13,3,109,176,4970,0.665593561368209,8295,32199,300,934,18,80,16,54,13,16
"191","2020-03-18",16,3,122,217,4970,0.665593561368209,8295,32199,300,934,18,98,9,63,12,9
"192","2020-03-19",25,3,141,252,4970,0.665593561368209,8295,32199,300,934,33,131,15,78,28,15
"193","2020-03-20",39,3,142,303,4970,0.665593561368209,8295,32199,300,934,25,156,10,88,20,10
"194","2020-03-21",55,3,172,351,4970,0.665593561368209,8295,32199,300,934,33,189,16,104,28,16
"195","2020-03-22",73,3,202,386,4970,0.665593561368209,8295,32199,300,934,40,229,14,118,37,14
"196","2020-03-23",86,3,187,436,4970,0.665593561368209,8295,32199,300,934,39,268,12,130,34,12
"197","2020-03-24",97,3,208,470,4970,0.665593561368209,8295,32199,300,934,47,315,31,161,44,31
"198","2020-03-25",111,3,212,515,4970,0.665593561368209,8295,32199,300,934,53,368,9,170,47,9
"199","2020-03-26",122,3,205,569,4970,0.665593561368209,8295,32199,300,934,54,422,12,182,46,12
"200","2020-03-27",144,3,204,614,4970,0.665593561368209,8295,32199,300,934,57,479,14,196,50,14
"201","2020-03-28",157,3,224,639,4970,0.665593561368209,8295,32199,300,934,59,538,5,201,51,5
"202","2020-03-29",173,3,244,668,4970,0.665593561368209,8295,32199,300,934,87,625,16,217,80,16
"203","2020-03-30",167,3,244,699,4970,0.665593561368209,8295,32199,300,934,89,714,11,228,84,11
"204","2020-03-31",170,3,245,717,4970,0.665593561368209,8295,32199,300,934,80,794,7,235,72,7
"205","2020-04-01",178,3,236,746,4970,0.665593561368209,8295,32199,300,934,79,873,19,254,71,19
"206","2020-04-02",183,3,228,768,4970,0.665593561368209,8295,32199,300,934,83,956,13,267,75,13
"207","2020-04-03",260,3,218,799,4970,0.665593561368209,8295,32199,300,934,91,1047,16,283,80,16
"208","2020-04-04",278,3,221,831,4970,0.665593561368209,8295,32199,300,934,93,1140,13,296,85,13
"209","2020-04-05",267,3,218,849,4970,0.665593561368209,8295,32199,300,934,91,1231,10,306,85,10
"210","2020-04-06",281,3,217,894,4970,0.665593561368209,8295,32199,300,934,104,1335,7,313,97,7
"211","2020-04-07",269,3,212,923,4970,0.665593561368209,8295,32199,300,934,137,1472,9,322,131,9
"212","2020-04-08",281,3,227,936,4970,0.665593561368209,8295,32199,300,934,103,1575,13,335,98,13
"213","2020-04-09",293,3,234,953,4970,0.665593561368209,8295,32199,300,934,100,1675,7,342,97,7
"214","2020-04-10",337,3,246,981,4970,0.665593561368209,8295,32199,300,934,120,1795,18,360,113,18
"215","2020-04-11",330,3,242,1016,4970,0.665593561368209,8295,32199,300,934,135,1930,16,376,125,16
"216","2020-04-12",322,3,207,1020,4970,0.665593561368209,8295,32199,300,934,119,2049,19,395,109,19
"217","2020-04-13",330,3,205,1026,4970,0.665593561368209,8295,32199,300,934,136,2185,22,417,125,22
"218","2020-04-14",330,3,181,997,4970,0.665593561368209,8295,32199,300,934,114,2299,20,437,103,20
"219","2020-04-15",324,3,191,981,4970,0.665593561368209,8295,32199,300,934,118,2417,21,458,114,21
"220","2020-04-16",326,3,217,1007,4970,0.665593561368209,8295,32199,300,934,123,2540,29,487,116,29
"221","2020-04-17",336,3,223,972,4970,0.665593561368209,8295,32199,300,934,166,2706,22,509,161,22
"222","2020-04-18",359,3,211,943,4970,0.665593561368209,8295,32199,300,934,127,2833,23,532,125,23
"223","2020-04-19",321,3,188,952,4970,0.665593561368209,8295,32199,300,934,179,3012,17,549,173,17
"224","2020-04-20",306,3,185,935,4970,0.665593561368209,8295,32199,300,934,153,3165,19,568,146,19
"225","2020-04-21",306,3,192,947,4970,0.665593561368209,8295,32199,300,934,117,3282,30,598,109,30
"226","2020-04-22",313,3,211,919,4970,0.665593561368209,8295,32199,300,934,143,3425,32,630,138,32
"227","2020-04-23",305,3,210,903,4970,0.665593561368209,8295,32199,300,934,138,3563,32,662,133,32
"228","2020-04-24",298,3,237,893,4970,0.665593561368209,8295,32199,300,934,102,3665,30,692,98,30
"229","2020-04-25",269,3,245,849,4970,0.665593561368209,8295,32199,300,934,108,3773,37,729,102,37
"230","2020-04-26",277,3,243,857,4970,0.665593561368209,8295,32199,300,934,112,3885,34,763,108,34
"231","2020-04-27",277,3,223,862,4970,0.665593561368209,8295,32199,300,934,100,3985,37,800,97,37
"232","2020-04-28",269,3,217,857,4970,0.665593561368209,8295,32199,300,934,77,4062,25,825,72,25
"233","2020-04-29",271,3,199,828,4970,0.665593561368209,8295,32199,300,934,100,4162,25,850,96,25
"234","2020-04-30",268,3,205,812,4970,0.665593561368209,8295,32199,300,934,76,4238,35,885,68,35
"235","2020-05-01",279,3,199,804,4970,0.665593561368209,8295,32199,300,934,94,4332,44,929,90,44
"236","2020-05-02",299,3,249,793,4970,0.665593561368209,8295,32199,300,934,75,4407,32,961,70,32
"237","2020-05-03",286,3,256,770,4970,0.665593561368209,8295,32199,300,934,55,4462,38,999,53,38
"238","2020-05-04",284,3,258,746,4970,0.665593561368209,8295,32199,300,934,47,4509,38,1037,42,38
"239","2020-05-05",282,3,276,721,4970,0.665593561368209,8295,32199,300,934,54,4563,40,1077,48,40
"240","2020-05-06",265,3,284,714,4970,0.665593561368209,8295,32199,300,934,63,4626,33,1110,58,33
"241","2020-05-07",256,3,272,688,4970,0.665593561368209,8295,32199,300,934,62,4688,26,1136,57,26
"242","2020-05-08",266,3,272,674,4970,0.665593561368209,8295,32199,300,934,43,4731,31,1167,39,31
"243","2020-05-09",250,3,262,640,4970,0.665593561368209,8295,32199,300,934,46,4777,41,1208,44,41
"244","2020-05-10",223,3,257,611,4970,0.665593561368209,8295,32199,300,934,40,4817,43,1251,38,43
"245","2020-05-11",213,3,242,569,4970,0.665593561368209,8295,32199,300,934,33,4850,32,1283,29,32
"246","2020-05-12",196,3,235,537,4970,0.665593561368209,8295,32199,300,934,39,4889,29,1312,34,29
"247","2020-05-13",195,3,237,524,4970,0.665593561368209,8295,32199,300,934,25,4914,19,1331,23,19
"248","2020-05-14",196,3,237,501,4970,0.665593561368209,8295,32199,300,934,34,4948,29,1360,29,29
"249","2020-05-15",183,3,233,473,4970,0.665593561368209,8295,32199,300,934,27,4975,25,1385,24,25
"250","2020-05-16",174,3,255,450,4970,0.665593561368209,8295,32199,300,934,32,5007,19,1404,26,19
"251","2020-05-17",169,3,253,432,4970,0.665593561368209,8295,32199,300,934,29,5036,28,1432,27,28
"252","2020-05-18",161,3,239,408,4970,0.665593561368209,8295,32199,300,934,22,5058,29,1461,19,29
"253","2020-05-19",143,3,223,385,4970,0.665593561368209,8295,32199,300,934,27,5085,27,1488,26,27
"254","2020-05-20",136,3,219,368,4970,0.665593561368209,8295,32199,300,934,22,5107,32,1520,19,32
"255","2020-05-21",138,3,247,359,4970,0.665593561368209,8295,32199,300,934,14,5121,29,1549,11,29
"256","2020-05-22",133,3,261,339,4970,0.665593561368209,8295,32199,300,934,14,5135,24,1573,11,24
"257","2020-05-23",134,3,263,339,4970,0.665593561368209,8295,32199,300,934,21,5156,19,1592,16,19
"258","2020-05-24",116,3,255,331,4970,0.665593561368209,8295,32199,300,934,12,5168,18,1610,10,18
"259","2020-05-25",110,3,246,317,4970,0.665593561368209,8295,32199,300,934,10,5178,22,1632,10,22
"260","2020-05-26",109,3,241,316,4970,0.665593561368209,8295,32199,300,934,9,5187,21,1653,8,21
"261","2020-05-27",106,3,230,308,4970,0.665593561368209,8295,32199,300,934,9,5196,22,1675,7,22
"262","2020-05-28",92,3,243,299,4970,0.665593561368209,8295,32199,300,934,9,5205,20,1695,8,20
"263","2020-05-29",96,3,237,285,4970,0.665593561368209,8295,32199,300,934,8,5213,15,1710,6,15
"264","2020-05-30",95,3,253,266,4970,0.665593561368209,8295,32199,300,934,10,5223,31,1741,6,31
"265","2020-05-31",97,3,234,257,4970,0.665593561368209,8295,32199,300,934,16,5239,31,1772,14,31
"266","2020-06-01",97,3,249,243,4970,0.665593561368209,8295,32199,300,934,14,5253,27,1799,12,27
"267","2020-06-02",94,3,255,237,4970,0.665593561368209,8295,32199,300,934,9,5262,27,1826,8,27
"268","2020-06-03",91,3,262,232,4970,0.665593561368209,8295,32199,300,934,11,5273,26,1852,11,26
"269","2020-06-04",88,3,256,229,4970,0.665593561368209,8295,32199,300,934,13,5286,23,1875,11,23
"270","2020-06-05",87,3,242,219,4970,0.665593561368209,8295,32199,300,934,13,5299,24,1899,9,24
"271","2020-06-06",81,3,235,211,4970,0.665593561368209,8295,32199,300,934,11,5310,11,1910,9,11
"272","2020-06-07",83,3,215,195,4970,0.665593561368209,8295,32199,300,934,8,5318,9,1919,7,9
"273","2020-03-13",1,4,32,33,3773,0.788762258150013,8220,27348,196,362,24,83,12,33,6,12
"274","2020-03-14",1,4,28,46,3773,0.788762258150013,8220,27348,196,362,25,108,28,61,11,28
"275","2020-03-15",2,4,36,67,3773,0.788762258150013,8220,27348,196,362,52,160,9,70,26,9
"276","2020-03-16",3,4,31,91,3773,0.788762258150013,8220,27348,196,362,42,202,4,74,24,4
"277","2020-03-17",4,4,31,105,3773,0.788762258150013,8220,27348,196,362,36,238,13,87,16,13
"278","2020-03-18",8,4,24,120,3773,0.788762258150013,8220,27348,196,362,37,275,23,110,19,23
"279","2020-03-19",14,4,27,132,3773,0.788762258150013,8220,27348,196,362,48,323,42,152,35,42
"280","2020-03-20",21,4,23,150,3773,0.788762258150013,8220,27348,196,362,50,373,15,167,26,15
"281","2020-03-21",26,4,24,173,3773,0.788762258150013,8220,27348,196,362,58,431,21,188,35,21
"282","2020-03-22",42,4,33,194,3773,0.788762258150013,8220,27348,196,362,68,499,38,226,43,38
"283","2020-03-23",44,4,34,238,3773,0.788762258150013,8220,27348,196,362,51,550,36,262,33,36
"284","2020-03-24",50,4,37,268,3773,0.788762258150013,8220,27348,196,362,49,599,35,297,39,35
"285","2020-03-25",56,4,31,293,3773,0.788762258150013,8220,27348,196,362,50,649,19,316,25,19
"286","2020-03-26",67,4,28,321,3773,0.788762258150013,8220,27348,196,362,58,707,29,345,33,29
"287","2020-03-27",82,4,42,352,3773,0.788762258150013,8220,27348,196,362,64,771,22,367,47,22
"288","2020-03-28",93,4,38,376,3773,0.788762258150013,8220,27348,196,362,64,835,12,379,43,12
"289","2020-03-29",122,4,36,410,3773,0.788762258150013,8220,27348,196,362,55,890,8,387,37,8
"290","2020-03-30",130,4,38,443,3773,0.788762258150013,8220,27348,196,362,57,947,35,422,38,35
"291","2020-03-31",125,4,48,469,3773,0.788762258150013,8220,27348,196,362,74,1021,46,468,47,46
"292","2020-04-01",139,4,69,492,3773,0.788762258150013,8220,27348,196,362,49,1070,55,523,28,55
"293","2020-04-02",143,4,79,519,3773,0.788762258150013,8220,27348,196,362,77,1147,57,580,52,57
"294","2020-04-03",180,4,70,546,3773,0.788762258150013,8220,27348,196,362,65,1212,31,611,43,31
"295","2020-04-04",195,4,75,582,3773,0.788762258150013,8220,27348,196,362,58,1270,27,638,28,27
"296","2020-04-05",171,4,66,597,3773,0.788762258150013,8220,27348,196,362,70,1340,29,667,47,29
"297","2020-04-06",168,4,71,596,3773,0.788762258150013,8220,27348,196,362,66,1406,33,700,41,33
"298","2020-04-07",171,4,70,615,3773,0.788762258150013,8220,27348,196,362,64,1470,30,730,37,30
"299","2020-04-08",169,4,65,649,3773,0.788762258150013,8220,27348,196,362,78,1548,15,745,43,15
"300","2020-04-09",178,4,71,684,3773,0.788762258150013,8220,27348,196,362,58,1606,15,760,35,15
"301","2020-04-10",217,4,61,701,3773,0.788762258150013,8220,27348,196,362,62,1668,20,780,38,20
"302","2020-04-11",221,4,49,701,3773,0.788762258150013,8220,27348,196,362,75,1743,58,838,42,58
"303","2020-04-12",233,4,51,708,3773,0.788762258150013,8220,27348,196,362,74,1817,41,879,56,41
"304","2020-04-13",244,4,47,683,3773,0.788762258150013,8220,27348,196,362,85,1902,13,892,59,13
"305","2020-04-14",238,4,46,697,3773,0.788762258150013,8220,27348,196,362,68,1970,16,908,50,16
"306","2020-04-15",249,4,51,708,3773,0.788762258150013,8220,27348,196,362,56,2026,30,938,34,30
"307","2020-04-16",251,4,65,744,3773,0.788762258150013,8220,27348,196,362,77,2103,44,982,52,44
"308","2020-04-17",271,4,62,741,3773,0.788762258150013,8220,27348,196,362,52,2155,30,1012,30,30
"309","2020-04-18",267,4,79,721,3773,0.788762258150013,8220,27348,196,362,68,2223,49,1061,48,49
"310","2020-04-19",241,4,86,714,3773,0.788762258150013,8220,27348,196,362,83,2306,30,1091,58,30
"311","2020-04-20",242,4,98,707,3773,0.788762258150013,8220,27348,196,362,51,2357,17,1108,31,17
"312","2020-04-21",254,4,97,708,3773,0.788762258150013,8220,27348,196,362,58,2415,8,1116,37,8
"313","2020-04-22",241,4,92,689,3773,0.788762258150013,8220,27348,196,362,60,2475,18,1134,31,18
"314","2020-04-23",228,4,86,677,3773,0.788762258150013,8220,27348,196,362,59,2534,54,1188,41,54
"315","2020-04-24",224,4,76,658,3773,0.788762258150013,8220,27348,196,362,56,2590,28,1216,32,28
"316","2020-04-25",236,4,73,650,3773,0.788762258150013,8220,27348,196,362,47,2637,10,1226,29,10
"317","2020-04-26",228,4,73,646,3773,0.788762258150013,8220,27348,196,362,66,2703,43,1269,38,43
"318","2020-04-27",220,4,78,626,3773,0.788762258150013,8220,27348,196,362,66,2769,67,1336,40,67
"319","2020-04-28",201,4,69,618,3773,0.788762258150013,8220,27348,196,362,65,2834,37,1373,37,37
"320","2020-04-29",202,4,89,610,3773,0.788762258150013,8220,27348,196,362,62,2896,34,1407,38,34
"321","2020-04-30",203,4,101,600,3773,0.788762258150013,8220,27348,196,362,46,2942,29,1436,26,29
"322","2020-05-01",218,4,115,588,3773,0.788762258150013,8220,27348,196,362,44,2986,17,1453,25,17
"323","2020-05-02",215,4,115,574,3773,0.788762258150013,8220,27348,196,362,54,3040,19,1472,39,19
"324","2020-05-03",190,4,130,568,3773,0.788762258150013,8220,27348,196,362,55,3095,51,1523,35,51
"325","2020-05-04",177,4,127,566,3773,0.788762258150013,8220,27348,196,362,48,3143,54,1577,28,54
"326","2020-05-05",170,4,110,568,3773,0.788762258150013,8220,27348,196,362,42,3185,19,1596,24,19
"327","2020-05-06",166,4,97,552,3773,0.788762258150013,8220,27348,196,362,63,3248,21,1617,35,21
"328","2020-05-07",181,4,80,525,3773,0.788762258150013,8220,27348,196,362,47,3295,47,1664,27,47
"329","2020-05-08",176,4,86,506,3773,0.788762258150013,8220,27348,196,362,28,3323,36,1700,13,36
"330","2020-05-09",182,4,100,503,3773,0.788762258150013,8220,27348,196,362,54,3377,75,1775,29,75
"331","2020-05-10",183,4,113,494,3773,0.788762258150013,8220,27348,196,362,41,3418,55,1830,28,55
"332","2020-05-11",184,4,132,484,3773,0.788762258150013,8220,27348,196,362,58,3476,42,1872,37,42
"333","2020-05-12",179,4,121,455,3773,0.788762258150013,8220,27348,196,362,49,3525,56,1928,26,56
"334","2020-05-13",186,4,111,466,3773,0.788762258150013,8220,27348,196,362,48,3573,29,1957,33,29
"335","2020-05-14",167,4,94,443,3773,0.788762258150013,8220,27348,196,362,51,3624,14,1971,29,14
"336","2020-05-15",165,4,79,426,3773,0.788762258150013,8220,27348,196,362,40,3664,17,1988,31,17
"337","2020-05-16",163,4,75,416,3773,0.788762258150013,8220,27348,196,362,49,3713,33,2021,30,33
"338","2020-05-17",145,4,79,416,3773,0.788762258150013,8220,27348,196,362,33,3746,42,2063,22,42
"339","2020-05-18",148,4,84,407,3773,0.788762258150013,8220,27348,196,362,40,3786,41,2104,28,41
"340","2020-05-19",146,4,83,401,3773,0.788762258150013,8220,27348,196,362,49,3835,34,2138,31,34
"341","2020-05-20",136,4,90,391,3773,0.788762258150013,8220,27348,196,362,36,3871,16,2154,23,16
"342","2020-05-21",132,4,89,376,3773,0.788762258150013,8220,27348,196,362,34,3905,22,2176,26,22
"343","2020-05-22",136,4,97,361,3773,0.788762258150013,8220,27348,196,362,36,3941,25,2201,24,25
"344","2020-05-23",129,4,104,352,3773,0.788762258150013,8220,27348,196,362,26,3967,19,2220,16,19
"345","2020-05-24",138,4,115,356,3773,0.788762258150013,8220,27348,196,362,27,3994,12,2232,17,12
"346","2020-05-25",122,4,122,340,3773,0.788762258150013,8220,27348,196,362,27,4021,6,2238,15,6
"347","2020-05-26",117,4,131,321,3773,0.788762258150013,8220,27348,196,362,29,4050,3,2241,18,3
"348","2020-05-27",113,4,137,307,3773,0.788762258150013,8220,27348,196,362,31,4081,37,2278,16,37
"349","2020-05-28",117,4,138,295,3773,0.788762258150013,8220,27348,196,362,21,4102,22,2300,14,22
"350","2020-05-29",113,4,115,288,3773,0.788762258150013,8220,27348,196,362,28,4130,34,2334,19,34
"351","2020-05-30",117,4,122,277,3773,0.788762258150013,8220,27348,196,362,24,4154,32,2366,18,32
"352","2020-05-31",100,4,114,265,3773,0.788762258150013,8220,27348,196,362,20,4174,30,2396,15,30
"353","2020-06-01",102,4,103,263,3773,0.788762258150013,8220,27348,196,362,19,4193,29,2425,13,29
"354","2020-06-02",97,4,95,249,3773,0.788762258150013,8220,27348,196,362,15,4208,23,2448,10,23
"355","2020-06-03",101,4,82,258,3773,0.788762258150013,8220,27348,196,362,21,4229,17,2465,12,17
"356","2020-06-04",92,4,68,251,3773,0.788762258150013,8220,27348,196,362,18,4247,18,2483,9,18
"357","2020-06-05",90,4,64,239,3773,0.788762258150013,8220,27348,196,362,19,4266,10,2493,14,10
"358","2020-06-06",82,4,57,230,3773,0.788762258150013,8220,27348,196,362,18,4284,13,2506,12,13
"359","2020-06-07",84,4,54,237,3773,0.788762258150013,8220,27348,196,362,14,4298,25,2531,10,25
"360","2020-03-13",1,5,17,46,4650,0.758064516129032,8295,30428,222,325,11,22,9,20,3,9
"361","2020-03-14",2,5,15,65,4650,0.758064516129032,8295,30428,222,325,15,37,11,31,6,11
"362","2020-03-15",9,5,18,84,4650,0.758064516129032,8295,30428,222,325,12,49,20,51,5,20
"363","2020-03-16",12,5,22,111,4650,0.758064516129032,8295,30428,222,325,14,63,13,64,7,13
"364","2020-03-17",18,5,23,125,4650,0.758064516129032,8295,30428,222,325,22,85,21,85,13,21
"365","2020-03-18",26,5,31,159,4650,0.758064516129032,8295,30428,222,325,24,109,16,101,17,16
"366","2020-03-19",29,5,25,195,4650,0.758064516129032,8295,30428,222,325,22,131,15,116,14,15
"367","2020-03-20",35,5,26,216,4650,0.758064516129032,8295,30428,222,325,37,168,9,125,28,9
"368","2020-03-21",54,5,26,243,4650,0.758064516129032,8295,30428,222,325,25,193,15,140,17,15
"369","2020-03-22",62,5,21,280,4650,0.758064516129032,8295,30428,222,325,29,222,17,157,19,17
"370","2020-03-23",65,5,22,312,4650,0.758064516129032,8295,30428,222,325,40,262,17,174,33,17
"371","2020-03-24",63,5,30,351,4650,0.758064516129032,8295,30428,222,325,46,308,12,186,40,12
"372","2020-03-25",67,5,42,388,4650,0.758064516129032,8295,30428,222,325,45,353,15,201,40,15
"373","2020-03-26",81,5,44,416,4650,0.758064516129032,8295,30428,222,325,49,402,16,217,43,16
"374","2020-03-27",107,5,52,444,4650,0.758064516129032,8295,30428,222,325,64,466,22,239,58,22
"375","2020-03-28",111,5,50,484,4650,0.758064516129032,8295,30428,222,325,70,536,12,251,61,12
"376","2020-03-29",119,5,57,523,4650,0.758064516129032,8295,30428,222,325,49,585,21,272,44,21
"377","2020-03-30",134,5,48,569,4650,0.758064516129032,8295,30428,222,325,68,653,18,290,65,18
"378","2020-03-31",143,5,51,601,4650,0.758064516129032,8295,30428,222,325,83,736,21,311,71,21
"379","2020-04-01",145,5,48,642,4650,0.758064516129032,8295,30428,222,325,74,810,23,334,68,23
"380","2020-04-02",156,5,51,683,4650,0.758064516129032,8295,30428,222,325,101,911,30,364,93,30
"381","2020-04-03",189,5,53,707,4650,0.758064516129032,8295,30428,222,325,117,1028,28,392,107,28
"382","2020-04-04",217,5,56,757,4650,0.758064516129032,8295,30428,222,325,97,1125,18,410,88,18
"383","2020-04-05",253,5,67,777,4650,0.758064516129032,8295,30428,222,325,97,1222,18,428,87,18
"384","2020-04-06",248,5,78,797,4650,0.758064516129032,8295,30428,222,325,111,1333,22,450,105,22
"385","2020-04-07",242,5,87,796,4650,0.758064516129032,8295,30428,222,325,112,1445,16,466,105,16
"386","2020-04-08",248,5,83,795,4650,0.758064516129032,8295,30428,222,325,151,1596,24,490,143,24
"387","2020-04-09",249,5,84,804,4650,0.758064516129032,8295,30428,222,325,144,1740,16,506,136,16
"388","2020-04-10",301,5,82,826,4650,0.758064516129032,8295,30428,222,325,119,1859,41,547,112,41
"389","2020-04-11",299,5,84,853,4650,0.758064516129032,8295,30428,222,325,134,1993,33,580,132,33
"390","2020-04-12",269,5,83,876,4650,0.758064516129032,8295,30428,222,325,166,2159,42,622,161,42
"391","2020-04-13",269,5,73,882,4650,0.758064516129032,8295,30428,222,325,130,2289,21,643,128,21
"392","2020-04-14",266,5,84,858,4650,0.758064516129032,8295,30428,222,325,157,2446,21,664,149,21
"393","2020-04-15",287,5,84,848,4650,0.758064516129032,8295,30428,222,325,154,2600,40,704,148,40
"394","2020-04-16",293,5,82,888,4650,0.758064516129032,8295,30428,222,325,160,2760,25,729,150,25
"395","2020-04-17",310,5,80,889,4650,0.758064516129032,8295,30428,222,325,178,2938,43,772,173,43
"396","2020-04-18",302,5,82,906,4650,0.758064516129032,8295,30428,222,325,131,3069,29,801,126,29
"397","2020-04-19",288,5,73,900,4650,0.758064516129032,8295,30428,222,325,207,3276,22,823,199,22
"398","2020-04-20",283,5,66,917,4650,0.758064516129032,8295,30428,222,325,177,3453,23,846,173,23
"399","2020-04-21",281,5,75,936,4650,0.758064516129032,8295,30428,222,325,203,3656,29,875,198,29
"400","2020-04-22",277,5,74,934,4650,0.758064516129032,8295,30428,222,325,154,3810,15,890,152,15
"401","2020-04-23",274,5,68,948,4650,0.758064516129032,8295,30428,222,325,173,3983,20,910,166,20
"402","2020-04-24",298,5,70,922,4650,0.758064516129032,8295,30428,222,325,163,4146,13,923,154,13
"403","2020-04-25",318,5,75,918,4650,0.758064516129032,8295,30428,222,325,142,4288,34,957,138,34
"404","2020-04-26",303,5,94,901,4650,0.758064516129032,8295,30428,222,325,130,4418,40,997,121,40
"405","2020-04-27",303,5,102,878,4650,0.758064516129032,8295,30428,222,325,108,4526,23,1020,106,23
"406","2020-04-28",289,5,101,877,4650,0.758064516129032,8295,30428,222,325,99,4625,38,1058,94,38
"407","2020-04-29",281,5,103,873,4650,0.758064516129032,8295,30428,222,325,138,4763,47,1105,132,47
"408","2020-04-30",290,5,116,873,4650,0.758064516129032,8295,30428,222,325,102,4865,40,1145,100,40
"409","2020-05-01",322,5,122,866,4650,0.758064516129032,8295,30428,222,325,105,4970,53,1198,101,53
"410","2020-05-02",322,5,113,860,4650,0.758064516129032,8295,30428,222,325,93,5063,38,1236,85,38
"411","2020-05-03",297,5,113,829,4650,0.758064516129032,8295,30428,222,325,66,5129,15,1251,64,15
"412","2020-05-04",296,5,115,809,4650,0.758064516129032,8295,30428,222,325,73,5202,38,1289,71,38
"413","2020-05-05",300,5,112,766,4650,0.758064516129032,8295,30428,222,325,70,5272,28,1317,69,28
"414","2020-05-06",296,5,129,755,4650,0.758064516129032,8295,30428,222,325,41,5313,32,1349,39,32
"415","2020-05-07",285,5,126,737,4650,0.758064516129032,8295,30428,222,325,55,5368,28,1377,50,28
"416","2020-05-08",272,5,119,717,4650,0.758064516129032,8295,30428,222,325,46,5414,23,1400,43,23
"417","2020-05-09",259,5,127,695,4650,0.758064516129032,8295,30428,222,325,39,5453,31,1431,36,31
"418","2020-05-10",243,5,113,671,4650,0.758064516129032,8295,30428,222,325,29,5482,33,1464,26,33
"419","2020-05-11",231,5,104,653,4650,0.758064516129032,8295,30428,222,325,35,5517,43,1507,34,43
"420","2020-05-12",211,5,114,610,4650,0.758064516129032,8295,30428,222,325,32,5549,22,1529,25,22
"421","2020-05-13",204,5,97,581,4650,0.758064516129032,8295,30428,222,325,32,5581,37,1566,28,37
"422","2020-05-14",202,5,95,554,4650,0.758064516129032,8295,30428,222,325,22,5603,28,1594,20,28
"423","2020-05-15",195,5,81,538,4650,0.758064516129032,8295,30428,222,325,17,5620,16,1610,14,16
"424","2020-05-16",194,5,76,523,4650,0.758064516129032,8295,30428,222,325,14,5634,15,1625,12,15
"425","2020-05-17",177,5,75,503,4650,0.758064516129032,8295,30428,222,325,20,5654,16,1641,14,16
"426","2020-05-18",170,5,79,483,4650,0.758064516129032,8295,30428,222,325,17,5671,12,1653,16,12
"427","2020-05-19",175,5,86,472,4650,0.758064516129032,8295,30428,222,325,21,5692,23,1676,18,23
"428","2020-05-20",171,5,75,446,4650,0.758064516129032,8295,30428,222,325,16,5708,17,1693,14,17
"429","2020-05-21",159,5,80,408,4650,0.758064516129032,8295,30428,222,325,17,5725,25,1718,14,25
"430","2020-05-22",148,5,72,384,4650,0.758064516129032,8295,30428,222,325,7,5732,26,1744,7,26
"431","2020-05-23",145,5,78,374,4650,0.758064516129032,8295,30428,222,325,19,5751,9,1753,18,9
"432","2020-05-24",137,5,83,346,4650,0.758064516129032,8295,30428,222,325,14,5765,11,1764,13,11
"433","2020-05-25",125,5,78,334,4650,0.758064516129032,8295,30428,222,325,13,5778,19,1783,13,19
"434","2020-05-26",112,5,79,321,4650,0.758064516129032,8295,30428,222,325,6,5784,17,1800,6,17
"435","2020-05-27",108,5,75,302,4650,0.758064516129032,8295,30428,222,325,11,5795,17,1817,8,17
"436","2020-05-28",101,5,81,273,4650,0.758064516129032,8295,30428,222,325,9,5804,18,1835,7,18
"437","2020-05-29",96,5,75,260,4650,0.758064516129032,8295,30428,222,325,7,5811,25,1860,5,25
"438","2020-05-30",85,5,72,240,4650,0.758064516129032,8295,30428,222,325,4,5815,16,1876,3,16
"439","2020-05-31",83,5,78,234,4650,0.758064516129032,8295,30428,222,325,9,5824,11,1887,6,11
"440","2020-06-01",89,5,76,216,4650,0.758064516129032,8295,30428,222,325,7,5831,11,1898,5,11
"441","2020-06-02",78,5,74,201,4650,0.758064516129032,8295,30428,222,325,4,5835,32,1930,4,32
"442","2020-06-03",78,5,74,193,4650,0.758064516129032,8295,30428,222,325,4,5839,15,1945,4,15
"443","2020-06-04",78,5,68,186,4650,0.758064516129032,8295,30428,222,325,3,5842,16,1961,2,16
"444","2020-06-05",79,5,58,176,4650,0.758064516129032,8295,30428,222,325,2,5844,16,1977,1,16
"445","2020-06-06",75,5,64,159,4650,0.758064516129032,8295,30428,222,325,2,5846,16,1993,2,16
"446","2020-06-07",61,5,57,155,4650,0.758064516129032,8295,30428,222,325,3,5849,15,2008,2,15
"447","2020-03-14",1,6,52,78,4107,0.793036279522766,8370,28934,250,630,17,66,3,46,5,3
"448","2020-03-15",9,6,54,95,4107,0.793036279522766,8370,28934,250,630,19,85,18,64,8,18
"449","2020-03-16",15,6,64,118,4107,0.793036279522766,8370,28934,250,630,27,112,10,74,14,10
"450","2020-03-17",17,6,62,145,4107,0.793036279522766,8370,28934,250,630,30,142,16,90,17,16
"451","2020-03-18",23,6,79,167,4107,0.793036279522766,8370,28934,250,630,31,173,16,106,15,16
"452","2020-03-19",30,6,81,189,4107,0.793036279522766,8370,28934,250,630,40,213,12,118,21,12
"453","2020-03-20",41,6,89,222,4107,0.793036279522766,8370,28934,250,630,36,249,9,127,27,9
"454","2020-03-21",49,6,88,250,4107,0.793036279522766,8370,28934,250,630,59,308,19,146,46,19
"455","2020-03-22",68,6,85,292,4107,0.793036279522766,8370,28934,250,630,54,362,18,164,46,18
"456","2020-03-23",68,6,81,320,4107,0.793036279522766,8370,28934,250,630,43,405,15,179,35,15
"457","2020-03-24",69,6,87,333,4107,0.793036279522766,8370,28934,250,630,49,454,23,202,33,23
"458","2020-03-25",74,6,84,368,4107,0.793036279522766,8370,28934,250,630,63,517,15,217,52,15
"459","2020-03-26",79,6,78,389,4107,0.793036279522766,8370,28934,250,630,41,558,23,240,33,23
"460","2020-03-27",104,6,83,404,4107,0.793036279522766,8370,28934,250,630,60,618,16,256,45,16
"461","2020-03-28",119,6,83,427,4107,0.793036279522766,8370,28934,250,630,61,679,16,272,52,16
"462","2020-03-29",124,6,89,443,4107,0.793036279522766,8370,28934,250,630,78,757,31,303,70,31
"463","2020-03-30",129,6,89,461,4107,0.793036279522766,8370,28934,250,630,75,832,22,325,57,22
"464","2020-03-31",133,6,75,482,4107,0.793036279522766,8370,28934,250,630,67,899,24,349,55,24
"465","2020-04-01",137,6,88,525,4107,0.793036279522766,8370,28934,250,630,74,973,21,370,58,21
"466","2020-04-02",146,6,109,544,4107,0.793036279522766,8370,28934,250,630,89,1062,28,398,73,28
"467","2020-04-03",154,6,95,557,4107,0.793036279522766,8370,28934,250,630,99,1161,13,411,88,13
"468","2020-04-04",162,6,98,580,4107,0.793036279522766,8370,28934,250,630,92,1253,9,420,79,9
"469","2020-04-05",171,6,82,601,4107,0.793036279522766,8370,28934,250,630,113,1366,13,433,96,13
"470","2020-04-06",174,6,89,609,4107,0.793036279522766,8370,28934,250,630,104,1470,27,460,84,27
"471","2020-04-07",170,6,75,621,4107,0.793036279522766,8370,28934,250,630,114,1584,40,500,99,40
"472","2020-04-08",175,6,104,623,4107,0.793036279522766,8370,28934,250,630,79,1663,21,521,65,21
"473","2020-04-09",183,6,106,652,4107,0.793036279522766,8370,28934,250,630,91,1754,18,539,77,18
"474","2020-04-10",202,6,112,671,4107,0.793036279522766,8370,28934,250,630,92,1846,41,580,76,41
"475","2020-04-11",225,6,118,688,4107,0.793036279522766,8370,28934,250,630,120,1966,15,595,101,15
"476","2020-04-12",229,6,112,711,4107,0.793036279522766,8370,28934,250,630,105,2071,20,615,88,20
"477","2020-04-13",233,6,116,712,4107,0.793036279522766,8370,28934,250,630,110,2181,12,627,85,12
"478","2020-04-14",243,6,107,718,4107,0.793036279522766,8370,28934,250,630,91,2272,21,648,76,21
"479","2020-04-15",249,6,93,728,4107,0.793036279522766,8370,28934,250,630,104,2376,17,665,88,17
"480","2020-04-16",242,6,74,732,4107,0.793036279522766,8370,28934,250,630,127,2503,27,692,115,27
"481","2020-04-17",267,6,81,742,4107,0.793036279522766,8370,28934,250,630,88,2591,55,747,82,55
"482","2020-04-18",264,6,85,746,4107,0.793036279522766,8370,28934,250,630,136,2727,45,792,123,45
"483","2020-04-19",237,6,94,723,4107,0.793036279522766,8370,28934,250,630,119,2846,33,825,101,33
"484","2020-04-20",227,6,102,734,4107,0.793036279522766,8370,28934,250,630,112,2958,17,842,94,17
"485","2020-04-21",227,6,98,747,4107,0.793036279522766,8370,28934,250,630,104,3062,22,864,91,22
"486","2020-04-22",221,6,108,749,4107,0.793036279522766,8370,28934,250,630,92,3154,29,893,79,29
"487","2020-04-23",219,6,141,735,4107,0.793036279522766,8370,28934,250,630,107,3261,37,930,94,37
"488","2020-04-24",243,6,156,722,4107,0.793036279522766,8370,28934,250,630,81,3342,36,966,64,36
"489","2020-04-25",228,6,157,721,4107,0.793036279522766,8370,28934,250,630,97,3439,33,999,86,33
"490","2020-04-26",231,6,141,694,4107,0.793036279522766,8370,28934,250,630,103,3542,31,1030,91,31
"491","2020-04-27",234,6,118,697,4107,0.793036279522766,8370,28934,250,630,80,3622,40,1070,68,40
"492","2020-04-28",219,6,122,703,4107,0.793036279522766,8370,28934,250,630,78,3700,25,1095,73,25
"493","2020-04-29",226,6,150,697,4107,0.793036279522766,8370,28934,250,630,78,3778,18,1113,67,18
"494","2020-04-30",229,6,169,682,4107,0.793036279522766,8370,28934,250,630,74,3852,13,1126,66,13
"495","2020-05-01",226,6,168,659,4107,0.793036279522766,8370,28934,250,630,52,3904,17,1143,44,17
"496","2020-05-02",258,6,152,639,4107,0.793036279522766,8370,28934,250,630,79,3983,27,1170,66,27
"497","2020-05-03",244,6,163,661,4107,0.793036279522766,8370,28934,250,630,64,4047,33,1203,55,33
"498","2020-05-04",234,6,159,653,4107,0.793036279522766,8370,28934,250,630,46,4093,37,1240,39,37
"499","2020-05-05",227,6,182,642,4107,0.793036279522766,8370,28934,250,630,54,4147,23,1263,40,23
"500","2020-05-06",230,6,164,629,4107,0.793036279522766,8370,28934,250,630,54,4201,33,1296,33,33
"501","2020-05-07",237,6,150,623,4107,0.793036279522766,8370,28934,250,630,47,4248,44,1340,40,44
"502","2020-05-08",242,6,156,614,4107,0.793036279522766,8370,28934,250,630,46,4294,26,1366,34,26
"503","2020-05-09",235,6,174,614,4107,0.793036279522766,8370,28934,250,630,40,4334,35,1401,32,35
"504","2020-05-10",225,6,192,600,4107,0.793036279522766,8370,28934,250,630,46,4380,37,1438,38,37
"505","2020-05-11",216,6,185,572,4107,0.793036279522766,8370,28934,250,630,31,4411,23,1461,22,23
"506","2020-05-12",209,6,178,552,4107,0.793036279522766,8370,28934,250,630,30,4441,15,1476,24,15
"507","2020-05-13",194,6,176,533,4107,0.793036279522766,8370,28934,250,630,38,4479,30,1506,29,30
"508","2020-05-14",183,6,169,528,4107,0.793036279522766,8370,28934,250,630,39,4518,11,1517,29,11
"509","2020-05-15",173,6,176,520,4107,0.793036279522766,8370,28934,250,630,24,4542,13,1530,16,13
"510","2020-05-16",168,6,185,493,4107,0.793036279522766,8370,28934,250,630,31,4573,17,1547,24,17
"511","2020-05-17",159,6,193,482,4107,0.793036279522766,8370,28934,250,630,22,4595,31,1578,16,31
"512","2020-05-18",150,6,183,471,4107,0.793036279522766,8370,28934,250,630,22,4617,27,1605,16,27
"513","2020-05-19",147,6,180,450,4107,0.793036279522766,8370,28934,250,630,21,4638,26,1631,11,26
"514","2020-05-20",149,6,151,441,4107,0.793036279522766,8370,28934,250,630,20,4658,14,1645,9,14
"515","2020-05-21",148,6,135,421,4107,0.793036279522766,8370,28934,250,630,27,4685,19,1664,17,19
"516","2020-05-22",151,6,141,398,4107,0.793036279522766,8370,28934,250,630,17,4702,28,1692,10,28
"517","2020-05-23",160,6,164,385,4107,0.793036279522766,8370,28934,250,630,21,4723,28,1720,15,28
"518","2020-05-24",149,6,177,385,4107,0.793036279522766,8370,28934,250,630,22,4745,27,1747,15,27
"519","2020-05-25",141,6,161,370,4107,0.793036279522766,8370,28934,250,630,18,4763,11,1758,13,11
"520","2020-05-26",133,6,160,350,4107,0.793036279522766,8370,28934,250,630,13,4776,33,1791,9,33
"521","2020-05-27",127,6,125,341,4107,0.793036279522766,8370,28934,250,630,15,4791,29,1820,6,29
"522","2020-05-28",121,6,134,308,4107,0.793036279522766,8370,28934,250,630,12,4803,13,1833,7,13
"523","2020-05-29",115,6,131,302,4107,0.793036279522766,8370,28934,250,630,13,4816,13,1846,9,13
"524","2020-05-30",102,6,114,296,4107,0.793036279522766,8370,28934,250,630,16,4832,25,1871,12,25
"525","2020-05-31",103,6,107,280,4107,0.793036279522766,8370,28934,250,630,13,4845,15,1886,9,15
"526","2020-06-01",101,6,95,266,4107,0.793036279522766,8370,28934,250,630,18,4863,9,1895,14,9
"527","2020-06-02",96,6,98,257,4107,0.793036279522766,8370,28934,250,630,13,4876,10,1905,7,10
"528","2020-06-03",97,6,119,252,4107,0.793036279522766,8370,28934,250,630,13,4889,6,1911,8,6
"529","2020-06-04",97,6,101,238,4107,0.793036279522766,8370,28934,250,630,21,4910,19,1930,12,19
"530","2020-06-05",96,6,78,230,4107,0.793036279522766,8370,28934,250,630,13,4923,13,1943,7,13
"531","2020-06-06",101,6,74,221,4107,0.793036279522766,8370,28934,250,630,11,4934,12,1955,7,12
"532","2020-06-07",79,6,65,211,4107,0.793036279522766,8370,28934,250,630,9,4943,17,1972,5,17
"533","2020-03-14",7,7,22,95,4127,0.496244245214441,8280,29145,242,335,6,37,26,57,3,26
"534","2020-03-15",15,7,14,128,4127,0.496244245214441,8280,29145,242,335,16,53,14,71,11,14
"535","2020-03-16",18,7,19,160,4127,0.496244245214441,8280,29145,242,335,19,72,22,93,8,22
"536","2020-03-17",23,7,29,195,4127,0.496244245214441,8280,29145,242,335,15,87,12,105,11,12
"537","2020-03-18",30,7,29,232,4127,0.496244245214441,8280,29145,242,335,22,109,11,116,10,11
"538","2020-03-19",33,7,29,260,4127,0.496244245214441,8280,29145,242,335,22,131,7,123,19,7
"539","2020-03-20",51,7,33,281,4127,0.496244245214441,8280,29145,242,335,16,147,25,148,13,25
"540","2020-03-21",67,7,30,299,4127,0.496244245214441,8280,29145,242,335,28,175,31,179,25,31
"541","2020-03-22",66,7,42,330,4127,0.496244245214441,8280,29145,242,335,26,201,19,198,22,19
"542","2020-03-23",75,7,44,356,4127,0.496244245214441,8280,29145,242,335,32,233,11,209,18,11
"543","2020-03-24",81,7,52,379,4127,0.496244245214441,8280,29145,242,335,46,279,6,215,37,6
"544","2020-03-25",89,7,51,406,4127,0.496244245214441,8280,29145,242,335,30,309,5,220,22,5
"545","2020-03-26",102,7,67,411,4127,0.496244245214441,8280,29145,242,335,47,356,9,229,38,9
"546","2020-03-27",122,7,66,431,4127,0.496244245214441,8280,29145,242,335,56,412,9,238,48,9
"547","2020-03-28",123,7,59,451,4127,0.496244245214441,8280,29145,242,335,51,463,2,240,43,2
"548","2020-03-29",133,7,64,470,4127,0.496244245214441,8280,29145,242,335,50,513,22,262,41,22
"549","2020-03-30",141,7,70,510,4127,0.496244245214441,8280,29145,242,335,60,573,13,275,54,13
"550","2020-03-31",145,7,74,526,4127,0.496244245214441,8280,29145,242,335,66,639,30,305,59,30
"551","2020-04-01",150,7,67,557,4127,0.496244245214441,8280,29145,242,335,76,715,15,320,66,15
"552","2020-04-02",160,7,70,592,4127,0.496244245214441,8280,29145,242,335,69,784,27,347,58,27
"553","2020-04-03",181,7,66,635,4127,0.496244245214441,8280,29145,242,335,70,854,34,381,62,34
"554","2020-04-04",199,7,60,639,4127,0.496244245214441,8280,29145,242,335,69,923,32,413,59,32
"555","2020-04-05",211,7,60,649,4127,0.496244245214441,8280,29145,242,335,82,1005,29,442,71,29
"556","2020-04-06",196,7,57,664,4127,0.496244245214441,8280,29145,242,335,85,1090,13,455,75,13
"557","2020-04-07",192,7,55,655,4127,0.496244245214441,8280,29145,242,335,77,1167,38,493,72,38
"558","2020-04-08",197,7,63,663,4127,0.496244245214441,8280,29145,242,335,87,1254,29,522,80,29
"559","2020-04-09",198,7,58,665,4127,0.496244245214441,8280,29145,242,335,106,1360,40,562,98,40
"560","2020-04-10",228,7,53,655,4127,0.496244245214441,8280,29145,242,335,100,1460,43,605,88,43
"561","2020-04-11",234,7,57,647,4127,0.496244245214441,8280,29145,242,335,92,1552,42,647,81,42
"562","2020-04-12",201,7,58,676,4127,0.496244245214441,8280,29145,242,335,90,1642,16,663,79,16
"563","2020-04-13",201,7,72,701,4127,0.496244245214441,8280,29145,242,335,99,1741,17,680,94,17
"564","2020-04-14",208,7,72,713,4127,0.496244245214441,8280,29145,242,335,81,1822,34,714,76,34
"565","2020-04-15",208,7,73,698,4127,0.496244245214441,8280,29145,242,335,110,1932,21,735,105,21
"566","2020-04-16",210,7,77,692,4127,0.496244245214441,8280,29145,242,335,107,2039,28,763,98,28
"567","2020-04-17",228,7,70,694,4127,0.496244245214441,8280,29145,242,335,104,2143,18,781,97,18
"568","2020-04-18",258,7,77,690,4127,0.496244245214441,8280,29145,242,335,99,2242,17,798,92,17
"569","2020-04-19",248,7,77,712,4127,0.496244245214441,8280,29145,242,335,82,2324,12,810,72,12
"570","2020-04-20",241,7,86,718,4127,0.496244245214441,8280,29145,242,335,107,2431,4,814,100,4
"571","2020-04-21",236,7,98,722,4127,0.496244245214441,8280,29145,242,335,106,2537,5,819,100,5
"572","2020-04-22",242,7,100,720,4127,0.496244245214441,8280,29145,242,335,90,2627,7,826,77,7
"573","2020-04-23",233,7,92,695,4127,0.496244245214441,8280,29145,242,335,85,2712,24,850,83,24
"574","2020-04-24",266,7,79,705,4127,0.496244245214441,8280,29145,242,335,89,2801,21,871,81,21
"575","2020-04-25",266,7,66,685,4127,0.496244245214441,8280,29145,242,335,98,2899,39,910,92,39
"576","2020-04-26",258,7,56,685,4127,0.496244245214441,8280,29145,242,335,88,2987,36,946,81,36
"577","2020-04-27",254,7,50,683,4127,0.496244245214441,8280,29145,242,335,92,3079,15,961,86,15
"578","2020-04-28",246,7,59,681,4127,0.496244245214441,8280,29145,242,335,99,3178,14,975,94,14
"579","2020-04-29",239,7,62,680,4127,0.496244245214441,8280,29145,242,335,76,3254,10,985,70,10
"580","2020-04-30",237,7,68,664,4127,0.496244245214441,8280,29145,242,335,95,3349,17,1002,92,17
"581","2020-05-01",222,7,80,663,4127,0.496244245214441,8280,29145,242,335,56,3405,32,1034,51,32
"582","2020-05-02",199,7,92,646,4127,0.496244245214441,8280,29145,242,335,72,3477,25,1059,67,25
"583","2020-05-03",182,7,91,631,4127,0.496244245214441,8280,29145,242,335,89,3566,13,1072,83,13
"584","2020-05-04",176,7,95,620,4127,0.496244245214441,8280,29145,242,335,70,3636,12,1084,62,12
"585","2020-05-05",181,7,101,609,4127,0.496244245214441,8280,29145,242,335,75,3711,7,1091,73,7
"586","2020-05-06",181,7,100,606,4127,0.496244245214441,8280,29145,242,335,48,3759,5,1096,43,5
"587","2020-05-07",174,7,91,582,4127,0.496244245214441,8280,29145,242,335,81,3840,6,1102,71,6
"588","2020-05-08",181,7,92,567,4127,0.496244245214441,8280,29145,242,335,49,3889,17,1119,41,17
"589","2020-05-09",189,7,108,562,4127,0.496244245214441,8280,29145,242,335,60,3949,9,1128,56,9
"590","2020-05-10",197,7,106,546,4127,0.496244245214441,8280,29145,242,335,56,4005,9,1137,51,9
"591","2020-05-11",199,7,99,541,4127,0.496244245214441,8280,29145,242,335,42,4047,38,1175,35,38
"592","2020-05-12",184,7,91,520,4127,0.496244245214441,8280,29145,242,335,55,4102,29,1204,47,29
"593","2020-05-13",175,7,82,495,4127,0.496244245214441,8280,29145,242,335,42,4144,21,1225,38,21
"594","2020-05-14",183,7,90,485,4127,0.496244245214441,8280,29145,242,335,59,4203,27,1252,56,27
"595","2020-05-15",184,7,99,490,4127,0.496244245214441,8280,29145,242,335,57,4260,35,1287,52,35
"596","2020-05-16",182,7,108,480,4127,0.496244245214441,8280,29145,242,335,44,4304,27,1314,41,27
"597","2020-05-17",154,7,103,465,4127,0.496244245214441,8280,29145,242,335,39,4343,39,1353,32,39
"598","2020-05-18",145,7,105,446,4127,0.496244245214441,8280,29145,242,335,29,4372,46,1399,27,46
"599","2020-05-19",147,7,93,423,4127,0.496244245214441,8280,29145,242,335,38,4410,28,1427,36,28
"600","2020-05-20",151,7,82,405,4127,0.496244245214441,8280,29145,242,335,34,4444,17,1444,31,17
"601","2020-05-21",145,7,85,395,4127,0.496244245214441,8280,29145,242,335,31,4475,17,1461,28,17
"602","2020-05-22",149,7,75,376,4127,0.496244245214441,8280,29145,242,335,33,4508,11,1472,30,11
"603","2020-05-23",147,7,76,373,4127,0.496244245214441,8280,29145,242,335,35,4543,6,1478,33,6
"604","2020-05-24",137,7,66,362,4127,0.496244245214441,8280,29145,242,335,43,4586,4,1482,39,4
"605","2020-05-25",126,7,64,354,4127,0.496244245214441,8280,29145,242,335,26,4612,2,1484,25,2
"606","2020-05-26",118,7,54,345,4127,0.496244245214441,8280,29145,242,335,23,4635,1,1485,19,1
"607","2020-05-27",109,7,48,329,4127,0.496244245214441,8280,29145,242,335,21,4656,3,1488,21,3
"608","2020-05-28",113,7,48,305,4127,0.496244245214441,8280,29145,242,335,23,4679,15,1503,20,15
"609","2020-05-29",99,7,52,298,4127,0.496244245214441,8280,29145,242,335,20,4699,22,1525,18,22
"610","2020-05-30",91,7,47,295,4127,0.496244245214441,8280,29145,242,335,25,4724,8,1533,25,8
"611","2020-05-31",103,7,40,287,4127,0.496244245214441,8280,29145,242,335,15,4739,8,1541,14,8
"612","2020-06-01",105,7,35,279,4127,0.496244245214441,8280,29145,242,335,14,4753,5,1546,13,5
"613","2020-06-02",102,7,39,264,4127,0.496244245214441,8280,29145,242,335,13,4766,15,1561,12,15
"614","2020-06-03",104,7,40,251,4127,0.496244245214441,8280,29145,242,335,18,4784,10,1571,17,10
"615","2020-06-04",96,7,40,231,4127,0.496244245214441,8280,29145,242,335,15,4799,15,1586,12,15
"616","2020-06-05",105,7,40,223,4127,0.496244245214441,8280,29145,242,335,10,4809,9,1595,10,9
"617","2020-06-06",104,7,36,214,4127,0.496244245214441,8280,29145,242,335,12,4821,25,1620,11,25
"618","2020-06-07",90,7,36,208,4127,0.496244245214441,8280,29145,242,335,12,4833,14,1634,12,14
"619","2020-03-14",3,8,46,86,4505,0.700998890122087,8190,30333,267,815,15,62,13,36,4,13
"620","2020-03-15",9,8,67,116,4505,0.700998890122087,8190,30333,267,815,24,86,18,54,3,18
"621","2020-03-16",10,8,73,137,4505,0.700998890122087,8190,30333,267,815,11,97,15,69,3,15
"622","2020-03-17",12,8,75,174,4505,0.700998890122087,8190,30333,267,815,20,117,22,91,10,22
"623","2020-03-18",18,8,75,206,4505,0.700998890122087,8190,30333,267,815,25,142,11,102,12,11
"624","2020-03-19",27,8,89,242,4505,0.700998890122087,8190,30333,267,815,28,170,16,118,12,16
"625","2020-03-20",37,8,84,283,4505,0.700998890122087,8190,30333,267,815,27,197,9,127,13,9
"626","2020-03-21",51,8,103,311,4505,0.700998890122087,8190,30333,267,815,27,224,5,132,18,5
"627","2020-03-22",88,8,125,358,4505,0.700998890122087,8190,30333,267,815,30,254,8,140,17,8
"628","2020-03-23",106,8,130,383,4505,0.700998890122087,8190,30333,267,815,29,283,5,145,18,5
"629","2020-03-24",106,8,130,417,4505,0.700998890122087,8190,30333,267,815,36,319,7,152,18,7
"630","2020-03-25",113,8,123,440,4505,0.700998890122087,8190,30333,267,815,35,354,10,162,22,10
"631","2020-03-26",116,8,135,477,4505,0.700998890122087,8190,30333,267,815,37,391,12,174,24,12
"632","2020-03-27",147,8,145,509,4505,0.700998890122087,8190,30333,267,815,40,431,13,187,23,13
"633","2020-03-28",160,8,155,531,4505,0.700998890122087,8190,30333,267,815,43,474,9,196,27,9
"634","2020-03-29",151,8,161,565,4505,0.700998890122087,8190,30333,267,815,40,514,12,208,22,12
"635","2020-03-30",148,8,181,611,4505,0.700998890122087,8190,30333,267,815,33,547,26,234,17,26
"636","2020-03-31",153,8,200,625,4505,0.700998890122087,8190,30333,267,815,52,599,20,254,34,20
"637","2020-04-01",168,8,202,652,4505,0.700998890122087,8190,30333,267,815,42,641,25,279,26,25
"638","2020-04-02",186,8,199,656,4505,0.700998890122087,8190,30333,267,815,53,694,6,285,38,6
"639","2020-04-03",194,8,206,679,4505,0.700998890122087,8190,30333,267,815,46,740,23,308,33,23
"640","2020-04-04",218,8,214,697,4505,0.700998890122087,8190,30333,267,815,50,790,28,336,37,28
"641","2020-04-05",219,8,222,712,4505,0.700998890122087,8190,30333,267,815,45,835,15,351,26,15
"642","2020-04-06",216,8,218,710,4505,0.700998890122087,8190,30333,267,815,47,882,23,374,35,23
"643","2020-04-07",225,8,205,717,4505,0.700998890122087,8190,30333,267,815,43,925,12,386,29,12
"644","2020-04-08",221,8,202,747,4505,0.700998890122087,8190,30333,267,815,51,976,13,399,41,13
"645","2020-04-09",222,8,201,779,4505,0.700998890122087,8190,30333,267,815,36,1012,12,411,24,12
"646","2020-04-10",247,8,189,786,4505,0.700998890122087,8190,30333,267,815,42,1054,9,420,29,9
"647","2020-04-11",239,8,190,796,4505,0.700998890122087,8190,30333,267,815,53,1107,7,427,36,7
"648","2020-04-12",250,8,183,815,4505,0.700998890122087,8190,30333,267,815,48,1155,20,447,31,20
"649","2020-04-13",249,8,179,821,4505,0.700998890122087,8190,30333,267,815,45,1200,15,462,29,15
"650","2020-04-14",242,8,171,837,4505,0.700998890122087,8190,30333,267,815,48,1248,17,479,30,17
"651","2020-04-15",250,8,162,852,4505,0.700998890122087,8190,30333,267,815,36,1284,22,501,24,22
"652","2020-04-16",251,8,166,871,4505,0.700998890122087,8190,30333,267,815,70,1354,17,518,47,17
"653","2020-04-17",298,8,199,869,4505,0.700998890122087,8190,30333,267,815,55,1409,26,544,37,26
"654","2020-04-18",305,8,213,898,4505,0.700998890122087,8190,30333,267,815,42,1451,16,560,23,16
"655","2020-04-19",310,8,224,865,4505,0.700998890122087,8190,30333,267,815,60,1511,17,577,39,17
"656","2020-04-20",308,8,214,876,4505,0.700998890122087,8190,30333,267,815,51,1562,31,608,33,31
"657","2020-04-21",312,8,227,874,4505,0.700998890122087,8190,30333,267,815,53,1615,28,636,42,28
"658","2020-04-22",315,8,241,858,4505,0.700998890122087,8190,30333,267,815,52,1667,20,656,41,20
"659","2020-04-23",314,8,238,839,4505,0.700998890122087,8190,30333,267,815,45,1712,27,683,32,27
"660","2020-04-24",326,8,215,833,4505,0.700998890122087,8190,30333,267,815,33,1745,25,708,22,25
"661","2020-04-25",327,8,225,832,4505,0.700998890122087,8190,30333,267,815,52,1797,28,736,34,28
"662","2020-04-26",289,8,246,831,4505,0.700998890122087,8190,30333,267,815,48,1845,30,766,31,30
"663","2020-04-27",285,8,254,810,4505,0.700998890122087,8190,30333,267,815,47,1892,27,793,26,27
"664","2020-04-28",261,8,253,805,4505,0.700998890122087,8190,30333,267,815,45,1937,20,813,31,20
"665","2020-04-29",252,8,242,792,4505,0.700998890122087,8190,30333,267,815,50,1987,10,823,27,10
"666","2020-04-30",259,8,257,769,4505,0.700998890122087,8190,30333,267,815,47,2034,19,842,31,19
"667","2020-05-01",267,8,270,759,4505,0.700998890122087,8190,30333,267,815,36,2070,14,856,23,14
"668","2020-05-02",298,8,279,744,4505,0.700998890122087,8190,30333,267,815,52,2122,7,863,39,7
"669","2020-05-03",275,8,266,752,4505,0.700998890122087,8190,30333,267,815,40,2162,7,870,18,7
"670","2020-05-04",270,8,256,722,4505,0.700998890122087,8190,30333,267,815,41,2203,19,889,25,19
"671","2020-05-05",269,8,237,730,4505,0.700998890122087,8190,30333,267,815,46,2249,14,903,28,14
"672","2020-05-06",268,8,241,692,4505,0.700998890122087,8190,30333,267,815,48,2297,21,924,37,21
"673","2020-05-07",257,8,236,668,4505,0.700998890122087,8190,30333,267,815,42,2339,9,933,30,9
"674","2020-05-08",246,8,258,656,4505,0.700998890122087,8190,30333,267,815,36,2375,9,942,20,9
"675","2020-05-09",228,8,259,611,4505,0.700998890122087,8190,30333,267,815,44,2419,16,958,31,16
"676","2020-05-10",214,8,257,602,4505,0.700998890122087,8190,30333,267,815,40,2459,19,977,28,19
"677","2020-05-11",207,8,253,582,4505,0.700998890122087,8190,30333,267,815,32,2491,15,992,18,15
"678","2020-05-12",202,8,244,560,4505,0.700998890122087,8190,30333,267,815,45,2536,15,1007,29,15
"679","2020-05-13",192,8,225,551,4505,0.700998890122087,8190,30333,267,815,29,2565,21,1028,21,21
"680","2020-05-14",192,8,225,545,4505,0.700998890122087,8190,30333,267,815,28,2593,12,1040,23,12
"681","2020-05-15",178,8,203,529,4505,0.700998890122087,8190,30333,267,815,32,2625,11,1051,21,11
"682","2020-05-16",153,8,185,492,4505,0.700998890122087,8190,30333,267,815,30,2655,17,1068,27,17
"683","2020-05-17",145,8,197,466,4505,0.700998890122087,8190,30333,267,815,27,2682,13,1081,17,13
"684","2020-05-18",142,8,228,435,4505,0.700998890122087,8190,30333,267,815,29,2711,14,1095,20,14
"685","2020-05-19",147,8,223,426,4505,0.700998890122087,8190,30333,267,815,28,2739,20,1115,18,20
"686","2020-05-20",153,8,215,405,4505,0.700998890122087,8190,30333,267,815,22,2761,25,1140,13,25
"687","2020-05-21",143,8,228,385,4505,0.700998890122087,8190,30333,267,815,32,2793,13,1153,21,13
"688","2020-05-22",145,8,222,375,4505,0.700998890122087,8190,30333,267,815,29,2822,25,1178,16,25
"689","2020-05-23",147,8,244,370,4505,0.700998890122087,8190,30333,267,815,32,2854,21,1199,24,21
"690","2020-05-24",139,8,260,359,4505,0.700998890122087,8190,30333,267,815,22,2876,16,1215,12,16
"691","2020-05-25",133,8,253,339,4505,0.700998890122087,8190,30333,267,815,27,2903,11,1226,15,11
"692","2020-05-26",116,8,252,318,4505,0.700998890122087,8190,30333,267,815,29,2932,8,1234,22,8
"693","2020-05-27",105,8,261,288,4505,0.700998890122087,8190,30333,267,815,29,2961,3,1237,17,3
"694","2020-05-28",95,8,250,259,4505,0.700998890122087,8190,30333,267,815,29,2990,14,1251,18,14
"695","2020-05-29",90,8,238,248,4505,0.700998890122087,8190,30333,267,815,23,3013,13,1264,13,13
"696","2020-05-30",89,8,228,234,4505,0.700998890122087,8190,30333,267,815,17,3030,14,1278,9,14
"697","2020-05-31",82,8,239,224,4505,0.700998890122087,8190,30333,267,815,19,3049,15,1293,14,15
"698","2020-06-01",75,8,215,205,4505,0.700998890122087,8190,30333,267,815,20,3069,18,1311,18,18
"699","2020-06-02",73,8,204,207,4505,0.700998890122087,8190,30333,267,815,12,3081,13,1324,7,13
"700","2020-06-03",75,8,199,202,4505,0.700998890122087,8190,30333,267,815,14,3095,10,1334,9,10
"701","2020-06-04",72,8,178,183,4505,0.700998890122087,8190,30333,267,815,9,3104,16,1350,8,16
"702","2020-06-05",72,8,178,173,4505,0.700998890122087,8190,30333,267,815,19,3123,11,1361,15,11
"703","2020-06-06",67,8,169,156,4505,0.700998890122087,8190,30333,267,815,18,3141,9,1370,13,9
"704","2020-06-07",61,8,172,145,4505,0.700998890122087,8190,30333,267,815,18,3159,5,1375,12,5
"705","2020-03-13",1,9,29,20,5669,0.960310460398659,8475,33024,286,510,6,13,15,32,1,15
"706","2020-03-14",2,9,43,35,5669,0.960310460398659,8475,33024,286,510,5,18,13,45,1,13
"707","2020-03-15",1,9,42,51,5669,0.960310460398659,8475,33024,286,510,8,26,8,53,5,8
"708","2020-03-16",2,9,37,73,5669,0.960310460398659,8475,33024,286,510,7,33,24,77,7,24
"709","2020-03-17",3,9,39,90,5669,0.960310460398659,8475,33024,286,510,8,41,15,92,7,15
"710","2020-03-18",7,9,41,99,5669,0.960310460398659,8475,33024,286,510,13,54,20,112,11,20
"711","2020-03-19",11,9,59,113,5669,0.960310460398659,8475,33024,286,510,16,70,17,129,15,17
"712","2020-03-20",22,9,66,145,5669,0.960310460398659,8475,33024,286,510,17,87,19,148,13,19
"713","2020-03-21",32,9,57,164,5669,0.960310460398659,8475,33024,286,510,14,101,15,163,13,15
"714","2020-03-22",39,9,55,191,5669,0.960310460398659,8475,33024,286,510,23,124,34,197,21,34
"715","2020-03-23",44,9,49,218,5669,0.960310460398659,8475,33024,286,510,26,150,29,226,24,29
"716","2020-03-24",52,9,44,254,5669,0.960310460398659,8475,33024,286,510,32,182,31,257,27,31
"717","2020-03-25",58,9,43,285,5669,0.960310460398659,8475,33024,286,510,45,227,16,273,42,16
"718","2020-03-26",57,9,42,315,5669,0.960310460398659,8475,33024,286,510,43,270,25,298,40,25
"719","2020-03-27",71,9,52,357,5669,0.960310460398659,8475,33024,286,510,35,305,24,322,33,24
"720","2020-03-28",106,9,49,410,5669,0.960310460398659,8475,33024,286,510,50,355,23,345,45,23
"721","2020-03-29",111,9,49,455,5669,0.960310460398659,8475,33024,286,510,54,409,3,348,51,3
"722","2020-03-30",104,9,57,485,5669,0.960310460398659,8475,33024,286,510,70,479,5,353,65,5
"723","2020-03-31",103,9,76,533,5669,0.960310460398659,8475,33024,286,510,63,542,22,375,61,22
"724","2020-04-01",120,9,78,612,5669,0.960310460398659,8475,33024,286,510,59,601,14,389,51,14
"725","2020-04-02",144,9,96,677,5669,0.960310460398659,8475,33024,286,510,86,687,16,405,78,16
"726","2020-04-03",197,9,100,732,5669,0.960310460398659,8475,33024,286,510,71,758,24,429,68,24
"727","2020-04-04",216,9,97,786,5669,0.960310460398659,8475,33024,286,510,94,852,17,446,90,17
"728","2020-04-05",232,9,95,872,5669,0.960310460398659,8475,33024,286,510,115,967,12,458,111,12
"729","2020-04-06",234,9,89,914,5669,0.960310460398659,8475,33024,286,510,98,1065,8,466,92,8
"730","2020-04-07",264,9,93,983,5669,0.960310460398659,8475,33024,286,510,104,1169,11,477,102,11
"731","2020-04-08",274,9,85,1073,5669,0.960310460398659,8475,33024,286,510,117,1286,8,485,115,8
"732","2020-04-09",285,9,87,1135,5669,0.960310460398659,8475,33024,286,510,129,1415,9,494,125,9
"733","2020-04-10",342,9,75,1229,5669,0.960310460398659,8475,33024,286,510,117,1532,10,504,115,10
"734","2020-04-11",375,9,106,1287,5669,0.960310460398659,8475,33024,286,510,121,1653,26,530,118,26
"735","2020-04-12",383,9,124,1340,5669,0.960310460398659,8475,33024,286,510,128,1781,9,539,124,9
"736","2020-04-13",399,9,132,1359,5669,0.960310460398659,8475,33024,286,510,129,1910,12,551,127,12
"737","2020-04-14",401,9,144,1407,5669,0.960310460398659,8475,33024,286,510,117,2027,11,562,114,11
"738","2020-04-15",414,9,154,1469,5669,0.960310460398659,8475,33024,286,510,109,2136,30,592,106,30
"739","2020-04-16",426,9,153,1466,5669,0.960310460398659,8475,33024,286,510,152,2288,32,624,148,32
"740","2020-04-17",546,9,162,1530,5669,0.960310460398659,8475,33024,286,510,155,2443,13,637,151,13
"741","2020-04-18",543,9,155,1521,5669,0.960310460398659,8475,33024,286,510,133,2576,14,651,131,14
"742","2020-04-19",473,9,169,1547,5669,0.960310460398659,8475,33024,286,510,145,2721,8,659,143,8
"743","2020-04-20",475,9,161,1540,5669,0.960310460398659,8475,33024,286,510,123,2844,21,680,119,21
"744","2020-04-21",482,9,164,1537,5669,0.960310460398659,8475,33024,286,510,141,2985,20,700,139,20
"745","2020-04-22",484,9,149,1508,5669,0.960310460398659,8475,33024,286,510,143,3128,27,727,143,27
"746","2020-04-23",490,9,155,1497,5669,0.960310460398659,8475,33024,286,510,132,3260,26,753,129,26
"747","2020-04-24",495,9,141,1464,5669,0.960310460398659,8475,33024,286,510,157,3417,13,766,154,13
"748","2020-04-25",509,9,125,1437,5669,0.960310460398659,8475,33024,286,510,133,3550,16,782,128,16
"749","2020-04-26",495,9,113,1395,5669,0.960310460398659,8475,33024,286,510,107,3657,13,795,105,13
"750","2020-04-27",500,9,117,1339,5669,0.960310460398659,8475,33024,286,510,122,3779,7,802,118,7
"751","2020-04-28",482,9,115,1289,5669,0.960310460398659,8475,33024,286,510,105,3884,27,829,101,27
"752","2020-04-29",470,9,110,1247,5669,0.960310460398659,8475,33024,286,510,114,3998,17,846,113,17
"753","2020-04-30",456,9,128,1204,5669,0.960310460398659,8475,33024,286,510,84,4082,37,883,81,37
"754","2020-05-01",458,9,126,1174,5669,0.960310460398659,8475,33024,286,510,110,4192,38,921,109,38
"755","2020-05-02",434,9,143,1124,5669,0.960310460398659,8475,33024,286,510,75,4267,35,956,73,35
"756","2020-05-03",398,9,152,1074,5669,0.960310460398659,8475,33024,286,510,69,4336,12,968,65,12
"757","2020-05-04",369,9,144,1024,5669,0.960310460398659,8475,33024,286,510,81,4417,7,975,78,7
"758","2020-05-05",351,9,157,990,5669,0.960310460398659,8475,33024,286,510,57,4474,14,989,57,14
"759","2020-05-06",350,9,133,941,5669,0.960310460398659,8475,33024,286,510,60,4534,48,1037,58,48
"760","2020-05-07",340,9,124,872,5669,0.960310460398659,8475,33024,286,510,62,4596,18,1055,57,18
"761","2020-05-08",317,9,133,812,5669,0.960310460398659,8475,33024,286,510,35,4631,17,1072,34,17
"762","2020-05-09",326,9,124,776,5669,0.960310460398659,8475,33024,286,510,37,4668,10,1082,36,10
"763","2020-05-10",284,9,143,716,5669,0.960310460398659,8475,33024,286,510,34,4702,2,1084,31,2
"764","2020-05-11",267,9,145,682,5669,0.960310460398659,8475,33024,286,510,42,4744,5,1089,40,5
"765","2020-05-12",253,9,137,660,5669,0.960310460398659,8475,33024,286,510,32,4776,3,1092,32,3
"766","2020-05-13",234,9,129,615,5669,0.960310460398659,8475,33024,286,510,43,4819,9,1101,41,9
"767","2020-05-14",224,9,140,570,5669,0.960310460398659,8475,33024,286,510,22,4841,23,1124,21,23
"768","2020-05-15",217,9,142,546,5669,0.960310460398659,8475,33024,286,510,36,4877,36,1160,35,36
"769","2020-05-16",218,9,161,510,5669,0.960310460398659,8475,33024,286,510,20,4897,16,1176,16,16
"770","2020-05-17",204,9,156,470,5669,0.960310460398659,8475,33024,286,510,22,4919,9,1185,21,9
"771","2020-05-18",188,9,141,438,5669,0.960310460398659,8475,33024,286,510,27,4946,3,1188,26,3
"772","2020-05-19",187,9,118,400,5669,0.960310460398659,8475,33024,286,510,18,4964,10,1198,17,10
"773","2020-05-20",183,9,112,372,5669,0.960310460398659,8475,33024,286,510,21,4985,32,1230,19,32
"774","2020-05-21",175,9,120,351,5669,0.960310460398659,8475,33024,286,510,16,5001,36,1266,15,36
"775","2020-05-22",162,9,120,329,5669,0.960310460398659,8475,33024,286,510,14,5015,40,1306,12,40
"776","2020-05-23",135,9,124,301,5669,0.960310460398659,8475,33024,286,510,22,5037,28,1334,19,28
"777","2020-05-24",113,9,131,281,5669,0.960310460398659,8475,33024,286,510,11,5048,27,1361,11,27
"778","2020-05-25",111,9,159,254,5669,0.960310460398659,8475,33024,286,510,13,5061,20,1381,13,20
"779","2020-05-26",100,9,163,235,5669,0.960310460398659,8475,33024,286,510,10,5071,16,1397,7,16
"780","2020-05-27",92,9,155,216,5669,0.960310460398659,8475,33024,286,510,11,5082,31,1428,10,31
"781","2020-05-28",89,9,144,197,5669,0.960310460398659,8475,33024,286,510,17,5099,13,1441,17,13
"782","2020-05-29",81,9,138,178,5669,0.960310460398659,8475,33024,286,510,10,5109,4,1445,8,4
"783","2020-05-30",76,9,113,171,5669,0.960310460398659,8475,33024,286,510,14,5123,2,1447,12,2
"784","2020-05-31",73,9,111,155,5669,0.960310460398659,8475,33024,286,510,8,5131,2,1449,8,2
"785","2020-06-01",67,9,100,139,5669,0.960310460398659,8475,33024,286,510,9,5140,11,1460,8,11
"786","2020-06-02",65,9,98,130,5669,0.960310460398659,8475,33024,286,510,8,5148,17,1477,8,17
"787","2020-06-03",65,9,94,125,5669,0.960310460398659,8475,33024,286,510,8,5156,13,1490,8,13
"788","2020-06-04",59,9,98,120,5669,0.960310460398659,8475,33024,286,510,8,5164,21,1511,7,21
"789","2020-06-05",54,9,102,117,5669,0.960310460398659,8475,33024,286,510,6,5170,27,1538,6,27
"790","2020-06-06",49,9,105,113,5669,0.960310460398659,8475,33024,286,510,4,5174,27,1565,3,27
"791","2020-06-07",43,9,96,110,5669,0.960310460398659,8475,33024,286,510,5,5179,11,1576,4,11
"792","2020-03-13",1,10,38,25,5609,0.944909966125869,8445,31379,333,694,16,40,4,22,2,4
"793","2020-03-14",6,10,48,38,5609,0.944909966125869,8445,31379,333,694,22,62,6,28,8,6
"794","2020-03-15",6,10,44,51,5609,0.944909966125869,8445,31379,333,694,25,87,7,35,11,7
"795","2020-03-16",6,10,46,68,5609,0.944909966125869,8445,31379,333,694,18,105,3,38,9,3
"796","2020-03-17",6,10,49,77,5609,0.944909966125869,8445,31379,333,694,34,139,NA,NA,15,NA
"797","2020-03-18",10,10,47,92,5609,0.944909966125869,8445,31379,333,694,30,169,1,39,16,1
"798","2020-03-19",15,10,45,103,5609,0.944909966125869,8445,31379,333,694,32,201,4,43,19,4
"799","2020-03-20",21,10,48,121,5609,0.944909966125869,8445,31379,333,694,33,234,5,48,24,5
"800","2020-03-21",23,10,50,148,5609,0.944909966125869,8445,31379,333,694,40,274,9,57,28,9
"801","2020-03-22",39,10,58,165,5609,0.944909966125869,8445,31379,333,694,35,309,3,60,25,3
"802","2020-03-23",44,10,56,187,5609,0.944909966125869,8445,31379,333,694,49,358,15,75,33,15
"803","2020-03-24",45,10,50,207,5609,0.944909966125869,8445,31379,333,694,35,393,10,85,26,10
"804","2020-03-25",46,10,45,229,5609,0.944909966125869,8445,31379,333,694,53,446,17,102,41,17
"805","2020-03-26",50,10,47,257,5609,0.944909966125869,8445,31379,333,694,53,499,14,116,42,14
"806","2020-03-27",64,10,45,278,5609,0.944909966125869,8445,31379,333,694,65,564,13,129,47,13
"807","2020-03-28",69,10,44,306,5609,0.944909966125869,8445,31379,333,694,60,624,16,145,45,16
"808","2020-03-29",68,10,63,335,5609,0.944909966125869,8445,31379,333,694,46,670,10,155,38,10
"809","2020-03-30",74,10,58,374,5609,0.944909966125869,8445,31379,333,694,67,737,6,161,54,6
"810","2020-03-31",82,10,56,418,5609,0.944909966125869,8445,31379,333,694,66,803,7,168,52,7
"811","2020-04-01",89,10,55,440,5609,0.944909966125869,8445,31379,333,694,73,876,5,173,60,5
"812","2020-04-02",98,10,53,488,5609,0.944909966125869,8445,31379,333,694,56,932,22,195,44,22
"813","2020-04-03",124,10,58,546,5609,0.944909966125869,8445,31379,333,694,79,1011,19,214,62,19
"814","2020-04-04",154,10,62,601,5609,0.944909966125869,8445,31379,333,694,66,1077,12,226,47,12
"815","2020-04-05",158,10,62,660,5609,0.944909966125869,8445,31379,333,694,71,1148,14,240,51,14
"816","2020-04-06",164,10,70,716,5609,0.944909966125869,8445,31379,333,694,72,1220,12,252,57,12
"817","2020-04-07",168,10,99,783,5609,0.944909966125869,8445,31379,333,694,92,1312,7,259,75,7
"818","2020-04-08",184,10,105,864,5609,0.944909966125869,8445,31379,333,694,76,1388,12,271,57,12
"819","2020-04-09",195,10,113,916,5609,0.944909966125869,8445,31379,333,694,70,1458,13,284,60,13
"820","2020-04-10",269,10,133,990,5609,0.944909966125869,8445,31379,333,694,81,1539,18,302,61,18
"821","2020-04-11",313,10,142,1068,5609,0.944909966125869,8445,31379,333,694,80,1619,5,307,60,5
"822","2020-04-12",310,10,151,1152,5609,0.944909966125869,8445,31379,333,694,90,1709,12,319,75,12
"823","2020-04-13",306,10,157,1205,5609,0.944909966125869,8445,31379,333,694,87,1796,15,334,66,15
"824","2020-04-14",325,10,172,1256,5609,0.944909966125869,8445,31379,333,694,78,1874,10,344,65,10
"825","2020-04-15",343,10,186,1398,5609,0.944909966125869,8445,31379,333,694,106,1980,13,357,86,13
"826","2020-04-16",360,10,172,1436,5609,0.944909966125869,8445,31379,333,694,106,2086,8,365,95,8
"827","2020-04-17",448,10,175,1487,5609,0.944909966125869,8445,31379,333,694,79,2165,12,377,63,12
"828","2020-04-18",441,10,166,1540,5609,0.944909966125869,8445,31379,333,694,89,2254,5,382,77,5
"829","2020-04-19",480,10,148,1588,5609,0.944909966125869,8445,31379,333,694,86,2340,18,400,74,18
"830","2020-04-20",493,10,136,1594,5609,0.944909966125869,8445,31379,333,694,91,2431,22,422,83,22
"831","2020-04-21",479,10,145,1629,5609,0.944909966125869,8445,31379,333,694,66,2497,18,440,58,18
"832","2020-04-22",490,10,146,1643,5609,0.944909966125869,8445,31379,333,694,83,2580,21,461,69,21
"833","2020-04-23",503,10,152,1682,5609,0.944909966125869,8445,31379,333,694,89,2669,6,467,76,6
"834","2020-04-24",572,10,173,1666,5609,0.944909966125869,8445,31379,333,694,57,2726,22,489,50,22
"835","2020-04-25",584,10,186,1648,5609,0.944909966125869,8445,31379,333,694,62,2788,31,520,56,31
"836","2020-04-26",528,10,173,1615,5609,0.944909966125869,8445,31379,333,694,78,2866,21,541,67,21
"837","2020-04-27",541,10,145,1624,5609,0.944909966125869,8445,31379,333,694,97,2963,11,552,84,11
"838","2020-04-28",528,10,140,1568,5609,0.944909966125869,8445,31379,333,694,83,3046,12,564,68,12
"839","2020-04-29",532,10,156,1516,5609,0.944909966125869,8445,31379,333,694,95,3141,10,574,83,10
"840","2020-04-30",521,10,149,1430,5609,0.944909966125869,8445,31379,333,694,53,3194,27,601,45,27
"841","2020-05-01",510,10,166,1369,5609,0.944909966125869,8445,31379,333,694,73,3267,22,623,64,22
"842","2020-05-02",505,10,165,1289,5609,0.944909966125869,8445,31379,333,694,66,3333,17,640,54,17
"843","2020-05-03",472,10,160,1224,5609,0.944909966125869,8445,31379,333,694,66,3399,34,674,59,34
"844","2020-05-04",452,10,140,1167,5609,0.944909966125869,8445,31379,333,694,72,3471,32,706,64,32
"845","2020-05-05",443,10,133,1113,5609,0.944909966125869,8445,31379,333,694,63,3534,20,726,53,20
"846","2020-05-06",420,10,138,1030,5609,0.944909966125869,8445,31379,333,694,70,3604,12,738,55,12
"847","2020-05-07",402,10,144,968,5609,0.944909966125869,8445,31379,333,694,64,3668,29,767,52,29
"848","2020-05-08",379,10,147,892,5609,0.944909966125869,8445,31379,333,694,64,3732,19,786,52,19
"849","2020-05-09",368,10,147,839,5609,0.944909966125869,8445,31379,333,694,49,3781,18,804,41,18
"850","2020-05-10",327,10,136,790,5609,0.944909966125869,8445,31379,333,694,43,3824,31,835,36,31
"851","2020-05-11",311,10,122,748,5609,0.944909966125869,8445,31379,333,694,52,3876,17,852,40,17
"852","2020-05-12",298,10,110,708,5609,0.944909966125869,8445,31379,333,694,51,3927,18,870,46,18
"853","2020-05-13",286,10,122,625,5609,0.944909966125869,8445,31379,333,694,42,3969,8,878,36,8
"854","2020-05-14",280,10,123,577,5609,0.944909966125869,8445,31379,333,694,52,4021,4,882,42,4
"855","2020-05-15",228,10,121,545,5609,0.944909966125869,8445,31379,333,694,36,4057,30,912,28,30
"856","2020-05-16",214,10,123,506,5609,0.944909966125869,8445,31379,333,694,37,4094,15,927,32,15
"857","2020-05-17",201,10,106,465,5609,0.944909966125869,8445,31379,333,694,45,4139,7,934,37,7
"858","2020-05-18",183,10,96,440,5609,0.944909966125869,8445,31379,333,694,41,4180,21,955,29,21
"859","2020-05-19",175,10,93,395,5609,0.944909966125869,8445,31379,333,694,35,4215,21,976,28,21
"860","2020-05-20",164,10,86,353,5609,0.944909966125869,8445,31379,333,694,23,4238,10,986,22,10
"861","2020-05-21",148,10,75,330,5609,0.944909966125869,8445,31379,333,694,39,4277,22,1008,30,22
"862","2020-05-22",142,10,62,306,5609,0.944909966125869,8445,31379,333,694,23,4300,12,1020,18,12
"863","2020-05-23",129,10,56,284,5609,0.944909966125869,8445,31379,333,694,29,4329,9,1029,20,9
"864","2020-05-24",115,10,50,266,5609,0.944909966125869,8445,31379,333,694,27,4356,15,1044,26,15
"865","2020-05-25",107,10,62,243,5609,0.944909966125869,8445,31379,333,694,16,4372,4,1048,16,4
"866","2020-05-26",95,10,71,230,5609,0.944909966125869,8445,31379,333,694,23,4395,9,1057,15,9
"867","2020-05-27",98,10,74,215,5609,0.944909966125869,8445,31379,333,694,21,4416,7,1064,15,7
"868","2020-05-28",97,10,72,194,5609,0.944909966125869,8445,31379,333,694,17,4433,10,1074,13,10
"869","2020-05-29",82,10,70,176,5609,0.944909966125869,8445,31379,333,694,14,4447,2,1076,9,2
"870","2020-05-30",78,10,68,160,5609,0.944909966125869,8445,31379,333,694,20,4467,5,1081,14,5
"871","2020-05-31",77,10,67,139,5609,0.944909966125869,8445,31379,333,694,18,4485,3,1084,12,3
"872","2020-06-01",73,10,73,132,5609,0.944909966125869,8445,31379,333,694,11,4496,NA,NA,7,NA
"873","2020-06-02",71,10,61,121,5609,0.944909966125869,8445,31379,333,694,11,4507,4,1088,9,4
"874","2020-06-03",58,10,62,104,5609,0.944909966125869,8445,31379,333,694,12,4519,3,1091,8,3
"875","2020-06-04",53,10,62,93,5609,0.944909966125869,8445,31379,333,694,16,4535,6,1097,10,6
"876","2020-06-05",47,10,64,81,5609,0.944909966125869,8445,31379,333,694,16,4551,3,1100,10,3
"877","2020-06-06",40,10,65,72,5609,0.944909966125869,8445,31379,333,694,11,4562,9,1109,9,9
"878","2020-06-07",26,10,65,66,5609,0.944909966125869,8445,31379,333,694,8,4570,4,1113,5,4
"879","2020-03-08",1,11,0,0,5947,0.816714309736001,8370,32574,343,526,NA,NA,NA,NA,NA,NA
"880","2020-03-09",1,11,0,0,5947,0.816714309736001,8370,32574,343,526,NA,NA,NA,NA,NA,NA
"881","2020-03-10",0,11,0,0,5947,0.816714309736001,8370,32574,343,526,NA,NA,NA,NA,NA,NA
"882","2020-03-11",0,11,0,0,5947,0.816714309736001,8370,32574,343,526,16,16,7,7,1,7
"883","2020-03-12",0,11,0,0,5947,0.816714309736001,8370,32574,343,526,14,30,7,14,NA,7
"884","2020-03-13",0,11,0,0,5947,0.816714309736001,8370,32574,343,526,24,54,18,32,3,18
"885","2020-03-14",3,11,35,63,5947,0.816714309736001,8370,32574,343,526,32,86,15,47,9,15
"886","2020-03-15",5,11,41,88,5947,0.816714309736001,8370,32574,343,526,24,110,17,64,7,17
"887","2020-03-16",7,11,60,112,5947,0.816714309736001,8370,32574,343,526,31,141,28,92,13,28
"888","2020-03-17",10,11,76,144,5947,0.816714309736001,8370,32574,343,526,35,176,34,126,16,34
"889","2020-03-18",12,11,74,177,5947,0.816714309736001,8370,32574,343,526,41,217,31,157,21,31
"890","2020-03-19",18,11,85,209,5947,0.816714309736001,8370,32574,343,526,39,256,40,197,21,40
"891","2020-03-20",26,11,92,240,5947,0.816714309736001,8370,32574,343,526,57,313,26,223,35,26
"892","2020-03-21",48,11,91,282,5947,0.816714309736001,8370,32574,343,526,63,376,51,274,38,51
"893","2020-03-22",64,11,76,327,5947,0.816714309736001,8370,32574,343,526,52,428,51,325,38,51
"894","2020-03-23",74,11,75,374,5947,0.816714309736001,8370,32574,343,526,62,490,32,357,43,32
"895","2020-03-24",84,11,76,431,5947,0.816714309736001,8370,32574,343,526,54,544,49,406,33,49
"896","2020-03-25",97,11,71,492,5947,0.816714309736001,8370,32574,343,526,75,619,41,447,49,41
"897","2020-03-26",115,11,64,537,5947,0.816714309736001,8370,32574,343,526,80,699,33,480,55,33
"898","2020-03-27",142,11,57,637,5947,0.816714309736001,8370,32574,343,526,76,775,29,509,48,29
"899","2020-03-28",173,11,54,690,5947,0.816714309736001,8370,32574,343,526,65,840,51,560,48,51
"900","2020-03-29",186,11,47,766,5947,0.816714309736001,8370,32574,343,526,76,916,49,609,55,49
"901","2020-03-30",190,11,48,859,5947,0.816714309736001,8370,32574,343,526,77,993,47,656,58,47
"902","2020-03-31",208,11,76,917,5947,0.816714309736001,8370,32574,343,526,78,1071,47,703,59,47
"903","2020-04-01",238,11,87,993,5947,0.816714309736001,8370,32574,343,526,72,1143,36,739,50,37
"904","2020-04-02",250,11,92,1047,5947,0.816714309736001,8370,32574,343,526,85,1228,33,772,65,33
"905","2020-04-03",325,11,93,1098,5947,0.816714309736001,8370,32574,343,526,93,1321,33,805,73,33
"906","2020-04-04",331,11,88,1190,5947,0.816714309736001,8370,32574,343,526,93,1414,40,845,77,40
"907","2020-04-05",372,11,84,1227,5947,0.816714309736001,8370,32574,343,526,84,1498,43,888,70,43
"908","2020-04-06",380,11,81,1290,5947,0.816714309736001,8370,32574,343,526,97,1595,40,928,76,40
"909","2020-04-07",380,11,102,1317,5947,0.816714309736001,8370,32574,343,526,109,1704,35,963,84,35
"910","2020-04-08",385,11,110,1340,5947,0.816714309736001,8370,32574,343,526,80,1784,36,999,58,36
"911","2020-04-09",396,11,109,1388,5947,0.816714309736001,8370,32574,343,526,93,1877,50,1049,75,50
"912","2020-04-10",469,11,99,1428,5947,0.816714309736001,8370,32574,343,526,92,1969,37,1086,70,37
"913","2020-04-11",489,11,110,1470,5947,0.816714309736001,8370,32574,343,526,112,2081,50,1136,91,50
"914","2020-04-12",493,11,115,1487,5947,0.816714309736001,8370,32574,343,526,88,2169,23,1159,65,23
"915","2020-04-13",510,11,152,1471,5947,0.816714309736001,8370,32574,343,526,98,2267,31,1190,80,31
"916","2020-04-14",486,11,161,1486,5947,0.816714309736001,8370,32574,343,526,73,2340,21,1211,59,21
"917","2020-04-15",485,11,172,1499,5947,0.816714309736001,8370,32574,343,526,84,2424,25,1236,67,25
"918","2020-04-16",492,11,156,1493,5947,0.816714309736001,8370,32574,343,526,102,2526,53,1289,79,53
"919","2020-04-17",556,11,142,1524,5947,0.816714309736001,8370,32574,343,526,69,2595,39,1328,49,39
"920","2020-04-18",564,11,118,1493,5947,0.816714309736001,8370,32574,343,526,71,2666,36,1364,53,36
"921","2020-04-19",504,11,112,1495,5947,0.816714309736001,8370,32574,343,526,101,2767,23,1387,81,23
"922","2020-04-20",490,11,102,1466,5947,0.816714309736001,8370,32574,343,526,71,2838,24,1411,54,24
"923","2020-04-21",488,11,118,1456,5947,0.816714309736001,8370,32574,343,526,85,2923,32,1443,68,32
"924","2020-04-22",491,11,122,1443,5947,0.816714309736001,8370,32574,343,526,67,2990,39,1482,45,39
"925","2020-04-23",481,11,132,1390,5947,0.816714309736001,8370,32574,343,526,75,3065,28,1510,48,28
"926","2020-04-24",465,11,125,1328,5947,0.816714309736001,8370,32574,343,526,71,3136,48,1558,58,48
"927","2020-04-25",478,11,107,1277,5947,0.816714309736001,8370,32574,343,526,53,3189,48,1606,42,48
"928","2020-04-26",444,11,91,1242,5947,0.816714309736001,8370,32574,343,526,83,3272,33,1639,62,33
"929","2020-04-27",422,11,93,1170,5947,0.816714309736001,8370,32574,343,526,81,3353,25,1664,59,25
"930","2020-04-28",407,11,103,1102,5947,0.816714309736001,8370,32574,343,526,66,3419,33,1697,37,33
"931","2020-04-29",403,11,115,1034,5947,0.816714309736001,8370,32574,343,526,62,3481,26,1723,41,26
"932","2020-04-30",404,11,116,1000,5947,0.816714309736001,8370,32574,343,526,64,3545,27,1750,36,27
"933","2020-05-01",370,11,151,946,5947,0.816714309736001,8370,32574,343,526,69,3614,25,1775,49,25
"934","2020-05-02",329,11,168,908,5947,0.816714309736001,8370,32574,343,526,58,3672,65,1840,48,65
"935","2020-05-03",333,11,185,870,5947,0.816714309736001,8370,32574,343,526,60,3732,45,1885,31,45
"936","2020-05-04",318,11,178,837,5947,0.816714309736001,8370,32574,343,526,46,3778,42,1927,29,42
"937","2020-05-05",305,11,194,817,5947,0.816714309736001,8370,32574,343,526,61,3839,49,1976,44,49
"938","2020-05-06",294,11,180,767,5947,0.816714309736001,8370,32574,343,526,59,3898,47,2023,41,47
"939","2020-05-07",282,11,174,710,5947,0.816714309736001,8370,32574,343,526,50,3948,36,2059,33,36
"940","2020-05-08",274,11,198,660,5947,0.816714309736001,8370,32574,343,526,54,4002,31,2090,40,31
"941","2020-05-09",293,11,197,624,5947,0.816714309736001,8370,32574,343,526,40,4042,36,2126,26,36
"942","2020-05-10",247,11,162,595,5947,0.816714309736001,8370,32574,343,526,34,4076,28,2154,20,28
"943","2020-05-11",239,11,126,559,5947,0.816714309736001,8370,32574,343,526,27,4103,27,2181,11,27
"944","2020-05-12",232,11,105,537,5947,0.816714309736001,8370,32574,343,526,44,4147,32,2213,34,32
"945","2020-05-13",211,11,106,497,5947,0.816714309736001,8370,32574,343,526,37,4184,28,2241,26,28
"946","2020-05-14",201,11,121,465,5947,0.816714309736001,8370,32574,343,526,36,4220,40,2281,24,40
"947","2020-05-15",198,11,125,432,5947,0.816714309736001,8370,32574,343,526,30,4250,25,2306,15,25
"948","2020-05-16",182,11,145,408,5947,0.816714309736001,8370,32574,343,526,26,4276,48,2354,18,48
"949","2020-05-17",160,11,145,378,5947,0.816714309736001,8370,32574,343,526,35,4311,45,2399,21,45
"950","2020-05-18",143,11,138,355,5947,0.816714309736001,8370,32574,343,526,27,4338,33,2432,18,33
"951","2020-05-19",132,11,159,325,5947,0.816714309736001,8370,32574,343,526,23,4361,31,2463,14,31
"952","2020-05-20",128,11,164,308,5947,0.816714309736001,8370,32574,343,526,26,4387,27,2490,14,27
"953","2020-05-21",115,11,170,296,5947,0.816714309736001,8370,32574,343,526,32,4419,46,2536,22,46
"954","2020-05-22",102,11,148,279,5947,0.816714309736001,8370,32574,343,526,24,4443,50,2586,15,50
"955","2020-05-23",95,11,138,256,5947,0.816714309736001,8370,32574,343,526,29,4472,57,2643,17,57
"956","2020-05-24",93,11,123,235,5947,0.816714309736001,8370,32574,343,526,23,4495,33,2676,11,33
"957","2020-05-25",89,11,110,228,5947,0.816714309736001,8370,32574,343,526,26,4521,46,2722,18,46
"958","2020-05-26",84,11,94,219,5947,0.816714309736001,8370,32574,343,526,25,4546,37,2759,19,37
"959","2020-05-27",83,11,96,206,5947,0.816714309736001,8370,32574,343,526,25,4571,32,2791,15,32
"960","2020-05-28",79,11,113,186,5947,0.816714309736001,8370,32574,343,526,19,4590,34,2825,12,34
"961","2020-05-29",74,11,110,179,5947,0.816714309736001,8370,32574,343,526,13,4603,35,2860,7,35
"962","2020-05-30",73,11,124,168,5947,0.816714309736001,8370,32574,343,526,17,4620,44,2904,7,44
"963","2020-05-31",64,11,117,164,5947,0.816714309736001,8370,32574,343,526,22,4642,32,2936,12,32
"964","2020-06-01",61,11,108,151,5947,0.816714309736001,8370,32574,343,526,10,4652,45,2981,6,45
"965","2020-06-02",54,11,102,148,5947,0.816714309736001,8370,32574,343,526,19,4671,49,3030,14,49
"966","2020-06-03",47,11,92,146,5947,0.816714309736001,8370,32574,343,526,19,4690,43,3073,10,43
"967","2020-06-04",46,11,88,134,5947,0.816714309736001,8370,32574,343,526,16,4706,40,3113,9,40
"968","2020-06-05",45,11,85,132,5947,0.816714309736001,8370,32574,343,526,13,4719,36,3149,8,36
"969","2020-06-06",39,11,84,122,5947,0.816714309736001,8370,32574,343,526,14,4733,36,3185,7,36
"970","2020-06-07",39,11,72,117,5947,0.816714309736001,8370,32574,343,526,6,4739,18,3203,3,18
"971","2020-03-13",3,12,22,62,3657,0.561936013125513,8235,27004,218,524,11,33,6,32,4,6
"972","2020-03-14",5,12,24,93,3657,0.561936013125513,8235,27004,218,524,13,46,1,33,2,1
"973","2020-03-15",11,12,23,120,3657,0.561936013125513,8235,27004,218,524,21,67,11,44,8,11
"974","2020-03-16",15,12,19,139,3657,0.561936013125513,8235,27004,218,524,24,91,4,48,12,4
"975","2020-03-17",22,12,29,162,3657,0.561936013125513,8235,27004,218,524,14,105,4,52,7,4
"976","2020-03-18",27,12,37,180,3657,0.561936013125513,8235,27004,218,524,17,122,NA,NA,7,NA
"977","2020-03-19",38,12,42,205,3657,0.561936013125513,8235,27004,218,524,21,143,4,56,15,4
"978","2020-03-20",45,12,54,227,3657,0.561936013125513,8235,27004,218,524,21,164,2,58,14,2
"979","2020-03-21",58,12,63,253,3657,0.561936013125513,8235,27004,218,524,31,195,5,63,22,5
"980","2020-03-22",64,12,75,278,3657,0.561936013125513,8235,27004,218,524,26,221,6,69,18,6
"981","2020-03-23",72,12,85,294,3657,0.561936013125513,8235,27004,218,524,49,270,8,77,40,8
"982","2020-03-24",79,12,90,316,3657,0.561936013125513,8235,27004,218,524,43,313,5,82,32,5
"983","2020-03-25",82,12,90,339,3657,0.561936013125513,8235,27004,218,524,39,352,5,87,33,5
"984","2020-03-26",83,12,86,346,3657,0.561936013125513,8235,27004,218,524,43,395,4,91,27,4
"985","2020-03-27",102,12,78,360,3657,0.561936013125513,8235,27004,218,524,46,441,15,106,35,15
"986","2020-03-28",107,12,82,372,3657,0.561936013125513,8235,27004,218,524,43,484,12,118,28,12
"987","2020-03-29",110,12,72,392,3657,0.561936013125513,8235,27004,218,524,53,537,5,123,45,5
"988","2020-03-30",106,12,72,408,3657,0.561936013125513,8235,27004,218,524,64,601,10,133,56,10
"989","2020-03-31",108,12,77,440,3657,0.561936013125513,8235,27004,218,524,55,656,12,145,48,12
"990","2020-04-01",115,12,90,484,3657,0.561936013125513,8235,27004,218,524,58,714,25,170,47,25
"991","2020-04-02",121,12,87,489,3657,0.561936013125513,8235,27004,218,524,55,769,17,187,48,17
"992","2020-04-03",138,12,86,518,3657,0.561936013125513,8235,27004,218,524,66,835,6,193,53,6
"993","2020-04-04",164,12,88,534,3657,0.561936013125513,8235,27004,218,524,64,899,14,207,53,14
"994","2020-04-05",176,12,108,537,3657,0.561936013125513,8235,27004,218,524,58,957,12,219,47,12
"995","2020-04-06",175,12,101,547,3657,0.561936013125513,8235,27004,218,524,50,1007,13,232,46,13
"996","2020-04-07",169,12,104,557,3657,0.561936013125513,8235,27004,218,524,67,1074,9,241,56,9
"997","2020-04-08",178,12,112,563,3657,0.561936013125513,8235,27004,218,524,72,1146,8,249,67,8
"998","2020-04-09",178,12,108,574,3657,0.561936013125513,8235,27004,218,524,83,1229,10,259,70,10
"999","2020-04-10",203,12,101,593,3657,0.561936013125513,8235,27004,218,524,71,1300,7,266,59,7
"1000","2020-04-11",214,12,106,607,3657,0.561936013125513,8235,27004,218,524,67,1367,3,269,60,3
"1001","2020-04-12",208,12,106,619,3657,0.561936013125513,8235,27004,218,524,72,1439,9,278,65,9
"1002","2020-04-13",205,12,105,634,3657,0.561936013125513,8235,27004,218,524,35,1474,4,282,28,4
"1003","2020-04-14",205,12,96,636,3657,0.561936013125513,8235,27004,218,524,75,1549,8,290,64,8
"1004","2020-04-15",203,12,92,646,3657,0.561936013125513,8235,27004,218,524,88,1637,11,301,71,11
"1005","2020-04-16",219,12,98,649,3657,0.561936013125513,8235,27004,218,524,81,1718,15,316,73,15
"1006","2020-04-17",229,12,106,671,3657,0.561936013125513,8235,27004,218,524,56,1774,8,324,48,8
"1007","2020-04-18",221,12,114,662,3657,0.561936013125513,8235,27004,218,524,52,1826,25,349,46,25
"1008","2020-04-19",224,12,105,644,3657,0.561936013125513,8235,27004,218,524,54,1880,24,373,46,24
"1009","2020-04-20",223,12,111,644,3657,0.561936013125513,8235,27004,218,524,57,1937,22,395,45,22
"1010","2020-04-21",213,12,108,632,3657,0.561936013125513,8235,27004,218,524,50,1987,15,410,41,15
"1011","2020-04-22",215,12,100,651,3657,0.561936013125513,8235,27004,218,524,53,2040,13,423,46,13
"1012","2020-04-23",209,12,94,658,3657,0.561936013125513,8235,27004,218,524,63,2103,15,438,56,15
"1013","2020-04-24",238,12,91,661,3657,0.561936013125513,8235,27004,218,524,47,2150,9,447,39,9
"1014","2020-04-25",254,12,101,640,3657,0.561936013125513,8235,27004,218,524,57,2207,4,451,47,4
"1015","2020-04-26",233,12,117,630,3657,0.561936013125513,8235,27004,218,524,61,2268,8,459,45,8
"1016","2020-04-27",232,12,113,633,3657,0.561936013125513,8235,27004,218,524,54,2322,21,480,40,21
"1017","2020-04-28",230,12,107,638,3657,0.561936013125513,8235,27004,218,524,46,2368,5,485,40,5
"1018","2020-04-29",225,12,106,619,3657,0.561936013125513,8235,27004,218,524,57,2425,30,515,43,30
"1019","2020-04-30",217,12,107,611,3657,0.561936013125513,8235,27004,218,524,54,2479,20,535,41,20
"1020","2020-05-01",207,12,110,578,3657,0.561936013125513,8235,27004,218,524,58,2537,31,566,48,31
"1021","2020-05-02",187,12,109,578,3657,0.561936013125513,8235,27004,218,524,41,2578,14,580,30,14
"1022","2020-05-03",200,12,98,569,3657,0.561936013125513,8235,27004,218,524,49,2627,32,612,37,32
"1023","2020-05-04",188,12,100,549,3657,0.561936013125513,8235,27004,218,524,47,2674,18,630,42,18
"1024","2020-05-05",187,12,104,541,3657,0.561936013125513,8235,27004,218,524,62,2736,10,640,49,10
"1025","2020-05-06",189,12,113,532,3657,0.561936013125513,8235,27004,218,524,37,2773,8,648,26,8
"1026","2020-05-07",186,12,125,520,3657,0.561936013125513,8235,27004,218,524,33,2806,2,650,29,2
"1027","2020-05-08",180,12,141,504,3657,0.561936013125513,8235,27004,218,524,38,2844,13,663,32,13
"1028","2020-05-09",187,12,139,494,3657,0.561936013125513,8235,27004,218,524,46,2890,23,686,36,23
"1029","2020-05-10",154,12,143,467,3657,0.561936013125513,8235,27004,218,524,38,2928,29,715,33,29
"1030","2020-05-11",156,12,148,448,3657,0.561936013125513,8235,27004,218,524,41,2969,29,744,34,29
"1031","2020-05-12",147,12,172,443,3657,0.561936013125513,8235,27004,218,524,28,2997,15,759,22,15
"1032","2020-05-13",140,12,157,440,3657,0.561936013125513,8235,27004,218,524,46,3043,9,768,39,9
"1033","2020-05-14",135,12,154,442,3657,0.561936013125513,8235,27004,218,524,39,3082,8,776,30,8
"1034","2020-05-15",137,12,156,431,3657,0.561936013125513,8235,27004,218,524,28,3110,6,782,19,6
"1035","2020-05-16",131,12,167,430,3657,0.561936013125513,8235,27004,218,524,35,3145,9,791,25,9
"1036","2020-05-17",137,12,144,427,3657,0.561936013125513,8235,27004,218,524,38,3183,16,807,27,16
"1037","2020-05-18",134,12,138,418,3657,0.561936013125513,8235,27004,218,524,37,3220,12,819,33,12
"1038","2020-05-19",132,12,157,401,3657,0.561936013125513,8235,27004,218,524,31,3251,14,833,24,14
"1039","2020-05-20",129,12,165,391,3657,0.561936013125513,8235,27004,218,524,28,3279,22,855,23,22
"1040","2020-05-21",133,12,157,385,3657,0.561936013125513,8235,27004,218,524,28,3307,10,865,25,10
"1041","2020-05-22",135,12,141,377,3657,0.561936013125513,8235,27004,218,524,20,3327,23,888,18,23
"1042","2020-05-23",134,12,143,358,3657,0.561936013125513,8235,27004,218,524,31,3358,21,909,30,21
"1043","2020-05-24",124,12,136,342,3657,0.561936013125513,8235,27004,218,524,34,3392,28,937,27,28
"1044","2020-05-25",117,12,126,324,3657,0.561936013125513,8235,27004,218,524,18,3410,22,959,13,22
"1045","2020-05-26",111,12,137,308,3657,0.561936013125513,8235,27004,218,524,24,3434,22,981,19,22
"1046","2020-05-27",114,12,132,303,3657,0.561936013125513,8235,27004,218,524,27,3461,24,1005,21,24
"1047","2020-05-28",104,12,131,294,3657,0.561936013125513,8235,27004,218,524,18,3479,22,1027,14,22
"1048","2020-05-29",98,12,130,275,3657,0.561936013125513,8235,27004,218,524,22,3501,9,1036,18,9
"1049","2020-05-30",99,12,121,255,3657,0.561936013125513,8235,27004,218,524,24,3525,24,1060,18,24
"1050","2020-05-31",94,12,119,252,3657,0.561936013125513,8235,27004,218,524,23,3548,21,1081,17,21
"1051","2020-06-01",92,12,106,234,3657,0.561936013125513,8235,27004,218,524,19,3567,12,1093,14,12
"1052","2020-06-02",86,12,104,226,3657,0.561936013125513,8235,27004,218,524,23,3590,15,1108,21,15
"1053","2020-06-03",83,12,97,225,3657,0.561936013125513,8235,27004,218,524,28,3618,6,1114,24,6
"1054","2020-06-04",87,12,90,213,3657,0.561936013125513,8235,27004,218,524,13,3631,5,1119,7,5
"1055","2020-06-05",95,12,79,200,3657,0.561936013125513,8235,27004,218,524,17,3648,8,1127,16,8
"1056","2020-06-06",90,12,84,190,3657,0.561936013125513,8235,27004,218,524,18,3666,4,1131,14,4
"1057","2020-06-07",73,12,85,186,3657,0.561936013125513,8235,27004,218,524,29,3695,2,1133,26,2
"1058","2020-03-07",1,13,0,0,5509,0.917226356870575,8460,31833,355,398,NA,NA,NA,NA,NA,NA
"1059","2020-03-08",3,13,0,0,5509,0.917226356870575,8460,31833,355,398,NA,NA,NA,NA,NA,NA
"1060","2020-03-09",2,13,0,0,5509,0.917226356870575,8460,31833,355,398,NA,NA,NA,NA,NA,NA
"1061","2020-03-10",0,13,0,0,5509,0.917226356870575,8460,31833,355,398,NA,NA,NA,NA,NA,NA
"1062","2020-03-11",0,13,0,0,5509,0.917226356870575,8460,31833,355,398,13,13,7,7,NA,7
"1063","2020-03-12",0,13,0,0,5509,0.917226356870575,8460,31833,355,398,14,27,2,9,2,2
"1064","2020-03-13",0,13,0,0,5509,0.917226356870575,8460,31833,355,398,19,46,4,13,1,4
"1065","2020-03-14",1,13,32,25,5509,0.917226356870575,8460,31833,355,398,19,65,3,16,6,3
"1066","2020-03-15",3,13,37,34,5509,0.917226356870575,8460,31833,355,398,19,84,4,20,6,4
"1067","2020-03-16",3,13,57,52,5509,0.917226356870575,8460,31833,355,398,27,111,2,22,12,2
"1068","2020-03-17",4,13,60,66,5509,0.917226356870575,8460,31833,355,398,17,128,6,28,8,6
"1069","2020-03-18",5,13,57,82,5509,0.917226356870575,8460,31833,355,398,37,165,6,34,26,6
"1070","2020-03-19",7,13,56,101,5509,0.917226356870575,8460,31833,355,398,37,202,3,37,25,3
"1071","2020-03-20",11,13,65,113,5509,0.917226356870575,8460,31833,355,398,30,232,8,45,16,8
"1072","2020-03-21",34,13,72,131,5509,0.917226356870575,8460,31833,355,398,36,268,1,46,26,1
"1073","2020-03-22",36,13,74,153,5509,0.917226356870575,8460,31833,355,398,46,314,2,48,29,2
"1074","2020-03-23",34,13,83,174,5509,0.917226356870575,8460,31833,355,398,49,363,1,49,42,1
"1075","2020-03-24",38,13,81,188,5509,0.917226356870575,8460,31833,355,398,52,415,13,62,38,13
"1076","2020-03-25",43,13,85,212,5509,0.917226356870575,8460,31833,355,398,48,463,12,74,38,12
"1077","2020-03-26",49,13,75,239,5509,0.917226356870575,8460,31833,355,398,51,514,9,83,38,9
"1078","2020-03-27",77,13,71,268,5509,0.917226356870575,8460,31833,355,398,63,577,13,96,44,13
"1079","2020-03-28",69,13,69,302,5509,0.917226356870575,8460,31833,355,398,62,639,7,103,49,7
"1080","2020-03-29",77,13,71,334,5509,0.917226356870575,8460,31833,355,398,64,703,12,115,50,12
"1081","2020-03-30",80,13,74,361,5509,0.917226356870575,8460,31833,355,398,72,775,3,118,54,3
"1082","2020-03-31",82,13,90,385,5509,0.917226356870575,8460,31833,355,398,70,845,10,128,59,10
"1083","2020-04-01",86,13,92,419,5509,0.917226356870575,8460,31833,355,398,85,930,7,135,61,7
"1084","2020-04-02",96,13,90,478,5509,0.917226356870575,8460,31833,355,398,80,1010,8,143,64,8
"1085","2020-04-03",105,13,82,536,5509,0.917226356870575,8460,31833,355,398,66,1076,14,157,53,14
"1086","2020-04-04",143,13,84,578,5509,0.917226356870575,8460,31833,355,398,100,1176,15,172,88,15
"1087","2020-04-05",155,13,93,636,5509,0.917226356870575,8460,31833,355,398,78,1254,15,187,65,15
"1088","2020-04-06",157,13,100,720,5509,0.917226356870575,8460,31833,355,398,74,1328,21,208,58,21
"1089","2020-04-07",166,13,101,785,5509,0.917226356870575,8460,31833,355,398,70,1398,20,228,58,20
"1090","2020-04-08",182,13,122,863,5509,0.917226356870575,8460,31833,355,398,73,1471,16,244,63,16
"1091","2020-04-09",191,13,113,969,5509,0.917226356870575,8460,31833,355,398,70,1541,15,259,58,15
"1092","2020-04-10",238,13,97,1058,5509,0.917226356870575,8460,31833,355,398,91,1632,10,269,79,10
"1093","2020-04-11",250,13,89,1130,5509,0.917226356870575,8460,31833,355,398,76,1708,15,284,63,15
"1094","2020-04-12",316,13,90,1214,5509,0.917226356870575,8460,31833,355,398,98,1806,13,297,83,13
"1095","2020-04-13",329,13,91,1246,5509,0.917226356870575,8460,31833,355,398,74,1880,11,308,60,11
"1096","2020-04-14",331,13,97,1310,5509,0.917226356870575,8460,31833,355,398,70,1950,14,322,50,14
"1097","2020-04-15",354,13,101,1341,5509,0.917226356870575,8460,31833,355,398,76,2026,18,340,63,18
"1098","2020-04-16",378,13,102,1410,5509,0.917226356870575,8460,31833,355,398,106,2132,12,352,82,12
"1099","2020-04-17",482,13,92,1429,5509,0.917226356870575,8460,31833,355,398,81,2213,10,362,64,10
"1100","2020-04-18",524,13,94,1443,5509,0.917226356870575,8460,31833,355,398,89,2302,15,377,71,15
"1101","2020-04-19",473,13,87,1477,5509,0.917226356870575,8460,31833,355,398,70,2372,11,388,55,11
"1102","2020-04-20",482,13,94,1492,5509,0.917226356870575,8460,31833,355,398,89,2461,3,391,76,3
"1103","2020-04-21",479,13,91,1519,5509,0.917226356870575,8460,31833,355,398,85,2546,11,402,78,11
"1104","2020-04-22",479,13,110,1530,5509,0.917226356870575,8460,31833,355,398,73,2619,11,413,62,11
"1105","2020-04-23",478,13,108,1505,5509,0.917226356870575,8460,31833,355,398,95,2714,11,424,80,11
"1106","2020-04-24",557,13,109,1519,5509,0.917226356870575,8460,31833,355,398,71,2785,15,439,53,15
"1107","2020-04-25",542,13,104,1512,5509,0.917226356870575,8460,31833,355,398,83,2868,15,454,67,15
"1108","2020-04-26",474,13,108,1514,5509,0.917226356870575,8460,31833,355,398,72,2940,24,478,55,24
"1109","2020-04-27",484,13,110,1490,5509,0.917226356870575,8460,31833,355,398,72,3012,19,497,47,19
"1110","2020-04-28",485,13,119,1480,5509,0.917226356870575,8460,31833,355,398,84,3096,18,515,71,18
"1111","2020-04-29",498,13,125,1465,5509,0.917226356870575,8460,31833,355,398,67,3163,13,528,51,13
"1112","2020-04-30",505,13,116,1418,5509,0.917226356870575,8460,31833,355,398,91,3254,25,553,80,25
"1113","2020-05-01",499,13,127,1338,5509,0.917226356870575,8460,31833,355,398,67,3321,21,574,56,21
"1114","2020-05-02",487,13,141,1301,5509,0.917226356870575,8460,31833,355,398,75,3396,17,591,67,17
"1115","2020-05-03",492,13,150,1231,5509,0.917226356870575,8460,31833,355,398,56,3452,16,607,50,16
"1116","2020-05-04",463,13,146,1172,5509,0.917226356870575,8460,31833,355,398,75,3527,25,632,59,25
"1117","2020-05-05",441,13,123,1128,5509,0.917226356870575,8460,31833,355,398,45,3572,20,652,32,20
"1118","2020-05-06",425,13,138,1073,5509,0.917226356870575,8460,31833,355,398,53,3625,23,675,42,23
"1119","2020-05-07",407,13,129,1026,5509,0.917226356870575,8460,31833,355,398,54,3679,20,695,45,20
"1120","2020-05-08",371,13,131,936,5509,0.917226356870575,8460,31833,355,398,63,3742,16,711,50,16
"1121","2020-05-09",374,13,129,863,5509,0.917226356870575,8460,31833,355,398,60,3802,19,730,45,19
"1122","2020-05-10",317,13,125,818,5509,0.917226356870575,8460,31833,355,398,43,3845,12,742,31,12
"1123","2020-05-11",301,13,116,752,5509,0.917226356870575,8460,31833,355,398,56,3901,21,763,47,21
"1124","2020-05-12",297,13,119,681,5509,0.917226356870575,8460,31833,355,398,35,3936,24,787,30,24
"1125","2020-05-13",283,13,118,637,5509,0.917226356870575,8460,31833,355,398,33,3969,8,795,28,8
"1126","2020-05-14",281,13,114,608,5509,0.917226356870575,8460,31833,355,398,38,4007,15,810,29,15
"1127","2020-05-15",256,13,114,555,5509,0.917226356870575,8460,31833,355,398,46,4053,2,812,31,2
"1128","2020-05-16",234,13,122,501,5509,0.917226356870575,8460,31833,355,398,46,4099,9,821,32,9
"1129","2020-05-17",212,13,109,493,5509,0.917226356870575,8460,31833,355,398,28,4127,7,828,18,7
"1130","2020-05-18",203,13,107,483,5509,0.917226356870575,8460,31833,355,398,37,4164,15,843,29,15
"1131","2020-05-19",189,13,101,441,5509,0.917226356870575,8460,31833,355,398,31,4195,16,859,25,16
"1132","2020-05-20",173,13,90,404,5509,0.917226356870575,8460,31833,355,398,27,4222,6,865,18,6
"1133","2020-05-21",147,13,93,362,5509,0.917226356870575,8460,31833,355,398,28,4250,13,878,25,13
"1134","2020-05-22",128,13,100,318,5509,0.917226356870575,8460,31833,355,398,23,4273,8,886,15,8
"1135","2020-05-23",116,13,102,283,5509,0.917226356870575,8460,31833,355,398,32,4305,11,897,24,11
"1136","2020-05-24",108,13,99,270,5509,0.917226356870575,8460,31833,355,398,28,4333,14,911,22,14
"1137","2020-05-25",103,13,103,252,5509,0.917226356870575,8460,31833,355,398,19,4352,11,922,14,11
"1138","2020-05-26",97,13,116,231,5509,0.917226356870575,8460,31833,355,398,18,4370,9,931,14,9
"1139","2020-05-27",93,13,120,211,5509,0.917226356870575,8460,31833,355,398,13,4383,8,939,9,8
"1140","2020-05-28",89,13,125,197,5509,0.917226356870575,8460,31833,355,398,17,4400,13,952,13,13
"1141","2020-05-29",81,13,129,176,5509,0.917226356870575,8460,31833,355,398,25,4425,7,959,19,7
"1142","2020-05-30",74,13,143,162,5509,0.917226356870575,8460,31833,355,398,14,4439,8,967,12,8
"1143","2020-05-31",76,13,145,146,5509,0.917226356870575,8460,31833,355,398,16,4455,9,976,15,9
"1144","2020-06-01",69,13,143,138,5509,0.917226356870575,8460,31833,355,398,13,4468,13,989,12,13
"1145","2020-06-02",57,13,135,130,5509,0.917226356870575,8460,31833,355,398,11,4479,9,998,4,9
"1146","2020-06-03",47,13,139,118,5509,0.917226356870575,8460,31833,355,398,14,4493,4,1002,9,4
"1147","2020-06-04",46,13,136,114,5509,0.917226356870575,8460,31833,355,398,12,4505,12,1014,9,12
"1148","2020-06-05",43,13,137,106,5509,0.917226356870575,8460,31833,355,398,10,4515,4,1018,4,4
"1149","2020-06-06",40,13,137,91,5509,0.917226356870575,8460,31833,355,398,15,4530,10,1028,8,10
"1150","2020-06-07",31,13,138,81,5509,0.917226356870575,8460,31833,355,398,12,4542,3,1031,5,3
"1151","2020-03-14",2,14,34,33,5413,0.910770367633475,8505,31393,337,562,21,78,12,46,8,12
"1152","2020-03-15",3,14,31,43,5413,0.910770367633475,8505,31393,337,562,17,95,10,56,14,10
"1153","2020-03-16",4,14,39,62,5413,0.910770367633475,8505,31393,337,562,23,118,11,67,18,11
"1154","2020-03-17",4,14,54,80,5413,0.910770367633475,8505,31393,337,562,27,145,8,75,17,8
"1155","2020-03-18",7,14,53,96,5413,0.910770367633475,8505,31393,337,562,22,167,21,96,14,21
"1156","2020-03-19",8,14,59,129,5413,0.910770367633475,8505,31393,337,562,24,191,10,106,16,10
"1157","2020-03-20",13,14,64,152,5413,0.910770367633475,8505,31393,337,562,39,230,21,127,30,21
"1158","2020-03-21",21,14,74,182,5413,0.910770367633475,8505,31393,337,562,40,270,9,136,27,9
"1159","2020-03-22",32,14,72,216,5413,0.910770367633475,8505,31393,337,562,49,319,10,146,45,10
"1160","2020-03-23",33,14,72,249,5413,0.910770367633475,8505,31393,337,562,41,360,9,155,30,9
"1161","2020-03-24",46,14,94,287,5413,0.910770367633475,8505,31393,337,562,35,395,15,170,28,15
"1162","2020-03-25",57,14,80,325,5413,0.910770367633475,8505,31393,337,562,52,447,10,180,41,10
"1163","2020-03-26",66,14,71,362,5413,0.910770367633475,8505,31393,337,562,45,492,7,187,38,7
"1164","2020-03-27",89,14,72,402,5413,0.910770367633475,8505,31393,337,562,38,530,23,210,32,23
"1165","2020-03-28",118,14,68,434,5413,0.910770367633475,8505,31393,337,562,53,583,17,227,46,17
"1166","2020-03-29",122,14,76,504,5413,0.910770367633475,8505,31393,337,562,54,637,22,249,43,22
"1167","2020-03-30",128,14,69,566,5413,0.910770367633475,8505,31393,337,562,50,687,9,258,40,9
"1168","2020-03-31",136,14,62,623,5413,0.910770367633475,8505,31393,337,562,49,736,11,269,44,11
"1169","2020-04-01",148,14,68,666,5413,0.910770367633475,8505,31393,337,562,80,816,16,285,64,16
"1170","2020-04-02",173,14,68,706,5413,0.910770367633475,8505,31393,337,562,57,873,32,317,51,32
"1171","2020-04-03",224,14,66,744,5413,0.910770367633475,8505,31393,337,562,51,924,12,329,44,12
"1172","2020-04-04",236,14,70,788,5413,0.910770367633475,8505,31393,337,562,67,991,9,338,58,9
"1173","2020-04-05",255,14,71,841,5413,0.910770367633475,8505,31393,337,562,68,1059,10,348,60,10
"1174","2020-04-06",260,14,65,888,5413,0.910770367633475,8505,31393,337,562,54,1113,26,374,42,26
"1175","2020-04-07",265,14,72,958,5413,0.910770367633475,8505,31393,337,562,54,1167,8,382,43,8
"1176","2020-04-08",279,14,74,995,5413,0.910770367633475,8505,31393,337,562,58,1225,31,413,43,31
"1177","2020-04-09",279,14,70,1025,5413,0.910770367633475,8505,31393,337,562,83,1308,18,431,76,18
"1178","2020-04-10",322,14,85,1077,5413,0.910770367633475,8505,31393,337,562,72,1380,22,453,56,22
"1179","2020-04-11",340,14,92,1121,5413,0.910770367633475,8505,31393,337,562,80,1460,24,477,64,24
"1180","2020-04-12",364,14,92,1150,5413,0.910770367633475,8505,31393,337,562,80,1540,16,493,67,16
"1181","2020-04-13",364,14,98,1203,5413,0.910770367633475,8505,31393,337,562,62,1602,15,508,51,15
"1182","2020-04-14",359,14,100,1219,5413,0.910770367633475,8505,31393,337,562,60,1662,9,517,49,9
"1183","2020-04-15",358,14,112,1240,5413,0.910770367633475,8505,31393,337,562,64,1726,13,530,54,13
"1184","2020-04-16",369,14,123,1281,5413,0.910770367633475,8505,31393,337,562,78,1804,3,533,63,3
"1185","2020-04-17",439,14,119,1351,5413,0.910770367633475,8505,31393,337,562,74,1878,3,536,63,3
"1186","2020-04-18",457,14,114,1352,5413,0.910770367633475,8505,31393,337,562,60,1938,21,557,44,21
"1187","2020-04-19",415,14,111,1424,5413,0.910770367633475,8505,31393,337,562,49,1987,22,579,37,22
"1188","2020-04-20",427,14,117,1432,5413,0.910770367633475,8505,31393,337,562,68,2055,17,596,52,17
"1189","2020-04-21",432,14,134,1438,5413,0.910770367633475,8505,31393,337,562,66,2121,11,607,51,11
"1190","2020-04-22",448,14,146,1460,5413,0.910770367633475,8505,31393,337,562,73,2194,25,632,64,25
"1191","2020-04-23",457,14,152,1463,5413,0.910770367633475,8505,31393,337,562,80,2274,41,673,67,41
"1192","2020-04-24",517,14,155,1448,5413,0.910770367633475,8505,31393,337,562,53,2327,41,714,41,41
"1193","2020-04-25",519,14,183,1429,5413,0.910770367633475,8505,31393,337,562,68,2395,24,738,54,24
"1194","2020-04-26",462,14,180,1410,5413,0.910770367633475,8505,31393,337,562,46,2441,11,749,36,11
"1195","2020-04-27",469,14,186,1365,5413,0.910770367633475,8505,31393,337,562,55,2496,7,756,45,7
"1196","2020-04-28",470,14,170,1311,5413,0.910770367633475,8505,31393,337,562,76,2572,17,773,58,17
"1197","2020-04-29",464,14,153,1271,5413,0.910770367633475,8505,31393,337,562,65,2637,47,820,50,47
"1198","2020-04-30",449,14,159,1216,5413,0.910770367633475,8505,31393,337,562,57,2694,45,865,44,45
"1199","2020-05-01",441,14,179,1170,5413,0.910770367633475,8505,31393,337,562,48,2742,21,886,40,21
"1200","2020-05-02",417,14,180,1122,5413,0.910770367633475,8505,31393,337,562,53,2795,18,904,40,18
"1201","2020-05-03",420,14,196,1054,5413,0.910770367633475,8505,31393,337,562,67,2862,28,932,58,28
"1202","2020-05-04",392,14,200,971,5413,0.910770367633475,8505,31393,337,562,53,2915,22,954,47,22
"1203","2020-05-05",361,14,201,922,5413,0.910770367633475,8505,31393,337,562,46,2961,40,994,37,40
"1204","2020-05-06",346,14,202,860,5413,0.910770367633475,8505,31393,337,562,43,3004,19,1013,36,19
"1205","2020-05-07",337,14,188,807,5413,0.910770367633475,8505,31393,337,562,53,3057,17,1030,44,17
"1206","2020-05-08",302,14,184,761,5413,0.910770367633475,8505,31393,337,562,47,3104,31,1061,37,31
"1207","2020-05-09",315,14,204,699,5413,0.910770367633475,8505,31393,337,562,59,3163,30,1091,55,30
"1208","2020-05-10",277,14,205,656,5413,0.910770367633475,8505,31393,337,562,46,3209,50,1141,37,50
"1209","2020-05-11",266,14,208,625,5413,0.910770367633475,8505,31393,337,562,41,3250,30,1171,36,30
"1210","2020-05-12",255,14,201,585,5413,0.910770367633475,8505,31393,337,562,43,3293,22,1193,34,22
"1211","2020-05-13",239,14,176,538,5413,0.910770367633475,8505,31393,337,562,30,3323,35,1228,29,35
"1212","2020-05-14",228,14,176,492,5413,0.910770367633475,8505,31393,337,562,49,3372,23,1251,44,23
"1213","2020-05-15",218,14,155,458,5413,0.910770367633475,8505,31393,337,562,42,3414,27,1278,29,27
"1214","2020-05-16",191,14,149,432,5413,0.910770367633475,8505,31393,337,562,34,3448,42,1320,31,42
"1215","2020-05-17",171,14,154,414,5413,0.910770367633475,8505,31393,337,562,45,3493,36,1356,39,36
"1216","2020-05-18",155,14,157,396,5413,0.910770367633475,8505,31393,337,562,35,3528,27,1383,30,27
"1217","2020-05-19",151,14,147,371,5413,0.910770367633475,8505,31393,337,562,33,3561,27,1410,28,27
"1218","2020-05-20",153,14,151,352,5413,0.910770367633475,8505,31393,337,562,34,3595,11,1421,28,11
"1219","2020-05-21",146,14,156,322,5413,0.910770367633475,8505,31393,337,562,22,3617,11,1432,17,11
"1220","2020-05-22",126,14,150,292,5413,0.910770367633475,8505,31393,337,562,29,3646,28,1460,21,28
"1221","2020-05-23",134,14,148,282,5413,0.910770367633475,8505,31393,337,562,29,3675,43,1503,23,43
"1222","2020-05-24",117,14,134,259,5413,0.910770367633475,8505,31393,337,562,33,3708,39,1542,27,39
"1223","2020-05-25",116,14,128,241,5413,0.910770367633475,8505,31393,337,562,21,3729,19,1561,17,19
"1224","2020-05-26",110,14,125,215,5413,0.910770367633475,8505,31393,337,562,26,3755,28,1589,22,28
"1225","2020-05-27",99,14,127,190,5413,0.910770367633475,8505,31393,337,562,23,3778,8,1597,18,8
"1226","2020-05-28",93,14,122,176,5413,0.910770367633475,8505,31393,337,562,17,3795,28,1625,16,28
"1227","2020-05-29",81,14,117,153,5413,0.910770367633475,8505,31393,337,562,29,3824,15,1640,22,15
"1228","2020-05-30",69,14,139,144,5413,0.910770367633475,8505,31393,337,562,20,3844,18,1658,14,18
"1229","2020-05-31",59,14,146,139,5413,0.910770367633475,8505,31393,337,562,16,3860,5,1663,14,5
"1230","2020-06-01",48,14,142,135,5413,0.910770367633475,8505,31393,337,562,22,3882,10,1673,14,10
"1231","2020-06-02",41,14,153,125,5413,0.910770367633475,8505,31393,337,562,23,3905,20,1693,17,20
"1232","2020-06-03",36,14,147,117,5413,0.910770367633475,8505,31393,337,562,25,3930,25,1718,20,25
"1233","2020-06-04",34,14,145,117,5413,0.910770367633475,8505,31393,337,562,11,3941,12,1730,10,12
"1234","2020-06-05",41,14,144,122,5413,0.910770367633475,8505,31393,337,562,17,3958,7,1737,11,7
"1235","2020-06-06",36,14,133,123,5413,0.910770367633475,8505,31393,337,562,16,3974,10,1747,13,10
"1236","2020-06-07",42,14,110,120,5413,0.910770367633475,8505,31393,337,562,14,3988,4,1751,13,4
"1237","2020-03-13",2,15,46,83,4541,0.595683770094693,8400,31490,237,744,18,62,4,11,NA,4
"1238","2020-03-14",4,15,77,108,4541,0.595683770094693,8400,31490,237,744,33,95,5,16,10,5
"1239","2020-03-15",14,15,80,160,4541,0.595683770094693,8400,31490,237,744,33,128,NA,NA,11,NA
"1240","2020-03-16",18,15,64,200,4541,0.595683770094693,8400,31490,237,744,32,160,4,20,10,4
"1241","2020-03-17",30,15,66,235,4541,0.595683770094693,8400,31490,237,744,35,195,13,33,21,13
"1242","2020-03-18",33,15,83,268,4541,0.595683770094693,8400,31490,237,744,39,234,5,38,17,5
"1243","2020-03-19",44,15,118,305,4541,0.595683770094693,8400,31490,237,744,32,266,4,42,11,4
"1244","2020-03-20",71,15,119,346,4541,0.595683770094693,8400,31490,237,744,30,296,7,49,14,7
"1245","2020-03-21",114,15,117,393,4541,0.595683770094693,8400,31490,237,744,33,329,3,52,19,3
"1246","2020-03-22",112,15,133,444,4541,0.595683770094693,8400,31490,237,744,47,376,14,66,21,14
"1247","2020-03-23",112,15,152,467,4541,0.595683770094693,8400,31490,237,744,41,417,10,76,17,10
"1248","2020-03-24",109,15,160,491,4541,0.595683770094693,8400,31490,237,744,47,464,9,85,22,9
"1249","2020-03-25",126,15,142,506,4541,0.595683770094693,8400,31490,237,744,56,520,10,95,26,10
"1250","2020-03-26",138,15,146,533,4541,0.595683770094693,8400,31490,237,744,49,569,18,113,21,18
"1251","2020-03-27",180,15,139,563,4541,0.595683770094693,8400,31490,237,744,50,619,6,119,22,6
"1252","2020-03-28",185,15,123,585,4541,0.595683770094693,8400,31490,237,744,45,664,11,130,26,11
"1253","2020-03-29",205,15,104,598,4541,0.595683770094693,8400,31490,237,744,47,711,10,140,23,10
"1254","2020-03-30",200,15,122,613,4541,0.595683770094693,8400,31490,237,744,64,775,15,155,42,15
"1255","2020-03-31",208,15,153,635,4541,0.595683770094693,8400,31490,237,744,60,835,18,173,31,18
"1256","2020-04-01",214,15,186,634,4541,0.595683770094693,8400,31490,237,744,66,901,9,182,33,9
"1257","2020-04-02",212,15,208,663,4541,0.595683770094693,8400,31490,237,744,72,973,8,190,46,8
"1258","2020-04-03",231,15,203,664,4541,0.595683770094693,8400,31490,237,744,85,1058,8,198,46,8
"1259","2020-04-04",254,15,191,659,4541,0.595683770094693,8400,31490,237,744,55,1113,9,207,30,9
"1260","2020-04-05",237,15,177,687,4541,0.595683770094693,8400,31490,237,744,48,1161,4,211,27,4
"1261","2020-04-06",240,15,181,698,4541,0.595683770094693,8400,31490,237,744,61,1222,6,217,40,6
"1262","2020-04-07",245,15,177,685,4541,0.595683770094693,8400,31490,237,744,65,1287,5,222,48,5
"1263","2020-04-08",250,15,160,712,4541,0.595683770094693,8400,31490,237,744,57,1344,12,234,33,12
"1264","2020-04-09",256,15,142,718,4541,0.595683770094693,8400,31490,237,744,62,1406,7,241,35,7
"1265","2020-04-10",275,15,139,709,4541,0.595683770094693,8400,31490,237,744,54,1460,7,248,29,7
"1266","2020-04-11",286,15,190,737,4541,0.595683770094693,8400,31490,237,744,56,1516,8,256,24,8
"1267","2020-04-12",258,15,196,749,4541,0.595683770094693,8400,31490,237,744,76,1592,11,267,44,11
"1268","2020-04-13",242,15,162,766,4541,0.595683770094693,8400,31490,237,744,79,1671,12,279,37,12
"1269","2020-04-14",240,15,152,781,4541,0.595683770094693,8400,31490,237,744,72,1743,13,292,47,13
"1270","2020-04-15",231,15,154,765,4541,0.595683770094693,8400,31490,237,744,61,1804,9,301,39,9
"1271","2020-04-16",234,15,172,775,4541,0.595683770094693,8400,31490,237,744,54,1858,13,314,31,13
"1272","2020-04-17",246,15,164,751,4541,0.595683770094693,8400,31490,237,744,69,1927,10,324,46,10
"1273","2020-04-18",232,15,198,742,4541,0.595683770094693,8400,31490,237,744,58,1985,21,345,34,21
"1274","2020-04-19",233,15,200,759,4541,0.595683770094693,8400,31490,237,744,79,2064,12,357,52,12
"1275","2020-04-20",231,15,173,734,4541,0.595683770094693,8400,31490,237,744,66,2130,16,373,37,16
"1276","2020-04-21",230,15,148,730,4541,0.595683770094693,8400,31490,237,744,69,2199,16,389,37,16
"1277","2020-04-22",235,15,148,727,4541,0.595683770094693,8400,31490,237,744,58,2257,15,404,35,15
"1278","2020-04-23",238,15,177,724,4541,0.595683770094693,8400,31490,237,744,39,2296,12,416,16,12
"1279","2020-04-24",248,15,182,705,4541,0.595683770094693,8400,31490,237,744,63,2359,6,422,33,6
"1280","2020-04-25",256,15,165,685,4541,0.595683770094693,8400,31490,237,744,53,2412,6,428,34,6
"1281","2020-04-26",248,15,193,679,4541,0.595683770094693,8400,31490,237,744,63,2475,1,429,29,1
"1282","2020-04-27",245,15,216,675,4541,0.595683770094693,8400,31490,237,744,58,2533,4,433,32,4
"1283","2020-04-28",238,15,222,681,4541,0.595683770094693,8400,31490,237,744,63,2596,14,447,30,14
"1284","2020-04-29",241,15,214,683,4541,0.595683770094693,8400,31490,237,744,61,2657,15,462,36,15
"1285","2020-04-30",235,15,198,660,4541,0.595683770094693,8400,31490,237,744,52,2709,16,478,29,16
"1286","2020-05-01",242,15,169,632,4541,0.595683770094693,8400,31490,237,744,56,2765,15,493,32,15
"1287","2020-05-02",242,15,162,637,4541,0.595683770094693,8400,31490,237,744,48,2813,24,517,35,24
"1288","2020-05-03",221,15,199,630,4541,0.595683770094693,8400,31490,237,744,38,2851,15,532,19,15
"1289","2020-05-04",215,15,219,630,4541,0.595683770094693,8400,31490,237,744,53,2904,16,548,24,16
"1290","2020-05-05",209,15,193,610,4541,0.595683770094693,8400,31490,237,744,50,2954,19,567,25,19
"1291","2020-05-06",204,15,180,612,4541,0.595683770094693,8400,31490,237,744,53,3007,19,586,31,19
"1292","2020-05-07",195,15,192,603,4541,0.595683770094693,8400,31490,237,744,42,3049,11,597,20,11
"1293","2020-05-08",189,15,195,569,4541,0.595683770094693,8400,31490,237,744,46,3095,13,610,18,13
"1294","2020-05-09",198,15,249,574,4541,0.595683770094693,8400,31490,237,744,48,3143,32,642,35,32
"1295","2020-05-10",182,15,264,552,4541,0.595683770094693,8400,31490,237,744,51,3194,15,657,28,15
"1296","2020-05-11",173,15,265,557,4541,0.595683770094693,8400,31490,237,744,40,3234,13,670,23,13
"1297","2020-05-12",176,15,278,545,4541,0.595683770094693,8400,31490,237,744,33,3267,9,679,13,9
"1298","2020-05-13",170,15,246,548,4541,0.595683770094693,8400,31490,237,744,27,3294,10,689,18,10
"1299","2020-05-14",176,15,225,559,4541,0.595683770094693,8400,31490,237,744,43,3337,14,703,26,14
"1300","2020-05-15",181,15,194,542,4541,0.595683770094693,8400,31490,237,744,42,3379,23,726,15,23
"1301","2020-05-16",179,15,186,533,4541,0.595683770094693,8400,31490,237,744,33,3412,27,753,14,27
"1302","2020-05-17",173,15,201,518,4541,0.595683770094693,8400,31490,237,744,27,3439,14,767,15,14
"1303","2020-05-18",174,15,214,506,4541,0.595683770094693,8400,31490,237,744,28,3467,19,786,15,19
"1304","2020-05-19",166,15,201,502,4541,0.595683770094693,8400,31490,237,744,40,3507,11,797,19,11
"1305","2020-05-20",156,15,176,488,4541,0.595683770094693,8400,31490,237,744,37,3544,7,804,13,7
"1306","2020-05-21",150,15,164,467,4541,0.595683770094693,8400,31490,237,744,31,3575,13,817,15,13
"1307","2020-05-22",167,15,157,460,4541,0.595683770094693,8400,31490,237,744,31,3606,8,825,16,8
"1308","2020-05-23",164,15,153,445,4541,0.595683770094693,8400,31490,237,744,31,3637,12,837,14,12
"1309","2020-05-24",154,15,133,430,4541,0.595683770094693,8400,31490,237,744,23,3660,10,847,15,10
"1310","2020-05-25",159,15,110,406,4541,0.595683770094693,8400,31490,237,744,25,3685,8,855,4,8
"1311","2020-05-26",157,15,96,390,4541,0.595683770094693,8400,31490,237,744,24,3709,3,858,12,3
"1312","2020-05-27",158,15,119,376,4541,0.595683770094693,8400,31490,237,744,16,3725,5,863,13,5
"1313","2020-05-28",148,15,126,353,4541,0.595683770094693,8400,31490,237,744,22,3747,5,868,10,5
"1314","2020-05-29",141,15,146,337,4541,0.595683770094693,8400,31490,237,744,19,3766,11,879,5,11
"1315","2020-05-30",128,15,154,327,4541,0.595683770094693,8400,31490,237,744,23,3789,3,882,10,3
"1316","2020-05-31",113,15,157,310,4541,0.595683770094693,8400,31490,237,744,21,3810,1,883,7,1
"1317","2020-06-01",95,15,158,303,4541,0.595683770094693,8400,31490,237,744,15,3825,1,884,6,1
"1318","2020-06-02",87,15,154,280,4541,0.595683770094693,8400,31490,237,744,20,3845,9,893,9,9
"1319","2020-06-03",92,15,154,271,4541,0.595683770094693,8400,31490,237,744,23,3868,5,898,14,5
"1320","2020-06-04",98,15,143,259,4541,0.595683770094693,8400,31490,237,744,12,3880,3,901,6,3
"1321","2020-06-05",100,15,124,244,4541,0.595683770094693,8400,31490,237,744,15,3895,3,904,8,3
"1322","2020-06-06",101,15,111,240,4541,0.595683770094693,8400,31490,237,744,13,3908,2,906,6,2
"1323","2020-06-07",92,15,127,229,4541,0.595683770094693,8400,31490,237,744,15,3923,6,912,2,6
"1324","2020-03-14",2,16,40,37,5939,0.914800471459842,8205,32356,340,647,28,86,17,44,9,17
"1325","2020-03-15",4,16,56,49,5939,0.914800471459842,8205,32356,340,647,30,116,23,67,14,23
"1326","2020-03-16",7,16,61,63,5939,0.914800471459842,8205,32356,340,647,21,137,12,79,13,12
"1327","2020-03-17",8,16,73,85,5939,0.914800471459842,8205,32356,340,647,39,176,16,95,19,16
"1328","2020-03-18",9,16,83,108,5939,0.914800471459842,8205,32356,340,647,34,210,15,110,17,15
"1329","2020-03-19",14,16,85,129,5939,0.914800471459842,8205,32356,340,647,43,253,22,132,30,22
"1330","2020-03-20",19,16,79,163,5939,0.914800471459842,8205,32356,340,647,49,302,13,145,31,13
"1331","2020-03-21",42,16,80,182,5939,0.914800471459842,8205,32356,340,647,40,342,28,173,35,28
"1332","2020-03-22",45,16,85,202,5939,0.914800471459842,8205,32356,340,647,55,397,35,208,41,35
"1333","2020-03-23",43,16,94,235,5939,0.914800471459842,8205,32356,340,647,47,444,24,232,36,24
"1334","2020-03-24",46,16,85,273,5939,0.914800471459842,8205,32356,340,647,50,494,26,258,41,26
"1335","2020-03-25",59,16,95,302,5939,0.914800471459842,8205,32356,340,647,44,538,19,277,26,19
"1336","2020-03-26",67,16,99,334,5939,0.914800471459842,8205,32356,340,647,68,606,28,305,53,28
"1337","2020-03-27",92,16,101,383,5939,0.914800471459842,8205,32356,340,647,62,668,28,333,41,28
"1338","2020-03-28",90,16,102,433,5939,0.914800471459842,8205,32356,340,647,53,721,26,359,38,26
"1339","2020-03-29",117,16,107,458,5939,0.914800471459842,8205,32356,340,647,76,797,36,395,57,36
"1340","2020-03-30",124,16,104,499,5939,0.914800471459842,8205,32356,340,647,79,876,45,440,61,45
"1341","2020-03-31",132,16,109,553,5939,0.914800471459842,8205,32356,340,647,59,935,52,492,43,52
"1342","2020-04-01",140,16,122,601,5939,0.914800471459842,8205,32356,340,647,74,1009,42,534,44,42
"1343","2020-04-02",151,16,126,666,5939,0.914800471459842,8205,32356,340,647,59,1068,36,570,49,36
"1344","2020-04-03",186,16,139,734,5939,0.914800471459842,8205,32356,340,647,74,1142,36,606,58,36
"1345","2020-04-04",221,16,124,795,5939,0.914800471459842,8205,32356,340,647,69,1211,46,652,50,46
"1346","2020-04-05",208,16,118,838,5939,0.914800471459842,8205,32356,340,647,74,1285,51,703,59,51
"1347","2020-04-06",217,16,126,897,5939,0.914800471459842,8205,32356,340,647,71,1356,37,740,53,38
"1348","2020-04-07",228,16,122,959,5939,0.914800471459842,8205,32356,340,647,62,1418,41,781,50,41
"1349","2020-04-08",237,16,123,1038,5939,0.914800471459842,8205,32356,340,647,85,1503,26,807,59,26
"1350","2020-04-09",255,16,122,1112,5939,0.914800471459842,8205,32356,340,647,89,1592,42,849,69,42
"1351","2020-04-10",332,16,144,1184,5939,0.914800471459842,8205,32356,340,647,78,1670,34,883,65,34
"1352","2020-04-11",367,16,156,1247,5939,0.914800471459842,8205,32356,340,647,80,1750,33,916,65,33
"1353","2020-04-12",357,16,178,1318,5939,0.914800471459842,8205,32356,340,647,87,1837,25,941,67,25
"1354","2020-04-13",366,16,169,1360,5939,0.914800471459842,8205,32356,340,647,70,1907,31,972,49,31
"1355","2020-04-14",386,16,158,1424,5939,0.914800471459842,8205,32356,340,647,88,1995,18,990,66,18
"1356","2020-04-15",413,16,167,1474,5939,0.914800471459842,8205,32356,340,647,82,2077,22,1012,65,22
"1357","2020-04-16",421,16,168,1519,5939,0.914800471459842,8205,32356,340,647,85,2162,26,1038,66,26
"1358","2020-04-17",517,16,187,1573,5939,0.914800471459842,8205,32356,340,647,69,2231,49,1087,55,49
"1359","2020-04-18",537,16,195,1579,5939,0.914800471459842,8205,32356,340,647,99,2330,51,1138,83,51
"1360","2020-04-19",517,16,184,1658,5939,0.914800471459842,8205,32356,340,647,53,2383,48,1186,37,48
"1361","2020-04-20",499,16,185,1686,5939,0.914800471459842,8205,32356,340,647,88,2471,31,1217,71,31
"1362","2020-04-21",515,16,178,1743,5939,0.914800471459842,8205,32356,340,647,72,2543,51,1268,47,51
"1363","2020-04-22",513,16,157,1758,5939,0.914800471459842,8205,32356,340,647,63,2606,45,1313,47,45
"1364","2020-04-23",524,16,145,1783,5939,0.914800471459842,8205,32356,340,647,58,2664,33,1346,47,33
"1365","2020-04-24",592,16,124,1818,5939,0.914800471459842,8205,32356,340,647,71,2735,22,1368,51,22
"1366","2020-04-25",587,16,150,1816,5939,0.914800471459842,8205,32356,340,647,75,2810,42,1410,57,42
"1367","2020-04-26",578,16,161,1790,5939,0.914800471459842,8205,32356,340,647,70,2880,52,1462,61,52
"1368","2020-04-27",606,16,156,1741,5939,0.914800471459842,8205,32356,340,647,63,2943,45,1507,48,45
"1369","2020-04-28",595,16,172,1664,5939,0.914800471459842,8205,32356,340,647,80,3023,45,1552,61,45
"1370","2020-04-29",596,16,186,1641,5939,0.914800471459842,8205,32356,340,647,68,3091,34,1586,52,34
"1371","2020-04-30",586,16,200,1579,5939,0.914800471459842,8205,32356,340,647,57,3148,46,1632,44,46
"1372","2020-05-01",558,16,224,1500,5939,0.914800471459842,8205,32356,340,647,63,3211,45,1677,43,45
"1373","2020-05-02",536,16,216,1446,5939,0.914800471459842,8205,32356,340,647,55,3266,55,1732,40,55
"1374","2020-05-03",524,16,190,1336,5939,0.914800471459842,8205,32356,340,647,68,3334,40,1772,46,40
"1375","2020-05-04",493,16,193,1242,5939,0.914800471459842,8205,32356,340,647,53,3387,37,1809,40,37
"1376","2020-05-05",466,16,196,1159,5939,0.914800471459842,8205,32356,340,647,68,3455,25,1834,48,25
"1377","2020-05-06",446,16,197,1048,5939,0.914800471459842,8205,32356,340,647,39,3494,41,1875,24,41
"1378","2020-05-07",431,16,203,968,5939,0.914800471459842,8205,32356,340,647,50,3544,33,1908,35,33
"1379","2020-05-08",388,16,179,899,5939,0.914800471459842,8205,32356,340,647,51,3595,55,1963,39,55
"1380","2020-05-09",382,16,180,818,5939,0.914800471459842,8205,32356,340,647,44,3639,44,2007,30,44
"1381","2020-05-10",320,16,173,763,5939,0.914800471459842,8205,32356,340,647,50,3689,45,2052,41,45
"1382","2020-05-11",291,16,199,680,5939,0.914800471459842,8205,32356,340,647,53,3742,40,2092,35,40
"1383","2020-05-12",263,16,190,596,5939,0.914800471459842,8205,32356,340,647,41,3783,33,2125,32,33
"1384","2020-05-13",244,16,190,545,5939,0.914800471459842,8205,32356,340,647,41,3824,30,2155,30,30
"1385","2020-05-14",227,16,179,498,5939,0.914800471459842,8205,32356,340,647,41,3865,29,2184,29,29
"1386","2020-05-15",196,16,164,434,5939,0.914800471459842,8205,32356,340,647,42,3907,20,2204,36,20
"1387","2020-05-16",172,16,150,392,5939,0.914800471459842,8205,32356,340,647,22,3929,21,2225,19,21
"1388","2020-05-17",141,16,131,344,5939,0.914800471459842,8205,32356,340,647,38,3967,36,2261,28,36
"1389","2020-05-18",140,16,118,315,5939,0.914800471459842,8205,32356,340,647,24,3991,54,2315,17,54
"1390","2020-05-19",129,16,123,301,5939,0.914800471459842,8205,32356,340,647,34,4025,29,2344,24,29
"1391","2020-05-20",120,16,119,282,5939,0.914800471459842,8205,32356,340,647,26,4051,31,2375,20,31
"1392","2020-05-21",110,16,131,253,5939,0.914800471459842,8205,32356,340,647,18,4069,47,2422,10,47
"1393","2020-05-22",102,16,140,235,5939,0.914800471459842,8205,32356,340,647,29,4098,40,2462,18,40
"1394","2020-05-23",95,16,125,221,5939,0.914800471459842,8205,32356,340,647,28,4126,52,2514,20,52
"1395","2020-05-24",83,16,122,202,5939,0.914800471459842,8205,32356,340,647,27,4153,47,2561,15,47
"1396","2020-05-25",75,16,116,183,5939,0.914800471459842,8205,32356,340,647,20,4173,40,2601,15,40
"1397","2020-05-26",71,16,110,166,5939,0.914800471459842,8205,32356,340,647,16,4189,32,2633,9,32
"1398","2020-05-27",70,16,102,159,5939,0.914800471459842,8205,32356,340,647,16,4205,39,2672,9,39
"1399","2020-05-28",68,16,108,146,5939,0.914800471459842,8205,32356,340,647,16,4221,37,2709,9,37
"1400","2020-05-29",62,16,125,129,5939,0.914800471459842,8205,32356,340,647,24,4245,40,2749,15,40
"1401","2020-05-30",60,16,114,126,5939,0.914800471459842,8205,32356,340,647,14,4259,36,2785,9,36
"1402","2020-05-31",57,16,103,121,5939,0.914800471459842,8205,32356,340,647,15,4274,45,2830,11,45
"1403","2020-06-01",52,16,92,107,5939,0.914800471459842,8205,32356,340,647,13,4287,26,2856,11,26
"1404","2020-06-02",47,16,117,96,5939,0.914800471459842,8205,32356,340,647,18,4305,25,2881,12,25
"1405","2020-06-03",42,16,109,91,5939,0.914800471459842,8205,32356,340,647,11,4316,23,2904,6,23
"1406","2020-06-04",37,16,106,85,5939,0.914800471459842,8205,32356,340,647,7,4323,27,2931,4,27
"1407","2020-06-05",30,16,109,73,5939,0.914800471459842,8205,32356,340,647,11,4334,24,2955,5,24
"1408","2020-06-06",29,16,104,63,5939,0.914800471459842,8205,32356,340,647,7,4341,24,2979,4,24
"1409","2020-06-07",29,16,103,53,5939,0.914800471459842,8205,32356,340,647,12,4353,24,3003,7,24
"1410","2020-03-14",1,17,37,66,5070,0.781656804733728,8400,31283,318,580,15,35,8,32,14,8
"1411","2020-03-15",8,17,55,85,5070,0.781656804733728,8400,31283,318,580,16,51,10,42,12,10
"1412","2020-03-16",10,17,57,112,5070,0.781656804733728,8400,31283,318,580,22,73,3,45,19,3
"1413","2020-03-17",13,17,63,140,5070,0.781656804733728,8400,31283,318,580,17,90,4,49,14,4
"1414","2020-03-18",14,17,73,169,5070,0.781656804733728,8400,31283,318,580,12,102,8,57,11,8
"1415","2020-03-19",17,17,68,204,5070,0.781656804733728,8400,31283,318,580,16,118,14,71,14,14
"1416","2020-03-20",31,17,57,235,5070,0.781656804733728,8400,31283,318,580,34,152,15,86,30,15
"1417","2020-03-21",57,17,73,286,5070,0.781656804733728,8400,31283,318,580,25,177,8,94,22,8
"1418","2020-03-22",64,17,78,332,5070,0.781656804733728,8400,31283,318,580,31,208,10,104,28,10
"1419","2020-03-23",73,17,82,357,5070,0.781656804733728,8400,31283,318,580,33,241,8,112,31,8
"1420","2020-03-24",86,17,94,391,5070,0.781656804733728,8400,31283,318,580,47,288,3,115,43,3
"1421","2020-03-25",96,17,83,430,5070,0.781656804733728,8400,31283,318,580,49,337,5,120,45,5
"1422","2020-03-26",104,17,92,453,5070,0.781656804733728,8400,31283,318,580,44,381,2,122,41,2
"1423","2020-03-27",137,17,87,486,5070,0.781656804733728,8400,31283,318,580,57,438,14,136,53,14
"1424","2020-03-28",136,17,90,520,5070,0.781656804733728,8400,31283,318,580,72,510,9,145,69,9
"1425","2020-03-29",159,17,104,571,5070,0.781656804733728,8400,31283,318,580,64,574,11,156,63,11
"1426","2020-03-30",159,17,105,606,5070,0.781656804733728,8400,31283,318,580,62,636,16,172,59,16
"1427","2020-03-31",154,17,120,631,5070,0.781656804733728,8400,31283,318,580,67,703,23,195,64,23
"1428","2020-04-01",164,17,123,648,5070,0.781656804733728,8400,31283,318,580,113,816,22,217,110,22
"1429","2020-04-02",186,17,136,702,5070,0.781656804733728,8400,31283,318,580,99,915,24,241,97,24
"1430","2020-04-03",213,17,118,750,5070,0.781656804733728,8400,31283,318,580,86,1001,21,262,84,21
"1431","2020-04-04",228,17,103,792,5070,0.781656804733728,8400,31283,318,580,98,1099,13,275,97,13
"1432","2020-04-05",224,17,95,851,5070,0.781656804733728,8400,31283,318,580,134,1233,15,290,131,15
"1433","2020-04-06",239,17,117,888,5070,0.781656804733728,8400,31283,318,580,87,1320,9,299,84,9
"1434","2020-04-07",244,17,136,946,5070,0.781656804733728,8400,31283,318,580,123,1443,16,315,119,16
"1435","2020-04-08",266,17,121,957,5070,0.781656804733728,8400,31283,318,580,143,1586,10,325,138,10
"1436","2020-04-09",270,17,120,973,5070,0.781656804733728,8400,31283,318,580,144,1730,8,333,136,8
"1437","2020-04-10",325,17,142,1010,5070,0.781656804733728,8400,31283,318,580,156,1886,8,341,151,8
"1438","2020-04-11",349,17,129,1043,5070,0.781656804733728,8400,31283,318,580,152,2038,36,377,151,36
"1439","2020-04-12",332,17,132,1063,5070,0.781656804733728,8400,31283,318,580,138,2176,35,412,137,35
"1440","2020-04-13",322,17,120,1087,5070,0.781656804733728,8400,31283,318,580,130,2306,29,441,126,29
"1441","2020-04-14",331,17,125,1100,5070,0.781656804733728,8400,31283,318,580,153,2459,31,472,150,31
"1442","2020-04-15",324,17,116,1109,5070,0.781656804733728,8400,31283,318,580,163,2622,37,509,158,37
"1443","2020-04-16",339,17,132,1147,5070,0.781656804733728,8400,31283,318,580,124,2746,23,532,124,23
"1444","2020-04-17",355,17,166,1134,5070,0.781656804733728,8400,31283,318,580,166,2912,33,565,161,33
"1445","2020-04-18",384,17,191,1169,5070,0.781656804733728,8400,31283,318,580,121,3033,23,588,118,23
"1446","2020-04-19",374,17,183,1175,5070,0.781656804733728,8400,31283,318,580,147,3180,36,624,145,36
"1447","2020-04-20",366,17,158,1190,5070,0.781656804733728,8400,31283,318,580,131,3311,28,652,129,28
"1448","2020-04-21",356,17,142,1195,5070,0.781656804733728,8400,31283,318,580,133,3444,27,679,132,27
"1449","2020-04-22",359,17,146,1168,5070,0.781656804733728,8400,31283,318,580,125,3569,16,695,123,16
"1450","2020-04-23",348,17,174,1169,5070,0.781656804733728,8400,31283,318,580,131,3700,28,723,129,28
"1451","2020-04-24",384,17,173,1157,5070,0.781656804733728,8400,31283,318,580,109,3809,19,742,107,19
"1452","2020-04-25",378,17,168,1131,5070,0.781656804733728,8400,31283,318,580,118,3927,7,749,118,7
"1453","2020-04-26",394,17,166,1121,5070,0.781656804733728,8400,31283,318,580,110,4037,8,757,110,8
"1454","2020-04-27",391,17,186,1109,5070,0.781656804733728,8400,31283,318,580,84,4121,28,785,82,28
"1455","2020-04-28",400,17,179,1086,5070,0.781656804733728,8400,31283,318,580,95,4216,16,801,89,16
"1456","2020-04-29",397,17,164,1069,5070,0.781656804733728,8400,31283,318,580,82,4298,21,822,81,21
"1457","2020-04-30",403,17,156,1021,5070,0.781656804733728,8400,31283,318,580,101,4399,29,851,100,29
"1458","2020-05-01",392,17,136,979,5070,0.781656804733728,8400,31283,318,580,98,4497,23,874,95,23
"1459","2020-05-02",394,17,135,930,5070,0.781656804733728,8400,31283,318,580,86,4583,38,912,86,38
"1460","2020-05-03",350,17,146,890,5070,0.781656804733728,8400,31283,318,580,74,4657,36,948,71,36
"1461","2020-05-04",353,17,172,829,5070,0.781656804733728,8400,31283,318,580,68,4725,21,969,65,21
"1462","2020-05-05",327,17,161,798,5070,0.781656804733728,8400,31283,318,580,66,4791,35,1004,66,35
"1463","2020-05-06",318,17,174,768,5070,0.781656804733728,8400,31283,318,580,59,4850,14,1018,58,14
"1464","2020-05-07",306,17,188,739,5070,0.781656804733728,8400,31283,318,580,40,4890,21,1039,36,21
"1465","2020-05-08",286,17,177,688,5070,0.781656804733728,8400,31283,318,580,50,4940,28,1067,48,28
"1466","2020-05-09",273,17,191,644,5070,0.781656804733728,8400,31283,318,580,50,4990,14,1081,48,14
"1467","2020-05-10",245,17,202,616,5070,0.781656804733728,8400,31283,318,580,50,5040,39,1120,49,39
"1468","2020-05-11",221,17,180,586,5070,0.781656804733728,8400,31283,318,580,54,5094,31,1151,53,31
"1469","2020-05-12",220,17,163,537,5070,0.781656804733728,8400,31283,318,580,45,5139,17,1168,44,17
"1470","2020-05-13",216,17,165,511,5070,0.781656804733728,8400,31283,318,580,41,5180,23,1191,41,23
"1471","2020-05-14",205,17,151,497,5070,0.781656804733728,8400,31283,318,580,35,5215,36,1227,34,36
"1472","2020-05-15",194,17,130,444,5070,0.781656804733728,8400,31283,318,580,45,5260,20,1247,43,20
"1473","2020-05-16",169,17,131,423,5070,0.781656804733728,8400,31283,318,580,18,5278,40,1287,18,40
"1474","2020-05-17",161,17,138,396,5070,0.781656804733728,8400,31283,318,580,26,5304,23,1310,24,23
"1475","2020-05-18",157,17,145,374,5070,0.781656804733728,8400,31283,318,580,25,5329,26,1336,23,26
"1476","2020-05-19",137,17,140,357,5070,0.781656804733728,8400,31283,318,580,20,5349,7,1343,19,7
"1477","2020-05-20",124,17,132,333,5070,0.781656804733728,8400,31283,318,580,26,5375,10,1353,24,10
"1478","2020-05-21",108,17,128,326,5070,0.781656804733728,8400,31283,318,580,19,5394,30,1383,19,30
"1479","2020-05-22",93,17,133,294,5070,0.781656804733728,8400,31283,318,580,18,5412,22,1405,16,22
"1480","2020-05-23",103,17,150,281,5070,0.781656804733728,8400,31283,318,580,20,5432,26,1431,19,26
"1481","2020-05-24",85,17,147,273,5070,0.781656804733728,8400,31283,318,580,18,5450,29,1460,17,29
"1482","2020-05-25",80,17,136,255,5070,0.781656804733728,8400,31283,318,580,12,5462,39,1499,10,39
"1483","2020-05-26",84,17,147,243,5070,0.781656804733728,8400,31283,318,580,18,5480,38,1537,17,38
"1484","2020-05-27",81,17,145,230,5070,0.781656804733728,8400,31283,318,580,13,5493,29,1566,13,29
"1485","2020-05-28",82,17,135,218,5070,0.781656804733728,8400,31283,318,580,12,5505,21,1587,11,21
"1486","2020-05-29",85,17,126,207,5070,0.781656804733728,8400,31283,318,580,8,5513,22,1609,8,22
"1487","2020-05-30",86,17,127,199,5070,0.781656804733728,8400,31283,318,580,9,5522,15,1624,7,15
"1488","2020-05-31",90,17,113,191,5070,0.781656804733728,8400,31283,318,580,8,5530,17,1641,8,17
"1489","2020-06-01",78,17,100,183,5070,0.781656804733728,8400,31283,318,580,8,5538,14,1655,6,14
"1490","2020-06-02",74,17,98,179,5070,0.781656804733728,8400,31283,318,580,13,5551,17,1672,11,17
"1491","2020-06-03",73,17,75,173,5070,0.781656804733728,8400,31283,318,580,8,5559,19,1691,8,19
"1492","2020-06-04",72,17,83,174,5070,0.781656804733728,8400,31283,318,580,10,5569,20,1711,10,20
"1493","2020-06-05",77,17,83,171,5070,0.781656804733728,8400,31283,318,580,7,5576,20,1731,6,20
"1494","2020-06-06",61,17,81,168,5070,0.781656804733728,8400,31283,318,580,6,5582,17,1748,6,17
"1495","2020-06-07",52,17,84,161,5070,0.781656804733728,8400,31283,318,580,9,5591,15,1763,9,15
"1496","2020-03-15",2,18,71,53,4923,0.878935608368881,8205,30963,291,799,13,51,1,49,8,1
"1497","2020-03-16",4,18,95,72,4923,0.878935608368881,8205,30963,291,799,17,68,8,57,14,8
"1498","2020-03-17",6,18,86,87,4923,0.878935608368881,8205,30963,291,799,9,77,9,66,6,9
"1499","2020-03-18",8,18,90,105,4923,0.878935608368881,8205,30963,291,799,15,92,11,77,11,11
"1500","2020-03-19",14,18,82,124,4923,0.878935608368881,8205,30963,291,799,16,108,7,84,15,7
"1501","2020-03-20",18,18,91,137,4923,0.878935608368881,8205,30963,291,799,21,129,8,92,18,8
"1502","2020-03-21",27,18,114,163,4923,0.878935608368881,8205,30963,291,799,30,159,9,101,23,9
"1503","2020-03-22",35,18,103,185,4923,0.878935608368881,8205,30963,291,799,20,179,10,111,20,10
"1504","2020-03-23",44,18,89,210,4923,0.878935608368881,8205,30963,291,799,29,208,7,118,28,7
"1505","2020-03-24",51,18,79,250,4923,0.878935608368881,8205,30963,291,799,31,239,7,125,26,7
"1506","2020-03-25",56,18,78,269,4923,0.878935608368881,8205,30963,291,799,30,269,5,130,30,5
"1507","2020-03-26",59,18,75,304,4923,0.878935608368881,8205,30963,291,799,39,308,4,134,38,4
"1508","2020-03-27",75,18,73,338,4923,0.878935608368881,8205,30963,291,799,37,345,7,141,34,7
"1509","2020-03-28",107,18,67,368,4923,0.878935608368881,8205,30963,291,799,41,386,2,143,36,2
"1510","2020-03-29",108,18,79,404,4923,0.878935608368881,8205,30963,291,799,54,440,18,161,50,18
"1511","2020-03-30",104,18,85,441,4923,0.878935608368881,8205,30963,291,799,61,501,6,167,55,6
"1512","2020-03-31",110,18,108,472,4923,0.878935608368881,8205,30963,291,799,63,564,6,173,59,6
"1513","2020-04-01",118,18,104,521,4923,0.878935608368881,8205,30963,291,799,57,621,14,187,54,14
"1514","2020-04-02",129,18,127,560,4923,0.878935608368881,8205,30963,291,799,72,693,8,195,67,8
"1515","2020-04-03",176,18,152,595,4923,0.878935608368881,8205,30963,291,799,87,780,8,203,86,8
"1516","2020-04-04",195,18,145,625,4923,0.878935608368881,8205,30963,291,799,83,863,5,208,79,5
"1517","2020-04-05",190,18,163,658,4923,0.878935608368881,8205,30963,291,799,94,957,11,219,91,11
"1518","2020-04-06",187,18,134,703,4923,0.878935608368881,8205,30963,291,799,103,1060,16,235,99,16
"1519","2020-04-07",186,18,154,739,4923,0.878935608368881,8205,30963,291,799,104,1164,29,264,100,29
"1520","2020-04-08",210,18,151,781,4923,0.878935608368881,8205,30963,291,799,127,1291,22,286,122,22
"1521","2020-04-09",221,18,164,828,4923,0.878935608368881,8205,30963,291,799,101,1392,18,304,97,18
"1522","2020-04-10",270,18,186,874,4923,0.878935608368881,8205,30963,291,799,137,1529,38,342,134,38
"1523","2020-04-11",277,18,197,898,4923,0.878935608368881,8205,30963,291,799,145,1674,26,368,139,26
"1524","2020-04-12",285,18,175,910,4923,0.878935608368881,8205,30963,291,799,153,1827,33,401,150,33
"1525","2020-04-13",284,18,155,937,4923,0.878935608368881,8205,30963,291,799,134,1961,32,433,129,32
"1526","2020-04-14",294,18,149,934,4923,0.878935608368881,8205,30963,291,799,115,2076,37,470,111,37
"1527","2020-04-15",288,18,146,975,4923,0.878935608368881,8205,30963,291,799,211,2287,40,510,205,40
"1528","2020-04-16",292,18,145,1000,4923,0.878935608368881,8205,30963,291,799,135,2422,25,535,130,25
"1529","2020-04-17",318,18,125,1020,4923,0.878935608368881,8205,30963,291,799,163,2585,42,577,159,42
"1530","2020-04-18",318,18,128,1042,4923,0.878935608368881,8205,30963,291,799,181,2766,22,599,179,22
"1531","2020-04-19",314,18,119,1037,4923,0.878935608368881,8205,30963,291,799,153,2919,20,619,150,20
"1532","2020-04-20",334,18,100,1048,4923,0.878935608368881,8205,30963,291,799,136,3055,20,639,135,20
"1533","2020-04-21",327,18,94,1071,4923,0.878935608368881,8205,30963,291,799,148,3203,27,666,145,27
"1534","2020-04-22",332,18,84,1058,4923,0.878935608368881,8205,30963,291,799,159,3362,20,686,155,20
"1535","2020-04-23",344,18,99,1046,4923,0.878935608368881,8205,30963,291,799,183,3545,32,718,179,32
"1536","2020-04-24",356,18,114,1035,4923,0.878935608368881,8205,30963,291,799,131,3676,36,754,129,36
"1537","2020-04-25",358,18,152,1044,4923,0.878935608368881,8205,30963,291,799,143,3819,43,797,141,43
"1538","2020-04-26",363,18,158,1033,4923,0.878935608368881,8205,30963,291,799,124,3943,26,823,120,26
"1539","2020-04-27",358,18,144,1027,4923,0.878935608368881,8205,30963,291,799,145,4088,15,838,142,15
"1540","2020-04-28",355,18,128,1037,4923,0.878935608368881,8205,30963,291,799,106,4194,16,854,103,16
"1541","2020-04-29",366,18,124,999,4923,0.878935608368881,8205,30963,291,799,106,4300,32,886,103,32
"1542","2020-04-30",354,18,128,1003,4923,0.878935608368881,8205,30963,291,799,104,4404,30,916,101,30
"1543","2020-05-01",364,18,149,964,4923,0.878935608368881,8205,30963,291,799,102,4506,38,954,102,38
"1544","2020-05-02",376,18,142,936,4923,0.878935608368881,8205,30963,291,799,75,4581,29,983,75,29
"1545","2020-05-03",335,18,124,945,4923,0.878935608368881,8205,30963,291,799,73,4654,17,1000,73,17
"1546","2020-05-04",323,18,114,925,4923,0.878935608368881,8205,30963,291,799,79,4733,16,1016,77,16
"1547","2020-05-05",319,18,91,913,4923,0.878935608368881,8205,30963,291,799,66,4799,13,1029,63,13
"1548","2020-05-06",300,18,76,858,4923,0.878935608368881,8205,30963,291,799,56,4855,21,1050,55,21
"1549","2020-05-07",303,18,77,858,4923,0.878935608368881,8205,30963,291,799,54,4909,31,1081,50,31
"1550","2020-05-08",306,18,89,806,4923,0.878935608368881,8205,30963,291,799,55,4964,24,1105,53,24
"1551","2020-05-09",291,18,87,773,4923,0.878935608368881,8205,30963,291,799,46,5010,22,1127,43,22
"1552","2020-05-10",286,18,90,746,4923,0.878935608368881,8205,30963,291,799,61,5071,12,1139,58,12
"1553","2020-05-11",272,18,126,719,4923,0.878935608368881,8205,30963,291,799,46,5117,17,1156,42,17
"1554","2020-05-12",258,18,129,689,4923,0.878935608368881,8205,30963,291,799,53,5170,13,1169,49,13
"1555","2020-05-13",260,18,140,654,4923,0.878935608368881,8205,30963,291,799,26,5196,19,1188,24,19
"1556","2020-05-14",247,18,145,635,4923,0.878935608368881,8205,30963,291,799,35,5231,18,1206,34,18
"1557","2020-05-15",228,18,149,631,4923,0.878935608368881,8205,30963,291,799,32,5263,28,1234,31,28
"1558","2020-05-16",220,18,153,609,4923,0.878935608368881,8205,30963,291,799,21,5284,18,1252,18,18
"1559","2020-05-17",200,18,177,589,4923,0.878935608368881,8205,30963,291,799,18,5302,8,1260,17,8
"1560","2020-05-18",193,18,192,543,4923,0.878935608368881,8205,30963,291,799,27,5329,11,1271,26,11
"1561","2020-05-19",193,18,178,521,4923,0.878935608368881,8205,30963,291,799,19,5348,10,1281,18,10
"1562","2020-05-20",178,18,167,492,4923,0.878935608368881,8205,30963,291,799,15,5363,5,1286,14,5
"1563","2020-05-21",167,18,148,465,4923,0.878935608368881,8205,30963,291,799,21,5384,3,1289,21,3
"1564","2020-05-22",147,18,136,446,4923,0.878935608368881,8205,30963,291,799,25,5409,3,1292,24,3
"1565","2020-05-23",144,18,126,424,4923,0.878935608368881,8205,30963,291,799,15,5424,3,1295,15,3
"1566","2020-05-24",142,18,106,425,4923,0.878935608368881,8205,30963,291,799,18,5442,3,1298,16,3
"1567","2020-05-25",140,18,92,409,4923,0.878935608368881,8205,30963,291,799,12,5454,13,1311,11,13
"1568","2020-05-26",130,18,75,388,4923,0.878935608368881,8205,30963,291,799,12,5466,20,1331,11,20
"1569","2020-05-27",129,18,59,360,4923,0.878935608368881,8205,30963,291,799,15,5481,12,1343,14,12
"1570","2020-05-28",128,18,66,342,4923,0.878935608368881,8205,30963,291,799,7,5488,10,1353,6,10
"1571","2020-05-29",129,18,74,315,4923,0.878935608368881,8205,30963,291,799,6,5494,14,1367,4,14
"1572","2020-05-30",132,18,71,309,4923,0.878935608368881,8205,30963,291,799,11,5505,9,1376,11,9
"1573","2020-05-31",116,18,64,295,4923,0.878935608368881,8205,30963,291,799,3,5508,9,1385,3,9
"1574","2020-06-01",113,18,59,274,4923,0.878935608368881,8205,30963,291,799,8,5516,6,1391,7,6
"1575","2020-06-02",109,18,60,252,4923,0.878935608368881,8205,30963,291,799,5,5521,3,1394,3,3
"1576","2020-06-03",102,18,61,246,4923,0.878935608368881,8205,30963,291,799,2,5523,9,1403,2,9
"1577","2020-06-04",94,18,70,219,4923,0.878935608368881,8205,30963,291,799,8,5531,7,1410,5,7
"1578","2020-06-05",82,18,70,196,4923,0.878935608368881,8205,30963,291,799,2,5533,8,1418,1,8
"1579","2020-06-06",75,18,78,179,4923,0.878935608368881,8205,30963,291,799,3,5536,7,1425,3,7
"1580","2020-06-07",71,18,81,171,4923,0.878935608368881,8205,30963,291,799,3,5539,6,1431,3,6
"1581","2020-03-13",1,19,27,47,3244,0.620838471023428,8265,25110,178,343,13,41,6,15,1,6
"1582","2020-03-14",6,19,39,62,3244,0.620838471023428,8265,25110,178,343,22,63,12,27,7,12
"1583","2020-03-15",7,19,53,85,3244,0.620838471023428,8265,25110,178,343,25,88,10,37,8,10
"1584","2020-03-16",9,19,58,96,3244,0.620838471023428,8265,25110,178,343,24,112,19,56,13,19
"1585","2020-03-17",12,19,72,114,3244,0.620838471023428,8265,25110,178,343,33,145,19,75,13,19
"1586","2020-03-18",15,19,67,135,3244,0.620838471023428,8265,25110,178,343,36,181,17,92,28,17
"1587","2020-03-19",20,19,72,159,3244,0.620838471023428,8265,25110,178,343,39,220,21,113,24,21
"1588","2020-03-20",31,19,73,178,3244,0.620838471023428,8265,25110,178,343,37,257,24,137,21,24
"1589","2020-03-21",31,19,59,202,3244,0.620838471023428,8265,25110,178,343,49,306,15,152,33,15
"1590","2020-03-22",41,19,58,222,3244,0.620838471023428,8265,25110,178,343,54,360,7,159,39,7
"1591","2020-03-23",49,19,55,241,3244,0.620838471023428,8265,25110,178,343,58,418,12,171,39,12
"1592","2020-03-24",55,19,47,261,3244,0.620838471023428,8265,25110,178,343,74,492,16,187,64,16
"1593","2020-03-25",61,19,45,287,3244,0.620838471023428,8265,25110,178,343,76,568,10,197,65,10
"1594","2020-03-26",67,19,47,310,3244,0.620838471023428,8265,25110,178,343,73,641,10,207,61,10
"1595","2020-03-27",78,19,56,334,3244,0.620838471023428,8265,25110,178,343,118,759,6,213,99,6
"1596","2020-03-28",91,19,56,355,3244,0.620838471023428,8265,25110,178,343,91,850,3,216,80,3
"1597","2020-03-29",92,19,59,365,3244,0.620838471023428,8265,25110,178,343,119,969,2,218,105,2
"1598","2020-03-30",93,19,83,372,3244,0.620838471023428,8265,25110,178,343,126,1095,5,223,104,5
"1599","2020-03-31",103,19,91,395,3244,0.620838471023428,8265,25110,178,343,102,1197,30,253,88,30
"1600","2020-04-01",105,19,102,413,3244,0.620838471023428,8265,25110,178,343,135,1332,20,273,122,20
"1601","2020-04-02",112,19,91,436,3244,0.620838471023428,8265,25110,178,343,113,1445,19,292,99,19
"1602","2020-04-03",117,19,97,448,3244,0.620838471023428,8265,25110,178,343,95,1540,12,304,88,12
"1603","2020-04-04",127,19,108,469,3244,0.620838471023428,8265,25110,178,343,172,1712,17,321,156,17
"1604","2020-04-05",158,19,105,487,3244,0.620838471023428,8265,25110,178,343,114,1826,12,333,95,12
"1605","2020-04-06",162,19,102,490,3244,0.620838471023428,8265,25110,178,343,159,1985,12,345,148,12
"1606","2020-04-07",149,19,96,486,3244,0.620838471023428,8265,25110,178,343,129,2114,31,376,121,31
"1607","2020-04-08",162,19,94,493,3244,0.620838471023428,8265,25110,178,343,121,2235,25,401,113,25
"1608","2020-04-09",155,19,92,488,3244,0.620838471023428,8265,25110,178,343,161,2396,18,419,142,18
"1609","2020-04-10",176,19,79,490,3244,0.620838471023428,8265,25110,178,343,148,2544,12,431,131,12
"1610","2020-04-11",166,19,75,508,3244,0.620838471023428,8265,25110,178,343,153,2697,26,457,136,26
"1611","2020-04-12",144,19,86,510,3244,0.620838471023428,8265,25110,178,343,129,2826,21,478,114,21
"1612","2020-04-13",148,19,85,505,3244,0.620838471023428,8265,25110,178,343,112,2938,45,523,99,45
"1613","2020-04-14",147,19,82,510,3244,0.620838471023428,8265,25110,178,343,136,3074,38,561,128,38
"1614","2020-04-15",143,19,86,493,3244,0.620838471023428,8265,25110,178,343,148,3222,41,602,138,41
"1615","2020-04-16",156,19,92,513,3244,0.620838471023428,8265,25110,178,343,135,3357,22,624,121,22
"1616","2020-04-17",171,19,104,530,3244,0.620838471023428,8265,25110,178,343,153,3510,12,636,138,12
"1617","2020-04-18",185,19,97,534,3244,0.620838471023428,8265,25110,178,343,135,3645,10,646,123,10
"1618","2020-04-19",182,19,105,543,3244,0.620838471023428,8265,25110,178,343,120,3765,12,658,108,12
"1619","2020-04-20",182,19,120,549,3244,0.620838471023428,8265,25110,178,343,111,3876,17,675,99,17
"1620","2020-04-21",183,19,127,549,3244,0.620838471023428,8265,25110,178,343,111,3987,23,698,101,23
"1621","2020-04-22",179,19,125,548,3244,0.620838471023428,8265,25110,178,343,129,4116,30,728,121,30
"1622","2020-04-23",179,19,128,543,3244,0.620838471023428,8265,25110,178,343,89,4205,20,748,75,20
"1623","2020-04-24",192,19,128,535,3244,0.620838471023428,8265,25110,178,343,94,4299,17,765,87,17
"1624","2020-04-25",196,19,136,528,3244,0.620838471023428,8265,25110,178,343,71,4370,8,773,62,8
"1625","2020-04-26",183,19,152,517,3244,0.620838471023428,8265,25110,178,343,98,4468,4,777,86,4
"1626","2020-04-27",179,19,152,515,3244,0.620838471023428,8265,25110,178,343,70,4538,9,786,64,9
"1627","2020-04-28",171,19,135,513,3244,0.620838471023428,8265,25110,178,343,63,4601,11,797,52,11
"1628","2020-04-29",169,19,114,512,3244,0.620838471023428,8265,25110,178,343,63,4664,33,830,54,33
"1629","2020-04-30",168,19,124,508,3244,0.620838471023428,8265,25110,178,343,79,4743,17,847,67,17
"1630","2020-05-01",175,19,106,498,3244,0.620838471023428,8265,25110,178,343,64,4807,49,896,54,49
"1631","2020-05-02",182,19,97,505,3244,0.620838471023428,8265,25110,178,343,71,4878,37,933,61,37
"1632","2020-05-03",172,19,83,493,3244,0.620838471023428,8265,25110,178,343,69,4947,38,971,61,38
"1633","2020-05-04",163,19,94,492,3244,0.620838471023428,8265,25110,178,343,65,5012,28,999,55,28
"1634","2020-05-05",167,19,94,491,3244,0.620838471023428,8265,25110,178,343,61,5073,41,1040,51,41
"1635","2020-05-06",172,19,102,499,3244,0.620838471023428,8265,25110,178,343,39,5112,29,1069,32,29
"1636","2020-05-07",162,19,90,493,3244,0.620838471023428,8265,25110,178,343,33,5145,19,1088,27,19
"1637","2020-05-08",159,19,88,476,3244,0.620838471023428,8265,25110,178,343,43,5188,45,1133,30,45
"1638","2020-05-09",148,19,98,468,3244,0.620838471023428,8265,25110,178,343,52,5240,33,1166,41,33
"1639","2020-05-10",154,19,100,465,3244,0.620838471023428,8265,25110,178,343,31,5271,17,1183,25,17
"1640","2020-05-11",147,19,94,465,3244,0.620838471023428,8265,25110,178,343,34,5305,5,1188,26,5
"1641","2020-05-12",135,19,94,441,3244,0.620838471023428,8265,25110,178,343,37,5342,8,1196,30,8
"1642","2020-05-13",131,19,99,431,3244,0.620838471023428,8265,25110,178,343,22,5364,17,1213,14,17
"1643","2020-05-14",138,19,90,416,3244,0.620838471023428,8265,25110,178,343,25,5389,33,1246,20,33
"1644","2020-05-15",146,19,83,396,3244,0.620838471023428,8265,25110,178,343,25,5414,24,1270,14,24
"1645","2020-05-16",145,19,88,392,3244,0.620838471023428,8265,25110,178,343,24,5438,30,1300,11,30
"1646","2020-05-17",135,19,84,375,3244,0.620838471023428,8265,25110,178,343,23,5461,25,1325,16,25
"1647","2020-05-18",127,19,88,364,3244,0.620838471023428,8265,25110,178,343,24,5485,29,1354,18,29
"1648","2020-05-19",124,19,95,343,3244,0.620838471023428,8265,25110,178,343,21,5506,43,1397,18,43
"1649","2020-05-20",123,19,107,330,3244,0.620838471023428,8265,25110,178,343,17,5523,40,1437,8,40
"1650","2020-05-21",111,19,107,321,3244,0.620838471023428,8265,25110,178,343,24,5547,27,1464,16,27
"1651","2020-05-22",104,19,112,313,3244,0.620838471023428,8265,25110,178,343,21,5568,18,1482,16,18
"1652","2020-05-23",104,19,123,320,3244,0.620838471023428,8265,25110,178,343,17,5585,28,1510,14,28
"1653","2020-05-24",99,19,113,310,3244,0.620838471023428,8265,25110,178,343,13,5598,14,1524,10,14
"1654","2020-05-25",98,19,102,308,3244,0.620838471023428,8265,25110,178,343,13,5611,12,1536,8,12
"1655","2020-05-26",94,19,92,312,3244,0.620838471023428,8265,25110,178,343,15,5626,8,1544,11,8
"1656","2020-05-27",90,19,86,319,3244,0.620838471023428,8265,25110,178,343,12,5638,20,1564,9,20
"1657","2020-05-28",97,19,85,318,3244,0.620838471023428,8265,25110,178,343,10,5648,32,1596,6,32
"1658","2020-05-29",101,19,81,318,3244,0.620838471023428,8265,25110,178,343,16,5664,20,1616,9,20
"1659","2020-05-30",95,19,79,307,3244,0.620838471023428,8265,25110,178,343,6,5670,28,1644,4,28
"1660","2020-05-31",102,19,77,296,3244,0.620838471023428,8265,25110,178,343,15,5685,14,1658,12,14
"1661","2020-06-01",101,19,86,280,3244,0.620838471023428,8265,25110,178,343,11,5696,14,1672,5,14
"1662","2020-06-02",99,19,78,260,3244,0.620838471023428,8265,25110,178,343,13,5709,8,1680,8,8
"1663","2020-06-03",102,19,78,253,3244,0.620838471023428,8265,25110,178,343,13,5722,11,1691,10,11
"1664","2020-06-04",93,19,78,225,3244,0.620838471023428,8265,25110,178,343,6,5728,9,1700,4,9
"1665","2020-06-05",94,19,81,214,3244,0.620838471023428,8265,25110,178,343,10,5738,10,1710,6,10
"1666","2020-06-06",101,19,70,206,3244,0.620838471023428,8265,25110,178,343,10,5748,10,1720,6,10
"1667","2020-06-07",78,19,64,203,3244,0.620838471023428,8265,25110,178,343,10,5758,7,1727,9,7
"1668","2020-03-15",3,20,52,26,5226,0.951588212782243,8445,30715,327,543,9,34,4,32,3,4
"1669","2020-03-16",4,20,70,33,5226,0.951588212782243,8445,30715,327,543,18,52,23,55,10,23
"1670","2020-03-17",3,20,79,41,5226,0.951588212782243,8445,30715,327,543,14,66,17,72,8,17
"1671","2020-03-18",4,20,82,54,5226,0.951588212782243,8445,30715,327,543,17,83,9,81,11,9
"1672","2020-03-19",5,20,88,69,5226,0.951588212782243,8445,30715,327,543,23,106,8,89,13,8
"1673","2020-03-20",11,20,90,86,5226,0.951588212782243,8445,30715,327,543,15,121,22,111,10,22
"1674","2020-03-21",18,20,91,96,5226,0.951588212782243,8445,30715,327,543,21,142,15,126,18,15
"1675","2020-03-22",21,20,110,118,5226,0.951588212782243,8445,30715,327,543,24,166,14,140,22,14
"1676","2020-03-23",23,20,124,140,5226,0.951588212782243,8445,30715,327,543,27,193,21,161,21,21
"1677","2020-03-24",26,20,131,169,5226,0.951588212782243,8445,30715,327,543,28,221,11,172,22,11
"1678","2020-03-25",33,20,129,208,5226,0.951588212782243,8445,30715,327,543,35,256,14,186,29,14
"1679","2020-03-26",37,20,125,240,5226,0.951588212782243,8445,30715,327,543,38,294,10,196,33,10
"1680","2020-03-27",43,20,111,264,5226,0.951588212782243,8445,30715,327,543,39,333,11,207,30,11
"1681","2020-03-28",72,20,113,305,5226,0.951588212782243,8445,30715,327,543,46,379,13,220,43,13
"1682","2020-03-29",89,20,80,348,5226,0.951588212782243,8445,30715,327,543,45,424,12,232,39,12
"1683","2020-03-30",86,20,62,405,5226,0.951588212782243,8445,30715,327,543,49,473,12,244,40,12
"1684","2020-03-31",91,20,85,449,5226,0.951588212782243,8445,30715,327,543,50,523,26,270,46,26
"1685","2020-04-01",98,20,89,477,5226,0.951588212782243,8445,30715,327,543,63,586,14,284,57,14
"1686","2020-04-02",109,20,78,544,5226,0.951588212782243,8445,30715,327,543,83,669,16,300,75,16
"1687","2020-04-03",135,20,94,586,5226,0.951588212782243,8445,30715,327,543,82,751,12,312,79,12
"1688","2020-04-04",139,20,98,655,5226,0.951588212782243,8445,30715,327,543,71,822,11,323,65,11
"1689","2020-04-05",145,20,94,728,5226,0.951588212782243,8445,30715,327,543,96,918,24,347,89,24
"1690","2020-04-06",153,20,88,779,5226,0.951588212782243,8445,30715,327,543,128,1046,24,371,127,24
"1691","2020-04-07",158,20,85,828,5226,0.951588212782243,8445,30715,327,543,101,1147,16,387,91,16
"1692","2020-04-08",178,20,77,876,5226,0.951588212782243,8445,30715,327,543,120,1267,32,419,114,32
"1693","2020-04-09",189,20,69,932,5226,0.951588212782243,8445,30715,327,543,149,1416,19,438,137,19
"1694","2020-04-10",238,20,72,989,5226,0.951588212782243,8445,30715,327,543,136,1552,14,452,131,14
"1695","2020-04-11",302,20,81,1056,5226,0.951588212782243,8445,30715,327,543,143,1695,11,463,135,11
"1696","2020-04-12",321,20,80,1121,5226,0.951588212782243,8445,30715,327,543,140,1835,16,479,133,16
"1697","2020-04-13",329,20,78,1175,5226,0.951588212782243,8445,30715,327,543,108,1943,24,503,102,24
"1698","2020-04-14",341,20,74,1218,5226,0.951588212782243,8445,30715,327,543,151,2094,12,515,144,12
"1699","2020-04-15",344,20,102,1236,5226,0.951588212782243,8445,30715,327,543,119,2213,25,540,109,25
"1700","2020-04-16",361,20,119,1283,5226,0.951588212782243,8445,30715,327,543,166,2379,17,557,161,17
"1701","2020-04-17",460,20,110,1314,5226,0.951588212782243,8445,30715,327,543,147,2526,13,570,138,13
"1702","2020-04-18",447,20,99,1359,5226,0.951588212782243,8445,30715,327,543,119,2645,17,587,111,17
"1703","2020-04-19",422,20,94,1404,5226,0.951588212782243,8445,30715,327,543,150,2795,8,595,144,8
"1704","2020-04-20",437,20,99,1414,5226,0.951588212782243,8445,30715,327,543,142,2937,18,613,131,18
"1705","2020-04-21",451,20,115,1443,5226,0.951588212782243,8445,30715,327,543,146,3083,20,633,136,20
"1706","2020-04-22",468,20,117,1475,5226,0.951588212782243,8445,30715,327,543,135,3218,29,662,130,29
"1707","2020-04-23",473,20,136,1470,5226,0.951588212782243,8445,30715,327,543,128,3346,20,682,126,20
"1708","2020-04-24",490,20,117,1484,5226,0.951588212782243,8445,30715,327,543,146,3492,18,700,141,18
"1709","2020-04-25",503,20,110,1490,5226,0.951588212782243,8445,30715,327,543,127,3619,11,711,120,11
"1710","2020-04-26",509,20,107,1464,5226,0.951588212782243,8445,30715,327,543,136,3755,21,732,128,21
"1711","2020-04-27",485,20,99,1457,5226,0.951588212782243,8445,30715,327,543,113,3868,19,751,111,19
"1712","2020-04-28",464,20,113,1433,5226,0.951588212782243,8445,30715,327,543,122,3990,25,776,118,25
"1713","2020-04-29",466,20,124,1383,5226,0.951588212782243,8445,30715,327,543,131,4121,20,796,128,20
"1714","2020-04-30",466,20,135,1331,5226,0.951588212782243,8445,30715,327,543,99,4220,18,814,97,18
"1715","2020-05-01",522,20,157,1300,5226,0.951588212782243,8445,30715,327,543,79,4299,26,840,74,26
"1716","2020-05-02",505,20,166,1225,5226,0.951588212782243,8445,30715,327,543,108,4407,29,869,101,29
"1717","2020-05-03",433,20,135,1151,5226,0.951588212782243,8445,30715,327,543,71,4478,31,900,71,31
"1718","2020-05-04",414,20,118,1124,5226,0.951588212782243,8445,30715,327,543,81,4559,28,928,80,28
"1719","2020-05-05",416,20,108,1046,5226,0.951588212782243,8445,30715,327,543,69,4628,15,943,66,15
"1720","2020-05-06",385,20,143,997,5226,0.951588212782243,8445,30715,327,543,70,4698,27,970,66,27
"1721","2020-05-07",389,20,144,939,5226,0.951588212782243,8445,30715,327,543,87,4785,18,988,85,18
"1722","2020-05-08",315,20,137,863,5226,0.951588212782243,8445,30715,327,543,45,4830,19,1007,42,19
"1723","2020-05-09",317,20,119,780,5226,0.951588212782243,8445,30715,327,543,45,4875,21,1028,44,21
"1724","2020-05-10",316,20,94,704,5226,0.951588212782243,8445,30715,327,543,48,4923,21,1049,45,21
"1725","2020-05-11",308,20,75,661,5226,0.951588212782243,8445,30715,327,543,37,4960,13,1062,37,13
"1726","2020-05-12",276,20,71,616,5226,0.951588212782243,8445,30715,327,543,33,4993,15,1077,29,15
"1727","2020-05-13",272,20,74,563,5226,0.951588212782243,8445,30715,327,543,47,5040,21,1098,46,21
"1728","2020-05-14",231,20,85,500,5226,0.951588212782243,8445,30715,327,543,41,5081,15,1113,38,15
"1729","2020-05-15",208,20,112,468,5226,0.951588212782243,8445,30715,327,543,33,5114,21,1134,29,21
"1730","2020-05-16",186,20,111,437,5226,0.951588212782243,8445,30715,327,543,27,5141,22,1156,26,22
"1731","2020-05-17",167,20,98,408,5226,0.951588212782243,8445,30715,327,543,39,5180,15,1171,34,15
"1732","2020-05-18",154,20,82,377,5226,0.951588212782243,8445,30715,327,543,40,5220,20,1191,38,20
"1733","2020-05-19",145,20,78,339,5226,0.951588212782243,8445,30715,327,543,20,5240,13,1204,17,13
"1734","2020-05-20",138,20,110,307,5226,0.951588212782243,8445,30715,327,543,15,5255,9,1213,15,9
"1735","2020-05-21",137,20,126,292,5226,0.951588212782243,8445,30715,327,543,16,5271,18,1231,14,18
"1736","2020-05-22",124,20,154,258,5226,0.951588212782243,8445,30715,327,543,11,5282,16,1247,11,16
"1737","2020-05-23",112,20,154,258,5226,0.951588212782243,8445,30715,327,543,18,5300,11,1258,16,11
"1738","2020-05-24",92,20,148,229,5226,0.951588212782243,8445,30715,327,543,15,5315,20,1278,12,20
"1739","2020-05-25",84,20,137,208,5226,0.951588212782243,8445,30715,327,543,15,5330,22,1300,15,22
"1740","2020-05-26",80,20,128,189,5226,0.951588212782243,8445,30715,327,543,14,5344,27,1327,13,27
"1741","2020-05-27",73,20,134,178,5226,0.951588212782243,8445,30715,327,543,11,5355,21,1348,10,21
"1742","2020-05-28",69,20,123,177,5226,0.951588212782243,8445,30715,327,543,9,5364,24,1372,7,24
"1743","2020-05-29",63,20,103,162,5226,0.951588212782243,8445,30715,327,543,10,5374,21,1393,10,21
"1744","2020-05-30",61,20,83,157,5226,0.951588212782243,8445,30715,327,543,11,5385,29,1422,9,29
"1745","2020-05-31",59,20,72,150,5226,0.951588212782243,8445,30715,327,543,10,5395,26,1448,7,26
"1746","2020-06-01",53,20,74,145,5226,0.951588212782243,8445,30715,327,543,10,5405,23,1471,8,23
"1747","2020-06-02",55,20,80,136,5226,0.951588212782243,8445,30715,327,543,8,5413,19,1490,8,19
"1748","2020-06-03",51,20,79,131,5226,0.951588212782243,8445,30715,327,543,6,5419,25,1515,4,25
"1749","2020-06-04",51,20,90,124,5226,0.951588212782243,8445,30715,327,543,9,5428,19,1534,7,19
"1750","2020-06-05",43,20,102,115,5226,0.951588212782243,8445,30715,327,543,6,5434,24,1558,6,24
"1751","2020-06-06",43,20,107,105,5226,0.951588212782243,8445,30715,327,543,4,5438,24,1582,2,24
"1752","2020-06-07",41,20,102,92,5226,0.951588212782243,8445,30715,327,543,2,5440,24,1606,1,24
