"","Date","Absents","Paramset","Infections_or_Exposed_per_day_Patient","Infections_or_Exposed_per_day_HCW","total_infections","nosocomial_proportion","PCR_pooled","LFD_pooled","HCW_symp_test","patient_symp_test","new_hcw_infs","cumulative_hcw_infs","new_pat_infs","cumulative_pats_infs","new_nosocomial_hcw_infs","new_nosocomial_pat_infs"
"1","2020-03-12",2,1,47,98,7792,0.663501026694045,0,0,711,650,48,98,17,34,3,17
"2","2020-03-13",4,1,52,143,7792,0.663501026694045,0,0,711,650,45,143,13,47,8,13
"3","2020-03-14",13,1,65,206,7792,0.663501026694045,0,0,711,650,63,206,15,62,17,15
"4","2020-03-15",17,1,74,278,7792,0.663501026694045,0,0,711,650,72,278,15,77,26,15
"5","2020-03-16",26,1,96,359,7792,0.663501026694045,0,0,711,650,81,359,28,105,35,28
"6","2020-03-17",38,1,91,451,7792,0.663501026694045,0,0,711,650,94,453,8,113,50,8
"7","2020-03-18",51,1,89,532,7792,0.663501026694045,0,0,711,650,88,541,20,133,52,20
"8","2020-03-19",73,1,85,638,7792,0.663501026694045,0,0,711,650,116,657,11,144,64,11
"9","2020-03-20",98,1,84,735,7792,0.663501026694045,0,0,711,650,113,770,7,151,74,7
"10","2020-03-21",122,1,115,845,7792,0.663501026694045,0,0,711,650,133,903,39,190,89,39
"11","2020-03-22",156,1,121,973,7792,0.663501026694045,0,0,711,650,150,1053,23,213,98,23
"12","2020-03-23",177,1,132,1099,7792,0.663501026694045,0,0,711,650,160,1213,33,246,117,33
"13","2020-03-24",213,1,119,1215,7792,0.663501026694045,0,0,711,650,174,1387,12,258,134,12
"14","2020-03-25",258,1,106,1309,7792,0.663501026694045,0,0,711,650,164,1551,16,274,123,16
"15","2020-03-26",276,1,101,1417,7792,0.663501026694045,0,0,711,650,183,1734,20,294,135,20
"16","2020-03-27",303,1,104,1524,7792,0.663501026694045,0,0,711,650,191,1925,17,311,154,17
"17","2020-03-28",335,1,117,1608,7792,0.663501026694045,0,0,711,650,188,2113,28,339,146,28
"18","2020-03-29",359,1,150,1745,7792,0.663501026694045,0,0,711,650,222,2335,45,384,188,45
"19","2020-03-30",402,1,156,1897,7792,0.663501026694045,0,0,711,650,267,2602,30,414,230,30
"20","2020-03-31",417,1,163,2038,7792,0.663501026694045,0,0,711,650,239,2841,33,447,207,33
"21","2020-04-01",432,1,146,2116,7792,0.663501026694045,0,0,711,650,223,3064,24,471,189,24
"22","2020-04-02",469,1,132,2241,7792,0.663501026694045,0,0,711,650,254,3318,10,481,225,10
"23","2020-04-03",514,1,128,2330,7792,0.663501026694045,0,0,711,650,233,3551,17,498,201,17
"24","2020-04-04",541,1,119,2376,7792,0.663501026694045,0,0,711,650,214,3765,16,514,183,16
"25","2020-04-05",561,1,148,2399,7792,0.663501026694045,0,0,711,650,196,3961,41,555,170,41
"26","2020-04-06",601,1,149,2437,7792,0.663501026694045,0,0,711,650,203,4164,25,580,162,25
"27","2020-04-07",639,1,159,2444,7792,0.663501026694045,0,0,711,650,213,4377,30,610,186,30
"28","2020-04-08",673,1,143,2451,7792,0.663501026694045,0,0,711,650,194,4571,22,632,160,22
"29","2020-04-09",701,1,135,2419,7792,0.663501026694045,0,0,711,650,180,4751,21,653,158,21
"30","2020-04-10",709,1,127,2353,7792,0.663501026694045,0,0,711,650,141,4892,15,668,110,15
"31","2020-04-11",702,1,121,2307,7792,0.663501026694045,0,0,711,650,162,5054,15,683,137,15
"32","2020-04-12",714,1,117,2219,7792,0.663501026694045,0,0,711,650,140,5194,20,703,124,20
"33","2020-04-13",700,1,144,2133,7792,0.663501026694045,0,0,711,650,136,5330,35,738,106,35
"34","2020-04-14",681,1,139,2060,7792,0.663501026694045,0,0,711,650,133,5463,23,761,107,23
"35","2020-04-15",647,1,157,1931,7792,0.663501026694045,0,0,711,650,86,5549,39,800,70,39
"36","2020-04-16",621,1,162,1838,7792,0.663501026694045,0,0,711,650,115,5664,28,828,90,28
"37","2020-04-17",586,1,164,1718,7792,0.663501026694045,0,0,711,650,100,5764,28,856,87,28
"38","2020-04-18",562,1,188,1611,7792,0.663501026694045,0,0,711,650,65,5829,42,898,49,42
"39","2020-04-19",529,1,217,1496,7792,0.663501026694045,0,0,711,650,61,5890,56,954,50,56
"40","2020-04-20",488,1,233,1366,7792,0.663501026694045,0,0,711,650,69,5959,46,1000,52,46
"41","2020-04-21",448,1,233,1262,7792,0.663501026694045,0,0,711,650,73,6032,38,1038,50,38
"42","2020-04-22",432,1,231,1155,7792,0.663501026694045,0,0,711,650,55,6087,36,1074,34,36
"43","2020-04-23",391,1,221,1062,7792,0.663501026694045,0,0,711,650,53,6140,29,1103,41,29
"44","2020-04-24",356,1,216,1005,7792,0.663501026694045,0,0,711,650,65,6205,37,1140,44,37
"45","2020-04-25",332,1,207,930,7792,0.663501026694045,0,0,711,650,51,6256,25,1165,33,25
"46","2020-04-26",311,1,185,859,7792,0.663501026694045,0,0,711,650,46,6302,23,1188,27,23
"47","2020-04-27",287,1,160,800,7792,0.663501026694045,0,0,711,650,50,6352,22,1210,32,22
"48","2020-04-28",279,1,182,753,7792,0.663501026694045,0,0,711,650,30,6382,40,1250,14,40
"49","2020-04-29",257,1,171,701,7792,0.663501026694045,0,0,711,650,35,6417,28,1278,16,28
"50","2020-04-30",247,1,166,654,7792,0.663501026694045,0,0,711,650,33,6450,20,1298,20,20
"51","2020-05-01",239,1,145,606,7792,0.663501026694045,0,0,711,650,26,6476,15,1313,18,15
"52","2020-05-02",226,1,177,556,7792,0.663501026694045,0,0,711,650,27,6503,46,1359,11,46
"53","2020-05-03",208,1,209,510,7792,0.663501026694045,0,0,711,650,24,6527,51,1410,10,51
"54","2020-05-04",187,1,218,470,7792,0.663501026694045,0,0,711,650,30,6557,42,1452,13,42
"55","2020-05-05",166,1,235,446,7792,0.663501026694045,0,0,711,650,26,6583,58,1510,14,58
"56","2020-05-06",143,1,219,415,7792,0.663501026694045,0,0,711,650,22,6605,31,1541,12,31
"57","2020-05-07",132,1,217,386,7792,0.663501026694045,0,0,711,650,18,6623,30,1571,6,30
"58","2020-05-08",115,1,223,348,7792,0.663501026694045,0,0,711,650,17,6640,43,1614,8,43
"59","2020-05-09",99,1,230,324,7792,0.663501026694045,0,0,711,650,25,6665,35,1649,14,35
"60","2020-05-10",94,1,241,303,7792,0.663501026694045,0,0,711,650,17,6682,56,1705,8,56
"61","2020-05-11",92,1,242,296,7792,0.663501026694045,0,0,711,650,22,6704,39,1744,9,39
"62","2020-05-12",88,1,221,283,7792,0.663501026694045,0,0,711,650,24,6728,27,1771,9,27
"63","2020-05-13",89,1,207,265,7792,0.663501026694045,0,0,711,650,14,6742,25,1796,4,25
"64","2020-05-14",79,1,208,262,7792,0.663501026694045,0,0,711,650,20,6762,42,1838,10,42
"65","2020-05-15",86,1,175,259,7792,0.663501026694045,0,0,711,650,22,6784,15,1853,12,15
"66","2020-05-16",91,1,167,247,7792,0.663501026694045,0,0,711,650,13,6797,22,1875,4,22
"67","2020-05-17",84,1,144,235,7792,0.663501026694045,0,0,711,650,17,6814,14,1889,2,14
"68","2020-05-18",80,1,139,223,7792,0.663501026694045,0,0,711,650,12,6826,22,1911,2,22
"69","2020-05-19",80,1,123,217,7792,0.663501026694045,0,0,711,650,12,6838,11,1922,2,11
"70","2020-05-20",76,1,114,208,7792,0.663501026694045,0,0,711,650,15,6853,17,1939,4,17
"71","2020-05-21",78,1,123,201,7792,0.663501026694045,0,0,711,650,15,6868,24,1963,5,24
"72","2020-05-22",67,1,152,196,7792,0.663501026694045,0,0,711,650,14,6882,42,2005,4,42
"73","2020-05-23",64,1,165,181,7792,0.663501026694045,0,0,711,650,10,6892,28,2033,3,28
"74","2020-05-24",62,1,157,167,7792,0.663501026694045,0,0,711,650,14,6906,25,2058,4,25
"75","2020-05-25",61,1,148,165,7792,0.663501026694045,0,0,711,650,12,6918,17,2075,5,17
"76","2020-05-26",56,1,133,164,7792,0.663501026694045,0,0,711,650,17,6935,13,2088,7,13
"77","2020-05-27",53,1,118,164,7792,0.663501026694045,0,0,711,650,11,6946,8,2096,5,8
"78","2020-05-28",47,1,111,157,7792,0.663501026694045,0,0,711,650,7,6953,13,2109,4,13
"79","2020-05-29",46,1,110,151,7792,0.663501026694045,0,0,711,650,8,6961,18,2127,3,18
"80","2020-05-30",45,1,123,145,7792,0.663501026694045,0,0,711,650,7,6968,32,2159,5,32
"81","2020-05-31",43,1,137,134,7792,0.663501026694045,0,0,711,650,5,6973,30,2189,1,30
"82","2020-06-01",45,1,141,121,7792,0.663501026694045,0,0,711,650,7,6980,24,2213,4,24
"83","2020-06-02",49,1,125,110,7792,0.663501026694045,0,0,711,650,4,6984,13,2226,1,13
"84","2020-06-03",48,1,110,105,7792,0.663501026694045,0,0,711,650,10,6994,16,2242,2,16
"85","2020-06-04",44,1,99,100,7792,0.663501026694045,0,0,711,650,7,7001,11,2253,4,11
"86","2020-06-05",38,1,114,96,7792,0.663501026694045,0,0,711,650,7,7008,29,2282,1,29
"87","2020-06-06",34,1,118,94,7792,0.663501026694045,0,0,711,650,8,7016,18,2300,1,18
"88","2020-06-07",31,1,116,91,7792,0.663501026694045,0,0,711,650,8,7024,21,2321,4,21
"89","2020-03-13",2,2,31,76,4947,0.62563169597736,0,0,436,466,29,108,12,36,3,12
"90","2020-03-14",6,2,37,102,4947,0.62563169597736,0,0,436,466,39,147,9,45,8,9
"91","2020-03-15",10,2,30,125,4947,0.62563169597736,0,0,436,466,45,192,16,61,5,16
"92","2020-03-16",14,2,35,162,4947,0.62563169597736,0,0,436,466,43,235,10,71,7,10
"93","2020-03-17",17,2,50,201,4947,0.62563169597736,0,0,436,466,47,282,17,88,12,17
"94","2020-03-18",28,2,47,234,4947,0.62563169597736,0,0,436,466,58,340,19,107,17,19
"95","2020-03-19",43,2,47,271,4947,0.62563169597736,0,0,436,466,55,395,13,120,20,13
"96","2020-03-20",53,2,47,320,4947,0.62563169597736,0,0,436,466,60,455,12,132,27,12
"97","2020-03-21",61,2,37,367,4947,0.62563169597736,0,0,436,466,76,531,21,153,28,21
"98","2020-03-22",74,2,44,417,4947,0.62563169597736,0,0,436,466,47,578,28,181,19,28
"99","2020-03-23",84,2,38,479,4947,0.62563169597736,0,0,436,466,53,631,14,195,22,14
"100","2020-03-24",93,2,41,499,4947,0.62563169597736,0,0,436,466,67,698,12,207,31,12
"101","2020-03-25",96,2,45,555,4947,0.62563169597736,0,0,436,466,58,756,16,223,27,16
"102","2020-03-26",106,2,44,622,4947,0.62563169597736,0,0,436,466,75,831,25,248,32,25
"103","2020-03-27",114,2,66,670,4947,0.62563169597736,0,0,436,466,55,886,17,265,18,17
"104","2020-03-28",125,2,64,703,4947,0.62563169597736,0,0,436,466,56,942,19,284,26,19
"105","2020-03-29",135,2,62,740,4947,0.62563169597736,0,0,436,466,61,1003,22,306,21,22
"106","2020-03-30",154,2,64,762,4947,0.62563169597736,0,0,436,466,66,1069,18,324,24,18
"107","2020-03-31",183,2,64,806,4947,0.62563169597736,0,0,436,466,64,1133,23,347,24,23
"108","2020-04-01",205,2,59,827,4947,0.62563169597736,0,0,436,466,53,1186,38,385,20,38
"109","2020-04-02",207,2,81,860,4947,0.62563169597736,0,0,436,466,57,1243,26,411,23,26
"110","2020-04-03",229,2,78,903,4947,0.62563169597736,0,0,436,466,58,1301,34,445,24,34
"111","2020-04-04",244,2,97,919,4947,0.62563169597736,0,0,436,466,66,1367,27,472,23,27
"112","2020-04-05",255,2,99,946,4947,0.62563169597736,0,0,436,466,74,1441,36,508,29,36
"113","2020-04-06",253,2,110,962,4947,0.62563169597736,0,0,436,466,67,1508,25,533,30,25
"114","2020-04-07",256,2,123,990,4947,0.62563169597736,0,0,436,466,70,1578,18,551,28,18
"115","2020-04-08",249,2,129,1013,4947,0.62563169597736,0,0,436,466,62,1640,24,575,23,24
"116","2020-04-09",266,2,134,1009,4947,0.62563169597736,0,0,436,466,84,1724,24,599,34,24
"117","2020-04-10",256,2,157,999,4947,0.62563169597736,0,0,436,466,90,1814,30,629,34,30
"118","2020-04-11",268,2,164,998,4947,0.62563169597736,0,0,436,466,61,1875,53,682,25,53
"119","2020-04-12",277,2,176,1011,4947,0.62563169597736,0,0,436,466,64,1939,30,712,39,30
"120","2020-04-13",283,2,168,1014,4947,0.62563169597736,0,0,436,466,55,1994,30,742,20,30
"121","2020-04-14",277,2,153,1007,4947,0.62563169597736,0,0,436,466,68,2062,31,773,25,31
"122","2020-04-15",287,2,163,1004,4947,0.62563169597736,0,0,436,466,67,2129,35,808,23,35
"123","2020-04-16",281,2,147,961,4947,0.62563169597736,0,0,436,466,57,2186,26,834,17,26
"124","2020-04-17",286,2,136,964,4947,0.62563169597736,0,0,436,466,54,2240,41,875,19,41
"125","2020-04-18",274,2,131,953,4947,0.62563169597736,0,0,436,466,65,2305,46,921,18,46
"126","2020-04-19",260,2,129,951,4947,0.62563169597736,0,0,436,466,65,2370,34,955,26,34
"127","2020-04-20",254,2,127,916,4947,0.62563169597736,0,0,436,466,58,2428,23,978,15,23
"128","2020-04-21",253,2,142,901,4947,0.62563169597736,0,0,436,466,64,2492,31,1009,22,31
"129","2020-04-22",254,2,134,915,4947,0.62563169597736,0,0,436,466,47,2539,32,1041,19,32
"130","2020-04-23",247,2,143,905,4947,0.62563169597736,0,0,436,466,70,2609,39,1080,22,39
"131","2020-04-24",244,2,132,891,4947,0.62563169597736,0,0,436,466,50,2659,25,1105,8,25
"132","2020-04-25",238,2,119,877,4947,0.62563169597736,0,0,436,466,54,2713,27,1132,16,27
"133","2020-04-26",243,2,110,852,4947,0.62563169597736,0,0,436,466,48,2761,27,1159,19,27
"134","2020-04-27",249,2,95,829,4947,0.62563169597736,0,0,436,466,48,2809,32,1191,15,32
"135","2020-04-28",250,2,101,822,4947,0.62563169597736,0,0,436,466,57,2866,26,1217,21,26
"136","2020-04-29",246,2,128,786,4947,0.62563169597736,0,0,436,466,56,2922,23,1240,13,23
"137","2020-04-30",263,2,178,764,4947,0.62563169597736,0,0,436,466,40,2962,43,1283,7,43
"138","2020-05-01",257,2,178,730,4947,0.62563169597736,0,0,436,466,63,3025,35,1318,21,35
"139","2020-05-02",263,2,170,736,4947,0.62563169597736,0,0,436,466,55,3080,32,1350,16,32
"140","2020-05-03",249,2,168,710,4947,0.62563169597736,0,0,436,466,34,3114,50,1400,7,50
"141","2020-05-04",234,2,150,699,4947,0.62563169597736,0,0,436,466,47,3161,41,1441,14,41
"142","2020-05-05",231,2,137,696,4947,0.62563169597736,0,0,436,466,39,3200,40,1481,10,40
"143","2020-05-06",218,2,147,644,4947,0.62563169597736,0,0,436,466,47,3247,38,1519,8,38
"144","2020-05-07",188,2,139,611,4947,0.62563169597736,0,0,436,466,37,3284,40,1559,9,40
"145","2020-05-08",180,2,150,577,4947,0.62563169597736,0,0,436,466,32,3316,33,1592,6,33
"146","2020-05-09",164,2,153,556,4947,0.62563169597736,0,0,436,466,25,3341,38,1630,10,38
"147","2020-05-10",167,2,144,532,4947,0.62563169597736,0,0,436,466,47,3388,49,1679,7,49
"148","2020-05-11",171,2,139,507,4947,0.62563169597736,0,0,436,466,33,3421,31,1710,9,31
"149","2020-05-12",159,2,161,487,4947,0.62563169597736,0,0,436,466,40,3461,54,1764,6,54
"150","2020-05-13",161,2,154,472,4947,0.62563169597736,0,0,436,466,31,3492,35,1799,10,35
"151","2020-05-14",162,2,150,439,4947,0.62563169597736,0,0,436,466,40,3532,31,1830,10,31
"152","2020-05-15",161,2,144,428,4947,0.62563169597736,0,0,436,466,29,3561,27,1857,5,27
"153","2020-05-16",153,2,158,407,4947,0.62563169597736,0,0,436,466,26,3587,29,1886,6,29
"154","2020-05-17",138,2,147,400,4947,0.62563169597736,0,0,436,466,20,3607,41,1927,6,41
"155","2020-05-18",122,2,146,378,4947,0.62563169597736,0,0,436,466,29,3636,48,1975,7,48
"156","2020-05-19",113,2,135,365,4947,0.62563169597736,0,0,436,466,23,3659,36,2011,2,36
"157","2020-05-20",105,2,132,340,4947,0.62563169597736,0,0,436,466,33,3692,21,2032,2,21
"158","2020-05-21",100,2,132,340,4947,0.62563169597736,0,0,436,466,28,3720,21,2053,9,21
"159","2020-05-22",98,2,139,326,4947,0.62563169597736,0,0,436,466,26,3746,31,2084,5,31
"160","2020-05-23",96,2,146,322,4947,0.62563169597736,0,0,436,466,28,3774,30,2114,6,30
"161","2020-05-24",107,2,165,314,4947,0.62563169597736,0,0,436,466,23,3797,30,2144,7,30
"162","2020-05-25",106,2,173,310,4947,0.62563169597736,0,0,436,466,28,3825,29,2173,2,29
"163","2020-05-26",100,2,167,292,4947,0.62563169597736,0,0,436,466,25,3850,20,2193,6,20
"164","2020-05-27",96,2,152,274,4947,0.62563169597736,0,0,436,466,26,3876,24,2217,5,24
"165","2020-05-28",96,2,146,265,4947,0.62563169597736,0,0,436,466,31,3907,22,2239,10,22
"166","2020-05-29",87,2,144,253,4947,0.62563169597736,0,0,436,466,24,3931,22,2261,6,22
"167","2020-05-30",89,2,133,252,4947,0.62563169597736,0,0,436,466,22,3953,17,2278,5,17
"168","2020-05-31",81,2,136,240,4947,0.62563169597736,0,0,436,466,25,3978,16,2294,5,16
"169","2020-06-01",84,2,134,222,4947,0.62563169597736,0,0,436,466,25,4003,31,2325,5,31
"170","2020-06-02",81,2,123,206,4947,0.62563169597736,0,0,436,466,19,4022,15,2340,2,15
"171","2020-06-03",77,2,118,202,4947,0.62563169597736,0,0,436,466,18,4040,25,2365,3,25
"172","2020-06-04",68,2,126,195,4947,0.62563169597736,0,0,436,466,23,4063,21,2386,6,21
"173","2020-06-05",67,2,117,172,4947,0.62563169597736,0,0,436,466,17,4080,17,2403,6,17
"174","2020-06-06",58,2,111,161,4947,0.62563169597736,0,0,436,466,15,4095,21,2424,9,21
"175","2020-06-07",49,2,120,159,4947,0.62563169597736,0,0,436,466,19,4114,26,2450,5,26
"176","2020-03-14",5,3,123,162,5217,0.380295188805827,0,0,488,1069,30,79,14,52,20,14
"177","2020-03-15",9,3,149,207,5217,0.380295188805827,0,0,488,1069,43,122,13,65,28,13
"178","2020-03-16",15,3,184,266,5217,0.380295188805827,0,0,488,1069,41,163,2,67,28,2
"179","2020-03-17",28,3,187,324,5217,0.380295188805827,0,0,488,1069,41,204,5,72,33,5
"180","2020-03-18",41,3,184,364,5217,0.380295188805827,0,0,488,1069,43,247,10,82,35,10
"181","2020-03-19",54,3,244,417,5217,0.380295188805827,0,0,488,1069,42,289,17,99,28,17
"182","2020-03-20",72,3,240,461,5217,0.380295188805827,0,0,488,1069,54,343,11,110,41,11
"183","2020-03-21",86,3,259,509,5217,0.380295188805827,0,0,488,1069,78,421,11,121,64,11
"184","2020-03-22",98,3,296,557,5217,0.380295188805827,0,0,488,1069,70,491,14,135,55,14
"185","2020-03-23",119,3,308,603,5217,0.380295188805827,0,0,488,1069,82,573,14,149,70,14
"186","2020-03-24",139,3,323,639,5217,0.380295188805827,0,0,488,1069,76,649,27,176,67,27
"187","2020-03-25",151,3,349,680,5217,0.380295188805827,0,0,488,1069,87,736,15,191,75,15
"188","2020-03-26",166,3,306,705,5217,0.380295188805827,0,0,488,1069,108,844,24,215,99,24
"189","2020-03-27",177,3,274,730,5217,0.380295188805827,0,0,488,1069,81,925,15,230,75,15
"190","2020-03-28",186,3,240,754,5217,0.380295188805827,0,0,488,1069,127,1052,27,257,113,27
"191","2020-03-29",197,3,239,794,5217,0.380295188805827,0,0,488,1069,119,1171,22,279,103,22
"192","2020-03-30",203,3,262,823,5217,0.380295188805827,0,0,488,1069,124,1295,24,303,118,24
"193","2020-03-31",200,3,248,853,5217,0.380295188805827,0,0,488,1069,139,1434,29,332,124,29
"194","2020-04-01",205,3,244,866,5217,0.380295188805827,0,0,488,1069,126,1560,27,359,116,27
"195","2020-04-02",213,3,247,872,5217,0.380295188805827,0,0,488,1069,144,1704,24,383,132,24
"196","2020-04-03",217,3,268,875,5217,0.380295188805827,0,0,488,1069,154,1858,20,403,142,20
"197","2020-04-04",216,3,279,879,5217,0.380295188805827,0,0,488,1069,140,1998,20,423,130,20
"198","2020-04-05",226,3,256,889,5217,0.380295188805827,0,0,488,1069,154,2152,26,449,142,26
"199","2020-04-06",221,3,237,879,5217,0.380295188805827,0,0,488,1069,129,2281,41,490,119,41
"200","2020-04-07",237,3,264,879,5217,0.380295188805827,0,0,488,1069,197,2478,29,519,188,29
"201","2020-04-08",242,3,277,867,5217,0.380295188805827,0,0,488,1069,151,2629,52,571,140,52
"202","2020-04-09",244,3,272,881,5217,0.380295188805827,0,0,488,1069,184,2813,51,622,174,51
"203","2020-04-10",254,3,273,877,5217,0.380295188805827,0,0,488,1069,164,2977,48,670,148,48
"204","2020-04-11",259,3,276,873,5217,0.380295188805827,0,0,488,1069,190,3167,56,726,181,56
"205","2020-04-12",250,3,281,864,5217,0.380295188805827,0,0,488,1069,164,3331,45,771,158,45
"206","2020-04-13",260,3,312,885,5217,0.380295188805827,0,0,488,1069,145,3476,26,797,140,26
"207","2020-04-14",240,3,313,899,5217,0.380295188805827,0,0,488,1069,173,3649,22,819,168,22
"208","2020-04-15",246,3,292,889,5217,0.380295188805827,0,0,488,1069,178,3827,36,855,166,36
"209","2020-04-16",235,3,308,880,5217,0.380295188805827,0,0,488,1069,132,3959,46,901,122,46
"210","2020-04-17",233,3,280,877,5217,0.380295188805827,0,0,488,1069,141,4100,52,953,136,52
"211","2020-04-18",235,3,282,882,5217,0.380295188805827,0,0,488,1069,117,4217,41,994,106,41
"212","2020-04-19",235,3,276,881,5217,0.380295188805827,0,0,488,1069,137,4354,30,1024,126,30
"213","2020-04-20",233,3,285,859,5217,0.380295188805827,0,0,488,1069,122,4476,35,1059,110,35
"214","2020-04-21",243,3,273,842,5217,0.380295188805827,0,0,488,1069,104,4580,35,1094,93,35
"215","2020-04-22",231,3,277,836,5217,0.380295188805827,0,0,488,1069,112,4692,28,1122,101,28
"216","2020-04-23",241,3,271,825,5217,0.380295188805827,0,0,488,1069,93,4785,38,1160,86,38
"217","2020-04-24",229,3,269,820,5217,0.380295188805827,0,0,488,1069,98,4883,28,1188,89,28
"218","2020-04-25",225,3,273,805,5217,0.380295188805827,0,0,488,1069,94,4977,19,1207,86,19
"219","2020-04-26",226,3,280,789,5217,0.380295188805827,0,0,488,1069,85,5062,18,1225,75,18
"220","2020-04-27",221,3,280,775,5217,0.380295188805827,0,0,488,1069,116,5178,20,1245,109,20
"221","2020-04-28",213,3,277,769,5217,0.380295188805827,0,0,488,1069,73,5251,17,1262,68,17
"222","2020-04-29",220,3,276,751,5217,0.380295188805827,0,0,488,1069,68,5319,38,1300,62,38
"223","2020-04-30",207,3,276,741,5217,0.380295188805827,0,0,488,1069,44,5363,27,1327,39,27
"224","2020-05-01",227,3,267,728,5217,0.380295188805827,0,0,488,1069,61,5424,47,1374,56,47
"225","2020-05-02",228,3,267,697,5217,0.380295188805827,0,0,488,1069,38,5462,25,1399,36,25
"226","2020-05-03",219,3,289,687,5217,0.380295188805827,0,0,488,1069,66,5528,48,1447,59,48
"227","2020-05-04",221,3,261,683,5217,0.380295188805827,0,0,488,1069,51,5579,39,1486,47,39
"228","2020-05-05",222,3,314,648,5217,0.380295188805827,0,0,488,1069,30,5609,29,1515,26,29
"229","2020-05-06",212,3,309,636,5217,0.380295188805827,0,0,488,1069,45,5654,18,1533,38,18
"230","2020-05-07",214,3,296,601,5217,0.380295188805827,0,0,488,1069,34,5688,31,1564,31,31
"231","2020-05-08",186,3,293,594,5217,0.380295188805827,0,0,488,1069,35,5723,41,1605,32,41
"232","2020-05-09",173,3,316,571,5217,0.380295188805827,0,0,488,1069,29,5752,28,1633,22,28
"233","2020-05-10",175,3,323,552,5217,0.380295188805827,0,0,488,1069,31,5783,30,1663,28,30
"234","2020-05-11",161,3,308,550,5217,0.380295188805827,0,0,488,1069,35,5818,25,1688,30,25
"235","2020-05-12",151,3,286,545,5217,0.380295188805827,0,0,488,1069,25,5843,19,1707,22,19
"236","2020-05-13",154,3,296,531,5217,0.380295188805827,0,0,488,1069,27,5870,14,1721,20,14
"237","2020-05-14",143,3,305,533,5217,0.380295188805827,0,0,488,1069,20,5890,22,1743,15,22
"238","2020-05-15",144,3,298,512,5217,0.380295188805827,0,0,488,1069,17,5907,25,1768,13,25
"239","2020-05-16",140,3,293,511,5217,0.380295188805827,0,0,488,1069,17,5924,26,1794,15,26
"240","2020-05-17",141,3,267,494,5217,0.380295188805827,0,0,488,1069,17,5941,35,1829,12,35
"241","2020-05-18",146,3,277,491,5217,0.380295188805827,0,0,488,1069,15,5956,40,1869,11,40
"242","2020-05-19",141,3,289,473,5217,0.380295188805827,0,0,488,1069,16,5972,25,1894,9,25
"243","2020-05-20",133,3,270,456,5217,0.380295188805827,0,0,488,1069,19,5991,40,1934,13,40
"244","2020-05-21",143,3,247,437,5217,0.380295188805827,0,0,488,1069,19,6010,47,1981,15,47
"245","2020-05-22",137,3,257,422,5217,0.380295188805827,0,0,488,1069,10,6020,36,2017,7,36
"246","2020-05-23",140,3,258,421,5217,0.380295188805827,0,0,488,1069,21,6041,26,2043,18,26
"247","2020-05-24",143,3,273,400,5217,0.380295188805827,0,0,488,1069,18,6059,22,2065,17,22
"248","2020-05-25",137,3,261,389,5217,0.380295188805827,0,0,488,1069,11,6070,25,2090,11,25
"249","2020-05-26",147,3,238,382,5217,0.380295188805827,0,0,488,1069,11,6081,29,2119,7,29
"250","2020-05-27",136,3,243,364,5217,0.380295188805827,0,0,488,1069,16,6097,38,2157,16,38
"251","2020-05-28",118,3,268,357,5217,0.380295188805827,0,0,488,1069,11,6108,37,2194,10,37
"252","2020-05-29",116,3,276,338,5217,0.380295188805827,0,0,488,1069,12,6120,38,2232,10,38
"253","2020-05-30",113,3,271,320,5217,0.380295188805827,0,0,488,1069,11,6131,26,2258,7,26
"254","2020-05-31",102,3,272,303,5217,0.380295188805827,0,0,488,1069,10,6141,29,2287,8,29
"255","2020-06-01",94,3,274,285,5217,0.380295188805827,0,0,488,1069,12,6153,13,2300,11,13
"256","2020-06-02",78,3,265,277,5217,0.380295188805827,0,0,488,1069,6,6159,26,2326,5,26
"257","2020-06-03",78,3,259,263,5217,0.380295188805827,0,0,488,1069,6,6165,20,2346,5,20
"258","2020-06-04",79,3,239,249,5217,0.380295188805827,0,0,488,1069,4,6169,14,2360,3,14
"259","2020-06-05",76,3,227,233,5217,0.380295188805827,0,0,488,1069,4,6173,11,2371,4,11
"260","2020-06-06",76,3,244,230,5217,0.380295188805827,0,0,488,1069,4,6177,13,2384,3,13
"261","2020-06-07",71,3,235,221,5217,0.380295188805827,0,0,488,1069,5,6182,16,2400,5,16
"262","2020-03-13",1,4,39,66,4701,0.686875132950436,0,0,420,643,68,163,45,91,29,45
"263","2020-03-14",4,4,46,90,4701,0.686875132950436,0,0,420,643,83,246,30,121,49,30
"264","2020-03-15",8,4,81,119,4701,0.686875132950436,0,0,420,643,111,357,21,142,69,21
"265","2020-03-16",11,4,107,151,4701,0.686875132950436,0,0,420,643,118,475,59,201,86,59
"266","2020-03-17",13,4,124,183,4701,0.686875132950436,0,0,420,643,174,649,46,247,140,46
"267","2020-03-18",20,4,130,225,4701,0.686875132950436,0,0,420,643,223,872,53,300,173,53
"268","2020-03-19",27,4,119,262,4701,0.686875132950436,0,0,420,643,242,1114,49,349,216,49
"269","2020-03-20",44,4,114,295,4701,0.686875132950436,0,0,420,643,301,1415,26,375,256,26
"270","2020-03-21",54,4,100,354,4701,0.686875132950436,0,0,420,643,360,1775,24,399,320,24
"271","2020-03-22",67,4,87,383,4701,0.686875132950436,0,0,420,643,409,2184,33,432,381,33
"272","2020-03-23",73,4,94,415,4701,0.686875132950436,0,0,420,643,422,2606,61,493,402,61
"273","2020-03-24",88,4,76,451,4701,0.686875132950436,0,0,420,643,456,3062,31,524,430,31
"274","2020-03-25",95,4,64,473,4701,0.686875132950436,0,0,420,643,568,3630,16,540,531,16
"275","2020-03-26",103,4,65,506,4701,0.686875132950436,0,0,420,643,419,4049,24,564,392,24
"276","2020-03-27",107,4,83,548,4701,0.686875132950436,0,0,420,643,517,4566,12,576,494,12
"277","2020-03-28",118,4,86,594,4701,0.686875132950436,0,0,420,643,420,4986,13,589,398,13
"278","2020-03-29",130,4,83,631,4701,0.686875132950436,0,0,420,643,382,5368,31,620,361,31
"279","2020-03-30",150,4,88,662,4701,0.686875132950436,0,0,420,643,382,5750,61,681,366,61
"280","2020-03-31",165,4,119,692,4701,0.686875132950436,0,0,420,643,381,6131,35,716,362,35
"281","2020-04-01",173,4,116,726,4701,0.686875132950436,0,0,420,643,281,6412,23,739,263,23
"282","2020-04-02",180,4,117,754,4701,0.686875132950436,0,0,420,643,234,6646,25,764,224,25
"283","2020-04-03",187,4,104,789,4701,0.686875132950436,0,0,420,643,219,6865,60,824,211,60
"284","2020-04-04",189,4,91,797,4701,0.686875132950436,0,0,420,643,154,7019,89,913,150,89
"285","2020-04-05",201,4,85,814,4701,0.686875132950436,0,0,420,643,131,7150,65,978,126,65
"286","2020-04-06",212,4,74,826,4701,0.686875132950436,0,0,420,643,86,7236,28,1006,79,28
"287","2020-04-07",209,4,72,846,4701,0.686875132950436,0,0,420,643,90,7326,26,1032,80,26
"288","2020-04-08",219,4,79,863,4701,0.686875132950436,0,0,420,643,82,7408,60,1092,79,60
"289","2020-04-09",228,4,109,863,4701,0.686875132950436,0,0,420,643,46,7454,68,1160,42,68
"290","2020-04-10",231,4,122,845,4701,0.686875132950436,0,0,420,643,57,7511,34,1194,50,34
"291","2020-04-11",242,4,113,841,4701,0.686875132950436,0,0,420,643,31,7542,51,1245,28,51
"292","2020-04-12",237,4,111,832,4701,0.686875132950436,0,0,420,643,22,7564,23,1268,19,23
"293","2020-04-13",231,4,100,834,4701,0.686875132950436,0,0,420,643,24,7588,13,1281,21,13
"294","2020-04-14",235,4,88,845,4701,0.686875132950436,0,0,420,643,16,7604,10,1291,15,10
"295","2020-04-15",243,4,121,834,4701,0.686875132950436,0,0,420,643,14,7618,54,1345,11,54
"296","2020-04-16",252,4,146,847,4701,0.686875132950436,0,0,420,643,10,7628,42,1387,7,42
"297","2020-04-17",258,4,153,831,4701,0.686875132950436,0,0,420,643,13,7641,23,1410,7,23
"298","2020-04-18",254,4,145,852,4701,0.686875132950436,0,0,420,643,6,7647,14,1424,5,14
"299","2020-04-19",255,4,143,884,4701,0.686875132950436,0,0,420,643,11,7658,13,1437,7,13
"300","2020-04-20",257,4,181,862,4701,0.686875132950436,0,0,420,643,9,7667,21,1458,6,21
"301","2020-04-21",253,4,197,872,4701,0.686875132950436,0,0,420,643,7,7674,48,1506,1,48
"302","2020-04-22",243,4,205,877,4701,0.686875132950436,0,0,420,643,6,7680,87,1593,3,87
"303","2020-04-23",231,4,218,858,4701,0.686875132950436,0,0,420,643,4,7684,35,1628,2,35
"304","2020-04-24",234,4,242,871,4701,0.686875132950436,0,0,420,643,4,7688,26,1654,2,26
"305","2020-04-25",230,4,236,877,4701,0.686875132950436,0,0,420,643,5,7693,25,1679,2,25
"306","2020-04-26",231,4,219,864,4701,0.686875132950436,0,0,420,643,8,7701,27,1706,5,27
"307","2020-04-27",229,4,229,850,4701,0.686875132950436,0,0,420,643,5,7706,21,1727,2,21
"308","2020-04-28",238,4,210,823,4701,0.686875132950436,0,0,420,643,2,7708,11,1738,1,11
"309","2020-04-29",243,4,188,824,4701,0.686875132950436,0,0,420,643,4,7712,13,1751,2,13
"310","2020-04-30",256,4,179,805,4701,0.686875132950436,0,0,420,643,5,7717,17,1768,3,17
"311","2020-05-01",248,4,165,810,4701,0.686875132950436,0,0,420,643,4,7721,13,1781,NA,13
"312","2020-05-02",257,4,179,796,4701,0.686875132950436,0,0,420,643,6,7727,11,1792,NA,11
"313","2020-05-03",240,4,222,765,4701,0.686875132950436,0,0,420,643,1,7728,19,1811,NA,19
"314","2020-05-04",243,4,220,749,4701,0.686875132950436,0,0,420,643,2,7730,16,1827,NA,16
"315","2020-05-05",237,4,232,705,4701,0.686875132950436,0,0,420,643,1,7731,41,1868,1,41
"316","2020-05-06",229,4,231,695,4701,0.686875132950436,0,0,420,643,6,7737,22,1890,2,22
"317","2020-05-07",216,4,252,655,4701,0.686875132950436,0,0,420,643,2,7739,23,1913,NA,23
"318","2020-05-08",217,4,225,635,4701,0.686875132950436,0,0,420,643,8,7747,78,1991,3,78
"319","2020-05-09",202,4,206,610,4701,0.686875132950436,0,0,420,643,1,7748,76,2067,NA,76
"320","2020-05-10",208,4,185,582,4701,0.686875132950436,0,0,420,643,2,7750,48,2115,1,48
"321","2020-05-11",196,4,190,568,4701,0.686875132950436,0,0,420,643,3,7753,64,2179,1,64
"322","2020-05-12",191,4,182,553,4701,0.686875132950436,0,0,420,643,2,7755,36,2215,1,36
"323","2020-05-13",181,4,191,530,4701,0.686875132950436,0,0,420,643,6,7761,37,2252,4,37
"324","2020-05-14",171,4,166,504,4701,0.686875132950436,0,0,420,643,3,7764,24,2276,3,24
"325","2020-05-15",157,4,155,479,4701,0.686875132950436,0,0,420,643,1,7765,45,2321,NA,45
"326","2020-05-16",166,4,158,456,4701,0.686875132950436,0,0,420,643,3,7768,24,2345,3,24
"327","2020-05-17",154,4,150,443,4701,0.686875132950436,0,0,420,643,4,7772,18,2363,1,18
"328","2020-05-18",150,4,171,433,4701,0.686875132950436,0,0,420,643,NA,NA,15,2378,NA,15
"329","2020-05-19",139,4,176,419,4701,0.686875132950436,0,0,420,643,5,7777,13,2391,1,13
"330","2020-05-20",142,4,174,416,4701,0.686875132950436,0,0,420,643,3,7780,7,2398,NA,7
"331","2020-05-21",134,4,157,397,4701,0.686875132950436,0,0,420,643,4,7784,8,2406,NA,8
"332","2020-05-22",132,4,115,384,4701,0.686875132950436,0,0,420,643,2,7786,4,2410,NA,4
"333","2020-05-23",111,4,97,368,4701,0.686875132950436,0,0,420,643,1,7787,7,2417,1,7
"334","2020-05-24",114,4,82,352,4701,0.686875132950436,0,0,420,643,1,7788,7,2424,NA,7
"335","2020-05-25",112,4,89,339,4701,0.686875132950436,0,0,420,643,2,7790,12,2436,1,12
"336","2020-05-26",108,4,86,317,4701,0.686875132950436,0,0,420,643,3,7793,15,2451,NA,15
"337","2020-05-27",101,4,86,293,4701,0.686875132950436,0,0,420,643,NA,NA,51,2502,NA,51
"338","2020-05-28",103,4,109,277,4701,0.686875132950436,0,0,420,643,3,7796,63,2565,1,63
"339","2020-05-29",92,4,106,264,4701,0.686875132950436,0,0,420,643,2,7798,43,2608,2,43
"340","2020-05-30",90,4,98,247,4701,0.686875132950436,0,0,420,643,6,7804,22,2630,2,22
"341","2020-05-31",82,4,116,237,4701,0.686875132950436,0,0,420,643,1,7805,37,2667,NA,37
"342","2020-06-01",72,4,115,229,4701,0.686875132950436,0,0,420,643,1,7806,56,2723,NA,56
"343","2020-06-02",71,4,105,212,4701,0.686875132950436,0,0,420,643,1,7807,25,2748,NA,25
"344","2020-06-03",65,4,101,201,4701,0.686875132950436,0,0,420,643,1,7808,72,2820,1,72
"345","2020-06-04",65,4,121,190,4701,0.686875132950436,0,0,420,643,2,7810,51,2871,1,51
"346","2020-06-05",68,4,110,183,4701,0.686875132950436,0,0,420,643,1,7811,36,2907,1,36
"347","2020-06-06",66,4,98,180,4701,0.686875132950436,0,0,420,643,3,7814,24,2931,1,24
"348","2020-06-07",65,4,106,171,4701,0.686875132950436,0,0,420,643,NA,NA,17,2948,NA,17
"349","2020-03-13",1,5,49,62,4059,0.436807095343681,0,0,383,382,22,46,27,73,5,27
"350","2020-03-14",4,5,61,95,4059,0.436807095343681,0,0,383,382,12,58,29,102,3,29
"351","2020-03-15",8,5,60,130,4059,0.436807095343681,0,0,383,382,27,85,15,117,5,15
"352","2020-03-16",11,5,62,169,4059,0.436807095343681,0,0,383,382,23,108,37,154,9,37
"353","2020-03-17",19,5,69,215,4059,0.436807095343681,0,0,383,382,26,134,22,176,12,22
"354","2020-03-18",25,5,69,243,4059,0.436807095343681,0,0,383,382,25,159,36,212,13,36
"355","2020-03-19",36,5,76,268,4059,0.436807095343681,0,0,383,382,20,179,41,253,11,41
"356","2020-03-20",40,5,96,310,4059,0.436807095343681,0,0,383,382,32,211,48,301,15,48
"357","2020-03-21",47,5,99,351,4059,0.436807095343681,0,0,383,382,23,234,32,333,16,32
"358","2020-03-22",54,5,112,366,4059,0.436807095343681,0,0,383,382,26,260,22,355,11,22
"359","2020-03-23",64,5,94,402,4059,0.436807095343681,0,0,383,382,39,299,17,372,21,17
"360","2020-03-24",73,5,109,430,4059,0.436807095343681,0,0,383,382,34,333,48,420,22,48
"361","2020-03-25",88,5,98,439,4059,0.436807095343681,0,0,383,382,37,370,34,454,23,34
"362","2020-03-26",91,5,90,457,4059,0.436807095343681,0,0,383,382,44,414,23,477,23,23
"363","2020-03-27",105,5,78,476,4059,0.436807095343681,0,0,383,382,46,460,41,518,35,41
"364","2020-03-28",117,5,78,491,4059,0.436807095343681,0,0,383,382,34,494,27,545,21,27
"365","2020-03-29",124,5,64,511,4059,0.436807095343681,0,0,383,382,44,538,38,583,29,38
"366","2020-03-30",125,5,77,532,4059,0.436807095343681,0,0,383,382,43,581,32,615,29,32
"367","2020-03-31",126,5,99,560,4059,0.436807095343681,0,0,383,382,54,635,26,641,43,26
"368","2020-04-01",132,5,104,582,4059,0.436807095343681,0,0,383,382,46,681,23,664,31,23
"369","2020-04-02",136,5,102,583,4059,0.436807095343681,0,0,383,382,42,723,30,694,32,30
"370","2020-04-03",143,5,104,607,4059,0.436807095343681,0,0,383,382,67,790,38,732,47,38
"371","2020-04-04",145,5,91,616,4059,0.436807095343681,0,0,383,382,41,831,48,780,31,48
"372","2020-04-05",156,5,88,633,4059,0.436807095343681,0,0,383,382,56,887,48,828,32,48
"373","2020-04-06",171,5,85,645,4059,0.436807095343681,0,0,383,382,54,941,41,869,32,41
"374","2020-04-07",191,5,103,677,4059,0.436807095343681,0,0,383,382,57,998,23,892,36,23
"375","2020-04-08",193,5,103,675,4059,0.436807095343681,0,0,383,382,44,1042,20,912,29,20
"376","2020-04-09",208,5,99,691,4059,0.436807095343681,0,0,383,382,54,1096,45,957,31,45
"377","2020-04-10",217,5,100,680,4059,0.436807095343681,0,0,383,382,57,1153,30,987,44,30
"378","2020-04-11",220,5,83,703,4059,0.436807095343681,0,0,383,382,48,1201,41,1028,27,41
"379","2020-04-12",212,5,85,700,4059,0.436807095343681,0,0,383,382,36,1237,30,1058,22,30
"380","2020-04-13",211,5,88,714,4059,0.436807095343681,0,0,383,382,53,1290,43,1101,29,43
"381","2020-04-14",209,5,83,713,4059,0.436807095343681,0,0,383,382,31,1321,38,1139,17,38
"382","2020-04-15",205,5,85,711,4059,0.436807095343681,0,0,383,382,43,1364,19,1158,29,19
"383","2020-04-16",189,5,88,720,4059,0.436807095343681,0,0,383,382,41,1405,20,1178,20,20
"384","2020-04-17",184,5,94,725,4059,0.436807095343681,0,0,383,382,40,1445,25,1203,24,25
"385","2020-04-18",181,5,118,708,4059,0.436807095343681,0,0,383,382,53,1498,24,1227,36,24
"386","2020-04-19",191,5,105,694,4059,0.436807095343681,0,0,383,382,37,1535,27,1254,20,27
"387","2020-04-20",191,5,99,698,4059,0.436807095343681,0,0,383,382,32,1567,27,1281,17,27
"388","2020-04-21",179,5,120,701,4059,0.436807095343681,0,0,383,382,47,1614,54,1335,28,54
"389","2020-04-22",179,5,145,697,4059,0.436807095343681,0,0,383,382,45,1659,40,1375,24,40
"390","2020-04-23",187,5,142,692,4059,0.436807095343681,0,0,383,382,38,1697,34,1409,21,34
"391","2020-04-24",186,5,163,683,4059,0.436807095343681,0,0,383,382,43,1740,29,1438,28,29
"392","2020-04-25",188,5,149,669,4059,0.436807095343681,0,0,383,382,31,1771,40,1478,17,40
"393","2020-04-26",187,5,158,642,4059,0.436807095343681,0,0,383,382,36,1807,37,1515,19,37
"394","2020-04-27",181,5,149,625,4059,0.436807095343681,0,0,383,382,33,1840,19,1534,19,19
"395","2020-04-28",186,5,146,614,4059,0.436807095343681,0,0,383,382,40,1880,13,1547,23,13
"396","2020-04-29",186,5,139,602,4059,0.436807095343681,0,0,383,382,38,1918,21,1568,19,21
"397","2020-04-30",192,5,145,586,4059,0.436807095343681,0,0,383,382,38,1956,15,1583,20,15
"398","2020-05-01",187,5,167,552,4059,0.436807095343681,0,0,383,382,25,1981,12,1595,13,12
"399","2020-05-02",182,5,165,542,4059,0.436807095343681,0,0,383,382,36,2017,29,1624,24,29
"400","2020-05-03",176,5,160,532,4059,0.436807095343681,0,0,383,382,34,2051,35,1659,15,35
"401","2020-05-04",168,5,154,524,4059,0.436807095343681,0,0,383,382,30,2081,52,1711,23,52
"402","2020-05-05",157,5,151,498,4059,0.436807095343681,0,0,383,382,33,2114,28,1739,16,28
"403","2020-05-06",148,5,151,478,4059,0.436807095343681,0,0,383,382,33,2147,35,1774,21,35
"404","2020-05-07",137,5,146,471,4059,0.436807095343681,0,0,383,382,33,2180,17,1791,19,17
"405","2020-05-08",132,5,138,463,4059,0.436807095343681,0,0,383,382,42,2222,19,1810,25,19
"406","2020-05-09",131,5,137,449,4059,0.436807095343681,0,0,383,382,33,2255,11,1821,17,11
"407","2020-05-10",124,5,128,448,4059,0.436807095343681,0,0,383,382,34,2289,36,1857,19,36
"408","2020-05-11",128,5,133,454,4059,0.436807095343681,0,0,383,382,44,2333,45,1902,27,45
"409","2020-05-12",125,5,145,443,4059,0.436807095343681,0,0,383,382,27,2360,23,1925,18,23
"410","2020-05-13",121,5,157,426,4059,0.436807095343681,0,0,383,382,28,2388,26,1951,14,26
"411","2020-05-14",118,5,135,422,4059,0.436807095343681,0,0,383,382,31,2419,39,1990,17,39
"412","2020-05-15",120,5,126,426,4059,0.436807095343681,0,0,383,382,29,2448,48,2038,16,48
"413","2020-05-16",115,5,116,421,4059,0.436807095343681,0,0,383,382,34,2482,29,2067,13,29
"414","2020-05-17",113,5,115,402,4059,0.436807095343681,0,0,383,382,31,2513,38,2105,16,38
"415","2020-05-18",109,5,118,401,4059,0.436807095343681,0,0,383,382,26,2539,37,2142,13,37
"416","2020-05-19",111,5,108,395,4059,0.436807095343681,0,0,383,382,30,2569,37,2179,20,37
"417","2020-05-20",117,5,98,392,4059,0.436807095343681,0,0,383,382,40,2609,47,2226,28,47
"418","2020-05-21",114,5,105,392,4059,0.436807095343681,0,0,383,382,32,2641,65,2291,17,65
"419","2020-05-22",114,5,135,391,4059,0.436807095343681,0,0,383,382,34,2675,30,2321,19,30
"420","2020-05-23",113,5,127,389,4059,0.436807095343681,0,0,383,382,29,2704,26,2347,17,26
"421","2020-05-24",111,5,129,375,4059,0.436807095343681,0,0,383,382,28,2732,37,2384,20,37
"422","2020-05-25",111,5,133,366,4059,0.436807095343681,0,0,383,382,21,2753,34,2418,12,34
"423","2020-05-26",106,5,122,370,4059,0.436807095343681,0,0,383,382,21,2774,23,2441,13,23
"424","2020-05-27",96,5,124,363,4059,0.436807095343681,0,0,383,382,13,2787,29,2470,7,29
"425","2020-05-28",96,5,123,345,4059,0.436807095343681,0,0,383,382,15,2802,28,2498,9,28
"426","2020-05-29",98,5,114,342,4059,0.436807095343681,0,0,383,382,24,2826,11,2509,15,11
"427","2020-05-30",106,5,116,323,4059,0.436807095343681,0,0,383,382,19,2845,22,2531,13,22
"428","2020-05-31",110,5,112,328,4059,0.436807095343681,0,0,383,382,34,2879,27,2558,17,27
"429","2020-06-01",116,5,106,315,4059,0.436807095343681,0,0,383,382,20,2899,8,2566,16,8
"430","2020-06-02",119,5,91,303,4059,0.436807095343681,0,0,383,382,11,2910,14,2580,9,14
"431","2020-06-03",116,5,98,285,4059,0.436807095343681,0,0,383,382,19,2929,19,2599,18,19
"432","2020-06-04",115,5,98,271,4059,0.436807095343681,0,0,383,382,10,2939,15,2614,9,15
"433","2020-06-05",104,5,93,257,4059,0.436807095343681,0,0,383,382,12,2951,16,2630,7,16
"434","2020-06-06",91,5,98,246,4059,0.436807095343681,0,0,383,382,16,2967,16,2646,10,16
"435","2020-06-07",78,5,98,231,4059,0.436807095343681,0,0,383,382,19,2986,20,2666,12,20
"436","2020-03-13",1,6,91,78,8153,0.905801545443395,0,0,657,1039,36,88,9,45,4,9
"437","2020-03-14",2,6,140,117,8153,0.905801545443395,0,0,657,1039,30,118,4,49,8,4
"438","2020-03-15",2,6,160,177,8153,0.905801545443395,0,0,657,1039,42,160,7,56,11,7
"439","2020-03-16",8,6,153,279,8153,0.905801545443395,0,0,657,1039,49,209,8,64,10,8
"440","2020-03-17",17,6,138,369,8153,0.905801545443395,0,0,657,1039,35,244,4,68,16,4
"441","2020-03-18",28,6,129,508,8153,0.905801545443395,0,0,657,1039,48,292,5,73,30,5
"442","2020-03-19",39,6,115,647,8153,0.905801545443395,0,0,657,1039,51,343,5,78,25,5
"443","2020-03-20",59,6,127,825,8153,0.905801545443395,0,0,657,1039,44,387,10,88,19,10
"444","2020-03-21",88,6,136,1016,8153,0.905801545443395,0,0,657,1039,45,432,14,102,26,14
"445","2020-03-22",130,6,142,1255,8153,0.905801545443395,0,0,657,1039,56,488,33,135,33,33
"446","2020-03-23",161,6,146,1480,8153,0.905801545443395,0,0,657,1039,44,532,23,158,26,23
"447","2020-03-24",201,6,159,1801,8153,0.905801545443395,0,0,657,1039,46,578,24,182,28,24
"448","2020-03-25",257,6,156,2245,8153,0.905801545443395,0,0,657,1039,47,625,27,209,18,27
"449","2020-03-26",319,6,136,2605,8153,0.905801545443395,0,0,657,1039,65,690,28,237,31,28
"450","2020-03-27",396,6,126,2961,8153,0.905801545443395,0,0,657,1039,63,753,20,257,32,20
"451","2020-03-28",490,6,143,3327,8153,0.905801545443395,0,0,657,1039,54,807,4,261,30,4
"452","2020-03-29",586,6,153,3620,8153,0.905801545443395,0,0,657,1039,44,851,16,277,21,16
"453","2020-03-30",705,6,138,3995,8153,0.905801545443395,0,0,657,1039,60,911,37,314,32,37
"454","2020-03-31",818,6,129,4155,8153,0.905801545443395,0,0,657,1039,48,959,47,361,22,47
"455","2020-04-01",919,6,120,4242,8153,0.905801545443395,0,0,657,1039,52,1011,32,393,16,32
"456","2020-04-02",1008,6,161,4270,8153,0.905801545443395,0,0,657,1039,51,1062,46,439,14,46
"457","2020-04-03",1075,6,156,4239,8153,0.905801545443395,0,0,657,1039,37,1099,43,482,18,43
"458","2020-04-04",1144,6,159,4201,8153,0.905801545443395,0,0,657,1039,47,1146,45,527,17,45
"459","2020-04-05",1180,6,154,4021,8153,0.905801545443395,0,0,657,1039,45,1191,18,545,16,18
"460","2020-04-06",1187,6,141,3818,8153,0.905801545443395,0,0,657,1039,52,1243,19,564,13,19
"461","2020-04-07",1195,6,190,3510,8153,0.905801545443395,0,0,657,1039,52,1295,15,579,18,15
"462","2020-04-08",1161,6,236,3232,8153,0.905801545443395,0,0,657,1039,45,1340,35,614,17,35
"463","2020-04-09",1153,6,259,2925,8153,0.905801545443395,0,0,657,1039,38,1378,19,633,10,19
"464","2020-04-10",1117,6,293,2624,8153,0.905801545443395,0,0,657,1039,41,1419,21,654,17,21
"465","2020-04-11",1026,6,278,2330,8153,0.905801545443395,0,0,657,1039,44,1463,16,670,16,16
"466","2020-04-12",945,6,237,2046,8153,0.905801545443395,0,0,657,1039,44,1507,14,684,19,14
"467","2020-04-13",851,6,210,1778,8153,0.905801545443395,0,0,657,1039,38,1545,10,694,11,10
"468","2020-04-14",748,6,215,1526,8153,0.905801545443395,0,0,657,1039,45,1590,32,726,13,32
"469","2020-04-15",679,6,230,1310,8153,0.905801545443395,0,0,657,1039,44,1634,37,763,10,37
"470","2020-04-16",579,6,203,1113,8153,0.905801545443395,0,0,657,1039,42,1676,34,797,11,34
"471","2020-04-17",501,6,190,951,8153,0.905801545443395,0,0,657,1039,36,1712,61,858,15,61
"472","2020-04-18",437,6,183,784,8153,0.905801545443395,0,0,657,1039,56,1768,43,901,10,43
"473","2020-04-19",368,6,175,638,8153,0.905801545443395,0,0,657,1039,49,1817,53,954,17,53
"474","2020-04-20",333,6,203,543,8153,0.905801545443395,0,0,657,1039,39,1856,23,977,15,23
"475","2020-04-21",281,6,218,446,8153,0.905801545443395,0,0,657,1039,55,1911,20,997,19,20
"476","2020-04-22",232,6,236,347,8153,0.905801545443395,0,0,657,1039,53,1964,17,1014,21,17
"477","2020-04-23",196,6,240,300,8153,0.905801545443395,0,0,657,1039,52,2016,45,1059,14,45
"478","2020-04-24",157,6,245,264,8153,0.905801545443395,0,0,657,1039,42,2058,30,1089,11,30
"479","2020-04-25",125,6,258,216,8153,0.905801545443395,0,0,657,1039,46,2104,21,1110,15,21
"480","2020-04-26",112,6,252,167,8153,0.905801545443395,0,0,657,1039,48,2152,48,1158,25,48
"481","2020-04-27",84,6,252,134,8153,0.905801545443395,0,0,657,1039,37,2189,18,1176,12,18
"482","2020-04-28",74,6,228,118,8153,0.905801545443395,0,0,657,1039,43,2232,15,1191,17,15
"483","2020-04-29",62,6,208,101,8153,0.905801545443395,0,0,657,1039,50,2282,17,1208,20,17
"484","2020-04-30",50,6,183,89,8153,0.905801545443395,0,0,657,1039,51,2333,60,1268,17,60
"485","2020-05-01",40,6,168,82,8153,0.905801545443395,0,0,657,1039,44,2377,69,1337,10,69
"486","2020-05-02",36,6,159,66,8153,0.905801545443395,0,0,657,1039,45,2422,66,1403,14,66
"487","2020-05-03",28,6,152,63,8153,0.905801545443395,0,0,657,1039,38,2460,38,1441,7,38
"488","2020-05-04",26,6,146,54,8153,0.905801545443395,0,0,657,1039,53,2513,22,1463,9,22
"489","2020-05-05",25,6,131,48,8153,0.905801545443395,0,0,657,1039,43,2556,15,1478,12,15
"490","2020-05-06",22,6,141,44,8153,0.905801545443395,0,0,657,1039,52,2608,12,1490,14,12
"491","2020-05-07",18,6,182,46,8153,0.905801545443395,0,0,657,1039,56,2664,13,1503,20,13
"492","2020-05-08",18,6,221,43,8153,0.905801545443395,0,0,657,1039,48,2712,10,1513,23,10
"493","2020-05-09",16,6,201,41,8153,0.905801545443395,0,0,657,1039,43,2755,18,1531,20,18
"494","2020-05-10",14,6,185,44,8153,0.905801545443395,0,0,657,1039,36,2791,54,1585,9,54
"495","2020-05-11",13,6,226,41,8153,0.905801545443395,0,0,657,1039,42,2833,53,1638,9,53
"496","2020-05-12",10,6,250,42,8153,0.905801545443395,0,0,657,1039,28,2861,48,1686,10,48
"497","2020-05-13",13,6,233,39,8153,0.905801545443395,0,0,657,1039,40,2901,30,1716,16,30
"498","2020-05-14",11,6,207,35,8153,0.905801545443395,0,0,657,1039,33,2934,17,1733,7,17
"499","2020-05-15",13,6,180,35,8153,0.905801545443395,0,0,657,1039,40,2974,19,1752,17,19
"500","2020-05-16",14,6,156,33,8153,0.905801545443395,0,0,657,1039,42,3016,14,1766,15,14
"501","2020-05-17",14,6,151,32,8153,0.905801545443395,0,0,657,1039,47,3063,9,1775,19,9
"502","2020-05-18",12,6,132,34,8153,0.905801545443395,0,0,657,1039,31,3094,14,1789,14,14
"503","2020-05-19",11,6,133,31,8153,0.905801545443395,0,0,657,1039,24,3118,53,1842,10,53
"504","2020-05-20",7,6,159,33,8153,0.905801545443395,0,0,657,1039,23,3141,25,1867,10,25
"505","2020-05-21",7,6,169,30,8153,0.905801545443395,0,0,657,1039,31,3172,18,1885,13,18
"506","2020-05-22",6,6,152,31,8153,0.905801545443395,0,0,657,1039,29,3201,19,1904,9,19
"507","2020-05-23",5,6,167,27,8153,0.905801545443395,0,0,657,1039,24,3225,29,1933,7,29
"508","2020-05-24",5,6,156,26,8153,0.905801545443395,0,0,657,1039,27,3252,35,1968,8,35
"509","2020-05-25",6,6,145,25,8153,0.905801545443395,0,0,657,1039,23,3275,28,1996,4,28
"510","2020-05-26",6,6,179,23,8153,0.905801545443395,0,0,657,1039,21,3296,13,2009,10,13
"511","2020-05-27",8,6,206,21,8153,0.905801545443395,0,0,657,1039,15,3311,10,2019,6,10
"512","2020-05-28",9,6,219,23,8153,0.905801545443395,0,0,657,1039,14,3325,10,2029,7,10
"513","2020-05-29",6,6,220,21,8153,0.905801545443395,0,0,657,1039,19,3344,11,2040,8,11
"514","2020-05-30",7,6,205,19,8153,0.905801545443395,0,0,657,1039,23,3367,33,2073,10,33
"515","2020-05-31",6,6,210,17,8153,0.905801545443395,0,0,657,1039,18,3385,25,2098,12,25
"516","2020-06-01",5,6,229,17,8153,0.905801545443395,0,0,657,1039,17,3402,31,2129,6,31
"517","2020-06-02",7,6,212,15,8153,0.905801545443395,0,0,657,1039,23,3425,23,2152,11,23
"518","2020-06-03",5,6,219,14,8153,0.905801545443395,0,0,657,1039,20,3445,14,2166,6,14
"519","2020-06-04",5,6,201,14,8153,0.905801545443395,0,0,657,1039,15,3460,12,2178,5,12
"520","2020-06-05",6,6,191,13,8153,0.905801545443395,0,0,657,1039,17,3477,13,2191,6,13
"521","2020-06-06",6,6,162,13,8153,0.905801545443395,0,0,657,1039,17,3494,11,2202,4,11
"522","2020-06-07",6,6,137,13,8153,0.905801545443395,0,0,657,1039,11,3505,26,2228,5,26
"523","2020-03-13",2,7,31,138,5304,0.292797888386124,0,0,460,398,14,45,7,54,5,7
"524","2020-03-14",7,7,33,186,5304,0.292797888386124,0,0,460,398,20,65,10,64,6,10
"525","2020-03-15",11,7,33,255,5304,0.292797888386124,0,0,460,398,21,86,2,66,6,2
"526","2020-03-16",14,7,32,330,5304,0.292797888386124,0,0,460,398,22,108,29,95,8,29
"527","2020-03-17",23,7,36,368,5304,0.292797888386124,0,0,460,398,20,128,11,106,10,11
"528","2020-03-18",37,7,34,427,5304,0.292797888386124,0,0,460,398,30,158,30,136,19,30
"529","2020-03-19",58,7,28,468,5304,0.292797888386124,0,0,460,398,23,181,42,178,11,42
"530","2020-03-20",86,7,44,525,5304,0.292797888386124,0,0,460,398,28,209,44,222,15,44
"531","2020-03-21",109,7,61,573,5304,0.292797888386124,0,0,460,398,30,239,30,252,18,30
"532","2020-03-22",132,7,91,626,5304,0.292797888386124,0,0,460,398,47,286,16,268,27,16
"533","2020-03-23",154,7,89,654,5304,0.292797888386124,0,0,460,398,39,325,42,310,27,42
"534","2020-03-24",168,7,95,692,5304,0.292797888386124,0,0,460,398,46,371,20,330,33,20
"535","2020-03-25",182,7,95,728,5304,0.292797888386124,0,0,460,398,53,424,17,347,33,17
"536","2020-03-26",194,7,83,749,5304,0.292797888386124,0,0,460,398,36,460,31,378,18,31
"537","2020-03-27",199,7,87,762,5304,0.292797888386124,0,0,460,398,41,501,56,434,30,56
"538","2020-03-28",200,7,99,760,5304,0.292797888386124,0,0,460,398,39,540,31,465,18,31
"539","2020-03-29",202,7,103,800,5304,0.292797888386124,0,0,460,398,50,590,19,484,35,19
"540","2020-03-30",212,7,111,796,5304,0.292797888386124,0,0,460,398,50,640,10,494,30,10
"541","2020-03-31",227,7,112,812,5304,0.292797888386124,0,0,460,398,38,678,8,502,23,8
"542","2020-04-01",225,7,124,817,5304,0.292797888386124,0,0,460,398,53,731,13,515,40,13
"543","2020-04-02",220,7,124,841,5304,0.292797888386124,0,0,460,398,43,774,40,555,32,40
"544","2020-04-03",217,7,123,874,5304,0.292797888386124,0,0,460,398,33,807,50,605,27,50
"545","2020-04-04",220,7,126,885,5304,0.292797888386124,0,0,460,398,54,861,51,656,38,51
"546","2020-04-05",225,7,124,892,5304,0.292797888386124,0,0,460,398,39,900,58,714,28,58
"547","2020-04-06",230,7,133,879,5304,0.292797888386124,0,0,460,398,45,945,26,740,27,26
"548","2020-04-07",218,7,147,870,5304,0.292797888386124,0,0,460,398,61,1006,11,751,34,11
"549","2020-04-08",231,7,147,877,5304,0.292797888386124,0,0,460,398,42,1048,17,768,27,17
"550","2020-04-09",240,7,129,878,5304,0.292797888386124,0,0,460,398,34,1082,14,782,19,14
"551","2020-04-10",233,7,117,865,5304,0.292797888386124,0,0,460,398,68,1150,21,803,46,21
"552","2020-04-11",243,7,115,865,5304,0.292797888386124,0,0,460,398,36,1186,12,815,25,12
"553","2020-04-12",246,7,117,860,5304,0.292797888386124,0,0,460,398,53,1239,19,834,34,19
"554","2020-04-13",243,7,118,861,5304,0.292797888386124,0,0,460,398,48,1287,41,875,36,41
"555","2020-04-14",259,7,104,865,5304,0.292797888386124,0,0,460,398,59,1346,25,900,36,25
"556","2020-04-15",253,7,100,865,5304,0.292797888386124,0,0,460,398,42,1388,17,917,24,17
"557","2020-04-16",243,7,102,851,5304,0.292797888386124,0,0,460,398,57,1445,10,927,43,10
"558","2020-04-17",244,7,93,857,5304,0.292797888386124,0,0,460,398,44,1489,55,982,26,55
"559","2020-04-18",228,7,92,859,5304,0.292797888386124,0,0,460,398,46,1535,56,1038,25,56
"560","2020-04-19",219,7,87,869,5304,0.292797888386124,0,0,460,398,50,1585,46,1084,32,46
"561","2020-04-20",216,7,74,892,5304,0.292797888386124,0,0,460,398,53,1638,27,1111,39,27
"562","2020-04-21",204,7,73,884,5304,0.292797888386124,0,0,460,398,45,1683,17,1128,29,17
"563","2020-04-22",206,7,78,884,5304,0.292797888386124,0,0,460,398,32,1715,11,1139,13,11
"564","2020-04-23",229,7,96,876,5304,0.292797888386124,0,0,460,398,44,1759,31,1170,28,31
"565","2020-04-24",243,7,129,851,5304,0.292797888386124,0,0,460,398,50,1809,21,1191,23,21
"566","2020-04-25",259,7,147,837,5304,0.292797888386124,0,0,460,398,37,1846,13,1204,18,13
"567","2020-04-26",254,7,155,830,5304,0.292797888386124,0,0,460,398,42,1888,9,1213,19,9
"568","2020-04-27",250,7,144,806,5304,0.292797888386124,0,0,460,398,44,1932,12,1225,28,12
"569","2020-04-28",249,7,156,791,5304,0.292797888386124,0,0,460,398,43,1975,11,1236,27,11
"570","2020-04-29",251,7,161,783,5304,0.292797888386124,0,0,460,398,44,2019,43,1279,35,43
"571","2020-04-30",232,7,158,759,5304,0.292797888386124,0,0,460,398,62,2081,28,1307,40,28
"572","2020-05-01",222,7,181,757,5304,0.292797888386124,0,0,460,398,34,2115,18,1325,13,18
"573","2020-05-02",213,7,176,745,5304,0.292797888386124,0,0,460,398,47,2162,37,1362,26,37
"574","2020-05-03",222,7,176,728,5304,0.292797888386124,0,0,460,398,43,2205,54,1416,26,54
"575","2020-05-04",215,7,199,715,5304,0.292797888386124,0,0,460,398,35,2240,42,1458,22,42
"576","2020-05-05",217,7,198,698,5304,0.292797888386124,0,0,460,398,41,2281,44,1502,27,44
"577","2020-05-06",213,7,178,680,5304,0.292797888386124,0,0,460,398,45,2326,57,1559,28,57
"578","2020-05-07",217,7,171,653,5304,0.292797888386124,0,0,460,398,55,2381,39,1598,40,39
"579","2020-05-08",211,7,157,640,5304,0.292797888386124,0,0,460,398,35,2416,21,1619,24,21
"580","2020-05-09",200,7,157,618,5304,0.292797888386124,0,0,460,398,49,2465,13,1632,25,13
"581","2020-05-10",186,7,138,599,5304,0.292797888386124,0,0,460,398,33,2498,14,1646,19,14
"582","2020-05-11",190,7,133,587,5304,0.292797888386124,0,0,460,398,49,2547,11,1657,32,11
"583","2020-05-12",179,7,122,576,5304,0.292797888386124,0,0,460,398,33,2580,15,1672,19,15
"584","2020-05-13",172,7,99,557,5304,0.292797888386124,0,0,460,398,38,2618,39,1711,30,39
"585","2020-05-14",173,7,95,529,5304,0.292797888386124,0,0,460,398,41,2659,54,1765,32,54
"586","2020-05-15",168,7,105,515,5304,0.292797888386124,0,0,460,398,34,2693,56,1821,24,56
"587","2020-05-16",163,7,121,500,5304,0.292797888386124,0,0,460,398,29,2722,50,1871,17,50
"588","2020-05-17",160,7,133,471,5304,0.292797888386124,0,0,460,398,32,2754,26,1897,27,26
"589","2020-05-18",146,7,127,450,5304,0.292797888386124,0,0,460,398,26,2780,13,1910,18,13
"590","2020-05-19",142,7,135,428,5304,0.292797888386124,0,0,460,398,23,2803,16,1926,12,16
"591","2020-05-20",135,7,125,419,5304,0.292797888386124,0,0,460,398,32,2835,34,1960,22,34
"592","2020-05-21",106,7,114,400,5304,0.292797888386124,0,0,460,398,22,2857,21,1981,14,21
"593","2020-05-22",101,7,131,381,5304,0.292797888386124,0,0,460,398,35,2892,45,2026,20,45
"594","2020-05-23",100,7,137,364,5304,0.292797888386124,0,0,460,398,26,2918,30,2056,15,30
"595","2020-05-24",106,7,130,362,5304,0.292797888386124,0,0,460,398,26,2944,16,2072,20,16
"596","2020-05-25",109,7,127,346,5304,0.292797888386124,0,0,460,398,23,2967,39,2111,18,39
"597","2020-05-26",102,7,124,336,5304,0.292797888386124,0,0,460,398,18,2985,48,2159,13,48
"598","2020-05-27",95,7,113,318,5304,0.292797888386124,0,0,460,398,18,3003,51,2210,13,51
"599","2020-05-28",96,7,101,330,5304,0.292797888386124,0,0,460,398,19,3022,48,2258,13,48
"600","2020-05-29",89,7,110,327,5304,0.292797888386124,0,0,460,398,18,3040,31,2289,14,31
"601","2020-05-30",85,7,106,321,5304,0.292797888386124,0,0,460,398,18,3058,44,2333,10,44
"602","2020-05-31",80,7,102,310,5304,0.292797888386124,0,0,460,398,15,3073,51,2384,6,51
"603","2020-06-01",82,7,100,301,5304,0.292797888386124,0,0,460,398,18,3091,29,2413,10,29
"604","2020-06-02",82,7,92,291,5304,0.292797888386124,0,0,460,398,18,3109,40,2453,13,40
"605","2020-06-03",86,7,89,273,5304,0.292797888386124,0,0,460,398,16,3125,39,2492,11,39
"606","2020-06-04",88,7,96,264,5304,0.292797888386124,0,0,460,398,16,3141,43,2535,5,43
"607","2020-06-05",88,7,98,257,5304,0.292797888386124,0,0,460,398,16,3157,34,2569,13,34
"608","2020-06-06",87,7,86,241,5304,0.292797888386124,0,0,460,398,11,3168,40,2609,7,40
"609","2020-06-07",79,7,82,226,5304,0.292797888386124,0,0,460,398,11,3179,34,2643,8,34
"610","2020-03-14",2,8,125,138,4569,0.40534033705406,0,0,360,966,28,92,10,44,2,10
"611","2020-03-15",7,8,139,178,4569,0.40534033705406,0,0,360,966,33,125,6,50,7,6
"612","2020-03-16",12,8,150,228,4569,0.40534033705406,0,0,360,966,36,161,11,61,11,11
"613","2020-03-17",24,8,164,270,4569,0.40534033705406,0,0,360,966,42,203,9,70,16,9
"614","2020-03-18",33,8,166,319,4569,0.40534033705406,0,0,360,966,43,246,2,72,15,2
"615","2020-03-19",42,8,185,364,4569,0.40534033705406,0,0,360,966,45,291,4,76,18,4
"616","2020-03-20",59,8,221,408,4569,0.40534033705406,0,0,360,966,47,338,3,79,18,3
"617","2020-03-21",73,8,246,452,4569,0.40534033705406,0,0,360,966,53,391,1,80,28,1
"618","2020-03-22",83,8,226,494,4569,0.40534033705406,0,0,360,966,45,436,22,102,26,22
"619","2020-03-23",90,8,212,555,4569,0.40534033705406,0,0,360,966,48,484,11,113,20,11
"620","2020-03-24",101,8,209,606,4569,0.40534033705406,0,0,360,966,41,525,8,121,18,8
"621","2020-03-25",115,8,209,640,4569,0.40534033705406,0,0,360,966,37,562,13,134,16,13
"622","2020-03-26",133,8,225,650,4569,0.40534033705406,0,0,360,966,62,624,17,151,32,17
"623","2020-03-27",146,8,269,692,4569,0.40534033705406,0,0,360,966,53,677,9,160,19,9
"624","2020-03-28",169,8,265,719,4569,0.40534033705406,0,0,360,966,41,718,13,173,17,13
"625","2020-03-29",181,8,281,746,4569,0.40534033705406,0,0,360,966,42,760,5,178,12,5
"626","2020-03-30",195,8,250,743,4569,0.40534033705406,0,0,360,966,48,808,7,185,17,7
"627","2020-03-31",199,8,263,748,4569,0.40534033705406,0,0,360,966,40,848,9,194,27,9
"628","2020-04-01",217,8,249,747,4569,0.40534033705406,0,0,360,966,50,898,8,202,17,8
"629","2020-04-02",217,8,224,756,4569,0.40534033705406,0,0,360,966,50,948,23,225,20,23
"630","2020-04-03",216,8,228,721,4569,0.40534033705406,0,0,360,966,54,1002,36,261,23,36
"631","2020-04-04",206,8,223,716,4569,0.40534033705406,0,0,360,966,51,1053,39,300,24,39
"632","2020-04-05",202,8,223,711,4569,0.40534033705406,0,0,360,966,45,1098,22,322,17,22
"633","2020-04-06",199,8,220,715,4569,0.40534033705406,0,0,360,966,50,1148,13,335,17,13
"634","2020-04-07",197,8,240,697,4569,0.40534033705406,0,0,360,966,50,1198,23,358,17,23
"635","2020-04-08",178,8,230,684,4569,0.40534033705406,0,0,360,966,48,1246,8,366,12,8
"636","2020-04-09",182,8,226,704,4569,0.40534033705406,0,0,360,966,53,1299,23,389,22,23
"637","2020-04-10",181,8,260,696,4569,0.40534033705406,0,0,360,966,48,1347,20,409,16,20
"638","2020-04-11",181,8,317,701,4569,0.40534033705406,0,0,360,966,47,1394,19,428,15,19
"639","2020-04-12",189,8,325,699,4569,0.40534033705406,0,0,360,966,53,1447,51,479,12,51
"640","2020-04-13",200,8,310,684,4569,0.40534033705406,0,0,360,966,39,1486,43,522,19,43
"641","2020-04-14",201,8,287,688,4569,0.40534033705406,0,0,360,966,49,1535,34,556,16,34
"642","2020-04-15",209,8,255,701,4569,0.40534033705406,0,0,360,966,40,1575,35,591,13,35
"643","2020-04-16",206,8,271,691,4569,0.40534033705406,0,0,360,966,44,1619,17,608,12,17
"644","2020-04-17",202,8,271,677,4569,0.40534033705406,0,0,360,966,50,1669,21,629,17,21
"645","2020-04-18",200,8,284,667,4569,0.40534033705406,0,0,360,966,55,1724,18,647,15,18
"646","2020-04-19",201,8,291,678,4569,0.40534033705406,0,0,360,966,39,1763,30,677,8,30
"647","2020-04-20",188,8,306,648,4569,0.40534033705406,0,0,360,966,38,1801,43,720,12,43
"648","2020-04-21",187,8,303,649,4569,0.40534033705406,0,0,360,966,44,1845,52,772,14,52
"649","2020-04-22",189,8,297,663,4569,0.40534033705406,0,0,360,966,50,1895,41,813,12,41
"650","2020-04-23",186,8,322,661,4569,0.40534033705406,0,0,360,966,34,1929,42,855,6,42
"651","2020-04-24",188,8,335,655,4569,0.40534033705406,0,0,360,966,39,1968,32,887,6,32
"652","2020-04-25",186,8,318,654,4569,0.40534033705406,0,0,360,966,38,2006,51,938,3,51
"653","2020-04-26",183,8,305,650,4569,0.40534033705406,0,0,360,966,40,2046,25,963,7,25
"654","2020-04-27",185,8,296,643,4569,0.40534033705406,0,0,360,966,41,2087,18,981,9,18
"655","2020-04-28",178,8,298,635,4569,0.40534033705406,0,0,360,966,42,2129,11,992,13,11
"656","2020-04-29",172,8,279,641,4569,0.40534033705406,0,0,360,966,31,2160,7,999,5,7
"657","2020-04-30",174,8,299,637,4569,0.40534033705406,0,0,360,966,49,2209,10,1009,12,10
"658","2020-05-01",165,8,330,627,4569,0.40534033705406,0,0,360,966,36,2245,21,1030,9,21
"659","2020-05-02",165,8,350,632,4569,0.40534033705406,0,0,360,966,46,2291,18,1048,16,18
"660","2020-05-03",164,8,323,643,4569,0.40534033705406,0,0,360,966,37,2328,37,1085,11,37
"661","2020-05-04",166,8,322,644,4569,0.40534033705406,0,0,360,966,44,2372,21,1106,11,21
"662","2020-05-05",173,8,298,644,4569,0.40534033705406,0,0,360,966,37,2409,22,1128,5,22
"663","2020-05-06",169,8,284,637,4569,0.40534033705406,0,0,360,966,41,2450,35,1163,12,35
"664","2020-05-07",172,8,277,633,4569,0.40534033705406,0,0,360,966,45,2495,36,1199,16,36
"665","2020-05-08",182,8,259,621,4569,0.40534033705406,0,0,360,966,32,2527,45,1244,8,45
"666","2020-05-09",177,8,268,612,4569,0.40534033705406,0,0,360,966,31,2558,24,1268,6,24
"667","2020-05-10",173,8,272,610,4569,0.40534033705406,0,0,360,966,25,2583,23,1291,7,23
"668","2020-05-11",169,8,280,609,4569,0.40534033705406,0,0,360,966,37,2620,41,1332,10,41
"669","2020-05-12",167,8,277,594,4569,0.40534033705406,0,0,360,966,26,2646,38,1370,8,38
"670","2020-05-13",170,8,280,565,4569,0.40534033705406,0,0,360,966,30,2676,22,1392,8,22
"671","2020-05-14",167,8,271,537,4569,0.40534033705406,0,0,360,966,33,2709,22,1414,8,22
"672","2020-05-15",161,8,274,526,4569,0.40534033705406,0,0,360,966,38,2747,16,1430,8,16
"673","2020-05-16",168,8,296,516,4569,0.40534033705406,0,0,360,966,27,2774,16,1446,8,16
"674","2020-05-17",165,8,315,512,4569,0.40534033705406,0,0,360,966,22,2796,54,1500,10,54
"675","2020-05-18",175,8,332,484,4569,0.40534033705406,0,0,360,966,30,2826,43,1543,9,43
"676","2020-05-19",168,8,339,474,4569,0.40534033705406,0,0,360,966,31,2857,25,1568,10,25
"677","2020-05-20",160,8,333,457,4569,0.40534033705406,0,0,360,966,21,2878,29,1597,7,29
"678","2020-05-21",147,8,317,439,4569,0.40534033705406,0,0,360,966,22,2900,14,1611,7,14
"679","2020-05-22",145,8,330,405,4569,0.40534033705406,0,0,360,966,34,2934,14,1625,15,14
"680","2020-05-23",131,8,303,384,4569,0.40534033705406,0,0,360,966,30,2964,18,1643,7,18
"681","2020-05-24",130,8,286,348,4569,0.40534033705406,0,0,360,966,29,2993,12,1655,7,12
"682","2020-05-25",107,8,304,328,4569,0.40534033705406,0,0,360,966,29,3022,15,1670,5,15
"683","2020-05-26",105,8,301,320,4569,0.40534033705406,0,0,360,966,27,3049,10,1680,9,10
"684","2020-05-27",94,8,298,309,4569,0.40534033705406,0,0,360,966,21,3070,7,1687,11,7
"685","2020-05-28",93,8,299,300,4569,0.40534033705406,0,0,360,966,27,3097,9,1696,8,9
"686","2020-05-29",87,8,294,281,4569,0.40534033705406,0,0,360,966,20,3117,7,1703,7,7
"687","2020-05-30",93,8,297,266,4569,0.40534033705406,0,0,360,966,22,3139,9,1712,8,9
"688","2020-05-31",82,8,276,257,4569,0.40534033705406,0,0,360,966,19,3158,25,1737,7,25
"689","2020-06-01",85,8,269,260,4569,0.40534033705406,0,0,360,966,28,3186,34,1771,11,34
"690","2020-06-02",77,8,291,252,4569,0.40534033705406,0,0,360,966,20,3206,27,1798,10,27
"691","2020-06-03",78,8,318,243,4569,0.40534033705406,0,0,360,966,15,3221,24,1822,5,24
"692","2020-06-04",77,8,323,243,4569,0.40534033705406,0,0,360,966,15,3236,19,1841,5,19
"693","2020-06-05",69,8,339,229,4569,0.40534033705406,0,0,360,966,19,3255,13,1854,12,13
"694","2020-06-06",60,8,323,210,4569,0.40534033705406,0,0,360,966,14,3269,24,1878,6,24
"695","2020-06-07",54,8,320,188,4569,0.40534033705406,0,0,360,966,12,3281,16,1894,5,16
"696","2020-03-14",1,9,76,42,7602,0.962772954485662,0,0,562,737,22,40,23,105,11,23
"697","2020-03-15",3,9,82,71,7602,0.962772954485662,0,0,562,737,23,63,37,142,15,37
"698","2020-03-16",5,9,83,89,7602,0.962772954485662,0,0,562,737,21,84,10,152,16,10
"699","2020-03-17",6,9,91,129,7602,0.962772954485662,0,0,562,737,29,113,13,165,21,13
"700","2020-03-18",8,9,107,158,7602,0.962772954485662,0,0,562,737,25,138,37,202,18,37
"701","2020-03-19",13,9,127,217,7602,0.962772954485662,0,0,562,737,31,169,22,224,26,22
"702","2020-03-20",20,9,149,269,7602,0.962772954485662,0,0,562,737,28,197,44,268,21,44
"703","2020-03-21",32,9,149,333,7602,0.962772954485662,0,0,562,737,39,236,18,286,35,18
"704","2020-03-22",42,9,162,412,7602,0.962772954485662,0,0,562,737,35,271,24,310,26,24
"705","2020-03-23",54,9,159,500,7602,0.962772954485662,0,0,562,737,36,307,48,358,30,48
"706","2020-03-24",67,9,169,644,7602,0.962772954485662,0,0,562,737,45,352,33,391,39,33
"707","2020-03-25",90,9,178,789,7602,0.962772954485662,0,0,562,737,47,399,42,433,37,42
"708","2020-03-26",119,9,178,949,7602,0.962772954485662,0,0,562,737,57,456,58,491,48,58
"709","2020-03-27",141,9,179,1140,7602,0.962772954485662,0,0,562,737,68,524,37,528,62,37
"710","2020-03-28",166,9,179,1407,7602,0.962772954485662,0,0,562,737,73,597,54,582,60,54
"711","2020-03-29",203,9,181,1627,7602,0.962772954485662,0,0,562,737,81,678,22,604,69,22
"712","2020-03-30",239,9,186,1915,7602,0.962772954485662,0,0,562,737,58,736,67,671,49,67
"713","2020-03-31",310,9,186,2188,7602,0.962772954485662,0,0,562,737,75,811,33,704,71,33
"714","2020-04-01",355,9,209,2458,7602,0.962772954485662,0,0,562,737,67,878,37,741,59,37
"715","2020-04-02",412,9,192,2711,7602,0.962772954485662,0,0,562,737,71,949,10,751,65,10
"716","2020-04-03",494,9,199,2961,7602,0.962772954485662,0,0,562,737,75,1024,40,791,70,40
"717","2020-04-04",561,9,186,3291,7602,0.962772954485662,0,0,562,737,72,1096,32,823,61,32
"718","2020-04-05",627,9,189,3442,7602,0.962772954485662,0,0,562,737,86,1182,14,837,78,14
"719","2020-04-06",699,9,174,3697,7602,0.962772954485662,0,0,562,737,99,1281,14,851,89,14
"720","2020-04-07",747,9,194,3766,7602,0.962772954485662,0,0,562,737,68,1349,11,862,60,11
"721","2020-04-08",846,9,197,3846,7602,0.962772954485662,0,0,562,737,93,1442,37,899,84,37
"722","2020-04-09",911,9,181,3807,7602,0.962772954485662,0,0,562,737,82,1524,20,919,69,20
"723","2020-04-10",942,9,165,3757,7602,0.962772954485662,0,0,562,737,89,1613,27,946,84,27
"724","2020-04-11",1006,9,153,3647,7602,0.962772954485662,0,0,562,737,91,1704,52,998,84,52
"725","2020-04-12",1043,9,189,3437,7602,0.962772954485662,0,0,562,737,79,1783,45,1043,73,45
"726","2020-04-13",1077,9,218,3212,7602,0.962772954485662,0,0,562,737,104,1887,22,1065,102,22
"727","2020-04-14",1074,9,202,3012,7602,0.962772954485662,0,0,562,737,103,1990,68,1133,97,68
"728","2020-04-15",1027,9,213,2731,7602,0.962772954485662,0,0,562,737,101,2091,23,1156,99,23
"729","2020-04-16",1008,9,199,2456,7602,0.962772954485662,0,0,562,737,96,2187,53,1209,93,53
"730","2020-04-17",975,9,168,2172,7602,0.962772954485662,0,0,562,737,112,2299,18,1227,105,18
"731","2020-04-18",888,9,189,1900,7602,0.962772954485662,0,0,562,737,85,2384,24,1251,78,24
"732","2020-04-19",815,9,184,1635,7602,0.962772954485662,0,0,562,737,86,2470,37,1288,82,37
"733","2020-04-20",724,9,163,1407,7602,0.962772954485662,0,0,562,737,117,2587,75,1363,113,75
"734","2020-04-21",650,9,147,1203,7602,0.962772954485662,0,0,562,737,85,2672,47,1410,81,47
"735","2020-04-22",581,9,202,1032,7602,0.962772954485662,0,0,562,737,92,2764,60,1470,86,60
"736","2020-04-23",476,9,216,841,7602,0.962772954485662,0,0,562,737,61,2825,74,1544,55,74
"737","2020-04-24",403,9,215,716,7602,0.962772954485662,0,0,562,737,77,2902,37,1581,71,37
"738","2020-04-25",347,9,234,602,7602,0.962772954485662,0,0,562,737,73,2975,17,1598,69,17
"739","2020-04-26",286,9,208,507,7602,0.962772954485662,0,0,562,737,64,3039,74,1672,61,74
"740","2020-04-27",248,9,212,418,7602,0.962772954485662,0,0,562,737,80,3119,60,1732,77,60
"741","2020-04-28",209,9,214,344,7602,0.962772954485662,0,0,562,737,63,3182,36,1768,58,36
"742","2020-04-29",173,9,222,280,7602,0.962772954485662,0,0,562,737,58,3240,20,1788,49,20
"743","2020-04-30",149,9,225,233,7602,0.962772954485662,0,0,562,737,54,3294,31,1819,47,31
"744","2020-05-01",123,9,208,193,7602,0.962772954485662,0,0,562,737,71,3365,30,1849,65,30
"745","2020-05-02",103,9,189,153,7602,0.962772954485662,0,0,562,737,58,3423,22,1871,52,22
"746","2020-05-03",91,9,185,132,7602,0.962772954485662,0,0,562,737,41,3464,32,1903,37,32
"747","2020-05-04",67,9,174,117,7602,0.962772954485662,0,0,562,737,48,3512,25,1928,44,25
"748","2020-05-05",52,9,174,102,7602,0.962772954485662,0,0,562,737,51,3563,22,1950,44,22
"749","2020-05-06",43,9,161,91,7602,0.962772954485662,0,0,562,737,41,3604,13,1963,33,13
"750","2020-05-07",42,9,160,82,7602,0.962772954485662,0,0,562,737,59,3663,49,2012,54,49
"751","2020-05-08",34,9,132,71,7602,0.962772954485662,0,0,562,737,41,3704,16,2028,37,16
"752","2020-05-09",29,9,113,66,7602,0.962772954485662,0,0,562,737,38,3742,14,2042,33,14
"753","2020-05-10",24,9,113,58,7602,0.962772954485662,0,0,562,737,26,3768,16,2058,22,16
"754","2020-05-11",24,9,109,56,7602,0.962772954485662,0,0,562,737,38,3806,13,2071,34,13
"755","2020-05-12",23,9,140,52,7602,0.962772954485662,0,0,562,737,36,3842,15,2086,31,15
"756","2020-05-13",18,9,141,47,7602,0.962772954485662,0,0,562,737,41,3883,35,2121,37,35
"757","2020-05-14",14,9,148,45,7602,0.962772954485662,0,0,562,737,32,3915,17,2138,27,17
"758","2020-05-15",14,9,153,42,7602,0.962772954485662,0,0,562,737,35,3950,18,2156,34,18
"759","2020-05-16",14,9,141,36,7602,0.962772954485662,0,0,562,737,31,3981,22,2178,26,22
"760","2020-05-17",13,9,124,32,7602,0.962772954485662,0,0,562,737,35,4016,43,2221,30,43
"761","2020-05-18",13,9,112,27,7602,0.962772954485662,0,0,562,737,37,4053,17,2238,34,17
"762","2020-05-19",14,9,111,26,7602,0.962772954485662,0,0,562,737,26,4079,18,2256,23,18
"763","2020-05-20",13,9,111,26,7602,0.962772954485662,0,0,562,737,24,4103,25,2281,19,25
"764","2020-05-21",11,9,99,25,7602,0.962772954485662,0,0,562,737,27,4130,29,2310,24,29
"765","2020-05-22",9,9,106,21,7602,0.962772954485662,0,0,562,737,27,4157,16,2326,25,16
"766","2020-05-23",9,9,141,21,7602,0.962772954485662,0,0,562,737,24,4181,11,2337,23,11
"767","2020-05-24",10,9,129,20,7602,0.962772954485662,0,0,562,737,25,4206,15,2352,24,15
"768","2020-05-25",7,9,130,19,7602,0.962772954485662,0,0,562,737,25,4231,52,2404,23,52
"769","2020-05-26",5,9,156,19,7602,0.962772954485662,0,0,562,737,25,4256,18,2422,20,18
"770","2020-05-27",4,9,157,18,7602,0.962772954485662,0,0,562,737,32,4288,16,2438,30,16
"771","2020-05-28",4,9,131,18,7602,0.962772954485662,0,0,562,737,15,4303,10,2448,13,10
"772","2020-05-29",4,9,144,17,7602,0.962772954485662,0,0,562,737,25,4328,9,2457,22,9
"773","2020-05-30",4,9,140,16,7602,0.962772954485662,0,0,562,737,29,4357,4,2461,24,4
"774","2020-05-31",3,9,136,16,7602,0.962772954485662,0,0,562,737,18,4375,7,2468,18,7
"775","2020-06-01",3,9,113,14,7602,0.962772954485662,0,0,562,737,18,4393,4,2472,12,4
"776","2020-06-02",3,9,109,13,7602,0.962772954485662,0,0,562,737,20,4413,17,2489,17,17
"777","2020-06-03",2,9,100,14,7602,0.962772954485662,0,0,562,737,14,4427,36,2525,10,36
"778","2020-06-04",1,9,88,15,7602,0.962772954485662,0,0,562,737,7,4434,14,2539,6,14
"779","2020-06-05",1,9,81,14,7602,0.962772954485662,0,0,562,737,19,4453,9,2548,16,9
"780","2020-03-14",1,10,84,43,2013,0.617486338797814,0,0,167,841,26,102,4,28,9,4
"781","2020-03-15",1,10,91,56,2013,0.617486338797814,0,0,167,841,23,125,3,31,10,3
"782","2020-03-16",1,10,101,74,2013,0.617486338797814,0,0,167,841,37,162,4,35,19,4
"783","2020-03-17",2,10,129,96,2013,0.617486338797814,0,0,167,841,39,201,15,50,20,15
"784","2020-03-18",6,10,133,111,2013,0.617486338797814,0,0,167,841,37,238,7,57,24,7
"785","2020-03-19",10,10,157,123,2013,0.617486338797814,0,0,167,841,47,285,7,64,24,7
"786","2020-03-20",16,10,153,144,2013,0.617486338797814,0,0,167,841,58,343,6,70,28,6
"787","2020-03-21",19,10,180,163,2013,0.617486338797814,0,0,167,841,57,400,NA,NA,42,NA
"788","2020-03-22",24,10,171,174,2013,0.617486338797814,0,0,167,841,68,468,10,80,46,10
"789","2020-03-23",35,10,143,196,2013,0.617486338797814,0,0,167,841,83,551,6,86,62,6
"790","2020-03-24",44,10,130,203,2013,0.617486338797814,0,0,167,841,47,598,7,93,30,7
"791","2020-03-25",48,10,114,210,2013,0.617486338797814,0,0,167,841,76,674,5,98,44,5
"792","2020-03-26",57,10,105,225,2013,0.617486338797814,0,0,167,841,87,761,9,107,63,9
"793","2020-03-27",59,10,109,247,2013,0.617486338797814,0,0,167,841,85,846,25,132,51,25
"794","2020-03-28",57,10,119,255,2013,0.617486338797814,0,0,167,841,80,926,11,143,52,11
"795","2020-03-29",66,10,125,255,2013,0.617486338797814,0,0,167,841,83,1009,9,152,59,9
"796","2020-03-30",65,10,130,260,2013,0.617486338797814,0,0,167,841,83,1092,11,163,58,11
"797","2020-03-31",66,10,126,259,2013,0.617486338797814,0,0,167,841,89,1181,6,169,69,6
"798","2020-04-01",68,10,115,270,2013,0.617486338797814,0,0,167,841,80,1261,8,177,62,8
"799","2020-04-02",69,10,109,268,2013,0.617486338797814,0,0,167,841,93,1354,21,198,70,21
"800","2020-04-03",70,10,124,278,2013,0.617486338797814,0,0,167,841,101,1455,14,212,78,14
"801","2020-04-04",79,10,154,283,2013,0.617486338797814,0,0,167,841,78,1533,23,235,58,23
"802","2020-04-05",87,10,192,288,2013,0.617486338797814,0,0,167,841,99,1632,19,254,77,19
"803","2020-04-06",85,10,171,275,2013,0.617486338797814,0,0,167,841,95,1727,19,273,70,19
"804","2020-04-07",83,10,157,277,2013,0.617486338797814,0,0,167,841,103,1830,33,306,70,33
"805","2020-04-08",89,10,174,278,2013,0.617486338797814,0,0,167,841,102,1932,32,338,68,32
"806","2020-04-09",86,10,185,278,2013,0.617486338797814,0,0,167,841,92,2024,25,363,66,25
"807","2020-04-10",88,10,209,273,2013,0.617486338797814,0,0,167,841,95,2119,43,406,64,43
"808","2020-04-11",87,10,192,269,2013,0.617486338797814,0,0,167,841,87,2206,27,433,62,27
"809","2020-04-12",79,10,197,258,2013,0.617486338797814,0,0,167,841,86,2292,40,473,66,40
"810","2020-04-13",83,10,198,267,2013,0.617486338797814,0,0,167,841,90,2382,31,504,60,31
"811","2020-04-14",82,10,191,264,2013,0.617486338797814,0,0,167,841,79,2461,15,519,61,15
"812","2020-04-15",76,10,183,255,2013,0.617486338797814,0,0,167,841,74,2535,37,556,50,37
"813","2020-04-16",76,10,179,248,2013,0.617486338797814,0,0,167,841,66,2601,20,576,42,20
"814","2020-04-17",71,10,165,228,2013,0.617486338797814,0,0,167,841,90,2691,19,595,69,19
"815","2020-04-18",71,10,146,236,2013,0.617486338797814,0,0,167,841,82,2773,19,614,60,19
"816","2020-04-19",70,10,162,236,2013,0.617486338797814,0,0,167,841,80,2853,21,635,51,21
"817","2020-04-20",64,10,147,251,2013,0.617486338797814,0,0,167,841,75,2928,18,653,48,18
"818","2020-04-21",67,10,156,252,2013,0.617486338797814,0,0,167,841,74,3002,38,691,61,38
"819","2020-04-22",69,10,153,261,2013,0.617486338797814,0,0,167,841,88,3090,21,712,62,21
"820","2020-04-23",70,10,182,265,2013,0.617486338797814,0,0,167,841,76,3166,26,738,48,26
"821","2020-04-24",77,10,209,273,2013,0.617486338797814,0,0,167,841,69,3235,22,760,43,22
"822","2020-04-25",84,10,186,272,2013,0.617486338797814,0,0,167,841,67,3302,14,774,50,14
"823","2020-04-26",75,10,170,268,2013,0.617486338797814,0,0,167,841,65,3367,8,782,40,8
"824","2020-04-27",80,10,135,274,2013,0.617486338797814,0,0,167,841,58,3425,9,791,41,9
"825","2020-04-28",86,10,148,277,2013,0.617486338797814,0,0,167,841,76,3501,11,802,50,11
"826","2020-04-29",86,10,173,278,2013,0.617486338797814,0,0,167,841,40,3541,45,847,23,45
"827","2020-04-30",91,10,158,274,2013,0.617486338797814,0,0,167,841,64,3605,56,903,39,56
"828","2020-05-01",91,10,178,268,2013,0.617486338797814,0,0,167,841,51,3656,32,935,26,32
"829","2020-05-02",86,10,188,261,2013,0.617486338797814,0,0,167,841,67,3723,27,962,44,27
"830","2020-05-03",96,10,174,265,2013,0.617486338797814,0,0,167,841,58,3781,22,984,37,22
"831","2020-05-04",93,10,152,261,2013,0.617486338797814,0,0,167,841,58,3839,18,1002,41,18
"832","2020-05-05",88,10,177,264,2013,0.617486338797814,0,0,167,841,55,3894,16,1018,35,16
"833","2020-05-06",85,10,169,268,2013,0.617486338797814,0,0,167,841,41,3935,25,1043,26,25
"834","2020-05-07",82,10,146,264,2013,0.617486338797814,0,0,167,841,43,3978,14,1057,25,14
"835","2020-05-08",79,10,178,271,2013,0.617486338797814,0,0,167,841,36,4014,39,1096,23,39
"836","2020-05-09",75,10,166,271,2013,0.617486338797814,0,0,167,841,33,4047,22,1118,16,22
"837","2020-05-10",68,10,159,271,2013,0.617486338797814,0,0,167,841,33,4080,18,1136,20,18
"838","2020-05-11",73,10,180,271,2013,0.617486338797814,0,0,167,841,40,4120,15,1151,23,15
"839","2020-05-12",71,10,166,272,2013,0.617486338797814,0,0,167,841,37,4157,38,1189,20,38
"840","2020-05-13",72,10,145,271,2013,0.617486338797814,0,0,167,841,29,4186,16,1205,17,16
"841","2020-05-14",66,10,131,272,2013,0.617486338797814,0,0,167,841,30,4216,13,1218,17,13
"842","2020-05-15",65,10,152,280,2013,0.617486338797814,0,0,167,841,35,4251,17,1235,22,17
"843","2020-05-16",66,10,158,266,2013,0.617486338797814,0,0,167,841,23,4274,30,1265,17,30
"844","2020-05-17",75,10,166,265,2013,0.617486338797814,0,0,167,841,32,4306,18,1283,19,18
"845","2020-05-18",73,10,162,266,2013,0.617486338797814,0,0,167,841,28,4334,15,1298,15,15
"846","2020-05-19",73,10,132,258,2013,0.617486338797814,0,0,167,841,28,4362,14,1312,17,14
"847","2020-05-20",77,10,125,258,2013,0.617486338797814,0,0,167,841,20,4382,21,1333,12,21
"848","2020-05-21",86,10,107,248,2013,0.617486338797814,0,0,167,841,33,4415,21,1354,16,21
"849","2020-05-22",84,10,87,248,2013,0.617486338797814,0,0,167,841,24,4439,27,1381,15,27
"850","2020-05-23",86,10,84,254,2013,0.617486338797814,0,0,167,841,27,4466,18,1399,16,18
"851","2020-05-24",78,10,87,253,2013,0.617486338797814,0,0,167,841,21,4487,45,1444,16,45
"852","2020-05-25",80,10,86,248,2013,0.617486338797814,0,0,167,841,27,4514,33,1477,14,33
"853","2020-05-26",78,10,112,249,2013,0.617486338797814,0,0,167,841,15,4529,19,1496,8,19
"854","2020-05-27",72,10,114,247,2013,0.617486338797814,0,0,167,841,14,4543,19,1515,7,19
"855","2020-05-28",69,10,144,246,2013,0.617486338797814,0,0,167,841,23,4566,15,1530,14,15
"856","2020-05-29",72,10,169,235,2013,0.617486338797814,0,0,167,841,16,4582,26,1556,9,26
"857","2020-05-30",66,10,146,232,2013,0.617486338797814,0,0,167,841,18,4600,16,1572,10,16
"858","2020-05-31",64,10,129,218,2013,0.617486338797814,0,0,167,841,15,4615,22,1594,6,22
"859","2020-06-01",61,10,123,210,2013,0.617486338797814,0,0,167,841,17,4632,25,1619,10,25
"860","2020-06-02",66,10,110,206,2013,0.617486338797814,0,0,167,841,13,4645,17,1636,7,17
"861","2020-06-03",64,10,103,208,2013,0.617486338797814,0,0,167,841,15,4660,22,1658,6,22
"862","2020-06-04",56,10,104,200,2013,0.617486338797814,0,0,167,841,17,4677,27,1685,7,27
"863","2020-06-05",56,10,121,198,2013,0.617486338797814,0,0,167,841,8,4685,16,1701,3,16
"864","2020-06-06",59,10,121,197,2013,0.617486338797814,0,0,167,841,14,4699,13,1714,12,13
"865","2020-06-07",63,10,139,199,2013,0.617486338797814,0,0,167,841,17,4716,25,1739,11,25
"866","2020-03-13",1,11,83,96,4286,0.427904806346244,0,0,370,583,47,112,37,68,5,37
"867","2020-03-14",3,11,90,143,4286,0.427904806346244,0,0,370,583,51,163,34,102,10,34
"868","2020-03-15",5,11,90,189,4286,0.427904806346244,0,0,370,583,45,208,37,139,8,37
"869","2020-03-16",12,11,78,242,4286,0.427904806346244,0,0,370,583,59,267,44,183,23,44
"870","2020-03-17",20,11,87,287,4286,0.427904806346244,0,0,370,583,58,325,38,221,24,38
"871","2020-03-18",33,11,101,343,4286,0.427904806346244,0,0,370,583,48,373,30,251,19,30
"872","2020-03-19",49,11,92,386,4286,0.427904806346244,0,0,370,583,61,434,80,331,29,80
"873","2020-03-20",59,11,98,435,4286,0.427904806346244,0,0,370,583,66,500,47,378,29,47
"874","2020-03-21",78,11,98,491,4286,0.427904806346244,0,0,370,583,62,562,54,432,24,54
"875","2020-03-22",98,11,88,535,4286,0.427904806346244,0,0,370,583,66,628,67,499,24,67
"876","2020-03-23",110,11,78,582,4286,0.427904806346244,0,0,370,583,68,696,66,565,35,66
"877","2020-03-24",121,11,69,611,4286,0.427904806346244,0,0,370,583,79,775,71,636,49,71
"878","2020-03-25",126,11,77,663,4286,0.427904806346244,0,0,370,583,83,858,74,710,35,74
"879","2020-03-26",134,11,108,686,4286,0.427904806346244,0,0,370,583,71,929,40,750,36,40
"880","2020-03-27",150,11,103,681,4286,0.427904806346244,0,0,370,583,76,1005,30,780,32,30
"881","2020-03-28",156,11,103,701,4286,0.427904806346244,0,0,370,583,74,1079,21,801,31,21
"882","2020-03-29",161,11,107,733,4286,0.427904806346244,0,0,370,583,91,1170,39,840,50,39
"883","2020-03-30",174,11,91,757,4286,0.427904806346244,0,0,370,583,80,1250,59,899,36,59
"884","2020-03-31",179,11,85,775,4286,0.427904806346244,0,0,370,583,89,1339,34,933,53,34
"885","2020-04-01",182,11,112,787,4286,0.427904806346244,0,0,370,583,77,1416,33,966,40,33
"886","2020-04-02",191,11,136,816,4286,0.427904806346244,0,0,370,583,90,1506,43,1009,51,43
"887","2020-04-03",198,11,152,800,4286,0.427904806346244,0,0,370,583,72,1578,54,1063,34,54
"888","2020-04-04",205,11,150,799,4286,0.427904806346244,0,0,370,583,74,1652,50,1113,27,50
"889","2020-04-05",216,11,140,797,4286,0.427904806346244,0,0,370,583,83,1735,33,1146,42,33
"890","2020-04-06",221,11,181,787,4286,0.427904806346244,0,0,370,583,82,1817,38,1184,31,38
"891","2020-04-07",220,11,168,773,4286,0.427904806346244,0,0,370,583,75,1892,44,1228,31,44
"892","2020-04-08",240,11,170,791,4286,0.427904806346244,0,0,370,583,63,1955,47,1275,33,47
"893","2020-04-09",236,11,188,770,4286,0.427904806346244,0,0,370,583,87,2042,43,1318,46,43
"894","2020-04-10",231,11,215,751,4286,0.427904806346244,0,0,370,583,72,2114,43,1361,30,43
"895","2020-04-11",226,11,217,756,4286,0.427904806346244,0,0,370,583,81,2195,51,1412,34,51
"896","2020-04-12",225,11,247,758,4286,0.427904806346244,0,0,370,583,72,2267,38,1450,32,38
"897","2020-04-13",215,11,268,745,4286,0.427904806346244,0,0,370,583,83,2350,52,1502,34,52
"898","2020-04-14",213,11,250,731,4286,0.427904806346244,0,0,370,583,89,2439,52,1554,43,52
"899","2020-04-15",201,11,219,715,4286,0.427904806346244,0,0,370,583,75,2514,38,1592,34,38
"900","2020-04-16",210,11,212,719,4286,0.427904806346244,0,0,370,583,76,2590,55,1647,29,55
"901","2020-04-17",208,11,198,713,4286,0.427904806346244,0,0,370,583,72,2662,30,1677,26,30
"902","2020-04-18",203,11,217,705,4286,0.427904806346244,0,0,370,583,77,2739,38,1715,35,38
"903","2020-04-19",194,11,251,685,4286,0.427904806346244,0,0,370,583,83,2822,40,1755,38,40
"904","2020-04-20",198,11,270,660,4286,0.427904806346244,0,0,370,583,60,2882,40,1795,26,40
"905","2020-04-21",212,11,279,647,4286,0.427904806346244,0,0,370,583,70,2952,34,1829,35,34
"906","2020-04-22",218,11,312,635,4286,0.427904806346244,0,0,370,583,65,3017,38,1867,31,38
"907","2020-04-23",199,11,286,638,4286,0.427904806346244,0,0,370,583,69,3086,42,1909,31,42
"908","2020-04-24",203,11,236,617,4286,0.427904806346244,0,0,370,583,77,3163,34,1943,39,34
"909","2020-04-25",199,11,216,572,4286,0.427904806346244,0,0,370,583,64,3227,40,1983,27,40
"910","2020-04-26",197,11,204,564,4286,0.427904806346244,0,0,370,583,49,3276,35,2018,20,35
"911","2020-04-27",195,11,182,545,4286,0.427904806346244,0,0,370,583,67,3343,47,2065,36,47
"912","2020-04-28",185,11,223,528,4286,0.427904806346244,0,0,370,583,68,3411,36,2101,30,36
"913","2020-04-29",172,11,254,501,4286,0.427904806346244,0,0,370,583,56,3467,34,2135,20,34
"914","2020-04-30",168,11,231,490,4286,0.427904806346244,0,0,370,583,53,3520,25,2160,15,25
"915","2020-05-01",147,11,220,470,4286,0.427904806346244,0,0,370,583,54,3574,35,2195,19,35
"916","2020-05-02",149,11,196,446,4286,0.427904806346244,0,0,370,583,42,3616,38,2233,13,38
"917","2020-05-03",140,11,208,430,4286,0.427904806346244,0,0,370,583,50,3666,43,2276,19,43
"918","2020-05-04",131,11,236,419,4286,0.427904806346244,0,0,370,583,62,3728,27,2303,21,27
"919","2020-05-05",122,11,226,403,4286,0.427904806346244,0,0,370,583,39,3767,62,2365,15,62
"920","2020-05-06",113,11,229,405,4286,0.427904806346244,0,0,370,583,57,3824,46,2411,17,46
"921","2020-05-07",116,11,218,408,4286,0.427904806346244,0,0,370,583,40,3864,42,2453,10,42
"922","2020-05-08",123,11,231,409,4286,0.427904806346244,0,0,370,583,55,3919,40,2493,13,40
"923","2020-05-09",113,11,190,413,4286,0.427904806346244,0,0,370,583,35,3954,57,2550,10,57
"924","2020-05-10",118,11,186,409,4286,0.427904806346244,0,0,370,583,37,3991,49,2599,13,49
"925","2020-05-11",112,11,187,429,4286,0.427904806346244,0,0,370,583,55,4046,44,2643,15,44
"926","2020-05-12",117,11,209,448,4286,0.427904806346244,0,0,370,583,42,4088,35,2678,16,35
"927","2020-05-13",115,11,209,445,4286,0.427904806346244,0,0,370,583,49,4137,40,2718,20,40
"928","2020-05-14",109,11,195,457,4286,0.427904806346244,0,0,370,583,47,4184,54,2772,10,54
"929","2020-05-15",121,11,180,458,4286,0.427904806346244,0,0,370,583,25,4209,36,2808,8,36
"930","2020-05-16",128,11,164,457,4286,0.427904806346244,0,0,370,583,47,4256,31,2839,16,31
"931","2020-05-17",126,11,149,453,4286,0.427904806346244,0,0,370,583,29,4285,27,2866,11,27
"932","2020-05-18",126,11,131,461,4286,0.427904806346244,0,0,370,583,42,4327,45,2911,16,45
"933","2020-05-19",130,11,118,456,4286,0.427904806346244,0,0,370,583,32,4359,52,2963,14,52
"934","2020-05-20",131,11,126,438,4286,0.427904806346244,0,0,370,583,35,4394,25,2988,14,25
"935","2020-05-21",133,11,144,436,4286,0.427904806346244,0,0,370,583,25,4419,18,3006,6,18
"936","2020-05-22",128,11,132,420,4286,0.427904806346244,0,0,370,583,29,4448,36,3042,11,36
"937","2020-05-23",124,11,180,407,4286,0.427904806346244,0,0,370,583,35,4483,40,3082,6,40
"938","2020-05-24",128,11,210,380,4286,0.427904806346244,0,0,370,583,28,4511,42,3124,10,42
"939","2020-05-25",125,11,192,358,4286,0.427904806346244,0,0,370,583,31,4542,33,3157,17,33
"940","2020-05-26",113,11,164,342,4286,0.427904806346244,0,0,370,583,29,4571,29,3186,12,29
"941","2020-05-27",121,11,151,320,4286,0.427904806346244,0,0,370,583,23,4594,27,3213,11,27
"942","2020-05-28",121,11,165,299,4286,0.427904806346244,0,0,370,583,24,4618,53,3266,8,53
"943","2020-05-29",111,11,165,280,4286,0.427904806346244,0,0,370,583,17,4635,43,3309,6,43
"944","2020-05-30",106,11,158,259,4286,0.427904806346244,0,0,370,583,24,4659,44,3353,7,44
"945","2020-05-31",89,11,158,258,4286,0.427904806346244,0,0,370,583,16,4675,32,3385,8,32
"946","2020-06-01",82,11,156,248,4286,0.427904806346244,0,0,370,583,21,4696,33,3418,7,33
"947","2020-06-02",83,11,174,231,4286,0.427904806346244,0,0,370,583,23,4719,36,3454,9,36
"948","2020-06-03",71,11,172,224,4286,0.427904806346244,0,0,370,583,14,4733,32,3486,3,32
"949","2020-06-04",68,11,182,205,4286,0.427904806346244,0,0,370,583,21,4754,31,3517,5,31
"950","2020-06-05",63,11,171,196,4286,0.427904806346244,0,0,370,583,11,4765,18,3535,4,18
"951","2020-06-06",63,11,142,189,4286,0.427904806346244,0,0,370,583,13,4778,49,3584,4,49
"952","2020-06-07",63,11,140,180,4286,0.427904806346244,0,0,370,583,14,4792,27,3611,5,27
"953","2020-03-13",1,12,47,107,4408,0.296733212341198,0,0,437,635,18,66,5,21,8,5
"954","2020-03-14",3,12,59,146,4408,0.296733212341198,0,0,437,635,24,90,10,31,8,10
"955","2020-03-15",15,12,66,191,4408,0.296733212341198,0,0,437,635,29,119,30,61,11,30
"956","2020-03-16",23,12,65,232,4408,0.296733212341198,0,0,437,635,32,151,33,94,19,33
"957","2020-03-17",30,12,81,275,4408,0.296733212341198,0,0,437,635,35,186,28,122,23,28
"958","2020-03-18",40,12,88,329,4408,0.296733212341198,0,0,437,635,45,231,25,147,28,25
"959","2020-03-19",54,12,84,374,4408,0.296733212341198,0,0,437,635,42,273,13,160,26,13
"960","2020-03-20",71,12,84,421,4408,0.296733212341198,0,0,437,635,40,313,17,177,33,17
"961","2020-03-21",85,12,92,483,4408,0.296733212341198,0,0,437,635,66,379,5,182,49,5
"962","2020-03-22",86,12,99,514,4408,0.296733212341198,0,0,437,635,48,427,8,190,31,8
"963","2020-03-23",105,12,96,540,4408,0.296733212341198,0,0,437,635,47,474,21,211,27,21
"964","2020-03-24",115,12,102,582,4408,0.296733212341198,0,0,437,635,58,532,8,219,45,8
"965","2020-03-25",120,12,96,593,4408,0.296733212341198,0,0,437,635,51,583,5,224,36,5
"966","2020-03-26",127,12,112,628,4408,0.296733212341198,0,0,437,635,61,644,5,229,46,5
"967","2020-03-27",135,12,100,625,4408,0.296733212341198,0,0,437,635,75,719,26,255,59,26
"968","2020-03-28",138,12,106,637,4408,0.296733212341198,0,0,437,635,74,793,19,274,55,19
"969","2020-03-29",144,12,116,643,4408,0.296733212341198,0,0,437,635,78,871,14,288,55,14
"970","2020-03-30",154,12,129,651,4408,0.296733212341198,0,0,437,635,76,947,18,306,58,18
"971","2020-03-31",162,12,137,665,4408,0.296733212341198,0,0,437,635,63,1010,39,345,50,39
"972","2020-04-01",173,12,153,659,4408,0.296733212341198,0,0,437,635,85,1095,19,364,62,19
"973","2020-04-02",188,12,160,658,4408,0.296733212341198,0,0,437,635,81,1176,15,379,64,15
"974","2020-04-03",183,12,164,659,4408,0.296733212341198,0,0,437,635,86,1262,7,386,58,7
"975","2020-04-04",189,12,167,661,4408,0.296733212341198,0,0,437,635,67,1329,12,398,53,12
"976","2020-04-05",201,12,168,680,4408,0.296733212341198,0,0,437,635,64,1393,8,406,50,8
"977","2020-04-06",187,12,156,687,4408,0.296733212341198,0,0,437,635,92,1485,6,412,65,6
"978","2020-04-07",197,12,139,704,4408,0.296733212341198,0,0,437,635,79,1564,13,425,61,13
"979","2020-04-08",196,12,143,715,4408,0.296733212341198,0,0,437,635,96,1660,8,433,70,8
"980","2020-04-09",195,12,136,728,4408,0.296733212341198,0,0,437,635,80,1740,41,474,59,41
"981","2020-04-10",204,12,152,765,4408,0.296733212341198,0,0,437,635,60,1800,23,497,51,23
"982","2020-04-11",213,12,185,769,4408,0.296733212341198,0,0,437,635,67,1867,13,510,48,13
"983","2020-04-12",206,12,182,768,4408,0.296733212341198,0,0,437,635,66,1933,17,527,48,17
"984","2020-04-13",212,12,186,760,4408,0.296733212341198,0,0,437,635,67,2000,11,538,43,11
"985","2020-04-14",203,12,187,760,4408,0.296733212341198,0,0,437,635,86,2086,10,548,67,10
"986","2020-04-15",207,12,181,772,4408,0.296733212341198,0,0,437,635,73,2159,37,585,53,37
"987","2020-04-16",198,12,176,762,4408,0.296733212341198,0,0,437,635,86,2245,37,622,68,37
"988","2020-04-17",197,12,194,737,4408,0.296733212341198,0,0,437,635,70,2315,25,647,48,25
"989","2020-04-18",186,12,212,726,4408,0.296733212341198,0,0,437,635,106,2421,28,675,78,28
"990","2020-04-19",188,12,227,720,4408,0.296733212341198,0,0,437,635,98,2519,17,692,75,17
"991","2020-04-20",188,12,215,712,4408,0.296733212341198,0,0,437,635,58,2577,41,733,45,41
"992","2020-04-21",198,12,195,699,4408,0.296733212341198,0,0,437,635,89,2666,46,779,71,46
"993","2020-04-22",193,12,196,697,4408,0.296733212341198,0,0,437,635,90,2756,50,829,72,50
"994","2020-04-23",196,12,211,687,4408,0.296733212341198,0,0,437,635,59,2815,42,871,36,42
"995","2020-04-24",200,12,200,669,4408,0.296733212341198,0,0,437,635,77,2892,58,929,57,58
"996","2020-04-25",195,12,189,678,4408,0.296733212341198,0,0,437,635,85,2977,38,967,53,38
"997","2020-04-26",201,12,185,663,4408,0.296733212341198,0,0,437,635,76,3053,23,990,60,23
"998","2020-04-27",196,12,175,652,4408,0.296733212341198,0,0,437,635,64,3117,47,1037,50,47
"999","2020-04-28",185,12,171,641,4408,0.296733212341198,0,0,437,635,49,3166,29,1066,34,29
"1000","2020-04-29",190,12,172,641,4408,0.296733212341198,0,0,437,635,64,3230,16,1082,54,16
"1001","2020-04-30",190,12,183,627,4408,0.296733212341198,0,0,437,635,59,3289,26,1108,44,26
"1002","2020-05-01",176,12,193,626,4408,0.296733212341198,0,0,437,635,72,3361,24,1132,48,24
"1003","2020-05-02",182,12,206,620,4408,0.296733212341198,0,0,437,635,77,3438,27,1159,63,27
"1004","2020-05-03",172,12,232,591,4408,0.296733212341198,0,0,437,635,58,3496,68,1227,43,68
"1005","2020-05-04",168,12,238,575,4408,0.296733212341198,0,0,437,635,56,3552,35,1262,44,35
"1006","2020-05-05",174,12,227,554,4408,0.296733212341198,0,0,437,635,36,3588,38,1300,22,38
"1007","2020-05-06",180,12,228,556,4408,0.296733212341198,0,0,437,635,62,3650,45,1345,44,45
"1008","2020-05-07",173,12,229,543,4408,0.296733212341198,0,0,437,635,40,3690,62,1407,30,62
"1009","2020-05-08",179,12,226,527,4408,0.296733212341198,0,0,437,635,44,3734,27,1434,24,27
"1010","2020-05-09",180,12,240,507,4408,0.296733212341198,0,0,437,635,43,3777,17,1451,31,17
"1011","2020-05-10",183,12,261,501,4408,0.296733212341198,0,0,437,635,34,3811,17,1468,23,17
"1012","2020-05-11",187,12,248,477,4408,0.296733212341198,0,0,437,635,51,3862,44,1512,34,44
"1013","2020-05-12",173,12,262,475,4408,0.296733212341198,0,0,437,635,48,3910,21,1533,33,21
"1014","2020-05-13",166,12,256,448,4408,0.296733212341198,0,0,437,635,31,3941,42,1575,22,42
"1015","2020-05-14",163,12,248,445,4408,0.296733212341198,0,0,437,635,39,3980,20,1595,31,20
"1016","2020-05-15",157,12,221,433,4408,0.296733212341198,0,0,437,635,30,4010,14,1609,23,14
"1017","2020-05-16",155,12,214,402,4408,0.296733212341198,0,0,437,635,30,4040,28,1637,22,28
"1018","2020-05-17",144,12,228,384,4408,0.296733212341198,0,0,437,635,30,4070,20,1657,19,20
"1019","2020-05-18",137,12,234,368,4408,0.296733212341198,0,0,437,635,41,4111,43,1700,29,43
"1020","2020-05-19",134,12,225,356,4408,0.296733212341198,0,0,437,635,32,4143,31,1731,20,31
"1021","2020-05-20",121,12,195,346,4408,0.296733212341198,0,0,437,635,33,4176,14,1745,23,14
"1022","2020-05-21",117,12,183,344,4408,0.296733212341198,0,0,437,635,26,4202,14,1759,17,14
"1023","2020-05-22",106,12,193,338,4408,0.296733212341198,0,0,437,635,26,4228,8,1767,20,8
"1024","2020-05-23",94,12,196,324,4408,0.296733212341198,0,0,437,635,21,4249,3,1770,18,3
"1025","2020-05-24",95,12,185,316,4408,0.296733212341198,0,0,437,635,22,4271,8,1778,13,8
"1026","2020-05-25",93,12,188,315,4408,0.296733212341198,0,0,437,635,26,4297,19,1797,17,19
"1027","2020-05-26",98,12,183,311,4408,0.296733212341198,0,0,437,635,21,4318,7,1804,15,7
"1028","2020-05-27",93,12,167,302,4408,0.296733212341198,0,0,437,635,15,4333,15,1819,12,15
"1029","2020-05-28",93,12,173,316,4408,0.296733212341198,0,0,437,635,16,4349,30,1849,8,30
"1030","2020-05-29",101,12,166,319,4408,0.296733212341198,0,0,437,635,17,4366,22,1871,12,22
"1031","2020-05-30",107,12,163,308,4408,0.296733212341198,0,0,437,635,15,4381,15,1886,6,15
"1032","2020-05-31",104,12,145,303,4408,0.296733212341198,0,0,437,635,22,4403,33,1919,12,33
"1033","2020-06-01",97,12,158,299,4408,0.296733212341198,0,0,437,635,21,4424,13,1932,15,13
"1034","2020-06-02",90,12,145,283,4408,0.296733212341198,0,0,437,635,12,4436,11,1943,9,11
"1035","2020-06-03",88,12,151,276,4408,0.296733212341198,0,0,437,635,11,4447,16,1959,4,16
"1036","2020-06-04",87,12,146,265,4408,0.296733212341198,0,0,437,635,12,4459,33,1992,9,33
"1037","2020-06-05",88,12,145,256,4408,0.296733212341198,0,0,437,635,12,4471,19,2011,6,19
"1038","2020-06-06",80,12,143,248,4408,0.296733212341198,0,0,437,635,16,4487,9,2020,11,9
"1039","2020-06-07",83,12,146,244,4408,0.296733212341198,0,0,437,635,9,4496,19,2039,2,19
"1040","2020-03-13",1,13,46,38,2017,0.427367377293009,0,0,166,538,25,62,15,38,1,15
"1041","2020-03-14",3,13,58,48,2017,0.427367377293009,0,0,166,538,33,95,15,53,8,15
"1042","2020-03-15",5,13,85,65,2017,0.427367377293009,0,0,166,538,35,130,13,66,7,13
"1043","2020-03-16",8,13,89,79,2017,0.427367377293009,0,0,166,538,39,169,8,74,13,8
"1044","2020-03-17",13,13,105,97,2017,0.427367377293009,0,0,166,538,47,216,12,86,11,12
"1045","2020-03-18",18,13,119,117,2017,0.427367377293009,0,0,166,538,33,249,16,102,13,16
"1046","2020-03-19",23,13,135,140,2017,0.427367377293009,0,0,166,538,27,276,17,119,13,17
"1047","2020-03-20",25,13,153,158,2017,0.427367377293009,0,0,166,538,49,325,23,142,22,23
"1048","2020-03-21",34,13,153,177,2017,0.427367377293009,0,0,166,538,51,376,26,168,29,26
"1049","2020-03-22",38,13,149,194,2017,0.427367377293009,0,0,166,538,40,416,28,196,12,28
"1050","2020-03-23",45,13,155,207,2017,0.427367377293009,0,0,166,538,55,471,12,208,31,12
"1051","2020-03-24",48,13,144,213,2017,0.427367377293009,0,0,166,538,49,520,23,231,20,23
"1052","2020-03-25",48,13,148,219,2017,0.427367377293009,0,0,166,538,40,560,17,248,18,17
"1053","2020-03-26",49,13,150,232,2017,0.427367377293009,0,0,166,538,50,610,13,261,21,13
"1054","2020-03-27",55,13,149,241,2017,0.427367377293009,0,0,166,538,48,658,8,269,27,8
"1055","2020-03-28",58,13,158,244,2017,0.427367377293009,0,0,166,538,49,707,8,277,21,8
"1056","2020-03-29",67,13,176,265,2017,0.427367377293009,0,0,166,538,69,776,7,284,25,7
"1057","2020-03-30",66,13,169,271,2017,0.427367377293009,0,0,166,538,58,834,22,306,29,22
"1058","2020-03-31",70,13,156,281,2017,0.427367377293009,0,0,166,538,62,896,30,336,37,30
"1059","2020-04-01",74,13,151,306,2017,0.427367377293009,0,0,166,538,56,952,16,352,34,16
"1060","2020-04-02",83,13,140,311,2017,0.427367377293009,0,0,166,538,52,1004,18,370,31,18
"1061","2020-04-03",85,13,147,320,2017,0.427367377293009,0,0,166,538,67,1071,22,392,35,22
"1062","2020-04-04",82,13,143,329,2017,0.427367377293009,0,0,166,538,58,1129,10,402,30,10
"1063","2020-04-05",82,13,142,332,2017,0.427367377293009,0,0,166,538,59,1188,11,413,26,11
"1064","2020-04-06",84,13,135,351,2017,0.427367377293009,0,0,166,538,75,1263,13,426,38,13
"1065","2020-04-07",84,13,151,336,2017,0.427367377293009,0,0,166,538,79,1342,24,450,48,24
"1066","2020-04-08",87,13,175,325,2017,0.427367377293009,0,0,166,538,53,1395,18,468,23,18
"1067","2020-04-09",94,13,176,326,2017,0.427367377293009,0,0,166,538,70,1465,14,482,39,14
"1068","2020-04-10",97,13,186,310,2017,0.427367377293009,0,0,166,538,51,1516,22,504,34,22
"1069","2020-04-11",91,13,182,306,2017,0.427367377293009,0,0,166,538,68,1584,8,512,38,8
"1070","2020-04-12",86,13,204,311,2017,0.427367377293009,0,0,166,538,61,1645,13,525,37,13
"1071","2020-04-13",83,13,198,305,2017,0.427367377293009,0,0,166,538,68,1713,17,542,26,17
"1072","2020-04-14",92,13,190,309,2017,0.427367377293009,0,0,166,538,65,1778,14,556,41,14
"1073","2020-04-15",90,13,181,302,2017,0.427367377293009,0,0,166,538,62,1840,9,565,32,9
"1074","2020-04-16",84,13,204,301,2017,0.427367377293009,0,0,166,538,68,1908,9,574,38,9
"1075","2020-04-17",81,13,220,297,2017,0.427367377293009,0,0,166,538,67,1975,17,591,29,17
"1076","2020-04-18",89,13,230,314,2017,0.427367377293009,0,0,166,538,54,2029,26,617,27,26
"1077","2020-04-19",93,13,262,313,2017,0.427367377293009,0,0,166,538,53,2082,20,637,28,20
"1078","2020-04-20",99,13,251,317,2017,0.427367377293009,0,0,166,538,69,2151,11,648,41,11
"1079","2020-04-21",94,13,278,309,2017,0.427367377293009,0,0,166,538,63,2214,34,682,30,34
"1080","2020-04-22",97,13,280,311,2017,0.427367377293009,0,0,166,538,63,2277,41,723,29,41
"1081","2020-04-23",97,13,288,305,2017,0.427367377293009,0,0,166,538,61,2338,22,745,32,22
"1082","2020-04-24",96,13,292,301,2017,0.427367377293009,0,0,166,538,51,2389,43,788,27,43
"1083","2020-04-25",93,13,299,290,2017,0.427367377293009,0,0,166,538,47,2436,21,809,24,21
"1084","2020-04-26",85,13,314,273,2017,0.427367377293009,0,0,166,538,43,2479,28,837,24,28
"1085","2020-04-27",81,13,293,256,2017,0.427367377293009,0,0,166,538,52,2531,25,862,18,25
"1086","2020-04-28",77,13,294,250,2017,0.427367377293009,0,0,166,538,45,2576,15,877,19,15
"1087","2020-04-29",76,13,277,252,2017,0.427367377293009,0,0,166,538,45,2621,12,889,20,12
"1088","2020-04-30",77,13,269,244,2017,0.427367377293009,0,0,166,538,38,2659,29,918,7,29
"1089","2020-05-01",76,13,278,241,2017,0.427367377293009,0,0,166,538,41,2700,35,953,16,35
"1090","2020-05-02",71,13,270,243,2017,0.427367377293009,0,0,166,538,44,2744,36,989,15,36
"1091","2020-05-03",75,13,257,226,2017,0.427367377293009,0,0,166,538,40,2784,29,1018,13,29
"1092","2020-05-04",75,13,269,231,2017,0.427367377293009,0,0,166,538,40,2824,19,1037,19,19
"1093","2020-05-05",74,13,248,239,2017,0.427367377293009,0,0,166,538,25,2849,25,1062,7,25
"1094","2020-05-06",70,13,252,234,2017,0.427367377293009,0,0,166,538,39,2888,30,1092,16,30
"1095","2020-05-07",58,13,256,228,2017,0.427367377293009,0,0,166,538,49,2937,19,1111,13,19
"1096","2020-05-08",58,13,277,222,2017,0.427367377293009,0,0,166,538,46,2983,20,1131,16,20
"1097","2020-05-09",62,13,281,228,2017,0.427367377293009,0,0,166,538,40,3023,21,1152,9,21
"1098","2020-05-10",62,13,291,226,2017,0.427367377293009,0,0,166,538,43,3066,16,1168,22,16
"1099","2020-05-11",60,13,289,228,2017,0.427367377293009,0,0,166,538,36,3102,16,1184,16,16
"1100","2020-05-12",58,13,280,230,2017,0.427367377293009,0,0,166,538,37,3139,30,1214,9,30
"1101","2020-05-13",55,13,266,231,2017,0.427367377293009,0,0,166,538,22,3161,28,1242,7,28
"1102","2020-05-14",60,13,234,223,2017,0.427367377293009,0,0,166,538,35,3196,14,1256,14,14
"1103","2020-05-15",62,13,232,224,2017,0.427367377293009,0,0,166,538,42,3238,11,1267,18,11
"1104","2020-05-16",63,13,229,221,2017,0.427367377293009,0,0,166,538,38,3276,11,1278,19,11
"1105","2020-05-17",63,13,219,214,2017,0.427367377293009,0,0,166,538,25,3301,11,1289,12,11
"1106","2020-05-18",63,13,210,219,2017,0.427367377293009,0,0,166,538,40,3341,17,1306,15,17
"1107","2020-05-19",63,13,199,218,2017,0.427367377293009,0,0,166,538,32,3373,15,1321,13,15
"1108","2020-05-20",66,13,203,208,2017,0.427367377293009,0,0,166,538,41,3414,13,1334,19,13
"1109","2020-05-21",63,13,198,216,2017,0.427367377293009,0,0,166,538,42,3456,20,1354,19,20
"1110","2020-05-22",64,13,197,221,2017,0.427367377293009,0,0,166,538,34,3490,41,1395,21,41
"1111","2020-05-23",65,13,200,228,2017,0.427367377293009,0,0,166,538,33,3523,19,1414,17,19
"1112","2020-05-24",65,13,209,222,2017,0.427367377293009,0,0,166,538,26,3549,10,1424,11,10
"1113","2020-05-25",67,13,218,216,2017,0.427367377293009,0,0,166,538,34,3583,25,1449,15,25
"1114","2020-05-26",69,13,222,217,2017,0.427367377293009,0,0,166,538,32,3615,13,1462,22,13
"1115","2020-05-27",67,13,228,215,2017,0.427367377293009,0,0,166,538,22,3637,19,1481,9,19
"1116","2020-05-28",65,13,218,200,2017,0.427367377293009,0,0,166,538,21,3658,20,1501,12,20
"1117","2020-05-29",68,13,219,198,2017,0.427367377293009,0,0,166,538,27,3685,17,1518,14,17
"1118","2020-05-30",64,13,238,196,2017,0.427367377293009,0,0,166,538,23,3708,14,1532,11,14
"1119","2020-05-31",58,13,224,191,2017,0.427367377293009,0,0,166,538,32,3740,14,1546,18,14
"1120","2020-06-01",54,13,217,191,2017,0.427367377293009,0,0,166,538,15,3755,14,1560,5,14
"1121","2020-06-02",50,13,232,187,2017,0.427367377293009,0,0,166,538,20,3775,7,1567,10,7
"1122","2020-06-03",50,13,239,191,2017,0.427367377293009,0,0,166,538,18,3793,15,1582,9,15
"1123","2020-06-04",54,13,236,188,2017,0.427367377293009,0,0,166,538,18,3811,15,1597,11,15
"1124","2020-06-05",46,13,224,180,2017,0.427367377293009,0,0,166,538,16,3827,17,1614,9,17
"1125","2020-06-06",45,13,227,177,2017,0.427367377293009,0,0,166,538,15,3842,16,1630,6,16
"1126","2020-06-07",49,13,216,158,2017,0.427367377293009,0,0,166,538,14,3856,14,1644,3,14
"1127","2020-03-14",2,14,60,79,6435,0.876456876456876,0,0,576,746,39,117,46,109,19,46
"1128","2020-03-15",4,14,73,122,6435,0.876456876456876,0,0,576,746,60,177,44,153,44,44
"1129","2020-03-16",8,14,64,163,6435,0.876456876456876,0,0,576,746,102,279,20,173,90,20
"1130","2020-03-17",14,14,51,204,6435,0.876456876456876,0,0,576,746,90,369,14,187,71,14
"1131","2020-03-18",23,14,65,243,6435,0.876456876456876,0,0,576,746,147,516,17,204,129,17
"1132","2020-03-19",30,14,73,279,6435,0.876456876456876,0,0,576,746,145,661,13,217,131,13
"1133","2020-03-20",41,14,71,328,6435,0.876456876456876,0,0,576,746,183,844,17,234,161,17
"1134","2020-03-21",53,14,82,393,6435,0.876456876456876,0,0,576,746,207,1051,33,267,190,33
"1135","2020-03-22",70,14,86,451,6435,0.876456876456876,0,0,576,746,263,1314,18,285,247,18
"1136","2020-03-23",77,14,90,518,6435,0.876456876456876,0,0,576,746,253,1567,26,311,237,26
"1137","2020-03-24",89,14,118,568,6435,0.876456876456876,0,0,576,746,367,1934,41,352,349,41
"1138","2020-03-25",104,14,125,632,6435,0.876456876456876,0,0,576,746,506,2440,27,379,491,27
"1139","2020-03-26",118,14,127,711,6435,0.876456876456876,0,0,576,746,435,2875,14,393,423,14
"1140","2020-03-27",134,14,121,755,6435,0.876456876456876,0,0,576,746,441,3316,18,411,431,18
"1141","2020-03-28",153,14,135,841,6435,0.876456876456876,0,0,576,746,488,3804,24,435,476,24
"1142","2020-03-29",167,14,145,905,6435,0.876456876456876,0,0,576,746,440,4244,32,467,430,32
"1143","2020-03-30",192,14,146,961,6435,0.876456876456876,0,0,576,746,523,4767,18,485,511,18
"1144","2020-03-31",206,14,147,1046,6435,0.876456876456876,0,0,576,746,356,5123,9,494,346,9
"1145","2020-04-01",225,14,156,1111,6435,0.876456876456876,0,0,576,746,342,5465,10,504,335,10
"1146","2020-04-02",247,14,149,1173,6435,0.876456876456876,0,0,576,746,318,5783,47,551,313,47
"1147","2020-04-03",276,14,143,1240,6435,0.876456876456876,0,0,576,746,268,6051,21,572,259,21
"1148","2020-04-04",283,14,145,1304,6435,0.876456876456876,0,0,576,746,285,6336,20,592,279,20
"1149","2020-04-05",306,14,150,1379,6435,0.876456876456876,0,0,576,746,185,6521,9,601,182,9
"1150","2020-04-06",324,14,164,1416,6435,0.876456876456876,0,0,576,746,222,6743,14,615,219,14
"1151","2020-04-07",339,14,166,1501,6435,0.876456876456876,0,0,576,746,120,6863,62,677,117,62
"1152","2020-04-08",346,14,216,1547,6435,0.876456876456876,0,0,576,746,163,7026,65,742,161,65
"1153","2020-04-09",363,14,235,1618,6435,0.876456876456876,0,0,576,746,91,7117,50,792,87,50
"1154","2020-04-10",374,14,260,1663,6435,0.876456876456876,0,0,576,746,77,7194,55,847,73,55
"1155","2020-04-11",395,14,270,1725,6435,0.876456876456876,0,0,576,746,67,7261,30,877,65,30
"1156","2020-04-12",418,14,279,1734,6435,0.876456876456876,0,0,576,746,68,7329,29,906,60,29
"1157","2020-04-13",439,14,253,1745,6435,0.876456876456876,0,0,576,746,39,7368,13,919,35,13
"1158","2020-04-14",462,14,229,1769,6435,0.876456876456876,0,0,576,746,46,7414,21,940,41,21
"1159","2020-04-15",490,14,229,1810,6435,0.876456876456876,0,0,576,746,30,7444,50,990,29,50
"1160","2020-04-16",507,14,248,1797,6435,0.876456876456876,0,0,576,746,21,7465,23,1013,18,23
"1161","2020-04-17",514,14,270,1786,6435,0.876456876456876,0,0,576,746,19,7484,13,1026,17,13
"1162","2020-04-18",509,14,263,1748,6435,0.876456876456876,0,0,576,746,14,7498,23,1049,12,23
"1163","2020-04-19",487,14,257,1706,6435,0.876456876456876,0,0,576,746,11,7509,16,1065,9,16
"1164","2020-04-20",490,14,249,1653,6435,0.876456876456876,0,0,576,746,14,7523,45,1110,11,45
"1165","2020-04-21",491,14,237,1615,6435,0.876456876456876,0,0,576,746,7,7530,50,1160,2,50
"1166","2020-04-22",481,14,226,1570,6435,0.876456876456876,0,0,576,746,9,7539,34,1194,5,34
"1167","2020-04-23",472,14,231,1480,6435,0.876456876456876,0,0,576,746,5,7544,50,1244,3,50
"1168","2020-04-24",454,14,212,1449,6435,0.876456876456876,0,0,576,746,10,7554,36,1280,9,36
"1169","2020-04-25",464,14,178,1379,6435,0.876456876456876,0,0,576,746,9,7563,48,1328,8,48
"1170","2020-04-26",462,14,162,1309,6435,0.876456876456876,0,0,576,746,3,7566,26,1354,2,26
"1171","2020-04-27",454,14,161,1273,6435,0.876456876456876,0,0,576,746,4,7570,31,1385,3,31
"1172","2020-04-28",426,14,165,1185,6435,0.876456876456876,0,0,576,746,5,7575,31,1416,2,31
"1173","2020-04-29",393,14,177,1107,6435,0.876456876456876,0,0,576,746,3,7578,9,1425,1,9
"1174","2020-04-30",373,14,187,1033,6435,0.876456876456876,0,0,576,746,2,7580,16,1441,NA,16
"1175","2020-05-01",356,14,214,961,6435,0.876456876456876,0,0,576,746,6,7586,8,1449,4,8
"1176","2020-05-02",329,14,209,895,6435,0.876456876456876,0,0,576,746,4,7590,22,1471,3,22
"1177","2020-05-03",315,14,234,849,6435,0.876456876456876,0,0,576,746,5,7595,17,1488,3,17
"1178","2020-05-04",285,14,232,791,6435,0.876456876456876,0,0,576,746,3,7598,14,1502,1,14
"1179","2020-05-05",268,14,224,713,6435,0.876456876456876,0,0,576,746,3,7601,7,1509,1,7
"1180","2020-05-06",271,14,218,658,6435,0.876456876456876,0,0,576,746,2,7603,19,1528,2,19
"1181","2020-05-07",257,14,223,614,6435,0.876456876456876,0,0,576,746,6,7609,58,1586,3,58
"1182","2020-05-08",241,14,229,579,6435,0.876456876456876,0,0,576,746,3,7612,50,1636,2,50
"1183","2020-05-09",225,14,219,537,6435,0.876456876456876,0,0,576,746,4,7616,23,1659,2,23
"1184","2020-05-10",204,14,206,491,6435,0.876456876456876,0,0,576,746,5,7621,22,1681,4,22
"1185","2020-05-11",179,14,190,464,6435,0.876456876456876,0,0,576,746,1,7622,54,1735,1,54
"1186","2020-05-12",174,14,174,435,6435,0.876456876456876,0,0,576,746,2,7624,52,1787,1,52
"1187","2020-05-13",150,14,166,407,6435,0.876456876456876,0,0,576,746,1,7625,26,1813,NA,26
"1188","2020-05-14",128,14,166,378,6435,0.876456876456876,0,0,576,746,1,7626,17,1830,1,17
"1189","2020-05-15",120,14,168,362,6435,0.876456876456876,0,0,576,746,3,7629,17,1847,NA,17
"1190","2020-05-16",104,14,175,335,6435,0.876456876456876,0,0,576,746,3,7632,11,1858,2,11
"1191","2020-05-17",103,14,180,318,6435,0.876456876456876,0,0,576,746,3,7635,12,1870,1,12
"1192","2020-05-18",102,14,197,297,6435,0.876456876456876,0,0,576,746,3,7638,10,1880,1,10
"1193","2020-05-19",91,14,190,277,6435,0.876456876456876,0,0,576,746,2,7640,13,1893,2,13
"1194","2020-05-20",84,14,217,256,6435,0.876456876456876,0,0,576,746,4,7644,43,1936,2,43
"1195","2020-05-21",79,14,238,239,6435,0.876456876456876,0,0,576,746,2,7646,22,1958,2,22
"1196","2020-05-22",70,14,241,215,6435,0.876456876456876,0,0,576,746,3,7649,14,1972,1,14
"1197","2020-05-23",75,14,232,213,6435,0.876456876456876,0,0,576,746,1,7650,31,2003,NA,31
"1198","2020-05-24",64,14,210,206,6435,0.876456876456876,0,0,576,746,NA,NA,19,2022,NA,19
"1199","2020-05-25",56,14,198,193,6435,0.876456876456876,0,0,576,746,1,7651,17,2039,1,17
"1200","2020-05-26",57,14,195,180,6435,0.876456876456876,0,0,576,746,3,7654,37,2076,1,37
"1201","2020-05-27",56,14,212,164,6435,0.876456876456876,0,0,576,746,1,7655,47,2123,1,47
"1202","2020-05-28",55,14,220,156,6435,0.876456876456876,0,0,576,746,4,7659,42,2165,NA,42
"1203","2020-05-29",57,14,218,153,6435,0.876456876456876,0,0,576,746,NA,NA,44,2209,NA,44
"1204","2020-05-30",55,14,213,155,6435,0.876456876456876,0,0,576,746,1,7660,28,2237,NA,28
"1205","2020-05-31",51,14,199,150,6435,0.876456876456876,0,0,576,746,NA,NA,36,2273,NA,36
"1206","2020-06-01",50,14,180,152,6435,0.876456876456876,0,0,576,746,3,7663,50,2323,3,50
"1207","2020-06-02",44,14,179,139,6435,0.876456876456876,0,0,576,746,1,7664,27,2350,NA,27
"1208","2020-06-03",41,14,163,123,6435,0.876456876456876,0,0,576,746,NA,NA,39,2389,NA,39
"1209","2020-06-04",39,14,155,113,6435,0.876456876456876,0,0,576,746,1,7665,23,2412,1,23
"1210","2020-06-05",36,14,139,104,6435,0.876456876456876,0,0,576,746,1,7666,31,2443,1,31
"1211","2020-06-06",28,14,116,92,6435,0.876456876456876,0,0,576,746,1,7667,10,2453,NA,10
"1212","2020-06-07",31,14,117,79,6435,0.876456876456876,0,0,576,746,2,7669,9,2462,1,9
"1213","2020-03-13",1,15,117,163,8659,0.824460099318628,0,0,791,1000,42,138,8,24,NA,8
"1214","2020-03-14",3,15,145,246,8659,0.824460099318628,0,0,791,1000,49,187,7,31,10,7
"1215","2020-03-15",11,15,139,357,8659,0.824460099318628,0,0,791,1000,69,256,1,32,12,1
"1216","2020-03-16",24,15,186,474,8659,0.824460099318628,0,0,791,1000,75,331,1,33,13,1
"1217","2020-03-17",42,15,200,647,8659,0.824460099318628,0,0,791,1000,40,371,5,38,16,5
"1218","2020-03-18",54,15,230,862,8659,0.824460099318628,0,0,791,1000,68,439,4,42,28,4
"1219","2020-03-19",82,15,238,1085,8659,0.824460099318628,0,0,791,1000,59,498,2,44,19,2
"1220","2020-03-20",111,15,216,1364,8659,0.824460099318628,0,0,791,1000,72,570,15,59,25,15
"1221","2020-03-21",155,15,191,1694,8659,0.824460099318628,0,0,791,1000,69,639,17,76,26,17
"1222","2020-03-22",213,15,190,2068,8659,0.824460099318628,0,0,791,1000,76,715,30,106,33,30
"1223","2020-03-23",287,15,228,2440,8659,0.824460099318628,0,0,791,1000,56,771,13,119,24,13
"1224","2020-03-24",356,15,204,2805,8659,0.824460099318628,0,0,791,1000,81,852,14,133,38,14
"1225","2020-03-25",452,15,186,3279,8659,0.824460099318628,0,0,791,1000,74,926,17,150,26,17
"1226","2020-03-26",562,15,167,3581,8659,0.824460099318628,0,0,791,1000,72,998,10,160,30,10
"1227","2020-03-27",668,15,157,3935,8659,0.824460099318628,0,0,791,1000,70,1068,15,175,30,15
"1228","2020-03-28",782,15,142,4168,8659,0.824460099318628,0,0,791,1000,76,1144,19,194,32,19
"1229","2020-03-29",878,15,163,4308,8659,0.824460099318628,0,0,791,1000,89,1233,22,216,27,22
"1230","2020-03-30",959,15,200,4436,8659,0.824460099318628,0,0,791,1000,68,1301,19,235,20,19
"1231","2020-03-31",1054,15,190,4505,8659,0.824460099318628,0,0,791,1000,79,1380,23,258,37,23
"1232","2020-04-01",1136,15,190,4447,8659,0.824460099318628,0,0,791,1000,73,1453,37,295,31,37
"1233","2020-04-02",1167,15,180,4321,8659,0.824460099318628,0,0,791,1000,89,1542,19,314,35,19
"1234","2020-04-03",1211,15,241,4147,8659,0.824460099318628,0,0,791,1000,99,1641,17,331,43,17
"1235","2020-04-04",1227,15,303,3856,8659,0.824460099318628,0,0,791,1000,81,1722,28,359,25,28
"1236","2020-04-05",1215,15,320,3563,8659,0.824460099318628,0,0,791,1000,75,1797,19,378,34,19
"1237","2020-04-06",1200,15,278,3258,8659,0.824460099318628,0,0,791,1000,67,1864,23,401,32,23
"1238","2020-04-07",1138,15,251,2951,8659,0.824460099318628,0,0,791,1000,77,1941,31,432,29,31
"1239","2020-04-08",1066,15,271,2633,8659,0.824460099318628,0,0,791,1000,75,2016,28,460,32,28
"1240","2020-04-09",1011,15,313,2302,8659,0.824460099318628,0,0,791,1000,68,2084,19,479,23,19
"1241","2020-04-10",930,15,270,2033,8659,0.824460099318628,0,0,791,1000,56,2140,7,486,13,7
"1242","2020-04-11",822,15,281,1744,8659,0.824460099318628,0,0,791,1000,74,2214,13,499,21,13
"1243","2020-04-12",734,15,243,1500,8659,0.824460099318628,0,0,791,1000,79,2293,26,525,22,26
"1244","2020-04-13",629,15,219,1253,8659,0.824460099318628,0,0,791,1000,74,2367,17,542,28,17
"1245","2020-04-14",551,15,192,1042,8659,0.824460099318628,0,0,791,1000,88,2455,10,552,29,10
"1246","2020-04-15",465,15,228,887,8659,0.824460099318628,0,0,791,1000,74,2529,11,563,21,11
"1247","2020-04-16",392,15,231,735,8659,0.824460099318628,0,0,791,1000,76,2605,17,580,20,17
"1248","2020-04-17",313,15,198,603,8659,0.824460099318628,0,0,791,1000,72,2677,13,593,26,13
"1249","2020-04-18",262,15,186,501,8659,0.824460099318628,0,0,791,1000,76,2753,15,608,30,15
"1250","2020-04-19",215,15,153,438,8659,0.824460099318628,0,0,791,1000,84,2837,12,620,30,12
"1251","2020-04-20",186,15,169,379,8659,0.824460099318628,0,0,791,1000,85,2922,3,623,29,3
"1252","2020-04-21",156,15,222,316,8659,0.824460099318628,0,0,791,1000,72,2994,5,628,29,5
"1253","2020-04-22",136,15,294,257,8659,0.824460099318628,0,0,791,1000,80,3074,8,636,25,8
"1254","2020-04-23",101,15,264,225,8659,0.824460099318628,0,0,791,1000,68,3142,25,661,18,25
"1255","2020-04-24",88,15,238,184,8659,0.824460099318628,0,0,791,1000,51,3193,39,700,17,39
"1256","2020-04-25",77,15,231,161,8659,0.824460099318628,0,0,791,1000,71,3264,44,744,20,44
"1257","2020-04-26",67,15,221,142,8659,0.824460099318628,0,0,791,1000,73,3337,26,770,28,26
"1258","2020-04-27",53,15,218,122,8659,0.824460099318628,0,0,791,1000,59,3396,20,790,25,20
"1259","2020-04-28",41,15,199,111,8659,0.824460099318628,0,0,791,1000,66,3462,38,828,27,38
"1260","2020-04-29",33,15,179,95,8659,0.824460099318628,0,0,791,1000,69,3531,26,854,21,26
"1261","2020-04-30",30,15,154,84,8659,0.824460099318628,0,0,791,1000,53,3584,18,872,16,18
"1262","2020-05-01",24,15,148,79,8659,0.824460099318628,0,0,791,1000,59,3643,34,906,19,34
"1263","2020-05-02",20,15,148,77,8659,0.824460099318628,0,0,791,1000,63,3706,35,941,15,35
"1264","2020-05-03",16,15,144,66,8659,0.824460099318628,0,0,791,1000,53,3759,39,980,13,39
"1265","2020-05-04",15,15,145,61,8659,0.824460099318628,0,0,791,1000,44,3803,40,1020,12,40
"1266","2020-05-05",18,15,167,50,8659,0.824460099318628,0,0,791,1000,46,3849,34,1054,9,34
"1267","2020-05-06",15,15,182,49,8659,0.824460099318628,0,0,791,1000,47,3896,21,1075,16,21
"1268","2020-05-07",13,15,179,46,8659,0.824460099318628,0,0,791,1000,48,3944,22,1097,11,22
"1269","2020-05-08",13,15,244,45,8659,0.824460099318628,0,0,791,1000,44,3988,13,1110,10,13
"1270","2020-05-09",12,15,299,42,8659,0.824460099318628,0,0,791,1000,40,4028,20,1130,13,20
"1271","2020-05-10",13,15,311,41,8659,0.824460099318628,0,0,791,1000,46,4074,18,1148,10,18
"1272","2020-05-11",12,15,338,40,8659,0.824460099318628,0,0,791,1000,48,4122,14,1162,17,14
"1273","2020-05-12",9,15,306,37,8659,0.824460099318628,0,0,791,1000,40,4162,16,1178,11,16
"1274","2020-05-13",8,15,281,43,8659,0.824460099318628,0,0,791,1000,35,4197,10,1188,9,10
"1275","2020-05-14",8,15,250,41,8659,0.824460099318628,0,0,791,1000,33,4230,13,1201,6,13
"1276","2020-05-15",10,15,251,39,8659,0.824460099318628,0,0,791,1000,47,4277,27,1228,9,27
"1277","2020-05-16",11,15,231,36,8659,0.824460099318628,0,0,791,1000,35,4312,31,1259,10,31
"1278","2020-05-17",12,15,195,38,8659,0.824460099318628,0,0,791,1000,25,4337,25,1284,6,25
"1279","2020-05-18",10,15,189,36,8659,0.824460099318628,0,0,791,1000,34,4371,21,1305,13,21
"1280","2020-05-19",12,15,165,36,8659,0.824460099318628,0,0,791,1000,32,4403,33,1338,11,33
"1281","2020-05-20",14,15,136,34,8659,0.824460099318628,0,0,791,1000,32,4435,18,1356,7,18
"1282","2020-05-21",14,15,131,36,8659,0.824460099318628,0,0,791,1000,26,4461,9,1365,7,9
"1283","2020-05-22",15,15,104,33,8659,0.824460099318628,0,0,791,1000,21,4482,33,1398,4,33
"1284","2020-05-23",13,15,100,28,8659,0.824460099318628,0,0,791,1000,32,4514,19,1417,8,19
"1285","2020-05-24",10,15,92,27,8659,0.824460099318628,0,0,791,1000,35,4549,17,1434,4,17
"1286","2020-05-25",10,15,97,29,8659,0.824460099318628,0,0,791,1000,21,4570,23,1457,7,23
"1287","2020-05-26",8,15,108,26,8659,0.824460099318628,0,0,791,1000,30,4600,24,1481,12,25
"1288","2020-05-27",7,15,150,25,8659,0.824460099318628,0,0,791,1000,26,4626,7,1488,5,7
"1289","2020-05-28",8,15,208,23,8659,0.824460099318628,0,0,791,1000,30,4656,11,1499,6,11
"1290","2020-05-29",4,15,222,25,8659,0.824460099318628,0,0,791,1000,26,4682,22,1521,5,22
"1291","2020-05-30",6,15,194,28,8659,0.824460099318628,0,0,791,1000,23,4705,19,1540,5,19
"1292","2020-05-31",7,15,194,26,8659,0.824460099318628,0,0,791,1000,22,4727,13,1553,5,13
"1293","2020-06-01",7,15,220,26,8659,0.824460099318628,0,0,791,1000,21,4748,14,1567,5,14
"1294","2020-06-02",9,15,217,25,8659,0.824460099318628,0,0,791,1000,19,4767,5,1572,8,5
"1295","2020-06-03",8,15,265,24,8659,0.824460099318628,0,0,791,1000,10,4777,14,1586,4,14
"1296","2020-06-04",9,15,270,25,8659,0.824460099318628,0,0,791,1000,18,4795,15,1601,2,15
"1297","2020-06-05",10,15,240,23,8659,0.824460099318628,0,0,791,1000,18,4813,17,1618,3,17
"1298","2020-06-06",8,15,216,24,8659,0.824460099318628,0,0,791,1000,20,4833,13,1631,4,13
"1299","2020-06-07",11,15,176,22,8659,0.824460099318628,0,0,791,1000,11,4844,8,1639,2,8
"1300","2020-03-13",2,16,94,46,3082,0.575924724205062,0,0,277,805,37,96,21,74,NA,21
"1301","2020-03-14",3,16,113,58,3082,0.575924724205062,0,0,277,805,42,138,40,114,9,40
"1302","2020-03-15",8,16,122,85,3082,0.575924724205062,0,0,277,805,40,178,27,141,13,27
"1303","2020-03-16",8,16,142,108,3082,0.575924724205062,0,0,277,805,50,228,35,176,19,35
"1304","2020-03-17",9,16,140,134,3082,0.575924724205062,0,0,277,805,44,272,30,206,16,30
"1305","2020-03-18",12,16,161,156,3082,0.575924724205062,0,0,277,805,50,322,40,246,21,40
"1306","2020-03-19",21,16,175,170,3082,0.575924724205062,0,0,277,805,57,379,38,284,25,38
"1307","2020-03-20",26,16,192,196,3082,0.575924724205062,0,0,277,805,58,437,64,348,31,64
"1308","2020-03-21",31,16,194,214,3082,0.575924724205062,0,0,277,805,58,495,51,399,28,51
"1309","2020-03-22",35,16,170,234,3082,0.575924724205062,0,0,277,805,70,565,33,432,34,33
"1310","2020-03-23",40,16,154,258,3082,0.575924724205062,0,0,277,805,79,644,30,462,46,30
"1311","2020-03-24",46,16,178,277,3082,0.575924724205062,0,0,277,805,73,717,38,500,40,38
"1312","2020-03-25",50,16,201,290,3082,0.575924724205062,0,0,277,805,74,791,32,532,38,32
"1313","2020-03-26",59,16,186,314,3082,0.575924724205062,0,0,277,805,53,844,43,575,35,43
"1314","2020-03-27",63,16,190,342,3082,0.575924724205062,0,0,277,805,87,931,65,640,54,65
"1315","2020-03-28",70,16,170,349,3082,0.575924724205062,0,0,277,805,73,1004,44,684,43,44
"1316","2020-03-29",73,16,188,367,3082,0.575924724205062,0,0,277,805,69,1073,43,727,42,43
"1317","2020-03-30",83,16,192,384,3082,0.575924724205062,0,0,277,805,56,1129,33,760,27,33
"1318","2020-03-31",90,16,181,414,3082,0.575924724205062,0,0,277,805,67,1196,47,807,37,47
"1319","2020-04-01",96,16,173,431,3082,0.575924724205062,0,0,277,805,67,1263,44,851,42,44
"1320","2020-04-02",95,16,169,438,3082,0.575924724205062,0,0,277,805,57,1320,29,880,31,29
"1321","2020-04-03",103,16,190,470,3082,0.575924724205062,0,0,277,805,58,1378,28,908,31,28
"1322","2020-04-04",107,16,219,468,3082,0.575924724205062,0,0,277,805,64,1442,33,941,33,33
"1323","2020-04-05",111,16,220,492,3082,0.575924724205062,0,0,277,805,59,1501,31,972,25,31
"1324","2020-04-06",110,16,228,513,3082,0.575924724205062,0,0,277,805,72,1573,35,1007,30,35
"1325","2020-04-07",121,16,190,529,3082,0.575924724205062,0,0,277,805,57,1630,48,1055,25,48
"1326","2020-04-08",126,16,172,530,3082,0.575924724205062,0,0,277,805,56,1686,32,1087,28,32
"1327","2020-04-09",132,16,183,537,3082,0.575924724205062,0,0,277,805,75,1761,31,1118,36,31
"1328","2020-04-10",128,16,193,549,3082,0.575924724205062,0,0,277,805,61,1822,49,1167,29,49
"1329","2020-04-11",135,16,201,552,3082,0.575924724205062,0,0,277,805,68,1890,78,1245,26,78
"1330","2020-04-12",146,16,199,534,3082,0.575924724205062,0,0,277,805,57,1947,56,1301,17,56
"1331","2020-04-13",153,16,218,541,3082,0.575924724205062,0,0,277,805,54,2001,37,1338,28,37
"1332","2020-04-14",145,16,213,527,3082,0.575924724205062,0,0,277,805,67,2068,32,1370,19,32
"1333","2020-04-15",145,16,193,515,3082,0.575924724205062,0,0,277,805,63,2131,32,1402,26,32
"1334","2020-04-16",153,16,186,500,3082,0.575924724205062,0,0,277,805,51,2182,47,1449,24,47
"1335","2020-04-17",156,16,185,492,3082,0.575924724205062,0,0,277,805,46,2228,34,1483,18,34
"1336","2020-04-18",146,16,181,494,3082,0.575924724205062,0,0,277,805,56,2284,54,1537,26,54
"1337","2020-04-19",143,16,179,484,3082,0.575924724205062,0,0,277,805,73,2357,47,1584,32,47
"1338","2020-04-20",140,16,179,474,3082,0.575924724205062,0,0,277,805,38,2395,50,1634,16,50
"1339","2020-04-21",145,16,218,468,3082,0.575924724205062,0,0,277,805,62,2457,51,1685,29,51
"1340","2020-04-22",143,16,221,467,3082,0.575924724205062,0,0,277,805,75,2532,43,1728,36,43
"1341","2020-04-23",129,16,205,459,3082,0.575924724205062,0,0,277,805,61,2593,60,1788,19,60
"1342","2020-04-24",124,16,206,452,3082,0.575924724205062,0,0,277,805,55,2648,51,1839,23,51
"1343","2020-04-25",135,16,243,445,3082,0.575924724205062,0,0,277,805,62,2710,47,1886,26,47
"1344","2020-04-26",127,16,221,431,3082,0.575924724205062,0,0,277,805,53,2763,38,1924,22,38
"1345","2020-04-27",124,16,208,424,3082,0.575924724205062,0,0,277,805,54,2817,36,1960,20,36
"1346","2020-04-28",131,16,189,431,3082,0.575924724205062,0,0,277,805,48,2865,39,1999,12,39
"1347","2020-04-29",137,16,177,416,3082,0.575924724205062,0,0,277,805,57,2922,26,2025,24,26
"1348","2020-04-30",135,16,167,412,3082,0.575924724205062,0,0,277,805,58,2980,64,2089,23,64
"1349","2020-05-01",136,16,157,398,3082,0.575924724205062,0,0,277,805,56,3036,60,2149,27,60
"1350","2020-05-02",124,16,168,399,3082,0.575924724205062,0,0,277,805,55,3091,70,2219,20,70
"1351","2020-05-03",125,16,189,401,3082,0.575924724205062,0,0,277,805,58,3149,51,2270,32,51
"1352","2020-05-04",123,16,211,395,3082,0.575924724205062,0,0,277,805,58,3207,39,2309,17,39
"1353","2020-05-05",115,16,201,390,3082,0.575924724205062,0,0,277,805,66,3273,32,2341,29,32
"1354","2020-05-06",106,16,195,381,3082,0.575924724205062,0,0,277,805,46,3319,37,2378,20,37
"1355","2020-05-07",103,16,178,384,3082,0.575924724205062,0,0,277,805,52,3371,29,2407,22,29
"1356","2020-05-08",106,16,177,392,3082,0.575924724205062,0,0,277,805,47,3418,27,2434,21,27
"1357","2020-05-09",107,16,170,388,3082,0.575924724205062,0,0,277,805,45,3463,41,2475,19,41
"1358","2020-05-10",105,16,194,389,3082,0.575924724205062,0,0,277,805,47,3510,30,2505,23,30
"1359","2020-05-11",109,16,203,398,3082,0.575924724205062,0,0,277,805,54,3564,46,2551,15,46
"1360","2020-05-12",105,16,202,392,3082,0.575924724205062,0,0,277,805,37,3601,39,2590,11,39
"1361","2020-05-13",117,16,208,372,3082,0.575924724205062,0,0,277,805,43,3644,39,2629,16,39
"1362","2020-05-14",115,16,218,366,3082,0.575924724205062,0,0,277,805,30,3674,35,2664,10,35
"1363","2020-05-15",116,16,231,366,3082,0.575924724205062,0,0,277,805,42,3716,35,2699,14,35
"1364","2020-05-16",112,16,226,368,3082,0.575924724205062,0,0,277,805,31,3747,58,2757,11,58
"1365","2020-05-17",112,16,227,365,3082,0.575924724205062,0,0,277,805,49,3796,62,2819,20,62
"1366","2020-05-18",108,16,214,356,3082,0.575924724205062,0,0,277,805,24,3820,59,2878,5,59
"1367","2020-05-19",100,16,223,357,3082,0.575924724205062,0,0,277,805,34,3854,62,2940,16,62
"1368","2020-05-20",96,16,241,363,3082,0.575924724205062,0,0,277,805,30,3884,54,2994,12,54
"1369","2020-05-21",100,16,268,361,3082,0.575924724205062,0,0,277,805,41,3925,34,3028,18,34
"1370","2020-05-22",98,16,246,357,3082,0.575924724205062,0,0,277,805,17,3942,35,3063,5,35
"1371","2020-05-23",105,16,218,353,3082,0.575924724205062,0,0,277,805,26,3968,42,3105,7,42
"1372","2020-05-24",106,16,208,354,3082,0.575924724205062,0,0,277,805,24,3992,34,3139,14,34
"1373","2020-05-25",110,16,209,349,3082,0.575924724205062,0,0,277,805,23,4015,54,3193,10,54
"1374","2020-05-26",110,16,190,326,3082,0.575924724205062,0,0,277,805,21,4036,37,3230,3,37
"1375","2020-05-27",108,16,193,310,3082,0.575924724205062,0,0,277,805,19,4055,40,3270,8,40
"1376","2020-05-28",110,16,180,292,3082,0.575924724205062,0,0,277,805,27,4082,54,3324,12,54
"1377","2020-05-29",108,16,163,280,3082,0.575924724205062,0,0,277,805,16,4098,35,3359,6,35
"1378","2020-05-30",100,16,160,267,3082,0.575924724205062,0,0,277,805,24,4122,45,3404,8,45
"1379","2020-05-31",90,16,166,280,3082,0.575924724205062,0,0,277,805,16,4138,35,3439,7,35
"1380","2020-06-01",81,16,142,271,3082,0.575924724205062,0,0,277,805,23,4161,27,3466,11,27
"1381","2020-06-02",84,16,132,250,3082,0.575924724205062,0,0,277,805,18,4179,53,3519,6,53
"1382","2020-06-03",77,16,143,241,3082,0.575924724205062,0,0,277,805,17,4196,64,3583,4,64
"1383","2020-06-04",69,16,137,217,3082,0.575924724205062,0,0,277,805,25,4221,55,3638,11,55
"1384","2020-06-05",62,16,132,211,3082,0.575924724205062,0,0,277,805,16,4237,51,3689,4,51
"1385","2020-06-06",59,16,128,200,3082,0.575924724205062,0,0,277,805,17,4254,46,3735,8,46
"1386","2020-06-07",62,16,124,196,3082,0.575924724205062,0,0,277,805,11,4265,51,3786,4,51
"1387","2020-03-12",1,17,51,52,3692,0.349404117009751,0,0,313,743,9,11,20,28,4,20
"1388","2020-03-13",1,17,54,88,3692,0.349404117009751,0,0,313,743,16,27,14,42,10,14
"1389","2020-03-14",5,17,52,117,3692,0.349404117009751,0,0,313,743,15,42,25,67,11,25
"1390","2020-03-15",9,17,53,159,3692,0.349404117009751,0,0,313,743,29,71,11,78,22,11
"1391","2020-03-16",14,17,55,208,3692,0.349404117009751,0,0,313,743,18,89,19,97,17,19
"1392","2020-03-17",18,17,48,243,3692,0.349404117009751,0,0,313,743,41,130,17,114,35,17
"1393","2020-03-18",32,17,56,291,3692,0.349404117009751,0,0,313,743,29,159,27,141,25,27
"1394","2020-03-19",37,17,53,338,3692,0.349404117009751,0,0,313,743,62,221,37,178,57,37
"1395","2020-03-20",53,17,59,371,3692,0.349404117009751,0,0,313,743,58,279,40,218,49,40
"1396","2020-03-21",64,17,59,398,3692,0.349404117009751,0,0,313,743,70,349,18,236,66,18
"1397","2020-03-22",78,17,99,439,3692,0.349404117009751,0,0,313,743,83,432,36,272,80,36
"1398","2020-03-23",87,17,111,463,3692,0.349404117009751,0,0,313,743,96,528,28,300,94,28
"1399","2020-03-24",95,17,126,477,3692,0.349404117009751,0,0,313,743,155,683,34,334,149,34
"1400","2020-03-25",99,17,136,489,3692,0.349404117009751,0,0,313,743,171,854,43,377,167,43
"1401","2020-03-26",112,17,141,513,3692,0.349404117009751,0,0,313,743,193,1047,25,402,187,25
"1402","2020-03-27",121,17,132,535,3692,0.349404117009751,0,0,313,743,225,1272,38,440,221,38
"1403","2020-03-28",128,17,117,542,3692,0.349404117009751,0,0,313,743,311,1583,35,475,304,35
"1404","2020-03-29",131,17,118,546,3692,0.349404117009751,0,0,313,743,263,1846,24,499,256,24
"1405","2020-03-30",146,17,150,552,3692,0.349404117009751,0,0,313,743,345,2191,39,538,341,39
"1406","2020-03-31",162,17,176,562,3692,0.349404117009751,0,0,313,743,332,2523,39,577,326,39
"1407","2020-04-01",173,17,183,571,3692,0.349404117009751,0,0,313,743,378,2901,55,632,373,55
"1408","2020-04-02",174,17,203,583,3692,0.349404117009751,0,0,313,743,355,3256,33,665,352,33
"1409","2020-04-03",174,17,225,565,3692,0.349404117009751,0,0,313,743,377,3633,34,699,371,34
"1410","2020-04-04",168,17,227,549,3692,0.349404117009751,0,0,313,743,491,4124,23,722,482,23
"1411","2020-04-05",164,17,213,539,3692,0.349404117009751,0,0,313,743,345,4469,41,763,341,41
"1412","2020-04-06",163,17,175,549,3692,0.349404117009751,0,0,313,743,462,4931,25,788,456,25
"1413","2020-04-07",154,17,168,544,3692,0.349404117009751,0,0,313,743,332,5263,44,832,331,44
"1414","2020-04-08",145,17,166,530,3692,0.349404117009751,0,0,313,743,329,5592,48,880,324,48
"1415","2020-04-09",144,17,162,528,3692,0.349404117009751,0,0,313,743,264,5856,30,910,261,30
"1416","2020-04-10",142,17,157,505,3692,0.349404117009751,0,0,313,743,254,6110,14,924,251,14
"1417","2020-04-11",149,17,144,502,3692,0.349404117009751,0,0,313,743,212,6322,14,938,210,14
"1418","2020-04-12",151,17,133,499,3692,0.349404117009751,0,0,313,743,146,6468,51,989,145,51
"1419","2020-04-13",141,17,125,489,3692,0.349404117009751,0,0,313,743,138,6606,59,1048,138,59
"1420","2020-04-14",142,17,159,490,3692,0.349404117009751,0,0,313,743,147,6753,21,1069,146,21
"1421","2020-04-15",136,17,169,484,3692,0.349404117009751,0,0,313,743,109,6862,41,1110,107,41
"1422","2020-04-16",138,17,178,486,3692,0.349404117009751,0,0,313,743,82,6944,23,1133,80,23
"1423","2020-04-17",135,17,221,473,3692,0.349404117009751,0,0,313,743,59,7003,18,1151,59,18
"1424","2020-04-18",128,17,229,486,3692,0.349404117009751,0,0,313,743,57,7060,35,1186,57,35
"1425","2020-04-19",122,17,226,490,3692,0.349404117009751,0,0,313,743,50,7110,29,1215,50,29
"1426","2020-04-20",120,17,216,477,3692,0.349404117009751,0,0,313,743,48,7158,20,1235,48,20
"1427","2020-04-21",118,17,173,494,3692,0.349404117009751,0,0,313,743,33,7191,21,1256,30,21
"1428","2020-04-22",127,17,162,509,3692,0.349404117009751,0,0,313,743,19,7210,52,1308,18,52
"1429","2020-04-23",121,17,203,515,3692,0.349404117009751,0,0,313,743,17,7227,45,1353,16,45
"1430","2020-04-24",120,17,205,522,3692,0.349404117009751,0,0,313,743,15,7242,41,1394,14,41
"1431","2020-04-25",125,17,178,519,3692,0.349404117009751,0,0,313,743,17,7259,44,1438,16,44
"1432","2020-04-26",131,17,201,523,3692,0.349404117009751,0,0,313,743,15,7274,20,1458,14,20
"1433","2020-04-27",138,17,196,509,3692,0.349404117009751,0,0,313,743,14,7288,32,1490,12,32
"1434","2020-04-28",140,17,182,505,3692,0.349404117009751,0,0,313,743,14,7302,29,1519,12,29
"1435","2020-04-29",143,17,177,506,3692,0.349404117009751,0,0,313,743,2,7304,37,1556,1,37
"1436","2020-04-30",142,17,209,509,3692,0.349404117009751,0,0,313,743,5,7309,33,1589,5,33
"1437","2020-05-01",143,17,259,506,3692,0.349404117009751,0,0,313,743,6,7315,24,1613,1,24
"1438","2020-05-02",146,17,282,511,3692,0.349404117009751,0,0,313,743,2,7317,27,1640,2,27
"1439","2020-05-03",148,17,272,501,3692,0.349404117009751,0,0,313,743,8,7325,16,1656,7,16
"1440","2020-05-04",153,17,233,509,3692,0.349404117009751,0,0,313,743,4,7329,13,1669,4,13
"1441","2020-05-05",157,17,203,512,3692,0.349404117009751,0,0,313,743,4,7333,29,1698,4,29
"1442","2020-05-06",149,17,184,530,3692,0.349404117009751,0,0,313,743,4,7337,20,1718,4,20
"1443","2020-05-07",156,17,174,532,3692,0.349404117009751,0,0,313,743,3,7340,11,1729,3,11
"1444","2020-05-08",158,17,147,532,3692,0.349404117009751,0,0,313,743,6,7346,13,1742,3,13
"1445","2020-05-09",152,17,152,525,3692,0.349404117009751,0,0,313,743,5,7351,5,1747,5,5
"1446","2020-05-10",156,17,183,511,3692,0.349404117009751,0,0,313,743,2,7353,17,1764,2,17
"1447","2020-05-11",145,17,221,503,3692,0.349404117009751,0,0,313,743,5,7358,14,1778,3,14
"1448","2020-05-12",140,17,244,478,3692,0.349404117009751,0,0,313,743,1,7359,37,1815,NA,37
"1449","2020-05-13",141,17,230,477,3692,0.349404117009751,0,0,313,743,2,7361,27,1842,2,27
"1450","2020-05-14",144,17,216,476,3692,0.349404117009751,0,0,313,743,4,7365,23,1865,1,23
"1451","2020-05-15",136,17,187,461,3692,0.349404117009751,0,0,313,743,2,7367,22,1887,2,22
"1452","2020-05-16",130,17,160,462,3692,0.349404117009751,0,0,313,743,1,7368,12,1899,1,12
"1453","2020-05-17",129,17,137,458,3692,0.349404117009751,0,0,313,743,3,7371,2,1901,3,2
"1454","2020-05-18",126,17,133,454,3692,0.349404117009751,0,0,313,743,1,7372,9,1910,1,9
"1455","2020-05-19",120,17,182,425,3692,0.349404117009751,0,0,313,743,NA,NA,15,1925,NA,15
"1456","2020-05-20",116,17,178,406,3692,0.349404117009751,0,0,313,743,3,7375,14,1939,2,14
"1457","2020-05-21",110,17,170,391,3692,0.349404117009751,0,0,313,743,3,7378,9,1948,2,9
"1458","2020-05-22",109,17,176,377,3692,0.349404117009751,0,0,313,743,1,7379,24,1972,1,24
"1459","2020-05-23",111,17,171,368,3692,0.349404117009751,0,0,313,743,2,7381,44,2016,1,44
"1460","2020-05-24",100,17,177,357,3692,0.349404117009751,0,0,313,743,NA,NA,14,2030,NA,14
"1461","2020-05-25",97,17,179,340,3692,0.349404117009751,0,0,313,743,2,7383,18,2048,2,18
"1462","2020-05-26",97,17,170,321,3692,0.349404117009751,0,0,313,743,2,7385,36,2084,1,36
"1463","2020-05-27",104,17,132,294,3692,0.349404117009751,0,0,313,743,4,7389,27,2111,4,27
"1464","2020-05-28",99,17,117,278,3692,0.349404117009751,0,0,313,743,1,7390,7,2118,1,7
"1465","2020-05-29",101,17,119,269,3692,0.349404117009751,0,0,313,743,1,7391,26,2144,NA,26
"1466","2020-05-30",92,17,143,256,3692,0.349404117009751,0,0,313,743,1,7392,19,2163,NA,19
"1467","2020-05-31",90,17,142,242,3692,0.349404117009751,0,0,313,743,1,7393,20,2183,1,20
"1468","2020-06-01",88,17,157,231,3692,0.349404117009751,0,0,313,743,NA,NA,8,2191,NA,8
"1469","2020-06-02",83,17,148,232,3692,0.349404117009751,0,0,313,743,1,7394,19,2210,1,19
"1470","2020-06-03",71,17,133,228,3692,0.349404117009751,0,0,313,743,3,7397,12,2222,2,12
"1471","2020-06-04",64,17,128,218,3692,0.349404117009751,0,0,313,743,3,7400,7,2229,3,7
"1472","2020-06-05",59,17,115,209,3692,0.349404117009751,0,0,313,743,1,7401,9,2238,1,9
"1473","2020-06-06",62,17,101,210,3692,0.349404117009751,0,0,313,743,1,7402,6,2244,1,6
"1474","2020-06-07",58,17,115,194,3692,0.349404117009751,0,0,313,743,1,7403,6,2250,1,6
"1475","2020-03-14",2,18,82,65,3274,0.606902871105681,0,0,267,721,11,43,10,72,3,10
"1476","2020-03-15",3,18,75,86,3274,0.606902871105681,0,0,267,721,13,56,16,88,5,16
"1477","2020-03-16",4,18,103,108,3274,0.606902871105681,0,0,267,721,18,74,17,105,10,17
"1478","2020-03-17",9,18,105,128,3274,0.606902871105681,0,0,267,721,24,98,35,140,12,35
"1479","2020-03-18",20,18,113,158,3274,0.606902871105681,0,0,267,721,17,115,30,170,9,30
"1480","2020-03-19",26,18,151,175,3274,0.606902871105681,0,0,267,721,18,133,36,206,11,36
"1481","2020-03-20",29,18,182,198,3274,0.606902871105681,0,0,267,721,24,157,28,234,14,28
"1482","2020-03-21",36,18,174,225,3274,0.606902871105681,0,0,267,721,25,182,37,271,13,37
"1483","2020-03-22",42,18,153,259,3274,0.606902871105681,0,0,267,721,17,199,32,303,12,32
"1484","2020-03-23",53,18,179,286,3274,0.606902871105681,0,0,267,721,29,228,16,319,18,16
"1485","2020-03-24",58,18,179,315,3274,0.606902871105681,0,0,267,721,23,251,13,332,14,13
"1486","2020-03-25",60,18,171,341,3274,0.606902871105681,0,0,267,721,18,269,11,343,13,11
"1487","2020-03-26",66,18,185,361,3274,0.606902871105681,0,0,267,721,28,297,8,351,18,8
"1488","2020-03-27",77,18,208,387,3274,0.606902871105681,0,0,267,721,30,327,16,367,25,16
"1489","2020-03-28",81,18,197,399,3274,0.606902871105681,0,0,267,721,23,350,30,397,18,30
"1490","2020-03-29",96,18,185,426,3274,0.606902871105681,0,0,267,721,27,377,19,416,18,19
"1491","2020-03-30",107,18,165,442,3274,0.606902871105681,0,0,267,721,21,398,16,432,16,16
"1492","2020-03-31",114,18,143,448,3274,0.606902871105681,0,0,267,721,23,421,17,449,17,17
"1493","2020-04-01",123,18,128,465,3274,0.606902871105681,0,0,267,721,25,446,13,462,19,13
"1494","2020-04-02",126,18,164,483,3274,0.606902871105681,0,0,267,721,18,464,7,469,12,7
"1495","2020-04-03",131,18,208,476,3274,0.606902871105681,0,0,267,721,34,498,27,496,26,27
"1496","2020-04-04",140,18,224,485,3274,0.606902871105681,0,0,267,721,32,530,48,544,21,48
"1497","2020-04-05",146,18,251,486,3274,0.606902871105681,0,0,267,721,30,560,43,587,22,43
"1498","2020-04-06",132,18,215,484,3274,0.606902871105681,0,0,267,721,13,573,26,613,5,26
"1499","2020-04-07",139,18,180,502,3274,0.606902871105681,0,0,267,721,26,599,15,628,18,15
"1500","2020-04-08",139,18,165,510,3274,0.606902871105681,0,0,267,721,26,625,43,671,15,43
"1501","2020-04-09",142,18,161,496,3274,0.606902871105681,0,0,267,721,25,650,23,694,19,23
"1502","2020-04-10",139,18,171,521,3274,0.606902871105681,0,0,267,721,24,674,39,733,16,39
"1503","2020-04-11",135,18,152,508,3274,0.606902871105681,0,0,267,721,18,692,21,754,11,21
"1504","2020-04-12",124,18,145,509,3274,0.606902871105681,0,0,267,721,22,714,42,796,12,42
"1505","2020-04-13",136,18,176,521,3274,0.606902871105681,0,0,267,721,23,737,38,834,10,38
"1506","2020-04-14",132,18,190,534,3274,0.606902871105681,0,0,267,721,19,756,27,861,10,27
"1507","2020-04-15",129,18,195,528,3274,0.606902871105681,0,0,267,721,19,775,21,882,13,21
"1508","2020-04-16",129,18,167,533,3274,0.606902871105681,0,0,267,721,21,796,20,902,10,20
"1509","2020-04-17",142,18,201,523,3274,0.606902871105681,0,0,267,721,13,809,13,915,9,13
"1510","2020-04-18",155,18,242,521,3274,0.606902871105681,0,0,267,721,37,846,11,926,23,11
"1511","2020-04-19",155,18,253,533,3274,0.606902871105681,0,0,267,721,25,871,20,946,13,20
"1512","2020-04-20",157,18,235,532,3274,0.606902871105681,0,0,267,721,34,905,12,958,21,12
"1513","2020-04-21",152,18,213,525,3274,0.606902871105681,0,0,267,721,24,929,28,986,9,28
"1514","2020-04-22",155,18,189,515,3274,0.606902871105681,0,0,267,721,30,959,29,1015,19,29
"1515","2020-04-23",169,18,185,513,3274,0.606902871105681,0,0,267,721,27,986,45,1060,15,45
"1516","2020-04-24",159,18,179,519,3274,0.606902871105681,0,0,267,721,25,1011,63,1123,15,63
"1517","2020-04-25",153,18,164,501,3274,0.606902871105681,0,0,267,721,20,1031,23,1146,10,23
"1518","2020-04-26",151,18,159,497,3274,0.606902871105681,0,0,267,721,20,1051,15,1161,10,15
"1519","2020-04-27",147,18,145,492,3274,0.606902871105681,0,0,267,721,25,1076,9,1170,16,9
"1520","2020-04-28",141,18,136,491,3274,0.606902871105681,0,0,267,721,23,1099,20,1190,16,20
"1521","2020-04-29",140,18,180,494,3274,0.606902871105681,0,0,267,721,23,1122,34,1224,13,34
"1522","2020-04-30",126,18,181,509,3274,0.606902871105681,0,0,267,721,25,1147,28,1252,15,28
"1523","2020-05-01",116,18,190,502,3274,0.606902871105681,0,0,267,721,26,1173,24,1276,12,24
"1524","2020-05-02",116,18,207,500,3274,0.606902871105681,0,0,267,721,21,1194,43,1319,6,43
"1525","2020-05-03",123,18,235,488,3274,0.606902871105681,0,0,267,721,27,1221,20,1339,12,20
"1526","2020-05-04",123,18,251,478,3274,0.606902871105681,0,0,267,721,23,1244,18,1357,13,18
"1527","2020-05-05",132,18,249,479,3274,0.606902871105681,0,0,267,721,31,1275,39,1396,20,39
"1528","2020-05-06",138,18,264,480,3274,0.606902871105681,0,0,267,721,25,1300,24,1420,11,24
"1529","2020-05-07",142,18,253,491,3274,0.606902871105681,0,0,267,721,25,1325,12,1432,14,12
"1530","2020-05-08",154,18,228,483,3274,0.606902871105681,0,0,267,721,27,1352,41,1473,18,41
"1531","2020-05-09",145,18,208,480,3274,0.606902871105681,0,0,267,721,23,1375,20,1493,13,20
"1532","2020-05-10",140,18,199,468,3274,0.606902871105681,0,0,267,721,27,1402,13,1506,20,13
"1533","2020-05-11",139,18,174,483,3274,0.606902871105681,0,0,267,721,24,1426,39,1545,15,39
"1534","2020-05-12",139,18,165,472,3274,0.606902871105681,0,0,267,721,23,1449,17,1562,18,17
"1535","2020-05-13",131,18,193,462,3274,0.606902871105681,0,0,267,721,23,1472,16,1578,16,16
"1536","2020-05-14",128,18,219,466,3274,0.606902871105681,0,0,267,721,23,1495,6,1584,15,6
"1537","2020-05-15",124,18,253,437,3274,0.606902871105681,0,0,267,721,34,1529,30,1614,27,30
"1538","2020-05-16",128,18,248,423,3274,0.606902871105681,0,0,267,721,23,1552,23,1637,16,23
"1539","2020-05-17",131,18,224,421,3274,0.606902871105681,0,0,267,721,28,1580,33,1670,22,33
"1540","2020-05-18",130,18,200,410,3274,0.606902871105681,0,0,267,721,30,1610,22,1692,21,22
"1541","2020-05-19",132,18,182,376,3274,0.606902871105681,0,0,267,721,16,1626,12,1704,9,12
"1542","2020-05-20",127,18,190,374,3274,0.606902871105681,0,0,267,721,24,1650,9,1713,21,9
"1543","2020-05-21",120,18,187,358,3274,0.606902871105681,0,0,267,721,17,1667,5,1718,7,5
"1544","2020-05-22",119,18,203,356,3274,0.606902871105681,0,0,267,721,22,1689,7,1725,17,7
"1545","2020-05-23",110,18,196,343,3274,0.606902871105681,0,0,267,721,27,1716,12,1737,17,12
"1546","2020-05-24",104,18,185,330,3274,0.606902871105681,0,0,267,721,18,1734,4,1741,14,4
"1547","2020-05-25",110,18,193,314,3274,0.606902871105681,0,0,267,721,19,1753,13,1754,15,13
"1548","2020-05-26",99,18,213,297,3274,0.606902871105681,0,0,267,721,22,1775,29,1783,15,29
"1549","2020-05-27",98,18,227,286,3274,0.606902871105681,0,0,267,721,17,1792,18,1801,12,18
"1550","2020-05-28",100,18,234,274,3274,0.606902871105681,0,0,267,721,19,1811,31,1832,13,31
"1551","2020-05-29",96,18,217,263,3274,0.606902871105681,0,0,267,721,14,1825,42,1874,10,42
"1552","2020-05-30",94,18,223,245,3274,0.606902871105681,0,0,267,721,23,1848,14,1888,15,14
"1553","2020-05-31",86,18,234,226,3274,0.606902871105681,0,0,267,721,18,1866,13,1901,14,13
"1554","2020-06-01",76,18,221,222,3274,0.606902871105681,0,0,267,721,20,1886,9,1910,10,9
"1555","2020-06-02",76,18,226,214,3274,0.606902871105681,0,0,267,721,13,1899,10,1920,9,10
"1556","2020-06-03",71,18,239,207,3274,0.606902871105681,0,0,267,721,18,1917,11,1931,13,11
"1557","2020-06-04",67,18,245,200,3274,0.606902871105681,0,0,267,721,18,1935,18,1949,12,18
"1558","2020-06-05",65,18,221,199,3274,0.606902871105681,0,0,267,721,17,1952,27,1976,12,27
"1559","2020-06-06",69,18,218,185,3274,0.606902871105681,0,0,267,721,14,1966,23,1999,9,23
"1560","2020-06-07",67,18,214,176,3274,0.606902871105681,0,0,267,721,19,1985,29,2028,14,29
"1561","2020-03-13",2,19,45,64,3449,0.308785155117425,0,0,285,562,41,96,17,64,5,17
"1562","2020-03-14",3,19,54,92,3449,0.308785155117425,0,0,285,562,47,143,26,90,19,26
"1563","2020-03-15",7,19,56,125,3449,0.308785155117425,0,0,285,562,46,189,9,99,17,9
"1564","2020-03-16",12,19,57,161,3449,0.308785155117425,0,0,285,562,53,242,4,103,20,4
"1565","2020-03-17",18,19,59,203,3449,0.308785155117425,0,0,285,562,45,287,13,116,21,13
"1566","2020-03-18",30,19,42,246,3449,0.308785155117425,0,0,285,562,59,346,24,140,37,24
"1567","2020-03-19",33,19,49,283,3449,0.308785155117425,0,0,285,562,47,393,11,151,27,11
"1568","2020-03-20",44,19,41,320,3449,0.308785155117425,0,0,285,562,58,451,18,169,28,18
"1569","2020-03-21",57,19,39,362,3449,0.308785155117425,0,0,285,562,70,521,13,182,41,13
"1570","2020-03-22",64,19,59,400,3449,0.308785155117425,0,0,285,562,69,590,10,192,47,10
"1571","2020-03-23",82,19,66,432,3449,0.308785155117425,0,0,285,562,80,670,1,193,44,1
"1572","2020-03-24",94,19,60,442,3449,0.308785155117425,0,0,285,562,57,727,5,198,33,5
"1573","2020-03-25",96,19,68,453,3449,0.308785155117425,0,0,285,562,87,814,13,211,61,13
"1574","2020-03-26",111,19,73,479,3449,0.308785155117425,0,0,285,562,84,898,31,242,54,31
"1575","2020-03-27",115,19,70,494,3449,0.308785155117425,0,0,285,562,56,954,14,256,31,14
"1576","2020-03-28",123,19,73,490,3449,0.308785155117425,0,0,285,562,66,1020,16,272,38,16
"1577","2020-03-29",135,19,71,493,3449,0.308785155117425,0,0,285,562,80,1100,15,287,46,15
"1578","2020-03-30",131,19,61,498,3449,0.308785155117425,0,0,285,562,77,1177,11,298,43,11
"1579","2020-03-31",139,19,70,491,3449,0.308785155117425,0,0,285,562,75,1252,9,307,39,9
"1580","2020-04-01",147,19,76,504,3449,0.308785155117425,0,0,285,562,71,1323,28,335,46,28
"1581","2020-04-02",148,19,85,504,3449,0.308785155117425,0,0,285,562,98,1421,40,375,54,40
"1582","2020-04-03",152,19,116,517,3449,0.308785155117425,0,0,285,562,59,1480,29,404,34,29
"1583","2020-04-04",146,19,140,526,3449,0.308785155117425,0,0,285,562,60,1540,17,421,37,17
"1584","2020-04-05",147,19,139,530,3449,0.308785155117425,0,0,285,562,64,1604,15,436,34,15
"1585","2020-04-06",156,19,121,535,3449,0.308785155117425,0,0,285,562,68,1672,55,491,38,55
"1586","2020-04-07",147,19,112,545,3449,0.308785155117425,0,0,285,562,65,1737,25,516,36,25
"1587","2020-04-08",136,19,106,540,3449,0.308785155117425,0,0,285,562,80,1817,20,536,44,20
"1588","2020-04-09",143,19,110,543,3449,0.308785155117425,0,0,285,562,65,1882,44,580,35,44
"1589","2020-04-10",140,19,113,535,3449,0.308785155117425,0,0,285,562,52,1934,54,634,20,54
"1590","2020-04-11",142,19,126,533,3449,0.308785155117425,0,0,285,562,57,1991,33,667,26,33
"1591","2020-04-12",134,19,150,539,3449,0.308785155117425,0,0,285,562,77,2068,56,723,31,56
"1592","2020-04-13",131,19,174,529,3449,0.308785155117425,0,0,285,562,62,2130,61,784,30,61
"1593","2020-04-14",136,19,176,530,3449,0.308785155117425,0,0,285,562,49,2179,38,822,19,38
"1594","2020-04-15",148,19,178,524,3449,0.308785155117425,0,0,285,562,58,2237,27,849,24,27
"1595","2020-04-16",142,19,153,508,3449,0.308785155117425,0,0,285,562,72,2309,32,881,34,32
"1596","2020-04-17",139,19,154,506,3449,0.308785155117425,0,0,285,562,63,2372,29,910,21,29
"1597","2020-04-18",142,19,146,518,3449,0.308785155117425,0,0,285,562,68,2440,56,966,26,56
"1598","2020-04-19",144,19,162,514,3449,0.308785155117425,0,0,285,562,50,2490,54,1020,22,54
"1599","2020-04-20",143,19,185,512,3449,0.308785155117425,0,0,285,562,46,2536,63,1083,17,63
"1600","2020-04-21",135,19,215,500,3449,0.308785155117425,0,0,285,562,50,2586,57,1140,13,57
"1601","2020-04-22",133,19,225,513,3449,0.308785155117425,0,0,285,562,43,2629,69,1209,19,69
"1602","2020-04-23",129,19,223,505,3449,0.308785155117425,0,0,285,562,61,2690,32,1241,16,32
"1603","2020-04-24",135,19,219,497,3449,0.308785155117425,0,0,285,562,37,2727,15,1256,7,15
"1604","2020-04-25",131,19,231,481,3449,0.308785155117425,0,0,285,562,35,2762,31,1287,9,31
"1605","2020-04-26",136,19,211,471,3449,0.308785155117425,0,0,285,562,42,2804,15,1302,14,15
"1606","2020-04-27",128,19,188,465,3449,0.308785155117425,0,0,285,562,48,2852,14,1316,19,14
"1607","2020-04-28",137,19,163,459,3449,0.308785155117425,0,0,285,562,35,2887,65,1381,17,65
"1608","2020-04-29",138,19,146,457,3449,0.308785155117425,0,0,285,562,27,2914,58,1439,5,58
"1609","2020-04-30",142,19,116,462,3449,0.308785155117425,0,0,285,562,42,2956,25,1464,8,25
"1610","2020-05-01",147,19,120,450,3449,0.308785155117425,0,0,285,562,31,2987,26,1490,12,26
"1611","2020-05-02",146,19,121,468,3449,0.308785155117425,0,0,285,562,28,3015,16,1506,4,16
"1612","2020-05-03",132,19,135,466,3449,0.308785155117425,0,0,285,562,31,3046,32,1538,6,32
"1613","2020-05-04",136,19,128,456,3449,0.308785155117425,0,0,285,562,35,3081,61,1599,13,61
"1614","2020-05-05",131,19,126,448,3449,0.308785155117425,0,0,285,562,34,3115,30,1629,6,30
"1615","2020-05-06",123,19,144,461,3449,0.308785155117425,0,0,285,562,36,3151,43,1672,11,43
"1616","2020-05-07",122,19,162,459,3449,0.308785155117425,0,0,285,562,38,3189,28,1700,15,28
"1617","2020-05-08",113,19,185,459,3449,0.308785155117425,0,0,285,562,39,3228,42,1742,11,42
"1618","2020-05-09",119,19,172,452,3449,0.308785155117425,0,0,285,562,37,3265,16,1758,16,16
"1619","2020-05-10",129,19,167,438,3449,0.308785155117425,0,0,285,562,41,3306,24,1782,12,24
"1620","2020-05-11",137,19,191,426,3449,0.308785155117425,0,0,285,562,48,3354,32,1814,16,32
"1621","2020-05-12",141,19,194,411,3449,0.308785155117425,0,0,285,562,46,3400,57,1871,23,57
"1622","2020-05-13",140,19,174,398,3449,0.308785155117425,0,0,285,562,37,3437,39,1910,18,39
"1623","2020-05-14",128,19,161,391,3449,0.308785155117425,0,0,285,562,51,3488,28,1938,21,28
"1624","2020-05-15",126,19,149,392,3449,0.308785155117425,0,0,285,562,38,3526,31,1969,14,31
"1625","2020-05-16",111,19,145,375,3449,0.308785155117425,0,0,285,562,43,3569,16,1985,23,16
"1626","2020-05-17",107,19,186,359,3449,0.308785155117425,0,0,285,562,32,3601,12,1997,18,12
"1627","2020-05-18",90,19,198,350,3449,0.308785155117425,0,0,285,562,43,3644,11,2008,19,11
"1628","2020-05-19",83,19,186,347,3449,0.308785155117425,0,0,285,562,35,3679,9,2017,14,9
"1629","2020-05-20",86,19,165,333,3449,0.308785155117425,0,0,285,562,23,3702,21,2038,12,21
"1630","2020-05-21",90,19,155,311,3449,0.308785155117425,0,0,285,562,37,3739,40,2078,23,40
"1631","2020-05-22",86,19,139,304,3449,0.308785155117425,0,0,285,562,25,3764,16,2094,11,16
"1632","2020-05-23",89,19,136,316,3449,0.308785155117425,0,0,285,562,34,3798,62,2156,16,62
"1633","2020-05-24",88,19,133,299,3449,0.308785155117425,0,0,285,562,19,3817,55,2211,9,55
"1634","2020-05-25",90,19,118,297,3449,0.308785155117425,0,0,285,562,20,3837,21,2232,4,21
"1635","2020-05-26",90,19,112,298,3449,0.308785155117425,0,0,285,562,21,3858,20,2252,7,20
"1636","2020-05-27",90,19,101,292,3449,0.308785155117425,0,0,285,562,24,3882,19,2271,10,19
"1637","2020-05-28",89,19,96,293,3449,0.308785155117425,0,0,285,562,19,3901,42,2313,6,42
"1638","2020-05-29",88,19,79,290,3449,0.308785155117425,0,0,285,562,20,3921,17,2330,7,17
"1639","2020-05-30",93,19,76,288,3449,0.308785155117425,0,0,285,562,13,3934,16,2346,7,16
"1640","2020-05-31",92,19,92,279,3449,0.308785155117425,0,0,285,562,19,3953,15,2361,7,15
"1641","2020-06-01",93,19,116,287,3449,0.308785155117425,0,0,285,562,21,3974,34,2395,4,34
"1642","2020-06-02",89,19,133,277,3449,0.308785155117425,0,0,285,562,12,3986,43,2438,6,43
"1643","2020-06-03",81,19,136,261,3449,0.308785155117425,0,0,285,562,15,4001,31,2469,7,31
"1644","2020-06-04",79,19,132,249,3449,0.308785155117425,0,0,285,562,11,4012,44,2513,5,44
"1645","2020-06-05",87,19,120,238,3449,0.308785155117425,0,0,285,562,15,4027,24,2537,5,24
"1646","2020-06-06",82,19,124,231,3449,0.308785155117425,0,0,285,562,14,4041,15,2552,2,15
"1647","2020-06-07",78,19,121,213,3449,0.308785155117425,0,0,285,562,14,4055,27,2579,7,27
"1648","2020-03-17",4,20,109,112,4592,0.884364111498258,0,0,436,771,19,98,29,133,4,29
"1649","2020-03-18",10,20,140,136,4592,0.884364111498258,0,0,436,771,20,118,29,162,9,29
"1650","2020-03-19",15,20,142,163,4592,0.884364111498258,0,0,436,771,25,143,31,193,15,31
"1651","2020-03-20",22,20,165,188,4592,0.884364111498258,0,0,436,771,23,166,40,233,16,40
"1652","2020-03-21",31,20,157,220,4592,0.884364111498258,0,0,436,771,23,189,31,264,9,31
"1653","2020-03-22",37,20,151,246,4592,0.884364111498258,0,0,436,771,20,209,26,290,11,26
"1654","2020-03-23",51,20,172,274,4592,0.884364111498258,0,0,436,771,20,229,30,320,9,30
"1655","2020-03-24",60,20,186,313,4592,0.884364111498258,0,0,436,771,22,251,28,348,6,28
"1656","2020-03-25",68,20,188,347,4592,0.884364111498258,0,0,436,771,21,272,28,376,10,28
"1657","2020-03-26",76,20,217,387,4592,0.884364111498258,0,0,436,771,33,305,35,411,18,35
"1658","2020-03-27",89,20,206,435,4592,0.884364111498258,0,0,436,771,32,337,29,440,18,29
"1659","2020-03-28",101,20,232,484,4592,0.884364111498258,0,0,436,771,23,360,30,470,12,30
"1660","2020-03-29",112,20,220,528,4592,0.884364111498258,0,0,436,771,39,399,43,513,23,43
"1661","2020-03-30",121,20,247,556,4592,0.884364111498258,0,0,436,771,22,421,30,543,12,30
"1662","2020-03-31",127,20,232,590,4592,0.884364111498258,0,0,436,771,27,448,23,566,13,23
"1663","2020-04-01",138,20,219,617,4592,0.884364111498258,0,0,436,771,43,491,32,598,23,32
"1664","2020-04-02",152,20,208,660,4592,0.884364111498258,0,0,436,771,32,523,19,617,18,19
"1665","2020-04-03",152,20,205,691,4592,0.884364111498258,0,0,436,771,32,555,26,643,18,26
"1666","2020-04-04",164,20,188,721,4592,0.884364111498258,0,0,436,771,38,593,30,673,22,30
"1667","2020-04-05",174,20,186,757,4592,0.884364111498258,0,0,436,771,28,621,26,699,18,26
"1668","2020-04-06",172,20,165,799,4592,0.884364111498258,0,0,436,771,38,659,16,715,24,16
"1669","2020-04-07",189,20,156,818,4592,0.884364111498258,0,0,436,771,23,682,31,746,9,31
"1670","2020-04-08",201,20,163,843,4592,0.884364111498258,0,0,436,771,25,707,44,790,14,44
"1671","2020-04-09",204,20,155,861,4592,0.884364111498258,0,0,436,771,30,737,38,828,16,38
"1672","2020-04-10",222,20,169,878,4592,0.884364111498258,0,0,436,771,18,755,34,862,4,34
"1673","2020-04-11",218,20,197,907,4592,0.884364111498258,0,0,436,771,25,780,36,898,11,36
"1674","2020-04-12",220,20,207,912,4592,0.884364111498258,0,0,436,771,25,805,42,940,10,42
"1675","2020-04-13",233,20,203,928,4592,0.884364111498258,0,0,436,771,24,829,32,972,12,32
"1676","2020-04-14",232,20,240,967,4592,0.884364111498258,0,0,436,771,39,868,28,1000,20,28
"1677","2020-04-15",236,20,222,976,4592,0.884364111498258,0,0,436,771,30,898,34,1034,8,34
"1678","2020-04-16",244,20,238,993,4592,0.884364111498258,0,0,436,771,31,929,46,1080,15,46
"1679","2020-04-17",240,20,215,1026,4592,0.884364111498258,0,0,436,771,24,953,41,1121,6,41
"1680","2020-04-18",247,20,201,1023,4592,0.884364111498258,0,0,436,771,36,989,45,1166,20,45
"1681","2020-04-19",263,20,207,1023,4592,0.884364111498258,0,0,436,771,29,1018,65,1231,12,65
"1682","2020-04-20",274,20,258,1040,4592,0.884364111498258,0,0,436,771,22,1040,37,1268,11,37
"1683","2020-04-21",276,20,271,1019,4592,0.884364111498258,0,0,436,771,19,1059,60,1328,5,60
"1684","2020-04-22",267,20,282,1037,4592,0.884364111498258,0,0,436,771,27,1086,51,1379,9,51
"1685","2020-04-23",274,20,304,1001,4592,0.884364111498258,0,0,436,771,19,1105,53,1432,3,53
"1686","2020-04-24",274,20,279,979,4592,0.884364111498258,0,0,436,771,22,1127,54,1486,3,54
"1687","2020-04-25",279,20,257,965,4592,0.884364111498258,0,0,436,771,29,1156,63,1549,14,63
"1688","2020-04-26",275,20,288,940,4592,0.884364111498258,0,0,436,771,17,1173,69,1618,5,69
"1689","2020-04-27",279,20,295,917,4592,0.884364111498258,0,0,436,771,22,1195,38,1656,11,38
"1690","2020-04-28",282,20,286,886,4592,0.884364111498258,0,0,436,771,19,1214,59,1715,10,59
"1691","2020-04-29",292,20,246,867,4592,0.884364111498258,0,0,436,771,25,1239,41,1756,6,41
"1692","2020-04-30",273,20,211,827,4592,0.884364111498258,0,0,436,771,18,1257,35,1791,4,35
"1693","2020-05-01",276,20,208,818,4592,0.884364111498258,0,0,436,771,19,1276,55,1846,6,55
"1694","2020-05-02",265,20,193,788,4592,0.884364111498258,0,0,436,771,24,1300,51,1897,10,51
"1695","2020-05-03",263,20,190,737,4592,0.884364111498258,0,0,436,771,15,1315,29,1926,1,29
"1696","2020-05-04",251,20,175,697,4592,0.884364111498258,0,0,436,771,28,1343,46,1972,11,46
"1697","2020-05-05",237,20,161,678,4592,0.884364111498258,0,0,436,771,23,1366,32,2004,6,32
"1698","2020-05-06",221,20,145,646,4592,0.884364111498258,0,0,436,771,23,1389,46,2050,2,46
"1699","2020-05-07",224,20,174,621,4592,0.884364111498258,0,0,436,771,16,1405,42,2092,7,42
"1700","2020-05-08",204,20,162,589,4592,0.884364111498258,0,0,436,771,21,1426,58,2150,12,58
"1701","2020-05-09",194,20,151,568,4592,0.884364111498258,0,0,436,771,20,1446,47,2197,5,47
"1702","2020-05-10",179,20,136,517,4592,0.884364111498258,0,0,436,771,22,1468,49,2246,8,49
"1703","2020-05-11",170,20,136,495,4592,0.884364111498258,0,0,436,771,21,1489,43,2289,8,43
"1704","2020-05-12",154,20,132,475,4592,0.884364111498258,0,0,436,771,25,1514,52,2341,8,52
"1705","2020-05-13",156,20,158,463,4592,0.884364111498258,0,0,436,771,21,1535,41,2382,9,41
"1706","2020-05-14",148,20,143,453,4592,0.884364111498258,0,0,436,771,14,1549,25,2407,8,25
"1707","2020-05-15",152,20,132,441,4592,0.884364111498258,0,0,436,771,19,1568,35,2442,6,35
"1708","2020-05-16",153,20,138,421,4592,0.884364111498258,0,0,436,771,21,1589,36,2478,11,36
"1709","2020-05-17",141,20,172,414,4592,0.884364111498258,0,0,436,771,22,1611,27,2505,9,27
"1710","2020-05-18",127,20,168,419,4592,0.884364111498258,0,0,436,771,19,1630,28,2533,11,28
"1711","2020-05-19",136,20,158,406,4592,0.884364111498258,0,0,436,771,20,1650,18,2551,11,18
"1712","2020-05-20",126,20,173,370,4592,0.884364111498258,0,0,436,771,18,1668,26,2577,10,26
"1713","2020-05-21",122,20,170,351,4592,0.884364111498258,0,0,436,771,24,1692,29,2606,18,29
"1714","2020-05-22",119,20,154,347,4592,0.884364111498258,0,0,436,771,23,1715,34,2640,10,34
"1715","2020-05-23",113,20,135,336,4592,0.884364111498258,0,0,436,771,17,1732,34,2674,10,34
"1716","2020-05-24",112,20,136,326,4592,0.884364111498258,0,0,436,771,14,1746,38,2712,7,38
"1717","2020-05-25",108,20,176,313,4592,0.884364111498258,0,0,436,771,16,1762,33,2745,7,33
"1718","2020-05-26",104,20,171,308,4592,0.884364111498258,0,0,436,771,18,1780,39,2784,4,39
"1719","2020-05-27",93,20,146,308,4592,0.884364111498258,0,0,436,771,21,1801,34,2818,7,34
"1720","2020-05-28",94,20,136,295,4592,0.884364111498258,0,0,436,771,13,1814,31,2849,9,31
"1721","2020-05-29",88,20,115,284,4592,0.884364111498258,0,0,436,771,20,1834,35,2884,5,35
"1722","2020-05-30",83,20,100,283,4592,0.884364111498258,0,0,436,771,16,1850,39,2923,6,39
"1723","2020-05-31",84,20,88,271,4592,0.884364111498258,0,0,436,771,14,1864,37,2960,7,37
"1724","2020-06-01",83,20,85,255,4592,0.884364111498258,0,0,436,771,20,1884,36,2996,10,36
"1725","2020-06-02",81,20,85,251,4592,0.884364111498258,0,0,436,771,15,1899,42,3038,10,42
"1726","2020-06-03",81,20,108,243,4592,0.884364111498258,0,0,436,771,20,1919,44,3082,17,44
"1727","2020-06-04",74,20,110,228,4592,0.884364111498258,0,0,436,771,16,1935,38,3120,5,38
"1728","2020-06-05",71,20,109,226,4592,0.884364111498258,0,0,436,771,11,1946,26,3146,6,26
"1729","2020-06-06",73,20,92,219,4592,0.884364111498258,0,0,436,771,13,1959,34,3180,8,34
"1730","2020-06-07",69,20,81,223,4592,0.884364111498258,0,0,436,771,8,1967,24,3204,4,24
