"","Date","Absents","Paramset","Infections_or_Exposed_per_day_Patient","Infections_or_Exposed_per_day_HCW","total_infections","nosocomial_proportion","PCR_pooled","LFD_pooled","HCW_symp_test","patient_symp_test","new_hcw_infs","cumulative_hcw_infs","new_pat_infs","cumulative_pats_infs","new_nosocomial_hcw_infs","new_nosocomial_pat_infs"
"1","2020-03-15",1,1,36,58,2413,0.510982179859097,1950,4587,263,281,16,58,9,36,4,9
"2","2020-03-16",3,1,31,77,2413,0.510982179859097,1950,4587,263,281,19,77,4,40,4,4
"3","2020-03-17",4,1,30,94,2413,0.510982179859097,1950,4587,263,281,17,94,5,45,3,5
"4","2020-03-18",11,1,27,110,2413,0.510982179859097,1950,4587,263,281,18,112,1,46,7,1
"5","2020-03-19",15,1,34,125,2413,0.510982179859097,1950,4587,263,281,19,131,7,53,8,7
"6","2020-03-20",23,1,33,145,2413,0.510982179859097,1950,4587,263,281,25,156,4,57,14,4
"7","2020-03-21",40,1,41,169,2413,0.510982179859097,1950,4587,263,281,28,184,9,66,13,9
"8","2020-03-22",47,1,35,188,2413,0.510982179859097,1950,4587,263,281,25,209,5,71,15,5
"9","2020-03-23",46,1,40,202,2413,0.510982179859097,1950,4587,263,281,21,230,12,83,7,12
"10","2020-03-24",53,1,38,221,2413,0.510982179859097,1950,4587,263,281,29,259,7,90,17,7
"11","2020-03-25",52,1,33,236,2413,0.510982179859097,1950,4587,263,281,24,283,4,94,13,4
"12","2020-03-26",57,1,36,247,2413,0.510982179859097,1950,4587,263,281,25,308,9,103,15,9
"13","2020-03-27",58,1,28,255,2413,0.510982179859097,1950,4587,263,281,26,334,4,107,15,4
"14","2020-03-28",60,1,36,264,2413,0.510982179859097,1950,4587,263,281,21,355,9,116,9,9
"15","2020-03-29",82,1,36,264,2413,0.510982179859097,1950,4587,263,281,27,382,8,124,15,8
"16","2020-03-30",90,1,33,270,2413,0.510982179859097,1950,4587,263,281,30,412,4,128,16,4
"17","2020-03-31",90,1,40,273,2413,0.510982179859097,1950,4587,263,281,24,436,12,140,9,12
"18","2020-04-01",93,1,36,294,2413,0.510982179859097,1950,4587,263,281,43,479,6,146,22,6
"19","2020-04-02",95,1,34,292,2413,0.510982179859097,1950,4587,263,281,25,504,4,150,11,4
"20","2020-04-03",108,1,43,289,2413,0.510982179859097,1950,4587,263,281,24,528,9,159,12,9
"21","2020-04-04",108,1,37,293,2413,0.510982179859097,1950,4587,263,281,25,553,6,165,13,6
"22","2020-04-05",92,1,34,303,2413,0.510982179859097,1950,4587,263,281,29,582,7,172,13,7
"23","2020-04-06",83,1,31,300,2413,0.510982179859097,1950,4587,263,281,28,610,4,176,19,4
"24","2020-04-07",85,1,43,313,2413,0.510982179859097,1950,4587,263,281,44,654,14,190,20,14
"25","2020-04-08",86,1,38,302,2413,0.510982179859097,1950,4587,263,281,25,679,5,195,18,5
"26","2020-04-09",91,1,35,318,2413,0.510982179859097,1950,4587,263,281,41,720,7,202,23,7
"27","2020-04-10",91,1,45,322,2413,0.510982179859097,1950,4587,263,281,29,749,16,218,15,16
"28","2020-04-11",109,1,50,343,2413,0.510982179859097,1950,4587,263,281,38,787,10,228,20,10
"29","2020-04-12",108,1,44,352,2413,0.510982179859097,1950,4587,263,281,37,824,10,238,15,10
"30","2020-04-13",111,1,40,362,2413,0.510982179859097,1950,4587,263,281,33,857,4,242,17,4
"31","2020-04-14",111,1,49,370,2413,0.510982179859097,1950,4587,263,281,35,892,18,260,17,18
"32","2020-04-15",118,1,59,364,2413,0.510982179859097,1950,4587,263,281,33,925,11,271,19,11
"33","2020-04-16",116,1,63,367,2413,0.510982179859097,1950,4587,263,281,42,967,13,284,18,13
"34","2020-04-17",127,1,65,376,2413,0.510982179859097,1950,4587,263,281,32,999,14,298,15,14
"35","2020-04-18",134,1,70,388,2413,0.510982179859097,1950,4587,263,281,38,1037,14,312,24,14
"36","2020-04-19",135,1,74,385,2413,0.510982179859097,1950,4587,263,281,29,1066,15,327,13,15
"37","2020-04-20",136,1,79,384,2413,0.510982179859097,1950,4587,263,281,31,1097,19,346,14,19
"38","2020-04-21",132,1,85,387,2413,0.510982179859097,1950,4587,263,281,35,1132,17,363,17,17
"39","2020-04-22",123,1,80,395,2413,0.510982179859097,1950,4587,263,281,41,1173,19,382,23,19
"40","2020-04-23",128,1,64,386,2413,0.510982179859097,1950,4587,263,281,30,1203,8,390,19,8
"41","2020-04-24",144,1,71,387,2413,0.510982179859097,1950,4587,263,281,35,1238,16,406,19,16
"42","2020-04-25",130,1,76,377,2413,0.510982179859097,1950,4587,263,281,23,1261,21,427,12,21
"43","2020-04-26",123,1,76,368,2413,0.510982179859097,1950,4587,263,281,31,1292,19,446,17,19
"44","2020-04-27",118,1,80,366,2413,0.510982179859097,1950,4587,263,281,42,1334,18,464,25,18
"45","2020-04-28",121,1,68,359,2413,0.510982179859097,1950,4587,263,281,31,1365,7,471,13,7
"46","2020-04-29",128,1,52,362,2413,0.510982179859097,1950,4587,263,281,34,1399,5,476,20,5
"47","2020-04-30",121,1,49,368,2413,0.510982179859097,1950,4587,263,281,38,1437,9,485,15,9
"48","2020-05-01",124,1,45,375,2413,0.510982179859097,1950,4587,263,281,35,1472,6,491,22,6
"49","2020-05-02",139,1,49,363,2413,0.510982179859097,1950,4587,263,281,26,1498,11,502,13,11
"50","2020-05-03",124,1,53,361,2413,0.510982179859097,1950,4587,263,281,26,1524,7,509,14,7
"51","2020-05-04",117,1,50,350,2413,0.510982179859097,1950,4587,263,281,32,1556,8,517,23,8
"52","2020-05-05",115,1,67,357,2413,0.510982179859097,1950,4587,263,281,41,1597,21,538,25,21
"53","2020-05-06",113,1,68,367,2413,0.510982179859097,1950,4587,263,281,42,1639,14,552,21,14
"54","2020-05-07",112,1,65,359,2413,0.510982179859097,1950,4587,263,281,27,1666,13,565,15,13
"55","2020-05-08",117,1,76,352,2413,0.510982179859097,1950,4587,263,281,27,1693,16,581,17,16
"56","2020-05-09",114,1,85,350,2413,0.510982179859097,1950,4587,263,281,24,1717,23,604,13,23
"57","2020-05-10",110,1,84,337,2413,0.510982179859097,1950,4587,263,281,22,1739,11,615,11,11
"58","2020-05-11",113,1,81,345,2413,0.510982179859097,1950,4587,263,281,39,1778,10,625,22,10
"59","2020-05-12",110,1,85,354,2413,0.510982179859097,1950,4587,263,281,37,1815,12,637,18,12
"60","2020-05-13",108,1,88,345,2413,0.510982179859097,1950,4587,263,281,26,1841,14,651,17,14
"61","2020-05-14",111,1,77,343,2413,0.510982179859097,1950,4587,263,281,32,1873,9,660,16,9
"62","2020-05-15",114,1,81,344,2413,0.510982179859097,1950,4587,263,281,29,1902,18,678,16,18
"63","2020-05-16",106,1,95,346,2413,0.510982179859097,1950,4587,263,281,32,1934,24,702,18,24
"64","2020-05-17",117,1,76,341,2413,0.510982179859097,1950,4587,263,281,31,1965,13,715,17,13
"65","2020-05-18",114,1,80,324,2413,0.510982179859097,1950,4587,263,281,17,1982,23,738,11,23
"66","2020-05-19",113,1,83,312,2413,0.510982179859097,1950,4587,263,281,26,2008,15,753,13,15
"67","2020-05-20",111,1,98,318,2413,0.510982179859097,1950,4587,263,281,31,2039,21,774,21,21
"68","2020-05-21",114,1,103,304,2413,0.510982179859097,1950,4587,263,281,19,2058,23,797,13,23
"69","2020-05-22",114,1,102,307,2413,0.510982179859097,1950,4587,263,281,30,2088,15,812,15,15
"70","2020-05-23",116,1,92,313,2413,0.510982179859097,1950,4587,263,281,27,2115,16,828,15,16
"71","2020-05-24",101,1,102,308,2413,0.510982179859097,1950,4587,263,281,20,2135,22,850,11,22
"72","2020-05-25",105,1,96,296,2413,0.510982179859097,1950,4587,263,281,17,2152,14,864,11,14
"73","2020-05-26",103,1,85,289,2413,0.510982179859097,1950,4587,263,281,23,2175,14,878,13,14
"74","2020-05-27",103,1,77,272,2413,0.510982179859097,1950,4587,263,281,20,2195,11,889,10,11
"75","2020-05-28",101,1,76,270,2413,0.510982179859097,1950,4587,263,281,24,2219,10,899,16,10
"76","2020-05-29",103,1,72,256,2413,0.510982179859097,1950,4587,263,281,15,2234,10,909,11,10
"77","2020-05-30",97,1,71,249,2413,0.510982179859097,1950,4587,263,281,18,2252,11,920,10,11
"78","2020-05-31",100,1,62,246,2413,0.510982179859097,1950,4587,263,281,18,2270,8,928,9,8
"79","2020-06-01",94,1,46,231,2413,0.510982179859097,1950,4587,263,281,15,2285,4,932,12,4
"80","2020-06-02",84,1,37,207,2413,0.510982179859097,1950,4587,263,281,6,2291,2,934,4,2
"81","2020-06-03",80,1,35,192,2413,0.510982179859097,1950,4587,263,281,10,2301,12,946,3,12
"82","2020-06-04",78,1,34,183,2413,0.510982179859097,1950,4587,263,281,13,2314,3,949,7,3
"83","2020-06-05",68,1,32,175,2413,0.510982179859097,1950,4587,263,281,16,2330,4,953,9,4
"84","2020-06-06",80,1,32,165,2413,0.510982179859097,1950,4587,263,281,12,2342,7,960,6,7
"85","2020-06-07",64,1,28,157,2413,0.510982179859097,1950,4587,263,281,8,2350,5,965,5,5
"86","2020-03-13",1,2,8,19,3605,0.850208044382802,2100,6485,382,148,11,29,6,16,2,6
"87","2020-03-14",5,2,10,29,3605,0.850208044382802,2100,6485,382,148,8,37,2,18,1,2
"88","2020-03-15",10,2,13,35,3605,0.850208044382802,2100,6485,382,148,15,52,4,22,7,4
"89","2020-03-16",8,2,12,41,3605,0.850208044382802,2100,6485,382,148,7,59,3,25,1,3
"90","2020-03-17",8,2,15,49,3605,0.850208044382802,2100,6485,382,148,12,71,5,30,3,5
"91","2020-03-18",9,2,22,66,3605,0.850208044382802,2100,6485,382,148,19,90,4,34,9,4
"92","2020-03-19",11,2,17,75,3605,0.850208044382802,2100,6485,382,148,16,106,2,36,8,2
"93","2020-03-20",14,2,19,91,3605,0.850208044382802,2100,6485,382,148,19,125,NA,NA,10,NA
"94","2020-03-21",18,2,15,105,3605,0.850208044382802,2100,6485,382,148,17,142,5,41,7,5
"95","2020-03-22",19,2,13,117,3605,0.850208044382802,2100,6485,382,148,21,163,1,42,11,1
"96","2020-03-23",20,2,13,134,3605,0.850208044382802,2100,6485,382,148,29,192,6,48,16,6
"97","2020-03-24",21,2,22,152,3605,0.850208044382802,2100,6485,382,148,21,213,4,52,7,4
"98","2020-03-25",24,2,24,164,3605,0.850208044382802,2100,6485,382,148,17,230,9,61,12,9
"99","2020-03-26",32,2,22,178,3605,0.850208044382802,2100,6485,382,148,19,249,9,70,11,9
"100","2020-03-27",43,2,16,198,3605,0.850208044382802,2100,6485,382,148,20,269,5,75,15,5
"101","2020-03-28",63,2,12,211,3605,0.850208044382802,2100,6485,382,148,25,294,6,81,15,6
"102","2020-03-29",60,2,14,220,3605,0.850208044382802,2100,6485,382,148,17,311,13,94,12,13
"103","2020-03-30",60,2,14,241,3605,0.850208044382802,2100,6485,382,148,20,331,15,109,13,15
"104","2020-03-31",63,2,26,272,3605,0.850208044382802,2100,6485,382,148,29,360,9,118,12,9
"105","2020-04-01",72,2,31,278,3605,0.850208044382802,2100,6485,382,148,28,388,12,130,19,12
"106","2020-04-02",68,2,32,282,3605,0.850208044382802,2100,6485,382,148,29,417,9,139,19,9
"107","2020-04-03",88,2,28,302,3605,0.850208044382802,2100,6485,382,148,26,443,8,147,12,8
"108","2020-04-04",103,2,22,315,3605,0.850208044382802,2100,6485,382,148,22,465,11,158,10,11
"109","2020-04-05",104,2,20,324,3605,0.850208044382802,2100,6485,382,148,33,498,12,170,20,12
"110","2020-04-06",103,2,22,342,3605,0.850208044382802,2100,6485,382,148,20,518,13,183,16,13
"111","2020-04-07",114,2,20,355,3605,0.850208044382802,2100,6485,382,148,24,542,6,189,14,6
"112","2020-04-08",112,2,26,366,3605,0.850208044382802,2100,6485,382,148,40,582,9,198,27,9
"113","2020-04-09",121,2,25,374,3605,0.850208044382802,2100,6485,382,148,30,612,15,213,19,15
"114","2020-04-10",143,2,35,388,3605,0.850208044382802,2100,6485,382,148,30,642,6,219,18,6
"115","2020-04-11",134,2,36,384,3605,0.850208044382802,2100,6485,382,148,41,683,9,228,27,9
"116","2020-04-12",136,2,41,400,3605,0.850208044382802,2100,6485,382,148,35,718,13,241,19,13
"117","2020-04-13",127,2,45,419,3605,0.850208044382802,2100,6485,382,148,40,758,12,253,23,12
"118","2020-04-14",120,2,36,433,3605,0.850208044382802,2100,6485,382,148,35,793,10,263,21,10
"119","2020-04-15",125,2,32,445,3605,0.850208044382802,2100,6485,382,148,38,831,18,281,30,18
"120","2020-04-16",126,2,33,460,3605,0.850208044382802,2100,6485,382,148,41,872,14,295,30,14
"121","2020-04-17",137,2,31,499,3605,0.850208044382802,2100,6485,382,148,39,911,14,309,26,14
"122","2020-04-18",160,2,35,518,3605,0.850208044382802,2100,6485,382,148,49,960,18,327,33,18
"123","2020-04-19",149,2,41,536,3605,0.850208044382802,2100,6485,382,148,37,997,16,343,28,16
"124","2020-04-20",151,2,41,541,3605,0.850208044382802,2100,6485,382,148,52,1049,14,357,37,14
"125","2020-04-21",162,2,47,553,3605,0.850208044382802,2100,6485,382,148,45,1094,9,366,33,9
"126","2020-04-22",163,2,58,562,3605,0.850208044382802,2100,6485,382,148,39,1133,16,382,27,16
"127","2020-04-23",172,2,60,585,3605,0.850208044382802,2100,6485,382,148,56,1189,12,394,42,12
"128","2020-04-24",182,2,55,596,3605,0.850208044382802,2100,6485,382,148,43,1232,18,412,29,18
"129","2020-04-25",189,2,46,599,3605,0.850208044382802,2100,6485,382,148,58,1290,10,422,43,10
"130","2020-04-26",183,2,49,617,3605,0.850208044382802,2100,6485,382,148,46,1336,10,432,33,10
"131","2020-04-27",187,2,53,655,3605,0.850208044382802,2100,6485,382,148,52,1388,14,446,38,14
"132","2020-04-28",189,2,43,656,3605,0.850208044382802,2100,6485,382,148,53,1441,8,454,33,8
"133","2020-04-29",195,2,45,685,3605,0.850208044382802,2100,6485,382,148,36,1477,12,466,24,12
"134","2020-04-30",196,2,57,679,3605,0.850208044382802,2100,6485,382,148,45,1522,18,484,35,18
"135","2020-05-01",226,2,60,689,3605,0.850208044382802,2100,6485,382,148,54,1576,16,500,42,16
"136","2020-05-02",233,2,68,690,3605,0.850208044382802,2100,6485,382,148,41,1617,11,511,28,11
"137","2020-05-03",235,2,79,715,3605,0.850208044382802,2100,6485,382,148,48,1665,12,523,31,12
"138","2020-05-04",227,2,72,720,3605,0.850208044382802,2100,6485,382,148,39,1704,15,538,27,15
"139","2020-05-05",218,2,67,726,3605,0.850208044382802,2100,6485,382,148,56,1760,11,549,42,11
"140","2020-05-06",222,2,64,722,3605,0.850208044382802,2100,6485,382,148,58,1818,18,567,47,18
"141","2020-05-07",226,2,51,709,3605,0.850208044382802,2100,6485,382,148,35,1853,15,582,25,15
"142","2020-05-08",237,2,50,731,3605,0.850208044382802,2100,6485,382,148,55,1908,20,602,38,20
"143","2020-05-09",239,2,52,715,3605,0.850208044382802,2100,6485,382,148,44,1952,16,618,30,16
"144","2020-05-10",247,2,61,723,3605,0.850208044382802,2100,6485,382,148,33,1985,14,632,27,14
"145","2020-05-11",252,2,57,724,3605,0.850208044382802,2100,6485,382,148,34,2019,12,644,28,12
"146","2020-05-12",245,2,48,685,3605,0.850208044382802,2100,6485,382,148,44,2063,14,658,34,14
"147","2020-05-13",244,2,40,678,3605,0.850208044382802,2100,6485,382,148,34,2097,23,681,27,23
"148","2020-05-14",228,2,32,664,3605,0.850208044382802,2100,6485,382,148,41,2138,11,692,32,11
"149","2020-05-15",257,2,33,650,3605,0.850208044382802,2100,6485,382,148,22,2160,9,701,17,9
"150","2020-05-16",254,2,35,647,3605,0.850208044382802,2100,6485,382,148,29,2189,12,713,21,12
"151","2020-05-17",233,2,42,639,3605,0.850208044382802,2100,6485,382,148,24,2213,15,728,20,15
"152","2020-05-18",218,2,44,607,3605,0.850208044382802,2100,6485,382,148,21,2234,16,744,17,16
"153","2020-05-19",211,2,35,568,3605,0.850208044382802,2100,6485,382,148,24,2258,15,759,13,15
"154","2020-05-20",198,2,29,556,3605,0.850208044382802,2100,6485,382,148,26,2284,21,780,20,21
"155","2020-05-21",204,2,26,546,3605,0.850208044382802,2100,6485,382,148,27,2311,15,795,20,15
"156","2020-05-22",196,2,25,527,3605,0.850208044382802,2100,6485,382,148,33,2344,16,811,27,16
"157","2020-05-23",190,2,22,505,3605,0.850208044382802,2100,6485,382,148,20,2364,8,819,15,8
"158","2020-05-24",173,2,19,494,3605,0.850208044382802,2100,6485,382,148,24,2388,20,839,14,20
"159","2020-05-25",177,2,22,473,3605,0.850208044382802,2100,6485,382,148,18,2406,15,854,12,15
"160","2020-05-26",166,2,29,448,3605,0.850208044382802,2100,6485,382,148,22,2428,15,869,17,15
"161","2020-05-27",176,2,41,439,3605,0.850208044382802,2100,6485,382,148,18,2446,13,882,13,13
"162","2020-05-28",175,2,41,418,3605,0.850208044382802,2100,6485,382,148,18,2464,11,893,11,11
"163","2020-05-29",167,2,49,407,3605,0.850208044382802,2100,6485,382,148,24,2488,8,901,18,8
"164","2020-05-30",161,2,53,380,3605,0.850208044382802,2100,6485,382,148,16,2504,10,911,7,10
"165","2020-05-31",153,2,49,366,3605,0.850208044382802,2100,6485,382,148,14,2518,14,925,9,14
"166","2020-06-01",142,2,51,356,3605,0.850208044382802,2100,6485,382,148,20,2538,14,939,12,14
"167","2020-06-02",139,2,53,334,3605,0.850208044382802,2100,6485,382,148,20,2558,15,954,14,15
"168","2020-06-03",130,2,54,329,3605,0.850208044382802,2100,6485,382,148,18,2576,11,965,11,11
"169","2020-06-04",122,2,59,313,3605,0.850208044382802,2100,6485,382,148,8,2584,17,982,6,17
"170","2020-06-05",105,2,54,298,3605,0.850208044382802,2100,6485,382,148,13,2597,8,990,11,8
"171","2020-06-06",100,2,52,284,3605,0.850208044382802,2100,6485,382,148,11,2608,14,1004,9,14
"172","2020-06-07",95,2,46,282,3605,0.850208044382802,2100,6485,382,148,10,2618,9,1013,7,9
"173","2020-03-13",1,3,32,27,3260,0.726993865030675,1995,5851,332,565,9,13,6,18,3,6
"174","2020-03-14",2,3,44,41,3260,0.726993865030675,1995,5851,332,565,6,19,6,24,1,6
"175","2020-03-15",5,3,47,56,3260,0.726993865030675,1995,5851,332,565,5,24,2,26,1,2
"176","2020-03-16",7,3,51,67,3260,0.726993865030675,1995,5851,332,565,11,35,7,33,11,7
"177","2020-03-17",8,3,64,82,3260,0.726993865030675,1995,5851,332,565,13,48,10,43,8,10
"178","2020-03-18",12,3,73,107,3260,0.726993865030675,1995,5851,332,565,9,57,9,52,7,9
"179","2020-03-19",14,3,77,122,3260,0.726993865030675,1995,5851,332,565,9,66,10,62,8,10
"180","2020-03-20",19,3,86,149,3260,0.726993865030675,1995,5851,332,565,23,89,7,69,19,7
"181","2020-03-21",38,3,92,166,3260,0.726993865030675,1995,5851,332,565,18,107,14,83,15,14
"182","2020-03-22",40,3,98,193,3260,0.726993865030675,1995,5851,332,565,12,119,4,87,9,4
"183","2020-03-23",38,3,123,220,3260,0.726993865030675,1995,5851,332,565,29,148,8,95,24,8
"184","2020-03-24",49,3,124,242,3260,0.726993865030675,1995,5851,332,565,28,176,7,102,27,7
"185","2020-03-25",54,3,129,258,3260,0.726993865030675,1995,5851,332,565,22,198,9,111,18,9
"186","2020-03-26",62,3,133,275,3260,0.726993865030675,1995,5851,332,565,36,234,4,115,34,4
"187","2020-03-27",75,3,125,290,3260,0.726993865030675,1995,5851,332,565,44,278,8,123,41,8
"188","2020-03-28",88,3,139,314,3260,0.726993865030675,1995,5851,332,565,32,310,7,130,28,7
"189","2020-03-29",88,3,141,317,3260,0.726993865030675,1995,5851,332,565,44,354,8,138,42,8
"190","2020-03-30",90,3,143,330,3260,0.726993865030675,1995,5851,332,565,42,396,8,146,41,8
"191","2020-03-31",86,3,150,331,3260,0.726993865030675,1995,5851,332,565,56,452,11,157,51,11
"192","2020-04-01",84,3,146,343,3260,0.726993865030675,1995,5851,332,565,53,505,16,173,50,16
"193","2020-04-02",88,3,134,362,3260,0.726993865030675,1995,5851,332,565,57,562,10,183,53,10
"194","2020-04-03",101,3,147,383,3260,0.726993865030675,1995,5851,332,565,78,640,7,190,76,7
"195","2020-04-04",92,3,138,383,3260,0.726993865030675,1995,5851,332,565,50,690,14,204,48,14
"196","2020-04-05",104,3,143,396,3260,0.726993865030675,1995,5851,332,565,72,762,14,218,68,14
"197","2020-04-06",112,3,151,398,3260,0.726993865030675,1995,5851,332,565,78,840,7,225,76,7
"198","2020-04-07",119,3,152,417,3260,0.726993865030675,1995,5851,332,565,91,931,13,238,89,13
"199","2020-04-08",124,3,148,430,3260,0.726993865030675,1995,5851,332,565,86,1017,13,251,82,13
"200","2020-04-09",124,3,128,453,3260,0.726993865030675,1995,5851,332,565,104,1121,20,271,95,20
"201","2020-04-10",138,3,133,472,3260,0.726993865030675,1995,5851,332,565,89,1210,12,283,86,12
"202","2020-04-11",153,3,130,484,3260,0.726993865030675,1995,5851,332,565,99,1309,22,305,92,22
"203","2020-04-12",144,3,149,497,3260,0.726993865030675,1995,5851,332,565,113,1422,18,323,109,18
"204","2020-04-13",136,3,161,503,3260,0.726993865030675,1995,5851,332,565,103,1525,15,338,101,15
"205","2020-04-14",134,3,166,510,3260,0.726993865030675,1995,5851,332,565,97,1622,18,356,94,18
"206","2020-04-15",148,3,166,523,3260,0.726993865030675,1995,5851,332,565,101,1723,17,373,95,17
"207","2020-04-16",154,3,159,532,3260,0.726993865030675,1995,5851,332,565,89,1812,12,385,89,12
"208","2020-04-17",174,3,166,538,3260,0.726993865030675,1995,5851,332,565,108,1920,7,392,104,7
"209","2020-04-18",190,3,174,547,3260,0.726993865030675,1995,5851,332,565,114,2034,19,411,110,19
"210","2020-04-19",192,3,169,556,3260,0.726993865030675,1995,5851,332,565,90,2124,11,422,86,11
"211","2020-04-20",187,3,166,561,3260,0.726993865030675,1995,5851,332,565,104,2228,10,432,102,10
"212","2020-04-21",176,3,151,555,3260,0.726993865030675,1995,5851,332,565,107,2335,18,450,105,18
"213","2020-04-22",171,3,149,549,3260,0.726993865030675,1995,5851,332,565,109,2444,9,459,106,9
"214","2020-04-23",174,3,141,537,3260,0.726993865030675,1995,5851,332,565,121,2565,7,466,119,7
"215","2020-04-24",179,3,135,531,3260,0.726993865030675,1995,5851,332,565,111,2676,9,475,109,9
"216","2020-04-25",186,3,132,524,3260,0.726993865030675,1995,5851,332,565,90,2766,8,483,84,8
"217","2020-04-26",173,3,129,525,3260,0.726993865030675,1995,5851,332,565,99,2865,11,494,98,11
"218","2020-04-27",170,3,157,526,3260,0.726993865030675,1995,5851,332,565,125,2990,15,509,120,15
"219","2020-04-28",174,3,166,536,3260,0.726993865030675,1995,5851,332,565,112,3102,21,530,106,21
"220","2020-04-29",174,3,175,538,3260,0.726993865030675,1995,5851,332,565,109,3211,11,541,105,11
"221","2020-04-30",170,3,177,543,3260,0.726993865030675,1995,5851,332,565,95,3306,13,554,93,13
"222","2020-05-01",196,3,191,560,3260,0.726993865030675,1995,5851,332,565,79,3385,16,570,74,16
"223","2020-05-02",191,3,198,558,3260,0.726993865030675,1995,5851,332,565,106,3491,14,584,103,14
"224","2020-05-03",176,3,212,546,3260,0.726993865030675,1995,5851,332,565,65,3556,7,591,62,7
"225","2020-05-04",168,3,212,544,3260,0.726993865030675,1995,5851,332,565,82,3638,10,601,81,10
"226","2020-05-05",176,3,200,528,3260,0.726993865030675,1995,5851,332,565,70,3708,5,606,68,5
"227","2020-05-06",172,3,188,523,3260,0.726993865030675,1995,5851,332,565,74,3782,7,613,73,7
"228","2020-05-07",180,3,171,526,3260,0.726993865030675,1995,5851,332,565,76,3858,7,620,76,7
"229","2020-05-08",165,3,170,526,3260,0.726993865030675,1995,5851,332,565,55,3913,17,637,54,17
"230","2020-05-09",169,3,165,510,3260,0.726993865030675,1995,5851,332,565,67,3980,12,649,66,12
"231","2020-05-10",173,3,161,497,3260,0.726993865030675,1995,5851,332,565,59,4039,23,672,58,23
"232","2020-05-11",180,3,150,508,3260,0.726993865030675,1995,5851,332,565,59,4098,14,686,58,14
"233","2020-05-12",167,3,175,498,3260,0.726993865030675,1995,5851,332,565,40,4138,12,698,38,12
"234","2020-05-13",167,3,180,477,3260,0.726993865030675,1995,5851,332,565,50,4188,13,711,50,13
"235","2020-05-14",164,3,168,468,3260,0.726993865030675,1995,5851,332,565,38,4226,11,722,38,11
"236","2020-05-15",167,3,171,457,3260,0.726993865030675,1995,5851,332,565,37,4263,7,729,35,7
"237","2020-05-16",159,3,171,468,3260,0.726993865030675,1995,5851,332,565,37,4300,15,744,36,15
"238","2020-05-17",161,3,194,461,3260,0.726993865030675,1995,5851,332,565,38,4338,17,761,35,17
"239","2020-05-18",147,3,183,446,3260,0.726993865030675,1995,5851,332,565,36,4374,18,779,36,18
"240","2020-05-19",145,3,169,433,3260,0.726993865030675,1995,5851,332,565,30,4404,16,795,29,16
"241","2020-05-20",142,3,171,422,3260,0.726993865030675,1995,5851,332,565,42,4446,14,809,40,14
"242","2020-05-21",138,3,159,399,3260,0.726993865030675,1995,5851,332,565,29,4475,13,822,27,13
"243","2020-05-22",145,3,147,389,3260,0.726993865030675,1995,5851,332,565,17,4492,6,828,16,6
"244","2020-05-23",148,3,163,382,3260,0.726993865030675,1995,5851,332,565,20,4512,9,837,20,9
"245","2020-05-24",142,3,179,377,3260,0.726993865030675,1995,5851,332,565,21,4533,5,842,19,5
"246","2020-05-25",137,3,188,355,3260,0.726993865030675,1995,5851,332,565,16,4549,10,852,13,10
"247","2020-05-26",133,3,187,353,3260,0.726993865030675,1995,5851,332,565,27,4576,10,862,26,10
"248","2020-05-27",128,3,168,342,3260,0.726993865030675,1995,5851,332,565,22,4598,9,871,19,9
"249","2020-05-28",128,3,166,323,3260,0.726993865030675,1995,5851,332,565,22,4620,14,885,21,14
"250","2020-05-29",128,3,168,315,3260,0.726993865030675,1995,5851,332,565,19,4639,7,892,18,7
"251","2020-05-30",120,3,166,306,3260,0.726993865030675,1995,5851,332,565,12,4651,7,899,11,7
"252","2020-05-31",114,3,153,307,3260,0.726993865030675,1995,5851,332,565,22,4673,10,909,21,10
"253","2020-06-01",108,3,138,301,3260,0.726993865030675,1995,5851,332,565,20,4693,10,919,20,10
"254","2020-06-02",102,3,145,284,3260,0.726993865030675,1995,5851,332,565,14,4707,8,927,14,8
"255","2020-06-03",100,3,152,263,3260,0.726993865030675,1995,5851,332,565,18,4725,8,935,18,8
"256","2020-06-04",89,3,140,244,3260,0.726993865030675,1995,5851,332,565,11,4736,8,943,9,8
"257","2020-06-05",86,3,143,223,3260,0.726993865030675,1995,5851,332,565,16,4752,13,956,14,13
"258","2020-06-06",85,3,148,209,3260,0.726993865030675,1995,5851,332,565,14,4766,11,967,12,11
"259","2020-06-07",72,3,140,200,3260,0.726993865030675,1995,5851,332,565,6,4772,9,976,6,9
"260","2020-03-13",1,4,20,14,2992,0.850935828877005,1995,5130,261,200,17,40,4,26,6,4
"261","2020-03-14",3,4,18,18,2992,0.850935828877005,1995,5130,261,200,10,50,4,30,7,4
"262","2020-03-15",5,4,17,28,2992,0.850935828877005,1995,5130,261,200,19,69,15,45,10,15
"263","2020-03-16",8,4,23,38,2992,0.850935828877005,1995,5130,261,200,21,90,5,50,13,5
"264","2020-03-17",8,4,23,41,2992,0.850935828877005,1995,5130,261,200,23,113,2,52,14,2
"265","2020-03-18",9,4,34,49,2992,0.850935828877005,1995,5130,261,200,32,145,2,54,16,2
"266","2020-03-19",10,4,25,58,2992,0.850935828877005,1995,5130,261,200,27,172,7,61,17,7
"267","2020-03-20",10,4,23,66,2992,0.850935828877005,1995,5130,261,200,20,192,3,64,14,3
"268","2020-03-21",14,4,24,73,2992,0.850935828877005,1995,5130,261,200,25,217,2,66,14,2
"269","2020-03-22",17,4,26,77,2992,0.850935828877005,1995,5130,261,200,34,251,15,81,18,15
"270","2020-03-23",16,4,32,93,2992,0.850935828877005,1995,5130,261,200,27,278,16,97,20,16
"271","2020-03-24",20,4,28,101,2992,0.850935828877005,1995,5130,261,200,26,304,15,112,18,15
"272","2020-03-25",21,4,26,108,2992,0.850935828877005,1995,5130,261,200,36,340,24,136,23,24
"273","2020-03-26",24,4,29,123,2992,0.850935828877005,1995,5130,261,200,37,377,32,168,28,32
"274","2020-03-27",28,4,31,136,2992,0.850935828877005,1995,5130,261,200,35,412,11,179,24,11
"275","2020-03-28",30,4,46,149,2992,0.850935828877005,1995,5130,261,200,42,454,12,191,33,12
"276","2020-03-29",38,4,46,163,2992,0.850935828877005,1995,5130,261,200,34,488,11,202,19,11
"277","2020-03-30",40,4,38,177,2992,0.850935828877005,1995,5130,261,200,31,519,24,226,19,24
"278","2020-03-31",34,4,32,195,2992,0.850935828877005,1995,5130,261,200,35,554,37,263,18,37
"279","2020-04-01",40,4,32,207,2992,0.850935828877005,1995,5130,261,200,39,593,21,284,28,21
"280","2020-04-02",46,4,39,212,2992,0.850935828877005,1995,5130,261,200,34,627,14,298,20,14
"281","2020-04-03",59,4,39,226,2992,0.850935828877005,1995,5130,261,200,36,663,6,304,15,6
"282","2020-04-04",72,4,40,254,2992,0.850935828877005,1995,5130,261,200,40,703,12,316,31,12
"283","2020-04-05",76,4,30,264,2992,0.850935828877005,1995,5130,261,200,41,744,15,331,32,15
"284","2020-04-06",74,4,31,285,2992,0.850935828877005,1995,5130,261,200,37,781,10,341,25,10
"285","2020-04-07",87,4,28,296,2992,0.850935828877005,1995,5130,261,200,34,815,31,372,25,31
"286","2020-04-08",85,4,33,311,2992,0.850935828877005,1995,5130,261,200,51,866,30,402,32,30
"287","2020-04-09",84,4,52,316,2992,0.850935828877005,1995,5130,261,200,43,909,15,417,30,15
"288","2020-04-10",90,4,48,340,2992,0.850935828877005,1995,5130,261,200,44,953,12,429,34,12
"289","2020-04-11",91,4,42,360,2992,0.850935828877005,1995,5130,261,200,45,998,16,445,34,16
"290","2020-04-12",112,4,36,384,2992,0.850935828877005,1995,5130,261,200,53,1051,12,457,38,12
"291","2020-04-13",113,4,33,385,2992,0.850935828877005,1995,5130,261,200,37,1088,10,467,28,10
"292","2020-04-14",107,4,36,404,2992,0.850935828877005,1995,5130,261,200,42,1130,15,482,24,15
"293","2020-04-15",118,4,41,415,2992,0.850935828877005,1995,5130,261,200,43,1173,7,489,33,7
"294","2020-04-16",124,4,38,425,2992,0.850935828877005,1995,5130,261,200,38,1211,31,520,27,31
"295","2020-04-17",146,4,27,444,2992,0.850935828877005,1995,5130,261,200,39,1250,28,548,29,28
"296","2020-04-18",149,4,33,471,2992,0.850935828877005,1995,5130,261,200,59,1309,22,570,38,22
"297","2020-04-19",131,4,42,477,2992,0.850935828877005,1995,5130,261,200,43,1352,35,605,34,35
"298","2020-04-20",134,4,42,487,2992,0.850935828877005,1995,5130,261,200,39,1391,53,658,29,53
"299","2020-04-21",126,4,39,519,2992,0.850935828877005,1995,5130,261,200,32,1423,31,689,23,31
"300","2020-04-22",125,4,53,523,2992,0.850935828877005,1995,5130,261,200,47,1470,22,711,31,22
"301","2020-04-23",134,4,49,534,2992,0.850935828877005,1995,5130,261,200,40,1510,30,741,26,30
"302","2020-04-24",144,4,57,541,2992,0.850935828877005,1995,5130,261,200,40,1550,12,753,26,12
"303","2020-04-25",150,4,54,557,2992,0.850935828877005,1995,5130,261,200,46,1596,13,766,34,13
"304","2020-04-26",185,4,62,553,2992,0.850935828877005,1995,5130,261,200,42,1638,15,781,20,15
"305","2020-04-27",203,4,73,559,2992,0.850935828877005,1995,5130,261,200,48,1686,16,797,37,16
"306","2020-04-28",200,4,81,586,2992,0.850935828877005,1995,5130,261,200,48,1734,6,803,33,6
"307","2020-04-29",203,4,76,596,2992,0.850935828877005,1995,5130,261,200,39,1773,9,812,21,9
"308","2020-04-30",205,4,69,601,2992,0.850935828877005,1995,5130,261,200,44,1817,11,823,25,11
"309","2020-05-01",217,4,72,596,2992,0.850935828877005,1995,5130,261,200,40,1857,14,837,26,14
"310","2020-05-02",250,4,80,599,2992,0.850935828877005,1995,5130,261,200,25,1882,9,846,16,9
"311","2020-05-03",212,4,80,581,2992,0.850935828877005,1995,5130,261,200,35,1917,3,849,23,3
"312","2020-05-04",191,4,76,601,2992,0.850935828877005,1995,5130,261,200,30,1947,9,858,16,9
"313","2020-05-05",193,4,68,585,2992,0.850935828877005,1995,5130,261,200,34,1981,10,868,21,10
"314","2020-05-06",197,4,55,581,2992,0.850935828877005,1995,5130,261,200,32,2013,9,877,22,9
"315","2020-05-07",186,4,58,588,2992,0.850935828877005,1995,5130,261,200,35,2048,2,879,21,2
"316","2020-05-08",205,4,61,581,2992,0.850935828877005,1995,5130,261,200,29,2077,23,902,16,23
"317","2020-05-09",216,4,65,579,2992,0.850935828877005,1995,5130,261,200,37,2114,30,932,25,30
"318","2020-05-10",193,4,65,582,2992,0.850935828877005,1995,5130,261,200,28,2142,18,950,21,18
"319","2020-05-11",200,4,56,561,2992,0.850935828877005,1995,5130,261,200,32,2174,29,979,20,29
"320","2020-05-12",195,4,48,554,2992,0.850935828877005,1995,5130,261,200,33,2207,37,1016,25,37
"321","2020-05-13",198,4,48,551,2992,0.850935828877005,1995,5130,261,200,33,2240,19,1035,24,19
"322","2020-05-14",204,4,50,522,2992,0.850935828877005,1995,5130,261,200,26,2266,20,1055,16,20
"323","2020-05-15",203,4,51,507,2992,0.850935828877005,1995,5130,261,200,39,2305,29,1084,32,29
"324","2020-05-16",165,4,51,506,2992,0.850935828877005,1995,5130,261,200,32,2337,11,1095,23,11
"325","2020-05-17",177,4,48,493,2992,0.850935828877005,1995,5130,261,200,34,2371,18,1113,21,18
"326","2020-05-18",163,4,49,474,2992,0.850935828877005,1995,5130,261,200,21,2392,17,1130,13,17
"327","2020-05-19",165,4,50,467,2992,0.850935828877005,1995,5130,261,200,37,2429,15,1145,23,15
"328","2020-05-20",162,4,47,457,2992,0.850935828877005,1995,5130,261,200,20,2449,10,1155,12,10
"329","2020-05-21",160,4,43,429,2992,0.850935828877005,1995,5130,261,200,22,2471,25,1180,14,25
"330","2020-05-22",155,4,38,421,2992,0.850935828877005,1995,5130,261,200,27,2498,18,1198,14,18
"331","2020-05-23",162,4,28,403,2992,0.850935828877005,1995,5130,261,200,25,2523,23,1221,15,23
"332","2020-05-24",148,4,36,395,2992,0.850935828877005,1995,5130,261,200,19,2542,7,1228,15,7
"333","2020-05-25",148,4,38,374,2992,0.850935828877005,1995,5130,261,200,22,2564,9,1237,15,9
"334","2020-05-26",138,4,43,360,2992,0.850935828877005,1995,5130,261,200,23,2587,11,1248,15,11
"335","2020-05-27",129,4,42,330,2992,0.850935828877005,1995,5130,261,200,15,2602,3,1251,10,3
"336","2020-05-28",121,4,45,314,2992,0.850935828877005,1995,5130,261,200,18,2620,5,1256,11,5
"337","2020-05-29",115,4,38,309,2992,0.850935828877005,1995,5130,261,200,17,2637,20,1276,11,20
"338","2020-05-30",107,4,33,312,2992,0.850935828877005,1995,5130,261,200,14,2651,13,1289,11,13
"339","2020-05-31",106,4,36,298,2992,0.850935828877005,1995,5130,261,200,21,2672,18,1307,15,18
"340","2020-06-01",94,4,37,286,2992,0.850935828877005,1995,5130,261,200,18,2690,30,1337,16,30
"341","2020-06-02",89,4,35,267,2992,0.850935828877005,1995,5130,261,200,11,2701,23,1360,11,23
"342","2020-06-03",86,4,39,264,2992,0.850935828877005,1995,5130,261,200,15,2716,27,1387,8,27
"343","2020-06-04",90,4,35,254,2992,0.850935828877005,1995,5130,261,200,15,2731,27,1414,11,27
"344","2020-06-05",88,4,39,244,2992,0.850935828877005,1995,5130,261,200,13,2744,18,1432,9,18
"345","2020-06-06",92,4,40,240,2992,0.850935828877005,1995,5130,261,200,11,2755,9,1441,9,9
"346","2020-06-07",84,4,42,228,2992,0.850935828877005,1995,5130,261,200,14,2769,11,1452,9,11
"347","2020-03-13",1,5,12,21,3291,0.820419325432999,1980,6002,384,168,5,14,8,15,2,8
"348","2020-03-14",2,5,13,26,3291,0.820419325432999,1980,6002,384,168,4,18,NA,NA,1,NA
"349","2020-03-15",2,5,14,34,3291,0.820419325432999,1980,6002,384,168,8,26,4,19,6,4
"350","2020-03-16",1,5,15,41,3291,0.820419325432999,1980,6002,384,168,5,31,2,21,2,2
"351","2020-03-17",2,5,21,56,3291,0.820419325432999,1980,6002,384,168,8,39,4,25,6,4
"352","2020-03-18",2,5,24,63,3291,0.820419325432999,1980,6002,384,168,5,44,3,28,3,3
"353","2020-03-19",4,5,19,79,3291,0.820419325432999,1980,6002,384,168,11,55,6,34,7,6
"354","2020-03-20",9,5,19,92,3291,0.820419325432999,1980,6002,384,168,16,71,4,38,12,4
"355","2020-03-21",20,5,20,116,3291,0.820419325432999,1980,6002,384,168,11,82,5,43,10,5
"356","2020-03-22",22,5,17,133,3291,0.820419325432999,1980,6002,384,168,18,100,5,48,13,5
"357","2020-03-23",25,5,17,149,3291,0.820419325432999,1980,6002,384,168,15,115,11,59,13,11
"358","2020-03-24",33,5,12,167,3291,0.820419325432999,1980,6002,384,168,21,136,7,66,17,7
"359","2020-03-25",42,5,9,186,3291,0.820419325432999,1980,6002,384,168,24,160,4,70,23,4
"360","2020-03-26",46,5,17,205,3291,0.820419325432999,1980,6002,384,168,25,185,9,79,22,9
"361","2020-03-27",59,5,20,215,3291,0.820419325432999,1980,6002,384,168,33,218,8,87,27,8
"362","2020-03-28",57,5,22,250,3291,0.820419325432999,1980,6002,384,168,35,253,9,96,33,9
"363","2020-03-29",75,5,23,262,3291,0.820419325432999,1980,6002,384,168,28,281,8,104,26,8
"364","2020-03-30",82,5,27,283,3291,0.820419325432999,1980,6002,384,168,39,320,7,111,37,7
"365","2020-03-31",82,5,22,301,3291,0.820419325432999,1980,6002,384,168,53,373,6,117,50,6
"366","2020-04-01",85,5,18,318,3291,0.820419325432999,1980,6002,384,168,48,421,9,126,41,9
"367","2020-04-02",88,5,17,322,3291,0.820419325432999,1980,6002,384,168,61,482,13,139,55,13
"368","2020-04-03",101,5,23,339,3291,0.820419325432999,1980,6002,384,168,61,543,16,155,56,16
"369","2020-04-04",114,5,16,352,3291,0.820419325432999,1980,6002,384,168,69,612,24,179,65,24
"370","2020-04-05",102,5,22,357,3291,0.820419325432999,1980,6002,384,168,60,672,15,194,57,15
"371","2020-04-06",102,5,35,384,3291,0.820419325432999,1980,6002,384,168,74,746,16,210,72,16
"372","2020-04-07",102,5,44,405,3291,0.820419325432999,1980,6002,384,168,91,837,14,224,88,14
"373","2020-04-08",104,5,49,435,3291,0.820419325432999,1980,6002,384,168,87,924,15,239,86,15
"374","2020-04-09",118,5,45,452,3291,0.820419325432999,1980,6002,384,168,97,1021,14,253,93,14
"375","2020-04-10",140,5,50,473,3291,0.820419325432999,1980,6002,384,168,105,1126,18,271,102,18
"376","2020-04-11",148,5,42,494,3291,0.820419325432999,1980,6002,384,168,114,1240,10,281,112,10
"377","2020-04-12",155,5,41,519,3291,0.820419325432999,1980,6002,384,168,110,1350,19,300,103,19
"378","2020-04-13",150,5,46,542,3291,0.820419325432999,1980,6002,384,168,121,1471,22,322,120,22
"379","2020-04-14",161,5,42,554,3291,0.820419325432999,1980,6002,384,168,98,1569,26,348,92,26
"380","2020-04-15",168,5,45,571,3291,0.820419325432999,1980,6002,384,168,149,1718,23,371,146,23
"381","2020-04-16",163,5,55,585,3291,0.820419325432999,1980,6002,384,168,135,1853,22,393,130,22
"382","2020-04-17",163,5,54,591,3291,0.820419325432999,1980,6002,384,168,143,1996,13,406,142,13
"383","2020-04-18",197,5,53,617,3291,0.820419325432999,1980,6002,384,168,147,2143,26,432,144,26
"384","2020-04-19",201,5,55,616,3291,0.820419325432999,1980,6002,384,168,164,2307,23,455,161,23
"385","2020-04-20",205,5,60,634,3291,0.820419325432999,1980,6002,384,168,118,2425,16,471,116,16
"386","2020-04-21",203,5,50,630,3291,0.820419325432999,1980,6002,384,168,134,2559,32,503,131,32
"387","2020-04-22",202,5,51,648,3291,0.820419325432999,1980,6002,384,168,159,2718,28,531,159,28
"388","2020-04-23",200,5,47,644,3291,0.820419325432999,1980,6002,384,168,136,2854,27,558,134,27
"389","2020-04-24",254,5,36,640,3291,0.820419325432999,1980,6002,384,168,114,2968,18,576,113,18
"390","2020-04-25",239,5,41,640,3291,0.820419325432999,1980,6002,384,168,127,3095,27,603,126,27
"391","2020-04-26",221,5,36,643,3291,0.820419325432999,1980,6002,384,168,124,3219,35,638,120,35
"392","2020-04-27",229,5,51,663,3291,0.820419325432999,1980,6002,384,168,146,3365,29,667,142,29
"393","2020-04-28",213,5,55,661,3291,0.820419325432999,1980,6002,384,168,99,3464,27,694,97,27
"394","2020-04-29",216,5,55,659,3291,0.820419325432999,1980,6002,384,168,92,3556,22,716,89,22
"395","2020-04-30",222,5,54,660,3291,0.820419325432999,1980,6002,384,168,94,3650,33,749,91,33
"396","2020-05-01",220,5,48,667,3291,0.820419325432999,1980,6002,384,168,84,3734,32,781,79,32
"397","2020-05-02",219,5,48,656,3291,0.820419325432999,1980,6002,384,168,102,3836,35,816,97,35
"398","2020-05-03",220,5,47,635,3291,0.820419325432999,1980,6002,384,168,79,3915,21,837,76,21
"399","2020-05-04",209,5,48,630,3291,0.820419325432999,1980,6002,384,168,99,4014,27,864,97,27
"400","2020-05-05",220,5,53,634,3291,0.820419325432999,1980,6002,384,168,82,4096,38,902,74,38
"401","2020-05-06",219,5,60,620,3291,0.820419325432999,1980,6002,384,168,91,4187,20,922,90,20
"402","2020-05-07",218,5,62,598,3291,0.820419325432999,1980,6002,384,168,70,4257,24,946,69,24
"403","2020-05-08",236,5,59,580,3291,0.820419325432999,1980,6002,384,168,66,4323,26,972,62,26
"404","2020-05-09",224,5,57,557,3291,0.820419325432999,1980,6002,384,168,54,4377,20,992,54,20
"405","2020-05-10",208,5,59,543,3291,0.820419325432999,1980,6002,384,168,54,4431,21,1013,53,21
"406","2020-05-11",207,5,57,526,3291,0.820419325432999,1980,6002,384,168,41,4472,14,1027,39,14
"407","2020-05-12",187,5,55,525,3291,0.820419325432999,1980,6002,384,168,66,4538,15,1042,64,15
"408","2020-05-13",186,5,45,509,3291,0.820419325432999,1980,6002,384,168,59,4597,16,1058,57,16
"409","2020-05-14",183,5,46,505,3291,0.820419325432999,1980,6002,384,168,47,4644,31,1089,46,31
"410","2020-05-15",174,5,55,484,3291,0.820419325432999,1980,6002,384,168,39,4683,24,1113,38,24
"411","2020-05-16",172,5,64,474,3291,0.820419325432999,1980,6002,384,168,42,4725,17,1130,40,17
"412","2020-05-17",166,5,61,451,3291,0.820419325432999,1980,6002,384,168,34,4759,33,1163,34,33
"413","2020-05-18",158,5,60,441,3291,0.820419325432999,1980,6002,384,168,34,4793,22,1185,32,22
"414","2020-05-19",150,5,60,405,3291,0.820419325432999,1980,6002,384,168,29,4822,13,1198,28,13
"415","2020-05-20",145,5,56,401,3291,0.820419325432999,1980,6002,384,168,29,4851,18,1216,28,18
"416","2020-05-21",134,5,51,390,3291,0.820419325432999,1980,6002,384,168,28,4879,14,1230,26,14
"417","2020-05-22",124,5,42,363,3291,0.820419325432999,1980,6002,384,168,25,4904,17,1247,23,17
"418","2020-05-23",126,5,40,356,3291,0.820419325432999,1980,6002,384,168,20,4924,9,1256,19,9
"419","2020-05-24",120,5,40,348,3291,0.820419325432999,1980,6002,384,168,19,4943,11,1267,19,11
"420","2020-05-25",115,5,45,313,3291,0.820419325432999,1980,6002,384,168,19,4962,10,1277,18,10
"421","2020-05-26",103,5,49,285,3291,0.820419325432999,1980,6002,384,168,17,4979,6,1283,17,6
"422","2020-05-27",95,5,42,287,3291,0.820419325432999,1980,6002,384,168,18,4997,11,1294,17,11
"423","2020-05-28",99,5,28,269,3291,0.820419325432999,1980,6002,384,168,16,5013,6,1300,15,6
"424","2020-05-29",89,5,20,257,3291,0.820419325432999,1980,6002,384,168,14,5027,6,1306,14,6
"425","2020-05-30",88,5,16,228,3291,0.820419325432999,1980,6002,384,168,17,5044,7,1313,16,7
"426","2020-05-31",79,5,17,210,3291,0.820419325432999,1980,6002,384,168,15,5059,10,1323,14,10
"427","2020-06-01",84,5,14,204,3291,0.820419325432999,1980,6002,384,168,14,5073,5,1328,14,5
"428","2020-06-02",83,5,13,203,3291,0.820419325432999,1980,6002,384,168,6,5079,9,1337,4,9
"429","2020-06-03",78,5,13,201,3291,0.820419325432999,1980,6002,384,168,15,5094,8,1345,15,8
"430","2020-06-04",74,5,10,200,3291,0.820419325432999,1980,6002,384,168,5,5099,12,1357,4,12
"431","2020-06-05",74,5,13,204,3291,0.820419325432999,1980,6002,384,168,11,5110,9,1366,11,9
"432","2020-06-06",67,5,13,188,3291,0.820419325432999,1980,6002,384,168,3,5113,3,1369,3,3
"433","2020-06-07",66,5,20,175,3291,0.820419325432999,1980,6002,384,168,8,5121,6,1375,7,6
"434","2020-03-07",1,6,0,0,3019,0.844981782047035,2040,5340,396,388,NA,NA,NA,NA,NA,NA
"435","2020-03-08",1,6,0,0,3019,0.844981782047035,2040,5340,396,388,NA,NA,NA,NA,NA,NA
"436","2020-03-09",0,6,0,0,3019,0.844981782047035,2040,5340,396,388,NA,NA,NA,NA,NA,NA
"437","2020-03-10",0,6,0,0,3019,0.844981782047035,2040,5340,396,388,NA,NA,NA,NA,NA,NA
"438","2020-03-11",0,6,0,0,3019,0.844981782047035,2040,5340,396,388,6,6,4,4,NA,4
"439","2020-03-12",0,6,0,0,3019,0.844981782047035,2040,5340,396,388,3,9,3,7,NA,3
"440","2020-03-13",0,6,0,0,3019,0.844981782047035,2040,5340,396,388,10,19,2,9,1,2
"441","2020-03-14",2,6,22,20,3019,0.844981782047035,2040,5340,396,388,7,26,3,12,4,3
"442","2020-03-15",4,6,22,29,3019,0.844981782047035,2040,5340,396,388,12,38,5,17,3,5
"443","2020-03-16",5,6,34,44,3019,0.844981782047035,2040,5340,396,388,9,47,4,21,2,4
"444","2020-03-17",5,6,32,53,3019,0.844981782047035,2040,5340,396,388,15,62,3,24,10,3
"445","2020-03-18",7,6,29,67,3019,0.844981782047035,2040,5340,396,388,13,75,4,28,5,4
"446","2020-03-19",8,6,38,79,3019,0.844981782047035,2040,5340,396,388,10,85,1,29,5,1
"447","2020-03-20",11,6,41,93,3019,0.844981782047035,2040,5340,396,388,11,96,10,39,6,10
"448","2020-03-21",16,6,44,103,3019,0.844981782047035,2040,5340,396,388,18,114,10,49,9,10
"449","2020-03-22",22,6,46,124,3019,0.844981782047035,2040,5340,396,388,27,141,4,53,24,4
"450","2020-03-23",26,6,51,141,3019,0.844981782047035,2040,5340,396,388,25,166,2,55,12,2
"451","2020-03-24",30,6,49,164,3019,0.844981782047035,2040,5340,396,388,23,189,3,58,18,3
"452","2020-03-25",33,6,47,173,3019,0.844981782047035,2040,5340,396,388,27,216,5,63,21,5
"453","2020-03-26",40,6,60,197,3019,0.844981782047035,2040,5340,396,388,24,240,4,67,15,4
"454","2020-03-27",54,6,47,210,3019,0.844981782047035,2040,5340,396,388,25,265,6,73,19,6
"455","2020-03-28",65,6,33,211,3019,0.844981782047035,2040,5340,396,388,30,295,2,75,23,2
"456","2020-03-29",71,6,36,230,3019,0.844981782047035,2040,5340,396,388,25,320,8,83,13,8
"457","2020-03-30",66,6,47,244,3019,0.844981782047035,2040,5340,396,388,28,348,6,89,20,6
"458","2020-03-31",66,6,53,260,3019,0.844981782047035,2040,5340,396,388,40,388,8,97,33,8
"459","2020-04-01",76,6,57,284,3019,0.844981782047035,2040,5340,396,388,25,413,23,120,20,23
"460","2020-04-02",73,6,46,296,3019,0.844981782047035,2040,5340,396,388,41,454,7,127,28,7
"461","2020-04-03",85,6,39,296,3019,0.844981782047035,2040,5340,396,388,35,489,6,133,28,6
"462","2020-04-04",99,6,52,314,3019,0.844981782047035,2040,5340,396,388,38,527,18,151,34,18
"463","2020-04-05",102,6,48,323,3019,0.844981782047035,2040,5340,396,388,35,562,10,161,29,10
"464","2020-04-06",96,6,58,334,3019,0.844981782047035,2040,5340,396,388,58,620,10,171,51,10
"465","2020-04-07",94,6,58,357,3019,0.844981782047035,2040,5340,396,388,49,669,5,176,41,5
"466","2020-04-08",97,6,60,383,3019,0.844981782047035,2040,5340,396,388,49,718,8,184,37,8
"467","2020-04-09",109,6,59,404,3019,0.844981782047035,2040,5340,396,388,44,762,19,203,35,19
"468","2020-04-10",125,6,66,413,3019,0.844981782047035,2040,5340,396,388,49,811,12,215,42,12
"469","2020-04-11",122,6,63,424,3019,0.844981782047035,2040,5340,396,388,58,869,7,222,47,7
"470","2020-04-12",135,6,59,441,3019,0.844981782047035,2040,5340,396,388,47,916,5,227,40,5
"471","2020-04-13",145,6,53,461,3019,0.844981782047035,2040,5340,396,388,64,980,3,230,54,3
"472","2020-04-14",150,6,73,469,3019,0.844981782047035,2040,5340,396,388,60,1040,6,236,50,6
"473","2020-04-15",144,6,66,472,3019,0.844981782047035,2040,5340,396,388,57,1097,4,240,50,4
"474","2020-04-16",150,6,72,486,3019,0.844981782047035,2040,5340,396,388,70,1167,11,251,61,11
"475","2020-04-17",153,6,63,497,3019,0.844981782047035,2040,5340,396,388,56,1223,9,260,46,9
"476","2020-04-18",184,6,69,520,3019,0.844981782047035,2040,5340,396,388,72,1295,8,268,65,8
"477","2020-04-19",167,6,80,527,3019,0.844981782047035,2040,5340,396,388,60,1355,10,278,57,10
"478","2020-04-20",162,6,95,525,3019,0.844981782047035,2040,5340,396,388,82,1437,23,301,74,23
"479","2020-04-21",157,6,89,528,3019,0.844981782047035,2040,5340,396,388,57,1494,24,325,49,24
"480","2020-04-22",163,6,78,540,3019,0.844981782047035,2040,5340,396,388,69,1563,23,348,60,23
"481","2020-04-23",161,6,70,554,3019,0.844981782047035,2040,5340,396,388,87,1650,36,384,74,36
"482","2020-04-24",182,6,49,577,3019,0.844981782047035,2040,5340,396,388,92,1742,28,412,76,28
"483","2020-04-25",168,6,50,581,3019,0.844981782047035,2040,5340,396,388,67,1809,17,429,57,17
"484","2020-04-26",177,6,62,564,3019,0.844981782047035,2040,5340,396,388,79,1888,35,464,67,35
"485","2020-04-27",173,6,73,576,3019,0.844981782047035,2040,5340,396,388,72,1960,27,491,63,27
"486","2020-04-28",169,6,78,572,3019,0.844981782047035,2040,5340,396,388,77,2037,20,511,70,20
"487","2020-04-29",171,6,88,572,3019,0.844981782047035,2040,5340,396,388,64,2101,32,543,57,32
"488","2020-04-30",177,6,92,580,3019,0.844981782047035,2040,5340,396,388,66,2167,34,577,63,34
"489","2020-05-01",179,6,79,586,3019,0.844981782047035,2040,5340,396,388,67,2234,19,596,61,19
"490","2020-05-02",178,6,75,576,3019,0.844981782047035,2040,5340,396,388,71,2305,31,627,63,31
"491","2020-05-03",176,6,57,577,3019,0.844981782047035,2040,5340,396,388,75,2380,21,648,65,21
"492","2020-05-04",179,6,51,571,3019,0.844981782047035,2040,5340,396,388,57,2437,27,675,52,27
"493","2020-05-05",182,6,50,573,3019,0.844981782047035,2040,5340,396,388,65,2502,27,702,60,27
"494","2020-05-06",187,6,61,565,3019,0.844981782047035,2040,5340,396,388,53,2555,18,720,46,18
"495","2020-05-07",189,6,56,564,3019,0.844981782047035,2040,5340,396,388,47,2602,27,747,34,27
"496","2020-05-08",200,6,51,548,3019,0.844981782047035,2040,5340,396,388,65,2667,25,772,62,25
"497","2020-05-09",221,6,52,540,3019,0.844981782047035,2040,5340,396,388,54,2721,23,795,46,23
"498","2020-05-10",195,6,44,539,3019,0.844981782047035,2040,5340,396,388,60,2781,37,832,54,37
"499","2020-05-11",198,6,62,529,3019,0.844981782047035,2040,5340,396,388,55,2836,13,845,51,13
"500","2020-05-12",193,6,64,500,3019,0.844981782047035,2040,5340,396,388,53,2889,20,865,45,20
"501","2020-05-13",180,6,67,497,3019,0.844981782047035,2040,5340,396,388,54,2943,19,884,47,19
"502","2020-05-14",170,6,65,475,3019,0.844981782047035,2040,5340,396,388,44,2987,21,905,34,21
"503","2020-05-15",184,6,58,470,3019,0.844981782047035,2040,5340,396,388,46,3033,17,922,42,17
"504","2020-05-16",166,6,53,451,3019,0.844981782047035,2040,5340,396,388,52,3085,23,945,44,23
"505","2020-05-17",168,6,49,438,3019,0.844981782047035,2040,5340,396,388,41,3126,26,971,35,26
"506","2020-05-18",157,6,54,415,3019,0.844981782047035,2040,5340,396,388,44,3170,24,995,41,24
"507","2020-05-19",154,6,46,388,3019,0.844981782047035,2040,5340,396,388,32,3202,15,1010,24,15
"508","2020-05-20",161,6,38,363,3019,0.844981782047035,2040,5340,396,388,45,3247,14,1024,39,14
"509","2020-05-21",154,6,29,355,3019,0.844981782047035,2040,5340,396,388,29,3276,12,1036,24,12
"510","2020-05-22",144,6,44,349,3019,0.844981782047035,2040,5340,396,388,44,3320,18,1054,39,18
"511","2020-05-23",132,6,58,350,3019,0.844981782047035,2040,5340,396,388,37,3357,16,1070,37,16
"512","2020-05-24",122,6,75,322,3019,0.844981782047035,2040,5340,396,388,32,3389,10,1080,25,10
"513","2020-05-25",117,6,75,314,3019,0.844981782047035,2040,5340,396,388,25,3414,9,1089,22,9
"514","2020-05-26",116,6,72,288,3019,0.844981782047035,2040,5340,396,388,24,3438,7,1096,19,7
"515","2020-05-27",105,6,73,273,3019,0.844981782047035,2040,5340,396,388,27,3465,12,1108,22,12
"516","2020-05-28",103,6,66,271,3019,0.844981782047035,2040,5340,396,388,29,3494,12,1120,24,12
"517","2020-05-29",108,6,68,269,3019,0.844981782047035,2040,5340,396,388,25,3519,18,1138,22,18
"518","2020-05-30",112,6,67,265,3019,0.844981782047035,2040,5340,396,388,20,3539,23,1161,18,23
"519","2020-05-31",103,6,58,246,3019,0.844981782047035,2040,5340,396,388,29,3568,14,1175,27,14
"520","2020-06-01",97,6,51,235,3019,0.844981782047035,2040,5340,396,388,20,3588,17,1192,19,17
"521","2020-06-02",87,6,55,224,3019,0.844981782047035,2040,5340,396,388,25,3613,10,1202,21,10
"522","2020-06-03",85,6,50,213,3019,0.844981782047035,2040,5340,396,388,15,3628,11,1213,14,11
"523","2020-06-04",86,6,56,209,3019,0.844981782047035,2040,5340,396,388,23,3651,13,1226,21,13
"524","2020-06-05",79,6,56,201,3019,0.844981782047035,2040,5340,396,388,13,3664,10,1236,8,10
"525","2020-06-06",79,6,43,208,3019,0.844981782047035,2040,5340,396,388,16,3680,8,1244,13,8
"526","2020-06-07",72,6,46,200,3019,0.844981782047035,2040,5340,396,388,5,3685,14,1258,4,14
"527","2020-03-14",2,7,14,49,2380,0.522689075630252,2055,5113,219,147,3,10,7,17,1,7
"528","2020-03-15",6,7,12,61,2380,0.522689075630252,2055,5113,219,147,4,14,3,20,2,3
"529","2020-03-16",6,7,16,74,2380,0.522689075630252,2055,5113,219,147,1,15,3,23,1,3
"530","2020-03-17",7,7,18,90,2380,0.522689075630252,2055,5113,219,147,10,25,13,36,7,13
"531","2020-03-18",8,7,18,111,2380,0.522689075630252,2055,5113,219,147,5,30,11,47,2,11
"532","2020-03-19",11,7,17,123,2380,0.522689075630252,2055,5113,219,147,8,38,8,55,4,8
"533","2020-03-20",21,7,17,130,2380,0.522689075630252,2055,5113,219,147,5,43,19,74,2,19
"534","2020-03-21",26,7,14,152,2380,0.522689075630252,2055,5113,219,147,8,51,15,89,5,15
"535","2020-03-22",41,7,13,165,2380,0.522689075630252,2055,5113,219,147,8,59,4,93,7,4
"536","2020-03-23",44,7,15,174,2380,0.522689075630252,2055,5113,219,147,15,74,3,96,13,3
"537","2020-03-24",47,7,12,191,2380,0.522689075630252,2055,5113,219,147,19,93,1,97,14,1
"538","2020-03-25",50,7,11,200,2380,0.522689075630252,2055,5113,219,147,13,106,4,101,12,4
"539","2020-03-26",56,7,11,212,2380,0.522689075630252,2055,5113,219,147,23,129,2,103,18,2
"540","2020-03-27",66,7,9,218,2380,0.522689075630252,2055,5113,219,147,17,146,13,116,12,13
"541","2020-03-28",75,7,9,222,2380,0.522689075630252,2055,5113,219,147,22,168,10,126,18,10
"542","2020-03-29",68,7,13,231,2380,0.522689075630252,2055,5113,219,147,25,193,7,133,19,7
"543","2020-03-30",73,7,17,230,2380,0.522689075630252,2055,5113,219,147,31,224,10,143,26,10
"544","2020-03-31",78,7,14,241,2380,0.522689075630252,2055,5113,219,147,39,263,13,156,36,13
"545","2020-04-01",82,7,12,253,2380,0.522689075630252,2055,5113,219,147,39,302,10,166,35,10
"546","2020-04-02",77,7,10,253,2380,0.522689075630252,2055,5113,219,147,46,348,8,174,41,8
"547","2020-04-03",75,7,10,264,2380,0.522689075630252,2055,5113,219,147,33,381,5,179,27,5
"548","2020-04-04",86,7,11,283,2380,0.522689075630252,2055,5113,219,147,54,435,22,201,51,22
"549","2020-04-05",86,7,11,288,2380,0.522689075630252,2055,5113,219,147,55,490,16,217,53,16
"550","2020-04-06",83,7,15,310,2380,0.522689075630252,2055,5113,219,147,55,545,12,229,53,12
"551","2020-04-07",80,7,23,304,2380,0.522689075630252,2055,5113,219,147,66,611,4,233,60,4
"552","2020-04-08",84,7,28,300,2380,0.522689075630252,2055,5113,219,147,63,674,5,238,62,5
"553","2020-04-09",94,7,33,314,2380,0.522689075630252,2055,5113,219,147,63,737,2,240,56,2
"554","2020-04-10",106,7,35,323,2380,0.522689075630252,2055,5113,219,147,55,792,1,241,51,1
"555","2020-04-11",119,7,30,327,2380,0.522689075630252,2055,5113,219,147,89,881,5,246,82,5
"556","2020-04-12",118,7,33,333,2380,0.522689075630252,2055,5113,219,147,71,952,15,261,68,15
"557","2020-04-13",105,7,28,328,2380,0.522689075630252,2055,5113,219,147,74,1026,14,275,73,14
"558","2020-04-14",107,7,21,325,2380,0.522689075630252,2055,5113,219,147,86,1112,8,283,85,8
"559","2020-04-15",111,7,22,331,2380,0.522689075630252,2055,5113,219,147,85,1197,6,289,83,6
"560","2020-04-16",111,7,24,328,2380,0.522689075630252,2055,5113,219,147,86,1283,10,299,80,10
"561","2020-04-17",115,7,24,324,2380,0.522689075630252,2055,5113,219,147,101,1384,3,302,99,3
"562","2020-04-18",112,7,29,324,2380,0.522689075630252,2055,5113,219,147,83,1467,NA,NA,78,NA
"563","2020-04-19",113,7,35,333,2380,0.522689075630252,2055,5113,219,147,74,1541,8,310,71,8
"564","2020-04-20",119,7,40,330,2380,0.522689075630252,2055,5113,219,147,103,1644,14,324,99,14
"565","2020-04-21",118,7,43,346,2380,0.522689075630252,2055,5113,219,147,87,1731,17,341,79,17
"566","2020-04-22",115,7,44,351,2380,0.522689075630252,2055,5113,219,147,98,1829,24,365,95,24
"567","2020-04-23",112,7,54,352,2380,0.522689075630252,2055,5113,219,147,103,1932,20,385,99,20
"568","2020-04-24",122,7,61,365,2380,0.522689075630252,2055,5113,219,147,98,2030,9,394,98,9
"569","2020-04-25",123,7,58,371,2380,0.522689075630252,2055,5113,219,147,111,2141,8,402,108,8
"570","2020-04-26",121,7,55,380,2380,0.522689075630252,2055,5113,219,147,95,2236,16,418,91,16
"571","2020-04-27",117,7,62,389,2380,0.522689075630252,2055,5113,219,147,122,2358,17,435,117,17
"572","2020-04-28",120,7,56,395,2380,0.522689075630252,2055,5113,219,147,98,2456,31,466,95,31
"573","2020-04-29",127,7,49,401,2380,0.522689075630252,2055,5113,219,147,110,2566,22,488,109,22
"574","2020-04-30",130,7,47,394,2380,0.522689075630252,2055,5113,219,147,108,2674,15,503,103,15
"575","2020-05-01",154,7,51,403,2380,0.522689075630252,2055,5113,219,147,91,2765,12,515,89,12
"576","2020-05-02",151,7,45,403,2380,0.522689075630252,2055,5113,219,147,96,2861,14,529,91,14
"577","2020-05-03",144,7,43,402,2380,0.522689075630252,2055,5113,219,147,104,2965,9,538,101,9
"578","2020-05-04",148,7,38,407,2380,0.522689075630252,2055,5113,219,147,95,3060,16,554,93,16
"579","2020-05-05",136,7,41,389,2380,0.522689075630252,2055,5113,219,147,85,3145,28,582,83,28
"580","2020-05-06",132,7,39,384,2380,0.522689075630252,2055,5113,219,147,92,3237,12,594,91,12
"581","2020-05-07",131,7,42,394,2380,0.522689075630252,2055,5113,219,147,91,3328,11,605,91,11
"582","2020-05-08",114,7,37,372,2380,0.522689075630252,2055,5113,219,147,79,3407,17,622,76,17
"583","2020-05-09",117,7,38,359,2380,0.522689075630252,2055,5113,219,147,79,3486,10,632,76,10
"584","2020-05-10",122,7,43,348,2380,0.522689075630252,2055,5113,219,147,90,3576,5,637,87,5
"585","2020-05-11",107,7,36,335,2380,0.522689075630252,2055,5113,219,147,66,3642,11,648,65,11
"586","2020-05-12",100,7,50,338,2380,0.522689075630252,2055,5113,219,147,56,3698,7,655,52,7
"587","2020-05-13",92,7,55,330,2380,0.522689075630252,2055,5113,219,147,62,3760,2,657,59,2
"588","2020-05-14",92,7,62,341,2380,0.522689075630252,2055,5113,219,147,73,3833,2,659,70,2
"589","2020-05-15",90,7,61,336,2380,0.522689075630252,2055,5113,219,147,60,3893,1,660,59,1
"590","2020-05-16",94,7,59,332,2380,0.522689075630252,2055,5113,219,147,73,3966,7,667,69,7
"591","2020-05-17",83,7,56,317,2380,0.522689075630252,2055,5113,219,147,45,4011,6,673,42,6
"592","2020-05-18",91,7,45,324,2380,0.522689075630252,2055,5113,219,147,59,4070,4,677,57,4
"593","2020-05-19",95,7,51,309,2380,0.522689075630252,2055,5113,219,147,42,4112,5,682,40,5
"594","2020-05-20",96,7,49,309,2380,0.522689075630252,2055,5113,219,147,38,4150,4,686,36,4
"595","2020-05-21",96,7,49,308,2380,0.522689075630252,2055,5113,219,147,49,4199,2,688,48,2
"596","2020-05-22",104,7,44,302,2380,0.522689075630252,2055,5113,219,147,27,4226,6,694,26,6
"597","2020-05-23",123,7,45,303,2380,0.522689075630252,2055,5113,219,147,35,4261,4,698,35,4
"598","2020-05-24",121,7,39,307,2380,0.522689075630252,2055,5113,219,147,25,4286,15,713,24,15
"599","2020-05-25",107,7,36,298,2380,0.522689075630252,2055,5113,219,147,29,4315,11,724,26,11
"600","2020-05-26",105,7,29,296,2380,0.522689075630252,2055,5113,219,147,25,4340,11,735,23,11
"601","2020-05-27",106,7,29,275,2380,0.522689075630252,2055,5113,219,147,16,4356,5,740,15,5
"602","2020-05-28",104,7,34,269,2380,0.522689075630252,2055,5113,219,147,26,4382,8,748,24,8
"603","2020-05-29",117,7,36,262,2380,0.522689075630252,2055,5113,219,147,9,4391,3,751,8,3
"604","2020-05-30",106,7,38,253,2380,0.522689075630252,2055,5113,219,147,21,4412,1,752,20,1
"605","2020-05-31",95,7,45,238,2380,0.522689075630252,2055,5113,219,147,17,4429,1,753,15,1
"606","2020-06-01",86,7,44,223,2380,0.522689075630252,2055,5113,219,147,13,4442,8,761,13,8
"607","2020-06-02",84,7,42,209,2380,0.522689075630252,2055,5113,219,147,11,4453,10,771,11,10
"608","2020-06-03",82,7,38,211,2380,0.522689075630252,2055,5113,219,147,12,4465,11,782,10,11
"609","2020-06-04",77,7,33,205,2380,0.522689075630252,2055,5113,219,147,10,4475,3,785,10,3
"610","2020-06-05",68,7,29,189,2380,0.522689075630252,2055,5113,219,147,14,4489,2,787,13,2
"611","2020-06-06",60,7,26,175,2380,0.522689075630252,2055,5113,219,147,11,4500,3,790,10,3
"612","2020-06-07",49,7,22,159,2380,0.522689075630252,2055,5113,219,147,11,4511,NA,NA,11,NA
"613","2020-03-07",1,8,0,0,3187,0.77345465955444,1980,5674,313,575,NA,NA,NA,NA,NA,NA
"614","2020-03-08",1,8,0,0,3187,0.77345465955444,1980,5674,313,575,NA,NA,NA,NA,NA,NA
"615","2020-03-09",0,8,0,0,3187,0.77345465955444,1980,5674,313,575,NA,NA,NA,NA,NA,NA
"616","2020-03-10",0,8,0,0,3187,0.77345465955444,1980,5674,313,575,NA,NA,1,1,NA,1
"617","2020-03-11",0,8,0,0,3187,0.77345465955444,1980,5674,313,575,6,6,1,2,NA,1
"618","2020-03-12",0,8,0,0,3187,0.77345465955444,1980,5674,313,575,8,14,3,5,NA,3
"619","2020-03-13",1,8,33,21,3187,0.77345465955444,1980,5674,313,575,6,20,3,8,1,3
"620","2020-03-14",1,8,39,31,3187,0.77345465955444,1980,5674,313,575,12,32,3,11,4,3
"621","2020-03-15",1,8,38,41,3187,0.77345465955444,1980,5674,313,575,9,41,2,13,4,2
"622","2020-03-16",1,8,47,55,3187,0.77345465955444,1980,5674,313,575,9,50,6,19,6,6
"623","2020-03-17",1,8,62,74,3187,0.77345465955444,1980,5674,313,575,14,64,6,25,2,6
"624","2020-03-18",6,8,58,90,3187,0.77345465955444,1980,5674,313,575,7,71,4,29,2,4
"625","2020-03-19",14,8,52,105,3187,0.77345465955444,1980,5674,313,575,20,91,5,34,11,5
"626","2020-03-20",20,8,66,126,3187,0.77345465955444,1980,5674,313,575,19,110,10,44,11,10
"627","2020-03-21",26,8,82,140,3187,0.77345465955444,1980,5674,313,575,11,121,9,53,6,9
"628","2020-03-22",29,8,78,157,3187,0.77345465955444,1980,5674,313,575,13,134,13,66,8,13
"629","2020-03-23",34,8,65,170,3187,0.77345465955444,1980,5674,313,575,17,151,8,74,11,8
"630","2020-03-24",44,8,68,184,3187,0.77345465955444,1980,5674,313,575,20,171,5,79,7,5
"631","2020-03-25",47,8,78,194,3187,0.77345465955444,1980,5674,313,575,20,191,5,84,12,5
"632","2020-03-26",48,8,80,217,3187,0.77345465955444,1980,5674,313,575,24,215,2,86,17,2
"633","2020-03-27",57,8,87,231,3187,0.77345465955444,1980,5674,313,575,26,241,1,87,17,1
"634","2020-03-28",68,8,92,253,3187,0.77345465955444,1980,5674,313,575,18,259,3,90,14,3
"635","2020-03-29",64,8,102,274,3187,0.77345465955444,1980,5674,313,575,22,281,4,94,14,4
"636","2020-03-30",64,8,101,297,3187,0.77345465955444,1980,5674,313,575,22,303,1,95,11,1
"637","2020-03-31",65,8,106,313,3187,0.77345465955444,1980,5674,313,575,31,334,2,97,21,2
"638","2020-04-01",76,8,118,328,3187,0.77345465955444,1980,5674,313,575,22,356,3,100,19,3
"639","2020-04-02",76,8,123,353,3187,0.77345465955444,1980,5674,313,575,16,372,6,106,11,6
"640","2020-04-03",90,8,117,376,3187,0.77345465955444,1980,5674,313,575,29,401,8,114,21,8
"641","2020-04-04",98,8,122,383,3187,0.77345465955444,1980,5674,313,575,28,429,13,127,20,13
"642","2020-04-05",107,8,141,394,3187,0.77345465955444,1980,5674,313,575,35,464,13,140,27,13
"643","2020-04-06",117,8,135,414,3187,0.77345465955444,1980,5674,313,575,29,493,17,157,18,17
"644","2020-04-07",120,8,137,439,3187,0.77345465955444,1980,5674,313,575,29,522,3,160,21,3
"645","2020-04-08",119,8,132,448,3187,0.77345465955444,1980,5674,313,575,32,554,15,175,24,15
"646","2020-04-09",124,8,137,456,3187,0.77345465955444,1980,5674,313,575,28,582,15,190,19,15
"647","2020-04-10",135,8,130,473,3187,0.77345465955444,1980,5674,313,575,26,608,19,209,17,19
"648","2020-04-11",147,8,123,488,3187,0.77345465955444,1980,5674,313,575,35,643,25,234,27,25
"649","2020-04-12",149,8,100,501,3187,0.77345465955444,1980,5674,313,575,28,671,18,252,18,18
"650","2020-04-13",136,8,115,490,3187,0.77345465955444,1980,5674,313,575,43,714,21,273,29,21
"651","2020-04-14",140,8,109,514,3187,0.77345465955444,1980,5674,313,575,44,758,17,290,36,17
"652","2020-04-15",143,8,127,535,3187,0.77345465955444,1980,5674,313,575,38,796,3,293,25,3
"653","2020-04-16",151,8,120,544,3187,0.77345465955444,1980,5674,313,575,25,821,8,301,14,8
"654","2020-04-17",172,8,116,558,3187,0.77345465955444,1980,5674,313,575,30,851,6,307,21,6
"655","2020-04-18",184,8,119,560,3187,0.77345465955444,1980,5674,313,575,43,894,8,315,34,8
"656","2020-04-19",193,8,120,572,3187,0.77345465955444,1980,5674,313,575,24,918,9,324,17,9
"657","2020-04-20",191,8,126,587,3187,0.77345465955444,1980,5674,313,575,43,961,16,340,28,16
"658","2020-04-21",185,8,126,586,3187,0.77345465955444,1980,5674,313,575,26,987,21,361,22,21
"659","2020-04-22",194,8,126,579,3187,0.77345465955444,1980,5674,313,575,29,1016,17,378,24,17
"660","2020-04-23",191,8,132,594,3187,0.77345465955444,1980,5674,313,575,28,1044,18,396,19,18
"661","2020-04-24",209,8,143,572,3187,0.77345465955444,1980,5674,313,575,32,1076,11,407,18,11
"662","2020-04-25",202,8,144,589,3187,0.77345465955444,1980,5674,313,575,23,1099,12,419,17,12
"663","2020-04-26",190,8,150,579,3187,0.77345465955444,1980,5674,313,575,30,1129,7,426,22,7
"664","2020-04-27",202,8,164,584,3187,0.77345465955444,1980,5674,313,575,28,1157,4,430,18,4
"665","2020-04-28",200,8,166,573,3187,0.77345465955444,1980,5674,313,575,26,1183,7,437,20,7
"666","2020-04-29",190,8,160,590,3187,0.77345465955444,1980,5674,313,575,31,1214,2,439,21,2
"667","2020-04-30",197,8,172,582,3187,0.77345465955444,1980,5674,313,575,27,1241,5,444,21,5
"668","2020-05-01",196,8,183,577,3187,0.77345465955444,1980,5674,313,575,25,1266,2,446,20,2
"669","2020-05-02",197,8,174,582,3187,0.77345465955444,1980,5674,313,575,34,1300,2,448,24,2
"670","2020-05-03",192,8,178,563,3187,0.77345465955444,1980,5674,313,575,28,1328,5,453,21,5
"671","2020-05-04",184,8,170,576,3187,0.77345465955444,1980,5674,313,575,25,1353,9,462,19,9
"672","2020-05-05",183,8,177,570,3187,0.77345465955444,1980,5674,313,575,29,1382,9,471,19,9
"673","2020-05-06",180,8,186,555,3187,0.77345465955444,1980,5674,313,575,34,1416,5,476,20,5
"674","2020-05-07",175,8,177,533,3187,0.77345465955444,1980,5674,313,575,31,1447,4,480,21,4
"675","2020-05-08",189,8,182,515,3187,0.77345465955444,1980,5674,313,575,26,1473,11,491,18,11
"676","2020-05-09",188,8,168,500,3187,0.77345465955444,1980,5674,313,575,32,1505,7,498,27,7
"677","2020-05-10",175,8,156,491,3187,0.77345465955444,1980,5674,313,575,24,1529,3,501,19,3
"678","2020-05-11",166,8,159,481,3187,0.77345465955444,1980,5674,313,575,24,1553,6,507,19,6
"679","2020-05-12",159,8,159,463,3187,0.77345465955444,1980,5674,313,575,33,1586,9,516,25,9
"680","2020-05-13",155,8,148,451,3187,0.77345465955444,1980,5674,313,575,38,1624,8,524,22,8
"681","2020-05-14",144,8,153,442,3187,0.77345465955444,1980,5674,313,575,28,1652,13,537,18,13
"682","2020-05-15",143,8,145,422,3187,0.77345465955444,1980,5674,313,575,22,1674,18,555,17,18
"683","2020-05-16",157,8,162,399,3187,0.77345465955444,1980,5674,313,575,30,1704,9,564,23,9
"684","2020-05-17",140,8,156,376,3187,0.77345465955444,1980,5674,313,575,21,1725,13,577,15,13
"685","2020-05-18",140,8,152,363,3187,0.77345465955444,1980,5674,313,575,23,1748,10,587,17,10
"686","2020-05-19",137,8,138,351,3187,0.77345465955444,1980,5674,313,575,28,1776,5,592,22,5
"687","2020-05-20",136,8,136,329,3187,0.77345465955444,1980,5674,313,575,18,1794,5,597,14,5
"688","2020-05-21",137,8,142,320,3187,0.77345465955444,1980,5674,313,575,24,1818,5,602,15,5
"689","2020-05-22",135,8,136,321,3187,0.77345465955444,1980,5674,313,575,25,1843,8,610,20,8
"690","2020-05-23",120,8,128,305,3187,0.77345465955444,1980,5674,313,575,17,1860,7,617,13,7
"691","2020-05-24",118,8,126,298,3187,0.77345465955444,1980,5674,313,575,32,1892,8,625,23,8
"692","2020-05-25",108,8,118,287,3187,0.77345465955444,1980,5674,313,575,14,1906,5,630,8,5
"693","2020-05-26",107,8,130,269,3187,0.77345465955444,1980,5674,313,575,20,1926,4,634,17,4
"694","2020-05-27",104,8,149,256,3187,0.77345465955444,1980,5674,313,575,24,1950,3,637,17,3
"695","2020-05-28",100,8,162,251,3187,0.77345465955444,1980,5674,313,575,25,1975,8,645,19,8
"696","2020-05-29",98,8,167,249,3187,0.77345465955444,1980,5674,313,575,8,1983,7,652,6,7
"697","2020-05-30",92,8,160,255,3187,0.77345465955444,1980,5674,313,575,14,1997,10,662,12,10
"698","2020-05-31",86,8,137,264,3187,0.77345465955444,1980,5674,313,575,22,2019,4,666,19,4
"699","2020-06-01",85,8,129,246,3187,0.77345465955444,1980,5674,313,575,13,2032,5,671,11,5
"700","2020-06-02",82,8,125,250,3187,0.77345465955444,1980,5674,313,575,15,2047,9,680,10,9
"701","2020-06-03",82,8,117,243,3187,0.77345465955444,1980,5674,313,575,19,2066,16,696,15,16
"702","2020-06-04",82,8,114,245,3187,0.77345465955444,1980,5674,313,575,14,2080,8,704,9,8
"703","2020-06-05",79,8,105,238,3187,0.77345465955444,1980,5674,313,575,9,2089,7,711,5,7
"704","2020-06-06",88,8,113,233,3187,0.77345465955444,1980,5674,313,575,10,2099,3,714,8,3
"705","2020-06-07",72,8,110,222,3187,0.77345465955444,1980,5674,313,575,16,2115,10,724,14,10
"706","2020-03-13",1,9,10,4,5093,0.977616336147654,2070,6799,539,266,3,9,3,7,2,3
"707","2020-03-14",1,9,8,6,5093,0.977616336147654,2070,6799,539,266,7,16,7,14,5,7
"708","2020-03-15",0,9,0,0,5093,0.977616336147654,2070,6799,539,266,4,20,8,22,3,8
"709","2020-03-16",0,9,0,0,5093,0.977616336147654,2070,6799,539,266,4,24,4,26,3,4
"710","2020-03-17",0,9,0,0,5093,0.977616336147654,2070,6799,539,266,8,32,2,28,5,2
"711","2020-03-18",0,9,0,0,5093,0.977616336147654,2070,6799,539,266,8,40,1,29,6,1
"712","2020-03-19",0,9,0,0,5093,0.977616336147654,2070,6799,539,266,4,44,7,36,4,7
"713","2020-03-20",1,9,43,39,5093,0.977616336147654,2070,6799,539,266,9,53,8,44,8,8
"714","2020-03-21",7,9,47,50,5093,0.977616336147654,2070,6799,539,266,5,58,10,54,5,10
"715","2020-03-22",9,9,53,61,5093,0.977616336147654,2070,6799,539,266,9,67,3,57,5,3
"716","2020-03-23",9,9,45,72,5093,0.977616336147654,2070,6799,539,266,15,82,2,59,12,2
"717","2020-03-24",8,9,38,88,5093,0.977616336147654,2070,6799,539,266,11,93,2,61,8,2
"718","2020-03-25",10,9,42,101,5093,0.977616336147654,2070,6799,539,266,10,103,2,63,8,2
"719","2020-03-26",14,9,43,110,5093,0.977616336147654,2070,6799,539,266,15,118,4,67,13,4
"720","2020-03-27",24,9,35,128,5093,0.977616336147654,2070,6799,539,266,18,136,10,77,16,10
"721","2020-03-28",27,9,30,152,5093,0.977616336147654,2070,6799,539,266,25,161,8,85,22,8
"722","2020-03-29",33,9,26,173,5093,0.977616336147654,2070,6799,539,266,28,189,5,90,28,5
"723","2020-03-30",37,9,24,186,5093,0.977616336147654,2070,6799,539,266,28,217,12,102,26,12
"724","2020-03-31",46,9,27,211,5093,0.977616336147654,2070,6799,539,266,24,241,18,120,22,18
"725","2020-04-01",51,9,29,225,5093,0.977616336147654,2070,6799,539,266,36,277,9,129,34,9
"726","2020-04-02",55,9,27,263,5093,0.977616336147654,2070,6799,539,266,31,308,8,137,29,8
"727","2020-04-03",68,9,23,281,5093,0.977616336147654,2070,6799,539,266,35,343,9,146,33,9
"728","2020-04-04",81,9,24,312,5093,0.977616336147654,2070,6799,539,266,52,395,15,161,50,15
"729","2020-04-05",93,9,31,341,5093,0.977616336147654,2070,6799,539,266,42,437,5,166,42,5
"730","2020-04-06",96,9,42,369,5093,0.977616336147654,2070,6799,539,266,43,480,10,176,40,10
"731","2020-04-07",95,9,36,392,5093,0.977616336147654,2070,6799,539,266,64,544,10,186,63,10
"732","2020-04-08",102,9,46,437,5093,0.977616336147654,2070,6799,539,266,55,599,12,198,54,12
"733","2020-04-09",109,9,55,461,5093,0.977616336147654,2070,6799,539,266,53,652,15,213,51,15
"734","2020-04-10",123,9,52,507,5093,0.977616336147654,2070,6799,539,266,82,734,7,220,80,7
"735","2020-04-11",128,9,52,571,5093,0.977616336147654,2070,6799,539,266,64,798,5,225,64,5
"736","2020-04-12",137,9,57,635,5093,0.977616336147654,2070,6799,539,266,91,889,4,229,90,4
"737","2020-04-13",140,9,56,692,5093,0.977616336147654,2070,6799,539,266,92,981,9,238,90,9
"738","2020-04-14",154,9,66,740,5093,0.977616336147654,2070,6799,539,266,117,1098,10,248,116,10
"739","2020-04-15",169,9,63,800,5093,0.977616336147654,2070,6799,539,266,109,1207,5,253,106,5
"740","2020-04-16",182,9,74,855,5093,0.977616336147654,2070,6799,539,266,88,1295,5,258,87,5
"741","2020-04-17",239,9,81,892,5093,0.977616336147654,2070,6799,539,266,97,1392,6,264,95,6
"742","2020-04-18",282,9,96,945,5093,0.977616336147654,2070,6799,539,266,135,1527,6,270,132,6
"743","2020-04-19",283,9,102,984,5093,0.977616336147654,2070,6799,539,266,127,1654,18,288,125,18
"744","2020-04-20",298,9,100,1067,5093,0.977616336147654,2070,6799,539,266,146,1800,15,303,142,15
"745","2020-04-21",302,9,102,1144,5093,0.977616336147654,2070,6799,539,266,129,1929,14,317,128,14
"746","2020-04-22",316,9,112,1228,5093,0.977616336147654,2070,6799,539,266,108,2037,12,329,108,12
"747","2020-04-23",324,9,106,1261,5093,0.977616336147654,2070,6799,539,266,147,2184,7,336,146,7
"748","2020-04-24",391,9,98,1300,5093,0.977616336147654,2070,6799,539,266,143,2327,7,343,141,7
"749","2020-04-25",412,9,98,1362,5093,0.977616336147654,2070,6799,539,266,134,2461,10,353,134,10
"750","2020-04-26",415,9,88,1407,5093,0.977616336147654,2070,6799,539,266,137,2598,7,360,132,7
"751","2020-04-27",421,9,94,1443,5093,0.977616336147654,2070,6799,539,266,142,2740,18,378,138,18
"752","2020-04-28",418,9,76,1455,5093,0.977616336147654,2070,6799,539,266,139,2879,10,388,138,10
"753","2020-04-29",435,9,72,1452,5093,0.977616336147654,2070,6799,539,266,132,3011,7,395,131,7
"754","2020-04-30",455,9,81,1465,5093,0.977616336147654,2070,6799,539,266,148,3159,10,405,145,10
"755","2020-05-01",540,9,80,1461,5093,0.977616336147654,2070,6799,539,266,116,3275,4,409,115,4
"756","2020-05-02",526,9,72,1464,5093,0.977616336147654,2070,6799,539,266,166,3441,16,425,164,16
"757","2020-05-03",504,9,60,1408,5093,0.977616336147654,2070,6799,539,266,121,3562,16,441,119,16
"758","2020-05-04",494,9,57,1346,5093,0.977616336147654,2070,6799,539,266,128,3690,19,460,124,19
"759","2020-05-05",492,9,48,1338,5093,0.977616336147654,2070,6799,539,266,139,3829,25,485,137,25
"760","2020-05-06",485,9,43,1295,5093,0.977616336147654,2070,6799,539,266,104,3933,7,492,103,7
"761","2020-05-07",476,9,45,1235,5093,0.977616336147654,2070,6799,539,266,115,4048,8,500,114,8
"762","2020-05-08",457,9,39,1209,5093,0.977616336147654,2070,6799,539,266,94,4142,10,510,93,10
"763","2020-05-09",439,9,31,1160,5093,0.977616336147654,2070,6799,539,266,85,4227,16,526,84,16
"764","2020-05-10",391,9,37,1101,5093,0.977616336147654,2070,6799,539,266,110,4337,18,544,109,18
"765","2020-05-11",392,9,44,1054,5093,0.977616336147654,2070,6799,539,266,73,4410,18,562,69,18
"766","2020-05-12",379,9,52,1036,5093,0.977616336147654,2070,6799,539,266,77,4487,23,585,76,23
"767","2020-05-13",361,9,61,981,5093,0.977616336147654,2070,6799,539,266,61,4548,23,608,61,23
"768","2020-05-14",352,9,54,923,5093,0.977616336147654,2070,6799,539,266,60,4608,15,623,59,15
"769","2020-05-15",324,9,62,873,5093,0.977616336147654,2070,6799,539,266,76,4684,23,646,75,23
"770","2020-05-16",329,9,64,815,5093,0.977616336147654,2070,6799,539,266,58,4742,21,667,58,21
"771","2020-05-17",295,9,73,758,5093,0.977616336147654,2070,6799,539,266,52,4794,17,684,50,17
"772","2020-05-18",288,9,74,709,5093,0.977616336147654,2070,6799,539,266,58,4852,10,694,58,10
"773","2020-05-19",288,9,78,659,5093,0.977616336147654,2070,6799,539,266,41,4893,8,702,41,8
"774","2020-05-20",271,9,76,595,5093,0.977616336147654,2070,6799,539,266,40,4933,14,716,39,14
"775","2020-05-21",256,9,70,542,5093,0.977616336147654,2070,6799,539,266,51,4984,9,725,49,9
"776","2020-05-22",236,9,66,504,5093,0.977616336147654,2070,6799,539,266,42,5026,11,736,40,11
"777","2020-05-23",226,9,58,465,5093,0.977616336147654,2070,6799,539,266,32,5058,11,747,31,11
"778","2020-05-24",202,9,46,423,5093,0.977616336147654,2070,6799,539,266,28,5086,3,750,28,3
"779","2020-05-25",174,9,58,375,5093,0.977616336147654,2070,6799,539,266,27,5113,4,754,27,4
"780","2020-05-26",157,9,76,334,5093,0.977616336147654,2070,6799,539,266,12,5125,5,759,12,5
"781","2020-05-27",150,9,62,314,5093,0.977616336147654,2070,6799,539,266,15,5140,10,769,13,10
"782","2020-05-28",134,9,57,291,5093,0.977616336147654,2070,6799,539,266,29,5169,8,777,29,8
"783","2020-05-29",108,9,51,280,5093,0.977616336147654,2070,6799,539,266,17,5186,11,788,16,11
"784","2020-05-30",88,9,50,250,5093,0.977616336147654,2070,6799,539,266,17,5203,10,798,17,10
"785","2020-05-31",93,9,43,236,5093,0.977616336147654,2070,6799,539,266,14,5217,8,806,14,8
"786","2020-06-01",91,9,38,226,5093,0.977616336147654,2070,6799,539,266,17,5234,6,812,16,6
"787","2020-06-02",81,9,49,211,5093,0.977616336147654,2070,6799,539,266,12,5246,6,818,12,6
"788","2020-06-03",80,9,44,197,5093,0.977616336147654,2070,6799,539,266,19,5265,5,823,18,5
"789","2020-06-04",82,9,43,188,5093,0.977616336147654,2070,6799,539,266,8,5273,4,827,8,4
"790","2020-06-05",75,9,46,168,5093,0.977616336147654,2070,6799,539,266,10,5283,4,831,10,4
"791","2020-06-06",78,9,48,162,5093,0.977616336147654,2070,6799,539,266,7,5290,9,840,7,9
"792","2020-06-07",63,9,49,153,5093,0.977616336147654,2070,6799,539,266,7,5297,6,846,6,6
"793","2020-03-13",1,10,17,6,5433,0.969998159396282,1995,7098,605,358,9,19,NA,NA,4,NA
"794","2020-03-14",1,10,14,10,5433,0.969998159396282,1995,7098,605,358,10,29,3,10,1,3
"795","2020-03-15",2,10,11,15,5433,0.969998159396282,1995,7098,605,358,6,35,4,14,2,4
"796","2020-03-16",2,10,10,20,5433,0.969998159396282,1995,7098,605,358,6,41,3,17,4,3
"797","2020-03-17",2,10,16,25,5433,0.969998159396282,1995,7098,605,358,8,49,4,21,1,4
"798","2020-03-18",2,10,20,28,5433,0.969998159396282,1995,7098,605,358,17,66,6,27,13,6
"799","2020-03-19",2,10,23,34,5433,0.969998159396282,1995,7098,605,358,11,77,NA,NA,8,NA
"800","2020-03-20",3,10,25,43,5433,0.969998159396282,1995,7098,605,358,18,95,3,30,12,3
"801","2020-03-21",4,10,32,44,5433,0.969998159396282,1995,7098,605,358,19,114,1,31,12,1
"802","2020-03-22",11,10,30,52,5433,0.969998159396282,1995,7098,605,358,17,131,3,34,14,3
"803","2020-03-23",14,10,39,60,5433,0.969998159396282,1995,7098,605,358,20,151,2,36,17,2
"804","2020-03-24",11,10,38,69,5433,0.969998159396282,1995,7098,605,358,25,176,7,43,21,7
"805","2020-03-25",14,10,36,80,5433,0.969998159396282,1995,7098,605,358,20,196,2,45,16,2
"806","2020-03-26",16,10,32,100,5433,0.969998159396282,1995,7098,605,358,22,218,2,47,18,2
"807","2020-03-27",18,10,31,110,5433,0.969998159396282,1995,7098,605,358,32,250,1,48,26,1
"808","2020-03-28",32,10,37,135,5433,0.969998159396282,1995,7098,605,358,25,275,1,49,17,1
"809","2020-03-29",30,10,43,157,5433,0.969998159396282,1995,7098,605,358,26,301,3,52,22,3
"810","2020-03-30",22,10,48,178,5433,0.969998159396282,1995,7098,605,358,36,337,3,55,32,3
"811","2020-03-31",26,10,45,210,5433,0.969998159396282,1995,7098,605,358,41,378,9,64,35,9
"812","2020-04-01",32,10,48,236,5433,0.969998159396282,1995,7098,605,358,26,404,8,72,23,8
"813","2020-04-02",41,10,60,268,5433,0.969998159396282,1995,7098,605,358,19,423,6,78,17,6
"814","2020-04-03",66,10,53,312,5433,0.969998159396282,1995,7098,605,358,42,465,1,79,32,1
"815","2020-04-04",70,10,53,335,5433,0.969998159396282,1995,7098,605,358,28,493,3,82,19,3
"816","2020-04-05",77,10,62,380,5433,0.969998159396282,1995,7098,605,358,36,529,1,83,30,1
"817","2020-04-06",88,10,56,403,5433,0.969998159396282,1995,7098,605,358,42,571,3,86,36,3
"818","2020-04-07",95,10,68,445,5433,0.969998159396282,1995,7098,605,358,35,606,4,90,32,4
"819","2020-04-08",98,10,71,495,5433,0.969998159396282,1995,7098,605,358,38,644,8,98,27,8
"820","2020-04-09",100,10,70,526,5433,0.969998159396282,1995,7098,605,358,41,685,5,103,34,5
"821","2020-04-10",132,10,67,576,5433,0.969998159396282,1995,7098,605,358,38,723,13,116,34,13
"822","2020-04-11",178,10,63,627,5433,0.969998159396282,1995,7098,605,358,33,756,8,124,25,8
"823","2020-04-12",168,10,59,694,5433,0.969998159396282,1995,7098,605,358,50,806,9,133,42,9
"824","2020-04-13",175,10,61,742,5433,0.969998159396282,1995,7098,605,358,56,862,13,146,46,13
"825","2020-04-14",200,10,55,803,5433,0.969998159396282,1995,7098,605,358,49,911,3,149,42,3
"826","2020-04-15",223,10,54,854,5433,0.969998159396282,1995,7098,605,358,45,956,4,153,40,4
"827","2020-04-16",243,10,60,909,5433,0.969998159396282,1995,7098,605,358,51,1007,9,162,48,9
"828","2020-04-17",293,10,69,970,5433,0.969998159396282,1995,7098,605,358,63,1070,4,166,54,4
"829","2020-04-18",344,10,68,1025,5433,0.969998159396282,1995,7098,605,358,52,1122,8,174,47,8
"830","2020-04-19",348,10,62,1083,5433,0.969998159396282,1995,7098,605,358,51,1173,10,184,41,10
"831","2020-04-20",338,10,60,1142,5433,0.969998159396282,1995,7098,605,358,49,1222,7,191,43,7
"832","2020-04-21",337,10,53,1218,5433,0.969998159396282,1995,7098,605,358,67,1289,10,201,54,10
"833","2020-04-22",341,10,53,1276,5433,0.969998159396282,1995,7098,605,358,49,1338,19,220,44,19
"834","2020-04-23",357,10,66,1317,5433,0.969998159396282,1995,7098,605,358,72,1410,10,230,65,10
"835","2020-04-24",470,10,78,1381,5433,0.969998159396282,1995,7098,605,358,62,1472,9,239,55,9
"836","2020-04-25",444,10,78,1411,5433,0.969998159396282,1995,7098,605,358,52,1524,11,250,44,11
"837","2020-04-26",436,10,81,1458,5433,0.969998159396282,1995,7098,605,358,72,1596,6,256,62,6
"838","2020-04-27",449,10,78,1468,5433,0.969998159396282,1995,7098,605,358,79,1675,10,266,60,10
"839","2020-04-28",446,10,79,1479,5433,0.969998159396282,1995,7098,605,358,56,1731,4,270,51,4
"840","2020-04-29",461,10,74,1524,5433,0.969998159396282,1995,7098,605,358,66,1797,9,279,63,9
"841","2020-04-30",474,10,72,1521,5433,0.969998159396282,1995,7098,605,358,57,1854,19,298,49,19
"842","2020-05-01",513,10,74,1521,5433,0.969998159396282,1995,7098,605,358,74,1928,19,317,61,19
"843","2020-05-02",539,10,93,1512,5433,0.969998159396282,1995,7098,605,358,55,1983,12,329,45,12
"844","2020-05-03",510,10,101,1520,5433,0.969998159396282,1995,7098,605,358,78,2061,16,345,71,16
"845","2020-05-04",514,10,109,1478,5433,0.969998159396282,1995,7098,605,358,65,2126,9,354,60,9
"846","2020-05-05",503,10,114,1409,5433,0.969998159396282,1995,7098,605,358,63,2189,8,362,59,8
"847","2020-05-06",498,10,103,1368,5433,0.969998159396282,1995,7098,605,358,65,2254,10,372,62,10
"848","2020-05-07",488,10,114,1329,5433,0.969998159396282,1995,7098,605,358,62,2316,10,382,58,10
"849","2020-05-08",510,10,119,1286,5433,0.969998159396282,1995,7098,605,358,78,2394,11,393,67,11
"850","2020-05-09",491,10,113,1257,5433,0.969998159396282,1995,7098,605,358,53,2447,10,403,45,10
"851","2020-05-10",448,10,100,1203,5433,0.969998159396282,1995,7098,605,358,73,2520,16,419,69,16
"852","2020-05-11",420,10,106,1148,5433,0.969998159396282,1995,7098,605,358,65,2585,10,429,61,10
"853","2020-05-12",429,10,109,1118,5433,0.969998159396282,1995,7098,605,358,32,2617,5,434,27,5
"854","2020-05-13",429,10,115,1059,5433,0.969998159396282,1995,7098,605,358,66,2683,5,439,56,5
"855","2020-05-14",409,10,106,1006,5433,0.969998159396282,1995,7098,605,358,58,2741,4,443,54,4
"856","2020-05-15",357,10,105,961,5433,0.969998159396282,1995,7098,605,358,59,2800,8,451,57,8
"857","2020-05-16",343,10,87,892,5433,0.969998159396282,1995,7098,605,358,54,2854,10,461,46,10
"858","2020-05-17",333,10,76,835,5433,0.969998159396282,1995,7098,605,358,57,2911,10,471,53,10
"859","2020-05-18",326,10,84,798,5433,0.969998159396282,1995,7098,605,358,41,2952,9,480,38,9
"860","2020-05-19",306,10,85,778,5433,0.969998159396282,1995,7098,605,358,26,2978,3,483,24,3
"861","2020-05-20",297,10,80,736,5433,0.969998159396282,1995,7098,605,358,40,3018,1,484,38,1
"862","2020-05-21",292,10,82,673,5433,0.969998159396282,1995,7098,605,358,46,3064,2,486,43,2
"863","2020-05-22",262,10,90,616,5433,0.969998159396282,1995,7098,605,358,32,3096,2,488,29,2
"864","2020-05-23",248,10,85,584,5433,0.969998159396282,1995,7098,605,358,41,3137,3,491,38,3
"865","2020-05-24",236,10,83,539,5433,0.969998159396282,1995,7098,605,358,40,3177,3,494,36,3
"866","2020-05-25",236,10,79,509,5433,0.969998159396282,1995,7098,605,358,40,3217,8,502,33,8
"867","2020-05-26",224,10,79,472,5433,0.969998159396282,1995,7098,605,358,27,3244,8,510,27,8
"868","2020-05-27",207,10,72,441,5433,0.969998159396282,1995,7098,605,358,33,3277,11,521,26,11
"869","2020-05-28",201,10,62,398,5433,0.969998159396282,1995,7098,605,358,32,3309,12,533,28,12
"870","2020-05-29",198,10,70,369,5433,0.969998159396282,1995,7098,605,358,32,3341,13,546,28,13
"871","2020-05-30",195,10,76,340,5433,0.969998159396282,1995,7098,605,358,23,3364,13,559,20,13
"872","2020-05-31",153,10,78,306,5433,0.969998159396282,1995,7098,605,358,29,3393,5,564,23,5
"873","2020-06-01",134,10,71,256,5433,0.969998159396282,1995,7098,605,358,25,3418,11,575,21,11
"874","2020-06-02",121,10,69,228,5433,0.969998159396282,1995,7098,605,358,23,3441,8,583,20,8
"875","2020-06-03",107,10,62,199,5433,0.969998159396282,1995,7098,605,358,25,3466,12,595,21,12
"876","2020-06-04",92,10,52,173,5433,0.969998159396282,1995,7098,605,358,22,3488,14,609,18,14
"877","2020-06-05",82,10,39,155,5433,0.969998159396282,1995,7098,605,358,22,3510,8,617,19,8
"878","2020-06-06",68,10,46,141,5433,0.969998159396282,1995,7098,605,358,21,3531,8,625,19,8
"879","2020-06-07",63,10,53,128,5433,0.969998159396282,1995,7098,605,358,27,3558,5,630,25,5
"880","2020-03-14",1,11,20,36,5274,0.889647326507395,2040,7380,706,340,14,41,13,35,4,13
"881","2020-03-15",4,11,12,41,5274,0.889647326507395,2040,7380,706,340,15,56,8,43,5,8
"882","2020-03-16",6,11,12,51,5274,0.889647326507395,2040,7380,706,340,12,68,12,55,7,12
"883","2020-03-17",5,11,22,67,5274,0.889647326507395,2040,7380,706,340,15,83,23,78,6,23
"884","2020-03-18",7,11,29,82,5274,0.889647326507395,2040,7380,706,340,28,111,21,99,16,21
"885","2020-03-19",8,11,36,103,5274,0.889647326507395,2040,7380,706,340,19,130,22,121,10,22
"886","2020-03-20",13,11,50,117,5274,0.889647326507395,2040,7380,706,340,32,162,17,138,23,17
"887","2020-03-21",33,11,57,131,5274,0.889647326507395,2040,7380,706,340,22,184,20,158,15,20
"888","2020-03-22",33,11,62,159,5274,0.889647326507395,2040,7380,706,340,34,218,18,176,24,18
"889","2020-03-23",24,11,56,187,5274,0.889647326507395,2040,7380,706,340,35,253,31,207,22,31
"890","2020-03-24",32,11,55,219,5274,0.889647326507395,2040,7380,706,340,28,281,21,228,23,21
"891","2020-03-25",38,11,55,252,5274,0.889647326507395,2040,7380,706,340,25,306,24,252,17,24
"892","2020-03-26",45,11,65,278,5274,0.889647326507395,2040,7380,706,340,29,335,22,274,19,22
"893","2020-03-27",74,11,72,326,5274,0.889647326507395,2040,7380,706,340,34,369,24,298,21,24
"894","2020-03-28",87,11,67,371,5274,0.889647326507395,2040,7380,706,340,41,410,37,335,29,37
"895","2020-03-29",96,11,65,414,5274,0.889647326507395,2040,7380,706,340,27,437,35,370,18,35
"896","2020-03-30",104,11,74,452,5274,0.889647326507395,2040,7380,706,340,36,473,32,402,24,32
"897","2020-03-31",114,11,60,495,5274,0.889647326507395,2040,7380,706,340,42,515,31,433,32,31
"898","2020-04-01",118,11,61,541,5274,0.889647326507395,2040,7380,706,340,36,551,31,464,24,31
"899","2020-04-02",128,11,52,606,5274,0.889647326507395,2040,7380,706,340,38,589,18,482,29,18
"900","2020-04-03",147,11,54,658,5274,0.889647326507395,2040,7380,706,340,51,640,32,514,43,32
"901","2020-04-04",156,11,65,729,5274,0.889647326507395,2040,7380,706,340,37,677,24,538,27,24
"902","2020-04-05",211,11,64,783,5274,0.889647326507395,2040,7380,706,340,43,720,25,563,34,25
"903","2020-04-06",227,11,52,839,5274,0.889647326507395,2040,7380,706,340,37,757,28,591,27,28
"904","2020-04-07",214,11,49,877,5274,0.889647326507395,2040,7380,706,340,46,803,34,625,37,34
"905","2020-04-08",228,11,35,930,5274,0.889647326507395,2040,7380,706,340,47,850,33,658,38,33
"906","2020-04-09",240,11,38,984,5274,0.889647326507395,2040,7380,706,340,49,899,22,680,33,22
"907","2020-04-10",311,11,43,1041,5274,0.889647326507395,2040,7380,706,340,53,952,24,704,41,24
"908","2020-04-11",323,11,54,1124,5274,0.889647326507395,2040,7380,706,340,46,998,25,729,32,25
"909","2020-04-12",325,11,68,1177,5274,0.889647326507395,2040,7380,706,340,58,1056,32,761,44,32
"910","2020-04-13",344,11,64,1211,5274,0.889647326507395,2040,7380,706,340,54,1110,38,799,42,38
"911","2020-04-14",342,11,59,1267,5274,0.889647326507395,2040,7380,706,340,50,1160,42,841,41,42
"912","2020-04-15",358,11,57,1310,5274,0.889647326507395,2040,7380,706,340,51,1211,30,871,41,30
"913","2020-04-16",375,11,76,1370,5274,0.889647326507395,2040,7380,706,340,57,1268,30,901,48,30
"914","2020-04-17",466,11,93,1415,5274,0.889647326507395,2040,7380,706,340,48,1316,36,937,34,36
"915","2020-04-18",509,11,88,1411,5274,0.889647326507395,2040,7380,706,340,52,1368,41,978,36,41
"916","2020-04-19",478,11,87,1438,5274,0.889647326507395,2040,7380,706,340,43,1411,23,1001,31,23
"917","2020-04-20",471,11,96,1440,5274,0.889647326507395,2040,7380,706,340,56,1467,22,1023,44,22
"918","2020-04-21",474,11,95,1444,5274,0.889647326507395,2040,7380,706,340,53,1520,20,1043,41,20
"919","2020-04-22",474,11,111,1444,5274,0.889647326507395,2040,7380,706,340,43,1563,26,1069,34,26
"920","2020-04-23",487,11,129,1419,5274,0.889647326507395,2040,7380,706,340,41,1604,20,1089,35,20
"921","2020-04-24",482,11,116,1432,5274,0.889647326507395,2040,7380,706,340,50,1654,17,1106,37,17
"922","2020-04-25",462,11,97,1422,5274,0.889647326507395,2040,7380,706,340,48,1702,25,1131,41,25
"923","2020-04-26",440,11,98,1382,5274,0.889647326507395,2040,7380,706,340,50,1752,23,1154,38,23
"924","2020-04-27",448,11,108,1365,5274,0.889647326507395,2040,7380,706,340,44,1796,40,1194,38,40
"925","2020-04-28",428,11,114,1327,5274,0.889647326507395,2040,7380,706,340,54,1850,25,1219,39,25
"926","2020-04-29",427,11,116,1296,5274,0.889647326507395,2040,7380,706,340,46,1896,33,1252,37,33
"927","2020-04-30",418,11,117,1224,5274,0.889647326507395,2040,7380,706,340,51,1947,41,1293,41,41
"928","2020-05-01",447,11,111,1181,5274,0.889647326507395,2040,7380,706,340,60,2007,44,1337,46,44
"929","2020-05-02",444,11,100,1137,5274,0.889647326507395,2040,7380,706,340,54,2061,43,1380,35,43
"930","2020-05-03",423,11,87,1086,5274,0.889647326507395,2040,7380,706,340,41,2102,38,1418,30,38
"931","2020-05-04",404,11,78,1043,5274,0.889647326507395,2040,7380,706,340,50,2152,41,1459,40,41
"932","2020-05-05",387,11,82,1004,5274,0.889647326507395,2040,7380,706,340,41,2193,36,1495,28,36
"933","2020-05-06",386,11,82,940,5274,0.889647326507395,2040,7380,706,340,42,2235,21,1516,32,21
"934","2020-05-07",376,11,90,907,5274,0.889647326507395,2040,7380,706,340,51,2286,27,1543,42,27
"935","2020-05-08",370,11,81,857,5274,0.889647326507395,2040,7380,706,340,52,2338,27,1570,40,27
"936","2020-05-09",354,11,77,793,5274,0.889647326507395,2040,7380,706,340,36,2374,23,1593,27,23
"937","2020-05-10",325,11,67,746,5274,0.889647326507395,2040,7380,706,340,33,2407,32,1625,21,32
"938","2020-05-11",301,11,68,672,5274,0.889647326507395,2040,7380,706,340,53,2460,25,1650,37,25
"939","2020-05-12",287,11,66,636,5274,0.889647326507395,2040,7380,706,340,43,2503,40,1690,35,40
"940","2020-05-13",268,11,61,583,5274,0.889647326507395,2040,7380,706,340,38,2541,35,1725,28,35
"941","2020-05-14",253,11,61,528,5274,0.889647326507395,2040,7380,706,340,38,2579,30,1755,29,30
"942","2020-05-15",203,11,68,483,5274,0.889647326507395,2040,7380,706,340,26,2605,31,1786,24,31
"943","2020-05-16",200,11,66,441,5274,0.889647326507395,2040,7380,706,340,49,2654,27,1813,35,27
"944","2020-05-17",176,11,63,412,5274,0.889647326507395,2040,7380,706,340,30,2684,44,1857,23,44
"945","2020-05-18",166,11,52,384,5274,0.889647326507395,2040,7380,706,340,32,2716,27,1884,27,27
"946","2020-05-19",156,11,61,343,5274,0.889647326507395,2040,7380,706,340,39,2755,19,1903,30,19
"947","2020-05-20",143,11,64,315,5274,0.889647326507395,2040,7380,706,340,27,2782,35,1938,18,35
"948","2020-05-21",128,11,63,293,5274,0.889647326507395,2040,7380,706,340,29,2811,18,1956,20,18
"949","2020-05-22",107,11,65,274,5274,0.889647326507395,2040,7380,706,340,30,2841,24,1980,23,24
"950","2020-05-23",102,11,73,241,5274,0.889647326507395,2040,7380,706,340,30,2871,30,2010,28,30
"951","2020-05-24",92,11,63,224,5274,0.889647326507395,2040,7380,706,340,34,2905,36,2046,25,36
"952","2020-05-25",81,11,63,208,5274,0.889647326507395,2040,7380,706,340,24,2929,37,2083,16,37
"953","2020-05-26",75,11,63,186,5274,0.889647326507395,2040,7380,706,340,28,2957,32,2115,20,32
"954","2020-05-27",76,11,73,167,5274,0.889647326507395,2040,7380,706,340,31,2988,24,2139,24,24
"955","2020-05-28",70,11,76,156,5274,0.889647326507395,2040,7380,706,340,17,3005,35,2174,11,35
"956","2020-05-29",70,11,61,152,5274,0.889647326507395,2040,7380,706,340,20,3025,37,2211,19,37
"957","2020-05-30",68,11,57,136,5274,0.889647326507395,2040,7380,706,340,21,3046,27,2238,17,27
"958","2020-05-31",61,11,50,128,5274,0.889647326507395,2040,7380,706,340,20,3066,19,2257,16,19
"959","2020-06-01",63,11,41,111,5274,0.889647326507395,2040,7380,706,340,30,3096,20,2277,23,20
"960","2020-06-02",59,11,54,100,5274,0.889647326507395,2040,7380,706,340,16,3112,29,2306,15,29
"961","2020-06-03",53,11,44,90,5274,0.889647326507395,2040,7380,706,340,9,3121,27,2333,8,27
"962","2020-06-04",53,11,46,88,5274,0.889647326507395,2040,7380,706,340,20,3141,22,2355,14,22
"963","2020-06-05",48,11,50,83,5274,0.889647326507395,2040,7380,706,340,14,3155,17,2372,13,17
"964","2020-06-06",37,11,43,81,5274,0.889647326507395,2040,7380,706,340,15,3170,34,2406,11,34
"965","2020-06-07",30,11,41,72,5274,0.889647326507395,2040,7380,706,340,13,3183,19,2425,10,19
"966","2020-03-13",3,12,21,29,2662,0.660030052592036,2100,5192,259,302,7,14,5,16,2,5
"967","2020-03-14",6,12,20,37,2662,0.660030052592036,2100,5192,259,302,4,18,1,17,2,1
"968","2020-03-15",7,12,20,52,2662,0.660030052592036,2100,5192,259,302,10,28,4,21,3,4
"969","2020-03-16",8,12,22,59,2662,0.660030052592036,2100,5192,259,302,10,38,7,28,4,7
"970","2020-03-17",9,12,24,70,2662,0.660030052592036,2100,5192,259,302,3,41,2,30,2,2
"971","2020-03-18",13,12,21,89,2662,0.660030052592036,2100,5192,259,302,8,49,15,45,6,15
"972","2020-03-19",19,12,22,101,2662,0.660030052592036,2100,5192,259,302,9,58,2,47,6,2
"973","2020-03-20",24,12,23,117,2662,0.660030052592036,2100,5192,259,302,10,68,3,50,4,3
"974","2020-03-21",30,12,20,128,2662,0.660030052592036,2100,5192,259,302,9,77,4,54,7,4
"975","2020-03-22",33,12,19,142,2662,0.660030052592036,2100,5192,259,302,6,83,3,57,3,3
"976","2020-03-23",34,12,22,162,2662,0.660030052592036,2100,5192,259,302,19,102,7,64,14,7
"977","2020-03-24",35,12,26,179,2662,0.660030052592036,2100,5192,259,302,15,117,3,67,11,3
"978","2020-03-25",37,12,28,187,2662,0.660030052592036,2100,5192,259,302,14,131,3,70,5,3
"979","2020-03-26",36,12,31,191,2662,0.660030052592036,2100,5192,259,302,20,151,5,75,17,5
"980","2020-03-27",55,12,32,200,2662,0.660030052592036,2100,5192,259,302,20,171,4,79,20,4
"981","2020-03-28",71,12,31,207,2662,0.660030052592036,2100,5192,259,302,18,189,14,93,13,14
"982","2020-03-29",69,12,41,211,2662,0.660030052592036,2100,5192,259,302,22,211,9,102,17,9
"983","2020-03-30",73,12,50,214,2662,0.660030052592036,2100,5192,259,302,23,234,5,107,19,5
"984","2020-03-31",74,12,52,223,2662,0.660030052592036,2100,5192,259,302,27,261,2,109,22,2
"985","2020-04-01",81,12,47,235,2662,0.660030052592036,2100,5192,259,302,27,288,4,113,26,4
"986","2020-04-02",83,12,49,247,2662,0.660030052592036,2100,5192,259,302,20,308,12,125,13,12
"987","2020-04-03",91,12,44,255,2662,0.660030052592036,2100,5192,259,302,27,335,8,133,23,8
"988","2020-04-04",80,12,51,257,2662,0.660030052592036,2100,5192,259,302,34,369,9,142,26,9
"989","2020-04-05",75,12,52,262,2662,0.660030052592036,2100,5192,259,302,27,396,2,144,24,2
"990","2020-04-06",68,12,50,266,2662,0.660030052592036,2100,5192,259,302,40,436,4,148,29,4
"991","2020-04-07",70,12,45,269,2662,0.660030052592036,2100,5192,259,302,34,470,4,152,25,4
"992","2020-04-08",70,12,49,281,2662,0.660030052592036,2100,5192,259,302,35,505,10,162,32,10
"993","2020-04-09",72,12,58,280,2662,0.660030052592036,2100,5192,259,302,34,539,19,181,24,19
"994","2020-04-10",75,12,53,284,2662,0.660030052592036,2100,5192,259,302,43,582,4,185,37,4
"995","2020-04-11",93,12,56,302,2662,0.660030052592036,2100,5192,259,302,41,623,5,190,36,5
"996","2020-04-12",92,12,59,320,2662,0.660030052592036,2100,5192,259,302,51,674,4,194,46,4
"997","2020-04-13",100,12,62,337,2662,0.660030052592036,2100,5192,259,302,43,717,1,195,35,1
"998","2020-04-14",101,12,57,353,2662,0.660030052592036,2100,5192,259,302,39,756,8,203,31,8
"999","2020-04-15",106,12,68,365,2662,0.660030052592036,2100,5192,259,302,44,800,11,214,42,11
"1000","2020-04-16",106,12,70,380,2662,0.660030052592036,2100,5192,259,302,48,848,9,223,37,9
"1001","2020-04-17",119,12,81,382,2662,0.660030052592036,2100,5192,259,302,57,905,3,226,46,3
"1002","2020-04-18",118,12,83,399,2662,0.660030052592036,2100,5192,259,302,55,960,12,238,44,12
"1003","2020-04-19",122,12,90,405,2662,0.660030052592036,2100,5192,259,302,47,1007,11,249,37,11
"1004","2020-04-20",115,12,92,423,2662,0.660030052592036,2100,5192,259,302,49,1056,12,261,43,12
"1005","2020-04-21",116,12,75,431,2662,0.660030052592036,2100,5192,259,302,63,1119,6,267,54,6
"1006","2020-04-22",112,12,77,439,2662,0.660030052592036,2100,5192,259,302,42,1161,14,281,36,14
"1007","2020-04-23",126,12,70,461,2662,0.660030052592036,2100,5192,259,302,59,1220,3,284,54,3
"1008","2020-04-24",134,12,80,468,2662,0.660030052592036,2100,5192,259,302,47,1267,15,299,41,15
"1009","2020-04-25",140,12,80,491,2662,0.660030052592036,2100,5192,259,302,57,1324,8,307,51,8
"1010","2020-04-26",149,12,64,504,2662,0.660030052592036,2100,5192,259,302,53,1377,16,323,48,16
"1011","2020-04-27",155,12,59,508,2662,0.660030052592036,2100,5192,259,302,57,1434,22,345,52,22
"1012","2020-04-28",151,12,59,520,2662,0.660030052592036,2100,5192,259,302,68,1502,17,362,58,17
"1013","2020-04-29",159,12,61,514,2662,0.660030052592036,2100,5192,259,302,58,1560,15,377,55,15
"1014","2020-04-30",147,12,73,518,2662,0.660030052592036,2100,5192,259,302,64,1624,9,386,60,9
"1015","2020-05-01",164,12,75,519,2662,0.660030052592036,2100,5192,259,302,41,1665,12,398,35,12
"1016","2020-05-02",176,12,72,507,2662,0.660030052592036,2100,5192,259,302,55,1720,22,420,50,22
"1017","2020-05-03",175,12,72,509,2662,0.660030052592036,2100,5192,259,302,46,1766,19,439,43,19
"1018","2020-05-04",171,12,75,496,2662,0.660030052592036,2100,5192,259,302,70,1836,15,454,62,15
"1019","2020-05-05",168,12,72,509,2662,0.660030052592036,2100,5192,259,302,45,1881,8,462,43,8
"1020","2020-05-06",168,12,81,519,2662,0.660030052592036,2100,5192,259,302,47,1928,3,465,42,3
"1021","2020-05-07",181,12,87,513,2662,0.660030052592036,2100,5192,259,302,53,1981,7,472,44,7
"1022","2020-05-08",186,12,89,530,2662,0.660030052592036,2100,5192,259,302,52,2033,14,486,46,14
"1023","2020-05-09",188,12,89,521,2662,0.660030052592036,2100,5192,259,302,52,2085,15,501,42,15
"1024","2020-05-10",159,12,89,496,2662,0.660030052592036,2100,5192,259,302,50,2135,7,508,49,7
"1025","2020-05-11",152,12,88,478,2662,0.660030052592036,2100,5192,259,302,44,2179,8,516,39,8
"1026","2020-05-12",163,12,88,478,2662,0.660030052592036,2100,5192,259,302,52,2231,2,518,44,2
"1027","2020-05-13",151,12,99,463,2662,0.660030052592036,2100,5192,259,302,54,2285,8,526,49,8
"1028","2020-05-14",150,12,93,444,2662,0.660030052592036,2100,5192,259,302,37,2322,9,535,31,9
"1029","2020-05-15",148,12,84,429,2662,0.660030052592036,2100,5192,259,302,37,2359,7,542,32,7
"1030","2020-05-16",142,12,74,406,2662,0.660030052592036,2100,5192,259,302,38,2397,9,551,33,9
"1031","2020-05-17",151,12,72,384,2662,0.660030052592036,2100,5192,259,302,36,2433,11,562,34,11
"1032","2020-05-18",151,12,77,373,2662,0.660030052592036,2100,5192,259,302,28,2461,13,575,22,13
"1033","2020-05-19",141,12,81,362,2662,0.660030052592036,2100,5192,259,302,48,2509,9,584,44,9
"1034","2020-05-20",140,12,82,349,2662,0.660030052592036,2100,5192,259,302,37,2546,6,590,36,6
"1035","2020-05-21",125,12,82,334,2662,0.660030052592036,2100,5192,259,302,21,2567,3,593,18,3
"1036","2020-05-22",119,12,87,320,2662,0.660030052592036,2100,5192,259,302,31,2598,3,596,28,3
"1037","2020-05-23",127,12,81,300,2662,0.660030052592036,2100,5192,259,302,32,2630,4,600,29,4
"1038","2020-05-24",115,12,81,291,2662,0.660030052592036,2100,5192,259,302,32,2662,8,608,28,8
"1039","2020-05-25",108,12,83,278,2662,0.660030052592036,2100,5192,259,302,28,2690,10,618,26,10
"1040","2020-05-26",104,12,84,272,2662,0.660030052592036,2100,5192,259,302,25,2715,7,625,23,7
"1041","2020-05-27",105,12,87,262,2662,0.660030052592036,2100,5192,259,302,17,2732,4,629,16,4
"1042","2020-05-28",105,12,84,252,2662,0.660030052592036,2100,5192,259,302,21,2753,13,642,20,13
"1043","2020-05-29",104,12,75,251,2662,0.660030052592036,2100,5192,259,302,27,2780,3,645,26,3
"1044","2020-05-30",84,12,72,244,2662,0.660030052592036,2100,5192,259,302,33,2813,4,649,29,4
"1045","2020-05-31",81,12,72,229,2662,0.660030052592036,2100,5192,259,302,18,2831,7,656,16,7
"1046","2020-06-01",82,12,68,227,2662,0.660030052592036,2100,5192,259,302,25,2856,5,661,25,5
"1047","2020-06-02",76,12,77,209,2662,0.660030052592036,2100,5192,259,302,21,2877,5,666,18,5
"1048","2020-06-03",71,12,78,208,2662,0.660030052592036,2100,5192,259,302,18,2895,10,676,17,10
"1049","2020-06-04",68,12,80,192,2662,0.660030052592036,2100,5192,259,302,18,2913,8,684,17,8
"1050","2020-06-05",61,12,73,185,2662,0.660030052592036,2100,5192,259,302,14,2927,6,690,10,6
"1051","2020-06-06",67,12,71,176,2662,0.660030052592036,2100,5192,259,302,17,2944,10,700,15,10
"1052","2020-06-07",57,12,63,164,2662,0.660030052592036,2100,5192,259,302,19,2963,6,706,15,6
"1053","2020-03-14",3,13,14,20,5151,0.956707435449427,2025,7143,567,231,5,26,2,12,3,2
"1054","2020-03-15",5,13,16,24,5151,0.956707435449427,2025,7143,567,231,8,34,2,14,1,2
"1055","2020-03-16",5,13,26,32,5151,0.956707435449427,2025,7143,567,231,7,41,2,16,4,2
"1056","2020-03-17",5,13,30,40,5151,0.956707435449427,2025,7143,567,231,15,56,3,19,11,3
"1057","2020-03-18",5,13,34,46,5151,0.956707435449427,2025,7143,567,231,10,66,8,27,2,8
"1058","2020-03-19",7,13,36,60,5151,0.956707435449427,2025,7143,567,231,18,84,2,29,14,2
"1059","2020-03-20",12,13,38,68,5151,0.956707435449427,2025,7143,567,231,16,100,5,34,8,5
"1060","2020-03-21",17,13,43,79,5151,0.956707435449427,2025,7143,567,231,25,125,2,36,14,2
"1061","2020-03-22",19,13,37,93,5151,0.956707435449427,2025,7143,567,231,21,146,NA,NA,16,NA
"1062","2020-03-23",21,13,40,111,5151,0.956707435449427,2025,7143,567,231,24,170,1,37,19,1
"1063","2020-03-24",24,13,40,119,5151,0.956707435449427,2025,7143,567,231,22,192,NA,NA,14,NA
"1064","2020-03-25",25,13,40,132,5151,0.956707435449427,2025,7143,567,231,29,221,2,39,19,2
"1065","2020-03-26",29,13,47,151,5151,0.956707435449427,2025,7143,567,231,30,251,7,46,22,7
"1066","2020-03-27",31,13,43,155,5151,0.956707435449427,2025,7143,567,231,19,270,2,48,15,2
"1067","2020-03-28",37,13,42,180,5151,0.956707435449427,2025,7143,567,231,45,315,3,51,33,3
"1068","2020-03-29",41,13,44,201,5151,0.956707435449427,2025,7143,567,231,26,341,6,57,18,6
"1069","2020-03-30",46,13,48,223,5151,0.956707435449427,2025,7143,567,231,37,378,7,64,29,7
"1070","2020-03-31",50,13,55,242,5151,0.956707435449427,2025,7143,567,231,31,409,2,66,24,2
"1071","2020-04-01",64,13,61,276,5151,0.956707435449427,2025,7143,567,231,35,444,2,68,30,2
"1072","2020-04-02",66,13,66,297,5151,0.956707435449427,2025,7143,567,231,33,477,3,71,28,3
"1073","2020-04-03",76,13,60,325,5151,0.956707435449427,2025,7143,567,231,46,523,5,76,41,5
"1074","2020-04-04",81,13,57,354,5151,0.956707435449427,2025,7143,567,231,40,563,1,77,33,1
"1075","2020-04-05",113,13,67,405,5151,0.956707435449427,2025,7143,567,231,41,604,7,84,33,7
"1076","2020-04-06",113,13,68,446,5151,0.956707435449427,2025,7143,567,231,45,649,13,97,37,13
"1077","2020-04-07",106,13,67,473,5151,0.956707435449427,2025,7143,567,231,46,695,16,113,40,16
"1078","2020-04-08",108,13,64,549,5151,0.956707435449427,2025,7143,567,231,61,756,11,124,53,11
"1079","2020-04-09",114,13,69,599,5151,0.956707435449427,2025,7143,567,231,48,804,6,130,39,6
"1080","2020-04-10",157,13,67,628,5151,0.956707435449427,2025,7143,567,231,60,864,8,138,53,8
"1081","2020-04-11",172,13,67,709,5151,0.956707435449427,2025,7143,567,231,51,915,4,142,41,4
"1082","2020-04-12",196,13,69,758,5151,0.956707435449427,2025,7143,567,231,62,977,6,148,54,6
"1083","2020-04-13",204,13,68,815,5151,0.956707435449427,2025,7143,567,231,64,1041,9,157,57,9
"1084","2020-04-14",213,13,67,846,5151,0.956707435449427,2025,7143,567,231,51,1092,7,164,43,7
"1085","2020-04-15",225,13,67,922,5151,0.956707435449427,2025,7143,567,231,56,1148,9,173,48,9
"1086","2020-04-16",249,13,61,981,5151,0.956707435449427,2025,7143,567,231,57,1205,18,191,47,18
"1087","2020-04-17",322,13,57,1030,5151,0.956707435449427,2025,7143,567,231,63,1268,8,199,50,8
"1088","2020-04-18",348,13,45,1067,5151,0.956707435449427,2025,7143,567,231,56,1324,11,210,46,11
"1089","2020-04-19",329,13,47,1098,5151,0.956707435449427,2025,7143,567,231,57,1381,12,222,49,12
"1090","2020-04-20",356,13,51,1130,5151,0.956707435449427,2025,7143,567,231,63,1444,11,233,59,11
"1091","2020-04-21",358,13,53,1161,5151,0.956707435449427,2025,7143,567,231,60,1504,10,243,54,10
"1092","2020-04-22",366,13,55,1161,5151,0.956707435449427,2025,7143,567,231,77,1581,13,256,68,13
"1093","2020-04-23",364,13,63,1171,5151,0.956707435449427,2025,7143,567,231,60,1641,7,263,48,7
"1094","2020-04-24",409,13,66,1243,5151,0.956707435449427,2025,7143,567,231,47,1688,1,264,45,1
"1095","2020-04-25",434,13,79,1239,5151,0.956707435449427,2025,7143,567,231,58,1746,8,272,47,8
"1096","2020-04-26",395,13,83,1269,5151,0.956707435449427,2025,7143,567,231,61,1807,5,277,54,5
"1097","2020-04-27",387,13,87,1252,5151,0.956707435449427,2025,7143,567,231,65,1872,15,292,57,15
"1098","2020-04-28",395,13,83,1251,5151,0.956707435449427,2025,7143,567,231,52,1924,13,305,49,13
"1099","2020-04-29",390,13,82,1248,5151,0.956707435449427,2025,7143,567,231,54,1978,8,313,47,8
"1100","2020-04-30",405,13,81,1228,5151,0.956707435449427,2025,7143,567,231,67,2045,6,319,57,6
"1101","2020-05-01",442,13,88,1224,5151,0.956707435449427,2025,7143,567,231,60,2105,4,323,53,4
"1102","2020-05-02",428,13,85,1217,5151,0.956707435449427,2025,7143,567,231,60,2165,8,331,58,8
"1103","2020-05-03",412,13,82,1228,5151,0.956707435449427,2025,7143,567,231,48,2213,8,339,38,8
"1104","2020-05-04",401,13,81,1222,5151,0.956707435449427,2025,7143,567,231,41,2254,7,346,34,7
"1105","2020-05-05",391,13,74,1211,5151,0.956707435449427,2025,7143,567,231,62,2316,8,354,59,8
"1106","2020-05-06",402,13,78,1191,5151,0.956707435449427,2025,7143,567,231,49,2365,16,370,43,16
"1107","2020-05-07",389,13,76,1190,5151,0.956707435449427,2025,7143,567,231,44,2409,10,380,37,10
"1108","2020-05-08",412,13,67,1134,5151,0.956707435449427,2025,7143,567,231,42,2451,7,387,36,7
"1109","2020-05-09",406,13,63,1099,5151,0.956707435449427,2025,7143,567,231,52,2503,4,391,44,4
"1110","2020-05-10",383,13,67,1051,5151,0.956707435449427,2025,7143,567,231,36,2539,14,405,27,14
"1111","2020-05-11",374,13,68,1018,5151,0.956707435449427,2025,7143,567,231,44,2583,12,417,38,12
"1112","2020-05-12",365,13,56,967,5151,0.956707435449427,2025,7143,567,231,42,2625,7,424,32,7
"1113","2020-05-13",352,13,58,935,5151,0.956707435449427,2025,7143,567,231,36,2661,3,427,30,3
"1114","2020-05-14",340,13,60,896,5151,0.956707435449427,2025,7143,567,231,42,2703,4,431,34,4
"1115","2020-05-15",321,13,57,834,5151,0.956707435449427,2025,7143,567,231,33,2736,15,446,27,15
"1116","2020-05-16",309,13,45,808,5151,0.956707435449427,2025,7143,567,231,38,2774,15,461,32,15
"1117","2020-05-17",282,13,46,763,5151,0.956707435449427,2025,7143,567,231,32,2806,7,468,27,7
"1118","2020-05-18",280,13,41,722,5151,0.956707435449427,2025,7143,567,231,39,2845,10,478,35,10
"1119","2020-05-19",263,13,46,691,5151,0.956707435449427,2025,7143,567,231,23,2868,11,489,19,11
"1120","2020-05-20",261,13,42,639,5151,0.956707435449427,2025,7143,567,231,37,2905,6,495,32,6
"1121","2020-05-21",256,13,40,618,5151,0.956707435449427,2025,7143,567,231,21,2926,5,500,17,5
"1122","2020-05-22",238,13,39,581,5151,0.956707435449427,2025,7143,567,231,19,2945,4,504,18,4
"1123","2020-05-23",227,13,41,539,5151,0.956707435449427,2025,7143,567,231,22,2967,6,510,18,6
"1124","2020-05-24",216,13,45,504,5151,0.956707435449427,2025,7143,567,231,27,2994,9,519,25,9
"1125","2020-05-25",197,13,46,478,5151,0.956707435449427,2025,7143,567,231,16,3010,10,529,13,10
"1126","2020-05-26",180,13,54,447,5151,0.956707435449427,2025,7143,567,231,20,3030,7,536,18,7
"1127","2020-05-27",166,13,53,414,5151,0.956707435449427,2025,7143,567,231,28,3058,1,537,27,1
"1128","2020-05-28",166,13,60,383,5151,0.956707435449427,2025,7143,567,231,22,3080,NA,NA,19,NA
"1129","2020-05-29",156,13,60,369,5151,0.956707435449427,2025,7143,567,231,14,3094,2,539,12,2
"1130","2020-05-30",149,13,52,331,5151,0.956707435449427,2025,7143,567,231,14,3108,1,540,12,1
"1131","2020-05-31",122,13,55,315,5151,0.956707435449427,2025,7143,567,231,13,3121,2,542,7,2
"1132","2020-06-01",119,13,48,280,5151,0.956707435449427,2025,7143,567,231,15,3136,2,544,11,2
"1133","2020-06-02",114,13,40,255,5151,0.956707435449427,2025,7143,567,231,22,3158,3,547,22,3
"1134","2020-06-03",111,13,38,232,5151,0.956707435449427,2025,7143,567,231,17,3175,1,548,15,1
"1135","2020-06-04",96,13,38,213,5151,0.956707435449427,2025,7143,567,231,19,3194,NA,NA,16,NA
"1136","2020-06-05",84,13,41,200,5151,0.956707435449427,2025,7143,567,231,24,3218,3,551,23,3
"1137","2020-06-06",78,13,39,178,5151,0.956707435449427,2025,7143,567,231,3,3221,3,554,3,3
"1138","2020-06-07",62,13,39,150,5151,0.956707435449427,2025,7143,567,231,16,3237,7,561,13,7
"1139","2020-03-07",1,14,0,0,4818,0.948733914487339,1980,6809,550,361,NA,NA,NA,NA,NA,NA
"1140","2020-03-08",1,14,0,0,4818,0.948733914487339,1980,6809,550,361,NA,NA,NA,NA,NA,NA
"1141","2020-03-09",0,14,0,0,4818,0.948733914487339,1980,6809,550,361,NA,NA,NA,NA,NA,NA
"1142","2020-03-10",0,14,0,0,4818,0.948733914487339,1980,6809,550,361,NA,NA,NA,NA,NA,NA
"1143","2020-03-11",0,14,0,0,4818,0.948733914487339,1980,6809,550,361,4,4,3,3,NA,3
"1144","2020-03-12",0,14,0,0,4818,0.948733914487339,1980,6809,550,361,8,12,10,13,6,10
"1145","2020-03-13",0,14,0,0,4818,0.948733914487339,1980,6809,550,361,4,16,7,20,2,7
"1146","2020-03-14",0,14,0,0,4818,0.948733914487339,1980,6809,550,361,4,20,3,23,2,3
"1147","2020-03-15",2,14,21,24,4818,0.948733914487339,1980,6809,550,361,9,29,2,25,3,2
"1148","2020-03-16",3,14,27,35,4818,0.948733914487339,1980,6809,550,361,15,44,13,38,11,13
"1149","2020-03-17",1,14,36,48,4818,0.948733914487339,1980,6809,550,361,9,53,3,41,6,3
"1150","2020-03-18",4,14,43,57,4818,0.948733914487339,1980,6809,550,361,14,67,3,44,9,3
"1151","2020-03-19",10,14,48,66,4818,0.948733914487339,1980,6809,550,361,13,80,7,51,9,7
"1152","2020-03-20",17,14,45,88,4818,0.948733914487339,1980,6809,550,361,18,98,11,62,11,11
"1153","2020-03-21",21,14,50,103,4818,0.948733914487339,1980,6809,550,361,12,110,7,69,10,7
"1154","2020-03-22",25,14,43,113,4818,0.948733914487339,1980,6809,550,361,24,134,5,74,17,5
"1155","2020-03-23",28,14,43,136,4818,0.948733914487339,1980,6809,550,361,25,159,18,92,19,18
"1156","2020-03-24",30,14,47,159,4818,0.948733914487339,1980,6809,550,361,31,190,5,97,27,5
"1157","2020-03-25",31,14,49,170,4818,0.948733914487339,1980,6809,550,361,18,208,7,104,12,7
"1158","2020-03-26",40,14,41,198,4818,0.948733914487339,1980,6809,550,361,30,238,14,118,25,14
"1159","2020-03-27",50,14,40,235,4818,0.948733914487339,1980,6809,550,361,21,259,5,123,17,5
"1160","2020-03-28",57,14,40,259,4818,0.948733914487339,1980,6809,550,361,15,274,2,125,12,2
"1161","2020-03-29",62,14,40,283,4818,0.948733914487339,1980,6809,550,361,33,307,3,128,27,3
"1162","2020-03-30",67,14,44,317,4818,0.948733914487339,1980,6809,550,361,26,333,14,142,20,14
"1163","2020-03-31",70,14,53,358,4818,0.948733914487339,1980,6809,550,361,30,363,17,159,28,17
"1164","2020-04-01",78,14,58,383,4818,0.948733914487339,1980,6809,550,361,40,403,7,166,33,7
"1165","2020-04-02",80,14,55,426,4818,0.948733914487339,1980,6809,550,361,26,429,4,170,23,4
"1166","2020-04-03",101,14,52,478,4818,0.948733914487339,1980,6809,550,361,29,458,5,175,14,5
"1167","2020-04-04",134,14,57,503,4818,0.948733914487339,1980,6809,550,361,33,491,15,190,30,15
"1168","2020-04-05",142,14,67,545,4818,0.948733914487339,1980,6809,550,361,43,534,5,195,33,5
"1169","2020-04-06",141,14,64,591,4818,0.948733914487339,1980,6809,550,361,40,574,18,213,35,18
"1170","2020-04-07",157,14,66,650,4818,0.948733914487339,1980,6809,550,361,50,624,9,222,39,9
"1171","2020-04-08",167,14,67,693,4818,0.948733914487339,1980,6809,550,361,56,680,11,233,44,11
"1172","2020-04-09",183,14,71,753,4818,0.948733914487339,1980,6809,550,361,48,728,9,242,43,9
"1173","2020-04-10",226,14,65,797,4818,0.948733914487339,1980,6809,550,361,28,756,16,258,21,16
"1174","2020-04-11",248,14,77,847,4818,0.948733914487339,1980,6809,550,361,45,801,7,265,38,7
"1175","2020-04-12",247,14,91,906,4818,0.948733914487339,1980,6809,550,361,47,848,7,272,41,7
"1176","2020-04-13",249,14,91,950,4818,0.948733914487339,1980,6809,550,361,54,902,7,279,47,7
"1177","2020-04-14",266,14,93,978,4818,0.948733914487339,1980,6809,550,361,51,953,17,296,41,17
"1178","2020-04-15",280,14,85,998,4818,0.948733914487339,1980,6809,550,361,37,990,13,309,34,13
"1179","2020-04-16",281,14,80,1009,4818,0.948733914487339,1980,6809,550,361,45,1035,17,326,38,17
"1180","2020-04-17",334,14,69,1044,4818,0.948733914487339,1980,6809,550,361,50,1085,6,332,43,6
"1181","2020-04-18",359,14,73,1085,4818,0.948733914487339,1980,6809,550,361,61,1146,11,343,55,11
"1182","2020-04-19",363,14,62,1078,4818,0.948733914487339,1980,6809,550,361,52,1198,23,366,42,23
"1183","2020-04-20",355,14,62,1083,4818,0.948733914487339,1980,6809,550,361,57,1255,18,384,52,18
"1184","2020-04-21",346,14,70,1081,4818,0.948733914487339,1980,6809,550,361,43,1298,6,390,39,6
"1185","2020-04-22",356,14,65,1100,4818,0.948733914487339,1980,6809,550,361,54,1352,4,394,53,4
"1186","2020-04-23",357,14,61,1127,4818,0.948733914487339,1980,6809,550,361,58,1410,11,405,53,11
"1187","2020-04-24",402,14,55,1137,4818,0.948733914487339,1980,6809,550,361,63,1473,2,407,54,2
"1188","2020-04-25",407,14,53,1118,4818,0.948733914487339,1980,6809,550,361,57,1530,6,413,48,6
"1189","2020-04-26",368,14,62,1108,4818,0.948733914487339,1980,6809,550,361,44,1574,14,427,33,14
"1190","2020-04-27",362,14,63,1132,4818,0.948733914487339,1980,6809,550,361,50,1624,19,446,47,19
"1191","2020-04-28",371,14,71,1146,4818,0.948733914487339,1980,6809,550,361,50,1674,13,459,46,13
"1192","2020-04-29",363,14,74,1163,4818,0.948733914487339,1980,6809,550,361,52,1726,21,480,48,21
"1193","2020-04-30",369,14,73,1158,4818,0.948733914487339,1980,6809,550,361,58,1784,16,496,52,16
"1194","2020-05-01",410,14,73,1141,4818,0.948733914487339,1980,6809,550,361,64,1848,10,506,61,10
"1195","2020-05-02",403,14,70,1129,4818,0.948733914487339,1980,6809,550,361,48,1896,12,518,43,12
"1196","2020-05-03",393,14,70,1094,4818,0.948733914487339,1980,6809,550,361,48,1944,4,522,45,4
"1197","2020-05-04",393,14,66,1071,4818,0.948733914487339,1980,6809,550,361,50,1994,4,526,41,4
"1198","2020-05-05",370,14,59,1020,4818,0.948733914487339,1980,6809,550,361,50,2044,4,530,44,4
"1199","2020-05-06",370,14,57,982,4818,0.948733914487339,1980,6809,550,361,35,2079,11,541,31,11
"1200","2020-05-07",368,14,55,950,4818,0.948733914487339,1980,6809,550,361,65,2144,6,547,57,6
"1201","2020-05-08",349,14,67,917,4818,0.948733914487339,1980,6809,550,361,45,2189,6,553,40,6
"1202","2020-05-09",338,14,69,901,4818,0.948733914487339,1980,6809,550,361,43,2232,9,562,39,9
"1203","2020-05-10",315,14,84,859,4818,0.948733914487339,1980,6809,550,361,50,2282,7,569,41,7
"1204","2020-05-11",314,14,86,808,4818,0.948733914487339,1980,6809,550,361,42,2324,18,587,36,18
"1205","2020-05-12",313,14,82,761,4818,0.948733914487339,1980,6809,550,361,35,2359,8,595,29,8
"1206","2020-05-13",304,14,82,730,4818,0.948733914487339,1980,6809,550,361,40,2399,6,601,37,6
"1207","2020-05-14",297,14,70,689,4818,0.948733914487339,1980,6809,550,361,33,2432,10,611,29,10
"1208","2020-05-15",264,14,66,642,4818,0.948733914487339,1980,6809,550,361,40,2472,5,616,34,5
"1209","2020-05-16",260,14,72,595,4818,0.948733914487339,1980,6809,550,361,27,2499,7,623,21,7
"1210","2020-05-17",234,14,78,569,4818,0.948733914487339,1980,6809,550,361,32,2531,7,630,25,7
"1211","2020-05-18",224,14,87,538,4818,0.948733914487339,1980,6809,550,361,24,2555,5,635,21,5
"1212","2020-05-19",213,14,87,507,4818,0.948733914487339,1980,6809,550,361,25,2580,1,636,22,1
"1213","2020-05-20",199,14,85,478,4818,0.948733914487339,1980,6809,550,361,18,2598,NA,NA,15,NA
"1214","2020-05-21",182,14,85,448,4818,0.948733914487339,1980,6809,550,361,36,2634,NA,NA,33,NA
"1215","2020-05-22",171,14,72,409,4818,0.948733914487339,1980,6809,550,361,29,2663,14,650,25,14
"1216","2020-05-23",159,14,66,372,4818,0.948733914487339,1980,6809,550,361,29,2692,14,664,23,14
"1217","2020-05-24",149,14,57,333,4818,0.948733914487339,1980,6809,550,361,22,2714,25,689,16,25
"1218","2020-05-25",131,14,55,314,4818,0.948733914487339,1980,6809,550,361,19,2733,11,700,17,11
"1219","2020-05-26",120,14,55,309,4818,0.948733914487339,1980,6809,550,361,22,2755,16,716,19,16
"1220","2020-05-27",114,14,55,288,4818,0.948733914487339,1980,6809,550,361,21,2776,7,723,19,7
"1221","2020-05-28",108,14,57,277,4818,0.948733914487339,1980,6809,550,361,25,2801,10,733,21,10
"1222","2020-05-29",102,14,56,263,4818,0.948733914487339,1980,6809,550,361,27,2828,9,742,22,9
"1223","2020-05-30",95,14,57,235,4818,0.948733914487339,1980,6809,550,361,27,2855,7,749,22,7
"1224","2020-05-31",88,14,62,224,4818,0.948733914487339,1980,6809,550,361,9,2864,8,757,8,8
"1225","2020-06-01",88,14,60,219,4818,0.948733914487339,1980,6809,550,361,15,2879,2,759,14,2
"1226","2020-06-02",79,14,49,203,4818,0.948733914487339,1980,6809,550,361,15,2894,11,770,12,11
"1227","2020-06-03",73,14,50,203,4818,0.948733914487339,1980,6809,550,361,10,2904,3,773,9,3
"1228","2020-06-04",70,14,55,196,4818,0.948733914487339,1980,6809,550,361,26,2930,14,787,24,14
"1229","2020-06-05",60,14,60,192,4818,0.948733914487339,1980,6809,550,361,18,2948,8,795,17,8
"1230","2020-06-06",64,14,63,190,4818,0.948733914487339,1980,6809,550,361,23,2971,2,797,20,2
"1231","2020-06-07",66,14,66,175,4818,0.948733914487339,1980,6809,550,361,13,2984,8,805,12,8
"1232","2020-03-14",5,15,29,50,2849,0.651456651456651,2055,5384,286,415,16,49,3,12,1,3
"1233","2020-03-15",8,15,45,69,2849,0.651456651456651,2055,5384,286,415,12,61,2,14,4,2
"1234","2020-03-16",5,15,38,90,2849,0.651456651456651,2055,5384,286,415,13,74,4,18,3,4
"1235","2020-03-17",6,15,35,113,2849,0.651456651456651,2055,5384,286,415,16,90,2,20,6,2
"1236","2020-03-18",9,15,35,141,2849,0.651456651456651,2055,5384,286,415,23,113,5,25,12,5
"1237","2020-03-19",15,15,40,164,2849,0.651456651456651,2055,5384,286,415,16,129,4,29,7,4
"1238","2020-03-20",29,15,28,181,2849,0.651456651456651,2055,5384,286,415,16,145,3,32,5,3
"1239","2020-03-21",36,15,24,199,2849,0.651456651456651,2055,5384,286,415,29,174,3,35,7,3
"1240","2020-03-22",44,15,39,229,2849,0.651456651456651,2055,5384,286,415,20,194,2,37,10,2
"1241","2020-03-23",55,15,49,241,2849,0.651456651456651,2055,5384,286,415,14,208,2,39,6,2
"1242","2020-03-24",59,15,55,253,2849,0.651456651456651,2055,5384,286,415,29,237,2,41,16,2
"1243","2020-03-25",65,15,72,270,2849,0.651456651456651,2055,5384,286,415,21,258,1,42,8,1
"1244","2020-03-26",64,15,95,291,2849,0.651456651456651,2055,5384,286,415,25,283,NA,NA,13,NA
"1245","2020-03-27",75,15,84,306,2849,0.651456651456651,2055,5384,286,415,24,307,NA,NA,10,NA
"1246","2020-03-28",87,15,72,332,2849,0.651456651456651,2055,5384,286,415,16,323,1,43,7,1
"1247","2020-03-29",93,15,71,341,2849,0.651456651456651,2055,5384,286,415,24,347,4,47,13,4
"1248","2020-03-30",86,15,86,336,2849,0.651456651456651,2055,5384,286,415,20,367,3,50,11,3
"1249","2020-03-31",86,15,113,344,2849,0.651456651456651,2055,5384,286,415,35,402,2,52,20,2
"1250","2020-04-01",88,15,112,363,2849,0.651456651456651,2055,5384,286,415,28,430,NA,NA,13,NA
"1251","2020-04-02",96,15,108,370,2849,0.651456651456651,2055,5384,286,415,25,455,2,54,18,2
"1252","2020-04-03",114,15,89,368,2849,0.651456651456651,2055,5384,286,415,34,489,1,55,16,1
"1253","2020-04-04",128,15,84,373,2849,0.651456651456651,2055,5384,286,415,35,524,2,57,23,2
"1254","2020-04-05",112,15,86,387,2849,0.651456651456651,2055,5384,286,415,25,549,4,61,13,4
"1255","2020-04-06",111,15,75,399,2849,0.651456651456651,2055,5384,286,415,43,592,2,63,18,2
"1256","2020-04-07",106,15,99,393,2849,0.651456651456651,2055,5384,286,415,29,621,8,71,13,8
"1257","2020-04-08",115,15,112,418,2849,0.651456651456651,2055,5384,286,415,25,646,8,79,15,8
"1258","2020-04-09",117,15,108,426,2849,0.651456651456651,2055,5384,286,415,29,675,7,86,15,7
"1259","2020-04-10",138,15,97,426,2849,0.651456651456651,2055,5384,286,415,28,703,8,94,17,8
"1260","2020-04-11",126,15,90,434,2849,0.651456651456651,2055,5384,286,415,23,726,2,96,10,2
"1261","2020-04-12",129,15,79,447,2849,0.651456651456651,2055,5384,286,415,38,764,4,100,17,4
"1262","2020-04-13",130,15,75,455,2849,0.651456651456651,2055,5384,286,415,31,795,6,106,14,6
"1263","2020-04-14",129,15,79,444,2849,0.651456651456651,2055,5384,286,415,23,818,2,108,6,2
"1264","2020-04-15",127,15,74,450,2849,0.651456651456651,2055,5384,286,415,32,850,3,111,26,3
"1265","2020-04-16",125,15,97,453,2849,0.651456651456651,2055,5384,286,415,32,882,3,114,18,3
"1266","2020-04-17",129,15,117,458,2849,0.651456651456651,2055,5384,286,415,34,916,2,116,20,2
"1267","2020-04-18",155,15,106,482,2849,0.651456651456651,2055,5384,286,415,26,942,9,125,9,9
"1268","2020-04-19",159,15,134,475,2849,0.651456651456651,2055,5384,286,415,38,980,8,133,22,8
"1269","2020-04-20",154,15,168,457,2849,0.651456651456651,2055,5384,286,415,33,1013,6,139,16,6
"1270","2020-04-21",158,15,163,442,2849,0.651456651456651,2055,5384,286,415,41,1054,6,145,17,6
"1271","2020-04-22",151,15,151,460,2849,0.651456651456651,2055,5384,286,415,42,1096,5,150,23,5
"1272","2020-04-23",150,15,161,461,2849,0.651456651456651,2055,5384,286,415,27,1123,14,164,11,14
"1273","2020-04-24",163,15,138,452,2849,0.651456651456651,2055,5384,286,415,38,1161,12,176,24,12
"1274","2020-04-25",149,15,130,465,2849,0.651456651456651,2055,5384,286,415,30,1191,7,183,21,7
"1275","2020-04-26",156,15,133,460,2849,0.651456651456651,2055,5384,286,415,44,1235,6,189,21,6
"1276","2020-04-27",155,15,118,463,2849,0.651456651456651,2055,5384,286,415,44,1279,15,204,27,15
"1277","2020-04-28",150,15,96,478,2849,0.651456651456651,2055,5384,286,415,35,1314,8,212,26,8
"1278","2020-04-29",148,15,83,469,2849,0.651456651456651,2055,5384,286,415,38,1352,3,215,23,3
"1279","2020-04-30",158,15,80,475,2849,0.651456651456651,2055,5384,286,415,34,1386,11,226,19,11
"1280","2020-05-01",167,15,78,472,2849,0.651456651456651,2055,5384,286,415,43,1429,9,235,32,9
"1281","2020-05-02",184,15,72,460,2849,0.651456651456651,2055,5384,286,415,33,1462,6,241,22,6
"1282","2020-05-03",156,15,61,454,2849,0.651456651456651,2055,5384,286,415,33,1495,6,247,20,6
"1283","2020-05-04",154,15,62,437,2849,0.651456651456651,2055,5384,286,415,38,1533,2,249,22,2
"1284","2020-05-05",153,15,66,419,2849,0.651456651456651,2055,5384,286,415,21,1554,6,255,12,6
"1285","2020-05-06",160,15,69,402,2849,0.651456651456651,2055,5384,286,415,27,1581,4,259,14,4
"1286","2020-05-07",149,15,59,400,2849,0.651456651456651,2055,5384,286,415,39,1620,11,270,28,11
"1287","2020-05-08",137,15,78,399,2849,0.651456651456651,2055,5384,286,415,24,1644,9,279,10,9
"1288","2020-05-09",130,15,97,395,2849,0.651456651456651,2055,5384,286,415,29,1673,4,283,20,4
"1289","2020-05-10",129,15,104,381,2849,0.651456651456651,2055,5384,286,415,34,1707,12,295,11,12
"1290","2020-05-11",123,15,109,370,2849,0.651456651456651,2055,5384,286,415,26,1733,4,299,14,4
"1291","2020-05-12",114,15,131,356,2849,0.651456651456651,2055,5384,286,415,34,1767,13,312,16,13
"1292","2020-05-13",112,15,114,362,2849,0.651456651456651,2055,5384,286,415,20,1787,17,329,9,17
"1293","2020-05-14",113,15,109,347,2849,0.651456651456651,2055,5384,286,415,38,1825,12,341,21,12
"1294","2020-05-15",124,15,119,356,2849,0.651456651456651,2055,5384,286,415,27,1852,10,351,18,10
"1295","2020-05-16",116,15,100,355,2849,0.651456651456651,2055,5384,286,415,28,1880,14,365,14,14
"1296","2020-05-17",110,15,97,353,2849,0.651456651456651,2055,5384,286,415,26,1906,9,374,10,9
"1297","2020-05-18",112,15,106,347,2849,0.651456651456651,2055,5384,286,415,31,1937,6,380,19,6
"1298","2020-05-19",109,15,105,353,2849,0.651456651456651,2055,5384,286,415,22,1959,9,389,15,9
"1299","2020-05-20",108,15,105,336,2849,0.651456651456651,2055,5384,286,415,29,1988,9,398,16,9
"1300","2020-05-21",107,15,107,329,2849,0.651456651456651,2055,5384,286,415,24,2012,8,406,16,8
"1301","2020-05-22",111,15,116,327,2849,0.651456651456651,2055,5384,286,415,29,2041,4,410,17,4
"1302","2020-05-23",124,15,106,315,2849,0.651456651456651,2055,5384,286,415,29,2070,6,416,20,6
"1303","2020-05-24",121,15,90,300,2849,0.651456651456651,2055,5384,286,415,32,2102,4,420,25,4
"1304","2020-05-25",115,15,83,288,2849,0.651456651456651,2055,5384,286,415,21,2123,9,429,16,9
"1305","2020-05-26",111,15,75,276,2849,0.651456651456651,2055,5384,286,415,19,2142,4,433,11,4
"1306","2020-05-27",109,15,59,258,2849,0.651456651456651,2055,5384,286,415,16,2158,8,441,12,8
"1307","2020-05-28",113,15,55,255,2849,0.651456651456651,2055,5384,286,415,16,2174,8,449,3,8
"1308","2020-05-29",107,15,65,242,2849,0.651456651456651,2055,5384,286,415,21,2195,10,459,10,10
"1309","2020-05-30",98,15,76,230,2849,0.651456651456651,2055,5384,286,415,19,2214,11,470,12,11
"1310","2020-05-31",79,15,77,222,2849,0.651456651456651,2055,5384,286,415,16,2230,11,481,9,11
"1311","2020-06-01",74,15,93,214,2849,0.651456651456651,2055,5384,286,415,17,2247,5,486,12,5
"1312","2020-06-02",73,15,99,205,2849,0.651456651456651,2055,5384,286,415,15,2262,8,494,8,8
"1313","2020-06-03",67,15,104,200,2849,0.651456651456651,2055,5384,286,415,21,2283,3,497,12,3
"1314","2020-06-04",63,15,115,196,2849,0.651456651456651,2055,5384,286,415,13,2296,3,500,10,3
"1315","2020-06-05",69,15,110,182,2849,0.651456651456651,2055,5384,286,415,13,2309,3,503,9,3
"1316","2020-06-06",63,15,87,174,2849,0.651456651456651,2055,5384,286,415,13,2322,2,505,5,2
"1317","2020-06-07",69,15,85,181,2849,0.651456651456651,2055,5384,286,415,7,2329,2,507,3,2
"1318","2020-03-07",1,16,0,0,5158,0.952694842962388,2010,6596,512,399,NA,NA,NA,NA,NA,NA
"1319","2020-03-08",1,16,0,0,5158,0.952694842962388,2010,6596,512,399,NA,NA,NA,NA,NA,NA
"1320","2020-03-09",0,16,0,0,5158,0.952694842962388,2010,6596,512,399,NA,NA,NA,NA,NA,NA
"1321","2020-03-10",0,16,0,0,5158,0.952694842962388,2010,6596,512,399,NA,NA,1,1,NA,1
"1322","2020-03-11",0,16,0,0,5158,0.952694842962388,2010,6596,512,399,6,6,11,12,1,11
"1323","2020-03-12",0,16,0,0,5158,0.952694842962388,2010,6596,512,399,7,13,12,24,NA,12
"1324","2020-03-13",1,16,20,14,5158,0.952694842962388,2010,6596,512,399,8,21,6,30,NA,6
"1325","2020-03-14",1,16,16,18,5158,0.952694842962388,2010,6596,512,399,10,31,10,40,3,10
"1326","2020-03-15",1,16,17,26,5158,0.952694842962388,2010,6596,512,399,10,41,7,47,2,7
"1327","2020-03-16",4,16,19,31,5158,0.952694842962388,2010,6596,512,399,14,55,10,57,4,10
"1328","2020-03-17",3,16,24,39,5158,0.952694842962388,2010,6596,512,399,20,75,21,78,11,21
"1329","2020-03-18",5,16,21,42,5158,0.952694842962388,2010,6596,512,399,16,91,11,89,8,11
"1330","2020-03-19",6,16,28,53,5158,0.952694842962388,2010,6596,512,399,16,107,7,96,13,7
"1331","2020-03-20",6,16,26,67,5158,0.952694842962388,2010,6596,512,399,22,129,19,115,15,19
"1332","2020-03-21",9,16,31,75,5158,0.952694842962388,2010,6596,512,399,24,153,22,137,14,22
"1333","2020-03-22",12,16,34,91,5158,0.952694842962388,2010,6596,512,399,22,175,16,153,18,16
"1334","2020-03-23",14,16,44,100,5158,0.952694842962388,2010,6596,512,399,19,194,10,163,12,10
"1335","2020-03-24",20,16,43,118,5158,0.952694842962388,2010,6596,512,399,24,218,8,171,18,8
"1336","2020-03-25",23,16,44,139,5158,0.952694842962388,2010,6596,512,399,21,239,21,192,15,21
"1337","2020-03-26",26,16,42,155,5158,0.952694842962388,2010,6596,512,399,30,269,21,213,21,21
"1338","2020-03-27",33,16,41,185,5158,0.952694842962388,2010,6596,512,399,31,300,15,228,23,15
"1339","2020-03-28",43,16,47,216,5158,0.952694842962388,2010,6596,512,399,35,335,19,247,28,19
"1340","2020-03-29",52,16,49,236,5158,0.952694842962388,2010,6596,512,399,38,373,19,266,26,19
"1341","2020-03-30",56,16,37,259,5158,0.952694842962388,2010,6596,512,399,41,414,22,288,31,22
"1342","2020-03-31",57,16,43,295,5158,0.952694842962388,2010,6596,512,399,42,456,27,315,34,27
"1343","2020-04-01",70,16,50,329,5158,0.952694842962388,2010,6596,512,399,41,497,27,342,30,27
"1344","2020-04-02",74,16,53,374,5158,0.952694842962388,2010,6596,512,399,45,542,23,365,33,23
"1345","2020-04-03",88,16,63,415,5158,0.952694842962388,2010,6596,512,399,45,587,19,384,37,19
"1346","2020-04-04",109,16,78,462,5158,0.952694842962388,2010,6596,512,399,35,622,30,414,30,30
"1347","2020-04-05",111,16,85,488,5158,0.952694842962388,2010,6596,512,399,42,664,36,450,38,36
"1348","2020-04-06",105,16,80,538,5158,0.952694842962388,2010,6596,512,399,45,709,25,475,38,25
"1349","2020-04-07",117,16,74,600,5158,0.952694842962388,2010,6596,512,399,49,758,26,501,41,26
"1350","2020-04-08",123,16,79,643,5158,0.952694842962388,2010,6596,512,399,37,795,26,527,31,26
"1351","2020-04-09",134,16,84,700,5158,0.952694842962388,2010,6596,512,399,54,849,25,552,42,25
"1352","2020-04-10",183,16,85,769,5158,0.952694842962388,2010,6596,512,399,53,902,27,579,43,27
"1353","2020-04-11",214,16,76,829,5158,0.952694842962388,2010,6596,512,399,57,959,22,601,43,22
"1354","2020-04-12",257,16,87,895,5158,0.952694842962388,2010,6596,512,399,57,1016,16,617,48,16
"1355","2020-04-13",279,16,90,960,5158,0.952694842962388,2010,6596,512,399,41,1057,24,641,33,24
"1356","2020-04-14",285,16,107,1005,5158,0.952694842962388,2010,6596,512,399,58,1115,26,667,45,26
"1357","2020-04-15",295,16,110,1084,5158,0.952694842962388,2010,6596,512,399,60,1175,28,695,50,28
"1358","2020-04-16",313,16,106,1141,5158,0.952694842962388,2010,6596,512,399,48,1223,19,714,38,19
"1359","2020-04-17",370,16,98,1203,5158,0.952694842962388,2010,6596,512,399,60,1283,18,732,47,18
"1360","2020-04-18",409,16,106,1266,5158,0.952694842962388,2010,6596,512,399,52,1335,15,747,47,15
"1361","2020-04-19",406,16,119,1346,5158,0.952694842962388,2010,6596,512,399,67,1402,23,770,52,23
"1362","2020-04-20",385,16,116,1363,5158,0.952694842962388,2010,6596,512,399,53,1455,29,799,45,29
"1363","2020-04-21",383,16,136,1392,5158,0.952694842962388,2010,6596,512,399,51,1506,28,827,41,28
"1364","2020-04-22",408,16,139,1457,5158,0.952694842962388,2010,6596,512,399,51,1557,26,853,42,26
"1365","2020-04-23",426,16,129,1473,5158,0.952694842962388,2010,6596,512,399,58,1615,26,879,48,26
"1366","2020-04-24",523,16,119,1453,5158,0.952694842962388,2010,6596,512,399,43,1658,31,910,33,31
"1367","2020-04-25",527,16,117,1447,5158,0.952694842962388,2010,6596,512,399,61,1719,30,940,48,30
"1368","2020-04-26",483,16,137,1442,5158,0.952694842962388,2010,6596,512,399,59,1778,31,971,51,31
"1369","2020-04-27",500,16,136,1450,5158,0.952694842962388,2010,6596,512,399,54,1832,37,1008,42,37
"1370","2020-04-28",511,16,127,1407,5158,0.952694842962388,2010,6596,512,399,39,1871,36,1044,31,36
"1371","2020-04-29",506,16,128,1371,5158,0.952694842962388,2010,6596,512,399,68,1939,31,1075,57,31
"1372","2020-04-30",511,16,152,1315,5158,0.952694842962388,2010,6596,512,399,53,1992,33,1108,43,33
"1373","2020-05-01",490,16,160,1260,5158,0.952694842962388,2010,6596,512,399,53,2045,36,1144,41,36
"1374","2020-05-02",473,16,169,1248,5158,0.952694842962388,2010,6596,512,399,49,2094,19,1163,39,19
"1375","2020-05-03",465,16,147,1189,5158,0.952694842962388,2010,6596,512,399,42,2136,38,1201,38,38
"1376","2020-05-04",435,16,156,1170,5158,0.952694842962388,2010,6596,512,399,55,2191,36,1237,46,36
"1377","2020-05-05",415,16,170,1130,5158,0.952694842962388,2010,6596,512,399,46,2237,44,1281,31,44
"1378","2020-05-06",401,16,165,1082,5158,0.952694842962388,2010,6596,512,399,32,2269,37,1318,26,37
"1379","2020-05-07",384,16,163,1034,5158,0.952694842962388,2010,6596,512,399,43,2312,33,1351,34,33
"1380","2020-05-08",381,16,158,980,5158,0.952694842962388,2010,6596,512,399,46,2358,32,1383,43,32
"1381","2020-05-09",370,16,148,916,5158,0.952694842962388,2010,6596,512,399,50,2408,23,1406,43,23
"1382","2020-05-10",352,16,142,881,5158,0.952694842962388,2010,6596,512,399,31,2439,21,1427,26,21
"1383","2020-05-11",350,16,123,829,5158,0.952694842962388,2010,6596,512,399,47,2486,36,1463,39,36
"1384","2020-05-12",326,16,109,786,5158,0.952694842962388,2010,6596,512,399,40,2526,26,1489,33,26
"1385","2020-05-13",309,16,104,755,5158,0.952694842962388,2010,6596,512,399,33,2559,21,1510,28,21
"1386","2020-05-14",289,16,125,710,5158,0.952694842962388,2010,6596,512,399,35,2594,33,1543,33,33
"1387","2020-05-15",279,16,122,668,5158,0.952694842962388,2010,6596,512,399,31,2625,25,1568,21,25
"1388","2020-05-16",266,16,110,629,5158,0.952694842962388,2010,6596,512,399,26,2651,35,1603,19,35
"1389","2020-05-17",225,16,127,578,5158,0.952694842962388,2010,6596,512,399,23,2674,27,1630,19,27
"1390","2020-05-18",215,16,133,543,5158,0.952694842962388,2010,6596,512,399,24,2698,26,1656,21,26
"1391","2020-05-19",207,16,126,500,5158,0.952694842962388,2010,6596,512,399,23,2721,24,1680,16,24
"1392","2020-05-20",205,16,116,460,5158,0.952694842962388,2010,6596,512,399,20,2741,27,1707,16,27
"1393","2020-05-21",194,16,119,425,5158,0.952694842962388,2010,6596,512,399,30,2771,25,1732,20,25
"1394","2020-05-22",171,16,112,405,5158,0.952694842962388,2010,6596,512,399,30,2801,20,1752,27,20
"1395","2020-05-23",157,16,101,376,5158,0.952694842962388,2010,6596,512,399,21,2822,20,1772,16,20
"1396","2020-05-24",131,16,93,348,5158,0.952694842962388,2010,6596,512,399,25,2847,24,1796,21,24
"1397","2020-05-25",122,16,83,329,5158,0.952694842962388,2010,6596,512,399,22,2869,22,1818,14,22
"1398","2020-05-26",116,16,77,303,5158,0.952694842962388,2010,6596,512,399,21,2890,30,1848,15,30
"1399","2020-05-27",107,16,80,275,5158,0.952694842962388,2010,6596,512,399,13,2903,41,1889,13,41
"1400","2020-05-28",110,16,72,252,5158,0.952694842962388,2010,6596,512,399,27,2930,36,1925,22,36
"1401","2020-05-29",91,16,72,234,5158,0.952694842962388,2010,6596,512,399,25,2955,31,1956,19,31
"1402","2020-05-30",89,16,71,216,5158,0.952694842962388,2010,6596,512,399,23,2978,29,1985,16,29
"1403","2020-05-31",83,16,70,205,5158,0.952694842962388,2010,6596,512,399,27,3005,18,2003,18,18
"1404","2020-06-01",81,16,63,190,5158,0.952694842962388,2010,6596,512,399,12,3017,16,2019,8,16
"1405","2020-06-02",82,16,65,172,5158,0.952694842962388,2010,6596,512,399,25,3042,22,2041,22,22
"1406","2020-06-03",76,16,61,177,5158,0.952694842962388,2010,6596,512,399,20,3062,14,2055,14,14
"1407","2020-06-04",64,16,64,154,5158,0.952694842962388,2010,6596,512,399,24,3086,19,2074,22,19
"1408","2020-06-05",53,16,59,145,5158,0.952694842962388,2010,6596,512,399,25,3111,13,2087,19,13
"1409","2020-06-06",47,16,51,133,5158,0.952694842962388,2010,6596,512,399,15,3126,21,2108,10,21
"1410","2020-06-07",42,16,52,122,5158,0.952694842962388,2010,6596,512,399,13,3139,15,2123,12,15
"1411","2020-03-11",1,17,8,6,3747,0.825460368294636,2070,6497,400,426,NA,NA,1,1,NA,1
"1412","2020-03-12",1,17,11,9,3747,0.825460368294636,2070,6497,400,426,2,2,2,3,NA,2
"1413","2020-03-13",1,17,11,19,3747,0.825460368294636,2070,6497,400,426,2,4,3,6,1,3
"1414","2020-03-14",1,17,12,26,3747,0.825460368294636,2070,6497,400,426,2,6,2,8,1,2
"1415","2020-03-15",2,17,19,38,3747,0.825460368294636,2070,6497,400,426,4,10,3,11,3,3
"1416","2020-03-16",2,17,22,47,3747,0.825460368294636,2070,6497,400,426,1,11,2,13,1,2
"1417","2020-03-17",5,17,20,62,3747,0.825460368294636,2070,6497,400,426,4,15,3,16,4,3
"1418","2020-03-18",8,17,23,74,3747,0.825460368294636,2070,6497,400,426,7,22,7,23,7,7
"1419","2020-03-19",10,17,27,83,3747,0.825460368294636,2070,6497,400,426,9,31,9,32,9,9
"1420","2020-03-20",17,17,30,92,3747,0.825460368294636,2070,6497,400,426,9,40,15,47,7,15
"1421","2020-03-21",19,17,36,106,3747,0.825460368294636,2070,6497,400,426,12,52,8,55,12,8
"1422","2020-03-22",25,17,32,125,3747,0.825460368294636,2070,6497,400,426,11,63,17,72,9,17
"1423","2020-03-23",29,17,25,143,3747,0.825460368294636,2070,6497,400,426,13,76,6,78,13,6
"1424","2020-03-24",29,17,25,160,3747,0.825460368294636,2070,6497,400,426,18,94,7,85,16,7
"1425","2020-03-25",27,17,22,177,3747,0.825460368294636,2070,6497,400,426,16,110,7,92,15,7
"1426","2020-03-26",30,17,27,190,3747,0.825460368294636,2070,6497,400,426,13,123,9,101,13,9
"1427","2020-03-27",39,17,32,208,3747,0.825460368294636,2070,6497,400,426,22,145,4,105,21,4
"1428","2020-03-28",51,17,27,228,3747,0.825460368294636,2070,6497,400,426,30,175,4,109,28,4
"1429","2020-03-29",63,17,32,243,3747,0.825460368294636,2070,6497,400,426,29,204,3,112,29,3
"1430","2020-03-30",64,17,33,248,3747,0.825460368294636,2070,6497,400,426,21,225,4,116,18,4
"1431","2020-03-31",70,17,37,274,3747,0.825460368294636,2070,6497,400,426,32,257,6,122,30,6
"1432","2020-04-01",80,17,55,275,3747,0.825460368294636,2070,6497,400,426,25,282,4,126,23,4
"1433","2020-04-02",84,17,48,294,3747,0.825460368294636,2070,6497,400,426,47,329,2,128,45,2
"1434","2020-04-03",97,17,47,313,3747,0.825460368294636,2070,6497,400,426,35,364,1,129,34,1
"1435","2020-04-04",107,17,54,331,3747,0.825460368294636,2070,6497,400,426,44,408,1,130,42,1
"1436","2020-04-05",106,17,62,338,3747,0.825460368294636,2070,6497,400,426,54,462,8,138,52,8
"1437","2020-04-06",104,17,62,374,3747,0.825460368294636,2070,6497,400,426,50,512,9,147,49,9
"1438","2020-04-07",101,17,56,392,3747,0.825460368294636,2070,6497,400,426,42,554,6,153,40,6
"1439","2020-04-08",104,17,48,415,3747,0.825460368294636,2070,6497,400,426,68,622,9,162,67,9
"1440","2020-04-09",110,17,56,433,3747,0.825460368294636,2070,6497,400,426,54,676,15,177,53,15
"1441","2020-04-10",140,17,63,443,3747,0.825460368294636,2070,6497,400,426,73,749,11,188,73,11
"1442","2020-04-11",147,17,61,467,3747,0.825460368294636,2070,6497,400,426,95,844,10,198,91,10
"1443","2020-04-12",152,17,57,492,3747,0.825460368294636,2070,6497,400,426,94,938,13,211,92,13
"1444","2020-04-13",162,17,50,526,3747,0.825460368294636,2070,6497,400,426,101,1039,5,216,98,5
"1445","2020-04-14",160,17,46,550,3747,0.825460368294636,2070,6497,400,426,85,1124,16,232,84,16
"1446","2020-04-15",170,17,48,568,3747,0.825460368294636,2070,6497,400,426,105,1229,14,246,99,14
"1447","2020-04-16",174,17,46,583,3747,0.825460368294636,2070,6497,400,426,105,1334,16,262,104,16
"1448","2020-04-17",180,17,48,602,3747,0.825460368294636,2070,6497,400,426,96,1430,25,287,94,25
"1449","2020-04-18",191,17,52,631,3747,0.825460368294636,2070,6497,400,426,110,1540,20,307,107,20
"1450","2020-04-19",213,17,55,643,3747,0.825460368294636,2070,6497,400,426,108,1648,23,330,108,23
"1451","2020-04-20",224,17,78,682,3747,0.825460368294636,2070,6497,400,426,155,1803,15,345,150,15
"1452","2020-04-21",218,17,94,685,3747,0.825460368294636,2070,6497,400,426,157,1960,22,367,156,22
"1453","2020-04-22",217,17,111,700,3747,0.825460368294636,2070,6497,400,426,148,2108,24,391,148,24
"1454","2020-04-23",211,17,128,721,3747,0.825460368294636,2070,6497,400,426,120,2228,19,410,119,19
"1455","2020-04-24",257,17,140,748,3747,0.825460368294636,2070,6497,400,426,140,2368,13,423,139,13
"1456","2020-04-25",258,17,137,760,3747,0.825460368294636,2070,6497,400,426,166,2534,18,441,163,18
"1457","2020-04-26",228,17,146,778,3747,0.825460368294636,2070,6497,400,426,145,2679,12,453,142,12
"1458","2020-04-27",227,17,150,792,3747,0.825460368294636,2070,6497,400,426,143,2822,18,471,143,18
"1459","2020-04-28",232,17,141,799,3747,0.825460368294636,2070,6497,400,426,125,2947,8,479,123,8
"1460","2020-04-29",241,17,147,789,3747,0.825460368294636,2070,6497,400,426,126,3073,10,489,126,10
"1461","2020-04-30",255,17,154,771,3747,0.825460368294636,2070,6497,400,426,135,3208,19,508,133,19
"1462","2020-05-01",264,17,152,778,3747,0.825460368294636,2070,6497,400,426,117,3325,16,524,116,16
"1463","2020-05-02",280,17,149,787,3747,0.825460368294636,2070,6497,400,426,122,3447,6,530,117,6
"1464","2020-05-03",269,17,136,776,3747,0.825460368294636,2070,6497,400,426,102,3549,5,535,101,5
"1465","2020-05-04",262,17,137,770,3747,0.825460368294636,2070,6497,400,426,81,3630,8,543,80,8
"1466","2020-05-05",258,17,130,764,3747,0.825460368294636,2070,6497,400,426,126,3756,4,547,123,4
"1467","2020-05-06",252,17,131,741,3747,0.825460368294636,2070,6497,400,426,89,3845,3,550,88,3
"1468","2020-05-07",261,17,139,726,3747,0.825460368294636,2070,6497,400,426,91,3936,7,557,91,7
"1469","2020-05-08",276,17,139,712,3747,0.825460368294636,2070,6497,400,426,92,4028,6,563,91,6
"1470","2020-05-09",255,17,143,697,3747,0.825460368294636,2070,6497,400,426,81,4109,3,566,80,3
"1471","2020-05-10",254,17,157,684,3747,0.825460368294636,2070,6497,400,426,87,4196,6,572,87,6
"1472","2020-05-11",259,17,142,664,3747,0.825460368294636,2070,6497,400,426,65,4261,13,585,64,13
"1473","2020-05-12",252,17,132,647,3747,0.825460368294636,2070,6497,400,426,101,4362,14,599,101,14
"1474","2020-05-13",252,17,130,641,3747,0.825460368294636,2070,6497,400,426,51,4413,13,612,51,13
"1475","2020-05-14",243,17,115,634,3747,0.825460368294636,2070,6497,400,426,58,4471,5,617,58,5
"1476","2020-05-15",244,17,108,607,3747,0.825460368294636,2070,6497,400,426,55,4526,16,633,53,16
"1477","2020-05-16",249,17,106,600,3747,0.825460368294636,2070,6497,400,426,46,4572,14,647,46,14
"1478","2020-05-17",243,17,108,572,3747,0.825460368294636,2070,6497,400,426,48,4620,16,663,48,16
"1479","2020-05-18",241,17,111,568,3747,0.825460368294636,2070,6497,400,426,46,4666,20,683,46,20
"1480","2020-05-19",225,17,111,533,3747,0.825460368294636,2070,6497,400,426,33,4699,11,694,33,11
"1481","2020-05-20",216,17,99,514,3747,0.825460368294636,2070,6497,400,426,29,4728,11,705,29,11
"1482","2020-05-21",207,17,86,498,3747,0.825460368294636,2070,6497,400,426,22,4750,8,713,21,8
"1483","2020-05-22",189,17,86,477,3747,0.825460368294636,2070,6497,400,426,25,4775,4,717,24,4
"1484","2020-05-23",186,17,96,464,3747,0.825460368294636,2070,6497,400,426,25,4800,6,723,24,6
"1485","2020-05-24",164,17,89,448,3747,0.825460368294636,2070,6497,400,426,27,4827,1,724,27,1
"1486","2020-05-25",146,17,72,423,3747,0.825460368294636,2070,6497,400,426,20,4847,15,739,20,15
"1487","2020-05-26",152,17,64,393,3747,0.825460368294636,2070,6497,400,426,24,4871,21,760,24,21
"1488","2020-05-27",152,17,65,376,3747,0.825460368294636,2070,6497,400,426,22,4893,6,766,22,6
"1489","2020-05-28",142,17,67,353,3747,0.825460368294636,2070,6497,400,426,17,4910,9,775,16,9
"1490","2020-05-29",137,17,79,346,3747,0.825460368294636,2070,6497,400,426,22,4932,11,786,22,11
"1491","2020-05-30",120,17,87,332,3747,0.825460368294636,2070,6497,400,426,14,4946,7,793,14,7
"1492","2020-05-31",117,17,87,326,3747,0.825460368294636,2070,6497,400,426,14,4960,5,798,13,5
"1493","2020-06-01",114,17,85,318,3747,0.825460368294636,2070,6497,400,426,13,4973,8,806,13,8
"1494","2020-06-02",101,17,80,299,3747,0.825460368294636,2070,6497,400,426,17,4990,13,819,17,13
"1495","2020-06-03",90,17,79,274,3747,0.825460368294636,2070,6497,400,426,11,5001,3,822,11,3
"1496","2020-06-04",93,17,76,264,3747,0.825460368294636,2070,6497,400,426,12,5013,6,828,11,6
"1497","2020-06-05",91,17,71,247,3747,0.825460368294636,2070,6497,400,426,10,5023,5,833,10,5
"1498","2020-06-06",105,17,63,244,3747,0.825460368294636,2070,6497,400,426,11,5034,8,841,10,8
"1499","2020-06-07",80,17,74,220,3747,0.825460368294636,2070,6497,400,426,11,5045,9,850,11,9
"1500","2020-03-07",1,18,0,0,4548,0.939313984168865,2010,6446,518,423,NA,NA,NA,NA,NA,NA
"1501","2020-03-08",1,18,0,0,4548,0.939313984168865,2010,6446,518,423,NA,NA,NA,NA,NA,NA
"1502","2020-03-09",0,18,0,0,4548,0.939313984168865,2010,6446,518,423,NA,NA,NA,NA,NA,NA
"1503","2020-03-10",0,18,0,0,4548,0.939313984168865,2010,6446,518,423,NA,NA,NA,NA,NA,NA
"1504","2020-03-11",0,18,0,0,4548,0.939313984168865,2010,6446,518,423,1,1,3,3,NA,3
"1505","2020-03-12",0,18,0,0,4548,0.939313984168865,2010,6446,518,423,3,4,4,7,NA,4
"1506","2020-03-13",1,18,19,7,4548,0.939313984168865,2010,6446,518,423,2,6,4,11,2,4
"1507","2020-03-14",3,18,24,10,4548,0.939313984168865,2010,6446,518,423,4,10,2,13,1,2
"1508","2020-03-15",3,18,19,14,4548,0.939313984168865,2010,6446,518,423,5,15,NA,NA,2,NA
"1509","2020-03-16",1,18,20,15,4548,0.939313984168865,2010,6446,518,423,5,20,1,14,3,1
"1510","2020-03-17",1,18,35,25,4548,0.939313984168865,2010,6446,518,423,5,25,3,17,1,3
"1511","2020-03-18",1,18,43,30,4548,0.939313984168865,2010,6446,518,423,3,28,2,19,3,2
"1512","2020-03-19",1,18,43,37,4548,0.939313984168865,2010,6446,518,423,6,34,8,27,5,8
"1513","2020-03-20",5,18,59,42,4548,0.939313984168865,2010,6446,518,423,9,43,6,33,7,6
"1514","2020-03-21",8,18,64,48,4548,0.939313984168865,2010,6446,518,423,4,47,9,42,3,9
"1515","2020-03-22",7,18,56,54,4548,0.939313984168865,2010,6446,518,423,11,58,7,49,8,7
"1516","2020-03-23",8,18,53,68,4548,0.939313984168865,2010,6446,518,423,11,69,9,58,9,9
"1517","2020-03-24",11,18,38,84,4548,0.939313984168865,2010,6446,518,423,12,81,5,63,11,5
"1518","2020-03-25",14,18,43,93,4548,0.939313984168865,2010,6446,518,423,16,97,8,71,15,8
"1519","2020-03-26",18,18,36,109,4548,0.939313984168865,2010,6446,518,423,22,119,4,75,18,4
"1520","2020-03-27",20,18,45,123,4548,0.939313984168865,2010,6446,518,423,15,134,5,80,14,5
"1521","2020-03-28",24,18,47,141,4548,0.939313984168865,2010,6446,518,423,26,160,12,92,22,12
"1522","2020-03-29",31,18,47,158,4548,0.939313984168865,2010,6446,518,423,31,191,4,96,30,4
"1523","2020-03-30",32,18,58,186,4548,0.939313984168865,2010,6446,518,423,23,214,11,107,22,11
"1524","2020-03-31",31,18,61,215,4548,0.939313984168865,2010,6446,518,423,42,256,5,112,36,5
"1525","2020-04-01",33,18,49,241,4548,0.939313984168865,2010,6446,518,423,35,291,10,122,35,10
"1526","2020-04-02",38,18,52,271,4548,0.939313984168865,2010,6446,518,423,49,340,14,136,47,14
"1527","2020-04-03",48,18,49,290,4548,0.939313984168865,2010,6446,518,423,54,394,4,140,50,4
"1528","2020-04-04",74,18,65,334,4548,0.939313984168865,2010,6446,518,423,37,431,11,151,37,11
"1529","2020-04-05",83,18,69,362,4548,0.939313984168865,2010,6446,518,423,60,491,12,163,58,12
"1530","2020-04-06",88,18,73,397,4548,0.939313984168865,2010,6446,518,423,46,537,14,177,42,14
"1531","2020-04-07",106,18,62,441,4548,0.939313984168865,2010,6446,518,423,64,601,15,192,62,15
"1532","2020-04-08",121,18,54,481,4548,0.939313984168865,2010,6446,518,423,70,671,15,207,68,15
"1533","2020-04-09",131,18,46,513,4548,0.939313984168865,2010,6446,518,423,68,739,9,216,66,9
"1534","2020-04-10",160,18,44,531,4548,0.939313984168865,2010,6446,518,423,76,815,7,223,71,7
"1535","2020-04-11",169,18,39,591,4548,0.939313984168865,2010,6446,518,423,82,897,10,233,79,10
"1536","2020-04-12",200,18,54,620,4548,0.939313984168865,2010,6446,518,423,110,1007,3,236,108,3
"1537","2020-04-13",203,18,65,659,4548,0.939313984168865,2010,6446,518,423,86,1093,11,247,83,11
"1538","2020-04-14",196,18,61,714,4548,0.939313984168865,2010,6446,518,423,119,1212,7,254,116,7
"1539","2020-04-15",198,18,53,754,4548,0.939313984168865,2010,6446,518,423,117,1329,12,266,113,12
"1540","2020-04-16",212,18,55,788,4548,0.939313984168865,2010,6446,518,423,104,1433,9,275,103,9
"1541","2020-04-17",237,18,49,841,4548,0.939313984168865,2010,6446,518,423,107,1540,21,296,106,21
"1542","2020-04-18",268,18,44,860,4548,0.939313984168865,2010,6446,518,423,118,1658,12,308,117,12
"1543","2020-04-19",251,18,52,858,4548,0.939313984168865,2010,6446,518,423,121,1779,7,315,120,7
"1544","2020-04-20",248,18,58,881,4548,0.939313984168865,2010,6446,518,423,130,1909,10,325,129,10
"1545","2020-04-21",248,18,69,894,4548,0.939313984168865,2010,6446,518,423,160,2069,8,333,157,8
"1546","2020-04-22",258,18,79,922,4548,0.939313984168865,2010,6446,518,423,136,2205,10,343,134,10
"1547","2020-04-23",259,18,87,947,4548,0.939313984168865,2010,6446,518,423,138,2343,22,365,137,22
"1548","2020-04-24",302,18,79,966,4548,0.939313984168865,2010,6446,518,423,167,2510,16,381,165,16
"1549","2020-04-25",281,18,73,1000,4548,0.939313984168865,2010,6446,518,423,137,2647,12,393,136,12
"1550","2020-04-26",309,18,79,1023,4548,0.939313984168865,2010,6446,518,423,151,2798,16,409,151,16
"1551","2020-04-27",315,18,91,1065,4548,0.939313984168865,2010,6446,518,423,132,2930,12,421,129,12
"1552","2020-04-28",323,18,106,1081,4548,0.939313984168865,2010,6446,518,423,131,3061,15,436,131,15
"1553","2020-04-29",322,18,113,1106,4548,0.939313984168865,2010,6446,518,423,174,3235,10,446,173,10
"1554","2020-04-30",340,18,102,1119,4548,0.939313984168865,2010,6446,518,423,122,3357,18,464,121,18
"1555","2020-05-01",371,18,97,1121,4548,0.939313984168865,2010,6446,518,423,138,3495,14,478,137,14
"1556","2020-05-02",384,18,101,1113,4548,0.939313984168865,2010,6446,518,423,108,3603,27,505,106,27
"1557","2020-05-03",349,18,83,1110,4548,0.939313984168865,2010,6446,518,423,141,3744,22,527,137,22
"1558","2020-05-04",364,18,86,1109,4548,0.939313984168865,2010,6446,518,423,106,3850,25,552,105,25
"1559","2020-05-05",357,18,101,1088,4548,0.939313984168865,2010,6446,518,423,80,3930,17,569,77,17
"1560","2020-05-06",361,18,99,1074,4548,0.939313984168865,2010,6446,518,423,108,4038,16,585,108,16
"1561","2020-05-07",338,18,96,1073,4548,0.939313984168865,2010,6446,518,423,102,4140,32,617,101,32
"1562","2020-05-08",350,18,92,1034,4548,0.939313984168865,2010,6446,518,423,103,4243,20,637,102,20
"1563","2020-05-09",363,18,85,1011,4548,0.939313984168865,2010,6446,518,423,99,4342,12,649,97,12
"1564","2020-05-10",333,18,78,997,4548,0.939313984168865,2010,6446,518,423,83,4425,11,660,80,11
"1565","2020-05-11",317,18,77,959,4548,0.939313984168865,2010,6446,518,423,78,4503,22,682,78,22
"1566","2020-05-12",318,18,67,914,4548,0.939313984168865,2010,6446,518,423,87,4590,22,704,87,22
"1567","2020-05-13",321,18,54,883,4548,0.939313984168865,2010,6446,518,423,72,4662,16,720,72,16
"1568","2020-05-14",326,18,37,864,4548,0.939313984168865,2010,6446,518,423,63,4725,17,737,62,17
"1569","2020-05-15",332,18,37,830,4548,0.939313984168865,2010,6446,518,423,60,4785,16,753,60,16
"1570","2020-05-16",333,18,36,816,4548,0.939313984168865,2010,6446,518,423,59,4844,10,763,58,10
"1571","2020-05-17",315,18,41,776,4548,0.939313984168865,2010,6446,518,423,63,4907,10,773,63,10
"1572","2020-05-18",297,18,40,750,4548,0.939313984168865,2010,6446,518,423,44,4951,18,791,42,18
"1573","2020-05-19",294,18,29,713,4548,0.939313984168865,2010,6446,518,423,61,5012,22,813,61,22
"1574","2020-05-20",286,18,33,672,4548,0.939313984168865,2010,6446,518,423,55,5067,13,826,54,13
"1575","2020-05-21",279,18,35,647,4548,0.939313984168865,2010,6446,518,423,36,5103,15,841,36,15
"1576","2020-05-22",285,18,36,591,4548,0.939313984168865,2010,6446,518,423,27,5130,20,861,27,20
"1577","2020-05-23",253,18,37,558,4548,0.939313984168865,2010,6446,518,423,50,5180,10,871,50,10
"1578","2020-05-24",223,18,51,519,4548,0.939313984168865,2010,6446,518,423,26,5206,19,890,25,19
"1579","2020-05-25",227,18,53,481,4548,0.939313984168865,2010,6446,518,423,31,5237,11,901,31,11
"1580","2020-05-26",206,18,58,441,4548,0.939313984168865,2010,6446,518,423,21,5258,10,911,19,10
"1581","2020-05-27",190,18,57,396,4548,0.939313984168865,2010,6446,518,423,25,5283,7,918,24,7
"1582","2020-05-28",171,18,48,364,4548,0.939313984168865,2010,6446,518,423,18,5301,7,925,17,7
"1583","2020-05-29",137,18,46,328,4548,0.939313984168865,2010,6446,518,423,16,5317,13,938,15,13
"1584","2020-05-30",130,18,35,300,4548,0.939313984168865,2010,6446,518,423,14,5331,16,954,14,16
"1585","2020-05-31",124,18,34,275,4548,0.939313984168865,2010,6446,518,423,15,5346,13,967,13,13
"1586","2020-06-01",106,18,32,255,4548,0.939313984168865,2010,6446,518,423,8,5354,7,974,8,7
"1587","2020-06-02",92,18,37,234,4548,0.939313984168865,2010,6446,518,423,14,5368,11,985,14,11
"1588","2020-06-03",81,18,37,210,4548,0.939313984168865,2010,6446,518,423,7,5375,9,994,6,9
"1589","2020-06-04",80,18,31,189,4548,0.939313984168865,2010,6446,518,423,8,5383,5,999,8,5
"1590","2020-06-05",66,18,31,174,4548,0.939313984168865,2010,6446,518,423,6,5389,4,1003,6,4
"1591","2020-06-06",61,18,23,166,4548,0.939313984168865,2010,6446,518,423,7,5396,4,1007,7,4
"1592","2020-06-07",53,18,21,153,4548,0.939313984168865,2010,6446,518,423,6,5402,15,1022,6,15
"1593","2020-03-13",1,19,12,20,2149,0.683108422522103,2055,4481,228,235,6,28,3,16,3,3
"1594","2020-03-14",3,19,13,32,2149,0.683108422522103,2055,4481,228,235,8,36,2,18,3,2
"1595","2020-03-15",6,19,13,41,2149,0.683108422522103,2055,4481,228,235,5,41,2,20,2,2
"1596","2020-03-16",6,19,17,50,2149,0.683108422522103,2055,4481,228,235,10,51,2,22,2,2
"1597","2020-03-17",7,19,19,61,2149,0.683108422522103,2055,4481,228,235,16,67,8,30,9,8
"1598","2020-03-18",10,19,21,68,2149,0.683108422522103,2055,4481,228,235,18,85,8,38,9,8
"1599","2020-03-19",12,19,26,88,2149,0.683108422522103,2055,4481,228,235,24,109,10,48,13,10
"1600","2020-03-20",20,19,38,103,2149,0.683108422522103,2055,4481,228,235,15,124,16,64,11,16
"1601","2020-03-21",28,19,44,106,2149,0.683108422522103,2055,4481,228,235,20,144,17,81,19,17
"1602","2020-03-22",26,19,49,116,2149,0.683108422522103,2055,4481,228,235,33,177,10,91,22,10
"1603","2020-03-23",26,19,46,127,2149,0.683108422522103,2055,4481,228,235,36,213,8,99,26,8
"1604","2020-03-24",30,19,42,141,2149,0.683108422522103,2055,4481,228,235,37,250,6,105,26,6
"1605","2020-03-25",32,19,36,151,2149,0.683108422522103,2055,4481,228,235,45,295,12,117,39,12
"1606","2020-03-26",35,19,29,170,2149,0.683108422522103,2055,4481,228,235,42,337,19,136,35,19
"1607","2020-03-27",46,19,29,184,2149,0.683108422522103,2055,4481,228,235,59,396,16,152,50,16
"1608","2020-03-28",54,19,28,187,2149,0.683108422522103,2055,4481,228,235,56,452,16,168,50,16
"1609","2020-03-29",55,19,28,194,2149,0.683108422522103,2055,4481,228,235,54,506,13,181,46,13
"1610","2020-03-30",54,19,23,206,2149,0.683108422522103,2055,4481,228,235,61,567,19,200,49,19
"1611","2020-03-31",53,19,16,222,2149,0.683108422522103,2055,4481,228,235,66,633,8,208,59,8
"1612","2020-04-01",58,19,17,224,2149,0.683108422522103,2055,4481,228,235,76,709,12,220,70,12
"1613","2020-04-02",65,19,26,222,2149,0.683108422522103,2055,4481,228,235,95,804,2,222,88,2
"1614","2020-04-03",69,19,37,239,2149,0.683108422522103,2055,4481,228,235,93,897,6,228,85,6
"1615","2020-04-04",78,19,44,242,2149,0.683108422522103,2055,4481,228,235,112,1009,16,244,105,16
"1616","2020-04-05",79,19,51,263,2149,0.683108422522103,2055,4481,228,235,88,1097,11,255,80,11
"1617","2020-04-06",81,19,61,276,2149,0.683108422522103,2055,4481,228,235,95,1192,7,262,90,7
"1618","2020-04-07",82,19,48,285,2149,0.683108422522103,2055,4481,228,235,88,1280,3,265,80,3
"1619","2020-04-08",88,19,52,285,2149,0.683108422522103,2055,4481,228,235,130,1410,1,266,119,1
"1620","2020-04-09",83,19,59,294,2149,0.683108422522103,2055,4481,228,235,110,1520,7,273,105,7
"1621","2020-04-10",85,19,70,293,2149,0.683108422522103,2055,4481,228,235,127,1647,11,284,119,11
"1622","2020-04-11",92,19,83,300,2149,0.683108422522103,2055,4481,228,235,156,1803,17,301,147,17
"1623","2020-04-12",96,19,89,301,2149,0.683108422522103,2055,4481,228,235,125,1928,22,323,116,22
"1624","2020-04-13",86,19,96,321,2149,0.683108422522103,2055,4481,228,235,109,2037,11,334,104,11
"1625","2020-04-14",87,19,96,330,2149,0.683108422522103,2055,4481,228,235,152,2189,9,343,145,9
"1626","2020-04-15",86,19,83,349,2149,0.683108422522103,2055,4481,228,235,139,2328,9,352,133,9
"1627","2020-04-16",92,19,66,342,2149,0.683108422522103,2055,4481,228,235,147,2475,28,380,141,28
"1628","2020-04-17",106,19,60,352,2149,0.683108422522103,2055,4481,228,235,162,2637,25,405,149,25
"1629","2020-04-18",115,19,62,367,2149,0.683108422522103,2055,4481,228,235,108,2745,17,422,104,17
"1630","2020-04-19",104,19,62,366,2149,0.683108422522103,2055,4481,228,235,134,2879,10,432,128,10
"1631","2020-04-20",103,19,70,378,2149,0.683108422522103,2055,4481,228,235,128,3007,23,455,119,23
"1632","2020-04-21",115,19,85,371,2149,0.683108422522103,2055,4481,228,235,143,3150,20,475,132,20
"1633","2020-04-22",112,19,77,375,2149,0.683108422522103,2055,4481,228,235,129,3279,23,498,119,23
"1634","2020-04-23",113,19,79,365,2149,0.683108422522103,2055,4481,228,235,107,3386,33,531,99,33
"1635","2020-04-24",120,19,80,364,2149,0.683108422522103,2055,4481,228,235,127,3513,16,547,123,16
"1636","2020-04-25",119,19,77,345,2149,0.683108422522103,2055,4481,228,235,132,3645,10,557,127,10
"1637","2020-04-26",115,19,60,347,2149,0.683108422522103,2055,4481,228,235,104,3749,29,586,98,29
"1638","2020-04-27",112,19,57,333,2149,0.683108422522103,2055,4481,228,235,112,3861,23,609,106,23
"1639","2020-04-28",107,19,45,329,2149,0.683108422522103,2055,4481,228,235,103,3964,25,634,95,25
"1640","2020-04-29",108,19,43,336,2149,0.683108422522103,2055,4481,228,235,95,4059,23,657,88,23
"1641","2020-04-30",110,19,39,330,2149,0.683108422522103,2055,4481,228,235,81,4140,26,683,74,26
"1642","2020-05-01",116,19,32,320,2149,0.683108422522103,2055,4481,228,235,91,4231,14,697,84,14
"1643","2020-05-02",128,19,30,320,2149,0.683108422522103,2055,4481,228,235,71,4302,10,707,71,10
"1644","2020-05-03",127,19,30,315,2149,0.683108422522103,2055,4481,228,235,71,4373,6,713,66,6
"1645","2020-05-04",123,19,26,307,2149,0.683108422522103,2055,4481,228,235,75,4448,9,722,69,9
"1646","2020-05-05",113,19,36,314,2149,0.683108422522103,2055,4481,228,235,67,4515,16,738,62,16
"1647","2020-05-06",110,19,40,313,2149,0.683108422522103,2055,4481,228,235,57,4572,11,749,53,11
"1648","2020-05-07",100,19,37,313,2149,0.683108422522103,2055,4481,228,235,55,4627,16,765,53,16
"1649","2020-05-08",112,19,41,308,2149,0.683108422522103,2055,4481,228,235,53,4680,12,777,50,12
"1650","2020-05-09",101,19,40,310,2149,0.683108422522103,2055,4481,228,235,40,4720,12,789,35,12
"1651","2020-05-10",98,19,33,302,2149,0.683108422522103,2055,4481,228,235,44,4764,10,799,40,10
"1652","2020-05-11",95,19,33,307,2149,0.683108422522103,2055,4481,228,235,28,4792,10,809,26,10
"1653","2020-05-12",101,19,34,304,2149,0.683108422522103,2055,4481,228,235,39,4831,14,823,33,14
"1654","2020-05-13",103,19,37,313,2149,0.683108422522103,2055,4481,228,235,32,4863,11,834,32,11
"1655","2020-05-14",115,19,49,314,2149,0.683108422522103,2055,4481,228,235,27,4890,13,847,25,13
"1656","2020-05-15",116,19,58,308,2149,0.683108422522103,2055,4481,228,235,26,4916,13,860,23,13
"1657","2020-05-16",116,19,55,317,2149,0.683108422522103,2055,4481,228,235,22,4938,12,872,18,12
"1658","2020-05-17",115,19,54,316,2149,0.683108422522103,2055,4481,228,235,22,4960,10,882,18,10
"1659","2020-05-18",115,19,57,302,2149,0.683108422522103,2055,4481,228,235,27,4987,8,890,20,8
"1660","2020-05-19",117,19,51,304,2149,0.683108422522103,2055,4481,228,235,16,5003,16,906,9,16
"1661","2020-05-20",114,19,40,298,2149,0.683108422522103,2055,4481,228,235,18,5021,15,921,16,15
"1662","2020-05-21",110,19,38,287,2149,0.683108422522103,2055,4481,228,235,22,5043,12,933,19,12
"1663","2020-05-22",105,19,36,287,2149,0.683108422522103,2055,4481,228,235,17,5060,15,948,11,15
"1664","2020-05-23",106,19,34,282,2149,0.683108422522103,2055,4481,228,235,10,5070,17,965,8,17
"1665","2020-05-24",97,19,35,292,2149,0.683108422522103,2055,4481,228,235,14,5084,9,974,12,9
"1666","2020-05-25",95,19,34,276,2149,0.683108422522103,2055,4481,228,235,12,5096,10,984,10,10
"1667","2020-05-26",87,19,29,267,2149,0.683108422522103,2055,4481,228,235,9,5105,11,995,5,11
"1668","2020-05-27",93,19,26,252,2149,0.683108422522103,2055,4481,228,235,5,5110,25,1020,4,25
"1669","2020-05-28",86,19,29,248,2149,0.683108422522103,2055,4481,228,235,8,5118,13,1033,7,13
"1670","2020-05-29",85,19,31,228,2149,0.683108422522103,2055,4481,228,235,13,5131,7,1040,10,7
"1671","2020-05-30",88,19,30,215,2149,0.683108422522103,2055,4481,228,235,7,5138,8,1048,6,8
"1672","2020-05-31",88,19,23,220,2149,0.683108422522103,2055,4481,228,235,6,5144,10,1058,4,10
"1673","2020-06-01",85,19,31,205,2149,0.683108422522103,2055,4481,228,235,2,5146,7,1065,2,7
"1674","2020-06-02",80,19,32,194,2149,0.683108422522103,2055,4481,228,235,4,5150,16,1081,3,16
"1675","2020-06-03",69,19,47,191,2149,0.683108422522103,2055,4481,228,235,3,5153,4,1085,2,4
"1676","2020-06-04",68,19,50,184,2149,0.683108422522103,2055,4481,228,235,10,5163,13,1098,9,13
"1677","2020-06-05",69,19,48,172,2149,0.683108422522103,2055,4481,228,235,7,5170,12,1110,5,12
"1678","2020-06-06",61,19,43,164,2149,0.683108422522103,2055,4481,228,235,7,5177,1,1111,6,1
"1679","2020-06-07",58,19,46,162,2149,0.683108422522103,2055,4481,228,235,4,5181,4,1115,3,4
"1680","2020-03-08",1,20,0,0,5327,0.971653838933734,1905,6365,598,300,NA,NA,NA,NA,NA,NA
"1681","2020-03-09",1,20,0,0,5327,0.971653838933734,1905,6365,598,300,NA,NA,NA,NA,NA,NA
"1682","2020-03-10",0,20,0,0,5327,0.971653838933734,1905,6365,598,300,NA,NA,NA,NA,NA,NA
"1683","2020-03-11",0,20,0,0,5327,0.971653838933734,1905,6365,598,300,6,6,1,1,NA,1
"1684","2020-03-12",0,20,0,0,5327,0.971653838933734,1905,6365,598,300,7,13,2,3,2,2
"1685","2020-03-13",0,20,0,0,5327,0.971653838933734,1905,6365,598,300,5,18,5,8,3,5
"1686","2020-03-14",2,20,19,16,5327,0.971653838933734,1905,6365,598,300,2,20,4,12,1,4
"1687","2020-03-15",3,20,27,20,5327,0.971653838933734,1905,6365,598,300,4,24,4,16,2,4
"1688","2020-03-16",4,20,29,24,5327,0.971653838933734,1905,6365,598,300,8,32,8,24,5,8
"1689","2020-03-17",5,20,29,32,5327,0.971653838933734,1905,6365,598,300,8,40,5,29,4,5
"1690","2020-03-18",5,20,32,40,5327,0.971653838933734,1905,6365,598,300,7,47,6,35,6,6
"1691","2020-03-19",5,20,34,44,5327,0.971653838933734,1905,6365,598,300,16,63,8,43,13,8
"1692","2020-03-20",9,20,38,51,5327,0.971653838933734,1905,6365,598,300,10,73,8,51,8,8
"1693","2020-03-21",12,20,43,54,5327,0.971653838933734,1905,6365,598,300,12,85,7,58,7,7
"1694","2020-03-22",14,20,41,59,5327,0.971653838933734,1905,6365,598,300,15,100,8,66,14,8
"1695","2020-03-23",12,20,33,70,5327,0.971653838933734,1905,6365,598,300,21,121,10,76,20,10
"1696","2020-03-24",13,20,25,75,5327,0.971653838933734,1905,6365,598,300,13,134,6,82,11,6
"1697","2020-03-25",16,20,25,84,5327,0.971653838933734,1905,6365,598,300,18,152,6,88,17,6
"1698","2020-03-26",24,20,27,98,5327,0.971653838933734,1905,6365,598,300,25,177,11,99,23,11
"1699","2020-03-27",25,20,35,111,5327,0.971653838933734,1905,6365,598,300,15,192,8,107,12,8
"1700","2020-03-28",28,20,39,131,5327,0.971653838933734,1905,6365,598,300,34,226,10,117,32,10
"1701","2020-03-29",28,20,40,152,5327,0.971653838933734,1905,6365,598,300,33,259,10,127,29,10
"1702","2020-03-30",28,20,46,164,5327,0.971653838933734,1905,6365,598,300,31,290,11,138,30,11
"1703","2020-03-31",29,20,55,178,5327,0.971653838933734,1905,6365,598,300,31,321,16,154,27,16
"1704","2020-04-01",31,20,51,209,5327,0.971653838933734,1905,6365,598,300,50,371,16,170,49,16
"1705","2020-04-02",35,20,50,225,5327,0.971653838933734,1905,6365,598,300,39,410,14,184,37,14
"1706","2020-04-03",46,20,54,251,5327,0.971653838933734,1905,6365,598,300,43,453,17,201,41,17
"1707","2020-04-04",60,20,54,282,5327,0.971653838933734,1905,6365,598,300,51,504,9,210,50,9
"1708","2020-04-05",72,20,55,314,5327,0.971653838933734,1905,6365,598,300,69,573,31,241,63,31
"1709","2020-04-06",79,20,61,338,5327,0.971653838933734,1905,6365,598,300,62,635,17,258,57,17
"1710","2020-04-07",89,20,58,384,5327,0.971653838933734,1905,6365,598,300,52,687,10,268,50,10
"1711","2020-04-08",98,20,64,420,5327,0.971653838933734,1905,6365,598,300,101,788,17,285,96,17
"1712","2020-04-09",100,20,74,443,5327,0.971653838933734,1905,6365,598,300,85,873,15,300,83,15
"1713","2020-04-10",113,20,70,502,5327,0.971653838933734,1905,6365,598,300,69,942,14,314,64,14
"1714","2020-04-11",136,20,60,540,5327,0.971653838933734,1905,6365,598,300,115,1057,9,323,110,9
"1715","2020-04-12",140,20,50,597,5327,0.971653838933734,1905,6365,598,300,86,1143,14,337,81,14
"1716","2020-04-13",141,20,56,661,5327,0.971653838933734,1905,6365,598,300,108,1251,11,348,107,11
"1717","2020-04-14",136,20,51,734,5327,0.971653838933734,1905,6365,598,300,87,1338,16,364,86,16
"1718","2020-04-15",156,20,48,797,5327,0.971653838933734,1905,6365,598,300,117,1455,9,373,116,9
"1719","2020-04-16",163,20,41,837,5327,0.971653838933734,1905,6365,598,300,114,1569,10,383,111,10
"1720","2020-04-17",224,20,39,871,5327,0.971653838933734,1905,6365,598,300,125,1694,5,388,121,5
"1721","2020-04-18",254,20,42,953,5327,0.971653838933734,1905,6365,598,300,112,1806,3,391,112,3
"1722","2020-04-19",262,20,60,1013,5327,0.971653838933734,1905,6365,598,300,118,1924,4,395,115,4
"1723","2020-04-20",267,20,67,1090,5327,0.971653838933734,1905,6365,598,300,116,2040,12,407,109,12
"1724","2020-04-21",283,20,69,1133,5327,0.971653838933734,1905,6365,598,300,103,2143,7,414,100,7
"1725","2020-04-22",284,20,72,1154,5327,0.971653838933734,1905,6365,598,300,87,2230,8,422,84,8
"1726","2020-04-23",312,20,67,1220,5327,0.971653838933734,1905,6365,598,300,103,2333,16,438,102,16
"1727","2020-04-24",403,20,63,1261,5327,0.971653838933734,1905,6365,598,300,154,2487,15,453,150,15
"1728","2020-04-25",392,20,64,1313,5327,0.971653838933734,1905,6365,598,300,113,2600,22,475,112,22
"1729","2020-04-26",427,20,64,1353,5327,0.971653838933734,1905,6365,598,300,135,2735,15,490,134,15
"1730","2020-04-27",427,20,71,1378,5327,0.971653838933734,1905,6365,598,300,105,2840,17,507,101,17
"1731","2020-04-28",419,20,64,1417,5327,0.971653838933734,1905,6365,598,300,118,2958,14,521,118,14
"1732","2020-04-29",434,20,57,1435,5327,0.971653838933734,1905,6365,598,300,114,3072,14,535,110,14
"1733","2020-04-30",448,20,57,1486,5327,0.971653838933734,1905,6365,598,300,103,3175,14,549,102,14
"1734","2020-05-01",507,20,49,1457,5327,0.971653838933734,1905,6365,598,300,111,3286,16,565,105,16
"1735","2020-05-02",535,20,54,1478,5327,0.971653838933734,1905,6365,598,300,118,3404,12,577,117,12
"1736","2020-05-03",444,20,65,1449,5327,0.971653838933734,1905,6365,598,300,118,3522,15,592,114,15
"1737","2020-05-04",465,20,76,1453,5327,0.971653838933734,1905,6365,598,300,119,3641,14,606,116,14
"1738","2020-05-05",465,20,84,1481,5327,0.971653838933734,1905,6365,598,300,98,3739,11,617,93,11
"1739","2020-05-06",475,20,77,1447,5327,0.971653838933734,1905,6365,598,300,83,3822,18,635,81,18
"1740","2020-05-07",477,20,70,1427,5327,0.971653838933734,1905,6365,598,300,107,3929,6,641,107,6
"1741","2020-05-08",455,20,71,1362,5327,0.971653838933734,1905,6365,598,300,75,4004,10,651,73,10
"1742","2020-05-09",455,20,75,1286,5327,0.971653838933734,1905,6365,598,300,86,4090,5,656,85,5
"1743","2020-05-10",455,20,84,1288,5327,0.971653838933734,1905,6365,598,300,68,4158,11,667,68,11
"1744","2020-05-11",431,20,86,1217,5327,0.971653838933734,1905,6365,598,300,75,4233,13,680,69,13
"1745","2020-05-12",439,20,95,1148,5327,0.971653838933734,1905,6365,598,300,63,4296,3,683,58,3
"1746","2020-05-13",420,20,93,1080,5327,0.971653838933734,1905,6365,598,300,73,4369,5,688,72,5
"1747","2020-05-14",399,20,94,1008,5327,0.971653838933734,1905,6365,598,300,65,4434,14,702,62,14
"1748","2020-05-15",388,20,102,967,5327,0.971653838933734,1905,6365,598,300,59,4493,8,710,59,8
"1749","2020-05-16",387,20,101,921,5327,0.971653838933734,1905,6365,598,300,65,4558,5,715,64,5
"1750","2020-05-17",360,20,92,860,5327,0.971653838933734,1905,6365,598,300,46,4604,9,724,44,9
"1751","2020-05-18",351,20,84,815,5327,0.971653838933734,1905,6365,598,300,46,4650,5,729,45,5
"1752","2020-05-19",339,20,74,761,5327,0.971653838933734,1905,6365,598,300,48,4698,7,736,46,7
"1753","2020-05-20",328,20,75,704,5327,0.971653838933734,1905,6365,598,300,47,4745,7,743,46,7
"1754","2020-05-21",313,20,66,670,5327,0.971653838933734,1905,6365,598,300,37,4782,6,749,37,6
"1755","2020-05-22",288,20,68,630,5327,0.971653838933734,1905,6365,598,300,34,4816,9,758,34,9
"1756","2020-05-23",261,20,70,588,5327,0.971653838933734,1905,6365,598,300,32,4848,6,764,30,6
"1757","2020-05-24",236,20,54,532,5327,0.971653838933734,1905,6365,598,300,29,4877,7,771,27,7
"1758","2020-05-25",216,20,44,505,5327,0.971653838933734,1905,6365,598,300,33,4910,4,775,32,4
"1759","2020-05-26",201,20,35,444,5327,0.971653838933734,1905,6365,598,300,33,4943,17,792,31,17
"1760","2020-05-27",187,20,38,403,5327,0.971653838933734,1905,6365,598,300,27,4970,12,804,25,12
"1761","2020-05-28",174,20,39,378,5327,0.971653838933734,1905,6365,598,300,25,4995,9,813,25,9
"1762","2020-05-29",149,20,43,346,5327,0.971653838933734,1905,6365,598,300,23,5018,10,823,22,10
"1763","2020-05-30",139,20,49,314,5327,0.971653838933734,1905,6365,598,300,17,5035,2,825,16,2
"1764","2020-05-31",125,20,47,285,5327,0.971653838933734,1905,6365,598,300,23,5058,9,834,21,9
"1765","2020-06-01",114,20,41,262,5327,0.971653838933734,1905,6365,598,300,10,5068,4,838,9,4
"1766","2020-06-02",97,20,40,239,5327,0.971653838933734,1905,6365,598,300,14,5082,5,843,14,5
"1767","2020-06-03",90,20,37,222,5327,0.971653838933734,1905,6365,598,300,14,5096,3,846,14,3
"1768","2020-06-04",89,20,39,203,5327,0.971653838933734,1905,6365,598,300,6,5102,9,855,6,9
"1769","2020-06-05",85,20,35,182,5327,0.971653838933734,1905,6365,598,300,13,5115,7,862,12,7
"1770","2020-06-06",92,20,36,167,5327,0.971653838933734,1905,6365,598,300,5,5120,5,867,5,5
"1771","2020-06-07",82,20,36,152,5327,0.971653838933734,1905,6365,598,300,7,5127,7,874,7,7
