"","Date","Absents","Paramset","Infections_or_Exposed_per_day_Patient","Infections_or_Exposed_per_day_HCW","total_infections","nosocomial_proportion","PCR_pooled","LFD_pooled","HCW_symp_test","patient_symp_test","new_hcw_infs","cumulative_hcw_infs","new_pat_infs","cumulative_pats_infs","new_nosocomial_hcw_infs","new_nosocomial_pat_infs"
"1","2020-03-13",9,1,86,278,8353,0.289596552136957,8250,40430,352,1042,105,278,17,60,15,17
"2","2020-03-14",35,1,122,384,8353,0.289596552136957,8250,40430,352,1042,106,384,39,99,16,39
"3","2020-03-15",56,1,145,517,8353,0.289596552136957,8250,40430,352,1042,134,518,28,127,32,28
"4","2020-03-16",67,1,192,637,8353,0.289596552136957,8250,40430,352,1042,121,639,60,187,35,60
"5","2020-03-17",84,1,216,762,8353,0.289596552136957,8250,40430,352,1042,130,769,39,226,53,39
"6","2020-03-18",113,1,240,904,8353,0.289596552136957,8250,40430,352,1042,156,925,54,280,67,54
"7","2020-03-19",147,1,250,1031,8353,0.289596552136957,8250,40430,352,1042,148,1073,55,335,68,55
"8","2020-03-20",242,1,241,1162,8353,0.289596552136957,8250,40430,352,1042,164,1237,39,374,78,39
"9","2020-03-21",276,1,246,1276,8353,0.289596552136957,8250,40430,352,1042,157,1394,56,430,78,56
"10","2020-03-22",364,1,231,1367,8353,0.289596552136957,8250,40430,352,1042,151,1545,30,460,59,30
"11","2020-03-23",397,1,204,1439,8353,0.289596552136957,8250,40430,352,1042,139,1684,25,485,68,25
"12","2020-03-24",407,1,195,1510,8353,0.289596552136957,8250,40430,352,1042,144,1828,26,511,68,26
"13","2020-03-25",431,1,214,1547,8353,0.289596552136957,8250,40430,352,1042,126,1954,55,566,52,55
"14","2020-03-26",444,1,222,1579,8353,0.289596552136957,8250,40430,352,1042,143,2097,39,605,69,39
"15","2020-03-27",577,1,228,1601,8353,0.289596552136957,8250,40430,352,1042,140,2237,33,638,53,33
"16","2020-03-28",607,1,221,1602,8353,0.289596552136957,8250,40430,352,1042,140,2377,35,673,58,35
"17","2020-03-29",518,1,207,1596,8353,0.289596552136957,8250,40430,352,1042,118,2495,36,709,52,36
"18","2020-03-30",512,1,215,1601,8353,0.289596552136957,8250,40430,352,1042,128,2623,31,740,63,31
"19","2020-03-31",494,1,230,1601,8353,0.289596552136957,8250,40430,352,1042,137,2760,53,793,62,53
"20","2020-04-01",501,1,204,1570,8353,0.289596552136957,8250,40430,352,1042,130,2890,28,821,52,28
"21","2020-04-02",510,1,224,1547,8353,0.289596552136957,8250,40430,352,1042,117,3007,60,881,42,60
"22","2020-04-03",526,1,222,1530,8353,0.289596552136957,8250,40430,352,1042,130,3137,32,913,62,32
"23","2020-04-04",507,1,224,1522,8353,0.289596552136957,8250,40430,352,1042,133,3270,26,939,62,26
"24","2020-04-05",463,1,238,1519,8353,0.289596552136957,8250,40430,352,1042,117,3387,40,979,50,40
"25","2020-04-06",452,1,226,1491,8353,0.289596552136957,8250,40430,352,1042,94,3481,40,1019,45,40
"26","2020-04-07",476,1,207,1476,8353,0.289596552136957,8250,40430,352,1042,111,3592,20,1039,56,20
"27","2020-04-08",460,1,206,1453,8353,0.289596552136957,8250,40430,352,1042,111,3703,32,1071,42,32
"28","2020-04-09",446,1,215,1439,8353,0.289596552136957,8250,40430,352,1042,111,3814,36,1107,39,36
"29","2020-04-10",479,1,229,1409,8353,0.289596552136957,8250,40430,352,1042,91,3905,39,1146,38,39
"30","2020-04-11",483,1,233,1405,8353,0.289596552136957,8250,40430,352,1042,118,4023,33,1179,42,33
"31","2020-04-12",469,1,221,1380,8353,0.289596552136957,8250,40430,352,1042,103,4126,29,1208,28,29
"32","2020-04-13",462,1,240,1358,8353,0.289596552136957,8250,40430,352,1042,103,4229,32,1240,33,32
"33","2020-04-14",440,1,240,1356,8353,0.289596552136957,8250,40430,352,1042,113,4342,45,1285,42,45
"34","2020-04-15",443,1,224,1309,8353,0.289596552136957,8250,40430,352,1042,82,4424,26,1311,32,26
"35","2020-04-16",444,1,250,1273,8353,0.289596552136957,8250,40430,352,1042,76,4500,35,1346,24,35
"36","2020-04-17",445,1,242,1256,8353,0.289596552136957,8250,40430,352,1042,98,4598,29,1375,22,29
"37","2020-04-18",451,1,237,1239,8353,0.289596552136957,8250,40430,352,1042,95,4693,18,1393,24,18
"38","2020-04-19",417,1,233,1212,8353,0.289596552136957,8250,40430,352,1042,82,4775,35,1428,28,35
"39","2020-04-20",405,1,222,1207,8353,0.289596552136957,8250,40430,352,1042,96,4871,29,1457,36,29
"40","2020-04-21",380,1,273,1182,8353,0.289596552136957,8250,40430,352,1042,87,4958,56,1513,28,56
"41","2020-04-22",362,1,311,1153,8353,0.289596552136957,8250,40430,352,1042,76,5034,57,1570,20,57
"42","2020-04-23",355,1,325,1114,8353,0.289596552136957,8250,40430,352,1042,81,5115,58,1628,21,58
"43","2020-04-24",393,1,281,1103,8353,0.289596552136957,8250,40430,352,1042,84,5199,26,1654,23,26
"44","2020-04-25",396,1,274,1085,8353,0.289596552136957,8250,40430,352,1042,87,5286,34,1688,24,34
"45","2020-04-26",331,1,289,1067,8353,0.289596552136957,8250,40430,352,1042,83,5369,52,1740,31,52
"46","2020-04-27",318,1,264,1048,8353,0.289596552136957,8250,40430,352,1042,81,5450,32,1772,29,32
"47","2020-04-28",326,1,248,1023,8353,0.289596552136957,8250,40430,352,1042,75,5525,21,1793,24,21
"48","2020-04-29",341,1,229,981,8353,0.289596552136957,8250,40430,352,1042,62,5587,14,1807,14,14
"49","2020-04-30",342,1,204,973,8353,0.289596552136957,8250,40430,352,1042,66,5653,15,1822,16,15
"50","2020-05-01",323,1,195,945,8353,0.289596552136957,8250,40430,352,1042,52,5705,17,1839,21,17
"51","2020-05-02",295,1,183,918,8353,0.289596552136957,8250,40430,352,1042,44,5749,16,1855,15,16
"52","2020-05-03",291,1,180,870,8353,0.289596552136957,8250,40430,352,1042,43,5792,18,1873,10,18
"53","2020-05-04",282,1,208,845,8353,0.289596552136957,8250,40430,352,1042,54,5846,55,1928,12,55
"54","2020-05-05",271,1,222,820,8353,0.289596552136957,8250,40430,352,1042,43,5889,23,1951,9,23
"55","2020-05-06",250,1,215,803,8353,0.289596552136957,8250,40430,352,1042,50,5939,26,1977,13,26
"56","2020-05-07",262,1,228,775,8353,0.289596552136957,8250,40430,352,1042,53,5992,37,2014,16,37
"57","2020-05-08",258,1,262,737,8353,0.289596552136957,8250,40430,352,1042,42,6034,50,2064,6,50
"58","2020-05-09",259,1,274,712,8353,0.289596552136957,8250,40430,352,1042,57,6091,43,2107,18,43
"59","2020-05-10",233,1,241,707,8353,0.289596552136957,8250,40430,352,1042,59,6150,28,2135,13,28
"60","2020-05-11",225,1,225,679,8353,0.289596552136957,8250,40430,352,1042,42,6192,20,2155,9,20
"61","2020-05-12",214,1,270,638,8353,0.289596552136957,8250,40430,352,1042,29,6221,67,2222,6,67
"62","2020-05-13",209,1,290,619,8353,0.289596552136957,8250,40430,352,1042,49,6270,45,2267,4,45
"63","2020-05-14",183,1,326,595,8353,0.289596552136957,8250,40430,352,1042,35,6305,54,2321,9,54
"64","2020-05-15",169,1,322,588,8353,0.289596552136957,8250,40430,352,1042,39,6344,52,2373,7,52
"65","2020-05-16",180,1,319,572,8353,0.289596552136957,8250,40430,352,1042,27,6371,52,2425,9,52
"66","2020-05-17",173,1,306,551,8353,0.289596552136957,8250,40430,352,1042,26,6397,53,2478,3,53
"67","2020-05-18",180,1,269,514,8353,0.289596552136957,8250,40430,352,1042,21,6418,18,2496,6,18
"68","2020-05-19",180,1,237,490,8353,0.289596552136957,8250,40430,352,1042,30,6448,18,2514,9,18
"69","2020-05-20",183,1,228,451,8353,0.289596552136957,8250,40430,352,1042,16,6464,25,2539,2,25
"70","2020-05-21",173,1,226,418,8353,0.289596552136957,8250,40430,352,1042,17,6481,16,2555,8,16
"71","2020-05-22",160,1,207,399,8353,0.289596552136957,8250,40430,352,1042,20,6501,16,2571,4,16
"72","2020-05-23",137,1,189,371,8353,0.289596552136957,8250,40430,352,1042,26,6527,14,2585,8,14
"73","2020-05-24",127,1,170,350,8353,0.289596552136957,8250,40430,352,1042,24,6551,10,2595,2,10
"74","2020-05-25",109,1,171,332,8353,0.289596552136957,8250,40430,352,1042,23,6574,17,2612,8,17
"75","2020-05-26",103,1,164,319,8353,0.289596552136957,8250,40430,352,1042,23,6597,11,2623,3,11
"76","2020-05-27",96,1,160,303,8353,0.289596552136957,8250,40430,352,1042,24,6621,17,2640,1,17
"77","2020-05-28",89,1,148,293,8353,0.289596552136957,8250,40430,352,1042,21,6642,11,2651,6,11
"78","2020-05-29",99,1,184,279,8353,0.289596552136957,8250,40430,352,1042,24,6666,46,2697,4,46
"79","2020-05-30",106,1,204,274,8353,0.289596552136957,8250,40430,352,1042,17,6683,35,2732,4,35
"80","2020-05-31",106,1,195,265,8353,0.289596552136957,8250,40430,352,1042,21,6704,25,2757,5,25
"81","2020-06-01",111,1,191,257,8353,0.289596552136957,8250,40430,352,1042,14,6718,22,2779,2,22
"82","2020-06-02",105,1,225,244,8353,0.289596552136957,8250,40430,352,1042,11,6729,54,2833,4,54
"83","2020-06-03",100,1,259,236,8353,0.289596552136957,8250,40430,352,1042,18,6747,49,2882,3,49
"84","2020-06-04",97,1,262,232,8353,0.289596552136957,8250,40430,352,1042,17,6764,42,2924,3,42
"85","2020-06-05",86,1,254,220,8353,0.289596552136957,8250,40430,352,1042,11,6775,39,2963,2,39
"86","2020-06-06",81,1,223,202,8353,0.289596552136957,8250,40430,352,1042,10,6785,20,2983,5,20
"87","2020-06-07",68,1,213,194,8353,0.289596552136957,8250,40430,352,1042,13,6798,18,3001,4,18
"88","2020-03-13",1,2,67,149,7174,0.598968497351547,8280,35618,414,829,58,205,25,41,4,25
"89","2020-03-14",15,2,82,221,7174,0.598968497351547,8280,35618,414,829,85,290,33,74,18,33
"90","2020-03-15",31,2,78,286,7174,0.598968497351547,8280,35618,414,829,98,388,40,114,22,40
"91","2020-03-16",38,2,94,343,7174,0.598968497351547,8280,35618,414,829,120,508,39,153,54,39
"92","2020-03-17",44,2,119,420,7174,0.598968497351547,8280,35618,414,829,112,620,22,175,40,22
"93","2020-03-18",61,2,118,511,7174,0.598968497351547,8280,35618,414,829,118,738,27,202,58,27
"94","2020-03-19",76,2,121,571,7174,0.598968497351547,8280,35618,414,829,113,851,19,221,48,19
"95","2020-03-20",123,2,150,676,7174,0.598968497351547,8280,35618,414,829,109,960,43,264,53,43
"96","2020-03-21",176,2,156,772,7174,0.598968497351547,8280,35618,414,829,132,1092,27,291,79,27
"97","2020-03-22",219,2,173,867,7174,0.598968497351547,8280,35618,414,829,156,1248,33,324,97,33
"98","2020-03-23",222,2,184,963,7174,0.598968497351547,8280,35618,414,829,165,1413,62,386,95,62
"99","2020-03-24",230,2,180,1072,7174,0.598968497351547,8280,35618,414,829,153,1566,71,457,81,71
"100","2020-03-25",238,2,170,1171,7174,0.598968497351547,8280,35618,414,829,155,1721,55,512,74,55
"101","2020-03-26",278,2,197,1275,7174,0.598968497351547,8280,35618,414,829,156,1877,58,570,95,58
"102","2020-03-27",393,2,205,1339,7174,0.598968497351547,8280,35618,414,829,146,2023,47,617,88,47
"103","2020-03-28",445,2,191,1412,7174,0.598968497351547,8280,35618,414,829,142,2165,32,649,76,32
"104","2020-03-29",441,2,172,1500,7174,0.598968497351547,8280,35618,414,829,125,2290,29,678,79,29
"105","2020-03-30",463,2,190,1530,7174,0.598968497351547,8280,35618,414,829,148,2438,39,717,80,39
"106","2020-03-31",464,2,170,1598,7174,0.598968497351547,8280,35618,414,829,162,2600,31,748,99,31
"107","2020-04-01",487,2,137,1643,7174,0.598968497351547,8280,35618,414,829,136,2736,44,792,66,44
"108","2020-04-02",480,2,122,1667,7174,0.598968497351547,8280,35618,414,829,151,2887,52,844,83,52
"109","2020-04-03",541,2,105,1689,7174,0.598968497351547,8280,35618,414,829,129,3016,31,875,77,31
"110","2020-04-04",499,2,105,1728,7174,0.598968497351547,8280,35618,414,829,112,3128,28,903,56,28
"111","2020-04-05",509,2,151,1766,7174,0.598968497351547,8280,35618,414,829,99,3227,29,932,54,29
"112","2020-04-06",520,2,180,1784,7174,0.598968497351547,8280,35618,414,829,123,3350,17,949,79,17
"113","2020-04-07",530,2,200,1825,7174,0.598968497351547,8280,35618,414,829,118,3468,25,974,59,25
"114","2020-04-08",533,2,243,1827,7174,0.598968497351547,8280,35618,414,829,144,3612,51,1025,68,51
"115","2020-04-09",546,2,257,1842,7174,0.598968497351547,8280,35618,414,829,121,3733,32,1057,72,32
"116","2020-04-10",627,2,251,1830,7174,0.598968497351547,8280,35618,414,829,107,3840,27,1084,45,27
"117","2020-04-11",657,2,272,1777,7174,0.598968497351547,8280,35618,414,829,117,3957,30,1114,58,30
"118","2020-04-12",601,2,245,1714,7174,0.598968497351547,8280,35618,414,829,106,4063,20,1134,62,20
"119","2020-04-13",581,2,232,1672,7174,0.598968497351547,8280,35618,414,829,118,4181,12,1146,51,12
"120","2020-04-14",568,2,205,1634,7174,0.598968497351547,8280,35618,414,829,87,4268,39,1185,37,39
"121","2020-04-15",585,2,245,1603,7174,0.598968497351547,8280,35618,414,829,110,4378,37,1222,55,37
"122","2020-04-16",574,2,257,1539,7174,0.598968497351547,8280,35618,414,829,92,4470,53,1275,43,53
"123","2020-04-17",569,2,253,1452,7174,0.598968497351547,8280,35618,414,829,110,4580,40,1315,44,40
"124","2020-04-18",541,2,266,1378,7174,0.598968497351547,8280,35618,414,829,72,4652,32,1347,32,32
"125","2020-04-19",489,2,254,1350,7174,0.598968497351547,8280,35618,414,829,99,4751,29,1376,36,29
"126","2020-04-20",489,2,220,1290,7174,0.598968497351547,8280,35618,414,829,96,4847,50,1426,33,50
"127","2020-04-21",458,2,205,1210,7174,0.598968497351547,8280,35618,414,829,76,4923,26,1452,29,26
"128","2020-04-22",431,2,207,1157,7174,0.598968497351547,8280,35618,414,829,59,4982,36,1488,28,36
"129","2020-04-23",427,2,197,1106,7174,0.598968497351547,8280,35618,414,829,77,5059,33,1521,24,33
"130","2020-04-24",387,2,187,1067,7174,0.598968497351547,8280,35618,414,829,63,5122,28,1549,23,28
"131","2020-04-25",378,2,228,997,7174,0.598968497351547,8280,35618,414,829,56,5178,27,1576,24,27
"132","2020-04-26",345,2,228,929,7174,0.598968497351547,8280,35618,414,829,70,5248,23,1599,32,23
"133","2020-04-27",327,2,197,906,7174,0.598968497351547,8280,35618,414,829,67,5315,34,1633,17,34
"134","2020-04-28",329,2,189,860,7174,0.598968497351547,8280,35618,414,829,63,5378,29,1662,27,29
"135","2020-04-29",318,2,238,826,7174,0.598968497351547,8280,35618,414,829,54,5432,31,1693,20,31
"136","2020-04-30",297,2,268,788,7174,0.598968497351547,8280,35618,414,829,51,5483,21,1714,9,21
"137","2020-05-01",283,2,252,760,7174,0.598968497351547,8280,35618,414,829,54,5537,29,1743,12,29
"138","2020-05-02",269,2,231,732,7174,0.598968497351547,8280,35618,414,829,49,5586,29,1772,18,29
"139","2020-05-03",257,2,198,696,7174,0.598968497351547,8280,35618,414,829,55,5641,28,1800,16,28
"140","2020-05-04",248,2,175,656,7174,0.598968497351547,8280,35618,414,829,38,5679,28,1828,17,28
"141","2020-05-05",231,2,170,619,7174,0.598968497351547,8280,35618,414,829,34,5713,27,1855,4,27
"142","2020-05-06",221,2,170,586,7174,0.598968497351547,8280,35618,414,829,43,5756,20,1875,16,20
"143","2020-05-07",218,2,171,557,7174,0.598968497351547,8280,35618,414,829,43,5799,22,1897,12,22
"144","2020-05-08",214,2,188,546,7174,0.598968497351547,8280,35618,414,829,45,5844,19,1916,12,19
"145","2020-05-09",221,2,200,528,7174,0.598968497351547,8280,35618,414,829,42,5886,21,1937,12,21
"146","2020-05-10",193,2,196,515,7174,0.598968497351547,8280,35618,414,829,28,5914,17,1954,7,17
"147","2020-05-11",174,2,197,477,7174,0.598968497351547,8280,35618,414,829,35,5949,19,1973,18,19
"148","2020-05-12",169,2,229,461,7174,0.598968497351547,8280,35618,414,829,30,5979,49,2022,10,49
"149","2020-05-13",162,2,258,444,7174,0.598968497351547,8280,35618,414,829,20,5999,57,2079,6,57
"150","2020-05-14",158,2,234,426,7174,0.598968497351547,8280,35618,414,829,36,6035,50,2129,13,50
"151","2020-05-15",137,2,204,409,7174,0.598968497351547,8280,35618,414,829,21,6056,53,2182,5,53
"152","2020-05-16",128,2,170,383,7174,0.598968497351547,8280,35618,414,829,32,6088,61,2243,9,61
"153","2020-05-17",135,2,217,351,7174,0.598968497351547,8280,35618,414,829,19,6107,44,2287,4,44
"154","2020-05-18",131,2,263,318,7174,0.598968497351547,8280,35618,414,829,27,6134,33,2320,5,33
"155","2020-05-19",118,2,259,296,7174,0.598968497351547,8280,35618,414,829,24,6158,42,2362,6,42
"156","2020-05-20",117,2,290,291,7174,0.598968497351547,8280,35618,414,829,37,6195,38,2400,13,38
"157","2020-05-21",109,2,294,279,7174,0.598968497351547,8280,35618,414,829,16,6211,29,2429,5,29
"158","2020-05-22",116,2,296,268,7174,0.598968497351547,8280,35618,414,829,15,6226,30,2459,4,30
"159","2020-05-23",111,2,316,249,7174,0.598968497351547,8280,35618,414,829,20,6246,24,2483,4,24
"160","2020-05-24",91,2,285,235,7174,0.598968497351547,8280,35618,414,829,23,6269,15,2498,4,15
"161","2020-05-25",90,2,249,215,7174,0.598968497351547,8280,35618,414,829,13,6282,19,2517,1,19
"162","2020-05-26",82,2,213,205,7174,0.598968497351547,8280,35618,414,829,20,6302,20,2537,4,20
"163","2020-05-27",78,2,201,201,7174,0.598968497351547,8280,35618,414,829,20,6322,29,2566,8,29
"164","2020-05-28",78,2,196,195,7174,0.598968497351547,8280,35618,414,829,19,6341,14,2580,3,14
"165","2020-05-29",62,2,203,200,7174,0.598968497351547,8280,35618,414,829,18,6359,31,2611,1,31
"166","2020-05-30",64,2,200,189,7174,0.598968497351547,8280,35618,414,829,16,6375,32,2643,4,32
"167","2020-05-31",64,2,182,181,7174,0.598968497351547,8280,35618,414,829,15,6390,27,2670,3,27
"168","2020-06-01",63,2,156,172,7174,0.598968497351547,8280,35618,414,829,12,6402,23,2693,1,23
"169","2020-06-02",65,2,137,163,7174,0.598968497351547,8280,35618,414,829,13,6415,42,2735,1,42
"170","2020-06-03",62,2,124,149,7174,0.598968497351547,8280,35618,414,829,17,6432,32,2767,4,32
"171","2020-06-04",58,2,105,129,7174,0.598968497351547,8280,35618,414,829,13,6445,42,2809,1,42
"172","2020-06-05",56,2,124,116,7174,0.598968497351547,8280,35618,414,829,11,6456,44,2853,2,44
"173","2020-06-06",52,2,136,118,7174,0.598968497351547,8280,35618,414,829,8,6464,34,2887,2,34
"174","2020-06-07",51,2,139,115,7174,0.598968497351547,8280,35618,414,829,12,6476,32,2919,2,32
"175","2020-03-08",1,3,0,0,8341,0.434360388442633,8400,38502,504,2183,NA,NA,NA,NA,NA,NA
"176","2020-03-09",1,3,0,0,8341,0.434360388442633,8400,38502,504,2183,NA,NA,NA,NA,NA,NA
"177","2020-03-10",0,3,0,0,8341,0.434360388442633,8400,38502,504,2183,NA,NA,NA,NA,NA,NA
"178","2020-03-11",0,3,0,0,8341,0.434360388442633,8400,38502,504,2183,30,30,10,10,7,10
"179","2020-03-12",1,3,153,154,8341,0.434360388442633,8400,38502,504,2183,28,58,15,25,12,15
"180","2020-03-13",8,3,173,247,8341,0.434360388442633,8400,38502,504,2183,47,105,28,53,19,28
"181","2020-03-14",28,3,193,336,8341,0.434360388442633,8400,38502,504,2183,44,149,29,82,28,29
"182","2020-03-15",55,3,261,448,8341,0.434360388442633,8400,38502,504,2183,56,205,37,119,33,37
"183","2020-03-16",62,3,302,567,8341,0.434360388442633,8400,38502,504,2183,71,276,35,154,52,35
"184","2020-03-17",71,3,299,685,8341,0.434360388442633,8400,38502,504,2183,63,339,16,170,47,16
"185","2020-03-18",93,3,277,817,8341,0.434360388442633,8400,38502,504,2183,77,416,46,216,48,46
"186","2020-03-19",126,3,274,932,8341,0.434360388442633,8400,38502,504,2183,110,526,47,263,81,47
"187","2020-03-20",196,3,263,1054,8341,0.434360388442633,8400,38502,504,2183,124,650,46,309,104,46
"188","2020-03-21",299,3,257,1187,8341,0.434360388442633,8400,38502,504,2183,127,777,47,356,111,47
"189","2020-03-22",324,3,263,1333,8341,0.434360388442633,8400,38502,504,2183,139,916,27,383,113,27
"190","2020-03-23",333,3,276,1434,8341,0.434360388442633,8400,38502,504,2183,158,1074,31,414,139,31
"191","2020-03-24",357,3,322,1521,8341,0.434360388442633,8400,38502,504,2183,138,1212,35,449,122,35
"192","2020-03-25",400,3,302,1610,8341,0.434360388442633,8400,38502,504,2183,152,1364,31,480,130,31
"193","2020-03-26",428,3,302,1707,8341,0.434360388442633,8400,38502,504,2183,172,1536,29,509,142,29
"194","2020-03-27",615,3,297,1771,8341,0.434360388442633,8400,38502,504,2183,152,1688,19,528,134,19
"195","2020-03-28",587,3,296,1799,8341,0.434360388442633,8400,38502,504,2183,185,1873,29,557,161,29
"196","2020-03-29",586,3,313,1861,8341,0.434360388442633,8400,38502,504,2183,190,2063,31,588,173,31
"197","2020-03-30",587,3,319,1925,8341,0.434360388442633,8400,38502,504,2183,194,2257,24,612,176,24
"198","2020-03-31",591,3,317,1979,8341,0.434360388442633,8400,38502,504,2183,236,2493,20,632,209,20
"199","2020-04-01",587,3,287,1971,8341,0.434360388442633,8400,38502,504,2183,142,2635,22,654,127,22
"200","2020-04-02",603,3,280,2004,8341,0.434360388442633,8400,38502,504,2183,229,2864,36,690,209,36
"201","2020-04-03",651,3,275,1998,8341,0.434360388442633,8400,38502,504,2183,192,3056,31,721,167,31
"202","2020-04-04",675,3,300,2004,8341,0.434360388442633,8400,38502,504,2183,177,3233,27,748,157,27
"203","2020-04-05",618,3,283,2000,8341,0.434360388442633,8400,38502,504,2183,227,3460,18,766,205,18
"204","2020-04-06",632,3,298,1994,8341,0.434360388442633,8400,38502,504,2183,160,3620,52,818,143,52
"205","2020-04-07",619,3,297,1966,8341,0.434360388442633,8400,38502,504,2183,181,3801,40,858,160,40
"206","2020-04-08",624,3,336,1903,8341,0.434360388442633,8400,38502,504,2183,181,3982,40,898,158,40
"207","2020-04-09",617,3,335,1865,8341,0.434360388442633,8400,38502,504,2183,165,4147,27,925,144,27
"208","2020-04-10",630,3,315,1812,8341,0.434360388442633,8400,38502,504,2183,156,4303,24,949,136,24
"209","2020-04-11",624,3,316,1738,8341,0.434360388442633,8400,38502,504,2183,133,4436,28,977,115,28
"210","2020-04-12",587,3,310,1708,8341,0.434360388442633,8400,38502,504,2183,118,4554,20,997,107,20
"211","2020-04-13",565,3,318,1650,8341,0.434360388442633,8400,38502,504,2183,139,4693,25,1022,126,25
"212","2020-04-14",557,3,329,1584,8341,0.434360388442633,8400,38502,504,2183,102,4795,28,1050,88,28
"213","2020-04-15",528,3,316,1548,8341,0.434360388442633,8400,38502,504,2183,103,4898,37,1087,92,37
"214","2020-04-16",509,3,304,1490,8341,0.434360388442633,8400,38502,504,2183,93,4991,43,1130,87,43
"215","2020-04-17",501,3,274,1435,8341,0.434360388442633,8400,38502,504,2183,108,5099,25,1155,95,25
"216","2020-04-18",489,3,296,1381,8341,0.434360388442633,8400,38502,504,2183,91,5190,14,1169,80,14
"217","2020-04-19",435,3,302,1339,8341,0.434360388442633,8400,38502,504,2183,86,5276,30,1199,75,30
"218","2020-04-20",431,3,309,1277,8341,0.434360388442633,8400,38502,504,2183,62,5338,36,1235,52,36
"219","2020-04-21",417,3,265,1225,8341,0.434360388442633,8400,38502,504,2183,62,5400,28,1263,51,28
"220","2020-04-22",424,3,271,1180,8341,0.434360388442633,8400,38502,504,2183,63,5463,31,1294,53,31
"221","2020-04-23",421,3,311,1112,8341,0.434360388442633,8400,38502,504,2183,59,5522,22,1316,52,22
"222","2020-04-24",395,3,327,1058,8341,0.434360388442633,8400,38502,504,2183,60,5582,11,1327,47,11
"223","2020-04-25",389,3,361,994,8341,0.434360388442633,8400,38502,504,2183,54,5636,25,1352,40,25
"224","2020-04-26",368,3,359,940,8341,0.434360388442633,8400,38502,504,2183,57,5693,20,1372,49,20
"225","2020-04-27",342,3,366,876,8341,0.434360388442633,8400,38502,504,2183,41,5734,17,1389,30,17
"226","2020-04-28",328,3,353,847,8341,0.434360388442633,8400,38502,504,2183,28,5762,27,1416,21,27
"227","2020-04-29",311,3,338,792,8341,0.434360388442633,8400,38502,504,2183,43,5805,40,1456,28,40
"228","2020-04-30",290,3,315,765,8341,0.434360388442633,8400,38502,504,2183,40,5845,29,1485,34,29
"229","2020-05-01",271,3,350,728,8341,0.434360388442633,8400,38502,504,2183,28,5873,27,1512,22,27
"230","2020-05-02",245,3,346,686,8341,0.434360388442633,8400,38502,504,2183,37,5910,37,1549,29,37
"231","2020-05-03",231,3,329,675,8341,0.434360388442633,8400,38502,504,2183,37,5947,36,1585,29,36
"232","2020-05-04",222,3,313,644,8341,0.434360388442633,8400,38502,504,2183,28,5975,24,1609,21,24
"233","2020-05-05",225,3,301,615,8341,0.434360388442633,8400,38502,504,2183,30,6005,33,1642,20,33
"234","2020-05-06",220,3,321,611,8341,0.434360388442633,8400,38502,504,2183,30,6035,26,1668,19,26
"235","2020-05-07",217,3,361,593,8341,0.434360388442633,8400,38502,504,2183,22,6057,17,1685,18,17
"236","2020-05-08",202,3,360,563,8341,0.434360388442633,8400,38502,504,2183,28,6085,19,1704,20,19
"237","2020-05-09",206,3,367,551,8341,0.434360388442633,8400,38502,504,2183,28,6113,37,1741,17,37
"238","2020-05-10",174,3,358,535,8341,0.434360388442633,8400,38502,504,2183,25,6138,36,1777,15,36
"239","2020-05-11",163,3,341,507,8341,0.434360388442633,8400,38502,504,2183,24,6162,47,1824,19,47
"240","2020-05-12",149,3,320,493,8341,0.434360388442633,8400,38502,504,2183,24,6186,30,1854,17,30
"241","2020-05-13",143,3,341,467,8341,0.434360388442633,8400,38502,504,2183,19,6205,42,1896,10,42
"242","2020-05-14",132,3,374,449,8341,0.434360388442633,8400,38502,504,2183,16,6221,24,1920,8,24
"243","2020-05-15",141,3,346,436,8341,0.434360388442633,8400,38502,504,2183,22,6243,58,1978,13,58
"244","2020-05-16",132,3,353,423,8341,0.434360388442633,8400,38502,504,2183,22,6265,25,2003,14,25
"245","2020-05-17",132,3,339,400,8341,0.434360388442633,8400,38502,504,2183,16,6281,22,2025,9,22
"246","2020-05-18",132,3,317,365,8341,0.434360388442633,8400,38502,504,2183,22,6303,20,2045,12,20
"247","2020-05-19",128,3,304,342,8341,0.434360388442633,8400,38502,504,2183,18,6321,43,2088,12,43
"248","2020-05-20",122,3,295,320,8341,0.434360388442633,8400,38502,504,2183,13,6334,29,2117,7,29
"249","2020-05-21",118,3,297,304,8341,0.434360388442633,8400,38502,504,2183,12,6346,21,2138,6,21
"250","2020-05-22",104,3,292,282,8341,0.434360388442633,8400,38502,504,2183,11,6357,42,2180,6,42
"251","2020-05-23",104,3,295,260,8341,0.434360388442633,8400,38502,504,2183,9,6366,66,2246,5,66
"252","2020-05-24",94,3,291,246,8341,0.434360388442633,8400,38502,504,2183,18,6384,34,2280,15,34
"253","2020-05-25",86,3,314,239,8341,0.434360388442633,8400,38502,504,2183,8,6392,26,2306,8,26
"254","2020-05-26",77,3,309,225,8341,0.434360388442633,8400,38502,504,2183,8,6400,20,2326,6,20
"255","2020-05-27",74,3,317,207,8341,0.434360388442633,8400,38502,504,2183,10,6410,15,2341,5,15
"256","2020-05-28",70,3,341,208,8341,0.434360388442633,8400,38502,504,2183,13,6423,37,2378,9,37
"257","2020-05-29",64,3,346,199,8341,0.434360388442633,8400,38502,504,2183,13,6436,38,2416,8,38
"258","2020-05-30",61,3,339,200,8341,0.434360388442633,8400,38502,504,2183,12,6448,35,2451,8,35
"259","2020-05-31",73,3,313,190,8341,0.434360388442633,8400,38502,504,2183,10,6458,34,2485,6,34
"260","2020-06-01",77,3,297,180,8341,0.434360388442633,8400,38502,504,2183,8,6466,29,2514,5,29
"261","2020-06-02",67,3,289,164,8341,0.434360388442633,8400,38502,504,2183,13,6479,17,2531,5,17
"262","2020-06-03",65,3,283,155,8341,0.434360388442633,8400,38502,504,2183,14,6493,17,2548,8,17
"263","2020-06-04",64,3,284,153,8341,0.434360388442633,8400,38502,504,2183,8,6501,23,2571,5,23
"264","2020-06-05",62,3,279,141,8341,0.434360388442633,8400,38502,504,2183,13,6514,23,2594,9,23
"265","2020-06-06",61,3,292,141,8341,0.434360388442633,8400,38502,504,2183,8,6522,51,2645,7,51
"266","2020-06-07",46,3,288,134,8341,0.434360388442633,8400,38502,504,2183,13,6535,38,2683,11,38
"267","2020-03-13",3,4,105,120,6786,0.642941349837902,8325,35689,340,1333,120,345,19,142,33,19
"268","2020-03-14",9,4,139,167,6786,0.642941349837902,8325,35689,340,1333,114,459,77,219,52,77
"269","2020-03-15",14,4,133,215,6786,0.642941349837902,8325,35689,340,1333,141,600,28,247,52,28
"270","2020-03-16",21,4,134,272,6786,0.642941349837902,8325,35689,340,1333,146,746,29,276,68,29
"271","2020-03-17",22,4,163,363,6786,0.642941349837902,8325,35689,340,1333,129,875,64,340,74,64
"272","2020-03-18",29,4,168,453,6786,0.642941349837902,8325,35689,340,1333,151,1026,59,399,88,59
"273","2020-03-19",45,4,167,508,6786,0.642941349837902,8325,35689,340,1333,151,1177,48,447,87,48
"274","2020-03-20",84,4,208,587,6786,0.642941349837902,8325,35689,340,1333,149,1326,26,473,81,26
"275","2020-03-21",129,4,238,678,6786,0.642941349837902,8325,35689,340,1333,155,1481,31,504,77,31
"276","2020-03-22",151,4,226,783,6786,0.642941349837902,8325,35689,340,1333,163,1644,25,529,83,25
"277","2020-03-23",165,4,231,877,6786,0.642941349837902,8325,35689,340,1333,173,1817,22,551,104,22
"278","2020-03-24",192,4,206,978,6786,0.642941349837902,8325,35689,340,1333,186,2003,29,580,98,29
"279","2020-03-25",218,4,207,1038,6786,0.642941349837902,8325,35689,340,1333,163,2166,57,637,100,57
"280","2020-03-26",241,4,231,1120,6786,0.642941349837902,8325,35689,340,1333,141,2307,36,673,71,36
"281","2020-03-27",340,4,259,1192,6786,0.642941349837902,8325,35689,340,1333,146,2453,34,707,87,34
"282","2020-03-28",380,4,246,1294,6786,0.642941349837902,8325,35689,340,1333,167,2620,22,729,99,22
"283","2020-03-29",379,4,203,1384,6786,0.642941349837902,8325,35689,340,1333,168,2788,15,744,90,15
"284","2020-03-30",380,4,194,1453,6786,0.642941349837902,8325,35689,340,1333,152,2940,12,756,80,12
"285","2020-03-31",385,4,220,1507,6786,0.642941349837902,8325,35689,340,1333,135,3075,41,797,71,41
"286","2020-04-01",403,4,228,1587,6786,0.642941349837902,8325,35689,340,1333,152,3227,57,854,83,57
"287","2020-04-02",430,4,280,1623,6786,0.642941349837902,8325,35689,340,1333,128,3355,14,868,71,14
"288","2020-04-03",504,4,301,1665,6786,0.642941349837902,8325,35689,340,1333,118,3473,25,893,49,25
"289","2020-04-04",564,4,276,1711,6786,0.642941349837902,8325,35689,340,1333,139,3612,16,909,74,16
"290","2020-04-05",554,4,229,1711,6786,0.642941349837902,8325,35689,340,1333,148,3760,40,949,72,40
"291","2020-04-06",545,4,189,1717,6786,0.642941349837902,8325,35689,340,1333,126,3886,38,987,48,38
"292","2020-04-07",555,4,192,1710,6786,0.642941349837902,8325,35689,340,1333,137,4023,18,1005,67,18
"293","2020-04-08",566,4,239,1717,6786,0.642941349837902,8325,35689,340,1333,110,4133,56,1061,53,56
"294","2020-04-09",562,4,262,1693,6786,0.642941349837902,8325,35689,340,1333,130,4263,37,1098,69,37
"295","2020-04-10",610,4,244,1680,6786,0.642941349837902,8325,35689,340,1333,110,4373,16,1114,74,16
"296","2020-04-11",583,4,218,1660,6786,0.642941349837902,8325,35689,340,1333,113,4486,47,1161,51,47
"297","2020-04-12",529,4,187,1610,6786,0.642941349837902,8325,35689,340,1333,118,4604,53,1214,53,53
"298","2020-04-13",514,4,179,1574,6786,0.642941349837902,8325,35689,340,1333,107,4711,74,1288,41,74
"299","2020-04-14",505,4,162,1530,6786,0.642941349837902,8325,35689,340,1333,100,4811,35,1323,44,35
"300","2020-04-15",498,4,155,1466,6786,0.642941349837902,8325,35689,340,1333,102,4913,22,1345,55,22
"301","2020-04-16",489,4,159,1417,6786,0.642941349837902,8325,35689,340,1333,113,5026,18,1363,57,18
"302","2020-04-17",506,4,206,1373,6786,0.642941349837902,8325,35689,340,1333,98,5124,26,1389,48,26
"303","2020-04-18",479,4,292,1316,6786,0.642941349837902,8325,35689,340,1333,78,5202,20,1409,40,20
"304","2020-04-19",448,4,318,1273,6786,0.642941349837902,8325,35689,340,1333,85,5287,27,1436,31,27
"305","2020-04-20",443,4,297,1239,6786,0.642941349837902,8325,35689,340,1333,70,5357,43,1479,26,43
"306","2020-04-21",437,4,272,1192,6786,0.642941349837902,8325,35689,340,1333,80,5437,43,1522,30,43
"307","2020-04-22",418,4,247,1146,6786,0.642941349837902,8325,35689,340,1333,85,5522,26,1548,37,26
"308","2020-04-23",402,4,225,1106,6786,0.642941349837902,8325,35689,340,1333,74,5596,32,1580,40,32
"309","2020-04-24",374,4,232,1035,6786,0.642941349837902,8325,35689,340,1333,61,5657,18,1598,28,18
"310","2020-04-25",378,4,216,988,6786,0.642941349837902,8325,35689,340,1333,70,5727,27,1625,29,27
"311","2020-04-26",352,4,226,928,6786,0.642941349837902,8325,35689,340,1333,63,5790,23,1648,20,23
"312","2020-04-27",350,4,228,861,6786,0.642941349837902,8325,35689,340,1333,60,5850,14,1662,20,14
"313","2020-04-28",333,4,229,827,6786,0.642941349837902,8325,35689,340,1333,60,5910,12,1674,18,12
"314","2020-04-29",325,4,201,788,6786,0.642941349837902,8325,35689,340,1333,39,5949,17,1691,18,17
"315","2020-04-30",319,4,194,751,6786,0.642941349837902,8325,35689,340,1333,55,6004,63,1754,21,63
"316","2020-05-01",288,4,194,706,6786,0.642941349837902,8325,35689,340,1333,60,6064,41,1795,20,41
"317","2020-05-02",263,4,231,662,6786,0.642941349837902,8325,35689,340,1333,43,6107,23,1818,19,23
"318","2020-05-03",244,4,221,632,6786,0.642941349837902,8325,35689,340,1333,53,6160,43,1861,23,43
"319","2020-05-04",227,4,281,588,6786,0.642941349837902,8325,35689,340,1333,58,6218,19,1880,21,19
"320","2020-05-05",216,4,256,560,6786,0.642941349837902,8325,35689,340,1333,48,6266,39,1919,18,39
"321","2020-05-06",206,4,233,531,6786,0.642941349837902,8325,35689,340,1333,49,6315,32,1951,18,32
"322","2020-05-07",189,4,224,515,6786,0.642941349837902,8325,35689,340,1333,45,6360,15,1966,17,15
"323","2020-05-08",167,4,211,487,6786,0.642941349837902,8325,35689,340,1333,38,6398,23,1989,16,23
"324","2020-05-09",169,4,206,471,6786,0.642941349837902,8325,35689,340,1333,32,6430,13,2002,11,13
"325","2020-05-10",159,4,184,447,6786,0.642941349837902,8325,35689,340,1333,42,6472,17,2019,14,17
"326","2020-05-11",147,4,183,436,6786,0.642941349837902,8325,35689,340,1333,28,6500,17,2036,8,17
"327","2020-05-12",134,4,171,412,6786,0.642941349837902,8325,35689,340,1333,30,6530,33,2069,8,33
"328","2020-05-13",129,4,152,399,6786,0.642941349837902,8325,35689,340,1333,38,6568,32,2101,20,32
"329","2020-05-14",127,4,157,379,6786,0.642941349837902,8325,35689,340,1333,26,6594,45,2146,11,45
"330","2020-05-15",126,4,163,374,6786,0.642941349837902,8325,35689,340,1333,34,6628,25,2171,17,25
"331","2020-05-16",119,4,224,354,6786,0.642941349837902,8325,35689,340,1333,26,6654,13,2184,10,13
"332","2020-05-17",116,4,221,350,6786,0.642941349837902,8325,35689,340,1333,40,6694,15,2199,14,15
"333","2020-05-18",115,4,229,335,6786,0.642941349837902,8325,35689,340,1333,28,6722,25,2224,8,25
"334","2020-05-19",111,4,262,318,6786,0.642941349837902,8325,35689,340,1333,29,6751,28,2252,16,28
"335","2020-05-20",107,4,324,317,6786,0.642941349837902,8325,35689,340,1333,19,6770,19,2271,7,19
"336","2020-05-21",105,4,316,306,6786,0.642941349837902,8325,35689,340,1333,22,6792,16,2287,7,16
"337","2020-05-22",114,4,295,291,6786,0.642941349837902,8325,35689,340,1333,16,6808,22,2309,6,22
"338","2020-05-23",110,4,260,284,6786,0.642941349837902,8325,35689,340,1333,22,6830,34,2343,8,34
"339","2020-05-24",104,4,240,271,6786,0.642941349837902,8325,35689,340,1333,22,6852,15,2358,8,15
"340","2020-05-25",100,4,266,256,6786,0.642941349837902,8325,35689,340,1333,14,6866,14,2372,7,14
"341","2020-05-26",95,4,266,239,6786,0.642941349837902,8325,35689,340,1333,15,6881,41,2413,4,41
"342","2020-05-27",94,4,240,238,6786,0.642941349837902,8325,35689,340,1333,14,6895,59,2472,5,59
"343","2020-05-28",99,4,236,224,6786,0.642941349837902,8325,35689,340,1333,18,6913,45,2517,4,45
"344","2020-05-29",87,4,234,210,6786,0.642941349837902,8325,35689,340,1333,13,6926,42,2559,6,42
"345","2020-05-30",82,4,253,200,6786,0.642941349837902,8325,35689,340,1333,27,6953,14,2573,14,14
"346","2020-05-31",79,4,255,197,6786,0.642941349837902,8325,35689,340,1333,15,6968,18,2591,10,18
"347","2020-06-01",73,4,244,190,6786,0.642941349837902,8325,35689,340,1333,14,6982,17,2608,4,17
"348","2020-06-02",73,4,227,179,6786,0.642941349837902,8325,35689,340,1333,16,6998,12,2620,5,12
"349","2020-06-03",72,4,207,174,6786,0.642941349837902,8325,35689,340,1333,14,7012,20,2640,6,20
"350","2020-06-04",60,4,228,167,6786,0.642941349837902,8325,35689,340,1333,12,7024,54,2694,4,54
"351","2020-06-05",62,4,247,165,6786,0.642941349837902,8325,35689,340,1333,12,7036,40,2734,8,40
"352","2020-06-06",69,4,247,162,6786,0.642941349837902,8325,35689,340,1333,11,7047,23,2757,4,23
"353","2020-06-07",65,4,227,156,6786,0.642941349837902,8325,35689,340,1333,11,7058,19,2776,3,19
"354","2020-03-13",2,5,102,145,7136,0.523542600896861,8250,36307,378,1101,34,84,18,98,8,18
"355","2020-03-14",21,5,115,211,7136,0.523542600896861,8250,36307,378,1101,33,117,22,120,10,22
"356","2020-03-15",26,5,105,287,7136,0.523542600896861,8250,36307,378,1101,38,155,40,160,13,40
"357","2020-03-16",34,5,114,345,7136,0.523542600896861,8250,36307,378,1101,61,216,29,189,32,29
"358","2020-03-17",47,5,103,437,7136,0.523542600896861,8250,36307,378,1101,51,267,36,225,31,36
"359","2020-03-18",65,5,102,534,7136,0.523542600896861,8250,36307,378,1101,70,337,55,280,49,55
"360","2020-03-19",85,5,99,618,7136,0.523542600896861,8250,36307,378,1101,75,412,42,322,60,42
"361","2020-03-20",134,5,126,686,7136,0.523542600896861,8250,36307,378,1101,96,508,29,351,64,29
"362","2020-03-21",144,5,153,818,7136,0.523542600896861,8250,36307,378,1101,103,611,41,392,75,41
"363","2020-03-22",214,5,157,902,7136,0.523542600896861,8250,36307,378,1101,102,713,49,441,79,49
"364","2020-03-23",234,5,171,992,7136,0.523542600896861,8250,36307,378,1101,132,845,57,498,110,57
"365","2020-03-24",233,5,180,1042,7136,0.523542600896861,8250,36307,378,1101,131,976,33,531,109,34
"366","2020-03-25",255,5,202,1150,7136,0.523542600896861,8250,36307,378,1101,135,1111,26,557,115,26
"367","2020-03-26",272,5,227,1219,7136,0.523542600896861,8250,36307,378,1101,147,1258,27,584,120,27
"368","2020-03-27",357,5,228,1254,7136,0.523542600896861,8250,36307,378,1101,170,1428,22,606,144,22
"369","2020-03-28",405,5,210,1352,7136,0.523542600896861,8250,36307,378,1101,148,1576,29,635,125,29
"370","2020-03-29",442,5,208,1413,7136,0.523542600896861,8250,36307,378,1101,225,1801,29,664,199,29
"371","2020-03-30",445,5,217,1463,7136,0.523542600896861,8250,36307,378,1101,201,2002,36,700,172,36
"372","2020-03-31",454,5,218,1528,7136,0.523542600896861,8250,36307,378,1101,191,2193,51,751,161,51
"373","2020-04-01",466,5,206,1572,7136,0.523542600896861,8250,36307,378,1101,191,2384,41,792,165,41
"374","2020-04-02",486,5,217,1609,7136,0.523542600896861,8250,36307,378,1101,247,2631,29,821,224,29
"375","2020-04-03",600,5,246,1661,7136,0.523542600896861,8250,36307,378,1101,222,2853,30,851,200,30
"376","2020-04-04",587,5,221,1704,7136,0.523542600896861,8250,36307,378,1101,207,3060,18,869,185,18
"377","2020-04-05",546,5,198,1707,7136,0.523542600896861,8250,36307,378,1101,234,3294,37,906,215,37
"378","2020-04-06",553,5,194,1704,7136,0.523542600896861,8250,36307,378,1101,174,3468,46,952,159,46
"379","2020-04-07",535,5,223,1701,7136,0.523542600896861,8250,36307,378,1101,197,3665,33,985,177,33
"380","2020-04-08",537,5,224,1717,7136,0.523542600896861,8250,36307,378,1101,190,3855,36,1021,168,36
"381","2020-04-09",549,5,200,1721,7136,0.523542600896861,8250,36307,378,1101,148,4003,22,1043,128,22
"382","2020-04-10",578,5,177,1714,7136,0.523542600896861,8250,36307,378,1101,176,4179,31,1074,162,31
"383","2020-04-11",585,5,165,1711,7136,0.523542600896861,8250,36307,378,1101,180,4359,34,1108,166,34
"384","2020-04-12",546,5,158,1690,7136,0.523542600896861,8250,36307,378,1101,162,4521,23,1131,146,23
"385","2020-04-13",538,5,146,1648,7136,0.523542600896861,8250,36307,378,1101,120,4641,29,1160,99,29
"386","2020-04-14",544,5,198,1583,7136,0.523542600896861,8250,36307,378,1101,162,4803,41,1201,144,41
"387","2020-04-15",539,5,194,1559,7136,0.523542600896861,8250,36307,378,1101,123,4926,61,1262,102,61
"388","2020-04-16",529,5,212,1525,7136,0.523542600896861,8250,36307,378,1101,116,5042,33,1295,98,33
"389","2020-04-17",527,5,231,1484,7136,0.523542600896861,8250,36307,378,1101,107,5149,34,1329,93,34
"390","2020-04-18",539,5,244,1407,7136,0.523542600896861,8250,36307,378,1101,87,5236,29,1358,62,29
"391","2020-04-19",486,5,250,1356,7136,0.523542600896861,8250,36307,378,1101,85,5321,63,1421,72,63
"392","2020-04-20",478,5,234,1302,7136,0.523542600896861,8250,36307,378,1101,99,5420,40,1461,79,40
"393","2020-04-21",457,5,257,1232,7136,0.523542600896861,8250,36307,378,1101,85,5505,39,1500,69,39
"394","2020-04-22",456,5,235,1169,7136,0.523542600896861,8250,36307,378,1101,68,5573,24,1524,56,24
"395","2020-04-23",429,5,225,1085,7136,0.523542600896861,8250,36307,378,1101,46,5619,14,1538,33,14
"396","2020-04-24",394,5,231,1031,7136,0.523542600896861,8250,36307,378,1101,58,5677,41,1579,52,41
"397","2020-04-25",369,5,209,982,7136,0.523542600896861,8250,36307,378,1101,62,5739,42,1621,49,42
"398","2020-04-26",330,5,206,929,7136,0.523542600896861,8250,36307,378,1101,51,5790,29,1650,41,29
"399","2020-04-27",325,5,217,868,7136,0.523542600896861,8250,36307,378,1101,45,5835,20,1670,34,20
"400","2020-04-28",317,5,242,831,7136,0.523542600896861,8250,36307,378,1101,37,5872,29,1699,25,29
"401","2020-04-29",297,5,259,781,7136,0.523542600896861,8250,36307,378,1101,48,5920,27,1726,38,27
"402","2020-04-30",298,5,261,725,7136,0.523542600896861,8250,36307,378,1101,49,5969,16,1742,41,16
"403","2020-05-01",272,5,235,675,7136,0.523542600896861,8250,36307,378,1101,27,5996,19,1761,17,19
"404","2020-05-02",258,5,215,656,7136,0.523542600896861,8250,36307,378,1101,35,6031,35,1796,26,35
"405","2020-05-03",239,5,179,620,7136,0.523542600896861,8250,36307,378,1101,29,6060,22,1818,17,22
"406","2020-05-04",215,5,175,579,7136,0.523542600896861,8250,36307,378,1101,30,6090,21,1839,22,21
"407","2020-05-05",188,5,181,562,7136,0.523542600896861,8250,36307,378,1101,25,6115,19,1858,19,19
"408","2020-05-06",176,5,210,538,7136,0.523542600896861,8250,36307,378,1101,17,6132,41,1899,8,41
"409","2020-05-07",161,5,219,532,7136,0.523542600896861,8250,36307,378,1101,24,6156,30,1929,9,30
"410","2020-05-08",174,5,250,509,7136,0.523542600896861,8250,36307,378,1101,24,6180,22,1951,14,22
"411","2020-05-09",168,5,253,485,7136,0.523542600896861,8250,36307,378,1101,21,6201,23,1974,10,23
"412","2020-05-10",146,5,232,465,7136,0.523542600896861,8250,36307,378,1101,16,6217,14,1988,9,14
"413","2020-05-11",144,5,197,449,7136,0.523542600896861,8250,36307,378,1101,25,6242,22,2010,12,22
"414","2020-05-12",153,5,181,441,7136,0.523542600896861,8250,36307,378,1101,17,6259,21,2031,6,21
"415","2020-05-13",150,5,172,421,7136,0.523542600896861,8250,36307,378,1101,11,6270,39,2070,5,39
"416","2020-05-14",144,5,173,390,7136,0.523542600896861,8250,36307,378,1101,12,6282,34,2104,7,34
"417","2020-05-15",131,5,188,396,7136,0.523542600896861,8250,36307,378,1101,11,6293,43,2147,5,43
"418","2020-05-16",138,5,177,379,7136,0.523542600896861,8250,36307,378,1101,8,6301,30,2177,3,30
"419","2020-05-17",128,5,169,334,7136,0.523542600896861,8250,36307,378,1101,19,6320,13,2190,11,13
"420","2020-05-18",121,5,168,328,7136,0.523542600896861,8250,36307,378,1101,13,6333,14,2204,4,14
"421","2020-05-19",107,5,165,321,7136,0.523542600896861,8250,36307,378,1101,13,6346,17,2221,5,17
"422","2020-05-20",103,5,206,309,7136,0.523542600896861,8250,36307,378,1101,11,6357,23,2244,7,23
"423","2020-05-21",104,5,212,314,7136,0.523542600896861,8250,36307,378,1101,11,6368,31,2275,7,31
"424","2020-05-22",113,5,191,295,7136,0.523542600896861,8250,36307,378,1101,6,6374,27,2302,4,27
"425","2020-05-23",109,5,195,281,7136,0.523542600896861,8250,36307,378,1101,7,6381,30,2332,4,30
"426","2020-05-24",96,5,198,273,7136,0.523542600896861,8250,36307,378,1101,8,6389,36,2368,2,36
"427","2020-05-25",91,5,206,257,7136,0.523542600896861,8250,36307,378,1101,11,6400,30,2398,5,30
"428","2020-05-26",89,5,199,239,7136,0.523542600896861,8250,36307,378,1101,8,6408,33,2431,6,33
"429","2020-05-27",88,5,192,242,7136,0.523542600896861,8250,36307,378,1101,8,6416,48,2479,3,48
"430","2020-05-28",87,5,194,233,7136,0.523542600896861,8250,36307,378,1101,9,6425,21,2500,5,21
"431","2020-05-29",75,5,206,221,7136,0.523542600896861,8250,36307,378,1101,14,6439,28,2528,7,28
"432","2020-05-30",64,5,224,215,7136,0.523542600896861,8250,36307,378,1101,7,6446,23,2551,1,23
"433","2020-05-31",69,5,233,206,7136,0.523542600896861,8250,36307,378,1101,5,6451,32,2583,1,32
"434","2020-06-01",68,5,223,190,7136,0.523542600896861,8250,36307,378,1101,13,6464,51,2634,5,51
"435","2020-06-02",68,5,194,174,7136,0.523542600896861,8250,36307,378,1101,7,6471,29,2663,4,29
"436","2020-06-03",64,5,190,173,7136,0.523542600896861,8250,36307,378,1101,4,6475,15,2678,NA,15
"437","2020-06-04",56,5,163,176,7136,0.523542600896861,8250,36307,378,1101,8,6483,31,2709,3,31
"438","2020-06-05",57,5,159,168,7136,0.523542600896861,8250,36307,378,1101,10,6493,39,2748,3,39
"439","2020-06-06",59,5,162,167,7136,0.523542600896861,8250,36307,378,1101,8,6501,33,2781,4,33
"440","2020-06-07",53,5,159,161,7136,0.523542600896861,8250,36307,378,1101,6,6507,25,2806,2,25
"441","2020-03-12",1,6,160,103,7062,0.633248371566129,8400,37638,409,2256,55,98,31,54,4,31
"442","2020-03-13",4,6,194,173,7062,0.633248371566129,8400,37638,409,2256,49,147,31,85,7,31
"443","2020-03-14",24,6,230,245,7062,0.633248371566129,8400,37638,409,2256,73,220,11,96,20,11
"444","2020-03-15",29,6,235,327,7062,0.633248371566129,8400,37638,409,2256,73,293,16,112,22,16
"445","2020-03-16",33,6,207,418,7062,0.633248371566129,8400,37638,409,2256,91,384,62,174,43,62
"446","2020-03-17",45,6,178,504,7062,0.633248371566129,8400,37638,409,2256,100,484,57,231,41,57
"447","2020-03-18",66,6,194,586,7062,0.633248371566129,8400,37638,409,2256,101,585,25,256,47,25
"448","2020-03-19",82,6,180,667,7062,0.633248371566129,8400,37638,409,2256,126,711,27,283,87,27
"449","2020-03-20",125,6,145,754,7062,0.633248371566129,8400,37638,409,2256,124,835,19,302,77,19
"450","2020-03-21",171,6,142,846,7062,0.633248371566129,8400,37638,409,2256,142,977,16,318,83,16
"451","2020-03-22",226,6,137,929,7062,0.633248371566129,8400,37638,409,2256,162,1139,17,335,107,17
"452","2020-03-23",252,6,125,1007,7062,0.633248371566129,8400,37638,409,2256,160,1299,20,355,113,20
"453","2020-03-24",270,6,119,1083,7062,0.633248371566129,8400,37638,409,2256,181,1480,48,403,126,48
"454","2020-03-25",283,6,118,1183,7062,0.633248371566129,8400,37638,409,2256,157,1637,49,452,113,49
"455","2020-03-26",308,6,177,1280,7062,0.633248371566129,8400,37638,409,2256,186,1823,42,494,131,42
"456","2020-03-27",380,6,180,1340,7062,0.633248371566129,8400,37638,409,2256,157,1980,33,527,108,33
"457","2020-03-28",429,6,175,1411,7062,0.633248371566129,8400,37638,409,2256,167,2147,19,546,137,19
"458","2020-03-29",426,6,160,1465,7062,0.633248371566129,8400,37638,409,2256,146,2293,43,589,89,43
"459","2020-03-30",426,6,159,1518,7062,0.633248371566129,8400,37638,409,2256,160,2453,41,630,120,41
"460","2020-03-31",437,6,138,1553,7062,0.633248371566129,8400,37638,409,2256,170,2623,24,654,136,24
"461","2020-04-01",461,6,141,1586,7062,0.633248371566129,8400,37638,409,2256,147,2770,23,677,97,23
"462","2020-04-02",473,6,140,1605,7062,0.633248371566129,8400,37638,409,2256,156,2926,41,718,115,41
"463","2020-04-03",574,6,144,1624,7062,0.633248371566129,8400,37638,409,2256,171,3097,29,747,127,29
"464","2020-04-04",559,6,136,1623,7062,0.633248371566129,8400,37638,409,2256,132,3229,37,784,104,37
"465","2020-04-05",512,6,135,1631,7062,0.633248371566129,8400,37638,409,2256,164,3393,23,807,117,23
"466","2020-04-06",512,6,167,1599,7062,0.633248371566129,8400,37638,409,2256,145,3538,27,834,102,27
"467","2020-04-07",510,6,235,1581,7062,0.633248371566129,8400,37638,409,2256,140,3678,34,868,96,34
"468","2020-04-08",504,6,235,1559,7062,0.633248371566129,8400,37638,409,2256,124,3802,40,908,80,40
"469","2020-04-09",507,6,306,1560,7062,0.633248371566129,8400,37638,409,2256,146,3948,63,971,99,63
"470","2020-04-10",539,6,280,1517,7062,0.633248371566129,8400,37638,409,2256,140,4088,32,1003,97,32
"471","2020-04-11",523,6,241,1483,7062,0.633248371566129,8400,37638,409,2256,102,4190,19,1022,58,19
"472","2020-04-12",489,6,227,1457,7062,0.633248371566129,8400,37638,409,2256,121,4311,36,1058,91,36
"473","2020-04-13",475,6,186,1402,7062,0.633248371566129,8400,37638,409,2256,114,4425,30,1088,80,30
"474","2020-04-14",474,6,182,1379,7062,0.633248371566129,8400,37638,409,2256,101,4526,20,1108,71,20
"475","2020-04-15",457,6,191,1358,7062,0.633248371566129,8400,37638,409,2256,122,4648,18,1126,76,18
"476","2020-04-16",463,6,198,1342,7062,0.633248371566129,8400,37638,409,2256,70,4718,12,1138,41,12
"477","2020-04-17",466,6,192,1316,7062,0.633248371566129,8400,37638,409,2256,80,4798,16,1154,52,16
"478","2020-04-18",460,6,180,1260,7062,0.633248371566129,8400,37638,409,2256,79,4877,12,1166,50,12
"479","2020-04-19",416,6,211,1200,7062,0.633248371566129,8400,37638,409,2256,91,4968,13,1179,63,13
"480","2020-04-20",407,6,202,1145,7062,0.633248371566129,8400,37638,409,2256,70,5038,9,1188,41,9
"481","2020-04-21",386,6,220,1112,7062,0.633248371566129,8400,37638,409,2256,80,5118,12,1200,47,12
"482","2020-04-22",386,6,276,1070,7062,0.633248371566129,8400,37638,409,2256,72,5190,15,1215,42,15
"483","2020-04-23",353,6,286,1039,7062,0.633248371566129,8400,37638,409,2256,76,5266,37,1252,44,37
"484","2020-04-24",319,6,343,1010,7062,0.633248371566129,8400,37638,409,2256,61,5327,24,1276,32,24
"485","2020-04-25",309,6,311,970,7062,0.633248371566129,8400,37638,409,2256,71,5398,15,1291,38,15
"486","2020-04-26",307,6,302,925,7062,0.633248371566129,8400,37638,409,2256,54,5452,13,1304,27,13
"487","2020-04-27",313,6,271,885,7062,0.633248371566129,8400,37638,409,2256,47,5499,38,1342,22,38
"488","2020-04-28",287,6,238,856,7062,0.633248371566129,8400,37638,409,2256,57,5556,26,1368,33,26
"489","2020-04-29",280,6,240,807,7062,0.633248371566129,8400,37638,409,2256,54,5610,22,1390,22,22
"490","2020-04-30",281,6,234,764,7062,0.633248371566129,8400,37638,409,2256,47,5657,17,1407,25,17
"491","2020-05-01",301,6,245,723,7062,0.633248371566129,8400,37638,409,2256,51,5708,27,1434,19,27
"492","2020-05-02",307,6,271,696,7062,0.633248371566129,8400,37638,409,2256,47,5755,22,1456,29,22
"493","2020-05-03",266,6,269,686,7062,0.633248371566129,8400,37638,409,2256,48,5803,19,1475,22,19
"494","2020-05-04",244,6,277,657,7062,0.633248371566129,8400,37638,409,2256,37,5840,15,1490,15,15
"495","2020-05-05",245,6,246,630,7062,0.633248371566129,8400,37638,409,2256,38,5878,7,1497,19,7
"496","2020-05-06",237,6,234,610,7062,0.633248371566129,8400,37638,409,2256,39,5917,16,1513,15,16
"497","2020-05-07",222,6,208,597,7062,0.633248371566129,8400,37638,409,2256,25,5942,52,1565,10,52
"498","2020-05-08",207,6,208,600,7062,0.633248371566129,8400,37638,409,2256,47,5989,71,1636,19,71
"499","2020-05-09",203,6,211,549,7062,0.633248371566129,8400,37638,409,2256,29,6018,36,1672,7,36
"500","2020-05-10",203,6,183,530,7062,0.633248371566129,8400,37638,409,2256,40,6058,71,1743,20,71
"501","2020-05-11",186,6,191,522,7062,0.633248371566129,8400,37638,409,2256,28,6086,49,1792,10,49
"502","2020-05-12",174,6,201,524,7062,0.633248371566129,8400,37638,409,2256,25,6111,20,1812,9,20
"503","2020-05-13",172,6,219,502,7062,0.633248371566129,8400,37638,409,2256,25,6136,23,1835,13,23
"504","2020-05-14",182,6,199,477,7062,0.633248371566129,8400,37638,409,2256,26,6162,29,1864,7,29
"505","2020-05-15",180,6,189,449,7062,0.633248371566129,8400,37638,409,2256,25,6187,15,1879,11,15
"506","2020-05-16",165,6,172,420,7062,0.633248371566129,8400,37638,409,2256,19,6206,19,1898,6,19
"507","2020-05-17",151,6,166,412,7062,0.633248371566129,8400,37638,409,2256,24,6230,73,1971,10,73
"508","2020-05-18",154,6,182,376,7062,0.633248371566129,8400,37638,409,2256,12,6242,32,2003,3,32
"509","2020-05-19",143,6,204,361,7062,0.633248371566129,8400,37638,409,2256,21,6263,37,2040,5,37
"510","2020-05-20",141,6,215,333,7062,0.633248371566129,8400,37638,409,2256,18,6281,26,2066,10,26
"511","2020-05-21",125,6,214,322,7062,0.633248371566129,8400,37638,409,2256,13,6294,21,2087,4,21
"512","2020-05-22",118,6,240,301,7062,0.633248371566129,8400,37638,409,2256,18,6312,15,2102,7,15
"513","2020-05-23",118,6,232,287,7062,0.633248371566129,8400,37638,409,2256,16,6328,12,2114,3,12
"514","2020-05-24",98,6,226,274,7062,0.633248371566129,8400,37638,409,2256,9,6337,9,2123,2,9
"515","2020-05-25",92,6,234,271,7062,0.633248371566129,8400,37638,409,2256,15,6352,6,2129,4,6
"516","2020-05-26",85,6,281,270,7062,0.633248371566129,8400,37638,409,2256,12,6364,6,2135,3,6
"517","2020-05-27",86,6,291,261,7062,0.633248371566129,8400,37638,409,2256,14,6378,9,2144,6,9
"518","2020-05-28",86,6,260,256,7062,0.633248371566129,8400,37638,409,2256,12,6390,7,2151,5,7
"519","2020-05-29",84,6,251,254,7062,0.633248371566129,8400,37638,409,2256,15,6405,7,2158,3,7
"520","2020-05-30",77,6,220,253,7062,0.633248371566129,8400,37638,409,2256,9,6414,31,2189,2,31
"521","2020-05-31",94,6,234,242,7062,0.633248371566129,8400,37638,409,2256,20,6434,55,2244,4,55
"522","2020-06-01",87,6,230,231,7062,0.633248371566129,8400,37638,409,2256,15,6449,30,2274,2,30
"523","2020-06-02",86,6,205,226,7062,0.633248371566129,8400,37638,409,2256,9,6458,14,2288,2,14
"524","2020-06-03",84,6,190,209,7062,0.633248371566129,8400,37638,409,2256,7,6465,16,2304,3,16
"525","2020-06-04",82,6,214,199,7062,0.633248371566129,8400,37638,409,2256,7,6472,43,2347,3,43
"526","2020-06-05",88,6,226,190,7062,0.633248371566129,8400,37638,409,2256,7,6479,42,2389,2,42
"527","2020-06-06",88,6,210,178,7062,0.633248371566129,8400,37638,409,2256,12,6491,27,2416,2,27
"528","2020-06-07",82,6,213,174,7062,0.633248371566129,8400,37638,409,2256,9,6500,36,2452,4,36
"529","2020-03-13",5,7,71,300,8184,0.284213098729228,8490,40653,497,943,32,95,22,140,7,22
"530","2020-03-14",25,7,92,397,8184,0.284213098729228,8490,40653,497,943,39,134,26,166,16,26
"531","2020-03-15",53,7,110,498,8184,0.284213098729228,8490,40653,497,943,44,178,56,222,17,56
"532","2020-03-16",64,7,139,607,8184,0.284213098729228,8490,40653,497,943,51,229,30,252,28,30
"533","2020-03-17",81,7,137,716,8184,0.284213098729228,8490,40653,497,943,52,281,22,274,32,22
"534","2020-03-18",118,7,128,839,8184,0.284213098729228,8490,40653,497,943,74,355,20,294,43,20
"535","2020-03-19",157,7,135,934,8184,0.284213098729228,8490,40653,497,943,58,413,31,325,38,31
"536","2020-03-20",214,7,157,1032,8184,0.284213098729228,8490,40653,497,943,71,484,22,347,42,22
"537","2020-03-21",284,7,137,1139,8184,0.284213098729228,8490,40653,497,943,116,600,10,357,76,10
"538","2020-03-22",313,7,139,1211,8184,0.284213098729228,8490,40653,497,943,96,696,14,371,72,14
"539","2020-03-23",335,7,135,1305,8184,0.284213098729228,8490,40653,497,943,97,793,11,382,70,11
"540","2020-03-24",344,7,131,1347,8184,0.284213098729228,8490,40653,497,943,123,916,22,404,97,22
"541","2020-03-25",367,7,125,1403,8184,0.284213098729228,8490,40653,497,943,102,1018,19,423,76,19
"542","2020-03-26",383,7,161,1451,8184,0.284213098729228,8490,40653,497,943,137,1155,13,436,113,13
"543","2020-03-27",495,7,153,1505,8184,0.284213098729228,8490,40653,497,943,125,1280,41,477,102,41
"544","2020-03-28",508,7,159,1545,8184,0.284213098729228,8490,40653,497,943,152,1432,20,497,128,20
"545","2020-03-29",521,7,176,1582,8184,0.284213098729228,8490,40653,497,943,130,1562,31,528,105,31
"546","2020-03-30",514,7,170,1574,8184,0.284213098729228,8490,40653,497,943,185,1747,20,548,161,20
"547","2020-03-31",517,7,155,1570,8184,0.284213098729228,8490,40653,497,943,182,1929,14,562,154,14
"548","2020-04-01",509,7,142,1561,8184,0.284213098729228,8490,40653,497,943,157,2086,8,570,139,8
"549","2020-04-02",505,7,133,1584,8184,0.284213098729228,8490,40653,497,943,201,2287,20,590,182,20
"550","2020-04-03",558,7,174,1570,8184,0.284213098729228,8490,40653,497,943,141,2428,19,609,118,19
"551","2020-04-04",559,7,207,1561,8184,0.284213098729228,8490,40653,497,943,163,2591,9,618,141,9
"552","2020-04-05",517,7,228,1573,8184,0.284213098729228,8490,40653,497,943,162,2753,14,632,138,14
"553","2020-04-06",512,7,242,1551,8184,0.284213098729228,8490,40653,497,943,178,2931,41,673,156,41
"554","2020-04-07",510,7,222,1537,8184,0.284213098729228,8490,40653,497,943,164,3095,37,710,143,37
"555","2020-04-08",522,7,203,1529,8184,0.284213098729228,8490,40653,497,943,154,3249,35,745,132,35
"556","2020-04-09",530,7,194,1507,8184,0.284213098729228,8490,40653,497,943,181,3430,26,771,158,26
"557","2020-04-10",546,7,192,1512,8184,0.284213098729228,8490,40653,497,943,146,3576,25,796,131,25
"558","2020-04-11",538,7,192,1512,8184,0.284213098729228,8490,40653,497,943,191,3767,24,820,168,24
"559","2020-04-12",495,7,218,1478,8184,0.284213098729228,8490,40653,497,943,170,3937,24,844,153,24
"560","2020-04-13",480,7,258,1460,8184,0.284213098729228,8490,40653,497,943,161,4098,14,858,142,14
"561","2020-04-14",464,7,230,1437,8184,0.284213098729228,8490,40653,497,943,135,4233,22,880,122,22
"562","2020-04-15",436,7,215,1393,8184,0.284213098729228,8490,40653,497,943,121,4354,36,916,109,36
"563","2020-04-16",428,7,201,1371,8184,0.284213098729228,8490,40653,497,943,138,4492,42,958,120,42
"564","2020-04-17",446,7,213,1305,8184,0.284213098729228,8490,40653,497,943,135,4627,50,1008,122,50
"565","2020-04-18",430,7,203,1305,8184,0.284213098729228,8490,40653,497,943,105,4732,27,1035,87,27
"566","2020-04-19",407,7,233,1269,8184,0.284213098729228,8490,40653,497,943,103,4835,19,1054,79,19
"567","2020-04-20",405,7,224,1236,8184,0.284213098729228,8490,40653,497,943,93,4928,16,1070,75,16
"568","2020-04-21",392,7,207,1203,8184,0.284213098729228,8490,40653,497,943,94,5022,16,1086,70,16
"569","2020-04-22",406,7,195,1175,8184,0.284213098729228,8490,40653,497,943,72,5094,10,1096,57,10
"570","2020-04-23",386,7,201,1172,8184,0.284213098729228,8490,40653,497,943,75,5169,9,1105,58,9
"571","2020-04-24",376,7,206,1139,8184,0.284213098729228,8490,40653,497,943,63,5232,35,1140,52,35
"572","2020-04-25",410,7,232,1082,8184,0.284213098729228,8490,40653,497,943,72,5304,40,1180,53,40
"573","2020-04-26",383,7,232,1048,8184,0.284213098729228,8490,40653,497,943,69,5373,24,1204,49,24
"574","2020-04-27",368,7,210,1032,8184,0.284213098729228,8490,40653,497,943,70,5443,15,1219,53,15
"575","2020-04-28",361,7,190,996,8184,0.284213098729228,8490,40653,497,943,54,5497,9,1228,38,9
"576","2020-04-29",332,7,175,990,8184,0.284213098729228,8490,40653,497,943,46,5543,8,1236,32,8
"577","2020-04-30",340,7,178,944,8184,0.284213098729228,8490,40653,497,943,49,5592,9,1245,32,9
"578","2020-05-01",333,7,204,915,8184,0.284213098729228,8490,40653,497,943,51,5643,5,1250,41,5
"579","2020-05-02",305,7,208,901,8184,0.284213098729228,8490,40653,497,943,37,5680,13,1263,22,13
"580","2020-05-03",280,7,210,875,8184,0.284213098729228,8490,40653,497,943,42,5722,27,1290,29,27
"581","2020-05-04",278,7,198,858,8184,0.284213098729228,8490,40653,497,943,30,5752,13,1303,17,13
"582","2020-05-05",279,7,213,824,8184,0.284213098729228,8490,40653,497,943,25,5777,28,1331,18,28
"583","2020-05-06",279,7,218,780,8184,0.284213098729228,8490,40653,497,943,23,5800,36,1367,16,36
"584","2020-05-07",261,7,236,737,8184,0.284213098729228,8490,40653,497,943,33,5833,27,1394,24,27
"585","2020-05-08",255,7,244,707,8184,0.284213098729228,8490,40653,497,943,26,5859,12,1406,14,12
"586","2020-05-09",249,7,221,672,8184,0.284213098729228,8490,40653,497,943,32,5891,14,1420,12,14
"587","2020-05-10",221,7,194,645,8184,0.284213098729228,8490,40653,497,943,27,5918,20,1440,19,20
"588","2020-05-11",202,7,202,617,8184,0.284213098729228,8490,40653,497,943,29,5947,21,1461,18,21
"589","2020-05-12",184,7,243,591,8184,0.284213098729228,8490,40653,497,943,31,5978,12,1473,18,12
"590","2020-05-13",181,7,264,565,8184,0.284213098729228,8490,40653,497,943,26,6004,9,1482,15,9
"591","2020-05-14",183,7,282,546,8184,0.284213098729228,8490,40653,497,943,20,6024,16,1498,13,16
"592","2020-05-15",175,7,245,524,8184,0.284213098729228,8490,40653,497,943,14,6038,16,1514,10,16
"593","2020-05-16",164,7,226,505,8184,0.284213098729228,8490,40653,497,943,26,6064,11,1525,14,11
"594","2020-05-17",151,7,197,492,8184,0.284213098729228,8490,40653,497,943,13,6077,11,1536,8,11
"595","2020-05-18",143,7,217,472,8184,0.284213098729228,8490,40653,497,943,29,6106,16,1552,18,16
"596","2020-05-19",132,7,198,450,8184,0.284213098729228,8490,40653,497,943,17,6123,14,1566,8,14
"597","2020-05-20",131,7,184,442,8184,0.284213098729228,8490,40653,497,943,22,6145,12,1578,15,12
"598","2020-05-21",118,7,167,425,8184,0.284213098729228,8490,40653,497,943,11,6156,5,1583,6,5
"599","2020-05-22",123,7,170,404,8184,0.284213098729228,8490,40653,497,943,18,6174,12,1595,10,12
"600","2020-05-23",131,7,198,376,8184,0.284213098729228,8490,40653,497,943,16,6190,23,1618,10,23
"601","2020-05-24",118,7,196,365,8184,0.284213098729228,8490,40653,497,943,12,6202,12,1630,6,12
"602","2020-05-25",119,7,213,343,8184,0.284213098729228,8490,40653,497,943,19,6221,7,1637,11,7
"603","2020-05-26",120,7,243,326,8184,0.284213098729228,8490,40653,497,943,16,6237,8,1645,9,8
"604","2020-05-27",114,7,218,316,8184,0.284213098729228,8490,40653,497,943,7,6244,23,1668,4,23
"605","2020-05-28",114,7,206,303,8184,0.284213098729228,8490,40653,497,943,7,6251,30,1698,3,30
"606","2020-05-29",106,7,223,280,8184,0.284213098729228,8490,40653,497,943,9,6260,58,1756,6,58
"607","2020-05-30",91,7,224,259,8184,0.284213098729228,8490,40653,497,943,13,6273,29,1785,6,29
"608","2020-05-31",81,7,220,247,8184,0.284213098729228,8490,40653,497,943,5,6278,14,1799,1,14
"609","2020-06-01",75,7,225,242,8184,0.284213098729228,8490,40653,497,943,12,6290,12,1811,10,12
"610","2020-06-02",76,7,218,224,8184,0.284213098729228,8490,40653,497,943,13,6303,28,1839,8,28
"611","2020-06-03",76,7,237,228,8184,0.284213098729228,8490,40653,497,943,5,6308,57,1896,1,57
"612","2020-06-04",78,7,238,212,8184,0.284213098729228,8490,40653,497,943,7,6315,61,1957,4,61
"613","2020-06-05",72,7,239,194,8184,0.284213098729228,8490,40653,497,943,8,6323,27,1984,2,27
"614","2020-06-06",70,7,230,189,8184,0.284213098729228,8490,40653,497,943,9,6332,52,2036,6,52
"615","2020-06-07",79,7,209,181,8184,0.284213098729228,8490,40653,497,943,4,6336,34,2070,NA,34
"616","2020-03-08",1,8,0,0,7835,0.498787492022974,8250,37079,460,2054,NA,NA,NA,NA,NA,NA
"617","2020-03-09",1,8,0,0,7835,0.498787492022974,8250,37079,460,2054,NA,NA,NA,NA,NA,NA
"618","2020-03-10",0,8,0,0,7835,0.498787492022974,8250,37079,460,2054,NA,NA,7,7,NA,7
"619","2020-03-11",0,8,0,0,7835,0.498787492022974,8250,37079,460,2054,37,37,27,34,NA,27
"620","2020-03-12",1,8,190,122,7835,0.498787492022974,8250,37079,460,2054,63,100,31,65,3,31
"621","2020-03-13",10,8,224,202,7835,0.498787492022974,8250,37079,460,2054,44,144,20,85,3,20
"622","2020-03-14",18,8,221,285,7835,0.498787492022974,8250,37079,460,2054,66,210,14,99,14,14
"623","2020-03-15",42,8,236,385,7835,0.498787492022974,8250,37079,460,2054,77,287,5,104,20,5
"624","2020-03-16",55,8,221,493,7835,0.498787492022974,8250,37079,460,2054,67,354,10,114,27,10
"625","2020-03-17",65,8,214,599,7835,0.498787492022974,8250,37079,460,2054,86,440,39,153,25,39
"626","2020-03-18",90,8,240,714,7835,0.498787492022974,8250,37079,460,2054,65,505,44,197,28,44
"627","2020-03-19",117,8,243,831,7835,0.498787492022974,8250,37079,460,2054,72,577,21,218,29,21
"628","2020-03-20",158,8,237,942,7835,0.498787492022974,8250,37079,460,2054,113,690,21,239,56,21
"629","2020-03-21",235,8,234,1093,7835,0.498787492022974,8250,37079,460,2054,101,791,49,288,40,49
"630","2020-03-22",280,8,219,1200,7835,0.498787492022974,8250,37079,460,2054,98,889,25,313,49,25
"631","2020-03-23",293,8,195,1290,7835,0.498787492022974,8250,37079,460,2054,110,999,38,351,62,38
"632","2020-03-24",295,8,200,1389,7835,0.498787492022974,8250,37079,460,2054,133,1132,35,386,82,35
"633","2020-03-25",324,8,203,1512,7835,0.498787492022974,8250,37079,460,2054,116,1248,48,434,74,48
"634","2020-03-26",362,8,245,1575,7835,0.498787492022974,8250,37079,460,2054,117,1365,49,483,74,49
"635","2020-03-27",488,8,291,1654,7835,0.498787492022974,8250,37079,460,2054,104,1469,39,522,52,39
"636","2020-03-28",522,8,282,1708,7835,0.498787492022974,8250,37079,460,2054,122,1591,40,562,73,40
"637","2020-03-29",504,8,248,1787,7835,0.498787492022974,8250,37079,460,2054,107,1698,48,610,56,48
"638","2020-03-30",507,8,265,1825,7835,0.498787492022974,8250,37079,460,2054,113,1811,42,652,63,42
"639","2020-03-31",533,8,271,1807,7835,0.498787492022974,8250,37079,460,2054,124,1935,60,712,75,60
"640","2020-04-01",539,8,302,1822,7835,0.498787492022974,8250,37079,460,2054,131,2066,41,753,71,41
"641","2020-04-02",544,8,296,1827,7835,0.498787492022974,8250,37079,460,2054,105,2171,27,780,67,27
"642","2020-04-03",668,8,303,1845,7835,0.498787492022974,8250,37079,460,2054,121,2292,52,832,71,52
"643","2020-04-04",635,8,294,1893,7835,0.498787492022974,8250,37079,460,2054,116,2408,39,871,70,39
"644","2020-04-05",586,8,291,1834,7835,0.498787492022974,8250,37079,460,2054,122,2530,29,900,69,29
"645","2020-04-06",596,8,296,1815,7835,0.498787492022974,8250,37079,460,2054,89,2619,38,938,43,38
"646","2020-04-07",595,8,272,1791,7835,0.498787492022974,8250,37079,460,2054,98,2717,18,956,61,18
"647","2020-04-08",601,8,253,1755,7835,0.498787492022974,8250,37079,460,2054,114,2831,30,986,70,30
"648","2020-04-09",600,8,248,1734,7835,0.498787492022974,8250,37079,460,2054,109,2940,44,1030,60,44
"649","2020-04-10",592,8,256,1692,7835,0.498787492022974,8250,37079,460,2054,108,3048,70,1100,66,70
"650","2020-04-11",591,8,267,1671,7835,0.498787492022974,8250,37079,460,2054,103,3151,42,1142,69,42
"651","2020-04-12",574,8,273,1640,7835,0.498787492022974,8250,37079,460,2054,85,3236,37,1179,49,37
"652","2020-04-13",553,8,249,1619,7835,0.498787492022974,8250,37079,460,2054,85,3321,28,1207,35,28
"653","2020-04-14",541,8,273,1585,7835,0.498787492022974,8250,37079,460,2054,110,3431,29,1236,59,29
"654","2020-04-15",555,8,290,1556,7835,0.498787492022974,8250,37079,460,2054,111,3542,43,1279,60,43
"655","2020-04-16",532,8,294,1508,7835,0.498787492022974,8250,37079,460,2054,93,3635,24,1303,45,24
"656","2020-04-17",521,8,328,1433,7835,0.498787492022974,8250,37079,460,2054,86,3721,13,1316,40,13
"657","2020-04-18",510,8,322,1382,7835,0.498787492022974,8250,37079,460,2054,96,3817,9,1325,50,9
"658","2020-04-19",470,8,314,1348,7835,0.498787492022974,8250,37079,460,2054,102,3919,59,1384,46,59
"659","2020-04-20",466,8,316,1302,7835,0.498787492022974,8250,37079,460,2054,87,4006,49,1433,49,49
"660","2020-04-21",442,8,301,1247,7835,0.498787492022974,8250,37079,460,2054,68,4074,52,1485,34,52
"661","2020-04-22",396,8,337,1208,7835,0.498787492022974,8250,37079,460,2054,80,4154,34,1519,39,34
"662","2020-04-23",385,8,335,1142,7835,0.498787492022974,8250,37079,460,2054,92,4246,72,1591,42,72
"663","2020-04-24",376,8,315,1081,7835,0.498787492022974,8250,37079,460,2054,66,4312,45,1636,31,45
"664","2020-04-25",399,8,316,1031,7835,0.498787492022974,8250,37079,460,2054,63,4375,34,1670,31,34
"665","2020-04-26",360,8,301,990,7835,0.498787492022974,8250,37079,460,2054,73,4448,39,1709,42,39
"666","2020-04-27",341,8,302,964,7835,0.498787492022974,8250,37079,460,2054,66,4514,35,1744,34,35
"667","2020-04-28",320,8,287,908,7835,0.498787492022974,8250,37079,460,2054,51,4565,24,1768,21,24
"668","2020-04-29",312,8,303,845,7835,0.498787492022974,8250,37079,460,2054,51,4616,47,1815,21,47
"669","2020-04-30",304,8,291,783,7835,0.498787492022974,8250,37079,460,2054,70,4686,31,1846,26,31
"670","2020-05-01",275,8,290,751,7835,0.498787492022974,8250,37079,460,2054,58,4744,25,1871,22,25
"671","2020-05-02",260,8,318,721,7835,0.498787492022974,8250,37079,460,2054,63,4807,14,1885,20,14
"672","2020-05-03",231,8,318,689,7835,0.498787492022974,8250,37079,460,2054,54,4861,10,1895,21,10
"673","2020-05-04",216,8,322,655,7835,0.498787492022974,8250,37079,460,2054,40,4901,15,1910,17,15
"674","2020-05-05",210,8,314,630,7835,0.498787492022974,8250,37079,460,2054,51,4952,6,1916,15,6
"675","2020-05-06",208,8,329,605,7835,0.498787492022974,8250,37079,460,2054,54,5006,8,1924,22,8
"676","2020-05-07",204,8,336,581,7835,0.498787492022974,8250,37079,460,2054,51,5057,13,1937,19,13
"677","2020-05-08",204,8,310,557,7835,0.498787492022974,8250,37079,460,2054,43,5100,12,1949,14,12
"678","2020-05-09",185,8,304,524,7835,0.498787492022974,8250,37079,460,2054,64,5164,9,1958,34,9
"679","2020-05-10",188,8,293,510,7835,0.498787492022974,8250,37079,460,2054,43,5207,33,1991,18,33
"680","2020-05-11",178,8,283,480,7835,0.498787492022974,8250,37079,460,2054,40,5247,34,2025,14,34
"681","2020-05-12",169,8,283,462,7835,0.498787492022974,8250,37079,460,2054,42,5289,49,2074,14,49
"682","2020-05-13",168,8,308,431,7835,0.498787492022974,8250,37079,460,2054,31,5320,37,2111,11,37
"683","2020-05-14",160,8,318,426,7835,0.498787492022974,8250,37079,460,2054,31,5351,57,2168,10,57
"684","2020-05-15",146,8,301,399,7835,0.498787492022974,8250,37079,460,2054,36,5387,49,2217,12,49
"685","2020-05-16",140,8,297,389,7835,0.498787492022974,8250,37079,460,2054,31,5418,53,2270,11,53
"686","2020-05-17",125,8,304,368,7835,0.498787492022974,8250,37079,460,2054,39,5457,27,2297,16,27
"687","2020-05-18",123,8,302,345,7835,0.498787492022974,8250,37079,460,2054,28,5485,58,2355,3,58
"688","2020-05-19",123,8,306,328,7835,0.498787492022974,8250,37079,460,2054,28,5513,33,2388,14,33
"689","2020-05-20",113,8,319,308,7835,0.498787492022974,8250,37079,460,2054,25,5538,21,2409,3,21
"690","2020-05-21",108,8,309,289,7835,0.498787492022974,8250,37079,460,2054,29,5567,13,2422,9,13
"691","2020-05-22",105,8,289,279,7835,0.498787492022974,8250,37079,460,2054,29,5596,10,2432,8,10
"692","2020-05-23",113,8,292,255,7835,0.498787492022974,8250,37079,460,2054,36,5632,24,2456,16,24
"693","2020-05-24",97,8,300,228,7835,0.498787492022974,8250,37079,460,2054,28,5660,57,2513,11,57
"694","2020-05-25",87,8,328,211,7835,0.498787492022974,8250,37079,460,2054,25,5685,43,2556,6,43
"695","2020-05-26",90,8,358,199,7835,0.498787492022974,8250,37079,460,2054,22,5707,43,2599,8,43
"696","2020-05-27",79,8,349,195,7835,0.498787492022974,8250,37079,460,2054,13,5720,26,2625,3,26
"697","2020-05-28",75,8,335,187,7835,0.498787492022974,8250,37079,460,2054,22,5742,36,2661,8,36
"698","2020-05-29",73,8,321,178,7835,0.498787492022974,8250,37079,460,2054,27,5769,34,2695,9,34
"699","2020-05-30",63,8,318,167,7835,0.498787492022974,8250,37079,460,2054,12,5781,39,2734,5,39
"700","2020-05-31",56,8,319,165,7835,0.498787492022974,8250,37079,460,2054,15,5796,23,2757,8,23
"701","2020-06-01",57,8,337,163,7835,0.498787492022974,8250,37079,460,2054,19,5815,14,2771,6,14
"702","2020-06-02",47,8,326,155,7835,0.498787492022974,8250,37079,460,2054,21,5836,42,2813,8,42
"703","2020-06-03",54,8,303,154,7835,0.498787492022974,8250,37079,460,2054,12,5848,22,2835,3,22
"704","2020-06-04",50,8,309,150,7835,0.498787492022974,8250,37079,460,2054,17,5865,15,2850,4,15
"705","2020-06-05",46,8,305,143,7835,0.498787492022974,8250,37079,460,2054,10,5875,10,2860,4,10
"706","2020-06-06",44,8,300,134,7835,0.498787492022974,8250,37079,460,2054,14,5889,10,2870,1,10
"707","2020-06-07",44,8,308,125,7835,0.498787492022974,8250,37079,460,2054,7,5896,11,2881,2,11
"708","2020-03-14",11,9,163,117,6662,0.897628339837886,8340,32393,457,1645,31,92,51,179,17,51
"709","2020-03-15",20,9,168,163,6662,0.897628339837886,8340,32393,457,1645,38,130,37,216,29,37
"710","2020-03-16",20,9,184,209,6662,0.897628339837886,8340,32393,457,1645,40,170,52,268,26,52
"711","2020-03-17",22,9,176,275,6662,0.897628339837886,8340,32393,457,1645,41,211,72,340,36,72
"712","2020-03-18",27,9,164,354,6662,0.897628339837886,8340,32393,457,1645,60,271,36,376,49,36
"713","2020-03-19",39,9,154,419,6662,0.897628339837886,8340,32393,457,1645,76,347,53,429,62,53
"714","2020-03-20",70,9,180,490,6662,0.897628339837886,8340,32393,457,1645,76,423,49,478,65,49
"715","2020-03-21",79,9,172,573,6662,0.897628339837886,8340,32393,457,1645,75,498,46,524,65,46
"716","2020-03-22",127,9,182,684,6662,0.897628339837886,8340,32393,457,1645,96,594,42,566,86,42
"717","2020-03-23",144,9,195,771,6662,0.897628339837886,8340,32393,457,1645,125,719,21,587,111,21
"718","2020-03-24",153,9,192,883,6662,0.897628339837886,8340,32393,457,1645,120,839,18,605,114,18
"719","2020-03-25",177,9,183,979,6662,0.897628339837886,8340,32393,457,1645,111,950,46,651,103,46
"720","2020-03-26",198,9,210,1078,6662,0.897628339837886,8340,32393,457,1645,136,1086,28,679,121,28
"721","2020-03-27",276,9,220,1169,6662,0.897628339837886,8340,32393,457,1645,122,1208,40,719,105,40
"722","2020-03-28",310,9,265,1301,6662,0.897628339837886,8340,32393,457,1645,139,1347,26,745,133,26
"723","2020-03-29",386,9,272,1380,6662,0.897628339837886,8340,32393,457,1645,164,1511,12,757,152,12
"724","2020-03-30",402,9,241,1518,6662,0.897628339837886,8340,32393,457,1645,142,1653,7,764,120,7
"725","2020-03-31",399,9,209,1600,6662,0.897628339837886,8340,32393,457,1645,160,1813,6,770,151,6
"726","2020-04-01",422,9,176,1714,6662,0.897628339837886,8340,32393,457,1645,209,2022,38,808,198,38
"727","2020-04-02",453,9,209,1772,6662,0.897628339837886,8340,32393,457,1645,167,2189,24,832,154,24
"728","2020-04-03",578,9,217,1910,6662,0.897628339837886,8340,32393,457,1645,180,2369,26,858,164,26
"729","2020-04-04",611,9,218,1978,6662,0.897628339837886,8340,32393,457,1645,169,2538,56,914,159,56
"730","2020-04-05",589,9,201,2040,6662,0.897628339837886,8340,32393,457,1645,179,2717,53,967,169,53
"731","2020-04-06",618,9,177,2077,6662,0.897628339837886,8340,32393,457,1645,169,2886,30,997,153,30
"732","2020-04-07",643,9,186,2136,6662,0.897628339837886,8340,32393,457,1645,160,3046,30,1027,154,30
"733","2020-04-08",675,9,181,2138,6662,0.897628339837886,8340,32393,457,1645,174,3220,12,1039,170,12
"734","2020-04-09",691,9,207,2165,6662,0.897628339837886,8340,32393,457,1645,207,3427,16,1055,200,16
"735","2020-04-10",785,9,213,2180,6662,0.897628339837886,8340,32393,457,1645,185,3612,12,1067,175,12
"736","2020-04-11",787,9,230,2162,6662,0.897628339837886,8340,32393,457,1645,152,3764,29,1096,142,29
"737","2020-04-12",709,9,243,2119,6662,0.897628339837886,8340,32393,457,1645,154,3918,56,1152,148,56
"738","2020-04-13",703,9,224,2043,6662,0.897628339837886,8340,32393,457,1645,136,4054,51,1203,129,51
"739","2020-04-14",698,9,208,1972,6662,0.897628339837886,8340,32393,457,1645,149,4203,17,1220,139,17
"740","2020-04-15",687,9,219,1888,6662,0.897628339837886,8340,32393,457,1645,120,4323,74,1294,104,74
"741","2020-04-16",684,9,232,1806,6662,0.897628339837886,8340,32393,457,1645,141,4464,31,1325,132,31
"742","2020-04-17",686,9,221,1729,6662,0.897628339837886,8340,32393,457,1645,137,4601,33,1358,131,33
"743","2020-04-18",663,9,239,1618,6662,0.897628339837886,8340,32393,457,1645,110,4711,16,1374,105,16
"744","2020-04-19",603,9,270,1518,6662,0.897628339837886,8340,32393,457,1645,94,4805,17,1391,87,17
"745","2020-04-20",581,9,307,1420,6662,0.897628339837886,8340,32393,457,1645,111,4916,19,1410,101,19
"746","2020-04-21",546,9,290,1282,6662,0.897628339837886,8340,32393,457,1645,73,4989,12,1422,68,12
"747","2020-04-22",516,9,310,1220,6662,0.897628339837886,8340,32393,457,1645,71,5060,18,1440,64,18
"748","2020-04-23",488,9,340,1115,6662,0.897628339837886,8340,32393,457,1645,77,5137,12,1452,71,12
"749","2020-04-24",407,9,309,1018,6662,0.897628339837886,8340,32393,457,1645,62,5199,11,1463,53,11
"750","2020-04-25",389,9,279,949,6662,0.897628339837886,8340,32393,457,1645,71,5270,18,1481,64,18
"751","2020-04-26",359,9,267,877,6662,0.897628339837886,8340,32393,457,1645,45,5315,23,1504,41,23
"752","2020-04-27",343,9,282,817,6662,0.897628339837886,8340,32393,457,1645,54,5369,17,1521,45,17
"753","2020-04-28",325,9,253,742,6662,0.897628339837886,8340,32393,457,1645,46,5415,9,1530,41,9
"754","2020-04-29",313,9,236,666,6662,0.897628339837886,8340,32393,457,1645,41,5456,14,1544,40,14
"755","2020-04-30",294,9,238,599,6662,0.897628339837886,8340,32393,457,1645,39,5495,23,1567,34,23
"756","2020-05-01",274,9,218,557,6662,0.897628339837886,8340,32393,457,1645,44,5539,22,1589,39,22
"757","2020-05-02",265,9,206,504,6662,0.897628339837886,8340,32393,457,1645,42,5581,33,1622,37,33
"758","2020-05-03",230,9,213,482,6662,0.897628339837886,8340,32393,457,1645,31,5612,22,1644,24,22
"759","2020-05-04",218,9,193,440,6662,0.897628339837886,8340,32393,457,1645,27,5639,14,1658,20,14
"760","2020-05-05",191,9,193,408,6662,0.897628339837886,8340,32393,457,1645,35,5674,19,1677,27,19
"761","2020-05-06",176,9,210,375,6662,0.897628339837886,8340,32393,457,1645,23,5697,64,1741,19,64
"762","2020-05-07",160,9,204,339,6662,0.897628339837886,8340,32393,457,1645,25,5722,24,1765,16,24
"763","2020-05-08",135,9,188,319,6662,0.897628339837886,8340,32393,457,1645,32,5754,15,1780,29,15
"764","2020-05-09",133,9,177,301,6662,0.897628339837886,8340,32393,457,1645,27,5781,10,1790,17,10
"765","2020-05-10",121,9,154,271,6662,0.897628339837886,8340,32393,457,1645,19,5800,45,1835,14,45
"766","2020-05-11",107,9,155,253,6662,0.897628339837886,8340,32393,457,1645,15,5815,67,1902,8,67
"767","2020-05-12",96,9,171,233,6662,0.897628339837886,8340,32393,457,1645,17,5832,28,1930,12,28
"768","2020-05-13",91,9,207,216,6662,0.897628339837886,8340,32393,457,1645,18,5850,28,1958,15,28
"769","2020-05-14",86,9,203,209,6662,0.897628339837886,8340,32393,457,1645,23,5873,38,1996,21,38
"770","2020-05-15",73,9,198,186,6662,0.897628339837886,8340,32393,457,1645,27,5900,48,2044,21,48
"771","2020-05-16",64,9,210,177,6662,0.897628339837886,8340,32393,457,1645,8,5908,35,2079,5,35
"772","2020-05-17",57,9,205,168,6662,0.897628339837886,8340,32393,457,1645,13,5921,33,2112,9,33
"773","2020-05-18",54,9,205,161,6662,0.897628339837886,8340,32393,457,1645,13,5934,53,2165,9,53
"774","2020-05-19",52,9,199,155,6662,0.897628339837886,8340,32393,457,1645,19,5953,39,2204,15,39
"775","2020-05-20",47,9,212,148,6662,0.897628339837886,8340,32393,457,1645,18,5971,26,2230,15,26
"776","2020-05-21",45,9,204,143,6662,0.897628339837886,8340,32393,457,1645,26,5997,13,2243,21,13
"777","2020-05-22",46,9,209,133,6662,0.897628339837886,8340,32393,457,1645,21,6018,58,2301,20,58
"778","2020-05-23",45,9,195,127,6662,0.897628339837886,8340,32393,457,1645,17,6035,41,2342,16,41
"779","2020-05-24",42,9,236,122,6662,0.897628339837886,8340,32393,457,1645,19,6054,28,2370,12,28
"780","2020-05-25",35,9,235,122,6662,0.897628339837886,8340,32393,457,1645,17,6071,18,2388,10,18
"781","2020-05-26",39,9,250,116,6662,0.897628339837886,8340,32393,457,1645,19,6090,13,2401,17,13
"782","2020-05-27",40,9,293,120,6662,0.897628339837886,8340,32393,457,1645,15,6105,38,2439,12,38
"783","2020-05-28",40,9,281,121,6662,0.897628339837886,8340,32393,457,1645,13,6118,26,2465,11,26
"784","2020-05-29",37,9,257,119,6662,0.897628339837886,8340,32393,457,1645,8,6126,44,2509,7,44
"785","2020-05-30",38,9,266,111,6662,0.897628339837886,8340,32393,457,1645,12,6138,30,2539,11,30
"786","2020-05-31",38,9,291,110,6662,0.897628339837886,8340,32393,457,1645,10,6148,15,2554,7,15
"787","2020-06-01",39,9,260,106,6662,0.897628339837886,8340,32393,457,1645,10,6158,18,2572,8,18
"788","2020-06-02",39,9,247,110,6662,0.897628339837886,8340,32393,457,1645,6,6164,59,2631,5,59
"789","2020-06-03",37,9,244,107,6662,0.897628339837886,8340,32393,457,1645,12,6176,37,2668,11,37
"790","2020-06-04",34,9,231,102,6662,0.897628339837886,8340,32393,457,1645,8,6184,53,2721,8,53
"791","2020-06-05",39,9,213,98,6662,0.897628339837886,8340,32393,457,1645,7,6191,39,2760,6,39
"792","2020-06-06",35,9,201,90,6662,0.897628339837886,8340,32393,457,1645,9,6200,16,2776,9,16
"793","2020-06-07",33,9,182,87,6662,0.897628339837886,8340,32393,457,1645,7,6207,8,2784,6,8
"794","2020-03-12",2,10,133,31,6578,0.843417452113104,8430,32611,283,1802,49,96,11,21,3,11
"795","2020-03-13",2,10,132,55,6578,0.843417452113104,8430,32611,283,1802,53,149,27,48,9,27
"796","2020-03-14",2,10,138,71,6578,0.843417452113104,8430,32611,283,1802,72,221,19,67,30,19
"797","2020-03-15",7,10,142,91,6578,0.843417452113104,8430,32611,283,1802,66,287,10,77,18,10
"798","2020-03-16",11,10,160,125,6578,0.843417452113104,8430,32611,283,1802,60,347,29,106,27,29
"799","2020-03-17",14,10,159,160,6578,0.843417452113104,8430,32611,283,1802,79,426,35,141,49,35
"800","2020-03-18",18,10,143,209,6578,0.843417452113104,8430,32611,283,1802,96,522,15,156,54,15
"801","2020-03-19",24,10,121,253,6578,0.843417452113104,8430,32611,283,1802,72,594,18,174,42,18
"802","2020-03-20",40,10,127,304,6578,0.843417452113104,8430,32611,283,1802,125,719,46,220,82,46
"803","2020-03-21",54,10,161,358,6578,0.843417452113104,8430,32611,283,1802,125,844,26,246,87,26
"804","2020-03-22",83,10,188,427,6578,0.843417452113104,8430,32611,283,1802,127,971,36,282,85,36
"805","2020-03-23",89,10,185,493,6578,0.843417452113104,8430,32611,283,1802,127,1098,49,331,83,49
"806","2020-03-24",93,10,180,576,6578,0.843417452113104,8430,32611,283,1802,157,1255,25,356,126,25
"807","2020-03-25",111,10,214,653,6578,0.843417452113104,8430,32611,283,1802,145,1400,16,372,101,16
"808","2020-03-26",125,10,206,758,6578,0.843417452113104,8430,32611,283,1802,175,1575,54,426,128,54
"809","2020-03-27",177,10,227,855,6578,0.843417452113104,8430,32611,283,1802,126,1701,32,458,97,32
"810","2020-03-28",236,10,226,947,6578,0.843417452113104,8430,32611,283,1802,154,1855,26,484,116,26
"811","2020-03-29",249,10,239,1039,6578,0.843417452113104,8430,32611,283,1802,175,2030,28,512,126,28
"812","2020-03-30",272,10,261,1177,6578,0.843417452113104,8430,32611,283,1802,137,2167,44,556,107,44
"813","2020-03-31",287,10,262,1234,6578,0.843417452113104,8430,32611,283,1802,180,2347,16,572,139,16
"814","2020-04-01",302,10,251,1344,6578,0.843417452113104,8430,32611,283,1802,160,2507,7,579,118,7
"815","2020-04-02",318,10,232,1481,6578,0.843417452113104,8430,32611,283,1802,148,2655,8,587,111,8
"816","2020-04-03",443,10,202,1591,6578,0.843417452113104,8430,32611,283,1802,153,2808,12,599,128,12
"817","2020-04-04",476,10,217,1713,6578,0.843417452113104,8430,32611,283,1802,170,2978,12,611,132,12
"818","2020-04-05",448,10,226,1818,6578,0.843417452113104,8430,32611,283,1802,186,3164,52,663,145,52
"819","2020-04-06",442,10,261,1962,6578,0.843417452113104,8430,32611,283,1802,153,3317,44,707,118,44
"820","2020-04-07",471,10,240,2032,6578,0.843417452113104,8430,32611,283,1802,175,3492,47,754,139,47
"821","2020-04-08",514,10,224,2059,6578,0.843417452113104,8430,32611,283,1802,172,3664,54,808,136,54
"822","2020-04-09",556,10,234,2106,6578,0.843417452113104,8430,32611,283,1802,156,3820,52,860,110,52
"823","2020-04-10",672,10,215,2195,6578,0.843417452113104,8430,32611,283,1802,145,3965,43,903,106,43
"824","2020-04-11",711,10,219,2177,6578,0.843417452113104,8430,32611,283,1802,115,4080,55,958,88,55
"825","2020-04-12",719,10,210,2182,6578,0.843417452113104,8430,32611,283,1802,116,4196,33,991,87,33
"826","2020-04-13",721,10,198,2142,6578,0.843417452113104,8430,32611,283,1802,115,4311,19,1010,87,19
"827","2020-04-14",729,10,188,2119,6578,0.843417452113104,8430,32611,283,1802,112,4423,30,1040,81,30
"828","2020-04-15",729,10,189,2072,6578,0.843417452113104,8430,32611,283,1802,119,4542,65,1105,85,65
"829","2020-04-16",708,10,226,2035,6578,0.843417452113104,8430,32611,283,1802,97,4639,54,1159,75,54
"830","2020-04-17",751,10,254,1968,6578,0.843417452113104,8430,32611,283,1802,93,4732,30,1189,65,30
"831","2020-04-18",694,10,265,1860,6578,0.843417452113104,8430,32611,283,1802,94,4826,54,1243,56,54
"832","2020-04-19",638,10,274,1792,6578,0.843417452113104,8430,32611,283,1802,87,4913,37,1280,59,37
"833","2020-04-20",643,10,271,1712,6578,0.843417452113104,8430,32611,283,1802,79,4992,31,1311,56,31
"834","2020-04-21",622,10,233,1602,6578,0.843417452113104,8430,32611,283,1802,70,5062,17,1328,44,17
"835","2020-04-22",590,10,222,1515,6578,0.843417452113104,8430,32611,283,1802,81,5143,16,1344,53,16
"836","2020-04-23",587,10,220,1417,6578,0.843417452113104,8430,32611,283,1802,60,5203,18,1362,39,18
"837","2020-04-24",511,10,231,1312,6578,0.843417452113104,8430,32611,283,1802,77,5280,25,1387,48,25
"838","2020-04-25",514,10,217,1233,6578,0.843417452113104,8430,32611,283,1802,54,5334,49,1436,31,49
"839","2020-04-26",455,10,196,1148,6578,0.843417452113104,8430,32611,283,1802,57,5391,36,1472,32,36
"840","2020-04-27",423,10,184,1042,6578,0.843417452113104,8430,32611,283,1802,65,5456,21,1493,38,21
"841","2020-04-28",405,10,178,968,6578,0.843417452113104,8430,32611,283,1802,54,5510,18,1511,31,18
"842","2020-04-29",398,10,187,899,6578,0.843417452113104,8430,32611,283,1802,62,5572,52,1563,33,52
"843","2020-04-30",371,10,190,840,6578,0.843417452113104,8430,32611,283,1802,43,5615,53,1616,27,53
"844","2020-05-01",335,10,194,780,6578,0.843417452113104,8430,32611,283,1802,49,5664,30,1646,26,30
"845","2020-05-02",313,10,195,691,6578,0.843417452113104,8430,32611,283,1802,36,5700,20,1666,18,20
"846","2020-05-03",293,10,203,627,6578,0.843417452113104,8430,32611,283,1802,46,5746,10,1676,27,10
"847","2020-05-04",272,10,206,577,6578,0.843417452113104,8430,32611,283,1802,43,5789,9,1685,24,9
"848","2020-05-05",247,10,196,538,6578,0.843417452113104,8430,32611,283,1802,36,5825,34,1719,19,34
"849","2020-05-06",233,10,223,498,6578,0.843417452113104,8430,32611,283,1802,37,5862,16,1735,16,16
"850","2020-05-07",222,10,202,464,6578,0.843417452113104,8430,32611,283,1802,35,5897,17,1752,15,17
"851","2020-05-08",185,10,179,423,6578,0.843417452113104,8430,32611,283,1802,40,5937,43,1795,21,43
"852","2020-05-09",168,10,184,388,6578,0.843417452113104,8430,32611,283,1802,35,5972,28,1823,15,28
"853","2020-05-10",152,10,185,362,6578,0.843417452113104,8430,32611,283,1802,32,6004,18,1841,13,18
"854","2020-05-11",143,10,246,329,6578,0.843417452113104,8430,32611,283,1802,31,6035,26,1867,17,26
"855","2020-05-12",132,10,233,299,6578,0.843417452113104,8430,32611,283,1802,35,6070,57,1924,13,57
"856","2020-05-13",113,10,232,266,6578,0.843417452113104,8430,32611,283,1802,35,6105,49,1973,16,49
"857","2020-05-14",104,10,210,236,6578,0.843417452113104,8430,32611,283,1802,29,6134,17,1990,17,17
"858","2020-05-15",88,10,198,219,6578,0.843417452113104,8430,32611,283,1802,19,6153,16,2006,8,16
"859","2020-05-16",100,10,178,202,6578,0.843417452113104,8430,32611,283,1802,19,6172,14,2020,7,14
"860","2020-05-17",92,10,182,184,6578,0.843417452113104,8430,32611,283,1802,22,6194,66,2086,9,66
"861","2020-05-18",84,10,181,165,6578,0.843417452113104,8430,32611,283,1802,17,6211,67,2153,10,67
"862","2020-05-19",75,10,177,156,6578,0.843417452113104,8430,32611,283,1802,17,6228,31,2184,7,31
"863","2020-05-20",72,10,169,147,6578,0.843417452113104,8430,32611,283,1802,20,6248,56,2240,11,56
"864","2020-05-21",68,10,167,133,6578,0.843417452113104,8430,32611,283,1802,21,6269,57,2297,9,57
"865","2020-05-22",71,10,162,123,6578,0.843417452113104,8430,32611,283,1802,16,6285,49,2346,6,49
"866","2020-05-23",54,10,154,112,6578,0.843417452113104,8430,32611,283,1802,15,6300,55,2401,9,55
"867","2020-05-24",40,10,143,101,6578,0.843417452113104,8430,32611,283,1802,18,6318,22,2423,8,22
"868","2020-05-25",38,10,141,95,6578,0.843417452113104,8430,32611,283,1802,15,6333,20,2443,8,20
"869","2020-05-26",36,10,126,83,6578,0.843417452113104,8430,32611,283,1802,12,6345,18,2461,2,18
"870","2020-05-27",34,10,118,87,6578,0.843417452113104,8430,32611,283,1802,23,6368,18,2479,6,18
"871","2020-05-28",32,10,114,84,6578,0.843417452113104,8430,32611,283,1802,13,6381,27,2506,3,27
"872","2020-05-29",23,10,129,89,6578,0.843417452113104,8430,32611,283,1802,19,6400,37,2543,6,37
"873","2020-05-30",26,10,168,83,6578,0.843417452113104,8430,32611,283,1802,11,6411,27,2570,4,27
"874","2020-05-31",27,10,173,84,6578,0.843417452113104,8430,32611,283,1802,11,6422,14,2584,6,14
"875","2020-06-01",25,10,163,82,6578,0.843417452113104,8430,32611,283,1802,6,6428,15,2599,1,15
"876","2020-06-02",25,10,152,76,6578,0.843417452113104,8430,32611,283,1802,8,6436,10,2609,3,10
"877","2020-06-03",25,10,135,71,6578,0.843417452113104,8430,32611,283,1802,7,6443,4,2613,2,4
"878","2020-06-04",25,10,157,70,6578,0.843417452113104,8430,32611,283,1802,10,6453,8,2621,5,8
"879","2020-06-05",29,10,155,63,6578,0.843417452113104,8430,32611,283,1802,5,6458,21,2642,2,21
"880","2020-06-06",28,10,162,61,6578,0.843417452113104,8430,32611,283,1802,13,6471,23,2665,3,23
"881","2020-06-07",26,10,147,58,6578,0.843417452113104,8430,32611,283,1802,4,6475,23,2688,1,23
"882","2020-03-13",2,11,193,170,7983,0.587623700363272,8325,35266,494,1508,93,247,33,131,12,33
"883","2020-03-14",26,11,186,237,7983,0.587623700363272,8325,35266,494,1508,90,337,38,169,17,38
"884","2020-03-15",39,11,171,307,7983,0.587623700363272,8325,35266,494,1508,113,450,72,241,36,72
"885","2020-03-16",34,11,205,404,7983,0.587623700363272,8325,35266,494,1508,120,570,65,306,54,65
"886","2020-03-17",47,11,193,518,7983,0.587623700363272,8325,35266,494,1508,121,691,43,349,50,43
"887","2020-03-18",73,11,189,638,7983,0.587623700363272,8325,35266,494,1508,138,829,25,374,74,25
"888","2020-03-19",92,11,213,757,7983,0.587623700363272,8325,35266,494,1508,141,970,44,418,77,44
"889","2020-03-20",150,11,209,883,7983,0.587623700363272,8325,35266,494,1508,162,1132,26,444,81,26
"890","2020-03-21",177,11,189,1053,7983,0.587623700363272,8325,35266,494,1508,170,1302,36,480,103,36
"891","2020-03-22",251,11,178,1224,7983,0.587623700363272,8325,35266,494,1508,188,1490,40,520,108,40
"892","2020-03-23",295,11,195,1395,7983,0.587623700363272,8325,35266,494,1508,152,1642,44,564,90,44
"893","2020-03-24",310,11,239,1533,7983,0.587623700363272,8325,35266,494,1508,158,1800,67,631,98,67
"894","2020-03-25",338,11,253,1717,7983,0.587623700363272,8325,35266,494,1508,172,1972,57,688,99,57
"895","2020-03-26",393,11,265,1877,7983,0.587623700363272,8325,35266,494,1508,179,2151,38,726,118,38
"896","2020-03-27",573,11,304,1991,7983,0.587623700363272,8325,35266,494,1508,174,2325,35,761,114,35
"897","2020-03-28",638,11,346,2087,7983,0.587623700363272,8325,35266,494,1508,181,2506,32,793,139,32
"898","2020-03-29",645,11,357,2216,7983,0.587623700363272,8325,35266,494,1508,203,2709,58,851,140,58
"899","2020-03-30",665,11,309,2319,7983,0.587623700363272,8325,35266,494,1508,196,2905,43,894,141,43
"900","2020-03-31",682,11,255,2418,7983,0.587623700363272,8325,35266,494,1508,190,3095,48,942,119,48
"901","2020-04-01",716,11,215,2494,7983,0.587623700363272,8325,35266,494,1508,160,3255,30,972,101,30
"902","2020-04-02",728,11,235,2537,7983,0.587623700363272,8325,35266,494,1508,173,3428,32,1004,124,32
"903","2020-04-03",851,11,214,2564,7983,0.587623700363272,8325,35266,494,1508,157,3585,39,1043,89,39
"904","2020-04-04",856,11,237,2518,7983,0.587623700363272,8325,35266,494,1508,170,3755,43,1086,105,43
"905","2020-04-05",801,11,252,2498,7983,0.587623700363272,8325,35266,494,1508,151,3906,37,1123,86,37
"906","2020-04-06",786,11,219,2465,7983,0.587623700363272,8325,35266,494,1508,159,4065,38,1161,96,38
"907","2020-04-07",805,11,196,2408,7983,0.587623700363272,8325,35266,494,1508,145,4210,41,1202,88,41
"908","2020-04-08",798,11,251,2312,7983,0.587623700363272,8325,35266,494,1508,105,4315,64,1266,65,64
"909","2020-04-09",784,11,261,2247,7983,0.587623700363272,8325,35266,494,1508,138,4453,39,1305,86,39
"910","2020-04-10",811,11,240,2177,7983,0.587623700363272,8325,35266,494,1508,121,4574,33,1338,89,33
"911","2020-04-11",786,11,195,2084,7983,0.587623700363272,8325,35266,494,1508,96,4670,32,1370,46,32
"912","2020-04-12",692,11,199,1979,7983,0.587623700363272,8325,35266,494,1508,134,4804,41,1411,81,41
"913","2020-04-13",687,11,188,1875,7983,0.587623700363272,8325,35266,494,1508,114,4918,46,1457,65,46
"914","2020-04-14",643,11,221,1751,7983,0.587623700363272,8325,35266,494,1508,91,5009,33,1490,45,33
"915","2020-04-15",627,11,257,1607,7983,0.587623700363272,8325,35266,494,1508,110,5119,31,1521,63,31
"916","2020-04-16",619,11,243,1522,7983,0.587623700363272,8325,35266,494,1508,91,5210,33,1554,42,33
"917","2020-04-17",573,11,244,1430,7983,0.587623700363272,8325,35266,494,1508,96,5306,18,1572,49,18
"918","2020-04-18",562,11,230,1325,7983,0.587623700363272,8325,35266,494,1508,84,5390,37,1609,45,37
"919","2020-04-19",521,11,210,1233,7983,0.587623700363272,8325,35266,494,1508,85,5475,26,1635,31,26
"920","2020-04-20",490,11,237,1141,7983,0.587623700363272,8325,35266,494,1508,67,5542,38,1673,27,38
"921","2020-04-21",459,11,239,1051,7983,0.587623700363272,8325,35266,494,1508,62,5604,22,1695,31,22
"922","2020-04-22",425,11,213,974,7983,0.587623700363272,8325,35266,494,1508,62,5666,27,1722,28,27
"923","2020-04-23",404,11,270,890,7983,0.587623700363272,8325,35266,494,1508,64,5730,39,1761,30,39
"924","2020-04-24",364,11,276,817,7983,0.587623700363272,8325,35266,494,1508,48,5778,54,1815,17,54
"925","2020-04-25",336,11,244,763,7983,0.587623700363272,8325,35266,494,1508,63,5841,35,1850,17,35
"926","2020-04-26",293,11,234,717,7983,0.587623700363272,8325,35266,494,1508,51,5892,39,1889,13,39
"927","2020-04-27",268,11,248,656,7983,0.587623700363272,8325,35266,494,1508,54,5946,49,1938,23,49
"928","2020-04-28",255,11,301,608,7983,0.587623700363272,8325,35266,494,1508,58,6004,37,1975,20,37
"929","2020-04-29",245,11,312,574,7983,0.587623700363272,8325,35266,494,1508,37,6041,27,2002,12,27
"930","2020-04-30",218,11,295,538,7983,0.587623700363272,8325,35266,494,1508,44,6085,38,2040,16,38
"931","2020-05-01",195,11,274,491,7983,0.587623700363272,8325,35266,494,1508,49,6134,33,2073,19,33
"932","2020-05-02",202,11,251,468,7983,0.587623700363272,8325,35266,494,1508,30,6164,32,2105,12,32
"933","2020-05-03",195,11,211,439,7983,0.587623700363272,8325,35266,494,1508,47,6211,43,2148,12,43
"934","2020-05-04",186,11,213,425,7983,0.587623700363272,8325,35266,494,1508,45,6256,27,2175,18,27
"935","2020-05-05",170,11,200,409,7983,0.587623700363272,8325,35266,494,1508,39,6295,22,2197,8,22
"936","2020-05-06",167,11,178,406,7983,0.587623700363272,8325,35266,494,1508,47,6342,33,2230,14,33
"937","2020-05-07",162,11,182,375,7983,0.587623700363272,8325,35266,494,1508,43,6385,56,2286,17,56
"938","2020-05-08",139,11,217,340,7983,0.587623700363272,8325,35266,494,1508,39,6424,56,2342,8,56
"939","2020-05-09",138,11,249,330,7983,0.587623700363272,8325,35266,494,1508,42,6466,42,2384,7,42
"940","2020-05-10",121,11,283,319,7983,0.587623700363272,8325,35266,494,1508,38,6504,38,2422,12,38
"941","2020-05-11",114,11,281,298,7983,0.587623700363272,8325,35266,494,1508,23,6527,30,2452,9,30
"942","2020-05-12",110,11,307,287,7983,0.587623700363272,8325,35266,494,1508,25,6552,30,2482,7,30
"943","2020-05-13",98,11,277,283,7983,0.587623700363272,8325,35266,494,1508,19,6571,41,2523,8,41
"944","2020-05-14",91,11,253,270,7983,0.587623700363272,8325,35266,494,1508,29,6600,50,2573,9,50
"945","2020-05-15",78,11,244,270,7983,0.587623700363272,8325,35266,494,1508,27,6627,35,2608,8,35
"946","2020-05-16",66,11,220,266,7983,0.587623700363272,8325,35266,494,1508,26,6653,41,2649,5,41
"947","2020-05-17",55,11,202,248,7983,0.587623700363272,8325,35266,494,1508,17,6670,31,2680,9,31
"948","2020-05-18",57,11,159,237,7983,0.587623700363272,8325,35266,494,1508,17,6687,33,2713,6,33
"949","2020-05-19",55,11,141,227,7983,0.587623700363272,8325,35266,494,1508,21,6708,34,2747,9,34
"950","2020-05-20",67,11,138,230,7983,0.587623700363272,8325,35266,494,1508,21,6729,29,2776,5,29
"951","2020-05-21",73,11,211,223,7983,0.587623700363272,8325,35266,494,1508,20,6749,35,2811,2,35
"952","2020-05-22",69,11,272,207,7983,0.587623700363272,8325,35266,494,1508,12,6761,27,2838,2,27
"953","2020-05-23",65,11,291,202,7983,0.587623700363272,8325,35266,494,1508,13,6774,50,2888,3,50
"954","2020-05-24",72,11,280,196,7983,0.587623700363272,8325,35266,494,1508,10,6784,31,2919,1,31
"955","2020-05-25",70,11,256,187,7983,0.587623700363272,8325,35266,494,1508,18,6802,38,2957,2,38
"956","2020-05-26",64,11,213,182,7983,0.587623700363272,8325,35266,494,1508,12,6814,34,2991,3,34
"957","2020-05-27",57,11,186,160,7983,0.587623700363272,8325,35266,494,1508,10,6824,31,3022,3,31
"958","2020-05-28",55,11,214,149,7983,0.587623700363272,8325,35266,494,1508,19,6843,48,3070,3,48
"959","2020-05-29",66,11,205,138,7983,0.587623700363272,8325,35266,494,1508,17,6860,47,3117,2,47
"960","2020-05-30",61,11,200,126,7983,0.587623700363272,8325,35266,494,1508,13,6873,39,3156,1,39
"961","2020-05-31",53,11,222,121,7983,0.587623700363272,8325,35266,494,1508,5,6878,19,3175,1,19
"962","2020-06-01",49,11,194,117,7983,0.587623700363272,8325,35266,494,1508,11,6889,26,3201,1,26
"963","2020-06-02",49,11,200,108,7983,0.587623700363272,8325,35266,494,1508,8,6897,28,3229,3,28
"964","2020-06-03",41,11,236,106,7983,0.587623700363272,8325,35266,494,1508,10,6907,35,3264,1,35
"965","2020-06-04",38,11,250,103,7983,0.587623700363272,8325,35266,494,1508,12,6919,36,3300,5,36
"966","2020-06-05",26,11,236,95,7983,0.587623700363272,8325,35266,494,1508,9,6928,35,3335,4,35
"967","2020-06-06",26,11,211,92,7983,0.587623700363272,8325,35266,494,1508,17,6945,43,3378,4,43
"968","2020-06-07",24,11,195,89,7983,0.587623700363272,8325,35266,494,1508,4,6949,34,3412,2,34
"969","2020-03-08",1,12,0,0,7523,0.380167486375116,8400,38237,415,1309,NA,NA,NA,NA,NA,NA
"970","2020-03-09",1,12,0,0,7523,0.380167486375116,8400,38237,415,1309,NA,NA,NA,NA,NA,NA
"971","2020-03-10",0,12,0,0,7523,0.380167486375116,8400,38237,415,1309,NA,NA,1,1,NA,1
"972","2020-03-11",0,12,0,0,7523,0.380167486375116,8400,38237,415,1309,29,29,39,40,2,39
"973","2020-03-12",0,12,0,0,7523,0.380167486375116,8400,38237,415,1309,43,72,31,71,6,31
"974","2020-03-13",7,12,65,204,7523,0.380167486375116,8400,38237,415,1309,48,120,19,90,12,19
"975","2020-03-14",28,12,97,289,7523,0.380167486375116,8400,38237,415,1309,47,167,38,128,15,38
"976","2020-03-15",36,12,127,387,7523,0.380167486375116,8400,38237,415,1309,49,216,11,139,21,11
"977","2020-03-16",39,12,161,507,7523,0.380167486375116,8400,38237,415,1309,58,274,21,160,36,21
"978","2020-03-17",64,12,145,614,7523,0.380167486375116,8400,38237,415,1309,93,367,52,212,60,52
"979","2020-03-18",76,12,145,724,7523,0.380167486375116,8400,38237,415,1309,95,462,28,240,66,28
"980","2020-03-19",99,12,142,814,7523,0.380167486375116,8400,38237,415,1309,68,530,32,272,43,32
"981","2020-03-20",158,12,169,899,7523,0.380167486375116,8400,38237,415,1309,96,626,56,328,68,56
"982","2020-03-21",258,12,169,1000,7523,0.380167486375116,8400,38237,415,1309,106,732,56,384,75,56
"983","2020-03-22",280,12,174,1112,7523,0.380167486375116,8400,38237,415,1309,127,859,30,414,88,30
"984","2020-03-23",280,12,215,1215,7523,0.380167486375116,8400,38237,415,1309,120,979,34,448,89,34
"985","2020-03-24",291,12,269,1310,7523,0.380167486375116,8400,38237,415,1309,145,1124,27,475,112,27
"986","2020-03-25",317,12,286,1395,7523,0.380167486375116,8400,38237,415,1309,123,1247,25,500,95,25
"987","2020-03-26",360,12,280,1468,7523,0.380167486375116,8400,38237,415,1309,144,1391,53,553,105,53
"988","2020-03-27",480,12,280,1533,7523,0.380167486375116,8400,38237,415,1309,135,1526,54,607,109,54
"989","2020-03-28",474,12,254,1558,7523,0.380167486375116,8400,38237,415,1309,176,1702,34,641,145,34
"990","2020-03-29",493,12,228,1558,7523,0.380167486375116,8400,38237,415,1309,158,1860,14,655,121,14
"991","2020-03-30",500,12,249,1582,7523,0.380167486375116,8400,38237,415,1309,156,2016,14,669,125,14
"992","2020-03-31",498,12,241,1640,7523,0.380167486375116,8400,38237,415,1309,150,2166,65,734,109,65
"993","2020-04-01",522,12,235,1641,7523,0.380167486375116,8400,38237,415,1309,186,2352,33,767,154,33
"994","2020-04-02",517,12,258,1663,7523,0.380167486375116,8400,38237,415,1309,136,2488,81,848,106,81
"995","2020-04-03",582,12,231,1647,7523,0.380167486375116,8400,38237,415,1309,175,2663,59,907,135,59
"996","2020-04-04",583,12,218,1609,7523,0.380167486375116,8400,38237,415,1309,167,2830,31,938,139,31
"997","2020-04-05",527,12,207,1583,7523,0.380167486375116,8400,38237,415,1309,144,2974,19,957,113,19
"998","2020-04-06",525,12,197,1550,7523,0.380167486375116,8400,38237,415,1309,137,3111,14,971,100,14
"999","2020-04-07",519,12,205,1534,7523,0.380167486375116,8400,38237,415,1309,135,3246,24,995,107,24
"1000","2020-04-08",514,12,225,1531,7523,0.380167486375116,8400,38237,415,1309,137,3383,61,1056,112,61
"1001","2020-04-09",495,12,220,1502,7523,0.380167486375116,8400,38237,415,1309,136,3519,64,1120,99,64
"1002","2020-04-10",519,12,215,1464,7523,0.380167486375116,8400,38237,415,1309,126,3645,22,1142,97,22
"1003","2020-04-11",511,12,209,1455,7523,0.380167486375116,8400,38237,415,1309,135,3780,23,1165,95,23
"1004","2020-04-12",470,12,198,1436,7523,0.380167486375116,8400,38237,415,1309,111,3891,17,1182,81,17
"1005","2020-04-13",459,12,188,1406,7523,0.380167486375116,8400,38237,415,1309,115,4006,11,1193,88,11
"1006","2020-04-14",441,12,204,1363,7523,0.380167486375116,8400,38237,415,1309,102,4108,9,1202,76,9
"1007","2020-04-15",444,12,234,1339,7523,0.380167486375116,8400,38237,415,1309,113,4221,9,1211,75,9
"1008","2020-04-16",454,12,265,1317,7523,0.380167486375116,8400,38237,415,1309,95,4316,16,1227,73,16
"1009","2020-04-17",487,12,257,1312,7523,0.380167486375116,8400,38237,415,1309,98,4414,60,1287,70,60
"1010","2020-04-18",485,12,246,1259,7523,0.380167486375116,8400,38237,415,1309,77,4491,97,1384,58,97
"1011","2020-04-19",445,12,236,1235,7523,0.380167486375116,8400,38237,415,1309,85,4576,74,1458,55,74
"1012","2020-04-20",434,12,258,1210,7523,0.380167486375116,8400,38237,415,1309,100,4676,22,1480,84,22
"1013","2020-04-21",433,12,254,1179,7523,0.380167486375116,8400,38237,415,1309,82,4758,41,1521,65,41
"1014","2020-04-22",410,12,257,1130,7523,0.380167486375116,8400,38237,415,1309,67,4825,21,1542,42,21
"1015","2020-04-23",388,12,249,1104,7523,0.380167486375116,8400,38237,415,1309,78,4903,23,1565,50,23
"1016","2020-04-24",352,12,250,1057,7523,0.380167486375116,8400,38237,415,1309,65,4968,42,1607,38,42
"1017","2020-04-25",335,12,245,1004,7523,0.380167486375116,8400,38237,415,1309,62,5030,16,1623,39,16
"1018","2020-04-26",327,12,239,980,7523,0.380167486375116,8400,38237,415,1309,45,5075,24,1647,30,24
"1019","2020-04-27",318,12,233,950,7523,0.380167486375116,8400,38237,415,1309,53,5128,34,1681,35,34
"1020","2020-04-28",308,12,237,914,7523,0.380167486375116,8400,38237,415,1309,54,5182,20,1701,34,20
"1021","2020-04-29",295,12,247,869,7523,0.380167486375116,8400,38237,415,1309,51,5233,23,1724,37,23
"1022","2020-04-30",298,12,217,828,7523,0.380167486375116,8400,38237,415,1309,52,5285,21,1745,35,21
"1023","2020-05-01",302,12,218,794,7523,0.380167486375116,8400,38237,415,1309,31,5316,17,1762,14,17
"1024","2020-05-02",316,12,214,771,7523,0.380167486375116,8400,38237,415,1309,41,5357,57,1819,20,57
"1025","2020-05-03",281,12,223,740,7523,0.380167486375116,8400,38237,415,1309,46,5403,30,1849,26,30
"1026","2020-05-04",267,12,216,703,7523,0.380167486375116,8400,38237,415,1309,38,5441,67,1916,17,67
"1027","2020-05-05",248,12,217,679,7523,0.380167486375116,8400,38237,415,1309,32,5473,26,1942,19,26
"1028","2020-05-06",244,12,198,649,7523,0.380167486375116,8400,38237,415,1309,37,5510,32,1974,17,32
"1029","2020-05-07",231,12,191,628,7523,0.380167486375116,8400,38237,415,1309,46,5556,21,1995,22,21
"1030","2020-05-08",230,12,188,622,7523,0.380167486375116,8400,38237,415,1309,29,5585,13,2008,17,13
"1031","2020-05-09",213,12,203,593,7523,0.380167486375116,8400,38237,415,1309,31,5616,20,2028,15,20
"1032","2020-05-10",190,12,199,549,7523,0.380167486375116,8400,38237,415,1309,35,5651,11,2039,21,11
"1033","2020-05-11",191,12,198,516,7523,0.380167486375116,8400,38237,415,1309,29,5680,24,2063,15,24
"1034","2020-05-12",185,12,241,504,7523,0.380167486375116,8400,38237,415,1309,24,5704,12,2075,14,12
"1035","2020-05-13",181,12,274,479,7523,0.380167486375116,8400,38237,415,1309,29,5733,10,2085,19,10
"1036","2020-05-14",172,12,283,473,7523,0.380167486375116,8400,38237,415,1309,22,5755,12,2097,13,12
"1037","2020-05-15",154,12,299,447,7523,0.380167486375116,8400,38237,415,1309,30,5785,18,2115,17,18
"1038","2020-05-16",169,12,328,432,7523,0.380167486375116,8400,38237,415,1309,22,5807,79,2194,10,79
"1039","2020-05-17",161,12,308,400,7523,0.380167486375116,8400,38237,415,1309,34,5841,28,2222,16,28
"1040","2020-05-18",140,12,307,388,7523,0.380167486375116,8400,38237,415,1309,22,5863,24,2246,9,24
"1041","2020-05-19",131,12,299,375,7523,0.380167486375116,8400,38237,415,1309,21,5884,63,2309,8,63
"1042","2020-05-20",127,12,288,374,7523,0.380167486375116,8400,38237,415,1309,34,5918,77,2386,15,77
"1043","2020-05-21",128,12,287,348,7523,0.380167486375116,8400,38237,415,1309,21,5939,64,2450,17,64
"1044","2020-05-22",125,12,279,323,7523,0.380167486375116,8400,38237,415,1309,17,5956,24,2474,7,24
"1045","2020-05-23",109,12,260,309,7523,0.380167486375116,8400,38237,415,1309,18,5974,21,2495,9,21
"1046","2020-05-24",99,12,241,291,7523,0.380167486375116,8400,38237,415,1309,21,5995,28,2523,7,28
"1047","2020-05-25",103,12,203,276,7523,0.380167486375116,8400,38237,415,1309,19,6014,47,2570,13,47
"1048","2020-05-26",100,12,198,266,7523,0.380167486375116,8400,38237,415,1309,19,6033,42,2612,12,42
"1049","2020-05-27",100,12,205,253,7523,0.380167486375116,8400,38237,415,1309,24,6057,17,2629,9,17
"1050","2020-05-28",100,12,195,246,7523,0.380167486375116,8400,38237,415,1309,13,6070,25,2654,6,25
"1051","2020-05-29",89,12,202,237,7523,0.380167486375116,8400,38237,415,1309,12,6082,35,2689,7,35
"1052","2020-05-30",87,12,217,227,7523,0.380167486375116,8400,38237,415,1309,12,6094,41,2730,4,41
"1053","2020-05-31",86,12,205,219,7523,0.380167486375116,8400,38237,415,1309,17,6111,55,2785,9,55
"1054","2020-06-01",76,12,201,201,7523,0.380167486375116,8400,38237,415,1309,13,6124,33,2818,6,33
"1055","2020-06-02",74,12,208,190,7523,0.380167486375116,8400,38237,415,1309,11,6135,23,2841,6,23
"1056","2020-06-03",67,12,219,192,7523,0.380167486375116,8400,38237,415,1309,12,6147,24,2865,6,24
"1057","2020-06-04",67,12,244,181,7523,0.380167486375116,8400,38237,415,1309,13,6160,47,2912,6,47
"1058","2020-06-05",70,12,240,173,7523,0.380167486375116,8400,38237,415,1309,13,6173,54,2966,7,54
"1059","2020-06-06",66,12,243,155,7523,0.380167486375116,8400,38237,415,1309,13,6186,44,3010,7,44
"1060","2020-06-07",52,12,238,148,7523,0.380167486375116,8400,38237,415,1309,10,6196,31,3041,3,31
"1061","2020-03-12",1,13,63,51,6635,0.783571966842502,8340,32635,360,1077,45,90,21,46,1,21
"1062","2020-03-13",1,13,90,81,6635,0.783571966842502,8340,32635,360,1077,55,145,31,77,13,31
"1063","2020-03-14",7,13,104,110,6635,0.783571966842502,8340,32635,360,1077,66,211,33,110,13,33
"1064","2020-03-15",11,13,116,142,6635,0.783571966842502,8340,32635,360,1077,76,287,14,124,28,14
"1065","2020-03-16",13,13,155,188,6635,0.783571966842502,8340,32635,360,1077,59,346,20,144,25,20
"1066","2020-03-17",22,13,191,252,6635,0.783571966842502,8340,32635,360,1077,94,440,15,159,44,15
"1067","2020-03-18",33,13,186,312,6635,0.783571966842502,8340,32635,360,1077,102,542,6,165,58,6
"1068","2020-03-19",40,13,166,371,6635,0.783571966842502,8340,32635,360,1077,97,639,8,173,53,8
"1069","2020-03-20",57,13,166,453,6635,0.783571966842502,8340,32635,360,1077,89,728,27,200,50,27
"1070","2020-03-21",92,13,155,498,6635,0.783571966842502,8340,32635,360,1077,151,879,36,236,105,36
"1071","2020-03-22",106,13,161,561,6635,0.783571966842502,8340,32635,360,1077,120,999,29,265,74,29
"1072","2020-03-23",122,13,153,649,6635,0.783571966842502,8340,32635,360,1077,127,1126,45,310,85,45
"1073","2020-03-24",131,13,149,739,6635,0.783571966842502,8340,32635,360,1077,105,1231,31,341,66,31
"1074","2020-03-25",142,13,158,814,6635,0.783571966842502,8340,32635,360,1077,170,1401,42,383,109,42
"1075","2020-03-26",165,13,170,909,6635,0.783571966842502,8340,32635,360,1077,140,1541,51,434,101,51
"1076","2020-03-27",232,13,187,1018,6635,0.783571966842502,8340,32635,360,1077,129,1670,50,484,78,50
"1077","2020-03-28",297,13,207,1145,6635,0.783571966842502,8340,32635,360,1077,177,1847,18,502,116,18
"1078","2020-03-29",301,13,232,1262,6635,0.783571966842502,8340,32635,360,1077,144,1991,35,537,92,35
"1079","2020-03-30",297,13,227,1376,6635,0.783571966842502,8340,32635,360,1077,146,2137,37,574,114,37
"1080","2020-03-31",320,13,223,1508,6635,0.783571966842502,8340,32635,360,1077,168,2305,44,618,112,44
"1081","2020-04-01",346,13,216,1591,6635,0.783571966842502,8340,32635,360,1077,150,2455,39,657,96,39
"1082","2020-04-02",372,13,210,1669,6635,0.783571966842502,8340,32635,360,1077,140,2595,33,690,110,33
"1083","2020-04-03",525,13,217,1731,6635,0.783571966842502,8340,32635,360,1077,173,2768,69,759,114,69
"1084","2020-04-04",516,13,186,1851,6635,0.783571966842502,8340,32635,360,1077,165,2933,23,782,127,23
"1085","2020-04-05",547,13,184,1914,6635,0.783571966842502,8340,32635,360,1077,148,3081,10,792,106,10
"1086","2020-04-06",577,13,202,1961,6635,0.783571966842502,8340,32635,360,1077,145,3226,17,809,104,17
"1087","2020-04-07",595,13,207,1962,6635,0.783571966842502,8340,32635,360,1077,152,3378,51,860,103,51
"1088","2020-04-08",606,13,198,2023,6635,0.783571966842502,8340,32635,360,1077,161,3539,45,905,120,45
"1089","2020-04-09",613,13,220,1993,6635,0.783571966842502,8340,32635,360,1077,125,3664,24,929,79,24
"1090","2020-04-10",683,13,277,1987,6635,0.783571966842502,8340,32635,360,1077,135,3799,17,946,88,17
"1091","2020-04-11",702,13,292,1966,6635,0.783571966842502,8340,32635,360,1077,143,3942,21,967,99,21
"1092","2020-04-12",646,13,333,1940,6635,0.783571966842502,8340,32635,360,1077,127,4069,14,981,85,14
"1093","2020-04-13",640,13,307,1931,6635,0.783571966842502,8340,32635,360,1077,130,4199,16,997,90,16
"1094","2020-04-14",635,13,290,1863,6635,0.783571966842502,8340,32635,360,1077,103,4302,56,1053,71,56
"1095","2020-04-15",647,13,292,1854,6635,0.783571966842502,8340,32635,360,1077,114,4416,30,1083,86,30
"1096","2020-04-16",644,13,309,1796,6635,0.783571966842502,8340,32635,360,1077,97,4513,49,1132,62,49
"1097","2020-04-17",682,13,291,1738,6635,0.783571966842502,8340,32635,360,1077,106,4619,41,1173,73,41
"1098","2020-04-18",671,13,277,1689,6635,0.783571966842502,8340,32635,360,1077,84,4703,48,1221,56,48
"1099","2020-04-19",605,13,303,1641,6635,0.783571966842502,8340,32635,360,1077,107,4810,49,1270,67,49
"1100","2020-04-20",586,13,295,1534,6635,0.783571966842502,8340,32635,360,1077,87,4897,28,1298,51,28
"1101","2020-04-21",562,13,280,1444,6635,0.783571966842502,8340,32635,360,1077,72,4969,47,1345,39,47
"1102","2020-04-22",540,13,280,1383,6635,0.783571966842502,8340,32635,360,1077,59,5028,24,1369,34,24
"1103","2020-04-23",525,13,268,1278,6635,0.783571966842502,8340,32635,360,1077,55,5083,29,1398,32,29
"1104","2020-04-24",485,13,243,1180,6635,0.783571966842502,8340,32635,360,1077,61,5144,32,1430,40,32
"1105","2020-04-25",456,13,262,1118,6635,0.783571966842502,8340,32635,360,1077,57,5201,23,1453,29,23
"1106","2020-04-26",410,13,267,1021,6635,0.783571966842502,8340,32635,360,1077,57,5258,30,1483,30,30
"1107","2020-04-27",388,13,276,957,6635,0.783571966842502,8340,32635,360,1077,40,5298,40,1523,22,40
"1108","2020-04-28",371,13,298,865,6635,0.783571966842502,8340,32635,360,1077,50,5348,48,1571,22,48
"1109","2020-04-29",357,13,302,785,6635,0.783571966842502,8340,32635,360,1077,48,5396,44,1615,21,44
"1110","2020-04-30",338,13,288,720,6635,0.783571966842502,8340,32635,360,1077,37,5433,44,1659,14,44
"1111","2020-05-01",275,13,267,670,6635,0.783571966842502,8340,32635,360,1077,41,5474,17,1676,12,17
"1112","2020-05-02",256,13,271,612,6635,0.783571966842502,8340,32635,360,1077,46,5520,14,1690,17,14
"1113","2020-05-03",241,13,290,569,6635,0.783571966842502,8340,32635,360,1077,43,5563,13,1703,11,13
"1114","2020-05-04",241,13,293,518,6635,0.783571966842502,8340,32635,360,1077,37,5600,13,1716,17,13
"1115","2020-05-05",217,13,288,487,6635,0.783571966842502,8340,32635,360,1077,35,5635,34,1750,11,34
"1116","2020-05-06",196,13,306,461,6635,0.783571966842502,8340,32635,360,1077,39,5674,36,1786,13,36
"1117","2020-05-07",182,13,262,424,6635,0.783571966842502,8340,32635,360,1077,35,5709,47,1833,14,47
"1118","2020-05-08",166,13,260,394,6635,0.783571966842502,8340,32635,360,1077,34,5743,53,1886,13,53
"1119","2020-05-09",165,13,260,374,6635,0.783571966842502,8340,32635,360,1077,29,5772,43,1929,9,43
"1120","2020-05-10",140,13,250,345,6635,0.783571966842502,8340,32635,360,1077,39,5811,27,1956,10,27
"1121","2020-05-11",126,13,268,316,6635,0.783571966842502,8340,32635,360,1077,28,5839,10,1966,15,10
"1122","2020-05-12",117,13,272,295,6635,0.783571966842502,8340,32635,360,1077,39,5878,12,1978,17,12
"1123","2020-05-13",112,13,256,272,6635,0.783571966842502,8340,32635,360,1077,29,5907,11,1989,9,11
"1124","2020-05-14",107,13,262,242,6635,0.783571966842502,8340,32635,360,1077,16,5923,24,2013,4,24
"1125","2020-05-15",102,13,246,220,6635,0.783571966842502,8340,32635,360,1077,43,5966,33,2046,21,33
"1126","2020-05-16",88,13,263,211,6635,0.783571966842502,8340,32635,360,1077,23,5989,24,2070,9,24
"1127","2020-05-17",77,13,256,195,6635,0.783571966842502,8340,32635,360,1077,18,6007,19,2089,7,19
"1128","2020-05-18",65,13,242,185,6635,0.783571966842502,8340,32635,360,1077,27,6034,19,2108,10,19
"1129","2020-05-19",60,13,237,175,6635,0.783571966842502,8340,32635,360,1077,26,6060,13,2121,7,13
"1130","2020-05-20",54,13,225,171,6635,0.783571966842502,8340,32635,360,1077,12,6072,61,2182,2,61
"1131","2020-05-21",51,13,253,164,6635,0.783571966842502,8340,32635,360,1077,32,6104,28,2210,14,28
"1132","2020-05-22",46,13,242,154,6635,0.783571966842502,8340,32635,360,1077,14,6118,16,2226,7,16
"1133","2020-05-23",45,13,269,143,6635,0.783571966842502,8340,32635,360,1077,17,6135,29,2255,5,29
"1134","2020-05-24",43,13,309,145,6635,0.783571966842502,8340,32635,360,1077,27,6162,34,2289,12,34
"1135","2020-05-25",43,13,323,143,6635,0.783571966842502,8340,32635,360,1077,18,6180,46,2335,3,46
"1136","2020-05-26",43,13,319,126,6635,0.783571966842502,8340,32635,360,1077,15,6195,20,2355,5,20
"1137","2020-05-27",44,13,308,119,6635,0.783571966842502,8340,32635,360,1077,19,6214,26,2381,2,26
"1138","2020-05-28",47,13,296,114,6635,0.783571966842502,8340,32635,360,1077,19,6233,32,2413,4,32
"1139","2020-05-29",44,13,274,112,6635,0.783571966842502,8340,32635,360,1077,19,6252,37,2450,7,37
"1140","2020-05-30",42,13,258,108,6635,0.783571966842502,8340,32635,360,1077,16,6268,37,2487,6,37
"1141","2020-05-31",41,13,249,112,6635,0.783571966842502,8340,32635,360,1077,11,6279,39,2526,3,39
"1142","2020-06-01",38,13,249,106,6635,0.783571966842502,8340,32635,360,1077,7,6286,27,2553,4,27
"1143","2020-06-02",33,13,247,96,6635,0.783571966842502,8340,32635,360,1077,12,6298,19,2572,3,19
"1144","2020-06-03",31,13,253,91,6635,0.783571966842502,8340,32635,360,1077,13,6311,18,2590,6,18
"1145","2020-06-04",26,13,255,85,6635,0.783571966842502,8340,32635,360,1077,18,6329,10,2600,6,10
"1146","2020-06-05",24,13,251,89,6635,0.783571966842502,8340,32635,360,1077,15,6344,14,2614,1,14
"1147","2020-06-06",23,13,233,79,6635,0.783571966842502,8340,32635,360,1077,15,6359,17,2631,3,17
"1148","2020-06-07",19,13,231,74,6635,0.783571966842502,8340,32635,360,1077,10,6369,27,2658,5,27
"1149","2020-03-13",1,14,93,105,7013,0.79381149294168,8370,33576,465,1765,70,173,46,155,28,46
"1150","2020-03-14",2,14,109,149,7013,0.79381149294168,8370,33576,465,1765,72,245,52,207,34,52
"1151","2020-03-15",11,14,146,205,7013,0.79381149294168,8370,33576,465,1765,82,327,37,244,45,37
"1152","2020-03-16",15,14,140,276,7013,0.79381149294168,8370,33576,465,1765,93,420,11,255,62,11
"1153","2020-03-17",28,14,150,337,7013,0.79381149294168,8370,33576,465,1765,86,506,12,267,56,12
"1154","2020-03-18",38,14,187,411,7013,0.79381149294168,8370,33576,465,1765,88,594,26,293,67,26
"1155","2020-03-19",51,14,228,510,7013,0.79381149294168,8370,33576,465,1765,101,695,15,308,75,15
"1156","2020-03-20",79,14,240,621,7013,0.79381149294168,8370,33576,465,1765,107,802,8,316,70,8
"1157","2020-03-21",107,14,255,731,7013,0.79381149294168,8370,33576,465,1765,121,923,10,326,79,10
"1158","2020-03-22",202,14,237,846,7013,0.79381149294168,8370,33576,465,1765,116,1039,8,334,90,8
"1159","2020-03-23",217,14,228,984,7013,0.79381149294168,8370,33576,465,1765,117,1156,15,349,86,15
"1160","2020-03-24",218,14,219,1079,7013,0.79381149294168,8370,33576,465,1765,140,1296,5,354,109,5
"1161","2020-03-25",251,14,213,1180,7013,0.79381149294168,8370,33576,465,1765,169,1465,7,361,137,7
"1162","2020-03-26",278,14,217,1283,7013,0.79381149294168,8370,33576,465,1765,167,1632,43,404,128,43
"1163","2020-03-27",404,14,202,1363,7013,0.79381149294168,8370,33576,465,1765,141,1773,20,424,112,20
"1164","2020-03-28",429,14,203,1464,7013,0.79381149294168,8370,33576,465,1765,150,1923,25,449,106,25
"1165","2020-03-29",407,14,202,1568,7013,0.79381149294168,8370,33576,465,1765,152,2075,8,457,125,8
"1166","2020-03-30",423,14,201,1666,7013,0.79381149294168,8370,33576,465,1765,149,2224,8,465,110,8
"1167","2020-03-31",434,14,201,1803,7013,0.79381149294168,8370,33576,465,1765,127,2351,12,477,101,12
"1168","2020-04-01",445,14,194,1811,7013,0.79381149294168,8370,33576,465,1765,139,2490,11,488,107,11
"1169","2020-04-02",500,14,208,1905,7013,0.79381149294168,8370,33576,465,1765,149,2639,12,500,121,12
"1170","2020-04-03",637,14,194,1966,7013,0.79381149294168,8370,33576,465,1765,153,2792,15,515,110,15
"1171","2020-04-04",655,14,199,2004,7013,0.79381149294168,8370,33576,465,1765,139,2931,9,524,101,9
"1172","2020-04-05",618,14,207,2090,7013,0.79381149294168,8370,33576,465,1765,132,3063,5,529,104,5
"1173","2020-04-06",647,14,236,2057,7013,0.79381149294168,8370,33576,465,1765,127,3190,21,550,96,21
"1174","2020-04-07",663,14,264,2034,7013,0.79381149294168,8370,33576,465,1765,119,3309,65,615,96,65
"1175","2020-04-08",676,14,271,2062,7013,0.79381149294168,8370,33576,465,1765,126,3435,30,645,95,30
"1176","2020-04-09",667,14,258,2048,7013,0.79381149294168,8370,33576,465,1765,134,3569,70,715,93,70
"1177","2020-04-10",734,14,232,2036,7013,0.79381149294168,8370,33576,465,1765,112,3681,26,741,84,26
"1178","2020-04-11",732,14,232,1985,7013,0.79381149294168,8370,33576,465,1765,125,3806,16,757,94,16
"1179","2020-04-12",683,14,222,1931,7013,0.79381149294168,8370,33576,465,1765,117,3923,12,769,86,12
"1180","2020-04-13",683,14,232,1876,7013,0.79381149294168,8370,33576,465,1765,91,4014,15,784,57,15
"1181","2020-04-14",674,14,224,1789,7013,0.79381149294168,8370,33576,465,1765,91,4105,8,792,65,8
"1182","2020-04-15",662,14,237,1716,7013,0.79381149294168,8370,33576,465,1765,96,4201,13,805,59,13
"1183","2020-04-16",637,14,243,1610,7013,0.79381149294168,8370,33576,465,1765,119,4320,15,820,92,15
"1184","2020-04-17",590,14,229,1526,7013,0.79381149294168,8370,33576,465,1765,101,4421,6,826,75,6
"1185","2020-04-18",594,14,215,1438,7013,0.79381149294168,8370,33576,465,1765,86,4507,13,839,55,13
"1186","2020-04-19",521,14,220,1348,7013,0.79381149294168,8370,33576,465,1765,75,4582,41,880,53,41
"1187","2020-04-20",487,14,248,1273,7013,0.79381149294168,8370,33576,465,1765,74,4656,18,898,47,18
"1188","2020-04-21",453,14,235,1184,7013,0.79381149294168,8370,33576,465,1765,77,4733,16,914,51,16
"1189","2020-04-22",442,14,243,1117,7013,0.79381149294168,8370,33576,465,1765,62,4795,67,981,39,67
"1190","2020-04-23",425,14,230,1046,7013,0.79381149294168,8370,33576,465,1765,76,4871,35,1016,39,35
"1191","2020-04-24",380,14,212,983,7013,0.79381149294168,8370,33576,465,1765,72,4943,54,1070,54,54
"1192","2020-04-25",361,14,215,900,7013,0.79381149294168,8370,33576,465,1765,69,5012,36,1106,41,36
"1193","2020-04-26",350,14,230,842,7013,0.79381149294168,8370,33576,465,1765,71,5083,36,1142,45,36
"1194","2020-04-27",342,14,217,783,7013,0.79381149294168,8370,33576,465,1765,57,5140,9,1151,35,9
"1195","2020-04-28",313,14,202,726,7013,0.79381149294168,8370,33576,465,1765,50,5190,19,1170,31,19
"1196","2020-04-29",298,14,243,684,7013,0.79381149294168,8370,33576,465,1765,44,5234,31,1201,24,31
"1197","2020-04-30",277,14,239,636,7013,0.79381149294168,8370,33576,465,1765,49,5283,24,1225,34,24
"1198","2020-05-01",266,14,232,581,7013,0.79381149294168,8370,33576,465,1765,52,5335,22,1247,33,22
"1199","2020-05-02",248,14,262,546,7013,0.79381149294168,8370,33576,465,1765,52,5387,40,1287,35,40
"1200","2020-05-03",228,14,263,524,7013,0.79381149294168,8370,33576,465,1765,57,5444,39,1326,34,39
"1201","2020-05-04",208,14,256,489,7013,0.79381149294168,8370,33576,465,1765,45,5489,19,1345,27,19
"1202","2020-05-05",198,14,250,458,7013,0.79381149294168,8370,33576,465,1765,43,5532,24,1369,20,24
"1203","2020-05-06",179,14,227,440,7013,0.79381149294168,8370,33576,465,1765,45,5577,16,1385,30,16
"1204","2020-05-07",171,14,230,418,7013,0.79381149294168,8370,33576,465,1765,44,5621,14,1399,26,14
"1205","2020-05-08",139,14,207,397,7013,0.79381149294168,8370,33576,465,1765,54,5675,6,1405,30,6
"1206","2020-05-09",127,14,228,375,7013,0.79381149294168,8370,33576,465,1765,28,5703,14,1419,14,14
"1207","2020-05-10",111,14,233,354,7013,0.79381149294168,8370,33576,465,1765,39,5742,14,1433,21,14
"1208","2020-05-11",107,14,269,344,7013,0.79381149294168,8370,33576,465,1765,43,5785,15,1448,20,15
"1209","2020-05-12",111,14,268,331,7013,0.79381149294168,8370,33576,465,1765,37,5822,30,1478,23,30
"1210","2020-05-13",113,14,272,322,7013,0.79381149294168,8370,33576,465,1765,30,5852,20,1498,13,20
"1211","2020-05-14",107,14,261,296,7013,0.79381149294168,8370,33576,465,1765,30,5882,19,1517,17,19
"1212","2020-05-15",92,14,263,278,7013,0.79381149294168,8370,33576,465,1765,25,5907,10,1527,17,10
"1213","2020-05-16",104,14,258,277,7013,0.79381149294168,8370,33576,465,1765,30,5937,6,1533,11,6
"1214","2020-05-17",106,14,233,270,7013,0.79381149294168,8370,33576,465,1765,28,5965,6,1539,13,6
"1215","2020-05-18",100,14,218,260,7013,0.79381149294168,8370,33576,465,1765,17,5982,15,1554,7,15
"1216","2020-05-19",83,14,242,246,7013,0.79381149294168,8370,33576,465,1765,24,6006,37,1591,14,37
"1217","2020-05-20",80,14,225,229,7013,0.79381149294168,8370,33576,465,1765,13,6019,24,1615,6,24
"1218","2020-05-21",82,14,209,214,7013,0.79381149294168,8370,33576,465,1765,26,6045,25,1640,17,25
"1219","2020-05-22",87,14,237,202,7013,0.79381149294168,8370,33576,465,1765,25,6070,45,1685,14,45
"1220","2020-05-23",77,14,267,186,7013,0.79381149294168,8370,33576,465,1765,21,6091,32,1717,9,32
"1221","2020-05-24",68,14,260,182,7013,0.79381149294168,8370,33576,465,1765,22,6113,22,1739,10,22
"1222","2020-05-25",62,14,244,180,7013,0.79381149294168,8370,33576,465,1765,21,6134,34,1773,10,34
"1223","2020-05-26",67,14,218,162,7013,0.79381149294168,8370,33576,465,1765,24,6158,54,1827,15,54
"1224","2020-05-27",59,14,201,150,7013,0.79381149294168,8370,33576,465,1765,16,6174,57,1884,7,57
"1225","2020-05-28",55,14,204,147,7013,0.79381149294168,8370,33576,465,1765,24,6198,16,1900,18,16
"1226","2020-05-29",47,14,233,143,7013,0.79381149294168,8370,33576,465,1765,25,6223,29,1929,15,29
"1227","2020-05-30",52,14,224,138,7013,0.79381149294168,8370,33576,465,1765,20,6243,14,1943,8,14
"1228","2020-05-31",45,14,220,136,7013,0.79381149294168,8370,33576,465,1765,15,6258,43,1986,10,43
"1229","2020-06-01",45,14,211,128,7013,0.79381149294168,8370,33576,465,1765,8,6266,31,2017,7,31
"1230","2020-06-02",42,14,199,129,7013,0.79381149294168,8370,33576,465,1765,15,6281,14,2031,10,14
"1231","2020-06-03",44,14,185,130,7013,0.79381149294168,8370,33576,465,1765,11,6292,11,2042,4,11
"1232","2020-06-04",43,14,195,130,7013,0.79381149294168,8370,33576,465,1765,15,6307,39,2081,11,39
"1233","2020-06-05",43,14,190,130,7013,0.79381149294168,8370,33576,465,1765,13,6320,33,2114,10,33
"1234","2020-06-06",35,14,217,116,7013,0.79381149294168,8370,33576,465,1765,10,6330,21,2135,6,21
"1235","2020-06-07",40,14,219,118,7013,0.79381149294168,8370,33576,465,1765,20,6350,34,2169,13,34
"1236","2020-03-12",2,15,173,225,8716,0.404428636989445,8370,41077,526,2328,113,201,9,28,2,9
"1237","2020-03-13",9,15,168,345,8716,0.404428636989445,8370,41077,526,2328,100,301,26,54,13,26
"1238","2020-03-14",62,15,243,459,8716,0.404428636989445,8370,41077,526,2328,97,398,30,84,16,30
"1239","2020-03-15",89,15,218,599,8716,0.404428636989445,8370,41077,526,2328,101,499,25,109,25,25
"1240","2020-03-16",90,15,219,745,8716,0.404428636989445,8370,41077,526,2328,109,608,40,149,31,40
"1241","2020-03-17",117,15,267,871,8716,0.404428636989445,8370,41077,526,2328,111,719,24,173,53,24
"1242","2020-03-18",151,15,305,1011,8716,0.404428636989445,8370,41077,526,2328,135,854,15,188,50,15
"1243","2020-03-19",170,15,308,1133,8716,0.404428636989445,8370,41077,526,2328,124,978,23,211,51,23
"1244","2020-03-20",287,15,285,1242,8716,0.404428636989445,8370,41077,526,2328,135,1113,39,250,55,39
"1245","2020-03-21",341,15,272,1339,8716,0.404428636989445,8370,41077,526,2328,149,1262,18,268,72,18
"1246","2020-03-22",381,15,239,1453,8716,0.404428636989445,8370,41077,526,2328,123,1385,16,284,56,16
"1247","2020-03-23",391,15,227,1530,8716,0.404428636989445,8370,41077,526,2328,165,1550,13,297,78,13
"1248","2020-03-24",415,15,219,1614,8716,0.404428636989445,8370,41077,526,2328,125,1675,12,309,42,12
"1249","2020-03-25",432,15,257,1663,8716,0.404428636989445,8370,41077,526,2328,129,1804,16,325,51,16
"1250","2020-03-26",477,15,254,1691,8716,0.404428636989445,8370,41077,526,2328,151,1955,45,370,62,45
"1251","2020-03-27",577,15,245,1716,8716,0.404428636989445,8370,41077,526,2328,149,2104,24,394,74,24
"1252","2020-03-28",562,15,220,1758,8716,0.404428636989445,8370,41077,526,2328,141,2245,28,422,59,28
"1253","2020-03-29",555,15,198,1794,8716,0.404428636989445,8370,41077,526,2328,143,2388,49,471,67,49
"1254","2020-03-30",587,15,197,1793,8716,0.404428636989445,8370,41077,526,2328,127,2515,22,493,74,22
"1255","2020-03-31",571,15,237,1800,8716,0.404428636989445,8370,41077,526,2328,121,2636,17,510,53,17
"1256","2020-04-01",584,15,270,1811,8716,0.404428636989445,8370,41077,526,2328,137,2773,11,521,57,11
"1257","2020-04-02",594,15,240,1786,8716,0.404428636989445,8370,41077,526,2328,138,2911,22,543,56,22
"1258","2020-04-03",670,15,237,1756,8716,0.404428636989445,8370,41077,526,2328,134,3045,54,597,70,54
"1259","2020-04-04",675,15,241,1755,8716,0.404428636989445,8370,41077,526,2328,123,3168,51,648,47,51
"1260","2020-04-05",587,15,253,1749,8716,0.404428636989445,8370,41077,526,2328,149,3317,45,693,60,45
"1261","2020-04-06",563,15,254,1698,8716,0.404428636989445,8370,41077,526,2328,113,3430,61,754,49,61
"1262","2020-04-07",546,15,238,1668,8716,0.404428636989445,8370,41077,526,2328,103,3533,24,778,41,24
"1263","2020-04-08",546,15,281,1632,8716,0.404428636989445,8370,41077,526,2328,140,3673,16,794,59,16
"1264","2020-04-09",516,15,302,1622,8716,0.404428636989445,8370,41077,526,2328,104,3777,20,814,35,20
"1265","2020-04-10",526,15,273,1589,8716,0.404428636989445,8370,41077,526,2328,126,3903,17,831,37,17
"1266","2020-04-11",514,15,293,1551,8716,0.404428636989445,8370,41077,526,2328,120,4023,26,857,43,26
"1267","2020-04-12",492,15,325,1544,8716,0.404428636989445,8370,41077,526,2328,98,4121,51,908,34,51
"1268","2020-04-13",496,15,340,1512,8716,0.404428636989445,8370,41077,526,2328,95,4216,57,965,36,57
"1269","2020-04-14",504,15,329,1489,8716,0.404428636989445,8370,41077,526,2328,102,4318,33,998,35,33
"1270","2020-04-15",485,15,294,1458,8716,0.404428636989445,8370,41077,526,2328,97,4415,24,1022,30,24
"1271","2020-04-16",486,15,267,1435,8716,0.404428636989445,8370,41077,526,2328,102,4517,22,1044,40,22
"1272","2020-04-17",488,15,274,1410,8716,0.404428636989445,8370,41077,526,2328,77,4594,37,1081,29,37
"1273","2020-04-18",503,15,248,1366,8716,0.404428636989445,8370,41077,526,2328,107,4701,21,1102,46,21
"1274","2020-04-19",475,15,250,1326,8716,0.404428636989445,8370,41077,526,2328,84,4785,56,1158,21,56
"1275","2020-04-20",445,15,279,1264,8716,0.404428636989445,8370,41077,526,2328,81,4866,36,1194,33,36
"1276","2020-04-21",432,15,284,1235,8716,0.404428636989445,8370,41077,526,2328,76,4942,29,1223,37,29
"1277","2020-04-22",433,15,286,1212,8716,0.404428636989445,8370,41077,526,2328,75,5017,30,1253,25,30
"1278","2020-04-23",425,15,284,1171,8716,0.404428636989445,8370,41077,526,2328,86,5103,26,1279,30,26
"1279","2020-04-24",412,15,275,1120,8716,0.404428636989445,8370,41077,526,2328,72,5175,24,1303,20,24
"1280","2020-04-25",394,15,272,1082,8716,0.404428636989445,8370,41077,526,2328,64,5239,49,1352,26,49
"1281","2020-04-26",345,15,257,1056,8716,0.404428636989445,8370,41077,526,2328,85,5324,34,1386,21,34
"1282","2020-04-27",341,15,245,1001,8716,0.404428636989445,8370,41077,526,2328,74,5398,18,1404,30,18
"1283","2020-04-28",308,15,227,967,8716,0.404428636989445,8370,41077,526,2328,66,5464,16,1420,11,16
"1284","2020-04-29",297,15,215,910,8716,0.404428636989445,8370,41077,526,2328,80,5544,10,1430,25,10
"1285","2020-04-30",288,15,290,876,8716,0.404428636989445,8370,41077,526,2328,52,5596,23,1453,8,23
"1286","2020-05-01",289,15,300,851,8716,0.404428636989445,8370,41077,526,2328,49,5645,40,1493,14,40
"1287","2020-05-02",287,15,300,809,8716,0.404428636989445,8370,41077,526,2328,61,5706,43,1536,13,43
"1288","2020-05-03",262,15,305,784,8716,0.404428636989445,8370,41077,526,2328,51,5757,33,1569,11,33
"1289","2020-05-04",251,15,297,774,8716,0.404428636989445,8370,41077,526,2328,55,5812,17,1586,12,17
"1290","2020-05-05",254,15,301,757,8716,0.404428636989445,8370,41077,526,2328,53,5865,43,1629,13,43
"1291","2020-05-06",239,15,308,737,8716,0.404428636989445,8370,41077,526,2328,40,5905,28,1657,5,28
"1292","2020-05-07",233,15,282,714,8716,0.404428636989445,8370,41077,526,2328,40,5945,54,1711,9,54
"1293","2020-05-08",230,15,274,681,8716,0.404428636989445,8370,41077,526,2328,39,5984,34,1745,10,34
"1294","2020-05-09",224,15,237,654,8716,0.404428636989445,8370,41077,526,2328,36,6020,18,1763,12,18
"1295","2020-05-10",209,15,242,639,8716,0.404428636989445,8370,41077,526,2328,45,6065,17,1780,5,17
"1296","2020-05-11",201,15,233,614,8716,0.404428636989445,8370,41077,526,2328,35,6100,35,1815,2,35
"1297","2020-05-12",190,15,243,580,8716,0.404428636989445,8370,41077,526,2328,36,6136,48,1863,7,48
"1298","2020-05-13",191,15,254,556,8716,0.404428636989445,8370,41077,526,2328,39,6175,44,1907,8,44
"1299","2020-05-14",189,15,275,532,8716,0.404428636989445,8370,41077,526,2328,42,6217,48,1955,11,48
"1300","2020-05-15",188,15,258,516,8716,0.404428636989445,8370,41077,526,2328,34,6251,21,1976,8,21
"1301","2020-05-16",179,15,234,482,8716,0.404428636989445,8370,41077,526,2328,32,6283,19,1995,9,19
"1302","2020-05-17",172,15,219,471,8716,0.404428636989445,8370,41077,526,2328,34,6317,9,2004,7,9
"1303","2020-05-18",168,15,230,458,8716,0.404428636989445,8370,41077,526,2328,30,6347,33,2037,5,33
"1304","2020-05-19",154,15,220,439,8716,0.404428636989445,8370,41077,526,2328,23,6370,23,2060,6,23
"1305","2020-05-20",145,15,223,413,8716,0.404428636989445,8370,41077,526,2328,23,6393,22,2082,8,22
"1306","2020-05-21",136,15,210,405,8716,0.404428636989445,8370,41077,526,2328,33,6426,12,2094,6,12
"1307","2020-05-22",136,15,191,374,8716,0.404428636989445,8370,41077,526,2328,28,6454,21,2115,3,21
"1308","2020-05-23",138,15,212,357,8716,0.404428636989445,8370,41077,526,2328,21,6475,47,2162,4,47
"1309","2020-05-24",113,15,193,328,8716,0.404428636989445,8370,41077,526,2328,20,6495,22,2184,5,22
"1310","2020-05-25",108,15,198,307,8716,0.404428636989445,8370,41077,526,2328,22,6517,50,2234,6,50
"1311","2020-05-26",107,15,212,279,8716,0.404428636989445,8370,41077,526,2328,20,6537,53,2287,3,53
"1312","2020-05-27",100,15,268,264,8716,0.404428636989445,8370,41077,526,2328,24,6561,18,2305,4,18
"1313","2020-05-28",96,15,257,252,8716,0.404428636989445,8370,41077,526,2328,17,6578,18,2323,3,18
"1314","2020-05-29",81,15,266,240,8716,0.404428636989445,8370,41077,526,2328,18,6596,45,2368,5,45
"1315","2020-05-30",75,15,236,241,8716,0.404428636989445,8370,41077,526,2328,14,6610,40,2408,5,40
"1316","2020-05-31",68,15,220,236,8716,0.404428636989445,8370,41077,526,2328,18,6628,22,2430,2,22
"1317","2020-06-01",66,15,218,231,8716,0.404428636989445,8370,41077,526,2328,15,6643,41,2471,4,41
"1318","2020-06-02",60,15,205,221,8716,0.404428636989445,8370,41077,526,2328,12,6655,25,2496,4,25
"1319","2020-06-03",65,15,188,207,8716,0.404428636989445,8370,41077,526,2328,23,6678,39,2535,5,39
"1320","2020-06-04",66,15,219,199,8716,0.404428636989445,8370,41077,526,2328,17,6695,43,2578,3,43
"1321","2020-06-05",65,15,223,188,8716,0.404428636989445,8370,41077,526,2328,9,6704,33,2611,1,33
"1322","2020-06-06",72,15,216,172,8716,0.404428636989445,8370,41077,526,2328,13,6717,26,2637,2,26
"1323","2020-06-07",67,15,189,167,8716,0.404428636989445,8370,41077,526,2328,9,6726,20,2657,NA,20
"1324","2020-03-13",1,16,113,84,6875,0.763781818181818,8385,32922,381,1863,80,202,54,176,14,54
"1325","2020-03-14",10,16,120,117,6875,0.763781818181818,8385,32922,381,1863,83,285,41,217,22,41
"1326","2020-03-15",14,16,166,155,6875,0.763781818181818,8385,32922,381,1863,100,385,40,257,35,40
"1327","2020-03-16",13,16,173,216,6875,0.763781818181818,8385,32922,381,1863,110,495,35,292,42,35
"1328","2020-03-17",21,16,195,266,6875,0.763781818181818,8385,32922,381,1863,110,605,26,318,56,26
"1329","2020-03-18",26,16,231,336,6875,0.763781818181818,8385,32922,381,1863,123,728,46,364,69,46
"1330","2020-03-19",42,16,226,404,6875,0.763781818181818,8385,32922,381,1863,135,863,50,414,83,50
"1331","2020-03-20",71,16,229,496,6875,0.763781818181818,8385,32922,381,1863,132,995,38,452,84,38
"1332","2020-03-21",91,16,239,583,6875,0.763781818181818,8385,32922,381,1863,180,1175,35,487,113,35
"1333","2020-03-22",122,16,260,667,6875,0.763781818181818,8385,32922,381,1863,163,1338,29,516,99,29
"1334","2020-03-23",139,16,292,774,6875,0.763781818181818,8385,32922,381,1863,144,1482,20,536,91,20
"1335","2020-03-24",157,16,254,870,6875,0.763781818181818,8385,32922,381,1863,168,1650,20,556,104,20
"1336","2020-03-25",180,16,233,966,6875,0.763781818181818,8385,32922,381,1863,202,1852,22,578,155,22
"1337","2020-03-26",202,16,221,1055,6875,0.763781818181818,8385,32922,381,1863,157,2009,53,631,113,53
"1338","2020-03-27",272,16,211,1172,6875,0.763781818181818,8385,32922,381,1863,165,2174,66,697,118,66
"1339","2020-03-28",352,16,219,1262,6875,0.763781818181818,8385,32922,381,1863,152,2326,42,739,107,42
"1340","2020-03-29",368,16,237,1414,6875,0.763781818181818,8385,32922,381,1863,194,2520,33,772,133,33
"1341","2020-03-30",378,16,242,1531,6875,0.763781818181818,8385,32922,381,1863,170,2690,34,806,123,34
"1342","2020-03-31",398,16,246,1641,6875,0.763781818181818,8385,32922,381,1863,125,2815,51,857,82,51
"1343","2020-04-01",429,16,257,1744,6875,0.763781818181818,8385,32922,381,1863,157,2972,54,911,107,55
"1344","2020-04-02",454,16,246,1874,6875,0.763781818181818,8385,32922,381,1863,165,3137,39,950,127,39
"1345","2020-04-03",588,16,235,1971,6875,0.763781818181818,8385,32922,381,1863,159,3296,42,992,109,42
"1346","2020-04-04",616,16,213,2048,6875,0.763781818181818,8385,32922,381,1863,182,3478,37,1029,132,37
"1347","2020-04-05",618,16,230,2148,6875,0.763781818181818,8385,32922,381,1863,137,3615,37,1066,90,37
"1348","2020-04-06",642,16,264,2149,6875,0.763781818181818,8385,32922,381,1863,136,3751,37,1103,94,37
"1349","2020-04-07",657,16,255,2192,6875,0.763781818181818,8385,32922,381,1863,145,3896,29,1132,98,29
"1350","2020-04-08",672,16,248,2233,6875,0.763781818181818,8385,32922,381,1863,134,4030,30,1162,90,30
"1351","2020-04-09",671,16,238,2176,6875,0.763781818181818,8385,32922,381,1863,151,4181,21,1183,96,21
"1352","2020-04-10",790,16,228,2148,6875,0.763781818181818,8385,32922,381,1863,117,4298,32,1215,67,32
"1353","2020-04-11",757,16,240,2124,6875,0.763781818181818,8385,32922,381,1863,127,4425,39,1254,85,39
"1354","2020-04-12",681,16,229,2079,6875,0.763781818181818,8385,32922,381,1863,132,4557,40,1294,83,40
"1355","2020-04-13",667,16,241,2006,6875,0.763781818181818,8385,32922,381,1863,124,4681,29,1323,87,29
"1356","2020-04-14",644,16,273,1962,6875,0.763781818181818,8385,32922,381,1863,102,4783,29,1352,57,29
"1357","2020-04-15",648,16,294,1877,6875,0.763781818181818,8385,32922,381,1863,109,4892,40,1392,76,40
"1358","2020-04-16",650,16,287,1772,6875,0.763781818181818,8385,32922,381,1863,99,4991,46,1438,76,46
"1359","2020-04-17",662,16,278,1691,6875,0.763781818181818,8385,32922,381,1863,75,5066,59,1497,49,59
"1360","2020-04-18",646,16,286,1585,6875,0.763781818181818,8385,32922,381,1863,87,5153,37,1534,53,37
"1361","2020-04-19",588,16,312,1515,6875,0.763781818181818,8385,32922,381,1863,82,5235,40,1574,43,40
"1362","2020-04-20",562,16,319,1440,6875,0.763781818181818,8385,32922,381,1863,85,5320,38,1612,42,39
"1363","2020-04-21",546,16,297,1387,6875,0.763781818181818,8385,32922,381,1863,82,5402,18,1630,63,18
"1364","2020-04-22",506,16,285,1278,6875,0.763781818181818,8385,32922,381,1863,85,5487,55,1685,45,55
"1365","2020-04-23",483,16,270,1161,6875,0.763781818181818,8385,32922,381,1863,51,5538,40,1725,13,40
"1366","2020-04-24",385,16,275,1081,6875,0.763781818181818,8385,32922,381,1863,59,5597,46,1771,31,46
"1367","2020-04-25",380,16,299,1014,6875,0.763781818181818,8385,32922,381,1863,65,5662,40,1811,33,40
"1368","2020-04-26",356,16,293,940,6875,0.763781818181818,8385,32922,381,1863,65,5727,27,1838,28,27
"1369","2020-04-27",335,16,270,845,6875,0.763781818181818,8385,32922,381,1863,61,5788,33,1871,22,33
"1370","2020-04-28",306,16,254,769,6875,0.763781818181818,8385,32922,381,1863,46,5834,30,1901,11,30
"1371","2020-04-29",292,16,274,724,6875,0.763781818181818,8385,32922,381,1863,40,5874,27,1928,16,27
"1372","2020-04-30",271,16,261,697,6875,0.763781818181818,8385,32922,381,1863,38,5912,44,1972,10,44
"1373","2020-05-01",232,16,259,626,6875,0.763781818181818,8385,32922,381,1863,41,5953,30,2002,19,30
"1374","2020-05-02",217,16,274,601,6875,0.763781818181818,8385,32922,381,1863,51,6004,48,2050,17,48
"1375","2020-05-03",199,16,272,548,6875,0.763781818181818,8385,32922,381,1863,48,6052,38,2088,21,38
"1376","2020-05-04",188,16,248,491,6875,0.763781818181818,8385,32922,381,1863,40,6092,46,2134,15,46
"1377","2020-05-05",179,16,250,452,6875,0.763781818181818,8385,32922,381,1863,54,6146,32,2166,23,32
"1378","2020-05-06",167,16,281,418,6875,0.763781818181818,8385,32922,381,1863,35,6181,47,2213,12,47
"1379","2020-05-07",166,16,291,398,6875,0.763781818181818,8385,32922,381,1863,41,6222,41,2254,15,41
"1380","2020-05-08",163,16,268,377,6875,0.763781818181818,8385,32922,381,1863,35,6257,24,2278,11,24
"1381","2020-05-09",157,16,280,352,6875,0.763781818181818,8385,32922,381,1863,31,6288,38,2316,10,38
"1382","2020-05-10",151,16,262,331,6875,0.763781818181818,8385,32922,381,1863,41,6329,24,2340,18,24
"1383","2020-05-11",141,16,242,318,6875,0.763781818181818,8385,32922,381,1863,28,6357,25,2365,9,25
"1384","2020-05-12",128,16,226,303,6875,0.763781818181818,8385,32922,381,1863,18,6375,39,2404,6,39
"1385","2020-05-13",124,16,265,281,6875,0.763781818181818,8385,32922,381,1863,21,6396,49,2453,8,49
"1386","2020-05-14",117,16,284,262,6875,0.763781818181818,8385,32922,381,1863,26,6422,48,2501,7,48
"1387","2020-05-15",96,16,309,243,6875,0.763781818181818,8385,32922,381,1863,18,6440,27,2528,3,27
"1388","2020-05-16",84,16,291,213,6875,0.763781818181818,8385,32922,381,1863,35,6475,43,2571,9,43
"1389","2020-05-17",69,16,268,205,6875,0.763781818181818,8385,32922,381,1863,23,6498,35,2606,11,35
"1390","2020-05-18",64,16,251,186,6875,0.763781818181818,8385,32922,381,1863,23,6521,46,2652,4,46
"1391","2020-05-19",54,16,248,177,6875,0.763781818181818,8385,32922,381,1863,15,6536,35,2687,7,35
"1392","2020-05-20",54,16,226,163,6875,0.763781818181818,8385,32922,381,1863,14,6550,53,2740,1,53
"1393","2020-05-21",51,16,237,149,6875,0.763781818181818,8385,32922,381,1863,15,6565,32,2772,6,32
"1394","2020-05-22",51,16,251,141,6875,0.763781818181818,8385,32922,381,1863,15,6580,31,2803,3,31
"1395","2020-05-23",53,16,252,131,6875,0.763781818181818,8385,32922,381,1863,16,6596,35,2838,5,35
"1396","2020-05-24",52,16,264,124,6875,0.763781818181818,8385,32922,381,1863,11,6607,38,2876,2,38
"1397","2020-05-25",51,16,246,113,6875,0.763781818181818,8385,32922,381,1863,12,6619,59,2935,6,59
"1398","2020-05-26",59,16,267,110,6875,0.763781818181818,8385,32922,381,1863,8,6627,60,2995,3,60
"1399","2020-05-27",54,16,278,108,6875,0.763781818181818,8385,32922,381,1863,19,6646,50,3045,7,50
"1400","2020-05-28",50,16,258,106,6875,0.763781818181818,8385,32922,381,1863,11,6657,36,3081,3,36
"1401","2020-05-29",49,16,256,112,6875,0.763781818181818,8385,32922,381,1863,13,6670,35,3116,5,35
"1402","2020-05-30",44,16,237,113,6875,0.763781818181818,8385,32922,381,1863,14,6684,50,3166,3,50
"1403","2020-05-31",42,16,253,105,6875,0.763781818181818,8385,32922,381,1863,10,6694,51,3217,2,51
"1404","2020-06-01",40,16,279,107,6875,0.763781818181818,8385,32922,381,1863,12,6706,53,3270,5,53
"1405","2020-06-02",33,16,270,101,6875,0.763781818181818,8385,32922,381,1863,8,6714,33,3303,3,33
"1406","2020-06-03",35,16,243,93,6875,0.763781818181818,8385,32922,381,1863,13,6727,32,3335,2,32
"1407","2020-06-04",33,16,234,90,6875,0.763781818181818,8385,32922,381,1863,14,6741,41,3376,2,41
"1408","2020-06-05",32,16,246,94,6875,0.763781818181818,8385,32922,381,1863,9,6750,42,3418,1,42
"1409","2020-06-06",32,16,244,95,6875,0.763781818181818,8385,32922,381,1863,9,6759,36,3454,3,36
"1410","2020-06-07",33,16,238,89,6875,0.763781818181818,8385,32922,381,1863,8,6767,47,3501,3,47
"1411","2020-03-13",3,17,121,147,7261,0.54014598540146,8310,36069,439,1819,34,78,51,119,23,51
"1412","2020-03-14",11,17,112,219,7261,0.54014598540146,8310,36069,439,1819,39,117,24,143,32,24
"1413","2020-03-15",27,17,134,292,7261,0.54014598540146,8310,36069,439,1819,46,163,21,164,41,21
"1414","2020-03-16",32,17,197,381,7261,0.54014598540146,8310,36069,439,1819,46,209,52,216,40,52
"1415","2020-03-17",41,17,238,478,7261,0.54014598540146,8310,36069,439,1819,67,276,27,243,54,27
"1416","2020-03-18",55,17,239,573,7261,0.54014598540146,8310,36069,439,1819,80,356,17,260,71,17
"1417","2020-03-19",71,17,218,687,7261,0.54014598540146,8310,36069,439,1819,71,427,15,275,64,15
"1418","2020-03-20",113,17,190,787,7261,0.54014598540146,8310,36069,439,1819,82,509,49,324,69,49
"1419","2020-03-21",152,17,168,899,7261,0.54014598540146,8310,36069,439,1819,102,611,20,344,94,20
"1420","2020-03-22",201,17,146,1029,7261,0.54014598540146,8310,36069,439,1819,128,739,38,382,118,38
"1421","2020-03-23",229,17,155,1137,7261,0.54014598540146,8310,36069,439,1819,112,851,50,432,102,50
"1422","2020-03-24",240,17,187,1258,7261,0.54014598540146,8310,36069,439,1819,142,993,26,458,127,26
"1423","2020-03-25",283,17,238,1352,7261,0.54014598540146,8310,36069,439,1819,147,1140,20,478,136,20
"1424","2020-03-26",325,17,237,1464,7261,0.54014598540146,8310,36069,439,1819,145,1285,55,533,137,55
"1425","2020-03-27",444,17,231,1546,7261,0.54014598540146,8310,36069,439,1819,138,1423,44,577,132,44
"1426","2020-03-28",515,17,219,1625,7261,0.54014598540146,8310,36069,439,1819,199,1622,69,646,187,69
"1427","2020-03-29",519,17,236,1671,7261,0.54014598540146,8310,36069,439,1819,165,1787,33,679,153,33
"1428","2020-03-30",546,17,268,1712,7261,0.54014598540146,8310,36069,439,1819,212,1999,25,704,203,25
"1429","2020-03-31",559,17,227,1752,7261,0.54014598540146,8310,36069,439,1819,172,2171,15,719,162,15
"1430","2020-04-01",577,17,216,1772,7261,0.54014598540146,8310,36069,439,1819,212,2383,14,733,202,14
"1431","2020-04-02",591,17,226,1807,7261,0.54014598540146,8310,36069,439,1819,166,2549,38,771,154,38
"1432","2020-04-03",712,17,225,1815,7261,0.54014598540146,8310,36069,439,1819,258,2807,36,807,245,36
"1433","2020-04-04",672,17,246,1777,7261,0.54014598540146,8310,36069,439,1819,198,3005,20,827,191,20
"1434","2020-04-05",601,17,225,1773,7261,0.54014598540146,8310,36069,439,1819,228,3233,18,845,220,18
"1435","2020-04-06",591,17,218,1753,7261,0.54014598540146,8310,36069,439,1819,193,3426,14,859,184,14
"1436","2020-04-07",599,17,237,1738,7261,0.54014598540146,8310,36069,439,1819,221,3647,18,877,213,18
"1437","2020-04-08",592,17,233,1730,7261,0.54014598540146,8310,36069,439,1819,160,3807,16,893,151,16
"1438","2020-04-09",567,17,271,1704,7261,0.54014598540146,8310,36069,439,1819,189,3996,41,934,173,41
"1439","2020-04-10",572,17,271,1672,7261,0.54014598540146,8310,36069,439,1819,195,4191,26,960,186,26
"1440","2020-04-11",605,17,248,1639,7261,0.54014598540146,8310,36069,439,1819,168,4359,40,1000,157,40
"1441","2020-04-12",554,17,243,1611,7261,0.54014598540146,8310,36069,439,1819,153,4512,34,1034,149,34
"1442","2020-04-13",535,17,238,1566,7261,0.54014598540146,8310,36069,439,1819,140,4652,27,1061,132,27
"1443","2020-04-14",509,17,235,1509,7261,0.54014598540146,8310,36069,439,1819,142,4794,18,1079,134,18
"1444","2020-04-15",499,17,221,1495,7261,0.54014598540146,8310,36069,439,1819,107,4901,27,1106,104,27
"1445","2020-04-16",502,17,187,1411,7261,0.54014598540146,8310,36069,439,1819,111,5012,38,1144,100,38
"1446","2020-04-17",494,17,171,1338,7261,0.54014598540146,8310,36069,439,1819,119,5131,23,1167,112,23
"1447","2020-04-18",467,17,178,1268,7261,0.54014598540146,8310,36069,439,1819,94,5225,39,1206,85,39
"1448","2020-04-19",437,17,172,1242,7261,0.54014598540146,8310,36069,439,1819,78,5303,53,1259,73,53
"1449","2020-04-20",417,17,168,1192,7261,0.54014598540146,8310,36069,439,1819,83,5386,67,1326,81,67
"1450","2020-04-21",404,17,167,1153,7261,0.54014598540146,8310,36069,439,1819,60,5446,35,1361,55,35
"1451","2020-04-22",378,17,177,1100,7261,0.54014598540146,8310,36069,439,1819,87,5533,44,1405,73,44
"1452","2020-04-23",364,17,197,1053,7261,0.54014598540146,8310,36069,439,1819,51,5584,63,1468,48,63
"1453","2020-04-24",344,17,204,1003,7261,0.54014598540146,8310,36069,439,1819,51,5635,29,1497,48,29
"1454","2020-04-25",324,17,191,963,7261,0.54014598540146,8310,36069,439,1819,59,5694,23,1520,53,23
"1455","2020-04-26",310,17,190,908,7261,0.54014598540146,8310,36069,439,1819,46,5740,34,1554,40,34
"1456","2020-04-27",294,17,219,858,7261,0.54014598540146,8310,36069,439,1819,38,5778,32,1586,32,32
"1457","2020-04-28",284,17,217,810,7261,0.54014598540146,8310,36069,439,1819,39,5817,34,1620,34,34
"1458","2020-04-29",276,17,223,773,7261,0.54014598540146,8310,36069,439,1819,28,5845,21,1641,24,21
"1459","2020-04-30",275,17,220,757,7261,0.54014598540146,8310,36069,439,1819,36,5881,26,1667,31,26
"1460","2020-05-01",248,17,222,730,7261,0.54014598540146,8310,36069,439,1819,30,5911,20,1687,26,20
"1461","2020-05-02",247,17,213,687,7261,0.54014598540146,8310,36069,439,1819,29,5940,16,1703,21,16
"1462","2020-05-03",230,17,212,667,7261,0.54014598540146,8310,36069,439,1819,39,5979,20,1723,35,20
"1463","2020-05-04",231,17,199,640,7261,0.54014598540146,8310,36069,439,1819,20,5999,16,1739,15,16
"1464","2020-05-05",238,17,178,615,7261,0.54014598540146,8310,36069,439,1819,22,6021,18,1757,21,18
"1465","2020-05-06",237,17,185,593,7261,0.54014598540146,8310,36069,439,1819,17,6038,33,1790,15,33
"1466","2020-05-07",222,17,233,550,7261,0.54014598540146,8310,36069,439,1819,20,6058,19,1809,19,19
"1467","2020-05-08",212,17,287,543,7261,0.54014598540146,8310,36069,439,1819,22,6080,8,1817,19,8
"1468","2020-05-09",206,17,290,516,7261,0.54014598540146,8310,36069,439,1819,23,6103,17,1834,17,17
"1469","2020-05-10",189,17,321,492,7261,0.54014598540146,8310,36069,439,1819,13,6116,8,1842,12,8
"1470","2020-05-11",170,17,318,464,7261,0.54014598540146,8310,36069,439,1819,11,6127,12,1854,8,12
"1471","2020-05-12",156,17,294,450,7261,0.54014598540146,8310,36069,439,1819,13,6140,24,1878,12,24
"1472","2020-05-13",146,17,283,427,7261,0.54014598540146,8310,36069,439,1819,19,6159,44,1922,14,44
"1473","2020-05-14",147,17,282,390,7261,0.54014598540146,8310,36069,439,1819,14,6173,21,1943,10,21
"1474","2020-05-15",140,17,269,373,7261,0.54014598540146,8310,36069,439,1819,12,6185,14,1957,10,14
"1475","2020-05-16",136,17,236,358,7261,0.54014598540146,8310,36069,439,1819,17,6202,40,1997,14,40
"1476","2020-05-17",125,17,294,341,7261,0.54014598540146,8310,36069,439,1819,13,6215,31,2028,9,31
"1477","2020-05-18",121,17,267,312,7261,0.54014598540146,8310,36069,439,1819,12,6227,27,2055,7,27
"1478","2020-05-19",113,17,261,305,7261,0.54014598540146,8310,36069,439,1819,13,6240,23,2078,8,23
"1479","2020-05-20",113,17,257,290,7261,0.54014598540146,8310,36069,439,1819,13,6253,30,2108,10,30
"1480","2020-05-21",102,17,241,263,7261,0.54014598540146,8310,36069,439,1819,9,6262,25,2133,6,25
"1481","2020-05-22",97,17,211,248,7261,0.54014598540146,8310,36069,439,1819,8,6270,26,2159,7,26
"1482","2020-05-23",95,17,200,231,7261,0.54014598540146,8310,36069,439,1819,7,6277,25,2184,6,25
"1483","2020-05-24",81,17,183,217,7261,0.54014598540146,8310,36069,439,1819,11,6288,57,2241,8,57
"1484","2020-05-25",77,17,174,215,7261,0.54014598540146,8310,36069,439,1819,10,6298,29,2270,9,29
"1485","2020-05-26",73,17,146,200,7261,0.54014598540146,8310,36069,439,1819,14,6312,54,2324,13,54
"1486","2020-05-27",67,17,147,191,7261,0.54014598540146,8310,36069,439,1819,12,6324,60,2384,11,60
"1487","2020-05-28",62,17,150,177,7261,0.54014598540146,8310,36069,439,1819,11,6335,40,2424,7,40
"1488","2020-05-29",60,17,138,171,7261,0.54014598540146,8310,36069,439,1819,11,6346,25,2449,10,25
"1489","2020-05-30",59,17,159,163,7261,0.54014598540146,8310,36069,439,1819,7,6353,41,2490,5,41
"1490","2020-05-31",55,17,197,166,7261,0.54014598540146,8310,36069,439,1819,10,6363,57,2547,8,57
"1491","2020-06-01",48,17,204,160,7261,0.54014598540146,8310,36069,439,1819,8,6371,39,2586,7,39
"1492","2020-06-02",43,17,189,146,7261,0.54014598540146,8310,36069,439,1819,8,6379,35,2621,6,35
"1493","2020-06-03",39,17,185,140,7261,0.54014598540146,8310,36069,439,1819,9,6388,48,2669,7,48
"1494","2020-06-04",41,17,212,130,7261,0.54014598540146,8310,36069,439,1819,4,6392,31,2700,4,31
"1495","2020-06-05",46,17,213,123,7261,0.54014598540146,8310,36069,439,1819,5,6397,23,2723,5,23
"1496","2020-06-06",42,17,207,124,7261,0.54014598540146,8310,36069,439,1819,4,6401,16,2739,4,16
"1497","2020-06-07",45,17,224,115,7261,0.54014598540146,8310,36069,439,1819,5,6406,10,2749,3,10
"1498","2020-03-13",3,18,178,95,6727,0.738813735691987,8250,34337,332,2426,24,55,23,106,8,23
"1499","2020-03-14",14,18,182,134,6727,0.738813735691987,8250,34337,332,2426,16,71,18,124,7,18
"1500","2020-03-15",14,18,239,177,6727,0.738813735691987,8250,34337,332,2426,20,91,16,140,10,16
"1501","2020-03-16",15,18,224,227,6727,0.738813735691987,8250,34337,332,2426,34,125,29,169,17,29
"1502","2020-03-17",28,18,220,278,6727,0.738813735691987,8250,34337,332,2426,35,160,25,194,22,25
"1503","2020-03-18",35,18,220,350,6727,0.738813735691987,8250,34337,332,2426,50,210,10,204,35,10
"1504","2020-03-19",48,18,228,400,6727,0.738813735691987,8250,34337,332,2426,45,255,6,210,31,6
"1505","2020-03-20",75,18,201,454,6727,0.738813735691987,8250,34337,332,2426,55,310,5,215,45,5
"1506","2020-03-21",94,18,182,552,6727,0.738813735691987,8250,34337,332,2426,60,370,41,256,48,41
"1507","2020-03-22",148,18,167,629,6727,0.738813735691987,8250,34337,332,2426,77,447,43,299,64,43
"1508","2020-03-23",165,18,154,704,6727,0.738813735691987,8250,34337,332,2426,88,535,25,324,73,25
"1509","2020-03-24",158,18,178,792,6727,0.738813735691987,8250,34337,332,2426,98,633,36,360,77,36
"1510","2020-03-25",182,18,163,864,6727,0.738813735691987,8250,34337,332,2426,103,736,49,409,92,49
"1511","2020-03-26",203,18,173,958,6727,0.738813735691987,8250,34337,332,2426,135,871,31,440,119,31
"1512","2020-03-27",272,18,191,1028,6727,0.738813735691987,8250,34337,332,2426,132,1003,40,480,116,40
"1513","2020-03-28",281,18,192,1121,6727,0.738813735691987,8250,34337,332,2426,135,1138,23,503,121,23
"1514","2020-03-29",303,18,202,1174,6727,0.738813735691987,8250,34337,332,2426,137,1275,47,550,121,47
"1515","2020-03-30",316,18,195,1282,6727,0.738813735691987,8250,34337,332,2426,186,1461,47,597,171,47
"1516","2020-03-31",322,18,199,1381,6727,0.738813735691987,8250,34337,332,2426,127,1588,37,634,111,37
"1517","2020-04-01",347,18,179,1452,6727,0.738813735691987,8250,34337,332,2426,176,1764,25,659,164,25
"1518","2020-04-02",373,18,176,1570,6727,0.738813735691987,8250,34337,332,2426,212,1976,25,684,192,25
"1519","2020-04-03",471,18,178,1601,6727,0.738813735691987,8250,34337,332,2426,194,2170,18,702,171,18
"1520","2020-04-04",499,18,190,1635,6727,0.738813735691987,8250,34337,332,2426,213,2383,32,734,200,32
"1521","2020-04-05",509,18,199,1682,6727,0.738813735691987,8250,34337,332,2426,217,2600,32,766,207,32
"1522","2020-04-06",537,18,217,1746,6727,0.738813735691987,8250,34337,332,2426,273,2873,49,815,250,49
"1523","2020-04-07",564,18,233,1774,6727,0.738813735691987,8250,34337,332,2426,211,3084,26,841,202,26
"1524","2020-04-08",569,18,243,1786,6727,0.738813735691987,8250,34337,332,2426,176,3260,28,869,165,28
"1525","2020-04-09",590,18,246,1834,6727,0.738813735691987,8250,34337,332,2426,200,3460,39,908,189,39
"1526","2020-04-10",662,18,243,1841,6727,0.738813735691987,8250,34337,332,2426,218,3678,16,924,208,16
"1527","2020-04-11",673,18,241,1876,6727,0.738813735691987,8250,34337,332,2426,163,3841,22,946,156,22
"1528","2020-04-12",619,18,232,1893,6727,0.738813735691987,8250,34337,332,2426,179,4020,17,963,172,17
"1529","2020-04-13",620,18,205,1883,6727,0.738813735691987,8250,34337,332,2426,153,4173,14,977,142,14
"1530","2020-04-14",600,18,215,1865,6727,0.738813735691987,8250,34337,332,2426,177,4350,8,985,166,8
"1531","2020-04-15",620,18,229,1807,6727,0.738813735691987,8250,34337,332,2426,151,4501,36,1021,144,36
"1532","2020-04-16",608,18,258,1760,6727,0.738813735691987,8250,34337,332,2426,154,4655,36,1057,140,36
"1533","2020-04-17",631,18,309,1727,6727,0.738813735691987,8250,34337,332,2426,134,4789,42,1099,124,42
"1534","2020-04-18",625,18,288,1667,6727,0.738813735691987,8250,34337,332,2426,98,4887,37,1136,94,37
"1535","2020-04-19",567,18,272,1608,6727,0.738813735691987,8250,34337,332,2426,136,5023,44,1180,126,44
"1536","2020-04-20",560,18,241,1516,6727,0.738813735691987,8250,34337,332,2426,95,5118,39,1219,85,39
"1537","2020-04-21",550,18,246,1449,6727,0.738813735691987,8250,34337,332,2426,109,5227,11,1230,98,11
"1538","2020-04-22",533,18,212,1364,6727,0.738813735691987,8250,34337,332,2426,93,5320,14,1244,86,14
"1539","2020-04-23",510,18,206,1301,6727,0.738813735691987,8250,34337,332,2426,71,5391,21,1265,59,21
"1540","2020-04-24",496,18,237,1219,6727,0.738813735691987,8250,34337,332,2426,78,5469,28,1293,71,28
"1541","2020-04-25",490,18,281,1151,6727,0.738813735691987,8250,34337,332,2426,76,5545,25,1318,70,25
"1542","2020-04-26",446,18,251,1055,6727,0.738813735691987,8250,34337,332,2426,65,5610,13,1331,59,13
"1543","2020-04-27",408,18,239,1008,6727,0.738813735691987,8250,34337,332,2426,58,5668,18,1349,52,18
"1544","2020-04-28",394,18,218,946,6727,0.738813735691987,8250,34337,332,2426,47,5715,15,1364,34,15
"1545","2020-04-29",360,18,199,879,6727,0.738813735691987,8250,34337,332,2426,46,5761,16,1380,33,16
"1546","2020-04-30",349,18,180,821,6727,0.738813735691987,8250,34337,332,2426,52,5813,25,1405,44,25
"1547","2020-05-01",317,18,177,766,6727,0.738813735691987,8250,34337,332,2426,43,5856,13,1418,34,13
"1548","2020-05-02",294,18,182,716,6727,0.738813735691987,8250,34337,332,2426,30,5886,15,1433,24,15
"1549","2020-05-03",284,18,213,668,6727,0.738813735691987,8250,34337,332,2426,33,5919,25,1458,30,25
"1550","2020-05-04",283,18,219,628,6727,0.738813735691987,8250,34337,332,2426,34,5953,22,1480,26,22
"1551","2020-05-05",258,18,220,563,6727,0.738813735691987,8250,34337,332,2426,31,5984,17,1497,24,17
"1552","2020-05-06",243,18,259,530,6727,0.738813735691987,8250,34337,332,2426,22,6006,24,1521,18,24
"1553","2020-05-07",225,18,254,492,6727,0.738813735691987,8250,34337,332,2426,27,6033,14,1535,24,14
"1554","2020-05-08",180,18,229,454,6727,0.738813735691987,8250,34337,332,2426,17,6050,10,1545,14,10
"1555","2020-05-09",172,18,235,431,6727,0.738813735691987,8250,34337,332,2426,23,6073,14,1559,12,14
"1556","2020-05-10",149,18,224,388,6727,0.738813735691987,8250,34337,332,2426,17,6090,15,1574,13,15
"1557","2020-05-11",126,18,218,372,6727,0.738813735691987,8250,34337,332,2426,18,6108,51,1625,11,51
"1558","2020-05-12",112,18,216,361,6727,0.738813735691987,8250,34337,332,2426,16,6124,30,1655,9,30
"1559","2020-05-13",111,18,194,342,6727,0.738813735691987,8250,34337,332,2426,15,6139,18,1673,8,18
"1560","2020-05-14",107,18,205,338,6727,0.738813735691987,8250,34337,332,2426,9,6148,20,1693,3,20
"1561","2020-05-15",98,18,188,310,6727,0.738813735691987,8250,34337,332,2426,13,6161,8,1701,7,8
"1562","2020-05-16",90,18,184,299,6727,0.738813735691987,8250,34337,332,2426,14,6175,14,1715,8,14
"1563","2020-05-17",84,18,178,281,6727,0.738813735691987,8250,34337,332,2426,9,6184,10,1725,8,10
"1564","2020-05-18",84,18,175,274,6727,0.738813735691987,8250,34337,332,2426,10,6194,7,1732,7,7
"1565","2020-05-19",86,18,168,264,6727,0.738813735691987,8250,34337,332,2426,11,6205,23,1755,6,23
"1566","2020-05-20",83,18,165,261,6727,0.738813735691987,8250,34337,332,2426,12,6217,13,1768,4,13
"1567","2020-05-21",75,18,160,242,6727,0.738813735691987,8250,34337,332,2426,7,6224,10,1778,5,10
"1568","2020-05-22",73,18,153,233,6727,0.738813735691987,8250,34337,332,2426,3,6227,16,1794,1,16
"1569","2020-05-23",81,18,159,218,6727,0.738813735691987,8250,34337,332,2426,7,6234,13,1807,3,13
"1570","2020-05-24",74,18,152,212,6727,0.738813735691987,8250,34337,332,2426,12,6246,9,1816,7,9
"1571","2020-05-25",68,18,155,201,6727,0.738813735691987,8250,34337,332,2426,4,6250,10,1826,3,10
"1572","2020-05-26",66,18,150,194,6727,0.738813735691987,8250,34337,332,2426,4,6254,7,1833,NA,7
"1573","2020-05-27",65,18,165,186,6727,0.738813735691987,8250,34337,332,2426,11,6265,7,1840,6,7
"1574","2020-05-28",68,18,202,175,6727,0.738813735691987,8250,34337,332,2426,7,6272,5,1845,2,5
"1575","2020-05-29",63,18,237,161,6727,0.738813735691987,8250,34337,332,2426,11,6283,12,1857,2,12
"1576","2020-05-30",58,18,226,152,6727,0.738813735691987,8250,34337,332,2426,4,6287,40,1897,1,40
"1577","2020-05-31",56,18,201,133,6727,0.738813735691987,8250,34337,332,2426,7,6294,24,1921,5,24
"1578","2020-06-01",54,18,184,132,6727,0.738813735691987,8250,34337,332,2426,5,6299,13,1934,1,13
"1579","2020-06-02",52,18,203,130,6727,0.738813735691987,8250,34337,332,2426,6,6305,9,1943,5,9
"1580","2020-06-03",45,18,240,118,6727,0.738813735691987,8250,34337,332,2426,4,6309,7,1950,4,7
"1581","2020-06-04",43,18,271,112,6727,0.738813735691987,8250,34337,332,2426,3,6312,32,1982,2,32
"1582","2020-06-05",41,18,252,110,6727,0.738813735691987,8250,34337,332,2426,3,6315,33,2015,2,33
"1583","2020-06-06",36,18,270,109,6727,0.738813735691987,8250,34337,332,2426,4,6319,19,2034,1,19
"1584","2020-06-07",36,18,261,96,6727,0.738813735691987,8250,34337,332,2426,4,6323,15,2049,1,15
"1585","2020-03-08",1,19,0,0,6539,0.429423459244533,8145,36159,421,1225,NA,NA,NA,NA,NA,NA
"1586","2020-03-09",1,19,0,0,6539,0.429423459244533,8145,36159,421,1225,NA,NA,NA,NA,NA,NA
"1587","2020-03-10",0,19,0,0,6539,0.429423459244533,8145,36159,421,1225,NA,NA,4,4,NA,4
"1588","2020-03-11",0,19,0,0,6539,0.429423459244533,8145,36159,421,1225,47,47,18,22,1,18
"1589","2020-03-12",0,19,0,0,6539,0.429423459244533,8145,36159,421,1225,53,100,70,92,NA,70
"1590","2020-03-13",1,19,101,144,6539,0.429423459244533,8145,36159,421,1225,70,170,60,152,8,60
"1591","2020-03-14",10,19,110,210,6539,0.429423459244533,8145,36159,421,1225,67,237,31,183,18,31
"1592","2020-03-15",19,19,97,286,6539,0.429423459244533,8145,36159,421,1225,70,307,21,204,21,21
"1593","2020-03-16",23,19,95,352,6539,0.429423459244533,8145,36159,421,1225,97,404,53,257,36,53
"1594","2020-03-17",42,19,131,436,6539,0.429423459244533,8145,36159,421,1225,117,521,20,277,57,20
"1595","2020-03-18",56,19,160,497,6539,0.429423459244533,8145,36159,421,1225,124,645,25,302,76,25
"1596","2020-03-19",78,19,153,554,6539,0.429423459244533,8145,36159,421,1225,136,781,45,347,86,45
"1597","2020-03-20",104,19,138,642,6539,0.429423459244533,8145,36159,421,1225,149,930,30,377,103,30
"1598","2020-03-21",150,19,170,723,6539,0.429423459244533,8145,36159,421,1225,192,1122,14,391,141,14
"1599","2020-03-22",199,19,168,795,6539,0.429423459244533,8145,36159,421,1225,197,1319,16,407,135,16
"1600","2020-03-23",209,19,187,875,6539,0.429423459244533,8145,36159,421,1225,207,1526,39,446,159,39
"1601","2020-03-24",212,19,204,949,6539,0.429423459244533,8145,36159,421,1225,200,1726,74,520,150,74
"1602","2020-03-25",234,19,218,1007,6539,0.429423459244533,8145,36159,421,1225,241,1967,45,565,193,45
"1603","2020-03-26",255,19,230,1065,6539,0.429423459244533,8145,36159,421,1225,250,2217,41,606,197,41
"1604","2020-03-27",367,19,240,1104,6539,0.429423459244533,8145,36159,421,1225,217,2434,66,672,172,66
"1605","2020-03-28",367,19,230,1140,6539,0.429423459244533,8145,36159,421,1225,199,2633,86,758,154,86
"1606","2020-03-29",355,19,257,1153,6539,0.429423459244533,8145,36159,421,1225,259,2892,64,822,209,64
"1607","2020-03-30",365,19,238,1180,6539,0.429423459244533,8145,36159,421,1225,249,3141,29,851,206,29
"1608","2020-03-31",371,19,270,1231,6539,0.429423459244533,8145,36159,421,1225,244,3385,16,867,197,16
"1609","2020-04-01",386,19,274,1254,6539,0.429423459244533,8145,36159,421,1225,237,3622,14,881,195,14
"1610","2020-04-02",386,19,241,1267,6539,0.429423459244533,8145,36159,421,1225,238,3860,53,934,197,53
"1611","2020-04-03",425,19,256,1274,6539,0.429423459244533,8145,36159,421,1225,209,4069,24,958,161,24
"1612","2020-04-04",437,19,266,1282,6539,0.429423459244533,8145,36159,421,1225,170,4239,56,1014,137,56
"1613","2020-04-05",410,19,242,1302,6539,0.429423459244533,8145,36159,421,1225,182,4421,38,1052,137,38
"1614","2020-04-06",415,19,238,1300,6539,0.429423459244533,8145,36159,421,1225,189,4610,23,1075,163,23
"1615","2020-04-07",396,19,221,1279,6539,0.429423459244533,8145,36159,421,1225,152,4762,19,1094,119,19
"1616","2020-04-08",401,19,215,1263,6539,0.429423459244533,8145,36159,421,1225,144,4906,68,1162,114,68
"1617","2020-04-09",407,19,237,1261,6539,0.429423459244533,8145,36159,421,1225,168,5074,50,1212,135,50
"1618","2020-04-10",427,19,279,1259,6539,0.429423459244533,8145,36159,421,1225,123,5197,18,1230,98,18
"1619","2020-04-11",450,19,277,1256,6539,0.429423459244533,8145,36159,421,1225,127,5324,12,1242,94,12
"1620","2020-04-12",437,19,262,1227,6539,0.429423459244533,8145,36159,421,1225,108,5432,34,1276,84,34
"1621","2020-04-13",438,19,239,1200,6539,0.429423459244533,8145,36159,421,1225,98,5530,24,1300,69,24
"1622","2020-04-14",432,19,224,1213,6539,0.429423459244533,8145,36159,421,1225,94,5624,41,1341,59,41
"1623","2020-04-15",412,19,239,1209,6539,0.429423459244533,8145,36159,421,1225,78,5702,61,1402,52,61
"1624","2020-04-16",396,19,226,1193,6539,0.429423459244533,8145,36159,421,1225,83,5785,26,1428,52,26
"1625","2020-04-17",435,19,206,1157,6539,0.429423459244533,8145,36159,421,1225,68,5853,41,1469,44,41
"1626","2020-04-18",406,19,179,1132,6539,0.429423459244533,8145,36159,421,1225,63,5916,27,1496,36,27
"1627","2020-04-19",349,19,226,1125,6539,0.429423459244533,8145,36159,421,1225,59,5975,16,1512,42,16
"1628","2020-04-20",333,19,254,1110,6539,0.429423459244533,8145,36159,421,1225,52,6027,48,1560,29,48
"1629","2020-04-21",332,19,273,1072,6539,0.429423459244533,8145,36159,421,1225,62,6089,25,1585,31,25
"1630","2020-04-22",330,19,282,1031,6539,0.429423459244533,8145,36159,421,1225,45,6134,28,1613,23,28
"1631","2020-04-23",338,19,302,1026,6539,0.429423459244533,8145,36159,421,1225,50,6184,68,1681,28,68
"1632","2020-04-24",331,19,310,1013,6539,0.429423459244533,8145,36159,421,1225,37,6221,51,1732,17,51
"1633","2020-04-25",350,19,284,993,6539,0.429423459244533,8145,36159,421,1225,33,6254,12,1744,17,12
"1634","2020-04-26",343,19,276,966,6539,0.429423459244533,8145,36159,421,1225,37,6291,31,1775,16,31
"1635","2020-04-27",330,19,271,936,6539,0.429423459244533,8145,36159,421,1225,28,6319,31,1806,13,31
"1636","2020-04-28",310,19,250,901,6539,0.429423459244533,8145,36159,421,1225,37,6356,67,1873,11,67
"1637","2020-04-29",296,19,262,861,6539,0.429423459244533,8145,36159,421,1225,32,6388,53,1926,9,53
"1638","2020-04-30",285,19,256,834,6539,0.429423459244533,8145,36159,421,1225,35,6423,38,1964,16,38
"1639","2020-05-01",307,19,233,803,6539,0.429423459244533,8145,36159,421,1225,21,6444,16,1980,6,16
"1640","2020-05-02",294,19,218,787,6539,0.429423459244533,8145,36159,421,1225,32,6476,9,1989,17,9
"1641","2020-05-03",256,19,201,753,6539,0.429423459244533,8145,36159,421,1225,20,6496,19,2008,8,19
"1642","2020-05-04",250,19,192,722,6539,0.429423459244533,8145,36159,421,1225,24,6520,18,2026,12,18
"1643","2020-05-05",247,19,170,693,6539,0.429423459244533,8145,36159,421,1225,25,6545,18,2044,10,18
"1644","2020-05-06",249,19,153,678,6539,0.429423459244533,8145,36159,421,1225,30,6575,9,2053,10,9
"1645","2020-05-07",237,19,147,657,6539,0.429423459244533,8145,36159,421,1225,18,6593,12,2065,5,12
"1646","2020-05-08",207,19,145,636,6539,0.429423459244533,8145,36159,421,1225,17,6610,53,2118,4,53
"1647","2020-05-09",195,19,140,636,6539,0.429423459244533,8145,36159,421,1225,27,6637,35,2153,10,35
"1648","2020-05-10",202,19,167,602,6539,0.429423459244533,8145,36159,421,1225,23,6660,54,2207,5,54
"1649","2020-05-11",192,19,186,592,6539,0.429423459244533,8145,36159,421,1225,11,6671,41,2248,1,41
"1650","2020-05-12",188,19,222,580,6539,0.429423459244533,8145,36159,421,1225,18,6689,65,2313,6,65
"1651","2020-05-13",184,19,238,543,6539,0.429423459244533,8145,36159,421,1225,23,6712,34,2347,5,34
"1652","2020-05-14",184,19,275,533,6539,0.429423459244533,8145,36159,421,1225,18,6730,29,2376,4,29
"1653","2020-05-15",192,19,289,513,6539,0.429423459244533,8145,36159,421,1225,32,6762,16,2392,14,16
"1654","2020-05-16",193,19,308,496,6539,0.429423459244533,8145,36159,421,1225,23,6785,13,2405,8,13
"1655","2020-05-17",166,19,288,485,6539,0.429423459244533,8145,36159,421,1225,14,6799,9,2414,4,9
"1656","2020-05-18",166,19,305,451,6539,0.429423459244533,8145,36159,421,1225,14,6813,7,2421,5,7
"1657","2020-05-19",150,19,278,426,6539,0.429423459244533,8145,36159,421,1225,17,6830,7,2428,3,7
"1658","2020-05-20",150,19,253,397,6539,0.429423459244533,8145,36159,421,1225,22,6852,18,2446,2,18
"1659","2020-05-21",143,19,219,386,6539,0.429423459244533,8145,36159,421,1225,17,6869,69,2515,3,69
"1660","2020-05-22",134,19,192,372,6539,0.429423459244533,8145,36159,421,1225,7,6876,71,2586,2,71
"1661","2020-05-23",127,19,190,365,6539,0.429423459244533,8145,36159,421,1225,14,6890,61,2647,3,61
"1662","2020-05-24",124,19,228,362,6539,0.429423459244533,8145,36159,421,1225,13,6903,36,2683,7,36
"1663","2020-05-25",118,19,241,340,6539,0.429423459244533,8145,36159,421,1225,9,6912,25,2708,3,25
"1664","2020-05-26",115,19,253,329,6539,0.429423459244533,8145,36159,421,1225,6,6918,8,2716,1,8
"1665","2020-05-27",107,19,255,307,6539,0.429423459244533,8145,36159,421,1225,5,6923,18,2734,2,18
"1666","2020-05-28",110,19,250,305,6539,0.429423459244533,8145,36159,421,1225,11,6934,47,2781,NA,47
"1667","2020-05-29",109,19,241,295,6539,0.429423459244533,8145,36159,421,1225,9,6943,23,2804,3,23
"1668","2020-05-30",109,19,243,280,6539,0.429423459244533,8145,36159,421,1225,3,6946,22,2826,NA,22
"1669","2020-05-31",94,19,230,265,6539,0.429423459244533,8145,36159,421,1225,12,6958,56,2882,4,56
"1670","2020-06-01",92,19,214,244,6539,0.429423459244533,8145,36159,421,1225,9,6967,22,2904,NA,22
"1671","2020-06-02",87,19,225,244,6539,0.429423459244533,8145,36159,421,1225,8,6975,21,2925,2,21
"1672","2020-06-03",93,19,205,228,6539,0.429423459244533,8145,36159,421,1225,9,6984,54,2979,2,54
"1673","2020-06-04",90,19,199,220,6539,0.429423459244533,8145,36159,421,1225,8,6992,43,3022,1,43
"1674","2020-06-05",85,19,183,205,6539,0.429423459244533,8145,36159,421,1225,3,6995,23,3045,NA,23
"1675","2020-06-06",78,19,163,200,6539,0.429423459244533,8145,36159,421,1225,5,7000,31,3076,NA,31
"1676","2020-06-07",79,19,157,188,6539,0.429423459244533,8145,36159,421,1225,8,7008,15,3091,NA,15
"1677","2020-03-07",1,20,0,0,6402,0.87863167760075,8355,33451,309,1602,NA,NA,NA,NA,NA,NA
"1678","2020-03-08",1,20,0,0,6402,0.87863167760075,8355,33451,309,1602,NA,NA,NA,NA,NA,NA
"1679","2020-03-09",0,20,0,0,6402,0.87863167760075,8355,33451,309,1602,NA,NA,NA,NA,NA,NA
"1680","2020-03-10",0,20,0,0,6402,0.87863167760075,8355,33451,309,1602,NA,NA,5,5,NA,5
"1681","2020-03-11",0,20,0,0,6402,0.87863167760075,8355,33451,309,1602,24,24,14,19,NA,14
"1682","2020-03-12",0,20,0,0,6402,0.87863167760075,8355,33451,309,1602,27,51,21,40,NA,21
"1683","2020-03-13",2,20,189,61,6402,0.87863167760075,8355,33451,309,1602,31,82,29,69,6,29
"1684","2020-03-14",4,20,220,92,6402,0.87863167760075,8355,33451,309,1602,29,111,25,94,7,25
"1685","2020-03-15",12,20,230,130,6402,0.87863167760075,8355,33451,309,1602,32,143,28,122,18,28
"1686","2020-03-16",13,20,251,170,6402,0.87863167760075,8355,33451,309,1602,46,189,44,166,19,44
"1687","2020-03-17",16,20,297,209,6402,0.87863167760075,8355,33451,309,1602,66,255,52,218,43,52
"1688","2020-03-18",25,20,297,267,6402,0.87863167760075,8355,33451,309,1602,66,321,32,250,43,32
"1689","2020-03-19",41,20,295,332,6402,0.87863167760075,8355,33451,309,1602,66,387,15,265,47,15
"1690","2020-03-20",61,20,306,400,6402,0.87863167760075,8355,33451,309,1602,95,482,28,293,78,28
"1691","2020-03-21",112,20,299,469,6402,0.87863167760075,8355,33451,309,1602,62,544,18,311,47,18
"1692","2020-03-22",120,20,299,556,6402,0.87863167760075,8355,33451,309,1602,74,618,24,335,58,24
"1693","2020-03-23",128,20,264,663,6402,0.87863167760075,8355,33451,309,1602,107,725,23,358,88,23
"1694","2020-03-24",143,20,251,764,6402,0.87863167760075,8355,33451,309,1602,126,851,17,375,104,17
"1695","2020-03-25",152,20,247,843,6402,0.87863167760075,8355,33451,309,1602,114,965,37,412,90,37
"1696","2020-03-26",171,20,222,936,6402,0.87863167760075,8355,33451,309,1602,135,1100,45,457,112,45
"1697","2020-03-27",239,20,213,993,6402,0.87863167760075,8355,33451,309,1602,161,1261,40,497,141,40
"1698","2020-03-28",304,20,205,1085,6402,0.87863167760075,8355,33451,309,1602,169,1430,53,550,147,53
"1699","2020-03-29",303,20,178,1185,6402,0.87863167760075,8355,33451,309,1602,175,1605,58,608,160,58
"1700","2020-03-30",312,20,160,1272,6402,0.87863167760075,8355,33451,309,1602,186,1791,47,655,170,47
"1701","2020-03-31",326,20,142,1351,6402,0.87863167760075,8355,33451,309,1602,214,2005,33,688,197,33
"1702","2020-04-01",351,20,162,1482,6402,0.87863167760075,8355,33451,309,1602,182,2187,40,728,160,40
"1703","2020-04-02",377,20,164,1541,6402,0.87863167760075,8355,33451,309,1602,169,2356,26,754,154,26
"1704","2020-04-03",507,20,176,1601,6402,0.87863167760075,8355,33451,309,1602,170,2526,37,791,153,37
"1705","2020-04-04",505,20,228,1664,6402,0.87863167760075,8355,33451,309,1602,235,2761,20,811,213,20
"1706","2020-04-05",505,20,245,1712,6402,0.87863167760075,8355,33451,309,1602,178,2939,22,833,158,22
"1707","2020-04-06",500,20,232,1747,6402,0.87863167760075,8355,33451,309,1602,192,3131,47,880,172,47
"1708","2020-04-07",521,20,234,1772,6402,0.87863167760075,8355,33451,309,1602,180,3311,32,912,155,32
"1709","2020-04-08",542,20,202,1811,6402,0.87863167760075,8355,33451,309,1602,189,3500,32,944,174,32
"1710","2020-04-09",545,20,192,1874,6402,0.87863167760075,8355,33451,309,1602,154,3654,50,994,140,50
"1711","2020-04-10",619,20,178,1900,6402,0.87863167760075,8355,33451,309,1602,173,3827,77,1071,159,77
"1712","2020-04-11",631,20,184,1914,6402,0.87863167760075,8355,33451,309,1602,147,3974,73,1144,133,73
"1713","2020-04-12",588,20,241,1902,6402,0.87863167760075,8355,33451,309,1602,166,4140,72,1216,137,72
"1714","2020-04-13",602,20,256,1879,6402,0.87863167760075,8355,33451,309,1602,170,4310,42,1258,160,42
"1715","2020-04-14",606,20,226,1868,6402,0.87863167760075,8355,33451,309,1602,143,4453,38,1296,121,38
"1716","2020-04-15",628,20,287,1795,6402,0.87863167760075,8355,33451,309,1602,146,4599,34,1330,131,34
"1717","2020-04-16",638,20,275,1743,6402,0.87863167760075,8355,33451,309,1602,135,4734,64,1394,121,64
"1718","2020-04-17",673,20,264,1705,6402,0.87863167760075,8355,33451,309,1602,121,4855,46,1440,106,46
"1719","2020-04-18",640,20,242,1630,6402,0.87863167760075,8355,33451,309,1602,122,4977,32,1472,115,32
"1720","2020-04-19",612,20,218,1557,6402,0.87863167760075,8355,33451,309,1602,110,5087,58,1530,93,58
"1721","2020-04-20",597,20,227,1506,6402,0.87863167760075,8355,33451,309,1602,77,5164,37,1567,62,37
"1722","2020-04-21",585,20,224,1408,6402,0.87863167760075,8355,33451,309,1602,83,5247,49,1616,68,49
"1723","2020-04-22",560,20,202,1341,6402,0.87863167760075,8355,33451,309,1602,78,5325,41,1657,64,41
"1724","2020-04-23",530,20,192,1245,6402,0.87863167760075,8355,33451,309,1602,60,5385,28,1685,53,28
"1725","2020-04-24",471,20,170,1172,6402,0.87863167760075,8355,33451,309,1602,52,5437,27,1712,42,27
"1726","2020-04-25",475,20,176,1117,6402,0.87863167760075,8355,33451,309,1602,65,5502,66,1778,53,66
"1727","2020-04-26",419,20,202,1033,6402,0.87863167760075,8355,33451,309,1602,59,5561,44,1822,44,44
"1728","2020-04-27",397,20,186,955,6402,0.87863167760075,8355,33451,309,1602,55,5616,37,1859,39,37
"1729","2020-04-28",370,20,176,862,6402,0.87863167760075,8355,33451,309,1602,40,5656,68,1927,32,68
"1730","2020-04-29",342,20,180,804,6402,0.87863167760075,8355,33451,309,1602,43,5699,47,1974,34,47
"1731","2020-04-30",319,20,190,726,6402,0.87863167760075,8355,33451,309,1602,46,5745,37,2011,34,37
"1732","2020-05-01",271,20,186,666,6402,0.87863167760075,8355,33451,309,1602,49,5794,30,2041,33,30
"1733","2020-05-02",241,20,214,615,6402,0.87863167760075,8355,33451,309,1602,40,5834,41,2082,33,41
"1734","2020-05-03",220,20,218,577,6402,0.87863167760075,8355,33451,309,1602,26,5860,56,2138,19,56
"1735","2020-05-04",197,20,182,528,6402,0.87863167760075,8355,33451,309,1602,21,5881,43,2181,16,43
"1736","2020-05-05",187,20,183,503,6402,0.87863167760075,8355,33451,309,1602,26,5907,35,2216,24,35
"1737","2020-05-06",172,20,234,457,6402,0.87863167760075,8355,33451,309,1602,30,5937,49,2265,18,49
"1738","2020-05-07",167,20,235,420,6402,0.87863167760075,8355,33451,309,1602,27,5964,36,2301,19,36
"1739","2020-05-08",149,20,219,403,6402,0.87863167760075,8355,33451,309,1602,22,5986,35,2336,13,35
"1740","2020-05-09",160,20,205,377,6402,0.87863167760075,8355,33451,309,1602,23,6009,44,2380,17,44
"1741","2020-05-10",145,20,235,351,6402,0.87863167760075,8355,33451,309,1602,19,6028,30,2410,11,30
"1742","2020-05-11",137,20,286,320,6402,0.87863167760075,8355,33451,309,1602,12,6040,45,2455,10,45
"1743","2020-05-12",123,20,269,302,6402,0.87863167760075,8355,33451,309,1602,15,6055,40,2495,11,40
"1744","2020-05-13",118,20,262,285,6402,0.87863167760075,8355,33451,309,1602,19,6074,36,2531,7,36
"1745","2020-05-14",117,20,246,278,6402,0.87863167760075,8355,33451,309,1602,16,6090,30,2561,8,30
"1746","2020-05-15",107,20,266,275,6402,0.87863167760075,8355,33451,309,1602,14,6104,33,2594,4,33
"1747","2020-05-16",93,20,253,252,6402,0.87863167760075,8355,33451,309,1602,15,6119,52,2646,7,52
"1748","2020-05-17",86,20,251,227,6402,0.87863167760075,8355,33451,309,1602,11,6130,33,2679,4,33
"1749","2020-05-18",81,20,280,210,6402,0.87863167760075,8355,33451,309,1602,15,6145,21,2700,5,21
"1750","2020-05-19",77,20,274,205,6402,0.87863167760075,8355,33451,309,1602,15,6160,32,2732,8,32
"1751","2020-05-20",71,20,257,199,6402,0.87863167760075,8355,33451,309,1602,12,6172,15,2747,3,15
"1752","2020-05-21",60,20,231,201,6402,0.87863167760075,8355,33451,309,1602,11,6183,43,2790,5,43
"1753","2020-05-22",56,20,267,200,6402,0.87863167760075,8355,33451,309,1602,9,6192,37,2827,4,37
"1754","2020-05-23",59,20,271,191,6402,0.87863167760075,8355,33451,309,1602,8,6200,54,2881,4,54
"1755","2020-05-24",55,20,253,189,6402,0.87863167760075,8355,33451,309,1602,11,6211,68,2949,6,68
"1756","2020-05-25",47,20,240,195,6402,0.87863167760075,8355,33451,309,1602,12,6223,60,3009,8,60
"1757","2020-05-26",53,20,221,200,6402,0.87863167760075,8355,33451,309,1602,8,6231,55,3064,5,55
"1758","2020-05-27",56,20,225,194,6402,0.87863167760075,8355,33451,309,1602,8,6239,41,3105,2,41
"1759","2020-05-28",60,20,231,191,6402,0.87863167760075,8355,33451,309,1602,11,6250,32,3137,4,32
"1760","2020-05-29",63,20,240,185,6402,0.87863167760075,8355,33451,309,1602,6,6256,29,3166,2,29
"1761","2020-05-30",69,20,233,171,6402,0.87863167760075,8355,33451,309,1602,7,6263,33,3199,4,33
"1762","2020-05-31",65,20,212,164,6402,0.87863167760075,8355,33451,309,1602,9,6272,27,3226,3,27
"1763","2020-06-01",72,20,212,162,6402,0.87863167760075,8355,33451,309,1602,8,6280,37,3263,3,37
"1764","2020-06-02",64,20,242,152,6402,0.87863167760075,8355,33451,309,1602,5,6285,30,3293,1,30
"1765","2020-06-03",59,20,238,144,6402,0.87863167760075,8355,33451,309,1602,7,6292,39,3332,3,39
"1766","2020-06-04",58,20,261,133,6402,0.87863167760075,8355,33451,309,1602,4,6296,36,3368,3,36
"1767","2020-06-05",59,20,245,118,6402,0.87863167760075,8355,33451,309,1602,9,6305,37,3405,6,37
"1768","2020-06-06",56,20,209,110,6402,0.87863167760075,8355,33451,309,1602,2,6307,32,3437,NA,32
"1769","2020-06-07",50,20,184,100,6402,0.87863167760075,8355,33451,309,1602,8,6315,30,3467,5,30
