"","Date","Absents","Paramset","Infections_or_Exposed_per_day_Patient","Infections_or_Exposed_per_day_HCW","total_infections","nosocomial_proportion","PCR_pooled","LFD_pooled","HCW_symp_test","patient_symp_test","new_hcw_infs","cumulative_hcw_infs","new_pat_infs","cumulative_pats_infs","new_nosocomial_hcw_infs","new_nosocomial_pat_infs"
"1","2020-03-12",1,1,56,90,5766,0.390391952826916,2115,8178,627,695,51,90,15,39,4,15
"2","2020-03-13",4,1,60,144,5766,0.390391952826916,2115,8178,627,695,54,144,14,53,3,14
"3","2020-03-14",13,1,77,191,5766,0.390391952826916,2115,8178,627,695,48,192,16,69,10,16
"4","2020-03-15",31,1,85,238,5766,0.390391952826916,2115,8178,627,695,47,239,16,85,12,16
"5","2020-03-16",37,1,88,294,5766,0.390391952826916,2115,8178,627,695,57,296,16,101,16,16
"6","2020-03-17",50,1,76,348,5766,0.390391952826916,2115,8178,627,695,55,351,11,112,19,11
"7","2020-03-18",59,1,103,404,5766,0.390391952826916,2115,8178,627,695,68,419,32,144,22,32
"8","2020-03-19",72,1,103,467,5766,0.390391952826916,2115,8178,627,695,71,490,17,161,27,17
"9","2020-03-20",112,1,126,519,5766,0.390391952826916,2115,8178,627,695,66,556,32,193,25,32
"10","2020-03-21",136,1,156,592,5766,0.390391952826916,2115,8178,627,695,92,648,43,236,29,43
"11","2020-03-22",163,1,156,637,5766,0.390391952826916,2115,8178,627,695,71,719,30,266,45,30
"12","2020-03-23",179,1,136,676,5766,0.390391952826916,2115,8178,627,695,70,789,18,284,33,18
"13","2020-03-24",166,1,127,741,5766,0.390391952826916,2115,8178,627,695,101,890,20,304,51,20
"14","2020-03-25",182,1,121,782,5766,0.390391952826916,2115,8178,627,695,94,984,17,321,51,17
"15","2020-03-26",197,1,133,813,5766,0.390391952826916,2115,8178,627,695,98,1082,27,348,55,27
"16","2020-03-27",253,1,148,830,5766,0.390391952826916,2115,8178,627,695,74,1156,32,380,42,32
"17","2020-03-28",304,1,137,855,5766,0.390391952826916,2115,8178,627,695,92,1248,23,403,53,23
"18","2020-03-29",291,1,149,877,5766,0.390391952826916,2115,8178,627,695,73,1321,27,430,35,27
"19","2020-03-30",291,1,153,916,5766,0.390391952826916,2115,8178,627,695,110,1431,24,454,61,24
"20","2020-03-31",297,1,146,936,5766,0.390391952826916,2115,8178,627,695,92,1523,22,476,46,22
"21","2020-04-01",310,1,148,927,5766,0.390391952826916,2115,8178,627,695,71,1594,28,504,30,28
"22","2020-04-02",318,1,129,944,5766,0.390391952826916,2115,8178,627,695,87,1681,9,513,46,9
"23","2020-04-03",383,1,144,981,5766,0.390391952826916,2115,8178,627,695,111,1792,31,544,54,31
"24","2020-04-04",357,1,157,992,5766,0.390391952826916,2115,8178,627,695,96,1888,29,573,44,29
"25","2020-04-05",315,1,176,997,5766,0.390391952826916,2115,8178,627,695,84,1972,37,610,51,37
"26","2020-04-06",312,1,213,1000,5766,0.390391952826916,2115,8178,627,695,89,2061,66,676,40,66
"27","2020-04-07",329,1,224,1004,5766,0.390391952826916,2115,8178,627,695,88,2149,41,717,51,41
"28","2020-04-08",328,1,236,1013,5766,0.390391952826916,2115,8178,627,695,95,2244,50,767,50,50
"29","2020-04-09",328,1,229,996,5766,0.390391952826916,2115,8178,627,695,73,2317,33,800,33,33
"30","2020-04-10",332,1,202,990,5766,0.390391952826916,2115,8178,627,695,81,2398,19,819,38,19
"31","2020-04-11",348,1,181,1000,5766,0.390391952826916,2115,8178,627,695,91,2489,16,835,37,16
"32","2020-04-12",321,1,159,1017,5766,0.390391952826916,2115,8178,627,695,92,2581,13,848,40,13
"33","2020-04-13",313,1,142,979,5766,0.390391952826916,2115,8178,627,695,72,2653,15,863,32,15
"34","2020-04-14",313,1,161,971,5766,0.390391952826916,2115,8178,627,695,78,2731,36,899,38,36
"35","2020-04-15",305,1,188,983,5766,0.390391952826916,2115,8178,627,695,97,2828,43,942,40,43
"36","2020-04-16",305,1,195,977,5766,0.390391952826916,2115,8178,627,695,77,2905,37,979,39,37
"37","2020-04-17",323,1,174,964,5766,0.390391952826916,2115,8178,627,695,78,2983,24,1003,37,24
"38","2020-04-18",332,1,164,943,5766,0.390391952826916,2115,8178,627,695,71,3054,20,1023,25,20
"39","2020-04-19",344,1,173,939,5766,0.390391952826916,2115,8178,627,695,83,3137,42,1065,31,42
"40","2020-04-20",328,1,163,952,5766,0.390391952826916,2115,8178,627,695,89,3226,25,1090,36,25
"41","2020-04-21",298,1,154,928,5766,0.390391952826916,2115,8178,627,695,66,3292,23,1113,27,23
"42","2020-04-22",296,1,178,908,5766,0.390391952826916,2115,8178,627,695,68,3360,37,1150,37,37
"43","2020-04-23",280,1,166,884,5766,0.390391952826916,2115,8178,627,695,60,3420,23,1173,22,23
"44","2020-04-24",298,1,171,867,5766,0.390391952826916,2115,8178,627,695,69,3489,21,1194,31,21
"45","2020-04-25",281,1,164,852,5766,0.390391952826916,2115,8178,627,695,63,3552,21,1215,26,21
"46","2020-04-26",273,1,207,846,5766,0.390391952826916,2115,8178,627,695,77,3629,64,1279,36,64
"47","2020-04-27",272,1,217,819,5766,0.390391952826916,2115,8178,627,695,58,3687,39,1318,29,39
"48","2020-04-28",267,1,235,796,5766,0.390391952826916,2115,8178,627,695,61,3748,52,1370,24,52
"49","2020-04-29",263,1,274,781,5766,0.390391952826916,2115,8178,627,695,62,3810,67,1437,20,67
"50","2020-04-30",266,1,277,792,5766,0.390391952826916,2115,8178,627,695,73,3883,46,1483,29,46
"51","2020-05-01",270,1,283,779,5766,0.390391952826916,2115,8178,627,695,58,3941,55,1538,26,55
"52","2020-05-02",280,1,278,738,5766,0.390391952826916,2115,8178,627,695,55,3996,44,1582,23,44
"53","2020-05-03",256,1,272,727,5766,0.390391952826916,2115,8178,627,695,58,4054,44,1626,21,44
"54","2020-05-04",258,1,255,708,5766,0.390391952826916,2115,8178,627,695,53,4107,34,1660,22,34
"55","2020-05-05",254,1,207,697,5766,0.390391952826916,2115,8178,627,695,53,4160,26,1686,25,26
"56","2020-05-06",259,1,231,680,5766,0.390391952826916,2115,8178,627,695,51,4211,40,1726,13,40
"57","2020-05-07",259,1,198,667,5766,0.390391952826916,2115,8178,627,695,45,4256,26,1752,19,26
"58","2020-05-08",247,1,208,663,5766,0.390391952826916,2115,8178,627,695,51,4307,43,1795,18,43
"59","2020-05-09",224,1,200,647,5766,0.390391952826916,2115,8178,627,695,58,4365,32,1827,27,32
"60","2020-05-10",217,1,215,629,5766,0.390391952826916,2115,8178,627,695,42,4407,44,1871,13,44
"61","2020-05-11",210,1,200,622,5766,0.390391952826916,2115,8178,627,695,49,4456,27,1898,16,27
"62","2020-05-12",194,1,184,604,5766,0.390391952826916,2115,8178,627,695,47,4503,23,1921,13,23
"63","2020-05-13",190,1,191,590,5766,0.390391952826916,2115,8178,627,695,47,4550,24,1945,23,24
"64","2020-05-14",177,1,186,567,5766,0.390391952826916,2115,8178,627,695,43,4593,26,1971,11,26
"65","2020-05-15",169,1,195,536,5766,0.390391952826916,2115,8178,627,695,31,4624,35,2006,12,35
"66","2020-05-16",178,1,190,516,5766,0.390391952826916,2115,8178,627,695,35,4659,29,2035,13,29
"67","2020-05-17",168,1,177,510,5766,0.390391952826916,2115,8178,627,695,49,4708,28,2063,18,28
"68","2020-05-18",162,1,162,483,5766,0.390391952826916,2115,8178,627,695,37,4745,22,2085,10,22
"69","2020-05-19",159,1,169,472,5766,0.390391952826916,2115,8178,627,695,30,4775,27,2112,9,27
"70","2020-05-20",153,1,175,467,5766,0.390391952826916,2115,8178,627,695,36,4811,28,2140,18,28
"71","2020-05-21",160,1,171,435,5766,0.390391952826916,2115,8178,627,695,27,4838,33,2173,9,33
"72","2020-05-22",165,1,160,429,5766,0.390391952826916,2115,8178,627,695,29,4867,15,2188,7,15
"73","2020-05-23",157,1,145,414,5766,0.390391952826916,2115,8178,627,695,35,4902,20,2208,16,20
"74","2020-05-24",144,1,141,420,5766,0.390391952826916,2115,8178,627,695,30,4932,23,2231,13,23
"75","2020-05-25",149,1,159,407,5766,0.390391952826916,2115,8178,627,695,33,4965,44,2275,14,44
"76","2020-05-26",144,1,174,377,5766,0.390391952826916,2115,8178,627,695,24,4989,42,2317,9,42
"77","2020-05-27",139,1,183,373,5766,0.390391952826916,2115,8178,627,695,28,5017,34,2351,9,34
"78","2020-05-28",129,1,164,359,5766,0.390391952826916,2115,8178,627,695,28,5045,15,2366,11,15
"79","2020-05-29",115,1,156,358,5766,0.390391952826916,2115,8178,627,695,25,5070,22,2388,10,22
"80","2020-05-30",111,1,144,336,5766,0.390391952826916,2115,8178,627,695,27,5097,18,2406,12,18
"81","2020-05-31",119,1,145,312,5766,0.390391952826916,2115,8178,627,695,18,5115,28,2434,4,28
"82","2020-06-01",108,1,140,305,5766,0.390391952826916,2115,8178,627,695,17,5132,23,2457,10,23
"83","2020-06-02",109,1,134,284,5766,0.390391952826916,2115,8178,627,695,13,5145,13,2470,1,13
"84","2020-06-03",103,1,145,269,5766,0.390391952826916,2115,8178,627,695,18,5163,35,2505,5,35
"85","2020-06-04",103,1,147,261,5766,0.390391952826916,2115,8178,627,695,16,5179,25,2530,5,25
"86","2020-06-05",110,1,158,246,5766,0.390391952826916,2115,8178,627,695,19,5198,29,2559,9,29
"87","2020-06-06",102,1,154,229,5766,0.390391952826916,2115,8178,627,695,14,5212,24,2583,3,24
"88","2020-06-07",74,1,136,220,5766,0.390391952826916,2115,8178,627,695,14,5226,16,2599,5,16
"89","2020-03-13",2,2,31,66,5797,0.702087286527514,2055,7790,644,527,50,102,10,41,4,10
"90","2020-03-14",7,2,41,98,5797,0.702087286527514,2055,7790,644,527,45,147,12,53,8,12
"91","2020-03-15",10,2,38,132,5797,0.702087286527514,2055,7790,644,527,40,187,10,63,12,10
"92","2020-03-16",13,2,52,180,5797,0.702087286527514,2055,7790,644,527,53,240,21,84,17,21
"93","2020-03-17",22,2,58,224,5797,0.702087286527514,2055,7790,644,527,66,306,24,108,26,24
"94","2020-03-18",29,2,74,262,5797,0.702087286527514,2055,7790,644,527,70,376,29,137,37,29
"95","2020-03-19",35,2,88,312,5797,0.702087286527514,2055,7790,644,527,77,453,25,162,40,25
"96","2020-03-20",51,2,90,367,5797,0.702087286527514,2055,7790,644,527,65,518,37,199,32,37
"97","2020-03-21",62,2,99,405,5797,0.702087286527514,2055,7790,644,527,88,606,30,229,55,30
"98","2020-03-22",92,2,111,479,5797,0.702087286527514,2055,7790,644,527,80,686,17,246,45,17
"99","2020-03-23",104,2,110,522,5797,0.702087286527514,2055,7790,644,527,83,769,21,267,50,21
"100","2020-03-24",113,2,115,598,5797,0.702087286527514,2055,7790,644,527,69,838,25,292,43,25
"101","2020-03-25",127,2,130,646,5797,0.702087286527514,2055,7790,644,527,109,947,24,316,66,24
"102","2020-03-26",142,2,144,686,5797,0.702087286527514,2055,7790,644,527,84,1031,20,336,47,20
"103","2020-03-27",187,2,141,739,5797,0.702087286527514,2055,7790,644,527,103,1134,28,364,60,28
"104","2020-03-28",209,2,140,798,5797,0.702087286527514,2055,7790,644,527,97,1231,24,388,60,24
"105","2020-03-29",253,2,139,839,5797,0.702087286527514,2055,7790,644,527,87,1318,36,424,58,36
"106","2020-03-30",268,2,125,892,5797,0.702087286527514,2055,7790,644,527,97,1415,38,462,58,38
"107","2020-03-31",260,2,116,962,5797,0.702087286527514,2055,7790,644,527,107,1522,36,498,60,36
"108","2020-04-01",263,2,113,986,5797,0.702087286527514,2055,7790,644,527,104,1626,31,529,64,31
"109","2020-04-02",279,2,94,1059,5797,0.702087286527514,2055,7790,644,527,115,1741,44,573,79,44
"110","2020-04-03",367,2,85,1099,5797,0.702087286527514,2055,7790,644,527,96,1837,37,610,57,37
"111","2020-04-04",393,2,83,1127,5797,0.702087286527514,2055,7790,644,527,95,1932,30,640,61,30
"112","2020-04-05",361,2,106,1164,5797,0.702087286527514,2055,7790,644,527,92,2024,26,666,54,26
"113","2020-04-06",360,2,113,1175,5797,0.702087286527514,2055,7790,644,527,83,2107,23,689,52,23
"114","2020-04-07",363,2,128,1184,5797,0.702087286527514,2055,7790,644,527,86,2193,32,721,59,32
"115","2020-04-08",372,2,143,1224,5797,0.702087286527514,2055,7790,644,527,103,2296,12,733,62,12
"116","2020-04-09",384,2,149,1238,5797,0.702087286527514,2055,7790,644,527,93,2389,27,760,51,27
"117","2020-04-10",412,2,148,1255,5797,0.702087286527514,2055,7790,644,527,99,2488,44,804,52,44
"118","2020-04-11",432,2,152,1268,5797,0.702087286527514,2055,7790,644,527,102,2590,39,843,64,39
"119","2020-04-12",389,2,136,1319,5797,0.702087286527514,2055,7790,644,527,84,2674,40,883,48,40
"120","2020-04-13",406,2,129,1317,5797,0.702087286527514,2055,7790,644,527,82,2756,49,932,49,49
"121","2020-04-14",427,2,135,1335,5797,0.702087286527514,2055,7790,644,527,111,2867,46,978,72,46
"122","2020-04-15",449,2,121,1338,5797,0.702087286527514,2055,7790,644,527,100,2967,24,1002,60,24
"123","2020-04-16",457,2,109,1325,5797,0.702087286527514,2055,7790,644,527,89,3056,27,1029,52,27
"124","2020-04-17",509,2,107,1341,5797,0.702087286527514,2055,7790,644,527,73,3129,34,1063,47,34
"125","2020-04-18",515,2,116,1324,5797,0.702087286527514,2055,7790,644,527,74,3203,43,1106,39,43
"126","2020-04-19",492,2,114,1305,5797,0.702087286527514,2055,7790,644,527,86,3289,42,1148,50,42
"127","2020-04-20",469,2,129,1309,5797,0.702087286527514,2055,7790,644,527,62,3351,33,1181,34,33
"128","2020-04-21",453,2,149,1278,5797,0.702087286527514,2055,7790,644,527,89,3440,25,1206,49,25
"129","2020-04-22",449,2,145,1255,5797,0.702087286527514,2055,7790,644,527,59,3499,27,1233,30,27
"130","2020-04-23",424,2,152,1199,5797,0.702087286527514,2055,7790,644,527,79,3578,24,1257,46,24
"131","2020-04-24",427,2,161,1169,5797,0.702087286527514,2055,7790,644,527,81,3659,27,1284,53,27
"132","2020-04-25",395,2,155,1134,5797,0.702087286527514,2055,7790,644,527,67,3726,28,1312,33,28
"133","2020-04-26",364,2,151,1085,5797,0.702087286527514,2055,7790,644,527,71,3797,24,1336,35,24
"134","2020-04-27",362,2,167,1023,5797,0.702087286527514,2055,7790,644,527,63,3860,23,1359,38,23
"135","2020-04-28",354,2,193,995,5797,0.702087286527514,2055,7790,644,527,44,3904,36,1395,14,36
"136","2020-04-29",335,2,192,937,5797,0.702087286527514,2055,7790,644,527,61,3965,44,1439,23,44
"137","2020-04-30",329,2,162,898,5797,0.702087286527514,2055,7790,644,527,64,4029,48,1487,34,48
"138","2020-05-01",281,2,188,865,5797,0.702087286527514,2055,7790,644,527,50,4079,38,1525,20,38
"139","2020-05-02",316,2,213,821,5797,0.702087286527514,2055,7790,644,527,58,4137,33,1558,30,33
"140","2020-05-03",298,2,233,773,5797,0.702087286527514,2055,7790,644,527,47,4184,26,1584,20,26
"141","2020-05-04",268,2,218,742,5797,0.702087286527514,2055,7790,644,527,51,4235,25,1609,23,25
"142","2020-05-05",249,2,203,715,5797,0.702087286527514,2055,7790,644,527,55,4290,13,1622,22,13
"143","2020-05-06",243,2,185,683,5797,0.702087286527514,2055,7790,644,527,45,4335,25,1647,17,25
"144","2020-05-07",246,2,179,649,5797,0.702087286527514,2055,7790,644,527,50,4385,25,1672,24,25
"145","2020-05-08",250,2,180,617,5797,0.702087286527514,2055,7790,644,527,44,4429,24,1696,26,24
"146","2020-05-09",213,2,163,577,5797,0.702087286527514,2055,7790,644,527,42,4471,12,1708,16,12
"147","2020-05-10",217,2,143,559,5797,0.702087286527514,2055,7790,644,527,38,4509,18,1726,11,18
"148","2020-05-11",213,2,121,543,5797,0.702087286527514,2055,7790,644,527,30,4539,34,1760,11,34
"149","2020-05-12",206,2,105,528,5797,0.702087286527514,2055,7790,644,527,45,4584,19,1779,22,19
"150","2020-05-13",195,2,93,491,5797,0.702087286527514,2055,7790,644,527,47,4631,29,1808,21,29
"151","2020-05-14",180,2,85,445,5797,0.702087286527514,2055,7790,644,527,32,4663,21,1829,14,21
"152","2020-05-15",171,2,105,417,5797,0.702087286527514,2055,7790,644,527,47,4710,27,1856,22,27
"153","2020-05-16",174,2,133,396,5797,0.702087286527514,2055,7790,644,527,23,4733,35,1891,16,35
"154","2020-05-17",154,2,153,382,5797,0.702087286527514,2055,7790,644,527,36,4769,22,1913,17,22
"155","2020-05-18",148,2,166,365,5797,0.702087286527514,2055,7790,644,527,31,4800,17,1930,15,17
"156","2020-05-19",141,2,179,351,5797,0.702087286527514,2055,7790,644,527,30,4830,11,1941,11,11
"157","2020-05-20",136,2,177,334,5797,0.702087286527514,2055,7790,644,527,39,4869,13,1954,23,13
"158","2020-05-21",140,2,165,310,5797,0.702087286527514,2055,7790,644,527,24,4893,19,1973,16,19
"159","2020-05-22",141,2,171,296,5797,0.702087286527514,2055,7790,644,527,39,4932,14,1987,19,14
"160","2020-05-23",127,2,163,279,5797,0.702087286527514,2055,7790,644,527,31,4963,22,2009,10,22
"161","2020-05-24",109,2,166,271,5797,0.702087286527514,2055,7790,644,527,28,4991,24,2033,13,24
"162","2020-05-25",104,2,152,261,5797,0.702087286527514,2055,7790,644,527,19,5010,25,2058,8,25
"163","2020-05-26",105,2,172,237,5797,0.702087286527514,2055,7790,644,527,23,5033,31,2089,10,31
"164","2020-05-27",104,2,183,219,5797,0.702087286527514,2055,7790,644,527,18,5051,29,2118,5,29
"165","2020-05-28",94,2,187,212,5797,0.702087286527514,2055,7790,644,527,22,5073,28,2146,8,28
"166","2020-05-29",85,2,175,200,5797,0.702087286527514,2055,7790,644,527,23,5096,18,2164,11,18
"167","2020-05-30",82,2,160,191,5797,0.702087286527514,2055,7790,644,527,16,5112,28,2192,8,28
"168","2020-05-31",78,2,138,188,5797,0.702087286527514,2055,7790,644,527,20,5132,31,2223,9,31
"169","2020-06-01",73,2,122,184,5797,0.702087286527514,2055,7790,644,527,10,5142,25,2248,3,25
"170","2020-06-02",63,2,121,176,5797,0.702087286527514,2055,7790,644,527,10,5152,17,2265,3,17
"171","2020-06-03",64,2,122,162,5797,0.702087286527514,2055,7790,644,527,17,5169,10,2275,7,10
"172","2020-06-04",64,2,121,164,5797,0.702087286527514,2055,7790,644,527,15,5184,11,2286,9,11
"173","2020-06-05",56,2,125,151,5797,0.702087286527514,2055,7790,644,527,17,5201,13,2299,9,13
"174","2020-06-06",56,2,124,158,5797,0.702087286527514,2055,7790,644,527,12,5213,15,2314,4,15
"175","2020-06-07",54,2,128,156,5797,0.702087286527514,2055,7790,644,527,20,5233,7,2321,10,7
"176","2020-03-13",2,3,158,123,6460,0.539318885448916,2055,8373,691,1205,13,47,19,38,9,19
"177","2020-03-14",16,3,187,173,6460,0.539318885448916,2055,8373,691,1205,12,59,20,58,7,20
"178","2020-03-15",18,3,193,236,6460,0.539318885448916,2055,8373,691,1205,35,94,10,68,20,10
"179","2020-03-16",25,3,192,299,6460,0.539318885448916,2055,8373,691,1205,39,133,13,81,30,13
"180","2020-03-17",32,3,208,370,6460,0.539318885448916,2055,8373,691,1205,50,183,15,96,33,15
"181","2020-03-18",42,3,202,448,6460,0.539318885448916,2055,8373,691,1205,42,225,18,114,35,18
"182","2020-03-19",67,3,220,526,6460,0.539318885448916,2055,8373,691,1205,49,274,17,131,40,17
"183","2020-03-20",103,3,217,606,6460,0.539318885448916,2055,8373,691,1205,56,330,24,155,49,24
"184","2020-03-21",172,3,214,672,6460,0.539318885448916,2055,8373,691,1205,72,402,18,173,58,18
"185","2020-03-22",191,3,210,732,6460,0.539318885448916,2055,8373,691,1205,80,482,17,190,66,17
"186","2020-03-23",188,3,207,789,6460,0.539318885448916,2055,8373,691,1205,71,553,28,218,63,28
"187","2020-03-24",220,3,239,861,6460,0.539318885448916,2055,8373,691,1205,96,649,37,255,86,37
"188","2020-03-25",234,3,253,941,6460,0.539318885448916,2055,8373,691,1205,94,743,44,299,81,44
"189","2020-03-26",224,3,263,1008,6460,0.539318885448916,2055,8373,691,1205,113,856,36,335,102,36
"190","2020-03-27",314,3,270,1082,6460,0.539318885448916,2055,8373,691,1205,144,1000,45,380,128,45
"191","2020-03-28",298,3,265,1124,6460,0.539318885448916,2055,8373,691,1205,130,1130,26,406,112,26
"192","2020-03-29",334,3,287,1156,6460,0.539318885448916,2055,8373,691,1205,125,1255,27,433,112,27
"193","2020-03-30",361,3,285,1206,6460,0.539318885448916,2055,8373,691,1205,128,1383,20,453,117,20
"194","2020-03-31",352,3,275,1247,6460,0.539318885448916,2055,8373,691,1205,117,1500,36,489,105,36
"195","2020-04-01",369,3,264,1269,6460,0.539318885448916,2055,8373,691,1205,142,1642,39,528,134,39
"196","2020-04-02",404,3,283,1288,6460,0.539318885448916,2055,8373,691,1205,148,1790,33,561,138,33
"197","2020-04-03",458,3,257,1325,6460,0.539318885448916,2055,8373,691,1205,158,1948,33,594,144,33
"198","2020-04-04",473,3,240,1369,6460,0.539318885448916,2055,8373,691,1205,154,2102,36,630,143,36
"199","2020-04-05",419,3,223,1381,6460,0.539318885448916,2055,8373,691,1205,148,2250,31,661,136,31
"200","2020-04-06",412,3,220,1411,6460,0.539318885448916,2055,8373,691,1205,158,2408,21,682,149,21
"201","2020-04-07",422,3,228,1420,6460,0.539318885448916,2055,8373,691,1205,148,2556,22,704,140,22
"202","2020-04-08",433,3,258,1424,6460,0.539318885448916,2055,8373,691,1205,151,2707,23,727,141,23
"203","2020-04-09",439,3,257,1420,6460,0.539318885448916,2055,8373,691,1205,177,2884,28,755,158,28
"204","2020-04-10",518,3,280,1416,6460,0.539318885448916,2055,8373,691,1205,152,3036,24,779,142,24
"205","2020-04-11",500,3,285,1402,6460,0.539318885448916,2055,8373,691,1205,158,3194,53,832,143,53
"206","2020-04-12",480,3,281,1377,6460,0.539318885448916,2055,8373,691,1205,142,3336,40,872,132,40
"207","2020-04-13",473,3,312,1335,6460,0.539318885448916,2055,8373,691,1205,119,3455,29,901,111,29
"208","2020-04-14",458,3,327,1306,6460,0.539318885448916,2055,8373,691,1205,115,3570,31,932,106,31
"209","2020-04-15",457,3,312,1263,6460,0.539318885448916,2055,8373,691,1205,130,3700,14,946,125,14
"210","2020-04-16",449,3,297,1260,6460,0.539318885448916,2055,8373,691,1205,120,3820,23,969,108,23
"211","2020-04-17",411,3,292,1232,6460,0.539318885448916,2055,8373,691,1205,116,3936,29,998,107,29
"212","2020-04-18",420,3,268,1210,6460,0.539318885448916,2055,8373,691,1205,114,4050,25,1023,102,25
"213","2020-04-19",413,3,279,1145,6460,0.539318885448916,2055,8373,691,1205,104,4154,42,1065,95,42
"214","2020-04-20",407,3,255,1104,6460,0.539318885448916,2055,8373,691,1205,113,4267,32,1097,105,32
"215","2020-04-21",386,3,259,1064,6460,0.539318885448916,2055,8373,691,1205,95,4362,37,1134,84,37
"216","2020-04-22",376,3,257,1074,6460,0.539318885448916,2055,8373,691,1205,94,4456,36,1170,84,36
"217","2020-04-23",365,3,265,1032,6460,0.539318885448916,2055,8373,691,1205,92,4548,52,1222,84,52
"218","2020-04-24",391,3,271,1002,6460,0.539318885448916,2055,8373,691,1205,89,4637,51,1273,82,51
"219","2020-04-25",393,3,278,977,6460,0.539318885448916,2055,8373,691,1205,67,4704,33,1306,58,33
"220","2020-04-26",345,3,284,956,6460,0.539318885448916,2055,8373,691,1205,86,4790,26,1332,78,26
"221","2020-04-27",336,3,288,931,6460,0.539318885448916,2055,8373,691,1205,62,4852,22,1354,49,22
"222","2020-04-28",328,3,308,917,6460,0.539318885448916,2055,8373,691,1205,71,4923,21,1375,66,21
"223","2020-04-29",318,3,272,870,6460,0.539318885448916,2055,8373,691,1205,57,4980,38,1413,54,38
"224","2020-04-30",314,3,263,847,6460,0.539318885448916,2055,8373,691,1205,46,5026,18,1431,38,18
"225","2020-05-01",285,3,235,816,6460,0.539318885448916,2055,8373,691,1205,53,5079,24,1455,47,24
"226","2020-05-02",281,3,244,799,6460,0.539318885448916,2055,8373,691,1205,44,5123,38,1493,41,38
"227","2020-05-03",264,3,246,774,6460,0.539318885448916,2055,8373,691,1205,36,5159,32,1525,34,32
"228","2020-05-04",251,3,272,752,6460,0.539318885448916,2055,8373,691,1205,32,5191,34,1559,28,34
"229","2020-05-05",251,3,309,702,6460,0.539318885448916,2055,8373,691,1205,37,5228,15,1574,31,15
"230","2020-05-06",246,3,307,671,6460,0.539318885448916,2055,8373,691,1205,45,5273,35,1609,40,35
"231","2020-05-07",239,3,289,635,6460,0.539318885448916,2055,8373,691,1205,35,5308,33,1642,27,33
"232","2020-05-08",233,3,323,606,6460,0.539318885448916,2055,8373,691,1205,35,5343,27,1669,31,27
"233","2020-05-09",223,3,319,595,6460,0.539318885448916,2055,8373,691,1205,43,5386,29,1698,33,29
"234","2020-05-10",219,3,326,574,6460,0.539318885448916,2055,8373,691,1205,25,5411,28,1726,18,28
"235","2020-05-11",210,3,359,542,6460,0.539318885448916,2055,8373,691,1205,30,5441,25,1751,24,25
"236","2020-05-12",195,3,361,528,6460,0.539318885448916,2055,8373,691,1205,24,5465,37,1788,22,37
"237","2020-05-13",186,3,349,509,6460,0.539318885448916,2055,8373,691,1205,25,5490,32,1820,18,32
"238","2020-05-14",179,3,352,497,6460,0.539318885448916,2055,8373,691,1205,34,5524,19,1839,31,19
"239","2020-05-15",172,3,341,490,6460,0.539318885448916,2055,8373,691,1205,27,5551,38,1877,27,38
"240","2020-05-16",178,3,340,471,6460,0.539318885448916,2055,8373,691,1205,29,5580,54,1931,23,54
"241","2020-05-17",146,3,326,466,6460,0.539318885448916,2055,8373,691,1205,13,5593,43,1974,10,43
"242","2020-05-18",150,3,343,455,6460,0.539318885448916,2055,8373,691,1205,20,5613,32,2006,18,32
"243","2020-05-19",147,3,344,440,6460,0.539318885448916,2055,8373,691,1205,18,5631,36,2042,17,36
"244","2020-05-20",147,3,344,421,6460,0.539318885448916,2055,8373,691,1205,17,5648,28,2070,15,28
"245","2020-05-21",145,3,312,402,6460,0.539318885448916,2055,8373,691,1205,21,5669,47,2117,20,47
"246","2020-05-22",140,3,299,373,6460,0.539318885448916,2055,8373,691,1205,18,5687,18,2135,16,18
"247","2020-05-23",138,3,300,359,6460,0.539318885448916,2055,8373,691,1205,16,5703,22,2157,9,22
"248","2020-05-24",143,3,311,339,6460,0.539318885448916,2055,8373,691,1205,18,5721,19,2176,14,19
"249","2020-05-25",128,3,319,329,6460,0.539318885448916,2055,8373,691,1205,17,5738,26,2202,16,26
"250","2020-05-26",117,3,321,319,6460,0.539318885448916,2055,8373,691,1205,13,5751,20,2222,12,20
"251","2020-05-27",113,3,314,290,6460,0.539318885448916,2055,8373,691,1205,13,5764,39,2261,11,39
"252","2020-05-28",102,3,298,265,6460,0.539318885448916,2055,8373,691,1205,9,5773,27,2288,7,27
"253","2020-05-29",97,3,282,240,6460,0.539318885448916,2055,8373,691,1205,9,5782,36,2324,4,36
"254","2020-05-30",75,3,300,227,6460,0.539318885448916,2055,8373,691,1205,11,5793,36,2360,10,36
"255","2020-05-31",73,3,293,201,6460,0.539318885448916,2055,8373,691,1205,10,5803,22,2382,10,22
"256","2020-06-01",70,3,290,192,6460,0.539318885448916,2055,8373,691,1205,6,5809,39,2421,5,39
"257","2020-06-02",69,3,278,187,6460,0.539318885448916,2055,8373,691,1205,14,5823,26,2447,6,26
"258","2020-06-03",61,3,266,171,6460,0.539318885448916,2055,8373,691,1205,6,5829,26,2473,6,26
"259","2020-06-04",62,3,288,162,6460,0.539318885448916,2055,8373,691,1205,11,5840,26,2499,9,26
"260","2020-06-05",61,3,293,151,6460,0.539318885448916,2055,8373,691,1205,13,5853,21,2520,7,21
"261","2020-06-06",62,3,301,132,6460,0.539318885448916,2055,8373,691,1205,7,5860,22,2542,5,22
"262","2020-06-07",47,3,287,128,6460,0.539318885448916,2055,8373,691,1205,8,5868,16,2558,5,16
"263","2020-03-13",2,4,44,57,5421,0.734550820881756,1950,7469,614,682,52,151,40,70,11,40
"264","2020-03-14",6,4,57,90,5421,0.734550820881756,1950,7469,614,682,44,195,29,99,18,29
"265","2020-03-15",11,4,79,113,5421,0.734550820881756,1950,7469,614,682,71,266,45,144,36,45
"266","2020-03-16",13,4,108,160,5421,0.734550820881756,1950,7469,614,682,70,336,26,170,31,26
"267","2020-03-17",19,4,121,202,5421,0.734550820881756,1950,7469,614,682,80,416,13,183,40,13
"268","2020-03-18",21,4,139,228,5421,0.734550820881756,1950,7469,614,682,82,498,17,200,39,17
"269","2020-03-19",31,4,134,283,5421,0.734550820881756,1950,7469,614,682,94,592,44,244,51,44
"270","2020-03-20",40,4,139,333,5421,0.734550820881756,1950,7469,614,682,93,685,27,271,52,27
"271","2020-03-21",76,4,157,378,5421,0.734550820881756,1950,7469,614,682,97,782,50,321,64,50
"272","2020-03-22",93,4,163,440,5421,0.734550820881756,1950,7469,614,682,87,869,49,370,57,49
"273","2020-03-23",95,4,155,483,5421,0.734550820881756,1950,7469,614,682,107,976,67,437,59,67
"274","2020-03-24",96,4,166,521,5421,0.734550820881756,1950,7469,614,682,96,1072,38,475,58,38
"275","2020-03-25",105,4,179,584,5421,0.734550820881756,1950,7469,614,682,115,1187,16,491,72,16
"276","2020-03-26",123,4,158,640,5421,0.734550820881756,1950,7469,614,682,118,1305,20,511,73,20
"277","2020-03-27",180,4,145,688,5421,0.734550820881756,1950,7469,614,682,90,1395,8,519,60,8
"278","2020-03-28",183,4,140,739,5421,0.734550820881756,1950,7469,614,682,87,1482,22,541,56,22
"279","2020-03-29",196,4,140,786,5421,0.734550820881756,1950,7469,614,682,100,1582,61,602,57,61
"280","2020-03-30",201,4,137,821,5421,0.734550820881756,1950,7469,614,682,107,1689,46,648,58,46
"281","2020-03-31",215,4,138,865,5421,0.734550820881756,1950,7469,614,682,95,1784,61,709,49,61
"282","2020-04-01",231,4,146,893,5421,0.734550820881756,1950,7469,614,682,108,1892,58,767,72,58
"283","2020-04-02",242,4,140,927,5421,0.734550820881756,1950,7469,614,682,100,1992,59,826,62,59
"284","2020-04-03",292,4,125,958,5421,0.734550820881756,1950,7469,614,682,98,2090,35,861,58,35
"285","2020-04-04",318,4,103,988,5421,0.734550820881756,1950,7469,614,682,78,2168,20,881,44,20
"286","2020-04-05",306,4,110,1017,5421,0.734550820881756,1950,7469,614,682,102,2270,26,907,54,26
"287","2020-04-06",317,4,153,1049,5421,0.734550820881756,1950,7469,614,682,114,2384,73,980,66,73
"288","2020-04-07",320,4,180,1079,5421,0.734550820881756,1950,7469,614,682,84,2468,65,1045,47,65
"289","2020-04-08",338,4,205,1104,5421,0.734550820881756,1950,7469,614,682,121,2589,54,1099,77,54
"290","2020-04-09",347,4,201,1107,5421,0.734550820881756,1950,7469,614,682,88,2677,52,1151,52,52
"291","2020-04-10",376,4,198,1134,5421,0.734550820881756,1950,7469,614,682,115,2792,23,1174,73,23
"292","2020-04-11",375,4,194,1143,5421,0.734550820881756,1950,7469,614,682,93,2885,24,1198,58,24
"293","2020-04-12",406,4,193,1144,5421,0.734550820881756,1950,7469,614,682,108,2993,21,1219,67,21
"294","2020-04-13",410,4,176,1145,5421,0.734550820881756,1950,7469,614,682,78,3071,36,1255,44,36
"295","2020-04-14",409,4,151,1168,5421,0.734550820881756,1950,7469,614,682,116,3187,51,1306,74,51
"296","2020-04-15",412,4,154,1155,5421,0.734550820881756,1950,7469,614,682,87,3274,57,1363,43,57
"297","2020-04-16",407,4,179,1139,5421,0.734550820881756,1950,7469,614,682,94,3368,28,1391,56,28
"298","2020-04-17",458,4,207,1154,5421,0.734550820881756,1950,7469,614,682,90,3458,22,1413,55,22
"299","2020-04-18",457,4,235,1156,5421,0.734550820881756,1950,7469,614,682,72,3530,15,1428,46,15
"300","2020-04-19",379,4,206,1153,5421,0.734550820881756,1950,7469,614,682,92,3622,6,1434,49,6
"301","2020-04-20",368,4,174,1133,5421,0.734550820881756,1950,7469,614,682,89,3711,16,1450,51,16
"302","2020-04-21",361,4,150,1104,5421,0.734550820881756,1950,7469,614,682,90,3801,33,1483,65,33
"303","2020-04-22",346,4,168,1065,5421,0.734550820881756,1950,7469,614,682,91,3892,46,1529,48,46
"304","2020-04-23",338,4,168,1035,5421,0.734550820881756,1950,7469,614,682,90,3982,10,1539,48,10
"305","2020-04-24",349,4,192,990,5421,0.734550820881756,1950,7469,614,682,68,4050,12,1551,34,12
"306","2020-04-25",334,4,169,985,5421,0.734550820881756,1950,7469,614,682,84,4134,11,1562,46,11
"307","2020-04-26",317,4,170,955,5421,0.734550820881756,1950,7469,614,682,64,4198,16,1578,37,16
"308","2020-04-27",302,4,203,927,5421,0.734550820881756,1950,7469,614,682,60,4258,33,1611,26,33
"309","2020-04-28",281,4,218,908,5421,0.734550820881756,1950,7469,614,682,62,4320,21,1632,29,21
"310","2020-04-29",283,4,225,893,5421,0.734550820881756,1950,7469,614,682,63,4383,19,1651,43,19
"311","2020-04-30",279,4,223,883,5421,0.734550820881756,1950,7469,614,682,57,4440,49,1700,30,49
"312","2020-05-01",266,4,219,840,5421,0.734550820881756,1950,7469,614,682,66,4506,65,1765,33,65
"313","2020-05-02",292,4,203,808,5421,0.734550820881756,1950,7469,614,682,48,4554,23,1788,22,23
"314","2020-05-03",281,4,232,782,5421,0.734550820881756,1950,7469,614,682,60,4614,25,1813,31,25
"315","2020-05-04",282,4,245,779,5421,0.734550820881756,1950,7469,614,682,50,4664,28,1841,26,28
"316","2020-05-05",274,4,217,756,5421,0.734550820881756,1950,7469,614,682,68,4732,67,1908,38,67
"317","2020-05-06",260,4,206,728,5421,0.734550820881756,1950,7469,614,682,52,4784,33,1941,22,33
"318","2020-05-07",256,4,201,701,5421,0.734550820881756,1950,7469,614,682,57,4841,16,1957,29,16
"319","2020-05-08",277,4,224,678,5421,0.734550820881756,1950,7469,614,682,56,4897,16,1973,33,16
"320","2020-05-09",262,4,250,637,5421,0.734550820881756,1950,7469,614,682,44,4941,28,2001,24,28
"321","2020-05-10",244,4,261,596,5421,0.734550820881756,1950,7469,614,682,57,4998,74,2075,33,74
"322","2020-05-11",242,4,218,558,5421,0.734550820881756,1950,7469,614,682,43,5041,35,2110,17,35
"323","2020-05-12",221,4,178,531,5421,0.734550820881756,1950,7469,614,682,55,5096,24,2134,30,24
"324","2020-05-13",222,4,182,494,5421,0.734550820881756,1950,7469,614,682,47,5143,26,2160,19,26
"325","2020-05-14",211,4,197,482,5421,0.734550820881756,1950,7469,614,682,39,5182,25,2185,18,25
"326","2020-05-15",193,4,174,457,5421,0.734550820881756,1950,7469,614,682,29,5211,29,2214,11,29
"327","2020-05-16",174,4,164,434,5421,0.734550820881756,1950,7469,614,682,40,5251,59,2273,21,59
"328","2020-05-17",156,4,143,426,5421,0.734550820881756,1950,7469,614,682,22,5273,54,2327,14,54
"329","2020-05-18",143,4,159,413,5421,0.734550820881756,1950,7469,614,682,28,5301,27,2354,10,27
"330","2020-05-19",146,4,173,399,5421,0.734550820881756,1950,7469,614,682,42,5343,24,2378,23,24
"331","2020-05-20",141,4,172,371,5421,0.734550820881756,1950,7469,614,682,34,5377,72,2450,20,72
"332","2020-05-21",146,4,163,370,5421,0.734550820881756,1950,7469,614,682,19,5396,64,2514,8,64
"333","2020-05-22",120,4,158,356,5421,0.734550820881756,1950,7469,614,682,29,5425,60,2574,16,60
"334","2020-05-23",124,4,182,349,5421,0.734550820881756,1950,7469,614,682,32,5457,27,2601,18,27
"335","2020-05-24",117,4,214,331,5421,0.734550820881756,1950,7469,614,682,28,5485,40,2641,11,40
"336","2020-05-25",109,4,213,313,5421,0.734550820881756,1950,7469,614,682,29,5514,42,2683,12,42
"337","2020-05-26",106,4,221,294,5421,0.734550820881756,1950,7469,614,682,28,5542,17,2700,14,17
"338","2020-05-27",100,4,235,289,5421,0.734550820881756,1950,7469,614,682,20,5562,22,2722,6,22
"339","2020-05-28",95,4,236,291,5421,0.734550820881756,1950,7469,614,682,22,5584,35,2757,10,35
"340","2020-05-29",106,4,223,264,5421,0.734550820881756,1950,7469,614,682,12,5596,25,2782,5,25
"341","2020-05-30",104,4,220,240,5421,0.734550820881756,1950,7469,614,682,18,5614,27,2809,4,27
"342","2020-05-31",106,4,201,234,5421,0.734550820881756,1950,7469,614,682,20,5634,53,2862,9,53
"343","2020-06-01",104,4,194,224,5421,0.734550820881756,1950,7469,614,682,24,5658,26,2888,14,26
"344","2020-06-02",98,4,191,218,5421,0.734550820881756,1950,7469,614,682,18,5676,26,2914,12,26
"345","2020-06-03",96,4,189,210,5421,0.734550820881756,1950,7469,614,682,18,5694,31,2945,14,31
"346","2020-06-04",88,4,189,200,5421,0.734550820881756,1950,7469,614,682,20,5714,45,2990,7,45
"347","2020-06-05",81,4,165,187,5421,0.734550820881756,1950,7469,614,682,17,5731,26,3016,10,26
"348","2020-06-06",73,4,143,180,5421,0.734550820881756,1950,7469,614,682,13,5744,42,3058,9,42
"349","2020-06-07",60,4,128,162,5421,0.734550820881756,1950,7469,614,682,12,5756,36,3094,7,36
"350","2020-03-13",2,5,30,103,5519,0.63761551005617,2025,7483,620,566,11,35,18,43,1,18
"351","2020-03-14",10,5,24,138,5519,0.63761551005617,2025,7483,620,566,20,55,24,67,9,24
"352","2020-03-15",24,5,33,178,5519,0.63761551005617,2025,7483,620,566,29,84,9,76,14,9
"353","2020-03-16",26,5,38,223,5519,0.63761551005617,2025,7483,620,566,23,107,32,108,9,32
"354","2020-03-17",31,5,34,266,5519,0.63761551005617,2025,7483,620,566,32,139,29,137,18,29
"355","2020-03-18",35,5,31,306,5519,0.63761551005617,2025,7483,620,566,24,163,31,168,11,31
"356","2020-03-19",47,5,28,357,5519,0.63761551005617,2025,7483,620,566,42,205,40,208,26,40
"357","2020-03-20",73,5,34,409,5519,0.63761551005617,2025,7483,620,566,48,253,34,242,40,34
"358","2020-03-21",100,5,51,444,5519,0.63761551005617,2025,7483,620,566,39,292,22,264,37,22
"359","2020-03-22",96,5,65,492,5519,0.63761551005617,2025,7483,620,566,58,350,17,281,40,17
"360","2020-03-23",104,5,59,536,5519,0.63761551005617,2025,7483,620,566,50,400,48,329,37,48
"361","2020-03-24",120,5,80,594,5519,0.63761551005617,2025,7483,620,566,62,462,22,351,51,22
"362","2020-03-25",158,5,104,647,5519,0.63761551005617,2025,7483,620,566,89,551,48,399,78,48
"363","2020-03-26",170,5,114,704,5519,0.63761551005617,2025,7483,620,566,73,624,25,424,57,25
"364","2020-03-27",214,5,104,759,5519,0.63761551005617,2025,7483,620,566,90,714,26,450,74,26
"365","2020-03-28",224,5,100,811,5519,0.63761551005617,2025,7483,620,566,89,803,16,466,77,16
"366","2020-03-29",256,5,90,859,5519,0.63761551005617,2025,7483,620,566,92,895,23,489,82,23
"367","2020-03-30",272,5,113,936,5519,0.63761551005617,2025,7483,620,566,127,1022,19,508,100,19
"368","2020-03-31",278,5,129,957,5519,0.63761551005617,2025,7483,620,566,121,1143,16,524,103,16
"369","2020-04-01",268,5,125,1002,5519,0.63761551005617,2025,7483,620,566,125,1268,14,538,109,14
"370","2020-04-02",282,5,117,1027,5519,0.63761551005617,2025,7483,620,566,128,1396,39,577,118,39
"371","2020-04-03",311,5,112,1051,5519,0.63761551005617,2025,7483,620,566,128,1524,31,608,118,31
"372","2020-04-04",382,5,127,1054,5519,0.63761551005617,2025,7483,620,566,138,1662,24,632,124,24
"373","2020-04-05",362,5,119,1080,5519,0.63761551005617,2025,7483,620,566,162,1824,41,673,154,41
"374","2020-04-06",347,5,132,1098,5519,0.63761551005617,2025,7483,620,566,122,1946,32,705,114,32
"375","2020-04-07",356,5,145,1105,5519,0.63761551005617,2025,7483,620,566,136,2082,18,723,124,18
"376","2020-04-08",371,5,152,1106,5519,0.63761551005617,2025,7483,620,566,166,2248,33,756,148,33
"377","2020-04-09",369,5,147,1133,5519,0.63761551005617,2025,7483,620,566,178,2426,23,779,162,23
"378","2020-04-10",442,5,136,1137,5519,0.63761551005617,2025,7483,620,566,200,2626,31,810,178,31
"379","2020-04-11",399,5,128,1104,5519,0.63761551005617,2025,7483,620,566,175,2801,27,837,160,27
"380","2020-04-12",369,5,121,1110,5519,0.63761551005617,2025,7483,620,566,172,2973,59,896,157,59
"381","2020-04-13",368,5,99,1120,5519,0.63761551005617,2025,7483,620,566,158,3131,56,952,145,56
"382","2020-04-14",360,5,103,1121,5519,0.63761551005617,2025,7483,620,566,158,3289,31,983,144,31
"383","2020-04-15",353,5,119,1122,5519,0.63761551005617,2025,7483,620,566,211,3500,59,1042,201,59
"384","2020-04-16",356,5,120,1106,5519,0.63761551005617,2025,7483,620,566,161,3661,41,1083,148,41
"385","2020-04-17",335,5,132,1097,5519,0.63761551005617,2025,7483,620,566,180,3841,55,1138,163,55
"386","2020-04-18",362,5,114,1087,5519,0.63761551005617,2025,7483,620,566,136,3977,62,1200,123,62
"387","2020-04-19",352,5,117,1083,5519,0.63761551005617,2025,7483,620,566,145,4122,39,1239,135,39
"388","2020-04-20",340,5,128,1064,5519,0.63761551005617,2025,7483,620,566,128,4250,37,1276,117,37
"389","2020-04-21",340,5,143,1045,5519,0.63761551005617,2025,7483,620,566,122,4372,24,1300,109,24
"390","2020-04-22",332,5,138,1026,5519,0.63761551005617,2025,7483,620,566,115,4487,42,1342,105,42
"391","2020-04-23",332,5,151,1025,5519,0.63761551005617,2025,7483,620,566,112,4599,35,1377,100,35
"392","2020-04-24",354,5,131,1037,5519,0.63761551005617,2025,7483,620,566,104,4703,36,1413,93,36
"393","2020-04-25",352,5,131,1043,5519,0.63761551005617,2025,7483,620,566,100,4803,22,1435,92,22
"394","2020-04-26",352,5,119,1029,5519,0.63761551005617,2025,7483,620,566,90,4893,31,1466,84,31
"395","2020-04-27",355,5,109,999,5519,0.63761551005617,2025,7483,620,566,95,4988,18,1484,89,18
"396","2020-04-28",344,5,100,969,5519,0.63761551005617,2025,7483,620,566,79,5067,24,1508,73,24
"397","2020-04-29",351,5,95,956,5519,0.63761551005617,2025,7483,620,566,75,5142,41,1549,66,41
"398","2020-04-30",352,5,96,915,5519,0.63761551005617,2025,7483,620,566,61,5203,41,1590,54,41
"399","2020-05-01",382,5,90,896,5519,0.63761551005617,2025,7483,620,566,54,5257,38,1628,47,38
"400","2020-05-02",379,5,83,869,5519,0.63761551005617,2025,7483,620,566,50,5307,40,1668,43,40
"401","2020-05-03",346,5,82,840,5519,0.63761551005617,2025,7483,620,566,41,5348,36,1704,37,36
"402","2020-05-04",331,5,108,823,5519,0.63761551005617,2025,7483,620,566,42,5390,27,1731,37,27
"403","2020-05-05",319,5,138,783,5519,0.63761551005617,2025,7483,620,566,39,5429,47,1778,32,47
"404","2020-05-06",308,5,166,752,5519,0.63761551005617,2025,7483,620,566,42,5471,47,1825,39,47
"405","2020-05-07",297,5,195,712,5519,0.63761551005617,2025,7483,620,566,30,5501,28,1853,24,28
"406","2020-05-08",272,5,188,666,5519,0.63761551005617,2025,7483,620,566,30,5531,20,1873,24,20
"407","2020-05-09",246,5,192,629,5519,0.63761551005617,2025,7483,620,566,30,5561,17,1890,25,17
"408","2020-05-10",235,5,193,589,5519,0.63761551005617,2025,7483,620,566,25,5586,57,1947,17,57
"409","2020-05-11",222,5,173,535,5519,0.63761551005617,2025,7483,620,566,29,5615,42,1989,27,42
"410","2020-05-12",202,5,151,496,5519,0.63761551005617,2025,7483,620,566,25,5640,24,2013,20,24
"411","2020-05-13",191,5,138,469,5519,0.63761551005617,2025,7483,620,566,20,5660,41,2054,16,41
"412","2020-05-14",180,5,141,437,5519,0.63761551005617,2025,7483,620,566,21,5681,34,2088,19,34
"413","2020-05-15",146,5,138,422,5519,0.63761551005617,2025,7483,620,566,14,5695,41,2129,10,41
"414","2020-05-16",140,5,118,396,5519,0.63761551005617,2025,7483,620,566,16,5711,44,2173,11,44
"415","2020-05-17",129,5,106,365,5519,0.63761551005617,2025,7483,620,566,17,5728,31,2204,15,31
"416","2020-05-18",126,5,98,353,5519,0.63761551005617,2025,7483,620,566,18,5746,21,2225,16,21
"417","2020-05-19",124,5,103,333,5519,0.63761551005617,2025,7483,620,566,13,5759,39,2264,11,39
"418","2020-05-20",116,5,105,316,5519,0.63761551005617,2025,7483,620,566,14,5773,29,2293,9,29
"419","2020-05-21",105,5,116,298,5519,0.63761551005617,2025,7483,620,566,15,5788,19,2312,9,19
"420","2020-05-22",100,5,114,290,5519,0.63761551005617,2025,7483,620,566,12,5800,19,2331,6,19
"421","2020-05-23",101,5,112,275,5519,0.63761551005617,2025,7483,620,566,10,5810,10,2341,8,10
"422","2020-05-24",92,5,103,271,5519,0.63761551005617,2025,7483,620,566,12,5822,15,2356,8,15
"423","2020-05-25",88,5,119,256,5519,0.63761551005617,2025,7483,620,566,16,5838,9,2365,11,9
"424","2020-05-26",82,5,105,247,5519,0.63761551005617,2025,7483,620,566,11,5849,16,2381,8,16
"425","2020-05-27",84,5,98,244,5519,0.63761551005617,2025,7483,620,566,14,5863,31,2412,6,31
"426","2020-05-28",85,5,93,242,5519,0.63761551005617,2025,7483,620,566,12,5875,20,2432,5,20
"427","2020-05-29",90,5,95,233,5519,0.63761551005617,2025,7483,620,566,7,5882,24,2456,4,24
"428","2020-05-30",88,5,83,223,5519,0.63761551005617,2025,7483,620,566,11,5893,19,2475,9,19
"429","2020-05-31",81,5,86,211,5519,0.63761551005617,2025,7483,620,566,7,5900,26,2501,3,26
"430","2020-06-01",78,5,95,189,5519,0.63761551005617,2025,7483,620,566,5,5905,21,2522,4,21
"431","2020-06-02",73,5,91,182,5519,0.63761551005617,2025,7483,620,566,11,5916,22,2544,9,22
"432","2020-06-03",69,5,70,162,5519,0.63761551005617,2025,7483,620,566,5,5921,12,2556,4,12
"433","2020-06-04",69,5,72,152,5519,0.63761551005617,2025,7483,620,566,5,5926,28,2584,3,28
"434","2020-06-05",58,5,67,150,5519,0.63761551005617,2025,7483,620,566,6,5932,7,2591,5,7
"435","2020-06-06",48,5,65,135,5519,0.63761551005617,2025,7483,620,566,5,5937,23,2614,3,23
"436","2020-06-07",46,5,65,126,5519,0.63761551005617,2025,7483,620,566,7,5944,16,2630,7,16
"437","2020-03-07",1,6,0,0,5414,0.726819357222017,1995,7596,600,1121,NA,NA,NA,NA,NA,NA
"438","2020-03-08",1,6,0,0,5414,0.726819357222017,1995,7596,600,1121,NA,NA,NA,NA,NA,NA
"439","2020-03-09",0,6,0,0,5414,0.726819357222017,1995,7596,600,1121,NA,NA,NA,NA,NA,NA
"440","2020-03-10",0,6,0,0,5414,0.726819357222017,1995,7596,600,1121,NA,NA,8,8,NA,8
"441","2020-03-11",0,6,0,0,5414,0.726819357222017,1995,7596,600,1121,24,24,21,29,1,21
"442","2020-03-12",1,6,56,50,5414,0.726819357222017,1995,7596,600,1121,36,60,27,56,1,27
"443","2020-03-13",2,6,65,72,5414,0.726819357222017,1995,7596,600,1121,30,90,28,84,6,28
"444","2020-03-14",13,6,93,108,5414,0.726819357222017,1995,7596,600,1121,33,123,25,109,10,25
"445","2020-03-15",15,6,114,137,5414,0.726819357222017,1995,7596,600,1121,43,166,11,120,21,11
"446","2020-03-16",20,6,141,185,5414,0.726819357222017,1995,7596,600,1121,39,205,8,128,20,8
"447","2020-03-17",29,6,143,243,5414,0.726819357222017,1995,7596,600,1121,50,255,5,133,26,5
"448","2020-03-18",34,6,121,304,5414,0.726819357222017,1995,7596,600,1121,54,309,26,159,27,26
"449","2020-03-19",48,6,107,358,5414,0.726819357222017,1995,7596,600,1121,66,375,39,198,44,39
"450","2020-03-20",71,6,109,405,5414,0.726819357222017,1995,7596,600,1121,74,449,37,235,37,37
"451","2020-03-21",82,6,140,459,5414,0.726819357222017,1995,7596,600,1121,91,540,39,274,61,39
"452","2020-03-22",131,6,170,514,5414,0.726819357222017,1995,7596,600,1121,63,603,22,296,40,22
"453","2020-03-23",135,6,191,566,5414,0.726819357222017,1995,7596,600,1121,94,697,20,316,65,20
"454","2020-03-24",132,6,219,616,5414,0.726819357222017,1995,7596,600,1121,71,768,15,331,43,15
"455","2020-03-25",152,6,199,645,5414,0.726819357222017,1995,7596,600,1121,93,861,25,356,67,25
"456","2020-03-26",161,6,194,695,5414,0.726819357222017,1995,7596,600,1121,111,972,34,390,84,34
"457","2020-03-27",214,6,228,763,5414,0.726819357222017,1995,7596,600,1121,114,1086,48,438,83,48
"458","2020-03-28",243,6,249,812,5414,0.726819357222017,1995,7596,600,1121,104,1190,51,489,82,51
"459","2020-03-29",236,6,224,846,5414,0.726819357222017,1995,7596,600,1121,92,1282,29,518,75,29
"460","2020-03-30",249,6,197,894,5414,0.726819357222017,1995,7596,600,1121,110,1392,46,564,82,46
"461","2020-03-31",254,6,172,937,5414,0.726819357222017,1995,7596,600,1121,109,1501,21,585,83,21
"462","2020-04-01",262,6,174,981,5414,0.726819357222017,1995,7596,600,1121,105,1606,35,620,88,35
"463","2020-04-02",287,6,193,1040,5414,0.726819357222017,1995,7596,600,1121,103,1709,9,629,72,9
"464","2020-04-03",319,6,181,1078,5414,0.726819357222017,1995,7596,600,1121,111,1820,20,649,92,20
"465","2020-04-04",333,6,180,1110,5414,0.726819357222017,1995,7596,600,1121,117,1937,8,657,94,8
"466","2020-04-05",346,6,197,1127,5414,0.726819357222017,1995,7596,600,1121,100,2037,11,668,79,11
"467","2020-04-06",343,6,188,1164,5414,0.726819357222017,1995,7596,600,1121,108,2145,19,687,80,19
"468","2020-04-07",351,6,169,1181,5414,0.726819357222017,1995,7596,600,1121,124,2269,38,725,102,38
"469","2020-04-08",361,6,135,1201,5414,0.726819357222017,1995,7596,600,1121,118,2387,53,778,96,53
"470","2020-04-09",356,6,128,1163,5414,0.726819357222017,1995,7596,600,1121,105,2492,51,829,83,51
"471","2020-04-10",424,6,154,1159,5414,0.726819357222017,1995,7596,600,1121,122,2614,38,867,93,38
"472","2020-04-11",413,6,164,1166,5414,0.726819357222017,1995,7596,600,1121,123,2737,59,926,89,59
"473","2020-04-12",392,6,155,1149,5414,0.726819357222017,1995,7596,600,1121,126,2863,49,975,105,49
"474","2020-04-13",401,6,156,1133,5414,0.726819357222017,1995,7596,600,1121,102,2965,19,994,72,19
"475","2020-04-14",393,6,196,1086,5414,0.726819357222017,1995,7596,600,1121,106,3071,34,1028,78,34
"476","2020-04-15",386,6,233,1064,5414,0.726819357222017,1995,7596,600,1121,81,3152,54,1082,61,54
"477","2020-04-16",389,6,268,1051,5414,0.726819357222017,1995,7596,600,1121,111,3263,25,1107,90,25
"478","2020-04-17",383,6,265,1030,5414,0.726819357222017,1995,7596,600,1121,98,3361,20,1127,79,20
"479","2020-04-18",412,6,245,1032,5414,0.726819357222017,1995,7596,600,1121,111,3472,21,1148,92,21
"480","2020-04-19",354,6,234,1037,5414,0.726819357222017,1995,7596,600,1121,87,3559,19,1167,69,19
"481","2020-04-20",340,6,225,1012,5414,0.726819357222017,1995,7596,600,1121,70,3629,27,1194,47,27
"482","2020-04-21",325,6,212,1010,5414,0.726819357222017,1995,7596,600,1121,68,3697,29,1223,55,29
"483","2020-04-22",332,6,196,983,5414,0.726819357222017,1995,7596,600,1121,81,3778,13,1236,57,13
"484","2020-04-23",314,6,224,964,5414,0.726819357222017,1995,7596,600,1121,82,3860,40,1276,55,40
"485","2020-04-24",338,6,212,937,5414,0.726819357222017,1995,7596,600,1121,97,3957,25,1301,69,25
"486","2020-04-25",318,6,201,898,5414,0.726819357222017,1995,7596,600,1121,75,4032,13,1314,50,13
"487","2020-04-26",296,6,182,883,5414,0.726819357222017,1995,7596,600,1121,77,4109,39,1353,53,39
"488","2020-04-27",298,6,215,851,5414,0.726819357222017,1995,7596,600,1121,65,4174,29,1382,46,29
"489","2020-04-28",292,6,220,821,5414,0.726819357222017,1995,7596,600,1121,66,4240,76,1458,44,76
"490","2020-04-29",274,6,206,795,5414,0.726819357222017,1995,7596,600,1121,72,4312,58,1516,44,58
"491","2020-04-30",273,6,196,769,5414,0.726819357222017,1995,7596,600,1121,59,4371,65,1581,36,65
"492","2020-05-01",264,6,181,755,5414,0.726819357222017,1995,7596,600,1121,63,4434,63,1644,43,63
"493","2020-05-02",273,6,151,719,5414,0.726819357222017,1995,7596,600,1121,55,4489,61,1705,33,61
"494","2020-05-03",255,6,178,705,5414,0.726819357222017,1995,7596,600,1121,50,4539,33,1738,35,33
"495","2020-05-04",237,6,174,669,5414,0.726819357222017,1995,7596,600,1121,37,4576,24,1762,24,24
"496","2020-05-05",234,6,155,657,5414,0.726819357222017,1995,7596,600,1121,58,4634,30,1792,33,30
"497","2020-05-06",235,6,143,618,5414,0.726819357222017,1995,7596,600,1121,46,4680,15,1807,21,15
"498","2020-05-07",227,6,116,602,5414,0.726819357222017,1995,7596,600,1121,48,4728,20,1827,23,20
"499","2020-05-08",224,6,93,573,5414,0.726819357222017,1995,7596,600,1121,45,4773,19,1846,27,19
"500","2020-05-09",213,6,103,561,5414,0.726819357222017,1995,7596,600,1121,37,4810,42,1888,16,42
"501","2020-05-10",204,6,145,546,5414,0.726819357222017,1995,7596,600,1121,45,4855,15,1903,30,15
"502","2020-05-11",201,6,167,532,5414,0.726819357222017,1995,7596,600,1121,30,4885,12,1915,17,12
"503","2020-05-12",196,6,199,501,5414,0.726819357222017,1995,7596,600,1121,33,4918,17,1932,17,17
"504","2020-05-13",186,6,182,463,5414,0.726819357222017,1995,7596,600,1121,41,4959,51,1983,29,51
"505","2020-05-14",180,6,185,455,5414,0.726819357222017,1995,7596,600,1121,28,4987,38,2021,14,38
"506","2020-05-15",170,6,161,437,5414,0.726819357222017,1995,7596,600,1121,37,5024,31,2052,17,31
"507","2020-05-16",179,6,177,417,5414,0.726819357222017,1995,7596,600,1121,31,5055,22,2074,16,22
"508","2020-05-17",165,6,172,404,5414,0.726819357222017,1995,7596,600,1121,20,5075,42,2116,10,42
"509","2020-05-18",145,6,193,378,5414,0.726819357222017,1995,7596,600,1121,16,5091,33,2149,9,33
"510","2020-05-19",140,6,179,362,5414,0.726819357222017,1995,7596,600,1121,23,5114,16,2165,12,16
"511","2020-05-20",132,6,157,350,5414,0.726819357222017,1995,7596,600,1121,30,5144,44,2209,19,44
"512","2020-05-21",123,6,136,346,5414,0.726819357222017,1995,7596,600,1121,24,5168,51,2260,12,51
"513","2020-05-22",116,6,124,327,5414,0.726819357222017,1995,7596,600,1121,19,5187,27,2287,12,27
"514","2020-05-23",106,6,105,321,5414,0.726819357222017,1995,7596,600,1121,23,5210,24,2311,14,24
"515","2020-05-24",102,6,107,308,5414,0.726819357222017,1995,7596,600,1121,21,5231,14,2325,9,14
"516","2020-05-25",105,6,140,302,5414,0.726819357222017,1995,7596,600,1121,26,5257,13,2338,11,13
"517","2020-05-26",105,6,155,292,5414,0.726819357222017,1995,7596,600,1121,25,5282,9,2347,11,9
"518","2020-05-27",108,6,141,273,5414,0.726819357222017,1995,7596,600,1121,16,5298,15,2362,9,15
"519","2020-05-28",112,6,173,258,5414,0.726819357222017,1995,7596,600,1121,17,5315,26,2388,10,26
"520","2020-05-29",112,6,186,235,5414,0.726819357222017,1995,7596,600,1121,17,5332,47,2435,11,47
"521","2020-05-30",101,6,206,233,5414,0.726819357222017,1995,7596,600,1121,18,5350,54,2489,9,54
"522","2020-05-31",100,6,203,230,5414,0.726819357222017,1995,7596,600,1121,15,5365,28,2517,8,28
"523","2020-06-01",95,6,217,217,5414,0.726819357222017,1995,7596,600,1121,16,5381,18,2535,8,18
"524","2020-06-02",87,6,239,212,5414,0.726819357222017,1995,7596,600,1121,23,5404,14,2549,8,14
"525","2020-06-03",83,6,237,218,5414,0.726819357222017,1995,7596,600,1121,13,5417,20,2569,6,20
"526","2020-06-04",79,6,209,208,5414,0.726819357222017,1995,7596,600,1121,17,5434,39,2608,9,39
"527","2020-06-05",76,6,173,189,5414,0.726819357222017,1995,7596,600,1121,10,5444,32,2640,3,32
"528","2020-06-06",81,6,164,182,5414,0.726819357222017,1995,7596,600,1121,9,5453,21,2661,4,21
"529","2020-06-07",65,6,160,178,5414,0.726819357222017,1995,7596,600,1121,11,5464,18,2679,7,18
"530","2020-03-12",1,7,32,81,5806,0.376679297278677,2085,8526,550,437,20,41,14,35,2,14
"531","2020-03-13",3,7,48,129,5806,0.376679297278677,2085,8526,550,437,21,62,5,40,7,5
"532","2020-03-14",16,7,49,191,5806,0.376679297278677,2085,8526,550,437,24,86,5,45,12,5
"533","2020-03-15",23,7,46,238,5806,0.376679297278677,2085,8526,550,437,31,117,21,66,17,21
"534","2020-03-16",26,7,38,297,5806,0.376679297278677,2085,8526,550,437,27,144,19,85,15,19
"535","2020-03-17",35,7,37,362,5806,0.376679297278677,2085,8526,550,437,33,177,33,118,23,33
"536","2020-03-18",51,7,36,416,5806,0.376679297278677,2085,8526,550,437,31,208,32,150,22,32
"537","2020-03-19",65,7,30,476,5806,0.376679297278677,2085,8526,550,437,45,253,24,174,35,24
"538","2020-03-20",90,7,44,533,5806,0.376679297278677,2085,8526,550,437,47,300,32,206,35,32
"539","2020-03-21",148,7,52,586,5806,0.376679297278677,2085,8526,550,437,65,365,45,251,54,45
"540","2020-03-22",160,7,75,634,5806,0.376679297278677,2085,8526,550,437,67,432,46,297,48,46
"541","2020-03-23",157,7,79,663,5806,0.376679297278677,2085,8526,550,437,66,498,20,317,53,20
"542","2020-03-24",173,7,73,727,5806,0.376679297278677,2085,8526,550,437,76,574,15,332,58,15
"543","2020-03-25",176,7,65,769,5806,0.376679297278677,2085,8526,550,437,79,653,11,343,61,11
"544","2020-03-26",183,7,64,796,5806,0.376679297278677,2085,8526,550,437,92,745,10,353,80,10
"545","2020-03-27",253,7,57,805,5806,0.376679297278677,2085,8526,550,437,83,828,30,383,72,30
"546","2020-03-28",255,7,54,824,5806,0.376679297278677,2085,8526,550,437,90,918,22,405,75,22
"547","2020-03-29",251,7,79,848,5806,0.376679297278677,2085,8526,550,437,93,1011,26,431,79,26
"548","2020-03-30",264,7,96,857,5806,0.376679297278677,2085,8526,550,437,113,1124,17,448,103,17
"549","2020-03-31",266,7,122,870,5806,0.376679297278677,2085,8526,550,437,92,1216,21,469,79,21
"550","2020-04-01",270,7,136,901,5806,0.376679297278677,2085,8526,550,437,98,1314,31,500,84,31
"551","2020-04-02",285,7,140,931,5806,0.376679297278677,2085,8526,550,437,136,1450,28,528,113,28
"552","2020-04-03",301,7,171,978,5806,0.376679297278677,2085,8526,550,437,120,1570,19,547,111,19
"553","2020-04-04",333,7,165,989,5806,0.376679297278677,2085,8526,550,437,119,1689,18,565,106,18
"554","2020-04-05",321,7,171,1002,5806,0.376679297278677,2085,8526,550,437,130,1819,8,573,116,8
"555","2020-04-06",303,7,172,1021,5806,0.376679297278677,2085,8526,550,437,147,1966,18,591,133,18
"556","2020-04-07",317,7,149,1039,5806,0.376679297278677,2085,8526,550,437,130,2096,41,632,119,41
"557","2020-04-08",324,7,132,1067,5806,0.376679297278677,2085,8526,550,437,126,2222,46,678,118,46
"558","2020-04-09",325,7,122,1073,5806,0.376679297278677,2085,8526,550,437,120,2342,17,695,102,17
"559","2020-04-10",366,7,108,1081,5806,0.376679297278677,2085,8526,550,437,147,2489,17,712,132,17
"560","2020-04-11",363,7,96,1062,5806,0.376679297278677,2085,8526,550,437,140,2629,27,739,120,27
"561","2020-04-12",342,7,99,1071,5806,0.376679297278677,2085,8526,550,437,116,2745,6,745,106,6
"562","2020-04-13",335,7,101,1066,5806,0.376679297278677,2085,8526,550,437,141,2886,16,761,130,16
"563","2020-04-14",325,7,109,1059,5806,0.376679297278677,2085,8526,550,437,147,3033,10,771,131,10
"564","2020-04-15",331,7,128,1041,5806,0.376679297278677,2085,8526,550,437,111,3144,10,781,94,10
"565","2020-04-16",329,7,138,1021,5806,0.376679297278677,2085,8526,550,437,137,3281,8,789,124,8
"566","2020-04-17",369,7,154,1005,5806,0.376679297278677,2085,8526,550,437,118,3399,6,795,107,6
"567","2020-04-18",354,7,170,980,5806,0.376679297278677,2085,8526,550,437,112,3511,8,803,106,8
"568","2020-04-19",324,7,178,963,5806,0.376679297278677,2085,8526,550,437,108,3619,46,849,97,46
"569","2020-04-20",315,7,167,950,5806,0.376679297278677,2085,8526,550,437,102,3721,31,880,95,31
"570","2020-04-21",307,7,164,933,5806,0.376679297278677,2085,8526,550,437,135,3856,17,897,124,17
"571","2020-04-22",303,7,162,915,5806,0.376679297278677,2085,8526,550,437,99,3955,13,910,89,13
"572","2020-04-23",298,7,175,896,5806,0.376679297278677,2085,8526,550,437,114,4069,6,916,100,6
"573","2020-04-24",293,7,168,883,5806,0.376679297278677,2085,8526,550,437,97,4166,7,923,83,7
"574","2020-04-25",294,7,169,884,5806,0.376679297278677,2085,8526,550,437,73,4239,5,928,65,5
"575","2020-04-26",274,7,160,871,5806,0.376679297278677,2085,8526,550,437,86,4325,10,938,78,10
"576","2020-04-27",275,7,150,858,5806,0.376679297278677,2085,8526,550,437,60,4385,49,987,51,49
"577","2020-04-28",268,7,133,842,5806,0.376679297278677,2085,8526,550,437,75,4460,27,1014,64,27
"578","2020-04-29",268,7,115,810,5806,0.376679297278677,2085,8526,550,437,73,4533,31,1045,59,31
"579","2020-04-30",269,7,110,814,5806,0.376679297278677,2085,8526,550,437,76,4609,43,1088,66,43
"580","2020-05-01",282,7,110,800,5806,0.376679297278677,2085,8526,550,437,63,4672,26,1114,60,26
"581","2020-05-02",296,7,142,784,5806,0.376679297278677,2085,8526,550,437,42,4714,9,1123,35,9
"582","2020-05-03",281,7,177,766,5806,0.376679297278677,2085,8526,550,437,60,4774,13,1136,49,13
"583","2020-05-04",264,7,187,742,5806,0.376679297278677,2085,8526,550,437,45,4819,39,1175,38,39
"584","2020-05-05",258,7,183,709,5806,0.376679297278677,2085,8526,550,437,40,4859,30,1205,29,30
"585","2020-05-06",245,7,173,701,5806,0.376679297278677,2085,8526,550,437,42,4901,9,1214,33,9
"586","2020-05-07",246,7,174,692,5806,0.376679297278677,2085,8526,550,437,39,4940,13,1227,33,13
"587","2020-05-08",259,7,162,680,5806,0.376679297278677,2085,8526,550,437,36,4976,45,1272,31,45
"588","2020-05-09",244,7,152,664,5806,0.376679297278677,2085,8526,550,437,35,5011,26,1298,26,26
"589","2020-05-10",223,7,159,652,5806,0.376679297278677,2085,8526,550,437,53,5064,12,1310,43,12
"590","2020-05-11",215,7,156,644,5806,0.376679297278677,2085,8526,550,437,28,5092,6,1316,21,6
"591","2020-05-12",212,7,178,618,5806,0.376679297278677,2085,8526,550,437,30,5122,8,1324,21,8
"592","2020-05-13",218,7,191,591,5806,0.376679297278677,2085,8526,550,437,31,5153,12,1336,21,12
"593","2020-05-14",200,7,194,579,5806,0.376679297278677,2085,8526,550,437,36,5189,40,1376,28,40
"594","2020-05-15",198,7,185,576,5806,0.376679297278677,2085,8526,550,437,37,5226,25,1401,27,25
"595","2020-05-16",199,7,171,551,5806,0.376679297278677,2085,8526,550,437,23,5249,43,1444,16,43
"596","2020-05-17",191,7,179,527,5806,0.376679297278677,2085,8526,550,437,22,5271,59,1503,19,59
"597","2020-05-18",191,7,170,514,5806,0.376679297278677,2085,8526,550,437,24,5295,36,1539,18,36
"598","2020-05-19",179,7,162,490,5806,0.376679297278677,2085,8526,550,437,25,5320,39,1578,17,39
"599","2020-05-20",171,7,147,469,5806,0.376679297278677,2085,8526,550,437,24,5344,21,1599,21,21
"600","2020-05-21",171,7,116,448,5806,0.376679297278677,2085,8526,550,437,13,5357,13,1612,9,13
"601","2020-05-22",159,7,104,440,5806,0.376679297278677,2085,8526,550,437,12,5369,11,1623,10,11
"602","2020-05-23",162,7,84,423,5806,0.376679297278677,2085,8526,550,437,18,5387,16,1639,14,16
"603","2020-05-24",143,7,76,406,5806,0.376679297278677,2085,8526,550,437,20,5407,12,1651,10,12
"604","2020-05-25",138,7,88,388,5806,0.376679297278677,2085,8526,550,437,19,5426,40,1691,9,40
"605","2020-05-26",140,7,89,374,5806,0.376679297278677,2085,8526,550,437,14,5440,26,1717,12,26
"606","2020-05-27",138,7,105,359,5806,0.376679297278677,2085,8526,550,437,9,5449,20,1737,7,20
"607","2020-05-28",137,7,116,336,5806,0.376679297278677,2085,8526,550,437,13,5462,14,1751,10,14
"608","2020-05-29",130,7,108,318,5806,0.376679297278677,2085,8526,550,437,7,5469,10,1761,4,10
"609","2020-05-30",126,7,101,288,5806,0.376679297278677,2085,8526,550,437,15,5484,36,1797,9,36
"610","2020-05-31",127,7,100,283,5806,0.376679297278677,2085,8526,550,437,17,5501,51,1848,12,51
"611","2020-06-01",119,7,96,274,5806,0.376679297278677,2085,8526,550,437,11,5512,41,1889,9,41
"612","2020-06-02",110,7,100,261,5806,0.376679297278677,2085,8526,550,437,9,5521,46,1935,7,46
"613","2020-06-03",104,7,97,246,5806,0.376679297278677,2085,8526,550,437,13,5534,54,1989,12,54
"614","2020-06-04",99,7,93,223,5806,0.376679297278677,2085,8526,550,437,5,5539,48,2037,5,48
"615","2020-06-05",97,7,97,217,5806,0.376679297278677,2085,8526,550,437,10,5549,31,2068,7,31
"616","2020-06-06",93,7,94,206,5806,0.376679297278677,2085,8526,550,437,3,5552,41,2109,1,41
"617","2020-06-07",74,7,90,196,5806,0.376679297278677,2085,8526,550,437,6,5558,37,2146,3,37
"618","2020-03-13",2,8,79,84,5951,0.594185851117459,1980,8034,704,1347,34,85,21,45,6,21
"619","2020-03-14",10,8,105,121,5951,0.594185851117459,1980,8034,704,1347,33,118,39,84,10,39
"620","2020-03-15",17,8,130,169,5951,0.594185851117459,1980,8034,704,1347,26,144,31,115,8,31
"621","2020-03-16",22,8,155,218,5951,0.594185851117459,1980,8034,704,1347,41,185,15,130,15,15
"622","2020-03-17",27,8,156,265,5951,0.594185851117459,1980,8034,704,1347,41,226,28,158,16,28
"623","2020-03-18",35,8,183,308,5951,0.594185851117459,1980,8034,704,1347,43,269,25,183,23,25
"624","2020-03-19",48,8,199,386,5951,0.594185851117459,1980,8034,704,1347,53,322,17,200,23,17
"625","2020-03-20",64,8,216,450,5951,0.594185851117459,1980,8034,704,1347,43,365,33,233,21,33
"626","2020-03-21",73,8,232,520,5951,0.594185851117459,1980,8034,704,1347,52,417,15,248,27,15
"627","2020-03-22",112,8,225,575,5951,0.594185851117459,1980,8034,704,1347,45,462,33,281,27,33
"628","2020-03-23",130,8,227,676,5951,0.594185851117459,1980,8034,704,1347,63,525,34,315,39,34
"629","2020-03-24",134,8,226,748,5951,0.594185851117459,1980,8034,704,1347,56,581,28,343,29,28
"630","2020-03-25",159,8,199,831,5951,0.594185851117459,1980,8034,704,1347,58,639,28,371,29,28
"631","2020-03-26",174,8,230,898,5951,0.594185851117459,1980,8034,704,1347,57,696,23,394,27,23
"632","2020-03-27",242,8,255,962,5951,0.594185851117459,1980,8034,704,1347,89,785,15,409,59,15
"633","2020-03-28",338,8,263,1033,5951,0.594185851117459,1980,8034,704,1347,57,842,7,416,33,7
"634","2020-03-29",329,8,271,1085,5951,0.594185851117459,1980,8034,704,1347,59,901,10,426,33,10
"635","2020-03-30",316,8,272,1138,5951,0.594185851117459,1980,8034,704,1347,67,968,14,440,32,14
"636","2020-03-31",329,8,275,1176,5951,0.594185851117459,1980,8034,704,1347,59,1027,34,474,32,34
"637","2020-04-01",341,8,281,1200,5951,0.594185851117459,1980,8034,704,1347,76,1103,46,520,50,46
"638","2020-04-02",363,8,317,1235,5951,0.594185851117459,1980,8034,704,1347,68,1171,43,563,45,43
"639","2020-04-03",471,8,334,1269,5951,0.594185851117459,1980,8034,704,1347,62,1233,42,605,33,42
"640","2020-04-04",438,8,320,1276,5951,0.594185851117459,1980,8034,704,1347,74,1307,33,638,46,33
"641","2020-04-05",422,8,278,1266,5951,0.594185851117459,1980,8034,704,1347,70,1377,47,685,42,47
"642","2020-04-06",422,8,248,1276,5951,0.594185851117459,1980,8034,704,1347,79,1456,41,726,44,41
"643","2020-04-07",439,8,251,1312,5951,0.594185851117459,1980,8034,704,1347,68,1524,57,783,39,57
"644","2020-04-08",450,8,273,1326,5951,0.594185851117459,1980,8034,704,1347,75,1599,40,823,39,40
"645","2020-04-09",454,8,268,1342,5951,0.594185851117459,1980,8034,704,1347,75,1674,40,863,47,40
"646","2020-04-10",486,8,250,1310,5951,0.594185851117459,1980,8034,704,1347,73,1747,45,908,45,45
"647","2020-04-11",481,8,257,1300,5951,0.594185851117459,1980,8034,704,1347,77,1824,43,951,42,43
"648","2020-04-12",454,8,271,1291,5951,0.594185851117459,1980,8034,704,1347,70,1894,22,973,45,22
"649","2020-04-13",453,8,267,1277,5951,0.594185851117459,1980,8034,704,1347,65,1959,38,1011,35,38
"650","2020-04-14",434,8,249,1270,5951,0.594185851117459,1980,8034,704,1347,71,2030,26,1037,38,26
"651","2020-04-15",418,8,237,1264,5951,0.594185851117459,1980,8034,704,1347,84,2114,23,1060,54,23
"652","2020-04-16",402,8,224,1253,5951,0.594185851117459,1980,8034,704,1347,67,2181,29,1089,41,29
"653","2020-04-17",430,8,224,1238,5951,0.594185851117459,1980,8034,704,1347,77,2258,30,1119,52,30
"654","2020-04-18",439,8,233,1192,5951,0.594185851117459,1980,8034,704,1347,58,2316,24,1143,40,24
"655","2020-04-19",376,8,275,1170,5951,0.594185851117459,1980,8034,704,1347,72,2388,27,1170,40,27
"656","2020-04-20",373,8,271,1143,5951,0.594185851117459,1980,8034,704,1347,78,2466,36,1206,45,36
"657","2020-04-21",380,8,282,1090,5951,0.594185851117459,1980,8034,704,1347,65,2531,40,1246,33,40
"658","2020-04-22",384,8,264,1046,5951,0.594185851117459,1980,8034,704,1347,58,2589,27,1273,30,27
"659","2020-04-23",373,8,264,1002,5951,0.594185851117459,1980,8034,704,1347,69,2658,20,1293,43,20
"660","2020-04-24",363,8,249,958,5951,0.594185851117459,1980,8034,704,1347,70,2728,42,1335,44,42
"661","2020-04-25",386,8,247,916,5951,0.594185851117459,1980,8034,704,1347,60,2788,30,1365,39,30
"662","2020-04-26",369,8,246,879,5951,0.594185851117459,1980,8034,704,1347,59,2847,38,1403,38,38
"663","2020-04-27",345,8,282,822,5951,0.594185851117459,1980,8034,704,1347,56,2903,45,1448,33,45
"664","2020-04-28",321,8,261,783,5951,0.594185851117459,1980,8034,704,1347,61,2964,32,1480,30,32
"665","2020-04-29",305,8,253,739,5951,0.594185851117459,1980,8034,704,1347,70,3034,26,1506,42,26
"666","2020-04-30",299,8,253,737,5951,0.594185851117459,1980,8034,704,1347,66,3100,16,1522,38,16
"667","2020-05-01",300,8,263,721,5951,0.594185851117459,1980,8034,704,1347,69,3169,14,1536,41,14
"668","2020-05-02",257,8,246,705,5951,0.594185851117459,1980,8034,704,1347,60,3229,12,1548,38,12
"669","2020-05-03",241,8,234,665,5951,0.594185851117459,1980,8034,704,1347,54,3283,10,1558,32,10
"670","2020-05-04",246,8,264,637,5951,0.594185851117459,1980,8034,704,1347,48,3331,40,1598,27,40
"671","2020-05-05",236,8,260,632,5951,0.594185851117459,1980,8034,704,1347,43,3374,21,1619,22,21
"672","2020-05-06",227,8,267,624,5951,0.594185851117459,1980,8034,704,1347,57,3431,18,1637,29,18
"673","2020-05-07",229,8,289,607,5951,0.594185851117459,1980,8034,704,1347,56,3487,39,1676,29,39
"674","2020-05-08",189,8,302,596,5951,0.594185851117459,1980,8034,704,1347,35,3522,26,1702,18,26
"675","2020-05-09",196,8,316,562,5951,0.594185851117459,1980,8034,704,1347,47,3569,23,1725,24,23
"676","2020-05-10",201,8,307,545,5951,0.594185851117459,1980,8034,704,1347,59,3628,31,1756,34,31
"677","2020-05-11",191,8,270,517,5951,0.594185851117459,1980,8034,704,1347,40,3668,42,1798,25,42
"678","2020-05-12",185,8,264,487,5951,0.594185851117459,1980,8034,704,1347,40,3708,32,1830,23,32
"679","2020-05-13",176,8,287,469,5951,0.594185851117459,1980,8034,704,1347,46,3754,19,1849,23,19
"680","2020-05-14",169,8,296,446,5951,0.594185851117459,1980,8034,704,1347,44,3798,49,1898,24,49
"681","2020-05-15",183,8,304,431,5951,0.594185851117459,1980,8034,704,1347,35,3833,20,1918,20,20
"682","2020-05-16",177,8,296,416,5951,0.594185851117459,1980,8034,704,1347,42,3875,23,1941,19,23
"683","2020-05-17",155,8,284,390,5951,0.594185851117459,1980,8034,704,1347,33,3908,28,1969,20,28
"684","2020-05-18",153,8,280,377,5951,0.594185851117459,1980,8034,704,1347,29,3937,20,1989,20,20
"685","2020-05-19",145,8,266,379,5951,0.594185851117459,1980,8034,704,1347,32,3969,22,2011,20,22
"686","2020-05-20",145,8,273,374,5951,0.594185851117459,1980,8034,704,1347,31,4000,18,2029,17,18
"687","2020-05-21",140,8,279,362,5951,0.594185851117459,1980,8034,704,1347,41,4041,5,2034,25,5
"688","2020-05-22",129,8,279,354,5951,0.594185851117459,1980,8034,704,1347,26,4067,5,2039,14,5
"689","2020-05-23",123,8,263,345,5951,0.594185851117459,1980,8034,704,1347,24,4091,7,2046,12,7
"690","2020-05-24",102,8,230,315,5951,0.594185851117459,1980,8034,704,1347,27,4118,13,2059,8,13
"691","2020-05-25",96,8,206,306,5951,0.594185851117459,1980,8034,704,1347,27,4145,29,2088,13,29
"692","2020-05-26",98,8,221,313,5951,0.594185851117459,1980,8034,704,1347,25,4170,20,2108,12,20
"693","2020-05-27",101,8,255,296,5951,0.594185851117459,1980,8034,704,1347,19,4189,29,2137,10,29
"694","2020-05-28",101,8,245,276,5951,0.594185851117459,1980,8034,704,1347,15,4204,8,2145,6,8
"695","2020-05-29",115,8,244,274,5951,0.594185851117459,1980,8034,704,1347,17,4221,15,2160,10,15
"696","2020-05-30",104,8,256,263,5951,0.594185851117459,1980,8034,704,1347,15,4236,14,2174,8,14
"697","2020-05-31",93,8,251,252,5951,0.594185851117459,1980,8034,704,1347,9,4245,11,2185,5,11
"698","2020-06-01",92,8,239,233,5951,0.594185851117459,1980,8034,704,1347,19,4264,10,2195,11,10
"699","2020-06-02",83,8,246,218,5951,0.594185851117459,1980,8034,704,1347,12,4276,5,2200,2,5
"700","2020-06-03",77,8,256,209,5951,0.594185851117459,1980,8034,704,1347,28,4304,6,2206,13,6
"701","2020-06-04",76,8,276,193,5951,0.594185851117459,1980,8034,704,1347,19,4323,4,2210,10,4
"702","2020-06-05",58,8,277,184,5951,0.594185851117459,1980,8034,704,1347,12,4335,3,2213,7,3
"703","2020-06-06",63,8,258,182,5951,0.594185851117459,1980,8034,704,1347,21,4356,16,2229,11,16
"704","2020-06-07",66,8,251,168,5951,0.594185851117459,1980,8034,704,1347,17,4373,8,2237,5,8
"705","2020-03-13",1,9,72,26,6146,0.931825577611455,2025,7347,752,884,16,38,6,29,7,6
"706","2020-03-14",4,9,94,39,6146,0.931825577611455,2025,7347,752,884,10,48,26,55,8,26
"707","2020-03-15",3,9,99,67,6146,0.931825577611455,2025,7347,752,884,18,66,26,81,12,26
"708","2020-03-16",4,9,104,93,6146,0.931825577611455,2025,7347,752,884,17,83,36,117,11,36
"709","2020-03-17",7,9,88,131,6146,0.931825577611455,2025,7347,752,884,29,112,17,134,28,17
"710","2020-03-18",13,9,90,162,6146,0.931825577611455,2025,7347,752,884,20,132,18,152,17,18
"711","2020-03-19",19,9,102,197,6146,0.931825577611455,2025,7347,752,884,35,167,42,194,28,42
"712","2020-03-20",32,9,104,248,6146,0.931825577611455,2025,7347,752,884,45,212,26,220,39,26
"713","2020-03-21",47,9,88,314,6146,0.931825577611455,2025,7347,752,884,54,266,46,266,49,46
"714","2020-03-22",63,9,90,382,6146,0.931825577611455,2025,7347,752,884,47,313,60,326,40,60
"715","2020-03-23",78,9,91,432,6146,0.931825577611455,2025,7347,752,884,55,368,28,354,48,28
"716","2020-03-24",88,9,84,472,6146,0.931825577611455,2025,7347,752,884,66,434,20,374,59,20
"717","2020-03-25",96,9,80,524,6146,0.931825577611455,2025,7347,752,884,78,512,11,385,72,11
"718","2020-03-26",107,9,105,588,6146,0.931825577611455,2025,7347,752,884,81,593,18,403,73,18
"719","2020-03-27",153,9,131,657,6146,0.931825577611455,2025,7347,752,884,79,672,20,423,75,20
"720","2020-03-28",189,9,120,719,6146,0.931825577611455,2025,7347,752,884,88,760,9,432,84,9
"721","2020-03-29",212,9,114,793,6146,0.931825577611455,2025,7347,752,884,76,836,11,443,73,11
"722","2020-03-30",209,9,127,854,6146,0.931825577611455,2025,7347,752,884,85,921,49,492,76,49
"723","2020-03-31",218,9,126,929,6146,0.931825577611455,2025,7347,752,884,99,1020,30,522,97,30
"724","2020-04-01",231,9,137,1042,6146,0.931825577611455,2025,7347,752,884,106,1126,24,546,99,24
"725","2020-04-02",249,9,122,1125,6146,0.931825577611455,2025,7347,752,884,119,1245,38,584,112,38
"726","2020-04-03",325,9,123,1235,6146,0.931825577611455,2025,7347,752,884,122,1367,22,606,118,22
"727","2020-04-04",354,9,146,1316,6146,0.931825577611455,2025,7347,752,884,132,1499,9,615,128,9
"728","2020-04-05",404,9,188,1373,6146,0.931825577611455,2025,7347,752,884,141,1640,8,623,129,8
"729","2020-04-06",429,9,214,1447,6146,0.931825577611455,2025,7347,752,884,122,1762,8,631,115,8
"730","2020-04-07",419,9,210,1555,6146,0.931825577611455,2025,7347,752,884,170,1932,11,642,166,11
"731","2020-04-08",447,9,220,1603,6146,0.931825577611455,2025,7347,752,884,130,2062,68,710,122,68
"732","2020-04-09",466,9,196,1639,6146,0.931825577611455,2025,7347,752,884,157,2219,57,767,152,57
"733","2020-04-10",559,9,222,1711,6146,0.931825577611455,2025,7347,752,884,156,2375,43,810,149,43
"734","2020-04-11",575,9,240,1748,6146,0.931825577611455,2025,7347,752,884,111,2486,40,850,106,40
"735","2020-04-12",539,9,244,1787,6146,0.931825577611455,2025,7347,752,884,155,2641,36,886,150,36
"736","2020-04-13",525,9,273,1768,6146,0.931825577611455,2025,7347,752,884,137,2778,34,920,131,34
"737","2020-04-14",542,9,269,1792,6146,0.931825577611455,2025,7347,752,884,149,2927,20,940,146,20
"738","2020-04-15",556,9,263,1754,6146,0.931825577611455,2025,7347,752,884,140,3067,18,958,136,18
"739","2020-04-16",567,9,236,1744,6146,0.931825577611455,2025,7347,752,884,103,3170,33,991,99,33
"740","2020-04-17",620,9,224,1729,6146,0.931825577611455,2025,7347,752,884,160,3330,46,1037,156,46
"741","2020-04-18",646,9,244,1689,6146,0.931825577611455,2025,7347,752,884,141,3471,22,1059,138,22
"742","2020-04-19",613,9,237,1688,6146,0.931825577611455,2025,7347,752,884,127,3598,14,1073,127,14
"743","2020-04-20",612,9,229,1661,6146,0.931825577611455,2025,7347,752,884,129,3727,51,1124,122,51
"744","2020-04-21",604,9,191,1633,6146,0.931825577611455,2025,7347,752,884,100,3827,82,1206,97,82
"745","2020-04-22",586,9,183,1557,6146,0.931825577611455,2025,7347,752,884,120,3947,81,1287,114,81
"746","2020-04-23",587,9,201,1490,6146,0.931825577611455,2025,7347,752,884,111,4058,61,1348,107,61
"747","2020-04-24",576,9,188,1404,6146,0.931825577611455,2025,7347,752,884,110,4168,54,1402,104,54
"748","2020-04-25",545,9,183,1342,6146,0.931825577611455,2025,7347,752,884,102,4270,54,1456,100,54
"749","2020-04-26",495,9,218,1258,6146,0.931825577611455,2025,7347,752,884,85,4355,40,1496,74,40
"750","2020-04-27",468,9,220,1207,6146,0.931825577611455,2025,7347,752,884,102,4457,39,1535,99,39
"751","2020-04-28",443,9,233,1135,6146,0.931825577611455,2025,7347,752,884,93,4550,28,1563,90,28
"752","2020-04-29",421,9,218,1083,6146,0.931825577611455,2025,7347,752,884,59,4609,18,1581,54,18
"753","2020-04-30",400,9,210,1033,6146,0.931825577611455,2025,7347,752,884,65,4674,12,1593,57,12
"754","2020-05-01",369,9,204,974,6146,0.931825577611455,2025,7347,752,884,61,4735,9,1602,58,9
"755","2020-05-02",352,9,185,884,6146,0.931825577611455,2025,7347,752,884,53,4788,14,1616,50,14
"756","2020-05-03",328,9,160,825,6146,0.931825577611455,2025,7347,752,884,55,4843,12,1628,51,12
"757","2020-05-04",322,9,142,780,6146,0.931825577611455,2025,7347,752,884,60,4903,17,1645,58,17
"758","2020-05-05",321,9,137,733,6146,0.931825577611455,2025,7347,752,884,41,4944,60,1705,40,60
"759","2020-05-06",315,9,174,693,6146,0.931825577611455,2025,7347,752,884,62,5006,64,1769,60,64
"760","2020-05-07",297,9,209,667,6146,0.931825577611455,2025,7347,752,884,38,5044,43,1812,34,43
"761","2020-05-08",273,9,225,601,6146,0.931825577611455,2025,7347,752,884,41,5085,14,1826,40,14
"762","2020-05-09",263,9,228,559,6146,0.931825577611455,2025,7347,752,884,30,5115,13,1839,26,13
"763","2020-05-10",240,9,226,511,6146,0.931825577611455,2025,7347,752,884,34,5149,14,1853,32,14
"764","2020-05-11",226,9,206,475,6146,0.931825577611455,2025,7347,752,884,29,5178,17,1870,25,17
"765","2020-05-12",205,9,198,427,6146,0.931825577611455,2025,7347,752,884,29,5207,43,1913,23,43
"766","2020-05-13",203,9,207,394,6146,0.931825577611455,2025,7347,752,884,30,5237,25,1938,28,25
"767","2020-05-14",189,9,209,366,6146,0.931825577611455,2025,7347,752,884,30,5267,22,1960,27,22
"768","2020-05-15",158,9,194,352,6146,0.931825577611455,2025,7347,752,884,27,5294,15,1975,26,15
"769","2020-05-16",160,9,204,327,6146,0.931825577611455,2025,7347,752,884,22,5316,15,1990,19,15
"770","2020-05-17",139,9,216,307,6146,0.931825577611455,2025,7347,752,884,11,5327,43,2033,10,43
"771","2020-05-18",123,9,209,279,6146,0.931825577611455,2025,7347,752,884,25,5352,23,2056,24,23
"772","2020-05-19",108,9,193,252,6146,0.931825577611455,2025,7347,752,884,21,5373,20,2076,16,20
"773","2020-05-20",98,9,185,226,6146,0.931825577611455,2025,7347,752,884,23,5396,15,2091,21,15
"774","2020-05-21",90,9,181,214,6146,0.931825577611455,2025,7347,752,884,17,5413,13,2104,13,13
"775","2020-05-22",77,9,153,199,6146,0.931825577611455,2025,7347,752,884,13,5426,29,2133,12,29
"776","2020-05-23",71,9,147,186,6146,0.931825577611455,2025,7347,752,884,23,5449,29,2162,21,29
"777","2020-05-24",66,9,161,172,6146,0.931825577611455,2025,7347,752,884,14,5463,29,2191,11,29
"778","2020-05-25",62,9,176,154,6146,0.931825577611455,2025,7347,752,884,11,5474,23,2214,11,23
"779","2020-05-26",62,9,163,145,6146,0.931825577611455,2025,7347,752,884,12,5486,13,2227,9,13
"780","2020-05-27",57,9,144,136,6146,0.931825577611455,2025,7347,752,884,11,5497,21,2248,10,21
"781","2020-05-28",54,9,128,124,6146,0.931825577611455,2025,7347,752,884,13,5510,8,2256,10,8
"782","2020-05-29",50,9,133,111,6146,0.931825577611455,2025,7347,752,884,13,5523,14,2270,10,14
"783","2020-05-30",40,9,152,111,6146,0.931825577611455,2025,7347,752,884,5,5528,7,2277,4,7
"784","2020-05-31",31,9,143,103,6146,0.931825577611455,2025,7347,752,884,7,5535,40,2317,6,40
"785","2020-06-01",28,9,121,102,6146,0.931825577611455,2025,7347,752,884,8,5543,38,2355,8,38
"786","2020-06-02",25,9,106,99,6146,0.931825577611455,2025,7347,752,884,12,5555,23,2378,9,23
"787","2020-06-03",22,9,101,93,6146,0.931825577611455,2025,7347,752,884,9,5564,29,2407,7,29
"788","2020-06-04",23,9,100,90,6146,0.931825577611455,2025,7347,752,884,9,5573,26,2433,7,26
"789","2020-06-05",25,9,116,88,6146,0.931825577611455,2025,7347,752,884,8,5581,45,2478,8,45
"790","2020-06-06",32,9,125,83,6146,0.931825577611455,2025,7347,752,884,5,5586,39,2517,5,39
"791","2020-06-07",32,9,122,84,6146,0.931825577611455,2025,7347,752,884,5,5591,18,2535,4,18
"792","2020-03-14",4,10,47,25,5882,0.90649438966338,2010,7275,691,1009,32,98,13,38,8,13
"793","2020-03-15",4,10,56,36,5882,0.90649438966338,2010,7275,691,1009,34,132,2,40,17,2
"794","2020-03-16",3,10,75,50,5882,0.90649438966338,2010,7275,691,1009,48,180,10,50,21,10
"795","2020-03-17",6,10,72,65,5882,0.90649438966338,2010,7275,691,1009,45,225,10,60,31,10
"796","2020-03-18",10,10,74,91,5882,0.90649438966338,2010,7275,691,1009,43,268,27,87,27,27
"797","2020-03-19",12,10,61,112,5882,0.90649438966338,2010,7275,691,1009,57,325,25,112,34,25
"798","2020-03-20",19,10,52,132,5882,0.90649438966338,2010,7275,691,1009,66,391,14,126,41,14
"799","2020-03-21",32,10,56,151,5882,0.90649438966338,2010,7275,691,1009,58,449,24,150,43,24
"800","2020-03-22",38,10,54,180,5882,0.90649438966338,2010,7275,691,1009,84,533,22,172,63,22
"801","2020-03-23",38,10,56,213,5882,0.90649438966338,2010,7275,691,1009,61,594,21,193,44,21
"802","2020-03-24",39,10,56,275,5882,0.90649438966338,2010,7275,691,1009,102,696,20,213,73,20
"803","2020-03-25",45,10,49,308,5882,0.90649438966338,2010,7275,691,1009,82,778,31,244,62,31
"804","2020-03-26",54,10,55,353,5882,0.90649438966338,2010,7275,691,1009,70,848,35,279,50,35
"805","2020-03-27",81,10,59,393,5882,0.90649438966338,2010,7275,691,1009,90,938,25,304,67,25
"806","2020-03-28",92,10,59,459,5882,0.90649438966338,2010,7275,691,1009,103,1041,26,330,85,26
"807","2020-03-29",113,10,65,491,5882,0.90649438966338,2010,7275,691,1009,95,1136,18,348,72,18
"808","2020-03-30",116,10,102,561,5882,0.90649438966338,2010,7275,691,1009,114,1250,13,361,92,13
"809","2020-03-31",121,10,101,605,5882,0.90649438966338,2010,7275,691,1009,127,1377,11,372,103,11
"810","2020-04-01",131,10,103,655,5882,0.90649438966338,2010,7275,691,1009,81,1458,16,388,57,16
"811","2020-04-02",145,10,100,723,5882,0.90649438966338,2010,7275,691,1009,143,1601,8,396,118,8
"812","2020-04-03",193,10,101,800,5882,0.90649438966338,2010,7275,691,1009,113,1714,11,407,87,11
"813","2020-04-04",225,10,125,908,5882,0.90649438966338,2010,7275,691,1009,108,1822,15,422,83,15
"814","2020-04-05",256,10,131,977,5882,0.90649438966338,2010,7275,691,1009,120,1942,30,452,96,30
"815","2020-04-06",270,10,131,1029,5882,0.90649438966338,2010,7275,691,1009,103,2045,22,474,83,22
"816","2020-04-07",285,10,158,1103,5882,0.90649438966338,2010,7275,691,1009,94,2139,35,509,75,35
"817","2020-04-08",307,10,155,1177,5882,0.90649438966338,2010,7275,691,1009,145,2284,34,543,115,34
"818","2020-04-09",327,10,155,1276,5882,0.90649438966338,2010,7275,691,1009,105,2389,25,568,89,25
"819","2020-04-10",403,10,188,1355,5882,0.90649438966338,2010,7275,691,1009,127,2516,24,592,107,24
"820","2020-04-11",480,10,179,1428,5882,0.90649438966338,2010,7275,691,1009,116,2632,25,617,92,25
"821","2020-04-12",471,10,181,1512,5882,0.90649438966338,2010,7275,691,1009,152,2784,13,630,126,13
"822","2020-04-13",459,10,216,1566,5882,0.90649438966338,2010,7275,691,1009,110,2894,15,645,93,15
"823","2020-04-14",472,10,207,1606,5882,0.90649438966338,2010,7275,691,1009,124,3018,26,671,99,26
"824","2020-04-15",488,10,210,1717,5882,0.90649438966338,2010,7275,691,1009,121,3139,21,692,100,21
"825","2020-04-16",506,10,205,1761,5882,0.90649438966338,2010,7275,691,1009,99,3238,12,704,76,12
"826","2020-04-17",625,10,180,1743,5882,0.90649438966338,2010,7275,691,1009,135,3373,9,713,114,9
"827","2020-04-18",606,10,174,1732,5882,0.90649438966338,2010,7275,691,1009,102,3475,35,748,84,35
"828","2020-04-19",562,10,176,1735,5882,0.90649438966338,2010,7275,691,1009,117,3592,13,761,93,13
"829","2020-04-20",568,10,173,1730,5882,0.90649438966338,2010,7275,691,1009,115,3707,35,796,98,35
"830","2020-04-21",567,10,191,1705,5882,0.90649438966338,2010,7275,691,1009,90,3797,46,842,69,46
"831","2020-04-22",556,10,188,1684,5882,0.90649438966338,2010,7275,691,1009,88,3885,23,865,64,23
"832","2020-04-23",568,10,160,1642,5882,0.90649438966338,2010,7275,691,1009,72,3957,30,895,57,30
"833","2020-04-24",596,10,149,1624,5882,0.90649438966338,2010,7275,691,1009,90,4047,27,922,71,27
"834","2020-04-25",604,10,155,1572,5882,0.90649438966338,2010,7275,691,1009,86,4133,26,948,69,26
"835","2020-04-26",558,10,185,1517,5882,0.90649438966338,2010,7275,691,1009,68,4201,21,969,54,21
"836","2020-04-27",542,10,178,1476,5882,0.90649438966338,2010,7275,691,1009,60,4261,39,1008,45,39
"837","2020-04-28",534,10,187,1425,5882,0.90649438966338,2010,7275,691,1009,68,4329,41,1049,55,41
"838","2020-04-29",535,10,223,1341,5882,0.90649438966338,2010,7275,691,1009,67,4396,28,1077,51,28
"839","2020-04-30",511,10,231,1273,5882,0.90649438966338,2010,7275,691,1009,56,4452,19,1096,40,19
"840","2020-05-01",476,10,201,1230,5882,0.90649438966338,2010,7275,691,1009,68,4520,43,1139,42,43
"841","2020-05-02",445,10,177,1136,5882,0.90649438966338,2010,7275,691,1009,63,4583,51,1190,48,51
"842","2020-05-03",434,10,176,1079,5882,0.90649438966338,2010,7275,691,1009,54,4637,54,1244,42,54
"843","2020-05-04",424,10,189,1039,5882,0.90649438966338,2010,7275,691,1009,45,4682,28,1272,30,28
"844","2020-05-05",392,10,187,977,5882,0.90649438966338,2010,7275,691,1009,43,4725,18,1290,34,18
"845","2020-05-06",379,10,179,901,5882,0.90649438966338,2010,7275,691,1009,44,4769,33,1323,32,33
"846","2020-05-07",370,10,184,830,5882,0.90649438966338,2010,7275,691,1009,49,4818,22,1345,34,22
"847","2020-05-08",317,10,198,772,5882,0.90649438966338,2010,7275,691,1009,47,4865,27,1372,30,27
"848","2020-05-09",309,10,233,721,5882,0.90649438966338,2010,7275,691,1009,37,4902,18,1390,25,18
"849","2020-05-10",281,10,230,654,5882,0.90649438966338,2010,7275,691,1009,41,4943,8,1398,28,8
"850","2020-05-11",259,10,204,588,5882,0.90649438966338,2010,7275,691,1009,33,4976,5,1403,20,5
"851","2020-05-12",246,10,202,542,5882,0.90649438966338,2010,7275,691,1009,37,5013,1,1404,23,1
"852","2020-05-13",232,10,219,508,5882,0.90649438966338,2010,7275,691,1009,25,5038,3,1407,15,3
"853","2020-05-14",208,10,212,472,5882,0.90649438966338,2010,7275,691,1009,24,5062,12,1419,15,12
"854","2020-05-15",185,10,209,438,5882,0.90649438966338,2010,7275,691,1009,34,5096,29,1448,22,29
"855","2020-05-16",193,10,197,404,5882,0.90649438966338,2010,7275,691,1009,29,5125,39,1487,20,39
"856","2020-05-17",169,10,209,400,5882,0.90649438966338,2010,7275,691,1009,29,5154,34,1521,14,34
"857","2020-05-18",168,10,199,376,5882,0.90649438966338,2010,7275,691,1009,25,5179,39,1560,14,39
"858","2020-05-19",163,10,207,338,5882,0.90649438966338,2010,7275,691,1009,18,5197,33,1593,13,33
"859","2020-05-20",154,10,230,308,5882,0.90649438966338,2010,7275,691,1009,16,5213,28,1621,11,28
"860","2020-05-21",144,10,228,287,5882,0.90649438966338,2010,7275,691,1009,28,5241,23,1644,14,23
"861","2020-05-22",133,10,194,256,5882,0.90649438966338,2010,7275,691,1009,24,5265,27,1671,14,27
"862","2020-05-23",103,10,178,233,5882,0.90649438966338,2010,7275,691,1009,17,5282,22,1693,7,22
"863","2020-05-24",93,10,179,224,5882,0.90649438966338,2010,7275,691,1009,22,5304,23,1716,12,23
"864","2020-05-25",81,10,183,200,5882,0.90649438966338,2010,7275,691,1009,18,5322,20,1736,8,20
"865","2020-05-26",68,10,203,184,5882,0.90649438966338,2010,7275,691,1009,12,5334,41,1777,5,41
"866","2020-05-27",63,10,217,166,5882,0.90649438966338,2010,7275,691,1009,14,5348,38,1815,9,38
"867","2020-05-28",64,10,211,150,5882,0.90649438966338,2010,7275,691,1009,14,5362,34,1849,9,34
"868","2020-05-29",56,10,218,137,5882,0.90649438966338,2010,7275,691,1009,17,5379,23,1872,12,23
"869","2020-05-30",56,10,225,127,5882,0.90649438966338,2010,7275,691,1009,20,5399,19,1891,11,19
"870","2020-05-31",45,10,224,127,5882,0.90649438966338,2010,7275,691,1009,16,5415,13,1904,4,13
"871","2020-06-01",41,10,191,121,5882,0.90649438966338,2010,7275,691,1009,13,5428,12,1916,4,12
"872","2020-06-02",41,10,174,107,5882,0.90649438966338,2010,7275,691,1009,5,5433,19,1935,1,19
"873","2020-06-03",41,10,146,103,5882,0.90649438966338,2010,7275,691,1009,9,5442,12,1947,6,12
"874","2020-06-04",33,10,136,95,5882,0.90649438966338,2010,7275,691,1009,20,5462,17,1964,7,17
"875","2020-06-05",34,10,138,85,5882,0.90649438966338,2010,7275,691,1009,7,5469,24,1988,2,24
"876","2020-06-06",32,10,151,76,5882,0.90649438966338,2010,7275,691,1009,22,5491,16,2004,10,16
"877","2020-06-07",35,10,141,71,5882,0.90649438966338,2010,7275,691,1009,15,5506,25,2029,10,25
"878","2020-03-08",1,11,0,0,6652,0.724443776307877,1980,7048,787,842,NA,NA,NA,NA,NA,NA
"879","2020-03-09",1,11,0,0,6652,0.724443776307877,1980,7048,787,842,NA,NA,NA,NA,NA,NA
"880","2020-03-10",0,11,0,0,6652,0.724443776307877,1980,7048,787,842,NA,NA,8,8,NA,8
"881","2020-03-11",0,11,0,0,6652,0.724443776307877,1980,7048,787,842,33,33,22,30,1,22
"882","2020-03-12",0,11,0,0,6652,0.724443776307877,1980,7048,787,842,43,76,43,73,2,43
"883","2020-03-13",3,11,87,90,6652,0.724443776307877,1980,7048,787,842,47,123,55,128,7,55
"884","2020-03-14",10,11,101,134,6652,0.724443776307877,1980,7048,787,842,50,173,49,177,16,49
"885","2020-03-15",13,11,92,173,6652,0.724443776307877,1980,7048,787,842,64,237,38,215,16,38
"886","2020-03-16",16,11,86,218,6652,0.724443776307877,1980,7048,787,842,64,301,42,257,26,42
"887","2020-03-17",20,11,90,283,6652,0.724443776307877,1980,7048,787,842,73,374,44,301,39,44
"888","2020-03-18",28,11,73,336,6652,0.724443776307877,1980,7048,787,842,82,456,43,344,32,43
"889","2020-03-19",37,11,75,403,6652,0.724443776307877,1980,7048,787,842,87,543,51,395,43,51
"890","2020-03-20",57,11,79,473,6652,0.724443776307877,1980,7048,787,842,100,643,45,440,51,45
"891","2020-03-21",98,11,110,566,6652,0.724443776307877,1980,7048,787,842,92,735,42,482,57,42
"892","2020-03-22",132,11,137,662,6652,0.724443776307877,1980,7048,787,842,84,819,41,523,47,41
"893","2020-03-23",156,11,145,756,6652,0.724443776307877,1980,7048,787,842,85,904,38,561,59,38
"894","2020-03-24",180,11,156,854,6652,0.724443776307877,1980,7048,787,842,110,1014,51,612,76,52
"895","2020-03-25",198,11,169,952,6652,0.724443776307877,1980,7048,787,842,128,1142,51,663,78,51
"896","2020-03-26",228,11,165,1085,6652,0.724443776307877,1980,7048,787,842,129,1271,54,717,87,54
"897","2020-03-27",316,11,155,1197,6652,0.724443776307877,1980,7048,787,842,139,1410,43,760,97,43
"898","2020-03-28",344,11,142,1315,6652,0.724443776307877,1980,7048,787,842,131,1541,60,820,107,60
"899","2020-03-29",367,11,170,1404,6652,0.724443776307877,1980,7048,787,842,118,1659,53,873,75,53
"900","2020-03-30",364,11,154,1537,6652,0.724443776307877,1980,7048,787,842,116,1775,47,920,83,47
"901","2020-03-31",369,11,149,1639,6652,0.724443776307877,1980,7048,787,842,123,1898,45,965,88,45
"902","2020-04-01",414,11,128,1717,6652,0.724443776307877,1980,7048,787,842,120,2018,33,998,78,33
"903","2020-04-02",440,11,116,1810,6652,0.724443776307877,1980,7048,787,842,125,2143,57,1055,87,57
"904","2020-04-03",563,11,152,1861,6652,0.724443776307877,1980,7048,787,842,130,2273,30,1085,93,30
"905","2020-04-04",593,11,144,1922,6652,0.724443776307877,1980,7048,787,842,134,2407,28,1113,91,28
"906","2020-04-05",579,11,130,1948,6652,0.724443776307877,1980,7048,787,842,123,2530,26,1139,86,26
"907","2020-04-06",598,11,119,1984,6652,0.724443776307877,1980,7048,787,842,145,2675,29,1168,99,29
"908","2020-04-07",634,11,119,2075,6652,0.724443776307877,1980,7048,787,842,117,2792,29,1197,81,29
"909","2020-04-08",629,11,137,2052,6652,0.724443776307877,1980,7048,787,842,139,2931,55,1252,101,55
"910","2020-04-09",628,11,140,2063,6652,0.724443776307877,1980,7048,787,842,120,3051,36,1288,81,36
"911","2020-04-10",729,11,188,2041,6652,0.724443776307877,1980,7048,787,842,133,3184,45,1333,96,45
"912","2020-04-11",736,11,195,2022,6652,0.724443776307877,1980,7048,787,842,103,3287,51,1384,75,51
"913","2020-04-12",688,11,189,1955,6652,0.724443776307877,1980,7048,787,842,95,3382,47,1431,64,47
"914","2020-04-13",684,11,209,1907,6652,0.724443776307877,1980,7048,787,842,94,3476,54,1485,63,54
"915","2020-04-14",645,11,179,1876,6652,0.724443776307877,1980,7048,787,842,95,3571,59,1544,61,59
"916","2020-04-15",657,11,175,1804,6652,0.724443776307877,1980,7048,787,842,81,3652,41,1585,43,41
"917","2020-04-16",650,11,168,1731,6652,0.724443776307877,1980,7048,787,842,114,3766,44,1629,75,44
"918","2020-04-17",647,11,217,1635,6652,0.724443776307877,1980,7048,787,842,99,3865,48,1677,60,48
"919","2020-04-18",615,11,200,1557,6652,0.724443776307877,1980,7048,787,842,95,3960,27,1704,57,27
"920","2020-04-19",552,11,192,1449,6652,0.724443776307877,1980,7048,787,842,72,4032,38,1742,42,38
"921","2020-04-20",535,11,221,1380,6652,0.724443776307877,1980,7048,787,842,74,4106,31,1773,42,31
"922","2020-04-21",523,11,243,1268,6652,0.724443776307877,1980,7048,787,842,72,4178,31,1804,48,31
"923","2020-04-22",484,11,263,1196,6652,0.724443776307877,1980,7048,787,842,92,4270,33,1837,45,33
"924","2020-04-23",466,11,248,1136,6652,0.724443776307877,1980,7048,787,842,69,4339,46,1883,43,46
"925","2020-04-24",392,11,218,1051,6652,0.724443776307877,1980,7048,787,842,71,4410,32,1915,40,32
"926","2020-04-25",375,11,182,982,6652,0.724443776307877,1980,7048,787,842,68,4478,45,1960,40,45
"927","2020-04-26",373,11,161,898,6652,0.724443776307877,1980,7048,787,842,71,4549,44,2004,42,44
"928","2020-04-27",357,11,139,827,6652,0.724443776307877,1980,7048,787,842,63,4612,42,2046,30,42
"929","2020-04-28",320,11,123,751,6652,0.724443776307877,1980,7048,787,842,75,4687,44,2090,38,44
"930","2020-04-29",306,11,104,686,6652,0.724443776307877,1980,7048,787,842,62,4749,35,2125,25,35
"931","2020-04-30",293,11,103,623,6652,0.724443776307877,1980,7048,787,842,66,4815,29,2154,37,29
"932","2020-05-01",249,11,104,587,6652,0.724443776307877,1980,7048,787,842,50,4865,20,2174,32,20
"933","2020-05-02",238,11,157,540,6652,0.724443776307877,1980,7048,787,842,55,4920,35,2209,24,35
"934","2020-05-03",199,11,174,497,6652,0.724443776307877,1980,7048,787,842,54,4974,29,2238,27,29
"935","2020-05-04",173,11,203,464,6652,0.724443776307877,1980,7048,787,842,49,5023,51,2289,18,51
"936","2020-05-05",164,11,209,426,6652,0.724443776307877,1980,7048,787,842,39,5062,64,2353,24,64
"937","2020-05-06",154,11,232,391,6652,0.724443776307877,1980,7048,787,842,39,5101,53,2406,12,53
"938","2020-05-07",141,11,258,378,6652,0.724443776307877,1980,7048,787,842,43,5144,36,2442,20,36
"939","2020-05-08",126,11,258,351,6652,0.724443776307877,1980,7048,787,842,45,5189,61,2503,20,61
"940","2020-05-09",136,11,241,333,6652,0.724443776307877,1980,7048,787,842,51,5240,34,2537,27,34
"941","2020-05-10",116,11,250,320,6652,0.724443776307877,1980,7048,787,842,47,5287,57,2594,25,57
"942","2020-05-11",113,11,240,295,6652,0.724443776307877,1980,7048,787,842,25,5312,67,2661,13,67
"943","2020-05-12",116,11,209,291,6652,0.724443776307877,1980,7048,787,842,48,5360,48,2709,21,48
"944","2020-05-13",108,11,199,281,6652,0.724443776307877,1980,7048,787,842,37,5397,36,2745,22,36
"945","2020-05-14",100,11,182,262,6652,0.724443776307877,1980,7048,787,842,39,5436,53,2798,23,53
"946","2020-05-15",104,11,185,274,6652,0.724443776307877,1980,7048,787,842,38,5474,42,2840,19,42
"947","2020-05-16",88,11,204,255,6652,0.724443776307877,1980,7048,787,842,27,5501,49,2889,10,49
"948","2020-05-17",80,11,179,246,6652,0.724443776307877,1980,7048,787,842,37,5538,33,2922,18,33
"949","2020-05-18",72,11,161,236,6652,0.724443776307877,1980,7048,787,842,32,5570,67,2989,18,67
"950","2020-05-19",69,11,139,223,6652,0.724443776307877,1980,7048,787,842,30,5600,46,3035,13,46
"951","2020-05-20",71,11,147,211,6652,0.724443776307877,1980,7048,787,842,30,5630,57,3092,11,57
"952","2020-05-21",78,11,143,198,6652,0.724443776307877,1980,7048,787,842,30,5660,35,3127,15,35
"953","2020-05-22",70,11,139,180,6652,0.724443776307877,1980,7048,787,842,18,5678,38,3165,8,38
"954","2020-05-23",70,11,168,170,6652,0.724443776307877,1980,7048,787,842,27,5705,37,3202,15,37
"955","2020-05-24",69,11,187,160,6652,0.724443776307877,1980,7048,787,842,19,5724,62,3264,5,62
"956","2020-05-25",64,11,186,157,6652,0.724443776307877,1980,7048,787,842,19,5743,41,3305,4,41
"957","2020-05-26",52,11,182,150,6652,0.724443776307877,1980,7048,787,842,18,5761,58,3363,11,58
"958","2020-05-27",44,11,172,143,6652,0.724443776307877,1980,7048,787,842,13,5774,45,3408,4,45
"959","2020-05-28",38,11,178,135,6652,0.724443776307877,1980,7048,787,842,17,5791,29,3437,4,29
"960","2020-05-29",36,11,175,129,6652,0.724443776307877,1980,7048,787,842,12,5803,33,3470,6,33
"961","2020-05-30",35,11,192,115,6652,0.724443776307877,1980,7048,787,842,15,5818,58,3528,6,58
"962","2020-05-31",29,11,197,108,6652,0.724443776307877,1980,7048,787,842,11,5829,43,3571,1,43
"963","2020-06-01",28,11,192,102,6652,0.724443776307877,1980,7048,787,842,14,5843,42,3613,9,42
"964","2020-06-02",29,11,191,91,6652,0.724443776307877,1980,7048,787,842,9,5852,33,3646,4,33
"965","2020-06-03",31,11,178,84,6652,0.724443776307877,1980,7048,787,842,5,5857,29,3675,2,29
"966","2020-06-04",32,11,162,74,6652,0.724443776307877,1980,7048,787,842,11,5868,49,3724,5,49
"967","2020-06-05",32,11,162,73,6652,0.724443776307877,1980,7048,787,842,10,5878,41,3765,7,41
"968","2020-06-06",31,11,167,69,6652,0.724443776307877,1980,7048,787,842,11,5889,57,3822,6,57
"969","2020-06-07",32,11,140,69,6652,0.724443776307877,1980,7048,787,842,5,5894,35,3857,1,35
"970","2020-03-13",2,12,63,102,5663,0.492318559067632,2055,7912,553,726,19,57,11,29,6,11
"971","2020-03-14",14,12,66,147,5663,0.492318559067632,2055,7912,553,726,33,90,16,45,14,16
"972","2020-03-15",18,12,74,185,5663,0.492318559067632,2055,7912,553,726,23,113,24,69,16,24
"973","2020-03-16",22,12,83,237,5663,0.492318559067632,2055,7912,553,726,47,160,34,103,27,34
"974","2020-03-17",28,12,102,302,5663,0.492318559067632,2055,7912,553,726,44,204,33,136,29,33
"975","2020-03-18",35,12,110,371,5663,0.492318559067632,2055,7912,553,726,29,233,41,177,15,41
"976","2020-03-19",50,12,118,442,5663,0.492318559067632,2055,7912,553,726,60,293,20,197,35,20
"977","2020-03-20",74,12,127,502,5663,0.492318559067632,2055,7912,553,726,56,349,30,227,40,30
"978","2020-03-21",104,12,133,572,5663,0.492318559067632,2055,7912,553,726,58,407,39,266,39,39
"979","2020-03-22",148,12,116,629,5663,0.492318559067632,2055,7912,553,726,73,480,29,295,54,29
"980","2020-03-23",143,12,126,689,5663,0.492318559067632,2055,7912,553,726,65,545,26,321,48,26
"981","2020-03-24",149,12,125,716,5663,0.492318559067632,2055,7912,553,726,69,614,31,352,48,31
"982","2020-03-25",161,12,134,779,5663,0.492318559067632,2055,7912,553,726,85,699,41,393,66,41
"983","2020-03-26",174,12,130,804,5663,0.492318559067632,2055,7912,553,726,89,788,17,410,67,17
"984","2020-03-27",238,12,138,847,5663,0.492318559067632,2055,7912,553,726,80,868,17,427,66,17
"985","2020-03-28",262,12,148,886,5663,0.492318559067632,2055,7912,553,726,99,967,23,450,81,23
"986","2020-03-29",246,12,164,913,5663,0.492318559067632,2055,7912,553,726,85,1052,21,471,68,21
"987","2020-03-30",257,12,175,945,5663,0.492318559067632,2055,7912,553,726,84,1136,26,497,64,26
"988","2020-03-31",262,12,171,983,5663,0.492318559067632,2055,7912,553,726,111,1247,8,505,96,8
"989","2020-04-01",271,12,179,1023,5663,0.492318559067632,2055,7912,553,726,92,1339,38,543,75,38
"990","2020-04-02",291,12,189,1059,5663,0.492318559067632,2055,7912,553,726,97,1436,12,555,79,12
"991","2020-04-03",354,12,196,1078,5663,0.492318559067632,2055,7912,553,726,99,1535,21,576,83,21
"992","2020-04-04",344,12,199,1084,5663,0.492318559067632,2055,7912,553,726,101,1636,9,585,77,9
"993","2020-04-05",373,12,181,1094,5663,0.492318559067632,2055,7912,553,726,100,1736,18,603,78,18
"994","2020-04-06",383,12,175,1075,5663,0.492318559067632,2055,7912,553,726,105,1841,58,661,88,58
"995","2020-04-07",389,12,171,1060,5663,0.492318559067632,2055,7912,553,726,119,1960,52,713,94,52
"996","2020-04-08",403,12,166,1072,5663,0.492318559067632,2055,7912,553,726,100,2060,46,759,85,46
"997","2020-04-09",395,12,163,1070,5663,0.492318559067632,2055,7912,553,726,103,2163,39,798,88,39
"998","2020-04-10",418,12,186,1087,5663,0.492318559067632,2055,7912,553,726,123,2286,38,836,97,38
"999","2020-04-11",434,12,199,1103,5663,0.492318559067632,2055,7912,553,726,91,2377,37,873,73,37
"1000","2020-04-12",374,12,211,1090,5663,0.492318559067632,2055,7912,553,726,103,2480,35,908,85,35
"1001","2020-04-13",355,12,222,1079,5663,0.492318559067632,2055,7912,553,726,86,2566,26,934,71,26
"1002","2020-04-14",343,12,227,1082,5663,0.492318559067632,2055,7912,553,726,126,2692,8,942,108,8
"1003","2020-04-15",341,12,208,1076,5663,0.492318559067632,2055,7912,553,726,100,2792,28,970,78,28
"1004","2020-04-16",341,12,187,1055,5663,0.492318559067632,2055,7912,553,726,89,2881,45,1015,67,45
"1005","2020-04-17",379,12,193,1026,5663,0.492318559067632,2055,7912,553,726,113,2994,49,1064,90,49
"1006","2020-04-18",364,12,216,1023,5663,0.492318559067632,2055,7912,553,726,107,3101,55,1119,94,55
"1007","2020-04-19",323,12,228,1016,5663,0.492318559067632,2055,7912,553,726,98,3199,22,1141,86,22
"1008","2020-04-20",339,12,217,987,5663,0.492318559067632,2055,7912,553,726,79,3278,20,1161,71,20
"1009","2020-04-21",344,12,210,978,5663,0.492318559067632,2055,7912,553,726,71,3349,11,1172,53,11
"1010","2020-04-22",334,12,201,933,5663,0.492318559067632,2055,7912,553,726,72,3421,47,1219,57,47
"1011","2020-04-23",320,12,194,916,5663,0.492318559067632,2055,7912,553,726,87,3508,25,1244,61,25
"1012","2020-04-24",308,12,179,911,5663,0.492318559067632,2055,7912,553,726,73,3581,44,1288,60,44
"1013","2020-04-25",320,12,195,898,5663,0.492318559067632,2055,7912,553,726,94,3675,21,1309,73,21
"1014","2020-04-26",316,12,179,886,5663,0.492318559067632,2055,7912,553,726,73,3748,23,1332,56,23
"1015","2020-04-27",303,12,171,858,5663,0.492318559067632,2055,7912,553,726,71,3819,63,1395,50,63
"1016","2020-04-28",283,12,180,811,5663,0.492318559067632,2055,7912,553,726,79,3898,49,1444,58,49
"1017","2020-04-29",285,12,208,791,5663,0.492318559067632,2055,7912,553,726,72,3970,57,1501,56,57
"1018","2020-04-30",286,12,234,767,5663,0.492318559067632,2055,7912,553,726,60,4030,37,1538,36,37
"1019","2020-05-01",270,12,233,755,5663,0.492318559067632,2055,7912,553,726,54,4084,40,1578,43,40
"1020","2020-05-02",283,12,225,740,5663,0.492318559067632,2055,7912,553,726,61,4145,22,1600,48,22
"1021","2020-05-03",249,12,217,713,5663,0.492318559067632,2055,7912,553,726,56,4201,53,1653,43,53
"1022","2020-05-04",228,12,202,691,5663,0.492318559067632,2055,7912,553,726,60,4261,63,1716,45,63
"1023","2020-05-05",218,12,174,665,5663,0.492318559067632,2055,7912,553,726,59,4320,27,1743,49,27
"1024","2020-05-06",214,12,179,637,5663,0.492318559067632,2055,7912,553,726,44,4364,31,1774,34,31
"1025","2020-05-07",202,12,180,633,5663,0.492318559067632,2055,7912,553,726,49,4413,23,1797,38,23
"1026","2020-05-08",215,12,164,611,5663,0.492318559067632,2055,7912,553,726,40,4453,59,1856,27,59
"1027","2020-05-09",197,12,158,590,5663,0.492318559067632,2055,7912,553,726,45,4498,64,1920,33,64
"1028","2020-05-10",202,12,153,569,5663,0.492318559067632,2055,7912,553,726,26,4524,47,1967,14,47
"1029","2020-05-11",196,12,162,543,5663,0.492318559067632,2055,7912,553,726,39,4563,19,1986,28,19
"1030","2020-05-12",197,12,161,538,5663,0.492318559067632,2055,7912,553,726,51,4614,14,2000,34,14
"1031","2020-05-13",185,12,169,532,5663,0.492318559067632,2055,7912,553,726,23,4637,25,2025,15,25
"1032","2020-05-14",187,12,153,509,5663,0.492318559067632,2055,7912,553,726,38,4675,45,2070,28,45
"1033","2020-05-15",159,12,167,486,5663,0.492318559067632,2055,7912,553,726,29,4704,14,2084,17,14
"1034","2020-05-16",153,12,177,469,5663,0.492318559067632,2055,7912,553,726,30,4734,16,2100,21,16
"1035","2020-05-17",148,12,177,451,5663,0.492318559067632,2055,7912,553,726,35,4769,13,2113,24,13
"1036","2020-05-18",140,12,174,439,5663,0.492318559067632,2055,7912,553,726,31,4800,34,2147,19,34
"1037","2020-05-19",127,12,151,418,5663,0.492318559067632,2055,7912,553,726,33,4833,39,2186,24,39
"1038","2020-05-20",126,12,143,404,5663,0.492318559067632,2055,7912,553,726,20,4853,22,2208,10,22
"1039","2020-05-21",122,12,141,385,5663,0.492318559067632,2055,7912,553,726,33,4886,18,2226,25,18
"1040","2020-05-22",118,12,135,377,5663,0.492318559067632,2055,7912,553,726,29,4915,25,2251,26,25
"1041","2020-05-23",122,12,137,359,5663,0.492318559067632,2055,7912,553,726,23,4938,45,2296,15,45
"1042","2020-05-24",102,12,146,357,5663,0.492318559067632,2055,7912,553,726,19,4957,50,2346,10,50
"1043","2020-05-25",108,12,152,339,5663,0.492318559067632,2055,7912,553,726,28,4985,39,2385,21,39
"1044","2020-05-26",113,12,174,333,5663,0.492318559067632,2055,7912,553,726,17,5002,50,2435,9,50
"1045","2020-05-27",111,12,183,323,5663,0.492318559067632,2055,7912,553,726,16,5018,46,2481,10,46
"1046","2020-05-28",117,12,182,315,5663,0.492318559067632,2055,7912,553,726,24,5042,51,2532,18,51
"1047","2020-05-29",127,12,176,294,5663,0.492318559067632,2055,7912,553,726,11,5053,24,2556,6,24
"1048","2020-05-30",130,12,185,285,5663,0.492318559067632,2055,7912,553,726,20,5073,36,2592,13,36
"1049","2020-05-31",123,12,183,276,5663,0.492318559067632,2055,7912,553,726,16,5089,11,2603,12,11
"1050","2020-06-01",110,12,183,249,5663,0.492318559067632,2055,7912,553,726,17,5106,25,2628,16,25
"1051","2020-06-02",97,12,173,237,5663,0.492318559067632,2055,7912,553,726,13,5119,27,2655,9,27
"1052","2020-06-03",89,12,153,224,5663,0.492318559067632,2055,7912,553,726,17,5136,23,2678,7,23
"1053","2020-06-04",79,12,142,206,5663,0.492318559067632,2055,7912,553,726,11,5147,36,2714,11,36
"1054","2020-06-05",86,12,131,198,5663,0.492318559067632,2055,7912,553,726,13,5160,14,2728,9,14
"1055","2020-06-06",82,12,126,185,5663,0.492318559067632,2055,7912,553,726,9,5169,14,2742,7,14
"1056","2020-06-07",77,12,111,189,5663,0.492318559067632,2055,7912,553,726,11,5180,10,2752,4,10
"1057","2020-03-08",1,13,0,0,5960,0.85989932885906,2130,7604,602,676,NA,NA,NA,NA,NA,NA
"1058","2020-03-09",1,13,0,0,5960,0.85989932885906,2130,7604,602,676,NA,NA,NA,NA,NA,NA
"1059","2020-03-10",0,13,0,0,5960,0.85989932885906,2130,7604,602,676,NA,NA,NA,NA,NA,NA
"1060","2020-03-11",0,13,0,0,5960,0.85989932885906,2130,7604,602,676,28,28,5,5,1,5
"1061","2020-03-12",1,13,49,17,5960,0.85989932885906,2130,7604,602,676,35,63,9,14,2,9
"1062","2020-03-13",1,13,67,28,5960,0.85989932885906,2130,7604,602,676,40,103,5,19,5,5
"1063","2020-03-14",2,13,76,40,5960,0.85989932885906,2130,7604,602,676,35,138,1,20,14,1
"1064","2020-03-15",5,13,91,53,5960,0.85989932885906,2130,7604,602,676,40,178,2,22,14,2
"1065","2020-03-16",7,13,102,78,5960,0.85989932885906,2130,7604,602,676,45,223,8,30,25,8
"1066","2020-03-17",8,13,104,99,5960,0.85989932885906,2130,7604,602,676,45,268,7,37,22,7
"1067","2020-03-18",11,13,112,123,5960,0.85989932885906,2130,7604,602,676,48,316,2,39,29,2
"1068","2020-03-19",18,13,113,142,5960,0.85989932885906,2130,7604,602,676,59,375,4,43,34,4
"1069","2020-03-20",20,13,107,171,5960,0.85989932885906,2130,7604,602,676,65,440,7,50,40,7
"1070","2020-03-21",38,13,101,196,5960,0.85989932885906,2130,7604,602,676,57,497,15,65,35,15
"1071","2020-03-22",53,13,117,225,5960,0.85989932885906,2130,7604,602,676,69,566,19,84,46,19
"1072","2020-03-23",52,13,123,262,5960,0.85989932885906,2130,7604,602,676,74,640,14,98,51,14
"1073","2020-03-24",59,13,130,321,5960,0.85989932885906,2130,7604,602,676,85,725,17,115,51,17
"1074","2020-03-25",68,13,133,363,5960,0.85989932885906,2130,7604,602,676,89,814,31,146,68,31
"1075","2020-03-26",73,13,134,423,5960,0.85989932885906,2130,7604,602,676,86,900,26,172,64,26
"1076","2020-03-27",110,13,144,484,5960,0.85989932885906,2130,7604,602,676,95,995,11,183,77,11
"1077","2020-03-28",142,13,154,563,5960,0.85989932885906,2130,7604,602,676,106,1101,18,201,76,18
"1078","2020-03-29",136,13,164,622,5960,0.85989932885906,2130,7604,602,676,95,1196,12,213,68,12
"1079","2020-03-30",136,13,160,668,5960,0.85989932885906,2130,7604,602,676,122,1318,23,236,95,23
"1080","2020-03-31",157,13,163,723,5960,0.85989932885906,2130,7604,602,676,82,1400,36,272,58,36
"1081","2020-04-01",175,13,179,814,5960,0.85989932885906,2130,7604,602,676,111,1511,19,291,85,19
"1082","2020-04-02",191,13,186,910,5960,0.85989932885906,2130,7604,602,676,100,1611,19,310,78,19
"1083","2020-04-03",254,13,187,994,5960,0.85989932885906,2130,7604,602,676,104,1715,13,323,88,13
"1084","2020-04-04",285,13,177,1046,5960,0.85989932885906,2130,7604,602,676,95,1810,22,345,70,22
"1085","2020-04-05",326,13,185,1118,5960,0.85989932885906,2130,7604,602,676,113,1923,24,369,88,24
"1086","2020-04-06",332,13,171,1204,5960,0.85989932885906,2130,7604,602,676,109,2032,31,400,84,31
"1087","2020-04-07",328,13,179,1287,5960,0.85989932885906,2130,7604,602,676,102,2134,30,430,70,30
"1088","2020-04-08",338,13,183,1343,5960,0.85989932885906,2130,7604,602,676,94,2228,37,467,75,37
"1089","2020-04-09",350,13,189,1389,5960,0.85989932885906,2130,7604,602,676,124,2352,20,487,102,20
"1090","2020-04-10",453,13,204,1456,5960,0.85989932885906,2130,7604,602,676,94,2446,6,493,71,6
"1091","2020-04-11",472,13,215,1511,5960,0.85989932885906,2130,7604,602,676,76,2522,14,507,55,14
"1092","2020-04-12",498,13,217,1566,5960,0.85989932885906,2130,7604,602,676,97,2619,11,518,70,11
"1093","2020-04-13",517,13,212,1627,5960,0.85989932885906,2130,7604,602,676,110,2729,11,529,80,11
"1094","2020-04-14",520,13,232,1613,5960,0.85989932885906,2130,7604,602,676,93,2822,16,545,67,16
"1095","2020-04-15",524,13,216,1643,5960,0.85989932885906,2130,7604,602,676,103,2925,25,570,79,25
"1096","2020-04-16",544,13,221,1663,5960,0.85989932885906,2130,7604,602,676,87,3012,19,589,63,19
"1097","2020-04-17",629,13,203,1675,5960,0.85989932885906,2130,7604,602,676,95,3107,28,617,68,28
"1098","2020-04-18",638,13,202,1668,5960,0.85989932885906,2130,7604,602,676,97,3204,16,633,61,16
"1099","2020-04-19",562,13,196,1664,5960,0.85989932885906,2130,7604,602,676,85,3289,21,654,66,21
"1100","2020-04-20",561,13,182,1652,5960,0.85989932885906,2130,7604,602,676,85,3374,34,688,58,34
"1101","2020-04-21",560,13,208,1627,5960,0.85989932885906,2130,7604,602,676,93,3467,30,718,62,30
"1102","2020-04-22",565,13,204,1576,5960,0.85989932885906,2130,7604,602,676,93,3560,21,739,57,21
"1103","2020-04-23",556,13,196,1551,5960,0.85989932885906,2130,7604,602,676,92,3652,38,777,65,38
"1104","2020-04-24",556,13,223,1467,5960,0.85989932885906,2130,7604,602,676,99,3751,11,788,75,11
"1105","2020-04-25",519,13,229,1411,5960,0.85989932885906,2130,7604,602,676,81,3832,14,802,68,14
"1106","2020-04-26",480,13,221,1365,5960,0.85989932885906,2130,7604,602,676,84,3916,9,811,63,9
"1107","2020-04-27",484,13,201,1303,5960,0.85989932885906,2130,7604,602,676,61,3977,9,820,49,9
"1108","2020-04-28",468,13,192,1271,5960,0.85989932885906,2130,7604,602,676,79,4056,10,830,54,10
"1109","2020-04-29",467,13,195,1222,5960,0.85989932885906,2130,7604,602,676,82,4138,8,838,60,8
"1110","2020-04-30",472,13,222,1161,5960,0.85989932885906,2130,7604,602,676,59,4197,11,849,41,11
"1111","2020-05-01",429,13,243,1105,5960,0.85989932885906,2130,7604,602,676,72,4269,7,856,49,7
"1112","2020-05-02",438,13,222,1032,5960,0.85989932885906,2130,7604,602,676,55,4324,5,861,33,5
"1113","2020-05-03",399,13,216,1000,5960,0.85989932885906,2130,7604,602,676,58,4382,11,872,38,11
"1114","2020-05-04",373,13,233,945,5960,0.85989932885906,2130,7604,602,676,63,4445,33,905,35,33
"1115","2020-05-05",347,13,221,894,5960,0.85989932885906,2130,7604,602,676,48,4493,37,942,29,37
"1116","2020-05-06",332,13,207,825,5960,0.85989932885906,2130,7604,602,676,52,4545,42,984,38,42
"1117","2020-05-07",310,13,204,775,5960,0.85989932885906,2130,7604,602,676,39,4584,55,1039,22,55
"1118","2020-05-08",281,13,199,741,5960,0.85989932885906,2130,7604,602,676,37,4621,28,1067,24,28
"1119","2020-05-09",288,13,207,708,5960,0.85989932885906,2130,7604,602,676,39,4660,29,1096,20,29
"1120","2020-05-10",270,13,238,654,5960,0.85989932885906,2130,7604,602,676,32,4692,23,1119,20,23
"1121","2020-05-11",251,13,236,611,5960,0.85989932885906,2130,7604,602,676,22,4714,15,1134,12,15
"1122","2020-05-12",245,13,231,557,5960,0.85989932885906,2130,7604,602,676,29,4743,13,1147,16,13
"1123","2020-05-13",230,13,240,527,5960,0.85989932885906,2130,7604,602,676,32,4775,9,1156,16,9
"1124","2020-05-14",210,13,224,471,5960,0.85989932885906,2130,7604,602,676,29,4804,26,1182,13,26
"1125","2020-05-15",196,13,223,442,5960,0.85989932885906,2130,7604,602,676,29,4833,19,1201,11,19
"1126","2020-05-16",174,13,210,415,5960,0.85989932885906,2130,7604,602,676,25,4858,16,1217,11,16
"1127","2020-05-17",151,13,195,381,5960,0.85989932885906,2130,7604,602,676,23,4881,10,1227,8,10
"1128","2020-05-18",138,13,180,351,5960,0.85989932885906,2130,7604,602,676,29,4910,8,1235,14,8
"1129","2020-05-19",134,13,167,312,5960,0.85989932885906,2130,7604,602,676,27,4937,20,1255,13,20
"1130","2020-05-20",130,13,172,288,5960,0.85989932885906,2130,7604,602,676,19,4956,12,1267,13,12
"1131","2020-05-21",126,13,169,251,5960,0.85989932885906,2130,7604,602,676,20,4976,20,1287,11,20
"1132","2020-05-22",122,13,164,233,5960,0.85989932885906,2130,7604,602,676,25,5001,18,1305,11,18
"1133","2020-05-23",104,13,158,216,5960,0.85989932885906,2130,7604,602,676,24,5025,21,1326,13,21
"1134","2020-05-24",88,13,162,194,5960,0.85989932885906,2130,7604,602,676,22,5047,11,1337,10,11
"1135","2020-05-25",81,13,173,184,5960,0.85989932885906,2130,7604,602,676,14,5061,19,1356,8,19
"1136","2020-05-26",74,13,160,179,5960,0.85989932885906,2130,7604,602,676,21,5082,8,1364,7,8
"1137","2020-05-27",65,13,150,159,5960,0.85989932885906,2130,7604,602,676,22,5104,7,1371,14,7
"1138","2020-05-28",63,13,131,156,5960,0.85989932885906,2130,7604,602,676,23,5127,14,1385,12,14
"1139","2020-05-29",52,13,124,142,5960,0.85989932885906,2130,7604,602,676,14,5141,15,1400,7,15
"1140","2020-05-30",50,13,131,131,5960,0.85989932885906,2130,7604,602,676,9,5150,6,1406,5,6
"1141","2020-05-31",55,13,116,123,5960,0.85989932885906,2130,7604,602,676,14,5164,17,1423,7,17
"1142","2020-06-01",55,13,105,114,5960,0.85989932885906,2130,7604,602,676,9,5173,16,1439,4,16
"1143","2020-06-02",46,13,98,112,5960,0.85989932885906,2130,7604,602,676,16,5189,8,1447,9,8
"1144","2020-06-03",44,13,95,115,5960,0.85989932885906,2130,7604,602,676,5,5194,6,1453,4,6
"1145","2020-06-04",39,13,109,108,5960,0.85989932885906,2130,7604,602,676,8,5202,6,1459,5,6
"1146","2020-06-05",45,13,92,109,5960,0.85989932885906,2130,7604,602,676,7,5209,7,1466,3,7
"1147","2020-06-06",47,13,100,103,5960,0.85989932885906,2130,7604,602,676,10,5219,6,1472,2,6
"1148","2020-06-07",41,13,117,103,5960,0.85989932885906,2130,7604,602,676,7,5226,NA,NA,3,NA
"1149","2020-03-07",1,14,0,0,6114,0.865718024206739,2025,7413,719,1089,NA,NA,NA,NA,NA,NA
"1150","2020-03-08",1,14,0,0,6114,0.865718024206739,2025,7413,719,1089,NA,NA,NA,NA,NA,NA
"1151","2020-03-09",0,14,0,0,6114,0.865718024206739,2025,7413,719,1089,NA,NA,NA,NA,NA,NA
"1152","2020-03-10",0,14,0,0,6114,0.865718024206739,2025,7413,719,1089,1,1,5,5,1,5
"1153","2020-03-11",0,14,0,0,6114,0.865718024206739,2025,7413,719,1089,25,26,12,17,7,12
"1154","2020-03-12",0,14,0,0,6114,0.865718024206739,2025,7413,719,1089,24,50,15,32,5,15
"1155","2020-03-13",0,14,0,0,6114,0.865718024206739,2025,7413,719,1089,22,72,16,48,10,16
"1156","2020-03-14",1,14,74,59,6114,0.865718024206739,2025,7413,719,1089,36,108,26,74,19,26
"1157","2020-03-15",2,14,67,94,6114,0.865718024206739,2025,7413,719,1089,29,137,26,100,17,26
"1158","2020-03-16",5,14,82,133,6114,0.865718024206739,2025,7413,719,1089,49,186,38,138,31,38
"1159","2020-03-17",9,14,90,183,6114,0.865718024206739,2025,7413,719,1089,60,246,16,154,38,16
"1160","2020-03-18",18,14,86,223,6114,0.865718024206739,2025,7413,719,1089,62,308,11,165,43,11
"1161","2020-03-19",24,14,97,268,6114,0.865718024206739,2025,7413,719,1089,62,370,12,177,48,12
"1162","2020-03-20",33,14,104,317,6114,0.865718024206739,2025,7413,719,1089,51,421,7,184,34,7
"1163","2020-03-21",45,14,114,378,6114,0.865718024206739,2025,7413,719,1089,64,485,38,222,46,38
"1164","2020-03-22",73,14,110,448,6114,0.865718024206739,2025,7413,719,1089,65,550,44,266,49,44
"1165","2020-03-23",83,14,116,500,6114,0.865718024206739,2025,7413,719,1089,73,623,47,313,50,47
"1166","2020-03-24",92,14,138,573,6114,0.865718024206739,2025,7413,719,1089,84,707,60,373,65,60
"1167","2020-03-25",108,14,169,637,6114,0.865718024206739,2025,7413,719,1089,79,786,24,397,65,24
"1168","2020-03-26",127,14,177,722,6114,0.865718024206739,2025,7413,719,1089,83,869,26,423,61,26
"1169","2020-03-27",188,14,184,836,6114,0.865718024206739,2025,7413,719,1089,100,969,55,478,84,55
"1170","2020-03-28",219,14,172,921,6114,0.865718024206739,2025,7413,719,1089,95,1064,52,530,77,52
"1171","2020-03-29",263,14,168,982,6114,0.865718024206739,2025,7413,719,1089,97,1161,28,558,66,28
"1172","2020-03-30",271,14,158,1060,6114,0.865718024206739,2025,7413,719,1089,107,1268,19,577,89,19
"1173","2020-03-31",278,14,175,1123,6114,0.865718024206739,2025,7413,719,1089,105,1373,15,592,88,15
"1174","2020-04-01",296,14,190,1189,6114,0.865718024206739,2025,7413,719,1089,103,1476,21,613,85,21
"1175","2020-04-02",327,14,188,1253,6114,0.865718024206739,2025,7413,719,1089,132,1608,33,646,118,33
"1176","2020-04-03",415,14,177,1337,6114,0.865718024206739,2025,7413,719,1089,119,1727,26,672,101,26
"1177","2020-04-04",444,14,193,1406,6114,0.865718024206739,2025,7413,719,1089,112,1839,21,693,96,21
"1178","2020-04-05",426,14,175,1427,6114,0.865718024206739,2025,7413,719,1089,101,1940,53,746,83,53
"1179","2020-04-06",451,14,163,1473,6114,0.865718024206739,2025,7413,719,1089,115,2055,20,766,94,20
"1180","2020-04-07",447,14,169,1523,6114,0.865718024206739,2025,7413,719,1089,90,2145,16,782,76,16
"1181","2020-04-08",459,14,174,1555,6114,0.865718024206739,2025,7413,719,1089,108,2253,4,786,89,4
"1182","2020-04-09",470,14,183,1619,6114,0.865718024206739,2025,7413,719,1089,82,2335,10,796,69,10
"1183","2020-04-10",548,14,186,1640,6114,0.865718024206739,2025,7413,719,1089,106,2441,36,832,86,36
"1184","2020-04-11",583,14,221,1657,6114,0.865718024206739,2025,7413,719,1089,106,2547,26,858,87,26
"1185","2020-04-12",546,14,220,1656,6114,0.865718024206739,2025,7413,719,1089,94,2641,18,876,74,18
"1186","2020-04-13",537,14,220,1648,6114,0.865718024206739,2025,7413,719,1089,100,2741,17,893,82,17
"1187","2020-04-14",526,14,236,1614,6114,0.865718024206739,2025,7413,719,1089,67,2808,55,948,54,55
"1188","2020-04-15",541,14,203,1588,6114,0.865718024206739,2025,7413,719,1089,92,2900,58,1006,68,58
"1189","2020-04-16",540,14,205,1545,6114,0.865718024206739,2025,7413,719,1089,93,2993,63,1069,72,63
"1190","2020-04-17",583,14,204,1526,6114,0.865718024206739,2025,7413,719,1089,76,3069,49,1118,58,49
"1191","2020-04-18",557,14,193,1493,6114,0.865718024206739,2025,7413,719,1089,90,3159,40,1158,72,40
"1192","2020-04-19",513,14,207,1442,6114,0.865718024206739,2025,7413,719,1089,95,3254,37,1195,75,37
"1193","2020-04-20",504,14,227,1403,6114,0.865718024206739,2025,7413,719,1089,73,3327,22,1217,53,22
"1194","2020-04-21",511,14,218,1363,6114,0.865718024206739,2025,7413,719,1089,101,3428,22,1239,72,22
"1195","2020-04-22",481,14,216,1303,6114,0.865718024206739,2025,7413,719,1089,75,3503,31,1270,57,31
"1196","2020-04-23",443,14,251,1262,6114,0.865718024206739,2025,7413,719,1089,65,3568,50,1320,51,50
"1197","2020-04-24",455,14,263,1225,6114,0.865718024206739,2025,7413,719,1089,68,3636,25,1345,54,25
"1198","2020-04-25",462,14,251,1170,6114,0.865718024206739,2025,7413,719,1089,63,3699,16,1361,42,16
"1199","2020-04-26",411,14,234,1133,6114,0.865718024206739,2025,7413,719,1089,73,3772,26,1387,58,26
"1200","2020-04-27",375,14,211,1064,6114,0.865718024206739,2025,7413,719,1089,62,3834,49,1436,47,49
"1201","2020-04-28",356,14,193,1017,6114,0.865718024206739,2025,7413,719,1089,65,3899,37,1473,52,37
"1202","2020-04-29",343,14,216,945,6114,0.865718024206739,2025,7413,719,1089,57,3956,21,1494,43,21
"1203","2020-04-30",355,14,197,885,6114,0.865718024206739,2025,7413,719,1089,60,4016,14,1508,47,14
"1204","2020-05-01",290,14,184,833,6114,0.865718024206739,2025,7413,719,1089,44,4060,13,1521,32,13
"1205","2020-05-02",286,14,200,780,6114,0.865718024206739,2025,7413,719,1089,53,4113,8,1529,36,8
"1206","2020-05-03",279,14,202,737,6114,0.865718024206739,2025,7413,719,1089,61,4174,37,1566,43,37
"1207","2020-05-04",277,14,215,674,6114,0.865718024206739,2025,7413,719,1089,45,4219,22,1588,32,22
"1208","2020-05-05",266,14,206,613,6114,0.865718024206739,2025,7413,719,1089,47,4266,12,1600,30,12
"1209","2020-05-06",261,14,206,579,6114,0.865718024206739,2025,7413,719,1089,39,4305,6,1606,26,6
"1210","2020-05-07",243,14,219,541,6114,0.865718024206739,2025,7413,719,1089,38,4343,6,1612,25,6
"1211","2020-05-08",220,14,209,513,6114,0.865718024206739,2025,7413,719,1089,43,4386,3,1615,29,3
"1212","2020-05-09",187,14,215,495,6114,0.865718024206739,2025,7413,719,1089,38,4424,8,1623,30,8
"1213","2020-05-10",172,14,218,460,6114,0.865718024206739,2025,7413,719,1089,39,4463,43,1666,22,43
"1214","2020-05-11",165,14,212,436,6114,0.865718024206739,2025,7413,719,1089,42,4505,32,1698,31,32
"1215","2020-05-12",143,14,206,411,6114,0.865718024206739,2025,7413,719,1089,34,4539,44,1742,21,44
"1216","2020-05-13",133,14,219,387,6114,0.865718024206739,2025,7413,719,1089,26,4565,25,1767,19,25
"1217","2020-05-14",123,14,201,372,6114,0.865718024206739,2025,7413,719,1089,36,4601,21,1788,27,21
"1218","2020-05-15",126,14,215,361,6114,0.865718024206739,2025,7413,719,1089,29,4630,10,1798,20,10
"1219","2020-05-16",138,14,252,342,6114,0.865718024206739,2025,7413,719,1089,24,4654,25,1823,16,25
"1220","2020-05-17",133,14,250,315,6114,0.865718024206739,2025,7413,719,1089,33,4687,19,1842,20,19
"1221","2020-05-18",124,14,232,309,6114,0.865718024206739,2025,7413,719,1089,29,4716,38,1880,22,38
"1222","2020-05-19",129,14,238,297,6114,0.865718024206739,2025,7413,719,1089,31,4747,28,1908,22,28
"1223","2020-05-20",124,14,215,274,6114,0.865718024206739,2025,7413,719,1089,28,4775,10,1918,17,10
"1224","2020-05-21",125,14,236,262,6114,0.865718024206739,2025,7413,719,1089,34,4809,13,1931,22,13
"1225","2020-05-22",112,14,208,250,6114,0.865718024206739,2025,7413,719,1089,20,4829,2,1933,13,2
"1226","2020-05-23",97,14,193,234,6114,0.865718024206739,2025,7413,719,1089,22,4851,9,1942,15,9
"1227","2020-05-24",93,14,176,228,6114,0.865718024206739,2025,7413,719,1089,15,4866,15,1957,9,15
"1228","2020-05-25",97,14,176,216,6114,0.865718024206739,2025,7413,719,1089,15,4881,37,1994,9,37
"1229","2020-05-26",87,14,164,209,6114,0.865718024206739,2025,7413,719,1089,19,4900,30,2024,11,30
"1230","2020-05-27",87,14,176,196,6114,0.865718024206739,2025,7413,719,1089,16,4916,25,2049,11,25
"1231","2020-05-28",79,14,174,183,6114,0.865718024206739,2025,7413,719,1089,24,4940,35,2084,13,35
"1232","2020-05-29",84,14,183,176,6114,0.865718024206739,2025,7413,719,1089,16,4956,41,2125,10,41
"1233","2020-05-30",88,14,194,166,6114,0.865718024206739,2025,7413,719,1089,23,4979,38,2163,13,38
"1234","2020-05-31",82,14,187,161,6114,0.865718024206739,2025,7413,719,1089,13,4992,40,2203,9,40
"1235","2020-06-01",70,14,198,151,6114,0.865718024206739,2025,7413,719,1089,12,5004,53,2256,10,53
"1236","2020-06-02",64,14,190,152,6114,0.865718024206739,2025,7413,719,1089,20,5024,54,2310,15,54
"1237","2020-06-03",62,14,180,134,6114,0.865718024206739,2025,7413,719,1089,22,5046,45,2355,16,45
"1238","2020-06-04",61,14,173,129,6114,0.865718024206739,2025,7413,719,1089,15,5061,14,2369,14,14
"1239","2020-06-05",54,14,164,120,6114,0.865718024206739,2025,7413,719,1089,9,5070,11,2380,7,11
"1240","2020-06-06",43,14,161,115,6114,0.865718024206739,2025,7413,719,1089,10,5080,19,2399,4,19
"1241","2020-06-07",37,14,149,106,6114,0.865718024206739,2025,7413,719,1089,10,5090,24,2423,4,24
"1242","2020-03-07",1,15,0,0,6403,0.512884585350617,2010,8281,675,1255,NA,NA,NA,NA,NA,NA
"1243","2020-03-08",1,15,0,0,6403,0.512884585350617,2010,8281,675,1255,NA,NA,NA,NA,NA,NA
"1244","2020-03-09",0,15,0,0,6403,0.512884585350617,2010,8281,675,1255,NA,NA,NA,NA,NA,NA
"1245","2020-03-10",0,15,0,0,6403,0.512884585350617,2010,8281,675,1255,NA,NA,NA,NA,NA,NA
"1246","2020-03-11",0,15,0,0,6403,0.512884585350617,2010,8281,675,1255,36,36,5,5,NA,5
"1247","2020-03-12",0,15,0,0,6403,0.512884585350617,2010,8281,675,1255,45,81,18,23,2,18
"1248","2020-03-13",2,15,104,151,6403,0.512884585350617,2010,8281,675,1255,48,129,14,37,5,14
"1249","2020-03-14",21,15,119,195,6403,0.512884585350617,2010,8281,675,1255,62,191,11,48,4,11
"1250","2020-03-15",29,15,153,264,6403,0.512884585350617,2010,8281,675,1255,47,238,2,50,15,2
"1251","2020-03-16",29,15,154,334,6403,0.512884585350617,2010,8281,675,1255,60,298,2,52,19,2
"1252","2020-03-17",37,15,137,411,6403,0.512884585350617,2010,8281,675,1255,65,363,2,54,27,2
"1253","2020-03-18",52,15,129,484,6403,0.512884585350617,2010,8281,675,1255,62,425,NA,NA,24,NA
"1254","2020-03-19",74,15,161,562,6403,0.512884585350617,2010,8281,675,1255,68,493,NA,NA,29,NA
"1255","2020-03-20",115,15,177,636,6403,0.512884585350617,2010,8281,675,1255,76,569,13,67,30,13
"1256","2020-03-21",131,15,204,715,6403,0.512884585350617,2010,8281,675,1255,76,645,19,86,29,19
"1257","2020-03-22",183,15,215,777,6403,0.512884585350617,2010,8281,675,1255,71,716,25,111,30,25
"1258","2020-03-23",204,15,246,844,6403,0.512884585350617,2010,8281,675,1255,61,777,14,125,29,14
"1259","2020-03-24",210,15,231,904,6403,0.512884585350617,2010,8281,675,1255,98,875,9,134,43,9
"1260","2020-03-25",235,15,202,959,6403,0.512884585350617,2010,8281,675,1255,90,965,6,140,44,6
"1261","2020-03-26",249,15,181,1013,6403,0.512884585350617,2010,8281,675,1255,77,1042,5,145,41,5
"1262","2020-03-27",310,15,163,1038,6403,0.512884585350617,2010,8281,675,1255,76,1118,7,152,39,7
"1263","2020-03-28",363,15,168,1054,6403,0.512884585350617,2010,8281,675,1255,79,1197,8,160,41,8
"1264","2020-03-29",340,15,193,1082,6403,0.512884585350617,2010,8281,675,1255,87,1284,25,185,47,25
"1265","2020-03-30",338,15,219,1106,6403,0.512884585350617,2010,8281,675,1255,84,1368,25,210,29,25
"1266","2020-03-31",346,15,233,1105,6403,0.512884585350617,2010,8281,675,1255,87,1455,35,245,40,35
"1267","2020-04-01",344,15,273,1113,6403,0.512884585350617,2010,8281,675,1255,100,1555,30,275,43,30
"1268","2020-04-02",339,15,295,1112,6403,0.512884585350617,2010,8281,675,1255,101,1656,34,309,57,34
"1269","2020-04-03",370,15,285,1116,6403,0.512884585350617,2010,8281,675,1255,110,1766,47,356,49,47
"1270","2020-04-04",360,15,237,1086,6403,0.512884585350617,2010,8281,675,1255,81,1847,32,388,43,32
"1271","2020-04-05",351,15,230,1085,6403,0.512884585350617,2010,8281,675,1255,96,1943,31,419,58,31
"1272","2020-04-06",355,15,280,1113,6403,0.512884585350617,2010,8281,675,1255,99,2042,29,448,43,29
"1273","2020-04-07",343,15,298,1104,6403,0.512884585350617,2010,8281,675,1255,97,2139,18,466,56,18
"1274","2020-04-08",349,15,317,1131,6403,0.512884585350617,2010,8281,675,1255,111,2250,11,477,66,11
"1275","2020-04-09",351,15,305,1134,6403,0.512884585350617,2010,8281,675,1255,100,2350,14,491,53,14
"1276","2020-04-10",401,15,267,1164,6403,0.512884585350617,2010,8281,675,1255,91,2441,11,502,52,11
"1277","2020-04-11",400,15,234,1156,6403,0.512884585350617,2010,8281,675,1255,73,2514,9,511,33,9
"1278","2020-04-12",375,15,219,1162,6403,0.512884585350617,2010,8281,675,1255,91,2605,20,531,50,20
"1279","2020-04-13",371,15,233,1131,6403,0.512884585350617,2010,8281,675,1255,88,2693,10,541,43,10
"1280","2020-04-14",382,15,279,1131,6403,0.512884585350617,2010,8281,675,1255,82,2775,24,565,27,24
"1281","2020-04-15",381,15,279,1136,6403,0.512884585350617,2010,8281,675,1255,72,2847,31,596,31,31
"1282","2020-04-16",384,15,261,1126,6403,0.512884585350617,2010,8281,675,1255,92,2939,25,621,42,25
"1283","2020-04-17",399,15,232,1129,6403,0.512884585350617,2010,8281,675,1255,76,3015,40,661,27,40
"1284","2020-04-18",400,15,206,1109,6403,0.512884585350617,2010,8281,675,1255,68,3083,44,705,25,44
"1285","2020-04-19",373,15,177,1099,6403,0.512884585350617,2010,8281,675,1255,90,3173,41,746,45,41
"1286","2020-04-20",367,15,174,1088,6403,0.512884585350617,2010,8281,675,1255,78,3251,30,776,26,30
"1287","2020-04-21",361,15,203,1073,6403,0.512884585350617,2010,8281,675,1255,86,3337,21,797,41,21
"1288","2020-04-22",344,15,216,1040,6403,0.512884585350617,2010,8281,675,1255,68,3405,34,831,27,34
"1289","2020-04-23",349,15,200,1034,6403,0.512884585350617,2010,8281,675,1255,77,3482,33,864,26,33
"1290","2020-04-24",371,15,169,1013,6403,0.512884585350617,2010,8281,675,1255,66,3548,26,890,26,26
"1291","2020-04-25",352,15,157,1007,6403,0.512884585350617,2010,8281,675,1255,79,3627,32,922,36,32
"1292","2020-04-26",337,15,162,989,6403,0.512884585350617,2010,8281,675,1255,69,3696,22,944,24,22
"1293","2020-04-27",324,15,178,956,6403,0.512884585350617,2010,8281,675,1255,69,3765,20,964,28,20
"1294","2020-04-28",315,15,167,922,6403,0.512884585350617,2010,8281,675,1255,56,3821,12,976,21,12
"1295","2020-04-29",321,15,178,894,6403,0.512884585350617,2010,8281,675,1255,45,3866,8,984,22,8
"1296","2020-04-30",309,15,218,857,6403,0.512884585350617,2010,8281,675,1255,82,3948,11,995,29,11
"1297","2020-05-01",288,15,236,829,6403,0.512884585350617,2010,8281,675,1255,62,4010,28,1023,25,28
"1298","2020-05-02",308,15,228,784,6403,0.512884585350617,2010,8281,675,1255,50,4060,47,1070,13,47
"1299","2020-05-03",277,15,218,765,6403,0.512884585350617,2010,8281,675,1255,67,4127,41,1111,21,41
"1300","2020-05-04",273,15,221,736,6403,0.512884585350617,2010,8281,675,1255,45,4172,42,1153,10,42
"1301","2020-05-05",256,15,260,725,6403,0.512884585350617,2010,8281,675,1255,34,4206,33,1186,10,33
"1302","2020-05-06",245,15,263,708,6403,0.512884585350617,2010,8281,675,1255,60,4266,31,1217,19,31
"1303","2020-05-07",243,15,239,692,6403,0.512884585350617,2010,8281,675,1255,56,4322,25,1242,18,25
"1304","2020-05-08",242,15,216,678,6403,0.512884585350617,2010,8281,675,1255,61,4383,18,1260,25,18
"1305","2020-05-09",222,15,213,669,6403,0.512884585350617,2010,8281,675,1255,45,4428,14,1274,19,14
"1306","2020-05-10",236,15,284,668,6403,0.512884585350617,2010,8281,675,1255,54,4482,28,1302,14,28
"1307","2020-05-11",227,15,281,649,6403,0.512884585350617,2010,8281,675,1255,52,4534,34,1336,20,34
"1308","2020-05-12",213,15,253,645,6403,0.512884585350617,2010,8281,675,1255,39,4573,46,1382,14,46
"1309","2020-05-13",216,15,219,630,6403,0.512884585350617,2010,8281,675,1255,35,4608,37,1419,16,37
"1310","2020-05-14",199,15,217,605,6403,0.512884585350617,2010,8281,675,1255,46,4654,31,1450,25,31
"1311","2020-05-15",201,15,230,561,6403,0.512884585350617,2010,8281,675,1255,49,4703,34,1484,19,34
"1312","2020-05-16",204,15,262,536,6403,0.512884585350617,2010,8281,675,1255,40,4743,15,1499,21,15
"1313","2020-05-17",185,15,279,492,6403,0.512884585350617,2010,8281,675,1255,40,4783,29,1528,16,29
"1314","2020-05-18",186,15,244,466,6403,0.512884585350617,2010,8281,675,1255,36,4819,27,1555,18,27
"1315","2020-05-19",180,15,224,460,6403,0.512884585350617,2010,8281,675,1255,27,4846,17,1572,10,17
"1316","2020-05-20",177,15,265,443,6403,0.512884585350617,2010,8281,675,1255,30,4876,14,1586,11,14
"1317","2020-05-21",180,15,287,408,6403,0.512884585350617,2010,8281,675,1255,32,4908,9,1595,11,9
"1318","2020-05-22",169,15,311,396,6403,0.512884585350617,2010,8281,675,1255,26,4934,6,1601,8,6
"1319","2020-05-23",162,15,285,371,6403,0.512884585350617,2010,8281,675,1255,28,4962,5,1606,9,5
"1320","2020-05-24",138,15,279,364,6403,0.512884585350617,2010,8281,675,1255,23,4985,4,1610,4,4
"1321","2020-05-25",134,15,282,360,6403,0.512884585350617,2010,8281,675,1255,32,5017,20,1630,14,20
"1322","2020-05-26",135,15,263,340,6403,0.512884585350617,2010,8281,675,1255,17,5034,14,1644,5,14
"1323","2020-05-27",126,15,231,320,6403,0.512884585350617,2010,8281,675,1255,28,5062,28,1672,10,28
"1324","2020-05-28",119,15,221,315,6403,0.512884585350617,2010,8281,675,1255,14,5076,22,1694,7,22
"1325","2020-05-29",97,15,208,300,6403,0.512884585350617,2010,8281,675,1255,22,5098,12,1706,7,12
"1326","2020-05-30",97,15,208,286,6403,0.512884585350617,2010,8281,675,1255,14,5112,12,1718,4,12
"1327","2020-05-31",96,15,225,279,6403,0.512884585350617,2010,8281,675,1255,28,5140,13,1731,13,13
"1328","2020-06-01",82,15,216,273,6403,0.512884585350617,2010,8281,675,1255,26,5166,7,1738,6,7
"1329","2020-06-02",72,15,204,257,6403,0.512884585350617,2010,8281,675,1255,15,5181,25,1763,4,25
"1330","2020-06-03",69,15,183,242,6403,0.512884585350617,2010,8281,675,1255,13,5194,12,1775,2,12
"1331","2020-06-04",70,15,208,244,6403,0.512884585350617,2010,8281,675,1255,12,5206,14,1789,3,14
"1332","2020-06-05",76,15,199,232,6403,0.512884585350617,2010,8281,675,1255,18,5224,19,1808,5,19
"1333","2020-06-06",66,15,200,216,6403,0.512884585350617,2010,8281,675,1255,16,5240,7,1815,6,7
"1334","2020-06-07",66,15,208,204,6403,0.512884585350617,2010,8281,675,1255,10,5250,14,1829,4,14
"1335","2020-03-13",3,16,65,35,6118,0.844883949002942,2115,7597,695,1080,29,84,17,66,5,17
"1336","2020-03-14",8,16,83,55,6118,0.844883949002942,2115,7597,695,1080,38,122,30,96,10,30
"1337","2020-03-15",7,16,73,84,6118,0.844883949002942,2115,7597,695,1080,48,170,29,125,22,29
"1338","2020-03-16",9,16,107,107,6118,0.844883949002942,2115,7597,695,1080,49,219,42,167,20,42
"1339","2020-03-17",13,16,123,139,6118,0.844883949002942,2115,7597,695,1080,48,267,36,203,16,36
"1340","2020-03-18",16,16,140,162,6118,0.844883949002942,2115,7597,695,1080,48,315,49,252,26,49
"1341","2020-03-19",20,16,159,198,6118,0.844883949002942,2115,7597,695,1080,85,400,54,306,50,54
"1342","2020-03-20",37,16,173,242,6118,0.844883949002942,2115,7597,695,1080,70,470,41,347,40,41
"1343","2020-03-21",40,16,154,274,6118,0.844883949002942,2115,7597,695,1080,84,554,49,396,56,49
"1344","2020-03-22",64,16,146,324,6118,0.844883949002942,2115,7597,695,1080,73,627,43,439,42,43
"1345","2020-03-23",66,16,173,360,6118,0.844883949002942,2115,7597,695,1080,124,751,36,475,84,36
"1346","2020-03-24",67,16,160,410,6118,0.844883949002942,2115,7597,695,1080,97,848,37,512,78,37
"1347","2020-03-25",81,16,191,480,6118,0.844883949002942,2115,7597,695,1080,121,969,21,533,85,21
"1348","2020-03-26",96,16,177,526,6118,0.844883949002942,2115,7597,695,1080,120,1089,60,593,88,60
"1349","2020-03-27",135,16,169,584,6118,0.844883949002942,2115,7597,695,1080,111,1200,48,641,81,48
"1350","2020-03-28",181,16,149,633,6118,0.844883949002942,2115,7597,695,1080,129,1329,47,688,102,47
"1351","2020-03-29",167,16,140,688,6118,0.844883949002942,2115,7597,695,1080,110,1439,50,738,73,50
"1352","2020-03-30",180,16,129,779,6118,0.844883949002942,2115,7597,695,1080,122,1561,60,798,84,60
"1353","2020-03-31",185,16,132,864,6118,0.844883949002942,2115,7597,695,1080,106,1667,45,843,77,45
"1354","2020-04-01",200,16,122,950,6118,0.844883949002942,2115,7597,695,1080,117,1784,55,898,84,55
"1355","2020-04-02",220,16,153,1025,6118,0.844883949002942,2115,7597,695,1080,109,1893,74,972,87,74
"1356","2020-04-03",286,16,147,1084,6118,0.844883949002942,2115,7597,695,1080,132,2025,64,1036,101,64
"1357","2020-04-04",324,16,158,1151,6118,0.844883949002942,2115,7597,695,1080,110,2135,49,1085,88,49
"1358","2020-04-05",359,16,161,1254,6118,0.844883949002942,2115,7597,695,1080,117,2252,37,1122,81,37
"1359","2020-04-06",358,16,167,1296,6118,0.844883949002942,2115,7597,695,1080,118,2370,18,1140,88,18
"1360","2020-04-07",373,16,159,1320,6118,0.844883949002942,2115,7597,695,1080,139,2509,42,1182,104,42
"1361","2020-04-08",381,16,174,1397,6118,0.844883949002942,2115,7597,695,1080,117,2626,60,1242,78,60
"1362","2020-04-09",395,16,160,1461,6118,0.844883949002942,2115,7597,695,1080,124,2750,38,1280,86,38
"1363","2020-04-10",514,16,168,1563,6118,0.844883949002942,2115,7597,695,1080,99,2849,38,1318,71,38
"1364","2020-04-11",528,16,174,1615,6118,0.844883949002942,2115,7597,695,1080,109,2958,31,1349,82,31
"1365","2020-04-12",489,16,199,1671,6118,0.844883949002942,2115,7597,695,1080,85,3043,55,1404,54,55
"1366","2020-04-13",496,16,226,1686,6118,0.844883949002942,2115,7597,695,1080,116,3159,46,1450,78,46
"1367","2020-04-14",509,16,218,1717,6118,0.844883949002942,2115,7597,695,1080,109,3268,32,1482,80,32
"1368","2020-04-15",538,16,238,1803,6118,0.844883949002942,2115,7597,695,1080,105,3373,27,1509,75,27
"1369","2020-04-16",555,16,247,1808,6118,0.844883949002942,2115,7597,695,1080,102,3475,27,1536,71,27
"1370","2020-04-17",635,16,264,1849,6118,0.844883949002942,2115,7597,695,1080,90,3565,24,1560,65,24
"1371","2020-04-18",623,16,279,1822,6118,0.844883949002942,2115,7597,695,1080,72,3637,26,1586,48,26
"1372","2020-04-19",584,16,266,1813,6118,0.844883949002942,2115,7597,695,1080,90,3727,54,1640,56,54
"1373","2020-04-20",586,16,259,1774,6118,0.844883949002942,2115,7597,695,1080,89,3816,51,1691,54,51
"1374","2020-04-21",587,16,245,1730,6118,0.844883949002942,2115,7597,695,1080,66,3882,40,1731,47,40
"1375","2020-04-22",565,16,245,1678,6118,0.844883949002942,2115,7597,695,1080,80,3962,40,1771,50,40
"1376","2020-04-23",557,16,239,1601,6118,0.844883949002942,2115,7597,695,1080,59,4021,37,1808,39,37
"1377","2020-04-24",570,16,222,1531,6118,0.844883949002942,2115,7597,695,1080,70,4091,36,1844,47,36
"1378","2020-04-25",574,16,208,1460,6118,0.844883949002942,2115,7597,695,1080,55,4146,31,1875,37,31
"1379","2020-04-26",537,16,194,1397,6118,0.844883949002942,2115,7597,695,1080,62,4208,29,1904,34,29
"1380","2020-04-27",528,16,182,1309,6118,0.844883949002942,2115,7597,695,1080,40,4248,58,1962,21,58
"1381","2020-04-28",499,16,172,1261,6118,0.844883949002942,2115,7597,695,1080,50,4298,35,1997,23,35
"1382","2020-04-29",507,16,199,1196,6118,0.844883949002942,2115,7597,695,1080,58,4356,29,2026,36,29
"1383","2020-04-30",480,16,208,1104,6118,0.844883949002942,2115,7597,695,1080,63,4419,38,2064,34,38
"1384","2020-05-01",435,16,200,1031,6118,0.844883949002942,2115,7597,695,1080,56,4475,34,2098,27,34
"1385","2020-05-02",439,16,225,968,6118,0.844883949002942,2115,7597,695,1080,57,4532,33,2131,35,33
"1386","2020-05-03",409,16,227,884,6118,0.844883949002942,2115,7597,695,1080,42,4574,23,2154,28,23
"1387","2020-05-04",386,16,210,811,6118,0.844883949002942,2115,7597,695,1080,42,4616,55,2209,22,55
"1388","2020-05-05",358,16,245,746,6118,0.844883949002942,2115,7597,695,1080,52,4668,39,2248,35,39
"1389","2020-05-06",321,16,254,688,6118,0.844883949002942,2115,7597,695,1080,45,4713,39,2287,23,39
"1390","2020-05-07",306,16,234,635,6118,0.844883949002942,2115,7597,695,1080,52,4765,54,2341,31,54
"1391","2020-05-08",249,16,207,575,6118,0.844883949002942,2115,7597,695,1080,41,4806,51,2392,20,51
"1392","2020-05-09",211,16,200,536,6118,0.844883949002942,2115,7597,695,1080,35,4841,49,2441,22,49
"1393","2020-05-10",179,16,238,476,6118,0.844883949002942,2115,7597,695,1080,43,4884,48,2489,27,48
"1394","2020-05-11",169,16,246,437,6118,0.844883949002942,2115,7597,695,1080,23,4907,24,2513,13,24
"1395","2020-05-12",161,16,220,399,6118,0.844883949002942,2115,7597,695,1080,31,4938,38,2551,14,38
"1396","2020-05-13",154,16,230,358,6118,0.844883949002942,2115,7597,695,1080,31,4969,53,2604,15,53
"1397","2020-05-14",145,16,245,332,6118,0.844883949002942,2115,7597,695,1080,33,5002,59,2663,14,59
"1398","2020-05-15",125,16,236,303,6118,0.844883949002942,2115,7597,695,1080,32,5034,45,2708,22,45
"1399","2020-05-16",121,16,245,284,6118,0.844883949002942,2115,7597,695,1080,34,5068,35,2743,19,35
"1400","2020-05-17",114,16,222,262,6118,0.844883949002942,2115,7597,695,1080,20,5088,42,2785,10,42
"1401","2020-05-18",101,16,206,252,6118,0.844883949002942,2115,7597,695,1080,32,5120,45,2830,15,45
"1402","2020-05-19",101,16,204,242,6118,0.844883949002942,2115,7597,695,1080,34,5154,32,2862,19,32
"1403","2020-05-20",114,16,188,229,6118,0.844883949002942,2115,7597,695,1080,36,5190,45,2907,15,45
"1404","2020-05-21",110,16,188,214,6118,0.844883949002942,2115,7597,695,1080,25,5215,43,2950,10,43
"1405","2020-05-22",100,16,156,200,6118,0.844883949002942,2115,7597,695,1080,27,5242,32,2982,20,32
"1406","2020-05-23",89,16,137,179,6118,0.844883949002942,2115,7597,695,1080,25,5267,29,3011,14,29
"1407","2020-05-24",81,16,134,162,6118,0.844883949002942,2115,7597,695,1080,18,5285,26,3037,8,26
"1408","2020-05-25",82,16,132,160,6118,0.844883949002942,2115,7597,695,1080,20,5305,16,3053,6,16
"1409","2020-05-26",75,16,135,159,6118,0.844883949002942,2115,7597,695,1080,34,5339,32,3085,18,32
"1410","2020-05-27",58,16,155,154,6118,0.844883949002942,2115,7597,695,1080,15,5354,60,3145,10,60
"1411","2020-05-28",56,16,149,145,6118,0.844883949002942,2115,7597,695,1080,16,5370,38,3183,10,38
"1412","2020-05-29",52,16,154,137,6118,0.844883949002942,2115,7597,695,1080,17,5387,38,3221,8,38
"1413","2020-05-30",53,16,152,137,6118,0.844883949002942,2115,7597,695,1080,19,5406,44,3265,12,44
"1414","2020-05-31",56,16,163,130,6118,0.844883949002942,2115,7597,695,1080,16,5422,32,3297,9,32
"1415","2020-06-01",46,16,163,122,6118,0.844883949002942,2115,7597,695,1080,16,5438,36,3333,9,36
"1416","2020-06-02",49,16,162,119,6118,0.844883949002942,2115,7597,695,1080,11,5449,39,3372,3,39
"1417","2020-06-03",45,16,156,110,6118,0.844883949002942,2115,7597,695,1080,15,5464,52,3424,6,52
"1418","2020-06-04",44,16,157,104,6118,0.844883949002942,2115,7597,695,1080,9,5473,59,3483,4,59
"1419","2020-06-05",42,16,141,102,6118,0.844883949002942,2115,7597,695,1080,11,5484,33,3516,3,33
"1420","2020-06-06",41,16,142,98,6118,0.844883949002942,2115,7597,695,1080,17,5501,37,3553,7,37
"1421","2020-06-07",37,16,141,94,6118,0.844883949002942,2115,7597,695,1080,12,5513,28,3581,6,28
"1422","2020-03-08",2,17,0,0,5798,0.644360124180752,1980,7696,659,1173,NA,NA,NA,NA,NA,NA
"1423","2020-03-09",2,17,0,0,5798,0.644360124180752,1980,7696,659,1173,NA,NA,NA,NA,NA,NA
"1424","2020-03-10",0,17,0,0,5798,0.644360124180752,1980,7696,659,1173,NA,NA,1,1,NA,1
"1425","2020-03-11",0,17,0,0,5798,0.644360124180752,1980,7696,659,1173,12,12,21,22,6,21
"1426","2020-03-12",0,17,0,0,5798,0.644360124180752,1980,7696,659,1173,6,18,17,39,2,17
"1427","2020-03-13",4,17,110,90,5798,0.644360124180752,1980,7696,659,1173,8,26,19,58,5,19
"1428","2020-03-14",10,17,122,123,5798,0.644360124180752,1980,7696,659,1173,13,39,20,78,10,20
"1429","2020-03-15",16,17,104,166,5798,0.644360124180752,1980,7696,659,1173,28,67,21,99,19,21
"1430","2020-03-16",23,17,95,205,5798,0.644360124180752,1980,7696,659,1173,26,93,13,112,22,13
"1431","2020-03-17",23,17,78,254,5798,0.644360124180752,1980,7696,659,1173,38,131,5,117,32,5
"1432","2020-03-18",34,17,107,306,5798,0.644360124180752,1980,7696,659,1173,33,164,8,125,30,8
"1433","2020-03-19",47,17,143,365,5798,0.644360124180752,1980,7696,659,1173,39,203,24,149,33,24
"1434","2020-03-20",68,17,156,424,5798,0.644360124180752,1980,7696,659,1173,54,257,14,163,49,14
"1435","2020-03-21",80,17,163,503,5798,0.644360124180752,1980,7696,659,1173,68,325,11,174,61,11
"1436","2020-03-22",134,17,156,549,5798,0.644360124180752,1980,7696,659,1173,74,399,13,187,64,13
"1437","2020-03-23",133,17,143,612,5798,0.644360124180752,1980,7696,659,1173,58,457,14,201,53,14
"1438","2020-03-24",142,17,127,654,5798,0.644360124180752,1980,7696,659,1173,56,513,11,212,49,11
"1439","2020-03-25",158,17,142,709,5798,0.644360124180752,1980,7696,659,1173,73,586,12,224,63,12
"1440","2020-03-26",168,17,160,779,5798,0.644360124180752,1980,7696,659,1173,85,671,33,257,80,33
"1441","2020-03-27",257,17,185,851,5798,0.644360124180752,1980,7696,659,1173,105,776,36,293,102,36
"1442","2020-03-28",275,17,202,893,5798,0.644360124180752,1980,7696,659,1173,95,871,13,306,88,13
"1443","2020-03-29",261,17,198,935,5798,0.644360124180752,1980,7696,659,1173,115,986,6,312,110,6
"1444","2020-03-30",286,17,208,978,5798,0.644360124180752,1980,7696,659,1173,111,1097,27,339,106,27
"1445","2020-03-31",292,17,195,1024,5798,0.644360124180752,1980,7696,659,1173,130,1227,20,359,125,20
"1446","2020-04-01",302,17,196,1053,5798,0.644360124180752,1980,7696,659,1173,163,1390,22,381,157,22
"1447","2020-04-02",324,17,180,1062,5798,0.644360124180752,1980,7696,659,1173,142,1532,9,390,132,9
"1448","2020-04-03",347,17,162,1098,5798,0.644360124180752,1980,7696,659,1173,181,1713,9,399,179,9
"1449","2020-04-04",351,17,125,1117,5798,0.644360124180752,1980,7696,659,1173,160,1873,36,435,154,36
"1450","2020-04-05",364,17,117,1124,5798,0.644360124180752,1980,7696,659,1173,140,2013,59,494,134,59
"1451","2020-04-06",370,17,117,1157,5798,0.644360124180752,1980,7696,659,1173,154,2167,47,541,146,47
"1452","2020-04-07",347,17,154,1175,5798,0.644360124180752,1980,7696,659,1173,185,2352,26,567,182,26
"1453","2020-04-08",347,17,184,1196,5798,0.644360124180752,1980,7696,659,1173,152,2504,45,612,148,45
"1454","2020-04-09",337,17,208,1182,5798,0.644360124180752,1980,7696,659,1173,150,2654,33,645,147,33
"1455","2020-04-10",387,17,205,1216,5798,0.644360124180752,1980,7696,659,1173,195,2849,52,697,190,52
"1456","2020-04-11",429,17,230,1231,5798,0.644360124180752,1980,7696,659,1173,172,3021,52,749,169,52
"1457","2020-04-12",378,17,244,1252,5798,0.644360124180752,1980,7696,659,1173,168,3189,50,799,165,50
"1458","2020-04-13",368,17,197,1231,5798,0.644360124180752,1980,7696,659,1173,141,3330,67,866,138,67
"1459","2020-04-14",387,17,216,1225,5798,0.644360124180752,1980,7696,659,1173,169,3499,46,912,163,46
"1460","2020-04-15",399,17,234,1215,5798,0.644360124180752,1980,7696,659,1173,143,3642,40,952,137,40
"1461","2020-04-16",416,17,210,1225,5798,0.644360124180752,1980,7696,659,1173,169,3811,24,976,163,24
"1462","2020-04-17",439,17,195,1209,5798,0.644360124180752,1980,7696,659,1173,133,3944,43,1019,127,43
"1463","2020-04-18",442,17,189,1213,5798,0.644360124180752,1980,7696,659,1173,126,4070,53,1072,118,53
"1464","2020-04-19",425,17,174,1188,5798,0.644360124180752,1980,7696,659,1173,142,4212,39,1111,136,39
"1465","2020-04-20",427,17,176,1140,5798,0.644360124180752,1980,7696,659,1173,129,4341,34,1145,124,34
"1466","2020-04-21",418,17,181,1102,5798,0.644360124180752,1980,7696,659,1173,120,4461,19,1164,120,19
"1467","2020-04-22",404,17,155,1054,5798,0.644360124180752,1980,7696,659,1173,85,4546,29,1193,84,29
"1468","2020-04-23",393,17,179,1035,5798,0.644360124180752,1980,7696,659,1173,92,4638,44,1237,89,44
"1469","2020-04-24",400,17,164,1021,5798,0.644360124180752,1980,7696,659,1173,91,4729,31,1268,86,31
"1470","2020-04-25",355,17,163,991,5798,0.644360124180752,1980,7696,659,1173,93,4822,22,1290,91,22
"1471","2020-04-26",323,17,185,955,5798,0.644360124180752,1980,7696,659,1173,80,4902,60,1350,78,60
"1472","2020-04-27",306,17,188,911,5798,0.644360124180752,1980,7696,659,1173,81,4983,41,1391,72,41
"1473","2020-04-28",286,17,255,894,5798,0.644360124180752,1980,7696,659,1173,78,5061,39,1430,76,39
"1474","2020-04-29",294,17,277,883,5798,0.644360124180752,1980,7696,659,1173,72,5133,25,1455,70,25
"1475","2020-04-30",282,17,305,864,5798,0.644360124180752,1980,7696,659,1173,78,5211,37,1492,77,37
"1476","2020-05-01",274,17,324,835,5798,0.644360124180752,1980,7696,659,1173,56,5267,34,1526,55,34
"1477","2020-05-02",281,17,340,794,5798,0.644360124180752,1980,7696,659,1173,43,5310,14,1540,38,14
"1478","2020-05-03",291,17,290,772,5798,0.644360124180752,1980,7696,659,1173,49,5359,12,1552,47,12
"1479","2020-05-04",288,17,266,734,5798,0.644360124180752,1980,7696,659,1173,39,5398,9,1561,36,9
"1480","2020-05-05",269,17,248,705,5798,0.644360124180752,1980,7696,659,1173,46,5444,10,1571,39,10
"1481","2020-05-06",252,17,212,664,5798,0.644360124180752,1980,7696,659,1173,38,5482,57,1628,36,57
"1482","2020-05-07",249,17,187,643,5798,0.644360124180752,1980,7696,659,1173,45,5527,47,1675,43,47
"1483","2020-05-08",252,17,173,631,5798,0.644360124180752,1980,7696,659,1173,28,5555,49,1724,24,49
"1484","2020-05-09",257,17,179,597,5798,0.644360124180752,1980,7696,659,1173,31,5586,37,1761,28,37
"1485","2020-05-10",208,17,154,574,5798,0.644360124180752,1980,7696,659,1173,27,5613,46,1807,24,46
"1486","2020-05-11",206,17,133,539,5798,0.644360124180752,1980,7696,659,1173,31,5644,31,1838,30,31
"1487","2020-05-12",209,17,140,514,5798,0.644360124180752,1980,7696,659,1173,28,5672,27,1865,25,27
"1488","2020-05-13",199,17,177,500,5798,0.644360124180752,1980,7696,659,1173,27,5699,32,1897,22,32
"1489","2020-05-14",192,17,189,463,5798,0.644360124180752,1980,7696,659,1173,16,5715,38,1935,15,38
"1490","2020-05-15",179,17,195,450,5798,0.644360124180752,1980,7696,659,1173,28,5743,25,1960,25,25
"1491","2020-05-16",155,17,190,429,5798,0.644360124180752,1980,7696,659,1173,19,5762,51,2011,18,51
"1492","2020-05-17",150,17,195,406,5798,0.644360124180752,1980,7696,659,1173,14,5776,50,2061,12,50
"1493","2020-05-18",132,17,192,387,5798,0.644360124180752,1980,7696,659,1173,15,5791,36,2097,15,36
"1494","2020-05-19",126,17,179,362,5798,0.644360124180752,1980,7696,659,1173,17,5808,14,2111,15,14
"1495","2020-05-20",123,17,201,361,5798,0.644360124180752,1980,7696,659,1173,11,5819,24,2135,9,24
"1496","2020-05-21",122,17,228,348,5798,0.644360124180752,1980,7696,659,1173,23,5842,29,2164,16,29
"1497","2020-05-22",97,17,216,306,5798,0.644360124180752,1980,7696,659,1173,12,5854,22,2186,10,22
"1498","2020-05-23",107,17,198,298,5798,0.644360124180752,1980,7696,659,1173,8,5862,17,2203,7,17
"1499","2020-05-24",114,17,188,287,5798,0.644360124180752,1980,7696,659,1173,11,5873,33,2236,9,33
"1500","2020-05-25",115,17,166,281,5798,0.644360124180752,1980,7696,659,1173,5,5878,32,2268,4,32
"1501","2020-05-26",109,17,153,282,5798,0.644360124180752,1980,7696,659,1173,11,5889,22,2290,9,22
"1502","2020-05-27",104,17,135,277,5798,0.644360124180752,1980,7696,659,1173,5,5894,17,2307,4,17
"1503","2020-05-28",103,17,144,260,5798,0.644360124180752,1980,7696,659,1173,9,5903,9,2316,6,9
"1504","2020-05-29",108,17,172,241,5798,0.644360124180752,1980,7696,659,1173,4,5907,14,2330,3,14
"1505","2020-05-30",102,17,205,236,5798,0.644360124180752,1980,7696,659,1173,12,5919,38,2368,11,38
"1506","2020-05-31",81,17,201,230,5798,0.644360124180752,1980,7696,659,1173,7,5926,13,2381,6,13
"1507","2020-06-01",79,17,184,225,5798,0.644360124180752,1980,7696,659,1173,10,5936,14,2395,8,14
"1508","2020-06-02",70,17,168,231,5798,0.644360124180752,1980,7696,659,1173,6,5942,11,2406,6,11
"1509","2020-06-03",72,17,162,218,5798,0.644360124180752,1980,7696,659,1173,9,5951,11,2417,7,11
"1510","2020-06-04",62,17,175,210,5798,0.644360124180752,1980,7696,659,1173,6,5957,12,2429,5,12
"1511","2020-06-05",58,17,175,199,5798,0.644360124180752,1980,7696,659,1173,6,5963,31,2460,6,31
"1512","2020-06-06",53,17,162,182,5798,0.644360124180752,1980,7696,659,1173,6,5969,25,2485,6,25
"1513","2020-06-07",52,17,157,170,5798,0.644360124180752,1980,7696,659,1173,9,5978,19,2504,8,19
"1514","2020-03-07",1,18,0,0,5752,0.819541029207232,2115,7934,565,1121,NA,NA,NA,NA,NA,NA
"1515","2020-03-08",1,18,0,0,5752,0.819541029207232,2115,7934,565,1121,NA,NA,NA,NA,NA,NA
"1516","2020-03-09",0,18,0,0,5752,0.819541029207232,2115,7934,565,1121,NA,NA,NA,NA,NA,NA
"1517","2020-03-10",0,18,0,0,5752,0.819541029207232,2115,7934,565,1121,NA,NA,1,1,NA,1
"1518","2020-03-11",0,18,0,0,5752,0.819541029207232,2115,7934,565,1121,4,4,9,10,NA,9
"1519","2020-03-12",0,18,0,0,5752,0.819541029207232,2115,7934,565,1121,4,8,10,20,NA,10
"1520","2020-03-13",6,18,53,61,5752,0.819541029207232,2115,7934,565,1121,4,12,6,26,1,6
"1521","2020-03-14",9,18,58,85,5752,0.819541029207232,2115,7934,565,1121,13,25,9,35,2,9
"1522","2020-03-15",18,18,72,116,5752,0.819541029207232,2115,7934,565,1121,11,36,7,42,3,7
"1523","2020-03-16",20,18,88,143,5752,0.819541029207232,2115,7934,565,1121,14,50,21,63,10,21
"1524","2020-03-17",21,18,113,174,5752,0.819541029207232,2115,7934,565,1121,15,65,11,74,10,11
"1525","2020-03-18",30,18,142,205,5752,0.819541029207232,2115,7934,565,1121,26,91,10,84,15,10
"1526","2020-03-19",33,18,146,247,5752,0.819541029207232,2115,7934,565,1121,21,112,4,88,17,4
"1527","2020-03-20",51,18,160,287,5752,0.819541029207232,2115,7934,565,1121,21,133,6,94,15,6
"1528","2020-03-21",60,18,171,340,5752,0.819541029207232,2115,7934,565,1121,23,156,3,97,16,3
"1529","2020-03-22",85,18,194,398,5752,0.819541029207232,2115,7934,565,1121,32,188,1,98,30,1
"1530","2020-03-23",103,18,183,450,5752,0.819541029207232,2115,7934,565,1121,41,229,6,104,35,6
"1531","2020-03-24",108,18,158,508,5752,0.819541029207232,2115,7934,565,1121,64,293,NA,NA,53,NA
"1532","2020-03-25",114,18,137,555,5752,0.819541029207232,2115,7934,565,1121,49,342,6,110,42,6
"1533","2020-03-26",135,18,135,617,5752,0.819541029207232,2115,7934,565,1121,63,405,7,117,59,7
"1534","2020-03-27",180,18,150,669,5752,0.819541029207232,2115,7934,565,1121,61,466,8,125,52,8
"1535","2020-03-28",243,18,150,712,5752,0.819541029207232,2115,7934,565,1121,81,547,9,134,71,9
"1536","2020-03-29",229,18,154,772,5752,0.819541029207232,2115,7934,565,1121,54,601,9,143,46,9
"1537","2020-03-30",224,18,149,842,5752,0.819541029207232,2115,7934,565,1121,89,690,31,174,83,31
"1538","2020-03-31",235,18,141,887,5752,0.819541029207232,2115,7934,565,1121,73,763,14,188,64,14
"1539","2020-04-01",255,18,158,915,5752,0.819541029207232,2115,7934,565,1121,91,854,14,202,80,14
"1540","2020-04-02",272,18,161,995,5752,0.819541029207232,2115,7934,565,1121,100,954,15,217,89,15
"1541","2020-04-03",312,18,152,1041,5752,0.819541029207232,2115,7934,565,1121,120,1074,10,227,112,10
"1542","2020-04-04",320,18,157,1090,5752,0.819541029207232,2115,7934,565,1121,150,1224,41,268,145,41
"1543","2020-04-05",334,18,142,1137,5752,0.819541029207232,2115,7934,565,1121,121,1345,24,292,113,24
"1544","2020-04-06",337,18,151,1190,5752,0.819541029207232,2115,7934,565,1121,107,1452,19,311,103,19
"1545","2020-04-07",343,18,168,1242,5752,0.819541029207232,2115,7934,565,1121,143,1595,35,346,136,35
"1546","2020-04-08",357,18,192,1269,5752,0.819541029207232,2115,7934,565,1121,147,1742,27,373,143,27
"1547","2020-04-09",370,18,178,1293,5752,0.819541029207232,2115,7934,565,1121,169,1911,20,393,160,20
"1548","2020-04-10",457,18,168,1342,5752,0.819541029207232,2115,7934,565,1121,149,2060,45,438,142,45
"1549","2020-04-11",485,18,178,1375,5752,0.819541029207232,2115,7934,565,1121,163,2223,23,461,155,23
"1550","2020-04-12",439,18,151,1365,5752,0.819541029207232,2115,7934,565,1121,180,2403,40,501,171,40
"1551","2020-04-13",431,18,143,1400,5752,0.819541029207232,2115,7934,565,1121,164,2567,44,545,152,44
"1552","2020-04-14",446,18,138,1434,5752,0.819541029207232,2115,7934,565,1121,151,2718,35,580,143,35
"1553","2020-04-15",446,18,125,1417,5752,0.819541029207232,2115,7934,565,1121,230,2948,28,608,223,28
"1554","2020-04-16",441,18,133,1447,5752,0.819541029207232,2115,7934,565,1121,161,3109,38,646,153,38
"1555","2020-04-17",497,18,121,1433,5752,0.819541029207232,2115,7934,565,1121,134,3243,18,664,126,18
"1556","2020-04-18",490,18,118,1419,5752,0.819541029207232,2115,7934,565,1121,139,3382,26,690,135,26
"1557","2020-04-19",460,18,160,1385,5752,0.819541029207232,2115,7934,565,1121,154,3536,20,710,146,20
"1558","2020-04-20",461,18,175,1345,5752,0.819541029207232,2115,7934,565,1121,155,3691,23,733,143,23
"1559","2020-04-21",459,18,177,1349,5752,0.819541029207232,2115,7934,565,1121,145,3836,32,765,139,32
"1560","2020-04-22",457,18,163,1322,5752,0.819541029207232,2115,7934,565,1121,128,3964,29,794,120,29
"1561","2020-04-23",464,18,149,1307,5752,0.819541029207232,2115,7934,565,1121,125,4089,23,817,122,23
"1562","2020-04-24",455,18,130,1282,5752,0.819541029207232,2115,7934,565,1121,133,4222,15,832,125,15
"1563","2020-04-25",458,18,125,1241,5752,0.819541029207232,2115,7934,565,1121,111,4333,25,857,104,25
"1564","2020-04-26",429,18,132,1196,5752,0.819541029207232,2115,7934,565,1121,93,4426,42,899,86,42
"1565","2020-04-27",414,18,172,1135,5752,0.819541029207232,2115,7934,565,1121,118,4544,26,925,114,26
"1566","2020-04-28",398,18,184,1080,5752,0.819541029207232,2115,7934,565,1121,100,4644,31,956,95,31
"1567","2020-04-29",397,18,207,1031,5752,0.819541029207232,2115,7934,565,1121,90,4734,51,1007,87,51
"1568","2020-04-30",382,18,218,981,5752,0.819541029207232,2115,7934,565,1121,79,4813,43,1050,78,43
"1569","2020-05-01",407,18,205,927,5752,0.819541029207232,2115,7934,565,1121,72,4885,27,1077,66,27
"1570","2020-05-02",383,18,185,872,5752,0.819541029207232,2115,7934,565,1121,59,4944,20,1097,56,20
"1571","2020-05-03",342,18,180,833,5752,0.819541029207232,2115,7934,565,1121,78,5022,18,1115,74,18
"1572","2020-05-04",329,18,197,779,5752,0.819541029207232,2115,7934,565,1121,69,5091,37,1152,65,37
"1573","2020-05-05",313,18,195,729,5752,0.819541029207232,2115,7934,565,1121,59,5150,29,1181,57,29
"1574","2020-05-06",290,18,165,689,5752,0.819541029207232,2115,7934,565,1121,48,5198,19,1200,46,19
"1575","2020-05-07",275,18,165,642,5752,0.819541029207232,2115,7934,565,1121,45,5243,27,1227,41,27
"1576","2020-05-08",222,18,175,601,5752,0.819541029207232,2115,7934,565,1121,34,5277,30,1257,29,30
"1577","2020-05-09",224,18,190,560,5752,0.819541029207232,2115,7934,565,1121,49,5326,57,1314,44,57
"1578","2020-05-10",221,18,171,554,5752,0.819541029207232,2115,7934,565,1121,38,5364,40,1354,33,40
"1579","2020-05-11",202,18,145,514,5752,0.819541029207232,2115,7934,565,1121,31,5395,20,1374,26,20
"1580","2020-05-12",185,18,126,475,5752,0.819541029207232,2115,7934,565,1121,30,5425,24,1398,23,24
"1581","2020-05-13",179,18,129,454,5752,0.819541029207232,2115,7934,565,1121,35,5460,39,1437,31,39
"1582","2020-05-14",173,18,166,433,5752,0.819541029207232,2115,7934,565,1121,23,5483,30,1467,19,30
"1583","2020-05-15",180,18,170,426,5752,0.819541029207232,2115,7934,565,1121,24,5507,34,1501,19,34
"1584","2020-05-16",161,18,192,408,5752,0.819541029207232,2115,7934,565,1121,32,5539,31,1532,28,31
"1585","2020-05-17",146,18,241,386,5752,0.819541029207232,2115,7934,565,1121,34,5573,40,1572,28,40
"1586","2020-05-18",141,18,216,366,5752,0.819541029207232,2115,7934,565,1121,21,5594,19,1591,19,19
"1587","2020-05-19",135,18,227,346,5752,0.819541029207232,2115,7934,565,1121,12,5606,46,1637,9,46
"1588","2020-05-20",121,18,206,331,5752,0.819541029207232,2115,7934,565,1121,9,5615,48,1685,8,48
"1589","2020-05-21",113,18,183,305,5752,0.819541029207232,2115,7934,565,1121,18,5633,40,1725,16,40
"1590","2020-05-22",98,18,167,275,5752,0.819541029207232,2115,7934,565,1121,13,5646,23,1748,13,23
"1591","2020-05-23",90,18,154,263,5752,0.819541029207232,2115,7934,565,1121,17,5663,24,1772,16,24
"1592","2020-05-24",75,18,150,249,5752,0.819541029207232,2115,7934,565,1121,15,5678,25,1797,14,25
"1593","2020-05-25",74,18,176,252,5752,0.819541029207232,2115,7934,565,1121,9,5687,30,1827,7,30
"1594","2020-05-26",71,18,169,225,5752,0.819541029207232,2115,7934,565,1121,15,5702,42,1869,13,42
"1595","2020-05-27",79,18,149,207,5752,0.819541029207232,2115,7934,565,1121,8,5710,46,1915,7,46
"1596","2020-05-28",77,18,143,189,5752,0.819541029207232,2115,7934,565,1121,7,5717,21,1936,6,21
"1597","2020-05-29",71,18,136,172,5752,0.819541029207232,2115,7934,565,1121,5,5722,46,1982,4,46
"1598","2020-05-30",79,18,164,167,5752,0.819541029207232,2115,7934,565,1121,8,5730,40,2022,7,40
"1599","2020-05-31",80,18,188,170,5752,0.819541029207232,2115,7934,565,1121,11,5741,30,2052,8,30
"1600","2020-06-01",79,18,199,162,5752,0.819541029207232,2115,7934,565,1121,8,5749,20,2072,5,20
"1601","2020-06-02",76,18,208,155,5752,0.819541029207232,2115,7934,565,1121,3,5752,21,2093,3,21
"1602","2020-06-03",71,18,230,157,5752,0.819541029207232,2115,7934,565,1121,5,5757,8,2101,2,8
"1603","2020-06-04",62,18,240,142,5752,0.819541029207232,2115,7934,565,1121,4,5761,10,2111,4,10
"1604","2020-06-05",54,18,223,134,5752,0.819541029207232,2115,7934,565,1121,2,5763,21,2132,2,21
"1605","2020-06-06",50,18,227,119,5752,0.819541029207232,2115,7934,565,1121,3,5766,34,2166,3,34
"1606","2020-06-07",43,18,223,110,5752,0.819541029207232,2115,7934,565,1121,7,5773,15,2181,5,15
"1607","2020-03-11",1,19,20,24,4634,0.520069054812257,2100,7454,506,688,30,30,21,24,NA,21
"1608","2020-03-12",1,19,36,51,4634,0.520069054812257,2100,7454,506,688,36,66,14,38,1,14
"1609","2020-03-13",3,19,64,85,4634,0.520069054812257,2100,7454,506,688,24,90,30,68,6,30
"1610","2020-03-14",16,19,101,118,4634,0.520069054812257,2100,7454,506,688,44,134,24,92,14,24
"1611","2020-03-15",23,19,108,144,4634,0.520069054812257,2100,7454,506,688,39,173,6,98,15,6
"1612","2020-03-16",24,19,95,185,4634,0.520069054812257,2100,7454,506,688,46,219,9,107,27,9
"1613","2020-03-17",31,19,112,225,4634,0.520069054812257,2100,7454,506,688,66,285,10,117,43,10
"1614","2020-03-18",34,19,118,264,4634,0.520069054812257,2100,7454,506,688,60,345,7,124,33,7
"1615","2020-03-19",42,19,115,305,4634,0.520069054812257,2100,7454,506,688,79,424,12,136,54,12
"1616","2020-03-20",54,19,127,340,4634,0.520069054812257,2100,7454,506,688,83,507,15,151,52,15
"1617","2020-03-21",59,19,125,375,4634,0.520069054812257,2100,7454,506,688,104,611,37,188,73,37
"1618","2020-03-22",96,19,135,406,4634,0.520069054812257,2100,7454,506,688,121,732,38,226,92,38
"1619","2020-03-23",107,19,152,452,4634,0.520069054812257,2100,7454,506,688,119,851,28,254,92,28
"1620","2020-03-24",109,19,152,479,4634,0.520069054812257,2100,7454,506,688,129,980,33,287,100,33
"1621","2020-03-25",121,19,156,506,4634,0.520069054812257,2100,7454,506,688,133,1113,37,324,116,37
"1622","2020-03-26",125,19,144,530,4634,0.520069054812257,2100,7454,506,688,181,1294,24,348,153,24
"1623","2020-03-27",163,19,130,584,4634,0.520069054812257,2100,7454,506,688,162,1456,23,371,132,23
"1624","2020-03-28",183,19,101,604,4634,0.520069054812257,2100,7454,506,688,182,1638,11,382,155,11
"1625","2020-03-29",174,19,88,617,4634,0.520069054812257,2100,7454,506,688,144,1782,45,427,119,45
"1626","2020-03-30",172,19,84,635,4634,0.520069054812257,2100,7454,506,688,215,1997,21,448,188,21
"1627","2020-03-31",173,19,109,647,4634,0.520069054812257,2100,7454,506,688,199,2196,20,468,166,20
"1628","2020-04-01",180,19,140,674,4634,0.520069054812257,2100,7454,506,688,185,2381,9,477,153,9
"1629","2020-04-02",196,19,174,698,4634,0.520069054812257,2100,7454,506,688,215,2596,5,482,188,5
"1630","2020-04-03",212,19,188,710,4634,0.520069054812257,2100,7454,506,688,168,2764,50,532,147,50
"1631","2020-04-04",219,19,192,717,4634,0.520069054812257,2100,7454,506,688,195,2959,20,552,165,20
"1632","2020-04-05",214,19,202,735,4634,0.520069054812257,2100,7454,506,688,166,3125,18,570,146,18
"1633","2020-04-06",212,19,212,752,4634,0.520069054812257,2100,7454,506,688,202,3327,13,583,175,13
"1634","2020-04-07",207,19,213,753,4634,0.520069054812257,2100,7454,506,688,241,3568,6,589,210,6
"1635","2020-04-08",215,19,218,768,4634,0.520069054812257,2100,7454,506,688,151,3719,38,627,140,38
"1636","2020-04-09",210,19,220,760,4634,0.520069054812257,2100,7454,506,688,183,3902,26,653,166,26
"1637","2020-04-10",244,19,229,772,4634,0.520069054812257,2100,7454,506,688,144,4046,57,710,123,57
"1638","2020-04-11",260,19,233,789,4634,0.520069054812257,2100,7454,506,688,162,4208,39,749,143,39
"1639","2020-04-12",270,19,210,792,4634,0.520069054812257,2100,7454,506,688,136,4344,28,777,104,28
"1640","2020-04-13",272,19,214,794,4634,0.520069054812257,2100,7454,506,688,145,4489,45,822,126,45
"1641","2020-04-14",278,19,212,802,4634,0.520069054812257,2100,7454,506,688,143,4632,20,842,127,20
"1642","2020-04-15",271,19,202,813,4634,0.520069054812257,2100,7454,506,688,97,4729,26,868,75,26
"1643","2020-04-16",275,19,190,803,4634,0.520069054812257,2100,7454,506,688,115,4844,19,887,91,19
"1644","2020-04-17",311,19,189,814,4634,0.520069054812257,2100,7454,506,688,83,4927,55,942,72,55
"1645","2020-04-18",305,19,178,794,4634,0.520069054812257,2100,7454,506,688,104,5031,25,967,86,25
"1646","2020-04-19",280,19,169,784,4634,0.520069054812257,2100,7454,506,688,78,5109,27,994,59,27
"1647","2020-04-20",282,19,181,790,4634,0.520069054812257,2100,7454,506,688,84,5193,60,1054,70,60
"1648","2020-04-21",261,19,194,797,4634,0.520069054812257,2100,7454,506,688,63,5256,44,1098,44,44
"1649","2020-04-22",254,19,199,784,4634,0.520069054812257,2100,7454,506,688,56,5312,53,1151,48,53
"1650","2020-04-23",252,19,183,771,4634,0.520069054812257,2100,7454,506,688,64,5376,29,1180,52,29
"1651","2020-04-24",271,19,186,773,4634,0.520069054812257,2100,7454,506,688,54,5430,30,1210,41,30
"1652","2020-04-25",274,19,190,766,4634,0.520069054812257,2100,7454,506,688,48,5478,17,1227,32,17
"1653","2020-04-26",243,19,192,745,4634,0.520069054812257,2100,7454,506,688,44,5522,9,1236,29,9
"1654","2020-04-27",231,19,208,724,4634,0.520069054812257,2100,7454,506,688,50,5572,5,1241,34,5
"1655","2020-04-28",235,19,202,718,4634,0.520069054812257,2100,7454,506,688,32,5604,8,1249,18,8
"1656","2020-04-29",236,19,187,726,4634,0.520069054812257,2100,7454,506,688,45,5649,9,1258,27,9
"1657","2020-04-30",236,19,169,730,4634,0.520069054812257,2100,7454,506,688,34,5683,5,1263,25,5
"1658","2020-05-01",233,19,143,726,4634,0.520069054812257,2100,7454,506,688,31,5714,12,1275,19,12
"1659","2020-05-02",242,19,136,712,4634,0.520069054812257,2100,7454,506,688,21,5735,57,1332,9,57
"1660","2020-05-03",227,19,122,704,4634,0.520069054812257,2100,7454,506,688,25,5760,41,1373,15,41
"1661","2020-05-04",233,19,142,684,4634,0.520069054812257,2100,7454,506,688,32,5792,55,1428,21,55
"1662","2020-05-05",220,19,149,664,4634,0.520069054812257,2100,7454,506,688,21,5813,41,1469,10,41
"1663","2020-05-06",229,19,126,658,4634,0.520069054812257,2100,7454,506,688,21,5834,50,1519,10,50
"1664","2020-05-07",224,19,155,648,4634,0.520069054812257,2100,7454,506,688,31,5865,49,1568,19,49
"1665","2020-05-08",225,19,153,618,4634,0.520069054812257,2100,7454,506,688,19,5884,42,1610,11,42
"1666","2020-05-09",215,19,147,607,4634,0.520069054812257,2100,7454,506,688,24,5908,35,1645,13,35
"1667","2020-05-10",191,19,162,601,4634,0.520069054812257,2100,7454,506,688,20,5928,47,1692,7,47
"1668","2020-05-11",175,19,185,580,4634,0.520069054812257,2100,7454,506,688,21,5949,34,1726,10,34
"1669","2020-05-12",174,19,178,571,4634,0.520069054812257,2100,7454,506,688,25,5974,25,1751,16,25
"1670","2020-05-13",171,19,163,574,4634,0.520069054812257,2100,7454,506,688,19,5993,25,1776,11,25
"1671","2020-05-14",178,19,194,566,4634,0.520069054812257,2100,7454,506,688,15,6008,16,1792,10,16
"1672","2020-05-15",182,19,169,547,4634,0.520069054812257,2100,7454,506,688,29,6037,37,1829,15,37
"1673","2020-05-16",183,19,175,519,4634,0.520069054812257,2100,7454,506,688,18,6055,45,1874,6,45
"1674","2020-05-17",187,19,156,509,4634,0.520069054812257,2100,7454,506,688,13,6068,25,1899,2,25
"1675","2020-05-18",181,19,145,487,4634,0.520069054812257,2100,7454,506,688,13,6081,16,1915,5,16
"1676","2020-05-19",172,19,137,471,4634,0.520069054812257,2100,7454,506,688,11,6092,6,1921,4,6
"1677","2020-05-20",171,19,135,454,4634,0.520069054812257,2100,7454,506,688,13,6105,45,1966,8,45
"1678","2020-05-21",165,19,113,449,4634,0.520069054812257,2100,7454,506,688,11,6116,23,1989,2,23
"1679","2020-05-22",161,19,93,434,4634,0.520069054812257,2100,7454,506,688,8,6124,15,2004,2,15
"1680","2020-05-23",150,19,80,409,4634,0.520069054812257,2100,7454,506,688,12,6136,45,2049,5,45
"1681","2020-05-24",145,19,87,380,4634,0.520069054812257,2100,7454,506,688,9,6145,40,2089,2,40
"1682","2020-05-25",144,19,111,358,4634,0.520069054812257,2100,7454,506,688,17,6162,27,2116,6,27
"1683","2020-05-26",142,19,112,342,4634,0.520069054812257,2100,7454,506,688,9,6171,32,2148,2,32
"1684","2020-05-27",131,19,121,328,4634,0.520069054812257,2100,7454,506,688,15,6186,18,2166,6,18
"1685","2020-05-28",121,19,110,299,4634,0.520069054812257,2100,7454,506,688,5,6191,44,2210,3,44
"1686","2020-05-29",115,19,102,285,4634,0.520069054812257,2100,7454,506,688,7,6198,26,2236,1,26
"1687","2020-05-30",115,19,100,266,4634,0.520069054812257,2100,7454,506,688,6,6204,33,2269,6,33
"1688","2020-05-31",106,19,98,238,4634,0.520069054812257,2100,7454,506,688,2,6206,38,2307,NA,38
"1689","2020-06-01",103,19,97,224,4634,0.520069054812257,2100,7454,506,688,6,6212,35,2342,2,35
"1690","2020-06-02",93,19,82,207,4634,0.520069054812257,2100,7454,506,688,4,6216,29,2371,2,29
"1691","2020-06-03",86,19,72,213,4634,0.520069054812257,2100,7454,506,688,9,6225,35,2406,3,35
"1692","2020-06-04",84,19,57,202,4634,0.520069054812257,2100,7454,506,688,3,6228,18,2424,NA,18
"1693","2020-06-05",87,19,54,193,4634,0.520069054812257,2100,7454,506,688,7,6235,25,2449,NA,25
"1694","2020-06-06",79,19,55,193,4634,0.520069054812257,2100,7454,506,688,5,6240,31,2480,1,31
"1695","2020-06-07",66,19,60,193,4634,0.520069054812257,2100,7454,506,688,11,6251,22,2502,5,22
"1696","2020-03-14",7,20,78,48,5712,0.92296918767507,1995,7208,624,1009,12,40,22,77,3,22
"1697","2020-03-15",8,20,96,66,5712,0.92296918767507,1995,7208,624,1009,13,53,24,101,5,24
"1698","2020-03-16",7,20,113,83,5712,0.92296918767507,1995,7208,624,1009,25,78,21,122,15,21
"1699","2020-03-17",12,20,110,112,5712,0.92296918767507,1995,7208,624,1009,22,100,18,140,10,18
"1700","2020-03-18",15,20,124,132,5712,0.92296918767507,1995,7208,624,1009,25,125,24,164,11,24
"1701","2020-03-19",21,20,153,166,5712,0.92296918767507,1995,7208,624,1009,25,150,25,189,16,25
"1702","2020-03-20",36,20,145,207,5712,0.92296918767507,1995,7208,624,1009,31,181,19,208,20,19
"1703","2020-03-21",46,20,185,251,5712,0.92296918767507,1995,7208,624,1009,32,213,19,227,18,19
"1704","2020-03-22",62,20,222,291,5712,0.92296918767507,1995,7208,624,1009,31,244,27,254,22,27
"1705","2020-03-23",71,20,210,338,5712,0.92296918767507,1995,7208,624,1009,46,290,24,278,33,24
"1706","2020-03-24",72,20,183,392,5712,0.92296918767507,1995,7208,624,1009,68,358,26,304,53,26
"1707","2020-03-25",79,20,158,448,5712,0.92296918767507,1995,7208,624,1009,54,412,24,328,47,24
"1708","2020-03-26",91,20,156,508,5712,0.92296918767507,1995,7208,624,1009,76,488,32,360,63,32
"1709","2020-03-27",121,20,143,570,5712,0.92296918767507,1995,7208,624,1009,82,570,32,392,72,32
"1710","2020-03-28",153,20,125,632,5712,0.92296918767507,1995,7208,624,1009,96,666,28,420,84,28
"1711","2020-03-29",157,20,117,673,5712,0.92296918767507,1995,7208,624,1009,93,759,34,454,77,34
"1712","2020-03-30",157,20,154,721,5712,0.92296918767507,1995,7208,624,1009,79,838,26,480,68,26
"1713","2020-03-31",171,20,145,780,5712,0.92296918767507,1995,7208,624,1009,94,932,38,518,82,38
"1714","2020-04-01",190,20,146,831,5712,0.92296918767507,1995,7208,624,1009,129,1061,45,563,117,45
"1715","2020-04-02",205,20,163,898,5712,0.92296918767507,1995,7208,624,1009,136,1197,37,600,122,37
"1716","2020-04-03",283,20,155,978,5712,0.92296918767507,1995,7208,624,1009,133,1330,29,629,120,29
"1717","2020-04-04",282,20,141,1032,5712,0.92296918767507,1995,7208,624,1009,124,1454,36,665,113,36
"1718","2020-04-05",312,20,129,1111,5712,0.92296918767507,1995,7208,624,1009,133,1587,47,712,116,47
"1719","2020-04-06",332,20,123,1164,5712,0.92296918767507,1995,7208,624,1009,144,1731,27,739,127,27
"1720","2020-04-07",334,20,129,1259,5712,0.92296918767507,1995,7208,624,1009,147,1878,34,773,137,34
"1721","2020-04-08",348,20,192,1300,5712,0.92296918767507,1995,7208,624,1009,129,2007,37,810,119,37
"1722","2020-04-09",368,20,223,1347,5712,0.92296918767507,1995,7208,624,1009,147,2154,29,839,135,29
"1723","2020-04-10",446,20,228,1391,5712,0.92296918767507,1995,7208,624,1009,172,2326,39,878,160,39
"1724","2020-04-11",487,20,221,1400,5712,0.92296918767507,1995,7208,624,1009,159,2485,48,926,153,48
"1725","2020-04-12",447,20,230,1448,5712,0.92296918767507,1995,7208,624,1009,163,2648,46,972,148,46
"1726","2020-04-13",457,20,225,1491,5712,0.92296918767507,1995,7208,624,1009,186,2834,41,1013,176,41
"1727","2020-04-14",476,20,193,1506,5712,0.92296918767507,1995,7208,624,1009,145,2979,48,1061,132,48
"1728","2020-04-15",484,20,175,1503,5712,0.92296918767507,1995,7208,624,1009,155,3134,32,1093,145,32
"1729","2020-04-16",487,20,184,1478,5712,0.92296918767507,1995,7208,624,1009,163,3297,44,1137,148,44
"1730","2020-04-17",554,20,202,1514,5712,0.92296918767507,1995,7208,624,1009,141,3438,28,1165,129,28
"1731","2020-04-18",571,20,190,1528,5712,0.92296918767507,1995,7208,624,1009,138,3576,26,1191,125,26
"1732","2020-04-19",547,20,162,1516,5712,0.92296918767507,1995,7208,624,1009,125,3701,34,1225,118,34
"1733","2020-04-20",533,20,209,1504,5712,0.92296918767507,1995,7208,624,1009,130,3831,20,1245,118,20
"1734","2020-04-21",515,20,276,1457,5712,0.92296918767507,1995,7208,624,1009,136,3967,47,1292,132,47
"1735","2020-04-22",518,20,321,1438,5712,0.92296918767507,1995,7208,624,1009,116,4083,31,1323,108,31
"1736","2020-04-23",515,20,319,1414,5712,0.92296918767507,1995,7208,624,1009,128,4211,28,1351,122,28
"1737","2020-04-24",527,20,326,1384,5712,0.92296918767507,1995,7208,624,1009,92,4303,52,1403,84,52
"1738","2020-04-25",500,20,321,1332,5712,0.92296918767507,1995,7208,624,1009,118,4421,42,1445,105,42
"1739","2020-04-26",464,20,291,1303,5712,0.92296918767507,1995,7208,624,1009,92,4513,31,1476,88,31
"1740","2020-04-27",454,20,290,1265,5712,0.92296918767507,1995,7208,624,1009,66,4579,22,1498,63,22
"1741","2020-04-28",462,20,252,1229,5712,0.92296918767507,1995,7208,624,1009,117,4696,28,1526,107,28
"1742","2020-04-29",469,20,222,1168,5712,0.92296918767507,1995,7208,624,1009,104,4800,34,1560,100,34
"1743","2020-04-30",452,20,181,1097,5712,0.92296918767507,1995,7208,624,1009,64,4864,56,1616,59,56
"1744","2020-05-01",416,20,156,1016,5712,0.92296918767507,1995,7208,624,1009,65,4929,47,1663,60,47
"1745","2020-05-02",404,20,138,960,5712,0.92296918767507,1995,7208,624,1009,52,4981,38,1701,44,38
"1746","2020-05-03",364,20,129,895,5712,0.92296918767507,1995,7208,624,1009,74,5055,29,1730,63,29
"1747","2020-05-04",352,20,129,856,5712,0.92296918767507,1995,7208,624,1009,49,5104,51,1781,42,51
"1748","2020-05-05",319,20,187,780,5712,0.92296918767507,1995,7208,624,1009,62,5166,30,1811,56,30
"1749","2020-05-06",279,20,235,748,5712,0.92296918767507,1995,7208,624,1009,43,5209,28,1839,36,28
"1750","2020-05-07",263,20,233,693,5712,0.92296918767507,1995,7208,624,1009,58,5267,27,1866,53,27
"1751","2020-05-08",221,20,206,647,5712,0.92296918767507,1995,7208,624,1009,49,5316,36,1902,43,36
"1752","2020-05-09",223,20,169,587,5712,0.92296918767507,1995,7208,624,1009,51,5367,38,1940,41,38
"1753","2020-05-10",219,20,164,544,5712,0.92296918767507,1995,7208,624,1009,46,5413,54,1994,38,54
"1754","2020-05-11",197,20,154,508,5712,0.92296918767507,1995,7208,624,1009,32,5445,47,2041,25,47
"1755","2020-05-12",201,20,189,470,5712,0.92296918767507,1995,7208,624,1009,30,5475,29,2070,25,29
"1756","2020-05-13",199,20,190,442,5712,0.92296918767507,1995,7208,624,1009,21,5496,35,2105,16,35
"1757","2020-05-14",195,20,174,424,5712,0.92296918767507,1995,7208,624,1009,21,5517,19,2124,15,19
"1758","2020-05-15",172,20,160,403,5712,0.92296918767507,1995,7208,624,1009,24,5541,29,2153,20,29
"1759","2020-05-16",168,20,161,379,5712,0.92296918767507,1995,7208,624,1009,24,5565,24,2177,22,24
"1760","2020-05-17",161,20,185,349,5712,0.92296918767507,1995,7208,624,1009,17,5582,19,2196,16,19
"1761","2020-05-18",163,20,166,330,5712,0.92296918767507,1995,7208,624,1009,19,5601,22,2218,14,22
"1762","2020-05-19",142,20,173,323,5712,0.92296918767507,1995,7208,624,1009,21,5622,24,2242,17,24
"1763","2020-05-20",137,20,149,303,5712,0.92296918767507,1995,7208,624,1009,15,5637,31,2273,12,31
"1764","2020-05-21",135,20,140,282,5712,0.92296918767507,1995,7208,624,1009,15,5652,26,2299,13,26
"1765","2020-05-22",132,20,153,266,5712,0.92296918767507,1995,7208,624,1009,16,5668,22,2321,12,22
"1766","2020-05-23",118,20,159,258,5712,0.92296918767507,1995,7208,624,1009,10,5678,18,2339,6,18
"1767","2020-05-24",97,20,166,237,5712,0.92296918767507,1995,7208,624,1009,8,5686,23,2362,4,23
"1768","2020-05-25",93,20,155,221,5712,0.92296918767507,1995,7208,624,1009,12,5698,37,2399,9,37
"1769","2020-05-26",94,20,138,200,5712,0.92296918767507,1995,7208,624,1009,12,5710,17,2416,12,17
"1770","2020-05-27",89,20,125,189,5712,0.92296918767507,1995,7208,624,1009,10,5720,22,2438,8,22
"1771","2020-05-28",82,20,114,177,5712,0.92296918767507,1995,7208,624,1009,10,5730,12,2450,7,12
"1772","2020-05-29",78,20,113,164,5712,0.92296918767507,1995,7208,624,1009,7,5737,8,2458,4,8
"1773","2020-05-30",71,20,113,149,5712,0.92296918767507,1995,7208,624,1009,7,5744,19,2477,5,19
"1774","2020-05-31",65,20,134,139,5712,0.92296918767507,1995,7208,624,1009,13,5757,14,2491,11,14
"1775","2020-06-01",51,20,149,131,5712,0.92296918767507,1995,7208,624,1009,9,5766,10,2501,7,10
"1776","2020-06-02",45,20,158,126,5712,0.92296918767507,1995,7208,624,1009,10,5776,9,2510,8,9
"1777","2020-06-03",43,20,152,120,5712,0.92296918767507,1995,7208,624,1009,6,5782,16,2526,4,16
"1778","2020-06-04",43,20,162,114,5712,0.92296918767507,1995,7208,624,1009,11,5793,21,2547,8,21
"1779","2020-06-05",40,20,182,106,5712,0.92296918767507,1995,7208,624,1009,11,5804,7,2554,5,7
"1780","2020-06-06",42,20,193,101,5712,0.92296918767507,1995,7208,624,1009,8,5812,10,2564,8,10
"1781","2020-06-07",41,20,166,94,5712,0.92296918767507,1995,7208,624,1009,8,5820,24,2588,6,24
