"","Date","Absents","Paramset","Infections_or_Exposed_per_day_Patient","Infections_or_Exposed_per_day_HCW","total_infections","nosocomial_proportion","PCR_pooled","LFD_pooled","HCW_symp_test","patient_symp_test","new_hcw_infs","cumulative_hcw_infs","new_pat_infs","cumulative_pats_infs","new_nosocomial_hcw_infs","new_nosocomial_pat_infs"
"1","2020-03-12",1,1,17,43,5827,0.688175733653681,0,0,464,305,26,43,4,13,4,4
"2","2020-03-13",1,1,12,60,5827,0.688175733653681,0,0,464,305,17,60,1,14,4,1
"3","2020-03-14",3,1,15,89,5827,0.688175733653681,0,0,464,305,29,89,2,16,6,2
"4","2020-03-15",6,1,20,132,5827,0.688175733653681,0,0,464,305,43,132,5,21,14,5
"5","2020-03-16",12,1,20,170,5827,0.688175733653681,0,0,464,305,38,170,2,23,17,2
"6","2020-03-17",18,1,24,215,5827,0.688175733653681,0,0,464,305,45,215,5,28,17,5
"7","2020-03-18",29,1,22,249,5827,0.688175733653681,0,0,464,305,34,249,4,32,21,4
"8","2020-03-19",40,1,29,293,5827,0.688175733653681,0,0,464,305,50,299,6,38,23,6
"9","2020-03-20",55,1,38,327,5827,0.688175733653681,0,0,464,305,44,343,10,48,23,10
"10","2020-03-21",63,1,41,366,5827,0.688175733653681,0,0,464,305,48,391,9,57,26,9
"11","2020-03-22",79,1,43,400,5827,0.688175733653681,0,0,464,305,45,436,11,68,22,11
"12","2020-03-23",90,1,44,436,5827,0.688175733653681,0,0,464,305,52,488,7,75,34,7
"13","2020-03-24",100,1,44,469,5827,0.688175733653681,0,0,464,305,55,543,12,87,29,12
"14","2020-03-25",113,1,50,499,5827,0.688175733653681,0,0,464,305,62,605,8,95,33,8
"15","2020-03-26",114,1,44,538,5827,0.688175733653681,0,0,464,305,73,678,5,100,47,5
"16","2020-03-27",120,1,51,588,5827,0.688175733653681,0,0,464,305,94,772,11,111,77,11
"17","2020-03-28",138,1,49,618,5827,0.688175733653681,0,0,464,305,66,838,5,116,36,5
"18","2020-03-29",142,1,41,663,5827,0.688175733653681,0,0,464,305,85,923,6,122,55,6
"19","2020-03-30",157,1,46,708,5827,0.688175733653681,0,0,464,305,91,1014,4,126,72,4
"20","2020-03-31",170,1,49,764,5827,0.688175733653681,0,0,464,305,103,1117,11,137,73,11
"21","2020-04-01",175,1,48,794,5827,0.688175733653681,0,0,464,305,88,1205,6,143,61,6
"22","2020-04-02",196,1,56,831,5827,0.688175733653681,0,0,464,305,94,1299,15,158,73,15
"23","2020-04-03",217,1,58,867,5827,0.688175733653681,0,0,464,305,95,1394,10,168,74,11
"24","2020-04-04",221,1,67,908,5827,0.688175733653681,0,0,464,305,87,1481,20,188,66,20
"25","2020-04-05",239,1,69,963,5827,0.688175733653681,0,0,464,305,120,1601,14,202,90,14
"26","2020-04-06",241,1,77,1007,5827,0.688175733653681,0,0,464,305,116,1717,19,221,95,19
"27","2020-04-07",255,1,74,1044,5827,0.688175733653681,0,0,464,305,104,1821,11,232,82,11
"28","2020-04-08",269,1,89,1067,5827,0.688175733653681,0,0,464,305,99,1920,20,252,69,20
"29","2020-04-09",282,1,82,1094,5827,0.688175733653681,0,0,464,305,103,2023,14,266,75,14
"30","2020-04-10",290,1,100,1123,5827,0.688175733653681,0,0,464,305,113,2136,31,297,86,31
"31","2020-04-11",302,1,108,1155,5827,0.688175733653681,0,0,464,305,112,2248,19,316,85,19
"32","2020-04-12",307,1,103,1202,5827,0.688175733653681,0,0,464,305,137,2385,14,330,106,14
"33","2020-04-13",313,1,91,1197,5827,0.688175733653681,0,0,464,305,100,2485,15,345,71,15
"34","2020-04-14",316,1,78,1207,5827,0.688175733653681,0,0,464,305,100,2585,6,351,77,6
"35","2020-04-15",314,1,66,1236,5827,0.688175733653681,0,0,464,305,129,2714,6,357,107,6
"36","2020-04-16",309,1,67,1225,5827,0.688175733653681,0,0,464,305,88,2802,11,368,69,11
"37","2020-04-17",314,1,60,1241,5827,0.688175733653681,0,0,464,305,139,2941,7,375,114,7
"38","2020-04-18",308,1,55,1228,5827,0.688175733653681,0,0,464,305,103,3044,6,381,82,6
"39","2020-04-19",322,1,57,1251,5827,0.688175733653681,0,0,464,305,126,3170,11,392,103,11
"40","2020-04-20",330,1,72,1229,5827,0.688175733653681,0,0,464,305,100,3270,13,405,83,13
"41","2020-04-21",327,1,83,1190,5827,0.688175733653681,0,0,464,305,84,3354,22,427,67,22
"42","2020-04-22",342,1,91,1185,5827,0.688175733653681,0,0,464,305,96,3450,23,450,81,23
"43","2020-04-23",354,1,97,1171,5827,0.688175733653681,0,0,464,305,103,3553,13,463,82,13
"44","2020-04-24",355,1,92,1172,5827,0.688175733653681,0,0,464,305,115,3668,13,476,91,13
"45","2020-04-25",352,1,86,1169,5827,0.688175733653681,0,0,464,305,101,3769,12,488,74,12
"46","2020-04-26",336,1,78,1134,5827,0.688175733653681,0,0,464,305,76,3845,11,499,55,11
"47","2020-04-27",327,1,84,1097,5827,0.688175733653681,0,0,464,305,74,3919,11,510,52,11
"48","2020-04-28",331,1,89,1058,5827,0.688175733653681,0,0,464,305,80,3999,15,525,65,15
"49","2020-04-29",313,1,86,1024,5827,0.688175733653681,0,0,464,305,67,4066,8,533,52,8
"50","2020-04-30",303,1,87,1024,5827,0.688175733653681,0,0,464,305,95,4161,17,550,79,17
"51","2020-05-01",281,1,88,981,5827,0.688175733653681,0,0,464,305,73,4234,12,562,42,12
"52","2020-05-02",295,1,84,968,5827,0.688175733653681,0,0,464,305,87,4321,13,575,65,13
"53","2020-05-03",301,1,84,926,5827,0.688175733653681,0,0,464,305,51,4372,12,587,36,12
"54","2020-05-04",306,1,83,886,5827,0.688175733653681,0,0,464,305,52,4424,14,601,36,14
"55","2020-05-05",299,1,86,847,5827,0.688175733653681,0,0,464,305,48,4472,15,616,31,15
"56","2020-05-06",297,1,87,837,5827,0.688175733653681,0,0,464,305,63,4535,20,636,45,20
"57","2020-05-07",271,1,99,779,5827,0.688175733653681,0,0,464,305,48,4583,22,658,29,22
"58","2020-05-08",277,1,111,771,5827,0.688175733653681,0,0,464,305,71,4654,23,681,57,23
"59","2020-05-09",266,1,127,738,5827,0.688175733653681,0,0,464,305,49,4703,32,713,38,32
"60","2020-05-10",249,1,128,717,5827,0.688175733653681,0,0,464,305,55,4758,23,736,43,23
"61","2020-05-11",227,1,110,672,5827,0.688175733653681,0,0,464,305,40,4798,12,748,29,12
"62","2020-05-12",208,1,102,659,5827,0.688175733653681,0,0,464,305,59,4857,9,757,44,9
"63","2020-05-13",201,1,88,642,5827,0.688175733653681,0,0,464,305,58,4915,10,767,45,10
"64","2020-05-14",200,1,81,615,5827,0.688175733653681,0,0,464,305,42,4957,12,779,26,12
"65","2020-05-15",183,1,85,607,5827,0.688175733653681,0,0,464,305,51,5008,16,795,35,16
"66","2020-05-16",166,1,95,579,5827,0.688175733653681,0,0,464,305,36,5044,15,810,27,15
"67","2020-05-17",160,1,103,549,5827,0.688175733653681,0,0,464,305,27,5071,24,834,21,24
"68","2020-05-18",158,1,107,523,5827,0.688175733653681,0,0,464,305,28,5099,19,853,21,19
"69","2020-05-19",161,1,114,505,5827,0.688175733653681,0,0,464,305,35,5134,21,874,23,21
"70","2020-05-20",153,1,108,469,5827,0.688175733653681,0,0,464,305,35,5169,14,888,28,14
"71","2020-05-21",149,1,104,451,5827,0.688175733653681,0,0,464,305,26,5195,21,909,17,21
"72","2020-05-22",145,1,111,423,5827,0.688175733653681,0,0,464,305,29,5224,19,928,26,19
"73","2020-05-23",138,1,109,417,5827,0.688175733653681,0,0,464,305,35,5259,19,947,31,19
"74","2020-05-24",128,1,117,387,5827,0.688175733653681,0,0,464,305,23,5282,24,971,16,24
"75","2020-05-25",123,1,118,368,5827,0.688175733653681,0,0,464,305,28,5310,27,998,19,27
"76","2020-05-26",121,1,132,344,5827,0.688175733653681,0,0,464,305,27,5337,29,1027,16,29
"77","2020-05-27",110,1,139,323,5827,0.688175733653681,0,0,464,305,17,5354,26,1053,12,26
"78","2020-05-28",115,1,132,300,5827,0.688175733653681,0,0,464,305,24,5378,17,1070,16,17
"79","2020-05-29",111,1,125,289,5827,0.688175733653681,0,0,464,305,17,5395,18,1088,12,18
"80","2020-05-30",114,1,115,275,5827,0.688175733653681,0,0,464,305,18,5413,19,1107,14,19
"81","2020-05-31",104,1,111,281,5827,0.688175733653681,0,0,464,305,28,5441,12,1119,20,12
"82","2020-06-01",100,1,98,268,5827,0.688175733653681,0,0,464,305,20,5461,8,1127,12,8
"83","2020-06-02",90,1,101,255,5827,0.688175733653681,0,0,464,305,15,5476,14,1141,13,14
"84","2020-06-03",88,1,88,244,5827,0.688175733653681,0,0,464,305,12,5488,7,1148,5,7
"85","2020-06-04",80,1,84,223,5827,0.688175733653681,0,0,464,305,13,5501,12,1160,12,12
"86","2020-06-05",71,1,83,219,5827,0.688175733653681,0,0,464,305,21,5522,8,1168,14,8
"87","2020-06-06",58,1,74,203,5827,0.688175733653681,0,0,464,305,10,5532,6,1174,9,6
"88","2020-06-07",56,1,68,185,5827,0.688175733653681,0,0,464,305,11,5543,11,1185,7,11
"89","2020-03-13",1,2,22,45,3676,0.724972796517954,0,0,329,228,23,49,5,19,3,5
"90","2020-03-14",3,2,25,52,3676,0.724972796517954,0,0,329,228,18,67,10,29,1,10
"91","2020-03-15",4,2,24,64,3676,0.724972796517954,0,0,329,228,22,89,12,41,5,12
"92","2020-03-16",7,2,22,92,3676,0.724972796517954,0,0,329,228,19,108,9,50,4,9
"93","2020-03-17",10,2,21,111,3676,0.724972796517954,0,0,329,228,24,132,12,62,5,12
"94","2020-03-18",13,2,26,139,3676,0.724972796517954,0,0,329,228,17,149,9,71,4,9
"95","2020-03-19",18,2,23,157,3676,0.724972796517954,0,0,329,228,41,190,11,82,24,11
"96","2020-03-20",22,2,27,166,3676,0.724972796517954,0,0,329,228,28,218,14,96,10,15
"97","2020-03-21",31,2,29,182,3676,0.724972796517954,0,0,329,228,37,255,21,117,19,21
"98","2020-03-22",42,2,37,205,3676,0.724972796517954,0,0,329,228,30,285,15,132,10,15
"99","2020-03-23",45,2,36,224,3676,0.724972796517954,0,0,329,228,35,320,22,154,14,22
"100","2020-03-24",50,2,39,228,3676,0.724972796517954,0,0,329,228,35,355,24,178,18,24
"101","2020-03-25",50,2,40,234,3676,0.724972796517954,0,0,329,228,41,396,16,194,17,16
"102","2020-03-26",55,2,29,257,3676,0.724972796517954,0,0,329,228,30,426,25,219,10,25
"103","2020-03-27",65,2,33,278,3676,0.724972796517954,0,0,329,228,61,487,21,240,25,21
"104","2020-03-28",60,2,36,307,3676,0.724972796517954,0,0,329,228,32,519,18,258,15,18
"105","2020-03-29",63,2,31,327,3676,0.724972796517954,0,0,329,228,35,554,22,280,15,22
"106","2020-03-30",74,2,23,355,3676,0.724972796517954,0,0,329,228,33,587,26,306,20,26
"107","2020-03-31",78,2,26,377,3676,0.724972796517954,0,0,329,228,34,621,12,318,17,12
"108","2020-04-01",89,2,30,396,3676,0.724972796517954,0,0,329,228,44,665,15,333,19,15
"109","2020-04-02",89,2,28,427,3676,0.724972796517954,0,0,329,228,30,695,18,351,12,18
"110","2020-04-03",88,2,38,477,3676,0.724972796517954,0,0,329,228,38,733,22,373,19,22
"111","2020-04-04",106,2,39,502,3676,0.724972796517954,0,0,329,228,41,774,8,381,17,8
"112","2020-04-05",114,2,33,543,3676,0.724972796517954,0,0,329,228,39,813,19,400,25,19
"113","2020-04-06",111,2,42,575,3676,0.724972796517954,0,0,329,228,42,855,23,423,20,23
"114","2020-04-07",119,2,45,608,3676,0.724972796517954,0,0,329,228,44,899,23,446,19,23
"115","2020-04-08",127,2,52,634,3676,0.724972796517954,0,0,329,228,39,938,27,473,16,27
"116","2020-04-09",148,2,54,659,3676,0.724972796517954,0,0,329,228,47,985,18,491,22,18
"117","2020-04-10",159,2,70,695,3676,0.724972796517954,0,0,329,228,48,1033,17,508,20,17
"118","2020-04-11",157,2,75,713,3676,0.724972796517954,0,0,329,228,48,1081,19,527,29,19
"119","2020-04-12",165,2,87,716,3676,0.724972796517954,0,0,329,228,43,1124,8,535,18,8
"120","2020-04-13",189,2,86,725,3676,0.724972796517954,0,0,329,228,34,1158,23,558,14,23
"121","2020-04-14",201,2,86,743,3676,0.724972796517954,0,0,329,228,49,1207,17,575,18,17
"122","2020-04-15",212,2,93,759,3676,0.724972796517954,0,0,329,228,34,1241,28,603,19,28
"123","2020-04-16",204,2,105,767,3676,0.724972796517954,0,0,329,228,43,1284,15,618,20,15
"124","2020-04-17",211,2,108,765,3676,0.724972796517954,0,0,329,228,43,1327,39,657,19,39
"125","2020-04-18",217,2,107,749,3676,0.724972796517954,0,0,329,228,38,1365,32,689,18,32
"126","2020-04-19",221,2,124,742,3676,0.724972796517954,0,0,329,228,37,1402,26,715,9,26
"127","2020-04-20",204,2,141,724,3676,0.724972796517954,0,0,329,228,36,1438,37,752,12,37
"128","2020-04-21",197,2,145,713,3676,0.724972796517954,0,0,329,228,40,1478,38,790,14,38
"129","2020-04-22",190,2,142,694,3676,0.724972796517954,0,0,329,228,42,1520,31,821,17,31
"130","2020-04-23",193,2,142,696,3676,0.724972796517954,0,0,329,228,39,1559,37,858,10,37
"131","2020-04-24",190,2,116,677,3676,0.724972796517954,0,0,329,228,38,1597,24,882,17,24
"132","2020-04-25",192,2,107,657,3676,0.724972796517954,0,0,329,228,42,1639,33,915,18,33
"133","2020-04-26",190,2,97,630,3676,0.724972796517954,0,0,329,228,37,1676,28,943,17,28
"134","2020-04-27",202,2,94,610,3676,0.724972796517954,0,0,329,228,42,1718,21,964,19,21
"135","2020-04-28",196,2,81,613,3676,0.724972796517954,0,0,329,228,28,1746,26,990,12,26
"136","2020-04-29",190,2,74,587,3676,0.724972796517954,0,0,329,228,34,1780,27,1017,15,27
"137","2020-04-30",187,2,68,582,3676,0.724972796517954,0,0,329,228,47,1827,33,1050,18,33
"138","2020-05-01",192,2,102,568,3676,0.724972796517954,0,0,329,228,31,1858,9,1059,8,9
"139","2020-05-02",185,2,124,570,3676,0.724972796517954,0,0,329,228,38,1896,17,1076,9,17
"140","2020-05-03",177,2,121,563,3676,0.724972796517954,0,0,329,228,40,1936,15,1091,14,15
"141","2020-05-04",173,2,108,565,3676,0.724972796517954,0,0,329,228,35,1971,19,1110,16,19
"142","2020-05-05",183,2,110,561,3676,0.724972796517954,0,0,329,228,29,2000,22,1132,10,22
"143","2020-05-06",181,2,109,544,3676,0.724972796517954,0,0,329,228,34,2034,19,1151,10,19
"144","2020-05-07",183,2,103,533,3676,0.724972796517954,0,0,329,228,48,2082,22,1173,18,22
"145","2020-05-08",170,2,89,516,3676,0.724972796517954,0,0,329,228,34,2116,20,1193,15,20
"146","2020-05-09",168,2,98,515,3676,0.724972796517954,0,0,329,228,31,2147,12,1205,15,12
"147","2020-05-10",168,2,90,510,3676,0.724972796517954,0,0,329,228,17,2164,8,1213,9,8
"148","2020-05-11",153,2,81,499,3676,0.724972796517954,0,0,329,228,28,2192,14,1227,13,14
"149","2020-05-12",142,2,79,474,3676,0.724972796517954,0,0,329,228,29,2221,14,1241,14,14
"150","2020-05-13",137,2,97,474,3676,0.724972796517954,0,0,329,228,28,2249,15,1256,14,15
"151","2020-05-14",134,2,93,470,3676,0.724972796517954,0,0,329,228,24,2273,15,1271,7,15
"152","2020-05-15",127,2,84,461,3676,0.724972796517954,0,0,329,228,23,2296,16,1287,10,16
"153","2020-05-16",131,2,90,443,3676,0.724972796517954,0,0,329,228,35,2331,6,1293,17,6
"154","2020-05-17",123,2,81,427,3676,0.724972796517954,0,0,329,228,28,2359,14,1307,12,14
"155","2020-05-18",123,2,78,412,3676,0.724972796517954,0,0,329,228,25,2384,22,1329,8,22
"156","2020-05-19",128,2,94,407,3676,0.724972796517954,0,0,329,228,25,2409,25,1354,12,25
"157","2020-05-20",127,2,98,390,3676,0.724972796517954,0,0,329,228,27,2436,18,1372,14,18
"158","2020-05-21",123,2,94,373,3676,0.724972796517954,0,0,329,228,18,2454,7,1379,5,7
"159","2020-05-22",123,2,85,368,3676,0.724972796517954,0,0,329,228,31,2485,9,1388,18,9
"160","2020-05-23",109,2,100,354,3676,0.724972796517954,0,0,329,228,26,2511,9,1397,9,9
"161","2020-05-24",103,2,92,353,3676,0.724972796517954,0,0,329,228,29,2540,10,1407,9,10
"162","2020-05-25",100,2,84,337,3676,0.724972796517954,0,0,329,228,27,2567,13,1420,13,13
"163","2020-05-26",97,2,89,325,3676,0.724972796517954,0,0,329,228,18,2585,10,1430,11,10
"164","2020-05-27",93,2,89,306,3676,0.724972796517954,0,0,329,228,25,2610,4,1434,11,4
"165","2020-05-28",87,2,85,292,3676,0.724972796517954,0,0,329,228,13,2623,13,1447,2,13
"166","2020-05-29",90,2,80,282,3676,0.724972796517954,0,0,329,228,15,2638,16,1463,6,16
"167","2020-05-30",95,2,83,273,3676,0.724972796517954,0,0,329,228,13,2651,10,1473,6,10
"168","2020-05-31",99,2,80,267,3676,0.724972796517954,0,0,329,228,23,2674,9,1482,14,9
"169","2020-06-01",100,2,84,252,3676,0.724972796517954,0,0,329,228,15,2689,15,1497,8,15
"170","2020-06-02",91,2,95,233,3676,0.724972796517954,0,0,329,228,18,2707,22,1519,7,22
"171","2020-06-03",91,2,81,227,3676,0.724972796517954,0,0,329,228,14,2721,18,1537,2,18
"172","2020-06-04",89,2,77,218,3676,0.724972796517954,0,0,329,228,16,2737,17,1554,5,17
"173","2020-06-05",85,2,66,213,3676,0.724972796517954,0,0,329,228,24,2761,15,1569,15,15
"174","2020-06-06",85,2,57,210,3676,0.724972796517954,0,0,329,228,14,2775,11,1580,5,11
"175","2020-06-07",76,2,47,193,3676,0.724972796517954,0,0,329,228,16,2791,12,1592,8,12
"176","2020-03-13",2,3,69,62,3617,0.491844069670998,0,0,355,808,9,29,11,31,6,11
"177","2020-03-14",2,3,98,81,3617,0.491844069670998,0,0,355,808,14,43,11,42,8,11
"178","2020-03-15",6,3,111,105,3617,0.491844069670998,0,0,355,808,23,66,14,56,13,14
"179","2020-03-16",13,3,130,131,3617,0.491844069670998,0,0,355,808,14,80,9,65,10,9
"180","2020-03-17",17,3,159,167,3617,0.491844069670998,0,0,355,808,16,96,9,74,13,9
"181","2020-03-18",21,3,178,195,3617,0.491844069670998,0,0,355,808,31,127,11,85,23,11
"182","2020-03-19",26,3,179,222,3617,0.491844069670998,0,0,355,808,26,153,15,100,20,15
"183","2020-03-20",31,3,178,265,3617,0.491844069670998,0,0,355,808,48,201,11,111,39,11
"184","2020-03-21",41,3,184,302,3617,0.491844069670998,0,0,355,808,42,243,20,131,35,20
"185","2020-03-22",47,3,190,334,3617,0.491844069670998,0,0,355,808,55,298,12,143,51,12
"186","2020-03-23",58,3,174,367,3617,0.491844069670998,0,0,355,808,38,336,23,166,34,23
"187","2020-03-24",73,3,184,398,3617,0.491844069670998,0,0,355,808,57,393,17,183,51,17
"188","2020-03-25",81,3,188,427,3617,0.491844069670998,0,0,355,808,72,465,21,204,66,21
"189","2020-03-26",99,3,180,444,3617,0.491844069670998,0,0,355,808,70,535,6,210,67,6
"190","2020-03-27",105,3,195,454,3617,0.491844069670998,0,0,355,808,87,622,9,219,86,9
"191","2020-03-28",112,3,205,460,3617,0.491844069670998,0,0,355,808,71,693,12,231,66,12
"192","2020-03-29",122,3,203,464,3617,0.491844069670998,0,0,355,808,90,783,8,239,86,8
"193","2020-03-30",122,3,210,466,3617,0.491844069670998,0,0,355,808,112,895,12,251,107,12
"194","2020-03-31",125,3,201,464,3617,0.491844069670998,0,0,355,808,85,980,5,256,81,5
"195","2020-04-01",126,3,213,472,3617,0.491844069670998,0,0,355,808,141,1121,10,266,137,10
"196","2020-04-02",119,3,241,484,3617,0.491844069670998,0,0,355,808,131,1252,19,285,120,19
"197","2020-04-03",125,3,226,493,3617,0.491844069670998,0,0,355,808,113,1365,18,303,109,18
"198","2020-04-04",130,3,234,518,3617,0.491844069670998,0,0,355,808,153,1518,26,329,147,26
"199","2020-04-05",128,3,220,530,3617,0.491844069670998,0,0,355,808,122,1640,31,360,111,31
"200","2020-04-06",128,3,211,524,3617,0.491844069670998,0,0,355,808,149,1789,24,384,142,24
"201","2020-04-07",127,3,197,526,3617,0.491844069670998,0,0,355,808,155,1944,16,400,145,16
"202","2020-04-08",128,3,208,547,3617,0.491844069670998,0,0,355,808,136,2080,13,413,131,13
"203","2020-04-09",140,3,204,569,3617,0.491844069670998,0,0,355,808,157,2237,20,433,151,20
"204","2020-04-10",146,3,202,585,3617,0.491844069670998,0,0,355,808,154,2391,22,455,151,22
"205","2020-04-11",142,3,200,599,3617,0.491844069670998,0,0,355,808,181,2572,16,471,173,16
"206","2020-04-12",151,3,208,605,3617,0.491844069670998,0,0,355,808,145,2717,33,504,143,33
"207","2020-04-13",158,3,238,614,3617,0.491844069670998,0,0,355,808,178,2895,15,519,174,15
"208","2020-04-14",156,3,234,629,3617,0.491844069670998,0,0,355,808,122,3017,31,550,117,31
"209","2020-04-15",170,3,229,634,3617,0.491844069670998,0,0,355,808,168,3185,22,572,166,22
"210","2020-04-16",162,3,251,632,3617,0.491844069670998,0,0,355,808,170,3355,17,589,165,17
"211","2020-04-17",166,3,265,652,3617,0.491844069670998,0,0,355,808,134,3489,15,604,130,15
"212","2020-04-18",178,3,259,660,3617,0.491844069670998,0,0,355,808,155,3644,15,619,149,15
"213","2020-04-19",175,3,234,652,3617,0.491844069670998,0,0,355,808,132,3776,33,652,127,33
"214","2020-04-20",177,3,217,675,3617,0.491844069670998,0,0,355,808,113,3889,28,680,107,28
"215","2020-04-21",176,3,204,658,3617,0.491844069670998,0,0,355,808,126,4015,19,699,123,19
"216","2020-04-22",173,3,197,634,3617,0.491844069670998,0,0,355,808,133,4148,19,718,131,19
"217","2020-04-23",180,3,222,645,3617,0.491844069670998,0,0,355,808,116,4264,23,741,113,23
"218","2020-04-24",172,3,257,635,3617,0.491844069670998,0,0,355,808,101,4365,30,771,97,30
"219","2020-04-25",167,3,242,615,3617,0.491844069670998,0,0,355,808,98,4463,24,795,92,24
"220","2020-04-26",163,3,248,618,3617,0.491844069670998,0,0,355,808,86,4549,37,832,77,37
"221","2020-04-27",170,3,256,606,3617,0.491844069670998,0,0,355,808,89,4638,27,859,86,27
"222","2020-04-28",175,3,298,597,3617,0.491844069670998,0,0,355,808,75,4713,33,892,73,33
"223","2020-04-29",179,3,309,599,3617,0.491844069670998,0,0,355,808,78,4791,33,925,71,33
"224","2020-04-30",178,3,280,592,3617,0.491844069670998,0,0,355,808,62,4853,16,941,62,16
"225","2020-05-01",171,3,279,571,3617,0.491844069670998,0,0,355,808,67,4920,24,965,64,24
"226","2020-05-02",172,3,292,557,3617,0.491844069670998,0,0,355,808,64,4984,17,982,63,17
"227","2020-05-03",181,3,283,556,3617,0.491844069670998,0,0,355,808,56,5040,29,1011,53,29
"228","2020-05-04",171,3,276,533,3617,0.491844069670998,0,0,355,808,48,5088,32,1043,46,32
"229","2020-05-05",164,3,283,538,3617,0.491844069670998,0,0,355,808,62,5150,27,1070,58,27
"230","2020-05-06",157,3,271,509,3617,0.491844069670998,0,0,355,808,43,5193,31,1101,41,31
"231","2020-05-07",159,3,294,505,3617,0.491844069670998,0,0,355,808,32,5225,23,1124,29,23
"232","2020-05-08",161,3,306,502,3617,0.491844069670998,0,0,355,808,32,5257,23,1147,30,23
"233","2020-05-09",165,3,301,482,3617,0.491844069670998,0,0,355,808,31,5288,25,1172,31,25
"234","2020-05-10",152,3,302,462,3617,0.491844069670998,0,0,355,808,26,5314,28,1200,26,28
"235","2020-05-11",142,3,312,438,3617,0.491844069670998,0,0,355,808,27,5341,21,1221,20,21
"236","2020-05-12",140,3,313,431,3617,0.491844069670998,0,0,355,808,33,5374,20,1241,25,20
"237","2020-05-13",132,3,323,427,3617,0.491844069670998,0,0,355,808,23,5397,36,1277,20,36
"238","2020-05-14",116,3,297,418,3617,0.491844069670998,0,0,355,808,28,5425,28,1305,24,28
"239","2020-05-15",120,3,296,397,3617,0.491844069670998,0,0,355,808,24,5449,22,1327,21,22
"240","2020-05-16",105,3,281,379,3617,0.491844069670998,0,0,355,808,23,5472,24,1351,22,24
"241","2020-05-17",103,3,276,348,3617,0.491844069670998,0,0,355,808,15,5487,35,1386,13,35
"242","2020-05-18",108,3,270,345,3617,0.491844069670998,0,0,355,808,18,5505,43,1429,14,43
"243","2020-05-19",113,3,253,340,3617,0.491844069670998,0,0,355,808,17,5522,34,1463,14,34
"244","2020-05-20",113,3,259,322,3617,0.491844069670998,0,0,355,808,17,5539,26,1489,16,26
"245","2020-05-21",114,3,264,312,3617,0.491844069670998,0,0,355,808,10,5549,33,1522,9,33
"246","2020-05-22",107,3,261,298,3617,0.491844069670998,0,0,355,808,15,5564,18,1540,13,18
"247","2020-05-23",105,3,264,284,3617,0.491844069670998,0,0,355,808,21,5585,20,1560,18,20
"248","2020-05-24",100,3,255,270,3617,0.491844069670998,0,0,355,808,16,5601,16,1576,14,16
"249","2020-05-25",98,3,269,267,3617,0.491844069670998,0,0,355,808,5,5606,14,1590,5,14
"250","2020-05-26",88,3,266,277,3617,0.491844069670998,0,0,355,808,11,5617,12,1602,9,12
"251","2020-05-27",85,3,265,269,3617,0.491844069670998,0,0,355,808,12,5629,14,1616,12,14
"252","2020-05-28",82,3,269,260,3617,0.491844069670998,0,0,355,808,11,5640,20,1636,9,20
"253","2020-05-29",79,3,242,261,3617,0.491844069670998,0,0,355,808,15,5655,19,1655,13,19
"254","2020-05-30",73,3,235,253,3617,0.491844069670998,0,0,355,808,5,5660,24,1679,5,24
"255","2020-05-31",78,3,232,238,3617,0.491844069670998,0,0,355,808,7,5667,21,1700,6,21
"256","2020-06-01",69,3,243,243,3617,0.491844069670998,0,0,355,808,9,5676,15,1715,6,15
"257","2020-06-02",68,3,254,230,3617,0.491844069670998,0,0,355,808,7,5683,18,1733,6,18
"258","2020-06-03",66,3,256,219,3617,0.491844069670998,0,0,355,808,9,5692,23,1756,9,23
"259","2020-06-04",64,3,259,207,3617,0.491844069670998,0,0,355,808,7,5699,8,1764,5,8
"260","2020-06-05",59,3,246,192,3617,0.491844069670998,0,0,355,808,8,5707,18,1782,8,18
"261","2020-06-06",59,3,223,198,3617,0.491844069670998,0,0,355,808,9,5716,14,1796,8,14
"262","2020-06-07",55,3,239,193,3617,0.491844069670998,0,0,355,808,10,5726,12,1808,9,12
"263","2020-03-13",2,4,34,32,3574,0.77476217123671,0,0,310,364,19,63,24,48,9,24
"264","2020-03-14",5,4,33,46,3574,0.77476217123671,0,0,310,364,40,103,17,65,14,17
"265","2020-03-15",6,4,33,61,3574,0.77476217123671,0,0,310,364,46,149,36,101,24,36
"266","2020-03-16",7,4,26,75,3574,0.77476217123671,0,0,310,364,58,207,20,121,35,20
"267","2020-03-17",12,4,22,98,3574,0.77476217123671,0,0,310,364,70,277,35,156,54,35
"268","2020-03-18",13,4,32,118,3574,0.77476217123671,0,0,310,364,87,364,28,184,65,28
"269","2020-03-19",17,4,46,140,3574,0.77476217123671,0,0,310,364,95,459,26,210,79,26
"270","2020-03-20",20,4,64,157,3574,0.77476217123671,0,0,310,364,118,577,24,234,102,24
"271","2020-03-21",26,4,55,173,3574,0.77476217123671,0,0,310,364,162,739,35,269,148,35
"272","2020-03-22",31,4,50,188,3574,0.77476217123671,0,0,310,364,168,907,50,319,150,50
"273","2020-03-23",38,4,43,216,3574,0.77476217123671,0,0,310,364,303,1210,36,355,287,36
"274","2020-03-24",41,4,34,232,3574,0.77476217123671,0,0,310,364,272,1482,17,372,256,17
"275","2020-03-25",47,4,51,247,3574,0.77476217123671,0,0,310,364,382,1864,19,391,362,19
"276","2020-03-26",57,4,54,265,3574,0.77476217123671,0,0,310,364,342,2206,22,413,322,22
"277","2020-03-27",63,4,55,286,3574,0.77476217123671,0,0,310,364,343,2549,46,459,324,46
"278","2020-03-28",70,4,63,306,3574,0.77476217123671,0,0,310,364,470,3019,39,498,454,39
"279","2020-03-29",76,4,54,319,3574,0.77476217123671,0,0,310,364,486,3505,22,520,469,22
"280","2020-03-30",79,4,50,344,3574,0.77476217123671,0,0,310,364,542,4047,23,543,525,23
"281","2020-03-31",90,4,47,357,3574,0.77476217123671,0,0,310,364,493,4540,36,579,478,36
"282","2020-04-01",95,4,46,386,3574,0.77476217123671,0,0,310,364,505,5045,61,640,495,61
"283","2020-04-02",97,4,54,405,3574,0.77476217123671,0,0,310,364,475,5520,33,673,465,33
"284","2020-04-03",106,4,70,440,3574,0.77476217123671,0,0,310,364,405,5925,57,730,398,57
"285","2020-04-04",106,4,66,465,3574,0.77476217123671,0,0,310,364,286,6211,32,762,278,32
"286","2020-04-05",117,4,64,483,3574,0.77476217123671,0,0,310,364,254,6465,19,781,246,19
"287","2020-04-06",132,4,67,505,3574,0.77476217123671,0,0,310,364,209,6674,25,806,205,25
"288","2020-04-07",129,4,65,501,3574,0.77476217123671,0,0,310,364,194,6868,50,856,188,50
"289","2020-04-08",131,4,54,530,3574,0.77476217123671,0,0,310,364,173,7041,36,892,168,36
"290","2020-04-09",132,4,52,531,3574,0.77476217123671,0,0,310,364,88,7129,21,913,83,21
"291","2020-04-10",128,4,49,544,3574,0.77476217123671,0,0,310,364,87,7216,14,927,85,14
"292","2020-04-11",134,4,63,562,3574,0.77476217123671,0,0,310,364,80,7296,21,948,77,21
"293","2020-04-12",136,4,77,558,3574,0.77476217123671,0,0,310,364,54,7350,18,966,54,18
"294","2020-04-13",134,4,79,571,3574,0.77476217123671,0,0,310,364,47,7397,21,987,41,21
"295","2020-04-14",143,4,91,597,3574,0.77476217123671,0,0,310,364,36,7433,18,1005,36,18
"296","2020-04-15",156,4,81,616,3574,0.77476217123671,0,0,310,364,28,7461,57,1062,28,57
"297","2020-04-16",163,4,87,608,3574,0.77476217123671,0,0,310,364,25,7486,60,1122,23,60
"298","2020-04-17",174,4,105,625,3574,0.77476217123671,0,0,310,364,19,7505,58,1180,18,58
"299","2020-04-18",173,4,130,642,3574,0.77476217123671,0,0,310,364,15,7520,29,1209,11,29
"300","2020-04-19",169,4,120,676,3574,0.77476217123671,0,0,310,364,16,7536,25,1234,11,25
"301","2020-04-20",173,4,143,681,3574,0.77476217123671,0,0,310,364,17,7553,39,1273,13,39
"302","2020-04-21",180,4,131,671,3574,0.77476217123671,0,0,310,364,7,7560,48,1321,7,48
"303","2020-04-22",177,4,121,674,3574,0.77476217123671,0,0,310,364,8,7568,40,1361,7,40
"304","2020-04-23",181,4,115,677,3574,0.77476217123671,0,0,310,364,9,7577,68,1429,7,68
"305","2020-04-24",188,4,127,697,3574,0.77476217123671,0,0,310,364,5,7582,29,1458,4,29
"306","2020-04-25",191,4,136,680,3574,0.77476217123671,0,0,310,364,4,7586,17,1475,4,17
"307","2020-04-26",189,4,129,667,3574,0.77476217123671,0,0,310,364,6,7592,5,1480,1,5
"308","2020-04-27",195,4,114,666,3574,0.77476217123671,0,0,310,364,9,7601,15,1495,4,15
"309","2020-04-28",182,4,109,667,3574,0.77476217123671,0,0,310,364,6,7607,10,1505,3,10
"310","2020-04-29",185,4,102,648,3574,0.77476217123671,0,0,310,364,3,7610,8,1513,2,8
"311","2020-04-30",185,4,112,644,3574,0.77476217123671,0,0,310,364,3,7613,12,1525,1,12
"312","2020-05-01",181,4,102,619,3574,0.77476217123671,0,0,310,364,2,7615,63,1588,1,63
"313","2020-05-02",179,4,102,595,3574,0.77476217123671,0,0,310,364,3,7618,48,1636,1,48
"314","2020-05-03",185,4,106,584,3574,0.77476217123671,0,0,310,364,3,7621,18,1654,1,18
"315","2020-05-04",182,4,126,589,3574,0.77476217123671,0,0,310,364,3,7624,21,1675,3,21
"316","2020-05-05",180,4,148,586,3574,0.77476217123671,0,0,310,364,5,7629,16,1691,1,16
"317","2020-05-06",176,4,144,582,3574,0.77476217123671,0,0,310,364,4,7633,20,1711,1,20
"318","2020-05-07",169,4,126,563,3574,0.77476217123671,0,0,310,364,1,7634,26,1737,NA,26
"319","2020-05-08",165,4,105,542,3574,0.77476217123671,0,0,310,364,2,7636,21,1758,1,21
"320","2020-05-09",163,4,91,540,3574,0.77476217123671,0,0,310,364,4,7640,15,1773,2,15
"321","2020-05-10",167,4,82,531,3574,0.77476217123671,0,0,310,364,2,7642,24,1797,1,24
"322","2020-05-11",159,4,69,529,3574,0.77476217123671,0,0,310,364,2,7644,45,1842,NA,45
"323","2020-05-12",164,4,66,507,3574,0.77476217123671,0,0,310,364,2,7646,55,1897,1,55
"324","2020-05-13",167,4,54,504,3574,0.77476217123671,0,0,310,364,1,7647,28,1925,NA,28
"325","2020-05-14",154,4,58,493,3574,0.77476217123671,0,0,310,364,5,7652,16,1941,3,16
"326","2020-05-15",144,4,60,460,3574,0.77476217123671,0,0,310,364,3,7655,19,1960,NA,19
"327","2020-05-16",136,4,63,443,3574,0.77476217123671,0,0,310,364,4,7659,48,2008,1,48
"328","2020-05-17",121,4,77,447,3574,0.77476217123671,0,0,310,364,1,7660,61,2069,NA,61
"329","2020-05-18",121,4,76,419,3574,0.77476217123671,0,0,310,364,NA,NA,31,2100,NA,31
"330","2020-05-19",119,4,72,403,3574,0.77476217123671,0,0,310,364,3,7663,52,2152,1,52
"331","2020-05-20",110,4,88,400,3574,0.77476217123671,0,0,310,364,3,7666,34,2186,2,34
"332","2020-05-21",115,4,94,391,3574,0.77476217123671,0,0,310,364,4,7670,52,2238,4,52
"333","2020-05-22",114,4,93,376,3574,0.77476217123671,0,0,310,364,1,7671,45,2283,1,45
"334","2020-05-23",124,4,98,358,3574,0.77476217123671,0,0,310,364,4,7675,28,2311,3,28
"335","2020-05-24",128,4,137,349,3574,0.77476217123671,0,0,310,364,1,7676,26,2337,1,26
"336","2020-05-25",119,4,152,331,3574,0.77476217123671,0,0,310,364,NA,NA,27,2364,NA,27
"337","2020-05-26",107,4,167,321,3574,0.77476217123671,0,0,310,364,2,7678,46,2410,NA,46
"338","2020-05-27",100,4,154,315,3574,0.77476217123671,0,0,310,364,2,7680,19,2429,2,19
"339","2020-05-28",98,4,157,301,3574,0.77476217123671,0,0,310,364,NA,NA,18,2447,NA,18
"340","2020-05-29",91,4,149,296,3574,0.77476217123671,0,0,310,364,2,7682,14,2461,1,14
"341","2020-05-30",82,4,145,294,3574,0.77476217123671,0,0,310,364,1,7683,21,2482,1,21
"342","2020-05-31",75,4,147,288,3574,0.77476217123671,0,0,310,364,1,7684,38,2520,NA,38
"343","2020-06-01",69,4,137,276,3574,0.77476217123671,0,0,310,364,NA,NA,45,2565,NA,45
"344","2020-06-02",74,4,113,255,3574,0.77476217123671,0,0,310,364,1,7685,25,2590,NA,25
"345","2020-06-03",72,4,98,243,3574,0.77476217123671,0,0,310,364,1,7686,13,2603,1,13
"346","2020-06-04",70,4,97,241,3574,0.77476217123671,0,0,310,364,NA,NA,29,2632,NA,29
"347","2020-06-05",76,4,86,249,3574,0.77476217123671,0,0,310,364,1,7687,28,2660,NA,28
"348","2020-06-06",70,4,82,243,3574,0.77476217123671,0,0,310,364,2,7689,16,2676,1,16
"349","2020-06-07",66,4,72,226,3574,0.77476217123671,0,0,310,364,1,7690,25,2701,1,25
"350","2020-03-13",1,5,23,38,2824,0.579320113314448,0,0,304,263,3,13,17,43,NA,17
"351","2020-03-14",1,5,19,55,2824,0.579320113314448,0,0,304,263,8,21,12,55,1,12
"352","2020-03-15",1,5,23,78,2824,0.579320113314448,0,0,304,263,4,25,20,75,1,20
"353","2020-03-16",5,5,31,93,2824,0.579320113314448,0,0,304,263,8,33,11,86,5,11
"354","2020-03-17",10,5,30,112,2824,0.579320113314448,0,0,304,263,17,50,15,101,6,15
"355","2020-03-18",12,5,34,126,2824,0.579320113314448,0,0,304,263,18,68,13,114,6,13
"356","2020-03-19",18,5,34,141,2824,0.579320113314448,0,0,304,263,15,83,17,131,9,17
"357","2020-03-20",21,5,30,154,2824,0.579320113314448,0,0,304,263,18,101,10,141,11,10
"358","2020-03-21",28,5,26,175,2824,0.579320113314448,0,0,304,263,19,120,24,165,11,24
"359","2020-03-22",38,5,30,189,2824,0.579320113314448,0,0,304,263,21,141,22,187,15,22
"360","2020-03-23",41,5,25,217,2824,0.579320113314448,0,0,304,263,20,161,17,204,12,17
"361","2020-03-24",45,5,25,232,2824,0.579320113314448,0,0,304,263,21,182,25,229,13,25
"362","2020-03-25",52,5,34,248,2824,0.579320113314448,0,0,304,263,24,206,20,249,19,20
"363","2020-03-26",56,5,46,260,2824,0.579320113314448,0,0,304,263,25,231,12,261,17,12
"364","2020-03-27",60,5,43,271,2824,0.579320113314448,0,0,304,263,27,258,28,289,17,28
"365","2020-03-28",66,5,53,291,2824,0.579320113314448,0,0,304,263,24,282,33,322,15,33
"366","2020-03-29",76,5,47,300,2824,0.579320113314448,0,0,304,263,22,304,19,341,16,19
"367","2020-03-30",75,5,50,299,2824,0.579320113314448,0,0,304,263,32,336,19,360,27,19
"368","2020-03-31",71,5,58,325,2824,0.579320113314448,0,0,304,263,30,366,16,376,22,16
"369","2020-04-01",82,5,61,345,2824,0.579320113314448,0,0,304,263,31,397,14,390,30,14
"370","2020-04-02",83,5,62,351,2824,0.579320113314448,0,0,304,263,30,427,14,404,20,14
"371","2020-04-03",92,5,61,361,2824,0.579320113314448,0,0,304,263,25,452,24,428,18,24
"372","2020-04-04",92,5,54,353,2824,0.579320113314448,0,0,304,263,39,491,10,438,28,10
"373","2020-04-05",88,5,49,373,2824,0.579320113314448,0,0,304,263,29,520,26,464,21,26
"374","2020-04-06",95,5,47,383,2824,0.579320113314448,0,0,304,263,32,552,21,485,21,21
"375","2020-04-07",100,5,42,383,2824,0.579320113314448,0,0,304,263,25,577,26,511,24,26
"376","2020-04-08",92,5,44,391,2824,0.579320113314448,0,0,304,263,29,606,38,549,22,38
"377","2020-04-09",92,5,42,401,2824,0.579320113314448,0,0,304,263,33,639,26,575,28,26
"378","2020-04-10",95,5,42,409,2824,0.579320113314448,0,0,304,263,31,670,22,597,19,22
"379","2020-04-11",98,5,57,408,2824,0.579320113314448,0,0,304,263,37,707,21,618,22,21
"380","2020-04-12",98,5,63,422,2824,0.579320113314448,0,0,304,263,36,743,27,645,25,27
"381","2020-04-13",98,5,60,436,2824,0.579320113314448,0,0,304,263,29,772,21,666,19,21
"382","2020-04-14",103,5,67,449,2824,0.579320113314448,0,0,304,263,27,799,25,691,18,25
"383","2020-04-15",109,5,81,453,2824,0.579320113314448,0,0,304,263,36,835,29,720,24,29
"384","2020-04-16",120,5,96,443,2824,0.579320113314448,0,0,304,263,32,867,32,752,30,32
"385","2020-04-17",120,5,100,428,2824,0.579320113314448,0,0,304,263,27,894,38,790,21,38
"386","2020-04-18",123,5,89,434,2824,0.579320113314448,0,0,304,263,36,930,28,818,26,28
"387","2020-04-19",126,5,81,449,2824,0.579320113314448,0,0,304,263,38,968,27,845,33,27
"388","2020-04-20",131,5,90,451,2824,0.579320113314448,0,0,304,263,33,1001,34,879,25,34
"389","2020-04-21",135,5,87,463,2824,0.579320113314448,0,0,304,263,43,1044,20,899,31,20
"390","2020-04-22",139,5,83,463,2824,0.579320113314448,0,0,304,263,40,1084,28,927,30,28
"391","2020-04-23",144,5,72,462,2824,0.579320113314448,0,0,304,263,46,1130,27,954,31,27
"392","2020-04-24",138,5,73,462,2824,0.579320113314448,0,0,304,263,41,1171,27,981,34,27
"393","2020-04-25",141,5,76,466,2824,0.579320113314448,0,0,304,263,28,1199,25,1006,19,25
"394","2020-04-26",134,5,72,458,2824,0.579320113314448,0,0,304,263,42,1241,28,1034,35,28
"395","2020-04-27",132,5,76,448,2824,0.579320113314448,0,0,304,263,24,1265,40,1074,19,40
"396","2020-04-28",134,5,63,437,2824,0.579320113314448,0,0,304,263,34,1299,32,1106,27,32
"397","2020-04-29",124,5,63,436,2824,0.579320113314448,0,0,304,263,32,1331,31,1137,24,31
"398","2020-04-30",114,5,63,434,2824,0.579320113314448,0,0,304,263,45,1376,29,1166,32,29
"399","2020-05-01",114,5,61,429,2824,0.579320113314448,0,0,304,263,23,1399,37,1203,18,37
"400","2020-05-02",113,5,78,417,2824,0.579320113314448,0,0,304,263,32,1431,35,1238,24,35
"401","2020-05-03",118,5,82,404,2824,0.579320113314448,0,0,304,263,27,1458,20,1258,15,20
"402","2020-05-04",112,5,86,389,2824,0.579320113314448,0,0,304,263,18,1476,13,1271,12,13
"403","2020-05-05",102,5,83,380,2824,0.579320113314448,0,0,304,263,24,1500,12,1283,16,12
"404","2020-05-06",105,5,78,388,2824,0.579320113314448,0,0,304,263,15,1515,30,1313,10,30
"405","2020-05-07",106,5,66,392,2824,0.579320113314448,0,0,304,263,24,1539,24,1337,16,24
"406","2020-05-08",107,5,66,398,2824,0.579320113314448,0,0,304,263,26,1565,32,1369,20,32
"407","2020-05-09",97,5,59,388,2824,0.579320113314448,0,0,304,263,26,1591,32,1401,17,32
"408","2020-05-10",92,5,66,387,2824,0.579320113314448,0,0,304,263,20,1611,23,1424,17,23
"409","2020-05-11",105,5,65,392,2824,0.579320113314448,0,0,304,263,32,1643,16,1440,23,16
"410","2020-05-12",109,5,73,380,2824,0.579320113314448,0,0,304,263,26,1669,26,1466,16,26
"411","2020-05-13",117,5,83,391,2824,0.579320113314448,0,0,304,263,17,1686,23,1489,12,23
"412","2020-05-14",119,5,86,382,2824,0.579320113314448,0,0,304,263,23,1709,12,1501,16,12
"413","2020-05-15",117,5,85,382,2824,0.579320113314448,0,0,304,263,34,1743,26,1527,27,26
"414","2020-05-16",117,5,90,373,2824,0.579320113314448,0,0,304,263,29,1772,25,1552,19,25
"415","2020-05-17",124,5,84,367,2824,0.579320113314448,0,0,304,263,29,1801,19,1571,22,19
"416","2020-05-18",117,5,68,366,2824,0.579320113314448,0,0,304,263,14,1815,19,1590,11,19
"417","2020-05-19",122,5,54,370,2824,0.579320113314448,0,0,304,263,32,1847,16,1606,28,16
"418","2020-05-20",116,5,56,360,2824,0.579320113314448,0,0,304,263,26,1873,31,1637,19,31
"419","2020-05-21",114,5,63,344,2824,0.579320113314448,0,0,304,263,26,1899,10,1647,23,10
"420","2020-05-22",114,5,56,323,2824,0.579320113314448,0,0,304,263,42,1941,24,1671,33,24
"421","2020-05-23",111,5,48,319,2824,0.579320113314448,0,0,304,263,25,1966,13,1684,20,13
"422","2020-05-24",104,5,46,316,2824,0.579320113314448,0,0,304,263,32,1998,28,1712,28,28
"423","2020-05-25",97,5,44,306,2824,0.579320113314448,0,0,304,263,19,2017,26,1738,15,26
"424","2020-05-26",88,5,36,307,2824,0.579320113314448,0,0,304,263,17,2034,26,1764,14,26
"425","2020-05-27",84,5,46,312,2824,0.579320113314448,0,0,304,263,26,2060,29,1793,23,29
"426","2020-05-28",76,5,51,305,2824,0.579320113314448,0,0,304,263,30,2090,30,1823,26,30
"427","2020-05-29",70,5,48,299,2824,0.579320113314448,0,0,304,263,15,2105,18,1841,10,18
"428","2020-05-30",75,5,53,290,2824,0.579320113314448,0,0,304,263,26,2131,17,1858,23,17
"429","2020-05-31",76,5,64,287,2824,0.579320113314448,0,0,304,263,16,2147,10,1868,13,10
"430","2020-06-01",79,5,61,280,2824,0.579320113314448,0,0,304,263,29,2176,14,1882,23,14
"431","2020-06-02",86,5,71,275,2824,0.579320113314448,0,0,304,263,18,2194,11,1893,17,11
"432","2020-06-03",85,5,67,261,2824,0.579320113314448,0,0,304,263,17,2211,17,1910,14,17
"433","2020-06-04",82,5,66,264,2824,0.579320113314448,0,0,304,263,12,2223,15,1925,10,15
"434","2020-06-05",88,5,73,245,2824,0.579320113314448,0,0,304,263,21,2244,14,1939,17,14
"435","2020-06-06",86,5,62,224,2824,0.579320113314448,0,0,304,263,17,2261,10,1949,12,10
"436","2020-06-07",77,5,69,215,2824,0.579320113314448,0,0,304,263,22,2283,10,1959,18,10
"437","2020-03-12",1,6,53,37,7423,0.934393102519197,0,0,643,515,18,32,18,38,2,18
"438","2020-03-13",1,6,59,54,7423,0.934393102519197,0,0,643,515,9,41,10,48,3,10
"439","2020-03-14",1,6,64,77,7423,0.934393102519197,0,0,643,515,15,56,12,60,3,12
"440","2020-03-15",6,6,65,109,7423,0.934393102519197,0,0,643,515,21,77,5,65,7,5
"441","2020-03-16",10,6,80,150,7423,0.934393102519197,0,0,643,515,26,103,6,71,15,6
"442","2020-03-17",18,6,78,199,7423,0.934393102519197,0,0,643,515,24,127,5,76,9,5
"443","2020-03-18",22,6,90,251,7423,0.934393102519197,0,0,643,515,30,157,20,96,15,20
"444","2020-03-19",26,6,63,300,7423,0.934393102519197,0,0,643,515,30,187,12,108,16,12
"445","2020-03-20",31,6,61,371,7423,0.934393102519197,0,0,643,515,32,219,4,112,20,4
"446","2020-03-21",42,6,62,450,7423,0.934393102519197,0,0,643,515,27,246,14,126,17,14
"447","2020-03-22",53,6,63,543,7423,0.934393102519197,0,0,643,515,30,276,14,140,19,14
"448","2020-03-23",66,6,62,627,7423,0.934393102519197,0,0,643,515,22,298,33,173,19,33
"449","2020-03-24",79,6,86,738,7423,0.934393102519197,0,0,643,515,40,338,18,191,26,18
"450","2020-03-25",107,6,85,865,7423,0.934393102519197,0,0,643,515,33,371,12,203,22,12
"451","2020-03-26",124,6,85,1042,7423,0.934393102519197,0,0,643,515,28,399,18,221,21,18
"452","2020-03-27",151,6,92,1270,7423,0.934393102519197,0,0,643,515,37,436,34,255,28,34
"453","2020-03-28",187,6,97,1428,7423,0.934393102519197,0,0,643,515,39,475,21,276,21,21
"454","2020-03-29",225,6,116,1656,7423,0.934393102519197,0,0,643,515,38,513,21,297,21,21
"455","2020-03-30",272,6,103,1947,7423,0.934393102519197,0,0,643,515,35,548,30,327,21,30
"456","2020-03-31",319,6,91,2236,7423,0.934393102519197,0,0,643,515,25,573,26,353,14,26
"457","2020-04-01",372,6,82,2412,7423,0.934393102519197,0,0,643,515,42,615,15,368,25,15
"458","2020-04-02",448,6,92,2586,7423,0.934393102519197,0,0,643,515,28,643,26,394,15,26
"459","2020-04-03",514,6,106,2784,7423,0.934393102519197,0,0,643,515,30,673,14,408,8,14
"460","2020-04-04",575,6,93,2957,7423,0.934393102519197,0,0,643,515,28,701,29,437,15,29
"461","2020-04-05",636,6,93,3066,7423,0.934393102519197,0,0,643,515,23,724,17,454,12,17
"462","2020-04-06",695,6,79,3154,7423,0.934393102519197,0,0,643,515,27,751,34,488,13,34
"463","2020-04-07",740,6,117,3193,7423,0.934393102519197,0,0,643,515,29,780,33,521,12,33
"464","2020-04-08",781,6,139,3237,7423,0.934393102519197,0,0,643,515,34,814,19,540,14,19
"465","2020-04-09",833,6,130,3219,7423,0.934393102519197,0,0,643,515,23,837,6,546,13,6
"466","2020-04-10",878,6,159,3180,7423,0.934393102519197,0,0,643,515,32,869,10,556,20,10
"467","2020-04-11",901,6,149,3107,7423,0.934393102519197,0,0,643,515,24,893,6,562,10,6
"468","2020-04-12",917,6,131,2953,7423,0.934393102519197,0,0,643,515,38,931,8,570,19,8
"469","2020-04-13",908,6,126,2831,7423,0.934393102519197,0,0,643,515,41,972,6,576,23,6
"470","2020-04-14",904,6,114,2722,7423,0.934393102519197,0,0,643,515,40,1012,5,581,26,5
"471","2020-04-15",886,6,110,2562,7423,0.934393102519197,0,0,643,515,53,1065,7,588,26,7
"472","2020-04-16",838,6,103,2391,7423,0.934393102519197,0,0,643,515,41,1106,8,596,24,8
"473","2020-04-17",785,6,101,2141,7423,0.934393102519197,0,0,643,515,45,1151,22,618,32,22
"474","2020-04-18",741,6,105,1937,7423,0.934393102519197,0,0,643,515,49,1200,13,631,30,13
"475","2020-04-19",696,6,98,1755,7423,0.934393102519197,0,0,643,515,51,1251,15,646,37,15
"476","2020-04-20",666,6,103,1586,7423,0.934393102519197,0,0,643,515,53,1304,9,655,32,9
"477","2020-04-21",619,6,100,1416,7423,0.934393102519197,0,0,643,515,41,1345,6,661,26,6
"478","2020-04-22",583,6,92,1195,7423,0.934393102519197,0,0,643,515,47,1392,4,665,27,4
"479","2020-04-23",546,6,85,1011,7423,0.934393102519197,0,0,643,515,41,1433,9,674,26,9
"480","2020-04-24",492,6,89,884,7423,0.934393102519197,0,0,643,515,59,1492,11,685,32,11
"481","2020-04-25",436,6,92,778,7423,0.934393102519197,0,0,643,515,46,1538,8,693,32,8
"482","2020-04-26",376,6,92,684,7423,0.934393102519197,0,0,643,515,45,1583,12,705,29,12
"483","2020-04-27",309,6,118,596,7423,0.934393102519197,0,0,643,515,47,1630,14,719,24,14
"484","2020-04-28",277,6,105,504,7423,0.934393102519197,0,0,643,515,35,1665,49,768,27,49
"485","2020-04-29",231,6,98,444,7423,0.934393102519197,0,0,643,515,44,1709,38,806,24,38
"486","2020-04-30",184,6,91,386,7423,0.934393102519197,0,0,643,515,44,1753,41,847,27,41
"487","2020-05-01",158,6,87,315,7423,0.934393102519197,0,0,643,515,43,1796,45,892,25,45
"488","2020-05-02",143,6,105,259,7423,0.934393102519197,0,0,643,515,30,1826,22,914,17,22
"489","2020-05-03",126,6,99,211,7423,0.934393102519197,0,0,643,515,33,1859,20,934,15,20
"490","2020-05-04",122,6,92,174,7423,0.934393102519197,0,0,643,515,41,1900,35,969,20,35
"491","2020-05-05",98,6,96,158,7423,0.934393102519197,0,0,643,515,25,1925,37,1006,12,37
"492","2020-05-06",80,6,112,140,7423,0.934393102519197,0,0,643,515,22,1947,39,1045,12,39
"493","2020-05-07",68,6,109,121,7423,0.934393102519197,0,0,643,515,19,1966,38,1083,7,38
"494","2020-05-08",61,6,105,103,7423,0.934393102519197,0,0,643,515,30,1996,32,1115,12,32
"495","2020-05-09",48,6,97,87,7423,0.934393102519197,0,0,643,515,20,2016,43,1158,3,43
"496","2020-05-10",44,6,96,86,7423,0.934393102519197,0,0,643,515,19,2035,25,1183,6,25
"497","2020-05-11",32,6,117,74,7423,0.934393102519197,0,0,643,515,23,2058,16,1199,11,16
"498","2020-05-12",31,6,120,64,7423,0.934393102519197,0,0,643,515,31,2089,15,1214,13,15
"499","2020-05-13",24,6,122,58,7423,0.934393102519197,0,0,643,515,29,2118,23,1237,15,23
"500","2020-05-14",23,6,147,52,7423,0.934393102519197,0,0,643,515,20,2138,17,1254,9,17
"501","2020-05-15",21,6,164,51,7423,0.934393102519197,0,0,643,515,22,2160,7,1261,12,7
"502","2020-05-16",20,6,168,57,7423,0.934393102519197,0,0,643,515,20,2180,10,1271,11,10
"503","2020-05-17",15,6,161,52,7423,0.934393102519197,0,0,643,515,27,2207,27,1298,13,27
"504","2020-05-18",17,6,176,45,7423,0.934393102519197,0,0,643,515,21,2228,10,1308,10,10
"505","2020-05-19",16,6,144,45,7423,0.934393102519197,0,0,643,515,23,2251,19,1327,13,19
"506","2020-05-20",19,6,123,43,7423,0.934393102519197,0,0,643,515,29,2280,10,1337,13,10
"507","2020-05-21",17,6,112,41,7423,0.934393102519197,0,0,643,515,23,2303,8,1345,10,8
"508","2020-05-22",17,6,122,41,7423,0.934393102519197,0,0,643,515,28,2331,4,1349,12,4
"509","2020-05-23",17,6,134,40,7423,0.934393102519197,0,0,643,515,15,2346,9,1358,7,9
"510","2020-05-24",18,6,117,38,7423,0.934393102519197,0,0,643,515,28,2374,12,1370,17,12
"511","2020-05-25",15,6,121,30,7423,0.934393102519197,0,0,643,515,16,2390,7,1377,10,7
"512","2020-05-26",12,6,129,26,7423,0.934393102519197,0,0,643,515,20,2410,8,1385,9,8
"513","2020-05-27",8,6,110,23,7423,0.934393102519197,0,0,643,515,23,2433,12,1397,14,12
"514","2020-05-28",6,6,101,26,7423,0.934393102519197,0,0,643,515,13,2446,11,1408,9,11
"515","2020-05-29",6,6,107,24,7423,0.934393102519197,0,0,643,515,11,2457,24,1432,4,24
"516","2020-05-30",5,6,103,22,7423,0.934393102519197,0,0,643,515,18,2475,20,1452,13,20
"517","2020-05-31",4,6,92,20,7423,0.934393102519197,0,0,643,515,14,2489,23,1475,9,23
"518","2020-06-01",5,6,84,20,7423,0.934393102519197,0,0,643,515,18,2507,32,1507,12,32
"519","2020-06-02",4,6,79,16,7423,0.934393102519197,0,0,643,515,20,2527,24,1531,10,24
"520","2020-06-03",6,6,72,16,7423,0.934393102519197,0,0,643,515,21,2548,24,1555,9,24
"521","2020-06-04",5,6,66,15,7423,0.934393102519197,0,0,643,515,19,2567,19,1574,7,19
"522","2020-06-05",4,6,70,17,7423,0.934393102519197,0,0,643,515,10,2577,13,1587,4,13
"523","2020-06-06",4,6,76,15,7423,0.934393102519197,0,0,643,515,10,2587,28,1615,6,28
"524","2020-06-07",4,6,75,13,7423,0.934393102519197,0,0,643,515,14,2601,14,1629,7,14
"525","2020-03-14",3,7,21,92,3461,0.38399306558798,0,0,295,231,10,39,15,74,2,15
"526","2020-03-15",5,7,26,109,3461,0.38399306558798,0,0,295,231,16,55,5,79,9,5
"527","2020-03-16",11,7,31,141,3461,0.38399306558798,0,0,295,231,9,64,16,95,5,16
"528","2020-03-17",15,7,41,161,3461,0.38399306558798,0,0,295,231,10,74,8,103,4,8
"529","2020-03-18",21,7,49,188,3461,0.38399306558798,0,0,295,231,21,95,17,120,16,17
"530","2020-03-19",27,7,53,214,3461,0.38399306558798,0,0,295,231,17,112,12,132,7,12
"531","2020-03-20",32,7,53,249,3461,0.38399306558798,0,0,295,231,28,140,19,151,20,19
"532","2020-03-21",46,7,45,271,3461,0.38399306558798,0,0,295,231,18,158,14,165,11,14
"533","2020-03-22",53,7,40,280,3461,0.38399306558798,0,0,295,231,18,176,9,174,15,9
"534","2020-03-23",64,7,42,294,3461,0.38399306558798,0,0,295,231,21,197,6,180,17,6
"535","2020-03-24",70,7,42,300,3461,0.38399306558798,0,0,295,231,17,214,17,197,13,17
"536","2020-03-25",73,7,42,314,3461,0.38399306558798,0,0,295,231,21,235,26,223,14,26
"537","2020-03-26",79,7,53,327,3461,0.38399306558798,0,0,295,231,21,256,13,236,16,13
"538","2020-03-27",93,7,49,349,3461,0.38399306558798,0,0,295,231,31,287,7,243,19,7
"539","2020-03-28",89,7,46,369,3461,0.38399306558798,0,0,295,231,18,305,7,250,15,7
"540","2020-03-29",88,7,51,383,3461,0.38399306558798,0,0,295,231,28,333,5,255,19,5
"541","2020-03-30",86,7,48,392,3461,0.38399306558798,0,0,295,231,25,358,10,265,13,10
"542","2020-03-31",89,7,56,400,3461,0.38399306558798,0,0,295,231,26,384,30,295,21,30
"543","2020-04-01",98,7,66,422,3461,0.38399306558798,0,0,295,231,23,407,28,323,20,28
"544","2020-04-02",102,7,62,437,3461,0.38399306558798,0,0,295,231,34,441,29,352,21,29
"545","2020-04-03",105,7,61,452,3461,0.38399306558798,0,0,295,231,31,472,26,378,24,26
"546","2020-04-04",108,7,62,463,3461,0.38399306558798,0,0,295,231,35,507,35,413,29,35
"547","2020-04-05",116,7,71,468,3461,0.38399306558798,0,0,295,231,29,536,36,449,21,36
"548","2020-04-06",116,7,74,497,3461,0.38399306558798,0,0,295,231,40,576,17,466,34,17
"549","2020-04-07",125,7,91,510,3461,0.38399306558798,0,0,295,231,30,606,9,475,26,9
"550","2020-04-08",126,7,95,537,3461,0.38399306558798,0,0,295,231,36,642,11,486,28,11
"551","2020-04-09",133,7,86,558,3461,0.38399306558798,0,0,295,231,33,675,43,529,19,43
"552","2020-04-10",131,7,81,566,3461,0.38399306558798,0,0,295,231,35,710,37,566,29,37
"553","2020-04-11",138,7,83,573,3461,0.38399306558798,0,0,295,231,41,751,16,582,34,16
"554","2020-04-12",149,7,68,577,3461,0.38399306558798,0,0,295,231,45,796,29,611,38,29
"555","2020-04-13",151,7,72,574,3461,0.38399306558798,0,0,295,231,37,833,17,628,26,17
"556","2020-04-14",154,7,67,570,3461,0.38399306558798,0,0,295,231,35,868,29,657,26,29
"557","2020-04-15",162,7,63,563,3461,0.38399306558798,0,0,295,231,31,899,18,675,23,18
"558","2020-04-16",152,7,59,576,3461,0.38399306558798,0,0,295,231,48,947,9,684,34,9
"559","2020-04-17",156,7,63,576,3461,0.38399306558798,0,0,295,231,39,986,9,693,31,9
"560","2020-04-18",153,7,70,577,3461,0.38399306558798,0,0,295,231,42,1028,39,732,32,39
"561","2020-04-19",160,7,67,570,3461,0.38399306558798,0,0,295,231,32,1060,34,766,26,34
"562","2020-04-20",170,7,61,571,3461,0.38399306558798,0,0,295,231,31,1091,28,794,16,28
"563","2020-04-21",161,7,67,560,3461,0.38399306558798,0,0,295,231,39,1130,16,810,29,16
"564","2020-04-22",154,7,63,560,3461,0.38399306558798,0,0,295,231,30,1160,16,826,24,16
"565","2020-04-23",170,7,59,558,3461,0.38399306558798,0,0,295,231,34,1194,32,858,28,32
"566","2020-04-24",170,7,58,535,3461,0.38399306558798,0,0,295,231,33,1227,23,881,26,23
"567","2020-04-25",172,7,74,540,3461,0.38399306558798,0,0,295,231,40,1267,31,912,28,31
"568","2020-04-26",158,7,77,552,3461,0.38399306558798,0,0,295,231,30,1297,40,952,20,40
"569","2020-04-27",157,7,73,546,3461,0.38399306558798,0,0,295,231,21,1318,23,975,14,23
"570","2020-04-28",163,7,76,530,3461,0.38399306558798,0,0,295,231,32,1350,28,1003,20,28
"571","2020-04-29",159,7,80,538,3461,0.38399306558798,0,0,295,231,30,1380,10,1013,25,10
"572","2020-04-30",152,7,82,520,3461,0.38399306558798,0,0,295,231,28,1408,7,1020,19,7
"573","2020-05-01",151,7,68,527,3461,0.38399306558798,0,0,295,231,15,1423,30,1050,11,30
"574","2020-05-02",143,7,56,528,3461,0.38399306558798,0,0,295,231,27,1450,13,1063,23,13
"575","2020-05-03",146,7,54,525,3461,0.38399306558798,0,0,295,231,34,1484,8,1071,26,8
"576","2020-05-04",144,7,53,512,3461,0.38399306558798,0,0,295,231,29,1513,8,1079,22,8
"577","2020-05-05",143,7,59,502,3461,0.38399306558798,0,0,295,231,39,1552,9,1088,30,9
"578","2020-05-06",145,7,64,497,3461,0.38399306558798,0,0,295,231,24,1576,11,1099,19,11
"579","2020-05-07",139,7,69,494,3461,0.38399306558798,0,0,295,231,26,1602,33,1132,17,33
"580","2020-05-08",143,7,59,489,3461,0.38399306558798,0,0,295,231,32,1634,38,1170,24,38
"581","2020-05-09",145,7,56,483,3461,0.38399306558798,0,0,295,231,27,1661,46,1216,23,46
"582","2020-05-10",144,7,71,469,3461,0.38399306558798,0,0,295,231,34,1695,23,1239,26,23
"583","2020-05-11",140,7,66,472,3461,0.38399306558798,0,0,295,231,24,1719,23,1262,18,23
"584","2020-05-12",145,7,74,475,3461,0.38399306558798,0,0,295,231,24,1743,32,1294,19,32
"585","2020-05-13",138,7,87,453,3461,0.38399306558798,0,0,295,231,17,1760,18,1312,15,18
"586","2020-05-14",143,7,109,444,3461,0.38399306558798,0,0,295,231,26,1786,19,1331,17,19
"587","2020-05-15",140,7,101,416,3461,0.38399306558798,0,0,295,231,27,1813,7,1338,18,7
"588","2020-05-16",144,7,92,408,3461,0.38399306558798,0,0,295,231,27,1840,9,1347,24,9
"589","2020-05-17",137,7,92,395,3461,0.38399306558798,0,0,295,231,36,1876,5,1352,25,5
"590","2020-05-18",130,7,94,384,3461,0.38399306558798,0,0,295,231,27,1903,6,1358,19,6
"591","2020-05-19",117,7,99,392,3461,0.38399306558798,0,0,295,231,22,1925,21,1379,17,21
"592","2020-05-20",123,7,103,387,3461,0.38399306558798,0,0,295,231,19,1944,7,1386,14,7
"593","2020-05-21",118,7,97,381,3461,0.38399306558798,0,0,295,231,26,1970,9,1395,21,9
"594","2020-05-22",113,7,88,362,3461,0.38399306558798,0,0,295,231,24,1994,3,1398,20,3
"595","2020-05-23",105,7,83,340,3461,0.38399306558798,0,0,295,231,13,2007,2,1400,8,2
"596","2020-05-24",111,7,79,324,3461,0.38399306558798,0,0,295,231,23,2030,12,1412,18,12
"597","2020-05-25",109,7,72,304,3461,0.38399306558798,0,0,295,231,26,2056,22,1434,18,22
"598","2020-05-26",109,7,76,296,3461,0.38399306558798,0,0,295,231,21,2077,14,1448,16,14
"599","2020-05-27",104,7,76,301,3461,0.38399306558798,0,0,295,231,19,2096,8,1456,15,8
"600","2020-05-28",100,7,68,287,3461,0.38399306558798,0,0,295,231,24,2120,11,1467,20,11
"601","2020-05-29",94,7,82,282,3461,0.38399306558798,0,0,295,231,27,2147,33,1500,22,33
"602","2020-05-30",91,7,66,267,3461,0.38399306558798,0,0,295,231,15,2162,24,1524,14,24
"603","2020-05-31",83,7,65,263,3461,0.38399306558798,0,0,295,231,20,2182,15,1539,15,15
"604","2020-06-01",82,7,62,246,3461,0.38399306558798,0,0,295,231,25,2207,9,1548,23,9
"605","2020-06-02",75,7,63,241,3461,0.38399306558798,0,0,295,231,22,2229,7,1555,20,7
"606","2020-06-03",72,7,62,237,3461,0.38399306558798,0,0,295,231,25,2254,15,1570,21,15
"607","2020-06-04",69,7,65,232,3461,0.38399306558798,0,0,295,231,21,2275,8,1578,13,8
"608","2020-06-05",61,7,54,222,3461,0.38399306558798,0,0,295,231,21,2296,23,1601,19,23
"609","2020-06-06",61,7,49,220,3461,0.38399306558798,0,0,295,231,13,2309,6,1607,12,6
"610","2020-06-07",58,7,51,206,3461,0.38399306558798,0,0,295,231,20,2329,9,1616,18,9
"611","2020-03-14",1,8,48,84,3037,0.503128086927889,0,0,267,611,9,43,7,18,1,7
"612","2020-03-15",4,8,50,109,3037,0.503128086927889,0,0,267,611,13,56,6,24,1,6
"613","2020-03-16",9,8,56,129,3037,0.503128086927889,0,0,267,611,9,65,10,34,2,10
"614","2020-03-17",17,8,68,163,3037,0.503128086927889,0,0,267,611,17,82,7,41,3,7
"615","2020-03-18",24,8,93,192,3037,0.503128086927889,0,0,267,611,18,100,10,51,6,10
"616","2020-03-19",31,8,104,235,3037,0.503128086927889,0,0,267,611,13,113,10,61,5,10
"617","2020-03-20",39,8,100,247,3037,0.503128086927889,0,0,267,611,24,137,4,65,10,4
"618","2020-03-21",47,8,102,277,3037,0.503128086927889,0,0,267,611,18,155,6,71,7,6
"619","2020-03-22",57,8,110,296,3037,0.503128086927889,0,0,267,611,20,175,7,78,8,7
"620","2020-03-23",67,8,127,321,3037,0.503128086927889,0,0,267,611,25,200,6,84,9,6
"621","2020-03-24",73,8,134,357,3037,0.503128086927889,0,0,267,611,24,224,4,88,12,4
"622","2020-03-25",77,8,138,375,3037,0.503128086927889,0,0,267,611,19,243,18,106,7,18
"623","2020-03-26",79,8,150,382,3037,0.503128086927889,0,0,267,611,17,260,8,114,7,8
"624","2020-03-27",89,8,151,398,3037,0.503128086927889,0,0,267,611,33,293,19,133,6,19
"625","2020-03-28",94,8,156,390,3037,0.503128086927889,0,0,267,611,27,320,17,150,11,17
"626","2020-03-29",101,8,150,395,3037,0.503128086927889,0,0,267,611,23,343,7,157,8,7
"627","2020-03-30",109,8,170,397,3037,0.503128086927889,0,0,267,611,20,363,11,168,9,11
"628","2020-03-31",110,8,176,409,3037,0.503128086927889,0,0,267,611,29,392,9,177,16,9
"629","2020-04-01",111,8,192,404,3037,0.503128086927889,0,0,267,611,27,419,24,201,12,24
"630","2020-04-02",121,8,193,402,3037,0.503128086927889,0,0,267,611,24,443,6,207,11,6
"631","2020-04-03",120,8,201,400,3037,0.503128086927889,0,0,267,611,31,474,20,227,14,20
"632","2020-04-04",126,8,188,399,3037,0.503128086927889,0,0,267,611,27,501,9,236,12,9
"633","2020-04-05",123,8,210,409,3037,0.503128086927889,0,0,267,611,27,528,14,250,16,14
"634","2020-04-06",121,8,204,415,3037,0.503128086927889,0,0,267,611,20,548,22,272,6,22
"635","2020-04-07",124,8,193,416,3037,0.503128086927889,0,0,267,611,28,576,16,288,11,16
"636","2020-04-08",127,8,188,422,3037,0.503128086927889,0,0,267,611,16,592,7,295,7,7
"637","2020-04-09",126,8,196,414,3037,0.503128086927889,0,0,267,611,26,618,5,300,10,5
"638","2020-04-10",126,8,219,418,3037,0.503128086927889,0,0,267,611,36,654,3,303,18,3
"639","2020-04-11",114,8,234,431,3037,0.503128086927889,0,0,267,611,33,687,5,308,16,5
"640","2020-04-12",113,8,251,435,3037,0.503128086927889,0,0,267,611,22,709,5,313,7,5
"641","2020-04-13",106,8,248,446,3037,0.503128086927889,0,0,267,611,37,746,5,318,26,5
"642","2020-04-14",108,8,250,437,3037,0.503128086927889,0,0,267,611,37,783,7,325,21,7
"643","2020-04-15",114,8,238,448,3037,0.503128086927889,0,0,267,611,36,819,15,340,15,15
"644","2020-04-16",107,8,245,444,3037,0.503128086927889,0,0,267,611,32,851,14,354,17,14
"645","2020-04-17",104,8,243,445,3037,0.503128086927889,0,0,267,611,39,890,9,363,19,9
"646","2020-04-18",116,8,230,457,3037,0.503128086927889,0,0,267,611,36,926,7,370,24,7
"647","2020-04-19",119,8,243,458,3037,0.503128086927889,0,0,267,611,33,959,12,382,16,12
"648","2020-04-20",125,8,265,451,3037,0.503128086927889,0,0,267,611,37,996,5,387,16,5
"649","2020-04-21",124,8,259,441,3037,0.503128086927889,0,0,267,611,30,1026,23,410,13,23
"650","2020-04-22",120,8,272,423,3037,0.503128086927889,0,0,267,611,41,1067,13,423,20,13
"651","2020-04-23",122,8,255,422,3037,0.503128086927889,0,0,267,611,31,1098,12,435,19,12
"652","2020-04-24",125,8,264,433,3037,0.503128086927889,0,0,267,611,43,1141,14,449,26,14
"653","2020-04-25",124,8,254,436,3037,0.503128086927889,0,0,267,611,26,1167,19,468,10,19
"654","2020-04-26",127,8,230,422,3037,0.503128086927889,0,0,267,611,42,1209,12,480,18,12
"655","2020-04-27",123,8,237,417,3037,0.503128086927889,0,0,267,611,37,1246,20,500,18,20
"656","2020-04-28",116,8,237,411,3037,0.503128086927889,0,0,267,611,21,1267,23,523,9,23
"657","2020-04-29",115,8,241,428,3037,0.503128086927889,0,0,267,611,33,1300,19,542,16,19
"658","2020-04-30",120,8,225,424,3037,0.503128086927889,0,0,267,611,31,1331,17,559,15,17
"659","2020-05-01",124,8,238,440,3037,0.503128086927889,0,0,267,611,36,1367,28,587,10,28
"660","2020-05-02",124,8,241,437,3037,0.503128086927889,0,0,267,611,29,1396,14,601,15,14
"661","2020-05-03",120,8,257,432,3037,0.503128086927889,0,0,267,611,24,1420,28,629,10,28
"662","2020-05-04",121,8,252,437,3037,0.503128086927889,0,0,267,611,32,1452,30,659,18,30
"663","2020-05-05",127,8,269,450,3037,0.503128086927889,0,0,267,611,27,1479,23,682,14,23
"664","2020-05-06",123,8,251,453,3037,0.503128086927889,0,0,267,611,31,1510,14,696,14,14
"665","2020-05-07",127,8,244,450,3037,0.503128086927889,0,0,267,611,26,1536,26,722,15,26
"666","2020-05-08",133,8,265,453,3037,0.503128086927889,0,0,267,611,32,1568,11,733,16,11
"667","2020-05-09",132,8,292,459,3037,0.503128086927889,0,0,267,611,22,1590,13,746,7,13
"668","2020-05-10",133,8,288,457,3037,0.503128086927889,0,0,267,611,32,1622,8,754,11,8
"669","2020-05-11",134,8,274,452,3037,0.503128086927889,0,0,267,611,27,1649,13,767,12,13
"670","2020-05-12",136,8,292,443,3037,0.503128086927889,0,0,267,611,21,1670,22,789,7,22
"671","2020-05-13",142,8,281,440,3037,0.503128086927889,0,0,267,611,25,1695,6,795,12,6
"672","2020-05-14",137,8,279,436,3037,0.503128086927889,0,0,267,611,22,1717,9,804,10,9
"673","2020-05-15",129,8,281,424,3037,0.503128086927889,0,0,267,611,25,1742,23,827,9,23
"674","2020-05-16",126,8,280,407,3037,0.503128086927889,0,0,267,611,16,1758,17,844,11,17
"675","2020-05-17",123,8,243,390,3037,0.503128086927889,0,0,267,611,25,1783,9,853,14,9
"676","2020-05-18",120,8,232,357,3037,0.503128086927889,0,0,267,611,17,1800,16,869,6,16
"677","2020-05-19",110,8,222,355,3037,0.503128086927889,0,0,267,611,26,1826,13,882,13,13
"678","2020-05-20",107,8,225,339,3037,0.503128086927889,0,0,267,611,28,1854,3,885,12,3
"679","2020-05-21",107,8,230,323,3037,0.503128086927889,0,0,267,611,19,1873,5,890,10,5
"680","2020-05-22",100,8,246,306,3037,0.503128086927889,0,0,267,611,17,1890,6,896,10,6
"681","2020-05-23",103,8,232,300,3037,0.503128086927889,0,0,267,611,24,1914,12,908,12,12
"682","2020-05-24",96,8,226,294,3037,0.503128086927889,0,0,267,611,25,1939,7,915,15,7
"683","2020-05-25",94,8,236,278,3037,0.503128086927889,0,0,267,611,25,1964,10,925,15,10
"684","2020-05-26",98,8,239,275,3037,0.503128086927889,0,0,267,611,22,1986,16,941,13,16
"685","2020-05-27",90,8,229,264,3037,0.503128086927889,0,0,267,611,20,2006,10,951,10,10
"686","2020-05-28",83,8,219,264,3037,0.503128086927889,0,0,267,611,22,2028,6,957,13,6
"687","2020-05-29",80,8,230,257,3037,0.503128086927889,0,0,267,611,22,2050,9,966,11,9
"688","2020-05-30",76,8,232,257,3037,0.503128086927889,0,0,267,611,23,2073,10,976,16,10
"689","2020-05-31",80,8,220,251,3037,0.503128086927889,0,0,267,611,24,2097,12,988,17,12
"690","2020-06-01",80,8,217,246,3037,0.503128086927889,0,0,267,611,16,2113,9,997,6,9
"691","2020-06-02",72,8,208,245,3037,0.503128086927889,0,0,267,611,15,2128,13,1010,9,13
"692","2020-06-03",74,8,205,246,3037,0.503128086927889,0,0,267,611,18,2146,7,1017,16,7
"693","2020-06-04",79,8,210,243,3037,0.503128086927889,0,0,267,611,30,2176,10,1027,18,10
"694","2020-06-05",81,8,199,234,3037,0.503128086927889,0,0,267,611,16,2192,11,1038,7,11
"695","2020-06-06",79,8,195,230,3037,0.503128086927889,0,0,267,611,10,2202,8,1046,8,8
"696","2020-06-07",71,8,181,222,3037,0.503128086927889,0,0,267,611,12,2214,10,1056,4,10
"697","2020-03-17",1,9,73,78,7006,0.977162432200971,0,0,635,422,6,36,26,82,2,26
"698","2020-03-18",3,9,88,108,7006,0.977162432200971,0,0,635,422,11,47,16,98,9,16
"699","2020-03-19",10,9,85,142,7006,0.977162432200971,0,0,635,422,10,57,18,116,8,18
"700","2020-03-20",17,9,76,181,7006,0.977162432200971,0,0,635,422,16,73,16,132,13,16
"701","2020-03-21",24,9,58,222,7006,0.977162432200971,0,0,635,422,12,85,13,145,12,13
"702","2020-03-22",29,9,63,267,7006,0.977162432200971,0,0,635,422,15,100,4,149,14,4
"703","2020-03-23",33,9,55,312,7006,0.977162432200971,0,0,635,422,19,119,8,157,14,8
"704","2020-03-24",38,9,39,379,7006,0.977162432200971,0,0,635,422,24,143,17,174,22,17
"705","2020-03-25",47,9,36,467,7006,0.977162432200971,0,0,635,422,24,167,19,193,21,19
"706","2020-03-26",61,9,32,557,7006,0.977162432200971,0,0,635,422,28,195,24,217,22,24
"707","2020-03-27",80,9,34,634,7006,0.977162432200971,0,0,635,422,24,219,10,227,20,10
"708","2020-03-28",98,9,55,721,7006,0.977162432200971,0,0,635,422,25,244,11,238,23,11
"709","2020-03-29",116,9,66,820,7006,0.977162432200971,0,0,635,422,36,280,3,241,34,3
"710","2020-03-30",146,9,60,913,7006,0.977162432200971,0,0,635,422,38,318,5,246,33,5
"711","2020-03-31",178,9,78,1007,7006,0.977162432200971,0,0,635,422,43,361,13,259,40,13
"712","2020-04-01",213,9,85,1155,7006,0.977162432200971,0,0,635,422,40,401,24,283,36,24
"713","2020-04-02",237,9,72,1273,7006,0.977162432200971,0,0,635,422,36,437,18,301,33,18
"714","2020-04-03",255,9,63,1433,7006,0.977162432200971,0,0,635,422,48,485,13,314,47,13
"715","2020-04-04",286,9,61,1584,7006,0.977162432200971,0,0,635,422,57,542,6,320,52,6
"716","2020-04-05",331,9,73,1716,7006,0.977162432200971,0,0,635,422,73,615,7,327,70,7
"717","2020-04-06",359,9,101,1894,7006,0.977162432200971,0,0,635,422,61,676,9,336,57,9
"718","2020-04-07",391,9,94,2081,7006,0.977162432200971,0,0,635,422,59,735,9,345,54,9
"719","2020-04-08",439,9,90,2241,7006,0.977162432200971,0,0,635,422,76,811,21,366,75,21
"720","2020-04-09",466,9,71,2367,7006,0.977162432200971,0,0,635,422,53,864,29,395,51,29
"721","2020-04-10",523,9,67,2436,7006,0.977162432200971,0,0,635,422,82,946,38,433,79,38
"722","2020-04-11",558,9,56,2522,7006,0.977162432200971,0,0,635,422,99,1045,42,475,96,42
"723","2020-04-12",581,9,56,2636,7006,0.977162432200971,0,0,635,422,76,1121,18,493,72,18
"724","2020-04-13",627,9,63,2659,7006,0.977162432200971,0,0,635,422,64,1185,47,540,62,47
"725","2020-04-14",695,9,73,2637,7006,0.977162432200971,0,0,635,422,73,1258,25,565,69,25
"726","2020-04-15",712,9,81,2663,7006,0.977162432200971,0,0,635,422,94,1352,40,605,88,40
"727","2020-04-16",748,9,99,2669,7006,0.977162432200971,0,0,635,422,65,1417,28,633,63,28
"728","2020-04-17",759,9,110,2627,7006,0.977162432200971,0,0,635,422,89,1506,24,657,86,24
"729","2020-04-18",763,9,103,2603,7006,0.977162432200971,0,0,635,422,86,1592,41,698,81,41
"730","2020-04-19",793,9,102,2502,7006,0.977162432200971,0,0,635,422,94,1686,18,716,88,18
"731","2020-04-20",785,9,113,2347,7006,0.977162432200971,0,0,635,422,72,1758,19,735,70,19
"732","2020-04-21",752,9,148,2251,7006,0.977162432200971,0,0,635,422,68,1826,20,755,65,20
"733","2020-04-22",725,9,169,2107,7006,0.977162432200971,0,0,635,422,84,1910,28,783,81,28
"734","2020-04-23",703,9,176,2001,7006,0.977162432200971,0,0,635,422,65,1975,16,799,61,16
"735","2020-04-24",656,9,181,1870,7006,0.977162432200971,0,0,635,422,89,2064,10,809,85,10
"736","2020-04-25",643,9,191,1736,7006,0.977162432200971,0,0,635,422,88,2152,24,833,86,24
"737","2020-04-26",596,9,174,1589,7006,0.977162432200971,0,0,635,422,91,2243,25,858,89,25
"738","2020-04-27",562,9,169,1440,7006,0.977162432200971,0,0,635,422,90,2333,20,878,85,20
"739","2020-04-28",526,9,176,1297,7006,0.977162432200971,0,0,635,422,84,2417,35,913,78,35
"740","2020-04-29",488,9,154,1194,7006,0.977162432200971,0,0,635,422,81,2498,23,936,75,23
"741","2020-04-30",453,9,148,1054,7006,0.977162432200971,0,0,635,422,82,2580,16,952,76,16
"742","2020-05-01",438,9,164,936,7006,0.977162432200971,0,0,635,422,56,2636,8,960,55,8
"743","2020-05-02",399,9,150,822,7006,0.977162432200971,0,0,635,422,66,2702,11,971,63,11
"744","2020-05-03",362,9,159,723,7006,0.977162432200971,0,0,635,422,67,2769,7,978,64,7
"745","2020-05-04",325,9,149,649,7006,0.977162432200971,0,0,635,422,80,2849,8,986,72,8
"746","2020-05-05",277,9,138,575,7006,0.977162432200971,0,0,635,422,76,2925,32,1018,72,32
"747","2020-05-06",251,9,129,497,7006,0.977162432200971,0,0,635,422,69,2994,39,1057,63,39
"748","2020-05-07",219,9,111,423,7006,0.977162432200971,0,0,635,422,54,3048,44,1101,52,44
"749","2020-05-08",192,9,104,345,7006,0.977162432200971,0,0,635,422,76,3124,35,1136,71,35
"750","2020-05-09",164,9,97,296,7006,0.977162432200971,0,0,635,422,61,3185,40,1176,58,40
"751","2020-05-10",141,9,80,262,7006,0.977162432200971,0,0,635,422,78,3263,26,1202,73,26
"752","2020-05-11",121,9,86,223,7006,0.977162432200971,0,0,635,422,68,3331,14,1216,68,14
"753","2020-05-12",109,9,90,190,7006,0.977162432200971,0,0,635,422,48,3379,22,1238,48,22
"754","2020-05-13",98,9,93,159,7006,0.977162432200971,0,0,635,422,58,3437,32,1270,56,32
"755","2020-05-14",87,9,83,138,7006,0.977162432200971,0,0,635,422,56,3493,54,1324,55,54
"756","2020-05-15",70,9,73,118,7006,0.977162432200971,0,0,635,422,36,3529,17,1341,34,17
"757","2020-05-16",59,9,60,98,7006,0.977162432200971,0,0,635,422,47,3576,16,1357,46,16
"758","2020-05-17",46,9,50,85,7006,0.977162432200971,0,0,635,422,36,3612,16,1373,36,16
"759","2020-05-18",42,9,66,70,7006,0.977162432200971,0,0,635,422,35,3647,30,1403,34,30
"760","2020-05-19",37,9,82,59,7006,0.977162432200971,0,0,635,422,46,3693,18,1421,43,18
"761","2020-05-20",32,9,71,49,7006,0.977162432200971,0,0,635,422,30,3723,11,1432,30,11
"762","2020-05-21",24,9,76,48,7006,0.977162432200971,0,0,635,422,28,3751,8,1440,28,8
"763","2020-05-22",22,9,75,41,7006,0.977162432200971,0,0,635,422,32,3783,14,1454,30,14
"764","2020-05-23",19,9,81,33,7006,0.977162432200971,0,0,635,422,38,3821,19,1473,38,19
"765","2020-05-24",21,9,91,27,7006,0.977162432200971,0,0,635,422,29,3850,34,1507,27,34
"766","2020-05-25",20,9,97,23,7006,0.977162432200971,0,0,635,422,26,3876,15,1522,26,15
"767","2020-05-26",16,9,86,20,7006,0.977162432200971,0,0,635,422,22,3898,31,1553,21,31
"768","2020-05-27",12,9,87,19,7006,0.977162432200971,0,0,635,422,29,3927,27,1580,27,27
"769","2020-05-28",12,9,81,19,7006,0.977162432200971,0,0,635,422,17,3944,12,1592,15,12
"770","2020-05-29",9,9,79,20,7006,0.977162432200971,0,0,635,422,18,3962,19,1611,18,19
"771","2020-05-30",8,9,91,20,7006,0.977162432200971,0,0,635,422,22,3984,7,1618,20,7
"772","2020-05-31",5,9,87,20,7006,0.977162432200971,0,0,635,422,21,4005,12,1630,20,12
"773","2020-06-01",2,9,84,22,7006,0.977162432200971,0,0,635,422,29,4034,5,1635,25,5
"774","2020-06-02",2,9,74,20,7006,0.977162432200971,0,0,635,422,28,4062,13,1648,24,13
"775","2020-06-03",2,9,68,16,7006,0.977162432200971,0,0,635,422,15,4077,19,1667,12,19
"776","2020-06-04",2,9,68,16,7006,0.977162432200971,0,0,635,422,18,4095,15,1682,17,15
"777","2020-06-05",4,9,72,13,7006,0.977162432200971,0,0,635,422,16,4111,10,1692,16,10
"778","2020-06-06",5,9,70,13,7006,0.977162432200971,0,0,635,422,12,4123,9,1701,12,9
"779","2020-06-07",6,9,62,13,7006,0.977162432200971,0,0,635,422,15,4138,7,1708,12,7
"780","2020-03-17",2,10,48,35,1486,0.772543741588156,0,0,117,474,19,111,3,32,13,3
"781","2020-03-18",2,10,47,42,1486,0.772543741588156,0,0,117,474,31,142,5,37,14,5
"782","2020-03-19",4,10,40,47,1486,0.772543741588156,0,0,117,474,24,166,5,42,11,5
"783","2020-03-20",8,10,44,51,1486,0.772543741588156,0,0,117,474,17,183,5,47,10,5
"784","2020-03-21",9,10,51,60,1486,0.772543741588156,0,0,117,474,24,207,10,57,16,10
"785","2020-03-22",13,10,60,63,1486,0.772543741588156,0,0,117,474,25,232,9,66,16,9
"786","2020-03-23",17,10,65,69,1486,0.772543741588156,0,0,117,474,24,256,4,70,11,4
"787","2020-03-24",16,10,62,83,1486,0.772543741588156,0,0,117,474,22,278,11,81,17,11
"788","2020-03-25",17,10,69,86,1486,0.772543741588156,0,0,117,474,25,303,8,89,19,8
"789","2020-03-26",20,10,60,91,1486,0.772543741588156,0,0,117,474,42,345,1,90,30,1
"790","2020-03-27",20,10,87,94,1486,0.772543741588156,0,0,117,474,36,381,4,94,19,4
"791","2020-03-28",25,10,105,101,1486,0.772543741588156,0,0,117,474,50,431,5,99,30,5
"792","2020-03-29",23,10,110,102,1486,0.772543741588156,0,0,117,474,42,473,2,101,32,2
"793","2020-03-30",24,10,112,102,1486,0.772543741588156,0,0,117,474,52,525,2,103,33,2
"794","2020-03-31",28,10,118,105,1486,0.772543741588156,0,0,117,474,50,575,2,105,36,2
"795","2020-04-01",31,10,126,101,1486,0.772543741588156,0,0,117,474,42,617,4,109,36,4
"796","2020-04-02",29,10,121,105,1486,0.772543741588156,0,0,117,474,59,676,2,111,45,2
"797","2020-04-03",30,10,105,122,1486,0.772543741588156,0,0,117,474,63,739,14,125,52,14
"798","2020-04-04",30,10,111,124,1486,0.772543741588156,0,0,117,474,58,797,4,129,51,4
"799","2020-04-05",35,10,102,122,1486,0.772543741588156,0,0,117,474,76,873,3,132,62,3
"800","2020-04-06",32,10,109,131,1486,0.772543741588156,0,0,117,474,66,939,14,146,54,14
"801","2020-04-07",29,10,106,133,1486,0.772543741588156,0,0,117,474,64,1003,8,154,43,8
"802","2020-04-08",31,10,101,149,1486,0.772543741588156,0,0,117,474,73,1076,9,163,61,9
"803","2020-04-09",36,10,88,159,1486,0.772543741588156,0,0,117,474,67,1143,15,178,46,15
"804","2020-04-10",34,10,88,166,1486,0.772543741588156,0,0,117,474,80,1223,17,195,68,17
"805","2020-04-11",36,10,85,173,1486,0.772543741588156,0,0,117,474,76,1299,20,215,59,20
"806","2020-04-12",32,10,93,172,1486,0.772543741588156,0,0,117,474,66,1365,21,236,52,21
"807","2020-04-13",40,10,109,184,1486,0.772543741588156,0,0,117,474,71,1436,16,252,60,16
"808","2020-04-14",45,10,126,189,1486,0.772543741588156,0,0,117,474,71,1507,12,264,61,12
"809","2020-04-15",49,10,124,192,1486,0.772543741588156,0,0,117,474,67,1574,28,292,50,28
"810","2020-04-16",49,10,138,193,1486,0.772543741588156,0,0,117,474,74,1648,27,319,59,27
"811","2020-04-17",55,10,147,188,1486,0.772543741588156,0,0,117,474,66,1714,24,343,53,24
"812","2020-04-18",56,10,148,194,1486,0.772543741588156,0,0,117,474,61,1775,26,369,45,26
"813","2020-04-19",58,10,131,189,1486,0.772543741588156,0,0,117,474,57,1832,33,402,45,33
"814","2020-04-20",54,10,130,191,1486,0.772543741588156,0,0,117,474,67,1899,27,429,52,27
"815","2020-04-21",55,10,129,194,1486,0.772543741588156,0,0,117,474,54,1953,37,466,45,37
"816","2020-04-22",53,10,127,184,1486,0.772543741588156,0,0,117,474,61,2014,27,493,48,27
"817","2020-04-23",50,10,120,193,1486,0.772543741588156,0,0,117,474,63,2077,23,516,51,23
"818","2020-04-24",50,10,130,194,1486,0.772543741588156,0,0,117,474,56,2133,15,531,44,15
"819","2020-04-25",47,10,115,194,1486,0.772543741588156,0,0,117,474,53,2186,11,542,43,11
"820","2020-04-26",53,10,91,190,1486,0.772543741588156,0,0,117,474,36,2222,13,555,29,13
"821","2020-04-27",54,10,82,192,1486,0.772543741588156,0,0,117,474,47,2269,14,569,34,14
"822","2020-04-28",54,10,66,204,1486,0.772543741588156,0,0,117,474,55,2324,4,573,45,4
"823","2020-04-29",56,10,58,204,1486,0.772543741588156,0,0,117,474,35,2359,10,583,22,10
"824","2020-04-30",55,10,82,216,1486,0.772543741588156,0,0,117,474,61,2420,11,594,52,11
"825","2020-05-01",56,10,85,214,1486,0.772543741588156,0,0,117,474,47,2467,32,626,36,32
"826","2020-05-02",60,10,83,230,1486,0.772543741588156,0,0,117,474,55,2522,26,652,39,26
"827","2020-05-03",57,10,75,241,1486,0.772543741588156,0,0,117,474,42,2564,18,670,30,18
"828","2020-05-04",56,10,89,236,1486,0.772543741588156,0,0,117,474,48,2612,4,674,41,4
"829","2020-05-05",58,10,92,244,1486,0.772543741588156,0,0,117,474,53,2665,20,694,38,20
"830","2020-05-06",56,10,93,241,1486,0.772543741588156,0,0,117,474,44,2709,12,706,34,12
"831","2020-05-07",59,10,88,254,1486,0.772543741588156,0,0,117,474,50,2759,13,719,37,13
"832","2020-05-08",62,10,96,246,1486,0.772543741588156,0,0,117,474,29,2788,7,726,20,7
"833","2020-05-09",64,10,86,248,1486,0.772543741588156,0,0,117,474,44,2832,24,750,30,24
"834","2020-05-10",67,10,84,240,1486,0.772543741588156,0,0,117,474,46,2878,10,760,34,10
"835","2020-05-11",70,10,85,235,1486,0.772543741588156,0,0,117,474,37,2915,8,768,22,8
"836","2020-05-12",67,10,87,236,1486,0.772543741588156,0,0,117,474,39,2954,12,780,29,12
"837","2020-05-13",63,10,93,233,1486,0.772543741588156,0,0,117,474,40,2994,22,802,31,22
"838","2020-05-14",66,10,106,238,1486,0.772543741588156,0,0,117,474,43,3037,14,816,36,14
"839","2020-05-15",65,10,100,236,1486,0.772543741588156,0,0,117,474,32,3069,10,826,22,10
"840","2020-05-16",66,10,96,231,1486,0.772543741588156,0,0,117,474,26,3095,20,846,18,20
"841","2020-05-17",63,10,89,227,1486,0.772543741588156,0,0,117,474,39,3134,10,856,30,10
"842","2020-05-18",63,10,78,225,1486,0.772543741588156,0,0,117,474,32,3166,10,866,22,10
"843","2020-05-19",73,10,81,220,1486,0.772543741588156,0,0,117,474,35,3201,28,894,23,28
"844","2020-05-20",77,10,74,218,1486,0.772543741588156,0,0,117,474,31,3232,23,917,21,23
"845","2020-05-21",74,10,76,214,1486,0.772543741588156,0,0,117,474,22,3254,10,927,14,10
"846","2020-05-22",67,10,78,214,1486,0.772543741588156,0,0,117,474,32,3286,8,935,20,8
"847","2020-05-23",60,10,101,204,1486,0.772543741588156,0,0,117,474,24,3310,27,962,19,27
"848","2020-05-24",61,10,112,201,1486,0.772543741588156,0,0,117,474,31,3341,14,976,23,14
"849","2020-05-25",59,10,114,202,1486,0.772543741588156,0,0,117,474,24,3365,15,991,20,15
"850","2020-05-26",51,10,108,215,1486,0.772543741588156,0,0,117,474,29,3394,13,1004,19,13
"851","2020-05-27",52,10,96,217,1486,0.772543741588156,0,0,117,474,27,3421,15,1019,22,15
"852","2020-05-28",53,10,94,227,1486,0.772543741588156,0,0,117,474,24,3445,12,1031,17,12
"853","2020-05-29",60,10,89,219,1486,0.772543741588156,0,0,117,474,16,3461,8,1039,14,8
"854","2020-05-30",63,10,74,220,1486,0.772543741588156,0,0,117,474,25,3486,14,1053,19,14
"855","2020-05-31",63,10,64,219,1486,0.772543741588156,0,0,117,474,20,3506,10,1063,16,10
"856","2020-06-01",65,10,49,219,1486,0.772543741588156,0,0,117,474,11,3517,17,1080,6,17
"857","2020-06-02",64,10,45,211,1486,0.772543741588156,0,0,117,474,15,3532,18,1098,12,18
"858","2020-06-03",62,10,43,202,1486,0.772543741588156,0,0,117,474,17,3549,11,1109,14,11
"859","2020-06-04",61,10,46,209,1486,0.772543741588156,0,0,117,474,13,3562,9,1118,8,9
"860","2020-06-05",58,10,38,199,1486,0.772543741588156,0,0,117,474,12,3574,8,1126,6,8
"861","2020-06-06",55,10,38,200,1486,0.772543741588156,0,0,117,474,17,3591,NA,NA,12,NA
"862","2020-06-07",52,10,50,196,1486,0.772543741588156,0,0,117,474,13,3604,3,1129,11,3
"863","2020-03-13",2,11,49,48,3358,0.610780226325194,0,0,363,399,24,62,26,48,NA,26
"864","2020-03-14",4,11,49,63,3358,0.610780226325194,0,0,363,399,19,81,30,78,3,30
"865","2020-03-15",7,11,64,86,3358,0.610780226325194,0,0,363,399,24,105,25,103,8,25
"866","2020-03-16",12,11,85,114,3358,0.610780226325194,0,0,363,399,26,131,33,136,9,33
"867","2020-03-17",15,11,93,141,3358,0.610780226325194,0,0,363,399,36,167,40,176,15,40
"868","2020-03-18",18,11,96,165,3358,0.610780226325194,0,0,363,399,29,196,36,212,8,36
"869","2020-03-19",23,11,95,190,3358,0.610780226325194,0,0,363,399,33,229,43,255,13,43
"870","2020-03-20",27,11,109,210,3358,0.610780226325194,0,0,363,399,50,279,35,290,21,35
"871","2020-03-21",34,11,104,229,3358,0.610780226325194,0,0,363,399,49,328,40,330,23,40
"872","2020-03-22",36,11,97,262,3358,0.610780226325194,0,0,363,399,41,369,44,374,22,44
"873","2020-03-23",41,11,98,280,3358,0.610780226325194,0,0,363,399,50,419,24,398,24,24
"874","2020-03-24",51,11,80,296,3358,0.610780226325194,0,0,363,399,48,467,34,432,34,34
"875","2020-03-25",58,11,67,309,3358,0.610780226325194,0,0,363,399,50,517,35,467,25,35
"876","2020-03-26",70,11,66,323,3358,0.610780226325194,0,0,363,399,41,558,30,497,22,30
"877","2020-03-27",82,11,64,345,3358,0.610780226325194,0,0,363,399,40,598,47,544,24,47
"878","2020-03-28",93,11,54,369,3358,0.610780226325194,0,0,363,399,40,638,40,584,23,40
"879","2020-03-29",98,11,44,400,3358,0.610780226325194,0,0,363,399,40,678,39,623,24,39
"880","2020-03-30",105,11,43,424,3358,0.610780226325194,0,0,363,399,44,722,41,664,24,41
"881","2020-03-31",105,11,40,448,3358,0.610780226325194,0,0,363,399,38,760,34,698,19,34
"882","2020-04-01",111,11,47,465,3358,0.610780226325194,0,0,363,399,45,805,48,746,20,48
"883","2020-04-02",115,11,48,499,3358,0.610780226325194,0,0,363,399,46,851,62,808,31,62
"884","2020-04-03",113,11,37,512,3358,0.610780226325194,0,0,363,399,61,912,34,842,29,34
"885","2020-04-04",108,11,37,543,3358,0.610780226325194,0,0,363,399,56,968,50,892,27,50
"886","2020-04-05",121,11,37,549,3358,0.610780226325194,0,0,363,399,56,1024,32,924,27,32
"887","2020-04-06",126,11,54,584,3358,0.610780226325194,0,0,363,399,45,1069,37,961,28,37
"888","2020-04-07",138,11,86,611,3358,0.610780226325194,0,0,363,399,51,1120,25,986,27,25
"889","2020-04-08",147,11,96,637,3358,0.610780226325194,0,0,363,399,63,1183,35,1021,40,35
"890","2020-04-09",141,11,112,642,3358,0.610780226325194,0,0,363,399,65,1248,37,1058,36,37
"891","2020-04-10",151,11,113,660,3358,0.610780226325194,0,0,363,399,64,1312,26,1084,28,26
"892","2020-04-11",155,11,129,676,3358,0.610780226325194,0,0,363,399,53,1365,30,1114,32,30
"893","2020-04-12",159,11,116,708,3358,0.610780226325194,0,0,363,399,56,1421,37,1151,36,38
"894","2020-04-13",171,11,128,726,3358,0.610780226325194,0,0,363,399,58,1479,59,1210,36,59
"895","2020-04-14",174,11,118,730,3358,0.610780226325194,0,0,363,399,57,1536,43,1253,29,43
"896","2020-04-15",175,11,113,727,3358,0.610780226325194,0,0,363,399,55,1591,38,1291,33,38
"897","2020-04-16",191,11,125,757,3358,0.610780226325194,0,0,363,399,54,1645,49,1340,40,49
"898","2020-04-17",206,11,159,759,3358,0.610780226325194,0,0,363,399,73,1718,57,1397,40,57
"899","2020-04-18",220,11,172,762,3358,0.610780226325194,0,0,363,399,57,1775,41,1438,29,41
"900","2020-04-19",233,11,172,756,3358,0.610780226325194,0,0,363,399,54,1829,34,1472,30,34
"901","2020-04-20",229,11,162,753,3358,0.610780226325194,0,0,363,399,61,1890,27,1499,35,27
"902","2020-04-21",232,11,162,745,3358,0.610780226325194,0,0,363,399,63,1953,27,1526,30,27
"903","2020-04-22",240,11,157,760,3358,0.610780226325194,0,0,363,399,41,1994,27,1553,19,27
"904","2020-04-23",244,11,153,724,3358,0.610780226325194,0,0,363,399,57,2051,41,1594,32,41
"905","2020-04-24",232,11,142,695,3358,0.610780226325194,0,0,363,399,50,2101,70,1664,25,70
"906","2020-04-25",226,11,130,681,3358,0.610780226325194,0,0,363,399,52,2153,43,1707,31,43
"907","2020-04-26",217,11,134,645,3358,0.610780226325194,0,0,363,399,54,2207,40,1747,34,40
"908","2020-04-27",209,11,149,610,3358,0.610780226325194,0,0,363,399,55,2262,52,1799,29,52
"909","2020-04-28",202,11,188,561,3358,0.610780226325194,0,0,363,399,50,2312,73,1872,22,73
"910","2020-04-29",185,11,192,544,3358,0.610780226325194,0,0,363,399,53,2365,56,1928,24,56
"911","2020-04-30",170,11,193,508,3358,0.610780226325194,0,0,363,399,47,2412,37,1965,18,37
"912","2020-05-01",153,11,174,484,3358,0.610780226325194,0,0,363,399,43,2455,46,2011,18,46
"913","2020-05-02",140,11,170,449,3358,0.610780226325194,0,0,363,399,43,2498,64,2075,19,64
"914","2020-05-03",121,11,162,426,3358,0.610780226325194,0,0,363,399,52,2550,37,2112,30,37
"915","2020-05-04",119,11,164,396,3358,0.610780226325194,0,0,363,399,35,2585,41,2153,21,41
"916","2020-05-05",107,11,195,376,3358,0.610780226325194,0,0,363,399,46,2631,58,2211,23,58
"917","2020-05-06",104,11,195,362,3358,0.610780226325194,0,0,363,399,31,2662,47,2258,19,47
"918","2020-05-07",93,11,174,347,3358,0.610780226325194,0,0,363,399,47,2709,59,2317,23,59
"919","2020-05-08",94,11,173,347,3358,0.610780226325194,0,0,363,399,42,2751,62,2379,23,62
"920","2020-05-09",99,11,158,337,3358,0.610780226325194,0,0,363,399,32,2783,52,2431,15,52
"921","2020-05-10",99,11,151,329,3358,0.610780226325194,0,0,363,399,28,2811,44,2475,12,44
"922","2020-05-11",96,11,169,322,3358,0.610780226325194,0,0,363,399,27,2838,47,2522,17,47
"923","2020-05-12",92,11,188,321,3358,0.610780226325194,0,0,363,399,44,2882,60,2582,20,60
"924","2020-05-13",91,11,189,318,3358,0.610780226325194,0,0,363,399,36,2918,49,2631,15,49
"925","2020-05-14",97,11,181,313,3358,0.610780226325194,0,0,363,399,28,2946,47,2678,17,47
"926","2020-05-15",98,11,160,299,3358,0.610780226325194,0,0,363,399,25,2971,52,2730,15,52
"927","2020-05-16",92,11,134,297,3358,0.610780226325194,0,0,363,399,31,3002,39,2769,12,39
"928","2020-05-17",91,11,115,282,3358,0.610780226325194,0,0,363,399,24,3026,37,2806,11,37
"929","2020-05-18",85,11,126,268,3358,0.610780226325194,0,0,363,399,33,3059,32,2838,15,32
"930","2020-05-19",88,11,119,256,3358,0.610780226325194,0,0,363,399,31,3090,39,2877,12,39
"931","2020-05-20",88,11,116,255,3358,0.610780226325194,0,0,363,399,21,3111,33,2910,11,33
"932","2020-05-21",85,11,123,243,3358,0.610780226325194,0,0,363,399,25,3136,47,2957,12,47
"933","2020-05-22",82,11,130,223,3358,0.610780226325194,0,0,363,399,17,3153,41,2998,10,41
"934","2020-05-23",80,11,130,220,3358,0.610780226325194,0,0,363,399,19,3172,48,3046,11,48
"935","2020-05-24",80,11,111,219,3358,0.610780226325194,0,0,363,399,18,3190,27,3073,9,27
"936","2020-05-25",75,11,113,214,3358,0.610780226325194,0,0,363,399,21,3211,58,3131,9,58
"937","2020-05-26",71,11,115,204,3358,0.610780226325194,0,0,363,399,33,3244,39,3170,13,39
"938","2020-05-27",73,11,90,202,3358,0.610780226325194,0,0,363,399,23,3267,41,3211,16,41
"939","2020-05-28",69,11,82,204,3358,0.610780226325194,0,0,363,399,17,3284,41,3252,6,41
"940","2020-05-29",62,11,96,193,3358,0.610780226325194,0,0,363,399,26,3310,30,3282,15,30
"941","2020-05-30",56,11,97,191,3358,0.610780226325194,0,0,363,399,17,3327,28,3310,6,28
"942","2020-05-31",48,11,91,198,3358,0.610780226325194,0,0,363,399,18,3345,46,3356,12,46
"943","2020-06-01",52,11,86,192,3358,0.610780226325194,0,0,363,399,21,3366,42,3398,8,42
"944","2020-06-02",57,11,93,191,3358,0.610780226325194,0,0,363,399,17,3383,42,3440,8,42
"945","2020-06-03",49,11,85,186,3358,0.610780226325194,0,0,363,399,20,3403,42,3482,13,42
"946","2020-06-04",45,11,79,180,3358,0.610780226325194,0,0,363,399,10,3413,35,3517,7,35
"947","2020-06-05",45,11,80,170,3358,0.610780226325194,0,0,363,399,13,3426,41,3558,6,41
"948","2020-06-06",49,11,82,167,3358,0.610780226325194,0,0,363,399,18,3444,25,3583,11,25
"949","2020-06-07",57,11,74,162,3358,0.610780226325194,0,0,363,399,16,3460,40,3623,8,40
"950","2020-03-13",1,12,21,49,2887,0.401108417041912,0,0,241,340,8,32,8,21,5,8
"951","2020-03-14",2,12,36,67,2887,0.401108417041912,0,0,241,340,14,46,2,23,6,2
"952","2020-03-15",5,12,38,89,2887,0.401108417041912,0,0,241,340,15,61,5,28,7,5
"953","2020-03-16",7,12,41,107,2887,0.401108417041912,0,0,241,340,15,76,3,31,9,3
"954","2020-03-17",13,12,52,131,2887,0.401108417041912,0,0,241,340,23,99,3,34,10,3
"955","2020-03-18",17,12,53,146,2887,0.401108417041912,0,0,241,340,21,120,14,48,13,14
"956","2020-03-19",26,12,57,183,2887,0.401108417041912,0,0,241,340,24,144,15,63,15,15
"957","2020-03-20",32,12,64,208,2887,0.401108417041912,0,0,241,340,20,164,20,83,12,20
"958","2020-03-21",41,12,71,236,2887,0.401108417041912,0,0,241,340,24,188,9,92,12,9
"959","2020-03-22",45,12,67,255,2887,0.401108417041912,0,0,241,340,25,213,2,94,20,2
"960","2020-03-23",60,12,85,279,2887,0.401108417041912,0,0,241,340,34,247,3,97,21,3
"961","2020-03-24",61,12,90,301,2887,0.401108417041912,0,0,241,340,28,275,1,98,24,1
"962","2020-03-25",72,12,96,323,2887,0.401108417041912,0,0,241,340,28,303,16,114,21,16
"963","2020-03-26",75,12,94,340,2887,0.401108417041912,0,0,241,340,40,343,13,127,35,13
"964","2020-03-27",83,12,101,375,2887,0.401108417041912,0,0,241,340,39,382,11,138,26,11
"965","2020-03-28",89,12,97,378,2887,0.401108417041912,0,0,241,340,29,411,14,152,24,14
"966","2020-03-29",103,12,105,395,2887,0.401108417041912,0,0,241,340,35,446,7,159,31,7
"967","2020-03-30",103,12,114,400,2887,0.401108417041912,0,0,241,340,50,496,5,164,44,5
"968","2020-03-31",107,12,104,397,2887,0.401108417041912,0,0,241,340,38,534,5,169,30,5
"969","2020-04-01",112,12,102,408,2887,0.401108417041912,0,0,241,340,50,584,3,172,35,3
"970","2020-04-02",114,12,101,400,2887,0.401108417041912,0,0,241,340,46,630,13,185,35,13
"971","2020-04-03",114,12,101,407,2887,0.401108417041912,0,0,241,340,65,695,18,203,52,18
"972","2020-04-04",112,12,92,410,2887,0.401108417041912,0,0,241,340,53,748,13,216,44,13
"973","2020-04-05",102,12,85,417,2887,0.401108417041912,0,0,241,340,44,792,14,230,42,14
"974","2020-04-06",100,12,96,431,2887,0.401108417041912,0,0,241,340,59,851,10,240,46,10
"975","2020-04-07",114,12,97,437,2887,0.401108417041912,0,0,241,340,41,892,10,250,35,10
"976","2020-04-08",106,12,116,426,2887,0.401108417041912,0,0,241,340,65,957,2,252,52,2
"977","2020-04-09",107,12,108,426,2887,0.401108417041912,0,0,241,340,48,1005,10,262,40,10
"978","2020-04-10",106,12,112,438,2887,0.401108417041912,0,0,241,340,53,1058,8,270,42,8
"979","2020-04-11",110,12,102,455,2887,0.401108417041912,0,0,241,340,66,1124,13,283,51,13
"980","2020-04-12",116,12,93,458,2887,0.401108417041912,0,0,241,340,49,1173,22,305,33,22
"981","2020-04-13",115,12,108,461,2887,0.401108417041912,0,0,241,340,54,1227,18,323,47,18
"982","2020-04-14",113,12,105,463,2887,0.401108417041912,0,0,241,340,61,1288,19,342,44,19
"983","2020-04-15",116,12,126,454,2887,0.401108417041912,0,0,241,340,67,1355,12,354,50,12
"984","2020-04-16",122,12,122,457,2887,0.401108417041912,0,0,241,340,54,1409,19,373,44,19
"985","2020-04-17",118,12,146,449,2887,0.401108417041912,0,0,241,340,71,1480,30,403,58,30
"986","2020-04-18",115,12,150,445,2887,0.401108417041912,0,0,241,340,62,1542,32,435,51,32
"987","2020-04-19",109,12,142,450,2887,0.401108417041912,0,0,241,340,90,1632,21,456,77,21
"988","2020-04-20",116,12,165,448,2887,0.401108417041912,0,0,241,340,57,1689,36,492,48,36
"989","2020-04-21",106,12,172,442,2887,0.401108417041912,0,0,241,340,52,1741,17,509,43,17
"990","2020-04-22",112,12,173,443,2887,0.401108417041912,0,0,241,340,56,1797,20,529,46,20
"991","2020-04-23",110,12,178,433,2887,0.401108417041912,0,0,241,340,66,1863,17,546,54,17
"992","2020-04-24",119,12,186,433,2887,0.401108417041912,0,0,241,340,75,1938,25,571,60,25
"993","2020-04-25",115,12,181,426,2887,0.401108417041912,0,0,241,340,52,1990,32,603,42,32
"994","2020-04-26",127,12,170,420,2887,0.401108417041912,0,0,241,340,59,2049,18,621,46,18
"995","2020-04-27",122,12,157,424,2887,0.401108417041912,0,0,241,340,60,2109,11,632,51,11
"996","2020-04-28",127,12,159,416,2887,0.401108417041912,0,0,241,340,55,2164,15,647,45,15
"997","2020-04-29",126,12,159,418,2887,0.401108417041912,0,0,241,340,45,2209,9,656,28,9
"998","2020-04-30",123,12,160,428,2887,0.401108417041912,0,0,241,340,51,2260,32,688,45,32
"999","2020-05-01",118,12,132,430,2887,0.401108417041912,0,0,241,340,33,2293,15,703,29,15
"1000","2020-05-02",128,12,131,428,2887,0.401108417041912,0,0,241,340,51,2344,11,714,43,11
"1001","2020-05-03",121,12,114,423,2887,0.401108417041912,0,0,241,340,49,2393,23,737,41,23
"1002","2020-05-04",126,12,111,428,2887,0.401108417041912,0,0,241,340,52,2445,38,775,40,38
"1003","2020-05-05",125,12,119,422,2887,0.401108417041912,0,0,241,340,48,2493,34,809,38,34
"1004","2020-05-06",127,12,114,408,2887,0.401108417041912,0,0,241,340,58,2551,24,833,46,24
"1005","2020-05-07",129,12,120,423,2887,0.401108417041912,0,0,241,340,50,2601,17,850,39,17
"1006","2020-05-08",134,12,119,406,2887,0.401108417041912,0,0,241,340,40,2641,11,861,32,11
"1007","2020-05-09",132,12,112,402,2887,0.401108417041912,0,0,241,340,44,2685,5,866,40,5
"1008","2020-05-10",126,12,96,375,2887,0.401108417041912,0,0,241,340,44,2729,8,874,41,8
"1009","2020-05-11",117,12,90,365,2887,0.401108417041912,0,0,241,340,43,2772,6,880,36,6
"1010","2020-05-12",110,12,93,357,2887,0.401108417041912,0,0,241,340,35,2807,6,886,29,6
"1011","2020-05-13",110,12,98,347,2887,0.401108417041912,0,0,241,340,50,2857,5,891,42,5
"1012","2020-05-14",103,12,96,338,2887,0.401108417041912,0,0,241,340,28,2885,7,898,20,7
"1013","2020-05-15",105,12,95,325,2887,0.401108417041912,0,0,241,340,28,2913,4,902,21,4
"1014","2020-05-16",102,12,91,322,2887,0.401108417041912,0,0,241,340,39,2952,11,913,34,11
"1015","2020-05-17",111,12,94,319,2887,0.401108417041912,0,0,241,340,46,2998,18,931,34,18
"1016","2020-05-18",113,12,104,312,2887,0.401108417041912,0,0,241,340,31,3029,13,944,29,13
"1017","2020-05-19",118,12,106,314,2887,0.401108417041912,0,0,241,340,32,3061,10,954,24,10
"1018","2020-05-20",109,12,108,316,2887,0.401108417041912,0,0,241,340,29,3090,23,977,23,23
"1019","2020-05-21",114,12,100,297,2887,0.401108417041912,0,0,241,340,28,3118,14,991,22,14
"1020","2020-05-22",100,12,93,304,2887,0.401108417041912,0,0,241,340,32,3150,19,1010,22,19
"1021","2020-05-23",92,12,89,300,2887,0.401108417041912,0,0,241,340,22,3172,20,1030,15,20
"1022","2020-05-24",84,12,87,302,2887,0.401108417041912,0,0,241,340,25,3197,45,1075,22,45
"1023","2020-05-25",80,12,94,299,2887,0.401108417041912,0,0,241,340,24,3221,39,1114,14,39
"1024","2020-05-26",80,12,92,291,2887,0.401108417041912,0,0,241,340,28,3249,37,1151,26,37
"1025","2020-05-27",83,12,77,290,2887,0.401108417041912,0,0,241,340,22,3271,21,1172,18,21
"1026","2020-05-28",79,12,85,268,2887,0.401108417041912,0,0,241,340,19,3290,29,1201,13,29
"1027","2020-05-29",82,12,91,252,2887,0.401108417041912,0,0,241,340,26,3316,26,1227,21,26
"1028","2020-05-30",84,12,85,236,2887,0.401108417041912,0,0,241,340,27,3343,28,1255,24,28
"1029","2020-05-31",85,12,84,231,2887,0.401108417041912,0,0,241,340,24,3367,30,1285,19,30
"1030","2020-06-01",84,12,94,232,2887,0.401108417041912,0,0,241,340,22,3389,12,1297,15,12
"1031","2020-06-02",80,12,103,226,2887,0.401108417041912,0,0,241,340,17,3406,7,1304,15,7
"1032","2020-06-03",72,12,98,214,2887,0.401108417041912,0,0,241,340,15,3421,11,1315,13,11
"1033","2020-06-04",65,12,98,211,2887,0.401108417041912,0,0,241,340,16,3437,16,1331,14,16
"1034","2020-06-05",63,12,98,211,2887,0.401108417041912,0,0,241,340,24,3461,9,1340,22,9
"1035","2020-06-06",62,12,95,200,2887,0.401108417041912,0,0,241,340,14,3475,8,1348,12,8
"1036","2020-06-07",62,12,92,196,2887,0.401108417041912,0,0,241,340,16,3491,10,1358,13,10
"1037","2020-03-15",1,13,29,36,1867,0.703267273701125,0,0,173,401,23,78,6,25,5,6
"1038","2020-03-16",2,13,28,43,1867,0.703267273701125,0,0,173,401,15,93,7,32,7,7
"1039","2020-03-17",7,13,30,58,1867,0.703267273701125,0,0,173,401,19,112,4,36,5,4
"1040","2020-03-18",9,13,45,68,1867,0.703267273701125,0,0,173,401,17,129,4,40,8,4
"1041","2020-03-19",13,13,51,84,1867,0.703267273701125,0,0,173,401,19,148,2,42,10,2
"1042","2020-03-20",15,13,58,93,1867,0.703267273701125,0,0,173,401,20,168,6,48,12,6
"1043","2020-03-21",17,13,58,108,1867,0.703267273701125,0,0,173,401,23,191,NA,NA,10,NA
"1044","2020-03-22",20,13,66,118,1867,0.703267273701125,0,0,173,401,26,217,5,53,11,5
"1045","2020-03-23",25,13,62,128,1867,0.703267273701125,0,0,173,401,35,252,2,55,20,2
"1046","2020-03-24",25,13,60,148,1867,0.703267273701125,0,0,173,401,30,282,5,60,18,5
"1047","2020-03-25",32,13,60,152,1867,0.703267273701125,0,0,173,401,29,311,12,72,13,12
"1048","2020-03-26",32,13,74,170,1867,0.703267273701125,0,0,173,401,29,340,16,88,18,16
"1049","2020-03-27",33,13,67,191,1867,0.703267273701125,0,0,173,401,27,367,7,95,13,7
"1050","2020-03-28",38,13,67,219,1867,0.703267273701125,0,0,173,401,33,400,11,106,26,11
"1051","2020-03-29",43,13,68,227,1867,0.703267273701125,0,0,173,401,29,429,8,114,19,8
"1052","2020-03-30",45,13,76,239,1867,0.703267273701125,0,0,173,401,27,456,7,121,12,7
"1053","2020-03-31",55,13,73,263,1867,0.703267273701125,0,0,173,401,47,503,12,133,30,12
"1054","2020-04-01",56,13,77,291,1867,0.703267273701125,0,0,173,401,40,543,5,138,27,5
"1055","2020-04-02",69,13,81,302,1867,0.703267273701125,0,0,173,401,32,575,14,152,17,14
"1056","2020-04-03",74,13,89,311,1867,0.703267273701125,0,0,173,401,43,618,7,159,30,7
"1057","2020-04-04",87,13,96,323,1867,0.703267273701125,0,0,173,401,28,646,7,166,23,7
"1058","2020-04-05",96,13,104,333,1867,0.703267273701125,0,0,173,401,46,692,3,169,28,3
"1059","2020-04-06",96,13,115,349,1867,0.703267273701125,0,0,173,401,34,726,8,177,25,8
"1060","2020-04-07",94,13,123,353,1867,0.703267273701125,0,0,173,401,26,752,5,182,15,5
"1061","2020-04-08",90,13,125,353,1867,0.703267273701125,0,0,173,401,44,796,5,187,26,5
"1062","2020-04-09",85,13,124,363,1867,0.703267273701125,0,0,173,401,42,838,5,192,29,5
"1063","2020-04-10",92,13,134,364,1867,0.703267273701125,0,0,173,401,40,878,10,202,25,10
"1064","2020-04-11",90,13,151,355,1867,0.703267273701125,0,0,173,401,36,914,17,219,23,17
"1065","2020-04-12",88,13,148,342,1867,0.703267273701125,0,0,173,401,47,961,14,233,31,14
"1066","2020-04-13",102,13,137,332,1867,0.703267273701125,0,0,173,401,50,1011,7,240,39,7
"1067","2020-04-14",105,13,155,333,1867,0.703267273701125,0,0,173,401,51,1062,20,260,32,20
"1068","2020-04-15",111,13,152,325,1867,0.703267273701125,0,0,173,401,38,1100,18,278,21,18
"1069","2020-04-16",108,13,159,321,1867,0.703267273701125,0,0,173,401,32,1132,32,310,21,32
"1070","2020-04-17",114,13,156,318,1867,0.703267273701125,0,0,173,401,27,1159,14,324,13,14
"1071","2020-04-18",112,13,154,310,1867,0.703267273701125,0,0,173,401,44,1203,11,335,19,11
"1072","2020-04-19",101,13,154,289,1867,0.703267273701125,0,0,173,401,41,1244,12,347,30,12
"1073","2020-04-20",87,13,150,282,1867,0.703267273701125,0,0,173,401,47,1291,22,369,29,22
"1074","2020-04-21",85,13,160,273,1867,0.703267273701125,0,0,173,401,46,1337,12,381,21,12
"1075","2020-04-22",85,13,147,262,1867,0.703267273701125,0,0,173,401,46,1383,11,392,27,11
"1076","2020-04-23",85,13,138,256,1867,0.703267273701125,0,0,173,401,34,1417,11,403,18,11
"1077","2020-04-24",73,13,133,242,1867,0.703267273701125,0,0,173,401,39,1456,14,417,17,14
"1078","2020-04-25",68,13,127,226,1867,0.703267273701125,0,0,173,401,39,1495,13,430,25,13
"1079","2020-04-26",71,13,121,227,1867,0.703267273701125,0,0,173,401,44,1539,11,441,21,11
"1080","2020-04-27",70,13,128,220,1867,0.703267273701125,0,0,173,401,45,1584,11,452,21,11
"1081","2020-04-28",69,13,119,217,1867,0.703267273701125,0,0,173,401,25,1609,9,461,9,9
"1082","2020-04-29",65,13,110,221,1867,0.703267273701125,0,0,173,401,40,1649,10,471,20,10
"1083","2020-04-30",64,13,106,230,1867,0.703267273701125,0,0,173,401,39,1688,13,484,25,13
"1084","2020-05-01",65,13,115,242,1867,0.703267273701125,0,0,173,401,29,1717,8,492,17,8
"1085","2020-05-02",63,13,110,241,1867,0.703267273701125,0,0,173,401,41,1758,22,514,23,22
"1086","2020-05-03",65,13,114,236,1867,0.703267273701125,0,0,173,401,25,1783,23,537,15,23
"1087","2020-05-04",64,13,122,227,1867,0.703267273701125,0,0,173,401,32,1815,16,553,25,16
"1088","2020-05-05",63,13,113,219,1867,0.703267273701125,0,0,173,401,31,1846,10,563,18,10
"1089","2020-05-06",60,13,115,228,1867,0.703267273701125,0,0,173,401,46,1892,14,577,28,14
"1090","2020-05-07",68,13,106,235,1867,0.703267273701125,0,0,173,401,37,1929,8,585,23,8
"1091","2020-05-08",65,13,128,228,1867,0.703267273701125,0,0,173,401,38,1967,10,595,25,10
"1092","2020-05-09",66,13,126,239,1867,0.703267273701125,0,0,173,401,34,2001,5,600,24,5
"1093","2020-05-10",67,13,125,244,1867,0.703267273701125,0,0,173,401,38,2039,17,617,23,17
"1094","2020-05-11",75,13,121,243,1867,0.703267273701125,0,0,173,401,33,2072,12,629,21,12
"1095","2020-05-12",71,13,116,242,1867,0.703267273701125,0,0,173,401,28,2100,12,641,20,12
"1096","2020-05-13",73,13,121,249,1867,0.703267273701125,0,0,173,401,41,2141,22,663,14,22
"1097","2020-05-14",65,13,111,249,1867,0.703267273701125,0,0,173,401,36,2177,17,680,22,17
"1098","2020-05-15",71,13,110,240,1867,0.703267273701125,0,0,173,401,41,2218,16,696,31,16
"1099","2020-05-16",66,13,112,231,1867,0.703267273701125,0,0,173,401,21,2239,18,714,9,18
"1100","2020-05-17",62,13,103,218,1867,0.703267273701125,0,0,173,401,33,2272,7,721,19,7
"1101","2020-05-18",60,13,103,215,1867,0.703267273701125,0,0,173,401,31,2303,10,731,21,10
"1102","2020-05-19",65,13,98,212,1867,0.703267273701125,0,0,173,401,29,2332,7,738,20,7
"1103","2020-05-20",63,13,96,203,1867,0.703267273701125,0,0,173,401,23,2355,8,746,17,8
"1104","2020-05-21",62,13,98,198,1867,0.703267273701125,0,0,173,401,26,2381,18,764,13,18
"1105","2020-05-22",63,13,107,188,1867,0.703267273701125,0,0,173,401,23,2404,4,768,15,4
"1106","2020-05-23",64,13,113,183,1867,0.703267273701125,0,0,173,401,28,2432,8,776,15,8
"1107","2020-05-24",67,13,113,183,1867,0.703267273701125,0,0,173,401,27,2459,8,784,18,8
"1108","2020-05-25",62,13,121,189,1867,0.703267273701125,0,0,173,401,25,2484,3,787,14,3
"1109","2020-05-26",58,13,130,185,1867,0.703267273701125,0,0,173,401,37,2521,2,789,28,2
"1110","2020-05-27",59,13,124,190,1867,0.703267273701125,0,0,173,401,35,2556,9,798,29,9
"1111","2020-05-28",57,13,122,190,1867,0.703267273701125,0,0,173,401,28,2584,8,806,16,8
"1112","2020-05-29",51,13,119,182,1867,0.703267273701125,0,0,173,401,21,2605,9,815,12,9
"1113","2020-05-30",53,13,124,180,1867,0.703267273701125,0,0,173,401,17,2622,11,826,8,11
"1114","2020-05-31",45,13,125,174,1867,0.703267273701125,0,0,173,401,22,2644,13,839,17,13
"1115","2020-06-01",41,13,130,168,1867,0.703267273701125,0,0,173,401,23,2667,8,847,15,8
"1116","2020-06-02",38,13,145,160,1867,0.703267273701125,0,0,173,401,20,2687,17,864,10,17
"1117","2020-06-03",41,13,138,154,1867,0.703267273701125,0,0,173,401,12,2699,6,870,7,6
"1118","2020-06-04",42,13,152,160,1867,0.703267273701125,0,0,173,401,23,2722,17,887,18,17
"1119","2020-06-05",39,13,157,159,1867,0.703267273701125,0,0,173,401,17,2739,13,900,15,13
"1120","2020-06-06",36,13,158,158,1867,0.703267273701125,0,0,173,401,11,2750,7,907,9,7
"1121","2020-06-07",45,13,159,143,1867,0.703267273701125,0,0,173,401,13,2763,13,920,9,13
"1122","2020-03-14",1,14,49,43,5855,0.929461998292058,0,0,593,586,23,77,10,56,15,10
"1123","2020-03-15",1,14,52,66,5855,0.929461998292058,0,0,593,586,32,109,8,64,21,8
"1124","2020-03-16",3,14,49,80,5855,0.929461998292058,0,0,593,586,41,150,22,86,29,22
"1125","2020-03-17",6,14,55,96,5855,0.929461998292058,0,0,593,586,49,199,10,96,37,10
"1126","2020-03-18",9,14,56,126,5855,0.929461998292058,0,0,593,586,54,253,18,114,46,18
"1127","2020-03-19",13,14,62,150,5855,0.929461998292058,0,0,593,586,51,304,5,119,48,5
"1128","2020-03-20",15,14,64,193,5855,0.929461998292058,0,0,593,586,75,379,6,125,71,6
"1129","2020-03-21",24,14,74,227,5855,0.929461998292058,0,0,593,586,83,462,5,130,80,5
"1130","2020-03-22",31,14,71,277,5855,0.929461998292058,0,0,593,586,111,573,14,144,100,14
"1131","2020-03-23",36,14,88,302,5855,0.929461998292058,0,0,593,586,102,675,10,154,93,10
"1132","2020-03-24",51,14,93,351,5855,0.929461998292058,0,0,593,586,140,815,21,175,127,21
"1133","2020-03-25",57,14,86,407,5855,0.929461998292058,0,0,593,586,157,972,25,200,149,25
"1134","2020-03-26",64,14,73,454,5855,0.929461998292058,0,0,593,586,222,1194,16,216,220,16
"1135","2020-03-27",81,14,66,516,5855,0.929461998292058,0,0,593,586,265,1459,16,232,253,16
"1136","2020-03-28",94,14,66,559,5855,0.929461998292058,0,0,593,586,208,1667,26,258,199,26
"1137","2020-03-29",105,14,71,627,5855,0.929461998292058,0,0,593,586,280,1947,38,296,267,38
"1138","2020-03-30",130,14,65,712,5855,0.929461998292058,0,0,593,586,342,2289,13,309,329,13
"1139","2020-03-31",136,14,65,762,5855,0.929461998292058,0,0,593,586,354,2643,10,319,341,10
"1140","2020-04-01",157,14,65,867,5855,0.929461998292058,0,0,593,586,288,2931,3,322,279,3
"1141","2020-04-02",180,14,71,943,5855,0.929461998292058,0,0,593,586,298,3229,26,348,293,26
"1142","2020-04-03",200,14,83,993,5855,0.929461998292058,0,0,593,586,347,3576,26,374,340,26
"1143","2020-04-04",212,14,95,1092,5855,0.929461998292058,0,0,593,586,354,3930,15,389,347,15
"1144","2020-04-05",241,14,116,1156,5855,0.929461998292058,0,0,593,586,294,4224,8,397,287,8
"1145","2020-04-06",249,14,118,1228,5855,0.929461998292058,0,0,593,586,279,4503,7,404,272,7
"1146","2020-04-07",265,14,114,1302,5855,0.929461998292058,0,0,593,586,266,4769,38,442,263,38
"1147","2020-04-08",295,14,108,1341,5855,0.929461998292058,0,0,593,586,298,5067,33,475,289,33
"1148","2020-04-09",319,14,112,1403,5855,0.929461998292058,0,0,593,586,266,5333,15,490,258,15
"1149","2020-04-10",335,14,109,1447,5855,0.929461998292058,0,0,593,586,241,5574,40,530,236,40
"1150","2020-04-11",359,14,111,1518,5855,0.929461998292058,0,0,593,586,214,5788,24,554,208,24
"1151","2020-04-12",376,14,123,1542,5855,0.929461998292058,0,0,593,586,169,5957,15,569,164,15
"1152","2020-04-13",398,14,111,1604,5855,0.929461998292058,0,0,593,586,174,6131,12,581,168,12
"1153","2020-04-14",422,14,132,1602,5855,0.929461998292058,0,0,593,586,168,6299,8,589,162,8
"1154","2020-04-15",418,14,131,1627,5855,0.929461998292058,0,0,593,586,108,6407,19,608,103,19
"1155","2020-04-16",424,14,122,1648,5855,0.929461998292058,0,0,593,586,115,6522,15,623,114,15
"1156","2020-04-17",439,14,120,1648,5855,0.929461998292058,0,0,593,586,79,6601,9,632,79,9
"1157","2020-04-18",458,14,119,1662,5855,0.929461998292058,0,0,593,586,76,6677,20,652,75,20
"1158","2020-04-19",458,14,136,1636,5855,0.929461998292058,0,0,593,586,81,6758,13,665,80,13
"1159","2020-04-20",470,14,138,1603,5855,0.929461998292058,0,0,593,586,59,6817,15,680,55,15
"1160","2020-04-21",480,14,133,1584,5855,0.929461998292058,0,0,593,586,49,6866,11,691,49,11
"1161","2020-04-22",479,14,136,1570,5855,0.929461998292058,0,0,593,586,30,6896,10,701,28,10
"1162","2020-04-23",473,14,132,1531,5855,0.929461998292058,0,0,593,586,31,6927,6,707,30,6
"1163","2020-04-24",480,14,141,1483,5855,0.929461998292058,0,0,593,586,22,6949,22,729,22,22
"1164","2020-04-25",462,14,139,1433,5855,0.929461998292058,0,0,593,586,29,6978,13,742,28,13
"1165","2020-04-26",453,14,158,1374,5855,0.929461998292058,0,0,593,586,33,7011,9,751,33,9
"1166","2020-04-27",427,14,157,1318,5855,0.929461998292058,0,0,593,586,16,7027,31,782,16,31
"1167","2020-04-28",395,14,168,1241,5855,0.929461998292058,0,0,593,586,17,7044,10,792,16,10
"1168","2020-04-29",384,14,167,1165,5855,0.929461998292058,0,0,593,586,20,7064,9,801,19,9
"1169","2020-04-30",386,14,140,1097,5855,0.929461998292058,0,0,593,586,12,7076,10,811,10,10
"1170","2020-05-01",347,14,142,1033,5855,0.929461998292058,0,0,593,586,5,7081,4,815,5,4
"1171","2020-05-02",323,14,144,966,5855,0.929461998292058,0,0,593,586,7,7088,27,842,5,27
"1172","2020-05-03",311,14,156,924,5855,0.929461998292058,0,0,593,586,8,7096,15,857,8,15
"1173","2020-05-04",299,14,167,867,5855,0.929461998292058,0,0,593,586,7,7103,6,863,5,6
"1174","2020-05-05",301,14,161,808,5855,0.929461998292058,0,0,593,586,6,7109,8,871,4,8
"1175","2020-05-06",297,14,164,760,5855,0.929461998292058,0,0,593,586,5,7114,29,900,3,29
"1176","2020-05-07",269,14,153,691,5855,0.929461998292058,0,0,593,586,1,7115,16,916,1,16
"1177","2020-05-08",260,14,141,634,5855,0.929461998292058,0,0,593,586,3,7118,9,925,2,9
"1178","2020-05-09",242,14,137,571,5855,0.929461998292058,0,0,593,586,3,7121,10,935,2,10
"1179","2020-05-10",219,14,144,523,5855,0.929461998292058,0,0,593,586,7,7128,13,948,4,13
"1180","2020-05-11",198,14,144,488,5855,0.929461998292058,0,0,593,586,5,7133,33,981,3,33
"1181","2020-05-12",174,14,149,457,5855,0.929461998292058,0,0,593,586,4,7137,23,1004,3,23
"1182","2020-05-13",153,14,164,425,5855,0.929461998292058,0,0,593,586,2,7139,13,1017,2,13
"1183","2020-05-14",138,14,177,403,5855,0.929461998292058,0,0,593,586,1,7140,42,1059,1,42
"1184","2020-05-15",129,14,164,383,5855,0.929461998292058,0,0,593,586,2,7142,36,1095,1,36
"1185","2020-05-16",123,14,158,353,5855,0.929461998292058,0,0,593,586,9,7151,25,1120,6,25
"1186","2020-05-17",126,14,162,318,5855,0.929461998292058,0,0,593,586,3,7154,25,1145,2,25
"1187","2020-05-18",118,14,164,301,5855,0.929461998292058,0,0,593,586,3,7157,38,1183,3,38
"1188","2020-05-19",111,14,181,279,5855,0.929461998292058,0,0,593,586,6,7163,13,1196,5,13
"1189","2020-05-20",102,14,180,259,5855,0.929461998292058,0,0,593,586,3,7166,9,1205,2,9
"1190","2020-05-21",95,14,175,228,5855,0.929461998292058,0,0,593,586,1,7167,11,1216,NA,11
"1191","2020-05-22",88,14,155,221,5855,0.929461998292058,0,0,593,586,1,7168,28,1244,1,28
"1192","2020-05-23",87,14,153,218,5855,0.929461998292058,0,0,593,586,3,7171,32,1276,2,32
"1193","2020-05-24",77,14,144,211,5855,0.929461998292058,0,0,593,586,2,7173,17,1293,2,17
"1194","2020-05-25",78,14,134,186,5855,0.929461998292058,0,0,593,586,NA,NA,29,1322,NA,29
"1195","2020-05-26",70,14,121,178,5855,0.929461998292058,0,0,593,586,1,7174,24,1346,1,24
"1196","2020-05-27",65,14,94,164,5855,0.929461998292058,0,0,593,586,2,7176,9,1355,NA,9
"1197","2020-05-28",62,14,103,155,5855,0.929461998292058,0,0,593,586,3,7179,15,1370,1,15
"1198","2020-05-29",52,14,101,150,5855,0.929461998292058,0,0,593,586,NA,NA,23,1393,NA,23
"1199","2020-05-30",51,14,111,135,5855,0.929461998292058,0,0,593,586,3,7182,11,1404,3,11
"1200","2020-05-31",46,14,113,126,5855,0.929461998292058,0,0,593,586,1,7183,4,1408,1,4
"1201","2020-06-01",45,14,107,125,5855,0.929461998292058,0,0,593,586,NA,NA,14,1422,NA,14
"1202","2020-06-02",44,14,106,121,5855,0.929461998292058,0,0,593,586,1,7184,15,1437,NA,15
"1203","2020-06-03",47,14,117,116,5855,0.929461998292058,0,0,593,586,NA,NA,8,1445,NA,8
"1204","2020-06-04",45,14,105,103,5855,0.929461998292058,0,0,593,586,1,7185,9,1454,1,9
"1205","2020-06-05",49,14,105,100,5855,0.929461998292058,0,0,593,586,3,7188,12,1466,2,12
"1206","2020-06-06",42,14,107,95,5855,0.929461998292058,0,0,593,586,NA,NA,9,1475,NA,9
"1207","2020-06-07",40,14,102,94,5855,0.929461998292058,0,0,593,586,1,7189,13,1488,NA,13
"1208","2020-03-13",1,15,66,63,8110,0.898273736128237,0,0,703,601,23,68,6,17,2,6
"1209","2020-03-14",3,15,79,102,8110,0.898273736128237,0,0,703,601,24,92,3,20,7,3
"1210","2020-03-15",5,15,103,148,8110,0.898273736128237,0,0,703,601,17,109,4,24,2,4
"1211","2020-03-16",11,15,109,205,8110,0.898273736128237,0,0,703,601,32,141,11,35,4,11
"1212","2020-03-17",14,15,129,274,8110,0.898273736128237,0,0,703,601,20,161,15,50,5,15
"1213","2020-03-18",23,15,132,359,8110,0.898273736128237,0,0,703,601,31,192,15,65,11,15
"1214","2020-03-19",33,15,131,448,8110,0.898273736128237,0,0,703,601,37,229,12,77,10,12
"1215","2020-03-20",46,15,142,560,8110,0.898273736128237,0,0,703,601,41,270,8,85,13,8
"1216","2020-03-21",72,15,148,709,8110,0.898273736128237,0,0,703,601,30,300,8,93,18,8
"1217","2020-03-22",96,15,174,866,8110,0.898273736128237,0,0,703,601,25,325,4,97,7,4
"1218","2020-03-23",119,15,183,1146,8110,0.898273736128237,0,0,703,601,28,353,9,106,9,9
"1219","2020-03-24",146,15,162,1389,8110,0.898273736128237,0,0,703,601,33,386,5,111,12,5
"1220","2020-03-25",179,15,140,1718,8110,0.898273736128237,0,0,703,601,35,421,8,119,12,8
"1221","2020-03-26",233,15,132,1996,8110,0.898273736128237,0,0,703,601,36,457,15,134,13,15
"1222","2020-03-27",298,15,169,2277,8110,0.898273736128237,0,0,703,601,49,506,6,140,19,6
"1223","2020-03-28",352,15,181,2652,8110,0.898273736128237,0,0,703,601,38,544,7,147,13,7
"1224","2020-03-29",414,15,161,3037,8110,0.898273736128237,0,0,703,601,49,593,8,155,19,8
"1225","2020-03-30",508,15,165,3462,8110,0.898273736128237,0,0,703,601,31,624,10,165,12,10
"1226","2020-03-31",626,15,181,3793,8110,0.898273736128237,0,0,703,601,43,667,14,179,16,14
"1227","2020-04-01",743,15,207,4123,8110,0.898273736128237,0,0,703,601,52,719,13,192,22,13
"1228","2020-04-02",850,15,207,4379,8110,0.898273736128237,0,0,703,601,48,767,7,199,21,7
"1229","2020-04-03",965,15,228,4549,8110,0.898273736128237,0,0,703,601,52,819,10,209,24,10
"1230","2020-04-04",1087,15,198,4557,8110,0.898273736128237,0,0,703,601,51,870,15,224,20,15
"1231","2020-04-05",1167,15,171,4491,8110,0.898273736128237,0,0,703,601,45,915,20,244,16,20
"1232","2020-04-06",1245,15,159,4328,8110,0.898273736128237,0,0,703,601,63,978,11,255,33,11
"1233","2020-04-07",1271,15,184,4121,8110,0.898273736128237,0,0,703,601,53,1031,30,285,17,30
"1234","2020-04-08",1297,15,198,3893,8110,0.898273736128237,0,0,703,601,59,1090,21,306,27,21
"1235","2020-04-09",1301,15,188,3533,8110,0.898273736128237,0,0,703,601,55,1145,8,314,28,8
"1236","2020-04-10",1253,15,166,3188,8110,0.898273736128237,0,0,703,601,53,1198,16,330,25,16
"1237","2020-04-11",1179,15,150,2843,8110,0.898273736128237,0,0,703,601,51,1249,13,343,28,13
"1238","2020-04-12",1133,15,155,2472,8110,0.898273736128237,0,0,703,601,55,1304,9,352,23,9
"1239","2020-04-13",1036,15,141,2101,8110,0.898273736128237,0,0,703,601,47,1351,17,369,24,17
"1240","2020-04-14",954,15,146,1797,8110,0.898273736128237,0,0,703,601,48,1399,8,377,27,8
"1241","2020-04-15",841,15,188,1487,8110,0.898273736128237,0,0,703,601,47,1446,7,384,23,7
"1242","2020-04-16",733,15,205,1261,8110,0.898273736128237,0,0,703,601,52,1498,13,397,21,13
"1243","2020-04-17",639,15,217,1053,8110,0.898273736128237,0,0,703,601,60,1558,20,417,29,20
"1244","2020-04-18",547,15,214,856,8110,0.898273736128237,0,0,703,601,47,1605,8,425,20,8
"1245","2020-04-19",465,15,205,708,8110,0.898273736128237,0,0,703,601,53,1658,12,437,22,12
"1246","2020-04-20",383,15,203,585,8110,0.898273736128237,0,0,703,601,53,1711,13,450,24,13
"1247","2020-04-21",317,15,217,461,8110,0.898273736128237,0,0,703,601,52,1763,18,468,23,18
"1248","2020-04-22",262,15,218,383,8110,0.898273736128237,0,0,703,601,51,1814,11,479,17,11
"1249","2020-04-23",209,15,241,313,8110,0.898273736128237,0,0,703,601,51,1865,6,485,20,6
"1250","2020-04-24",167,15,229,264,8110,0.898273736128237,0,0,703,601,29,1894,9,494,13,9
"1251","2020-04-25",138,15,196,225,8110,0.898273736128237,0,0,703,601,47,1941,26,520,20,26
"1252","2020-04-26",105,15,155,181,8110,0.898273736128237,0,0,703,601,61,2002,10,530,27,10
"1253","2020-04-27",90,15,141,161,8110,0.898273736128237,0,0,703,601,37,2039,6,536,17,6
"1254","2020-04-28",70,15,124,139,8110,0.898273736128237,0,0,703,601,38,2077,15,551,13,15
"1255","2020-04-29",61,15,114,116,8110,0.898273736128237,0,0,703,601,53,2130,18,569,18,18
"1256","2020-04-30",52,15,112,94,8110,0.898273736128237,0,0,703,601,37,2167,18,587,12,18
"1257","2020-05-01",47,15,155,81,8110,0.898273736128237,0,0,703,601,53,2220,7,594,16,7
"1258","2020-05-02",42,15,187,67,8110,0.898273736128237,0,0,703,601,44,2264,8,602,21,8
"1259","2020-05-03",38,15,172,61,8110,0.898273736128237,0,0,703,601,41,2305,8,610,17,8
"1260","2020-05-04",32,15,160,59,8110,0.898273736128237,0,0,703,601,38,2343,12,622,22,12
"1261","2020-05-05",27,15,155,55,8110,0.898273736128237,0,0,703,601,49,2392,12,634,25,12
"1262","2020-05-06",20,15,137,49,8110,0.898273736128237,0,0,703,601,47,2439,10,644,19,10
"1263","2020-05-07",18,15,157,44,8110,0.898273736128237,0,0,703,601,39,2478,12,656,16,12
"1264","2020-05-08",16,15,138,42,8110,0.898273736128237,0,0,703,601,42,2520,6,662,18,6
"1265","2020-05-09",13,15,124,40,8110,0.898273736128237,0,0,703,601,47,2567,5,667,17,5
"1266","2020-05-10",12,15,137,39,8110,0.898273736128237,0,0,703,601,31,2598,23,690,15,23
"1267","2020-05-11",14,15,168,38,8110,0.898273736128237,0,0,703,601,41,2639,9,699,12,9
"1268","2020-05-12",13,15,203,37,8110,0.898273736128237,0,0,703,601,45,2684,26,725,22,26
"1269","2020-05-13",13,15,188,32,8110,0.898273736128237,0,0,703,601,25,2709,19,744,11,19
"1270","2020-05-14",13,15,166,34,8110,0.898273736128237,0,0,703,601,38,2747,31,775,11,31
"1271","2020-05-15",10,15,149,33,8110,0.898273736128237,0,0,703,601,29,2776,21,796,8,21
"1272","2020-05-16",10,15,170,34,8110,0.898273736128237,0,0,703,601,29,2805,13,809,13,13
"1273","2020-05-17",8,15,210,31,8110,0.898273736128237,0,0,703,601,28,2833,21,830,15,21
"1274","2020-05-18",5,15,208,25,8110,0.898273736128237,0,0,703,601,22,2855,19,849,11,19
"1275","2020-05-19",5,15,211,25,8110,0.898273736128237,0,0,703,601,46,2901,19,868,14,19
"1276","2020-05-20",6,15,210,24,8110,0.898273736128237,0,0,703,601,38,2939,25,893,15,25
"1277","2020-05-21",5,15,230,24,8110,0.898273736128237,0,0,703,601,26,2965,13,906,7,13
"1278","2020-05-22",6,15,223,24,8110,0.898273736128237,0,0,703,601,15,2980,17,923,3,17
"1279","2020-05-23",5,15,214,25,8110,0.898273736128237,0,0,703,601,24,3004,13,936,11,13
"1280","2020-05-24",6,15,197,25,8110,0.898273736128237,0,0,703,601,25,3029,7,943,7,7
"1281","2020-05-25",7,15,184,22,8110,0.898273736128237,0,0,703,601,20,3049,6,949,9,6
"1282","2020-05-26",7,15,188,21,8110,0.898273736128237,0,0,703,601,19,3068,15,964,7,15
"1283","2020-05-27",6,15,177,22,8110,0.898273736128237,0,0,703,601,28,3096,12,976,20,12
"1284","2020-05-28",4,15,157,19,8110,0.898273736128237,0,0,703,601,25,3121,9,985,11,9
"1285","2020-05-29",5,15,136,19,8110,0.898273736128237,0,0,703,601,23,3144,21,1006,8,21
"1286","2020-05-30",6,15,125,16,8110,0.898273736128237,0,0,703,601,17,3161,5,1011,4,5
"1287","2020-05-31",5,15,149,16,8110,0.898273736128237,0,0,703,601,25,3186,9,1020,7,9
"1288","2020-06-01",4,15,168,15,8110,0.898273736128237,0,0,703,601,17,3203,9,1029,6,9
"1289","2020-06-02",4,15,163,15,8110,0.898273736128237,0,0,703,601,19,3222,15,1044,11,15
"1290","2020-06-03",4,15,140,10,8110,0.898273736128237,0,0,703,601,21,3243,11,1055,8,11
"1291","2020-06-04",5,15,138,10,8110,0.898273736128237,0,0,703,601,25,3268,9,1064,11,9
"1292","2020-06-05",3,15,140,8,8110,0.898273736128237,0,0,703,601,18,3286,7,1071,9,7
"1293","2020-06-06",2,15,133,9,8110,0.898273736128237,0,0,703,601,20,3306,8,1079,6,8
"1294","2020-06-07",3,15,130,10,8110,0.898273736128237,0,0,703,601,10,3316,12,1091,6,12
"1295","2020-03-15",1,16,71,25,2312,0.725346020761246,0,0,229,557,25,109,5,44,6,5
"1296","2020-03-16",1,16,74,33,2312,0.725346020761246,0,0,229,557,21,130,12,56,9,12
"1297","2020-03-17",3,16,79,49,2312,0.725346020761246,0,0,229,557,34,164,17,73,14,17
"1298","2020-03-18",4,16,85,67,2312,0.725346020761246,0,0,229,557,30,194,28,101,16,28
"1299","2020-03-19",7,16,92,80,2312,0.725346020761246,0,0,229,557,46,240,29,130,23,29
"1300","2020-03-20",8,16,89,98,2312,0.725346020761246,0,0,229,557,26,266,17,147,18,17
"1301","2020-03-21",15,16,97,114,2312,0.725346020761246,0,0,229,557,35,301,20,167,20,20
"1302","2020-03-22",17,16,97,131,2312,0.725346020761246,0,0,229,557,32,333,25,192,25,25
"1303","2020-03-23",20,16,105,147,2312,0.725346020761246,0,0,229,557,35,368,31,223,23,31
"1304","2020-03-24",25,16,119,160,2312,0.725346020761246,0,0,229,557,51,419,28,251,34,28
"1305","2020-03-25",33,16,122,175,2312,0.725346020761246,0,0,229,557,42,461,25,276,21,25
"1306","2020-03-26",36,16,110,192,2312,0.725346020761246,0,0,229,557,35,496,28,304,21,28
"1307","2020-03-27",47,16,106,211,2312,0.725346020761246,0,0,229,557,42,538,23,327,23,23
"1308","2020-03-28",46,16,127,222,2312,0.725346020761246,0,0,229,557,30,568,29,356,15,29
"1309","2020-03-29",51,16,114,233,2312,0.725346020761246,0,0,229,557,40,608,23,379,27,23
"1310","2020-03-30",55,16,105,246,2312,0.725346020761246,0,0,229,557,29,637,42,421,19,42
"1311","2020-03-31",55,16,96,263,2312,0.725346020761246,0,0,229,557,44,681,39,460,15,39
"1312","2020-04-01",60,16,88,274,2312,0.725346020761246,0,0,229,557,39,720,38,498,20,38
"1313","2020-04-02",72,16,91,285,2312,0.725346020761246,0,0,229,557,28,748,35,533,11,35
"1314","2020-04-03",73,16,104,293,2312,0.725346020761246,0,0,229,557,34,782,53,586,17,53
"1315","2020-04-04",77,16,95,305,2312,0.725346020761246,0,0,229,557,36,818,34,620,17,34
"1316","2020-04-05",77,16,98,310,2312,0.725346020761246,0,0,229,557,47,865,48,668,26,48
"1317","2020-04-06",82,16,108,321,2312,0.725346020761246,0,0,229,557,36,901,32,700,20,32
"1318","2020-04-07",82,16,116,312,2312,0.725346020761246,0,0,229,557,39,940,33,733,21,33
"1319","2020-04-08",78,16,148,318,2312,0.725346020761246,0,0,229,557,41,981,30,763,18,30
"1320","2020-04-09",82,16,138,321,2312,0.725346020761246,0,0,229,557,41,1022,44,807,23,44
"1321","2020-04-10",82,16,128,327,2312,0.725346020761246,0,0,229,557,37,1059,48,855,20,48
"1322","2020-04-11",88,16,138,335,2312,0.725346020761246,0,0,229,557,43,1102,51,906,22,51
"1323","2020-04-12",97,16,138,340,2312,0.725346020761246,0,0,229,557,40,1142,50,956,26,50
"1324","2020-04-13",95,16,140,342,2312,0.725346020761246,0,0,229,557,51,1193,58,1014,28,58
"1325","2020-04-14",106,16,144,336,2312,0.725346020761246,0,0,229,557,32,1225,47,1061,15,47
"1326","2020-04-15",108,16,150,345,2312,0.725346020761246,0,0,229,557,49,1274,40,1101,30,40
"1327","2020-04-16",99,16,157,339,2312,0.725346020761246,0,0,229,557,38,1312,41,1142,20,41
"1328","2020-04-17",100,16,172,331,2312,0.725346020761246,0,0,229,557,39,1351,48,1190,19,48
"1329","2020-04-18",96,16,167,339,2312,0.725346020761246,0,0,229,557,46,1397,40,1230,22,40
"1330","2020-04-19",90,16,160,349,2312,0.725346020761246,0,0,229,557,47,1444,55,1285,27,55
"1331","2020-04-20",93,16,167,355,2312,0.725346020761246,0,0,229,557,37,1481,58,1343,22,58
"1332","2020-04-21",84,16,160,371,2312,0.725346020761246,0,0,229,557,34,1515,39,1382,18,39
"1333","2020-04-22",87,16,166,380,2312,0.725346020761246,0,0,229,557,30,1545,66,1448,11,66
"1334","2020-04-23",91,16,160,393,2312,0.725346020761246,0,0,229,557,39,1584,31,1479,21,31
"1335","2020-04-24",94,16,161,398,2312,0.725346020761246,0,0,229,557,44,1628,46,1525,20,46
"1336","2020-04-25",100,16,148,388,2312,0.725346020761246,0,0,229,557,45,1673,44,1569,23,44
"1337","2020-04-26",102,16,151,413,2312,0.725346020761246,0,0,229,557,29,1702,35,1604,14,35
"1338","2020-04-27",111,16,179,392,2312,0.725346020761246,0,0,229,557,37,1739,47,1651,16,47
"1339","2020-04-28",121,16,185,385,2312,0.725346020761246,0,0,229,557,23,1762,39,1690,10,39
"1340","2020-04-29",125,16,185,380,2312,0.725346020761246,0,0,229,557,54,1816,46,1736,25,46
"1341","2020-04-30",117,16,172,395,2312,0.725346020761246,0,0,229,557,38,1854,36,1772,18,36
"1342","2020-05-01",111,16,189,392,2312,0.725346020761246,0,0,229,557,44,1898,47,1819,27,47
"1343","2020-05-02",119,16,187,392,2312,0.725346020761246,0,0,229,557,42,1940,31,1850,22,31
"1344","2020-05-03",128,16,170,380,2312,0.725346020761246,0,0,229,557,35,1975,55,1905,19,55
"1345","2020-05-04",120,16,154,349,2312,0.725346020761246,0,0,229,557,42,2017,44,1949,24,44
"1346","2020-05-05",112,16,140,342,2312,0.725346020761246,0,0,229,557,45,2062,63,2012,24,63
"1347","2020-05-06",110,16,145,314,2312,0.725346020761246,0,0,229,557,47,2109,42,2054,28,42
"1348","2020-05-07",111,16,142,307,2312,0.725346020761246,0,0,229,557,34,2143,39,2093,17,39
"1349","2020-05-08",113,16,162,307,2312,0.725346020761246,0,0,229,557,50,2193,55,2148,25,55
"1350","2020-05-09",101,16,167,308,2312,0.725346020761246,0,0,229,557,47,2240,69,2217,25,69
"1351","2020-05-10",92,16,154,292,2312,0.725346020761246,0,0,229,557,33,2273,52,2269,16,52
"1352","2020-05-11",94,16,148,293,2312,0.725346020761246,0,0,229,557,34,2307,49,2318,11,49
"1353","2020-05-12",100,16,160,276,2312,0.725346020761246,0,0,229,557,35,2342,57,2375,19,57
"1354","2020-05-13",94,16,159,268,2312,0.725346020761246,0,0,229,557,36,2378,57,2432,17,57
"1355","2020-05-14",92,16,148,266,2312,0.725346020761246,0,0,229,557,34,2412,48,2480,15,48
"1356","2020-05-15",89,16,160,272,2312,0.725346020761246,0,0,229,557,34,2446,44,2524,20,44
"1357","2020-05-16",86,16,156,272,2312,0.725346020761246,0,0,229,557,25,2471,51,2575,14,51
"1358","2020-05-17",81,16,141,282,2312,0.725346020761246,0,0,229,557,30,2501,29,2604,18,29
"1359","2020-05-18",76,16,139,273,2312,0.725346020761246,0,0,229,557,21,2522,37,2641,7,37
"1360","2020-05-19",68,16,138,284,2312,0.725346020761246,0,0,229,557,31,2553,32,2673,22,32
"1361","2020-05-20",71,16,136,292,2312,0.725346020761246,0,0,229,557,23,2576,39,2712,12,39
"1362","2020-05-21",75,16,124,295,2312,0.725346020761246,0,0,229,557,20,2596,36,2748,9,36
"1363","2020-05-22",76,16,126,306,2312,0.725346020761246,0,0,229,557,22,2618,63,2811,13,63
"1364","2020-05-23",73,16,117,304,2312,0.725346020761246,0,0,229,557,16,2634,35,2846,7,35
"1365","2020-05-24",75,16,129,306,2312,0.725346020761246,0,0,229,557,24,2658,41,2887,11,41
"1366","2020-05-25",76,16,137,286,2312,0.725346020761246,0,0,229,557,15,2673,51,2938,6,51
"1367","2020-05-26",79,16,134,288,2312,0.725346020761246,0,0,229,557,29,2702,41,2979,15,41
"1368","2020-05-27",80,16,142,290,2312,0.725346020761246,0,0,229,557,26,2728,31,3010,15,31
"1369","2020-05-28",78,16,147,292,2312,0.725346020761246,0,0,229,557,25,2753,30,3040,15,30
"1370","2020-05-29",84,16,136,272,2312,0.725346020761246,0,0,229,557,25,2778,33,3073,14,33
"1371","2020-05-30",90,16,136,272,2312,0.725346020761246,0,0,229,557,22,2800,36,3109,12,36
"1372","2020-05-31",91,16,113,267,2312,0.725346020761246,0,0,229,557,18,2818,34,3143,10,34
"1373","2020-06-01",84,16,109,263,2312,0.725346020761246,0,0,229,557,19,2837,33,3176,10,33
"1374","2020-06-02",83,16,106,256,2312,0.725346020761246,0,0,229,557,16,2853,34,3210,7,34
"1375","2020-06-03",80,16,106,248,2312,0.725346020761246,0,0,229,557,24,2877,32,3242,17,32
"1376","2020-06-04",74,16,103,239,2312,0.725346020761246,0,0,229,557,24,2901,30,3272,12,30
"1377","2020-06-05",66,16,98,234,2312,0.725346020761246,0,0,229,557,16,2917,26,3298,5,26
"1378","2020-06-06",65,16,92,233,2312,0.725346020761246,0,0,229,557,20,2937,28,3326,14,28
"1379","2020-06-07",65,16,91,229,2312,0.725346020761246,0,0,229,557,15,2952,28,3354,6,28
"1380","2020-03-14",2,17,53,56,2670,0.530711610486891,0,0,260,499,8,27,6,30,6,6
"1381","2020-03-15",3,17,50,77,2670,0.530711610486891,0,0,260,499,14,41,17,47,9,17
"1382","2020-03-16",5,17,45,103,2670,0.530711610486891,0,0,260,499,14,55,16,63,12,16
"1383","2020-03-17",10,17,53,127,2670,0.530711610486891,0,0,260,499,24,79,22,85,21,22
"1384","2020-03-18",12,17,64,151,2670,0.530711610486891,0,0,260,499,30,109,25,110,29,25
"1385","2020-03-19",15,17,64,176,2670,0.530711610486891,0,0,260,499,35,144,16,126,34,16
"1386","2020-03-20",19,17,63,203,2670,0.530711610486891,0,0,260,499,46,190,13,139,45,13
"1387","2020-03-21",26,17,69,224,2670,0.530711610486891,0,0,260,499,43,233,4,143,40,4
"1388","2020-03-22",38,17,67,246,2670,0.530711610486891,0,0,260,499,49,282,10,153,47,10
"1389","2020-03-23",49,17,94,258,2670,0.530711610486891,0,0,260,499,52,334,4,157,48,4
"1390","2020-03-24",52,17,96,282,2670,0.530711610486891,0,0,260,499,77,411,1,158,72,1
"1391","2020-03-25",70,17,94,298,2670,0.530711610486891,0,0,260,499,93,504,1,159,92,1
"1392","2020-03-26",80,17,98,307,2670,0.530711610486891,0,0,260,499,108,612,3,162,103,3
"1393","2020-03-27",88,17,113,316,2670,0.530711610486891,0,0,260,499,107,719,10,172,104,10
"1394","2020-03-28",90,17,111,328,2670,0.530711610486891,0,0,260,499,111,830,21,193,110,21
"1395","2020-03-29",86,17,115,343,2670,0.530711610486891,0,0,260,499,129,959,19,212,126,19
"1396","2020-03-30",77,17,124,349,2670,0.530711610486891,0,0,260,499,129,1088,8,220,126,8
"1397","2020-03-31",86,17,130,346,2670,0.530711610486891,0,0,260,499,128,1216,24,244,125,24
"1398","2020-04-01",82,17,122,360,2670,0.530711610486891,0,0,260,499,210,1426,17,261,208,17
"1399","2020-04-02",80,17,128,350,2670,0.530711610486891,0,0,260,499,179,1605,7,268,175,7
"1400","2020-04-03",81,17,113,360,2670,0.530711610486891,0,0,260,499,231,1836,9,277,227,9
"1401","2020-04-04",85,17,129,349,2670,0.530711610486891,0,0,260,499,220,2056,4,281,220,4
"1402","2020-04-05",89,17,124,340,2670,0.530711610486891,0,0,260,499,231,2287,22,303,229,22
"1403","2020-04-06",111,17,141,338,2670,0.530711610486891,0,0,260,499,265,2552,25,328,264,25
"1404","2020-04-07",108,17,149,332,2670,0.530711610486891,0,0,260,499,282,2834,11,339,279,11
"1405","2020-04-08",104,17,135,336,2670,0.530711610486891,0,0,260,499,287,3121,16,355,286,16
"1406","2020-04-09",103,17,111,327,2670,0.530711610486891,0,0,260,499,264,3385,9,364,263,9
"1407","2020-04-10",99,17,100,328,2670,0.530711610486891,0,0,260,499,240,3625,10,374,237,10
"1408","2020-04-11",95,17,87,318,2670,0.530711610486891,0,0,260,499,265,3890,8,382,263,8
"1409","2020-04-12",95,17,86,334,2670,0.530711610486891,0,0,260,499,276,4166,6,388,275,6
"1410","2020-04-13",78,17,76,344,2670,0.530711610486891,0,0,260,499,230,4396,12,400,230,12
"1411","2020-04-14",80,17,61,346,2670,0.530711610486891,0,0,260,499,190,4586,12,412,189,12
"1412","2020-04-15",84,17,64,357,2670,0.530711610486891,0,0,260,499,246,4832,19,431,244,19
"1413","2020-04-16",84,17,73,366,2670,0.530711610486891,0,0,260,499,246,5078,26,457,242,26
"1414","2020-04-17",89,17,82,384,2670,0.530711610486891,0,0,260,499,193,5271,17,474,192,17
"1415","2020-04-18",93,17,91,406,2670,0.530711610486891,0,0,260,499,210,5481,14,488,208,14
"1416","2020-04-19",96,17,93,435,2670,0.530711610486891,0,0,260,499,172,5653,14,502,172,14
"1417","2020-04-20",107,17,74,450,2670,0.530711610486891,0,0,260,499,114,5767,30,532,113,30
"1418","2020-04-21",119,17,73,460,2670,0.530711610486891,0,0,260,499,168,5935,41,573,164,41
"1419","2020-04-22",117,17,68,474,2670,0.530711610486891,0,0,260,499,113,6048,43,616,111,43
"1420","2020-04-23",130,17,67,481,2670,0.530711610486891,0,0,260,499,116,6164,42,658,115,42
"1421","2020-04-24",137,17,70,510,2670,0.530711610486891,0,0,260,499,103,6267,43,701,102,43
"1422","2020-04-25",143,17,68,513,2670,0.530711610486891,0,0,260,499,92,6359,35,736,90,35
"1423","2020-04-26",145,17,69,510,2670,0.530711610486891,0,0,260,499,71,6430,27,763,70,27
"1424","2020-04-27",146,17,75,506,2670,0.530711610486891,0,0,260,499,65,6495,28,791,64,28
"1425","2020-04-28",134,17,122,506,2670,0.530711610486891,0,0,260,499,59,6554,30,821,59,30
"1426","2020-04-29",135,17,145,503,2670,0.530711610486891,0,0,260,499,60,6614,16,837,60,16
"1427","2020-04-30",136,17,174,492,2670,0.530711610486891,0,0,260,499,54,6668,14,851,54,14
"1428","2020-05-01",135,17,189,476,2670,0.530711610486891,0,0,260,499,36,6704,35,886,35,35
"1429","2020-05-02",129,17,178,454,2670,0.530711610486891,0,0,260,499,33,6737,18,904,32,18
"1430","2020-05-03",134,17,176,443,2670,0.530711610486891,0,0,260,499,23,6760,36,940,22,36
"1431","2020-05-04",135,17,181,442,2670,0.530711610486891,0,0,260,499,27,6787,21,961,23,21
"1432","2020-05-05",128,17,199,415,2670,0.530711610486891,0,0,260,499,19,6806,17,978,17,17
"1433","2020-05-06",124,17,205,405,2670,0.530711610486891,0,0,260,499,14,6820,16,994,14,16
"1434","2020-05-07",114,17,218,368,2670,0.530711610486891,0,0,260,499,14,6834,18,1012,14,18
"1435","2020-05-08",108,17,203,367,2670,0.530711610486891,0,0,260,499,5,6839,11,1023,5,11
"1436","2020-05-09",120,17,204,350,2670,0.530711610486891,0,0,260,499,13,6852,7,1030,11,7
"1437","2020-05-10",115,17,189,330,2670,0.530711610486891,0,0,260,499,9,6861,3,1033,9,3
"1438","2020-05-11",104,17,158,320,2670,0.530711610486891,0,0,260,499,6,6867,11,1044,6,11
"1439","2020-05-12",107,17,149,312,2670,0.530711610486891,0,0,260,499,8,6875,22,1066,8,22
"1440","2020-05-13",110,17,144,312,2670,0.530711610486891,0,0,260,499,7,6882,11,1077,7,11
"1441","2020-05-14",107,17,134,301,2670,0.530711610486891,0,0,260,499,1,6883,11,1088,1,11
"1442","2020-05-15",100,17,118,291,2670,0.530711610486891,0,0,260,499,5,6888,3,1091,5,3
"1443","2020-05-16",89,17,110,277,2670,0.530711610486891,0,0,260,499,4,6892,6,1097,4,6
"1444","2020-05-17",76,17,114,273,2670,0.530711610486891,0,0,260,499,2,6894,3,1100,1,3
"1445","2020-05-18",78,17,106,265,2670,0.530711610486891,0,0,260,499,1,6895,15,1115,1,15
"1446","2020-05-19",82,17,105,262,2670,0.530711610486891,0,0,260,499,1,6896,19,1134,1,19
"1447","2020-05-20",74,17,94,252,2670,0.530711610486891,0,0,260,499,3,6899,7,1141,2,7
"1448","2020-05-21",77,17,84,252,2670,0.530711610486891,0,0,260,499,2,6901,6,1147,1,6
"1449","2020-05-22",80,17,70,258,2670,0.530711610486891,0,0,260,499,NA,NA,10,1157,NA,10
"1450","2020-05-23",72,17,69,248,2670,0.530711610486891,0,0,260,499,2,6903,22,1179,1,22
"1451","2020-05-24",76,17,76,260,2670,0.530711610486891,0,0,260,499,NA,NA,16,1195,NA,16
"1452","2020-05-25",74,17,67,251,2670,0.530711610486891,0,0,260,499,2,6905,19,1214,2,19
"1453","2020-05-26",64,17,69,245,2670,0.530711610486891,0,0,260,499,1,6906,10,1224,1,10
"1454","2020-05-27",64,17,66,244,2670,0.530711610486891,0,0,260,499,2,6908,15,1239,2,15
"1455","2020-05-28",67,17,76,240,2670,0.530711610486891,0,0,260,499,3,6911,15,1254,2,15
"1456","2020-05-29",62,17,97,234,2670,0.530711610486891,0,0,260,499,3,6914,13,1267,3,13
"1457","2020-05-30",61,17,98,227,2670,0.530711610486891,0,0,260,499,1,6915,19,1286,1,19
"1458","2020-05-31",64,17,102,212,2670,0.530711610486891,0,0,260,499,3,6918,12,1298,3,12
"1459","2020-06-01",61,17,115,211,2670,0.530711610486891,0,0,260,499,2,6920,12,1310,1,12
"1460","2020-06-02",66,17,124,203,2670,0.530711610486891,0,0,260,499,1,6921,9,1319,1,9
"1461","2020-06-03",64,17,124,201,2670,0.530711610486891,0,0,260,499,NA,NA,12,1331,NA,12
"1462","2020-06-04",55,17,124,195,2670,0.530711610486891,0,0,260,499,1,6922,6,1337,1,6
"1463","2020-06-05",57,17,107,184,2670,0.530711610486891,0,0,260,499,NA,NA,12,1349,NA,12
"1464","2020-06-06",59,17,117,172,2670,0.530711610486891,0,0,260,499,2,6924,12,1361,2,12
"1465","2020-06-07",50,17,110,173,2670,0.530711610486891,0,0,260,499,1,6925,9,1370,1,9
"1466","2020-03-13",1,18,78,29,2373,0.732827644332069,0,0,233,566,7,12,16,38,2,16
"1467","2020-03-14",2,18,74,39,2373,0.732827644332069,0,0,233,566,1,13,14,52,NA,14
"1468","2020-03-15",3,18,69,55,2373,0.732827644332069,0,0,233,566,9,22,7,59,6,7
"1469","2020-03-16",6,18,79,64,2373,0.732827644332069,0,0,233,566,4,26,6,65,2,6
"1470","2020-03-17",7,18,66,74,2373,0.732827644332069,0,0,233,566,10,36,8,73,7,8
"1471","2020-03-18",12,18,80,93,2373,0.732827644332069,0,0,233,566,7,43,11,84,5,11
"1472","2020-03-19",17,18,76,107,2373,0.732827644332069,0,0,233,566,5,48,4,88,3,4
"1473","2020-03-20",18,18,87,131,2373,0.732827644332069,0,0,233,566,7,55,6,94,6,6
"1474","2020-03-21",22,18,86,144,2373,0.732827644332069,0,0,233,566,9,64,9,103,7,9
"1475","2020-03-22",25,18,83,156,2373,0.732827644332069,0,0,233,566,9,73,13,116,5,13
"1476","2020-03-23",25,18,74,172,2373,0.732827644332069,0,0,233,566,9,82,15,131,6,15
"1477","2020-03-24",27,18,91,182,2373,0.732827644332069,0,0,233,566,18,100,10,141,10,10
"1478","2020-03-25",25,18,104,191,2373,0.732827644332069,0,0,233,566,8,108,11,152,4,11
"1479","2020-03-26",24,18,103,196,2373,0.732827644332069,0,0,233,566,10,118,11,163,6,11
"1480","2020-03-27",30,18,95,207,2373,0.732827644332069,0,0,233,566,6,124,24,187,5,24
"1481","2020-03-28",35,18,81,203,2373,0.732827644332069,0,0,233,566,14,138,28,215,12,28
"1482","2020-03-29",38,18,61,215,2373,0.732827644332069,0,0,233,566,12,150,22,237,8,22
"1483","2020-03-30",48,18,70,227,2373,0.732827644332069,0,0,233,566,7,157,20,257,6,20
"1484","2020-03-31",53,18,92,237,2373,0.732827644332069,0,0,233,566,10,167,23,280,9,23
"1485","2020-04-01",57,18,118,242,2373,0.732827644332069,0,0,233,566,8,175,28,308,6,28
"1486","2020-04-02",62,18,130,258,2373,0.732827644332069,0,0,233,566,12,187,17,325,3,17
"1487","2020-04-03",69,18,142,272,2373,0.732827644332069,0,0,233,566,22,209,12,337,12,12
"1488","2020-04-04",69,18,150,288,2373,0.732827644332069,0,0,233,566,12,221,21,358,9,21
"1489","2020-04-05",74,18,156,297,2373,0.732827644332069,0,0,233,566,12,233,16,374,9,16
"1490","2020-04-06",72,18,137,319,2373,0.732827644332069,0,0,233,566,21,254,20,394,15,20
"1491","2020-04-07",79,18,123,319,2373,0.732827644332069,0,0,233,566,12,266,21,415,9,21
"1492","2020-04-08",83,18,101,333,2373,0.732827644332069,0,0,233,566,23,289,12,427,16,12
"1493","2020-04-09",85,18,131,339,2373,0.732827644332069,0,0,233,566,16,305,13,440,14,13
"1494","2020-04-10",87,18,154,350,2373,0.732827644332069,0,0,233,566,16,321,19,459,12,19
"1495","2020-04-11",91,18,142,360,2373,0.732827644332069,0,0,233,566,22,343,6,465,13,6
"1496","2020-04-12",93,18,142,372,2373,0.732827644332069,0,0,233,566,19,362,18,483,16,18
"1497","2020-04-13",95,18,141,382,2373,0.732827644332069,0,0,233,566,23,385,28,511,19,28
"1498","2020-04-14",93,18,142,395,2373,0.732827644332069,0,0,233,566,13,398,28,539,9,28
"1499","2020-04-15",103,18,139,396,2373,0.732827644332069,0,0,233,566,21,419,16,555,14,16
"1500","2020-04-16",111,18,124,406,2373,0.732827644332069,0,0,233,566,20,439,31,586,18,31
"1501","2020-04-17",106,18,109,408,2373,0.732827644332069,0,0,233,566,15,454,23,609,12,23
"1502","2020-04-18",113,18,131,411,2373,0.732827644332069,0,0,233,566,20,474,29,638,14,29
"1503","2020-04-19",119,18,151,404,2373,0.732827644332069,0,0,233,566,13,487,12,650,10,12
"1504","2020-04-20",126,18,147,402,2373,0.732827644332069,0,0,233,566,19,506,22,672,11,22
"1505","2020-04-21",127,18,140,410,2373,0.732827644332069,0,0,233,566,18,524,20,692,16,20
"1506","2020-04-22",121,18,131,404,2373,0.732827644332069,0,0,233,566,17,541,11,703,11,11
"1507","2020-04-23",112,18,142,397,2373,0.732827644332069,0,0,233,566,23,564,23,726,19,23
"1508","2020-04-24",114,18,156,399,2373,0.732827644332069,0,0,233,566,22,586,22,748,12,22
"1509","2020-04-25",108,18,178,409,2373,0.732827644332069,0,0,233,566,19,605,10,758,13,10
"1510","2020-04-26",106,18,186,402,2373,0.732827644332069,0,0,233,566,16,621,2,760,13,2
"1511","2020-04-27",103,18,166,380,2373,0.732827644332069,0,0,233,566,21,642,5,765,13,5
"1512","2020-04-28",106,18,172,375,2373,0.732827644332069,0,0,233,566,24,666,3,768,20,3
"1513","2020-04-29",108,18,146,369,2373,0.732827644332069,0,0,233,566,21,687,5,773,13,5
"1514","2020-04-30",110,18,125,352,2373,0.732827644332069,0,0,233,566,28,715,29,802,24,29
"1515","2020-05-01",110,18,140,335,2373,0.732827644332069,0,0,233,566,18,733,13,815,14,13
"1516","2020-05-02",112,18,119,318,2373,0.732827644332069,0,0,233,566,28,761,10,825,27,10
"1517","2020-05-03",111,18,105,319,2373,0.732827644332069,0,0,233,566,26,787,9,834,19,9
"1518","2020-05-04",107,18,95,311,2373,0.732827644332069,0,0,233,566,21,808,27,861,19,27
"1519","2020-05-05",102,18,89,317,2373,0.732827644332069,0,0,233,566,25,833,15,876,18,15
"1520","2020-05-06",101,18,89,311,2373,0.732827644332069,0,0,233,566,17,850,10,886,11,10
"1521","2020-05-07",101,18,116,313,2373,0.732827644332069,0,0,233,566,37,887,11,897,34,11
"1522","2020-05-08",103,18,144,305,2373,0.732827644332069,0,0,233,566,17,904,20,917,16,20
"1523","2020-05-09",94,18,172,308,2373,0.732827644332069,0,0,233,566,26,930,11,928,22,11
"1524","2020-05-10",90,18,169,315,2373,0.732827644332069,0,0,233,566,15,945,12,940,12,12
"1525","2020-05-11",85,18,152,317,2373,0.732827644332069,0,0,233,566,17,962,13,953,14,13
"1526","2020-05-12",85,18,160,315,2373,0.732827644332069,0,0,233,566,21,983,12,965,18,12
"1527","2020-05-13",87,18,155,304,2373,0.732827644332069,0,0,233,566,19,1002,16,981,14,16
"1528","2020-05-14",84,18,135,300,2373,0.732827644332069,0,0,233,566,19,1021,22,1003,14,22
"1529","2020-05-15",85,18,119,302,2373,0.732827644332069,0,0,233,566,21,1042,17,1020,16,17
"1530","2020-05-16",92,18,102,292,2373,0.732827644332069,0,0,233,566,15,1057,21,1041,9,21
"1531","2020-05-17",87,18,91,302,2373,0.732827644332069,0,0,233,566,16,1073,8,1049,12,8
"1532","2020-05-18",91,18,78,294,2373,0.732827644332069,0,0,233,566,21,1094,11,1060,20,11
"1533","2020-05-19",88,18,91,287,2373,0.732827644332069,0,0,233,566,15,1109,12,1072,10,12
"1534","2020-05-20",80,18,84,277,2373,0.732827644332069,0,0,233,566,21,1130,8,1080,18,8
"1535","2020-05-21",86,18,75,278,2373,0.732827644332069,0,0,233,566,23,1153,9,1089,17,9
"1536","2020-05-22",78,18,67,276,2373,0.732827644332069,0,0,233,566,21,1174,15,1104,17,15
"1537","2020-05-23",79,18,58,254,2373,0.732827644332069,0,0,233,566,16,1190,26,1130,13,26
"1538","2020-05-24",82,18,65,260,2373,0.732827644332069,0,0,233,566,23,1213,31,1161,17,31
"1539","2020-05-25",79,18,82,256,2373,0.732827644332069,0,0,233,566,17,1230,20,1181,15,20
"1540","2020-05-26",81,18,86,250,2373,0.732827644332069,0,0,233,566,30,1260,15,1196,27,15
"1541","2020-05-27",79,18,82,242,2373,0.732827644332069,0,0,233,566,19,1279,8,1204,17,8
"1542","2020-05-28",70,18,77,242,2373,0.732827644332069,0,0,233,566,29,1308,14,1218,26,14
"1543","2020-05-29",75,18,105,241,2373,0.732827644332069,0,0,233,566,10,1318,9,1227,9,9
"1544","2020-05-30",72,18,115,240,2373,0.732827644332069,0,0,233,566,15,1333,3,1230,13,3
"1545","2020-05-31",68,18,106,233,2373,0.732827644332069,0,0,233,566,18,1351,5,1235,16,5
"1546","2020-06-01",65,18,94,238,2373,0.732827644332069,0,0,233,566,21,1372,1,1236,17,1
"1547","2020-06-02",68,18,77,238,2373,0.732827644332069,0,0,233,566,17,1389,6,1242,16,6
"1548","2020-06-03",71,18,76,237,2373,0.732827644332069,0,0,233,566,18,1407,2,1244,17,2
"1549","2020-06-04",81,18,76,231,2373,0.732827644332069,0,0,233,566,20,1427,7,1251,19,7
"1550","2020-06-05",78,18,86,236,2373,0.732827644332069,0,0,233,566,22,1449,4,1255,22,4
"1551","2020-06-06",67,18,76,224,2373,0.732827644332069,0,0,233,566,14,1463,4,1259,14,4
"1552","2020-06-07",71,18,76,223,2373,0.732827644332069,0,0,233,566,16,1479,15,1274,14,15
"1553","2020-03-13",1,19,17,34,2264,0.458038869257951,0,0,183,236,19,48,17,41,4,17
"1554","2020-03-14",2,19,21,43,2264,0.458038869257951,0,0,183,236,15,63,7,48,3,7
"1555","2020-03-15",3,19,27,56,2264,0.458038869257951,0,0,183,236,23,86,17,65,7,17
"1556","2020-03-16",3,19,34,65,2264,0.458038869257951,0,0,183,236,29,115,28,93,14,28
"1557","2020-03-17",4,19,39,81,2264,0.458038869257951,0,0,183,236,28,143,21,114,15,21
"1558","2020-03-18",7,19,41,97,2264,0.458038869257951,0,0,183,236,24,167,15,129,11,15
"1559","2020-03-19",12,19,47,108,2264,0.458038869257951,0,0,183,236,29,196,21,150,18,21
"1560","2020-03-20",17,19,42,128,2264,0.458038869257951,0,0,183,236,27,223,21,171,18,21
"1561","2020-03-21",24,19,45,142,2264,0.458038869257951,0,0,183,236,29,252,21,192,14,21
"1562","2020-03-22",30,19,55,156,2264,0.458038869257951,0,0,183,236,40,292,17,209,28,17
"1563","2020-03-23",36,19,49,177,2264,0.458038869257951,0,0,183,236,31,323,17,226,16,17
"1564","2020-03-24",49,19,45,187,2264,0.458038869257951,0,0,183,236,32,355,8,234,18,8
"1565","2020-03-25",53,19,61,188,2264,0.458038869257951,0,0,183,236,38,393,9,243,24,9
"1566","2020-03-26",56,19,53,192,2264,0.458038869257951,0,0,183,236,35,428,15,258,19,15
"1567","2020-03-27",59,19,71,213,2264,0.458038869257951,0,0,183,236,42,470,10,268,26,10
"1568","2020-03-28",60,19,70,228,2264,0.458038869257951,0,0,183,236,52,522,3,271,33,3
"1569","2020-03-29",64,19,65,241,2264,0.458038869257951,0,0,183,236,51,573,5,276,35,5
"1570","2020-03-30",66,19,59,239,2264,0.458038869257951,0,0,183,236,53,626,3,279,32,3
"1571","2020-03-31",61,19,54,249,2264,0.458038869257951,0,0,183,236,53,679,8,287,35,8
"1572","2020-04-01",64,19,73,256,2264,0.458038869257951,0,0,183,236,48,727,9,296,37,9
"1573","2020-04-02",69,19,64,254,2264,0.458038869257951,0,0,183,236,58,785,6,302,50,6
"1574","2020-04-03",70,19,78,269,2264,0.458038869257951,0,0,183,236,56,841,6,308,39,6
"1575","2020-04-04",75,19,77,271,2264,0.458038869257951,0,0,183,236,69,910,3,311,47,3
"1576","2020-04-05",76,19,73,278,2264,0.458038869257951,0,0,183,236,54,964,3,314,32,3
"1577","2020-04-06",83,19,83,276,2264,0.458038869257951,0,0,183,236,69,1033,20,334,47,20
"1578","2020-04-07",89,19,82,279,2264,0.458038869257951,0,0,183,236,64,1097,34,368,55,34
"1579","2020-04-08",86,19,70,274,2264,0.458038869257951,0,0,183,236,71,1168,20,388,54,20
"1580","2020-04-09",80,19,59,271,2264,0.458038869257951,0,0,183,236,63,1231,38,426,52,38
"1581","2020-04-10",84,19,58,282,2264,0.458038869257951,0,0,183,236,73,1304,22,448,54,22
"1582","2020-04-11",77,19,52,290,2264,0.458038869257951,0,0,183,236,72,1376,25,473,54,25
"1583","2020-04-12",80,19,45,290,2264,0.458038869257951,0,0,183,236,93,1469,14,487,70,14
"1584","2020-04-13",73,19,40,309,2264,0.458038869257951,0,0,183,236,62,1531,31,518,49,31
"1585","2020-04-14",69,19,37,315,2264,0.458038869257951,0,0,183,236,68,1599,14,532,56,14
"1586","2020-04-15",73,19,54,320,2264,0.458038869257951,0,0,183,236,60,1659,18,550,46,18
"1587","2020-04-16",80,19,58,324,2264,0.458038869257951,0,0,183,236,88,1747,28,578,67,28
"1588","2020-04-17",79,19,58,330,2264,0.458038869257951,0,0,183,236,70,1817,48,626,47,48
"1589","2020-04-18",81,19,56,339,2264,0.458038869257951,0,0,183,236,71,1888,35,661,57,35
"1590","2020-04-19",78,19,60,353,2264,0.458038869257951,0,0,183,236,67,1955,37,698,50,37
"1591","2020-04-20",91,19,58,369,2264,0.458038869257951,0,0,183,236,61,2016,32,730,38,32
"1592","2020-04-21",103,19,79,379,2264,0.458038869257951,0,0,183,236,52,2068,42,772,37,42
"1593","2020-04-22",109,19,79,379,2264,0.458038869257951,0,0,183,236,71,2139,18,790,50,18
"1594","2020-04-23",106,19,72,382,2264,0.458038869257951,0,0,183,236,38,2177,21,811,29,21
"1595","2020-04-24",108,19,69,399,2264,0.458038869257951,0,0,183,236,47,2224,17,828,31,17
"1596","2020-04-25",110,19,81,391,2264,0.458038869257951,0,0,183,236,48,2272,15,843,39,15
"1597","2020-04-26",116,19,79,404,2264,0.458038869257951,0,0,183,236,41,2313,29,872,21,29
"1598","2020-04-27",111,19,90,402,2264,0.458038869257951,0,0,183,236,34,2347,32,904,20,32
"1599","2020-04-28",101,19,107,380,2264,0.458038869257951,0,0,183,236,24,2371,58,962,9,58
"1600","2020-04-29",101,19,113,378,2264,0.458038869257951,0,0,183,236,45,2416,39,1001,24,39
"1601","2020-04-30",107,19,100,367,2264,0.458038869257951,0,0,183,236,25,2441,29,1030,13,29
"1602","2020-05-01",104,19,109,363,2264,0.458038869257951,0,0,183,236,40,2481,25,1055,20,25
"1603","2020-05-02",106,19,97,355,2264,0.458038869257951,0,0,183,236,26,2507,44,1099,12,44
"1604","2020-05-03",105,19,107,350,2264,0.458038869257951,0,0,183,236,39,2546,29,1128,20,29
"1605","2020-05-04",103,19,109,345,2264,0.458038869257951,0,0,183,236,28,2574,27,1155,11,27
"1606","2020-05-05",108,19,111,342,2264,0.458038869257951,0,0,183,236,27,2601,57,1212,7,57
"1607","2020-05-06",110,19,108,344,2264,0.458038869257951,0,0,183,236,29,2630,39,1251,11,39
"1608","2020-05-07",107,19,117,333,2264,0.458038869257951,0,0,183,236,17,2647,20,1271,7,20
"1609","2020-05-08",117,19,113,331,2264,0.458038869257951,0,0,183,236,34,2681,23,1294,19,23
"1610","2020-05-09",119,19,109,319,2264,0.458038869257951,0,0,183,236,26,2707,25,1319,10,25
"1611","2020-05-10",121,19,90,317,2264,0.458038869257951,0,0,183,236,28,2735,25,1344,20,25
"1612","2020-05-11",119,19,88,320,2264,0.458038869257951,0,0,183,236,26,2761,39,1383,13,39
"1613","2020-05-12",112,19,98,310,2264,0.458038869257951,0,0,183,236,28,2789,47,1430,11,47
"1614","2020-05-13",102,19,84,310,2264,0.458038869257951,0,0,183,236,24,2813,35,1465,11,35
"1615","2020-05-14",104,19,83,306,2264,0.458038869257951,0,0,183,236,27,2840,29,1494,14,29
"1616","2020-05-15",90,19,86,304,2264,0.458038869257951,0,0,183,236,22,2862,19,1513,10,19
"1617","2020-05-16",94,19,89,282,2264,0.458038869257951,0,0,183,236,22,2884,12,1525,7,12
"1618","2020-05-17",82,19,84,271,2264,0.458038869257951,0,0,183,236,18,2902,13,1538,10,13
"1619","2020-05-18",80,19,84,256,2264,0.458038869257951,0,0,183,236,18,2920,25,1563,11,25
"1620","2020-05-19",80,19,83,261,2264,0.458038869257951,0,0,183,236,16,2936,19,1582,11,19
"1621","2020-05-20",79,19,72,250,2264,0.458038869257951,0,0,183,236,22,2958,17,1599,10,17
"1622","2020-05-21",72,19,71,247,2264,0.458038869257951,0,0,183,236,21,2979,21,1620,10,21
"1623","2020-05-22",73,19,69,245,2264,0.458038869257951,0,0,183,236,17,2996,28,1648,8,28
"1624","2020-05-23",69,19,71,247,2264,0.458038869257951,0,0,183,236,23,3019,23,1671,8,23
"1625","2020-05-24",74,19,66,241,2264,0.458038869257951,0,0,183,236,17,3036,9,1680,9,9
"1626","2020-05-25",75,19,68,243,2264,0.458038869257951,0,0,183,236,15,3051,24,1704,4,24
"1627","2020-05-26",71,19,77,244,2264,0.458038869257951,0,0,183,236,11,3062,17,1721,7,17
"1628","2020-05-27",74,19,78,236,2264,0.458038869257951,0,0,183,236,20,3082,3,1724,10,3
"1629","2020-05-28",78,19,65,241,2264,0.458038869257951,0,0,183,236,22,3104,5,1729,12,5
"1630","2020-05-29",81,19,62,242,2264,0.458038869257951,0,0,183,236,12,3116,24,1753,8,24
"1631","2020-05-30",75,19,64,248,2264,0.458038869257951,0,0,183,236,20,3136,20,1773,13,20
"1632","2020-05-31",77,19,75,257,2264,0.458038869257951,0,0,183,236,20,3156,8,1781,17,8
"1633","2020-06-01",72,19,69,245,2264,0.458038869257951,0,0,183,236,11,3167,11,1792,6,11
"1634","2020-06-02",73,19,77,239,2264,0.458038869257951,0,0,183,236,20,3187,13,1805,10,13
"1635","2020-06-03",75,19,72,235,2264,0.458038869257951,0,0,183,236,17,3204,8,1813,8,8
"1636","2020-06-04",75,19,72,240,2264,0.458038869257951,0,0,183,236,16,3220,11,1824,7,11
"1637","2020-06-05",71,19,68,235,2264,0.458038869257951,0,0,183,236,11,3231,13,1837,8,13
"1638","2020-06-06",69,19,75,229,2264,0.458038869257951,0,0,183,236,11,3242,16,1853,7,16
"1639","2020-06-07",68,19,69,212,2264,0.458038869257951,0,0,183,236,14,3256,11,1864,7,11
"1640","2020-03-14",1,20,37,17,4181,0.935422147811528,0,0,384,507,7,26,9,25,NA,9
"1641","2020-03-15",2,20,42,25,4181,0.935422147811528,0,0,384,507,10,36,8,33,2,8
"1642","2020-03-16",3,20,63,30,4181,0.935422147811528,0,0,384,507,7,43,6,39,2,6
"1643","2020-03-17",4,20,79,36,4181,0.935422147811528,0,0,384,507,16,59,3,42,10,3
"1644","2020-03-18",4,20,89,46,4181,0.935422147811528,0,0,384,507,10,69,16,58,7,16
"1645","2020-03-19",6,20,93,53,4181,0.935422147811528,0,0,384,507,18,87,11,69,15,11
"1646","2020-03-20",9,20,96,69,4181,0.935422147811528,0,0,384,507,10,97,11,80,4,11
"1647","2020-03-21",14,20,87,78,4181,0.935422147811528,0,0,384,507,20,117,13,93,14,13
"1648","2020-03-22",17,20,72,90,4181,0.935422147811528,0,0,384,507,14,131,11,104,5,11
"1649","2020-03-23",18,20,69,106,4181,0.935422147811528,0,0,384,507,14,145,11,115,8,11
"1650","2020-03-24",22,20,84,127,4181,0.935422147811528,0,0,384,507,26,171,10,125,19,10
"1651","2020-03-25",28,20,87,146,4181,0.935422147811528,0,0,384,507,21,192,17,142,13,17
"1652","2020-03-26",34,20,102,170,4181,0.935422147811528,0,0,384,507,25,217,21,163,20,21
"1653","2020-03-27",38,20,94,189,4181,0.935422147811528,0,0,384,507,28,245,13,176,22,13
"1654","2020-03-28",39,20,83,204,4181,0.935422147811528,0,0,384,507,33,278,12,188,26,12
"1655","2020-03-29",42,20,63,231,4181,0.935422147811528,0,0,384,507,23,301,12,200,17,12
"1656","2020-03-30",46,20,57,255,4181,0.935422147811528,0,0,384,507,29,330,15,215,22,15
"1657","2020-03-31",50,20,64,290,4181,0.935422147811528,0,0,384,507,40,370,7,222,35,7
"1658","2020-04-01",55,20,83,306,4181,0.935422147811528,0,0,384,507,45,415,13,235,40,13
"1659","2020-04-02",61,20,95,331,4181,0.935422147811528,0,0,384,507,28,443,16,251,24,16
"1660","2020-04-03",69,20,90,352,4181,0.935422147811528,0,0,384,507,36,479,21,272,30,21
"1661","2020-04-04",76,20,70,390,4181,0.935422147811528,0,0,384,507,30,509,18,290,25,18
"1662","2020-04-05",86,20,69,438,4181,0.935422147811528,0,0,384,507,34,543,25,315,30,25
"1663","2020-04-06",93,20,70,465,4181,0.935422147811528,0,0,384,507,32,575,30,345,22,30
"1664","2020-04-07",98,20,71,496,4181,0.935422147811528,0,0,384,507,36,611,27,372,26,27
"1665","2020-04-08",102,20,94,544,4181,0.935422147811528,0,0,384,507,29,640,24,396,26,24
"1666","2020-04-09",108,20,103,564,4181,0.935422147811528,0,0,384,507,39,679,20,416,32,20
"1667","2020-04-10",113,20,131,620,4181,0.935422147811528,0,0,384,507,28,707,36,452,16,36
"1668","2020-04-11",128,20,153,685,4181,0.935422147811528,0,0,384,507,28,735,36,488,23,36
"1669","2020-04-12",141,20,146,711,4181,0.935422147811528,0,0,384,507,24,759,27,515,18,27
"1670","2020-04-13",146,20,168,725,4181,0.935422147811528,0,0,384,507,26,785,22,537,20,22
"1671","2020-04-14",171,20,160,723,4181,0.935422147811528,0,0,384,507,36,821,40,577,29,40
"1672","2020-04-15",189,20,172,761,4181,0.935422147811528,0,0,384,507,26,847,30,607,19,30
"1673","2020-04-16",186,20,164,769,4181,0.935422147811528,0,0,384,507,26,873,33,640,15,33
"1674","2020-04-17",198,20,172,788,4181,0.935422147811528,0,0,384,507,29,902,27,667,24,27
"1675","2020-04-18",199,20,191,808,4181,0.935422147811528,0,0,384,507,19,921,30,697,12,30
"1676","2020-04-19",214,20,169,833,4181,0.935422147811528,0,0,384,507,16,937,27,724,7,27
"1677","2020-04-20",231,20,160,843,4181,0.935422147811528,0,0,384,507,21,958,23,747,17,23
"1678","2020-04-21",226,20,159,836,4181,0.935422147811528,0,0,384,507,21,979,29,776,18,29
"1679","2020-04-22",231,20,149,851,4181,0.935422147811528,0,0,384,507,22,1001,29,805,13,29
"1680","2020-04-23",246,20,138,847,4181,0.935422147811528,0,0,384,507,23,1024,23,828,12,23
"1681","2020-04-24",251,20,125,864,4181,0.935422147811528,0,0,384,507,15,1039,19,847,8,19
"1682","2020-04-25",247,20,126,877,4181,0.935422147811528,0,0,384,507,15,1054,22,869,10,22
"1683","2020-04-26",236,20,144,885,4181,0.935422147811528,0,0,384,507,23,1077,20,889,16,20
"1684","2020-04-27",236,20,135,891,4181,0.935422147811528,0,0,384,507,21,1098,24,913,11,24
"1685","2020-04-28",247,20,154,886,4181,0.935422147811528,0,0,384,507,16,1114,11,924,11,11
"1686","2020-04-29",243,20,145,890,4181,0.935422147811528,0,0,384,507,25,1139,16,940,16,16
"1687","2020-04-30",252,20,140,892,4181,0.935422147811528,0,0,384,507,28,1167,20,960,19,20
"1688","2020-05-01",250,20,118,869,4181,0.935422147811528,0,0,384,507,29,1196,16,976,22,16
"1689","2020-05-02",250,20,111,849,4181,0.935422147811528,0,0,384,507,16,1212,22,998,11,22
"1690","2020-05-03",247,20,104,838,4181,0.935422147811528,0,0,384,507,16,1228,19,1017,11,19
"1691","2020-05-04",244,20,96,841,4181,0.935422147811528,0,0,384,507,20,1248,15,1032,16,15
"1692","2020-05-05",223,20,113,828,4181,0.935422147811528,0,0,384,507,18,1266,14,1046,14,14
"1693","2020-05-06",233,20,142,810,4181,0.935422147811528,0,0,384,507,28,1294,22,1068,21,22
"1694","2020-05-07",222,20,172,784,4181,0.935422147811528,0,0,384,507,26,1320,15,1083,17,15
"1695","2020-05-08",225,20,171,780,4181,0.935422147811528,0,0,384,507,20,1340,36,1119,12,36
"1696","2020-05-09",234,20,183,748,4181,0.935422147811528,0,0,384,507,28,1368,20,1139,20,20
"1697","2020-05-10",226,20,178,763,4181,0.935422147811528,0,0,384,507,20,1388,19,1158,13,19
"1698","2020-05-11",227,20,173,760,4181,0.935422147811528,0,0,384,507,19,1407,17,1175,14,17
"1699","2020-05-12",229,20,160,744,4181,0.935422147811528,0,0,384,507,23,1430,17,1192,14,17
"1700","2020-05-13",221,20,165,718,4181,0.935422147811528,0,0,384,507,24,1454,23,1215,14,23
"1701","2020-05-14",228,20,195,699,4181,0.935422147811528,0,0,384,507,24,1478,16,1231,16,16
"1702","2020-05-15",213,20,173,674,4181,0.935422147811528,0,0,384,507,18,1496,12,1243,10,12
"1703","2020-05-16",209,20,162,638,4181,0.935422147811528,0,0,384,507,14,1510,25,1268,7,25
"1704","2020-05-17",211,20,150,609,4181,0.935422147811528,0,0,384,507,14,1524,13,1281,7,13
"1705","2020-05-18",203,20,143,583,4181,0.935422147811528,0,0,384,507,20,1544,21,1302,14,21
"1706","2020-05-19",200,20,132,574,4181,0.935422147811528,0,0,384,507,20,1564,19,1321,14,19
"1707","2020-05-20",186,20,120,531,4181,0.935422147811528,0,0,384,507,13,1577,16,1337,8,16
"1708","2020-05-21",185,20,105,498,4181,0.935422147811528,0,0,384,507,14,1591,19,1356,8,19
"1709","2020-05-22",175,20,105,453,4181,0.935422147811528,0,0,384,507,11,1602,27,1383,8,27
"1710","2020-05-23",164,20,112,435,4181,0.935422147811528,0,0,384,507,19,1621,21,1404,15,21
"1711","2020-05-24",156,20,131,412,4181,0.935422147811528,0,0,384,507,13,1634,22,1426,10,22
"1712","2020-05-25",149,20,127,396,4181,0.935422147811528,0,0,384,507,24,1658,26,1452,23,26
"1713","2020-05-26",140,20,137,365,4181,0.935422147811528,0,0,384,507,19,1677,26,1478,17,26
"1714","2020-05-27",135,20,148,356,4181,0.935422147811528,0,0,384,507,14,1691,20,1498,11,20
"1715","2020-05-28",114,20,123,336,4181,0.935422147811528,0,0,384,507,13,1704,19,1517,8,19
"1716","2020-05-29",115,20,114,313,4181,0.935422147811528,0,0,384,507,15,1719,18,1535,12,18
"1717","2020-05-30",114,20,97,297,4181,0.935422147811528,0,0,384,507,17,1736,29,1564,9,29
"1718","2020-05-31",108,20,90,280,4181,0.935422147811528,0,0,384,507,11,1747,27,1591,9,27
"1719","2020-06-01",106,20,77,289,4181,0.935422147811528,0,0,384,507,14,1761,28,1619,11,28
"1720","2020-06-02",104,20,70,280,4181,0.935422147811528,0,0,384,507,14,1775,37,1656,12,37
"1721","2020-06-03",104,20,83,262,4181,0.935422147811528,0,0,384,507,9,1784,27,1683,9,27
"1722","2020-06-04",98,20,84,249,4181,0.935422147811528,0,0,384,507,22,1806,30,1713,20,30
"1723","2020-06-05",94,20,70,237,4181,0.935422147811528,0,0,384,507,12,1818,33,1746,9,33
"1724","2020-06-06",89,20,62,218,4181,0.935422147811528,0,0,384,507,9,1827,25,1771,5,25
"1725","2020-06-07",92,20,60,211,4181,0.935422147811528,0,0,384,507,10,1837,40,1811,7,40
