"","Date","Absents","Paramset","Infections_or_Exposed_per_day_Patient","Infections_or_Exposed_per_day_HCW","total_infections","nosocomial_proportion","PCR_pooled","LFD_pooled","HCW_symp_test","patient_symp_test","new_hcw_infs","cumulative_hcw_infs","new_pat_infs","cumulative_pats_infs","new_nosocomial_hcw_infs","new_nosocomial_pat_infs"
"1","2020-03-12",1,1,88,182,8212,0.282148075986361,1965,8848,924,1485,85,182,20,57,5,20
"2","2020-03-13",7,1,102,278,8212,0.282148075986361,1965,8848,924,1485,96,278,21,78,15,21
"3","2020-03-14",23,1,99,382,8212,0.282148075986361,1965,8848,924,1485,105,383,14,92,28,14
"4","2020-03-15",51,1,104,494,8212,0.282148075986361,1965,8848,924,1485,112,495,17,109,21,17
"5","2020-03-16",59,1,127,605,8212,0.282148075986361,1965,8848,924,1485,113,608,23,132,36,23
"6","2020-03-17",63,1,143,732,8212,0.282148075986361,1965,8848,924,1485,132,740,28,160,37,28
"7","2020-03-18",95,1,136,860,8212,0.282148075986361,1965,8848,924,1485,138,878,22,182,61,22
"8","2020-03-19",123,1,152,968,8212,0.282148075986361,1965,8848,924,1485,139,1017,27,209,47,27
"9","2020-03-20",216,1,185,1048,8212,0.282148075986361,1965,8848,924,1485,112,1129,52,261,44,52
"10","2020-03-21",258,1,211,1156,8212,0.282148075986361,1965,8848,924,1485,136,1265,51,312,63,51
"11","2020-03-22",354,1,228,1235,8212,0.282148075986361,1965,8848,924,1485,133,1398,54,366,56,54
"12","2020-03-23",385,1,229,1272,8212,0.282148075986361,1965,8848,924,1485,108,1506,41,407,49,41
"13","2020-03-24",385,1,264,1334,8212,0.282148075986361,1965,8848,924,1485,134,1640,73,480,55,73
"14","2020-03-25",404,1,285,1404,8212,0.282148075986361,1965,8848,924,1485,159,1799,62,542,70,62
"15","2020-03-26",426,1,293,1450,8212,0.282148075986361,1965,8848,924,1485,131,1930,49,591,47,49
"16","2020-03-27",508,1,254,1496,8212,0.282148075986361,1965,8848,924,1485,136,2066,31,622,57,31
"17","2020-03-28",521,1,225,1523,8212,0.282148075986361,1965,8848,924,1485,141,2207,13,635,65,13
"18","2020-03-29",427,1,204,1539,8212,0.282148075986361,1965,8848,924,1485,145,2352,18,653,63,18
"19","2020-03-30",444,1,199,1554,8212,0.282148075986361,1965,8848,924,1485,154,2506,20,673,62,20
"20","2020-03-31",445,1,196,1549,8212,0.282148075986361,1965,8848,924,1485,120,2626,16,689,50,16
"21","2020-04-01",449,1,170,1548,8212,0.282148075986361,1965,8848,924,1485,127,2753,11,700,43,11
"22","2020-04-02",456,1,199,1552,8212,0.282148075986361,1965,8848,924,1485,128,2881,52,752,56,52
"23","2020-04-03",514,1,208,1576,8212,0.282148075986361,1965,8848,924,1485,148,3029,47,799,62,47
"24","2020-04-04",529,1,199,1570,8212,0.282148075986361,1965,8848,924,1485,120,3149,26,825,54,26
"25","2020-04-05",523,1,184,1555,8212,0.282148075986361,1965,8848,924,1485,117,3266,18,843,48,18
"26","2020-04-06",501,1,188,1540,8212,0.282148075986361,1965,8848,924,1485,131,3397,21,864,59,21
"27","2020-04-07",487,1,174,1548,8212,0.282148075986361,1965,8848,924,1485,121,3518,19,883,53,19
"28","2020-04-08",487,1,165,1515,8212,0.282148075986361,1965,8848,924,1485,118,3636,20,903,49,20
"29","2020-04-09",482,1,211,1494,8212,0.282148075986361,1965,8848,924,1485,109,3745,51,954,38,51
"30","2020-04-10",508,1,248,1462,8212,0.282148075986361,1965,8848,924,1485,91,3836,50,1004,42,50
"31","2020-04-11",487,1,264,1476,8212,0.282148075986361,1965,8848,924,1485,133,3969,50,1054,55,50
"32","2020-04-12",458,1,274,1475,8212,0.282148075986361,1965,8848,924,1485,120,4089,63,1117,51,63
"33","2020-04-13",448,1,266,1436,8212,0.282148075986361,1965,8848,924,1485,91,4180,42,1159,29,42
"34","2020-04-14",452,1,244,1376,8212,0.282148075986361,1965,8848,924,1485,89,4269,30,1189,24,30
"35","2020-04-15",468,1,284,1340,8212,0.282148075986361,1965,8848,924,1485,89,4358,57,1246,37,57
"36","2020-04-16",468,1,302,1317,8212,0.282148075986361,1965,8848,924,1485,95,4453,49,1295,29,49
"37","2020-04-17",458,1,291,1290,8212,0.282148075986361,1965,8848,924,1485,92,4545,41,1336,25,41
"38","2020-04-18",464,1,267,1262,8212,0.282148075986361,1965,8848,924,1485,90,4635,27,1363,35,27
"39","2020-04-19",438,1,253,1246,8212,0.282148075986361,1965,8848,924,1485,87,4722,30,1393,28,30
"40","2020-04-20",444,1,238,1231,8212,0.282148075986361,1965,8848,924,1485,102,4824,18,1411,33,18
"41","2020-04-21",436,1,253,1196,8212,0.282148075986361,1965,8848,924,1485,80,4904,41,1452,29,41
"42","2020-04-22",396,1,266,1180,8212,0.282148075986361,1965,8848,924,1485,96,5000,41,1493,25,41
"43","2020-04-23",372,1,279,1140,8212,0.282148075986361,1965,8848,924,1485,67,5067,50,1543,29,50
"44","2020-04-24",393,1,282,1082,8212,0.282148075986361,1965,8848,924,1485,71,5138,48,1591,17,48
"45","2020-04-25",402,1,302,1042,8212,0.282148075986361,1965,8848,924,1485,59,5197,56,1647,9,56
"46","2020-04-26",376,1,292,1004,8212,0.282148075986361,1965,8848,924,1485,69,5266,52,1699,19,52
"47","2020-04-27",356,1,263,985,8212,0.282148075986361,1965,8848,924,1485,69,5335,27,1726,18,27
"48","2020-04-28",330,1,234,958,8212,0.282148075986361,1965,8848,924,1485,65,5400,27,1753,19,27
"49","2020-04-29",326,1,226,942,8212,0.282148075986361,1965,8848,924,1485,63,5463,19,1772,16,19
"50","2020-04-30",328,1,213,929,8212,0.282148075986361,1965,8848,924,1485,57,5520,24,1796,11,24
"51","2020-05-01",307,1,215,917,8212,0.282148075986361,1965,8848,924,1485,65,5585,30,1826,18,30
"52","2020-05-02",289,1,226,884,8212,0.282148075986361,1965,8848,924,1485,62,5647,26,1852,14,26
"53","2020-05-03",255,1,221,868,8212,0.282148075986361,1965,8848,924,1485,55,5702,25,1877,16,25
"54","2020-05-04",249,1,199,845,8212,0.282148075986361,1965,8848,924,1485,51,5753,22,1899,18,22
"55","2020-05-05",245,1,192,824,8212,0.282148075986361,1965,8848,924,1485,53,5806,15,1914,18,15
"56","2020-05-06",248,1,186,805,8212,0.282148075986361,1965,8848,924,1485,65,5871,14,1928,18,14
"57","2020-05-07",244,1,199,771,8212,0.282148075986361,1965,8848,924,1485,40,5911,34,1962,7,34
"58","2020-05-08",240,1,214,733,8212,0.282148075986361,1965,8848,924,1485,47,5958,31,1993,6,31
"59","2020-05-09",242,1,258,697,8212,0.282148075986361,1965,8848,924,1485,46,6004,74,2067,15,74
"60","2020-05-10",225,1,258,663,8212,0.282148075986361,1965,8848,924,1485,35,6039,44,2111,6,44
"61","2020-05-11",222,1,250,643,8212,0.282148075986361,1965,8848,924,1485,32,6071,36,2147,10,36
"62","2020-05-12",214,1,271,609,8212,0.282148075986361,1965,8848,924,1485,35,6106,55,2202,7,55
"63","2020-05-13",200,1,274,589,8212,0.282148075986361,1965,8848,924,1485,41,6147,48,2250,10,48
"64","2020-05-14",185,1,249,582,8212,0.282148075986361,1965,8848,924,1485,48,6195,31,2281,7,31
"65","2020-05-15",185,1,256,549,8212,0.282148075986361,1965,8848,924,1485,29,6224,43,2324,8,43
"66","2020-05-16",171,1,238,526,8212,0.282148075986361,1965,8848,924,1485,25,6249,35,2359,8,35
"67","2020-05-17",154,1,233,520,8212,0.282148075986361,1965,8848,924,1485,45,6294,25,2384,13,25
"68","2020-05-18",143,1,219,513,8212,0.282148075986361,1965,8848,924,1485,24,6318,27,2411,7,27
"69","2020-05-19",142,1,219,483,8212,0.282148075986361,1965,8848,924,1485,24,6342,32,2443,7,32
"70","2020-05-20",144,1,238,461,8212,0.282148075986361,1965,8848,924,1485,27,6369,38,2481,8,38
"71","2020-05-21",140,1,255,429,8212,0.282148075986361,1965,8848,924,1485,24,6393,53,2534,2,53
"72","2020-05-22",124,1,221,416,8212,0.282148075986361,1965,8848,924,1485,27,6420,19,2553,4,19
"73","2020-05-23",132,1,226,400,8212,0.282148075986361,1965,8848,924,1485,23,6443,28,2581,5,28
"74","2020-05-24",121,1,229,365,8212,0.282148075986361,1965,8848,924,1485,17,6460,34,2615,5,34
"75","2020-05-25",111,1,232,353,8212,0.282148075986361,1965,8848,924,1485,33,6493,42,2657,10,42
"76","2020-05-26",108,1,243,338,8212,0.282148075986361,1965,8848,924,1485,23,6516,37,2694,3,37
"77","2020-05-27",105,1,239,319,8212,0.282148075986361,1965,8848,924,1485,17,6533,30,2724,3,30
"78","2020-05-28",106,1,269,308,8212,0.282148075986361,1965,8848,924,1485,24,6557,66,2790,4,66
"79","2020-05-29",110,1,262,289,8212,0.282148075986361,1965,8848,924,1485,16,6573,47,2837,2,47
"80","2020-05-30",96,1,284,274,8212,0.282148075986361,1965,8848,924,1485,11,6584,45,2882,3,45
"81","2020-05-31",93,1,275,272,8212,0.282148075986361,1965,8848,924,1485,20,6604,48,2930,5,48
"82","2020-06-01",90,1,253,258,8212,0.282148075986361,1965,8848,924,1485,11,6615,25,2955,5,25
"83","2020-06-02",81,1,211,249,8212,0.282148075986361,1965,8848,924,1485,17,6632,18,2973,2,18
"84","2020-06-03",71,1,189,241,8212,0.282148075986361,1965,8848,924,1485,17,6649,15,2988,2,15
"85","2020-06-04",72,1,183,223,8212,0.282148075986361,1965,8848,924,1485,10,6659,21,3009,1,21
"86","2020-06-05",74,1,215,213,8212,0.282148075986361,1965,8848,924,1485,16,6675,44,3053,3,44
"87","2020-06-06",70,1,247,209,8212,0.282148075986361,1965,8848,924,1485,18,6693,53,3106,2,53
"88","2020-06-07",75,1,245,203,8212,0.282148075986361,1965,8848,924,1485,16,6709,36,3142,1,36
"89","2020-03-13",6,2,63,150,7238,0.594915722575297,2010,8236,708,959,68,224,28,61,12,28
"90","2020-03-14",19,2,55,218,7238,0.594915722575297,2010,8236,708,959,81,305,36,97,21,36
"91","2020-03-15",26,2,72,275,7238,0.594915722575297,2010,8236,708,959,93,398,35,132,32,35
"92","2020-03-16",34,2,107,354,7238,0.594915722575297,2010,8236,708,959,98,496,31,163,33,31
"93","2020-03-17",49,2,141,428,7238,0.594915722575297,2010,8236,708,959,99,595,39,202,41,39
"94","2020-03-18",63,2,168,503,7238,0.594915722575297,2010,8236,708,959,80,675,32,234,38,32
"95","2020-03-19",78,2,160,591,7238,0.594915722575297,2010,8236,708,959,136,811,37,271,60,37
"96","2020-03-20",109,2,157,667,7238,0.594915722575297,2010,8236,708,959,112,923,40,311,50,40
"97","2020-03-21",161,2,154,760,7238,0.594915722575297,2010,8236,708,959,106,1029,41,352,48,41
"98","2020-03-22",194,2,138,855,7238,0.594915722575297,2010,8236,708,959,114,1143,31,383,58,31
"99","2020-03-23",207,2,146,949,7238,0.594915722575297,2010,8236,708,959,146,1289,24,407,85,24
"100","2020-03-24",221,2,166,1060,7238,0.594915722575297,2010,8236,708,959,135,1424,16,423,78,16
"101","2020-03-25",240,2,212,1130,7238,0.594915722575297,2010,8236,708,959,154,1578,23,446,83,23
"102","2020-03-26",272,2,231,1214,7238,0.594915722575297,2010,8236,708,959,160,1738,22,468,81,22
"103","2020-03-27",358,2,201,1260,7238,0.594915722575297,2010,8236,708,959,144,1882,39,507,84,39
"104","2020-03-28",362,2,178,1342,7238,0.594915722575297,2010,8236,708,959,144,2026,29,536,96,29
"105","2020-03-29",432,2,206,1411,7238,0.594915722575297,2010,8236,708,959,150,2176,28,564,96,28
"106","2020-03-30",437,2,197,1469,7238,0.594915722575297,2010,8236,708,959,124,2300,21,585,73,21
"107","2020-03-31",440,2,180,1531,7238,0.594915722575297,2010,8236,708,959,114,2414,19,604,54,19
"108","2020-04-01",462,2,200,1573,7238,0.594915722575297,2010,8236,708,959,136,2550,46,650,67,46
"109","2020-04-02",471,2,187,1645,7238,0.594915722575297,2010,8236,708,959,103,2653,58,708,64,58
"110","2020-04-03",564,2,182,1696,7238,0.594915722575297,2010,8236,708,959,115,2768,30,738,58,30
"111","2020-04-04",588,2,207,1745,7238,0.594915722575297,2010,8236,708,959,108,2876,28,766,56,28
"112","2020-04-05",539,2,232,1787,7238,0.594915722575297,2010,8236,708,959,121,2997,36,802,73,36
"113","2020-04-06",548,2,262,1809,7238,0.594915722575297,2010,8236,708,959,133,3130,47,849,58,47
"114","2020-04-07",546,2,250,1788,7238,0.594915722575297,2010,8236,708,959,113,3243,35,884,56,35
"115","2020-04-08",566,2,220,1781,7238,0.594915722575297,2010,8236,708,959,111,3354,45,929,53,45
"116","2020-04-09",566,2,210,1809,7238,0.594915722575297,2010,8236,708,959,135,3489,28,957,67,28
"117","2020-04-10",644,2,190,1807,7238,0.594915722575297,2010,8236,708,959,115,3604,40,997,53,40
"118","2020-04-11",637,2,173,1760,7238,0.594915722575297,2010,8236,708,959,104,3708,31,1028,60,31
"119","2020-04-12",592,2,206,1712,7238,0.594915722575297,2010,8236,708,959,113,3821,25,1053,62,25
"120","2020-04-13",601,2,235,1659,7238,0.594915722575297,2010,8236,708,959,107,3928,32,1085,46,32
"121","2020-04-14",598,2,233,1637,7238,0.594915722575297,2010,8236,708,959,95,4023,37,1122,44,37
"122","2020-04-15",586,2,254,1600,7238,0.594915722575297,2010,8236,708,959,106,4129,38,1160,37,38
"123","2020-04-16",595,2,232,1553,7238,0.594915722575297,2010,8236,708,959,99,4228,28,1188,46,28
"124","2020-04-17",554,2,218,1496,7238,0.594915722575297,2010,8236,708,959,92,4320,47,1235,47,47
"125","2020-04-18",563,2,276,1435,7238,0.594915722575297,2010,8236,708,959,102,4422,34,1269,39,34
"126","2020-04-19",506,2,252,1366,7238,0.594915722575297,2010,8236,708,959,73,4495,33,1302,36,33
"127","2020-04-20",491,2,210,1336,7238,0.594915722575297,2010,8236,708,959,80,4575,60,1362,29,60
"128","2020-04-21",451,2,247,1260,7238,0.594915722575297,2010,8236,708,959,71,4646,56,1418,24,56
"129","2020-04-22",428,2,235,1198,7238,0.594915722575297,2010,8236,708,959,71,4717,39,1457,26,39
"130","2020-04-23",399,2,222,1126,7238,0.594915722575297,2010,8236,708,959,73,4790,39,1496,31,39
"131","2020-04-24",423,2,233,1101,7238,0.594915722575297,2010,8236,708,959,83,4873,32,1528,36,32
"132","2020-04-25",412,2,215,1042,7238,0.594915722575297,2010,8236,708,959,75,4948,20,1548,32,20
"133","2020-04-26",378,2,209,988,7238,0.594915722575297,2010,8236,708,959,66,5014,33,1581,23,33
"134","2020-04-27",349,2,220,925,7238,0.594915722575297,2010,8236,708,959,63,5077,25,1606,31,25
"135","2020-04-28",343,2,248,869,7238,0.594915722575297,2010,8236,708,959,65,5142,27,1633,17,27
"136","2020-04-29",333,2,261,810,7238,0.594915722575297,2010,8236,708,959,64,5206,33,1666,25,33
"137","2020-04-30",340,2,252,754,7238,0.594915722575297,2010,8236,708,959,61,5267,24,1690,19,24
"138","2020-05-01",304,2,239,719,7238,0.594915722575297,2010,8236,708,959,54,5321,35,1725,16,35
"139","2020-05-02",280,2,236,682,7238,0.594915722575297,2010,8236,708,959,48,5369,29,1754,19,29
"140","2020-05-03",260,2,207,655,7238,0.594915722575297,2010,8236,708,959,48,5417,26,1780,16,26
"141","2020-05-04",241,2,186,623,7238,0.594915722575297,2010,8236,708,959,59,5476,26,1806,23,26
"142","2020-05-05",232,2,184,586,7238,0.594915722575297,2010,8236,708,959,43,5519,25,1831,8,25
"143","2020-05-06",219,2,179,567,7238,0.594915722575297,2010,8236,708,959,47,5566,28,1859,15,28
"144","2020-05-07",197,2,152,544,7238,0.594915722575297,2010,8236,708,959,48,5614,17,1876,16,17
"145","2020-05-08",175,2,163,520,7238,0.594915722575297,2010,8236,708,959,42,5656,49,1925,13,49
"146","2020-05-09",173,2,174,501,7238,0.594915722575297,2010,8236,708,959,49,5705,57,1982,16,57
"147","2020-05-10",149,2,168,475,7238,0.594915722575297,2010,8236,708,959,49,5754,43,2025,11,43
"148","2020-05-11",154,2,175,465,7238,0.594915722575297,2010,8236,708,959,35,5789,57,2082,6,57
"149","2020-05-12",143,2,208,438,7238,0.594915722575297,2010,8236,708,959,31,5820,44,2126,9,44
"150","2020-05-13",136,2,240,425,7238,0.594915722575297,2010,8236,708,959,32,5852,31,2157,8,31
"151","2020-05-14",133,2,252,397,7238,0.594915722575297,2010,8236,708,959,31,5883,58,2215,12,58
"152","2020-05-15",137,2,236,376,7238,0.594915722575297,2010,8236,708,959,36,5919,59,2274,10,59
"153","2020-05-16",135,2,195,353,7238,0.594915722575297,2010,8236,708,959,37,5956,33,2307,12,33
"154","2020-05-17",124,2,172,344,7238,0.594915722575297,2010,8236,708,959,30,5986,60,2367,6,60
"155","2020-05-18",110,2,183,329,7238,0.594915722575297,2010,8236,708,959,35,6021,35,2402,8,35
"156","2020-05-19",110,2,173,313,7238,0.594915722575297,2010,8236,708,959,32,6053,42,2444,6,42
"157","2020-05-20",119,2,193,299,7238,0.594915722575297,2010,8236,708,959,26,6079,41,2485,5,41
"158","2020-05-21",105,2,187,278,7238,0.594915722575297,2010,8236,708,959,28,6107,32,2517,12,32
"159","2020-05-22",102,2,192,274,7238,0.594915722575297,2010,8236,708,959,24,6131,22,2539,5,22
"160","2020-05-23",91,2,193,259,7238,0.594915722575297,2010,8236,708,959,20,6151,42,2581,4,42
"161","2020-05-24",90,2,191,256,7238,0.594915722575297,2010,8236,708,959,22,6173,54,2635,8,54
"162","2020-05-25",90,2,204,255,7238,0.594915722575297,2010,8236,708,959,24,6197,33,2668,5,33
"163","2020-05-26",91,2,211,243,7238,0.594915722575297,2010,8236,708,959,25,6222,31,2699,7,31
"164","2020-05-27",80,2,195,233,7238,0.594915722575297,2010,8236,708,959,27,6249,29,2728,5,29
"165","2020-05-28",87,2,193,226,7238,0.594915722575297,2010,8236,708,959,22,6271,20,2748,8,20
"166","2020-05-29",84,2,197,225,7238,0.594915722575297,2010,8236,708,959,18,6289,52,2800,8,52
"167","2020-05-30",86,2,228,228,7238,0.594915722575297,2010,8236,708,959,15,6304,26,2826,3,26
"168","2020-05-31",82,2,221,219,7238,0.594915722575297,2010,8236,708,959,18,6322,20,2846,8,20
"169","2020-06-01",80,2,206,211,7238,0.594915722575297,2010,8236,708,959,10,6332,30,2876,NA,30
"170","2020-06-02",70,2,195,199,7238,0.594915722575297,2010,8236,708,959,19,6351,39,2915,7,39
"171","2020-06-03",68,2,195,196,7238,0.594915722575297,2010,8236,708,959,15,6366,44,2959,8,44
"172","2020-06-04",67,2,211,186,7238,0.594915722575297,2010,8236,708,959,27,6393,56,3015,7,56
"173","2020-06-05",69,2,206,182,7238,0.594915722575297,2010,8236,708,959,8,6401,50,3065,4,50
"174","2020-06-06",67,2,199,168,7238,0.594915722575297,2010,8236,708,959,8,6409,48,3113,1,48
"175","2020-06-07",65,2,204,162,7238,0.594915722575297,2010,8236,708,959,18,6427,39,3152,8,39
"176","2020-03-12",3,3,111,156,8310,0.437785800240674,2010,8311,948,2607,44,81,46,73,15,46
"177","2020-03-13",8,3,173,241,8310,0.437785800240674,2010,8311,948,2607,32,113,24,97,15,24
"178","2020-03-14",30,3,259,336,8310,0.437785800240674,2010,8311,948,2607,57,170,23,120,34,23
"179","2020-03-15",39,3,274,459,8310,0.437785800240674,2010,8311,948,2607,63,233,39,159,42,39
"180","2020-03-16",52,3,280,604,8310,0.437785800240674,2010,8311,948,2607,66,299,36,195,46,36
"181","2020-03-17",69,3,289,718,8310,0.437785800240674,2010,8311,948,2607,112,411,42,237,85,42
"182","2020-03-18",97,3,315,875,8310,0.437785800240674,2010,8311,948,2607,118,529,44,281,97,44
"183","2020-03-19",133,3,321,1034,8310,0.437785800240674,2010,8311,948,2607,129,658,26,307,107,26
"184","2020-03-20",230,3,322,1181,8310,0.437785800240674,2010,8311,948,2607,124,782,39,346,101,39
"185","2020-03-21",271,3,316,1324,8310,0.437785800240674,2010,8311,948,2607,131,913,19,365,114,19
"186","2020-03-22",391,3,322,1434,8310,0.437785800240674,2010,8311,948,2607,168,1081,24,389,148,24
"187","2020-03-23",412,3,314,1542,8310,0.437785800240674,2010,8311,948,2607,139,1220,43,432,120,43
"188","2020-03-24",420,3,293,1634,8310,0.437785800240674,2010,8311,948,2607,161,1381,21,453,142,21
"189","2020-03-25",456,3,266,1773,8310,0.437785800240674,2010,8311,948,2607,172,1553,25,478,143,25
"190","2020-03-26",478,3,276,1843,8310,0.437785800240674,2010,8311,948,2607,213,1766,24,502,188,24
"191","2020-03-27",667,3,289,1926,8310,0.437785800240674,2010,8311,948,2607,197,1963,36,538,183,36
"192","2020-03-28",719,3,285,1929,8310,0.437785800240674,2010,8311,948,2607,173,2136,33,571,153,33
"193","2020-03-29",597,3,275,1957,8310,0.437785800240674,2010,8311,948,2607,190,2326,32,603,169,32
"194","2020-03-30",616,3,287,2020,8310,0.437785800240674,2010,8311,948,2607,215,2541,52,655,199,52
"195","2020-03-31",621,3,303,2013,8310,0.437785800240674,2010,8311,948,2607,214,2755,53,708,195,53
"196","2020-04-01",630,3,269,2002,8310,0.437785800240674,2010,8311,948,2607,195,2950,47,755,173,47
"197","2020-04-02",646,3,258,2041,8310,0.437785800240674,2010,8311,948,2607,183,3133,62,817,167,62
"198","2020-04-03",687,3,257,1990,8310,0.437785800240674,2010,8311,948,2607,208,3341,56,873,184,56
"199","2020-04-04",671,3,266,1991,8310,0.437785800240674,2010,8311,948,2607,194,3535,44,917,182,44
"200","2020-04-05",654,3,265,1950,8310,0.437785800240674,2010,8311,948,2607,187,3722,38,955,167,38
"201","2020-04-06",644,3,268,1951,8310,0.437785800240674,2010,8311,948,2607,177,3899,21,976,167,21
"202","2020-04-07",655,3,296,1882,8310,0.437785800240674,2010,8311,948,2607,164,4063,28,1004,144,28
"203","2020-04-08",652,3,311,1853,8310,0.437785800240674,2010,8311,948,2607,163,4226,20,1024,150,20
"204","2020-04-09",634,3,298,1805,8310,0.437785800240674,2010,8311,948,2607,147,4373,36,1060,133,36
"205","2020-04-10",631,3,284,1729,8310,0.437785800240674,2010,8311,948,2607,130,4503,24,1084,119,24
"206","2020-04-11",631,3,271,1695,8310,0.437785800240674,2010,8311,948,2607,155,4658,31,1115,137,31
"207","2020-04-12",587,3,288,1623,8310,0.437785800240674,2010,8311,948,2607,109,4767,54,1169,98,54
"208","2020-04-13",573,3,289,1569,8310,0.437785800240674,2010,8311,948,2607,123,4890,44,1213,107,44
"209","2020-04-14",530,3,316,1520,8310,0.437785800240674,2010,8311,948,2607,106,4996,33,1246,91,33
"210","2020-04-15",507,3,329,1443,8310,0.437785800240674,2010,8311,948,2607,90,5086,34,1280,78,34
"211","2020-04-16",488,3,306,1377,8310,0.437785800240674,2010,8311,948,2607,118,5204,28,1308,109,28
"212","2020-04-17",445,3,316,1303,8310,0.437785800240674,2010,8311,948,2607,109,5313,60,1368,96,60
"213","2020-04-18",436,3,286,1270,8310,0.437785800240674,2010,8311,948,2607,91,5404,44,1412,78,44
"214","2020-04-19",400,3,293,1227,8310,0.437785800240674,2010,8311,948,2607,80,5484,39,1451,58,39
"215","2020-04-20",385,3,297,1184,8310,0.437785800240674,2010,8311,948,2607,65,5549,32,1483,48,32
"216","2020-04-21",387,3,299,1116,8310,0.437785800240674,2010,8311,948,2607,69,5618,27,1510,52,27
"217","2020-04-22",378,3,315,1084,8310,0.437785800240674,2010,8311,948,2607,57,5675,31,1541,44,31
"218","2020-04-23",370,3,307,1027,8310,0.437785800240674,2010,8311,948,2607,60,5735,14,1555,46,14
"219","2020-04-24",355,3,307,980,8310,0.437785800240674,2010,8311,948,2607,53,5788,40,1595,39,40
"220","2020-04-25",341,3,341,916,8310,0.437785800240674,2010,8311,948,2607,52,5840,27,1622,38,27
"221","2020-04-26",317,3,341,877,8310,0.437785800240674,2010,8311,948,2607,40,5880,33,1655,32,33
"222","2020-04-27",298,3,318,827,8310,0.437785800240674,2010,8311,948,2607,36,5916,43,1698,26,43
"223","2020-04-28",283,3,312,788,8310,0.437785800240674,2010,8311,948,2607,34,5950,35,1733,28,35
"224","2020-04-29",274,3,310,761,8310,0.437785800240674,2010,8311,948,2607,36,5986,27,1760,28,27
"225","2020-04-30",261,3,309,732,8310,0.437785800240674,2010,8311,948,2607,33,6019,29,1789,26,29
"226","2020-05-01",230,3,302,696,8310,0.437785800240674,2010,8311,948,2607,34,6053,60,1849,22,60
"227","2020-05-02",209,3,301,655,8310,0.437785800240674,2010,8311,948,2607,33,6086,49,1898,29,49
"228","2020-05-03",213,3,306,631,8310,0.437785800240674,2010,8311,948,2607,32,6118,32,1930,23,32
"229","2020-05-04",211,3,307,599,8310,0.437785800240674,2010,8311,948,2607,34,6152,29,1959,23,29
"230","2020-05-05",204,3,296,576,8310,0.437785800240674,2010,8311,948,2607,23,6175,15,1974,19,15
"231","2020-05-06",192,3,318,559,8310,0.437785800240674,2010,8311,948,2607,30,6205,16,1990,20,16
"232","2020-05-07",193,3,322,556,8310,0.437785800240674,2010,8311,948,2607,20,6225,19,2009,12,19
"233","2020-05-08",195,3,365,528,8310,0.437785800240674,2010,8311,948,2607,14,6239,29,2038,8,29
"234","2020-05-09",191,3,362,524,8310,0.437785800240674,2010,8311,948,2607,19,6258,27,2065,12,27
"235","2020-05-10",183,3,356,500,8310,0.437785800240674,2010,8311,948,2607,22,6280,24,2089,10,24
"236","2020-05-11",170,3,338,475,8310,0.437785800240674,2010,8311,948,2607,21,6301,30,2119,12,30
"237","2020-05-12",153,3,329,436,8310,0.437785800240674,2010,8311,948,2607,28,6329,24,2143,21,24
"238","2020-05-13",150,3,319,427,8310,0.437785800240674,2010,8311,948,2607,18,6347,20,2163,10,20
"239","2020-05-14",145,3,330,423,8310,0.437785800240674,2010,8311,948,2607,16,6363,32,2195,9,32
"240","2020-05-15",142,3,350,409,8310,0.437785800240674,2010,8311,948,2607,15,6378,27,2222,9,27
"241","2020-05-16",147,3,331,375,8310,0.437785800240674,2010,8311,948,2607,31,6409,19,2241,20,19
"242","2020-05-17",117,3,333,358,8310,0.437785800240674,2010,8311,948,2607,17,6426,44,2285,16,44
"243","2020-05-18",111,3,333,343,8310,0.437785800240674,2010,8311,948,2607,12,6438,33,2318,7,33
"244","2020-05-19",112,3,339,318,8310,0.437785800240674,2010,8311,948,2607,12,6450,25,2343,10,25
"245","2020-05-20",106,3,359,313,8310,0.437785800240674,2010,8311,948,2607,19,6469,44,2387,14,44
"246","2020-05-21",100,3,350,298,8310,0.437785800240674,2010,8311,948,2607,16,6485,55,2442,9,55
"247","2020-05-22",104,3,357,289,8310,0.437785800240674,2010,8311,948,2607,19,6504,68,2510,15,68
"248","2020-05-23",98,3,346,273,8310,0.437785800240674,2010,8311,948,2607,5,6509,54,2564,3,54
"249","2020-05-24",86,3,355,262,8310,0.437785800240674,2010,8311,948,2607,14,6523,54,2618,9,54
"250","2020-05-25",88,3,356,263,8310,0.437785800240674,2010,8311,948,2607,12,6535,29,2647,9,29
"251","2020-05-26",82,3,330,247,8310,0.437785800240674,2010,8311,948,2607,11,6546,56,2703,7,56
"252","2020-05-27",76,3,327,236,8310,0.437785800240674,2010,8311,948,2607,15,6561,32,2735,7,32
"253","2020-05-28",72,3,306,231,8310,0.437785800240674,2010,8311,948,2607,16,6577,34,2769,5,34
"254","2020-05-29",59,3,302,217,8310,0.437785800240674,2010,8311,948,2607,12,6589,16,2785,6,16
"255","2020-05-30",62,3,310,208,8310,0.437785800240674,2010,8311,948,2607,9,6598,24,2809,7,24
"256","2020-05-31",69,3,317,206,8310,0.437785800240674,2010,8311,948,2607,8,6606,30,2839,4,30
"257","2020-06-01",64,3,303,198,8310,0.437785800240674,2010,8311,948,2607,8,6614,21,2860,4,21
"258","2020-06-02",63,3,287,175,8310,0.437785800240674,2010,8311,948,2607,8,6622,38,2898,6,38
"259","2020-06-03",69,3,296,176,8310,0.437785800240674,2010,8311,948,2607,13,6635,46,2944,7,46
"260","2020-06-04",72,3,287,169,8310,0.437785800240674,2010,8311,948,2607,13,6648,48,2992,8,48
"261","2020-06-05",72,3,288,156,8310,0.437785800240674,2010,8311,948,2607,13,6661,50,3042,9,50
"262","2020-06-06",67,3,301,149,8310,0.437785800240674,2010,8311,948,2607,7,6668,42,3084,3,42
"263","2020-06-07",56,3,287,147,8310,0.437785800240674,2010,8311,948,2607,5,6673,33,3117,4,33
"264","2020-03-08",1,4,0,0,6772,0.633638511518015,2025,8325,698,1138,NA,NA,NA,NA,NA,NA
"265","2020-03-09",1,4,0,0,6772,0.633638511518015,2025,8325,698,1138,NA,NA,NA,NA,NA,NA
"266","2020-03-10",0,4,0,0,6772,0.633638511518015,2025,8325,698,1138,3,3,13,13,3,13
"267","2020-03-11",0,4,0,0,6772,0.633638511518015,2025,8325,698,1138,103,106,36,49,11,36
"268","2020-03-12",1,4,134,88,6772,0.633638511518015,2025,8325,698,1138,109,215,14,63,23,14
"269","2020-03-13",4,4,136,149,6772,0.633638511518015,2025,8325,698,1138,103,318,80,143,28,80
"270","2020-03-14",21,4,155,207,6772,0.633638511518015,2025,8325,698,1138,114,432,46,189,46,46
"271","2020-03-15",44,4,149,270,6772,0.633638511518015,2025,8325,698,1138,124,556,21,210,45,21
"272","2020-03-16",44,4,141,319,6772,0.633638511518015,2025,8325,698,1138,107,663,8,218,45,8
"273","2020-03-17",46,4,137,420,6772,0.633638511518015,2025,8325,698,1138,121,784,14,232,49,14
"274","2020-03-18",65,4,151,483,6772,0.633638511518015,2025,8325,698,1138,127,911,10,242,59,10
"275","2020-03-19",78,4,139,569,6772,0.633638511518015,2025,8325,698,1138,137,1048,6,248,82,6
"276","2020-03-20",130,4,134,636,6772,0.633638511518015,2025,8325,698,1138,171,1219,13,261,86,13
"277","2020-03-21",136,4,131,721,6772,0.633638511518015,2025,8325,698,1138,145,1364,22,283,89,22
"278","2020-03-22",185,4,128,781,6772,0.633638511518015,2025,8325,698,1138,176,1540,46,329,85,46
"279","2020-03-23",214,4,138,862,6772,0.633638511518015,2025,8325,698,1138,154,1694,18,347,73,18
"280","2020-03-24",224,4,183,945,6772,0.633638511518015,2025,8325,698,1138,170,1864,16,363,97,16
"281","2020-03-25",239,4,213,1003,6772,0.633638511518015,2025,8325,698,1138,163,2027,32,395,82,32
"282","2020-03-26",263,4,227,1092,6772,0.633638511518015,2025,8325,698,1138,185,2212,81,476,110,81
"283","2020-03-27",342,4,207,1173,6772,0.633638511518015,2025,8325,698,1138,167,2379,31,507,83,31
"284","2020-03-28",406,4,186,1245,6772,0.633638511518015,2025,8325,698,1138,170,2549,28,535,104,28
"285","2020-03-29",381,4,193,1300,6772,0.633638511518015,2025,8325,698,1138,127,2676,13,548,67,13
"286","2020-03-30",378,4,204,1367,6772,0.633638511518015,2025,8325,698,1138,137,2813,58,606,72,58
"287","2020-03-31",384,4,203,1436,6772,0.633638511518015,2025,8325,698,1138,128,2941,45,651,69,45
"288","2020-04-01",389,4,194,1441,6772,0.633638511518015,2025,8325,698,1138,144,3085,26,677,82,26
"289","2020-04-02",422,4,189,1482,6772,0.633638511518015,2025,8325,698,1138,139,3224,13,690,72,13
"290","2020-04-03",549,4,198,1514,6772,0.633638511518015,2025,8325,698,1138,149,3373,14,704,72,14
"291","2020-04-04",565,4,199,1521,6772,0.633638511518015,2025,8325,698,1138,128,3501,18,722,56,18
"292","2020-04-05",513,4,259,1533,6772,0.633638511518015,2025,8325,698,1138,137,3638,23,745,67,23
"293","2020-04-06",511,4,293,1590,6772,0.633638511518015,2025,8325,698,1138,114,3752,17,762,52,17
"294","2020-04-07",512,4,299,1613,6772,0.633638511518015,2025,8325,698,1138,119,3871,30,792,60,30
"295","2020-04-08",523,4,269,1603,6772,0.633638511518015,2025,8325,698,1138,115,3986,47,839,59,47
"296","2020-04-09",514,4,238,1578,6772,0.633638511518015,2025,8325,698,1138,109,4095,30,869,56,30
"297","2020-04-10",523,4,260,1539,6772,0.633638511518015,2025,8325,698,1138,103,4198,30,899,45,30
"298","2020-04-11",511,4,287,1548,6772,0.633638511518015,2025,8325,698,1138,102,4300,19,918,48,19
"299","2020-04-12",493,4,308,1524,6772,0.633638511518015,2025,8325,698,1138,123,4423,22,940,69,22
"300","2020-04-13",512,4,286,1481,6772,0.633638511518015,2025,8325,698,1138,96,4519,29,969,40,29
"301","2020-04-14",501,4,258,1441,6772,0.633638511518015,2025,8325,698,1138,116,4635,44,1013,49,44
"302","2020-04-15",502,4,239,1448,6772,0.633638511518015,2025,8325,698,1138,88,4723,35,1048,43,35
"303","2020-04-16",488,4,217,1407,6772,0.633638511518015,2025,8325,698,1138,93,4816,16,1064,41,16
"304","2020-04-17",505,4,252,1358,6772,0.633638511518015,2025,8325,698,1138,95,4911,3,1067,47,3
"305","2020-04-18",509,4,232,1305,6772,0.633638511518015,2025,8325,698,1138,84,4995,9,1076,30,9
"306","2020-04-19",469,4,243,1292,6772,0.633638511518015,2025,8325,698,1138,90,5085,9,1085,37,9
"307","2020-04-20",448,4,274,1264,6772,0.633638511518015,2025,8325,698,1138,97,5182,6,1091,40,6
"308","2020-04-21",462,4,283,1190,6772,0.633638511518015,2025,8325,698,1138,80,5262,9,1100,43,9
"309","2020-04-22",448,4,266,1151,6772,0.633638511518015,2025,8325,698,1138,96,5358,30,1130,46,30
"310","2020-04-23",433,4,253,1086,6772,0.633638511518015,2025,8325,698,1138,82,5440,26,1156,34,26
"311","2020-04-24",401,4,268,1056,6772,0.633638511518015,2025,8325,698,1138,67,5507,91,1247,36,91
"312","2020-04-25",390,4,260,993,6772,0.633638511518015,2025,8325,698,1138,80,5587,86,1333,27,86
"313","2020-04-26",373,4,241,947,6772,0.633638511518015,2025,8325,698,1138,87,5674,34,1367,38,34
"314","2020-04-27",348,4,219,913,6772,0.633638511518015,2025,8325,698,1138,78,5752,12,1379,31,12
"315","2020-04-28",317,4,192,863,6772,0.633638511518015,2025,8325,698,1138,64,5816,20,1399,27,20
"316","2020-04-29",308,4,202,816,6772,0.633638511518015,2025,8325,698,1138,66,5882,21,1420,18,21
"317","2020-04-30",305,4,202,786,6772,0.633638511518015,2025,8325,698,1138,61,5943,57,1477,20,57
"318","2020-05-01",295,4,183,759,6772,0.633638511518015,2025,8325,698,1138,56,5999,40,1517,15,40
"319","2020-05-02",290,4,179,724,6772,0.633638511518015,2025,8325,698,1138,68,6067,33,1550,30,33
"320","2020-05-03",250,4,209,681,6772,0.633638511518015,2025,8325,698,1138,59,6126,24,1574,22,24
"321","2020-05-04",246,4,188,643,6772,0.633638511518015,2025,8325,698,1138,44,6170,24,1598,18,24
"322","2020-05-05",237,4,166,631,6772,0.633638511518015,2025,8325,698,1138,42,6212,58,1656,19,58
"323","2020-05-06",240,4,172,602,6772,0.633638511518015,2025,8325,698,1138,55,6267,36,1692,26,36
"324","2020-05-07",234,4,231,577,6772,0.633638511518015,2025,8325,698,1138,38,6305,46,1738,13,46
"325","2020-05-08",213,4,270,551,6772,0.633638511518015,2025,8325,698,1138,44,6349,19,1757,18,19
"326","2020-05-09",195,4,296,533,6772,0.633638511518015,2025,8325,698,1138,30,6379,10,1767,10,10
"327","2020-05-10",193,4,307,508,6772,0.633638511518015,2025,8325,698,1138,31,6410,16,1783,11,16
"328","2020-05-11",185,4,272,500,6772,0.633638511518015,2025,8325,698,1138,34,6444,26,1809,6,26
"329","2020-05-12",178,4,267,489,6772,0.633638511518015,2025,8325,698,1138,34,6478,18,1827,16,18
"330","2020-05-13",157,4,251,457,6772,0.633638511518015,2025,8325,698,1138,46,6524,11,1838,15,11
"331","2020-05-14",148,4,259,446,6772,0.633638511518015,2025,8325,698,1138,28,6552,18,1856,11,18
"332","2020-05-15",142,4,262,432,6772,0.633638511518015,2025,8325,698,1138,24,6576,32,1888,7,32
"333","2020-05-16",141,4,251,424,6772,0.633638511518015,2025,8325,698,1138,28,6604,31,1919,8,31
"334","2020-05-17",136,4,287,403,6772,0.633638511518015,2025,8325,698,1138,21,6625,63,1982,4,63
"335","2020-05-18",129,4,312,389,6772,0.633638511518015,2025,8325,698,1138,20,6645,45,2027,8,45
"336","2020-05-19",122,4,323,365,6772,0.633638511518015,2025,8325,698,1138,31,6676,27,2054,15,27
"337","2020-05-20",127,4,305,365,6772,0.633638511518015,2025,8325,698,1138,22,6698,27,2081,5,27
"338","2020-05-21",124,4,286,345,6772,0.633638511518015,2025,8325,698,1138,31,6729,16,2097,10,16
"339","2020-05-22",131,4,281,331,6772,0.633638511518015,2025,8325,698,1138,12,6741,12,2109,4,12
"340","2020-05-23",126,4,285,321,6772,0.633638511518015,2025,8325,698,1138,16,6757,11,2120,2,11
"341","2020-05-24",112,4,271,302,6772,0.633638511518015,2025,8325,698,1138,16,6773,18,2138,7,18
"342","2020-05-25",104,4,246,289,6772,0.633638511518015,2025,8325,698,1138,20,6793,71,2209,7,71
"343","2020-05-26",110,4,271,270,6772,0.633638511518015,2025,8325,698,1138,23,6816,51,2260,8,51
"344","2020-05-27",113,4,281,263,6772,0.633638511518015,2025,8325,698,1138,24,6840,33,2293,12,33
"345","2020-05-28",107,4,272,262,6772,0.633638511518015,2025,8325,698,1138,19,6859,22,2315,6,22
"346","2020-05-29",102,4,322,267,6772,0.633638511518015,2025,8325,698,1138,14,6873,18,2333,3,18
"347","2020-05-30",99,4,307,254,6772,0.633638511518015,2025,8325,698,1138,14,6887,38,2371,3,38
"348","2020-05-31",88,4,271,249,6772,0.633638511518015,2025,8325,698,1138,19,6906,24,2395,7,24
"349","2020-06-01",91,4,235,243,6772,0.633638511518015,2025,8325,698,1138,12,6918,57,2452,4,57
"350","2020-06-02",80,4,221,224,6772,0.633638511518015,2025,8325,698,1138,13,6931,33,2485,7,33
"351","2020-06-03",69,4,202,215,6772,0.633638511518015,2025,8325,698,1138,21,6952,32,2517,5,32
"352","2020-06-04",71,4,196,199,6772,0.633638511518015,2025,8325,698,1138,7,6959,23,2540,2,23
"353","2020-06-05",67,4,195,189,6772,0.633638511518015,2025,8325,698,1138,9,6968,90,2630,2,90
"354","2020-06-06",62,4,215,173,6772,0.633638511518015,2025,8325,698,1138,13,6981,36,2666,6,36
"355","2020-06-07",59,4,244,163,6772,0.633638511518015,2025,8325,698,1138,7,6988,28,2694,2,28
"356","2020-03-07",1,5,0,0,7073,0.531599038597483,1980,7956,724,920,NA,NA,NA,NA,NA,NA
"357","2020-03-08",1,5,0,0,7073,0.531599038597483,1980,7956,724,920,NA,NA,NA,NA,NA,NA
"358","2020-03-09",0,5,0,0,7073,0.531599038597483,1980,7956,724,920,NA,NA,NA,NA,NA,NA
"359","2020-03-10",0,5,0,0,7073,0.531599038597483,1980,7956,724,920,NA,NA,4,4,NA,4
"360","2020-03-11",0,5,0,0,7073,0.531599038597483,1980,7956,724,920,29,29,39,43,NA,39
"361","2020-03-12",0,5,0,0,7073,0.531599038597483,1980,7956,724,920,39,68,39,82,2,39
"362","2020-03-13",6,5,41,176,7073,0.531599038597483,1980,7956,724,920,38,106,16,98,8,16
"363","2020-03-14",23,5,56,252,7073,0.531599038597483,1980,7956,724,920,39,145,39,137,9,39
"364","2020-03-15",41,5,76,333,7073,0.531599038597483,1980,7956,724,920,39,184,63,200,19,63
"365","2020-03-16",51,5,86,400,7073,0.531599038597483,1980,7956,724,920,66,250,37,237,32,37
"366","2020-03-17",66,5,102,494,7073,0.531599038597483,1980,7956,724,920,61,311,20,257,44,20
"367","2020-03-18",80,5,106,585,7073,0.531599038597483,1980,7956,724,920,78,389,13,270,55,13
"368","2020-03-19",102,5,106,679,7073,0.531599038597483,1980,7956,724,920,93,482,8,278,69,8
"369","2020-03-20",177,5,101,778,7073,0.531599038597483,1980,7956,724,920,98,580,24,302,83,24
"370","2020-03-21",240,5,126,886,7073,0.531599038597483,1980,7956,724,920,119,699,18,320,93,18
"371","2020-03-22",251,5,145,988,7073,0.531599038597483,1980,7956,724,920,123,822,45,365,107,45
"372","2020-03-23",250,5,170,1062,7073,0.531599038597483,1980,7956,724,920,133,955,25,390,105,25
"373","2020-03-24",257,5,187,1144,7073,0.531599038597483,1980,7956,724,920,166,1121,29,419,136,29
"374","2020-03-25",291,5,203,1237,7073,0.531599038597483,1980,7956,724,920,172,1293,53,472,142,53
"375","2020-03-26",329,5,209,1326,7073,0.531599038597483,1980,7956,724,920,159,1452,55,527,132,55
"376","2020-03-27",421,5,212,1422,7073,0.531599038597483,1980,7956,724,920,176,1628,55,582,157,55
"377","2020-03-28",412,5,196,1491,7073,0.531599038597483,1980,7956,724,920,214,1842,55,637,194,55
"378","2020-03-29",427,5,198,1554,7073,0.531599038597483,1980,7956,724,920,160,2002,34,671,137,34
"379","2020-03-30",445,5,171,1599,7073,0.531599038597483,1980,7956,724,920,238,2240,27,698,221,27
"380","2020-03-31",473,5,162,1638,7073,0.531599038597483,1980,7956,724,920,231,2471,25,723,206,25
"381","2020-04-01",474,5,169,1667,7073,0.531599038597483,1980,7956,724,920,225,2696,31,754,206,31
"382","2020-04-02",472,5,173,1685,7073,0.531599038597483,1980,7956,724,920,187,2883,36,790,170,36
"383","2020-04-03",582,5,204,1721,7073,0.531599038597483,1980,7956,724,920,243,3126,20,810,224,20
"384","2020-04-04",607,5,222,1722,7073,0.531599038597483,1980,7956,724,920,211,3337,39,849,184,39
"385","2020-04-05",541,5,210,1707,7073,0.531599038597483,1980,7956,724,920,189,3526,36,885,165,36
"386","2020-04-06",545,5,199,1677,7073,0.531599038597483,1980,7956,724,920,208,3734,40,925,185,40
"387","2020-04-07",528,5,205,1680,7073,0.531599038597483,1980,7956,724,920,188,3922,20,945,171,20
"388","2020-04-08",527,5,189,1680,7073,0.531599038597483,1980,7956,724,920,200,4122,23,968,175,23
"389","2020-04-09",525,5,187,1656,7073,0.531599038597483,1980,7956,724,920,201,4323,32,1000,188,32
"390","2020-04-10",543,5,189,1622,7073,0.531599038597483,1980,7956,724,920,161,4484,43,1043,143,43
"391","2020-04-11",532,5,168,1573,7073,0.531599038597483,1980,7956,724,920,136,4620,46,1089,117,46
"392","2020-04-12",502,5,178,1551,7073,0.531599038597483,1980,7956,724,920,142,4762,28,1117,125,28
"393","2020-04-13",488,5,210,1507,7073,0.531599038597483,1980,7956,724,920,119,4881,35,1152,97,35
"394","2020-04-14",501,5,202,1487,7073,0.531599038597483,1980,7956,724,920,122,5003,56,1208,106,56
"395","2020-04-15",505,5,189,1429,7073,0.531599038597483,1980,7956,724,920,94,5097,44,1252,80,44
"396","2020-04-16",501,5,193,1385,7073,0.531599038597483,1980,7956,724,920,113,5210,38,1290,95,38
"397","2020-04-17",469,5,174,1341,7073,0.531599038597483,1980,7956,724,920,88,5298,33,1323,78,33
"398","2020-04-18",469,5,159,1295,7073,0.531599038597483,1980,7956,724,920,83,5381,29,1352,68,29
"399","2020-04-19",443,5,192,1237,7073,0.531599038597483,1980,7956,724,920,77,5458,17,1369,65,17
"400","2020-04-20",439,5,213,1179,7073,0.531599038597483,1980,7956,724,920,54,5512,9,1378,42,9
"401","2020-04-21",399,5,243,1110,7073,0.531599038597483,1980,7956,724,920,59,5571,36,1414,50,36
"402","2020-04-22",384,5,238,1078,7073,0.531599038597483,1980,7956,724,920,56,5627,40,1454,43,40
"403","2020-04-23",371,5,227,1047,7073,0.531599038597483,1980,7956,724,920,59,5686,29,1483,47,29
"404","2020-04-24",363,5,202,1006,7073,0.531599038597483,1980,7956,724,920,50,5736,38,1521,38,38
"405","2020-04-25",369,5,171,956,7073,0.531599038597483,1980,7956,724,920,43,5779,19,1540,31,19
"406","2020-04-26",340,5,155,899,7073,0.531599038597483,1980,7956,724,920,33,5812,28,1568,19,28
"407","2020-04-27",318,5,157,868,7073,0.531599038597483,1980,7956,724,920,44,5856,36,1604,29,36
"408","2020-04-28",311,5,163,816,7073,0.531599038597483,1980,7956,724,920,45,5901,18,1622,32,18
"409","2020-04-29",298,5,177,778,7073,0.531599038597483,1980,7956,724,920,33,5934,23,1645,20,23
"410","2020-04-30",287,5,170,734,7073,0.531599038597483,1980,7956,724,920,31,5965,24,1669,20,24
"411","2020-05-01",269,5,164,723,7073,0.531599038597483,1980,7956,724,920,30,5995,38,1707,15,38
"412","2020-05-02",244,5,159,685,7073,0.531599038597483,1980,7956,724,920,25,6020,30,1737,15,30
"413","2020-05-03",220,5,151,653,7073,0.531599038597483,1980,7956,724,920,22,6042,24,1761,13,24
"414","2020-05-04",221,5,145,634,7073,0.531599038597483,1980,7956,724,920,16,6058,15,1776,8,15
"415","2020-05-05",212,5,142,588,7073,0.531599038597483,1980,7956,724,920,27,6085,22,1798,19,22
"416","2020-05-06",203,5,153,583,7073,0.531599038597483,1980,7956,724,920,19,6104,14,1812,13,14
"417","2020-05-07",192,5,185,554,7073,0.531599038597483,1980,7956,724,920,24,6128,19,1831,14,19
"418","2020-05-08",190,5,198,523,7073,0.531599038597483,1980,7956,724,920,15,6143,20,1851,5,20
"419","2020-05-09",179,5,206,501,7073,0.531599038597483,1980,7956,724,920,12,6155,23,1874,5,23
"420","2020-05-10",185,5,208,482,7073,0.531599038597483,1980,7956,724,920,11,6166,27,1901,8,27
"421","2020-05-11",169,5,216,457,7073,0.531599038597483,1980,7956,724,920,19,6185,25,1926,8,25
"422","2020-05-12",163,5,206,438,7073,0.531599038597483,1980,7956,724,920,13,6198,30,1956,7,30
"423","2020-05-13",161,5,181,413,7073,0.531599038597483,1980,7956,724,920,12,6210,22,1978,8,22
"424","2020-05-14",161,5,166,388,7073,0.531599038597483,1980,7956,724,920,12,6222,27,2005,5,27
"425","2020-05-15",144,5,156,366,7073,0.531599038597483,1980,7956,724,920,9,6231,17,2022,7,17
"426","2020-05-16",146,5,143,348,7073,0.531599038597483,1980,7956,724,920,12,6243,23,2045,2,23
"427","2020-05-17",121,5,158,345,7073,0.531599038597483,1980,7956,724,920,17,6260,16,2061,11,16
"428","2020-05-18",122,5,192,326,7073,0.531599038597483,1980,7956,724,920,11,6271,47,2108,3,47
"429","2020-05-19",112,5,196,312,7073,0.531599038597483,1980,7956,724,920,12,6283,67,2175,5,67
"430","2020-05-20",114,5,210,308,7073,0.531599038597483,1980,7956,724,920,11,6294,36,2211,5,36
"431","2020-05-21",111,5,206,299,7073,0.531599038597483,1980,7956,724,920,11,6305,42,2253,5,42
"432","2020-05-22",106,5,229,290,7073,0.531599038597483,1980,7956,724,920,12,6317,34,2287,6,34
"433","2020-05-23",101,5,230,279,7073,0.531599038597483,1980,7956,724,920,9,6326,42,2329,1,42
"434","2020-05-24",94,5,238,256,7073,0.531599038597483,1980,7956,724,920,2,6328,43,2372,NA,43
"435","2020-05-25",82,5,239,236,7073,0.531599038597483,1980,7956,724,920,16,6344,36,2408,8,36
"436","2020-05-26",81,5,226,240,7073,0.531599038597483,1980,7956,724,920,12,6356,33,2441,2,33
"437","2020-05-27",74,5,222,230,7073,0.531599038597483,1980,7956,724,920,12,6368,31,2472,4,31
"438","2020-05-28",68,5,198,221,7073,0.531599038597483,1980,7956,724,920,4,6372,17,2489,1,17
"439","2020-05-29",65,5,187,213,7073,0.531599038597483,1980,7956,724,920,8,6380,45,2534,3,45
"440","2020-05-30",64,5,176,209,7073,0.531599038597483,1980,7956,724,920,8,6388,29,2563,6,29
"441","2020-05-31",62,5,191,204,7073,0.531599038597483,1980,7956,724,920,8,6396,50,2613,4,50
"442","2020-06-01",62,5,194,191,7073,0.531599038597483,1980,7956,724,920,5,6401,47,2660,4,47
"443","2020-06-02",57,5,189,190,7073,0.531599038597483,1980,7956,724,920,8,6409,43,2703,3,43
"444","2020-06-03",56,5,173,187,7073,0.531599038597483,1980,7956,724,920,5,6414,35,2738,2,35
"445","2020-06-04",52,5,159,179,7073,0.531599038597483,1980,7956,724,920,5,6419,30,2768,NA,30
"446","2020-06-05",56,5,180,173,7073,0.531599038597483,1980,7956,724,920,3,6422,19,2787,2,19
"447","2020-06-06",53,5,181,171,7073,0.531599038597483,1980,7956,724,920,6,6428,33,2820,4,33
"448","2020-06-07",56,5,205,173,7073,0.531599038597483,1980,7956,724,920,5,6433,30,2850,3,30
"449","2020-03-07",1,6,0,0,7175,0.636655052264808,2040,8813,663,1377,NA,NA,NA,NA,NA,NA
"450","2020-03-08",1,6,0,0,7175,0.636655052264808,2040,8813,663,1377,NA,NA,NA,NA,NA,NA
"451","2020-03-09",0,6,0,0,7175,0.636655052264808,2040,8813,663,1377,NA,NA,NA,NA,NA,NA
"452","2020-03-10",0,6,0,0,7175,0.636655052264808,2040,8813,663,1377,NA,NA,4,4,NA,4
"453","2020-03-11",0,6,0,0,7175,0.636655052264808,2040,8813,663,1377,75,75,23,27,1,23
"454","2020-03-12",1,6,79,87,7175,0.636655052264808,2040,8813,663,1377,64,139,43,70,6,43
"455","2020-03-13",1,6,167,141,7175,0.636655052264808,2040,8813,663,1377,78,217,31,101,22,31
"456","2020-03-14",10,6,163,212,7175,0.636655052264808,2040,8813,663,1377,73,290,25,126,19,25
"457","2020-03-15",23,6,177,272,7175,0.636655052264808,2040,8813,663,1377,78,368,48,174,32,48
"458","2020-03-16",29,6,207,383,7175,0.636655052264808,2040,8813,663,1377,87,455,36,210,38,36
"459","2020-03-17",34,6,260,466,7175,0.636655052264808,2040,8813,663,1377,99,554,23,233,54,23
"460","2020-03-18",48,6,249,557,7175,0.636655052264808,2040,8813,663,1377,128,682,16,249,80,16
"461","2020-03-19",66,6,209,644,7175,0.636655052264808,2040,8813,663,1377,133,815,53,302,88,53
"462","2020-03-20",107,6,217,755,7175,0.636655052264808,2040,8813,663,1377,143,958,38,340,93,38
"463","2020-03-21",170,6,232,867,7175,0.636655052264808,2040,8813,663,1377,109,1067,64,404,71,64
"464","2020-03-22",227,6,253,954,7175,0.636655052264808,2040,8813,663,1377,170,1237,32,436,125,32
"465","2020-03-23",244,6,236,1028,7175,0.636655052264808,2040,8813,663,1377,141,1378,22,458,86,22
"466","2020-03-24",255,6,274,1099,7175,0.636655052264808,2040,8813,663,1377,158,1536,38,496,102,38
"467","2020-03-25",284,6,265,1192,7175,0.636655052264808,2040,8813,663,1377,148,1684,27,523,107,27
"468","2020-03-26",306,6,260,1280,7175,0.636655052264808,2040,8813,663,1377,165,1849,44,567,127,44
"469","2020-03-27",414,6,252,1389,7175,0.636655052264808,2040,8813,663,1377,193,2042,23,590,138,23
"470","2020-03-28",495,6,205,1425,7175,0.636655052264808,2040,8813,663,1377,195,2237,40,630,146,40
"471","2020-03-29",460,6,225,1486,7175,0.636655052264808,2040,8813,663,1377,154,2391,34,664,108,34
"472","2020-03-30",441,6,222,1533,7175,0.636655052264808,2040,8813,663,1377,202,2593,16,680,167,16
"473","2020-03-31",469,6,202,1611,7175,0.636655052264808,2040,8813,663,1377,161,2754,55,735,116,55
"474","2020-04-01",485,6,201,1653,7175,0.636655052264808,2040,8813,663,1377,178,2932,48,783,127,48
"475","2020-04-02",518,6,216,1713,7175,0.636655052264808,2040,8813,663,1377,179,3111,25,808,138,25
"476","2020-04-03",624,6,228,1735,7175,0.636655052264808,2040,8813,663,1377,157,3268,28,836,107,28
"477","2020-04-04",581,6,227,1713,7175,0.636655052264808,2040,8813,663,1377,167,3435,40,876,125,40
"478","2020-04-05",554,6,244,1723,7175,0.636655052264808,2040,8813,663,1377,134,3569,26,902,101,26
"479","2020-04-06",577,6,247,1730,7175,0.636655052264808,2040,8813,663,1377,132,3701,16,918,91,16
"480","2020-04-07",579,6,249,1704,7175,0.636655052264808,2040,8813,663,1377,131,3832,18,936,97,18
"481","2020-04-08",583,6,242,1684,7175,0.636655052264808,2040,8813,663,1377,138,3970,29,965,93,29
"482","2020-04-09",574,6,289,1665,7175,0.636655052264808,2040,8813,663,1377,112,4082,22,987,79,22
"483","2020-04-10",576,6,256,1628,7175,0.636655052264808,2040,8813,663,1377,123,4205,41,1028,80,41
"484","2020-04-11",582,6,235,1590,7175,0.636655052264808,2040,8813,663,1377,109,4314,24,1052,83,24
"485","2020-04-12",540,6,225,1545,7175,0.636655052264808,2040,8813,663,1377,114,4428,22,1074,85,22
"486","2020-04-13",514,6,203,1505,7175,0.636655052264808,2040,8813,663,1377,107,4535,24,1098,79,24
"487","2020-04-14",500,6,197,1441,7175,0.636655052264808,2040,8813,663,1377,101,4636,59,1157,74,59
"488","2020-04-15",486,6,181,1383,7175,0.636655052264808,2040,8813,663,1377,90,4726,34,1191,59,34
"489","2020-04-16",469,6,230,1338,7175,0.636655052264808,2040,8813,663,1377,114,4840,18,1209,79,18
"490","2020-04-17",478,6,267,1293,7175,0.636655052264808,2040,8813,663,1377,84,4924,20,1229,52,20
"491","2020-04-18",466,6,262,1227,7175,0.636655052264808,2040,8813,663,1377,82,5006,49,1278,51,49
"492","2020-04-19",406,6,246,1179,7175,0.636655052264808,2040,8813,663,1377,82,5088,29,1307,46,29
"493","2020-04-20",408,6,222,1132,7175,0.636655052264808,2040,8813,663,1377,95,5183,36,1343,53,36
"494","2020-04-21",398,6,263,1087,7175,0.636655052264808,2040,8813,663,1377,71,5254,36,1379,46,36
"495","2020-04-22",388,6,298,1030,7175,0.636655052264808,2040,8813,663,1377,61,5315,39,1418,41,39
"496","2020-04-23",362,6,306,976,7175,0.636655052264808,2040,8813,663,1377,72,5387,30,1448,43,30
"497","2020-04-24",361,6,308,935,7175,0.636655052264808,2040,8813,663,1377,45,5432,33,1481,21,33
"498","2020-04-25",361,6,294,909,7175,0.636655052264808,2040,8813,663,1377,57,5489,32,1513,31,32
"499","2020-04-26",333,6,306,887,7175,0.636655052264808,2040,8813,663,1377,50,5539,41,1554,26,41
"500","2020-04-27",304,6,278,847,7175,0.636655052264808,2040,8813,663,1377,48,5587,21,1575,27,21
"501","2020-04-28",285,6,284,824,7175,0.636655052264808,2040,8813,663,1377,44,5631,16,1591,22,16
"502","2020-04-29",277,6,254,807,7175,0.636655052264808,2040,8813,663,1377,45,5676,12,1603,16,12
"503","2020-04-30",284,6,252,783,7175,0.636655052264808,2040,8813,663,1377,45,5721,14,1617,24,14
"504","2020-05-01",260,6,262,758,7175,0.636655052264808,2040,8813,663,1377,45,5766,6,1623,11,6
"505","2020-05-02",263,6,288,745,7175,0.636655052264808,2040,8813,663,1377,41,5807,8,1631,23,8
"506","2020-05-03",242,6,271,734,7175,0.636655052264808,2040,8813,663,1377,45,5852,38,1669,12,38
"507","2020-05-04",234,6,241,706,7175,0.636655052264808,2040,8813,663,1377,46,5898,25,1694,21,25
"508","2020-05-05",236,6,265,669,7175,0.636655052264808,2040,8813,663,1377,35,5933,18,1712,15,18
"509","2020-05-06",228,6,240,640,7175,0.636655052264808,2040,8813,663,1377,42,5975,70,1782,16,70
"510","2020-05-07",216,6,224,612,7175,0.636655052264808,2040,8813,663,1377,28,6003,48,1830,15,48
"511","2020-05-08",226,6,208,604,7175,0.636655052264808,2040,8813,663,1377,26,6029,31,1861,10,31
"512","2020-05-09",208,6,210,565,7175,0.636655052264808,2040,8813,663,1377,24,6053,53,1914,5,53
"513","2020-05-10",195,6,203,538,7175,0.636655052264808,2040,8813,663,1377,33,6086,36,1950,21,36
"514","2020-05-11",182,6,208,518,7175,0.636655052264808,2040,8813,663,1377,27,6113,51,2001,8,51
"515","2020-05-12",176,6,175,501,7175,0.636655052264808,2040,8813,663,1377,17,6130,32,2033,7,32
"516","2020-05-13",167,6,171,479,7175,0.636655052264808,2040,8813,663,1377,32,6162,19,2052,17,19
"517","2020-05-14",162,6,165,454,7175,0.636655052264808,2040,8813,663,1377,23,6185,43,2095,9,43
"518","2020-05-15",163,6,151,441,7175,0.636655052264808,2040,8813,663,1377,25,6210,22,2117,8,22
"519","2020-05-16",157,6,165,429,7175,0.636655052264808,2040,8813,663,1377,27,6237,20,2137,12,20
"520","2020-05-17",149,6,150,413,7175,0.636655052264808,2040,8813,663,1377,19,6256,16,2153,5,16
"521","2020-05-18",149,6,174,397,7175,0.636655052264808,2040,8813,663,1377,23,6279,8,2161,8,8
"522","2020-05-19",139,6,185,382,7175,0.636655052264808,2040,8813,663,1377,17,6296,3,2164,8,3
"523","2020-05-20",138,6,190,354,7175,0.636655052264808,2040,8813,663,1377,23,6319,8,2172,7,8
"524","2020-05-21",138,6,239,331,7175,0.636655052264808,2040,8813,663,1377,17,6336,9,2181,7,9
"525","2020-05-22",134,6,262,306,7175,0.636655052264808,2040,8813,663,1377,23,6359,5,2186,8,5
"526","2020-05-23",129,6,286,293,7175,0.636655052264808,2040,8813,663,1377,19,6378,2,2188,8,2
"527","2020-05-24",115,6,279,285,7175,0.636655052264808,2040,8813,663,1377,19,6397,42,2230,5,42
"528","2020-05-25",108,6,260,281,7175,0.636655052264808,2040,8813,663,1377,17,6414,35,2265,3,35
"529","2020-05-26",110,6,232,267,7175,0.636655052264808,2040,8813,663,1377,12,6426,65,2330,4,65
"530","2020-05-27",106,6,197,252,7175,0.636655052264808,2040,8813,663,1377,15,6441,33,2363,7,33
"531","2020-05-28",100,6,212,244,7175,0.636655052264808,2040,8813,663,1377,15,6456,30,2393,6,30
"532","2020-05-29",93,6,215,228,7175,0.636655052264808,2040,8813,663,1377,13,6469,60,2453,3,60
"533","2020-05-30",95,6,187,224,7175,0.636655052264808,2040,8813,663,1377,15,6484,32,2485,4,32
"534","2020-05-31",89,6,203,223,7175,0.636655052264808,2040,8813,663,1377,17,6501,32,2517,5,32
"535","2020-06-01",81,6,247,216,7175,0.636655052264808,2040,8813,663,1377,11,6512,16,2533,8,16
"536","2020-06-02",71,6,229,214,7175,0.636655052264808,2040,8813,663,1377,13,6525,13,2546,4,13
"537","2020-06-03",68,6,235,202,7175,0.636655052264808,2040,8813,663,1377,13,6538,26,2572,4,26
"538","2020-06-04",67,6,211,188,7175,0.636655052264808,2040,8813,663,1377,10,6548,15,2587,1,15
"539","2020-06-05",61,6,194,174,7175,0.636655052264808,2040,8813,663,1377,12,6560,35,2622,6,35
"540","2020-06-06",57,6,208,169,7175,0.636655052264808,2040,8813,663,1377,11,6571,34,2656,6,34
"541","2020-06-07",50,6,204,173,7175,0.636655052264808,2040,8813,663,1377,13,6584,29,2685,5,29
"542","2020-03-12",2,7,48,181,8213,0.293558991842201,2070,9250,861,883,35,64,10,39,2,10
"543","2020-03-13",14,7,53,284,8213,0.293558991842201,2070,9250,861,883,37,101,9,48,6,9
"544","2020-03-14",39,7,52,392,8213,0.293558991842201,2070,9250,861,883,40,141,12,60,14,12
"545","2020-03-15",61,7,89,496,8213,0.293558991842201,2070,9250,861,883,41,182,39,99,24,39
"546","2020-03-16",76,7,91,616,8213,0.293558991842201,2070,9250,861,883,58,240,65,164,30,65
"547","2020-03-17",91,7,113,732,8213,0.293558991842201,2070,9250,861,883,67,307,69,233,39,69
"548","2020-03-18",112,7,112,857,8213,0.293558991842201,2070,9250,861,883,58,365,52,285,36,52
"549","2020-03-19",135,7,131,939,8213,0.293558991842201,2070,9250,861,883,70,435,28,313,44,28
"550","2020-03-20",217,7,139,1055,8213,0.293558991842201,2070,9250,861,883,70,505,51,364,49,51
"551","2020-03-21",270,7,168,1155,8213,0.293558991842201,2070,9250,861,883,91,596,27,391,65,27
"552","2020-03-22",333,7,189,1253,8213,0.293558991842201,2070,9250,861,883,102,698,22,413,77,22
"553","2020-03-23",348,7,205,1336,8213,0.293558991842201,2070,9250,861,883,101,799,16,429,74,16
"554","2020-03-24",347,7,201,1389,8213,0.293558991842201,2070,9250,861,883,94,893,24,453,73,24
"555","2020-03-25",389,7,179,1434,8213,0.293558991842201,2070,9250,861,883,131,1024,17,470,98,17
"556","2020-03-26",427,7,152,1465,8213,0.293558991842201,2070,9250,861,883,129,1153,17,487,106,17
"557","2020-03-27",549,7,141,1518,8213,0.293558991842201,2070,9250,861,883,131,1284,26,513,116,26
"558","2020-03-28",574,7,138,1570,8213,0.293558991842201,2070,9250,861,883,150,1434,22,535,127,22
"559","2020-03-29",499,7,161,1589,8213,0.293558991842201,2070,9250,861,883,154,1588,37,572,133,37
"560","2020-03-30",508,7,178,1583,8213,0.293558991842201,2070,9250,861,883,151,1739,24,596,121,24
"561","2020-03-31",516,7,166,1596,8213,0.293558991842201,2070,9250,861,883,171,1910,32,628,139,32
"562","2020-04-01",505,7,160,1597,8213,0.293558991842201,2070,9250,861,883,190,2100,36,664,164,36
"563","2020-04-02",510,7,191,1623,8213,0.293558991842201,2070,9250,861,883,158,2258,35,699,137,35
"564","2020-04-03",547,7,204,1617,8213,0.293558991842201,2070,9250,861,883,167,2425,18,717,147,18
"565","2020-04-04",530,7,197,1600,8213,0.293558991842201,2070,9250,861,883,155,2580,10,727,129,10
"566","2020-04-05",501,7,186,1591,8213,0.293558991842201,2070,9250,861,883,177,2757,16,743,158,16
"567","2020-04-06",498,7,211,1584,8213,0.293558991842201,2070,9250,861,883,176,2933,14,757,154,14
"568","2020-04-07",502,7,196,1580,8213,0.293558991842201,2070,9250,861,883,182,3115,14,771,163,14
"569","2020-04-08",505,7,190,1577,8213,0.293558991842201,2070,9250,861,883,188,3303,43,814,169,43
"570","2020-04-09",495,7,209,1549,8213,0.293558991842201,2070,9250,861,883,145,3448,22,836,122,22
"571","2020-04-10",537,7,190,1524,8213,0.293558991842201,2070,9250,861,883,163,3611,21,857,143,21
"572","2020-04-11",543,7,173,1514,8213,0.293558991842201,2070,9250,861,883,137,3748,10,867,111,10
"573","2020-04-12",509,7,156,1511,8213,0.293558991842201,2070,9250,861,883,168,3916,34,901,147,34
"574","2020-04-13",497,7,166,1478,8213,0.293558991842201,2070,9250,861,883,142,4058,40,941,118,40
"575","2020-04-14",485,7,193,1451,8213,0.293558991842201,2070,9250,861,883,114,4172,16,957,95,16
"576","2020-04-15",472,7,194,1432,8213,0.293558991842201,2070,9250,861,883,99,4271,6,963,80,6
"577","2020-04-16",464,7,196,1408,8213,0.293558991842201,2070,9250,861,883,112,4383,35,998,94,35
"578","2020-04-17",506,7,230,1373,8213,0.293558991842201,2070,9250,861,883,113,4496,63,1061,100,63
"579","2020-04-18",489,7,235,1335,8213,0.293558991842201,2070,9250,861,883,86,4582,23,1084,72,23
"580","2020-04-19",431,7,243,1303,8213,0.293558991842201,2070,9250,861,883,103,4685,24,1108,86,24
"581","2020-04-20",424,7,225,1296,8213,0.293558991842201,2070,9250,861,883,104,4789,14,1122,83,14
"582","2020-04-21",423,7,246,1257,8213,0.293558991842201,2070,9250,861,883,97,4886,9,1131,79,9
"583","2020-04-22",422,7,245,1195,8213,0.293558991842201,2070,9250,861,883,72,4958,12,1143,59,12
"584","2020-04-23",415,7,227,1155,8213,0.293558991842201,2070,9250,861,883,73,5031,10,1153,62,10
"585","2020-04-24",399,7,207,1125,8213,0.293558991842201,2070,9250,861,883,80,5111,16,1169,67,16
"586","2020-04-25",388,7,181,1075,8213,0.293558991842201,2070,9250,861,883,68,5179,35,1204,51,35
"587","2020-04-26",374,7,188,1063,8213,0.293558991842201,2070,9250,861,883,52,5231,26,1230,38,26
"588","2020-04-27",361,7,203,1037,8213,0.293558991842201,2070,9250,861,883,54,5285,8,1238,38,8
"589","2020-04-28",335,7,230,991,8213,0.293558991842201,2070,9250,861,883,57,5342,5,1243,37,5
"590","2020-04-29",325,7,236,972,8213,0.293558991842201,2070,9250,861,883,51,5393,30,1273,40,30
"591","2020-04-30",306,7,264,917,8213,0.293558991842201,2070,9250,861,883,37,5430,23,1296,30,23
"592","2020-05-01",310,7,292,888,8213,0.293558991842201,2070,9250,861,883,58,5488,19,1315,48,19
"593","2020-05-02",301,7,300,839,8213,0.293558991842201,2070,9250,861,883,40,5528,20,1335,27,20
"594","2020-05-03",275,7,272,804,8213,0.293558991842201,2070,9250,861,883,32,5560,17,1352,19,17
"595","2020-05-04",267,7,262,756,8213,0.293558991842201,2070,9250,861,883,35,5595,8,1360,23,8
"596","2020-05-05",258,7,292,740,8213,0.293558991842201,2070,9250,861,883,35,5630,16,1376,20,16
"597","2020-05-06",252,7,276,719,8213,0.293558991842201,2070,9250,861,883,55,5685,35,1411,29,35
"598","2020-05-07",245,7,257,703,8213,0.293558991842201,2070,9250,861,883,25,5710,26,1437,15,26
"599","2020-05-08",219,7,221,680,8213,0.293558991842201,2070,9250,861,883,44,5754,20,1457,31,20
"600","2020-05-09",229,7,209,660,8213,0.293558991842201,2070,9250,861,883,27,5781,10,1467,23,10
"601","2020-05-10",206,7,209,634,8213,0.293558991842201,2070,9250,861,883,31,5812,9,1476,18,9
"602","2020-05-11",190,7,187,599,8213,0.293558991842201,2070,9250,861,883,26,5838,4,1480,19,4
"603","2020-05-12",178,7,200,580,8213,0.293558991842201,2070,9250,861,883,30,5868,11,1491,18,11
"604","2020-05-13",172,7,214,553,8213,0.293558991842201,2070,9250,861,883,19,5887,5,1496,15,5
"605","2020-05-14",172,7,244,522,8213,0.293558991842201,2070,9250,861,883,24,5911,11,1507,15,11
"606","2020-05-15",162,7,256,508,8213,0.293558991842201,2070,9250,861,883,23,5934,5,1512,16,5
"607","2020-05-16",177,7,268,503,8213,0.293558991842201,2070,9250,861,883,18,5952,3,1515,11,3
"608","2020-05-17",153,7,278,493,8213,0.293558991842201,2070,9250,861,883,17,5969,2,1517,10,2
"609","2020-05-18",145,7,250,461,8213,0.293558991842201,2070,9250,861,883,15,5984,11,1528,11,11
"610","2020-05-19",148,7,230,425,8213,0.293558991842201,2070,9250,861,883,13,5997,12,1540,8,12
"611","2020-05-20",139,7,230,399,8213,0.293558991842201,2070,9250,861,883,14,6011,54,1594,8,54
"612","2020-05-21",127,7,223,374,8213,0.293558991842201,2070,9250,861,883,6,6017,39,1633,3,39
"613","2020-05-22",127,7,207,352,8213,0.293558991842201,2070,9250,861,883,21,6038,30,1663,14,30
"614","2020-05-23",103,7,200,344,8213,0.293558991842201,2070,9250,861,883,9,6047,57,1720,4,57
"615","2020-05-24",105,7,195,341,8213,0.293558991842201,2070,9250,861,883,14,6061,29,1749,5,29
"616","2020-05-25",101,7,173,331,8213,0.293558991842201,2070,9250,861,883,12,6073,38,1787,4,38
"617","2020-05-26",97,7,168,315,8213,0.293558991842201,2070,9250,861,883,14,6087,29,1816,6,29
"618","2020-05-27",98,7,158,304,8213,0.293558991842201,2070,9250,861,883,12,6099,14,1830,3,14
"619","2020-05-28",105,7,154,290,8213,0.293558991842201,2070,9250,861,883,9,6108,14,1844,6,14
"620","2020-05-29",97,7,144,280,8213,0.293558991842201,2070,9250,861,883,13,6121,15,1859,6,15
"621","2020-05-30",96,7,135,274,8213,0.293558991842201,2070,9250,861,883,18,6139,24,1883,11,24
"622","2020-05-31",92,7,121,261,8213,0.293558991842201,2070,9250,861,883,6,6145,49,1932,1,49
"623","2020-06-01",89,7,113,248,8213,0.293558991842201,2070,9250,861,883,11,6156,46,1978,5,46
"624","2020-06-02",81,7,137,234,8213,0.293558991842201,2070,9250,861,883,15,6171,26,2004,6,26
"625","2020-06-03",75,7,166,219,8213,0.293558991842201,2070,9250,861,883,14,6185,22,2026,4,22
"626","2020-06-04",69,7,153,218,8213,0.293558991842201,2070,9250,861,883,7,6192,14,2040,5,14
"627","2020-06-05",65,7,154,203,8213,0.293558991842201,2070,9250,861,883,9,6201,9,2049,9,9
"628","2020-06-06",73,7,147,194,8213,0.293558991842201,2070,9250,861,883,9,6210,15,2064,7,15
"629","2020-06-07",68,7,183,182,8213,0.293558991842201,2070,9250,861,883,11,6221,5,2069,6,5
"630","2020-03-13",5,8,250,190,7648,0.476987447698745,2040,8330,708,1718,72,192,10,59,6,10
"631","2020-03-14",11,8,286,270,7648,0.476987447698745,2040,8330,708,1718,64,256,29,88,17,29
"632","2020-03-15",36,8,282,370,7648,0.476987447698745,2040,8330,708,1718,71,327,16,104,32,16
"633","2020-03-16",50,8,253,456,7648,0.476987447698745,2040,8330,708,1718,86,413,12,116,25,12
"634","2020-03-17",55,8,244,551,7648,0.476987447698745,2040,8330,708,1718,91,504,5,121,41,5
"635","2020-03-18",81,8,229,646,7648,0.476987447698745,2040,8330,708,1718,91,595,29,150,46,29
"636","2020-03-19",107,8,232,732,7648,0.476987447698745,2040,8330,708,1718,99,694,31,181,49,31
"637","2020-03-20",155,8,227,851,7648,0.476987447698745,2040,8330,708,1718,97,791,58,239,55,58
"638","2020-03-21",209,8,215,966,7648,0.476987447698745,2040,8330,708,1718,120,911,54,293,61,54
"639","2020-03-22",282,8,233,1063,7648,0.476987447698745,2040,8330,708,1718,123,1034,35,328,70,35
"640","2020-03-23",290,8,229,1173,7648,0.476987447698745,2040,8330,708,1718,109,1143,32,360,67,32
"641","2020-03-24",298,8,225,1241,7648,0.476987447698745,2040,8330,708,1718,107,1250,62,422,63,62
"642","2020-03-25",320,8,220,1335,7648,0.476987447698745,2040,8330,708,1718,128,1378,25,447,74,25
"643","2020-03-26",349,8,220,1401,7648,0.476987447698745,2040,8330,708,1718,129,1507,25,472,66,25
"644","2020-03-27",477,8,282,1471,7648,0.476987447698745,2040,8330,708,1718,101,1608,42,514,59,42
"645","2020-03-28",512,8,294,1532,7648,0.476987447698745,2040,8330,708,1718,111,1719,37,551,65,37
"646","2020-03-29",480,8,335,1593,7648,0.476987447698745,2040,8330,708,1718,122,1841,35,586,77,35
"647","2020-03-30",498,8,327,1608,7648,0.476987447698745,2040,8330,708,1718,129,1970,56,642,71,56
"648","2020-03-31",496,8,306,1642,7648,0.476987447698745,2040,8330,708,1718,119,2089,45,687,77,45
"649","2020-04-01",509,8,282,1714,7648,0.476987447698745,2040,8330,708,1718,104,2193,54,741,52,54
"650","2020-04-02",502,8,278,1724,7648,0.476987447698745,2040,8330,708,1718,143,2336,33,774,89,33
"651","2020-04-03",580,8,287,1734,7648,0.476987447698745,2040,8330,708,1718,109,2445,55,829,63,55
"652","2020-04-04",582,8,277,1711,7648,0.476987447698745,2040,8330,708,1718,102,2547,44,873,64,44
"653","2020-04-05",544,8,279,1735,7648,0.476987447698745,2040,8330,708,1718,110,2657,55,928,68,55
"654","2020-04-06",540,8,268,1712,7648,0.476987447698745,2040,8330,708,1718,102,2759,38,966,57,38
"655","2020-04-07",547,8,284,1729,7648,0.476987447698745,2040,8330,708,1718,107,2866,42,1008,66,42
"656","2020-04-08",550,8,290,1666,7648,0.476987447698745,2040,8330,708,1718,91,2957,13,1021,51,13
"657","2020-04-09",558,8,288,1644,7648,0.476987447698745,2040,8330,708,1718,85,3042,18,1039,51,18
"658","2020-04-10",591,8,268,1604,7648,0.476987447698745,2040,8330,708,1718,105,3147,21,1060,56,21
"659","2020-04-11",598,8,253,1593,7648,0.476987447698745,2040,8330,708,1718,90,3237,17,1077,48,17
"660","2020-04-12",584,8,287,1563,7648,0.476987447698745,2040,8330,708,1718,89,3326,16,1093,38,16
"661","2020-04-13",572,8,294,1532,7648,0.476987447698745,2040,8330,708,1718,97,3423,18,1111,49,18
"662","2020-04-14",542,8,312,1512,7648,0.476987447698745,2040,8330,708,1718,82,3505,8,1119,39,8
"663","2020-04-15",533,8,290,1475,7648,0.476987447698745,2040,8330,708,1718,82,3587,16,1135,46,16
"664","2020-04-16",531,8,288,1458,7648,0.476987447698745,2040,8330,708,1718,81,3668,19,1154,35,19
"665","2020-04-17",492,8,291,1409,7648,0.476987447698745,2040,8330,708,1718,82,3750,27,1181,38,27
"666","2020-04-18",475,8,275,1402,7648,0.476987447698745,2040,8330,708,1718,77,3827,63,1244,42,63
"667","2020-04-19",459,8,299,1352,7648,0.476987447698745,2040,8330,708,1718,89,3916,42,1286,37,42
"668","2020-04-20",453,8,266,1287,7648,0.476987447698745,2040,8330,708,1718,76,3992,19,1305,34,19
"669","2020-04-21",435,8,245,1249,7648,0.476987447698745,2040,8330,708,1718,92,4084,18,1323,40,18
"670","2020-04-22",417,8,285,1220,7648,0.476987447698745,2040,8330,708,1718,81,4165,57,1380,45,57
"671","2020-04-23",408,8,289,1190,7648,0.476987447698745,2040,8330,708,1718,78,4243,38,1418,35,38
"672","2020-04-24",436,8,278,1121,7648,0.476987447698745,2040,8330,708,1718,55,4298,16,1434,24,16
"673","2020-04-25",419,8,264,1079,7648,0.476987447698745,2040,8330,708,1718,69,4367,19,1453,37,19
"674","2020-04-26",362,8,262,1024,7648,0.476987447698745,2040,8330,708,1718,67,4434,28,1481,29,28
"675","2020-04-27",350,8,257,965,7648,0.476987447698745,2040,8330,708,1718,76,4510,27,1508,29,27
"676","2020-04-28",346,8,269,941,7648,0.476987447698745,2040,8330,708,1718,64,4574,14,1522,23,14
"677","2020-04-29",335,8,296,896,7648,0.476987447698745,2040,8330,708,1718,51,4625,15,1537,18,15
"678","2020-04-30",326,8,287,859,7648,0.476987447698745,2040,8330,708,1718,58,4683,19,1556,21,19
"679","2020-05-01",296,8,277,825,7648,0.476987447698745,2040,8330,708,1718,61,4744,25,1581,34,25
"680","2020-05-02",311,8,281,779,7648,0.476987447698745,2040,8330,708,1718,56,4800,24,1605,20,24
"681","2020-05-03",287,8,298,750,7648,0.476987447698745,2040,8330,708,1718,51,4851,24,1629,23,24
"682","2020-05-04",266,8,312,708,7648,0.476987447698745,2040,8330,708,1718,56,4907,29,1658,24,29
"683","2020-05-05",255,8,310,658,7648,0.476987447698745,2040,8330,708,1718,51,4958,29,1687,12,29
"684","2020-05-06",255,8,326,635,7648,0.476987447698745,2040,8330,708,1718,38,4996,11,1698,15,11
"685","2020-05-07",239,8,336,622,7648,0.476987447698745,2040,8330,708,1718,42,5038,17,1715,13,17
"686","2020-05-08",230,8,344,593,7648,0.476987447698745,2040,8330,708,1718,46,5084,13,1728,17,13
"687","2020-05-09",223,8,357,579,7648,0.476987447698745,2040,8330,708,1718,40,5124,10,1738,15,10
"688","2020-05-10",196,8,364,573,7648,0.476987447698745,2040,8330,708,1718,34,5158,43,1781,11,43
"689","2020-05-11",184,8,318,535,7648,0.476987447698745,2040,8330,708,1718,38,5196,64,1845,18,64
"690","2020-05-12",175,8,311,501,7648,0.476987447698745,2040,8330,708,1718,33,5229,25,1870,18,25
"691","2020-05-13",173,8,307,484,7648,0.476987447698745,2040,8330,708,1718,42,5271,54,1924,13,55
"692","2020-05-14",168,8,305,474,7648,0.476987447698745,2040,8330,708,1718,48,5319,42,1966,15,42
"693","2020-05-15",149,8,318,443,7648,0.476987447698745,2040,8330,708,1718,32,5351,26,1992,10,26
"694","2020-05-16",134,8,340,410,7648,0.476987447698745,2040,8330,708,1718,36,5387,16,2008,12,16
"695","2020-05-17",135,8,317,366,7648,0.476987447698745,2040,8330,708,1718,29,5416,15,2023,8,15
"696","2020-05-18",123,8,340,349,7648,0.476987447698745,2040,8330,708,1718,33,5449,30,2053,7,30
"697","2020-05-19",128,8,341,319,7648,0.476987447698745,2040,8330,708,1718,42,5491,25,2078,16,25
"698","2020-05-20",113,8,338,312,7648,0.476987447698745,2040,8330,708,1718,31,5522,12,2090,11,12
"699","2020-05-21",106,8,325,314,7648,0.476987447698745,2040,8330,708,1718,18,5540,39,2129,10,39
"700","2020-05-22",100,8,299,291,7648,0.476987447698745,2040,8330,708,1718,32,5572,43,2172,8,43
"701","2020-05-23",97,8,286,277,7648,0.476987447698745,2040,8330,708,1718,20,5592,36,2208,8,36
"702","2020-05-24",91,8,309,266,7648,0.476987447698745,2040,8330,708,1718,21,5613,19,2227,6,19
"703","2020-05-25",89,8,330,257,7648,0.476987447698745,2040,8330,708,1718,14,5627,60,2287,3,60
"704","2020-05-26",75,8,324,251,7648,0.476987447698745,2040,8330,708,1718,25,5652,32,2319,6,32
"705","2020-05-27",76,8,320,234,7648,0.476987447698745,2040,8330,708,1718,22,5674,48,2367,6,48
"706","2020-05-28",79,8,303,230,7648,0.476987447698745,2040,8330,708,1718,15,5689,46,2413,5,46
"707","2020-05-29",78,8,299,208,7648,0.476987447698745,2040,8330,708,1718,19,5708,53,2466,5,53
"708","2020-05-30",86,8,306,201,7648,0.476987447698745,2040,8330,708,1718,22,5730,30,2496,5,30
"709","2020-05-31",82,8,304,186,7648,0.476987447698745,2040,8330,708,1718,27,5757,24,2520,4,24
"710","2020-06-01",84,8,306,183,7648,0.476987447698745,2040,8330,708,1718,16,5773,20,2540,5,20
"711","2020-06-02",83,8,312,160,7648,0.476987447698745,2040,8330,708,1718,22,5795,33,2573,9,33
"712","2020-06-03",78,8,317,151,7648,0.476987447698745,2040,8330,708,1718,8,5803,45,2618,4,45
"713","2020-06-04",70,8,299,145,7648,0.476987447698745,2040,8330,708,1718,22,5825,36,2654,8,36
"714","2020-06-05",65,8,283,150,7648,0.476987447698745,2040,8330,708,1718,9,5834,38,2692,1,38
"715","2020-06-06",55,8,319,143,7648,0.476987447698745,2040,8330,708,1718,12,5846,41,2733,5,41
"716","2020-06-07",51,8,348,131,7648,0.476987447698745,2040,8330,708,1718,16,5862,24,2757,3,24
"717","2020-03-13",1,9,129,65,6778,0.899675420478017,2055,7476,755,1696,23,59,51,109,12,51
"718","2020-03-14",13,9,126,99,6778,0.899675420478017,2055,7476,755,1696,25,84,75,184,12,75
"719","2020-03-15",19,9,175,135,6778,0.899675420478017,2055,7476,755,1696,31,115,39,223,18,39
"720","2020-03-16",17,9,187,192,6778,0.899675420478017,2055,7476,755,1696,45,160,57,280,25,57
"721","2020-03-17",18,9,183,247,6778,0.899675420478017,2055,7476,755,1696,44,204,57,337,29,57
"722","2020-03-18",23,9,209,315,6778,0.899675420478017,2055,7476,755,1696,51,255,33,370,39,33
"723","2020-03-19",30,9,207,387,6778,0.899675420478017,2055,7476,755,1696,51,306,18,388,42,18
"724","2020-03-20",59,9,205,498,6778,0.899675420478017,2055,7476,755,1696,65,371,15,403,53,15
"725","2020-03-21",79,9,218,592,6778,0.899675420478017,2055,7476,755,1696,86,457,4,407,74,4
"726","2020-03-22",134,9,246,704,6778,0.899675420478017,2055,7476,755,1696,61,518,7,414,48,7
"727","2020-03-23",152,9,232,799,6778,0.899675420478017,2055,7476,755,1696,85,603,28,442,66,28
"728","2020-03-24",165,9,207,909,6778,0.899675420478017,2055,7476,755,1696,98,701,60,502,88,60
"729","2020-03-25",191,9,186,1019,6778,0.899675420478017,2055,7476,755,1696,121,822,25,527,105,25
"730","2020-03-26",219,9,173,1119,6778,0.899675420478017,2055,7476,755,1696,104,926,19,546,96,19
"731","2020-03-27",327,9,155,1247,6778,0.899675420478017,2055,7476,755,1696,129,1055,8,554,118,8
"732","2020-03-28",395,9,154,1306,6778,0.899675420478017,2055,7476,755,1696,145,1200,16,570,133,16
"733","2020-03-29",372,9,131,1412,6778,0.899675420478017,2055,7476,755,1696,147,1347,12,582,137,12
"734","2020-03-30",384,9,116,1530,6778,0.899675420478017,2055,7476,755,1696,145,1492,6,588,132,6
"735","2020-03-31",400,9,122,1675,6778,0.899675420478017,2055,7476,755,1696,126,1618,7,595,117,7
"736","2020-04-01",436,9,131,1779,6778,0.899675420478017,2055,7476,755,1696,177,1795,2,597,162,2
"737","2020-04-02",469,9,127,1879,6778,0.899675420478017,2055,7476,755,1696,175,1970,3,600,164,3
"738","2020-04-03",624,9,120,2003,6778,0.899675420478017,2055,7476,755,1696,198,2168,11,611,191,11
"739","2020-04-04",629,9,129,2037,6778,0.899675420478017,2055,7476,755,1696,192,2360,10,621,177,10
"740","2020-04-05",619,9,191,2070,6778,0.899675420478017,2055,7476,755,1696,190,2550,6,627,182,6
"741","2020-04-06",629,9,206,2108,6778,0.899675420478017,2055,7476,755,1696,188,2738,7,634,179,7
"742","2020-04-07",637,9,252,2147,6778,0.899675420478017,2055,7476,755,1696,151,2889,77,711,141,77
"743","2020-04-08",641,9,243,2117,6778,0.899675420478017,2055,7476,755,1696,192,3081,57,768,187,57
"744","2020-04-09",666,9,227,2143,6778,0.899675420478017,2055,7476,755,1696,158,3239,49,817,150,49
"745","2020-04-10",741,9,209,2167,6778,0.899675420478017,2055,7476,755,1696,174,3413,58,875,166,58
"746","2020-04-11",765,9,222,2122,6778,0.899675420478017,2055,7476,755,1696,160,3573,37,912,148,37
"747","2020-04-12",707,9,210,2080,6778,0.899675420478017,2055,7476,755,1696,186,3759,37,949,173,37
"748","2020-04-13",714,9,193,2009,6778,0.899675420478017,2055,7476,755,1696,182,3941,15,964,171,15
"749","2020-04-14",709,9,190,1935,6778,0.899675420478017,2055,7476,755,1696,135,4076,102,1066,127,102
"750","2020-04-15",702,9,197,1821,6778,0.899675420478017,2055,7476,755,1696,122,4198,73,1139,114,73
"751","2020-04-16",691,9,258,1727,6778,0.899675420478017,2055,7476,755,1696,158,4356,44,1183,146,44
"752","2020-04-17",702,9,288,1665,6778,0.899675420478017,2055,7476,755,1696,118,4474,18,1201,110,18
"753","2020-04-18",663,9,270,1588,6778,0.899675420478017,2055,7476,755,1696,142,4616,10,1211,136,10
"754","2020-04-19",599,9,264,1496,6778,0.899675420478017,2055,7476,755,1696,88,4704,12,1223,78,12
"755","2020-04-20",587,9,257,1397,6778,0.899675420478017,2055,7476,755,1696,83,4787,11,1234,75,11
"756","2020-04-21",574,9,232,1331,6778,0.899675420478017,2055,7476,755,1696,129,4916,8,1242,125,8
"757","2020-04-22",551,9,251,1257,6778,0.899675420478017,2055,7476,755,1696,83,4999,43,1285,70,43
"758","2020-04-23",523,9,245,1174,6778,0.899675420478017,2055,7476,755,1696,69,5068,37,1322,64,37
"759","2020-04-24",460,9,259,1108,6778,0.899675420478017,2055,7476,755,1696,74,5142,31,1353,67,31
"760","2020-04-25",444,9,268,1029,6778,0.899675420478017,2055,7476,755,1696,59,5201,22,1375,55,22
"761","2020-04-26",409,9,264,949,6778,0.899675420478017,2055,7476,755,1696,68,5269,15,1390,58,15
"762","2020-04-27",378,9,287,869,6778,0.899675420478017,2055,7476,755,1696,61,5330,8,1398,56,8
"763","2020-04-28",356,9,291,809,6778,0.899675420478017,2055,7476,755,1696,46,5376,29,1427,39,29
"764","2020-04-29",334,9,259,758,6778,0.899675420478017,2055,7476,755,1696,42,5418,29,1456,38,29
"765","2020-04-30",315,9,229,723,6778,0.899675420478017,2055,7476,755,1696,41,5459,45,1501,37,45
"766","2020-05-01",266,9,242,673,6778,0.899675420478017,2055,7476,755,1696,53,5512,34,1535,50,34
"767","2020-05-02",248,9,232,610,6778,0.899675420478017,2055,7476,755,1696,51,5563,15,1550,46,15
"768","2020-05-03",238,9,213,537,6778,0.899675420478017,2055,7476,755,1696,35,5598,15,1565,29,15
"769","2020-05-04",217,9,194,482,6778,0.899675420478017,2055,7476,755,1696,24,5622,39,1604,21,39
"770","2020-05-05",204,9,186,452,6778,0.899675420478017,2055,7476,755,1696,27,5649,76,1680,22,76
"771","2020-05-06",199,9,176,411,6778,0.899675420478017,2055,7476,755,1696,24,5673,52,1732,20,52
"772","2020-05-07",177,9,177,378,6778,0.899675420478017,2055,7476,755,1696,29,5702,15,1747,22,15
"773","2020-05-08",157,9,172,337,6778,0.899675420478017,2055,7476,755,1696,33,5735,17,1764,28,17
"774","2020-05-09",149,9,168,305,6778,0.899675420478017,2055,7476,755,1696,21,5756,8,1772,16,8
"775","2020-05-10",119,9,162,278,6778,0.899675420478017,2055,7476,755,1696,26,5782,12,1784,19,12
"776","2020-05-11",117,9,162,250,6778,0.899675420478017,2055,7476,755,1696,31,5813,8,1792,23,8
"777","2020-05-12",104,9,150,230,6778,0.899675420478017,2055,7476,755,1696,26,5839,23,1815,22,23
"778","2020-05-13",100,9,150,211,6778,0.899675420478017,2055,7476,755,1696,15,5854,60,1875,13,60
"779","2020-05-14",95,9,162,201,6778,0.899675420478017,2055,7476,755,1696,23,5877,85,1960,19,85
"780","2020-05-15",84,9,227,189,6778,0.899675420478017,2055,7476,755,1696,21,5898,35,1995,14,35
"781","2020-05-16",77,9,225,172,6778,0.899675420478017,2055,7476,755,1696,19,5917,19,2014,12,19
"782","2020-05-17",65,9,230,158,6778,0.899675420478017,2055,7476,755,1696,24,5941,11,2025,22,11
"783","2020-05-18",57,9,233,150,6778,0.899675420478017,2055,7476,755,1696,14,5955,15,2040,9,15
"784","2020-05-19",54,9,219,144,6778,0.899675420478017,2055,7476,755,1696,14,5969,14,2054,5,14
"785","2020-05-20",53,9,257,142,6778,0.899675420478017,2055,7476,755,1696,9,5978,73,2127,9,73
"786","2020-05-21",47,9,241,133,6778,0.899675420478017,2055,7476,755,1696,13,5991,41,2168,10,41
"787","2020-05-22",44,9,224,124,6778,0.899675420478017,2055,7476,755,1696,14,6005,25,2193,11,25
"788","2020-05-23",42,9,199,121,6778,0.899675420478017,2055,7476,755,1696,9,6014,22,2215,5,22
"789","2020-05-24",44,9,231,113,6778,0.899675420478017,2055,7476,755,1696,8,6022,36,2251,5,36
"790","2020-05-25",43,9,207,115,6778,0.899675420478017,2055,7476,755,1696,9,6031,42,2293,6,42
"791","2020-05-26",38,9,195,120,6778,0.899675420478017,2055,7476,755,1696,6,6037,42,2335,5,42
"792","2020-05-27",31,9,184,111,6778,0.899675420478017,2055,7476,755,1696,7,6044,30,2365,5,30
"793","2020-05-28",35,9,167,111,6778,0.899675420478017,2055,7476,755,1696,6,6050,15,2380,6,15
"794","2020-05-29",38,9,161,105,6778,0.899675420478017,2055,7476,755,1696,8,6058,8,2388,7,8
"795","2020-05-30",35,9,197,99,6778,0.899675420478017,2055,7476,755,1696,9,6067,16,2404,5,16
"796","2020-05-31",29,9,207,101,6778,0.899675420478017,2055,7476,755,1696,4,6071,46,2450,3,46
"797","2020-06-01",32,9,203,100,6778,0.899675420478017,2055,7476,755,1696,6,6077,30,2480,3,30
"798","2020-06-02",30,9,185,91,6778,0.899675420478017,2055,7476,755,1696,5,6082,69,2549,5,69
"799","2020-06-03",34,9,194,86,6778,0.899675420478017,2055,7476,755,1696,6,6088,53,2602,3,53
"800","2020-06-04",33,9,205,87,6778,0.899675420478017,2055,7476,755,1696,7,6095,59,2661,3,59
"801","2020-06-05",32,9,223,88,6778,0.899675420478017,2055,7476,755,1696,6,6101,22,2683,4,22
"802","2020-06-06",36,9,212,82,6778,0.899675420478017,2055,7476,755,1696,9,6110,25,2708,4,25
"803","2020-06-07",34,9,213,79,6778,0.899675420478017,2055,7476,755,1696,6,6116,53,2761,3,53
"804","2020-03-08",1,10,0,0,6569,0.841832851271122,2025,7091,782,1787,NA,NA,NA,NA,NA,NA
"805","2020-03-09",1,10,0,0,6569,0.841832851271122,2025,7091,782,1787,NA,NA,NA,NA,NA,NA
"806","2020-03-10",0,10,0,0,6569,0.841832851271122,2025,7091,782,1787,NA,NA,5,5,NA,5
"807","2020-03-11",0,10,0,0,6569,0.841832851271122,2025,7091,782,1787,47,47,27,32,1,27
"808","2020-03-12",0,10,0,0,6569,0.841832851271122,2025,7091,782,1787,44,91,15,47,5,15
"809","2020-03-13",2,10,158,56,6569,0.841832851271122,2025,7091,782,1787,59,150,5,52,10,5
"810","2020-03-14",5,10,160,78,6569,0.841832851271122,2025,7091,782,1787,68,218,3,55,23,3
"811","2020-03-15",9,10,150,102,6569,0.841832851271122,2025,7091,782,1787,57,275,26,81,27,26
"812","2020-03-16",12,10,136,151,6569,0.841832851271122,2025,7091,782,1787,82,357,31,112,38,31
"813","2020-03-17",15,10,184,195,6569,0.841832851271122,2025,7091,782,1787,76,433,41,153,44,41
"814","2020-03-18",25,10,197,248,6569,0.841832851271122,2025,7091,782,1787,84,517,40,193,43,40
"815","2020-03-19",32,10,208,310,6569,0.841832851271122,2025,7091,782,1787,103,620,22,215,60,22
"816","2020-03-20",44,10,192,359,6569,0.841832851271122,2025,7091,782,1787,94,714,31,246,61,31
"817","2020-03-21",77,10,221,427,6569,0.841832851271122,2025,7091,782,1787,114,828,20,266,68,20
"818","2020-03-22",89,10,231,495,6569,0.841832851271122,2025,7091,782,1787,126,954,18,284,87,18
"819","2020-03-23",97,10,210,578,6569,0.841832851271122,2025,7091,782,1787,128,1082,33,317,95,33
"820","2020-03-24",104,10,182,656,6569,0.841832851271122,2025,7091,782,1787,156,1238,41,358,108,41
"821","2020-03-25",121,10,165,739,6569,0.841832851271122,2025,7091,782,1787,132,1370,57,415,99,57
"822","2020-03-26",142,10,188,830,6569,0.841832851271122,2025,7091,782,1787,153,1523,52,467,112,52
"823","2020-03-27",218,10,180,937,6569,0.841832851271122,2025,7091,782,1787,110,1633,21,488,84,21
"824","2020-03-28",219,10,197,1044,6569,0.841832851271122,2025,7091,782,1787,182,1815,21,509,147,21
"825","2020-03-29",285,10,200,1173,6569,0.841832851271122,2025,7091,782,1787,167,1982,61,570,129,61
"826","2020-03-30",308,10,219,1299,6569,0.841832851271122,2025,7091,782,1787,143,2125,26,596,103,26
"827","2020-03-31",318,10,203,1394,6569,0.841832851271122,2025,7091,782,1787,170,2295,17,613,131,17
"828","2020-04-01",336,10,200,1502,6569,0.841832851271122,2025,7091,782,1787,148,2443,56,669,119,56
"829","2020-04-02",357,10,194,1602,6569,0.841832851271122,2025,7091,782,1787,176,2619,23,692,136,23
"830","2020-04-03",490,10,189,1708,6569,0.841832851271122,2025,7091,782,1787,167,2786,23,715,125,23
"831","2020-04-04",534,10,176,1756,6569,0.841832851271122,2025,7091,782,1787,162,2948,55,770,122,55
"832","2020-04-05",533,10,201,1831,6569,0.841832851271122,2025,7091,782,1787,181,3129,55,825,130,55
"833","2020-04-06",560,10,227,1933,6569,0.841832851271122,2025,7091,782,1787,169,3298,63,888,132,64
"834","2020-04-07",572,10,231,1973,6569,0.841832851271122,2025,7091,782,1787,140,3438,34,922,114,34
"835","2020-04-08",590,10,270,2065,6569,0.841832851271122,2025,7091,782,1787,151,3589,29,951,125,29
"836","2020-04-09",602,10,279,2097,6569,0.841832851271122,2025,7091,782,1787,170,3759,24,975,132,24
"837","2020-04-10",735,10,258,2155,6569,0.841832851271122,2025,7091,782,1787,160,3919,23,998,123,23
"838","2020-04-11",746,10,250,2148,6569,0.841832851271122,2025,7091,782,1787,125,4044,16,1014,91,16
"839","2020-04-12",681,10,224,2125,6569,0.841832851271122,2025,7091,782,1787,112,4156,47,1061,78,47
"840","2020-04-13",687,10,229,2113,6569,0.841832851271122,2025,7091,782,1787,118,4274,54,1115,95,54
"841","2020-04-14",693,10,236,2069,6569,0.841832851271122,2025,7091,782,1787,123,4397,37,1152,87,37
"842","2020-04-15",705,10,250,2003,6569,0.841832851271122,2025,7091,782,1787,104,4501,45,1197,80,45
"843","2020-04-16",720,10,223,1950,6569,0.841832851271122,2025,7091,782,1787,124,4625,30,1227,93,30
"844","2020-04-17",700,10,204,1894,6569,0.841832851271122,2025,7091,782,1787,95,4720,25,1252,65,25
"845","2020-04-18",693,10,213,1816,6569,0.841832851271122,2025,7091,782,1787,100,4820,62,1314,72,62
"846","2020-04-19",659,10,199,1725,6569,0.841832851271122,2025,7091,782,1787,84,4904,32,1346,45,32
"847","2020-04-20",644,10,236,1622,6569,0.841832851271122,2025,7091,782,1787,88,4992,15,1361,57,15
"848","2020-04-21",615,10,256,1524,6569,0.841832851271122,2025,7091,782,1787,76,5068,70,1431,49,70
"849","2020-04-22",591,10,239,1434,6569,0.841832851271122,2025,7091,782,1787,74,5142,27,1458,50,27
"850","2020-04-23",563,10,240,1336,6569,0.841832851271122,2025,7091,782,1787,61,5203,25,1483,35,25
"851","2020-04-24",521,10,240,1247,6569,0.841832851271122,2025,7091,782,1787,80,5283,51,1534,52,51
"852","2020-04-25",494,10,219,1153,6569,0.841832851271122,2025,7091,782,1787,58,5341,22,1556,29,22
"853","2020-04-26",438,10,208,1046,6569,0.841832851271122,2025,7091,782,1787,68,5409,25,1581,44,25
"854","2020-04-27",420,10,218,955,6569,0.841832851271122,2025,7091,782,1787,52,5461,45,1626,34,45
"855","2020-04-28",395,10,236,885,6569,0.841832851271122,2025,7091,782,1787,44,5505,56,1682,23,56
"856","2020-04-29",377,10,222,824,6569,0.841832851271122,2025,7091,782,1787,47,5552,41,1723,29,41
"857","2020-04-30",356,10,213,744,6569,0.841832851271122,2025,7091,782,1787,35,5587,29,1752,22,29
"858","2020-05-01",292,10,208,678,6569,0.841832851271122,2025,7091,782,1787,45,5632,26,1778,30,26
"859","2020-05-02",264,10,193,605,6569,0.841832851271122,2025,7091,782,1787,41,5673,34,1812,22,34
"860","2020-05-03",238,10,189,567,6569,0.841832851271122,2025,7091,782,1787,46,5719,18,1830,16,18
"861","2020-05-04",212,10,195,527,6569,0.841832851271122,2025,7091,782,1787,42,5761,15,1845,16,15
"862","2020-05-05",208,10,171,493,6569,0.841832851271122,2025,7091,782,1787,35,5796,17,1862,14,17
"863","2020-05-06",186,10,174,464,6569,0.841832851271122,2025,7091,782,1787,46,5842,14,1876,27,14
"864","2020-05-07",185,10,180,425,6569,0.841832851271122,2025,7091,782,1787,38,5880,12,1888,24,12
"865","2020-05-08",165,10,188,384,6569,0.841832851271122,2025,7091,782,1787,34,5914,26,1914,13,26
"866","2020-05-09",173,10,233,347,6569,0.841832851271122,2025,7091,782,1787,45,5959,22,1936,20,22
"867","2020-05-10",148,10,287,308,6569,0.841832851271122,2025,7091,782,1787,26,5985,16,1952,12,16
"868","2020-05-11",135,10,266,284,6569,0.841832851271122,2025,7091,782,1787,36,6021,21,1973,20,21
"869","2020-05-12",123,10,242,259,6569,0.841832851271122,2025,7091,782,1787,24,6045,47,2020,11,47
"870","2020-05-13",118,10,237,236,6569,0.841832851271122,2025,7091,782,1787,32,6077,47,2067,10,47
"871","2020-05-14",100,10,239,218,6569,0.841832851271122,2025,7091,782,1787,18,6095,38,2105,9,38
"872","2020-05-15",92,10,205,205,6569,0.841832851271122,2025,7091,782,1787,25,6120,30,2135,10,30
"873","2020-05-16",81,10,179,189,6569,0.841832851271122,2025,7091,782,1787,17,6137,9,2144,8,9
"874","2020-05-17",66,10,206,186,6569,0.841832851271122,2025,7091,782,1787,22,6159,11,2155,10,11
"875","2020-05-18",61,10,199,175,6569,0.841832851271122,2025,7091,782,1787,19,6178,37,2192,7,37
"876","2020-05-19",57,10,186,160,6569,0.841832851271122,2025,7091,782,1787,20,6198,17,2209,11,17
"877","2020-05-20",55,10,235,162,6569,0.841832851271122,2025,7091,782,1787,17,6215,42,2251,5,42
"878","2020-05-21",52,10,219,156,6569,0.841832851271122,2025,7091,782,1787,19,6234,27,2278,10,27
"879","2020-05-22",47,10,215,144,6569,0.841832851271122,2025,7091,782,1787,20,6254,27,2305,7,27
"880","2020-05-23",44,10,216,136,6569,0.841832851271122,2025,7091,782,1787,21,6275,24,2329,8,24
"881","2020-05-24",48,10,213,132,6569,0.841832851271122,2025,7091,782,1787,23,6298,35,2364,11,35
"882","2020-05-25",40,10,227,125,6569,0.841832851271122,2025,7091,782,1787,25,6323,37,2401,8,37
"883","2020-05-26",38,10,239,123,6569,0.841832851271122,2025,7091,782,1787,21,6344,38,2439,9,38
"884","2020-05-27",37,10,266,115,6569,0.841832851271122,2025,7091,782,1787,20,6364,21,2460,6,21
"885","2020-05-28",38,10,278,111,6569,0.841832851271122,2025,7091,782,1787,14,6378,19,2479,5,19
"886","2020-05-29",47,10,248,109,6569,0.841832851271122,2025,7091,782,1787,14,6392,48,2527,7,48
"887","2020-05-30",50,10,218,103,6569,0.841832851271122,2025,7091,782,1787,22,6414,56,2583,7,56
"888","2020-05-31",42,10,200,104,6569,0.841832851271122,2025,7091,782,1787,12,6426,32,2615,5,32
"889","2020-06-01",46,10,180,96,6569,0.841832851271122,2025,7091,782,1787,16,6442,19,2634,5,19
"890","2020-06-02",44,10,170,93,6569,0.841832851271122,2025,7091,782,1787,11,6453,18,2652,6,18
"891","2020-06-03",43,10,178,90,6569,0.841832851271122,2025,7091,782,1787,8,6461,41,2693,3,41
"892","2020-06-04",43,10,161,83,6569,0.841832851271122,2025,7091,782,1787,10,6471,34,2727,2,34
"893","2020-06-05",35,10,154,74,6569,0.841832851271122,2025,7091,782,1787,13,6484,27,2754,6,27
"894","2020-06-06",33,10,168,69,6569,0.841832851271122,2025,7091,782,1787,17,6501,25,2779,6,25
"895","2020-06-07",31,10,163,62,6569,0.841832851271122,2025,7091,782,1787,10,6511,32,2811,4,32
"896","2020-03-13",3,11,222,171,8018,0.585557495634822,2145,8351,860,1537,85,241,49,114,12,49
"897","2020-03-14",9,11,216,248,8018,0.585557495634822,2145,8351,860,1537,95,336,79,193,20,79
"898","2020-03-15",26,11,242,338,8018,0.585557495634822,2145,8351,860,1537,123,459,73,266,38,73
"899","2020-03-16",39,11,258,432,8018,0.585557495634822,2145,8351,860,1537,145,604,50,316,61,50
"900","2020-03-17",52,11,274,551,8018,0.585557495634822,2145,8351,860,1537,115,719,47,363,41,47
"901","2020-03-18",78,11,259,673,8018,0.585557495634822,2145,8351,860,1537,164,883,58,421,99,58
"902","2020-03-19",104,11,235,786,8018,0.585557495634822,2145,8351,860,1537,186,1069,47,468,112,47
"903","2020-03-20",160,11,208,914,8018,0.585557495634822,2145,8351,860,1537,173,1242,52,520,95,52
"904","2020-03-21",252,11,194,1059,8018,0.585557495634822,2145,8351,860,1537,188,1430,42,562,114,42
"905","2020-03-22",289,11,187,1211,8018,0.585557495634822,2145,8351,860,1537,156,1586,46,608,90,46
"906","2020-03-23",291,11,165,1366,8018,0.585557495634822,2145,8351,860,1537,179,1765,35,643,106,35
"907","2020-03-24",322,11,154,1496,8018,0.585557495634822,2145,8351,860,1537,171,1936,41,684,101,41
"908","2020-03-25",347,11,145,1619,8018,0.585557495634822,2145,8351,860,1537,222,2158,36,720,158,36
"909","2020-03-26",389,11,146,1773,8018,0.585557495634822,2145,8351,860,1537,175,2333,34,754,110,34
"910","2020-03-27",570,11,182,1901,8018,0.585557495634822,2145,8351,860,1537,212,2545,51,805,150,51
"911","2020-03-28",589,11,238,1983,8018,0.585557495634822,2145,8351,860,1537,143,2688,29,834,84,29
"912","2020-03-29",591,11,241,2091,8018,0.585557495634822,2145,8351,860,1537,177,2865,35,869,114,35
"913","2020-03-30",602,11,202,2167,8018,0.585557495634822,2145,8351,860,1537,193,3058,52,921,129,52
"914","2020-03-31",607,11,170,2244,8018,0.585557495634822,2145,8351,860,1537,164,3222,41,962,106,41
"915","2020-04-01",644,11,174,2269,8018,0.585557495634822,2145,8351,860,1537,169,3391,25,987,112,25
"916","2020-04-02",668,11,180,2288,8018,0.585557495634822,2145,8351,860,1537,214,3605,20,1007,148,20
"917","2020-04-03",799,11,169,2324,8018,0.585557495634822,2145,8351,860,1537,118,3723,15,1022,68,15
"918","2020-04-04",817,11,159,2320,8018,0.585557495634822,2145,8351,860,1537,169,3892,36,1058,113,36
"919","2020-04-05",769,11,165,2302,8018,0.585557495634822,2145,8351,860,1537,129,4021,24,1082,78,24
"920","2020-04-06",765,11,156,2289,8018,0.585557495634822,2145,8351,860,1537,170,4191,41,1123,120,41
"921","2020-04-07",754,11,165,2226,8018,0.585557495634822,2145,8351,860,1537,125,4316,52,1175,80,52
"922","2020-04-08",750,11,178,2148,8018,0.585557495634822,2145,8351,860,1537,139,4455,50,1225,83,50
"923","2020-04-09",715,11,224,2086,8018,0.585557495634822,2145,8351,860,1537,107,4562,34,1259,61,34
"924","2020-04-10",751,11,292,2022,8018,0.585557495634822,2145,8351,860,1537,100,4662,23,1282,55,23
"925","2020-04-11",738,11,302,1971,8018,0.585557495634822,2145,8351,860,1537,125,4787,31,1313,77,31
"926","2020-04-12",657,11,291,1876,8018,0.585557495634822,2145,8351,860,1537,99,4886,24,1337,58,24
"927","2020-04-13",645,11,309,1775,8018,0.585557495634822,2145,8351,860,1537,122,5008,35,1372,65,35
"928","2020-04-14",643,11,290,1679,8018,0.585557495634822,2145,8351,860,1537,98,5106,47,1419,50,47
"929","2020-04-15",617,11,259,1596,8018,0.585557495634822,2145,8351,860,1537,87,5193,46,1465,49,46
"930","2020-04-16",615,11,246,1505,8018,0.585557495634822,2145,8351,860,1537,83,5276,25,1490,40,25
"931","2020-04-17",554,11,271,1463,8018,0.585557495634822,2145,8351,860,1537,81,5357,43,1533,38,43
"932","2020-04-18",533,11,262,1370,8018,0.585557495634822,2145,8351,860,1537,84,5441,32,1565,36,32
"933","2020-04-19",483,11,237,1306,8018,0.585557495634822,2145,8351,860,1537,75,5516,44,1609,34,44
"934","2020-04-20",468,11,265,1230,8018,0.585557495634822,2145,8351,860,1537,73,5589,28,1637,36,28
"935","2020-04-21",438,11,261,1156,8018,0.585557495634822,2145,8351,860,1537,54,5643,33,1670,21,33
"936","2020-04-22",412,11,253,1087,8018,0.585557495634822,2145,8351,860,1537,74,5717,34,1704,29,34
"937","2020-04-23",392,11,244,1007,8018,0.585557495634822,2145,8351,860,1537,50,5767,28,1732,15,28
"938","2020-04-24",361,11,216,945,8018,0.585557495634822,2145,8351,860,1537,56,5823,28,1760,21,28
"939","2020-04-25",354,11,203,909,8018,0.585557495634822,2145,8351,860,1537,52,5875,54,1814,23,54
"940","2020-04-26",314,11,189,851,8018,0.585557495634822,2145,8351,860,1537,52,5927,43,1857,23,43
"941","2020-04-27",298,11,199,814,8018,0.585557495634822,2145,8351,860,1537,53,5980,27,1884,21,27
"942","2020-04-28",276,11,220,755,8018,0.585557495634822,2145,8351,860,1537,54,6034,35,1919,20,35
"943","2020-04-29",269,11,231,689,8018,0.585557495634822,2145,8351,860,1537,45,6079,34,1953,16,34
"944","2020-04-30",253,11,300,651,8018,0.585557495634822,2145,8351,860,1537,39,6118,23,1976,15,23
"945","2020-05-01",235,11,273,606,8018,0.585557495634822,2145,8351,860,1537,48,6166,39,2015,14,39
"946","2020-05-02",212,11,228,548,8018,0.585557495634822,2145,8351,860,1537,42,6208,29,2044,10,29
"947","2020-05-03",199,11,225,511,8018,0.585557495634822,2145,8351,860,1537,39,6247,25,2069,9,25
"948","2020-05-04",175,11,262,463,8018,0.585557495634822,2145,8351,860,1537,32,6279,36,2105,12,36
"949","2020-05-05",163,11,250,433,8018,0.585557495634822,2145,8351,860,1537,38,6317,25,2130,10,25
"950","2020-05-06",160,11,240,415,8018,0.585557495634822,2145,8351,860,1537,39,6356,42,2172,9,42
"951","2020-05-07",157,11,242,385,8018,0.585557495634822,2145,8351,860,1537,43,6399,30,2202,10,30
"952","2020-05-08",130,11,225,358,8018,0.585557495634822,2145,8351,860,1537,34,6433,51,2253,7,51
"953","2020-05-09",127,11,206,353,8018,0.585557495634822,2145,8351,860,1537,38,6471,52,2305,14,52
"954","2020-05-10",117,11,182,341,8018,0.585557495634822,2145,8351,860,1537,24,6495,42,2347,7,42
"955","2020-05-11",126,11,243,337,8018,0.585557495634822,2145,8351,860,1537,26,6521,32,2379,8,32
"956","2020-05-12",116,11,235,337,8018,0.585557495634822,2145,8351,860,1537,21,6542,34,2413,6,34
"957","2020-05-13",109,11,215,320,8018,0.585557495634822,2145,8351,860,1537,35,6577,37,2450,6,37
"958","2020-05-14",103,11,202,316,8018,0.585557495634822,2145,8351,860,1537,31,6608,36,2486,5,36
"959","2020-05-15",104,11,251,301,8018,0.585557495634822,2145,8351,860,1537,27,6635,50,2536,4,50
"960","2020-05-16",110,11,236,298,8018,0.585557495634822,2145,8351,860,1537,15,6650,47,2583,4,47
"961","2020-05-17",101,11,236,284,8018,0.585557495634822,2145,8351,860,1537,27,6677,34,2617,11,34
"962","2020-05-18",89,11,262,276,8018,0.585557495634822,2145,8351,860,1537,21,6698,33,2650,10,33
"963","2020-05-19",87,11,259,266,8018,0.585557495634822,2145,8351,860,1537,18,6716,54,2704,8,54
"964","2020-05-20",80,11,251,259,8018,0.585557495634822,2145,8351,860,1537,28,6744,61,2765,9,61
"965","2020-05-21",79,11,273,254,8018,0.585557495634822,2145,8351,860,1537,19,6763,43,2808,5,43
"966","2020-05-22",84,11,257,235,8018,0.585557495634822,2145,8351,860,1537,16,6779,53,2861,5,53
"967","2020-05-23",80,11,249,219,8018,0.585557495634822,2145,8351,860,1537,16,6795,42,2903,6,42
"968","2020-05-24",79,11,276,212,8018,0.585557495634822,2145,8351,860,1537,20,6815,53,2956,7,53
"969","2020-05-25",76,11,289,199,8018,0.585557495634822,2145,8351,860,1537,20,6835,36,2992,4,36
"970","2020-05-26",75,11,307,190,8018,0.585557495634822,2145,8351,860,1537,12,6847,29,3021,4,29
"971","2020-05-27",80,11,283,189,8018,0.585557495634822,2145,8351,860,1537,16,6863,37,3058,3,37
"972","2020-05-28",75,11,250,171,8018,0.585557495634822,2145,8351,860,1537,16,6879,31,3089,1,31
"973","2020-05-29",64,11,215,169,8018,0.585557495634822,2145,8351,860,1537,13,6892,35,3124,2,35
"974","2020-05-30",64,11,203,163,8018,0.585557495634822,2145,8351,860,1537,12,6904,39,3163,3,39
"975","2020-05-31",60,11,223,159,8018,0.585557495634822,2145,8351,860,1537,19,6923,49,3212,6,49
"976","2020-06-01",62,11,209,148,8018,0.585557495634822,2145,8351,860,1537,14,6937,35,3247,5,35
"977","2020-06-02",57,11,190,152,8018,0.585557495634822,2145,8351,860,1537,7,6944,36,3283,1,36
"978","2020-06-03",49,11,175,144,8018,0.585557495634822,2145,8351,860,1537,13,6957,41,3324,3,41
"979","2020-06-04",51,11,164,143,8018,0.585557495634822,2145,8351,860,1537,9,6966,35,3359,3,35
"980","2020-06-05",54,11,129,144,8018,0.585557495634822,2145,8351,860,1537,8,6974,41,3400,NA,41
"981","2020-06-06",52,11,135,134,8018,0.585557495634822,2145,8351,860,1537,7,6981,42,3442,3,42
"982","2020-06-07",50,11,156,123,8018,0.585557495634822,2145,8351,860,1537,9,6990,37,3479,5,37
"983","2020-03-07",2,12,0,0,7524,0.371079213184476,2040,9028,762,1267,NA,NA,NA,NA,NA,NA
"984","2020-03-08",2,12,0,0,7524,0.371079213184476,2040,9028,762,1267,NA,NA,NA,NA,NA,NA
"985","2020-03-09",0,12,0,0,7524,0.371079213184476,2040,9028,762,1267,NA,NA,NA,NA,NA,NA
"986","2020-03-10",0,12,0,0,7524,0.371079213184476,2040,9028,762,1267,NA,NA,10,10,NA,10
"987","2020-03-11",0,12,0,0,7524,0.371079213184476,2040,9028,762,1267,32,32,44,54,3,44
"988","2020-03-12",1,12,59,156,7524,0.371079213184476,2040,9028,762,1267,56,88,48,102,9,48
"989","2020-03-13",5,12,84,224,7524,0.371079213184476,2040,9028,762,1267,61,149,26,128,15,26
"990","2020-03-14",21,12,121,305,7524,0.371079213184476,2040,9028,762,1267,58,207,39,167,21,39
"991","2020-03-15",42,12,148,398,7524,0.371079213184476,2040,9028,762,1267,63,270,24,191,35,24
"992","2020-03-16",56,12,153,495,7524,0.371079213184476,2040,9028,762,1267,49,319,21,212,34,21
"993","2020-03-17",59,12,182,592,7524,0.371079213184476,2040,9028,762,1267,104,423,9,221,61,9
"994","2020-03-18",73,12,178,660,7524,0.371079213184476,2040,9028,762,1267,65,488,36,257,39,36
"995","2020-03-19",96,12,194,773,7524,0.371079213184476,2040,9028,762,1267,100,588,13,270,68,13
"996","2020-03-20",152,12,199,856,7524,0.371079213184476,2040,9028,762,1267,87,675,14,284,54,14
"997","2020-03-21",257,12,201,922,7524,0.371079213184476,2040,9028,762,1267,101,776,15,299,65,15
"998","2020-03-22",266,12,198,1000,7524,0.371079213184476,2040,9028,762,1267,89,865,13,312,59,13
"999","2020-03-23",261,12,188,1093,7524,0.371079213184476,2040,9028,762,1267,109,974,27,339,77,27
"1000","2020-03-24",294,12,165,1153,7524,0.371079213184476,2040,9028,762,1267,123,1097,54,393,93,54
"1001","2020-03-25",325,12,165,1245,7524,0.371079213184476,2040,9028,762,1267,115,1212,54,447,74,54
"1002","2020-03-26",350,12,154,1317,7524,0.371079213184476,2040,9028,762,1267,156,1368,49,496,121,49
"1003","2020-03-27",492,12,169,1375,7524,0.371079213184476,2040,9028,762,1267,153,1521,26,522,115,26
"1004","2020-03-28",452,12,170,1435,7524,0.371079213184476,2040,9028,762,1267,141,1662,21,543,110,21
"1005","2020-03-29",458,12,172,1467,7524,0.371079213184476,2040,9028,762,1267,126,1788,21,564,108,21
"1006","2020-03-30",480,12,157,1487,7524,0.371079213184476,2040,9028,762,1267,135,1923,50,614,108,50
"1007","2020-03-31",465,12,157,1505,7524,0.371079213184476,2040,9028,762,1267,173,2096,28,642,144,28
"1008","2020-04-01",473,12,193,1517,7524,0.371079213184476,2040,9028,762,1267,107,2203,14,656,75,14
"1009","2020-04-02",485,12,232,1503,7524,0.371079213184476,2040,9028,762,1267,168,2371,29,685,143,29
"1010","2020-04-03",571,12,214,1507,7524,0.371079213184476,2040,9028,762,1267,148,2519,40,725,114,40
"1011","2020-04-04",577,12,200,1476,7524,0.371079213184476,2040,9028,762,1267,136,2655,35,760,113,35
"1012","2020-04-05",519,12,214,1474,7524,0.371079213184476,2040,9028,762,1267,112,2767,73,833,85,73
"1013","2020-04-06",508,12,240,1475,7524,0.371079213184476,2040,9028,762,1267,177,2944,67,900,132,67
"1014","2020-04-07",514,12,247,1447,7524,0.371079213184476,2040,9028,762,1267,148,3092,50,950,120,50
"1015","2020-04-08",507,12,248,1432,7524,0.371079213184476,2040,9028,762,1267,127,3219,24,974,99,24
"1016","2020-04-09",500,12,235,1431,7524,0.371079213184476,2040,9028,762,1267,150,3369,25,999,119,25
"1017","2020-04-10",500,12,239,1415,7524,0.371079213184476,2040,9028,762,1267,93,3462,54,1053,74,54
"1018","2020-04-11",502,12,224,1399,7524,0.371079213184476,2040,9028,762,1267,128,3590,57,1110,93,57
"1019","2020-04-12",489,12,224,1380,7524,0.371079213184476,2040,9028,762,1267,123,3713,53,1163,96,53
"1020","2020-04-13",475,12,221,1380,7524,0.371079213184476,2040,9028,762,1267,107,3820,33,1196,71,33
"1021","2020-04-14",467,12,234,1353,7524,0.371079213184476,2040,9028,762,1267,94,3914,18,1214,70,18
"1022","2020-04-15",459,12,242,1315,7524,0.371079213184476,2040,9028,762,1267,134,4048,19,1233,104,19
"1023","2020-04-16",463,12,215,1313,7524,0.371079213184476,2040,9028,762,1267,110,4158,14,1247,80,14
"1024","2020-04-17",457,12,230,1270,7524,0.371079213184476,2040,9028,762,1267,80,4238,62,1309,57,62
"1025","2020-04-18",450,12,213,1243,7524,0.371079213184476,2040,9028,762,1267,91,4329,19,1328,60,19
"1026","2020-04-19",381,12,216,1220,7524,0.371079213184476,2040,9028,762,1267,103,4432,37,1365,68,37
"1027","2020-04-20",374,12,247,1185,7524,0.371079213184476,2040,9028,762,1267,91,4523,66,1431,57,66
"1028","2020-04-21",365,12,280,1146,7524,0.371079213184476,2040,9028,762,1267,57,4580,44,1475,44,44
"1029","2020-04-22",361,12,279,1104,7524,0.371079213184476,2040,9028,762,1267,73,4653,25,1500,49,25
"1030","2020-04-23",340,12,265,1076,7524,0.371079213184476,2040,9028,762,1267,69,4722,22,1522,50,22
"1031","2020-04-24",330,12,273,1052,7524,0.371079213184476,2040,9028,762,1267,98,4820,33,1555,69,33
"1032","2020-04-25",351,12,244,1035,7524,0.371079213184476,2040,9028,762,1267,49,4869,33,1588,30,33
"1033","2020-04-26",355,12,233,973,7524,0.371079213184476,2040,9028,762,1267,57,4926,28,1616,39,28
"1034","2020-04-27",333,12,236,944,7524,0.371079213184476,2040,9028,762,1267,61,4987,16,1632,42,16
"1035","2020-04-28",321,12,238,925,7524,0.371079213184476,2040,9028,762,1267,50,5037,14,1646,25,14
"1036","2020-04-29",318,12,232,902,7524,0.371079213184476,2040,9028,762,1267,49,5086,24,1670,25,24
"1037","2020-04-30",316,12,216,893,7524,0.371079213184476,2040,9028,762,1267,56,5142,23,1693,30,23
"1038","2020-05-01",320,12,228,855,7524,0.371079213184476,2040,9028,762,1267,49,5191,16,1709,31,16
"1039","2020-05-02",286,12,217,812,7524,0.371079213184476,2040,9028,762,1267,46,5237,23,1732,26,23
"1040","2020-05-03",252,12,207,783,7524,0.371079213184476,2040,9028,762,1267,41,5278,34,1766,27,34
"1041","2020-05-04",258,12,218,760,7524,0.371079213184476,2040,9028,762,1267,43,5321,13,1779,22,13
"1042","2020-05-05",249,12,212,732,7524,0.371079213184476,2040,9028,762,1267,43,5364,7,1786,20,7
"1043","2020-05-06",258,12,222,708,7524,0.371079213184476,2040,9028,762,1267,37,5401,27,1813,24,27
"1044","2020-05-07",245,12,215,693,7524,0.371079213184476,2040,9028,762,1267,44,5445,60,1873,21,60
"1045","2020-05-08",235,12,243,673,7524,0.371079213184476,2040,9028,762,1267,33,5478,60,1933,17,60
"1046","2020-05-09",241,12,269,668,7524,0.371079213184476,2040,9028,762,1267,45,5523,56,1989,22,56
"1047","2020-05-10",225,12,278,658,7524,0.371079213184476,2040,9028,762,1267,32,5555,47,2036,17,47
"1048","2020-05-11",213,12,282,629,7524,0.371079213184476,2040,9028,762,1267,47,5602,25,2061,31,25
"1049","2020-05-12",215,12,272,600,7524,0.371079213184476,2040,9028,762,1267,42,5644,35,2096,22,35
"1050","2020-05-13",195,12,274,570,7524,0.371079213184476,2040,9028,762,1267,32,5676,23,2119,17,23
"1051","2020-05-14",190,12,287,548,7524,0.371079213184476,2040,9028,762,1267,34,5710,50,2169,19,50
"1052","2020-05-15",176,12,320,537,7524,0.371079213184476,2040,9028,762,1267,28,5738,31,2200,20,31
"1053","2020-05-16",199,12,309,518,7524,0.371079213184476,2040,9028,762,1267,27,5765,21,2221,17,21
"1054","2020-05-17",193,12,313,485,7524,0.371079213184476,2040,9028,762,1267,29,5794,75,2296,19,75
"1055","2020-05-18",186,12,300,464,7524,0.371079213184476,2040,9028,762,1267,25,5819,53,2349,14,53
"1056","2020-05-19",165,12,292,438,7524,0.371079213184476,2040,9028,762,1267,24,5843,63,2412,8,63
"1057","2020-05-20",156,12,275,412,7524,0.371079213184476,2040,9028,762,1267,38,5881,34,2446,19,34
"1058","2020-05-21",150,12,247,397,7524,0.371079213184476,2040,9028,762,1267,20,5901,32,2478,13,32
"1059","2020-05-22",154,12,223,374,7524,0.371079213184476,2040,9028,762,1267,25,5926,51,2529,15,51
"1060","2020-05-23",135,12,229,366,7524,0.371079213184476,2040,9028,762,1267,23,5949,44,2573,12,44
"1061","2020-05-24",126,12,258,354,7524,0.371079213184476,2040,9028,762,1267,18,5967,29,2602,7,29
"1062","2020-05-25",124,12,251,334,7524,0.371079213184476,2040,9028,762,1267,19,5986,24,2626,10,24
"1063","2020-05-26",114,12,245,326,7524,0.371079213184476,2040,9028,762,1267,16,6002,58,2684,7,58
"1064","2020-05-27",107,12,240,320,7524,0.371079213184476,2040,9028,762,1267,18,6020,58,2742,10,58
"1065","2020-05-28",110,12,226,313,7524,0.371079213184476,2040,9028,762,1267,24,6044,28,2770,11,28
"1066","2020-05-29",104,12,246,300,7524,0.371079213184476,2040,9028,762,1267,23,6067,80,2850,15,80
"1067","2020-05-30",98,12,244,294,7524,0.371079213184476,2040,9028,762,1267,16,6083,41,2891,6,41
"1068","2020-05-31",91,12,227,275,7524,0.371079213184476,2040,9028,762,1267,19,6102,27,2918,11,27
"1069","2020-06-01",77,12,223,254,7524,0.371079213184476,2040,9028,762,1267,15,6117,27,2945,10,27
"1070","2020-06-02",84,12,232,247,7524,0.371079213184476,2040,9028,762,1267,15,6132,31,2976,7,31
"1071","2020-06-03",87,12,252,239,7524,0.371079213184476,2040,9028,762,1267,11,6143,11,2987,5,11
"1072","2020-06-04",86,12,271,237,7524,0.371079213184476,2040,9028,762,1267,5,6148,18,3005,3,18
"1073","2020-06-05",86,12,275,228,7524,0.371079213184476,2040,9028,762,1267,15,6163,27,3032,6,27
"1074","2020-06-06",82,12,284,204,7524,0.371079213184476,2040,9028,762,1267,7,6170,43,3075,3,43
"1075","2020-06-07",77,12,281,200,7524,0.371079213184476,2040,9028,762,1267,9,6179,61,3136,6,61
"1076","2020-03-13",2,13,99,62,6742,0.782557104716701,1980,7490,721,973,60,176,5,22,13,5
"1077","2020-03-14",6,13,128,92,6742,0.782557104716701,1980,7490,721,973,76,252,14,36,19,14
"1078","2020-03-15",8,13,137,125,6742,0.782557104716701,1980,7490,721,973,81,333,24,60,28,24
"1079","2020-03-16",13,13,136,162,6742,0.782557104716701,1980,7490,721,973,68,401,14,74,28,14
"1080","2020-03-17",15,13,119,210,6742,0.782557104716701,1980,7490,721,973,94,495,28,102,53,28
"1081","2020-03-18",21,13,106,256,6742,0.782557104716701,1980,7490,721,973,99,594,22,124,52,22
"1082","2020-03-19",29,13,121,314,6742,0.782557104716701,1980,7490,721,973,104,698,14,138,64,14
"1083","2020-03-20",51,13,124,353,6742,0.782557104716701,1980,7490,721,973,115,813,18,156,69,18
"1084","2020-03-21",71,13,155,405,6742,0.782557104716701,1980,7490,721,973,130,943,36,192,93,36
"1085","2020-03-22",96,13,186,493,6742,0.782557104716701,1980,7490,721,973,143,1086,31,223,96,31
"1086","2020-03-23",109,13,199,593,6742,0.782557104716701,1980,7490,721,973,129,1215,39,262,83,39
"1087","2020-03-24",117,13,201,657,6742,0.782557104716701,1980,7490,721,973,152,1367,44,306,102,44
"1088","2020-03-25",142,13,218,762,6742,0.782557104716701,1980,7490,721,973,161,1528,50,356,123,50
"1089","2020-03-26",156,13,229,836,6742,0.782557104716701,1980,7490,721,973,162,1690,38,394,112,38
"1090","2020-03-27",207,13,246,945,6742,0.782557104716701,1980,7490,721,973,168,1858,39,433,108,39
"1091","2020-03-28",251,13,267,1059,6742,0.782557104716701,1980,7490,721,973,161,2019,25,458,122,25
"1092","2020-03-29",298,13,256,1164,6742,0.782557104716701,1980,7490,721,973,147,2166,34,492,104,34
"1093","2020-03-30",315,13,256,1267,6742,0.782557104716701,1980,7490,721,973,138,2304,15,507,103,15
"1094","2020-03-31",317,13,271,1369,6742,0.782557104716701,1980,7490,721,973,150,2454,22,529,100,22
"1095","2020-04-01",331,13,294,1487,6742,0.782557104716701,1980,7490,721,973,152,2606,28,557,110,28
"1096","2020-04-02",363,13,300,1619,6742,0.782557104716701,1980,7490,721,973,152,2758,30,587,119,30
"1097","2020-04-03",507,13,319,1713,6742,0.782557104716701,1980,7490,721,973,181,2939,47,634,138,47
"1098","2020-04-04",529,13,306,1762,6742,0.782557104716701,1980,7490,721,973,130,3069,49,683,100,49
"1099","2020-04-05",510,13,290,1867,6742,0.782557104716701,1980,7490,721,973,144,3213,25,708,104,25
"1100","2020-04-06",527,13,287,1931,6742,0.782557104716701,1980,7490,721,973,133,3346,35,743,100,35
"1101","2020-04-07",559,13,283,2012,6742,0.782557104716701,1980,7490,721,973,133,3479,35,778,99,35
"1102","2020-04-08",593,13,286,2015,6742,0.782557104716701,1980,7490,721,973,125,3604,22,800,91,22
"1103","2020-04-09",615,13,271,2077,6742,0.782557104716701,1980,7490,721,973,130,3734,21,821,94,21
"1104","2020-04-10",718,13,259,2105,6742,0.782557104716701,1980,7490,721,973,126,3860,24,845,77,24
"1105","2020-04-11",735,13,250,2089,6742,0.782557104716701,1980,7490,721,973,118,3978,26,871,74,26
"1106","2020-04-12",688,13,234,2094,6742,0.782557104716701,1980,7490,721,973,118,4096,40,911,69,40
"1107","2020-04-13",689,13,225,2085,6742,0.782557104716701,1980,7490,721,973,104,4200,47,958,69,47
"1108","2020-04-14",673,13,232,2042,6742,0.782557104716701,1980,7490,721,973,110,4310,23,981,76,23
"1109","2020-04-15",666,13,229,1985,6742,0.782557104716701,1980,7490,721,973,82,4392,25,1006,55,25
"1110","2020-04-16",667,13,225,1929,6742,0.782557104716701,1980,7490,721,973,102,4494,25,1031,59,25
"1111","2020-04-17",694,13,278,1898,6742,0.782557104716701,1980,7490,721,973,91,4585,14,1045,54,14
"1112","2020-04-18",697,13,282,1813,6742,0.782557104716701,1980,7490,721,973,88,4673,11,1056,42,11
"1113","2020-04-19",640,13,284,1743,6742,0.782557104716701,1980,7490,721,973,85,4758,41,1097,51,41
"1114","2020-04-20",617,13,266,1663,6742,0.782557104716701,1980,7490,721,973,81,4839,44,1141,50,44
"1115","2020-04-21",605,13,289,1582,6742,0.782557104716701,1980,7490,721,973,59,4898,55,1196,35,55
"1116","2020-04-22",589,13,300,1522,6742,0.782557104716701,1980,7490,721,973,81,4979,26,1222,44,26
"1117","2020-04-23",560,13,296,1426,6742,0.782557104716701,1980,7490,721,973,79,5058,26,1248,46,26
"1118","2020-04-24",527,13,282,1329,6742,0.782557104716701,1980,7490,721,973,64,5122,14,1262,26,14
"1119","2020-04-25",510,13,245,1242,6742,0.782557104716701,1980,7490,721,973,46,5168,15,1277,24,15
"1120","2020-04-26",477,13,234,1164,6742,0.782557104716701,1980,7490,721,973,62,5230,12,1289,39,12
"1121","2020-04-27",461,13,216,1041,6742,0.782557104716701,1980,7490,721,973,60,5290,18,1307,30,18
"1122","2020-04-28",438,13,223,980,6742,0.782557104716701,1980,7490,721,973,51,5341,31,1338,17,31
"1123","2020-04-29",411,13,242,910,6742,0.782557104716701,1980,7490,721,973,41,5382,24,1362,17,24
"1124","2020-04-30",392,13,284,829,6742,0.782557104716701,1980,7490,721,973,43,5425,16,1378,18,16
"1125","2020-05-01",350,13,313,757,6742,0.782557104716701,1980,7490,721,973,49,5474,18,1396,21,18
"1126","2020-05-02",310,13,326,695,6742,0.782557104716701,1980,7490,721,973,44,5518,10,1406,15,10
"1127","2020-05-03",274,13,308,646,6742,0.782557104716701,1980,7490,721,973,49,5567,13,1419,19,13
"1128","2020-05-04",266,13,324,590,6742,0.782557104716701,1980,7490,721,973,44,5611,14,1433,19,14
"1129","2020-05-05",235,13,308,521,6742,0.782557104716701,1980,7490,721,973,32,5643,7,1440,16,7
"1130","2020-05-06",224,13,305,477,6742,0.782557104716701,1980,7490,721,973,52,5695,16,1456,25,16
"1131","2020-05-07",215,13,305,423,6742,0.782557104716701,1980,7490,721,973,31,5726,42,1498,12,42
"1132","2020-05-08",184,13,273,394,6742,0.782557104716701,1980,7490,721,973,28,5754,32,1530,10,32
"1133","2020-05-09",172,13,269,361,6742,0.782557104716701,1980,7490,721,973,31,5785,37,1567,12,37
"1134","2020-05-10",167,13,293,327,6742,0.782557104716701,1980,7490,721,973,28,5813,26,1593,14,26
"1135","2020-05-11",139,13,282,307,6742,0.782557104716701,1980,7490,721,973,31,5844,38,1631,10,38
"1136","2020-05-12",137,13,285,289,6742,0.782557104716701,1980,7490,721,973,36,5880,16,1647,16,16
"1137","2020-05-13",128,13,289,255,6742,0.782557104716701,1980,7490,721,973,20,5900,19,1666,6,19
"1138","2020-05-14",114,13,298,244,6742,0.782557104716701,1980,7490,721,973,24,5924,9,1675,5,9
"1139","2020-05-15",87,13,279,229,6742,0.782557104716701,1980,7490,721,973,23,5947,20,1695,6,20
"1140","2020-05-16",88,13,288,212,6742,0.782557104716701,1980,7490,721,973,30,5977,9,1704,9,9
"1141","2020-05-17",78,13,272,203,6742,0.782557104716701,1980,7490,721,973,26,6003,16,1720,12,16
"1142","2020-05-18",79,13,255,193,6742,0.782557104716701,1980,7490,721,973,23,6026,51,1771,6,51
"1143","2020-05-19",63,13,256,178,6742,0.782557104716701,1980,7490,721,973,19,6045,19,1790,9,19
"1144","2020-05-20",60,13,261,168,6742,0.782557104716701,1980,7490,721,973,21,6066,45,1835,8,45
"1145","2020-05-21",60,13,266,166,6742,0.782557104716701,1980,7490,721,973,18,6084,31,1866,9,31
"1146","2020-05-22",55,13,265,159,6742,0.782557104716701,1980,7490,721,973,18,6102,43,1909,8,43
"1147","2020-05-23",57,13,287,149,6742,0.782557104716701,1980,7490,721,973,17,6119,32,1941,7,32
"1148","2020-05-24",45,13,318,144,6742,0.782557104716701,1980,7490,721,973,17,6136,42,1983,7,42
"1149","2020-05-25",42,13,333,137,6742,0.782557104716701,1980,7490,721,973,20,6156,33,2016,3,33
"1150","2020-05-26",44,13,347,132,6742,0.782557104716701,1980,7490,721,973,22,6178,28,2044,10,28
"1151","2020-05-27",43,13,386,114,6742,0.782557104716701,1980,7490,721,973,11,6189,21,2065,4,21
"1152","2020-05-28",40,13,383,112,6742,0.782557104716701,1980,7490,721,973,16,6205,22,2087,3,22
"1153","2020-05-29",41,13,378,102,6742,0.782557104716701,1980,7490,721,973,20,6225,11,2098,6,11
"1154","2020-05-30",30,13,364,97,6742,0.782557104716701,1980,7490,721,973,16,6241,17,2115,5,17
"1155","2020-05-31",32,13,338,87,6742,0.782557104716701,1980,7490,721,973,21,6262,27,2142,9,27
"1156","2020-06-01",31,13,313,82,6742,0.782557104716701,1980,7490,721,973,12,6274,34,2176,6,34
"1157","2020-06-02",29,13,316,81,6742,0.782557104716701,1980,7490,721,973,12,6286,20,2196,3,20
"1158","2020-06-03",25,13,305,72,6742,0.782557104716701,1980,7490,721,973,18,6304,22,2218,6,22
"1159","2020-06-04",25,13,288,70,6742,0.782557104716701,1980,7490,721,973,9,6313,18,2236,5,18
"1160","2020-06-05",23,13,275,62,6742,0.782557104716701,1980,7490,721,973,13,6326,32,2268,5,32
"1161","2020-06-06",20,13,247,56,6742,0.782557104716701,1980,7490,721,973,16,6342,32,2300,5,32
"1162","2020-06-07",24,13,248,55,6742,0.782557104716701,1980,7490,721,973,12,6354,41,2341,7,41
"1163","2020-03-14",7,14,138,170,7162,0.797682211672717,1935,7191,627,1320,71,212,23,120,32,23
"1164","2020-03-15",21,14,164,233,7162,0.797682211672717,1935,7191,627,1320,60,272,27,147,37,27
"1165","2020-03-16",30,14,191,299,7162,0.797682211672717,1935,7191,627,1320,111,383,56,203,62,56
"1166","2020-03-17",38,14,212,411,7162,0.797682211672717,1935,7191,627,1320,86,469,61,264,52,61
"1167","2020-03-18",53,14,215,524,7162,0.797682211672717,1935,7191,627,1320,98,567,30,294,64,30
"1168","2020-03-19",74,14,206,638,7162,0.797682211672717,1935,7191,627,1320,98,665,17,311,70,17
"1169","2020-03-20",131,14,209,751,7162,0.797682211672717,1935,7191,627,1320,127,792,29,340,92,29
"1170","2020-03-21",225,14,182,863,7162,0.797682211672717,1935,7191,627,1320,134,926,35,375,95,35
"1171","2020-03-22",258,14,189,1012,7162,0.797682211672717,1935,7191,627,1320,120,1046,45,420,86,45
"1172","2020-03-23",249,14,211,1120,7162,0.797682211672717,1935,7191,627,1320,115,1161,27,447,87,27
"1173","2020-03-24",272,14,198,1232,7162,0.797682211672717,1935,7191,627,1320,130,1291,69,516,105,69
"1174","2020-03-25",295,14,195,1335,7162,0.797682211672717,1935,7191,627,1320,160,1451,39,555,125,39
"1175","2020-03-26",320,14,194,1479,7162,0.797682211672717,1935,7191,627,1320,146,1597,38,593,105,38
"1176","2020-03-27",467,14,201,1587,7162,0.797682211672717,1935,7191,627,1320,184,1781,26,619,139,26
"1177","2020-03-28",460,14,221,1679,7162,0.797682211672717,1935,7191,627,1320,143,1924,22,641,110,22
"1178","2020-03-29",445,14,227,1762,7162,0.797682211672717,1935,7191,627,1320,157,2081,35,676,118,35
"1179","2020-03-30",470,14,238,1868,7162,0.797682211672717,1935,7191,627,1320,144,2225,12,688,112,12
"1180","2020-03-31",490,14,268,1962,7162,0.797682211672717,1935,7191,627,1320,171,2396,11,699,136,11
"1181","2020-04-01",522,14,267,2022,7162,0.797682211672717,1935,7191,627,1320,158,2554,21,720,125,21
"1182","2020-04-02",557,14,304,2039,7162,0.797682211672717,1935,7191,627,1320,173,2727,31,751,142,31
"1183","2020-04-03",646,14,313,2080,7162,0.797682211672717,1935,7191,627,1320,156,2883,30,781,126,30
"1184","2020-04-04",683,14,316,2093,7162,0.797682211672717,1935,7191,627,1320,127,3010,39,820,104,39
"1185","2020-04-05",655,14,289,2112,7162,0.797682211672717,1935,7191,627,1320,133,3143,35,855,103,35
"1186","2020-04-06",651,14,260,2103,7162,0.797682211672717,1935,7191,627,1320,155,3298,26,881,122,26
"1187","2020-04-07",662,14,251,2069,7162,0.797682211672717,1935,7191,627,1320,132,3430,25,906,97,25
"1188","2020-04-08",665,14,231,2029,7162,0.797682211672717,1935,7191,627,1320,124,3554,25,931,92,25
"1189","2020-04-09",667,14,239,2006,7162,0.797682211672717,1935,7191,627,1320,118,3672,49,980,94,49
"1190","2020-04-10",696,14,225,1960,7162,0.797682211672717,1935,7191,627,1320,114,3786,17,997,88,17
"1191","2020-04-11",670,14,240,1904,7162,0.797682211672717,1935,7191,627,1320,129,3915,22,1019,86,22
"1192","2020-04-12",633,14,265,1823,7162,0.797682211672717,1935,7191,627,1320,113,4028,15,1034,95,15
"1193","2020-04-13",626,14,258,1763,7162,0.797682211672717,1935,7191,627,1320,102,4130,16,1050,75,16
"1194","2020-04-14",596,14,269,1684,7162,0.797682211672717,1935,7191,627,1320,95,4225,10,1060,72,10
"1195","2020-04-15",580,14,264,1590,7162,0.797682211672717,1935,7191,627,1320,95,4320,9,1069,59,9
"1196","2020-04-16",569,14,265,1547,7162,0.797682211672717,1935,7191,627,1320,99,4419,36,1105,75,36
"1197","2020-04-17",566,14,299,1479,7162,0.797682211672717,1935,7191,627,1320,80,4499,60,1165,49,60
"1198","2020-04-18",544,14,312,1409,7162,0.797682211672717,1935,7191,627,1320,74,4573,32,1197,49,32
"1199","2020-04-19",473,14,296,1314,7162,0.797682211672717,1935,7191,627,1320,79,4652,12,1209,57,12
"1200","2020-04-20",476,14,274,1257,7162,0.797682211672717,1935,7191,627,1320,76,4728,14,1223,53,14
"1201","2020-04-21",465,14,270,1197,7162,0.797682211672717,1935,7191,627,1320,81,4809,44,1267,54,44
"1202","2020-04-22",458,14,255,1111,7162,0.797682211672717,1935,7191,627,1320,70,4879,51,1318,49,51
"1203","2020-04-23",437,14,252,1042,7162,0.797682211672717,1935,7191,627,1320,72,4951,54,1372,43,54
"1204","2020-04-24",380,14,264,989,7162,0.797682211672717,1935,7191,627,1320,71,5022,25,1397,46,25
"1205","2020-04-25",390,14,251,921,7162,0.797682211672717,1935,7191,627,1320,74,5096,44,1441,44,44
"1206","2020-04-26",369,14,255,847,7162,0.797682211672717,1935,7191,627,1320,58,5154,36,1477,36,36
"1207","2020-04-27",334,14,274,787,7162,0.797682211672717,1935,7191,627,1320,58,5212,17,1494,34,17
"1208","2020-04-28",312,14,257,727,7162,0.797682211672717,1935,7191,627,1320,60,5272,37,1531,38,37
"1209","2020-04-29",283,14,241,670,7162,0.797682211672717,1935,7191,627,1320,71,5343,17,1548,41,17
"1210","2020-04-30",251,14,257,608,7162,0.797682211672717,1935,7191,627,1320,60,5403,24,1572,32,24
"1211","2020-05-01",226,14,313,560,7162,0.797682211672717,1935,7191,627,1320,51,5454,28,1600,26,28
"1212","2020-05-02",208,14,328,526,7162,0.797682211672717,1935,7191,627,1320,58,5512,28,1628,37,28
"1213","2020-05-03",177,14,281,476,7162,0.797682211672717,1935,7191,627,1320,54,5566,37,1665,38,37
"1214","2020-05-04",158,14,279,452,7162,0.797682211672717,1935,7191,627,1320,38,5604,24,1689,21,24
"1215","2020-05-05",149,14,263,419,7162,0.797682211672717,1935,7191,627,1320,37,5641,32,1721,23,32
"1216","2020-05-06",143,14,241,406,7162,0.797682211672717,1935,7191,627,1320,47,5688,20,1741,28,20
"1217","2020-05-07",138,14,223,366,7162,0.797682211672717,1935,7191,627,1320,33,5721,15,1756,20,15
"1218","2020-05-08",129,14,242,328,7162,0.797682211672717,1935,7191,627,1320,48,5769,6,1762,34,6
"1219","2020-05-09",116,14,242,298,7162,0.797682211672717,1935,7191,627,1320,28,5797,14,1776,19,14
"1220","2020-05-10",111,14,229,280,7162,0.797682211672717,1935,7191,627,1320,37,5834,17,1793,21,17
"1221","2020-05-11",111,14,235,263,7162,0.797682211672717,1935,7191,627,1320,35,5869,16,1809,23,16
"1222","2020-05-12",100,14,239,268,7162,0.797682211672717,1935,7191,627,1320,36,5905,9,1818,22,9
"1223","2020-05-13",98,14,229,262,7162,0.797682211672717,1935,7191,627,1320,38,5943,15,1833,18,15
"1224","2020-05-14",92,14,250,254,7162,0.797682211672717,1935,7191,627,1320,27,5970,15,1848,10,15
"1225","2020-05-15",87,14,247,247,7162,0.797682211672717,1935,7191,627,1320,32,6002,11,1859,14,11
"1226","2020-05-16",78,14,220,249,7162,0.797682211672717,1935,7191,627,1320,33,6035,11,1870,12,11
"1227","2020-05-17",81,14,250,241,7162,0.797682211672717,1935,7191,627,1320,23,6058,5,1875,16,5
"1228","2020-05-18",81,14,260,233,7162,0.797682211672717,1935,7191,627,1320,29,6087,35,1910,17,35
"1229","2020-05-19",71,14,246,221,7162,0.797682211672717,1935,7191,627,1320,21,6108,22,1932,9,22
"1230","2020-05-20",73,14,260,215,7162,0.797682211672717,1935,7191,627,1320,16,6124,20,1952,9,20
"1231","2020-05-21",72,14,292,215,7162,0.797682211672717,1935,7191,627,1320,22,6146,62,2014,8,62
"1232","2020-05-22",76,14,317,211,7162,0.797682211672717,1935,7191,627,1320,15,6161,58,2072,11,58
"1233","2020-05-23",76,14,328,193,7162,0.797682211672717,1935,7191,627,1320,18,6179,53,2125,8,53
"1234","2020-05-24",67,14,337,182,7162,0.797682211672717,1935,7191,627,1320,26,6205,36,2161,14,36
"1235","2020-05-25",62,14,312,174,7162,0.797682211672717,1935,7191,627,1320,24,6229,26,2187,10,26
"1236","2020-05-26",66,14,323,161,7162,0.797682211672717,1935,7191,627,1320,14,6243,10,2197,2,10
"1237","2020-05-27",59,14,302,163,7162,0.797682211672717,1935,7191,627,1320,15,6258,8,2205,6,8
"1238","2020-05-28",59,14,290,157,7162,0.797682211672717,1935,7191,627,1320,22,6280,35,2240,11,35
"1239","2020-05-29",51,14,259,152,7162,0.797682211672717,1935,7191,627,1320,14,6294,31,2271,10,31
"1240","2020-05-30",50,14,245,139,7162,0.797682211672717,1935,7191,627,1320,18,6312,16,2287,7,16
"1241","2020-05-31",48,14,241,136,7162,0.797682211672717,1935,7191,627,1320,17,6329,35,2322,10,35
"1242","2020-06-01",48,14,222,127,7162,0.797682211672717,1935,7191,627,1320,17,6346,61,2383,6,61
"1243","2020-06-02",47,14,234,130,7162,0.797682211672717,1935,7191,627,1320,21,6367,28,2411,12,28
"1244","2020-06-03",42,14,256,125,7162,0.797682211672717,1935,7191,627,1320,13,6380,46,2457,8,46
"1245","2020-06-04",46,14,272,129,7162,0.797682211672717,1935,7191,627,1320,12,6392,18,2475,4,18
"1246","2020-06-05",44,14,285,127,7162,0.797682211672717,1935,7191,627,1320,14,6406,14,2489,9,14
"1247","2020-06-06",46,14,278,122,7162,0.797682211672717,1935,7191,627,1320,13,6419,24,2513,7,24
"1248","2020-06-07",50,14,271,118,7162,0.797682211672717,1935,7191,627,1320,13,6432,29,2542,7,29
"1249","2020-03-08",3,15,0,0,8592,0.391294227188082,2010,8854,703,2703,NA,NA,NA,NA,NA,NA
"1250","2020-03-09",3,15,0,0,8592,0.391294227188082,2010,8854,703,2703,NA,NA,NA,NA,NA,NA
"1251","2020-03-10",0,15,0,0,8592,0.391294227188082,2010,8854,703,2703,NA,NA,1,1,NA,1
"1252","2020-03-11",0,15,0,0,8592,0.391294227188082,2010,8854,703,2703,82,82,9,10,NA,9
"1253","2020-03-12",1,15,115,215,8592,0.391294227188082,2010,8854,703,2703,99,181,15,25,3,15
"1254","2020-03-13",14,15,204,318,8592,0.391294227188082,2010,8854,703,2703,103,284,8,33,19,8
"1255","2020-03-14",36,15,215,432,8592,0.391294227188082,2010,8854,703,2703,108,392,8,41,17,8
"1256","2020-03-15",67,15,207,556,8592,0.391294227188082,2010,8854,703,2703,104,496,34,75,37,34
"1257","2020-03-16",87,15,180,662,8592,0.391294227188082,2010,8854,703,2703,122,618,16,91,40,16
"1258","2020-03-17",119,15,170,779,8592,0.391294227188082,2010,8854,703,2703,122,740,29,120,41,29
"1259","2020-03-18",143,15,167,894,8592,0.391294227188082,2010,8854,703,2703,135,875,19,139,53,19
"1260","2020-03-19",182,15,145,1007,8592,0.391294227188082,2010,8854,703,2703,107,982,36,175,51,36
"1261","2020-03-20",260,15,146,1142,8592,0.391294227188082,2010,8854,703,2703,140,1122,18,193,62,18
"1262","2020-03-21",324,15,167,1257,8592,0.391294227188082,2010,8854,703,2703,156,1278,42,235,84,42
"1263","2020-03-22",348,15,205,1386,8592,0.391294227188082,2010,8854,703,2703,131,1409,47,282,52,47
"1264","2020-03-23",365,15,184,1458,8592,0.391294227188082,2010,8854,703,2703,149,1558,45,327,69,45
"1265","2020-03-24",358,15,184,1548,8592,0.391294227188082,2010,8854,703,2703,139,1697,24,351,61,24
"1266","2020-03-25",402,15,185,1621,8592,0.391294227188082,2010,8854,703,2703,139,1836,16,367,64,16
"1267","2020-03-26",423,15,269,1685,8592,0.391294227188082,2010,8854,703,2703,147,1983,19,386,70,19
"1268","2020-03-27",553,15,251,1732,8592,0.391294227188082,2010,8854,703,2703,139,2122,19,405,67,19
"1269","2020-03-28",601,15,245,1766,8592,0.391294227188082,2010,8854,703,2703,151,2273,18,423,69,18
"1270","2020-03-29",591,15,235,1758,8592,0.391294227188082,2010,8854,703,2703,141,2414,40,463,77,40
"1271","2020-03-30",593,15,289,1773,8592,0.391294227188082,2010,8854,703,2703,128,2542,46,509,49,46
"1272","2020-03-31",601,15,292,1762,8592,0.391294227188082,2010,8854,703,2703,139,2681,25,534,65,25
"1273","2020-04-01",590,15,261,1756,8592,0.391294227188082,2010,8854,703,2703,129,2810,21,555,48,21
"1274","2020-04-02",599,15,252,1753,8592,0.391294227188082,2010,8854,703,2703,154,2964,43,598,63,43
"1275","2020-04-03",656,15,229,1735,8592,0.391294227188082,2010,8854,703,2703,144,3108,43,641,60,43
"1276","2020-04-04",636,15,207,1711,8592,0.391294227188082,2010,8854,703,2703,127,3235,28,669,50,28
"1277","2020-04-05",574,15,216,1699,8592,0.391294227188082,2010,8854,703,2703,118,3353,12,681,46,12
"1278","2020-04-06",562,15,203,1659,8592,0.391294227188082,2010,8854,703,2703,122,3475,50,731,54,50
"1279","2020-04-07",566,15,231,1634,8592,0.391294227188082,2010,8854,703,2703,133,3608,25,756,61,25
"1280","2020-04-08",560,15,264,1619,8592,0.391294227188082,2010,8854,703,2703,113,3721,26,782,49,26
"1281","2020-04-09",546,15,258,1581,8592,0.391294227188082,2010,8854,703,2703,119,3840,36,818,47,36
"1282","2020-04-10",544,15,243,1549,8592,0.391294227188082,2010,8854,703,2703,126,3966,15,833,51,15
"1283","2020-04-11",528,15,226,1520,8592,0.391294227188082,2010,8854,703,2703,124,4090,18,851,50,18
"1284","2020-04-12",499,15,219,1479,8592,0.391294227188082,2010,8854,703,2703,106,4196,18,869,45,18
"1285","2020-04-13",479,15,229,1446,8592,0.391294227188082,2010,8854,703,2703,104,4300,19,888,49,19
"1286","2020-04-14",458,15,258,1448,8592,0.391294227188082,2010,8854,703,2703,112,4412,46,934,39,46
"1287","2020-04-15",449,15,264,1403,8592,0.391294227188082,2010,8854,703,2703,100,4512,35,969,41,35
"1288","2020-04-16",456,15,245,1354,8592,0.391294227188082,2010,8854,703,2703,91,4603,29,998,30,29
"1289","2020-04-17",462,15,222,1315,8592,0.391294227188082,2010,8854,703,2703,97,4700,46,1044,40,46
"1290","2020-04-18",459,15,204,1258,8592,0.391294227188082,2010,8854,703,2703,86,4786,42,1086,40,42
"1291","2020-04-19",448,15,199,1228,8592,0.391294227188082,2010,8854,703,2703,100,4886,47,1133,41,47
"1292","2020-04-20",430,15,174,1223,8592,0.391294227188082,2010,8854,703,2703,103,4989,33,1166,23,33
"1293","2020-04-21",410,15,190,1194,8592,0.391294227188082,2010,8854,703,2703,76,5065,47,1213,33,47
"1294","2020-04-22",405,15,212,1183,8592,0.391294227188082,2010,8854,703,2703,62,5127,40,1253,21,40
"1295","2020-04-23",387,15,225,1169,8592,0.391294227188082,2010,8854,703,2703,71,5198,29,1282,18,29
"1296","2020-04-24",380,15,322,1135,8592,0.391294227188082,2010,8854,703,2703,76,5274,12,1294,28,12
"1297","2020-04-25",407,15,387,1118,8592,0.391294227188082,2010,8854,703,2703,59,5333,25,1319,18,25
"1298","2020-04-26",352,15,350,1101,8592,0.391294227188082,2010,8854,703,2703,81,5414,22,1341,24,22
"1299","2020-04-27",343,15,285,1079,8592,0.391294227188082,2010,8854,703,2703,69,5483,54,1395,16,54
"1300","2020-04-28",355,15,264,1049,8592,0.391294227188082,2010,8854,703,2703,61,5544,45,1440,11,45
"1301","2020-04-29",359,15,258,1019,8592,0.391294227188082,2010,8854,703,2703,49,5593,45,1485,16,45
"1302","2020-04-30",354,15,295,986,8592,0.391294227188082,2010,8854,703,2703,33,5626,50,1535,9,50
"1303","2020-05-01",360,15,300,971,8592,0.391294227188082,2010,8854,703,2703,59,5685,64,1599,18,64
"1304","2020-05-02",325,15,335,944,8592,0.391294227188082,2010,8854,703,2703,48,5733,66,1665,11,66
"1305","2020-05-03",307,15,291,907,8592,0.391294227188082,2010,8854,703,2703,63,5796,34,1699,13,34
"1306","2020-05-04",306,15,284,868,8592,0.391294227188082,2010,8854,703,2703,50,5846,32,1731,9,32
"1307","2020-05-05",293,15,310,814,8592,0.391294227188082,2010,8854,703,2703,57,5903,58,1789,12,58
"1308","2020-05-06",274,15,327,795,8592,0.391294227188082,2010,8854,703,2703,48,5951,44,1833,8,44
"1309","2020-05-07",256,15,324,755,8592,0.391294227188082,2010,8854,703,2703,44,5995,19,1852,5,19
"1310","2020-05-08",255,15,308,735,8592,0.391294227188082,2010,8854,703,2703,37,6032,16,1868,8,16
"1311","2020-05-09",259,15,281,691,8592,0.391294227188082,2010,8854,703,2703,46,6078,20,1888,12,20
"1312","2020-05-10",242,15,263,652,8592,0.391294227188082,2010,8854,703,2703,37,6115,29,1917,6,29
"1313","2020-05-11",230,15,268,618,8592,0.391294227188082,2010,8854,703,2703,34,6149,24,1941,7,24
"1314","2020-05-12",211,15,248,598,8592,0.391294227188082,2010,8854,703,2703,36,6185,37,1978,8,37
"1315","2020-05-13",209,15,229,584,8592,0.391294227188082,2010,8854,703,2703,41,6226,38,2016,9,38
"1316","2020-05-14",204,15,238,544,8592,0.391294227188082,2010,8854,703,2703,32,6258,60,2076,10,60
"1317","2020-05-15",184,15,248,508,8592,0.391294227188082,2010,8854,703,2703,36,6294,40,2116,7,40
"1318","2020-05-16",192,15,248,485,8592,0.391294227188082,2010,8854,703,2703,34,6328,55,2171,8,55
"1319","2020-05-17",168,15,293,457,8592,0.391294227188082,2010,8854,703,2703,38,6366,54,2225,5,54
"1320","2020-05-18",153,15,302,424,8592,0.391294227188082,2010,8854,703,2703,19,6385,35,2260,8,35
"1321","2020-05-19",143,15,276,410,8592,0.391294227188082,2010,8854,703,2703,16,6401,18,2278,6,18
"1322","2020-05-20",137,15,257,386,8592,0.391294227188082,2010,8854,703,2703,22,6423,28,2306,6,28
"1323","2020-05-21",131,15,251,381,8592,0.391294227188082,2010,8854,703,2703,19,6442,21,2327,4,21
"1324","2020-05-22",135,15,225,354,8592,0.391294227188082,2010,8854,703,2703,28,6470,17,2344,8,17
"1325","2020-05-23",121,15,226,321,8592,0.391294227188082,2010,8854,703,2703,31,6501,18,2362,6,18
"1326","2020-05-24",115,15,212,310,8592,0.391294227188082,2010,8854,703,2703,26,6527,36,2398,3,36
"1327","2020-05-25",108,15,283,304,8592,0.391294227188082,2010,8854,703,2703,22,6549,14,2412,4,14
"1328","2020-05-26",109,15,310,294,8592,0.391294227188082,2010,8854,703,2703,20,6569,12,2424,2,12
"1329","2020-05-27",108,15,289,287,8592,0.391294227188082,2010,8854,703,2703,23,6592,16,2440,2,16
"1330","2020-05-28",106,15,271,284,8592,0.391294227188082,2010,8854,703,2703,15,6607,20,2460,1,20
"1331","2020-05-29",95,15,243,275,8592,0.391294227188082,2010,8854,703,2703,21,6628,11,2471,5,11
"1332","2020-05-30",78,15,240,262,8592,0.391294227188082,2010,8854,703,2703,20,6648,11,2482,1,11
"1333","2020-05-31",85,15,239,258,8592,0.391294227188082,2010,8854,703,2703,16,6664,12,2494,2,12
"1334","2020-06-01",84,15,271,238,8592,0.391294227188082,2010,8854,703,2703,15,6679,11,2505,5,11
"1335","2020-06-02",78,15,273,232,8592,0.391294227188082,2010,8854,703,2703,15,6694,29,2534,3,29
"1336","2020-06-03",70,15,267,224,8592,0.391294227188082,2010,8854,703,2703,15,6709,43,2577,3,43
"1337","2020-06-04",67,15,237,208,8592,0.391294227188082,2010,8854,703,2703,17,6726,19,2596,3,19
"1338","2020-06-05",62,15,307,188,8592,0.391294227188082,2010,8854,703,2703,11,6737,21,2617,3,21
"1339","2020-06-06",70,15,304,181,8592,0.391294227188082,2010,8854,703,2703,10,6747,16,2633,1,16
"1340","2020-06-07",60,15,287,166,8592,0.391294227188082,2010,8854,703,2703,9,6756,38,2671,2,38
"1341","2020-03-12",2,16,120,68,6812,0.764973576042278,2010,6969,688,1273,59,122,71,132,5,71
"1342","2020-03-13",4,16,121,106,6812,0.764973576042278,2010,6969,688,1273,68,190,70,202,5,70
"1343","2020-03-14",13,16,169,145,6812,0.764973576042278,2010,6969,688,1273,80,270,67,269,25,67
"1344","2020-03-15",16,16,228,184,6812,0.764973576042278,2010,6969,688,1273,100,370,47,316,40,47
"1345","2020-03-16",20,16,238,250,6812,0.764973576042278,2010,6969,688,1273,86,456,37,353,31,37
"1346","2020-03-17",30,16,206,310,6812,0.764973576042278,2010,6969,688,1273,96,552,25,378,52,25
"1347","2020-03-18",48,16,197,381,6812,0.764973576042278,2010,6969,688,1273,102,654,34,412,44,34
"1348","2020-03-19",60,16,173,463,6812,0.764973576042278,2010,6969,688,1273,106,760,36,448,52,36
"1349","2020-03-20",88,16,181,551,6812,0.764973576042278,2010,6969,688,1273,148,908,29,477,97,29
"1350","2020-03-21",100,16,175,651,6812,0.764973576042278,2010,6969,688,1273,141,1049,33,510,81,33
"1351","2020-03-22",178,16,197,747,6812,0.764973576042278,2010,6969,688,1273,128,1177,41,551,85,41
"1352","2020-03-23",196,16,194,852,6812,0.764973576042278,2010,6969,688,1273,164,1341,42,593,92,42
"1353","2020-03-24",187,16,194,985,6812,0.764973576042278,2010,6969,688,1273,138,1479,30,623,79,30
"1354","2020-03-25",201,16,237,1107,6812,0.764973576042278,2010,6969,688,1273,150,1629,22,645,99,22
"1355","2020-03-26",240,16,274,1226,6812,0.764973576042278,2010,6969,688,1273,143,1772,31,676,92,31
"1356","2020-03-27",364,16,289,1340,6812,0.764973576042278,2010,6969,688,1273,172,1944,65,741,117,65
"1357","2020-03-28",395,16,310,1490,6812,0.764973576042278,2010,6969,688,1273,170,2114,58,799,121,58
"1358","2020-03-29",395,16,284,1557,6812,0.764973576042278,2010,6969,688,1273,158,2272,69,868,101,69
"1359","2020-03-30",417,16,263,1703,6812,0.764973576042278,2010,6969,688,1273,145,2417,50,918,91,50
"1360","2020-03-31",437,16,247,1827,6812,0.764973576042278,2010,6969,688,1273,153,2570,46,964,104,46
"1361","2020-04-01",483,16,239,1949,6812,0.764973576042278,2010,6969,688,1273,174,2744,28,992,107,28
"1362","2020-04-02",492,16,224,1994,6812,0.764973576042278,2010,6969,688,1273,146,2890,36,1028,101,36
"1363","2020-04-03",630,16,232,2113,6812,0.764973576042278,2010,6969,688,1273,140,3030,34,1062,89,34
"1364","2020-04-04",663,16,231,2176,6812,0.764973576042278,2010,6969,688,1273,144,3174,32,1094,97,32
"1365","2020-04-05",688,16,245,2201,6812,0.764973576042278,2010,6969,688,1273,162,3336,36,1130,104,36
"1366","2020-04-06",704,16,233,2240,6812,0.764973576042278,2010,6969,688,1273,133,3469,28,1158,95,28
"1367","2020-04-07",698,16,220,2232,6812,0.764973576042278,2010,6969,688,1273,153,3622,39,1197,113,39
"1368","2020-04-08",704,16,220,2250,6812,0.764973576042278,2010,6969,688,1273,106,3728,45,1242,65,45
"1369","2020-04-09",734,16,227,2255,6812,0.764973576042278,2010,6969,688,1273,133,3861,33,1275,102,33
"1370","2020-04-10",821,16,260,2209,6812,0.764973576042278,2010,6969,688,1273,112,3973,22,1297,64,22
"1371","2020-04-11",844,16,262,2149,6812,0.764973576042278,2010,6969,688,1273,133,4106,32,1329,77,32
"1372","2020-04-12",746,16,242,2075,6812,0.764973576042278,2010,6969,688,1273,111,4217,47,1376,60,47
"1373","2020-04-13",742,16,263,1993,6812,0.764973576042278,2010,6969,688,1273,131,4348,32,1408,91,32
"1374","2020-04-14",735,16,294,1913,6812,0.764973576042278,2010,6969,688,1273,106,4454,38,1446,64,38
"1375","2020-04-15",713,16,283,1786,6812,0.764973576042278,2010,6969,688,1273,105,4559,38,1484,68,38
"1376","2020-04-16",682,16,291,1729,6812,0.764973576042278,2010,6969,688,1273,115,4674,25,1509,59,25
"1377","2020-04-17",623,16,296,1615,6812,0.764973576042278,2010,6969,688,1273,82,4756,29,1538,40,29
"1378","2020-04-18",599,16,279,1507,6812,0.764973576042278,2010,6969,688,1273,108,4864,32,1570,61,32
"1379","2020-04-19",546,16,247,1414,6812,0.764973576042278,2010,6969,688,1273,97,4961,41,1611,49,41
"1380","2020-04-20",524,16,239,1301,6812,0.764973576042278,2010,6969,688,1273,80,5041,26,1637,47,26
"1381","2020-04-21",507,16,253,1187,6812,0.764973576042278,2010,6969,688,1273,83,5124,19,1656,38,19
"1382","2020-04-22",478,16,266,1063,6812,0.764973576042278,2010,6969,688,1273,94,5218,46,1702,49,46
"1383","2020-04-23",456,16,261,973,6812,0.764973576042278,2010,6969,688,1273,74,5292,32,1734,38,32
"1384","2020-04-24",404,16,260,908,6812,0.764973576042278,2010,6969,688,1273,69,5361,25,1759,37,25
"1385","2020-04-25",362,16,244,850,6812,0.764973576042278,2010,6969,688,1273,70,5431,30,1789,38,30
"1386","2020-04-26",325,16,239,771,6812,0.764973576042278,2010,6969,688,1273,56,5487,20,1809,25,20
"1387","2020-04-27",306,16,250,714,6812,0.764973576042278,2010,6969,688,1273,56,5543,26,1835,27,26
"1388","2020-04-28",276,16,236,671,6812,0.764973576042278,2010,6969,688,1273,54,5597,39,1874,20,39
"1389","2020-04-29",267,16,221,613,6812,0.764973576042278,2010,6969,688,1273,54,5651,32,1906,25,32
"1390","2020-04-30",254,16,248,554,6812,0.764973576042278,2010,6969,688,1273,55,5706,33,1939,19,33
"1391","2020-05-01",205,16,282,523,6812,0.764973576042278,2010,6969,688,1273,48,5754,27,1966,21,27
"1392","2020-05-02",216,16,282,483,6812,0.764973576042278,2010,6969,688,1273,50,5804,24,1990,24,24
"1393","2020-05-03",204,16,256,435,6812,0.764973576042278,2010,6969,688,1273,56,5860,35,2025,21,35
"1394","2020-05-04",181,16,233,398,6812,0.764973576042278,2010,6969,688,1273,42,5902,44,2069,22,44
"1395","2020-05-05",171,16,219,379,6812,0.764973576042278,2010,6969,688,1273,49,5951,34,2103,22,34
"1396","2020-05-06",157,16,218,339,6812,0.764973576042278,2010,6969,688,1273,44,5995,39,2142,19,39
"1397","2020-05-07",139,16,217,320,6812,0.764973576042278,2010,6969,688,1273,42,6037,41,2183,14,41
"1398","2020-05-08",131,16,216,297,6812,0.764973576042278,2010,6969,688,1273,32,6069,45,2228,10,45
"1399","2020-05-09",119,16,226,281,6812,0.764973576042278,2010,6969,688,1273,39,6108,46,2274,15,46
"1400","2020-05-10",99,16,230,265,6812,0.764973576042278,2010,6969,688,1273,47,6155,35,2309,14,35
"1401","2020-05-11",96,16,233,242,6812,0.764973576042278,2010,6969,688,1273,25,6180,27,2336,12,27
"1402","2020-05-12",88,16,231,224,6812,0.764973576042278,2010,6969,688,1273,19,6199,24,2360,6,24
"1403","2020-05-13",82,16,230,202,6812,0.764973576042278,2010,6969,688,1273,30,6229,28,2388,9,28
"1404","2020-05-14",82,16,223,192,6812,0.764973576042278,2010,6969,688,1273,31,6260,36,2424,8,36
"1405","2020-05-15",69,16,206,181,6812,0.764973576042278,2010,6969,688,1273,22,6282,48,2472,10,48
"1406","2020-05-16",66,16,218,168,6812,0.764973576042278,2010,6969,688,1273,18,6300,55,2527,5,55
"1407","2020-05-17",57,16,221,165,6812,0.764973576042278,2010,6969,688,1273,19,6319,39,2566,6,39
"1408","2020-05-18",48,16,256,162,6812,0.764973576042278,2010,6969,688,1273,26,6345,48,2614,10,48
"1409","2020-05-19",50,16,303,160,6812,0.764973576042278,2010,6969,688,1273,22,6367,42,2656,4,42
"1410","2020-05-20",51,16,296,151,6812,0.764973576042278,2010,6969,688,1273,20,6387,35,2691,5,35
"1411","2020-05-21",44,16,295,142,6812,0.764973576042278,2010,6969,688,1273,31,6418,29,2720,9,29
"1412","2020-05-22",46,16,282,142,6812,0.764973576042278,2010,6969,688,1273,12,6430,24,2744,5,24
"1413","2020-05-23",38,16,291,141,6812,0.764973576042278,2010,6969,688,1273,19,6449,31,2775,4,31
"1414","2020-05-24",45,16,286,118,6812,0.764973576042278,2010,6969,688,1273,21,6470,50,2825,7,50
"1415","2020-05-25",48,16,283,129,6812,0.764973576042278,2010,6969,688,1273,14,6484,59,2884,5,59
"1416","2020-05-26",40,16,271,130,6812,0.764973576042278,2010,6969,688,1273,22,6506,48,2932,9,48
"1417","2020-05-27",39,16,267,130,6812,0.764973576042278,2010,6969,688,1273,8,6514,44,2976,2,44
"1418","2020-05-28",45,16,244,122,6812,0.764973576042278,2010,6969,688,1273,17,6531,37,3013,3,37
"1419","2020-05-29",48,16,266,118,6812,0.764973576042278,2010,6969,688,1273,11,6542,29,3042,4,29
"1420","2020-05-30",48,16,259,114,6812,0.764973576042278,2010,6969,688,1273,7,6549,49,3091,1,49
"1421","2020-05-31",45,16,273,111,6812,0.764973576042278,2010,6969,688,1273,13,6562,46,3137,3,46
"1422","2020-06-01",40,16,299,101,6812,0.764973576042278,2010,6969,688,1273,11,6573,24,3161,3,24
"1423","2020-06-02",34,16,292,91,6812,0.764973576042278,2010,6969,688,1273,6,6579,59,3220,2,59
"1424","2020-06-03",36,16,279,86,6812,0.764973576042278,2010,6969,688,1273,10,6589,33,3253,1,33
"1425","2020-06-04",31,16,275,82,6812,0.764973576042278,2010,6969,688,1273,12,6601,36,3289,4,36
"1426","2020-06-05",30,16,250,73,6812,0.764973576042278,2010,6969,688,1273,18,6619,25,3314,4,25
"1427","2020-06-06",29,16,257,73,6812,0.764973576042278,2010,6969,688,1273,12,6631,60,3374,3,60
"1428","2020-06-07",25,16,247,69,6812,0.764973576042278,2010,6969,688,1273,8,6639,46,3420,1,46
"1429","2020-03-12",2,17,120,138,7395,0.548613928329953,2055,8506,648,1633,26,43,35,83,18,35
"1430","2020-03-13",9,17,142,216,7395,0.548613928329953,2055,8506,648,1633,22,65,21,104,12,21
"1431","2020-03-14",41,17,167,289,7395,0.548613928329953,2055,8506,648,1633,34,99,15,119,19,15
"1432","2020-03-15",60,17,190,367,7395,0.548613928329953,2055,8506,648,1633,36,135,52,171,30,52
"1433","2020-03-16",56,17,186,453,7395,0.548613928329953,2055,8506,648,1633,57,192,42,213,49,42
"1434","2020-03-17",71,17,193,550,7395,0.548613928329953,2055,8506,648,1633,57,249,23,236,43,23
"1435","2020-03-18",96,17,193,669,7395,0.548613928329953,2055,8506,648,1633,74,323,49,285,62,49
"1436","2020-03-19",109,17,206,789,7395,0.548613928329953,2055,8506,648,1633,78,401,31,316,69,31
"1437","2020-03-20",196,17,232,906,7395,0.548613928329953,2055,8506,648,1633,117,518,21,337,98,21
"1438","2020-03-21",241,17,271,983,7395,0.548613928329953,2055,8506,648,1633,111,629,46,383,103,46
"1439","2020-03-22",265,17,247,1107,7395,0.548613928329953,2055,8506,648,1633,126,755,53,436,111,53
"1440","2020-03-23",284,17,221,1198,7395,0.548613928329953,2055,8506,648,1633,119,874,32,468,109,32
"1441","2020-03-24",298,17,229,1289,7395,0.548613928329953,2055,8506,648,1633,143,1017,19,487,132,19
"1442","2020-03-25",326,17,230,1380,7395,0.548613928329953,2055,8506,648,1633,138,1155,10,497,130,10
"1443","2020-03-26",371,17,251,1452,7395,0.548613928329953,2055,8506,648,1633,146,1301,7,504,136,7
"1444","2020-03-27",475,17,242,1551,7395,0.548613928329953,2055,8506,648,1633,176,1477,11,515,163,11
"1445","2020-03-28",523,17,240,1637,7395,0.548613928329953,2055,8506,648,1633,151,1628,10,525,143,10
"1446","2020-03-29",524,17,232,1681,7395,0.548613928329953,2055,8506,648,1633,182,1810,5,530,170,5
"1447","2020-03-30",532,17,202,1756,7395,0.548613928329953,2055,8506,648,1633,195,2005,8,538,183,8
"1448","2020-03-31",538,17,242,1788,7395,0.548613928329953,2055,8506,648,1633,245,2250,13,551,238,13
"1449","2020-04-01",545,17,240,1837,7395,0.548613928329953,2055,8506,648,1633,206,2456,14,565,190,14
"1450","2020-04-02",547,17,234,1881,7395,0.548613928329953,2055,8506,648,1633,216,2672,14,579,205,14
"1451","2020-04-03",676,17,233,1882,7395,0.548613928329953,2055,8506,648,1633,246,2918,6,585,238,6
"1452","2020-04-04",669,17,238,1894,7395,0.548613928329953,2055,8506,648,1633,182,3100,20,605,178,20
"1453","2020-04-05",613,17,226,1887,7395,0.548613928329953,2055,8506,648,1633,175,3275,60,665,171,60
"1454","2020-04-06",625,17,209,1858,7395,0.548613928329953,2055,8506,648,1633,202,3477,44,709,190,44
"1455","2020-04-07",634,17,200,1822,7395,0.548613928329953,2055,8506,648,1633,202,3679,55,764,198,55
"1456","2020-04-08",639,17,213,1784,7395,0.548613928329953,2055,8506,648,1633,150,3829,27,791,142,27
"1457","2020-04-09",646,17,220,1723,7395,0.548613928329953,2055,8506,648,1633,196,4025,18,809,185,18
"1458","2020-04-10",625,17,234,1704,7395,0.548613928329953,2055,8506,648,1633,199,4224,11,820,190,11
"1459","2020-04-11",609,17,222,1647,7395,0.548613928329953,2055,8506,648,1633,142,4366,25,845,133,25
"1460","2020-04-12",569,17,194,1602,7395,0.548613928329953,2055,8506,648,1633,170,4536,21,866,162,21
"1461","2020-04-13",542,17,206,1534,7395,0.548613928329953,2055,8506,648,1633,147,4683,16,882,142,16
"1462","2020-04-14",524,17,271,1465,7395,0.548613928329953,2055,8506,648,1633,144,4827,9,891,138,9
"1463","2020-04-15",522,17,262,1389,7395,0.548613928329953,2055,8506,648,1633,91,4918,28,919,83,28
"1464","2020-04-16",490,17,241,1368,7395,0.548613928329953,2055,8506,648,1633,110,5028,65,984,101,65
"1465","2020-04-17",476,17,228,1318,7395,0.548613928329953,2055,8506,648,1633,142,5170,59,1043,130,59
"1466","2020-04-18",472,17,254,1279,7395,0.548613928329953,2055,8506,648,1633,84,5254,40,1083,79,40
"1467","2020-04-19",431,17,254,1219,7395,0.548613928329953,2055,8506,648,1633,95,5349,20,1103,88,20
"1468","2020-04-20",406,17,243,1192,7395,0.548613928329953,2055,8506,648,1633,80,5429,23,1126,76,23
"1469","2020-04-21",386,17,248,1143,7395,0.548613928329953,2055,8506,648,1633,92,5521,19,1145,86,19
"1470","2020-04-22",371,17,242,1095,7395,0.548613928329953,2055,8506,648,1633,64,5585,35,1180,59,35
"1471","2020-04-23",375,17,250,1070,7395,0.548613928329953,2055,8506,648,1633,76,5661,24,1204,70,24
"1472","2020-04-24",349,17,239,1011,7395,0.548613928329953,2055,8506,648,1633,69,5730,46,1250,66,46
"1473","2020-04-25",330,17,248,947,7395,0.548613928329953,2055,8506,648,1633,58,5788,45,1295,50,45
"1474","2020-04-26",322,17,250,883,7395,0.548613928329953,2055,8506,648,1633,51,5839,28,1323,45,28
"1475","2020-04-27",309,17,238,831,7395,0.548613928329953,2055,8506,648,1633,51,5890,50,1373,49,50
"1476","2020-04-28",303,17,224,783,7395,0.548613928329953,2055,8506,648,1633,34,5924,40,1413,32,40
"1477","2020-04-29",274,17,210,747,7395,0.548613928329953,2055,8506,648,1633,54,5978,21,1434,44,21
"1478","2020-04-30",267,17,203,696,7395,0.548613928329953,2055,8506,648,1633,44,6022,15,1449,38,15
"1479","2020-05-01",248,17,178,681,7395,0.548613928329953,2055,8506,648,1633,35,6057,30,1479,31,30
"1480","2020-05-02",255,17,169,637,7395,0.548613928329953,2055,8506,648,1633,31,6088,16,1495,27,16
"1481","2020-05-03",235,17,193,631,7395,0.548613928329953,2055,8506,648,1633,24,6112,15,1510,18,15
"1482","2020-05-04",230,17,200,613,7395,0.548613928329953,2055,8506,648,1633,28,6140,8,1518,24,8
"1483","2020-05-05",218,17,211,576,7395,0.548613928329953,2055,8506,648,1633,24,6164,17,1535,23,17
"1484","2020-05-06",216,17,266,556,7395,0.548613928329953,2055,8506,648,1633,15,6179,7,1542,14,7
"1485","2020-05-07",201,17,292,530,7395,0.548613928329953,2055,8506,648,1633,18,6197,18,1560,14,18
"1486","2020-05-08",188,17,283,504,7395,0.548613928329953,2055,8506,648,1633,16,6213,15,1575,12,15
"1487","2020-05-09",176,17,297,475,7395,0.548613928329953,2055,8506,648,1633,12,6225,16,1591,9,16
"1488","2020-05-10",173,17,293,460,7395,0.548613928329953,2055,8506,648,1633,11,6236,11,1602,7,11
"1489","2020-05-11",179,17,313,442,7395,0.548613928329953,2055,8506,648,1633,12,6248,11,1613,9,11
"1490","2020-05-12",164,17,294,414,7395,0.548613928329953,2055,8506,648,1633,16,6264,9,1622,14,9
"1491","2020-05-13",167,17,267,408,7395,0.548613928329953,2055,8506,648,1633,11,6275,11,1633,8,11
"1492","2020-05-14",161,17,278,385,7395,0.548613928329953,2055,8506,648,1633,14,6289,15,1648,11,15
"1493","2020-05-15",155,17,257,370,7395,0.548613928329953,2055,8506,648,1633,16,6305,59,1707,12,59
"1494","2020-05-16",153,17,239,360,7395,0.548613928329953,2055,8506,648,1633,10,6315,37,1744,9,37
"1495","2020-05-17",131,17,223,333,7395,0.548613928329953,2055,8506,648,1633,11,6326,21,1765,7,21
"1496","2020-05-18",120,17,192,313,7395,0.548613928329953,2055,8506,648,1633,15,6341,16,1781,12,16
"1497","2020-05-19",121,17,156,291,7395,0.548613928329953,2055,8506,648,1633,11,6352,15,1796,9,15
"1498","2020-05-20",109,17,150,282,7395,0.548613928329953,2055,8506,648,1633,11,6363,48,1844,11,48
"1499","2020-05-21",106,17,140,265,7395,0.548613928329953,2055,8506,648,1633,13,6376,19,1863,8,19
"1500","2020-05-22",93,17,140,272,7395,0.548613928329953,2055,8506,648,1633,8,6384,19,1882,8,19
"1501","2020-05-23",82,17,132,264,7395,0.548613928329953,2055,8506,648,1633,5,6389,10,1892,3,10
"1502","2020-05-24",98,17,174,257,7395,0.548613928329953,2055,8506,648,1633,8,6397,52,1944,8,52
"1503","2020-05-25",92,17,201,246,7395,0.548613928329953,2055,8506,648,1633,11,6408,18,1962,11,18
"1504","2020-05-26",87,17,253,231,7395,0.548613928329953,2055,8506,648,1633,16,6424,16,1978,16,16
"1505","2020-05-27",86,17,248,221,7395,0.548613928329953,2055,8506,648,1633,5,6429,15,1993,3,15
"1506","2020-05-28",89,17,255,211,7395,0.548613928329953,2055,8506,648,1633,6,6435,9,2002,4,9
"1507","2020-05-29",88,17,278,199,7395,0.548613928329953,2055,8506,648,1633,9,6444,10,2012,7,10
"1508","2020-05-30",96,17,270,196,7395,0.548613928329953,2055,8506,648,1633,4,6448,40,2052,4,40
"1509","2020-05-31",73,17,257,191,7395,0.548613928329953,2055,8506,648,1633,10,6458,39,2091,9,39
"1510","2020-06-01",67,17,242,185,7395,0.548613928329953,2055,8506,648,1633,7,6465,19,2110,4,19
"1511","2020-06-02",62,17,236,181,7395,0.548613928329953,2055,8506,648,1633,11,6476,17,2127,7,17
"1512","2020-06-03",66,17,212,175,7395,0.548613928329953,2055,8506,648,1633,8,6484,32,2159,7,32
"1513","2020-06-04",57,17,195,167,7395,0.548613928329953,2055,8506,648,1633,6,6490,28,2187,5,28
"1514","2020-06-05",72,17,198,164,7395,0.548613928329953,2055,8506,648,1633,6,6496,41,2228,6,41
"1515","2020-06-06",71,17,205,153,7395,0.548613928329953,2055,8506,648,1633,4,6500,27,2255,4,27
"1516","2020-06-07",68,17,204,151,7395,0.548613928329953,2055,8506,648,1633,5,6505,30,2285,4,30
"1517","2020-03-14",8,18,108,141,6659,0.732992941883166,1995,7659,618,2053,22,78,18,132,7,18
"1518","2020-03-15",18,18,151,182,6659,0.732992941883166,1995,7659,618,2053,24,102,11,143,14,11
"1519","2020-03-16",27,18,216,240,6659,0.732992941883166,1995,7659,618,2053,49,151,11,154,26,11
"1520","2020-03-17",35,18,276,306,6659,0.732992941883166,1995,7659,618,2053,45,196,52,206,24,52
"1521","2020-03-18",46,18,294,360,6659,0.732992941883166,1995,7659,618,2053,54,250,33,239,38,33
"1522","2020-03-19",57,18,237,422,6659,0.732992941883166,1995,7659,618,2053,66,316,30,269,52,30
"1523","2020-03-20",98,18,258,478,6659,0.732992941883166,1995,7659,618,2053,54,370,33,302,45,33
"1524","2020-03-21",118,18,254,549,6659,0.732992941883166,1995,7659,618,2053,74,444,37,339,65,37
"1525","2020-03-22",155,18,225,640,6659,0.732992941883166,1995,7659,618,2053,82,526,37,376,63,37
"1526","2020-03-23",155,18,209,712,6659,0.732992941883166,1995,7659,618,2053,103,629,22,398,85,22
"1527","2020-03-24",161,18,199,766,6659,0.732992941883166,1995,7659,618,2053,110,739,21,419,96,21
"1528","2020-03-25",177,18,196,850,6659,0.732992941883166,1995,7659,618,2053,116,855,9,428,107,9
"1529","2020-03-26",200,18,195,930,6659,0.732992941883166,1995,7659,618,2053,123,978,38,466,109,38
"1530","2020-03-27",260,18,196,1011,6659,0.732992941883166,1995,7659,618,2053,152,1130,24,490,134,24
"1531","2020-03-28",322,18,196,1095,6659,0.732992941883166,1995,7659,618,2053,142,1272,48,538,135,48
"1532","2020-03-29",323,18,223,1184,6659,0.732992941883166,1995,7659,618,2053,186,1458,20,558,168,20
"1533","2020-03-30",323,18,229,1261,6659,0.732992941883166,1995,7659,618,2053,177,1635,50,608,163,50
"1534","2020-03-31",327,18,248,1357,6659,0.732992941883166,1995,7659,618,2053,174,1809,32,640,156,32
"1535","2020-04-01",359,18,246,1463,6659,0.732992941883166,1995,7659,618,2053,177,1986,21,661,164,21
"1536","2020-04-02",368,18,243,1530,6659,0.732992941883166,1995,7659,618,2053,187,2173,17,678,176,17
"1537","2020-04-03",482,18,219,1582,6659,0.732992941883166,1995,7659,618,2053,213,2386,22,700,196,22
"1538","2020-04-04",525,18,202,1641,6659,0.732992941883166,1995,7659,618,2053,172,2558,22,722,160,22
"1539","2020-04-05",500,18,177,1703,6659,0.732992941883166,1995,7659,618,2053,188,2746,34,756,175,34
"1540","2020-04-06",507,18,167,1746,6659,0.732992941883166,1995,7659,618,2053,246,2992,40,796,223,40
"1541","2020-04-07",530,18,189,1804,6659,0.732992941883166,1995,7659,618,2053,178,3170,38,834,161,38
"1542","2020-04-08",524,18,201,1862,6659,0.732992941883166,1995,7659,618,2053,243,3413,51,885,227,51
"1543","2020-04-09",553,18,215,1862,6659,0.732992941883166,1995,7659,618,2053,192,3605,41,926,178,41
"1544","2020-04-10",631,18,210,1866,6659,0.732992941883166,1995,7659,618,2053,205,3810,26,952,194,26
"1545","2020-04-11",603,18,207,1844,6659,0.732992941883166,1995,7659,618,2053,185,3995,21,973,176,21
"1546","2020-04-12",604,18,255,1848,6659,0.732992941883166,1995,7659,618,2053,143,4138,12,985,138,12
"1547","2020-04-13",624,18,252,1813,6659,0.732992941883166,1995,7659,618,2053,192,4330,24,1009,175,24
"1548","2020-04-14",604,18,246,1759,6659,0.732992941883166,1995,7659,618,2053,156,4486,30,1039,146,30
"1549","2020-04-15",620,18,212,1694,6659,0.732992941883166,1995,7659,618,2053,130,4616,32,1071,121,32
"1550","2020-04-16",600,18,236,1652,6659,0.732992941883166,1995,7659,618,2053,146,4762,12,1083,134,12
"1551","2020-04-17",586,18,295,1617,6659,0.732992941883166,1995,7659,618,2053,129,4891,13,1096,119,13
"1552","2020-04-18",585,18,275,1539,6659,0.732992941883166,1995,7659,618,2053,126,5017,24,1120,113,24
"1553","2020-04-19",518,18,264,1482,6659,0.732992941883166,1995,7659,618,2053,92,5109,22,1142,84,22
"1554","2020-04-20",494,18,252,1433,6659,0.732992941883166,1995,7659,618,2053,92,5201,34,1176,88,34
"1555","2020-04-21",505,18,233,1357,6659,0.732992941883166,1995,7659,618,2053,92,5293,35,1211,86,35
"1556","2020-04-22",478,18,244,1269,6659,0.732992941883166,1995,7659,618,2053,79,5372,35,1246,73,35
"1557","2020-04-23",470,18,225,1194,6659,0.732992941883166,1995,7659,618,2053,65,5437,28,1274,55,28
"1558","2020-04-24",456,18,216,1146,6659,0.732992941883166,1995,7659,618,2053,76,5513,17,1291,66,17
"1559","2020-04-25",437,18,266,1078,6659,0.732992941883166,1995,7659,618,2053,63,5576,16,1307,57,16
"1560","2020-04-26",402,18,254,1008,6659,0.732992941883166,1995,7659,618,2053,44,5620,19,1326,39,19
"1561","2020-04-27",386,18,241,947,6659,0.732992941883166,1995,7659,618,2053,53,5673,15,1341,44,15
"1562","2020-04-28",349,18,227,888,6659,0.732992941883166,1995,7659,618,2053,37,5710,37,1378,29,37
"1563","2020-04-29",339,18,242,831,6659,0.732992941883166,1995,7659,618,2053,50,5760,16,1394,43,16
"1564","2020-04-30",323,18,253,777,6659,0.732992941883166,1995,7659,618,2053,39,5799,18,1412,34,18
"1565","2020-05-01",274,18,257,748,6659,0.732992941883166,1995,7659,618,2053,40,5839,14,1426,34,14
"1566","2020-05-02",256,18,260,714,6659,0.732992941883166,1995,7659,618,2053,23,5862,20,1446,16,20
"1567","2020-05-03",223,18,224,658,6659,0.732992941883166,1995,7659,618,2053,32,5894,10,1456,24,10
"1568","2020-05-04",204,18,217,611,6659,0.732992941883166,1995,7659,618,2053,32,5926,10,1466,29,10
"1569","2020-05-05",195,18,198,569,6659,0.732992941883166,1995,7659,618,2053,32,5958,11,1477,20,11
"1570","2020-05-06",178,18,241,563,6659,0.732992941883166,1995,7659,618,2053,26,5984,14,1491,18,14
"1571","2020-05-07",170,18,245,520,6659,0.732992941883166,1995,7659,618,2053,24,6008,9,1500,17,9
"1572","2020-05-08",159,18,244,506,6659,0.732992941883166,1995,7659,618,2053,19,6027,19,1519,14,19
"1573","2020-05-09",162,18,210,481,6659,0.732992941883166,1995,7659,618,2053,13,6040,22,1541,10,22
"1574","2020-05-10",171,18,207,468,6659,0.732992941883166,1995,7659,618,2053,13,6053,63,1604,8,63
"1575","2020-05-11",165,18,199,436,6659,0.732992941883166,1995,7659,618,2053,16,6069,25,1629,9,25
"1576","2020-05-12",164,18,172,417,6659,0.732992941883166,1995,7659,618,2053,13,6082,11,1640,8,11
"1577","2020-05-13",161,18,175,383,6659,0.732992941883166,1995,7659,618,2053,10,6092,16,1656,8,16
"1578","2020-05-14",151,18,160,363,6659,0.732992941883166,1995,7659,618,2053,18,6110,13,1669,12,13
"1579","2020-05-15",153,18,173,345,6659,0.732992941883166,1995,7659,618,2053,11,6121,6,1675,6,6
"1580","2020-05-16",139,18,156,327,6659,0.732992941883166,1995,7659,618,2053,14,6135,7,1682,10,7
"1581","2020-05-17",111,18,146,309,6659,0.732992941883166,1995,7659,618,2053,16,6151,30,1712,9,30
"1582","2020-05-18",101,18,161,282,6659,0.732992941883166,1995,7659,618,2053,14,6165,16,1728,13,16
"1583","2020-05-19",94,18,171,269,6659,0.732992941883166,1995,7659,618,2053,10,6175,10,1738,6,10
"1584","2020-05-20",90,18,219,250,6659,0.732992941883166,1995,7659,618,2053,12,6187,55,1793,5,55
"1585","2020-05-21",87,18,233,228,6659,0.732992941883166,1995,7659,618,2053,9,6196,27,1820,4,27
"1586","2020-05-22",77,18,230,215,6659,0.732992941883166,1995,7659,618,2053,12,6208,18,1838,9,18
"1587","2020-05-23",80,18,266,200,6659,0.732992941883166,1995,7659,618,2053,8,6216,30,1868,3,30
"1588","2020-05-24",70,18,260,190,6659,0.732992941883166,1995,7659,618,2053,7,6223,19,1887,5,19
"1589","2020-05-25",77,18,275,185,6659,0.732992941883166,1995,7659,618,2053,6,6229,26,1913,3,26
"1590","2020-05-26",68,18,267,171,6659,0.732992941883166,1995,7659,618,2053,10,6239,31,1944,6,31
"1591","2020-05-27",65,18,241,161,6659,0.732992941883166,1995,7659,618,2053,8,6247,49,1993,3,49
"1592","2020-05-28",61,18,222,151,6659,0.732992941883166,1995,7659,618,2053,8,6255,58,2051,2,58
"1593","2020-05-29",54,18,203,151,6659,0.732992941883166,1995,7659,618,2053,7,6262,17,2068,5,17
"1594","2020-05-30",53,18,200,151,6659,0.732992941883166,1995,7659,618,2053,5,6267,17,2085,3,17
"1595","2020-05-31",50,18,244,133,6659,0.732992941883166,1995,7659,618,2053,8,6275,15,2100,5,15
"1596","2020-06-01",39,18,267,134,6659,0.732992941883166,1995,7659,618,2053,8,6283,7,2107,6,7
"1597","2020-06-02",37,18,246,141,6659,0.732992941883166,1995,7659,618,2053,7,6290,12,2119,2,12
"1598","2020-06-03",34,18,232,138,6659,0.732992941883166,1995,7659,618,2053,7,6297,20,2139,5,20
"1599","2020-06-04",34,18,210,130,6659,0.732992941883166,1995,7659,618,2053,2,6299,16,2155,1,16
"1600","2020-06-05",37,18,192,125,6659,0.732992941883166,1995,7659,618,2053,3,6302,13,2168,2,13
"1601","2020-06-06",29,18,174,124,6659,0.732992941883166,1995,7659,618,2053,2,6304,34,2202,1,34
"1602","2020-06-07",30,18,166,117,6659,0.732992941883166,1995,7659,618,2053,2,6306,19,2221,2,19
"1603","2020-03-12",2,19,78,120,6639,0.415875884922428,2130,8742,629,1116,61,113,62,123,4,62
"1604","2020-03-13",9,19,77,192,6639,0.415875884922428,2130,8742,629,1116,59,172,63,186,14,63
"1605","2020-03-14",23,19,104,256,6639,0.415875884922428,2130,8742,629,1116,77,249,36,222,17,36
"1606","2020-03-15",34,19,113,326,6639,0.415875884922428,2130,8742,629,1116,90,339,56,278,29,56
"1607","2020-03-16",42,19,90,412,6639,0.415875884922428,2130,8742,629,1116,94,433,51,329,49,51
"1608","2020-03-17",53,19,73,502,6639,0.415875884922428,2130,8742,629,1116,122,555,52,381,77,52
"1609","2020-03-18",71,19,103,585,6639,0.415875884922428,2130,8742,629,1116,127,682,35,416,69,35
"1610","2020-03-19",94,19,123,666,6639,0.415875884922428,2130,8742,629,1116,128,810,22,438,83,22
"1611","2020-03-20",142,19,169,739,6639,0.415875884922428,2130,8742,629,1116,155,965,22,460,107,22
"1612","2020-03-21",200,19,207,830,6639,0.415875884922428,2130,8742,629,1116,172,1137,19,479,114,19
"1613","2020-03-22",223,19,207,926,6639,0.415875884922428,2130,8742,629,1116,186,1323,23,502,138,23
"1614","2020-03-23",218,19,204,995,6639,0.415875884922428,2130,8742,629,1116,194,1517,10,512,142,10
"1615","2020-03-24",233,19,244,1042,6639,0.415875884922428,2130,8742,629,1116,201,1718,25,537,137,25
"1616","2020-03-25",257,19,215,1109,6639,0.415875884922428,2130,8742,629,1116,189,1907,14,551,148,14
"1617","2020-03-26",279,19,216,1157,6639,0.415875884922428,2130,8742,629,1116,247,2154,13,564,202,13
"1618","2020-03-27",362,19,217,1178,6639,0.415875884922428,2130,8742,629,1116,210,2364,57,621,178,57
"1619","2020-03-28",409,19,229,1203,6639,0.415875884922428,2130,8742,629,1116,205,2569,67,688,161,67
"1620","2020-03-29",399,19,227,1241,6639,0.415875884922428,2130,8742,629,1116,240,2809,26,714,197,26
"1621","2020-03-30",405,19,249,1280,6639,0.415875884922428,2130,8742,629,1116,218,3027,13,727,175,13
"1622","2020-03-31",404,19,254,1289,6639,0.415875884922428,2130,8742,629,1116,232,3259,14,741,198,14
"1623","2020-04-01",419,19,275,1284,6639,0.415875884922428,2130,8742,629,1116,189,3448,23,764,152,23
"1624","2020-04-02",409,19,264,1336,6639,0.415875884922428,2130,8742,629,1116,187,3635,26,790,149,26
"1625","2020-04-03",478,19,283,1322,6639,0.415875884922428,2130,8742,629,1116,210,3845,18,808,161,18
"1626","2020-04-04",446,19,273,1305,6639,0.415875884922428,2130,8742,629,1116,176,4021,21,829,144,21
"1627","2020-04-05",395,19,291,1326,6639,0.415875884922428,2130,8742,629,1116,190,4211,16,845,144,16
"1628","2020-04-06",406,19,268,1318,6639,0.415875884922428,2130,8742,629,1116,175,4386,11,856,134,11
"1629","2020-04-07",418,19,266,1308,6639,0.415875884922428,2130,8742,629,1116,155,4541,21,877,127,21
"1630","2020-04-08",402,19,229,1287,6639,0.415875884922428,2130,8742,629,1116,137,4678,27,904,104,27
"1631","2020-04-09",398,19,206,1248,6639,0.415875884922428,2130,8742,629,1116,143,4821,67,971,105,67
"1632","2020-04-10",438,19,206,1237,6639,0.415875884922428,2130,8742,629,1116,141,4962,71,1042,99,71
"1633","2020-04-11",443,19,193,1205,6639,0.415875884922428,2130,8742,629,1116,133,5095,55,1097,110,55
"1634","2020-04-12",432,19,182,1176,6639,0.415875884922428,2130,8742,629,1116,96,5191,45,1142,66,45
"1635","2020-04-13",412,19,176,1168,6639,0.415875884922428,2130,8742,629,1116,105,5296,46,1188,77,46
"1636","2020-04-14",388,19,155,1151,6639,0.415875884922428,2130,8742,629,1116,117,5413,26,1214,85,26
"1637","2020-04-15",394,19,159,1124,6639,0.415875884922428,2130,8742,629,1116,81,5494,25,1239,62,25
"1638","2020-04-16",396,19,153,1099,6639,0.415875884922428,2130,8742,629,1116,88,5582,23,1262,63,23
"1639","2020-04-17",375,19,171,1075,6639,0.415875884922428,2130,8742,629,1116,93,5675,44,1306,68,44
"1640","2020-04-18",388,19,226,1039,6639,0.415875884922428,2130,8742,629,1116,65,5740,35,1341,48,35
"1641","2020-04-19",374,19,249,1033,6639,0.415875884922428,2130,8742,629,1116,83,5823,16,1357,56,16
"1642","2020-04-20",362,19,228,1008,6639,0.415875884922428,2130,8742,629,1116,80,5903,58,1415,45,58
"1643","2020-04-21",355,19,213,1007,6639,0.415875884922428,2130,8742,629,1116,66,5969,39,1454,34,39
"1644","2020-04-22",333,19,241,993,6639,0.415875884922428,2130,8742,629,1116,50,6019,28,1482,26,28
"1645","2020-04-23",334,19,241,972,6639,0.415875884922428,2130,8742,629,1116,54,6073,18,1500,33,18
"1646","2020-04-24",344,19,230,935,6639,0.415875884922428,2130,8742,629,1116,66,6139,7,1507,42,7
"1647","2020-04-25",316,19,219,922,6639,0.415875884922428,2130,8742,629,1116,58,6197,16,1523,24,16
"1648","2020-04-26",293,19,230,919,6639,0.415875884922428,2130,8742,629,1116,43,6240,15,1538,19,15
"1649","2020-04-27",293,19,213,892,6639,0.415875884922428,2130,8742,629,1116,44,6284,23,1561,24,23
"1650","2020-04-28",281,19,208,855,6639,0.415875884922428,2130,8742,629,1116,32,6316,39,1600,17,39
"1651","2020-04-29",286,19,191,832,6639,0.415875884922428,2130,8742,629,1116,28,6344,33,1633,15,33
"1652","2020-04-30",285,19,181,818,6639,0.415875884922428,2130,8742,629,1116,37,6381,87,1720,9,87
"1653","2020-05-01",279,19,173,807,6639,0.415875884922428,2130,8742,629,1116,37,6418,27,1747,11,27
"1654","2020-05-02",280,19,185,783,6639,0.415875884922428,2130,8742,629,1116,24,6442,12,1759,8,12
"1655","2020-05-03",272,19,203,751,6639,0.415875884922428,2130,8742,629,1116,30,6472,22,1781,9,22
"1656","2020-05-04",263,19,213,743,6639,0.415875884922428,2130,8742,629,1116,19,6491,58,1839,6,58
"1657","2020-05-05",266,19,195,720,6639,0.415875884922428,2130,8742,629,1116,21,6512,23,1862,4,23
"1658","2020-05-06",265,19,187,680,6639,0.415875884922428,2130,8742,629,1116,31,6543,19,1881,14,19
"1659","2020-05-07",248,19,173,658,6639,0.415875884922428,2130,8742,629,1116,32,6575,33,1914,13,33
"1660","2020-05-08",245,19,170,651,6639,0.415875884922428,2130,8742,629,1116,21,6596,22,1936,6,22
"1661","2020-05-09",238,19,153,623,6639,0.415875884922428,2130,8742,629,1116,36,6632,15,1951,9,15
"1662","2020-05-10",232,19,192,599,6639,0.415875884922428,2130,8742,629,1116,21,6653,21,1972,6,21
"1663","2020-05-11",225,19,240,578,6639,0.415875884922428,2130,8742,629,1116,22,6675,56,2028,9,56
"1664","2020-05-12",207,19,248,549,6639,0.415875884922428,2130,8742,629,1116,22,6697,29,2057,6,29
"1665","2020-05-13",191,19,268,530,6639,0.415875884922428,2130,8742,629,1116,15,6712,19,2076,NA,19
"1666","2020-05-14",194,19,259,519,6639,0.415875884922428,2130,8742,629,1116,32,6744,21,2097,9,21
"1667","2020-05-15",175,19,240,502,6639,0.415875884922428,2130,8742,629,1116,16,6760,60,2157,6,60
"1668","2020-05-16",172,19,210,498,6639,0.415875884922428,2130,8742,629,1116,31,6791,28,2185,8,28
"1669","2020-05-17",154,19,194,463,6639,0.415875884922428,2130,8742,629,1116,12,6803,21,2206,4,21
"1670","2020-05-18",155,19,210,445,6639,0.415875884922428,2130,8742,629,1116,19,6822,51,2257,4,51
"1671","2020-05-19",156,19,207,455,6639,0.415875884922428,2130,8742,629,1116,14,6836,30,2287,7,30
"1672","2020-05-20",153,19,199,433,6639,0.415875884922428,2130,8742,629,1116,18,6854,39,2326,5,39
"1673","2020-05-21",152,19,217,412,6639,0.415875884922428,2130,8742,629,1116,13,6867,62,2388,4,62
"1674","2020-05-22",143,19,232,402,6639,0.415875884922428,2130,8742,629,1116,11,6878,33,2421,3,33
"1675","2020-05-23",140,19,244,378,6639,0.415875884922428,2130,8742,629,1116,12,6890,22,2443,2,22
"1676","2020-05-24",138,19,220,367,6639,0.415875884922428,2130,8742,629,1116,23,6913,47,2490,8,47
"1677","2020-05-25",130,19,236,351,6639,0.415875884922428,2130,8742,629,1116,13,6926,61,2551,2,61
"1678","2020-05-26",118,19,230,320,6639,0.415875884922428,2130,8742,629,1116,11,6937,62,2613,4,62
"1679","2020-05-27",117,19,248,297,6639,0.415875884922428,2130,8742,629,1116,14,6951,24,2637,7,24
"1680","2020-05-28",107,19,259,281,6639,0.415875884922428,2130,8742,629,1116,11,6962,21,2658,8,21
"1681","2020-05-29",102,19,258,264,6639,0.415875884922428,2130,8742,629,1116,15,6977,13,2671,4,13
"1682","2020-05-30",109,19,259,257,6639,0.415875884922428,2130,8742,629,1116,14,6991,25,2696,3,25
"1683","2020-05-31",89,19,234,259,6639,0.415875884922428,2130,8742,629,1116,11,7002,40,2736,1,40
"1684","2020-06-01",85,19,213,247,6639,0.415875884922428,2130,8742,629,1116,7,7009,26,2762,1,26
"1685","2020-06-02",88,19,214,248,6639,0.415875884922428,2130,8742,629,1116,15,7024,17,2779,6,17
"1686","2020-06-03",86,19,218,226,6639,0.415875884922428,2130,8742,629,1116,8,7032,12,2791,4,12
"1687","2020-06-04",90,19,220,226,6639,0.415875884922428,2130,8742,629,1116,11,7043,7,2798,6,7
"1688","2020-06-05",85,19,229,215,6639,0.415875884922428,2130,8742,629,1116,10,7053,7,2805,2,7
"1689","2020-06-06",72,19,228,206,6639,0.415875884922428,2130,8742,629,1116,3,7056,16,2821,NA,16
"1690","2020-06-07",84,19,210,195,6639,0.415875884922428,2130,8742,629,1116,6,7062,40,2861,3,40
"1691","2020-03-13",2,20,156,59,6345,0.87123719464145,2040,7087,676,1840,17,62,38,79,5,38
"1692","2020-03-14",6,20,220,84,6345,0.87123719464145,2040,7087,676,1840,30,92,38,117,12,38
"1693","2020-03-15",9,20,214,114,6345,0.87123719464145,2040,7087,676,1840,33,125,29,146,13,29
"1694","2020-03-16",11,20,245,159,6345,0.87123719464145,2040,7087,676,1840,37,162,25,171,16,25
"1695","2020-03-17",13,20,253,203,6345,0.87123719464145,2040,7087,676,1840,49,211,14,185,31,14
"1696","2020-03-18",19,20,248,253,6345,0.87123719464145,2040,7087,676,1840,48,259,11,196,29,11
"1697","2020-03-19",27,20,207,296,6345,0.87123719464145,2040,7087,676,1840,62,321,28,224,40,28
"1698","2020-03-20",48,20,187,353,6345,0.87123719464145,2040,7087,676,1840,47,368,24,248,29,24
"1699","2020-03-21",57,20,165,431,6345,0.87123719464145,2040,7087,676,1840,65,433,33,281,48,33
"1700","2020-03-22",89,20,165,479,6345,0.87123719464145,2040,7087,676,1840,103,536,50,331,73,50
"1701","2020-03-23",99,20,164,544,6345,0.87123719464145,2040,7087,676,1840,114,650,39,370,91,39
"1702","2020-03-24",103,20,212,613,6345,0.87123719464145,2040,7087,676,1840,98,748,45,415,81,45
"1703","2020-03-25",120,20,211,710,6345,0.87123719464145,2040,7087,676,1840,130,878,48,463,106,48
"1704","2020-03-26",132,20,199,775,6345,0.87123719464145,2040,7087,676,1840,112,990,43,506,87,43
"1705","2020-03-27",183,20,168,866,6345,0.87123719464145,2040,7087,676,1840,147,1137,57,563,125,57
"1706","2020-03-28",253,20,162,951,6345,0.87123719464145,2040,7087,676,1840,166,1303,62,625,133,62
"1707","2020-03-29",266,20,158,1051,6345,0.87123719464145,2040,7087,676,1840,161,1464,48,673,143,48
"1708","2020-03-30",269,20,155,1147,6345,0.87123719464145,2040,7087,676,1840,174,1638,43,716,151,43
"1709","2020-03-31",287,20,136,1198,6345,0.87123719464145,2040,7087,676,1840,177,1815,54,770,158,54
"1710","2020-04-01",318,20,113,1302,6345,0.87123719464145,2040,7087,676,1840,191,2006,63,833,174,63
"1711","2020-04-02",347,20,111,1407,6345,0.87123719464145,2040,7087,676,1840,213,2219,51,884,193,51
"1712","2020-04-03",470,20,113,1506,6345,0.87123719464145,2040,7087,676,1840,185,2404,62,946,169,62
"1713","2020-04-04",455,20,125,1615,6345,0.87123719464145,2040,7087,676,1840,176,2580,49,995,155,49
"1714","2020-04-05",474,20,127,1702,6345,0.87123719464145,2040,7087,676,1840,232,2812,38,1033,211,38
"1715","2020-04-06",499,20,124,1770,6345,0.87123719464145,2040,7087,676,1840,203,3015,36,1069,183,36
"1716","2020-04-07",502,20,205,1778,6345,0.87123719464145,2040,7087,676,1840,217,3232,46,1115,203,46
"1717","2020-04-08",516,20,243,1861,6345,0.87123719464145,2040,7087,676,1840,154,3386,53,1168,140,53
"1718","2020-04-09",527,20,281,1874,6345,0.87123719464145,2040,7087,676,1840,205,3591,28,1196,191,28
"1719","2020-04-10",616,20,285,1890,6345,0.87123719464145,2040,7087,676,1840,199,3790,39,1235,181,39
"1720","2020-04-11",656,20,273,1891,6345,0.87123719464145,2040,7087,676,1840,173,3963,32,1267,160,32
"1721","2020-04-12",609,20,261,1918,6345,0.87123719464145,2040,7087,676,1840,176,4139,25,1292,158,25
"1722","2020-04-13",606,20,253,1933,6345,0.87123719464145,2040,7087,676,1840,182,4321,25,1317,160,25
"1723","2020-04-14",594,20,330,1893,6345,0.87123719464145,2040,7087,676,1840,140,4461,33,1350,124,33
"1724","2020-04-15",610,20,371,1833,6345,0.87123719464145,2040,7087,676,1840,143,4604,19,1369,121,19
"1725","2020-04-16",626,20,334,1811,6345,0.87123719464145,2040,7087,676,1840,147,4751,32,1401,127,32
"1726","2020-04-17",672,20,280,1746,6345,0.87123719464145,2040,7087,676,1840,143,4894,66,1467,128,66
"1727","2020-04-18",669,20,241,1693,6345,0.87123719464145,2040,7087,676,1840,110,5004,58,1525,98,58
"1728","2020-04-19",625,20,220,1602,6345,0.87123719464145,2040,7087,676,1840,107,5111,48,1573,91,48
"1729","2020-04-20",625,20,208,1523,6345,0.87123719464145,2040,7087,676,1840,97,5208,36,1609,85,36
"1730","2020-04-21",619,20,204,1477,6345,0.87123719464145,2040,7087,676,1840,94,5302,53,1662,81,53
"1731","2020-04-22",575,20,222,1408,6345,0.87123719464145,2040,7087,676,1840,117,5419,61,1723,105,61
"1732","2020-04-23",559,20,239,1309,6345,0.87123719464145,2040,7087,676,1840,79,5498,34,1757,69,34
"1733","2020-04-24",500,20,230,1237,6345,0.87123719464145,2040,7087,676,1840,66,5564,36,1793,61,36
"1734","2020-04-25",471,20,231,1132,6345,0.87123719464145,2040,7087,676,1840,65,5629,28,1821,48,28
"1735","2020-04-26",427,20,210,1071,6345,0.87123719464145,2040,7087,676,1840,73,5702,23,1844,61,23
"1736","2020-04-27",398,20,213,1006,6345,0.87123719464145,2040,7087,676,1840,46,5748,29,1873,34,29
"1737","2020-04-28",381,20,234,929,6345,0.87123719464145,2040,7087,676,1840,58,5806,20,1893,45,20
"1738","2020-04-29",372,20,230,845,6345,0.87123719464145,2040,7087,676,1840,47,5853,46,1939,33,46
"1739","2020-04-30",340,20,263,776,6345,0.87123719464145,2040,7087,676,1840,43,5896,54,1993,33,54
"1740","2020-05-01",306,20,264,732,6345,0.87123719464145,2040,7087,676,1840,33,5929,75,2068,21,75
"1741","2020-05-02",295,20,226,694,6345,0.87123719464145,2040,7087,676,1840,37,5966,54,2122,22,54
"1742","2020-05-03",275,20,211,646,6345,0.87123719464145,2040,7087,676,1840,36,6002,41,2163,25,41
"1743","2020-05-04",259,20,235,604,6345,0.87123719464145,2040,7087,676,1840,27,6029,49,2212,13,49
"1744","2020-05-05",243,20,298,553,6345,0.87123719464145,2040,7087,676,1840,22,6051,36,2248,14,36
"1745","2020-05-06",233,20,324,513,6345,0.87123719464145,2040,7087,676,1840,31,6082,39,2287,18,39
"1746","2020-05-07",224,20,303,476,6345,0.87123719464145,2040,7087,676,1840,20,6102,50,2337,14,50
"1747","2020-05-08",186,20,263,445,6345,0.87123719464145,2040,7087,676,1840,26,6128,26,2363,13,26
"1748","2020-05-09",168,20,243,407,6345,0.87123719464145,2040,7087,676,1840,14,6142,29,2392,8,29
"1749","2020-05-10",153,20,227,372,6345,0.87123719464145,2040,7087,676,1840,16,6158,52,2444,7,52
"1750","2020-05-11",142,20,199,354,6345,0.87123719464145,2040,7087,676,1840,19,6177,35,2479,11,35
"1751","2020-05-12",124,20,218,336,6345,0.87123719464145,2040,7087,676,1840,14,6191,38,2517,6,38
"1752","2020-05-13",111,20,278,322,6345,0.87123719464145,2040,7087,676,1840,15,6206,52,2569,7,52
"1753","2020-05-14",103,20,348,307,6345,0.87123719464145,2040,7087,676,1840,17,6223,39,2608,9,39
"1754","2020-05-15",107,20,328,288,6345,0.87123719464145,2040,7087,676,1840,14,6237,29,2637,4,29
"1755","2020-05-16",102,20,294,279,6345,0.87123719464145,2040,7087,676,1840,14,6251,49,2686,5,49
"1756","2020-05-17",89,20,247,275,6345,0.87123719464145,2040,7087,676,1840,13,6264,28,2714,8,28
"1757","2020-05-18",91,20,216,257,6345,0.87123719464145,2040,7087,676,1840,11,6275,29,2743,6,29
"1758","2020-05-19",93,20,226,242,6345,0.87123719464145,2040,7087,676,1840,13,6288,26,2769,8,26
"1759","2020-05-20",87,20,280,229,6345,0.87123719464145,2040,7087,676,1840,11,6299,46,2815,5,46
"1760","2020-05-21",86,20,284,215,6345,0.87123719464145,2040,7087,676,1840,13,6312,43,2858,9,43
"1761","2020-05-22",73,20,259,205,6345,0.87123719464145,2040,7087,676,1840,13,6325,34,2892,6,34
"1762","2020-05-23",77,20,248,183,6345,0.87123719464145,2040,7087,676,1840,8,6333,39,2931,5,39
"1763","2020-05-24",72,20,253,162,6345,0.87123719464145,2040,7087,676,1840,10,6343,59,2990,5,59
"1764","2020-05-25",64,20,261,148,6345,0.87123719464145,2040,7087,676,1840,10,6353,59,3049,3,59
"1765","2020-05-26",56,20,268,141,6345,0.87123719464145,2040,7087,676,1840,7,6360,61,3110,2,61
"1766","2020-05-27",55,20,245,134,6345,0.87123719464145,2040,7087,676,1840,5,6365,73,3183,2,73
"1767","2020-05-28",49,20,214,122,6345,0.87123719464145,2040,7087,676,1840,3,6368,57,3240,NA,57
"1768","2020-05-29",54,20,198,111,6345,0.87123719464145,2040,7087,676,1840,6,6374,46,3286,3,46
"1769","2020-05-30",45,20,183,108,6345,0.87123719464145,2040,7087,676,1840,9,6383,41,3327,2,41
"1770","2020-05-31",33,20,210,99,6345,0.87123719464145,2040,7087,676,1840,7,6390,41,3368,1,41
"1771","2020-06-01",27,20,218,93,6345,0.87123719464145,2040,7087,676,1840,3,6393,36,3404,1,36
"1772","2020-06-02",26,20,251,89,6345,0.87123719464145,2040,7087,676,1840,7,6400,55,3459,3,55
"1773","2020-06-03",29,20,282,83,6345,0.87123719464145,2040,7087,676,1840,5,6405,41,3500,2,41
"1774","2020-06-04",28,20,292,76,6345,0.87123719464145,2040,7087,676,1840,4,6409,29,3529,2,29
"1775","2020-06-05",22,20,247,75,6345,0.87123719464145,2040,7087,676,1840,3,6412,39,3568,2,39
"1776","2020-06-06",24,20,231,77,6345,0.87123719464145,2040,7087,676,1840,3,6415,28,3596,1,28
"1777","2020-06-07",29,20,254,76,6345,0.87123719464145,2040,7087,676,1840,4,6419,40,3636,2,40
