"","Date","Absents","Paramset","Infections_or_Exposed_per_day_Patient","Infections_or_Exposed_per_day_HCW","total_infections","nosocomial_proportion","PCR_pooled","LFD_pooled","HCW_symp_test","patient_symp_test","new_hcw_infs","cumulative_hcw_infs","new_pat_infs","cumulative_pats_infs","new_nosocomial_hcw_infs","new_nosocomial_pat_infs"
"1","2020-03-14",1,1,24,53,2339,0.509619495510902,2160,4908,234,198,13,53,5,20,2,5
"2","2020-03-15",3,1,23,70,2339,0.509619495510902,2160,4908,234,198,17,70,1,21,5,1
"3","2020-03-16",6,1,33,87,2339,0.509619495510902,2160,4908,234,198,18,88,10,31,4,10
"4","2020-03-17",10,1,36,112,2339,0.509619495510902,2160,4908,234,198,25,113,4,35,14,4
"5","2020-03-18",16,1,41,126,2339,0.509619495510902,2160,4908,234,198,14,127,11,46,5,11
"6","2020-03-19",20,1,41,141,2339,0.509619495510902,2160,4908,234,198,20,147,11,57,7,11
"7","2020-03-20",24,1,39,158,2339,0.509619495510902,2160,4908,234,198,26,173,5,62,9,5
"8","2020-03-21",31,1,40,171,2339,0.509619495510902,2160,4908,234,198,18,191,7,69,7,7
"9","2020-03-22",49,1,41,194,2339,0.509619495510902,2160,4908,234,198,30,221,8,77,14,8
"10","2020-03-23",51,1,36,196,2339,0.509619495510902,2160,4908,234,198,16,237,3,80,6,3
"11","2020-03-24",46,1,30,204,2339,0.509619495510902,2160,4908,234,198,22,259,6,86,12,6
"12","2020-03-25",46,1,36,215,2339,0.509619495510902,2160,4908,234,198,27,286,8,94,11,8
"13","2020-03-26",49,1,36,227,2339,0.509619495510902,2160,4908,234,198,28,314,6,100,11,6
"14","2020-03-27",66,1,27,239,2339,0.509619495510902,2160,4908,234,198,25,339,3,103,17,3
"15","2020-03-28",75,1,30,249,2339,0.509619495510902,2160,4908,234,198,27,366,6,109,14,6
"16","2020-03-29",60,1,31,248,2339,0.509619495510902,2160,4908,234,198,20,386,6,115,13,6
"17","2020-03-30",63,1,34,251,2339,0.509619495510902,2160,4908,234,198,22,408,11,126,14,11
"18","2020-03-31",72,1,43,264,2339,0.509619495510902,2160,4908,234,198,31,439,9,135,19,9
"19","2020-04-01",77,1,50,284,2339,0.509619495510902,2160,4908,234,198,33,472,13,148,18,13
"20","2020-04-02",80,1,57,286,2339,0.509619495510902,2160,4908,234,198,25,497,10,158,10,10
"21","2020-04-03",89,1,55,277,2339,0.509619495510902,2160,4908,234,198,23,520,13,171,12,13
"22","2020-04-04",93,1,47,279,2339,0.509619495510902,2160,4908,234,198,30,550,9,180,13,9
"23","2020-04-05",110,1,48,287,2339,0.509619495510902,2160,4908,234,198,30,580,11,191,17,11
"24","2020-04-06",107,1,48,282,2339,0.509619495510902,2160,4908,234,198,25,605,7,198,14,7
"25","2020-04-07",98,1,44,290,2339,0.509619495510902,2160,4908,234,198,25,630,7,205,12,7
"26","2020-04-08",92,1,49,299,2339,0.509619495510902,2160,4908,234,198,36,666,8,213,19,8
"27","2020-04-09",100,1,43,299,2339,0.509619495510902,2160,4908,234,198,27,693,1,214,17,1
"28","2020-04-10",103,1,41,308,2339,0.509619495510902,2160,4908,234,198,30,723,7,221,17,7
"29","2020-04-11",98,1,44,304,2339,0.509619495510902,2160,4908,234,198,27,750,4,225,14,4
"30","2020-04-12",89,1,38,307,2339,0.509619495510902,2160,4908,234,198,32,782,6,231,20,6
"31","2020-04-13",92,1,45,300,2339,0.509619495510902,2160,4908,234,198,24,806,14,245,9,14
"32","2020-04-14",88,1,49,302,2339,0.509619495510902,2160,4908,234,198,31,837,9,254,16,9
"33","2020-04-15",89,1,50,303,2339,0.509619495510902,2160,4908,234,198,30,867,11,265,16,11
"34","2020-04-16",81,1,58,314,2339,0.509619495510902,2160,4908,234,198,37,904,12,277,18,12
"35","2020-04-17",98,1,54,306,2339,0.509619495510902,2160,4908,234,198,23,927,9,286,9,9
"36","2020-04-18",103,1,56,319,2339,0.509619495510902,2160,4908,234,198,41,968,5,291,19,5
"37","2020-04-19",102,1,55,336,2339,0.509619495510902,2160,4908,234,198,39,1007,13,304,22,13
"38","2020-04-20",99,1,54,325,2339,0.509619495510902,2160,4908,234,198,27,1034,10,314,17,10
"39","2020-04-21",98,1,56,323,2339,0.509619495510902,2160,4908,234,198,26,1060,9,323,11,9
"40","2020-04-22",112,1,47,332,2339,0.509619495510902,2160,4908,234,198,34,1094,3,326,17,3
"41","2020-04-23",113,1,44,343,2339,0.509619495510902,2160,4908,234,198,36,1130,7,333,17,7
"42","2020-04-24",116,1,48,342,2339,0.509619495510902,2160,4908,234,198,28,1158,10,343,12,10
"43","2020-04-25",124,1,56,362,2339,0.509619495510902,2160,4908,234,198,48,1206,14,357,22,14
"44","2020-04-26",142,1,56,345,2339,0.509619495510902,2160,4908,234,198,17,1223,9,366,10,9
"45","2020-04-27",138,1,48,348,2339,0.509619495510902,2160,4908,234,198,29,1252,3,369,13,3
"46","2020-04-28",128,1,47,341,2339,0.509619495510902,2160,4908,234,198,23,1275,9,378,10,9
"47","2020-04-29",117,1,36,342,2339,0.509619495510902,2160,4908,234,198,39,1314,5,383,26,5
"48","2020-04-30",122,1,43,336,2339,0.509619495510902,2160,4908,234,198,29,1343,9,392,10,9
"49","2020-05-01",123,1,41,325,2339,0.509619495510902,2160,4908,234,198,17,1360,6,398,8,6
"50","2020-05-02",123,1,41,325,2339,0.509619495510902,2160,4908,234,198,33,1393,11,409,22,11
"51","2020-05-03",95,1,54,319,2339,0.509619495510902,2160,4908,234,198,30,1423,14,423,13,14
"52","2020-05-04",89,1,51,330,2339,0.509619495510902,2160,4908,234,198,37,1460,9,432,18,9
"53","2020-05-05",95,1,46,330,2339,0.509619495510902,2160,4908,234,198,34,1494,4,436,22,4
"54","2020-05-06",96,1,45,327,2339,0.509619495510902,2160,4908,234,198,35,1529,6,442,17,6
"55","2020-05-07",93,1,53,317,2339,0.509619495510902,2160,4908,234,198,25,1554,14,456,15,14
"56","2020-05-08",88,1,51,321,2339,0.509619495510902,2160,4908,234,198,32,1586,12,468,14,12
"57","2020-05-09",90,1,53,341,2339,0.509619495510902,2160,4908,234,198,39,1625,9,477,23,9
"58","2020-05-10",99,1,53,347,2339,0.509619495510902,2160,4908,234,198,34,1659,12,489,21,12
"59","2020-05-11",98,1,49,346,2339,0.509619495510902,2160,4908,234,198,30,1689,6,495,17,6
"60","2020-05-12",95,1,49,342,2339,0.509619495510902,2160,4908,234,198,29,1718,13,508,17,13
"61","2020-05-13",95,1,47,356,2339,0.509619495510902,2160,4908,234,198,40,1758,7,515,25,7
"62","2020-05-14",95,1,46,341,2339,0.509619495510902,2160,4908,234,198,20,1778,6,521,10,6
"63","2020-05-15",110,1,48,340,2339,0.509619495510902,2160,4908,234,198,30,1808,14,535,19,14
"64","2020-05-16",120,1,47,350,2339,0.509619495510902,2160,4908,234,198,39,1847,5,540,19,5
"65","2020-05-17",129,1,50,346,2339,0.509619495510902,2160,4908,234,198,23,1870,11,551,13,11
"66","2020-05-18",130,1,50,332,2339,0.509619495510902,2160,4908,234,198,29,1899,7,558,18,7
"67","2020-05-19",122,1,47,325,2339,0.509619495510902,2160,4908,234,198,25,1924,6,564,12,6
"68","2020-05-20",121,1,41,328,2339,0.509619495510902,2160,4908,234,198,28,1952,5,569,18,5
"69","2020-05-21",119,1,43,315,2339,0.509619495510902,2160,4908,234,198,25,1977,7,576,19,7
"70","2020-05-22",115,1,52,302,2339,0.509619495510902,2160,4908,234,198,21,1998,16,592,11,16
"71","2020-05-23",105,1,67,286,2339,0.509619495510902,2160,4908,234,198,26,2024,21,613,20,21
"72","2020-05-24",92,1,86,275,2339,0.509619495510902,2160,4908,234,198,15,2039,26,639,8,26
"73","2020-05-25",91,1,96,266,2339,0.509619495510902,2160,4908,234,198,18,2057,24,663,9,24
"74","2020-05-26",85,1,90,258,2339,0.509619495510902,2160,4908,234,198,29,2086,17,680,20,17
"75","2020-05-27",86,1,75,244,2339,0.509619495510902,2160,4908,234,198,19,2105,8,688,12,8
"76","2020-05-28",81,1,69,239,2339,0.509619495510902,2160,4908,234,198,23,2128,10,698,14,10
"77","2020-05-29",80,1,65,239,2339,0.509619495510902,2160,4908,234,198,24,2152,9,707,15,9
"78","2020-05-30",75,1,64,243,2339,0.509619495510902,2160,4908,234,198,22,2174,9,716,12,9
"79","2020-05-31",81,1,58,230,2339,0.509619495510902,2160,4908,234,198,14,2188,7,723,8,7
"80","2020-06-01",75,1,48,228,2339,0.509619495510902,2160,4908,234,198,15,2203,3,726,5,3
"81","2020-06-02",73,1,35,223,2339,0.509619495510902,2160,4908,234,198,22,2225,NA,NA,14,NA
"82","2020-06-03",69,1,30,202,2339,0.509619495510902,2160,4908,234,198,7,2232,5,731,4,5
"83","2020-06-04",74,1,33,197,2339,0.509619495510902,2160,4908,234,198,17,2249,7,738,12,7
"84","2020-06-05",85,1,37,181,2339,0.509619495510902,2160,4908,234,198,9,2258,8,746,5,8
"85","2020-06-06",85,1,31,181,2339,0.509619495510902,2160,4908,234,198,15,2273,3,749,9,3
"86","2020-06-07",71,1,30,170,2339,0.509619495510902,2160,4908,234,198,18,2291,10,759,9,10
"87","2020-03-07",1,2,0,0,3416,0.856264637002342,2010,5987,280,150,NA,NA,NA,NA,NA,NA
"88","2020-03-08",1,2,0,0,3416,0.856264637002342,2010,5987,280,150,NA,NA,NA,NA,NA,NA
"89","2020-03-09",0,2,0,0,3416,0.856264637002342,2010,5987,280,150,NA,NA,NA,NA,NA,NA
"90","2020-03-10",0,2,0,0,3416,0.856264637002342,2010,5987,280,150,NA,NA,1,1,NA,1
"91","2020-03-11",0,2,0,0,3416,0.856264637002342,2010,5987,280,150,10,10,5,6,NA,5
"92","2020-03-12",0,2,0,0,3416,0.856264637002342,2010,5987,280,150,10,20,4,10,1,4
"93","2020-03-13",0,2,0,0,3416,0.856264637002342,2010,5987,280,150,9,29,4,14,3,4
"94","2020-03-14",1,2,16,28,3416,0.856264637002342,2010,5987,280,150,11,40,4,18,2,4
"95","2020-03-15",8,2,14,34,3416,0.856264637002342,2010,5987,280,150,18,58,3,21,5,3
"96","2020-03-16",12,2,13,45,3416,0.856264637002342,2010,5987,280,150,19,77,5,26,9,5
"97","2020-03-17",11,2,13,49,3416,0.856264637002342,2010,5987,280,150,18,95,NA,NA,6,NA
"98","2020-03-18",12,2,13,59,3416,0.856264637002342,2010,5987,280,150,21,116,6,32,12,6
"99","2020-03-19",13,2,16,71,3416,0.856264637002342,2010,5987,280,150,20,136,2,34,15,2
"100","2020-03-20",16,2,14,84,3416,0.856264637002342,2010,5987,280,150,16,152,5,39,10,5
"101","2020-03-21",20,2,17,91,3416,0.856264637002342,2010,5987,280,150,28,180,4,43,18,4
"102","2020-03-22",21,2,23,105,3416,0.856264637002342,2010,5987,280,150,23,203,6,49,14,6
"103","2020-03-23",23,2,27,115,3416,0.856264637002342,2010,5987,280,150,26,229,6,55,19,6
"104","2020-03-24",23,2,32,123,3416,0.856264637002342,2010,5987,280,150,30,259,3,58,17,3
"105","2020-03-25",25,2,31,130,3416,0.856264637002342,2010,5987,280,150,26,285,6,64,15,6
"106","2020-03-26",30,2,27,143,3416,0.856264637002342,2010,5987,280,150,24,309,6,70,14,6
"107","2020-03-27",38,2,32,159,3416,0.856264637002342,2010,5987,280,150,30,339,11,81,25,11
"108","2020-03-28",42,2,36,176,3416,0.856264637002342,2010,5987,280,150,29,368,3,84,18,3
"109","2020-03-29",52,2,35,198,3416,0.856264637002342,2010,5987,280,150,35,403,5,89,22,5
"110","2020-03-30",47,2,34,215,3416,0.856264637002342,2010,5987,280,150,30,433,8,97,21,8
"111","2020-03-31",53,2,25,242,3416,0.856264637002342,2010,5987,280,150,35,468,6,103,25,6
"112","2020-04-01",60,2,22,247,3416,0.856264637002342,2010,5987,280,150,35,503,10,113,24,10
"113","2020-04-02",66,2,31,266,3416,0.856264637002342,2010,5987,280,150,38,541,10,123,31,10
"114","2020-04-03",79,2,25,281,3416,0.856264637002342,2010,5987,280,150,40,581,9,132,29,9
"115","2020-04-04",93,2,21,291,3416,0.856264637002342,2010,5987,280,150,39,620,15,147,32,15
"116","2020-04-05",83,2,20,318,3416,0.856264637002342,2010,5987,280,150,35,655,14,161,23,14
"117","2020-04-06",93,2,23,333,3416,0.856264637002342,2010,5987,280,150,41,696,14,175,35,14
"118","2020-04-07",103,2,28,360,3416,0.856264637002342,2010,5987,280,150,44,740,11,186,27,11
"119","2020-04-08",104,2,34,381,3416,0.856264637002342,2010,5987,280,150,52,792,14,200,43,14
"120","2020-04-09",104,2,42,394,3416,0.856264637002342,2010,5987,280,150,41,833,18,218,34,18
"121","2020-04-10",120,2,49,412,3416,0.856264637002342,2010,5987,280,150,50,883,9,227,38,9
"122","2020-04-11",136,2,39,434,3416,0.856264637002342,2010,5987,280,150,43,926,12,239,29,12
"123","2020-04-12",141,2,41,459,3416,0.856264637002342,2010,5987,280,150,43,969,23,262,31,23
"124","2020-04-13",137,2,50,475,3416,0.856264637002342,2010,5987,280,150,41,1010,4,266,31,4
"125","2020-04-14",135,2,49,497,3416,0.856264637002342,2010,5987,280,150,42,1052,12,278,24,12
"126","2020-04-15",144,2,42,505,3416,0.856264637002342,2010,5987,280,150,38,1090,5,283,32,5
"127","2020-04-16",154,2,39,517,3416,0.856264637002342,2010,5987,280,150,63,1153,9,292,40,9
"128","2020-04-17",168,2,40,526,3416,0.856264637002342,2010,5987,280,150,43,1196,9,301,30,9
"129","2020-04-18",188,2,39,537,3416,0.856264637002342,2010,5987,280,150,48,1244,10,311,33,10
"130","2020-04-19",180,2,46,536,3416,0.856264637002342,2010,5987,280,150,38,1282,9,320,29,9
"131","2020-04-20",176,2,46,564,3416,0.856264637002342,2010,5987,280,150,48,1330,5,325,35,5
"132","2020-04-21",173,2,43,576,3416,0.856264637002342,2010,5987,280,150,55,1385,14,339,41,14
"133","2020-04-22",168,2,50,580,3416,0.856264637002342,2010,5987,280,150,39,1424,5,344,31,5
"134","2020-04-23",162,2,52,606,3416,0.856264637002342,2010,5987,280,150,56,1480,3,347,48,3
"135","2020-04-24",192,2,51,608,3416,0.856264637002342,2010,5987,280,150,42,1522,4,351,31,4
"136","2020-04-25",204,2,47,615,3416,0.856264637002342,2010,5987,280,150,33,1555,12,363,20,12
"137","2020-04-26",189,2,44,620,3416,0.856264637002342,2010,5987,280,150,48,1603,7,370,38,7
"138","2020-04-27",182,2,41,622,3416,0.856264637002342,2010,5987,280,150,37,1640,17,387,27,17
"139","2020-04-28",194,2,36,636,3416,0.856264637002342,2010,5987,280,150,42,1682,17,404,22,17
"140","2020-04-29",212,2,47,655,3416,0.856264637002342,2010,5987,280,150,47,1729,9,413,31,9
"141","2020-04-30",219,2,49,661,3416,0.856264637002342,2010,5987,280,150,41,1770,14,427,27,14
"142","2020-05-01",238,2,51,671,3416,0.856264637002342,2010,5987,280,150,27,1797,13,440,19,13
"143","2020-05-02",245,2,51,682,3416,0.856264637002342,2010,5987,280,150,40,1837,12,452,28,12
"144","2020-05-03",257,2,60,674,3416,0.856264637002342,2010,5987,280,150,45,1882,12,464,35,12
"145","2020-05-04",259,2,62,684,3416,0.856264637002342,2010,5987,280,150,38,1920,16,480,29,16
"146","2020-05-05",245,2,54,678,3416,0.856264637002342,2010,5987,280,150,35,1955,20,500,25,20
"147","2020-05-06",229,2,52,672,3416,0.856264637002342,2010,5987,280,150,45,2000,12,512,37,12
"148","2020-05-07",235,2,54,679,3416,0.856264637002342,2010,5987,280,150,21,2021,19,531,13,19
"149","2020-05-08",248,2,62,669,3416,0.856264637002342,2010,5987,280,150,37,2058,15,546,23,15
"150","2020-05-09",238,2,57,647,3416,0.856264637002342,2010,5987,280,150,40,2098,17,563,31,17
"151","2020-05-10",210,2,48,629,3416,0.856264637002342,2010,5987,280,150,30,2128,14,577,21,14
"152","2020-05-11",202,2,52,618,3416,0.856264637002342,2010,5987,280,150,32,2160,17,594,22,17
"153","2020-05-12",206,2,48,617,3416,0.856264637002342,2010,5987,280,150,25,2185,15,609,21,15
"154","2020-05-13",209,2,49,581,3416,0.856264637002342,2010,5987,280,150,29,2214,14,623,16,14
"155","2020-05-14",206,2,42,558,3416,0.856264637002342,2010,5987,280,150,30,2244,13,636,20,13
"156","2020-05-15",197,2,39,549,3416,0.856264637002342,2010,5987,280,150,31,2275,30,666,15,30
"157","2020-05-16",191,2,32,535,3416,0.856264637002342,2010,5987,280,150,36,2311,16,682,26,16
"158","2020-05-17",179,2,31,513,3416,0.856264637002342,2010,5987,280,150,34,2345,13,695,24,13
"159","2020-05-18",175,2,28,524,3416,0.856264637002342,2010,5987,280,150,22,2367,15,710,15,15
"160","2020-05-19",178,2,30,525,3416,0.856264637002342,2010,5987,280,150,27,2394,14,724,19,14
"161","2020-05-20",175,2,27,509,3416,0.856264637002342,2010,5987,280,150,24,2418,12,736,16,12
"162","2020-05-21",160,2,30,506,3416,0.856264637002342,2010,5987,280,150,27,2445,14,750,19,14
"163","2020-05-22",162,2,24,499,3416,0.856264637002342,2010,5987,280,150,25,2470,13,763,18,13
"164","2020-05-23",168,2,34,495,3416,0.856264637002342,2010,5987,280,150,32,2502,13,776,26,13
"165","2020-05-24",155,2,38,475,3416,0.856264637002342,2010,5987,280,150,16,2518,10,786,12,10
"166","2020-05-25",150,2,38,473,3416,0.856264637002342,2010,5987,280,150,23,2541,14,800,17,14
"167","2020-05-26",147,2,41,450,3416,0.856264637002342,2010,5987,280,150,13,2554,16,816,8,16
"168","2020-05-27",154,2,36,442,3416,0.856264637002342,2010,5987,280,150,18,2572,17,833,6,17
"169","2020-05-28",158,2,43,411,3416,0.856264637002342,2010,5987,280,150,18,2590,14,847,13,14
"170","2020-05-29",154,2,45,385,3416,0.856264637002342,2010,5987,280,150,14,2604,18,865,11,18
"171","2020-05-30",142,2,52,365,3416,0.856264637002342,2010,5987,280,150,14,2618,11,876,7,11
"172","2020-05-31",143,2,43,352,3416,0.856264637002342,2010,5987,280,150,15,2633,13,889,11,13
"173","2020-06-01",135,2,44,328,3416,0.856264637002342,2010,5987,280,150,10,2643,19,908,8,19
"174","2020-06-02",132,2,45,306,3416,0.856264637002342,2010,5987,280,150,7,2650,10,918,5,10
"175","2020-06-03",119,2,42,283,3416,0.856264637002342,2010,5987,280,150,13,2663,15,933,8,15
"176","2020-06-04",112,2,41,277,3416,0.856264637002342,2010,5987,280,150,7,2670,14,947,5,14
"177","2020-06-05",106,2,39,259,3416,0.856264637002342,2010,5987,280,150,10,2680,7,954,7,7
"178","2020-06-06",102,2,34,248,3416,0.856264637002342,2010,5987,280,150,7,2687,12,966,3,12
"179","2020-06-07",92,2,33,227,3416,0.856264637002342,2010,5987,280,150,12,2699,13,979,6,13
"180","2020-03-15",1,3,26,41,3556,0.737064116985377,2040,6026,372,625,5,36,2,21,5,2
"181","2020-03-16",4,3,35,53,3556,0.737064116985377,2040,6026,372,625,12,48,8,29,10,8
"182","2020-03-17",5,3,46,66,3556,0.737064116985377,2040,6026,372,625,4,52,6,35,3,6
"183","2020-03-18",7,3,49,95,3556,0.737064116985377,2040,6026,372,625,17,69,5,40,14,5
"184","2020-03-19",11,3,68,111,3556,0.737064116985377,2040,6026,372,625,20,89,8,48,14,8
"185","2020-03-20",15,3,63,122,3556,0.737064116985377,2040,6026,372,625,15,104,14,62,14,14
"186","2020-03-21",23,3,74,135,3556,0.737064116985377,2040,6026,372,625,22,126,8,70,22,8
"187","2020-03-22",29,3,70,152,3556,0.737064116985377,2040,6026,372,625,19,145,4,74,16,4
"188","2020-03-23",31,3,73,167,3556,0.737064116985377,2040,6026,372,625,26,171,9,83,25,9
"189","2020-03-24",35,3,88,201,3556,0.737064116985377,2040,6026,372,625,29,200,2,85,24,2
"190","2020-03-25",39,3,93,233,3556,0.737064116985377,2040,6026,372,625,31,231,10,95,28,10
"191","2020-03-26",44,3,105,258,3556,0.737064116985377,2040,6026,372,625,47,278,11,106,42,11
"192","2020-03-27",61,3,88,283,3556,0.737064116985377,2040,6026,372,625,39,317,9,115,34,9
"193","2020-03-28",66,3,97,305,3556,0.737064116985377,2040,6026,372,625,44,361,13,128,41,13
"194","2020-03-29",84,3,113,331,3556,0.737064116985377,2040,6026,372,625,45,406,12,140,43,12
"195","2020-03-30",84,3,129,350,3556,0.737064116985377,2040,6026,372,625,50,456,9,149,48,9
"196","2020-03-31",86,3,135,373,3556,0.737064116985377,2040,6026,372,625,53,509,15,164,52,15
"197","2020-04-01",98,3,145,393,3556,0.737064116985377,2040,6026,372,625,70,579,17,181,67,17
"198","2020-04-02",106,3,147,400,3556,0.737064116985377,2040,6026,372,625,78,657,16,197,76,16
"199","2020-04-03",118,3,147,421,3556,0.737064116985377,2040,6026,372,625,68,725,17,214,67,17
"200","2020-04-04",134,3,141,442,3556,0.737064116985377,2040,6026,372,625,92,817,16,230,90,16
"201","2020-04-05",123,3,137,459,3556,0.737064116985377,2040,6026,372,625,82,899,9,239,79,9
"202","2020-04-06",134,3,148,470,3556,0.737064116985377,2040,6026,372,625,95,994,20,259,90,20
"203","2020-04-07",134,3,143,485,3556,0.737064116985377,2040,6026,372,625,105,1099,17,276,104,17
"204","2020-04-08",125,3,152,511,3556,0.737064116985377,2040,6026,372,625,103,1202,23,299,100,23
"205","2020-04-09",127,3,151,523,3556,0.737064116985377,2040,6026,372,625,77,1279,15,314,71,15
"206","2020-04-10",145,3,145,549,3556,0.737064116985377,2040,6026,372,625,100,1379,19,333,96,19
"207","2020-04-11",157,3,156,566,3556,0.737064116985377,2040,6026,372,625,101,1480,19,352,96,19
"208","2020-04-12",171,3,161,582,3556,0.737064116985377,2040,6026,372,625,98,1578,16,368,94,16
"209","2020-04-13",163,3,154,598,3556,0.737064116985377,2040,6026,372,625,111,1689,14,382,107,14
"210","2020-04-14",166,3,170,601,3556,0.737064116985377,2040,6026,372,625,100,1789,12,394,98,12
"211","2020-04-15",191,3,181,620,3556,0.737064116985377,2040,6026,372,625,100,1889,8,402,93,8
"212","2020-04-16",195,3,176,644,3556,0.737064116985377,2040,6026,372,625,105,1994,15,417,98,15
"213","2020-04-17",207,3,182,670,3556,0.737064116985377,2040,6026,372,625,100,2094,7,424,97,7
"214","2020-04-18",208,3,187,675,3556,0.737064116985377,2040,6026,372,625,83,2177,15,439,81,15
"215","2020-04-19",203,3,191,678,3556,0.737064116985377,2040,6026,372,625,106,2283,10,449,102,10
"216","2020-04-20",214,3,184,676,3556,0.737064116985377,2040,6026,372,625,99,2382,13,462,95,13
"217","2020-04-21",210,3,186,668,3556,0.737064116985377,2040,6026,372,625,125,2507,21,483,119,21
"218","2020-04-22",208,3,176,692,3556,0.737064116985377,2040,6026,372,625,133,2640,22,505,132,22
"219","2020-04-23",212,3,189,692,3556,0.737064116985377,2040,6026,372,625,95,2735,13,518,91,13
"220","2020-04-24",217,3,201,689,3556,0.737064116985377,2040,6026,372,625,115,2850,16,534,113,16
"221","2020-04-25",256,3,202,677,3556,0.737064116985377,2040,6026,372,625,116,2966,14,548,114,14
"222","2020-04-26",247,3,218,680,3556,0.737064116985377,2040,6026,372,625,107,3073,23,571,105,23
"223","2020-04-27",236,3,213,675,3556,0.737064116985377,2040,6026,372,625,76,3149,19,590,74,19
"224","2020-04-28",247,3,215,667,3556,0.737064116985377,2040,6026,372,625,79,3228,13,603,78,13
"225","2020-04-29",236,3,197,643,3556,0.737064116985377,2040,6026,372,625,106,3334,9,612,104,9
"226","2020-04-30",225,3,190,642,3556,0.737064116985377,2040,6026,372,625,103,3437,12,624,102,12
"227","2020-05-01",268,3,190,633,3556,0.737064116985377,2040,6026,372,625,86,3523,15,639,86,15
"228","2020-05-02",227,3,195,615,3556,0.737064116985377,2040,6026,372,625,95,3618,25,664,93,25
"229","2020-05-03",230,3,190,590,3556,0.737064116985377,2040,6026,372,625,79,3697,15,679,75,15
"230","2020-05-04",225,3,200,582,3556,0.737064116985377,2040,6026,372,625,87,3784,11,690,86,11
"231","2020-05-05",205,3,207,570,3556,0.737064116985377,2040,6026,372,625,61,3845,21,711,60,21
"232","2020-05-06",217,3,209,564,3556,0.737064116985377,2040,6026,372,625,65,3910,15,726,63,15
"233","2020-05-07",219,3,206,553,3556,0.737064116985377,2040,6026,372,625,67,3977,18,744,64,18
"234","2020-05-08",214,3,237,554,3556,0.737064116985377,2040,6026,372,625,56,4033,21,765,53,21
"235","2020-05-09",221,3,224,543,3556,0.737064116985377,2040,6026,372,625,45,4078,11,776,42,11
"236","2020-05-10",201,3,223,523,3556,0.737064116985377,2040,6026,372,625,54,4132,18,794,49,18
"237","2020-05-11",189,3,237,512,3556,0.737064116985377,2040,6026,372,625,54,4186,28,822,51,28
"238","2020-05-12",183,3,240,507,3556,0.737064116985377,2040,6026,372,625,51,4237,22,844,50,22
"239","2020-05-13",167,3,216,493,3556,0.737064116985377,2040,6026,372,625,61,4298,20,864,61,20
"240","2020-05-14",166,3,199,480,3556,0.737064116985377,2040,6026,372,625,44,4342,27,891,42,27
"241","2020-05-15",151,3,184,472,3556,0.737064116985377,2040,6026,372,625,47,4389,14,905,43,14
"242","2020-05-16",157,3,203,463,3556,0.737064116985377,2040,6026,372,625,50,4439,21,926,47,21
"243","2020-05-17",134,3,200,452,3556,0.737064116985377,2040,6026,372,625,35,4474,10,936,34,10
"244","2020-05-18",132,3,193,424,3556,0.737064116985377,2040,6026,372,625,40,4514,10,946,36,10
"245","2020-05-19",130,3,187,407,3556,0.737064116985377,2040,6026,372,625,24,4538,14,960,19,14
"246","2020-05-20",134,3,182,396,3556,0.737064116985377,2040,6026,372,625,33,4571,9,969,30,9
"247","2020-05-21",133,3,188,386,3556,0.737064116985377,2040,6026,372,625,42,4613,6,975,38,6
"248","2020-05-22",130,3,191,375,3556,0.737064116985377,2040,6026,372,625,37,4650,11,986,37,11
"249","2020-05-23",117,3,185,363,3556,0.737064116985377,2040,6026,372,625,23,4673,7,993,19,7
"250","2020-05-24",122,3,183,354,3556,0.737064116985377,2040,6026,372,625,25,4698,16,1009,22,16
"251","2020-05-25",119,3,183,344,3556,0.737064116985377,2040,6026,372,625,21,4719,13,1022,20,13
"252","2020-05-26",111,3,170,333,3556,0.737064116985377,2040,6026,372,625,20,4739,11,1033,20,11
"253","2020-05-27",105,3,168,317,3556,0.737064116985377,2040,6026,372,625,25,4764,16,1049,24,16
"254","2020-05-28",103,3,175,304,3556,0.737064116985377,2040,6026,372,625,24,4788,22,1071,21,22
"255","2020-05-29",105,3,175,301,3556,0.737064116985377,2040,6026,372,625,10,4798,8,1079,8,8
"256","2020-05-30",118,3,174,282,3556,0.737064116985377,2040,6026,372,625,15,4813,9,1088,12,9
"257","2020-05-31",111,3,174,276,3556,0.737064116985377,2040,6026,372,625,18,4831,8,1096,17,8
"258","2020-06-01",105,3,172,275,3556,0.737064116985377,2040,6026,372,625,9,4840,11,1107,9,11
"259","2020-06-02",103,3,157,274,3556,0.737064116985377,2040,6026,372,625,12,4852,16,1123,11,16
"260","2020-06-03",96,3,150,267,3556,0.737064116985377,2040,6026,372,625,15,4867,10,1133,12,10
"261","2020-06-04",93,3,147,248,3556,0.737064116985377,2040,6026,372,625,13,4880,18,1151,12,18
"262","2020-06-05",95,3,146,236,3556,0.737064116985377,2040,6026,372,625,9,4889,16,1167,7,16
"263","2020-06-06",82,3,156,229,3556,0.737064116985377,2040,6026,372,625,12,4901,23,1190,11,23
"264","2020-06-07",76,3,138,221,3556,0.737064116985377,2040,6026,372,625,14,4915,15,1205,14,15
"265","2020-03-13",1,4,16,17,3084,0.857976653696498,1995,5431,366,223,20,36,5,12,7,5
"266","2020-03-14",2,4,21,19,3084,0.857976653696498,1995,5431,366,223,13,49,1,13,6,1
"267","2020-03-15",1,4,25,24,3084,0.857976653696498,1995,5431,366,223,19,68,4,17,9,4
"268","2020-03-16",2,4,34,33,3084,0.857976653696498,1995,5431,366,223,19,87,3,20,8,3
"269","2020-03-17",3,4,36,38,3084,0.857976653696498,1995,5431,366,223,18,105,1,21,6,1
"270","2020-03-18",6,4,31,53,3084,0.857976653696498,1995,5431,366,223,24,129,4,25,10,4
"271","2020-03-19",8,4,34,68,3084,0.857976653696498,1995,5431,366,223,28,157,7,32,15,7
"272","2020-03-20",10,4,47,79,3084,0.857976653696498,1995,5431,366,223,18,175,15,47,12,15
"273","2020-03-21",18,4,43,90,3084,0.857976653696498,1995,5431,366,223,28,203,5,52,15,5
"274","2020-03-22",20,4,35,112,3084,0.857976653696498,1995,5431,366,223,21,224,9,61,16,9
"275","2020-03-23",19,4,35,132,3084,0.857976653696498,1995,5431,366,223,25,249,12,73,15,12
"276","2020-03-24",22,4,40,143,3084,0.857976653696498,1995,5431,366,223,23,272,11,84,11,11
"277","2020-03-25",21,4,36,159,3084,0.857976653696498,1995,5431,366,223,21,293,13,97,13,13
"278","2020-03-26",29,4,33,175,3084,0.857976653696498,1995,5431,366,223,28,321,7,104,15,7
"279","2020-03-27",43,4,34,188,3084,0.857976653696498,1995,5431,366,223,31,352,16,120,20,16
"280","2020-03-28",44,4,38,200,3084,0.857976653696498,1995,5431,366,223,26,378,9,129,17,9
"281","2020-03-29",50,4,31,214,3084,0.857976653696498,1995,5431,366,223,39,417,7,136,17,7
"282","2020-03-30",62,4,24,221,3084,0.857976653696498,1995,5431,366,223,26,443,15,151,15,15
"283","2020-03-31",65,4,27,242,3084,0.857976653696498,1995,5431,366,223,35,478,12,163,20,12
"284","2020-04-01",78,4,39,249,3084,0.857976653696498,1995,5431,366,223,31,509,16,179,19,16
"285","2020-04-02",76,4,40,269,3084,0.857976653696498,1995,5431,366,223,44,553,13,192,33,13
"286","2020-04-03",81,4,40,280,3084,0.857976653696498,1995,5431,366,223,40,593,7,199,26,7
"287","2020-04-04",87,4,41,292,3084,0.857976653696498,1995,5431,366,223,41,634,14,213,23,14
"288","2020-04-05",94,4,55,327,3084,0.857976653696498,1995,5431,366,223,40,674,28,241,29,28
"289","2020-04-06",87,4,66,334,3084,0.857976653696498,1995,5431,366,223,41,715,12,253,28,12
"290","2020-04-07",90,4,80,365,3084,0.857976653696498,1995,5431,366,223,36,751,18,271,21,18
"291","2020-04-08",91,4,76,378,3084,0.857976653696498,1995,5431,366,223,39,790,19,290,23,19
"292","2020-04-09",95,4,79,391,3084,0.857976653696498,1995,5431,366,223,39,829,7,297,20,7
"293","2020-04-10",126,4,80,427,3084,0.857976653696498,1995,5431,366,223,31,860,7,304,16,7
"294","2020-04-11",143,4,80,433,3084,0.857976653696498,1995,5431,366,223,37,897,17,321,20,17
"295","2020-04-12",141,4,77,462,3084,0.857976653696498,1995,5431,366,223,36,933,28,349,20,28
"296","2020-04-13",146,4,86,483,3084,0.857976653696498,1995,5431,366,223,52,985,12,361,23,12
"297","2020-04-14",142,4,83,500,3084,0.857976653696498,1995,5431,366,223,51,1036,5,366,40,5
"298","2020-04-15",136,4,80,512,3084,0.857976653696498,1995,5431,366,223,43,1079,8,374,35,8
"299","2020-04-16",145,4,81,527,3084,0.857976653696498,1995,5431,366,223,48,1127,25,399,36,25
"300","2020-04-17",173,4,83,537,3084,0.857976653696498,1995,5431,366,223,48,1175,39,438,30,39
"301","2020-04-18",186,4,88,555,3084,0.857976653696498,1995,5431,366,223,42,1217,22,460,36,22
"302","2020-04-19",176,4,89,555,3084,0.857976653696498,1995,5431,366,223,39,1256,35,495,25,35
"303","2020-04-20",173,4,78,561,3084,0.857976653696498,1995,5431,366,223,57,1313,22,517,35,22
"304","2020-04-21",176,4,71,571,3084,0.857976653696498,1995,5431,366,223,46,1359,34,551,29,34
"305","2020-04-22",180,4,61,569,3084,0.857976653696498,1995,5431,366,223,43,1402,38,589,32,38
"306","2020-04-23",173,4,57,580,3084,0.857976653696498,1995,5431,366,223,55,1457,17,606,37,17
"307","2020-04-24",183,4,47,589,3084,0.857976653696498,1995,5431,366,223,52,1509,26,632,36,26
"308","2020-04-25",182,4,49,586,3084,0.857976653696498,1995,5431,366,223,28,1537,23,655,24,23
"309","2020-04-26",184,4,54,584,3084,0.857976653696498,1995,5431,366,223,47,1584,15,670,36,15
"310","2020-04-27",184,4,53,571,3084,0.857976653696498,1995,5431,366,223,53,1637,28,698,33,28
"311","2020-04-28",184,4,61,575,3084,0.857976653696498,1995,5431,366,223,52,1689,35,733,40,35
"312","2020-04-29",193,4,56,577,3084,0.857976653696498,1995,5431,366,223,45,1734,33,766,36,33
"313","2020-04-30",209,4,66,585,3084,0.857976653696498,1995,5431,366,223,49,1783,46,812,34,46
"314","2020-05-01",203,4,65,601,3084,0.857976653696498,1995,5431,366,223,38,1821,26,838,26,26
"315","2020-05-02",205,4,60,625,3084,0.857976653696498,1995,5431,366,223,32,1853,45,883,22,45
"316","2020-05-03",198,4,52,611,3084,0.857976653696498,1995,5431,366,223,39,1892,26,909,31,26
"317","2020-05-04",194,4,37,623,3084,0.857976653696498,1995,5431,366,223,33,1925,18,927,26,18
"318","2020-05-05",197,4,39,613,3084,0.857976653696498,1995,5431,366,223,40,1965,5,932,31,5
"319","2020-05-06",202,4,26,611,3084,0.857976653696498,1995,5431,366,223,23,1988,14,946,15,14
"320","2020-05-07",200,4,25,588,3084,0.857976653696498,1995,5431,366,223,28,2016,30,976,21,30
"321","2020-05-08",202,4,33,594,3084,0.857976653696498,1995,5431,366,223,29,2045,38,1014,19,38
"322","2020-05-09",201,4,44,600,3084,0.857976653696498,1995,5431,366,223,32,2077,40,1054,23,40
"323","2020-05-10",217,4,47,571,3084,0.857976653696498,1995,5431,366,223,43,2120,13,1067,28,13
"324","2020-05-11",217,4,49,573,3084,0.857976653696498,1995,5431,366,223,37,2157,11,1078,28,11
"325","2020-05-12",204,4,53,561,3084,0.857976653696498,1995,5431,366,223,39,2196,27,1105,25,27
"326","2020-05-13",196,4,62,554,3084,0.857976653696498,1995,5431,366,223,44,2240,18,1123,29,18
"327","2020-05-14",189,4,57,549,3084,0.857976653696498,1995,5431,366,223,21,2261,17,1140,16,17
"328","2020-05-15",216,4,51,526,3084,0.857976653696498,1995,5431,366,223,34,2295,11,1151,26,11
"329","2020-05-16",224,4,42,500,3084,0.857976653696498,1995,5431,366,223,43,2338,29,1180,27,29
"330","2020-05-17",194,4,38,466,3084,0.857976653696498,1995,5431,366,223,29,2367,28,1208,16,28
"331","2020-05-18",186,4,39,441,3084,0.857976653696498,1995,5431,366,223,28,2395,25,1233,20,25
"332","2020-05-19",175,4,43,424,3084,0.857976653696498,1995,5431,366,223,21,2416,18,1251,15,18
"333","2020-05-20",169,4,51,406,3084,0.857976653696498,1995,5431,366,223,28,2444,22,1273,16,22
"334","2020-05-21",160,4,50,384,3084,0.857976653696498,1995,5431,366,223,24,2468,40,1313,14,40
"335","2020-05-22",144,4,47,362,3084,0.857976653696498,1995,5431,366,223,28,2496,33,1346,21,33
"336","2020-05-23",139,4,40,342,3084,0.857976653696498,1995,5431,366,223,29,2525,22,1368,23,22
"337","2020-05-24",130,4,38,319,3084,0.857976653696498,1995,5431,366,223,24,2549,22,1390,18,22
"338","2020-05-25",121,4,28,308,3084,0.857976653696498,1995,5431,366,223,26,2575,33,1423,21,33
"339","2020-05-26",117,4,24,299,3084,0.857976653696498,1995,5431,366,223,17,2592,32,1455,11,32
"340","2020-05-27",108,4,13,283,3084,0.857976653696498,1995,5431,366,223,30,2622,19,1474,22,19
"341","2020-05-28",111,4,18,275,3084,0.857976653696498,1995,5431,366,223,19,2641,21,1495,14,21
"342","2020-05-29",103,4,24,264,3084,0.857976653696498,1995,5431,366,223,17,2658,30,1525,11,30
"343","2020-05-30",89,4,24,255,3084,0.857976653696498,1995,5431,366,223,18,2676,11,1536,11,11
"344","2020-05-31",80,4,27,248,3084,0.857976653696498,1995,5431,366,223,16,2692,13,1549,11,13
"345","2020-06-01",74,4,32,239,3084,0.857976653696498,1995,5431,366,223,8,2700,18,1567,6,18
"346","2020-06-02",70,4,33,223,3084,0.857976653696498,1995,5431,366,223,20,2720,23,1590,13,23
"347","2020-06-03",75,4,39,212,3084,0.857976653696498,1995,5431,366,223,12,2732,12,1602,8,12
"348","2020-06-04",66,4,36,198,3084,0.857976653696498,1995,5431,366,223,16,2748,12,1614,13,12
"349","2020-06-05",59,4,35,194,3084,0.857976653696498,1995,5431,366,223,13,2761,11,1625,9,11
"350","2020-06-06",56,4,38,184,3084,0.857976653696498,1995,5431,366,223,16,2777,9,1634,11,9
"351","2020-06-07",47,4,32,185,3084,0.857976653696498,1995,5431,366,223,10,2787,5,1639,8,5
"352","2020-03-14",1,5,14,31,3645,0.844993141289438,2055,5753,415,220,7,19,6,18,3,6
"353","2020-03-15",3,5,15,44,3645,0.844993141289438,2055,5753,415,220,4,23,14,32,2,14
"354","2020-03-16",5,5,21,55,3645,0.844993141289438,2055,5753,415,220,13,36,9,41,8,9
"355","2020-03-17",6,5,23,71,3645,0.844993141289438,2055,5753,415,220,11,47,9,50,5,9
"356","2020-03-18",10,5,21,85,3645,0.844993141289438,2055,5753,415,220,13,60,10,60,10,10
"357","2020-03-19",14,5,21,103,3645,0.844993141289438,2055,5753,415,220,11,71,5,65,9,5
"358","2020-03-20",16,5,18,117,3645,0.844993141289438,2055,5753,415,220,13,84,10,75,11,10
"359","2020-03-21",23,5,18,135,3645,0.844993141289438,2055,5753,415,220,19,103,12,87,15,12
"360","2020-03-22",27,5,25,159,3645,0.844993141289438,2055,5753,415,220,26,129,8,95,20,8
"361","2020-03-23",26,5,21,170,3645,0.844993141289438,2055,5753,415,220,19,148,10,105,18,10
"362","2020-03-24",32,5,23,190,3645,0.844993141289438,2055,5753,415,220,35,183,7,112,32,7
"363","2020-03-25",33,5,18,221,3645,0.844993141289438,2055,5753,415,220,36,219,13,125,32,13
"364","2020-03-26",36,5,23,241,3645,0.844993141289438,2055,5753,415,220,49,268,7,132,42,7
"365","2020-03-27",57,5,30,257,3645,0.844993141289438,2055,5753,415,220,39,307,21,153,34,21
"366","2020-03-28",71,5,30,280,3645,0.844993141289438,2055,5753,415,220,48,355,16,169,43,16
"367","2020-03-29",88,5,38,295,3645,0.844993141289438,2055,5753,415,220,49,404,16,185,47,16
"368","2020-03-30",92,5,33,311,3645,0.844993141289438,2055,5753,415,220,66,470,19,204,59,19
"369","2020-03-31",85,5,39,320,3645,0.844993141289438,2055,5753,415,220,50,520,5,209,45,5
"370","2020-04-01",93,5,39,351,3645,0.844993141289438,2055,5753,415,220,61,581,12,221,57,12
"371","2020-04-02",97,5,27,369,3645,0.844993141289438,2055,5753,415,220,70,651,16,237,66,16
"372","2020-04-03",99,5,23,382,3645,0.844993141289438,2055,5753,415,220,78,729,13,250,76,13
"373","2020-04-04",118,5,27,413,3645,0.844993141289438,2055,5753,415,220,82,811,11,261,79,11
"374","2020-04-05",106,5,27,432,3645,0.844993141289438,2055,5753,415,220,89,900,17,278,86,17
"375","2020-04-06",103,5,30,459,3645,0.844993141289438,2055,5753,415,220,101,1001,11,289,97,11
"376","2020-04-07",112,5,26,465,3645,0.844993141289438,2055,5753,415,220,118,1119,24,313,116,24
"377","2020-04-08",118,5,27,495,3645,0.844993141289438,2055,5753,415,220,102,1221,24,337,100,24
"378","2020-04-09",126,5,23,523,3645,0.844993141289438,2055,5753,415,220,138,1359,19,356,131,19
"379","2020-04-10",161,5,27,554,3645,0.844993141289438,2055,5753,415,220,120,1479,12,368,117,12
"380","2020-04-11",151,5,33,602,3645,0.844993141289438,2055,5753,415,220,110,1589,16,384,105,16
"381","2020-04-12",182,5,29,624,3645,0.844993141289438,2055,5753,415,220,132,1721,22,406,127,22
"382","2020-04-13",187,5,33,652,3645,0.844993141289438,2055,5753,415,220,145,1866,25,431,141,25
"383","2020-04-14",189,5,38,655,3645,0.844993141289438,2055,5753,415,220,168,2034,23,454,159,23
"384","2020-04-15",197,5,36,680,3645,0.844993141289438,2055,5753,415,220,195,2229,19,473,192,19
"385","2020-04-16",210,5,38,717,3645,0.844993141289438,2055,5753,415,220,153,2382,26,499,151,26
"386","2020-04-17",227,5,35,728,3645,0.844993141289438,2055,5753,415,220,156,2538,30,529,150,30
"387","2020-04-18",246,5,46,733,3645,0.844993141289438,2055,5753,415,220,138,2676,27,556,137,27
"388","2020-04-19",219,5,44,726,3645,0.844993141289438,2055,5753,415,220,152,2828,29,585,150,29
"389","2020-04-20",227,5,47,744,3645,0.844993141289438,2055,5753,415,220,155,2983,18,603,151,18
"390","2020-04-21",232,5,50,757,3645,0.844993141289438,2055,5753,415,220,173,3156,29,632,171,29
"391","2020-04-22",234,5,46,730,3645,0.844993141289438,2055,5753,415,220,153,3309,29,661,146,29
"392","2020-04-23",234,5,58,721,3645,0.844993141289438,2055,5753,415,220,124,3433,23,684,121,23
"393","2020-04-24",254,5,60,711,3645,0.844993141289438,2055,5753,415,220,128,3561,19,703,126,19
"394","2020-04-25",257,5,58,703,3645,0.844993141289438,2055,5753,415,220,109,3670,19,722,106,19
"395","2020-04-26",263,5,56,712,3645,0.844993141289438,2055,5753,415,220,121,3791,27,749,120,27
"396","2020-04-27",252,5,50,718,3645,0.844993141289438,2055,5753,415,220,100,3891,27,776,98,27
"397","2020-04-28",248,5,54,705,3645,0.844993141289438,2055,5753,415,220,108,3999,22,798,104,22
"398","2020-04-29",248,5,56,689,3645,0.844993141289438,2055,5753,415,220,111,4110,17,815,108,17
"399","2020-04-30",251,5,58,689,3645,0.844993141289438,2055,5753,415,220,84,4194,24,839,82,24
"400","2020-05-01",269,5,60,684,3645,0.844993141289438,2055,5753,415,220,79,4273,35,874,76,35
"401","2020-05-02",255,5,57,680,3645,0.844993141289438,2055,5753,415,220,72,4345,18,892,70,18
"402","2020-05-03",218,5,63,674,3645,0.844993141289438,2055,5753,415,220,86,4431,25,917,86,25
"403","2020-05-04",218,5,68,663,3645,0.844993141289438,2055,5753,415,220,56,4487,30,947,55,30
"404","2020-05-05",219,5,73,668,3645,0.844993141289438,2055,5753,415,220,74,4561,15,962,69,15
"405","2020-05-06",215,5,63,647,3645,0.844993141289438,2055,5753,415,220,61,4622,22,984,60,22
"406","2020-05-07",199,5,60,627,3645,0.844993141289438,2055,5753,415,220,37,4659,35,1019,35,35
"407","2020-05-08",198,5,65,624,3645,0.844993141289438,2055,5753,415,220,48,4707,48,1067,46,48
"408","2020-05-09",217,5,78,612,3645,0.844993141289438,2055,5753,415,220,50,4757,40,1107,49,40
"409","2020-05-10",209,5,69,590,3645,0.844993141289438,2055,5753,415,220,45,4802,28,1135,42,28
"410","2020-05-11",199,5,70,572,3645,0.844993141289438,2055,5753,415,220,34,4836,36,1171,34,36
"411","2020-05-12",196,5,62,552,3645,0.844993141289438,2055,5753,415,220,38,4874,29,1200,36,29
"412","2020-05-13",190,5,65,543,3645,0.844993141289438,2055,5753,415,220,23,4897,31,1231,21,31
"413","2020-05-14",188,5,63,498,3645,0.844993141289438,2055,5753,415,220,27,4924,16,1247,25,16
"414","2020-05-15",184,5,63,486,3645,0.844993141289438,2055,5753,415,220,19,4943,27,1274,18,27
"415","2020-05-16",185,5,64,466,3645,0.844993141289438,2055,5753,415,220,19,4962,34,1308,17,34
"416","2020-05-17",171,5,69,439,3645,0.844993141289438,2055,5753,415,220,30,4992,13,1321,28,13
"417","2020-05-18",160,5,76,414,3645,0.844993141289438,2055,5753,415,220,18,5010,13,1334,16,13
"418","2020-05-19",145,5,75,394,3645,0.844993141289438,2055,5753,415,220,20,5030,13,1347,19,13
"419","2020-05-20",138,5,67,396,3645,0.844993141289438,2055,5753,415,220,19,5049,14,1361,18,14
"420","2020-05-21",132,5,64,376,3645,0.844993141289438,2055,5753,415,220,21,5070,16,1377,17,16
"421","2020-05-22",128,5,55,360,3645,0.844993141289438,2055,5753,415,220,20,5090,24,1401,17,24
"422","2020-05-23",127,5,56,338,3645,0.844993141289438,2055,5753,415,220,4,5094,19,1420,3,19
"423","2020-05-24",125,5,49,330,3645,0.844993141289438,2055,5753,415,220,14,5108,20,1440,14,20
"424","2020-05-25",126,5,48,321,3645,0.844993141289438,2055,5753,415,220,11,5119,18,1458,10,18
"425","2020-05-26",121,5,45,303,3645,0.844993141289438,2055,5753,415,220,17,5136,11,1469,14,11
"426","2020-05-27",122,5,37,304,3645,0.844993141289438,2055,5753,415,220,9,5145,9,1478,6,9
"427","2020-05-28",117,5,31,308,3645,0.844993141289438,2055,5753,415,220,12,5157,4,1482,11,4
"428","2020-05-29",120,5,31,302,3645,0.844993141289438,2055,5753,415,220,6,5163,6,1488,5,6
"429","2020-05-30",108,5,29,296,3645,0.844993141289438,2055,5753,415,220,9,5172,6,1494,9,6
"430","2020-05-31",107,5,27,283,3645,0.844993141289438,2055,5753,415,220,5,5177,10,1504,4,10
"431","2020-06-01",103,5,31,281,3645,0.844993141289438,2055,5753,415,220,6,5183,7,1511,5,7
"432","2020-06-02",101,5,29,268,3645,0.844993141289438,2055,5753,415,220,6,5189,5,1516,6,5
"433","2020-06-03",99,5,31,254,3645,0.844993141289438,2055,5753,415,220,6,5195,4,1520,3,4
"434","2020-06-04",107,5,33,247,3645,0.844993141289438,2055,5753,415,220,2,5197,6,1526,2,6
"435","2020-06-05",106,5,33,232,3645,0.844993141289438,2055,5753,415,220,7,5204,13,1539,6,13
"436","2020-06-06",102,5,33,220,3645,0.844993141289438,2055,5753,415,220,4,5208,10,1549,4,10
"437","2020-06-07",84,5,30,209,3645,0.844993141289438,2055,5753,415,220,6,5214,8,1557,6,8
"438","2020-03-08",1,6,0,0,2880,0.838888888888889,2085,5095,339,364,NA,NA,NA,NA,NA,NA
"439","2020-03-09",1,6,0,0,2880,0.838888888888889,2085,5095,339,364,NA,NA,NA,NA,NA,NA
"440","2020-03-10",0,6,0,0,2880,0.838888888888889,2085,5095,339,364,NA,NA,NA,NA,NA,NA
"441","2020-03-11",0,6,0,0,2880,0.838888888888889,2085,5095,339,364,11,11,1,1,NA,1
"442","2020-03-12",0,6,0,0,2880,0.838888888888889,2085,5095,339,364,8,19,4,5,NA,4
"443","2020-03-13",0,6,0,0,2880,0.838888888888889,2085,5095,339,364,7,26,3,8,1,3
"444","2020-03-14",0,6,0,0,2880,0.838888888888889,2085,5095,339,364,9,35,3,11,3,3
"445","2020-03-15",2,6,22,35,2880,0.838888888888889,2085,5095,339,364,11,46,4,15,5,4
"446","2020-03-16",2,6,30,51,2880,0.838888888888889,2085,5095,339,364,15,61,1,16,7,1
"447","2020-03-17",6,6,33,60,2880,0.838888888888889,2085,5095,339,364,12,73,2,18,5,2
"448","2020-03-18",7,6,44,66,2880,0.838888888888889,2085,5095,339,364,13,86,NA,NA,7,NA
"449","2020-03-19",7,6,58,82,2880,0.838888888888889,2085,5095,339,364,20,106,5,23,15,5
"450","2020-03-20",12,6,63,100,2880,0.838888888888889,2085,5095,339,364,18,124,2,25,11,2
"451","2020-03-21",14,6,69,117,2880,0.838888888888889,2085,5095,339,364,16,140,6,31,11,6
"452","2020-03-22",23,6,68,134,2880,0.838888888888889,2085,5095,339,364,13,153,2,33,8,2
"453","2020-03-23",24,6,61,150,2880,0.838888888888889,2085,5095,339,364,16,169,5,38,10,5
"454","2020-03-24",26,6,51,168,2880,0.838888888888889,2085,5095,339,364,16,185,4,42,13,4
"455","2020-03-25",29,6,37,175,2880,0.838888888888889,2085,5095,339,364,24,209,7,49,20,7
"456","2020-03-26",36,6,37,192,2880,0.838888888888889,2085,5095,339,364,32,241,5,54,20,5
"457","2020-03-27",40,6,41,211,2880,0.838888888888889,2085,5095,339,364,35,276,10,64,24,10
"458","2020-03-28",54,6,50,227,2880,0.838888888888889,2085,5095,339,364,37,313,9,73,30,9
"459","2020-03-29",63,6,51,252,2880,0.838888888888889,2085,5095,339,364,27,340,5,78,22,5
"460","2020-03-30",70,6,52,267,2880,0.838888888888889,2085,5095,339,364,41,381,4,82,30,4
"461","2020-03-31",67,6,45,282,2880,0.838888888888889,2085,5095,339,364,43,424,8,90,39,8
"462","2020-04-01",71,6,46,302,2880,0.838888888888889,2085,5095,339,364,51,475,16,106,42,16
"463","2020-04-02",85,6,41,321,2880,0.838888888888889,2085,5095,339,364,35,510,14,120,30,14
"464","2020-04-03",106,6,29,347,2880,0.838888888888889,2085,5095,339,364,36,546,4,124,33,4
"465","2020-04-04",131,6,40,355,2880,0.838888888888889,2085,5095,339,364,53,599,19,143,44,19
"466","2020-04-05",145,6,50,359,2880,0.838888888888889,2085,5095,339,364,61,660,20,163,54,20
"467","2020-04-06",141,6,59,368,2880,0.838888888888889,2085,5095,339,364,47,707,13,176,40,13
"468","2020-04-07",134,6,67,382,2880,0.838888888888889,2085,5095,339,364,56,763,4,180,48,4
"469","2020-04-08",139,6,66,394,2880,0.838888888888889,2085,5095,339,364,56,819,11,191,53,11
"470","2020-04-09",134,6,62,412,2880,0.838888888888889,2085,5095,339,364,57,876,9,200,48,9
"471","2020-04-10",156,6,61,404,2880,0.838888888888889,2085,5095,339,364,57,933,11,211,46,11
"472","2020-04-11",138,6,78,414,2880,0.838888888888889,2085,5095,339,364,68,1001,14,225,53,14
"473","2020-04-12",120,6,60,444,2880,0.838888888888889,2085,5095,339,364,66,1067,17,242,59,17
"474","2020-04-13",122,6,60,444,2880,0.838888888888889,2085,5095,339,364,59,1126,14,256,53,14
"475","2020-04-14",133,6,67,451,2880,0.838888888888889,2085,5095,339,364,79,1205,12,268,75,12
"476","2020-04-15",140,6,79,453,2880,0.838888888888889,2085,5095,339,364,78,1283,14,282,71,14
"477","2020-04-16",138,6,88,447,2880,0.838888888888889,2085,5095,339,364,80,1363,13,295,69,13
"478","2020-04-17",135,6,100,448,2880,0.838888888888889,2085,5095,339,364,56,1419,10,305,50,10
"479","2020-04-18",137,6,102,451,2880,0.838888888888889,2085,5095,339,364,62,1481,6,311,54,6
"480","2020-04-19",156,6,106,450,2880,0.838888888888889,2085,5095,339,364,71,1552,10,321,66,10
"481","2020-04-20",154,6,98,447,2880,0.838888888888889,2085,5095,339,364,85,1637,9,330,78,9
"482","2020-04-21",147,6,93,463,2880,0.838888888888889,2085,5095,339,364,80,1717,16,346,68,16
"483","2020-04-22",145,6,93,462,2880,0.838888888888889,2085,5095,339,364,51,1768,18,364,43,18
"484","2020-04-23",146,6,97,462,2880,0.838888888888889,2085,5095,339,364,71,1839,17,381,66,17
"485","2020-04-24",138,6,87,468,2880,0.838888888888889,2085,5095,339,364,56,1895,12,393,51,12
"486","2020-04-25",147,6,103,466,2880,0.838888888888889,2085,5095,339,364,62,1957,17,410,56,17
"487","2020-04-26",153,6,93,453,2880,0.838888888888889,2085,5095,339,364,48,2005,15,425,42,15
"488","2020-04-27",163,6,85,459,2880,0.838888888888889,2085,5095,339,364,81,2086,24,449,72,24
"489","2020-04-28",152,6,75,463,2880,0.838888888888889,2085,5095,339,364,67,2153,25,474,60,25
"490","2020-04-29",150,6,82,454,2880,0.838888888888889,2085,5095,339,364,57,2210,14,488,55,14
"491","2020-04-30",155,6,77,458,2880,0.838888888888889,2085,5095,339,364,57,2267,10,498,49,10
"492","2020-05-01",172,6,79,460,2880,0.838888888888889,2085,5095,339,364,53,2320,19,517,46,19
"493","2020-05-02",169,6,83,457,2880,0.838888888888889,2085,5095,339,364,65,2385,9,526,53,9
"494","2020-05-03",146,6,91,460,2880,0.838888888888889,2085,5095,339,364,43,2428,20,546,41,20
"495","2020-05-04",134,6,93,452,2880,0.838888888888889,2085,5095,339,364,44,2472,12,558,40,12
"496","2020-05-05",135,6,76,463,2880,0.838888888888889,2085,5095,339,364,60,2532,15,573,54,15
"497","2020-05-06",133,6,86,459,2880,0.838888888888889,2085,5095,339,364,49,2581,11,584,42,11
"498","2020-05-07",133,6,78,482,2880,0.838888888888889,2085,5095,339,364,46,2627,17,601,37,17
"499","2020-05-08",132,6,69,476,2880,0.838888888888889,2085,5095,339,364,48,2675,21,622,42,21
"500","2020-05-09",157,6,65,474,2880,0.838888888888889,2085,5095,339,364,51,2726,7,629,45,7
"501","2020-05-10",145,6,56,466,2880,0.838888888888889,2085,5095,339,364,48,2774,14,643,44,14
"502","2020-05-11",144,6,54,445,2880,0.838888888888889,2085,5095,339,364,51,2825,20,663,41,20
"503","2020-05-12",140,6,65,444,2880,0.838888888888889,2085,5095,339,364,58,2883,10,673,53,10
"504","2020-05-13",141,6,78,428,2880,0.838888888888889,2085,5095,339,364,53,2936,15,688,49,15
"505","2020-05-14",137,6,83,418,2880,0.838888888888889,2085,5095,339,364,43,2979,22,710,39,22
"506","2020-05-15",158,6,87,419,2880,0.838888888888889,2085,5095,339,364,44,3023,20,730,39,20
"507","2020-05-16",161,6,106,403,2880,0.838888888888889,2085,5095,339,364,36,3059,14,744,31,14
"508","2020-05-17",156,6,104,394,2880,0.838888888888889,2085,5095,339,364,45,3104,18,762,40,18
"509","2020-05-18",137,6,107,382,2880,0.838888888888889,2085,5095,339,364,45,3149,18,780,37,18
"510","2020-05-19",134,6,103,373,2880,0.838888888888889,2085,5095,339,364,35,3184,24,804,30,24
"511","2020-05-20",132,6,94,377,2880,0.838888888888889,2085,5095,339,364,32,3216,24,828,24,24
"512","2020-05-21",125,6,103,375,2880,0.838888888888889,2085,5095,339,364,42,3258,15,843,38,15
"513","2020-05-22",131,6,103,372,2880,0.838888888888889,2085,5095,339,364,31,3289,13,856,23,13
"514","2020-05-23",118,6,88,369,2880,0.838888888888889,2085,5095,339,364,35,3324,8,864,33,8
"515","2020-05-24",108,6,82,368,2880,0.838888888888889,2085,5095,339,364,36,3360,8,872,34,8
"516","2020-05-25",109,6,76,359,2880,0.838888888888889,2085,5095,339,364,32,3392,8,880,28,8
"517","2020-05-26",111,6,68,341,2880,0.838888888888889,2085,5095,339,364,31,3423,9,889,29,9
"518","2020-05-27",114,6,68,323,2880,0.838888888888889,2085,5095,339,364,27,3450,18,907,26,18
"519","2020-05-28",122,6,66,320,2880,0.838888888888889,2085,5095,339,364,24,3474,7,914,22,7
"520","2020-05-29",115,6,66,310,2880,0.838888888888889,2085,5095,339,364,26,3500,10,924,25,10
"521","2020-05-30",112,6,63,303,2880,0.838888888888889,2085,5095,339,364,18,3518,6,930,11,6
"522","2020-05-31",121,6,47,298,2880,0.838888888888889,2085,5095,339,364,35,3553,7,937,31,7
"523","2020-06-01",118,6,41,278,2880,0.838888888888889,2085,5095,339,364,18,3571,10,947,15,10
"524","2020-06-02",112,6,34,279,2880,0.838888888888889,2085,5095,339,364,20,3591,8,955,16,8
"525","2020-06-03",107,6,36,264,2880,0.838888888888889,2085,5095,339,364,14,3605,7,962,14,7
"526","2020-06-04",98,6,35,249,2880,0.838888888888889,2085,5095,339,364,15,3620,5,967,13,5
"527","2020-06-05",90,6,36,242,2880,0.838888888888889,2085,5095,339,364,23,3643,6,973,19,6
"528","2020-06-06",91,6,44,231,2880,0.838888888888889,2085,5095,339,364,12,3655,8,981,11,8
"529","2020-06-07",82,6,44,224,2880,0.838888888888889,2085,5095,339,364,19,3674,3,984,16,3
"530","2020-03-08",1,7,0,0,2433,0.548294286888615,2010,4499,234,136,NA,NA,NA,NA,NA,NA
"531","2020-03-09",1,7,0,0,2433,0.548294286888615,2010,4499,234,136,NA,NA,NA,NA,NA,NA
"532","2020-03-10",0,7,0,0,2433,0.548294286888615,2010,4499,234,136,NA,NA,1,1,NA,1
"533","2020-03-11",0,7,0,0,2433,0.548294286888615,2010,4499,234,136,6,6,5,6,NA,5
"534","2020-03-12",0,7,0,0,2433,0.548294286888615,2010,4499,234,136,7,13,5,11,NA,5
"535","2020-03-13",0,7,0,0,2433,0.548294286888615,2010,4499,234,136,10,23,5,16,7,5
"536","2020-03-14",0,7,0,0,2433,0.548294286888615,2010,4499,234,136,7,30,15,31,3,15
"537","2020-03-15",1,7,17,55,2433,0.548294286888615,2010,4499,234,136,10,40,8,39,6,8
"538","2020-03-16",3,7,24,71,2433,0.548294286888615,2010,4499,234,136,9,49,11,50,7,11
"539","2020-03-17",4,7,23,89,2433,0.548294286888615,2010,4499,234,136,10,59,12,62,8,12
"540","2020-03-18",7,7,28,104,2433,0.548294286888615,2010,4499,234,136,16,75,3,65,12,3
"541","2020-03-19",10,7,23,120,2433,0.548294286888615,2010,4499,234,136,14,89,13,78,13,13
"542","2020-03-20",17,7,21,145,2433,0.548294286888615,2010,4499,234,136,16,105,6,84,11,6
"543","2020-03-21",34,7,19,155,2433,0.548294286888615,2010,4499,234,136,22,127,5,89,18,5
"544","2020-03-22",46,7,18,162,2433,0.548294286888615,2010,4499,234,136,17,144,3,92,13,3
"545","2020-03-23",50,7,18,187,2433,0.548294286888615,2010,4499,234,136,22,166,12,104,21,12
"546","2020-03-24",50,7,26,206,2433,0.548294286888615,2010,4499,234,136,23,189,11,115,16,11
"547","2020-03-25",60,7,31,208,2433,0.548294286888615,2010,4499,234,136,28,217,6,121,25,6
"548","2020-03-26",62,7,28,225,2433,0.548294286888615,2010,4499,234,136,26,243,13,134,21,13
"549","2020-03-27",76,7,30,246,2433,0.548294286888615,2010,4499,234,136,40,283,10,144,39,10
"550","2020-03-28",74,7,30,266,2433,0.548294286888615,2010,4499,234,136,38,321,7,151,33,7
"551","2020-03-29",76,7,36,263,2433,0.548294286888615,2010,4499,234,136,36,357,7,158,34,7
"552","2020-03-30",76,7,39,267,2433,0.548294286888615,2010,4499,234,136,33,390,9,167,30,9
"553","2020-03-31",79,7,31,274,2433,0.548294286888615,2010,4499,234,136,42,432,13,180,41,13
"554","2020-04-01",75,7,27,283,2433,0.548294286888615,2010,4499,234,136,37,469,9,189,35,9
"555","2020-04-02",85,7,24,295,2433,0.548294286888615,2010,4499,234,136,56,525,3,192,53,3
"556","2020-04-03",91,7,26,288,2433,0.548294286888615,2010,4499,234,136,59,584,4,196,54,4
"557","2020-04-04",94,7,24,284,2433,0.548294286888615,2010,4499,234,136,55,639,13,209,50,13
"558","2020-04-05",91,7,26,295,2433,0.548294286888615,2010,4499,234,136,50,689,13,222,46,13
"559","2020-04-06",94,7,27,302,2433,0.548294286888615,2010,4499,234,136,77,766,12,234,73,12
"560","2020-04-07",94,7,26,313,2433,0.548294286888615,2010,4499,234,136,62,828,17,251,55,17
"561","2020-04-08",101,7,28,332,2433,0.548294286888615,2010,4499,234,136,58,886,7,258,57,7
"562","2020-04-09",98,7,24,338,2433,0.548294286888615,2010,4499,234,136,76,962,14,272,73,14
"563","2020-04-10",118,7,28,335,2433,0.548294286888615,2010,4499,234,136,66,1028,14,286,62,14
"564","2020-04-11",117,7,20,345,2433,0.548294286888615,2010,4499,234,136,78,1106,11,297,69,11
"565","2020-04-12",111,7,29,350,2433,0.548294286888615,2010,4499,234,136,73,1179,13,310,68,13
"566","2020-04-13",112,7,38,372,2433,0.548294286888615,2010,4499,234,136,68,1247,21,331,65,21
"567","2020-04-14",109,7,39,375,2433,0.548294286888615,2010,4499,234,136,112,1359,21,352,109,21
"568","2020-04-15",103,7,43,389,2433,0.548294286888615,2010,4499,234,136,61,1420,15,367,56,15
"569","2020-04-16",103,7,40,379,2433,0.548294286888615,2010,4499,234,136,80,1500,11,378,79,11
"570","2020-04-17",96,7,31,393,2433,0.548294286888615,2010,4499,234,136,77,1577,17,395,74,17
"571","2020-04-18",118,7,36,395,2433,0.548294286888615,2010,4499,234,136,69,1646,10,405,64,10
"572","2020-04-19",120,7,35,407,2433,0.548294286888615,2010,4499,234,136,89,1735,6,411,83,6
"573","2020-04-20",115,7,32,405,2433,0.548294286888615,2010,4499,234,136,92,1827,8,419,88,8
"574","2020-04-21",113,7,38,409,2433,0.548294286888615,2010,4499,234,136,119,1946,12,431,114,12
"575","2020-04-22",118,7,35,407,2433,0.548294286888615,2010,4499,234,136,71,2017,15,446,68,15
"576","2020-04-23",121,7,27,428,2433,0.548294286888615,2010,4499,234,136,107,2124,22,468,103,22
"577","2020-04-24",141,7,31,422,2433,0.548294286888615,2010,4499,234,136,89,2213,27,495,86,27
"578","2020-04-25",132,7,34,424,2433,0.548294286888615,2010,4499,234,136,96,2309,12,507,92,12
"579","2020-04-26",134,7,32,433,2433,0.548294286888615,2010,4499,234,136,93,2402,20,527,90,20
"580","2020-04-27",138,7,34,431,2433,0.548294286888615,2010,4499,234,136,78,2480,9,536,73,9
"581","2020-04-28",138,7,43,433,2433,0.548294286888615,2010,4499,234,136,94,2574,11,547,92,11
"582","2020-04-29",140,7,42,426,2433,0.548294286888615,2010,4499,234,136,95,2669,9,556,91,9
"583","2020-04-30",141,7,41,437,2433,0.548294286888615,2010,4499,234,136,105,2774,15,571,97,15
"584","2020-05-01",144,7,37,422,2433,0.548294286888615,2010,4499,234,136,81,2855,18,589,78,18
"585","2020-05-02",163,7,35,409,2433,0.548294286888615,2010,4499,234,136,81,2936,27,616,78,27
"586","2020-05-03",147,7,44,413,2433,0.548294286888615,2010,4499,234,136,78,3014,23,639,73,23
"587","2020-05-04",135,7,45,399,2433,0.548294286888615,2010,4499,234,136,75,3089,19,658,74,19
"588","2020-05-05",137,7,44,397,2433,0.548294286888615,2010,4499,234,136,88,3177,15,673,85,15
"589","2020-05-06",142,7,46,378,2433,0.548294286888615,2010,4499,234,136,79,3256,9,682,72,9
"590","2020-05-07",149,7,44,368,2433,0.548294286888615,2010,4499,234,136,78,3334,13,695,73,13
"591","2020-05-08",147,7,39,352,2433,0.548294286888615,2010,4499,234,136,98,3432,10,705,94,10
"592","2020-05-09",124,7,35,343,2433,0.548294286888615,2010,4499,234,136,91,3523,5,710,87,5
"593","2020-05-10",126,7,32,346,2433,0.548294286888615,2010,4499,234,136,57,3580,8,718,56,8
"594","2020-05-11",127,7,35,339,2433,0.548294286888615,2010,4499,234,136,65,3645,13,731,61,13
"595","2020-05-12",123,7,28,326,2433,0.548294286888615,2010,4499,234,136,62,3707,6,737,59,6
"596","2020-05-13",120,7,29,318,2433,0.548294286888615,2010,4499,234,136,49,3756,8,745,47,8
"597","2020-05-14",110,7,19,296,2433,0.548294286888615,2010,4499,234,136,75,3831,13,758,75,13
"598","2020-05-15",106,7,24,282,2433,0.548294286888615,2010,4499,234,136,54,3885,21,779,53,21
"599","2020-05-16",101,7,27,276,2433,0.548294286888615,2010,4499,234,136,54,3939,12,791,52,12
"600","2020-05-17",96,7,27,266,2433,0.548294286888615,2010,4499,234,136,47,3986,14,805,46,14
"601","2020-05-18",97,7,31,275,2433,0.548294286888615,2010,4499,234,136,42,4028,16,821,40,16
"602","2020-05-19",91,7,29,270,2433,0.548294286888615,2010,4499,234,136,39,4067,14,835,35,14
"603","2020-05-20",80,7,29,271,2433,0.548294286888615,2010,4499,234,136,35,4102,17,852,32,17
"604","2020-05-21",73,7,27,266,2433,0.548294286888615,2010,4499,234,136,52,4154,10,862,50,10
"605","2020-05-22",76,7,28,262,2433,0.548294286888615,2010,4499,234,136,49,4203,12,874,44,12
"606","2020-05-23",82,7,23,266,2433,0.548294286888615,2010,4499,234,136,34,4237,3,877,34,3
"607","2020-05-24",80,7,30,266,2433,0.548294286888615,2010,4499,234,136,44,4281,8,885,42,8
"608","2020-05-25",75,7,28,267,2433,0.548294286888615,2010,4499,234,136,31,4312,10,895,30,10
"609","2020-05-26",82,7,31,256,2433,0.548294286888615,2010,4499,234,136,17,4329,9,904,17,9
"610","2020-05-27",83,7,33,262,2433,0.548294286888615,2010,4499,234,136,16,4345,5,909,14,5
"611","2020-05-28",88,7,35,255,2433,0.548294286888615,2010,4499,234,136,22,4367,7,916,21,7
"612","2020-05-29",88,7,26,251,2433,0.548294286888615,2010,4499,234,136,17,4384,3,919,17,3
"613","2020-05-30",82,7,25,247,2433,0.548294286888615,2010,4499,234,136,26,4410,1,920,26,1
"614","2020-05-31",73,7,27,238,2433,0.548294286888615,2010,4499,234,136,26,4436,9,929,23,9
"615","2020-06-01",76,7,26,233,2433,0.548294286888615,2010,4499,234,136,22,4458,2,931,21,2
"616","2020-06-02",69,7,20,211,2433,0.548294286888615,2010,4499,234,136,13,4471,1,932,13,1
"617","2020-06-03",72,7,18,193,2433,0.548294286888615,2010,4499,234,136,15,4486,8,940,14,8
"618","2020-06-04",66,7,15,180,2433,0.548294286888615,2010,4499,234,136,16,4502,7,947,16,7
"619","2020-06-05",58,7,14,174,2433,0.548294286888615,2010,4499,234,136,18,4520,9,956,17,9
"620","2020-06-06",62,7,14,160,2433,0.548294286888615,2010,4499,234,136,15,4535,11,967,15,11
"621","2020-06-07",61,7,21,148,2433,0.548294286888615,2010,4499,234,136,12,4547,6,973,12,6
"622","2020-03-13",1,8,12,28,3116,0.764762516046213,1965,6179,320,488,5,14,NA,NA,NA,NA
"623","2020-03-14",3,8,19,37,3116,0.764762516046213,1965,6179,320,488,15,29,3,7,2,3
"624","2020-03-15",4,8,23,48,3116,0.764762516046213,1965,6179,320,488,8,37,8,15,1,8
"625","2020-03-16",5,8,32,64,3116,0.764762516046213,1965,6179,320,488,14,51,3,18,5,3
"626","2020-03-17",9,8,37,89,3116,0.764762516046213,1965,6179,320,488,8,59,6,24,4,6
"627","2020-03-18",9,8,49,107,3116,0.764762516046213,1965,6179,320,488,12,71,4,28,4,4
"628","2020-03-19",14,8,56,133,3116,0.764762516046213,1965,6179,320,488,14,85,NA,NA,7,NA
"629","2020-03-20",22,8,62,140,3116,0.764762516046213,1965,6179,320,488,13,98,3,31,6,3
"630","2020-03-21",35,8,62,150,3116,0.764762516046213,1965,6179,320,488,16,114,3,34,5,3
"631","2020-03-22",48,8,74,167,3116,0.764762516046213,1965,6179,320,488,12,126,7,41,6,7
"632","2020-03-23",50,8,80,185,3116,0.764762516046213,1965,6179,320,488,8,134,3,44,4,3
"633","2020-03-24",50,8,79,195,3116,0.764762516046213,1965,6179,320,488,23,157,2,46,11,2
"634","2020-03-25",58,8,84,209,3116,0.764762516046213,1965,6179,320,488,17,174,NA,NA,10,NA
"635","2020-03-26",57,8,73,216,3116,0.764762516046213,1965,6179,320,488,14,188,2,48,8,2
"636","2020-03-27",67,8,71,236,3116,0.764762516046213,1965,6179,320,488,18,206,4,52,13,4
"637","2020-03-28",66,8,72,245,3116,0.764762516046213,1965,6179,320,488,14,220,8,60,9,8
"638","2020-03-29",69,8,82,251,3116,0.764762516046213,1965,6179,320,488,23,243,3,63,16,3
"639","2020-03-30",76,8,75,256,3116,0.764762516046213,1965,6179,320,488,16,259,6,69,8,6
"640","2020-03-31",77,8,66,269,3116,0.764762516046213,1965,6179,320,488,17,276,14,83,9,14
"641","2020-04-01",75,8,71,276,3116,0.764762516046213,1965,6179,320,488,23,299,7,90,18,7
"642","2020-04-02",83,8,65,306,3116,0.764762516046213,1965,6179,320,488,27,326,11,101,19,11
"643","2020-04-03",90,8,71,324,3116,0.764762516046213,1965,6179,320,488,19,345,15,116,10,15
"644","2020-04-04",101,8,70,336,3116,0.764762516046213,1965,6179,320,488,21,366,8,124,10,8
"645","2020-04-05",103,8,64,349,3116,0.764762516046213,1965,6179,320,488,17,383,9,133,14,9
"646","2020-04-06",104,8,58,367,3116,0.764762516046213,1965,6179,320,488,34,417,13,146,24,13
"647","2020-04-07",100,8,66,392,3116,0.764762516046213,1965,6179,320,488,17,434,23,169,12,23
"648","2020-04-08",107,8,79,417,3116,0.764762516046213,1965,6179,320,488,25,459,14,183,16,14
"649","2020-04-09",119,8,92,429,3116,0.764762516046213,1965,6179,320,488,28,487,18,201,22,18
"650","2020-04-10",142,8,97,442,3116,0.764762516046213,1965,6179,320,488,35,522,11,212,25,11
"651","2020-04-11",146,8,116,473,3116,0.764762516046213,1965,6179,320,488,34,556,11,223,24,11
"652","2020-04-12",156,8,122,490,3116,0.764762516046213,1965,6179,320,488,26,582,14,237,17,14
"653","2020-04-13",160,8,132,497,3116,0.764762516046213,1965,6179,320,488,19,601,8,245,13,8
"654","2020-04-14",165,8,137,511,3116,0.764762516046213,1965,6179,320,488,31,632,8,253,26,8
"655","2020-04-15",168,8,131,507,3116,0.764762516046213,1965,6179,320,488,21,653,14,267,14,14
"656","2020-04-16",166,8,121,526,3116,0.764762516046213,1965,6179,320,488,27,680,8,275,20,8
"657","2020-04-17",172,8,119,528,3116,0.764762516046213,1965,6179,320,488,39,719,11,286,26,11
"658","2020-04-18",166,8,135,536,3116,0.764762516046213,1965,6179,320,488,23,742,11,297,18,11
"659","2020-04-19",160,8,137,552,3116,0.764762516046213,1965,6179,320,488,27,769,3,300,19,3
"660","2020-04-20",165,8,132,536,3116,0.764762516046213,1965,6179,320,488,38,807,18,318,30,18
"661","2020-04-21",156,8,132,529,3116,0.764762516046213,1965,6179,320,488,18,825,12,330,9,12
"662","2020-04-22",158,8,123,504,3116,0.764762516046213,1965,6179,320,488,24,849,5,335,19,5
"663","2020-04-23",155,8,118,525,3116,0.764762516046213,1965,6179,320,488,37,886,15,350,32,15
"664","2020-04-24",175,8,107,529,3116,0.764762516046213,1965,6179,320,488,33,919,6,356,19,6
"665","2020-04-25",190,8,113,520,3116,0.764762516046213,1965,6179,320,488,26,945,13,369,16,13
"666","2020-04-26",195,8,105,519,3116,0.764762516046213,1965,6179,320,488,35,980,4,373,20,4
"667","2020-04-27",180,8,111,512,3116,0.764762516046213,1965,6179,320,488,26,1006,8,381,18,8
"668","2020-04-28",172,8,113,509,3116,0.764762516046213,1965,6179,320,488,38,1044,4,385,28,4
"669","2020-04-29",170,8,111,506,3116,0.764762516046213,1965,6179,320,488,25,1069,7,392,22,7
"670","2020-04-30",167,8,118,499,3116,0.764762516046213,1965,6179,320,488,28,1097,13,405,20,13
"671","2020-05-01",175,8,122,506,3116,0.764762516046213,1965,6179,320,488,28,1125,10,415,22,10
"672","2020-05-02",165,8,126,501,3116,0.764762516046213,1965,6179,320,488,31,1156,7,422,23,7
"673","2020-05-03",152,8,123,500,3116,0.764762516046213,1965,6179,320,488,21,1177,14,436,12,14
"674","2020-05-04",162,8,140,515,3116,0.764762516046213,1965,6179,320,488,37,1214,14,450,27,14
"675","2020-05-05",161,8,154,502,3116,0.764762516046213,1965,6179,320,488,35,1249,11,461,25,11
"676","2020-05-06",156,8,153,495,3116,0.764762516046213,1965,6179,320,488,28,1277,10,471,21,10
"677","2020-05-07",167,8,162,485,3116,0.764762516046213,1965,6179,320,488,29,1306,8,479,24,8
"678","2020-05-08",168,8,161,493,3116,0.764762516046213,1965,6179,320,488,29,1335,12,491,20,12
"679","2020-05-09",170,8,162,473,3116,0.764762516046213,1965,6179,320,488,32,1367,4,495,28,4
"680","2020-05-10",171,8,163,455,3116,0.764762516046213,1965,6179,320,488,27,1394,8,503,22,8
"681","2020-05-11",160,8,172,456,3116,0.764762516046213,1965,6179,320,488,26,1420,7,510,22,7
"682","2020-05-12",148,8,183,428,3116,0.764762516046213,1965,6179,320,488,35,1455,5,515,26,5
"683","2020-05-13",151,8,190,426,3116,0.764762516046213,1965,6179,320,488,31,1486,20,535,21,20
"684","2020-05-14",144,8,182,411,3116,0.764762516046213,1965,6179,320,488,18,1504,14,549,14,14
"685","2020-05-15",138,8,193,428,3116,0.764762516046213,1965,6179,320,488,23,1527,10,559,18,10
"686","2020-05-16",141,8,201,415,3116,0.764762516046213,1965,6179,320,488,31,1558,4,563,25,4
"687","2020-05-17",148,8,205,404,3116,0.764762516046213,1965,6179,320,488,20,1578,11,574,12,11
"688","2020-05-18",156,8,215,420,3116,0.764762516046213,1965,6179,320,488,21,1599,12,586,12,12
"689","2020-05-19",154,8,212,423,3116,0.764762516046213,1965,6179,320,488,26,1625,11,597,22,11
"690","2020-05-20",151,8,231,425,3116,0.764762516046213,1965,6179,320,488,22,1647,15,612,16,15
"691","2020-05-21",154,8,228,402,3116,0.764762516046213,1965,6179,320,488,23,1670,15,627,13,15
"692","2020-05-22",162,8,220,409,3116,0.764762516046213,1965,6179,320,488,26,1696,10,637,21,10
"693","2020-05-23",155,8,214,413,3116,0.764762516046213,1965,6179,320,488,29,1725,13,650,23,13
"694","2020-05-24",128,8,205,407,3116,0.764762516046213,1965,6179,320,488,18,1743,7,657,16,7
"695","2020-05-25",119,8,191,397,3116,0.764762516046213,1965,6179,320,488,24,1767,10,667,20,10
"696","2020-05-26",113,8,170,383,3116,0.764762516046213,1965,6179,320,488,20,1787,18,685,14,18
"697","2020-05-27",116,8,155,367,3116,0.764762516046213,1965,6179,320,488,21,1808,17,702,15,17
"698","2020-05-28",108,8,151,364,3116,0.764762516046213,1965,6179,320,488,28,1836,9,711,21,9
"699","2020-05-29",110,8,139,360,3116,0.764762516046213,1965,6179,320,488,22,1858,11,722,18,11
"700","2020-05-30",114,8,146,356,3116,0.764762516046213,1965,6179,320,488,15,1873,4,726,15,4
"701","2020-05-31",126,8,149,343,3116,0.764762516046213,1965,6179,320,488,18,1891,8,734,13,8
"702","2020-06-01",126,8,143,331,3116,0.764762516046213,1965,6179,320,488,26,1917,1,735,22,1
"703","2020-06-02",122,8,138,309,3116,0.764762516046213,1965,6179,320,488,17,1934,2,737,14,2
"704","2020-06-03",129,8,132,288,3116,0.764762516046213,1965,6179,320,488,12,1946,9,746,11,9
"705","2020-06-04",125,8,124,277,3116,0.764762516046213,1965,6179,320,488,21,1967,10,756,19,10
"706","2020-06-05",125,8,129,267,3116,0.764762516046213,1965,6179,320,488,18,1985,9,765,14,9
"707","2020-06-06",117,8,123,253,3116,0.764762516046213,1965,6179,320,488,19,2004,4,769,17,4
"708","2020-06-07",106,8,103,246,3116,0.764762516046213,1965,6179,320,488,16,2020,7,776,14,7
"709","2020-03-15",3,9,15,17,5329,0.977669356352036,2040,6766,520,287,4,12,2,20,3,2
"710","2020-03-16",3,9,19,22,5329,0.977669356352036,2040,6766,520,287,3,15,1,21,2,1
"711","2020-03-17",1,9,20,27,5329,0.977669356352036,2040,6766,520,287,5,20,NA,NA,3,NA
"712","2020-03-18",2,9,17,34,5329,0.977669356352036,2040,6766,520,287,3,23,7,28,2,7
"713","2020-03-19",4,9,31,40,5329,0.977669356352036,2040,6766,520,287,8,31,3,31,6,3
"714","2020-03-20",7,9,34,49,5329,0.977669356352036,2040,6766,520,287,6,37,9,40,5,9
"715","2020-03-21",12,9,35,55,5329,0.977669356352036,2040,6766,520,287,5,42,5,45,4,5
"716","2020-03-22",12,9,36,65,5329,0.977669356352036,2040,6766,520,287,7,49,12,57,6,12
"717","2020-03-23",14,9,42,80,5329,0.977669356352036,2040,6766,520,287,4,53,10,67,2,10
"718","2020-03-24",17,9,53,101,5329,0.977669356352036,2040,6766,520,287,10,63,11,78,9,11
"719","2020-03-25",21,9,49,115,5329,0.977669356352036,2040,6766,520,287,7,70,3,81,6,3
"720","2020-03-26",23,9,50,142,5329,0.977669356352036,2040,6766,520,287,13,83,17,98,11,17
"721","2020-03-27",31,9,48,173,5329,0.977669356352036,2040,6766,520,287,10,93,15,113,8,15
"722","2020-03-28",33,9,50,196,5329,0.977669356352036,2040,6766,520,287,18,111,9,122,17,9
"723","2020-03-29",36,9,50,228,5329,0.977669356352036,2040,6766,520,287,15,126,17,139,12,17
"724","2020-03-30",42,9,60,263,5329,0.977669356352036,2040,6766,520,287,15,141,16,155,13,16
"725","2020-03-31",46,9,62,310,5329,0.977669356352036,2040,6766,520,287,19,160,10,165,17,10
"726","2020-04-01",49,9,71,350,5329,0.977669356352036,2040,6766,520,287,25,185,13,178,23,13
"727","2020-04-02",52,9,66,412,5329,0.977669356352036,2040,6766,520,287,22,207,1,179,21,1
"728","2020-04-03",69,9,70,455,5329,0.977669356352036,2040,6766,520,287,24,231,11,190,24,11
"729","2020-04-04",81,9,70,526,5329,0.977669356352036,2040,6766,520,287,38,269,12,202,35,12
"730","2020-04-05",115,9,58,577,5329,0.977669356352036,2040,6766,520,287,35,304,17,219,32,17
"731","2020-04-06",131,9,55,641,5329,0.977669356352036,2040,6766,520,287,36,340,6,225,33,6
"732","2020-04-07",144,9,47,715,5329,0.977669356352036,2040,6766,520,287,43,383,6,231,39,6
"733","2020-04-08",168,9,50,763,5329,0.977669356352036,2040,6766,520,287,48,431,1,232,44,1
"734","2020-04-09",189,9,46,822,5329,0.977669356352036,2040,6766,520,287,61,492,1,233,56,1
"735","2020-04-10",243,9,45,879,5329,0.977669356352036,2040,6766,520,287,69,561,1,234,65,1
"736","2020-04-11",257,9,52,969,5329,0.977669356352036,2040,6766,520,287,56,617,15,249,53,15
"737","2020-04-12",288,9,49,1031,5329,0.977669356352036,2040,6766,520,287,75,692,3,252,74,3
"738","2020-04-13",292,9,41,1111,5329,0.977669356352036,2040,6766,520,287,66,758,10,262,64,10
"739","2020-04-14",283,9,43,1158,5329,0.977669356352036,2040,6766,520,287,91,849,6,268,87,6
"740","2020-04-15",288,9,54,1181,5329,0.977669356352036,2040,6766,520,287,93,942,4,272,90,4
"741","2020-04-16",307,9,58,1255,5329,0.977669356352036,2040,6766,520,287,79,1021,8,280,77,8
"742","2020-04-17",393,9,66,1336,5329,0.977669356352036,2040,6766,520,287,103,1124,5,285,102,5
"743","2020-04-18",443,9,52,1350,5329,0.977669356352036,2040,6766,520,287,97,1221,4,289,95,4
"744","2020-04-19",438,9,57,1373,5329,0.977669356352036,2040,6766,520,287,108,1329,16,305,103,16
"745","2020-04-20",446,9,61,1427,5329,0.977669356352036,2040,6766,520,287,120,1449,20,325,118,20
"746","2020-04-21",443,9,56,1506,5329,0.977669356352036,2040,6766,520,287,130,1579,24,349,124,24
"747","2020-04-22",454,9,54,1541,5329,0.977669356352036,2040,6766,520,287,107,1686,24,373,107,24
"748","2020-04-23",463,9,65,1570,5329,0.977669356352036,2040,6766,520,287,141,1827,25,398,139,25
"749","2020-04-24",559,9,71,1616,5329,0.977669356352036,2040,6766,520,287,118,1945,25,423,117,25
"750","2020-04-25",563,9,74,1638,5329,0.977669356352036,2040,6766,520,287,121,2066,29,452,119,29
"751","2020-04-26",538,9,73,1593,5329,0.977669356352036,2040,6766,520,287,116,2182,17,469,114,17
"752","2020-04-27",546,9,58,1566,5329,0.977669356352036,2040,6766,520,287,137,2319,17,486,136,17
"753","2020-04-28",542,9,58,1553,5329,0.977669356352036,2040,6766,520,287,106,2425,26,512,104,26
"754","2020-04-29",543,9,70,1506,5329,0.977669356352036,2040,6766,520,287,134,2559,21,533,131,21
"755","2020-04-30",552,9,81,1485,5329,0.977669356352036,2040,6766,520,287,147,2706,13,546,146,13
"756","2020-05-01",566,9,85,1437,5329,0.977669356352036,2040,6766,520,287,127,2833,8,554,125,8
"757","2020-05-02",569,9,103,1391,5329,0.977669356352036,2040,6766,520,287,126,2959,11,565,125,11
"758","2020-05-03",495,9,92,1351,5329,0.977669356352036,2040,6766,520,287,106,3065,19,584,103,19
"759","2020-05-04",472,9,101,1281,5329,0.977669356352036,2040,6766,520,287,143,3208,21,605,141,21
"760","2020-05-05",462,9,96,1210,5329,0.977669356352036,2040,6766,520,287,131,3339,28,633,126,28
"761","2020-05-06",456,9,84,1135,5329,0.977669356352036,2040,6766,520,287,95,3434,10,643,94,10
"762","2020-05-07",442,9,72,1053,5329,0.977669356352036,2040,6766,520,287,93,3527,14,657,91,14
"763","2020-05-08",395,9,74,984,5329,0.977669356352036,2040,6766,520,287,91,3618,14,671,90,14
"764","2020-05-09",376,9,76,938,5329,0.977669356352036,2040,6766,520,287,103,3721,10,681,103,10
"765","2020-05-10",345,9,63,877,5329,0.977669356352036,2040,6766,520,287,108,3829,17,698,107,17
"766","2020-05-11",343,9,53,834,5329,0.977669356352036,2040,6766,520,287,77,3906,6,704,77,6
"767","2020-05-12",321,9,61,765,5329,0.977669356352036,2040,6766,520,287,88,3994,16,720,88,16
"768","2020-05-13",304,9,77,712,5329,0.977669356352036,2040,6766,520,287,94,4088,23,743,93,23
"769","2020-05-14",284,9,88,659,5329,0.977669356352036,2040,6766,520,287,66,4154,7,750,66,7
"770","2020-05-15",266,9,88,600,5329,0.977669356352036,2040,6766,520,287,63,4217,6,756,62,6
"771","2020-05-16",243,9,78,552,5329,0.977669356352036,2040,6766,520,287,69,4286,3,759,67,3
"772","2020-05-17",237,9,65,502,5329,0.977669356352036,2040,6766,520,287,61,4347,8,767,61,8
"773","2020-05-18",209,9,62,458,5329,0.977669356352036,2040,6766,520,287,51,4398,8,775,49,8
"774","2020-05-19",201,9,68,427,5329,0.977669356352036,2040,6766,520,287,49,4447,10,785,47,10
"775","2020-05-20",191,9,66,394,5329,0.977669356352036,2040,6766,520,287,55,4502,6,791,55,6
"776","2020-05-21",180,9,69,356,5329,0.977669356352036,2040,6766,520,287,52,4554,9,800,52,9
"777","2020-05-22",151,9,68,311,5329,0.977669356352036,2040,6766,520,287,28,4582,17,817,28,17
"778","2020-05-23",142,9,62,286,5329,0.977669356352036,2040,6766,520,287,42,4624,6,823,42,6
"779","2020-05-24",120,9,58,251,5329,0.977669356352036,2040,6766,520,287,29,4653,10,833,29,10
"780","2020-05-25",116,9,55,224,5329,0.977669356352036,2040,6766,520,287,34,4687,13,846,34,13
"781","2020-05-26",100,9,52,201,5329,0.977669356352036,2040,6766,520,287,21,4708,17,863,21,17
"782","2020-05-27",88,9,50,172,5329,0.977669356352036,2040,6766,520,287,35,4743,10,873,34,10
"783","2020-05-28",75,9,52,164,5329,0.977669356352036,2040,6766,520,287,24,4767,11,884,24,11
"784","2020-05-29",70,9,47,155,5329,0.977669356352036,2040,6766,520,287,22,4789,4,888,22,4
"785","2020-05-30",62,9,38,141,5329,0.977669356352036,2040,6766,520,287,24,4813,8,896,24,8
"786","2020-05-31",52,9,29,132,5329,0.977669356352036,2040,6766,520,287,11,4824,7,903,11,7
"787","2020-06-01",43,9,22,120,5329,0.977669356352036,2040,6766,520,287,16,4840,4,907,15,4
"788","2020-06-02",42,9,25,110,5329,0.977669356352036,2040,6766,520,287,20,4860,1,908,19,1
"789","2020-06-03",41,9,29,99,5329,0.977669356352036,2040,6766,520,287,20,4880,5,913,19,5
"790","2020-06-04",40,9,22,89,5329,0.977669356352036,2040,6766,520,287,9,4889,7,920,9,7
"791","2020-06-05",34,9,24,87,5329,0.977669356352036,2040,6766,520,287,12,4901,4,924,12,4
"792","2020-06-06",38,9,23,81,5329,0.977669356352036,2040,6766,520,287,3,4904,8,932,3,8
"793","2020-06-07",38,9,29,79,5329,0.977669356352036,2040,6766,520,287,13,4917,6,938,12,6
"794","2020-03-13",1,10,9,8,5609,0.971117846318417,1995,7064,656,370,5,21,2,6,2,2
"795","2020-03-14",2,10,11,11,5609,0.971117846318417,1995,7064,656,370,7,28,8,14,1,8
"796","2020-03-15",1,10,18,13,5609,0.971117846318417,1995,7064,656,370,6,34,2,16,1,2
"797","2020-03-16",1,10,24,16,5609,0.971117846318417,1995,7064,656,370,11,45,1,17,6,1
"798","2020-03-17",4,10,25,22,5609,0.971117846318417,1995,7064,656,370,4,49,2,19,2,2
"799","2020-03-18",5,10,28,27,5609,0.971117846318417,1995,7064,656,370,11,60,NA,NA,8,NA
"800","2020-03-19",7,10,27,31,5609,0.971117846318417,1995,7064,656,370,15,75,3,22,6,3
"801","2020-03-20",11,10,28,38,5609,0.971117846318417,1995,7064,656,370,14,89,1,23,8,1
"802","2020-03-21",12,10,36,45,5609,0.971117846318417,1995,7064,656,370,10,99,3,26,8,3
"803","2020-03-22",13,10,41,54,5609,0.971117846318417,1995,7064,656,370,16,115,8,34,11,8
"804","2020-03-23",15,10,48,62,5609,0.971117846318417,1995,7064,656,370,15,130,9,43,10,9
"805","2020-03-24",12,10,44,64,5609,0.971117846318417,1995,7064,656,370,14,144,7,50,9,7
"806","2020-03-25",12,10,50,67,5609,0.971117846318417,1995,7064,656,370,16,160,3,53,9,3
"807","2020-03-26",11,10,41,79,5609,0.971117846318417,1995,7064,656,370,23,183,6,59,15,6
"808","2020-03-27",15,10,42,92,5609,0.971117846318417,1995,7064,656,370,27,210,9,68,24,9
"809","2020-03-28",18,10,47,102,5609,0.971117846318417,1995,7064,656,370,26,236,5,73,21,5
"810","2020-03-29",25,10,38,110,5609,0.971117846318417,1995,7064,656,370,27,263,8,81,18,8
"811","2020-03-30",26,10,47,132,5609,0.971117846318417,1995,7064,656,370,30,293,4,85,23,4
"812","2020-03-31",23,10,43,153,5609,0.971117846318417,1995,7064,656,370,36,329,3,88,31,3
"813","2020-04-01",30,10,44,187,5609,0.971117846318417,1995,7064,656,370,21,350,2,90,19,2
"814","2020-04-02",43,10,47,216,5609,0.971117846318417,1995,7064,656,370,36,386,10,100,28,10
"815","2020-04-03",57,10,46,244,5609,0.971117846318417,1995,7064,656,370,32,418,1,101,27,1
"816","2020-04-04",76,10,43,272,5609,0.971117846318417,1995,7064,656,370,31,449,2,103,25,2
"817","2020-04-05",73,10,43,296,5609,0.971117846318417,1995,7064,656,370,47,496,2,105,38,2
"818","2020-04-06",75,10,35,317,5609,0.971117846318417,1995,7064,656,370,34,530,6,111,27,6
"819","2020-04-07",87,10,28,339,5609,0.971117846318417,1995,7064,656,370,46,576,7,118,33,7
"820","2020-04-08",87,10,25,401,5609,0.971117846318417,1995,7064,656,370,51,627,9,127,44,9
"821","2020-04-09",87,10,30,432,5609,0.971117846318417,1995,7064,656,370,42,669,13,140,34,13
"822","2020-04-10",111,10,35,478,5609,0.971117846318417,1995,7064,656,370,52,721,15,155,51,15
"823","2020-04-11",130,10,46,542,5609,0.971117846318417,1995,7064,656,370,50,771,3,158,45,3
"824","2020-04-12",129,10,51,590,5609,0.971117846318417,1995,7064,656,370,51,822,7,165,41,7
"825","2020-04-13",136,10,44,673,5609,0.971117846318417,1995,7064,656,370,51,873,16,181,45,16
"826","2020-04-14",145,10,41,735,5609,0.971117846318417,1995,7064,656,370,55,928,6,187,48,6
"827","2020-04-15",166,10,55,801,5609,0.971117846318417,1995,7064,656,370,38,966,6,193,32,6
"828","2020-04-16",185,10,60,851,5609,0.971117846318417,1995,7064,656,370,49,1015,5,198,40,5
"829","2020-04-17",252,10,58,907,5609,0.971117846318417,1995,7064,656,370,54,1069,5,203,53,5
"830","2020-04-18",301,10,57,970,5609,0.971117846318417,1995,7064,656,370,55,1124,6,209,44,6
"831","2020-04-19",293,10,58,1028,5609,0.971117846318417,1995,7064,656,370,47,1171,10,219,40,10
"832","2020-04-20",277,10,74,1072,5609,0.971117846318417,1995,7064,656,370,67,1238,12,231,57,12
"833","2020-04-21",295,10,76,1118,5609,0.971117846318417,1995,7064,656,370,58,1296,10,241,53,10
"834","2020-04-22",309,10,69,1153,5609,0.971117846318417,1995,7064,656,370,47,1343,14,255,43,14
"835","2020-04-23",321,10,68,1194,5609,0.971117846318417,1995,7064,656,370,77,1420,9,264,70,9
"836","2020-04-24",394,10,69,1240,5609,0.971117846318417,1995,7064,656,370,55,1475,6,270,48,6
"837","2020-04-25",392,10,99,1278,5609,0.971117846318417,1995,7064,656,370,67,1542,3,273,60,3
"838","2020-04-26",411,10,108,1341,5609,0.971117846318417,1995,7064,656,370,56,1598,5,278,49,5
"839","2020-04-27",437,10,102,1395,5609,0.971117846318417,1995,7064,656,370,68,1666,10,288,65,10
"840","2020-04-28",446,10,108,1453,5609,0.971117846318417,1995,7064,656,370,71,1737,4,292,63,4
"841","2020-04-29",455,10,94,1536,5609,0.971117846318417,1995,7064,656,370,67,1804,16,308,58,16
"842","2020-04-30",455,10,94,1602,5609,0.971117846318417,1995,7064,656,370,61,1865,10,318,53,10
"843","2020-05-01",544,10,93,1653,5609,0.971117846318417,1995,7064,656,370,65,1930,9,327,60,9
"844","2020-05-02",553,10,91,1676,5609,0.971117846318417,1995,7064,656,370,69,1999,7,334,59,7
"845","2020-05-03",519,10,97,1668,5609,0.971117846318417,1995,7064,656,370,64,2063,14,348,57,14
"846","2020-05-04",519,10,85,1654,5609,0.971117846318417,1995,7064,656,370,59,2122,16,364,54,16
"847","2020-05-05",516,10,92,1666,5609,0.971117846318417,1995,7064,656,370,49,2171,6,370,42,6
"848","2020-05-06",520,10,97,1666,5609,0.971117846318417,1995,7064,656,370,51,2222,4,374,45,4
"849","2020-05-07",528,10,102,1628,5609,0.971117846318417,1995,7064,656,370,63,2285,9,383,58,9
"850","2020-05-08",576,10,103,1625,5609,0.971117846318417,1995,7064,656,370,48,2333,12,395,41,12
"851","2020-05-09",580,10,101,1589,5609,0.971117846318417,1995,7064,656,370,45,2378,7,402,42,7
"852","2020-05-10",528,10,108,1548,5609,0.971117846318417,1995,7064,656,370,52,2430,7,409,48,7
"853","2020-05-11",528,10,102,1478,5609,0.971117846318417,1995,7064,656,370,57,2487,12,421,54,12
"854","2020-05-12",516,10,111,1370,5609,0.971117846318417,1995,7064,656,370,52,2539,6,427,49,6
"855","2020-05-13",511,10,109,1333,5609,0.971117846318417,1995,7064,656,370,34,2573,7,434,30,7
"856","2020-05-14",508,10,97,1272,5609,0.971117846318417,1995,7064,656,370,45,2618,4,438,38,4
"857","2020-05-15",455,10,98,1174,5609,0.971117846318417,1995,7064,656,370,50,2668,4,442,46,4
"858","2020-05-16",445,10,105,1091,5609,0.971117846318417,1995,7064,656,370,36,2704,6,448,32,6
"859","2020-05-17",422,10,113,1003,5609,0.971117846318417,1995,7064,656,370,40,2744,5,453,35,5
"860","2020-05-18",407,10,114,913,5609,0.971117846318417,1995,7064,656,370,56,2800,3,456,52,3
"861","2020-05-19",389,10,123,862,5609,0.971117846318417,1995,7064,656,370,49,2849,7,463,45,7
"862","2020-05-20",368,10,121,800,5609,0.971117846318417,1995,7064,656,370,42,2891,4,467,40,4
"863","2020-05-21",351,10,108,730,5609,0.971117846318417,1995,7064,656,370,46,2937,5,472,41,5
"864","2020-05-22",327,10,95,661,5609,0.971117846318417,1995,7064,656,370,44,2981,4,476,41,4
"865","2020-05-23",290,10,87,594,5609,0.971117846318417,1995,7064,656,370,44,3025,9,485,40,9
"866","2020-05-24",252,10,98,545,5609,0.971117846318417,1995,7064,656,370,28,3053,6,491,26,6
"867","2020-05-25",224,10,104,496,5609,0.971117846318417,1995,7064,656,370,31,3084,9,500,30,9
"868","2020-05-26",203,10,107,443,5609,0.971117846318417,1995,7064,656,370,38,3122,9,509,37,9
"869","2020-05-27",190,10,94,402,5609,0.971117846318417,1995,7064,656,370,33,3155,6,515,30,6
"870","2020-05-28",174,10,80,367,5609,0.971117846318417,1995,7064,656,370,23,3178,9,524,20,9
"871","2020-05-29",134,10,72,323,5609,0.971117846318417,1995,7064,656,370,18,3196,10,534,17,10
"872","2020-05-30",133,10,65,304,5609,0.971117846318417,1995,7064,656,370,28,3224,9,543,25,9
"873","2020-05-31",112,10,71,270,5609,0.971117846318417,1995,7064,656,370,22,3246,4,547,19,4
"874","2020-06-01",108,10,66,244,5609,0.971117846318417,1995,7064,656,370,21,3267,10,557,21,10
"875","2020-06-02",103,10,55,216,5609,0.971117846318417,1995,7064,656,370,15,3282,4,561,13,4
"876","2020-06-03",89,10,47,196,5609,0.971117846318417,1995,7064,656,370,14,3296,8,569,13,8
"877","2020-06-04",76,10,45,177,5609,0.971117846318417,1995,7064,656,370,20,3316,7,576,20,7
"878","2020-06-05",69,10,50,157,5609,0.971117846318417,1995,7064,656,370,22,3338,6,582,19,6
"879","2020-06-06",61,10,52,139,5609,0.971117846318417,1995,7064,656,370,18,3356,5,587,16,5
"880","2020-06-07",60,10,51,121,5609,0.971117846318417,1995,7064,656,370,20,3376,4,591,19,4
"881","2020-03-13",1,11,22,19,5031,0.878354203935599,1965,6661,550,286,5,16,4,17,1,4
"882","2020-03-14",2,11,28,25,5031,0.878354203935599,1965,6661,550,286,14,30,7,24,1,7
"883","2020-03-15",4,11,26,32,5031,0.878354203935599,1965,6661,550,286,11,41,6,30,1,6
"884","2020-03-16",4,11,27,43,5031,0.878354203935599,1965,6661,550,286,13,54,11,41,2,11
"885","2020-03-17",4,11,31,57,5031,0.878354203935599,1965,6661,550,286,13,67,15,56,10,15
"886","2020-03-18",7,11,36,71,5031,0.878354203935599,1965,6661,550,286,29,96,8,64,16,8
"887","2020-03-19",9,11,35,84,5031,0.878354203935599,1965,6661,550,286,18,114,21,85,10,21
"888","2020-03-20",12,11,34,96,5031,0.878354203935599,1965,6661,550,286,17,131,11,96,8,11
"889","2020-03-21",19,11,39,117,5031,0.878354203935599,1965,6661,550,286,18,149,16,112,11,16
"890","2020-03-22",21,11,42,139,5031,0.878354203935599,1965,6661,550,286,21,170,12,124,9,12
"891","2020-03-23",24,11,38,161,5031,0.878354203935599,1965,6661,550,286,20,190,19,143,14,19
"892","2020-03-24",24,11,29,181,5031,0.878354203935599,1965,6661,550,286,39,229,28,171,26,28
"893","2020-03-25",30,11,34,218,5031,0.878354203935599,1965,6661,550,286,40,269,19,190,28,19
"894","2020-03-26",37,11,42,251,5031,0.878354203935599,1965,6661,550,286,37,306,24,214,26,24
"895","2020-03-27",53,11,39,279,5031,0.878354203935599,1965,6661,550,286,39,345,13,227,24,13
"896","2020-03-28",71,11,41,305,5031,0.878354203935599,1965,6661,550,286,37,382,19,246,30,19
"897","2020-03-29",78,11,40,330,5031,0.878354203935599,1965,6661,550,286,44,426,26,272,32,26
"898","2020-03-30",80,11,39,361,5031,0.878354203935599,1965,6661,550,286,37,463,39,311,27,39
"899","2020-03-31",88,11,36,386,5031,0.878354203935599,1965,6661,550,286,45,508,29,340,29,29
"900","2020-04-01",94,11,47,436,5031,0.878354203935599,1965,6661,550,286,54,562,35,375,36,35
"901","2020-04-02",98,11,63,445,5031,0.878354203935599,1965,6661,550,286,38,600,29,404,24,29
"902","2020-04-03",127,11,64,483,5031,0.878354203935599,1965,6661,550,286,49,649,31,435,35,31
"903","2020-04-04",147,11,70,523,5031,0.878354203935599,1965,6661,550,286,39,688,20,455,29,20
"904","2020-04-05",151,11,67,547,5031,0.878354203935599,1965,6661,550,286,46,734,24,479,37,24
"905","2020-04-06",144,11,62,602,5031,0.878354203935599,1965,6661,550,286,49,783,34,513,34,34
"906","2020-04-07",161,11,57,650,5031,0.878354203935599,1965,6661,550,286,52,835,33,546,45,33
"907","2020-04-08",185,11,53,700,5031,0.878354203935599,1965,6661,550,286,65,900,34,580,52,34
"908","2020-04-09",202,11,57,758,5031,0.878354203935599,1965,6661,550,286,56,956,28,608,40,28
"909","2020-04-10",231,11,57,789,5031,0.878354203935599,1965,6661,550,286,72,1028,26,634,55,26
"910","2020-04-11",254,11,55,844,5031,0.878354203935599,1965,6661,550,286,56,1084,40,674,41,40
"911","2020-04-12",269,11,63,900,5031,0.878354203935599,1965,6661,550,286,59,1143,42,716,46,42
"912","2020-04-13",276,11,66,938,5031,0.878354203935599,1965,6661,550,286,64,1207,30,746,54,30
"913","2020-04-14",273,11,71,975,5031,0.878354203935599,1965,6661,550,286,54,1261,39,785,40,39
"914","2020-04-15",281,11,94,997,5031,0.878354203935599,1965,6661,550,286,68,1329,38,823,56,38
"915","2020-04-16",282,11,97,1012,5031,0.878354203935599,1965,6661,550,286,67,1396,34,857,51,34
"916","2020-04-17",326,11,83,1060,5031,0.878354203935599,1965,6661,550,286,79,1475,31,888,64,31
"917","2020-04-18",339,11,75,1091,5031,0.878354203935599,1965,6661,550,286,60,1535,32,920,44,32
"918","2020-04-19",330,11,64,1131,5031,0.878354203935599,1965,6661,550,286,61,1596,38,958,49,38
"919","2020-04-20",343,11,49,1140,5031,0.878354203935599,1965,6661,550,286,49,1645,26,984,43,26
"920","2020-04-21",346,11,53,1153,5031,0.878354203935599,1965,6661,550,286,59,1704,33,1017,45,33
"921","2020-04-22",340,11,57,1194,5031,0.878354203935599,1965,6661,550,286,81,1785,19,1036,71,19
"922","2020-04-23",358,11,60,1184,5031,0.878354203935599,1965,6661,550,286,54,1839,46,1082,42,46
"923","2020-04-24",417,11,67,1187,5031,0.878354203935599,1965,6661,550,286,68,1907,44,1126,57,44
"924","2020-04-25",422,11,71,1175,5031,0.878354203935599,1965,6661,550,286,53,1960,40,1166,42,40
"925","2020-04-26",417,11,61,1173,5031,0.878354203935599,1965,6661,550,286,63,2023,49,1215,52,49
"926","2020-04-27",415,11,59,1183,5031,0.878354203935599,1965,6661,550,286,52,2075,32,1247,43,32
"927","2020-04-28",408,11,60,1154,5031,0.878354203935599,1965,6661,550,286,56,2131,43,1290,41,43
"928","2020-04-29",410,11,76,1142,5031,0.878354203935599,1965,6661,550,286,47,2178,24,1314,35,24
"929","2020-04-30",392,11,82,1128,5031,0.878354203935599,1965,6661,550,286,58,2236,41,1355,46,41
"930","2020-05-01",389,11,81,1125,5031,0.878354203935599,1965,6661,550,286,51,2287,38,1393,38,38
"931","2020-05-02",408,11,83,1101,5031,0.878354203935599,1965,6661,550,286,50,2337,46,1439,40,46
"932","2020-05-03",377,11,86,1067,5031,0.878354203935599,1965,6661,550,286,38,2375,33,1472,31,33
"933","2020-05-04",361,11,83,1062,5031,0.878354203935599,1965,6661,550,286,56,2431,39,1511,45,39
"934","2020-05-05",368,11,75,1042,5031,0.878354203935599,1965,6661,550,286,44,2475,38,1549,33,38
"935","2020-05-06",366,11,77,980,5031,0.878354203935599,1965,6661,550,286,50,2525,37,1586,36,37
"936","2020-05-07",377,11,83,932,5031,0.878354203935599,1965,6661,550,286,46,2571,37,1623,37,37
"937","2020-05-08",380,11,81,879,5031,0.878354203935599,1965,6661,550,286,44,2615,54,1677,35,54
"938","2020-05-09",355,11,79,858,5031,0.878354203935599,1965,6661,550,286,44,2659,32,1709,27,32
"939","2020-05-10",333,11,73,823,5031,0.878354203935599,1965,6661,550,286,41,2700,45,1754,31,45
"940","2020-05-11",310,11,58,782,5031,0.878354203935599,1965,6661,550,286,38,2738,47,1801,26,47
"941","2020-05-12",287,11,55,764,5031,0.878354203935599,1965,6661,550,286,49,2787,36,1837,40,36
"942","2020-05-13",281,11,50,724,5031,0.878354203935599,1965,6661,550,286,35,2822,30,1867,30,30
"943","2020-05-14",266,11,54,673,5031,0.878354203935599,1965,6661,550,286,40,2862,33,1900,34,33
"944","2020-05-15",236,11,58,635,5031,0.878354203935599,1965,6661,550,286,37,2899,26,1926,27,26
"945","2020-05-16",249,11,55,612,5031,0.878354203935599,1965,6661,550,286,38,2937,43,1969,28,43
"946","2020-05-17",239,11,63,592,5031,0.878354203935599,1965,6661,550,286,38,2975,33,2002,30,33
"947","2020-05-18",241,11,56,565,5031,0.878354203935599,1965,6661,550,286,31,3006,28,2030,26,28
"948","2020-05-19",238,11,63,534,5031,0.878354203935599,1965,6661,550,286,30,3036,32,2062,23,32
"949","2020-05-20",223,11,53,511,5031,0.878354203935599,1965,6661,550,286,25,3061,30,2092,19,30
"950","2020-05-21",217,11,50,480,5031,0.878354203935599,1965,6661,550,286,24,3085,36,2128,16,36
"951","2020-05-22",225,11,48,452,5031,0.878354203935599,1965,6661,550,286,35,3120,37,2165,26,37
"952","2020-05-23",209,11,41,435,5031,0.878354203935599,1965,6661,550,286,31,3151,27,2192,25,27
"953","2020-05-24",183,11,39,403,5031,0.878354203935599,1965,6661,550,286,27,3178,32,2224,21,32
"954","2020-05-25",172,11,43,383,5031,0.878354203935599,1965,6661,550,286,36,3214,32,2256,27,32
"955","2020-05-26",159,11,45,353,5031,0.878354203935599,1965,6661,550,286,27,3241,26,2282,18,26
"956","2020-05-27",150,11,52,337,5031,0.878354203935599,1965,6661,550,286,16,3257,25,2307,12,25
"957","2020-05-28",140,11,52,328,5031,0.878354203935599,1965,6661,550,286,23,3280,32,2339,19,32
"958","2020-05-29",121,11,57,315,5031,0.878354203935599,1965,6661,550,286,20,3300,29,2368,15,29
"959","2020-05-30",107,11,57,298,5031,0.878354203935599,1965,6661,550,286,19,3319,38,2406,16,38
"960","2020-05-31",107,11,51,294,5031,0.878354203935599,1965,6661,550,286,25,3344,30,2436,19,30
"961","2020-06-01",104,11,53,267,5031,0.878354203935599,1965,6661,550,286,28,3372,27,2463,22,27
"962","2020-06-02",100,11,66,257,5031,0.878354203935599,1965,6661,550,286,21,3393,21,2484,17,21
"963","2020-06-03",94,11,60,239,5031,0.878354203935599,1965,6661,550,286,18,3411,26,2510,16,26
"964","2020-06-04",94,11,59,226,5031,0.878354203935599,1965,6661,550,286,14,3425,30,2540,11,30
"965","2020-06-05",98,11,52,217,5031,0.878354203935599,1965,6661,550,286,12,3437,24,2564,10,24
"966","2020-06-06",96,11,41,199,5031,0.878354203935599,1965,6661,550,286,23,3460,25,2589,15,25
"967","2020-06-07",80,11,38,193,5031,0.878354203935599,1965,6661,550,286,14,3474,16,2605,10,16
"968","2020-03-08",2,12,0,0,2751,0.677571792075609,1965,4832,276,253,NA,NA,NA,NA,NA,NA
"969","2020-03-09",2,12,0,0,2751,0.677571792075609,1965,4832,276,253,NA,NA,NA,NA,NA,NA
"970","2020-03-10",0,12,0,0,2751,0.677571792075609,1965,4832,276,253,NA,NA,NA,NA,NA,NA
"971","2020-03-11",0,12,0,0,2751,0.677571792075609,1965,4832,276,253,4,4,7,7,NA,7
"972","2020-03-12",1,12,14,20,2751,0.677571792075609,1965,4832,276,253,9,13,5,12,1,5
"973","2020-03-13",1,12,17,29,2751,0.677571792075609,1965,4832,276,253,4,17,3,15,2,3
"974","2020-03-14",6,12,17,40,2751,0.677571792075609,1965,4832,276,253,2,19,6,21,NA,6
"975","2020-03-15",8,12,19,58,2751,0.677571792075609,1965,4832,276,253,5,24,4,25,2,4
"976","2020-03-16",6,12,23,77,2751,0.677571792075609,1965,4832,276,253,9,33,12,37,2,12
"977","2020-03-17",11,12,21,94,2751,0.677571792075609,1965,4832,276,253,6,39,5,42,4,5
"978","2020-03-18",13,12,21,113,2751,0.677571792075609,1965,4832,276,253,15,54,5,47,7,5
"979","2020-03-19",15,12,17,131,2751,0.677571792075609,1965,4832,276,253,15,69,10,57,12,10
"980","2020-03-20",18,12,16,141,2751,0.677571792075609,1965,4832,276,253,14,83,14,71,10,14
"981","2020-03-21",24,12,20,162,2751,0.677571792075609,1965,4832,276,253,13,96,5,76,8,5
"982","2020-03-22",33,12,22,181,2751,0.677571792075609,1965,4832,276,253,22,118,3,79,16,3
"983","2020-03-23",37,12,22,204,2751,0.677571792075609,1965,4832,276,253,24,142,7,86,18,7
"984","2020-03-24",42,12,22,220,2751,0.677571792075609,1965,4832,276,253,17,159,7,93,10,7
"985","2020-03-25",48,12,24,232,2751,0.677571792075609,1965,4832,276,253,24,183,6,99,21,6
"986","2020-03-26",54,12,24,243,2751,0.677571792075609,1965,4832,276,253,21,204,5,104,13,5
"987","2020-03-27",71,12,31,258,2751,0.677571792075609,1965,4832,276,253,24,228,4,108,18,4
"988","2020-03-28",73,12,31,275,2751,0.677571792075609,1965,4832,276,253,21,249,11,119,18,11
"989","2020-03-29",79,12,27,290,2751,0.677571792075609,1965,4832,276,253,22,271,5,124,20,5
"990","2020-03-30",87,12,34,298,2751,0.677571792075609,1965,4832,276,253,29,300,2,126,22,2
"991","2020-03-31",85,12,34,311,2751,0.677571792075609,1965,4832,276,253,31,331,4,130,27,4
"992","2020-04-01",93,12,40,324,2751,0.677571792075609,1965,4832,276,253,25,356,15,145,20,15
"993","2020-04-02",100,12,43,335,2751,0.677571792075609,1965,4832,276,253,41,397,9,154,32,9
"994","2020-04-03",112,12,43,354,2751,0.677571792075609,1965,4832,276,253,28,425,5,159,24,5
"995","2020-04-04",132,12,53,358,2751,0.677571792075609,1965,4832,276,253,36,461,6,165,32,6
"996","2020-04-05",116,12,64,366,2751,0.677571792075609,1965,4832,276,253,55,516,15,180,52,15
"997","2020-04-06",115,12,68,383,2751,0.677571792075609,1965,4832,276,253,33,549,15,195,25,15
"998","2020-04-07",119,12,66,392,2751,0.677571792075609,1965,4832,276,253,45,594,21,216,42,21
"999","2020-04-08",118,12,71,407,2751,0.677571792075609,1965,4832,276,253,43,637,14,230,37,14
"1000","2020-04-09",117,12,73,418,2751,0.677571792075609,1965,4832,276,253,36,673,20,250,34,20
"1001","2020-04-10",136,12,66,437,2751,0.677571792075609,1965,4832,276,253,63,736,13,263,52,13
"1002","2020-04-11",128,12,63,438,2751,0.677571792075609,1965,4832,276,253,42,778,17,280,40,17
"1003","2020-04-12",123,12,69,437,2751,0.677571792075609,1965,4832,276,253,55,833,18,298,47,18
"1004","2020-04-13",120,12,58,449,2751,0.677571792075609,1965,4832,276,253,59,892,25,323,52,25
"1005","2020-04-14",122,12,56,456,2751,0.677571792075609,1965,4832,276,253,51,943,16,339,45,16
"1006","2020-04-15",119,12,48,450,2751,0.677571792075609,1965,4832,276,253,50,993,14,353,45,14
"1007","2020-04-16",120,12,46,468,2751,0.677571792075609,1965,4832,276,253,55,1048,20,373,51,20
"1008","2020-04-17",110,12,50,476,2751,0.677571792075609,1965,4832,276,253,45,1093,18,391,41,18
"1009","2020-04-18",122,12,54,485,2751,0.677571792075609,1965,4832,276,253,62,1155,14,405,57,14
"1010","2020-04-19",130,12,51,482,2751,0.677571792075609,1965,4832,276,253,51,1206,27,432,46,27
"1011","2020-04-20",136,12,43,483,2751,0.677571792075609,1965,4832,276,253,58,1264,8,440,51,8
"1012","2020-04-21",141,12,50,492,2751,0.677571792075609,1965,4832,276,253,57,1321,13,453,48,13
"1013","2020-04-22",140,12,44,481,2751,0.677571792075609,1965,4832,276,253,45,1366,6,459,35,6
"1014","2020-04-23",144,12,42,492,2751,0.677571792075609,1965,4832,276,253,51,1417,7,466,47,7
"1015","2020-04-24",169,12,43,494,2751,0.677571792075609,1965,4832,276,253,65,1482,3,469,57,3
"1016","2020-04-25",183,12,47,474,2751,0.677571792075609,1965,4832,276,253,54,1536,7,476,51,7
"1017","2020-04-26",173,12,51,482,2751,0.677571792075609,1965,4832,276,253,51,1587,14,490,45,14
"1018","2020-04-27",169,12,61,472,2751,0.677571792075609,1965,4832,276,253,56,1643,6,496,48,6
"1019","2020-04-28",157,12,62,474,2751,0.677571792075609,1965,4832,276,253,56,1699,14,510,51,14
"1020","2020-04-29",165,12,67,484,2751,0.677571792075609,1965,4832,276,253,47,1746,12,522,42,12
"1021","2020-04-30",161,12,68,487,2751,0.677571792075609,1965,4832,276,253,61,1807,18,540,55,18
"1022","2020-05-01",153,12,69,466,2751,0.677571792075609,1965,4832,276,253,60,1867,9,549,56,9
"1023","2020-05-02",137,12,73,461,2751,0.677571792075609,1965,4832,276,253,69,1936,11,560,62,11
"1024","2020-05-03",150,12,79,464,2751,0.677571792075609,1965,4832,276,253,43,1979,5,565,39,5
"1025","2020-05-04",149,12,83,450,2751,0.677571792075609,1965,4832,276,253,67,2046,1,566,64,1
"1026","2020-05-05",140,12,83,436,2751,0.677571792075609,1965,4832,276,253,42,2088,7,573,37,7
"1027","2020-05-06",138,12,85,437,2751,0.677571792075609,1965,4832,276,253,54,2142,NA,NA,46,NA
"1028","2020-05-07",137,12,88,427,2751,0.677571792075609,1965,4832,276,253,48,2190,8,581,41,8
"1029","2020-05-08",159,12,97,417,2751,0.677571792075609,1965,4832,276,253,58,2248,7,588,51,7
"1030","2020-05-09",164,12,88,420,2751,0.677571792075609,1965,4832,276,253,59,2307,13,601,53,13
"1031","2020-05-10",146,12,88,401,2751,0.677571792075609,1965,4832,276,253,38,2345,9,610,38,9
"1032","2020-05-11",132,12,88,393,2751,0.677571792075609,1965,4832,276,253,52,2397,5,615,47,5
"1033","2020-05-12",132,12,82,381,2751,0.677571792075609,1965,4832,276,253,29,2426,15,630,28,15
"1034","2020-05-13",133,12,84,371,2751,0.677571792075609,1965,4832,276,253,32,2458,13,643,25,13
"1035","2020-05-14",135,12,86,356,2751,0.677571792075609,1965,4832,276,253,52,2510,12,655,47,12
"1036","2020-05-15",133,12,98,350,2751,0.677571792075609,1965,4832,276,253,34,2544,7,662,29,7
"1037","2020-05-16",132,12,103,335,2751,0.677571792075609,1965,4832,276,253,33,2577,4,666,27,4
"1038","2020-05-17",115,12,98,338,2751,0.677571792075609,1965,4832,276,253,33,2610,3,669,32,3
"1039","2020-05-18",111,12,97,325,2751,0.677571792075609,1965,4832,276,253,28,2638,6,675,22,6
"1040","2020-05-19",105,12,87,319,2751,0.677571792075609,1965,4832,276,253,29,2667,11,686,25,11
"1041","2020-05-20",98,12,78,314,2751,0.677571792075609,1965,4832,276,253,34,2701,12,698,30,12
"1042","2020-05-21",87,12,73,318,2751,0.677571792075609,1965,4832,276,253,28,2729,10,708,26,10
"1043","2020-05-22",96,12,77,314,2751,0.677571792075609,1965,4832,276,253,17,2746,8,716,15,8
"1044","2020-05-23",97,12,70,317,2751,0.677571792075609,1965,4832,276,253,23,2769,7,723,22,7
"1045","2020-05-24",100,12,72,305,2751,0.677571792075609,1965,4832,276,253,25,2794,8,731,24,8
"1046","2020-05-25",99,12,76,298,2751,0.677571792075609,1965,4832,276,253,22,2816,3,734,17,3
"1047","2020-05-26",99,12,76,286,2751,0.677571792075609,1965,4832,276,253,17,2833,1,735,15,1
"1048","2020-05-27",102,12,72,285,2751,0.677571792075609,1965,4832,276,253,23,2856,NA,NA,20,NA
"1049","2020-05-28",106,12,72,272,2751,0.677571792075609,1965,4832,276,253,21,2877,3,738,19,3
"1050","2020-05-29",102,12,72,253,2751,0.677571792075609,1965,4832,276,253,20,2897,9,747,17,9
"1051","2020-05-30",109,12,75,235,2751,0.677571792075609,1965,4832,276,253,17,2914,5,752,15,5
"1052","2020-05-31",99,12,73,216,2751,0.677571792075609,1965,4832,276,253,20,2934,4,756,14,4
"1053","2020-06-01",98,12,80,195,2751,0.677571792075609,1965,4832,276,253,18,2952,6,762,14,6
"1054","2020-06-02",94,12,74,181,2751,0.677571792075609,1965,4832,276,253,23,2975,7,769,23,7
"1055","2020-06-03",88,12,75,173,2751,0.677571792075609,1965,4832,276,253,14,2989,8,777,12,8
"1056","2020-06-04",82,12,74,158,2751,0.677571792075609,1965,4832,276,253,15,3004,3,780,13,3
"1057","2020-06-05",76,12,68,143,2751,0.677571792075609,1965,4832,276,253,16,3020,6,786,14,6
"1058","2020-06-06",54,12,68,131,2751,0.677571792075609,1965,4832,276,253,13,3033,6,792,12,6
"1059","2020-06-07",58,12,70,128,2751,0.677571792075609,1965,4832,276,253,14,3047,6,798,12,6
"1060","2020-03-08",2,13,0,0,5043,0.955978584176086,2100,6899,475,187,NA,NA,NA,NA,NA,NA
"1061","2020-03-09",2,13,0,0,5043,0.955978584176086,2100,6899,475,187,NA,NA,NA,NA,NA,NA
"1062","2020-03-10",0,13,0,0,5043,0.955978584176086,2100,6899,475,187,NA,NA,NA,NA,NA,NA
"1063","2020-03-11",0,13,0,0,5043,0.955978584176086,2100,6899,475,187,4,4,2,2,NA,2
"1064","2020-03-12",0,13,0,0,5043,0.955978584176086,2100,6899,475,187,5,9,3,5,NA,3
"1065","2020-03-13",1,13,6,12,5043,0.955978584176086,2100,6899,475,187,8,17,2,7,2,2
"1066","2020-03-14",1,13,9,17,5043,0.955978584176086,2100,6899,475,187,15,32,4,11,4,4
"1067","2020-03-15",2,13,17,20,5043,0.955978584176086,2100,6899,475,187,13,45,2,13,7,2
"1068","2020-03-16",2,13,22,25,5043,0.955978584176086,2100,6899,475,187,11,56,6,19,7,6
"1069","2020-03-17",1,13,25,30,5043,0.955978584176086,2100,6899,475,187,16,72,6,25,10,6
"1070","2020-03-18",2,13,21,41,5043,0.955978584176086,2100,6899,475,187,16,88,5,30,12,5
"1071","2020-03-19",3,13,14,54,5043,0.955978584176086,2100,6899,475,187,18,106,2,32,11,2
"1072","2020-03-20",7,13,19,68,5043,0.955978584176086,2100,6899,475,187,18,124,2,34,11,2
"1073","2020-03-21",10,13,23,78,5043,0.955978584176086,2100,6899,475,187,20,144,3,37,11,3
"1074","2020-03-22",11,13,31,97,5043,0.955978584176086,2100,6899,475,187,29,173,7,44,22,7
"1075","2020-03-23",15,13,34,109,5043,0.955978584176086,2100,6899,475,187,24,197,4,48,15,4
"1076","2020-03-24",18,13,33,122,5043,0.955978584176086,2100,6899,475,187,25,222,3,51,20,3
"1077","2020-03-25",24,13,39,137,5043,0.955978584176086,2100,6899,475,187,40,262,2,53,32,2
"1078","2020-03-26",27,13,35,152,5043,0.955978584176086,2100,6899,475,187,35,297,6,59,24,6
"1079","2020-03-27",28,13,40,167,5043,0.955978584176086,2100,6899,475,187,24,321,6,65,17,6
"1080","2020-03-28",31,13,39,199,5043,0.955978584176086,2100,6899,475,187,34,355,7,72,29,7
"1081","2020-03-29",48,13,45,225,5043,0.955978584176086,2100,6899,475,187,40,395,8,80,37,8
"1082","2020-03-30",48,13,45,245,5043,0.955978584176086,2100,6899,475,187,37,432,7,87,30,7
"1083","2020-03-31",50,13,43,260,5043,0.955978584176086,2100,6899,475,187,29,461,8,95,25,8
"1084","2020-04-01",49,13,46,289,5043,0.955978584176086,2100,6899,475,187,47,508,9,104,37,9
"1085","2020-04-02",62,13,42,311,5043,0.955978584176086,2100,6899,475,187,45,553,NA,NA,37,NA
"1086","2020-04-03",77,13,43,338,5043,0.955978584176086,2100,6899,475,187,43,596,1,105,37,1
"1087","2020-04-04",103,13,53,379,5043,0.955978584176086,2100,6899,475,187,61,657,8,113,49,8
"1088","2020-04-05",96,13,55,437,5043,0.955978584176086,2100,6899,475,187,52,709,2,115,48,2
"1089","2020-04-06",104,13,57,479,5043,0.955978584176086,2100,6899,475,187,61,770,8,123,54,8
"1090","2020-04-07",109,13,58,515,5043,0.955978584176086,2100,6899,475,187,43,813,2,125,37,2
"1091","2020-04-08",115,13,64,536,5043,0.955978584176086,2100,6899,475,187,62,875,5,130,49,5
"1092","2020-04-09",118,13,77,588,5043,0.955978584176086,2100,6899,475,187,56,931,2,132,50,2
"1093","2020-04-10",165,13,71,641,5043,0.955978584176086,2100,6899,475,187,63,994,7,139,56,7
"1094","2020-04-11",179,13,66,686,5043,0.955978584176086,2100,6899,475,187,83,1077,9,148,74,9
"1095","2020-04-12",203,13,75,746,5043,0.955978584176086,2100,6899,475,187,70,1147,6,154,61,6
"1096","2020-04-13",203,13,79,793,5043,0.955978584176086,2100,6899,475,187,75,1222,11,165,63,11
"1097","2020-04-14",203,13,69,834,5043,0.955978584176086,2100,6899,475,187,59,1281,11,176,56,11
"1098","2020-04-15",225,13,81,888,5043,0.955978584176086,2100,6899,475,187,74,1355,7,183,69,7
"1099","2020-04-16",239,13,95,959,5043,0.955978584176086,2100,6899,475,187,89,1444,8,191,81,8
"1100","2020-04-17",314,13,94,1041,5043,0.955978584176086,2100,6899,475,187,67,1511,3,194,60,3
"1101","2020-04-18",337,13,96,1089,5043,0.955978584176086,2100,6899,475,187,68,1579,13,207,59,13
"1102","2020-04-19",336,13,93,1131,5043,0.955978584176086,2100,6899,475,187,59,1638,7,214,51,7
"1103","2020-04-20",352,13,96,1183,5043,0.955978584176086,2100,6899,475,187,61,1699,6,220,54,6
"1104","2020-04-21",340,13,86,1219,5043,0.955978584176086,2100,6899,475,187,78,1777,12,232,68,12
"1105","2020-04-22",346,13,77,1254,5043,0.955978584176086,2100,6899,475,187,57,1834,6,238,52,6
"1106","2020-04-23",355,13,76,1288,5043,0.955978584176086,2100,6899,475,187,59,1893,18,256,53,18
"1107","2020-04-24",423,13,80,1321,5043,0.955978584176086,2100,6899,475,187,58,1951,11,267,54,11
"1108","2020-04-25",452,13,80,1330,5043,0.955978584176086,2100,6899,475,187,63,2014,10,277,57,10
"1109","2020-04-26",414,13,84,1357,5043,0.955978584176086,2100,6899,475,187,68,2082,11,288,64,11
"1110","2020-04-27",418,13,92,1363,5043,0.955978584176086,2100,6899,475,187,75,2157,10,298,69,10
"1111","2020-04-28",420,13,94,1383,5043,0.955978584176086,2100,6899,475,187,48,2205,8,306,40,8
"1112","2020-04-29",417,13,92,1376,5043,0.955978584176086,2100,6899,475,187,64,2269,11,317,58,11
"1113","2020-04-30",420,13,91,1348,5043,0.955978584176086,2100,6899,475,187,67,2336,11,328,60,11
"1114","2020-05-01",484,13,101,1295,5043,0.955978584176086,2100,6899,475,187,64,2400,9,337,59,9
"1115","2020-05-02",473,13,96,1280,5043,0.955978584176086,2100,6899,475,187,55,2455,9,346,46,9
"1116","2020-05-03",452,13,95,1248,5043,0.955978584176086,2100,6899,475,187,52,2507,12,358,48,12
"1117","2020-05-04",441,13,86,1232,5043,0.955978584176086,2100,6899,475,187,55,2562,11,369,47,11
"1118","2020-05-05",437,13,90,1235,5043,0.955978584176086,2100,6899,475,187,59,2621,15,384,52,15
"1119","2020-05-06",439,13,85,1171,5043,0.955978584176086,2100,6899,475,187,45,2666,4,388,37,4
"1120","2020-05-07",437,13,78,1123,5043,0.955978584176086,2100,6899,475,187,48,2714,10,398,40,10
"1121","2020-05-08",419,13,67,1083,5043,0.955978584176086,2100,6899,475,187,57,2771,12,410,52,12
"1122","2020-05-09",419,13,71,1050,5043,0.955978584176086,2100,6899,475,187,56,2827,16,426,46,16
"1123","2020-05-10",382,13,70,1022,5043,0.955978584176086,2100,6899,475,187,42,2869,6,432,38,6
"1124","2020-05-11",359,13,70,972,5043,0.955978584176086,2100,6899,475,187,48,2917,15,447,43,15
"1125","2020-05-12",364,13,71,910,5043,0.955978584176086,2100,6899,475,187,36,2953,7,454,31,7
"1126","2020-05-13",364,13,73,875,5043,0.955978584176086,2100,6899,475,187,36,2989,17,471,34,17
"1127","2020-05-14",344,13,70,828,5043,0.955978584176086,2100,6899,475,187,27,3016,9,480,22,9
"1128","2020-05-15",310,13,60,771,5043,0.955978584176086,2100,6899,475,187,36,3052,12,492,34,12
"1129","2020-05-16",309,13,57,718,5043,0.955978584176086,2100,6899,475,187,41,3093,12,504,35,12
"1130","2020-05-17",289,13,62,681,5043,0.955978584176086,2100,6899,475,187,26,3119,16,520,23,16
"1131","2020-05-18",269,13,57,618,5043,0.955978584176086,2100,6899,475,187,22,3141,18,538,18,18
"1132","2020-05-19",254,13,47,588,5043,0.955978584176086,2100,6899,475,187,27,3168,11,549,23,11
"1133","2020-05-20",236,13,45,541,5043,0.955978584176086,2100,6899,475,187,39,3207,10,559,35,10
"1134","2020-05-21",222,13,53,507,5043,0.955978584176086,2100,6899,475,187,26,3233,9,568,25,9
"1135","2020-05-22",193,13,58,475,5043,0.955978584176086,2100,6899,475,187,36,3269,5,573,28,5
"1136","2020-05-23",176,13,63,440,5043,0.955978584176086,2100,6899,475,187,31,3300,9,582,22,9
"1137","2020-05-24",166,13,71,415,5043,0.955978584176086,2100,6899,475,187,18,3318,8,590,13,8
"1138","2020-05-25",154,13,59,369,5043,0.955978584176086,2100,6899,475,187,25,3343,5,595,22,5
"1139","2020-05-26",145,13,57,342,5043,0.955978584176086,2100,6899,475,187,16,3359,9,604,15,9
"1140","2020-05-27",141,13,55,306,5043,0.955978584176086,2100,6899,475,187,34,3393,2,606,30,2
"1141","2020-05-28",139,13,74,281,5043,0.955978584176086,2100,6899,475,187,31,3424,1,607,28,1
"1142","2020-05-29",120,13,69,261,5043,0.955978584176086,2100,6899,475,187,23,3447,4,611,16,4
"1143","2020-05-30",108,13,63,247,5043,0.955978584176086,2100,6899,475,187,20,3467,2,613,17,2
"1144","2020-05-31",96,13,58,221,5043,0.955978584176086,2100,6899,475,187,23,3490,6,619,18,6
"1145","2020-06-01",93,13,58,187,5043,0.955978584176086,2100,6899,475,187,17,3507,7,626,17,7
"1146","2020-06-02",83,13,53,176,5043,0.955978584176086,2100,6899,475,187,11,3518,2,628,10,2
"1147","2020-06-03",72,13,52,163,5043,0.955978584176086,2100,6899,475,187,16,3534,5,633,16,5
"1148","2020-06-04",69,13,55,158,5043,0.955978584176086,2100,6899,475,187,16,3550,6,639,14,6
"1149","2020-06-05",66,13,57,146,5043,0.955978584176086,2100,6899,475,187,16,3566,4,643,15,4
"1150","2020-06-06",62,13,56,133,5043,0.955978584176086,2100,6899,475,187,19,3585,7,650,14,7
"1151","2020-06-07",56,13,48,121,5043,0.955978584176086,2100,6899,475,187,14,3599,6,656,11,6
"1152","2020-03-14",3,14,25,31,4976,0.945136655948553,1995,6991,479,350,10,27,6,15,4,6
"1153","2020-03-15",4,14,21,36,4976,0.945136655948553,1995,6991,479,350,8,35,5,20,4,5
"1154","2020-03-16",4,14,30,48,4976,0.945136655948553,1995,6991,479,350,17,52,9,29,11,9
"1155","2020-03-17",5,14,30,52,4976,0.945136655948553,1995,6991,479,350,10,62,11,40,9,11
"1156","2020-03-18",10,14,27,69,4976,0.945136655948553,1995,6991,479,350,6,68,13,53,5,13
"1157","2020-03-19",11,14,34,85,4976,0.945136655948553,1995,6991,479,350,18,86,17,70,14,17
"1158","2020-03-20",15,14,44,96,4976,0.945136655948553,1995,6991,479,350,20,106,13,83,16,13
"1159","2020-03-21",17,14,43,114,4976,0.945136655948553,1995,6991,479,350,21,127,16,99,13,16
"1160","2020-03-22",16,14,39,131,4976,0.945136655948553,1995,6991,479,350,21,148,15,114,16,15
"1161","2020-03-23",20,14,39,147,4976,0.945136655948553,1995,6991,479,350,21,169,2,116,15,2
"1162","2020-03-24",26,14,33,169,4976,0.945136655948553,1995,6991,479,350,25,194,2,118,21,2
"1163","2020-03-25",31,14,39,195,4976,0.945136655948553,1995,6991,479,350,18,212,NA,NA,12,NA
"1164","2020-03-26",38,14,45,233,4976,0.945136655948553,1995,6991,479,350,23,235,5,123,17,5
"1165","2020-03-27",52,14,51,261,4976,0.945136655948553,1995,6991,479,350,29,264,9,132,25,9
"1166","2020-03-28",63,14,56,293,4976,0.945136655948553,1995,6991,479,350,35,299,14,146,31,14
"1167","2020-03-29",81,14,55,324,4976,0.945136655948553,1995,6991,479,350,36,335,12,158,26,12
"1168","2020-03-30",84,14,54,368,4976,0.945136655948553,1995,6991,479,350,36,371,2,160,30,2
"1169","2020-03-31",88,14,62,395,4976,0.945136655948553,1995,6991,479,350,31,402,5,165,26,5
"1170","2020-04-01",91,14,72,443,4976,0.945136655948553,1995,6991,479,350,36,438,7,172,30,7
"1171","2020-04-02",99,14,76,490,4976,0.945136655948553,1995,6991,479,350,31,469,2,174,24,2
"1172","2020-04-03",135,14,85,531,4976,0.945136655948553,1995,6991,479,350,46,515,1,175,38,1
"1173","2020-04-04",161,14,79,599,4976,0.945136655948553,1995,6991,479,350,35,550,11,186,28,11
"1174","2020-04-05",163,14,72,649,4976,0.945136655948553,1995,6991,479,350,36,586,16,202,26,16
"1175","2020-04-06",173,14,84,716,4976,0.945136655948553,1995,6991,479,350,35,621,12,214,30,12
"1176","2020-04-07",168,14,86,780,4976,0.945136655948553,1995,6991,479,350,40,661,13,227,35,13
"1177","2020-04-08",189,14,87,824,4976,0.945136655948553,1995,6991,479,350,44,705,13,240,39,13
"1178","2020-04-09",194,14,91,849,4976,0.945136655948553,1995,6991,479,350,47,752,5,245,36,5
"1179","2020-04-10",255,14,93,885,4976,0.945136655948553,1995,6991,479,350,29,781,12,257,26,12
"1180","2020-04-11",270,14,85,919,4976,0.945136655948553,1995,6991,479,350,45,826,11,268,39,11
"1181","2020-04-12",288,14,87,960,4976,0.945136655948553,1995,6991,479,350,59,885,9,277,50,9
"1182","2020-04-13",289,14,87,1005,4976,0.945136655948553,1995,6991,479,350,42,927,4,281,40,4
"1183","2020-04-14",300,14,90,1031,4976,0.945136655948553,1995,6991,479,350,36,963,15,296,29,15
"1184","2020-04-15",300,14,78,1039,4976,0.945136655948553,1995,6991,479,350,34,997,12,308,29,12
"1185","2020-04-16",316,14,71,1059,4976,0.945136655948553,1995,6991,479,350,33,1030,21,329,28,21
"1186","2020-04-17",357,14,73,1057,4976,0.945136655948553,1995,6991,479,350,46,1076,26,355,36,26
"1187","2020-04-18",370,14,77,1059,4976,0.945136655948553,1995,6991,479,350,44,1120,20,375,39,20
"1188","2020-04-19",346,14,79,1069,4976,0.945136655948553,1995,6991,479,350,41,1161,18,393,30,18
"1189","2020-04-20",350,14,79,1077,4976,0.945136655948553,1995,6991,479,350,49,1210,11,404,47,11
"1190","2020-04-21",343,14,82,1116,4976,0.945136655948553,1995,6991,479,350,53,1263,13,417,42,13
"1191","2020-04-22",354,14,94,1139,4976,0.945136655948553,1995,6991,479,350,41,1304,17,434,35,17
"1192","2020-04-23",358,14,90,1129,4976,0.945136655948553,1995,6991,479,350,40,1344,16,450,37,16
"1193","2020-04-24",376,14,88,1151,4976,0.945136655948553,1995,6991,479,350,46,1390,12,462,39,12
"1194","2020-04-25",386,14,87,1164,4976,0.945136655948553,1995,6991,479,350,35,1425,24,486,31,24
"1195","2020-04-26",387,14,105,1172,4976,0.945136655948553,1995,6991,479,350,41,1466,15,501,34,15
"1196","2020-04-27",377,14,104,1145,4976,0.945136655948553,1995,6991,479,350,41,1507,7,508,32,7
"1197","2020-04-28",372,14,99,1123,4976,0.945136655948553,1995,6991,479,350,45,1552,10,518,37,10
"1198","2020-04-29",373,14,100,1109,4976,0.945136655948553,1995,6991,479,350,42,1594,18,536,35,18
"1199","2020-04-30",374,14,98,1092,4976,0.945136655948553,1995,6991,479,350,43,1637,10,546,34,10
"1200","2020-05-01",414,14,100,1079,4976,0.945136655948553,1995,6991,479,350,47,1684,15,561,41,15
"1201","2020-05-02",401,14,105,1066,4976,0.945136655948553,1995,6991,479,350,34,1718,14,575,31,14
"1202","2020-05-03",365,14,100,1030,4976,0.945136655948553,1995,6991,479,350,49,1767,17,592,46,17
"1203","2020-05-04",371,14,95,1008,4976,0.945136655948553,1995,6991,479,350,37,1804,12,604,36,12
"1204","2020-05-05",367,14,102,970,4976,0.945136655948553,1995,6991,479,350,54,1858,5,609,47,5
"1205","2020-05-06",355,14,96,937,4976,0.945136655948553,1995,6991,479,350,39,1897,12,621,35,12
"1206","2020-05-07",341,14,94,911,4976,0.945136655948553,1995,6991,479,350,58,1955,12,633,51,12
"1207","2020-05-08",325,14,100,860,4976,0.945136655948553,1995,6991,479,350,34,1989,8,641,30,8
"1208","2020-05-09",334,14,101,805,4976,0.945136655948553,1995,6991,479,350,38,2027,6,647,33,6
"1209","2020-05-10",293,14,101,771,4976,0.945136655948553,1995,6991,479,350,34,2061,4,651,29,4
"1210","2020-05-11",267,14,118,742,4976,0.945136655948553,1995,6991,479,350,29,2090,3,654,27,3
"1211","2020-05-12",270,14,122,705,4976,0.945136655948553,1995,6991,479,350,38,2128,14,668,34,14
"1212","2020-05-13",265,14,122,678,4976,0.945136655948553,1995,6991,479,350,34,2162,20,688,27,20
"1213","2020-05-14",256,14,124,640,4976,0.945136655948553,1995,6991,479,350,39,2201,14,702,32,14
"1214","2020-05-15",233,14,115,608,4976,0.945136655948553,1995,6991,479,350,31,2232,19,721,25,19
"1215","2020-05-16",215,14,117,587,4976,0.945136655948553,1995,6991,479,350,38,2270,26,747,34,26
"1216","2020-05-17",234,14,108,553,4976,0.945136655948553,1995,6991,479,350,35,2305,17,764,31,17
"1217","2020-05-18",226,14,90,522,4976,0.945136655948553,1995,6991,479,350,30,2335,20,784,25,20
"1218","2020-05-19",205,14,80,486,4976,0.945136655948553,1995,6991,479,350,30,2365,16,800,26,16
"1219","2020-05-20",199,14,79,481,4976,0.945136655948553,1995,6991,479,350,37,2402,9,809,35,9
"1220","2020-05-21",201,14,73,474,4976,0.945136655948553,1995,6991,479,350,37,2439,18,827,34,18
"1221","2020-05-22",176,14,76,465,4976,0.945136655948553,1995,6991,479,350,37,2476,20,847,36,20
"1222","2020-05-23",178,14,72,434,4976,0.945136655948553,1995,6991,479,350,34,2510,7,854,26,7
"1223","2020-05-24",148,14,75,400,4976,0.945136655948553,1995,6991,479,350,28,2538,10,864,26,10
"1224","2020-05-25",153,14,83,367,4976,0.945136655948553,1995,6991,479,350,25,2563,9,873,23,9
"1225","2020-05-26",152,14,78,340,4976,0.945136655948553,1995,6991,479,350,19,2582,6,879,16,6
"1226","2020-05-27",137,14,84,331,4976,0.945136655948553,1995,6991,479,350,22,2604,15,894,20,15
"1227","2020-05-28",133,14,98,321,4976,0.945136655948553,1995,6991,479,350,27,2631,8,902,25,8
"1228","2020-05-29",127,14,90,279,4976,0.945136655948553,1995,6991,479,350,26,2657,9,911,24,9
"1229","2020-05-30",113,14,79,266,4976,0.945136655948553,1995,6991,479,350,26,2683,9,920,22,9
"1230","2020-05-31",101,14,69,240,4976,0.945136655948553,1995,6991,479,350,23,2706,2,922,20,2
"1231","2020-06-01",88,14,73,230,4976,0.945136655948553,1995,6991,479,350,17,2723,4,926,15,4
"1232","2020-06-02",86,14,81,217,4976,0.945136655948553,1995,6991,479,350,19,2742,4,930,16,4
"1233","2020-06-03",83,14,83,207,4976,0.945136655948553,1995,6991,479,350,19,2761,5,935,18,5
"1234","2020-06-04",72,14,85,184,4976,0.945136655948553,1995,6991,479,350,16,2777,5,940,13,5
"1235","2020-06-05",67,14,83,166,4976,0.945136655948553,1995,6991,479,350,25,2802,5,945,24,5
"1236","2020-06-06",63,14,91,159,4976,0.945136655948553,1995,6991,479,350,19,2821,10,955,16,10
"1237","2020-06-07",57,14,88,147,4976,0.945136655948553,1995,6991,479,350,19,2840,8,963,19,8
"1238","2020-03-13",2,15,17,36,2866,0.643754361479414,2070,5482,302,398,10,30,7,13,1,7
"1239","2020-03-14",4,15,21,49,2866,0.643754361479414,2070,5482,302,398,15,45,2,15,NA,2
"1240","2020-03-15",6,15,23,68,2866,0.643754361479414,2070,5482,302,398,10,55,1,16,3,1
"1241","2020-03-16",10,15,27,87,2866,0.643754361479414,2070,5482,302,398,16,71,7,23,6,7
"1242","2020-03-17",15,15,23,105,2866,0.643754361479414,2070,5482,302,398,18,89,2,25,4,2
"1243","2020-03-18",22,15,25,129,2866,0.643754361479414,2070,5482,302,398,17,106,6,31,11,6
"1244","2020-03-19",25,15,28,154,2866,0.643754361479414,2070,5482,302,398,21,127,3,34,13,3
"1245","2020-03-20",28,15,42,164,2866,0.643754361479414,2070,5482,302,398,28,155,2,36,12,2
"1246","2020-03-21",34,15,43,186,2866,0.643754361479414,2070,5482,302,398,18,173,5,41,10,5
"1247","2020-03-22",39,15,41,201,2866,0.643754361479414,2070,5482,302,398,13,186,3,44,3,3
"1248","2020-03-23",41,15,46,219,2866,0.643754361479414,2070,5482,302,398,28,214,7,51,12,7
"1249","2020-03-24",41,15,49,224,2866,0.643754361479414,2070,5482,302,398,29,243,8,59,15,8
"1250","2020-03-25",44,15,47,228,2866,0.643754361479414,2070,5482,302,398,19,262,6,65,11,6
"1251","2020-03-26",50,15,51,235,2866,0.643754361479414,2070,5482,302,398,28,290,5,70,11,5
"1252","2020-03-27",59,15,65,249,2866,0.643754361479414,2070,5482,302,398,35,325,5,75,15,5
"1253","2020-03-28",74,15,64,250,2866,0.643754361479414,2070,5482,302,398,32,357,4,79,20,4
"1254","2020-03-29",77,15,59,268,2866,0.643754361479414,2070,5482,302,398,25,382,7,86,16,7
"1255","2020-03-30",78,15,67,274,2866,0.643754361479414,2070,5482,302,398,25,407,8,94,11,8
"1256","2020-03-31",78,15,65,292,2866,0.643754361479414,2070,5482,302,398,24,431,1,95,13,1
"1257","2020-04-01",83,15,74,308,2866,0.643754361479414,2070,5482,302,398,29,460,1,96,18,1
"1258","2020-04-02",81,15,73,331,2866,0.643754361479414,2070,5482,302,398,39,499,4,100,21,4
"1259","2020-04-03",92,15,73,353,2866,0.643754361479414,2070,5482,302,398,18,517,3,103,12,3
"1260","2020-04-04",104,15,72,363,2866,0.643754361479414,2070,5482,302,398,22,539,2,105,12,2
"1261","2020-04-05",107,15,89,377,2866,0.643754361479414,2070,5482,302,398,40,579,5,110,21,5
"1262","2020-04-06",112,15,82,393,2866,0.643754361479414,2070,5482,302,398,35,614,6,116,23,6
"1263","2020-04-07",120,15,92,407,2866,0.643754361479414,2070,5482,302,398,37,651,2,118,24,2
"1264","2020-04-08",126,15,98,413,2866,0.643754361479414,2070,5482,302,398,35,686,4,122,19,4
"1265","2020-04-09",137,15,82,410,2866,0.643754361479414,2070,5482,302,398,30,716,1,123,15,1
"1266","2020-04-10",159,15,77,405,2866,0.643754361479414,2070,5482,302,398,30,746,9,132,15,9
"1267","2020-04-11",150,15,86,406,2866,0.643754361479414,2070,5482,302,398,39,785,4,136,25,4
"1268","2020-04-12",161,15,106,402,2866,0.643754361479414,2070,5482,302,398,33,818,8,144,17,8
"1269","2020-04-13",156,15,96,422,2866,0.643754361479414,2070,5482,302,398,44,862,12,156,25,12
"1270","2020-04-14",152,15,83,436,2866,0.643754361479414,2070,5482,302,398,40,902,7,163,27,7
"1271","2020-04-15",143,15,68,440,2866,0.643754361479414,2070,5482,302,398,43,945,9,172,25,9
"1272","2020-04-16",140,15,87,443,2866,0.643754361479414,2070,5482,302,398,27,972,6,178,14,6
"1273","2020-04-17",139,15,113,455,2866,0.643754361479414,2070,5482,302,398,44,1016,2,180,24,2
"1274","2020-04-18",144,15,120,462,2866,0.643754361479414,2070,5482,302,398,36,1052,7,187,19,7
"1275","2020-04-19",147,15,129,462,2866,0.643754361479414,2070,5482,302,398,42,1094,6,193,22,6
"1276","2020-04-20",143,15,126,476,2866,0.643754361479414,2070,5482,302,398,32,1126,4,197,22,4
"1277","2020-04-21",137,15,130,481,2866,0.643754361479414,2070,5482,302,398,37,1163,4,201,26,4
"1278","2020-04-22",143,15,149,485,2866,0.643754361479414,2070,5482,302,398,37,1200,1,202,22,1
"1279","2020-04-23",136,15,136,492,2866,0.643754361479414,2070,5482,302,398,51,1251,2,204,33,2
"1280","2020-04-24",159,15,128,508,2866,0.643754361479414,2070,5482,302,398,35,1286,5,209,23,5
"1281","2020-04-25",172,15,127,500,2866,0.643754361479414,2070,5482,302,398,42,1328,8,217,25,8
"1282","2020-04-26",160,15,118,500,2866,0.643754361479414,2070,5482,302,398,47,1375,8,225,24,8
"1283","2020-04-27",161,15,140,510,2866,0.643754361479414,2070,5482,302,398,34,1409,5,230,22,5
"1284","2020-04-28",162,15,147,518,2866,0.643754361479414,2070,5482,302,398,44,1453,13,243,21,13
"1285","2020-04-29",159,15,152,522,2866,0.643754361479414,2070,5482,302,398,27,1480,6,249,15,6
"1286","2020-04-30",184,15,168,514,2866,0.643754361479414,2070,5482,302,398,49,1529,4,253,30,4
"1287","2020-05-01",192,15,171,507,2866,0.643754361479414,2070,5482,302,398,29,1558,4,257,19,4
"1288","2020-05-02",193,15,186,493,2866,0.643754361479414,2070,5482,302,398,27,1585,3,260,17,3
"1289","2020-05-03",182,15,174,488,2866,0.643754361479414,2070,5482,302,398,36,1621,12,272,22,12
"1290","2020-05-04",176,15,161,478,2866,0.643754361479414,2070,5482,302,398,31,1652,11,283,16,11
"1291","2020-05-05",180,15,122,459,2866,0.643754361479414,2070,5482,302,398,33,1685,6,289,23,6
"1292","2020-05-06",178,15,114,426,2866,0.643754361479414,2070,5482,302,398,23,1708,8,297,13,8
"1293","2020-05-07",152,15,117,411,2866,0.643754361479414,2070,5482,302,398,31,1739,4,301,15,4
"1294","2020-05-08",134,15,141,396,2866,0.643754361479414,2070,5482,302,398,27,1766,2,303,12,2
"1295","2020-05-09",129,15,158,390,2866,0.643754361479414,2070,5482,302,398,29,1795,4,307,13,4
"1296","2020-05-10",134,15,138,392,2866,0.643754361479414,2070,5482,302,398,30,1825,4,311,18,4
"1297","2020-05-11",129,15,123,381,2866,0.643754361479414,2070,5482,302,398,24,1849,7,318,13,7
"1298","2020-05-12",113,15,122,385,2866,0.643754361479414,2070,5482,302,398,22,1871,6,324,11,6
"1299","2020-05-13",113,15,122,387,2866,0.643754361479414,2070,5482,302,398,32,1903,2,326,20,2
"1300","2020-05-14",121,15,114,366,2866,0.643754361479414,2070,5482,302,398,16,1919,3,329,9,3
"1301","2020-05-15",142,15,95,366,2866,0.643754361479414,2070,5482,302,398,23,1942,7,336,16,7
"1302","2020-05-16",139,15,113,371,2866,0.643754361479414,2070,5482,302,398,30,1972,8,344,15,8
"1303","2020-05-17",125,15,123,373,2866,0.643754361479414,2070,5482,302,398,21,1993,5,349,15,5
"1304","2020-05-18",122,15,130,363,2866,0.643754361479414,2070,5482,302,398,38,2031,6,355,24,6
"1305","2020-05-19",125,15,131,364,2866,0.643754361479414,2070,5482,302,398,16,2047,4,359,9,4
"1306","2020-05-20",124,15,122,357,2866,0.643754361479414,2070,5482,302,398,27,2074,7,366,15,7
"1307","2020-05-21",126,15,137,350,2866,0.643754361479414,2070,5482,302,398,24,2098,2,368,17,2
"1308","2020-05-22",115,15,144,352,2866,0.643754361479414,2070,5482,302,398,17,2115,6,374,10,6
"1309","2020-05-23",116,15,140,334,2866,0.643754361479414,2070,5482,302,398,28,2143,2,376,21,2
"1310","2020-05-24",106,15,141,325,2866,0.643754361479414,2070,5482,302,398,20,2163,7,383,10,7
"1311","2020-05-25",105,15,158,319,2866,0.643754361479414,2070,5482,302,398,30,2193,1,384,20,1
"1312","2020-05-26",105,15,160,292,2866,0.643754361479414,2070,5482,302,398,18,2211,6,390,12,6
"1313","2020-05-27",106,15,151,287,2866,0.643754361479414,2070,5482,302,398,25,2236,6,396,19,6
"1314","2020-05-28",100,15,134,275,2866,0.643754361479414,2070,5482,302,398,17,2253,9,405,8,9
"1315","2020-05-29",100,15,145,272,2866,0.643754361479414,2070,5482,302,398,18,2271,3,408,13,3
"1316","2020-05-30",105,15,116,263,2866,0.643754361479414,2070,5482,302,398,17,2288,4,412,12,4
"1317","2020-05-31",98,15,107,249,2866,0.643754361479414,2070,5482,302,398,16,2304,6,418,10,6
"1318","2020-06-01",90,15,105,225,2866,0.643754361479414,2070,5482,302,398,14,2318,3,421,8,3
"1319","2020-06-02",85,15,104,219,2866,0.643754361479414,2070,5482,302,398,10,2328,2,423,6,2
"1320","2020-06-03",83,15,91,205,2866,0.643754361479414,2070,5482,302,398,11,2339,2,425,5,2
"1321","2020-06-04",76,15,86,196,2866,0.643754361479414,2070,5482,302,398,7,2346,NA,NA,4,NA
"1322","2020-06-05",78,15,77,187,2866,0.643754361479414,2070,5482,302,398,18,2364,2,427,6,2
"1323","2020-06-06",78,15,66,172,2866,0.643754361479414,2070,5482,302,398,9,2373,3,430,5,3
"1324","2020-06-07",72,15,65,160,2866,0.643754361479414,2070,5482,302,398,7,2380,5,435,5,5
"1325","2020-03-13",2,16,18,12,5250,0.946857142857143,2055,6640,549,441,12,28,2,9,NA,2
"1326","2020-03-14",2,16,27,19,5250,0.946857142857143,2055,6640,549,441,9,37,5,14,2,5
"1327","2020-03-15",0,16,0,0,5250,0.946857142857143,2055,6640,549,441,11,48,5,19,5,5
"1328","2020-03-16",3,16,42,36,5250,0.946857142857143,2055,6640,549,441,16,64,8,27,7,8
"1329","2020-03-17",3,16,45,47,5250,0.946857142857143,2055,6640,549,441,26,90,10,37,10,10
"1330","2020-03-18",4,16,38,60,5250,0.946857142857143,2055,6640,549,441,18,108,14,51,10,14
"1331","2020-03-19",4,16,35,71,5250,0.946857142857143,2055,6640,549,441,26,134,12,63,18,12
"1332","2020-03-20",5,16,41,81,5250,0.946857142857143,2055,6640,549,441,11,145,15,78,9,15
"1333","2020-03-21",10,16,50,98,5250,0.946857142857143,2055,6640,549,441,15,160,8,86,11,8
"1334","2020-03-22",15,16,50,120,5250,0.946857142857143,2055,6640,549,441,21,181,25,111,15,25
"1335","2020-03-23",13,16,50,133,5250,0.946857142857143,2055,6640,549,441,24,205,18,129,17,18
"1336","2020-03-24",17,16,47,163,5250,0.946857142857143,2055,6640,549,441,19,224,17,146,12,17
"1337","2020-03-25",20,16,50,192,5250,0.946857142857143,2055,6640,549,441,27,251,14,160,23,14
"1338","2020-03-26",25,16,51,228,5250,0.946857142857143,2055,6640,549,441,24,275,14,174,17,14
"1339","2020-03-27",33,16,70,259,5250,0.946857142857143,2055,6640,549,441,32,307,12,186,22,12
"1340","2020-03-28",52,16,73,295,5250,0.946857142857143,2055,6640,549,441,25,332,14,200,20,14
"1341","2020-03-29",66,16,80,334,5250,0.946857142857143,2055,6640,549,441,26,358,24,224,17,24
"1342","2020-03-30",76,16,77,386,5250,0.946857142857143,2055,6640,549,441,26,384,11,235,15,11
"1343","2020-03-31",88,16,65,422,5250,0.946857142857143,2055,6640,549,441,37,421,8,243,27,8
"1344","2020-04-01",98,16,71,456,5250,0.946857142857143,2055,6640,549,441,32,453,15,258,26,15
"1345","2020-04-02",107,16,81,502,5250,0.946857142857143,2055,6640,549,441,47,500,11,269,30,11
"1346","2020-04-03",140,16,70,558,5250,0.946857142857143,2055,6640,549,441,34,534,15,284,19,15
"1347","2020-04-04",159,16,69,602,5250,0.946857142857143,2055,6640,549,441,43,577,10,294,35,10
"1348","2020-04-05",151,16,76,657,5250,0.946857142857143,2055,6640,549,441,42,619,8,302,31,8
"1349","2020-04-06",151,16,76,727,5250,0.946857142857143,2055,6640,549,441,41,660,7,309,29,7
"1350","2020-04-07",168,16,91,803,5250,0.946857142857143,2055,6640,549,441,53,713,16,325,37,16
"1351","2020-04-08",175,16,100,855,5250,0.946857142857143,2055,6640,549,441,56,769,17,342,31,17
"1352","2020-04-09",192,16,95,936,5250,0.946857142857143,2055,6640,549,441,41,810,20,362,27,20
"1353","2020-04-10",238,16,84,996,5250,0.946857142857143,2055,6640,549,441,41,851,23,385,30,23
"1354","2020-04-11",262,16,88,1033,5250,0.946857142857143,2055,6640,549,441,56,907,31,416,43,31
"1355","2020-04-12",311,16,96,1105,5250,0.946857142857143,2055,6640,549,441,52,959,26,442,44,26
"1356","2020-04-13",323,16,101,1175,5250,0.946857142857143,2055,6640,549,441,36,995,29,471,29,29
"1357","2020-04-14",323,16,112,1260,5250,0.946857142857143,2055,6640,549,441,46,1041,28,499,42,28
"1358","2020-04-15",348,16,115,1370,5250,0.946857142857143,2055,6640,549,441,44,1085,26,525,36,26
"1359","2020-04-16",368,16,117,1428,5250,0.946857142857143,2055,6640,549,441,62,1147,17,542,47,17
"1360","2020-04-17",428,16,124,1488,5250,0.946857142857143,2055,6640,549,441,51,1198,22,564,42,22
"1361","2020-04-18",493,16,143,1517,5250,0.946857142857143,2055,6640,549,441,51,1249,38,602,43,38
"1362","2020-04-19",511,16,140,1551,5250,0.946857142857143,2055,6640,549,441,55,1304,25,627,43,25
"1363","2020-04-20",521,16,134,1595,5250,0.946857142857143,2055,6640,549,441,38,1342,16,643,29,16
"1364","2020-04-21",540,16,145,1645,5250,0.946857142857143,2055,6640,549,441,41,1383,29,672,34,29
"1365","2020-04-22",542,16,150,1656,5250,0.946857142857143,2055,6640,549,441,39,1422,16,688,30,16
"1366","2020-04-23",563,16,148,1649,5250,0.946857142857143,2055,6640,549,441,65,1487,20,708,55,20
"1367","2020-04-24",672,16,145,1654,5250,0.946857142857143,2055,6640,549,441,51,1538,20,728,40,20
"1368","2020-04-25",627,16,132,1618,5250,0.946857142857143,2055,6640,549,441,40,1578,26,754,36,26
"1369","2020-04-26",547,16,131,1576,5250,0.946857142857143,2055,6640,549,441,49,1627,12,766,35,12
"1370","2020-04-27",538,16,140,1513,5250,0.946857142857143,2055,6640,549,441,39,1666,23,789,27,23
"1371","2020-04-28",526,16,132,1447,5250,0.946857142857143,2055,6640,549,441,46,1712,26,815,37,26
"1372","2020-04-29",532,16,126,1421,5250,0.946857142857143,2055,6640,549,441,50,1762,21,836,40,21
"1373","2020-04-30",510,16,134,1357,5250,0.946857142857143,2055,6640,549,441,42,1804,21,857,33,21
"1374","2020-05-01",493,16,138,1270,5250,0.946857142857143,2055,6640,549,441,52,1856,24,881,45,24
"1375","2020-05-02",492,16,137,1194,5250,0.946857142857143,2055,6640,549,441,43,1899,34,915,34,34
"1376","2020-05-03",451,16,143,1144,5250,0.946857142857143,2055,6640,549,441,39,1938,22,937,34,22
"1377","2020-05-04",433,16,142,1062,5250,0.946857142857143,2055,6640,549,441,53,1991,34,971,47,34
"1378","2020-05-05",416,16,134,1002,5250,0.946857142857143,2055,6640,549,441,42,2033,28,999,33,28
"1379","2020-05-06",391,16,129,958,5250,0.946857142857143,2055,6640,549,441,40,2073,36,1035,33,36
"1380","2020-05-07",379,16,141,867,5250,0.946857142857143,2055,6640,549,441,45,2118,37,1072,37,37
"1381","2020-05-08",346,16,169,809,5250,0.946857142857143,2055,6640,549,441,43,2161,27,1099,36,27
"1382","2020-05-09",326,16,185,765,5250,0.946857142857143,2055,6640,549,441,39,2200,32,1131,33,32
"1383","2020-05-10",314,16,179,715,5250,0.946857142857143,2055,6640,549,441,27,2227,32,1163,23,32
"1384","2020-05-11",312,16,176,663,5250,0.946857142857143,2055,6640,549,441,41,2268,43,1206,36,43
"1385","2020-05-12",293,16,177,600,5250,0.946857142857143,2055,6640,549,441,27,2295,50,1256,23,50
"1386","2020-05-13",280,16,177,554,5250,0.946857142857143,2055,6640,549,441,39,2334,36,1292,33,36
"1387","2020-05-14",255,16,155,506,5250,0.946857142857143,2055,6640,549,441,38,2372,26,1318,30,26
"1388","2020-05-15",218,16,148,462,5250,0.946857142857143,2055,6640,549,441,53,2425,37,1355,43,37
"1389","2020-05-16",199,16,157,413,5250,0.946857142857143,2055,6640,549,441,28,2453,43,1398,20,43
"1390","2020-05-17",162,16,151,378,5250,0.946857142857143,2055,6640,549,441,28,2481,51,1449,22,51
"1391","2020-05-18",141,16,127,347,5250,0.946857142857143,2055,6640,549,441,45,2526,43,1492,40,43
"1392","2020-05-19",122,16,105,307,5250,0.946857142857143,2055,6640,549,441,37,2563,42,1534,27,42
"1393","2020-05-20",116,16,104,286,5250,0.946857142857143,2055,6640,549,441,33,2596,50,1584,27,50
"1394","2020-05-21",112,16,102,273,5250,0.946857142857143,2055,6640,549,441,31,2627,44,1628,21,44
"1395","2020-05-22",104,16,103,255,5250,0.946857142857143,2055,6640,549,441,40,2667,39,1667,31,39
"1396","2020-05-23",105,16,108,226,5250,0.946857142857143,2055,6640,549,441,41,2708,31,1698,37,31
"1397","2020-05-24",99,16,115,207,5250,0.946857142857143,2055,6640,549,441,31,2739,35,1733,22,35
"1398","2020-05-25",95,16,112,194,5250,0.946857142857143,2055,6640,549,441,34,2773,30,1763,26,30
"1399","2020-05-26",87,16,101,186,5250,0.946857142857143,2055,6640,549,441,23,2796,25,1788,18,25
"1400","2020-05-27",82,16,84,178,5250,0.946857142857143,2055,6640,549,441,25,2821,19,1807,23,19
"1401","2020-05-28",78,16,74,171,5250,0.946857142857143,2055,6640,549,441,33,2854,27,1834,30,27
"1402","2020-05-29",71,16,68,157,5250,0.946857142857143,2055,6640,549,441,31,2885,25,1859,30,25
"1403","2020-05-30",63,16,68,148,5250,0.946857142857143,2055,6640,549,441,25,2910,27,1886,24,27
"1404","2020-05-31",48,16,58,132,5250,0.946857142857143,2055,6640,549,441,20,2930,24,1910,17,24
"1405","2020-06-01",41,16,58,118,5250,0.946857142857143,2055,6640,549,441,26,2956,21,1931,25,21
"1406","2020-06-02",38,16,53,104,5250,0.946857142857143,2055,6640,549,441,17,2973,16,1947,14,16
"1407","2020-06-03",35,16,49,102,5250,0.946857142857143,2055,6640,549,441,15,2988,20,1967,12,20
"1408","2020-06-04",33,16,47,90,5250,0.946857142857143,2055,6640,549,441,19,3007,15,1982,18,15
"1409","2020-06-05",32,16,55,82,5250,0.946857142857143,2055,6640,549,441,18,3025,33,2015,14,33
"1410","2020-06-06",27,16,62,72,5250,0.946857142857143,2055,6640,549,441,22,3047,14,2029,21,14
"1411","2020-06-07",28,16,60,70,5250,0.946857142857143,2055,6640,549,441,24,3071,14,2043,19,14
"1412","2020-03-12",1,17,9,19,3731,0.841597426963281,2070,6166,393,320,3,4,4,11,3,4
"1413","2020-03-13",1,17,14,26,3731,0.841597426963281,2070,6166,393,320,4,8,1,12,3,1
"1414","2020-03-14",1,17,19,35,3731,0.841597426963281,2070,6166,393,320,2,10,5,17,2,5
"1415","2020-03-15",3,17,20,46,3731,0.841597426963281,2070,6166,393,320,7,17,2,19,5,2
"1416","2020-03-16",4,17,18,61,3731,0.841597426963281,2070,6166,393,320,5,22,3,22,4,3
"1417","2020-03-17",5,17,19,73,3731,0.841597426963281,2070,6166,393,320,5,27,3,25,5,3
"1418","2020-03-18",12,17,17,85,3731,0.841597426963281,2070,6166,393,320,7,34,5,30,6,5
"1419","2020-03-19",13,17,17,102,3731,0.841597426963281,2070,6166,393,320,7,41,11,41,6,11
"1420","2020-03-20",17,17,22,117,3731,0.841597426963281,2070,6166,393,320,9,50,9,50,7,9
"1421","2020-03-21",22,17,22,126,3731,0.841597426963281,2070,6166,393,320,10,60,6,56,7,6
"1422","2020-03-22",25,17,23,135,3731,0.841597426963281,2070,6166,393,320,11,71,7,63,11,7
"1423","2020-03-23",32,17,22,146,3731,0.841597426963281,2070,6166,393,320,19,90,9,72,16,9
"1424","2020-03-24",34,17,22,154,3731,0.841597426963281,2070,6166,393,320,25,115,14,86,23,14
"1425","2020-03-25",34,17,29,171,3731,0.841597426963281,2070,6166,393,320,18,133,8,94,18,8
"1426","2020-03-26",44,17,29,195,3731,0.841597426963281,2070,6166,393,320,31,164,8,102,28,8
"1427","2020-03-27",49,17,38,219,3731,0.841597426963281,2070,6166,393,320,41,205,15,117,39,15
"1428","2020-03-28",62,17,44,244,3731,0.841597426963281,2070,6166,393,320,32,237,4,121,30,4
"1429","2020-03-29",69,17,39,255,3731,0.841597426963281,2070,6166,393,320,35,272,11,132,34,11
"1430","2020-03-30",61,17,36,277,3731,0.841597426963281,2070,6166,393,320,41,313,13,145,37,13
"1431","2020-03-31",70,17,42,306,3731,0.841597426963281,2070,6166,393,320,59,372,14,159,55,14
"1432","2020-04-01",77,17,49,331,3731,0.841597426963281,2070,6166,393,320,52,424,20,179,50,20
"1433","2020-04-02",76,17,56,344,3731,0.841597426963281,2070,6166,393,320,76,500,11,190,75,11
"1434","2020-04-03",94,17,46,359,3731,0.841597426963281,2070,6166,393,320,66,566,14,204,63,14
"1435","2020-04-04",107,17,57,393,3731,0.841597426963281,2070,6166,393,320,94,660,8,212,91,8
"1436","2020-04-05",108,17,72,432,3731,0.841597426963281,2070,6166,393,320,72,732,7,219,68,7
"1437","2020-04-06",109,17,76,446,3731,0.841597426963281,2070,6166,393,320,92,824,9,228,91,9
"1438","2020-04-07",105,17,60,474,3731,0.841597426963281,2070,6166,393,320,104,928,3,231,100,3
"1439","2020-04-08",114,17,57,486,3731,0.841597426963281,2070,6166,393,320,91,1019,12,243,89,12
"1440","2020-04-09",126,17,56,510,3731,0.841597426963281,2070,6166,393,320,104,1123,7,250,102,7
"1441","2020-04-10",143,17,59,523,3731,0.841597426963281,2070,6166,393,320,101,1224,8,258,101,8
"1442","2020-04-11",166,17,60,556,3731,0.841597426963281,2070,6166,393,320,144,1368,11,269,144,11
"1443","2020-04-12",180,17,71,592,3731,0.841597426963281,2070,6166,393,320,130,1498,8,277,128,8
"1444","2020-04-13",184,17,73,608,3731,0.841597426963281,2070,6166,393,320,151,1649,3,280,147,3
"1445","2020-04-14",195,17,61,640,3731,0.841597426963281,2070,6166,393,320,120,1769,11,291,120,11
"1446","2020-04-15",191,17,68,676,3731,0.841597426963281,2070,6166,393,320,118,1887,15,306,117,15
"1447","2020-04-16",191,17,70,710,3731,0.841597426963281,2070,6166,393,320,168,2055,10,316,167,10
"1448","2020-04-17",218,17,67,709,3731,0.841597426963281,2070,6166,393,320,167,2222,21,337,165,21
"1449","2020-04-18",249,17,65,707,3731,0.841597426963281,2070,6166,393,320,125,2347,1,338,124,1
"1450","2020-04-19",248,17,65,711,3731,0.841597426963281,2070,6166,393,320,126,2473,8,346,124,8
"1451","2020-04-20",244,17,64,736,3731,0.841597426963281,2070,6166,393,320,163,2636,6,352,162,6
"1452","2020-04-21",236,17,67,756,3731,0.841597426963281,2070,6166,393,320,178,2814,10,362,176,10
"1453","2020-04-22",240,17,73,737,3731,0.841597426963281,2070,6166,393,320,143,2957,9,371,142,9
"1454","2020-04-23",243,17,76,743,3731,0.841597426963281,2070,6166,393,320,163,3120,20,391,161,20
"1455","2020-04-24",267,17,69,739,3731,0.841597426963281,2070,6166,393,320,160,3280,21,412,159,21
"1456","2020-04-25",257,17,70,747,3731,0.841597426963281,2070,6166,393,320,151,3431,17,429,150,17
"1457","2020-04-26",258,17,82,738,3731,0.841597426963281,2070,6166,393,320,109,3540,10,439,107,10
"1458","2020-04-27",258,17,96,739,3731,0.841597426963281,2070,6166,393,320,121,3661,8,447,118,8
"1459","2020-04-28",262,17,101,720,3731,0.841597426963281,2070,6166,393,320,139,3800,11,458,137,11
"1460","2020-04-29",270,17,96,701,3731,0.841597426963281,2070,6166,393,320,100,3900,18,476,99,18
"1461","2020-04-30",271,17,92,693,3731,0.841597426963281,2070,6166,393,320,116,4016,17,493,114,17
"1462","2020-05-01",272,17,78,687,3731,0.841597426963281,2070,6166,393,320,114,4130,19,512,113,19
"1463","2020-05-02",268,17,74,669,3731,0.841597426963281,2070,6166,393,320,108,4238,27,539,108,27
"1464","2020-05-03",239,17,81,653,3731,0.841597426963281,2070,6166,393,320,89,4327,14,553,87,14
"1465","2020-05-04",225,17,71,629,3731,0.841597426963281,2070,6166,393,320,73,4400,22,575,72,22
"1466","2020-05-05",219,17,74,629,3731,0.841597426963281,2070,6166,393,320,84,4484,17,592,82,17
"1467","2020-05-06",209,17,73,614,3731,0.841597426963281,2070,6166,393,320,61,4545,5,597,60,5
"1468","2020-05-07",209,17,81,608,3731,0.841597426963281,2070,6166,393,320,69,4614,10,607,69,10
"1469","2020-05-08",202,17,89,586,3731,0.841597426963281,2070,6166,393,320,56,4670,9,616,55,9
"1470","2020-05-09",192,17,81,573,3731,0.841597426963281,2070,6166,393,320,65,4735,4,620,65,4
"1471","2020-05-10",193,17,85,564,3731,0.841597426963281,2070,6166,393,320,53,4788,4,624,52,4
"1472","2020-05-11",195,17,85,557,3731,0.841597426963281,2070,6166,393,320,63,4851,6,630,62,6
"1473","2020-05-12",190,17,75,564,3731,0.841597426963281,2070,6166,393,320,41,4892,12,642,40,12
"1474","2020-05-13",183,17,71,552,3731,0.841597426963281,2070,6166,393,320,48,4940,32,674,48,32
"1475","2020-05-14",176,17,88,558,3731,0.841597426963281,2070,6166,393,320,41,4981,18,692,40,18
"1476","2020-05-15",191,17,96,546,3731,0.841597426963281,2070,6166,393,320,23,5004,17,709,22,17
"1477","2020-05-16",196,17,92,539,3731,0.841597426963281,2070,6166,393,320,32,5036,9,718,32,9
"1478","2020-05-17",189,17,92,535,3731,0.841597426963281,2070,6166,393,320,22,5058,5,723,21,5
"1479","2020-05-18",182,17,90,523,3731,0.841597426963281,2070,6166,393,320,19,5077,11,734,18,11
"1480","2020-05-19",185,17,101,505,3731,0.841597426963281,2070,6166,393,320,28,5105,10,744,27,10
"1481","2020-05-20",191,17,106,472,3731,0.841597426963281,2070,6166,393,320,20,5125,9,753,18,9
"1482","2020-05-21",187,17,100,472,3731,0.841597426963281,2070,6166,393,320,19,5144,14,767,19,14
"1483","2020-05-22",182,17,93,452,3731,0.841597426963281,2070,6166,393,320,12,5156,14,781,11,14
"1484","2020-05-23",172,17,79,444,3731,0.841597426963281,2070,6166,393,320,20,5176,10,791,19,10
"1485","2020-05-24",165,17,67,434,3731,0.841597426963281,2070,6166,393,320,9,5185,5,796,9,5
"1486","2020-05-25",154,17,68,411,3731,0.841597426963281,2070,6166,393,320,13,5198,9,805,13,9
"1487","2020-05-26",147,17,62,397,3731,0.841597426963281,2070,6166,393,320,12,5210,6,811,12,6
"1488","2020-05-27",138,17,72,374,3731,0.841597426963281,2070,6166,393,320,10,5220,5,816,10,5
"1489","2020-05-28",144,17,62,356,3731,0.841597426963281,2070,6166,393,320,12,5232,9,825,11,9
"1490","2020-05-29",153,17,54,350,3731,0.841597426963281,2070,6166,393,320,9,5241,4,829,9,4
"1491","2020-05-30",151,17,52,332,3731,0.841597426963281,2070,6166,393,320,6,5247,NA,NA,6,NA
"1492","2020-05-31",125,17,50,334,3731,0.841597426963281,2070,6166,393,320,6,5253,1,830,6,1
"1493","2020-06-01",129,17,56,312,3731,0.841597426963281,2070,6166,393,320,7,5260,1,831,7,1
"1494","2020-06-02",113,17,56,299,3731,0.841597426963281,2070,6166,393,320,5,5265,6,837,4,6
"1495","2020-06-03",112,17,44,279,3731,0.841597426963281,2070,6166,393,320,1,5266,2,839,NA,2
"1496","2020-06-04",95,17,43,261,3731,0.841597426963281,2070,6166,393,320,10,5276,2,841,7,2
"1497","2020-06-05",83,17,43,253,3731,0.841597426963281,2070,6166,393,320,11,5287,2,843,11,2
"1498","2020-06-06",77,17,43,233,3731,0.841597426963281,2070,6166,393,320,6,5293,4,847,6,4
"1499","2020-06-07",77,17,38,231,3731,0.841597426963281,2070,6166,393,320,7,5300,6,853,6,6
"1500","2020-03-14",1,18,37,30,4586,0.933493240296555,1995,6940,423,310,3,11,2,6,1,2
"1501","2020-03-15",2,18,40,40,4586,0.933493240296555,1995,6940,423,310,2,13,6,12,2,6
"1502","2020-03-16",2,18,49,49,4586,0.933493240296555,1995,6940,423,310,3,16,4,16,2,4
"1503","2020-03-17",6,18,52,58,4586,0.933493240296555,1995,6940,423,310,6,22,5,21,5,5
"1504","2020-03-18",9,18,48,71,4586,0.933493240296555,1995,6940,423,310,5,27,8,29,4,8
"1505","2020-03-19",13,18,52,83,4586,0.933493240296555,1995,6940,423,310,4,31,5,34,3,5
"1506","2020-03-20",18,18,52,96,4586,0.933493240296555,1995,6940,423,310,7,38,5,39,6,5
"1507","2020-03-21",29,18,46,114,4586,0.933493240296555,1995,6940,423,310,7,45,9,48,4,9
"1508","2020-03-22",32,18,40,129,4586,0.933493240296555,1995,6940,423,310,10,55,5,53,7,5
"1509","2020-03-23",32,18,42,148,4586,0.933493240296555,1995,6940,423,310,11,66,9,62,9,9
"1510","2020-03-24",32,18,45,161,4586,0.933493240296555,1995,6940,423,310,6,72,2,64,5,2
"1511","2020-03-25",34,18,48,180,4586,0.933493240296555,1995,6940,423,310,9,81,9,73,7,9
"1512","2020-03-26",38,18,56,194,4586,0.933493240296555,1995,6940,423,310,16,97,5,78,14,5
"1513","2020-03-27",46,18,52,226,4586,0.933493240296555,1995,6940,423,310,17,114,9,87,16,9
"1514","2020-03-28",52,18,46,253,4586,0.933493240296555,1995,6940,423,310,13,127,10,97,13,10
"1515","2020-03-29",62,18,47,273,4586,0.933493240296555,1995,6940,423,310,17,144,6,103,15,6
"1516","2020-03-30",62,18,50,286,4586,0.933493240296555,1995,6940,423,310,30,174,10,113,26,10
"1517","2020-03-31",62,18,51,310,4586,0.933493240296555,1995,6940,423,310,25,199,11,124,22,11
"1518","2020-04-01",70,18,57,331,4586,0.933493240296555,1995,6940,423,310,43,242,10,134,40,10
"1519","2020-04-02",78,18,54,369,4586,0.933493240296555,1995,6940,423,310,37,279,8,142,34,8
"1520","2020-04-03",101,18,48,410,4586,0.933493240296555,1995,6940,423,310,33,312,6,148,32,6
"1521","2020-04-04",108,18,56,433,4586,0.933493240296555,1995,6940,423,310,36,348,4,152,36,4
"1522","2020-04-05",129,18,58,459,4586,0.933493240296555,1995,6940,423,310,39,387,6,158,34,6
"1523","2020-04-06",141,18,68,510,4586,0.933493240296555,1995,6940,423,310,34,421,2,160,33,2
"1524","2020-04-07",142,18,74,532,4586,0.933493240296555,1995,6940,423,310,46,467,1,161,45,1
"1525","2020-04-08",151,18,66,550,4586,0.933493240296555,1995,6940,423,310,79,546,4,165,76,4
"1526","2020-04-09",156,18,74,587,4586,0.933493240296555,1995,6940,423,310,58,604,4,169,57,4
"1527","2020-04-10",199,18,78,618,4586,0.933493240296555,1995,6940,423,310,68,672,7,176,66,7
"1528","2020-04-11",201,18,73,662,4586,0.933493240296555,1995,6940,423,310,93,765,8,184,91,8
"1529","2020-04-12",187,18,66,686,4586,0.933493240296555,1995,6940,423,310,86,851,11,195,83,11
"1530","2020-04-13",191,18,76,699,4586,0.933493240296555,1995,6940,423,310,112,963,5,200,108,5
"1531","2020-04-14",201,18,93,748,4586,0.933493240296555,1995,6940,423,310,95,1058,8,208,90,8
"1532","2020-04-15",206,18,93,750,4586,0.933493240296555,1995,6940,423,310,107,1165,15,223,104,15
"1533","2020-04-16",216,18,77,768,4586,0.933493240296555,1995,6940,423,310,99,1264,13,236,99,13
"1534","2020-04-17",239,18,82,784,4586,0.933493240296555,1995,6940,423,310,108,1372,11,247,102,11
"1535","2020-04-18",282,18,75,804,4586,0.933493240296555,1995,6940,423,310,103,1475,11,258,100,11
"1536","2020-04-19",261,18,68,820,4586,0.933493240296555,1995,6940,423,310,127,1602,10,268,124,10
"1537","2020-04-20",260,18,59,856,4586,0.933493240296555,1995,6940,423,310,110,1712,25,293,108,25
"1538","2020-04-21",248,18,70,907,4586,0.933493240296555,1995,6940,423,310,132,1844,13,306,128,13
"1539","2020-04-22",255,18,68,887,4586,0.933493240296555,1995,6940,423,310,130,1974,10,316,129,10
"1540","2020-04-23",256,18,78,925,4586,0.933493240296555,1995,6940,423,310,142,2116,13,329,139,13
"1541","2020-04-24",282,18,91,928,4586,0.933493240296555,1995,6940,423,310,137,2253,14,343,133,14
"1542","2020-04-25",269,18,84,933,4586,0.933493240296555,1995,6940,423,310,124,2377,32,375,123,32
"1543","2020-04-26",277,18,97,948,4586,0.933493240296555,1995,6940,423,310,161,2538,26,401,159,26
"1544","2020-04-27",276,18,89,937,4586,0.933493240296555,1995,6940,423,310,165,2703,18,419,163,18
"1545","2020-04-28",284,18,83,956,4586,0.933493240296555,1995,6940,423,310,163,2866,17,436,161,17
"1546","2020-04-29",291,18,85,971,4586,0.933493240296555,1995,6940,423,310,181,3047,11,447,180,11
"1547","2020-04-30",294,18,84,990,4586,0.933493240296555,1995,6940,423,310,171,3218,7,454,167,7
"1548","2020-05-01",332,18,93,1003,4586,0.933493240296555,1995,6940,423,310,181,3399,23,477,181,23
"1549","2020-05-02",357,18,109,995,4586,0.933493240296555,1995,6940,423,310,152,3551,17,494,151,17
"1550","2020-05-03",345,18,106,981,4586,0.933493240296555,1995,6940,423,310,137,3688,15,509,136,15
"1551","2020-05-04",332,18,102,959,4586,0.933493240296555,1995,6940,423,310,151,3839,14,523,150,14
"1552","2020-05-05",340,18,98,948,4586,0.933493240296555,1995,6940,423,310,141,3980,20,543,141,20
"1553","2020-05-06",340,18,97,945,4586,0.933493240296555,1995,6940,423,310,145,4125,14,557,143,14
"1554","2020-05-07",339,18,86,926,4586,0.933493240296555,1995,6940,423,310,119,4244,20,577,117,20
"1555","2020-05-08",330,18,74,926,4586,0.933493240296555,1995,6940,423,310,119,4363,22,599,117,22
"1556","2020-05-09",300,18,65,932,4586,0.933493240296555,1995,6940,423,310,109,4472,23,622,106,23
"1557","2020-05-10",312,18,62,905,4586,0.933493240296555,1995,6940,423,310,118,4590,14,636,117,14
"1558","2020-05-11",312,18,65,891,4586,0.933493240296555,1995,6940,423,310,105,4695,20,656,104,20
"1559","2020-05-12",293,18,60,846,4586,0.933493240296555,1995,6940,423,310,75,4770,27,683,74,27
"1560","2020-05-13",290,18,57,812,4586,0.933493240296555,1995,6940,423,310,107,4877,19,702,104,19
"1561","2020-05-14",286,18,62,799,4586,0.933493240296555,1995,6940,423,310,79,4956,13,715,78,13
"1562","2020-05-15",303,18,78,763,4586,0.933493240296555,1995,6940,423,310,63,5019,20,735,63,20
"1563","2020-05-16",309,18,76,746,4586,0.933493240296555,1995,6940,423,310,54,5073,21,756,53,21
"1564","2020-05-17",248,18,72,709,4586,0.933493240296555,1995,6940,423,310,51,5124,22,778,50,22
"1565","2020-05-18",249,18,79,681,4586,0.933493240296555,1995,6940,423,310,48,5172,27,805,48,27
"1566","2020-05-19",238,18,81,649,4586,0.933493240296555,1995,6940,423,310,59,5231,25,830,59,25
"1567","2020-05-20",229,18,81,607,4586,0.933493240296555,1995,6940,423,310,43,5274,23,853,41,23
"1568","2020-05-21",227,18,82,583,4586,0.933493240296555,1995,6940,423,310,37,5311,16,869,35,16
"1569","2020-05-22",215,18,82,555,4586,0.933493240296555,1995,6940,423,310,35,5346,13,882,35,13
"1570","2020-05-23",209,18,59,521,4586,0.933493240296555,1995,6940,423,310,26,5372,14,896,25,14
"1571","2020-05-24",201,18,60,509,4586,0.933493240296555,1995,6940,423,310,34,5406,20,916,34,20
"1572","2020-05-25",182,18,61,482,4586,0.933493240296555,1995,6940,423,310,22,5428,19,935,21,19
"1573","2020-05-26",180,18,60,445,4586,0.933493240296555,1995,6940,423,310,22,5450,20,955,22,20
"1574","2020-05-27",171,18,58,417,4586,0.933493240296555,1995,6940,423,310,24,5474,9,964,23,9
"1575","2020-05-28",160,18,52,385,4586,0.933493240296555,1995,6940,423,310,19,5493,10,974,19,10
"1576","2020-05-29",153,18,46,360,4586,0.933493240296555,1995,6940,423,310,13,5506,6,980,11,6
"1577","2020-05-30",153,18,36,337,4586,0.933493240296555,1995,6940,423,310,11,5517,10,990,10,10
"1578","2020-05-31",143,18,41,324,4586,0.933493240296555,1995,6940,423,310,12,5529,16,1006,12,16
"1579","2020-06-01",137,18,39,309,4586,0.933493240296555,1995,6940,423,310,13,5542,4,1010,11,4
"1580","2020-06-02",127,18,34,274,4586,0.933493240296555,1995,6940,423,310,16,5558,4,1014,16,4
"1581","2020-06-03",115,18,38,256,4586,0.933493240296555,1995,6940,423,310,9,5567,5,1019,9,5
"1582","2020-06-04",105,18,43,238,4586,0.933493240296555,1995,6940,423,310,11,5578,6,1025,10,6
"1583","2020-06-05",107,18,45,223,4586,0.933493240296555,1995,6940,423,310,8,5586,14,1039,7,14
"1584","2020-06-06",96,18,47,216,4586,0.933493240296555,1995,6940,423,310,7,5593,9,1048,7,9
"1585","2020-06-07",73,18,43,199,4586,0.933493240296555,1995,6940,423,310,1,5594,6,1054,1,6
"1586","2020-03-15",1,19,19,37,2055,0.690997566909976,2100,4384,252,223,7,32,8,29,2,8
"1587","2020-03-16",2,19,19,50,2055,0.690997566909976,2100,4384,252,223,11,43,1,30,6,1
"1588","2020-03-17",2,19,25,58,2055,0.690997566909976,2100,4384,252,223,14,57,6,36,9,6
"1589","2020-03-18",4,19,25,70,2055,0.690997566909976,2100,4384,252,223,15,72,5,41,5,5
"1590","2020-03-19",7,19,19,82,2055,0.690997566909976,2100,4384,252,223,16,88,7,48,8,7
"1591","2020-03-20",15,19,19,92,2055,0.690997566909976,2100,4384,252,223,16,104,4,52,9,4
"1592","2020-03-21",23,19,17,103,2055,0.690997566909976,2100,4384,252,223,24,128,6,58,15,6
"1593","2020-03-22",24,19,22,110,2055,0.690997566909976,2100,4384,252,223,26,154,11,69,22,11
"1594","2020-03-23",26,19,22,109,2055,0.690997566909976,2100,4384,252,223,26,180,2,71,19,2
"1595","2020-03-24",28,19,22,127,2055,0.690997566909976,2100,4384,252,223,26,206,3,74,18,3
"1596","2020-03-25",29,19,19,131,2055,0.690997566909976,2100,4384,252,223,46,252,8,82,38,8
"1597","2020-03-26",29,19,18,140,2055,0.690997566909976,2100,4384,252,223,39,291,11,93,29,11
"1598","2020-03-27",29,19,22,148,2055,0.690997566909976,2100,4384,252,223,41,332,5,98,34,5
"1599","2020-03-28",31,19,27,150,2055,0.690997566909976,2100,4384,252,223,37,369,10,108,32,10
"1600","2020-03-29",38,19,24,163,2055,0.690997566909976,2100,4384,252,223,40,409,4,112,36,4
"1601","2020-03-30",43,19,30,165,2055,0.690997566909976,2100,4384,252,223,46,455,6,118,36,6
"1602","2020-03-31",44,19,42,171,2055,0.690997566909976,2100,4384,252,223,45,500,5,123,41,5
"1603","2020-04-01",46,19,41,180,2055,0.690997566909976,2100,4384,252,223,76,576,13,136,63,13
"1604","2020-04-02",54,19,44,192,2055,0.690997566909976,2100,4384,252,223,39,615,19,155,37,19
"1605","2020-04-03",60,19,55,200,2055,0.690997566909976,2100,4384,252,223,70,685,10,165,60,10
"1606","2020-04-04",67,19,58,212,2055,0.690997566909976,2100,4384,252,223,75,760,17,182,65,17
"1607","2020-04-05",61,19,49,210,2055,0.690997566909976,2100,4384,252,223,59,819,12,194,54,12
"1608","2020-04-06",62,19,53,227,2055,0.690997566909976,2100,4384,252,223,91,910,8,202,85,8
"1609","2020-04-07",68,19,68,225,2055,0.690997566909976,2100,4384,252,223,88,998,3,205,86,3
"1610","2020-04-08",73,19,65,230,2055,0.690997566909976,2100,4384,252,223,93,1091,6,211,84,6
"1611","2020-04-09",67,19,69,239,2055,0.690997566909976,2100,4384,252,223,99,1190,8,219,89,8
"1612","2020-04-10",71,19,65,258,2055,0.690997566909976,2100,4384,252,223,83,1273,9,228,78,9
"1613","2020-04-11",67,19,61,275,2055,0.690997566909976,2100,4384,252,223,106,1379,7,235,98,7
"1614","2020-04-12",86,19,61,276,2055,0.690997566909976,2100,4384,252,223,102,1481,13,248,93,13
"1615","2020-04-13",86,19,58,270,2055,0.690997566909976,2100,4384,252,223,89,1570,14,262,81,14
"1616","2020-04-14",80,19,62,280,2055,0.690997566909976,2100,4384,252,223,108,1678,15,277,98,15
"1617","2020-04-15",80,19,64,283,2055,0.690997566909976,2100,4384,252,223,108,1786,26,303,99,26
"1618","2020-04-16",83,19,52,283,2055,0.690997566909976,2100,4384,252,223,97,1883,19,322,85,19
"1619","2020-04-17",101,19,51,298,2055,0.690997566909976,2100,4384,252,223,123,2006,8,330,113,8
"1620","2020-04-18",111,19,55,296,2055,0.690997566909976,2100,4384,252,223,106,2112,12,342,98,12
"1621","2020-04-19",91,19,45,291,2055,0.690997566909976,2100,4384,252,223,130,2242,4,346,126,4
"1622","2020-04-20",83,19,55,308,2055,0.690997566909976,2100,4384,252,223,110,2352,7,353,103,7
"1623","2020-04-21",93,19,56,296,2055,0.690997566909976,2100,4384,252,223,111,2463,8,361,106,8
"1624","2020-04-22",93,19,51,291,2055,0.690997566909976,2100,4384,252,223,114,2577,8,369,108,8
"1625","2020-04-23",102,19,61,306,2055,0.690997566909976,2100,4384,252,223,104,2681,7,376,93,7
"1626","2020-04-24",107,19,55,303,2055,0.690997566909976,2100,4384,252,223,108,2789,18,394,98,18
"1627","2020-04-25",107,19,50,307,2055,0.690997566909976,2100,4384,252,223,92,2881,13,407,79,13
"1628","2020-04-26",112,19,48,317,2055,0.690997566909976,2100,4384,252,223,108,2989,5,412,98,5
"1629","2020-04-27",111,19,38,317,2055,0.690997566909976,2100,4384,252,223,113,3102,9,421,106,9
"1630","2020-04-28",98,19,38,333,2055,0.690997566909976,2100,4384,252,223,77,3179,10,431,72,10
"1631","2020-04-29",95,19,36,331,2055,0.690997566909976,2100,4384,252,223,110,3289,26,457,100,26
"1632","2020-04-30",96,19,46,329,2055,0.690997566909976,2100,4384,252,223,99,3388,17,474,95,17
"1633","2020-05-01",99,19,48,329,2055,0.690997566909976,2100,4384,252,223,90,3478,17,491,85,17
"1634","2020-05-02",93,19,50,324,2055,0.690997566909976,2100,4384,252,223,89,3567,15,506,81,15
"1635","2020-05-03",96,19,60,320,2055,0.690997566909976,2100,4384,252,223,83,3650,15,521,78,15
"1636","2020-05-04",100,19,65,331,2055,0.690997566909976,2100,4384,252,223,80,3730,16,537,72,16
"1637","2020-05-05",101,19,62,344,2055,0.690997566909976,2100,4384,252,223,78,3808,5,542,71,5
"1638","2020-05-06",107,19,63,334,2055,0.690997566909976,2100,4384,252,223,60,3868,13,555,54,13
"1639","2020-05-07",99,19,60,327,2055,0.690997566909976,2100,4384,252,223,61,3929,18,573,55,18
"1640","2020-05-08",91,19,60,326,2055,0.690997566909976,2100,4384,252,223,59,3988,17,590,53,17
"1641","2020-05-09",100,19,56,331,2055,0.690997566909976,2100,4384,252,223,74,4062,10,600,69,10
"1642","2020-05-10",96,19,54,325,2055,0.690997566909976,2100,4384,252,223,55,4117,11,611,49,11
"1643","2020-05-11",98,19,55,316,2055,0.690997566909976,2100,4384,252,223,71,4188,8,619,69,8
"1644","2020-05-12",100,19,51,325,2055,0.690997566909976,2100,4384,252,223,68,4256,6,625,64,6
"1645","2020-05-13",103,19,61,329,2055,0.690997566909976,2100,4384,252,223,49,4305,2,627,46,2
"1646","2020-05-14",106,19,65,307,2055,0.690997566909976,2100,4384,252,223,40,4345,6,633,34,6
"1647","2020-05-15",119,19,63,296,2055,0.690997566909976,2100,4384,252,223,38,4383,10,643,36,10
"1648","2020-05-16",109,19,48,303,2055,0.690997566909976,2100,4384,252,223,43,4426,11,654,38,11
"1649","2020-05-17",95,19,43,303,2055,0.690997566909976,2100,4384,252,223,41,4467,15,669,38,15
"1650","2020-05-18",92,19,46,293,2055,0.690997566909976,2100,4384,252,223,40,4507,9,678,38,9
"1651","2020-05-19",85,19,49,290,2055,0.690997566909976,2100,4384,252,223,30,4537,11,689,26,11
"1652","2020-05-20",81,19,58,289,2055,0.690997566909976,2100,4384,252,223,29,4566,5,694,21,5
"1653","2020-05-21",79,19,64,280,2055,0.690997566909976,2100,4384,252,223,28,4594,4,698,24,4
"1654","2020-05-22",77,19,63,276,2055,0.690997566909976,2100,4384,252,223,30,4624,10,708,25,10
"1655","2020-05-23",76,19,65,279,2055,0.690997566909976,2100,4384,252,223,28,4652,6,714,23,6
"1656","2020-05-24",77,19,52,268,2055,0.690997566909976,2100,4384,252,223,28,4680,6,720,24,6
"1657","2020-05-25",77,19,59,265,2055,0.690997566909976,2100,4384,252,223,32,4712,7,727,27,7
"1658","2020-05-26",73,19,69,246,2055,0.690997566909976,2100,4384,252,223,24,4736,9,736,24,9
"1659","2020-05-27",73,19,68,249,2055,0.690997566909976,2100,4384,252,223,28,4764,14,750,26,14
"1660","2020-05-28",70,19,64,255,2055,0.690997566909976,2100,4384,252,223,25,4789,7,757,23,7
"1661","2020-05-29",83,19,68,251,2055,0.690997566909976,2100,4384,252,223,17,4806,12,769,14,12
"1662","2020-05-30",79,19,62,241,2055,0.690997566909976,2100,4384,252,223,19,4825,13,782,18,13
"1663","2020-05-31",77,19,59,233,2055,0.690997566909976,2100,4384,252,223,29,4854,3,785,24,3
"1664","2020-06-01",77,19,51,237,2055,0.690997566909976,2100,4384,252,223,17,4871,13,798,12,13
"1665","2020-06-02",78,19,39,233,2055,0.690997566909976,2100,4384,252,223,17,4888,14,812,15,14
"1666","2020-06-03",75,19,41,221,2055,0.690997566909976,2100,4384,252,223,9,4897,8,820,9,8
"1667","2020-06-04",83,19,45,222,2055,0.690997566909976,2100,4384,252,223,18,4915,6,826,16,6
"1668","2020-06-05",81,19,43,220,2055,0.690997566909976,2100,4384,252,223,14,4929,4,830,11,4
"1669","2020-06-06",92,19,38,219,2055,0.690997566909976,2100,4384,252,223,11,4940,4,834,10,4
"1670","2020-06-07",88,19,31,211,2055,0.690997566909976,2100,4384,252,223,9,4949,3,837,7,3
"1671","2020-03-13",3,20,21,5,4942,0.969647915823553,2085,6836,518,318,6,12,2,4,1,2
"1672","2020-03-14",4,20,16,8,4942,0.969647915823553,2085,6836,518,318,5,17,3,7,2,3
"1673","2020-03-15",2,20,16,12,4942,0.969647915823553,2085,6836,518,318,3,20,7,14,2,7
"1674","2020-03-16",2,20,13,15,4942,0.969647915823553,2085,6836,518,318,5,25,9,23,4,9
"1675","2020-03-17",2,20,16,20,4942,0.969647915823553,2085,6836,518,318,6,31,2,25,4,2
"1676","2020-03-18",4,20,20,23,4942,0.969647915823553,2085,6836,518,318,11,42,3,28,7,3
"1677","2020-03-19",5,20,18,31,4942,0.969647915823553,2085,6836,518,318,13,55,2,30,10,2
"1678","2020-03-20",9,20,27,37,4942,0.969647915823553,2085,6836,518,318,15,70,4,34,11,4
"1679","2020-03-21",9,20,27,41,4942,0.969647915823553,2085,6836,518,318,12,82,7,41,11,7
"1680","2020-03-22",11,20,31,47,4942,0.969647915823553,2085,6836,518,318,23,105,9,50,20,9
"1681","2020-03-23",12,20,36,50,4942,0.969647915823553,2085,6836,518,318,16,121,5,55,16,5
"1682","2020-03-24",12,20,45,58,4942,0.969647915823553,2085,6836,518,318,16,137,10,65,16,10
"1683","2020-03-25",12,20,43,61,4942,0.969647915823553,2085,6836,518,318,22,159,10,75,21,10
"1684","2020-03-26",12,20,55,70,4942,0.969647915823553,2085,6836,518,318,25,184,5,80,24,5
"1685","2020-03-27",12,20,61,77,4942,0.969647915823553,2085,6836,518,318,27,211,8,88,20,8
"1686","2020-03-28",17,20,61,91,4942,0.969647915823553,2085,6836,518,318,36,247,8,96,34,8
"1687","2020-03-29",25,20,73,100,4942,0.969647915823553,2085,6836,518,318,30,277,10,106,27,10
"1688","2020-03-30",25,20,71,114,4942,0.969647915823553,2085,6836,518,318,29,306,10,116,25,10
"1689","2020-03-31",27,20,69,120,4942,0.969647915823553,2085,6836,518,318,27,333,11,127,26,11
"1690","2020-04-01",28,20,72,137,4942,0.969647915823553,2085,6836,518,318,48,381,11,138,47,11
"1691","2020-04-02",33,20,61,154,4942,0.969647915823553,2085,6836,518,318,42,423,7,145,41,7
"1692","2020-04-03",39,20,67,169,4942,0.969647915823553,2085,6836,518,318,42,465,7,152,40,7
"1693","2020-04-04",41,20,73,197,4942,0.969647915823553,2085,6836,518,318,74,539,13,165,70,13
"1694","2020-04-05",41,20,75,225,4942,0.969647915823553,2085,6836,518,318,78,617,14,179,72,14
"1695","2020-04-06",45,20,62,250,4942,0.969647915823553,2085,6836,518,318,61,678,10,189,59,10
"1696","2020-04-07",47,20,58,277,4942,0.969647915823553,2085,6836,518,318,60,738,11,200,58,11
"1697","2020-04-08",52,20,45,315,4942,0.969647915823553,2085,6836,518,318,58,796,16,216,56,16
"1698","2020-04-09",59,20,37,348,4942,0.969647915823553,2085,6836,518,318,79,875,19,235,76,19
"1699","2020-04-10",79,20,34,397,4942,0.969647915823553,2085,6836,518,318,91,966,11,246,86,11
"1700","2020-04-11",95,20,49,429,4942,0.969647915823553,2085,6836,518,318,78,1044,11,257,76,11
"1701","2020-04-12",111,20,41,489,4942,0.969647915823553,2085,6836,518,318,100,1144,17,274,98,17
"1702","2020-04-13",121,20,42,525,4942,0.969647915823553,2085,6836,518,318,105,1249,16,290,104,16
"1703","2020-04-14",120,20,43,587,4942,0.969647915823553,2085,6836,518,318,94,1343,10,300,91,10
"1704","2020-04-15",131,20,38,646,4942,0.969647915823553,2085,6836,518,318,114,1457,20,320,113,20
"1705","2020-04-16",138,20,42,686,4942,0.969647915823553,2085,6836,518,318,133,1590,31,351,126,31
"1706","2020-04-17",171,20,42,754,4942,0.969647915823553,2085,6836,518,318,143,1733,19,370,141,19
"1707","2020-04-18",245,20,39,810,4942,0.969647915823553,2085,6836,518,318,118,1851,25,395,117,25
"1708","2020-04-19",254,20,57,865,4942,0.969647915823553,2085,6836,518,318,118,1969,15,410,111,15
"1709","2020-04-20",237,20,72,931,4942,0.969647915823553,2085,6836,518,318,131,2100,18,428,129,18
"1710","2020-04-21",245,20,82,996,4942,0.969647915823553,2085,6836,518,318,117,2217,15,443,114,15
"1711","2020-04-22",266,20,97,1019,4942,0.969647915823553,2085,6836,518,318,126,2343,11,454,123,11
"1712","2020-04-23",287,20,104,1088,4942,0.969647915823553,2085,6836,518,318,137,2480,11,465,136,11
"1713","2020-04-24",390,20,113,1136,4942,0.969647915823553,2085,6836,518,318,140,2620,12,477,137,12
"1714","2020-04-25",393,20,114,1182,4942,0.969647915823553,2085,6836,518,318,112,2732,16,493,107,16
"1715","2020-04-26",356,20,105,1196,4942,0.969647915823553,2085,6836,518,318,128,2860,15,508,127,15
"1716","2020-04-27",372,20,108,1252,4942,0.969647915823553,2085,6836,518,318,123,2983,23,531,118,23
"1717","2020-04-28",392,20,120,1259,4942,0.969647915823553,2085,6836,518,318,138,3121,21,552,136,21
"1718","2020-04-29",393,20,119,1288,4942,0.969647915823553,2085,6836,518,318,121,3242,15,567,120,15
"1719","2020-04-30",400,20,107,1319,4942,0.969647915823553,2085,6836,518,318,108,3350,22,589,103,22
"1720","2020-05-01",441,20,97,1346,4942,0.969647915823553,2085,6836,518,318,104,3454,25,614,102,25
"1721","2020-05-02",436,20,85,1370,4942,0.969647915823553,2085,6836,518,318,102,3556,16,630,100,16
"1722","2020-05-03",440,20,94,1366,4942,0.969647915823553,2085,6836,518,318,94,3650,17,647,93,17
"1723","2020-05-04",447,20,103,1390,4942,0.969647915823553,2085,6836,518,318,96,3746,11,658,93,11
"1724","2020-05-05",444,20,107,1405,4942,0.969647915823553,2085,6836,518,318,110,3856,12,670,108,12
"1725","2020-05-06",456,20,93,1345,4942,0.969647915823553,2085,6836,518,318,80,3936,18,688,79,18
"1726","2020-05-07",454,20,86,1288,4942,0.969647915823553,2085,6836,518,318,84,4020,5,693,83,5
"1727","2020-05-08",465,20,85,1269,4942,0.969647915823553,2085,6836,518,318,76,4096,9,702,72,9
"1728","2020-05-09",462,20,73,1243,4942,0.969647915823553,2085,6836,518,318,77,4173,17,719,73,17
"1729","2020-05-10",421,20,73,1246,4942,0.969647915823553,2085,6836,518,318,80,4253,14,733,76,14
"1730","2020-05-11",415,20,65,1192,4942,0.969647915823553,2085,6836,518,318,65,4318,13,746,64,13
"1731","2020-05-12",407,20,76,1149,4942,0.969647915823553,2085,6836,518,318,59,4377,15,761,56,15
"1732","2020-05-13",404,20,86,1118,4942,0.969647915823553,2085,6836,518,318,65,4442,7,768,64,7
"1733","2020-05-14",386,20,76,1073,4942,0.969647915823553,2085,6836,518,318,49,4491,8,776,46,8
"1734","2020-05-15",387,20,66,1013,4942,0.969647915823553,2085,6836,518,318,41,4532,7,783,38,7
"1735","2020-05-16",393,20,55,965,4942,0.969647915823553,2085,6836,518,318,37,4569,8,791,36,8
"1736","2020-05-17",370,20,51,932,4942,0.969647915823553,2085,6836,518,318,42,4611,9,800,39,9
"1737","2020-05-18",342,20,47,872,4942,0.969647915823553,2085,6836,518,318,29,4640,9,809,29,9
"1738","2020-05-19",331,20,53,818,4942,0.969647915823553,2085,6836,518,318,35,4675,5,814,32,5
"1739","2020-05-20",313,20,48,778,4942,0.969647915823553,2085,6836,518,318,42,4717,6,820,40,6
"1740","2020-05-21",313,20,50,738,4942,0.969647915823553,2085,6836,518,318,31,4748,15,835,31,15
"1741","2020-05-22",283,20,61,688,4942,0.969647915823553,2085,6836,518,318,32,4780,13,848,32,13
"1742","2020-05-23",253,20,59,641,4942,0.969647915823553,2085,6836,518,318,20,4800,13,861,20,13
"1743","2020-05-24",242,20,57,603,4942,0.969647915823553,2085,6836,518,318,30,4830,15,876,28,15
"1744","2020-05-25",234,20,61,564,4942,0.969647915823553,2085,6836,518,318,27,4857,9,885,27,9
"1745","2020-05-26",212,20,58,503,4942,0.969647915823553,2085,6836,518,318,15,4872,7,892,15,7
"1746","2020-05-27",204,20,59,467,4942,0.969647915823553,2085,6836,518,318,15,4887,5,897,15,5
"1747","2020-05-28",191,20,64,422,4942,0.969647915823553,2085,6836,518,318,15,4902,20,917,14,20
"1748","2020-05-29",174,20,53,393,4942,0.969647915823553,2085,6836,518,318,14,4916,7,924,13,7
"1749","2020-05-30",174,20,52,366,4942,0.969647915823553,2085,6836,518,318,18,4934,10,934,16,10
"1750","2020-05-31",154,20,43,335,4942,0.969647915823553,2085,6836,518,318,13,4947,5,939,13,5
"1751","2020-06-01",144,20,41,305,4942,0.969647915823553,2085,6836,518,318,7,4954,9,948,6,9
"1752","2020-06-02",142,20,35,282,4942,0.969647915823553,2085,6836,518,318,13,4967,10,958,13,10
"1753","2020-06-03",126,20,32,264,4942,0.969647915823553,2085,6836,518,318,10,4977,7,965,9,7
"1754","2020-06-04",128,20,32,235,4942,0.969647915823553,2085,6836,518,318,13,4990,8,973,11,8
"1755","2020-06-05",106,20,34,214,4942,0.969647915823553,2085,6836,518,318,12,5002,11,984,9,11
"1756","2020-06-06",96,20,38,190,4942,0.969647915823553,2085,6836,518,318,8,5010,4,988,7,4
"1757","2020-06-07",92,20,37,179,4942,0.969647915823553,2085,6836,518,318,5,5015,4,992,5,4
