"","Date","Absents","Paramset","Infections_or_Exposed_per_day_Patient","Infections_or_Exposed_per_day_HCW","total_infections","nosocomial_proportion","PCR_pooled","LFD_pooled","HCW_symp_test","patient_symp_test","new_hcw_infs","cumulative_hcw_infs","new_pat_infs","cumulative_pats_infs","new_nosocomial_hcw_infs","new_nosocomial_pat_infs"
"1","2020-03-12",1,1,29,77,7573,0.640697213785818,0,0,682,596,39,77,9,16,3,9
"2","2020-03-13",2,1,36,137,7573,0.640697213785818,0,0,682,596,60,137,6,22,5,6
"3","2020-03-14",3,1,42,184,7573,0.640697213785818,0,0,682,596,47,184,6,28,12,6
"4","2020-03-15",12,1,62,228,7573,0.640697213785818,0,0,682,596,45,229,18,46,15,18
"5","2020-03-16",17,1,70,313,7573,0.640697213785818,0,0,682,596,85,314,18,64,38,18
"6","2020-03-17",24,1,84,393,7573,0.640697213785818,0,0,682,596,83,397,28,92,41,28
"7","2020-03-18",45,1,101,486,7573,0.640697213785818,0,0,682,596,101,498,22,114,59,22
"8","2020-03-19",60,1,117,568,7573,0.640697213785818,0,0,682,596,92,590,29,143,52,29
"9","2020-03-20",76,1,120,662,7573,0.640697213785818,0,0,682,596,104,694,26,169,58,26
"10","2020-03-21",93,1,126,768,7573,0.640697213785818,0,0,682,596,131,825,23,192,82,23
"11","2020-03-22",119,1,113,897,7573,0.640697213785818,0,0,682,596,153,978,17,209,107,17
"12","2020-03-23",149,1,106,1042,7573,0.640697213785818,0,0,682,596,177,1155,10,219,117,10
"13","2020-03-24",186,1,95,1139,7573,0.640697213785818,0,0,682,596,151,1306,11,230,104,11
"14","2020-03-25",203,1,96,1233,7573,0.640697213785818,0,0,682,596,159,1465,14,244,122,14
"15","2020-03-26",237,1,104,1308,7573,0.640697213785818,0,0,682,596,143,1608,28,272,118,28
"16","2020-03-27",268,1,113,1387,7573,0.640697213785818,0,0,682,596,151,1759,22,294,121,22
"17","2020-03-28",300,1,121,1518,7573,0.640697213785818,0,0,682,596,200,1959,23,317,162,23
"18","2020-03-29",338,1,133,1641,7573,0.640697213785818,0,0,682,596,217,2176,31,348,167,31
"19","2020-03-30",369,1,141,1716,7573,0.640697213785818,0,0,682,596,178,2354,20,368,129,20
"20","2020-03-31",391,1,128,1786,7573,0.640697213785818,0,0,682,596,176,2530,23,391,144,23
"21","2020-04-01",426,1,132,1831,7573,0.640697213785818,0,0,682,596,184,2714,27,418,134,27
"22","2020-04-02",464,1,155,1958,7573,0.640697213785818,0,0,682,596,256,2970,34,452,212,34
"23","2020-04-03",506,1,148,1994,7573,0.640697213785818,0,0,682,596,170,3140,21,473,142,21
"24","2020-04-04",534,1,153,2041,7573,0.640697213785818,0,0,682,596,210,3350,29,502,184,29
"25","2020-04-05",537,1,151,2096,7573,0.640697213785818,0,0,682,596,211,3561,22,524,182,22
"26","2020-04-06",558,1,159,2108,7573,0.640697213785818,0,0,682,596,188,3749,23,547,157,23
"27","2020-04-07",584,1,161,2153,7573,0.640697213785818,0,0,682,596,178,3927,34,581,149,34
"28","2020-04-08",589,1,178,2204,7573,0.640697213785818,0,0,682,596,225,4152,38,619,190,38
"29","2020-04-09",592,1,175,2192,7573,0.640697213785818,0,0,682,596,167,4319,29,648,123,29
"30","2020-04-10",596,1,171,2149,7573,0.640697213785818,0,0,682,596,155,4474,25,673,135,25
"31","2020-04-11",584,1,175,2127,7573,0.640697213785818,0,0,682,596,148,4622,32,705,124,32
"32","2020-04-12",586,1,175,2065,7573,0.640697213785818,0,0,682,596,128,4750,31,736,98,31
"33","2020-04-13",580,1,164,1996,7573,0.640697213785818,0,0,682,596,113,4863,18,754,89,18
"34","2020-04-14",572,1,178,1953,7573,0.640697213785818,0,0,682,596,162,5025,32,786,122,32
"35","2020-04-15",577,1,206,1858,7573,0.640697213785818,0,0,682,596,127,5152,53,839,98,53
"36","2020-04-16",548,1,196,1763,7573,0.640697213785818,0,0,682,596,97,5249,32,871,77,32
"37","2020-04-17",535,1,184,1693,7573,0.640697213785818,0,0,682,596,115,5364,22,893,91,22
"38","2020-04-18",548,1,167,1599,7573,0.640697213785818,0,0,682,596,85,5449,20,913,61,20
"39","2020-04-19",538,1,148,1524,7573,0.640697213785818,0,0,682,596,88,5537,15,928,59,15
"40","2020-04-20",519,1,129,1441,7573,0.640697213785818,0,0,682,596,72,5609,13,941,44,13
"41","2020-04-21",486,1,136,1378,7573,0.640697213785818,0,0,682,596,81,5690,16,957,63,16
"42","2020-04-22",468,1,153,1285,7573,0.640697213785818,0,0,682,596,81,5771,34,991,67,34
"43","2020-04-23",450,1,184,1181,7573,0.640697213785818,0,0,682,596,55,5826,46,1037,33,46
"44","2020-04-24",418,1,183,1109,7573,0.640697213785818,0,0,682,596,60,5886,37,1074,44,37
"45","2020-04-25",384,1,206,1033,7573,0.640697213785818,0,0,682,596,64,5950,37,1111,42,37
"46","2020-04-26",357,1,207,982,7573,0.640697213785818,0,0,682,596,55,6005,42,1153,35,42
"47","2020-04-27",325,1,236,908,7573,0.640697213785818,0,0,682,596,39,6044,63,1216,22,63
"48","2020-04-28",305,1,245,847,7573,0.640697213785818,0,0,682,596,45,6089,52,1268,29,52
"49","2020-04-29",273,1,251,797,7573,0.640697213785818,0,0,682,596,58,6147,46,1314,30,46
"50","2020-04-30",254,1,274,738,7573,0.640697213785818,0,0,682,596,35,6182,51,1365,21,51
"51","2020-05-01",231,1,264,682,7573,0.640697213785818,0,0,682,596,33,6215,50,1415,15,50
"52","2020-05-02",208,1,250,636,7573,0.640697213785818,0,0,682,596,36,6251,37,1452,20,37
"53","2020-05-03",194,1,231,602,7573,0.640697213785818,0,0,682,596,30,6281,23,1475,15,23
"54","2020-05-04",181,1,200,546,7573,0.640697213785818,0,0,682,596,29,6310,19,1494,15,19
"55","2020-05-05",169,1,198,512,7573,0.640697213785818,0,0,682,596,30,6340,24,1518,15,24
"56","2020-05-06",154,1,209,493,7573,0.640697213785818,0,0,682,596,38,6378,40,1558,19,40
"57","2020-05-07",147,1,195,457,7573,0.640697213785818,0,0,682,596,27,6405,32,1590,17,32
"58","2020-05-08",138,1,183,439,7573,0.640697213785818,0,0,682,596,34,6439,28,1618,19,28
"59","2020-05-09",132,1,159,430,7573,0.640697213785818,0,0,682,596,31,6470,19,1637,19,19
"60","2020-05-10",118,1,161,403,7573,0.640697213785818,0,0,682,596,22,6492,19,1656,9,19
"61","2020-05-11",112,1,194,388,7573,0.640697213785818,0,0,682,596,28,6520,45,1701,9,45
"62","2020-05-12",107,1,189,365,7573,0.640697213785818,0,0,682,596,16,6536,25,1726,9,25
"63","2020-05-13",98,1,189,353,7573,0.640697213785818,0,0,682,596,22,6558,25,1751,9,25
"64","2020-05-14",92,1,187,326,7573,0.640697213785818,0,0,682,596,15,6573,27,1778,6,27
"65","2020-05-15",85,1,187,309,7573,0.640697213785818,0,0,682,596,14,6587,25,1803,5,25
"66","2020-05-16",83,1,171,291,7573,0.640697213785818,0,0,682,596,19,6606,8,1811,11,8
"67","2020-05-17",80,1,161,274,7573,0.640697213785818,0,0,682,596,18,6624,16,1827,4,16
"68","2020-05-18",80,1,169,247,7573,0.640697213785818,0,0,682,596,16,6640,37,1864,8,37
"69","2020-05-19",74,1,190,230,7573,0.640697213785818,0,0,682,596,15,6655,50,1914,3,50
"70","2020-05-20",75,1,206,224,7573,0.640697213785818,0,0,682,596,19,6674,31,1945,7,31
"71","2020-05-21",75,1,179,202,7573,0.640697213785818,0,0,682,596,10,6684,25,1970,1,25
"72","2020-05-22",74,1,182,190,7573,0.640697213785818,0,0,682,596,14,6698,21,1991,5,21
"73","2020-05-23",68,1,164,184,7573,0.640697213785818,0,0,682,596,16,6714,19,2010,5,19
"74","2020-05-24",61,1,144,182,7573,0.640697213785818,0,0,682,596,18,6732,16,2026,7,16
"75","2020-05-25",55,1,142,168,7573,0.640697213785818,0,0,682,596,6,6738,15,2041,1,15
"76","2020-05-26",51,1,127,165,7573,0.640697213785818,0,0,682,596,10,6748,9,2050,3,9
"77","2020-05-27",46,1,138,158,7573,0.640697213785818,0,0,682,596,3,6751,29,2079,2,29
"78","2020-05-28",42,1,128,153,7573,0.640697213785818,0,0,682,596,11,6762,17,2096,4,17
"79","2020-05-29",40,1,125,144,7573,0.640697213785818,0,0,682,596,7,6769,11,2107,4,11
"80","2020-05-30",38,1,125,140,7573,0.640697213785818,0,0,682,596,10,6779,24,2131,2,24
"81","2020-05-31",44,1,114,128,7573,0.640697213785818,0,0,682,596,8,6787,13,2144,4,13
"82","2020-06-01",47,1,108,120,7573,0.640697213785818,0,0,682,596,8,6795,11,2155,4,11
"83","2020-06-02",44,1,116,116,7573,0.640697213785818,0,0,682,596,7,6802,28,2183,2,28
"84","2020-06-03",40,1,129,108,7573,0.640697213785818,0,0,682,596,12,6814,27,2210,6,27
"85","2020-06-04",36,1,122,107,7573,0.640697213785818,0,0,682,596,7,6821,12,2222,3,12
"86","2020-06-05",31,1,130,109,7573,0.640697213785818,0,0,682,596,11,6832,24,2246,7,24
"87","2020-06-06",26,1,122,100,7573,0.640697213785818,0,0,682,596,7,6839,17,2263,2,17
"88","2020-06-07",20,1,118,92,7573,0.640697213785818,0,0,682,596,2,6841,17,2280,NA,17
"89","2020-03-14",2,2,38,116,4896,0.63562091503268,0,0,428,448,44,150,23,63,11,23
"90","2020-03-15",6,2,49,151,4896,0.63562091503268,0,0,428,448,48,198,21,84,17,21
"91","2020-03-16",9,2,56,187,4896,0.63562091503268,0,0,428,448,38,236,21,105,13,21
"92","2020-03-17",17,2,54,241,4896,0.63562091503268,0,0,428,448,57,293,19,124,12,19
"93","2020-03-18",21,2,73,283,4896,0.63562091503268,0,0,428,448,46,339,26,150,16,26
"94","2020-03-19",32,2,89,333,4896,0.63562091503268,0,0,428,448,32,371,34,184,9,34
"95","2020-03-20",36,2,96,383,4896,0.63562091503268,0,0,428,448,43,414,28,212,14,28
"96","2020-03-21",48,2,95,441,4896,0.63562091503268,0,0,428,448,53,467,24,236,14,24
"97","2020-03-22",67,2,101,485,4896,0.63562091503268,0,0,428,448,59,526,29,265,15,29
"98","2020-03-23",88,2,109,525,4896,0.63562091503268,0,0,428,448,42,568,19,284,10,19
"99","2020-03-24",104,2,110,572,4896,0.63562091503268,0,0,428,448,67,635,22,306,25,22
"100","2020-03-25",118,2,117,590,4896,0.63562091503268,0,0,428,448,53,688,23,329,15,23
"101","2020-03-26",121,2,102,622,4896,0.63562091503268,0,0,428,448,49,737,23,352,21,23
"102","2020-03-27",149,2,105,687,4896,0.63562091503268,0,0,428,448,53,790,30,382,18,30
"103","2020-03-28",160,2,100,732,4896,0.63562091503268,0,0,428,448,50,840,33,415,13,33
"104","2020-03-29",163,2,86,764,4896,0.63562091503268,0,0,428,448,59,899,18,433,21,18
"105","2020-03-30",174,2,83,779,4896,0.63562091503268,0,0,428,448,69,968,29,462,18,29
"106","2020-03-31",170,2,77,808,4896,0.63562091503268,0,0,428,448,59,1027,30,492,22,30
"107","2020-04-01",182,2,80,854,4896,0.63562091503268,0,0,428,448,58,1085,46,538,17,46
"108","2020-04-02",206,2,82,879,4896,0.63562091503268,0,0,428,448,54,1139,48,586,16,48
"109","2020-04-03",217,2,85,900,4896,0.63562091503268,0,0,428,448,61,1200,36,622,23,36
"110","2020-04-04",239,2,89,928,4896,0.63562091503268,0,0,428,448,54,1254,29,651,19,29
"111","2020-04-05",240,2,66,933,4896,0.63562091503268,0,0,428,448,61,1315,24,675,21,24
"112","2020-04-06",229,2,63,946,4896,0.63562091503268,0,0,428,448,61,1376,24,699,19,24
"113","2020-04-07",253,2,71,964,4896,0.63562091503268,0,0,428,448,71,1447,17,716,28,17
"114","2020-04-08",256,2,77,958,4896,0.63562091503268,0,0,428,448,66,1513,21,737,22,21
"115","2020-04-09",249,2,79,956,4896,0.63562091503268,0,0,428,448,51,1564,30,767,22,30
"116","2020-04-10",238,2,72,950,4896,0.63562091503268,0,0,428,448,56,1620,39,806,19,39
"117","2020-04-11",230,2,99,937,4896,0.63562091503268,0,0,428,448,60,1680,30,836,22,30
"118","2020-04-12",236,2,104,960,4896,0.63562091503268,0,0,428,448,71,1751,30,866,28,30
"119","2020-04-13",251,2,118,981,4896,0.63562091503268,0,0,428,448,68,1819,38,904,26,38
"120","2020-04-14",245,2,141,991,4896,0.63562091503268,0,0,428,448,61,1880,37,941,14,37
"121","2020-04-15",252,2,162,1020,4896,0.63562091503268,0,0,428,448,67,1947,29,970,27,29
"122","2020-04-16",266,2,163,1012,4896,0.63562091503268,0,0,428,448,64,2011,29,999,21,29
"123","2020-04-17",280,2,170,1006,4896,0.63562091503268,0,0,428,448,73,2084,21,1020,22,21
"124","2020-04-18",275,2,181,982,4896,0.63562091503268,0,0,428,448,51,2135,43,1063,12,43
"125","2020-04-19",281,2,185,958,4896,0.63562091503268,0,0,428,448,61,2196,34,1097,16,34
"126","2020-04-20",286,2,176,924,4896,0.63562091503268,0,0,428,448,62,2258,41,1138,18,41
"127","2020-04-21",295,2,211,887,4896,0.63562091503268,0,0,428,448,51,2309,48,1186,16,48
"128","2020-04-22",290,2,220,895,4896,0.63562091503268,0,0,428,448,51,2360,41,1227,17,41
"129","2020-04-23",275,2,220,872,4896,0.63562091503268,0,0,428,448,67,2427,33,1260,22,33
"130","2020-04-24",271,2,194,822,4896,0.63562091503268,0,0,428,448,57,2484,43,1303,14,43
"131","2020-04-25",278,2,153,779,4896,0.63562091503268,0,0,428,448,61,2545,44,1347,13,44
"132","2020-04-26",272,2,127,728,4896,0.63562091503268,0,0,428,448,46,2591,53,1400,14,53
"133","2020-04-27",247,2,142,710,4896,0.63562091503268,0,0,428,448,48,2639,32,1432,12,32
"134","2020-04-28",225,2,167,712,4896,0.63562091503268,0,0,428,448,51,2690,40,1472,11,40
"135","2020-04-29",211,2,179,679,4896,0.63562091503268,0,0,428,448,55,2745,30,1502,15,30
"136","2020-04-30",211,2,176,665,4896,0.63562091503268,0,0,428,448,50,2795,29,1531,12,29
"137","2020-05-01",190,2,169,650,4896,0.63562091503268,0,0,428,448,54,2849,32,1563,15,32
"138","2020-05-02",178,2,190,622,4896,0.63562091503268,0,0,428,448,58,2907,49,1612,16,49
"139","2020-05-03",170,2,215,607,4896,0.63562091503268,0,0,428,448,46,2953,47,1659,12,47
"140","2020-05-04",179,2,207,606,4896,0.63562091503268,0,0,428,448,48,3001,39,1698,12,39
"141","2020-05-05",174,2,209,577,4896,0.63562091503268,0,0,428,448,52,3053,37,1735,10,37
"142","2020-05-06",173,2,189,573,4896,0.63562091503268,0,0,428,448,49,3102,34,1769,9,34
"143","2020-05-07",161,2,191,555,4896,0.63562091503268,0,0,428,448,52,3154,36,1805,17,36
"144","2020-05-08",163,2,185,542,4896,0.63562091503268,0,0,428,448,38,3192,34,1839,16,34
"145","2020-05-09",161,2,181,535,4896,0.63562091503268,0,0,428,448,57,3249,31,1870,13,31
"146","2020-05-10",156,2,157,529,4896,0.63562091503268,0,0,428,448,35,3284,22,1892,8,22
"147","2020-05-11",148,2,134,510,4896,0.63562091503268,0,0,428,448,52,3336,25,1917,22,25
"148","2020-05-12",143,2,123,486,4896,0.63562091503268,0,0,428,448,45,3381,40,1957,12,40
"149","2020-05-13",141,2,114,472,4896,0.63562091503268,0,0,428,448,34,3415,35,1992,11,35
"150","2020-05-14",142,2,128,452,4896,0.63562091503268,0,0,428,448,48,3463,31,2023,13,31
"151","2020-05-15",142,2,138,438,4896,0.63562091503268,0,0,428,448,30,3493,25,2048,10,25
"152","2020-05-16",131,2,159,421,4896,0.63562091503268,0,0,428,448,37,3530,19,2067,14,19
"153","2020-05-17",127,2,160,409,4896,0.63562091503268,0,0,428,448,35,3565,26,2093,15,26
"154","2020-05-18",119,2,148,413,4896,0.63562091503268,0,0,428,448,41,3606,31,2124,22,31
"155","2020-05-19",120,2,130,406,4896,0.63562091503268,0,0,428,448,37,3643,17,2141,11,17
"156","2020-05-20",125,2,128,376,4896,0.63562091503268,0,0,428,448,39,3682,25,2166,8,25
"157","2020-05-21",115,2,131,358,4896,0.63562091503268,0,0,428,448,27,3709,16,2182,9,16
"158","2020-05-22",109,2,125,346,4896,0.63562091503268,0,0,428,448,36,3745,27,2209,10,27
"159","2020-05-23",114,2,133,330,4896,0.63562091503268,0,0,428,448,32,3777,28,2237,11,28
"160","2020-05-24",106,2,135,322,4896,0.63562091503268,0,0,428,448,36,3813,17,2254,11,17
"161","2020-05-25",109,2,129,318,4896,0.63562091503268,0,0,428,448,25,3838,32,2286,8,32
"162","2020-05-26",103,2,117,299,4896,0.63562091503268,0,0,428,448,28,3866,24,2310,6,24
"163","2020-05-27",93,2,120,297,4896,0.63562091503268,0,0,428,448,22,3888,29,2339,14,29
"164","2020-05-28",100,2,118,277,4896,0.63562091503268,0,0,428,448,28,3916,29,2368,6,29
"165","2020-05-29",91,2,105,261,4896,0.63562091503268,0,0,428,448,27,3943,28,2396,11,28
"166","2020-05-30",83,2,94,255,4896,0.63562091503268,0,0,428,448,35,3978,29,2425,9,29
"167","2020-05-31",81,2,101,241,4896,0.63562091503268,0,0,428,448,31,4009,32,2457,9,32
"168","2020-06-01",77,2,98,231,4896,0.63562091503268,0,0,428,448,25,4034,36,2493,5,36
"169","2020-06-02",75,2,96,207,4896,0.63562091503268,0,0,428,448,16,4050,26,2519,5,26
"170","2020-06-03",71,2,90,204,4896,0.63562091503268,0,0,428,448,15,4065,16,2535,5,16
"171","2020-06-04",59,2,79,196,4896,0.63562091503268,0,0,428,448,22,4087,19,2554,7,19
"172","2020-06-05",55,2,81,186,4896,0.63562091503268,0,0,428,448,10,4097,20,2574,4,20
"173","2020-06-06",49,2,72,176,4896,0.63562091503268,0,0,428,448,23,4120,23,2597,5,23
"174","2020-06-07",45,2,72,175,4896,0.63562091503268,0,0,428,448,16,4136,15,2612,7,15
"175","2020-03-13",1,3,119,143,5245,0.398284080076263,0,0,426,970,21,50,22,27,12,22
"176","2020-03-14",4,3,133,184,5245,0.398284080076263,0,0,426,970,32,82,20,47,14,20
"177","2020-03-15",14,3,153,225,5245,0.398284080076263,0,0,426,970,34,116,17,64,24,17
"178","2020-03-16",21,3,183,273,5245,0.398284080076263,0,0,426,970,35,151,16,80,25,16
"179","2020-03-17",34,3,220,323,5245,0.398284080076263,0,0,426,970,56,207,9,89,39,9
"180","2020-03-18",42,3,251,378,5245,0.398284080076263,0,0,426,970,45,252,18,107,33,18
"181","2020-03-19",58,3,258,418,5245,0.398284080076263,0,0,426,970,73,325,24,131,58,24
"182","2020-03-20",75,3,272,466,5245,0.398284080076263,0,0,426,970,85,410,34,165,73,34
"183","2020-03-21",95,3,268,502,5245,0.398284080076263,0,0,426,970,74,484,23,188,70,23
"184","2020-03-22",105,3,261,553,5245,0.398284080076263,0,0,426,970,72,556,21,209,59,21
"185","2020-03-23",122,3,289,612,5245,0.398284080076263,0,0,426,970,100,656,17,226,93,17
"186","2020-03-24",135,3,282,651,5245,0.398284080076263,0,0,426,970,98,754,27,253,84,27
"187","2020-03-25",152,3,273,683,5245,0.398284080076263,0,0,426,970,121,875,33,286,109,33
"188","2020-03-26",173,3,282,727,5245,0.398284080076263,0,0,426,970,138,1013,43,329,129,43
"189","2020-03-27",182,3,260,744,5245,0.398284080076263,0,0,426,970,160,1173,34,363,150,34
"190","2020-03-28",188,3,269,780,5245,0.398284080076263,0,0,426,970,122,1295,21,384,109,21
"191","2020-03-29",203,3,244,820,5245,0.398284080076263,0,0,426,970,157,1452,23,407,145,23
"192","2020-03-30",222,3,259,825,5245,0.398284080076263,0,0,426,970,170,1622,46,453,154,46
"193","2020-03-31",227,3,271,839,5245,0.398284080076263,0,0,426,970,163,1785,34,487,147,34
"194","2020-04-01",234,3,260,852,5245,0.398284080076263,0,0,426,970,164,1949,27,514,156,27
"195","2020-04-02",226,3,280,842,5245,0.398284080076263,0,0,426,970,150,2099,25,539,141,25
"196","2020-04-03",231,3,266,871,5245,0.398284080076263,0,0,426,970,167,2266,28,567,160,28
"197","2020-04-04",228,3,243,874,5245,0.398284080076263,0,0,426,970,146,2412,16,583,136,16
"198","2020-04-05",229,3,254,876,5245,0.398284080076263,0,0,426,970,150,2562,25,608,139,25
"199","2020-04-06",221,3,254,870,5245,0.398284080076263,0,0,426,970,141,2703,31,639,129,31
"200","2020-04-07",234,3,243,868,5245,0.398284080076263,0,0,426,970,159,2862,24,663,148,24
"201","2020-04-08",241,3,229,863,5245,0.398284080076263,0,0,426,970,160,3022,17,680,151,17
"202","2020-04-09",258,3,221,870,5245,0.398284080076263,0,0,426,970,167,3189,18,698,143,18
"203","2020-04-10",255,3,223,869,5245,0.398284080076263,0,0,426,970,124,3313,22,720,119,22
"204","2020-04-11",262,3,224,885,5245,0.398284080076263,0,0,426,970,148,3461,25,745,132,25
"205","2020-04-12",262,3,260,877,5245,0.398284080076263,0,0,426,970,132,3593,18,763,117,18
"206","2020-04-13",262,3,309,869,5245,0.398284080076263,0,0,426,970,170,3763,15,778,156,15
"207","2020-04-14",260,3,303,865,5245,0.398284080076263,0,0,426,970,114,3877,25,803,107,25
"208","2020-04-15",251,3,272,877,5245,0.398284080076263,0,0,426,970,123,4000,20,823,109,20
"209","2020-04-16",243,3,247,872,5245,0.398284080076263,0,0,426,970,125,4125,46,869,119,46
"210","2020-04-17",239,3,245,876,5245,0.398284080076263,0,0,426,970,111,4236,33,902,93,33
"211","2020-04-18",241,3,251,861,5245,0.398284080076263,0,0,426,970,117,4353,25,927,107,25
"212","2020-04-19",237,3,247,860,5245,0.398284080076263,0,0,426,970,126,4479,16,943,115,16
"213","2020-04-20",235,3,239,861,5245,0.398284080076263,0,0,426,970,93,4572,23,966,86,23
"214","2020-04-21",230,3,277,863,5245,0.398284080076263,0,0,426,970,96,4668,33,999,92,33
"215","2020-04-22",229,3,298,856,5245,0.398284080076263,0,0,426,970,88,4756,36,1035,84,36
"216","2020-04-23",240,3,310,851,5245,0.398284080076263,0,0,426,970,64,4820,56,1091,59,56
"217","2020-04-24",245,3,307,830,5245,0.398284080076263,0,0,426,970,69,4889,27,1118,61,27
"218","2020-04-25",243,3,303,821,5245,0.398284080076263,0,0,426,970,71,4960,34,1152,67,34
"219","2020-04-26",244,3,325,805,5245,0.398284080076263,0,0,426,970,67,5027,32,1184,62,32
"220","2020-04-27",242,3,346,797,5245,0.398284080076263,0,0,426,970,40,5067,34,1218,35,34
"221","2020-04-28",235,3,335,751,5245,0.398284080076263,0,0,426,970,57,5124,36,1254,49,36
"222","2020-04-29",242,3,341,742,5245,0.398284080076263,0,0,426,970,71,5195,30,1284,66,30
"223","2020-04-30",220,3,330,728,5245,0.398284080076263,0,0,426,970,46,5241,24,1308,40,24
"224","2020-05-01",218,3,328,699,5245,0.398284080076263,0,0,426,970,43,5284,29,1337,31,29
"225","2020-05-02",203,3,306,691,5245,0.398284080076263,0,0,426,970,32,5316,39,1376,29,39
"226","2020-05-03",198,3,308,660,5245,0.398284080076263,0,0,426,970,46,5362,31,1407,40,31
"227","2020-05-04",193,3,282,642,5245,0.398284080076263,0,0,426,970,24,5386,19,1426,18,19
"228","2020-05-05",193,3,284,632,5245,0.398284080076263,0,0,426,970,40,5426,21,1447,31,21
"229","2020-05-06",187,3,295,614,5245,0.398284080076263,0,0,426,970,22,5448,38,1485,20,38
"230","2020-05-07",182,3,305,591,5245,0.398284080076263,0,0,426,970,33,5481,50,1535,28,50
"231","2020-05-08",172,3,300,571,5245,0.398284080076263,0,0,426,970,28,5509,39,1574,20,39
"232","2020-05-09",179,3,289,568,5245,0.398284080076263,0,0,426,970,31,5540,21,1595,28,21
"233","2020-05-10",172,3,268,560,5245,0.398284080076263,0,0,426,970,23,5563,46,1641,20,46
"234","2020-05-11",173,3,265,551,5245,0.398284080076263,0,0,426,970,20,5583,57,1698,16,57
"235","2020-05-12",163,3,265,531,5245,0.398284080076263,0,0,426,970,24,5607,47,1745,20,47
"236","2020-05-13",155,3,267,528,5245,0.398284080076263,0,0,426,970,20,5627,43,1788,12,43
"237","2020-05-14",155,3,262,511,5245,0.398284080076263,0,0,426,970,19,5646,40,1828,16,40
"238","2020-05-15",153,3,263,506,5245,0.398284080076263,0,0,426,970,33,5679,46,1874,25,46
"239","2020-05-16",155,3,267,504,5245,0.398284080076263,0,0,426,970,23,5702,41,1915,18,41
"240","2020-05-17",160,3,272,480,5245,0.398284080076263,0,0,426,970,15,5717,26,1941,13,26
"241","2020-05-18",146,3,252,472,5245,0.398284080076263,0,0,426,970,30,5747,28,1969,28,28
"242","2020-05-19",144,3,247,450,5245,0.398284080076263,0,0,426,970,16,5763,23,1992,12,23
"243","2020-05-20",139,3,260,455,5245,0.398284080076263,0,0,426,970,23,5786,36,2028,15,36
"244","2020-05-21",130,3,277,450,5245,0.398284080076263,0,0,426,970,15,5801,52,2080,9,52
"245","2020-05-22",134,3,275,448,5245,0.398284080076263,0,0,426,970,24,5825,37,2117,19,37
"246","2020-05-23",127,3,292,430,5245,0.398284080076263,0,0,426,970,15,5840,37,2154,11,37
"247","2020-05-24",116,3,272,430,5245,0.398284080076263,0,0,426,970,12,5852,40,2194,11,41
"248","2020-05-25",120,3,271,395,5245,0.398284080076263,0,0,426,970,13,5865,55,2249,7,55
"249","2020-05-26",121,3,271,379,5245,0.398284080076263,0,0,426,970,20,5885,53,2302,14,53
"250","2020-05-27",124,3,256,357,5245,0.398284080076263,0,0,426,970,19,5904,26,2328,18,26
"251","2020-05-28",131,3,252,340,5245,0.398284080076263,0,0,426,970,8,5912,41,2369,8,41
"252","2020-05-29",122,3,238,326,5245,0.398284080076263,0,0,426,970,13,5925,31,2400,10,31
"253","2020-05-30",117,3,239,306,5245,0.398284080076263,0,0,426,970,13,5938,43,2443,12,43
"254","2020-05-31",110,3,254,300,5245,0.398284080076263,0,0,426,970,10,5948,35,2478,8,35
"255","2020-06-01",101,3,251,284,5245,0.398284080076263,0,0,426,970,12,5960,35,2513,10,35
"256","2020-06-02",94,3,259,267,5245,0.398284080076263,0,0,426,970,19,5979,37,2550,17,37
"257","2020-06-03",83,3,282,267,5245,0.398284080076263,0,0,426,970,7,5986,37,2587,5,37
"258","2020-06-04",72,3,275,256,5245,0.398284080076263,0,0,426,970,13,5999,43,2630,8,43
"259","2020-06-05",73,3,269,242,5245,0.398284080076263,0,0,426,970,6,6005,26,2656,5,26
"260","2020-06-06",69,3,270,229,5245,0.398284080076263,0,0,426,970,2,6007,23,2679,1,23
"261","2020-06-07",72,3,266,221,5245,0.398284080076263,0,0,426,970,7,6014,15,2694,7,15
"262","2020-03-14",5,4,84,86,4718,0.689699025010598,0,0,449,638,97,280,30,197,66,30
"263","2020-03-15",9,4,69,108,4718,0.689699025010598,0,0,449,638,122,402,27,224,83,27
"264","2020-03-16",16,4,63,131,4718,0.689699025010598,0,0,449,638,187,589,68,292,142,68
"265","2020-03-17",20,4,74,164,4718,0.689699025010598,0,0,449,638,216,805,36,328,184,36
"266","2020-03-18",22,4,88,190,4718,0.689699025010598,0,0,449,638,289,1094,37,365,257,37
"267","2020-03-19",28,4,94,227,4718,0.689699025010598,0,0,449,638,333,1427,29,394,302,29
"268","2020-03-20",34,4,96,264,4718,0.689699025010598,0,0,449,638,470,1897,35,429,431,35
"269","2020-03-21",38,4,88,295,4718,0.689699025010598,0,0,449,638,506,2403,11,440,478,11
"270","2020-03-22",44,4,90,351,4718,0.689699025010598,0,0,449,638,447,2850,15,455,417,15
"271","2020-03-23",53,4,95,381,4718,0.689699025010598,0,0,449,638,586,3436,30,485,556,30
"272","2020-03-24",60,4,93,419,4718,0.689699025010598,0,0,449,638,506,3942,25,510,489,25
"273","2020-03-25",73,4,84,445,4718,0.689699025010598,0,0,449,638,533,4475,70,580,513,70
"274","2020-03-26",82,4,74,452,4718,0.689699025010598,0,0,449,638,517,4992,26,606,506,26
"275","2020-03-27",97,4,71,483,4718,0.689699025010598,0,0,449,638,531,5523,12,618,501,12
"276","2020-03-28",106,4,88,510,4718,0.689699025010598,0,0,449,638,355,5878,19,637,343,19
"277","2020-03-29",115,4,115,559,4718,0.689699025010598,0,0,449,638,321,6199,68,705,313,68
"278","2020-03-30",126,4,112,585,4718,0.689699025010598,0,0,449,638,321,6520,48,753,309,48
"279","2020-03-31",146,4,98,613,4718,0.689699025010598,0,0,449,638,258,6778,20,773,246,20
"280","2020-04-01",160,4,116,642,4718,0.689699025010598,0,0,449,638,186,6964,29,802,171,29
"281","2020-04-02",160,4,139,673,4718,0.689699025010598,0,0,449,638,168,7132,52,854,159,52
"282","2020-04-03",163,4,142,688,4718,0.689699025010598,0,0,449,638,116,7248,37,891,113,37
"283","2020-04-04",167,4,154,738,4718,0.689699025010598,0,0,449,638,67,7315,43,934,65,43
"284","2020-04-05",177,4,150,779,4718,0.689699025010598,0,0,449,638,59,7374,80,1014,56,80
"285","2020-04-06",177,4,144,822,4718,0.689699025010598,0,0,449,638,73,7447,36,1050,69,36
"286","2020-04-07",195,4,120,846,4718,0.689699025010598,0,0,449,638,56,7503,40,1090,52,40
"287","2020-04-08",199,4,112,858,4718,0.689699025010598,0,0,449,638,38,7541,24,1114,30,24
"288","2020-04-09",228,4,112,896,4718,0.689699025010598,0,0,449,638,35,7576,19,1133,31,19
"289","2020-04-10",232,4,105,937,4718,0.689699025010598,0,0,449,638,31,7607,13,1146,26,13
"290","2020-04-11",249,4,97,972,4718,0.689699025010598,0,0,449,638,18,7625,15,1161,13,15
"291","2020-04-12",262,4,106,986,4718,0.689699025010598,0,0,449,638,21,7646,14,1175,16,14
"292","2020-04-13",278,4,127,977,4718,0.689699025010598,0,0,449,638,12,7658,13,1188,9,13
"293","2020-04-14",258,4,138,984,4718,0.689699025010598,0,0,449,638,10,7668,49,1237,8,49
"294","2020-04-15",278,4,156,975,4718,0.689699025010598,0,0,449,638,5,7673,24,1261,5,24
"295","2020-04-16",264,4,168,972,4718,0.689699025010598,0,0,449,638,4,7677,16,1277,2,16
"296","2020-04-17",279,4,169,979,4718,0.689699025010598,0,0,449,638,12,7689,12,1289,11,12
"297","2020-04-18",276,4,150,945,4718,0.689699025010598,0,0,449,638,6,7695,60,1349,3,60
"298","2020-04-19",269,4,144,916,4718,0.689699025010598,0,0,449,638,5,7700,74,1423,2,74
"299","2020-04-20",265,4,159,909,4718,0.689699025010598,0,0,449,638,10,7710,14,1437,6,14
"300","2020-04-21",273,4,163,913,4718,0.689699025010598,0,0,449,638,9,7719,21,1458,4,21
"301","2020-04-22",254,4,183,882,4718,0.689699025010598,0,0,449,638,4,7723,64,1522,1,64
"302","2020-04-23",269,4,179,870,4718,0.689699025010598,0,0,449,638,7,7730,69,1591,4,69
"303","2020-04-24",253,4,197,862,4718,0.689699025010598,0,0,449,638,2,7732,64,1655,NA,64
"304","2020-04-25",257,4,175,845,4718,0.689699025010598,0,0,449,638,5,7737,51,1706,2,51
"305","2020-04-26",259,4,168,830,4718,0.689699025010598,0,0,449,638,5,7742,32,1738,1,32
"306","2020-04-27",260,4,163,819,4718,0.689699025010598,0,0,449,638,3,7745,37,1775,1,37
"307","2020-04-28",249,4,190,792,4718,0.689699025010598,0,0,449,638,6,7751,12,1787,1,12
"308","2020-04-29",246,4,179,772,4718,0.689699025010598,0,0,449,638,6,7757,17,1804,3,17
"309","2020-04-30",226,4,181,755,4718,0.689699025010598,0,0,449,638,3,7760,53,1857,NA,53
"310","2020-05-01",236,4,160,726,4718,0.689699025010598,0,0,449,638,3,7763,44,1901,2,44
"311","2020-05-02",231,4,143,712,4718,0.689699025010598,0,0,449,638,4,7767,40,1941,3,40
"312","2020-05-03",225,4,130,693,4718,0.689699025010598,0,0,449,638,3,7770,45,1986,2,45
"313","2020-05-04",213,4,169,683,4718,0.689699025010598,0,0,449,638,1,7771,45,2031,NA,45
"314","2020-05-05",213,4,167,669,4718,0.689699025010598,0,0,449,638,NA,NA,37,2068,NA,37
"315","2020-05-06",203,4,158,625,4718,0.689699025010598,0,0,449,638,1,7772,25,2093,NA,25
"316","2020-05-07",209,4,186,640,4718,0.689699025010598,0,0,449,638,4,7776,17,2110,1,17
"317","2020-05-08",195,4,202,620,4718,0.689699025010598,0,0,449,638,3,7779,37,2147,2,37
"318","2020-05-09",180,4,186,591,4718,0.689699025010598,0,0,449,638,1,7780,27,2174,NA,27
"319","2020-05-10",182,4,194,584,4718,0.689699025010598,0,0,449,638,3,7783,80,2254,2,80
"320","2020-05-11",173,4,191,573,4718,0.689699025010598,0,0,449,638,4,7787,38,2292,2,38
"321","2020-05-12",168,4,214,560,4718,0.689699025010598,0,0,449,638,2,7789,51,2343,1,51
"322","2020-05-13",164,4,208,554,4718,0.689699025010598,0,0,449,638,3,7792,37,2380,NA,37
"323","2020-05-14",148,4,197,546,4718,0.689699025010598,0,0,449,638,3,7795,48,2428,2,48
"324","2020-05-15",140,4,183,524,4718,0.689699025010598,0,0,449,638,5,7800,49,2477,2,49
"325","2020-05-16",144,4,179,508,4718,0.689699025010598,0,0,449,638,3,7803,38,2515,1,38
"326","2020-05-17",129,4,188,480,4718,0.689699025010598,0,0,449,638,1,7804,24,2539,1,24
"327","2020-05-18",140,4,179,462,4718,0.689699025010598,0,0,449,638,3,7807,31,2570,1,31
"328","2020-05-19",148,4,159,444,4718,0.689699025010598,0,0,449,638,2,7809,38,2608,NA,38
"329","2020-05-20",148,4,134,441,4718,0.689699025010598,0,0,449,638,1,7810,27,2635,NA,27
"330","2020-05-21",157,4,159,427,4718,0.689699025010598,0,0,449,638,NA,NA,21,2656,NA,21
"331","2020-05-22",153,4,181,410,4718,0.689699025010598,0,0,449,638,1,7811,44,2700,NA,44
"332","2020-05-23",148,4,187,398,4718,0.689699025010598,0,0,449,638,4,7815,43,2743,1,43
"333","2020-05-24",152,4,190,366,4718,0.689699025010598,0,0,449,638,1,7816,16,2759,NA,16
"334","2020-05-25",139,4,197,354,4718,0.689699025010598,0,0,449,638,2,7818,16,2775,NA,16
"335","2020-05-26",121,4,208,329,4718,0.689699025010598,0,0,449,638,3,7821,16,2791,1,16
"336","2020-05-27",117,4,207,314,4718,0.689699025010598,0,0,449,638,1,7822,9,2800,1,9
"337","2020-05-28",106,4,188,305,4718,0.689699025010598,0,0,449,638,NA,NA,11,2811,NA,11
"338","2020-05-29",106,4,189,283,4718,0.689699025010598,0,0,449,638,3,7825,10,2821,2,10
"339","2020-05-30",103,4,181,265,4718,0.689699025010598,0,0,449,638,2,7827,18,2839,NA,18
"340","2020-05-31",90,4,165,251,4718,0.689699025010598,0,0,449,638,3,7830,15,2854,3,15
"341","2020-06-01",78,4,155,233,4718,0.689699025010598,0,0,449,638,1,7831,7,2861,NA,7
"342","2020-06-02",76,4,158,228,4718,0.689699025010598,0,0,449,638,1,7832,68,2929,NA,68
"343","2020-06-03",67,4,164,216,4718,0.689699025010598,0,0,449,638,1,7833,31,2960,NA,31
"344","2020-06-04",61,4,139,190,4718,0.689699025010598,0,0,449,638,NA,NA,9,2969,NA,9
"345","2020-06-05",55,4,129,180,4718,0.689699025010598,0,0,449,638,1,7834,12,2981,NA,12
"346","2020-06-06",47,4,134,170,4718,0.689699025010598,0,0,449,638,NA,NA,11,2992,NA,11
"347","2020-06-07",46,4,124,168,4718,0.689699025010598,0,0,449,638,1,7835,23,3015,1,23
"348","2020-03-13",1,5,34,76,4171,0.463438024454567,0,0,356,483,18,47,13,45,5,13
"349","2020-03-14",1,5,29,121,4171,0.463438024454567,0,0,356,483,23,70,23,68,5,23
"350","2020-03-15",5,5,28,154,4171,0.463438024454567,0,0,356,483,22,92,21,89,8,21
"351","2020-03-16",8,5,27,194,4171,0.463438024454567,0,0,356,483,14,106,33,122,6,33
"352","2020-03-17",15,5,27,244,4171,0.463438024454567,0,0,356,483,28,134,18,140,11,18
"353","2020-03-18",21,5,25,286,4171,0.463438024454567,0,0,356,483,22,156,14,154,14,14
"354","2020-03-19",27,5,22,337,4171,0.463438024454567,0,0,356,483,35,191,19,173,18,19
"355","2020-03-20",38,5,29,385,4171,0.463438024454567,0,0,356,483,30,221,8,181,21,8
"356","2020-03-21",52,5,33,418,4171,0.463438024454567,0,0,356,483,30,251,35,216,24,35
"357","2020-03-22",69,5,42,454,4171,0.463438024454567,0,0,356,483,34,285,39,255,20,39
"358","2020-03-23",86,5,45,496,4171,0.463438024454567,0,0,356,483,40,325,40,295,28,40
"359","2020-03-24",98,5,43,526,4171,0.463438024454567,0,0,356,483,40,365,48,343,24,48
"360","2020-03-25",117,5,54,558,4171,0.463438024454567,0,0,356,483,53,418,51,394,40,51
"361","2020-03-26",129,5,55,597,4171,0.463438024454567,0,0,356,483,47,465,28,422,32,28
"362","2020-03-27",145,5,58,613,4171,0.463438024454567,0,0,356,483,53,518,19,441,43,19
"363","2020-03-28",141,5,68,633,4171,0.463438024454567,0,0,356,483,37,555,30,471,27,30
"364","2020-03-29",149,5,75,653,4171,0.463438024454567,0,0,356,483,49,604,45,516,23,45
"365","2020-03-30",160,5,70,690,4171,0.463438024454567,0,0,356,483,62,666,22,538,43,22
"366","2020-03-31",161,5,70,703,4171,0.463438024454567,0,0,356,483,38,704,31,569,28,31
"367","2020-04-01",163,5,72,722,4171,0.463438024454567,0,0,356,483,41,745,51,620,30,51
"368","2020-04-02",171,5,70,735,4171,0.463438024454567,0,0,356,483,48,793,25,645,35,25
"369","2020-04-03",177,5,98,747,4171,0.463438024454567,0,0,356,483,48,841,27,672,30,27
"370","2020-04-04",196,5,97,740,4171,0.463438024454567,0,0,356,483,38,879,43,715,29,43
"371","2020-04-05",191,5,93,746,4171,0.463438024454567,0,0,356,483,26,905,32,747,15,32
"372","2020-04-06",186,5,88,740,4171,0.463438024454567,0,0,356,483,60,965,23,770,44,23
"373","2020-04-07",192,5,94,735,4171,0.463438024454567,0,0,356,483,57,1022,14,784,32,14
"374","2020-04-08",201,5,104,715,4171,0.463438024454567,0,0,356,483,40,1062,26,810,31,26
"375","2020-04-09",201,5,95,712,4171,0.463438024454567,0,0,356,483,56,1118,20,830,42,20
"376","2020-04-10",200,5,98,703,4171,0.463438024454567,0,0,356,483,42,1160,14,844,25,14
"377","2020-04-11",198,5,108,701,4171,0.463438024454567,0,0,356,483,50,1210,17,861,38,17
"378","2020-04-12",195,5,114,694,4171,0.463438024454567,0,0,356,483,59,1269,16,877,44,16
"379","2020-04-13",196,5,121,692,4171,0.463438024454567,0,0,356,483,60,1329,19,896,31,19
"380","2020-04-14",204,5,120,694,4171,0.463438024454567,0,0,356,483,59,1388,60,956,42,60
"381","2020-04-15",195,5,137,705,4171,0.463438024454567,0,0,356,483,51,1439,40,996,35,40
"382","2020-04-16",200,5,132,682,4171,0.463438024454567,0,0,356,483,47,1486,38,1034,34,38
"383","2020-04-17",196,5,120,699,4171,0.463438024454567,0,0,356,483,48,1534,23,1057,31,23
"384","2020-04-18",205,5,127,701,4171,0.463438024454567,0,0,356,483,41,1575,26,1083,29,26
"385","2020-04-19",214,5,157,701,4171,0.463438024454567,0,0,356,483,41,1616,43,1126,32,43
"386","2020-04-20",224,5,149,699,4171,0.463438024454567,0,0,356,483,40,1656,32,1158,23,32
"387","2020-04-21",213,5,144,675,4171,0.463438024454567,0,0,356,483,67,1723,23,1181,43,23
"388","2020-04-22",208,5,132,672,4171,0.463438024454567,0,0,356,483,28,1751,21,1202,15,21
"389","2020-04-23",203,5,125,654,4171,0.463438024454567,0,0,356,483,48,1799,18,1220,29,18
"390","2020-04-24",203,5,121,643,4171,0.463438024454567,0,0,356,483,51,1850,19,1239,35,19
"391","2020-04-25",198,5,127,631,4171,0.463438024454567,0,0,356,483,48,1898,22,1261,30,22
"392","2020-04-26",183,5,119,644,4171,0.463438024454567,0,0,356,483,38,1936,38,1299,20,38
"393","2020-04-27",170,5,114,631,4171,0.463438024454567,0,0,356,483,39,1975,38,1337,21,38
"394","2020-04-28",177,5,114,622,4171,0.463438024454567,0,0,356,483,28,2003,41,1378,16,41
"395","2020-04-29",180,5,131,625,4171,0.463438024454567,0,0,356,483,48,2051,56,1434,29,56
"396","2020-04-30",176,5,136,619,4171,0.463438024454567,0,0,356,483,35,2086,48,1482,19,48
"397","2020-05-01",172,5,124,620,4171,0.463438024454567,0,0,356,483,38,2124,41,1523,20,41
"398","2020-05-02",165,5,126,587,4171,0.463438024454567,0,0,356,483,34,2158,30,1553,15,30
"399","2020-05-03",175,5,127,566,4171,0.463438024454567,0,0,356,483,30,2188,41,1594,17,41
"400","2020-05-04",169,5,133,560,4171,0.463438024454567,0,0,356,483,35,2223,44,1638,13,44
"401","2020-05-05",161,5,129,552,4171,0.463438024454567,0,0,356,483,35,2258,40,1678,20,40
"402","2020-05-06",155,5,118,540,4171,0.463438024454567,0,0,356,483,34,2292,37,1715,14,37
"403","2020-05-07",158,5,131,519,4171,0.463438024454567,0,0,356,483,35,2327,29,1744,15,29
"404","2020-05-08",155,5,127,500,4171,0.463438024454567,0,0,356,483,33,2360,16,1760,16,16
"405","2020-05-09",144,5,117,474,4171,0.463438024454567,0,0,356,483,30,2390,47,1807,16,47
"406","2020-05-10",136,5,126,474,4171,0.463438024454567,0,0,356,483,31,2421,33,1840,19,33
"407","2020-05-11",134,5,114,478,4171,0.463438024454567,0,0,356,483,35,2456,22,1862,23,22
"408","2020-05-12",131,5,114,471,4171,0.463438024454567,0,0,356,483,40,2496,34,1896,23,34
"409","2020-05-13",129,5,113,471,4171,0.463438024454567,0,0,356,483,26,2522,29,1925,20,29
"410","2020-05-14",122,5,116,454,4171,0.463438024454567,0,0,356,483,21,2543,25,1950,10,25
"411","2020-05-15",122,5,123,422,4171,0.463438024454567,0,0,356,483,40,2583,50,2000,25,50
"412","2020-05-16",133,5,115,415,4171,0.463438024454567,0,0,356,483,31,2614,39,2039,18,39
"413","2020-05-17",133,5,115,405,4171,0.463438024454567,0,0,356,483,18,2632,28,2067,9,28
"414","2020-05-18",140,5,121,379,4171,0.463438024454567,0,0,356,483,26,2658,49,2116,18,49
"415","2020-05-19",137,5,111,362,4171,0.463438024454567,0,0,356,483,14,2672,29,2145,8,29
"416","2020-05-20",134,5,124,349,4171,0.463438024454567,0,0,356,483,27,2699,52,2197,17,52
"417","2020-05-21",136,5,133,340,4171,0.463438024454567,0,0,356,483,26,2725,42,2239,17,42
"418","2020-05-22",128,5,112,317,4171,0.463438024454567,0,0,356,483,19,2744,41,2280,11,41
"419","2020-05-23",117,5,108,297,4171,0.463438024454567,0,0,356,483,30,2774,22,2302,18,22
"420","2020-05-24",110,5,121,288,4171,0.463438024454567,0,0,356,483,23,2797,47,2349,9,47
"421","2020-05-25",95,5,122,288,4171,0.463438024454567,0,0,356,483,27,2824,45,2394,20,45
"422","2020-05-26",92,5,122,267,4171,0.463438024454567,0,0,356,483,17,2841,35,2429,11,35
"423","2020-05-27",90,5,128,256,4171,0.463438024454567,0,0,356,483,19,2860,31,2460,14,31
"424","2020-05-28",81,5,129,238,4171,0.463438024454567,0,0,356,483,21,2881,35,2495,13,35
"425","2020-05-29",77,5,120,241,4171,0.463438024454567,0,0,356,483,19,2900,20,2515,13,20
"426","2020-05-30",71,5,116,235,4171,0.463438024454567,0,0,356,483,19,2919,24,2539,11,24
"427","2020-05-31",72,5,107,237,4171,0.463438024454567,0,0,356,483,19,2938,22,2561,12,22
"428","2020-06-01",71,5,111,229,4171,0.463438024454567,0,0,356,483,20,2958,24,2585,9,24
"429","2020-06-02",67,5,116,224,4171,0.463438024454567,0,0,356,483,13,2971,43,2628,10,43
"430","2020-06-03",62,5,115,207,4171,0.463438024454567,0,0,356,483,14,2985,43,2671,9,43
"431","2020-06-04",63,5,109,200,4171,0.463438024454567,0,0,356,483,16,3001,42,2713,11,42
"432","2020-06-05",63,5,87,188,4171,0.463438024454567,0,0,356,483,14,3015,26,2739,9,26
"433","2020-06-06",65,5,88,174,4171,0.463438024454567,0,0,356,483,21,3036,22,2761,13,22
"434","2020-06-07",60,5,89,166,4171,0.463438024454567,0,0,356,483,12,3048,30,2791,8,30
"435","2020-03-14",3,6,56,121,8077,0.901819982666832,0,0,852,900,28,102,29,100,5,29
"436","2020-03-15",8,6,82,182,8077,0.901819982666832,0,0,852,900,30,132,17,117,7,17
"437","2020-03-16",17,6,117,251,8077,0.901819982666832,0,0,852,900,38,170,26,143,13,26
"438","2020-03-17",26,6,148,343,8077,0.901819982666832,0,0,852,900,32,202,24,167,10,24
"439","2020-03-18",39,6,148,484,8077,0.901819982666832,0,0,852,900,41,243,13,180,12,13
"440","2020-03-19",48,6,127,635,8077,0.901819982666832,0,0,852,900,43,286,22,202,13,22
"441","2020-03-20",64,6,113,774,8077,0.901819982666832,0,0,852,900,32,318,34,236,16,34
"442","2020-03-21",84,6,106,939,8077,0.901819982666832,0,0,852,900,23,341,29,265,12,29
"443","2020-03-22",117,6,127,1130,8077,0.901819982666832,0,0,852,900,48,389,17,282,21,17
"444","2020-03-23",150,6,172,1302,8077,0.901819982666832,0,0,852,900,49,438,13,295,15,13
"445","2020-03-24",184,6,188,1568,8077,0.901819982666832,0,0,852,900,49,487,12,307,22,12
"446","2020-03-25",218,6,201,1880,8077,0.901819982666832,0,0,852,900,58,545,31,338,35,31
"447","2020-03-26",280,6,218,2149,8077,0.901819982666832,0,0,852,900,48,593,48,386,17,48
"448","2020-03-27",364,6,232,2522,8077,0.901819982666832,0,0,852,900,54,647,28,414,21,28
"449","2020-03-28",465,6,236,2878,8077,0.901819982666832,0,0,852,900,53,700,20,434,20,20
"450","2020-03-29",530,6,207,3236,8077,0.901819982666832,0,0,852,900,52,752,15,449,25,15
"451","2020-03-30",636,6,182,3674,8077,0.901819982666832,0,0,852,900,64,816,43,492,18,43
"452","2020-03-31",718,6,188,3903,8077,0.901819982666832,0,0,852,900,56,872,43,535,18,43
"453","2020-04-01",805,6,208,4253,8077,0.901819982666832,0,0,852,900,35,907,22,557,12,22
"454","2020-04-02",904,6,227,4329,8077,0.901819982666832,0,0,852,900,46,953,19,576,13,19
"455","2020-04-03",971,6,197,4403,8077,0.901819982666832,0,0,852,900,35,988,13,589,15,13
"456","2020-04-04",1020,6,163,4359,8077,0.901819982666832,0,0,852,900,40,1028,12,601,13,12
"457","2020-04-05",1100,6,164,4305,8077,0.901819982666832,0,0,852,900,37,1065,44,645,17,44
"458","2020-04-06",1132,6,145,4104,8077,0.901819982666832,0,0,852,900,55,1120,45,690,24,45
"459","2020-04-07",1198,6,160,3815,8077,0.901819982666832,0,0,852,900,50,1170,32,722,21,32
"460","2020-04-08",1239,6,164,3526,8077,0.901819982666832,0,0,852,900,43,1213,18,740,13,18
"461","2020-04-09",1228,6,196,3207,8077,0.901819982666832,0,0,852,900,51,1264,41,781,13,41
"462","2020-04-10",1204,6,184,2910,8077,0.901819982666832,0,0,852,900,56,1320,24,805,13,24
"463","2020-04-11",1166,6,181,2557,8077,0.901819982666832,0,0,852,900,44,1364,38,843,21,38
"464","2020-04-12",1078,6,186,2220,8077,0.901819982666832,0,0,852,900,52,1416,30,873,12,30
"465","2020-04-13",986,6,227,1859,8077,0.901819982666832,0,0,852,900,48,1464,49,922,19,49
"466","2020-04-14",852,6,248,1599,8077,0.901819982666832,0,0,852,900,42,1506,32,954,12,32
"467","2020-04-15",744,6,244,1348,8077,0.901819982666832,0,0,852,900,45,1551,18,972,16,18
"468","2020-04-16",650,6,288,1131,8077,0.901819982666832,0,0,852,900,45,1596,38,1010,12,38
"469","2020-04-17",550,6,256,943,8077,0.901819982666832,0,0,852,900,34,1630,26,1036,5,26
"470","2020-04-18",447,6,224,763,8077,0.901819982666832,0,0,852,900,53,1683,22,1058,18,22
"471","2020-04-19",376,6,189,629,8077,0.901819982666832,0,0,852,900,41,1724,26,1084,7,26
"472","2020-04-20",310,6,186,501,8077,0.901819982666832,0,0,852,900,45,1769,22,1106,8,22
"473","2020-04-21",275,6,170,411,8077,0.901819982666832,0,0,852,900,58,1827,26,1132,22,26
"474","2020-04-22",224,6,160,342,8077,0.901819982666832,0,0,852,900,47,1874,30,1162,18,30
"475","2020-04-23",171,6,139,280,8077,0.901819982666832,0,0,852,900,53,1927,55,1217,21,55
"476","2020-04-24",139,6,141,221,8077,0.901819982666832,0,0,852,900,43,1970,47,1264,16,47
"477","2020-04-25",120,6,180,175,8077,0.901819982666832,0,0,852,900,44,2014,70,1334,13,70
"478","2020-04-26",108,6,192,153,8077,0.901819982666832,0,0,852,900,34,2048,54,1388,8,54
"479","2020-04-27",95,6,196,129,8077,0.901819982666832,0,0,852,900,36,2084,29,1417,6,29
"480","2020-04-28",79,6,181,115,8077,0.901819982666832,0,0,852,900,41,2125,38,1455,2,38
"481","2020-04-29",66,6,218,99,8077,0.901819982666832,0,0,852,900,27,2152,22,1477,8,22
"482","2020-04-30",56,6,218,88,8077,0.901819982666832,0,0,852,900,34,2186,17,1494,11,17
"483","2020-05-01",47,6,207,83,8077,0.901819982666832,0,0,852,900,48,2234,14,1508,16,14
"484","2020-05-02",37,6,198,75,8077,0.901819982666832,0,0,852,900,46,2280,24,1532,13,24
"485","2020-05-03",28,6,167,66,8077,0.901819982666832,0,0,852,900,43,2323,21,1553,9,21
"486","2020-05-04",21,6,156,58,8077,0.901819982666832,0,0,852,900,43,2366,33,1586,10,33
"487","2020-05-05",16,6,141,49,8077,0.901819982666832,0,0,852,900,44,2410,28,1614,16,28
"488","2020-05-06",13,6,131,46,8077,0.901819982666832,0,0,852,900,31,2441,23,1637,8,23
"489","2020-05-07",12,6,147,38,8077,0.901819982666832,0,0,852,900,40,2481,52,1689,12,52
"490","2020-05-08",12,6,130,34,8077,0.901819982666832,0,0,852,900,48,2529,25,1714,16,25
"491","2020-05-09",11,6,124,32,8077,0.901819982666832,0,0,852,900,37,2566,22,1736,6,22
"492","2020-05-10",10,6,156,31,8077,0.901819982666832,0,0,852,900,28,2594,58,1794,10,58
"493","2020-05-11",9,6,156,28,8077,0.901819982666832,0,0,852,900,44,2638,25,1819,16,25
"494","2020-05-12",8,6,206,26,8077,0.901819982666832,0,0,852,900,26,2664,21,1840,6,21
"495","2020-05-13",9,6,233,29,8077,0.901819982666832,0,0,852,900,26,2690,28,1868,9,28
"496","2020-05-14",10,6,249,29,8077,0.901819982666832,0,0,852,900,40,2730,43,1911,9,43
"497","2020-05-15",10,6,220,29,8077,0.901819982666832,0,0,852,900,31,2761,45,1956,12,45
"498","2020-05-16",8,6,209,27,8077,0.901819982666832,0,0,852,900,26,2787,49,2005,8,49
"499","2020-05-17",7,6,222,26,8077,0.901819982666832,0,0,852,900,25,2812,28,2033,7,28
"500","2020-05-18",8,6,222,25,8077,0.901819982666832,0,0,852,900,29,2841,37,2070,13,37
"501","2020-05-19",9,6,193,27,8077,0.901819982666832,0,0,852,900,22,2863,60,2130,3,60
"502","2020-05-20",9,6,158,29,8077,0.901819982666832,0,0,852,900,26,2889,32,2162,6,32
"503","2020-05-21",9,6,166,28,8077,0.901819982666832,0,0,852,900,25,2914,17,2179,10,17
"504","2020-05-22",11,6,147,26,8077,0.901819982666832,0,0,852,900,30,2944,45,2224,9,45
"505","2020-05-23",13,6,138,28,8077,0.901819982666832,0,0,852,900,35,2979,40,2264,6,40
"506","2020-05-24",14,6,118,30,8077,0.901819982666832,0,0,852,900,17,2996,25,2289,4,25
"507","2020-05-25",13,6,109,27,8077,0.901819982666832,0,0,852,900,27,3023,14,2303,7,14
"508","2020-05-26",15,6,96,27,8077,0.901819982666832,0,0,852,900,21,3044,16,2319,9,16
"509","2020-05-27",14,6,95,25,8077,0.901819982666832,0,0,852,900,19,3063,9,2328,7,9
"510","2020-05-28",13,6,116,21,8077,0.901819982666832,0,0,852,900,23,3086,10,2338,7,10
"511","2020-05-29",10,6,153,20,8077,0.901819982666832,0,0,852,900,20,3106,10,2348,6,10
"512","2020-05-30",9,6,168,23,8077,0.901819982666832,0,0,852,900,18,3124,10,2358,3,10
"513","2020-05-31",9,6,196,18,8077,0.901819982666832,0,0,852,900,19,3143,24,2382,6,24
"514","2020-06-01",8,6,174,14,8077,0.901819982666832,0,0,852,900,19,3162,16,2398,5,16
"515","2020-06-02",6,6,138,15,8077,0.901819982666832,0,0,852,900,23,3185,11,2409,11,11
"516","2020-06-03",6,6,154,16,8077,0.901819982666832,0,0,852,900,23,3208,11,2420,11,11
"517","2020-06-04",5,6,197,14,8077,0.901819982666832,0,0,852,900,24,3232,24,2444,13,24
"518","2020-06-05",4,6,196,14,8077,0.901819982666832,0,0,852,900,21,3253,40,2484,6,40
"519","2020-06-06",3,6,176,13,8077,0.901819982666832,0,0,852,900,17,3270,18,2502,6,18
"520","2020-06-07",2,6,149,13,8077,0.901819982666832,0,0,852,900,19,3289,21,2523,7,21
"521","2020-03-13",4,7,16,132,5133,0.267290083771673,0,0,470,353,23,65,8,33,3,8
"522","2020-03-14",8,7,23,185,5133,0.267290083771673,0,0,470,353,25,90,4,37,15,4
"523","2020-03-15",12,7,45,245,5133,0.267290083771673,0,0,470,353,22,112,7,44,13,7
"524","2020-03-16",23,7,58,286,5133,0.267290083771673,0,0,470,353,31,143,20,64,15,20
"525","2020-03-17",31,7,74,342,5133,0.267290083771673,0,0,470,353,37,180,12,76,22,12
"526","2020-03-18",48,7,88,391,5133,0.267290083771673,0,0,470,353,35,215,8,84,22,8
"527","2020-03-19",65,7,85,433,5133,0.267290083771673,0,0,470,353,50,265,4,88,32,4
"528","2020-03-20",86,7,86,466,5133,0.267290083771673,0,0,470,353,30,295,9,97,24,9
"529","2020-03-21",101,7,70,513,5133,0.267290083771673,0,0,470,353,34,329,5,102,25,5
"530","2020-03-22",121,7,55,565,5133,0.267290083771673,0,0,470,353,39,368,5,107,31,5
"531","2020-03-23",138,7,60,599,5133,0.267290083771673,0,0,470,353,57,425,33,140,40,33
"532","2020-03-24",152,7,64,658,5133,0.267290083771673,0,0,470,353,55,480,61,201,44,61
"533","2020-03-25",162,7,77,670,5133,0.267290083771673,0,0,470,353,53,533,36,237,34,36
"534","2020-03-26",173,7,99,675,5133,0.267290083771673,0,0,470,353,41,574,46,283,28,46
"535","2020-03-27",175,7,97,691,5133,0.267290083771673,0,0,470,353,41,615,38,321,29,38
"536","2020-03-28",184,7,83,714,5133,0.267290083771673,0,0,470,353,35,650,24,345,20,24
"537","2020-03-29",189,7,65,733,5133,0.267290083771673,0,0,470,353,45,695,17,362,26,17
"538","2020-03-30",182,7,58,738,5133,0.267290083771673,0,0,470,353,31,726,15,377,22,15
"539","2020-03-31",195,7,58,745,5133,0.267290083771673,0,0,470,353,46,772,12,389,32,12
"540","2020-04-01",198,7,76,766,5133,0.267290083771673,0,0,470,353,46,818,9,398,29,9
"541","2020-04-02",199,7,75,787,5133,0.267290083771673,0,0,470,353,41,859,7,405,28,7
"542","2020-04-03",202,7,67,791,5133,0.267290083771673,0,0,470,353,60,919,64,469,40,64
"543","2020-04-04",199,7,72,797,5133,0.267290083771673,0,0,470,353,22,941,32,501,14,32
"544","2020-04-05",204,7,94,815,5133,0.267290083771673,0,0,470,353,50,991,42,543,25,42
"545","2020-04-06",217,7,109,837,5133,0.267290083771673,0,0,470,353,42,1033,26,569,33,26
"546","2020-04-07",207,7,106,855,5133,0.267290083771673,0,0,470,353,37,1070,25,594,24,25
"547","2020-04-08",210,7,102,861,5133,0.267290083771673,0,0,470,353,36,1106,16,610,24,16
"548","2020-04-09",213,7,107,881,5133,0.267290083771673,0,0,470,353,46,1152,9,619,29,9
"549","2020-04-10",212,7,125,909,5133,0.267290083771673,0,0,470,353,46,1198,27,646,31,27
"550","2020-04-11",228,7,122,887,5133,0.267290083771673,0,0,470,353,43,1241,7,653,26,7
"551","2020-04-12",216,7,117,892,5133,0.267290083771673,0,0,470,353,43,1284,39,692,27,39
"552","2020-04-13",206,7,109,880,5133,0.267290083771673,0,0,470,353,49,1333,38,730,28,38
"553","2020-04-14",216,7,116,864,5133,0.267290083771673,0,0,470,353,51,1384,52,782,33,52
"554","2020-04-15",216,7,130,868,5133,0.267290083771673,0,0,470,353,46,1430,61,843,24,61
"555","2020-04-16",220,7,138,855,5133,0.267290083771673,0,0,470,353,49,1479,29,872,34,29
"556","2020-04-17",224,7,136,841,5133,0.267290083771673,0,0,470,353,52,1531,17,889,35,17
"557","2020-04-18",218,7,131,838,5133,0.267290083771673,0,0,470,353,43,1574,28,917,28,28
"558","2020-04-19",231,7,136,839,5133,0.267290083771673,0,0,470,353,53,1627,37,954,28,37
"559","2020-04-20",236,7,129,830,5133,0.267290083771673,0,0,470,353,44,1671,21,975,27,21
"560","2020-04-21",238,7,115,821,5133,0.267290083771673,0,0,470,353,35,1706,10,985,25,10
"561","2020-04-22",246,7,137,796,5133,0.267290083771673,0,0,470,353,68,1774,4,989,45,4
"562","2020-04-23",248,7,149,789,5133,0.267290083771673,0,0,470,353,48,1822,63,1052,34,63
"563","2020-04-24",249,7,148,769,5133,0.267290083771673,0,0,470,353,41,1863,59,1111,26,59
"564","2020-04-25",248,7,153,749,5133,0.267290083771673,0,0,470,353,56,1919,37,1148,39,37
"565","2020-04-26",251,7,143,745,5133,0.267290083771673,0,0,470,353,50,1969,59,1207,37,59
"566","2020-04-27",252,7,147,736,5133,0.267290083771673,0,0,470,353,60,2029,26,1233,33,26
"567","2020-04-28",238,7,149,734,5133,0.267290083771673,0,0,470,353,50,2079,20,1253,30,20
"568","2020-04-29",224,7,179,719,5133,0.267290083771673,0,0,470,353,48,2127,13,1266,34,13
"569","2020-04-30",202,7,186,732,5133,0.267290083771673,0,0,470,353,41,2168,9,1275,25,9
"570","2020-05-01",189,7,178,729,5133,0.267290083771673,0,0,470,353,42,2210,7,1282,24,7
"571","2020-05-02",175,7,171,722,5133,0.267290083771673,0,0,470,353,46,2256,11,1293,30,11
"572","2020-05-03",167,7,177,707,5133,0.267290083771673,0,0,470,353,43,2299,21,1314,25,21
"573","2020-05-04",161,7,160,713,5133,0.267290083771673,0,0,470,353,45,2344,82,1396,30,82
"574","2020-05-05",178,7,154,713,5133,0.267290083771673,0,0,470,353,42,2386,38,1434,28,38
"575","2020-05-06",184,7,141,687,5133,0.267290083771673,0,0,470,353,28,2414,27,1461,9,27
"576","2020-05-07",193,7,157,665,5133,0.267290083771673,0,0,470,353,35,2449,25,1486,23,25
"577","2020-05-08",198,7,154,641,5133,0.267290083771673,0,0,470,353,23,2472,16,1502,15,16
"578","2020-05-09",202,7,172,629,5133,0.267290083771673,0,0,470,353,30,2502,15,1517,18,15
"579","2020-05-10",203,7,161,614,5133,0.267290083771673,0,0,470,353,37,2539,17,1534,19,17
"580","2020-05-11",203,7,171,595,5133,0.267290083771673,0,0,470,353,33,2572,11,1545,24,11
"581","2020-05-12",192,7,169,588,5133,0.267290083771673,0,0,470,353,22,2594,4,1549,10,4
"582","2020-05-13",183,7,157,554,5133,0.267290083771673,0,0,470,353,33,2627,7,1556,23,7
"583","2020-05-14",175,7,149,544,5133,0.267290083771673,0,0,470,353,44,2671,8,1564,24,8
"584","2020-05-15",167,7,169,542,5133,0.267290083771673,0,0,470,353,40,2711,56,1620,25,56
"585","2020-05-16",164,7,194,502,5133,0.267290083771673,0,0,470,353,31,2742,40,1660,20,40
"586","2020-05-17",153,7,192,467,5133,0.267290083771673,0,0,470,353,26,2768,28,1688,19,28
"587","2020-05-18",152,7,193,455,5133,0.267290083771673,0,0,470,353,29,2797,29,1717,17,29
"588","2020-05-19",138,7,193,447,5133,0.267290083771673,0,0,470,353,28,2825,37,1754,21,37
"589","2020-05-20",134,7,180,430,5133,0.267290083771673,0,0,470,353,32,2857,23,1777,26,23
"590","2020-05-21",127,7,172,421,5133,0.267290083771673,0,0,470,353,21,2878,11,1788,14,11
"591","2020-05-22",119,7,164,399,5133,0.267290083771673,0,0,470,353,17,2895,7,1795,10,7
"592","2020-05-23",107,7,159,376,5133,0.267290083771673,0,0,470,353,27,2922,22,1817,17,22
"593","2020-05-24",102,7,155,361,5133,0.267290083771673,0,0,470,353,27,2949,13,1830,20,13
"594","2020-05-25",96,7,149,362,5133,0.267290083771673,0,0,470,353,22,2971,8,1838,11,8
"595","2020-05-26",96,7,131,347,5133,0.267290083771673,0,0,470,353,28,2999,10,1848,17,10
"596","2020-05-27",94,7,122,335,5133,0.267290083771673,0,0,470,353,21,3020,25,1873,11,25
"597","2020-05-28",99,7,107,330,5133,0.267290083771673,0,0,470,353,29,3049,36,1909,17,36
"598","2020-05-29",104,7,116,330,5133,0.267290083771673,0,0,470,353,18,3067,50,1959,13,50
"599","2020-05-30",110,7,133,312,5133,0.267290083771673,0,0,470,353,17,3084,56,2015,13,56
"600","2020-05-31",107,7,141,285,5133,0.267290083771673,0,0,470,353,16,3100,48,2063,13,48
"601","2020-06-01",106,7,124,263,5133,0.267290083771673,0,0,470,353,12,3112,33,2096,7,33
"602","2020-06-02",100,7,105,265,5133,0.267290083771673,0,0,470,353,19,3131,48,2144,11,48
"603","2020-06-03",92,7,105,254,5133,0.267290083771673,0,0,470,353,15,3146,47,2191,6,47
"604","2020-06-04",87,7,107,243,5133,0.267290083771673,0,0,470,353,20,3166,36,2227,12,36
"605","2020-06-05",86,7,105,246,5133,0.267290083771673,0,0,470,353,11,3177,43,2270,7,43
"606","2020-06-06",84,7,106,233,5133,0.267290083771673,0,0,470,353,8,3185,17,2287,4,17
"607","2020-06-07",78,7,100,225,5133,0.267290083771673,0,0,470,353,13,3198,26,2313,9,26
"608","2020-03-13",3,8,115,120,4610,0.40824295010846,0,0,397,904,38,87,17,44,NA,17
"609","2020-03-14",6,8,117,168,4610,0.40824295010846,0,0,397,904,26,113,10,54,2,10
"610","2020-03-15",11,8,133,220,4610,0.40824295010846,0,0,397,904,35,148,11,65,9,11
"611","2020-03-16",21,8,149,270,4610,0.40824295010846,0,0,397,904,37,185,11,76,8,11
"612","2020-03-17",31,8,177,331,4610,0.40824295010846,0,0,397,904,26,211,8,84,6,8
"613","2020-03-18",37,8,211,376,4610,0.40824295010846,0,0,397,904,35,246,7,91,12,7
"614","2020-03-19",48,8,240,422,4610,0.40824295010846,0,0,397,904,52,298,4,95,23,4
"615","2020-03-20",65,8,232,473,4610,0.40824295010846,0,0,397,904,41,339,25,120,11,25
"616","2020-03-21",82,8,243,533,4610,0.40824295010846,0,0,397,904,42,381,24,144,16,24
"617","2020-03-22",96,8,251,567,4610,0.40824295010846,0,0,397,904,37,418,25,169,14,25
"618","2020-03-23",119,8,260,607,4610,0.40824295010846,0,0,397,904,46,464,38,207,20,38
"619","2020-03-24",140,8,266,649,4610,0.40824295010846,0,0,397,904,46,510,19,226,15,19
"620","2020-03-25",171,8,265,667,4610,0.40824295010846,0,0,397,904,50,560,28,254,22,28
"621","2020-03-26",188,8,242,669,4610,0.40824295010846,0,0,397,904,49,609,19,273,23,19
"622","2020-03-27",193,8,216,701,4610,0.40824295010846,0,0,397,904,44,653,20,293,15,20
"623","2020-03-28",199,8,203,699,4610,0.40824295010846,0,0,397,904,43,696,21,314,23,21
"624","2020-03-29",219,8,192,710,4610,0.40824295010846,0,0,397,904,42,738,20,334,10,20
"625","2020-03-30",212,8,192,702,4610,0.40824295010846,0,0,397,904,36,774,33,367,13,33
"626","2020-03-31",205,8,188,709,4610,0.40824295010846,0,0,397,904,40,814,26,393,14,26
"627","2020-04-01",198,8,176,728,4610,0.40824295010846,0,0,397,904,32,846,41,434,12,41
"628","2020-04-02",193,8,179,728,4610,0.40824295010846,0,0,397,904,43,889,17,451,13,17
"629","2020-04-03",192,8,182,730,4610,0.40824295010846,0,0,397,904,39,928,19,470,14,19
"630","2020-04-04",203,8,212,725,4610,0.40824295010846,0,0,397,904,64,992,9,479,25,9
"631","2020-04-05",196,8,231,715,4610,0.40824295010846,0,0,397,904,39,1031,10,489,13,10
"632","2020-04-06",200,8,244,733,4610,0.40824295010846,0,0,397,904,47,1078,10,499,10,10
"633","2020-04-07",204,8,274,747,4610,0.40824295010846,0,0,397,904,48,1126,10,509,16,10
"634","2020-04-08",201,8,278,759,4610,0.40824295010846,0,0,397,904,38,1164,13,522,12,13
"635","2020-04-09",197,8,295,789,4610,0.40824295010846,0,0,397,904,44,1208,11,533,14,11
"636","2020-04-10",207,8,295,803,4610,0.40824295010846,0,0,397,904,44,1252,8,541,10,8
"637","2020-04-11",200,8,290,831,4610,0.40824295010846,0,0,397,904,58,1310,27,568,18,27
"638","2020-04-12",208,8,284,831,4610,0.40824295010846,0,0,397,904,59,1369,37,605,19,37
"639","2020-04-13",204,8,282,838,4610,0.40824295010846,0,0,397,904,34,1403,18,623,9,18
"640","2020-04-14",205,8,267,852,4610,0.40824295010846,0,0,397,904,34,1437,38,661,9,38
"641","2020-04-15",213,8,256,816,4610,0.40824295010846,0,0,397,904,54,1491,23,684,16,23
"642","2020-04-16",228,8,257,824,4610,0.40824295010846,0,0,397,904,48,1539,39,723,17,39
"643","2020-04-17",237,8,238,789,4610,0.40824295010846,0,0,397,904,45,1584,44,767,13,44
"644","2020-04-18",240,8,247,774,4610,0.40824295010846,0,0,397,904,35,1619,29,796,6,29
"645","2020-04-19",234,8,252,756,4610,0.40824295010846,0,0,397,904,34,1653,16,812,6,16
"646","2020-04-20",235,8,275,750,4610,0.40824295010846,0,0,397,904,48,1701,15,827,7,15
"647","2020-04-21",238,8,273,732,4610,0.40824295010846,0,0,397,904,53,1754,11,838,14,11
"648","2020-04-22",240,8,275,724,4610,0.40824295010846,0,0,397,904,41,1795,12,850,7,12
"649","2020-04-23",236,8,273,707,4610,0.40824295010846,0,0,397,904,41,1836,29,879,14,29
"650","2020-04-24",226,8,258,690,4610,0.40824295010846,0,0,397,904,51,1887,13,892,11,13
"651","2020-04-25",224,8,246,677,4610,0.40824295010846,0,0,397,904,51,1938,30,922,12,30
"652","2020-04-26",219,8,263,661,4610,0.40824295010846,0,0,397,904,46,1984,26,948,16,26
"653","2020-04-27",210,8,277,647,4610,0.40824295010846,0,0,397,904,49,2033,35,983,19,35
"654","2020-04-28",200,8,270,612,4610,0.40824295010846,0,0,397,904,31,2064,26,1009,7,26
"655","2020-04-29",198,8,256,590,4610,0.40824295010846,0,0,397,904,44,2108,30,1039,13,30
"656","2020-04-30",192,8,250,577,4610,0.40824295010846,0,0,397,904,36,2144,22,1061,11,22
"657","2020-05-01",181,8,255,576,4610,0.40824295010846,0,0,397,904,49,2193,19,1080,13,19
"658","2020-05-02",171,8,282,560,4610,0.40824295010846,0,0,397,904,46,2239,44,1124,20,44
"659","2020-05-03",161,8,297,538,4610,0.40824295010846,0,0,397,904,38,2277,22,1146,12,22
"660","2020-05-04",157,8,293,536,4610,0.40824295010846,0,0,397,904,46,2323,21,1167,9,21
"661","2020-05-05",152,8,271,517,4610,0.40824295010846,0,0,397,904,40,2363,55,1222,8,55
"662","2020-05-06",134,8,259,520,4610,0.40824295010846,0,0,397,904,33,2396,32,1254,5,32
"663","2020-05-07",137,8,271,506,4610,0.40824295010846,0,0,397,904,51,2447,51,1305,13,51
"664","2020-05-08",132,8,280,490,4610,0.40824295010846,0,0,397,904,45,2492,40,1345,9,40
"665","2020-05-09",136,8,272,502,4610,0.40824295010846,0,0,397,904,46,2538,44,1389,10,44
"666","2020-05-10",138,8,270,511,4610,0.40824295010846,0,0,397,904,40,2578,36,1425,9,36
"667","2020-05-11",142,8,270,508,4610,0.40824295010846,0,0,397,904,28,2606,24,1449,8,24
"668","2020-05-12",151,8,272,515,4610,0.40824295010846,0,0,397,904,37,2643,41,1490,10,41
"669","2020-05-13",166,8,259,507,4610,0.40824295010846,0,0,397,904,20,2663,46,1536,8,46
"670","2020-05-14",164,8,285,503,4610,0.40824295010846,0,0,397,904,31,2694,40,1576,4,40
"671","2020-05-15",159,8,284,483,4610,0.40824295010846,0,0,397,904,24,2718,26,1602,3,26
"672","2020-05-16",154,8,301,482,4610,0.40824295010846,0,0,397,904,25,2743,28,1630,9,28
"673","2020-05-17",145,8,290,486,4610,0.40824295010846,0,0,397,904,30,2773,30,1660,9,30
"674","2020-05-18",149,8,275,461,4610,0.40824295010846,0,0,397,904,23,2796,24,1684,6,24
"675","2020-05-19",144,8,263,429,4610,0.40824295010846,0,0,397,904,25,2821,23,1707,7,23
"676","2020-05-20",126,8,264,410,4610,0.40824295010846,0,0,397,904,24,2845,17,1724,5,17
"677","2020-05-21",125,8,264,398,4610,0.40824295010846,0,0,397,904,16,2861,36,1760,2,36
"678","2020-05-22",125,8,291,380,4610,0.40824295010846,0,0,397,904,20,2881,36,1796,5,36
"679","2020-05-23",116,8,300,369,4610,0.40824295010846,0,0,397,904,20,2901,28,1824,4,28
"680","2020-05-24",120,8,287,358,4610,0.40824295010846,0,0,397,904,17,2918,39,1863,4,39
"681","2020-05-25",107,8,286,332,4610,0.40824295010846,0,0,397,904,15,2933,43,1906,2,43
"682","2020-05-26",102,8,287,313,4610,0.40824295010846,0,0,397,904,21,2954,54,1960,5,54
"683","2020-05-27",98,8,295,310,4610,0.40824295010846,0,0,397,904,21,2975,22,1982,5,22
"684","2020-05-28",91,8,299,306,4610,0.40824295010846,0,0,397,904,21,2996,23,2005,4,23
"685","2020-05-29",92,8,302,293,4610,0.40824295010846,0,0,397,904,15,3011,18,2023,3,18
"686","2020-05-30",90,8,303,284,4610,0.40824295010846,0,0,397,904,17,3028,21,2044,6,21
"687","2020-05-31",81,8,300,282,4610,0.40824295010846,0,0,397,904,17,3045,25,2069,7,25
"688","2020-06-01",84,8,303,266,4610,0.40824295010846,0,0,397,904,18,3063,18,2087,4,18
"689","2020-06-02",79,8,319,253,4610,0.40824295010846,0,0,397,904,15,3078,19,2106,4,19
"690","2020-06-03",79,8,327,237,4610,0.40824295010846,0,0,397,904,24,3102,30,2136,11,30
"691","2020-06-04",71,8,306,232,4610,0.40824295010846,0,0,397,904,13,3115,9,2145,6,9
"692","2020-06-05",67,8,291,223,4610,0.40824295010846,0,0,397,904,12,3127,18,2163,6,18
"693","2020-06-06",63,8,275,209,4610,0.40824295010846,0,0,397,904,14,3141,17,2180,2,17
"694","2020-06-07",61,8,297,201,4610,0.40824295010846,0,0,397,904,15,3156,20,2200,7,20
"695","2020-03-16",6,9,105,135,7394,0.960102786042737,0,0,662,754,24,93,22,165,18,22
"696","2020-03-17",10,9,121,175,7394,0.960102786042737,0,0,662,754,30,123,33,198,22,33
"697","2020-03-18",14,9,134,236,7394,0.960102786042737,0,0,662,754,19,142,11,209,14,11
"698","2020-03-19",17,9,141,294,7394,0.960102786042737,0,0,662,754,33,175,19,228,27,19
"699","2020-03-20",31,9,135,377,7394,0.960102786042737,0,0,662,754,32,207,51,279,28,51
"700","2020-03-21",47,9,131,464,7394,0.960102786042737,0,0,662,754,37,244,32,311,31,32
"701","2020-03-22",62,9,160,564,7394,0.960102786042737,0,0,662,754,42,286,40,351,31,40
"702","2020-03-23",73,9,169,712,7394,0.960102786042737,0,0,662,754,47,333,58,409,39,58
"703","2020-03-24",100,9,157,848,7394,0.960102786042737,0,0,662,754,49,382,49,458,45,49
"704","2020-03-25",126,9,161,1019,7394,0.960102786042737,0,0,662,754,39,421,58,516,35,58
"705","2020-03-26",169,9,159,1246,7394,0.960102786042737,0,0,662,754,62,483,63,579,59,63
"706","2020-03-27",192,9,169,1433,7394,0.960102786042737,0,0,662,754,68,551,58,637,58,58
"707","2020-03-28",211,9,158,1642,7394,0.960102786042737,0,0,662,754,68,619,48,685,62,48
"708","2020-03-29",258,9,141,1861,7394,0.960102786042737,0,0,662,754,75,694,52,737,68,52
"709","2020-03-30",316,9,141,2176,7394,0.960102786042737,0,0,662,754,54,748,36,773,52,36
"710","2020-03-31",364,9,157,2385,7394,0.960102786042737,0,0,662,754,86,834,15,788,79,15
"711","2020-04-01",435,9,168,2619,7394,0.960102786042737,0,0,662,754,63,897,15,803,59,15
"712","2020-04-02",485,9,195,2793,7394,0.960102786042737,0,0,662,754,79,976,27,830,75,27
"713","2020-04-03",549,9,212,3005,7394,0.960102786042737,0,0,662,754,99,1075,44,874,91,44
"714","2020-04-04",627,9,199,3199,7394,0.960102786042737,0,0,662,754,81,1156,62,936,80,62
"715","2020-04-05",704,9,195,3345,7394,0.960102786042737,0,0,662,754,96,1252,62,998,90,62
"716","2020-04-06",767,9,181,3451,7394,0.960102786042737,0,0,662,754,101,1353,58,1056,90,58
"717","2020-04-07",849,9,170,3498,7394,0.960102786042737,0,0,662,754,98,1451,53,1109,90,53
"718","2020-04-08",890,9,160,3481,7394,0.960102786042737,0,0,662,754,74,1525,24,1133,73,24
"719","2020-04-09",943,9,137,3472,7394,0.960102786042737,0,0,662,754,90,1615,18,1151,82,18
"720","2020-04-10",978,9,118,3370,7394,0.960102786042737,0,0,662,754,90,1705,7,1158,82,7
"721","2020-04-11",983,9,111,3238,7394,0.960102786042737,0,0,662,754,106,1811,10,1168,97,10
"722","2020-04-12",975,9,100,3023,7394,0.960102786042737,0,0,662,754,103,1914,6,1174,97,6
"723","2020-04-13",971,9,92,2839,7394,0.960102786042737,0,0,662,754,106,2020,19,1193,101,19
"724","2020-04-14",931,9,102,2613,7394,0.960102786042737,0,0,662,754,102,2122,56,1249,97,56
"725","2020-04-15",910,9,111,2384,7394,0.960102786042737,0,0,662,754,105,2227,31,1280,98,31
"726","2020-04-16",866,9,109,2146,7394,0.960102786042737,0,0,662,754,111,2338,60,1340,99,60
"727","2020-04-17",834,9,105,1904,7394,0.960102786042737,0,0,662,754,91,2429,35,1375,84,35
"728","2020-04-18",809,9,119,1694,7394,0.960102786042737,0,0,662,754,96,2525,10,1385,89,10
"729","2020-04-19",737,9,154,1484,7394,0.960102786042737,0,0,662,754,86,2611,21,1406,82,21
"730","2020-04-20",672,9,160,1280,7394,0.960102786042737,0,0,662,754,79,2690,60,1466,75,60
"731","2020-04-21",598,9,173,1087,7394,0.960102786042737,0,0,662,754,75,2765,64,1530,73,64
"732","2020-04-22",513,9,193,913,7394,0.960102786042737,0,0,662,754,80,2845,29,1559,72,29
"733","2020-04-23",444,9,186,768,7394,0.960102786042737,0,0,662,754,68,2913,62,1621,65,62
"734","2020-04-24",378,9,217,646,7394,0.960102786042737,0,0,662,754,72,2985,50,1671,69,50
"735","2020-04-25",310,9,236,560,7394,0.960102786042737,0,0,662,754,65,3050,52,1723,58,52
"736","2020-04-26",274,9,242,495,7394,0.960102786042737,0,0,662,754,56,3106,67,1790,49,67
"737","2020-04-27",228,9,248,421,7394,0.960102786042737,0,0,662,754,55,3161,44,1834,49,44
"738","2020-04-28",197,9,267,370,7394,0.960102786042737,0,0,662,754,58,3219,36,1870,50,36
"739","2020-04-29",173,9,233,320,7394,0.960102786042737,0,0,662,754,55,3274,54,1924,48,54
"740","2020-04-30",153,9,220,275,7394,0.960102786042737,0,0,662,754,59,3333,53,1977,56,53
"741","2020-05-01",121,9,202,231,7394,0.960102786042737,0,0,662,754,55,3388,38,2015,48,38
"742","2020-05-02",113,9,187,194,7394,0.960102786042737,0,0,662,754,51,3439,50,2065,47,50
"743","2020-05-03",97,9,176,177,7394,0.960102786042737,0,0,662,754,35,3474,47,2112,29,47
"744","2020-05-04",86,9,191,149,7394,0.960102786042737,0,0,662,754,55,3529,42,2154,46,42
"745","2020-05-05",73,9,189,129,7394,0.960102786042737,0,0,662,754,45,3574,33,2187,37,33
"746","2020-05-06",67,9,164,117,7394,0.960102786042737,0,0,662,754,41,3615,24,2211,28,24
"747","2020-05-07",57,9,147,107,7394,0.960102786042737,0,0,662,754,41,3656,50,2261,34,50
"748","2020-05-08",57,9,140,104,7394,0.960102786042737,0,0,662,754,45,3701,27,2288,36,27
"749","2020-05-09",43,9,147,88,7394,0.960102786042737,0,0,662,754,29,3730,38,2326,23,38
"750","2020-05-10",39,9,133,73,7394,0.960102786042737,0,0,662,754,35,3765,28,2354,30,28
"751","2020-05-11",31,9,118,63,7394,0.960102786042737,0,0,662,754,41,3806,12,2366,28,12
"752","2020-05-12",30,9,133,58,7394,0.960102786042737,0,0,662,754,26,3832,18,2384,23,18
"753","2020-05-13",27,9,127,52,7394,0.960102786042737,0,0,662,754,41,3873,45,2429,38,45
"754","2020-05-14",25,9,124,45,7394,0.960102786042737,0,0,662,754,37,3910,66,2495,32,66
"755","2020-05-15",21,9,122,42,7394,0.960102786042737,0,0,662,754,13,3923,60,2555,11,60
"756","2020-05-16",21,9,118,37,7394,0.960102786042737,0,0,662,754,27,3950,25,2580,24,25
"757","2020-05-17",20,9,115,32,7394,0.960102786042737,0,0,662,754,24,3974,44,2624,19,44
"758","2020-05-18",17,9,101,28,7394,0.960102786042737,0,0,662,754,29,4003,53,2677,25,53
"759","2020-05-19",16,9,145,23,7394,0.960102786042737,0,0,662,754,24,4027,72,2749,20,72
"760","2020-05-20",13,9,169,20,7394,0.960102786042737,0,0,662,754,26,4053,63,2812,22,63
"761","2020-05-21",9,9,183,20,7394,0.960102786042737,0,0,662,754,13,4066,57,2869,11,57
"762","2020-05-22",9,9,197,20,7394,0.960102786042737,0,0,662,754,16,4082,32,2901,15,32
"763","2020-05-23",7,9,211,20,7394,0.960102786042737,0,0,662,754,18,4100,20,2921,16,20
"764","2020-05-24",5,9,239,20,7394,0.960102786042737,0,0,662,754,21,4121,46,2967,18,46
"765","2020-05-25",5,9,231,23,7394,0.960102786042737,0,0,662,754,18,4139,27,2994,12,27
"766","2020-05-26",6,9,219,23,7394,0.960102786042737,0,0,662,754,22,4161,15,3009,19,15
"767","2020-05-27",7,9,210,21,7394,0.960102786042737,0,0,662,754,17,4178,18,3027,13,18
"768","2020-05-28",7,9,205,25,7394,0.960102786042737,0,0,662,754,14,4192,31,3058,11,31
"769","2020-05-29",5,9,170,25,7394,0.960102786042737,0,0,662,754,10,4202,27,3085,9,27
"770","2020-05-30",6,9,151,26,7394,0.960102786042737,0,0,662,754,15,4217,18,3103,13,18
"771","2020-05-31",7,9,130,26,7394,0.960102786042737,0,0,662,754,12,4229,14,3117,9,14
"772","2020-06-01",6,9,104,26,7394,0.960102786042737,0,0,662,754,17,4246,11,3128,16,11
"773","2020-06-02",4,9,106,26,7394,0.960102786042737,0,0,662,754,15,4261,11,3139,13,11
"774","2020-06-03",4,9,101,28,7394,0.960102786042737,0,0,662,754,17,4278,28,3167,11,28
"775","2020-06-04",6,9,105,24,7394,0.960102786042737,0,0,662,754,16,4294,34,3201,13,34
"776","2020-06-05",7,9,91,24,7394,0.960102786042737,0,0,662,754,11,4305,44,3245,11,44
"777","2020-06-06",6,9,84,23,7394,0.960102786042737,0,0,662,754,15,4320,40,3285,11,40
"778","2020-06-07",5,9,75,20,7394,0.960102786042737,0,0,662,754,15,4335,20,3305,14,20
"779","2020-03-14",1,10,81,38,2025,0.633086419753086,0,0,192,776,29,116,15,30,10,15
"780","2020-03-15",1,10,111,55,2025,0.633086419753086,0,0,192,776,35,151,11,41,9,11
"781","2020-03-16",2,10,126,70,2025,0.633086419753086,0,0,192,776,37,188,10,51,18,10
"782","2020-03-17",4,10,107,83,2025,0.633086419753086,0,0,192,776,54,242,5,56,31,5
"783","2020-03-18",9,10,110,96,2025,0.633086419753086,0,0,192,776,46,288,25,81,31,25
"784","2020-03-19",10,10,108,120,2025,0.633086419753086,0,0,192,776,64,352,24,105,41,24
"785","2020-03-20",18,10,107,142,2025,0.633086419753086,0,0,192,776,59,411,15,120,35,15
"786","2020-03-21",23,10,109,158,2025,0.633086419753086,0,0,192,776,75,486,24,144,60,24
"787","2020-03-22",27,10,110,169,2025,0.633086419753086,0,0,192,776,61,547,25,169,34,25
"788","2020-03-23",30,10,101,190,2025,0.633086419753086,0,0,192,776,69,616,22,191,43,22
"789","2020-03-24",39,10,84,207,2025,0.633086419753086,0,0,192,776,77,693,23,214,59,23
"790","2020-03-25",43,10,80,228,2025,0.633086419753086,0,0,192,776,59,752,26,240,48,26
"791","2020-03-26",56,10,114,244,2025,0.633086419753086,0,0,192,776,73,825,24,264,56,24
"792","2020-03-27",57,10,155,264,2025,0.633086419753086,0,0,192,776,94,919,17,281,70,17
"793","2020-03-28",64,10,157,268,2025,0.633086419753086,0,0,192,776,90,1009,21,302,67,21
"794","2020-03-29",68,10,154,261,2025,0.633086419753086,0,0,192,776,75,1084,10,312,55,10
"795","2020-03-30",75,10,153,268,2025,0.633086419753086,0,0,192,776,76,1160,18,330,58,18
"796","2020-03-31",73,10,147,267,2025,0.633086419753086,0,0,192,776,79,1239,8,338,60,8
"797","2020-04-01",79,10,141,269,2025,0.633086419753086,0,0,192,776,103,1342,12,350,80,12
"798","2020-04-02",74,10,144,276,2025,0.633086419753086,0,0,192,776,91,1433,15,365,67,15
"799","2020-04-03",72,10,148,290,2025,0.633086419753086,0,0,192,776,83,1516,21,386,67,21
"800","2020-04-04",69,10,140,287,2025,0.633086419753086,0,0,192,776,93,1609,9,395,67,9
"801","2020-04-05",78,10,127,289,2025,0.633086419753086,0,0,192,776,86,1695,4,399,66,4
"802","2020-04-06",81,10,119,294,2025,0.633086419753086,0,0,192,776,89,1784,12,411,68,12
"803","2020-04-07",84,10,134,301,2025,0.633086419753086,0,0,192,776,110,1894,10,421,71,10
"804","2020-04-08",78,10,176,320,2025,0.633086419753086,0,0,192,776,76,1970,18,439,58,18
"805","2020-04-09",81,10,162,337,2025,0.633086419753086,0,0,192,776,97,2067,12,451,71,12
"806","2020-04-10",87,10,197,331,2025,0.633086419753086,0,0,192,776,73,2140,11,462,48,11
"807","2020-04-11",92,10,218,347,2025,0.633086419753086,0,0,192,776,86,2226,31,493,72,31
"808","2020-04-12",89,10,246,360,2025,0.633086419753086,0,0,192,776,88,2314,22,515,67,22
"809","2020-04-13",93,10,247,358,2025,0.633086419753086,0,0,192,776,98,2412,24,539,71,24
"810","2020-04-14",99,10,216,361,2025,0.633086419753086,0,0,192,776,95,2507,44,583,69,44
"811","2020-04-15",111,10,190,359,2025,0.633086419753086,0,0,192,776,104,2611,35,618,81,35
"812","2020-04-16",110,10,161,360,2025,0.633086419753086,0,0,192,776,81,2692,43,661,63,43
"813","2020-04-17",114,10,157,347,2025,0.633086419753086,0,0,192,776,81,2773,44,705,64,44
"814","2020-04-18",117,10,157,329,2025,0.633086419753086,0,0,192,776,65,2838,27,732,41,27
"815","2020-04-19",118,10,176,329,2025,0.633086419753086,0,0,192,776,80,2918,32,764,60,32
"816","2020-04-20",114,10,159,324,2025,0.633086419753086,0,0,192,776,54,2972,27,791,37,27
"817","2020-04-21",103,10,153,303,2025,0.633086419753086,0,0,192,776,58,3030,55,846,37,55
"818","2020-04-22",91,10,154,279,2025,0.633086419753086,0,0,192,776,81,3111,40,886,56,40
"819","2020-04-23",85,10,177,279,2025,0.633086419753086,0,0,192,776,80,3191,41,927,53,41
"820","2020-04-24",82,10,207,268,2025,0.633086419753086,0,0,192,776,36,3227,25,952,21,25
"821","2020-04-25",75,10,213,269,2025,0.633086419753086,0,0,192,776,54,3281,11,963,33,11
"822","2020-04-26",72,10,192,256,2025,0.633086419753086,0,0,192,776,43,3324,10,973,25,10
"823","2020-04-27",66,10,179,261,2025,0.633086419753086,0,0,192,776,67,3391,33,1006,36,33
"824","2020-04-28",75,10,198,257,2025,0.633086419753086,0,0,192,776,72,3463,40,1046,47,40
"825","2020-04-29",79,10,182,260,2025,0.633086419753086,0,0,192,776,47,3510,47,1093,25,47
"826","2020-04-30",82,10,178,258,2025,0.633086419753086,0,0,192,776,52,3562,33,1126,34,33
"827","2020-05-01",85,10,166,253,2025,0.633086419753086,0,0,192,776,49,3611,26,1152,36,26
"828","2020-05-02",85,10,155,257,2025,0.633086419753086,0,0,192,776,44,3655,46,1198,27,46
"829","2020-05-03",88,10,182,273,2025,0.633086419753086,0,0,192,776,53,3708,53,1251,29,53
"830","2020-05-04",90,10,186,268,2025,0.633086419753086,0,0,192,776,49,3757,31,1282,27,31
"831","2020-05-05",82,10,201,270,2025,0.633086419753086,0,0,192,776,44,3801,44,1326,28,44
"832","2020-05-06",85,10,212,269,2025,0.633086419753086,0,0,192,776,46,3847,19,1345,30,19
"833","2020-05-07",87,10,185,258,2025,0.633086419753086,0,0,192,776,43,3890,38,1383,18,38
"834","2020-05-08",78,10,172,262,2025,0.633086419753086,0,0,192,776,41,3931,25,1408,17,25
"835","2020-05-09",73,10,162,265,2025,0.633086419753086,0,0,192,776,49,3980,25,1433,30,25
"836","2020-05-10",66,10,189,269,2025,0.633086419753086,0,0,192,776,41,4021,11,1444,31,11
"837","2020-05-11",64,10,182,267,2025,0.633086419753086,0,0,192,776,36,4057,7,1451,17,7
"838","2020-05-12",69,10,176,250,2025,0.633086419753086,0,0,192,776,37,4094,14,1465,18,14
"839","2020-05-13",63,10,185,246,2025,0.633086419753086,0,0,192,776,44,4138,8,1473,28,8
"840","2020-05-14",62,10,169,251,2025,0.633086419753086,0,0,192,776,26,4164,30,1503,17,30
"841","2020-05-15",68,10,160,251,2025,0.633086419753086,0,0,192,776,33,4197,38,1541,20,38
"842","2020-05-16",70,10,178,254,2025,0.633086419753086,0,0,192,776,32,4229,32,1573,16,32
"843","2020-05-17",76,10,165,235,2025,0.633086419753086,0,0,192,776,31,4260,32,1605,17,32
"844","2020-05-18",81,10,166,225,2025,0.633086419753086,0,0,192,776,38,4298,12,1617,24,12
"845","2020-05-19",80,10,155,222,2025,0.633086419753086,0,0,192,776,35,4333,18,1635,19,18
"846","2020-05-20",83,10,145,218,2025,0.633086419753086,0,0,192,776,22,4355,18,1653,14,18
"847","2020-05-21",79,10,139,216,2025,0.633086419753086,0,0,192,776,22,4377,22,1675,13,22
"848","2020-05-22",70,10,130,214,2025,0.633086419753086,0,0,192,776,19,4396,19,1694,10,19
"849","2020-05-23",70,10,142,214,2025,0.633086419753086,0,0,192,776,24,4420,30,1724,11,30
"850","2020-05-24",62,10,174,203,2025,0.633086419753086,0,0,192,776,27,4447,24,1748,13,24
"851","2020-05-25",57,10,173,201,2025,0.633086419753086,0,0,192,776,24,4471,17,1765,9,17
"852","2020-05-26",51,10,157,194,2025,0.633086419753086,0,0,192,776,20,4491,16,1781,9,16
"853","2020-05-27",43,10,144,186,2025,0.633086419753086,0,0,192,776,30,4521,22,1803,14,22
"854","2020-05-28",46,10,129,181,2025,0.633086419753086,0,0,192,776,15,4536,14,1817,10,14
"855","2020-05-29",48,10,130,173,2025,0.633086419753086,0,0,192,776,13,4549,7,1824,9,7
"856","2020-05-30",47,10,157,181,2025,0.633086419753086,0,0,192,776,20,4569,6,1830,13,6
"857","2020-05-31",43,10,173,174,2025,0.633086419753086,0,0,192,776,18,4587,23,1853,13,23
"858","2020-06-01",47,10,164,177,2025,0.633086419753086,0,0,192,776,21,4608,10,1863,9,10
"859","2020-06-02",51,10,174,179,2025,0.633086419753086,0,0,192,776,10,4618,10,1873,8,10
"860","2020-06-03",53,10,172,184,2025,0.633086419753086,0,0,192,776,14,4632,10,1883,9,10
"861","2020-06-04",56,10,184,180,2025,0.633086419753086,0,0,192,776,19,4651,7,1890,9,7
"862","2020-06-05",56,10,165,172,2025,0.633086419753086,0,0,192,776,16,4667,9,1899,8,9
"863","2020-06-06",52,10,184,168,2025,0.633086419753086,0,0,192,776,9,4676,9,1908,7,9
"864","2020-06-07",65,10,176,166,2025,0.633086419753086,0,0,192,776,12,4688,15,1923,5,15
"865","2020-03-13",1,11,83,68,4036,0.375123885034688,0,0,344,725,52,143,35,79,10,35
"866","2020-03-14",6,11,85,97,4036,0.375123885034688,0,0,344,725,41,184,34,113,9,34
"867","2020-03-15",11,11,76,143,4036,0.375123885034688,0,0,344,725,41,225,41,154,9,41
"868","2020-03-16",18,11,106,181,4036,0.375123885034688,0,0,344,725,48,273,53,207,17,53
"869","2020-03-17",26,11,128,220,4036,0.375123885034688,0,0,344,725,51,324,52,259,21,52
"870","2020-03-18",34,11,139,271,4036,0.375123885034688,0,0,344,725,63,387,63,322,20,63
"871","2020-03-19",42,11,163,318,4036,0.375123885034688,0,0,344,725,52,439,50,372,21,50
"872","2020-03-20",50,11,157,361,4036,0.375123885034688,0,0,344,725,62,501,55,427,27,55
"873","2020-03-21",57,11,154,407,4036,0.375123885034688,0,0,344,725,59,560,51,478,21,51
"874","2020-03-22",71,11,147,444,4036,0.375123885034688,0,0,344,725,69,629,48,526,30,48
"875","2020-03-23",80,11,170,496,4036,0.375123885034688,0,0,344,725,91,720,59,585,46,59
"876","2020-03-24",87,11,180,525,4036,0.375123885034688,0,0,344,725,80,800,64,649,41,64
"877","2020-03-25",102,11,203,537,4036,0.375123885034688,0,0,344,725,76,876,52,701,37,52
"878","2020-03-26",126,11,204,561,4036,0.375123885034688,0,0,344,725,82,958,52,753,44,52
"879","2020-03-27",139,11,189,583,4036,0.375123885034688,0,0,344,725,69,1027,27,780,32,27
"880","2020-03-28",158,11,209,580,4036,0.375123885034688,0,0,344,725,94,1121,48,828,46,48
"881","2020-03-29",158,11,206,587,4036,0.375123885034688,0,0,344,725,93,1214,39,867,45,39
"882","2020-03-30",161,11,183,574,4036,0.375123885034688,0,0,344,725,74,1288,53,920,37,53
"883","2020-03-31",172,11,163,572,4036,0.375123885034688,0,0,344,725,79,1367,62,982,49,62
"884","2020-04-01",173,11,204,554,4036,0.375123885034688,0,0,344,725,73,1440,46,1028,40,46
"885","2020-04-02",159,11,217,544,4036,0.375123885034688,0,0,344,725,65,1505,46,1074,29,46
"886","2020-04-03",154,11,213,536,4036,0.375123885034688,0,0,344,725,94,1599,40,1114,39,40
"887","2020-04-04",147,11,193,533,4036,0.375123885034688,0,0,344,725,71,1670,27,1141,34,27
"888","2020-04-05",149,11,184,528,4036,0.375123885034688,0,0,344,725,86,1756,56,1197,38,56
"889","2020-04-06",148,11,160,512,4036,0.375123885034688,0,0,344,725,87,1843,45,1242,56,45
"890","2020-04-07",143,11,146,517,4036,0.375123885034688,0,0,344,725,88,1931,41,1283,46,41
"891","2020-04-08",141,11,185,531,4036,0.375123885034688,0,0,344,725,65,1996,26,1309,29,26
"892","2020-04-09",135,11,194,533,4036,0.375123885034688,0,0,344,725,81,2077,32,1341,34,32
"893","2020-04-10",138,11,189,536,4036,0.375123885034688,0,0,344,725,76,2153,20,1361,42,20
"894","2020-04-11",133,11,181,567,4036,0.375123885034688,0,0,344,725,95,2248,37,1398,50,37
"895","2020-04-12",131,11,179,583,4036,0.375123885034688,0,0,344,725,80,2328,60,1458,44,60
"896","2020-04-13",139,11,192,590,4036,0.375123885034688,0,0,344,725,69,2397,72,1530,32,72
"897","2020-04-14",147,11,191,608,4036,0.375123885034688,0,0,344,725,63,2460,42,1572,33,42
"898","2020-04-15",143,11,187,606,4036,0.375123885034688,0,0,344,725,80,2540,37,1609,40,37
"899","2020-04-16",150,11,169,618,4036,0.375123885034688,0,0,344,725,74,2614,34,1643,27,34
"900","2020-04-17",161,11,160,642,4036,0.375123885034688,0,0,344,725,82,2696,46,1689,41,46
"901","2020-04-18",171,11,154,645,4036,0.375123885034688,0,0,344,725,72,2768,37,1726,38,37
"902","2020-04-19",170,11,148,658,4036,0.375123885034688,0,0,344,725,95,2863,36,1762,40,36
"903","2020-04-20",161,11,166,663,4036,0.375123885034688,0,0,344,725,79,2942,31,1793,37,31
"904","2020-04-21",158,11,188,660,4036,0.375123885034688,0,0,344,725,73,3015,62,1855,29,62
"905","2020-04-22",168,11,230,660,4036,0.375123885034688,0,0,344,725,69,3084,65,1920,27,65
"906","2020-04-23",178,11,251,646,4036,0.375123885034688,0,0,344,725,57,3141,47,1967,26,47
"907","2020-04-24",174,11,231,637,4036,0.375123885034688,0,0,344,725,54,3195,40,2007,24,40
"908","2020-04-25",165,11,266,622,4036,0.375123885034688,0,0,344,725,57,3252,40,2047,26,40
"909","2020-04-26",165,11,249,607,4036,0.375123885034688,0,0,344,725,66,3318,49,2096,25,49
"910","2020-04-27",173,11,233,602,4036,0.375123885034688,0,0,344,725,75,3393,57,2153,29,57
"911","2020-04-28",167,11,243,607,4036,0.375123885034688,0,0,344,725,44,3437,43,2196,22,43
"912","2020-04-29",164,11,233,589,4036,0.375123885034688,0,0,344,725,54,3491,53,2249,25,53
"913","2020-04-30",156,11,264,571,4036,0.375123885034688,0,0,344,725,49,3540,57,2306,21,57
"914","2020-05-01",149,11,238,550,4036,0.375123885034688,0,0,344,725,46,3586,57,2363,20,57
"915","2020-05-02",157,11,205,539,4036,0.375123885034688,0,0,344,725,63,3649,33,2396,33,33
"916","2020-05-03",159,11,193,522,4036,0.375123885034688,0,0,344,725,43,3692,34,2430,19,34
"917","2020-05-04",149,11,173,500,4036,0.375123885034688,0,0,344,725,44,3736,29,2459,14,29
"918","2020-05-05",153,11,207,493,4036,0.375123885034688,0,0,344,725,57,3793,46,2505,21,46
"919","2020-05-06",146,11,190,484,4036,0.375123885034688,0,0,344,725,57,3850,47,2552,18,48
"920","2020-05-07",148,11,178,497,4036,0.375123885034688,0,0,344,725,47,3897,46,2598,18,46
"921","2020-05-08",146,11,181,506,4036,0.375123885034688,0,0,344,725,38,3935,43,2641,13,43
"922","2020-05-09",137,11,169,499,4036,0.375123885034688,0,0,344,725,43,3978,31,2672,10,31
"923","2020-05-10",141,11,175,494,4036,0.375123885034688,0,0,344,725,50,4028,32,2704,22,32
"924","2020-05-11",149,11,179,490,4036,0.375123885034688,0,0,344,725,47,4075,32,2736,19,32
"925","2020-05-12",142,11,160,484,4036,0.375123885034688,0,0,344,725,36,4111,35,2771,12,35
"926","2020-05-13",145,11,163,460,4036,0.375123885034688,0,0,344,725,42,4153,33,2804,18,33
"927","2020-05-14",145,11,181,452,4036,0.375123885034688,0,0,344,725,36,4189,36,2840,11,36
"928","2020-05-15",140,11,188,454,4036,0.375123885034688,0,0,344,725,45,4234,33,2873,16,33
"929","2020-05-16",143,11,179,446,4036,0.375123885034688,0,0,344,725,37,4271,42,2915,10,42
"930","2020-05-17",137,11,154,450,4036,0.375123885034688,0,0,344,725,33,4304,37,2952,15,37
"931","2020-05-18",133,11,136,434,4036,0.375123885034688,0,0,344,725,44,4348,28,2980,18,28
"932","2020-05-19",139,11,158,429,4036,0.375123885034688,0,0,344,725,33,4381,36,3016,12,36
"933","2020-05-20",134,11,161,415,4036,0.375123885034688,0,0,344,725,45,4426,44,3060,12,44
"934","2020-05-21",125,11,185,399,4036,0.375123885034688,0,0,344,725,30,4456,51,3111,12,51
"935","2020-05-22",118,11,190,389,4036,0.375123885034688,0,0,344,725,41,4497,40,3151,21,40
"936","2020-05-23",108,11,170,375,4036,0.375123885034688,0,0,344,725,32,4529,54,3205,10,54
"937","2020-05-24",110,11,146,363,4036,0.375123885034688,0,0,344,725,35,4564,39,3244,6,39
"938","2020-05-25",107,11,139,361,4036,0.375123885034688,0,0,344,725,15,4579,33,3277,5,33
"939","2020-05-26",101,11,127,358,4036,0.375123885034688,0,0,344,725,20,4599,31,3308,7,31
"940","2020-05-27",106,11,115,347,4036,0.375123885034688,0,0,344,725,18,4617,33,3341,8,33
"941","2020-05-28",106,11,117,337,4036,0.375123885034688,0,0,344,725,21,4638,29,3370,10,29
"942","2020-05-29",108,11,101,327,4036,0.375123885034688,0,0,344,725,24,4662,40,3410,11,40
"943","2020-05-30",106,11,81,312,4036,0.375123885034688,0,0,344,725,31,4693,28,3438,9,28
"944","2020-05-31",100,11,85,302,4036,0.375123885034688,0,0,344,725,22,4715,56,3494,8,56
"945","2020-06-01",98,11,114,283,4036,0.375123885034688,0,0,344,725,22,4737,37,3531,3,37
"946","2020-06-02",93,11,114,272,4036,0.375123885034688,0,0,344,725,23,4760,45,3576,9,45
"947","2020-06-03",80,11,103,264,4036,0.375123885034688,0,0,344,725,21,4781,52,3628,5,52
"948","2020-06-04",80,11,99,258,4036,0.375123885034688,0,0,344,725,21,4802,47,3675,5,47
"949","2020-06-05",82,11,100,260,4036,0.375123885034688,0,0,344,725,14,4816,42,3717,6,42
"950","2020-06-06",82,11,123,252,4036,0.375123885034688,0,0,344,725,17,4833,44,3761,7,44
"951","2020-06-07",75,11,124,243,4036,0.375123885034688,0,0,344,725,15,4848,42,3803,5,42
"952","2020-03-13",2,12,53,106,4472,0.28108228980322,0,0,393,510,22,61,28,76,4,28
"953","2020-03-14",7,12,75,150,4472,0.28108228980322,0,0,393,510,25,86,14,90,11,14
"954","2020-03-15",13,12,79,198,4472,0.28108228980322,0,0,393,510,22,108,8,98,5,8
"955","2020-03-16",16,12,93,236,4472,0.28108228980322,0,0,393,510,25,133,3,101,9,3
"956","2020-03-17",27,12,98,292,4472,0.28108228980322,0,0,393,510,33,166,27,128,15,27
"957","2020-03-18",39,12,104,330,4472,0.28108228980322,0,0,393,510,30,196,22,150,20,22
"958","2020-03-19",53,12,121,354,4472,0.28108228980322,0,0,393,510,40,236,18,168,21,18
"959","2020-03-20",67,12,132,381,4472,0.28108228980322,0,0,393,510,43,279,16,184,27,16
"960","2020-03-21",78,12,134,416,4472,0.28108228980322,0,0,393,510,35,314,10,194,23,10
"961","2020-03-22",88,12,128,448,4472,0.28108228980322,0,0,393,510,65,379,11,205,46,11
"962","2020-03-23",105,12,124,459,4472,0.28108228980322,0,0,393,510,47,426,14,219,29,14
"963","2020-03-24",113,12,121,489,4472,0.28108228980322,0,0,393,510,57,483,10,229,39,10
"964","2020-03-25",120,12,122,500,4472,0.28108228980322,0,0,393,510,59,542,12,241,41,12
"965","2020-03-26",134,12,123,512,4472,0.28108228980322,0,0,393,510,39,581,3,244,25,3
"966","2020-03-27",133,12,127,528,4472,0.28108228980322,0,0,393,510,62,643,3,247,43,3
"967","2020-03-28",139,12,145,530,4472,0.28108228980322,0,0,393,510,60,703,23,270,39,23
"968","2020-03-29",146,12,144,551,4472,0.28108228980322,0,0,393,510,77,780,39,309,54,39
"969","2020-03-30",145,12,147,572,4472,0.28108228980322,0,0,393,510,64,844,11,320,45,11
"970","2020-03-31",144,12,148,581,4472,0.28108228980322,0,0,393,510,69,913,8,328,52,8
"971","2020-04-01",145,12,166,589,4472,0.28108228980322,0,0,393,510,74,987,33,361,58,33
"972","2020-04-02",135,12,198,608,4472,0.28108228980322,0,0,393,510,72,1059,44,405,53,44
"973","2020-04-03",150,12,196,621,4472,0.28108228980322,0,0,393,510,74,1133,21,426,55,21
"974","2020-04-04",154,12,184,626,4472,0.28108228980322,0,0,393,510,99,1232,32,458,81,32
"975","2020-04-05",153,12,178,630,4472,0.28108228980322,0,0,393,510,89,1321,12,470,70,12
"976","2020-04-06",154,12,163,647,4472,0.28108228980322,0,0,393,510,96,1417,17,487,79,17
"977","2020-04-07",158,12,159,656,4472,0.28108228980322,0,0,393,510,89,1506,8,495,75,8
"978","2020-04-08",156,12,151,665,4472,0.28108228980322,0,0,393,510,75,1581,2,497,60,2
"979","2020-04-09",172,12,161,649,4472,0.28108228980322,0,0,393,510,98,1679,14,511,78,14
"980","2020-04-10",173,12,175,662,4472,0.28108228980322,0,0,393,510,115,1794,17,528,88,17
"981","2020-04-11",169,12,170,658,4472,0.28108228980322,0,0,393,510,96,1890,6,534,71,6
"982","2020-04-12",172,12,174,674,4472,0.28108228980322,0,0,393,510,94,1984,17,551,73,17
"983","2020-04-13",179,12,190,687,4472,0.28108228980322,0,0,393,510,77,2061,37,588,64,37
"984","2020-04-14",190,12,198,695,4472,0.28108228980322,0,0,393,510,90,2151,25,613,69,25
"985","2020-04-15",199,12,190,700,4472,0.28108228980322,0,0,393,510,67,2218,23,636,51,23
"986","2020-04-16",189,12,187,697,4472,0.28108228980322,0,0,393,510,85,2303,41,677,63,41
"987","2020-04-17",180,12,181,706,4472,0.28108228980322,0,0,393,510,93,2396,25,702,76,25
"988","2020-04-18",192,12,204,701,4472,0.28108228980322,0,0,393,510,72,2468,15,717,56,15
"989","2020-04-19",194,12,190,711,4472,0.28108228980322,0,0,393,510,68,2536,18,735,47,18
"990","2020-04-20",198,12,195,707,4472,0.28108228980322,0,0,393,510,83,2619,41,776,60,41
"991","2020-04-21",190,12,223,701,4472,0.28108228980322,0,0,393,510,88,2707,32,808,64,32
"992","2020-04-22",187,12,229,687,4472,0.28108228980322,0,0,393,510,60,2767,35,843,50,35
"993","2020-04-23",192,12,223,697,4472,0.28108228980322,0,0,393,510,75,2842,34,877,54,34
"994","2020-04-24",205,12,230,694,4472,0.28108228980322,0,0,393,510,80,2922,45,922,56,45
"995","2020-04-25",201,12,244,703,4472,0.28108228980322,0,0,393,510,53,2975,26,948,39,26
"996","2020-04-26",198,12,266,686,4472,0.28108228980322,0,0,393,510,66,3041,18,966,53,18
"997","2020-04-27",199,12,259,676,4472,0.28108228980322,0,0,393,510,75,3116,22,988,57,22
"998","2020-04-28",200,12,256,651,4472,0.28108228980322,0,0,393,510,52,3168,52,1040,32,52
"999","2020-04-29",194,12,234,638,4472,0.28108228980322,0,0,393,510,58,3226,28,1068,41,28
"1000","2020-04-30",190,12,223,622,4472,0.28108228980322,0,0,393,510,62,3288,23,1091,42,23
"1001","2020-05-01",177,12,221,619,4472,0.28108228980322,0,0,393,510,49,3337,26,1117,36,26
"1002","2020-05-02",174,12,244,605,4472,0.28108228980322,0,0,393,510,59,3396,15,1132,38,15
"1003","2020-05-03",175,12,250,588,4472,0.28108228980322,0,0,393,510,58,3454,10,1142,39,10
"1004","2020-05-04",160,12,251,591,4472,0.28108228980322,0,0,393,510,50,3504,62,1204,38,62
"1005","2020-05-05",154,12,251,596,4472,0.28108228980322,0,0,393,510,63,3567,21,1225,50,21
"1006","2020-05-06",161,12,254,591,4472,0.28108228980322,0,0,393,510,36,3603,19,1244,24,19
"1007","2020-05-07",166,12,236,590,4472,0.28108228980322,0,0,393,510,55,3658,51,1295,48,51
"1008","2020-05-08",170,12,224,571,4472,0.28108228980322,0,0,393,510,53,3711,38,1333,38,38
"1009","2020-05-09",167,12,215,578,4472,0.28108228980322,0,0,393,510,37,3748,22,1355,26,22
"1010","2020-05-10",165,12,198,574,4472,0.28108228980322,0,0,393,510,50,3798,46,1401,27,46
"1011","2020-05-11",177,12,187,571,4472,0.28108228980322,0,0,393,510,45,3843,28,1429,29,28
"1012","2020-05-12",183,12,201,564,4472,0.28108228980322,0,0,393,510,42,3885,48,1477,27,48
"1013","2020-05-13",180,12,202,532,4472,0.28108228980322,0,0,393,510,41,3926,43,1520,26,43
"1014","2020-05-14",166,12,189,532,4472,0.28108228980322,0,0,393,510,47,3973,12,1532,30,12
"1015","2020-05-15",160,12,180,510,4472,0.28108228980322,0,0,393,510,34,4007,23,1555,27,23
"1016","2020-05-16",149,12,169,498,4472,0.28108228980322,0,0,393,510,37,4044,26,1581,20,26
"1017","2020-05-17",148,12,175,480,4472,0.28108228980322,0,0,393,510,32,4076,36,1617,23,36
"1018","2020-05-18",141,12,170,483,4472,0.28108228980322,0,0,393,510,35,4111,28,1645,28,28
"1019","2020-05-19",134,12,157,476,4472,0.28108228980322,0,0,393,510,27,4138,17,1662,17,17
"1020","2020-05-20",132,12,149,475,4472,0.28108228980322,0,0,393,510,37,4175,7,1669,22,7
"1021","2020-05-21",140,12,142,448,4472,0.28108228980322,0,0,393,510,22,4197,52,1721,11,52
"1022","2020-05-22",134,12,149,433,4472,0.28108228980322,0,0,393,510,34,4231,44,1765,25,44
"1023","2020-05-23",141,12,151,425,4472,0.28108228980322,0,0,393,510,33,4264,35,1800,28,35
"1024","2020-05-24",136,12,145,412,4472,0.28108228980322,0,0,393,510,21,4285,38,1838,11,38
"1025","2020-05-25",126,12,167,409,4472,0.28108228980322,0,0,393,510,18,4303,44,1882,12,44
"1026","2020-05-26",124,12,159,399,4472,0.28108228980322,0,0,393,510,20,4323,46,1928,14,46
"1027","2020-05-27",117,12,168,376,4472,0.28108228980322,0,0,393,510,20,4343,26,1954,13,26
"1028","2020-05-28",111,12,175,363,4472,0.28108228980322,0,0,393,510,33,4376,24,1978,20,24
"1029","2020-05-29",109,12,168,345,4472,0.28108228980322,0,0,393,510,15,4391,40,2018,7,40
"1030","2020-05-30",101,12,167,340,4472,0.28108228980322,0,0,393,510,19,4410,24,2042,18,24
"1031","2020-05-31",98,12,171,336,4472,0.28108228980322,0,0,393,510,20,4430,16,2058,15,16
"1032","2020-06-01",96,12,190,333,4472,0.28108228980322,0,0,393,510,15,4445,30,2088,9,30
"1033","2020-06-02",96,12,178,329,4472,0.28108228980322,0,0,393,510,18,4463,26,2114,13,26
"1034","2020-06-03",92,12,157,305,4472,0.28108228980322,0,0,393,510,14,4477,32,2146,11,32
"1035","2020-06-04",84,12,149,299,4472,0.28108228980322,0,0,393,510,14,4491,14,2160,6,14
"1036","2020-06-05",79,12,152,274,4472,0.28108228980322,0,0,393,510,14,4505,11,2171,8,11
"1037","2020-06-06",81,12,150,269,4472,0.28108228980322,0,0,393,510,13,4518,26,2197,11,26
"1038","2020-06-07",77,12,130,256,4472,0.28108228980322,0,0,393,510,13,4531,19,2216,9,19
"1039","2020-03-13",2,13,41,38,2253,0.523746116289392,0,0,204,534,32,76,10,35,1,10
"1040","2020-03-14",3,13,66,54,2253,0.523746116289392,0,0,204,534,45,121,2,37,7,2
"1041","2020-03-15",4,13,76,70,2253,0.523746116289392,0,0,204,534,33,154,NA,NA,11,NA
"1042","2020-03-16",4,13,76,90,2253,0.523746116289392,0,0,204,534,40,194,3,40,18,3
"1043","2020-03-17",6,13,73,111,2253,0.523746116289392,0,0,204,534,52,246,3,43,29,3
"1044","2020-03-18",8,13,73,134,2253,0.523746116289392,0,0,204,534,47,293,2,45,21,2
"1045","2020-03-19",11,13,83,154,2253,0.523746116289392,0,0,204,534,58,351,3,48,33,3
"1046","2020-03-20",17,13,88,170,2253,0.523746116289392,0,0,204,534,60,411,2,50,36,2
"1047","2020-03-21",25,13,87,193,2253,0.523746116289392,0,0,204,534,47,458,5,55,22,5
"1048","2020-03-22",31,13,93,213,2253,0.523746116289392,0,0,204,534,48,506,11,66,28,11
"1049","2020-03-23",37,13,101,230,2253,0.523746116289392,0,0,204,534,60,566,8,74,42,8
"1050","2020-03-24",44,13,107,249,2253,0.523746116289392,0,0,204,534,59,625,9,83,36,9
"1051","2020-03-25",52,13,120,265,2253,0.523746116289392,0,0,204,534,69,694,11,94,45,11
"1052","2020-03-26",60,13,119,274,2253,0.523746116289392,0,0,204,534,75,769,15,109,44,15
"1053","2020-03-27",63,13,121,293,2253,0.523746116289392,0,0,204,534,67,836,9,118,42,9
"1054","2020-03-28",61,13,103,304,2253,0.523746116289392,0,0,204,534,58,894,17,135,34,17
"1055","2020-03-29",69,13,127,338,2253,0.523746116289392,0,0,204,534,63,957,17,152,36,17
"1056","2020-03-30",76,13,134,356,2253,0.523746116289392,0,0,204,534,91,1048,11,163,57,11
"1057","2020-03-31",78,13,140,356,2253,0.523746116289392,0,0,204,534,55,1103,10,173,27,10
"1058","2020-04-01",87,13,143,363,2253,0.523746116289392,0,0,204,534,83,1186,12,185,47,12
"1059","2020-04-02",92,13,125,385,2253,0.523746116289392,0,0,204,534,75,1261,9,194,43,9
"1060","2020-04-03",97,13,131,403,2253,0.523746116289392,0,0,204,534,66,1327,27,221,42,27
"1061","2020-04-04",107,13,134,410,2253,0.523746116289392,0,0,204,534,60,1387,16,237,31,16
"1062","2020-04-05",105,13,150,411,2253,0.523746116289392,0,0,204,534,62,1449,12,249,31,12
"1063","2020-04-06",107,13,173,431,2253,0.523746116289392,0,0,204,534,61,1510,12,261,30,12
"1064","2020-04-07",109,13,183,432,2253,0.523746116289392,0,0,204,534,68,1578,16,277,41,16
"1065","2020-04-08",107,13,195,435,2253,0.523746116289392,0,0,204,534,55,1633,25,302,24,25
"1066","2020-04-09",110,13,204,436,2253,0.523746116289392,0,0,204,534,60,1693,9,311,21,9
"1067","2020-04-10",102,13,220,420,2253,0.523746116289392,0,0,204,534,61,1754,17,328,31,17
"1068","2020-04-11",103,13,207,418,2253,0.523746116289392,0,0,204,534,65,1819,20,348,38,20
"1069","2020-04-12",109,13,202,417,2253,0.523746116289392,0,0,204,534,61,1880,25,373,33,25
"1070","2020-04-13",111,13,189,398,2253,0.523746116289392,0,0,204,534,67,1947,19,392,34,19
"1071","2020-04-14",115,13,191,398,2253,0.523746116289392,0,0,204,534,68,2015,21,413,37,21
"1072","2020-04-15",110,13,209,389,2253,0.523746116289392,0,0,204,534,81,2096,31,444,52,31
"1073","2020-04-16",108,13,221,390,2253,0.523746116289392,0,0,204,534,46,2142,21,465,18,21
"1074","2020-04-17",119,13,223,363,2253,0.523746116289392,0,0,204,534,66,2208,14,479,29,14
"1075","2020-04-18",108,13,232,367,2253,0.523746116289392,0,0,204,534,64,2272,24,503,33,24
"1076","2020-04-19",109,13,214,356,2253,0.523746116289392,0,0,204,534,58,2330,34,537,33,34
"1077","2020-04-20",111,13,211,346,2253,0.523746116289392,0,0,204,534,60,2390,25,562,28,25
"1078","2020-04-21",113,13,199,334,2253,0.523746116289392,0,0,204,534,46,2436,18,580,23,18
"1079","2020-04-22",108,13,199,331,2253,0.523746116289392,0,0,204,534,60,2496,14,594,25,14
"1080","2020-04-23",103,13,216,313,2253,0.523746116289392,0,0,204,534,45,2541,17,611,16,17
"1081","2020-04-24",96,13,223,311,2253,0.523746116289392,0,0,204,534,62,2603,18,629,34,18
"1082","2020-04-25",103,13,241,289,2253,0.523746116289392,0,0,204,534,49,2652,25,654,23,25
"1083","2020-04-26",94,13,245,286,2253,0.523746116289392,0,0,204,534,71,2723,13,667,31,13
"1084","2020-04-27",88,13,244,289,2253,0.523746116289392,0,0,204,534,48,2771,17,684,18,17
"1085","2020-04-28",82,13,243,284,2253,0.523746116289392,0,0,204,534,52,2823,16,700,22,16
"1086","2020-04-29",83,13,246,280,2253,0.523746116289392,0,0,204,534,66,2889,18,718,36,18
"1087","2020-04-30",85,13,263,275,2253,0.523746116289392,0,0,204,534,47,2936,23,741,24,23
"1088","2020-05-01",88,13,264,282,2253,0.523746116289392,0,0,204,534,53,2989,22,763,22,22
"1089","2020-05-02",86,13,261,294,2253,0.523746116289392,0,0,204,534,31,3020,29,792,10,29
"1090","2020-05-03",90,13,245,299,2253,0.523746116289392,0,0,204,534,37,3057,18,810,21,18
"1091","2020-05-04",82,13,276,306,2253,0.523746116289392,0,0,204,534,44,3101,24,834,16,24
"1092","2020-05-05",77,13,265,288,2253,0.523746116289392,0,0,204,534,42,3143,12,846,21,12
"1093","2020-05-06",80,13,269,282,2253,0.523746116289392,0,0,204,534,46,3189,13,859,21,13
"1094","2020-05-07",73,13,278,276,2253,0.523746116289392,0,0,204,534,38,3227,25,884,22,25
"1095","2020-05-08",72,13,301,269,2253,0.523746116289392,0,0,204,534,36,3263,15,899,18,15
"1096","2020-05-09",76,13,285,259,2253,0.523746116289392,0,0,204,534,45,3308,9,908,21,9
"1097","2020-05-10",78,13,263,265,2253,0.523746116289392,0,0,204,534,38,3346,20,928,21,20
"1098","2020-05-11",81,13,250,258,2253,0.523746116289392,0,0,204,534,50,3396,19,947,26,19
"1099","2020-05-12",80,13,236,257,2253,0.523746116289392,0,0,204,534,40,3436,16,963,19,16
"1100","2020-05-13",78,13,219,249,2253,0.523746116289392,0,0,204,534,36,3472,17,980,10,17
"1101","2020-05-14",79,13,209,233,2253,0.523746116289392,0,0,204,534,35,3507,13,993,12,13
"1102","2020-05-15",72,13,212,222,2253,0.523746116289392,0,0,204,534,26,3533,23,1016,13,23
"1103","2020-05-16",63,13,220,220,2253,0.523746116289392,0,0,204,534,24,3557,15,1031,7,15
"1104","2020-05-17",59,13,221,210,2253,0.523746116289392,0,0,204,534,32,3589,18,1049,12,18
"1105","2020-05-18",58,13,238,192,2253,0.523746116289392,0,0,204,534,18,3607,21,1070,8,21
"1106","2020-05-19",57,13,251,186,2253,0.523746116289392,0,0,204,534,24,3631,17,1087,9,17
"1107","2020-05-20",55,13,249,190,2253,0.523746116289392,0,0,204,534,26,3657,25,1112,9,25
"1108","2020-05-21",55,13,251,174,2253,0.523746116289392,0,0,204,534,25,3682,21,1133,8,21
"1109","2020-05-22",57,13,232,171,2253,0.523746116289392,0,0,204,534,22,3704,4,1137,3,4
"1110","2020-05-23",55,13,216,167,2253,0.523746116289392,0,0,204,534,22,3726,12,1149,7,12
"1111","2020-05-24",46,13,217,168,2253,0.523746116289392,0,0,204,534,22,3748,22,1171,10,22
"1112","2020-05-25",47,13,221,174,2253,0.523746116289392,0,0,204,534,20,3768,21,1192,5,21
"1113","2020-05-26",47,13,241,182,2253,0.523746116289392,0,0,204,534,18,3786,23,1215,3,23
"1114","2020-05-27",50,13,228,192,2253,0.523746116289392,0,0,204,534,18,3804,28,1243,7,28
"1115","2020-05-28",52,13,216,194,2253,0.523746116289392,0,0,204,534,21,3825,21,1264,6,21
"1116","2020-05-29",47,13,198,199,2253,0.523746116289392,0,0,204,534,22,3847,14,1278,7,14
"1117","2020-05-30",52,13,195,199,2253,0.523746116289392,0,0,204,534,19,3866,22,1300,10,22
"1118","2020-05-31",58,13,195,204,2253,0.523746116289392,0,0,204,534,20,3886,13,1313,6,13
"1119","2020-06-01",52,13,198,203,2253,0.523746116289392,0,0,204,534,14,3900,19,1332,7,19
"1120","2020-06-02",53,13,208,198,2253,0.523746116289392,0,0,204,534,15,3915,17,1349,6,17
"1121","2020-06-03",52,13,208,185,2253,0.523746116289392,0,0,204,534,11,3926,16,1365,5,16
"1122","2020-06-04",51,13,203,187,2253,0.523746116289392,0,0,204,534,13,3939,17,1382,7,17
"1123","2020-06-05",55,13,214,179,2253,0.523746116289392,0,0,204,534,18,3957,10,1392,10,10
"1124","2020-06-06",52,13,210,164,2253,0.523746116289392,0,0,204,534,9,3966,16,1408,4,16
"1125","2020-06-07",51,13,235,162,2253,0.523746116289392,0,0,204,534,9,3975,13,1421,4,13
"1126","2020-03-13",1,14,50,50,6222,0.868048858887817,0,0,600,983,37,82,5,33,17,5
"1127","2020-03-14",1,14,71,82,6222,0.868048858887817,0,0,600,983,39,121,5,38,23,5
"1128","2020-03-15",2,14,80,116,6222,0.868048858887817,0,0,600,983,61,182,22,60,38,22
"1129","2020-03-16",5,14,83,151,6222,0.868048858887817,0,0,600,983,69,251,37,97,55,37
"1130","2020-03-17",11,14,73,207,6222,0.868048858887817,0,0,600,983,93,344,45,142,86,45
"1131","2020-03-18",15,14,73,251,6222,0.868048858887817,0,0,600,983,143,487,27,169,121,27
"1132","2020-03-19",22,14,95,317,6222,0.868048858887817,0,0,600,983,162,649,15,184,140,15
"1133","2020-03-20",34,14,129,395,6222,0.868048858887817,0,0,600,983,152,801,11,195,125,11
"1134","2020-03-21",49,14,120,462,6222,0.868048858887817,0,0,600,983,180,981,8,203,162,8
"1135","2020-03-22",66,14,119,522,6222,0.868048858887817,0,0,600,983,209,1190,31,234,192,31
"1136","2020-03-23",82,14,115,597,6222,0.868048858887817,0,0,600,983,197,1387,46,280,181,46
"1137","2020-03-24",97,14,127,678,6222,0.868048858887817,0,0,600,983,312,1699,42,322,294,42
"1138","2020-03-25",111,14,150,767,6222,0.868048858887817,0,0,600,983,369,2068,46,368,345,46
"1139","2020-03-26",141,14,174,874,6222,0.868048858887817,0,0,600,983,361,2429,41,409,348,41
"1140","2020-03-27",169,14,182,983,6222,0.868048858887817,0,0,600,983,445,2874,54,463,426,54
"1141","2020-03-28",192,14,162,1054,6222,0.868048858887817,0,0,600,983,463,3337,42,505,441,42
"1142","2020-03-29",219,14,158,1149,6222,0.868048858887817,0,0,600,983,493,3830,23,528,483,23
"1143","2020-03-30",239,14,186,1249,6222,0.868048858887817,0,0,600,983,582,4412,13,541,571,13
"1144","2020-03-31",264,14,181,1321,6222,0.868048858887817,0,0,600,983,380,4792,46,587,369,46
"1145","2020-04-01",302,14,171,1411,6222,0.868048858887817,0,0,600,983,558,5350,48,635,551,48
"1146","2020-04-02",315,14,172,1464,6222,0.868048858887817,0,0,600,983,310,5660,42,677,303,42
"1147","2020-04-03",328,14,168,1552,6222,0.868048858887817,0,0,600,983,343,6003,33,710,335,33
"1148","2020-04-04",350,14,158,1584,6222,0.868048858887817,0,0,600,983,282,6285,13,723,279,13
"1149","2020-04-05",364,14,158,1616,6222,0.868048858887817,0,0,600,983,284,6569,19,742,278,19
"1150","2020-04-06",383,14,175,1644,6222,0.868048858887817,0,0,600,983,177,6746,16,758,173,16
"1151","2020-04-07",410,14,169,1654,6222,0.868048858887817,0,0,600,983,133,6879,28,786,127,28
"1152","2020-04-08",420,14,148,1687,6222,0.868048858887817,0,0,600,983,132,7011,19,805,124,19
"1153","2020-04-09",438,14,144,1699,6222,0.868048858887817,0,0,600,983,113,7124,46,851,108,46
"1154","2020-04-10",448,14,147,1676,6222,0.868048858887817,0,0,600,983,89,7213,28,879,87,28
"1155","2020-04-11",472,14,140,1643,6222,0.868048858887817,0,0,600,983,58,7271,17,896,58,17
"1156","2020-04-12",480,14,135,1631,6222,0.868048858887817,0,0,600,983,46,7317,29,925,45,29
"1157","2020-04-13",490,14,142,1668,6222,0.868048858887817,0,0,600,983,37,7354,59,984,34,59
"1158","2020-04-14",504,14,144,1629,6222,0.868048858887817,0,0,600,983,38,7392,47,1031,37,47
"1159","2020-04-15",511,14,146,1607,6222,0.868048858887817,0,0,600,983,25,7417,47,1078,24,47
"1160","2020-04-16",509,14,180,1583,6222,0.868048858887817,0,0,600,983,27,7444,56,1134,25,56
"1161","2020-04-17",507,14,189,1541,6222,0.868048858887817,0,0,600,983,16,7460,29,1163,16,29
"1162","2020-04-18",477,14,180,1531,6222,0.868048858887817,0,0,600,983,14,7474,13,1176,14,13
"1163","2020-04-19",488,14,163,1511,6222,0.868048858887817,0,0,600,983,12,7486,13,1189,10,13
"1164","2020-04-20",478,14,161,1437,6222,0.868048858887817,0,0,600,983,5,7491,18,1207,5,18
"1165","2020-04-21",439,14,178,1362,6222,0.868048858887817,0,0,600,983,9,7500,10,1217,6,10
"1166","2020-04-22",419,14,201,1295,6222,0.868048858887817,0,0,600,983,9,7509,9,1226,6,9
"1167","2020-04-23",402,14,238,1222,6222,0.868048858887817,0,0,600,983,9,7518,7,1233,4,7
"1168","2020-04-24",393,14,227,1138,6222,0.868048858887817,0,0,600,983,4,7522,7,1240,4,7
"1169","2020-04-25",383,14,216,1086,6222,0.868048858887817,0,0,600,983,4,7526,58,1298,1,58
"1170","2020-04-26",354,14,212,1038,6222,0.868048858887817,0,0,600,983,4,7530,22,1320,4,22
"1171","2020-04-27",337,14,218,958,6222,0.868048858887817,0,0,600,983,4,7534,27,1347,3,27
"1172","2020-04-28",338,14,229,905,6222,0.868048858887817,0,0,600,983,5,7539,19,1366,3,19
"1173","2020-04-29",329,14,234,872,6222,0.868048858887817,0,0,600,983,4,7543,50,1416,2,50
"1174","2020-04-30",319,14,208,802,6222,0.868048858887817,0,0,600,983,3,7546,32,1448,1,32
"1175","2020-05-01",296,14,197,728,6222,0.868048858887817,0,0,600,983,4,7550,21,1469,2,21
"1176","2020-05-02",285,14,215,693,6222,0.868048858887817,0,0,600,983,4,7554,18,1487,3,18
"1177","2020-05-03",260,14,216,643,6222,0.868048858887817,0,0,600,983,2,7556,10,1497,NA,10
"1178","2020-05-04",239,14,191,599,6222,0.868048858887817,0,0,600,983,3,7559,12,1509,1,12
"1179","2020-05-05",217,14,182,574,6222,0.868048858887817,0,0,600,983,2,7561,5,1514,NA,5
"1180","2020-05-06",194,14,195,527,6222,0.868048858887817,0,0,600,983,1,7562,10,1524,1,10
"1181","2020-05-07",171,14,211,489,6222,0.868048858887817,0,0,600,983,1,7563,13,1537,1,13
"1182","2020-05-08",165,14,218,440,6222,0.868048858887817,0,0,600,983,2,7565,9,1546,NA,9
"1183","2020-05-09",145,14,204,413,6222,0.868048858887817,0,0,600,983,3,7568,14,1560,1,14
"1184","2020-05-10",135,14,226,390,6222,0.868048858887817,0,0,600,983,2,7570,34,1594,NA,34
"1185","2020-05-11",133,14,242,358,6222,0.868048858887817,0,0,600,983,1,7571,24,1618,NA,24
"1186","2020-05-12",117,14,263,338,6222,0.868048858887817,0,0,600,983,1,7572,57,1675,NA,57
"1187","2020-05-13",110,14,258,317,6222,0.868048858887817,0,0,600,983,5,7577,52,1727,2,52
"1188","2020-05-14",105,14,255,299,6222,0.868048858887817,0,0,600,983,4,7581,54,1781,2,54
"1189","2020-05-15",95,14,274,300,6222,0.868048858887817,0,0,600,983,3,7584,24,1805,3,24
"1190","2020-05-16",93,14,275,289,6222,0.868048858887817,0,0,600,983,1,7585,19,1824,1,19
"1191","2020-05-17",93,14,249,267,6222,0.868048858887817,0,0,600,983,2,7587,51,1875,2,51
"1192","2020-05-18",89,14,228,271,6222,0.868048858887817,0,0,600,983,NA,NA,34,1909,NA,34
"1193","2020-05-19",94,14,216,259,6222,0.868048858887817,0,0,600,983,4,7591,19,1928,3,19
"1194","2020-05-20",97,14,210,253,6222,0.868048858887817,0,0,600,983,5,7596,4,1932,2,4
"1195","2020-05-21",98,14,231,244,6222,0.868048858887817,0,0,600,983,1,7597,28,1960,1,28
"1196","2020-05-22",93,14,228,240,6222,0.868048858887817,0,0,600,983,2,7599,17,1977,2,17
"1197","2020-05-23",95,14,225,230,6222,0.868048858887817,0,0,600,983,3,7602,21,1998,3,21
"1198","2020-05-24",90,14,226,218,6222,0.868048858887817,0,0,600,983,3,7605,10,2008,1,10
"1199","2020-05-25",86,14,247,216,6222,0.868048858887817,0,0,600,983,NA,NA,2,2010,NA,2
"1200","2020-05-26",77,14,259,217,6222,0.868048858887817,0,0,600,983,2,7607,3,2013,2,3
"1201","2020-05-27",64,14,242,208,6222,0.868048858887817,0,0,600,983,2,7609,7,2020,NA,7
"1202","2020-05-28",64,14,242,195,6222,0.868048858887817,0,0,600,983,1,7610,26,2046,1,26
"1203","2020-05-29",65,14,244,184,6222,0.868048858887817,0,0,600,983,NA,NA,50,2096,NA,50
"1204","2020-05-30",58,14,247,174,6222,0.868048858887817,0,0,600,983,3,7613,36,2132,1,36
"1205","2020-05-31",56,14,234,166,6222,0.868048858887817,0,0,600,983,NA,NA,53,2185,NA,53
"1206","2020-06-01",51,14,221,157,6222,0.868048858887817,0,0,600,983,NA,NA,20,2205,NA,20
"1207","2020-06-02",55,14,208,158,6222,0.868048858887817,0,0,600,983,3,7616,18,2223,2,18
"1208","2020-06-03",64,14,210,147,6222,0.868048858887817,0,0,600,983,1,7617,30,2253,1,30
"1209","2020-06-04",55,14,232,149,6222,0.868048858887817,0,0,600,983,2,7619,55,2308,NA,55
"1210","2020-06-05",53,14,216,129,6222,0.868048858887817,0,0,600,983,1,7620,30,2338,1,30
"1211","2020-06-06",52,14,182,125,6222,0.868048858887817,0,0,600,983,NA,NA,17,2355,NA,17
"1212","2020-06-07",50,14,160,126,6222,0.868048858887817,0,0,600,983,2,7622,17,2372,2,17
"1213","2020-03-12",2,15,137,99,8675,0.835273775216138,0,0,667,1084,51,96,2,8,NA,2
"1214","2020-03-13",4,15,193,183,8675,0.835273775216138,0,0,667,1084,36,132,3,11,4,3
"1215","2020-03-14",9,15,192,280,8675,0.835273775216138,0,0,667,1084,53,185,7,18,10,7
"1216","2020-03-15",18,15,184,402,8675,0.835273775216138,0,0,667,1084,60,245,19,37,12,19
"1217","2020-03-16",29,15,215,589,8675,0.835273775216138,0,0,667,1084,42,287,13,50,6,13
"1218","2020-03-17",51,15,220,803,8675,0.835273775216138,0,0,667,1084,58,345,24,74,15,24
"1219","2020-03-18",73,15,215,1085,8675,0.835273775216138,0,0,667,1084,57,402,26,100,19,26
"1220","2020-03-19",95,15,207,1402,8675,0.835273775216138,0,0,667,1084,54,456,14,114,19,14
"1221","2020-03-20",144,15,206,1850,8675,0.835273775216138,0,0,667,1084,52,508,10,124,21,10
"1222","2020-03-21",206,15,187,2316,8675,0.835273775216138,0,0,667,1084,61,569,5,129,15,5
"1223","2020-03-22",280,15,157,2721,8675,0.835273775216138,0,0,667,1084,74,643,6,135,20,6
"1224","2020-03-23",364,15,164,3237,8675,0.835273775216138,0,0,667,1084,70,713,7,142,29,7
"1225","2020-03-24",473,15,168,3653,8675,0.835273775216138,0,0,667,1084,88,801,13,155,40,13
"1226","2020-03-25",593,15,211,4045,8675,0.835273775216138,0,0,667,1084,51,852,19,174,20,19
"1227","2020-03-26",728,15,197,4382,8675,0.835273775216138,0,0,667,1084,71,923,27,201,21,27
"1228","2020-03-27",848,15,184,4687,8675,0.835273775216138,0,0,667,1084,67,990,18,219,21,18
"1229","2020-03-28",964,15,170,4781,8675,0.835273775216138,0,0,667,1084,66,1056,7,226,17,7
"1230","2020-03-29",1068,15,216,4828,8675,0.835273775216138,0,0,667,1084,70,1126,5,231,24,5
"1231","2020-03-30",1176,15,229,4816,8675,0.835273775216138,0,0,667,1084,64,1190,5,236,23,5
"1232","2020-03-31",1239,15,212,4711,8675,0.835273775216138,0,0,667,1084,64,1254,8,244,24,8
"1233","2020-04-01",1280,15,212,4482,8675,0.835273775216138,0,0,667,1084,87,1341,23,267,38,23
"1234","2020-04-02",1330,15,219,4206,8675,0.835273775216138,0,0,667,1084,79,1420,10,277,23,10
"1235","2020-04-03",1339,15,218,3875,8675,0.835273775216138,0,0,667,1084,66,1486,3,280,23,3
"1236","2020-04-04",1317,15,237,3458,8675,0.835273775216138,0,0,667,1084,87,1573,10,290,24,10
"1237","2020-04-05",1267,15,286,3081,8675,0.835273775216138,0,0,667,1084,79,1652,26,316,31,26
"1238","2020-04-06",1207,15,285,2737,8675,0.835273775216138,0,0,667,1084,89,1741,35,351,31,35
"1239","2020-04-07",1115,15,263,2377,8675,0.835273775216138,0,0,667,1084,79,1820,16,367,30,16
"1240","2020-04-08",1029,15,224,2034,8675,0.835273775216138,0,0,667,1084,82,1902,19,386,30,19
"1241","2020-04-09",893,15,202,1747,8675,0.835273775216138,0,0,667,1084,101,2003,24,410,41,24
"1242","2020-04-10",763,15,190,1482,8675,0.835273775216138,0,0,667,1084,86,2089,26,436,25,26
"1243","2020-04-11",665,15,176,1240,8675,0.835273775216138,0,0,667,1084,57,2146,20,456,22,20
"1244","2020-04-12",568,15,157,1035,8675,0.835273775216138,0,0,667,1084,77,2223,18,474,28,18
"1245","2020-04-13",457,15,152,862,8675,0.835273775216138,0,0,667,1084,62,2285,17,491,17,17
"1246","2020-04-14",394,15,180,699,8675,0.835273775216138,0,0,667,1084,69,2354,26,517,24,26
"1247","2020-04-15",326,15,183,566,8675,0.835273775216138,0,0,667,1084,89,2443,29,546,26,29
"1248","2020-04-16",267,15,171,472,8675,0.835273775216138,0,0,667,1084,68,2511,20,566,26,20
"1249","2020-04-17",236,15,164,409,8675,0.835273775216138,0,0,667,1084,59,2570,17,583,21,17
"1250","2020-04-18",185,15,208,341,8675,0.835273775216138,0,0,667,1084,75,2645,15,598,26,15
"1251","2020-04-19",156,15,274,300,8675,0.835273775216138,0,0,667,1084,68,2713,25,623,25,25
"1252","2020-04-20",131,15,241,246,8675,0.835273775216138,0,0,667,1084,67,2780,11,634,24,11
"1253","2020-04-21",97,15,226,211,8675,0.835273775216138,0,0,667,1084,68,2848,10,644,23,10
"1254","2020-04-22",75,15,257,177,8675,0.835273775216138,0,0,667,1084,58,2906,36,680,14,36
"1255","2020-04-23",62,15,292,156,8675,0.835273775216138,0,0,667,1084,68,2974,32,712,23,32
"1256","2020-04-24",48,15,312,137,8675,0.835273775216138,0,0,667,1084,58,3032,19,731,16,19
"1257","2020-04-25",38,15,323,123,8675,0.835273775216138,0,0,667,1084,54,3086,28,759,16,28
"1258","2020-04-26",30,15,287,101,8675,0.835273775216138,0,0,667,1084,70,3156,20,779,26,20
"1259","2020-04-27",25,15,267,90,8675,0.835273775216138,0,0,667,1084,55,3211,21,800,12,21
"1260","2020-04-28",23,15,226,83,8675,0.835273775216138,0,0,667,1084,60,3271,36,836,19,36
"1261","2020-04-29",19,15,212,80,8675,0.835273775216138,0,0,667,1084,62,3333,53,889,12,53
"1262","2020-04-30",19,15,230,75,8675,0.835273775216138,0,0,667,1084,71,3404,29,918,31,29
"1263","2020-05-01",16,15,234,69,8675,0.835273775216138,0,0,667,1084,61,3465,25,943,15,25
"1264","2020-05-02",18,15,235,64,8675,0.835273775216138,0,0,667,1084,60,3525,30,973,16,30
"1265","2020-05-03",20,15,248,60,8675,0.835273775216138,0,0,667,1084,45,3570,35,1008,11,35
"1266","2020-05-04",19,15,252,51,8675,0.835273775216138,0,0,667,1084,72,3642,10,1018,23,10
"1267","2020-05-05",19,15,246,45,8675,0.835273775216138,0,0,667,1084,57,3699,20,1038,16,20
"1268","2020-05-06",20,15,230,40,8675,0.835273775216138,0,0,667,1084,46,3745,22,1060,11,22
"1269","2020-05-07",23,15,214,41,8675,0.835273775216138,0,0,667,1084,41,3786,32,1092,11,32
"1270","2020-05-08",21,15,222,41,8675,0.835273775216138,0,0,667,1084,51,3837,29,1121,14,29
"1271","2020-05-09",18,15,225,38,8675,0.835273775216138,0,0,667,1084,44,3881,34,1155,7,34
"1272","2020-05-10",13,15,290,40,8675,0.835273775216138,0,0,667,1084,39,3920,19,1174,5,19
"1273","2020-05-11",13,15,268,40,8675,0.835273775216138,0,0,667,1084,47,3967,30,1204,4,31
"1274","2020-05-12",10,15,277,38,8675,0.835273775216138,0,0,667,1084,46,4013,34,1238,7,34
"1275","2020-05-13",7,15,272,34,8675,0.835273775216138,0,0,667,1084,31,4044,25,1263,6,25
"1276","2020-05-14",4,15,277,35,8675,0.835273775216138,0,0,667,1084,41,4085,26,1289,8,26
"1277","2020-05-15",6,15,296,33,8675,0.835273775216138,0,0,667,1084,43,4128,44,1333,12,44
"1278","2020-05-16",6,15,276,30,8675,0.835273775216138,0,0,667,1084,14,4142,40,1373,4,40
"1279","2020-05-17",9,15,246,28,8675,0.835273775216138,0,0,667,1084,32,4174,42,1415,5,42
"1280","2020-05-18",8,15,229,30,8675,0.835273775216138,0,0,667,1084,36,4210,35,1450,4,35
"1281","2020-05-19",8,15,223,30,8675,0.835273775216138,0,0,667,1084,41,4251,35,1485,7,35
"1282","2020-05-20",8,15,223,29,8675,0.835273775216138,0,0,667,1084,30,4281,21,1506,6,21
"1283","2020-05-21",7,15,220,29,8675,0.835273775216138,0,0,667,1084,30,4311,29,1535,4,29
"1284","2020-05-22",5,15,233,29,8675,0.835273775216138,0,0,667,1084,25,4336,17,1552,10,17
"1285","2020-05-23",5,15,245,28,8675,0.835273775216138,0,0,667,1084,32,4368,21,1573,5,21
"1286","2020-05-24",5,15,209,25,8675,0.835273775216138,0,0,667,1084,19,4387,27,1600,4,27
"1287","2020-05-25",7,15,182,26,8675,0.835273775216138,0,0,667,1084,30,4417,16,1616,6,16
"1288","2020-05-26",7,15,176,23,8675,0.835273775216138,0,0,667,1084,26,4443,17,1633,4,17
"1289","2020-05-27",7,15,144,23,8675,0.835273775216138,0,0,667,1084,24,4467,16,1649,5,16
"1290","2020-05-28",7,15,130,20,8675,0.835273775216138,0,0,667,1084,24,4491,10,1659,7,10
"1291","2020-05-29",8,15,127,21,8675,0.835273775216138,0,0,667,1084,25,4516,21,1680,3,21
"1292","2020-05-30",8,15,126,23,8675,0.835273775216138,0,0,667,1084,22,4538,33,1713,7,33
"1293","2020-05-31",7,15,125,23,8675,0.835273775216138,0,0,667,1084,13,4551,28,1741,3,28
"1294","2020-06-01",6,15,128,18,8675,0.835273775216138,0,0,667,1084,14,4565,17,1758,3,17
"1295","2020-06-02",8,15,189,18,8675,0.835273775216138,0,0,667,1084,27,4592,13,1771,7,13
"1296","2020-06-03",7,15,185,19,8675,0.835273775216138,0,0,667,1084,22,4614,16,1787,6,16
"1297","2020-06-04",9,15,162,16,8675,0.835273775216138,0,0,667,1084,17,4631,12,1799,6,12
"1298","2020-06-05",9,15,148,17,8675,0.835273775216138,0,0,667,1084,24,4655,19,1818,4,19
"1299","2020-06-06",9,15,132,14,8675,0.835273775216138,0,0,667,1084,9,4664,22,1840,1,22
"1300","2020-06-07",7,15,127,14,8675,0.835273775216138,0,0,667,1084,15,4679,19,1859,4,19
"1301","2020-03-13",1,16,64,47,3148,0.600698856416773,0,0,274,826,43,120,36,83,9,36
"1302","2020-03-14",3,16,89,70,3148,0.600698856416773,0,0,274,826,48,168,26,109,9,26
"1303","2020-03-15",4,16,106,92,3148,0.600698856416773,0,0,274,826,53,221,28,137,18,28
"1304","2020-03-16",11,16,136,106,3148,0.600698856416773,0,0,274,826,51,272,31,168,18,31
"1305","2020-03-17",12,16,136,134,3148,0.600698856416773,0,0,274,826,63,335,47,215,31,47
"1306","2020-03-18",15,16,114,156,3148,0.600698856416773,0,0,274,826,51,386,51,266,23,51
"1307","2020-03-19",20,16,115,187,3148,0.600698856416773,0,0,274,826,53,439,65,331,27,65
"1308","2020-03-20",31,16,111,209,3148,0.600698856416773,0,0,274,826,66,505,38,369,33,38
"1309","2020-03-21",41,16,132,237,3148,0.600698856416773,0,0,274,826,77,582,60,429,41,60
"1310","2020-03-22",46,16,154,254,3148,0.600698856416773,0,0,274,826,63,645,41,470,39,41
"1311","2020-03-23",53,16,167,281,3148,0.600698856416773,0,0,274,826,70,715,55,525,35,55
"1312","2020-03-24",60,16,187,304,3148,0.600698856416773,0,0,274,826,77,792,50,575,48,50
"1313","2020-03-25",71,16,205,342,3148,0.600698856416773,0,0,274,826,55,847,50,625,24,50
"1314","2020-03-26",82,16,193,371,3148,0.600698856416773,0,0,274,826,50,897,30,655,17,30
"1315","2020-03-27",85,16,167,395,3148,0.600698856416773,0,0,274,826,76,973,23,678,38,23
"1316","2020-03-28",85,16,186,409,3148,0.600698856416773,0,0,274,826,52,1025,30,708,30,30
"1317","2020-03-29",96,16,189,434,3148,0.600698856416773,0,0,274,826,65,1090,26,734,36,26
"1318","2020-03-30",100,16,174,469,3148,0.600698856416773,0,0,274,826,58,1148,27,761,28,27
"1319","2020-03-31",111,16,179,479,3148,0.600698856416773,0,0,274,826,77,1225,26,787,45,26
"1320","2020-04-01",116,16,199,475,3148,0.600698856416773,0,0,274,826,74,1299,25,812,44,25
"1321","2020-04-02",116,16,196,484,3148,0.600698856416773,0,0,274,826,66,1365,33,845,31,33
"1322","2020-04-03",120,16,191,494,3148,0.600698856416773,0,0,274,826,66,1431,37,882,34,37
"1323","2020-04-04",122,16,197,486,3148,0.600698856416773,0,0,274,826,65,1496,35,917,42,35
"1324","2020-04-05",136,16,203,471,3148,0.600698856416773,0,0,274,826,53,1549,44,961,29,44
"1325","2020-04-06",136,16,179,485,3148,0.600698856416773,0,0,274,826,82,1631,48,1009,53,48
"1326","2020-04-07",133,16,152,501,3148,0.600698856416773,0,0,274,826,73,1704,52,1061,30,52
"1327","2020-04-08",131,16,160,498,3148,0.600698856416773,0,0,274,826,75,1779,51,1112,32,51
"1328","2020-04-09",127,16,154,509,3148,0.600698856416773,0,0,274,826,91,1870,63,1175,49,63
"1329","2020-04-10",134,16,152,491,3148,0.600698856416773,0,0,274,826,70,1940,58,1233,35,58
"1330","2020-04-11",141,16,142,500,3148,0.600698856416773,0,0,274,826,82,2022,48,1281,45,48
"1331","2020-04-12",130,16,131,522,3148,0.600698856416773,0,0,274,826,72,2094,51,1332,35,51
"1332","2020-04-13",133,16,140,533,3148,0.600698856416773,0,0,274,826,81,2175,36,1368,31,36
"1333","2020-04-14",132,16,200,544,3148,0.600698856416773,0,0,274,826,81,2256,32,1400,41,32
"1334","2020-04-15",140,16,217,545,3148,0.600698856416773,0,0,274,826,51,2307,29,1429,21,29
"1335","2020-04-16",153,16,210,554,3148,0.600698856416773,0,0,274,826,76,2383,27,1456,36,27
"1336","2020-04-17",153,16,187,546,3148,0.600698856416773,0,0,274,826,45,2428,30,1486,21,30
"1337","2020-04-18",160,16,183,541,3148,0.600698856416773,0,0,274,826,61,2489,36,1522,30,36
"1338","2020-04-19",160,16,206,544,3148,0.600698856416773,0,0,274,826,58,2547,34,1556,28,34
"1339","2020-04-20",154,16,206,533,3148,0.600698856416773,0,0,274,826,64,2611,43,1599,31,43
"1340","2020-04-21",158,16,209,548,3148,0.600698856416773,0,0,274,826,60,2671,49,1648,15,49
"1341","2020-04-22",157,16,175,525,3148,0.600698856416773,0,0,274,826,58,2729,43,1691,21,43
"1342","2020-04-23",152,16,181,523,3148,0.600698856416773,0,0,274,826,55,2784,35,1726,19,35
"1343","2020-04-24",144,16,165,526,3148,0.600698856416773,0,0,274,826,59,2843,27,1753,16,27
"1344","2020-04-25",138,16,170,516,3148,0.600698856416773,0,0,274,826,48,2891,29,1782,21,29
"1345","2020-04-26",138,16,198,492,3148,0.600698856416773,0,0,274,826,43,2934,53,1835,18,53
"1346","2020-04-27",140,16,201,480,3148,0.600698856416773,0,0,274,826,51,2985,36,1871,23,36
"1347","2020-04-28",137,16,208,462,3148,0.600698856416773,0,0,274,826,37,3022,33,1904,14,33
"1348","2020-04-29",137,16,235,464,3148,0.600698856416773,0,0,274,826,40,3062,29,1933,9,29
"1349","2020-04-30",135,16,249,465,3148,0.600698856416773,0,0,274,826,53,3115,45,1978,17,45
"1350","2020-05-01",142,16,252,457,3148,0.600698856416773,0,0,274,826,57,3172,28,2006,31,28
"1351","2020-05-02",139,16,238,450,3148,0.600698856416773,0,0,274,826,51,3223,51,2057,19,51
"1352","2020-05-03",142,16,254,435,3148,0.600698856416773,0,0,274,826,37,3260,44,2101,13,44
"1353","2020-05-04",152,16,256,432,3148,0.600698856416773,0,0,274,826,42,3302,42,2143,17,42
"1354","2020-05-05",159,16,258,432,3148,0.600698856416773,0,0,274,826,41,3343,32,2175,15,32
"1355","2020-05-06",146,16,238,414,3148,0.600698856416773,0,0,274,826,47,3390,36,2211,23,36
"1356","2020-05-07",142,16,234,404,3148,0.600698856416773,0,0,274,826,45,3435,51,2262,10,51
"1357","2020-05-08",139,16,211,391,3148,0.600698856416773,0,0,274,826,39,3474,37,2299,17,37
"1358","2020-05-09",139,16,223,390,3148,0.600698856416773,0,0,274,826,46,3520,47,2346,17,47
"1359","2020-05-10",133,16,223,381,3148,0.600698856416773,0,0,274,826,49,3569,38,2384,18,38
"1360","2020-05-11",120,16,220,380,3148,0.600698856416773,0,0,274,826,48,3617,34,2418,17,34
"1361","2020-05-12",103,16,217,387,3148,0.600698856416773,0,0,274,826,47,3664,40,2458,11,40
"1362","2020-05-13",101,16,212,377,3148,0.600698856416773,0,0,274,826,37,3701,26,2484,11,26
"1363","2020-05-14",102,16,217,364,3148,0.600698856416773,0,0,274,826,39,3740,48,2532,9,48
"1364","2020-05-15",94,16,246,369,3148,0.600698856416773,0,0,274,826,33,3773,36,2568,11,36
"1365","2020-05-16",93,16,238,368,3148,0.600698856416773,0,0,274,826,46,3819,56,2624,16,56
"1366","2020-05-17",90,16,228,349,3148,0.600698856416773,0,0,274,826,38,3857,42,2666,13,42
"1367","2020-05-18",85,16,235,327,3148,0.600698856416773,0,0,274,826,29,3886,34,2700,7,34
"1368","2020-05-19",98,16,220,308,3148,0.600698856416773,0,0,274,826,20,3906,28,2728,9,28
"1369","2020-05-20",108,16,243,300,3148,0.600698856416773,0,0,274,826,25,3931,36,2764,10,36
"1370","2020-05-21",99,16,246,287,3148,0.600698856416773,0,0,274,826,33,3964,36,2800,12,36
"1371","2020-05-22",96,16,243,286,3148,0.600698856416773,0,0,274,826,25,3989,61,2861,8,61
"1372","2020-05-23",84,16,227,285,3148,0.600698856416773,0,0,274,826,31,4020,55,2916,10,55
"1373","2020-05-24",85,16,230,277,3148,0.600698856416773,0,0,274,826,31,4051,41,2957,8,41
"1374","2020-05-25",88,16,240,277,3148,0.600698856416773,0,0,274,826,15,4066,49,3006,5,49
"1375","2020-05-26",73,16,219,257,3148,0.600698856416773,0,0,274,826,21,4087,49,3055,7,49
"1376","2020-05-27",62,16,208,246,3148,0.600698856416773,0,0,274,826,22,4109,52,3107,10,52
"1377","2020-05-28",61,16,206,241,3148,0.600698856416773,0,0,274,826,26,4135,46,3153,10,46
"1378","2020-05-29",59,16,188,238,3148,0.600698856416773,0,0,274,826,23,4158,42,3195,11,42
"1379","2020-05-30",68,16,179,226,3148,0.600698856416773,0,0,274,826,22,4180,40,3235,9,40
"1380","2020-05-31",60,16,172,221,3148,0.600698856416773,0,0,274,826,23,4203,37,3272,10,37
"1381","2020-06-01",57,16,169,220,3148,0.600698856416773,0,0,274,826,14,4217,57,3329,6,57
"1382","2020-06-02",58,16,174,209,3148,0.600698856416773,0,0,274,826,18,4235,48,3377,9,48
"1383","2020-06-03",60,16,199,209,3148,0.600698856416773,0,0,274,826,11,4246,44,3421,8,44
"1384","2020-06-04",65,16,197,206,3148,0.600698856416773,0,0,274,826,23,4269,34,3455,10,34
"1385","2020-06-05",59,16,182,198,3148,0.600698856416773,0,0,274,826,18,4287,41,3496,7,41
"1386","2020-06-06",51,16,184,197,3148,0.600698856416773,0,0,274,826,13,4300,29,3525,7,29
"1387","2020-06-07",55,16,193,183,3148,0.600698856416773,0,0,274,826,12,4312,49,3574,7,49
"1388","2020-03-14",4,17,107,102,3456,0.303819444444444,0,0,281,871,19,63,21,80,17,21
"1389","2020-03-15",9,17,117,132,3456,0.303819444444444,0,0,281,871,34,97,11,91,29,11
"1390","2020-03-16",13,17,125,170,3456,0.303819444444444,0,0,281,871,39,136,29,120,33,29
"1391","2020-03-17",21,17,133,200,3456,0.303819444444444,0,0,281,871,40,176,26,146,34,26
"1392","2020-03-18",30,17,119,239,3456,0.303819444444444,0,0,281,871,63,239,34,180,57,34
"1393","2020-03-19",37,17,115,277,3456,0.303819444444444,0,0,281,871,61,300,41,221,55,41
"1394","2020-03-20",51,17,132,295,3456,0.303819444444444,0,0,281,871,88,388,14,235,83,14
"1395","2020-03-21",58,17,130,313,3456,0.303819444444444,0,0,281,871,92,480,24,259,88,24
"1396","2020-03-22",71,17,131,348,3456,0.303819444444444,0,0,281,871,109,589,44,303,103,44
"1397","2020-03-23",82,17,112,378,3456,0.303819444444444,0,0,281,871,167,756,26,329,159,26
"1398","2020-03-24",91,17,115,405,3456,0.303819444444444,0,0,281,871,162,918,16,345,160,16
"1399","2020-03-25",92,17,136,438,3456,0.303819444444444,0,0,281,871,204,1122,35,380,200,35
"1400","2020-03-26",104,17,166,449,3456,0.303819444444444,0,0,281,871,264,1386,23,403,256,23
"1401","2020-03-27",109,17,170,475,3456,0.303819444444444,0,0,281,871,237,1623,40,443,233,40
"1402","2020-03-28",121,17,156,495,3456,0.303819444444444,0,0,281,871,260,1883,20,463,260,20
"1403","2020-03-29",122,17,148,505,3456,0.303819444444444,0,0,281,871,276,2159,22,485,266,22
"1404","2020-03-30",128,17,166,528,3456,0.303819444444444,0,0,281,871,389,2548,18,503,384,18
"1405","2020-03-31",127,17,190,546,3456,0.303819444444444,0,0,281,871,309,2857,39,542,305,39
"1406","2020-04-01",135,17,177,537,3456,0.303819444444444,0,0,281,871,374,3231,27,569,364,27
"1407","2020-04-02",140,17,160,540,3456,0.303819444444444,0,0,281,871,301,3532,41,610,297,41
"1408","2020-04-03",153,17,137,546,3456,0.303819444444444,0,0,281,871,374,3906,56,666,371,56
"1409","2020-04-04",154,17,124,530,3456,0.303819444444444,0,0,281,871,367,4273,22,688,362,22
"1410","2020-04-05",153,17,167,511,3456,0.303819444444444,0,0,281,871,322,4595,39,727,322,39
"1411","2020-04-06",151,17,192,525,3456,0.303819444444444,0,0,281,871,313,4908,22,749,308,22
"1412","2020-04-07",158,17,184,521,3456,0.303819444444444,0,0,281,871,304,5212,31,780,302,31
"1413","2020-04-08",160,17,171,517,3456,0.303819444444444,0,0,281,871,284,5496,15,795,284,15
"1414","2020-04-09",149,17,190,521,3456,0.303819444444444,0,0,281,871,267,5763,14,809,266,14
"1415","2020-04-10",139,17,174,526,3456,0.303819444444444,0,0,281,871,223,5986,8,817,220,8
"1416","2020-04-11",131,17,185,526,3456,0.303819444444444,0,0,281,871,162,6148,5,822,159,5
"1417","2020-04-12",138,17,200,531,3456,0.303819444444444,0,0,281,871,142,6290,6,828,140,6
"1418","2020-04-13",139,17,215,531,3456,0.303819444444444,0,0,281,871,138,6428,6,834,137,6
"1419","2020-04-14",137,17,222,537,3456,0.303819444444444,0,0,281,871,97,6525,12,846,97,12
"1420","2020-04-15",145,17,202,518,3456,0.303819444444444,0,0,281,871,89,6614,29,875,88,29
"1421","2020-04-16",154,17,229,515,3456,0.303819444444444,0,0,281,871,85,6699,15,890,84,15
"1422","2020-04-17",158,17,207,498,3456,0.303819444444444,0,0,281,871,68,6767,16,906,67,16
"1423","2020-04-18",168,17,190,508,3456,0.303819444444444,0,0,281,871,56,6823,18,924,56,18
"1424","2020-04-19",163,17,180,497,3456,0.303819444444444,0,0,281,871,40,6863,44,968,39,44
"1425","2020-04-20",163,17,167,493,3456,0.303819444444444,0,0,281,871,56,6919,25,993,54,25
"1426","2020-04-21",164,17,160,507,3456,0.303819444444444,0,0,281,871,25,6944,23,1016,23,23
"1427","2020-04-22",159,17,182,512,3456,0.303819444444444,0,0,281,871,22,6966,49,1065,22,49
"1428","2020-04-23",153,17,212,531,3456,0.303819444444444,0,0,281,871,27,6993,23,1088,27,23
"1429","2020-04-24",148,17,230,526,3456,0.303819444444444,0,0,281,871,18,7011,42,1130,17,42
"1430","2020-04-25",143,17,268,524,3456,0.303819444444444,0,0,281,871,17,7028,53,1183,16,53
"1431","2020-04-26",136,17,284,512,3456,0.303819444444444,0,0,281,871,15,7043,39,1222,15,39
"1432","2020-04-27",132,17,267,499,3456,0.303819444444444,0,0,281,871,15,7058,46,1268,12,46
"1433","2020-04-28",133,17,260,499,3456,0.303819444444444,0,0,281,871,16,7074,53,1321,14,53
"1434","2020-04-29",135,17,242,478,3456,0.303819444444444,0,0,281,871,7,7081,23,1344,5,23
"1435","2020-04-30",135,17,218,451,3456,0.303819444444444,0,0,281,871,15,7096,30,1374,14,30
"1436","2020-05-01",135,17,180,466,3456,0.303819444444444,0,0,281,871,8,7104,25,1399,7,25
"1437","2020-05-02",127,17,167,472,3456,0.303819444444444,0,0,281,871,5,7109,15,1414,5,15
"1438","2020-05-03",134,17,157,462,3456,0.303819444444444,0,0,281,871,7,7116,23,1437,6,23
"1439","2020-05-04",142,17,171,461,3456,0.303819444444444,0,0,281,871,12,7128,34,1471,11,34
"1440","2020-05-05",134,17,168,456,3456,0.303819444444444,0,0,281,871,5,7133,40,1511,5,40
"1441","2020-05-06",133,17,165,447,3456,0.303819444444444,0,0,281,871,4,7137,12,1523,4,12
"1442","2020-05-07",133,17,208,441,3456,0.303819444444444,0,0,281,871,3,7140,9,1532,3,9
"1443","2020-05-08",128,17,203,452,3456,0.303819444444444,0,0,281,871,6,7146,15,1547,6,15
"1444","2020-05-09",136,17,199,450,3456,0.303819444444444,0,0,281,871,3,7149,26,1573,3,26
"1445","2020-05-10",131,17,229,438,3456,0.303819444444444,0,0,281,871,4,7153,13,1586,4,13
"1446","2020-05-11",123,17,212,454,3456,0.303819444444444,0,0,281,871,3,7156,12,1598,2,12
"1447","2020-05-12",122,17,190,437,3456,0.303819444444444,0,0,281,871,1,7157,28,1626,NA,28
"1448","2020-05-13",114,17,165,414,3456,0.303819444444444,0,0,281,871,2,7159,18,1644,2,18
"1449","2020-05-14",109,17,196,411,3456,0.303819444444444,0,0,281,871,2,7161,17,1661,2,17
"1450","2020-05-15",107,17,211,397,3456,0.303819444444444,0,0,281,871,2,7163,12,1673,2,12
"1451","2020-05-16",109,17,228,387,3456,0.303819444444444,0,0,281,871,1,7164,23,1696,1,23
"1452","2020-05-17",112,17,210,366,3456,0.303819444444444,0,0,281,871,3,7167,6,1702,1,6
"1453","2020-05-18",115,17,213,359,3456,0.303819444444444,0,0,281,871,1,7168,8,1710,1,8
"1454","2020-05-19",120,17,230,344,3456,0.303819444444444,0,0,281,871,NA,NA,45,1755,NA,45
"1455","2020-05-20",115,17,233,326,3456,0.303819444444444,0,0,281,871,1,7169,36,1791,1,36
"1456","2020-05-21",115,17,198,321,3456,0.303819444444444,0,0,281,871,1,7170,50,1841,1,50
"1457","2020-05-22",105,17,214,312,3456,0.303819444444444,0,0,281,871,2,7172,35,1876,2,35
"1458","2020-05-23",102,17,209,318,3456,0.303819444444444,0,0,281,871,1,7173,46,1922,1,46
"1459","2020-05-24",96,17,202,307,3456,0.303819444444444,0,0,281,871,5,7178,58,1980,3,58
"1460","2020-05-25",93,17,166,311,3456,0.303819444444444,0,0,281,871,5,7183,30,2010,3,30
"1461","2020-05-26",92,17,152,296,3456,0.303819444444444,0,0,281,871,2,7185,29,2039,1,29
"1462","2020-05-27",85,17,128,286,3456,0.303819444444444,0,0,281,871,1,7186,38,2077,NA,38
"1463","2020-05-28",90,17,116,279,3456,0.303819444444444,0,0,281,871,4,7190,31,2108,4,31
"1464","2020-05-29",95,17,108,272,3456,0.303819444444444,0,0,281,871,2,7192,13,2121,2,13
"1465","2020-05-30",78,17,102,257,3456,0.303819444444444,0,0,281,871,3,7195,11,2132,3,11
"1466","2020-05-31",76,17,112,252,3456,0.303819444444444,0,0,281,871,1,7196,4,2136,1,4
"1467","2020-06-01",71,17,107,244,3456,0.303819444444444,0,0,281,871,1,7197,3,2139,1,3
"1468","2020-06-02",64,17,96,242,3456,0.303819444444444,0,0,281,871,3,7200,18,2157,2,18
"1469","2020-06-03",73,17,93,237,3456,0.303819444444444,0,0,281,871,2,7202,11,2168,1,11
"1470","2020-06-04",64,17,118,237,3456,0.303819444444444,0,0,281,871,1,7203,11,2179,1,11
"1471","2020-06-05",65,17,138,232,3456,0.303819444444444,0,0,281,871,2,7205,11,2190,2,11
"1472","2020-06-06",70,17,132,223,3456,0.303819444444444,0,0,281,871,3,7208,10,2200,3,10
"1473","2020-06-07",70,17,134,216,3456,0.303819444444444,0,0,281,871,2,7210,5,2205,2,5
"1474","2020-03-13",1,18,54,65,3282,0.618220597196831,0,0,249,952,9,26,12,44,3,12
"1475","2020-03-14",1,18,56,90,3282,0.618220597196831,0,0,249,952,12,38,20,64,5,20
"1476","2020-03-15",2,18,60,112,3282,0.618220597196831,0,0,249,952,17,55,30,94,6,30
"1477","2020-03-16",6,18,77,143,3282,0.618220597196831,0,0,249,952,15,70,34,128,8,34
"1478","2020-03-17",15,18,76,180,3282,0.618220597196831,0,0,249,952,15,85,14,142,5,14
"1479","2020-03-18",24,18,85,213,3282,0.618220597196831,0,0,249,952,15,100,20,162,9,20
"1480","2020-03-19",33,18,75,259,3282,0.618220597196831,0,0,249,952,24,124,11,173,17,11
"1481","2020-03-20",43,18,87,280,3282,0.618220597196831,0,0,249,952,24,148,16,189,16,16
"1482","2020-03-21",54,18,82,299,3282,0.618220597196831,0,0,249,952,20,168,16,205,10,16
"1483","2020-03-22",59,18,90,329,3282,0.618220597196831,0,0,249,952,22,190,13,218,13,13
"1484","2020-03-23",65,18,113,375,3282,0.618220597196831,0,0,249,952,25,215,11,229,17,11
"1485","2020-03-24",78,18,168,413,3282,0.618220597196831,0,0,249,952,28,243,5,234,23,5
"1486","2020-03-25",88,18,175,438,3282,0.618220597196831,0,0,249,952,28,271,9,243,23,9
"1487","2020-03-26",104,18,209,459,3282,0.618220597196831,0,0,249,952,28,299,36,279,23,36
"1488","2020-03-27",115,18,204,479,3282,0.618220597196831,0,0,249,952,34,333,45,324,29,45
"1489","2020-03-28",123,18,192,476,3282,0.618220597196831,0,0,249,952,23,356,28,352,10,28
"1490","2020-03-29",142,18,174,484,3282,0.618220597196831,0,0,249,952,16,372,38,390,14,38
"1491","2020-03-30",152,18,161,474,3282,0.618220597196831,0,0,249,952,27,399,16,406,19,16
"1492","2020-03-31",151,18,148,458,3282,0.618220597196831,0,0,249,952,23,422,19,425,14,19
"1493","2020-04-01",151,18,128,465,3282,0.618220597196831,0,0,249,952,17,439,14,439,10,14
"1494","2020-04-02",137,18,131,463,3282,0.618220597196831,0,0,249,952,30,469,17,456,16,17
"1495","2020-04-03",133,18,190,480,3282,0.618220597196831,0,0,249,952,40,509,25,481,23,25
"1496","2020-04-04",132,18,188,464,3282,0.618220597196831,0,0,249,952,27,536,16,497,22,16
"1497","2020-04-05",131,18,205,471,3282,0.618220597196831,0,0,249,952,29,565,10,507,19,10
"1498","2020-04-06",129,18,208,471,3282,0.618220597196831,0,0,249,952,39,604,11,518,29,11
"1499","2020-04-07",130,18,202,464,3282,0.618220597196831,0,0,249,952,33,637,32,550,26,32
"1500","2020-04-08",133,18,174,459,3282,0.618220597196831,0,0,249,952,45,682,48,598,32,48
"1501","2020-04-09",143,18,163,472,3282,0.618220597196831,0,0,249,952,33,715,24,622,21,24
"1502","2020-04-10",147,18,170,465,3282,0.618220597196831,0,0,249,952,27,742,43,665,19,43
"1503","2020-04-11",148,18,170,463,3282,0.618220597196831,0,0,249,952,38,780,56,721,23,56
"1504","2020-04-12",132,18,203,462,3282,0.618220597196831,0,0,249,952,33,813,56,777,23,56
"1505","2020-04-13",126,18,203,455,3282,0.618220597196831,0,0,249,952,24,837,29,806,15,29
"1506","2020-04-14",128,18,226,466,3282,0.618220597196831,0,0,249,952,25,862,27,833,13,27
"1507","2020-04-15",126,18,272,467,3282,0.618220597196831,0,0,249,952,37,899,16,849,25,16
"1508","2020-04-16",126,18,256,488,3282,0.618220597196831,0,0,249,952,32,931,18,867,19,18
"1509","2020-04-17",130,18,224,494,3282,0.618220597196831,0,0,249,952,25,956,17,884,17,17
"1510","2020-04-18",133,18,213,506,3282,0.618220597196831,0,0,249,952,19,975,15,899,9,15
"1511","2020-04-19",150,18,240,511,3282,0.618220597196831,0,0,249,952,28,1003,30,929,19,30
"1512","2020-04-20",156,18,218,511,3282,0.618220597196831,0,0,249,952,25,1028,23,952,9,23
"1513","2020-04-21",151,18,194,510,3282,0.618220597196831,0,0,249,952,27,1055,15,967,12,15
"1514","2020-04-22",159,18,182,530,3282,0.618220597196831,0,0,249,952,20,1075,17,984,16,17
"1515","2020-04-23",157,18,215,524,3282,0.618220597196831,0,0,249,952,31,1106,38,1022,20,38
"1516","2020-04-24",148,18,256,524,3282,0.618220597196831,0,0,249,952,11,1117,46,1068,4,46
"1517","2020-04-25",145,18,248,540,3282,0.618220597196831,0,0,249,952,24,1141,33,1101,15,33
"1518","2020-04-26",147,18,268,543,3282,0.618220597196831,0,0,249,952,19,1160,26,1127,11,26
"1519","2020-04-27",147,18,249,558,3282,0.618220597196831,0,0,249,952,24,1184,14,1141,16,14
"1520","2020-04-28",145,18,230,557,3282,0.618220597196831,0,0,249,952,32,1216,46,1187,22,46
"1521","2020-04-29",132,18,196,564,3282,0.618220597196831,0,0,249,952,23,1239,23,1210,14,23
"1522","2020-04-30",144,18,176,551,3282,0.618220597196831,0,0,249,952,23,1262,17,1227,16,17
"1523","2020-05-01",152,18,163,533,3282,0.618220597196831,0,0,249,952,22,1284,15,1242,13,15
"1524","2020-05-02",151,18,158,526,3282,0.618220597196831,0,0,249,952,21,1305,16,1258,15,16
"1525","2020-05-03",142,18,155,515,3282,0.618220597196831,0,0,249,952,33,1338,48,1306,18,48
"1526","2020-05-04",145,18,220,514,3282,0.618220597196831,0,0,249,952,23,1361,24,1330,16,24
"1527","2020-05-05",154,18,229,505,3282,0.618220597196831,0,0,249,952,29,1390,49,1379,18,49
"1528","2020-05-06",161,18,216,482,3282,0.618220597196831,0,0,249,952,25,1415,37,1416,12,37
"1529","2020-05-07",150,18,209,473,3282,0.618220597196831,0,0,249,952,19,1434,15,1431,11,15
"1530","2020-05-08",137,18,183,429,3282,0.618220597196831,0,0,249,952,29,1463,10,1441,23,10
"1531","2020-05-09",136,18,179,410,3282,0.618220597196831,0,0,249,952,21,1484,15,1456,10,15
"1532","2020-05-10",138,18,166,397,3282,0.618220597196831,0,0,249,952,26,1510,36,1492,17,36
"1533","2020-05-11",137,18,141,390,3282,0.618220597196831,0,0,249,952,22,1532,24,1516,13,24
"1534","2020-05-12",132,18,123,370,3282,0.618220597196831,0,0,249,952,13,1545,25,1541,9,25
"1535","2020-05-13",128,18,116,371,3282,0.618220597196831,0,0,249,952,22,1567,32,1573,10,32
"1536","2020-05-14",127,18,106,381,3282,0.618220597196831,0,0,249,952,27,1594,23,1596,18,23
"1537","2020-05-15",129,18,163,383,3282,0.618220597196831,0,0,249,952,21,1615,13,1609,12,13
"1538","2020-05-16",120,18,192,375,3282,0.618220597196831,0,0,249,952,29,1644,35,1644,16,35
"1539","2020-05-17",114,18,189,354,3282,0.618220597196831,0,0,249,952,9,1653,19,1663,5,19
"1540","2020-05-18",113,18,194,342,3282,0.618220597196831,0,0,249,952,16,1669,18,1681,10,18
"1541","2020-05-19",106,18,196,333,3282,0.618220597196831,0,0,249,952,27,1696,16,1697,19,16
"1542","2020-05-20",104,18,199,335,3282,0.618220597196831,0,0,249,952,12,1708,12,1709,10,12
"1543","2020-05-21",93,18,172,327,3282,0.618220597196831,0,0,249,952,16,1724,15,1724,13,15
"1544","2020-05-22",92,18,148,315,3282,0.618220597196831,0,0,249,952,17,1741,11,1735,10,11
"1545","2020-05-23",99,18,149,310,3282,0.618220597196831,0,0,249,952,21,1762,28,1763,14,28
"1546","2020-05-24",98,18,133,307,3282,0.618220597196831,0,0,249,952,20,1782,49,1812,10,49
"1547","2020-05-25",93,18,120,298,3282,0.618220597196831,0,0,249,952,14,1796,30,1842,12,30
"1548","2020-05-26",90,18,117,299,3282,0.618220597196831,0,0,249,952,12,1808,13,1855,8,13
"1549","2020-05-27",85,18,130,293,3282,0.618220597196831,0,0,249,952,20,1828,15,1870,9,15
"1550","2020-05-28",91,18,140,286,3282,0.618220597196831,0,0,249,952,14,1842,8,1878,8,8
"1551","2020-05-29",83,18,180,265,3282,0.618220597196831,0,0,249,952,17,1859,24,1902,13,24
"1552","2020-05-30",78,18,219,264,3282,0.618220597196831,0,0,249,952,18,1877,36,1938,11,36
"1553","2020-05-31",78,18,218,252,3282,0.618220597196831,0,0,249,952,20,1897,35,1973,16,35
"1554","2020-06-01",72,18,214,233,3282,0.618220597196831,0,0,249,952,24,1921,28,2001,21,28
"1555","2020-06-02",69,18,229,228,3282,0.618220597196831,0,0,249,952,13,1934,38,2039,11,38
"1556","2020-06-03",66,18,235,219,3282,0.618220597196831,0,0,249,952,18,1952,26,2065,15,26
"1557","2020-06-04",60,18,245,209,3282,0.618220597196831,0,0,249,952,11,1963,26,2091,11,26
"1558","2020-06-05",60,18,237,189,3282,0.618220597196831,0,0,249,952,12,1975,18,2109,6,18
"1559","2020-06-06",62,18,213,181,3282,0.618220597196831,0,0,249,952,13,1988,37,2146,6,37
"1560","2020-06-07",53,18,193,179,3282,0.618220597196831,0,0,249,952,8,1996,26,2172,7,26
"1561","2020-03-13",2,19,57,87,3306,0.273442226255293,0,0,282,560,26,68,26,55,5,26
"1562","2020-03-14",5,19,62,113,3306,0.273442226255293,0,0,282,560,29,97,10,65,8,10
"1563","2020-03-15",7,19,71,148,3306,0.273442226255293,0,0,282,560,46,143,8,73,12,8
"1564","2020-03-16",13,19,65,185,3306,0.273442226255293,0,0,282,560,38,181,36,109,17,36
"1565","2020-03-17",17,19,69,207,3306,0.273442226255293,0,0,282,560,40,221,36,145,19,36
"1566","2020-03-18",24,19,66,239,3306,0.273442226255293,0,0,282,560,53,274,32,177,23,32
"1567","2020-03-19",36,19,57,284,3306,0.273442226255293,0,0,282,560,51,325,39,216,24,39
"1568","2020-03-20",48,19,79,310,3306,0.273442226255293,0,0,282,560,57,382,27,243,23,27
"1569","2020-03-21",57,19,93,334,3306,0.273442226255293,0,0,282,560,60,442,33,276,28,33
"1570","2020-03-22",70,19,103,356,3306,0.273442226255293,0,0,282,560,48,490,20,296,27,20
"1571","2020-03-23",77,19,126,388,3306,0.273442226255293,0,0,282,560,71,561,44,340,33,44
"1572","2020-03-24",86,19,118,414,3306,0.273442226255293,0,0,282,560,52,613,38,378,21,38
"1573","2020-03-25",95,19,138,439,3306,0.273442226255293,0,0,282,560,48,661,46,424,23,46
"1574","2020-03-26",101,19,130,451,3306,0.273442226255293,0,0,282,560,56,717,46,470,29,46
"1575","2020-03-27",104,19,141,455,3306,0.273442226255293,0,0,282,560,67,784,27,497,31,27
"1576","2020-03-28",103,19,132,455,3306,0.273442226255293,0,0,282,560,45,829,54,551,20,54
"1577","2020-03-29",116,19,135,459,3306,0.273442226255293,0,0,282,560,50,879,35,586,17,35
"1578","2020-03-30",119,19,147,460,3306,0.273442226255293,0,0,282,560,38,917,20,606,11,20
"1579","2020-03-31",126,19,159,468,3306,0.273442226255293,0,0,282,560,49,966,26,632,14,26
"1580","2020-04-01",127,19,173,460,3306,0.273442226255293,0,0,282,560,41,1007,59,691,17,59
"1581","2020-04-02",126,19,155,465,3306,0.273442226255293,0,0,282,560,46,1053,45,736,13,45
"1582","2020-04-03",128,19,131,464,3306,0.273442226255293,0,0,282,560,42,1095,24,760,15,24
"1583","2020-04-04",133,19,119,477,3306,0.273442226255293,0,0,282,560,55,1150,41,801,20,41
"1584","2020-04-05",119,19,107,476,3306,0.273442226255293,0,0,282,560,41,1191,25,826,8,25
"1585","2020-04-06",124,19,103,468,3306,0.273442226255293,0,0,282,560,36,1227,7,833,12,7
"1586","2020-04-07",118,19,103,474,3306,0.273442226255293,0,0,282,560,56,1283,17,850,18,17
"1587","2020-04-08",117,19,100,476,3306,0.273442226255293,0,0,282,560,73,1356,50,900,46,50
"1588","2020-04-09",119,19,96,472,3306,0.273442226255293,0,0,282,560,47,1403,41,941,27,41
"1589","2020-04-10",113,19,90,475,3306,0.273442226255293,0,0,282,560,53,1456,25,966,28,25
"1590","2020-04-11",119,19,117,497,3306,0.273442226255293,0,0,282,560,72,1528,28,994,37,28
"1591","2020-04-12",117,19,140,514,3306,0.273442226255293,0,0,282,560,68,1596,30,1024,30,30
"1592","2020-04-13",115,19,130,500,3306,0.273442226255293,0,0,282,560,54,1650,38,1062,26,38
"1593","2020-04-14",121,19,157,492,3306,0.273442226255293,0,0,282,560,62,1712,37,1099,26,37
"1594","2020-04-15",121,19,157,510,3306,0.273442226255293,0,0,282,560,56,1768,27,1126,21,27
"1595","2020-04-16",130,19,174,511,3306,0.273442226255293,0,0,282,560,66,1834,21,1147,27,21
"1596","2020-04-17",134,19,179,510,3306,0.273442226255293,0,0,282,560,72,1906,17,1164,36,17
"1597","2020-04-18",135,19,176,488,3306,0.273442226255293,0,0,282,560,55,1961,12,1176,26,12
"1598","2020-04-19",141,19,165,482,3306,0.273442226255293,0,0,282,560,65,2026,17,1193,29,17
"1599","2020-04-20",145,19,148,475,3306,0.273442226255293,0,0,282,560,56,2082,38,1231,22,38
"1600","2020-04-21",155,19,135,489,3306,0.273442226255293,0,0,282,560,58,2140,30,1261,24,30
"1601","2020-04-22",155,19,130,494,3306,0.273442226255293,0,0,282,560,51,2191,65,1326,26,65
"1602","2020-04-23",145,19,135,490,3306,0.273442226255293,0,0,282,560,41,2232,51,1377,9,51
"1603","2020-04-24",144,19,135,486,3306,0.273442226255293,0,0,282,560,51,2283,34,1411,15,34
"1604","2020-04-25",144,19,148,494,3306,0.273442226255293,0,0,282,560,54,2337,59,1470,14,59
"1605","2020-04-26",144,19,166,493,3306,0.273442226255293,0,0,282,560,48,2385,35,1505,20,35
"1606","2020-04-27",134,19,165,495,3306,0.273442226255293,0,0,282,560,53,2438,17,1522,17,17
"1607","2020-04-28",124,19,160,489,3306,0.273442226255293,0,0,282,560,45,2483,51,1573,20,51
"1608","2020-04-29",121,19,159,495,3306,0.273442226255293,0,0,282,560,47,2530,33,1606,19,33
"1609","2020-04-30",117,19,165,485,3306,0.273442226255293,0,0,282,560,40,2570,58,1664,11,58
"1610","2020-05-01",121,19,163,498,3306,0.273442226255293,0,0,282,560,45,2615,27,1691,12,27
"1611","2020-05-02",126,19,178,501,3306,0.273442226255293,0,0,282,560,40,2655,23,1714,8,23
"1612","2020-05-03",132,19,169,506,3306,0.273442226255293,0,0,282,560,34,2689,32,1746,14,32
"1613","2020-05-04",140,19,167,501,3306,0.273442226255293,0,0,282,560,39,2728,20,1766,12,20
"1614","2020-05-05",145,19,197,497,3306,0.273442226255293,0,0,282,560,53,2781,56,1822,15,56
"1615","2020-05-06",154,19,199,479,3306,0.273442226255293,0,0,282,560,44,2825,18,1840,15,18
"1616","2020-05-07",155,19,223,475,3306,0.273442226255293,0,0,282,560,54,2879,19,1859,16,19
"1617","2020-05-08",148,19,232,472,3306,0.273442226255293,0,0,282,560,58,2937,50,1909,25,50
"1618","2020-05-09",133,19,232,469,3306,0.273442226255293,0,0,282,560,45,2982,26,1935,16,26
"1619","2020-05-10",130,19,226,463,3306,0.273442226255293,0,0,282,560,35,3017,15,1950,16,15
"1620","2020-05-11",128,19,201,449,3306,0.273442226255293,0,0,282,560,36,3053,34,1984,17,34
"1621","2020-05-12",122,19,219,448,3306,0.273442226255293,0,0,282,560,33,3086,18,2002,14,18
"1622","2020-05-13",118,19,231,420,3306,0.273442226255293,0,0,282,560,31,3117,23,2025,10,23
"1623","2020-05-14",118,19,241,415,3306,0.273442226255293,0,0,282,560,37,3154,48,2073,14,48
"1624","2020-05-15",123,19,217,387,3306,0.273442226255293,0,0,282,560,42,3196,33,2106,18,33
"1625","2020-05-16",123,19,197,378,3306,0.273442226255293,0,0,282,560,35,3231,26,2132,11,26
"1626","2020-05-17",114,19,199,359,3306,0.273442226255293,0,0,282,560,39,3270,14,2146,12,14
"1627","2020-05-18",111,19,191,347,3306,0.273442226255293,0,0,282,560,32,3302,7,2153,12,7
"1628","2020-05-19",105,19,184,329,3306,0.273442226255293,0,0,282,560,43,3345,47,2200,18,47
"1629","2020-05-20",105,19,173,314,3306,0.273442226255293,0,0,282,560,28,3373,25,2225,10,25
"1630","2020-05-21",103,19,184,283,3306,0.273442226255293,0,0,282,560,28,3401,41,2266,9,41
"1631","2020-05-22",95,19,187,273,3306,0.273442226255293,0,0,282,560,31,3432,38,2304,8,38
"1632","2020-05-23",94,19,180,258,3306,0.273442226255293,0,0,282,560,31,3463,15,2319,14,15
"1633","2020-05-24",91,19,199,247,3306,0.273442226255293,0,0,282,560,32,3495,15,2334,14,15
"1634","2020-05-25",84,19,216,236,3306,0.273442226255293,0,0,282,560,29,3524,14,2348,10,14
"1635","2020-05-26",80,19,253,230,3306,0.273442226255293,0,0,282,560,27,3551,17,2365,10,17
"1636","2020-05-27",68,19,215,225,3306,0.273442226255293,0,0,282,560,20,3571,10,2375,10,10
"1637","2020-05-28",65,19,193,226,3306,0.273442226255293,0,0,282,560,24,3595,10,2385,12,10
"1638","2020-05-29",64,19,183,217,3306,0.273442226255293,0,0,282,560,26,3621,8,2393,12,8
"1639","2020-05-30",61,19,170,220,3306,0.273442226255293,0,0,282,560,19,3640,6,2399,7,6
"1640","2020-05-31",59,19,165,202,3306,0.273442226255293,0,0,282,560,21,3661,13,2412,6,13
"1641","2020-06-01",57,19,161,199,3306,0.273442226255293,0,0,282,560,24,3685,36,2448,10,36
"1642","2020-06-02",55,19,149,191,3306,0.273442226255293,0,0,282,560,23,3708,15,2463,13,15
"1643","2020-06-03",54,19,155,202,3306,0.273442226255293,0,0,282,560,26,3734,11,2474,10,11
"1644","2020-06-04",54,19,132,196,3306,0.273442226255293,0,0,282,560,21,3755,9,2483,5,9
"1645","2020-06-05",49,19,125,190,3306,0.273442226255293,0,0,282,560,24,3779,10,2493,13,10
"1646","2020-06-06",47,19,131,184,3306,0.273442226255293,0,0,282,560,19,3798,26,2519,13,26
"1647","2020-06-07",49,19,133,179,3306,0.273442226255293,0,0,282,560,19,3817,22,2541,7,22
"1648","2020-03-13",1,20,83,36,4413,0.883979152503966,0,0,401,787,16,38,18,33,4,18
"1649","2020-03-14",1,20,101,53,4413,0.883979152503966,0,0,401,787,16,54,21,54,1,21
"1650","2020-03-15",2,20,126,69,4413,0.883979152503966,0,0,401,787,16,70,22,76,9,22
"1651","2020-03-16",3,20,137,93,4413,0.883979152503966,0,0,401,787,20,90,12,88,12,12
"1652","2020-03-17",7,20,150,122,4413,0.883979152503966,0,0,401,787,22,112,15,103,14,15
"1653","2020-03-18",10,20,126,138,4413,0.883979152503966,0,0,401,787,24,136,13,116,13,13
"1654","2020-03-19",17,20,129,166,4413,0.883979152503966,0,0,401,787,23,159,20,136,15,20
"1655","2020-03-20",18,20,169,195,4413,0.883979152503966,0,0,401,787,23,182,10,146,10,10
"1656","2020-03-21",23,20,188,224,4413,0.883979152503966,0,0,401,787,29,211,18,164,16,18
"1657","2020-03-22",29,20,190,256,4413,0.883979152503966,0,0,401,787,28,239,20,184,20,20
"1658","2020-03-23",33,20,220,293,4413,0.883979152503966,0,0,401,787,25,264,21,205,15,21
"1659","2020-03-24",41,20,225,326,4413,0.883979152503966,0,0,401,787,30,294,23,228,21,23
"1660","2020-03-25",49,20,235,343,4413,0.883979152503966,0,0,401,787,35,329,30,258,22,30
"1661","2020-03-26",60,20,262,386,4413,0.883979152503966,0,0,401,787,27,356,25,283,18,25
"1662","2020-03-27",71,20,282,432,4413,0.883979152503966,0,0,401,787,34,390,24,307,22,24
"1663","2020-03-28",84,20,281,475,4413,0.883979152503966,0,0,401,787,35,425,14,321,21,14
"1664","2020-03-29",97,20,288,526,4413,0.883979152503966,0,0,401,787,57,482,36,357,39,36
"1665","2020-03-30",113,20,268,553,4413,0.883979152503966,0,0,401,787,40,522,28,385,24,28
"1666","2020-03-31",132,20,233,605,4413,0.883979152503966,0,0,401,787,25,547,28,413,18,28
"1667","2020-04-01",140,20,204,626,4413,0.883979152503966,0,0,401,787,37,584,23,436,24,23
"1668","2020-04-02",155,20,189,669,4413,0.883979152503966,0,0,401,787,47,631,23,459,34,23
"1669","2020-04-03",170,20,216,722,4413,0.883979152503966,0,0,401,787,51,682,27,486,35,27
"1670","2020-04-04",177,20,240,766,4413,0.883979152503966,0,0,401,787,33,715,34,520,18,34
"1671","2020-04-05",184,20,245,814,4413,0.883979152503966,0,0,401,787,39,754,30,550,29,30
"1672","2020-04-06",201,20,271,863,4413,0.883979152503966,0,0,401,787,49,803,36,586,37,36
"1673","2020-04-07",206,20,276,891,4413,0.883979152503966,0,0,401,787,35,838,44,630,24,44
"1674","2020-04-08",227,20,240,889,4413,0.883979152503966,0,0,401,787,40,878,40,670,30,40
"1675","2020-04-09",225,20,222,912,4413,0.883979152503966,0,0,401,787,33,911,46,716,18,46
"1676","2020-04-10",221,20,196,928,4413,0.883979152503966,0,0,401,787,27,938,37,753,14,37
"1677","2020-04-11",248,20,163,960,4413,0.883979152503966,0,0,401,787,41,979,31,784,25,31
"1678","2020-04-12",267,20,144,989,4413,0.883979152503966,0,0,401,787,41,1020,29,813,19,29
"1679","2020-04-13",268,20,134,1020,4413,0.883979152503966,0,0,401,787,24,1044,28,841,13,28
"1680","2020-04-14",285,20,190,1039,4413,0.883979152503966,0,0,401,787,43,1087,28,869,20,28
"1681","2020-04-15",292,20,176,1052,4413,0.883979152503966,0,0,401,787,24,1111,51,920,11,51
"1682","2020-04-16",296,20,212,1079,4413,0.883979152503966,0,0,401,787,35,1146,46,966,18,46
"1683","2020-04-17",318,20,214,1076,4413,0.883979152503966,0,0,401,787,21,1167,38,1004,9,38
"1684","2020-04-18",314,20,180,1076,4413,0.883979152503966,0,0,401,787,38,1205,55,1059,16,55
"1685","2020-04-19",303,20,164,1042,4413,0.883979152503966,0,0,401,787,27,1232,28,1087,16,28
"1686","2020-04-20",315,20,208,1030,4413,0.883979152503966,0,0,401,787,18,1250,33,1120,11,33
"1687","2020-04-21",305,20,243,1030,4413,0.883979152503966,0,0,401,787,26,1276,24,1144,15,24
"1688","2020-04-22",300,20,226,1011,4413,0.883979152503966,0,0,401,787,25,1301,30,1174,11,30
"1689","2020-04-23",302,20,256,984,4413,0.883979152503966,0,0,401,787,27,1328,49,1223,15,49
"1690","2020-04-24",292,20,266,948,4413,0.883979152503966,0,0,401,787,27,1355,39,1262,12,39
"1691","2020-04-25",287,20,277,914,4413,0.883979152503966,0,0,401,787,11,1366,44,1306,4,44
"1692","2020-04-26",286,20,290,866,4413,0.883979152503966,0,0,401,787,29,1395,54,1360,9,54
"1693","2020-04-27",272,20,294,813,4413,0.883979152503966,0,0,401,787,27,1422,47,1407,10,47
"1694","2020-04-28",265,20,274,795,4413,0.883979152503966,0,0,401,787,22,1444,48,1455,14,48
"1695","2020-04-29",256,20,303,760,4413,0.883979152503966,0,0,401,787,37,1481,49,1504,10,49
"1696","2020-04-30",250,20,291,737,4413,0.883979152503966,0,0,401,787,22,1503,49,1553,7,49
"1697","2020-05-01",242,20,279,708,4413,0.883979152503966,0,0,401,787,27,1530,40,1593,16,40
"1698","2020-05-02",227,20,284,677,4413,0.883979152503966,0,0,401,787,40,1570,51,1644,24,51
"1699","2020-05-03",221,20,277,639,4413,0.883979152503966,0,0,401,787,26,1596,35,1679,8,35
"1700","2020-05-04",211,20,278,614,4413,0.883979152503966,0,0,401,787,30,1626,63,1742,11,63
"1701","2020-05-05",195,20,263,599,4413,0.883979152503966,0,0,401,787,17,1643,37,1779,8,37
"1702","2020-05-06",186,20,232,565,4413,0.883979152503966,0,0,401,787,22,1665,46,1825,9,46
"1703","2020-05-07",176,20,233,550,4413,0.883979152503966,0,0,401,787,17,1682,54,1879,9,54
"1704","2020-05-08",165,20,236,533,4413,0.883979152503966,0,0,401,787,14,1696,53,1932,5,53
"1705","2020-05-09",169,20,236,504,4413,0.883979152503966,0,0,401,787,19,1715,45,1977,7,45
"1706","2020-05-10",164,20,211,484,4413,0.883979152503966,0,0,401,787,26,1741,37,2014,9,37
"1707","2020-05-11",170,20,189,476,4413,0.883979152503966,0,0,401,787,23,1764,31,2045,11,31
"1708","2020-05-12",166,20,177,455,4413,0.883979152503966,0,0,401,787,22,1786,35,2080,13,35
"1709","2020-05-13",157,20,205,438,4413,0.883979152503966,0,0,401,787,17,1803,30,2110,7,30
"1710","2020-05-14",145,20,240,425,4413,0.883979152503966,0,0,401,787,16,1819,30,2140,6,30
"1711","2020-05-15",143,20,255,386,4413,0.883979152503966,0,0,401,787,19,1838,36,2176,10,36
"1712","2020-05-16",122,20,234,374,4413,0.883979152503966,0,0,401,787,18,1856,45,2221,9,45
"1713","2020-05-17",118,20,249,349,4413,0.883979152503966,0,0,401,787,19,1875,35,2256,10,35
"1714","2020-05-18",100,20,274,342,4413,0.883979152503966,0,0,401,787,11,1886,53,2309,5,53
"1715","2020-05-19",95,20,294,326,4413,0.883979152503966,0,0,401,787,14,1900,51,2360,9,51
"1716","2020-05-20",100,20,297,318,4413,0.883979152503966,0,0,401,787,21,1921,41,2401,10,41
"1717","2020-05-21",105,20,304,301,4413,0.883979152503966,0,0,401,787,9,1930,40,2441,2,40
"1718","2020-05-22",110,20,268,277,4413,0.883979152503966,0,0,401,787,12,1942,32,2473,3,32
"1719","2020-05-23",109,20,241,261,4413,0.883979152503966,0,0,401,787,14,1956,38,2511,7,38
"1720","2020-05-24",106,20,249,248,4413,0.883979152503966,0,0,401,787,18,1974,31,2542,7,31
"1721","2020-05-25",104,20,235,227,4413,0.883979152503966,0,0,401,787,20,1994,53,2595,9,53
"1722","2020-05-26",100,20,209,230,4413,0.883979152503966,0,0,401,787,25,2019,50,2645,10,50
"1723","2020-05-27",93,20,185,225,4413,0.883979152503966,0,0,401,787,24,2043,40,2685,16,40
"1724","2020-05-28",88,20,186,217,4413,0.883979152503966,0,0,401,787,20,2063,26,2711,9,26
"1725","2020-05-29",77,20,176,213,4413,0.883979152503966,0,0,401,787,17,2080,21,2732,6,21
"1726","2020-05-30",80,20,156,213,4413,0.883979152503966,0,0,401,787,18,2098,24,2756,10,24
"1727","2020-05-31",71,20,136,197,4413,0.883979152503966,0,0,401,787,22,2120,32,2788,10,32
"1728","2020-06-01",64,20,121,183,4413,0.883979152503966,0,0,401,787,15,2135,38,2826,6,38
"1729","2020-06-02",65,20,121,185,4413,0.883979152503966,0,0,401,787,11,2146,40,2866,8,40
"1730","2020-06-03",56,20,132,183,4413,0.883979152503966,0,0,401,787,17,2163,36,2902,11,36
"1731","2020-06-04",51,20,155,176,4413,0.883979152503966,0,0,401,787,19,2182,31,2933,12,31
"1732","2020-06-05",49,20,177,166,4413,0.883979152503966,0,0,401,787,8,2190,39,2972,4,39
"1733","2020-06-06",40,20,177,154,4413,0.883979152503966,0,0,401,787,7,2197,33,3005,5,33
"1734","2020-06-07",38,20,165,156,4413,0.883979152503966,0,0,401,787,12,2209,46,3051,6,46
