"","Date","Absents","Paramset","Infections_or_Exposed_per_day_Patient","Infections_or_Exposed_per_day_HCW","total_infections","nosocomial_proportion","PCR_pooled","LFD_pooled","HCW_symp_test","patient_symp_test","new_hcw_infs","cumulative_hcw_infs","new_pat_infs","cumulative_pats_infs","new_nosocomial_hcw_infs","new_nosocomial_pat_infs"
"1","2020-03-13",2,1,23,151,5727,0.379605378033875,2010,8005,598,814,54,151,3,12,7,3
"2","2020-03-14",17,1,29,201,5727,0.379605378033875,2010,8005,598,814,51,202,5,17,9,5
"3","2020-03-15",33,1,37,248,5727,0.379605378033875,2010,8005,598,814,47,249,5,22,12,5
"4","2020-03-16",36,1,50,308,5727,0.379605378033875,2010,8005,598,814,61,310,13,35,21,13
"5","2020-03-17",46,1,45,374,5727,0.379605378033875,2010,8005,598,814,66,376,2,37,20,2
"6","2020-03-18",67,1,58,443,5727,0.379605378033875,2010,8005,598,814,81,457,19,56,34,19
"7","2020-03-19",76,1,70,495,5727,0.379605378033875,2010,8005,598,814,69,526,14,70,24,14
"8","2020-03-20",114,1,78,556,5727,0.379605378033875,2010,8005,598,814,74,600,17,87,29,17
"9","2020-03-21",139,1,79,597,5727,0.379605378033875,2010,8005,598,814,68,668,16,103,28,16
"10","2020-03-22",167,1,80,645,5727,0.379605378033875,2010,8005,598,814,75,743,9,112,41,9
"11","2020-03-23",172,1,82,686,5727,0.379605378033875,2010,8005,598,814,70,813,22,134,34,22
"12","2020-03-24",183,1,105,714,5727,0.379605378033875,2010,8005,598,814,60,873,21,155,26,21
"13","2020-03-25",183,1,120,744,5727,0.379605378033875,2010,8005,598,814,76,949,30,185,39,30
"14","2020-03-26",195,1,148,776,5727,0.379605378033875,2010,8005,598,814,82,1031,35,220,41,35
"15","2020-03-27",238,1,167,804,5727,0.379605378033875,2010,8005,598,814,92,1123,33,253,55,33
"16","2020-03-28",273,1,155,831,5727,0.379605378033875,2010,8005,598,814,99,1222,30,283,53,30
"17","2020-03-29",254,1,146,852,5727,0.379605378033875,2010,8005,598,814,78,1300,18,301,37,18
"18","2020-03-30",254,1,131,864,5727,0.379605378033875,2010,8005,598,814,77,1377,16,317,36,16
"19","2020-03-31",259,1,118,873,5727,0.379605378033875,2010,8005,598,814,78,1455,13,330,39,13
"20","2020-04-01",261,1,108,886,5727,0.379605378033875,2010,8005,598,814,87,1542,12,342,45,12
"21","2020-04-02",265,1,113,896,5727,0.379605378033875,2010,8005,598,814,84,1626,21,363,40,21
"22","2020-04-03",310,1,116,906,5727,0.379605378033875,2010,8005,598,814,82,1708,14,377,32,14
"23","2020-04-04",296,1,114,904,5727,0.379605378033875,2010,8005,598,814,82,1790,15,392,38,15
"24","2020-04-05",296,1,119,901,5727,0.379605378033875,2010,8005,598,814,72,1862,22,414,40,22
"25","2020-04-06",301,1,140,902,5727,0.379605378033875,2010,8005,598,814,88,1950,31,445,37,31
"26","2020-04-07",284,1,132,918,5727,0.379605378033875,2010,8005,598,814,85,2035,16,461,27,16
"27","2020-04-08",288,1,133,924,5727,0.379605378033875,2010,8005,598,814,83,2118,14,475,36,14
"28","2020-04-09",289,1,138,939,5727,0.379605378033875,2010,8005,598,814,97,2215,30,505,39,30
"29","2020-04-10",316,1,169,950,5727,0.379605378033875,2010,8005,598,814,80,2295,52,557,41,52
"30","2020-04-11",308,1,151,959,5727,0.379605378033875,2010,8005,598,814,90,2385,19,576,36,19
"31","2020-04-12",298,1,183,941,5727,0.379605378033875,2010,8005,598,814,82,2467,53,629,46,53
"32","2020-04-13",289,1,190,947,5727,0.379605378033875,2010,8005,598,814,85,2552,27,656,47,27
"33","2020-04-14",287,1,196,934,5727,0.379605378033875,2010,8005,598,814,83,2635,37,693,38,37
"34","2020-04-15",289,1,198,919,5727,0.379605378033875,2010,8005,598,814,66,2701,28,721,31,28
"35","2020-04-16",289,1,179,926,5727,0.379605378033875,2010,8005,598,814,84,2785,27,748,35,27
"36","2020-04-17",307,1,180,928,5727,0.379605378033875,2010,8005,598,814,69,2854,29,777,24,29
"37","2020-04-18",310,1,206,894,5727,0.379605378033875,2010,8005,598,814,64,2918,51,828,30,51
"38","2020-04-19",303,1,187,893,5727,0.379605378033875,2010,8005,598,814,70,2988,32,860,35,32
"39","2020-04-20",314,1,171,877,5727,0.379605378033875,2010,8005,598,814,68,3056,18,878,37,18
"40","2020-04-21",314,1,167,873,5727,0.379605378033875,2010,8005,598,814,73,3129,17,895,34,17
"41","2020-04-22",313,1,138,855,5727,0.379605378033875,2010,8005,598,814,68,3197,12,907,33,12
"42","2020-04-23",322,1,122,837,5727,0.379605378033875,2010,8005,598,814,74,3271,18,925,27,18
"43","2020-04-24",310,1,153,827,5727,0.379605378033875,2010,8005,598,814,70,3341,37,962,31,37
"44","2020-04-25",307,1,136,835,5727,0.379605378033875,2010,8005,598,814,78,3419,18,980,29,18
"45","2020-04-26",269,1,133,821,5727,0.379605378033875,2010,8005,598,814,64,3483,16,996,25,16
"46","2020-04-27",254,1,123,831,5727,0.379605378033875,2010,8005,598,814,80,3563,9,1005,14,9
"47","2020-04-28",237,1,108,808,5727,0.379605378033875,2010,8005,598,814,60,3623,10,1015,20,10
"48","2020-04-29",248,1,109,793,5727,0.379605378033875,2010,8005,598,814,64,3687,9,1024,19,9
"49","2020-04-30",243,1,110,811,5727,0.379605378033875,2010,8005,598,814,69,3756,7,1031,21,7
"50","2020-05-01",247,1,110,804,5727,0.379605378033875,2010,8005,598,814,65,3821,11,1042,29,11
"51","2020-05-02",282,1,139,801,5727,0.379605378033875,2010,8005,598,814,64,3885,37,1079,23,37
"52","2020-05-03",267,1,158,779,5727,0.379605378033875,2010,8005,598,814,61,3946,43,1122,33,43
"53","2020-05-04",260,1,167,776,5727,0.379605378033875,2010,8005,598,814,57,4003,25,1147,22,25
"54","2020-05-05",262,1,188,767,5727,0.379605378033875,2010,8005,598,814,56,4059,43,1190,31,43
"55","2020-05-06",255,1,189,750,5727,0.379605378033875,2010,8005,598,814,59,4118,31,1221,20,31
"56","2020-05-07",248,1,188,711,5727,0.379605378033875,2010,8005,598,814,33,4151,20,1241,9,20
"57","2020-05-08",250,1,227,737,5727,0.379605378033875,2010,8005,598,814,80,4231,59,1300,37,59
"58","2020-05-09",219,1,213,709,5727,0.379605378033875,2010,8005,598,814,45,4276,25,1325,24,25
"59","2020-05-10",227,1,215,704,5727,0.379605378033875,2010,8005,598,814,59,4335,38,1363,18,38
"60","2020-05-11",237,1,219,686,5727,0.379605378033875,2010,8005,598,814,45,4380,42,1405,18,42
"61","2020-05-12",229,1,228,680,5727,0.379605378033875,2010,8005,598,814,46,4426,51,1456,21,51
"62","2020-05-13",217,1,225,635,5727,0.379605378033875,2010,8005,598,814,36,4462,23,1479,16,23
"63","2020-05-14",207,1,197,612,5727,0.379605378033875,2010,8005,598,814,41,4503,16,1495,16,16
"64","2020-05-15",221,1,193,591,5727,0.379605378033875,2010,8005,598,814,46,4549,24,1519,19,24
"65","2020-05-16",230,1,199,568,5727,0.379605378033875,2010,8005,598,814,40,4589,32,1551,9,32
"66","2020-05-17",219,1,225,546,5727,0.379605378033875,2010,8005,598,814,42,4631,51,1602,19,51
"67","2020-05-18",197,1,221,515,5727,0.379605378033875,2010,8005,598,814,29,4660,39,1641,7,39
"68","2020-05-19",182,1,219,509,5727,0.379605378033875,2010,8005,598,814,41,4701,36,1677,17,36
"69","2020-05-20",176,1,207,486,5727,0.379605378033875,2010,8005,598,814,22,4723,31,1708,7,31
"70","2020-05-21",174,1,185,458,5727,0.379605378033875,2010,8005,598,814,29,4752,27,1735,12,27
"71","2020-05-22",174,1,191,446,5727,0.379605378033875,2010,8005,598,814,33,4785,22,1757,16,22
"72","2020-05-23",172,1,186,408,5727,0.379605378033875,2010,8005,598,814,26,4811,31,1788,12,31
"73","2020-05-24",141,1,176,401,5727,0.379605378033875,2010,8005,598,814,33,4844,27,1815,11,27
"74","2020-05-25",138,1,169,387,5727,0.379605378033875,2010,8005,598,814,31,4875,21,1836,14,21
"75","2020-05-26",139,1,176,380,5727,0.379605378033875,2010,8005,598,814,30,4905,27,1863,12,27
"76","2020-05-27",141,1,171,369,5727,0.379605378033875,2010,8005,598,814,28,4933,27,1890,7,27
"77","2020-05-28",141,1,169,359,5727,0.379605378033875,2010,8005,598,814,28,4961,27,1917,9,27
"78","2020-05-29",133,1,169,349,5727,0.379605378033875,2010,8005,598,814,27,4988,28,1945,13,28
"79","2020-05-30",120,1,180,328,5727,0.379605378033875,2010,8005,598,814,19,5007,43,1988,5,43
"80","2020-05-31",110,1,169,317,5727,0.379605378033875,2010,8005,598,814,25,5032,20,2008,10,20
"81","2020-06-01",99,1,177,302,5727,0.379605378033875,2010,8005,598,814,19,5051,34,2042,5,34
"82","2020-06-02",103,1,190,293,5727,0.379605378033875,2010,8005,598,814,21,5072,40,2082,9,40
"83","2020-06-03",99,1,194,289,5727,0.379605378033875,2010,8005,598,814,20,5092,32,2114,6,32
"84","2020-06-04",98,1,177,275,5727,0.379605378033875,2010,8005,598,814,19,5111,23,2137,8,23
"85","2020-06-05",98,1,171,272,5727,0.379605378033875,2010,8005,598,814,17,5128,21,2158,9,21
"86","2020-06-06",102,1,162,264,5727,0.379605378033875,2010,8005,598,814,24,5152,19,2177,7,19
"87","2020-06-07",101,1,147,252,5727,0.379605378033875,2010,8005,598,814,13,5165,16,2193,5,16
"88","2020-03-13",3,2,48,53,5703,0.704366123093109,2055,8007,626,508,30,97,12,39,4,12
"89","2020-03-14",3,2,48,90,5703,0.704366123093109,2055,8007,626,508,49,146,14,53,5,14
"90","2020-03-15",9,2,44,118,5703,0.704366123093109,2055,8007,626,508,29,175,13,66,8,13
"91","2020-03-16",15,2,48,150,5703,0.704366123093109,2055,8007,626,508,44,219,10,76,8,10
"92","2020-03-17",19,2,54,186,5703,0.704366123093109,2055,8007,626,508,67,286,7,83,22,7
"93","2020-03-18",31,2,56,227,5703,0.704366123093109,2055,8007,626,508,45,331,12,95,17,12
"94","2020-03-19",41,2,66,279,5703,0.704366123093109,2055,8007,626,508,66,397,13,108,28,13
"95","2020-03-20",51,2,70,336,5703,0.704366123093109,2055,8007,626,508,65,462,24,132,21,24
"96","2020-03-21",88,2,70,393,5703,0.704366123093109,2055,8007,626,508,73,535,25,157,35,25
"97","2020-03-22",120,2,86,435,5703,0.704366123093109,2055,8007,626,508,66,601,21,178,28,21
"98","2020-03-23",122,2,85,493,5703,0.704366123093109,2055,8007,626,508,82,683,20,198,42,20
"99","2020-03-24",125,2,81,559,5703,0.704366123093109,2055,8007,626,508,83,766,22,220,49,22
"100","2020-03-25",132,2,76,606,5703,0.704366123093109,2055,8007,626,508,99,865,14,234,55,14
"101","2020-03-26",147,2,76,656,5703,0.704366123093109,2055,8007,626,508,93,958,16,250,59,16
"102","2020-03-27",215,2,81,710,5703,0.704366123093109,2055,8007,626,508,116,1074,15,265,76,15
"103","2020-03-28",210,2,88,770,5703,0.704366123093109,2055,8007,626,508,102,1176,10,275,63,10
"104","2020-03-29",195,2,93,797,5703,0.704366123093109,2055,8007,626,508,103,1279,15,290,59,15
"105","2020-03-30",218,2,106,856,5703,0.704366123093109,2055,8007,626,508,108,1387,12,302,67,12
"106","2020-03-31",222,2,126,925,5703,0.704366123093109,2055,8007,626,508,97,1484,12,314,62,12
"107","2020-04-01",240,2,112,963,5703,0.704366123093109,2055,8007,626,508,108,1592,18,332,74,18
"108","2020-04-02",253,2,99,1002,5703,0.704366123093109,2055,8007,626,508,97,1689,12,344,60,12
"109","2020-04-03",296,2,116,1045,5703,0.704366123093109,2055,8007,626,508,96,1785,32,376,46,32
"110","2020-04-04",356,2,137,1097,5703,0.704366123093109,2055,8007,626,508,102,1887,22,398,73,22
"111","2020-04-05",364,2,160,1141,5703,0.704366123093109,2055,8007,626,508,102,1989,28,426,60,28
"112","2020-04-06",352,2,137,1177,5703,0.704366123093109,2055,8007,626,508,106,2095,24,450,68,24
"113","2020-04-07",363,2,139,1162,5703,0.704366123093109,2055,8007,626,508,96,2191,24,474,57,24
"114","2020-04-08",365,2,155,1197,5703,0.704366123093109,2055,8007,626,508,93,2284,21,495,61,21
"115","2020-04-09",381,2,143,1196,5703,0.704366123093109,2055,8007,626,508,82,2366,18,513,55,18
"116","2020-04-10",459,2,135,1220,5703,0.704366123093109,2055,8007,626,508,89,2455,15,528,47,15
"117","2020-04-11",451,2,121,1221,5703,0.704366123093109,2055,8007,626,508,94,2549,15,543,53,15
"118","2020-04-12",433,2,115,1201,5703,0.704366123093109,2055,8007,626,508,92,2641,28,571,59,28
"119","2020-04-13",430,2,117,1200,5703,0.704366123093109,2055,8007,626,508,93,2734,33,604,55,33
"120","2020-04-14",435,2,139,1206,5703,0.704366123093109,2055,8007,626,508,74,2808,28,632,42,28
"121","2020-04-15",437,2,149,1208,5703,0.704366123093109,2055,8007,626,508,85,2893,29,661,49,29
"122","2020-04-16",415,2,150,1191,5703,0.704366123093109,2055,8007,626,508,87,2980,22,683,47,22
"123","2020-04-17",426,2,173,1199,5703,0.704366123093109,2055,8007,626,508,77,3057,16,699,43,16
"124","2020-04-18",434,2,197,1199,5703,0.704366123093109,2055,8007,626,508,80,3137,33,732,49,33
"125","2020-04-19",379,2,202,1176,5703,0.704366123093109,2055,8007,626,508,85,3222,31,763,51,31
"126","2020-04-20",376,2,200,1162,5703,0.704366123093109,2055,8007,626,508,77,3299,25,788,35,25
"127","2020-04-21",364,2,184,1131,5703,0.704366123093109,2055,8007,626,508,68,3367,24,812,35,24
"128","2020-04-22",366,2,190,1112,5703,0.704366123093109,2055,8007,626,508,61,3428,33,845,32,33
"129","2020-04-23",374,2,160,1111,5703,0.704366123093109,2055,8007,626,508,66,3494,30,875,38,30
"130","2020-04-24",387,2,164,1104,5703,0.704366123093109,2055,8007,626,508,66,3560,21,896,37,21
"131","2020-04-25",367,2,134,1100,5703,0.704366123093109,2055,8007,626,508,46,3606,39,935,23,39
"132","2020-04-26",374,2,151,1063,5703,0.704366123093109,2055,8007,626,508,60,3666,30,965,30,30
"133","2020-04-27",352,2,148,1035,5703,0.704366123093109,2055,8007,626,508,56,3722,35,1000,30,35
"134","2020-04-28",341,2,156,1018,5703,0.704366123093109,2055,8007,626,508,71,3793,25,1025,34,25
"135","2020-04-29",336,2,170,1000,5703,0.704366123093109,2055,8007,626,508,52,3845,30,1055,25,30
"136","2020-04-30",335,2,162,959,5703,0.704366123093109,2055,8007,626,508,57,3902,17,1072,37,17
"137","2020-05-01",307,2,146,917,5703,0.704366123093109,2055,8007,626,508,61,3963,49,1121,22,49
"138","2020-05-02",318,2,153,870,5703,0.704366123093109,2055,8007,626,508,60,4023,37,1158,34,37
"139","2020-05-03",292,2,175,824,5703,0.704366123093109,2055,8007,626,508,51,4074,29,1187,24,29
"140","2020-05-04",292,2,193,782,5703,0.704366123093109,2055,8007,626,508,47,4121,20,1207,24,20
"141","2020-05-05",280,2,183,764,5703,0.704366123093109,2055,8007,626,508,52,4173,28,1235,30,28
"142","2020-05-06",267,2,156,723,5703,0.704366123093109,2055,8007,626,508,56,4229,30,1265,26,30
"143","2020-05-07",256,2,130,691,5703,0.704366123093109,2055,8007,626,508,44,4273,32,1297,18,32
"144","2020-05-08",270,2,122,672,5703,0.704366123093109,2055,8007,626,508,44,4317,32,1329,18,32
"145","2020-05-09",249,2,121,633,5703,0.704366123093109,2055,8007,626,508,50,4367,34,1363,20,34
"146","2020-05-10",235,2,121,610,5703,0.704366123093109,2055,8007,626,508,45,4412,34,1397,16,34
"147","2020-05-11",226,2,142,589,5703,0.704366123093109,2055,8007,626,508,31,4443,40,1437,14,40
"148","2020-05-12",220,2,153,566,5703,0.704366123093109,2055,8007,626,508,46,4489,36,1473,26,36
"149","2020-05-13",214,2,153,551,5703,0.704366123093109,2055,8007,626,508,43,4532,28,1501,21,28
"150","2020-05-14",208,2,137,529,5703,0.704366123093109,2055,8007,626,508,35,4567,24,1525,20,24
"151","2020-05-15",186,2,142,496,5703,0.704366123093109,2055,8007,626,508,32,4599,17,1542,16,17
"152","2020-05-16",197,2,145,479,5703,0.704366123093109,2055,8007,626,508,25,4624,15,1557,15,15
"153","2020-05-17",165,2,144,445,5703,0.704366123093109,2055,8007,626,508,28,4652,20,1577,12,20
"154","2020-05-18",155,2,155,417,5703,0.704366123093109,2055,8007,626,508,36,4688,27,1604,17,27
"155","2020-05-19",147,2,151,396,5703,0.704366123093109,2055,8007,626,508,27,4715,20,1624,12,20
"156","2020-05-20",138,2,140,385,5703,0.704366123093109,2055,8007,626,508,38,4753,21,1645,19,21
"157","2020-05-21",130,2,144,354,5703,0.704366123093109,2055,8007,626,508,27,4780,22,1667,8,22
"158","2020-05-22",127,2,145,337,5703,0.704366123093109,2055,8007,626,508,32,4812,24,1691,10,24
"159","2020-05-23",110,2,154,322,5703,0.704366123093109,2055,8007,626,508,32,4844,15,1706,14,15
"160","2020-05-24",105,2,142,297,5703,0.704366123093109,2055,8007,626,508,30,4874,14,1720,10,14
"161","2020-05-25",100,2,147,281,5703,0.704366123093109,2055,8007,626,508,30,4904,21,1741,15,21
"162","2020-05-26",99,2,153,260,5703,0.704366123093109,2055,8007,626,508,24,4928,16,1757,12,16
"163","2020-05-27",96,2,154,248,5703,0.704366123093109,2055,8007,626,508,9,4937,19,1776,2,19
"164","2020-05-28",94,2,139,239,5703,0.704366123093109,2055,8007,626,508,23,4960,13,1789,9,13
"165","2020-05-29",87,2,125,233,5703,0.704366123093109,2055,8007,626,508,13,4973,21,1810,6,21
"166","2020-05-30",93,2,118,218,5703,0.704366123093109,2055,8007,626,508,23,4996,21,1831,7,21
"167","2020-05-31",87,2,107,205,5703,0.704366123093109,2055,8007,626,508,21,5017,25,1856,11,25
"168","2020-06-01",87,2,100,206,5703,0.704366123093109,2055,8007,626,508,13,5030,14,1870,6,14
"169","2020-06-02",81,2,88,205,5703,0.704366123093109,2055,8007,626,508,13,5043,28,1898,8,28
"170","2020-06-03",86,2,84,197,5703,0.704366123093109,2055,8007,626,508,20,5063,25,1923,8,25
"171","2020-06-04",88,2,84,201,5703,0.704366123093109,2055,8007,626,508,13,5076,27,1950,3,27
"172","2020-06-05",84,2,77,193,5703,0.704366123093109,2055,8007,626,508,14,5090,30,1980,4,30
"173","2020-06-06",74,2,76,187,5703,0.704366123093109,2055,8007,626,508,12,5102,30,2010,8,30
"174","2020-06-07",68,2,70,186,5703,0.704366123093109,2055,8007,626,508,14,5116,25,2035,7,25
"175","2020-03-07",1,3,0,0,6397,0.538846334219165,1995,7603,696,1279,NA,NA,NA,NA,NA,NA
"176","2020-03-08",1,3,0,0,6397,0.538846334219165,1995,7603,696,1279,NA,NA,NA,NA,NA,NA
"177","2020-03-09",0,3,0,0,6397,0.538846334219165,1995,7603,696,1279,NA,NA,NA,NA,NA,NA
"178","2020-03-10",0,3,0,0,6397,0.538846334219165,1995,7603,696,1279,NA,NA,1,1,NA,1
"179","2020-03-11",0,3,0,0,6397,0.538846334219165,1995,7603,696,1279,17,17,19,20,7,19
"180","2020-03-12",0,3,0,0,6397,0.538846334219165,1995,7603,696,1279,16,33,18,38,5,18
"181","2020-03-13",6,3,130,123,6397,0.538846334219165,1995,7603,696,1279,21,54,11,49,13,11
"182","2020-03-14",18,3,170,173,6397,0.538846334219165,1995,7603,696,1279,26,80,14,63,20,14
"183","2020-03-15",23,3,198,216,6397,0.538846334219165,1995,7603,696,1279,34,114,8,71,23,8
"184","2020-03-16",28,3,207,280,6397,0.538846334219165,1995,7603,696,1279,20,134,15,86,13,15
"185","2020-03-17",39,3,230,344,6397,0.538846334219165,1995,7603,696,1279,53,187,17,103,44,17
"186","2020-03-18",51,3,232,412,6397,0.538846334219165,1995,7603,696,1279,48,235,14,117,34,14
"187","2020-03-19",56,3,231,487,6397,0.538846334219165,1995,7603,696,1279,38,273,28,145,32,28
"188","2020-03-20",77,3,235,560,6397,0.538846334219165,1995,7603,696,1279,56,329,31,176,46,31
"189","2020-03-21",90,3,240,625,6397,0.538846334219165,1995,7603,696,1279,59,388,33,209,50,33
"190","2020-03-22",139,3,239,708,6397,0.538846334219165,1995,7603,696,1279,74,462,34,243,60,34
"191","2020-03-23",156,3,269,808,6397,0.538846334219165,1995,7603,696,1279,79,541,38,281,61,38
"192","2020-03-24",165,3,289,866,6397,0.538846334219165,1995,7603,696,1279,105,646,38,319,88,38
"193","2020-03-25",178,3,287,970,6397,0.538846334219165,1995,7603,696,1279,83,729,29,348,72,29
"194","2020-03-26",219,3,247,1037,6397,0.538846334219165,1995,7603,696,1279,93,822,36,384,82,36
"195","2020-03-27",279,3,230,1094,6397,0.538846334219165,1995,7603,696,1279,103,925,37,421,97,37
"196","2020-03-28",348,3,207,1178,6397,0.538846334219165,1995,7603,696,1279,106,1031,18,439,94,18
"197","2020-03-29",372,3,222,1210,6397,0.538846334219165,1995,7603,696,1279,121,1152,41,480,103,41
"198","2020-03-30",393,3,230,1243,6397,0.538846334219165,1995,7603,696,1279,122,1274,22,502,114,22
"199","2020-03-31",402,3,225,1271,6397,0.538846334219165,1995,7603,696,1279,133,1407,22,524,121,22
"200","2020-04-01",417,3,263,1318,6397,0.538846334219165,1995,7603,696,1279,135,1542,23,547,128,23
"201","2020-04-02",423,3,264,1342,6397,0.538846334219165,1995,7603,696,1279,112,1654,24,571,100,24
"202","2020-04-03",516,3,260,1371,6397,0.538846334219165,1995,7603,696,1279,132,1786,41,612,121,41
"203","2020-04-04",511,3,248,1382,6397,0.538846334219165,1995,7603,696,1279,133,1919,52,664,124,52
"204","2020-04-05",469,3,271,1364,6397,0.538846334219165,1995,7603,696,1279,146,2065,35,699,135,35
"205","2020-04-06",455,3,264,1367,6397,0.538846334219165,1995,7603,696,1279,143,2208,47,746,123,47
"206","2020-04-07",451,3,298,1361,6397,0.538846334219165,1995,7603,696,1279,183,2391,38,784,171,38
"207","2020-04-08",450,3,304,1352,6397,0.538846334219165,1995,7603,696,1279,198,2589,28,812,189,28
"208","2020-04-09",462,3,279,1361,6397,0.538846334219165,1995,7603,696,1279,141,2730,28,840,128,28
"209","2020-04-10",489,3,260,1341,6397,0.538846334219165,1995,7603,696,1279,131,2861,47,887,119,47
"210","2020-04-11",478,3,258,1348,6397,0.538846334219165,1995,7603,696,1279,172,3033,37,924,164,37
"211","2020-04-12",465,3,258,1304,6397,0.538846334219165,1995,7603,696,1279,157,3190,44,968,146,44
"212","2020-04-13",461,3,281,1303,6397,0.538846334219165,1995,7603,696,1279,166,3356,27,995,164,27
"213","2020-04-14",449,3,283,1276,6397,0.538846334219165,1995,7603,696,1279,138,3494,28,1023,124,28
"214","2020-04-15",436,3,299,1252,6397,0.538846334219165,1995,7603,696,1279,152,3646,41,1064,148,41
"215","2020-04-16",412,3,331,1235,6397,0.538846334219165,1995,7603,696,1279,118,3764,36,1100,109,36
"216","2020-04-17",424,3,316,1214,6397,0.538846334219165,1995,7603,696,1279,161,3925,26,1126,152,26
"217","2020-04-18",418,3,301,1201,6397,0.538846334219165,1995,7603,696,1279,121,4046,26,1152,113,26
"218","2020-04-19",351,3,295,1178,6397,0.538846334219165,1995,7603,696,1279,120,4166,22,1174,115,22
"219","2020-04-20",345,3,287,1164,6397,0.538846334219165,1995,7603,696,1279,90,4256,36,1210,80,36
"220","2020-04-21",345,3,272,1142,6397,0.538846334219165,1995,7603,696,1279,118,4374,25,1235,110,25
"221","2020-04-22",356,3,274,1091,6397,0.538846334219165,1995,7603,696,1279,86,4460,42,1277,71,42
"222","2020-04-23",345,3,279,1068,6397,0.538846334219165,1995,7603,696,1279,112,4572,24,1301,103,24
"223","2020-04-24",357,3,297,1031,6397,0.538846334219165,1995,7603,696,1279,60,4632,31,1332,53,31
"224","2020-04-25",341,3,305,1003,6397,0.538846334219165,1995,7603,696,1279,70,4702,22,1354,60,22
"225","2020-04-26",327,3,308,966,6397,0.538846334219165,1995,7603,696,1279,65,4767,40,1394,57,40
"226","2020-04-27",312,3,289,942,6397,0.538846334219165,1995,7603,696,1279,63,4830,35,1429,54,35
"227","2020-04-28",298,3,294,900,6397,0.538846334219165,1995,7603,696,1279,48,4878,25,1454,43,25
"228","2020-04-29",298,3,302,875,6397,0.538846334219165,1995,7603,696,1279,57,4935,23,1477,44,23
"229","2020-04-30",299,3,290,861,6397,0.538846334219165,1995,7603,696,1279,53,4988,29,1506,43,29
"230","2020-05-01",288,3,289,824,6397,0.538846334219165,1995,7603,696,1279,51,5039,42,1548,41,42
"231","2020-05-02",295,3,271,775,6397,0.538846334219165,1995,7603,696,1279,43,5082,58,1606,35,58
"232","2020-05-03",269,3,275,729,6397,0.538846334219165,1995,7603,696,1279,56,5138,49,1655,44,49
"233","2020-05-04",266,3,262,698,6397,0.538846334219165,1995,7603,696,1279,33,5171,47,1702,24,47
"234","2020-05-05",259,3,254,676,6397,0.538846334219165,1995,7603,696,1279,36,5207,35,1737,30,35
"235","2020-05-06",242,3,262,664,6397,0.538846334219165,1995,7603,696,1279,29,5236,28,1765,23,28
"236","2020-05-07",239,3,257,635,6397,0.538846334219165,1995,7603,696,1279,34,5270,32,1797,29,32
"237","2020-05-08",229,3,247,614,6397,0.538846334219165,1995,7603,696,1279,30,5300,24,1821,27,24
"238","2020-05-09",224,3,229,584,6397,0.538846334219165,1995,7603,696,1279,33,5333,27,1848,28,27
"239","2020-05-10",201,3,228,562,6397,0.538846334219165,1995,7603,696,1279,32,5365,14,1862,25,14
"240","2020-05-11",189,3,228,532,6397,0.538846334219165,1995,7603,696,1279,25,5390,47,1909,21,47
"241","2020-05-12",184,3,233,497,6397,0.538846334219165,1995,7603,696,1279,22,5412,40,1949,18,40
"242","2020-05-13",177,3,233,497,6397,0.538846334219165,1995,7603,696,1279,20,5432,28,1977,17,28
"243","2020-05-14",167,3,239,463,6397,0.538846334219165,1995,7603,696,1279,21,5453,24,2001,19,24
"244","2020-05-15",160,3,258,447,6397,0.538846334219165,1995,7603,696,1279,17,5470,24,2025,12,24
"245","2020-05-16",162,3,255,420,6397,0.538846334219165,1995,7603,696,1279,15,5485,19,2044,13,19
"246","2020-05-17",149,3,268,402,6397,0.538846334219165,1995,7603,696,1279,20,5505,20,2064,15,20
"247","2020-05-18",147,3,289,376,6397,0.538846334219165,1995,7603,696,1279,16,5521,28,2092,12,28
"248","2020-05-19",135,3,298,357,6397,0.538846334219165,1995,7603,696,1279,27,5548,41,2133,23,41
"249","2020-05-20",136,3,305,330,6397,0.538846334219165,1995,7603,696,1279,23,5571,40,2173,15,40
"250","2020-05-21",131,3,301,325,6397,0.538846334219165,1995,7603,696,1279,18,5589,48,2221,14,48
"251","2020-05-22",125,3,305,307,6397,0.538846334219165,1995,7603,696,1279,17,5606,33,2254,11,33
"252","2020-05-23",114,3,312,291,6397,0.538846334219165,1995,7603,696,1279,16,5622,36,2290,15,36
"253","2020-05-24",107,3,292,280,6397,0.538846334219165,1995,7603,696,1279,19,5641,23,2313,17,23
"254","2020-05-25",95,3,274,275,6397,0.538846334219165,1995,7603,696,1279,17,5658,17,2330,11,17
"255","2020-05-26",94,3,262,260,6397,0.538846334219165,1995,7603,696,1279,9,5667,17,2347,7,17
"256","2020-05-27",86,3,260,247,6397,0.538846334219165,1995,7603,696,1279,17,5684,27,2374,14,27
"257","2020-05-28",82,3,252,230,6397,0.538846334219165,1995,7603,696,1279,18,5702,36,2410,12,36
"258","2020-05-29",76,3,254,205,6397,0.538846334219165,1995,7603,696,1279,19,5721,26,2436,15,26
"259","2020-05-30",76,3,274,210,6397,0.538846334219165,1995,7603,696,1279,11,5732,26,2462,10,26
"260","2020-05-31",76,3,297,203,6397,0.538846334219165,1995,7603,696,1279,21,5753,18,2480,18,18
"261","2020-06-01",71,3,287,206,6397,0.538846334219165,1995,7603,696,1279,20,5773,20,2500,19,20
"262","2020-06-02",66,3,294,207,6397,0.538846334219165,1995,7603,696,1279,15,5788,16,2516,11,16
"263","2020-06-03",66,3,279,196,6397,0.538846334219165,1995,7603,696,1279,16,5804,14,2530,13,14
"264","2020-06-04",69,3,260,187,6397,0.538846334219165,1995,7603,696,1279,10,5814,28,2558,8,28
"265","2020-06-05",65,3,260,174,6397,0.538846334219165,1995,7603,696,1279,6,5820,29,2587,5,29
"266","2020-06-06",71,3,258,173,6397,0.538846334219165,1995,7603,696,1279,6,5826,13,2600,3,13
"267","2020-06-07",60,3,248,166,6397,0.538846334219165,1995,7603,696,1279,11,5837,13,2613,4,13
"268","2020-03-08",1,4,0,0,5196,0.712471131639723,2010,7396,562,737,NA,NA,NA,NA,NA,NA
"269","2020-03-09",1,4,0,0,5196,0.712471131639723,2010,7396,562,737,NA,NA,NA,NA,NA,NA
"270","2020-03-10",0,4,0,0,5196,0.712471131639723,2010,7396,562,737,NA,NA,14,14,NA,14
"271","2020-03-11",0,4,0,0,5196,0.712471131639723,2010,7396,562,737,52,52,46,60,5,46
"272","2020-03-12",0,4,0,0,5196,0.712471131639723,2010,7396,562,737,52,104,27,87,11,27
"273","2020-03-13",3,4,33,64,5196,0.712471131639723,2010,7396,562,737,67,171,22,109,19,22
"274","2020-03-14",8,4,43,85,5196,0.712471131639723,2010,7396,562,737,70,241,41,150,22,41
"275","2020-03-15",12,4,53,107,5196,0.712471131639723,2010,7396,562,737,72,313,13,163,32,13
"276","2020-03-16",16,4,53,141,5196,0.712471131639723,2010,7396,562,737,93,406,11,174,51,11
"277","2020-03-17",17,4,52,176,5196,0.712471131639723,2010,7396,562,737,86,492,16,190,46,16
"278","2020-03-18",24,4,54,206,5196,0.712471131639723,2010,7396,562,737,93,585,7,197,46,7
"279","2020-03-19",32,4,92,239,5196,0.712471131639723,2010,7396,562,737,77,662,5,202,39,5
"280","2020-03-20",44,4,103,287,5196,0.712471131639723,2010,7396,562,737,87,749,10,212,53,10
"281","2020-03-21",57,4,106,338,5196,0.712471131639723,2010,7396,562,737,81,830,10,222,48,10
"282","2020-03-22",77,4,101,384,5196,0.712471131639723,2010,7396,562,737,115,945,16,238,61,16
"283","2020-03-23",83,4,119,413,5196,0.712471131639723,2010,7396,562,737,92,1037,15,253,61,15
"284","2020-03-24",92,4,134,461,5196,0.712471131639723,2010,7396,562,737,108,1145,13,266,65,13
"285","2020-03-25",103,4,134,515,5196,0.712471131639723,2010,7396,562,737,84,1229,8,274,60,8
"286","2020-03-26",111,4,133,571,5196,0.712471131639723,2010,7396,562,737,91,1320,7,281,53,7
"287","2020-03-27",139,4,142,616,5196,0.712471131639723,2010,7396,562,737,89,1409,63,344,45,63
"288","2020-03-28",188,4,141,644,5196,0.712471131639723,2010,7396,562,737,97,1506,30,374,55,30
"289","2020-03-29",191,4,134,674,5196,0.712471131639723,2010,7396,562,737,115,1621,19,393,66,19
"290","2020-03-30",180,4,109,707,5196,0.712471131639723,2010,7396,562,737,121,1742,26,419,81,26
"291","2020-03-31",185,4,109,740,5196,0.712471131639723,2010,7396,562,737,87,1829,16,435,41,16
"292","2020-04-01",193,4,109,777,5196,0.712471131639723,2010,7396,562,737,112,1941,16,451,68,16
"293","2020-04-02",203,4,114,801,5196,0.712471131639723,2010,7396,562,737,85,2026,17,468,50,17
"294","2020-04-03",273,4,104,845,5196,0.712471131639723,2010,7396,562,737,89,2115,17,485,52,17
"295","2020-04-04",256,4,134,854,5196,0.712471131639723,2010,7396,562,737,93,2208,70,555,56,70
"296","2020-04-05",252,4,134,872,5196,0.712471131639723,2010,7396,562,737,112,2320,49,604,67,49
"297","2020-04-06",246,4,132,894,5196,0.712471131639723,2010,7396,562,737,92,2412,42,646,59,42
"298","2020-04-07",237,4,143,909,5196,0.712471131639723,2010,7396,562,737,103,2515,26,672,58,26
"299","2020-04-08",249,4,140,941,5196,0.712471131639723,2010,7396,562,737,98,2613,49,721,57,49
"300","2020-04-09",265,4,134,965,5196,0.712471131639723,2010,7396,562,737,84,2697,38,759,54,38
"301","2020-04-10",298,4,141,996,5196,0.712471131639723,2010,7396,562,737,97,2794,59,818,54,59
"302","2020-04-11",348,4,149,988,5196,0.712471131639723,2010,7396,562,737,78,2872,29,847,46,29
"303","2020-04-12",323,4,173,1023,5196,0.712471131639723,2010,7396,562,737,81,2953,38,885,42,38
"304","2020-04-13",330,4,165,1004,5196,0.712471131639723,2010,7396,562,737,79,3032,28,913,39,28
"305","2020-04-14",337,4,174,1000,5196,0.712471131639723,2010,7396,562,737,89,3121,32,945,44,32
"306","2020-04-15",336,4,163,998,5196,0.712471131639723,2010,7396,562,737,81,3202,54,999,44,54
"307","2020-04-16",339,4,150,994,5196,0.712471131639723,2010,7396,562,737,77,3279,45,1044,36,45
"308","2020-04-17",348,4,148,970,5196,0.712471131639723,2010,7396,562,737,96,3375,28,1072,50,28
"309","2020-04-18",308,4,171,989,5196,0.712471131639723,2010,7396,562,737,94,3469,11,1083,47,11
"310","2020-04-19",301,4,213,978,5196,0.712471131639723,2010,7396,562,737,83,3552,31,1114,43,31
"311","2020-04-20",304,4,221,977,5196,0.712471131639723,2010,7396,562,737,83,3635,36,1150,44,36
"312","2020-04-21",299,4,215,974,5196,0.712471131639723,2010,7396,562,737,62,3697,21,1171,36,21
"313","2020-04-22",295,4,188,973,5196,0.712471131639723,2010,7396,562,737,64,3761,12,1183,29,12
"314","2020-04-23",282,4,167,986,5196,0.712471131639723,2010,7396,562,737,72,3833,20,1203,41,20
"315","2020-04-24",304,4,153,972,5196,0.712471131639723,2010,7396,562,737,66,3899,30,1233,36,30
"316","2020-04-25",319,4,140,934,5196,0.712471131639723,2010,7396,562,737,69,3968,53,1286,28,53
"317","2020-04-26",296,4,150,923,5196,0.712471131639723,2010,7396,562,737,76,4044,25,1311,50,25
"318","2020-04-27",304,4,169,914,5196,0.712471131639723,2010,7396,562,737,59,4103,57,1368,30,57
"319","2020-04-28",304,4,143,880,5196,0.712471131639723,2010,7396,562,737,69,4172,39,1407,35,39
"320","2020-04-29",303,4,128,859,5196,0.712471131639723,2010,7396,562,737,44,4216,23,1430,20,23
"321","2020-04-30",306,4,113,842,5196,0.712471131639723,2010,7396,562,737,67,4283,57,1487,35,57
"322","2020-05-01",291,4,96,833,5196,0.712471131639723,2010,7396,562,737,60,4343,39,1526,34,39
"323","2020-05-02",284,4,81,808,5196,0.712471131639723,2010,7396,562,737,46,4389,28,1554,23,28
"324","2020-05-03",303,4,80,767,5196,0.712471131639723,2010,7396,562,737,52,4441,18,1572,23,18
"325","2020-05-04",286,4,124,723,5196,0.712471131639723,2010,7396,562,737,49,4490,25,1597,21,25
"326","2020-05-05",268,4,118,683,5196,0.712471131639723,2010,7396,562,737,42,4532,30,1627,14,30
"327","2020-05-06",264,4,116,670,5196,0.712471131639723,2010,7396,562,737,59,4591,25,1652,31,25
"328","2020-05-07",254,4,113,661,5196,0.712471131639723,2010,7396,562,737,43,4634,20,1672,20,20
"329","2020-05-08",270,4,116,645,5196,0.712471131639723,2010,7396,562,737,45,4679,43,1715,24,43
"330","2020-05-09",257,4,135,629,5196,0.712471131639723,2010,7396,562,737,53,4732,33,1748,26,33
"331","2020-05-10",228,4,132,616,5196,0.712471131639723,2010,7396,562,737,43,4775,21,1769,18,21
"332","2020-05-11",224,4,124,595,5196,0.712471131639723,2010,7396,562,737,37,4812,24,1793,14,24
"333","2020-05-12",207,4,122,559,5196,0.712471131639723,2010,7396,562,737,44,4856,16,1809,18,16
"334","2020-05-13",198,4,142,548,5196,0.712471131639723,2010,7396,562,737,46,4902,38,1847,19,38
"335","2020-05-14",187,4,141,525,5196,0.712471131639723,2010,7396,562,737,46,4948,50,1897,24,50
"336","2020-05-15",170,4,125,491,5196,0.712471131639723,2010,7396,562,737,31,4979,29,1926,10,29
"337","2020-05-16",170,4,114,482,5196,0.712471131639723,2010,7396,562,737,28,5007,33,1959,15,33
"338","2020-05-17",164,4,144,465,5196,0.712471131639723,2010,7396,562,737,37,5044,34,1993,20,34
"339","2020-05-18",159,4,137,453,5196,0.712471131639723,2010,7396,562,737,40,5084,49,2042,23,49
"340","2020-05-19",161,4,148,441,5196,0.712471131639723,2010,7396,562,737,47,5131,56,2098,20,56
"341","2020-05-20",157,4,196,426,5196,0.712471131639723,2010,7396,562,737,48,5179,46,2144,21,46
"342","2020-05-21",165,4,227,417,5196,0.712471131639723,2010,7396,562,737,39,5218,37,2181,23,37
"343","2020-05-22",168,4,209,397,5196,0.712471131639723,2010,7396,562,737,23,5241,28,2209,12,28
"344","2020-05-23",170,4,203,377,5196,0.712471131639723,2010,7396,562,737,24,5265,22,2231,9,22
"345","2020-05-24",149,4,203,377,5196,0.712471131639723,2010,7396,562,737,31,5296,36,2267,15,36
"346","2020-05-25",138,4,227,370,5196,0.712471131639723,2010,7396,562,737,29,5325,36,2303,18,36
"347","2020-05-26",132,4,226,365,5196,0.712471131639723,2010,7396,562,737,26,5351,31,2334,15,31
"348","2020-05-27",127,4,253,355,5196,0.712471131639723,2010,7396,562,737,22,5373,18,2352,10,18
"349","2020-05-28",116,4,243,349,5196,0.712471131639723,2010,7396,562,737,26,5399,20,2372,16,20
"350","2020-05-29",122,4,228,339,5196,0.712471131639723,2010,7396,562,737,22,5421,17,2389,13,17
"351","2020-05-30",127,4,217,328,5196,0.712471131639723,2010,7396,562,737,25,5446,10,2399,13,10
"352","2020-05-31",119,4,194,319,5196,0.712471131639723,2010,7396,562,737,21,5467,19,2418,10,19
"353","2020-06-01",111,4,205,317,5196,0.712471131639723,2010,7396,562,737,21,5488,46,2464,12,46
"354","2020-06-02",101,4,194,301,5196,0.712471131639723,2010,7396,562,737,23,5511,29,2493,15,29
"355","2020-06-03",105,4,185,278,5196,0.712471131639723,2010,7396,562,737,15,5526,17,2510,7,17
"356","2020-06-04",104,4,171,275,5196,0.712471131639723,2010,7396,562,737,24,5550,14,2524,9,14
"357","2020-06-05",92,4,155,262,5196,0.712471131639723,2010,7396,562,737,24,5574,18,2542,10,18
"358","2020-06-06",82,4,155,252,5196,0.712471131639723,2010,7396,562,737,17,5591,17,2559,9,17
"359","2020-06-07",82,4,171,226,5196,0.712471131639723,2010,7396,562,737,12,5603,23,2582,6,23
"360","2020-03-14",5,5,32,96,5598,0.651304037156127,2085,7861,621,509,13,46,13,63,3,13
"361","2020-03-15",10,5,28,123,5598,0.651304037156127,2085,7861,621,509,18,64,16,79,6,16
"362","2020-03-16",13,5,28,153,5598,0.651304037156127,2085,7861,621,509,31,95,19,98,16,19
"363","2020-03-17",17,5,31,192,5598,0.651304037156127,2085,7861,621,509,26,121,11,109,14,11
"364","2020-03-18",21,5,38,244,5598,0.651304037156127,2085,7861,621,509,30,151,24,133,15,24
"365","2020-03-19",29,5,46,285,5598,0.651304037156127,2085,7861,621,509,43,194,42,175,32,42
"366","2020-03-20",44,5,50,331,5598,0.651304037156127,2085,7861,621,509,36,230,22,197,29,22
"367","2020-03-21",82,5,47,386,5598,0.651304037156127,2085,7861,621,509,49,279,37,234,40,37
"368","2020-03-22",101,5,47,423,5598,0.651304037156127,2085,7861,621,509,45,324,37,271,32,37
"369","2020-03-23",97,5,58,478,5598,0.651304037156127,2085,7861,621,509,47,371,52,323,31,52
"370","2020-03-24",116,5,71,527,5598,0.651304037156127,2085,7861,621,509,52,423,41,364,34,41
"371","2020-03-25",133,5,86,562,5598,0.651304037156127,2085,7861,621,509,77,500,40,404,61,40
"372","2020-03-26",157,5,94,610,5598,0.651304037156127,2085,7861,621,509,75,575,41,445,63,41
"373","2020-03-27",178,5,100,657,5598,0.651304037156127,2085,7861,621,509,84,659,49,494,70,49
"374","2020-03-28",196,5,90,690,5598,0.651304037156127,2085,7861,621,509,84,743,32,526,66,32
"375","2020-03-29",216,5,86,729,5598,0.651304037156127,2085,7861,621,509,97,840,36,562,82,36
"376","2020-03-30",220,5,77,777,5598,0.651304037156127,2085,7861,621,509,87,927,48,610,77,48
"377","2020-03-31",212,5,96,827,5598,0.651304037156127,2085,7861,621,509,112,1039,31,641,101,31
"378","2020-04-01",214,5,103,861,5598,0.651304037156127,2085,7861,621,509,120,1159,33,674,100,33
"379","2020-04-02",212,5,105,892,5598,0.651304037156127,2085,7861,621,509,92,1251,56,730,82,56
"380","2020-04-03",279,5,124,960,5598,0.651304037156127,2085,7861,621,509,144,1395,31,761,129,31
"381","2020-04-04",288,5,129,990,5598,0.651304037156127,2085,7861,621,509,113,1508,21,782,97,21
"382","2020-04-05",308,5,132,1016,5598,0.651304037156127,2085,7861,621,509,102,1610,21,803,95,21
"383","2020-04-06",312,5,136,1050,5598,0.651304037156127,2085,7861,621,509,156,1766,11,814,142,11
"384","2020-04-07",315,5,133,1087,5598,0.651304037156127,2085,7861,621,509,151,1917,22,836,134,22
"385","2020-04-08",338,5,137,1102,5598,0.651304037156127,2085,7861,621,509,178,2095,20,856,161,20
"386","2020-04-09",349,5,147,1147,5598,0.651304037156127,2085,7861,621,509,148,2243,23,879,133,23
"387","2020-04-10",408,5,131,1170,5598,0.651304037156127,2085,7861,621,509,168,2411,48,927,158,48
"388","2020-04-11",411,5,148,1166,5598,0.651304037156127,2085,7861,621,509,159,2570,33,960,142,33
"389","2020-04-12",385,5,143,1181,5598,0.651304037156127,2085,7861,621,509,173,2743,29,989,161,29
"390","2020-04-13",397,5,141,1218,5598,0.651304037156127,2085,7861,621,509,165,2908,41,1030,147,41
"391","2020-04-14",389,5,149,1229,5598,0.651304037156127,2085,7861,621,509,171,3079,39,1069,160,39
"392","2020-04-15",388,5,162,1258,5598,0.651304037156127,2085,7861,621,509,165,3244,47,1116,151,47
"393","2020-04-16",390,5,152,1249,5598,0.651304037156127,2085,7861,621,509,162,3406,43,1159,146,43
"394","2020-04-17",444,5,165,1271,5598,0.651304037156127,2085,7861,621,509,136,3542,29,1188,121,29
"395","2020-04-18",436,5,153,1275,5598,0.651304037156127,2085,7861,621,509,102,3644,21,1209,94,21
"396","2020-04-19",424,5,157,1237,5598,0.651304037156127,2085,7861,621,509,164,3808,25,1234,145,25
"397","2020-04-20",420,5,172,1207,5598,0.651304037156127,2085,7861,621,509,135,3943,53,1287,127,53
"398","2020-04-21",420,5,183,1195,5598,0.651304037156127,2085,7861,621,509,130,4073,49,1336,125,49
"399","2020-04-22",423,5,178,1165,5598,0.651304037156127,2085,7861,621,509,99,4172,48,1384,91,48
"400","2020-04-23",420,5,184,1119,5598,0.651304037156127,2085,7861,621,509,129,4301,48,1432,121,48
"401","2020-04-24",394,5,179,1065,5598,0.651304037156127,2085,7861,621,509,76,4377,31,1463,73,31
"402","2020-04-25",407,5,191,1025,5598,0.651304037156127,2085,7861,621,509,79,4456,33,1496,69,33
"403","2020-04-26",368,5,175,969,5598,0.651304037156127,2085,7861,621,509,84,4540,28,1524,75,28
"404","2020-04-27",348,5,166,947,5598,0.651304037156127,2085,7861,621,509,80,4620,26,1550,69,26
"405","2020-04-28",331,5,141,894,5598,0.651304037156127,2085,7861,621,509,57,4677,19,1569,49,19
"406","2020-04-29",316,5,124,876,5598,0.651304037156127,2085,7861,621,509,59,4736,21,1590,48,21
"407","2020-04-30",303,5,112,820,5598,0.651304037156127,2085,7861,621,509,56,4792,31,1621,49,31
"408","2020-05-01",287,5,121,815,5598,0.651304037156127,2085,7861,621,509,54,4846,31,1652,45,31
"409","2020-05-02",293,5,108,796,5598,0.651304037156127,2085,7861,621,509,55,4901,25,1677,48,25
"410","2020-05-03",269,5,111,753,5598,0.651304037156127,2085,7861,621,509,46,4947,18,1695,40,18
"411","2020-05-04",256,5,121,743,5598,0.651304037156127,2085,7861,621,509,44,4991,15,1710,34,15
"412","2020-05-05",256,5,140,709,5598,0.651304037156127,2085,7861,621,509,41,5032,17,1727,34,17
"413","2020-05-06",247,5,134,674,5598,0.651304037156127,2085,7861,621,509,44,5076,24,1751,39,24
"414","2020-05-07",242,5,127,662,5598,0.651304037156127,2085,7861,621,509,37,5113,42,1793,31,42
"415","2020-05-08",244,5,122,630,5598,0.651304037156127,2085,7861,621,509,32,5145,55,1848,28,55
"416","2020-05-09",231,5,120,619,5598,0.651304037156127,2085,7861,621,509,28,5173,49,1897,21,49
"417","2020-05-10",214,5,98,590,5598,0.651304037156127,2085,7861,621,509,35,5208,35,1932,30,35
"418","2020-05-11",214,5,93,576,5598,0.651304037156127,2085,7861,621,509,33,5241,43,1975,23,43
"419","2020-05-12",209,5,88,573,5598,0.651304037156127,2085,7861,621,509,35,5276,54,2029,29,54
"420","2020-05-13",211,5,77,556,5598,0.651304037156127,2085,7861,621,509,26,5302,50,2079,19,50
"421","2020-05-14",213,5,73,549,5598,0.651304037156127,2085,7861,621,509,26,5328,36,2115,21,36
"422","2020-05-15",210,5,68,540,5598,0.651304037156127,2085,7861,621,509,22,5350,17,2132,13,17
"423","2020-05-16",205,5,63,522,5598,0.651304037156127,2085,7861,621,509,28,5378,22,2154,23,22
"424","2020-05-17",190,5,58,498,5598,0.651304037156127,2085,7861,621,509,29,5407,16,2170,21,16
"425","2020-05-18",178,5,56,478,5598,0.651304037156127,2085,7861,621,509,21,5428,30,2200,15,30
"426","2020-05-19",164,5,58,456,5598,0.651304037156127,2085,7861,621,509,20,5448,38,2238,12,38
"427","2020-05-20",162,5,59,423,5598,0.651304037156127,2085,7861,621,509,17,5465,34,2272,14,34
"428","2020-05-21",156,5,55,418,5598,0.651304037156127,2085,7861,621,509,13,5478,37,2309,10,37
"429","2020-05-22",142,5,58,391,5598,0.651304037156127,2085,7861,621,509,11,5489,28,2337,7,28
"430","2020-05-23",140,5,76,372,5598,0.651304037156127,2085,7861,621,509,11,5500,36,2373,8,36
"431","2020-05-24",127,5,95,351,5598,0.651304037156127,2085,7861,621,509,14,5514,47,2420,11,47
"432","2020-05-25",121,5,105,332,5598,0.651304037156127,2085,7861,621,509,16,5530,41,2461,10,41
"433","2020-05-26",124,5,98,296,5598,0.651304037156127,2085,7861,621,509,11,5541,31,2492,8,31
"434","2020-05-27",109,5,91,284,5598,0.651304037156127,2085,7861,621,509,13,5554,24,2516,8,24
"435","2020-05-28",107,5,85,273,5598,0.651304037156127,2085,7861,621,509,8,5562,23,2539,7,23
"436","2020-05-29",101,5,97,247,5598,0.651304037156127,2085,7861,621,509,11,5573,18,2557,6,18
"437","2020-05-30",101,5,95,231,5598,0.651304037156127,2085,7861,621,509,11,5584,13,2570,5,13
"438","2020-05-31",99,5,109,222,5598,0.651304037156127,2085,7861,621,509,9,5593,32,2602,7,32
"439","2020-06-01",92,5,116,198,5598,0.651304037156127,2085,7861,621,509,7,5600,18,2620,4,18
"440","2020-06-02",83,5,110,200,5598,0.651304037156127,2085,7861,621,509,12,5612,19,2639,8,19
"441","2020-06-03",80,5,93,191,5598,0.651304037156127,2085,7861,621,509,5,5617,36,2675,3,36
"442","2020-06-04",70,5,101,179,5598,0.651304037156127,2085,7861,621,509,9,5626,38,2713,7,38
"443","2020-06-05",72,5,84,169,5598,0.651304037156127,2085,7861,621,509,12,5638,30,2743,10,30
"444","2020-06-06",64,5,72,165,5598,0.651304037156127,2085,7861,621,509,12,5650,19,2762,8,19
"445","2020-06-07",58,5,66,161,5598,0.651304037156127,2085,7861,621,509,3,5653,14,2776,3,14
"446","2020-03-07",1,6,0,0,5610,0.707664884135472,1935,7528,570,1365,NA,NA,NA,NA,NA,NA
"447","2020-03-08",1,6,0,0,5610,0.707664884135472,1935,7528,570,1365,NA,NA,NA,NA,NA,NA
"448","2020-03-09",0,6,0,0,5610,0.707664884135472,1935,7528,570,1365,NA,NA,NA,NA,NA,NA
"449","2020-03-10",0,6,0,0,5610,0.707664884135472,1935,7528,570,1365,NA,NA,1,1,NA,1
"450","2020-03-11",0,6,0,0,5610,0.707664884135472,1935,7528,570,1365,12,12,8,9,NA,8
"451","2020-03-12",0,6,0,0,5610,0.707664884135472,1935,7528,570,1365,27,39,25,34,2,25
"452","2020-03-13",2,6,98,84,5610,0.707664884135472,1935,7528,570,1365,19,58,10,44,1,10
"453","2020-03-14",13,6,120,118,5610,0.707664884135472,1935,7528,570,1365,32,90,12,56,10,12
"454","2020-03-15",15,6,137,156,5610,0.707664884135472,1935,7528,570,1365,44,134,7,63,17,7
"455","2020-03-16",20,6,143,218,5610,0.707664884135472,1935,7528,570,1365,41,175,8,71,14,8
"456","2020-03-17",28,6,135,270,5610,0.707664884135472,1935,7528,570,1365,55,230,8,79,22,8
"457","2020-03-18",37,6,115,346,5610,0.707664884135472,1935,7528,570,1365,46,276,4,83,26,4
"458","2020-03-19",52,6,111,406,5610,0.707664884135472,1935,7528,570,1365,43,319,5,88,22,5
"459","2020-03-20",84,6,111,460,5610,0.707664884135472,1935,7528,570,1365,61,380,14,102,37,14
"460","2020-03-21",113,6,143,514,5610,0.707664884135472,1935,7528,570,1365,64,444,33,135,38,33
"461","2020-03-22",132,6,167,579,5610,0.707664884135472,1935,7528,570,1365,78,522,30,165,53,30
"462","2020-03-23",146,6,181,625,5610,0.707664884135472,1935,7528,570,1365,92,614,46,211,61,46
"463","2020-03-24",161,6,154,671,5610,0.707664884135472,1935,7528,570,1365,76,690,53,264,51,53
"464","2020-03-25",181,6,151,704,5610,0.707664884135472,1935,7528,570,1365,87,777,63,327,57,63
"465","2020-03-26",201,6,132,738,5610,0.707664884135472,1935,7528,570,1365,101,878,26,353,78,26
"466","2020-03-27",248,6,122,757,5610,0.707664884135472,1935,7528,570,1365,111,989,24,377,83,24
"467","2020-03-28",265,6,149,794,5610,0.707664884135472,1935,7528,570,1365,112,1101,20,397,70,20
"468","2020-03-29",271,6,182,815,5610,0.707664884135472,1935,7528,570,1365,119,1220,10,407,89,10
"469","2020-03-30",279,6,211,829,5610,0.707664884135472,1935,7528,570,1365,104,1324,15,422,77,15
"470","2020-03-31",284,6,226,870,5610,0.707664884135472,1935,7528,570,1365,141,1465,37,459,114,37
"471","2020-04-01",284,6,212,886,5610,0.707664884135472,1935,7528,570,1365,118,1583,32,491,91,32
"472","2020-04-02",279,6,228,925,5610,0.707664884135472,1935,7528,570,1365,129,1712,19,510,99,19
"473","2020-04-03",303,6,217,927,5610,0.707664884135472,1935,7528,570,1365,124,1836,17,527,95,17
"474","2020-04-04",307,6,193,951,5610,0.707664884135472,1935,7528,570,1365,139,1975,14,541,106,14
"475","2020-04-05",321,6,177,975,5610,0.707664884135472,1935,7528,570,1365,121,2096,12,553,93,12
"476","2020-04-06",308,6,202,975,5610,0.707664884135472,1935,7528,570,1365,126,2222,9,562,103,9
"477","2020-04-07",317,6,191,1007,5610,0.707664884135472,1935,7528,570,1365,154,2376,12,574,125,12
"478","2020-04-08",330,6,172,1019,5610,0.707664884135472,1935,7528,570,1365,153,2529,15,589,138,15
"479","2020-04-09",337,6,148,1010,5610,0.707664884135472,1935,7528,570,1365,115,2644,16,605,94,16
"480","2020-04-10",382,6,134,1039,5610,0.707664884135472,1935,7528,570,1365,133,2777,14,619,112,14
"481","2020-04-11",389,6,114,1053,5610,0.707664884135472,1935,7528,570,1365,137,2914,16,635,109,16
"482","2020-04-12",351,6,111,1061,5610,0.707664884135472,1935,7528,570,1365,115,3029,22,657,88,22
"483","2020-04-13",357,6,160,1057,5610,0.707664884135472,1935,7528,570,1365,116,3145,25,682,103,25
"484","2020-04-14",351,6,172,1048,5610,0.707664884135472,1935,7528,570,1365,102,3247,51,733,83,51
"485","2020-04-15",333,6,165,1046,5610,0.707664884135472,1935,7528,570,1365,133,3380,61,794,107,61
"486","2020-04-16",336,6,148,1042,5610,0.707664884135472,1935,7528,570,1365,112,3492,16,810,86,16
"487","2020-04-17",351,6,193,1064,5610,0.707664884135472,1935,7528,570,1365,99,3591,14,824,78,14
"488","2020-04-18",366,6,231,1054,5610,0.707664884135472,1935,7528,570,1365,105,3696,18,842,87,18
"489","2020-04-19",336,6,268,1045,5610,0.707664884135472,1935,7528,570,1365,89,3785,18,860,75,18
"490","2020-04-20",336,6,298,1008,5610,0.707664884135472,1935,7528,570,1365,77,3862,28,888,61,28
"491","2020-04-21",332,6,278,984,5610,0.707664884135472,1935,7528,570,1365,93,3955,38,926,68,38
"492","2020-04-22",333,6,304,969,5610,0.707664884135472,1935,7528,570,1365,71,4026,37,963,52,37
"493","2020-04-23",323,6,295,970,5610,0.707664884135472,1935,7528,570,1365,90,4116,19,982,66,19
"494","2020-04-24",346,6,269,947,5610,0.707664884135472,1935,7528,570,1365,62,4178,11,993,41,11
"495","2020-04-25",319,6,245,930,5610,0.707664884135472,1935,7528,570,1365,69,4247,47,1040,48,47
"496","2020-04-26",308,6,233,920,5610,0.707664884135472,1935,7528,570,1365,86,4333,23,1063,59,23
"497","2020-04-27",297,6,215,904,5610,0.707664884135472,1935,7528,570,1365,59,4392,15,1078,43,15
"498","2020-04-28",279,6,184,904,5610,0.707664884135472,1935,7528,570,1365,66,4458,37,1115,46,37
"499","2020-04-29",287,6,165,899,5610,0.707664884135472,1935,7528,570,1365,45,4503,24,1139,29,24
"500","2020-04-30",298,6,164,892,5610,0.707664884135472,1935,7528,570,1365,49,4552,62,1201,39,62
"501","2020-05-01",285,6,167,853,5610,0.707664884135472,1935,7528,570,1365,61,4613,35,1236,39,35
"502","2020-05-02",312,6,154,826,5610,0.707664884135472,1935,7528,570,1365,50,4663,30,1266,30,30
"503","2020-05-03",282,6,139,797,5610,0.707664884135472,1935,7528,570,1365,56,4719,36,1302,35,36
"504","2020-05-04",264,6,130,757,5610,0.707664884135472,1935,7528,570,1365,38,4757,31,1333,29,31
"505","2020-05-05",261,6,126,722,5610,0.707664884135472,1935,7528,570,1365,51,4808,68,1401,27,68
"506","2020-05-06",255,6,154,692,5610,0.707664884135472,1935,7528,570,1365,47,4855,50,1451,20,50
"507","2020-05-07",243,6,163,678,5610,0.707664884135472,1935,7528,570,1365,27,4882,76,1527,18,76
"508","2020-05-08",251,6,204,656,5610,0.707664884135472,1935,7528,570,1365,44,4926,45,1572,24,45
"509","2020-05-09",226,6,182,631,5610,0.707664884135472,1935,7528,570,1365,31,4957,70,1642,17,70
"510","2020-05-10",220,6,158,610,5610,0.707664884135472,1935,7528,570,1365,31,4988,67,1709,17,67
"511","2020-05-11",229,6,148,597,5610,0.707664884135472,1935,7528,570,1365,36,5024,49,1758,15,49
"512","2020-05-12",225,6,136,571,5610,0.707664884135472,1935,7528,570,1365,30,5054,45,1803,16,45
"513","2020-05-13",219,6,133,557,5610,0.707664884135472,1935,7528,570,1365,40,5094,24,1827,23,24
"514","2020-05-14",214,6,127,528,5610,0.707664884135472,1935,7528,570,1365,34,5128,19,1846,20,19
"515","2020-05-15",201,6,159,509,5610,0.707664884135472,1935,7528,570,1365,27,5155,25,1871,13,25
"516","2020-05-16",193,6,204,502,5610,0.707664884135472,1935,7528,570,1365,20,5175,12,1883,12,12
"517","2020-05-17",175,6,207,477,5610,0.707664884135472,1935,7528,570,1365,33,5208,12,1895,21,12
"518","2020-05-18",160,6,212,449,5610,0.707664884135472,1935,7528,570,1365,28,5236,2,1897,16,2
"519","2020-05-19",156,6,240,442,5610,0.707664884135472,1935,7528,570,1365,20,5256,12,1909,16,12
"520","2020-05-20",155,6,221,433,5610,0.707664884135472,1935,7528,570,1365,24,5280,16,1925,7,16
"521","2020-05-21",140,6,199,427,5610,0.707664884135472,1935,7528,570,1365,10,5290,26,1951,7,26
"522","2020-05-22",145,6,200,407,5610,0.707664884135472,1935,7528,570,1365,22,5312,13,1964,8,13
"523","2020-05-23",157,6,231,401,5610,0.707664884135472,1935,7528,570,1365,19,5331,12,1976,12,12
"524","2020-05-24",143,6,225,390,5610,0.707664884135472,1935,7528,570,1365,19,5350,48,2024,8,48
"525","2020-05-25",135,6,243,376,5610,0.707664884135472,1935,7528,570,1365,14,5364,45,2069,6,45
"526","2020-05-26",129,6,243,356,5610,0.707664884135472,1935,7528,570,1365,17,5381,23,2092,8,23
"527","2020-05-27",124,6,222,355,5610,0.707664884135472,1935,7528,570,1365,11,5392,24,2116,9,24
"528","2020-05-28",126,6,185,337,5610,0.707664884135472,1935,7528,570,1365,13,5405,24,2140,6,24
"529","2020-05-29",124,6,174,310,5610,0.707664884135472,1935,7528,570,1365,12,5417,13,2153,5,13
"530","2020-05-30",114,6,149,300,5610,0.707664884135472,1935,7528,570,1365,9,5426,27,2180,3,27
"531","2020-05-31",101,6,128,300,5610,0.707664884135472,1935,7528,570,1365,8,5434,32,2212,5,32
"532","2020-06-01",103,6,110,286,5610,0.707664884135472,1935,7528,570,1365,6,5440,25,2237,2,25
"533","2020-06-02",98,6,107,276,5610,0.707664884135472,1935,7528,570,1365,7,5447,10,2247,4,10
"534","2020-06-03",94,6,129,272,5610,0.707664884135472,1935,7528,570,1365,9,5456,13,2260,2,13
"535","2020-06-04",89,6,125,259,5610,0.707664884135472,1935,7528,570,1365,16,5472,14,2274,6,14
"536","2020-06-05",78,6,156,253,5610,0.707664884135472,1935,7528,570,1365,7,5479,22,2296,2,22
"537","2020-06-06",77,6,181,237,5610,0.707664884135472,1935,7528,570,1365,8,5487,22,2318,5,22
"538","2020-06-07",88,6,164,221,5610,0.707664884135472,1935,7528,570,1365,9,5496,11,2329,5,11
"539","2020-03-08",1,7,0,0,5717,0.390064719258352,1965,7856,564,526,NA,NA,NA,NA,NA,NA
"540","2020-03-09",1,7,0,0,5717,0.390064719258352,1965,7856,564,526,NA,NA,NA,NA,NA,NA
"541","2020-03-10",0,7,0,0,5717,0.390064719258352,1965,7856,564,526,NA,NA,4,4,NA,4
"542","2020-03-11",0,7,0,0,5717,0.390064719258352,1965,7856,564,526,16,16,36,40,NA,36
"543","2020-03-12",2,7,22,111,5717,0.390064719258352,1965,7856,564,526,15,31,20,60,3,20
"544","2020-03-13",10,7,29,154,5717,0.390064719258352,1965,7856,564,526,31,62,32,92,14,32
"545","2020-03-14",16,7,46,195,5717,0.390064719258352,1965,7856,564,526,19,81,53,145,9,53
"546","2020-03-15",34,7,48,242,5717,0.390064719258352,1965,7856,564,526,22,103,40,185,11,40
"547","2020-03-16",44,7,69,291,5717,0.390064719258352,1965,7856,564,526,25,128,31,216,15,31
"548","2020-03-17",50,7,60,353,5717,0.390064719258352,1965,7856,564,526,36,164,50,266,15,50
"549","2020-03-18",60,7,83,415,5717,0.390064719258352,1965,7856,564,526,40,204,39,305,29,39
"550","2020-03-19",74,7,93,462,5717,0.390064719258352,1965,7856,564,526,38,242,31,336,23,31
"551","2020-03-20",114,7,88,508,5717,0.390064719258352,1965,7856,564,526,35,277,13,349,24,13
"552","2020-03-21",138,7,92,555,5717,0.390064719258352,1965,7856,564,526,35,312,1,350,29,1
"553","2020-03-22",131,7,88,622,5717,0.390064719258352,1965,7856,564,526,44,356,10,360,30,10
"554","2020-03-23",137,7,93,664,5717,0.390064719258352,1965,7856,564,526,51,407,29,389,38,29
"555","2020-03-24",141,7,107,721,5717,0.390064719258352,1965,7856,564,526,68,475,39,428,53,39
"556","2020-03-25",158,7,108,765,5717,0.390064719258352,1965,7856,564,526,80,555,52,480,66,52
"557","2020-03-26",176,7,106,792,5717,0.390064719258352,1965,7856,564,526,65,620,39,519,56,39
"558","2020-03-27",223,7,111,826,5717,0.390064719258352,1965,7856,564,526,97,717,31,550,82,31
"559","2020-03-28",281,7,136,845,5717,0.390064719258352,1965,7856,564,526,89,806,8,558,79,8
"560","2020-03-29",286,7,143,902,5717,0.390064719258352,1965,7856,564,526,90,896,19,577,78,19
"561","2020-03-30",274,7,142,912,5717,0.390064719258352,1965,7856,564,526,116,1012,48,625,102,48
"562","2020-03-31",286,7,130,936,5717,0.390064719258352,1965,7856,564,526,102,1114,46,671,87,46
"563","2020-04-01",301,7,113,949,5717,0.390064719258352,1965,7856,564,526,107,1221,23,694,91,23
"564","2020-04-02",303,7,119,958,5717,0.390064719258352,1965,7856,564,526,114,1335,29,723,101,29
"565","2020-04-03",338,7,137,980,5717,0.390064719258352,1965,7856,564,526,113,1448,42,765,103,42
"566","2020-04-04",321,7,113,992,5717,0.390064719258352,1965,7856,564,526,121,1569,23,788,107,23
"567","2020-04-05",317,7,113,998,5717,0.390064719258352,1965,7856,564,526,115,1684,22,810,104,22
"568","2020-04-06",316,7,97,990,5717,0.390064719258352,1965,7856,564,526,129,1813,15,825,113,15
"569","2020-04-07",327,7,88,1031,5717,0.390064719258352,1965,7856,564,526,126,1939,6,831,118,6
"570","2020-04-08",325,7,109,1037,5717,0.390064719258352,1965,7856,564,526,108,2047,45,876,101,45
"571","2020-04-09",319,7,125,1046,5717,0.390064719258352,1965,7856,564,526,123,2170,52,928,115,52
"572","2020-04-10",351,7,150,1074,5717,0.390064719258352,1965,7856,564,526,126,2296,30,958,110,30
"573","2020-04-11",360,7,147,1095,5717,0.390064719258352,1965,7856,564,526,134,2430,49,1007,119,49
"574","2020-04-12",344,7,157,1078,5717,0.390064719258352,1965,7856,564,526,145,2575,40,1047,131,40
"575","2020-04-13",347,7,154,1091,5717,0.390064719258352,1965,7856,564,526,106,2681,21,1068,94,21
"576","2020-04-14",335,7,162,1051,5717,0.390064719258352,1965,7856,564,526,126,2807,21,1089,116,21
"577","2020-04-15",331,7,173,1033,5717,0.390064719258352,1965,7856,564,526,131,2938,45,1134,115,45
"578","2020-04-16",327,7,156,1010,5717,0.390064719258352,1965,7856,564,526,128,3066,65,1199,119,65
"579","2020-04-17",332,7,180,985,5717,0.390064719258352,1965,7856,564,526,133,3199,46,1245,120,46
"580","2020-04-18",344,7,189,979,5717,0.390064719258352,1965,7856,564,526,101,3300,39,1284,91,39
"581","2020-04-19",327,7,181,968,5717,0.390064719258352,1965,7856,564,526,110,3410,21,1305,99,21
"582","2020-04-20",314,7,164,950,5717,0.390064719258352,1965,7856,564,526,126,3536,19,1324,112,19
"583","2020-04-21",308,7,140,929,5717,0.390064719258352,1965,7856,564,526,106,3642,30,1354,96,30
"584","2020-04-22",307,7,142,914,5717,0.390064719258352,1965,7856,564,526,81,3723,19,1373,68,19
"585","2020-04-23",316,7,159,919,5717,0.390064719258352,1965,7856,564,526,101,3824,24,1397,91,24
"586","2020-04-24",317,7,168,884,5717,0.390064719258352,1965,7856,564,526,82,3906,32,1429,71,32
"587","2020-04-25",288,7,175,878,5717,0.390064719258352,1965,7856,564,526,73,3979,35,1464,67,35
"588","2020-04-26",289,7,199,859,5717,0.390064719258352,1965,7856,564,526,82,4061,46,1510,68,46
"589","2020-04-27",290,7,207,848,5717,0.390064719258352,1965,7856,564,526,99,4160,33,1543,83,33
"590","2020-04-28",287,7,222,836,5717,0.390064719258352,1965,7856,564,526,74,4234,58,1601,63,58
"591","2020-04-29",279,7,217,827,5717,0.390064719258352,1965,7856,564,526,98,4332,78,1679,82,78
"592","2020-04-30",276,7,180,824,5717,0.390064719258352,1965,7856,564,526,68,4400,70,1749,58,70
"593","2020-05-01",265,7,184,799,5717,0.390064719258352,1965,7856,564,526,65,4465,36,1785,55,36
"594","2020-05-02",294,7,182,801,5717,0.390064719258352,1965,7856,564,526,62,4527,22,1807,54,22
"595","2020-05-03",264,7,167,792,5717,0.390064719258352,1965,7856,564,526,74,4601,28,1835,60,28
"596","2020-05-04",252,7,189,765,5717,0.390064719258352,1965,7856,564,526,65,4666,26,1861,50,26
"597","2020-05-05",242,7,201,748,5717,0.390064719258352,1965,7856,564,526,65,4731,16,1877,58,16
"598","2020-05-06",245,7,226,706,5717,0.390064719258352,1965,7856,564,526,44,4775,19,1896,38,19
"599","2020-05-07",235,7,209,704,5717,0.390064719258352,1965,7856,564,526,47,4822,19,1915,39,19
"600","2020-05-08",267,7,190,691,5717,0.390064719258352,1965,7856,564,526,50,4872,9,1924,40,9
"601","2020-05-09",267,7,186,674,5717,0.390064719258352,1965,7856,564,526,34,4906,9,1933,24,9
"602","2020-05-10",244,7,198,640,5717,0.390064719258352,1965,7856,564,526,43,4949,13,1946,38,13
"603","2020-05-11",236,7,194,609,5717,0.390064719258352,1965,7856,564,526,37,4986,39,1985,26,39
"604","2020-05-12",228,7,201,581,5717,0.390064719258352,1965,7856,564,526,42,5028,27,2012,34,27
"605","2020-05-13",216,7,180,559,5717,0.390064719258352,1965,7856,564,526,35,5063,18,2030,26,18
"606","2020-05-14",212,7,175,528,5717,0.390064719258352,1965,7856,564,526,38,5101,16,2046,32,16
"607","2020-05-15",203,7,173,502,5717,0.390064719258352,1965,7856,564,526,25,5126,38,2084,21,38
"608","2020-05-16",178,7,168,489,5717,0.390064719258352,1965,7856,564,526,33,5159,59,2143,26,59
"609","2020-05-17",178,7,161,471,5717,0.390064719258352,1965,7856,564,526,34,5193,30,2173,26,30
"610","2020-05-18",175,7,144,464,5717,0.390064719258352,1965,7856,564,526,32,5225,40,2213,23,40
"611","2020-05-19",170,7,130,447,5717,0.390064719258352,1965,7856,564,526,24,5249,35,2248,20,35
"612","2020-05-20",166,7,124,435,5717,0.390064719258352,1965,7856,564,526,35,5284,29,2277,25,29
"613","2020-05-21",170,7,132,419,5717,0.390064719258352,1965,7856,564,526,17,5301,41,2318,12,41
"614","2020-05-22",149,7,126,398,5717,0.390064719258352,1965,7856,564,526,20,5321,28,2346,15,28
"615","2020-05-23",160,7,136,374,5717,0.390064719258352,1965,7856,564,526,31,5352,16,2362,24,16
"616","2020-05-24",147,7,134,366,5717,0.390064719258352,1965,7856,564,526,10,5362,29,2391,6,29
"617","2020-05-25",144,7,144,344,5717,0.390064719258352,1965,7856,564,526,13,5375,21,2412,8,21
"618","2020-05-26",132,7,131,330,5717,0.390064719258352,1965,7856,564,526,18,5393,13,2425,14,13
"619","2020-05-27",128,7,126,309,5717,0.390064719258352,1965,7856,564,526,12,5405,24,2449,8,24
"620","2020-05-28",117,7,124,303,5717,0.390064719258352,1965,7856,564,526,23,5428,40,2489,18,40
"621","2020-05-29",131,7,116,298,5717,0.390064719258352,1965,7856,564,526,10,5438,22,2511,6,22
"622","2020-05-30",122,7,108,289,5717,0.390064719258352,1965,7856,564,526,9,5447,30,2541,8,30
"623","2020-05-31",109,7,107,275,5717,0.390064719258352,1965,7856,564,526,8,5455,40,2581,6,40
"624","2020-06-01",94,7,100,253,5717,0.390064719258352,1965,7856,564,526,9,5464,48,2629,8,48
"625","2020-06-02",91,7,105,246,5717,0.390064719258352,1965,7856,564,526,9,5473,42,2671,6,42
"626","2020-06-03",92,7,104,232,5717,0.390064719258352,1965,7856,564,526,9,5482,43,2714,4,43
"627","2020-06-04",90,7,105,232,5717,0.390064719258352,1965,7856,564,526,11,5493,29,2743,8,29
"628","2020-06-05",81,7,107,221,5717,0.390064719258352,1965,7856,564,526,11,5504,25,2768,4,25
"629","2020-06-06",75,7,110,216,5717,0.390064719258352,1965,7856,564,526,12,5516,31,2799,9,31
"630","2020-06-07",66,7,103,210,5717,0.390064719258352,1965,7856,564,526,12,5528,25,2824,6,25
"631","2020-03-13",4,8,111,102,5878,0.600884654644437,2025,7733,652,1259,26,73,14,41,1,14
"632","2020-03-14",8,8,131,137,5878,0.600884654644437,2025,7733,652,1259,36,109,15,56,5,15
"633","2020-03-15",13,8,138,178,5878,0.600884654644437,2025,7733,652,1259,40,149,7,63,9,7
"634","2020-03-16",17,8,138,226,5878,0.600884654644437,2025,7733,652,1259,31,180,6,69,8,6
"635","2020-03-17",26,8,163,285,5878,0.600884654644437,2025,7733,652,1259,40,220,14,83,17,14
"636","2020-03-18",36,8,163,349,5878,0.600884654644437,2025,7733,652,1259,46,266,14,97,21,14
"637","2020-03-19",46,8,167,408,5878,0.600884654644437,2025,7733,652,1259,46,312,7,104,17,7
"638","2020-03-20",75,8,195,475,5878,0.600884654644437,2025,7733,652,1259,44,356,13,117,20,13
"639","2020-03-21",105,8,209,541,5878,0.600884654644437,2025,7733,652,1259,55,411,18,135,34,18
"640","2020-03-22",142,8,216,605,5878,0.600884654644437,2025,7733,652,1259,48,459,30,165,28,30
"641","2020-03-23",154,8,218,670,5878,0.600884654644437,2025,7733,652,1259,72,531,11,176,44,11
"642","2020-03-24",163,8,213,723,5878,0.600884654644437,2025,7733,652,1259,72,603,35,211,41,35
"643","2020-03-25",181,8,245,800,5878,0.600884654644437,2025,7733,652,1259,42,645,30,241,22,30
"644","2020-03-26",193,8,238,867,5878,0.600884654644437,2025,7733,652,1259,87,732,17,258,58,17
"645","2020-03-27",249,8,240,935,5878,0.600884654644437,2025,7733,652,1259,59,791,16,274,40,16
"646","2020-03-28",313,8,218,990,5878,0.600884654644437,2025,7733,652,1259,91,882,9,283,52,9
"647","2020-03-29",296,8,218,1040,5878,0.600884654644437,2025,7733,652,1259,102,984,11,294,76,11
"648","2020-03-30",300,8,242,1082,5878,0.600884654644437,2025,7733,652,1259,77,1061,30,324,50,30
"649","2020-03-31",301,8,244,1125,5878,0.600884654644437,2025,7733,652,1259,79,1140,18,342,46,18
"650","2020-04-01",310,8,247,1162,5878,0.600884654644437,2025,7733,652,1259,87,1227,26,368,47,26
"651","2020-04-02",334,8,274,1186,5878,0.600884654644437,2025,7733,652,1259,89,1316,39,407,52,39
"652","2020-04-03",380,8,269,1223,5878,0.600884654644437,2025,7733,652,1259,86,1402,21,428,64,21
"653","2020-04-04",370,8,247,1256,5878,0.600884654644437,2025,7733,652,1259,80,1482,19,447,53,19
"654","2020-04-05",378,8,274,1284,5878,0.600884654644437,2025,7733,652,1259,84,1566,21,468,56,21
"655","2020-04-06",381,8,284,1308,5878,0.600884654644437,2025,7733,652,1259,66,1632,47,515,48,47
"656","2020-04-07",390,8,277,1325,5878,0.600884654644437,2025,7733,652,1259,69,1701,21,536,47,21
"657","2020-04-08",411,8,261,1322,5878,0.600884654644437,2025,7733,652,1259,61,1762,26,562,40,26
"658","2020-04-09",415,8,239,1318,5878,0.600884654644437,2025,7733,652,1259,91,1853,27,589,53,27
"659","2020-04-10",474,8,242,1355,5878,0.600884654644437,2025,7733,652,1259,65,1918,21,610,49,21
"660","2020-04-11",474,8,234,1362,5878,0.600884654644437,2025,7733,652,1259,63,1981,11,621,35,11
"661","2020-04-12",472,8,237,1320,5878,0.600884654644437,2025,7733,652,1259,71,2052,14,635,41,14
"662","2020-04-13",472,8,254,1297,5878,0.600884654644437,2025,7733,652,1259,80,2132,42,677,60,42
"663","2020-04-14",454,8,269,1288,5878,0.600884654644437,2025,7733,652,1259,64,2196,36,713,36,36
"664","2020-04-15",444,8,301,1263,5878,0.600884654644437,2025,7733,652,1259,67,2263,51,764,40,51
"665","2020-04-16",431,8,334,1238,5878,0.600884654644437,2025,7733,652,1259,67,2330,26,790,36,26
"666","2020-04-17",429,8,330,1223,5878,0.600884654644437,2025,7733,652,1259,73,2403,16,806,43,16
"667","2020-04-18",433,8,317,1183,5878,0.600884654644437,2025,7733,652,1259,70,2473,14,820,43,14
"668","2020-04-19",397,8,329,1160,5878,0.600884654644437,2025,7733,652,1259,75,2548,34,854,43,34
"669","2020-04-20",384,8,309,1107,5878,0.600884654644437,2025,7733,652,1259,79,2627,20,874,51,20
"670","2020-04-21",392,8,278,1081,5878,0.600884654644437,2025,7733,652,1259,56,2683,29,903,35,29
"671","2020-04-22",391,8,260,1067,5878,0.600884654644437,2025,7733,652,1259,60,2743,22,925,33,22
"672","2020-04-23",392,8,240,1010,5878,0.600884654644437,2025,7733,652,1259,72,2815,20,945,43,20
"673","2020-04-24",382,8,274,972,5878,0.600884654644437,2025,7733,652,1259,61,2876,23,968,32,23
"674","2020-04-25",381,8,281,922,5878,0.600884654644437,2025,7733,652,1259,68,2944,39,1007,44,39
"675","2020-04-26",339,8,271,880,5878,0.600884654644437,2025,7733,652,1259,58,3002,23,1030,33,23
"676","2020-04-27",316,8,282,843,5878,0.600884654644437,2025,7733,652,1259,54,3056,11,1041,31,11
"677","2020-04-28",298,8,269,815,5878,0.600884654644437,2025,7733,652,1259,60,3116,23,1064,30,23
"678","2020-04-29",283,8,281,766,5878,0.600884654644437,2025,7733,652,1259,66,3182,40,1104,37,40
"679","2020-04-30",268,8,284,743,5878,0.600884654644437,2025,7733,652,1259,55,3237,29,1133,33,29
"680","2020-05-01",271,8,250,716,5878,0.600884654644437,2025,7733,652,1259,47,3284,56,1189,29,56
"681","2020-05-02",245,8,250,711,5878,0.600884654644437,2025,7733,652,1259,55,3339,54,1243,32,54
"682","2020-05-03",259,8,233,699,5878,0.600884654644437,2025,7733,652,1259,52,3391,39,1282,34,39
"683","2020-05-04",262,8,239,660,5878,0.600884654644437,2025,7733,652,1259,46,3437,51,1333,26,51
"684","2020-05-05",251,8,238,633,5878,0.600884654644437,2025,7733,652,1259,62,3499,37,1370,35,37
"685","2020-05-06",234,8,284,626,5878,0.600884654644437,2025,7733,652,1259,46,3545,19,1389,21,19
"686","2020-05-07",232,8,277,596,5878,0.600884654644437,2025,7733,652,1259,51,3596,22,1411,30,22
"687","2020-05-08",228,8,264,587,5878,0.600884654644437,2025,7733,652,1259,53,3649,14,1425,27,14
"688","2020-05-09",225,8,251,557,5878,0.600884654644437,2025,7733,652,1259,50,3699,10,1435,27,10
"689","2020-05-10",177,8,266,545,5878,0.600884654644437,2025,7733,652,1259,48,3747,47,1482,27,47
"690","2020-05-11",166,8,298,512,5878,0.600884654644437,2025,7733,652,1259,42,3789,53,1535,23,53
"691","2020-05-12",165,8,307,497,5878,0.600884654644437,2025,7733,652,1259,34,3823,20,1555,23,20
"692","2020-05-13",167,8,285,479,5878,0.600884654644437,2025,7733,652,1259,46,3869,21,1576,25,21
"693","2020-05-14",161,8,282,462,5878,0.600884654644437,2025,7733,652,1259,36,3905,46,1622,20,46
"694","2020-05-15",144,8,279,436,5878,0.600884654644437,2025,7733,652,1259,32,3937,44,1666,19,44
"695","2020-05-16",163,8,259,416,5878,0.600884654644437,2025,7733,652,1259,35,3972,40,1706,14,40
"696","2020-05-17",149,8,245,398,5878,0.600884654644437,2025,7733,652,1259,39,4011,21,1727,23,21
"697","2020-05-18",140,8,244,380,5878,0.600884654644437,2025,7733,652,1259,28,4039,26,1753,20,26
"698","2020-05-19",135,8,247,351,5878,0.600884654644437,2025,7733,652,1259,28,4067,30,1783,13,30
"699","2020-05-20",130,8,241,339,5878,0.600884654644437,2025,7733,652,1259,40,4107,18,1801,20,18
"700","2020-05-21",127,8,290,318,5878,0.600884654644437,2025,7733,652,1259,37,4144,20,1821,22,20
"701","2020-05-22",128,8,324,304,5878,0.600884654644437,2025,7733,652,1259,28,4172,21,1842,13,21
"702","2020-05-23",111,8,343,295,5878,0.600884654644437,2025,7733,652,1259,29,4201,33,1875,17,33
"703","2020-05-24",104,8,320,273,5878,0.600884654644437,2025,7733,652,1259,23,4224,21,1896,13,21
"704","2020-05-25",101,8,317,262,5878,0.600884654644437,2025,7733,652,1259,33,4257,10,1906,19,10
"705","2020-05-26",92,8,324,250,5878,0.600884654644437,2025,7733,652,1259,20,4277,35,1941,10,35
"706","2020-05-27",94,8,312,240,5878,0.600884654644437,2025,7733,652,1259,29,4306,34,1975,16,34
"707","2020-05-28",91,8,331,229,5878,0.600884654644437,2025,7733,652,1259,20,4326,35,2010,11,35
"708","2020-05-29",92,8,335,223,5878,0.600884654644437,2025,7733,652,1259,18,4344,39,2049,9,39
"709","2020-05-30",86,8,305,208,5878,0.600884654644437,2025,7733,652,1259,16,4360,27,2076,10,27
"710","2020-05-31",84,8,284,192,5878,0.600884654644437,2025,7733,652,1259,12,4372,23,2099,6,23
"711","2020-06-01",73,8,285,182,5878,0.600884654644437,2025,7733,652,1259,20,4392,34,2133,6,34
"712","2020-06-02",70,8,271,176,5878,0.600884654644437,2025,7733,652,1259,13,4405,22,2155,4,22
"713","2020-06-03",63,8,259,172,5878,0.600884654644437,2025,7733,652,1259,12,4417,3,2158,4,3
"714","2020-06-04",58,8,256,167,5878,0.600884654644437,2025,7733,652,1259,22,4439,18,2176,10,18
"715","2020-06-05",61,8,257,164,5878,0.600884654644437,2025,7733,652,1259,10,4449,14,2190,5,14
"716","2020-06-06",60,8,251,153,5878,0.600884654644437,2025,7733,652,1259,13,4462,22,2212,8,22
"717","2020-06-07",49,8,233,148,5878,0.600884654644437,2025,7733,652,1259,11,4473,24,2236,5,24
"718","2020-03-07",2,9,0,0,6004,0.929713524317122,2070,7218,595,708,NA,NA,NA,NA,NA,NA
"719","2020-03-08",3,9,0,0,6004,0.929713524317122,2070,7218,595,708,NA,NA,NA,NA,NA,NA
"720","2020-03-09",1,9,0,0,6004,0.929713524317122,2070,7218,595,708,NA,NA,NA,NA,NA,NA
"721","2020-03-10",0,9,0,0,6004,0.929713524317122,2070,7218,595,708,NA,NA,1,1,NA,1
"722","2020-03-11",0,9,0,0,6004,0.929713524317122,2070,7218,595,708,9,9,30,31,5,30
"723","2020-03-12",1,9,65,29,6004,0.929713524317122,2070,7218,595,708,7,16,26,57,4,26
"724","2020-03-13",7,9,93,47,6004,0.929713524317122,2070,7218,595,708,16,32,9,66,9,9
"725","2020-03-14",11,9,95,66,6004,0.929713524317122,2070,7218,595,708,14,46,3,69,7,3
"726","2020-03-15",15,9,92,102,6004,0.929713524317122,2070,7218,595,708,15,61,5,74,9,5
"727","2020-03-16",15,9,90,125,6004,0.929713524317122,2070,7218,595,708,22,83,8,82,13,8
"728","2020-03-17",23,9,77,163,6004,0.929713524317122,2070,7218,595,708,28,111,39,121,26,39
"729","2020-03-18",26,9,103,205,6004,0.929713524317122,2070,7218,595,708,27,138,43,164,23,43
"730","2020-03-19",29,9,112,246,6004,0.929713524317122,2070,7218,595,708,36,174,44,208,26,44
"731","2020-03-20",40,9,107,276,6004,0.929713524317122,2070,7218,595,708,34,208,20,228,28,20
"732","2020-03-21",57,9,98,327,6004,0.929713524317122,2070,7218,595,708,55,263,13,241,46,13
"733","2020-03-22",62,9,106,384,6004,0.929713524317122,2070,7218,595,708,59,322,22,263,52,22
"734","2020-03-23",71,9,118,447,6004,0.929713524317122,2070,7218,595,708,63,385,51,314,60,51
"735","2020-03-24",77,9,144,502,6004,0.929713524317122,2070,7218,595,708,50,435,24,338,47,24
"736","2020-03-25",95,9,171,568,6004,0.929713524317122,2070,7218,595,708,80,515,21,359,74,21
"737","2020-03-26",121,9,178,645,6004,0.929713524317122,2070,7218,595,708,77,592,11,370,70,11
"738","2020-03-27",156,9,192,735,6004,0.929713524317122,2070,7218,595,708,94,686,50,420,91,50
"739","2020-03-28",239,9,188,814,6004,0.929713524317122,2070,7218,595,708,95,781,32,452,90,32
"740","2020-03-29",259,9,207,916,6004,0.929713524317122,2070,7218,595,708,112,893,45,497,104,45
"741","2020-03-30",253,9,215,997,6004,0.929713524317122,2070,7218,595,708,101,994,22,519,97,22
"742","2020-03-31",279,9,223,1093,6004,0.929713524317122,2070,7218,595,708,95,1089,32,551,88,32
"743","2020-04-01",300,9,213,1191,6004,0.929713524317122,2070,7218,595,708,124,1213,17,568,118,17
"744","2020-04-02",309,9,227,1291,6004,0.929713524317122,2070,7218,595,708,99,1312,24,592,90,24
"745","2020-04-03",442,9,227,1364,6004,0.929713524317122,2070,7218,595,708,125,1437,64,656,120,64
"746","2020-04-04",453,9,192,1452,6004,0.929713524317122,2070,7218,595,708,121,1558,32,688,115,32
"747","2020-04-05",474,9,220,1507,6004,0.929713524317122,2070,7218,595,708,143,1701,20,708,141,20
"748","2020-04-06",489,9,209,1564,6004,0.929713524317122,2070,7218,595,708,160,1861,53,761,154,53
"749","2020-04-07",496,9,204,1592,6004,0.929713524317122,2070,7218,595,708,136,1997,51,812,134,51
"750","2020-04-08",520,9,182,1661,6004,0.929713524317122,2070,7218,595,708,145,2142,47,859,143,47
"751","2020-04-09",543,9,176,1682,6004,0.929713524317122,2070,7218,595,708,159,2301,72,931,155,72
"752","2020-04-10",622,9,174,1743,6004,0.929713524317122,2070,7218,595,708,138,2439,22,953,133,22
"753","2020-04-11",609,9,170,1794,6004,0.929713524317122,2070,7218,595,708,168,2607,15,968,163,15
"754","2020-04-12",569,9,182,1814,6004,0.929713524317122,2070,7218,595,708,137,2744,10,978,133,10
"755","2020-04-13",578,9,222,1814,6004,0.929713524317122,2070,7218,595,708,179,2923,12,990,171,12
"756","2020-04-14",572,9,210,1793,6004,0.929713524317122,2070,7218,595,708,132,3055,19,1009,128,19
"757","2020-04-15",564,9,205,1743,6004,0.929713524317122,2070,7218,595,708,154,3209,42,1051,148,42
"758","2020-04-16",572,9,197,1708,6004,0.929713524317122,2070,7218,595,708,147,3356,69,1120,143,69
"759","2020-04-17",600,9,209,1665,6004,0.929713524317122,2070,7218,595,708,134,3490,58,1178,131,58
"760","2020-04-18",627,9,213,1637,6004,0.929713524317122,2070,7218,595,708,138,3628,32,1210,134,32
"761","2020-04-19",572,9,216,1601,6004,0.929713524317122,2070,7218,595,708,130,3758,16,1226,128,16
"762","2020-04-20",559,9,205,1523,6004,0.929713524317122,2070,7218,595,708,122,3880,13,1239,116,13
"763","2020-04-21",547,9,231,1480,6004,0.929713524317122,2070,7218,595,708,114,3994,6,1245,111,6
"764","2020-04-22",529,9,235,1402,6004,0.929713524317122,2070,7218,595,708,101,4095,6,1251,97,6
"765","2020-04-23",504,9,224,1322,6004,0.929713524317122,2070,7218,595,708,122,4217,34,1285,114,34
"766","2020-04-24",482,9,258,1244,6004,0.929713524317122,2070,7218,595,708,90,4307,14,1299,86,14
"767","2020-04-25",435,9,263,1181,6004,0.929713524317122,2070,7218,595,708,93,4400,21,1320,92,21
"768","2020-04-26",413,9,260,1083,6004,0.929713524317122,2070,7218,595,708,66,4466,68,1388,63,68
"769","2020-04-27",390,9,231,1007,6004,0.929713524317122,2070,7218,595,708,81,4547,62,1450,78,62
"770","2020-04-28",374,9,213,946,6004,0.929713524317122,2070,7218,595,708,68,4615,47,1497,63,47
"771","2020-04-29",372,9,231,888,6004,0.929713524317122,2070,7218,595,708,59,4674,51,1548,57,51
"772","2020-04-30",355,9,226,823,6004,0.929713524317122,2070,7218,595,708,72,4746,61,1609,63,61
"773","2020-05-01",317,9,216,784,6004,0.929713524317122,2070,7218,595,708,38,4784,36,1645,36,36
"774","2020-05-02",323,9,206,715,6004,0.929713524317122,2070,7218,595,708,54,4838,20,1665,52,20
"775","2020-05-03",282,9,205,666,6004,0.929713524317122,2070,7218,595,708,31,4869,35,1700,30,35
"776","2020-05-04",261,9,208,623,6004,0.929713524317122,2070,7218,595,708,53,4922,20,1720,50,20
"777","2020-05-05",235,9,208,592,6004,0.929713524317122,2070,7218,595,708,45,4967,7,1727,41,7
"778","2020-05-06",214,9,196,543,6004,0.929713524317122,2070,7218,595,708,38,5005,11,1738,33,11
"779","2020-05-07",199,9,187,509,6004,0.929713524317122,2070,7218,595,708,34,5039,79,1817,32,79
"780","2020-05-08",199,9,206,479,6004,0.929713524317122,2070,7218,595,708,35,5074,58,1875,32,58
"781","2020-05-09",180,9,215,430,6004,0.929713524317122,2070,7218,595,708,36,5110,38,1913,32,38
"782","2020-05-10",158,9,213,415,6004,0.929713524317122,2070,7218,595,708,32,5142,37,1950,28,37
"783","2020-05-11",150,9,210,372,6004,0.929713524317122,2070,7218,595,708,33,5175,27,1977,29,27
"784","2020-05-12",148,9,216,355,6004,0.929713524317122,2070,7218,595,708,29,5204,18,1995,26,18
"785","2020-05-13",151,9,204,324,6004,0.929713524317122,2070,7218,595,708,24,5228,18,2013,21,18
"786","2020-05-14",148,9,194,303,6004,0.929713524317122,2070,7218,595,708,28,5256,51,2064,24,51
"787","2020-05-15",118,9,210,300,6004,0.929713524317122,2070,7218,595,708,20,5276,32,2096,20,32
"788","2020-05-16",113,9,202,281,6004,0.929713524317122,2070,7218,595,708,22,5298,16,2112,15,16
"789","2020-05-17",102,9,186,268,6004,0.929713524317122,2070,7218,595,708,14,5312,20,2132,13,20
"790","2020-05-18",98,9,167,247,6004,0.929713524317122,2070,7218,595,708,22,5334,22,2154,19,22
"791","2020-05-19",79,9,149,230,6004,0.929713524317122,2070,7218,595,708,19,5353,13,2167,18,13
"792","2020-05-20",70,9,149,216,6004,0.929713524317122,2070,7218,595,708,12,5365,13,2180,10,13
"793","2020-05-21",64,9,143,199,6004,0.929713524317122,2070,7218,595,708,6,5371,46,2226,3,46
"794","2020-05-22",65,9,143,189,6004,0.929713524317122,2070,7218,595,708,19,5390,36,2262,15,36
"795","2020-05-23",63,9,163,180,6004,0.929713524317122,2070,7218,595,708,13,5403,45,2307,10,45
"796","2020-05-24",64,9,152,177,6004,0.929713524317122,2070,7218,595,708,17,5420,45,2352,15,45
"797","2020-05-25",68,9,152,169,6004,0.929713524317122,2070,7218,595,708,19,5439,54,2406,17,54
"798","2020-05-26",70,9,150,165,6004,0.929713524317122,2070,7218,595,708,23,5462,38,2444,18,38
"799","2020-05-27",63,9,186,149,6004,0.929713524317122,2070,7218,595,708,19,5481,32,2476,18,32
"800","2020-05-28",69,9,197,133,6004,0.929713524317122,2070,7218,595,708,15,5496,27,2503,13,27
"801","2020-05-29",72,9,195,131,6004,0.929713524317122,2070,7218,595,708,11,5507,44,2547,9,44
"802","2020-05-30",67,9,195,129,6004,0.929713524317122,2070,7218,595,708,14,5521,65,2612,11,65
"803","2020-05-31",64,9,194,122,6004,0.929713524317122,2070,7218,595,708,10,5531,36,2648,9,36
"804","2020-06-01",53,9,186,115,6004,0.929713524317122,2070,7218,595,708,11,5542,19,2667,9,19
"805","2020-06-02",47,9,187,116,6004,0.929713524317122,2070,7218,595,708,5,5547,11,2678,5,11
"806","2020-06-03",45,9,175,113,6004,0.929713524317122,2070,7218,595,708,11,5558,8,2686,8,8
"807","2020-06-04",37,9,157,113,6004,0.929713524317122,2070,7218,595,708,6,5564,48,2734,5,48
"808","2020-06-05",36,9,138,112,6004,0.929713524317122,2070,7218,595,708,4,5568,39,2773,3,39
"809","2020-06-06",39,9,143,105,6004,0.929713524317122,2070,7218,595,708,11,5579,53,2826,10,53
"810","2020-06-07",32,9,124,102,6004,0.929713524317122,2070,7218,595,708,10,5589,45,2871,10,45
"811","2020-03-08",1,10,0,0,6077,0.897811420108606,2010,6765,732,823,NA,NA,NA,NA,NA,NA
"812","2020-03-09",1,10,0,0,6077,0.897811420108606,2010,6765,732,823,NA,NA,NA,NA,NA,NA
"813","2020-03-10",0,10,0,0,6077,0.897811420108606,2010,6765,732,823,NA,NA,1,1,NA,1
"814","2020-03-11",0,10,0,0,6077,0.897811420108606,2010,6765,732,823,17,17,23,24,1,23
"815","2020-03-12",0,10,0,0,6077,0.897811420108606,2010,6765,732,823,22,39,12,36,1,12
"816","2020-03-13",0,10,0,0,6077,0.897811420108606,2010,6765,732,823,14,53,8,44,4,8
"817","2020-03-14",2,10,83,35,6077,0.897811420108606,2010,6765,732,823,37,90,7,51,11,7
"818","2020-03-15",2,10,66,44,6077,0.897811420108606,2010,6765,732,823,28,118,3,54,9,3
"819","2020-03-16",3,10,57,55,6077,0.897811420108606,2010,6765,732,823,32,150,7,61,12,7
"820","2020-03-17",8,10,89,75,6077,0.897811420108606,2010,6765,732,823,37,187,13,74,17,13
"821","2020-03-18",12,10,100,97,6077,0.897811420108606,2010,6765,732,823,41,228,9,83,22,9
"822","2020-03-19",15,10,112,125,6077,0.897811420108606,2010,6765,732,823,55,283,11,94,29,11
"823","2020-03-20",20,10,106,153,6077,0.897811420108606,2010,6765,732,823,61,344,20,114,42,20
"824","2020-03-21",26,10,109,194,6077,0.897811420108606,2010,6765,732,823,63,407,14,128,40,14
"825","2020-03-22",32,10,125,244,6077,0.897811420108606,2010,6765,732,823,57,464,25,153,33,25
"826","2020-03-23",40,10,130,282,6077,0.897811420108606,2010,6765,732,823,78,542,10,163,53,10
"827","2020-03-24",43,10,115,324,6077,0.897811420108606,2010,6765,732,823,84,626,15,178,66,15
"828","2020-03-25",47,10,105,367,6077,0.897811420108606,2010,6765,732,823,78,704,7,185,60,7
"829","2020-03-26",57,10,123,426,6077,0.897811420108606,2010,6765,732,823,79,783,14,199,60,14
"830","2020-03-27",74,10,122,487,6077,0.897811420108606,2010,6765,732,823,96,879,23,222,77,23
"831","2020-03-28",101,10,129,533,6077,0.897811420108606,2010,6765,732,823,97,976,14,236,80,14
"832","2020-03-29",121,10,132,580,6077,0.897811420108606,2010,6765,732,823,79,1055,11,247,69,11
"833","2020-03-30",131,10,140,646,6077,0.897811420108606,2010,6765,732,823,101,1156,29,276,79,29
"834","2020-03-31",138,10,157,733,6077,0.897811420108606,2010,6765,732,823,126,1282,38,314,99,38
"835","2020-04-01",148,10,168,841,6077,0.897811420108606,2010,6765,732,823,98,1380,11,325,70,11
"836","2020-04-02",173,10,175,955,6077,0.897811420108606,2010,6765,732,823,116,1496,13,338,85,13
"837","2020-04-03",217,10,170,1088,6077,0.897811420108606,2010,6765,732,823,111,1607,30,368,87,30
"838","2020-04-04",299,10,155,1173,6077,0.897811420108606,2010,6765,732,823,117,1724,30,398,92,30
"839","2020-04-05",323,10,144,1270,6077,0.897811420108606,2010,6765,732,823,124,1848,41,439,100,41
"840","2020-04-06",316,10,123,1412,6077,0.897811420108606,2010,6765,732,823,117,1965,18,457,88,18
"841","2020-04-07",337,10,140,1506,6077,0.897811420108606,2010,6765,732,823,89,2054,29,486,75,29
"842","2020-04-08",378,10,154,1628,6077,0.897811420108606,2010,6765,732,823,129,2183,38,524,107,38
"843","2020-04-09",406,10,192,1750,6077,0.897811420108606,2010,6765,732,823,97,2280,23,547,78,23
"844","2020-04-10",584,10,198,1811,6077,0.897811420108606,2010,6765,732,823,129,2409,24,571,106,24
"845","2020-04-11",596,10,199,1857,6077,0.897811420108606,2010,6765,732,823,110,2519,11,582,82,11
"846","2020-04-12",599,10,221,1896,6077,0.897811420108606,2010,6765,732,823,93,2612,13,595,69,13
"847","2020-04-13",607,10,212,1965,6077,0.897811420108606,2010,6765,732,823,101,2713,21,616,83,21
"848","2020-04-14",623,10,210,1994,6077,0.897811420108606,2010,6765,732,823,123,2836,43,659,99,43
"849","2020-04-15",621,10,222,1994,6077,0.897811420108606,2010,6765,732,823,95,2931,26,685,80,26
"850","2020-04-16",634,10,235,1960,6077,0.897811420108606,2010,6765,732,823,95,3026,32,717,80,32
"851","2020-04-17",720,10,218,1975,6077,0.897811420108606,2010,6765,732,823,108,3134,35,752,84,35
"852","2020-04-18",708,10,209,1910,6077,0.897811420108606,2010,6765,732,823,109,3243,42,794,83,42
"853","2020-04-19",679,10,215,1857,6077,0.897811420108606,2010,6765,732,823,96,3339,46,840,74,46
"854","2020-04-20",692,10,245,1830,6077,0.897811420108606,2010,6765,732,823,99,3438,27,867,79,27
"855","2020-04-21",679,10,254,1752,6077,0.897811420108606,2010,6765,732,823,98,3536,17,884,74,17
"856","2020-04-22",682,10,225,1693,6077,0.897811420108606,2010,6765,732,823,91,3627,34,918,71,34
"857","2020-04-23",666,10,217,1620,6077,0.897811420108606,2010,6765,732,823,95,3722,21,939,75,21
"858","2020-04-24",610,10,221,1541,6077,0.897811420108606,2010,6765,732,823,87,3809,24,963,70,24
"859","2020-04-25",617,10,191,1454,6077,0.897811420108606,2010,6765,732,823,97,3906,11,974,77,11
"860","2020-04-26",558,10,205,1405,6077,0.897811420108606,2010,6765,732,823,70,3976,23,997,56,23
"861","2020-04-27",518,10,193,1322,6077,0.897811420108606,2010,6765,732,823,66,4042,26,1023,52,26
"862","2020-04-28",496,10,177,1242,6077,0.897811420108606,2010,6765,732,823,85,4127,41,1064,70,41
"863","2020-04-29",471,10,164,1195,6077,0.897811420108606,2010,6765,732,823,72,4199,31,1095,52,31
"864","2020-04-30",454,10,171,1129,6077,0.897811420108606,2010,6765,732,823,58,4257,20,1115,43,20
"865","2020-05-01",429,10,150,1057,6077,0.897811420108606,2010,6765,732,823,68,4325,14,1129,50,14
"866","2020-05-02",418,10,150,981,6077,0.897811420108606,2010,6765,732,823,50,4375,21,1150,35,21
"867","2020-05-03",362,10,137,914,6077,0.897811420108606,2010,6765,732,823,61,4436,42,1192,47,42
"868","2020-05-04",363,10,160,845,6077,0.897811420108606,2010,6765,732,823,54,4490,41,1233,43,41
"869","2020-05-05",349,10,159,776,6077,0.897811420108606,2010,6765,732,823,70,4560,18,1251,52,18
"870","2020-05-06",337,10,175,717,6077,0.897811420108606,2010,6765,732,823,44,4604,7,1258,31,7
"871","2020-05-07",322,10,196,659,6077,0.897811420108606,2010,6765,732,823,44,4648,8,1266,32,8
"872","2020-05-08",276,10,249,604,6077,0.897811420108606,2010,6765,732,823,50,4698,13,1279,31,13
"873","2020-05-09",230,10,256,528,6077,0.897811420108606,2010,6765,732,823,37,4735,10,1289,23,10
"874","2020-05-10",218,10,237,474,6077,0.897811420108606,2010,6765,732,823,45,4780,20,1309,28,20
"875","2020-05-11",194,10,244,428,6077,0.897811420108606,2010,6765,732,823,45,4825,39,1348,34,39
"876","2020-05-12",185,10,263,385,6077,0.897811420108606,2010,6765,732,823,38,4863,35,1383,27,35
"877","2020-05-13",175,10,239,337,6077,0.897811420108606,2010,6765,732,823,40,4903,20,1403,24,20
"878","2020-05-14",153,10,228,300,6077,0.897811420108606,2010,6765,732,823,32,4935,18,1421,23,18
"879","2020-05-15",126,10,238,263,6077,0.897811420108606,2010,6765,732,823,35,4970,28,1449,22,28
"880","2020-05-16",125,10,220,246,6077,0.897811420108606,2010,6765,732,823,30,5000,24,1473,18,24
"881","2020-05-17",108,10,204,228,6077,0.897811420108606,2010,6765,732,823,27,5027,11,1484,23,11
"882","2020-05-18",94,10,199,222,6077,0.897811420108606,2010,6765,732,823,31,5058,37,1521,20,37
"883","2020-05-19",73,10,189,198,6077,0.897811420108606,2010,6765,732,823,24,5082,24,1545,18,24
"884","2020-05-20",66,10,166,174,6077,0.897811420108606,2010,6765,732,823,34,5116,21,1566,25,21
"885","2020-05-21",68,10,137,152,6077,0.897811420108606,2010,6765,732,823,16,5132,19,1585,9,19
"886","2020-05-22",73,10,148,147,6077,0.897811420108606,2010,6765,732,823,15,5147,20,1605,12,20
"887","2020-05-23",65,10,140,134,6077,0.897811420108606,2010,6765,732,823,19,5166,32,1637,15,32
"888","2020-05-24",53,10,160,121,6077,0.897811420108606,2010,6765,732,823,23,5189,17,1654,12,17
"889","2020-05-25",46,10,153,114,6077,0.897811420108606,2010,6765,732,823,15,5204,22,1676,10,22
"890","2020-05-26",46,10,150,106,6077,0.897811420108606,2010,6765,732,823,19,5223,29,1705,14,29
"891","2020-05-27",46,10,144,98,6077,0.897811420108606,2010,6765,732,823,23,5246,25,1730,14,25
"892","2020-05-28",42,10,117,89,6077,0.897811420108606,2010,6765,732,823,21,5267,19,1749,14,19
"893","2020-05-29",34,10,131,88,6077,0.897811420108606,2010,6765,732,823,20,5287,11,1760,11,11
"894","2020-05-30",32,10,140,84,6077,0.897811420108606,2010,6765,732,823,13,5300,8,1768,10,8
"895","2020-05-31",30,10,139,82,6077,0.897811420108606,2010,6765,732,823,17,5317,11,1779,9,11
"896","2020-06-01",30,10,149,82,6077,0.897811420108606,2010,6765,732,823,24,5341,6,1785,14,6
"897","2020-06-02",28,10,151,76,6077,0.897811420108606,2010,6765,732,823,13,5354,9,1794,10,9
"898","2020-06-03",24,10,141,78,6077,0.897811420108606,2010,6765,732,823,13,5367,11,1805,5,11
"899","2020-06-04",23,10,141,71,6077,0.897811420108606,2010,6765,732,823,21,5388,7,1812,11,7
"900","2020-06-05",24,10,130,71,6077,0.897811420108606,2010,6765,732,823,12,5400,8,1820,7,8
"901","2020-06-06",26,10,144,67,6077,0.897811420108606,2010,6765,732,823,11,5411,8,1828,4,8
"902","2020-06-07",21,10,149,63,6077,0.897811420108606,2010,6765,732,823,14,5425,5,1833,8,5
"903","2020-03-13",3,11,38,85,6924,0.713460427498556,2040,7385,809,858,50,123,37,122,7,37
"904","2020-03-14",6,11,46,124,6924,0.713460427498556,2040,7385,809,858,50,173,43,165,13,43
"905","2020-03-15",11,11,58,162,6924,0.713460427498556,2040,7385,809,858,44,217,47,212,10,47
"906","2020-03-16",19,11,56,205,6924,0.713460427498556,2040,7385,809,858,64,281,49,261,25,49
"907","2020-03-17",21,11,45,248,6924,0.713460427498556,2040,7385,809,858,65,346,48,309,34,48
"908","2020-03-18",31,11,52,314,6924,0.713460427498556,2040,7385,809,858,72,418,48,357,28,48
"909","2020-03-19",41,11,83,385,6924,0.713460427498556,2040,7385,809,858,83,501,48,405,55,48
"910","2020-03-20",57,11,88,460,6924,0.713460427498556,2040,7385,809,858,87,588,48,453,59,48
"911","2020-03-21",80,11,117,552,6924,0.713460427498556,2040,7385,809,858,89,677,45,498,43,45
"912","2020-03-22",123,11,151,657,6924,0.713460427498556,2040,7385,809,858,108,785,38,536,68,38
"913","2020-03-23",140,11,178,742,6924,0.713460427498556,2040,7385,809,858,124,909,63,599,77,63
"914","2020-03-24",147,11,153,856,6924,0.713460427498556,2040,7385,809,858,111,1020,60,659,71,60
"915","2020-03-25",175,11,132,939,6924,0.713460427498556,2040,7385,809,858,157,1177,46,705,107,46
"916","2020-03-26",194,11,112,1080,6924,0.713460427498556,2040,7385,809,858,121,1298,29,734,79,29
"917","2020-03-27",292,11,121,1211,6924,0.713460427498556,2040,7385,809,858,115,1413,28,762,88,28
"918","2020-03-28",383,11,155,1300,6924,0.713460427498556,2040,7385,809,858,138,1551,31,793,94,31
"919","2020-03-29",367,11,174,1421,6924,0.713460427498556,2040,7385,809,858,109,1660,47,840,81,47
"920","2020-03-30",351,11,182,1527,6924,0.713460427498556,2040,7385,809,858,120,1780,44,884,86,44
"921","2020-03-31",370,11,184,1630,6924,0.713460427498556,2040,7385,809,858,111,1891,41,925,74,41
"922","2020-04-01",393,11,186,1752,6924,0.713460427498556,2040,7385,809,858,142,2033,48,973,101,48
"923","2020-04-02",421,11,180,1839,6924,0.713460427498556,2040,7385,809,858,122,2155,43,1016,90,43
"924","2020-04-03",584,11,212,1926,6924,0.713460427498556,2040,7385,809,858,128,2283,29,1045,84,29
"925","2020-04-04",591,11,225,1965,6924,0.713460427498556,2040,7385,809,858,116,2399,32,1077,69,32
"926","2020-04-05",579,11,227,2058,6924,0.713460427498556,2040,7385,809,858,119,2518,67,1144,70,67
"927","2020-04-06",606,11,214,2105,6924,0.713460427498556,2040,7385,809,858,110,2628,42,1186,70,42
"928","2020-04-07",629,11,186,2159,6924,0.713460427498556,2040,7385,809,858,102,2730,65,1251,71,65
"929","2020-04-08",666,11,202,2140,6924,0.713460427498556,2040,7385,809,858,115,2845,63,1314,92,63
"930","2020-04-09",686,11,190,2137,6924,0.713460427498556,2040,7385,809,858,119,2964,39,1353,78,39
"931","2020-04-10",744,11,187,2123,6924,0.713460427498556,2040,7385,809,858,114,3078,35,1388,86,35
"932","2020-04-11",774,11,203,2088,6924,0.713460427498556,2040,7385,809,858,122,3200,29,1417,73,29
"933","2020-04-12",713,11,214,2034,6924,0.713460427498556,2040,7385,809,858,85,3285,34,1451,52,34
"934","2020-04-13",709,11,204,1991,6924,0.713460427498556,2040,7385,809,858,121,3406,58,1509,80,58
"935","2020-04-14",681,11,216,1929,6924,0.713460427498556,2040,7385,809,858,90,3496,53,1562,53,53
"936","2020-04-15",661,11,232,1875,6924,0.713460427498556,2040,7385,809,858,112,3608,39,1601,79,39
"937","2020-04-16",648,11,220,1763,6924,0.713460427498556,2040,7385,809,858,90,3698,56,1657,67,56
"938","2020-04-17",671,11,215,1686,6924,0.713460427498556,2040,7385,809,858,101,3799,50,1707,63,50
"939","2020-04-18",656,11,202,1614,6924,0.713460427498556,2040,7385,809,858,106,3905,45,1752,68,45
"940","2020-04-19",623,11,205,1527,6924,0.713460427498556,2040,7385,809,858,95,4000,38,1790,62,38
"941","2020-04-20",595,11,231,1401,6924,0.713460427498556,2040,7385,809,858,84,4084,49,1839,54,49
"942","2020-04-21",592,11,212,1297,6924,0.713460427498556,2040,7385,809,858,85,4169,36,1875,46,36
"943","2020-04-22",559,11,209,1192,6924,0.713460427498556,2040,7385,809,858,66,4235,41,1916,37,41
"944","2020-04-23",540,11,235,1117,6924,0.713460427498556,2040,7385,809,858,80,4315,42,1958,59,42
"945","2020-04-24",465,11,225,1052,6924,0.713460427498556,2040,7385,809,858,79,4394,54,2012,53,54
"946","2020-04-25",425,11,213,971,6924,0.713460427498556,2040,7385,809,858,66,4460,49,2061,40,49
"947","2020-04-26",370,11,197,899,6924,0.713460427498556,2040,7385,809,858,80,4540,41,2102,55,41
"948","2020-04-27",342,11,179,822,6924,0.713460427498556,2040,7385,809,858,67,4607,43,2145,29,43
"949","2020-04-28",319,11,157,749,6924,0.713460427498556,2040,7385,809,858,63,4670,34,2179,36,34
"950","2020-04-29",310,11,145,685,6924,0.713460427498556,2040,7385,809,858,54,4724,46,2225,29,46
"951","2020-04-30",283,11,134,653,6924,0.713460427498556,2040,7385,809,858,63,4787,39,2264,31,39
"952","2020-05-01",269,11,134,615,6924,0.713460427498556,2040,7385,809,858,57,4844,39,2303,34,39
"953","2020-05-02",250,11,120,582,6924,0.713460427498556,2040,7385,809,858,45,4889,31,2334,20,31
"954","2020-05-03",225,11,114,560,6924,0.713460427498556,2040,7385,809,858,41,4930,34,2368,19,34
"955","2020-05-04",209,11,114,520,6924,0.713460427498556,2040,7385,809,858,45,4975,29,2397,18,29
"956","2020-05-05",204,11,128,480,6924,0.713460427498556,2040,7385,809,858,46,5021,29,2426,22,29
"957","2020-05-06",184,11,157,446,6924,0.713460427498556,2040,7385,809,858,41,5062,33,2459,14,33
"958","2020-05-07",177,11,177,412,6924,0.713460427498556,2040,7385,809,858,59,5121,34,2493,24,34
"959","2020-05-08",142,11,205,376,6924,0.713460427498556,2040,7385,809,858,42,5163,33,2526,17,33
"960","2020-05-09",147,11,260,357,6924,0.713460427498556,2040,7385,809,858,39,5202,34,2560,19,34
"961","2020-05-10",132,11,270,336,6924,0.713460427498556,2040,7385,809,858,34,5236,32,2592,14,32
"962","2020-05-11",124,11,260,331,6924,0.713460427498556,2040,7385,809,858,30,5266,34,2626,8,34
"963","2020-05-12",117,11,263,315,6924,0.713460427498556,2040,7385,809,858,30,5296,36,2662,12,36
"964","2020-05-13",115,11,273,297,6924,0.713460427498556,2040,7385,809,858,35,5331,28,2690,16,28
"965","2020-05-14",111,11,295,289,6924,0.713460427498556,2040,7385,809,858,25,5356,34,2724,11,34
"966","2020-05-15",105,11,326,277,6924,0.713460427498556,2040,7385,809,858,42,5398,40,2764,21,40
"967","2020-05-16",96,11,331,255,6924,0.713460427498556,2040,7385,809,858,30,5428,39,2803,9,39
"968","2020-05-17",97,11,303,238,6924,0.713460427498556,2040,7385,809,858,33,5461,41,2844,20,41
"969","2020-05-18",98,11,255,234,6924,0.713460427498556,2040,7385,809,858,18,5479,50,2894,11,50
"970","2020-05-19",85,11,239,221,6924,0.713460427498556,2040,7385,809,858,23,5502,50,2944,11,50
"971","2020-05-20",78,11,243,221,6924,0.713460427498556,2040,7385,809,858,16,5518,51,2995,5,51
"972","2020-05-21",78,11,256,199,6924,0.713460427498556,2040,7385,809,858,24,5542,41,3036,10,41
"973","2020-05-22",68,11,222,198,6924,0.713460427498556,2040,7385,809,858,25,5567,46,3082,11,46
"974","2020-05-23",69,11,200,192,6924,0.713460427498556,2040,7385,809,858,19,5586,55,3137,6,55
"975","2020-05-24",69,11,204,191,6924,0.713460427498556,2040,7385,809,858,21,5607,31,3168,8,31
"976","2020-05-25",66,11,205,186,6924,0.713460427498556,2040,7385,809,858,21,5628,33,3201,8,33
"977","2020-05-26",63,11,212,178,6924,0.713460427498556,2040,7385,809,858,15,5643,35,3236,7,35
"978","2020-05-27",60,11,202,173,6924,0.713460427498556,2040,7385,809,858,21,5664,25,3261,6,25
"979","2020-05-28",59,11,188,161,6924,0.713460427498556,2040,7385,809,858,11,5675,41,3302,5,41
"980","2020-05-29",64,11,170,166,6924,0.713460427498556,2040,7385,809,858,11,5686,40,3342,2,40
"981","2020-05-30",61,11,158,156,6924,0.713460427498556,2040,7385,809,858,24,5710,47,3389,11,47
"982","2020-05-31",57,11,148,143,6924,0.713460427498556,2040,7385,809,858,18,5728,56,3445,5,56
"983","2020-06-01",54,11,142,136,6924,0.713460427498556,2040,7385,809,858,16,5744,41,3486,5,41
"984","2020-06-02",49,11,146,125,6924,0.713460427498556,2040,7385,809,858,17,5761,42,3528,6,42
"985","2020-06-03",55,11,135,125,6924,0.713460427498556,2040,7385,809,858,11,5772,40,3568,7,40
"986","2020-06-04",51,11,151,121,6924,0.713460427498556,2040,7385,809,858,11,5783,30,3598,5,30
"987","2020-06-05",58,11,149,117,6924,0.713460427498556,2040,7385,809,858,15,5798,42,3640,6,42
"988","2020-06-06",51,11,140,110,6924,0.713460427498556,2040,7385,809,858,18,5816,41,3681,7,41
"989","2020-06-07",44,11,140,104,6924,0.713460427498556,2040,7385,809,858,10,5826,26,3707,5,26
"990","2020-03-13",5,12,44,97,5521,0.483064662198877,2040,7934,591,686,20,64,3,17,3,3
"991","2020-03-14",10,12,55,146,5521,0.483064662198877,2040,7934,591,686,21,85,8,25,7,8
"992","2020-03-15",14,12,56,175,5521,0.483064662198877,2040,7934,591,686,22,107,18,43,8,18
"993","2020-03-16",18,12,59,218,5521,0.483064662198877,2040,7934,591,686,34,141,8,51,13,8
"994","2020-03-17",25,12,55,285,5521,0.483064662198877,2040,7934,591,686,36,177,6,57,26,6
"995","2020-03-18",37,12,53,325,5521,0.483064662198877,2040,7934,591,686,32,209,13,70,21,13
"996","2020-03-19",48,12,66,376,5521,0.483064662198877,2040,7934,591,686,37,246,32,102,21,32
"997","2020-03-20",79,12,84,428,5521,0.483064662198877,2040,7934,591,686,58,304,23,125,37,23
"998","2020-03-21",113,12,100,488,5521,0.483064662198877,2040,7934,591,686,61,365,14,139,41,14
"999","2020-03-22",122,12,90,537,5521,0.483064662198877,2040,7934,591,686,57,422,13,152,41,13
"1000","2020-03-23",133,12,109,599,5521,0.483064662198877,2040,7934,591,686,46,468,31,183,33,31
"1001","2020-03-24",139,12,103,651,5521,0.483064662198877,2040,7934,591,686,75,543,33,216,54,33
"1002","2020-03-25",148,12,97,707,5521,0.483064662198877,2040,7934,591,686,74,617,21,237,61,21
"1003","2020-03-26",175,12,98,766,5521,0.483064662198877,2040,7934,591,686,76,693,20,257,59,20
"1004","2020-03-27",208,12,86,839,5521,0.483064662198877,2040,7934,591,686,79,772,27,284,56,27
"1005","2020-03-28",260,12,72,884,5521,0.483064662198877,2040,7934,591,686,64,836,18,302,52,18
"1006","2020-03-29",289,12,75,931,5521,0.483064662198877,2040,7934,591,686,73,909,21,323,62,21
"1007","2020-03-30",289,12,72,976,5521,0.483064662198877,2040,7934,591,686,79,988,11,334,58,11
"1008","2020-03-31",306,12,77,996,5521,0.483064662198877,2040,7934,591,686,82,1070,15,349,60,15
"1009","2020-04-01",311,12,84,1042,5521,0.483064662198877,2040,7934,591,686,86,1156,23,372,70,23
"1010","2020-04-02",320,12,93,1065,5521,0.483064662198877,2040,7934,591,686,88,1244,18,390,73,18
"1011","2020-04-03",386,12,117,1091,5521,0.483064662198877,2040,7934,591,686,103,1347,7,397,85,7
"1012","2020-04-04",369,12,124,1104,5521,0.483064662198877,2040,7934,591,686,82,1429,41,438,68,41
"1013","2020-04-05",352,12,134,1114,5521,0.483064662198877,2040,7934,591,686,87,1516,26,464,75,26
"1014","2020-04-06",359,12,145,1131,5521,0.483064662198877,2040,7934,591,686,94,1610,23,487,74,23
"1015","2020-04-07",354,12,150,1130,5521,0.483064662198877,2040,7934,591,686,96,1706,32,519,70,32
"1016","2020-04-08",368,12,140,1134,5521,0.483064662198877,2040,7934,591,686,112,1818,23,542,77,23
"1017","2020-04-09",352,12,142,1116,5521,0.483064662198877,2040,7934,591,686,93,1911,14,556,74,14
"1018","2020-04-10",388,12,125,1103,5521,0.483064662198877,2040,7934,591,686,96,2007,33,589,75,33
"1019","2020-04-11",393,12,117,1088,5521,0.483064662198877,2040,7934,591,686,69,2076,22,611,50,22
"1020","2020-04-12",352,12,130,1069,5521,0.483064662198877,2040,7934,591,686,107,2183,45,656,83,45
"1021","2020-04-13",349,12,153,1078,5521,0.483064662198877,2040,7934,591,686,81,2264,24,680,68,24
"1022","2020-04-14",344,12,160,1041,5521,0.483064662198877,2040,7934,591,686,81,2345,31,711,67,31
"1023","2020-04-15",355,12,158,1026,5521,0.483064662198877,2040,7934,591,686,92,2437,15,726,70,15
"1024","2020-04-16",358,12,147,1025,5521,0.483064662198877,2040,7934,591,686,98,2535,20,746,76,20
"1025","2020-04-17",378,12,140,993,5521,0.483064662198877,2040,7934,591,686,66,2601,21,767,49,21
"1026","2020-04-18",367,12,163,965,5521,0.483064662198877,2040,7934,591,686,103,2704,46,813,85,46
"1027","2020-04-19",349,12,167,969,5521,0.483064662198877,2040,7934,591,686,80,2784,58,871,64,58
"1028","2020-04-20",340,12,165,951,5521,0.483064662198877,2040,7934,591,686,91,2875,39,910,73,39
"1029","2020-04-21",334,12,149,933,5521,0.483064662198877,2040,7934,591,686,97,2972,26,936,81,26
"1030","2020-04-22",316,12,168,903,5521,0.483064662198877,2040,7934,591,686,90,3062,21,957,72,21
"1031","2020-04-23",307,12,168,883,5521,0.483064662198877,2040,7934,591,686,95,3157,12,969,79,12
"1032","2020-04-24",328,12,165,841,5521,0.483064662198877,2040,7934,591,686,66,3223,11,980,52,11
"1033","2020-04-25",332,12,179,808,5521,0.483064662198877,2040,7934,591,686,58,3281,14,994,47,14
"1034","2020-04-26",293,12,187,774,5521,0.483064662198877,2040,7934,591,686,70,3351,25,1019,59,25
"1035","2020-04-27",282,12,185,770,5521,0.483064662198877,2040,7934,591,686,76,3427,39,1058,58,39
"1036","2020-04-28",271,12,170,764,5521,0.483064662198877,2040,7934,591,686,60,3487,17,1075,41,17
"1037","2020-04-29",264,12,176,759,5521,0.483064662198877,2040,7934,591,686,70,3557,10,1085,48,10
"1038","2020-04-30",271,12,172,733,5521,0.483064662198877,2040,7934,591,686,67,3624,8,1093,45,8
"1039","2020-05-01",261,12,186,729,5521,0.483064662198877,2040,7934,591,686,62,3686,5,1098,48,5
"1040","2020-05-02",238,12,190,705,5521,0.483064662198877,2040,7934,591,686,56,3742,2,1100,42,2
"1041","2020-05-03",228,12,206,686,5521,0.483064662198877,2040,7934,591,686,51,3793,6,1106,40,6
"1042","2020-05-04",225,12,189,662,5521,0.483064662198877,2040,7934,591,686,39,3832,51,1157,27,51
"1043","2020-05-05",227,12,182,649,5521,0.483064662198877,2040,7934,591,686,48,3880,18,1175,38,18
"1044","2020-05-06",218,12,187,645,5521,0.483064662198877,2040,7934,591,686,54,3934,15,1190,37,15
"1045","2020-05-07",219,12,176,639,5521,0.483064662198877,2040,7934,591,686,55,3989,13,1203,42,13
"1046","2020-05-08",222,12,190,633,5521,0.483064662198877,2040,7934,591,686,63,4052,17,1220,45,17
"1047","2020-05-09",229,12,191,632,5521,0.483064662198877,2040,7934,591,686,52,4104,34,1254,32,34
"1048","2020-05-10",217,12,198,610,5521,0.483064662198877,2040,7934,591,686,46,4150,17,1271,25,17
"1049","2020-05-11",209,12,199,576,5521,0.483064662198877,2040,7934,591,686,40,4190,8,1279,24,8
"1050","2020-05-12",195,12,202,546,5521,0.483064662198877,2040,7934,591,686,35,4225,14,1293,25,14
"1051","2020-05-13",196,12,197,524,5521,0.483064662198877,2040,7934,591,686,40,4265,36,1329,26,36
"1052","2020-05-14",181,12,191,505,5521,0.483064662198877,2040,7934,591,686,40,4305,15,1344,30,15
"1053","2020-05-15",167,12,180,486,5521,0.483064662198877,2040,7934,591,686,40,4345,7,1351,26,7
"1054","2020-05-16",167,12,161,458,5521,0.483064662198877,2040,7934,591,686,36,4381,8,1359,29,8
"1055","2020-05-17",175,12,153,446,5521,0.483064662198877,2040,7934,591,686,34,4415,39,1398,26,39
"1056","2020-05-18",168,12,156,428,5521,0.483064662198877,2040,7934,591,686,31,4446,16,1414,25,16
"1057","2020-05-19",161,12,151,410,5521,0.483064662198877,2040,7934,591,686,34,4480,33,1447,23,33
"1058","2020-05-20",155,12,157,409,5521,0.483064662198877,2040,7934,591,686,38,4518,63,1510,31,63
"1059","2020-05-21",151,12,150,394,5521,0.483064662198877,2040,7934,591,686,30,4548,55,1565,19,55
"1060","2020-05-22",141,12,151,385,5521,0.483064662198877,2040,7934,591,686,36,4584,33,1598,21,33
"1061","2020-05-23",137,12,139,378,5521,0.483064662198877,2040,7934,591,686,27,4611,33,1631,21,33
"1062","2020-05-24",116,12,141,367,5521,0.483064662198877,2040,7934,591,686,30,4641,35,1666,14,35
"1063","2020-05-25",111,12,138,363,5521,0.483064662198877,2040,7934,591,686,26,4667,42,1708,18,42
"1064","2020-05-26",113,12,143,351,5521,0.483064662198877,2040,7934,591,686,33,4700,51,1759,22,51
"1065","2020-05-27",112,12,146,314,5521,0.483064662198877,2040,7934,591,686,26,4726,55,1814,21,55
"1066","2020-05-28",113,12,130,307,5521,0.483064662198877,2040,7934,591,686,25,4751,29,1843,14,29
"1067","2020-05-29",120,12,137,290,5521,0.483064662198877,2040,7934,591,686,31,4782,38,1881,24,38
"1068","2020-05-30",125,12,141,277,5521,0.483064662198877,2040,7934,591,686,20,4802,34,1915,13,34
"1069","2020-05-31",113,12,139,273,5521,0.483064662198877,2040,7934,591,686,25,4827,21,1936,17,21
"1070","2020-06-01",106,12,131,260,5521,0.483064662198877,2040,7934,591,686,27,4854,51,1987,17,51
"1071","2020-06-02",101,12,141,236,5521,0.483064662198877,2040,7934,591,686,15,4869,23,2010,13,23
"1072","2020-06-03",99,12,155,233,5521,0.483064662198877,2040,7934,591,686,14,4883,23,2033,12,23
"1073","2020-06-04",97,12,152,227,5521,0.483064662198877,2040,7934,591,686,25,4908,30,2063,18,30
"1074","2020-06-05",77,12,162,212,5521,0.483064662198877,2040,7934,591,686,16,4924,21,2084,9,21
"1075","2020-06-06",68,12,176,198,5521,0.483064662198877,2040,7934,591,686,24,4948,34,2118,19,34
"1076","2020-06-07",69,12,172,186,5521,0.483064662198877,2040,7934,591,686,10,4958,34,2152,8,34
"1077","2020-03-13",3,13,24,44,5860,0.857679180887372,2115,7650,474,575,33,65,9,23,2,9
"1078","2020-03-14",4,13,31,63,5860,0.857679180887372,2115,7650,474,575,31,96,3,26,12,3
"1079","2020-03-15",5,13,38,87,5860,0.857679180887372,2115,7650,474,575,27,123,4,30,10,4
"1080","2020-03-16",8,13,57,116,5860,0.857679180887372,2115,7650,474,575,32,155,1,31,16,1
"1081","2020-03-17",13,13,60,137,5860,0.857679180887372,2115,7650,474,575,41,196,8,39,19,8
"1082","2020-03-18",16,13,61,157,5860,0.857679180887372,2115,7650,474,575,53,249,9,48,28,9
"1083","2020-03-19",18,13,54,180,5860,0.857679180887372,2115,7650,474,575,45,294,15,63,26,15
"1084","2020-03-20",31,13,55,214,5860,0.857679180887372,2115,7650,474,575,55,349,11,74,31,11
"1085","2020-03-21",46,13,59,247,5860,0.857679180887372,2115,7650,474,575,64,413,4,78,33,4
"1086","2020-03-22",68,13,81,282,5860,0.857679180887372,2115,7650,474,575,55,468,5,83,38,5
"1087","2020-03-23",70,13,90,321,5860,0.857679180887372,2115,7650,474,575,72,540,14,97,33,14
"1088","2020-03-24",77,13,107,351,5860,0.857679180887372,2115,7650,474,575,61,601,19,116,41,19
"1089","2020-03-25",86,13,113,420,5860,0.857679180887372,2115,7650,474,575,59,660,19,135,39,19
"1090","2020-03-26",101,13,114,484,5860,0.857679180887372,2115,7650,474,575,81,741,21,156,48,21
"1091","2020-03-27",128,13,113,562,5860,0.857679180887372,2115,7650,474,575,85,826,12,168,62,12
"1092","2020-03-28",153,13,130,635,5860,0.857679180887372,2115,7650,474,575,83,909,14,182,58,14
"1093","2020-03-29",154,13,130,696,5860,0.857679180887372,2115,7650,474,575,89,998,11,193,60,11
"1094","2020-03-30",170,13,145,788,5860,0.857679180887372,2115,7650,474,575,107,1105,6,199,76,6
"1095","2020-03-31",179,13,141,844,5860,0.857679180887372,2115,7650,474,575,103,1208,21,220,79,21
"1096","2020-04-01",202,13,145,936,5860,0.857679180887372,2115,7650,474,575,81,1289,14,234,59,14
"1097","2020-04-02",224,13,142,1007,5860,0.857679180887372,2115,7650,474,575,105,1394,19,253,83,19
"1098","2020-04-03",268,13,137,1073,5860,0.857679180887372,2115,7650,474,575,126,1520,34,287,96,34
"1099","2020-04-04",335,13,130,1168,5860,0.857679180887372,2115,7650,474,575,96,1616,32,319,71,32
"1100","2020-04-05",356,13,150,1241,5860,0.857679180887372,2115,7650,474,575,106,1722,29,348,80,29
"1101","2020-04-06",371,13,161,1320,5860,0.857679180887372,2115,7650,474,575,113,1835,22,370,80,22
"1102","2020-04-07",377,13,161,1409,5860,0.857679180887372,2115,7650,474,575,104,1939,23,393,82,23
"1103","2020-04-08",393,13,166,1506,5860,0.857679180887372,2115,7650,474,575,112,2051,19,412,89,19
"1104","2020-04-09",405,13,170,1527,5860,0.857679180887372,2115,7650,474,575,126,2177,30,442,91,30
"1105","2020-04-10",518,13,200,1613,5860,0.857679180887372,2115,7650,474,575,125,2302,10,452,97,10
"1106","2020-04-11",498,13,202,1665,5860,0.857679180887372,2115,7650,474,575,101,2403,32,484,78,32
"1107","2020-04-12",515,13,213,1709,5860,0.857679180887372,2115,7650,474,575,104,2507,26,510,78,26
"1108","2020-04-13",528,13,206,1753,5860,0.857679180887372,2115,7650,474,575,119,2626,18,528,99,18
"1109","2020-04-14",525,13,223,1733,5860,0.857679180887372,2115,7650,474,575,108,2734,26,554,89,26
"1110","2020-04-15",538,13,219,1765,5860,0.857679180887372,2115,7650,474,575,132,2866,39,593,101,39
"1111","2020-04-16",553,13,214,1769,5860,0.857679180887372,2115,7650,474,575,102,2968,22,615,73,22
"1112","2020-04-17",661,13,201,1750,5860,0.857679180887372,2115,7650,474,575,133,3101,31,646,112,31
"1113","2020-04-18",673,13,194,1704,5860,0.857679180887372,2115,7650,474,575,114,3215,20,666,91,20
"1114","2020-04-19",606,13,207,1689,5860,0.857679180887372,2115,7650,474,575,81,3296,29,695,56,29
"1115","2020-04-20",598,13,210,1660,5860,0.857679180887372,2115,7650,474,575,100,3396,36,731,76,36
"1116","2020-04-21",595,13,228,1619,5860,0.857679180887372,2115,7650,474,575,93,3489,40,771,68,40
"1117","2020-04-22",599,13,227,1554,5860,0.857679180887372,2115,7650,474,575,77,3566,30,801,58,30
"1118","2020-04-23",584,13,217,1513,5860,0.857679180887372,2115,7650,474,575,72,3638,38,839,52,38
"1119","2020-04-24",567,13,205,1445,5860,0.857679180887372,2115,7650,474,575,75,3713,25,864,55,25
"1120","2020-04-25",539,13,187,1343,5860,0.857679180887372,2115,7650,474,575,72,3785,41,905,46,41
"1121","2020-04-26",494,13,197,1258,5860,0.857679180887372,2115,7650,474,575,47,3832,21,926,29,21
"1122","2020-04-27",477,13,190,1207,5860,0.857679180887372,2115,7650,474,575,72,3904,22,948,47,22
"1123","2020-04-28",463,13,180,1133,5860,0.857679180887372,2115,7650,474,575,56,3960,18,966,41,18
"1124","2020-04-29",428,13,180,1065,5860,0.857679180887372,2115,7650,474,575,84,4044,11,977,67,11
"1125","2020-04-30",408,13,174,1006,5860,0.857679180887372,2115,7650,474,575,55,4099,8,985,30,8
"1126","2020-05-01",361,13,160,951,5860,0.857679180887372,2115,7650,474,575,78,4177,20,1005,58,20
"1127","2020-05-02",351,13,140,882,5860,0.857679180887372,2115,7650,474,575,61,4238,17,1022,37,17
"1128","2020-05-03",336,13,172,823,5860,0.857679180887372,2115,7650,474,575,45,4283,21,1043,33,21
"1129","2020-05-04",314,13,171,780,5860,0.857679180887372,2115,7650,474,575,64,4347,24,1067,42,24
"1130","2020-05-05",298,13,174,712,5860,0.857679180887372,2115,7650,474,575,44,4391,28,1095,26,28
"1131","2020-05-06",297,13,181,646,5860,0.857679180887372,2115,7650,474,575,41,4432,21,1116,23,21
"1132","2020-05-07",285,13,175,599,5860,0.857679180887372,2115,7650,474,575,58,4490,14,1130,39,14
"1133","2020-05-08",258,13,183,554,5860,0.857679180887372,2115,7650,474,575,32,4522,16,1146,20,16
"1134","2020-05-09",240,13,186,509,5860,0.857679180887372,2115,7650,474,575,52,4574,13,1159,35,13
"1135","2020-05-10",198,13,176,469,5860,0.857679180887372,2115,7650,474,575,41,4615,10,1169,29,10
"1136","2020-05-11",186,13,178,419,5860,0.857679180887372,2115,7650,474,575,49,4664,6,1175,34,6
"1137","2020-05-12",175,13,200,386,5860,0.857679180887372,2115,7650,474,575,53,4717,9,1184,25,9
"1138","2020-05-13",153,13,203,355,5860,0.857679180887372,2115,7650,474,575,35,4752,6,1190,20,6
"1139","2020-05-14",154,13,201,342,5860,0.857679180887372,2115,7650,474,575,43,4795,4,1194,27,4
"1140","2020-05-15",123,13,216,313,5860,0.857679180887372,2115,7650,474,575,49,4844,4,1198,29,4
"1141","2020-05-16",122,13,230,301,5860,0.857679180887372,2115,7650,474,575,29,4873,6,1204,16,6
"1142","2020-05-17",118,13,212,270,5860,0.857679180887372,2115,7650,474,575,31,4904,3,1207,18,3
"1143","2020-05-18",115,13,217,251,5860,0.857679180887372,2115,7650,474,575,41,4945,2,1209,24,2
"1144","2020-05-19",102,13,213,238,5860,0.857679180887372,2115,7650,474,575,25,4970,10,1219,12,10
"1145","2020-05-20",104,13,213,220,5860,0.857679180887372,2115,7650,474,575,20,4990,8,1227,17,8
"1146","2020-05-21",90,13,212,197,5860,0.857679180887372,2115,7650,474,575,29,5019,8,1235,23,8
"1147","2020-05-22",89,13,207,193,5860,0.857679180887372,2115,7650,474,575,25,5044,3,1238,20,3
"1148","2020-05-23",92,13,208,180,5860,0.857679180887372,2115,7650,474,575,28,5072,19,1257,17,19
"1149","2020-05-24",80,13,211,168,5860,0.857679180887372,2115,7650,474,575,18,5090,26,1283,12,26
"1150","2020-05-25",71,13,215,154,5860,0.857679180887372,2115,7650,474,575,19,5109,15,1298,15,15
"1151","2020-05-26",68,13,220,143,5860,0.857679180887372,2115,7650,474,575,18,5127,19,1317,12,19
"1152","2020-05-27",60,13,205,131,5860,0.857679180887372,2115,7650,474,575,16,5143,8,1325,12,8
"1153","2020-05-28",57,13,201,129,5860,0.857679180887372,2115,7650,474,575,17,5160,8,1333,10,8
"1154","2020-05-29",50,13,186,124,5860,0.857679180887372,2115,7650,474,575,11,5171,16,1349,5,16
"1155","2020-05-30",42,13,172,112,5860,0.857679180887372,2115,7650,474,575,16,5187,12,1361,8,12
"1156","2020-05-31",38,13,175,111,5860,0.857679180887372,2115,7650,474,575,15,5202,16,1377,9,16
"1157","2020-06-01",33,13,178,103,5860,0.857679180887372,2115,7650,474,575,13,5215,22,1399,8,22
"1158","2020-06-02",29,13,180,95,5860,0.857679180887372,2115,7650,474,575,23,5238,10,1409,12,10
"1159","2020-06-03",27,13,179,88,5860,0.857679180887372,2115,7650,474,575,16,5254,8,1417,9,8
"1160","2020-06-04",26,13,185,84,5860,0.857679180887372,2115,7650,474,575,9,5263,17,1434,5,17
"1161","2020-06-05",26,13,194,78,5860,0.857679180887372,2115,7650,474,575,10,5273,6,1440,7,6
"1162","2020-06-06",22,13,174,73,5860,0.857679180887372,2115,7650,474,575,14,5287,5,1445,5,5
"1163","2020-06-07",18,13,168,64,5860,0.857679180887372,2115,7650,474,575,14,5301,5,1450,4,5
"1164","2020-03-07",2,14,0,0,6082,0.860901019401513,2040,7586,692,1023,NA,NA,NA,NA,NA,NA
"1165","2020-03-08",3,14,0,0,6082,0.860901019401513,2040,7586,692,1023,NA,NA,NA,NA,NA,NA
"1166","2020-03-09",1,14,0,0,6082,0.860901019401513,2040,7586,692,1023,NA,NA,NA,NA,NA,NA
"1167","2020-03-10",0,14,0,0,6082,0.860901019401513,2040,7586,692,1023,NA,NA,5,5,NA,5
"1168","2020-03-11",0,14,0,0,6082,0.860901019401513,2040,7586,692,1023,22,22,5,10,4,5
"1169","2020-03-12",0,14,0,0,6082,0.860901019401513,2040,7586,692,1023,20,42,26,36,4,26
"1170","2020-03-13",2,14,62,54,6082,0.860901019401513,2040,7586,692,1023,42,84,32,68,15,32
"1171","2020-03-14",8,14,70,80,6082,0.860901019401513,2040,7586,692,1023,34,118,27,95,16,27
"1172","2020-03-15",8,14,74,114,6082,0.860901019401513,2040,7586,692,1023,38,156,31,126,16,31
"1173","2020-03-16",9,14,67,134,6082,0.860901019401513,2040,7586,692,1023,63,219,33,159,42,33
"1174","2020-03-17",15,14,75,187,6082,0.860901019401513,2040,7586,692,1023,54,273,15,174,33,15
"1175","2020-03-18",20,14,86,231,6082,0.860901019401513,2040,7586,692,1023,77,350,13,187,57,13
"1176","2020-03-19",24,14,94,264,6082,0.860901019401513,2040,7586,692,1023,66,416,8,195,49,8
"1177","2020-03-20",39,14,122,312,6082,0.860901019401513,2040,7586,692,1023,66,482,15,210,53,15
"1178","2020-03-21",56,14,132,362,6082,0.860901019401513,2040,7586,692,1023,67,549,38,248,40,38
"1179","2020-03-22",90,14,149,425,6082,0.860901019401513,2040,7586,692,1023,83,632,42,290,63,42
"1180","2020-03-23",110,14,170,488,6082,0.860901019401513,2040,7586,692,1023,71,703,34,324,53,34
"1181","2020-03-24",111,14,174,570,6082,0.860901019401513,2040,7586,692,1023,66,769,13,337,52,13
"1182","2020-03-25",118,14,175,628,6082,0.860901019401513,2040,7586,692,1023,78,847,18,355,58,18
"1183","2020-03-26",138,14,182,690,6082,0.860901019401513,2040,7586,692,1023,80,927,11,366,64,11
"1184","2020-03-27",189,14,179,752,6082,0.860901019401513,2040,7586,692,1023,75,1002,11,377,55,11
"1185","2020-03-28",219,14,172,817,6082,0.860901019401513,2040,7586,692,1023,88,1090,40,417,69,40
"1186","2020-03-29",243,14,176,893,6082,0.860901019401513,2040,7586,692,1023,85,1175,45,462,66,45
"1187","2020-03-30",241,14,172,956,6082,0.860901019401513,2040,7586,692,1023,82,1257,58,520,61,58
"1188","2020-03-31",256,14,162,1031,6082,0.860901019401513,2040,7586,692,1023,101,1358,56,576,80,56
"1189","2020-04-01",270,14,153,1106,6082,0.860901019401513,2040,7586,692,1023,90,1448,32,608,72,32
"1190","2020-04-02",283,14,153,1146,6082,0.860901019401513,2040,7586,692,1023,107,1555,50,658,90,50
"1191","2020-04-03",351,14,177,1196,6082,0.860901019401513,2040,7586,692,1023,83,1638,36,694,62,36
"1192","2020-04-04",372,14,208,1237,6082,0.860901019401513,2040,7586,692,1023,92,1730,24,718,75,24
"1193","2020-04-05",386,14,207,1296,6082,0.860901019401513,2040,7586,692,1023,95,1825,21,739,62,21
"1194","2020-04-06",390,14,234,1334,6082,0.860901019401513,2040,7586,692,1023,90,1915,35,774,67,35
"1195","2020-04-07",384,14,215,1406,6082,0.860901019401513,2040,7586,692,1023,105,2020,22,796,80,22
"1196","2020-04-08",424,14,202,1490,6082,0.860901019401513,2040,7586,692,1023,90,2110,12,808,67,12
"1197","2020-04-09",440,14,206,1513,6082,0.860901019401513,2040,7586,692,1023,91,2201,5,813,71,5
"1198","2020-04-10",535,14,230,1535,6082,0.860901019401513,2040,7586,692,1023,103,2304,12,825,79,12
"1199","2020-04-11",549,14,222,1595,6082,0.860901019401513,2040,7586,692,1023,101,2405,9,834,77,9
"1200","2020-04-12",542,14,229,1626,6082,0.860901019401513,2040,7586,692,1023,96,2501,12,846,71,12
"1201","2020-04-13",545,14,211,1671,6082,0.860901019401513,2040,7586,692,1023,89,2590,55,901,66,55
"1202","2020-04-14",538,14,202,1689,6082,0.860901019401513,2040,7586,692,1023,83,2673,23,924,54,23
"1203","2020-04-15",536,14,219,1698,6082,0.860901019401513,2040,7586,692,1023,94,2767,21,945,79,21
"1204","2020-04-16",535,14,224,1667,6082,0.860901019401513,2040,7586,692,1023,90,2857,15,960,74,15
"1205","2020-04-17",597,14,216,1683,6082,0.860901019401513,2040,7586,692,1023,98,2955,50,1010,82,50
"1206","2020-04-18",606,14,210,1645,6082,0.860901019401513,2040,7586,692,1023,94,3049,53,1063,74,53
"1207","2020-04-19",535,14,198,1626,6082,0.860901019401513,2040,7586,692,1023,77,3126,70,1133,59,70
"1208","2020-04-20",529,14,206,1557,6082,0.860901019401513,2040,7586,692,1023,79,3205,64,1197,64,64
"1209","2020-04-21",534,14,200,1496,6082,0.860901019401513,2040,7586,692,1023,88,3293,37,1234,64,37
"1210","2020-04-22",529,14,192,1438,6082,0.860901019401513,2040,7586,692,1023,79,3372,72,1306,57,72
"1211","2020-04-23",535,14,188,1406,6082,0.860901019401513,2040,7586,692,1023,81,3453,33,1339,60,33
"1212","2020-04-24",537,14,193,1308,6082,0.860901019401513,2040,7586,692,1023,78,3531,35,1374,53,35
"1213","2020-04-25",515,14,207,1217,6082,0.860901019401513,2040,7586,692,1023,61,3592,21,1395,46,21
"1214","2020-04-26",474,14,215,1143,6082,0.860901019401513,2040,7586,692,1023,83,3675,25,1420,67,25
"1215","2020-04-27",465,14,214,1067,6082,0.860901019401513,2040,7586,692,1023,68,3743,21,1441,50,21
"1216","2020-04-28",436,14,195,984,6082,0.860901019401513,2040,7586,692,1023,70,3813,15,1456,52,15
"1217","2020-04-29",411,14,194,933,6082,0.860901019401513,2040,7586,692,1023,76,3889,13,1469,53,13
"1218","2020-04-30",382,14,211,857,6082,0.860901019401513,2040,7586,692,1023,71,3960,19,1488,58,19
"1219","2020-05-01",340,14,232,805,6082,0.860901019401513,2040,7586,692,1023,63,4023,15,1503,41,15
"1220","2020-05-02",343,14,253,755,6082,0.860901019401513,2040,7586,692,1023,62,4085,7,1510,49,7
"1221","2020-05-03",289,14,264,717,6082,0.860901019401513,2040,7586,692,1023,53,4138,10,1520,36,10
"1222","2020-05-04",262,14,268,670,6082,0.860901019401513,2040,7586,692,1023,49,4187,9,1529,36,9
"1223","2020-05-05",254,14,257,617,6082,0.860901019401513,2040,7586,692,1023,48,4235,9,1538,37,9
"1224","2020-05-06",236,14,237,566,6082,0.860901019401513,2040,7586,692,1023,53,4288,33,1571,40,33
"1225","2020-05-07",229,14,245,540,6082,0.860901019401513,2040,7586,692,1023,55,4343,27,1598,28,27
"1226","2020-05-08",187,14,223,504,6082,0.860901019401513,2040,7586,692,1023,54,4397,57,1655,36,57
"1227","2020-05-09",177,14,213,477,6082,0.860901019401513,2040,7586,692,1023,60,4457,16,1671,47,16
"1228","2020-05-10",164,14,189,439,6082,0.860901019401513,2040,7586,692,1023,36,4493,12,1683,21,12
"1229","2020-05-11",163,14,217,417,6082,0.860901019401513,2040,7586,692,1023,39,4532,18,1701,29,18
"1230","2020-05-12",154,14,232,401,6082,0.860901019401513,2040,7586,692,1023,41,4573,12,1713,32,12
"1231","2020-05-13",149,14,222,380,6082,0.860901019401513,2040,7586,692,1023,40,4613,8,1721,28,8
"1232","2020-05-14",145,14,217,348,6082,0.860901019401513,2040,7586,692,1023,36,4649,3,1724,26,3
"1233","2020-05-15",141,14,198,323,6082,0.860901019401513,2040,7586,692,1023,38,4687,52,1776,22,52
"1234","2020-05-16",128,14,184,297,6082,0.860901019401513,2040,7586,692,1023,39,4726,58,1834,30,58
"1235","2020-05-17",121,14,179,281,6082,0.860901019401513,2040,7586,692,1023,29,4755,29,1863,20,29
"1236","2020-05-18",112,14,178,260,6082,0.860901019401513,2040,7586,692,1023,31,4786,45,1908,28,45
"1237","2020-05-19",104,14,197,264,6082,0.860901019401513,2040,7586,692,1023,42,4828,61,1969,28,61
"1238","2020-05-20",99,14,218,260,6082,0.860901019401513,2040,7586,692,1023,35,4863,25,1994,26,25
"1239","2020-05-21",90,14,229,243,6082,0.860901019401513,2040,7586,692,1023,32,4895,14,2008,20,14
"1240","2020-05-22",81,14,218,234,6082,0.860901019401513,2040,7586,692,1023,26,4921,33,2041,16,33
"1241","2020-05-23",79,14,229,227,6082,0.860901019401513,2040,7586,692,1023,33,4954,50,2091,21,50
"1242","2020-05-24",81,14,210,226,6082,0.860901019401513,2040,7586,692,1023,31,4985,33,2124,20,33
"1243","2020-05-25",77,14,200,219,6082,0.860901019401513,2040,7586,692,1023,23,5008,59,2183,16,59
"1244","2020-05-26",71,14,182,201,6082,0.860901019401513,2040,7586,692,1023,28,5036,51,2234,21,51
"1245","2020-05-27",69,14,187,197,6082,0.860901019401513,2040,7586,692,1023,28,5064,33,2267,15,33
"1246","2020-05-28",68,14,203,192,6082,0.860901019401513,2040,7586,692,1023,23,5087,16,2283,15,16
"1247","2020-05-29",72,14,200,192,6082,0.860901019401513,2040,7586,692,1023,19,5106,23,2306,14,23
"1248","2020-05-30",80,14,189,190,6082,0.860901019401513,2040,7586,692,1023,21,5127,13,2319,14,13
"1249","2020-05-31",66,14,187,189,6082,0.860901019401513,2040,7586,692,1023,28,5155,10,2329,23,10
"1250","2020-06-01",57,14,171,189,6082,0.860901019401513,2040,7586,692,1023,17,5172,2,2331,15,2
"1251","2020-06-02",61,14,164,188,6082,0.860901019401513,2040,7586,692,1023,19,5191,16,2347,16,16
"1252","2020-06-03",65,14,154,182,6082,0.860901019401513,2040,7586,692,1023,23,5214,30,2377,17,30
"1253","2020-06-04",66,14,168,175,6082,0.860901019401513,2040,7586,692,1023,22,5236,12,2389,19,12
"1254","2020-06-05",62,14,176,164,6082,0.860901019401513,2040,7586,692,1023,19,5255,47,2436,17,47
"1255","2020-06-06",48,14,165,149,6082,0.860901019401513,2040,7586,692,1023,20,5275,50,2486,18,50
"1256","2020-06-07",52,14,154,147,6082,0.860901019401513,2040,7586,692,1023,12,5287,20,2506,7,20
"1257","2020-03-08",1,15,0,0,6202,0.491776846178652,2040,8622,611,1277,NA,NA,NA,NA,NA,NA
"1258","2020-03-09",1,15,0,0,6202,0.491776846178652,2040,8622,611,1277,NA,NA,NA,NA,NA,NA
"1259","2020-03-10",0,15,0,0,6202,0.491776846178652,2040,8622,611,1277,NA,NA,NA,NA,NA,NA
"1260","2020-03-11",0,15,0,0,6202,0.491776846178652,2040,8622,611,1277,57,57,3,3,1,3
"1261","2020-03-12",2,15,116,104,6202,0.491776846178652,2040,8622,611,1277,54,111,11,14,NA,11
"1262","2020-03-13",6,15,128,171,6202,0.491776846178652,2040,8622,611,1277,43,154,6,20,2,6
"1263","2020-03-14",11,15,159,240,6202,0.491776846178652,2040,8622,611,1277,41,195,19,39,8,19
"1264","2020-03-15",41,15,147,312,6202,0.491776846178652,2040,8622,611,1277,48,243,8,47,16,8
"1265","2020-03-16",46,15,141,403,6202,0.491776846178652,2040,8622,611,1277,50,293,21,68,12,21
"1266","2020-03-17",58,15,128,486,6202,0.491776846178652,2040,8622,611,1277,63,356,8,76,19,8
"1267","2020-03-18",67,15,122,577,6202,0.491776846178652,2040,8622,611,1277,66,422,24,100,25,24
"1268","2020-03-19",85,15,111,637,6202,0.491776846178652,2040,8622,611,1277,68,490,20,120,28,20
"1269","2020-03-20",153,15,89,702,6202,0.491776846178652,2040,8622,611,1277,70,560,14,134,28,14
"1270","2020-03-21",210,15,90,747,6202,0.491776846178652,2040,8622,611,1277,79,639,16,150,31,16
"1271","2020-03-22",226,15,95,836,6202,0.491776846178652,2040,8622,611,1277,88,727,19,169,31,19
"1272","2020-03-23",232,15,105,898,6202,0.491776846178652,2040,8622,611,1277,77,804,20,189,38,20
"1273","2020-03-24",235,15,102,953,6202,0.491776846178652,2040,8622,611,1277,91,895,28,217,37,28
"1274","2020-03-25",263,15,92,965,6202,0.491776846178652,2040,8622,611,1277,93,988,11,228,47,11
"1275","2020-03-26",277,15,89,998,6202,0.491776846178652,2040,8622,611,1277,83,1071,18,246,35,18
"1276","2020-03-27",338,15,147,993,6202,0.491776846178652,2040,8622,611,1277,92,1163,24,270,43,24
"1277","2020-03-28",337,15,154,1006,6202,0.491776846178652,2040,8622,611,1277,74,1237,36,306,43,36
"1278","2020-03-29",302,15,159,1037,6202,0.491776846178652,2040,8622,611,1277,109,1346,31,337,59,31
"1279","2020-03-30",312,15,156,1081,6202,0.491776846178652,2040,8622,611,1277,84,1430,24,361,43,24
"1280","2020-03-31",323,15,141,1083,6202,0.491776846178652,2040,8622,611,1277,85,1515,21,382,47,21
"1281","2020-04-01",329,15,146,1111,6202,0.491776846178652,2040,8622,611,1277,86,1601,11,393,52,11
"1282","2020-04-02",352,15,146,1096,6202,0.491776846178652,2040,8622,611,1277,89,1690,31,424,46,31
"1283","2020-04-03",368,15,161,1111,6202,0.491776846178652,2040,8622,611,1277,98,1788,33,457,48,33
"1284","2020-04-04",393,15,218,1103,6202,0.491776846178652,2040,8622,611,1277,94,1882,15,472,52,15
"1285","2020-04-05",395,15,241,1108,6202,0.491776846178652,2040,8622,611,1277,98,1980,12,484,42,12
"1286","2020-04-06",384,15,246,1117,6202,0.491776846178652,2040,8622,611,1277,77,2057,8,492,43,8
"1287","2020-04-07",383,15,220,1139,6202,0.491776846178652,2040,8622,611,1277,128,2185,6,498,70,6
"1288","2020-04-08",376,15,241,1148,6202,0.491776846178652,2040,8622,611,1277,91,2276,29,527,43,29
"1289","2020-04-09",368,15,249,1125,6202,0.491776846178652,2040,8622,611,1277,88,2364,31,558,46,31
"1290","2020-04-10",379,15,263,1126,6202,0.491776846178652,2040,8622,611,1277,105,2469,43,601,48,43
"1291","2020-04-11",368,15,260,1093,6202,0.491776846178652,2040,8622,611,1277,96,2565,29,630,53,29
"1292","2020-04-12",389,15,245,1064,6202,0.491776846178652,2040,8622,611,1277,90,2655,23,653,48,23
"1293","2020-04-13",386,15,228,1051,6202,0.491776846178652,2040,8622,611,1277,93,2748,30,683,48,30
"1294","2020-04-14",366,15,229,1035,6202,0.491776846178652,2040,8622,611,1277,68,2816,27,710,18,27
"1295","2020-04-15",370,15,254,1013,6202,0.491776846178652,2040,8622,611,1277,85,2901,36,746,43,36
"1296","2020-04-16",352,15,265,992,6202,0.491776846178652,2040,8622,611,1277,88,2989,19,765,46,19
"1297","2020-04-17",366,15,244,992,6202,0.491776846178652,2040,8622,611,1277,72,3061,55,820,40,55
"1298","2020-04-18",372,15,205,1008,6202,0.491776846178652,2040,8622,611,1277,81,3142,26,846,39,26
"1299","2020-04-19",332,15,211,995,6202,0.491776846178652,2040,8622,611,1277,74,3216,38,884,35,38
"1300","2020-04-20",326,15,226,993,6202,0.491776846178652,2040,8622,611,1277,76,3292,14,898,35,14
"1301","2020-04-21",322,15,199,967,6202,0.491776846178652,2040,8622,611,1277,82,3374,16,914,34,16
"1302","2020-04-22",307,15,183,941,6202,0.491776846178652,2040,8622,611,1277,67,3441,17,931,33,17
"1303","2020-04-23",309,15,181,920,6202,0.491776846178652,2040,8622,611,1277,94,3535,40,971,41,40
"1304","2020-04-24",338,15,192,892,6202,0.491776846178652,2040,8622,611,1277,67,3602,40,1011,22,40
"1305","2020-04-25",319,15,211,877,6202,0.491776846178652,2040,8622,611,1277,68,3670,35,1046,31,35
"1306","2020-04-26",299,15,220,876,6202,0.491776846178652,2040,8622,611,1277,69,3739,53,1099,28,53
"1307","2020-04-27",290,15,255,856,6202,0.491776846178652,2040,8622,611,1277,64,3803,42,1141,28,42
"1308","2020-04-28",277,15,251,841,6202,0.491776846178652,2040,8622,611,1277,66,3869,46,1187,23,46
"1309","2020-04-29",285,15,220,791,6202,0.491776846178652,2040,8622,611,1277,62,3931,37,1224,17,37
"1310","2020-04-30",279,15,259,791,6202,0.491776846178652,2040,8622,611,1277,69,4000,16,1240,31,16
"1311","2020-05-01",286,15,270,771,6202,0.491776846178652,2040,8622,611,1277,54,4054,35,1275,17,35
"1312","2020-05-02",301,15,251,742,6202,0.491776846178652,2040,8622,611,1277,69,4123,23,1298,33,23
"1313","2020-05-03",273,15,223,714,6202,0.491776846178652,2040,8622,611,1277,64,4187,30,1328,30,30
"1314","2020-05-04",255,15,214,701,6202,0.491776846178652,2040,8622,611,1277,50,4237,44,1372,15,44
"1315","2020-05-05",248,15,216,678,6202,0.491776846178652,2040,8622,611,1277,46,4283,42,1414,20,42
"1316","2020-05-06",230,15,219,674,6202,0.491776846178652,2040,8622,611,1277,53,4336,53,1467,22,53
"1317","2020-05-07",235,15,207,653,6202,0.491776846178652,2040,8622,611,1277,56,4392,35,1502,28,35
"1318","2020-05-08",212,15,221,631,6202,0.491776846178652,2040,8622,611,1277,57,4449,18,1520,29,18
"1319","2020-05-09",200,15,220,621,6202,0.491776846178652,2040,8622,611,1277,47,4496,30,1550,19,30
"1320","2020-05-10",195,15,208,589,6202,0.491776846178652,2040,8622,611,1277,37,4533,34,1584,10,34
"1321","2020-05-11",196,15,206,565,6202,0.491776846178652,2040,8622,611,1277,44,4577,30,1614,8,30
"1322","2020-05-12",190,15,174,554,6202,0.491776846178652,2040,8622,611,1277,34,4611,34,1648,13,34
"1323","2020-05-13",200,15,197,553,6202,0.491776846178652,2040,8622,611,1277,40,4651,28,1676,13,28
"1324","2020-05-14",191,15,215,550,6202,0.491776846178652,2040,8622,611,1277,46,4697,16,1692,11,16
"1325","2020-05-15",187,15,214,537,6202,0.491776846178652,2040,8622,611,1277,28,4725,35,1727,10,35
"1326","2020-05-16",201,15,208,510,6202,0.491776846178652,2040,8622,611,1277,39,4764,16,1743,16,16
"1327","2020-05-17",190,15,216,502,6202,0.491776846178652,2040,8622,611,1277,32,4796,23,1766,10,23
"1328","2020-05-18",185,15,244,487,6202,0.491776846178652,2040,8622,611,1277,37,4833,14,1780,8,14
"1329","2020-05-19",162,15,253,480,6202,0.491776846178652,2040,8622,611,1277,32,4865,15,1795,12,15
"1330","2020-05-20",154,15,272,468,6202,0.491776846178652,2040,8622,611,1277,31,4896,12,1807,9,12
"1331","2020-05-21",145,15,254,458,6202,0.491776846178652,2040,8622,611,1277,24,4920,24,1831,8,24
"1332","2020-05-22",147,15,236,434,6202,0.491776846178652,2040,8622,611,1277,19,4939,17,1848,5,17
"1333","2020-05-23",157,15,215,416,6202,0.491776846178652,2040,8622,611,1277,34,4973,23,1871,7,23
"1334","2020-05-24",151,15,212,403,6202,0.491776846178652,2040,8622,611,1277,30,5003,21,1892,8,21
"1335","2020-05-25",145,15,218,390,6202,0.491776846178652,2040,8622,611,1277,21,5024,30,1922,8,30
"1336","2020-05-26",152,15,207,389,6202,0.491776846178652,2040,8622,611,1277,17,5041,13,1935,7,13
"1337","2020-05-27",148,15,185,361,6202,0.491776846178652,2040,8622,611,1277,14,5055,11,1946,4,11
"1338","2020-05-28",148,15,171,347,6202,0.491776846178652,2040,8622,611,1277,27,5082,27,1973,13,27
"1339","2020-05-29",154,15,163,334,6202,0.491776846178652,2040,8622,611,1277,29,5111,16,1989,8,16
"1340","2020-05-30",136,15,147,327,6202,0.491776846178652,2040,8622,611,1277,22,5133,11,2000,6,11
"1341","2020-05-31",126,15,154,315,6202,0.491776846178652,2040,8622,611,1277,22,5155,9,2009,6,9
"1342","2020-06-01",114,15,182,303,6202,0.491776846178652,2040,8622,611,1277,19,5174,13,2022,6,13
"1343","2020-06-02",109,15,188,276,6202,0.491776846178652,2040,8622,611,1277,12,5186,20,2042,4,20
"1344","2020-06-03",100,15,176,259,6202,0.491776846178652,2040,8622,611,1277,13,5199,13,2055,7,13
"1345","2020-06-04",97,15,149,254,6202,0.491776846178652,2040,8622,611,1277,18,5217,12,2067,9,12
"1346","2020-06-05",83,15,146,255,6202,0.491776846178652,2040,8622,611,1277,13,5230,22,2089,4,22
"1347","2020-06-06",82,15,134,258,6202,0.491776846178652,2040,8622,611,1277,15,5245,12,2101,5,12
"1348","2020-06-07",72,15,143,244,6202,0.491776846178652,2040,8622,611,1277,13,5258,6,2107,4,6
"1349","2020-03-08",1,16,0,0,5848,0.828146374829001,1995,7248,627,1072,NA,NA,NA,NA,NA,NA
"1350","2020-03-09",1,16,0,0,5848,0.828146374829001,1995,7248,627,1072,NA,NA,NA,NA,NA,NA
"1351","2020-03-10",0,16,0,0,5848,0.828146374829001,1995,7248,627,1072,1,1,2,2,1,2
"1352","2020-03-11",0,16,0,0,5848,0.828146374829001,1995,7248,627,1072,26,27,20,22,2,20
"1353","2020-03-12",0,16,0,0,5848,0.828146374829001,1995,7248,627,1072,33,60,30,52,NA,30
"1354","2020-03-13",1,16,71,33,5848,0.828146374829001,1995,7248,627,1072,42,102,33,85,5,33
"1355","2020-03-14",2,16,76,46,5848,0.828146374829001,1995,7248,627,1072,35,137,34,119,8,34
"1356","2020-03-15",4,16,85,64,5848,0.828146374829001,1995,7248,627,1072,41,178,24,143,12,24
"1357","2020-03-16",7,16,90,95,5848,0.828146374829001,1995,7248,627,1072,48,226,26,169,17,26
"1358","2020-03-17",11,16,92,121,5848,0.828146374829001,1995,7248,627,1072,60,286,44,213,27,44
"1359","2020-03-18",15,16,120,149,5848,0.828146374829001,1995,7248,627,1072,68,354,27,240,32,27
"1360","2020-03-19",17,16,144,188,5848,0.828146374829001,1995,7248,627,1072,66,420,28,268,37,28
"1361","2020-03-20",26,16,139,221,5848,0.828146374829001,1995,7248,627,1072,77,497,51,319,44,51
"1362","2020-03-21",48,16,162,263,5848,0.828146374829001,1995,7248,627,1072,91,588,38,357,59,38
"1363","2020-03-22",60,16,162,297,5848,0.828146374829001,1995,7248,627,1072,76,664,46,403,49,46
"1364","2020-03-23",66,16,193,330,5848,0.828146374829001,1995,7248,627,1072,89,753,32,435,59,32
"1365","2020-03-24",67,16,202,372,5848,0.828146374829001,1995,7248,627,1072,88,841,39,474,56,39
"1366","2020-03-25",76,16,213,430,5848,0.828146374829001,1995,7248,627,1072,115,956,57,531,76,57
"1367","2020-03-26",82,16,225,479,5848,0.828146374829001,1995,7248,627,1072,127,1083,43,574,92,43
"1368","2020-03-27",114,16,247,541,5848,0.828146374829001,1995,7248,627,1072,114,1197,47,621,84,47
"1369","2020-03-28",148,16,235,595,5848,0.828146374829001,1995,7248,627,1072,115,1312,32,653,88,32
"1370","2020-03-29",150,16,238,659,5848,0.828146374829001,1995,7248,627,1072,123,1435,33,686,98,33
"1371","2020-03-30",152,16,244,709,5848,0.828146374829001,1995,7248,627,1072,106,1541,60,746,84,60
"1372","2020-03-31",170,16,217,778,5848,0.828146374829001,1995,7248,627,1072,120,1661,47,793,89,47
"1373","2020-04-01",189,16,212,855,5848,0.828146374829001,1995,7248,627,1072,117,1778,55,848,91,55
"1374","2020-04-02",209,16,233,898,5848,0.828146374829001,1995,7248,627,1072,106,1884,57,905,76,57
"1375","2020-04-03",269,16,215,992,5848,0.828146374829001,1995,7248,627,1072,134,2018,36,941,103,36
"1376","2020-04-04",278,16,194,1035,5848,0.828146374829001,1995,7248,627,1072,127,2145,42,983,101,42
"1377","2020-04-05",288,16,173,1066,5848,0.828146374829001,1995,7248,627,1072,128,2273,59,1042,95,59
"1378","2020-04-06",301,16,147,1147,5848,0.828146374829001,1995,7248,627,1072,132,2405,50,1092,96,50
"1379","2020-04-07",309,16,153,1218,5848,0.828146374829001,1995,7248,627,1072,127,2532,34,1126,94,34
"1380","2020-04-08",325,16,140,1311,5848,0.828146374829001,1995,7248,627,1072,103,2635,37,1163,79,37
"1381","2020-04-09",343,16,145,1372,5848,0.828146374829001,1995,7248,627,1072,107,2742,37,1200,83,37
"1382","2020-04-10",417,16,171,1442,5848,0.828146374829001,1995,7248,627,1072,145,2887,30,1230,109,30
"1383","2020-04-11",437,16,192,1497,5848,0.828146374829001,1995,7248,627,1072,103,2990,27,1257,78,27
"1384","2020-04-12",454,16,187,1555,5848,0.828146374829001,1995,7248,627,1072,97,3087,40,1297,71,40
"1385","2020-04-13",460,16,207,1620,5848,0.828146374829001,1995,7248,627,1072,93,3180,37,1334,71,37
"1386","2020-04-14",462,16,206,1673,5848,0.828146374829001,1995,7248,627,1072,121,3301,50,1384,82,50
"1387","2020-04-15",483,16,220,1674,5848,0.828146374829001,1995,7248,627,1072,102,3403,80,1464,67,80
"1388","2020-04-16",513,16,224,1723,5848,0.828146374829001,1995,7248,627,1072,100,3503,74,1538,71,74
"1389","2020-04-17",614,16,210,1744,5848,0.828146374829001,1995,7248,627,1072,102,3605,63,1601,67,63
"1390","2020-04-18",655,16,201,1714,5848,0.828146374829001,1995,7248,627,1072,83,3688,51,1652,58,51
"1391","2020-04-19",598,16,193,1725,5848,0.828146374829001,1995,7248,627,1072,89,3777,43,1695,58,43
"1392","2020-04-20",606,16,240,1697,5848,0.828146374829001,1995,7248,627,1072,68,3845,41,1736,45,41
"1393","2020-04-21",610,16,258,1679,5848,0.828146374829001,1995,7248,627,1072,72,3917,36,1772,44,36
"1394","2020-04-22",590,16,264,1633,5848,0.828146374829001,1995,7248,627,1072,86,4003,27,1799,56,27
"1395","2020-04-23",578,16,252,1588,5848,0.828146374829001,1995,7248,627,1072,56,4059,28,1827,33,28
"1396","2020-04-24",582,16,250,1484,5848,0.828146374829001,1995,7248,627,1072,68,4127,49,1876,39,49
"1397","2020-04-25",573,16,233,1412,5848,0.828146374829001,1995,7248,627,1072,66,4193,48,1924,46,48
"1398","2020-04-26",501,16,226,1325,5848,0.828146374829001,1995,7248,627,1072,58,4251,47,1971,35,47
"1399","2020-04-27",469,16,207,1224,5848,0.828146374829001,1995,7248,627,1072,75,4326,39,2010,45,39
"1400","2020-04-28",459,16,188,1129,5848,0.828146374829001,1995,7248,627,1072,62,4388,36,2046,39,36
"1401","2020-04-29",449,16,184,1059,5848,0.828146374829001,1995,7248,627,1072,47,4435,59,2105,28,59
"1402","2020-04-30",415,16,193,984,5848,0.828146374829001,1995,7248,627,1072,57,4492,37,2142,40,37
"1403","2020-05-01",398,16,209,922,5848,0.828146374829001,1995,7248,627,1072,51,4543,29,2171,31,29
"1404","2020-05-02",347,16,202,877,5848,0.828146374829001,1995,7248,627,1072,64,4607,26,2197,27,26
"1405","2020-05-03",332,16,186,827,5848,0.828146374829001,1995,7248,627,1072,52,4659,22,2219,31,22
"1406","2020-05-04",302,16,180,768,5848,0.828146374829001,1995,7248,627,1072,45,4704,30,2249,26,30
"1407","2020-05-05",277,16,170,710,5848,0.828146374829001,1995,7248,627,1072,42,4746,28,2277,21,28
"1408","2020-05-06",264,16,176,670,5848,0.828146374829001,1995,7248,627,1072,46,4792,63,2340,23,63
"1409","2020-05-07",250,16,187,605,5848,0.828146374829001,1995,7248,627,1072,33,4825,36,2376,11,36
"1410","2020-05-08",193,16,250,567,5848,0.828146374829001,1995,7248,627,1072,51,4876,38,2414,24,38
"1411","2020-05-09",201,16,250,517,5848,0.828146374829001,1995,7248,627,1072,44,4920,20,2434,23,20
"1412","2020-05-10",179,16,244,481,5848,0.828146374829001,1995,7248,627,1072,42,4962,49,2483,22,49
"1413","2020-05-11",174,16,232,464,5848,0.828146374829001,1995,7248,627,1072,33,4995,60,2543,21,60
"1414","2020-05-12",171,16,248,461,5848,0.828146374829001,1995,7248,627,1072,32,5027,47,2590,23,47
"1415","2020-05-13",165,16,270,431,5848,0.828146374829001,1995,7248,627,1072,35,5062,32,2622,14,32
"1416","2020-05-14",166,16,265,405,5848,0.828146374829001,1995,7248,627,1072,37,5099,30,2652,22,30
"1417","2020-05-15",163,16,240,381,5848,0.828146374829001,1995,7248,627,1072,22,5121,47,2699,11,47
"1418","2020-05-16",151,16,223,371,5848,0.828146374829001,1995,7248,627,1072,25,5146,30,2729,13,30
"1419","2020-05-17",142,16,191,348,5848,0.828146374829001,1995,7248,627,1072,28,5174,28,2757,12,28
"1420","2020-05-18",139,16,189,331,5848,0.828146374829001,1995,7248,627,1072,24,5198,24,2781,11,24
"1421","2020-05-19",128,16,197,323,5848,0.828146374829001,1995,7248,627,1072,18,5216,24,2805,8,24
"1422","2020-05-20",123,16,206,295,5848,0.828146374829001,1995,7248,627,1072,25,5241,28,2833,10,28
"1423","2020-05-21",120,16,212,280,5848,0.828146374829001,1995,7248,627,1072,19,5260,62,2895,8,62
"1424","2020-05-22",111,16,207,262,5848,0.828146374829001,1995,7248,627,1072,21,5281,82,2977,11,82
"1425","2020-05-23",104,16,206,247,5848,0.828146374829001,1995,7248,627,1072,19,5300,63,3040,9,63
"1426","2020-05-24",99,16,218,228,5848,0.828146374829001,1995,7248,627,1072,17,5317,38,3078,8,38
"1427","2020-05-25",95,16,211,215,5848,0.828146374829001,1995,7248,627,1072,13,5330,43,3121,7,43
"1428","2020-05-26",94,16,210,192,5848,0.828146374829001,1995,7248,627,1072,17,5347,49,3170,9,49
"1429","2020-05-27",86,16,198,183,5848,0.828146374829001,1995,7248,627,1072,14,5361,42,3212,11,42
"1430","2020-05-28",82,16,183,162,5848,0.828146374829001,1995,7248,627,1072,14,5375,62,3274,7,62
"1431","2020-05-29",70,16,139,157,5848,0.828146374829001,1995,7248,627,1072,20,5395,51,3325,7,51
"1432","2020-05-30",61,16,139,148,5848,0.828146374829001,1995,7248,627,1072,14,5409,41,3366,5,41
"1433","2020-05-31",55,16,154,134,5848,0.828146374829001,1995,7248,627,1072,13,5422,35,3401,7,35
"1434","2020-06-01",53,16,152,119,5848,0.828146374829001,1995,7248,627,1072,9,5431,46,3447,4,46
"1435","2020-06-02",47,16,146,115,5848,0.828146374829001,1995,7248,627,1072,13,5444,39,3486,2,39
"1436","2020-06-03",42,16,161,109,5848,0.828146374829001,1995,7248,627,1072,16,5460,38,3524,7,38
"1437","2020-06-04",41,16,181,104,5848,0.828146374829001,1995,7248,627,1072,10,5470,26,3550,5,26
"1438","2020-06-05",36,16,174,106,5848,0.828146374829001,1995,7248,627,1072,13,5483,43,3593,7,43
"1439","2020-06-06",40,16,165,103,5848,0.828146374829001,1995,7248,627,1072,6,5489,30,3623,3,30
"1440","2020-06-07",36,16,138,96,5848,0.828146374829001,1995,7248,627,1072,13,5502,27,3650,3,27
"1441","2020-03-13",2,17,60,58,5802,0.665977249224405,2160,8178,624,1051,18,47,27,78,12,27
"1442","2020-03-14",3,17,67,90,5802,0.665977249224405,2160,8178,624,1051,19,66,13,91,15,13
"1443","2020-03-15",4,17,67,134,5802,0.665977249224405,2160,8178,624,1051,36,102,17,108,30,17
"1444","2020-03-16",8,17,59,173,5802,0.665977249224405,2160,8178,624,1051,23,125,7,115,18,7
"1445","2020-03-17",13,17,53,228,5802,0.665977249224405,2160,8178,624,1051,38,163,6,121,32,6
"1446","2020-03-18",24,17,53,273,5802,0.665977249224405,2160,8178,624,1051,42,205,30,151,36,30
"1447","2020-03-19",34,17,54,306,5802,0.665977249224405,2160,8178,624,1051,48,253,28,179,47,28
"1448","2020-03-20",46,17,67,359,5802,0.665977249224405,2160,8178,624,1051,39,292,17,196,34,17
"1449","2020-03-21",85,17,107,417,5802,0.665977249224405,2160,8178,624,1051,59,351,18,214,51,18
"1450","2020-03-22",118,17,123,484,5802,0.665977249224405,2160,8178,624,1051,67,418,17,231,66,17
"1451","2020-03-23",127,17,173,554,5802,0.665977249224405,2160,8178,624,1051,79,497,34,265,75,34
"1452","2020-03-24",124,17,201,599,5802,0.665977249224405,2160,8178,624,1051,70,567,31,296,69,31
"1453","2020-03-25",135,17,233,648,5802,0.665977249224405,2160,8178,624,1051,88,655,44,340,84,44
"1454","2020-03-26",154,17,220,708,5802,0.665977249224405,2160,8178,624,1051,101,756,41,381,89,41
"1455","2020-03-27",203,17,194,785,5802,0.665977249224405,2160,8178,624,1051,123,879,43,424,118,43
"1456","2020-03-28",236,17,176,864,5802,0.665977249224405,2160,8178,624,1051,113,992,37,461,108,37
"1457","2020-03-29",253,17,162,926,5802,0.665977249224405,2160,8178,624,1051,141,1133,50,511,134,50
"1458","2020-03-30",253,17,153,972,5802,0.665977249224405,2160,8178,624,1051,130,1263,42,553,126,42
"1459","2020-03-31",275,17,157,1040,5802,0.665977249224405,2160,8178,624,1051,152,1415,45,598,150,45
"1460","2020-04-01",280,17,169,1088,5802,0.665977249224405,2160,8178,624,1051,148,1563,32,630,143,32
"1461","2020-04-02",293,17,158,1143,5802,0.665977249224405,2160,8178,624,1051,165,1728,45,675,158,45
"1462","2020-04-03",388,17,141,1183,5802,0.665977249224405,2160,8178,624,1051,152,1880,40,715,146,40
"1463","2020-04-04",402,17,144,1241,5802,0.665977249224405,2160,8178,624,1051,176,2056,19,734,170,19
"1464","2020-04-05",379,17,126,1282,5802,0.665977249224405,2160,8178,624,1051,170,2226,53,787,164,53
"1465","2020-04-06",386,17,110,1313,5802,0.665977249224405,2160,8178,624,1051,164,2390,35,822,158,35
"1466","2020-04-07",385,17,107,1385,5802,0.665977249224405,2160,8178,624,1051,146,2536,30,852,142,30
"1467","2020-04-08",401,17,108,1438,5802,0.665977249224405,2160,8178,624,1051,185,2721,14,866,180,14
"1468","2020-04-09",416,17,121,1438,5802,0.665977249224405,2160,8178,624,1051,156,2877,27,893,150,27
"1469","2020-04-10",471,17,112,1460,5802,0.665977249224405,2160,8178,624,1051,186,3063,45,938,182,45
"1470","2020-04-11",484,17,108,1469,5802,0.665977249224405,2160,8178,624,1051,176,3239,15,953,167,15
"1471","2020-04-12",499,17,121,1452,5802,0.665977249224405,2160,8178,624,1051,153,3392,38,991,151,38
"1472","2020-04-13",510,17,133,1433,5802,0.665977249224405,2160,8178,624,1051,163,3555,53,1044,155,53
"1473","2020-04-14",507,17,175,1396,5802,0.665977249224405,2160,8178,624,1051,122,3677,31,1075,116,31
"1474","2020-04-15",510,17,211,1385,5802,0.665977249224405,2160,8178,624,1051,139,3816,22,1097,130,22
"1475","2020-04-16",500,17,194,1367,5802,0.665977249224405,2160,8178,624,1051,145,3961,23,1120,139,23
"1476","2020-04-17",508,17,169,1349,5802,0.665977249224405,2160,8178,624,1051,115,4076,40,1160,112,40
"1477","2020-04-18",488,17,153,1345,5802,0.665977249224405,2160,8178,624,1051,127,4203,34,1194,122,34
"1478","2020-04-19",453,17,159,1308,5802,0.665977249224405,2160,8178,624,1051,122,4325,39,1233,116,39
"1479","2020-04-20",441,17,171,1242,5802,0.665977249224405,2160,8178,624,1051,84,4409,21,1254,82,21
"1480","2020-04-21",438,17,188,1210,5802,0.665977249224405,2160,8178,624,1051,106,4515,45,1299,101,45
"1481","2020-04-22",445,17,192,1147,5802,0.665977249224405,2160,8178,624,1051,107,4622,43,1342,105,43
"1482","2020-04-23",441,17,182,1112,5802,0.665977249224405,2160,8178,624,1051,80,4702,19,1361,76,19
"1483","2020-04-24",434,17,159,1037,5802,0.665977249224405,2160,8178,624,1051,77,4779,56,1417,72,56
"1484","2020-04-25",405,17,199,1009,5802,0.665977249224405,2160,8178,624,1051,74,4853,68,1485,69,68
"1485","2020-04-26",386,17,183,987,5802,0.665977249224405,2160,8178,624,1051,46,4899,41,1526,45,41
"1486","2020-04-27",363,17,177,947,5802,0.665977249224405,2160,8178,624,1051,66,4965,21,1547,62,21
"1487","2020-04-28",332,17,205,915,5802,0.665977249224405,2160,8178,624,1051,52,5017,18,1565,51,18
"1488","2020-04-29",311,17,200,845,5802,0.665977249224405,2160,8178,624,1051,60,5077,45,1610,54,45
"1489","2020-04-30",305,17,229,803,5802,0.665977249224405,2160,8178,624,1051,45,5122,34,1644,42,34
"1490","2020-05-01",307,17,231,783,5802,0.665977249224405,2160,8178,624,1051,58,5180,33,1677,52,33
"1491","2020-05-02",335,17,218,741,5802,0.665977249224405,2160,8178,624,1051,33,5213,25,1702,30,25
"1492","2020-05-03",283,17,234,727,5802,0.665977249224405,2160,8178,624,1051,43,5256,46,1748,40,46
"1493","2020-05-04",277,17,239,678,5802,0.665977249224405,2160,8178,624,1051,38,5294,27,1775,37,27
"1494","2020-05-05",269,17,266,654,5802,0.665977249224405,2160,8178,624,1051,37,5331,47,1822,34,47
"1495","2020-05-06",251,17,283,629,5802,0.665977249224405,2160,8178,624,1051,33,5364,29,1851,29,29
"1496","2020-05-07",242,17,303,592,5802,0.665977249224405,2160,8178,624,1051,38,5402,21,1872,32,21
"1497","2020-05-08",218,17,295,578,5802,0.665977249224405,2160,8178,624,1051,25,5427,49,1921,22,49
"1498","2020-05-09",215,17,316,541,5802,0.665977249224405,2160,8178,624,1051,24,5451,39,1960,22,39
"1499","2020-05-10",196,17,339,510,5802,0.665977249224405,2160,8178,624,1051,32,5483,31,1991,30,31
"1500","2020-05-11",178,17,329,488,5802,0.665977249224405,2160,8178,624,1051,21,5504,41,2032,19,41
"1501","2020-05-12",171,17,305,464,5802,0.665977249224405,2160,8178,624,1051,19,5523,40,2072,16,40
"1502","2020-05-13",172,17,250,453,5802,0.665977249224405,2160,8178,624,1051,22,5545,28,2100,21,28
"1503","2020-05-14",167,17,222,442,5802,0.665977249224405,2160,8178,624,1051,19,5564,23,2123,17,23
"1504","2020-05-15",168,17,206,424,5802,0.665977249224405,2160,8178,624,1051,30,5594,44,2167,22,44
"1505","2020-05-16",161,17,173,390,5802,0.665977249224405,2160,8178,624,1051,11,5605,28,2195,10,28
"1506","2020-05-17",137,17,149,382,5802,0.665977249224405,2160,8178,624,1051,14,5619,19,2214,12,19
"1507","2020-05-18",135,17,124,363,5802,0.665977249224405,2160,8178,624,1051,13,5632,14,2228,12,14
"1508","2020-05-19",132,17,120,342,5802,0.665977249224405,2160,8178,624,1051,15,5647,15,2243,14,15
"1509","2020-05-20",128,17,120,333,5802,0.665977249224405,2160,8178,624,1051,17,5664,22,2265,14,22
"1510","2020-05-21",120,17,149,306,5802,0.665977249224405,2160,8178,624,1051,16,5680,29,2294,15,29
"1511","2020-05-22",121,17,133,296,5802,0.665977249224405,2160,8178,624,1051,9,5689,18,2312,8,18
"1512","2020-05-23",106,17,133,280,5802,0.665977249224405,2160,8178,624,1051,10,5699,42,2354,8,42
"1513","2020-05-24",107,17,169,259,5802,0.665977249224405,2160,8178,624,1051,13,5712,25,2379,10,25
"1514","2020-05-25",110,17,197,242,5802,0.665977249224405,2160,8178,624,1051,14,5726,14,2393,12,14
"1515","2020-05-26",103,17,187,245,5802,0.665977249224405,2160,8178,624,1051,16,5742,34,2427,12,34
"1516","2020-05-27",98,17,185,224,5802,0.665977249224405,2160,8178,624,1051,7,5749,41,2468,7,41
"1517","2020-05-28",89,17,171,202,5802,0.665977249224405,2160,8178,624,1051,4,5753,38,2506,4,38
"1518","2020-05-29",81,17,154,191,5802,0.665977249224405,2160,8178,624,1051,10,5763,27,2533,10,27
"1519","2020-05-30",86,17,157,182,5802,0.665977249224405,2160,8178,624,1051,12,5775,35,2568,7,35
"1520","2020-05-31",71,17,167,162,5802,0.665977249224405,2160,8178,624,1051,8,5783,37,2605,6,37
"1521","2020-06-01",60,17,164,148,5802,0.665977249224405,2160,8178,624,1051,13,5796,24,2629,11,24
"1522","2020-06-02",56,17,147,138,5802,0.665977249224405,2160,8178,624,1051,9,5805,22,2651,8,22
"1523","2020-06-03",54,17,136,128,5802,0.665977249224405,2160,8178,624,1051,16,5821,20,2671,16,20
"1524","2020-06-04",54,17,123,126,5802,0.665977249224405,2160,8178,624,1051,8,5829,16,2687,7,16
"1525","2020-06-05",48,17,131,120,5802,0.665977249224405,2160,8178,624,1051,8,5837,16,2703,7,16
"1526","2020-06-06",43,17,139,113,5802,0.665977249224405,2160,8178,624,1051,8,5845,29,2732,7,29
"1527","2020-06-07",39,17,132,109,5802,0.665977249224405,2160,8178,624,1051,5,5850,11,2743,5,11
"1528","2020-03-13",3,18,126,62,5718,0.819342427422176,2040,7659,511,1176,9,23,26,46,3,26
"1529","2020-03-14",10,18,157,81,5718,0.819342427422176,2040,7659,511,1176,12,35,17,63,6,17
"1530","2020-03-15",12,18,186,103,5718,0.819342427422176,2040,7659,511,1176,9,44,2,65,5,2
"1531","2020-03-16",12,18,188,128,5718,0.819342427422176,2040,7659,511,1176,12,56,5,70,3,5
"1532","2020-03-17",13,18,215,164,5718,0.819342427422176,2040,7659,511,1176,20,76,24,94,12,24
"1533","2020-03-18",20,18,213,202,5718,0.819342427422176,2040,7659,511,1176,24,100,22,116,15,22
"1534","2020-03-19",28,18,208,233,5718,0.819342427422176,2040,7659,511,1176,28,128,22,138,14,22
"1535","2020-03-20",48,18,172,259,5718,0.819342427422176,2040,7659,511,1176,31,159,22,160,21,22
"1536","2020-03-21",60,18,137,285,5718,0.819342427422176,2040,7659,511,1176,45,204,14,174,34,14
"1537","2020-03-22",70,18,115,318,5718,0.819342427422176,2040,7659,511,1176,50,254,28,202,40,28
"1538","2020-03-23",76,18,131,357,5718,0.819342427422176,2040,7659,511,1176,46,300,19,221,34,19
"1539","2020-03-24",79,18,170,402,5718,0.819342427422176,2040,7659,511,1176,55,355,11,232,47,11
"1540","2020-03-25",86,18,200,464,5718,0.819342427422176,2040,7659,511,1176,54,409,13,245,43,13
"1541","2020-03-26",84,18,196,503,5718,0.819342427422176,2040,7659,511,1176,78,487,19,264,72,19
"1542","2020-03-27",113,18,202,560,5718,0.819342427422176,2040,7659,511,1176,81,568,16,280,67,16
"1543","2020-03-28",118,18,164,622,5718,0.819342427422176,2040,7659,511,1176,71,639,29,309,61,29
"1544","2020-03-29",148,18,149,684,5718,0.819342427422176,2040,7659,511,1176,79,718,20,329,70,20
"1545","2020-03-30",158,18,192,756,5718,0.819342427422176,2040,7659,511,1176,99,817,17,346,91,17
"1546","2020-03-31",175,18,215,822,5718,0.819342427422176,2040,7659,511,1176,120,937,37,383,109,37
"1547","2020-04-01",192,18,209,882,5718,0.819342427422176,2040,7659,511,1176,149,1086,35,418,143,35
"1548","2020-04-02",219,18,199,944,5718,0.819342427422176,2040,7659,511,1176,147,1233,30,448,137,30
"1549","2020-04-03",274,18,203,997,5718,0.819342427422176,2040,7659,511,1176,183,1416,23,471,176,23
"1550","2020-04-04",332,18,199,1065,5718,0.819342427422176,2040,7659,511,1176,147,1563,18,489,140,18
"1551","2020-04-05",325,18,174,1107,5718,0.819342427422176,2040,7659,511,1176,157,1720,17,506,150,17
"1552","2020-04-06",330,18,156,1160,5718,0.819342427422176,2040,7659,511,1176,214,1934,8,514,205,8
"1553","2020-04-07",327,18,142,1201,5718,0.819342427422176,2040,7659,511,1176,171,2105,32,546,158,32
"1554","2020-04-08",336,18,177,1229,5718,0.819342427422176,2040,7659,511,1176,220,2325,30,576,212,30
"1555","2020-04-09",343,18,212,1259,5718,0.819342427422176,2040,7659,511,1176,210,2535,47,623,201,47
"1556","2020-04-10",421,18,206,1288,5718,0.819342427422176,2040,7659,511,1176,183,2718,46,669,177,46
"1557","2020-04-11",418,18,223,1313,5718,0.819342427422176,2040,7659,511,1176,175,2893,33,702,170,33
"1558","2020-04-12",401,18,217,1346,5718,0.819342427422176,2040,7659,511,1176,184,3077,47,749,180,47
"1559","2020-04-13",400,18,199,1346,5718,0.819342427422176,2040,7659,511,1176,203,3280,38,787,196,38
"1560","2020-04-14",398,18,188,1336,5718,0.819342427422176,2040,7659,511,1176,193,3473,34,821,186,34
"1561","2020-04-15",407,18,217,1335,5718,0.819342427422176,2040,7659,511,1176,148,3621,29,850,141,29
"1562","2020-04-16",413,18,259,1354,5718,0.819342427422176,2040,7659,511,1176,138,3759,35,885,132,35
"1563","2020-04-17",466,18,269,1385,5718,0.819342427422176,2040,7659,511,1176,190,3949,33,918,180,33
"1564","2020-04-18",470,18,268,1337,5718,0.819342427422176,2040,7659,511,1176,122,4071,19,937,116,19
"1565","2020-04-19",436,18,247,1339,5718,0.819342427422176,2040,7659,511,1176,131,4202,34,971,126,34
"1566","2020-04-20",431,18,227,1348,5718,0.819342427422176,2040,7659,511,1176,145,4347,52,1023,137,52
"1567","2020-04-21",430,18,205,1331,5718,0.819342427422176,2040,7659,511,1176,107,4454,40,1063,101,40
"1568","2020-04-22",430,18,190,1275,5718,0.819342427422176,2040,7659,511,1176,135,4589,22,1085,125,22
"1569","2020-04-23",426,18,185,1248,5718,0.819342427422176,2040,7659,511,1176,116,4705,36,1121,110,36
"1570","2020-04-24",429,18,203,1208,5718,0.819342427422176,2040,7659,511,1176,98,4803,30,1151,95,30
"1571","2020-04-25",428,18,206,1163,5718,0.819342427422176,2040,7659,511,1176,92,4895,26,1177,82,26
"1572","2020-04-26",416,18,229,1103,5718,0.819342427422176,2040,7659,511,1176,100,4995,43,1220,96,43
"1573","2020-04-27",406,18,226,1097,5718,0.819342427422176,2040,7659,511,1176,72,5067,28,1248,69,28
"1574","2020-04-28",389,18,264,1045,5718,0.819342427422176,2040,7659,511,1176,77,5144,19,1267,73,19
"1575","2020-04-29",387,18,307,1024,5718,0.819342427422176,2040,7659,511,1176,81,5225,17,1284,74,17
"1576","2020-04-30",380,18,340,974,5718,0.819342427422176,2040,7659,511,1176,77,5302,13,1297,70,13
"1577","2020-05-01",392,18,296,950,5718,0.819342427422176,2040,7659,511,1176,68,5370,20,1317,64,20
"1578","2020-05-02",369,18,274,917,5718,0.819342427422176,2040,7659,511,1176,49,5419,15,1332,48,15
"1579","2020-05-03",318,18,249,903,5718,0.819342427422176,2040,7659,511,1176,43,5462,16,1348,37,16
"1580","2020-05-04",323,18,238,866,5718,0.819342427422176,2040,7659,511,1176,41,5503,41,1389,37,41
"1581","2020-05-05",307,18,219,836,5718,0.819342427422176,2040,7659,511,1176,40,5543,22,1411,37,22
"1582","2020-05-06",288,18,207,793,5718,0.819342427422176,2040,7659,511,1176,29,5572,34,1445,25,34
"1583","2020-05-07",286,18,196,759,5718,0.819342427422176,2040,7659,511,1176,39,5611,43,1488,31,43
"1584","2020-05-08",253,18,163,733,5718,0.819342427422176,2040,7659,511,1176,35,5646,55,1543,30,55
"1585","2020-05-09",273,18,163,695,5718,0.819342427422176,2040,7659,511,1176,16,5662,58,1601,12,58
"1586","2020-05-10",260,18,154,652,5718,0.819342427422176,2040,7659,511,1176,17,5679,36,1637,14,36
"1587","2020-05-11",236,18,188,616,5718,0.819342427422176,2040,7659,511,1176,17,5696,38,1675,14,38
"1588","2020-05-12",230,18,184,571,5718,0.819342427422176,2040,7659,511,1176,26,5722,57,1732,23,57
"1589","2020-05-13",228,18,177,546,5718,0.819342427422176,2040,7659,511,1176,16,5738,29,1761,11,29
"1590","2020-05-14",209,18,170,513,5718,0.819342427422176,2040,7659,511,1176,22,5760,28,1789,15,28
"1591","2020-05-15",193,18,178,467,5718,0.819342427422176,2040,7659,511,1176,10,5770,45,1834,8,45
"1592","2020-05-16",188,18,230,428,5718,0.819342427422176,2040,7659,511,1176,18,5788,28,1862,18,28
"1593","2020-05-17",168,18,215,418,5718,0.819342427422176,2040,7659,511,1176,13,5801,28,1890,9,28
"1594","2020-05-18",151,18,233,401,5718,0.819342427422176,2040,7659,511,1176,11,5812,23,1913,7,23
"1595","2020-05-19",157,18,228,384,5718,0.819342427422176,2040,7659,511,1176,11,5823,17,1930,8,17
"1596","2020-05-20",140,18,231,382,5718,0.819342427422176,2040,7659,511,1176,7,5830,13,1943,7,13
"1597","2020-05-21",141,18,237,357,5718,0.819342427422176,2040,7659,511,1176,5,5835,10,1953,5,10
"1598","2020-05-22",128,18,215,336,5718,0.819342427422176,2040,7659,511,1176,10,5845,32,1985,9,32
"1599","2020-05-23",123,18,194,326,5718,0.819342427422176,2040,7659,511,1176,7,5852,20,2005,4,20
"1600","2020-05-24",124,18,187,298,5718,0.819342427422176,2040,7659,511,1176,2,5854,36,2041,1,36
"1601","2020-05-25",122,18,170,281,5718,0.819342427422176,2040,7659,511,1176,7,5861,17,2058,5,17
"1602","2020-05-26",104,18,163,261,5718,0.819342427422176,2040,7659,511,1176,10,5871,17,2075,9,17
"1603","2020-05-27",111,18,165,239,5718,0.819342427422176,2040,7659,511,1176,8,5879,10,2085,7,10
"1604","2020-05-28",100,18,179,230,5718,0.819342427422176,2040,7659,511,1176,6,5885,13,2098,3,13
"1605","2020-05-29",103,18,170,209,5718,0.819342427422176,2040,7659,511,1176,7,5892,26,2124,5,26
"1606","2020-05-30",87,18,184,196,5718,0.819342427422176,2040,7659,511,1176,9,5901,21,2145,5,21
"1607","2020-05-31",76,18,194,180,5718,0.819342427422176,2040,7659,511,1176,10,5911,11,2156,6,11
"1608","2020-06-01",66,18,211,166,5718,0.819342427422176,2040,7659,511,1176,6,5917,33,2189,5,33
"1609","2020-06-02",66,18,218,155,5718,0.819342427422176,2040,7659,511,1176,5,5922,22,2211,5,22
"1610","2020-06-03",56,18,234,141,5718,0.819342427422176,2040,7659,511,1176,8,5930,20,2231,7,20
"1611","2020-06-04",58,18,206,132,5718,0.819342427422176,2040,7659,511,1176,3,5933,24,2255,3,24
"1612","2020-06-05",43,18,204,125,5718,0.819342427422176,2040,7659,511,1176,5,5938,13,2268,5,13
"1613","2020-06-06",44,18,201,126,5718,0.819342427422176,2040,7659,511,1176,4,5942,26,2294,2,26
"1614","2020-06-07",45,18,190,125,5718,0.819342427422176,2040,7659,511,1176,3,5945,30,2324,1,30
"1615","2020-03-13",2,19,54,73,4696,0.543867120954003,2100,7182,416,621,31,85,3,29,5,3
"1616","2020-03-14",8,19,64,108,4696,0.543867120954003,2100,7182,416,621,39,124,2,31,8,2
"1617","2020-03-15",11,19,67,147,4696,0.543867120954003,2100,7182,416,621,38,162,20,51,14,20
"1618","2020-03-16",11,19,60,177,4696,0.543867120954003,2100,7182,416,621,45,207,6,57,24,6
"1619","2020-03-17",16,19,63,216,4696,0.543867120954003,2100,7182,416,621,48,255,1,58,26,1
"1620","2020-03-18",23,19,72,261,4696,0.543867120954003,2100,7182,416,621,69,324,10,68,42,10
"1621","2020-03-19",38,19,61,298,4696,0.543867120954003,2100,7182,416,621,78,402,28,96,55,28
"1622","2020-03-20",56,19,69,332,4696,0.543867120954003,2100,7182,416,621,82,484,17,113,58,17
"1623","2020-03-21",70,19,76,374,4696,0.543867120954003,2100,7182,416,621,108,592,35,148,77,35
"1624","2020-03-22",105,19,93,410,4696,0.543867120954003,2100,7182,416,621,121,713,41,189,88,41
"1625","2020-03-23",112,19,93,455,4696,0.543867120954003,2100,7182,416,621,103,816,44,233,78,44
"1626","2020-03-24",112,19,119,502,4696,0.543867120954003,2100,7182,416,621,147,963,16,249,104,16
"1627","2020-03-25",123,19,119,515,4696,0.543867120954003,2100,7182,416,621,122,1085,7,256,97,7
"1628","2020-03-26",120,19,115,572,4696,0.543867120954003,2100,7182,416,621,182,1267,7,263,150,7
"1629","2020-03-27",157,19,113,597,4696,0.543867120954003,2100,7182,416,621,178,1445,13,276,155,13
"1630","2020-03-28",186,19,92,645,4696,0.543867120954003,2100,7182,416,621,159,1604,41,317,124,41
"1631","2020-03-29",174,19,98,700,4696,0.543867120954003,2100,7182,416,621,193,1797,47,364,158,47
"1632","2020-03-30",180,19,113,727,4696,0.543867120954003,2100,7182,416,621,182,1979,32,396,154,32
"1633","2020-03-31",195,19,111,746,4696,0.543867120954003,2100,7182,416,621,205,2184,44,440,172,44
"1634","2020-04-01",205,19,118,793,4696,0.543867120954003,2100,7182,416,621,225,2409,26,466,204,26
"1635","2020-04-02",226,19,145,829,4696,0.543867120954003,2100,7182,416,621,194,2603,29,495,176,29
"1636","2020-04-03",280,19,139,856,4696,0.543867120954003,2100,7182,416,621,211,2814,67,562,187,67
"1637","2020-04-04",306,19,139,876,4696,0.543867120954003,2100,7182,416,621,184,2998,45,607,155,45
"1638","2020-04-05",296,19,127,883,4696,0.543867120954003,2100,7182,416,621,215,3213,39,646,194,39
"1639","2020-04-06",298,19,158,864,4696,0.543867120954003,2100,7182,416,621,204,3417,21,667,172,21
"1640","2020-04-07",289,19,152,869,4696,0.543867120954003,2100,7182,416,621,204,3621,20,687,179,20
"1641","2020-04-08",283,19,152,843,4696,0.543867120954003,2100,7182,416,621,169,3790,47,734,150,47
"1642","2020-04-09",281,19,160,861,4696,0.543867120954003,2100,7182,416,621,181,3971,23,757,155,23
"1643","2020-04-10",319,19,140,843,4696,0.543867120954003,2100,7182,416,621,166,4137,25,782,146,25
"1644","2020-04-11",321,19,125,824,4696,0.543867120954003,2100,7182,416,621,150,4287,48,830,131,48
"1645","2020-04-12",297,19,116,809,4696,0.543867120954003,2100,7182,416,621,142,4429,53,883,128,53
"1646","2020-04-13",283,19,147,805,4696,0.543867120954003,2100,7182,416,621,147,4576,34,917,126,34
"1647","2020-04-14",275,19,162,811,4696,0.543867120954003,2100,7182,416,621,123,4699,26,943,110,26
"1648","2020-04-15",278,19,173,824,4696,0.543867120954003,2100,7182,416,621,142,4841,43,986,118,43
"1649","2020-04-16",286,19,177,798,4696,0.543867120954003,2100,7182,416,621,90,4931,30,1016,69,31
"1650","2020-04-17",290,19,156,793,4696,0.543867120954003,2100,7182,416,621,95,5026,17,1033,77,17
"1651","2020-04-18",283,19,143,786,4696,0.543867120954003,2100,7182,416,621,94,5120,27,1060,75,27
"1652","2020-04-19",263,19,156,789,4696,0.543867120954003,2100,7182,416,621,88,5208,38,1098,70,38
"1653","2020-04-20",257,19,155,784,4696,0.543867120954003,2100,7182,416,621,60,5268,56,1154,47,56
"1654","2020-04-21",257,19,158,780,4696,0.543867120954003,2100,7182,416,621,66,5334,32,1186,46,32
"1655","2020-04-22",262,19,158,770,4696,0.543867120954003,2100,7182,416,621,54,5388,32,1218,34,32
"1656","2020-04-23",255,19,150,764,4696,0.543867120954003,2100,7182,416,621,75,5463,50,1268,53,50
"1657","2020-04-24",245,19,157,753,4696,0.543867120954003,2100,7182,416,621,52,5515,32,1300,33,32
"1658","2020-04-25",241,19,177,748,4696,0.543867120954003,2100,7182,416,621,56,5571,31,1331,46,31
"1659","2020-04-26",244,19,173,732,4696,0.543867120954003,2100,7182,416,621,38,5609,23,1354,29,23
"1660","2020-04-27",241,19,154,716,4696,0.543867120954003,2100,7182,416,621,50,5659,16,1370,37,16
"1661","2020-04-28",232,19,152,716,4696,0.543867120954003,2100,7182,416,621,37,5696,10,1380,28,10
"1662","2020-04-29",223,19,170,720,4696,0.543867120954003,2100,7182,416,621,42,5738,12,1392,24,12
"1663","2020-04-30",220,19,169,702,4696,0.543867120954003,2100,7182,416,621,40,5778,13,1405,22,13
"1664","2020-05-01",226,19,198,691,4696,0.543867120954003,2100,7182,416,621,38,5816,9,1414,27,9
"1665","2020-05-02",233,19,233,679,4696,0.543867120954003,2100,7182,416,621,40,5856,8,1422,29,8
"1666","2020-05-03",227,19,224,671,4696,0.543867120954003,2100,7182,416,621,38,5894,12,1434,26,12
"1667","2020-05-04",217,19,249,643,4696,0.543867120954003,2100,7182,416,621,29,5923,14,1448,18,14
"1668","2020-05-05",215,19,247,650,4696,0.543867120954003,2100,7182,416,621,33,5956,20,1468,15,20
"1669","2020-05-06",218,19,216,628,4696,0.543867120954003,2100,7182,416,621,21,5977,39,1507,8,39
"1670","2020-05-07",210,19,189,613,4696,0.543867120954003,2100,7182,416,621,28,6005,39,1546,11,39
"1671","2020-05-08",202,19,175,612,4696,0.543867120954003,2100,7182,416,621,18,6023,38,1584,6,38
"1672","2020-05-09",195,19,155,597,4696,0.543867120954003,2100,7182,416,621,22,6045,72,1656,13,72
"1673","2020-05-10",211,19,196,589,4696,0.543867120954003,2100,7182,416,621,21,6066,57,1713,11,57
"1674","2020-05-11",206,19,212,580,4696,0.543867120954003,2100,7182,416,621,23,6089,26,1739,9,26
"1675","2020-05-12",190,19,188,545,4696,0.543867120954003,2100,7182,416,621,20,6109,55,1794,9,55
"1676","2020-05-13",186,19,174,542,4696,0.543867120954003,2100,7182,416,621,25,6134,55,1849,10,55
"1677","2020-05-14",187,19,186,521,4696,0.543867120954003,2100,7182,416,621,23,6157,60,1909,14,60
"1678","2020-05-15",191,19,202,501,4696,0.543867120954003,2100,7182,416,621,19,6176,69,1978,10,69
"1679","2020-05-16",192,19,208,486,4696,0.543867120954003,2100,7182,416,621,10,6186,62,2040,7,62
"1680","2020-05-17",150,19,193,465,4696,0.543867120954003,2100,7182,416,621,12,6198,29,2069,7,29
"1681","2020-05-18",157,19,180,434,4696,0.543867120954003,2100,7182,416,621,18,6216,27,2096,5,27
"1682","2020-05-19",158,19,170,419,4696,0.543867120954003,2100,7182,416,621,17,6233,21,2117,9,21
"1683","2020-05-20",158,19,158,424,4696,0.543867120954003,2100,7182,416,621,20,6253,48,2165,11,48
"1684","2020-05-21",149,19,153,418,4696,0.543867120954003,2100,7182,416,621,11,6264,47,2212,5,47
"1685","2020-05-22",135,19,147,405,4696,0.543867120954003,2100,7182,416,621,18,6282,24,2236,9,24
"1686","2020-05-23",139,19,153,397,4696,0.543867120954003,2100,7182,416,621,14,6296,23,2259,3,23
"1687","2020-05-24",148,19,143,369,4696,0.543867120954003,2100,7182,416,621,18,6314,40,2299,5,40
"1688","2020-05-25",136,19,134,368,4696,0.543867120954003,2100,7182,416,621,12,6326,28,2327,3,28
"1689","2020-05-26",139,19,147,352,4696,0.543867120954003,2100,7182,416,621,13,6339,35,2362,4,35
"1690","2020-05-27",130,19,158,340,4696,0.543867120954003,2100,7182,416,621,18,6357,24,2386,3,24
"1691","2020-05-28",124,19,169,320,4696,0.543867120954003,2100,7182,416,621,4,6361,22,2408,1,22
"1692","2020-05-29",132,19,183,305,4696,0.543867120954003,2100,7182,416,621,15,6376,18,2426,6,18
"1693","2020-05-30",135,19,173,285,4696,0.543867120954003,2100,7182,416,621,10,6386,18,2444,4,18
"1694","2020-05-31",120,19,173,270,4696,0.543867120954003,2100,7182,416,621,11,6397,19,2463,7,19
"1695","2020-06-01",111,19,181,251,4696,0.543867120954003,2100,7182,416,621,10,6407,19,2482,3,19
"1696","2020-06-02",98,19,174,234,4696,0.543867120954003,2100,7182,416,621,9,6416,31,2513,2,31
"1697","2020-06-03",90,19,145,220,4696,0.543867120954003,2100,7182,416,621,9,6425,23,2536,3,23
"1698","2020-06-04",92,19,135,210,4696,0.543867120954003,2100,7182,416,621,9,6434,25,2561,4,25
"1699","2020-06-05",79,19,124,197,4696,0.543867120954003,2100,7182,416,621,8,6442,26,2587,3,26
"1700","2020-06-06",66,19,127,187,4696,0.543867120954003,2100,7182,416,621,5,6447,17,2604,4,17
"1701","2020-06-07",69,19,136,175,4696,0.543867120954003,2100,7182,416,621,6,6453,22,2626,2,22
"1702","2020-03-15",1,20,63,61,5736,0.924511854951185,2070,7664,643,823,24,87,11,33,7,11
"1703","2020-03-16",3,20,64,83,5736,0.924511854951185,2070,7664,643,823,29,116,10,43,17,10
"1704","2020-03-17",5,20,99,110,5736,0.924511854951185,2070,7664,643,823,22,138,17,60,14,17
"1705","2020-03-18",11,20,137,136,5736,0.924511854951185,2070,7664,643,823,24,162,8,68,18,8
"1706","2020-03-19",18,20,167,172,5736,0.924511854951185,2070,7664,643,823,26,188,7,75,13,7
"1707","2020-03-20",31,20,151,203,5736,0.924511854951185,2070,7664,643,823,45,233,7,82,37,7
"1708","2020-03-21",49,20,132,254,5736,0.924511854951185,2070,7664,643,823,38,271,10,92,30,10
"1709","2020-03-22",70,20,138,310,5736,0.924511854951185,2070,7664,643,823,44,315,27,119,27,27
"1710","2020-03-23",76,20,174,362,5736,0.924511854951185,2070,7664,643,823,50,365,21,140,38,21
"1711","2020-03-24",80,20,160,396,5736,0.924511854951185,2070,7664,643,823,48,413,26,166,34,26
"1712","2020-03-25",86,20,146,458,5736,0.924511854951185,2070,7664,643,823,83,496,22,188,69,22
"1713","2020-03-26",102,20,143,516,5736,0.924511854951185,2070,7664,643,823,82,578,26,214,74,26
"1714","2020-03-27",135,20,176,587,5736,0.924511854951185,2070,7664,643,823,98,676,20,234,85,20
"1715","2020-03-28",167,20,189,655,5736,0.924511854951185,2070,7664,643,823,102,778,25,259,81,25
"1716","2020-03-29",199,20,207,731,5736,0.924511854951185,2070,7664,643,823,96,874,29,288,87,29
"1717","2020-03-30",217,20,201,786,5736,0.924511854951185,2070,7664,643,823,131,1005,38,326,116,38
"1718","2020-03-31",220,20,190,835,5736,0.924511854951185,2070,7664,643,823,97,1102,30,356,87,30
"1719","2020-04-01",244,20,161,910,5736,0.924511854951185,2070,7664,643,823,125,1227,27,383,108,27
"1720","2020-04-02",249,20,153,958,5736,0.924511854951185,2070,7664,643,823,129,1356,23,406,116,23
"1721","2020-04-03",335,20,194,1030,5736,0.924511854951185,2070,7664,643,823,128,1484,26,432,118,26
"1722","2020-04-04",371,20,207,1085,5736,0.924511854951185,2070,7664,643,823,151,1635,15,447,139,15
"1723","2020-04-05",329,20,185,1146,5736,0.924511854951185,2070,7664,643,823,160,1795,34,481,151,34
"1724","2020-04-06",316,20,208,1231,5736,0.924511854951185,2070,7664,643,823,151,1946,41,522,142,41
"1725","2020-04-07",329,20,240,1289,5736,0.924511854951185,2070,7664,643,823,170,2116,22,544,162,22
"1726","2020-04-08",339,20,252,1336,5736,0.924511854951185,2070,7664,643,823,186,2302,25,569,174,25
"1727","2020-04-09",356,20,277,1386,5736,0.924511854951185,2070,7664,643,823,133,2435,30,599,122,30
"1728","2020-04-10",423,20,256,1392,5736,0.924511854951185,2070,7664,643,823,186,2621,49,648,176,49
"1729","2020-04-11",436,20,238,1469,5736,0.924511854951185,2070,7664,643,823,166,2787,31,679,153,31
"1730","2020-04-12",460,20,206,1505,5736,0.924511854951185,2070,7664,643,823,173,2960,44,723,167,44
"1731","2020-04-13",472,20,177,1585,5736,0.924511854951185,2070,7664,643,823,176,3136,32,755,168,32
"1732","2020-04-14",488,20,157,1601,5736,0.924511854951185,2070,7664,643,823,133,3269,45,800,123,45
"1733","2020-04-15",501,20,183,1626,5736,0.924511854951185,2070,7664,643,823,173,3442,41,841,164,41
"1734","2020-04-16",517,20,244,1637,5736,0.924511854951185,2070,7664,643,823,159,3601,39,880,150,39
"1735","2020-04-17",577,20,236,1626,5736,0.924511854951185,2070,7664,643,823,153,3754,26,906,142,26
"1736","2020-04-18",609,20,242,1611,5736,0.924511854951185,2070,7664,643,823,126,3880,24,930,111,24
"1737","2020-04-19",562,20,201,1590,5736,0.924511854951185,2070,7664,643,823,134,4014,49,979,127,49
"1738","2020-04-20",546,20,178,1567,5736,0.924511854951185,2070,7664,643,823,125,4139,39,1018,115,39
"1739","2020-04-21",540,20,156,1530,5736,0.924511854951185,2070,7664,643,823,112,4251,50,1068,107,50
"1740","2020-04-22",541,20,132,1476,5736,0.924511854951185,2070,7664,643,823,96,4347,42,1110,90,42
"1741","2020-04-23",532,20,151,1466,5736,0.924511854951185,2070,7664,643,823,116,4463,29,1139,110,29
"1742","2020-04-24",532,20,141,1388,5736,0.924511854951185,2070,7664,643,823,95,4558,29,1168,88,29
"1743","2020-04-25",494,20,154,1337,5736,0.924511854951185,2070,7664,643,823,81,4639,23,1191,72,23
"1744","2020-04-26",493,20,196,1263,5736,0.924511854951185,2070,7664,643,823,69,4708,39,1230,61,39
"1745","2020-04-27",489,20,241,1180,5736,0.924511854951185,2070,7664,643,823,83,4791,24,1254,71,24
"1746","2020-04-28",453,20,252,1107,5736,0.924511854951185,2070,7664,643,823,73,4864,17,1271,64,17
"1747","2020-04-29",443,20,265,1045,5736,0.924511854951185,2070,7664,643,823,73,4937,31,1302,69,31
"1748","2020-04-30",433,20,297,988,5736,0.924511854951185,2070,7664,643,823,70,5007,17,1319,65,17
"1749","2020-05-01",405,20,271,913,5736,0.924511854951185,2070,7664,643,823,62,5069,19,1338,53,19
"1750","2020-05-02",379,20,261,855,5736,0.924511854951185,2070,7664,643,823,56,5125,18,1356,49,18
"1751","2020-05-03",318,20,255,788,5736,0.924511854951185,2070,7664,643,823,39,5164,39,1395,36,39
"1752","2020-05-04",301,20,239,732,5736,0.924511854951185,2070,7664,643,823,40,5204,27,1422,33,27
"1753","2020-05-05",284,20,191,683,5736,0.924511854951185,2070,7664,643,823,37,5241,33,1455,32,33
"1754","2020-05-06",260,20,167,643,5736,0.924511854951185,2070,7664,643,823,37,5278,27,1482,32,27
"1755","2020-05-07",238,20,220,593,5736,0.924511854951185,2070,7664,643,823,35,5313,23,1505,30,23
"1756","2020-05-08",234,20,259,552,5736,0.924511854951185,2070,7664,643,823,28,5341,37,1542,23,37
"1757","2020-05-09",238,20,255,527,5736,0.924511854951185,2070,7664,643,823,23,5364,31,1573,19,31
"1758","2020-05-10",202,20,237,486,5736,0.924511854951185,2070,7664,643,823,30,5394,25,1598,23,25
"1759","2020-05-11",189,20,208,459,5736,0.924511854951185,2070,7664,643,823,21,5415,26,1624,17,26
"1760","2020-05-12",178,20,186,430,5736,0.924511854951185,2070,7664,643,823,26,5441,43,1667,22,43
"1761","2020-05-13",169,20,175,407,5736,0.924511854951185,2070,7664,643,823,19,5460,38,1705,12,38
"1762","2020-05-14",161,20,221,379,5736,0.924511854951185,2070,7664,643,823,29,5489,30,1735,17,30
"1763","2020-05-15",156,20,220,348,5736,0.924511854951185,2070,7664,643,823,18,5507,36,1771,14,36
"1764","2020-05-16",144,20,197,330,5736,0.924511854951185,2070,7664,643,823,24,5531,48,1819,16,48
"1765","2020-05-17",124,20,171,305,5736,0.924511854951185,2070,7664,643,823,9,5540,32,1851,6,32
"1766","2020-05-18",114,20,167,296,5736,0.924511854951185,2070,7664,643,823,16,5556,42,1893,10,42
"1767","2020-05-19",111,20,155,279,5736,0.924511854951185,2070,7664,643,823,19,5575,37,1930,15,37
"1768","2020-05-20",106,20,146,257,5736,0.924511854951185,2070,7664,643,823,15,5590,36,1966,8,36
"1769","2020-05-21",102,20,180,234,5736,0.924511854951185,2070,7664,643,823,7,5597,35,2001,4,35
"1770","2020-05-22",81,20,193,220,5736,0.924511854951185,2070,7664,643,823,17,5614,29,2030,12,29
"1771","2020-05-23",82,20,207,208,5736,0.924511854951185,2070,7664,643,823,11,5625,33,2063,7,33
"1772","2020-05-24",76,20,222,199,5736,0.924511854951185,2070,7664,643,823,8,5633,42,2105,7,42
"1773","2020-05-25",69,20,228,200,5736,0.924511854951185,2070,7664,643,823,9,5642,37,2142,5,37
"1774","2020-05-26",65,20,224,197,5736,0.924511854951185,2070,7664,643,823,10,5652,36,2178,5,36
"1775","2020-05-27",56,20,211,196,5736,0.924511854951185,2070,7664,643,823,5,5657,32,2210,1,32
"1776","2020-05-28",53,20,207,190,5736,0.924511854951185,2070,7664,643,823,11,5668,21,2231,8,21
"1777","2020-05-29",55,20,226,175,5736,0.924511854951185,2070,7664,643,823,8,5676,25,2256,5,25
"1778","2020-05-30",60,20,239,173,5736,0.924511854951185,2070,7664,643,823,9,5685,11,2267,6,11
"1779","2020-05-31",57,20,241,163,5736,0.924511854951185,2070,7664,643,823,10,5695,18,2285,3,18
"1780","2020-06-01",57,20,203,162,5736,0.924511854951185,2070,7664,643,823,9,5704,31,2316,6,31
"1781","2020-06-02",58,20,175,157,5736,0.924511854951185,2070,7664,643,823,1,5705,29,2345,1,29
"1782","2020-06-03",56,20,154,148,5736,0.924511854951185,2070,7664,643,823,7,5712,28,2373,6,28
"1783","2020-06-04",54,20,171,130,5736,0.924511854951185,2070,7664,643,823,8,5720,42,2415,6,42
"1784","2020-06-05",51,20,190,120,5736,0.924511854951185,2070,7664,643,823,5,5725,32,2447,4,32
"1785","2020-06-06",46,20,217,122,5736,0.924511854951185,2070,7664,643,823,5,5730,17,2464,4,17
"1786","2020-06-07",52,20,227,112,5736,0.924511854951185,2070,7664,643,823,1,5731,27,2491,1,27
