"","Date","Absents","Paramset","Infections_or_Exposed_per_day_Patient","Infections_or_Exposed_per_day_HCW","total_infections","nosocomial_proportion","PCR_pooled","LFD_pooled","HCW_symp_test","patient_symp_test","new_hcw_infs","cumulative_hcw_infs","new_pat_infs","cumulative_pats_infs","new_nosocomial_hcw_infs","new_nosocomial_pat_infs"
"1","2020-03-13",4,1,34,63,3631,0.448636739190306,1995,6150,383,448,28,63,11,22,2,11
"2","2020-03-14",6,1,44,96,3631,0.448636739190306,1995,6150,383,448,33,96,16,38,7,16
"3","2020-03-15",13,1,50,135,3631,0.448636739190306,1995,6150,383,448,39,135,6,44,10,6
"4","2020-03-16",18,1,55,163,3631,0.448636739190306,1995,6150,383,448,28,163,15,59,10,15
"5","2020-03-17",22,1,60,198,3631,0.448636739190306,1995,6150,383,448,35,198,14,73,9,14
"6","2020-03-18",30,1,57,219,3631,0.448636739190306,1995,6150,383,448,28,226,11,84,11,11
"7","2020-03-19",35,1,59,246,3631,0.448636739190306,1995,6150,383,448,34,260,13,97,12,13
"8","2020-03-20",51,1,65,277,3631,0.448636739190306,1995,6150,383,448,36,296,10,107,14,10
"9","2020-03-21",65,1,71,302,3631,0.448636739190306,1995,6150,383,448,34,330,12,119,15,12
"10","2020-03-22",63,1,61,331,3631,0.448636739190306,1995,6150,383,448,43,373,9,128,25,9
"11","2020-03-23",67,1,55,347,3631,0.448636739190306,1995,6150,383,448,29,402,8,136,19,8
"12","2020-03-24",72,1,53,352,3631,0.448636739190306,1995,6150,383,448,35,437,15,151,16,15
"13","2020-03-25",81,1,64,369,3631,0.448636739190306,1995,6150,383,448,43,480,12,163,20,12
"14","2020-03-26",94,1,75,377,3631,0.448636739190306,1995,6150,383,448,38,518,20,183,18,20
"15","2020-03-27",111,1,88,382,3631,0.448636739190306,1995,6150,383,448,45,563,16,199,21,16
"16","2020-03-28",130,1,84,402,3631,0.448636739190306,1995,6150,383,448,48,611,14,213,24,14
"17","2020-03-29",139,1,103,414,3631,0.448636739190306,1995,6150,383,448,45,656,28,241,21,28
"18","2020-03-30",142,1,97,435,3631,0.448636739190306,1995,6150,383,448,57,713,10,251,30,10
"19","2020-03-31",146,1,88,460,3631,0.448636739190306,1995,6150,383,448,49,762,14,265,25,14
"20","2020-04-01",144,1,97,481,3631,0.448636739190306,1995,6150,383,448,51,813,18,283,27,18
"21","2020-04-02",141,1,91,526,3631,0.448636739190306,1995,6150,383,448,68,881,15,298,36,15
"22","2020-04-03",156,1,93,524,3631,0.448636739190306,1995,6150,383,448,45,926,15,313,24,15
"23","2020-04-04",155,1,93,536,3631,0.448636739190306,1995,6150,383,448,52,978,22,335,31,22
"24","2020-04-05",178,1,96,552,3631,0.448636739190306,1995,6150,383,448,53,1031,20,355,29,20
"25","2020-04-06",178,1,97,543,3631,0.448636739190306,1995,6150,383,448,36,1067,19,374,20,19
"26","2020-04-07",172,1,108,530,3631,0.448636739190306,1995,6150,383,448,45,1112,27,401,24,27
"27","2020-04-08",175,1,98,531,3631,0.448636739190306,1995,6150,383,448,46,1158,18,419,23,18
"28","2020-04-09",174,1,92,525,3631,0.448636739190306,1995,6150,383,448,43,1201,15,434,18,15
"29","2020-04-10",191,1,94,543,3631,0.448636739190306,1995,6150,383,448,54,1255,22,456,31,22
"30","2020-04-11",187,1,82,548,3631,0.448636739190306,1995,6150,383,448,44,1299,9,465,18,9
"31","2020-04-12",160,1,88,556,3631,0.448636739190306,1995,6150,383,448,59,1358,15,480,31,15
"32","2020-04-13",152,1,99,569,3631,0.448636739190306,1995,6150,383,448,59,1417,24,504,32,24
"33","2020-04-14",157,1,120,570,3631,0.448636739190306,1995,6150,383,448,59,1476,29,533,34,29
"34","2020-04-15",161,1,124,557,3631,0.448636739190306,1995,6150,383,448,33,1509,23,556,15,23
"35","2020-04-16",168,1,115,577,3631,0.448636739190306,1995,6150,383,448,69,1578,14,570,36,14
"36","2020-04-17",182,1,109,573,3631,0.448636739190306,1995,6150,383,448,47,1625,13,583,25,13
"37","2020-04-18",183,1,103,583,3631,0.448636739190306,1995,6150,383,448,65,1690,13,596,31,13
"38","2020-04-19",181,1,116,589,3631,0.448636739190306,1995,6150,383,448,56,1746,28,624,27,28
"39","2020-04-20",187,1,117,585,3631,0.448636739190306,1995,6150,383,448,47,1793,24,648,25,24
"40","2020-04-21",171,1,143,565,3631,0.448636739190306,1995,6150,383,448,40,1833,42,690,20,42
"41","2020-04-22",172,1,134,563,3631,0.448636739190306,1995,6150,383,448,49,1882,24,714,25,24
"42","2020-04-23",178,1,134,589,3631,0.448636739190306,1995,6150,383,448,65,1947,17,731,42,17
"43","2020-04-24",198,1,122,600,3631,0.448636739190306,1995,6150,383,448,62,2009,13,744,27,13
"44","2020-04-25",213,1,118,597,3631,0.448636739190306,1995,6150,383,448,51,2060,15,759,18,15
"45","2020-04-26",199,1,113,608,3631,0.448636739190306,1995,6150,383,448,62,2122,15,774,33,15
"46","2020-04-27",195,1,109,593,3631,0.448636739190306,1995,6150,383,448,38,2160,14,788,18,14
"47","2020-04-28",199,1,131,595,3631,0.448636739190306,1995,6150,383,448,48,2208,35,823,28,35
"48","2020-04-29",195,1,140,600,3631,0.448636739190306,1995,6150,383,448,46,2254,30,853,14,30
"49","2020-04-30",182,1,147,594,3631,0.448636739190306,1995,6150,383,448,51,2305,21,874,30,21
"50","2020-05-01",184,1,162,563,3631,0.448636739190306,1995,6150,383,448,42,2347,41,915,18,41
"51","2020-05-02",167,1,174,552,3631,0.448636739190306,1995,6150,383,448,48,2395,34,949,24,34
"52","2020-05-03",161,1,175,526,3631,0.448636739190306,1995,6150,383,448,37,2432,34,983,23,34
"53","2020-05-04",161,1,152,525,3631,0.448636739190306,1995,6150,383,448,49,2481,16,999,25,16
"54","2020-05-05",153,1,155,507,3631,0.448636739190306,1995,6150,383,448,40,2521,27,1026,20,27
"55","2020-05-06",154,1,152,498,3631,0.448636739190306,1995,6150,383,448,37,2558,26,1052,19,26
"56","2020-05-07",158,1,167,503,3631,0.448636739190306,1995,6150,383,448,46,2604,38,1090,23,38
"57","2020-05-08",161,1,162,488,3631,0.448636739190306,1995,6150,383,448,31,2635,36,1126,17,36
"58","2020-05-09",163,1,161,484,3631,0.448636739190306,1995,6150,383,448,45,2680,27,1153,16,27
"59","2020-05-10",164,1,153,476,3631,0.448636739190306,1995,6150,383,448,39,2719,22,1175,17,22
"60","2020-05-11",166,1,136,458,3631,0.448636739190306,1995,6150,383,448,37,2756,16,1191,17,16
"61","2020-05-12",167,1,122,452,3631,0.448636739190306,1995,6150,383,448,30,2786,15,1206,12,15
"62","2020-05-13",161,1,123,451,3631,0.448636739190306,1995,6150,383,448,45,2831,18,1224,16,18
"63","2020-05-14",154,1,115,445,3631,0.448636739190306,1995,6150,383,448,34,2865,15,1239,13,15
"64","2020-05-15",161,1,129,435,3631,0.448636739190306,1995,6150,383,448,27,2892,28,1267,14,28
"65","2020-05-16",174,1,128,416,3631,0.448636739190306,1995,6150,383,448,25,2917,31,1298,10,31
"66","2020-05-17",152,1,138,391,3631,0.448636739190306,1995,6150,383,448,18,2935,29,1327,6,29
"67","2020-05-18",143,1,123,380,3631,0.448636739190306,1995,6150,383,448,34,2969,20,1347,14,20
"68","2020-05-19",141,1,112,370,3631,0.448636739190306,1995,6150,383,448,25,2994,20,1367,11,20
"69","2020-05-20",138,1,113,351,3631,0.448636739190306,1995,6150,383,448,29,3023,15,1382,11,15
"70","2020-05-21",137,1,109,343,3631,0.448636739190306,1995,6150,383,448,33,3056,20,1402,14,20
"71","2020-05-22",124,1,103,327,3631,0.448636739190306,1995,6150,383,448,29,3085,10,1412,13,10
"72","2020-05-23",112,1,87,324,3631,0.448636739190306,1995,6150,383,448,23,3108,10,1422,12,10
"73","2020-05-24",101,1,80,317,3631,0.448636739190306,1995,6150,383,448,25,3133,14,1436,12,14
"74","2020-05-25",98,1,67,317,3631,0.448636739190306,1995,6150,383,448,25,3158,7,1443,11,7
"75","2020-05-26",91,1,69,304,3631,0.448636739190306,1995,6150,383,448,24,3182,14,1457,10,14
"76","2020-05-27",95,1,62,300,3631,0.448636739190306,1995,6150,383,448,26,3208,8,1465,12,8
"77","2020-05-28",102,1,62,304,3631,0.448636739190306,1995,6150,383,448,26,3234,9,1474,14,9
"78","2020-05-29",104,1,61,302,3631,0.448636739190306,1995,6150,383,448,26,3260,10,1484,14,10
"79","2020-05-30",109,1,59,296,3631,0.448636739190306,1995,6150,383,448,19,3279,9,1493,9,9
"80","2020-05-31",107,1,62,285,3631,0.448636739190306,1995,6150,383,448,25,3304,13,1506,10,13
"81","2020-06-01",104,1,55,275,3631,0.448636739190306,1995,6150,383,448,21,3325,6,1512,7,6
"82","2020-06-02",100,1,66,270,3631,0.448636739190306,1995,6150,383,448,22,3347,13,1525,11,13
"83","2020-06-03",90,1,70,261,3631,0.448636739190306,1995,6150,383,448,26,3373,17,1542,12,17
"84","2020-06-04",85,1,65,253,3631,0.448636739190306,1995,6150,383,448,21,3394,4,1546,10,4
"85","2020-06-05",88,1,68,239,3631,0.448636739190306,1995,6150,383,448,11,3405,13,1559,4,13
"86","2020-06-06",90,1,78,234,3631,0.448636739190306,1995,6150,383,448,16,3421,18,1577,5,18
"87","2020-06-07",83,1,81,226,3631,0.448636739190306,1995,6150,383,448,12,3433,15,1592,7,15
"88","2020-03-07",1,2,0,0,4862,0.811188811188811,2010,6955,515,346,NA,NA,NA,NA,NA,NA
"89","2020-03-08",1,2,0,0,4862,0.811188811188811,2010,6955,515,346,NA,NA,NA,NA,NA,NA
"90","2020-03-09",0,2,0,0,4862,0.811188811188811,2010,6955,515,346,NA,NA,NA,NA,NA,NA
"91","2020-03-10",0,2,0,0,4862,0.811188811188811,2010,6955,515,346,NA,NA,1,1,NA,1
"92","2020-03-11",0,2,0,0,4862,0.811188811188811,2010,6955,515,346,25,25,2,3,NA,2
"93","2020-03-12",0,2,0,0,4862,0.811188811188811,2010,6955,515,346,14,39,2,5,1,2
"94","2020-03-13",1,2,21,26,4862,0.811188811188811,2010,6955,515,346,17,56,9,14,1,9
"95","2020-03-14",2,2,22,44,4862,0.811188811188811,2010,6955,515,346,30,86,4,18,10,4
"96","2020-03-15",5,2,25,70,4862,0.811188811188811,2010,6955,515,346,29,115,4,22,8,4
"97","2020-03-16",6,2,22,80,4862,0.811188811188811,2010,6955,515,346,25,140,2,24,8,2
"98","2020-03-17",7,2,23,107,4862,0.811188811188811,2010,6955,515,346,32,172,8,32,14,8
"99","2020-03-18",12,2,30,124,4862,0.811188811188811,2010,6955,515,346,26,198,7,39,15,7
"100","2020-03-19",18,2,44,148,4862,0.811188811188811,2010,6955,515,346,29,227,5,44,17,5
"101","2020-03-20",24,2,55,178,4862,0.811188811188811,2010,6955,515,346,32,259,10,54,21,10
"102","2020-03-21",36,2,46,208,4862,0.811188811188811,2010,6955,515,346,45,304,7,61,29,7
"103","2020-03-22",47,2,35,243,4862,0.811188811188811,2010,6955,515,346,48,352,10,71,27,10
"104","2020-03-23",53,2,35,263,4862,0.811188811188811,2010,6955,515,346,39,391,6,77,22,6
"105","2020-03-24",59,2,45,300,4862,0.811188811188811,2010,6955,515,346,38,429,11,88,21,11
"106","2020-03-25",65,2,46,331,4862,0.811188811188811,2010,6955,515,346,50,479,11,99,33,11
"107","2020-03-26",71,2,42,347,4862,0.811188811188811,2010,6955,515,346,54,533,11,110,35,11
"108","2020-03-27",87,2,42,377,4862,0.811188811188811,2010,6955,515,346,36,569,15,125,19,15
"109","2020-03-28",101,2,36,399,4862,0.811188811188811,2010,6955,515,346,49,618,11,136,31,11
"110","2020-03-29",111,2,33,449,4862,0.811188811188811,2010,6955,515,346,53,671,27,163,32,27
"111","2020-03-30",121,2,40,486,4862,0.811188811188811,2010,6955,515,346,50,721,15,178,32,15
"112","2020-03-31",124,2,57,525,4862,0.811188811188811,2010,6955,515,346,47,768,13,191,23,13
"113","2020-04-01",137,2,65,564,4862,0.811188811188811,2010,6955,515,346,45,813,6,197,30,6
"114","2020-04-02",144,2,62,626,4862,0.811188811188811,2010,6955,515,346,68,881,7,204,50,7
"115","2020-04-03",177,2,49,639,4862,0.811188811188811,2010,6955,515,346,57,938,6,210,41,6
"116","2020-04-04",190,2,46,683,4862,0.811188811188811,2010,6955,515,346,72,1010,12,222,47,12
"117","2020-04-05",209,2,44,715,4862,0.811188811188811,2010,6955,515,346,65,1075,8,230,41,8
"118","2020-04-06",208,2,48,743,4862,0.811188811188811,2010,6955,515,346,65,1140,9,239,44,9
"119","2020-04-07",223,2,53,797,4862,0.811188811188811,2010,6955,515,346,58,1198,17,256,38,17
"120","2020-04-08",227,2,53,827,4862,0.811188811188811,2010,6955,515,346,74,1272,18,274,47,18
"121","2020-04-09",239,2,64,863,4862,0.811188811188811,2010,6955,515,346,69,1341,22,296,52,22
"122","2020-04-10",287,2,66,897,4862,0.811188811188811,2010,6955,515,346,49,1390,6,302,37,6
"123","2020-04-11",314,2,55,931,4862,0.811188811188811,2010,6955,515,346,74,1464,13,315,52,13
"124","2020-04-12",291,2,62,979,4862,0.811188811188811,2010,6955,515,346,62,1526,11,326,39,11
"125","2020-04-13",294,2,75,998,4862,0.811188811188811,2010,6955,515,346,65,1591,17,343,44,17
"126","2020-04-14",294,2,82,1017,4862,0.811188811188811,2010,6955,515,346,62,1653,25,368,39,25
"127","2020-04-15",306,2,88,1047,4862,0.811188811188811,2010,6955,515,346,46,1699,35,403,28,35
"128","2020-04-16",306,2,94,1063,4862,0.811188811188811,2010,6955,515,346,56,1755,19,422,46,19
"129","2020-04-17",339,2,103,1104,4862,0.811188811188811,2010,6955,515,346,53,1808,29,451,32,29
"130","2020-04-18",351,2,90,1119,4862,0.811188811188811,2010,6955,515,346,59,1867,23,474,34,23
"131","2020-04-19",322,2,95,1100,4862,0.811188811188811,2010,6955,515,346,60,1927,25,499,38,25
"132","2020-04-20",336,2,110,1100,4862,0.811188811188811,2010,6955,515,346,52,1979,20,519,32,20
"133","2020-04-21",332,2,115,1131,4862,0.811188811188811,2010,6955,515,346,68,2047,15,534,48,15
"134","2020-04-22",343,2,130,1157,4862,0.811188811188811,2010,6955,515,346,44,2091,24,558,27,24
"135","2020-04-23",365,2,131,1129,4862,0.811188811188811,2010,6955,515,346,62,2153,16,574,35,16
"136","2020-04-24",375,2,127,1127,4862,0.811188811188811,2010,6955,515,346,58,2211,17,591,31,17
"137","2020-04-25",372,2,129,1098,4862,0.811188811188811,2010,6955,515,346,74,2285,20,611,51,20
"138","2020-04-26",384,2,128,1080,4862,0.811188811188811,2010,6955,515,346,49,2334,18,629,29,18
"139","2020-04-27",365,2,120,1068,4862,0.811188811188811,2010,6955,515,346,53,2387,40,669,33,40
"140","2020-04-28",355,2,119,1031,4862,0.811188811188811,2010,6955,515,346,48,2435,16,685,34,16
"141","2020-04-29",338,2,123,1015,4862,0.811188811188811,2010,6955,515,346,42,2477,23,708,25,23
"142","2020-04-30",320,2,115,1001,4862,0.811188811188811,2010,6955,515,346,51,2528,22,730,30,22
"143","2020-05-01",362,2,118,956,4862,0.811188811188811,2010,6955,515,346,43,2571,18,748,28,18
"144","2020-05-02",380,2,138,945,4862,0.811188811188811,2010,6955,515,346,67,2638,17,765,44,17
"145","2020-05-03",344,2,128,942,4862,0.811188811188811,2010,6955,515,346,46,2684,11,776,34,11
"146","2020-05-04",320,2,123,901,4862,0.811188811188811,2010,6955,515,346,49,2733,23,799,28,23
"147","2020-05-05",325,2,122,875,4862,0.811188811188811,2010,6955,515,346,41,2774,14,813,18,14
"148","2020-05-06",325,2,112,844,4862,0.811188811188811,2010,6955,515,346,57,2831,22,835,36,22
"149","2020-05-07",315,2,121,799,4862,0.811188811188811,2010,6955,515,346,55,2886,16,851,34,16
"150","2020-05-08",309,2,122,760,4862,0.811188811188811,2010,6955,515,346,45,2931,21,872,34,21
"151","2020-05-09",283,2,136,729,4862,0.811188811188811,2010,6955,515,346,35,2966,39,911,22,39
"152","2020-05-10",257,2,133,680,4862,0.811188811188811,2010,6955,515,346,41,3007,38,949,23,38
"153","2020-05-11",265,2,121,634,4862,0.811188811188811,2010,6955,515,346,47,3054,30,979,28,30
"154","2020-05-12",250,2,107,602,4862,0.811188811188811,2010,6955,515,346,34,3088,27,1006,20,27
"155","2020-05-13",240,2,104,575,4862,0.811188811188811,2010,6955,515,346,28,3116,18,1024,18,18
"156","2020-05-14",227,2,113,555,4862,0.811188811188811,2010,6955,515,346,28,3144,21,1045,15,21
"157","2020-05-15",205,2,111,519,4862,0.811188811188811,2010,6955,515,346,39,3183,28,1073,22,28
"158","2020-05-16",207,2,105,484,4862,0.811188811188811,2010,6955,515,346,24,3207,13,1086,11,13
"159","2020-05-17",190,2,83,444,4862,0.811188811188811,2010,6955,515,346,35,3242,17,1103,21,17
"160","2020-05-18",168,2,79,408,4862,0.811188811188811,2010,6955,515,346,36,3278,17,1120,24,17
"161","2020-05-19",165,2,79,380,4862,0.811188811188811,2010,6955,515,346,25,3303,23,1143,12,23
"162","2020-05-20",155,2,75,355,4862,0.811188811188811,2010,6955,515,346,29,3332,23,1166,17,23
"163","2020-05-21",155,2,79,337,4862,0.811188811188811,2010,6955,515,346,16,3348,28,1194,12,28
"164","2020-05-22",138,2,78,322,4862,0.811188811188811,2010,6955,515,346,32,3380,23,1217,18,23
"165","2020-05-23",119,2,81,300,4862,0.811188811188811,2010,6955,515,346,27,3407,24,1241,18,24
"166","2020-05-24",115,2,84,290,4862,0.811188811188811,2010,6955,515,346,19,3426,15,1256,12,15
"167","2020-05-25",111,2,82,265,4862,0.811188811188811,2010,6955,515,346,29,3455,15,1271,15,15
"168","2020-05-26",97,2,68,256,4862,0.811188811188811,2010,6955,515,346,25,3480,12,1283,15,12
"169","2020-05-27",91,2,63,243,4862,0.811188811188811,2010,6955,515,346,10,3490,15,1298,9,15
"170","2020-05-28",87,2,61,225,4862,0.811188811188811,2010,6955,515,346,35,3525,14,1312,21,14
"171","2020-05-29",72,2,61,212,4862,0.811188811188811,2010,6955,515,346,17,3542,17,1329,14,17
"172","2020-05-30",77,2,74,210,4862,0.811188811188811,2010,6955,515,346,21,3563,20,1349,10,20
"173","2020-05-31",69,2,77,200,4862,0.811188811188811,2010,6955,515,346,12,3575,15,1364,7,15
"174","2020-06-01",70,2,73,191,4862,0.811188811188811,2010,6955,515,346,20,3595,12,1376,9,12
"175","2020-06-02",67,2,70,179,4862,0.811188811188811,2010,6955,515,346,14,3609,14,1390,10,14
"176","2020-06-03",67,2,80,173,4862,0.811188811188811,2010,6955,515,346,12,3621,13,1403,9,13
"177","2020-06-04",64,2,80,156,4862,0.811188811188811,2010,6955,515,346,16,3637,13,1416,8,13
"178","2020-06-05",69,2,82,150,4862,0.811188811188811,2010,6955,515,346,15,3652,8,1424,9,8
"179","2020-06-06",60,2,80,151,4862,0.811188811188811,2010,6955,515,346,12,3664,6,1430,8,6
"180","2020-06-07",56,2,76,139,4862,0.811188811188811,2010,6955,515,346,10,3674,15,1445,5,15
"181","2020-03-08",1,3,0,0,4870,0.633675564681725,1995,7277,500,879,NA,NA,NA,NA,NA,NA
"182","2020-03-09",1,3,0,0,4870,0.633675564681725,1995,7277,500,879,NA,NA,NA,NA,NA,NA
"183","2020-03-10",0,3,0,0,4870,0.633675564681725,1995,7277,500,879,1,1,2,2,1,2
"184","2020-03-11",0,3,0,0,4870,0.633675564681725,1995,7277,500,879,9,10,5,7,1,5
"185","2020-03-12",0,3,0,0,4870,0.633675564681725,1995,7277,500,879,10,20,6,13,4,6
"186","2020-03-13",1,3,33,86,4870,0.633675564681725,1995,7277,500,879,5,25,7,20,2,7
"187","2020-03-14",9,3,37,101,4870,0.633675564681725,1995,7277,500,879,16,41,7,27,11,7
"188","2020-03-15",15,3,49,130,4870,0.633675564681725,1995,7277,500,879,20,61,14,41,10,14
"189","2020-03-16",17,3,78,157,4870,0.633675564681725,1995,7277,500,879,24,85,8,49,15,8
"190","2020-03-17",23,3,87,202,4870,0.633675564681725,1995,7277,500,879,20,105,14,63,14,14
"191","2020-03-18",30,3,97,250,4870,0.633675564681725,1995,7277,500,879,31,136,13,76,21,13
"192","2020-03-19",37,3,103,281,4870,0.633675564681725,1995,7277,500,879,25,161,17,93,20,17
"193","2020-03-20",57,3,124,319,4870,0.633675564681725,1995,7277,500,879,21,182,17,110,16,17
"194","2020-03-21",71,3,132,353,4870,0.633675564681725,1995,7277,500,879,43,225,7,117,36,7
"195","2020-03-22",82,3,148,409,4870,0.633675564681725,1995,7277,500,879,55,280,11,128,46,11
"196","2020-03-23",90,3,155,451,4870,0.633675564681725,1995,7277,500,879,47,327,22,150,36,22
"197","2020-03-24",99,3,139,482,4870,0.633675564681725,1995,7277,500,879,64,391,9,159,58,9
"198","2020-03-25",114,3,140,522,4870,0.633675564681725,1995,7277,500,879,79,470,15,174,74,15
"199","2020-03-26",119,3,156,552,4870,0.633675564681725,1995,7277,500,879,68,538,6,180,62,6
"200","2020-03-27",160,3,161,587,4870,0.633675564681725,1995,7277,500,879,61,599,11,191,57,12
"201","2020-03-28",208,3,162,646,4870,0.633675564681725,1995,7277,500,879,74,673,7,198,66,7
"202","2020-03-29",207,3,181,686,4870,0.633675564681725,1995,7277,500,879,101,774,30,228,94,30
"203","2020-03-30",199,3,186,718,4870,0.633675564681725,1995,7277,500,879,78,852,33,261,71,33
"204","2020-03-31",204,3,195,752,4870,0.633675564681725,1995,7277,500,879,99,951,25,286,90,25
"205","2020-04-01",203,3,180,789,4870,0.633675564681725,1995,7277,500,879,93,1044,25,311,87,25
"206","2020-04-02",215,3,175,800,4870,0.633675564681725,1995,7277,500,879,108,1152,20,331,101,20
"207","2020-04-03",256,3,175,827,4870,0.633675564681725,1995,7277,500,879,104,1256,21,352,99,21
"208","2020-04-04",248,3,176,847,4870,0.633675564681725,1995,7277,500,879,119,1375,20,372,112,20
"209","2020-04-05",255,3,200,833,4870,0.633675564681725,1995,7277,500,879,145,1520,26,398,133,26
"210","2020-04-06",267,3,228,847,4870,0.633675564681725,1995,7277,500,879,108,1628,22,420,106,22
"211","2020-04-07",266,3,221,854,4870,0.633675564681725,1995,7277,500,879,130,1758,42,462,119,42
"212","2020-04-08",275,3,234,893,4870,0.633675564681725,1995,7277,500,879,159,1917,33,495,155,33
"213","2020-04-09",283,3,225,897,4870,0.633675564681725,1995,7277,500,879,122,2039,19,514,117,19
"214","2020-04-10",314,3,210,910,4870,0.633675564681725,1995,7277,500,879,180,2219,25,539,173,25
"215","2020-04-11",338,3,235,910,4870,0.633675564681725,1995,7277,500,879,137,2356,39,578,133,39
"216","2020-04-12",312,3,237,928,4870,0.633675564681725,1995,7277,500,879,144,2500,34,612,140,34
"217","2020-04-13",308,3,241,911,4870,0.633675564681725,1995,7277,500,879,150,2650,35,647,145,35
"218","2020-04-14",304,3,217,894,4870,0.633675564681725,1995,7277,500,879,127,2777,47,694,118,47
"219","2020-04-15",315,3,234,930,4870,0.633675564681725,1995,7277,500,879,128,2905,28,722,121,28
"220","2020-04-16",319,3,225,954,4870,0.633675564681725,1995,7277,500,879,124,3029,36,758,118,36
"221","2020-04-17",351,3,222,940,4870,0.633675564681725,1995,7277,500,879,114,3143,18,776,108,18
"222","2020-04-18",325,3,239,916,4870,0.633675564681725,1995,7277,500,879,105,3248,24,800,99,24
"223","2020-04-19",304,3,259,925,4870,0.633675564681725,1995,7277,500,879,109,3357,16,816,104,16
"224","2020-04-20",302,3,265,905,4870,0.633675564681725,1995,7277,500,879,95,3452,21,837,89,21
"225","2020-04-21",299,3,247,898,4870,0.633675564681725,1995,7277,500,879,115,3567,20,857,108,20
"226","2020-04-22",292,3,235,891,4870,0.633675564681725,1995,7277,500,879,107,3674,22,879,101,22
"227","2020-04-23",290,3,236,880,4870,0.633675564681725,1995,7277,500,879,91,3765,11,890,88,11
"228","2020-04-24",308,3,238,892,4870,0.633675564681725,1995,7277,500,879,92,3857,28,918,90,28
"229","2020-04-25",337,3,242,870,4870,0.633675564681725,1995,7277,500,879,85,3942,27,945,82,27
"230","2020-04-26",324,3,230,881,4870,0.633675564681725,1995,7277,500,879,76,4018,26,971,69,26
"231","2020-04-27",321,3,240,832,4870,0.633675564681725,1995,7277,500,879,71,4089,25,996,67,25
"232","2020-04-28",315,3,266,813,4870,0.633675564681725,1995,7277,500,879,64,4153,29,1025,59,29
"233","2020-04-29",305,3,238,798,4870,0.633675564681725,1995,7277,500,879,65,4218,31,1056,62,31
"234","2020-04-30",306,3,226,789,4870,0.633675564681725,1995,7277,500,879,65,4283,45,1101,60,45
"235","2020-05-01",287,3,219,761,4870,0.633675564681725,1995,7277,500,879,66,4349,46,1147,64,46
"236","2020-05-02",257,3,222,735,4870,0.633675564681725,1995,7277,500,879,69,4418,27,1174,63,27
"237","2020-05-03",243,3,209,711,4870,0.633675564681725,1995,7277,500,879,53,4471,28,1202,45,28
"238","2020-05-04",225,3,206,695,4870,0.633675564681725,1995,7277,500,879,40,4511,29,1231,38,29
"239","2020-05-05",222,3,228,659,4870,0.633675564681725,1995,7277,500,879,46,4557,19,1250,46,19
"240","2020-05-06",222,3,247,639,4870,0.633675564681725,1995,7277,500,879,45,4602,30,1280,43,30
"241","2020-05-07",210,3,249,618,4870,0.633675564681725,1995,7277,500,879,40,4642,27,1307,36,27
"242","2020-05-08",209,3,227,622,4870,0.633675564681725,1995,7277,500,879,49,4691,26,1333,47,26
"243","2020-05-09",219,3,218,602,4870,0.633675564681725,1995,7277,500,879,29,4720,13,1346,25,13
"244","2020-05-10",193,3,209,580,4870,0.633675564681725,1995,7277,500,879,40,4760,35,1381,39,35
"245","2020-05-11",190,3,206,574,4870,0.633675564681725,1995,7277,500,879,31,4791,24,1405,27,24
"246","2020-05-12",178,3,185,545,4870,0.633675564681725,1995,7277,500,879,31,4822,29,1434,25,29
"247","2020-05-13",178,3,170,526,4870,0.633675564681725,1995,7277,500,879,34,4856,35,1469,30,35
"248","2020-05-14",180,3,158,531,4870,0.633675564681725,1995,7277,500,879,40,4896,23,1492,38,23
"249","2020-05-15",198,3,152,517,4870,0.633675564681725,1995,7277,500,879,28,4924,32,1524,27,32
"250","2020-05-16",196,3,183,493,4870,0.633675564681725,1995,7277,500,879,28,4952,35,1559,26,35
"251","2020-05-17",190,3,193,471,4870,0.633675564681725,1995,7277,500,879,24,4976,29,1588,23,29
"252","2020-05-18",186,3,202,451,4870,0.633675564681725,1995,7277,500,879,29,5005,30,1618,23,30
"253","2020-05-19",178,3,210,424,4870,0.633675564681725,1995,7277,500,879,22,5027,26,1644,20,26
"254","2020-05-20",171,3,192,403,4870,0.633675564681725,1995,7277,500,879,27,5054,27,1671,23,27
"255","2020-05-21",161,3,195,388,4870,0.633675564681725,1995,7277,500,879,16,5070,28,1699,13,28
"256","2020-05-22",144,3,186,361,4870,0.633675564681725,1995,7277,500,879,22,5092,25,1724,18,25
"257","2020-05-23",128,3,203,336,4870,0.633675564681725,1995,7277,500,879,20,5112,26,1750,17,26
"258","2020-05-24",122,3,224,300,4870,0.633675564681725,1995,7277,500,879,18,5130,16,1766,16,16
"259","2020-05-25",116,3,220,286,4870,0.633675564681725,1995,7277,500,879,11,5141,21,1787,7,21
"260","2020-05-26",114,3,234,266,4870,0.633675564681725,1995,7277,500,879,13,5154,22,1809,11,22
"261","2020-05-27",110,3,225,257,4870,0.633675564681725,1995,7277,500,879,16,5170,18,1827,13,18
"262","2020-05-28",106,3,245,250,4870,0.633675564681725,1995,7277,500,879,15,5185,13,1840,14,13
"263","2020-05-29",94,3,245,246,4870,0.633675564681725,1995,7277,500,879,10,5195,23,1863,9,23
"264","2020-05-30",89,3,243,243,4870,0.633675564681725,1995,7277,500,879,7,5202,22,1885,7,22
"265","2020-05-31",75,3,224,236,4870,0.633675564681725,1995,7277,500,879,17,5219,16,1901,15,16
"266","2020-06-01",70,3,220,215,4870,0.633675564681725,1995,7277,500,879,12,5231,10,1911,10,10
"267","2020-06-02",66,3,218,223,4870,0.633675564681725,1995,7277,500,879,7,5238,13,1924,7,13
"268","2020-06-03",59,3,218,214,4870,0.633675564681725,1995,7277,500,879,5,5243,13,1937,4,13
"269","2020-06-04",60,3,221,212,4870,0.633675564681725,1995,7277,500,879,16,5259,6,1943,15,6
"270","2020-06-05",60,3,227,198,4870,0.633675564681725,1995,7277,500,879,6,5265,5,1948,5,5
"271","2020-06-06",60,3,215,197,4870,0.633675564681725,1995,7277,500,879,4,5269,15,1963,3,15
"272","2020-06-07",69,3,227,194,4870,0.633675564681725,1995,7277,500,879,7,5276,21,1984,6,21
"273","2020-03-07",1,4,0,0,4180,0.797129186602871,2025,6667,532,493,NA,NA,NA,NA,NA,NA
"274","2020-03-08",1,4,0,0,4180,0.797129186602871,2025,6667,532,493,NA,NA,NA,NA,NA,NA
"275","2020-03-09",0,4,0,0,4180,0.797129186602871,2025,6667,532,493,NA,NA,NA,NA,NA,NA
"276","2020-03-10",0,4,0,0,4180,0.797129186602871,2025,6667,532,493,NA,NA,3,3,NA,3
"277","2020-03-11",0,4,0,0,4180,0.797129186602871,2025,6667,532,493,24,24,28,31,4,28
"278","2020-03-12",0,4,0,0,4180,0.797129186602871,2025,6667,532,493,31,55,7,38,8,7
"279","2020-03-13",3,4,26,28,4180,0.797129186602871,2025,6667,532,493,34,89,5,43,11,5
"280","2020-03-14",3,4,37,48,4180,0.797129186602871,2025,6667,532,493,40,129,7,50,20,7
"281","2020-03-15",8,4,42,70,4180,0.797129186602871,2025,6667,532,493,40,169,4,54,24,4
"282","2020-03-16",8,4,40,88,4180,0.797129186602871,2025,6667,532,493,52,221,2,56,29,2
"283","2020-03-17",11,4,36,106,4180,0.797129186602871,2025,6667,532,493,36,257,5,61,12,5
"284","2020-03-18",14,4,55,134,4180,0.797129186602871,2025,6667,532,493,54,311,6,67,29,6
"285","2020-03-19",20,4,74,153,4180,0.797129186602871,2025,6667,532,493,47,358,31,98,29,31
"286","2020-03-20",34,4,82,170,4180,0.797129186602871,2025,6667,532,493,51,409,30,128,25,30
"287","2020-03-21",46,4,93,199,4180,0.797129186602871,2025,6667,532,493,52,461,28,156,28,28
"288","2020-03-22",55,4,78,221,4180,0.797129186602871,2025,6667,532,493,61,522,13,169,43,13
"289","2020-03-23",61,4,71,242,4180,0.797129186602871,2025,6667,532,493,44,566,44,213,18,44
"290","2020-03-24",65,4,73,254,4180,0.797129186602871,2025,6667,532,493,71,637,36,249,44,36
"291","2020-03-25",71,4,80,271,4180,0.797129186602871,2025,6667,532,493,72,709,29,278,49,29
"292","2020-03-26",71,4,86,302,4180,0.797129186602871,2025,6667,532,493,77,786,42,320,54,42
"293","2020-03-27",80,4,85,318,4180,0.797129186602871,2025,6667,532,493,74,860,44,364,56,44
"294","2020-03-28",82,4,86,347,4180,0.797129186602871,2025,6667,532,493,66,926,43,407,42,43
"295","2020-03-29",95,4,87,373,4180,0.797129186602871,2025,6667,532,493,61,987,29,436,38,29
"296","2020-03-30",107,4,85,409,4180,0.797129186602871,2025,6667,532,493,63,1050,17,453,44,17
"297","2020-03-31",103,4,79,433,4180,0.797129186602871,2025,6667,532,493,79,1129,60,513,56,60
"298","2020-04-01",106,4,72,474,4180,0.797129186602871,2025,6667,532,493,62,1191,43,556,37,43
"299","2020-04-02",114,4,65,502,4180,0.797129186602871,2025,6667,532,493,73,1264,48,604,47,48
"300","2020-04-03",139,4,76,569,4180,0.797129186602871,2025,6667,532,493,73,1337,52,656,58,52
"301","2020-04-04",152,4,92,596,4180,0.797129186602871,2025,6667,532,493,74,1411,31,687,57,31
"302","2020-04-05",160,4,94,623,4180,0.797129186602871,2025,6667,532,493,72,1483,52,739,47,52
"303","2020-04-06",165,4,101,666,4180,0.797129186602871,2025,6667,532,493,71,1554,43,782,58,43
"304","2020-04-07",173,4,88,692,4180,0.797129186602871,2025,6667,532,493,74,1628,18,800,49,18
"305","2020-04-08",182,4,81,720,4180,0.797129186602871,2025,6667,532,493,55,1683,23,823,35,23
"306","2020-04-09",191,4,91,721,4180,0.797129186602871,2025,6667,532,493,63,1746,49,872,35,49
"307","2020-04-10",223,4,85,743,4180,0.797129186602871,2025,6667,532,493,61,1807,36,908,41,36
"308","2020-04-11",243,4,82,760,4180,0.797129186602871,2025,6667,532,493,70,1877,64,972,50,64
"309","2020-04-12",239,4,92,791,4180,0.797129186602871,2025,6667,532,493,64,1941,54,1026,36,54
"310","2020-04-13",239,4,101,780,4180,0.797129186602871,2025,6667,532,493,60,2001,62,1088,42,62
"311","2020-04-14",233,4,94,814,4180,0.797129186602871,2025,6667,532,493,63,2064,16,1104,34,16
"312","2020-04-15",248,4,88,829,4180,0.797129186602871,2025,6667,532,493,54,2118,24,1128,39,24
"313","2020-04-16",255,4,92,837,4180,0.797129186602871,2025,6667,532,493,68,2186,40,1168,40,40
"314","2020-04-17",309,4,92,833,4180,0.797129186602871,2025,6667,532,493,61,2247,21,1189,43,21
"315","2020-04-18",311,4,88,828,4180,0.797129186602871,2025,6667,532,493,71,2318,16,1205,42,16
"316","2020-04-19",300,4,111,838,4180,0.797129186602871,2025,6667,532,493,53,2371,15,1220,30,15
"317","2020-04-20",299,4,115,824,4180,0.797129186602871,2025,6667,532,493,58,2429,60,1280,34,60
"318","2020-04-21",295,4,143,835,4180,0.797129186602871,2025,6667,532,493,58,2487,30,1310,34,30
"319","2020-04-22",286,4,138,838,4180,0.797129186602871,2025,6667,532,493,65,2552,45,1355,36,45
"320","2020-04-23",289,4,130,844,4180,0.797129186602871,2025,6667,532,493,70,2622,57,1412,44,57
"321","2020-04-24",276,4,119,835,4180,0.797129186602871,2025,6667,532,493,64,2686,32,1444,46,32
"322","2020-04-25",284,4,107,822,4180,0.797129186602871,2025,6667,532,493,58,2744,53,1497,41,53
"323","2020-04-26",261,4,102,810,4180,0.797129186602871,2025,6667,532,493,38,2782,36,1533,19,36
"324","2020-04-27",253,4,93,775,4180,0.797129186602871,2025,6667,532,493,67,2849,49,1582,41,49
"325","2020-04-28",269,4,122,753,4180,0.797129186602871,2025,6667,532,493,51,2900,50,1632,34,50
"326","2020-04-29",267,4,135,730,4180,0.797129186602871,2025,6667,532,493,66,2966,60,1692,46,60
"327","2020-04-30",261,4,128,710,4180,0.797129186602871,2025,6667,532,493,65,3031,33,1725,34,33
"328","2020-05-01",266,4,145,698,4180,0.797129186602871,2025,6667,532,493,63,3094,19,1744,43,19
"329","2020-05-02",249,4,141,675,4180,0.797129186602871,2025,6667,532,493,61,3155,13,1757,37,13
"330","2020-05-03",247,4,134,664,4180,0.797129186602871,2025,6667,532,493,47,3202,21,1778,31,21
"331","2020-05-04",249,4,146,662,4180,0.797129186602871,2025,6667,532,493,56,3258,28,1806,33,28
"332","2020-05-05",223,4,172,650,4180,0.797129186602871,2025,6667,532,493,56,3314,42,1848,27,42
"333","2020-05-06",215,4,175,655,4180,0.797129186602871,2025,6667,532,493,55,3369,22,1870,34,22
"334","2020-05-07",211,4,156,643,4180,0.797129186602871,2025,6667,532,493,52,3421,22,1892,27,22
"335","2020-05-08",221,4,155,632,4180,0.797129186602871,2025,6667,532,493,61,3482,54,1946,38,54
"336","2020-05-09",220,4,165,615,4180,0.797129186602871,2025,6667,532,493,55,3537,54,2000,30,54
"337","2020-05-10",200,4,152,610,4180,0.797129186602871,2025,6667,532,493,48,3585,50,2050,30,50
"338","2020-05-11",194,4,167,591,4180,0.797129186602871,2025,6667,532,493,57,3642,41,2091,39,41
"339","2020-05-12",194,4,155,586,4180,0.797129186602871,2025,6667,532,493,38,3680,36,2127,25,36
"340","2020-05-13",192,4,163,569,4180,0.797129186602871,2025,6667,532,493,47,3727,39,2166,36,39
"341","2020-05-14",192,4,174,547,4180,0.797129186602871,2025,6667,532,493,45,3772,21,2187,29,21
"342","2020-05-15",181,4,163,518,4180,0.797129186602871,2025,6667,532,493,36,3808,15,2202,21,15
"343","2020-05-16",173,4,140,524,4180,0.797129186602871,2025,6667,532,493,30,3838,10,2212,14,10
"344","2020-05-17",182,4,112,510,4180,0.797129186602871,2025,6667,532,493,35,3873,6,2218,17,6
"345","2020-05-18",174,4,110,487,4180,0.797129186602871,2025,6667,532,493,32,3905,5,2223,15,5
"346","2020-05-19",161,4,128,462,4180,0.797129186602871,2025,6667,532,493,35,3940,10,2233,18,10
"347","2020-05-20",162,4,117,447,4180,0.797129186602871,2025,6667,532,493,29,3969,8,2241,17,8
"348","2020-05-21",155,4,123,428,4180,0.797129186602871,2025,6667,532,493,32,4001,19,2260,18,19
"349","2020-05-22",160,4,127,433,4180,0.797129186602871,2025,6667,532,493,31,4032,37,2297,18,37
"350","2020-05-23",162,4,131,396,4180,0.797129186602871,2025,6667,532,493,33,4065,45,2342,12,45
"351","2020-05-24",125,4,132,377,4180,0.797129186602871,2025,6667,532,493,23,4088,25,2367,14,25
"352","2020-05-25",125,4,128,353,4180,0.797129186602871,2025,6667,532,493,30,4118,40,2407,18,40
"353","2020-05-26",126,4,128,337,4180,0.797129186602871,2025,6667,532,493,21,4139,24,2431,13,24
"354","2020-05-27",119,4,118,315,4180,0.797129186602871,2025,6667,532,493,25,4164,18,2449,15,18
"355","2020-05-28",118,4,116,304,4180,0.797129186602871,2025,6667,532,493,21,4185,15,2464,11,15
"356","2020-05-29",111,4,102,294,4180,0.797129186602871,2025,6667,532,493,21,4206,34,2498,15,34
"357","2020-05-30",108,4,93,273,4180,0.797129186602871,2025,6667,532,493,18,4224,32,2530,13,32
"358","2020-05-31",97,4,86,257,4180,0.797129186602871,2025,6667,532,493,22,4246,33,2563,9,33
"359","2020-06-01",91,4,96,255,4180,0.797129186602871,2025,6667,532,493,25,4271,30,2593,13,30
"360","2020-06-02",88,4,99,250,4180,0.797129186602871,2025,6667,532,493,16,4287,19,2612,9,19
"361","2020-06-03",83,4,110,235,4180,0.797129186602871,2025,6667,532,493,14,4301,22,2634,10,22
"362","2020-06-04",80,4,102,223,4180,0.797129186602871,2025,6667,532,493,22,4323,14,2648,14,14
"363","2020-06-05",75,4,91,223,4180,0.797129186602871,2025,6667,532,493,26,4349,16,2664,14,16
"364","2020-06-06",72,4,86,204,4180,0.797129186602871,2025,6667,532,493,14,4363,18,2682,9,18
"365","2020-06-07",75,4,87,195,4180,0.797129186602871,2025,6667,532,493,9,4372,12,2694,6,12
"366","2020-03-14",1,5,30,43,4636,0.756902502157032,2100,7268,484,289,8,34,15,54,4,15
"367","2020-03-15",5,5,30,60,4636,0.756902502157032,2100,7268,484,289,6,40,11,65,3,11
"368","2020-03-16",8,5,32,77,4636,0.756902502157032,2100,7268,484,289,8,48,13,78,7,13
"369","2020-03-17",11,5,31,94,4636,0.756902502157032,2100,7268,484,289,16,64,10,88,9,10
"370","2020-03-18",18,5,31,115,4636,0.756902502157032,2100,7268,484,289,10,74,8,96,6,8
"371","2020-03-19",23,5,30,142,4636,0.756902502157032,2100,7268,484,289,16,90,17,113,11,17
"372","2020-03-20",30,5,36,168,4636,0.756902502157032,2100,7268,484,289,25,115,27,140,17,27
"373","2020-03-21",43,5,42,197,4636,0.756902502157032,2100,7268,484,289,19,134,19,159,14,19
"374","2020-03-22",43,5,44,222,4636,0.756902502157032,2100,7268,484,289,23,157,19,178,20,19
"375","2020-03-23",45,5,49,260,4636,0.756902502157032,2100,7268,484,289,28,185,13,191,23,13
"376","2020-03-24",51,5,60,280,4636,0.756902502157032,2100,7268,484,289,33,218,22,213,27,22
"377","2020-03-25",55,5,63,303,4636,0.756902502157032,2100,7268,484,289,41,259,20,233,30,20
"378","2020-03-26",63,5,62,323,4636,0.756902502157032,2100,7268,484,289,54,313,22,255,46,22
"379","2020-03-27",73,5,64,341,4636,0.756902502157032,2100,7268,484,289,32,345,28,283,27,28
"380","2020-03-28",93,5,54,379,4636,0.756902502157032,2100,7268,484,289,63,408,20,303,55,20
"381","2020-03-29",94,5,62,392,4636,0.756902502157032,2100,7268,484,289,66,474,20,323,55,20
"382","2020-03-30",89,5,62,421,4636,0.756902502157032,2100,7268,484,289,52,526,15,338,48,15
"383","2020-03-31",94,5,58,462,4636,0.756902502157032,2100,7268,484,289,63,589,26,364,51,26
"384","2020-04-01",108,5,63,497,4636,0.756902502157032,2100,7268,484,289,73,662,25,389,60,25
"385","2020-04-02",111,5,79,529,4636,0.756902502157032,2100,7268,484,289,87,749,24,413,74,24
"386","2020-04-03",139,5,77,559,4636,0.756902502157032,2100,7268,484,289,109,858,30,443,99,30
"387","2020-04-04",133,5,77,611,4636,0.756902502157032,2100,7268,484,289,98,956,24,467,95,24
"388","2020-04-05",197,5,65,652,4636,0.756902502157032,2100,7268,484,289,99,1055,21,488,91,21
"389","2020-04-06",203,5,58,674,4636,0.756902502157032,2100,7268,484,289,96,1151,21,509,88,21
"390","2020-04-07",196,5,60,729,4636,0.756902502157032,2100,7268,484,289,114,1265,27,536,108,27
"391","2020-04-08",198,5,60,755,4636,0.756902502157032,2100,7268,484,289,84,1349,13,549,79,13
"392","2020-04-09",208,5,61,778,4636,0.756902502157032,2100,7268,484,289,128,1477,17,566,121,17
"393","2020-04-10",263,5,59,813,4636,0.756902502157032,2100,7268,484,289,128,1605,15,581,120,15
"394","2020-04-11",278,5,59,863,4636,0.756902502157032,2100,7268,484,289,174,1779,21,602,171,21
"395","2020-04-12",263,5,62,917,4636,0.756902502157032,2100,7268,484,289,162,1941,17,619,151,17
"396","2020-04-13",276,5,65,954,4636,0.756902502157032,2100,7268,484,289,164,2105,35,654,158,35
"397","2020-04-14",280,5,85,982,4636,0.756902502157032,2100,7268,484,289,124,2229,41,695,117,41
"398","2020-04-15",294,5,88,1031,4636,0.756902502157032,2100,7268,484,289,131,2360,50,745,121,50
"399","2020-04-16",306,5,86,1043,4636,0.756902502157032,2100,7268,484,289,153,2513,43,788,144,43
"400","2020-04-17",364,5,82,1040,4636,0.756902502157032,2100,7268,484,289,140,2653,42,830,136,42
"401","2020-04-18",413,5,100,1044,4636,0.756902502157032,2100,7268,484,289,139,2792,35,865,135,35
"402","2020-04-19",376,5,105,1057,4636,0.756902502157032,2100,7268,484,289,153,2945,34,899,149,34
"403","2020-04-20",365,5,107,1071,4636,0.756902502157032,2100,7268,484,289,145,3090,28,927,133,28
"404","2020-04-21",362,5,94,1056,4636,0.756902502157032,2100,7268,484,289,165,3255,26,953,159,26
"405","2020-04-22",353,5,93,1066,4636,0.756902502157032,2100,7268,484,289,169,3424,27,980,160,27
"406","2020-04-23",361,5,82,1058,4636,0.756902502157032,2100,7268,484,289,142,3566,20,1000,136,20
"407","2020-04-24",385,5,90,1047,4636,0.756902502157032,2100,7268,484,289,158,3724,30,1030,149,30
"408","2020-04-25",369,5,93,1066,4636,0.756902502157032,2100,7268,484,289,124,3848,32,1062,117,32
"409","2020-04-26",348,5,103,1056,4636,0.756902502157032,2100,7268,484,289,167,4015,38,1100,160,38
"410","2020-04-27",349,5,111,1039,4636,0.756902502157032,2100,7268,484,289,115,4130,39,1139,110,39
"411","2020-04-28",351,5,114,1004,4636,0.756902502157032,2100,7268,484,289,113,4243,28,1167,109,28
"412","2020-04-29",355,5,117,985,4636,0.756902502157032,2100,7268,484,289,119,4362,23,1190,113,23
"413","2020-04-30",348,5,116,966,4636,0.756902502157032,2100,7268,484,289,96,4458,39,1229,94,39
"414","2020-05-01",360,5,118,955,4636,0.756902502157032,2100,7268,484,289,73,4531,48,1277,70,48
"415","2020-05-02",355,5,115,910,4636,0.756902502157032,2100,7268,484,289,84,4615,40,1317,79,40
"416","2020-05-03",336,5,123,879,4636,0.756902502157032,2100,7268,484,289,74,4689,21,1338,72,21
"417","2020-05-04",326,5,122,857,4636,0.756902502157032,2100,7268,484,289,86,4775,22,1360,83,22
"418","2020-05-05",314,5,122,824,4636,0.756902502157032,2100,7268,484,289,58,4833,29,1389,52,29
"419","2020-05-06",310,5,113,790,4636,0.756902502157032,2100,7268,484,289,67,4900,30,1419,60,30
"420","2020-05-07",307,5,110,753,4636,0.756902502157032,2100,7268,484,289,54,4954,30,1449,48,30
"421","2020-05-08",291,5,103,683,4636,0.756902502157032,2100,7268,484,289,52,5006,17,1466,46,17
"422","2020-05-09",286,5,95,651,4636,0.756902502157032,2100,7268,484,289,61,5067,22,1488,54,22
"423","2020-05-10",256,5,104,607,4636,0.756902502157032,2100,7268,484,289,43,5110,23,1511,40,23
"424","2020-05-11",235,5,98,584,4636,0.756902502157032,2100,7268,484,289,46,5156,31,1542,42,31
"425","2020-05-12",223,5,92,566,4636,0.756902502157032,2100,7268,484,289,37,5193,37,1579,33,37
"426","2020-05-13",216,5,92,530,4636,0.756902502157032,2100,7268,484,289,31,5224,27,1606,28,27
"427","2020-05-14",204,5,88,518,4636,0.756902502157032,2100,7268,484,289,34,5258,25,1631,29,25
"428","2020-05-15",196,5,87,494,4636,0.756902502157032,2100,7268,484,289,31,5289,31,1662,29,31
"429","2020-05-16",182,5,80,478,4636,0.756902502157032,2100,7268,484,289,26,5315,23,1685,25,23
"430","2020-05-17",164,5,78,466,4636,0.756902502157032,2100,7268,484,289,25,5340,16,1701,23,16
"431","2020-05-18",159,5,74,442,4636,0.756902502157032,2100,7268,484,289,22,5362,38,1739,22,38
"432","2020-05-19",159,5,87,425,4636,0.756902502157032,2100,7268,484,289,20,5382,30,1769,15,30
"433","2020-05-20",150,5,81,400,4636,0.756902502157032,2100,7268,484,289,13,5395,34,1803,11,34
"434","2020-05-21",140,5,81,384,4636,0.756902502157032,2100,7268,484,289,15,5410,25,1828,11,25
"435","2020-05-22",131,5,77,379,4636,0.756902502157032,2100,7268,484,289,13,5423,27,1855,11,27
"436","2020-05-23",128,5,68,355,4636,0.756902502157032,2100,7268,484,289,12,5435,33,1888,10,33
"437","2020-05-24",125,5,64,336,4636,0.756902502157032,2100,7268,484,289,11,5446,21,1909,7,21
"438","2020-05-25",125,5,62,312,4636,0.756902502157032,2100,7268,484,289,7,5453,18,1927,6,18
"439","2020-05-26",114,5,60,303,4636,0.756902502157032,2100,7268,484,289,11,5464,26,1953,6,26
"440","2020-05-27",111,5,68,275,4636,0.756902502157032,2100,7268,484,289,8,5472,18,1971,6,18
"441","2020-05-28",110,5,68,257,4636,0.756902502157032,2100,7268,484,289,10,5482,17,1988,6,17
"442","2020-05-29",103,5,69,247,4636,0.756902502157032,2100,7268,484,289,5,5487,30,2018,3,30
"443","2020-05-30",114,5,64,243,4636,0.756902502157032,2100,7268,484,289,8,5495,23,2041,7,23
"444","2020-05-31",98,5,62,232,4636,0.756902502157032,2100,7268,484,289,5,5500,30,2071,4,30
"445","2020-06-01",89,5,64,219,4636,0.756902502157032,2100,7268,484,289,6,5506,28,2099,4,28
"446","2020-06-02",88,5,64,217,4636,0.756902502157032,2100,7268,484,289,8,5514,26,2125,5,26
"447","2020-06-03",81,5,67,198,4636,0.756902502157032,2100,7268,484,289,4,5518,23,2148,3,23
"448","2020-06-04",80,5,56,179,4636,0.756902502157032,2100,7268,484,289,7,5525,24,2172,6,24
"449","2020-06-05",81,5,60,174,4636,0.756902502157032,2100,7268,484,289,4,5529,24,2196,2,24
"450","2020-06-06",75,5,67,159,4636,0.756902502157032,2100,7268,484,289,NA,NA,22,2218,NA,22
"451","2020-06-07",68,5,72,154,4636,0.756902502157032,2100,7268,484,289,4,5533,20,2238,2,20
"452","2020-03-14",3,6,48,55,3949,0.781463661686503,2055,6455,426,624,21,55,14,42,3,14
"453","2020-03-15",5,6,51,71,3949,0.781463661686503,2055,6455,426,624,16,71,15,57,6,15
"454","2020-03-16",9,6,46,89,3949,0.781463661686503,2055,6455,426,624,18,89,17,74,9,17
"455","2020-03-17",9,6,40,121,3949,0.781463661686503,2055,6455,426,624,34,123,22,96,11,22
"456","2020-03-18",13,6,41,139,3949,0.781463661686503,2055,6455,426,624,25,148,22,118,15,22
"457","2020-03-19",20,6,61,164,3949,0.781463661686503,2055,6455,426,624,31,179,12,130,18,12
"458","2020-03-20",30,6,77,200,3949,0.781463661686503,2055,6455,426,624,27,206,29,159,14,29
"459","2020-03-21",52,6,79,225,3949,0.781463661686503,2055,6455,426,624,35,241,11,170,24,11
"460","2020-03-22",61,6,89,259,3949,0.781463661686503,2055,6455,426,624,40,281,12,182,28,12
"461","2020-03-23",65,6,83,290,3949,0.781463661686503,2055,6455,426,624,55,336,9,191,39,9
"462","2020-03-24",72,6,70,318,3949,0.781463661686503,2055,6455,426,624,31,367,18,209,21,18
"463","2020-03-25",75,6,60,339,3949,0.781463661686503,2055,6455,426,624,52,419,13,222,38,13
"464","2020-03-26",79,6,60,354,3949,0.781463661686503,2055,6455,426,624,46,465,15,237,31,15
"465","2020-03-27",99,6,56,379,3949,0.781463661686503,2055,6455,426,624,44,509,34,271,37,34
"466","2020-03-28",96,6,59,382,3949,0.781463661686503,2055,6455,426,624,60,569,29,300,43,29
"467","2020-03-29",108,6,55,400,3949,0.781463661686503,2055,6455,426,624,58,627,21,321,48,21
"468","2020-03-30",108,6,55,438,3949,0.781463661686503,2055,6455,426,624,72,699,30,351,53,30
"469","2020-03-31",112,6,69,458,3949,0.781463661686503,2055,6455,426,624,70,769,24,375,53,24
"470","2020-04-01",124,6,75,470,3949,0.781463661686503,2055,6455,426,624,96,865,18,393,76,18
"471","2020-04-02",130,6,74,488,3949,0.781463661686503,2055,6455,426,624,78,943,17,410,64,17
"472","2020-04-03",143,6,83,495,3949,0.781463661686503,2055,6455,426,624,75,1018,13,423,55,13
"473","2020-04-04",170,6,83,513,3949,0.781463661686503,2055,6455,426,624,82,1100,12,435,71,12
"474","2020-04-05",160,6,113,526,3949,0.781463661686503,2055,6455,426,624,123,1223,12,447,107,12
"475","2020-04-06",161,6,133,518,3949,0.781463661686503,2055,6455,426,624,113,1336,19,466,101,19
"476","2020-04-07",171,6,147,544,3949,0.781463661686503,2055,6455,426,624,78,1414,34,500,67,34
"477","2020-04-08",171,6,160,577,3949,0.781463661686503,2055,6455,426,624,101,1515,27,527,80,27
"478","2020-04-09",174,6,172,604,3949,0.781463661686503,2055,6455,426,624,115,1630,42,569,101,42
"479","2020-04-10",184,6,182,637,3949,0.781463661686503,2055,6455,426,624,101,1731,33,602,80,33
"480","2020-04-11",176,6,174,646,3949,0.781463661686503,2055,6455,426,624,98,1829,22,624,85,22
"481","2020-04-12",189,6,179,655,3949,0.781463661686503,2055,6455,426,624,99,1928,18,642,86,18
"482","2020-04-13",196,6,199,669,3949,0.781463661686503,2055,6455,426,624,89,2017,30,672,81,30
"483","2020-04-14",184,6,174,691,3949,0.781463661686503,2055,6455,426,624,78,2095,31,703,65,31
"484","2020-04-15",196,6,170,706,3949,0.781463661686503,2055,6455,426,624,103,2198,18,721,92,18
"485","2020-04-16",201,6,168,731,3949,0.781463661686503,2055,6455,426,624,88,2286,42,763,74,42
"486","2020-04-17",223,6,181,732,3949,0.781463661686503,2055,6455,426,624,91,2377,28,791,83,28
"487","2020-04-18",246,6,178,727,3949,0.781463661686503,2055,6455,426,624,101,2478,35,826,86,35
"488","2020-04-19",236,6,172,740,3949,0.781463661686503,2055,6455,426,624,87,2565,49,875,76,49
"489","2020-04-20",229,6,130,743,3949,0.781463661686503,2055,6455,426,624,106,2671,25,900,89,25
"490","2020-04-21",234,6,139,742,3949,0.781463661686503,2055,6455,426,624,95,2766,34,934,89,34
"491","2020-04-22",230,6,155,742,3949,0.781463661686503,2055,6455,426,624,87,2853,19,953,72,19
"492","2020-04-23",239,6,173,750,3949,0.781463661686503,2055,6455,426,624,89,2942,43,996,73,43
"493","2020-04-24",251,6,188,734,3949,0.781463661686503,2055,6455,426,624,89,3031,58,1054,66,58
"494","2020-04-25",233,6,184,742,3949,0.781463661686503,2055,6455,426,624,83,3114,33,1087,63,33
"495","2020-04-26",233,6,156,749,3949,0.781463661686503,2055,6455,426,624,80,3194,34,1121,68,34
"496","2020-04-27",240,6,164,748,3949,0.781463661686503,2055,6455,426,624,71,3265,46,1167,61,46
"497","2020-04-28",237,6,153,730,3949,0.781463661686503,2055,6455,426,624,47,3312,25,1192,40,25
"498","2020-04-29",235,6,134,731,3949,0.781463661686503,2055,6455,426,624,82,3394,29,1221,68,29
"499","2020-04-30",220,6,129,715,3949,0.781463661686503,2055,6455,426,624,68,3462,22,1243,53,22
"500","2020-05-01",242,6,129,697,3949,0.781463661686503,2055,6455,426,624,59,3521,16,1259,44,16
"501","2020-05-02",257,6,119,689,3949,0.781463661686503,2055,6455,426,624,54,3575,9,1268,42,9
"502","2020-05-03",245,6,121,679,3949,0.781463661686503,2055,6455,426,624,67,3642,27,1295,54,27
"503","2020-05-04",242,6,105,665,3949,0.781463661686503,2055,6455,426,624,45,3687,25,1320,33,25
"504","2020-05-05",240,6,90,640,3949,0.781463661686503,2055,6455,426,624,79,3766,15,1335,62,15
"505","2020-05-06",238,6,117,625,3949,0.781463661686503,2055,6455,426,624,53,3819,28,1363,42,28
"506","2020-05-07",240,6,142,611,3949,0.781463661686503,2055,6455,426,624,55,3874,33,1396,41,33
"507","2020-05-08",233,6,161,573,3949,0.781463661686503,2055,6455,426,624,43,3917,28,1424,34,28
"508","2020-05-09",224,6,157,568,3949,0.781463661686503,2055,6455,426,624,49,3966,35,1459,38,35
"509","2020-05-10",203,6,148,553,3949,0.781463661686503,2055,6455,426,624,40,4006,25,1484,28,25
"510","2020-05-11",185,6,122,534,3949,0.781463661686503,2055,6455,426,624,58,4064,9,1493,51,9
"511","2020-05-12",166,6,112,537,3949,0.781463661686503,2055,6455,426,624,43,4107,26,1519,28,26
"512","2020-05-13",168,6,125,527,3949,0.781463661686503,2055,6455,426,624,30,4137,12,1531,27,12
"513","2020-05-14",165,6,133,492,3949,0.781463661686503,2055,6455,426,624,36,4173,15,1546,29,15
"514","2020-05-15",168,6,149,483,3949,0.781463661686503,2055,6455,426,624,28,4201,12,1558,20,12
"515","2020-05-16",173,6,155,467,3949,0.781463661686503,2055,6455,426,624,35,4236,29,1587,20,29
"516","2020-05-17",178,6,163,438,3949,0.781463661686503,2055,6455,426,624,24,4260,23,1610,21,23
"517","2020-05-18",165,6,156,425,3949,0.781463661686503,2055,6455,426,624,38,4298,14,1624,30,14
"518","2020-05-19",162,6,148,407,3949,0.781463661686503,2055,6455,426,624,35,4333,13,1637,22,13
"519","2020-05-20",152,6,131,372,3949,0.781463661686503,2055,6455,426,624,27,4360,8,1645,19,8
"520","2020-05-21",146,6,134,357,3949,0.781463661686503,2055,6455,426,624,27,4387,12,1657,21,12
"521","2020-05-22",146,6,138,359,3949,0.781463661686503,2055,6455,426,624,21,4408,2,1659,14,2
"522","2020-05-23",138,6,127,354,3949,0.781463661686503,2055,6455,426,624,23,4431,7,1666,16,7
"523","2020-05-24",111,6,128,341,3949,0.781463661686503,2055,6455,426,624,27,4458,17,1683,21,17
"524","2020-05-25",108,6,135,329,3949,0.781463661686503,2055,6455,426,624,25,4483,12,1695,17,12
"525","2020-05-26",107,6,130,331,3949,0.781463661686503,2055,6455,426,624,25,4508,11,1706,20,11
"526","2020-05-27",105,6,112,319,3949,0.781463661686503,2055,6455,426,624,21,4529,21,1727,16,21
"527","2020-05-28",104,6,104,310,3949,0.781463661686503,2055,6455,426,624,17,4546,22,1749,13,22
"528","2020-05-29",106,6,90,305,3949,0.781463661686503,2055,6455,426,624,17,4563,17,1766,14,17
"529","2020-05-30",102,6,92,295,3949,0.781463661686503,2055,6455,426,624,19,4582,19,1785,15,19
"530","2020-05-31",99,6,85,282,3949,0.781463661686503,2055,6455,426,624,14,4596,21,1806,7,21
"531","2020-06-01",101,6,81,280,3949,0.781463661686503,2055,6455,426,624,14,4610,23,1829,10,23
"532","2020-06-02",98,6,84,265,3949,0.781463661686503,2055,6455,426,624,15,4625,6,1835,11,6
"533","2020-06-03",93,6,67,267,3949,0.781463661686503,2055,6455,426,624,10,4635,12,1847,7,12
"534","2020-06-04",90,6,57,263,3949,0.781463661686503,2055,6455,426,624,21,4656,20,1867,19,20
"535","2020-06-05",82,6,54,249,3949,0.781463661686503,2055,6455,426,624,13,4669,24,1891,11,24
"536","2020-06-06",90,6,54,235,3949,0.781463661686503,2055,6455,426,624,8,4677,15,1906,7,15
"537","2020-06-07",84,6,51,225,3949,0.781463661686503,2055,6455,426,624,13,4690,16,1922,10,16
"538","2020-03-13",2,7,11,59,4022,0.477374440576827,1965,6381,446,345,14,27,28,59,5,28
"539","2020-03-14",14,7,19,93,4022,0.477374440576827,1965,6381,446,345,8,35,16,75,5,16
"540","2020-03-15",17,7,30,131,4022,0.477374440576827,1965,6381,446,345,15,50,20,95,10,20
"541","2020-03-16",15,7,50,177,4022,0.477374440576827,1965,6381,446,345,19,69,11,106,13,11
"542","2020-03-17",22,7,40,218,4022,0.477374440576827,1965,6381,446,345,18,87,8,114,11,8
"543","2020-03-18",29,7,36,242,4022,0.477374440576827,1965,6381,446,345,22,109,14,128,14,14
"544","2020-03-19",37,7,39,276,4022,0.477374440576827,1965,6381,446,345,28,137,11,139,21,11
"545","2020-03-20",58,7,36,311,4022,0.477374440576827,1965,6381,446,345,23,160,17,156,16,17
"546","2020-03-21",63,7,34,330,4022,0.477374440576827,1965,6381,446,345,29,189,6,162,22,6
"547","2020-03-22",95,7,33,357,4022,0.477374440576827,1965,6381,446,345,40,229,16,178,31,16
"548","2020-03-23",107,7,38,361,4022,0.477374440576827,1965,6381,446,345,31,260,10,188,27,10
"549","2020-03-24",106,7,48,381,4022,0.477374440576827,1965,6381,446,345,40,300,5,193,34,5
"550","2020-03-25",116,7,39,392,4022,0.477374440576827,1965,6381,446,345,31,331,7,200,25,7
"551","2020-03-26",130,7,37,416,4022,0.477374440576827,1965,6381,446,345,48,379,17,217,43,17
"552","2020-03-27",150,7,45,428,4022,0.477374440576827,1965,6381,446,345,45,424,22,239,38,22
"553","2020-03-28",164,7,48,427,4022,0.477374440576827,1965,6381,446,345,38,462,14,253,37,14
"554","2020-03-29",140,7,40,456,4022,0.477374440576827,1965,6381,446,345,59,521,14,267,51,14
"555","2020-03-30",138,7,40,442,4022,0.477374440576827,1965,6381,446,345,40,561,22,289,31,22
"556","2020-03-31",135,7,39,466,4022,0.477374440576827,1965,6381,446,345,46,607,27,316,39,27
"557","2020-04-01",136,7,38,480,4022,0.477374440576827,1965,6381,446,345,46,653,13,329,41,13
"558","2020-04-02",131,7,36,508,4022,0.477374440576827,1965,6381,446,345,73,726,17,346,64,17
"559","2020-04-03",154,7,50,535,4022,0.477374440576827,1965,6381,446,345,50,776,27,373,48,27
"560","2020-04-04",160,7,56,554,4022,0.477374440576827,1965,6381,446,345,69,845,20,393,64,20
"561","2020-04-05",170,7,59,582,4022,0.477374440576827,1965,6381,446,345,60,905,11,404,53,11
"562","2020-04-06",170,7,60,589,4022,0.477374440576827,1965,6381,446,345,75,980,19,423,68,19
"563","2020-04-07",169,7,60,596,4022,0.477374440576827,1965,6381,446,345,69,1049,42,465,65,42
"564","2020-04-08",175,7,57,584,4022,0.477374440576827,1965,6381,446,345,82,1131,37,502,75,37
"565","2020-04-09",172,7,64,597,4022,0.477374440576827,1965,6381,446,345,96,1227,47,549,89,47
"566","2020-04-10",169,7,63,602,4022,0.477374440576827,1965,6381,446,345,88,1315,18,567,82,18
"567","2020-04-11",180,7,57,615,4022,0.477374440576827,1965,6381,446,345,84,1399,15,582,72,15
"568","2020-04-12",178,7,59,609,4022,0.477374440576827,1965,6381,446,345,97,1496,11,593,89,11
"569","2020-04-13",182,7,65,617,4022,0.477374440576827,1965,6381,446,345,89,1585,34,627,84,34
"570","2020-04-14",196,7,65,626,4022,0.477374440576827,1965,6381,446,345,83,1668,20,647,74,20
"571","2020-04-15",194,7,79,640,4022,0.477374440576827,1965,6381,446,345,98,1766,14,661,91,14
"572","2020-04-16",202,7,81,664,4022,0.477374440576827,1965,6381,446,345,91,1857,34,695,78,34
"573","2020-04-17",238,7,77,695,4022,0.477374440576827,1965,6381,446,345,89,1946,19,714,84,19
"574","2020-04-18",249,7,79,706,4022,0.477374440576827,1965,6381,446,345,96,2042,18,732,86,18
"575","2020-04-19",232,7,84,713,4022,0.477374440576827,1965,6381,446,345,75,2117,34,766,65,34
"576","2020-04-20",229,7,87,734,4022,0.477374440576827,1965,6381,446,345,117,2234,26,792,109,26
"577","2020-04-21",221,7,80,757,4022,0.477374440576827,1965,6381,446,345,87,2321,34,826,78,34
"578","2020-04-22",235,7,77,744,4022,0.477374440576827,1965,6381,446,345,103,2424,24,850,93,24
"579","2020-04-23",239,7,77,744,4022,0.477374440576827,1965,6381,446,345,94,2518,32,882,87,32
"580","2020-04-24",249,7,66,734,4022,0.477374440576827,1965,6381,446,345,84,2602,21,903,76,21
"581","2020-04-25",255,7,72,721,4022,0.477374440576827,1965,6381,446,345,100,2702,8,911,96,8
"582","2020-04-26",252,7,75,697,4022,0.477374440576827,1965,6381,446,345,120,2822,9,920,114,9
"583","2020-04-27",248,7,79,683,4022,0.477374440576827,1965,6381,446,345,90,2912,29,949,85,29
"584","2020-04-28",246,7,66,666,4022,0.477374440576827,1965,6381,446,345,99,3011,20,969,93,20
"585","2020-04-29",230,7,65,662,4022,0.477374440576827,1965,6381,446,345,91,3102,10,979,83,10
"586","2020-04-30",225,7,55,629,4022,0.477374440576827,1965,6381,446,345,89,3191,12,991,83,12
"587","2020-05-01",226,7,59,627,4022,0.477374440576827,1965,6381,446,345,114,3305,39,1030,104,39
"588","2020-05-02",232,7,77,622,4022,0.477374440576827,1965,6381,446,345,113,3418,21,1051,108,21
"589","2020-05-03",211,7,79,603,4022,0.477374440576827,1965,6381,446,345,82,3500,18,1069,74,18
"590","2020-05-04",197,7,97,602,4022,0.477374440576827,1965,6381,446,345,103,3603,7,1076,99,7
"591","2020-05-05",196,7,108,597,4022,0.477374440576827,1965,6381,446,345,74,3677,7,1083,69,7
"592","2020-05-06",192,7,94,576,4022,0.477374440576827,1965,6381,446,345,72,3749,7,1090,65,7
"593","2020-05-07",195,7,81,567,4022,0.477374440576827,1965,6381,446,345,63,3812,7,1097,60,7
"594","2020-05-08",197,7,74,552,4022,0.477374440576827,1965,6381,446,345,92,3904,5,1102,87,5
"595","2020-05-09",170,7,70,548,4022,0.477374440576827,1965,6381,446,345,68,3972,27,1129,62,27
"596","2020-05-10",173,7,65,553,4022,0.477374440576827,1965,6381,446,345,64,4036,20,1149,62,20
"597","2020-05-11",182,7,65,555,4022,0.477374440576827,1965,6381,446,345,55,4091,8,1157,54,8
"598","2020-05-12",184,7,76,548,4022,0.477374440576827,1965,6381,446,345,77,4168,8,1165,76,8
"599","2020-05-13",182,7,68,551,4022,0.477374440576827,1965,6381,446,345,67,4235,20,1185,65,20
"600","2020-05-14",177,7,74,518,4022,0.477374440576827,1965,6381,446,345,52,4287,15,1200,49,15
"601","2020-05-15",187,7,73,511,4022,0.477374440576827,1965,6381,446,345,52,4339,10,1210,48,10
"602","2020-05-16",200,7,82,501,4022,0.477374440576827,1965,6381,446,345,44,4383,6,1216,39,6
"603","2020-05-17",190,7,88,470,4022,0.477374440576827,1965,6381,446,345,33,4416,7,1223,30,7
"604","2020-05-18",176,7,85,451,4022,0.477374440576827,1965,6381,446,345,38,4454,8,1231,35,8
"605","2020-05-19",157,7,77,435,4022,0.477374440576827,1965,6381,446,345,31,4485,10,1241,29,10
"606","2020-05-20",155,7,64,423,4022,0.477374440576827,1965,6381,446,345,42,4527,27,1268,39,27
"607","2020-05-21",148,7,72,413,4022,0.477374440576827,1965,6381,446,345,25,4552,32,1300,20,32
"608","2020-05-22",143,7,73,403,4022,0.477374440576827,1965,6381,446,345,30,4582,22,1322,26,22
"609","2020-05-23",137,7,71,389,4022,0.477374440576827,1965,6381,446,345,21,4603,31,1353,19,31
"610","2020-05-24",131,7,69,363,4022,0.477374440576827,1965,6381,446,345,24,4627,21,1374,24,21
"611","2020-05-25",129,7,67,342,4022,0.477374440576827,1965,6381,446,345,13,4640,20,1394,12,20
"612","2020-05-26",119,7,67,335,4022,0.477374440576827,1965,6381,446,345,14,4654,34,1428,12,34
"613","2020-05-27",114,7,66,311,4022,0.477374440576827,1965,6381,446,345,20,4674,20,1448,18,20
"614","2020-05-28",116,7,63,296,4022,0.477374440576827,1965,6381,446,345,11,4685,9,1457,10,9
"615","2020-05-29",107,7,62,289,4022,0.477374440576827,1965,6381,446,345,12,4697,7,1464,10,7
"616","2020-05-30",103,7,59,279,4022,0.477374440576827,1965,6381,446,345,11,4708,18,1482,9,18
"617","2020-05-31",96,7,55,257,4022,0.477374440576827,1965,6381,446,345,15,4723,10,1492,13,10
"618","2020-06-01",91,7,50,253,4022,0.477374440576827,1965,6381,446,345,17,4740,10,1502,13,10
"619","2020-06-02",83,7,49,257,4022,0.477374440576827,1965,6381,446,345,10,4750,24,1526,8,24
"620","2020-06-03",84,7,48,229,4022,0.477374440576827,1965,6381,446,345,8,4758,13,1539,6,13
"621","2020-06-04",80,7,46,203,4022,0.477374440576827,1965,6381,446,345,12,4770,8,1547,11,8
"622","2020-06-05",86,7,41,201,4022,0.477374440576827,1965,6381,446,345,8,4778,20,1567,8,20
"623","2020-06-06",90,7,35,194,4022,0.477374440576827,1965,6381,446,345,6,4784,13,1580,3,13
"624","2020-06-07",79,7,39,187,4022,0.477374440576827,1965,6381,446,345,12,4796,10,1590,10,10
"625","2020-03-14",5,8,58,83,4581,0.700502073783017,1965,7030,488,718,13,47,9,47,2,9
"626","2020-03-15",9,8,63,108,4581,0.700502073783017,1965,7030,488,718,17,64,12,59,4,12
"627","2020-03-16",8,8,69,143,4581,0.700502073783017,1965,7030,488,718,17,81,6,65,4,6
"628","2020-03-17",9,8,85,163,4581,0.700502073783017,1965,7030,488,718,30,111,3,68,15,3
"629","2020-03-18",16,8,76,188,4581,0.700502073783017,1965,7030,488,718,24,135,1,69,12,1
"630","2020-03-19",24,8,75,220,4581,0.700502073783017,1965,7030,488,718,24,159,8,77,10,8
"631","2020-03-20",32,8,93,240,4581,0.700502073783017,1965,7030,488,718,18,177,6,83,5,6
"632","2020-03-21",51,8,85,271,4581,0.700502073783017,1965,7030,488,718,24,201,7,90,16,7
"633","2020-03-22",75,8,94,298,4581,0.700502073783017,1965,7030,488,718,40,241,5,95,24,5
"634","2020-03-23",74,8,85,327,4581,0.700502073783017,1965,7030,488,718,32,273,7,102,15,7
"635","2020-03-24",83,8,97,374,4581,0.700502073783017,1965,7030,488,718,23,296,3,105,13,3
"636","2020-03-25",84,8,108,388,4581,0.700502073783017,1965,7030,488,718,33,329,4,109,23,4
"637","2020-03-26",87,8,108,407,4581,0.700502073783017,1965,7030,488,718,37,366,1,110,23,1
"638","2020-03-27",130,8,107,434,4581,0.700502073783017,1965,7030,488,718,40,406,NA,NA,25,NA
"639","2020-03-28",145,8,124,468,4581,0.700502073783017,1965,7030,488,718,29,435,2,112,17,2
"640","2020-03-29",142,8,130,502,4581,0.700502073783017,1965,7030,488,718,37,472,11,123,25,11
"641","2020-03-30",151,8,131,526,4581,0.700502073783017,1965,7030,488,718,49,521,11,134,35,11
"642","2020-03-31",152,8,141,553,4581,0.700502073783017,1965,7030,488,718,34,555,9,143,19,9
"643","2020-04-01",163,8,152,567,4581,0.700502073783017,1965,7030,488,718,38,593,23,166,25,23
"644","2020-04-02",186,8,181,609,4581,0.700502073783017,1965,7030,488,718,37,630,12,178,21,12
"645","2020-04-03",189,8,201,646,4581,0.700502073783017,1965,7030,488,718,49,679,25,203,31,25
"646","2020-04-04",226,8,195,689,4581,0.700502073783017,1965,7030,488,718,45,724,21,224,30,21
"647","2020-04-05",213,8,199,725,4581,0.700502073783017,1965,7030,488,718,61,785,21,245,44,21
"648","2020-04-06",210,8,200,737,4581,0.700502073783017,1965,7030,488,718,41,826,19,264,32,19
"649","2020-04-07",225,8,217,752,4581,0.700502073783017,1965,7030,488,718,51,877,21,285,38,21
"650","2020-04-08",226,8,217,770,4581,0.700502073783017,1965,7030,488,718,46,923,16,301,33,16
"651","2020-04-09",222,8,217,780,4581,0.700502073783017,1965,7030,488,718,42,965,18,319,30,18
"652","2020-04-10",271,8,252,806,4581,0.700502073783017,1965,7030,488,718,46,1011,21,340,27,21
"653","2020-04-11",269,8,252,799,4581,0.700502073783017,1965,7030,488,718,43,1054,21,361,34,21
"654","2020-04-12",254,8,263,816,4581,0.700502073783017,1965,7030,488,718,60,1114,11,372,44,11
"655","2020-04-13",251,8,278,840,4581,0.700502073783017,1965,7030,488,718,52,1166,16,388,35,16
"656","2020-04-14",250,8,276,884,4581,0.700502073783017,1965,7030,488,718,53,1219,15,403,36,15
"657","2020-04-15",260,8,278,892,4581,0.700502073783017,1965,7030,488,718,51,1270,22,425,35,22
"658","2020-04-16",261,8,256,919,4581,0.700502073783017,1965,7030,488,718,62,1332,12,437,42,12
"659","2020-04-17",287,8,240,912,4581,0.700502073783017,1965,7030,488,718,51,1383,15,452,32,15
"660","2020-04-18",279,8,220,953,4581,0.700502073783017,1965,7030,488,718,62,1445,23,475,44,23
"661","2020-04-19",280,8,225,963,4581,0.700502073783017,1965,7030,488,718,51,1496,23,498,35,23
"662","2020-04-20",282,8,206,980,4581,0.700502073783017,1965,7030,488,718,53,1549,14,512,36,14
"663","2020-04-21",280,8,224,943,4581,0.700502073783017,1965,7030,488,718,49,1598,7,519,26,7
"664","2020-04-22",289,8,218,930,4581,0.700502073783017,1965,7030,488,718,62,1660,12,531,44,12
"665","2020-04-23",293,8,214,917,4581,0.700502073783017,1965,7030,488,718,48,1708,13,544,39,13
"666","2020-04-24",307,8,224,911,4581,0.700502073783017,1965,7030,488,718,46,1754,10,554,29,10
"667","2020-04-25",328,8,214,888,4581,0.700502073783017,1965,7030,488,718,65,1819,12,566,53,12
"668","2020-04-26",323,8,226,902,4581,0.700502073783017,1965,7030,488,718,50,1869,11,577,36,11
"669","2020-04-27",332,8,216,882,4581,0.700502073783017,1965,7030,488,718,38,1907,12,589,19,12
"670","2020-04-28",316,8,224,862,4581,0.700502073783017,1965,7030,488,718,52,1959,21,610,32,21
"671","2020-04-29",302,8,214,847,4581,0.700502073783017,1965,7030,488,718,36,1995,10,620,20,10
"672","2020-04-30",297,8,236,843,4581,0.700502073783017,1965,7030,488,718,54,2049,9,629,36,9
"673","2020-05-01",304,8,236,813,4581,0.700502073783017,1965,7030,488,718,45,2094,8,637,27,8
"674","2020-05-02",278,8,265,793,4581,0.700502073783017,1965,7030,488,718,40,2134,20,657,26,20
"675","2020-05-03",257,8,284,741,4581,0.700502073783017,1965,7030,488,718,47,2181,16,673,29,16
"676","2020-05-04",234,8,282,736,4581,0.700502073783017,1965,7030,488,718,40,2221,10,683,28,10
"677","2020-05-05",223,8,253,707,4581,0.700502073783017,1965,7030,488,718,34,2255,27,710,24,27
"678","2020-05-06",225,8,238,681,4581,0.700502073783017,1965,7030,488,718,50,2305,23,733,34,23
"679","2020-05-07",222,8,219,664,4581,0.700502073783017,1965,7030,488,718,41,2346,17,750,31,17
"680","2020-05-08",215,8,240,634,4581,0.700502073783017,1965,7030,488,718,41,2387,7,757,27,7
"681","2020-05-09",218,8,232,609,4581,0.700502073783017,1965,7030,488,718,38,2425,9,766,28,9
"682","2020-05-10",212,8,235,589,4581,0.700502073783017,1965,7030,488,718,44,2469,7,773,30,7
"683","2020-05-11",212,8,243,581,4581,0.700502073783017,1965,7030,488,718,33,2502,17,790,25,17
"684","2020-05-12",212,8,216,554,4581,0.700502073783017,1965,7030,488,718,32,2534,17,807,21,17
"685","2020-05-13",202,8,197,542,4581,0.700502073783017,1965,7030,488,718,23,2557,21,828,11,21
"686","2020-05-14",194,8,200,510,4581,0.700502073783017,1965,7030,488,718,36,2593,7,835,14,7
"687","2020-05-15",181,8,195,493,4581,0.700502073783017,1965,7030,488,718,38,2631,11,846,27,11
"688","2020-05-16",181,8,187,471,4581,0.700502073783017,1965,7030,488,718,30,2661,17,863,17,17
"689","2020-05-17",168,8,205,444,4581,0.700502073783017,1965,7030,488,718,48,2709,16,879,34,16
"690","2020-05-18",166,8,205,424,4581,0.700502073783017,1965,7030,488,718,32,2741,11,890,18,11
"691","2020-05-19",157,8,193,410,4581,0.700502073783017,1965,7030,488,718,35,2776,5,895,24,5
"692","2020-05-20",153,8,200,401,4581,0.700502073783017,1965,7030,488,718,25,2801,8,903,17,8
"693","2020-05-21",150,8,200,380,4581,0.700502073783017,1965,7030,488,718,31,2832,10,913,20,10
"694","2020-05-22",154,8,216,360,4581,0.700502073783017,1965,7030,488,718,43,2875,16,929,29,16
"695","2020-05-23",145,8,206,354,4581,0.700502073783017,1965,7030,488,718,28,2903,8,937,19,8
"696","2020-05-24",127,8,219,339,4581,0.700502073783017,1965,7030,488,718,36,2939,13,950,24,13
"697","2020-05-25",109,8,227,325,4581,0.700502073783017,1965,7030,488,718,32,2971,28,978,26,28
"698","2020-05-26",110,8,223,310,4581,0.700502073783017,1965,7030,488,718,27,2998,12,990,21,12
"699","2020-05-27",105,8,216,296,4581,0.700502073783017,1965,7030,488,718,25,3023,17,1007,18,17
"700","2020-05-28",99,8,209,288,4581,0.700502073783017,1965,7030,488,718,25,3048,18,1025,16,18
"701","2020-05-29",89,8,196,282,4581,0.700502073783017,1965,7030,488,718,16,3064,15,1040,10,15
"702","2020-05-30",93,8,212,269,4581,0.700502073783017,1965,7030,488,718,22,3086,14,1054,16,14
"703","2020-05-31",104,8,212,250,4581,0.700502073783017,1965,7030,488,718,27,3113,15,1069,18,15
"704","2020-06-01",100,8,197,242,4581,0.700502073783017,1965,7030,488,718,21,3134,16,1085,12,16
"705","2020-06-02",93,8,190,223,4581,0.700502073783017,1965,7030,488,718,24,3158,4,1089,16,4
"706","2020-06-03",95,8,195,212,4581,0.700502073783017,1965,7030,488,718,21,3179,12,1101,14,12
"707","2020-06-04",99,8,208,207,4581,0.700502073783017,1965,7030,488,718,13,3192,14,1115,9,14
"708","2020-06-05",108,8,219,196,4581,0.700502073783017,1965,7030,488,718,20,3212,11,1126,17,11
"709","2020-06-06",101,8,202,183,4581,0.700502073783017,1965,7030,488,718,10,3222,11,1137,9,11
"710","2020-06-07",73,8,212,174,4581,0.700502073783017,1965,7030,488,718,17,3239,10,1147,10,10
"711","2020-03-07",1,9,0,0,5623,0.9605192957496,2025,6894,718,545,NA,NA,NA,NA,NA,NA
"712","2020-03-08",1,9,0,0,5623,0.9605192957496,2025,6894,718,545,NA,NA,NA,NA,NA,NA
"713","2020-03-09",0,9,0,0,5623,0.9605192957496,2025,6894,718,545,NA,NA,NA,NA,NA,NA
"714","2020-03-10",0,9,0,0,5623,0.9605192957496,2025,6894,718,545,NA,NA,1,1,NA,1
"715","2020-03-11",0,9,0,0,5623,0.9605192957496,2025,6894,718,545,3,3,5,6,1,5
"716","2020-03-12",0,9,0,0,5623,0.9605192957496,2025,6894,718,545,7,10,8,14,1,8
"717","2020-03-13",1,9,38,10,5623,0.9605192957496,2025,6894,718,545,1,11,4,18,NA,4
"718","2020-03-14",1,9,38,19,5623,0.9605192957496,2025,6894,718,545,8,19,6,24,3,6
"719","2020-03-15",0,9,0,0,5623,0.9605192957496,2025,6894,718,545,6,25,6,30,5,6
"720","2020-03-16",2,9,25,38,5623,0.9605192957496,2025,6894,718,545,5,30,5,35,2,5
"721","2020-03-17",3,9,25,46,5623,0.9605192957496,2025,6894,718,545,9,39,12,47,6,12
"722","2020-03-18",6,9,25,51,5623,0.9605192957496,2025,6894,718,545,8,47,15,62,5,15
"723","2020-03-19",9,9,18,67,5623,0.9605192957496,2025,6894,718,545,15,62,9,71,13,9
"724","2020-03-20",11,9,23,80,5623,0.9605192957496,2025,6894,718,545,15,77,12,83,10,12
"725","2020-03-21",13,9,17,87,5623,0.9605192957496,2025,6894,718,545,13,90,7,90,11,7
"726","2020-03-22",25,9,16,100,5623,0.9605192957496,2025,6894,718,545,18,108,7,97,17,7
"727","2020-03-23",25,9,34,108,5623,0.9605192957496,2025,6894,718,545,17,125,8,105,16,8
"728","2020-03-24",27,9,45,126,5623,0.9605192957496,2025,6894,718,545,25,150,13,118,21,13
"729","2020-03-25",29,9,47,139,5623,0.9605192957496,2025,6894,718,545,38,188,7,125,32,7
"730","2020-03-26",26,9,68,147,5623,0.9605192957496,2025,6894,718,545,37,225,6,131,34,6
"731","2020-03-27",31,9,88,167,5623,0.9605192957496,2025,6894,718,545,29,254,7,138,27,7
"732","2020-03-28",50,9,96,193,5623,0.9605192957496,2025,6894,718,545,39,293,23,161,36,23
"733","2020-03-29",48,9,98,226,5623,0.9605192957496,2025,6894,718,545,52,345,9,170,47,9
"734","2020-03-30",45,9,88,260,5623,0.9605192957496,2025,6894,718,545,56,401,3,173,53,3
"735","2020-03-31",46,9,83,293,5623,0.9605192957496,2025,6894,718,545,47,448,7,180,44,7
"736","2020-04-01",50,9,89,338,5623,0.9605192957496,2025,6894,718,545,53,501,7,187,51,7
"737","2020-04-02",60,9,91,386,5623,0.9605192957496,2025,6894,718,545,55,556,28,215,52,28
"738","2020-04-03",87,9,85,438,5623,0.9605192957496,2025,6894,718,545,75,631,19,234,70,19
"739","2020-04-04",97,9,103,482,5623,0.9605192957496,2025,6894,718,545,43,674,13,247,41,13
"740","2020-04-05",117,9,98,541,5623,0.9605192957496,2025,6894,718,545,78,752,9,256,75,9
"741","2020-04-06",129,9,86,599,5623,0.9605192957496,2025,6894,718,545,73,825,26,282,67,26
"742","2020-04-07",146,9,86,655,5623,0.9605192957496,2025,6894,718,545,58,883,22,304,55,22
"743","2020-04-08",159,9,80,738,5623,0.9605192957496,2025,6894,718,545,68,951,14,318,67,14
"744","2020-04-09",171,9,77,800,5623,0.9605192957496,2025,6894,718,545,100,1051,24,342,98,24
"745","2020-04-10",235,9,65,875,5623,0.9605192957496,2025,6894,718,545,96,1147,14,356,91,14
"746","2020-04-11",290,9,63,924,5623,0.9605192957496,2025,6894,718,545,86,1233,11,367,81,11
"747","2020-04-12",265,9,58,1010,5623,0.9605192957496,2025,6894,718,545,89,1322,8,375,88,8
"748","2020-04-13",270,9,76,1054,5623,0.9605192957496,2025,6894,718,545,114,1436,10,385,112,10
"749","2020-04-14",280,9,104,1134,5623,0.9605192957496,2025,6894,718,545,135,1571,5,390,131,5
"750","2020-04-15",314,9,123,1209,5623,0.9605192957496,2025,6894,718,545,107,1678,7,397,102,7
"751","2020-04-16",339,9,133,1252,5623,0.9605192957496,2025,6894,718,545,111,1789,18,415,108,18
"752","2020-04-17",412,9,133,1344,5623,0.9605192957496,2025,6894,718,545,116,1905,46,461,114,46
"753","2020-04-18",395,9,144,1397,5623,0.9605192957496,2025,6894,718,545,119,2024,56,517,114,56
"754","2020-04-19",441,9,148,1440,5623,0.9605192957496,2025,6894,718,545,151,2175,39,556,145,39
"755","2020-04-20",454,9,143,1485,5623,0.9605192957496,2025,6894,718,545,161,2336,25,581,157,25
"756","2020-04-21",458,9,157,1517,5623,0.9605192957496,2025,6894,718,545,120,2456,20,601,115,20
"757","2020-04-22",455,9,151,1552,5623,0.9605192957496,2025,6894,718,545,129,2585,9,610,125,9
"758","2020-04-23",467,9,143,1563,5623,0.9605192957496,2025,6894,718,545,130,2715,5,615,127,5
"759","2020-04-24",538,9,124,1642,5623,0.9605192957496,2025,6894,718,545,122,2837,13,628,119,13
"760","2020-04-25",560,9,117,1641,5623,0.9605192957496,2025,6894,718,545,150,2987,32,660,150,32
"761","2020-04-26",522,9,127,1621,5623,0.9605192957496,2025,6894,718,545,133,3120,20,680,132,20
"762","2020-04-27",525,9,142,1597,5623,0.9605192957496,2025,6894,718,545,121,3241,16,696,121,16
"763","2020-04-28",507,9,133,1591,5623,0.9605192957496,2025,6894,718,545,144,3385,28,724,143,28
"764","2020-04-29",518,9,126,1602,5623,0.9605192957496,2025,6894,718,545,109,3494,34,758,105,34
"765","2020-04-30",512,9,107,1561,5623,0.9605192957496,2025,6894,718,545,96,3590,53,811,92,53
"766","2020-05-01",569,9,91,1497,5623,0.9605192957496,2025,6894,718,545,106,3696,53,864,104,53
"767","2020-05-02",589,9,85,1447,5623,0.9605192957496,2025,6894,718,545,116,3812,36,900,111,36
"768","2020-05-03",555,9,81,1418,5623,0.9605192957496,2025,6894,718,545,87,3899,39,939,86,39
"769","2020-05-04",530,9,78,1342,5623,0.9605192957496,2025,6894,718,545,91,3990,30,969,89,30
"770","2020-05-05",523,9,72,1282,5623,0.9605192957496,2025,6894,718,545,83,4073,22,991,81,22
"771","2020-05-06",498,9,99,1238,5623,0.9605192957496,2025,6894,718,545,83,4156,20,1011,81,20
"772","2020-05-07",502,9,95,1144,5623,0.9605192957496,2025,6894,718,545,73,4229,15,1026,67,15
"773","2020-05-08",441,9,92,1096,5623,0.9605192957496,2025,6894,718,545,68,4297,13,1039,64,13
"774","2020-05-09",415,9,102,1031,5623,0.9605192957496,2025,6894,718,545,66,4363,10,1049,62,10
"775","2020-05-10",383,9,109,966,5623,0.9605192957496,2025,6894,718,545,69,4432,6,1055,68,6
"776","2020-05-11",379,9,127,912,5623,0.9605192957496,2025,6894,718,545,50,4482,4,1059,49,4
"777","2020-05-12",360,9,135,846,5623,0.9605192957496,2025,6894,718,545,46,4528,31,1090,45,31
"778","2020-05-13",348,9,139,793,5623,0.9605192957496,2025,6894,718,545,62,4590,20,1110,62,20
"779","2020-05-14",321,9,131,724,5623,0.9605192957496,2025,6894,718,545,48,4638,42,1152,48,42
"780","2020-05-15",297,9,125,683,5623,0.9605192957496,2025,6894,718,545,60,4698,16,1168,60,16
"781","2020-05-16",297,9,146,637,5623,0.9605192957496,2025,6894,718,545,50,4748,22,1190,49,22
"782","2020-05-17",255,9,156,611,5623,0.9605192957496,2025,6894,718,545,37,4785,10,1200,37,10
"783","2020-05-18",236,9,151,582,5623,0.9605192957496,2025,6894,718,545,35,4820,36,1236,31,36
"784","2020-05-19",231,9,149,551,5623,0.9605192957496,2025,6894,718,545,43,4863,25,1261,42,25
"785","2020-05-20",232,9,152,508,5623,0.9605192957496,2025,6894,718,545,22,4885,33,1294,22,33
"786","2020-05-21",232,9,141,473,5623,0.9605192957496,2025,6894,718,545,26,4911,20,1314,24,20
"787","2020-05-22",216,9,118,434,5623,0.9605192957496,2025,6894,718,545,31,4942,22,1336,29,22
"788","2020-05-23",193,9,106,399,5623,0.9605192957496,2025,6894,718,545,28,4970,14,1350,27,14
"789","2020-05-24",181,9,100,363,5623,0.9605192957496,2025,6894,718,545,19,4989,26,1376,18,26
"790","2020-05-25",172,9,98,330,5623,0.9605192957496,2025,6894,718,545,23,5012,29,1405,22,29
"791","2020-05-26",162,9,87,308,5623,0.9605192957496,2025,6894,718,545,22,5034,22,1427,22,22
"792","2020-05-27",146,9,95,276,5623,0.9605192957496,2025,6894,718,545,17,5051,11,1438,16,11
"793","2020-05-28",121,9,100,252,5623,0.9605192957496,2025,6894,718,545,18,5069,8,1446,17,8
"794","2020-05-29",106,9,98,223,5623,0.9605192957496,2025,6894,718,545,19,5088,5,1451,19,5
"795","2020-05-30",94,9,93,200,5623,0.9605192957496,2025,6894,718,545,10,5098,2,1453,10,2
"796","2020-05-31",83,9,106,170,5623,0.9605192957496,2025,6894,718,545,11,5109,1,1454,10,1
"797","2020-06-01",74,9,103,142,5623,0.9605192957496,2025,6894,718,545,7,5116,22,1476,7,22
"798","2020-06-02",67,9,109,132,5623,0.9605192957496,2025,6894,718,545,6,5122,21,1497,4,21
"799","2020-06-03",60,9,103,124,5623,0.9605192957496,2025,6894,718,545,13,5135,20,1517,12,20
"800","2020-06-04",58,9,110,116,5623,0.9605192957496,2025,6894,718,545,5,5140,26,1543,5,26
"801","2020-06-05",47,9,99,105,5623,0.9605192957496,2025,6894,718,545,5,5145,11,1554,5,11
"802","2020-06-06",43,9,89,106,5623,0.9605192957496,2025,6894,718,545,4,5149,2,1556,4,2
"803","2020-06-07",39,9,74,96,5623,0.9605192957496,2025,6894,718,545,5,5154,6,1562,3,6
"804","2020-03-14",1,10,45,19,5471,0.936757448364102,2070,7078,587,567,18,44,6,23,4,6
"805","2020-03-15",1,10,45,29,5471,0.936757448364102,2070,7078,587,567,26,70,8,31,11,8
"806","2020-03-16",1,10,47,39,5471,0.936757448364102,2070,7078,587,567,10,80,3,34,6,3
"807","2020-03-17",3,10,59,53,5471,0.936757448364102,2070,7078,587,567,28,108,3,37,17,3
"808","2020-03-18",4,10,64,63,5471,0.936757448364102,2070,7078,587,567,17,125,9,46,7,9
"809","2020-03-19",7,10,69,74,5471,0.936757448364102,2070,7078,587,567,25,150,18,64,15,18
"810","2020-03-20",13,10,63,88,5471,0.936757448364102,2070,7078,587,567,31,181,12,76,23,12
"811","2020-03-21",17,10,60,98,5471,0.936757448364102,2070,7078,587,567,37,218,3,79,25,3
"812","2020-03-22",18,10,60,120,5471,0.936757448364102,2070,7078,587,567,39,257,2,81,31,2
"813","2020-03-23",19,10,57,140,5471,0.936757448364102,2070,7078,587,567,34,291,5,86,25,5
"814","2020-03-24",20,10,49,155,5471,0.936757448364102,2070,7078,587,567,49,340,11,97,38,11
"815","2020-03-25",24,10,42,176,5471,0.936757448364102,2070,7078,587,567,37,377,10,107,32,10
"816","2020-03-26",26,10,37,197,5471,0.936757448364102,2070,7078,587,567,42,419,8,115,32,8
"817","2020-03-27",36,10,31,238,5471,0.936757448364102,2070,7078,587,567,49,468,6,121,40,6
"818","2020-03-28",56,10,35,277,5471,0.936757448364102,2070,7078,587,567,47,515,7,128,38,7
"819","2020-03-29",70,10,41,302,5471,0.936757448364102,2070,7078,587,567,74,589,5,133,58,5
"820","2020-03-30",77,10,47,322,5471,0.936757448364102,2070,7078,587,567,70,659,8,141,55,8
"821","2020-03-31",86,10,44,360,5471,0.936757448364102,2070,7078,587,567,61,720,20,161,52,20
"822","2020-04-01",101,10,59,402,5471,0.936757448364102,2070,7078,587,567,78,798,13,174,67,13
"823","2020-04-02",114,10,67,436,5471,0.936757448364102,2070,7078,587,567,97,895,5,179,88,5
"824","2020-04-03",136,10,64,455,5471,0.936757448364102,2070,7078,587,567,55,950,5,184,46,5
"825","2020-04-04",135,10,55,498,5471,0.936757448364102,2070,7078,587,567,84,1034,7,191,75,7
"826","2020-04-05",151,10,55,546,5471,0.936757448364102,2070,7078,587,567,80,1114,5,196,68,5
"827","2020-04-06",147,10,74,585,5471,0.936757448364102,2070,7078,587,567,83,1197,12,208,71,12
"828","2020-04-07",144,10,112,635,5471,0.936757448364102,2070,7078,587,567,103,1300,9,217,84,9
"829","2020-04-08",149,10,127,684,5471,0.936757448364102,2070,7078,587,567,94,1394,7,224,81,7
"830","2020-04-09",151,10,143,761,5471,0.936757448364102,2070,7078,587,567,87,1481,20,244,70,20
"831","2020-04-10",188,10,144,809,5471,0.936757448364102,2070,7078,587,567,99,1580,7,251,87,7
"832","2020-04-11",215,10,155,883,5471,0.936757448364102,2070,7078,587,567,102,1682,3,254,86,3
"833","2020-04-12",271,10,148,955,5471,0.936757448364102,2070,7078,587,567,114,1796,17,271,97,17
"834","2020-04-13",286,10,157,1029,5471,0.936757448364102,2070,7078,587,567,84,1880,23,294,70,23
"835","2020-04-14",273,10,149,1095,5471,0.936757448364102,2070,7078,587,567,109,1989,15,309,91,15
"836","2020-04-15",282,10,130,1188,5471,0.936757448364102,2070,7078,587,567,91,2080,23,332,78,23
"837","2020-04-16",309,10,121,1268,5471,0.936757448364102,2070,7078,587,567,110,2190,17,349,101,17
"838","2020-04-17",398,10,106,1317,5471,0.936757448364102,2070,7078,587,567,120,2310,22,371,106,22
"839","2020-04-18",423,10,99,1396,5471,0.936757448364102,2070,7078,587,567,113,2423,15,386,101,15
"840","2020-04-19",400,10,106,1459,5471,0.936757448364102,2070,7078,587,567,83,2506,18,404,68,18
"841","2020-04-20",409,10,102,1492,5471,0.936757448364102,2070,7078,587,567,105,2611,24,428,93,24
"842","2020-04-21",422,10,101,1547,5471,0.936757448364102,2070,7078,587,567,115,2726,31,459,95,31
"843","2020-04-22",444,10,87,1568,5471,0.936757448364102,2070,7078,587,567,115,2841,29,488,105,29
"844","2020-04-23",451,10,89,1563,5471,0.936757448364102,2070,7078,587,567,76,2917,29,517,66,29
"845","2020-04-24",544,10,93,1562,5471,0.936757448364102,2070,7078,587,567,101,3018,20,537,95,20
"846","2020-04-25",572,10,112,1583,5471,0.936757448364102,2070,7078,587,567,88,3106,21,558,73,21
"847","2020-04-26",534,10,110,1569,5471,0.936757448364102,2070,7078,587,567,83,3189,25,583,73,25
"848","2020-04-27",538,10,120,1524,5471,0.936757448364102,2070,7078,587,567,91,3280,17,600,85,17
"849","2020-04-28",542,10,130,1494,5471,0.936757448364102,2070,7078,587,567,75,3355,28,628,65,28
"850","2020-04-29",546,10,126,1448,5471,0.936757448364102,2070,7078,587,567,90,3445,22,650,83,22
"851","2020-04-30",558,10,145,1405,5471,0.936757448364102,2070,7078,587,567,87,3532,19,669,77,19
"852","2020-05-01",544,10,165,1357,5471,0.936757448364102,2070,7078,587,567,61,3593,24,693,50,24
"853","2020-05-02",546,10,165,1339,5471,0.936757448364102,2070,7078,587,567,94,3687,31,724,85,31
"854","2020-05-03",506,10,164,1289,5471,0.936757448364102,2070,7078,587,567,84,3771,17,741,77,17
"855","2020-05-04",470,10,164,1212,5471,0.936757448364102,2070,7078,587,567,65,3836,25,766,57,25
"856","2020-05-05",447,10,159,1172,5471,0.936757448364102,2070,7078,587,567,69,3905,24,790,59,24
"857","2020-05-06",424,10,138,1122,5471,0.936757448364102,2070,7078,587,567,56,3961,18,808,42,18
"858","2020-05-07",396,10,122,1085,5471,0.936757448364102,2070,7078,587,567,53,4014,29,837,46,29
"859","2020-05-08",387,10,104,1003,5471,0.936757448364102,2070,7078,587,567,47,4061,28,865,37,28
"860","2020-05-09",357,10,100,974,5471,0.936757448364102,2070,7078,587,567,43,4104,25,890,36,25
"861","2020-05-10",326,10,116,908,5471,0.936757448364102,2070,7078,587,567,46,4150,20,910,35,20
"862","2020-05-11",322,10,136,853,5471,0.936757448364102,2070,7078,587,567,37,4187,19,929,30,19
"863","2020-05-12",307,10,127,817,5471,0.936757448364102,2070,7078,587,567,48,4235,13,942,41,13
"864","2020-05-13",300,10,118,774,5471,0.936757448364102,2070,7078,587,567,32,4267,15,957,23,15
"865","2020-05-14",295,10,141,713,5471,0.936757448364102,2070,7078,587,567,45,4312,28,985,39,28
"866","2020-05-15",262,10,147,663,5471,0.936757448364102,2070,7078,587,567,35,4347,20,1005,29,20
"867","2020-05-16",259,10,163,621,5471,0.936757448364102,2070,7078,587,567,25,4372,7,1012,21,7
"868","2020-05-17",243,10,172,572,5471,0.936757448364102,2070,7078,587,567,28,4400,7,1019,25,7
"869","2020-05-18",229,10,203,528,5471,0.936757448364102,2070,7078,587,567,20,4420,12,1031,14,12
"870","2020-05-19",213,10,199,483,5471,0.936757448364102,2070,7078,587,567,25,4445,6,1037,20,6
"871","2020-05-20",202,10,182,454,5471,0.936757448364102,2070,7078,587,567,28,4473,16,1053,19,16
"872","2020-05-21",185,10,178,413,5471,0.936757448364102,2070,7078,587,567,20,4493,23,1076,19,23
"873","2020-05-22",147,10,167,378,5471,0.936757448364102,2070,7078,587,567,23,4516,16,1092,19,16
"874","2020-05-23",126,10,156,332,5471,0.936757448364102,2070,7078,587,567,22,4538,15,1107,13,15
"875","2020-05-24",126,10,153,310,5471,0.936757448364102,2070,7078,587,567,15,4553,6,1113,12,6
"876","2020-05-25",127,10,154,280,5471,0.936757448364102,2070,7078,587,567,18,4571,15,1128,11,15
"877","2020-05-26",118,10,146,251,5471,0.936757448364102,2070,7078,587,567,18,4589,7,1135,11,7
"878","2020-05-27",107,10,118,232,5471,0.936757448364102,2070,7078,587,567,18,4607,6,1141,12,6
"879","2020-05-28",98,10,106,210,5471,0.936757448364102,2070,7078,587,567,15,4622,6,1147,8,6
"880","2020-05-29",97,10,106,190,5471,0.936757448364102,2070,7078,587,567,15,4637,11,1158,11,11
"881","2020-05-30",91,10,109,178,5471,0.936757448364102,2070,7078,587,567,19,4656,19,1177,13,19
"882","2020-05-31",69,10,109,171,5471,0.936757448364102,2070,7078,587,567,13,4669,12,1189,9,12
"883","2020-06-01",60,10,99,162,5471,0.936757448364102,2070,7078,587,567,12,4681,10,1199,8,10
"884","2020-06-02",59,10,84,151,5471,0.936757448364102,2070,7078,587,567,10,4691,6,1205,9,6
"885","2020-06-03",58,10,82,134,5471,0.936757448364102,2070,7078,587,567,15,4706,18,1223,11,18
"886","2020-06-04",54,10,90,128,5471,0.936757448364102,2070,7078,587,567,7,4713,16,1239,3,16
"887","2020-06-05",49,10,82,119,5471,0.936757448364102,2070,7078,587,567,12,4725,13,1252,11,13
"888","2020-06-06",46,10,71,119,5471,0.936757448364102,2070,7078,587,567,10,4735,11,1263,6,11
"889","2020-06-07",44,10,72,111,5471,0.936757448364102,2070,7078,587,567,7,4742,12,1275,4,12
"890","2020-03-07",1,11,0,0,5654,0.80969225327202,1995,7486,590,515,NA,NA,NA,NA,NA,NA
"891","2020-03-08",1,11,0,0,5654,0.80969225327202,1995,7486,590,515,NA,NA,NA,NA,NA,NA
"892","2020-03-09",0,11,0,0,5654,0.80969225327202,1995,7486,590,515,NA,NA,NA,NA,NA,NA
"893","2020-03-10",0,11,0,0,5654,0.80969225327202,1995,7486,590,515,NA,NA,3,3,NA,3
"894","2020-03-11",0,11,0,0,5654,0.80969225327202,1995,7486,590,515,20,20,4,7,1,4
"895","2020-03-12",0,11,0,0,5654,0.80969225327202,1995,7486,590,515,29,49,7,14,1,7
"896","2020-03-13",2,11,51,61,5654,0.80969225327202,1995,7486,590,515,37,86,8,22,5,8
"897","2020-03-14",3,11,42,79,5654,0.80969225327202,1995,7486,590,515,15,101,7,29,4,7
"898","2020-03-15",11,11,38,106,5654,0.80969225327202,1995,7486,590,515,29,130,10,39,11,10
"899","2020-03-16",13,11,36,129,5654,0.80969225327202,1995,7486,590,515,27,157,25,64,11,25
"900","2020-03-17",20,11,33,173,5654,0.80969225327202,1995,7486,590,515,46,203,20,84,24,20
"901","2020-03-18",25,11,31,209,5654,0.80969225327202,1995,7486,590,515,49,252,26,110,19,26
"902","2020-03-19",30,11,29,248,5654,0.80969225327202,1995,7486,590,515,38,290,23,133,20,23
"903","2020-03-20",41,11,28,284,5654,0.80969225327202,1995,7486,590,515,47,337,32,165,27,32
"904","2020-03-21",69,11,29,323,5654,0.80969225327202,1995,7486,590,515,45,382,26,191,31,26
"905","2020-03-22",74,11,40,371,5654,0.80969225327202,1995,7486,590,515,65,447,40,231,36,40
"906","2020-03-23",78,11,57,420,5654,0.80969225327202,1995,7486,590,515,68,515,33,264,45,33
"907","2020-03-24",82,11,77,475,5654,0.80969225327202,1995,7486,590,515,52,567,24,288,35,24
"908","2020-03-25",97,11,82,511,5654,0.80969225327202,1995,7486,590,515,69,636,19,307,46,19
"909","2020-03-26",117,11,91,555,5654,0.80969225327202,1995,7486,590,515,74,710,33,340,56,33
"910","2020-03-27",158,11,88,613,5654,0.80969225327202,1995,7486,590,515,65,775,34,374,46,34
"911","2020-03-28",165,11,91,686,5654,0.80969225327202,1995,7486,590,515,88,863,27,401,58,27
"912","2020-03-29",204,11,120,764,5654,0.80969225327202,1995,7486,590,515,77,940,49,450,61,49
"913","2020-03-30",217,11,126,853,5654,0.80969225327202,1995,7486,590,515,79,1019,28,478,57,28
"914","2020-03-31",225,11,122,891,5654,0.80969225327202,1995,7486,590,515,76,1095,47,525,55,47
"915","2020-04-01",243,11,118,961,5654,0.80969225327202,1995,7486,590,515,86,1181,24,549,64,24
"916","2020-04-02",260,11,100,1014,5654,0.80969225327202,1995,7486,590,515,75,1256,35,584,58,35
"917","2020-04-03",311,11,92,1077,5654,0.80969225327202,1995,7486,590,515,91,1347,27,611,69,27
"918","2020-04-04",353,11,112,1137,5654,0.80969225327202,1995,7486,590,515,97,1444,32,643,69,32
"919","2020-04-05",353,11,102,1184,5654,0.80969225327202,1995,7486,590,515,56,1500,40,683,38,40
"920","2020-04-06",361,11,98,1258,5654,0.80969225327202,1995,7486,590,515,80,1580,57,740,56,57
"921","2020-04-07",364,11,84,1305,5654,0.80969225327202,1995,7486,590,515,89,1669,32,772,63,32
"922","2020-04-08",375,11,79,1327,5654,0.80969225327202,1995,7486,590,515,97,1766,50,822,70,50
"923","2020-04-09",386,11,91,1367,5654,0.80969225327202,1995,7486,590,515,83,1849,32,854,57,32
"924","2020-04-10",442,11,76,1384,5654,0.80969225327202,1995,7486,590,515,91,1940,37,891,69,37
"925","2020-04-11",483,11,80,1424,5654,0.80969225327202,1995,7486,590,515,80,2020,43,934,57,43
"926","2020-04-12",487,11,78,1419,5654,0.80969225327202,1995,7486,590,515,104,2124,46,980,74,46
"927","2020-04-13",491,11,95,1447,5654,0.80969225327202,1995,7486,590,515,66,2190,44,1024,37,44
"928","2020-04-14",513,11,82,1454,5654,0.80969225327202,1995,7486,590,515,70,2260,24,1048,47,24
"929","2020-04-15",515,11,90,1476,5654,0.80969225327202,1995,7486,590,515,106,2366,46,1094,84,46
"930","2020-04-16",517,11,97,1487,5654,0.80969225327202,1995,7486,590,515,85,2451,39,1133,65,39
"931","2020-04-17",568,11,92,1486,5654,0.80969225327202,1995,7486,590,515,79,2530,37,1170,50,37
"932","2020-04-18",540,11,84,1463,5654,0.80969225327202,1995,7486,590,515,76,2606,58,1228,59,58
"933","2020-04-19",503,11,86,1431,5654,0.80969225327202,1995,7486,590,515,92,2698,57,1285,62,57
"934","2020-04-20",508,11,103,1399,5654,0.80969225327202,1995,7486,590,515,72,2770,53,1338,55,53
"935","2020-04-21",476,11,125,1355,5654,0.80969225327202,1995,7486,590,515,70,2840,38,1376,42,38
"936","2020-04-22",469,11,128,1329,5654,0.80969225327202,1995,7486,590,515,80,2920,27,1403,59,27
"937","2020-04-23",464,11,123,1282,5654,0.80969225327202,1995,7486,590,515,83,3003,35,1438,60,35
"938","2020-04-24",456,11,104,1236,5654,0.80969225327202,1995,7486,590,515,78,3081,35,1473,58,35
"939","2020-04-25",452,11,93,1184,5654,0.80969225327202,1995,7486,590,515,61,3142,41,1514,45,41
"940","2020-04-26",434,11,84,1146,5654,0.80969225327202,1995,7486,590,515,81,3223,39,1553,52,39
"941","2020-04-27",415,11,73,1123,5654,0.80969225327202,1995,7486,590,515,53,3276,44,1597,42,44
"942","2020-04-28",405,11,69,1078,5654,0.80969225327202,1995,7486,590,515,64,3340,48,1645,43,48
"943","2020-04-29",401,11,92,1004,5654,0.80969225327202,1995,7486,590,515,61,3401,33,1678,43,33
"944","2020-04-30",386,11,112,955,5654,0.80969225327202,1995,7486,590,515,63,3464,37,1715,44,37
"945","2020-05-01",381,11,148,906,5654,0.80969225327202,1995,7486,590,515,54,3518,29,1744,36,29
"946","2020-05-02",365,11,140,857,5654,0.80969225327202,1995,7486,590,515,52,3570,29,1773,37,29
"947","2020-05-03",328,11,152,809,5654,0.80969225327202,1995,7486,590,515,51,3621,32,1805,29,32
"948","2020-05-04",310,11,164,746,5654,0.80969225327202,1995,7486,590,515,58,3679,33,1838,43,33
"949","2020-05-05",287,11,160,677,5654,0.80969225327202,1995,7486,590,515,41,3720,40,1878,28,40
"950","2020-05-06",268,11,164,640,5654,0.80969225327202,1995,7486,590,515,44,3764,58,1936,27,58
"951","2020-05-07",255,11,176,603,5654,0.80969225327202,1995,7486,590,515,46,3810,40,1976,26,40
"952","2020-05-08",221,11,151,566,5654,0.80969225327202,1995,7486,590,515,61,3871,33,2009,44,33
"953","2020-05-09",204,11,150,539,5654,0.80969225327202,1995,7486,590,515,44,3915,30,2039,30,30
"954","2020-05-10",191,11,133,487,5654,0.80969225327202,1995,7486,590,515,44,3959,23,2062,26,23
"955","2020-05-11",180,11,122,440,5654,0.80969225327202,1995,7486,590,515,45,4004,33,2095,27,33
"956","2020-05-12",171,11,126,420,5654,0.80969225327202,1995,7486,590,515,31,4035,9,2104,19,9
"957","2020-05-13",166,11,97,402,5654,0.80969225327202,1995,7486,590,515,38,4073,24,2128,27,24
"958","2020-05-14",157,11,96,385,5654,0.80969225327202,1995,7486,590,515,50,4123,20,2148,32,20
"959","2020-05-15",143,11,118,377,5654,0.80969225327202,1995,7486,590,515,33,4156,14,2162,17,14
"960","2020-05-16",147,11,143,363,5654,0.80969225327202,1995,7486,590,515,30,4186,46,2208,19,46
"961","2020-05-17",136,11,146,343,5654,0.80969225327202,1995,7486,590,515,30,4216,37,2245,20,37
"962","2020-05-18",129,11,175,328,5654,0.80969225327202,1995,7486,590,515,32,4248,34,2279,22,34
"963","2020-05-19",128,11,172,299,5654,0.80969225327202,1995,7486,590,515,23,4271,39,2318,12,39
"964","2020-05-20",125,11,155,293,5654,0.80969225327202,1995,7486,590,515,24,4295,30,2348,13,30
"965","2020-05-21",123,11,133,282,5654,0.80969225327202,1995,7486,590,515,25,4320,30,2378,11,30
"966","2020-05-22",110,11,127,263,5654,0.80969225327202,1995,7486,590,515,23,4343,27,2405,15,27
"967","2020-05-23",105,11,116,256,5654,0.80969225327202,1995,7486,590,515,18,4361,39,2444,7,39
"968","2020-05-24",100,11,127,239,5654,0.80969225327202,1995,7486,590,515,16,4377,46,2490,12,46
"969","2020-05-25",85,11,115,221,5654,0.80969225327202,1995,7486,590,515,21,4398,44,2534,14,44
"970","2020-05-26",81,11,101,207,5654,0.80969225327202,1995,7486,590,515,19,4417,48,2582,12,48
"971","2020-05-27",76,11,86,188,5654,0.80969225327202,1995,7486,590,515,19,4436,31,2613,9,31
"972","2020-05-28",76,11,90,167,5654,0.80969225327202,1995,7486,590,515,23,4459,51,2664,10,51
"973","2020-05-29",69,11,79,154,5654,0.80969225327202,1995,7486,590,515,21,4480,43,2707,11,43
"974","2020-05-30",65,11,65,147,5654,0.80969225327202,1995,7486,590,515,18,4498,39,2746,11,39
"975","2020-05-31",69,11,90,137,5654,0.80969225327202,1995,7486,590,515,14,4512,27,2773,9,27
"976","2020-06-01",67,11,84,129,5654,0.80969225327202,1995,7486,590,515,14,4526,37,2810,9,37
"977","2020-06-02",58,11,83,126,5654,0.80969225327202,1995,7486,590,515,29,4555,27,2837,18,27
"978","2020-06-03",56,11,74,120,5654,0.80969225327202,1995,7486,590,515,17,4572,36,2873,11,36
"979","2020-06-04",47,11,71,119,5654,0.80969225327202,1995,7486,590,515,15,4587,49,2922,12,49
"980","2020-06-05",43,11,91,110,5654,0.80969225327202,1995,7486,590,515,10,4597,40,2962,6,40
"981","2020-06-06",38,11,107,100,5654,0.80969225327202,1995,7486,590,515,16,4613,24,2986,7,24
"982","2020-06-07",26,11,101,94,5654,0.80969225327202,1995,7486,590,515,13,4626,38,3024,7,38
"983","2020-03-07",1,12,0,0,3793,0.593988926970736,2010,6115,417,445,NA,NA,NA,NA,NA,NA
"984","2020-03-08",1,12,0,0,3793,0.593988926970736,2010,6115,417,445,NA,NA,NA,NA,NA,NA
"985","2020-03-09",0,12,0,0,3793,0.593988926970736,2010,6115,417,445,NA,NA,NA,NA,NA,NA
"986","2020-03-10",0,12,0,0,3793,0.593988926970736,2010,6115,417,445,NA,NA,NA,NA,NA,NA
"987","2020-03-11",0,12,0,0,3793,0.593988926970736,2010,6115,417,445,6,6,14,14,2,14
"988","2020-03-12",1,12,12,39,3793,0.593988926970736,2010,6115,417,445,11,17,7,21,2,7
"989","2020-03-13",3,12,21,56,3793,0.593988926970736,2010,6115,417,445,11,28,2,23,4,2
"990","2020-03-14",8,12,27,86,3793,0.593988926970736,2010,6115,417,445,20,48,13,36,9,13
"991","2020-03-15",8,12,29,114,3793,0.593988926970736,2010,6115,417,445,22,70,10,46,8,10
"992","2020-03-16",7,12,23,139,3793,0.593988926970736,2010,6115,417,445,18,88,7,53,8,7
"993","2020-03-17",11,12,27,171,3793,0.593988926970736,2010,6115,417,445,19,107,5,58,6,5
"994","2020-03-18",18,12,35,193,3793,0.593988926970736,2010,6115,417,445,28,135,17,75,21,17
"995","2020-03-19",21,12,37,214,3793,0.593988926970736,2010,6115,417,445,21,156,23,98,14,23
"996","2020-03-20",33,12,39,241,3793,0.593988926970736,2010,6115,417,445,20,176,16,114,13,16
"997","2020-03-21",41,12,44,271,3793,0.593988926970736,2010,6115,417,445,33,209,17,131,25,17
"998","2020-03-22",60,12,47,300,3793,0.593988926970736,2010,6115,417,445,29,238,14,145,22,14
"999","2020-03-23",72,12,43,322,3793,0.593988926970736,2010,6115,417,445,35,273,8,153,25,8
"1000","2020-03-24",69,12,46,341,3793,0.593988926970736,2010,6115,417,445,24,297,17,170,14,17
"1001","2020-03-25",73,12,48,367,3793,0.593988926970736,2010,6115,417,445,33,330,15,185,24,15
"1002","2020-03-26",89,12,56,403,3793,0.593988926970736,2010,6115,417,445,51,381,21,206,40,21
"1003","2020-03-27",109,12,58,407,3793,0.593988926970736,2010,6115,417,445,36,417,12,218,23,12
"1004","2020-03-28",118,12,63,434,3793,0.593988926970736,2010,6115,417,445,45,462,12,230,37,12
"1005","2020-03-29",135,12,83,455,3793,0.593988926970736,2010,6115,417,445,45,507,21,251,33,21
"1006","2020-03-30",134,12,86,469,3793,0.593988926970736,2010,6115,417,445,65,572,12,263,49,12
"1007","2020-03-31",139,12,79,490,3793,0.593988926970736,2010,6115,417,445,51,623,8,271,38,8
"1008","2020-04-01",148,12,71,494,3793,0.593988926970736,2010,6115,417,445,64,687,10,281,52,10
"1009","2020-04-02",146,12,69,528,3793,0.593988926970736,2010,6115,417,445,62,749,10,291,52,10
"1010","2020-04-03",167,12,65,542,3793,0.593988926970736,2010,6115,417,445,94,843,21,312,80,21
"1011","2020-04-04",193,12,65,570,3793,0.593988926970736,2010,6115,417,445,65,908,30,342,53,30
"1012","2020-04-05",183,12,62,593,3793,0.593988926970736,2010,6115,417,445,73,981,13,355,62,13
"1013","2020-04-06",178,12,65,613,3793,0.593988926970736,2010,6115,417,445,75,1056,15,370,60,15
"1014","2020-04-07",179,12,78,620,3793,0.593988926970736,2010,6115,417,445,63,1119,10,380,55,10
"1015","2020-04-08",187,12,83,648,3793,0.593988926970736,2010,6115,417,445,70,1189,13,393,61,13
"1016","2020-04-09",191,12,86,666,3793,0.593988926970736,2010,6115,417,445,57,1246,24,417,52,24
"1017","2020-04-10",219,12,76,674,3793,0.593988926970736,2010,6115,417,445,78,1324,11,428,71,11
"1018","2020-04-11",216,12,80,685,3793,0.593988926970736,2010,6115,417,445,80,1404,11,439,70,11
"1019","2020-04-12",217,12,78,693,3793,0.593988926970736,2010,6115,417,445,81,1485,27,466,65,27
"1020","2020-04-13",222,12,83,689,3793,0.593988926970736,2010,6115,417,445,70,1555,26,492,55,26
"1021","2020-04-14",232,12,96,693,3793,0.593988926970736,2010,6115,417,445,97,1652,12,504,89,12
"1022","2020-04-15",234,12,114,681,3793,0.593988926970736,2010,6115,417,445,79,1731,9,513,68,9
"1023","2020-04-16",230,12,117,678,3793,0.593988926970736,2010,6115,417,445,90,1821,16,529,76,16
"1024","2020-04-17",232,12,123,678,3793,0.593988926970736,2010,6115,417,445,70,1891,18,547,61,18
"1025","2020-04-18",236,12,126,672,3793,0.593988926970736,2010,6115,417,445,67,1958,15,562,58,15
"1026","2020-04-19",228,12,126,666,3793,0.593988926970736,2010,6115,417,445,92,2050,33,595,74,33
"1027","2020-04-20",228,12,122,657,3793,0.593988926970736,2010,6115,417,445,64,2114,27,622,56,27
"1028","2020-04-21",213,12,115,667,3793,0.593988926970736,2010,6115,417,445,70,2184,41,663,56,41
"1029","2020-04-22",209,12,123,646,3793,0.593988926970736,2010,6115,417,445,68,2252,26,689,58,26
"1030","2020-04-23",216,12,110,633,3793,0.593988926970736,2010,6115,417,445,81,2333,22,711,71,22
"1031","2020-04-24",224,12,112,622,3793,0.593988926970736,2010,6115,417,445,64,2397,15,726,56,15
"1032","2020-04-25",210,12,117,640,3793,0.593988926970736,2010,6115,417,445,74,2471,18,744,61,18
"1033","2020-04-26",231,12,119,625,3793,0.593988926970736,2010,6115,417,445,60,2531,20,764,51,20
"1034","2020-04-27",231,12,133,616,3793,0.593988926970736,2010,6115,417,445,52,2583,13,777,42,13
"1035","2020-04-28",232,12,125,605,3793,0.593988926970736,2010,6115,417,445,54,2637,35,812,47,35
"1036","2020-04-29",224,12,121,586,3793,0.593988926970736,2010,6115,417,445,59,2696,41,853,54,41
"1037","2020-04-30",227,12,123,580,3793,0.593988926970736,2010,6115,417,445,67,2763,23,876,52,23
"1038","2020-05-01",238,12,119,567,3793,0.593988926970736,2010,6115,417,445,53,2816,31,907,46,31
"1039","2020-05-02",239,12,113,597,3793,0.593988926970736,2010,6115,417,445,50,2866,23,930,42,23
"1040","2020-05-03",202,12,106,596,3793,0.593988926970736,2010,6115,417,445,57,2923,17,947,45,17
"1041","2020-05-04",208,12,110,591,3793,0.593988926970736,2010,6115,417,445,60,2983,40,987,47,40
"1042","2020-05-05",189,12,109,580,3793,0.593988926970736,2010,6115,417,445,60,3043,46,1033,48,46
"1043","2020-05-06",182,12,122,578,3793,0.593988926970736,2010,6115,417,445,62,3105,28,1061,54,28
"1044","2020-05-07",179,12,122,574,3793,0.593988926970736,2010,6115,417,445,58,3163,23,1084,44,23
"1045","2020-05-08",171,12,128,561,3793,0.593988926970736,2010,6115,417,445,48,3211,33,1117,34,33
"1046","2020-05-09",194,12,147,526,3793,0.593988926970736,2010,6115,417,445,45,3256,37,1154,38,37
"1047","2020-05-10",189,12,160,506,3793,0.593988926970736,2010,6115,417,445,58,3314,24,1178,45,24
"1048","2020-05-11",174,12,166,516,3793,0.593988926970736,2010,6115,417,445,46,3360,35,1213,35,35
"1049","2020-05-12",176,12,159,497,3793,0.593988926970736,2010,6115,417,445,43,3403,19,1232,40,19
"1050","2020-05-13",181,12,149,483,3793,0.593988926970736,2010,6115,417,445,46,3449,34,1266,40,34
"1051","2020-05-14",174,12,136,463,3793,0.593988926970736,2010,6115,417,445,34,3483,40,1306,27,40
"1052","2020-05-15",176,12,136,449,3793,0.593988926970736,2010,6115,417,445,35,3518,24,1330,30,24
"1053","2020-05-16",167,12,115,428,3793,0.593988926970736,2010,6115,417,445,45,3563,9,1339,33,9
"1054","2020-05-17",144,12,115,415,3793,0.593988926970736,2010,6115,417,445,44,3607,8,1347,40,8
"1055","2020-05-18",137,12,108,408,3793,0.593988926970736,2010,6115,417,445,27,3634,17,1364,22,17
"1056","2020-05-19",131,12,116,383,3793,0.593988926970736,2010,6115,417,445,36,3670,30,1394,27,30
"1057","2020-05-20",128,12,120,361,3793,0.593988926970736,2010,6115,417,445,44,3714,20,1414,39,20
"1058","2020-05-21",132,12,123,346,3793,0.593988926970736,2010,6115,417,445,24,3738,29,1443,16,29
"1059","2020-05-22",123,12,123,341,3793,0.593988926970736,2010,6115,417,445,36,3774,22,1465,29,22
"1060","2020-05-23",119,12,124,332,3793,0.593988926970736,2010,6115,417,445,25,3799,29,1494,17,29
"1061","2020-05-24",122,12,115,315,3793,0.593988926970736,2010,6115,417,445,26,3825,25,1519,22,25
"1062","2020-05-25",119,12,103,307,3793,0.593988926970736,2010,6115,417,445,21,3846,19,1538,18,19
"1063","2020-05-26",119,12,100,308,3793,0.593988926970736,2010,6115,417,445,29,3875,14,1552,24,14
"1064","2020-05-27",121,12,104,284,3793,0.593988926970736,2010,6115,417,445,22,3897,12,1564,19,12
"1065","2020-05-28",118,12,99,291,3793,0.593988926970736,2010,6115,417,445,21,3918,16,1580,18,16
"1066","2020-05-29",120,12,89,275,3793,0.593988926970736,2010,6115,417,445,23,3941,16,1596,18,16
"1067","2020-05-30",111,12,94,268,3793,0.593988926970736,2010,6115,417,445,20,3961,14,1610,17,14
"1068","2020-05-31",115,12,93,251,3793,0.593988926970736,2010,6115,417,445,20,3981,19,1629,17,19
"1069","2020-06-01",110,12,90,251,3793,0.593988926970736,2010,6115,417,445,21,4002,21,1650,16,21
"1070","2020-06-02",97,12,90,231,3793,0.593988926970736,2010,6115,417,445,14,4016,19,1669,11,19
"1071","2020-06-03",89,12,88,214,3793,0.593988926970736,2010,6115,417,445,15,4031,22,1691,12,22
"1072","2020-06-04",78,12,83,208,3793,0.593988926970736,2010,6115,417,445,17,4048,13,1704,14,13
"1073","2020-06-05",76,12,78,196,3793,0.593988926970736,2010,6115,417,445,19,4067,12,1716,15,12
"1074","2020-06-06",81,12,70,186,3793,0.593988926970736,2010,6115,417,445,11,4078,7,1723,10,7
"1075","2020-06-07",84,12,73,179,3793,0.593988926970736,2010,6115,417,445,14,4092,17,1740,11,17
"1076","2020-03-13",1,13,25,18,5273,0.913901005120425,1995,6669,568,457,9,27,4,17,1,4
"1077","2020-03-14",2,13,37,22,5273,0.913901005120425,1995,6669,568,457,17,44,9,26,5,9
"1078","2020-03-15",3,13,44,31,5273,0.913901005120425,1995,6669,568,457,17,61,5,31,6,5
"1079","2020-03-16",5,13,42,37,5273,0.913901005120425,1995,6669,568,457,17,78,7,38,4,7
"1080","2020-03-17",5,13,48,50,5273,0.913901005120425,1995,6669,568,457,17,95,3,41,4,3
"1081","2020-03-18",7,13,60,64,5273,0.913901005120425,1995,6669,568,457,22,117,7,48,11,7
"1082","2020-03-19",8,13,71,80,5273,0.913901005120425,1995,6669,568,457,29,146,6,54,12,6
"1083","2020-03-20",13,13,84,98,5273,0.913901005120425,1995,6669,568,457,31,177,6,60,13,6
"1084","2020-03-21",18,13,101,115,5273,0.913901005120425,1995,6669,568,457,31,208,7,67,23,7
"1085","2020-03-22",27,13,100,126,5273,0.913901005120425,1995,6669,568,457,31,239,7,74,16,7
"1086","2020-03-23",31,13,110,147,5273,0.913901005120425,1995,6669,568,457,44,283,18,92,32,18
"1087","2020-03-24",33,13,112,171,5273,0.913901005120425,1995,6669,568,457,30,313,12,104,19,12
"1088","2020-03-25",34,13,99,197,5273,0.913901005120425,1995,6669,568,457,37,350,13,117,25,13
"1089","2020-03-26",39,13,99,213,5273,0.913901005120425,1995,6669,568,457,38,388,10,127,26,10
"1090","2020-03-27",47,13,105,252,5273,0.913901005120425,1995,6669,568,457,40,428,10,137,33,10
"1091","2020-03-28",56,13,103,291,5273,0.913901005120425,1995,6669,568,457,63,491,9,146,48,9
"1092","2020-03-29",68,13,99,325,5273,0.913901005120425,1995,6669,568,457,39,530,14,160,33,14
"1093","2020-03-30",68,13,99,342,5273,0.913901005120425,1995,6669,568,457,51,581,10,170,38,10
"1094","2020-03-31",77,13,108,376,5273,0.913901005120425,1995,6669,568,457,72,653,12,182,58,12
"1095","2020-04-01",80,13,116,411,5273,0.913901005120425,1995,6669,568,457,63,716,15,197,48,15
"1096","2020-04-02",86,13,120,456,5273,0.913901005120425,1995,6669,568,457,68,784,28,225,53,28
"1097","2020-04-03",112,13,116,519,5273,0.913901005120425,1995,6669,568,457,77,861,14,239,63,14
"1098","2020-04-04",132,13,123,583,5273,0.913901005120425,1995,6669,568,457,95,956,19,258,86,19
"1099","2020-04-05",149,13,132,654,5273,0.913901005120425,1995,6669,568,457,77,1033,5,263,55,5
"1100","2020-04-06",150,13,141,698,5273,0.913901005120425,1995,6669,568,457,63,1096,7,270,47,7
"1101","2020-04-07",154,13,136,766,5273,0.913901005120425,1995,6669,568,457,91,1187,9,279,78,9
"1102","2020-04-08",172,13,154,831,5273,0.913901005120425,1995,6669,568,457,77,1264,15,294,61,15
"1103","2020-04-09",184,13,144,915,5273,0.913901005120425,1995,6669,568,457,78,1342,10,304,69,10
"1104","2020-04-10",244,13,146,951,5273,0.913901005120425,1995,6669,568,457,89,1431,7,311,75,7
"1105","2020-04-11",256,13,169,1021,5273,0.913901005120425,1995,6669,568,457,107,1538,11,322,89,11
"1106","2020-04-12",281,13,170,1056,5273,0.913901005120425,1995,6669,568,457,109,1647,12,334,96,12
"1107","2020-04-13",304,13,161,1098,5273,0.913901005120425,1995,6669,568,457,118,1765,15,349,95,15
"1108","2020-04-14",308,13,147,1152,5273,0.913901005120425,1995,6669,568,457,86,1851,25,374,69,25
"1109","2020-04-15",320,13,139,1212,5273,0.913901005120425,1995,6669,568,457,132,1983,21,395,111,21
"1110","2020-04-16",338,13,128,1249,5273,0.913901005120425,1995,6669,568,457,88,2071,11,406,77,11
"1111","2020-04-17",428,13,127,1294,5273,0.913901005120425,1995,6669,568,457,81,2152,11,417,69,11
"1112","2020-04-18",449,13,140,1319,5273,0.913901005120425,1995,6669,568,457,79,2231,22,439,65,22
"1113","2020-04-19",406,13,137,1351,5273,0.913901005120425,1995,6669,568,457,108,2339,21,460,91,21
"1114","2020-04-20",416,13,140,1401,5273,0.913901005120425,1995,6669,568,457,99,2438,25,485,81,25
"1115","2020-04-21",426,13,141,1440,5273,0.913901005120425,1995,6669,568,457,78,2516,16,501,64,16
"1116","2020-04-22",449,13,135,1451,5273,0.913901005120425,1995,6669,568,457,99,2615,16,517,79,16
"1117","2020-04-23",461,13,127,1419,5273,0.913901005120425,1995,6669,568,457,89,2704,13,530,69,13
"1118","2020-04-24",498,13,112,1403,5273,0.913901005120425,1995,6669,568,457,101,2805,18,548,92,18
"1119","2020-04-25",512,13,108,1393,5273,0.913901005120425,1995,6669,568,457,111,2916,23,571,93,23
"1120","2020-04-26",477,13,126,1380,5273,0.913901005120425,1995,6669,568,457,93,3009,22,593,80,22
"1121","2020-04-27",459,13,134,1375,5273,0.913901005120425,1995,6669,568,457,76,3085,24,617,63,24
"1122","2020-04-28",463,13,124,1361,5273,0.913901005120425,1995,6669,568,457,68,3153,16,633,59,16
"1123","2020-04-29",454,13,119,1329,5273,0.913901005120425,1995,6669,568,457,77,3230,23,656,62,23
"1124","2020-04-30",459,13,132,1296,5273,0.913901005120425,1995,6669,568,457,79,3309,22,678,66,22
"1125","2020-05-01",480,13,126,1245,5273,0.913901005120425,1995,6669,568,457,72,3381,18,696,59,18
"1126","2020-05-02",467,13,130,1202,5273,0.913901005120425,1995,6669,568,457,57,3438,21,717,48,21
"1127","2020-05-03",454,13,143,1168,5273,0.913901005120425,1995,6669,568,457,54,3492,25,742,40,25
"1128","2020-05-04",451,13,160,1119,5273,0.913901005120425,1995,6669,568,457,73,3565,16,758,65,16
"1129","2020-05-05",433,13,174,1051,5273,0.913901005120425,1995,6669,568,457,50,3615,25,783,42,25
"1130","2020-05-06",424,13,167,999,5273,0.913901005120425,1995,6669,568,457,58,3673,13,796,45,13
"1131","2020-05-07",407,13,151,958,5273,0.913901005120425,1995,6669,568,457,50,3723,14,810,41,14
"1132","2020-05-08",396,13,138,914,5273,0.913901005120425,1995,6669,568,457,39,3762,11,821,31,11
"1133","2020-05-09",390,13,124,873,5273,0.913901005120425,1995,6669,568,457,38,3800,14,835,28,14
"1134","2020-05-10",352,13,137,842,5273,0.913901005120425,1995,6669,568,457,41,3841,22,857,32,22
"1135","2020-05-11",349,13,145,779,5273,0.913901005120425,1995,6669,568,457,45,3886,18,875,29,18
"1136","2020-05-12",324,13,159,714,5273,0.913901005120425,1995,6669,568,457,45,3931,10,885,35,10
"1137","2020-05-13",306,13,157,681,5273,0.913901005120425,1995,6669,568,457,35,3966,13,898,26,13
"1138","2020-05-14",284,13,168,646,5273,0.913901005120425,1995,6669,568,457,49,4015,7,905,35,7
"1139","2020-05-15",242,13,175,594,5273,0.913901005120425,1995,6669,568,457,24,4039,16,921,18,16
"1140","2020-05-16",230,13,181,550,5273,0.913901005120425,1995,6669,568,457,46,4085,12,933,37,12
"1141","2020-05-17",203,13,154,510,5273,0.913901005120425,1995,6669,568,457,27,4112,10,943,21,10
"1142","2020-05-18",188,13,138,469,5273,0.913901005120425,1995,6669,568,457,23,4135,11,954,18,11
"1143","2020-05-19",183,13,144,438,5273,0.913901005120425,1995,6669,568,457,33,4168,19,973,25,19
"1144","2020-05-20",178,13,156,399,5273,0.913901005120425,1995,6669,568,457,26,4194,13,986,22,13
"1145","2020-05-21",172,13,178,367,5273,0.913901005120425,1995,6669,568,457,27,4221,19,1005,25,19
"1146","2020-05-22",150,13,192,351,5273,0.913901005120425,1995,6669,568,457,31,4252,10,1015,21,10
"1147","2020-05-23",142,13,186,329,5273,0.913901005120425,1995,6669,568,457,19,4271,4,1019,10,4
"1148","2020-05-24",118,13,197,324,5273,0.913901005120425,1995,6669,568,457,21,4292,9,1028,12,9
"1149","2020-05-25",109,13,178,289,5273,0.913901005120425,1995,6669,568,457,22,4314,8,1036,13,8
"1150","2020-05-26",98,13,160,256,5273,0.913901005120425,1995,6669,568,457,31,4345,7,1043,19,7
"1151","2020-05-27",90,13,160,232,5273,0.913901005120425,1995,6669,568,457,10,4355,15,1058,7,15
"1152","2020-05-28",86,13,148,209,5273,0.913901005120425,1995,6669,568,457,14,4369,15,1073,9,15
"1153","2020-05-29",81,13,131,193,5273,0.913901005120425,1995,6669,568,457,23,4392,12,1085,14,12
"1154","2020-05-30",70,13,132,182,5273,0.913901005120425,1995,6669,568,457,22,4414,8,1093,16,8
"1155","2020-05-31",79,13,114,176,5273,0.913901005120425,1995,6669,568,457,13,4427,7,1100,7,7
"1156","2020-06-01",67,13,128,164,5273,0.913901005120425,1995,6669,568,457,8,4435,10,1110,5,10
"1157","2020-06-02",65,13,135,149,5273,0.913901005120425,1995,6669,568,457,24,4459,12,1122,16,12
"1158","2020-06-03",60,13,128,139,5273,0.913901005120425,1995,6669,568,457,10,4469,15,1137,6,15
"1159","2020-06-04",55,13,120,126,5273,0.913901005120425,1995,6669,568,457,8,4477,6,1143,4,6
"1160","2020-06-05",55,13,128,112,5273,0.913901005120425,1995,6669,568,457,10,4487,7,1150,6,7
"1161","2020-06-06",53,13,118,109,5273,0.913901005120425,1995,6669,568,457,6,4493,18,1168,2,18
"1162","2020-06-07",38,13,129,102,5273,0.913901005120425,1995,6669,568,457,8,4501,11,1179,7,11
"1163","2020-03-14",2,14,32,41,5397,0.909949972206782,2055,7444,549,578,14,55,11,41,5,11
"1164","2020-03-15",5,14,39,61,5397,0.909949972206782,2055,7444,549,578,16,71,7,48,11,7
"1165","2020-03-16",7,14,48,85,5397,0.909949972206782,2055,7444,549,578,18,89,2,50,11,2
"1166","2020-03-17",8,14,52,105,5397,0.909949972206782,2055,7444,549,578,32,121,7,57,23,7
"1167","2020-03-18",11,14,62,134,5397,0.909949972206782,2055,7444,549,578,19,140,2,59,11,2
"1168","2020-03-19",13,14,76,154,5397,0.909949972206782,2055,7444,549,578,27,167,18,77,14,18
"1169","2020-03-20",22,14,84,167,5397,0.909949972206782,2055,7444,549,578,43,210,17,94,30,17
"1170","2020-03-21",32,14,76,208,5397,0.909949972206782,2055,7444,549,578,31,241,20,114,24,20
"1171","2020-03-22",46,14,77,260,5397,0.909949972206782,2055,7444,549,578,38,279,20,134,26,20
"1172","2020-03-23",51,14,81,297,5397,0.909949972206782,2055,7444,549,578,42,321,11,145,29,11
"1173","2020-03-24",65,14,82,342,5397,0.909949972206782,2055,7444,549,578,50,371,4,149,43,4
"1174","2020-03-25",75,14,82,411,5397,0.909949972206782,2055,7444,549,578,39,410,7,156,31,7
"1175","2020-03-26",82,14,76,462,5397,0.909949972206782,2055,7444,549,578,35,445,6,162,24,6
"1176","2020-03-27",117,14,80,507,5397,0.909949972206782,2055,7444,549,578,39,484,4,166,30,4
"1177","2020-03-28",156,14,91,560,5397,0.909949972206782,2055,7444,549,578,33,517,5,171,21,5
"1178","2020-03-29",160,14,110,621,5397,0.909949972206782,2055,7444,549,578,41,558,4,175,33,4
"1179","2020-03-30",165,14,123,671,5397,0.909949972206782,2055,7444,549,578,64,622,1,176,54,1
"1180","2020-03-31",169,14,122,720,5397,0.909949972206782,2055,7444,549,578,60,682,20,196,48,20
"1181","2020-04-01",178,14,126,773,5397,0.909949972206782,2055,7444,549,578,45,727,14,210,36,14
"1182","2020-04-02",203,14,121,842,5397,0.909949972206782,2055,7444,549,578,48,775,10,220,37,10
"1183","2020-04-03",255,14,130,901,5397,0.909949972206782,2055,7444,549,578,47,822,16,236,37,16
"1184","2020-04-04",276,14,117,958,5397,0.909949972206782,2055,7444,549,578,53,875,11,247,45,11
"1185","2020-04-05",274,14,114,1037,5397,0.909949972206782,2055,7444,549,578,62,937,37,284,47,37
"1186","2020-04-06",289,14,136,1065,5397,0.909949972206782,2055,7444,549,578,39,976,32,316,32,32
"1187","2020-04-07",285,14,156,1120,5397,0.909949972206782,2055,7444,549,578,61,1037,27,343,49,27
"1188","2020-04-08",306,14,151,1202,5397,0.909949972206782,2055,7444,549,578,64,1101,34,377,56,34
"1189","2020-04-09",315,14,140,1233,5397,0.909949972206782,2055,7444,549,578,67,1168,35,412,60,35
"1190","2020-04-10",395,14,139,1325,5397,0.909949972206782,2055,7444,549,578,79,1247,47,459,66,47
"1191","2020-04-11",385,14,151,1360,5397,0.909949972206782,2055,7444,549,578,63,1310,34,493,54,34
"1192","2020-04-12",398,14,163,1409,5397,0.909949972206782,2055,7444,549,578,68,1378,31,524,59,31
"1193","2020-04-13",405,14,181,1449,5397,0.909949972206782,2055,7444,549,578,73,1451,43,567,54,43
"1194","2020-04-14",411,14,187,1464,5397,0.909949972206782,2055,7444,549,578,71,1522,22,589,59,22
"1195","2020-04-15",400,14,181,1476,5397,0.909949972206782,2055,7444,549,578,65,1587,31,620,54,31
"1196","2020-04-16",412,14,176,1473,5397,0.909949972206782,2055,7444,549,578,76,1663,21,641,65,21
"1197","2020-04-17",458,14,165,1454,5397,0.909949972206782,2055,7444,549,578,63,1726,33,674,54,33
"1198","2020-04-18",518,14,158,1425,5397,0.909949972206782,2055,7444,549,578,63,1789,32,706,51,32
"1199","2020-04-19",482,14,141,1383,5397,0.909949972206782,2055,7444,549,578,78,1867,26,732,71,26
"1200","2020-04-20",471,14,143,1350,5397,0.909949972206782,2055,7444,549,578,67,1934,10,742,57,10
"1201","2020-04-21",474,14,133,1333,5397,0.909949972206782,2055,7444,549,578,63,1997,29,771,54,29
"1202","2020-04-22",487,14,126,1310,5397,0.909949972206782,2055,7444,549,578,61,2058,34,805,45,34
"1203","2020-04-23",482,14,120,1252,5397,0.909949972206782,2055,7444,549,578,73,2131,42,847,56,42
"1204","2020-04-24",515,14,130,1214,5397,0.909949972206782,2055,7444,549,578,59,2190,36,883,54,36
"1205","2020-04-25",468,14,134,1160,5397,0.909949972206782,2055,7444,549,578,67,2257,33,916,54,33
"1206","2020-04-26",421,14,144,1108,5397,0.909949972206782,2055,7444,549,578,67,2324,11,927,61,11
"1207","2020-04-27",396,14,143,1056,5397,0.909949972206782,2055,7444,549,578,76,2400,32,959,59,32
"1208","2020-04-28",383,14,153,1018,5397,0.909949972206782,2055,7444,549,578,55,2455,16,975,39,16
"1209","2020-04-29",370,14,165,971,5397,0.909949972206782,2055,7444,549,578,62,2517,10,985,50,10
"1210","2020-04-30",351,14,180,923,5397,0.909949972206782,2055,7444,549,578,55,2572,13,998,46,13
"1211","2020-05-01",325,14,190,887,5397,0.909949972206782,2055,7444,549,578,49,2621,22,1020,44,22
"1212","2020-05-02",347,14,178,862,5397,0.909949972206782,2055,7444,549,578,67,2688,13,1033,50,13
"1213","2020-05-03",310,14,176,820,5397,0.909949972206782,2055,7444,549,578,51,2739,14,1047,43,14
"1214","2020-05-04",314,14,162,771,5397,0.909949972206782,2055,7444,549,578,48,2787,5,1052,40,5
"1215","2020-05-05",293,14,144,712,5397,0.909949972206782,2055,7444,549,578,47,2834,5,1057,35,5
"1216","2020-05-06",287,14,137,679,5397,0.909949972206782,2055,7444,549,578,49,2883,28,1085,39,28
"1217","2020-05-07",283,14,137,633,5397,0.909949972206782,2055,7444,549,578,43,2926,40,1125,30,40
"1218","2020-05-08",277,14,137,614,5397,0.909949972206782,2055,7444,549,578,35,2961,35,1160,29,35
"1219","2020-05-09",242,14,126,556,5397,0.909949972206782,2055,7444,549,578,43,3004,23,1183,33,23
"1220","2020-05-10",220,14,140,518,5397,0.909949972206782,2055,7444,549,578,52,3056,17,1200,44,17
"1221","2020-05-11",196,14,147,488,5397,0.909949972206782,2055,7444,549,578,37,3093,8,1208,30,8
"1222","2020-05-12",190,14,150,479,5397,0.909949972206782,2055,7444,549,578,51,3144,10,1218,40,10
"1223","2020-05-13",177,14,160,445,5397,0.909949972206782,2055,7444,549,578,40,3184,24,1242,34,24
"1224","2020-05-14",172,14,157,441,5397,0.909949972206782,2055,7444,549,578,28,3212,28,1270,21,28
"1225","2020-05-15",161,14,160,409,5397,0.909949972206782,2055,7444,549,578,46,3258,37,1307,36,37
"1226","2020-05-16",159,14,164,382,5397,0.909949972206782,2055,7444,549,578,38,3296,26,1333,33,26
"1227","2020-05-17",144,14,164,360,5397,0.909949972206782,2055,7444,549,578,25,3321,41,1374,22,41
"1228","2020-05-18",139,14,180,353,5397,0.909949972206782,2055,7444,549,578,31,3352,22,1396,25,22
"1229","2020-05-19",138,14,165,346,5397,0.909949972206782,2055,7444,549,578,31,3383,16,1412,25,16
"1230","2020-05-20",133,14,162,324,5397,0.909949972206782,2055,7444,549,578,26,3409,16,1428,21,16
"1231","2020-05-21",123,14,158,299,5397,0.909949972206782,2055,7444,549,578,21,3430,28,1456,16,28
"1232","2020-05-22",114,14,155,294,5397,0.909949972206782,2055,7444,549,578,27,3457,23,1479,22,23
"1233","2020-05-23",123,14,151,294,5397,0.909949972206782,2055,7444,549,578,31,3488,20,1499,23,20
"1234","2020-05-24",112,14,129,278,5397,0.909949972206782,2055,7444,549,578,31,3519,19,1518,25,19
"1235","2020-05-25",103,14,126,251,5397,0.909949972206782,2055,7444,549,578,24,3543,33,1551,18,33
"1236","2020-05-26",99,14,127,239,5397,0.909949972206782,2055,7444,549,578,38,3581,25,1576,27,25
"1237","2020-05-27",98,14,117,225,5397,0.909949972206782,2055,7444,549,578,22,3603,13,1589,15,13
"1238","2020-05-28",96,14,115,213,5397,0.909949972206782,2055,7444,549,578,31,3634,14,1603,28,14
"1239","2020-05-29",86,14,122,195,5397,0.909949972206782,2055,7444,549,578,26,3660,8,1611,24,8
"1240","2020-05-30",67,14,122,179,5397,0.909949972206782,2055,7444,549,578,23,3683,19,1630,18,19
"1241","2020-05-31",66,14,120,172,5397,0.909949972206782,2055,7444,549,578,17,3700,8,1638,14,8
"1242","2020-06-01",66,14,102,165,5397,0.909949972206782,2055,7444,549,578,22,3722,10,1648,14,10
"1243","2020-06-02",55,14,90,149,5397,0.909949972206782,2055,7444,549,578,13,3735,15,1663,11,15
"1244","2020-06-03",54,14,92,130,5397,0.909949972206782,2055,7444,549,578,23,3758,6,1669,16,6
"1245","2020-06-04",48,14,86,125,5397,0.909949972206782,2055,7444,549,578,20,3778,3,1672,14,3
"1246","2020-06-05",54,14,79,118,5397,0.909949972206782,2055,7444,549,578,13,3791,6,1678,11,6
"1247","2020-06-06",54,14,82,103,5397,0.909949972206782,2055,7444,549,578,15,3806,8,1686,14,8
"1248","2020-06-07",46,14,94,98,5397,0.909949972206782,2055,7444,549,578,17,3823,4,1690,10,4
"1249","2020-03-13",2,15,50,89,4614,0.592761161681838,2040,7282,564,911,14,59,4,7,5,4
"1250","2020-03-14",12,15,47,129,4614,0.592761161681838,2040,7282,564,911,35,94,10,17,6,10
"1251","2020-03-15",16,15,46,169,4614,0.592761161681838,2040,7282,564,911,39,133,10,27,9,10
"1252","2020-03-16",17,15,41,220,4614,0.592761161681838,2040,7282,564,911,46,179,21,48,14,21
"1253","2020-03-17",22,15,41,255,4614,0.592761161681838,2040,7282,564,911,42,221,5,53,17,5
"1254","2020-03-18",29,15,43,308,4614,0.592761161681838,2040,7282,564,911,27,248,4,57,10,4
"1255","2020-03-19",41,15,79,349,4614,0.592761161681838,2040,7282,564,911,40,288,11,68,18,11
"1256","2020-03-20",61,15,95,390,4614,0.592761161681838,2040,7282,564,911,41,329,7,75,24,7
"1257","2020-03-21",100,15,108,422,4614,0.592761161681838,2040,7282,564,911,28,357,4,79,14,4
"1258","2020-03-22",120,15,99,461,4614,0.592761161681838,2040,7282,564,911,39,396,3,82,18,3
"1259","2020-03-23",120,15,134,481,4614,0.592761161681838,2040,7282,564,911,32,428,11,93,12,11
"1260","2020-03-24",125,15,143,521,4614,0.592761161681838,2040,7282,564,911,35,463,11,104,19,11
"1261","2020-03-25",141,15,146,558,4614,0.592761161681838,2040,7282,564,911,42,505,6,110,14,6
"1262","2020-03-26",147,15,169,591,4614,0.592761161681838,2040,7282,564,911,51,556,8,118,26,8
"1263","2020-03-27",185,15,186,621,4614,0.592761161681838,2040,7282,564,911,41,597,12,130,13,12
"1264","2020-03-28",189,15,188,636,4614,0.592761161681838,2040,7282,564,911,47,644,9,139,25,9
"1265","2020-03-29",196,15,180,660,4614,0.592761161681838,2040,7282,564,911,64,708,2,141,37,2
"1266","2020-03-30",201,15,164,675,4614,0.592761161681838,2040,7282,564,911,40,748,8,149,22,8
"1267","2020-03-31",201,15,207,708,4614,0.592761161681838,2040,7282,564,911,53,801,4,153,29,4
"1268","2020-04-01",204,15,208,712,4614,0.592761161681838,2040,7282,564,911,48,849,3,156,31,3
"1269","2020-04-02",206,15,225,725,4614,0.592761161681838,2040,7282,564,911,59,908,6,162,28,6
"1270","2020-04-03",262,15,234,734,4614,0.592761161681838,2040,7282,564,911,58,966,12,174,39,12
"1271","2020-04-04",259,15,218,755,4614,0.592761161681838,2040,7282,564,911,57,1023,11,185,31,11
"1272","2020-04-05",239,15,233,762,4614,0.592761161681838,2040,7282,564,911,66,1089,11,196,33,11
"1273","2020-04-06",234,15,228,757,4614,0.592761161681838,2040,7282,564,911,58,1147,8,204,36,8
"1274","2020-04-07",240,15,181,755,4614,0.592761161681838,2040,7282,564,911,52,1199,7,211,22,7
"1275","2020-04-08",241,15,165,743,4614,0.592761161681838,2040,7282,564,911,50,1249,6,217,29,6
"1276","2020-04-09",240,15,201,742,4614,0.592761161681838,2040,7282,564,911,57,1306,19,236,29,19
"1277","2020-04-10",242,15,196,735,4614,0.592761161681838,2040,7282,564,911,60,1366,14,250,28,14
"1278","2020-04-11",245,15,230,743,4614,0.592761161681838,2040,7282,564,911,65,1431,7,257,34,7
"1279","2020-04-12",234,15,252,739,4614,0.592761161681838,2040,7282,564,911,59,1490,13,270,29,13
"1280","2020-04-13",239,15,265,718,4614,0.592761161681838,2040,7282,564,911,58,1548,18,288,31,18
"1281","2020-04-14",227,15,245,706,4614,0.592761161681838,2040,7282,564,911,64,1612,8,296,30,8
"1282","2020-04-15",224,15,212,705,4614,0.592761161681838,2040,7282,564,911,61,1673,25,321,41,25
"1283","2020-04-16",234,15,215,712,4614,0.592761161681838,2040,7282,564,911,77,1750,7,328,37,7
"1284","2020-04-17",242,15,199,720,4614,0.592761161681838,2040,7282,564,911,78,1828,7,335,36,7
"1285","2020-04-18",245,15,171,732,4614,0.592761161681838,2040,7282,564,911,64,1892,19,354,32,19
"1286","2020-04-19",238,15,151,700,4614,0.592761161681838,2040,7282,564,911,62,1954,12,366,34,12
"1287","2020-04-20",225,15,192,686,4614,0.592761161681838,2040,7282,564,911,74,2028,20,386,37,20
"1288","2020-04-21",226,15,191,683,4614,0.592761161681838,2040,7282,564,911,76,2104,11,397,45,11
"1289","2020-04-22",233,15,209,677,4614,0.592761161681838,2040,7282,564,911,57,2161,10,407,27,10
"1290","2020-04-23",235,15,239,686,4614,0.592761161681838,2040,7282,564,911,56,2217,11,418,32,11
"1291","2020-04-24",240,15,224,680,4614,0.592761161681838,2040,7282,564,911,54,2271,9,427,29,9
"1292","2020-04-25",245,15,233,675,4614,0.592761161681838,2040,7282,564,911,56,2327,9,436,24,9
"1293","2020-04-26",234,15,223,639,4614,0.592761161681838,2040,7282,564,911,45,2372,21,457,23,21
"1294","2020-04-27",244,15,244,652,4614,0.592761161681838,2040,7282,564,911,55,2427,15,472,24,15
"1295","2020-04-28",224,15,254,652,4614,0.592761161681838,2040,7282,564,911,59,2486,5,477,35,5
"1296","2020-04-29",216,15,264,659,4614,0.592761161681838,2040,7282,564,911,64,2550,8,485,42,8
"1297","2020-04-30",217,15,249,674,4614,0.592761161681838,2040,7282,564,911,44,2594,6,491,21,6
"1298","2020-05-01",242,15,200,675,4614,0.592761161681838,2040,7282,564,911,54,2648,9,500,27,9
"1299","2020-05-02",237,15,171,664,4614,0.592761161681838,2040,7282,564,911,53,2701,26,526,20,26
"1300","2020-05-03",223,15,164,658,4614,0.592761161681838,2040,7282,564,911,55,2756,19,545,22,19
"1301","2020-05-04",210,15,157,657,4614,0.592761161681838,2040,7282,564,911,56,2812,23,568,29,23
"1302","2020-05-05",214,15,188,646,4614,0.592761161681838,2040,7282,564,911,45,2857,24,592,27,24
"1303","2020-05-06",221,15,180,634,4614,0.592761161681838,2040,7282,564,911,36,2893,11,603,13,11
"1304","2020-05-07",212,15,161,625,4614,0.592761161681838,2040,7282,564,911,49,2942,11,614,28,11
"1305","2020-05-08",207,15,192,627,4614,0.592761161681838,2040,7282,564,911,45,2987,8,622,24,8
"1306","2020-05-09",227,15,229,626,4614,0.592761161681838,2040,7282,564,911,47,3034,10,632,24,10
"1307","2020-05-10",212,15,230,619,4614,0.592761161681838,2040,7282,564,911,55,3089,12,644,30,12
"1308","2020-05-11",211,15,217,634,4614,0.592761161681838,2040,7282,564,911,49,3138,11,655,31,11
"1309","2020-05-12",213,15,210,609,4614,0.592761161681838,2040,7282,564,911,43,3181,19,674,23,19
"1310","2020-05-13",213,15,215,600,4614,0.592761161681838,2040,7282,564,911,52,3233,10,684,26,10
"1311","2020-05-14",213,15,194,585,4614,0.592761161681838,2040,7282,564,911,30,3263,15,699,20,15
"1312","2020-05-15",218,15,156,554,4614,0.592761161681838,2040,7282,564,911,45,3308,10,709,32,10
"1313","2020-05-16",188,15,149,532,4614,0.592761161681838,2040,7282,564,911,40,3348,15,724,24,15
"1314","2020-05-17",185,15,129,516,4614,0.592761161681838,2040,7282,564,911,26,3374,19,743,9,19
"1315","2020-05-18",177,15,115,483,4614,0.592761161681838,2040,7282,564,911,33,3407,15,758,18,15
"1316","2020-05-19",172,15,103,460,4614,0.592761161681838,2040,7282,564,911,35,3442,6,764,16,6
"1317","2020-05-20",166,15,92,438,4614,0.592761161681838,2040,7282,564,911,25,3467,7,771,16,7
"1318","2020-05-21",149,15,107,417,4614,0.592761161681838,2040,7282,564,911,30,3497,19,790,13,19
"1319","2020-05-22",154,15,129,407,4614,0.592761161681838,2040,7282,564,911,34,3531,12,802,18,12
"1320","2020-05-23",157,15,155,394,4614,0.592761161681838,2040,7282,564,911,30,3561,12,814,17,12
"1321","2020-05-24",146,15,152,383,4614,0.592761161681838,2040,7282,564,911,26,3587,9,823,18,9
"1322","2020-05-25",144,15,168,374,4614,0.592761161681838,2040,7282,564,911,22,3609,10,833,17,10
"1323","2020-05-26",130,15,158,348,4614,0.592761161681838,2040,7282,564,911,27,3636,8,841,10,8
"1324","2020-05-27",119,15,147,339,4614,0.592761161681838,2040,7282,564,911,16,3652,15,856,4,15
"1325","2020-05-28",128,15,139,319,4614,0.592761161681838,2040,7282,564,911,24,3676,12,868,11,12
"1326","2020-05-29",119,15,152,313,4614,0.592761161681838,2040,7282,564,911,24,3700,8,876,14,8
"1327","2020-05-30",116,15,166,293,4614,0.592761161681838,2040,7282,564,911,17,3717,8,884,5,8
"1328","2020-05-31",111,15,174,290,4614,0.592761161681838,2040,7282,564,911,13,3730,4,888,5,4
"1329","2020-06-01",110,15,164,278,4614,0.592761161681838,2040,7282,564,911,22,3752,9,897,14,9
"1330","2020-06-02",99,15,153,258,4614,0.592761161681838,2040,7282,564,911,22,3774,10,907,10,10
"1331","2020-06-03",99,15,150,236,4614,0.592761161681838,2040,7282,564,911,11,3785,5,912,5,5
"1332","2020-06-04",90,15,130,222,4614,0.592761161681838,2040,7282,564,911,15,3800,9,921,8,9
"1333","2020-06-05",86,15,129,223,4614,0.592761161681838,2040,7282,564,911,16,3816,5,926,3,5
"1334","2020-06-06",83,15,113,222,4614,0.592761161681838,2040,7282,564,911,8,3824,4,930,1,4
"1335","2020-06-07",71,15,110,209,4614,0.592761161681838,2040,7282,564,911,15,3839,9,939,7,9
"1336","2020-03-08",1,16,0,0,5615,0.904363312555654,2025,6936,617,825,NA,NA,NA,NA,NA,NA
"1337","2020-03-09",1,16,0,0,5615,0.904363312555654,2025,6936,617,825,NA,NA,NA,NA,NA,NA
"1338","2020-03-10",0,16,0,0,5615,0.904363312555654,2025,6936,617,825,NA,NA,1,1,NA,1
"1339","2020-03-11",0,16,0,0,5615,0.904363312555654,2025,6936,617,825,19,19,2,3,NA,2
"1340","2020-03-12",1,16,41,14,5615,0.904363312555654,2025,6936,617,825,18,37,14,17,2,14
"1341","2020-03-13",1,16,45,26,5615,0.904363312555654,2025,6936,617,825,21,58,12,29,3,12
"1342","2020-03-14",3,16,59,34,5615,0.904363312555654,2025,6936,617,825,25,83,20,49,9,20
"1343","2020-03-15",5,16,54,40,5615,0.904363312555654,2025,6936,617,825,25,108,14,63,7,14
"1344","2020-03-16",6,16,61,48,5615,0.904363312555654,2025,6936,617,825,35,143,15,78,19,15
"1345","2020-03-17",10,16,63,64,5615,0.904363312555654,2025,6936,617,825,22,165,23,101,7,23
"1346","2020-03-18",13,16,58,73,5615,0.904363312555654,2025,6936,617,825,27,192,14,115,16,14
"1347","2020-03-19",13,16,70,86,5615,0.904363312555654,2025,6936,617,825,43,235,10,125,30,10
"1348","2020-03-20",17,16,90,109,5615,0.904363312555654,2025,6936,617,825,32,267,27,152,18,27
"1349","2020-03-21",26,16,111,126,5615,0.904363312555654,2025,6936,617,825,39,306,11,163,22,11
"1350","2020-03-22",30,16,105,146,5615,0.904363312555654,2025,6936,617,825,36,342,20,183,19,20
"1351","2020-03-23",36,16,100,170,5615,0.904363312555654,2025,6936,617,825,38,380,15,198,26,15
"1352","2020-03-24",36,16,108,195,5615,0.904363312555654,2025,6936,617,825,62,442,14,212,36,14
"1353","2020-03-25",41,16,102,223,5615,0.904363312555654,2025,6936,617,825,38,480,22,234,27,22
"1354","2020-03-26",48,16,113,271,5615,0.904363312555654,2025,6936,617,825,53,533,22,256,39,22
"1355","2020-03-27",61,16,125,289,5615,0.904363312555654,2025,6936,617,825,55,588,16,272,38,16
"1356","2020-03-28",57,16,119,338,5615,0.904363312555654,2025,6936,617,825,66,654,33,305,49,33
"1357","2020-03-29",78,16,113,385,5615,0.904363312555654,2025,6936,617,825,62,716,23,328,45,23
"1358","2020-03-30",76,16,104,421,5615,0.904363312555654,2025,6936,617,825,51,767,21,349,40,21
"1359","2020-03-31",84,16,117,468,5615,0.904363312555654,2025,6936,617,825,72,839,32,381,50,32
"1360","2020-04-01",90,16,128,513,5615,0.904363312555654,2025,6936,617,825,51,890,26,407,41,26
"1361","2020-04-02",100,16,127,559,5615,0.904363312555654,2025,6936,617,825,83,973,57,464,68,57
"1362","2020-04-03",134,16,132,634,5615,0.904363312555654,2025,6936,617,825,75,1048,51,515,52,51
"1363","2020-04-04",158,16,127,694,5615,0.904363312555654,2025,6936,617,825,84,1132,27,542,63,27
"1364","2020-04-05",187,16,133,756,5615,0.904363312555654,2025,6936,617,825,70,1202,41,583,51,41
"1365","2020-04-06",202,16,135,804,5615,0.904363312555654,2025,6936,617,825,71,1273,37,620,60,37
"1366","2020-04-07",194,16,143,874,5615,0.904363312555654,2025,6936,617,825,73,1346,56,676,56,56
"1367","2020-04-08",200,16,134,911,5615,0.904363312555654,2025,6936,617,825,76,1422,44,720,64,44
"1368","2020-04-09",212,16,126,981,5615,0.904363312555654,2025,6936,617,825,72,1494,38,758,58,38
"1369","2020-04-10",283,16,122,1043,5615,0.904363312555654,2025,6936,617,825,96,1590,60,818,75,60
"1370","2020-04-11",295,16,115,1143,5615,0.904363312555654,2025,6936,617,825,73,1663,58,876,54,58
"1371","2020-04-12",336,16,114,1219,5615,0.904363312555654,2025,6936,617,825,88,1751,67,943,69,67
"1372","2020-04-13",368,16,138,1301,5615,0.904363312555654,2025,6936,617,825,96,1847,59,1002,75,59
"1373","2020-04-14",367,16,165,1338,5615,0.904363312555654,2025,6936,617,825,102,1949,50,1052,80,50
"1374","2020-04-15",411,16,184,1369,5615,0.904363312555654,2025,6936,617,825,83,2032,46,1098,65,46
"1375","2020-04-16",432,16,198,1433,5615,0.904363312555654,2025,6936,617,825,95,2127,47,1145,72,47
"1376","2020-04-17",489,16,205,1456,5615,0.904363312555654,2025,6936,617,825,70,2197,28,1173,53,28
"1377","2020-04-18",524,16,206,1481,5615,0.904363312555654,2025,6936,617,825,110,2307,29,1202,84,29
"1378","2020-04-19",484,16,205,1522,5615,0.904363312555654,2025,6936,617,825,79,2386,39,1241,67,39
"1379","2020-04-20",472,16,201,1530,5615,0.904363312555654,2025,6936,617,825,101,2487,31,1272,76,31
"1380","2020-04-21",469,16,192,1571,5615,0.904363312555654,2025,6936,617,825,60,2547,57,1329,47,57
"1381","2020-04-22",466,16,180,1614,5615,0.904363312555654,2025,6936,617,825,81,2628,33,1362,62,33
"1382","2020-04-23",491,16,170,1590,5615,0.904363312555654,2025,6936,617,825,70,2698,35,1397,53,35
"1383","2020-04-24",570,16,169,1594,5615,0.904363312555654,2025,6936,617,825,77,2775,48,1445,62,48
"1384","2020-04-25",578,16,174,1570,5615,0.904363312555654,2025,6936,617,825,67,2842,33,1478,54,33
"1385","2020-04-26",538,16,174,1604,5615,0.904363312555654,2025,6936,617,825,91,2933,51,1529,71,51
"1386","2020-04-27",529,16,188,1568,5615,0.904363312555654,2025,6936,617,825,61,2994,35,1564,47,35
"1387","2020-04-28",529,16,180,1550,5615,0.904363312555654,2025,6936,617,825,66,3060,27,1591,48,27
"1388","2020-04-29",526,16,167,1507,5615,0.904363312555654,2025,6936,617,825,61,3121,39,1630,51,39
"1389","2020-04-30",503,16,190,1453,5615,0.904363312555654,2025,6936,617,825,76,3197,53,1683,58,53
"1390","2020-05-01",515,16,206,1365,5615,0.904363312555654,2025,6936,617,825,49,3246,40,1723,34,40
"1391","2020-05-02",504,16,214,1294,5615,0.904363312555654,2025,6936,617,825,65,3311,48,1771,47,48
"1392","2020-05-03",453,16,189,1205,5615,0.904363312555654,2025,6936,617,825,49,3360,61,1832,38,61
"1393","2020-05-04",441,16,180,1143,5615,0.904363312555654,2025,6936,617,825,61,3421,51,1883,41,51
"1394","2020-05-05",434,16,179,1072,5615,0.904363312555654,2025,6936,617,825,54,3475,38,1921,43,38
"1395","2020-05-06",422,16,180,1018,5615,0.904363312555654,2025,6936,617,825,58,3533,38,1959,43,38
"1396","2020-05-07",398,16,187,947,5615,0.904363312555654,2025,6936,617,825,48,3581,31,1990,33,31
"1397","2020-05-08",337,16,168,882,5615,0.904363312555654,2025,6936,617,825,47,3628,50,2040,36,50
"1398","2020-05-09",320,16,160,835,5615,0.904363312555654,2025,6936,617,825,40,3668,41,2081,31,41
"1399","2020-05-10",303,16,152,779,5615,0.904363312555654,2025,6936,617,825,43,3711,46,2127,31,46
"1400","2020-05-11",289,16,163,726,5615,0.904363312555654,2025,6936,617,825,44,3755,46,2173,34,46
"1401","2020-05-12",263,16,168,660,5615,0.904363312555654,2025,6936,617,825,36,3791,26,2199,27,26
"1402","2020-05-13",235,16,167,593,5615,0.904363312555654,2025,6936,617,825,39,3830,28,2227,27,28
"1403","2020-05-14",228,16,155,560,5615,0.904363312555654,2025,6936,617,825,31,3861,28,2255,23,28
"1404","2020-05-15",216,16,158,525,5615,0.904363312555654,2025,6936,617,825,33,3894,33,2288,23,33
"1405","2020-05-16",202,16,153,485,5615,0.904363312555654,2025,6936,617,825,26,3920,26,2314,18,26
"1406","2020-05-17",186,16,147,442,5615,0.904363312555654,2025,6936,617,825,31,3951,38,2352,20,38
"1407","2020-05-18",176,16,157,408,5615,0.904363312555654,2025,6936,617,825,29,3980,32,2384,21,32
"1408","2020-05-19",161,16,173,385,5615,0.904363312555654,2025,6936,617,825,34,4014,32,2416,24,32
"1409","2020-05-20",155,16,187,354,5615,0.904363312555654,2025,6936,617,825,36,4050,33,2449,25,33
"1410","2020-05-21",147,16,183,307,5615,0.904363312555654,2025,6936,617,825,33,4083,42,2491,24,42
"1411","2020-05-22",140,16,176,274,5615,0.904363312555654,2025,6936,617,825,26,4109,42,2533,15,42
"1412","2020-05-23",129,16,173,247,5615,0.904363312555654,2025,6936,617,825,30,4139,29,2562,22,29
"1413","2020-05-24",109,16,162,225,5615,0.904363312555654,2025,6936,617,825,25,4164,48,2610,19,48
"1414","2020-05-25",97,16,155,195,5615,0.904363312555654,2025,6936,617,825,22,4186,31,2641,14,31
"1415","2020-05-26",93,16,152,184,5615,0.904363312555654,2025,6936,617,825,14,4200,28,2669,9,28
"1416","2020-05-27",87,16,134,167,5615,0.904363312555654,2025,6936,617,825,23,4223,27,2696,17,27
"1417","2020-05-28",77,16,129,154,5615,0.904363312555654,2025,6936,617,825,21,4244,24,2720,13,24
"1418","2020-05-29",57,16,144,139,5615,0.904363312555654,2025,6936,617,825,29,4273,29,2749,21,29
"1419","2020-05-30",59,16,147,127,5615,0.904363312555654,2025,6936,617,825,14,4287,44,2793,10,44
"1420","2020-05-31",47,16,149,109,5615,0.904363312555654,2025,6936,617,825,19,4306,30,2823,11,30
"1421","2020-06-01",43,16,155,99,5615,0.904363312555654,2025,6936,617,825,12,4318,29,2852,8,29
"1422","2020-06-02",36,16,155,88,5615,0.904363312555654,2025,6936,617,825,14,4332,25,2877,11,25
"1423","2020-06-03",32,16,146,81,5615,0.904363312555654,2025,6936,617,825,18,4350,35,2912,10,35
"1424","2020-06-04",35,16,149,77,5615,0.904363312555654,2025,6936,617,825,13,4363,40,2952,7,40
"1425","2020-06-05",35,16,145,70,5615,0.904363312555654,2025,6936,617,825,20,4383,40,2992,11,40
"1426","2020-06-06",36,16,143,68,5615,0.904363312555654,2025,6936,617,825,15,4398,20,3012,13,20
"1427","2020-06-07",33,16,139,63,5615,0.904363312555654,2025,6936,617,825,12,4410,36,3048,8,36
"1428","2020-03-07",1,17,0,0,4834,0.765411667356227,2025,7081,517,497,NA,NA,NA,NA,NA,NA
"1429","2020-03-08",1,17,0,0,4834,0.765411667356227,2025,7081,517,497,NA,NA,NA,NA,NA,NA
"1430","2020-03-09",0,17,0,0,4834,0.765411667356227,2025,7081,517,497,NA,NA,NA,NA,NA,NA
"1431","2020-03-10",0,17,0,0,4834,0.765411667356227,2025,7081,517,497,NA,NA,2,2,NA,2
"1432","2020-03-11",0,17,0,0,4834,0.765411667356227,2025,7081,517,497,2,2,13,15,1,13
"1433","2020-03-12",0,17,0,0,4834,0.765411667356227,2025,7081,517,497,4,6,8,23,3,8
"1434","2020-03-13",0,17,0,0,4834,0.765411667356227,2025,7081,517,497,4,10,10,33,2,10
"1435","2020-03-14",3,17,50,55,4834,0.765411667356227,2025,7081,517,497,9,19,4,37,8,4
"1436","2020-03-15",7,17,54,71,4834,0.765411667356227,2025,7081,517,497,6,25,1,38,6,1
"1437","2020-03-16",9,17,72,89,4834,0.765411667356227,2025,7081,517,497,13,38,1,39,10,1
"1438","2020-03-17",11,17,80,123,4834,0.765411667356227,2025,7081,517,497,8,46,NA,NA,7,NA
"1439","2020-03-18",14,17,88,147,4834,0.765411667356227,2025,7081,517,497,5,51,NA,NA,5,NA
"1440","2020-03-19",17,17,78,175,4834,0.765411667356227,2025,7081,517,497,18,69,1,40,16,1
"1441","2020-03-20",25,17,97,197,4834,0.765411667356227,2025,7081,517,497,13,82,3,43,12,3
"1442","2020-03-21",52,17,94,225,4834,0.765411667356227,2025,7081,517,497,11,93,1,44,10,1
"1443","2020-03-22",62,17,84,256,4834,0.765411667356227,2025,7081,517,497,14,107,1,45,9,1
"1444","2020-03-23",58,17,78,301,4834,0.765411667356227,2025,7081,517,497,11,118,15,60,9,15
"1445","2020-03-24",62,17,76,311,4834,0.765411667356227,2025,7081,517,497,24,142,14,74,23,14
"1446","2020-03-25",67,17,81,344,4834,0.765411667356227,2025,7081,517,497,17,159,9,83,17,9
"1447","2020-03-26",75,17,91,360,4834,0.765411667356227,2025,7081,517,497,19,178,18,101,16,18
"1448","2020-03-27",103,17,108,382,4834,0.765411667356227,2025,7081,517,497,30,208,28,129,30,28
"1449","2020-03-28",113,17,117,417,4834,0.765411667356227,2025,7081,517,497,38,246,22,151,34,22
"1450","2020-03-29",120,17,126,457,4834,0.765411667356227,2025,7081,517,497,41,287,17,168,37,17
"1451","2020-03-30",123,17,124,506,4834,0.765411667356227,2025,7081,517,497,48,335,11,179,47,11
"1452","2020-03-31",127,17,124,545,4834,0.765411667356227,2025,7081,517,497,50,385,15,194,45,15
"1453","2020-04-01",144,17,104,615,4834,0.765411667356227,2025,7081,517,497,58,443,21,215,52,21
"1454","2020-04-02",152,17,109,645,4834,0.765411667356227,2025,7081,517,497,62,505,19,234,54,19
"1455","2020-04-03",174,17,95,679,4834,0.765411667356227,2025,7081,517,497,74,579,19,253,70,19
"1456","2020-04-04",192,17,98,710,4834,0.765411667356227,2025,7081,517,497,72,651,33,286,69,33
"1457","2020-04-05",222,17,95,775,4834,0.765411667356227,2025,7081,517,497,78,729,18,304,76,18
"1458","2020-04-06",223,17,94,841,4834,0.765411667356227,2025,7081,517,497,77,806,12,316,77,12
"1459","2020-04-07",228,17,113,861,4834,0.765411667356227,2025,7081,517,497,84,890,13,329,83,13
"1460","2020-04-08",234,17,111,899,4834,0.765411667356227,2025,7081,517,497,112,1002,11,340,108,11
"1461","2020-04-09",262,17,141,960,4834,0.765411667356227,2025,7081,517,497,108,1110,8,348,106,8
"1462","2020-04-10",352,17,149,994,4834,0.765411667356227,2025,7081,517,497,122,1232,3,351,118,3
"1463","2020-04-11",353,17,148,1021,4834,0.765411667356227,2025,7081,517,497,107,1339,5,356,101,5
"1464","2020-04-12",340,17,143,1046,4834,0.765411667356227,2025,7081,517,497,144,1483,2,358,139,2
"1465","2020-04-13",351,17,144,1037,4834,0.765411667356227,2025,7081,517,497,117,1600,26,384,110,26
"1466","2020-04-14",352,17,144,1045,4834,0.765411667356227,2025,7081,517,497,156,1756,29,413,155,29
"1467","2020-04-15",370,17,140,1068,4834,0.765411667356227,2025,7081,517,497,142,1898,37,450,140,37
"1468","2020-04-16",372,17,156,1058,4834,0.765411667356227,2025,7081,517,497,123,2021,26,476,118,26
"1469","2020-04-17",384,17,153,1064,4834,0.765411667356227,2025,7081,517,497,172,2193,28,504,167,28
"1470","2020-04-18",392,17,152,1078,4834,0.765411667356227,2025,7081,517,497,148,2341,25,529,146,25
"1471","2020-04-19",360,17,172,1045,4834,0.765411667356227,2025,7081,517,497,141,2482,25,554,139,25
"1472","2020-04-20",361,17,163,1041,4834,0.765411667356227,2025,7081,517,497,144,2626,26,580,141,26
"1473","2020-04-21",349,17,166,1042,4834,0.765411667356227,2025,7081,517,497,160,2786,34,614,152,34
"1474","2020-04-22",344,17,156,1028,4834,0.765411667356227,2025,7081,517,497,165,2951,20,634,162,20
"1475","2020-04-23",334,17,171,1020,4834,0.765411667356227,2025,7081,517,497,131,3082,20,654,128,20
"1476","2020-04-24",351,17,206,1009,4834,0.765411667356227,2025,7081,517,497,206,3288,14,668,202,14
"1477","2020-04-25",370,17,200,1010,4834,0.765411667356227,2025,7081,517,497,131,3419,25,693,128,25
"1478","2020-04-26",356,17,192,999,4834,0.765411667356227,2025,7081,517,497,114,3533,32,725,111,32
"1479","2020-04-27",344,17,197,980,4834,0.765411667356227,2025,7081,517,497,136,3669,39,764,136,39
"1480","2020-04-28",327,17,188,935,4834,0.765411667356227,2025,7081,517,497,150,3819,24,788,148,24
"1481","2020-04-29",320,17,189,941,4834,0.765411667356227,2025,7081,517,497,152,3971,13,801,152,13
"1482","2020-04-30",312,17,163,900,4834,0.765411667356227,2025,7081,517,497,123,4094,10,811,120,10
"1483","2020-05-01",322,17,141,865,4834,0.765411667356227,2025,7081,517,497,89,4183,6,817,85,6
"1484","2020-05-02",317,17,124,831,4834,0.765411667356227,2025,7081,517,497,94,4277,6,823,90,6
"1485","2020-05-03",293,17,126,806,4834,0.765411667356227,2025,7081,517,497,103,4380,3,826,102,3
"1486","2020-05-04",292,17,128,759,4834,0.765411667356227,2025,7081,517,497,75,4455,14,840,73,14
"1487","2020-05-05",285,17,125,760,4834,0.765411667356227,2025,7081,517,497,74,4529,6,846,74,6
"1488","2020-05-06",270,17,141,734,4834,0.765411667356227,2025,7081,517,497,109,4638,30,876,108,30
"1489","2020-05-07",271,17,144,717,4834,0.765411667356227,2025,7081,517,497,75,4713,15,891,73,15
"1490","2020-05-08",260,17,148,683,4834,0.765411667356227,2025,7081,517,497,71,4784,6,897,70,6
"1491","2020-05-09",238,17,164,663,4834,0.765411667356227,2025,7081,517,497,65,4849,19,916,61,19
"1492","2020-05-10",230,17,161,633,4834,0.765411667356227,2025,7081,517,497,56,4905,12,928,54,12
"1493","2020-05-11",222,17,149,622,4834,0.765411667356227,2025,7081,517,497,64,4969,33,961,61,33
"1494","2020-05-12",223,17,143,605,4834,0.765411667356227,2025,7081,517,497,47,5016,32,993,43,32
"1495","2020-05-13",226,17,122,577,4834,0.765411667356227,2025,7081,517,497,49,5065,27,1020,48,27
"1496","2020-05-14",218,17,113,549,4834,0.765411667356227,2025,7081,517,497,44,5109,27,1047,42,27
"1497","2020-05-15",207,17,103,510,4834,0.765411667356227,2025,7081,517,497,45,5154,22,1069,43,22
"1498","2020-05-16",190,17,108,487,4834,0.765411667356227,2025,7081,517,497,32,5186,36,1105,31,36
"1499","2020-05-17",176,17,117,442,4834,0.765411667356227,2025,7081,517,497,47,5233,27,1132,46,27
"1500","2020-05-18",173,17,106,427,4834,0.765411667356227,2025,7081,517,497,46,5279,32,1164,42,32
"1501","2020-05-19",160,17,94,412,4834,0.765411667356227,2025,7081,517,497,34,5313,22,1186,34,22
"1502","2020-05-20",145,17,87,391,4834,0.765411667356227,2025,7081,517,497,16,5329,25,1211,16,25
"1503","2020-05-21",135,17,85,382,4834,0.765411667356227,2025,7081,517,497,21,5350,13,1224,20,13
"1504","2020-05-22",117,17,80,368,4834,0.765411667356227,2025,7081,517,497,27,5377,5,1229,27,5
"1505","2020-05-23",133,17,77,342,4834,0.765411667356227,2025,7081,517,497,22,5399,9,1238,22,9
"1506","2020-05-24",122,17,82,325,4834,0.765411667356227,2025,7081,517,497,14,5413,9,1247,14,9
"1507","2020-05-25",115,17,86,319,4834,0.765411667356227,2025,7081,517,497,16,5429,16,1263,14,16
"1508","2020-05-26",110,17,75,308,4834,0.765411667356227,2025,7081,517,497,18,5447,9,1272,18,9
"1509","2020-05-27",111,17,88,287,4834,0.765411667356227,2025,7081,517,497,12,5459,23,1295,10,23
"1510","2020-05-28",109,17,99,279,4834,0.765411667356227,2025,7081,517,497,13,5472,25,1320,12,25
"1511","2020-05-29",108,17,107,260,4834,0.765411667356227,2025,7081,517,497,8,5480,13,1333,7,13
"1512","2020-05-30",93,17,116,253,4834,0.765411667356227,2025,7081,517,497,12,5492,16,1349,10,16
"1513","2020-05-31",85,17,121,232,4834,0.765411667356227,2025,7081,517,497,7,5499,20,1369,7,20
"1514","2020-06-01",88,17,126,226,4834,0.765411667356227,2025,7081,517,497,3,5502,18,1387,3,18
"1515","2020-06-02",81,17,108,213,4834,0.765411667356227,2025,7081,517,497,7,5509,25,1412,6,25
"1516","2020-06-03",76,17,100,195,4834,0.765411667356227,2025,7081,517,497,6,5515,12,1424,5,12
"1517","2020-06-04",68,17,100,195,4834,0.765411667356227,2025,7081,517,497,12,5527,22,1446,11,22
"1518","2020-06-05",71,17,98,182,4834,0.765411667356227,2025,7081,517,497,8,5535,11,1457,8,11
"1519","2020-06-06",62,17,99,165,4834,0.765411667356227,2025,7081,517,497,12,5547,4,1461,11,4
"1520","2020-06-07",52,17,89,158,4834,0.765411667356227,2025,7081,517,497,7,5554,6,1467,6,6
"1521","2020-03-13",2,18,70,27,4883,0.888593078025804,1965,7022,569,794,6,14,19,39,1,19
"1522","2020-03-14",7,18,76,35,4883,0.888593078025804,1965,7022,569,794,5,19,6,45,NA,6
"1523","2020-03-15",5,18,85,50,4883,0.888593078025804,1965,7022,569,794,10,29,6,51,3,6
"1524","2020-03-16",3,18,82,69,4883,0.888593078025804,1965,7022,569,794,10,39,7,58,5,7
"1525","2020-03-17",5,18,74,85,4883,0.888593078025804,1965,7022,569,794,14,53,15,73,9,15
"1526","2020-03-18",7,18,79,106,4883,0.888593078025804,1965,7022,569,794,11,64,11,84,7,11
"1527","2020-03-19",12,18,73,134,4883,0.888593078025804,1965,7022,569,794,13,77,11,95,13,11
"1528","2020-03-20",21,18,89,154,4883,0.888593078025804,1965,7022,569,794,16,93,6,101,9,6
"1529","2020-03-21",26,18,84,178,4883,0.888593078025804,1965,7022,569,794,11,104,8,109,5,8
"1530","2020-03-22",37,18,90,216,4883,0.888593078025804,1965,7022,569,794,25,129,9,118,21,9
"1531","2020-03-23",47,18,77,234,4883,0.888593078025804,1965,7022,569,794,23,152,2,120,19,2
"1532","2020-03-24",52,18,71,264,4883,0.888593078025804,1965,7022,569,794,25,177,1,121,23,1
"1533","2020-03-25",65,18,69,289,4883,0.888593078025804,1965,7022,569,794,26,203,1,122,23,1
"1534","2020-03-26",68,18,77,318,4883,0.888593078025804,1965,7022,569,794,32,235,3,125,21,3
"1535","2020-03-27",84,18,84,355,4883,0.888593078025804,1965,7022,569,794,50,285,1,126,44,1
"1536","2020-03-28",90,18,79,376,4883,0.888593078025804,1965,7022,569,794,51,336,NA,NA,43,NA
"1537","2020-03-29",102,18,78,411,4883,0.888593078025804,1965,7022,569,794,38,374,5,131,36,5
"1538","2020-03-30",107,18,92,425,4883,0.888593078025804,1965,7022,569,794,35,409,10,141,33,10
"1539","2020-03-31",123,18,105,447,4883,0.888593078025804,1965,7022,569,794,49,458,8,149,44,8
"1540","2020-04-01",119,18,101,459,4883,0.888593078025804,1965,7022,569,794,57,515,23,172,52,23
"1541","2020-04-02",132,18,104,496,4883,0.888593078025804,1965,7022,569,794,49,564,15,187,45,15
"1542","2020-04-03",156,18,122,511,4883,0.888593078025804,1965,7022,569,794,44,608,10,197,41,10
"1543","2020-04-04",166,18,114,546,4883,0.888593078025804,1965,7022,569,794,70,678,4,201,65,4
"1544","2020-04-05",182,18,119,570,4883,0.888593078025804,1965,7022,569,794,85,763,4,205,73,4
"1545","2020-04-06",183,18,124,596,4883,0.888593078025804,1965,7022,569,794,73,836,21,226,69,21
"1546","2020-04-07",174,18,153,616,4883,0.888593078025804,1965,7022,569,794,91,927,36,262,85,36
"1547","2020-04-08",185,18,166,656,4883,0.888593078025804,1965,7022,569,794,93,1020,41,303,88,41
"1548","2020-04-09",194,18,181,707,4883,0.888593078025804,1965,7022,569,794,126,1146,32,335,120,32
"1549","2020-04-10",229,18,160,734,4883,0.888593078025804,1965,7022,569,794,100,1246,25,360,96,25
"1550","2020-04-11",274,18,148,760,4883,0.888593078025804,1965,7022,569,794,126,1372,28,388,119,28
"1551","2020-04-12",252,18,137,800,4883,0.888593078025804,1965,7022,569,794,123,1495,24,412,122,24
"1552","2020-04-13",252,18,146,831,4883,0.888593078025804,1965,7022,569,794,127,1622,33,445,124,33
"1553","2020-04-14",251,18,140,858,4883,0.888593078025804,1965,7022,569,794,130,1752,22,467,124,22
"1554","2020-04-15",267,18,131,895,4883,0.888593078025804,1965,7022,569,794,164,1916,10,477,157,10
"1555","2020-04-16",261,18,145,918,4883,0.888593078025804,1965,7022,569,794,150,2066,17,494,144,17
"1556","2020-04-17",312,18,135,917,4883,0.888593078025804,1965,7022,569,794,138,2204,6,500,134,6
"1557","2020-04-18",305,18,134,949,4883,0.888593078025804,1965,7022,569,794,177,2381,12,512,177,12
"1558","2020-04-19",282,18,155,943,4883,0.888593078025804,1965,7022,569,794,160,2541,22,534,159,22
"1559","2020-04-20",288,18,157,973,4883,0.888593078025804,1965,7022,569,794,131,2672,18,552,128,18
"1560","2020-04-21",283,18,167,984,4883,0.888593078025804,1965,7022,569,794,176,2848,14,566,170,14
"1561","2020-04-22",278,18,158,1006,4883,0.888593078025804,1965,7022,569,794,147,2995,11,577,141,11
"1562","2020-04-23",300,18,169,1008,4883,0.888593078025804,1965,7022,569,794,141,3136,15,592,134,15
"1563","2020-04-24",319,18,155,996,4883,0.888593078025804,1965,7022,569,794,119,3255,12,604,115,12
"1564","2020-04-25",322,18,128,991,4883,0.888593078025804,1965,7022,569,794,152,3407,32,636,147,32
"1565","2020-04-26",328,18,115,1026,4883,0.888593078025804,1965,7022,569,794,120,3527,18,654,116,18
"1566","2020-04-27",318,18,137,1023,4883,0.888593078025804,1965,7022,569,794,116,3643,29,683,113,29
"1567","2020-04-28",323,18,132,1035,4883,0.888593078025804,1965,7022,569,794,115,3758,24,707,111,24
"1568","2020-04-29",334,18,119,1032,4883,0.888593078025804,1965,7022,569,794,116,3874,18,725,111,18
"1569","2020-04-30",324,18,120,1030,4883,0.888593078025804,1965,7022,569,794,109,3983,28,753,107,28
"1570","2020-05-01",364,18,145,1063,4883,0.888593078025804,1965,7022,569,794,101,4084,38,791,99,38
"1571","2020-05-02",377,18,146,1082,4883,0.888593078025804,1965,7022,569,794,107,4191,30,821,105,30
"1572","2020-05-03",362,18,144,1077,4883,0.888593078025804,1965,7022,569,794,99,4290,23,844,97,23
"1573","2020-05-04",373,18,111,1077,4883,0.888593078025804,1965,7022,569,794,77,4367,25,869,75,25
"1574","2020-05-05",374,18,101,1056,4883,0.888593078025804,1965,7022,569,794,89,4456,28,897,85,28
"1575","2020-05-06",369,18,93,1021,4883,0.888593078025804,1965,7022,569,794,72,4528,15,912,69,15
"1576","2020-05-07",358,18,95,975,4883,0.888593078025804,1965,7022,569,794,75,4603,9,921,75,9
"1577","2020-05-08",373,18,91,991,4883,0.888593078025804,1965,7022,569,794,53,4656,10,931,52,10
"1578","2020-05-09",351,18,108,948,4883,0.888593078025804,1965,7022,569,794,86,4742,10,941,83,10
"1579","2020-05-10",324,18,105,928,4883,0.888593078025804,1965,7022,569,794,55,4797,22,963,53,22
"1580","2020-05-11",307,18,92,888,4883,0.888593078025804,1965,7022,569,794,53,4850,36,999,50,36
"1581","2020-05-12",294,18,85,854,4883,0.888593078025804,1965,7022,569,794,71,4921,20,1019,67,20
"1582","2020-05-13",283,18,109,831,4883,0.888593078025804,1965,7022,569,794,45,4966,16,1035,44,16
"1583","2020-05-14",293,18,108,801,4883,0.888593078025804,1965,7022,569,794,34,5000,32,1067,32,32
"1584","2020-05-15",278,18,99,768,4883,0.888593078025804,1965,7022,569,794,34,5034,34,1101,31,34
"1585","2020-05-16",272,18,89,712,4883,0.888593078025804,1965,7022,569,794,38,5072,31,1132,37,31
"1586","2020-05-17",267,18,87,675,4883,0.888593078025804,1965,7022,569,794,25,5097,32,1164,24,32
"1587","2020-05-18",257,18,79,629,4883,0.888593078025804,1965,7022,569,794,32,5129,42,1206,32,42
"1588","2020-05-19",239,18,78,577,4883,0.888593078025804,1965,7022,569,794,25,5154,33,1239,23,33
"1589","2020-05-20",235,18,104,549,4883,0.888593078025804,1965,7022,569,794,26,5180,25,1264,23,25
"1590","2020-05-21",219,18,124,504,4883,0.888593078025804,1965,7022,569,794,18,5198,22,1286,17,22
"1591","2020-05-22",192,18,133,468,4883,0.888593078025804,1965,7022,569,794,28,5226,30,1316,26,30
"1592","2020-05-23",172,18,134,420,4883,0.888593078025804,1965,7022,569,794,19,5245,17,1333,18,17
"1593","2020-05-24",152,18,126,401,4883,0.888593078025804,1965,7022,569,794,20,5265,24,1357,16,24
"1594","2020-05-25",160,18,130,356,4883,0.888593078025804,1965,7022,569,794,12,5277,22,1379,9,22
"1595","2020-05-26",147,18,139,323,4883,0.888593078025804,1965,7022,569,794,14,5291,29,1408,13,29
"1596","2020-05-27",134,18,137,294,4883,0.888593078025804,1965,7022,569,794,13,5304,10,1418,13,10
"1597","2020-05-28",129,18,119,263,4883,0.888593078025804,1965,7022,569,794,9,5313,9,1427,8,9
"1598","2020-05-29",128,18,104,236,4883,0.888593078025804,1965,7022,569,794,15,5328,14,1441,15,14
"1599","2020-05-30",129,18,105,218,4883,0.888593078025804,1965,7022,569,794,14,5342,15,1456,12,15
"1600","2020-05-31",101,18,97,208,4883,0.888593078025804,1965,7022,569,794,10,5352,21,1477,10,21
"1601","2020-06-01",85,18,92,194,4883,0.888593078025804,1965,7022,569,794,13,5365,11,1488,11,11
"1602","2020-06-02",81,18,97,177,4883,0.888593078025804,1965,7022,569,794,10,5375,12,1500,10,12
"1603","2020-06-03",81,18,91,163,4883,0.888593078025804,1965,7022,569,794,9,5384,13,1513,9,13
"1604","2020-06-04",71,18,85,163,4883,0.888593078025804,1965,7022,569,794,8,5392,23,1536,7,23
"1605","2020-06-05",67,18,89,151,4883,0.888593078025804,1965,7022,569,794,8,5400,7,1543,8,7
"1606","2020-06-06",69,18,84,136,4883,0.888593078025804,1965,7022,569,794,7,5407,5,1548,4,5
"1607","2020-06-07",70,18,82,131,4883,0.888593078025804,1965,7022,569,794,11,5418,13,1561,10,13
"1608","2020-03-08",1,19,0,0,3318,0.634418324291742,1995,5784,340,403,NA,NA,NA,NA,NA,NA
"1609","2020-03-09",1,19,0,0,3318,0.634418324291742,1995,5784,340,403,NA,NA,NA,NA,NA,NA
"1610","2020-03-10",0,19,0,0,3318,0.634418324291742,1995,5784,340,403,NA,NA,NA,NA,NA,NA
"1611","2020-03-11",0,19,0,0,3318,0.634418324291742,1995,5784,340,403,17,17,8,8,NA,8
"1612","2020-03-12",0,19,0,0,3318,0.634418324291742,1995,5784,340,403,22,39,18,26,1,18
"1613","2020-03-13",0,19,0,0,3318,0.634418324291742,1995,5784,340,403,22,61,19,45,8,19
"1614","2020-03-14",7,19,48,47,3318,0.634418324291742,1995,5784,340,403,18,79,5,50,7,5
"1615","2020-03-15",7,19,54,64,3318,0.634418324291742,1995,5784,340,403,27,106,6,56,12,6
"1616","2020-03-16",8,19,47,81,3318,0.634418324291742,1995,5784,340,403,23,129,3,59,10,3
"1617","2020-03-17",10,19,40,110,3318,0.634418324291742,1995,5784,340,403,45,174,4,63,32,4
"1618","2020-03-18",17,19,34,134,3318,0.634418324291742,1995,5784,340,403,37,211,1,64,22,1
"1619","2020-03-19",18,19,42,153,3318,0.634418324291742,1995,5784,340,403,43,254,4,68,20,4
"1620","2020-03-20",24,19,39,166,3318,0.634418324291742,1995,5784,340,403,51,305,4,72,42,4
"1621","2020-03-21",43,19,38,185,3318,0.634418324291742,1995,5784,340,403,50,355,6,78,35,6
"1622","2020-03-22",51,19,37,218,3318,0.634418324291742,1995,5784,340,403,58,413,8,86,40,8
"1623","2020-03-23",48,19,40,240,3318,0.634418324291742,1995,5784,340,403,65,478,18,104,49,18
"1624","2020-03-24",53,19,33,244,3318,0.634418324291742,1995,5784,340,403,71,549,22,126,56,22
"1625","2020-03-25",55,19,32,268,3318,0.634418324291742,1995,5784,340,403,62,611,21,147,53,21
"1626","2020-03-26",59,19,37,287,3318,0.634418324291742,1995,5784,340,403,83,694,17,164,68,17
"1627","2020-03-27",76,19,29,309,3318,0.634418324291742,1995,5784,340,403,87,781,9,173,75,9
"1628","2020-03-28",70,19,25,317,3318,0.634418324291742,1995,5784,340,403,95,876,16,189,81,16
"1629","2020-03-29",83,19,36,329,3318,0.634418324291742,1995,5784,340,403,106,982,33,222,86,33
"1630","2020-03-30",92,19,40,357,3318,0.634418324291742,1995,5784,340,403,137,1119,30,252,124,30
"1631","2020-03-31",91,19,46,357,3318,0.634418324291742,1995,5784,340,403,88,1207,16,268,77,16
"1632","2020-04-01",99,19,57,374,3318,0.634418324291742,1995,5784,340,403,123,1330,22,290,106,22
"1633","2020-04-02",106,19,65,387,3318,0.634418324291742,1995,5784,340,403,123,1453,8,298,110,8
"1634","2020-04-03",117,19,77,403,3318,0.634418324291742,1995,5784,340,403,132,1585,13,311,115,13
"1635","2020-04-04",138,19,83,409,3318,0.634418324291742,1995,5784,340,403,122,1707,30,341,109,30
"1636","2020-04-05",138,19,95,434,3318,0.634418324291742,1995,5784,340,403,135,1842,15,356,121,15
"1637","2020-04-06",132,19,96,440,3318,0.634418324291742,1995,5784,340,403,154,1996,16,372,141,16
"1638","2020-04-07",144,19,105,466,3318,0.634418324291742,1995,5784,340,403,142,2138,7,379,129,7
"1639","2020-04-08",145,19,97,482,3318,0.634418324291742,1995,5784,340,403,125,2263,9,388,115,9
"1640","2020-04-09",146,19,91,487,3318,0.634418324291742,1995,5784,340,403,140,2403,25,413,122,25
"1641","2020-04-10",163,19,105,498,3318,0.634418324291742,1995,5784,340,403,117,2520,8,421,105,8
"1642","2020-04-11",160,19,110,503,3318,0.634418324291742,1995,5784,340,403,137,2657,12,433,126,12
"1643","2020-04-12",141,19,102,516,3318,0.634418324291742,1995,5784,340,403,139,2796,12,445,112,12
"1644","2020-04-13",155,19,99,520,3318,0.634418324291742,1995,5784,340,403,141,2937,26,471,123,26
"1645","2020-04-14",147,19,101,525,3318,0.634418324291742,1995,5784,340,403,112,3049,13,484,102,13
"1646","2020-04-15",148,19,106,537,3318,0.634418324291742,1995,5784,340,403,142,3191,17,501,121,17
"1647","2020-04-16",159,19,101,564,3318,0.634418324291742,1995,5784,340,403,145,3336,18,519,135,18
"1648","2020-04-17",163,19,95,556,3318,0.634418324291742,1995,5784,340,403,140,3476,18,537,125,18
"1649","2020-04-18",163,19,111,570,3318,0.634418324291742,1995,5784,340,403,106,3582,10,547,98,11
"1650","2020-04-19",188,19,107,573,3318,0.634418324291742,1995,5784,340,403,95,3677,12,559,81,12
"1651","2020-04-20",180,19,98,570,3318,0.634418324291742,1995,5784,340,403,121,3798,25,584,107,25
"1652","2020-04-21",177,19,96,587,3318,0.634418324291742,1995,5784,340,403,92,3890,34,618,80,34
"1653","2020-04-22",175,19,84,593,3318,0.634418324291742,1995,5784,340,403,108,3998,22,640,92,22
"1654","2020-04-23",168,19,81,584,3318,0.634418324291742,1995,5784,340,403,81,4079,18,658,73,18
"1655","2020-04-24",194,19,80,575,3318,0.634418324291742,1995,5784,340,403,91,4170,8,666,82,8
"1656","2020-04-25",204,19,70,584,3318,0.634418324291742,1995,5784,340,403,81,4251,7,673,72,7
"1657","2020-04-26",188,19,70,579,3318,0.634418324291742,1995,5784,340,403,90,4341,7,680,74,7
"1658","2020-04-27",189,19,74,553,3318,0.634418324291742,1995,5784,340,403,99,4440,4,684,89,4
"1659","2020-04-28",180,19,82,560,3318,0.634418324291742,1995,5784,340,403,66,4506,7,691,54,7
"1660","2020-04-29",182,19,75,545,3318,0.634418324291742,1995,5784,340,403,59,4565,27,718,53,27
"1661","2020-04-30",181,19,79,543,3318,0.634418324291742,1995,5784,340,403,69,4634,34,752,62,34
"1662","2020-05-01",174,19,75,538,3318,0.634418324291742,1995,5784,340,403,56,4690,39,791,43,39
"1663","2020-05-02",182,19,89,528,3318,0.634418324291742,1995,5784,340,403,45,4735,16,807,37,16
"1664","2020-05-03",173,19,93,520,3318,0.634418324291742,1995,5784,340,403,51,4786,33,840,45,33
"1665","2020-05-04",168,19,89,498,3318,0.634418324291742,1995,5784,340,403,39,4825,42,882,31,42
"1666","2020-05-05",175,19,103,486,3318,0.634418324291742,1995,5784,340,403,37,4862,28,910,31,28
"1667","2020-05-06",169,19,102,494,3318,0.634418324291742,1995,5784,340,403,41,4903,35,945,35,35
"1668","2020-05-07",170,19,100,486,3318,0.634418324291742,1995,5784,340,403,34,4937,26,971,30,26
"1669","2020-05-08",171,19,93,481,3318,0.634418324291742,1995,5784,340,403,35,4972,14,985,27,14
"1670","2020-05-09",178,19,85,477,3318,0.634418324291742,1995,5784,340,403,40,5012,24,1009,34,24
"1671","2020-05-10",166,19,81,468,3318,0.634418324291742,1995,5784,340,403,31,5043,13,1022,24,13
"1672","2020-05-11",158,19,83,452,3318,0.634418324291742,1995,5784,340,403,33,5076,13,1035,22,13
"1673","2020-05-12",154,19,82,441,3318,0.634418324291742,1995,5784,340,403,28,5104,20,1055,17,20
"1674","2020-05-13",163,19,95,412,3318,0.634418324291742,1995,5784,340,403,30,5134,9,1064,25,9
"1675","2020-05-14",166,19,80,407,3318,0.634418324291742,1995,5784,340,403,30,5164,12,1076,20,12
"1676","2020-05-15",177,19,76,398,3318,0.634418324291742,1995,5784,340,403,31,5195,31,1107,25,31
"1677","2020-05-16",154,19,88,385,3318,0.634418324291742,1995,5784,340,403,26,5221,44,1151,19,44
"1678","2020-05-17",146,19,86,394,3318,0.634418324291742,1995,5784,340,403,17,5238,31,1182,13,31
"1679","2020-05-18",138,19,84,388,3318,0.634418324291742,1995,5784,340,403,24,5262,54,1236,12,54
"1680","2020-05-19",131,19,71,389,3318,0.634418324291742,1995,5784,340,403,13,5275,28,1264,11,28
"1681","2020-05-20",123,19,70,376,3318,0.634418324291742,1995,5784,340,403,24,5299,13,1277,18,13
"1682","2020-05-21",123,19,64,372,3318,0.634418324291742,1995,5784,340,403,16,5315,5,1282,11,5
"1683","2020-05-22",113,19,69,381,3318,0.634418324291742,1995,5784,340,403,15,5330,13,1295,8,13
"1684","2020-05-23",121,19,64,373,3318,0.634418324291742,1995,5784,340,403,17,5347,12,1307,16,12
"1685","2020-05-24",105,19,60,368,3318,0.634418324291742,1995,5784,340,403,15,5362,30,1337,9,30
"1686","2020-05-25",100,19,80,359,3318,0.634418324291742,1995,5784,340,403,10,5372,13,1350,6,13
"1687","2020-05-26",108,19,80,360,3318,0.634418324291742,1995,5784,340,403,10,5382,10,1360,9,10
"1688","2020-05-27",111,19,87,353,3318,0.634418324291742,1995,5784,340,403,13,5395,6,1366,6,6
"1689","2020-05-28",107,19,91,348,3318,0.634418324291742,1995,5784,340,403,12,5407,19,1385,9,19
"1690","2020-05-29",110,19,97,327,3318,0.634418324291742,1995,5784,340,403,10,5417,3,1388,7,3
"1691","2020-05-30",110,19,91,309,3318,0.634418324291742,1995,5784,340,403,15,5432,2,1390,13,2
"1692","2020-05-31",119,19,85,304,3318,0.634418324291742,1995,5784,340,403,8,5440,30,1420,2,30
"1693","2020-06-01",119,19,85,291,3318,0.634418324291742,1995,5784,340,403,9,5449,7,1427,6,7
"1694","2020-06-02",112,19,69,277,3318,0.634418324291742,1995,5784,340,403,4,5453,16,1443,4,16
"1695","2020-06-03",98,19,70,270,3318,0.634418324291742,1995,5784,340,403,6,5459,6,1449,3,6
"1696","2020-06-04",90,19,73,249,3318,0.634418324291742,1995,5784,340,403,11,5470,10,1459,4,10
"1697","2020-06-05",91,19,74,239,3318,0.634418324291742,1995,5784,340,403,8,5478,25,1484,6,25
"1698","2020-06-06",95,19,63,220,3318,0.634418324291742,1995,5784,340,403,5,5483,26,1510,NA,26
"1699","2020-06-07",81,19,62,209,3318,0.634418324291742,1995,5784,340,403,9,5492,12,1522,7,12
"1700","2020-03-07",1,20,0,0,5212,0.953376822716807,2025,6938,591,637,NA,NA,NA,NA,NA,NA
"1701","2020-03-08",2,20,0,0,5212,0.953376822716807,2025,6938,591,637,NA,NA,NA,NA,NA,NA
"1702","2020-03-09",1,20,0,0,5212,0.953376822716807,2025,6938,591,637,NA,NA,NA,NA,NA,NA
"1703","2020-03-10",0,20,0,0,5212,0.953376822716807,2025,6938,591,637,NA,NA,NA,NA,NA,NA
"1704","2020-03-11",0,20,0,0,5212,0.953376822716807,2025,6938,591,637,5,5,6,6,NA,6
"1705","2020-03-12",0,20,0,0,5212,0.953376822716807,2025,6938,591,637,3,8,4,10,1,4
"1706","2020-03-13",0,20,0,0,5212,0.953376822716807,2025,6938,591,637,10,18,12,22,2,12
"1707","2020-03-14",0,20,0,0,5212,0.953376822716807,2025,6938,591,637,4,22,11,33,NA,11
"1708","2020-03-15",0,20,0,0,5212,0.953376822716807,2025,6938,591,637,9,31,9,42,2,9
"1709","2020-03-16",1,20,33,30,5212,0.953376822716807,2025,6938,591,637,6,37,9,51,3,9
"1710","2020-03-17",2,20,43,39,5212,0.953376822716807,2025,6938,591,637,14,51,11,62,9,11
"1711","2020-03-18",5,20,58,47,5212,0.953376822716807,2025,6938,591,637,14,65,16,78,11,16
"1712","2020-03-19",7,20,52,61,5212,0.953376822716807,2025,6938,591,637,17,82,21,99,11,21
"1713","2020-03-20",9,20,51,76,5212,0.953376822716807,2025,6938,591,637,19,101,21,120,13,21
"1714","2020-03-21",15,20,51,89,5212,0.953376822716807,2025,6938,591,637,20,121,31,151,14,31
"1715","2020-03-22",24,20,49,105,5212,0.953376822716807,2025,6938,591,637,15,136,21,172,12,21
"1716","2020-03-23",23,20,53,116,5212,0.953376822716807,2025,6938,591,637,27,163,21,193,22,21
"1717","2020-03-24",24,20,53,135,5212,0.953376822716807,2025,6938,591,637,29,192,27,220,19,27
"1718","2020-03-25",26,20,56,167,5212,0.953376822716807,2025,6938,591,637,34,226,16,236,29,16
"1719","2020-03-26",28,20,48,197,5212,0.953376822716807,2025,6938,591,637,31,257,19,255,27,19
"1720","2020-03-27",43,20,55,219,5212,0.953376822716807,2025,6938,591,637,48,305,21,276,41,21
"1721","2020-03-28",54,20,71,245,5212,0.953376822716807,2025,6938,591,637,43,348,20,296,34,20
"1722","2020-03-29",56,20,67,285,5212,0.953376822716807,2025,6938,591,637,47,395,20,316,42,20
"1723","2020-03-30",65,20,70,329,5212,0.953376822716807,2025,6938,591,637,38,433,20,336,33,20
"1724","2020-03-31",66,20,64,363,5212,0.953376822716807,2025,6938,591,637,52,485,18,354,46,18
"1725","2020-04-01",78,20,62,396,5212,0.953376822716807,2025,6938,591,637,60,545,31,385,55,31
"1726","2020-04-02",89,20,83,433,5212,0.953376822716807,2025,6938,591,637,71,616,27,412,66,27
"1727","2020-04-03",113,20,86,479,5212,0.953376822716807,2025,6938,591,637,86,702,24,436,81,24
"1728","2020-04-04",143,20,86,498,5212,0.953376822716807,2025,6938,591,637,85,787,30,466,76,30
"1729","2020-04-05",151,20,79,543,5212,0.953376822716807,2025,6938,591,637,109,896,33,499,104,33
"1730","2020-04-06",144,20,92,580,5212,0.953376822716807,2025,6938,591,637,84,980,37,536,76,37
"1731","2020-04-07",156,20,112,603,5212,0.953376822716807,2025,6938,591,637,105,1085,27,563,101,27
"1732","2020-04-08",152,20,109,637,5212,0.953376822716807,2025,6938,591,637,108,1193,41,604,107,41
"1733","2020-04-09",160,20,119,699,5212,0.953376822716807,2025,6938,591,637,130,1323,25,629,119,25
"1734","2020-04-10",188,20,105,730,5212,0.953376822716807,2025,6938,591,637,108,1431,25,654,103,25
"1735","2020-04-11",214,20,105,758,5212,0.953376822716807,2025,6938,591,637,129,1560,43,697,121,43
"1736","2020-04-12",216,20,93,787,5212,0.953376822716807,2025,6938,591,637,97,1657,35,732,92,35
"1737","2020-04-13",227,20,98,833,5212,0.953376822716807,2025,6938,591,637,108,1765,28,760,102,28
"1738","2020-04-14",233,20,88,914,5212,0.953376822716807,2025,6938,591,637,138,1903,25,785,129,25
"1739","2020-04-15",251,20,85,948,5212,0.953376822716807,2025,6938,591,637,152,2055,18,803,139,18
"1740","2020-04-16",268,20,90,1002,5212,0.953376822716807,2025,6938,591,637,134,2189,14,817,125,14
"1741","2020-04-17",327,20,121,1050,5212,0.953376822716807,2025,6938,591,637,135,2324,27,844,128,27
"1742","2020-04-18",316,20,158,1106,5212,0.953376822716807,2025,6938,591,637,136,2460,22,866,129,22
"1743","2020-04-19",329,20,171,1177,5212,0.953376822716807,2025,6938,591,637,122,2582,27,893,117,27
"1744","2020-04-20",336,20,171,1234,5212,0.953376822716807,2025,6938,591,637,158,2740,24,917,149,24
"1745","2020-04-21",336,20,155,1271,5212,0.953376822716807,2025,6938,591,637,146,2886,30,947,140,30
"1746","2020-04-22",346,20,139,1307,5212,0.953376822716807,2025,6938,591,637,140,3026,21,968,135,21
"1747","2020-04-23",367,20,121,1327,5212,0.953376822716807,2025,6938,591,637,92,3118,18,986,88,18
"1748","2020-04-24",425,20,105,1360,5212,0.953376822716807,2025,6938,591,637,119,3237,14,1000,113,14
"1749","2020-04-25",436,20,130,1406,5212,0.953376822716807,2025,6938,591,637,117,3354,17,1017,110,17
"1750","2020-04-26",462,20,122,1423,5212,0.953376822716807,2025,6938,591,637,109,3463,22,1039,108,22
"1751","2020-04-27",465,20,125,1406,5212,0.953376822716807,2025,6938,591,637,121,3584,33,1072,114,33
"1752","2020-04-28",464,20,139,1408,5212,0.953376822716807,2025,6938,591,637,119,3703,21,1093,112,21
"1753","2020-04-29",472,20,158,1389,5212,0.953376822716807,2025,6938,591,637,114,3817,13,1106,112,13
"1754","2020-04-30",468,20,189,1367,5212,0.953376822716807,2025,6938,591,637,96,3913,28,1134,92,28
"1755","2020-05-01",528,20,208,1348,5212,0.953376822716807,2025,6938,591,637,72,3985,16,1150,68,16
"1756","2020-05-02",531,20,206,1353,5212,0.953376822716807,2025,6938,591,637,84,4069,20,1170,81,20
"1757","2020-05-03",483,20,212,1297,5212,0.953376822716807,2025,6938,591,637,104,4173,28,1198,99,28
"1758","2020-05-04",485,20,191,1230,5212,0.953376822716807,2025,6938,591,637,76,4249,34,1232,73,34
"1759","2020-05-05",468,20,182,1186,5212,0.953376822716807,2025,6938,591,637,55,4304,39,1271,53,39
"1760","2020-05-06",464,20,162,1147,5212,0.953376822716807,2025,6938,591,637,67,4371,27,1298,65,27
"1761","2020-05-07",453,20,146,1102,5212,0.953376822716807,2025,6938,591,637,84,4455,18,1316,82,18
"1762","2020-05-08",435,20,145,1048,5212,0.953376822716807,2025,6938,591,637,61,4516,29,1345,59,29
"1763","2020-05-09",412,20,130,984,5212,0.953376822716807,2025,6938,591,637,54,4570,13,1358,53,13
"1764","2020-05-10",364,20,106,948,5212,0.953376822716807,2025,6938,591,637,57,4627,32,1390,53,32
"1765","2020-05-11",358,20,82,895,5212,0.953376822716807,2025,6938,591,637,49,4676,36,1426,44,36
"1766","2020-05-12",329,20,112,832,5212,0.953376822716807,2025,6938,591,637,35,4711,32,1458,32,32
"1767","2020-05-13",305,20,113,792,5212,0.953376822716807,2025,6938,591,637,49,4760,29,1487,45,29
"1768","2020-05-14",295,20,146,735,5212,0.953376822716807,2025,6938,591,637,42,4802,40,1527,40,40
"1769","2020-05-15",272,20,128,728,5212,0.953376822716807,2025,6938,591,637,36,4838,31,1558,29,31
"1770","2020-05-16",267,20,123,697,5212,0.953376822716807,2025,6938,591,637,35,4873,39,1597,29,39
"1771","2020-05-17",244,20,111,636,5212,0.953376822716807,2025,6938,591,637,36,4909,17,1614,34,17
"1772","2020-05-18",221,20,135,589,5212,0.953376822716807,2025,6938,591,637,24,4933,16,1630,21,16
"1773","2020-05-19",223,20,141,543,5212,0.953376822716807,2025,6938,591,637,20,4953,34,1664,16,34
"1774","2020-05-20",224,20,155,505,5212,0.953376822716807,2025,6938,591,637,24,4977,36,1700,21,36
"1775","2020-05-21",207,20,153,477,5212,0.953376822716807,2025,6938,591,637,24,5001,44,1744,22,44
"1776","2020-05-22",191,20,142,461,5212,0.953376822716807,2025,6938,591,637,25,5026,37,1781,21,37
"1777","2020-05-23",189,20,124,435,5212,0.953376822716807,2025,6938,591,637,18,5044,32,1813,17,32
"1778","2020-05-24",161,20,137,405,5212,0.953376822716807,2025,6938,591,637,28,5072,45,1858,27,45
"1779","2020-05-25",150,20,154,367,5212,0.953376822716807,2025,6938,591,637,17,5089,24,1882,16,24
"1780","2020-05-26",137,20,143,337,5212,0.953376822716807,2025,6938,591,637,13,5102,23,1905,12,23
"1781","2020-05-27",125,20,126,311,5212,0.953376822716807,2025,6938,591,637,20,5122,23,1928,18,23
"1782","2020-05-28",121,20,109,294,5212,0.953376822716807,2025,6938,591,637,13,5135,26,1954,12,26
"1783","2020-05-29",107,20,93,277,5212,0.953376822716807,2025,6938,591,637,10,5145,19,1973,6,19
"1784","2020-05-30",105,20,71,247,5212,0.953376822716807,2025,6938,591,637,5,5150,19,1992,5,19
"1785","2020-05-31",108,20,61,222,5212,0.953376822716807,2025,6938,591,637,13,5163,14,2006,11,14
"1786","2020-06-01",104,20,80,201,5212,0.953376822716807,2025,6938,591,637,8,5171,24,2030,7,24
"1787","2020-06-02",98,20,87,188,5212,0.953376822716807,2025,6938,591,637,4,5175,24,2054,2,24
"1788","2020-06-03",94,20,95,180,5212,0.953376822716807,2025,6938,591,637,6,5181,16,2070,5,16
"1789","2020-06-04",87,20,108,161,5212,0.953376822716807,2025,6938,591,637,9,5190,16,2086,8,16
"1790","2020-06-05",81,20,95,142,5212,0.953376822716807,2025,6938,591,637,6,5196,17,2103,5,17
"1791","2020-06-06",69,20,83,117,5212,0.953376822716807,2025,6938,591,637,13,5209,16,2119,8,16
"1792","2020-06-07",48,20,76,105,5212,0.953376822716807,2025,6938,591,637,7,5216,25,2144,5,25
