"","Date","Absents","Paramset","Infections_or_Exposed_per_day_Patient","Infections_or_Exposed_per_day_HCW","total_infections","nosocomial_proportion","PCR_pooled","LFD_pooled","HCW_symp_test","patient_symp_test","new_hcw_infs","cumulative_hcw_infs","new_pat_infs","cumulative_pats_infs","new_nosocomial_hcw_infs","new_nosocomial_pat_infs"
"1","2020-03-13",1,1,18,27,3933,0.732773963895245,0,0,335,192,6,27,5,16,1,5
"2","2020-03-14",2,1,14,43,3933,0.732773963895245,0,0,335,192,16,43,1,17,1,1
"3","2020-03-15",6,1,20,56,3933,0.732773963895245,0,0,335,192,13,56,4,21,2,4
"4","2020-03-16",8,1,22,68,3933,0.732773963895245,0,0,335,192,12,68,5,26,4,5
"5","2020-03-17",9,1,25,87,3933,0.732773963895245,0,0,335,192,19,87,6,32,6,6
"6","2020-03-18",9,1,31,107,3933,0.732773963895245,0,0,335,192,21,108,10,42,10,10
"7","2020-03-19",11,1,35,127,3933,0.732773963895245,0,0,335,192,22,130,5,47,11,5
"8","2020-03-20",14,1,31,145,3933,0.732773963895245,0,0,335,192,20,150,2,49,10,2
"9","2020-03-21",23,1,27,169,3933,0.732773963895245,0,0,335,192,27,177,4,53,19,4
"10","2020-03-22",19,1,24,183,3933,0.732773963895245,0,0,335,192,23,200,1,54,12,1
"11","2020-03-23",23,1,25,198,3933,0.732773963895245,0,0,335,192,27,227,3,57,16,3
"12","2020-03-24",32,1,22,211,3933,0.732773963895245,0,0,335,192,22,249,2,59,20,2
"13","2020-03-25",39,1,27,228,3933,0.732773963895245,0,0,335,192,32,281,6,65,22,6
"14","2020-03-26",46,1,26,241,3933,0.732773963895245,0,0,335,192,28,309,4,69,18,4
"15","2020-03-27",55,1,34,276,3933,0.732773963895245,0,0,335,192,53,362,8,77,34,8
"16","2020-03-28",59,1,33,306,3933,0.732773963895245,0,0,335,192,39,401,5,82,18,5
"17","2020-03-29",69,1,29,316,3933,0.732773963895245,0,0,335,192,34,435,3,85,21,3
"18","2020-03-30",68,1,26,329,3933,0.732773963895245,0,0,335,192,33,468,4,89,21,4
"19","2020-03-31",72,1,32,342,3933,0.732773963895245,0,0,335,192,43,511,6,95,33,6
"20","2020-04-01",86,1,29,370,3933,0.732773963895245,0,0,335,192,52,563,5,100,37,5
"21","2020-04-02",99,1,21,383,3933,0.732773963895245,0,0,335,192,37,600,4,104,22,4
"22","2020-04-03",98,1,29,405,3933,0.732773963895245,0,0,335,192,47,647,7,111,35,7
"23","2020-04-04",93,1,34,417,3933,0.732773963895245,0,0,335,192,38,685,6,117,25,6
"24","2020-04-05",102,1,34,434,3933,0.732773963895245,0,0,335,192,48,733,6,123,33,6
"25","2020-04-06",109,1,40,455,3933,0.732773963895245,0,0,335,192,43,776,11,134,30,11
"26","2020-04-07",117,1,47,489,3933,0.732773963895245,0,0,335,192,64,840,11,145,46,11
"27","2020-04-08",113,1,40,504,3933,0.732773963895245,0,0,335,192,49,889,12,157,39,12
"28","2020-04-09",113,1,45,523,3933,0.732773963895245,0,0,335,192,67,956,8,165,55,8
"29","2020-04-10",122,1,52,536,3933,0.732773963895245,0,0,335,192,61,1017,9,174,44,9
"30","2020-04-11",136,1,48,549,3933,0.732773963895245,0,0,335,192,49,1066,7,181,35,7
"31","2020-04-12",145,1,55,565,3933,0.732773963895245,0,0,335,192,56,1122,12,193,39,12
"32","2020-04-13",156,1,55,573,3933,0.732773963895245,0,0,335,192,51,1173,12,205,39,12
"33","2020-04-14",153,1,53,566,3933,0.732773963895245,0,0,335,192,50,1223,8,213,40,8
"34","2020-04-15",163,1,49,567,3933,0.732773963895245,0,0,335,192,52,1275,5,218,34,5
"35","2020-04-16",158,1,53,559,3933,0.732773963895245,0,0,335,192,40,1315,11,229,30,11
"36","2020-04-17",156,1,48,555,3933,0.732773963895245,0,0,335,192,51,1366,6,235,39,6
"37","2020-04-18",158,1,39,575,3933,0.732773963895245,0,0,335,192,65,1431,5,240,52,5
"38","2020-04-19",155,1,47,557,3933,0.732773963895245,0,0,335,192,46,1477,8,248,32,8
"39","2020-04-20",151,1,47,586,3933,0.732773963895245,0,0,335,192,58,1535,9,257,44,9
"40","2020-04-21",160,1,42,576,3933,0.732773963895245,0,0,335,192,54,1589,6,263,34,6
"41","2020-04-22",153,1,43,582,3933,0.732773963895245,0,0,335,192,57,1646,2,265,44,2
"42","2020-04-23",161,1,44,579,3933,0.732773963895245,0,0,335,192,55,1701,11,276,39,11
"43","2020-04-24",165,1,52,592,3933,0.732773963895245,0,0,335,192,69,1770,11,287,52,11
"44","2020-04-25",166,1,53,593,3933,0.732773963895245,0,0,335,192,58,1828,12,299,49,12
"45","2020-04-26",163,1,58,592,3933,0.732773963895245,0,0,335,192,51,1879,11,310,39,11
"46","2020-04-27",169,1,51,595,3933,0.732773963895245,0,0,335,192,55,1934,7,317,48,7
"47","2020-04-28",160,1,64,600,3933,0.732773963895245,0,0,335,192,57,1991,14,331,44,14
"48","2020-04-29",166,1,69,614,3933,0.732773963895245,0,0,335,192,63,2054,14,345,51,14
"49","2020-04-30",168,1,63,630,3933,0.732773963895245,0,0,335,192,71,2125,6,351,58,6
"50","2020-05-01",163,1,71,651,3933,0.732773963895245,0,0,335,192,67,2192,13,364,53,13
"51","2020-05-02",163,1,73,643,3933,0.732773963895245,0,0,335,192,60,2252,14,378,48,14
"52","2020-05-03",161,1,67,648,3933,0.732773963895245,0,0,335,192,70,2322,7,385,59,7
"53","2020-05-04",160,1,61,645,3933,0.732773963895245,0,0,335,192,52,2374,8,393,42,8
"54","2020-05-05",171,1,51,647,3933,0.732773963895245,0,0,335,192,56,2430,3,396,42,3
"55","2020-05-06",173,1,58,657,3933,0.732773963895245,0,0,335,192,66,2496,18,414,51,18
"56","2020-05-07",170,1,64,640,3933,0.732773963895245,0,0,335,192,45,2541,14,428,37,14
"57","2020-05-08",185,1,68,618,3933,0.732773963895245,0,0,335,192,58,2599,15,443,42,15
"58","2020-05-09",183,1,78,637,3933,0.732773963895245,0,0,335,192,69,2668,20,463,51,20
"59","2020-05-10",190,1,97,653,3933,0.732773963895245,0,0,335,192,61,2729,25,488,51,25
"60","2020-05-11",189,1,97,659,3933,0.732773963895245,0,0,335,192,55,2784,22,510,44,22
"61","2020-05-12",187,1,94,660,3933,0.732773963895245,0,0,335,192,54,2838,11,521,42,11
"62","2020-05-13",179,1,83,632,3933,0.732773963895245,0,0,335,192,53,2891,13,534,43,13
"63","2020-05-14",170,1,66,625,3933,0.732773963895245,0,0,335,192,47,2938,9,543,34,9
"64","2020-05-15",165,1,61,610,3933,0.732773963895245,0,0,335,192,45,2983,9,552,39,9
"65","2020-05-16",160,1,62,615,3933,0.732773963895245,0,0,335,192,69,3052,6,558,61,6
"66","2020-05-17",160,1,68,597,3933,0.732773963895245,0,0,335,192,45,3097,20,578,38,20
"67","2020-05-18",159,1,77,588,3933,0.732773963895245,0,0,335,192,53,3150,18,596,47,18
"68","2020-05-19",144,1,75,593,3933,0.732773963895245,0,0,335,192,51,3201,14,610,40,14
"69","2020-05-20",146,1,75,587,3933,0.732773963895245,0,0,335,192,56,3257,11,621,50,11
"70","2020-05-21",151,1,66,569,3933,0.732773963895245,0,0,335,192,41,3298,8,629,34,8
"71","2020-05-22",158,1,59,560,3933,0.732773963895245,0,0,335,192,40,3338,7,636,32,7
"72","2020-05-23",168,1,55,545,3933,0.732773963895245,0,0,335,192,37,3375,7,643,26,7
"73","2020-05-24",162,1,57,514,3933,0.732773963895245,0,0,335,192,37,3412,6,649,33,6
"74","2020-05-25",159,1,49,495,3933,0.732773963895245,0,0,335,192,33,3445,7,656,27,7
"75","2020-05-26",160,1,58,489,3933,0.732773963895245,0,0,335,192,40,3485,13,669,31,13
"76","2020-05-27",157,1,60,486,3933,0.732773963895245,0,0,335,192,36,3521,10,679,29,10
"77","2020-05-28",154,1,49,461,3933,0.732773963895245,0,0,335,192,35,3556,9,688,27,9
"78","2020-05-29",139,1,51,445,3933,0.732773963895245,0,0,335,192,34,3590,10,698,26,10
"79","2020-05-30",133,1,50,431,3933,0.732773963895245,0,0,335,192,31,3621,7,705,27,7
"80","2020-05-31",136,1,54,416,3933,0.732773963895245,0,0,335,192,35,3656,13,718,30,13
"81","2020-06-01",128,1,59,399,3933,0.732773963895245,0,0,335,192,37,3693,11,729,34,11
"82","2020-06-02",125,1,65,375,3933,0.732773963895245,0,0,335,192,19,3712,16,745,15,16
"83","2020-06-03",119,1,64,360,3933,0.732773963895245,0,0,335,192,31,3743,10,755,26,10
"84","2020-06-04",116,1,55,338,3933,0.732773963895245,0,0,335,192,19,3762,5,760,13,5
"85","2020-06-05",114,1,54,339,3933,0.732773963895245,0,0,335,192,39,3801,10,770,35,10
"86","2020-06-06",106,1,56,326,3933,0.732773963895245,0,0,335,192,18,3819,11,781,18,11
"87","2020-06-07",98,1,55,308,3933,0.732773963895245,0,0,335,192,15,3834,11,792,14,11
"88","2020-03-14",1,2,19,35,3338,0.834631515877771,0,0,296,121,15,42,1,6,2,1
"89","2020-03-15",3,2,17,44,3338,0.834631515877771,0,0,296,121,6,48,NA,NA,1,NA
"90","2020-03-16",3,2,22,54,3338,0.834631515877771,0,0,296,121,13,61,NA,NA,5,NA
"91","2020-03-17",4,2,15,68,3338,0.834631515877771,0,0,296,121,15,76,NA,NA,6,NA
"92","2020-03-18",7,2,15,85,3338,0.834631515877771,0,0,296,121,12,88,1,7,3,1
"93","2020-03-19",14,2,11,101,3338,0.834631515877771,0,0,296,121,17,105,2,9,10,2
"94","2020-03-20",18,2,12,116,3338,0.834631515877771,0,0,296,121,23,128,4,13,7,4
"95","2020-03-21",23,2,17,133,3338,0.834631515877771,0,0,296,121,16,144,3,16,4,3
"96","2020-03-22",27,2,16,144,3338,0.834631515877771,0,0,296,121,25,169,7,23,15,7
"97","2020-03-23",34,2,17,163,3338,0.834631515877771,0,0,296,121,18,187,4,27,6,4
"98","2020-03-24",35,2,21,177,3338,0.834631515877771,0,0,296,121,20,207,6,33,14,6
"99","2020-03-25",36,2,20,191,3338,0.834631515877771,0,0,296,121,24,231,5,38,14,5
"100","2020-03-26",39,2,20,199,3338,0.834631515877771,0,0,296,121,24,255,3,41,13,3
"101","2020-03-27",45,2,21,220,3338,0.834631515877771,0,0,296,121,28,283,4,45,17,4
"102","2020-03-28",48,2,23,235,3338,0.834631515877771,0,0,296,121,13,296,3,48,8,3
"103","2020-03-29",54,2,34,260,3338,0.834631515877771,0,0,296,121,21,317,8,56,16,8
"104","2020-03-30",54,2,37,289,3338,0.834631515877771,0,0,296,121,22,339,11,67,13,11
"105","2020-03-31",62,2,47,306,3338,0.834631515877771,0,0,296,121,36,375,7,74,24,7
"106","2020-04-01",74,2,37,329,3338,0.834631515877771,0,0,296,121,30,405,7,81,17,7
"107","2020-04-02",75,2,35,370,3338,0.834631515877771,0,0,296,121,29,434,4,85,15,4
"108","2020-04-03",75,2,34,401,3338,0.834631515877771,0,0,296,121,24,458,5,90,13,5
"109","2020-04-04",82,2,32,432,3338,0.834631515877771,0,0,296,121,22,480,2,92,9,2
"110","2020-04-05",91,2,27,454,3338,0.834631515877771,0,0,296,121,19,499,3,95,8,3
"111","2020-04-06",98,2,29,477,3338,0.834631515877771,0,0,296,121,36,535,5,100,21,5
"112","2020-04-07",118,2,38,500,3338,0.834631515877771,0,0,296,121,29,564,3,103,17,3
"113","2020-04-08",126,2,39,516,3338,0.834631515877771,0,0,296,121,22,586,10,113,14,10
"114","2020-04-09",130,2,36,529,3338,0.834631515877771,0,0,296,121,29,615,3,116,16,3
"115","2020-04-10",152,2,41,555,3338,0.834631515877771,0,0,296,121,27,642,10,126,14,10
"116","2020-04-11",153,2,48,581,3338,0.834631515877771,0,0,296,121,25,667,5,131,11,5
"117","2020-04-12",151,2,45,594,3338,0.834631515877771,0,0,296,121,26,693,13,144,15,13
"118","2020-04-13",167,2,50,583,3338,0.834631515877771,0,0,296,121,30,723,5,149,15,5
"119","2020-04-14",162,2,56,588,3338,0.834631515877771,0,0,296,121,32,755,13,162,18,13
"120","2020-04-15",157,2,62,599,3338,0.834631515877771,0,0,296,121,25,780,12,174,13,12
"121","2020-04-16",169,2,66,606,3338,0.834631515877771,0,0,296,121,36,816,14,188,18,14
"122","2020-04-17",160,2,69,593,3338,0.834631515877771,0,0,296,121,18,834,9,197,13,9
"123","2020-04-18",171,2,65,603,3338,0.834631515877771,0,0,296,121,30,864,17,214,10,17
"124","2020-04-19",178,2,62,613,3338,0.834631515877771,0,0,296,121,21,885,14,228,8,14
"125","2020-04-20",167,2,55,631,3338,0.834631515877771,0,0,296,121,29,914,10,238,18,10
"126","2020-04-21",164,2,62,644,3338,0.834631515877771,0,0,296,121,27,941,11,249,19,11
"127","2020-04-22",173,2,57,653,3338,0.834631515877771,0,0,296,121,39,980,8,257,20,8
"128","2020-04-23",175,2,62,644,3338,0.834631515877771,0,0,296,121,34,1014,8,265,16,8
"129","2020-04-24",174,2,58,652,3338,0.834631515877771,0,0,296,121,24,1038,11,276,10,11
"130","2020-04-25",174,2,57,656,3338,0.834631515877771,0,0,296,121,28,1066,15,291,17,15
"131","2020-04-26",177,2,64,665,3338,0.834631515877771,0,0,296,121,26,1092,13,304,13,13
"132","2020-04-27",192,2,61,659,3338,0.834631515877771,0,0,296,121,31,1123,13,317,18,13
"133","2020-04-28",198,2,66,652,3338,0.834631515877771,0,0,296,121,24,1147,18,335,11,18
"134","2020-04-29",193,2,59,650,3338,0.834631515877771,0,0,296,121,23,1170,24,359,14,24
"135","2020-04-30",189,2,57,626,3338,0.834631515877771,0,0,296,121,23,1193,15,374,12,15
"136","2020-05-01",199,2,65,610,3338,0.834631515877771,0,0,296,121,16,1209,19,393,8,19
"137","2020-05-02",200,2,79,583,3338,0.834631515877771,0,0,296,121,35,1244,14,407,22,14
"138","2020-05-03",196,2,81,583,3338,0.834631515877771,0,0,296,121,20,1264,15,422,11,15
"139","2020-05-04",181,2,100,580,3338,0.834631515877771,0,0,296,121,22,1286,10,432,10,10
"140","2020-05-05",177,2,111,566,3338,0.834631515877771,0,0,296,121,27,1313,15,447,14,15
"141","2020-05-06",173,2,104,562,3338,0.834631515877771,0,0,296,121,22,1335,22,469,11,22
"142","2020-05-07",176,2,92,562,3338,0.834631515877771,0,0,296,121,19,1354,23,492,10,23
"143","2020-05-08",172,2,90,550,3338,0.834631515877771,0,0,296,121,25,1379,20,512,9,20
"144","2020-05-09",169,2,81,539,3338,0.834631515877771,0,0,296,121,23,1402,19,531,15,19
"145","2020-05-10",164,2,80,532,3338,0.834631515877771,0,0,296,121,19,1421,9,540,12,9
"146","2020-05-11",166,2,75,534,3338,0.834631515877771,0,0,296,121,24,1445,14,554,11,14
"147","2020-05-12",160,2,83,512,3338,0.834631515877771,0,0,296,121,21,1466,7,561,6,7
"148","2020-05-13",164,2,72,511,3338,0.834631515877771,0,0,296,121,17,1483,10,571,12,10
"149","2020-05-14",154,2,58,496,3338,0.834631515877771,0,0,296,121,23,1506,8,579,12,8
"150","2020-05-15",148,2,52,483,3338,0.834631515877771,0,0,296,121,11,1517,12,591,4,12
"151","2020-05-16",142,2,53,474,3338,0.834631515877771,0,0,296,121,16,1533,14,605,13,14
"152","2020-05-17",146,2,48,455,3338,0.834631515877771,0,0,296,121,17,1550,12,617,9,12
"153","2020-05-18",147,2,50,442,3338,0.834631515877771,0,0,296,121,15,1565,8,625,5,8
"154","2020-05-19",145,2,51,429,3338,0.834631515877771,0,0,296,121,9,1574,19,644,6,19
"155","2020-05-20",142,2,48,412,3338,0.834631515877771,0,0,296,121,14,1588,16,660,9,16
"156","2020-05-21",139,2,61,395,3338,0.834631515877771,0,0,296,121,18,1606,12,672,8,12
"157","2020-05-22",141,2,61,386,3338,0.834631515877771,0,0,296,121,23,1629,7,679,8,7
"158","2020-05-23",137,2,50,371,3338,0.834631515877771,0,0,296,121,21,1650,8,687,8,8
"159","2020-05-24",127,2,57,353,3338,0.834631515877771,0,0,296,121,13,1663,10,697,7,10
"160","2020-05-25",125,2,55,341,3338,0.834631515877771,0,0,296,121,14,1677,10,707,7,10
"161","2020-05-26",126,2,55,328,3338,0.834631515877771,0,0,296,121,18,1695,4,711,8,4
"162","2020-05-27",117,2,48,308,3338,0.834631515877771,0,0,296,121,15,1710,4,715,7,4
"163","2020-05-28",117,2,41,297,3338,0.834631515877771,0,0,296,121,18,1728,10,725,12,10
"164","2020-05-29",106,2,40,271,3338,0.834631515877771,0,0,296,121,12,1740,8,733,7,8
"165","2020-05-30",97,2,31,256,3338,0.834631515877771,0,0,296,121,17,1757,12,745,10,12
"166","2020-05-31",93,2,35,232,3338,0.834631515877771,0,0,296,121,25,1782,11,756,11,11
"167","2020-06-01",80,2,31,223,3338,0.834631515877771,0,0,296,121,16,1798,8,764,10,8
"168","2020-06-02",74,2,26,208,3338,0.834631515877771,0,0,296,121,12,1810,4,768,10,4
"169","2020-06-03",71,2,24,200,3338,0.834631515877771,0,0,296,121,13,1823,12,780,10,12
"170","2020-06-04",66,2,23,186,3338,0.834631515877771,0,0,296,121,15,1838,10,790,10,10
"171","2020-06-05",62,2,16,171,3338,0.834631515877771,0,0,296,121,13,1851,14,804,9,14
"172","2020-06-06",62,2,19,157,3338,0.834631515877771,0,0,296,121,9,1860,10,814,5,10
"173","2020-06-07",57,2,20,146,3338,0.834631515877771,0,0,296,121,9,1869,7,821,5,7
"174","2020-03-12",1,3,18,23,2420,0.594628099173554,0,0,224,426,5,10,5,12,2,5
"175","2020-03-13",2,3,30,36,2420,0.594628099173554,0,0,224,426,8,18,7,19,3,7
"176","2020-03-14",2,3,34,46,2420,0.594628099173554,0,0,224,426,7,25,9,28,6,9
"177","2020-03-15",6,3,49,59,2420,0.594628099173554,0,0,224,426,7,32,9,37,7,9
"178","2020-03-16",8,3,67,75,2420,0.594628099173554,0,0,224,426,18,50,14,51,12,14
"179","2020-03-17",9,3,77,90,2420,0.594628099173554,0,0,224,426,10,60,10,61,5,10
"180","2020-03-18",11,3,86,107,2420,0.594628099173554,0,0,224,426,11,71,4,65,10,4
"181","2020-03-19",14,3,98,123,2420,0.594628099173554,0,0,224,426,20,91,21,86,20,21
"182","2020-03-20",15,3,107,136,2420,0.594628099173554,0,0,224,426,22,113,14,100,18,14
"183","2020-03-21",21,3,100,145,2420,0.594628099173554,0,0,224,426,21,134,10,110,19,10
"184","2020-03-22",27,3,98,160,2420,0.594628099173554,0,0,224,426,20,154,10,120,19,10
"185","2020-03-23",28,3,93,170,2420,0.594628099173554,0,0,224,426,29,183,10,130,27,10
"186","2020-03-24",34,3,96,181,2420,0.594628099173554,0,0,224,426,22,205,15,145,20,15
"187","2020-03-25",40,3,99,197,2420,0.594628099173554,0,0,224,426,28,233,13,158,27,13
"188","2020-03-26",45,3,98,197,2420,0.594628099173554,0,0,224,426,32,265,16,174,28,16
"189","2020-03-27",47,3,97,199,2420,0.594628099173554,0,0,224,426,48,313,9,183,46,9
"190","2020-03-28",50,3,96,206,2420,0.594628099173554,0,0,224,426,44,357,7,190,39,7
"191","2020-03-29",50,3,102,203,2420,0.594628099173554,0,0,224,426,52,409,20,210,50,20
"192","2020-03-30",57,3,112,214,2420,0.594628099173554,0,0,224,426,44,453,8,218,44,8
"193","2020-03-31",62,3,116,216,2420,0.594628099173554,0,0,224,426,43,496,18,236,35,18
"194","2020-04-01",60,3,106,221,2420,0.594628099173554,0,0,224,426,54,550,9,245,50,9
"195","2020-04-02",59,3,110,228,2420,0.594628099173554,0,0,224,426,54,604,17,262,50,17
"196","2020-04-03",67,3,123,242,2420,0.594628099173554,0,0,224,426,60,664,12,274,56,12
"197","2020-04-04",65,3,125,248,2420,0.594628099173554,0,0,224,426,65,729,21,295,60,21
"198","2020-04-05",64,3,121,263,2420,0.594628099173554,0,0,224,426,66,795,9,304,64,9
"199","2020-04-06",62,3,124,278,2420,0.594628099173554,0,0,224,426,78,873,7,311,77,7
"200","2020-04-07",63,3,125,288,2420,0.594628099173554,0,0,224,426,85,958,8,319,81,8
"201","2020-04-08",69,3,114,286,2420,0.594628099173554,0,0,224,426,92,1050,7,326,85,7
"202","2020-04-09",69,3,102,307,2420,0.594628099173554,0,0,224,426,76,1126,12,338,71,12
"203","2020-04-10",63,3,107,325,2420,0.594628099173554,0,0,224,426,90,1216,12,350,86,12
"204","2020-04-11",72,3,115,334,2420,0.594628099173554,0,0,224,426,119,1335,14,364,116,14
"205","2020-04-12",70,3,125,342,2420,0.594628099173554,0,0,224,426,107,1442,16,380,104,16
"206","2020-04-13",84,3,123,350,2420,0.594628099173554,0,0,224,426,88,1530,23,403,82,23
"207","2020-04-14",85,3,134,357,2420,0.594628099173554,0,0,224,426,126,1656,25,428,122,25
"208","2020-04-15",82,3,134,375,2420,0.594628099173554,0,0,224,426,121,1777,13,441,121,13
"209","2020-04-16",95,3,137,390,2420,0.594628099173554,0,0,224,426,145,1922,12,453,144,12
"210","2020-04-17",102,3,143,403,2420,0.594628099173554,0,0,224,426,100,2022,20,473,96,20
"211","2020-04-18",97,3,148,400,2420,0.594628099173554,0,0,224,426,153,2175,18,491,146,18
"212","2020-04-19",100,3,137,415,2420,0.594628099173554,0,0,224,426,118,2293,10,501,114,10
"213","2020-04-20",102,3,150,446,2420,0.594628099173554,0,0,224,426,141,2434,10,511,137,10
"214","2020-04-21",106,3,150,441,2420,0.594628099173554,0,0,224,426,145,2579,15,526,144,15
"215","2020-04-22",116,3,153,448,2420,0.594628099173554,0,0,224,426,121,2700,5,531,119,5
"216","2020-04-23",114,3,162,461,2420,0.594628099173554,0,0,224,426,103,2803,19,550,100,19
"217","2020-04-24",124,3,171,486,2420,0.594628099173554,0,0,224,426,124,2927,21,571,121,21
"218","2020-04-25",131,3,184,483,2420,0.594628099173554,0,0,224,426,116,3043,13,584,112,13
"219","2020-04-26",141,3,174,467,2420,0.594628099173554,0,0,224,426,120,3163,12,596,118,12
"220","2020-04-27",141,3,167,479,2420,0.594628099173554,0,0,224,426,114,3277,15,611,111,15
"221","2020-04-28",141,3,160,466,2420,0.594628099173554,0,0,224,426,130,3407,9,620,122,9
"222","2020-04-29",142,3,162,475,2420,0.594628099173554,0,0,224,426,108,3515,14,634,105,14
"223","2020-04-30",141,3,180,473,2420,0.594628099173554,0,0,224,426,92,3607,9,643,89,9
"224","2020-05-01",142,3,202,478,2420,0.594628099173554,0,0,224,426,99,3706,14,657,96,14
"225","2020-05-02",135,3,198,469,2420,0.594628099173554,0,0,224,426,96,3802,4,661,93,4
"226","2020-05-03",132,3,211,469,2420,0.594628099173554,0,0,224,426,61,3863,9,670,58,9
"227","2020-05-04",126,3,210,448,2420,0.594628099173554,0,0,224,426,95,3958,7,677,94,7
"228","2020-05-05",128,3,214,439,2420,0.594628099173554,0,0,224,426,76,4034,11,688,76,11
"229","2020-05-06",122,3,208,439,2420,0.594628099173554,0,0,224,426,67,4101,11,699,63,11
"230","2020-05-07",124,3,208,416,2420,0.594628099173554,0,0,224,426,82,4183,15,714,80,15
"231","2020-05-08",117,3,210,408,2420,0.594628099173554,0,0,224,426,59,4242,18,732,58,18
"232","2020-05-09",130,3,212,392,2420,0.594628099173554,0,0,224,426,61,4303,15,747,60,15
"233","2020-05-10",127,3,225,393,2420,0.594628099173554,0,0,224,426,53,4356,11,758,50,11
"234","2020-05-11",123,3,232,379,2420,0.594628099173554,0,0,224,426,60,4416,15,773,59,15
"235","2020-05-12",119,3,235,356,2420,0.594628099173554,0,0,224,426,49,4465,6,779,44,6
"236","2020-05-13",123,3,252,343,2420,0.594628099173554,0,0,224,426,34,4499,9,788,33,9
"237","2020-05-14",107,3,225,337,2420,0.594628099173554,0,0,224,426,50,4549,8,796,50,8
"238","2020-05-15",106,3,207,326,2420,0.594628099173554,0,0,224,426,48,4597,7,803,46,7
"239","2020-05-16",101,3,199,320,2420,0.594628099173554,0,0,224,426,39,4636,4,807,36,4
"240","2020-05-17",98,3,198,306,2420,0.594628099173554,0,0,224,426,33,4669,18,825,32,18
"241","2020-05-18",97,3,198,274,2420,0.594628099173554,0,0,224,426,35,4704,18,843,34,18
"242","2020-05-19",99,3,186,266,2420,0.594628099173554,0,0,224,426,23,4727,6,849,22,6
"243","2020-05-20",93,3,189,259,2420,0.594628099173554,0,0,224,426,38,4765,14,863,38,14
"244","2020-05-21",96,3,206,251,2420,0.594628099173554,0,0,224,426,30,4795,15,878,28,15
"245","2020-05-22",91,3,216,246,2420,0.594628099173554,0,0,224,426,27,4822,7,885,25,7
"246","2020-05-23",89,3,205,238,2420,0.594628099173554,0,0,224,426,27,4849,12,897,25,12
"247","2020-05-24",88,3,208,242,2420,0.594628099173554,0,0,224,426,25,4874,6,903,24,6
"248","2020-05-25",88,3,216,230,2420,0.594628099173554,0,0,224,426,31,4905,4,907,30,4
"249","2020-05-26",80,3,206,229,2420,0.594628099173554,0,0,224,426,29,4934,14,921,28,14
"250","2020-05-27",77,3,197,229,2420,0.594628099173554,0,0,224,426,24,4958,14,935,21,14
"251","2020-05-28",75,3,182,221,2420,0.594628099173554,0,0,224,426,22,4980,15,950,21,15
"252","2020-05-29",75,3,185,211,2420,0.594628099173554,0,0,224,426,19,4999,10,960,18,10
"253","2020-05-30",63,3,200,205,2420,0.594628099173554,0,0,224,426,15,5014,14,974,15,14
"254","2020-05-31",67,3,211,201,2420,0.594628099173554,0,0,224,426,15,5029,14,988,15,14
"255","2020-06-01",63,3,202,192,2420,0.594628099173554,0,0,224,426,20,5049,13,1001,20,13
"256","2020-06-02",62,3,193,178,2420,0.594628099173554,0,0,224,426,11,5060,8,1009,11,8
"257","2020-06-03",61,3,215,162,2420,0.594628099173554,0,0,224,426,8,5068,19,1028,8,19
"258","2020-06-04",63,3,200,157,2420,0.594628099173554,0,0,224,426,14,5082,18,1046,14,18
"259","2020-06-05",60,3,193,151,2420,0.594628099173554,0,0,224,426,16,5098,14,1060,14,14
"260","2020-06-06",59,3,183,150,2420,0.594628099173554,0,0,224,426,7,5105,24,1084,7,24
"261","2020-06-07",50,3,180,146,2420,0.594628099173554,0,0,224,426,10,5115,21,1105,10,21
"262","2020-03-16",3,4,30,49,2693,0.831043445971036,0,0,210,146,28,97,5,52,14,5
"263","2020-03-17",5,4,26,61,2693,0.831043445971036,0,0,210,146,27,124,12,64,12,12
"264","2020-03-18",8,4,26,76,2693,0.831043445971036,0,0,210,146,35,159,4,68,25,4
"265","2020-03-19",11,4,26,89,2693,0.831043445971036,0,0,210,146,54,213,16,84,45,16
"266","2020-03-20",13,4,34,105,2693,0.831043445971036,0,0,210,146,61,274,17,101,47,17
"267","2020-03-21",23,4,32,116,2693,0.831043445971036,0,0,210,146,63,337,12,113,47,12
"268","2020-03-22",26,4,32,137,2693,0.831043445971036,0,0,210,146,92,429,7,120,85,7
"269","2020-03-23",27,4,33,151,2693,0.831043445971036,0,0,210,146,102,531,16,136,93,16
"270","2020-03-24",32,4,28,161,2693,0.831043445971036,0,0,210,146,90,621,19,155,79,19
"271","2020-03-25",41,4,30,175,2693,0.831043445971036,0,0,210,146,101,722,18,173,91,18
"272","2020-03-26",46,4,32,184,2693,0.831043445971036,0,0,210,146,184,906,14,187,176,14
"273","2020-03-27",53,4,37,200,2693,0.831043445971036,0,0,210,146,187,1093,11,198,175,11
"274","2020-03-28",49,4,38,212,2693,0.831043445971036,0,0,210,146,226,1319,27,225,214,27
"275","2020-03-29",52,4,43,231,2693,0.831043445971036,0,0,210,146,230,1549,11,236,222,11
"276","2020-03-30",57,4,41,238,2693,0.831043445971036,0,0,210,146,249,1798,11,247,240,11
"277","2020-03-31",61,4,36,248,2693,0.831043445971036,0,0,210,146,243,2041,5,252,232,5
"278","2020-04-01",56,4,33,245,2693,0.831043445971036,0,0,210,146,200,2241,18,270,187,18
"279","2020-04-02",51,4,28,253,2693,0.831043445971036,0,0,210,146,243,2484,25,295,228,25
"280","2020-04-03",51,4,29,248,2693,0.831043445971036,0,0,210,146,240,2724,25,320,229,25
"281","2020-04-04",53,4,37,254,2693,0.831043445971036,0,0,210,146,313,3037,11,331,304,11
"282","2020-04-05",60,4,38,273,2693,0.831043445971036,0,0,210,146,268,3305,15,346,262,15
"283","2020-04-06",61,4,47,276,2693,0.831043445971036,0,0,210,146,273,3578,21,367,267,21
"284","2020-04-07",64,4,40,288,2693,0.831043445971036,0,0,210,146,251,3829,11,378,250,11
"285","2020-04-08",66,4,39,298,2693,0.831043445971036,0,0,210,146,258,4087,12,390,249,12
"286","2020-04-09",77,4,41,296,2693,0.831043445971036,0,0,210,146,224,4311,30,420,217,30
"287","2020-04-10",78,4,31,313,2693,0.831043445971036,0,0,210,146,155,4466,10,430,145,10
"288","2020-04-11",86,4,36,333,2693,0.831043445971036,0,0,210,146,203,4669,30,460,199,30
"289","2020-04-12",91,4,39,353,2693,0.831043445971036,0,0,210,146,185,4854,18,478,178,18
"290","2020-04-13",98,4,30,366,2693,0.831043445971036,0,0,210,146,188,5042,18,496,185,18
"291","2020-04-14",93,4,33,375,2693,0.831043445971036,0,0,210,146,148,5190,17,513,146,17
"292","2020-04-15",95,4,28,386,2693,0.831043445971036,0,0,210,146,144,5334,11,524,137,11
"293","2020-04-16",96,4,26,400,2693,0.831043445971036,0,0,210,146,118,5452,18,542,111,18
"294","2020-04-17",99,4,33,425,2693,0.831043445971036,0,0,210,146,134,5586,12,554,133,12
"295","2020-04-18",99,4,43,427,2693,0.831043445971036,0,0,210,146,105,5691,11,565,90,12
"296","2020-04-19",105,4,52,432,2693,0.831043445971036,0,0,210,146,101,5792,1,566,100,1
"297","2020-04-20",100,4,51,448,2693,0.831043445971036,0,0,210,146,78,5870,11,577,75,11
"298","2020-04-21",119,4,47,473,2693,0.831043445971036,0,0,210,146,86,5956,16,593,83,16
"299","2020-04-22",126,4,50,488,2693,0.831043445971036,0,0,210,146,59,6015,9,602,56,9
"300","2020-04-23",125,4,65,514,2693,0.831043445971036,0,0,210,146,60,6075,29,631,57,29
"301","2020-04-24",134,4,80,506,2693,0.831043445971036,0,0,210,146,61,6136,20,651,56,20
"302","2020-04-25",128,4,84,504,2693,0.831043445971036,0,0,210,146,49,6185,36,687,45,36
"303","2020-04-26",130,4,82,497,2693,0.831043445971036,0,0,210,146,60,6245,32,719,55,32
"304","2020-04-27",136,4,93,489,2693,0.831043445971036,0,0,210,146,44,6289,27,746,42,27
"305","2020-04-28",123,4,84,496,2693,0.831043445971036,0,0,210,146,32,6321,39,785,32,39
"306","2020-04-29",125,4,79,499,2693,0.831043445971036,0,0,210,146,34,6355,18,803,29,18
"307","2020-04-30",140,4,83,482,2693,0.831043445971036,0,0,210,146,26,6381,19,822,26,19
"308","2020-05-01",136,4,78,492,2693,0.831043445971036,0,0,210,146,37,6418,10,832,33,10
"309","2020-05-02",153,4,74,511,2693,0.831043445971036,0,0,210,146,25,6443,9,841,21,9
"310","2020-05-03",147,4,76,512,2693,0.831043445971036,0,0,210,146,25,6468,3,844,22,3
"311","2020-05-04",146,4,69,501,2693,0.831043445971036,0,0,210,146,17,6485,13,857,12,13
"312","2020-05-05",157,4,78,495,2693,0.831043445971036,0,0,210,146,14,6499,25,882,10,25
"313","2020-05-06",159,4,74,486,2693,0.831043445971036,0,0,210,146,20,6519,13,895,16,13
"314","2020-05-07",157,4,77,481,2693,0.831043445971036,0,0,210,146,14,6533,18,913,9,18
"315","2020-05-08",156,4,72,471,2693,0.831043445971036,0,0,210,146,13,6546,17,930,8,17
"316","2020-05-09",148,4,75,471,2693,0.831043445971036,0,0,210,146,15,6561,22,952,8,22
"317","2020-05-10",142,4,73,453,2693,0.831043445971036,0,0,210,146,13,6574,21,973,10,21
"318","2020-05-11",142,4,68,440,2693,0.831043445971036,0,0,210,146,16,6590,21,994,12,21
"319","2020-05-12",143,4,63,444,2693,0.831043445971036,0,0,210,146,10,6600,21,1015,9,21
"320","2020-05-13",136,4,67,428,2693,0.831043445971036,0,0,210,146,10,6610,14,1029,7,14
"321","2020-05-14",123,4,63,420,2693,0.831043445971036,0,0,210,146,9,6619,6,1035,6,6
"322","2020-05-15",123,4,58,394,2693,0.831043445971036,0,0,210,146,11,6630,12,1047,7,12
"323","2020-05-16",116,4,51,371,2693,0.831043445971036,0,0,210,146,9,6639,5,1052,7,5
"324","2020-05-17",110,4,51,349,2693,0.831043445971036,0,0,210,146,12,6651,4,1056,11,4
"325","2020-05-18",110,4,48,329,2693,0.831043445971036,0,0,210,146,11,6662,23,1079,8,23
"326","2020-05-19",95,4,44,326,2693,0.831043445971036,0,0,210,146,6,6668,5,1084,3,5
"327","2020-05-20",92,4,42,309,2693,0.831043445971036,0,0,210,146,9,6677,12,1096,7,12
"328","2020-05-21",91,4,38,307,2693,0.831043445971036,0,0,210,146,6,6683,13,1109,4,13
"329","2020-05-22",90,4,35,302,2693,0.831043445971036,0,0,210,146,6,6689,12,1121,2,12
"330","2020-05-23",90,4,34,305,2693,0.831043445971036,0,0,210,146,1,6690,28,1149,NA,28
"331","2020-05-24",87,4,38,300,2693,0.831043445971036,0,0,210,146,6,6696,10,1159,5,10
"332","2020-05-25",80,4,35,297,2693,0.831043445971036,0,0,210,146,1,6697,26,1185,NA,26
"333","2020-05-26",87,4,37,278,2693,0.831043445971036,0,0,210,146,5,6702,29,1214,3,29
"334","2020-05-27",87,4,40,282,2693,0.831043445971036,0,0,210,146,5,6707,16,1230,2,16
"335","2020-05-28",89,4,47,274,2693,0.831043445971036,0,0,210,146,7,6714,2,1232,4,2
"336","2020-05-29",85,4,45,262,2693,0.831043445971036,0,0,210,146,1,6715,8,1240,1,8
"337","2020-05-30",79,4,47,254,2693,0.831043445971036,0,0,210,146,1,6716,3,1243,NA,3
"338","2020-05-31",81,4,43,254,2693,0.831043445971036,0,0,210,146,3,6719,18,1261,2,18
"339","2020-06-01",79,4,45,244,2693,0.831043445971036,0,0,210,146,4,6723,12,1273,2,12
"340","2020-06-02",69,4,42,234,2693,0.831043445971036,0,0,210,146,2,6725,17,1290,1,17
"341","2020-06-03",67,4,46,237,2693,0.831043445971036,0,0,210,146,3,6728,13,1303,2,13
"342","2020-06-04",62,4,45,234,2693,0.831043445971036,0,0,210,146,3,6731,25,1328,3,25
"343","2020-06-05",61,4,47,212,2693,0.831043445971036,0,0,210,146,NA,NA,12,1340,NA,12
"344","2020-06-06",61,4,45,210,2693,0.831043445971036,0,0,210,146,3,6734,6,1346,2,6
"345","2020-06-07",65,4,44,209,2693,0.831043445971036,0,0,210,146,3,6737,4,1350,2,4
"346","2020-03-14",1,5,19,39,2073,0.705740472744814,0,0,163,140,5,14,4,16,NA,4
"347","2020-03-15",2,5,26,64,2073,0.705740472744814,0,0,163,140,10,24,5,21,4,5
"348","2020-03-16",2,5,28,72,2073,0.705740472744814,0,0,163,140,4,28,12,33,4,12
"349","2020-03-17",5,5,33,85,2073,0.705740472744814,0,0,163,140,9,37,5,38,7,5
"350","2020-03-18",9,5,29,96,2073,0.705740472744814,0,0,163,140,7,44,5,43,3,5
"351","2020-03-19",12,5,30,115,2073,0.705740472744814,0,0,163,140,7,51,11,54,6,11
"352","2020-03-20",17,5,29,128,2073,0.705740472744814,0,0,163,140,11,62,6,60,7,6
"353","2020-03-21",21,5,30,144,2073,0.705740472744814,0,0,163,140,12,74,12,72,9,12
"354","2020-03-22",26,5,28,164,2073,0.705740472744814,0,0,163,140,9,83,9,81,6,9
"355","2020-03-23",35,5,26,179,2073,0.705740472744814,0,0,163,140,12,95,10,91,10,10
"356","2020-03-24",41,5,23,195,2073,0.705740472744814,0,0,163,140,19,114,9,100,15,9
"357","2020-03-25",40,5,21,209,2073,0.705740472744814,0,0,163,140,14,128,10,110,9,10
"358","2020-03-26",43,5,18,222,2073,0.705740472744814,0,0,163,140,20,148,9,119,14,9
"359","2020-03-27",48,5,23,235,2073,0.705740472744814,0,0,163,140,25,173,8,127,21,8
"360","2020-03-28",48,5,26,245,2073,0.705740472744814,0,0,163,140,24,197,12,139,17,12
"361","2020-03-29",49,5,29,248,2073,0.705740472744814,0,0,163,140,14,211,18,157,11,18
"362","2020-03-30",57,5,30,262,2073,0.705740472744814,0,0,163,140,20,231,9,166,19,9
"363","2020-03-31",57,5,35,265,2073,0.705740472744814,0,0,163,140,25,256,20,186,21,20
"364","2020-04-01",60,5,38,278,2073,0.705740472744814,0,0,163,140,19,275,8,194,16,8
"365","2020-04-02",69,5,37,285,2073,0.705740472744814,0,0,163,140,19,294,16,210,17,16
"366","2020-04-03",72,5,37,291,2073,0.705740472744814,0,0,163,140,33,327,9,219,30,9
"367","2020-04-04",78,5,38,296,2073,0.705740472744814,0,0,163,140,26,353,17,236,19,17
"368","2020-04-05",78,5,39,312,2073,0.705740472744814,0,0,163,140,23,376,17,253,19,17
"369","2020-04-06",75,5,43,328,2073,0.705740472744814,0,0,163,140,24,400,28,281,22,28
"370","2020-04-07",77,5,46,339,2073,0.705740472744814,0,0,163,140,22,422,23,304,18,23
"371","2020-04-08",86,5,47,357,2073,0.705740472744814,0,0,163,140,19,441,22,326,11,22
"372","2020-04-09",92,5,52,359,2073,0.705740472744814,0,0,163,140,22,463,20,346,16,20
"373","2020-04-10",94,5,48,370,2073,0.705740472744814,0,0,163,140,26,489,10,356,21,10
"374","2020-04-11",98,5,46,371,2073,0.705740472744814,0,0,163,140,23,512,17,373,19,17
"375","2020-04-12",105,5,47,364,2073,0.705740472744814,0,0,163,140,32,544,19,392,29,19
"376","2020-04-13",107,5,44,363,2073,0.705740472744814,0,0,163,140,35,579,10,402,32,10
"377","2020-04-14",116,5,43,360,2073,0.705740472744814,0,0,163,140,29,608,17,419,23,17
"378","2020-04-15",117,5,42,357,2073,0.705740472744814,0,0,163,140,41,649,18,437,33,18
"379","2020-04-16",113,5,38,359,2073,0.705740472744814,0,0,163,140,28,677,18,455,24,18
"380","2020-04-17",111,5,40,346,2073,0.705740472744814,0,0,163,140,28,705,27,482,25,27
"381","2020-04-18",108,5,43,343,2073,0.705740472744814,0,0,163,140,24,729,20,502,23,20
"382","2020-04-19",111,5,43,338,2073,0.705740472744814,0,0,163,140,36,765,24,526,31,24
"383","2020-04-20",117,5,47,341,2073,0.705740472744814,0,0,163,140,26,791,30,556,20,30
"384","2020-04-21",108,5,54,325,2073,0.705740472744814,0,0,163,140,30,821,29,585,25,29
"385","2020-04-22",103,5,59,307,2073,0.705740472744814,0,0,163,140,36,857,14,599,33,14
"386","2020-04-23",99,5,56,308,2073,0.705740472744814,0,0,163,140,23,880,18,617,15,18
"387","2020-04-24",103,5,64,320,2073,0.705740472744814,0,0,163,140,26,906,19,636,23,19
"388","2020-04-25",107,5,60,320,2073,0.705740472744814,0,0,163,140,20,926,5,641,16,5
"389","2020-04-26",96,5,53,308,2073,0.705740472744814,0,0,163,140,28,954,16,657,25,16
"390","2020-04-27",85,5,44,302,2073,0.705740472744814,0,0,163,140,38,992,15,672,30,15
"391","2020-04-28",84,5,39,308,2073,0.705740472744814,0,0,163,140,26,1018,13,685,20,13
"392","2020-04-29",79,5,44,321,2073,0.705740472744814,0,0,163,140,22,1040,12,697,18,12
"393","2020-04-30",78,5,38,319,2073,0.705740472744814,0,0,163,140,19,1059,18,715,12,18
"394","2020-05-01",80,5,40,310,2073,0.705740472744814,0,0,163,140,34,1093,9,724,31,9
"395","2020-05-02",76,5,44,311,2073,0.705740472744814,0,0,163,140,30,1123,7,731,27,7
"396","2020-05-03",85,5,35,310,2073,0.705740472744814,0,0,163,140,27,1150,22,753,22,22
"397","2020-05-04",91,5,35,316,2073,0.705740472744814,0,0,163,140,21,1171,15,768,16,15
"398","2020-05-05",96,5,41,317,2073,0.705740472744814,0,0,163,140,27,1198,23,791,23,23
"399","2020-05-06",109,5,50,317,2073,0.705740472744814,0,0,163,140,37,1235,23,814,30,23
"400","2020-05-07",101,5,50,319,2073,0.705740472744814,0,0,163,140,29,1264,23,837,25,23
"401","2020-05-08",92,5,52,305,2073,0.705740472744814,0,0,163,140,45,1309,19,856,38,19
"402","2020-05-09",89,5,51,295,2073,0.705740472744814,0,0,163,140,38,1347,33,889,29,33
"403","2020-05-10",84,5,53,303,2073,0.705740472744814,0,0,163,140,34,1381,19,908,28,19
"404","2020-05-11",78,5,62,291,2073,0.705740472744814,0,0,163,140,30,1411,13,921,26,13
"405","2020-05-12",76,5,65,297,2073,0.705740472744814,0,0,163,140,27,1438,20,941,22,20
"406","2020-05-13",68,5,67,291,2073,0.705740472744814,0,0,163,140,34,1472,20,961,30,20
"407","2020-05-14",73,5,73,281,2073,0.705740472744814,0,0,163,140,42,1514,17,978,39,17
"408","2020-05-15",71,5,80,275,2073,0.705740472744814,0,0,163,140,34,1548,15,993,30,15
"409","2020-05-16",69,5,79,265,2073,0.705740472744814,0,0,163,140,30,1578,13,1006,27,13
"410","2020-05-17",68,5,80,257,2073,0.705740472744814,0,0,163,140,26,1604,21,1027,25,21
"411","2020-05-18",64,5,67,251,2073,0.705740472744814,0,0,163,140,34,1638,22,1049,31,22
"412","2020-05-19",64,5,62,239,2073,0.705740472744814,0,0,163,140,34,1672,15,1064,28,15
"413","2020-05-20",60,5,56,233,2073,0.705740472744814,0,0,163,140,31,1703,8,1072,28,8
"414","2020-05-21",61,5,43,222,2073,0.705740472744814,0,0,163,140,32,1735,13,1085,31,13
"415","2020-05-22",68,5,37,213,2073,0.705740472744814,0,0,163,140,31,1766,14,1099,30,14
"416","2020-05-23",76,5,31,200,2073,0.705740472744814,0,0,163,140,28,1794,22,1121,28,22
"417","2020-05-24",75,5,33,184,2073,0.705740472744814,0,0,163,140,34,1828,13,1134,33,13
"418","2020-05-25",79,5,33,178,2073,0.705740472744814,0,0,163,140,22,1850,16,1150,16,16
"419","2020-05-26",73,5,30,172,2073,0.705740472744814,0,0,163,140,23,1873,21,1171,21,21
"420","2020-05-27",76,5,36,161,2073,0.705740472744814,0,0,163,140,37,1910,12,1183,36,12
"421","2020-05-28",73,5,34,152,2073,0.705740472744814,0,0,163,140,19,1929,21,1204,18,21
"422","2020-05-29",62,5,32,153,2073,0.705740472744814,0,0,163,140,18,1947,19,1223,17,19
"423","2020-05-30",54,5,34,147,2073,0.705740472744814,0,0,163,140,28,1975,14,1237,28,14
"424","2020-05-31",47,5,31,147,2073,0.705740472744814,0,0,163,140,21,1996,9,1246,17,9
"425","2020-06-01",41,5,32,136,2073,0.705740472744814,0,0,163,140,17,2013,16,1262,16,16
"426","2020-06-02",38,5,32,129,2073,0.705740472744814,0,0,163,140,17,2030,13,1275,15,13
"427","2020-06-03",35,5,26,132,2073,0.705740472744814,0,0,163,140,20,2050,17,1292,18,17
"428","2020-06-04",34,5,27,124,2073,0.705740472744814,0,0,163,140,20,2070,15,1307,20,15
"429","2020-06-05",31,5,23,117,2073,0.705740472744814,0,0,163,140,21,2091,18,1325,17,18
"430","2020-06-06",33,5,20,126,2073,0.705740472744814,0,0,163,140,30,2121,10,1335,30,10
"431","2020-06-07",38,5,23,119,2073,0.705740472744814,0,0,163,140,17,2138,10,1345,15,10
"432","2020-03-15",1,6,25,59,7062,0.954828660436137,0,0,639,275,7,33,3,24,2,3
"433","2020-03-16",1,6,29,75,7062,0.954828660436137,0,0,639,275,6,39,6,30,1,6
"434","2020-03-17",2,6,39,97,7062,0.954828660436137,0,0,639,275,9,48,5,35,3,5
"435","2020-03-18",7,6,37,133,7062,0.954828660436137,0,0,639,275,15,63,7,42,7,7
"436","2020-03-19",11,6,44,170,7062,0.954828660436137,0,0,639,275,13,76,6,48,6,6
"437","2020-03-20",17,6,43,205,7062,0.954828660436137,0,0,639,275,12,88,4,52,8,4
"438","2020-03-21",23,6,47,249,7062,0.954828660436137,0,0,639,275,16,104,2,54,5,2
"439","2020-03-22",31,6,41,302,7062,0.954828660436137,0,0,639,275,17,121,3,57,15,3
"440","2020-03-23",47,6,47,373,7062,0.954828660436137,0,0,639,275,19,140,11,68,13,11
"441","2020-03-24",58,6,48,431,7062,0.954828660436137,0,0,639,275,21,161,5,73,10,5
"442","2020-03-25",68,6,64,502,7062,0.954828660436137,0,0,639,275,21,182,9,82,11,9
"443","2020-03-26",82,6,58,596,7062,0.954828660436137,0,0,639,275,21,203,6,88,16,6
"444","2020-03-27",94,6,66,681,7062,0.954828660436137,0,0,639,275,13,216,7,95,7,7
"445","2020-03-28",116,6,67,799,7062,0.954828660436137,0,0,639,275,32,248,4,99,21,4
"446","2020-03-29",140,6,70,933,7062,0.954828660436137,0,0,639,275,28,276,1,100,20,1
"447","2020-03-30",164,6,70,1048,7062,0.954828660436137,0,0,639,275,29,305,8,108,19,8
"448","2020-03-31",192,6,66,1127,7062,0.954828660436137,0,0,639,275,27,332,9,117,24,9
"449","2020-04-01",229,6,73,1308,7062,0.954828660436137,0,0,639,275,24,356,13,130,18,13
"450","2020-04-02",251,6,74,1422,7062,0.954828660436137,0,0,639,275,26,382,14,144,17,14
"451","2020-04-03",285,6,74,1580,7062,0.954828660436137,0,0,639,275,27,409,7,151,21,7
"452","2020-04-04",313,6,65,1730,7062,0.954828660436137,0,0,639,275,30,439,13,164,24,13
"453","2020-04-05",338,6,61,1921,7062,0.954828660436137,0,0,639,275,35,474,5,169,27,5
"454","2020-04-06",366,6,63,2092,7062,0.954828660436137,0,0,639,275,25,499,16,185,15,16
"455","2020-04-07",398,6,55,2276,7062,0.954828660436137,0,0,639,275,27,526,19,204,23,19
"456","2020-04-08",435,6,58,2428,7062,0.954828660436137,0,0,639,275,27,553,14,218,17,14
"457","2020-04-09",511,6,58,2534,7062,0.954828660436137,0,0,639,275,25,578,16,234,19,16
"458","2020-04-10",554,6,65,2572,7062,0.954828660436137,0,0,639,275,24,602,16,250,17,16
"459","2020-04-11",611,6,73,2660,7062,0.954828660436137,0,0,639,275,29,631,8,258,21,8
"460","2020-04-12",677,6,79,2722,7062,0.954828660436137,0,0,639,275,22,653,9,267,10,9
"461","2020-04-13",739,6,71,2741,7062,0.954828660436137,0,0,639,275,38,691,6,273,27,6
"462","2020-04-14",779,6,74,2755,7062,0.954828660436137,0,0,639,275,19,710,6,279,12,6
"463","2020-04-15",806,6,75,2740,7062,0.954828660436137,0,0,639,275,27,737,12,291,19,12
"464","2020-04-16",799,6,79,2667,7062,0.954828660436137,0,0,639,275,19,756,7,298,14,7
"465","2020-04-17",810,6,84,2639,7062,0.954828660436137,0,0,639,275,34,790,8,306,20,8
"466","2020-04-18",805,6,102,2545,7062,0.954828660436137,0,0,639,275,33,823,2,308,23,2
"467","2020-04-19",771,6,95,2427,7062,0.954828660436137,0,0,639,275,29,852,5,313,21,5
"468","2020-04-20",721,6,108,2267,7062,0.954828660436137,0,0,639,275,35,887,12,325,26,12
"469","2020-04-21",711,6,104,2150,7062,0.954828660436137,0,0,639,275,28,915,22,347,16,22
"470","2020-04-22",691,6,106,1998,7062,0.954828660436137,0,0,639,275,36,951,21,368,24,21
"471","2020-04-23",660,6,111,1856,7062,0.954828660436137,0,0,639,275,33,984,15,383,23,15
"472","2020-04-24",632,6,122,1698,7062,0.954828660436137,0,0,639,275,18,1002,20,403,10,20
"473","2020-04-25",597,6,130,1543,7062,0.954828660436137,0,0,639,275,27,1029,15,418,25,15
"474","2020-04-26",572,6,127,1379,7062,0.954828660436137,0,0,639,275,33,1062,11,429,20,11
"475","2020-04-27",553,6,127,1275,7062,0.954828660436137,0,0,639,275,31,1093,12,441,19,12
"476","2020-04-28",508,6,119,1131,7062,0.954828660436137,0,0,639,275,35,1128,13,454,30,13
"477","2020-04-29",466,6,125,1024,7062,0.954828660436137,0,0,639,275,22,1150,19,473,18,19
"478","2020-04-30",416,6,117,881,7062,0.954828660436137,0,0,639,275,30,1180,19,492,19,19
"479","2020-05-01",374,6,128,771,7062,0.954828660436137,0,0,639,275,31,1211,28,520,23,28
"480","2020-05-02",329,6,132,680,7062,0.954828660436137,0,0,639,275,24,1235,17,537,17,17
"481","2020-05-03",291,6,120,595,7062,0.954828660436137,0,0,639,275,24,1259,15,552,14,15
"482","2020-05-04",253,6,108,522,7062,0.954828660436137,0,0,639,275,18,1277,21,573,10,21
"483","2020-05-05",218,6,89,451,7062,0.954828660436137,0,0,639,275,19,1296,17,590,16,17
"484","2020-05-06",182,6,93,396,7062,0.954828660436137,0,0,639,275,28,1324,31,621,23,31
"485","2020-05-07",165,6,99,343,7062,0.954828660436137,0,0,639,275,26,1350,14,635,20,14
"486","2020-05-08",138,6,99,307,7062,0.954828660436137,0,0,639,275,28,1378,23,658,16,23
"487","2020-05-09",129,6,101,271,7062,0.954828660436137,0,0,639,275,20,1398,22,680,10,22
"488","2020-05-10",111,6,102,236,7062,0.954828660436137,0,0,639,275,22,1420,22,702,15,22
"489","2020-05-11",96,6,87,201,7062,0.954828660436137,0,0,639,275,19,1439,24,726,12,24
"490","2020-05-12",76,6,88,178,7062,0.954828660436137,0,0,639,275,23,1462,15,741,12,15
"491","2020-05-13",66,6,92,156,7062,0.954828660436137,0,0,639,275,17,1479,6,747,7,6
"492","2020-05-14",61,6,84,130,7062,0.954828660436137,0,0,639,275,22,1501,11,758,16,11
"493","2020-05-15",59,6,73,115,7062,0.954828660436137,0,0,639,275,24,1525,7,765,19,7
"494","2020-05-16",45,6,72,102,7062,0.954828660436137,0,0,639,275,22,1547,6,771,13,6
"495","2020-05-17",39,6,64,88,7062,0.954828660436137,0,0,639,275,12,1559,3,774,8,3
"496","2020-05-18",34,6,71,77,7062,0.954828660436137,0,0,639,275,11,1570,2,776,7,2
"497","2020-05-19",32,6,64,72,7062,0.954828660436137,0,0,639,275,19,1589,NA,NA,14,NA
"498","2020-05-20",26,6,65,60,7062,0.954828660436137,0,0,639,275,22,1611,3,779,16,3
"499","2020-05-21",21,6,57,61,7062,0.954828660436137,0,0,639,275,22,1633,2,781,14,2
"500","2020-05-22",17,6,60,52,7062,0.954828660436137,0,0,639,275,20,1653,2,783,16,2
"501","2020-05-23",12,6,65,50,7062,0.954828660436137,0,0,639,275,22,1675,8,791,14,8
"502","2020-05-24",11,6,67,44,7062,0.954828660436137,0,0,639,275,19,1694,15,806,13,15
"503","2020-05-25",10,6,65,44,7062,0.954828660436137,0,0,639,275,24,1718,14,820,20,14
"504","2020-05-26",13,6,72,37,7062,0.954828660436137,0,0,639,275,23,1741,11,831,16,11
"505","2020-05-27",12,6,66,34,7062,0.954828660436137,0,0,639,275,33,1774,7,838,27,7
"506","2020-05-28",12,6,59,32,7062,0.954828660436137,0,0,639,275,20,1794,11,849,16,11
"507","2020-05-29",11,6,55,31,7062,0.954828660436137,0,0,639,275,17,1811,8,857,15,8
"508","2020-05-30",12,6,52,32,7062,0.954828660436137,0,0,639,275,12,1823,13,870,9,13
"509","2020-05-31",10,6,54,29,7062,0.954828660436137,0,0,639,275,27,1850,11,881,20,11
"510","2020-06-01",8,6,53,27,7062,0.954828660436137,0,0,639,275,23,1873,14,895,18,14
"511","2020-06-02",6,6,52,24,7062,0.954828660436137,0,0,639,275,15,1888,6,901,13,6
"512","2020-06-03",7,6,44,22,7062,0.954828660436137,0,0,639,275,22,1910,9,910,20,9
"513","2020-06-04",6,6,43,20,7062,0.954828660436137,0,0,639,275,16,1926,11,921,13,11
"514","2020-06-05",5,6,47,22,7062,0.954828660436137,0,0,639,275,23,1949,7,928,20,7
"515","2020-06-06",4,6,48,19,7062,0.954828660436137,0,0,639,275,16,1965,4,932,13,4
"516","2020-06-07",5,6,44,18,7062,0.954828660436137,0,0,639,275,15,1980,3,935,13,3
"517","2020-03-14",1,7,13,38,2156,0.476345083487941,0,0,184,111,3,14,3,15,1,3
"518","2020-03-15",3,7,12,50,2156,0.476345083487941,0,0,184,111,4,18,5,20,2,5
"519","2020-03-16",7,7,12,63,2156,0.476345083487941,0,0,184,111,5,23,NA,NA,3,NA
"520","2020-03-17",8,7,13,73,2156,0.476345083487941,0,0,184,111,8,31,4,24,6,4
"521","2020-03-18",9,7,13,92,2156,0.476345083487941,0,0,184,111,8,39,3,27,6,3
"522","2020-03-19",14,7,18,100,2156,0.476345083487941,0,0,184,111,13,52,7,34,7,7
"523","2020-03-20",16,7,17,111,2156,0.476345083487941,0,0,184,111,9,61,12,46,6,12
"524","2020-03-21",18,7,13,129,2156,0.476345083487941,0,0,184,111,8,69,4,50,6,4
"525","2020-03-22",19,7,14,151,2156,0.476345083487941,0,0,184,111,17,86,9,59,13,9
"526","2020-03-23",21,7,14,160,2156,0.476345083487941,0,0,184,111,11,97,3,62,7,3
"527","2020-03-24",22,7,10,180,2156,0.476345083487941,0,0,184,111,15,112,10,72,11,10
"528","2020-03-25",22,7,16,189,2156,0.476345083487941,0,0,184,111,18,130,3,75,15,3
"529","2020-03-26",29,7,11,200,2156,0.476345083487941,0,0,184,111,22,152,1,76,17,1
"530","2020-03-27",38,7,12,217,2156,0.476345083487941,0,0,184,111,18,170,5,81,15,5
"531","2020-03-28",50,7,10,221,2156,0.476345083487941,0,0,184,111,13,183,5,86,11,5
"532","2020-03-29",58,7,23,238,2156,0.476345083487941,0,0,184,111,28,211,4,90,25,4
"533","2020-03-30",60,7,24,249,2156,0.476345083487941,0,0,184,111,27,238,3,93,20,3
"534","2020-03-31",69,7,17,254,2156,0.476345083487941,0,0,184,111,25,263,3,96,22,3
"535","2020-04-01",79,7,24,267,2156,0.476345083487941,0,0,184,111,18,281,4,100,14,4
"536","2020-04-02",76,7,26,264,2156,0.476345083487941,0,0,184,111,29,310,2,102,25,2
"537","2020-04-03",77,7,26,270,2156,0.476345083487941,0,0,184,111,36,346,3,105,33,3
"538","2020-04-04",70,7,20,287,2156,0.476345083487941,0,0,184,111,18,364,11,116,17,11
"539","2020-04-05",68,7,19,289,2156,0.476345083487941,0,0,184,111,31,395,5,121,26,5
"540","2020-04-06",76,7,19,298,2156,0.476345083487941,0,0,184,111,29,424,7,128,26,7
"541","2020-04-07",77,7,17,305,2156,0.476345083487941,0,0,184,111,31,455,6,134,29,6
"542","2020-04-08",74,7,29,312,2156,0.476345083487941,0,0,184,111,39,494,7,141,30,7
"543","2020-04-09",74,7,33,321,2156,0.476345083487941,0,0,184,111,40,534,6,147,37,6
"544","2020-04-10",72,7,30,339,2156,0.476345083487941,0,0,184,111,36,570,6,153,32,6
"545","2020-04-11",82,7,32,340,2156,0.476345083487941,0,0,184,111,44,614,7,160,37,7
"546","2020-04-12",83,7,38,349,2156,0.476345083487941,0,0,184,111,44,658,13,173,36,13
"547","2020-04-13",80,7,40,361,2156,0.476345083487941,0,0,184,111,46,704,13,186,40,13
"548","2020-04-14",82,7,41,360,2156,0.476345083487941,0,0,184,111,44,748,6,192,40,6
"549","2020-04-15",84,7,38,359,2156,0.476345083487941,0,0,184,111,52,800,7,199,47,7
"550","2020-04-16",90,7,39,368,2156,0.476345083487941,0,0,184,111,40,840,19,218,32,19
"551","2020-04-17",91,7,36,362,2156,0.476345083487941,0,0,184,111,65,905,21,239,61,21
"552","2020-04-18",88,7,32,357,2156,0.476345083487941,0,0,184,111,55,960,14,253,47,14
"553","2020-04-19",94,7,39,368,2156,0.476345083487941,0,0,184,111,52,1012,8,261,46,8
"554","2020-04-20",95,7,36,369,2156,0.476345083487941,0,0,184,111,55,1067,11,272,48,11
"555","2020-04-21",97,7,34,378,2156,0.476345083487941,0,0,184,111,50,1117,7,279,43,7
"556","2020-04-22",109,7,32,380,2156,0.476345083487941,0,0,184,111,53,1170,17,296,48,17
"557","2020-04-23",104,7,37,365,2156,0.476345083487941,0,0,184,111,42,1212,14,310,42,14
"558","2020-04-24",108,7,39,368,2156,0.476345083487941,0,0,184,111,56,1268,8,318,53,8
"559","2020-04-25",105,7,42,371,2156,0.476345083487941,0,0,184,111,63,1331,7,325,55,7
"560","2020-04-26",106,7,43,372,2156,0.476345083487941,0,0,184,111,67,1398,3,328,64,3
"561","2020-04-27",107,7,31,375,2156,0.476345083487941,0,0,184,111,60,1458,16,344,54,16
"562","2020-04-28",112,7,32,379,2156,0.476345083487941,0,0,184,111,61,1519,9,353,55,9
"563","2020-04-29",100,7,35,361,2156,0.476345083487941,0,0,184,111,45,1564,22,375,41,22
"564","2020-04-30",104,7,44,368,2156,0.476345083487941,0,0,184,111,51,1615,26,401,44,26
"565","2020-05-01",98,7,37,370,2156,0.476345083487941,0,0,184,111,46,1661,17,418,41,17
"566","2020-05-02",101,7,33,369,2156,0.476345083487941,0,0,184,111,63,1724,19,437,61,19
"567","2020-05-03",98,7,32,360,2156,0.476345083487941,0,0,184,111,51,1775,7,444,47,7
"568","2020-05-04",99,7,33,351,2156,0.476345083487941,0,0,184,111,54,1829,17,461,48,17
"569","2020-05-05",91,7,37,340,2156,0.476345083487941,0,0,184,111,43,1872,20,481,41,20
"570","2020-05-06",97,7,45,334,2156,0.476345083487941,0,0,184,111,43,1915,13,494,41,13
"571","2020-05-07",95,7,45,329,2156,0.476345083487941,0,0,184,111,68,1983,28,522,61,28
"572","2020-05-08",101,7,44,323,2156,0.476345083487941,0,0,184,111,43,2026,19,541,40,19
"573","2020-05-09",102,7,45,315,2156,0.476345083487941,0,0,184,111,49,2075,22,563,46,22
"574","2020-05-10",99,7,42,314,2156,0.476345083487941,0,0,184,111,48,2123,23,586,46,23
"575","2020-05-11",92,7,35,300,2156,0.476345083487941,0,0,184,111,41,2164,31,617,36,31
"576","2020-05-12",91,7,46,286,2156,0.476345083487941,0,0,184,111,30,2194,8,625,27,8
"577","2020-05-13",88,7,43,271,2156,0.476345083487941,0,0,184,111,26,2220,17,642,23,17
"578","2020-05-14",87,7,38,263,2156,0.476345083487941,0,0,184,111,35,2255,5,647,33,5
"579","2020-05-15",80,7,39,255,2156,0.476345083487941,0,0,184,111,22,2277,11,658,20,11
"580","2020-05-16",84,7,36,255,2156,0.476345083487941,0,0,184,111,37,2314,21,679,32,21
"581","2020-05-17",86,7,38,245,2156,0.476345083487941,0,0,184,111,34,2348,15,694,32,15
"582","2020-05-18",85,7,43,244,2156,0.476345083487941,0,0,184,111,41,2389,8,702,38,8
"583","2020-05-19",81,7,41,247,2156,0.476345083487941,0,0,184,111,18,2407,14,716,15,14
"584","2020-05-20",78,7,49,235,2156,0.476345083487941,0,0,184,111,22,2429,12,728,16,12
"585","2020-05-21",73,7,51,228,2156,0.476345083487941,0,0,184,111,24,2453,6,734,22,6
"586","2020-05-22",76,7,47,230,2156,0.476345083487941,0,0,184,111,24,2477,21,755,22,21
"587","2020-05-23",70,7,35,221,2156,0.476345083487941,0,0,184,111,24,2501,19,774,23,19
"588","2020-05-24",69,7,38,207,2156,0.476345083487941,0,0,184,111,23,2524,19,793,21,19
"589","2020-05-25",75,7,32,205,2156,0.476345083487941,0,0,184,111,18,2542,20,813,18,20
"590","2020-05-26",76,7,35,194,2156,0.476345083487941,0,0,184,111,16,2558,22,835,16,22
"591","2020-05-27",76,7,35,184,2156,0.476345083487941,0,0,184,111,14,2572,10,845,13,10
"592","2020-05-28",79,7,30,178,2156,0.476345083487941,0,0,184,111,14,2586,17,862,12,17
"593","2020-05-29",72,7,27,176,2156,0.476345083487941,0,0,184,111,16,2602,16,878,16,16
"594","2020-05-30",63,7,35,167,2156,0.476345083487941,0,0,184,111,13,2615,7,885,12,7
"595","2020-05-31",55,7,33,157,2156,0.476345083487941,0,0,184,111,16,2631,16,901,13,16
"596","2020-06-01",45,7,27,144,2156,0.476345083487941,0,0,184,111,7,2638,10,911,7,10
"597","2020-06-02",41,7,23,143,2156,0.476345083487941,0,0,184,111,15,2653,6,917,12,6
"598","2020-06-03",34,7,22,145,2156,0.476345083487941,0,0,184,111,5,2658,8,925,5,8
"599","2020-06-04",32,7,24,145,2156,0.476345083487941,0,0,184,111,9,2667,7,932,7,7
"600","2020-06-05",36,7,24,140,2156,0.476345083487941,0,0,184,111,9,2676,8,940,9,8
"601","2020-06-06",35,7,23,143,2156,0.476345083487941,0,0,184,111,10,2686,1,941,8,1
"602","2020-06-07",33,7,18,141,2156,0.476345083487941,0,0,184,111,6,2692,8,949,6,8
"603","2020-03-14",1,8,27,24,1952,0.601946721311475,0,0,152,401,8,27,1,11,2,1
"604","2020-03-15",3,8,28,30,1952,0.601946721311475,0,0,152,401,9,36,3,14,4,3
"605","2020-03-16",3,8,31,39,1952,0.601946721311475,0,0,152,401,10,46,10,24,3,10
"606","2020-03-17",4,8,42,61,1952,0.601946721311475,0,0,152,401,9,55,1,25,3,1
"607","2020-03-18",5,8,49,73,1952,0.601946721311475,0,0,152,401,9,64,NA,NA,3,NA
"608","2020-03-19",9,8,53,83,1952,0.601946721311475,0,0,152,401,13,77,1,26,6,1
"609","2020-03-20",11,8,51,103,1952,0.601946721311475,0,0,152,401,18,95,7,33,9,7
"610","2020-03-21",11,8,64,128,1952,0.601946721311475,0,0,152,401,14,109,3,36,8,3
"611","2020-03-22",13,8,72,137,1952,0.601946721311475,0,0,152,401,12,121,2,38,7,2
"612","2020-03-23",20,8,75,151,1952,0.601946721311475,0,0,152,401,14,135,3,41,6,3
"613","2020-03-24",29,8,79,162,1952,0.601946721311475,0,0,152,401,13,148,4,45,11,4
"614","2020-03-25",36,8,85,168,1952,0.601946721311475,0,0,152,401,19,167,1,46,10,1
"615","2020-03-26",38,8,81,184,1952,0.601946721311475,0,0,152,401,8,175,1,47,8,1
"616","2020-03-27",40,8,88,200,1952,0.601946721311475,0,0,152,401,18,193,3,50,12,3
"617","2020-03-28",49,8,98,217,1952,0.601946721311475,0,0,152,401,22,215,3,53,16,3
"618","2020-03-29",56,8,95,221,1952,0.601946721311475,0,0,152,401,23,238,3,56,17,3
"619","2020-03-30",55,8,96,228,1952,0.601946721311475,0,0,152,401,25,263,3,59,14,3
"620","2020-03-31",56,8,105,237,1952,0.601946721311475,0,0,152,401,26,289,7,66,17,7
"621","2020-04-01",59,8,91,250,1952,0.601946721311475,0,0,152,401,18,307,14,80,11,14
"622","2020-04-02",56,8,93,260,1952,0.601946721311475,0,0,152,401,20,327,8,88,13,8
"623","2020-04-03",64,8,89,280,1952,0.601946721311475,0,0,152,401,20,347,8,96,9,8
"624","2020-04-04",72,8,104,291,1952,0.601946721311475,0,0,152,401,32,379,6,102,22,6
"625","2020-04-05",68,8,111,304,1952,0.601946721311475,0,0,152,401,21,400,7,109,14,7
"626","2020-04-06",72,8,100,318,1952,0.601946721311475,0,0,152,401,22,422,5,114,12,5
"627","2020-04-07",78,8,88,321,1952,0.601946721311475,0,0,152,401,16,438,5,119,8,5
"628","2020-04-08",80,8,88,320,1952,0.601946721311475,0,0,152,401,15,453,7,126,9,7
"629","2020-04-09",92,8,76,321,1952,0.601946721311475,0,0,152,401,13,466,5,131,8,5
"630","2020-04-10",94,8,82,317,1952,0.601946721311475,0,0,152,401,35,501,3,134,23,3
"631","2020-04-11",87,8,108,324,1952,0.601946721311475,0,0,152,401,29,530,4,138,18,4
"632","2020-04-12",97,8,130,327,1952,0.601946721311475,0,0,152,401,20,550,5,143,8,5
"633","2020-04-13",96,8,137,317,1952,0.601946721311475,0,0,152,401,10,560,10,153,4,10
"634","2020-04-14",88,8,143,311,1952,0.601946721311475,0,0,152,401,16,576,3,156,11,3
"635","2020-04-15",82,8,155,316,1952,0.601946721311475,0,0,152,401,24,600,4,160,13,4
"636","2020-04-16",75,8,158,312,1952,0.601946721311475,0,0,152,401,19,619,2,162,12,2
"637","2020-04-17",70,8,161,304,1952,0.601946721311475,0,0,152,401,20,639,5,167,9,5
"638","2020-04-18",75,8,151,304,1952,0.601946721311475,0,0,152,401,23,662,5,172,15,5
"639","2020-04-19",68,8,159,294,1952,0.601946721311475,0,0,152,401,17,679,14,186,10,14
"640","2020-04-20",69,8,156,279,1952,0.601946721311475,0,0,152,401,21,700,14,200,6,14
"641","2020-04-21",75,8,170,275,1952,0.601946721311475,0,0,152,401,24,724,13,213,10,13
"642","2020-04-22",72,8,161,273,1952,0.601946721311475,0,0,152,401,19,743,11,224,9,11
"643","2020-04-23",76,8,171,280,1952,0.601946721311475,0,0,152,401,21,764,12,236,13,12
"644","2020-04-24",79,8,159,273,1952,0.601946721311475,0,0,152,401,19,783,18,254,9,18
"645","2020-04-25",73,8,156,274,1952,0.601946721311475,0,0,152,401,21,804,17,271,10,17
"646","2020-04-26",74,8,157,271,1952,0.601946721311475,0,0,152,401,22,826,9,280,8,9
"647","2020-04-27",76,8,141,280,1952,0.601946721311475,0,0,152,401,24,850,7,287,13,7
"648","2020-04-28",70,8,129,274,1952,0.601946721311475,0,0,152,401,31,881,9,296,16,9
"649","2020-04-29",76,8,137,275,1952,0.601946721311475,0,0,152,401,19,900,17,313,9,17
"650","2020-04-30",80,8,138,276,1952,0.601946721311475,0,0,152,401,22,922,16,329,8,16
"651","2020-05-01",81,8,133,270,1952,0.601946721311475,0,0,152,401,14,936,5,334,8,5
"652","2020-05-02",78,8,138,270,1952,0.601946721311475,0,0,152,401,19,955,7,341,12,7
"653","2020-05-03",74,8,124,280,1952,0.601946721311475,0,0,152,401,23,978,2,343,11,2
"654","2020-05-04",76,8,127,280,1952,0.601946721311475,0,0,152,401,9,987,12,355,5,12
"655","2020-05-05",83,8,140,287,1952,0.601946721311475,0,0,152,401,13,1000,8,363,4,8
"656","2020-05-06",86,8,150,280,1952,0.601946721311475,0,0,152,401,22,1022,7,370,11,7
"657","2020-05-07",78,8,155,280,1952,0.601946721311475,0,0,152,401,21,1043,9,379,14,9
"658","2020-05-08",72,8,170,288,1952,0.601946721311475,0,0,152,401,21,1064,1,380,13,1
"659","2020-05-09",74,8,190,288,1952,0.601946721311475,0,0,152,401,13,1077,5,385,6,5
"660","2020-05-10",81,8,182,286,1952,0.601946721311475,0,0,152,401,14,1091,6,391,4,6
"661","2020-05-11",79,8,170,279,1952,0.601946721311475,0,0,152,401,17,1108,7,398,12,7
"662","2020-05-12",73,8,187,272,1952,0.601946721311475,0,0,152,401,17,1125,2,400,11,2
"663","2020-05-13",72,8,210,264,1952,0.601946721311475,0,0,152,401,11,1136,9,409,4,9
"664","2020-05-14",78,8,210,264,1952,0.601946721311475,0,0,152,401,16,1152,6,415,7,6
"665","2020-05-15",76,8,214,265,1952,0.601946721311475,0,0,152,401,18,1170,3,418,9,3
"666","2020-05-16",79,8,209,261,1952,0.601946721311475,0,0,152,401,11,1181,4,422,6,4
"667","2020-05-17",77,8,211,265,1952,0.601946721311475,0,0,152,401,23,1204,5,427,12,5
"668","2020-05-18",78,8,200,262,1952,0.601946721311475,0,0,152,401,14,1218,3,430,6,3
"669","2020-05-19",78,8,192,266,1952,0.601946721311475,0,0,152,401,16,1234,9,439,9,9
"670","2020-05-20",77,8,199,254,1952,0.601946721311475,0,0,152,401,11,1245,11,450,8,11
"671","2020-05-21",83,8,193,241,1952,0.601946721311475,0,0,152,401,15,1260,3,453,9,3
"672","2020-05-22",86,8,174,232,1952,0.601946721311475,0,0,152,401,15,1275,14,467,6,14
"673","2020-05-23",83,8,186,233,1952,0.601946721311475,0,0,152,401,13,1288,12,479,9,12
"674","2020-05-24",84,8,194,224,1952,0.601946721311475,0,0,152,401,8,1296,9,488,4,9
"675","2020-05-25",81,8,196,226,1952,0.601946721311475,0,0,152,401,18,1314,8,496,8,8
"676","2020-05-26",77,8,195,219,1952,0.601946721311475,0,0,152,401,17,1331,11,507,12,11
"677","2020-05-27",83,8,180,212,1952,0.601946721311475,0,0,152,401,17,1348,7,514,12,7
"678","2020-05-28",67,8,171,199,1952,0.601946721311475,0,0,152,401,9,1357,4,518,6,4
"679","2020-05-29",65,8,152,194,1952,0.601946721311475,0,0,152,401,15,1372,2,520,9,2
"680","2020-05-30",68,8,149,193,1952,0.601946721311475,0,0,152,401,12,1384,4,524,8,4
"681","2020-05-31",62,8,142,185,1952,0.601946721311475,0,0,152,401,13,1397,5,529,10,5
"682","2020-06-01",60,8,140,178,1952,0.601946721311475,0,0,152,401,12,1409,3,532,10,3
"683","2020-06-02",60,8,141,174,1952,0.601946721311475,0,0,152,401,11,1420,5,537,7,5
"684","2020-06-03",50,8,131,164,1952,0.601946721311475,0,0,152,401,19,1439,7,544,12,7
"685","2020-06-04",53,8,141,160,1952,0.601946721311475,0,0,152,401,13,1452,6,550,6,6
"686","2020-06-05",48,8,142,147,1952,0.601946721311475,0,0,152,401,13,1465,6,556,11,6
"687","2020-06-06",44,8,133,138,1952,0.601946721311475,0,0,152,401,12,1477,9,565,9,9
"688","2020-06-07",42,8,130,130,1952,0.601946721311475,0,0,152,401,14,1491,8,573,12,8
"689","2020-03-13",1,9,22,7,6672,0.984712230215827,0,0,604,186,2,5,2,13,2,2
"690","2020-03-14",1,9,21,11,6672,0.984712230215827,0,0,604,186,2,7,4,17,NA,4
"691","2020-03-15",1,9,15,14,6672,0.984712230215827,0,0,604,186,5,12,2,19,3,2
"692","2020-03-16",1,9,18,22,6672,0.984712230215827,0,0,604,186,4,16,12,31,4,12
"693","2020-03-17",2,9,22,27,6672,0.984712230215827,0,0,604,186,4,20,5,36,4,5
"694","2020-03-18",4,9,28,34,6672,0.984712230215827,0,0,604,186,9,29,9,45,7,9
"695","2020-03-19",7,9,35,44,6672,0.984712230215827,0,0,604,186,4,33,13,58,4,13
"696","2020-03-20",6,9,46,57,6672,0.984712230215827,0,0,604,186,10,43,9,67,8,9
"697","2020-03-21",6,9,59,77,6672,0.984712230215827,0,0,604,186,10,53,4,71,8,4
"698","2020-03-22",10,9,72,105,6672,0.984712230215827,0,0,604,186,11,64,5,76,10,5
"699","2020-03-23",13,9,67,141,6672,0.984712230215827,0,0,604,186,12,76,9,85,10,9
"700","2020-03-24",14,9,64,190,6672,0.984712230215827,0,0,604,186,16,92,15,100,15,15
"701","2020-03-25",22,9,53,219,6672,0.984712230215827,0,0,604,186,13,105,10,110,12,10
"702","2020-03-26",27,9,44,258,6672,0.984712230215827,0,0,604,186,14,119,12,122,13,12
"703","2020-03-27",43,9,42,307,6672,0.984712230215827,0,0,604,186,28,147,6,128,24,6
"704","2020-03-28",50,9,38,357,6672,0.984712230215827,0,0,604,186,22,169,3,131,21,3
"705","2020-03-29",54,9,47,395,6672,0.984712230215827,0,0,604,186,35,204,6,137,34,6
"706","2020-03-30",71,9,40,466,6672,0.984712230215827,0,0,604,186,30,234,16,153,29,16
"707","2020-03-31",85,9,36,507,6672,0.984712230215827,0,0,604,186,37,271,10,163,34,10
"708","2020-04-01",90,9,31,576,6672,0.984712230215827,0,0,604,186,23,294,2,165,22,2
"709","2020-04-02",108,9,31,659,6672,0.984712230215827,0,0,604,186,36,330,4,169,34,4
"710","2020-04-03",124,9,38,763,6672,0.984712230215827,0,0,604,186,41,371,4,173,38,4
"711","2020-04-04",152,9,46,832,6672,0.984712230215827,0,0,604,186,54,425,11,184,49,11
"712","2020-04-05",170,9,53,966,6672,0.984712230215827,0,0,604,186,31,456,12,196,28,12
"713","2020-04-06",179,9,56,1022,6672,0.984712230215827,0,0,604,186,35,491,19,215,33,19
"714","2020-04-07",199,9,50,1130,6672,0.984712230215827,0,0,604,186,43,534,20,235,39,20
"715","2020-04-08",224,9,49,1262,6672,0.984712230215827,0,0,604,186,61,595,12,247,59,12
"716","2020-04-09",245,9,57,1360,6672,0.984712230215827,0,0,604,186,37,632,9,256,37,9
"717","2020-04-10",280,9,60,1503,6672,0.984712230215827,0,0,604,186,49,681,15,271,46,15
"718","2020-04-11",304,9,53,1642,6672,0.984712230215827,0,0,604,186,60,741,21,292,60,21
"719","2020-04-12",322,9,49,1788,6672,0.984712230215827,0,0,604,186,74,815,13,305,74,13
"720","2020-04-13",352,9,48,1910,6672,0.984712230215827,0,0,604,186,61,876,8,313,58,8
"721","2020-04-14",389,9,49,2044,6672,0.984712230215827,0,0,604,186,52,928,7,320,52,7
"722","2020-04-15",432,9,51,2146,6672,0.984712230215827,0,0,604,186,70,998,19,339,69,19
"723","2020-04-16",474,9,53,2300,6672,0.984712230215827,0,0,604,186,65,1063,7,346,64,7
"724","2020-04-17",512,9,54,2384,6672,0.984712230215827,0,0,604,186,79,1142,19,365,78,19
"725","2020-04-18",567,9,58,2513,6672,0.984712230215827,0,0,604,186,51,1193,34,399,48,34
"726","2020-04-19",611,9,56,2509,6672,0.984712230215827,0,0,604,186,75,1268,27,426,73,27
"727","2020-04-20",676,9,57,2545,6672,0.984712230215827,0,0,604,186,71,1339,11,437,70,11
"728","2020-04-21",712,9,51,2539,6672,0.984712230215827,0,0,604,186,66,1405,22,459,65,22
"729","2020-04-22",720,9,52,2505,6672,0.984712230215827,0,0,604,186,89,1494,12,471,88,12
"730","2020-04-23",739,9,62,2454,6672,0.984712230215827,0,0,604,186,85,1579,15,486,84,15
"731","2020-04-24",748,9,66,2391,6672,0.984712230215827,0,0,604,186,61,1640,23,509,61,23
"732","2020-04-25",739,9,67,2313,6672,0.984712230215827,0,0,604,186,62,1702,19,528,60,19
"733","2020-04-26",736,9,71,2188,6672,0.984712230215827,0,0,604,186,94,1796,9,537,90,9
"734","2020-04-27",701,9,63,2105,6672,0.984712230215827,0,0,604,186,64,1860,17,554,62,17
"735","2020-04-28",664,9,61,1999,6672,0.984712230215827,0,0,604,186,70,1930,6,560,68,6
"736","2020-04-29",650,9,56,1849,6672,0.984712230215827,0,0,604,186,73,2003,9,569,73,9
"737","2020-04-30",607,9,55,1686,6672,0.984712230215827,0,0,604,186,89,2092,5,574,88,5
"738","2020-05-01",577,9,67,1565,6672,0.984712230215827,0,0,604,186,75,2167,19,593,74,19
"739","2020-05-02",540,9,65,1413,6672,0.984712230215827,0,0,604,186,61,2228,19,612,59,19
"740","2020-05-03",506,9,67,1313,6672,0.984712230215827,0,0,604,186,73,2301,13,625,72,13
"741","2020-05-04",471,9,68,1178,6672,0.984712230215827,0,0,604,186,76,2377,10,635,74,10
"742","2020-05-05",438,9,77,1055,6672,0.984712230215827,0,0,604,186,59,2436,8,643,58,8
"743","2020-05-06",407,9,93,967,6672,0.984712230215827,0,0,604,186,59,2495,2,645,59,2
"744","2020-05-07",385,9,91,849,6672,0.984712230215827,0,0,604,186,58,2553,7,652,57,7
"745","2020-05-08",343,9,82,759,6672,0.984712230215827,0,0,604,186,79,2632,3,655,75,3
"746","2020-05-09",305,9,67,677,6672,0.984712230215827,0,0,604,186,49,2681,5,660,47,5
"747","2020-05-10",289,9,65,586,6672,0.984712230215827,0,0,604,186,69,2750,8,668,69,8
"748","2020-05-11",258,9,55,500,6672,0.984712230215827,0,0,604,186,78,2828,10,678,77,10
"749","2020-05-12",235,9,49,435,6672,0.984712230215827,0,0,604,186,72,2900,4,682,72,4
"750","2020-05-13",204,9,55,385,6672,0.984712230215827,0,0,604,186,58,2958,1,683,57,1
"751","2020-05-14",180,9,57,342,6672,0.984712230215827,0,0,604,186,43,3001,11,694,43,11
"752","2020-05-15",154,9,56,296,6672,0.984712230215827,0,0,604,186,47,3048,15,709,45,15
"753","2020-05-16",134,9,43,247,6672,0.984712230215827,0,0,604,186,56,3104,17,726,55,17
"754","2020-05-17",104,9,44,210,6672,0.984712230215827,0,0,604,186,59,3163,7,733,57,7
"755","2020-05-18",84,9,46,168,6672,0.984712230215827,0,0,604,186,55,3218,10,743,52,10
"756","2020-05-19",73,9,50,142,6672,0.984712230215827,0,0,604,186,46,3264,12,755,44,12
"757","2020-05-20",66,9,53,122,6672,0.984712230215827,0,0,604,186,35,3299,10,765,35,10
"758","2020-05-21",54,9,64,105,6672,0.984712230215827,0,0,604,186,34,3333,6,771,33,6
"759","2020-05-22",40,9,57,87,6672,0.984712230215827,0,0,604,186,41,3374,NA,NA,37,NA
"760","2020-05-23",36,9,49,74,6672,0.984712230215827,0,0,604,186,50,3424,10,781,48,10
"761","2020-05-24",33,9,52,66,6672,0.984712230215827,0,0,604,186,35,3459,15,796,35,15
"762","2020-05-25",33,9,50,55,6672,0.984712230215827,0,0,604,186,37,3496,5,801,37,5
"763","2020-05-26",29,9,54,47,6672,0.984712230215827,0,0,604,186,33,3529,5,806,33,5
"764","2020-05-27",23,9,60,42,6672,0.984712230215827,0,0,604,186,22,3551,6,812,22,6
"765","2020-05-28",17,9,61,37,6672,0.984712230215827,0,0,604,186,40,3591,5,817,39,5
"766","2020-05-29",17,9,50,32,6672,0.984712230215827,0,0,604,186,32,3623,10,827,32,10
"767","2020-05-30",11,9,48,26,6672,0.984712230215827,0,0,604,186,28,3651,12,839,28,12
"768","2020-05-31",11,9,52,26,6672,0.984712230215827,0,0,604,186,35,3686,7,846,35,7
"769","2020-06-01",9,9,41,28,6672,0.984712230215827,0,0,604,186,32,3718,6,852,32,6
"770","2020-06-02",10,9,33,28,6672,0.984712230215827,0,0,604,186,20,3738,8,860,19,8
"771","2020-06-03",9,9,42,22,6672,0.984712230215827,0,0,604,186,28,3766,8,868,28,8
"772","2020-06-04",10,9,42,23,6672,0.984712230215827,0,0,604,186,19,3785,6,874,17,6
"773","2020-06-05",10,9,39,20,6672,0.984712230215827,0,0,604,186,20,3805,10,884,19,10
"774","2020-06-06",11,9,38,16,6672,0.984712230215827,0,0,604,186,27,3832,7,891,27,7
"775","2020-06-07",9,9,33,13,6672,0.984712230215827,0,0,604,186,23,3855,5,896,23,5
"776","2020-03-19",1,10,23,23,1833,0.894708128750682,0,0,129,263,19,106,NA,NA,15,NA
"777","2020-03-20",1,10,25,31,1833,0.894708128750682,0,0,129,263,15,121,2,33,12,2
"778","2020-03-21",1,10,17,43,1833,0.894708128750682,0,0,129,263,19,140,5,38,13,5
"779","2020-03-22",3,10,18,46,1833,0.894708128750682,0,0,129,263,16,156,2,40,11,2
"780","2020-03-23",7,10,28,58,1833,0.894708128750682,0,0,129,263,22,178,6,46,19,6
"781","2020-03-24",10,10,35,73,1833,0.894708128750682,0,0,129,263,25,203,9,55,22,9
"782","2020-03-25",13,10,38,79,1833,0.894708128750682,0,0,129,263,28,231,2,57,24,2
"783","2020-03-26",16,10,36,86,1833,0.894708128750682,0,0,129,263,23,254,3,60,17,3
"784","2020-03-27",19,10,34,99,1833,0.894708128750682,0,0,129,263,34,288,5,65,25,5
"785","2020-03-28",25,10,32,116,1833,0.894708128750682,0,0,129,263,35,323,8,73,24,8
"786","2020-03-29",26,10,32,124,1833,0.894708128750682,0,0,129,263,38,361,15,88,31,15
"787","2020-03-30",26,10,28,141,1833,0.894708128750682,0,0,129,263,41,402,5,93,38,5
"788","2020-03-31",29,10,32,147,1833,0.894708128750682,0,0,129,263,40,442,14,107,28,14
"789","2020-04-01",28,10,25,159,1833,0.894708128750682,0,0,129,263,36,478,2,109,30,2
"790","2020-04-02",32,10,31,172,1833,0.894708128750682,0,0,129,263,69,547,4,113,62,4
"791","2020-04-03",38,10,47,186,1833,0.894708128750682,0,0,129,263,52,599,4,117,45,4
"792","2020-04-04",41,10,48,199,1833,0.894708128750682,0,0,129,263,56,655,4,121,49,4
"793","2020-04-05",44,10,60,213,1833,0.894708128750682,0,0,129,263,45,700,5,126,37,5
"794","2020-04-06",49,10,65,220,1833,0.894708128750682,0,0,129,263,47,747,11,137,40,11
"795","2020-04-07",52,10,61,232,1833,0.894708128750682,0,0,129,263,54,801,11,148,45,11
"796","2020-04-08",61,10,57,242,1833,0.894708128750682,0,0,129,263,50,851,5,153,40,5
"797","2020-04-09",68,10,56,256,1833,0.894708128750682,0,0,129,263,55,906,7,160,44,7
"798","2020-04-10",71,10,53,259,1833,0.894708128750682,0,0,129,263,58,964,12,172,50,12
"799","2020-04-11",69,10,70,270,1833,0.894708128750682,0,0,129,263,62,1026,15,187,51,15
"800","2020-04-12",73,10,81,281,1833,0.894708128750682,0,0,129,263,56,1082,7,194,49,7
"801","2020-04-13",77,10,86,292,1833,0.894708128750682,0,0,129,263,43,1125,9,203,38,9
"802","2020-04-14",82,10,78,287,1833,0.894708128750682,0,0,129,263,56,1181,18,221,49,18
"803","2020-04-15",76,10,74,271,1833,0.894708128750682,0,0,129,263,60,1241,14,235,52,14
"804","2020-04-16",72,10,74,270,1833,0.894708128750682,0,0,129,263,65,1306,16,251,59,16
"805","2020-04-17",74,10,73,270,1833,0.894708128750682,0,0,129,263,47,1353,11,262,43,11
"806","2020-04-18",74,10,63,279,1833,0.894708128750682,0,0,129,263,63,1416,11,273,56,11
"807","2020-04-19",75,10,52,276,1833,0.894708128750682,0,0,129,263,66,1482,7,280,62,7
"808","2020-04-20",73,10,46,284,1833,0.894708128750682,0,0,129,263,69,1551,4,284,68,4
"809","2020-04-21",71,10,43,287,1833,0.894708128750682,0,0,129,263,58,1609,13,297,50,13
"810","2020-04-22",83,10,43,293,1833,0.894708128750682,0,0,129,263,65,1674,5,302,58,5
"811","2020-04-23",88,10,54,293,1833,0.894708128750682,0,0,129,263,52,1726,11,313,50,11
"812","2020-04-24",82,10,59,294,1833,0.894708128750682,0,0,129,263,64,1790,9,322,60,9
"813","2020-04-25",91,10,60,284,1833,0.894708128750682,0,0,129,263,67,1857,10,332,58,10
"814","2020-04-26",94,10,63,297,1833,0.894708128750682,0,0,129,263,56,1913,17,349,48,17
"815","2020-04-27",92,10,66,308,1833,0.894708128750682,0,0,129,263,53,1966,7,356,44,7
"816","2020-04-28",91,10,56,296,1833,0.894708128750682,0,0,129,263,57,2023,13,369,51,13
"817","2020-04-29",86,10,49,289,1833,0.894708128750682,0,0,129,263,56,2079,6,375,47,6
"818","2020-04-30",80,10,52,289,1833,0.894708128750682,0,0,129,263,45,2124,10,385,39,10
"819","2020-05-01",82,10,57,291,1833,0.894708128750682,0,0,129,263,47,2171,17,402,41,17
"820","2020-05-02",83,10,70,290,1833,0.894708128750682,0,0,129,263,50,2221,21,423,42,21
"821","2020-05-03",81,10,60,299,1833,0.894708128750682,0,0,129,263,52,2273,13,436,46,13
"822","2020-05-04",85,10,59,294,1833,0.894708128750682,0,0,129,263,63,2336,29,465,50,29
"823","2020-05-05",88,10,54,280,1833,0.894708128750682,0,0,129,263,42,2378,28,493,35,28
"824","2020-05-06",89,10,62,289,1833,0.894708128750682,0,0,129,263,51,2429,16,509,43,16
"825","2020-05-07",93,10,62,277,1833,0.894708128750682,0,0,129,263,41,2470,13,522,37,13
"826","2020-05-08",95,10,67,268,1833,0.894708128750682,0,0,129,263,41,2511,10,532,36,10
"827","2020-05-09",91,10,57,273,1833,0.894708128750682,0,0,129,263,52,2563,12,544,49,12
"828","2020-05-10",86,10,45,278,1833,0.894708128750682,0,0,129,263,48,2611,15,559,41,15
"829","2020-05-11",85,10,39,263,1833,0.894708128750682,0,0,129,263,46,2657,10,569,39,10
"830","2020-05-12",78,10,43,259,1833,0.894708128750682,0,0,129,263,27,2684,16,585,24,16
"831","2020-05-13",75,10,48,247,1833,0.894708128750682,0,0,129,263,43,2727,6,591,33,6
"832","2020-05-14",74,10,52,236,1833,0.894708128750682,0,0,129,263,37,2764,2,593,35,2
"833","2020-05-15",74,10,58,233,1833,0.894708128750682,0,0,129,263,46,2810,4,597,36,4
"834","2020-05-16",75,10,58,226,1833,0.894708128750682,0,0,129,263,35,2845,5,602,26,5
"835","2020-05-17",74,10,64,230,1833,0.894708128750682,0,0,129,263,39,2884,6,608,35,6
"836","2020-05-18",68,10,58,221,1833,0.894708128750682,0,0,129,263,30,2914,11,619,27,11
"837","2020-05-19",70,10,60,221,1833,0.894708128750682,0,0,129,263,38,2952,8,627,34,8
"838","2020-05-20",67,10,57,214,1833,0.894708128750682,0,0,129,263,24,2976,12,639,20,12
"839","2020-05-21",62,10,73,219,1833,0.894708128750682,0,0,129,263,27,3003,15,654,24,15
"840","2020-05-22",59,10,77,227,1833,0.894708128750682,0,0,129,263,30,3033,10,664,27,10
"841","2020-05-23",57,10,73,224,1833,0.894708128750682,0,0,129,263,29,3062,6,670,25,6
"842","2020-05-24",55,10,63,217,1833,0.894708128750682,0,0,129,263,27,3089,12,682,26,12
"843","2020-05-25",56,10,58,224,1833,0.894708128750682,0,0,129,263,24,3113,10,692,17,10
"844","2020-05-26",57,10,51,230,1833,0.894708128750682,0,0,129,263,20,3133,9,701,16,9
"845","2020-05-27",64,10,52,240,1833,0.894708128750682,0,0,129,263,17,3150,5,706,16,5
"846","2020-05-28",61,10,61,247,1833,0.894708128750682,0,0,129,263,17,3167,3,709,13,3
"847","2020-05-29",63,10,56,243,1833,0.894708128750682,0,0,129,263,17,3184,3,712,16,3
"848","2020-05-30",59,10,52,253,1833,0.894708128750682,0,0,129,263,17,3201,3,715,13,3
"849","2020-05-31",70,10,43,246,1833,0.894708128750682,0,0,129,263,12,3213,7,722,8,7
"850","2020-06-01",75,10,51,250,1833,0.894708128750682,0,0,129,263,17,3230,2,724,13,2
"851","2020-06-02",75,10,55,240,1833,0.894708128750682,0,0,129,263,14,3244,NA,NA,10,NA
"852","2020-06-03",67,10,49,239,1833,0.894708128750682,0,0,129,263,11,3255,NA,NA,10,NA
"853","2020-06-04",72,10,45,232,1833,0.894708128750682,0,0,129,263,15,3270,NA,NA,14,NA
"854","2020-06-05",74,10,53,244,1833,0.894708128750682,0,0,129,263,9,3279,NA,NA,7,NA
"855","2020-06-06",77,10,50,244,1833,0.894708128750682,0,0,129,263,8,3287,6,730,6,6
"856","2020-06-07",72,10,51,249,1833,0.894708128750682,0,0,129,263,6,3293,2,732,4,2
"857","2020-03-13",1,11,20,19,3221,0.796647004036014,0,0,297,220,13,36,9,21,1,9
"858","2020-03-14",1,11,21,29,3221,0.796647004036014,0,0,297,220,10,46,8,29,1,8
"859","2020-03-15",1,11,27,36,3221,0.796647004036014,0,0,297,220,13,59,14,43,4,14
"860","2020-03-16",2,11,22,50,3221,0.796647004036014,0,0,297,220,17,76,18,61,5,18
"861","2020-03-17",3,11,23,60,3221,0.796647004036014,0,0,297,220,15,91,22,83,5,22
"862","2020-03-18",5,11,15,66,3221,0.796647004036014,0,0,297,220,19,110,21,104,10,21
"863","2020-03-19",11,11,20,79,3221,0.796647004036014,0,0,297,220,16,126,25,129,12,25
"864","2020-03-20",12,11,20,89,3221,0.796647004036014,0,0,297,220,18,144,23,152,7,23
"865","2020-03-21",14,11,15,108,3221,0.796647004036014,0,0,297,220,15,159,22,174,8,22
"866","2020-03-22",16,11,14,123,3221,0.796647004036014,0,0,297,220,18,177,20,194,12,20
"867","2020-03-23",23,11,14,147,3221,0.796647004036014,0,0,297,220,18,195,14,208,9,14
"868","2020-03-24",26,11,16,174,3221,0.796647004036014,0,0,297,220,24,219,22,230,17,22
"869","2020-03-25",30,11,18,195,3221,0.796647004036014,0,0,297,220,25,244,20,250,12,20
"870","2020-03-26",31,11,29,216,3221,0.796647004036014,0,0,297,220,15,259,17,267,11,17
"871","2020-03-27",39,11,37,242,3221,0.796647004036014,0,0,297,220,20,279,13,280,10,13
"872","2020-03-28",44,11,38,264,3221,0.796647004036014,0,0,297,220,23,302,14,294,11,14
"873","2020-03-29",51,11,42,286,3221,0.796647004036014,0,0,297,220,14,316,23,317,7,23
"874","2020-03-30",52,11,51,327,3221,0.796647004036014,0,0,297,220,26,342,22,339,15,22
"875","2020-03-31",63,11,47,354,3221,0.796647004036014,0,0,297,220,27,369,25,364,14,25
"876","2020-04-01",74,11,53,387,3221,0.796647004036014,0,0,297,220,22,391,21,385,15,21
"877","2020-04-02",88,11,64,418,3221,0.796647004036014,0,0,297,220,25,416,24,409,16,24
"878","2020-04-03",96,11,59,447,3221,0.796647004036014,0,0,297,220,27,443,22,431,15,22
"879","2020-04-04",100,11,56,478,3221,0.796647004036014,0,0,297,220,22,465,27,458,16,27
"880","2020-04-05",113,11,53,500,3221,0.796647004036014,0,0,297,220,35,500,20,478,17,20
"881","2020-04-06",128,11,51,518,3221,0.796647004036014,0,0,297,220,34,534,23,501,23,23
"882","2020-04-07",141,11,51,542,3221,0.796647004036014,0,0,297,220,28,562,21,522,18,21
"883","2020-04-08",140,11,48,542,3221,0.796647004036014,0,0,297,220,32,594,13,535,11,13
"884","2020-04-09",137,11,39,574,3221,0.796647004036014,0,0,297,220,32,626,18,553,22,18
"885","2020-04-10",139,11,36,608,3221,0.796647004036014,0,0,297,220,38,664,20,573,26,20
"886","2020-04-11",148,11,38,639,3221,0.796647004036014,0,0,297,220,35,699,19,592,19,19
"887","2020-04-12",164,11,44,657,3221,0.796647004036014,0,0,297,220,32,731,25,617,18,25
"888","2020-04-13",165,11,50,681,3221,0.796647004036014,0,0,297,220,36,767,26,643,21,26
"889","2020-04-14",169,11,48,699,3221,0.796647004036014,0,0,297,220,41,808,24,667,22,24
"890","2020-04-15",185,11,47,696,3221,0.796647004036014,0,0,297,220,45,853,26,693,30,26
"891","2020-04-16",197,11,58,686,3221,0.796647004036014,0,0,297,220,45,898,26,719,35,26
"892","2020-04-17",209,11,66,658,3221,0.796647004036014,0,0,297,220,43,941,27,746,24,27
"893","2020-04-18",213,11,65,656,3221,0.796647004036014,0,0,297,220,33,974,28,774,28,28
"894","2020-04-19",200,11,64,648,3221,0.796647004036014,0,0,297,220,41,1015,25,799,30,25
"895","2020-04-20",200,11,55,660,3221,0.796647004036014,0,0,297,220,63,1078,25,824,46,25
"896","2020-04-21",192,11,50,651,3221,0.796647004036014,0,0,297,220,39,1117,21,845,27,21
"897","2020-04-22",190,11,47,647,3221,0.796647004036014,0,0,297,220,44,1161,26,871,27,26
"898","2020-04-23",195,11,42,632,3221,0.796647004036014,0,0,297,220,46,1207,30,901,35,30
"899","2020-04-24",193,11,37,626,3221,0.796647004036014,0,0,297,220,60,1267,36,937,49,36
"900","2020-04-25",204,11,51,615,3221,0.796647004036014,0,0,297,220,39,1306,43,980,21,43
"901","2020-04-26",204,11,45,616,3221,0.796647004036014,0,0,297,220,38,1344,20,1000,21,20
"902","2020-04-27",204,11,36,601,3221,0.796647004036014,0,0,297,220,44,1388,26,1026,31,26
"903","2020-04-28",201,11,39,606,3221,0.796647004036014,0,0,297,220,40,1428,23,1049,32,23
"904","2020-04-29",203,11,51,600,3221,0.796647004036014,0,0,297,220,43,1471,31,1080,31,31
"905","2020-04-30",191,11,68,594,3221,0.796647004036014,0,0,297,220,44,1515,39,1119,33,39
"906","2020-05-01",183,11,79,569,3221,0.796647004036014,0,0,297,220,35,1550,38,1157,24,38
"907","2020-05-02",173,11,82,566,3221,0.796647004036014,0,0,297,220,33,1583,43,1200,18,43
"908","2020-05-03",170,11,70,550,3221,0.796647004036014,0,0,297,220,41,1624,43,1243,25,43
"909","2020-05-04",162,11,72,534,3221,0.796647004036014,0,0,297,220,35,1659,37,1280,20,37
"910","2020-05-05",162,11,72,517,3221,0.796647004036014,0,0,297,220,34,1693,48,1328,21,48
"911","2020-05-06",155,11,64,515,3221,0.796647004036014,0,0,297,220,41,1734,35,1363,32,35
"912","2020-05-07",152,11,53,499,3221,0.796647004036014,0,0,297,220,33,1767,39,1402,24,39
"913","2020-05-08",150,11,48,485,3221,0.796647004036014,0,0,297,220,35,1802,35,1437,18,35
"914","2020-05-09",145,11,49,481,3221,0.796647004036014,0,0,297,220,27,1829,40,1477,16,40
"915","2020-05-10",140,11,50,473,3221,0.796647004036014,0,0,297,220,32,1861,45,1522,13,45
"916","2020-05-11",148,11,42,448,3221,0.796647004036014,0,0,297,220,21,1882,44,1566,16,44
"917","2020-05-12",138,11,46,433,3221,0.796647004036014,0,0,297,220,24,1906,41,1607,17,41
"918","2020-05-13",130,11,64,426,3221,0.796647004036014,0,0,297,220,30,1936,45,1652,17,45
"919","2020-05-14",127,11,61,420,3221,0.796647004036014,0,0,297,220,29,1965,34,1686,17,34
"920","2020-05-15",128,11,50,407,3221,0.796647004036014,0,0,297,220,27,1992,31,1717,16,31
"921","2020-05-16",121,11,65,398,3221,0.796647004036014,0,0,297,220,21,2013,26,1743,12,26
"922","2020-05-17",121,11,67,376,3221,0.796647004036014,0,0,297,220,21,2034,35,1778,8,35
"923","2020-05-18",111,11,57,354,3221,0.796647004036014,0,0,297,220,12,2046,32,1810,3,32
"924","2020-05-19",118,11,61,342,3221,0.796647004036014,0,0,297,220,20,2066,22,1832,14,22
"925","2020-05-20",115,11,69,326,3221,0.796647004036014,0,0,297,220,27,2093,37,1869,14,37
"926","2020-05-21",108,11,71,319,3221,0.796647004036014,0,0,297,220,16,2109,35,1904,6,35
"927","2020-05-22",93,11,60,307,3221,0.796647004036014,0,0,297,220,25,2134,48,1952,17,48
"928","2020-05-23",90,11,49,300,3221,0.796647004036014,0,0,297,220,15,2149,26,1978,12,26
"929","2020-05-24",86,11,42,281,3221,0.796647004036014,0,0,297,220,29,2178,39,2017,12,39
"930","2020-05-25",85,11,48,271,3221,0.796647004036014,0,0,297,220,13,2191,38,2055,4,38
"931","2020-05-26",81,11,61,257,3221,0.796647004036014,0,0,297,220,22,2213,26,2081,16,26
"932","2020-05-27",82,11,56,256,3221,0.796647004036014,0,0,297,220,17,2230,32,2113,11,32
"933","2020-05-28",80,11,59,244,3221,0.796647004036014,0,0,297,220,11,2241,23,2136,9,23
"934","2020-05-29",86,11,59,224,3221,0.796647004036014,0,0,297,220,14,2255,31,2167,8,31
"935","2020-05-30",83,11,55,210,3221,0.796647004036014,0,0,297,220,16,2271,44,2211,10,44
"936","2020-05-31",78,11,59,205,3221,0.796647004036014,0,0,297,220,15,2286,39,2250,8,39
"937","2020-06-01",76,11,56,197,3221,0.796647004036014,0,0,297,220,10,2296,29,2279,8,29
"938","2020-06-02",69,11,62,189,3221,0.796647004036014,0,0,297,220,12,2308,33,2312,8,33
"939","2020-06-03",58,11,60,180,3221,0.796647004036014,0,0,297,220,12,2320,41,2353,8,41
"940","2020-06-04",60,11,54,166,3221,0.796647004036014,0,0,297,220,14,2334,30,2383,6,30
"941","2020-06-05",54,11,48,155,3221,0.796647004036014,0,0,297,220,11,2345,29,2412,4,29
"942","2020-06-06",53,11,40,152,3221,0.796647004036014,0,0,297,220,17,2362,26,2438,8,26
"943","2020-06-07",47,11,40,146,3221,0.796647004036014,0,0,297,220,11,2373,27,2465,7,27
"944","2020-03-15",1,12,8,48,1890,0.514814814814815,0,0,162,177,9,37,10,41,7,10
"945","2020-03-16",2,12,6,61,1890,0.514814814814815,0,0,162,177,12,49,2,43,8,2
"946","2020-03-17",6,12,7,76,1890,0.514814814814815,0,0,162,177,12,61,2,45,6,2
"947","2020-03-18",9,12,8,87,1890,0.514814814814815,0,0,162,177,15,76,5,50,12,5
"948","2020-03-19",15,12,11,99,1890,0.514814814814815,0,0,162,177,16,92,4,54,13,4
"949","2020-03-20",15,12,14,120,1890,0.514814814814815,0,0,162,177,21,113,10,64,13,10
"950","2020-03-21",23,12,14,133,1890,0.514814814814815,0,0,162,177,13,126,5,69,7,5
"951","2020-03-22",26,12,22,155,1890,0.514814814814815,0,0,162,177,26,152,2,71,16,2
"952","2020-03-23",28,12,18,163,1890,0.514814814814815,0,0,162,177,16,168,5,76,10,5
"953","2020-03-24",30,12,24,175,1890,0.514814814814815,0,0,162,177,17,185,7,83,11,7
"954","2020-03-25",34,12,23,187,1890,0.514814814814815,0,0,162,177,27,212,8,91,23,8
"955","2020-03-26",34,12,23,199,1890,0.514814814814815,0,0,162,177,19,231,7,98,14,7
"956","2020-03-27",41,12,24,212,1890,0.514814814814815,0,0,162,177,25,256,10,108,18,10
"957","2020-03-28",43,12,22,203,1890,0.514814814814815,0,0,162,177,22,278,8,116,20,8
"958","2020-03-29",51,12,26,211,1890,0.514814814814815,0,0,162,177,33,311,10,126,26,10
"959","2020-03-30",55,12,35,221,1890,0.514814814814815,0,0,162,177,25,336,3,129,22,3
"960","2020-03-31",57,12,37,241,1890,0.514814814814815,0,0,162,177,32,368,5,134,26,5
"961","2020-04-01",53,12,31,254,1890,0.514814814814815,0,0,162,177,11,379,4,138,9,4
"962","2020-04-02",62,12,34,262,1890,0.514814814814815,0,0,162,177,33,412,NA,NA,27,NA
"963","2020-04-03",73,12,34,259,1890,0.514814814814815,0,0,162,177,19,431,1,139,17,1
"964","2020-04-04",75,12,28,265,1890,0.514814814814815,0,0,162,177,26,457,11,150,25,11
"965","2020-04-05",77,12,26,265,1890,0.514814814814815,0,0,162,177,45,502,7,157,36,7
"966","2020-04-06",86,12,28,276,1890,0.514814814814815,0,0,162,177,26,528,17,174,23,17
"967","2020-04-07",87,12,28,281,1890,0.514814814814815,0,0,162,177,35,563,8,182,29,8
"968","2020-04-08",96,12,35,279,1890,0.514814814814815,0,0,162,177,33,596,5,187,28,5
"969","2020-04-09",99,12,35,282,1890,0.514814814814815,0,0,162,177,21,617,7,194,16,7
"970","2020-04-10",91,12,38,284,1890,0.514814814814815,0,0,162,177,35,652,3,197,27,3
"971","2020-04-11",85,12,37,281,1890,0.514814814814815,0,0,162,177,47,699,8,205,40,8
"972","2020-04-12",83,12,39,280,1890,0.514814814814815,0,0,162,177,49,748,5,210,41,5
"973","2020-04-13",71,12,39,289,1890,0.514814814814815,0,0,162,177,37,785,4,214,27,4
"974","2020-04-14",72,12,43,288,1890,0.514814814814815,0,0,162,177,31,816,4,218,26,4
"975","2020-04-15",71,12,52,282,1890,0.514814814814815,0,0,162,177,38,854,3,221,33,3
"976","2020-04-16",66,12,57,290,1890,0.514814814814815,0,0,162,177,42,896,5,226,37,5
"977","2020-04-17",70,12,57,292,1890,0.514814814814815,0,0,162,177,53,949,12,238,43,12
"978","2020-04-18",79,12,65,296,1890,0.514814814814815,0,0,162,177,37,986,11,249,31,11
"979","2020-04-19",77,12,66,297,1890,0.514814814814815,0,0,162,177,54,1040,17,266,52,17
"980","2020-04-20",82,12,66,301,1890,0.514814814814815,0,0,162,177,53,1093,12,278,44,12
"981","2020-04-21",88,12,66,301,1890,0.514814814814815,0,0,162,177,52,1145,6,284,45,6
"982","2020-04-22",87,12,61,317,1890,0.514814814814815,0,0,162,177,57,1202,9,293,48,9
"983","2020-04-23",92,12,64,322,1890,0.514814814814815,0,0,162,177,59,1261,18,311,52,18
"984","2020-04-24",95,12,65,307,1890,0.514814814814815,0,0,162,177,30,1291,19,330,25,19
"985","2020-04-25",96,12,62,309,1890,0.514814814814815,0,0,162,177,50,1341,21,351,43,21
"986","2020-04-26",97,12,65,309,1890,0.514814814814815,0,0,162,177,42,1383,18,369,39,18
"987","2020-04-27",95,12,69,310,1890,0.514814814814815,0,0,162,177,39,1422,28,397,35,28
"988","2020-04-28",93,12,73,311,1890,0.514814814814815,0,0,162,177,50,1472,7,404,42,7
"989","2020-04-29",101,12,73,297,1890,0.514814814814815,0,0,162,177,45,1517,7,411,42,7
"990","2020-04-30",97,12,78,301,1890,0.514814814814815,0,0,162,177,42,1559,16,427,36,16
"991","2020-05-01",83,12,83,285,1890,0.514814814814815,0,0,162,177,53,1612,11,438,44,11
"992","2020-05-02",79,12,80,299,1890,0.514814814814815,0,0,162,177,49,1661,5,443,45,5
"993","2020-05-03",77,12,82,285,1890,0.514814814814815,0,0,162,177,48,1709,13,456,42,13
"994","2020-05-04",81,12,72,281,1890,0.514814814814815,0,0,162,177,32,1741,6,462,30,6
"995","2020-05-05",79,12,78,276,1890,0.514814814814815,0,0,162,177,46,1787,19,481,41,19
"996","2020-05-06",69,12,83,266,1890,0.514814814814815,0,0,162,177,35,1822,13,494,26,13
"997","2020-05-07",70,12,86,264,1890,0.514814814814815,0,0,162,177,47,1869,13,507,39,13
"998","2020-05-08",79,12,86,266,1890,0.514814814814815,0,0,162,177,36,1905,13,520,31,13
"999","2020-05-09",76,12,84,267,1890,0.514814814814815,0,0,162,177,41,1946,11,531,32,11
"1000","2020-05-10",72,12,78,254,1890,0.514814814814815,0,0,162,177,30,1976,13,544,25,13
"1001","2020-05-11",70,12,83,246,1890,0.514814814814815,0,0,162,177,35,2011,11,555,31,11
"1002","2020-05-12",65,12,77,245,1890,0.514814814814815,0,0,162,177,41,2052,7,562,40,7
"1003","2020-05-13",65,12,71,241,1890,0.514814814814815,0,0,162,177,36,2088,21,583,32,21
"1004","2020-05-14",60,12,64,235,1890,0.514814814814815,0,0,162,177,28,2116,4,587,27,4
"1005","2020-05-15",58,12,70,230,1890,0.514814814814815,0,0,162,177,28,2144,7,594,23,7
"1006","2020-05-16",55,12,64,223,1890,0.514814814814815,0,0,162,177,28,2172,2,596,24,2
"1007","2020-05-17",58,12,64,214,1890,0.514814814814815,0,0,162,177,22,2194,8,604,17,8
"1008","2020-05-18",57,12,67,199,1890,0.514814814814815,0,0,162,177,25,2219,7,611,22,7
"1009","2020-05-19",65,12,69,178,1890,0.514814814814815,0,0,162,177,35,2254,5,616,31,5
"1010","2020-05-20",70,12,75,178,1890,0.514814814814815,0,0,162,177,24,2278,3,619,21,3
"1011","2020-05-21",68,12,72,176,1890,0.514814814814815,0,0,162,177,34,2312,2,621,26,2
"1012","2020-05-22",65,12,62,182,1890,0.514814814814815,0,0,162,177,25,2337,9,630,23,9
"1013","2020-05-23",65,12,55,184,1890,0.514814814814815,0,0,162,177,30,2367,3,633,24,3
"1014","2020-05-24",66,12,54,188,1890,0.514814814814815,0,0,162,177,23,2390,6,639,18,6
"1015","2020-05-25",69,12,54,183,1890,0.514814814814815,0,0,162,177,22,2412,3,642,17,3
"1016","2020-05-26",57,12,47,180,1890,0.514814814814815,0,0,162,177,18,2430,8,650,15,8
"1017","2020-05-27",50,12,46,181,1890,0.514814814814815,0,0,162,177,27,2457,10,660,26,10
"1018","2020-05-28",50,12,46,180,1890,0.514814814814815,0,0,162,177,27,2484,18,678,23,18
"1019","2020-05-29",50,12,49,169,1890,0.514814814814815,0,0,162,177,16,2500,7,685,14,7
"1020","2020-05-30",50,12,54,166,1890,0.514814814814815,0,0,162,177,15,2515,12,697,12,12
"1021","2020-05-31",47,12,62,179,1890,0.514814814814815,0,0,162,177,24,2539,3,700,21,3
"1022","2020-06-01",46,12,60,186,1890,0.514814814814815,0,0,162,177,14,2553,9,709,12,9
"1023","2020-06-02",46,12,53,176,1890,0.514814814814815,0,0,162,177,17,2570,5,714,14,5
"1024","2020-06-03",54,12,56,177,1890,0.514814814814815,0,0,162,177,21,2591,10,724,20,10
"1025","2020-06-04",54,12,55,180,1890,0.514814814814815,0,0,162,177,26,2617,8,732,22,8
"1026","2020-06-05",54,12,60,173,1890,0.514814814814815,0,0,162,177,12,2629,7,739,10,7
"1027","2020-06-06",51,12,57,161,1890,0.514814814814815,0,0,162,177,19,2648,9,748,16,9
"1028","2020-06-07",51,12,59,158,1890,0.514814814814815,0,0,162,177,17,2665,8,756,16,8
"1029","2020-03-14",1,13,19,15,2014,0.846077457795432,0,0,200,264,11,39,8,13,3,8
"1030","2020-03-15",1,13,21,22,2014,0.846077457795432,0,0,200,264,25,64,8,21,15,8
"1031","2020-03-16",2,13,20,31,2014,0.846077457795432,0,0,200,264,8,72,5,26,5,5
"1032","2020-03-17",5,13,17,43,2014,0.846077457795432,0,0,200,264,13,85,7,33,7,7
"1033","2020-03-18",5,13,21,50,2014,0.846077457795432,0,0,200,264,13,98,2,35,7,2
"1034","2020-03-19",6,13,19,61,2014,0.846077457795432,0,0,200,264,21,119,6,41,13,6
"1035","2020-03-20",9,13,23,68,2014,0.846077457795432,0,0,200,264,17,136,6,47,10,6
"1036","2020-03-21",11,13,32,80,2014,0.846077457795432,0,0,200,264,22,158,5,52,13,5
"1037","2020-03-22",14,13,40,93,2014,0.846077457795432,0,0,200,264,24,182,6,58,17,6
"1038","2020-03-23",17,13,34,105,2014,0.846077457795432,0,0,200,264,19,201,1,59,8,1
"1039","2020-03-24",17,13,33,115,2014,0.846077457795432,0,0,200,264,28,229,2,61,22,2
"1040","2020-03-25",26,13,37,125,2014,0.846077457795432,0,0,200,264,30,259,2,63,26,2
"1041","2020-03-26",31,13,40,139,2014,0.846077457795432,0,0,200,264,21,280,3,66,14,3
"1042","2020-03-27",34,13,38,153,2014,0.846077457795432,0,0,200,264,29,309,3,69,24,3
"1043","2020-03-28",34,13,37,165,2014,0.846077457795432,0,0,200,264,29,338,7,76,24,7
"1044","2020-03-29",35,13,44,175,2014,0.846077457795432,0,0,200,264,21,359,9,85,14,9
"1045","2020-03-30",37,13,42,200,2014,0.846077457795432,0,0,200,264,30,389,5,90,21,5
"1046","2020-03-31",39,13,43,210,2014,0.846077457795432,0,0,200,264,26,415,11,101,23,11
"1047","2020-04-01",40,13,44,216,2014,0.846077457795432,0,0,200,264,34,449,4,105,27,4
"1048","2020-04-02",45,13,49,226,2014,0.846077457795432,0,0,200,264,23,472,6,111,16,6
"1049","2020-04-03",49,13,53,235,2014,0.846077457795432,0,0,200,264,34,506,9,120,23,9
"1050","2020-04-04",59,13,68,250,2014,0.846077457795432,0,0,200,264,33,539,6,126,25,6
"1051","2020-04-05",68,13,68,267,2014,0.846077457795432,0,0,200,264,33,572,8,134,27,8
"1052","2020-04-06",68,13,65,272,2014,0.846077457795432,0,0,200,264,35,607,10,144,29,10
"1053","2020-04-07",76,13,72,293,2014,0.846077457795432,0,0,200,264,36,643,11,155,27,11
"1054","2020-04-08",77,13,66,310,2014,0.846077457795432,0,0,200,264,41,684,8,163,36,8
"1055","2020-04-09",76,13,71,324,2014,0.846077457795432,0,0,200,264,25,709,9,172,20,9
"1056","2020-04-10",83,13,80,331,2014,0.846077457795432,0,0,200,264,48,757,8,180,41,8
"1057","2020-04-11",86,13,85,340,2014,0.846077457795432,0,0,200,264,28,785,10,190,19,10
"1058","2020-04-12",85,13,94,345,2014,0.846077457795432,0,0,200,264,29,814,9,199,24,9
"1059","2020-04-13",90,13,88,370,2014,0.846077457795432,0,0,200,264,34,848,5,204,29,5
"1060","2020-04-14",88,13,76,364,2014,0.846077457795432,0,0,200,264,31,879,12,216,22,12
"1061","2020-04-15",91,13,70,386,2014,0.846077457795432,0,0,200,264,28,907,7,223,21,7
"1062","2020-04-16",90,13,74,403,2014,0.846077457795432,0,0,200,264,28,935,9,232,24,9
"1063","2020-04-17",96,13,79,393,2014,0.846077457795432,0,0,200,264,22,957,10,242,14,10
"1064","2020-04-18",98,13,81,401,2014,0.846077457795432,0,0,200,264,24,981,9,251,10,9
"1065","2020-04-19",98,13,93,398,2014,0.846077457795432,0,0,200,264,37,1018,10,261,25,10
"1066","2020-04-20",99,13,88,407,2014,0.846077457795432,0,0,200,264,38,1056,10,271,30,10
"1067","2020-04-21",105,13,92,404,2014,0.846077457795432,0,0,200,264,24,1080,12,283,17,12
"1068","2020-04-22",110,13,93,416,2014,0.846077457795432,0,0,200,264,25,1105,14,297,19,14
"1069","2020-04-23",123,13,98,411,2014,0.846077457795432,0,0,200,264,29,1134,10,307,17,10
"1070","2020-04-24",116,13,82,407,2014,0.846077457795432,0,0,200,264,29,1163,9,316,21,9
"1071","2020-04-25",109,13,72,403,2014,0.846077457795432,0,0,200,264,27,1190,10,326,15,10
"1072","2020-04-26",110,13,76,426,2014,0.846077457795432,0,0,200,264,23,1213,5,331,17,5
"1073","2020-04-27",123,13,71,423,2014,0.846077457795432,0,0,200,264,22,1235,4,335,13,4
"1074","2020-04-28",118,13,72,426,2014,0.846077457795432,0,0,200,264,29,1264,8,343,24,8
"1075","2020-04-29",109,13,71,436,2014,0.846077457795432,0,0,200,264,47,1311,7,350,34,7
"1076","2020-04-30",104,13,78,422,2014,0.846077457795432,0,0,200,264,33,1344,6,356,21,6
"1077","2020-05-01",108,13,74,431,2014,0.846077457795432,0,0,200,264,26,1370,7,363,22,7
"1078","2020-05-02",116,13,84,425,2014,0.846077457795432,0,0,200,264,33,1403,10,373,21,10
"1079","2020-05-03",116,13,90,440,2014,0.846077457795432,0,0,200,264,31,1434,5,378,23,5
"1080","2020-05-04",104,13,104,426,2014,0.846077457795432,0,0,200,264,31,1465,6,384,20,6
"1081","2020-05-05",106,13,101,424,2014,0.846077457795432,0,0,200,264,21,1486,11,395,14,11
"1082","2020-05-06",114,13,101,417,2014,0.846077457795432,0,0,200,264,30,1516,12,407,21,12
"1083","2020-05-07",113,13,106,380,2014,0.846077457795432,0,0,200,264,26,1542,14,421,20,14
"1084","2020-05-08",101,13,100,368,2014,0.846077457795432,0,0,200,264,18,1560,11,432,15,11
"1085","2020-05-09",89,13,103,360,2014,0.846077457795432,0,0,200,264,27,1587,10,442,22,10
"1086","2020-05-10",89,13,118,345,2014,0.846077457795432,0,0,200,264,28,1615,9,451,17,9
"1087","2020-05-11",95,13,111,332,2014,0.846077457795432,0,0,200,264,22,1637,16,467,19,16
"1088","2020-05-12",102,13,122,310,2014,0.846077457795432,0,0,200,264,27,1664,8,475,17,8
"1089","2020-05-13",99,13,115,297,2014,0.846077457795432,0,0,200,264,27,1691,20,495,18,20
"1090","2020-05-14",97,13,109,275,2014,0.846077457795432,0,0,200,264,25,1716,15,510,18,15
"1091","2020-05-15",108,13,121,264,2014,0.846077457795432,0,0,200,264,24,1740,20,530,17,20
"1092","2020-05-16",107,13,133,254,2014,0.846077457795432,0,0,200,264,17,1757,10,540,12,10
"1093","2020-05-17",105,13,130,239,2014,0.846077457795432,0,0,200,264,15,1772,17,557,12,17
"1094","2020-05-18",101,13,129,233,2014,0.846077457795432,0,0,200,264,22,1794,5,562,18,5
"1095","2020-05-19",87,13,133,220,2014,0.846077457795432,0,0,200,264,22,1816,5,567,20,5
"1096","2020-05-20",80,13,136,200,2014,0.846077457795432,0,0,200,264,16,1832,4,571,11,4
"1097","2020-05-21",78,13,126,189,2014,0.846077457795432,0,0,200,264,13,1845,3,574,7,3
"1098","2020-05-22",61,13,135,181,2014,0.846077457795432,0,0,200,264,17,1862,2,576,10,2
"1099","2020-05-23",68,13,130,163,2014,0.846077457795432,0,0,200,264,14,1876,2,578,10,2
"1100","2020-05-24",64,13,122,151,2014,0.846077457795432,0,0,200,264,12,1888,7,585,10,7
"1101","2020-05-25",55,13,122,146,2014,0.846077457795432,0,0,200,264,11,1899,5,590,6,5
"1102","2020-05-26",54,13,141,140,2014,0.846077457795432,0,0,200,264,12,1911,7,597,6,7
"1103","2020-05-27",53,13,139,134,2014,0.846077457795432,0,0,200,264,8,1919,9,606,6,9
"1104","2020-05-28",44,13,136,123,2014,0.846077457795432,0,0,200,264,11,1930,7,613,7,7
"1105","2020-05-29",47,13,122,121,2014,0.846077457795432,0,0,200,264,16,1946,5,618,10,5
"1106","2020-05-30",39,13,115,115,2014,0.846077457795432,0,0,200,264,11,1957,4,622,6,4
"1107","2020-05-31",36,13,109,107,2014,0.846077457795432,0,0,200,264,14,1971,5,627,8,5
"1108","2020-06-01",35,13,108,98,2014,0.846077457795432,0,0,200,264,8,1979,8,635,6,8
"1109","2020-06-02",38,13,99,88,2014,0.846077457795432,0,0,200,264,10,1989,4,639,9,4
"1110","2020-06-03",34,13,98,80,2014,0.846077457795432,0,0,200,264,11,2000,1,640,10,1
"1111","2020-06-04",33,13,96,72,2014,0.846077457795432,0,0,200,264,5,2005,4,644,5,4
"1112","2020-06-05",28,13,87,71,2014,0.846077457795432,0,0,200,264,15,2020,4,648,11,4
"1113","2020-06-06",27,13,92,73,2014,0.846077457795432,0,0,200,264,19,2039,3,651,15,3
"1114","2020-06-07",26,13,89,74,2014,0.846077457795432,0,0,200,264,7,2046,3,654,7,3
"1115","2020-03-16",2,14,48,50,5170,0.952030947775629,0,0,491,262,17,76,6,31,10,6
"1116","2020-03-17",2,14,45,60,5170,0.952030947775629,0,0,491,262,22,98,11,42,16,11
"1117","2020-03-18",3,14,41,70,5170,0.952030947775629,0,0,491,262,38,136,6,48,30,6
"1118","2020-03-19",5,14,51,89,5170,0.952030947775629,0,0,491,262,39,175,9,57,30,9
"1119","2020-03-20",8,14,59,106,5170,0.952030947775629,0,0,491,262,36,211,6,63,31,6
"1120","2020-03-21",13,14,57,126,5170,0.952030947775629,0,0,491,262,50,261,6,69,47,6
"1121","2020-03-22",19,14,57,139,5170,0.952030947775629,0,0,491,262,63,324,9,78,53,9
"1122","2020-03-23",21,14,51,163,5170,0.952030947775629,0,0,491,262,77,401,12,90,72,12
"1123","2020-03-24",28,14,55,179,5170,0.952030947775629,0,0,491,262,74,475,12,102,68,12
"1124","2020-03-25",36,14,61,199,5170,0.952030947775629,0,0,491,262,86,561,19,121,84,19
"1125","2020-03-26",37,14,66,221,5170,0.952030947775629,0,0,491,262,106,667,8,129,101,8
"1126","2020-03-27",37,14,62,257,5170,0.952030947775629,0,0,491,262,117,784,13,142,112,13
"1127","2020-03-28",40,14,50,289,5170,0.952030947775629,0,0,491,262,152,936,19,161,149,19
"1128","2020-03-29",47,14,64,323,5170,0.952030947775629,0,0,491,262,159,1095,12,173,154,12
"1129","2020-03-30",57,14,62,346,5170,0.952030947775629,0,0,491,262,146,1241,17,190,142,17
"1130","2020-03-31",65,14,65,365,5170,0.952030947775629,0,0,491,262,136,1377,13,203,134,13
"1131","2020-04-01",74,14,65,400,5170,0.952030947775629,0,0,491,262,231,1608,15,218,228,15
"1132","2020-04-02",87,14,67,434,5170,0.952030947775629,0,0,491,262,188,1796,18,236,183,18
"1133","2020-04-03",105,14,73,476,5170,0.952030947775629,0,0,491,262,233,2029,6,242,230,6
"1134","2020-04-04",117,14,83,512,5170,0.952030947775629,0,0,491,262,238,2267,10,252,234,10
"1135","2020-04-05",122,14,77,536,5170,0.952030947775629,0,0,491,262,288,2555,7,259,283,7
"1136","2020-04-06",123,14,79,576,5170,0.952030947775629,0,0,491,262,279,2834,8,267,275,8
"1137","2020-04-07",128,14,67,633,5170,0.952030947775629,0,0,491,262,290,3124,3,270,286,3
"1138","2020-04-08",143,14,62,685,5170,0.952030947775629,0,0,491,262,293,3417,16,286,287,16
"1139","2020-04-09",158,14,50,713,5170,0.952030947775629,0,0,491,262,259,3676,9,295,256,9
"1140","2020-04-10",163,14,55,736,5170,0.952030947775629,0,0,491,262,225,3901,16,311,220,16
"1141","2020-04-11",171,14,68,802,5170,0.952030947775629,0,0,491,262,278,4179,17,328,272,17
"1142","2020-04-12",184,14,73,853,5170,0.952030947775629,0,0,491,262,250,4429,15,343,245,15
"1143","2020-04-13",210,14,86,892,5170,0.952030947775629,0,0,491,262,215,4644,5,348,213,5
"1144","2020-04-14",231,14,98,962,5170,0.952030947775629,0,0,491,262,242,4886,16,364,241,16
"1145","2020-04-15",228,14,92,1018,5170,0.952030947775629,0,0,491,262,228,5114,13,377,225,13
"1146","2020-04-16",235,14,80,1104,5170,0.952030947775629,0,0,491,262,174,5288,19,396,170,19
"1147","2020-04-17",249,14,85,1117,5170,0.952030947775629,0,0,491,262,203,5491,15,411,198,15
"1148","2020-04-18",259,14,88,1185,5170,0.952030947775629,0,0,491,262,160,5651,25,436,157,25
"1149","2020-04-19",275,14,79,1217,5170,0.952030947775629,0,0,491,262,138,5789,15,451,136,15
"1150","2020-04-20",281,14,70,1249,5170,0.952030947775629,0,0,491,262,122,5911,25,476,121,25
"1151","2020-04-21",295,14,73,1304,5170,0.952030947775629,0,0,491,262,146,6057,14,490,144,14
"1152","2020-04-22",313,14,64,1317,5170,0.952030947775629,0,0,491,262,102,6159,21,511,101,21
"1153","2020-04-23",333,14,73,1298,5170,0.952030947775629,0,0,491,262,110,6269,22,533,109,22
"1154","2020-04-24",349,14,89,1305,5170,0.952030947775629,0,0,491,262,85,6354,24,557,82,24
"1155","2020-04-25",368,14,82,1317,5170,0.952030947775629,0,0,491,262,58,6412,29,586,55,29
"1156","2020-04-26",367,14,68,1339,5170,0.952030947775629,0,0,491,262,47,6459,19,605,45,19
"1157","2020-04-27",373,14,77,1331,5170,0.952030947775629,0,0,491,262,69,6528,18,623,68,18
"1158","2020-04-28",369,14,69,1340,5170,0.952030947775629,0,0,491,262,42,6570,23,646,39,23
"1159","2020-04-29",372,14,75,1328,5170,0.952030947775629,0,0,491,262,39,6609,20,666,38,20
"1160","2020-04-30",367,14,73,1290,5170,0.952030947775629,0,0,491,262,35,6644,28,694,34,28
"1161","2020-05-01",374,14,78,1264,5170,0.952030947775629,0,0,491,262,36,6680,25,719,35,25
"1162","2020-05-02",359,14,66,1249,5170,0.952030947775629,0,0,491,262,27,6707,34,753,26,34
"1163","2020-05-03",364,14,63,1171,5170,0.952030947775629,0,0,491,262,19,6726,20,773,16,20
"1164","2020-05-04",361,14,65,1115,5170,0.952030947775629,0,0,491,262,18,6744,21,794,16,21
"1165","2020-05-05",353,14,64,1082,5170,0.952030947775629,0,0,491,262,16,6760,4,798,16,4
"1166","2020-05-06",349,14,64,1015,5170,0.952030947775629,0,0,491,262,18,6778,22,820,16,22
"1167","2020-05-07",340,14,72,993,5170,0.952030947775629,0,0,491,262,12,6790,21,841,12,21
"1168","2020-05-08",313,14,76,940,5170,0.952030947775629,0,0,491,262,8,6798,14,855,7,14
"1169","2020-05-09",303,14,80,906,5170,0.952030947775629,0,0,491,262,13,6811,21,876,13,21
"1170","2020-05-10",294,14,77,853,5170,0.952030947775629,0,0,491,262,10,6821,16,892,9,16
"1171","2020-05-11",282,14,85,822,5170,0.952030947775629,0,0,491,262,8,6829,12,904,6,12
"1172","2020-05-12",271,14,66,766,5170,0.952030947775629,0,0,491,262,13,6842,21,925,13,21
"1173","2020-05-13",259,14,65,701,5170,0.952030947775629,0,0,491,262,8,6850,16,941,7,16
"1174","2020-05-14",249,14,63,676,5170,0.952030947775629,0,0,491,262,5,6855,4,945,3,4
"1175","2020-05-15",242,14,60,646,5170,0.952030947775629,0,0,491,262,1,6856,11,956,1,11
"1176","2020-05-16",238,14,52,591,5170,0.952030947775629,0,0,491,262,7,6863,10,966,6,10
"1177","2020-05-17",224,14,67,552,5170,0.952030947775629,0,0,491,262,1,6864,6,972,1,6
"1178","2020-05-18",211,14,72,524,5170,0.952030947775629,0,0,491,262,3,6867,13,985,1,13
"1179","2020-05-19",208,14,69,481,5170,0.952030947775629,0,0,491,262,3,6870,6,991,2,6
"1180","2020-05-20",197,14,76,459,5170,0.952030947775629,0,0,491,262,3,6873,7,998,3,7
"1181","2020-05-21",184,14,79,439,5170,0.952030947775629,0,0,491,262,7,6880,3,1001,6,3
"1182","2020-05-22",175,14,70,427,5170,0.952030947775629,0,0,491,262,2,6882,16,1017,2,16
"1183","2020-05-23",160,14,71,403,5170,0.952030947775629,0,0,491,262,3,6885,12,1029,3,12
"1184","2020-05-24",155,14,67,389,5170,0.952030947775629,0,0,491,262,4,6889,13,1042,3,13
"1185","2020-05-25",142,14,64,377,5170,0.952030947775629,0,0,491,262,6,6895,13,1055,4,13
"1186","2020-05-26",121,14,65,368,5170,0.952030947775629,0,0,491,262,1,6896,16,1071,NA,16
"1187","2020-05-27",111,14,70,351,5170,0.952030947775629,0,0,491,262,2,6898,12,1083,2,12
"1188","2020-05-28",103,14,77,325,5170,0.952030947775629,0,0,491,262,2,6900,7,1090,1,7
"1189","2020-05-29",97,14,72,304,5170,0.952030947775629,0,0,491,262,2,6902,2,1092,1,2
"1190","2020-05-30",100,14,79,283,5170,0.952030947775629,0,0,491,262,2,6904,8,1100,2,8
"1191","2020-05-31",91,14,86,276,5170,0.952030947775629,0,0,491,262,2,6906,7,1107,2,7
"1192","2020-06-01",98,14,79,257,5170,0.952030947775629,0,0,491,262,2,6908,9,1116,2,9
"1193","2020-06-02",99,14,78,240,5170,0.952030947775629,0,0,491,262,1,6909,6,1122,1,6
"1194","2020-06-03",102,14,87,222,5170,0.952030947775629,0,0,491,262,2,6911,7,1129,2,7
"1195","2020-06-04",100,14,94,209,5170,0.952030947775629,0,0,491,262,1,6912,6,1135,1,6
"1196","2020-06-05",93,14,90,196,5170,0.952030947775629,0,0,491,262,4,6916,11,1146,3,11
"1197","2020-06-06",82,14,97,183,5170,0.952030947775629,0,0,491,262,1,6917,9,1155,1,9
"1198","2020-06-07",80,14,105,169,5170,0.952030947775629,0,0,491,262,NA,NA,6,1161,NA,6
"1199","2020-03-15",1,15,46,69,6953,0.907809578599166,0,0,601,356,12,50,2,13,3,2
"1200","2020-03-16",4,15,44,97,6953,0.907809578599166,0,0,601,356,13,63,2,15,3,2
"1201","2020-03-17",6,15,46,124,6953,0.907809578599166,0,0,601,356,11,74,2,17,2,2
"1202","2020-03-18",11,15,50,158,6953,0.907809578599166,0,0,601,356,20,94,2,19,7,2
"1203","2020-03-19",13,15,56,210,6953,0.907809578599166,0,0,601,356,16,110,6,25,8,6
"1204","2020-03-20",19,15,63,266,6953,0.907809578599166,0,0,601,356,13,123,2,27,6,2
"1205","2020-03-21",25,15,67,320,6953,0.907809578599166,0,0,601,356,24,147,NA,NA,10,NA
"1206","2020-03-22",38,15,56,405,6953,0.907809578599166,0,0,601,356,23,170,3,30,8,3
"1207","2020-03-23",50,15,68,499,6953,0.907809578599166,0,0,601,356,16,186,4,34,4,4
"1208","2020-03-24",64,15,69,572,6953,0.907809578599166,0,0,601,356,26,212,NA,NA,8,NA
"1209","2020-03-25",83,15,77,655,6953,0.907809578599166,0,0,601,356,18,230,5,39,11,5
"1210","2020-03-26",105,15,77,807,6953,0.907809578599166,0,0,601,356,20,250,NA,NA,11,NA
"1211","2020-03-27",115,15,80,971,6953,0.907809578599166,0,0,601,356,36,286,1,40,19,1
"1212","2020-03-28",145,15,87,1156,6953,0.907809578599166,0,0,601,356,21,307,1,41,12,1
"1213","2020-03-29",179,15,77,1342,6953,0.907809578599166,0,0,601,356,32,339,12,53,21,12
"1214","2020-03-30",210,15,72,1529,6953,0.907809578599166,0,0,601,356,26,365,5,58,11,5
"1215","2020-03-31",261,15,61,1701,6953,0.907809578599166,0,0,601,356,27,392,4,62,13,4
"1216","2020-04-01",290,15,62,1836,6953,0.907809578599166,0,0,601,356,29,421,6,68,14,6
"1217","2020-04-02",331,15,89,1999,6953,0.907809578599166,0,0,601,356,14,435,7,75,10,7
"1218","2020-04-03",377,15,90,2116,6953,0.907809578599166,0,0,601,356,22,457,2,77,12,2
"1219","2020-04-04",419,15,88,2283,6953,0.907809578599166,0,0,601,356,39,496,1,78,20,1
"1220","2020-04-05",464,15,89,2407,6953,0.907809578599166,0,0,601,356,28,524,NA,NA,12,NA
"1221","2020-04-06",527,15,96,2560,6953,0.907809578599166,0,0,601,356,33,557,2,80,19,2
"1222","2020-04-07",565,15,84,2642,6953,0.907809578599166,0,0,601,356,40,597,1,81,27,1
"1223","2020-04-08",624,15,76,2698,6953,0.907809578599166,0,0,601,356,31,628,10,91,18,10
"1224","2020-04-09",664,15,95,2712,6953,0.907809578599166,0,0,601,356,34,662,4,95,21,4
"1225","2020-04-10",717,15,94,2649,6953,0.907809578599166,0,0,601,356,46,708,3,98,24,3
"1226","2020-04-11",733,15,103,2616,6953,0.907809578599166,0,0,601,356,36,744,9,107,18,9
"1227","2020-04-12",749,15,101,2545,6953,0.907809578599166,0,0,601,356,35,779,8,115,21,8
"1228","2020-04-13",771,15,102,2478,6953,0.907809578599166,0,0,601,356,33,812,9,124,21,9
"1229","2020-04-14",772,15,96,2384,6953,0.907809578599166,0,0,601,356,30,842,8,132,14,8
"1230","2020-04-15",752,15,82,2272,6953,0.907809578599166,0,0,601,356,32,874,4,136,16,4
"1231","2020-04-16",746,15,82,2137,6953,0.907809578599166,0,0,601,356,35,909,6,142,15,6
"1232","2020-04-17",729,15,76,2051,6953,0.907809578599166,0,0,601,356,35,944,4,146,20,4
"1233","2020-04-18",727,15,65,1919,6953,0.907809578599166,0,0,601,356,33,977,1,147,19,1
"1234","2020-04-19",690,15,49,1783,6953,0.907809578599166,0,0,601,356,37,1014,10,157,16,10
"1235","2020-04-20",620,15,56,1614,6953,0.907809578599166,0,0,601,356,31,1045,4,161,17,4
"1236","2020-04-21",577,15,53,1480,6953,0.907809578599166,0,0,601,356,38,1083,4,165,22,4
"1237","2020-04-22",541,15,61,1360,6953,0.907809578599166,0,0,601,356,30,1113,4,169,13,4
"1238","2020-04-23",514,15,83,1255,6953,0.907809578599166,0,0,601,356,27,1140,8,177,12,8
"1239","2020-04-24",463,15,95,1166,6953,0.907809578599166,0,0,601,356,36,1176,9,186,22,9
"1240","2020-04-25",423,15,111,1057,6953,0.907809578599166,0,0,601,356,34,1210,10,196,19,10
"1241","2020-04-26",397,15,121,960,6953,0.907809578599166,0,0,601,356,35,1245,6,202,16,6
"1242","2020-04-27",389,15,127,878,6953,0.907809578599166,0,0,601,356,36,1281,2,204,23,2
"1243","2020-04-28",360,15,135,804,6953,0.907809578599166,0,0,601,356,34,1315,6,210,15,6
"1244","2020-04-29",329,15,125,734,6953,0.907809578599166,0,0,601,356,27,1342,6,216,11,6
"1245","2020-04-30",284,15,123,655,6953,0.907809578599166,0,0,601,356,37,1379,10,226,22,10
"1246","2020-05-01",264,15,99,577,6953,0.907809578599166,0,0,601,356,34,1413,8,234,18,8
"1247","2020-05-02",233,15,79,525,6953,0.907809578599166,0,0,601,356,29,1442,6,240,17,6
"1248","2020-05-03",201,15,70,482,6953,0.907809578599166,0,0,601,356,32,1474,3,243,14,3
"1249","2020-05-04",160,15,64,429,6953,0.907809578599166,0,0,601,356,31,1505,5,248,17,5
"1250","2020-05-05",142,15,88,391,6953,0.907809578599166,0,0,601,356,32,1537,9,257,17,9
"1251","2020-05-06",131,15,86,357,6953,0.907809578599166,0,0,601,356,26,1563,8,265,12,8
"1252","2020-05-07",114,15,89,310,6953,0.907809578599166,0,0,601,356,31,1594,9,274,14,9
"1253","2020-05-08",101,15,81,281,6953,0.907809578599166,0,0,601,356,21,1615,5,279,9,5
"1254","2020-05-09",95,15,92,256,6953,0.907809578599166,0,0,601,356,16,1631,8,287,8,8
"1255","2020-05-10",92,15,98,232,6953,0.907809578599166,0,0,601,356,22,1653,4,291,12,4
"1256","2020-05-11",86,15,104,219,6953,0.907809578599166,0,0,601,356,22,1675,5,296,11,5
"1257","2020-05-12",80,15,106,192,6953,0.907809578599166,0,0,601,356,18,1693,10,306,12,10
"1258","2020-05-13",71,15,101,177,6953,0.907809578599166,0,0,601,356,24,1717,8,314,8,8
"1259","2020-05-14",71,15,79,161,6953,0.907809578599166,0,0,601,356,27,1744,5,319,14,5
"1260","2020-05-15",64,15,65,159,6953,0.907809578599166,0,0,601,356,21,1765,8,327,11,8
"1261","2020-05-16",55,15,60,153,6953,0.907809578599166,0,0,601,356,24,1789,8,335,5,8
"1262","2020-05-17",50,15,64,138,6953,0.907809578599166,0,0,601,356,22,1811,5,340,8,5
"1263","2020-05-18",50,15,74,134,6953,0.907809578599166,0,0,601,356,22,1833,10,350,8,10
"1264","2020-05-19",43,15,57,123,6953,0.907809578599166,0,0,601,356,20,1853,9,359,7,9
"1265","2020-05-20",43,15,52,117,6953,0.907809578599166,0,0,601,356,16,1869,13,372,5,13
"1266","2020-05-21",38,15,57,112,6953,0.907809578599166,0,0,601,356,21,1890,9,381,12,9
"1267","2020-05-22",36,15,54,104,6953,0.907809578599166,0,0,601,356,20,1910,5,386,5,5
"1268","2020-05-23",34,15,77,91,6953,0.907809578599166,0,0,601,356,14,1924,5,391,8,5
"1269","2020-05-24",32,15,72,89,6953,0.907809578599166,0,0,601,356,12,1936,5,396,6,5
"1270","2020-05-25",29,15,83,78,6953,0.907809578599166,0,0,601,356,14,1950,3,399,8,3
"1271","2020-05-26",30,15,99,77,6953,0.907809578599166,0,0,601,356,9,1959,6,405,4,6
"1272","2020-05-27",30,15,100,73,6953,0.907809578599166,0,0,601,356,14,1973,5,410,4,5
"1273","2020-05-28",27,15,74,68,6953,0.907809578599166,0,0,601,356,15,1988,5,415,7,5
"1274","2020-05-29",25,15,57,59,6953,0.907809578599166,0,0,601,356,14,2002,4,419,3,4
"1275","2020-05-30",23,15,53,45,6953,0.907809578599166,0,0,601,356,11,2013,8,427,6,8
"1276","2020-05-31",22,15,54,45,6953,0.907809578599166,0,0,601,356,8,2021,5,432,3,5
"1277","2020-06-01",21,15,56,43,6953,0.907809578599166,0,0,601,356,11,2032,3,435,5,3
"1278","2020-06-02",20,15,66,39,6953,0.907809578599166,0,0,601,356,18,2050,3,438,6,3
"1279","2020-06-03",16,15,64,37,6953,0.907809578599166,0,0,601,356,17,2067,4,442,8,4
"1280","2020-06-04",14,15,75,34,6953,0.907809578599166,0,0,601,356,10,2077,4,446,5,4
"1281","2020-06-05",11,15,73,30,6953,0.907809578599166,0,0,601,356,14,2091,3,449,8,3
"1282","2020-06-06",9,15,69,29,6953,0.907809578599166,0,0,601,356,13,2104,1,450,8,1
"1283","2020-06-07",8,15,61,30,6953,0.907809578599166,0,0,601,356,11,2115,4,454,3,4
"1284","2020-03-16",1,16,37,28,2154,0.840297121634169,0,0,209,285,9,39,6,34,3,6
"1285","2020-03-17",2,16,38,37,2154,0.840297121634169,0,0,209,285,22,61,17,51,7,17
"1286","2020-03-18",5,16,32,44,2154,0.840297121634169,0,0,209,285,13,74,11,62,7,11
"1287","2020-03-19",7,16,43,51,2154,0.840297121634169,0,0,209,285,13,87,7,69,6,7
"1288","2020-03-20",9,16,42,61,2154,0.840297121634169,0,0,209,285,20,107,9,78,11,9
"1289","2020-03-21",10,16,45,69,2154,0.840297121634169,0,0,209,285,26,133,20,98,18,20
"1290","2020-03-22",12,16,49,77,2154,0.840297121634169,0,0,209,285,11,144,13,111,8,13
"1291","2020-03-23",13,16,53,86,2154,0.840297121634169,0,0,209,285,22,166,11,122,15,11
"1292","2020-03-24",14,16,56,102,2154,0.840297121634169,0,0,209,285,16,182,20,142,9,20
"1293","2020-03-25",13,16,56,109,2154,0.840297121634169,0,0,209,285,15,197,20,162,11,20
"1294","2020-03-26",15,16,58,122,2154,0.840297121634169,0,0,209,285,23,220,22,184,17,22
"1295","2020-03-27",16,16,53,140,2154,0.840297121634169,0,0,209,285,24,244,24,208,20,24
"1296","2020-03-28",22,16,66,158,2154,0.840297121634169,0,0,209,285,31,275,17,225,20,17
"1297","2020-03-29",31,16,64,160,2154,0.840297121634169,0,0,209,285,22,297,16,241,16,16
"1298","2020-03-30",41,16,60,173,2154,0.840297121634169,0,0,209,285,22,319,19,260,15,19
"1299","2020-03-31",44,16,73,190,2154,0.840297121634169,0,0,209,285,29,348,24,284,20,24
"1300","2020-04-01",46,16,65,196,2154,0.840297121634169,0,0,209,285,31,379,19,303,18,19
"1301","2020-04-02",53,16,69,209,2154,0.840297121634169,0,0,209,285,24,403,18,321,14,18
"1302","2020-04-03",59,16,65,228,2154,0.840297121634169,0,0,209,285,38,441,20,341,24,20
"1303","2020-04-04",62,16,78,236,2154,0.840297121634169,0,0,209,285,29,470,22,363,21,22
"1304","2020-04-05",62,16,82,242,2154,0.840297121634169,0,0,209,285,35,505,21,384,30,21
"1305","2020-04-06",67,16,100,252,2154,0.840297121634169,0,0,209,285,37,542,21,405,28,21
"1306","2020-04-07",73,16,115,252,2154,0.840297121634169,0,0,209,285,28,570,18,423,19,18
"1307","2020-04-08",81,16,105,253,2154,0.840297121634169,0,0,209,285,26,596,11,434,20,11
"1308","2020-04-09",78,16,107,248,2154,0.840297121634169,0,0,209,285,32,628,5,439,20,5
"1309","2020-04-10",76,16,98,255,2154,0.840297121634169,0,0,209,285,28,656,17,456,20,17
"1310","2020-04-11",75,16,95,253,2154,0.840297121634169,0,0,209,285,36,692,32,488,26,32
"1311","2020-04-12",68,16,96,259,2154,0.840297121634169,0,0,209,285,25,717,40,528,17,40
"1312","2020-04-13",59,16,82,271,2154,0.840297121634169,0,0,209,285,21,738,30,558,9,30
"1313","2020-04-14",59,16,84,280,2154,0.840297121634169,0,0,209,285,25,763,27,585,12,27
"1314","2020-04-15",62,16,85,296,2154,0.840297121634169,0,0,209,285,29,792,41,626,20,41
"1315","2020-04-16",58,16,92,301,2154,0.840297121634169,0,0,209,285,25,817,26,652,14,26
"1316","2020-04-17",61,16,105,303,2154,0.840297121634169,0,0,209,285,21,838,30,682,8,30
"1317","2020-04-18",65,16,113,308,2154,0.840297121634169,0,0,209,285,31,869,19,701,19,19
"1318","2020-04-19",76,16,117,321,2154,0.840297121634169,0,0,209,285,23,892,34,735,15,34
"1319","2020-04-20",85,16,123,316,2154,0.840297121634169,0,0,209,285,21,913,23,758,10,23
"1320","2020-04-21",87,16,135,318,2154,0.840297121634169,0,0,209,285,26,939,40,798,10,40
"1321","2020-04-22",93,16,131,329,2154,0.840297121634169,0,0,209,285,24,963,31,829,13,31
"1322","2020-04-23",98,16,121,321,2154,0.840297121634169,0,0,209,285,30,993,30,859,25,30
"1323","2020-04-24",100,16,110,318,2154,0.840297121634169,0,0,209,285,22,1015,29,888,11,29
"1324","2020-04-25",99,16,94,305,2154,0.840297121634169,0,0,209,285,26,1041,32,920,15,32
"1325","2020-04-26",100,16,91,317,2154,0.840297121634169,0,0,209,285,28,1069,25,945,15,25
"1326","2020-04-27",93,16,88,314,2154,0.840297121634169,0,0,209,285,30,1099,25,970,18,25
"1327","2020-04-28",92,16,84,307,2154,0.840297121634169,0,0,209,285,22,1121,24,994,14,24
"1328","2020-04-29",87,16,78,292,2154,0.840297121634169,0,0,209,285,23,1144,32,1026,14,32
"1329","2020-04-30",92,16,85,284,2154,0.840297121634169,0,0,209,285,25,1169,31,1057,18,31
"1330","2020-05-01",88,16,77,291,2154,0.840297121634169,0,0,209,285,21,1190,29,1086,9,29
"1331","2020-05-02",86,16,66,297,2154,0.840297121634169,0,0,209,285,28,1218,30,1116,18,30
"1332","2020-05-03",82,16,85,296,2154,0.840297121634169,0,0,209,285,31,1249,23,1139,20,23
"1333","2020-05-04",87,16,83,283,2154,0.840297121634169,0,0,209,285,35,1284,22,1161,20,22
"1334","2020-05-05",88,16,91,287,2154,0.840297121634169,0,0,209,285,28,1312,30,1191,16,30
"1335","2020-05-06",79,16,102,300,2154,0.840297121634169,0,0,209,285,17,1329,35,1226,7,35
"1336","2020-05-07",83,16,109,299,2154,0.840297121634169,0,0,209,285,20,1349,40,1266,10,40
"1337","2020-05-08",89,16,110,319,2154,0.840297121634169,0,0,209,285,31,1380,34,1300,18,34
"1338","2020-05-09",82,16,127,331,2154,0.840297121634169,0,0,209,285,26,1406,46,1346,11,46
"1339","2020-05-10",84,16,112,334,2154,0.840297121634169,0,0,209,285,22,1428,29,1375,11,29
"1340","2020-05-11",84,16,102,338,2154,0.840297121634169,0,0,209,285,27,1455,31,1406,20,31
"1341","2020-05-12",78,16,113,339,2154,0.840297121634169,0,0,209,285,29,1484,43,1449,23,43
"1342","2020-05-13",89,16,104,349,2154,0.840297121634169,0,0,209,285,20,1504,54,1503,9,54
"1343","2020-05-14",83,16,100,361,2154,0.840297121634169,0,0,209,285,21,1525,42,1545,15,42
"1344","2020-05-15",82,16,96,364,2154,0.840297121634169,0,0,209,285,21,1546,36,1581,12,36
"1345","2020-05-16",92,16,93,354,2154,0.840297121634169,0,0,209,285,22,1568,38,1619,15,38
"1346","2020-05-17",96,16,94,346,2154,0.840297121634169,0,0,209,285,26,1594,47,1666,16,47
"1347","2020-05-18",90,16,96,355,2154,0.840297121634169,0,0,209,285,28,1622,42,1708,13,42
"1348","2020-05-19",94,16,95,362,2154,0.840297121634169,0,0,209,285,26,1648,25,1733,19,25
"1349","2020-05-20",94,16,82,365,2154,0.840297121634169,0,0,209,285,16,1664,40,1773,9,40
"1350","2020-05-21",92,16,82,351,2154,0.840297121634169,0,0,209,285,15,1679,34,1807,8,34
"1351","2020-05-22",97,16,86,349,2154,0.840297121634169,0,0,209,285,16,1695,24,1831,10,24
"1352","2020-05-23",101,16,96,347,2154,0.840297121634169,0,0,209,285,20,1715,35,1866,10,35
"1353","2020-05-24",94,16,97,346,2154,0.840297121634169,0,0,209,285,14,1729,43,1909,10,43
"1354","2020-05-25",96,16,93,337,2154,0.840297121634169,0,0,209,285,17,1746,29,1938,13,29
"1355","2020-05-26",97,16,98,328,2154,0.840297121634169,0,0,209,285,17,1763,36,1974,7,36
"1356","2020-05-27",96,16,86,335,2154,0.840297121634169,0,0,209,285,15,1778,31,2005,10,31
"1357","2020-05-28",99,16,94,321,2154,0.840297121634169,0,0,209,285,13,1791,21,2026,9,21
"1358","2020-05-29",94,16,95,308,2154,0.840297121634169,0,0,209,285,19,1810,25,2051,12,25
"1359","2020-05-30",92,16,92,302,2154,0.840297121634169,0,0,209,285,16,1826,22,2073,9,22
"1360","2020-05-31",93,16,90,294,2154,0.840297121634169,0,0,209,285,16,1842,25,2098,11,25
"1361","2020-06-01",91,16,89,275,2154,0.840297121634169,0,0,209,285,10,1852,26,2124,7,26
"1362","2020-06-02",89,16,90,252,2154,0.840297121634169,0,0,209,285,10,1862,21,2145,8,21
"1363","2020-06-03",88,16,91,246,2154,0.840297121634169,0,0,209,285,10,1872,18,2163,7,18
"1364","2020-06-04",86,16,91,237,2154,0.840297121634169,0,0,209,285,14,1886,29,2192,9,29
"1365","2020-06-05",81,16,89,230,2154,0.840297121634169,0,0,209,285,9,1895,24,2216,6,24
"1366","2020-06-06",75,16,83,239,2154,0.840297121634169,0,0,209,285,11,1906,20,2236,6,20
"1367","2020-06-07",68,16,76,235,2154,0.840297121634169,0,0,209,285,11,1917,22,2258,8,22
"1368","2020-03-12",1,17,20,11,2000,0.6815,0,0,148,198,3,4,9,16,2,9
"1369","2020-03-13",1,17,19,21,2000,0.6815,0,0,148,198,3,7,NA,NA,1,NA
"1370","2020-03-14",1,17,19,26,2000,0.6815,0,0,148,198,4,11,NA,NA,2,NA
"1371","2020-03-15",1,17,20,33,2000,0.6815,0,0,148,198,3,14,1,17,2,1
"1372","2020-03-16",3,17,27,39,2000,0.6815,0,0,148,198,8,22,1,18,6,1
"1373","2020-03-17",3,17,29,48,2000,0.6815,0,0,148,198,5,27,9,27,4,9
"1374","2020-03-18",6,17,37,63,2000,0.6815,0,0,148,198,7,34,8,35,6,8
"1375","2020-03-19",7,17,36,75,2000,0.6815,0,0,148,198,12,46,6,41,11,6
"1376","2020-03-20",11,17,32,81,2000,0.6815,0,0,148,198,14,60,13,54,13,14
"1377","2020-03-21",13,17,31,95,2000,0.6815,0,0,148,198,20,80,20,74,20,20
"1378","2020-03-22",17,17,32,106,2000,0.6815,0,0,148,198,28,108,19,93,26,19
"1379","2020-03-23",17,17,38,119,2000,0.6815,0,0,148,198,37,145,9,102,32,9
"1380","2020-03-24",24,17,35,137,2000,0.6815,0,0,148,198,51,196,5,107,48,5
"1381","2020-03-25",29,17,35,153,2000,0.6815,0,0,148,198,36,232,5,112,35,5
"1382","2020-03-26",34,17,41,165,2000,0.6815,0,0,148,198,46,278,5,117,42,5
"1383","2020-03-27",34,17,40,167,2000,0.6815,0,0,148,198,54,332,6,123,51,6
"1384","2020-03-28",39,17,36,185,2000,0.6815,0,0,148,198,59,391,7,130,58,7
"1385","2020-03-29",42,17,31,207,2000,0.6815,0,0,148,198,56,447,13,143,51,13
"1386","2020-03-30",45,17,37,224,2000,0.6815,0,0,148,198,90,537,3,146,90,3
"1387","2020-03-31",50,17,43,235,2000,0.6815,0,0,148,198,72,609,2,148,72,2
"1388","2020-04-01",46,17,48,244,2000,0.6815,0,0,148,198,91,700,4,152,87,4
"1389","2020-04-02",46,17,58,250,2000,0.6815,0,0,148,198,107,807,4,156,106,4
"1390","2020-04-03",52,17,56,262,2000,0.6815,0,0,148,198,133,940,11,167,132,11
"1391","2020-04-04",51,17,64,268,2000,0.6815,0,0,148,198,111,1051,9,176,109,9
"1392","2020-04-05",53,17,51,281,2000,0.6815,0,0,148,198,171,1222,15,191,168,15
"1393","2020-04-06",62,17,54,283,2000,0.6815,0,0,148,198,118,1340,9,200,116,9
"1394","2020-04-07",62,17,68,285,2000,0.6815,0,0,148,198,165,1505,3,203,163,3
"1395","2020-04-08",79,17,76,289,2000,0.6815,0,0,148,198,192,1697,8,211,191,8
"1396","2020-04-09",87,17,74,287,2000,0.6815,0,0,148,198,166,1863,12,223,166,12
"1397","2020-04-10",89,17,75,287,2000,0.6815,0,0,148,198,226,2089,14,237,225,14
"1398","2020-04-11",93,17,70,290,2000,0.6815,0,0,148,198,227,2316,7,244,223,7
"1399","2020-04-12",87,17,64,283,2000,0.6815,0,0,148,198,251,2567,7,251,249,7
"1400","2020-04-13",90,17,57,303,2000,0.6815,0,0,148,198,228,2795,4,255,227,4
"1401","2020-04-14",85,17,56,298,2000,0.6815,0,0,148,198,242,3037,5,260,241,5
"1402","2020-04-15",69,17,55,295,2000,0.6815,0,0,148,198,231,3268,12,272,230,12
"1403","2020-04-16",66,17,54,286,2000,0.6815,0,0,148,198,298,3566,8,280,298,8
"1404","2020-04-17",70,17,53,285,2000,0.6815,0,0,148,198,258,3824,10,290,257,10
"1405","2020-04-18",77,17,44,289,2000,0.6815,0,0,148,198,301,4125,11,301,301,11
"1406","2020-04-19",82,17,38,296,2000,0.6815,0,0,148,198,191,4316,6,307,188,6
"1407","2020-04-20",74,17,56,307,2000,0.6815,0,0,148,198,225,4541,6,313,225,6
"1408","2020-04-21",76,17,74,311,2000,0.6815,0,0,148,198,219,4760,1,314,219,1
"1409","2020-04-22",80,17,89,319,2000,0.6815,0,0,148,198,157,4917,17,331,157,17
"1410","2020-04-23",78,17,90,320,2000,0.6815,0,0,148,198,178,5095,14,345,178,14
"1411","2020-04-24",73,17,99,310,2000,0.6815,0,0,148,198,195,5290,14,359,194,14
"1412","2020-04-25",72,17,92,311,2000,0.6815,0,0,148,198,152,5442,12,371,152,12
"1413","2020-04-26",71,17,86,321,2000,0.6815,0,0,148,198,131,5573,10,381,130,10
"1414","2020-04-27",75,17,81,323,2000,0.6815,0,0,148,198,133,5706,10,391,131,10
"1415","2020-04-28",81,17,81,327,2000,0.6815,0,0,148,198,121,5827,10,401,120,10
"1416","2020-04-29",80,17,87,324,2000,0.6815,0,0,148,198,103,5930,5,406,103,5
"1417","2020-04-30",87,17,97,315,2000,0.6815,0,0,148,198,67,5997,10,416,67,10
"1418","2020-05-01",87,17,106,307,2000,0.6815,0,0,148,198,80,6077,19,435,80,19
"1419","2020-05-02",80,17,113,306,2000,0.6815,0,0,148,198,72,6149,8,443,71,8
"1420","2020-05-03",84,17,105,299,2000,0.6815,0,0,148,198,77,6226,6,449,76,6
"1421","2020-05-04",87,17,103,287,2000,0.6815,0,0,148,198,61,6287,14,463,61,14
"1422","2020-05-05",84,17,102,279,2000,0.6815,0,0,148,198,54,6341,19,482,54,19
"1423","2020-05-06",85,17,117,281,2000,0.6815,0,0,148,198,43,6384,22,504,43,22
"1424","2020-05-07",78,17,118,282,2000,0.6815,0,0,148,198,29,6413,15,519,28,15
"1425","2020-05-08",72,17,121,275,2000,0.6815,0,0,148,198,32,6445,8,527,32,8
"1426","2020-05-09",70,17,116,271,2000,0.6815,0,0,148,198,22,6467,9,536,22,9
"1427","2020-05-10",71,17,121,255,2000,0.6815,0,0,148,198,23,6490,6,542,23,6
"1428","2020-05-11",68,17,124,249,2000,0.6815,0,0,148,198,16,6506,5,547,16,5
"1429","2020-05-12",68,17,118,252,2000,0.6815,0,0,148,198,8,6514,9,556,8,9
"1430","2020-05-13",71,17,94,242,2000,0.6815,0,0,148,198,9,6523,15,571,9,15
"1431","2020-05-14",72,17,92,245,2000,0.6815,0,0,148,198,13,6536,8,579,13,8
"1432","2020-05-15",82,17,79,246,2000,0.6815,0,0,148,198,8,6544,6,585,8,6
"1433","2020-05-16",83,17,64,239,2000,0.6815,0,0,148,198,12,6556,2,587,12,2
"1434","2020-05-17",76,17,59,234,2000,0.6815,0,0,148,198,5,6561,5,592,5,5
"1435","2020-05-18",82,17,47,220,2000,0.6815,0,0,148,198,5,6566,11,603,5,11
"1436","2020-05-19",75,17,38,215,2000,0.6815,0,0,148,198,5,6571,10,613,5,10
"1437","2020-05-20",76,17,27,217,2000,0.6815,0,0,148,198,3,6574,11,624,2,11
"1438","2020-05-21",69,17,30,221,2000,0.6815,0,0,148,198,7,6581,16,640,7,16
"1439","2020-05-22",64,17,28,218,2000,0.6815,0,0,148,198,3,6584,4,644,3,4
"1440","2020-05-23",62,17,34,207,2000,0.6815,0,0,148,198,3,6587,4,648,3,4
"1441","2020-05-24",61,17,51,208,2000,0.6815,0,0,148,198,1,6588,9,657,1,9
"1442","2020-05-25",49,17,52,211,2000,0.6815,0,0,148,198,1,6589,9,666,NA,9
"1443","2020-05-26",48,17,50,224,2000,0.6815,0,0,148,198,3,6592,8,674,3,8
"1444","2020-05-27",41,17,51,235,2000,0.6815,0,0,148,198,1,6593,19,693,1,19
"1445","2020-05-28",48,17,57,237,2000,0.6815,0,0,148,198,4,6597,9,702,4,9
"1446","2020-05-29",46,17,58,231,2000,0.6815,0,0,148,198,3,6600,10,712,3,10
"1447","2020-05-30",46,17,64,225,2000,0.6815,0,0,148,198,1,6601,4,716,1,4
"1448","2020-05-31",51,17,62,232,2000,0.6815,0,0,148,198,2,6603,8,724,2,8
"1449","2020-06-01",52,17,62,231,2000,0.6815,0,0,148,198,3,6606,2,726,3,2
"1450","2020-06-02",57,17,56,223,2000,0.6815,0,0,148,198,NA,NA,2,728,NA,2
"1451","2020-06-03",65,17,54,223,2000,0.6815,0,0,148,198,NA,NA,10,738,NA,10
"1452","2020-06-04",70,17,53,217,2000,0.6815,0,0,148,198,3,6609,6,744,2,6
"1453","2020-06-05",69,17,54,223,2000,0.6815,0,0,148,198,NA,NA,5,749,NA,5
"1454","2020-06-06",67,17,47,223,2000,0.6815,0,0,148,198,NA,NA,6,755,NA,6
"1455","2020-06-07",66,17,38,215,2000,0.6815,0,0,148,198,NA,NA,8,763,NA,8
"1456","2020-03-14",1,18,20,14,2715,0.878084714548803,0,0,250,309,4,5,8,17,1,8
"1457","2020-03-15",1,18,27,18,2715,0.878084714548803,0,0,250,309,2,7,5,22,NA,5
"1458","2020-03-16",1,18,24,22,2715,0.878084714548803,0,0,250,309,4,11,3,25,2,3
"1459","2020-03-17",1,18,25,30,2715,0.878084714548803,0,0,250,309,3,14,6,31,2,6
"1460","2020-03-18",2,18,24,37,2715,0.878084714548803,0,0,250,309,4,18,4,35,1,4
"1461","2020-03-19",2,18,31,49,2715,0.878084714548803,0,0,250,309,5,23,1,36,1,1
"1462","2020-03-20",3,18,43,55,2715,0.878084714548803,0,0,250,309,8,31,4,40,6,4
"1463","2020-03-21",3,18,44,62,2715,0.878084714548803,0,0,250,309,12,43,2,42,11,2
"1464","2020-03-22",5,18,46,76,2715,0.878084714548803,0,0,250,309,5,48,3,45,3,3
"1465","2020-03-23",7,18,44,87,2715,0.878084714548803,0,0,250,309,14,62,11,56,9,11
"1466","2020-03-24",13,18,47,98,2715,0.878084714548803,0,0,250,309,16,78,6,62,11,6
"1467","2020-03-25",17,18,46,114,2715,0.878084714548803,0,0,250,309,9,87,9,71,9,9
"1468","2020-03-26",30,18,27,134,2715,0.878084714548803,0,0,250,309,11,98,3,74,7,3
"1469","2020-03-27",36,18,31,147,2715,0.878084714548803,0,0,250,309,17,115,1,75,16,1
"1470","2020-03-28",45,18,29,155,2715,0.878084714548803,0,0,250,309,20,135,4,79,19,4
"1471","2020-03-29",53,18,25,173,2715,0.878084714548803,0,0,250,309,14,149,7,86,10,7
"1472","2020-03-30",55,18,27,182,2715,0.878084714548803,0,0,250,309,25,174,1,87,20,1
"1473","2020-03-31",53,18,25,200,2715,0.878084714548803,0,0,250,309,14,188,4,91,12,4
"1474","2020-04-01",54,18,28,204,2715,0.878084714548803,0,0,250,309,19,207,3,94,17,3
"1475","2020-04-02",52,18,22,220,2715,0.878084714548803,0,0,250,309,19,226,14,108,18,14
"1476","2020-04-03",57,18,31,239,2715,0.878084714548803,0,0,250,309,29,255,12,120,27,12
"1477","2020-04-04",59,18,38,245,2715,0.878084714548803,0,0,250,309,20,275,12,132,18,12
"1478","2020-04-05",60,18,36,255,2715,0.878084714548803,0,0,250,309,31,306,17,149,28,17
"1479","2020-04-06",65,18,43,264,2715,0.878084714548803,0,0,250,309,21,327,12,161,20,12
"1480","2020-04-07",70,18,44,279,2715,0.878084714548803,0,0,250,309,28,355,11,172,26,11
"1481","2020-04-08",74,18,43,297,2715,0.878084714548803,0,0,250,309,28,383,11,183,27,11
"1482","2020-04-09",79,18,44,316,2715,0.878084714548803,0,0,250,309,31,414,5,188,29,5
"1483","2020-04-10",84,18,38,325,2715,0.878084714548803,0,0,250,309,25,439,8,196,23,8
"1484","2020-04-11",84,18,39,344,2715,0.878084714548803,0,0,250,309,28,467,23,219,26,23
"1485","2020-04-12",88,18,52,365,2715,0.878084714548803,0,0,250,309,31,498,16,235,29,16
"1486","2020-04-13",94,18,55,392,2715,0.878084714548803,0,0,250,309,26,524,17,252,23,17
"1487","2020-04-14",101,18,50,408,2715,0.878084714548803,0,0,250,309,22,546,16,268,18,16
"1488","2020-04-15",102,18,49,432,2715,0.878084714548803,0,0,250,309,16,562,9,277,12,9
"1489","2020-04-16",107,18,64,432,2715,0.878084714548803,0,0,250,309,28,590,8,285,25,8
"1490","2020-04-17",112,18,86,459,2715,0.878084714548803,0,0,250,309,29,619,11,296,28,11
"1491","2020-04-18",116,18,85,488,2715,0.878084714548803,0,0,250,309,26,645,8,304,22,8
"1492","2020-04-19",118,18,81,508,2715,0.878084714548803,0,0,250,309,28,673,3,307,23,3
"1493","2020-04-20",125,18,81,524,2715,0.878084714548803,0,0,250,309,37,710,5,312,32,5
"1494","2020-04-21",124,18,71,538,2715,0.878084714548803,0,0,250,309,24,734,9,321,20,9
"1495","2020-04-22",134,18,74,543,2715,0.878084714548803,0,0,250,309,30,764,8,329,29,8
"1496","2020-04-23",127,18,78,535,2715,0.878084714548803,0,0,250,309,24,788,13,342,22,13
"1497","2020-04-24",134,18,73,538,2715,0.878084714548803,0,0,250,309,25,813,9,351,24,9
"1498","2020-04-25",138,18,70,560,2715,0.878084714548803,0,0,250,309,22,835,11,362,18,11
"1499","2020-04-26",141,18,68,582,2715,0.878084714548803,0,0,250,309,32,867,14,376,29,14
"1500","2020-04-27",145,18,78,598,2715,0.878084714548803,0,0,250,309,35,902,12,388,32,12
"1501","2020-04-28",164,18,80,619,2715,0.878084714548803,0,0,250,309,24,926,3,391,20,3
"1502","2020-04-29",172,18,87,615,2715,0.878084714548803,0,0,250,309,17,943,6,397,17,6
"1503","2020-04-30",186,18,100,616,2715,0.878084714548803,0,0,250,309,30,973,8,405,25,8
"1504","2020-05-01",174,18,99,602,2715,0.878084714548803,0,0,250,309,26,999,12,417,24,12
"1505","2020-05-02",187,18,100,624,2715,0.878084714548803,0,0,250,309,24,1023,14,431,19,14
"1506","2020-05-03",190,18,84,610,2715,0.878084714548803,0,0,250,309,31,1054,5,436,28,5
"1507","2020-05-04",187,18,81,601,2715,0.878084714548803,0,0,250,309,25,1079,15,451,22,15
"1508","2020-05-05",186,18,93,590,2715,0.878084714548803,0,0,250,309,20,1099,4,455,19,4
"1509","2020-05-06",185,18,98,575,2715,0.878084714548803,0,0,250,309,32,1131,11,466,28,11
"1510","2020-05-07",180,18,112,583,2715,0.878084714548803,0,0,250,309,18,1149,4,470,15,4
"1511","2020-05-08",178,18,104,572,2715,0.878084714548803,0,0,250,309,17,1166,10,480,15,10
"1512","2020-05-09",176,18,111,559,2715,0.878084714548803,0,0,250,309,28,1194,3,483,25,3
"1513","2020-05-10",176,18,124,552,2715,0.878084714548803,0,0,250,309,28,1222,1,484,28,1
"1514","2020-05-11",172,18,127,537,2715,0.878084714548803,0,0,250,309,19,1241,4,488,17,4
"1515","2020-05-12",160,18,114,518,2715,0.878084714548803,0,0,250,309,24,1265,9,497,21,9
"1516","2020-05-13",156,18,101,483,2715,0.878084714548803,0,0,250,309,24,1289,11,508,21,11
"1517","2020-05-14",154,18,92,475,2715,0.878084714548803,0,0,250,309,21,1310,7,515,19,7
"1518","2020-05-15",160,18,81,452,2715,0.878084714548803,0,0,250,309,18,1328,5,520,16,5
"1519","2020-05-16",147,18,94,437,2715,0.878084714548803,0,0,250,309,14,1342,12,532,13,12
"1520","2020-05-17",140,18,101,418,2715,0.878084714548803,0,0,250,309,29,1371,13,545,26,13
"1521","2020-05-18",131,18,83,408,2715,0.878084714548803,0,0,250,309,17,1388,8,553,17,8
"1522","2020-05-19",132,18,79,382,2715,0.878084714548803,0,0,250,309,21,1409,7,560,19,7
"1523","2020-05-20",126,18,80,364,2715,0.878084714548803,0,0,250,309,15,1424,9,569,14,9
"1524","2020-05-21",120,18,75,347,2715,0.878084714548803,0,0,250,309,23,1447,20,589,22,20
"1525","2020-05-22",122,18,85,326,2715,0.878084714548803,0,0,250,309,28,1475,13,602,27,13
"1526","2020-05-23",120,18,91,314,2715,0.878084714548803,0,0,250,309,16,1491,10,612,14,10
"1527","2020-05-24",113,18,90,299,2715,0.878084714548803,0,0,250,309,17,1508,9,621,15,9
"1528","2020-05-25",114,18,96,285,2715,0.878084714548803,0,0,250,309,29,1537,12,633,29,12
"1529","2020-05-26",96,18,101,274,2715,0.878084714548803,0,0,250,309,26,1563,5,638,25,5
"1530","2020-05-27",88,18,91,252,2715,0.878084714548803,0,0,250,309,24,1587,7,645,23,7
"1531","2020-05-28",88,18,91,234,2715,0.878084714548803,0,0,250,309,24,1611,15,660,24,15
"1532","2020-05-29",70,18,91,218,2715,0.878084714548803,0,0,250,309,18,1629,6,666,18,6
"1533","2020-05-30",62,18,76,197,2715,0.878084714548803,0,0,250,309,35,1664,6,672,33,6
"1534","2020-05-31",65,18,89,184,2715,0.878084714548803,0,0,250,309,19,1683,3,675,19,3
"1535","2020-06-01",62,18,79,178,2715,0.878084714548803,0,0,250,309,18,1701,11,686,17,11
"1536","2020-06-02",67,18,75,171,2715,0.878084714548803,0,0,250,309,21,1722,9,695,20,9
"1537","2020-06-03",61,18,62,161,2715,0.878084714548803,0,0,250,309,16,1738,6,701,15,6
"1538","2020-06-04",54,18,63,152,2715,0.878084714548803,0,0,250,309,27,1765,9,710,26,9
"1539","2020-06-05",61,18,60,141,2715,0.878084714548803,0,0,250,309,21,1786,14,724,20,14
"1540","2020-06-06",64,18,47,131,2715,0.878084714548803,0,0,250,309,16,1802,7,731,16,7
"1541","2020-06-07",57,18,51,124,2715,0.878084714548803,0,0,250,309,25,1827,12,743,24,12
"1542","2020-03-15",1,19,12,36,1502,0.551930758988016,0,0,123,167,7,36,8,23,1,8
"1543","2020-03-16",2,19,22,46,1502,0.551930758988016,0,0,123,167,14,50,NA,NA,7,NA
"1544","2020-03-17",5,19,18,55,1502,0.551930758988016,0,0,123,167,11,61,2,25,3,2
"1545","2020-03-18",10,19,19,62,1502,0.551930758988016,0,0,123,167,6,67,1,26,5,1
"1546","2020-03-19",13,19,19,72,1502,0.551930758988016,0,0,123,167,17,84,5,31,8,5
"1547","2020-03-20",15,19,21,88,1502,0.551930758988016,0,0,123,167,11,95,2,33,9,2
"1548","2020-03-21",18,19,25,99,1502,0.551930758988016,0,0,123,167,24,119,NA,NA,20,NA
"1549","2020-03-22",21,19,24,108,1502,0.551930758988016,0,0,123,167,22,141,NA,NA,14,NA
"1550","2020-03-23",26,19,24,115,1502,0.551930758988016,0,0,123,167,28,169,4,37,20,4
"1551","2020-03-24",27,19,24,121,1502,0.551930758988016,0,0,123,167,32,201,2,39,25,2
"1552","2020-03-25",25,19,19,137,1502,0.551930758988016,0,0,123,167,27,228,1,40,21,1
"1553","2020-03-26",24,19,21,136,1502,0.551930758988016,0,0,123,167,30,258,11,51,22,11
"1554","2020-03-27",29,19,21,141,1502,0.551930758988016,0,0,123,167,37,295,10,61,31,10
"1555","2020-03-28",30,19,19,156,1502,0.551930758988016,0,0,123,167,34,329,8,69,27,8
"1556","2020-03-29",30,19,21,168,1502,0.551930758988016,0,0,123,167,40,369,6,75,35,6
"1557","2020-03-30",31,19,17,180,1502,0.551930758988016,0,0,123,167,55,424,16,91,46,16
"1558","2020-03-31",35,19,26,190,1502,0.551930758988016,0,0,123,167,48,472,11,102,40,11
"1559","2020-04-01",34,19,40,190,1502,0.551930758988016,0,0,123,167,58,530,11,113,53,11
"1560","2020-04-02",42,19,38,197,1502,0.551930758988016,0,0,123,167,51,581,18,131,43,18
"1561","2020-04-03",46,19,42,207,1502,0.551930758988016,0,0,123,167,52,633,9,140,40,9
"1562","2020-04-04",58,19,46,224,1502,0.551930758988016,0,0,123,167,57,690,6,146,48,6
"1563","2020-04-05",65,19,46,231,1502,0.551930758988016,0,0,123,167,52,742,9,155,45,9
"1564","2020-04-06",62,19,46,237,1502,0.551930758988016,0,0,123,167,49,791,8,163,47,8
"1565","2020-04-07",63,19,35,232,1502,0.551930758988016,0,0,123,167,59,850,9,172,49,9
"1566","2020-04-08",68,19,37,227,1502,0.551930758988016,0,0,123,167,43,893,4,176,38,4
"1567","2020-04-09",67,19,29,229,1502,0.551930758988016,0,0,123,167,72,965,3,179,61,3
"1568","2020-04-10",69,19,31,245,1502,0.551930758988016,0,0,123,167,76,1041,4,183,69,4
"1569","2020-04-11",64,19,30,252,1502,0.551930758988016,0,0,123,167,72,1113,2,185,63,2
"1570","2020-04-12",65,19,29,247,1502,0.551930758988016,0,0,123,167,70,1183,10,195,62,10
"1571","2020-04-13",73,19,35,234,1502,0.551930758988016,0,0,123,167,75,1258,8,203,66,8
"1572","2020-04-14",79,19,35,225,1502,0.551930758988016,0,0,123,167,63,1321,10,213,56,10
"1573","2020-04-15",83,19,30,228,1502,0.551930758988016,0,0,123,167,43,1364,7,220,37,7
"1574","2020-04-16",81,19,29,218,1502,0.551930758988016,0,0,123,167,49,1413,15,235,40,15
"1575","2020-04-17",80,19,29,215,1502,0.551930758988016,0,0,123,167,57,1470,11,246,47,11
"1576","2020-04-18",74,19,29,216,1502,0.551930758988016,0,0,123,167,60,1530,11,257,51,11
"1577","2020-04-19",75,19,39,213,1502,0.551930758988016,0,0,123,167,57,1587,3,260,46,3
"1578","2020-04-20",74,19,51,204,1502,0.551930758988016,0,0,123,167,66,1653,10,270,60,10
"1579","2020-04-21",67,19,60,213,1502,0.551930758988016,0,0,123,167,50,1703,8,278,41,8
"1580","2020-04-22",63,19,64,214,1502,0.551930758988016,0,0,123,167,62,1765,5,283,52,5
"1581","2020-04-23",65,19,73,211,1502,0.551930758988016,0,0,123,167,52,1817,5,288,43,5
"1582","2020-04-24",62,19,76,212,1502,0.551930758988016,0,0,123,167,58,1875,5,293,44,5
"1583","2020-04-25",64,19,77,214,1502,0.551930758988016,0,0,123,167,41,1916,15,308,35,15
"1584","2020-04-26",59,19,76,218,1502,0.551930758988016,0,0,123,167,53,1969,9,317,43,9
"1585","2020-04-27",55,19,71,230,1502,0.551930758988016,0,0,123,167,48,2017,2,319,38,2
"1586","2020-04-28",56,19,70,244,1502,0.551930758988016,0,0,123,167,60,2077,4,323,50,4
"1587","2020-04-29",64,19,71,239,1502,0.551930758988016,0,0,123,167,49,2126,16,339,43,16
"1588","2020-04-30",59,19,72,239,1502,0.551930758988016,0,0,123,167,48,2174,21,360,38,21
"1589","2020-05-01",66,19,67,233,1502,0.551930758988016,0,0,123,167,43,2217,24,384,35,24
"1590","2020-05-02",73,19,58,238,1502,0.551930758988016,0,0,123,167,47,2264,17,401,40,17
"1591","2020-05-03",78,19,50,238,1502,0.551930758988016,0,0,123,167,50,2314,8,409,39,8
"1592","2020-05-04",80,19,57,219,1502,0.551930758988016,0,0,123,167,42,2356,10,419,28,10
"1593","2020-05-05",77,19,55,210,1502,0.551930758988016,0,0,123,167,30,2386,10,429,22,10
"1594","2020-05-06",72,19,55,211,1502,0.551930758988016,0,0,123,167,55,2441,4,433,46,4
"1595","2020-05-07",75,19,54,211,1502,0.551930758988016,0,0,123,167,34,2475,4,437,27,4
"1596","2020-05-08",67,19,44,211,1502,0.551930758988016,0,0,123,167,38,2513,5,442,29,5
"1597","2020-05-09",62,19,41,203,1502,0.551930758988016,0,0,123,167,47,2560,10,452,39,10
"1598","2020-05-10",53,19,48,192,1502,0.551930758988016,0,0,123,167,37,2597,7,459,28,7
"1599","2020-05-11",53,19,50,182,1502,0.551930758988016,0,0,123,167,32,2629,3,462,24,3
"1600","2020-05-12",54,19,42,182,1502,0.551930758988016,0,0,123,167,37,2666,10,472,26,10
"1601","2020-05-13",53,19,48,177,1502,0.551930758988016,0,0,123,167,34,2700,19,491,30,19
"1602","2020-05-14",53,19,41,171,1502,0.551930758988016,0,0,123,167,25,2725,9,500,21,9
"1603","2020-05-15",53,19,37,176,1502,0.551930758988016,0,0,123,167,33,2758,2,502,24,2
"1604","2020-05-16",53,19,35,167,1502,0.551930758988016,0,0,123,167,36,2794,17,519,28,17
"1605","2020-05-17",53,19,38,177,1502,0.551930758988016,0,0,123,167,24,2818,15,534,18,15
"1606","2020-05-18",50,19,38,172,1502,0.551930758988016,0,0,123,167,18,2836,4,538,16,4
"1607","2020-05-19",50,19,43,167,1502,0.551930758988016,0,0,123,167,33,2869,10,548,27,10
"1608","2020-05-20",44,19,51,161,1502,0.551930758988016,0,0,123,167,21,2890,19,567,18,19
"1609","2020-05-21",44,19,48,162,1502,0.551930758988016,0,0,123,167,28,2918,9,576,24,9
"1610","2020-05-22",46,19,61,168,1502,0.551930758988016,0,0,123,167,24,2942,8,584,21,8
"1611","2020-05-23",42,19,57,161,1502,0.551930758988016,0,0,123,167,29,2971,2,586,24,2
"1612","2020-05-24",46,19,61,146,1502,0.551930758988016,0,0,123,167,12,2983,7,593,9,7
"1613","2020-05-25",47,19,53,152,1502,0.551930758988016,0,0,123,167,13,2996,13,606,11,13
"1614","2020-05-26",47,19,54,152,1502,0.551930758988016,0,0,123,167,15,3011,19,625,8,19
"1615","2020-05-27",51,19,54,155,1502,0.551930758988016,0,0,123,167,22,3033,9,634,16,9
"1616","2020-05-28",46,19,52,145,1502,0.551930758988016,0,0,123,167,18,3051,11,645,13,11
"1617","2020-05-29",39,19,44,151,1502,0.551930758988016,0,0,123,167,10,3061,10,655,8,10
"1618","2020-05-30",40,19,43,147,1502,0.551930758988016,0,0,123,167,20,3081,8,663,17,8
"1619","2020-05-31",36,19,43,146,1502,0.551930758988016,0,0,123,167,15,3096,9,672,9,9
"1620","2020-06-01",37,19,36,144,1502,0.551930758988016,0,0,123,167,14,3110,6,678,11,6
"1621","2020-06-02",36,19,36,138,1502,0.551930758988016,0,0,123,167,12,3122,14,692,11,14
"1622","2020-06-03",36,19,40,142,1502,0.551930758988016,0,0,123,167,10,3132,4,696,8,4
"1623","2020-06-04",41,19,42,147,1502,0.551930758988016,0,0,123,167,8,3140,7,703,3,7
"1624","2020-06-05",43,19,37,150,1502,0.551930758988016,0,0,123,167,7,3147,4,707,6,4
"1625","2020-06-06",41,19,40,148,1502,0.551930758988016,0,0,123,167,18,3165,4,711,16,4
"1626","2020-06-07",45,19,46,150,1502,0.551930758988016,0,0,123,167,9,3174,8,719,3,8
"1627","2020-03-21",2,20,45,51,3870,0.967700258397933,0,0,316,252,15,84,12,55,11,12
"1628","2020-03-22",5,20,36,60,3870,0.967700258397933,0,0,316,252,15,99,11,66,10,11
"1629","2020-03-23",6,20,41,71,3870,0.967700258397933,0,0,316,252,18,117,2,68,16,2
"1630","2020-03-24",9,20,53,86,3870,0.967700258397933,0,0,316,252,16,133,5,73,14,5
"1631","2020-03-25",12,20,50,96,3870,0.967700258397933,0,0,316,252,14,147,6,79,12,6
"1632","2020-03-26",17,20,49,103,3870,0.967700258397933,0,0,316,252,19,166,10,89,16,10
"1633","2020-03-27",21,20,41,124,3870,0.967700258397933,0,0,316,252,18,184,8,97,15,8
"1634","2020-03-28",23,20,36,142,3870,0.967700258397933,0,0,316,252,20,204,9,106,14,9
"1635","2020-03-29",27,20,32,174,3870,0.967700258397933,0,0,316,252,21,225,12,118,19,12
"1636","2020-03-30",32,20,42,199,3870,0.967700258397933,0,0,316,252,33,258,12,130,29,12
"1637","2020-03-31",38,20,43,226,3870,0.967700258397933,0,0,316,252,26,284,3,133,24,3
"1638","2020-04-01",45,20,42,235,3870,0.967700258397933,0,0,316,252,21,305,11,144,18,11
"1639","2020-04-02",51,20,29,255,3870,0.967700258397933,0,0,316,252,22,327,14,158,20,14
"1640","2020-04-03",52,20,33,282,3870,0.967700258397933,0,0,316,252,28,355,12,170,24,12
"1641","2020-04-04",60,20,43,316,3870,0.967700258397933,0,0,316,252,28,383,15,185,24,15
"1642","2020-04-05",69,20,57,332,3870,0.967700258397933,0,0,316,252,28,411,16,201,24,16
"1643","2020-04-06",74,20,65,351,3870,0.967700258397933,0,0,316,252,32,443,11,212,28,11
"1644","2020-04-07",79,20,75,370,3870,0.967700258397933,0,0,316,252,40,483,17,229,33,17
"1645","2020-04-08",80,20,73,409,3870,0.967700258397933,0,0,316,252,34,517,16,245,32,16
"1646","2020-04-09",81,20,65,417,3870,0.967700258397933,0,0,316,252,39,556,14,259,36,14
"1647","2020-04-10",93,20,74,434,3870,0.967700258397933,0,0,316,252,32,588,16,275,31,16
"1648","2020-04-11",92,20,76,453,3870,0.967700258397933,0,0,316,252,35,623,21,296,31,21
"1649","2020-04-12",88,20,72,489,3870,0.967700258397933,0,0,316,252,39,662,21,317,36,21
"1650","2020-04-13",95,20,61,513,3870,0.967700258397933,0,0,316,252,49,711,13,330,44,13
"1651","2020-04-14",96,20,60,536,3870,0.967700258397933,0,0,316,252,33,744,15,345,30,15
"1652","2020-04-15",119,20,70,559,3870,0.967700258397933,0,0,316,252,40,784,14,359,36,14
"1653","2020-04-16",129,20,71,582,3870,0.967700258397933,0,0,316,252,42,826,15,374,38,15
"1654","2020-04-17",128,20,75,623,3870,0.967700258397933,0,0,316,252,31,857,22,396,26,22
"1655","2020-04-18",138,20,103,625,3870,0.967700258397933,0,0,316,252,37,894,16,412,26,16
"1656","2020-04-19",147,20,104,655,3870,0.967700258397933,0,0,316,252,35,929,24,436,33,24
"1657","2020-04-20",156,20,102,673,3870,0.967700258397933,0,0,316,252,41,970,15,451,38,15
"1658","2020-04-21",181,20,99,696,3870,0.967700258397933,0,0,316,252,36,1006,23,474,32,23
"1659","2020-04-22",177,20,96,720,3870,0.967700258397933,0,0,316,252,41,1047,17,491,33,17
"1660","2020-04-23",187,20,92,750,3870,0.967700258397933,0,0,316,252,28,1075,19,510,24,19
"1661","2020-04-24",208,20,98,743,3870,0.967700258397933,0,0,316,252,30,1105,10,520,28,10
"1662","2020-04-25",216,20,99,751,3870,0.967700258397933,0,0,316,252,40,1145,11,531,33,11
"1663","2020-04-26",226,20,93,772,3870,0.967700258397933,0,0,316,252,57,1202,13,544,55,13
"1664","2020-04-27",229,20,85,766,3870,0.967700258397933,0,0,316,252,34,1236,13,557,28,13
"1665","2020-04-28",218,20,70,772,3870,0.967700258397933,0,0,316,252,48,1284,13,570,43,13
"1666","2020-04-29",219,20,63,780,3870,0.967700258397933,0,0,316,252,49,1333,13,583,47,13
"1667","2020-04-30",224,20,62,797,3870,0.967700258397933,0,0,316,252,33,1366,23,606,26,23
"1668","2020-05-01",220,20,79,795,3870,0.967700258397933,0,0,316,252,38,1404,9,615,36,9
"1669","2020-05-02",226,20,79,791,3870,0.967700258397933,0,0,316,252,33,1437,19,634,28,19
"1670","2020-05-03",226,20,76,800,3870,0.967700258397933,0,0,316,252,48,1485,15,649,41,15
"1671","2020-05-04",227,20,71,803,3870,0.967700258397933,0,0,316,252,40,1525,31,680,34,31
"1672","2020-05-05",233,20,63,766,3870,0.967700258397933,0,0,316,252,31,1556,15,695,26,15
"1673","2020-05-06",233,20,55,764,3870,0.967700258397933,0,0,316,252,29,1585,17,712,25,17
"1674","2020-05-07",222,20,60,749,3870,0.967700258397933,0,0,316,252,17,1602,25,737,14,25
"1675","2020-05-08",219,20,45,741,3870,0.967700258397933,0,0,316,252,27,1629,16,753,22,16
"1676","2020-05-09",217,20,45,724,3870,0.967700258397933,0,0,316,252,27,1656,18,771,24,18
"1677","2020-05-10",205,20,42,719,3870,0.967700258397933,0,0,316,252,25,1681,31,802,23,31
"1678","2020-05-11",201,20,47,733,3870,0.967700258397933,0,0,316,252,27,1708,19,821,23,19
"1679","2020-05-12",196,20,45,738,3870,0.967700258397933,0,0,316,252,16,1724,31,852,15,31
"1680","2020-05-13",195,20,30,725,3870,0.967700258397933,0,0,316,252,25,1749,19,871,19,19
"1681","2020-05-14",207,20,42,692,3870,0.967700258397933,0,0,316,252,13,1762,20,891,13,20
"1682","2020-05-15",205,20,53,669,3870,0.967700258397933,0,0,316,252,17,1779,28,919,15,28
"1683","2020-05-16",197,20,67,655,3870,0.967700258397933,0,0,316,252,21,1800,32,951,17,32
"1684","2020-05-17",201,20,60,649,3870,0.967700258397933,0,0,316,252,15,1815,29,980,13,29
"1685","2020-05-18",199,20,59,636,3870,0.967700258397933,0,0,316,252,19,1834,22,1002,16,22
"1686","2020-05-19",202,20,62,623,3870,0.967700258397933,0,0,316,252,14,1848,20,1022,11,20
"1687","2020-05-20",198,20,63,605,3870,0.967700258397933,0,0,316,252,10,1858,26,1048,7,26
"1688","2020-05-21",184,20,58,577,3870,0.967700258397933,0,0,316,252,14,1872,21,1069,11,21
"1689","2020-05-22",188,20,47,550,3870,0.967700258397933,0,0,316,252,13,1885,27,1096,8,27
"1690","2020-05-23",184,20,51,540,3870,0.967700258397933,0,0,316,252,6,1891,19,1115,5,19
"1691","2020-05-24",181,20,60,509,3870,0.967700258397933,0,0,316,252,8,1899,19,1134,3,19
"1692","2020-05-25",181,20,54,486,3870,0.967700258397933,0,0,316,252,10,1909,18,1152,7,18
"1693","2020-05-26",169,20,51,471,3870,0.967700258397933,0,0,316,252,11,1920,36,1188,10,36
"1694","2020-05-27",163,20,46,449,3870,0.967700258397933,0,0,316,252,10,1930,22,1210,9,22
"1695","2020-05-28",162,20,46,434,3870,0.967700258397933,0,0,316,252,5,1935,23,1233,3,23
"1696","2020-05-29",144,20,52,420,3870,0.967700258397933,0,0,316,252,15,1950,16,1249,7,16
"1697","2020-05-30",140,20,55,408,3870,0.967700258397933,0,0,316,252,8,1958,20,1269,6,20
"1698","2020-05-31",135,20,54,393,3870,0.967700258397933,0,0,316,252,2,1960,16,1285,2,16
"1699","2020-06-01",126,20,47,381,3870,0.967700258397933,0,0,316,252,7,1967,15,1300,2,15
"1700","2020-06-02",129,20,53,353,3870,0.967700258397933,0,0,316,252,6,1973,13,1313,5,13
"1701","2020-06-03",125,20,52,341,3870,0.967700258397933,0,0,316,252,5,1978,14,1327,4,14
"1702","2020-06-04",114,20,47,322,3870,0.967700258397933,0,0,316,252,3,1981,12,1339,2,12
"1703","2020-06-05",111,20,51,309,3870,0.967700258397933,0,0,316,252,6,1987,15,1354,3,15
"1704","2020-06-06",107,20,48,295,3870,0.967700258397933,0,0,316,252,9,1996,13,1367,8,13
"1705","2020-06-07",100,20,46,286,3870,0.967700258397933,0,0,316,252,9,2005,14,1381,9,14
