"","Date","Absents","Paramset","Infections_or_Exposed_per_day_Patient","Infections_or_Exposed_per_day_HCW","total_infections","nosocomial_proportion","PCR_pooled","LFD_pooled","HCW_symp_test","patient_symp_test","new_hcw_infs","cumulative_hcw_infs","new_pat_infs","cumulative_pats_infs","new_nosocomial_hcw_infs","new_nosocomial_pat_infs"
"1","2020-03-13",2,1,13,38,2367,0.510773130544994,8175,20737,118,199,15,38,3,11,2,3
"2","2020-03-14",7,1,21,51,2367,0.510773130544994,8175,20737,118,199,13,51,6,17,1,6
"3","2020-03-15",10,1,22,67,2367,0.510773130544994,8175,20737,118,199,17,68,7,24,8,7
"4","2020-03-16",13,1,32,87,2367,0.510773130544994,8175,20737,118,199,21,89,12,36,10,12
"5","2020-03-17",16,1,37,112,2367,0.510773130544994,8175,20737,118,199,25,114,8,44,7,8
"6","2020-03-18",20,1,35,125,2367,0.510773130544994,8175,20737,118,199,15,129,9,53,7,9
"7","2020-03-19",22,1,37,141,2367,0.510773130544994,8175,20737,118,199,18,147,6,59,8,6
"8","2020-03-20",32,1,46,165,2367,0.510773130544994,8175,20737,118,199,26,173,13,72,13,13
"9","2020-03-21",37,1,44,170,2367,0.510773130544994,8175,20737,118,199,13,186,8,80,6,8
"10","2020-03-22",49,1,40,191,2367,0.510773130544994,8175,20737,118,199,26,212,7,87,10,7
"11","2020-03-23",52,1,44,210,2367,0.510773130544994,8175,20737,118,199,24,236,11,98,9,11
"12","2020-03-24",54,1,46,220,2367,0.510773130544994,8175,20737,118,199,24,260,7,105,11,7
"13","2020-03-25",53,1,49,225,2367,0.510773130544994,8175,20737,118,199,25,285,17,122,15,17
"14","2020-03-26",56,1,51,228,2367,0.510773130544994,8175,20737,118,199,23,308,9,131,12,9
"15","2020-03-27",58,1,47,228,2367,0.510773130544994,8175,20737,118,199,21,329,10,141,15,10
"16","2020-03-28",57,1,37,234,2367,0.510773130544994,8175,20737,118,199,27,356,7,148,15,7
"17","2020-03-29",64,1,38,248,2367,0.510773130544994,8175,20737,118,199,30,386,5,153,16,5
"18","2020-03-30",67,1,38,253,2367,0.510773130544994,8175,20737,118,199,23,409,8,161,13,8
"19","2020-03-31",69,1,40,256,2367,0.510773130544994,8175,20737,118,199,25,434,6,167,17,6
"20","2020-04-01",73,1,43,273,2367,0.510773130544994,8175,20737,118,199,29,463,9,176,15,9
"21","2020-04-02",79,1,46,288,2367,0.510773130544994,8175,20737,118,199,36,499,12,188,19,12
"22","2020-04-03",94,1,56,290,2367,0.510773130544994,8175,20737,118,199,29,528,14,202,16,14
"23","2020-04-04",95,1,58,295,2367,0.510773130544994,8175,20737,118,199,30,558,12,214,17,12
"24","2020-04-05",90,1,53,306,2367,0.510773130544994,8175,20737,118,199,35,593,9,223,20,9
"25","2020-04-06",94,1,50,311,2367,0.510773130544994,8175,20737,118,199,27,620,3,226,19,3
"26","2020-04-07",95,1,52,321,2367,0.510773130544994,8175,20737,118,199,42,662,9,235,20,9
"27","2020-04-08",99,1,47,343,2367,0.510773130544994,8175,20737,118,199,47,709,4,239,32,4
"28","2020-04-09",105,1,47,360,2367,0.510773130544994,8175,20737,118,199,34,743,11,250,18,11
"29","2020-04-10",104,1,43,375,2367,0.510773130544994,8175,20737,118,199,38,781,6,256,20,6
"30","2020-04-11",134,1,48,374,2367,0.510773130544994,8175,20737,118,199,28,809,10,266,13,10
"31","2020-04-12",129,1,54,370,2367,0.510773130544994,8175,20737,118,199,28,837,13,279,16,13
"32","2020-04-13",126,1,57,382,2367,0.510773130544994,8175,20737,118,199,38,875,14,293,29,14
"33","2020-04-14",123,1,46,410,2367,0.510773130544994,8175,20737,118,199,54,929,5,298,25,5
"34","2020-04-15",126,1,46,402,2367,0.510773130544994,8175,20737,118,199,29,958,9,307,14,9
"35","2020-04-16",123,1,50,401,2367,0.510773130544994,8175,20737,118,199,38,996,12,319,25,12
"36","2020-04-17",136,1,49,415,2367,0.510773130544994,8175,20737,118,199,46,1042,10,329,28,10
"37","2020-04-18",115,1,49,403,2367,0.510773130544994,8175,20737,118,199,31,1073,12,341,22,12
"38","2020-04-19",130,1,48,405,2367,0.510773130544994,8175,20737,118,199,38,1111,7,348,19,7
"39","2020-04-20",133,1,48,409,2367,0.510773130544994,8175,20737,118,199,34,1145,8,356,20,8
"40","2020-04-21",128,1,40,405,2367,0.510773130544994,8175,20737,118,199,32,1177,5,361,16,5
"41","2020-04-22",131,1,48,392,2367,0.510773130544994,8175,20737,118,199,25,1202,8,369,17,8
"42","2020-04-23",133,1,47,381,2367,0.510773130544994,8175,20737,118,199,28,1230,6,375,18,6
"43","2020-04-24",148,1,45,371,2367,0.510773130544994,8175,20737,118,199,27,1257,5,380,14,5
"44","2020-04-25",156,1,43,372,2367,0.510773130544994,8175,20737,118,199,36,1293,6,386,18,6
"45","2020-04-26",130,1,48,373,2367,0.510773130544994,8175,20737,118,199,39,1332,6,392,25,6
"46","2020-04-27",120,1,47,357,2367,0.510773130544994,8175,20737,118,199,25,1357,5,397,12,5
"47","2020-04-28",117,1,47,347,2367,0.510773130544994,8175,20737,118,199,35,1392,10,407,19,10
"48","2020-04-29",112,1,52,344,2367,0.510773130544994,8175,20737,118,199,30,1422,12,419,16,12
"49","2020-04-30",102,1,49,339,2367,0.510773130544994,8175,20737,118,199,32,1454,5,424,17,5
"50","2020-05-01",101,1,42,341,2367,0.510773130544994,8175,20737,118,199,29,1483,6,430,11,6
"51","2020-05-02",104,1,37,349,2367,0.510773130544994,8175,20737,118,199,38,1521,2,432,14,2
"52","2020-05-03",102,1,47,345,2367,0.510773130544994,8175,20737,118,199,33,1554,14,446,16,14
"53","2020-05-04",96,1,51,343,2367,0.510773130544994,8175,20737,118,199,32,1586,13,459,18,13
"54","2020-05-05",101,1,56,334,2367,0.510773130544994,8175,20737,118,199,25,1611,11,470,13,11
"55","2020-05-06",102,1,50,354,2367,0.510773130544994,8175,20737,118,199,44,1655,10,480,26,10
"56","2020-05-07",111,1,53,352,2367,0.510773130544994,8175,20737,118,199,31,1686,14,494,17,14
"57","2020-05-08",109,1,54,349,2367,0.510773130544994,8175,20737,118,199,27,1713,16,510,17,16
"58","2020-05-09",100,1,57,339,2367,0.510773130544994,8175,20737,118,199,29,1742,10,520,11,10
"59","2020-05-10",98,1,63,334,2367,0.510773130544994,8175,20737,118,199,30,1772,11,531,17,11
"60","2020-05-11",101,1,56,330,2367,0.510773130544994,8175,20737,118,199,26,1798,7,538,11,7
"61","2020-05-12",94,1,50,327,2367,0.510773130544994,8175,20737,118,199,26,1824,4,542,9,4
"62","2020-05-13",96,1,49,330,2367,0.510773130544994,8175,20737,118,199,30,1854,7,549,22,7
"63","2020-05-14",93,1,40,326,2367,0.510773130544994,8175,20737,118,199,27,1881,1,550,20,1
"64","2020-05-15",103,1,37,314,2367,0.510773130544994,8175,20737,118,199,28,1909,4,554,12,4
"65","2020-05-16",111,1,33,305,2367,0.510773130544994,8175,20737,118,199,18,1927,6,560,10,6
"66","2020-05-17",106,1,38,296,2367,0.510773130544994,8175,20737,118,199,24,1951,9,569,11,9
"67","2020-05-18",102,1,38,295,2367,0.510773130544994,8175,20737,118,199,21,1972,9,578,12,9
"68","2020-05-19",100,1,36,293,2367,0.510773130544994,8175,20737,118,199,24,1996,7,585,11,7
"69","2020-05-20",94,1,39,287,2367,0.510773130544994,8175,20737,118,199,21,2017,9,594,11,9
"70","2020-05-21",97,1,40,273,2367,0.510773130544994,8175,20737,118,199,18,2035,6,600,10,6
"71","2020-05-22",97,1,40,253,2367,0.510773130544994,8175,20737,118,199,14,2049,8,608,6,8
"72","2020-05-23",100,1,41,250,2367,0.510773130544994,8175,20737,118,199,18,2067,7,615,8,7
"73","2020-05-24",91,1,44,224,2367,0.510773130544994,8175,20737,118,199,9,2076,5,620,3,5
"74","2020-05-25",89,1,37,212,2367,0.510773130544994,8175,20737,118,199,14,2090,7,627,8,7
"75","2020-05-26",81,1,47,203,2367,0.510773130544994,8175,20737,118,199,12,2102,11,638,5,11
"76","2020-05-27",84,1,47,204,2367,0.510773130544994,8175,20737,118,199,23,2125,7,645,13,7
"77","2020-05-28",74,1,42,197,2367,0.510773130544994,8175,20737,118,199,15,2140,7,652,5,7
"78","2020-05-29",66,1,37,199,2367,0.510773130544994,8175,20737,118,199,16,2156,5,657,10,5
"79","2020-05-30",61,1,36,194,2367,0.510773130544994,8175,20737,118,199,22,2178,7,664,13,7
"80","2020-05-31",69,1,35,196,2367,0.510773130544994,8175,20737,118,199,20,2198,7,671,9,7
"81","2020-06-01",62,1,40,196,2367,0.510773130544994,8175,20737,118,199,15,2213,5,676,10,5
"82","2020-06-02",58,1,40,187,2367,0.510773130544994,8175,20737,118,199,10,2223,7,683,8,7
"83","2020-06-03",51,1,47,196,2367,0.510773130544994,8175,20737,118,199,25,2248,8,691,9,8
"84","2020-06-04",53,1,44,192,2367,0.510773130544994,8175,20737,118,199,15,2263,7,698,8,7
"85","2020-06-05",59,1,44,183,2367,0.510773130544994,8175,20737,118,199,12,2275,8,706,6,8
"86","2020-06-06",62,1,46,166,2367,0.510773130544994,8175,20737,118,199,8,2283,10,716,4,10
"87","2020-06-07",57,1,42,167,2367,0.510773130544994,8175,20737,118,199,13,2296,4,720,8,4
"88","2020-03-14",1,2,7,22,3780,0.858465608465608,8415,27415,210,192,14,40,1,14,2,1
"89","2020-03-15",4,2,6,26,3780,0.858465608465608,8415,27415,210,192,14,54,6,20,3,6
"90","2020-03-16",5,2,4,35,3780,0.858465608465608,8415,27415,210,192,11,65,5,25,4,5
"91","2020-03-17",7,2,9,46,3780,0.858465608465608,8415,27415,210,192,18,83,4,29,6,4
"92","2020-03-18",9,2,12,53,3780,0.858465608465608,8415,27415,210,192,8,91,4,33,5,4
"93","2020-03-19",13,2,17,65,3780,0.858465608465608,8415,27415,210,192,22,113,13,46,12,13
"94","2020-03-20",13,2,20,83,3780,0.858465608465608,8415,27415,210,192,19,132,8,54,9,8
"95","2020-03-21",16,2,19,103,3780,0.858465608465608,8415,27415,210,192,17,149,5,59,8,5
"96","2020-03-22",17,2,18,118,3780,0.858465608465608,8415,27415,210,192,20,169,NA,NA,10,NA
"97","2020-03-23",17,2,15,137,3780,0.858465608465608,8415,27415,210,192,20,189,4,63,9,4
"98","2020-03-24",20,2,17,162,3780,0.858465608465608,8415,27415,210,192,18,207,9,72,11,9
"99","2020-03-25",23,2,17,182,3780,0.858465608465608,8415,27415,210,192,30,237,3,75,25,3
"100","2020-03-26",30,2,14,201,3780,0.858465608465608,8415,27415,210,192,21,258,9,84,13,9
"101","2020-03-27",36,2,20,227,3780,0.858465608465608,8415,27415,210,192,32,290,8,92,22,8
"102","2020-03-28",41,2,23,248,3780,0.858465608465608,8415,27415,210,192,25,315,6,98,15,6
"103","2020-03-29",59,2,26,285,3780,0.858465608465608,8415,27415,210,192,20,335,4,102,13,4
"104","2020-03-30",69,2,27,301,3780,0.858465608465608,8415,27415,210,192,35,370,13,115,20,13
"105","2020-03-31",63,2,28,322,3780,0.858465608465608,8415,27415,210,192,26,396,10,125,15,10
"106","2020-04-01",70,2,26,363,3780,0.858465608465608,8415,27415,210,192,21,417,17,142,12,17
"107","2020-04-02",70,2,24,379,3780,0.858465608465608,8415,27415,210,192,29,446,20,162,19,20
"108","2020-04-03",91,2,25,394,3780,0.858465608465608,8415,27415,210,192,23,469,16,178,14,16
"109","2020-04-04",121,2,27,410,3780,0.858465608465608,8415,27415,210,192,19,488,15,193,10,15
"110","2020-04-05",119,2,26,428,3780,0.858465608465608,8415,27415,210,192,26,514,24,217,16,24
"111","2020-04-06",117,2,23,439,3780,0.858465608465608,8415,27415,210,192,28,542,14,231,18,14
"112","2020-04-07",130,2,20,469,3780,0.858465608465608,8415,27415,210,192,37,579,9,240,21,9
"113","2020-04-08",141,2,26,493,3780,0.858465608465608,8415,27415,210,192,38,617,12,252,24,12
"114","2020-04-09",149,2,29,532,3780,0.858465608465608,8415,27415,210,192,26,643,11,263,19,11
"115","2020-04-10",182,2,44,559,3780,0.858465608465608,8415,27415,210,192,30,673,8,271,17,8
"116","2020-04-11",178,2,41,582,3780,0.858465608465608,8415,27415,210,192,33,706,7,278,22,7
"117","2020-04-12",187,2,45,599,3780,0.858465608465608,8415,27415,210,192,40,746,16,294,34,16
"118","2020-04-13",185,2,56,604,3780,0.858465608465608,8415,27415,210,192,31,777,10,304,23,10
"119","2020-04-14",179,2,58,612,3780,0.858465608465608,8415,27415,210,192,41,818,10,314,27,10
"120","2020-04-15",186,2,54,611,3780,0.858465608465608,8415,27415,210,192,37,855,12,326,27,12
"121","2020-04-16",197,2,55,658,3780,0.858465608465608,8415,27415,210,192,34,889,14,340,17,14
"122","2020-04-17",222,2,50,683,3780,0.858465608465608,8415,27415,210,192,35,924,7,347,26,7
"123","2020-04-18",234,2,45,684,3780,0.858465608465608,8415,27415,210,192,41,965,9,356,23,9
"124","2020-04-19",214,2,54,694,3780,0.858465608465608,8415,27415,210,192,40,1005,13,369,31,13
"125","2020-04-20",224,2,55,726,3780,0.858465608465608,8415,27415,210,192,36,1041,13,382,31,13
"126","2020-04-21",222,2,62,745,3780,0.858465608465608,8415,27415,210,192,52,1093,21,403,37,21
"127","2020-04-22",212,2,65,769,3780,0.858465608465608,8415,27415,210,192,58,1151,17,420,41,17
"128","2020-04-23",208,2,62,773,3780,0.858465608465608,8415,27415,210,192,45,1196,26,446,29,26
"129","2020-04-24",239,2,71,772,3780,0.858465608465608,8415,27415,210,192,41,1237,22,468,32,22
"130","2020-04-25",252,2,83,764,3780,0.858465608465608,8415,27415,210,192,55,1292,17,485,40,17
"131","2020-04-26",249,2,89,769,3780,0.858465608465608,8415,27415,210,192,50,1342,21,506,38,21
"132","2020-04-27",244,2,86,769,3780,0.858465608465608,8415,27415,210,192,48,1390,17,523,33,17
"133","2020-04-28",240,2,73,770,3780,0.858465608465608,8415,27415,210,192,30,1420,23,546,22,23
"134","2020-04-29",249,2,61,737,3780,0.858465608465608,8415,27415,210,192,43,1463,26,572,31,26
"135","2020-04-30",250,2,72,736,3780,0.858465608465608,8415,27415,210,192,49,1512,21,593,36,21
"136","2020-05-01",279,2,85,743,3780,0.858465608465608,8415,27415,210,192,42,1554,18,611,28,18
"137","2020-05-02",275,2,82,719,3780,0.858465608465608,8415,27415,210,192,28,1582,19,630,15,19
"138","2020-05-03",245,2,77,701,3780,0.858465608465608,8415,27415,210,192,42,1624,15,645,31,15
"139","2020-05-04",234,2,68,700,3780,0.858465608465608,8415,27415,210,192,41,1665,14,659,26,14
"140","2020-05-05",235,2,65,684,3780,0.858465608465608,8415,27415,210,192,29,1694,14,673,20,14
"141","2020-05-06",236,2,63,651,3780,0.858465608465608,8415,27415,210,192,46,1740,15,688,31,15
"142","2020-05-07",236,2,75,645,3780,0.858465608465608,8415,27415,210,192,49,1789,17,705,29,17
"143","2020-05-08",220,2,78,616,3780,0.858465608465608,8415,27415,210,192,35,1824,19,724,18,19
"144","2020-05-09",206,2,65,594,3780,0.858465608465608,8415,27415,210,192,38,1862,19,743,27,19
"145","2020-05-10",200,2,67,595,3780,0.858465608465608,8415,27415,210,192,33,1895,16,759,22,16
"146","2020-05-11",191,2,59,588,3780,0.858465608465608,8415,27415,210,192,36,1931,25,784,20,25
"147","2020-05-12",189,2,51,554,3780,0.858465608465608,8415,27415,210,192,37,1968,14,798,27,14
"148","2020-05-13",188,2,51,545,3780,0.858465608465608,8415,27415,210,192,46,2014,17,815,29,17
"149","2020-05-14",186,2,51,553,3780,0.858465608465608,8415,27415,210,192,35,2049,10,825,21,10
"150","2020-05-15",183,2,54,522,3780,0.858465608465608,8415,27415,210,192,32,2081,22,847,26,22
"151","2020-05-16",197,2,55,504,3780,0.858465608465608,8415,27415,210,192,36,2117,9,856,28,9
"152","2020-05-17",183,2,45,491,3780,0.858465608465608,8415,27415,210,192,26,2143,11,867,18,11
"153","2020-05-18",177,2,40,484,3780,0.858465608465608,8415,27415,210,192,26,2169,4,871,16,4
"154","2020-05-19",166,2,36,469,3780,0.858465608465608,8415,27415,210,192,34,2203,4,875,28,4
"155","2020-05-20",153,2,42,475,3780,0.858465608465608,8415,27415,210,192,27,2230,5,880,20,5
"156","2020-05-21",150,2,36,466,3780,0.858465608465608,8415,27415,210,192,22,2252,6,886,15,6
"157","2020-05-22",154,2,35,444,3780,0.858465608465608,8415,27415,210,192,30,2282,7,893,27,7
"158","2020-05-23",143,2,33,436,3780,0.858465608465608,8415,27415,210,192,28,2310,7,900,22,7
"159","2020-05-24",141,2,36,432,3780,0.858465608465608,8415,27415,210,192,32,2342,8,908,21,8
"160","2020-05-25",142,2,40,422,3780,0.858465608465608,8415,27415,210,192,27,2369,5,913,18,5
"161","2020-05-26",145,2,38,393,3780,0.858465608465608,8415,27415,210,192,27,2396,8,921,17,8
"162","2020-05-27",142,2,39,372,3780,0.858465608465608,8415,27415,210,192,21,2417,4,925,17,4
"163","2020-05-28",140,2,36,363,3780,0.858465608465608,8415,27415,210,192,21,2438,4,929,18,4
"164","2020-05-29",136,2,34,340,3780,0.858465608465608,8415,27415,210,192,20,2458,7,936,12,7
"165","2020-05-30",131,2,28,328,3780,0.858465608465608,8415,27415,210,192,24,2482,5,941,15,5
"166","2020-05-31",117,2,30,306,3780,0.858465608465608,8415,27415,210,192,20,2502,7,948,16,7
"167","2020-06-01",117,2,27,307,3780,0.858465608465608,8415,27415,210,192,22,2524,8,956,14,8
"168","2020-06-02",114,2,29,297,3780,0.858465608465608,8415,27415,210,192,18,2542,6,962,12,6
"169","2020-06-03",113,2,29,278,3780,0.858465608465608,8415,27415,210,192,24,2566,4,966,15,4
"170","2020-06-04",103,2,33,263,3780,0.858465608465608,8415,27415,210,192,21,2587,5,971,13,5
"171","2020-06-05",97,2,33,241,3780,0.858465608465608,8415,27415,210,192,14,2601,6,977,13,6
"172","2020-06-06",107,2,29,227,3780,0.858465608465608,8415,27415,210,192,16,2617,4,981,14,4
"173","2020-06-07",100,2,31,208,3780,0.858465608465608,8415,27415,210,192,13,2630,5,986,13,5
"174","2020-03-14",5,3,46,49,3572,0.739641657334826,8325,26449,179,591,6,14,7,17,5,7
"175","2020-03-15",7,3,47,63,3572,0.739641657334826,8325,26449,179,591,5,19,4,21,4,4
"176","2020-03-16",11,3,56,91,3572,0.739641657334826,8325,26449,179,591,7,26,7,28,7,7
"177","2020-03-17",13,3,59,106,3572,0.739641657334826,8325,26449,179,591,10,36,2,30,8,2
"178","2020-03-18",18,3,70,123,3572,0.739641657334826,8325,26449,179,591,5,41,4,34,4,4
"179","2020-03-19",21,3,72,135,3572,0.739641657334826,8325,26449,179,591,13,54,9,43,9,9
"180","2020-03-20",27,3,74,177,3572,0.739641657334826,8325,26449,179,591,12,66,2,45,8,2
"181","2020-03-21",41,3,81,193,3572,0.739641657334826,8325,26449,179,591,13,79,4,49,9,4
"182","2020-03-22",49,3,82,220,3572,0.739641657334826,8325,26449,179,591,11,90,9,58,7,9
"183","2020-03-23",46,3,85,253,3572,0.739641657334826,8325,26449,179,591,13,103,6,64,11,6
"184","2020-03-24",54,3,96,258,3572,0.739641657334826,8325,26449,179,591,20,123,7,71,18,7
"185","2020-03-25",54,3,89,278,3572,0.739641657334826,8325,26449,179,591,24,147,6,77,19,6
"186","2020-03-26",61,3,93,308,3572,0.739641657334826,8325,26449,179,591,12,159,7,84,8,7
"187","2020-03-27",69,3,85,332,3572,0.739641657334826,8325,26449,179,591,27,186,3,87,23,3
"188","2020-03-28",68,3,83,355,3572,0.739641657334826,8325,26449,179,591,36,222,3,90,34,3
"189","2020-03-29",90,3,79,379,3572,0.739641657334826,8325,26449,179,591,18,240,10,100,18,10
"190","2020-03-30",102,3,83,391,3572,0.739641657334826,8325,26449,179,591,47,287,8,108,46,8
"191","2020-03-31",97,3,79,433,3572,0.739641657334826,8325,26449,179,591,44,331,16,124,38,16
"192","2020-04-01",112,3,81,455,3572,0.739641657334826,8325,26449,179,591,46,377,12,136,42,12
"193","2020-04-02",114,3,84,489,3572,0.739641657334826,8325,26449,179,591,52,429,10,146,47,10
"194","2020-04-03",140,3,90,510,3572,0.739641657334826,8325,26449,179,591,46,475,8,154,43,8
"195","2020-04-04",152,3,99,533,3572,0.739641657334826,8325,26449,179,591,47,522,14,168,44,14
"196","2020-04-05",162,3,105,539,3572,0.739641657334826,8325,26449,179,591,93,615,12,180,88,12
"197","2020-04-06",167,3,106,566,3572,0.739641657334826,8325,26449,179,591,72,687,19,199,65,19
"198","2020-04-07",175,3,91,578,3572,0.739641657334826,8325,26449,179,591,82,769,18,217,78,18
"199","2020-04-08",180,3,104,580,3572,0.739641657334826,8325,26449,179,591,96,865,14,231,94,14
"200","2020-04-09",191,3,114,595,3572,0.739641657334826,8325,26449,179,591,99,964,19,250,95,19
"201","2020-04-10",214,3,118,592,3572,0.739641657334826,8325,26449,179,591,107,1071,10,260,102,10
"202","2020-04-11",229,3,125,615,3572,0.739641657334826,8325,26449,179,591,109,1180,12,272,106,12
"203","2020-04-12",199,3,123,608,3572,0.739641657334826,8325,26449,179,591,101,1281,15,287,100,15
"204","2020-04-13",201,3,135,614,3572,0.739641657334826,8325,26449,179,591,121,1402,22,309,115,22
"205","2020-04-14",197,3,137,607,3572,0.739641657334826,8325,26449,179,591,115,1517,21,330,112,21
"206","2020-04-15",192,3,129,603,3572,0.739641657334826,8325,26449,179,591,144,1661,15,345,136,15
"207","2020-04-16",198,3,145,599,3572,0.739641657334826,8325,26449,179,591,159,1820,19,364,155,19
"208","2020-04-17",202,3,136,610,3572,0.739641657334826,8325,26449,179,591,97,1917,15,379,95,15
"209","2020-04-18",208,3,138,614,3572,0.739641657334826,8325,26449,179,591,142,2059,28,407,135,28
"210","2020-04-19",215,3,150,625,3572,0.739641657334826,8325,26449,179,591,121,2180,23,430,117,23
"211","2020-04-20",193,3,149,634,3572,0.739641657334826,8325,26449,179,591,160,2340,18,448,160,18
"212","2020-04-21",194,3,158,656,3572,0.739641657334826,8325,26449,179,591,160,2500,18,466,156,18
"213","2020-04-22",197,3,160,638,3572,0.739641657334826,8325,26449,179,591,117,2617,20,486,115,20
"214","2020-04-23",187,3,173,645,3572,0.739641657334826,8325,26449,179,591,121,2738,18,504,121,18
"215","2020-04-24",209,3,184,643,3572,0.739641657334826,8325,26449,179,591,118,2856,15,519,116,15
"216","2020-04-25",210,3,177,638,3572,0.739641657334826,8325,26449,179,591,112,2968,8,527,110,8
"217","2020-04-26",204,3,198,634,3572,0.739641657334826,8325,26449,179,591,102,3070,9,536,101,9
"218","2020-04-27",211,3,201,634,3572,0.739641657334826,8325,26449,179,591,105,3175,12,548,102,12
"219","2020-04-28",202,3,212,639,3572,0.739641657334826,8325,26449,179,591,101,3276,15,563,98,15
"220","2020-04-29",201,3,210,612,3572,0.739641657334826,8325,26449,179,591,101,3377,17,580,99,17
"221","2020-04-30",201,3,212,609,3572,0.739641657334826,8325,26449,179,591,72,3449,5,585,71,5
"222","2020-05-01",195,3,217,595,3572,0.739641657334826,8325,26449,179,591,88,3537,13,598,86,13
"223","2020-05-02",199,3,212,563,3572,0.739641657334826,8325,26449,179,591,87,3624,14,612,85,14
"224","2020-05-03",199,3,210,552,3572,0.739641657334826,8325,26449,179,591,78,3702,15,627,74,15
"225","2020-05-04",192,3,222,536,3572,0.739641657334826,8325,26449,179,591,66,3768,20,647,64,20
"226","2020-05-05",190,3,215,531,3572,0.739641657334826,8325,26449,179,591,63,3831,28,675,60,28
"227","2020-05-06",185,3,214,533,3572,0.739641657334826,8325,26449,179,591,69,3900,18,693,67,18
"228","2020-05-07",182,3,208,532,3572,0.739641657334826,8325,26449,179,591,72,3972,29,722,70,29
"229","2020-05-08",187,3,217,544,3572,0.739641657334826,8325,26449,179,591,61,4033,14,736,58,14
"230","2020-05-09",190,3,201,538,3572,0.739641657334826,8325,26449,179,591,45,4078,15,751,43,15
"231","2020-05-10",170,3,190,532,3572,0.739641657334826,8325,26449,179,591,56,4134,17,768,54,17
"232","2020-05-11",162,3,182,506,3572,0.739641657334826,8325,26449,179,591,52,4186,15,783,50,15
"233","2020-05-12",163,3,187,498,3572,0.739641657334826,8325,26449,179,591,51,4237,13,796,50,13
"234","2020-05-13",164,3,199,493,3572,0.739641657334826,8325,26449,179,591,37,4274,12,808,37,12
"235","2020-05-14",160,3,204,484,3572,0.739641657334826,8325,26449,179,591,54,4328,10,818,50,10
"236","2020-05-15",165,3,215,467,3572,0.739641657334826,8325,26449,179,591,23,4351,9,827,23,9
"237","2020-05-16",153,3,218,456,3572,0.739641657334826,8325,26449,179,591,38,4389,5,832,36,5
"238","2020-05-17",144,3,219,462,3572,0.739641657334826,8325,26449,179,591,33,4422,19,851,33,19
"239","2020-05-18",145,3,225,448,3572,0.739641657334826,8325,26449,179,591,29,4451,15,866,28,15
"240","2020-05-19",141,3,236,428,3572,0.739641657334826,8325,26449,179,591,26,4477,5,871,25,5
"241","2020-05-20",138,3,214,410,3572,0.739641657334826,8325,26449,179,591,29,4506,14,885,27,14
"242","2020-05-21",141,3,209,384,3572,0.739641657334826,8325,26449,179,591,30,4536,7,892,30,7
"243","2020-05-22",148,3,218,372,3572,0.739641657334826,8325,26449,179,591,22,4558,12,904,22,12
"244","2020-05-23",148,3,219,340,3572,0.739641657334826,8325,26449,179,591,24,4582,15,919,22,15
"245","2020-05-24",134,3,212,326,3572,0.739641657334826,8325,26449,179,591,17,4599,6,925,17,6
"246","2020-05-25",122,3,214,322,3572,0.739641657334826,8325,26449,179,591,15,4614,11,936,13,11
"247","2020-05-26",118,3,227,315,3572,0.739641657334826,8325,26449,179,591,17,4631,9,945,16,9
"248","2020-05-27",118,3,224,298,3572,0.739641657334826,8325,26449,179,591,21,4652,7,952,20,7
"249","2020-05-28",117,3,224,280,3572,0.739641657334826,8325,26449,179,591,8,4660,8,960,7,8
"250","2020-05-29",109,3,220,264,3572,0.739641657334826,8325,26449,179,591,18,4678,4,964,15,4
"251","2020-05-30",107,3,205,254,3572,0.739641657334826,8325,26449,179,591,9,4687,5,969,8,5
"252","2020-05-31",101,3,201,246,3572,0.739641657334826,8325,26449,179,591,10,4697,11,980,10,11
"253","2020-06-01",98,3,217,228,3572,0.739641657334826,8325,26449,179,591,7,4704,9,989,6,9
"254","2020-06-02",92,3,205,222,3572,0.739641657334826,8325,26449,179,591,11,4715,7,996,10,7
"255","2020-06-03",84,3,196,213,3572,0.739641657334826,8325,26449,179,591,9,4724,8,1004,9,8
"256","2020-06-04",79,3,194,192,3572,0.739641657334826,8325,26449,179,591,8,4732,8,1012,7,8
"257","2020-06-05",81,3,177,185,3572,0.739641657334826,8325,26449,179,591,12,4744,14,1026,10,14
"258","2020-06-06",77,3,163,170,3572,0.739641657334826,8325,26449,179,591,7,4751,7,1033,6,7
"259","2020-06-07",73,3,151,156,3572,0.739641657334826,8325,26449,179,591,7,4758,10,1043,7,10
"260","2020-03-07",1,4,0,0,3148,0.859275730622618,8280,24763,172,189,NA,NA,NA,NA,NA,NA
"261","2020-03-08",1,4,0,0,3148,0.859275730622618,8280,24763,172,189,NA,NA,NA,NA,NA,NA
"262","2020-03-09",0,4,0,0,3148,0.859275730622618,8280,24763,172,189,NA,NA,NA,NA,NA,NA
"263","2020-03-10",0,4,0,0,3148,0.859275730622618,8280,24763,172,189,NA,NA,1,1,NA,1
"264","2020-03-11",0,4,0,0,3148,0.859275730622618,8280,24763,172,189,14,14,12,13,NA,12
"265","2020-03-12",0,4,0,0,3148,0.859275730622618,8280,24763,172,189,17,31,9,22,5,9
"266","2020-03-13",1,4,20,11,3148,0.859275730622618,8280,24763,172,189,12,43,4,26,4,4
"267","2020-03-14",2,4,33,19,3148,0.859275730622618,8280,24763,172,189,17,60,16,42,6,16
"268","2020-03-15",2,4,29,26,3148,0.859275730622618,8280,24763,172,189,15,75,17,59,8,17
"269","2020-03-16",1,4,24,36,3148,0.859275730622618,8280,24763,172,189,22,97,6,65,12,6
"270","2020-03-17",1,4,22,49,3148,0.859275730622618,8280,24763,172,189,15,112,10,75,10,10
"271","2020-03-18",4,4,25,56,3148,0.859275730622618,8280,24763,172,189,25,137,11,86,14,11
"272","2020-03-19",9,4,31,69,3148,0.859275730622618,8280,24763,172,189,22,159,11,97,10,11
"273","2020-03-20",12,4,41,80,3148,0.859275730622618,8280,24763,172,189,25,184,10,107,11,10
"274","2020-03-21",17,4,55,97,3148,0.859275730622618,8280,24763,172,189,22,206,19,126,14,19
"275","2020-03-22",17,4,53,116,3148,0.859275730622618,8280,24763,172,189,31,237,13,139,19,13
"276","2020-03-23",17,4,39,139,3148,0.859275730622618,8280,24763,172,189,21,258,6,145,13,6
"277","2020-03-24",22,4,37,157,3148,0.859275730622618,8280,24763,172,189,29,287,7,152,19,7
"278","2020-03-25",27,4,38,187,3148,0.859275730622618,8280,24763,172,189,31,318,7,159,16,7
"279","2020-03-26",31,4,39,211,3148,0.859275730622618,8280,24763,172,189,32,350,18,177,22,18
"280","2020-03-27",42,4,35,224,3148,0.859275730622618,8280,24763,172,189,36,386,9,186,24,9
"281","2020-03-28",53,4,31,252,3148,0.859275730622618,8280,24763,172,189,33,419,10,196,24,10
"282","2020-03-29",65,4,33,281,3148,0.859275730622618,8280,24763,172,189,29,448,14,210,17,14
"283","2020-03-30",69,4,33,309,3148,0.859275730622618,8280,24763,172,189,39,487,27,237,25,27
"284","2020-03-31",71,4,30,325,3148,0.859275730622618,8280,24763,172,189,32,519,18,255,21,18
"285","2020-04-01",77,4,32,340,3148,0.859275730622618,8280,24763,172,189,38,557,12,267,26,12
"286","2020-04-02",80,4,32,355,3148,0.859275730622618,8280,24763,172,189,35,592,9,276,22,9
"287","2020-04-03",91,4,34,374,3148,0.859275730622618,8280,24763,172,189,43,635,23,299,28,23
"288","2020-04-04",90,4,33,384,3148,0.859275730622618,8280,24763,172,189,35,670,27,326,26,27
"289","2020-04-05",107,4,38,404,3148,0.859275730622618,8280,24763,172,189,45,715,20,346,32,20
"290","2020-04-06",114,4,47,404,3148,0.859275730622618,8280,24763,172,189,34,749,37,383,28,37
"291","2020-04-07",118,4,49,411,3148,0.859275730622618,8280,24763,172,189,48,797,25,408,29,25
"292","2020-04-08",114,4,58,435,3148,0.859275730622618,8280,24763,172,189,48,845,36,444,29,36
"293","2020-04-09",131,4,64,438,3148,0.859275730622618,8280,24763,172,189,54,899,30,474,35,30
"294","2020-04-10",153,4,62,436,3148,0.859275730622618,8280,24763,172,189,49,948,24,498,37,24
"295","2020-04-11",165,4,61,438,3148,0.859275730622618,8280,24763,172,189,51,999,34,532,30,34
"296","2020-04-12",163,4,67,446,3148,0.859275730622618,8280,24763,172,189,54,1053,35,567,38,35
"297","2020-04-13",157,4,71,455,3148,0.859275730622618,8280,24763,172,189,44,1097,30,597,29,30
"298","2020-04-14",158,4,75,450,3148,0.859275730622618,8280,24763,172,189,52,1149,27,624,38,27
"299","2020-04-15",165,4,77,465,3148,0.859275730622618,8280,24763,172,189,45,1194,28,652,37,28
"300","2020-04-16",146,4,67,465,3148,0.859275730622618,8280,24763,172,189,50,1244,30,682,34,30
"301","2020-04-17",147,4,60,466,3148,0.859275730622618,8280,24763,172,189,52,1296,27,709,35,27
"302","2020-04-18",162,4,65,462,3148,0.859275730622618,8280,24763,172,189,63,1359,10,719,45,10
"303","2020-04-19",147,4,68,473,3148,0.859275730622618,8280,24763,172,189,51,1410,29,748,38,29
"304","2020-04-20",155,4,66,504,3148,0.859275730622618,8280,24763,172,189,37,1447,12,760,26,12
"305","2020-04-21",145,4,75,514,3148,0.859275730622618,8280,24763,172,189,42,1489,13,773,31,13
"306","2020-04-22",151,4,69,523,3148,0.859275730622618,8280,24763,172,189,46,1535,26,799,31,26
"307","2020-04-23",161,4,85,534,3148,0.859275730622618,8280,24763,172,189,41,1576,13,812,24,13
"308","2020-04-24",195,4,70,531,3148,0.859275730622618,8280,24763,172,189,32,1608,39,851,21,39
"309","2020-04-25",202,4,74,533,3148,0.859275730622618,8280,24763,172,189,33,1641,17,868,23,17
"310","2020-04-26",193,4,68,550,3148,0.859275730622618,8280,24763,172,189,37,1678,12,880,22,12
"311","2020-04-27",187,4,78,557,3148,0.859275730622618,8280,24763,172,189,45,1723,10,890,28,10
"312","2020-04-28",188,4,75,563,3148,0.859275730622618,8280,24763,172,189,52,1775,13,903,38,13
"313","2020-04-29",184,4,73,542,3148,0.859275730622618,8280,24763,172,189,45,1820,25,928,34,25
"314","2020-04-30",183,4,70,541,3148,0.859275730622618,8280,24763,172,189,38,1858,18,946,25,18
"315","2020-05-01",189,4,64,539,3148,0.859275730622618,8280,24763,172,189,46,1904,24,970,30,24
"316","2020-05-02",190,4,53,521,3148,0.859275730622618,8280,24763,172,189,35,1939,30,1000,23,30
"317","2020-05-03",177,4,47,513,3148,0.859275730622618,8280,24763,172,189,43,1982,31,1031,33,31
"318","2020-05-04",168,4,45,499,3148,0.859275730622618,8280,24763,172,189,39,2021,33,1064,30,33
"319","2020-05-05",157,4,57,487,3148,0.859275730622618,8280,24763,172,189,39,2060,24,1088,25,24
"320","2020-05-06",152,4,53,502,3148,0.859275730622618,8280,24763,172,189,35,2095,27,1115,20,27
"321","2020-05-07",149,4,50,504,3148,0.859275730622618,8280,24763,172,189,30,2125,37,1152,23,37
"322","2020-05-08",161,4,45,505,3148,0.859275730622618,8280,24763,172,189,50,2175,46,1198,38,46
"323","2020-05-09",153,4,41,502,3148,0.859275730622618,8280,24763,172,189,47,2222,23,1221,34,23
"324","2020-05-10",146,4,39,505,3148,0.859275730622618,8280,24763,172,189,38,2260,9,1230,21,9
"325","2020-05-11",141,4,53,498,3148,0.859275730622618,8280,24763,172,189,35,2295,17,1247,24,17
"326","2020-05-12",153,4,52,495,3148,0.859275730622618,8280,24763,172,189,43,2338,7,1254,30,7
"327","2020-05-13",157,4,50,505,3148,0.859275730622618,8280,24763,172,189,35,2373,15,1269,22,15
"328","2020-05-14",161,4,46,506,3148,0.859275730622618,8280,24763,172,189,26,2399,28,1297,19,28
"329","2020-05-15",163,4,46,500,3148,0.859275730622618,8280,24763,172,189,34,2433,29,1326,26,29
"330","2020-05-16",167,4,56,480,3148,0.859275730622618,8280,24763,172,189,25,2458,25,1351,23,25
"331","2020-05-17",155,4,60,457,3148,0.859275730622618,8280,24763,172,189,31,2489,13,1364,25,13
"332","2020-05-18",159,4,59,440,3148,0.859275730622618,8280,24763,172,189,36,2525,10,1374,26,10
"333","2020-05-19",152,4,45,419,3148,0.859275730622618,8280,24763,172,189,37,2562,13,1387,25,13
"334","2020-05-20",147,4,35,412,3148,0.859275730622618,8280,24763,172,189,25,2587,18,1405,13,18
"335","2020-05-21",140,4,35,405,3148,0.859275730622618,8280,24763,172,189,36,2623,15,1420,31,15
"336","2020-05-22",139,4,29,397,3148,0.859275730622618,8280,24763,172,189,18,2641,7,1427,10,7
"337","2020-05-23",137,4,36,388,3148,0.859275730622618,8280,24763,172,189,21,2662,11,1438,16,11
"338","2020-05-24",127,4,44,378,3148,0.859275730622618,8280,24763,172,189,18,2680,9,1447,13,9
"339","2020-05-25",117,4,49,387,3148,0.859275730622618,8280,24763,172,189,22,2702,21,1468,14,21
"340","2020-05-26",112,4,41,371,3148,0.859275730622618,8280,24763,172,189,26,2728,16,1484,18,16
"341","2020-05-27",117,4,40,354,3148,0.859275730622618,8280,24763,172,189,15,2743,2,1486,8,2
"342","2020-05-28",118,4,44,341,3148,0.859275730622618,8280,24763,172,189,23,2766,9,1495,15,9
"343","2020-05-29",112,4,57,332,3148,0.859275730622618,8280,24763,172,189,24,2790,7,1502,17,7
"344","2020-05-30",111,4,54,333,3148,0.859275730622618,8280,24763,172,189,16,2806,5,1507,10,5
"345","2020-05-31",103,4,48,319,3148,0.859275730622618,8280,24763,172,189,13,2819,4,1511,4,4
"346","2020-06-01",102,4,49,312,3148,0.859275730622618,8280,24763,172,189,12,2831,2,1513,8,2
"347","2020-06-02",112,4,51,298,3148,0.859275730622618,8280,24763,172,189,11,2842,3,1516,7,3
"348","2020-06-03",112,4,59,305,3148,0.859275730622618,8280,24763,172,189,17,2859,11,1527,8,11
"349","2020-06-04",111,4,54,305,3148,0.859275730622618,8280,24763,172,189,10,2869,7,1534,5,7
"350","2020-06-05",109,4,41,296,3148,0.859275730622618,8280,24763,172,189,19,2888,8,1542,13,8
"351","2020-06-06",103,4,37,286,3148,0.859275730622618,8280,24763,172,189,17,2905,6,1548,10,6
"352","2020-06-07",117,4,31,277,3148,0.859275730622618,8280,24763,172,189,10,2915,6,1554,7,6
"353","2020-03-13",1,5,14,23,3587,0.830499024254251,8340,27256,195,205,5,9,6,14,2,6
"354","2020-03-14",2,5,12,33,3587,0.830499024254251,8340,27256,195,205,6,15,4,18,1,4
"355","2020-03-15",4,5,14,43,3587,0.830499024254251,8340,27256,195,205,8,23,3,21,3,3
"356","2020-03-16",5,5,11,53,3587,0.830499024254251,8340,27256,195,205,9,32,5,26,6,5
"357","2020-03-17",5,5,11,65,3587,0.830499024254251,8340,27256,195,205,10,42,8,34,8,8
"358","2020-03-18",10,5,15,82,3587,0.830499024254251,8340,27256,195,205,9,51,6,40,7,6
"359","2020-03-19",11,5,17,103,3587,0.830499024254251,8340,27256,195,205,13,64,3,43,12,3
"360","2020-03-20",15,5,19,116,3587,0.830499024254251,8340,27256,195,205,18,82,2,45,15,2
"361","2020-03-21",22,5,13,134,3587,0.830499024254251,8340,27256,195,205,25,107,7,52,22,7
"362","2020-03-22",27,5,5,159,3587,0.830499024254251,8340,27256,195,205,23,130,6,58,18,6
"363","2020-03-23",33,5,8,176,3587,0.830499024254251,8340,27256,195,205,21,151,4,62,18,4
"364","2020-03-24",34,5,10,191,3587,0.830499024254251,8340,27256,195,205,32,183,3,65,27,3
"365","2020-03-25",36,5,16,208,3587,0.830499024254251,8340,27256,195,205,43,226,10,75,40,10
"366","2020-03-26",46,5,17,234,3587,0.830499024254251,8340,27256,195,205,30,256,12,87,30,12
"367","2020-03-27",52,5,17,252,3587,0.830499024254251,8340,27256,195,205,27,283,4,91,23,4
"368","2020-03-28",57,5,21,269,3587,0.830499024254251,8340,27256,195,205,37,320,7,98,35,7
"369","2020-03-29",68,5,18,283,3587,0.830499024254251,8340,27256,195,205,47,367,8,106,45,8
"370","2020-03-30",66,5,15,308,3587,0.830499024254251,8340,27256,195,205,48,415,13,119,41,13
"371","2020-03-31",82,5,13,325,3587,0.830499024254251,8340,27256,195,205,62,477,13,132,58,13
"372","2020-04-01",85,5,14,360,3587,0.830499024254251,8340,27256,195,205,49,526,11,143,45,11
"373","2020-04-02",87,5,26,374,3587,0.830499024254251,8340,27256,195,205,48,574,19,162,47,19
"374","2020-04-03",100,5,24,404,3587,0.830499024254251,8340,27256,195,205,73,647,18,180,70,18
"375","2020-04-04",119,5,27,424,3587,0.830499024254251,8340,27256,195,205,61,708,17,197,57,17
"376","2020-04-05",126,5,27,440,3587,0.830499024254251,8340,27256,195,205,83,791,20,217,77,20
"377","2020-04-06",127,5,36,461,3587,0.830499024254251,8340,27256,195,205,52,843,17,234,52,17
"378","2020-04-07",120,5,40,462,3587,0.830499024254251,8340,27256,195,205,100,943,17,251,93,17
"379","2020-04-08",124,5,40,483,3587,0.830499024254251,8340,27256,195,205,90,1033,19,270,83,19
"380","2020-04-09",125,5,36,509,3587,0.830499024254251,8340,27256,195,205,98,1131,28,298,93,28
"381","2020-04-10",175,5,39,533,3587,0.830499024254251,8340,27256,195,205,81,1212,32,330,77,32
"382","2020-04-11",172,5,44,544,3587,0.830499024254251,8340,27256,195,205,124,1336,15,345,118,15
"383","2020-04-12",155,5,44,544,3587,0.830499024254251,8340,27256,195,205,107,1443,22,367,103,22
"384","2020-04-13",162,5,42,559,3587,0.830499024254251,8340,27256,195,205,126,1569,23,390,120,23
"385","2020-04-14",170,5,42,594,3587,0.830499024254251,8340,27256,195,205,122,1691,21,411,116,21
"386","2020-04-15",174,5,39,594,3587,0.830499024254251,8340,27256,195,205,148,1839,24,435,145,24
"387","2020-04-16",175,5,45,604,3587,0.830499024254251,8340,27256,195,205,131,1970,25,460,129,25
"388","2020-04-17",196,5,48,605,3587,0.830499024254251,8340,27256,195,205,103,2073,22,482,101,22
"389","2020-04-18",202,5,39,616,3587,0.830499024254251,8340,27256,195,205,145,2218,8,490,145,8
"390","2020-04-19",202,5,46,637,3587,0.830499024254251,8340,27256,195,205,127,2345,18,508,123,18
"391","2020-04-20",197,5,47,658,3587,0.830499024254251,8340,27256,195,205,162,2507,16,524,155,16
"392","2020-04-21",192,5,51,653,3587,0.830499024254251,8340,27256,195,205,127,2634,17,541,125,17
"393","2020-04-22",199,5,47,664,3587,0.830499024254251,8340,27256,195,205,143,2777,11,552,140,11
"394","2020-04-23",212,5,40,661,3587,0.830499024254251,8340,27256,195,205,136,2913,17,569,132,17
"395","2020-04-24",207,5,41,669,3587,0.830499024254251,8340,27256,195,205,137,3050,26,595,134,26
"396","2020-04-25",211,5,51,668,3587,0.830499024254251,8340,27256,195,205,156,3206,15,610,151,15
"397","2020-04-26",210,5,58,682,3587,0.830499024254251,8340,27256,195,205,135,3341,13,623,131,13
"398","2020-04-27",210,5,73,701,3587,0.830499024254251,8340,27256,195,205,124,3465,19,642,119,19
"399","2020-04-28",196,5,72,693,3587,0.830499024254251,8340,27256,195,205,118,3583,19,661,116,19
"400","2020-04-29",200,5,63,676,3587,0.830499024254251,8340,27256,195,205,135,3718,21,682,132,21
"401","2020-04-30",200,5,66,682,3587,0.830499024254251,8340,27256,195,205,139,3857,18,700,137,18
"402","2020-05-01",231,5,76,660,3587,0.830499024254251,8340,27256,195,205,173,4030,18,718,171,18
"403","2020-05-02",254,5,84,661,3587,0.830499024254251,8340,27256,195,205,110,4140,20,738,106,20
"404","2020-05-03",251,5,77,647,3587,0.830499024254251,8340,27256,195,205,105,4245,19,757,104,19
"405","2020-05-04",246,5,64,660,3587,0.830499024254251,8340,27256,195,205,83,4328,18,775,81,18
"406","2020-05-05",246,5,55,667,3587,0.830499024254251,8340,27256,195,205,93,4421,18,793,91,18
"407","2020-05-06",239,5,56,634,3587,0.830499024254251,8340,27256,195,205,103,4524,27,820,99,27
"408","2020-05-07",228,5,57,621,3587,0.830499024254251,8340,27256,195,205,105,4629,36,856,103,36
"409","2020-05-08",247,5,53,587,3587,0.830499024254251,8340,27256,195,205,83,4712,32,888,81,32
"410","2020-05-09",241,5,50,576,3587,0.830499024254251,8340,27256,195,205,45,4757,24,912,45,24
"411","2020-05-10",217,5,49,537,3587,0.830499024254251,8340,27256,195,205,48,4805,22,934,47,22
"412","2020-05-11",213,5,51,521,3587,0.830499024254251,8340,27256,195,205,38,4843,33,967,35,33
"413","2020-05-12",195,5,50,512,3587,0.830499024254251,8340,27256,195,205,42,4885,29,996,42,29
"414","2020-05-13",189,5,54,496,3587,0.830499024254251,8340,27256,195,205,47,4932,22,1018,46,22
"415","2020-05-14",184,5,69,484,3587,0.830499024254251,8340,27256,195,205,41,4973,30,1048,40,30
"416","2020-05-15",164,5,61,490,3587,0.830499024254251,8340,27256,195,205,37,5010,19,1067,34,19
"417","2020-05-16",152,5,60,485,3587,0.830499024254251,8340,27256,195,205,29,5039,29,1096,28,29
"418","2020-05-17",143,5,52,454,3587,0.830499024254251,8340,27256,195,205,29,5068,23,1119,27,23
"419","2020-05-18",140,5,54,453,3587,0.830499024254251,8340,27256,195,205,30,5098,17,1136,29,17
"420","2020-05-19",158,5,54,446,3587,0.830499024254251,8340,27256,195,205,27,5125,19,1155,24,19
"421","2020-05-20",159,5,52,449,3587,0.830499024254251,8340,27256,195,205,25,5150,17,1172,23,17
"422","2020-05-21",160,5,41,440,3587,0.830499024254251,8340,27256,195,205,23,5173,17,1189,20,17
"423","2020-05-22",160,5,40,434,3587,0.830499024254251,8340,27256,195,205,20,5193,14,1203,18,14
"424","2020-05-23",156,5,36,419,3587,0.830499024254251,8340,27256,195,205,18,5211,16,1219,18,16
"425","2020-05-24",161,5,30,413,3587,0.830499024254251,8340,27256,195,205,14,5225,14,1233,14,14
"426","2020-05-25",152,5,31,394,3587,0.830499024254251,8340,27256,195,205,15,5240,21,1254,15,21
"427","2020-05-26",124,5,29,378,3587,0.830499024254251,8340,27256,195,205,13,5253,16,1270,13,16
"428","2020-05-27",119,5,30,375,3587,0.830499024254251,8340,27256,195,205,11,5264,5,1275,10,5
"429","2020-05-28",122,5,28,357,3587,0.830499024254251,8340,27256,195,205,17,5281,9,1284,16,9
"430","2020-05-29",125,5,24,344,3587,0.830499024254251,8340,27256,195,205,14,5295,11,1295,12,11
"431","2020-05-30",124,5,21,331,3587,0.830499024254251,8340,27256,195,205,11,5306,9,1304,9,9
"432","2020-05-31",111,5,23,332,3587,0.830499024254251,8340,27256,195,205,12,5318,23,1327,10,23
"433","2020-06-01",110,5,22,330,3587,0.830499024254251,8340,27256,195,205,2,5320,13,1340,2,13
"434","2020-06-02",110,5,18,311,3587,0.830499024254251,8340,27256,195,205,4,5324,17,1357,4,17
"435","2020-06-03",109,5,20,284,3587,0.830499024254251,8340,27256,195,205,5,5329,13,1370,5,13
"436","2020-06-04",103,5,23,277,3587,0.830499024254251,8340,27256,195,205,9,5338,9,1379,7,9
"437","2020-06-05",94,5,23,255,3587,0.830499024254251,8340,27256,195,205,7,5345,7,1386,6,7
"438","2020-06-06",88,5,30,250,3587,0.830499024254251,8340,27256,195,205,5,5350,8,1394,4,8
"439","2020-06-07",91,5,32,233,3587,0.830499024254251,8340,27256,195,205,8,5358,8,1402,8,8
"440","2020-03-15",3,6,18,30,3189,0.846973973032298,8280,24302,167,399,8,43,9,29,4,9
"441","2020-03-16",3,6,19,44,3189,0.846973973032298,8280,24302,167,399,7,50,5,34,2,5
"442","2020-03-17",2,6,26,55,3189,0.846973973032298,8280,24302,167,399,17,67,12,46,6,12
"443","2020-03-18",2,6,34,73,3189,0.846973973032298,8280,24302,167,399,18,85,4,50,12,4
"444","2020-03-19",3,6,29,89,3189,0.846973973032298,8280,24302,167,399,17,102,4,54,12,4
"445","2020-03-20",7,6,33,107,3189,0.846973973032298,8280,24302,167,399,24,126,7,61,17,7
"446","2020-03-21",14,6,41,120,3189,0.846973973032298,8280,24302,167,399,21,147,7,68,13,7
"447","2020-03-22",25,6,46,138,3189,0.846973973032298,8280,24302,167,399,28,175,5,73,20,5
"448","2020-03-23",30,6,38,159,3189,0.846973973032298,8280,24302,167,399,33,208,14,87,24,14
"449","2020-03-24",32,6,46,180,3189,0.846973973032298,8280,24302,167,399,24,232,7,94,21,7
"450","2020-03-25",35,6,40,194,3189,0.846973973032298,8280,24302,167,399,36,268,14,108,30,14
"451","2020-03-26",45,6,45,205,3189,0.846973973032298,8280,24302,167,399,50,318,14,122,46,14
"452","2020-03-27",58,6,58,227,3189,0.846973973032298,8280,24302,167,399,47,365,8,130,38,8
"453","2020-03-28",63,6,73,243,3189,0.846973973032298,8280,24302,167,399,48,413,10,140,36,10
"454","2020-03-29",66,6,67,262,3189,0.846973973032298,8280,24302,167,399,44,457,13,153,36,13
"455","2020-03-30",71,6,71,273,3189,0.846973973032298,8280,24302,167,399,61,518,14,167,52,14
"456","2020-03-31",72,6,73,296,3189,0.846973973032298,8280,24302,167,399,47,565,8,175,39,8
"457","2020-04-01",76,6,72,314,3189,0.846973973032298,8280,24302,167,399,59,624,3,178,51,3
"458","2020-04-02",78,6,67,316,3189,0.846973973032298,8280,24302,167,399,63,687,3,181,52,3
"459","2020-04-03",98,6,60,325,3189,0.846973973032298,8280,24302,167,399,55,742,23,204,48,23
"460","2020-04-04",109,6,64,324,3189,0.846973973032298,8280,24302,167,399,61,803,26,230,53,26
"461","2020-04-05",108,6,68,335,3189,0.846973973032298,8280,24302,167,399,64,867,21,251,49,21
"462","2020-04-06",103,6,64,341,3189,0.846973973032298,8280,24302,167,399,73,940,15,266,66,15
"463","2020-04-07",106,6,62,344,3189,0.846973973032298,8280,24302,167,399,70,1010,13,279,61,13
"464","2020-04-08",110,6,53,370,3189,0.846973973032298,8280,24302,167,399,60,1070,17,296,50,17
"465","2020-04-09",107,6,62,385,3189,0.846973973032298,8280,24302,167,399,67,1137,11,307,59,11
"466","2020-04-10",113,6,80,397,3189,0.846973973032298,8280,24302,167,399,54,1191,18,325,50,18
"467","2020-04-11",112,6,89,402,3189,0.846973973032298,8280,24302,167,399,79,1270,14,339,72,14
"468","2020-04-12",107,6,95,421,3189,0.846973973032298,8280,24302,167,399,51,1321,24,363,43,24
"469","2020-04-13",108,6,89,415,3189,0.846973973032298,8280,24302,167,399,63,1384,32,395,55,32
"470","2020-04-14",105,6,84,431,3189,0.846973973032298,8280,24302,167,399,72,1456,23,418,62,23
"471","2020-04-15",104,6,107,443,3189,0.846973973032298,8280,24302,167,399,81,1537,29,447,74,29
"472","2020-04-16",123,6,116,455,3189,0.846973973032298,8280,24302,167,399,75,1612,15,462,68,15
"473","2020-04-17",140,6,123,476,3189,0.846973973032298,8280,24302,167,399,65,1677,11,473,58,11
"474","2020-04-18",168,6,137,484,3189,0.846973973032298,8280,24302,167,399,70,1747,22,495,63,22
"475","2020-04-19",162,6,126,505,3189,0.846973973032298,8280,24302,167,399,70,1817,17,512,61,17
"476","2020-04-20",156,6,151,534,3189,0.846973973032298,8280,24302,167,399,79,1896,6,518,74,6
"477","2020-04-21",151,6,144,558,3189,0.846973973032298,8280,24302,167,399,88,1984,10,528,77,10
"478","2020-04-22",159,6,144,581,3189,0.846973973032298,8280,24302,167,399,68,2052,8,536,61,8
"479","2020-04-23",146,6,132,602,3189,0.846973973032298,8280,24302,167,399,74,2126,11,547,64,11
"480","2020-04-24",174,6,125,607,3189,0.846973973032298,8280,24302,167,399,61,2187,8,555,55,8
"481","2020-04-25",195,6,110,619,3189,0.846973973032298,8280,24302,167,399,80,2267,11,566,71,11
"482","2020-04-26",187,6,94,618,3189,0.846973973032298,8280,24302,167,399,52,2319,12,578,47,12
"483","2020-04-27",183,6,78,637,3189,0.846973973032298,8280,24302,167,399,76,2395,7,585,67,7
"484","2020-04-28",195,6,66,632,3189,0.846973973032298,8280,24302,167,399,59,2454,4,589,51,4
"485","2020-04-29",194,6,58,641,3189,0.846973973032298,8280,24302,167,399,73,2527,7,596,64,7
"486","2020-04-30",206,6,56,649,3189,0.846973973032298,8280,24302,167,399,59,2586,2,598,53,2
"487","2020-05-01",209,6,43,657,3189,0.846973973032298,8280,24302,167,399,60,2646,13,611,52,13
"488","2020-05-02",198,6,42,661,3189,0.846973973032298,8280,24302,167,399,49,2695,8,619,44,8
"489","2020-05-03",206,6,56,668,3189,0.846973973032298,8280,24302,167,399,47,2742,13,632,42,13
"490","2020-05-04",201,6,78,658,3189,0.846973973032298,8280,24302,167,399,58,2800,14,646,50,14
"491","2020-05-05",200,6,93,636,3189,0.846973973032298,8280,24302,167,399,62,2862,11,657,56,11
"492","2020-05-06",206,6,79,608,3189,0.846973973032298,8280,24302,167,399,42,2904,14,671,36,14
"493","2020-05-07",203,6,77,594,3189,0.846973973032298,8280,24302,167,399,58,2962,22,693,50,22
"494","2020-05-08",215,6,79,553,3189,0.846973973032298,8280,24302,167,399,47,3009,17,710,43,17
"495","2020-05-09",213,6,80,516,3189,0.846973973032298,8280,24302,167,399,58,3067,20,730,47,20
"496","2020-05-10",194,6,98,515,3189,0.846973973032298,8280,24302,167,399,55,3122,19,749,46,19
"497","2020-05-11",182,6,108,490,3189,0.846973973032298,8280,24302,167,399,44,3166,21,770,42,21
"498","2020-05-12",181,6,103,469,3189,0.846973973032298,8280,24302,167,399,32,3198,14,784,28,14
"499","2020-05-13",182,6,110,452,3189,0.846973973032298,8280,24302,167,399,43,3241,7,791,38,7
"500","2020-05-14",176,6,103,433,3189,0.846973973032298,8280,24302,167,399,32,3273,20,811,29,20
"501","2020-05-15",171,6,103,425,3189,0.846973973032298,8280,24302,167,399,31,3304,10,821,25,10
"502","2020-05-16",171,6,104,399,3189,0.846973973032298,8280,24302,167,399,48,3352,6,827,44,6
"503","2020-05-17",156,6,108,388,3189,0.846973973032298,8280,24302,167,399,36,3388,6,833,31,6
"504","2020-05-18",145,6,113,368,3189,0.846973973032298,8280,24302,167,399,47,3435,8,841,40,8
"505","2020-05-19",138,6,106,357,3189,0.846973973032298,8280,24302,167,399,31,3466,7,848,30,7
"506","2020-05-20",123,6,94,344,3189,0.846973973032298,8280,24302,167,399,29,3495,9,857,22,9
"507","2020-05-21",117,6,98,343,3189,0.846973973032298,8280,24302,167,399,29,3524,5,862,27,5
"508","2020-05-22",110,6,88,343,3189,0.846973973032298,8280,24302,167,399,32,3556,9,871,25,9
"509","2020-05-23",111,6,77,332,3189,0.846973973032298,8280,24302,167,399,25,3581,6,877,22,6
"510","2020-05-24",103,6,65,329,3189,0.846973973032298,8280,24302,167,399,35,3616,7,884,28,7
"511","2020-05-25",108,6,62,328,3189,0.846973973032298,8280,24302,167,399,29,3645,NA,NA,27,NA
"512","2020-05-26",99,6,62,325,3189,0.846973973032298,8280,24302,167,399,22,3667,11,895,19,11
"513","2020-05-27",102,6,69,328,3189,0.846973973032298,8280,24302,167,399,23,3690,8,903,21,8
"514","2020-05-28",103,6,64,321,3189,0.846973973032298,8280,24302,167,399,24,3714,14,917,20,14
"515","2020-05-29",107,6,72,315,3189,0.846973973032298,8280,24302,167,399,25,3739,8,925,21,8
"516","2020-05-30",98,6,60,294,3189,0.846973973032298,8280,24302,167,399,16,3755,15,940,14,15
"517","2020-05-31",99,6,52,301,3189,0.846973973032298,8280,24302,167,399,19,3774,12,952,18,12
"518","2020-06-01",96,6,44,281,3189,0.846973973032298,8280,24302,167,399,16,3790,8,960,12,8
"519","2020-06-02",89,6,48,266,3189,0.846973973032298,8280,24302,167,399,17,3807,8,968,15,8
"520","2020-06-03",80,6,43,264,3189,0.846973973032298,8280,24302,167,399,19,3826,9,977,19,9
"521","2020-06-04",83,6,33,260,3189,0.846973973032298,8280,24302,167,399,15,3841,22,999,13,22
"522","2020-06-05",79,6,30,248,3189,0.846973973032298,8280,24302,167,399,20,3861,5,1004,20,5
"523","2020-06-06",84,6,27,239,3189,0.846973973032298,8280,24302,167,399,19,3880,15,1019,15,15
"524","2020-06-07",77,6,19,222,3189,0.846973973032298,8280,24302,167,399,18,3898,14,1033,16,14
"525","2020-03-08",1,7,0,0,2611,0.559555725775565,8280,21949,126,142,NA,NA,NA,NA,NA,NA
"526","2020-03-09",1,7,0,0,2611,0.559555725775565,8280,21949,126,142,NA,NA,NA,NA,NA,NA
"527","2020-03-10",0,7,0,0,2611,0.559555725775565,8280,21949,126,142,NA,NA,NA,NA,NA,NA
"528","2020-03-11",0,7,0,0,2611,0.559555725775565,8280,21949,126,142,3,3,3,3,NA,3
"529","2020-03-12",0,7,0,0,2611,0.559555725775565,8280,21949,126,142,2,5,6,9,1,6
"530","2020-03-13",1,7,10,40,2611,0.559555725775565,8280,21949,126,142,2,7,2,11,1,2
"531","2020-03-14",1,7,17,53,2611,0.559555725775565,8280,21949,126,142,7,14,6,17,4,6
"532","2020-03-15",4,7,14,67,2611,0.559555725775565,8280,21949,126,142,9,23,5,22,4,5
"533","2020-03-16",5,7,15,78,2611,0.559555725775565,8280,21949,126,142,7,30,14,36,2,14
"534","2020-03-17",8,7,19,101,2611,0.559555725775565,8280,21949,126,142,8,38,5,41,4,5
"535","2020-03-18",10,7,22,112,2611,0.559555725775565,8280,21949,126,142,10,48,10,51,7,10
"536","2020-03-19",18,7,23,124,2611,0.559555725775565,8280,21949,126,142,16,64,18,69,6,18
"537","2020-03-20",24,7,22,139,2611,0.559555725775565,8280,21949,126,142,20,84,13,82,13,13
"538","2020-03-21",36,7,24,145,2611,0.559555725775565,8280,21949,126,142,16,100,11,93,15,11
"539","2020-03-22",45,7,31,162,2611,0.559555725775565,8280,21949,126,142,19,119,13,106,15,13
"540","2020-03-23",47,7,29,175,2611,0.559555725775565,8280,21949,126,142,23,142,6,112,18,6
"541","2020-03-24",48,7,30,188,2611,0.559555725775565,8280,21949,126,142,26,168,8,120,22,8
"542","2020-03-25",53,7,26,185,2611,0.559555725775565,8280,21949,126,142,31,199,1,121,28,1
"543","2020-03-26",54,7,20,205,2611,0.559555725775565,8280,21949,126,142,26,225,11,132,23,11
"544","2020-03-27",61,7,21,212,2611,0.559555725775565,8280,21949,126,142,34,259,4,136,30,4
"545","2020-03-28",60,7,19,228,2611,0.559555725775565,8280,21949,126,142,38,297,2,138,37,2
"546","2020-03-29",60,7,30,239,2611,0.559555725775565,8280,21949,126,142,37,334,9,147,35,9
"547","2020-03-30",61,7,29,242,2611,0.559555725775565,8280,21949,126,142,45,379,15,162,39,15
"548","2020-03-31",71,7,36,257,2611,0.559555725775565,8280,21949,126,142,36,415,10,172,32,10
"549","2020-04-01",73,7,31,280,2611,0.559555725775565,8280,21949,126,142,48,463,4,176,40,4
"550","2020-04-02",69,7,38,288,2611,0.559555725775565,8280,21949,126,142,65,528,5,181,60,5
"551","2020-04-03",78,7,32,296,2611,0.559555725775565,8280,21949,126,142,47,575,3,184,39,3
"552","2020-04-04",104,7,35,301,2611,0.559555725775565,8280,21949,126,142,62,637,7,191,56,7
"553","2020-04-05",90,7,40,325,2611,0.559555725775565,8280,21949,126,142,57,694,11,202,54,11
"554","2020-04-06",90,7,40,324,2611,0.559555725775565,8280,21949,126,142,81,775,11,213,79,11
"555","2020-04-07",96,7,37,348,2611,0.559555725775565,8280,21949,126,142,75,850,12,225,71,12
"556","2020-04-08",98,7,45,362,2611,0.559555725775565,8280,21949,126,142,83,933,5,230,79,5
"557","2020-04-09",99,7,39,362,2611,0.559555725775565,8280,21949,126,142,90,1023,10,240,81,10
"558","2020-04-10",130,7,44,388,2611,0.559555725775565,8280,21949,126,142,104,1127,15,255,96,15
"559","2020-04-11",141,7,36,410,2611,0.559555725775565,8280,21949,126,142,105,1232,22,277,103,22
"560","2020-04-12",144,7,28,433,2611,0.559555725775565,8280,21949,126,142,90,1322,23,300,87,23
"561","2020-04-13",151,7,25,426,2611,0.559555725775565,8280,21949,126,142,111,1433,19,319,103,19
"562","2020-04-14",141,7,31,443,2611,0.559555725775565,8280,21949,126,142,114,1547,12,331,107,12
"563","2020-04-15",144,7,40,446,2611,0.559555725775565,8280,21949,126,142,96,1643,10,341,90,10
"564","2020-04-16",153,7,44,438,2611,0.559555725775565,8280,21949,126,142,119,1762,8,349,112,8
"565","2020-04-17",150,7,45,440,2611,0.559555725775565,8280,21949,126,142,108,1870,9,358,106,9
"566","2020-04-18",142,7,40,437,2611,0.559555725775565,8280,21949,126,142,89,1959,21,379,86,21
"567","2020-04-19",136,7,47,435,2611,0.559555725775565,8280,21949,126,142,122,2081,13,392,117,13
"568","2020-04-20",127,7,41,433,2611,0.559555725775565,8280,21949,126,142,112,2193,15,407,111,15
"569","2020-04-21",126,7,29,436,2611,0.559555725775565,8280,21949,126,142,119,2312,19,426,118,19
"570","2020-04-22",134,7,29,448,2611,0.559555725775565,8280,21949,126,142,95,2407,19,445,89,19
"571","2020-04-23",133,7,25,450,2611,0.559555725775565,8280,21949,126,142,121,2528,20,465,118,20
"572","2020-04-24",149,7,27,446,2611,0.559555725775565,8280,21949,126,142,88,2616,15,480,87,15
"573","2020-04-25",147,7,28,433,2611,0.559555725775565,8280,21949,126,142,83,2699,24,504,82,24
"574","2020-04-26",143,7,39,434,2611,0.559555725775565,8280,21949,126,142,87,2786,11,515,83,11
"575","2020-04-27",141,7,38,421,2611,0.559555725775565,8280,21949,126,142,87,2873,7,522,87,7
"576","2020-04-28",141,7,43,402,2611,0.559555725775565,8280,21949,126,142,72,2945,12,534,69,12
"577","2020-04-29",128,7,53,397,2611,0.559555725775565,8280,21949,126,142,101,3046,20,554,99,20
"578","2020-04-30",126,7,54,389,2611,0.559555725775565,8280,21949,126,142,76,3122,13,567,72,13
"579","2020-05-01",123,7,56,387,2611,0.559555725775565,8280,21949,126,142,76,3198,22,589,73,22
"580","2020-05-02",127,7,53,387,2611,0.559555725775565,8280,21949,126,142,57,3255,13,602,51,13
"581","2020-05-03",127,7,40,394,2611,0.559555725775565,8280,21949,126,142,83,3338,10,612,78,10
"582","2020-05-04",119,7,36,397,2611,0.559555725775565,8280,21949,126,142,75,3413,21,633,72,21
"583","2020-05-05",110,7,35,376,2611,0.559555725775565,8280,21949,126,142,87,3500,16,649,85,16
"584","2020-05-06",118,7,31,373,2611,0.559555725775565,8280,21949,126,142,53,3553,22,671,50,22
"585","2020-05-07",117,7,28,385,2611,0.559555725775565,8280,21949,126,142,61,3614,10,681,58,10
"586","2020-05-08",123,7,37,370,2611,0.559555725775565,8280,21949,126,142,50,3664,33,714,47,33
"587","2020-05-09",120,7,45,375,2611,0.559555725775565,8280,21949,126,142,49,3713,15,729,46,15
"588","2020-05-10",108,7,49,368,2611,0.559555725775565,8280,21949,126,142,52,3765,20,749,50,20
"589","2020-05-11",113,7,50,374,2611,0.559555725775565,8280,21949,126,142,41,3806,13,762,39,13
"590","2020-05-12",117,7,53,390,2611,0.559555725775565,8280,21949,126,142,42,3848,18,780,41,18
"591","2020-05-13",116,7,40,399,2611,0.559555725775565,8280,21949,126,142,54,3902,23,803,50,23
"592","2020-05-14",116,7,36,382,2611,0.559555725775565,8280,21949,126,142,38,3940,9,812,37,9
"593","2020-05-15",123,7,28,377,2611,0.559555725775565,8280,21949,126,142,49,3989,9,821,46,9
"594","2020-05-16",132,7,33,363,2611,0.559555725775565,8280,21949,126,142,42,4031,8,829,42,8
"595","2020-05-17",134,7,34,351,2611,0.559555725775565,8280,21949,126,142,35,4066,15,844,32,15
"596","2020-05-18",126,7,39,335,2611,0.559555725775565,8280,21949,126,142,34,4100,9,853,32,9
"597","2020-05-19",123,7,44,332,2611,0.559555725775565,8280,21949,126,142,43,4143,10,863,41,10
"598","2020-05-20",120,7,42,314,2611,0.559555725775565,8280,21949,126,142,28,4171,10,873,27,10
"599","2020-05-21",122,7,41,311,2611,0.559555725775565,8280,21949,126,142,29,4200,2,875,26,2
"600","2020-05-22",119,7,34,309,2611,0.559555725775565,8280,21949,126,142,31,4231,NA,NA,30,NA
"601","2020-05-23",110,7,36,291,2611,0.559555725775565,8280,21949,126,142,21,4252,3,878,21,3
"602","2020-05-24",101,7,44,298,2611,0.559555725775565,8280,21949,126,142,27,4279,2,880,26,2
"603","2020-05-25",95,7,41,293,2611,0.559555725775565,8280,21949,126,142,20,4299,3,883,19,3
"604","2020-05-26",87,7,37,281,2611,0.559555725775565,8280,21949,126,142,25,4324,1,884,25,1
"605","2020-05-27",86,7,38,269,2611,0.559555725775565,8280,21949,126,142,23,4347,5,889,23,5
"606","2020-05-28",86,7,39,260,2611,0.559555725775565,8280,21949,126,142,23,4370,12,901,22,12
"607","2020-05-29",86,7,48,250,2611,0.559555725775565,8280,21949,126,142,22,4392,10,911,20,10
"608","2020-05-30",93,7,54,238,2611,0.559555725775565,8280,21949,126,142,19,4411,6,917,16,6
"609","2020-05-31",93,7,52,235,2611,0.559555725775565,8280,21949,126,142,17,4428,8,925,17,8
"610","2020-06-01",89,7,51,241,2611,0.559555725775565,8280,21949,126,142,19,4447,1,926,18,1
"611","2020-06-02",87,7,49,234,2611,0.559555725775565,8280,21949,126,142,13,4460,7,933,13,7
"612","2020-06-03",78,7,38,222,2611,0.559555725775565,8280,21949,126,142,15,4475,6,939,11,6
"613","2020-06-04",70,7,41,218,2611,0.559555725775565,8280,21949,126,142,23,4498,5,944,21,5
"614","2020-06-05",77,7,41,214,2611,0.559555725775565,8280,21949,126,142,13,4511,11,955,13,11
"615","2020-06-06",70,7,40,209,2611,0.559555725775565,8280,21949,126,142,18,4529,9,964,16,9
"616","2020-06-07",65,7,34,207,2611,0.559555725775565,8280,21949,126,142,8,4537,11,975,8,11
"617","2020-03-07",1,8,0,0,3408,0.770246478873239,8250,25059,177,505,NA,NA,NA,NA,NA,NA
"618","2020-03-08",1,8,0,0,3408,0.770246478873239,8250,25059,177,505,NA,NA,NA,NA,NA,NA
"619","2020-03-09",0,8,0,0,3408,0.770246478873239,8250,25059,177,505,NA,NA,NA,NA,NA,NA
"620","2020-03-10",0,8,0,0,3408,0.770246478873239,8250,25059,177,505,NA,NA,1,1,NA,1
"621","2020-03-11",0,8,0,0,3408,0.770246478873239,8250,25059,177,505,7,7,7,8,NA,7
"622","2020-03-12",0,8,0,0,3408,0.770246478873239,8250,25059,177,505,5,12,9,17,NA,9
"623","2020-03-13",1,8,18,28,3408,0.770246478873239,8250,25059,177,505,5,17,3,20,NA,3
"624","2020-03-14",1,8,21,41,3408,0.770246478873239,8250,25059,177,505,9,26,1,21,3,1
"625","2020-03-15",4,8,30,50,3408,0.770246478873239,8250,25059,177,505,8,34,2,23,2,2
"626","2020-03-16",4,8,39,61,3408,0.770246478873239,8250,25059,177,505,11,45,1,24,4,1
"627","2020-03-17",2,8,51,76,3408,0.770246478873239,8250,25059,177,505,4,49,2,26,2,2
"628","2020-03-18",7,8,54,94,3408,0.770246478873239,8250,25059,177,505,10,59,NA,NA,5,NA
"629","2020-03-19",11,8,54,100,3408,0.770246478873239,8250,25059,177,505,19,78,3,29,5,3
"630","2020-03-20",18,8,49,113,3408,0.770246478873239,8250,25059,177,505,7,85,7,36,4,7
"631","2020-03-21",24,8,50,123,3408,0.770246478873239,8250,25059,177,505,10,95,6,42,6,6
"632","2020-03-22",31,8,57,136,3408,0.770246478873239,8250,25059,177,505,10,105,5,47,6,5
"633","2020-03-23",34,8,51,153,3408,0.770246478873239,8250,25059,177,505,6,111,6,53,3,6
"634","2020-03-24",37,8,46,173,3408,0.770246478873239,8250,25059,177,505,14,125,5,58,7,5
"635","2020-03-25",40,8,53,193,3408,0.770246478873239,8250,25059,177,505,11,136,7,65,7,7
"636","2020-03-26",44,8,59,219,3408,0.770246478873239,8250,25059,177,505,21,157,2,67,16,2
"637","2020-03-27",53,8,61,239,3408,0.770246478873239,8250,25059,177,505,19,176,5,72,8,5
"638","2020-03-28",58,8,55,259,3408,0.770246478873239,8250,25059,177,505,23,199,4,76,16,4
"639","2020-03-29",65,8,62,278,3408,0.770246478873239,8250,25059,177,505,17,216,2,78,8,2
"640","2020-03-30",71,8,65,307,3408,0.770246478873239,8250,25059,177,505,26,242,6,84,17,6
"641","2020-03-31",76,8,61,326,3408,0.770246478873239,8250,25059,177,505,18,260,7,91,10,7
"642","2020-04-01",80,8,70,347,3408,0.770246478873239,8250,25059,177,505,22,282,4,95,13,4
"643","2020-04-02",88,8,72,381,3408,0.770246478873239,8250,25059,177,505,18,300,3,98,16,3
"644","2020-04-03",106,8,93,406,3408,0.770246478873239,8250,25059,177,505,18,318,12,110,14,12
"645","2020-04-04",107,8,106,427,3408,0.770246478873239,8250,25059,177,505,20,338,10,120,15,10
"646","2020-04-05",123,8,100,431,3408,0.770246478873239,8250,25059,177,505,25,363,5,125,15,5
"647","2020-04-06",135,8,97,442,3408,0.770246478873239,8250,25059,177,505,23,386,10,135,12,10
"648","2020-04-07",137,8,111,440,3408,0.770246478873239,8250,25059,177,505,23,409,8,143,14,8
"649","2020-04-08",142,8,112,450,3408,0.770246478873239,8250,25059,177,505,27,436,12,155,19,12
"650","2020-04-09",142,8,109,466,3408,0.770246478873239,8250,25059,177,505,25,461,19,174,18,19
"651","2020-04-10",162,8,112,477,3408,0.770246478873239,8250,25059,177,505,28,489,11,185,16,11
"652","2020-04-11",193,8,115,480,3408,0.770246478873239,8250,25059,177,505,30,519,13,198,18,13
"653","2020-04-12",177,8,138,487,3408,0.770246478873239,8250,25059,177,505,30,549,8,206,20,8
"654","2020-04-13",176,8,152,493,3408,0.770246478873239,8250,25059,177,505,26,575,12,218,18,12
"655","2020-04-14",182,8,167,507,3408,0.770246478873239,8250,25059,177,505,32,607,5,223,26,5
"656","2020-04-15",179,8,180,515,3408,0.770246478873239,8250,25059,177,505,35,642,8,231,29,8
"657","2020-04-16",183,8,170,522,3408,0.770246478873239,8250,25059,177,505,27,669,3,234,16,3
"658","2020-04-17",189,8,177,538,3408,0.770246478873239,8250,25059,177,505,40,709,6,240,26,6
"659","2020-04-18",190,8,177,547,3408,0.770246478873239,8250,25059,177,505,22,731,9,249,14,9
"660","2020-04-19",186,8,169,566,3408,0.770246478873239,8250,25059,177,505,38,769,10,259,31,10
"661","2020-04-20",175,8,147,580,3408,0.770246478873239,8250,25059,177,505,36,805,11,270,29,11
"662","2020-04-21",169,8,140,564,3408,0.770246478873239,8250,25059,177,505,36,841,9,279,29,9
"663","2020-04-22",173,8,139,590,3408,0.770246478873239,8250,25059,177,505,35,876,4,283,24,4
"664","2020-04-23",169,8,144,626,3408,0.770246478873239,8250,25059,177,505,25,901,12,295,17,12
"665","2020-04-24",177,8,146,644,3408,0.770246478873239,8250,25059,177,505,34,935,5,300,24,5
"666","2020-04-25",184,8,154,663,3408,0.770246478873239,8250,25059,177,505,44,979,6,306,35,6
"667","2020-04-26",193,8,162,652,3408,0.770246478873239,8250,25059,177,505,42,1021,6,312,29,6
"668","2020-04-27",190,8,169,658,3408,0.770246478873239,8250,25059,177,505,49,1070,9,321,41,9
"669","2020-04-28",188,8,177,674,3408,0.770246478873239,8250,25059,177,505,49,1119,17,338,38,17
"670","2020-04-29",201,8,178,672,3408,0.770246478873239,8250,25059,177,505,25,1144,7,345,19,7
"671","2020-04-30",211,8,190,681,3408,0.770246478873239,8250,25059,177,505,47,1191,15,360,40,15
"672","2020-05-01",238,8,190,663,3408,0.770246478873239,8250,25059,177,505,30,1221,6,366,24,6
"673","2020-05-02",240,8,213,675,3408,0.770246478873239,8250,25059,177,505,37,1258,10,376,30,10
"674","2020-05-03",215,8,224,663,3408,0.770246478873239,8250,25059,177,505,25,1283,11,387,19,11
"675","2020-05-04",214,8,238,657,3408,0.770246478873239,8250,25059,177,505,35,1318,9,396,28,9
"676","2020-05-05",213,8,222,667,3408,0.770246478873239,8250,25059,177,505,28,1346,9,405,19,9
"677","2020-05-06",204,8,201,659,3408,0.770246478873239,8250,25059,177,505,31,1377,18,423,24,18
"678","2020-05-07",199,8,195,654,3408,0.770246478873239,8250,25059,177,505,32,1409,14,437,23,14
"679","2020-05-08",214,8,194,653,3408,0.770246478873239,8250,25059,177,505,33,1442,7,444,21,7
"680","2020-05-09",221,8,199,620,3408,0.770246478873239,8250,25059,177,505,25,1467,8,452,14,8
"681","2020-05-10",216,8,195,586,3408,0.770246478873239,8250,25059,177,505,22,1489,3,455,18,3
"682","2020-05-11",206,8,178,591,3408,0.770246478873239,8250,25059,177,505,28,1517,8,463,21,8
"683","2020-05-12",212,8,175,577,3408,0.770246478873239,8250,25059,177,505,33,1550,12,475,26,12
"684","2020-05-13",214,8,172,557,3408,0.770246478873239,8250,25059,177,505,28,1578,5,480,17,5
"685","2020-05-14",214,8,165,536,3408,0.770246478873239,8250,25059,177,505,33,1611,9,489,22,9
"686","2020-05-15",220,8,161,507,3408,0.770246478873239,8250,25059,177,505,23,1634,10,499,15,10
"687","2020-05-16",203,8,164,481,3408,0.770246478873239,8250,25059,177,505,26,1660,8,507,20,8
"688","2020-05-17",188,8,172,480,3408,0.770246478873239,8250,25059,177,505,29,1689,6,513,21,6
"689","2020-05-18",184,8,178,447,3408,0.770246478873239,8250,25059,177,505,30,1719,7,520,23,7
"690","2020-05-19",161,8,171,428,3408,0.770246478873239,8250,25059,177,505,14,1733,9,529,8,9
"691","2020-05-20",143,8,180,391,3408,0.770246478873239,8250,25059,177,505,25,1758,7,536,19,7
"692","2020-05-21",140,8,178,368,3408,0.770246478873239,8250,25059,177,505,23,1781,2,538,17,2
"693","2020-05-22",121,8,176,355,3408,0.770246478873239,8250,25059,177,505,24,1805,8,546,21,8
"694","2020-05-23",130,8,175,351,3408,0.770246478873239,8250,25059,177,505,18,1823,11,557,16,11
"695","2020-05-24",111,8,163,330,3408,0.770246478873239,8250,25059,177,505,27,1850,12,569,22,12
"696","2020-05-25",102,8,144,313,3408,0.770246478873239,8250,25059,177,505,20,1870,3,572,15,3
"697","2020-05-26",109,8,134,317,3408,0.770246478873239,8250,25059,177,505,19,1889,5,577,8,5
"698","2020-05-27",114,8,143,301,3408,0.770246478873239,8250,25059,177,505,27,1916,9,586,19,9
"699","2020-05-28",108,8,149,287,3408,0.770246478873239,8250,25059,177,505,16,1932,5,591,15,5
"700","2020-05-29",109,8,147,271,3408,0.770246478873239,8250,25059,177,505,23,1955,4,595,18,4
"701","2020-05-30",99,8,140,256,3408,0.770246478873239,8250,25059,177,505,17,1972,5,600,13,5
"702","2020-05-31",92,8,134,245,3408,0.770246478873239,8250,25059,177,505,15,1987,5,605,11,5
"703","2020-06-01",94,8,126,241,3408,0.770246478873239,8250,25059,177,505,20,2007,11,616,14,11
"704","2020-06-02",85,8,136,234,3408,0.770246478873239,8250,25059,177,505,20,2027,7,623,16,7
"705","2020-06-03",79,8,141,218,3408,0.770246478873239,8250,25059,177,505,14,2041,9,632,13,9
"706","2020-06-04",76,8,143,221,3408,0.770246478873239,8250,25059,177,505,16,2057,10,642,11,10
"707","2020-06-05",77,8,135,211,3408,0.770246478873239,8250,25059,177,505,13,2070,6,648,11,6
"708","2020-06-06",78,8,136,202,3408,0.770246478873239,8250,25059,177,505,11,2081,10,658,10,10
"709","2020-06-07",82,8,136,208,3408,0.770246478873239,8250,25059,177,505,8,2089,7,665,8,7
"710","2020-03-14",1,9,24,13,5195,0.975553416746872,8355,29556,323,301,3,10,7,38,2,7
"711","2020-03-15",2,9,24,22,5195,0.975553416746872,8355,29556,323,301,6,16,9,47,4,9
"712","2020-03-16",2,9,23,25,5195,0.975553416746872,8355,29556,323,301,6,22,7,54,4,7
"713","2020-03-17",3,9,30,37,5195,0.975553416746872,8355,29556,323,301,8,30,7,61,7,7
"714","2020-03-18",4,9,45,42,5195,0.975553416746872,8355,29556,323,301,8,38,2,63,7,2
"715","2020-03-19",5,9,46,51,5195,0.975553416746872,8355,29556,323,301,5,43,5,68,5,5
"716","2020-03-20",9,9,43,61,5195,0.975553416746872,8355,29556,323,301,13,56,5,73,11,5
"717","2020-03-21",14,9,39,71,5195,0.975553416746872,8355,29556,323,301,12,68,10,83,11,10
"718","2020-03-22",20,9,42,82,5195,0.975553416746872,8355,29556,323,301,16,84,3,86,16,3
"719","2020-03-23",19,9,37,92,5195,0.975553416746872,8355,29556,323,301,12,96,1,87,11,1
"720","2020-03-24",17,9,39,101,5195,0.975553416746872,8355,29556,323,301,29,125,3,90,28,3
"721","2020-03-25",22,9,44,117,5195,0.975553416746872,8355,29556,323,301,28,153,10,100,27,10
"722","2020-03-26",24,9,44,126,5195,0.975553416746872,8355,29556,323,301,28,181,5,105,27,5
"723","2020-03-27",27,9,32,141,5195,0.975553416746872,8355,29556,323,301,24,205,3,108,23,3
"724","2020-03-28",36,9,35,171,5195,0.975553416746872,8355,29556,323,301,34,239,8,116,32,8
"725","2020-03-29",47,9,38,187,5195,0.975553416746872,8355,29556,323,301,34,273,5,121,33,5
"726","2020-03-30",48,9,42,216,5195,0.975553416746872,8355,29556,323,301,62,335,2,123,58,2
"727","2020-03-31",50,9,41,235,5195,0.975553416746872,8355,29556,323,301,48,383,2,125,45,2
"728","2020-04-01",54,9,38,257,5195,0.975553416746872,8355,29556,323,301,26,409,7,132,26,7
"729","2020-04-02",59,9,37,292,5195,0.975553416746872,8355,29556,323,301,45,454,11,143,41,11
"730","2020-04-03",72,9,34,321,5195,0.975553416746872,8355,29556,323,301,67,521,6,149,64,6
"731","2020-04-04",73,9,36,363,5195,0.975553416746872,8355,29556,323,301,46,567,2,151,45,2
"732","2020-04-05",92,9,38,416,5195,0.975553416746872,8355,29556,323,301,73,640,2,153,71,2
"733","2020-04-06",106,9,49,439,5195,0.975553416746872,8355,29556,323,301,107,747,17,170,101,17
"734","2020-04-07",100,9,53,488,5195,0.975553416746872,8355,29556,323,301,78,825,11,181,78,11
"735","2020-04-08",111,9,51,534,5195,0.975553416746872,8355,29556,323,301,77,902,13,194,75,13
"736","2020-04-09",122,9,52,576,5195,0.975553416746872,8355,29556,323,301,115,1017,6,200,113,6
"737","2020-04-10",171,9,46,635,5195,0.975553416746872,8355,29556,323,301,80,1097,12,212,78,12
"738","2020-04-11",207,9,48,687,5195,0.975553416746872,8355,29556,323,301,94,1191,10,222,94,10
"739","2020-04-12",194,9,44,725,5195,0.975553416746872,8355,29556,323,301,112,1303,4,226,110,4
"740","2020-04-13",196,9,44,780,5195,0.975553416746872,8355,29556,323,301,105,1408,10,236,104,10
"741","2020-04-14",214,9,35,822,5195,0.975553416746872,8355,29556,323,301,88,1496,6,242,85,6
"742","2020-04-15",233,9,33,882,5195,0.975553416746872,8355,29556,323,301,128,1624,8,250,125,8
"743","2020-04-16",248,9,34,941,5195,0.975553416746872,8355,29556,323,301,95,1719,8,258,92,8
"744","2020-04-17",287,9,35,991,5195,0.975553416746872,8355,29556,323,301,112,1831,13,271,111,13
"745","2020-04-18",308,9,34,1050,5195,0.975553416746872,8355,29556,323,301,124,1955,20,291,124,20
"746","2020-04-19",293,9,33,1126,5195,0.975553416746872,8355,29556,323,301,117,2072,8,299,114,8
"747","2020-04-20",294,9,43,1203,5195,0.975553416746872,8355,29556,323,301,125,2197,21,320,125,21
"748","2020-04-21",301,9,41,1269,5195,0.975553416746872,8355,29556,323,301,137,2334,10,330,136,10
"749","2020-04-22",313,9,57,1314,5195,0.975553416746872,8355,29556,323,301,132,2466,4,334,131,4
"750","2020-04-23",336,9,59,1361,5195,0.975553416746872,8355,29556,323,301,127,2593,8,342,125,8
"751","2020-04-24",439,9,59,1407,5195,0.975553416746872,8355,29556,323,301,119,2712,16,358,118,16
"752","2020-04-25",461,9,72,1477,5195,0.975553416746872,8355,29556,323,301,160,2872,28,386,159,28
"753","2020-04-26",495,9,76,1498,5195,0.975553416746872,8355,29556,323,301,144,3016,18,404,144,18
"754","2020-04-27",490,9,89,1511,5195,0.975553416746872,8355,29556,323,301,146,3162,25,429,144,25
"755","2020-04-28",511,9,103,1524,5195,0.975553416746872,8355,29556,323,301,127,3289,13,442,126,13
"756","2020-04-29",505,9,90,1498,5195,0.975553416746872,8355,29556,323,301,122,3411,3,445,121,3
"757","2020-04-30",511,9,98,1489,5195,0.975553416746872,8355,29556,323,301,125,3536,3,448,123,3
"758","2020-05-01",543,9,86,1468,5195,0.975553416746872,8355,29556,323,301,113,3649,5,453,112,5
"759","2020-05-02",543,9,83,1473,5195,0.975553416746872,8355,29556,323,301,121,3770,19,472,120,19
"760","2020-05-03",497,9,85,1421,5195,0.975553416746872,8355,29556,323,301,102,3872,11,483,102,11
"761","2020-05-04",502,9,86,1386,5195,0.975553416746872,8355,29556,323,301,89,3961,15,498,89,15
"762","2020-05-05",486,9,71,1343,5195,0.975553416746872,8355,29556,323,301,92,4053,12,510,91,12
"763","2020-05-06",486,9,67,1307,5195,0.975553416746872,8355,29556,323,301,77,4130,5,515,76,5
"764","2020-05-07",477,9,67,1225,5195,0.975553416746872,8355,29556,323,301,94,4224,5,520,91,5
"765","2020-05-08",473,9,68,1154,5195,0.975553416746872,8355,29556,323,301,87,4311,2,522,85,2
"766","2020-05-09",449,9,67,1100,5195,0.975553416746872,8355,29556,323,301,71,4382,5,527,71,5
"767","2020-05-10",437,9,69,1064,5195,0.975553416746872,8355,29556,323,301,71,4453,18,545,69,18
"768","2020-05-11",429,9,71,999,5195,0.975553416746872,8355,29556,323,301,69,4522,10,555,67,10
"769","2020-05-12",403,9,76,942,5195,0.975553416746872,8355,29556,323,301,71,4593,12,567,70,12
"770","2020-05-13",394,9,68,888,5195,0.975553416746872,8355,29556,323,301,46,4639,7,574,46,7
"771","2020-05-14",364,9,57,838,5195,0.975553416746872,8355,29556,323,301,66,4705,6,580,66,6
"772","2020-05-15",333,9,49,782,5195,0.975553416746872,8355,29556,323,301,41,4746,11,591,41,11
"773","2020-05-16",333,9,46,729,5195,0.975553416746872,8355,29556,323,301,35,4781,14,605,34,14
"774","2020-05-17",281,9,54,673,5195,0.975553416746872,8355,29556,323,301,31,4812,9,614,31,9
"775","2020-05-18",258,9,55,610,5195,0.975553416746872,8355,29556,323,301,36,4848,6,620,35,6
"776","2020-05-19",248,9,58,557,5195,0.975553416746872,8355,29556,323,301,30,4878,1,621,30,1
"777","2020-05-20",232,9,63,506,5195,0.975553416746872,8355,29556,323,301,26,4904,13,634,26,13
"778","2020-05-21",228,9,60,471,5195,0.975553416746872,8355,29556,323,301,24,4928,7,641,24,7
"779","2020-05-22",212,9,53,433,5195,0.975553416746872,8355,29556,323,301,22,4950,3,644,21,3
"780","2020-05-23",192,9,59,405,5195,0.975553416746872,8355,29556,323,301,26,4976,16,660,26,16
"781","2020-05-24",166,9,68,378,5195,0.975553416746872,8355,29556,323,301,18,4994,20,680,16,20
"782","2020-05-25",157,9,62,357,5195,0.975553416746872,8355,29556,323,301,18,5012,9,689,18,9
"783","2020-05-26",141,9,56,332,5195,0.975553416746872,8355,29556,323,301,14,5026,10,699,12,10
"784","2020-05-27",133,9,52,304,5195,0.975553416746872,8355,29556,323,301,15,5041,13,712,15,13
"785","2020-05-28",128,9,49,280,5195,0.975553416746872,8355,29556,323,301,20,5061,12,724,19,12
"786","2020-05-29",111,9,52,252,5195,0.975553416746872,8355,29556,323,301,11,5072,11,735,11,11
"787","2020-05-30",111,9,43,222,5195,0.975553416746872,8355,29556,323,301,7,5079,14,749,7,14
"788","2020-05-31",96,9,38,200,5195,0.975553416746872,8355,29556,323,301,9,5088,11,760,9,11
"789","2020-06-01",89,9,33,190,5195,0.975553416746872,8355,29556,323,301,9,5097,6,766,9,6
"790","2020-06-02",81,9,35,168,5195,0.975553416746872,8355,29556,323,301,10,5107,8,774,9,8
"791","2020-06-03",73,9,32,164,5195,0.975553416746872,8355,29556,323,301,12,5119,7,781,12,7
"792","2020-06-04",63,9,36,147,5195,0.975553416746872,8355,29556,323,301,9,5128,13,794,9,13
"793","2020-06-05",52,9,38,136,5195,0.975553416746872,8355,29556,323,301,15,5143,14,808,15,14
"794","2020-06-06",47,9,45,124,5195,0.975553416746872,8355,29556,323,301,12,5155,5,813,12,5
"795","2020-06-07",47,9,45,115,5195,0.975553416746872,8355,29556,323,301,10,5165,5,818,9,5
"796","2020-03-16",1,10,21,28,5457,0.970313358988455,8415,30873,279,314,9,35,NA,NA,5,NA
"797","2020-03-17",1,10,34,31,5457,0.970313358988455,8415,30873,279,314,11,46,4,10,4,4
"798","2020-03-18",1,10,39,42,5457,0.970313358988455,8415,30873,279,314,7,53,4,14,4,4
"799","2020-03-19",2,10,42,54,5457,0.970313358988455,8415,30873,279,314,12,65,4,18,4,4
"800","2020-03-20",5,10,34,72,5457,0.970313358988455,8415,30873,279,314,18,83,6,24,6,6
"801","2020-03-21",16,10,30,87,5457,0.970313358988455,8415,30873,279,314,22,105,1,25,15,1
"802","2020-03-22",20,10,33,105,5457,0.970313358988455,8415,30873,279,314,18,123,1,26,12,1
"803","2020-03-23",19,10,31,126,5457,0.970313358988455,8415,30873,279,314,24,147,2,28,20,2
"804","2020-03-24",21,10,33,145,5457,0.970313358988455,8415,30873,279,314,28,175,4,32,17,4
"805","2020-03-25",22,10,31,163,5457,0.970313358988455,8415,30873,279,314,27,202,2,34,18,2
"806","2020-03-26",26,10,29,192,5457,0.970313358988455,8415,30873,279,314,33,235,4,38,27,4
"807","2020-03-27",41,10,34,213,5457,0.970313358988455,8415,30873,279,314,32,267,5,43,28,5
"808","2020-03-28",57,10,31,235,5457,0.970313358988455,8415,30873,279,314,33,300,6,49,27,6
"809","2020-03-29",56,10,47,254,5457,0.970313358988455,8415,30873,279,314,46,346,6,55,41,6
"810","2020-03-30",60,10,46,278,5457,0.970313358988455,8415,30873,279,314,31,377,6,61,20,6
"811","2020-03-31",64,10,42,302,5457,0.970313358988455,8415,30873,279,314,41,418,6,67,33,6
"812","2020-04-01",69,10,50,324,5457,0.970313358988455,8415,30873,279,314,58,476,2,69,53,2
"813","2020-04-02",79,10,45,355,5457,0.970313358988455,8415,30873,279,314,44,520,2,71,37,2
"814","2020-04-03",103,10,46,394,5457,0.970313358988455,8415,30873,279,314,52,572,2,73,47,2
"815","2020-04-04",119,10,53,445,5457,0.970313358988455,8415,30873,279,314,46,618,5,78,40,5
"816","2020-04-05",127,10,54,466,5457,0.970313358988455,8415,30873,279,314,49,667,5,83,40,5
"817","2020-04-06",123,10,69,512,5457,0.970313358988455,8415,30873,279,314,48,715,5,88,44,5
"818","2020-04-07",136,10,63,559,5457,0.970313358988455,8415,30873,279,314,51,766,3,91,42,3
"819","2020-04-08",151,10,55,604,5457,0.970313358988455,8415,30873,279,314,62,828,9,100,53,9
"820","2020-04-09",162,10,51,663,5457,0.970313358988455,8415,30873,279,314,66,894,6,106,63,6
"821","2020-04-10",195,10,64,710,5457,0.970313358988455,8415,30873,279,314,72,966,15,121,65,15
"822","2020-04-11",250,10,75,774,5457,0.970313358988455,8415,30873,279,314,64,1030,5,126,53,5
"823","2020-04-12",243,10,79,838,5457,0.970313358988455,8415,30873,279,314,49,1079,13,139,42,13
"824","2020-04-13",235,10,77,910,5457,0.970313358988455,8415,30873,279,314,58,1137,15,154,53,15
"825","2020-04-14",245,10,76,986,5457,0.970313358988455,8415,30873,279,314,57,1194,9,163,48,9
"826","2020-04-15",263,10,77,1019,5457,0.970313358988455,8415,30873,279,314,51,1245,8,171,47,8
"827","2020-04-16",277,10,69,1066,5457,0.970313358988455,8415,30873,279,314,96,1341,5,176,91,5
"828","2020-04-17",351,10,67,1147,5457,0.970313358988455,8415,30873,279,314,67,1408,7,183,59,7
"829","2020-04-18",370,10,78,1222,5457,0.970313358988455,8415,30873,279,314,62,1470,12,195,53,12
"830","2020-04-19",364,10,79,1303,5457,0.970313358988455,8415,30873,279,314,70,1540,13,208,63,13
"831","2020-04-20",364,10,89,1328,5457,0.970313358988455,8415,30873,279,314,86,1626,11,219,79,11
"832","2020-04-21",378,10,107,1352,5457,0.970313358988455,8415,30873,279,314,71,1697,15,234,64,15
"833","2020-04-22",389,10,103,1433,5457,0.970313358988455,8415,30873,279,314,97,1794,13,247,91,13
"834","2020-04-23",402,10,93,1468,5457,0.970313358988455,8415,30873,279,314,64,1858,9,256,58,9
"835","2020-04-24",487,10,92,1521,5457,0.970313358988455,8415,30873,279,314,77,1935,13,269,69,13
"836","2020-04-25",491,10,88,1555,5457,0.970313358988455,8415,30873,279,314,58,1993,22,291,54,22
"837","2020-04-26",487,10,84,1556,5457,0.970313358988455,8415,30873,279,314,76,2069,21,312,69,21
"838","2020-04-27",495,10,91,1570,5457,0.970313358988455,8415,30873,279,314,66,2135,20,332,57,20
"839","2020-04-28",496,10,83,1579,5457,0.970313358988455,8415,30873,279,314,70,2205,8,340,63,8
"840","2020-04-29",514,10,91,1583,5457,0.970313358988455,8415,30873,279,314,49,2254,9,349,43,9
"841","2020-04-30",527,10,91,1581,5457,0.970313358988455,8415,30873,279,314,77,2331,15,364,73,15
"842","2020-05-01",569,10,98,1523,5457,0.970313358988455,8415,30873,279,314,63,2394,23,387,59,23
"843","2020-05-02",575,10,88,1489,5457,0.970313358988455,8415,30873,279,314,48,2442,11,398,42,11
"844","2020-05-03",527,10,77,1429,5457,0.970313358988455,8415,30873,279,314,60,2502,13,411,51,13
"845","2020-05-04",518,10,79,1401,5457,0.970313358988455,8415,30873,279,314,63,2565,13,424,56,13
"846","2020-05-05",516,10,85,1394,5457,0.970313358988455,8415,30873,279,314,56,2621,11,435,49,11
"847","2020-05-06",499,10,88,1324,5457,0.970313358988455,8415,30873,279,314,51,2672,13,448,42,13
"848","2020-05-07",477,10,86,1287,5457,0.970313358988455,8415,30873,279,314,47,2719,21,469,41,21
"849","2020-05-08",467,10,100,1215,5457,0.970313358988455,8415,30873,279,314,49,2768,14,483,47,14
"850","2020-05-09",472,10,105,1161,5457,0.970313358988455,8415,30873,279,314,42,2810,6,489,36,6
"851","2020-05-10",446,10,105,1080,5457,0.970313358988455,8415,30873,279,314,59,2869,12,501,55,12
"852","2020-05-11",415,10,107,1015,5457,0.970313358988455,8415,30873,279,314,53,2922,11,512,47,11
"853","2020-05-12",395,10,123,941,5457,0.970313358988455,8415,30873,279,314,40,2962,7,519,36,7
"854","2020-05-13",376,10,121,880,5457,0.970313358988455,8415,30873,279,314,47,3009,8,527,39,8
"855","2020-05-14",376,10,114,826,5457,0.970313358988455,8415,30873,279,314,56,3065,10,537,52,10
"856","2020-05-15",324,10,105,748,5457,0.970313358988455,8415,30873,279,314,33,3098,12,549,30,12
"857","2020-05-16",307,10,106,692,5457,0.970313358988455,8415,30873,279,314,36,3134,9,558,31,9
"858","2020-05-17",273,10,92,634,5457,0.970313358988455,8415,30873,279,314,40,3174,3,561,28,3
"859","2020-05-18",257,10,88,594,5457,0.970313358988455,8415,30873,279,314,41,3215,4,565,37,4
"860","2020-05-19",239,10,89,526,5457,0.970313358988455,8415,30873,279,314,37,3252,5,570,31,5
"861","2020-05-20",236,10,83,466,5457,0.970313358988455,8415,30873,279,314,47,3299,6,576,46,6
"862","2020-05-21",212,10,78,435,5457,0.970313358988455,8415,30873,279,314,37,3336,4,580,34,4
"863","2020-05-22",185,10,69,399,5457,0.970313358988455,8415,30873,279,314,30,3366,5,585,26,5
"864","2020-05-23",167,10,71,359,5457,0.970313358988455,8415,30873,279,314,37,3403,1,586,34,1
"865","2020-05-24",152,10,78,317,5457,0.970313358988455,8415,30873,279,314,38,3441,6,592,38,6
"866","2020-05-25",142,10,73,294,5457,0.970313358988455,8415,30873,279,314,33,3474,12,604,32,12
"867","2020-05-26",129,10,75,270,5457,0.970313358988455,8415,30873,279,314,24,3498,3,607,21,3
"868","2020-05-27",111,10,72,258,5457,0.970313358988455,8415,30873,279,314,26,3524,6,613,21,6
"869","2020-05-28",100,10,74,240,5457,0.970313358988455,8415,30873,279,314,24,3548,6,619,23,6
"870","2020-05-29",84,10,66,221,5457,0.970313358988455,8415,30873,279,314,26,3574,2,621,23,2
"871","2020-05-30",78,10,75,208,5457,0.970313358988455,8415,30873,279,314,19,3593,3,624,18,3
"872","2020-05-31",72,10,66,189,5457,0.970313358988455,8415,30873,279,314,12,3605,3,627,11,3
"873","2020-06-01",69,10,65,171,5457,0.970313358988455,8415,30873,279,314,26,3631,3,630,22,3
"874","2020-06-02",65,10,63,155,5457,0.970313358988455,8415,30873,279,314,20,3651,4,634,18,4
"875","2020-06-03",62,10,55,153,5457,0.970313358988455,8415,30873,279,314,19,3670,3,637,14,3
"876","2020-06-04",59,10,65,140,5457,0.970313358988455,8415,30873,279,314,24,3694,5,642,22,5
"877","2020-06-05",58,10,72,123,5457,0.970313358988455,8415,30873,279,314,9,3703,5,647,8,5
"878","2020-06-06",50,10,68,116,5457,0.970313358988455,8415,30873,279,314,16,3719,4,651,13,4
"879","2020-06-07",43,10,64,103,5457,0.970313358988455,8415,30873,279,314,13,3732,6,657,12,6
"880","2020-03-14",1,11,22,34,5326,0.899173864063087,8325,31734,310,269,16,49,12,42,6,12
"881","2020-03-15",3,11,31,43,5326,0.899173864063087,8325,31734,310,269,14,63,8,50,7,8
"882","2020-03-16",7,11,32,58,5326,0.899173864063087,8325,31734,310,269,28,91,16,66,8,16
"883","2020-03-17",7,11,44,77,5326,0.899173864063087,8325,31734,310,269,16,107,10,76,9,10
"884","2020-03-18",8,11,41,97,5326,0.899173864063087,8325,31734,310,269,21,128,15,91,7,15
"885","2020-03-19",10,11,38,126,5326,0.899173864063087,8325,31734,310,269,13,141,11,102,9,11
"886","2020-03-20",16,11,33,146,5326,0.899173864063087,8325,31734,310,269,45,186,11,113,32,11
"887","2020-03-21",22,11,38,187,5326,0.899173864063087,8325,31734,310,269,18,204,19,132,11,19
"888","2020-03-22",35,11,35,230,5326,0.899173864063087,8325,31734,310,269,34,238,19,151,19,19
"889","2020-03-23",43,11,37,260,5326,0.899173864063087,8325,31734,310,269,40,278,15,166,23,15
"890","2020-03-24",48,11,49,278,5326,0.899173864063087,8325,31734,310,269,25,303,21,187,16,21
"891","2020-03-25",58,11,54,320,5326,0.899173864063087,8325,31734,310,269,34,337,20,207,22,20
"892","2020-03-26",63,11,50,346,5326,0.899173864063087,8325,31734,310,269,50,387,20,227,39,20
"893","2020-03-27",79,11,61,386,5326,0.899173864063087,8325,31734,310,269,42,429,14,241,30,14
"894","2020-03-28",110,11,68,446,5326,0.899173864063087,8325,31734,310,269,39,468,10,251,29,10
"895","2020-03-29",122,11,77,490,5326,0.899173864063087,8325,31734,310,269,49,517,17,268,42,17
"896","2020-03-30",117,11,65,533,5326,0.899173864063087,8325,31734,310,269,44,561,20,288,31,20
"897","2020-03-31",129,11,68,566,5326,0.899173864063087,8325,31734,310,269,65,626,13,301,54,13
"898","2020-04-01",148,11,57,621,5326,0.899173864063087,8325,31734,310,269,55,681,12,313,43,12
"899","2020-04-02",159,11,53,661,5326,0.899173864063087,8325,31734,310,269,65,746,19,332,51,19
"900","2020-04-03",190,11,56,714,5326,0.899173864063087,8325,31734,310,269,55,801,12,344,41,12
"901","2020-04-04",227,11,49,755,5326,0.899173864063087,8325,31734,310,269,63,864,24,368,53,24
"902","2020-04-05",224,11,43,816,5326,0.899173864063087,8325,31734,310,269,48,912,21,389,29,21
"903","2020-04-06",216,11,37,863,5326,0.899173864063087,8325,31734,310,269,62,974,22,411,52,22
"904","2020-04-07",223,11,37,934,5326,0.899173864063087,8325,31734,310,269,54,1028,14,425,44,14
"905","2020-04-08",232,11,34,1014,5326,0.899173864063087,8325,31734,310,269,55,1083,27,452,47,27
"906","2020-04-09",250,11,37,1047,5326,0.899173864063087,8325,31734,310,269,58,1141,32,484,46,32
"907","2020-04-10",334,11,49,1073,5326,0.899173864063087,8325,31734,310,269,53,1194,21,505,48,21
"908","2020-04-11",331,11,52,1132,5326,0.899173864063087,8325,31734,310,269,59,1253,24,529,49,24
"909","2020-04-12",356,11,51,1201,5326,0.899173864063087,8325,31734,310,269,55,1308,22,551,44,22
"910","2020-04-13",372,11,54,1251,5326,0.899173864063087,8325,31734,310,269,59,1367,32,583,47,32
"911","2020-04-14",358,11,51,1324,5326,0.899173864063087,8325,31734,310,269,51,1418,22,605,37,22
"912","2020-04-15",379,11,67,1380,5326,0.899173864063087,8325,31734,310,269,50,1468,18,623,43,18
"913","2020-04-16",394,11,67,1416,5326,0.899173864063087,8325,31734,310,269,50,1518,40,663,37,40
"914","2020-04-17",454,11,61,1430,5326,0.899173864063087,8325,31734,310,269,63,1581,27,690,53,27
"915","2020-04-18",493,11,58,1452,5326,0.899173864063087,8325,31734,310,269,58,1639,33,723,44,33
"916","2020-04-19",472,11,75,1494,5326,0.899173864063087,8325,31734,310,269,78,1717,29,752,56,29
"917","2020-04-20",475,11,68,1474,5326,0.899173864063087,8325,31734,310,269,62,1779,31,783,50,31
"918","2020-04-21",490,11,71,1448,5326,0.899173864063087,8325,31734,310,269,72,1851,34,817,55,34
"919","2020-04-22",478,11,80,1404,5326,0.899173864063087,8325,31734,310,269,41,1892,33,850,31,33
"920","2020-04-23",473,11,101,1418,5326,0.899173864063087,8325,31734,310,269,56,1948,35,885,48,35
"921","2020-04-24",543,11,108,1371,5326,0.899173864063087,8325,31734,310,269,48,1996,35,920,38,35
"922","2020-04-25",530,11,98,1331,5326,0.899173864063087,8325,31734,310,269,54,2050,31,951,40,31
"923","2020-04-26",499,11,89,1289,5326,0.899173864063087,8325,31734,310,269,64,2114,49,1000,52,49
"924","2020-04-27",479,11,81,1228,5326,0.899173864063087,8325,31734,310,269,54,2168,44,1044,43,44
"925","2020-04-28",458,11,84,1178,5326,0.899173864063087,8325,31734,310,269,62,2230,40,1084,52,40
"926","2020-04-29",440,11,76,1141,5326,0.899173864063087,8325,31734,310,269,40,2270,40,1124,30,40
"927","2020-04-30",434,11,76,1119,5326,0.899173864063087,8325,31734,310,269,51,2321,40,1164,48,40
"928","2020-05-01",386,11,74,1074,5326,0.899173864063087,8325,31734,310,269,49,2370,45,1209,40,45
"929","2020-05-02",389,11,75,1006,5326,0.899173864063087,8325,31734,310,269,46,2416,41,1250,39,41
"930","2020-05-03",339,11,69,950,5326,0.899173864063087,8325,31734,310,269,54,2470,35,1285,44,35
"931","2020-05-04",329,11,61,896,5326,0.899173864063087,8325,31734,310,269,43,2513,46,1331,34,46
"932","2020-05-05",314,11,52,844,5326,0.899173864063087,8325,31734,310,269,45,2558,33,1364,34,33
"933","2020-05-06",314,11,44,797,5326,0.899173864063087,8325,31734,310,269,42,2600,41,1405,34,41
"934","2020-05-07",303,11,43,748,5326,0.899173864063087,8325,31734,310,269,57,2657,41,1446,43,41
"935","2020-05-08",296,11,36,717,5326,0.899173864063087,8325,31734,310,269,60,2717,35,1481,42,35
"936","2020-05-09",275,11,45,665,5326,0.899173864063087,8325,31734,310,269,43,2760,26,1507,31,26
"937","2020-05-10",254,11,46,630,5326,0.899173864063087,8325,31734,310,269,43,2803,30,1537,34,30
"938","2020-05-11",243,11,47,593,5326,0.899173864063087,8325,31734,310,269,40,2843,25,1562,31,25
"939","2020-05-12",243,11,44,561,5326,0.899173864063087,8325,31734,310,269,39,2882,31,1593,31,31
"940","2020-05-13",235,11,50,522,5326,0.899173864063087,8325,31734,310,269,47,2929,43,1636,37,43
"941","2020-05-14",225,11,65,493,5326,0.899173864063087,8325,31734,310,269,34,2963,35,1671,24,35
"942","2020-05-15",177,11,65,481,5326,0.899173864063087,8325,31734,310,269,37,3000,47,1718,28,47
"943","2020-05-16",177,11,62,460,5326,0.899173864063087,8325,31734,310,269,34,3034,38,1756,26,38
"944","2020-05-17",164,11,57,427,5326,0.899173864063087,8325,31734,310,269,44,3078,33,1789,36,33
"945","2020-05-18",157,11,57,400,5326,0.899173864063087,8325,31734,310,269,27,3105,45,1834,21,45
"946","2020-05-19",139,11,55,377,5326,0.899173864063087,8325,31734,310,269,30,3135,44,1878,21,44
"947","2020-05-20",134,11,52,363,5326,0.899173864063087,8325,31734,310,269,30,3165,26,1904,17,26
"948","2020-05-21",127,11,65,341,5326,0.899173864063087,8325,31734,310,269,24,3189,42,1946,21,42
"949","2020-05-22",137,11,78,320,5326,0.899173864063087,8325,31734,310,269,24,3213,42,1988,20,42
"950","2020-05-23",121,11,65,299,5326,0.899173864063087,8325,31734,310,269,23,3236,40,2028,17,40
"951","2020-05-24",109,11,58,285,5326,0.899173864063087,8325,31734,310,269,21,3257,31,2059,15,31
"952","2020-05-25",102,11,59,261,5326,0.899173864063087,8325,31734,310,269,27,3284,35,2094,13,35
"953","2020-05-26",104,11,47,248,5326,0.899173864063087,8325,31734,310,269,28,3312,54,2148,25,54
"954","2020-05-27",100,11,40,218,5326,0.899173864063087,8325,31734,310,269,21,3333,40,2188,17,40
"955","2020-05-28",94,11,37,208,5326,0.899173864063087,8325,31734,310,269,20,3353,47,2235,14,47
"956","2020-05-29",83,11,37,190,5326,0.899173864063087,8325,31734,310,269,19,3372,36,2271,14,36
"957","2020-05-30",75,11,51,181,5326,0.899173864063087,8325,31734,310,269,15,3387,26,2297,11,26
"958","2020-05-31",75,11,59,169,5326,0.899173864063087,8325,31734,310,269,12,3399,36,2333,7,36
"959","2020-06-01",73,11,64,156,5326,0.899173864063087,8325,31734,310,269,14,3413,39,2372,10,39
"960","2020-06-02",62,11,55,152,5326,0.899173864063087,8325,31734,310,269,18,3431,38,2410,15,38
"961","2020-06-03",62,11,56,138,5326,0.899173864063087,8325,31734,310,269,13,3444,31,2441,8,31
"962","2020-06-04",60,11,52,128,5326,0.899173864063087,8325,31734,310,269,9,3453,29,2470,7,29
"963","2020-06-05",56,11,53,123,5326,0.899173864063087,8325,31734,310,269,14,3467,26,2496,12,26
"964","2020-06-06",54,11,50,124,5326,0.899173864063087,8325,31734,310,269,10,3477,20,2516,5,20
"965","2020-06-07",45,11,43,116,5326,0.899173864063087,8325,31734,310,269,11,3488,21,2537,10,21
"966","2020-03-13",1,12,15,26,2680,0.651492537313433,8400,22458,140,241,1,11,5,14,NA,5
"967","2020-03-14",3,12,15,40,2680,0.651492537313433,8400,22458,140,241,8,19,13,27,4,13
"968","2020-03-15",6,12,18,54,2680,0.651492537313433,8400,22458,140,241,7,26,7,34,5,7
"969","2020-03-16",5,12,18,64,2680,0.651492537313433,8400,22458,140,241,10,36,7,41,7,7
"970","2020-03-17",6,12,21,81,2680,0.651492537313433,8400,22458,140,241,13,49,2,43,9,2
"971","2020-03-18",13,12,25,88,2680,0.651492537313433,8400,22458,140,241,11,60,7,50,8,7
"972","2020-03-19",16,12,32,108,2680,0.651492537313433,8400,22458,140,241,13,73,7,57,9,7
"973","2020-03-20",19,12,39,125,2680,0.651492537313433,8400,22458,140,241,12,85,15,72,10,15
"974","2020-03-21",39,12,35,137,2680,0.651492537313433,8400,22458,140,241,17,102,17,89,13,17
"975","2020-03-22",43,12,26,148,2680,0.651492537313433,8400,22458,140,241,21,123,8,97,15,8
"976","2020-03-23",46,12,26,164,2680,0.651492537313433,8400,22458,140,241,24,147,6,103,17,6
"977","2020-03-24",53,12,29,174,2680,0.651492537313433,8400,22458,140,241,26,173,3,106,20,3
"978","2020-03-25",55,12,28,195,2680,0.651492537313433,8400,22458,140,241,36,209,7,113,29,7
"979","2020-03-26",55,12,35,203,2680,0.651492537313433,8400,22458,140,241,34,243,4,117,25,4
"980","2020-03-27",66,12,36,220,2680,0.651492537313433,8400,22458,140,241,27,270,2,119,24,2
"981","2020-03-28",58,12,35,227,2680,0.651492537313433,8400,22458,140,241,38,308,5,124,31,5
"982","2020-03-29",63,12,27,238,2680,0.651492537313433,8400,22458,140,241,42,350,8,132,34,8
"983","2020-03-30",69,12,40,253,2680,0.651492537313433,8400,22458,140,241,44,394,5,137,39,5
"984","2020-03-31",67,12,44,257,2680,0.651492537313433,8400,22458,140,241,33,427,3,140,28,3
"985","2020-04-01",63,12,56,255,2680,0.651492537313433,8400,22458,140,241,39,466,2,142,34,2
"986","2020-04-02",73,12,72,268,2680,0.651492537313433,8400,22458,140,241,30,496,4,146,27,4
"987","2020-04-03",75,12,66,272,2680,0.651492537313433,8400,22458,140,241,41,537,4,150,35,4
"988","2020-04-04",78,12,70,268,2680,0.651492537313433,8400,22458,140,241,43,580,3,153,35,3
"989","2020-04-05",82,12,78,273,2680,0.651492537313433,8400,22458,140,241,43,623,9,162,36,9
"990","2020-04-06",83,12,78,275,2680,0.651492537313433,8400,22458,140,241,38,661,14,176,34,14
"991","2020-04-07",83,12,69,288,2680,0.651492537313433,8400,22458,140,241,37,698,12,188,32,12
"992","2020-04-08",86,12,68,303,2680,0.651492537313433,8400,22458,140,241,55,753,16,204,47,16
"993","2020-04-09",86,12,65,298,2680,0.651492537313433,8400,22458,140,241,35,788,15,219,31,15
"994","2020-04-10",89,12,53,298,2680,0.651492537313433,8400,22458,140,241,40,828,12,231,33,12
"995","2020-04-11",86,12,51,308,2680,0.651492537313433,8400,22458,140,241,40,868,8,239,36,8
"996","2020-04-12",83,12,63,331,2680,0.651492537313433,8400,22458,140,241,34,902,16,255,31,16
"997","2020-04-13",79,12,62,338,2680,0.651492537313433,8400,22458,140,241,45,947,19,274,42,19
"998","2020-04-14",73,12,58,343,2680,0.651492537313433,8400,22458,140,241,37,984,13,287,32,13
"999","2020-04-15",80,12,62,353,2680,0.651492537313433,8400,22458,140,241,49,1033,12,299,43,12
"1000","2020-04-16",81,12,65,364,2680,0.651492537313433,8400,22458,140,241,46,1079,12,311,39,12
"1001","2020-04-17",98,12,54,363,2680,0.651492537313433,8400,22458,140,241,47,1126,8,319,39,8
"1002","2020-04-18",103,12,54,376,2680,0.651492537313433,8400,22458,140,241,32,1158,10,329,28,10
"1003","2020-04-19",111,12,57,391,2680,0.651492537313433,8400,22458,140,241,61,1219,17,346,55,17
"1004","2020-04-20",111,12,63,387,2680,0.651492537313433,8400,22458,140,241,67,1286,12,358,61,12
"1005","2020-04-21",120,12,74,408,2680,0.651492537313433,8400,22458,140,241,60,1346,14,372,56,14
"1006","2020-04-22",120,12,79,431,2680,0.651492537313433,8400,22458,140,241,42,1388,9,381,35,9
"1007","2020-04-23",122,12,92,451,2680,0.651492537313433,8400,22458,140,241,57,1445,21,402,50,21
"1008","2020-04-24",122,12,108,467,2680,0.651492537313433,8400,22458,140,241,40,1485,8,410,34,8
"1009","2020-04-25",125,12,110,482,2680,0.651492537313433,8400,22458,140,241,47,1532,20,430,40,20
"1010","2020-04-26",133,12,115,487,2680,0.651492537313433,8400,22458,140,241,52,1584,9,439,38,9
"1011","2020-04-27",141,12,110,497,2680,0.651492537313433,8400,22458,140,241,51,1635,15,454,44,15
"1012","2020-04-28",141,12,110,492,2680,0.651492537313433,8400,22458,140,241,58,1693,17,471,53,17
"1013","2020-04-29",150,12,111,495,2680,0.651492537313433,8400,22458,140,241,39,1732,13,484,35,13
"1014","2020-04-30",151,12,107,507,2680,0.651492537313433,8400,22458,140,241,47,1779,16,500,40,16
"1015","2020-05-01",171,12,108,499,2680,0.651492537313433,8400,22458,140,241,45,1824,9,509,40,9
"1016","2020-05-02",192,12,103,487,2680,0.651492537313433,8400,22458,140,241,47,1871,4,513,41,4
"1017","2020-05-03",181,12,104,485,2680,0.651492537313433,8400,22458,140,241,45,1916,6,519,40,6
"1018","2020-05-04",176,12,101,472,2680,0.651492537313433,8400,22458,140,241,35,1951,8,527,30,8
"1019","2020-05-05",170,12,95,462,2680,0.651492537313433,8400,22458,140,241,46,1997,18,545,39,18
"1020","2020-05-06",165,12,89,458,2680,0.651492537313433,8400,22458,140,241,58,2055,11,556,53,11
"1021","2020-05-07",161,12,85,448,2680,0.651492537313433,8400,22458,140,241,54,2109,7,563,46,7
"1022","2020-05-08",159,12,85,437,2680,0.651492537313433,8400,22458,140,241,47,2156,6,569,40,6
"1023","2020-05-09",143,12,93,437,2680,0.651492537313433,8400,22458,140,241,44,2200,2,571,43,2
"1024","2020-05-10",152,12,89,431,2680,0.651492537313433,8400,22458,140,241,50,2250,10,581,46,10
"1025","2020-05-11",147,12,95,430,2680,0.651492537313433,8400,22458,140,241,38,2288,17,598,32,17
"1026","2020-05-12",144,12,87,422,2680,0.651492537313433,8400,22458,140,241,44,2332,11,609,41,11
"1027","2020-05-13",139,12,95,424,2680,0.651492537313433,8400,22458,140,241,51,2383,7,616,45,7
"1028","2020-05-14",140,12,92,410,2680,0.651492537313433,8400,22458,140,241,51,2434,7,623,49,7
"1029","2020-05-15",144,12,107,415,2680,0.651492537313433,8400,22458,140,241,35,2469,12,635,31,12
"1030","2020-05-16",136,12,94,412,2680,0.651492537313433,8400,22458,140,241,31,2500,14,649,26,14
"1031","2020-05-17",125,12,88,392,2680,0.651492537313433,8400,22458,140,241,26,2526,13,662,23,13
"1032","2020-05-18",116,12,72,376,2680,0.651492537313433,8400,22458,140,241,38,2564,6,668,33,6
"1033","2020-05-19",105,12,67,376,2680,0.651492537313433,8400,22458,140,241,31,2595,5,673,28,5
"1034","2020-05-20",110,12,57,365,2680,0.651492537313433,8400,22458,140,241,38,2633,1,674,33,1
"1035","2020-05-21",114,12,55,348,2680,0.651492537313433,8400,22458,140,241,33,2666,6,680,31,6
"1036","2020-05-22",107,12,57,342,2680,0.651492537313433,8400,22458,140,241,35,2701,6,686,30,6
"1037","2020-05-23",130,12,51,334,2680,0.651492537313433,8400,22458,140,241,26,2727,8,694,22,8
"1038","2020-05-24",128,12,48,332,2680,0.651492537313433,8400,22458,140,241,24,2751,11,705,22,11
"1039","2020-05-25",134,12,49,326,2680,0.651492537313433,8400,22458,140,241,40,2791,10,715,36,10
"1040","2020-05-26",128,12,50,323,2680,0.651492537313433,8400,22458,140,241,28,2819,5,720,26,5
"1041","2020-05-27",122,12,47,310,2680,0.651492537313433,8400,22458,140,241,20,2839,8,728,17,8
"1042","2020-05-28",113,12,40,293,2680,0.651492537313433,8400,22458,140,241,29,2868,9,737,28,9
"1043","2020-05-29",126,12,43,284,2680,0.651492537313433,8400,22458,140,241,30,2898,16,753,27,16
"1044","2020-05-30",110,12,42,275,2680,0.651492537313433,8400,22458,140,241,30,2928,6,759,27,6
"1045","2020-05-31",89,12,47,263,2680,0.651492537313433,8400,22458,140,241,28,2956,8,767,24,8
"1046","2020-06-01",76,12,47,256,2680,0.651492537313433,8400,22458,140,241,22,2978,4,771,21,4
"1047","2020-06-02",72,12,43,244,2680,0.651492537313433,8400,22458,140,241,22,3000,6,777,19,6
"1048","2020-06-03",68,12,46,243,2680,0.651492537313433,8400,22458,140,241,28,3028,16,793,24,16
"1049","2020-06-04",65,12,43,245,2680,0.651492537313433,8400,22458,140,241,26,3054,6,799,24,6
"1050","2020-06-05",60,12,44,232,2680,0.651492537313433,8400,22458,140,241,20,3074,1,800,20,1
"1051","2020-06-06",55,12,42,220,2680,0.651492537313433,8400,22458,140,241,22,3096,4,804,20,4
"1052","2020-06-07",61,12,41,206,2680,0.651492537313433,8400,22458,140,241,27,3123,1,805,20,1
"1053","2020-03-07",1,13,0,0,5252,0.955255140898705,8370,30709,245,207,NA,NA,NA,NA,NA,NA
"1054","2020-03-08",1,13,0,0,5252,0.955255140898705,8370,30709,245,207,NA,NA,NA,NA,NA,NA
"1055","2020-03-09",0,13,0,0,5252,0.955255140898705,8370,30709,245,207,NA,NA,NA,NA,NA,NA
"1056","2020-03-10",0,13,0,0,5252,0.955255140898705,8370,30709,245,207,NA,NA,NA,NA,NA,NA
"1057","2020-03-11",0,13,0,0,5252,0.955255140898705,8370,30709,245,207,8,8,2,2,NA,2
"1058","2020-03-12",0,13,0,0,5252,0.955255140898705,8370,30709,245,207,11,19,4,6,1,4
"1059","2020-03-13",0,13,0,0,5252,0.955255140898705,8370,30709,245,207,4,23,7,13,1,7
"1060","2020-03-14",0,13,0,0,5252,0.955255140898705,8370,30709,245,207,10,33,NA,NA,7,NA
"1061","2020-03-15",0,13,0,0,5252,0.955255140898705,8370,30709,245,207,10,43,3,16,2,3
"1062","2020-03-16",0,13,0,0,5252,0.955255140898705,8370,30709,245,207,10,53,NA,NA,4,NA
"1063","2020-03-17",1,13,16,39,5252,0.955255140898705,8370,30709,245,207,12,65,1,17,8,1
"1064","2020-03-18",4,13,16,55,5252,0.955255140898705,8370,30709,245,207,18,83,3,20,14,3
"1065","2020-03-19",4,13,25,66,5252,0.955255140898705,8370,30709,245,207,23,106,4,24,16,4
"1066","2020-03-20",5,13,29,80,5252,0.955255140898705,8370,30709,245,207,18,124,3,27,7,3
"1067","2020-03-21",10,13,30,97,5252,0.955255140898705,8370,30709,245,207,20,144,1,28,15,1
"1068","2020-03-22",15,13,33,117,5252,0.955255140898705,8370,30709,245,207,31,175,NA,NA,22,NA
"1069","2020-03-23",18,13,35,134,5252,0.955255140898705,8370,30709,245,207,22,197,1,29,16,1
"1070","2020-03-24",22,13,36,147,5252,0.955255140898705,8370,30709,245,207,26,223,4,33,16,4
"1071","2020-03-25",26,13,43,157,5252,0.955255140898705,8370,30709,245,207,29,252,4,37,22,4
"1072","2020-03-26",32,13,37,175,5252,0.955255140898705,8370,30709,245,207,34,286,5,42,26,5
"1073","2020-03-27",41,13,41,199,5252,0.955255140898705,8370,30709,245,207,29,315,2,44,24,2
"1074","2020-03-28",49,13,36,217,5252,0.955255140898705,8370,30709,245,207,30,345,6,50,21,6
"1075","2020-03-29",49,13,34,235,5252,0.955255140898705,8370,30709,245,207,40,385,2,52,34,2
"1076","2020-03-30",50,13,32,257,5252,0.955255140898705,8370,30709,245,207,38,423,1,53,29,1
"1077","2020-03-31",58,13,31,270,5252,0.955255140898705,8370,30709,245,207,42,465,3,56,30,3
"1078","2020-04-01",60,13,30,301,5252,0.955255140898705,8370,30709,245,207,47,512,3,59,41,3
"1079","2020-04-02",71,13,34,347,5252,0.955255140898705,8370,30709,245,207,40,552,10,69,38,10
"1080","2020-04-03",88,13,39,390,5252,0.955255140898705,8370,30709,245,207,54,606,4,73,41,4
"1081","2020-04-04",87,13,45,439,5252,0.955255140898705,8370,30709,245,207,50,656,5,78,42,5
"1082","2020-04-05",112,13,52,479,5252,0.955255140898705,8370,30709,245,207,45,701,3,81,37,3
"1083","2020-04-06",127,13,62,520,5252,0.955255140898705,8370,30709,245,207,49,750,12,93,40,12
"1084","2020-04-07",125,13,55,579,5252,0.955255140898705,8370,30709,245,207,48,798,7,100,45,7
"1085","2020-04-08",151,13,66,619,5252,0.955255140898705,8370,30709,245,207,54,852,5,105,47,5
"1086","2020-04-09",158,13,70,661,5252,0.955255140898705,8370,30709,245,207,65,917,7,112,59,7
"1087","2020-04-10",192,13,74,722,5252,0.955255140898705,8370,30709,245,207,57,974,8,120,50,8
"1088","2020-04-11",236,13,82,779,5252,0.955255140898705,8370,30709,245,207,52,1026,9,129,46,9
"1089","2020-04-12",241,13,73,848,5252,0.955255140898705,8370,30709,245,207,44,1070,7,136,36,7
"1090","2020-04-13",248,13,75,888,5252,0.955255140898705,8370,30709,245,207,61,1131,7,143,51,7
"1091","2020-04-14",253,13,76,937,5252,0.955255140898705,8370,30709,245,207,75,1206,6,149,66,6
"1092","2020-04-15",249,13,77,1032,5252,0.955255140898705,8370,30709,245,207,53,1259,7,156,42,7
"1093","2020-04-16",255,13,79,1063,5252,0.955255140898705,8370,30709,245,207,67,1326,9,165,55,9
"1094","2020-04-17",316,13,72,1103,5252,0.955255140898705,8370,30709,245,207,52,1378,6,171,45,6
"1095","2020-04-18",314,13,67,1151,5252,0.955255140898705,8370,30709,245,207,63,1441,5,176,57,5
"1096","2020-04-19",330,13,71,1202,5252,0.955255140898705,8370,30709,245,207,64,1505,12,188,59,12
"1097","2020-04-20",346,13,68,1272,5252,0.955255140898705,8370,30709,245,207,69,1574,5,193,61,5
"1098","2020-04-21",356,13,76,1327,5252,0.955255140898705,8370,30709,245,207,60,1634,9,202,52,9
"1099","2020-04-22",368,13,68,1384,5252,0.955255140898705,8370,30709,245,207,70,1704,5,207,63,5
"1100","2020-04-23",403,13,65,1404,5252,0.955255140898705,8370,30709,245,207,49,1753,7,214,40,7
"1101","2020-04-24",466,13,60,1414,5252,0.955255140898705,8370,30709,245,207,58,1811,8,222,50,8
"1102","2020-04-25",496,13,67,1459,5252,0.955255140898705,8370,30709,245,207,70,1881,16,238,60,16
"1103","2020-04-26",498,13,71,1489,5252,0.955255140898705,8370,30709,245,207,68,1949,11,249,58,11
"1104","2020-04-27",482,13,76,1467,5252,0.955255140898705,8370,30709,245,207,83,2032,21,270,74,21
"1105","2020-04-28",494,13,79,1476,5252,0.955255140898705,8370,30709,245,207,57,2089,12,282,52,12
"1106","2020-04-29",510,13,91,1469,5252,0.955255140898705,8370,30709,245,207,50,2139,11,293,44,11
"1107","2020-04-30",507,13,104,1404,5252,0.955255140898705,8370,30709,245,207,55,2194,11,304,49,11
"1108","2020-05-01",516,13,105,1419,5252,0.955255140898705,8370,30709,245,207,37,2231,19,323,34,19
"1109","2020-05-02",520,13,94,1381,5252,0.955255140898705,8370,30709,245,207,60,2291,17,340,53,17
"1110","2020-05-03",463,13,82,1376,5252,0.955255140898705,8370,30709,245,207,51,2342,8,348,41,8
"1111","2020-05-04",457,13,88,1325,5252,0.955255140898705,8370,30709,245,207,82,2424,5,353,70,5
"1112","2020-05-05",445,13,88,1286,5252,0.955255140898705,8370,30709,245,207,64,2488,10,363,50,10
"1113","2020-05-06",428,13,82,1243,5252,0.955255140898705,8370,30709,245,207,36,2524,8,371,34,8
"1114","2020-05-07",412,13,83,1204,5252,0.955255140898705,8370,30709,245,207,43,2567,11,382,38,11
"1115","2020-05-08",436,13,88,1129,5252,0.955255140898705,8370,30709,245,207,29,2596,11,393,25,11
"1116","2020-05-09",402,13,89,1077,5252,0.955255140898705,8370,30709,245,207,40,2636,5,398,36,5
"1117","2020-05-10",386,13,82,1015,5252,0.955255140898705,8370,30709,245,207,38,2674,5,403,26,5
"1118","2020-05-11",393,13,88,957,5252,0.955255140898705,8370,30709,245,207,49,2723,15,418,41,15
"1119","2020-05-12",361,13,83,908,5252,0.955255140898705,8370,30709,245,207,47,2770,7,425,44,7
"1120","2020-05-13",360,13,73,867,5252,0.955255140898705,8370,30709,245,207,38,2808,13,438,34,13
"1121","2020-05-14",347,13,78,784,5252,0.955255140898705,8370,30709,245,207,45,2853,14,452,39,14
"1122","2020-05-15",308,13,76,745,5252,0.955255140898705,8370,30709,245,207,48,2901,8,460,41,8
"1123","2020-05-16",316,13,83,703,5252,0.955255140898705,8370,30709,245,207,40,2941,5,465,35,5
"1124","2020-05-17",272,13,88,655,5252,0.955255140898705,8370,30709,245,207,29,2970,9,474,24,9
"1125","2020-05-18",260,13,82,590,5252,0.955255140898705,8370,30709,245,207,52,3022,8,482,42,8
"1126","2020-05-19",257,13,81,557,5252,0.955255140898705,8370,30709,245,207,40,3062,11,493,34,11
"1127","2020-05-20",240,13,74,503,5252,0.955255140898705,8370,30709,245,207,38,3100,8,501,32,8
"1128","2020-05-21",228,13,71,453,5252,0.955255140898705,8370,30709,245,207,33,3133,5,506,28,5
"1129","2020-05-22",201,13,80,418,5252,0.955255140898705,8370,30709,245,207,34,3167,9,515,30,9
"1130","2020-05-23",179,13,73,384,5252,0.955255140898705,8370,30709,245,207,32,3199,3,518,28,3
"1131","2020-05-24",158,13,72,345,5252,0.955255140898705,8370,30709,245,207,31,3230,5,523,29,5
"1132","2020-05-25",132,13,70,306,5252,0.955255140898705,8370,30709,245,207,32,3262,5,528,25,5
"1133","2020-05-26",113,13,69,278,5252,0.955255140898705,8370,30709,245,207,23,3285,4,532,21,4
"1134","2020-05-27",101,13,69,252,5252,0.955255140898705,8370,30709,245,207,36,3321,5,537,36,5
"1135","2020-05-28",89,13,64,235,5252,0.955255140898705,8370,30709,245,207,26,3347,3,540,19,3
"1136","2020-05-29",77,13,64,211,5252,0.955255140898705,8370,30709,245,207,22,3369,2,542,17,2
"1137","2020-05-30",69,13,63,194,5252,0.955255140898705,8370,30709,245,207,21,3390,2,544,17,2
"1138","2020-05-31",69,13,53,177,5252,0.955255140898705,8370,30709,245,207,31,3421,4,548,28,4
"1139","2020-06-01",61,13,52,168,5252,0.955255140898705,8370,30709,245,207,19,3440,NA,NA,16,NA
"1140","2020-06-02",74,13,55,158,5252,0.955255140898705,8370,30709,245,207,19,3459,4,552,12,4
"1141","2020-06-03",65,13,50,137,5252,0.955255140898705,8370,30709,245,207,15,3474,3,555,13,3
"1142","2020-06-04",60,13,49,131,5252,0.955255140898705,8370,30709,245,207,26,3500,5,560,24,5
"1143","2020-06-05",51,13,54,127,5252,0.955255140898705,8370,30709,245,207,17,3517,5,565,15,5
"1144","2020-06-06",48,13,66,125,5252,0.955255140898705,8370,30709,245,207,15,3532,9,574,15,9
"1145","2020-06-07",39,13,66,112,5252,0.955255140898705,8370,30709,245,207,18,3550,6,580,17,6
"1146","2020-03-13",2,14,21,8,4824,0.94879767827529,8295,29845,275,328,5,18,4,10,NA,4
"1147","2020-03-14",4,14,22,14,4824,0.94879767827529,8295,29845,275,328,4,22,6,16,1,6
"1148","2020-03-15",2,14,26,19,4824,0.94879767827529,8295,29845,275,328,8,30,2,18,3,2
"1149","2020-03-16",2,14,24,26,4824,0.94879767827529,8295,29845,275,328,14,44,6,24,6,6
"1150","2020-03-17",3,14,21,36,4824,0.94879767827529,8295,29845,275,328,11,55,6,30,7,6
"1151","2020-03-18",3,14,21,41,4824,0.94879767827529,8295,29845,275,328,19,74,11,41,14,11
"1152","2020-03-19",5,14,30,53,4824,0.94879767827529,8295,29845,275,328,16,90,6,47,13,6
"1153","2020-03-20",9,14,26,62,4824,0.94879767827529,8295,29845,275,328,23,113,5,52,17,5
"1154","2020-03-21",18,14,23,75,4824,0.94879767827529,8295,29845,275,328,15,128,10,62,12,10
"1155","2020-03-22",21,14,25,85,4824,0.94879767827529,8295,29845,275,328,22,150,11,73,18,11
"1156","2020-03-23",22,14,32,97,4824,0.94879767827529,8295,29845,275,328,31,181,1,74,21,1
"1157","2020-03-24",24,14,34,115,4824,0.94879767827529,8295,29845,275,328,26,207,9,83,20,9
"1158","2020-03-25",32,14,36,134,4824,0.94879767827529,8295,29845,275,328,25,232,5,88,20,5
"1159","2020-03-26",37,14,41,139,4824,0.94879767827529,8295,29845,275,328,21,253,8,96,14,8
"1160","2020-03-27",40,14,34,156,4824,0.94879767827529,8295,29845,275,328,32,285,16,112,28,16
"1161","2020-03-28",36,14,34,183,4824,0.94879767827529,8295,29845,275,328,31,316,23,135,26,23
"1162","2020-03-29",44,14,42,187,4824,0.94879767827529,8295,29845,275,328,31,347,12,147,27,12
"1163","2020-03-30",48,14,49,227,4824,0.94879767827529,8295,29845,275,328,30,377,11,158,28,11
"1164","2020-03-31",45,14,52,258,4824,0.94879767827529,8295,29845,275,328,45,422,20,178,38,20
"1165","2020-04-01",41,14,56,292,4824,0.94879767827529,8295,29845,275,328,36,458,7,185,28,7
"1166","2020-04-02",38,14,53,330,4824,0.94879767827529,8295,29845,275,328,31,489,10,195,28,10
"1167","2020-04-03",58,14,55,355,4824,0.94879767827529,8295,29845,275,328,32,521,8,203,21,8
"1168","2020-04-04",80,14,61,387,4824,0.94879767827529,8295,29845,275,328,31,552,9,212,24,9
"1169","2020-04-05",77,14,61,455,4824,0.94879767827529,8295,29845,275,328,34,586,21,233,29,21
"1170","2020-04-06",82,14,75,504,4824,0.94879767827529,8295,29845,275,328,36,622,9,242,29,9
"1171","2020-04-07",102,14,78,553,4824,0.94879767827529,8295,29845,275,328,31,653,8,250,25,8
"1172","2020-04-08",115,14,84,625,4824,0.94879767827529,8295,29845,275,328,46,699,10,260,39,10
"1173","2020-04-09",140,14,83,690,4824,0.94879767827529,8295,29845,275,328,44,743,11,271,41,11
"1174","2020-04-10",190,14,77,754,4824,0.94879767827529,8295,29845,275,328,41,784,23,294,37,23
"1175","2020-04-11",208,14,77,817,4824,0.94879767827529,8295,29845,275,328,42,826,18,312,36,18
"1176","2020-04-12",238,14,80,874,4824,0.94879767827529,8295,29845,275,328,48,874,17,329,42,17
"1177","2020-04-13",244,14,101,939,4824,0.94879767827529,8295,29845,275,328,37,911,14,343,32,14
"1178","2020-04-14",259,14,103,995,4824,0.94879767827529,8295,29845,275,328,55,966,13,356,46,13
"1179","2020-04-15",283,14,98,1079,4824,0.94879767827529,8295,29845,275,328,50,1016,36,392,46,36
"1180","2020-04-16",297,14,100,1179,4824,0.94879767827529,8295,29845,275,328,45,1061,24,416,40,24
"1181","2020-04-17",370,14,94,1194,4824,0.94879767827529,8295,29845,275,328,63,1124,26,442,52,26
"1182","2020-04-18",370,14,99,1256,4824,0.94879767827529,8295,29845,275,328,48,1172,38,480,42,38
"1183","2020-04-19",378,14,102,1284,4824,0.94879767827529,8295,29845,275,328,59,1231,16,496,46,16
"1184","2020-04-20",392,14,99,1349,4824,0.94879767827529,8295,29845,275,328,63,1294,36,532,59,36
"1185","2020-04-21",398,14,105,1406,4824,0.94879767827529,8295,29845,275,328,52,1346,31,563,51,31
"1186","2020-04-22",416,14,113,1417,4824,0.94879767827529,8295,29845,275,328,65,1411,22,585,60,22
"1187","2020-04-23",427,14,109,1432,4824,0.94879767827529,8295,29845,275,328,60,1471,18,603,46,18
"1188","2020-04-24",495,14,101,1429,4824,0.94879767827529,8295,29845,275,328,60,1531,16,619,56,16
"1189","2020-04-25",509,14,89,1421,4824,0.94879767827529,8295,29845,275,328,65,1596,15,634,61,15
"1190","2020-04-26",464,14,88,1389,4824,0.94879767827529,8295,29845,275,328,56,1652,11,645,51,11
"1191","2020-04-27",459,14,81,1371,4824,0.94879767827529,8295,29845,275,328,74,1726,5,650,62,5
"1192","2020-04-28",453,14,80,1310,4824,0.94879767827529,8295,29845,275,328,54,1780,8,658,47,8
"1193","2020-04-29",449,14,78,1272,4824,0.94879767827529,8295,29845,275,328,59,1839,5,663,52,5
"1194","2020-04-30",444,14,61,1231,4824,0.94879767827529,8295,29845,275,328,57,1896,2,665,51,2
"1195","2020-05-01",412,14,59,1202,4824,0.94879767827529,8295,29845,275,328,63,1959,5,670,56,5
"1196","2020-05-02",427,14,65,1157,4824,0.94879767827529,8295,29845,275,328,62,2021,3,673,55,3
"1197","2020-05-03",401,14,71,1107,4824,0.94879767827529,8295,29845,275,328,59,2080,17,690,57,17
"1198","2020-05-04",397,14,85,1060,4824,0.94879767827529,8295,29845,275,328,62,2142,28,718,57,28
"1199","2020-05-05",375,14,101,977,4824,0.94879767827529,8295,29845,275,328,37,2179,24,742,30,24
"1200","2020-05-06",364,14,99,927,4824,0.94879767827529,8295,29845,275,328,29,2208,11,753,27,11
"1201","2020-05-07",350,14,106,895,4824,0.94879767827529,8295,29845,275,328,54,2262,10,763,47,10
"1202","2020-05-08",339,14,107,836,4824,0.94879767827529,8295,29845,275,328,36,2298,12,775,35,12
"1203","2020-05-09",345,14,105,793,4824,0.94879767827529,8295,29845,275,328,31,2329,9,784,28,9
"1204","2020-05-10",328,14,106,747,4824,0.94879767827529,8295,29845,275,328,48,2377,23,807,37,23
"1205","2020-05-11",296,14,97,726,4824,0.94879767827529,8295,29845,275,328,38,2415,26,833,31,26
"1206","2020-05-12",284,14,91,702,4824,0.94879767827529,8295,29845,275,328,39,2454,13,846,35,13
"1207","2020-05-13",267,14,85,657,4824,0.94879767827529,8295,29845,275,328,30,2484,24,870,27,24
"1208","2020-05-14",259,14,79,634,4824,0.94879767827529,8295,29845,275,328,28,2512,10,880,27,10
"1209","2020-05-15",247,14,80,566,4824,0.94879767827529,8295,29845,275,328,37,2549,20,900,31,20
"1210","2020-05-16",212,14,76,534,4824,0.94879767827529,8295,29845,275,328,25,2574,27,927,20,27
"1211","2020-05-17",196,14,83,505,4824,0.94879767827529,8295,29845,275,328,29,2603,20,947,24,20
"1212","2020-05-18",192,14,77,479,4824,0.94879767827529,8295,29845,275,328,24,2627,20,967,20,20
"1213","2020-05-19",178,14,78,459,4824,0.94879767827529,8295,29845,275,328,33,2660,17,984,32,17
"1214","2020-05-20",171,14,69,428,4824,0.94879767827529,8295,29845,275,328,29,2689,13,997,27,13
"1215","2020-05-21",157,14,64,389,4824,0.94879767827529,8295,29845,275,328,28,2717,14,1011,25,14
"1216","2020-05-22",149,14,68,369,4824,0.94879767827529,8295,29845,275,328,33,2750,13,1024,24,13
"1217","2020-05-23",153,14,70,341,4824,0.94879767827529,8295,29845,275,328,28,2778,7,1031,23,7
"1218","2020-05-24",139,14,61,320,4824,0.94879767827529,8295,29845,275,328,35,2813,2,1033,28,2
"1219","2020-05-25",130,14,58,293,4824,0.94879767827529,8295,29845,275,328,26,2839,4,1037,23,4
"1220","2020-05-26",114,14,60,275,4824,0.94879767827529,8295,29845,275,328,32,2871,7,1044,27,7
"1221","2020-05-27",102,14,58,255,4824,0.94879767827529,8295,29845,275,328,30,2901,14,1058,25,14
"1222","2020-05-28",96,14,57,236,4824,0.94879767827529,8295,29845,275,328,23,2924,12,1070,21,12
"1223","2020-05-29",83,14,52,231,4824,0.94879767827529,8295,29845,275,328,27,2951,16,1086,22,16
"1224","2020-05-30",81,14,53,212,4824,0.94879767827529,8295,29845,275,328,12,2963,7,1093,9,7
"1225","2020-05-31",76,14,57,188,4824,0.94879767827529,8295,29845,275,328,29,2992,8,1101,28,8
"1226","2020-06-01",72,14,56,175,4824,0.94879767827529,8295,29845,275,328,18,3010,3,1104,16,3
"1227","2020-06-02",69,14,56,164,4824,0.94879767827529,8295,29845,275,328,17,3027,9,1113,16,9
"1228","2020-06-03",64,14,58,152,4824,0.94879767827529,8295,29845,275,328,34,3061,2,1115,32,2
"1229","2020-06-04",63,14,55,137,4824,0.94879767827529,8295,29845,275,328,22,3083,1,1116,19,1
"1230","2020-06-05",54,14,57,131,4824,0.94879767827529,8295,29845,275,328,16,3099,4,1120,14,4
"1231","2020-06-06",43,14,59,118,4824,0.94879767827529,8295,29845,275,328,19,3118,3,1123,16,3
"1232","2020-06-07",36,14,64,103,4824,0.94879767827529,8295,29845,275,328,16,3134,1,1124,13,1
"1233","2020-03-08",1,15,0,0,3004,0.650466045272969,8400,24421,157,398,NA,NA,NA,NA,NA,NA
"1234","2020-03-09",1,15,0,0,3004,0.650466045272969,8400,24421,157,398,NA,NA,NA,NA,NA,NA
"1235","2020-03-10",0,15,0,0,3004,0.650466045272969,8400,24421,157,398,NA,NA,NA,NA,NA,NA
"1236","2020-03-11",0,15,0,0,3004,0.650466045272969,8400,24421,157,398,11,11,1,1,NA,1
"1237","2020-03-12",1,15,27,31,3004,0.650466045272969,8400,24421,157,398,18,29,2,3,1,2
"1238","2020-03-13",3,15,32,43,3004,0.650466045272969,8400,24421,157,398,11,40,4,7,2,4
"1239","2020-03-14",8,15,40,60,3004,0.650466045272969,8400,24421,157,398,13,53,5,12,3,5
"1240","2020-03-15",10,15,58,75,3004,0.650466045272969,8400,24421,157,398,14,67,1,13,6,1
"1241","2020-03-16",11,15,51,97,3004,0.650466045272969,8400,24421,157,398,11,78,4,17,4,4
"1242","2020-03-17",12,15,55,112,3004,0.650466045272969,8400,24421,157,398,23,101,6,23,5,6
"1243","2020-03-18",15,15,57,133,3004,0.650466045272969,8400,24421,157,398,15,116,4,27,7,4
"1244","2020-03-19",18,15,52,153,3004,0.650466045272969,8400,24421,157,398,15,131,4,31,8,4
"1245","2020-03-20",29,15,53,165,3004,0.650466045272969,8400,24421,157,398,19,150,3,34,7,3
"1246","2020-03-21",35,15,64,182,3004,0.650466045272969,8400,24421,157,398,15,165,4,38,6,4
"1247","2020-03-22",43,15,63,205,3004,0.650466045272969,8400,24421,157,398,23,188,8,46,12,8
"1248","2020-03-23",51,15,58,214,3004,0.650466045272969,8400,24421,157,398,16,204,3,49,8,3
"1249","2020-03-24",57,15,52,230,3004,0.650466045272969,8400,24421,157,398,25,229,6,55,15,6
"1250","2020-03-25",66,15,47,249,3004,0.650466045272969,8400,24421,157,398,18,247,2,57,11,2
"1251","2020-03-26",72,15,56,269,3004,0.650466045272969,8400,24421,157,398,27,274,7,64,13,7
"1252","2020-03-27",76,15,55,282,3004,0.650466045272969,8400,24421,157,398,25,299,2,66,14,2
"1253","2020-03-28",85,15,53,297,3004,0.650466045272969,8400,24421,157,398,28,327,4,70,13,4
"1254","2020-03-29",91,15,61,301,3004,0.650466045272969,8400,24421,157,398,29,356,10,80,18,10
"1255","2020-03-30",89,15,87,320,3004,0.650466045272969,8400,24421,157,398,14,370,7,87,8,7
"1256","2020-03-31",90,15,83,334,3004,0.650466045272969,8400,24421,157,398,28,398,9,96,13,9
"1257","2020-04-01",88,15,87,349,3004,0.650466045272969,8400,24421,157,398,38,436,5,101,18,5
"1258","2020-04-02",93,15,78,359,3004,0.650466045272969,8400,24421,157,398,32,468,11,112,20,11
"1259","2020-04-03",121,15,87,377,3004,0.650466045272969,8400,24421,157,398,33,501,3,115,19,3
"1260","2020-04-04",123,15,99,377,3004,0.650466045272969,8400,24421,157,398,35,536,9,124,16,9
"1261","2020-04-05",117,15,101,392,3004,0.650466045272969,8400,24421,157,398,43,579,7,131,26,7
"1262","2020-04-06",115,15,115,397,3004,0.650466045272969,8400,24421,157,398,27,606,6,137,15,6
"1263","2020-04-07",119,15,121,406,3004,0.650466045272969,8400,24421,157,398,39,645,7,144,24,7
"1264","2020-04-08",126,15,134,434,3004,0.650466045272969,8400,24421,157,398,44,689,8,152,23,8
"1265","2020-04-09",123,15,146,462,3004,0.650466045272969,8400,24421,157,398,37,726,6,158,22,6
"1266","2020-04-10",122,15,140,478,3004,0.650466045272969,8400,24421,157,398,59,785,6,164,35,6
"1267","2020-04-11",131,15,142,487,3004,0.650466045272969,8400,24421,157,398,39,824,5,169,29,5
"1268","2020-04-12",138,15,154,501,3004,0.650466045272969,8400,24421,157,398,44,868,2,171,27,2
"1269","2020-04-13",134,15,153,507,3004,0.650466045272969,8400,24421,157,398,32,900,6,177,19,6
"1270","2020-04-14",134,15,158,509,3004,0.650466045272969,8400,24421,157,398,48,948,10,187,26,10
"1271","2020-04-15",136,15,145,510,3004,0.650466045272969,8400,24421,157,398,39,987,9,196,27,9
"1272","2020-04-16",140,15,150,511,3004,0.650466045272969,8400,24421,157,398,38,1025,13,209,23,13
"1273","2020-04-17",159,15,155,531,3004,0.650466045272969,8400,24421,157,398,47,1072,8,217,29,8
"1274","2020-04-18",165,15,130,540,3004,0.650466045272969,8400,24421,157,398,34,1106,1,218,25,1
"1275","2020-04-19",174,15,137,540,3004,0.650466045272969,8400,24421,157,398,34,1140,15,233,19,15
"1276","2020-04-20",183,15,117,532,3004,0.650466045272969,8400,24421,157,398,38,1178,4,237,22,4
"1277","2020-04-21",175,15,108,534,3004,0.650466045272969,8400,24421,157,398,36,1214,3,240,17,3
"1278","2020-04-22",177,15,114,529,3004,0.650466045272969,8400,24421,157,398,49,1263,3,243,35,3
"1279","2020-04-23",183,15,110,527,3004,0.650466045272969,8400,24421,157,398,40,1303,3,246,21,3
"1280","2020-04-24",202,15,126,517,3004,0.650466045272969,8400,24421,157,398,41,1344,5,251,24,5
"1281","2020-04-25",206,15,106,490,3004,0.650466045272969,8400,24421,157,398,32,1376,5,256,22,5
"1282","2020-04-26",173,15,102,471,3004,0.650466045272969,8400,24421,157,398,42,1418,10,266,23,10
"1283","2020-04-27",174,15,91,482,3004,0.650466045272969,8400,24421,157,398,27,1445,8,274,22,8
"1284","2020-04-28",172,15,87,476,3004,0.650466045272969,8400,24421,157,398,27,1472,9,283,20,9
"1285","2020-04-29",172,15,103,476,3004,0.650466045272969,8400,24421,157,398,36,1508,12,295,22,12
"1286","2020-04-30",162,15,108,461,3004,0.650466045272969,8400,24421,157,398,35,1543,6,301,19,6
"1287","2020-05-01",162,15,115,464,3004,0.650466045272969,8400,24421,157,398,37,1580,10,311,24,10
"1288","2020-05-02",164,15,125,460,3004,0.650466045272969,8400,24421,157,398,34,1614,9,320,17,9
"1289","2020-05-03",161,15,134,463,3004,0.650466045272969,8400,24421,157,398,39,1653,3,323,20,3
"1290","2020-05-04",147,15,144,460,3004,0.650466045272969,8400,24421,157,398,37,1690,3,326,21,3
"1291","2020-05-05",142,15,138,452,3004,0.650466045272969,8400,24421,157,398,31,1721,3,329,19,3
"1292","2020-05-06",139,15,144,441,3004,0.650466045272969,8400,24421,157,398,36,1757,1,330,17,1
"1293","2020-05-07",141,15,154,432,3004,0.650466045272969,8400,24421,157,398,44,1801,1,331,22,1
"1294","2020-05-08",152,15,168,442,3004,0.650466045272969,8400,24421,157,398,27,1828,6,337,16,6
"1295","2020-05-09",149,15,158,456,3004,0.650466045272969,8400,24421,157,398,36,1864,16,353,14,16
"1296","2020-05-10",152,15,136,441,3004,0.650466045272969,8400,24421,157,398,28,1892,9,362,19,9
"1297","2020-05-11",151,15,120,431,3004,0.650466045272969,8400,24421,157,398,33,1925,9,371,20,9
"1298","2020-05-12",155,15,96,431,3004,0.650466045272969,8400,24421,157,398,40,1965,7,378,24,7
"1299","2020-05-13",157,15,89,440,3004,0.650466045272969,8400,24421,157,398,37,2002,1,379,26,1
"1300","2020-05-14",160,15,108,414,3004,0.650466045272969,8400,24421,157,398,23,2025,3,382,13,3
"1301","2020-05-15",151,15,116,418,3004,0.650466045272969,8400,24421,157,398,36,2061,1,383,23,1
"1302","2020-05-16",162,15,118,403,3004,0.650466045272969,8400,24421,157,398,25,2086,6,389,14,6
"1303","2020-05-17",146,15,106,396,3004,0.650466045272969,8400,24421,157,398,25,2111,9,398,18,9
"1304","2020-05-18",142,15,92,382,3004,0.650466045272969,8400,24421,157,398,20,2131,9,407,12,9
"1305","2020-05-19",140,15,85,382,3004,0.650466045272969,8400,24421,157,398,24,2155,7,414,15,7
"1306","2020-05-20",132,15,93,373,3004,0.650466045272969,8400,24421,157,398,23,2178,6,420,6,6
"1307","2020-05-21",140,15,91,365,3004,0.650466045272969,8400,24421,157,398,32,2210,1,421,18,1
"1308","2020-05-22",141,15,81,346,3004,0.650466045272969,8400,24421,157,398,23,2233,2,423,14,2
"1309","2020-05-23",123,15,74,323,3004,0.650466045272969,8400,24421,157,398,17,2250,8,431,14,8
"1310","2020-05-24",120,15,75,318,3004,0.650466045272969,8400,24421,157,398,32,2282,9,440,17,9
"1311","2020-05-25",118,15,84,301,3004,0.650466045272969,8400,24421,157,398,30,2312,6,446,16,6
"1312","2020-05-26",120,15,80,293,3004,0.650466045272969,8400,24421,157,398,26,2338,4,450,16,4
"1313","2020-05-27",120,15,67,277,3004,0.650466045272969,8400,24421,157,398,18,2356,7,457,5,7
"1314","2020-05-28",100,15,57,274,3004,0.650466045272969,8400,24421,157,398,21,2377,6,463,10,6
"1315","2020-05-29",99,15,53,269,3004,0.650466045272969,8400,24421,157,398,12,2389,10,473,5,10
"1316","2020-05-30",99,15,49,257,3004,0.650466045272969,8400,24421,157,398,18,2407,11,484,13,11
"1317","2020-05-31",94,15,50,235,3004,0.650466045272969,8400,24421,157,398,18,2425,6,490,11,6
"1318","2020-06-01",94,15,49,218,3004,0.650466045272969,8400,24421,157,398,26,2451,3,493,19,3
"1319","2020-06-02",76,15,35,202,3004,0.650466045272969,8400,24421,157,398,18,2469,9,502,14,9
"1320","2020-06-03",75,15,44,199,3004,0.650466045272969,8400,24421,157,398,15,2484,2,504,11,2
"1321","2020-06-04",80,15,46,188,3004,0.650466045272969,8400,24421,157,398,24,2508,6,510,17,6
"1322","2020-06-05",81,15,53,186,3004,0.650466045272969,8400,24421,157,398,15,2523,8,518,9,8
"1323","2020-06-06",82,15,47,188,3004,0.650466045272969,8400,24421,157,398,26,2549,5,523,17,5
"1324","2020-06-07",69,15,48,177,3004,0.650466045272969,8400,24421,157,398,19,2568,3,526,12,3
"1325","2020-03-15",2,16,18,23,5393,0.950862228815131,8490,31486,326,401,9,50,10,33,3,10
"1326","2020-03-16",3,16,24,32,5393,0.950862228815131,8490,31486,326,401,12,62,10,43,6,10
"1327","2020-03-17",2,16,32,42,5393,0.950862228815131,8490,31486,326,401,15,77,14,57,7,14
"1328","2020-03-18",3,16,30,50,5393,0.950862228815131,8490,31486,326,401,20,97,13,70,6,13
"1329","2020-03-19",3,16,29,61,5393,0.950862228815131,8490,31486,326,401,10,107,9,79,7,9
"1330","2020-03-20",5,16,28,78,5393,0.950862228815131,8490,31486,326,401,16,123,10,89,12,10
"1331","2020-03-21",9,16,23,102,5393,0.950862228815131,8490,31486,326,401,13,136,7,96,7,7
"1332","2020-03-22",16,16,29,124,5393,0.950862228815131,8490,31486,326,401,18,154,11,107,6,11
"1333","2020-03-23",21,16,28,143,5393,0.950862228815131,8490,31486,326,401,25,179,11,118,13,11
"1334","2020-03-24",25,16,22,167,5393,0.950862228815131,8490,31486,326,401,29,208,11,129,21,11
"1335","2020-03-25",31,16,28,202,5393,0.950862228815131,8490,31486,326,401,31,239,15,144,21,15
"1336","2020-03-26",40,16,37,225,5393,0.950862228815131,8490,31486,326,401,31,270,11,155,20,11
"1337","2020-03-27",48,16,35,240,5393,0.950862228815131,8490,31486,326,401,30,300,17,172,25,17
"1338","2020-03-28",72,16,36,266,5393,0.950862228815131,8490,31486,326,401,35,335,6,178,27,6
"1339","2020-03-29",73,16,38,302,5393,0.950862228815131,8490,31486,326,401,30,365,12,190,25,12
"1340","2020-03-30",73,16,49,338,5393,0.950862228815131,8490,31486,326,401,43,408,15,205,34,15
"1341","2020-03-31",83,16,53,374,5393,0.950862228815131,8490,31486,326,401,40,448,12,217,33,12
"1342","2020-04-01",94,16,58,407,5393,0.950862228815131,8490,31486,326,401,41,489,14,231,28,14
"1343","2020-04-02",97,16,67,429,5393,0.950862228815131,8490,31486,326,401,52,541,14,245,36,14
"1344","2020-04-03",122,16,74,478,5393,0.950862228815131,8490,31486,326,401,52,593,24,269,45,24
"1345","2020-04-04",137,16,79,504,5393,0.950862228815131,8490,31486,326,401,43,636,26,295,32,26
"1346","2020-04-05",151,16,78,552,5393,0.950862228815131,8490,31486,326,401,31,667,20,315,25,20
"1347","2020-04-06",154,16,87,574,5393,0.950862228815131,8490,31486,326,401,43,710,12,327,35,12
"1348","2020-04-07",150,16,85,635,5393,0.950862228815131,8490,31486,326,401,35,745,36,363,25,36
"1349","2020-04-08",157,16,93,686,5393,0.950862228815131,8490,31486,326,401,53,798,26,389,43,26
"1350","2020-04-09",167,16,98,731,5393,0.950862228815131,8490,31486,326,401,57,855,11,400,47,11
"1351","2020-04-10",228,16,122,764,5393,0.950862228815131,8490,31486,326,401,53,908,32,432,43,32
"1352","2020-04-11",236,16,115,834,5393,0.950862228815131,8490,31486,326,401,44,952,20,452,33,20
"1353","2020-04-12",228,16,115,887,5393,0.950862228815131,8490,31486,326,401,42,994,38,490,31,38
"1354","2020-04-13",236,16,112,963,5393,0.950862228815131,8490,31486,326,401,53,1047,37,527,40,37
"1355","2020-04-14",265,16,119,1023,5393,0.950862228815131,8490,31486,326,401,43,1090,39,566,29,39
"1356","2020-04-15",274,16,126,1099,5393,0.950862228815131,8490,31486,326,401,57,1147,43,609,48,43
"1357","2020-04-16",288,16,120,1160,5393,0.950862228815131,8490,31486,326,401,49,1196,28,637,39,28
"1358","2020-04-17",344,16,122,1191,5393,0.950862228815131,8490,31486,326,401,59,1255,28,665,42,28
"1359","2020-04-18",361,16,106,1248,5393,0.950862228815131,8490,31486,326,401,51,1306,34,699,43,34
"1360","2020-04-19",371,16,100,1277,5393,0.950862228815131,8490,31486,326,401,62,1368,24,723,55,24
"1361","2020-04-20",380,16,98,1329,5393,0.950862228815131,8490,31486,326,401,69,1437,17,740,62,17
"1362","2020-04-21",386,16,99,1356,5393,0.950862228815131,8490,31486,326,401,47,1484,25,765,32,25
"1363","2020-04-22",405,16,90,1382,5393,0.950862228815131,8490,31486,326,401,70,1554,24,789,59,24
"1364","2020-04-23",427,16,91,1407,5393,0.950862228815131,8490,31486,326,401,67,1621,36,825,56,36
"1365","2020-04-24",484,16,99,1436,5393,0.950862228815131,8490,31486,326,401,73,1694,32,857,57,32
"1366","2020-04-25",486,16,108,1465,5393,0.950862228815131,8490,31486,326,401,67,1761,29,886,60,29
"1367","2020-04-26",487,16,94,1467,5393,0.950862228815131,8490,31486,326,401,51,1812,34,920,42,34
"1368","2020-04-27",500,16,87,1482,5393,0.950862228815131,8490,31486,326,401,67,1879,30,950,58,30
"1369","2020-04-28",478,16,99,1463,5393,0.950862228815131,8490,31486,326,401,59,1938,42,992,51,42
"1370","2020-04-29",484,16,108,1456,5393,0.950862228815131,8490,31486,326,401,55,1993,33,1025,42,33
"1371","2020-04-30",479,16,100,1477,5393,0.950862228815131,8490,31486,326,401,72,2065,41,1066,65,41
"1372","2020-05-01",539,16,96,1517,5393,0.950862228815131,8490,31486,326,401,46,2111,38,1104,42,38
"1373","2020-05-02",541,16,103,1501,5393,0.950862228815131,8490,31486,326,401,64,2175,54,1158,51,54
"1374","2020-05-03",476,16,99,1436,5393,0.950862228815131,8490,31486,326,401,65,2240,44,1202,52,44
"1375","2020-05-04",461,16,103,1380,5393,0.950862228815131,8490,31486,326,401,53,2293,53,1255,43,53
"1376","2020-05-05",467,16,104,1331,5393,0.950862228815131,8490,31486,326,401,66,2359,34,1289,55,34
"1377","2020-05-06",468,16,116,1318,5393,0.950862228815131,8490,31486,326,401,61,2420,32,1321,46,32
"1378","2020-05-07",456,16,137,1283,5393,0.950862228815131,8490,31486,326,401,48,2468,35,1356,39,35
"1379","2020-05-08",471,16,138,1189,5393,0.950862228815131,8490,31486,326,401,64,2532,39,1395,55,39
"1380","2020-05-09",474,16,132,1087,5393,0.950862228815131,8490,31486,326,401,37,2569,29,1424,32,29
"1381","2020-05-10",427,16,140,1024,5393,0.950862228815131,8490,31486,326,401,42,2611,39,1463,36,39
"1382","2020-05-11",409,16,146,954,5393,0.950862228815131,8490,31486,326,401,56,2667,25,1488,50,25
"1383","2020-05-12",390,16,148,887,5393,0.950862228815131,8490,31486,326,401,43,2710,33,1521,33,33
"1384","2020-05-13",374,16,149,828,5393,0.950862228815131,8490,31486,326,401,40,2750,20,1541,31,20
"1385","2020-05-14",358,16,151,742,5393,0.950862228815131,8490,31486,326,401,34,2784,23,1564,29,23
"1386","2020-05-15",304,16,139,673,5393,0.950862228815131,8490,31486,326,401,36,2820,21,1585,30,21
"1387","2020-05-16",275,16,139,605,5393,0.950862228815131,8490,31486,326,401,36,2856,32,1617,30,32
"1388","2020-05-17",241,16,137,557,5393,0.950862228815131,8490,31486,326,401,35,2891,37,1654,30,37
"1389","2020-05-18",224,16,125,513,5393,0.950862228815131,8490,31486,326,401,28,2919,39,1693,16,39
"1390","2020-05-19",212,16,116,466,5393,0.950862228815131,8490,31486,326,401,27,2946,29,1722,21,29
"1391","2020-05-20",181,16,115,429,5393,0.950862228815131,8490,31486,326,401,27,2973,41,1763,23,41
"1392","2020-05-21",169,16,106,382,5393,0.950862228815131,8490,31486,326,401,32,3005,31,1794,24,31
"1393","2020-05-22",139,16,116,347,5393,0.950862228815131,8490,31486,326,401,22,3027,24,1818,15,24
"1394","2020-05-23",136,16,113,330,5393,0.950862228815131,8490,31486,326,401,32,3059,27,1845,26,27
"1395","2020-05-24",126,16,112,297,5393,0.950862228815131,8490,31486,326,401,29,3088,24,1869,21,24
"1396","2020-05-25",117,16,104,264,5393,0.950862228815131,8490,31486,326,401,27,3115,16,1885,19,16
"1397","2020-05-26",99,16,94,252,5393,0.950862228815131,8490,31486,326,401,32,3147,15,1900,27,15
"1398","2020-05-27",94,16,85,229,5393,0.950862228815131,8490,31486,326,401,15,3162,24,1924,12,24
"1399","2020-05-28",89,16,74,208,5393,0.950862228815131,8490,31486,326,401,14,3176,30,1954,13,30
"1400","2020-05-29",90,16,70,193,5393,0.950862228815131,8490,31486,326,401,14,3190,22,1976,10,22
"1401","2020-05-30",83,16,63,184,5393,0.950862228815131,8490,31486,326,401,18,3208,22,1998,13,22
"1402","2020-05-31",73,16,82,173,5393,0.950862228815131,8490,31486,326,401,14,3222,19,2017,12,19
"1403","2020-06-01",68,16,78,150,5393,0.950862228815131,8490,31486,326,401,22,3244,19,2036,13,19
"1404","2020-06-02",59,16,84,142,5393,0.950862228815131,8490,31486,326,401,24,3268,24,2060,20,24
"1405","2020-06-03",58,16,84,131,5393,0.950862228815131,8490,31486,326,401,16,3284,22,2082,12,22
"1406","2020-06-04",54,16,78,115,5393,0.950862228815131,8490,31486,326,401,21,3305,25,2107,16,25
"1407","2020-06-05",42,16,66,106,5393,0.950862228815131,8490,31486,326,401,22,3327,18,2125,17,18
"1408","2020-06-06",38,16,61,91,5393,0.950862228815131,8490,31486,326,401,9,3336,25,2150,7,25
"1409","2020-06-07",33,16,60,92,5393,0.950862228815131,8490,31486,326,401,22,3358,24,2174,21,24
"1410","2020-03-13",2,17,21,22,3950,0.846075949367089,8370,28303,221,290,4,10,10,22,3,10
"1411","2020-03-14",2,17,28,35,3950,0.846075949367089,8370,28303,221,290,3,13,3,25,3,3
"1412","2020-03-15",4,17,39,43,3950,0.846075949367089,8370,28303,221,290,9,22,4,29,8,4
"1413","2020-03-16",8,17,33,50,3950,0.846075949367089,8370,28303,221,290,3,25,5,34,2,5
"1414","2020-03-17",7,17,40,67,3950,0.846075949367089,8370,28303,221,290,12,37,8,42,10,8
"1415","2020-03-18",12,17,36,85,3950,0.846075949367089,8370,28303,221,290,5,42,15,57,3,15
"1416","2020-03-19",12,17,32,98,3950,0.846075949367089,8370,28303,221,290,9,51,5,62,7,5
"1417","2020-03-20",15,17,33,119,3950,0.846075949367089,8370,28303,221,290,13,64,5,67,11,5
"1418","2020-03-21",20,17,38,137,3950,0.846075949367089,8370,28303,221,290,12,76,4,71,12,4
"1419","2020-03-22",33,17,41,162,3950,0.846075949367089,8370,28303,221,290,12,88,11,82,10,11
"1420","2020-03-23",34,17,43,189,3950,0.846075949367089,8370,28303,221,290,12,100,4,86,11,4
"1421","2020-03-24",41,17,47,206,3950,0.846075949367089,8370,28303,221,290,16,116,4,90,12,4
"1422","2020-03-25",42,17,54,231,3950,0.846075949367089,8370,28303,221,290,17,133,7,97,16,7
"1423","2020-03-26",54,17,63,264,3950,0.846075949367089,8370,28303,221,290,20,153,7,104,18,7
"1424","2020-03-27",70,17,57,292,3950,0.846075949367089,8370,28303,221,290,25,178,NA,NA,24,NA
"1425","2020-03-28",84,17,59,326,3950,0.846075949367089,8370,28303,221,290,38,216,11,115,37,11
"1426","2020-03-29",92,17,63,358,3950,0.846075949367089,8370,28303,221,290,26,242,3,118,23,3
"1427","2020-03-30",93,17,60,401,3950,0.846075949367089,8370,28303,221,290,37,279,10,128,35,10
"1428","2020-03-31",97,17,60,420,3950,0.846075949367089,8370,28303,221,290,31,310,3,131,28,3
"1429","2020-04-01",107,17,48,461,3950,0.846075949367089,8370,28303,221,290,31,341,7,138,30,7
"1430","2020-04-02",115,17,43,494,3950,0.846075949367089,8370,28303,221,290,45,386,6,144,42,6
"1431","2020-04-03",153,17,68,520,3950,0.846075949367089,8370,28303,221,290,50,436,5,149,49,5
"1432","2020-04-04",175,17,78,553,3950,0.846075949367089,8370,28303,221,290,67,503,4,153,65,4
"1433","2020-04-05",167,17,90,572,3950,0.846075949367089,8370,28303,221,290,74,577,10,163,69,10
"1434","2020-04-06",172,17,95,603,3950,0.846075949367089,8370,28303,221,290,49,626,9,172,45,9
"1435","2020-04-07",183,17,92,635,3950,0.846075949367089,8370,28303,221,290,67,693,10,182,65,10
"1436","2020-04-08",191,17,90,639,3950,0.846075949367089,8370,28303,221,290,77,770,12,194,74,12
"1437","2020-04-09",196,17,80,650,3950,0.846075949367089,8370,28303,221,290,75,845,5,199,75,5
"1438","2020-04-10",223,17,79,655,3950,0.846075949367089,8370,28303,221,290,92,937,7,206,92,7
"1439","2020-04-11",218,17,68,677,3950,0.846075949367089,8370,28303,221,290,90,1027,6,212,89,6
"1440","2020-04-12",234,17,70,674,3950,0.846075949367089,8370,28303,221,290,86,1113,4,216,86,4
"1441","2020-04-13",229,17,88,677,3950,0.846075949367089,8370,28303,221,290,101,1214,1,217,101,1
"1442","2020-04-14",207,17,100,686,3950,0.846075949367089,8370,28303,221,290,90,1304,2,219,88,2
"1443","2020-04-15",202,17,116,701,3950,0.846075949367089,8370,28303,221,290,108,1412,2,221,104,2
"1444","2020-04-16",197,17,106,713,3950,0.846075949367089,8370,28303,221,290,115,1527,5,226,112,5
"1445","2020-04-17",215,17,96,703,3950,0.846075949367089,8370,28303,221,290,122,1649,5,231,118,5
"1446","2020-04-18",235,17,97,713,3950,0.846075949367089,8370,28303,221,290,129,1778,4,235,129,4
"1447","2020-04-19",209,17,95,710,3950,0.846075949367089,8370,28303,221,290,140,1918,10,245,139,10
"1448","2020-04-20",219,17,87,733,3950,0.846075949367089,8370,28303,221,290,160,2078,9,254,156,9
"1449","2020-04-21",228,17,79,762,3950,0.846075949367089,8370,28303,221,290,152,2230,6,260,150,6
"1450","2020-04-22",238,17,81,776,3950,0.846075949367089,8370,28303,221,290,147,2377,17,277,147,17
"1451","2020-04-23",244,17,74,779,3950,0.846075949367089,8370,28303,221,290,147,2524,8,285,145,8
"1452","2020-04-24",248,17,62,775,3950,0.846075949367089,8370,28303,221,290,141,2665,9,294,141,9
"1453","2020-04-25",237,17,67,790,3950,0.846075949367089,8370,28303,221,290,172,2837,13,307,171,13
"1454","2020-04-26",251,17,72,780,3950,0.846075949367089,8370,28303,221,290,127,2964,20,327,125,20
"1455","2020-04-27",251,17,63,775,3950,0.846075949367089,8370,28303,221,290,135,3099,20,347,130,20
"1456","2020-04-28",245,17,60,762,3950,0.846075949367089,8370,28303,221,290,134,3233,23,370,132,23
"1457","2020-04-29",243,17,51,757,3950,0.846075949367089,8370,28303,221,290,124,3357,11,381,122,11
"1458","2020-04-30",246,17,40,752,3950,0.846075949367089,8370,28303,221,290,113,3470,23,404,113,23
"1459","2020-05-01",283,17,44,748,3950,0.846075949367089,8370,28303,221,290,122,3592,7,411,121,7
"1460","2020-05-02",288,17,40,726,3950,0.846075949367089,8370,28303,221,290,132,3724,7,418,131,7
"1461","2020-05-03",269,17,51,700,3950,0.846075949367089,8370,28303,221,290,99,3823,12,430,97,12
"1462","2020-05-04",251,17,57,692,3950,0.846075949367089,8370,28303,221,290,113,3936,15,445,112,15
"1463","2020-05-05",237,17,62,670,3950,0.846075949367089,8370,28303,221,290,94,4030,14,459,93,14
"1464","2020-05-06",229,17,79,637,3950,0.846075949367089,8370,28303,221,290,107,4137,9,468,107,9
"1465","2020-05-07",228,17,86,630,3950,0.846075949367089,8370,28303,221,290,77,4214,15,483,75,15
"1466","2020-05-08",225,17,81,605,3950,0.846075949367089,8370,28303,221,290,63,4277,11,494,61,11
"1467","2020-05-09",218,17,91,598,3950,0.846075949367089,8370,28303,221,290,75,4352,10,504,75,10
"1468","2020-05-10",201,17,94,596,3950,0.846075949367089,8370,28303,221,290,89,4441,10,514,88,10
"1469","2020-05-11",209,17,100,590,3950,0.846075949367089,8370,28303,221,290,63,4504,10,524,63,10
"1470","2020-05-12",207,17,106,552,3950,0.846075949367089,8370,28303,221,290,59,4563,13,537,59,13
"1471","2020-05-13",213,17,85,528,3950,0.846075949367089,8370,28303,221,290,46,4609,7,544,46,7
"1472","2020-05-14",202,17,95,502,3950,0.846075949367089,8370,28303,221,290,57,4666,4,548,57,4
"1473","2020-05-15",183,17,85,487,3950,0.846075949367089,8370,28303,221,290,47,4713,4,552,47,4
"1474","2020-05-16",191,17,69,481,3950,0.846075949367089,8370,28303,221,290,38,4751,5,557,38,5
"1475","2020-05-17",172,17,58,446,3950,0.846075949367089,8370,28303,221,290,37,4788,14,571,37,14
"1476","2020-05-18",153,17,53,450,3950,0.846075949367089,8370,28303,221,290,35,4823,5,576,33,5
"1477","2020-05-19",143,17,48,434,3950,0.846075949367089,8370,28303,221,290,27,4850,11,587,27,11
"1478","2020-05-20",138,17,53,427,3950,0.846075949367089,8370,28303,221,290,34,4884,9,596,33,9
"1479","2020-05-21",138,17,45,408,3950,0.846075949367089,8370,28303,221,290,26,4910,10,606,25,10
"1480","2020-05-22",143,17,51,395,3950,0.846075949367089,8370,28303,221,290,28,4938,4,610,28,4
"1481","2020-05-23",137,17,45,377,3950,0.846075949367089,8370,28303,221,290,20,4958,13,623,20,13
"1482","2020-05-24",124,17,41,375,3950,0.846075949367089,8370,28303,221,290,26,4984,19,642,24,19
"1483","2020-05-25",131,17,32,361,3950,0.846075949367089,8370,28303,221,290,21,5005,12,654,21,12
"1484","2020-05-26",126,17,45,336,3950,0.846075949367089,8370,28303,221,290,19,5024,8,662,17,8
"1485","2020-05-27",114,17,48,325,3950,0.846075949367089,8370,28303,221,290,12,5036,6,668,12,6
"1486","2020-05-28",112,17,55,316,3950,0.846075949367089,8370,28303,221,290,17,5053,7,675,16,7
"1487","2020-05-29",119,17,61,311,3950,0.846075949367089,8370,28303,221,290,15,5068,8,683,15,8
"1488","2020-05-30",115,17,68,291,3950,0.846075949367089,8370,28303,221,290,10,5078,4,687,10,4
"1489","2020-05-31",110,17,65,287,3950,0.846075949367089,8370,28303,221,290,8,5086,2,689,8,2
"1490","2020-06-01",98,17,61,266,3950,0.846075949367089,8370,28303,221,290,12,5098,5,694,12,5
"1491","2020-06-02",92,17,64,249,3950,0.846075949367089,8370,28303,221,290,8,5106,5,699,8,5
"1492","2020-06-03",93,17,60,240,3950,0.846075949367089,8370,28303,221,290,16,5122,3,702,15,3
"1493","2020-06-04",89,17,74,235,3950,0.846075949367089,8370,28303,221,290,8,5130,9,711,8,9
"1494","2020-06-05",81,17,67,225,3950,0.846075949367089,8370,28303,221,290,10,5140,6,717,10,6
"1495","2020-06-06",81,17,73,219,3950,0.846075949367089,8370,28303,221,290,11,5151,10,727,11,10
"1496","2020-06-07",74,17,75,214,3950,0.846075949367089,8370,28303,221,290,4,5155,5,732,4,5
"1497","2020-03-07",1,18,0,0,4583,0.931049530874973,8310,30018,255,336,NA,NA,NA,NA,NA,NA
"1498","2020-03-08",1,18,0,0,4583,0.931049530874973,8310,30018,255,336,NA,NA,NA,NA,NA,NA
"1499","2020-03-09",0,18,0,0,4583,0.931049530874973,8310,30018,255,336,NA,NA,NA,NA,NA,NA
"1500","2020-03-10",0,18,0,0,4583,0.931049530874973,8310,30018,255,336,NA,NA,1,1,NA,1
"1501","2020-03-11",0,18,0,0,4583,0.931049530874973,8310,30018,255,336,3,3,2,3,NA,2
"1502","2020-03-12",0,18,0,0,4583,0.931049530874973,8310,30018,255,336,2,5,4,7,1,4
"1503","2020-03-13",1,18,23,7,4583,0.931049530874973,8310,30018,255,336,2,7,8,15,NA,8
"1504","2020-03-14",1,18,24,14,4583,0.931049530874973,8310,30018,255,336,8,15,4,19,1,4
"1505","2020-03-15",2,18,28,23,4583,0.931049530874973,8310,30018,255,336,4,19,9,28,2,9
"1506","2020-03-16",2,18,43,30,4583,0.931049530874973,8310,30018,255,336,9,28,1,29,7,1
"1507","2020-03-17",2,18,33,38,4583,0.931049530874973,8310,30018,255,336,3,31,10,39,2,10
"1508","2020-03-18",2,18,45,48,4583,0.931049530874973,8310,30018,255,336,11,42,7,46,9,7
"1509","2020-03-19",4,18,65,63,4583,0.931049530874973,8310,30018,255,336,12,54,6,52,12,6
"1510","2020-03-20",6,18,67,82,4583,0.931049530874973,8310,30018,255,336,18,72,1,53,15,1
"1511","2020-03-21",9,18,67,97,4583,0.931049530874973,8310,30018,255,336,18,90,5,58,17,5
"1512","2020-03-22",13,18,67,113,4583,0.931049530874973,8310,30018,255,336,23,113,5,63,22,5
"1513","2020-03-23",14,18,64,134,4583,0.931049530874973,8310,30018,255,336,22,135,4,67,21,4
"1514","2020-03-24",24,18,58,154,4583,0.931049530874973,8310,30018,255,336,22,157,5,72,18,5
"1515","2020-03-25",27,18,46,180,4583,0.931049530874973,8310,30018,255,336,22,179,5,77,21,5
"1516","2020-03-26",36,18,42,201,4583,0.931049530874973,8310,30018,255,336,34,213,3,80,32,3
"1517","2020-03-27",41,18,42,225,4583,0.931049530874973,8310,30018,255,336,31,244,8,88,29,8
"1518","2020-03-28",61,18,38,249,4583,0.931049530874973,8310,30018,255,336,32,276,4,92,30,4
"1519","2020-03-29",75,18,40,272,4583,0.931049530874973,8310,30018,255,336,26,302,16,108,24,16
"1520","2020-03-30",81,18,56,302,4583,0.931049530874973,8310,30018,255,336,37,339,9,117,35,9
"1521","2020-03-31",71,18,53,318,4583,0.931049530874973,8310,30018,255,336,49,388,4,121,49,4
"1522","2020-04-01",78,18,47,350,4583,0.931049530874973,8310,30018,255,336,40,428,14,135,39,14
"1523","2020-04-02",78,18,45,391,4583,0.931049530874973,8310,30018,255,336,53,481,6,141,51,6
"1524","2020-04-03",105,18,45,415,4583,0.931049530874973,8310,30018,255,336,61,542,6,147,61,6
"1525","2020-04-04",119,18,42,459,4583,0.931049530874973,8310,30018,255,336,74,616,10,157,69,10
"1526","2020-04-05",129,18,50,484,4583,0.931049530874973,8310,30018,255,336,57,673,12,169,56,12
"1527","2020-04-06",130,18,55,526,4583,0.931049530874973,8310,30018,255,336,67,740,18,187,66,18
"1528","2020-04-07",142,18,62,572,4583,0.931049530874973,8310,30018,255,336,83,823,9,196,83,9
"1529","2020-04-08",154,18,60,616,4583,0.931049530874973,8310,30018,255,336,79,902,8,204,73,8
"1530","2020-04-09",162,18,60,667,4583,0.931049530874973,8310,30018,255,336,102,1004,13,217,102,13
"1531","2020-04-10",187,18,68,728,4583,0.931049530874973,8310,30018,255,336,87,1091,14,231,83,14
"1532","2020-04-11",186,18,87,786,4583,0.931049530874973,8310,30018,255,336,99,1190,22,253,97,22
"1533","2020-04-12",216,18,94,828,4583,0.931049530874973,8310,30018,255,336,117,1307,19,272,116,19
"1534","2020-04-13",233,18,93,891,4583,0.931049530874973,8310,30018,255,336,119,1426,11,283,116,11
"1535","2020-04-14",245,18,88,939,4583,0.931049530874973,8310,30018,255,336,127,1553,13,296,124,13
"1536","2020-04-15",266,18,77,968,4583,0.931049530874973,8310,30018,255,336,103,1656,14,310,102,14
"1537","2020-04-16",272,18,67,1029,4583,0.931049530874973,8310,30018,255,336,119,1775,7,317,116,7
"1538","2020-04-17",336,18,71,1054,4583,0.931049530874973,8310,30018,255,336,156,1931,10,327,155,10
"1539","2020-04-18",364,18,86,1072,4583,0.931049530874973,8310,30018,255,336,152,2083,22,349,147,22
"1540","2020-04-19",361,18,82,1098,4583,0.931049530874973,8310,30018,255,336,166,2249,15,364,165,15
"1541","2020-04-20",359,18,83,1121,4583,0.931049530874973,8310,30018,255,336,132,2381,23,387,129,23
"1542","2020-04-21",353,18,88,1150,4583,0.931049530874973,8310,30018,255,336,142,2523,26,413,141,26
"1543","2020-04-22",346,18,97,1159,4583,0.931049530874973,8310,30018,255,336,169,2692,18,431,168,18
"1544","2020-04-23",370,18,102,1166,4583,0.931049530874973,8310,30018,255,336,146,2838,13,444,144,13
"1545","2020-04-24",417,18,94,1138,4583,0.931049530874973,8310,30018,255,336,161,2999,18,462,160,18
"1546","2020-04-25",421,18,97,1113,4583,0.931049530874973,8310,30018,255,336,143,3142,19,481,140,19
"1547","2020-04-26",386,18,90,1095,4583,0.931049530874973,8310,30018,255,336,142,3284,18,499,139,18
"1548","2020-04-27",383,18,88,1078,4583,0.931049530874973,8310,30018,255,336,134,3418,20,519,132,20
"1549","2020-04-28",369,18,82,1047,4583,0.931049530874973,8310,30018,255,336,153,3571,16,535,151,16
"1550","2020-04-29",371,18,88,1039,4583,0.931049530874973,8310,30018,255,336,153,3724,20,555,151,20
"1551","2020-04-30",357,18,90,1015,4583,0.931049530874973,8310,30018,255,336,140,3864,17,572,137,17
"1552","2020-05-01",365,18,87,987,4583,0.931049530874973,8310,30018,255,336,98,3962,19,591,94,19
"1553","2020-05-02",360,18,84,940,4583,0.931049530874973,8310,30018,255,336,116,4078,13,604,116,13
"1554","2020-05-03",330,18,85,909,4583,0.931049530874973,8310,30018,255,336,97,4175,13,617,93,13
"1555","2020-05-04",321,18,92,895,4583,0.931049530874973,8310,30018,255,336,119,4294,13,630,117,13
"1556","2020-05-05",316,18,96,895,4583,0.931049530874973,8310,30018,255,336,120,4414,18,648,119,18
"1557","2020-05-06",307,18,98,860,4583,0.931049530874973,8310,30018,255,336,86,4500,25,673,86,25
"1558","2020-05-07",309,18,89,822,4583,0.931049530874973,8310,30018,255,336,96,4596,16,689,95,16
"1559","2020-05-08",288,18,118,788,4583,0.931049530874973,8310,30018,255,336,68,4664,25,714,67,25
"1560","2020-05-09",271,18,107,756,4583,0.931049530874973,8310,30018,255,336,71,4735,25,739,71,25
"1561","2020-05-10",270,18,109,724,4583,0.931049530874973,8310,30018,255,336,63,4798,19,758,63,19
"1562","2020-05-11",267,18,107,681,4583,0.931049530874973,8310,30018,255,336,57,4855,14,772,55,14
"1563","2020-05-12",254,18,104,651,4583,0.931049530874973,8310,30018,255,336,59,4914,31,803,59,31
"1564","2020-05-13",257,18,102,626,4583,0.931049530874973,8310,30018,255,336,40,4954,23,826,40,23
"1565","2020-05-14",243,18,91,587,4583,0.931049530874973,8310,30018,255,336,51,5005,17,843,51,17
"1566","2020-05-15",217,18,84,558,4583,0.931049530874973,8310,30018,255,336,40,5045,13,856,39,13
"1567","2020-05-16",209,18,78,534,4583,0.931049530874973,8310,30018,255,336,31,5076,20,876,29,20
"1568","2020-05-17",190,18,76,508,4583,0.931049530874973,8310,30018,255,336,30,5106,12,888,29,12
"1569","2020-05-18",183,18,72,489,4583,0.931049530874973,8310,30018,255,336,30,5136,9,897,30,9
"1570","2020-05-19",167,18,78,476,4583,0.931049530874973,8310,30018,255,336,26,5162,6,903,26,6
"1571","2020-05-20",160,18,70,457,4583,0.931049530874973,8310,30018,255,336,24,5186,13,916,23,13
"1572","2020-05-21",155,18,53,425,4583,0.931049530874973,8310,30018,255,336,25,5211,7,923,23,7
"1573","2020-05-22",156,18,43,408,4583,0.931049530874973,8310,30018,255,336,29,5240,5,928,27,5
"1574","2020-05-23",155,18,38,382,4583,0.931049530874973,8310,30018,255,336,17,5257,12,940,17,12
"1575","2020-05-24",152,18,39,369,4583,0.931049530874973,8310,30018,255,336,14,5271,18,958,13,18
"1576","2020-05-25",143,18,37,352,4583,0.931049530874973,8310,30018,255,336,21,5292,14,972,21,14
"1577","2020-05-26",144,18,32,338,4583,0.931049530874973,8310,30018,255,336,15,5307,13,985,14,13
"1578","2020-05-27",129,18,32,326,4583,0.931049530874973,8310,30018,255,336,17,5324,5,990,17,5
"1579","2020-05-28",122,18,39,314,4583,0.931049530874973,8310,30018,255,336,17,5341,7,997,16,7
"1580","2020-05-29",111,18,45,300,4583,0.931049530874973,8310,30018,255,336,10,5351,7,1004,10,7
"1581","2020-05-30",105,18,44,285,4583,0.931049530874973,8310,30018,255,336,17,5368,15,1019,17,15
"1582","2020-05-31",88,18,42,267,4583,0.931049530874973,8310,30018,255,336,9,5377,7,1026,9,7
"1583","2020-06-01",84,18,29,250,4583,0.931049530874973,8310,30018,255,336,8,5385,6,1032,8,6
"1584","2020-06-02",79,18,39,232,4583,0.931049530874973,8310,30018,255,336,7,5392,10,1042,7,10
"1585","2020-06-03",84,18,35,221,4583,0.931049530874973,8310,30018,255,336,18,5410,6,1048,17,6
"1586","2020-06-04",81,18,35,226,4583,0.931049530874973,8310,30018,255,336,5,5415,13,1061,5,13
"1587","2020-06-05",72,18,36,210,4583,0.931049530874973,8310,30018,255,336,1,5416,17,1078,1,17
"1588","2020-06-06",77,18,40,208,4583,0.931049530874973,8310,30018,255,336,6,5422,8,1086,4,8
"1589","2020-06-07",71,18,48,197,4583,0.931049530874973,8310,30018,255,336,4,5426,8,1094,4,8
"1590","2020-03-07",1,19,0,0,2115,0.696926713947991,8355,18947,113,185,NA,NA,NA,NA,NA,NA
"1591","2020-03-08",1,19,0,0,2115,0.696926713947991,8355,18947,113,185,NA,NA,NA,NA,NA,NA
"1592","2020-03-09",0,19,0,0,2115,0.696926713947991,8355,18947,113,185,NA,NA,NA,NA,NA,NA
"1593","2020-03-10",0,19,0,0,2115,0.696926713947991,8355,18947,113,185,NA,NA,NA,NA,NA,NA
"1594","2020-03-11",0,19,0,0,2115,0.696926713947991,8355,18947,113,185,6,6,2,2,NA,2
"1595","2020-03-12",0,19,0,0,2115,0.696926713947991,8355,18947,113,185,6,12,2,4,NA,2
"1596","2020-03-13",1,19,22,17,2115,0.696926713947991,8355,18947,113,185,15,27,7,11,2,7
"1597","2020-03-14",1,19,15,26,2115,0.696926713947991,8355,18947,113,185,7,34,7,18,2,7
"1598","2020-03-15",3,19,13,34,2115,0.696926713947991,8355,18947,113,185,9,43,11,29,7,11
"1599","2020-03-16",4,19,15,45,2115,0.696926713947991,8355,18947,113,185,16,59,8,37,9,8
"1600","2020-03-17",8,19,9,49,2115,0.696926713947991,8355,18947,113,185,19,78,14,51,14,14
"1601","2020-03-18",10,19,10,59,2115,0.696926713947991,8355,18947,113,185,21,99,4,55,14,4
"1602","2020-03-19",12,19,9,75,2115,0.696926713947991,8355,18947,113,185,31,130,6,61,26,6
"1603","2020-03-20",19,19,15,78,2115,0.696926713947991,8355,18947,113,185,22,152,6,67,17,6
"1604","2020-03-21",19,19,20,87,2115,0.696926713947991,8355,18947,113,185,43,195,7,74,31,7
"1605","2020-03-22",28,19,31,96,2115,0.696926713947991,8355,18947,113,185,48,243,7,81,35,7
"1606","2020-03-23",29,19,29,92,2115,0.696926713947991,8355,18947,113,185,43,286,5,86,36,5
"1607","2020-03-24",26,19,34,97,2115,0.696926713947991,8355,18947,113,185,28,314,15,101,26,15
"1608","2020-03-25",26,19,33,107,2115,0.696926713947991,8355,18947,113,185,59,373,14,115,52,14
"1609","2020-03-26",28,19,28,117,2115,0.696926713947991,8355,18947,113,185,39,412,9,124,33,9
"1610","2020-03-27",28,19,28,122,2115,0.696926713947991,8355,18947,113,185,54,466,17,141,46,17
"1611","2020-03-28",40,19,31,139,2115,0.696926713947991,8355,18947,113,185,71,537,16,157,59,16
"1612","2020-03-29",32,19,23,143,2115,0.696926713947991,8355,18947,113,185,71,608,20,177,62,20
"1613","2020-03-30",33,19,23,161,2115,0.696926713947991,8355,18947,113,185,66,674,8,185,61,8
"1614","2020-03-31",37,19,30,165,2115,0.696926713947991,8355,18947,113,185,65,739,11,196,58,11
"1615","2020-04-01",43,19,29,181,2115,0.696926713947991,8355,18947,113,185,91,830,8,204,82,8
"1616","2020-04-02",45,19,27,189,2115,0.696926713947991,8355,18947,113,185,91,921,5,209,84,5
"1617","2020-04-03",60,19,32,198,2115,0.696926713947991,8355,18947,113,185,95,1016,8,217,86,8
"1618","2020-04-04",63,19,42,203,2115,0.696926713947991,8355,18947,113,185,100,1116,5,222,96,5
"1619","2020-04-05",69,19,39,218,2115,0.696926713947991,8355,18947,113,185,114,1230,4,226,106,4
"1620","2020-04-06",72,19,44,224,2115,0.696926713947991,8355,18947,113,185,96,1326,2,228,91,2
"1621","2020-04-07",66,19,45,226,2115,0.696926713947991,8355,18947,113,185,115,1441,5,233,101,5
"1622","2020-04-08",68,19,45,236,2115,0.696926713947991,8355,18947,113,185,140,1581,3,236,130,3
"1623","2020-04-09",66,19,66,239,2115,0.696926713947991,8355,18947,113,185,105,1686,10,246,96,10
"1624","2020-04-10",71,19,66,235,2115,0.696926713947991,8355,18947,113,185,119,1805,16,262,111,16
"1625","2020-04-11",76,19,65,249,2115,0.696926713947991,8355,18947,113,185,144,1949,10,272,136,10
"1626","2020-04-12",88,19,57,263,2115,0.696926713947991,8355,18947,113,185,147,2096,12,284,136,12
"1627","2020-04-13",82,19,53,270,2115,0.696926713947991,8355,18947,113,185,131,2227,11,295,128,11
"1628","2020-04-14",84,19,51,283,2115,0.696926713947991,8355,18947,113,185,159,2386,12,307,151,12
"1629","2020-04-15",92,19,49,297,2115,0.696926713947991,8355,18947,113,185,148,2534,18,325,142,18
"1630","2020-04-16",99,19,43,294,2115,0.696926713947991,8355,18947,113,185,131,2665,11,336,124,11
"1631","2020-04-17",100,19,50,315,2115,0.696926713947991,8355,18947,113,185,134,2799,8,344,126,8
"1632","2020-04-18",106,19,47,310,2115,0.696926713947991,8355,18947,113,185,126,2925,8,352,122,8
"1633","2020-04-19",95,19,52,328,2115,0.696926713947991,8355,18947,113,185,164,3089,22,374,156,22
"1634","2020-04-20",91,19,48,336,2115,0.696926713947991,8355,18947,113,185,124,3213,9,383,119,9
"1635","2020-04-21",92,19,52,340,2115,0.696926713947991,8355,18947,113,185,117,3330,11,394,112,11
"1636","2020-04-22",87,19,41,358,2115,0.696926713947991,8355,18947,113,185,105,3435,18,412,98,18
"1637","2020-04-23",93,19,44,343,2115,0.696926713947991,8355,18947,113,185,125,3560,28,440,120,28
"1638","2020-04-24",105,19,44,360,2115,0.696926713947991,8355,18947,113,185,100,3660,22,462,95,22
"1639","2020-04-25",101,19,44,374,2115,0.696926713947991,8355,18947,113,185,87,3747,17,479,80,17
"1640","2020-04-26",116,19,44,382,2115,0.696926713947991,8355,18947,113,185,103,3850,16,495,96,16
"1641","2020-04-27",123,19,52,399,2115,0.696926713947991,8355,18947,113,185,82,3932,11,506,75,11
"1642","2020-04-28",121,19,60,414,2115,0.696926713947991,8355,18947,113,185,93,4025,14,520,86,14
"1643","2020-04-29",121,19,56,396,2115,0.696926713947991,8355,18947,113,185,87,4112,10,530,83,10
"1644","2020-04-30",121,19,63,409,2115,0.696926713947991,8355,18947,113,185,85,4197,11,541,79,11
"1645","2020-05-01",133,19,57,407,2115,0.696926713947991,8355,18947,113,185,86,4283,7,548,81,7
"1646","2020-05-02",148,19,61,413,2115,0.696926713947991,8355,18947,113,185,50,4333,16,564,45,16
"1647","2020-05-03",137,19,58,408,2115,0.696926713947991,8355,18947,113,185,67,4400,11,575,59,11
"1648","2020-05-04",133,19,58,394,2115,0.696926713947991,8355,18947,113,185,61,4461,4,579,58,4
"1649","2020-05-05",132,19,57,386,2115,0.696926713947991,8355,18947,113,185,54,4515,3,582,48,3
"1650","2020-05-06",139,19,70,380,2115,0.696926713947991,8355,18947,113,185,43,4558,3,585,41,3
"1651","2020-05-07",132,19,73,386,2115,0.696926713947991,8355,18947,113,185,39,4597,4,589,35,4
"1652","2020-05-08",138,19,67,380,2115,0.696926713947991,8355,18947,113,185,46,4643,4,593,41,4
"1653","2020-05-09",132,19,63,362,2115,0.696926713947991,8355,18947,113,185,37,4680,15,608,32,15
"1654","2020-05-10",112,19,50,334,2115,0.696926713947991,8355,18947,113,185,46,4726,11,619,44,11
"1655","2020-05-11",109,19,53,333,2115,0.696926713947991,8355,18947,113,185,39,4765,2,621,35,2
"1656","2020-05-12",101,19,55,330,2115,0.696926713947991,8355,18947,113,185,37,4802,5,626,33,5
"1657","2020-05-13",92,19,48,326,2115,0.696926713947991,8355,18947,113,185,39,4841,16,642,34,16
"1658","2020-05-14",100,19,51,323,2115,0.696926713947991,8355,18947,113,185,30,4871,22,664,26,22
"1659","2020-05-15",104,19,52,313,2115,0.696926713947991,8355,18947,113,185,45,4916,8,672,38,8
"1660","2020-05-16",98,19,53,305,2115,0.696926713947991,8355,18947,113,185,36,4952,10,682,33,10
"1661","2020-05-17",99,19,49,300,2115,0.696926713947991,8355,18947,113,185,18,4970,5,687,18,5
"1662","2020-05-18",102,19,49,307,2115,0.696926713947991,8355,18947,113,185,24,4994,11,698,22,11
"1663","2020-05-19",105,19,54,290,2115,0.696926713947991,8355,18947,113,185,23,5017,4,702,19,4
"1664","2020-05-20",102,19,52,281,2115,0.696926713947991,8355,18947,113,185,26,5043,9,711,22,9
"1665","2020-05-21",100,19,49,278,2115,0.696926713947991,8355,18947,113,185,14,5057,19,730,13,19
"1666","2020-05-22",94,19,46,283,2115,0.696926713947991,8355,18947,113,185,19,5076,18,748,15,18
"1667","2020-05-23",113,19,57,278,2115,0.696926713947991,8355,18947,113,185,15,5091,13,761,13,13
"1668","2020-05-24",102,19,60,281,2115,0.696926713947991,8355,18947,113,185,18,5109,5,766,15,5
"1669","2020-05-25",101,19,52,258,2115,0.696926713947991,8355,18947,113,185,13,5122,11,777,12,11
"1670","2020-05-26",95,19,44,246,2115,0.696926713947991,8355,18947,113,185,15,5137,6,783,14,6
"1671","2020-05-27",99,19,49,252,2115,0.696926713947991,8355,18947,113,185,12,5149,4,787,8,4
"1672","2020-05-28",97,19,43,247,2115,0.696926713947991,8355,18947,113,185,16,5165,6,793,13,6
"1673","2020-05-29",103,19,43,246,2115,0.696926713947991,8355,18947,113,185,9,5174,7,800,6,7
"1674","2020-05-30",91,19,43,237,2115,0.696926713947991,8355,18947,113,185,16,5190,12,812,14,12
"1675","2020-05-31",88,19,40,233,2115,0.696926713947991,8355,18947,113,185,11,5201,14,826,9,14
"1676","2020-06-01",83,19,49,232,2115,0.696926713947991,8355,18947,113,185,9,5210,13,839,7,13
"1677","2020-06-02",87,19,54,224,2115,0.696926713947991,8355,18947,113,185,11,5221,10,849,10,10
"1678","2020-06-03",82,19,52,215,2115,0.696926713947991,8355,18947,113,185,11,5232,11,860,10,11
"1679","2020-06-04",80,19,53,213,2115,0.696926713947991,8355,18947,113,185,10,5242,10,870,8,10
"1680","2020-06-05",87,19,48,201,2115,0.696926713947991,8355,18947,113,185,8,5250,7,877,4,7
"1681","2020-06-06",84,19,49,190,2115,0.696926713947991,8355,18947,113,185,8,5258,4,881,7,4
"1682","2020-06-07",75,19,46,180,2115,0.696926713947991,8355,18947,113,185,7,5265,4,885,7,4
"1683","2020-03-08",1,20,0,0,5193,0.977277103793568,8460,31524,254,298,NA,NA,NA,NA,NA,NA
"1684","2020-03-09",1,20,0,0,5193,0.977277103793568,8460,31524,254,298,NA,NA,NA,NA,NA,NA
"1685","2020-03-10",0,20,0,0,5193,0.977277103793568,8460,31524,254,298,NA,NA,NA,NA,NA,NA
"1686","2020-03-11",0,20,0,0,5193,0.977277103793568,8460,31524,254,298,2,2,1,1,NA,1
"1687","2020-03-12",0,20,0,0,5193,0.977277103793568,8460,31524,254,298,5,7,1,2,NA,1
"1688","2020-03-13",0,20,0,0,5193,0.977277103793568,8460,31524,254,298,1,8,7,9,1,7
"1689","2020-03-14",0,20,0,0,5193,0.977277103793568,8460,31524,254,298,9,17,1,10,4,1
"1690","2020-03-15",1,20,37,16,5193,0.977277103793568,8460,31524,254,298,5,22,5,15,3,5
"1691","2020-03-16",1,20,38,22,5193,0.977277103793568,8460,31524,254,298,10,32,6,21,10,6
"1692","2020-03-17",1,20,44,30,5193,0.977277103793568,8460,31524,254,298,7,39,1,22,2,1
"1693","2020-03-18",2,20,34,38,5193,0.977277103793568,8460,31524,254,298,16,55,4,26,12,4
"1694","2020-03-19",3,20,32,42,5193,0.977277103793568,8460,31524,254,298,14,69,9,35,13,9
"1695","2020-03-20",6,20,34,55,5193,0.977277103793568,8460,31524,254,298,14,83,4,39,12,4
"1696","2020-03-21",12,20,39,67,5193,0.977277103793568,8460,31524,254,298,18,101,6,45,15,6
"1697","2020-03-22",20,20,37,82,5193,0.977277103793568,8460,31524,254,298,22,123,7,52,20,7
"1698","2020-03-23",23,20,30,92,5193,0.977277103793568,8460,31524,254,298,23,146,7,59,21,7
"1699","2020-03-24",20,20,25,116,5193,0.977277103793568,8460,31524,254,298,18,164,8,67,16,8
"1700","2020-03-25",20,20,32,141,5193,0.977277103793568,8460,31524,254,298,17,181,15,82,16,15
"1701","2020-03-26",26,20,33,166,5193,0.977277103793568,8460,31524,254,298,24,205,5,87,22,5
"1702","2020-03-27",39,20,34,184,5193,0.977277103793568,8460,31524,254,298,35,240,8,95,32,8
"1703","2020-03-28",38,20,34,205,5193,0.977277103793568,8460,31524,254,298,28,268,5,100,27,5
"1704","2020-03-29",44,20,33,228,5193,0.977277103793568,8460,31524,254,298,29,297,3,103,28,3
"1705","2020-03-30",50,20,27,281,5193,0.977277103793568,8460,31524,254,298,39,336,8,111,36,8
"1706","2020-03-31",51,20,26,319,5193,0.977277103793568,8460,31524,254,298,34,370,1,112,33,1
"1707","2020-04-01",62,20,34,327,5193,0.977277103793568,8460,31524,254,298,46,416,5,117,44,5
"1708","2020-04-02",64,20,40,352,5193,0.977277103793568,8460,31524,254,298,60,476,9,126,52,9
"1709","2020-04-03",74,20,40,405,5193,0.977277103793568,8460,31524,254,298,63,539,10,136,57,10
"1710","2020-04-04",100,20,34,428,5193,0.977277103793568,8460,31524,254,298,78,617,12,148,70,12
"1711","2020-04-05",109,20,36,480,5193,0.977277103793568,8460,31524,254,298,59,676,13,161,53,13
"1712","2020-04-06",106,20,46,558,5193,0.977277103793568,8460,31524,254,298,73,749,14,175,69,14
"1713","2020-04-07",109,20,49,592,5193,0.977277103793568,8460,31524,254,298,92,841,12,187,89,12
"1714","2020-04-08",116,20,49,633,5193,0.977277103793568,8460,31524,254,298,74,915,17,204,70,17
"1715","2020-04-09",134,20,43,723,5193,0.977277103793568,8460,31524,254,298,75,990,16,220,71,16
"1716","2020-04-10",190,20,47,749,5193,0.977277103793568,8460,31524,254,298,108,1098,16,236,104,16
"1717","2020-04-11",238,20,54,805,5193,0.977277103793568,8460,31524,254,298,89,1187,18,254,85,18
"1718","2020-04-12",255,20,49,861,5193,0.977277103793568,8460,31524,254,298,105,1292,18,272,102,18
"1719","2020-04-13",261,20,51,896,5193,0.977277103793568,8460,31524,254,298,99,1391,12,284,96,12
"1720","2020-04-14",273,20,46,918,5193,0.977277103793568,8460,31524,254,298,104,1495,13,297,103,13
"1721","2020-04-15",279,20,52,980,5193,0.977277103793568,8460,31524,254,298,160,1655,14,311,157,14
"1722","2020-04-16",282,20,47,1011,5193,0.977277103793568,8460,31524,254,298,110,1765,11,322,105,11
"1723","2020-04-17",320,20,57,1052,5193,0.977277103793568,8460,31524,254,298,125,1890,7,329,123,7
"1724","2020-04-18",332,20,62,1083,5193,0.977277103793568,8460,31524,254,298,130,2020,8,337,127,8
"1725","2020-04-19",321,20,64,1098,5193,0.977277103793568,8460,31524,254,298,132,2152,13,350,130,13
"1726","2020-04-20",317,20,71,1142,5193,0.977277103793568,8460,31524,254,298,144,2296,11,361,139,11
"1727","2020-04-21",329,20,72,1187,5193,0.977277103793568,8460,31524,254,298,145,2441,17,378,141,17
"1728","2020-04-22",349,20,59,1219,5193,0.977277103793568,8460,31524,254,298,163,2604,9,387,160,9
"1729","2020-04-23",364,20,61,1247,5193,0.977277103793568,8460,31524,254,298,132,2736,6,393,129,6
"1730","2020-04-24",381,20,70,1244,5193,0.977277103793568,8460,31524,254,298,126,2862,12,405,122,12
"1731","2020-04-25",404,20,90,1309,5193,0.977277103793568,8460,31524,254,298,155,3017,14,419,153,14
"1732","2020-04-26",403,20,97,1356,5193,0.977277103793568,8460,31524,254,298,137,3154,16,435,132,16
"1733","2020-04-27",408,20,110,1397,5193,0.977277103793568,8460,31524,254,298,103,3257,17,452,102,17
"1734","2020-04-28",409,20,99,1408,5193,0.977277103793568,8460,31524,254,298,122,3379,17,469,120,17
"1735","2020-04-29",411,20,81,1422,5193,0.977277103793568,8460,31524,254,298,137,3516,27,496,135,27
"1736","2020-04-30",422,20,69,1425,5193,0.977277103793568,8460,31524,254,298,88,3604,24,520,86,24
"1737","2020-05-01",499,20,57,1416,5193,0.977277103793568,8460,31524,254,298,144,3748,19,539,141,19
"1738","2020-05-02",494,20,66,1405,5193,0.977277103793568,8460,31524,254,298,93,3841,9,548,86,9
"1739","2020-05-03",465,20,69,1362,5193,0.977277103793568,8460,31524,254,298,127,3968,14,562,121,14
"1740","2020-05-04",460,20,82,1300,5193,0.977277103793568,8460,31524,254,298,89,4057,16,578,86,16
"1741","2020-05-05",464,20,84,1276,5193,0.977277103793568,8460,31524,254,298,91,4148,8,586,88,8
"1742","2020-05-06",461,20,66,1226,5193,0.977277103793568,8460,31524,254,298,104,4252,14,600,103,14
"1743","2020-05-07",442,20,59,1194,5193,0.977277103793568,8460,31524,254,298,95,4347,10,610,92,10
"1744","2020-05-08",428,20,45,1149,5193,0.977277103793568,8460,31524,254,298,62,4409,14,624,62,14
"1745","2020-05-09",432,20,42,1099,5193,0.977277103793568,8460,31524,254,298,85,4494,17,641,84,17
"1746","2020-05-10",395,20,56,1027,5193,0.977277103793568,8460,31524,254,298,56,4550,17,658,56,17
"1747","2020-05-11",373,20,54,967,5193,0.977277103793568,8460,31524,254,298,63,4613,13,671,62,13
"1748","2020-05-12",367,20,59,938,5193,0.977277103793568,8460,31524,254,298,57,4670,11,682,56,11
"1749","2020-05-13",350,20,53,871,5193,0.977277103793568,8460,31524,254,298,61,4731,8,690,60,8
"1750","2020-05-14",350,20,47,836,5193,0.977277103793568,8460,31524,254,298,42,4773,15,705,41,15
"1751","2020-05-15",320,20,57,771,5193,0.977277103793568,8460,31524,254,298,53,4826,11,716,52,11
"1752","2020-05-16",307,20,58,720,5193,0.977277103793568,8460,31524,254,298,41,4867,16,732,41,16
"1753","2020-05-17",287,20,62,664,5193,0.977277103793568,8460,31524,254,298,29,4896,16,748,29,16
"1754","2020-05-18",266,20,56,626,5193,0.977277103793568,8460,31524,254,298,30,4926,10,758,30,10
"1755","2020-05-19",255,20,45,582,5193,0.977277103793568,8460,31524,254,298,26,4952,12,770,25,12
"1756","2020-05-20",246,20,47,542,5193,0.977277103793568,8460,31524,254,298,24,4976,11,781,23,11
"1757","2020-05-21",233,20,43,486,5193,0.977277103793568,8460,31524,254,298,24,5000,9,790,24,9
"1758","2020-05-22",210,20,40,435,5193,0.977277103793568,8460,31524,254,298,20,5020,19,809,20,19
"1759","2020-05-23",189,20,45,408,5193,0.977277103793568,8460,31524,254,298,20,5040,9,818,19,9
"1760","2020-05-24",170,20,60,368,5193,0.977277103793568,8460,31524,254,298,16,5056,10,828,15,10
"1761","2020-05-25",165,20,58,332,5193,0.977277103793568,8460,31524,254,298,18,5074,8,836,16,8
"1762","2020-05-26",141,20,59,292,5193,0.977277103793568,8460,31524,254,298,18,5092,9,845,16,9
"1763","2020-05-27",138,20,57,261,5193,0.977277103793568,8460,31524,254,298,18,5110,12,857,18,12
"1764","2020-05-28",124,20,66,249,5193,0.977277103793568,8460,31524,254,298,15,5125,7,864,14,7
"1765","2020-05-29",111,20,62,228,5193,0.977277103793568,8460,31524,254,298,14,5139,8,872,14,8
"1766","2020-05-30",96,20,67,210,5193,0.977277103793568,8460,31524,254,298,14,5153,8,880,14,8
"1767","2020-05-31",84,20,70,197,5193,0.977277103793568,8460,31524,254,298,9,5162,6,886,8,6
"1768","2020-06-01",75,20,61,181,5193,0.977277103793568,8460,31524,254,298,10,5172,6,892,9,6
"1769","2020-06-02",67,20,66,162,5193,0.977277103793568,8460,31524,254,298,10,5182,7,899,10,7
"1770","2020-06-03",58,20,53,158,5193,0.977277103793568,8460,31524,254,298,9,5191,5,904,9,5
"1771","2020-06-04",55,20,53,152,5193,0.977277103793568,8460,31524,254,298,6,5197,5,909,6,5
"1772","2020-06-05",47,20,59,137,5193,0.977277103793568,8460,31524,254,298,5,5202,8,917,5,8
"1773","2020-06-06",46,20,49,129,5193,0.977277103793568,8460,31524,254,298,10,5212,13,930,10,13
"1774","2020-06-07",40,20,42,129,5193,0.977277103793568,8460,31524,254,298,5,5217,12,942,3,12
