"","Date","Absents","Paramset","Infections_or_Exposed_per_day_Patient","Infections_or_Exposed_per_day_HCW","total_infections","nosocomial_proportion","PCR_pooled","LFD_pooled","HCW_symp_test","patient_symp_test","new_hcw_infs","cumulative_hcw_infs","new_pat_infs","cumulative_pats_infs","new_nosocomial_hcw_infs","new_nosocomial_pat_infs"
"1","2020-03-11",1,1,62,55,6859,0.789327890363027,0,0,618,469,55,55,24,29,6,24
"2","2020-03-12",1,1,118,115,6859,0.789327890363027,0,0,618,469,60,115,44,73,7,44
"3","2020-03-13",3,1,146,188,6859,0.789327890363027,0,0,618,469,73,188,38,111,16,38
"4","2020-03-14",11,1,185,273,6859,0.789327890363027,0,0,618,469,85,273,45,156,31,45
"5","2020-03-15",18,1,237,391,6859,0.789327890363027,0,0,618,469,119,392,67,223,53,67
"6","2020-03-16",35,1,263,524,6859,0.789327890363027,0,0,618,469,134,526,62,285,76,62
"7","2020-03-17",51,1,255,667,6859,0.789327890363027,0,0,618,469,144,670,47,332,89,47
"8","2020-03-18",73,1,234,834,6859,0.789327890363027,0,0,618,469,173,843,31,363,134,31
"9","2020-03-19",105,1,249,1030,6859,0.789327890363027,0,0,618,469,210,1053,45,408,181,45
"10","2020-03-20",137,1,262,1181,6859,0.789327890363027,0,0,618,469,180,1233,63,471,147,63
"11","2020-03-21",180,1,260,1369,6859,0.789327890363027,0,0,618,469,218,1451,39,510,186,39
"12","2020-03-22",224,1,258,1560,6859,0.789327890363027,0,0,618,469,240,1691,51,561,200,51
"13","2020-03-23",256,1,255,1764,6859,0.789327890363027,0,0,618,469,261,1952,41,602,221,41
"14","2020-03-24",304,1,221,1975,6859,0.789327890363027,0,0,618,469,290,2242,31,633,260,31
"15","2020-03-25",365,1,184,2195,6859,0.789327890363027,0,0,618,469,317,2559,19,652,287,19
"16","2020-03-26",411,1,164,2404,6859,0.789327890363027,0,0,618,469,315,2874,23,675,297,23
"17","2020-03-27",477,1,145,2546,6859,0.789327890363027,0,0,618,469,264,3138,10,685,239,10
"18","2020-03-28",529,1,128,2658,6859,0.789327890363027,0,0,618,469,246,3384,17,702,228,17
"19","2020-03-29",585,1,117,2735,6859,0.789327890363027,0,0,618,469,245,3629,14,716,225,14
"20","2020-03-30",643,1,143,2755,6859,0.789327890363027,0,0,618,469,202,3831,42,758,184,42
"21","2020-03-31",689,1,167,2739,6859,0.789327890363027,0,0,618,469,213,4044,30,788,199,30
"22","2020-04-01",720,1,179,2732,6859,0.789327890363027,0,0,618,469,217,4261,42,830,193,42
"23","2020-04-02",756,1,190,2711,6859,0.789327890363027,0,0,618,469,217,4478,49,879,204,49
"24","2020-04-03",745,1,212,2656,6859,0.789327890363027,0,0,618,469,190,4668,48,927,175,48
"25","2020-04-04",733,1,208,2612,6859,0.789327890363027,0,0,618,469,220,4888,44,971,210,44
"26","2020-04-05",727,1,208,2534,6859,0.789327890363027,0,0,618,469,178,5066,34,1005,162,34
"27","2020-04-06",733,1,198,2438,6859,0.789327890363027,0,0,618,469,148,5214,34,1039,140,34
"28","2020-04-07",743,1,183,2308,6859,0.789327890363027,0,0,618,469,136,5350,18,1057,122,18
"29","2020-04-08",734,1,172,2217,6859,0.789327890363027,0,0,618,469,153,5503,20,1077,144,20
"30","2020-04-09",707,1,157,2059,6859,0.789327890363027,0,0,618,469,117,5620,14,1091,102,14
"31","2020-04-10",704,1,142,1928,6859,0.789327890363027,0,0,618,469,111,5731,9,1100,103,9
"32","2020-04-11",702,1,142,1821,6859,0.789327890363027,0,0,618,469,100,5831,29,1129,92,29
"33","2020-04-12",657,1,139,1649,6859,0.789327890363027,0,0,618,469,59,5890,31,1160,56,31
"34","2020-04-13",610,1,154,1512,6859,0.789327890363027,0,0,618,469,74,5964,31,1191,63,31
"35","2020-04-14",552,1,163,1360,6859,0.789327890363027,0,0,618,469,41,6005,38,1229,37,38
"36","2020-04-15",509,1,180,1205,6859,0.789327890363027,0,0,618,469,41,6046,39,1268,39,39
"37","2020-04-16",469,1,168,1079,6859,0.789327890363027,0,0,618,469,43,6089,33,1301,39,33
"38","2020-04-17",438,1,159,966,6859,0.789327890363027,0,0,618,469,32,6121,31,1332,28,31
"39","2020-04-18",390,1,153,847,6859,0.789327890363027,0,0,618,469,33,6154,24,1356,26,24
"40","2020-04-19",372,1,157,741,6859,0.789327890363027,0,0,618,469,32,6186,34,1390,28,34
"41","2020-04-20",343,1,138,640,6859,0.789327890363027,0,0,618,469,21,6207,20,1410,17,20
"42","2020-04-21",306,1,146,544,6859,0.789327890363027,0,0,618,469,13,6220,30,1440,10,30
"43","2020-04-22",267,1,142,481,6859,0.789327890363027,0,0,618,469,18,6238,13,1453,13,13
"44","2020-04-23",234,1,126,410,6859,0.789327890363027,0,0,618,469,16,6254,14,1467,9,14
"45","2020-04-24",197,1,106,359,6859,0.789327890363027,0,0,618,469,12,6266,7,1474,9,7
"46","2020-04-25",174,1,100,308,6859,0.789327890363027,0,0,618,469,17,6283,14,1488,10,14
"47","2020-04-26",152,1,109,274,6859,0.789327890363027,0,0,618,469,11,6294,27,1515,6,27
"48","2020-04-27",129,1,105,242,6859,0.789327890363027,0,0,618,469,9,6303,14,1529,4,14
"49","2020-04-28",112,1,100,214,6859,0.789327890363027,0,0,618,469,10,6313,16,1545,4,16
"50","2020-04-29",97,1,104,194,6859,0.789327890363027,0,0,618,469,5,6318,21,1566,3,21
"51","2020-04-30",87,1,96,177,6859,0.789327890363027,0,0,618,469,9,6327,15,1581,4,15
"52","2020-05-01",77,1,89,161,6859,0.789327890363027,0,0,618,469,9,6336,10,1591,4,10
"53","2020-05-02",61,1,78,141,6859,0.789327890363027,0,0,618,469,7,6343,8,1599,5,8
"54","2020-05-03",48,1,73,123,6859,0.789327890363027,0,0,618,469,8,6351,8,1607,5,8
"55","2020-05-04",36,1,62,113,6859,0.789327890363027,0,0,618,469,8,6359,2,1609,3,2
"56","2020-05-05",32,1,54,107,6859,0.789327890363027,0,0,618,469,5,6364,3,1612,1,3
"57","2020-05-06",25,1,53,90,6859,0.789327890363027,0,0,618,469,3,6367,6,1618,1,6
"58","2020-05-07",24,1,57,77,6859,0.789327890363027,0,0,618,469,1,6368,8,1626,1,8
"59","2020-05-08",19,1,57,72,6859,0.789327890363027,0,0,618,469,8,6376,9,1635,1,9
"60","2020-05-09",22,1,57,68,6859,0.789327890363027,0,0,618,469,5,6381,12,1647,2,12
"61","2020-05-10",20,1,61,67,6859,0.789327890363027,0,0,618,469,8,6389,12,1659,2,12
"62","2020-05-11",20,1,61,63,6859,0.789327890363027,0,0,618,469,4,6393,8,1667,1,8
"63","2020-05-12",20,1,58,59,6859,0.789327890363027,0,0,618,469,4,6397,9,1676,2,9
"64","2020-05-13",20,1,51,60,6859,0.789327890363027,0,0,618,469,6,6403,5,1681,1,5
"65","2020-05-14",19,1,56,55,6859,0.789327890363027,0,0,618,469,3,6406,8,1689,1,8
"66","2020-05-15",19,1,52,57,6859,0.789327890363027,0,0,618,469,8,6414,5,1694,1,5
"67","2020-05-16",18,1,47,52,6859,0.789327890363027,0,0,618,469,4,6418,4,1698,1,4
"68","2020-05-17",18,1,41,49,6859,0.789327890363027,0,0,618,469,3,6421,2,1700,1,2
"69","2020-05-18",19,1,36,44,6859,0.789327890363027,0,0,618,469,1,6422,5,1705,NA,5
"70","2020-05-19",16,1,26,43,6859,0.789327890363027,0,0,618,469,3,6425,1,1706,1,1
"71","2020-05-20",14,1,26,45,6859,0.789327890363027,0,0,618,469,4,6429,2,1708,NA,2
"72","2020-05-21",13,1,26,41,6859,0.789327890363027,0,0,618,469,1,6430,1,1709,NA,1
"73","2020-05-22",12,1,24,39,6859,0.789327890363027,0,0,618,469,5,6435,3,1712,1,3
"74","2020-05-23",10,1,19,41,6859,0.789327890363027,0,0,618,469,6,6441,3,1715,NA,3
"75","2020-05-24",13,1,17,38,6859,0.789327890363027,0,0,618,469,2,6443,NA,NA,NA,NA
"76","2020-05-25",12,1,16,38,6859,0.789327890363027,0,0,618,469,4,6447,1,1716,NA,1
"77","2020-05-26",13,1,17,36,6859,0.789327890363027,0,0,618,469,1,6448,2,1718,1,2
"78","2020-05-27",15,1,19,39,6859,0.789327890363027,0,0,618,469,8,6456,1,1719,2,1
"79","2020-05-28",14,1,16,44,6859,0.789327890363027,0,0,618,469,7,6463,NA,NA,1,NA
"80","2020-05-29",14,1,17,45,6859,0.789327890363027,0,0,618,469,3,6466,2,1721,NA,2
"81","2020-05-30",13,1,17,44,6859,0.789327890363027,0,0,618,469,3,6469,1,1722,1,1
"82","2020-05-31",11,1,17,45,6859,0.789327890363027,0,0,618,469,4,6473,2,1724,NA,2
"83","2020-06-01",11,1,15,43,6859,0.789327890363027,0,0,618,469,1,6474,1,1725,NA,1
"84","2020-06-02",13,1,17,43,6859,0.789327890363027,0,0,618,469,4,6478,3,1728,2,3
"85","2020-06-03",11,1,18,42,6859,0.789327890363027,0,0,618,469,2,6480,2,1730,NA,2
"86","2020-06-04",11,1,15,45,6859,0.789327890363027,0,0,618,469,5,6485,1,1731,NA,1
"87","2020-06-05",10,1,12,37,6859,0.789327890363027,0,0,618,469,1,6486,NA,NA,NA,NA
"88","2020-06-06",11,1,13,38,6859,0.789327890363027,0,0,618,469,6,6492,2,1733,1,2
"89","2020-06-07",10,1,11,41,6859,0.789327890363027,0,0,618,469,5,6497,NA,NA,NA,NA
"90","2020-03-12",1,2,99,62,3326,0.713770294648226,0,0,295,272,53,93,41,55,2,41
"91","2020-03-13",3,2,99,96,3326,0.713770294648226,0,0,295,272,54,147,35,90,4,35
"92","2020-03-14",5,2,124,138,3326,0.713770294648226,0,0,295,272,45,192,26,116,8,26
"93","2020-03-15",11,2,166,180,3326,0.713770294648226,0,0,295,272,57,249,35,151,14,35
"94","2020-03-16",17,2,171,221,3326,0.713770294648226,0,0,295,272,55,304,30,181,11,30
"95","2020-03-17",24,2,208,264,3326,0.713770294648226,0,0,295,272,50,354,53,234,19,53
"96","2020-03-18",35,2,200,318,3326,0.713770294648226,0,0,295,272,59,413,30,264,21,30
"97","2020-03-19",45,2,191,369,3326,0.713770294648226,0,0,295,272,65,478,25,289,25,25
"98","2020-03-20",51,2,203,408,3326,0.713770294648226,0,0,295,272,49,527,35,324,16,35
"99","2020-03-21",63,2,179,449,3326,0.713770294648226,0,0,295,272,50,577,30,354,17,30
"100","2020-03-22",74,2,196,509,3326,0.713770294648226,0,0,295,272,61,638,33,387,17,33
"101","2020-03-23",93,2,175,538,3326,0.713770294648226,0,0,295,272,61,699,55,442,20,55
"102","2020-03-24",104,2,173,586,3326,0.713770294648226,0,0,295,272,44,743,57,499,15,57
"103","2020-03-25",121,2,166,622,3326,0.713770294648226,0,0,295,272,60,803,25,524,24,25
"104","2020-03-26",143,2,137,648,3326,0.713770294648226,0,0,295,272,58,861,23,547,20,23
"105","2020-03-27",166,2,116,677,3326,0.713770294648226,0,0,295,272,42,903,55,602,16,55
"106","2020-03-28",174,2,107,708,3326,0.713770294648226,0,0,295,272,41,944,42,644,23,42
"107","2020-03-29",194,2,135,747,3326,0.713770294648226,0,0,295,272,60,1004,27,671,22,27
"108","2020-03-30",195,2,141,742,3326,0.713770294648226,0,0,295,272,44,1048,54,725,18,54
"109","2020-03-31",198,2,128,739,3326,0.713770294648226,0,0,295,272,48,1096,33,758,17,33
"110","2020-04-01",201,2,120,747,3326,0.713770294648226,0,0,295,272,38,1134,46,804,11,46
"111","2020-04-02",198,2,129,732,3326,0.713770294648226,0,0,295,272,42,1176,42,846,15,42
"112","2020-04-03",199,2,117,709,3326,0.713770294648226,0,0,295,272,39,1215,35,881,16,35
"113","2020-04-04",198,2,123,684,3326,0.713770294648226,0,0,295,272,36,1251,22,903,16,22
"114","2020-04-05",196,2,159,660,3326,0.713770294648226,0,0,295,272,37,1288,32,935,16,32
"115","2020-04-06",205,2,175,655,3326,0.713770294648226,0,0,295,272,29,1317,37,972,12,37
"116","2020-04-07",216,2,160,646,3326,0.713770294648226,0,0,295,272,40,1357,29,1001,20,29
"117","2020-04-08",205,2,162,618,3326,0.713770294648226,0,0,295,272,35,1392,38,1039,16,38
"118","2020-04-09",202,2,151,607,3326,0.713770294648226,0,0,295,272,29,1421,43,1082,10,43
"119","2020-04-10",193,2,127,605,3326,0.713770294648226,0,0,295,272,29,1450,33,1115,6,33
"120","2020-04-11",193,2,125,585,3326,0.713770294648226,0,0,295,272,30,1480,40,1155,11,40
"121","2020-04-12",185,2,138,565,3326,0.713770294648226,0,0,295,272,23,1503,28,1183,7,28
"122","2020-04-13",172,2,126,562,3326,0.713770294648226,0,0,295,272,28,1531,32,1215,10,32
"123","2020-04-14",162,2,111,552,3326,0.713770294648226,0,0,295,272,26,1557,27,1242,14,27
"124","2020-04-15",165,2,117,529,3326,0.713770294648226,0,0,295,272,27,1584,28,1270,16,28
"125","2020-04-16",166,2,121,520,3326,0.713770294648226,0,0,295,272,27,1611,22,1292,11,22
"126","2020-04-17",155,2,113,512,3326,0.713770294648226,0,0,295,272,28,1639,24,1316,17,24
"127","2020-04-18",159,2,103,510,3326,0.713770294648226,0,0,295,272,19,1658,21,1337,8,21
"128","2020-04-19",152,2,107,481,3326,0.713770294648226,0,0,295,272,18,1676,25,1362,11,25
"129","2020-04-20",146,2,113,471,3326,0.713770294648226,0,0,295,272,15,1691,16,1378,6,16
"130","2020-04-21",151,2,117,456,3326,0.713770294648226,0,0,295,272,21,1712,16,1394,8,16
"131","2020-04-22",144,2,105,453,3326,0.713770294648226,0,0,295,272,25,1737,17,1411,11,17
"132","2020-04-23",133,2,93,437,3326,0.713770294648226,0,0,295,272,17,1754,23,1434,8,23
"133","2020-04-24",138,2,102,417,3326,0.713770294648226,0,0,295,272,21,1775,15,1449,9,15
"134","2020-04-25",137,2,97,407,3326,0.713770294648226,0,0,295,272,13,1788,20,1469,6,20
"135","2020-04-26",129,2,76,382,3326,0.713770294648226,0,0,295,272,23,1811,22,1491,11,22
"136","2020-04-27",131,2,72,365,3326,0.713770294648226,0,0,295,272,18,1829,15,1506,8,15
"137","2020-04-28",125,2,65,352,3326,0.713770294648226,0,0,295,272,18,1847,12,1518,7,12
"138","2020-04-29",125,2,71,332,3326,0.713770294648226,0,0,295,272,15,1862,9,1527,8,9
"139","2020-04-30",120,2,69,330,3326,0.713770294648226,0,0,295,272,12,1874,18,1545,4,18
"140","2020-05-01",120,2,70,321,3326,0.713770294648226,0,0,295,272,13,1887,11,1556,4,11
"141","2020-05-02",108,2,65,315,3326,0.713770294648226,0,0,295,272,14,1901,7,1563,7,7
"142","2020-05-03",109,2,58,309,3326,0.713770294648226,0,0,295,272,19,1920,10,1573,10,10
"143","2020-05-04",104,2,52,309,3326,0.713770294648226,0,0,295,272,27,1947,7,1580,13,7
"144","2020-05-05",94,2,56,297,3326,0.713770294648226,0,0,295,272,18,1965,13,1593,10,13
"145","2020-05-06",94,2,54,297,3326,0.713770294648226,0,0,295,272,12,1977,6,1599,4,6
"146","2020-05-07",93,2,56,279,3326,0.713770294648226,0,0,295,272,18,1995,10,1609,5,10
"147","2020-05-08",82,2,56,268,3326,0.713770294648226,0,0,295,272,22,2017,8,1617,8,8
"148","2020-05-09",80,2,54,252,3326,0.713770294648226,0,0,295,272,17,2034,5,1622,9,5
"149","2020-05-10",76,2,52,248,3326,0.713770294648226,0,0,295,272,11,2045,8,1630,NA,8
"150","2020-05-11",71,2,46,240,3326,0.713770294648226,0,0,295,272,16,2061,5,1635,7,5
"151","2020-05-12",74,2,32,235,3326,0.713770294648226,0,0,295,272,16,2077,12,1647,7,12
"152","2020-05-13",68,2,32,235,3326,0.713770294648226,0,0,295,272,15,2092,3,1650,4,3
"153","2020-05-14",66,2,32,231,3326,0.713770294648226,0,0,295,272,13,2105,4,1654,5,4
"154","2020-05-15",69,2,31,222,3326,0.713770294648226,0,0,295,272,14,2119,8,1662,3,8
"155","2020-05-16",67,2,23,225,3326,0.713770294648226,0,0,295,272,15,2134,2,1664,6,2
"156","2020-05-17",65,2,19,228,3326,0.713770294648226,0,0,295,272,22,2156,3,1667,8,3
"157","2020-05-18",64,2,18,231,3326,0.713770294648226,0,0,295,272,13,2169,1,1668,8,1
"158","2020-05-19",62,2,19,230,3326,0.713770294648226,0,0,295,272,15,2184,6,1674,5,6
"159","2020-05-20",62,2,21,222,3326,0.713770294648226,0,0,295,272,10,2194,5,1679,4,5
"160","2020-05-21",65,2,24,216,3326,0.713770294648226,0,0,295,272,18,2212,4,1683,7,4
"161","2020-05-22",65,2,28,219,3326,0.713770294648226,0,0,295,272,15,2227,6,1689,9,6
"162","2020-05-23",67,2,31,222,3326,0.713770294648226,0,0,295,272,16,2243,6,1695,6,6
"163","2020-05-24",71,2,30,224,3326,0.713770294648226,0,0,295,272,19,2262,3,1698,3,3
"164","2020-05-25",74,2,23,220,3326,0.713770294648226,0,0,295,272,14,2276,8,1706,8,8
"165","2020-05-26",75,2,19,212,3326,0.713770294648226,0,0,295,272,12,2288,3,1709,9,3
"166","2020-05-27",73,2,19,220,3326,0.713770294648226,0,0,295,272,12,2300,3,1712,8,3
"167","2020-05-28",66,2,23,219,3326,0.713770294648226,0,0,295,272,16,2316,3,1715,8,3
"168","2020-05-29",68,2,22,225,3326,0.713770294648226,0,0,295,272,15,2331,4,1719,3,4
"169","2020-05-30",60,2,27,223,3326,0.713770294648226,0,0,295,272,13,2344,4,1723,3,4
"170","2020-05-31",61,2,29,219,3326,0.713770294648226,0,0,295,272,8,2352,6,1729,2,6
"171","2020-06-01",60,2,28,213,3326,0.713770294648226,0,0,295,272,13,2365,5,1734,6,5
"172","2020-06-02",51,2,31,221,3326,0.713770294648226,0,0,295,272,14,2379,6,1740,6,6
"173","2020-06-03",51,2,29,213,3326,0.713770294648226,0,0,295,272,7,2386,4,1744,4,4
"174","2020-06-04",53,2,30,212,3326,0.713770294648226,0,0,295,272,9,2395,5,1749,4,5
"175","2020-06-05",50,2,31,202,3326,0.713770294648226,0,0,295,272,21,2416,6,1755,11,6
"176","2020-06-06",52,2,29,207,3326,0.713770294648226,0,0,295,272,10,2426,3,1758,4,3
"177","2020-06-07",44,2,29,205,3326,0.713770294648226,0,0,295,272,14,2440,4,1762,6,4
"178","2020-03-13",5,3,288,183,3354,0.48062015503876,0,0,315,940,44,94,27,88,31,27
"179","2020-03-14",11,3,365,230,3354,0.48062015503876,0,0,315,940,51,145,47,135,35,47
"180","2020-03-15",16,3,410,298,3354,0.48062015503876,0,0,315,940,62,207,63,198,40,63
"181","2020-03-16",25,3,405,361,3354,0.48062015503876,0,0,315,940,70,277,43,241,59,43
"182","2020-03-17",42,3,403,427,3354,0.48062015503876,0,0,315,940,82,359,40,281,65,40
"183","2020-03-18",60,3,425,481,3354,0.48062015503876,0,0,315,940,92,451,41,322,77,41
"184","2020-03-19",78,3,374,539,3354,0.48062015503876,0,0,315,940,113,564,49,371,94,49
"185","2020-03-20",101,3,331,602,3354,0.48062015503876,0,0,315,940,107,671,38,409,96,38
"186","2020-03-21",118,3,298,646,3354,0.48062015503876,0,0,315,940,121,792,24,433,111,24
"187","2020-03-22",141,3,305,686,3354,0.48062015503876,0,0,315,940,161,953,37,470,150,37
"188","2020-03-23",155,3,292,706,3354,0.48062015503876,0,0,315,940,134,1087,55,525,123,55
"189","2020-03-24",167,3,293,720,3354,0.48062015503876,0,0,315,940,207,1294,31,556,195,31
"190","2020-03-25",173,3,258,719,3354,0.48062015503876,0,0,315,940,175,1469,45,601,168,45
"191","2020-03-26",195,3,250,738,3354,0.48062015503876,0,0,315,940,176,1645,34,635,169,34
"192","2020-03-27",191,3,285,743,3354,0.48062015503876,0,0,315,940,168,1813,22,657,161,22
"193","2020-03-28",200,3,297,747,3354,0.48062015503876,0,0,315,940,263,2076,20,677,260,20
"194","2020-03-29",200,3,296,753,3354,0.48062015503876,0,0,315,940,172,2248,13,690,163,13
"195","2020-03-30",209,3,302,747,3354,0.48062015503876,0,0,315,940,193,2441,21,711,185,21
"196","2020-03-31",212,3,296,753,3354,0.48062015503876,0,0,315,940,179,2620,21,732,174,21
"197","2020-04-01",212,3,284,748,3354,0.48062015503876,0,0,315,940,184,2804,35,767,182,35
"198","2020-04-02",203,3,277,737,3354,0.48062015503876,0,0,315,940,161,2965,56,823,160,56
"199","2020-04-03",211,3,270,721,3354,0.48062015503876,0,0,315,940,199,3164,31,854,189,31
"200","2020-04-04",216,3,254,714,3354,0.48062015503876,0,0,315,940,160,3324,42,896,156,42
"201","2020-04-05",214,3,242,691,3354,0.48062015503876,0,0,315,940,192,3516,23,919,189,23
"202","2020-04-06",203,3,259,675,3354,0.48062015503876,0,0,315,940,154,3670,34,953,148,34
"203","2020-04-07",194,3,256,654,3354,0.48062015503876,0,0,315,940,135,3805,27,980,131,27
"204","2020-04-08",206,3,285,620,3354,0.48062015503876,0,0,315,940,115,3920,22,1002,115,22
"205","2020-04-09",200,3,298,588,3354,0.48062015503876,0,0,315,940,121,4041,17,1019,113,17
"206","2020-04-10",188,3,277,588,3354,0.48062015503876,0,0,315,940,140,4181,19,1038,139,19
"207","2020-04-11",180,3,289,566,3354,0.48062015503876,0,0,315,940,118,4299,15,1053,116,15
"208","2020-04-12",172,3,282,545,3354,0.48062015503876,0,0,315,940,115,4414,18,1071,115,18
"209","2020-04-13",170,3,267,521,3354,0.48062015503876,0,0,315,940,112,4526,13,1084,108,13
"210","2020-04-14",163,3,286,497,3354,0.48062015503876,0,0,315,940,71,4597,11,1095,67,11
"211","2020-04-15",147,3,316,467,3354,0.48062015503876,0,0,315,940,85,4682,27,1122,82,27
"212","2020-04-16",145,3,299,447,3354,0.48062015503876,0,0,315,940,67,4749,26,1148,66,26
"213","2020-04-17",145,3,278,439,3354,0.48062015503876,0,0,315,940,76,4825,17,1165,74,17
"214","2020-04-18",139,3,269,421,3354,0.48062015503876,0,0,315,940,76,4901,33,1198,74,33
"215","2020-04-19",139,3,282,386,3354,0.48062015503876,0,0,315,940,58,4959,27,1225,57,27
"216","2020-04-20",143,3,276,380,3354,0.48062015503876,0,0,315,940,56,5015,31,1256,52,31
"217","2020-04-21",143,3,281,366,3354,0.48062015503876,0,0,315,940,44,5059,20,1276,41,20
"218","2020-04-22",136,3,276,357,3354,0.48062015503876,0,0,315,940,28,5087,25,1301,25,25
"219","2020-04-23",129,3,279,330,3354,0.48062015503876,0,0,315,940,39,5126,32,1333,38,32
"220","2020-04-24",124,3,279,311,3354,0.48062015503876,0,0,315,940,46,5172,19,1352,45,19
"221","2020-04-25",107,3,253,298,3354,0.48062015503876,0,0,315,940,28,5200,25,1377,28,25
"222","2020-04-26",96,3,241,297,3354,0.48062015503876,0,0,315,940,37,5237,14,1391,36,14
"223","2020-04-27",86,3,251,300,3354,0.48062015503876,0,0,315,940,24,5261,12,1403,23,12
"224","2020-04-28",76,3,221,293,3354,0.48062015503876,0,0,315,940,31,5292,15,1418,30,15
"225","2020-04-29",75,3,215,297,3354,0.48062015503876,0,0,315,940,22,5314,11,1429,21,11
"226","2020-04-30",75,3,207,289,3354,0.48062015503876,0,0,315,940,28,5342,8,1437,26,8
"227","2020-05-01",73,3,206,274,3354,0.48062015503876,0,0,315,940,14,5356,5,1442,13,5
"228","2020-05-02",71,3,192,270,3354,0.48062015503876,0,0,315,940,10,5366,15,1457,9,15
"229","2020-05-03",77,3,187,269,3354,0.48062015503876,0,0,315,940,12,5378,18,1475,12,18
"230","2020-05-04",74,3,202,258,3354,0.48062015503876,0,0,315,940,7,5385,18,1493,6,18
"231","2020-05-05",82,3,220,244,3354,0.48062015503876,0,0,315,940,9,5394,13,1506,8,13
"232","2020-05-06",81,3,216,238,3354,0.48062015503876,0,0,315,940,9,5403,10,1516,9,10
"233","2020-05-07",76,3,210,233,3354,0.48062015503876,0,0,315,940,14,5417,8,1524,12,8
"234","2020-05-08",76,3,214,233,3354,0.48062015503876,0,0,315,940,9,5426,12,1536,7,12
"235","2020-05-09",84,3,200,233,3354,0.48062015503876,0,0,315,940,5,5431,5,1541,4,5
"236","2020-05-10",77,3,203,231,3354,0.48062015503876,0,0,315,940,8,5439,4,1545,7,4
"237","2020-05-11",78,3,202,224,3354,0.48062015503876,0,0,315,940,9,5448,11,1556,6,12
"238","2020-05-12",75,3,205,235,3354,0.48062015503876,0,0,315,940,9,5457,3,1559,9,3
"239","2020-05-13",72,3,203,229,3354,0.48062015503876,0,0,315,940,8,5465,2,1561,7,2
"240","2020-05-14",67,3,196,237,3354,0.48062015503876,0,0,315,940,6,5471,4,1565,4,4
"241","2020-05-15",65,3,199,240,3354,0.48062015503876,0,0,315,940,4,5475,2,1567,2,2
"242","2020-05-16",67,3,181,227,3354,0.48062015503876,0,0,315,940,7,5482,6,1573,6,6
"243","2020-05-17",66,3,176,226,3354,0.48062015503876,0,0,315,940,6,5488,9,1582,5,9
"244","2020-05-18",62,3,160,229,3354,0.48062015503876,0,0,315,940,8,5496,4,1586,8,4
"245","2020-05-19",62,3,152,223,3354,0.48062015503876,0,0,315,940,5,5501,2,1588,4,2
"246","2020-05-20",66,3,140,222,3354,0.48062015503876,0,0,315,940,8,5509,3,1591,6,3
"247","2020-05-21",70,3,137,218,3354,0.48062015503876,0,0,315,940,6,5515,3,1594,4,3
"248","2020-05-22",69,3,124,210,3354,0.48062015503876,0,0,315,940,3,5518,NA,NA,2,NA
"249","2020-05-23",58,3,129,203,3354,0.48062015503876,0,0,315,940,2,5520,2,1596,1,2
"250","2020-05-24",67,3,120,204,3354,0.48062015503876,0,0,315,940,3,5523,NA,NA,3,NA
"251","2020-05-25",65,3,118,200,3354,0.48062015503876,0,0,315,940,8,5531,1,1597,5,1
"252","2020-05-26",60,3,116,204,3354,0.48062015503876,0,0,315,940,3,5534,NA,NA,1,NA
"253","2020-05-27",56,3,116,198,3354,0.48062015503876,0,0,315,940,4,5538,NA,NA,3,NA
"254","2020-05-28",54,3,116,197,3354,0.48062015503876,0,0,315,940,2,5540,NA,NA,2,NA
"255","2020-05-29",51,3,124,197,3354,0.48062015503876,0,0,315,940,4,5544,1,1598,1,1
"256","2020-05-30",55,3,121,195,3354,0.48062015503876,0,0,315,940,5,5549,1,1599,3,1
"257","2020-05-31",49,3,117,194,3354,0.48062015503876,0,0,315,940,4,5553,1,1600,3,1
"258","2020-06-01",54,3,114,195,3354,0.48062015503876,0,0,315,940,3,5556,1,1601,2,1
"259","2020-06-02",53,3,108,193,3354,0.48062015503876,0,0,315,940,5,5561,NA,NA,3,NA
"260","2020-06-03",49,3,98,195,3354,0.48062015503876,0,0,315,940,1,5562,NA,NA,NA,NA
"261","2020-06-04",45,3,93,200,3354,0.48062015503876,0,0,315,940,6,5568,2,1603,4,2
"262","2020-06-05",43,3,93,199,3354,0.48062015503876,0,0,315,940,NA,NA,NA,NA,NA,NA
"263","2020-06-06",46,3,87,198,3354,0.48062015503876,0,0,315,940,3,5571,NA,NA,3,NA
"264","2020-06-07",44,3,95,197,3354,0.48062015503876,0,0,315,940,4,5575,NA,NA,2,NA
"265","2020-03-13",1,4,206,103,3479,0.768036792181661,0,0,303,520,136,322,30,231,74,30
"266","2020-03-14",3,4,252,144,3479,0.768036792181661,0,0,303,520,182,504,16,247,135,16
"267","2020-03-15",6,4,238,210,3479,0.768036792181661,0,0,303,520,226,730,17,264,166,17
"268","2020-03-16",15,4,237,272,3479,0.768036792181661,0,0,303,520,278,1008,10,274,234,10
"269","2020-03-17",21,4,240,322,3479,0.768036792181661,0,0,303,520,318,1326,23,297,270,23
"270","2020-03-18",38,4,232,373,3479,0.768036792181661,0,0,303,520,496,1822,23,320,458,23
"271","2020-03-19",57,4,217,423,3479,0.768036792181661,0,0,303,520,449,2271,98,418,414,98
"272","2020-03-20",73,4,202,474,3479,0.768036792181661,0,0,303,520,554,2825,50,468,534,50
"273","2020-03-21",89,4,214,530,3479,0.768036792181661,0,0,303,520,752,3577,28,496,726,28
"274","2020-03-22",111,4,188,587,3479,0.768036792181661,0,0,303,520,621,4198,46,542,599,46
"275","2020-03-23",129,4,172,628,3479,0.768036792181661,0,0,303,520,538,4736,33,575,517,33
"276","2020-03-24",149,4,156,676,3479,0.768036792181661,0,0,303,520,643,5379,21,596,627,21
"277","2020-03-25",156,4,149,709,3479,0.768036792181661,0,0,303,520,549,5928,17,613,537,17
"278","2020-03-26",160,4,136,724,3479,0.768036792181661,0,0,303,520,520,6448,23,636,511,23
"279","2020-03-27",182,4,123,759,3479,0.768036792181661,0,0,303,520,287,6735,13,649,283,13
"280","2020-03-28",199,4,144,770,3479,0.768036792181661,0,0,303,520,223,6958,15,664,219,15
"281","2020-03-29",205,4,163,775,3479,0.768036792181661,0,0,303,520,181,7139,38,702,175,38
"282","2020-03-30",204,4,190,793,3479,0.768036792181661,0,0,303,520,158,7297,17,719,153,17
"283","2020-03-31",210,4,234,808,3479,0.768036792181661,0,0,303,520,133,7430,58,777,129,58
"284","2020-04-01",214,4,241,805,3479,0.768036792181661,0,0,303,520,72,7502,83,860,69,83
"285","2020-04-02",235,4,216,821,3479,0.768036792181661,0,0,303,520,66,7568,63,923,65,63
"286","2020-04-03",224,4,184,818,3479,0.768036792181661,0,0,303,520,44,7612,61,984,41,61
"287","2020-04-04",225,4,174,817,3479,0.768036792181661,0,0,303,520,35,7647,27,1011,34,27
"288","2020-04-05",231,4,187,810,3479,0.768036792181661,0,0,303,520,32,7679,22,1033,30,22
"289","2020-04-06",235,4,199,813,3479,0.768036792181661,0,0,303,520,9,7688,28,1061,9,28
"290","2020-04-07",236,4,195,792,3479,0.768036792181661,0,0,303,520,12,7700,16,1077,11,16
"291","2020-04-08",240,4,169,795,3479,0.768036792181661,0,0,303,520,16,7716,10,1087,16,10
"292","2020-04-09",231,4,156,763,3479,0.768036792181661,0,0,303,520,13,7729,7,1094,10,7
"293","2020-04-10",240,4,140,774,3479,0.768036792181661,0,0,303,520,9,7738,39,1133,8,39
"294","2020-04-11",233,4,129,765,3479,0.768036792181661,0,0,303,520,3,7741,19,1152,3,19
"295","2020-04-12",213,4,151,734,3479,0.768036792181661,0,0,303,520,3,7744,13,1165,3,13
"296","2020-04-13",213,4,165,726,3479,0.768036792181661,0,0,303,520,6,7750,12,1177,3,12
"297","2020-04-14",214,4,178,695,3479,0.768036792181661,0,0,303,520,4,7754,16,1193,3,16
"298","2020-04-15",209,4,191,658,3479,0.768036792181661,0,0,303,520,3,7757,50,1243,NA,50
"299","2020-04-16",203,4,168,643,3479,0.768036792181661,0,0,303,520,4,7761,54,1297,4,54
"300","2020-04-17",198,4,149,624,3479,0.768036792181661,0,0,303,520,5,7766,54,1351,4,54
"301","2020-04-18",193,4,129,608,3479,0.768036792181661,0,0,303,520,1,7767,34,1385,1,34
"302","2020-04-19",199,4,115,580,3479,0.768036792181661,0,0,303,520,NA,NA,17,1402,NA,17
"303","2020-04-20",195,4,124,555,3479,0.768036792181661,0,0,303,520,1,7768,14,1416,1,14
"304","2020-04-21",182,4,118,550,3479,0.768036792181661,0,0,303,520,NA,NA,16,1432,NA,16
"305","2020-04-22",173,4,111,528,3479,0.768036792181661,0,0,303,520,2,7770,35,1467,1,35
"306","2020-04-23",160,4,105,493,3479,0.768036792181661,0,0,303,520,1,7771,16,1483,NA,16
"307","2020-04-24",155,4,115,461,3479,0.768036792181661,0,0,303,520,1,7772,14,1497,NA,14
"308","2020-04-25",148,4,111,450,3479,0.768036792181661,0,0,303,520,1,7773,15,1512,1,15
"309","2020-04-26",139,4,94,424,3479,0.768036792181661,0,0,303,520,NA,NA,23,1535,NA,23
"310","2020-04-27",125,4,91,408,3479,0.768036792181661,0,0,303,520,NA,NA,17,1552,NA,17
"311","2020-04-28",123,4,87,380,3479,0.768036792181661,0,0,303,520,NA,NA,32,1584,NA,32
"312","2020-04-29",118,4,78,352,3479,0.768036792181661,0,0,303,520,2,7775,32,1616,1,32
"313","2020-04-30",120,4,73,332,3479,0.768036792181661,0,0,303,520,1,7776,15,1631,NA,15
"314","2020-05-01",106,4,56,317,3479,0.768036792181661,0,0,303,520,1,7777,45,1676,NA,45
"315","2020-05-02",100,4,58,293,3479,0.768036792181661,0,0,303,520,NA,NA,33,1709,NA,33
"316","2020-05-03",94,4,58,290,3479,0.768036792181661,0,0,303,520,2,7779,16,1725,1,16
"317","2020-05-04",93,4,57,269,3479,0.768036792181661,0,0,303,520,1,7780,16,1741,NA,16
"318","2020-05-05",82,4,55,259,3479,0.768036792181661,0,0,303,520,NA,NA,18,1759,NA,18
"319","2020-05-06",83,4,50,249,3479,0.768036792181661,0,0,303,520,1,7781,22,1781,NA,22
"320","2020-05-07",81,4,41,237,3479,0.768036792181661,0,0,303,520,1,7782,22,1803,1,22
"321","2020-05-08",81,4,41,235,3479,0.768036792181661,0,0,303,520,NA,NA,18,1821,NA,18
"322","2020-05-09",77,4,38,233,3479,0.768036792181661,0,0,303,520,NA,NA,20,1841,NA,20
"323","2020-05-10",82,4,45,224,3479,0.768036792181661,0,0,303,520,NA,NA,13,1854,NA,13
"324","2020-05-11",78,4,37,226,3479,0.768036792181661,0,0,303,520,1,7783,3,1857,NA,3
"325","2020-05-12",77,4,44,216,3479,0.768036792181661,0,0,303,520,NA,NA,3,1860,NA,3
"326","2020-05-13",67,4,43,200,3479,0.768036792181661,0,0,303,520,1,7784,7,1867,NA,7
"327","2020-05-14",58,4,36,189,3479,0.768036792181661,0,0,303,520,NA,NA,2,1869,NA,2
"328","2020-05-15",53,4,38,182,3479,0.768036792181661,0,0,303,520,NA,NA,1,1870,NA,1
"329","2020-05-16",59,4,31,169,3479,0.768036792181661,0,0,303,520,1,7785,4,1874,NA,4
"330","2020-05-17",51,4,24,172,3479,0.768036792181661,0,0,303,520,NA,NA,4,1878,NA,4
"331","2020-05-18",51,4,21,178,3479,0.768036792181661,0,0,303,520,1,7786,4,1882,NA,4
"332","2020-05-19",53,4,21,171,3479,0.768036792181661,0,0,303,520,2,7788,7,1889,1,7
"333","2020-05-20",58,4,18,183,3479,0.768036792181661,0,0,303,520,1,7789,5,1894,1,5
"334","2020-05-21",57,4,15,180,3479,0.768036792181661,0,0,303,520,NA,NA,5,1899,NA,5
"335","2020-05-22",61,4,14,181,3479,0.768036792181661,0,0,303,520,NA,NA,4,1903,NA,4
"336","2020-05-23",58,4,13,183,3479,0.768036792181661,0,0,303,520,1,7790,1,1904,NA,1
"337","2020-05-24",58,4,11,169,3479,0.768036792181661,0,0,303,520,1,7791,1,1905,NA,1
"338","2020-05-25",56,4,11,167,3479,0.768036792181661,0,0,303,520,1,7792,NA,NA,NA,NA
"339","2020-05-26",52,4,6,161,3479,0.768036792181661,0,0,303,520,NA,NA,9,1914,NA,9
"340","2020-05-27",52,4,6,158,3479,0.768036792181661,0,0,303,520,NA,NA,2,1916,NA,2
"341","2020-05-28",54,4,6,157,3479,0.768036792181661,0,0,303,520,2,7794,NA,NA,NA,NA
"342","2020-05-29",47,4,6,155,3479,0.768036792181661,0,0,303,520,NA,NA,NA,NA,NA,NA
"343","2020-05-30",43,4,6,153,3479,0.768036792181661,0,0,303,520,NA,NA,NA,NA,NA,NA
"344","2020-05-31",42,4,6,143,3479,0.768036792181661,0,0,303,520,NA,NA,NA,NA,NA,NA
"345","2020-06-01",42,4,6,131,3479,0.768036792181661,0,0,303,520,NA,NA,NA,NA,NA,NA
"346","2020-06-02",47,4,8,126,3479,0.768036792181661,0,0,303,520,1,7795,NA,NA,NA,NA
"347","2020-06-03",42,4,9,124,3479,0.768036792181661,0,0,303,520,NA,NA,NA,NA,NA,NA
"348","2020-06-04",36,4,8,128,3479,0.768036792181661,0,0,303,520,NA,NA,NA,NA,NA,NA
"349","2020-06-05",34,4,7,126,3479,0.768036792181661,0,0,303,520,1,7796,NA,NA,1,NA
"350","2020-06-06",32,4,9,126,3479,0.768036792181661,0,0,303,520,1,7797,NA,NA,NA,NA
"351","2020-06-07",32,4,7,124,3479,0.768036792181661,0,0,303,520,NA,NA,NA,NA,NA,NA
"352","2020-03-13",2,5,140,105,2340,0.50042735042735,0,0,197,332,19,60,34,125,4,34
"353","2020-03-14",4,5,160,138,2340,0.50042735042735,0,0,197,332,27,87,79,204,4,79
"354","2020-03-15",11,5,205,185,2340,0.50042735042735,0,0,197,332,13,100,61,265,4,61
"355","2020-03-16",17,5,214,224,2340,0.50042735042735,0,0,197,332,33,133,31,296,13,31
"356","2020-03-17",21,5,196,266,2340,0.50042735042735,0,0,197,332,23,156,21,317,9,21
"357","2020-03-18",39,5,197,302,2340,0.50042735042735,0,0,197,332,33,189,20,337,15,20
"358","2020-03-19",54,5,183,329,2340,0.50042735042735,0,0,197,332,21,210,23,360,9,23
"359","2020-03-20",68,5,169,353,2340,0.50042735042735,0,0,197,332,22,232,26,386,12,26
"360","2020-03-21",85,5,153,361,2340,0.50042735042735,0,0,197,332,27,259,27,413,16,27
"361","2020-03-22",83,5,127,373,2340,0.50042735042735,0,0,197,332,27,286,29,442,14,29
"362","2020-03-23",99,5,117,384,2340,0.50042735042735,0,0,197,332,31,317,46,488,7,46
"363","2020-03-24",110,5,95,385,2340,0.50042735042735,0,0,197,332,34,351,22,510,22,22
"364","2020-03-25",115,5,114,386,2340,0.50042735042735,0,0,197,332,29,380,20,530,17,20
"365","2020-03-26",119,5,121,386,2340,0.50042735042735,0,0,197,332,32,412,27,557,18,27
"366","2020-03-27",117,5,120,390,2340,0.50042735042735,0,0,197,332,34,446,34,591,19,34
"367","2020-03-28",115,5,124,404,2340,0.50042735042735,0,0,197,332,45,491,14,605,31,14
"368","2020-03-29",126,5,132,414,2340,0.50042735042735,0,0,197,332,26,517,25,630,20,25
"369","2020-03-30",126,5,127,403,2340,0.50042735042735,0,0,197,332,34,551,20,650,20,20
"370","2020-03-31",126,5,158,396,2340,0.50042735042735,0,0,197,332,36,587,20,670,23,20
"371","2020-04-01",116,5,183,387,2340,0.50042735042735,0,0,197,332,34,621,46,716,26,46
"372","2020-04-02",111,5,169,376,2340,0.50042735042735,0,0,197,332,34,655,31,747,22,31
"373","2020-04-03",112,5,146,365,2340,0.50042735042735,0,0,197,332,50,705,28,775,31,28
"374","2020-04-04",106,5,140,352,2340,0.50042735042735,0,0,197,332,33,738,26,801,19,26
"375","2020-04-05",104,5,136,332,2340,0.50042735042735,0,0,197,332,47,785,38,839,37,38
"376","2020-04-06",90,5,134,323,2340,0.50042735042735,0,0,197,332,27,812,42,881,22,42
"377","2020-04-07",91,5,116,325,2340,0.50042735042735,0,0,197,332,29,841,21,902,19,21
"378","2020-04-08",88,5,107,309,2340,0.50042735042735,0,0,197,332,25,866,59,961,20,59
"379","2020-04-09",91,5,99,296,2340,0.50042735042735,0,0,197,332,22,888,36,997,17,36
"380","2020-04-10",84,5,105,290,2340,0.50042735042735,0,0,197,332,30,918,17,1014,21,17
"381","2020-04-11",91,5,97,295,2340,0.50042735042735,0,0,197,332,32,950,32,1046,26,32
"382","2020-04-12",91,5,85,284,2340,0.50042735042735,0,0,197,332,32,982,18,1064,27,18
"383","2020-04-13",93,5,71,278,2340,0.50042735042735,0,0,197,332,25,1007,36,1100,17,36
"384","2020-04-14",85,5,62,270,2340,0.50042735042735,0,0,197,332,25,1032,36,1136,22,36
"385","2020-04-15",86,5,54,271,2340,0.50042735042735,0,0,197,332,28,1060,37,1173,26,37
"386","2020-04-16",77,5,50,272,2340,0.50042735042735,0,0,197,332,18,1078,24,1197,13,24
"387","2020-04-17",82,5,51,267,2340,0.50042735042735,0,0,197,332,28,1106,21,1218,19,21
"388","2020-04-18",71,5,42,262,2340,0.50042735042735,0,0,197,332,24,1130,13,1231,21,13
"389","2020-04-19",70,5,38,261,2340,0.50042735042735,0,0,197,332,25,1155,32,1263,21,32
"390","2020-04-20",70,5,46,265,2340,0.50042735042735,0,0,197,332,24,1179,27,1290,19,27
"391","2020-04-21",72,5,47,275,2340,0.50042735042735,0,0,197,332,19,1198,28,1318,15,28
"392","2020-04-22",74,5,53,282,2340,0.50042735042735,0,0,197,332,23,1221,26,1344,16,26
"393","2020-04-23",80,5,57,288,2340,0.50042735042735,0,0,197,332,22,1243,27,1371,19,27
"394","2020-04-24",83,5,61,287,2340,0.50042735042735,0,0,197,332,26,1269,35,1406,21,35
"395","2020-04-25",90,5,52,285,2340,0.50042735042735,0,0,197,332,25,1294,24,1430,22,24
"396","2020-04-26",85,5,45,287,2340,0.50042735042735,0,0,197,332,19,1313,22,1452,15,22
"397","2020-04-27",85,5,43,283,2340,0.50042735042735,0,0,197,332,18,1331,27,1479,15,27
"398","2020-04-28",80,5,48,283,2340,0.50042735042735,0,0,197,332,18,1349,16,1495,16,16
"399","2020-04-29",83,5,45,284,2340,0.50042735042735,0,0,197,332,34,1383,15,1510,30,15
"400","2020-04-30",82,5,42,273,2340,0.50042735042735,0,0,197,332,20,1403,20,1530,17,20
"401","2020-05-01",77,5,42,276,2340,0.50042735042735,0,0,197,332,24,1427,16,1546,18,16
"402","2020-05-02",70,5,42,283,2340,0.50042735042735,0,0,197,332,18,1445,10,1556,15,10
"403","2020-05-03",71,5,38,285,2340,0.50042735042735,0,0,197,332,21,1466,12,1568,20,12
"404","2020-05-04",81,5,38,268,2340,0.50042735042735,0,0,197,332,18,1484,15,1583,15,15
"405","2020-05-05",88,5,41,268,2340,0.50042735042735,0,0,197,332,29,1513,19,1602,26,19
"406","2020-05-06",86,5,36,260,2340,0.50042735042735,0,0,197,332,21,1534,14,1616,17,14
"407","2020-05-07",80,5,30,257,2340,0.50042735042735,0,0,197,332,22,1556,8,1624,16,8
"408","2020-05-08",82,5,28,260,2340,0.50042735042735,0,0,197,332,22,1578,20,1644,19,20
"409","2020-05-09",84,5,29,256,2340,0.50042735042735,0,0,197,332,23,1601,7,1651,20,7
"410","2020-05-10",88,5,24,258,2340,0.50042735042735,0,0,197,332,22,1623,14,1665,20,14
"411","2020-05-11",77,5,25,249,2340,0.50042735042735,0,0,197,332,21,1644,13,1678,18,13
"412","2020-05-12",75,5,22,253,2340,0.50042735042735,0,0,197,332,22,1666,15,1693,18,15
"413","2020-05-13",67,5,25,252,2340,0.50042735042735,0,0,197,332,29,1695,6,1699,22,6
"414","2020-05-14",65,5,29,244,2340,0.50042735042735,0,0,197,332,40,1735,1,1700,35,1
"415","2020-05-15",64,5,27,238,2340,0.50042735042735,0,0,197,332,22,1757,4,1704,16,4
"416","2020-05-16",66,5,29,232,2340,0.50042735042735,0,0,197,332,23,1780,2,1706,20,2
"417","2020-05-17",57,5,28,229,2340,0.50042735042735,0,0,197,332,26,1806,3,1709,24,3
"418","2020-05-18",60,5,25,234,2340,0.50042735042735,0,0,197,332,33,1839,1,1710,28,1
"419","2020-05-19",60,5,28,235,2340,0.50042735042735,0,0,197,332,35,1874,4,1714,30,4
"420","2020-05-20",66,5,26,232,2340,0.50042735042735,0,0,197,332,38,1912,2,1716,35,2
"421","2020-05-21",72,5,27,238,2340,0.50042735042735,0,0,197,332,27,1939,5,1721,23,5
"422","2020-05-22",66,5,27,231,2340,0.50042735042735,0,0,197,332,33,1972,7,1728,29,7
"423","2020-05-23",70,5,28,224,2340,0.50042735042735,0,0,197,332,31,2003,5,1733,25,5
"424","2020-05-24",73,5,26,215,2340,0.50042735042735,0,0,197,332,37,2040,3,1736,32,3
"425","2020-05-25",69,5,22,219,2340,0.50042735042735,0,0,197,332,29,2069,7,1743,28,7
"426","2020-05-26",66,5,22,212,2340,0.50042735042735,0,0,197,332,44,2113,6,1749,40,6
"427","2020-05-27",59,5,23,211,2340,0.50042735042735,0,0,197,332,42,2155,4,1753,39,4
"428","2020-05-28",60,5,21,208,2340,0.50042735042735,0,0,197,332,31,2186,6,1759,27,6
"429","2020-05-29",66,5,23,207,2340,0.50042735042735,0,0,197,332,39,2225,2,1761,37,2
"430","2020-05-30",56,5,20,194,2340,0.50042735042735,0,0,197,332,32,2257,7,1768,28,7
"431","2020-05-31",60,5,21,191,2340,0.50042735042735,0,0,197,332,50,2307,5,1773,45,5
"432","2020-06-01",61,5,25,192,2340,0.50042735042735,0,0,197,332,40,2347,5,1778,37,5
"433","2020-06-02",59,5,25,182,2340,0.50042735042735,0,0,197,332,52,2399,6,1784,48,6
"434","2020-06-03",61,5,27,178,2340,0.50042735042735,0,0,197,332,31,2430,5,1789,30,5
"435","2020-06-04",54,5,27,180,2340,0.50042735042735,0,0,197,332,33,2463,7,1796,31,7
"436","2020-06-05",52,5,31,186,2340,0.50042735042735,0,0,197,332,37,2500,4,1800,30,4
"437","2020-06-06",53,5,30,182,2340,0.50042735042735,0,0,197,332,36,2536,5,1805,32,5
"438","2020-06-07",50,5,30,182,2340,0.50042735042735,0,0,197,332,41,2577,4,1809,41,4
"439","2020-03-12",1,6,138,94,7968,0.934613453815261,0,0,645,449,35,70,65,150,NA,65
"440","2020-03-13",3,6,145,161,7968,0.934613453815261,0,0,645,449,33,103,72,222,6,72
"441","2020-03-14",6,6,151,251,7968,0.934613453815261,0,0,645,449,33,136,45,267,1,45
"442","2020-03-15",17,6,150,337,7968,0.934613453815261,0,0,645,449,40,176,35,302,4,35
"443","2020-03-16",25,6,163,448,7968,0.934613453815261,0,0,645,449,36,212,58,360,2,58
"444","2020-03-17",39,6,227,573,7968,0.934613453815261,0,0,645,449,40,252,33,393,7,33
"445","2020-03-18",58,6,239,767,7968,0.934613453815261,0,0,645,449,48,300,17,410,9,17
"446","2020-03-19",81,6,261,1021,7968,0.934613453815261,0,0,645,449,27,327,20,430,8,20
"447","2020-03-20",113,6,249,1292,7968,0.934613453815261,0,0,645,449,45,372,13,443,10,13
"448","2020-03-21",144,6,245,1720,7968,0.934613453815261,0,0,645,449,37,409,36,479,8,36
"449","2020-03-22",190,6,260,2120,7968,0.934613453815261,0,0,645,449,20,429,65,544,6,65
"450","2020-03-23",251,6,236,2660,7968,0.934613453815261,0,0,645,449,43,472,45,589,13,45
"451","2020-03-24",324,6,202,3104,7968,0.934613453815261,0,0,645,449,42,514,41,630,10,41
"452","2020-03-25",424,6,183,3604,7968,0.934613453815261,0,0,645,449,32,546,57,687,12,57
"453","2020-03-26",561,6,172,3947,7968,0.934613453815261,0,0,645,449,37,583,54,741,12,54
"454","2020-03-27",683,6,191,4348,7968,0.934613453815261,0,0,645,449,41,624,32,773,13,32
"455","2020-03-28",821,6,181,4634,7968,0.934613453815261,0,0,645,449,44,668,19,792,21,19
"456","2020-03-29",935,6,164,4758,7968,0.934613453815261,0,0,645,449,33,701,14,806,15,14
"457","2020-03-30",1080,6,159,4888,7968,0.934613453815261,0,0,645,449,23,724,12,818,8,12
"458","2020-03-31",1212,6,137,4773,7968,0.934613453815261,0,0,645,449,35,759,38,856,18,38
"459","2020-04-01",1279,6,129,4599,7968,0.934613453815261,0,0,645,449,37,796,30,886,18,30
"460","2020-04-02",1317,6,133,4406,7968,0.934613453815261,0,0,645,449,27,823,24,910,8,24
"461","2020-04-03",1358,6,178,4090,7968,0.934613453815261,0,0,645,449,22,845,61,971,8,61
"462","2020-04-04",1372,6,209,3737,7968,0.934613453815261,0,0,645,449,18,863,49,1020,6,49
"463","2020-04-05",1362,6,203,3383,7968,0.934613453815261,0,0,645,449,22,885,21,1041,9,21
"464","2020-04-06",1305,6,207,2992,7968,0.934613453815261,0,0,645,449,25,910,10,1051,12,10
"465","2020-04-07",1201,6,201,2581,7968,0.934613453815261,0,0,645,449,19,929,30,1081,9,30
"466","2020-04-08",1115,6,187,2194,7968,0.934613453815261,0,0,645,449,28,957,18,1099,12,18
"467","2020-04-09",995,6,205,1823,7968,0.934613453815261,0,0,645,449,28,985,19,1118,11,19
"468","2020-04-10",856,6,205,1484,7968,0.934613453815261,0,0,645,449,28,1013,28,1146,12,28
"469","2020-04-11",728,6,189,1231,7968,0.934613453815261,0,0,645,449,18,1031,21,1167,6,21
"470","2020-04-12",627,6,164,1006,7968,0.934613453815261,0,0,645,449,30,1061,21,1188,17,21
"471","2020-04-13",500,6,153,808,7968,0.934613453815261,0,0,645,449,17,1078,48,1236,6,48
"472","2020-04-14",416,6,139,648,7968,0.934613453815261,0,0,645,449,20,1098,58,1294,14,58
"473","2020-04-15",343,6,157,493,7968,0.934613453815261,0,0,645,449,14,1112,25,1319,3,25
"474","2020-04-16",277,6,147,397,7968,0.934613453815261,0,0,645,449,22,1134,38,1357,13,38
"475","2020-04-17",236,6,148,315,7968,0.934613453815261,0,0,645,449,17,1151,32,1389,8,32
"476","2020-04-18",189,6,130,252,7968,0.934613453815261,0,0,645,449,18,1169,28,1417,6,28
"477","2020-04-19",143,6,112,208,7968,0.934613453815261,0,0,645,449,18,1187,6,1423,3,6
"478","2020-04-20",121,6,119,154,7968,0.934613453815261,0,0,645,449,13,1200,12,1435,6,12
"479","2020-04-21",100,6,120,121,7968,0.934613453815261,0,0,645,449,20,1220,8,1443,11,8
"480","2020-04-22",80,6,106,96,7968,0.934613453815261,0,0,645,449,29,1249,6,1449,15,6
"481","2020-04-23",71,6,101,76,7968,0.934613453815261,0,0,645,449,23,1272,14,1463,11,14
"482","2020-04-24",54,6,110,57,7968,0.934613453815261,0,0,645,449,15,1287,40,1503,6,40
"483","2020-04-25",44,6,97,48,7968,0.934613453815261,0,0,645,449,16,1303,32,1535,6,32
"484","2020-04-26",32,6,84,38,7968,0.934613453815261,0,0,645,449,24,1327,14,1549,15,14
"485","2020-04-27",26,6,74,29,7968,0.934613453815261,0,0,645,449,21,1348,9,1558,13,9
"486","2020-04-28",17,6,75,27,7968,0.934613453815261,0,0,645,449,23,1371,4,1562,10,4
"487","2020-04-29",11,6,81,20,7968,0.934613453815261,0,0,645,449,19,1390,9,1571,12,9
"488","2020-04-30",7,6,104,16,7968,0.934613453815261,0,0,645,449,25,1415,6,1577,15,6
"489","2020-05-01",10,6,103,14,7968,0.934613453815261,0,0,645,449,26,1441,14,1591,17,14
"490","2020-05-02",11,6,100,15,7968,0.934613453815261,0,0,645,449,19,1460,11,1602,11,11
"491","2020-05-03",10,6,81,13,7968,0.934613453815261,0,0,645,449,23,1483,7,1609,20,7
"492","2020-05-04",9,6,64,14,7968,0.934613453815261,0,0,645,449,24,1507,7,1616,14,7
"493","2020-05-05",8,6,66,13,7968,0.934613453815261,0,0,645,449,17,1524,5,1621,9,5
"494","2020-05-06",7,6,57,10,7968,0.934613453815261,0,0,645,449,25,1549,9,1630,15,9
"495","2020-05-07",8,6,54,10,7968,0.934613453815261,0,0,645,449,29,1578,7,1637,25,7
"496","2020-05-08",5,6,44,9,7968,0.934613453815261,0,0,645,449,19,1597,8,1645,14,8
"497","2020-05-09",3,6,37,10,7968,0.934613453815261,0,0,645,449,23,1620,15,1660,16,15
"498","2020-05-10",3,6,37,9,7968,0.934613453815261,0,0,645,449,22,1642,14,1674,20,14
"499","2020-05-11",3,6,28,9,7968,0.934613453815261,0,0,645,449,24,1666,6,1680,16,6
"500","2020-05-12",3,6,28,9,7968,0.934613453815261,0,0,645,449,27,1693,16,1696,22,16
"501","2020-05-13",3,6,28,10,7968,0.934613453815261,0,0,645,449,29,1722,5,1701,18,5
"502","2020-05-14",2,6,27,9,7968,0.934613453815261,0,0,645,449,23,1745,7,1708,15,7
"503","2020-05-15",2,6,25,5,7968,0.934613453815261,0,0,645,449,24,1769,7,1715,17,7
"504","2020-05-16",2,6,22,7,7968,0.934613453815261,0,0,645,449,25,1794,8,1723,21,8
"505","2020-05-17",1,6,22,6,7968,0.934613453815261,0,0,645,449,32,1826,7,1730,19,7
"506","2020-05-18",1,6,24,6,7968,0.934613453815261,0,0,645,449,16,1842,6,1736,13,6
"507","2020-05-19",2,6,23,6,7968,0.934613453815261,0,0,645,449,29,1871,3,1739,19,3
"508","2020-05-20",2,6,22,7,7968,0.934613453815261,0,0,645,449,29,1900,4,1743,20,4
"509","2020-05-21",3,6,24,7,7968,0.934613453815261,0,0,645,449,18,1918,7,1750,9,7
"510","2020-05-22",4,6,20,7,7968,0.934613453815261,0,0,645,449,23,1941,7,1757,13,7
"511","2020-05-23",4,6,20,6,7968,0.934613453815261,0,0,645,449,24,1965,4,1761,19,4
"512","2020-05-24",5,6,16,4,7968,0.934613453815261,0,0,645,449,19,1984,3,1764,10,3
"513","2020-05-25",4,6,12,3,7968,0.934613453815261,0,0,645,449,24,2008,5,1769,18,5
"514","2020-05-26",3,6,13,4,7968,0.934613453815261,0,0,645,449,19,2027,3,1772,18,3
"515","2020-05-27",3,6,12,5,7968,0.934613453815261,0,0,645,449,27,2054,4,1776,19,4
"516","2020-05-28",2,6,12,5,7968,0.934613453815261,0,0,645,449,19,2073,1,1777,13,1
"517","2020-05-29",1,6,12,6,7968,0.934613453815261,0,0,645,449,33,2106,2,1779,21,2
"518","2020-05-30",1,6,11,5,7968,0.934613453815261,0,0,645,449,24,2130,2,1781,17,2
"519","2020-05-31",1,6,11,5,7968,0.934613453815261,0,0,645,449,24,2154,2,1783,17,2
"520","2020-06-01",1,6,10,4,7968,0.934613453815261,0,0,645,449,23,2177,2,1785,17,2
"521","2020-06-02",1,6,10,4,7968,0.934613453815261,0,0,645,449,28,2205,1,1786,24,1
"522","2020-06-03",2,6,6,4,7968,0.934613453815261,0,0,645,449,29,2234,3,1789,22,3
"523","2020-06-04",2,6,6,5,7968,0.934613453815261,0,0,645,449,19,2253,2,1791,12,2
"524","2020-06-05",2,6,5,5,7968,0.934613453815261,0,0,645,449,24,2277,2,1793,13,2
"525","2020-06-06",3,6,6,4,7968,0.934613453815261,0,0,645,449,24,2301,4,1797,18,4
"526","2020-06-07",2,6,7,4,7968,0.934613453815261,0,0,645,449,17,2318,3,1800,10,3
"527","2020-03-12",3,7,87,130,3046,0.346684175968483,0,0,275,261,20,43,74,135,2,74
"528","2020-03-13",6,7,104,189,3046,0.346684175968483,0,0,275,261,21,64,55,190,3,55
"529","2020-03-14",13,7,142,253,3046,0.346684175968483,0,0,275,261,29,93,63,253,14,63
"530","2020-03-15",19,7,181,328,3046,0.346684175968483,0,0,275,261,31,124,32,285,16,32
"531","2020-03-16",27,7,176,399,3046,0.346684175968483,0,0,275,261,30,154,27,312,15,27
"532","2020-03-17",53,7,187,466,3046,0.346684175968483,0,0,275,261,28,182,27,339,17,27
"533","2020-03-18",75,7,219,523,3046,0.346684175968483,0,0,275,261,33,215,17,356,16,17
"534","2020-03-19",93,7,221,585,3046,0.346684175968483,0,0,275,261,34,249,12,368,20,12
"535","2020-03-20",111,7,203,620,3046,0.346684175968483,0,0,275,261,24,273,7,375,13,7
"536","2020-03-21",132,7,184,649,3046,0.346684175968483,0,0,275,261,44,317,11,386,29,11
"537","2020-03-22",158,7,200,678,3046,0.346684175968483,0,0,275,261,29,346,11,397,17,11
"538","2020-03-23",174,7,180,702,3046,0.346684175968483,0,0,275,261,40,386,32,429,21,32
"539","2020-03-24",174,7,163,697,3046,0.346684175968483,0,0,275,261,32,418,10,439,24,10
"540","2020-03-25",180,7,167,697,3046,0.346684175968483,0,0,275,261,35,453,8,447,25,8
"541","2020-03-26",194,7,185,693,3046,0.346684175968483,0,0,275,261,37,490,5,452,27,5
"542","2020-03-27",196,7,177,671,3046,0.346684175968483,0,0,275,261,44,534,49,501,24,49
"543","2020-03-28",186,7,194,665,3046,0.346684175968483,0,0,275,261,37,571,41,542,24,41
"544","2020-03-29",174,7,198,646,3046,0.346684175968483,0,0,275,261,35,606,22,564,26,22
"545","2020-03-30",175,7,188,650,3046,0.346684175968483,0,0,275,261,34,640,29,593,19,29
"546","2020-03-31",177,7,184,637,3046,0.346684175968483,0,0,275,261,42,682,55,648,32,55
"547","2020-04-01",180,7,173,621,3046,0.346684175968483,0,0,275,261,38,720,54,702,25,54
"548","2020-04-02",165,7,183,608,3046,0.346684175968483,0,0,275,261,37,757,26,728,28,26
"549","2020-04-03",168,7,200,615,3046,0.346684175968483,0,0,275,261,36,793,18,746,33,18
"550","2020-04-04",170,7,192,608,3046,0.346684175968483,0,0,275,261,38,831,7,753,30,7
"551","2020-04-05",174,7,187,585,3046,0.346684175968483,0,0,275,261,37,868,9,762,28,9
"552","2020-04-06",170,7,179,560,3046,0.346684175968483,0,0,275,261,55,923,3,765,42,3
"553","2020-04-07",162,7,150,535,3046,0.346684175968483,0,0,275,261,42,965,7,772,36,7
"554","2020-04-08",152,7,157,533,3046,0.346684175968483,0,0,275,261,38,1003,5,777,26,5
"555","2020-04-09",157,7,146,530,3046,0.346684175968483,0,0,275,261,39,1042,6,783,31,6
"556","2020-04-10",156,7,122,500,3046,0.346684175968483,0,0,275,261,31,1073,4,787,24,4
"557","2020-04-11",157,7,103,483,3046,0.346684175968483,0,0,275,261,34,1107,1,788,28,1
"558","2020-04-12",155,7,92,456,3046,0.346684175968483,0,0,275,261,49,1156,4,792,42,4
"559","2020-04-13",156,7,78,446,3046,0.346684175968483,0,0,275,261,50,1206,4,796,44,4
"560","2020-04-14",149,7,75,421,3046,0.346684175968483,0,0,275,261,37,1243,52,848,31,52
"561","2020-04-15",149,7,71,393,3046,0.346684175968483,0,0,275,261,38,1281,18,866,29,18
"562","2020-04-16",143,7,53,377,3046,0.346684175968483,0,0,275,261,40,1321,24,890,33,24
"563","2020-04-17",139,7,44,355,3046,0.346684175968483,0,0,275,261,40,1361,27,917,36,27
"564","2020-04-18",133,7,41,350,3046,0.346684175968483,0,0,275,261,26,1387,22,939,21,22
"565","2020-04-19",120,7,50,333,3046,0.346684175968483,0,0,275,261,41,1428,17,956,37,17
"566","2020-04-20",108,7,53,329,3046,0.346684175968483,0,0,275,261,34,1462,10,966,29,10
"567","2020-04-21",112,7,44,329,3046,0.346684175968483,0,0,275,261,46,1508,26,992,44,26
"568","2020-04-22",102,7,42,298,3046,0.346684175968483,0,0,275,261,33,1541,18,1010,29,18
"569","2020-04-23",102,7,50,300,3046,0.346684175968483,0,0,275,261,29,1570,17,1027,22,17
"570","2020-04-24",96,7,62,296,3046,0.346684175968483,0,0,275,261,33,1603,27,1054,32,27
"571","2020-04-25",90,7,62,282,3046,0.346684175968483,0,0,275,261,37,1640,14,1068,29,14
"572","2020-04-26",87,7,59,272,3046,0.346684175968483,0,0,275,261,51,1691,28,1096,45,28
"573","2020-04-27",88,7,67,263,3046,0.346684175968483,0,0,275,261,26,1717,21,1117,22,21
"574","2020-04-28",82,7,65,272,3046,0.346684175968483,0,0,275,261,24,1741,21,1138,19,21
"575","2020-04-29",81,7,59,264,3046,0.346684175968483,0,0,275,261,31,1772,22,1160,27,22
"576","2020-04-30",75,7,53,254,3046,0.346684175968483,0,0,275,261,29,1801,11,1171,24,11
"577","2020-05-01",70,7,51,264,3046,0.346684175968483,0,0,275,261,17,1818,11,1182,15,11
"578","2020-05-02",76,7,49,257,3046,0.346684175968483,0,0,275,261,17,1835,12,1194,15,12
"579","2020-05-03",76,7,48,252,3046,0.346684175968483,0,0,275,261,25,1860,10,1204,22,10
"580","2020-05-04",76,7,44,247,3046,0.346684175968483,0,0,275,261,25,1885,9,1213,24,9
"581","2020-05-05",76,7,39,238,3046,0.346684175968483,0,0,275,261,18,1903,17,1230,16,17
"582","2020-05-06",80,7,36,228,3046,0.346684175968483,0,0,275,261,19,1922,16,1246,16,16
"583","2020-05-07",73,7,33,227,3046,0.346684175968483,0,0,275,261,43,1965,14,1260,32,14
"584","2020-05-08",76,7,24,212,3046,0.346684175968483,0,0,275,261,18,1983,13,1273,16,13
"585","2020-05-09",66,7,26,206,3046,0.346684175968483,0,0,275,261,12,1995,10,1283,10,10
"586","2020-05-10",73,7,26,203,3046,0.346684175968483,0,0,275,261,24,2019,10,1293,22,10
"587","2020-05-11",72,7,23,202,3046,0.346684175968483,0,0,275,261,23,2042,5,1298,18,5
"588","2020-05-12",69,7,21,195,3046,0.346684175968483,0,0,275,261,22,2064,4,1302,20,4
"589","2020-05-13",58,7,16,194,3046,0.346684175968483,0,0,275,261,24,2088,7,1309,19,7
"590","2020-05-14",64,7,17,192,3046,0.346684175968483,0,0,275,261,27,2115,3,1312,23,3
"591","2020-05-15",57,7,19,198,3046,0.346684175968483,0,0,275,261,27,2142,4,1316,23,4
"592","2020-05-16",60,7,18,202,3046,0.346684175968483,0,0,275,261,23,2165,4,1320,15,4
"593","2020-05-17",57,7,18,196,3046,0.346684175968483,0,0,275,261,18,2183,NA,NA,17,NA
"594","2020-05-18",55,7,15,199,3046,0.346684175968483,0,0,275,261,31,2214,1,1321,24,1
"595","2020-05-19",51,7,16,201,3046,0.346684175968483,0,0,275,261,27,2241,3,1324,24,3
"596","2020-05-20",56,7,15,201,3046,0.346684175968483,0,0,275,261,21,2262,3,1327,18,3
"597","2020-05-21",50,7,15,205,3046,0.346684175968483,0,0,275,261,37,2299,3,1330,33,3
"598","2020-05-22",51,7,17,198,3046,0.346684175968483,0,0,275,261,31,2330,2,1332,25,2
"599","2020-05-23",52,7,15,196,3046,0.346684175968483,0,0,275,261,28,2358,3,1335,26,3
"600","2020-05-24",47,7,14,193,3046,0.346684175968483,0,0,275,261,19,2377,5,1340,17,5
"601","2020-05-25",50,7,13,189,3046,0.346684175968483,0,0,275,261,25,2402,5,1345,24,5
"602","2020-05-26",53,7,12,185,3046,0.346684175968483,0,0,275,261,27,2429,1,1346,19,1
"603","2020-05-27",52,7,13,173,3046,0.346684175968483,0,0,275,261,28,2457,1,1347,25,1
"604","2020-05-28",53,7,12,170,3046,0.346684175968483,0,0,275,261,24,2481,2,1349,20,2
"605","2020-05-29",51,7,11,175,3046,0.346684175968483,0,0,275,261,28,2509,NA,NA,26,NA
"606","2020-05-30",52,7,9,184,3046,0.346684175968483,0,0,275,261,24,2533,1,1350,23,1
"607","2020-05-31",60,7,9,179,3046,0.346684175968483,0,0,275,261,27,2560,NA,NA,24,NA
"608","2020-06-01",54,7,8,186,3046,0.346684175968483,0,0,275,261,31,2591,NA,NA,25,NA
"609","2020-06-02",53,7,8,190,3046,0.346684175968483,0,0,275,261,26,2617,NA,NA,22,NA
"610","2020-06-03",54,7,11,187,3046,0.346684175968483,0,0,275,261,19,2636,NA,NA,15,NA
"611","2020-06-04",52,7,10,189,3046,0.346684175968483,0,0,275,261,21,2657,NA,NA,18,NA
"612","2020-06-05",55,7,11,185,3046,0.346684175968483,0,0,275,261,20,2677,NA,NA,19,NA
"613","2020-06-06",55,7,11,184,3046,0.346684175968483,0,0,275,261,20,2697,NA,NA,19,NA
"614","2020-06-07",53,7,11,192,3046,0.346684175968483,0,0,275,261,22,2719,NA,NA,18,NA
"615","2020-03-13",2,8,161,132,2881,0.492884415133634,0,0,261,796,35,92,65,147,2,65
"616","2020-03-14",4,8,189,184,2881,0.492884415133634,0,0,261,796,27,119,53,200,4,53
"617","2020-03-15",8,8,258,225,2881,0.492884415133634,0,0,261,796,52,171,65,265,10,65
"618","2020-03-16",19,8,255,277,2881,0.492884415133634,0,0,261,796,41,212,59,324,2,59
"619","2020-03-17",29,8,305,331,2881,0.492884415133634,0,0,261,796,38,250,38,362,9,38
"620","2020-03-18",38,8,283,392,2881,0.492884415133634,0,0,261,796,36,286,45,407,5,45
"621","2020-03-19",46,8,322,431,2881,0.492884415133634,0,0,261,796,36,322,52,459,9,52
"622","2020-03-20",61,8,316,489,2881,0.492884415133634,0,0,261,796,28,350,30,489,4,30
"623","2020-03-21",74,8,302,540,2881,0.492884415133634,0,0,261,796,37,387,22,511,10,22
"624","2020-03-22",105,8,278,561,2881,0.492884415133634,0,0,261,796,35,422,25,536,10,25
"625","2020-03-23",115,8,270,597,2881,0.492884415133634,0,0,261,796,41,463,22,558,7,22
"626","2020-03-24",125,8,258,612,2881,0.492884415133634,0,0,261,796,29,492,12,570,3,12
"627","2020-03-25",149,8,237,637,2881,0.492884415133634,0,0,261,796,25,517,12,582,3,12
"628","2020-03-26",164,8,239,646,2881,0.492884415133634,0,0,261,796,22,539,5,587,5,5
"629","2020-03-27",165,8,236,661,2881,0.492884415133634,0,0,261,796,36,575,9,596,13,9
"630","2020-03-28",174,8,269,673,2881,0.492884415133634,0,0,261,796,27,602,8,604,11,8
"631","2020-03-29",171,8,229,671,2881,0.492884415133634,0,0,261,796,20,622,10,614,10,10
"632","2020-03-30",165,8,238,663,2881,0.492884415133634,0,0,261,796,41,663,12,626,13,12
"633","2020-03-31",178,8,247,644,2881,0.492884415133634,0,0,261,796,30,693,9,635,7,9
"634","2020-04-01",170,8,238,627,2881,0.492884415133634,0,0,261,796,30,723,16,651,10,16
"635","2020-04-02",176,8,232,593,2881,0.492884415133634,0,0,261,796,30,753,9,660,9,9
"636","2020-04-03",191,8,262,571,2881,0.492884415133634,0,0,261,796,31,784,36,696,19,36
"637","2020-04-04",180,8,288,555,2881,0.492884415133634,0,0,261,796,46,830,32,728,20,32
"638","2020-04-05",171,8,275,526,2881,0.492884415133634,0,0,261,796,30,860,29,757,8,29
"639","2020-04-06",173,8,255,507,2881,0.492884415133634,0,0,261,796,19,879,18,775,8,18
"640","2020-04-07",170,8,264,503,2881,0.492884415133634,0,0,261,796,24,903,27,802,12,27
"641","2020-04-08",161,8,288,482,2881,0.492884415133634,0,0,261,796,32,935,24,826,10,24
"642","2020-04-09",156,8,284,471,2881,0.492884415133634,0,0,261,796,20,955,16,842,10,16
"643","2020-04-10",142,8,280,464,2881,0.492884415133634,0,0,261,796,21,976,15,857,10,15
"644","2020-04-11",152,8,255,447,2881,0.492884415133634,0,0,261,796,31,1007,7,864,11,7
"645","2020-04-12",150,8,243,435,2881,0.492884415133634,0,0,261,796,26,1033,4,868,14,4
"646","2020-04-13",152,8,229,435,2881,0.492884415133634,0,0,261,796,30,1063,4,872,14,4
"647","2020-04-14",132,8,220,421,2881,0.492884415133634,0,0,261,796,26,1089,2,874,7,2
"648","2020-04-15",134,8,207,399,2881,0.492884415133634,0,0,261,796,21,1110,8,882,11,8
"649","2020-04-16",122,8,211,384,2881,0.492884415133634,0,0,261,796,20,1130,15,897,14,15
"650","2020-04-17",118,8,202,380,2881,0.492884415133634,0,0,261,796,20,1150,11,908,5,11
"651","2020-04-18",118,8,198,364,2881,0.492884415133634,0,0,261,796,21,1171,7,915,13,7
"652","2020-04-19",114,8,179,370,2881,0.492884415133634,0,0,261,796,20,1191,6,921,12,6
"653","2020-04-20",114,8,158,366,2881,0.492884415133634,0,0,261,796,26,1217,9,930,13,9
"654","2020-04-21",120,8,151,353,2881,0.492884415133634,0,0,261,796,22,1239,19,949,11,19
"655","2020-04-22",118,8,167,331,2881,0.492884415133634,0,0,261,796,25,1264,11,960,12,11
"656","2020-04-23",122,8,163,327,2881,0.492884415133634,0,0,261,796,17,1281,12,972,8,12
"657","2020-04-24",121,8,188,321,2881,0.492884415133634,0,0,261,796,21,1302,16,988,11,16
"658","2020-04-25",112,8,201,308,2881,0.492884415133634,0,0,261,796,15,1317,5,993,6,5
"659","2020-04-26",115,8,208,298,2881,0.492884415133634,0,0,261,796,15,1332,10,1003,8,10
"660","2020-04-27",111,8,202,293,2881,0.492884415133634,0,0,261,796,14,1346,11,1014,8,11
"661","2020-04-28",107,8,189,285,2881,0.492884415133634,0,0,261,796,13,1359,5,1019,8,5
"662","2020-04-29",101,8,181,283,2881,0.492884415133634,0,0,261,796,29,1388,14,1033,18,14
"663","2020-04-30",96,8,182,276,2881,0.492884415133634,0,0,261,796,16,1404,9,1042,8,9
"664","2020-05-01",86,8,189,279,2881,0.492884415133634,0,0,261,796,11,1415,11,1053,5,11
"665","2020-05-02",85,8,204,270,2881,0.492884415133634,0,0,261,796,9,1424,13,1066,4,13
"666","2020-05-03",81,8,206,258,2881,0.492884415133634,0,0,261,796,18,1442,11,1077,11,11
"667","2020-05-04",75,8,208,238,2881,0.492884415133634,0,0,261,796,22,1464,4,1081,14,4
"668","2020-05-05",76,8,193,219,2881,0.492884415133634,0,0,261,796,22,1486,1,1082,14,1
"669","2020-05-06",75,8,187,222,2881,0.492884415133634,0,0,261,796,19,1505,2,1084,10,2
"670","2020-05-07",75,8,186,219,2881,0.492884415133634,0,0,261,796,22,1527,4,1088,11,4
"671","2020-05-08",79,8,181,212,2881,0.492884415133634,0,0,261,796,22,1549,4,1092,13,4
"672","2020-05-09",73,8,167,208,2881,0.492884415133634,0,0,261,796,15,1564,6,1098,11,6
"673","2020-05-10",63,8,152,202,2881,0.492884415133634,0,0,261,796,13,1577,8,1106,10,8
"674","2020-05-11",58,8,148,200,2881,0.492884415133634,0,0,261,796,19,1596,2,1108,9,2
"675","2020-05-12",53,8,158,186,2881,0.492884415133634,0,0,261,796,17,1613,5,1113,9,5
"676","2020-05-13",53,8,149,187,2881,0.492884415133634,0,0,261,796,21,1634,7,1120,15,7
"677","2020-05-14",49,8,140,176,2881,0.492884415133634,0,0,261,796,20,1654,6,1126,15,6
"678","2020-05-15",49,8,127,175,2881,0.492884415133634,0,0,261,796,11,1665,2,1128,7,2
"679","2020-05-16",53,8,125,175,2881,0.492884415133634,0,0,261,796,21,1686,2,1130,15,2
"680","2020-05-17",53,8,115,175,2881,0.492884415133634,0,0,261,796,14,1700,5,1135,8,5
"681","2020-05-18",53,8,113,176,2881,0.492884415133634,0,0,261,796,16,1716,2,1137,13,2
"682","2020-05-19",53,8,113,170,2881,0.492884415133634,0,0,261,796,18,1734,5,1142,11,5
"683","2020-05-20",55,8,106,167,2881,0.492884415133634,0,0,261,796,23,1757,11,1153,14,11
"684","2020-05-21",52,8,94,164,2881,0.492884415133634,0,0,261,796,13,1770,4,1157,7,4
"685","2020-05-22",49,8,91,163,2881,0.492884415133634,0,0,261,796,6,1776,6,1163,3,6
"686","2020-05-23",43,8,81,157,2881,0.492884415133634,0,0,261,796,21,1797,1,1164,11,1
"687","2020-05-24",42,8,79,161,2881,0.492884415133634,0,0,261,796,12,1809,3,1167,7,3
"688","2020-05-25",45,8,85,162,2881,0.492884415133634,0,0,261,796,20,1829,2,1169,13,2
"689","2020-05-26",45,8,80,167,2881,0.492884415133634,0,0,261,796,16,1845,1,1170,9,1
"690","2020-05-27",39,8,73,168,2881,0.492884415133634,0,0,261,796,14,1859,5,1175,7,5
"691","2020-05-28",44,8,76,179,2881,0.492884415133634,0,0,261,796,16,1875,1,1176,10,1
"692","2020-05-29",47,8,70,166,2881,0.492884415133634,0,0,261,796,9,1884,NA,NA,5,NA
"693","2020-05-30",52,8,69,174,2881,0.492884415133634,0,0,261,796,11,1895,2,1178,4,2
"694","2020-05-31",61,8,71,166,2881,0.492884415133634,0,0,261,796,14,1909,NA,NA,7,NA
"695","2020-06-01",59,8,69,175,2881,0.492884415133634,0,0,261,796,12,1921,4,1182,6,4
"696","2020-06-02",58,8,75,168,2881,0.492884415133634,0,0,261,796,15,1936,6,1188,9,6
"697","2020-06-03",60,8,78,186,2881,0.492884415133634,0,0,261,796,16,1952,3,1191,8,3
"698","2020-06-04",59,8,87,192,2881,0.492884415133634,0,0,261,796,20,1972,3,1194,10,3
"699","2020-06-05",58,8,86,201,2881,0.492884415133634,0,0,261,796,4,1976,4,1198,1,4
"700","2020-06-06",54,8,83,201,2881,0.492884415133634,0,0,261,796,17,1993,3,1201,13,3
"701","2020-06-07",50,8,81,204,2881,0.492884415133634,0,0,261,796,16,2009,2,1203,8,2
"702","2020-03-12",1,9,177,44,7436,0.977407208176439,0,0,653,346,15,26,82,169,10,82
"703","2020-03-13",1,9,189,92,7436,0.977407208176439,0,0,653,346,22,48,28,197,16,28
"704","2020-03-14",2,9,203,138,7436,0.977407208176439,0,0,653,346,38,86,20,217,35,20
"705","2020-03-15",6,9,249,213,7436,0.977407208176439,0,0,653,346,35,121,59,276,28,59
"706","2020-03-16",16,9,265,294,7436,0.977407208176439,0,0,653,346,35,156,44,320,24,44
"707","2020-03-17",21,9,299,392,7436,0.977407208176439,0,0,653,346,39,195,36,356,32,36
"708","2020-03-18",39,9,286,511,7436,0.977407208176439,0,0,653,346,39,234,20,376,34,20
"709","2020-03-19",51,9,251,650,7436,0.977407208176439,0,0,653,346,40,274,18,394,32,18
"710","2020-03-20",74,9,216,831,7436,0.977407208176439,0,0,653,346,41,315,26,420,34,26
"711","2020-03-21",96,9,200,1026,7436,0.977407208176439,0,0,653,346,44,359,21,441,40,21
"712","2020-03-22",124,9,195,1264,7436,0.977407208176439,0,0,653,346,51,410,16,457,48,16
"713","2020-03-23",179,9,198,1535,7436,0.977407208176439,0,0,653,346,70,480,21,478,67,21
"714","2020-03-24",221,9,210,1775,7436,0.977407208176439,0,0,653,346,54,534,35,513,50,35
"715","2020-03-25",282,9,219,2049,7436,0.977407208176439,0,0,653,346,58,592,16,529,56,16
"716","2020-03-26",344,9,225,2361,7436,0.977407208176439,0,0,653,346,53,645,21,550,50,21
"717","2020-03-27",377,9,204,2791,7436,0.977407208176439,0,0,653,346,56,701,40,590,53,40
"718","2020-03-28",469,9,217,3082,7436,0.977407208176439,0,0,653,346,61,762,62,652,56,62
"719","2020-03-29",549,9,219,3340,7436,0.977407208176439,0,0,653,346,58,820,38,690,58,38
"720","2020-03-30",619,9,201,3626,7436,0.977407208176439,0,0,653,346,63,883,12,702,60,12
"721","2020-03-31",725,9,189,3826,7436,0.977407208176439,0,0,653,346,79,962,5,707,71,5
"722","2020-04-01",789,9,201,4009,7436,0.977407208176439,0,0,653,346,52,1014,15,722,51,15
"723","2020-04-02",869,9,191,4003,7436,0.977407208176439,0,0,653,346,86,1100,29,751,81,29
"724","2020-04-03",991,9,171,3979,7436,0.977407208176439,0,0,653,346,73,1173,67,818,68,67
"725","2020-04-04",1039,9,139,3891,7436,0.977407208176439,0,0,653,346,78,1251,25,843,75,25
"726","2020-04-05",1072,9,154,3732,7436,0.977407208176439,0,0,653,346,73,1324,19,862,70,19
"727","2020-04-06",1120,9,147,3606,7436,0.977407208176439,0,0,653,346,48,1372,26,888,44,26
"728","2020-04-07",1110,9,127,3375,7436,0.977407208176439,0,0,653,346,72,1444,63,951,71,63
"729","2020-04-08",1119,9,163,3093,7436,0.977407208176439,0,0,653,346,89,1533,26,977,83,26
"730","2020-04-09",1101,9,183,2796,7436,0.977407208176439,0,0,653,346,71,1604,16,993,68,16
"731","2020-04-10",1041,9,164,2486,7436,0.977407208176439,0,0,653,346,99,1703,20,1013,95,20
"732","2020-04-11",969,9,142,2172,7436,0.977407208176439,0,0,653,346,64,1767,45,1058,60,45
"733","2020-04-12",905,9,130,1919,7436,0.977407208176439,0,0,653,346,63,1830,49,1107,60,49
"734","2020-04-13",814,9,134,1624,7436,0.977407208176439,0,0,653,346,59,1889,21,1128,55,21
"735","2020-04-14",736,9,121,1381,7436,0.977407208176439,0,0,653,346,81,1970,19,1147,78,19
"736","2020-04-15",647,9,113,1189,7436,0.977407208176439,0,0,653,346,67,2037,12,1159,65,12
"737","2020-04-16",559,9,101,1014,7436,0.977407208176439,0,0,653,346,64,2101,15,1174,60,15
"738","2020-04-17",492,9,103,842,7436,0.977407208176439,0,0,653,346,58,2159,28,1202,56,28
"739","2020-04-18",434,9,93,692,7436,0.977407208176439,0,0,653,346,70,2229,43,1245,67,43
"740","2020-04-19",383,9,115,569,7436,0.977407208176439,0,0,653,346,74,2303,25,1270,70,25
"741","2020-04-20",315,9,113,468,7436,0.977407208176439,0,0,653,346,51,2354,29,1299,50,29
"742","2020-04-21",268,9,106,386,7436,0.977407208176439,0,0,653,346,70,2424,20,1319,67,20
"743","2020-04-22",217,9,92,307,7436,0.977407208176439,0,0,653,346,71,2495,23,1342,69,23
"744","2020-04-23",185,9,108,251,7436,0.977407208176439,0,0,653,346,54,2549,19,1361,52,19
"745","2020-04-24",143,9,96,209,7436,0.977407208176439,0,0,653,346,83,2632,16,1377,81,16
"746","2020-04-25",114,9,91,161,7436,0.977407208176439,0,0,653,346,62,2694,25,1402,60,25
"747","2020-04-26",90,9,90,127,7436,0.977407208176439,0,0,653,346,57,2751,15,1417,55,15
"748","2020-04-27",71,9,74,102,7436,0.977407208176439,0,0,653,346,60,2811,10,1427,58,10
"749","2020-04-28",59,9,71,82,7436,0.977407208176439,0,0,653,346,61,2872,9,1436,57,9
"750","2020-04-29",48,9,70,73,7436,0.977407208176439,0,0,653,346,47,2919,3,1439,44,3
"751","2020-04-30",33,9,62,59,7436,0.977407208176439,0,0,653,346,55,2974,7,1446,52,7
"752","2020-05-01",27,9,60,49,7436,0.977407208176439,0,0,653,346,63,3037,13,1459,62,13
"753","2020-05-02",27,9,57,44,7436,0.977407208176439,0,0,653,346,56,3093,8,1467,56,8
"754","2020-05-03",23,9,61,37,7436,0.977407208176439,0,0,653,346,56,3149,13,1480,55,13
"755","2020-05-04",19,9,56,31,7436,0.977407208176439,0,0,653,346,30,3179,11,1491,28,11
"756","2020-05-05",15,9,48,26,7436,0.977407208176439,0,0,653,346,47,3226,8,1499,45,8
"757","2020-05-06",15,9,47,22,7436,0.977407208176439,0,0,653,346,46,3272,2,1501,44,2
"758","2020-05-07",15,9,32,17,7436,0.977407208176439,0,0,653,346,48,3320,13,1514,46,13
"759","2020-05-08",13,9,39,15,7436,0.977407208176439,0,0,653,346,39,3359,11,1525,36,11
"760","2020-05-09",9,9,33,14,7436,0.977407208176439,0,0,653,346,36,3395,4,1529,34,4
"761","2020-05-10",7,9,29,12,7436,0.977407208176439,0,0,653,346,39,3434,1,1530,37,1
"762","2020-05-11",7,9,32,9,7436,0.977407208176439,0,0,653,346,32,3466,9,1539,29,9
"763","2020-05-12",5,9,32,10,7436,0.977407208176439,0,0,653,346,31,3497,3,1542,31,3
"764","2020-05-13",4,9,32,11,7436,0.977407208176439,0,0,653,346,35,3532,1,1543,34,1
"765","2020-05-14",2,9,34,9,7436,0.977407208176439,0,0,653,346,33,3565,4,1547,33,4
"766","2020-05-15",1,9,30,7,7436,0.977407208176439,0,0,653,346,33,3598,5,1552,33,5
"767","2020-05-16",1,9,27,6,7436,0.977407208176439,0,0,653,346,27,3625,2,1554,26,2
"768","2020-05-17",1,9,24,5,7436,0.977407208176439,0,0,653,346,23,3648,4,1558,22,4
"769","2020-05-18",1,9,21,4,7436,0.977407208176439,0,0,653,346,21,3669,4,1562,21,4
"770","2020-05-19",1,9,25,4,7436,0.977407208176439,0,0,653,346,34,3703,3,1565,33,3
"771","2020-05-20",1,9,26,4,7436,0.977407208176439,0,0,653,346,13,3716,3,1568,12,3
"772","2020-05-21",1,9,25,2,7436,0.977407208176439,0,0,653,346,26,3742,NA,NA,24,NA
"773","2020-05-22",2,9,20,2,7436,0.977407208176439,0,0,653,346,20,3762,1,1569,20,1
"774","2020-05-23",2,9,19,1,7436,0.977407208176439,0,0,653,346,28,3790,2,1571,28,2
"775","2020-05-24",2,9,20,1,7436,0.977407208176439,0,0,653,346,17,3807,NA,NA,16,NA
"776","2020-05-25",1,9,19,1,7436,0.977407208176439,0,0,653,346,17,3824,NA,NA,15,NA
"777","2020-05-26",1,9,20,1,7436,0.977407208176439,0,0,653,346,23,3847,NA,NA,22,NA
"778","2020-05-27",1,9,22,1,7436,0.977407208176439,0,0,653,346,25,3872,NA,NA,23,NA
"779","2020-05-28",1,9,21,1,7436,0.977407208176439,0,0,653,346,18,3890,NA,NA,17,NA
"780","2020-05-29",0,9,0,0,7436,0.977407208176439,0,0,653,346,16,3906,NA,NA,16,NA
"781","2020-05-30",0,9,0,0,7436,0.977407208176439,0,0,653,346,18,3924,NA,NA,15,NA
"782","2020-05-31",0,9,0,0,7436,0.977407208176439,0,0,653,346,23,3947,NA,NA,22,NA
"783","2020-06-01",0,9,0,0,7436,0.977407208176439,0,0,653,346,19,3966,NA,NA,18,NA
"784","2020-06-02",1,9,16,4,7436,0.977407208176439,0,0,653,346,15,3981,NA,NA,14,NA
"785","2020-06-03",2,9,14,5,7436,0.977407208176439,0,0,653,346,15,3996,NA,NA,15,NA
"786","2020-06-04",2,9,15,5,7436,0.977407208176439,0,0,653,346,11,4007,NA,NA,11,NA
"787","2020-06-05",2,9,14,5,7436,0.977407208176439,0,0,653,346,12,4019,NA,NA,10,NA
"788","2020-06-06",2,9,12,5,7436,0.977407208176439,0,0,653,346,10,4029,NA,NA,8,NA
"789","2020-06-07",2,9,13,5,7436,0.977407208176439,0,0,653,346,11,4040,NA,NA,9,NA
"790","2020-03-15",3,10,184,68,2601,0.863898500576701,0,0,223,642,42,180,47,169,21,47
"791","2020-03-16",4,10,175,83,2601,0.863898500576701,0,0,223,642,41,221,27,196,15,27
"792","2020-03-17",10,10,163,105,2601,0.863898500576701,0,0,223,642,44,265,55,251,27,55
"793","2020-03-18",15,10,183,118,2601,0.863898500576701,0,0,223,642,57,322,33,284,34,33
"794","2020-03-19",17,10,196,133,2601,0.863898500576701,0,0,223,642,61,383,27,311,40,27
"795","2020-03-20",24,10,176,146,2601,0.863898500576701,0,0,223,642,54,437,43,354,33,43
"796","2020-03-21",31,10,154,166,2601,0.863898500576701,0,0,223,642,60,497,27,381,40,27
"797","2020-03-22",33,10,148,176,2601,0.863898500576701,0,0,223,642,72,569,43,424,49,43
"798","2020-03-23",39,10,130,205,2601,0.863898500576701,0,0,223,642,62,631,26,450,44,26
"799","2020-03-24",40,10,112,213,2601,0.863898500576701,0,0,223,642,72,703,33,483,51,33
"800","2020-03-25",43,10,118,220,2601,0.863898500576701,0,0,223,642,81,784,15,498,57,15
"801","2020-03-26",52,10,113,221,2601,0.863898500576701,0,0,223,642,69,853,11,509,51,11
"802","2020-03-27",54,10,100,230,2601,0.863898500576701,0,0,223,642,67,920,8,517,51,8
"803","2020-03-28",57,10,128,234,2601,0.863898500576701,0,0,223,642,69,989,16,533,54,16
"804","2020-03-29",65,10,155,224,2601,0.863898500576701,0,0,223,642,88,1077,38,571,72,38
"805","2020-03-30",65,10,207,227,2601,0.863898500576701,0,0,223,642,70,1147,22,593,50,22
"806","2020-03-31",65,10,204,224,2601,0.863898500576701,0,0,223,642,55,1202,20,613,43,20
"807","2020-04-01",67,10,179,224,2601,0.863898500576701,0,0,223,642,73,1275,19,632,58,19
"808","2020-04-02",65,10,161,213,2601,0.863898500576701,0,0,223,642,58,1333,29,661,48,29
"809","2020-04-03",61,10,168,209,2601,0.863898500576701,0,0,223,642,47,1380,7,668,35,7
"810","2020-04-04",57,10,159,194,2601,0.863898500576701,0,0,223,642,44,1424,23,691,33,23
"811","2020-04-05",52,10,188,187,2601,0.863898500576701,0,0,223,642,54,1478,46,737,41,46
"812","2020-04-06",56,10,188,176,2601,0.863898500576701,0,0,223,642,64,1542,41,778,51,41
"813","2020-04-07",63,10,168,165,2601,0.863898500576701,0,0,223,642,53,1595,24,802,45,24
"814","2020-04-08",58,10,151,153,2601,0.863898500576701,0,0,223,642,39,1634,24,826,28,24
"815","2020-04-09",62,10,165,148,2601,0.863898500576701,0,0,223,642,53,1687,23,849,47,23
"816","2020-04-10",62,10,173,141,2601,0.863898500576701,0,0,223,642,55,1742,7,856,45,7
"817","2020-04-11",66,10,145,133,2601,0.863898500576701,0,0,223,642,51,1793,22,878,43,22
"818","2020-04-12",60,10,146,131,2601,0.863898500576701,0,0,223,642,46,1839,25,903,35,25
"819","2020-04-13",50,10,162,125,2601,0.863898500576701,0,0,223,642,56,1895,19,922,44,19
"820","2020-04-14",39,10,137,121,2601,0.863898500576701,0,0,223,642,45,1940,18,940,35,18
"821","2020-04-15",39,10,121,111,2601,0.863898500576701,0,0,223,642,44,1984,28,968,36,28
"822","2020-04-16",30,10,87,118,2601,0.863898500576701,0,0,223,642,34,2018,23,991,27,23
"823","2020-04-17",27,10,66,115,2601,0.863898500576701,0,0,223,642,38,2056,14,1005,30,14
"824","2020-04-18",24,10,54,121,2601,0.863898500576701,0,0,223,642,47,2103,11,1016,39,11
"825","2020-04-19",26,10,50,121,2601,0.863898500576701,0,0,223,642,34,2137,18,1034,30,18
"826","2020-04-20",27,10,46,123,2601,0.863898500576701,0,0,223,642,33,2170,21,1055,25,21
"827","2020-04-21",28,10,44,131,2601,0.863898500576701,0,0,223,642,35,2205,25,1080,28,25
"828","2020-04-22",28,10,36,142,2601,0.863898500576701,0,0,223,642,35,2240,9,1089,30,9
"829","2020-04-23",26,10,29,151,2601,0.863898500576701,0,0,223,642,37,2277,12,1101,28,12
"830","2020-04-24",35,10,36,157,2601,0.863898500576701,0,0,223,642,24,2301,27,1128,23,27
"831","2020-04-25",31,10,29,180,2601,0.863898500576701,0,0,223,642,29,2330,15,1143,22,15
"832","2020-04-26",36,10,34,185,2601,0.863898500576701,0,0,223,642,35,2365,6,1149,28,6
"833","2020-04-27",43,10,47,197,2601,0.863898500576701,0,0,223,642,25,2390,8,1157,21,8
"834","2020-04-28",50,10,46,222,2601,0.863898500576701,0,0,223,642,26,2416,10,1167,22,10
"835","2020-04-29",56,10,50,220,2601,0.863898500576701,0,0,223,642,23,2439,11,1178,17,11
"836","2020-04-30",57,10,48,233,2601,0.863898500576701,0,0,223,642,30,2469,16,1194,24,16
"837","2020-05-01",51,10,51,251,2601,0.863898500576701,0,0,223,642,24,2493,12,1206,18,12
"838","2020-05-02",59,10,42,252,2601,0.863898500576701,0,0,223,642,21,2514,8,1214,18,8
"839","2020-05-03",59,10,43,273,2601,0.863898500576701,0,0,223,642,26,2540,8,1222,20,8
"840","2020-05-04",63,10,51,288,2601,0.863898500576701,0,0,223,642,34,2574,9,1231,28,9
"841","2020-05-05",65,10,49,288,2601,0.863898500576701,0,0,223,642,16,2590,9,1240,12,9
"842","2020-05-06",63,10,38,296,2601,0.863898500576701,0,0,223,642,34,2624,11,1251,27,11
"843","2020-05-07",75,10,40,295,2601,0.863898500576701,0,0,223,642,24,2648,7,1258,17,7
"844","2020-05-08",84,10,41,303,2601,0.863898500576701,0,0,223,642,18,2666,8,1266,14,8
"845","2020-05-09",89,10,35,304,2601,0.863898500576701,0,0,223,642,17,2683,8,1274,14,8
"846","2020-05-10",91,10,36,309,2601,0.863898500576701,0,0,223,642,20,2703,7,1281,10,7
"847","2020-05-11",94,10,35,323,2601,0.863898500576701,0,0,223,642,16,2719,5,1286,9,5
"848","2020-05-12",91,10,41,334,2601,0.863898500576701,0,0,223,642,22,2741,2,1288,13,2
"849","2020-05-13",90,10,32,355,2601,0.863898500576701,0,0,223,642,20,2761,6,1294,15,6
"850","2020-05-14",97,10,28,381,2601,0.863898500576701,0,0,223,642,24,2785,2,1296,17,2
"851","2020-05-15",94,10,24,383,2601,0.863898500576701,0,0,223,642,14,2799,4,1300,11,4
"852","2020-05-16",98,10,31,384,2601,0.863898500576701,0,0,223,642,25,2824,NA,NA,20,NA
"853","2020-05-17",104,10,35,387,2601,0.863898500576701,0,0,223,642,23,2847,2,1302,18,2
"854","2020-05-18",107,10,38,393,2601,0.863898500576701,0,0,223,642,22,2869,3,1305,16,3
"855","2020-05-19",112,10,37,396,2601,0.863898500576701,0,0,223,642,21,2890,3,1308,18,3
"856","2020-05-20",116,10,32,413,2601,0.863898500576701,0,0,223,642,14,2904,8,1316,8,8
"857","2020-05-21",114,10,28,414,2601,0.863898500576701,0,0,223,642,19,2923,3,1319,15,3
"858","2020-05-22",116,10,22,417,2601,0.863898500576701,0,0,223,642,18,2941,5,1324,14,5
"859","2020-05-23",110,10,19,431,2601,0.863898500576701,0,0,223,642,26,2967,5,1329,20,5
"860","2020-05-24",110,10,21,441,2601,0.863898500576701,0,0,223,642,21,2988,5,1334,18,5
"861","2020-05-25",108,10,23,453,2601,0.863898500576701,0,0,223,642,16,3004,1,1335,12,1
"862","2020-05-26",113,10,20,451,2601,0.863898500576701,0,0,223,642,14,3018,1,1336,9,1
"863","2020-05-27",121,10,24,471,2601,0.863898500576701,0,0,223,642,21,3039,3,1339,12,3
"864","2020-05-28",120,10,25,502,2601,0.863898500576701,0,0,223,642,19,3058,6,1345,16,6
"865","2020-05-29",123,10,29,534,2601,0.863898500576701,0,0,223,642,24,3082,1,1346,21,1
"866","2020-05-30",125,10,33,555,2601,0.863898500576701,0,0,223,642,23,3105,7,1353,15,7
"867","2020-05-31",137,10,32,583,2601,0.863898500576701,0,0,223,642,18,3123,6,1359,14,6
"868","2020-06-01",153,10,32,601,2601,0.863898500576701,0,0,223,642,23,3146,3,1362,22,3
"869","2020-06-02",151,10,35,609,2601,0.863898500576701,0,0,223,642,24,3170,6,1368,18,6
"870","2020-06-03",153,10,34,636,2601,0.863898500576701,0,0,223,642,13,3183,3,1371,12,3
"871","2020-06-04",155,10,34,655,2601,0.863898500576701,0,0,223,642,15,3198,7,1378,14,7
"872","2020-06-05",172,10,43,672,2601,0.863898500576701,0,0,223,642,20,3218,5,1383,14,5
"873","2020-06-06",187,10,48,684,2601,0.863898500576701,0,0,223,642,21,3239,4,1387,13,4
"874","2020-06-07",196,10,47,684,2601,0.863898500576701,0,0,223,642,15,3254,6,1393,9,6
"875","2020-03-13",4,11,251,133,3083,0.562114823224132,0,0,300,668,67,183,60,218,8,60
"876","2020-03-14",6,11,241,191,3083,0.562114823224132,0,0,300,668,47,230,88,306,9,88
"877","2020-03-15",12,11,210,236,3083,0.562114823224132,0,0,300,668,68,298,85,391,25,85
"878","2020-03-16",20,11,171,295,3083,0.562114823224132,0,0,300,668,63,361,56,447,18,56
"879","2020-03-17",30,11,152,328,3083,0.562114823224132,0,0,300,668,68,429,64,511,25,64
"880","2020-03-18",51,11,166,376,3083,0.562114823224132,0,0,300,668,63,492,67,578,22,67
"881","2020-03-19",69,11,260,417,3083,0.562114823224132,0,0,300,668,79,571,52,630,38,52
"882","2020-03-20",88,11,273,439,3083,0.562114823224132,0,0,300,668,82,653,30,660,37,30
"883","2020-03-21",104,11,264,465,3083,0.562114823224132,0,0,300,668,73,726,35,695,25,35
"884","2020-03-22",117,11,235,486,3083,0.562114823224132,0,0,300,668,66,792,42,737,33,42
"885","2020-03-23",124,11,203,503,3083,0.562114823224132,0,0,300,668,58,850,49,786,29,49
"886","2020-03-24",137,11,180,504,3083,0.562114823224132,0,0,300,668,63,913,39,825,31,39
"887","2020-03-25",129,11,150,507,3083,0.562114823224132,0,0,300,668,57,970,29,854,34,29
"888","2020-03-26",137,11,141,499,3083,0.562114823224132,0,0,300,668,81,1051,34,888,47,34
"889","2020-03-27",131,11,116,497,3083,0.562114823224132,0,0,300,668,70,1121,52,940,34,52
"890","2020-03-28",129,11,100,505,3083,0.562114823224132,0,0,300,668,69,1190,49,989,38,49
"891","2020-03-29",131,11,108,515,3083,0.562114823224132,0,0,300,668,73,1263,45,1034,44,45
"892","2020-03-30",129,11,84,513,3083,0.562114823224132,0,0,300,668,54,1317,45,1079,30,45
"893","2020-03-31",124,11,80,511,3083,0.562114823224132,0,0,300,668,75,1392,39,1118,46,39
"894","2020-04-01",127,11,76,513,3083,0.562114823224132,0,0,300,668,63,1455,33,1151,32,33
"895","2020-04-02",124,11,82,527,3083,0.562114823224132,0,0,300,668,52,1507,37,1188,34,37
"896","2020-04-03",129,11,134,554,3083,0.562114823224132,0,0,300,668,57,1564,38,1226,32,38
"897","2020-04-04",133,11,201,552,3083,0.562114823224132,0,0,300,668,56,1620,32,1258,34,32
"898","2020-04-05",131,11,216,560,3083,0.562114823224132,0,0,300,668,45,1665,33,1291,24,33
"899","2020-04-06",139,11,222,532,3083,0.562114823224132,0,0,300,668,52,1717,50,1341,28,50
"900","2020-04-07",139,11,221,537,3083,0.562114823224132,0,0,300,668,61,1778,42,1383,30,42
"901","2020-04-08",142,11,239,518,3083,0.562114823224132,0,0,300,668,30,1808,53,1436,18,53
"902","2020-04-09",148,11,244,502,3083,0.562114823224132,0,0,300,668,34,1842,54,1490,17,54
"903","2020-04-10",149,11,235,481,3083,0.562114823224132,0,0,300,668,54,1896,44,1534,36,44
"904","2020-04-11",142,11,207,465,3083,0.562114823224132,0,0,300,668,41,1937,56,1590,28,56
"905","2020-04-12",146,11,214,448,3083,0.562114823224132,0,0,300,668,49,1986,42,1632,26,42
"906","2020-04-13",142,11,207,432,3083,0.562114823224132,0,0,300,668,39,2025,31,1663,27,31
"907","2020-04-14",141,11,211,417,3083,0.562114823224132,0,0,300,668,26,2051,58,1721,14,58
"908","2020-04-15",145,11,206,392,3083,0.562114823224132,0,0,300,668,27,2078,60,1781,16,60
"909","2020-04-16",135,11,213,367,3083,0.562114823224132,0,0,300,668,26,2104,44,1825,15,44
"910","2020-04-17",121,11,202,336,3083,0.562114823224132,0,0,300,668,39,2143,40,1865,20,40
"911","2020-04-18",127,11,176,318,3083,0.562114823224132,0,0,300,668,21,2164,42,1907,9,42
"912","2020-04-19",113,11,151,300,3083,0.562114823224132,0,0,300,668,30,2194,48,1955,15,48
"913","2020-04-20",109,11,126,295,3083,0.562114823224132,0,0,300,668,29,2223,47,2002,16,47
"914","2020-04-21",113,11,96,275,3083,0.562114823224132,0,0,300,668,30,2253,43,2045,21,43
"915","2020-04-22",102,11,93,274,3083,0.562114823224132,0,0,300,668,34,2287,44,2089,16,44
"916","2020-04-23",89,11,94,269,3083,0.562114823224132,0,0,300,668,18,2305,56,2145,11,56
"917","2020-04-24",92,11,98,265,3083,0.562114823224132,0,0,300,668,21,2326,34,2179,12,34
"918","2020-04-25",85,11,103,264,3083,0.562114823224132,0,0,300,668,27,2353,36,2215,11,36
"919","2020-04-26",83,11,96,252,3083,0.562114823224132,0,0,300,668,23,2376,33,2248,13,33
"920","2020-04-27",75,11,84,244,3083,0.562114823224132,0,0,300,668,30,2406,32,2280,14,32
"921","2020-04-28",66,11,93,247,3083,0.562114823224132,0,0,300,668,25,2431,27,2307,17,27
"922","2020-04-29",68,11,80,242,3083,0.562114823224132,0,0,300,668,20,2451,21,2328,12,21
"923","2020-04-30",72,11,72,241,3083,0.562114823224132,0,0,300,668,25,2476,33,2361,17,33
"924","2020-05-01",75,11,61,246,3083,0.562114823224132,0,0,300,668,20,2496,42,2403,12,42
"925","2020-05-02",70,11,58,240,3083,0.562114823224132,0,0,300,668,19,2515,27,2430,11,27
"926","2020-05-03",70,11,49,239,3083,0.562114823224132,0,0,300,668,24,2539,32,2462,15,32
"927","2020-05-04",74,11,54,240,3083,0.562114823224132,0,0,300,668,17,2556,40,2502,9,40
"928","2020-05-05",78,11,42,245,3083,0.562114823224132,0,0,300,668,22,2578,41,2543,11,41
"929","2020-05-06",72,11,41,247,3083,0.562114823224132,0,0,300,668,16,2594,32,2575,7,32
"930","2020-05-07",69,11,34,248,3083,0.562114823224132,0,0,300,668,16,2610,33,2608,11,33
"931","2020-05-08",62,11,40,255,3083,0.562114823224132,0,0,300,668,19,2629,29,2637,9,29
"932","2020-05-09",63,11,42,261,3083,0.562114823224132,0,0,300,668,24,2653,24,2661,12,24
"933","2020-05-10",66,11,39,258,3083,0.562114823224132,0,0,300,668,24,2677,29,2690,14,29
"934","2020-05-11",70,11,32,272,3083,0.562114823224132,0,0,300,668,19,2696,38,2728,9,38
"935","2020-05-12",69,11,28,273,3083,0.562114823224132,0,0,300,668,27,2723,31,2759,16,31
"936","2020-05-13",77,11,27,276,3083,0.562114823224132,0,0,300,668,15,2738,29,2788,5,29
"937","2020-05-14",85,11,27,291,3083,0.562114823224132,0,0,300,668,23,2761,22,2810,12,22
"938","2020-05-15",93,11,24,291,3083,0.562114823224132,0,0,300,668,24,2785,32,2842,11,32
"939","2020-05-16",95,11,24,311,3083,0.562114823224132,0,0,300,668,17,2802,18,2860,8,18
"940","2020-05-17",99,11,23,320,3083,0.562114823224132,0,0,300,668,22,2824,23,2883,13,23
"941","2020-05-18",100,11,27,322,3083,0.562114823224132,0,0,300,668,19,2843,15,2898,8,15
"942","2020-05-19",100,11,28,339,3083,0.562114823224132,0,0,300,668,14,2857,14,2912,8,14
"943","2020-05-20",95,11,23,347,3083,0.562114823224132,0,0,300,668,22,2879,17,2929,12,17
"944","2020-05-21",93,11,21,357,3083,0.562114823224132,0,0,300,668,18,2897,15,2944,5,15
"945","2020-05-22",92,11,21,359,3083,0.562114823224132,0,0,300,668,11,2908,10,2954,4,10
"946","2020-05-23",98,11,22,359,3083,0.562114823224132,0,0,300,668,22,2930,17,2971,12,17
"947","2020-05-24",102,11,24,359,3083,0.562114823224132,0,0,300,668,15,2945,15,2986,7,15
"948","2020-05-25",102,11,23,372,3083,0.562114823224132,0,0,300,668,14,2959,8,2994,6,8
"949","2020-05-26",103,11,21,357,3083,0.562114823224132,0,0,300,668,25,2984,11,3005,12,11
"950","2020-05-27",108,11,20,371,3083,0.562114823224132,0,0,300,668,15,2999,8,3013,11,8
"951","2020-05-28",106,11,18,355,3083,0.562114823224132,0,0,300,668,18,3017,10,3023,8,10
"952","2020-05-29",100,11,16,363,3083,0.562114823224132,0,0,300,668,20,3037,17,3040,10,17
"953","2020-05-30",104,11,15,355,3083,0.562114823224132,0,0,300,668,22,3059,11,3051,13,11
"954","2020-05-31",92,11,16,347,3083,0.562114823224132,0,0,300,668,18,3077,8,3059,10,8
"955","2020-06-01",93,11,16,323,3083,0.562114823224132,0,0,300,668,21,3098,11,3070,11,11
"956","2020-06-02",94,11,17,321,3083,0.562114823224132,0,0,300,668,15,3113,6,3076,11,6
"957","2020-06-03",90,11,19,305,3083,0.562114823224132,0,0,300,668,23,3136,5,3081,15,5
"958","2020-06-04",88,11,21,309,3083,0.562114823224132,0,0,300,668,22,3158,6,3087,13,6
"959","2020-06-05",94,11,22,311,3083,0.562114823224132,0,0,300,668,16,3174,5,3092,8,5
"960","2020-06-06",83,11,19,309,3083,0.562114823224132,0,0,300,668,18,3192,6,3098,14,6
"961","2020-06-07",90,11,19,300,3083,0.562114823224132,0,0,300,668,21,3213,9,3107,11,9
"962","2020-03-13",1,12,129,147,2549,0.351118085523735,0,0,202,382,39,103,41,160,15,41
"963","2020-03-14",4,12,135,192,2549,0.351118085523735,0,0,202,382,41,144,67,227,23,67
"964","2020-03-15",9,12,146,249,2549,0.351118085523735,0,0,202,382,66,210,26,253,40,26
"965","2020-03-16",19,12,168,303,2549,0.351118085523735,0,0,202,382,64,274,32,285,33,32
"966","2020-03-17",29,12,205,353,2549,0.351118085523735,0,0,202,382,52,326,46,331,29,46
"967","2020-03-18",45,12,196,399,2549,0.351118085523735,0,0,202,382,53,379,32,363,41,32
"968","2020-03-19",59,12,197,445,2549,0.351118085523735,0,0,202,382,60,439,18,381,50,18
"969","2020-03-20",82,12,200,470,2549,0.351118085523735,0,0,202,382,66,505,23,404,47,23
"970","2020-03-21",101,12,194,501,2549,0.351118085523735,0,0,202,382,70,575,55,459,52,55
"971","2020-03-22",113,12,190,539,2549,0.351118085523735,0,0,202,382,73,648,22,481,57,22
"972","2020-03-23",123,12,219,562,2549,0.351118085523735,0,0,202,382,66,714,13,494,49,13
"973","2020-03-24",130,12,230,564,2549,0.351118085523735,0,0,202,382,80,794,24,518,60,24
"974","2020-03-25",134,12,203,581,2549,0.351118085523735,0,0,202,382,80,874,18,536,68,18
"975","2020-03-26",142,12,184,590,2549,0.351118085523735,0,0,202,382,61,935,15,551,49,15
"976","2020-03-27",133,12,202,582,2549,0.351118085523735,0,0,202,382,87,1022,14,565,71,14
"977","2020-03-28",134,12,225,571,2549,0.351118085523735,0,0,202,382,66,1088,40,605,52,40
"978","2020-03-29",140,12,208,582,2549,0.351118085523735,0,0,202,382,70,1158,43,648,58,43
"979","2020-03-30",141,12,229,575,2549,0.351118085523735,0,0,202,382,88,1246,57,705,71,57
"980","2020-03-31",153,12,221,571,2549,0.351118085523735,0,0,202,382,73,1319,63,768,66,63
"981","2020-04-01",159,12,220,555,2549,0.351118085523735,0,0,202,382,67,1386,55,823,54,55
"982","2020-04-02",162,12,215,542,2549,0.351118085523735,0,0,202,382,90,1476,23,846,76,23
"983","2020-04-03",168,12,203,531,2549,0.351118085523735,0,0,202,382,63,1539,21,867,54,21
"984","2020-04-04",163,12,191,516,2549,0.351118085523735,0,0,202,382,69,1608,29,896,59,29
"985","2020-04-05",162,12,189,501,2549,0.351118085523735,0,0,202,382,65,1673,44,940,55,44
"986","2020-04-06",153,12,173,471,2549,0.351118085523735,0,0,202,382,88,1761,46,986,76,46
"987","2020-04-07",142,12,178,455,2549,0.351118085523735,0,0,202,382,61,1822,27,1013,48,27
"988","2020-04-08",136,12,180,444,2549,0.351118085523735,0,0,202,382,71,1893,18,1031,64,18
"989","2020-04-09",136,12,204,421,2549,0.351118085523735,0,0,202,382,43,1936,24,1055,39,24
"990","2020-04-10",127,12,195,406,2549,0.351118085523735,0,0,202,382,77,2013,14,1069,64,14
"991","2020-04-11",123,12,200,393,2549,0.351118085523735,0,0,202,382,63,2076,16,1085,57,16
"992","2020-04-12",115,12,189,373,2549,0.351118085523735,0,0,202,382,52,2128,37,1122,45,37
"993","2020-04-13",122,12,179,367,2549,0.351118085523735,0,0,202,382,64,2192,44,1166,60,44
"994","2020-04-14",117,12,178,360,2549,0.351118085523735,0,0,202,382,46,2238,44,1210,36,44
"995","2020-04-15",108,12,177,342,2549,0.351118085523735,0,0,202,382,44,2282,32,1242,40,32
"996","2020-04-16",100,12,160,326,2549,0.351118085523735,0,0,202,382,51,2333,29,1271,45,29
"997","2020-04-17",98,12,150,316,2549,0.351118085523735,0,0,202,382,46,2379,23,1294,41,23
"998","2020-04-18",95,12,139,303,2549,0.351118085523735,0,0,202,382,50,2429,12,1306,48,12
"999","2020-04-19",98,12,140,281,2549,0.351118085523735,0,0,202,382,52,2481,14,1320,44,14
"1000","2020-04-20",93,12,125,264,2549,0.351118085523735,0,0,202,382,35,2516,30,1350,31,30
"1001","2020-04-21",97,12,120,261,2549,0.351118085523735,0,0,202,382,52,2568,17,1367,46,17
"1002","2020-04-22",97,12,115,255,2549,0.351118085523735,0,0,202,382,30,2598,24,1391,27,24
"1003","2020-04-23",90,12,114,246,2549,0.351118085523735,0,0,202,382,31,2629,19,1410,25,19
"1004","2020-04-24",92,12,109,246,2549,0.351118085523735,0,0,202,382,25,2654,29,1439,19,29
"1005","2020-04-25",92,12,108,230,2549,0.351118085523735,0,0,202,382,44,2698,20,1459,38,20
"1006","2020-04-26",86,12,106,233,2549,0.351118085523735,0,0,202,382,25,2723,11,1470,21,11
"1007","2020-04-27",80,12,104,222,2549,0.351118085523735,0,0,202,382,23,2746,14,1484,19,14
"1008","2020-04-28",72,12,98,221,2549,0.351118085523735,0,0,202,382,20,2766,14,1498,16,14
"1009","2020-04-29",73,12,88,213,2549,0.351118085523735,0,0,202,382,23,2789,9,1507,20,9
"1010","2020-04-30",74,12,90,199,2549,0.351118085523735,0,0,202,382,28,2817,8,1515,19,8
"1011","2020-05-01",67,12,92,189,2549,0.351118085523735,0,0,202,382,26,2843,3,1518,26,3
"1012","2020-05-02",63,12,84,186,2549,0.351118085523735,0,0,202,382,18,2861,12,1530,13,12
"1013","2020-05-03",56,12,78,193,2549,0.351118085523735,0,0,202,382,24,2885,7,1537,23,7
"1014","2020-05-04",57,12,66,200,2549,0.351118085523735,0,0,202,382,18,2903,14,1551,18,14
"1015","2020-05-05",55,12,67,186,2549,0.351118085523735,0,0,202,382,19,2922,11,1562,17,11
"1016","2020-05-06",52,12,66,181,2549,0.351118085523735,0,0,202,382,22,2944,5,1567,12,5
"1017","2020-05-07",50,12,67,182,2549,0.351118085523735,0,0,202,382,11,2955,4,1571,8,4
"1018","2020-05-08",50,12,63,187,2549,0.351118085523735,0,0,202,382,25,2980,9,1580,21,9
"1019","2020-05-09",49,12,63,186,2549,0.351118085523735,0,0,202,382,13,2993,4,1584,12,4
"1020","2020-05-10",54,12,59,185,2549,0.351118085523735,0,0,202,382,17,3010,9,1593,14,9
"1021","2020-05-11",58,12,54,187,2549,0.351118085523735,0,0,202,382,21,3031,5,1598,15,5
"1022","2020-05-12",57,12,56,182,2549,0.351118085523735,0,0,202,382,13,3044,9,1607,10,9
"1023","2020-05-13",57,12,47,183,2549,0.351118085523735,0,0,202,382,10,3054,7,1614,6,7
"1024","2020-05-14",55,12,45,183,2549,0.351118085523735,0,0,202,382,11,3065,1,1615,9,1
"1025","2020-05-15",57,12,45,177,2549,0.351118085523735,0,0,202,382,9,3074,6,1621,5,6
"1026","2020-05-16",59,12,42,182,2549,0.351118085523735,0,0,202,382,17,3091,2,1623,14,2
"1027","2020-05-17",55,12,40,186,2549,0.351118085523735,0,0,202,382,23,3114,2,1625,16,2
"1028","2020-05-18",52,12,34,172,2549,0.351118085523735,0,0,202,382,19,3133,3,1628,12,3
"1029","2020-05-19",56,12,36,166,2549,0.351118085523735,0,0,202,382,16,3149,3,1631,8,3
"1030","2020-05-20",53,12,37,166,2549,0.351118085523735,0,0,202,382,25,3174,1,1632,16,1
"1031","2020-05-21",50,12,40,166,2549,0.351118085523735,0,0,202,382,15,3189,1,1633,12,1
"1032","2020-05-22",48,12,44,163,2549,0.351118085523735,0,0,202,382,15,3204,1,1634,12,1
"1033","2020-05-23",46,12,44,168,2549,0.351118085523735,0,0,202,382,13,3217,NA,NA,10,NA
"1034","2020-05-24",49,12,41,175,2549,0.351118085523735,0,0,202,382,9,3226,NA,NA,5,NA
"1035","2020-05-25",40,12,42,171,2549,0.351118085523735,0,0,202,382,18,3244,2,1636,12,2
"1036","2020-05-26",38,12,39,166,2549,0.351118085523735,0,0,202,382,9,3253,NA,NA,7,NA
"1037","2020-05-27",36,12,36,164,2549,0.351118085523735,0,0,202,382,13,3266,NA,NA,5,NA
"1038","2020-05-28",36,12,35,164,2549,0.351118085523735,0,0,202,382,11,3277,NA,NA,9,NA
"1039","2020-05-29",39,12,38,161,2549,0.351118085523735,0,0,202,382,8,3285,NA,NA,7,NA
"1040","2020-05-30",37,12,40,151,2549,0.351118085523735,0,0,202,382,18,3303,NA,NA,11,NA
"1041","2020-05-31",32,12,42,143,2549,0.351118085523735,0,0,202,382,11,3314,NA,NA,9,NA
"1042","2020-06-01",39,12,42,140,2549,0.351118085523735,0,0,202,382,6,3320,NA,NA,4,NA
"1043","2020-06-02",40,12,41,141,2549,0.351118085523735,0,0,202,382,8,3328,NA,NA,5,NA
"1044","2020-06-03",43,12,37,134,2549,0.351118085523735,0,0,202,382,15,3343,NA,NA,12,NA
"1045","2020-06-04",43,12,38,132,2549,0.351118085523735,0,0,202,382,15,3358,NA,NA,7,NA
"1046","2020-06-05",42,12,40,143,2549,0.351118085523735,0,0,202,382,7,3365,NA,NA,2,NA
"1047","2020-06-06",44,12,36,136,2549,0.351118085523735,0,0,202,382,12,3377,NA,NA,4,NA
"1048","2020-06-07",45,12,37,141,2549,0.351118085523735,0,0,202,382,7,3384,NA,NA,6,NA
"1049","2020-03-13",1,13,119,28,1357,0.632277081798084,0,0,116,426,40,105,42,101,1,42
"1050","2020-03-14",2,13,122,49,1357,0.632277081798084,0,0,116,426,33,138,40,141,6,40
"1051","2020-03-15",3,13,136,63,1357,0.632277081798084,0,0,116,426,47,185,52,193,13,52
"1052","2020-03-16",6,13,127,90,1357,0.632277081798084,0,0,116,426,39,224,40,233,13,40
"1053","2020-03-17",7,13,130,105,1357,0.632277081798084,0,0,116,426,43,267,22,255,11,22
"1054","2020-03-18",12,13,178,125,1357,0.632277081798084,0,0,116,426,40,307,29,284,10,29
"1055","2020-03-19",18,13,197,149,1357,0.632277081798084,0,0,116,426,37,344,30,314,13,30
"1056","2020-03-20",26,13,216,161,1357,0.632277081798084,0,0,116,426,38,382,22,336,16,22
"1057","2020-03-21",30,13,205,172,1357,0.632277081798084,0,0,116,426,26,408,19,355,8,19
"1058","2020-03-22",37,13,206,188,1357,0.632277081798084,0,0,116,426,29,437,11,366,15,11
"1059","2020-03-23",40,13,218,197,1357,0.632277081798084,0,0,116,426,40,477,9,375,13,9
"1060","2020-03-24",46,13,209,200,1357,0.632277081798084,0,0,116,426,35,512,7,382,17,7
"1061","2020-03-25",48,13,201,211,1357,0.632277081798084,0,0,116,426,38,550,27,409,17,27
"1062","2020-03-26",58,13,202,206,1357,0.632277081798084,0,0,116,426,32,582,30,439,11,30
"1063","2020-03-27",58,13,233,208,1357,0.632277081798084,0,0,116,426,43,625,18,457,18,18
"1064","2020-03-28",66,13,223,194,1357,0.632277081798084,0,0,116,426,41,666,26,483,19,26
"1065","2020-03-29",62,13,214,193,1357,0.632277081798084,0,0,116,426,42,708,32,515,19,32
"1066","2020-03-30",61,13,230,196,1357,0.632277081798084,0,0,116,426,26,734,18,533,12,18
"1067","2020-03-31",60,13,220,196,1357,0.632277081798084,0,0,116,426,30,764,39,572,17,39
"1068","2020-04-01",61,13,212,191,1357,0.632277081798084,0,0,116,426,26,790,46,618,10,46
"1069","2020-04-02",52,13,230,186,1357,0.632277081798084,0,0,116,426,28,818,28,646,8,28
"1070","2020-04-03",54,13,218,177,1357,0.632277081798084,0,0,116,426,24,842,10,656,14,10
"1071","2020-04-04",49,13,210,168,1357,0.632277081798084,0,0,116,426,28,870,27,683,14,27
"1072","2020-04-05",52,13,205,165,1357,0.632277081798084,0,0,116,426,22,892,17,700,8,17
"1073","2020-04-06",55,13,206,156,1357,0.632277081798084,0,0,116,426,31,923,17,717,7,17
"1074","2020-04-07",54,13,187,155,1357,0.632277081798084,0,0,116,426,28,951,11,728,10,11
"1075","2020-04-08",52,13,170,154,1357,0.632277081798084,0,0,116,426,21,972,7,735,11,7
"1076","2020-04-09",48,13,176,159,1357,0.632277081798084,0,0,116,426,21,993,14,749,9,14
"1077","2020-04-10",43,13,186,158,1357,0.632277081798084,0,0,116,426,26,1019,23,772,16,23
"1078","2020-04-11",41,13,186,155,1357,0.632277081798084,0,0,116,426,33,1052,15,787,18,15
"1079","2020-04-12",37,13,187,150,1357,0.632277081798084,0,0,116,426,25,1077,8,795,18,8
"1080","2020-04-13",37,13,181,151,1357,0.632277081798084,0,0,116,426,20,1097,4,799,10,4
"1081","2020-04-14",37,13,178,149,1357,0.632277081798084,0,0,116,426,26,1123,5,804,14,5
"1082","2020-04-15",37,13,183,147,1357,0.632277081798084,0,0,116,426,18,1141,6,810,8,6
"1083","2020-04-16",44,13,187,157,1357,0.632277081798084,0,0,116,426,25,1166,7,817,11,7
"1084","2020-04-17",45,13,159,165,1357,0.632277081798084,0,0,116,426,24,1190,5,822,12,5
"1085","2020-04-18",48,13,161,155,1357,0.632277081798084,0,0,116,426,30,1220,6,828,13,6
"1086","2020-04-19",50,13,159,148,1357,0.632277081798084,0,0,116,426,26,1246,5,833,15,5
"1087","2020-04-20",50,13,151,139,1357,0.632277081798084,0,0,116,426,24,1270,10,843,15,10
"1088","2020-04-21",48,13,135,129,1357,0.632277081798084,0,0,116,426,29,1299,6,849,14,6
"1089","2020-04-22",50,13,141,132,1357,0.632277081798084,0,0,116,426,28,1327,14,863,17,14
"1090","2020-04-23",44,13,148,135,1357,0.632277081798084,0,0,116,426,32,1359,10,873,22,10
"1091","2020-04-24",40,13,144,136,1357,0.632277081798084,0,0,116,426,23,1382,15,888,15,15
"1092","2020-04-25",35,13,146,138,1357,0.632277081798084,0,0,116,426,24,1406,3,891,16,3
"1093","2020-04-26",39,13,146,139,1357,0.632277081798084,0,0,116,426,25,1431,2,893,18,2
"1094","2020-04-27",36,13,150,142,1357,0.632277081798084,0,0,116,426,23,1454,7,900,17,7
"1095","2020-04-28",44,13,147,133,1357,0.632277081798084,0,0,116,426,28,1482,9,909,18,9
"1096","2020-04-29",45,13,135,138,1357,0.632277081798084,0,0,116,426,20,1502,7,916,14,7
"1097","2020-04-30",44,13,130,130,1357,0.632277081798084,0,0,116,426,21,1523,7,923,16,7
"1098","2020-05-01",45,13,119,135,1357,0.632277081798084,0,0,116,426,25,1548,9,932,16,9
"1099","2020-05-02",49,13,115,133,1357,0.632277081798084,0,0,116,426,32,1580,7,939,20,7
"1100","2020-05-03",48,13,104,128,1357,0.632277081798084,0,0,116,426,33,1613,7,946,24,7
"1101","2020-05-04",47,13,110,139,1357,0.632277081798084,0,0,116,426,14,1627,3,949,9,3
"1102","2020-05-05",39,13,97,139,1357,0.632277081798084,0,0,116,426,28,1655,8,957,21,8
"1103","2020-05-06",36,13,106,139,1357,0.632277081798084,0,0,116,426,20,1675,2,959,12,2
"1104","2020-05-07",39,13,102,138,1357,0.632277081798084,0,0,116,426,22,1697,4,963,15,4
"1105","2020-05-08",42,13,106,138,1357,0.632277081798084,0,0,116,426,23,1720,2,965,17,2
"1106","2020-05-09",40,13,89,140,1357,0.632277081798084,0,0,116,426,17,1737,6,971,11,6
"1107","2020-05-10",37,13,87,132,1357,0.632277081798084,0,0,116,426,24,1761,2,973,15,2
"1108","2020-05-11",42,13,89,141,1357,0.632277081798084,0,0,116,426,17,1778,5,978,12,5
"1109","2020-05-12",42,13,79,140,1357,0.632277081798084,0,0,116,426,26,1804,3,981,17,3
"1110","2020-05-13",42,13,80,146,1357,0.632277081798084,0,0,116,426,23,1827,7,988,18,7
"1111","2020-05-14",45,13,81,151,1357,0.632277081798084,0,0,116,426,17,1844,6,994,12,6
"1112","2020-05-15",40,13,79,156,1357,0.632277081798084,0,0,116,426,19,1863,3,997,11,3
"1113","2020-05-16",37,13,68,156,1357,0.632277081798084,0,0,116,426,25,1888,7,1004,20,7
"1114","2020-05-17",44,13,73,156,1357,0.632277081798084,0,0,116,426,19,1907,5,1009,9,5
"1115","2020-05-18",43,13,69,153,1357,0.632277081798084,0,0,116,426,24,1931,NA,NA,14,NA
"1116","2020-05-19",43,13,66,154,1357,0.632277081798084,0,0,116,426,19,1950,4,1013,10,4
"1117","2020-05-20",43,13,71,159,1357,0.632277081798084,0,0,116,426,20,1970,4,1017,11,4
"1118","2020-05-21",39,13,85,151,1357,0.632277081798084,0,0,116,426,23,1993,4,1021,15,4
"1119","2020-05-22",45,13,100,154,1357,0.632277081798084,0,0,116,426,19,2012,5,1026,14,5
"1120","2020-05-23",46,13,99,147,1357,0.632277081798084,0,0,116,426,22,2034,5,1031,13,5
"1121","2020-05-24",40,13,106,152,1357,0.632277081798084,0,0,116,426,12,2046,1,1032,10,1
"1122","2020-05-25",36,13,90,159,1357,0.632277081798084,0,0,116,426,22,2068,5,1037,16,5
"1123","2020-05-26",36,13,85,160,1357,0.632277081798084,0,0,116,426,19,2087,5,1042,13,5
"1124","2020-05-27",37,13,91,158,1357,0.632277081798084,0,0,116,426,20,2107,3,1045,16,3
"1125","2020-05-28",39,13,100,166,1357,0.632277081798084,0,0,116,426,18,2125,3,1048,9,3
"1126","2020-05-29",39,13,107,166,1357,0.632277081798084,0,0,116,426,17,2142,5,1053,12,5
"1127","2020-05-30",41,13,93,179,1357,0.632277081798084,0,0,116,426,12,2154,4,1057,6,4
"1128","2020-05-31",40,13,98,183,1357,0.632277081798084,0,0,116,426,16,2170,5,1062,11,5
"1129","2020-06-01",47,13,94,197,1357,0.632277081798084,0,0,116,426,21,2191,5,1067,12,5
"1130","2020-06-02",53,13,90,205,1357,0.632277081798084,0,0,116,426,9,2200,6,1073,7,6
"1131","2020-06-03",57,13,93,205,1357,0.632277081798084,0,0,116,426,14,2214,7,1080,11,7
"1132","2020-06-04",58,13,94,202,1357,0.632277081798084,0,0,116,426,18,2232,4,1084,13,4
"1133","2020-06-05",54,13,91,212,1357,0.632277081798084,0,0,116,426,24,2256,7,1091,16,7
"1134","2020-06-06",55,13,89,215,1357,0.632277081798084,0,0,116,426,17,2273,4,1095,10,4
"1135","2020-06-07",59,13,87,207,1357,0.632277081798084,0,0,116,426,16,2289,5,1100,12,5
"1136","2020-03-13",2,14,154,94,5703,0.926529896545678,0,0,503,661,67,161,24,101,45,24
"1137","2020-03-14",7,14,187,145,5703,0.926529896545678,0,0,503,661,90,251,8,109,73,8
"1138","2020-03-15",11,14,235,207,5703,0.926529896545678,0,0,503,661,87,338,6,115,69,6
"1139","2020-03-16",19,14,250,275,5703,0.926529896545678,0,0,503,661,112,450,9,124,93,9
"1140","2020-03-17",31,14,258,356,5703,0.926529896545678,0,0,503,661,127,577,65,189,106,65
"1141","2020-03-18",43,14,266,446,5703,0.926529896545678,0,0,503,661,200,777,32,221,171,32
"1142","2020-03-19",61,14,278,553,5703,0.926529896545678,0,0,503,661,267,1044,55,276,243,55
"1143","2020-03-20",77,14,270,646,5703,0.926529896545678,0,0,503,661,293,1337,41,317,274,41
"1144","2020-03-21",92,14,245,749,5703,0.926529896545678,0,0,503,661,457,1794,38,355,437,38
"1145","2020-03-22",122,14,243,885,5703,0.926529896545678,0,0,503,661,435,2229,50,405,423,50
"1146","2020-03-23",153,14,268,994,5703,0.926529896545678,0,0,503,661,585,2814,24,429,579,24
"1147","2020-03-24",176,14,250,1154,5703,0.926529896545678,0,0,503,661,516,3330,19,448,501,19
"1148","2020-03-25",201,14,259,1282,5703,0.926529896545678,0,0,503,661,619,3949,10,458,605,10
"1149","2020-03-26",240,14,236,1398,5703,0.926529896545678,0,0,503,661,456,4405,6,464,448,6
"1150","2020-03-27",270,14,205,1493,5703,0.926529896545678,0,0,503,661,572,4977,39,503,564,39
"1151","2020-03-28",324,14,184,1668,5703,0.926529896545678,0,0,503,661,486,5463,20,523,475,20
"1152","2020-03-29",360,14,167,1758,5703,0.926529896545678,0,0,503,661,365,5828,13,536,359,13
"1153","2020-03-30",386,14,174,1836,5703,0.926529896545678,0,0,503,661,399,6227,12,548,396,12
"1154","2020-03-31",424,14,175,1898,5703,0.926529896545678,0,0,503,661,240,6467,9,557,238,9
"1155","2020-04-01",479,14,194,1955,5703,0.926529896545678,0,0,503,661,243,6710,10,567,242,10
"1156","2020-04-02",501,14,228,1986,5703,0.926529896545678,0,0,503,661,225,6935,16,583,224,16
"1157","2020-04-03",539,14,221,2014,5703,0.926529896545678,0,0,503,661,148,7083,58,641,146,58
"1158","2020-04-04",545,14,234,1974,5703,0.926529896545678,0,0,503,661,105,7188,41,682,105,41
"1159","2020-04-05",559,14,226,1994,5703,0.926529896545678,0,0,503,661,84,7272,34,716,80,34
"1160","2020-04-06",573,14,221,1960,5703,0.926529896545678,0,0,503,661,67,7339,40,756,67,40
"1161","2020-04-07",585,14,203,1899,5703,0.926529896545678,0,0,503,661,58,7397,28,784,57,28
"1162","2020-04-08",553,14,182,1822,5703,0.926529896545678,0,0,503,661,36,7433,16,800,36,16
"1163","2020-04-09",543,14,151,1757,5703,0.926529896545678,0,0,503,661,42,7475,36,836,40,36
"1164","2020-04-10",533,14,144,1713,5703,0.926529896545678,0,0,503,661,27,7502,35,871,26,35
"1165","2020-04-11",536,14,123,1658,5703,0.926529896545678,0,0,503,661,26,7528,16,887,25,16
"1166","2020-04-12",511,14,128,1585,5703,0.926529896545678,0,0,503,661,14,7542,14,901,14,14
"1167","2020-04-13",490,14,114,1532,5703,0.926529896545678,0,0,503,661,15,7557,20,921,13,20
"1168","2020-04-14",453,14,111,1449,5703,0.926529896545678,0,0,503,661,5,7562,22,943,5,22
"1169","2020-04-15",463,14,122,1374,5703,0.926529896545678,0,0,503,661,7,7569,31,974,7,31
"1170","2020-04-16",455,14,129,1273,5703,0.926529896545678,0,0,503,661,8,7577,24,998,5,24
"1171","2020-04-17",429,14,130,1192,5703,0.926529896545678,0,0,503,661,7,7584,32,1030,7,32
"1172","2020-04-18",388,14,151,1115,5703,0.926529896545678,0,0,503,661,1,7585,16,1046,1,16
"1173","2020-04-19",367,14,150,1023,5703,0.926529896545678,0,0,503,661,4,7589,14,1060,4,14
"1174","2020-04-20",359,14,159,960,5703,0.926529896545678,0,0,503,661,3,7592,22,1082,2,22
"1175","2020-04-21",348,14,152,890,5703,0.926529896545678,0,0,503,661,1,7593,17,1099,NA,17
"1176","2020-04-22",310,14,151,796,5703,0.926529896545678,0,0,503,661,3,7596,6,1105,3,6
"1177","2020-04-23",291,14,147,720,5703,0.926529896545678,0,0,503,661,1,7597,15,1120,1,15
"1178","2020-04-24",267,14,137,667,5703,0.926529896545678,0,0,503,661,NA,NA,19,1139,NA,19
"1179","2020-04-25",255,14,134,593,5703,0.926529896545678,0,0,503,661,2,7599,15,1154,1,15
"1180","2020-04-26",243,14,128,556,5703,0.926529896545678,0,0,503,661,1,7600,7,1161,NA,7
"1181","2020-04-27",219,14,114,513,5703,0.926529896545678,0,0,503,661,2,7602,6,1167,2,6
"1182","2020-04-28",202,14,106,475,5703,0.926529896545678,0,0,503,661,1,7603,9,1176,NA,9
"1183","2020-04-29",186,14,103,432,5703,0.926529896545678,0,0,503,661,NA,NA,19,1195,NA,19
"1184","2020-04-30",160,14,88,407,5703,0.926529896545678,0,0,503,661,1,7604,26,1221,1,26
"1185","2020-05-01",156,14,82,364,5703,0.926529896545678,0,0,503,661,1,7605,20,1241,1,20
"1186","2020-05-02",138,14,79,322,5703,0.926529896545678,0,0,503,661,4,7609,13,1254,1,13
"1187","2020-05-03",124,14,90,292,5703,0.926529896545678,0,0,503,661,1,7610,5,1259,NA,5
"1188","2020-05-04",110,14,92,253,5703,0.926529896545678,0,0,503,661,1,7611,9,1268,NA,9
"1189","2020-05-05",99,14,86,221,5703,0.926529896545678,0,0,503,661,1,7612,10,1278,NA,10
"1190","2020-05-06",98,14,81,201,5703,0.926529896545678,0,0,503,661,NA,NA,8,1286,NA,8
"1191","2020-05-07",92,14,82,184,5703,0.926529896545678,0,0,503,661,NA,NA,5,1291,NA,5
"1192","2020-05-08",76,14,77,168,5703,0.926529896545678,0,0,503,661,NA,NA,2,1293,NA,2
"1193","2020-05-09",68,14,68,149,5703,0.926529896545678,0,0,503,661,1,7613,4,1297,1,4
"1194","2020-05-10",61,14,65,128,5703,0.926529896545678,0,0,503,661,NA,NA,5,1302,NA,5
"1195","2020-05-11",53,14,64,119,5703,0.926529896545678,0,0,503,661,1,7614,3,1305,1,3
"1196","2020-05-12",48,14,59,112,5703,0.926529896545678,0,0,503,661,1,7615,2,1307,NA,2
"1197","2020-05-13",36,14,49,105,5703,0.926529896545678,0,0,503,661,1,7616,4,1311,1,4
"1198","2020-05-14",31,14,49,93,5703,0.926529896545678,0,0,503,661,NA,NA,3,1314,NA,3
"1199","2020-05-15",27,14,48,83,5703,0.926529896545678,0,0,503,661,NA,NA,2,1316,NA,2
"1200","2020-05-16",29,14,44,84,5703,0.926529896545678,0,0,503,661,2,7618,1,1317,NA,1
"1201","2020-05-17",30,14,46,85,5703,0.926529896545678,0,0,503,661,1,7619,3,1320,NA,3
"1202","2020-05-18",28,14,43,83,5703,0.926529896545678,0,0,503,661,NA,NA,2,1322,NA,2
"1203","2020-05-19",27,14,41,78,5703,0.926529896545678,0,0,503,661,NA,NA,3,1325,NA,3
"1204","2020-05-20",29,14,39,75,5703,0.926529896545678,0,0,503,661,1,7620,2,1327,1,2
"1205","2020-05-21",30,14,38,73,5703,0.926529896545678,0,0,503,661,NA,NA,3,1330,NA,3
"1206","2020-05-22",32,14,36,69,5703,0.926529896545678,0,0,503,661,NA,NA,1,1331,NA,1
"1207","2020-05-23",28,14,35,63,5703,0.926529896545678,0,0,503,661,NA,NA,1,1332,NA,1
"1208","2020-05-24",24,14,30,58,5703,0.926529896545678,0,0,503,661,NA,NA,NA,NA,NA,NA
"1209","2020-05-25",24,14,31,62,5703,0.926529896545678,0,0,503,661,NA,NA,NA,NA,NA,NA
"1210","2020-05-26",23,14,26,57,5703,0.926529896545678,0,0,503,661,1,7621,2,1334,NA,2
"1211","2020-05-27",20,14,24,58,5703,0.926529896545678,0,0,503,661,1,7622,NA,NA,1,NA
"1212","2020-05-28",15,14,24,52,5703,0.926529896545678,0,0,503,661,1,7623,2,1336,NA,2
"1213","2020-05-29",14,14,25,48,5703,0.926529896545678,0,0,503,661,1,7624,1,1337,NA,1
"1214","2020-05-30",14,14,26,50,5703,0.926529896545678,0,0,503,661,NA,NA,NA,NA,NA,NA
"1215","2020-05-31",12,14,27,48,5703,0.926529896545678,0,0,503,661,NA,NA,NA,NA,NA,NA
"1216","2020-06-01",13,14,27,45,5703,0.926529896545678,0,0,503,661,NA,NA,NA,NA,NA,NA
"1217","2020-06-02",12,14,27,41,5703,0.926529896545678,0,0,503,661,NA,NA,NA,NA,NA,NA
"1218","2020-06-03",11,14,26,37,5703,0.926529896545678,0,0,503,661,NA,NA,NA,NA,NA,NA
"1219","2020-06-04",11,14,28,39,5703,0.926529896545678,0,0,503,661,1,7625,NA,NA,NA,NA
"1220","2020-06-05",8,14,27,37,5703,0.926529896545678,0,0,503,661,NA,NA,NA,NA,NA,NA
"1221","2020-06-06",7,14,25,38,5703,0.926529896545678,0,0,503,661,NA,NA,NA,NA,NA,NA
"1222","2020-06-07",10,14,26,38,5703,0.926529896545678,0,0,503,661,NA,NA,NA,NA,NA,NA
"1223","2020-03-12",2,15,294,186,8449,0.874423008640076,0,0,811,999,56,130,19,64,2,19
"1224","2020-03-13",9,15,296,322,8449,0.874423008640076,0,0,811,999,59,189,15,79,4,15
"1225","2020-03-14",25,15,265,504,8449,0.874423008640076,0,0,811,999,64,253,42,121,12,42
"1226","2020-03-15",44,15,249,729,8449,0.874423008640076,0,0,811,999,75,328,51,172,16,51
"1227","2020-03-16",61,15,243,1006,8449,0.874423008640076,0,0,811,999,71,399,29,201,11,29
"1228","2020-03-17",92,15,220,1322,8449,0.874423008640076,0,0,811,999,68,467,42,243,16,42
"1229","2020-03-18",144,15,213,1807,8449,0.874423008640076,0,0,811,999,66,533,58,301,25,58
"1230","2020-03-19",213,15,293,2231,8449,0.874423008640076,0,0,811,999,75,608,33,334,19,33
"1231","2020-03-20",284,15,291,2754,8449,0.874423008640076,0,0,811,999,58,666,42,376,18,42
"1232","2020-03-21",366,15,253,3429,8449,0.874423008640076,0,0,811,999,58,724,20,396,11,20
"1233","2020-03-22",471,15,276,3974,8449,0.874423008640076,0,0,811,999,61,785,44,440,16,44
"1234","2020-03-23",594,15,260,4402,8449,0.874423008640076,0,0,811,999,61,846,21,461,23,21
"1235","2020-03-24",748,15,236,4871,8449,0.874423008640076,0,0,811,999,55,901,13,474,23,13
"1236","2020-03-25",922,15,232,5199,8449,0.874423008640076,0,0,811,999,62,963,31,505,17,31
"1237","2020-03-26",1044,15,219,5490,8449,0.874423008640076,0,0,811,999,60,1023,42,547,29,42
"1238","2020-03-27",1214,15,190,5482,8449,0.874423008640076,0,0,811,999,49,1072,30,577,19,30
"1239","2020-03-28",1333,15,194,5336,8449,0.874423008640076,0,0,811,999,57,1129,47,624,22,47
"1240","2020-03-29",1441,15,207,5085,8449,0.874423008640076,0,0,811,999,46,1175,33,657,13,33
"1241","2020-03-30",1520,15,195,4800,8449,0.874423008640076,0,0,811,999,62,1237,28,685,29,28
"1242","2020-03-31",1530,15,258,4427,8449,0.874423008640076,0,0,811,999,54,1291,34,719,18,34
"1243","2020-04-01",1503,15,302,3982,8449,0.874423008640076,0,0,811,999,41,1332,23,742,13,23
"1244","2020-04-02",1483,15,330,3489,8449,0.874423008640076,0,0,811,999,49,1381,33,775,27,33
"1245","2020-04-03",1383,15,338,3034,8449,0.874423008640076,0,0,811,999,59,1440,51,826,27,51
"1246","2020-04-04",1303,15,295,2567,8449,0.874423008640076,0,0,811,999,50,1490,39,865,16,39
"1247","2020-04-05",1177,15,260,2155,8449,0.874423008640076,0,0,811,999,41,1531,24,889,13,24
"1248","2020-04-06",1019,15,249,1750,8449,0.874423008640076,0,0,811,999,40,1571,33,922,21,33
"1249","2020-04-07",879,15,223,1412,8449,0.874423008640076,0,0,811,999,37,1608,11,933,18,11
"1250","2020-04-08",723,15,184,1122,8449,0.874423008640076,0,0,811,999,51,1659,28,961,23,28
"1251","2020-04-09",598,15,170,850,8449,0.874423008640076,0,0,811,999,40,1699,25,986,17,25
"1252","2020-04-10",481,15,175,670,8449,0.874423008640076,0,0,811,999,22,1721,13,999,12,13
"1253","2020-04-11",359,15,169,540,8449,0.874423008640076,0,0,811,999,32,1753,12,1011,15,12
"1254","2020-04-12",272,15,133,413,8449,0.874423008640076,0,0,811,999,37,1790,7,1018,16,7
"1255","2020-04-13",219,15,125,318,8449,0.874423008640076,0,0,811,999,39,1829,12,1030,12,12
"1256","2020-04-14",177,15,127,243,8449,0.874423008640076,0,0,811,999,30,1859,12,1042,15,12
"1257","2020-04-15",143,15,162,187,8449,0.874423008640076,0,0,811,999,24,1883,7,1049,12,7
"1258","2020-04-16",99,15,198,126,8449,0.874423008640076,0,0,811,999,26,1909,2,1051,11,2
"1259","2020-04-17",71,15,225,98,8449,0.874423008640076,0,0,811,999,21,1930,4,1055,10,4
"1260","2020-04-18",61,15,214,79,8449,0.874423008640076,0,0,811,999,30,1960,2,1057,20,2
"1261","2020-04-19",46,15,181,62,8449,0.874423008640076,0,0,811,999,24,1984,10,1067,14,10
"1262","2020-04-20",40,15,164,48,8449,0.874423008640076,0,0,811,999,29,2013,11,1078,19,11
"1263","2020-04-21",29,15,153,39,8449,0.874423008640076,0,0,811,999,34,2047,6,1084,15,6
"1264","2020-04-22",21,15,149,36,8449,0.874423008640076,0,0,811,999,19,2066,5,1089,11,5
"1265","2020-04-23",18,15,143,30,8449,0.874423008640076,0,0,811,999,31,2097,15,1104,17,15
"1266","2020-04-24",16,15,129,28,8449,0.874423008640076,0,0,811,999,27,2124,13,1117,16,13
"1267","2020-04-25",13,15,122,22,8449,0.874423008640076,0,0,811,999,19,2143,13,1130,9,13
"1268","2020-04-26",11,15,114,19,8449,0.874423008640076,0,0,811,999,19,2162,9,1139,8,9
"1269","2020-04-27",9,15,115,16,8449,0.874423008640076,0,0,811,999,18,2180,14,1153,8,14
"1270","2020-04-28",7,15,125,10,8449,0.874423008640076,0,0,811,999,34,2214,14,1167,14,14
"1271","2020-04-29",7,15,143,12,8449,0.874423008640076,0,0,811,999,16,2230,5,1172,6,5
"1272","2020-04-30",6,15,119,10,8449,0.874423008640076,0,0,811,999,18,2248,3,1175,3,3
"1273","2020-05-01",5,15,151,10,8449,0.874423008640076,0,0,811,999,27,2275,7,1182,12,7
"1274","2020-05-02",3,15,159,9,8449,0.874423008640076,0,0,811,999,21,2296,7,1189,14,7
"1275","2020-05-03",2,15,151,11,8449,0.874423008640076,0,0,811,999,16,2312,6,1195,8,6
"1276","2020-05-04",3,15,131,12,8449,0.874423008640076,0,0,811,999,24,2336,5,1200,9,5
"1277","2020-05-05",3,15,125,10,8449,0.874423008640076,0,0,811,999,11,2347,2,1202,4,2
"1278","2020-05-06",2,15,125,9,8449,0.874423008640076,0,0,811,999,21,2368,6,1208,11,6
"1279","2020-05-07",3,15,123,9,8449,0.874423008640076,0,0,811,999,22,2390,3,1211,8,3
"1280","2020-05-08",3,15,116,9,8449,0.874423008640076,0,0,811,999,11,2401,1,1212,4,1
"1281","2020-05-09",3,15,115,7,8449,0.874423008640076,0,0,811,999,16,2417,3,1215,4,3
"1282","2020-05-10",2,15,104,6,8449,0.874423008640076,0,0,811,999,23,2440,6,1221,8,6
"1283","2020-05-11",2,15,81,6,8449,0.874423008640076,0,0,811,999,13,2453,1,1222,NA,1
"1284","2020-05-12",2,15,65,5,8449,0.874423008640076,0,0,811,999,16,2469,3,1225,4,3
"1285","2020-05-13",2,15,55,5,8449,0.874423008640076,0,0,811,999,17,2486,1,1226,7,1
"1286","2020-05-14",1,15,50,5,8449,0.874423008640076,0,0,811,999,18,2504,1,1227,11,1
"1287","2020-05-15",2,15,43,5,8449,0.874423008640076,0,0,811,999,17,2521,4,1231,7,4
"1288","2020-05-16",3,15,36,6,8449,0.874423008640076,0,0,811,999,21,2542,3,1234,8,3
"1289","2020-05-17",3,15,30,5,8449,0.874423008640076,0,0,811,999,18,2560,2,1236,8,2
"1290","2020-05-18",2,15,27,5,8449,0.874423008640076,0,0,811,999,21,2581,1,1237,6,1
"1291","2020-05-19",2,15,31,7,8449,0.874423008640076,0,0,811,999,20,2601,2,1239,7,2
"1292","2020-05-20",2,15,30,7,8449,0.874423008640076,0,0,811,999,14,2615,NA,NA,4,NA
"1293","2020-05-21",2,15,34,7,8449,0.874423008640076,0,0,811,999,17,2632,1,1240,5,1
"1294","2020-05-22",2,15,30,7,8449,0.874423008640076,0,0,811,999,16,2648,3,1243,5,3
"1295","2020-05-23",1,15,23,8,8449,0.874423008640076,0,0,811,999,14,2662,1,1244,6,1
"1296","2020-05-24",1,15,23,9,8449,0.874423008640076,0,0,811,999,20,2682,NA,NA,14,NA
"1297","2020-05-25",2,15,20,7,8449,0.874423008640076,0,0,811,999,17,2699,NA,NA,9,NA
"1298","2020-05-26",2,15,27,6,8449,0.874423008640076,0,0,811,999,15,2714,NA,NA,7,NA
"1299","2020-05-27",2,15,28,5,8449,0.874423008640076,0,0,811,999,16,2730,1,1245,4,1
"1300","2020-05-28",2,15,25,6,8449,0.874423008640076,0,0,811,999,17,2747,NA,NA,7,NA
"1301","2020-05-29",1,15,20,6,8449,0.874423008640076,0,0,811,999,15,2762,NA,NA,8,NA
"1302","2020-05-30",1,15,17,5,8449,0.874423008640076,0,0,811,999,22,2784,NA,NA,8,NA
"1303","2020-05-31",2,15,16,5,8449,0.874423008640076,0,0,811,999,15,2799,NA,NA,7,NA
"1304","2020-06-01",1,15,14,5,8449,0.874423008640076,0,0,811,999,24,2823,NA,NA,9,NA
"1305","2020-06-02",2,15,13,5,8449,0.874423008640076,0,0,811,999,19,2842,NA,NA,6,NA
"1306","2020-06-03",2,15,13,5,8449,0.874423008640076,0,0,811,999,14,2856,2,1247,6,2
"1307","2020-06-04",2,15,13,5,8449,0.874423008640076,0,0,811,999,16,2872,1,1248,8,1
"1308","2020-06-05",2,15,12,5,8449,0.874423008640076,0,0,811,999,12,2884,1,1249,7,1
"1309","2020-06-06",2,15,12,6,8449,0.874423008640076,0,0,811,999,17,2901,NA,NA,7,NA
"1310","2020-06-07",1,15,12,5,8449,0.874423008640076,0,0,811,999,19,2920,NA,NA,7,NA
"1311","2020-03-15",4,16,314,100,2608,0.74808282208589,0,0,210,721,41,225,68,216,11,68
"1312","2020-03-16",9,16,287,133,2608,0.74808282208589,0,0,210,721,53,278,42,258,23,42
"1313","2020-03-17",14,16,250,156,2608,0.74808282208589,0,0,210,721,54,332,70,328,17,70
"1314","2020-03-18",23,16,233,184,2608,0.74808282208589,0,0,210,721,71,403,38,366,24,38
"1315","2020-03-19",29,16,212,196,2608,0.74808282208589,0,0,210,721,56,459,58,424,21,58
"1316","2020-03-20",36,16,209,214,2608,0.74808282208589,0,0,210,721,71,530,52,476,25,52
"1317","2020-03-21",43,16,204,233,2608,0.74808282208589,0,0,210,721,68,598,45,521,28,45
"1318","2020-03-22",44,16,213,253,2608,0.74808282208589,0,0,210,721,51,649,34,555,22,34
"1319","2020-03-23",53,16,226,265,2608,0.74808282208589,0,0,210,721,59,708,30,585,26,30
"1320","2020-03-24",56,16,201,285,2608,0.74808282208589,0,0,210,721,56,764,31,616,28,31
"1321","2020-03-25",57,16,191,281,2608,0.74808282208589,0,0,210,721,67,831,38,654,33,38
"1322","2020-03-26",59,16,185,291,2608,0.74808282208589,0,0,210,721,63,894,22,676,37,22
"1323","2020-03-27",63,16,198,298,2608,0.74808282208589,0,0,210,721,57,951,37,713,32,37
"1324","2020-03-28",67,16,171,321,2608,0.74808282208589,0,0,210,721,60,1011,56,769,36,56
"1325","2020-03-29",74,16,151,318,2608,0.74808282208589,0,0,210,721,56,1067,29,798,34,29
"1326","2020-03-30",80,16,157,327,2608,0.74808282208589,0,0,210,721,49,1116,32,830,32,32
"1327","2020-03-31",82,16,160,344,2608,0.74808282208589,0,0,210,721,45,1161,48,878,22,48
"1328","2020-04-01",87,16,202,350,2608,0.74808282208589,0,0,210,721,49,1210,30,908,29,30
"1329","2020-04-02",93,16,183,349,2608,0.74808282208589,0,0,210,721,47,1257,32,940,23,32
"1330","2020-04-03",102,16,166,372,2608,0.74808282208589,0,0,210,721,39,1296,60,1000,23,60
"1331","2020-04-04",100,16,172,373,2608,0.74808282208589,0,0,210,721,37,1333,61,1061,17,61
"1332","2020-04-05",102,16,206,380,2608,0.74808282208589,0,0,210,721,38,1371,39,1100,21,39
"1333","2020-04-06",94,16,202,370,2608,0.74808282208589,0,0,210,721,35,1406,35,1135,21,35
"1334","2020-04-07",99,16,190,372,2608,0.74808282208589,0,0,210,721,48,1454,61,1196,29,61
"1335","2020-04-08",104,16,215,374,2608,0.74808282208589,0,0,210,721,37,1491,60,1256,23,60
"1336","2020-04-09",108,16,205,367,2608,0.74808282208589,0,0,210,721,45,1536,45,1301,32,45
"1337","2020-04-10",101,16,178,354,2608,0.74808282208589,0,0,210,721,32,1568,43,1344,20,43
"1338","2020-04-11",108,16,179,357,2608,0.74808282208589,0,0,210,721,32,1600,40,1384,20,40
"1339","2020-04-12",113,16,161,354,2608,0.74808282208589,0,0,210,721,33,1633,33,1417,21,33
"1340","2020-04-13",111,16,170,342,2608,0.74808282208589,0,0,210,721,37,1670,19,1436,25,19
"1341","2020-04-14",115,16,182,331,2608,0.74808282208589,0,0,210,721,30,1700,34,1470,19,34
"1342","2020-04-15",105,16,189,322,2608,0.74808282208589,0,0,210,721,23,1723,30,1500,14,30
"1343","2020-04-16",94,16,188,304,2608,0.74808282208589,0,0,210,721,39,1762,33,1533,21,33
"1344","2020-04-17",94,16,163,300,2608,0.74808282208589,0,0,210,721,30,1792,30,1563,14,30
"1345","2020-04-18",91,16,147,288,2608,0.74808282208589,0,0,210,721,30,1822,33,1596,18,33
"1346","2020-04-19",81,16,161,272,2608,0.74808282208589,0,0,210,721,26,1848,18,1614,16,18
"1347","2020-04-20",78,16,149,270,2608,0.74808282208589,0,0,210,721,38,1886,18,1632,20,18
"1348","2020-04-21",71,16,147,257,2608,0.74808282208589,0,0,210,721,26,1912,19,1651,17,19
"1349","2020-04-22",68,16,150,262,2608,0.74808282208589,0,0,210,721,22,1934,31,1682,11,31
"1350","2020-04-23",75,16,151,253,2608,0.74808282208589,0,0,210,721,24,1958,18,1700,15,18
"1351","2020-04-24",72,16,155,256,2608,0.74808282208589,0,0,210,721,23,1981,46,1746,18,46
"1352","2020-04-25",71,16,143,256,2608,0.74808282208589,0,0,210,721,27,2008,47,1793,14,47
"1353","2020-04-26",71,16,142,250,2608,0.74808282208589,0,0,210,721,24,2032,42,1835,12,42
"1354","2020-04-27",70,16,144,236,2608,0.74808282208589,0,0,210,721,27,2059,28,1863,12,28
"1355","2020-04-28",66,16,129,229,2608,0.74808282208589,0,0,210,721,21,2080,25,1888,15,25
"1356","2020-04-29",70,16,120,244,2608,0.74808282208589,0,0,210,721,26,2106,31,1919,16,31
"1357","2020-04-30",63,16,117,241,2608,0.74808282208589,0,0,210,721,22,2128,28,1947,13,28
"1358","2020-05-01",63,16,107,246,2608,0.74808282208589,0,0,210,721,35,2163,31,1978,19,31
"1359","2020-05-02",66,16,95,240,2608,0.74808282208589,0,0,210,721,13,2176,45,2023,6,45
"1360","2020-05-03",63,16,95,241,2608,0.74808282208589,0,0,210,721,16,2192,42,2065,7,42
"1361","2020-05-04",67,16,83,234,2608,0.74808282208589,0,0,210,721,8,2200,36,2101,5,36
"1362","2020-05-05",67,16,88,235,2608,0.74808282208589,0,0,210,721,12,2212,14,2115,5,14
"1363","2020-05-06",66,16,88,233,2608,0.74808282208589,0,0,210,721,20,2232,34,2149,11,34
"1364","2020-05-07",69,16,83,225,2608,0.74808282208589,0,0,210,721,20,2252,27,2176,9,27
"1365","2020-05-08",64,16,85,232,2608,0.74808282208589,0,0,210,721,18,2270,26,2202,8,26
"1366","2020-05-09",63,16,79,233,2608,0.74808282208589,0,0,210,721,23,2293,19,2221,15,19
"1367","2020-05-10",72,16,81,230,2608,0.74808282208589,0,0,210,721,15,2308,18,2239,12,18
"1368","2020-05-11",70,16,78,226,2608,0.74808282208589,0,0,210,721,16,2324,28,2267,9,28
"1369","2020-05-12",71,16,78,233,2608,0.74808282208589,0,0,210,721,17,2341,29,2296,7,29
"1370","2020-05-13",73,16,67,235,2608,0.74808282208589,0,0,210,721,20,2361,21,2317,11,21
"1371","2020-05-14",72,16,57,259,2608,0.74808282208589,0,0,210,721,13,2374,12,2329,7,12
"1372","2020-05-15",81,16,44,263,2608,0.74808282208589,0,0,210,721,14,2388,17,2346,9,17
"1373","2020-05-16",81,16,38,264,2608,0.74808282208589,0,0,210,721,14,2402,11,2357,7,11
"1374","2020-05-17",75,16,34,273,2608,0.74808282208589,0,0,210,721,15,2417,11,2368,11,11
"1375","2020-05-18",73,16,27,283,2608,0.74808282208589,0,0,210,721,13,2430,13,2381,9,13
"1376","2020-05-19",74,16,27,295,2608,0.74808282208589,0,0,210,721,13,2443,15,2396,5,15
"1377","2020-05-20",79,16,29,311,2608,0.74808282208589,0,0,210,721,13,2456,14,2410,10,14
"1378","2020-05-21",81,16,34,307,2608,0.74808282208589,0,0,210,721,20,2476,5,2415,10,5
"1379","2020-05-22",78,16,37,317,2608,0.74808282208589,0,0,210,721,14,2490,12,2427,9,12
"1380","2020-05-23",78,16,38,329,2608,0.74808282208589,0,0,210,721,14,2504,3,2430,8,3
"1381","2020-05-24",86,16,38,346,2608,0.74808282208589,0,0,210,721,16,2520,8,2438,4,8
"1382","2020-05-25",94,16,39,347,2608,0.74808282208589,0,0,210,721,19,2539,13,2451,7,13
"1383","2020-05-26",100,16,41,366,2608,0.74808282208589,0,0,210,721,18,2557,3,2454,11,3
"1384","2020-05-27",95,16,42,369,2608,0.74808282208589,0,0,210,721,16,2573,4,2458,7,4
"1385","2020-05-28",99,16,44,369,2608,0.74808282208589,0,0,210,721,17,2590,11,2469,10,11
"1386","2020-05-29",103,16,44,383,2608,0.74808282208589,0,0,210,721,13,2603,7,2476,9,7
"1387","2020-05-30",105,16,50,382,2608,0.74808282208589,0,0,210,721,22,2625,7,2483,14,7
"1388","2020-05-31",98,16,47,402,2608,0.74808282208589,0,0,210,721,12,2637,7,2490,8,7
"1389","2020-06-01",102,16,42,406,2608,0.74808282208589,0,0,210,721,19,2656,7,2497,11,7
"1390","2020-06-02",106,16,46,424,2608,0.74808282208589,0,0,210,721,17,2673,14,2511,8,14
"1391","2020-06-03",104,16,46,415,2608,0.74808282208589,0,0,210,721,27,2700,11,2522,17,11
"1392","2020-06-04",101,16,47,414,2608,0.74808282208589,0,0,210,721,23,2723,14,2536,18,14
"1393","2020-06-05",105,16,43,421,2608,0.74808282208589,0,0,210,721,24,2747,12,2548,13,12
"1394","2020-06-06",108,16,42,411,2608,0.74808282208589,0,0,210,721,19,2766,8,2556,14,8
"1395","2020-06-07",115,16,42,414,2608,0.74808282208589,0,0,210,721,14,2780,10,2566,8,10
"1396","2020-03-12",1,17,222,70,2366,0.471682163989856,0,0,197,419,21,44,50,129,15,50
"1397","2020-03-13",2,17,281,103,2366,0.471682163989856,0,0,197,419,48,92,28,157,37,28
"1398","2020-03-14",2,17,289,136,2366,0.471682163989856,0,0,197,419,46,138,33,190,37,33
"1399","2020-03-15",5,17,274,176,2366,0.471682163989856,0,0,197,419,75,213,57,247,70,57
"1400","2020-03-16",13,17,293,211,2366,0.471682163989856,0,0,197,419,81,294,47,294,74,47
"1401","2020-03-17",20,17,267,250,2366,0.471682163989856,0,0,197,419,98,392,65,359,94,65
"1402","2020-03-18",34,17,233,293,2366,0.471682163989856,0,0,197,419,120,512,43,402,117,43
"1403","2020-03-19",49,17,211,311,2366,0.471682163989856,0,0,197,419,147,659,20,422,143,20
"1404","2020-03-20",66,17,177,344,2366,0.471682163989856,0,0,197,419,195,854,17,439,189,17
"1405","2020-03-21",77,17,180,363,2366,0.471682163989856,0,0,197,419,210,1064,22,461,206,22
"1406","2020-03-22",93,17,241,369,2366,0.471682163989856,0,0,197,419,261,1325,31,492,255,31
"1407","2020-03-23",106,17,258,394,2366,0.471682163989856,0,0,197,419,310,1635,19,511,307,19
"1408","2020-03-24",114,17,258,406,2366,0.471682163989856,0,0,197,419,288,1923,58,569,283,58
"1409","2020-03-25",114,17,290,403,2366,0.471682163989856,0,0,197,419,325,2248,32,601,323,32
"1410","2020-03-26",110,17,301,405,2366,0.471682163989856,0,0,197,419,387,2635,49,650,383,49
"1411","2020-03-27",111,17,264,410,2366,0.471682163989856,0,0,197,419,524,3159,24,674,520,24
"1412","2020-03-28",114,17,233,416,2366,0.471682163989856,0,0,197,419,422,3581,32,706,419,32
"1413","2020-03-29",114,17,199,408,2366,0.471682163989856,0,0,197,419,404,3985,31,737,400,31
"1414","2020-03-30",103,17,175,400,2366,0.471682163989856,0,0,197,419,458,4443,23,760,455,23
"1415","2020-03-31",105,17,190,391,2366,0.471682163989856,0,0,197,419,394,4837,12,772,392,12
"1416","2020-04-01",108,17,189,401,2366,0.471682163989856,0,0,197,419,420,5257,36,808,420,36
"1417","2020-04-02",109,17,185,384,2366,0.471682163989856,0,0,197,419,281,5538,30,838,280,30
"1418","2020-04-03",103,17,226,372,2366,0.471682163989856,0,0,197,419,273,5811,11,849,270,11
"1419","2020-04-04",102,17,240,350,2366,0.471682163989856,0,0,197,419,238,6049,7,856,237,7
"1420","2020-04-05",93,17,202,340,2366,0.471682163989856,0,0,197,419,185,6234,34,890,184,34
"1421","2020-04-06",99,17,178,323,2366,0.471682163989856,0,0,197,419,193,6427,34,924,191,34
"1422","2020-04-07",95,17,174,307,2366,0.471682163989856,0,0,197,419,149,6576,13,937,149,13
"1423","2020-04-08",95,17,162,298,2366,0.471682163989856,0,0,197,419,115,6691,43,980,115,43
"1424","2020-04-09",96,17,157,288,2366,0.471682163989856,0,0,197,419,111,6802,50,1030,109,50
"1425","2020-04-10",99,17,160,285,2366,0.471682163989856,0,0,197,419,85,6887,17,1047,85,17
"1426","2020-04-11",101,17,141,277,2366,0.471682163989856,0,0,197,419,67,6954,16,1063,66,16
"1427","2020-04-12",102,17,147,276,2366,0.471682163989856,0,0,197,419,70,7024,15,1078,70,15
"1428","2020-04-13",102,17,171,269,2366,0.471682163989856,0,0,197,419,48,7072,32,1110,48,32
"1429","2020-04-14",99,17,199,254,2366,0.471682163989856,0,0,197,419,35,7107,16,1126,34,16
"1430","2020-04-15",93,17,185,240,2366,0.471682163989856,0,0,197,419,37,7144,16,1142,37,16
"1431","2020-04-16",88,17,194,247,2366,0.471682163989856,0,0,197,419,25,7169,9,1151,24,9
"1432","2020-04-17",83,17,198,245,2366,0.471682163989856,0,0,197,419,12,7181,14,1165,12,14
"1433","2020-04-18",81,17,186,244,2366,0.471682163989856,0,0,197,419,12,7193,21,1186,12,21
"1434","2020-04-19",80,17,152,241,2366,0.471682163989856,0,0,197,419,9,7202,30,1216,9,30
"1435","2020-04-20",73,17,131,227,2366,0.471682163989856,0,0,197,419,12,7214,18,1234,12,18
"1436","2020-04-21",67,17,108,225,2366,0.471682163989856,0,0,197,419,6,7220,17,1251,6,17
"1437","2020-04-22",68,17,92,231,2366,0.471682163989856,0,0,197,419,6,7226,17,1268,6,17
"1438","2020-04-23",67,17,94,227,2366,0.471682163989856,0,0,197,419,6,7232,27,1295,6,27
"1439","2020-04-24",63,17,120,215,2366,0.471682163989856,0,0,197,419,4,7236,16,1311,3,16
"1440","2020-04-25",54,17,131,207,2366,0.471682163989856,0,0,197,419,7,7243,7,1318,5,7
"1441","2020-04-26",51,17,114,208,2366,0.471682163989856,0,0,197,419,2,7245,18,1336,2,18
"1442","2020-04-27",50,17,99,207,2366,0.471682163989856,0,0,197,419,3,7248,6,1342,3,6
"1443","2020-04-28",51,17,73,216,2366,0.471682163989856,0,0,197,419,3,7251,13,1355,3,13
"1444","2020-04-29",48,17,68,217,2366,0.471682163989856,0,0,197,419,1,7252,9,1364,1,9
"1445","2020-04-30",47,17,66,224,2366,0.471682163989856,0,0,197,419,NA,NA,5,1369,NA,5
"1446","2020-05-01",53,17,71,233,2366,0.471682163989856,0,0,197,419,1,7253,12,1381,1,12
"1447","2020-05-02",53,17,66,232,2366,0.471682163989856,0,0,197,419,1,7254,4,1385,1,4
"1448","2020-05-03",59,17,58,227,2366,0.471682163989856,0,0,197,419,3,7257,13,1398,3,13
"1449","2020-05-04",58,17,53,231,2366,0.471682163989856,0,0,197,419,NA,NA,11,1409,NA,11
"1450","2020-05-05",65,17,49,225,2366,0.471682163989856,0,0,197,419,NA,NA,6,1415,NA,6
"1451","2020-05-06",64,17,47,233,2366,0.471682163989856,0,0,197,419,2,7259,9,1424,2,9
"1452","2020-05-07",65,17,50,238,2366,0.471682163989856,0,0,197,419,NA,NA,2,1426,NA,2
"1453","2020-05-08",61,17,53,238,2366,0.471682163989856,0,0,197,419,NA,NA,6,1432,NA,6
"1454","2020-05-09",76,17,59,236,2366,0.471682163989856,0,0,197,419,NA,NA,5,1437,NA,5
"1455","2020-05-10",69,17,67,234,2366,0.471682163989856,0,0,197,419,NA,NA,4,1441,NA,4
"1456","2020-05-11",69,17,68,237,2366,0.471682163989856,0,0,197,419,NA,NA,5,1446,NA,5
"1457","2020-05-12",59,17,69,246,2366,0.471682163989856,0,0,197,419,2,7261,3,1449,1,3
"1458","2020-05-13",63,17,71,253,2366,0.471682163989856,0,0,197,419,1,7262,5,1454,1,5
"1459","2020-05-14",69,17,63,261,2366,0.471682163989856,0,0,197,419,NA,NA,5,1459,NA,5
"1460","2020-05-15",68,17,59,262,2366,0.471682163989856,0,0,197,419,1,7263,2,1461,1,2
"1461","2020-05-16",59,17,55,259,2366,0.471682163989856,0,0,197,419,NA,NA,3,1464,NA,3
"1462","2020-05-17",59,17,52,269,2366,0.471682163989856,0,0,197,419,NA,NA,2,1466,NA,2
"1463","2020-05-18",61,17,48,258,2366,0.471682163989856,0,0,197,419,NA,NA,2,1468,NA,2
"1464","2020-05-19",70,17,43,260,2366,0.471682163989856,0,0,197,419,NA,NA,5,1473,NA,5
"1465","2020-05-20",71,17,45,268,2366,0.471682163989856,0,0,197,419,NA,NA,1,1474,NA,1
"1466","2020-05-21",67,17,49,257,2366,0.471682163989856,0,0,197,419,NA,NA,3,1477,NA,3
"1467","2020-05-22",68,17,45,251,2366,0.471682163989856,0,0,197,419,NA,NA,1,1478,NA,1
"1468","2020-05-23",74,17,44,259,2366,0.471682163989856,0,0,197,419,NA,NA,1,1479,NA,1
"1469","2020-05-24",75,17,38,254,2366,0.471682163989856,0,0,197,419,NA,NA,2,1481,NA,2
"1470","2020-05-25",76,17,36,258,2366,0.471682163989856,0,0,197,419,NA,NA,2,1483,NA,2
"1471","2020-05-26",75,17,28,250,2366,0.471682163989856,0,0,197,419,NA,NA,3,1486,NA,3
"1472","2020-05-27",75,17,29,256,2366,0.471682163989856,0,0,197,419,1,7264,4,1490,1,4
"1473","2020-05-28",77,17,26,256,2366,0.471682163989856,0,0,197,419,NA,NA,4,1494,NA,4
"1474","2020-05-29",74,17,21,261,2366,0.471682163989856,0,0,197,419,2,7266,1,1495,NA,1
"1475","2020-05-30",71,17,23,267,2366,0.471682163989856,0,0,197,419,NA,NA,4,1499,NA,4
"1476","2020-05-31",77,17,24,263,2366,0.471682163989856,0,0,197,419,NA,NA,NA,NA,NA,NA
"1477","2020-06-01",78,17,21,262,2366,0.471682163989856,0,0,197,419,NA,NA,NA,NA,NA,NA
"1478","2020-06-02",79,17,19,267,2366,0.471682163989856,0,0,197,419,1,7267,3,1502,NA,3
"1479","2020-06-03",73,17,18,273,2366,0.471682163989856,0,0,197,419,1,7268,NA,NA,1,NA
"1480","2020-06-04",74,17,20,269,2366,0.471682163989856,0,0,197,419,NA,NA,NA,NA,NA,NA
"1481","2020-06-05",80,17,20,266,2366,0.471682163989856,0,0,197,419,NA,NA,NA,NA,NA,NA
"1482","2020-06-06",81,17,20,264,2366,0.471682163989856,0,0,197,419,NA,NA,NA,NA,NA,NA
"1483","2020-06-07",80,17,20,250,2366,0.471682163989856,0,0,197,419,NA,NA,NA,NA,NA,NA
"1484","2020-03-13",1,18,261,64,2750,0.764727272727273,0,0,253,772,12,38,37,132,5,37
"1485","2020-03-14",2,18,319,93,2750,0.764727272727273,0,0,253,772,17,55,21,153,4,21
"1486","2020-03-15",6,18,313,124,2750,0.764727272727273,0,0,253,772,13,68,20,173,4,20
"1487","2020-03-16",7,18,277,154,2750,0.764727272727273,0,0,253,772,15,83,16,189,6,16
"1488","2020-03-17",10,18,280,180,2750,0.764727272727273,0,0,253,772,22,105,12,201,8,12
"1489","2020-03-18",16,18,248,210,2750,0.764727272727273,0,0,253,772,14,119,26,227,8,26
"1490","2020-03-19",22,18,223,234,2750,0.764727272727273,0,0,253,772,17,136,35,262,10,35
"1491","2020-03-20",28,18,200,251,2750,0.764727272727273,0,0,253,772,17,153,22,284,8,22
"1492","2020-03-21",40,18,184,281,2750,0.764727272727273,0,0,253,772,25,178,10,294,14,10
"1493","2020-03-22",52,18,166,294,2750,0.764727272727273,0,0,253,772,20,198,9,303,10,9
"1494","2020-03-23",64,18,196,322,2750,0.764727272727273,0,0,253,772,31,229,5,308,21,5
"1495","2020-03-24",74,18,186,336,2750,0.764727272727273,0,0,253,772,21,250,9,317,11,9
"1496","2020-03-25",83,18,155,338,2750,0.764727272727273,0,0,253,772,25,275,7,324,19,7
"1497","2020-03-26",87,18,127,348,2750,0.764727272727273,0,0,253,772,17,292,8,332,12,8
"1498","2020-03-27",96,18,179,359,2750,0.764727272727273,0,0,253,772,24,316,3,335,15,3
"1499","2020-03-28",97,18,204,373,2750,0.764727272727273,0,0,253,772,20,336,29,364,10,29
"1500","2020-03-29",96,18,193,379,2750,0.764727272727273,0,0,253,772,13,349,35,399,9,35
"1501","2020-03-30",106,18,190,379,2750,0.764727272727273,0,0,253,772,16,365,58,457,12,58
"1502","2020-03-31",98,18,228,394,2750,0.764727272727273,0,0,253,772,19,384,27,484,12,27
"1503","2020-04-01",101,18,250,401,2750,0.764727272727273,0,0,253,772,23,407,14,498,17,14
"1504","2020-04-02",105,18,243,410,2750,0.764727272727273,0,0,253,772,9,416,17,515,8,17
"1505","2020-04-03",110,18,220,407,2750,0.764727272727273,0,0,253,772,22,438,32,547,17,32
"1506","2020-04-04",118,18,187,411,2750,0.764727272727273,0,0,253,772,8,446,26,573,6,26
"1507","2020-04-05",120,18,175,412,2750,0.764727272727273,0,0,253,772,16,462,42,615,11,42
"1508","2020-04-06",109,18,148,435,2750,0.764727272727273,0,0,253,772,9,471,39,654,8,39
"1509","2020-04-07",122,18,127,440,2750,0.764727272727273,0,0,253,772,15,486,22,676,13,22
"1510","2020-04-08",126,18,111,440,2750,0.764727272727273,0,0,253,772,5,491,17,693,3,17
"1511","2020-04-09",136,18,105,425,2750,0.764727272727273,0,0,253,772,12,503,34,727,10,34
"1512","2020-04-10",125,18,85,424,2750,0.764727272727273,0,0,253,772,8,511,32,759,7,32
"1513","2020-04-11",117,18,75,422,2750,0.764727272727273,0,0,253,772,7,518,13,772,5,13
"1514","2020-04-12",122,18,71,443,2750,0.764727272727273,0,0,253,772,8,526,23,795,4,23
"1515","2020-04-13",125,18,65,446,2750,0.764727272727273,0,0,253,772,12,538,42,837,8,42
"1516","2020-04-14",130,18,120,441,2750,0.764727272727273,0,0,253,772,10,548,17,854,6,17
"1517","2020-04-15",124,18,126,439,2750,0.764727272727273,0,0,253,772,10,558,10,864,8,10
"1518","2020-04-16",127,18,131,436,2750,0.764727272727273,0,0,253,772,11,569,3,867,9,3
"1519","2020-04-17",131,18,144,435,2750,0.764727272727273,0,0,253,772,12,581,1,868,8,1
"1520","2020-04-18",136,18,131,420,2750,0.764727272727273,0,0,253,772,13,594,4,872,8,4
"1521","2020-04-19",124,18,122,423,2750,0.764727272727273,0,0,253,772,11,605,4,876,8,4
"1522","2020-04-20",124,18,116,414,2750,0.764727272727273,0,0,253,772,14,619,3,879,10,3
"1523","2020-04-21",119,18,132,427,2750,0.764727272727273,0,0,253,772,19,638,5,884,15,5
"1524","2020-04-22",121,18,127,418,2750,0.764727272727273,0,0,253,772,23,661,NA,NA,19,NA
"1525","2020-04-23",114,18,110,397,2750,0.764727272727273,0,0,253,772,20,681,2,886,18,2
"1526","2020-04-24",114,18,119,389,2750,0.764727272727273,0,0,253,772,20,701,7,893,17,7
"1527","2020-04-25",107,18,114,392,2750,0.764727272727273,0,0,253,772,30,731,2,895,28,2
"1528","2020-04-26",120,18,117,407,2750,0.764727272727273,0,0,253,772,21,752,7,902,20,7
"1529","2020-04-27",124,18,111,395,2750,0.764727272727273,0,0,253,772,18,770,12,914,16,12
"1530","2020-04-28",120,18,124,381,2750,0.764727272727273,0,0,253,772,35,805,9,923,29,9
"1531","2020-04-29",117,18,123,373,2750,0.764727272727273,0,0,253,772,19,824,7,930,18,7
"1532","2020-04-30",116,18,104,362,2750,0.764727272727273,0,0,253,772,32,856,8,938,30,8
"1533","2020-05-01",114,18,99,350,2750,0.764727272727273,0,0,253,772,28,884,8,946,24,8
"1534","2020-05-02",118,18,90,338,2750,0.764727272727273,0,0,253,772,19,903,7,953,16,7
"1535","2020-05-03",106,18,82,335,2750,0.764727272727273,0,0,253,772,37,940,9,962,34,9
"1536","2020-05-04",100,18,71,312,2750,0.764727272727273,0,0,253,772,33,973,10,972,30,10
"1537","2020-05-05",101,18,77,293,2750,0.764727272727273,0,0,253,772,21,994,8,980,18,8
"1538","2020-05-06",97,18,81,281,2750,0.764727272727273,0,0,253,772,34,1028,5,985,33,5
"1539","2020-05-07",87,18,79,287,2750,0.764727272727273,0,0,253,772,24,1052,10,995,20,10
"1540","2020-05-08",85,18,76,281,2750,0.764727272727273,0,0,253,772,30,1082,7,1002,28,7
"1541","2020-05-09",79,18,78,263,2750,0.764727272727273,0,0,253,772,34,1116,6,1008,31,6
"1542","2020-05-10",77,18,76,261,2750,0.764727272727273,0,0,253,772,32,1148,4,1012,31,4
"1543","2020-05-11",74,18,68,247,2750,0.764727272727273,0,0,253,772,37,1185,7,1019,37,7
"1544","2020-05-12",72,18,53,245,2750,0.764727272727273,0,0,253,772,40,1225,6,1025,38,6
"1545","2020-05-13",74,18,52,241,2750,0.764727272727273,0,0,253,772,35,1260,1,1026,33,1
"1546","2020-05-14",74,18,49,249,2750,0.764727272727273,0,0,253,772,55,1315,5,1031,52,5
"1547","2020-05-15",78,18,39,252,2750,0.764727272727273,0,0,253,772,38,1353,1,1032,38,1
"1548","2020-05-16",81,18,35,255,2750,0.764727272727273,0,0,253,772,32,1385,7,1039,31,7
"1549","2020-05-17",79,18,26,253,2750,0.764727272727273,0,0,253,772,41,1426,4,1043,39,4
"1550","2020-05-18",78,18,23,256,2750,0.764727272727273,0,0,253,772,43,1469,5,1048,42,5
"1551","2020-05-19",72,18,25,254,2750,0.764727272727273,0,0,253,772,36,1505,8,1056,34,8
"1552","2020-05-20",71,18,25,249,2750,0.764727272727273,0,0,253,772,47,1552,4,1060,45,4
"1553","2020-05-21",74,18,30,264,2750,0.764727272727273,0,0,253,772,33,1585,2,1062,32,2
"1554","2020-05-22",70,18,24,271,2750,0.764727272727273,0,0,253,772,46,1631,3,1065,44,3
"1555","2020-05-23",66,18,23,278,2750,0.764727272727273,0,0,253,772,48,1679,2,1067,48,2
"1556","2020-05-24",68,18,27,274,2750,0.764727272727273,0,0,253,772,47,1726,2,1069,46,2
"1557","2020-05-25",72,18,27,280,2750,0.764727272727273,0,0,253,772,44,1770,6,1075,43,6
"1558","2020-05-26",78,18,23,292,2750,0.764727272727273,0,0,253,772,44,1814,2,1077,41,2
"1559","2020-05-27",83,18,19,295,2750,0.764727272727273,0,0,253,772,59,1873,5,1082,55,5
"1560","2020-05-28",78,18,20,290,2750,0.764727272727273,0,0,253,772,65,1938,6,1088,64,6
"1561","2020-05-29",81,18,17,294,2750,0.764727272727273,0,0,253,772,78,2016,4,1092,78,4
"1562","2020-05-30",84,18,16,288,2750,0.764727272727273,0,0,253,772,61,2077,9,1101,58,9
"1563","2020-05-31",88,18,14,297,2750,0.764727272727273,0,0,253,772,71,2148,3,1104,68,3
"1564","2020-06-01",90,18,13,290,2750,0.764727272727273,0,0,253,772,65,2213,3,1107,64,3
"1565","2020-06-02",88,18,12,290,2750,0.764727272727273,0,0,253,772,51,2264,7,1114,51,7
"1566","2020-06-03",82,18,10,280,2750,0.764727272727273,0,0,253,772,65,2329,8,1122,64,8
"1567","2020-06-04",90,18,10,270,2750,0.764727272727273,0,0,253,772,74,2403,5,1127,70,5
"1568","2020-06-05",92,18,9,270,2750,0.764727272727273,0,0,253,772,60,2463,11,1138,57,11
"1569","2020-06-06",89,18,9,258,2750,0.764727272727273,0,0,253,772,61,2524,9,1147,60,9
"1570","2020-06-07",85,18,9,256,2750,0.764727272727273,0,0,253,772,65,2589,6,1153,64,6
"1571","2020-03-12",1,19,113,57,2046,0.402248289345064,0,0,182,438,45,91,36,118,3,36
"1572","2020-03-13",2,19,189,92,2046,0.402248289345064,0,0,182,438,42,133,85,203,7,85
"1573","2020-03-14",4,19,223,119,2046,0.402248289345064,0,0,182,438,58,191,29,232,5,29
"1574","2020-03-15",12,19,252,171,2046,0.402248289345064,0,0,182,438,45,236,21,253,8,21
"1575","2020-03-16",17,19,266,212,2046,0.402248289345064,0,0,182,438,60,296,13,266,16,13
"1576","2020-03-17",29,19,253,249,2046,0.402248289345064,0,0,182,438,35,331,11,277,13,11
"1577","2020-03-18",35,19,258,279,2046,0.402248289345064,0,0,182,438,52,383,12,289,19,12
"1578","2020-03-19",47,19,258,306,2046,0.402248289345064,0,0,182,438,51,434,94,383,20,94
"1579","2020-03-20",57,19,231,325,2046,0.402248289345064,0,0,182,438,38,472,54,437,10,54
"1580","2020-03-21",67,19,216,352,2046,0.402248289345064,0,0,182,438,43,515,37,474,13,37
"1581","2020-03-22",70,19,210,370,2046,0.402248289345064,0,0,182,438,45,560,20,494,10,20
"1582","2020-03-23",86,19,187,383,2046,0.402248289345064,0,0,182,438,48,608,15,509,12,15
"1583","2020-03-24",84,19,171,384,2046,0.402248289345064,0,0,182,438,42,650,10,519,12,10
"1584","2020-03-25",98,19,155,376,2046,0.402248289345064,0,0,182,438,42,692,9,528,19,9
"1585","2020-03-26",99,19,125,377,2046,0.402248289345064,0,0,182,438,33,725,5,533,14,5
"1586","2020-03-27",101,19,109,370,2046,0.402248289345064,0,0,182,438,45,770,14,547,26,14
"1587","2020-03-28",98,19,90,352,2046,0.402248289345064,0,0,182,438,56,826,5,552,33,5
"1588","2020-03-29",106,19,85,333,2046,0.402248289345064,0,0,182,438,54,880,8,560,29,8
"1589","2020-03-30",97,19,77,337,2046,0.402248289345064,0,0,182,438,51,931,3,563,29,3
"1590","2020-03-31",103,19,76,341,2046,0.402248289345064,0,0,182,438,49,980,8,571,30,8
"1591","2020-04-01",94,19,87,337,2046,0.402248289345064,0,0,182,438,54,1034,7,578,30,7
"1592","2020-04-02",92,19,78,332,2046,0.402248289345064,0,0,182,438,52,1086,8,586,31,8
"1593","2020-04-03",93,19,104,329,2046,0.402248289345064,0,0,182,438,62,1148,54,640,42,54
"1594","2020-04-04",96,19,124,337,2046,0.402248289345064,0,0,182,438,43,1191,68,708,26,68
"1595","2020-04-05",91,19,137,331,2046,0.402248289345064,0,0,182,438,54,1245,44,752,32,44
"1596","2020-04-06",92,19,126,325,2046,0.402248289345064,0,0,182,438,37,1282,34,786,21,34
"1597","2020-04-07",90,19,134,320,2046,0.402248289345064,0,0,182,438,50,1332,45,831,24,45
"1598","2020-04-08",95,19,127,331,2046,0.402248289345064,0,0,182,438,33,1365,50,881,17,50
"1599","2020-04-09",98,19,118,328,2046,0.402248289345064,0,0,182,438,27,1392,25,906,16,25
"1600","2020-04-10",103,19,111,318,2046,0.402248289345064,0,0,182,438,29,1421,44,950,16,44
"1601","2020-04-11",106,19,96,310,2046,0.402248289345064,0,0,182,438,37,1458,20,970,21,20
"1602","2020-04-12",100,19,88,300,2046,0.402248289345064,0,0,182,438,31,1489,49,1019,16,49
"1603","2020-04-13",99,19,68,295,2046,0.402248289345064,0,0,182,438,34,1523,23,1042,20,23
"1604","2020-04-14",101,19,57,296,2046,0.402248289345064,0,0,182,438,30,1553,46,1088,19,46
"1605","2020-04-15",97,19,59,295,2046,0.402248289345064,0,0,182,438,17,1570,37,1125,9,37
"1606","2020-04-16",96,19,66,292,2046,0.402248289345064,0,0,182,438,24,1594,41,1166,11,41
"1607","2020-04-17",95,19,66,284,2046,0.402248289345064,0,0,182,438,22,1616,36,1202,12,36
"1608","2020-04-18",89,19,62,270,2046,0.402248289345064,0,0,182,438,27,1643,15,1217,16,15
"1609","2020-04-19",96,19,55,263,2046,0.402248289345064,0,0,182,438,21,1664,12,1229,14,12
"1610","2020-04-20",92,19,58,257,2046,0.402248289345064,0,0,182,438,19,1683,10,1239,11,10
"1611","2020-04-21",87,19,71,252,2046,0.402248289345064,0,0,182,438,20,1703,4,1243,16,4
"1612","2020-04-22",88,19,67,253,2046,0.402248289345064,0,0,182,438,27,1730,16,1259,12,16
"1613","2020-04-23",85,19,69,248,2046,0.402248289345064,0,0,182,438,22,1752,16,1275,8,16
"1614","2020-04-24",75,19,76,243,2046,0.402248289345064,0,0,182,438,27,1779,24,1299,14,24
"1615","2020-04-25",72,19,69,235,2046,0.402248289345064,0,0,182,438,24,1803,29,1328,20,29
"1616","2020-04-26",67,19,69,228,2046,0.402248289345064,0,0,182,438,19,1822,11,1339,13,11
"1617","2020-04-27",71,19,62,217,2046,0.402248289345064,0,0,182,438,18,1840,9,1348,10,9
"1618","2020-04-28",68,19,61,207,2046,0.402248289345064,0,0,182,438,24,1864,26,1374,16,26
"1619","2020-04-29",63,19,62,213,2046,0.402248289345064,0,0,182,438,15,1879,7,1381,12,7
"1620","2020-04-30",61,19,59,212,2046,0.402248289345064,0,0,182,438,24,1903,6,1387,19,6
"1621","2020-05-01",63,19,56,195,2046,0.402248289345064,0,0,182,438,29,1932,4,1391,19,4
"1622","2020-05-02",64,19,61,185,2046,0.402248289345064,0,0,182,438,20,1952,8,1399,15,8
"1623","2020-05-03",63,19,59,181,2046,0.402248289345064,0,0,182,438,19,1971,5,1404,14,5
"1624","2020-05-04",59,19,51,186,2046,0.402248289345064,0,0,182,438,26,1997,11,1415,19,11
"1625","2020-05-05",57,19,42,188,2046,0.402248289345064,0,0,182,438,22,2019,2,1417,13,2
"1626","2020-05-06",58,19,35,184,2046,0.402248289345064,0,0,182,438,19,2038,4,1421,14,4
"1627","2020-05-07",51,19,35,187,2046,0.402248289345064,0,0,182,438,26,2064,2,1423,18,2
"1628","2020-05-08",51,19,29,191,2046,0.402248289345064,0,0,182,438,26,2090,8,1431,21,8
"1629","2020-05-09",51,19,32,188,2046,0.402248289345064,0,0,182,438,32,2122,9,1440,21,9
"1630","2020-05-10",50,19,35,182,2046,0.402248289345064,0,0,182,438,28,2150,6,1446,24,6
"1631","2020-05-11",48,19,28,188,2046,0.402248289345064,0,0,182,438,33,2183,3,1449,26,3
"1632","2020-05-12",44,19,29,189,2046,0.402248289345064,0,0,182,438,28,2211,3,1452,22,3
"1633","2020-05-13",44,19,33,191,2046,0.402248289345064,0,0,182,438,27,2238,5,1457,22,5
"1634","2020-05-14",49,19,30,188,2046,0.402248289345064,0,0,182,438,38,2276,3,1460,30,3
"1635","2020-05-15",42,19,26,183,2046,0.402248289345064,0,0,182,438,27,2303,2,1462,21,2
"1636","2020-05-16",42,19,25,185,2046,0.402248289345064,0,0,182,438,38,2341,5,1467,28,5
"1637","2020-05-17",40,19,28,181,2046,0.402248289345064,0,0,182,438,35,2376,4,1471,27,4
"1638","2020-05-18",44,19,21,181,2046,0.402248289345064,0,0,182,438,32,2408,6,1477,21,6
"1639","2020-05-19",48,19,26,175,2046,0.402248289345064,0,0,182,438,38,2446,3,1480,28,3
"1640","2020-05-20",48,19,31,181,2046,0.402248289345064,0,0,182,438,33,2479,NA,NA,28,NA
"1641","2020-05-21",51,19,33,179,2046,0.402248289345064,0,0,182,438,35,2514,1,1481,30,1
"1642","2020-05-22",53,19,35,166,2046,0.402248289345064,0,0,182,438,32,2546,2,1483,26,2
"1643","2020-05-23",49,19,30,169,2046,0.402248289345064,0,0,182,438,36,2582,3,1486,30,3
"1644","2020-05-24",53,19,27,169,2046,0.402248289345064,0,0,182,438,27,2609,3,1489,18,3
"1645","2020-05-25",51,19,25,173,2046,0.402248289345064,0,0,182,438,34,2643,NA,NA,30,NA
"1646","2020-05-26",54,19,27,170,2046,0.402248289345064,0,0,182,438,28,2671,NA,NA,20,NA
"1647","2020-05-27",56,19,24,171,2046,0.402248289345064,0,0,182,438,46,2717,2,1491,38,2
"1648","2020-05-28",50,19,22,174,2046,0.402248289345064,0,0,182,438,30,2747,NA,NA,23,NA
"1649","2020-05-29",53,19,19,172,2046,0.402248289345064,0,0,182,438,33,2780,NA,NA,29,NA
"1650","2020-05-30",55,19,17,169,2046,0.402248289345064,0,0,182,438,32,2812,NA,NA,28,NA
"1651","2020-05-31",52,19,15,158,2046,0.402248289345064,0,0,182,438,30,2842,1,1492,25,1
"1652","2020-06-01",46,19,19,150,2046,0.402248289345064,0,0,182,438,23,2865,NA,NA,16,NA
"1653","2020-06-02",44,19,24,154,2046,0.402248289345064,0,0,182,438,26,2891,2,1494,22,2
"1654","2020-06-03",37,19,24,152,2046,0.402248289345064,0,0,182,438,19,2910,3,1497,13,3
"1655","2020-06-04",40,19,23,158,2046,0.402248289345064,0,0,182,438,33,2943,2,1499,29,2
"1656","2020-06-05",33,19,25,154,2046,0.402248289345064,0,0,182,438,26,2969,3,1502,22,3
"1657","2020-06-06",34,19,24,153,2046,0.402248289345064,0,0,182,438,21,2990,NA,NA,17,NA
"1658","2020-06-07",31,19,21,155,2046,0.402248289345064,0,0,182,438,17,3007,NA,NA,12,NA
"1659","2020-03-14",2,20,220,86,4087,0.936383655493027,0,0,403,688,21,49,24,113,4,24
"1660","2020-03-15",4,20,272,121,4087,0.936383655493027,0,0,403,688,14,63,27,140,3,27
"1661","2020-03-16",5,20,258,156,4087,0.936383655493027,0,0,403,688,27,90,17,157,10,17
"1662","2020-03-17",10,20,261,195,4087,0.936383655493027,0,0,403,688,15,105,20,177,5,20
"1663","2020-03-18",19,20,228,232,4087,0.936383655493027,0,0,403,688,21,126,67,244,8,67
"1664","2020-03-19",31,20,213,267,4087,0.936383655493027,0,0,403,688,28,154,46,290,13,46
"1665","2020-03-20",47,20,206,298,4087,0.936383655493027,0,0,403,688,15,169,41,331,6,41
"1666","2020-03-21",61,20,191,329,4087,0.936383655493027,0,0,403,688,17,186,33,364,5,33
"1667","2020-03-22",69,20,174,369,4087,0.936383655493027,0,0,403,688,20,206,34,398,8,34
"1668","2020-03-23",83,20,175,428,4087,0.936383655493027,0,0,403,688,19,225,51,449,8,51
"1669","2020-03-24",97,20,175,458,4087,0.936383655493027,0,0,403,688,18,243,31,480,8,31
"1670","2020-03-25",102,20,173,496,4087,0.936383655493027,0,0,403,688,19,262,29,509,11,29
"1671","2020-03-26",108,20,166,515,4087,0.936383655493027,0,0,403,688,13,275,37,546,3,37
"1672","2020-03-27",109,20,192,533,4087,0.936383655493027,0,0,403,688,18,293,59,605,9,59
"1673","2020-03-28",109,20,243,550,4087,0.936383655493027,0,0,403,688,13,306,32,637,5,32
"1674","2020-03-29",124,20,240,575,4087,0.936383655493027,0,0,403,688,17,323,38,675,7,38
"1675","2020-03-30",124,20,211,589,4087,0.936383655493027,0,0,403,688,25,348,55,730,12,55
"1676","2020-03-31",127,20,161,626,4087,0.936383655493027,0,0,403,688,19,367,38,768,11,38
"1677","2020-04-01",157,20,150,627,4087,0.936383655493027,0,0,403,688,11,378,36,804,6,36
"1678","2020-04-02",154,20,163,651,4087,0.936383655493027,0,0,403,688,15,393,48,852,5,48
"1679","2020-04-03",158,20,211,680,4087,0.936383655493027,0,0,403,688,8,401,41,893,5,41
"1680","2020-04-04",164,20,201,693,4087,0.936383655493027,0,0,403,688,6,407,42,935,2,42
"1681","2020-04-05",171,20,195,709,4087,0.936383655493027,0,0,403,688,17,424,35,970,11,35
"1682","2020-04-06",185,20,187,698,4087,0.936383655493027,0,0,403,688,12,436,45,1015,7,45
"1683","2020-04-07",198,20,212,724,4087,0.936383655493027,0,0,403,688,12,448,22,1037,6,22
"1684","2020-04-08",194,20,196,757,4087,0.936383655493027,0,0,403,688,17,465,25,1062,13,25
"1685","2020-04-09",204,20,177,763,4087,0.936383655493027,0,0,403,688,15,480,27,1089,11,27
"1686","2020-04-10",224,20,169,799,4087,0.936383655493027,0,0,403,688,18,498,37,1126,12,37
"1687","2020-04-11",235,20,182,801,4087,0.936383655493027,0,0,403,688,13,511,33,1159,8,33
"1688","2020-04-12",232,20,214,799,4087,0.936383655493027,0,0,403,688,17,528,33,1192,7,33
"1689","2020-04-13",230,20,181,790,4087,0.936383655493027,0,0,403,688,13,541,35,1227,9,35
"1690","2020-04-14",222,20,157,812,4087,0.936383655493027,0,0,403,688,11,552,33,1260,8,33
"1691","2020-04-15",221,20,135,795,4087,0.936383655493027,0,0,403,688,17,569,31,1291,13,31
"1692","2020-04-16",232,20,125,785,4087,0.936383655493027,0,0,403,688,17,586,40,1331,10,40
"1693","2020-04-17",226,20,139,768,4087,0.936383655493027,0,0,403,688,14,600,19,1350,8,19
"1694","2020-04-18",232,20,162,762,4087,0.936383655493027,0,0,403,688,8,608,23,1373,7,23
"1695","2020-04-19",231,20,150,766,4087,0.936383655493027,0,0,403,688,9,617,30,1403,8,30
"1696","2020-04-20",239,20,151,748,4087,0.936383655493027,0,0,403,688,8,625,34,1437,4,34
"1697","2020-04-21",243,20,131,745,4087,0.936383655493027,0,0,403,688,5,630,11,1448,4,11
"1698","2020-04-22",236,20,143,729,4087,0.936383655493027,0,0,403,688,18,648,29,1477,13,29
"1699","2020-04-23",224,20,135,715,4087,0.936383655493027,0,0,403,688,16,664,31,1508,13,31
"1700","2020-04-24",215,20,130,712,4087,0.936383655493027,0,0,403,688,13,677,24,1532,8,24
"1701","2020-04-25",215,20,123,712,4087,0.936383655493027,0,0,403,688,10,687,27,1559,6,27
"1702","2020-04-26",215,20,107,694,4087,0.936383655493027,0,0,403,688,12,699,21,1580,6,21
"1703","2020-04-27",200,20,92,680,4087,0.936383655493027,0,0,403,688,17,716,36,1616,12,36
"1704","2020-04-28",194,20,79,682,4087,0.936383655493027,0,0,403,688,9,725,18,1634,4,18
"1705","2020-04-29",190,20,63,673,4087,0.936383655493027,0,0,403,688,17,742,19,1653,14,19
"1706","2020-04-30",190,20,60,662,4087,0.936383655493027,0,0,403,688,8,750,17,1670,6,17
"1707","2020-05-01",194,20,57,665,4087,0.936383655493027,0,0,403,688,13,763,13,1683,9,13
"1708","2020-05-02",174,20,59,658,4087,0.936383655493027,0,0,403,688,7,770,16,1699,5,16
"1709","2020-05-03",182,20,56,659,4087,0.936383655493027,0,0,403,688,9,779,20,1719,9,20
"1710","2020-05-04",196,20,43,630,4087,0.936383655493027,0,0,403,688,21,800,18,1737,16,18
"1711","2020-05-05",197,20,45,603,4087,0.936383655493027,0,0,403,688,14,814,8,1745,10,8
"1712","2020-05-06",190,20,43,582,4087,0.936383655493027,0,0,403,688,14,828,23,1768,10,23
"1713","2020-05-07",198,20,44,560,4087,0.936383655493027,0,0,403,688,14,842,21,1789,10,21
"1714","2020-05-08",201,20,51,539,4087,0.936383655493027,0,0,403,688,12,854,17,1806,9,17
"1715","2020-05-09",209,20,44,534,4087,0.936383655493027,0,0,403,688,14,868,12,1818,11,12
"1716","2020-05-10",186,20,39,518,4087,0.936383655493027,0,0,403,688,9,877,14,1832,9,14
"1717","2020-05-11",175,20,48,488,4087,0.936383655493027,0,0,403,688,20,897,12,1844,17,12
"1718","2020-05-12",169,20,45,466,4087,0.936383655493027,0,0,403,688,11,908,8,1852,8,8
"1719","2020-05-13",165,20,34,445,4087,0.936383655493027,0,0,403,688,17,925,15,1867,15,15
"1720","2020-05-14",156,20,35,427,4087,0.936383655493027,0,0,403,688,15,940,8,1875,10,8
"1721","2020-05-15",139,20,34,408,4087,0.936383655493027,0,0,403,688,15,955,11,1886,11,11
"1722","2020-05-16",128,20,27,392,4087,0.936383655493027,0,0,403,688,11,966,7,1893,6,7
"1723","2020-05-17",132,20,27,374,4087,0.936383655493027,0,0,403,688,12,978,10,1903,9,10
"1724","2020-05-18",129,20,27,358,4087,0.936383655493027,0,0,403,688,13,991,10,1913,11,10
"1725","2020-05-19",126,20,28,338,4087,0.936383655493027,0,0,403,688,16,1007,8,1921,13,8
"1726","2020-05-20",127,20,27,319,4087,0.936383655493027,0,0,403,688,22,1029,11,1932,19,11
"1727","2020-05-21",120,20,21,308,4087,0.936383655493027,0,0,403,688,8,1037,14,1946,8,14
"1728","2020-05-22",114,20,19,289,4087,0.936383655493027,0,0,403,688,15,1052,27,1973,12,27
"1729","2020-05-23",109,20,17,285,4087,0.936383655493027,0,0,403,688,13,1065,16,1989,11,16
"1730","2020-05-24",102,20,14,268,4087,0.936383655493027,0,0,403,688,17,1082,17,2006,14,17
"1731","2020-05-25",90,20,12,253,4087,0.936383655493027,0,0,403,688,22,1104,10,2016,21,10
"1732","2020-05-26",84,20,10,256,4087,0.936383655493027,0,0,403,688,16,1120,10,2026,13,10
"1733","2020-05-27",77,20,9,259,4087,0.936383655493027,0,0,403,688,15,1135,15,2041,12,15
"1734","2020-05-28",75,20,8,241,4087,0.936383655493027,0,0,403,688,22,1157,21,2062,19,21
"1735","2020-05-29",70,20,8,240,4087,0.936383655493027,0,0,403,688,9,1166,18,2080,4,18
"1736","2020-05-30",74,20,8,232,4087,0.936383655493027,0,0,403,688,22,1188,13,2093,20,13
"1737","2020-05-31",75,20,8,238,4087,0.936383655493027,0,0,403,688,17,1205,13,2106,15,13
"1738","2020-06-01",81,20,8,232,4087,0.936383655493027,0,0,403,688,28,1233,16,2122,18,16
"1739","2020-06-02",77,20,9,225,4087,0.936383655493027,0,0,403,688,23,1256,10,2132,17,10
"1740","2020-06-03",76,20,8,212,4087,0.936383655493027,0,0,403,688,18,1274,14,2146,14,14
"1741","2020-06-04",71,20,9,207,4087,0.936383655493027,0,0,403,688,17,1291,14,2160,14,14
"1742","2020-06-05",74,20,9,200,4087,0.936383655493027,0,0,403,688,26,1317,14,2174,19,14
"1743","2020-06-06",66,20,8,190,4087,0.936383655493027,0,0,403,688,16,1333,11,2185,15,11
"1744","2020-06-07",63,20,8,176,4087,0.936383655493027,0,0,403,688,13,1346,12,2197,10,12
