"","Date","Absents","Paramset","Infections_or_Exposed_per_day_Patient","Infections_or_Exposed_per_day_HCW","total_infections","nosocomial_proportion","PCR_pooled","LFD_pooled","HCW_symp_test","patient_symp_test","new_hcw_infs","cumulative_hcw_infs","new_pat_infs","cumulative_pats_infs","new_nosocomial_hcw_infs","new_nosocomial_pat_infs"
"1","2020-03-12",1,1,111,165,8301,0.300566196843754,8235,40712,357,1222,93,165,40,81,3,40
"2","2020-03-13",2,1,161,268,8301,0.300566196843754,8235,40712,357,1222,103,268,49,130,18,49
"3","2020-03-14",13,1,189,392,8301,0.300566196843754,8235,40712,357,1222,124,392,50,180,27,50
"4","2020-03-15",45,1,208,505,8301,0.300566196843754,8235,40712,357,1222,114,506,45,225,25,45
"5","2020-03-16",63,1,260,638,8301,0.300566196843754,8235,40712,357,1222,133,639,67,292,50,67
"6","2020-03-17",79,1,227,767,8301,0.300566196843754,8235,40712,357,1222,132,771,31,323,54,31
"7","2020-03-18",107,1,184,897,8301,0.300566196843754,8235,40712,357,1222,138,909,22,345,54,22
"8","2020-03-19",142,1,190,997,8301,0.300566196843754,8235,40712,357,1222,126,1035,36,381,52,36
"9","2020-03-20",231,1,204,1117,8301,0.300566196843754,8235,40712,357,1222,147,1182,42,423,66,42
"10","2020-03-21",321,1,228,1208,8301,0.300566196843754,8235,40712,357,1222,132,1314,56,479,62,56
"11","2020-03-22",334,1,231,1287,8301,0.300566196843754,8235,40712,357,1222,132,1446,38,517,63,38
"12","2020-03-23",345,1,219,1382,8301,0.300566196843754,8235,40712,357,1222,147,1593,34,551,72,34
"13","2020-03-24",381,1,204,1442,8301,0.300566196843754,8235,40712,357,1222,142,1735,30,581,67,30
"14","2020-03-25",400,1,207,1460,8301,0.300566196843754,8235,40712,357,1222,123,1858,23,604,57,23
"15","2020-03-26",427,1,243,1499,8301,0.300566196843754,8235,40712,357,1222,147,2005,55,659,74,55
"16","2020-03-27",507,1,280,1528,8301,0.300566196843754,8235,40712,357,1222,145,2150,66,725,62,66
"17","2020-03-28",507,1,290,1534,8301,0.300566196843754,8235,40712,357,1222,121,2271,53,778,50,53
"18","2020-03-29",490,1,255,1550,8301,0.300566196843754,8235,40712,357,1222,148,2419,33,811,61,33
"19","2020-03-30",487,1,265,1561,8301,0.300566196843754,8235,40712,357,1222,141,2560,59,870,70,59
"20","2020-03-31",474,1,262,1537,8301,0.300566196843754,8235,40712,357,1222,118,2678,36,906,61,36
"21","2020-04-01",477,1,232,1558,8301,0.300566196843754,8235,40712,357,1222,143,2821,28,934,64,28
"22","2020-04-02",463,1,219,1532,8301,0.300566196843754,8235,40712,357,1222,92,2913,18,952,36,18
"23","2020-04-03",540,1,209,1531,8301,0.300566196843754,8235,40712,357,1222,120,3033,19,971,53,19
"24","2020-04-04",539,1,201,1526,8301,0.300566196843754,8235,40712,357,1222,132,3165,31,1002,55,31
"25","2020-04-05",493,1,180,1529,8301,0.300566196843754,8235,40712,357,1222,122,3287,17,1019,51,17
"26","2020-04-06",480,1,169,1516,8301,0.300566196843754,8235,40712,357,1222,129,3416,21,1040,50,21
"27","2020-04-07",478,1,214,1524,8301,0.300566196843754,8235,40712,357,1222,122,3538,48,1088,62,48
"28","2020-04-08",476,1,224,1522,8301,0.300566196843754,8235,40712,357,1222,130,3668,49,1137,55,49
"29","2020-04-09",474,1,226,1507,8301,0.300566196843754,8235,40712,357,1222,122,3790,24,1161,46,24
"30","2020-04-10",491,1,242,1492,8301,0.300566196843754,8235,40712,357,1222,109,3899,50,1211,42,50
"31","2020-04-11",483,1,224,1480,8301,0.300566196843754,8235,40712,357,1222,117,4016,33,1244,40,33
"32","2020-04-12",469,1,257,1446,8301,0.300566196843754,8235,40712,357,1222,107,4123,59,1303,44,59
"33","2020-04-13",462,1,246,1409,8301,0.300566196843754,8235,40712,357,1222,96,4219,31,1334,41,31
"34","2020-04-14",444,1,251,1418,8301,0.300566196843754,8235,40712,357,1222,119,4338,22,1356,51,22
"35","2020-04-15",446,1,221,1395,8301,0.300566196843754,8235,40712,357,1222,91,4429,16,1372,37,16
"36","2020-04-16",434,1,247,1368,8301,0.300566196843754,8235,40712,357,1222,89,4518,44,1416,41,44
"37","2020-04-17",463,1,238,1339,8301,0.300566196843754,8235,40712,357,1222,93,4611,34,1450,31,34
"38","2020-04-18",456,1,240,1320,8301,0.300566196843754,8235,40712,357,1222,108,4719,25,1475,30,25
"39","2020-04-19",400,1,248,1304,8301,0.300566196843754,8235,40712,357,1222,111,4830,40,1515,40,40
"40","2020-04-20",399,1,218,1272,8301,0.300566196843754,8235,40712,357,1222,71,4901,24,1539,20,24
"41","2020-04-21",399,1,221,1212,8301,0.300566196843754,8235,40712,357,1222,71,4972,22,1561,27,22
"42","2020-04-22",373,1,220,1191,8301,0.300566196843754,8235,40712,357,1222,96,5068,30,1591,25,30
"43","2020-04-23",384,1,213,1158,8301,0.300566196843754,8235,40712,357,1222,79,5147,22,1613,29,22
"44","2020-04-24",377,1,201,1114,8301,0.300566196843754,8235,40712,357,1222,64,5211,12,1625,23,12
"45","2020-04-25",388,1,232,1091,8301,0.300566196843754,8235,40712,357,1222,67,5278,54,1679,18,54
"46","2020-04-26",363,1,234,1063,8301,0.300566196843754,8235,40712,357,1222,73,5351,43,1722,26,43
"47","2020-04-27",353,1,268,1022,8301,0.300566196843754,8235,40712,357,1222,62,5413,45,1767,12,45
"48","2020-04-28",335,1,266,986,8301,0.300566196843754,8235,40712,357,1222,61,5474,29,1796,18,29
"49","2020-04-29",356,1,250,977,8301,0.300566196843754,8235,40712,357,1222,61,5535,22,1818,21,22
"50","2020-04-30",337,1,250,942,8301,0.300566196843754,8235,40712,357,1222,65,5600,33,1851,18,33
"51","2020-05-01",329,1,245,914,8301,0.300566196843754,8235,40712,357,1222,57,5657,32,1883,13,32
"52","2020-05-02",314,1,282,871,8301,0.300566196843754,8235,40712,357,1222,44,5701,42,1925,12,42
"53","2020-05-03",266,1,281,848,8301,0.300566196843754,8235,40712,357,1222,61,5762,53,1978,14,53
"54","2020-05-04",260,1,265,821,8301,0.300566196843754,8235,40712,357,1222,55,5817,27,2005,17,27
"55","2020-05-05",261,1,295,793,8301,0.300566196843754,8235,40712,357,1222,55,5872,55,2060,14,55
"56","2020-05-06",239,1,277,771,8301,0.300566196843754,8235,40712,357,1222,45,5917,27,2087,7,27
"57","2020-05-07",236,1,286,751,8301,0.300566196843754,8235,40712,357,1222,53,5970,47,2134,11,47
"58","2020-05-08",229,1,271,736,8301,0.300566196843754,8235,40712,357,1222,47,6017,32,2166,12,32
"59","2020-05-09",230,1,262,726,8301,0.300566196843754,8235,40712,357,1222,59,6076,24,2190,15,24
"60","2020-05-10",232,1,233,702,8301,0.300566196843754,8235,40712,357,1222,41,6117,19,2209,7,19
"61","2020-05-11",213,1,215,683,8301,0.300566196843754,8235,40712,357,1222,36,6153,20,2229,11,20
"62","2020-05-12",206,1,238,649,8301,0.300566196843754,8235,40712,357,1222,40,6193,44,2273,11,44
"63","2020-05-13",214,1,236,623,8301,0.300566196843754,8235,40712,357,1222,31,6224,29,2302,10,29
"64","2020-05-14",212,1,225,607,8301,0.300566196843754,8235,40712,357,1222,42,6266,17,2319,10,17
"65","2020-05-15",228,1,239,564,8301,0.300566196843754,8235,40712,357,1222,19,6285,45,2364,5,45
"66","2020-05-16",229,1,233,549,8301,0.300566196843754,8235,40712,357,1222,36,6321,24,2388,8,24
"67","2020-05-17",209,1,223,514,8301,0.300566196843754,8235,40712,357,1222,20,6341,26,2414,5,26
"68","2020-05-18",200,1,219,470,8301,0.300566196843754,8235,40712,357,1222,18,6359,26,2440,2,26
"69","2020-05-19",189,1,227,450,8301,0.300566196843754,8235,40712,357,1222,27,6386,22,2462,7,22
"70","2020-05-20",170,1,232,449,8301,0.300566196843754,8235,40712,357,1222,33,6419,29,2491,8,29
"71","2020-05-21",157,1,247,425,8301,0.300566196843754,8235,40712,357,1222,25,6444,44,2535,7,44
"72","2020-05-22",134,1,230,390,8301,0.300566196843754,8235,40712,357,1222,21,6465,23,2558,4,23
"73","2020-05-23",122,1,233,369,8301,0.300566196843754,8235,40712,357,1222,24,6489,48,2606,4,48
"74","2020-05-24",111,1,278,352,8301,0.300566196843754,8235,40712,357,1222,26,6515,63,2669,7,63
"75","2020-05-25",100,1,270,325,8301,0.300566196843754,8235,40712,357,1222,13,6528,38,2707,3,38
"76","2020-05-26",99,1,260,315,8301,0.300566196843754,8235,40712,357,1222,27,6555,34,2741,5,34
"77","2020-05-27",97,1,245,296,8301,0.300566196843754,8235,40712,357,1222,14,6569,36,2777,1,36
"78","2020-05-28",97,1,232,285,8301,0.300566196843754,8235,40712,357,1222,20,6589,24,2801,5,24
"79","2020-05-29",77,1,222,274,8301,0.300566196843754,8235,40712,357,1222,18,6607,21,2822,7,21
"80","2020-05-30",76,1,213,264,8301,0.300566196843754,8235,40712,357,1222,19,6626,21,2843,5,21
"81","2020-05-31",78,1,202,261,8301,0.300566196843754,8235,40712,357,1222,17,6643,25,2868,3,25
"82","2020-06-01",78,1,195,250,8301,0.300566196843754,8235,40712,357,1222,20,6663,26,2894,5,26
"83","2020-06-02",72,1,191,246,8301,0.300566196843754,8235,40712,357,1222,20,6683,21,2915,7,21
"84","2020-06-03",69,1,173,232,8301,0.300566196843754,8235,40712,357,1222,9,6692,10,2925,2,10
"85","2020-06-04",67,1,194,217,8301,0.300566196843754,8235,40712,357,1222,14,6706,48,2973,5,48
"86","2020-06-05",66,1,221,202,8301,0.300566196843754,8235,40712,357,1222,11,6717,52,3025,1,52
"87","2020-06-06",72,1,234,192,8301,0.300566196843754,8235,40712,357,1222,12,6729,37,3062,4,37
"88","2020-06-07",64,1,249,183,8301,0.300566196843754,8235,40712,357,1222,10,6739,41,3103,5,41
"89","2020-03-11",1,2,31,40,7095,0.597322057787174,8250,35599,452,802,64,64,7,8,NA,7
"90","2020-03-12",3,2,70,83,7095,0.597322057787174,8250,35599,452,802,78,142,14,22,1,14
"91","2020-03-13",5,2,80,139,7095,0.597322057787174,8250,35599,452,802,71,213,13,35,9,13
"92","2020-03-14",9,2,63,191,7095,0.597322057787174,8250,35599,452,802,86,299,18,53,21,18
"93","2020-03-15",28,2,67,265,7095,0.597322057787174,8250,35599,452,802,80,379,16,69,24,16
"94","2020-03-16",41,2,73,349,7095,0.597322057787174,8250,35599,452,802,90,469,36,105,28,36
"95","2020-03-17",48,2,101,461,7095,0.597322057787174,8250,35599,452,802,103,572,19,124,45,19
"96","2020-03-18",63,2,106,548,7095,0.597322057787174,8250,35599,452,802,102,674,17,141,36,17
"97","2020-03-19",78,2,142,653,7095,0.597322057787174,8250,35599,452,802,113,787,40,181,49,40
"98","2020-03-20",120,2,152,737,7095,0.597322057787174,8250,35599,452,802,132,919,21,202,55,21
"99","2020-03-21",149,2,144,852,7095,0.597322057787174,8250,35599,452,802,125,1044,40,242,71,40
"100","2020-03-22",222,2,131,931,7095,0.597322057787174,8250,35599,452,802,135,1179,42,284,56,42
"101","2020-03-23",246,2,147,1021,7095,0.597322057787174,8250,35599,452,802,145,1324,47,331,78,47
"102","2020-03-24",248,2,152,1096,7095,0.597322057787174,8250,35599,452,802,155,1479,62,393,89,62
"103","2020-03-25",267,2,165,1156,7095,0.597322057787174,8250,35599,452,802,151,1630,52,445,78,52
"104","2020-03-26",299,2,172,1279,7095,0.597322057787174,8250,35599,452,802,150,1780,26,471,81,26
"105","2020-03-27",423,2,166,1379,7095,0.597322057787174,8250,35599,452,802,144,1924,34,505,82,34
"106","2020-03-28",449,2,181,1460,7095,0.597322057787174,8250,35599,452,802,132,2056,27,532,80,27
"107","2020-03-29",416,2,170,1541,7095,0.597322057787174,8250,35599,452,802,157,2213,46,578,104,46
"108","2020-03-30",444,2,158,1603,7095,0.597322057787174,8250,35599,452,802,164,2377,49,627,96,49
"109","2020-03-31",466,2,143,1678,7095,0.597322057787174,8250,35599,452,802,142,2519,35,662,79,35
"110","2020-04-01",484,2,156,1710,7095,0.597322057787174,8250,35599,452,802,145,2664,53,715,82,53
"111","2020-04-02",486,2,188,1736,7095,0.597322057787174,8250,35599,452,802,121,2785,59,774,59,59
"112","2020-04-03",569,2,210,1772,7095,0.597322057787174,8250,35599,452,802,142,2927,33,807,79,33
"113","2020-04-04",569,2,229,1776,7095,0.597322057787174,8250,35599,452,802,165,3092,37,844,98,37
"114","2020-04-05",579,2,221,1805,7095,0.597322057787174,8250,35599,452,802,119,3211,17,861,38,17
"115","2020-04-06",579,2,204,1813,7095,0.597322057787174,8250,35599,452,802,109,3320,26,887,61,26
"116","2020-04-07",567,2,192,1782,7095,0.597322057787174,8250,35599,452,802,117,3437,42,929,62,42
"117","2020-04-08",584,2,210,1794,7095,0.597322057787174,8250,35599,452,802,138,3575,35,964,77,35
"118","2020-04-09",596,2,205,1773,7095,0.597322057787174,8250,35599,452,802,112,3687,35,999,62,35
"119","2020-04-10",624,2,193,1737,7095,0.597322057787174,8250,35599,452,802,133,3820,39,1038,76,39
"120","2020-04-11",639,2,207,1683,7095,0.597322057787174,8250,35599,452,802,128,3948,57,1095,71,57
"121","2020-04-12",562,2,225,1634,7095,0.597322057787174,8250,35599,452,802,92,4040,41,1136,41,41
"122","2020-04-13",550,2,209,1590,7095,0.597322057787174,8250,35599,452,802,98,4138,28,1164,44,28
"123","2020-04-14",531,2,217,1514,7095,0.597322057787174,8250,35599,452,802,107,4245,33,1197,63,33
"124","2020-04-15",524,2,242,1447,7095,0.597322057787174,8250,35599,452,802,96,4341,28,1225,40,28
"125","2020-04-16",511,2,243,1409,7095,0.597322057787174,8250,35599,452,802,89,4430,44,1269,41,44
"126","2020-04-17",490,2,225,1349,7095,0.597322057787174,8250,35599,452,802,104,4534,20,1289,47,20
"127","2020-04-18",482,2,223,1288,7095,0.597322057787174,8250,35599,452,802,85,4619,30,1319,29,30
"128","2020-04-19",450,2,245,1237,7095,0.597322057787174,8250,35599,452,802,78,4697,40,1359,34,40
"129","2020-04-20",431,2,230,1176,7095,0.597322057787174,8250,35599,452,802,85,4782,23,1382,40,23
"130","2020-04-21",415,2,244,1136,7095,0.597322057787174,8250,35599,452,802,86,4868,24,1406,40,24
"131","2020-04-22",386,2,244,1099,7095,0.597322057787174,8250,35599,452,802,60,4928,39,1445,23,39
"132","2020-04-23",372,2,238,1043,7095,0.597322057787174,8250,35599,452,802,77,5005,33,1478,33,33
"133","2020-04-24",353,2,213,1009,7095,0.597322057787174,8250,35599,452,802,79,5084,46,1524,41,46
"134","2020-04-25",345,2,197,934,7095,0.597322057787174,8250,35599,452,802,61,5145,36,1560,22,36
"135","2020-04-26",321,2,181,885,7095,0.597322057787174,8250,35599,452,802,71,5216,58,1618,21,58
"136","2020-04-27",308,2,176,845,7095,0.597322057787174,8250,35599,452,802,68,5284,67,1685,29,67
"137","2020-04-28",283,2,236,801,7095,0.597322057787174,8250,35599,452,802,77,5361,54,1739,33,54
"138","2020-04-29",280,2,261,766,7095,0.597322057787174,8250,35599,452,802,64,5425,47,1786,23,47
"139","2020-04-30",262,2,230,750,7095,0.597322057787174,8250,35599,452,802,64,5489,22,1808,24,22
"140","2020-05-01",263,2,213,705,7095,0.597322057787174,8250,35599,452,802,53,5542,36,1844,14,36
"141","2020-05-02",252,2,218,677,7095,0.597322057787174,8250,35599,452,802,43,5585,37,1881,15,37
"142","2020-05-03",246,2,213,650,7095,0.597322057787174,8250,35599,452,802,46,5631,38,1919,18,38
"143","2020-05-04",234,2,189,618,7095,0.597322057787174,8250,35599,452,802,31,5662,24,1943,11,24
"144","2020-05-05",228,2,189,594,7095,0.597322057787174,8250,35599,452,802,61,5723,15,1958,16,15
"145","2020-05-06",223,2,202,580,7095,0.597322057787174,8250,35599,452,802,39,5762,17,1975,16,17
"146","2020-05-07",224,2,204,567,7095,0.597322057787174,8250,35599,452,802,33,5795,20,1995,11,20
"147","2020-05-08",199,2,229,527,7095,0.597322057787174,8250,35599,452,802,36,5831,22,2017,8,22
"148","2020-05-09",189,2,226,504,7095,0.597322057787174,8250,35599,452,802,34,5865,13,2030,6,13
"149","2020-05-10",173,2,220,472,7095,0.597322057787174,8250,35599,452,802,32,5897,27,2057,9,27
"150","2020-05-11",169,2,214,446,7095,0.597322057787174,8250,35599,452,802,31,5928,55,2112,12,55
"151","2020-05-12",171,2,182,431,7095,0.597322057787174,8250,35599,452,802,25,5953,39,2151,4,39
"152","2020-05-13",161,2,182,403,7095,0.597322057787174,8250,35599,452,802,32,5985,31,2182,6,31
"153","2020-05-14",156,2,190,380,7095,0.597322057787174,8250,35599,452,802,36,6021,39,2221,13,39
"154","2020-05-15",140,2,223,362,7095,0.597322057787174,8250,35599,452,802,40,6061,32,2253,10,32
"155","2020-05-16",136,2,244,344,7095,0.597322057787174,8250,35599,452,802,25,6086,30,2283,6,30
"156","2020-05-17",125,2,254,331,7095,0.597322057787174,8250,35599,452,802,30,6116,43,2326,5,43
"157","2020-05-18",111,2,255,317,7095,0.597322057787174,8250,35599,452,802,19,6135,31,2357,7,31
"158","2020-05-19",104,2,236,317,7095,0.597322057787174,8250,35599,452,802,27,6162,27,2384,7,27
"159","2020-05-20",104,2,240,296,7095,0.597322057787174,8250,35599,452,802,22,6184,25,2409,6,25
"160","2020-05-21",100,2,222,284,7095,0.597322057787174,8250,35599,452,802,33,6217,22,2431,8,22
"161","2020-05-22",112,2,191,275,7095,0.597322057787174,8250,35599,452,802,20,6237,44,2475,5,44
"162","2020-05-23",110,2,172,269,7095,0.597322057787174,8250,35599,452,802,21,6258,31,2506,5,31
"163","2020-05-24",96,2,164,262,7095,0.597322057787174,8250,35599,452,802,17,6275,23,2529,3,23
"164","2020-05-25",94,2,179,268,7095,0.597322057787174,8250,35599,452,802,15,6290,24,2553,3,24
"165","2020-05-26",88,2,181,248,7095,0.597322057787174,8250,35599,452,802,17,6307,46,2599,3,46
"166","2020-05-27",81,2,206,241,7095,0.597322057787174,8250,35599,452,802,15,6322,21,2620,3,21
"167","2020-05-28",79,2,222,223,7095,0.597322057787174,8250,35599,452,802,15,6337,14,2634,4,14
"168","2020-05-29",67,2,224,219,7095,0.597322057787174,8250,35599,452,802,17,6354,20,2654,4,20
"169","2020-05-30",64,2,238,204,7095,0.597322057787174,8250,35599,452,802,18,6372,13,2667,3,13
"170","2020-05-31",63,2,231,194,7095,0.597322057787174,8250,35599,452,802,11,6383,42,2709,NA,42
"171","2020-06-01",64,2,231,178,7095,0.597322057787174,8250,35599,452,802,16,6399,21,2730,4,21
"172","2020-06-02",64,2,208,169,7095,0.597322057787174,8250,35599,452,802,8,6407,23,2753,4,23
"173","2020-06-03",61,2,187,163,7095,0.597322057787174,8250,35599,452,802,14,6421,30,2783,2,30
"174","2020-06-04",56,2,213,158,7095,0.597322057787174,8250,35599,452,802,12,6433,29,2812,2,29
"175","2020-06-05",63,2,231,142,7095,0.597322057787174,8250,35599,452,802,12,6445,16,2828,5,16
"176","2020-06-06",64,2,233,132,7095,0.597322057787174,8250,35599,452,802,9,6454,22,2850,3,22
"177","2020-06-07",51,2,237,125,7095,0.597322057787174,8250,35599,452,802,9,6463,38,2888,2,38
"178","2020-03-07",1,3,0,0,8290,0.423281061519904,8280,38428,521,2832,NA,NA,NA,NA,NA,NA
"179","2020-03-08",1,3,0,0,8290,0.423281061519904,8280,38428,521,2832,NA,NA,NA,NA,NA,NA
"180","2020-03-09",0,3,0,0,8290,0.423281061519904,8280,38428,521,2832,NA,NA,NA,NA,NA,NA
"181","2020-03-10",0,3,0,0,8290,0.423281061519904,8280,38428,521,2832,NA,NA,NA,NA,NA,NA
"182","2020-03-11",0,3,0,0,8290,0.423281061519904,8280,38428,521,2832,23,23,33,33,7,33
"183","2020-03-12",1,3,149,149,8290,0.423281061519904,8280,38428,521,2832,29,52,34,67,13,34
"184","2020-03-13",3,3,190,241,8290,0.423281061519904,8280,38428,521,2832,43,95,31,98,20,31
"185","2020-03-14",26,3,196,344,8290,0.423281061519904,8280,38428,521,2832,50,145,45,143,23,45
"186","2020-03-15",49,3,215,450,8290,0.423281061519904,8280,38428,521,2832,59,204,31,174,38,31
"187","2020-03-16",58,3,265,566,8290,0.423281061519904,8280,38428,521,2832,60,264,49,223,46,49
"188","2020-03-17",71,3,267,685,8290,0.423281061519904,8280,38428,521,2832,78,342,70,293,53,70
"189","2020-03-18",101,3,273,795,8290,0.423281061519904,8280,38428,521,2832,89,431,67,360,62,67
"190","2020-03-19",123,3,292,902,8290,0.423281061519904,8280,38428,521,2832,139,570,34,394,106,34
"191","2020-03-20",189,3,309,1055,8290,0.423281061519904,8280,38428,521,2832,133,703,28,422,109,28
"192","2020-03-21",268,3,303,1169,8290,0.423281061519904,8280,38428,521,2832,108,811,34,456,78,34
"193","2020-03-22",296,3,321,1300,8290,0.423281061519904,8280,38428,521,2832,143,954,38,494,127,38
"194","2020-03-23",306,3,293,1428,8290,0.423281061519904,8280,38428,521,2832,144,1098,33,527,117,33
"195","2020-03-24",333,3,272,1543,8290,0.423281061519904,8280,38428,521,2832,173,1271,31,558,153,31
"196","2020-03-25",367,3,279,1648,8290,0.423281061519904,8280,38428,521,2832,167,1438,28,586,151,28
"197","2020-03-26",413,3,272,1721,8290,0.423281061519904,8280,38428,521,2832,191,1629,16,602,168,16
"198","2020-03-27",553,3,282,1782,8290,0.423281061519904,8280,38428,521,2832,189,1818,26,628,165,26
"199","2020-03-28",583,3,279,1819,8290,0.423281061519904,8280,38428,521,2832,152,1970,23,651,135,23
"200","2020-03-29",603,3,286,1884,8290,0.423281061519904,8280,38428,521,2832,181,2151,18,669,152,18
"201","2020-03-30",618,3,284,1938,8290,0.423281061519904,8280,38428,521,2832,171,2322,31,700,154,31
"202","2020-03-31",620,3,276,1952,8290,0.423281061519904,8280,38428,521,2832,231,2553,18,718,203,18
"203","2020-04-01",618,3,274,1952,8290,0.423281061519904,8280,38428,521,2832,202,2755,29,747,191,29
"204","2020-04-02",607,3,277,1973,8290,0.423281061519904,8280,38428,521,2832,178,2933,23,770,167,23
"205","2020-04-03",705,3,311,1962,8290,0.423281061519904,8280,38428,521,2832,202,3135,46,816,186,46
"206","2020-04-04",670,3,325,1975,8290,0.423281061519904,8280,38428,521,2832,165,3300,40,856,144,40
"207","2020-04-05",624,3,344,1944,8290,0.423281061519904,8280,38428,521,2832,209,3509,33,889,197,33
"208","2020-04-06",608,3,362,1926,8290,0.423281061519904,8280,38428,521,2832,180,3689,21,910,157,21
"209","2020-04-07",629,3,347,1908,8290,0.423281061519904,8280,38428,521,2832,159,3848,19,929,136,19
"210","2020-04-08",630,3,334,1876,8290,0.423281061519904,8280,38428,521,2832,169,4017,37,966,146,37
"211","2020-04-09",652,3,305,1835,8290,0.423281061519904,8280,38428,521,2832,172,4189,28,994,148,28
"212","2020-04-10",669,3,292,1787,8290,0.423281061519904,8280,38428,521,2832,137,4326,17,1011,120,17
"213","2020-04-11",660,3,308,1746,8290,0.423281061519904,8280,38428,521,2832,149,4475,12,1023,133,12
"214","2020-04-12",610,3,315,1661,8290,0.423281061519904,8280,38428,521,2832,125,4600,16,1039,110,16
"215","2020-04-13",602,3,337,1599,8290,0.423281061519904,8280,38428,521,2832,96,4696,39,1078,84,39
"216","2020-04-14",561,3,317,1539,8290,0.423281061519904,8280,38428,521,2832,120,4816,30,1108,110,30
"217","2020-04-15",552,3,298,1465,8290,0.423281061519904,8280,38428,521,2832,118,4934,27,1135,101,27
"218","2020-04-16",525,3,284,1402,8290,0.423281061519904,8280,38428,521,2832,77,5011,29,1164,66,29
"219","2020-04-17",513,3,297,1338,8290,0.423281061519904,8280,38428,521,2832,107,5118,34,1198,96,34
"220","2020-04-18",515,3,304,1282,8290,0.423281061519904,8280,38428,521,2832,90,5208,37,1235,81,37
"221","2020-04-19",453,3,333,1235,8290,0.423281061519904,8280,38428,521,2832,82,5290,49,1284,68,49
"222","2020-04-20",433,3,327,1188,8290,0.423281061519904,8280,38428,521,2832,89,5379,26,1310,77,26
"223","2020-04-21",416,3,314,1152,8290,0.423281061519904,8280,38428,521,2832,46,5425,22,1332,37,22
"224","2020-04-22",397,3,331,1135,8290,0.423281061519904,8280,38428,521,2832,76,5501,25,1357,61,25
"225","2020-04-23",380,3,320,1098,8290,0.423281061519904,8280,38428,521,2832,48,5549,28,1385,42,28
"226","2020-04-24",356,3,318,1035,8290,0.423281061519904,8280,38428,521,2832,64,5613,38,1423,53,38
"227","2020-04-25",349,3,324,964,8290,0.423281061519904,8280,38428,521,2832,68,5681,40,1463,56,40
"228","2020-04-26",314,3,319,948,8290,0.423281061519904,8280,38428,521,2832,52,5733,27,1490,33,27
"229","2020-04-27",295,3,321,924,8290,0.423281061519904,8280,38428,521,2832,46,5779,24,1514,39,24
"230","2020-04-28",285,3,310,889,8290,0.423281061519904,8280,38428,521,2832,39,5818,24,1538,28,24
"231","2020-04-29",280,3,303,835,8290,0.423281061519904,8280,38428,521,2832,48,5866,51,1589,35,51
"232","2020-04-30",281,3,312,816,8290,0.423281061519904,8280,38428,521,2832,37,5903,43,1632,23,43
"233","2020-05-01",234,3,329,769,8290,0.423281061519904,8280,38428,521,2832,53,5956,30,1662,40,30
"234","2020-05-02",228,3,342,748,8290,0.423281061519904,8280,38428,521,2832,39,5995,34,1696,22,34
"235","2020-05-03",228,3,325,727,8290,0.423281061519904,8280,38428,521,2832,41,6036,38,1734,32,38
"236","2020-05-04",232,3,311,679,8290,0.423281061519904,8280,38428,521,2832,24,6060,28,1762,17,28
"237","2020-05-05",219,3,338,643,8290,0.423281061519904,8280,38428,521,2832,29,6089,39,1801,23,39
"238","2020-05-06",212,3,355,617,8290,0.423281061519904,8280,38428,521,2832,33,6122,39,1840,20,39
"239","2020-05-07",184,3,362,588,8290,0.423281061519904,8280,38428,521,2832,17,6139,23,1863,15,23
"240","2020-05-08",194,3,348,569,8290,0.423281061519904,8280,38428,521,2832,30,6169,36,1899,23,36
"241","2020-05-09",199,3,340,538,8290,0.423281061519904,8280,38428,521,2832,20,6189,28,1927,12,28
"242","2020-05-10",210,3,361,520,8290,0.423281061519904,8280,38428,521,2832,22,6211,29,1956,16,29
"243","2020-05-11",197,3,368,495,8290,0.423281061519904,8280,38428,521,2832,38,6249,24,1980,25,24
"244","2020-05-12",193,3,354,493,8290,0.423281061519904,8280,38428,521,2832,29,6278,21,2001,19,21
"245","2020-05-13",194,3,354,452,8290,0.423281061519904,8280,38428,521,2832,19,6297,24,2025,12,24
"246","2020-05-14",193,3,330,420,8290,0.423281061519904,8280,38428,521,2832,25,6322,16,2041,16,16
"247","2020-05-15",179,3,320,400,8290,0.423281061519904,8280,38428,521,2832,17,6339,31,2072,13,31
"248","2020-05-16",163,3,317,386,8290,0.423281061519904,8280,38428,521,2832,17,6356,16,2088,14,16
"249","2020-05-17",132,3,321,359,8290,0.423281061519904,8280,38428,521,2832,13,6369,22,2110,9,22
"250","2020-05-18",128,3,316,336,8290,0.423281061519904,8280,38428,521,2832,18,6387,17,2127,11,17
"251","2020-05-19",117,3,310,317,8290,0.423281061519904,8280,38428,521,2832,14,6401,29,2156,10,29
"252","2020-05-20",104,3,305,288,8290,0.423281061519904,8280,38428,521,2832,19,6420,23,2179,14,23
"253","2020-05-21",106,3,312,283,8290,0.423281061519904,8280,38428,521,2832,14,6434,18,2197,12,18
"254","2020-05-22",99,3,319,276,8290,0.423281061519904,8280,38428,521,2832,15,6449,17,2214,7,17
"255","2020-05-23",108,3,321,262,8290,0.423281061519904,8280,38428,521,2832,11,6460,18,2232,8,18
"256","2020-05-24",93,3,311,253,8290,0.423281061519904,8280,38428,521,2832,10,6470,12,2244,7,12
"257","2020-05-25",94,3,326,251,8290,0.423281061519904,8280,38428,521,2832,10,6480,43,2287,7,43
"258","2020-05-26",88,3,339,249,8290,0.423281061519904,8280,38428,521,2832,8,6488,35,2322,7,35
"259","2020-05-27",84,3,314,239,8290,0.423281061519904,8280,38428,521,2832,6,6494,21,2343,3,21
"260","2020-05-28",84,3,310,227,8290,0.423281061519904,8280,38428,521,2832,13,6507,54,2397,8,54
"261","2020-05-29",87,3,317,213,8290,0.423281061519904,8280,38428,521,2832,13,6520,30,2427,9,30
"262","2020-05-30",81,3,316,205,8290,0.423281061519904,8280,38428,521,2832,16,6536,48,2475,5,48
"263","2020-05-31",85,3,323,192,8290,0.423281061519904,8280,38428,521,2832,10,6546,25,2500,4,25
"264","2020-06-01",70,3,371,188,8290,0.423281061519904,8280,38428,521,2832,14,6560,21,2521,12,21
"265","2020-06-02",67,3,374,186,8290,0.423281061519904,8280,38428,521,2832,10,6570,19,2540,6,19
"266","2020-06-03",65,3,389,177,8290,0.423281061519904,8280,38428,521,2832,8,6578,31,2571,7,31
"267","2020-06-04",59,3,375,166,8290,0.423281061519904,8280,38428,521,2832,5,6583,15,2586,4,15
"268","2020-06-05",53,3,363,162,8290,0.423281061519904,8280,38428,521,2832,8,6591,45,2631,5,45
"269","2020-06-06",44,3,345,155,8290,0.423281061519904,8280,38428,521,2832,7,6598,52,2683,3,52
"270","2020-06-07",42,3,332,141,8290,0.423281061519904,8280,38428,521,2832,11,6609,52,2735,7,52
"271","2020-03-12",1,4,59,77,6712,0.6369189511323,8340,36904,337,1255,100,193,18,66,20,18
"272","2020-03-13",6,4,110,107,6712,0.6369189511323,8340,36904,337,1255,117,310,36,102,35,36
"273","2020-03-14",13,4,125,168,6712,0.6369189511323,8340,36904,337,1255,127,437,85,187,49,85
"274","2020-03-15",19,4,177,233,6712,0.6369189511323,8340,36904,337,1255,131,568,69,256,54,69
"275","2020-03-16",22,4,164,285,6712,0.6369189511323,8340,36904,337,1255,140,708,23,279,68,23
"276","2020-03-17",33,4,162,363,6712,0.6369189511323,8340,36904,337,1255,169,877,31,310,83,31
"277","2020-03-18",47,4,212,458,6712,0.6369189511323,8340,36904,337,1255,146,1023,57,367,76,57
"278","2020-03-19",55,4,246,549,6712,0.6369189511323,8340,36904,337,1255,172,1195,53,420,96,53
"279","2020-03-20",83,4,249,646,6712,0.6369189511323,8340,36904,337,1255,166,1361,27,447,95,27
"280","2020-03-21",126,4,206,732,6712,0.6369189511323,8340,36904,337,1255,163,1524,37,484,98,37
"281","2020-03-22",207,4,211,802,6712,0.6369189511323,8340,36904,337,1255,171,1695,25,509,105,25
"282","2020-03-23",218,4,225,906,6712,0.6369189511323,8340,36904,337,1255,164,1859,22,531,100,22
"283","2020-03-24",220,4,213,991,6712,0.6369189511323,8340,36904,337,1255,165,2024,7,538,90,7
"284","2020-03-25",240,4,229,1056,6712,0.6369189511323,8340,36904,337,1255,154,2178,34,572,91,34
"285","2020-03-26",284,4,231,1119,6712,0.6369189511323,8340,36904,337,1255,155,2333,86,658,91,86
"286","2020-03-27",392,4,254,1176,6712,0.6369189511323,8340,36904,337,1255,197,2530,52,710,130,52
"287","2020-03-28",419,4,227,1236,6712,0.6369189511323,8340,36904,337,1255,151,2681,17,727,85,17
"288","2020-03-29",390,4,254,1318,6712,0.6369189511323,8340,36904,337,1255,152,2833,20,747,96,20
"289","2020-03-30",403,4,242,1358,6712,0.6369189511323,8340,36904,337,1255,136,2969,39,786,80,39
"290","2020-03-31",417,4,212,1377,6712,0.6369189511323,8340,36904,337,1255,129,3098,27,813,67,27
"291","2020-04-01",415,4,233,1416,6712,0.6369189511323,8340,36904,337,1255,138,3236,25,838,83,25
"292","2020-04-02",416,4,227,1453,6712,0.6369189511323,8340,36904,337,1255,139,3375,27,865,63,27
"293","2020-04-03",494,4,219,1486,6712,0.6369189511323,8340,36904,337,1255,124,3499,20,885,51,20
"294","2020-04-04",502,4,231,1501,6712,0.6369189511323,8340,36904,337,1255,142,3641,23,908,77,23
"295","2020-04-05",454,4,233,1498,6712,0.6369189511323,8340,36904,337,1255,139,3780,4,912,73,4
"296","2020-04-06",450,4,228,1496,6712,0.6369189511323,8340,36904,337,1255,94,3874,13,925,44,13
"297","2020-04-07",452,4,224,1507,6712,0.6369189511323,8340,36904,337,1255,121,3995,20,945,73,20
"298","2020-04-08",472,4,203,1530,6712,0.6369189511323,8340,36904,337,1255,111,4106,19,964,52,19
"299","2020-04-09",491,4,195,1542,6712,0.6369189511323,8340,36904,337,1255,88,4194,69,1033,39,69
"300","2020-04-10",503,4,161,1506,6712,0.6369189511323,8340,36904,337,1255,110,4304,28,1061,60,28
"301","2020-04-11",510,4,145,1494,6712,0.6369189511323,8340,36904,337,1255,114,4418,21,1082,53,21
"302","2020-04-12",492,4,151,1477,6712,0.6369189511323,8340,36904,337,1255,100,4518,15,1097,54,15
"303","2020-04-13",494,4,214,1454,6712,0.6369189511323,8340,36904,337,1255,89,4607,5,1102,49,5
"304","2020-04-14",493,4,226,1415,6712,0.6369189511323,8340,36904,337,1255,105,4712,14,1116,52,14
"305","2020-04-15",476,4,197,1369,6712,0.6369189511323,8340,36904,337,1255,73,4785,54,1170,29,54
"306","2020-04-16",455,4,188,1303,6712,0.6369189511323,8340,36904,337,1255,97,4882,16,1186,43,16
"307","2020-04-17",453,4,191,1306,6712,0.6369189511323,8340,36904,337,1255,95,4977,31,1217,39,31
"308","2020-04-18",450,4,166,1283,6712,0.6369189511323,8340,36904,337,1255,82,5059,23,1240,39,23
"309","2020-04-19",408,4,147,1238,6712,0.6369189511323,8340,36904,337,1255,75,5134,66,1306,28,66
"310","2020-04-20",402,4,156,1192,6712,0.6369189511323,8340,36904,337,1255,64,5198,31,1337,31,31
"311","2020-04-21",385,4,218,1145,6712,0.6369189511323,8340,36904,337,1255,73,5271,8,1345,25,8
"312","2020-04-22",394,4,224,1109,6712,0.6369189511323,8340,36904,337,1255,70,5341,13,1358,31,13
"313","2020-04-23",376,4,268,1079,6712,0.6369189511323,8340,36904,337,1255,91,5432,13,1371,38,13
"314","2020-04-24",387,4,297,1042,6712,0.6369189511323,8340,36904,337,1255,69,5501,8,1379,26,8
"315","2020-04-25",364,4,310,1010,6712,0.6369189511323,8340,36904,337,1255,73,5574,13,1392,30,13
"316","2020-04-26",376,4,311,972,6712,0.6369189511323,8340,36904,337,1255,76,5650,63,1455,26,63
"317","2020-04-27",345,4,331,920,6712,0.6369189511323,8340,36904,337,1255,64,5714,20,1475,29,20
"318","2020-04-28",327,4,330,877,6712,0.6369189511323,8340,36904,337,1255,68,5782,47,1522,24,47
"319","2020-04-29",320,4,300,850,6712,0.6369189511323,8340,36904,337,1255,55,5837,42,1564,19,42
"320","2020-04-30",320,4,310,813,6712,0.6369189511323,8340,36904,337,1255,73,5910,24,1588,27,24
"321","2020-05-01",315,4,320,796,6712,0.6369189511323,8340,36904,337,1255,65,5975,18,1606,27,18
"322","2020-05-02",326,4,336,728,6712,0.6369189511323,8340,36904,337,1255,49,6024,17,1623,20,17
"323","2020-05-03",248,4,339,681,6712,0.6369189511323,8340,36904,337,1255,55,6079,11,1634,25,11
"324","2020-05-04",248,4,295,649,6712,0.6369189511323,8340,36904,337,1255,40,6119,17,1651,11,17
"325","2020-05-05",235,4,276,624,6712,0.6369189511323,8340,36904,337,1255,44,6163,24,1675,13,24
"326","2020-05-06",225,4,282,595,6712,0.6369189511323,8340,36904,337,1255,44,6207,53,1728,14,53
"327","2020-05-07",201,4,260,562,6712,0.6369189511323,8340,36904,337,1255,50,6257,28,1756,13,28
"328","2020-05-08",188,4,252,557,6712,0.6369189511323,8340,36904,337,1255,48,6305,15,1771,22,15
"329","2020-05-09",179,4,247,535,6712,0.6369189511323,8340,36904,337,1255,46,6351,17,1788,11,17
"330","2020-05-10",167,4,228,525,6712,0.6369189511323,8340,36904,337,1255,47,6398,14,1802,18,14
"331","2020-05-11",160,4,222,509,6712,0.6369189511323,8340,36904,337,1255,48,6446,14,1816,18,14
"332","2020-05-12",152,4,260,476,6712,0.6369189511323,8340,36904,337,1255,30,6476,8,1824,7,8
"333","2020-05-13",141,4,245,457,6712,0.6369189511323,8340,36904,337,1255,23,6499,16,1840,12,16
"334","2020-05-14",149,4,239,447,6712,0.6369189511323,8340,36904,337,1255,24,6523,19,1859,8,19
"335","2020-05-15",158,4,269,433,6712,0.6369189511323,8340,36904,337,1255,37,6560,14,1873,11,14
"336","2020-05-16",149,4,261,412,6712,0.6369189511323,8340,36904,337,1255,28,6588,25,1898,7,25
"337","2020-05-17",145,4,239,402,6712,0.6369189511323,8340,36904,337,1255,28,6616,25,1923,8,25
"338","2020-05-18",142,4,222,386,6712,0.6369189511323,8340,36904,337,1255,31,6647,16,1939,9,16
"339","2020-05-19",140,4,211,379,6712,0.6369189511323,8340,36904,337,1255,34,6681,51,1990,16,51
"340","2020-05-20",139,4,206,360,6712,0.6369189511323,8340,36904,337,1255,21,6702,23,2013,7,23
"341","2020-05-21",139,4,238,337,6712,0.6369189511323,8340,36904,337,1255,24,6726,26,2039,9,26
"342","2020-05-22",127,4,245,320,6712,0.6369189511323,8340,36904,337,1255,27,6753,38,2077,11,38
"343","2020-05-23",128,4,295,297,6712,0.6369189511323,8340,36904,337,1255,20,6773,19,2096,9,19
"344","2020-05-24",121,4,305,289,6712,0.6369189511323,8340,36904,337,1255,21,6794,43,2139,7,43
"345","2020-05-25",111,4,278,278,6712,0.6369189511323,8340,36904,337,1255,21,6815,19,2158,8,19
"346","2020-05-26",106,4,238,266,6712,0.6369189511323,8340,36904,337,1255,27,6842,27,2185,4,27
"347","2020-05-27",99,4,239,253,6712,0.6369189511323,8340,36904,337,1255,15,6857,35,2220,5,35
"348","2020-05-28",90,4,240,242,6712,0.6369189511323,8340,36904,337,1255,21,6878,20,2240,8,20
"349","2020-05-29",89,4,260,234,6712,0.6369189511323,8340,36904,337,1255,13,6891,14,2254,5,14
"350","2020-05-30",83,4,244,224,6712,0.6369189511323,8340,36904,337,1255,10,6901,77,2331,4,77
"351","2020-05-31",76,4,220,225,6712,0.6369189511323,8340,36904,337,1255,15,6916,51,2382,6,51
"352","2020-06-01",77,4,207,217,6712,0.6369189511323,8340,36904,337,1255,13,6929,51,2433,5,51
"353","2020-06-02",75,4,246,208,6712,0.6369189511323,8340,36904,337,1255,14,6943,32,2465,6,32
"354","2020-06-03",75,4,273,204,6712,0.6369189511323,8340,36904,337,1255,16,6959,57,2522,7,57
"355","2020-06-04",72,4,268,192,6712,0.6369189511323,8340,36904,337,1255,15,6974,40,2562,9,40
"356","2020-06-05",66,4,274,189,6712,0.6369189511323,8340,36904,337,1255,10,6984,29,2591,3,29
"357","2020-06-06",67,4,269,171,6712,0.6369189511323,8340,36904,337,1255,10,6994,19,2610,3,19
"358","2020-06-07",58,4,255,156,6712,0.6369189511323,8340,36904,337,1255,11,7005,17,2627,5,17
"359","2020-03-08",1,5,0,0,7067,0.530918352907882,8340,36509,362,854,NA,NA,NA,NA,NA,NA
"360","2020-03-09",1,5,0,0,7067,0.530918352907882,8340,36509,362,854,NA,NA,NA,NA,NA,NA
"361","2020-03-10",0,5,0,0,7067,0.530918352907882,8340,36509,362,854,NA,NA,3,3,NA,3
"362","2020-03-11",0,5,0,0,7067,0.530918352907882,8340,36509,362,854,23,23,31,34,2,31
"363","2020-03-12",0,5,0,0,7067,0.530918352907882,8340,36509,362,854,26,49,44,78,5,44
"364","2020-03-13",4,5,42,151,7067,0.530918352907882,8340,36509,362,854,29,78,28,106,8,28
"365","2020-03-14",15,5,71,222,7067,0.530918352907882,8340,36509,362,854,40,118,39,145,10,39
"366","2020-03-15",20,5,93,290,7067,0.530918352907882,8340,36509,362,854,44,162,53,198,19,53
"367","2020-03-16",25,5,97,371,7067,0.530918352907882,8340,36509,362,854,54,216,65,263,29,65
"368","2020-03-17",43,5,93,449,7067,0.530918352907882,8340,36509,362,854,48,264,73,336,23,73
"369","2020-03-18",63,5,89,546,7067,0.530918352907882,8340,36509,362,854,75,339,31,367,57,31
"370","2020-03-19",81,5,98,633,7067,0.530918352907882,8340,36509,362,854,78,417,35,402,54,35
"371","2020-03-20",113,5,98,719,7067,0.530918352907882,8340,36509,362,854,105,522,33,435,80,33
"372","2020-03-21",182,5,115,816,7067,0.530918352907882,8340,36509,362,854,106,628,33,468,77,33
"373","2020-03-22",225,5,125,927,7067,0.530918352907882,8340,36509,362,854,141,769,24,492,119,24
"374","2020-03-23",233,5,149,1035,7067,0.530918352907882,8340,36509,362,854,124,893,24,516,102,24
"375","2020-03-24",242,5,173,1119,7067,0.530918352907882,8340,36509,362,854,151,1044,19,535,116,19
"376","2020-03-25",273,5,192,1221,7067,0.530918352907882,8340,36509,362,854,159,1203,23,558,136,23
"377","2020-03-26",301,5,200,1281,7067,0.530918352907882,8340,36509,362,854,172,1375,26,584,147,26
"378","2020-03-27",412,5,200,1374,7067,0.530918352907882,8340,36509,362,854,192,1567,29,613,170,29
"379","2020-03-28",450,5,197,1428,7067,0.530918352907882,8340,36509,362,854,177,1744,30,643,150,30
"380","2020-03-29",437,5,208,1510,7067,0.530918352907882,8340,36509,362,854,160,1904,35,678,146,35
"381","2020-03-30",437,5,200,1574,7067,0.530918352907882,8340,36509,362,854,190,2094,24,702,160,24
"382","2020-03-31",462,5,181,1621,7067,0.530918352907882,8340,36509,362,854,229,2323,23,725,199,23
"383","2020-04-01",473,5,204,1678,7067,0.530918352907882,8340,36509,362,854,208,2531,27,752,178,27
"384","2020-04-02",488,5,214,1692,7067,0.530918352907882,8340,36509,362,854,215,2746,50,802,188,50
"385","2020-04-03",595,5,216,1726,7067,0.530918352907882,8340,36509,362,854,205,2951,46,848,180,46
"386","2020-04-04",597,5,228,1735,7067,0.530918352907882,8340,36509,362,854,207,3158,25,873,185,25
"387","2020-04-05",566,5,219,1758,7067,0.530918352907882,8340,36509,362,854,204,3362,35,908,173,35
"388","2020-04-06",570,5,206,1755,7067,0.530918352907882,8340,36509,362,854,248,3610,42,950,226,42
"389","2020-04-07",572,5,222,1745,7067,0.530918352907882,8340,36509,362,854,146,3756,33,983,118,33
"390","2020-04-08",560,5,225,1724,7067,0.530918352907882,8340,36509,362,854,179,3935,49,1032,166,49
"391","2020-04-09",558,5,216,1686,7067,0.530918352907882,8340,36509,362,854,162,4097,27,1059,137,27
"392","2020-04-10",594,5,195,1611,7067,0.530918352907882,8340,36509,362,854,167,4264,19,1078,148,19
"393","2020-04-11",593,5,176,1569,7067,0.530918352907882,8340,36509,362,854,176,4440,27,1105,158,27
"394","2020-04-12",547,5,162,1544,7067,0.530918352907882,8340,36509,362,854,118,4558,31,1136,102,31
"395","2020-04-13",545,5,160,1500,7067,0.530918352907882,8340,36509,362,854,115,4673,64,1200,98,64
"396","2020-04-14",520,5,196,1434,7067,0.530918352907882,8340,36509,362,854,136,4809,68,1268,127,68
"397","2020-04-15",509,5,232,1370,7067,0.530918352907882,8340,36509,362,854,149,4958,45,1313,133,45
"398","2020-04-16",497,5,234,1309,7067,0.530918352907882,8340,36509,362,854,101,5059,39,1352,90,39
"399","2020-04-17",454,5,235,1264,7067,0.530918352907882,8340,36509,362,854,97,5156,22,1374,85,22
"400","2020-04-18",422,5,227,1237,7067,0.530918352907882,8340,36509,362,854,96,5252,27,1401,82,27
"401","2020-04-19",418,5,203,1172,7067,0.530918352907882,8340,36509,362,854,69,5321,44,1445,58,44
"402","2020-04-20",384,5,223,1110,7067,0.530918352907882,8340,36509,362,854,91,5412,33,1478,69,33
"403","2020-04-21",381,5,205,1054,7067,0.530918352907882,8340,36509,362,854,76,5488,54,1532,61,54
"404","2020-04-22",386,5,178,1020,7067,0.530918352907882,8340,36509,362,854,77,5565,47,1579,65,47
"405","2020-04-23",367,5,172,994,7067,0.530918352907882,8340,36509,362,854,80,5645,55,1634,58,55
"406","2020-04-24",359,5,169,949,7067,0.530918352907882,8340,36509,362,854,63,5708,33,1667,49,33
"407","2020-04-25",378,5,199,949,7067,0.530918352907882,8340,36509,362,854,55,5763,25,1692,46,25
"408","2020-04-26",322,5,228,930,7067,0.530918352907882,8340,36509,362,854,52,5815,21,1713,40,21
"409","2020-04-27",309,5,229,892,7067,0.530918352907882,8340,36509,362,854,46,5861,23,1736,35,23
"410","2020-04-28",295,5,226,849,7067,0.530918352907882,8340,36509,362,854,50,5911,29,1765,35,29
"411","2020-04-29",282,5,215,823,7067,0.530918352907882,8340,36509,362,854,50,5961,24,1789,35,24
"412","2020-04-30",279,5,190,781,7067,0.530918352907882,8340,36509,362,854,34,5995,29,1818,21,29
"413","2020-05-01",275,5,181,770,7067,0.530918352907882,8340,36509,362,854,43,6038,21,1839,35,21
"414","2020-05-02",256,5,207,744,7067,0.530918352907882,8340,36509,362,854,29,6067,28,1867,24,28
"415","2020-05-03",267,5,207,694,7067,0.530918352907882,8340,36509,362,854,30,6097,18,1885,21,18
"416","2020-05-04",258,5,203,672,7067,0.530918352907882,8340,36509,362,854,24,6121,25,1910,13,25
"417","2020-05-05",237,5,206,640,7067,0.530918352907882,8340,36509,362,854,19,6140,19,1929,6,19
"418","2020-05-06",225,5,214,607,7067,0.530918352907882,8340,36509,362,854,25,6165,35,1964,11,35
"419","2020-05-07",221,5,237,586,7067,0.530918352907882,8340,36509,362,854,21,6186,20,1984,11,20
"420","2020-05-08",203,5,226,568,7067,0.530918352907882,8340,36509,362,854,14,6200,22,2006,9,22
"421","2020-05-09",188,5,206,536,7067,0.530918352907882,8340,36509,362,854,15,6215,22,2028,8,22
"422","2020-05-10",165,5,190,508,7067,0.530918352907882,8340,36509,362,854,20,6235,25,2053,12,25
"423","2020-05-11",168,5,169,491,7067,0.530918352907882,8340,36509,362,854,10,6245,16,2069,6,16
"424","2020-05-12",168,5,193,478,7067,0.530918352907882,8340,36509,362,854,10,6255,17,2086,7,17
"425","2020-05-13",162,5,201,457,7067,0.530918352907882,8340,36509,362,854,13,6268,29,2115,6,29
"426","2020-05-14",156,5,217,446,7067,0.530918352907882,8340,36509,362,854,13,6281,31,2146,4,31
"427","2020-05-15",154,5,211,429,7067,0.530918352907882,8340,36509,362,854,17,6298,33,2179,10,33
"428","2020-05-16",149,5,198,410,7067,0.530918352907882,8340,36509,362,854,13,6311,22,2201,4,22
"429","2020-05-17",145,5,194,396,7067,0.530918352907882,8340,36509,362,854,10,6321,26,2227,3,26
"430","2020-05-18",137,5,214,386,7067,0.530918352907882,8340,36509,362,854,9,6330,17,2244,2,17
"431","2020-05-19",116,5,221,362,7067,0.530918352907882,8340,36509,362,854,13,6343,18,2262,2,18
"432","2020-05-20",118,5,206,336,7067,0.530918352907882,8340,36509,362,854,5,6348,20,2282,1,20
"433","2020-05-21",118,5,189,312,7067,0.530918352907882,8340,36509,362,854,13,6361,40,2322,7,40
"434","2020-05-22",109,5,169,291,7067,0.530918352907882,8340,36509,362,854,7,6368,28,2350,4,28
"435","2020-05-23",111,5,177,268,7067,0.530918352907882,8340,36509,362,854,12,6380,18,2368,5,18
"436","2020-05-24",97,5,189,252,7067,0.530918352907882,8340,36509,362,854,8,6388,39,2407,5,39
"437","2020-05-25",103,5,184,236,7067,0.530918352907882,8340,36509,362,854,11,6399,45,2452,1,45
"438","2020-05-26",98,5,204,227,7067,0.530918352907882,8340,36509,362,854,7,6406,23,2475,6,23
"439","2020-05-27",89,5,184,217,7067,0.530918352907882,8340,36509,362,854,5,6411,34,2509,2,34
"440","2020-05-28",84,5,167,210,7067,0.530918352907882,8340,36509,362,854,12,6423,32,2541,3,32
"441","2020-05-29",75,5,170,202,7067,0.530918352907882,8340,36509,362,854,6,6429,29,2570,1,29
"442","2020-05-30",69,5,177,202,7067,0.530918352907882,8340,36509,362,854,5,6434,26,2596,3,26
"443","2020-05-31",66,5,211,195,7067,0.530918352907882,8340,36509,362,854,13,6447,51,2647,6,51
"444","2020-06-01",57,5,200,188,7067,0.530918352907882,8340,36509,362,854,10,6457,38,2685,4,38
"445","2020-06-02",54,5,192,177,7067,0.530918352907882,8340,36509,362,854,7,6464,31,2716,1,31
"446","2020-06-03",56,5,177,176,7067,0.530918352907882,8340,36509,362,854,6,6470,22,2738,2,22
"447","2020-06-04",56,5,175,172,7067,0.530918352907882,8340,36509,362,854,7,6477,13,2751,3,13
"448","2020-06-05",61,5,167,153,7067,0.530918352907882,8340,36509,362,854,4,6481,16,2767,1,16
"449","2020-06-06",71,5,152,146,7067,0.530918352907882,8340,36509,362,854,4,6485,34,2801,3,34
"450","2020-06-07",68,5,149,143,7067,0.530918352907882,8340,36509,362,854,6,6491,33,2834,4,33
"451","2020-03-08",2,6,0,0,6922,0.634209765963594,8355,37486,392,2161,NA,NA,NA,NA,NA,NA
"452","2020-03-09",2,6,0,0,6922,0.634209765963594,8355,37486,392,2161,NA,NA,NA,NA,NA,NA
"453","2020-03-10",0,6,0,0,6922,0.634209765963594,8355,37486,392,2161,NA,NA,3,3,NA,3
"454","2020-03-11",0,6,0,0,6922,0.634209765963594,8355,37486,392,2161,51,51,49,52,NA,49
"455","2020-03-12",1,6,168,110,6922,0.634209765963594,8355,37486,392,2161,49,100,56,108,2,56
"456","2020-03-13",4,6,184,179,6922,0.634209765963594,8355,37486,392,2161,50,150,44,152,12,44
"457","2020-03-14",8,6,195,263,6922,0.634209765963594,8355,37486,392,2161,76,226,74,226,20,74
"458","2020-03-15",36,6,174,345,6922,0.634209765963594,8355,37486,392,2161,87,313,61,287,29,61
"459","2020-03-16",50,6,172,420,6922,0.634209765963594,8355,37486,392,2161,73,386,38,325,32,38
"460","2020-03-17",56,6,158,528,6922,0.634209765963594,8355,37486,392,2161,115,501,41,366,50,41
"461","2020-03-18",69,6,168,640,6922,0.634209765963594,8355,37486,392,2161,99,600,22,388,55,22
"462","2020-03-19",86,6,167,733,6922,0.634209765963594,8355,37486,392,2161,109,709,25,413,65,25
"463","2020-03-20",152,6,215,836,6922,0.634209765963594,8355,37486,392,2161,151,860,23,436,101,23
"464","2020-03-21",177,6,254,931,6922,0.634209765963594,8355,37486,392,2161,115,975,17,453,80,17
"465","2020-03-22",255,6,277,1022,6922,0.634209765963594,8355,37486,392,2161,135,1110,14,467,96,14
"466","2020-03-23",272,6,301,1153,6922,0.634209765963594,8355,37486,392,2161,149,1259,19,486,100,19
"467","2020-03-24",284,6,286,1214,6922,0.634209765963594,8355,37486,392,2161,136,1395,23,509,92,23
"468","2020-03-25",306,6,258,1287,6922,0.634209765963594,8355,37486,392,2161,155,1550,13,522,112,13
"469","2020-03-26",334,6,209,1361,6922,0.634209765963594,8355,37486,392,2161,148,1698,20,542,103,20
"470","2020-03-27",440,6,202,1435,6922,0.634209765963594,8355,37486,392,2161,161,1859,12,554,116,12
"471","2020-03-28",477,6,187,1488,6922,0.634209765963594,8355,37486,392,2161,174,2033,12,566,122,12
"472","2020-03-29",442,6,178,1526,6922,0.634209765963594,8355,37486,392,2161,169,2202,12,578,118,12
"473","2020-03-30",468,6,215,1566,6922,0.634209765963594,8355,37486,392,2161,213,2415,32,610,168,32
"474","2020-03-31",474,6,219,1603,6922,0.634209765963594,8355,37486,392,2161,169,2584,50,660,123,50
"475","2020-04-01",504,6,211,1623,6922,0.634209765963594,8355,37486,392,2161,163,2747,32,692,126,32
"476","2020-04-02",512,6,190,1612,6922,0.634209765963594,8355,37486,392,2161,152,2899,31,723,107,31
"477","2020-04-03",585,6,182,1626,6922,0.634209765963594,8355,37486,392,2161,163,3062,48,771,116,48
"478","2020-04-04",590,6,226,1621,6922,0.634209765963594,8355,37486,392,2161,174,3236,24,795,145,24
"479","2020-04-05",561,6,215,1570,6922,0.634209765963594,8355,37486,392,2161,168,3404,23,818,120,23
"480","2020-04-06",537,6,201,1537,6922,0.634209765963594,8355,37486,392,2161,189,3593,33,851,150,33
"481","2020-04-07",509,6,177,1522,6922,0.634209765963594,8355,37486,392,2161,156,3749,49,900,110,49
"482","2020-04-08",506,6,173,1514,6922,0.634209765963594,8355,37486,392,2161,159,3908,30,930,120,30
"483","2020-04-09",502,6,172,1486,6922,0.634209765963594,8355,37486,392,2161,142,4050,26,956,97,26
"484","2020-04-10",522,6,169,1452,6922,0.634209765963594,8355,37486,392,2161,139,4189,25,981,91,25
"485","2020-04-11",521,6,216,1410,6922,0.634209765963594,8355,37486,392,2161,137,4326,28,1009,99,28
"486","2020-04-12",475,6,195,1353,6922,0.634209765963594,8355,37486,392,2161,133,4459,45,1054,93,45
"487","2020-04-13",479,6,189,1316,6922,0.634209765963594,8355,37486,392,2161,107,4566,32,1086,75,32
"488","2020-04-14",477,6,218,1284,6922,0.634209765963594,8355,37486,392,2161,118,4684,16,1102,87,16
"489","2020-04-15",458,6,240,1229,6922,0.634209765963594,8355,37486,392,2161,90,4774,16,1118,63,16
"490","2020-04-16",441,6,234,1173,6922,0.634209765963594,8355,37486,392,2161,96,4870,16,1134,65,16
"491","2020-04-17",412,6,228,1154,6922,0.634209765963594,8355,37486,392,2161,99,4969,11,1145,65,11
"492","2020-04-18",417,6,239,1126,6922,0.634209765963594,8355,37486,392,2161,74,5043,38,1183,39,38
"493","2020-04-19",361,6,227,1116,6922,0.634209765963594,8355,37486,392,2161,82,5125,61,1244,47,61
"494","2020-04-20",341,6,231,1070,6922,0.634209765963594,8355,37486,392,2161,84,5209,44,1288,51,44
"495","2020-04-21",348,6,232,1042,6922,0.634209765963594,8355,37486,392,2161,62,5271,15,1303,36,15
"496","2020-04-22",340,6,249,1003,6922,0.634209765963594,8355,37486,392,2161,70,5341,18,1321,34,18
"497","2020-04-23",337,6,226,992,6922,0.634209765963594,8355,37486,392,2161,63,5404,22,1343,39,22
"498","2020-04-24",343,6,209,950,6922,0.634209765963594,8355,37486,392,2161,65,5469,18,1361,39,18
"499","2020-04-25",318,6,207,918,6922,0.634209765963594,8355,37486,392,2161,57,5526,18,1379,33,18
"500","2020-04-26",321,6,180,887,6922,0.634209765963594,8355,37486,392,2161,53,5579,17,1396,26,17
"501","2020-04-27",320,6,193,843,6922,0.634209765963594,8355,37486,392,2161,44,5623,15,1411,23,15
"502","2020-04-28",281,6,175,804,6922,0.634209765963594,8355,37486,392,2161,51,5674,58,1469,25,58
"503","2020-04-29",278,6,174,774,6922,0.634209765963594,8355,37486,392,2161,47,5721,59,1528,26,59
"504","2020-04-30",285,6,187,751,6922,0.634209765963594,8355,37486,392,2161,50,5771,43,1571,22,43
"505","2020-05-01",273,6,194,736,6922,0.634209765963594,8355,37486,392,2161,44,5815,20,1591,18,20
"506","2020-05-02",276,6,244,704,6922,0.634209765963594,8355,37486,392,2161,42,5857,11,1602,18,11
"507","2020-05-03",237,6,262,683,6922,0.634209765963594,8355,37486,392,2161,32,5889,15,1617,12,15
"508","2020-05-04",225,6,253,663,6922,0.634209765963594,8355,37486,392,2161,35,5924,19,1636,20,19
"509","2020-05-05",221,6,247,640,6922,0.634209765963594,8355,37486,392,2161,38,5962,18,1654,23,18
"510","2020-05-06",208,6,244,640,6922,0.634209765963594,8355,37486,392,2161,23,5985,62,1716,7,62
"511","2020-05-07",190,6,229,617,6922,0.634209765963594,8355,37486,392,2161,31,6016,61,1777,10,61
"512","2020-05-08",203,6,224,598,6922,0.634209765963594,8355,37486,392,2161,21,6037,49,1826,7,49
"513","2020-05-09",197,6,208,570,6922,0.634209765963594,8355,37486,392,2161,21,6058,79,1905,10,79
"514","2020-05-10",189,6,179,543,6922,0.634209765963594,8355,37486,392,2161,22,6080,84,1989,4,84
"515","2020-05-11",186,6,174,521,6922,0.634209765963594,8355,37486,392,2161,28,6108,39,2028,10,39
"516","2020-05-12",183,6,159,505,6922,0.634209765963594,8355,37486,392,2161,24,6132,28,2056,5,28
"517","2020-05-13",183,6,156,488,6922,0.634209765963594,8355,37486,392,2161,22,6154,22,2078,5,22
"518","2020-05-14",181,6,151,473,6922,0.634209765963594,8355,37486,392,2161,16,6170,23,2101,6,23
"519","2020-05-15",168,6,147,451,6922,0.634209765963594,8355,37486,392,2161,24,6194,39,2140,8,39
"520","2020-05-16",165,6,148,434,6922,0.634209765963594,8355,37486,392,2161,19,6213,38,2178,8,38
"521","2020-05-17",143,6,152,410,6922,0.634209765963594,8355,37486,392,2161,17,6230,45,2223,7,45
"522","2020-05-18",133,6,196,392,6922,0.634209765963594,8355,37486,392,2161,25,6255,26,2249,12,26
"523","2020-05-19",130,6,204,381,6922,0.634209765963594,8355,37486,392,2161,16,6271,24,2273,4,24
"524","2020-05-20",117,6,181,366,6922,0.634209765963594,8355,37486,392,2161,24,6295,37,2310,8,37
"525","2020-05-21",113,6,167,345,6922,0.634209765963594,8355,37486,392,2161,13,6308,24,2334,4,24
"526","2020-05-22",112,6,206,335,6922,0.634209765963594,8355,37486,392,2161,24,6332,41,2375,7,41
"527","2020-05-23",104,6,241,322,6922,0.634209765963594,8355,37486,392,2161,21,6353,54,2429,8,54
"528","2020-05-24",103,6,218,301,6922,0.634209765963594,8355,37486,392,2161,15,6368,25,2454,6,25
"529","2020-05-25",102,6,212,275,6922,0.634209765963594,8355,37486,392,2161,14,6382,20,2474,4,20
"530","2020-05-26",96,6,204,265,6922,0.634209765963594,8355,37486,392,2161,15,6397,31,2505,6,31
"531","2020-05-27",99,6,199,250,6922,0.634209765963594,8355,37486,392,2161,13,6410,32,2537,3,32
"532","2020-05-28",96,6,188,246,6922,0.634209765963594,8355,37486,392,2161,20,6430,16,2553,6,16
"533","2020-05-29",91,6,214,239,6922,0.634209765963594,8355,37486,392,2161,18,6448,12,2565,4,12
"534","2020-05-30",96,6,232,220,6922,0.634209765963594,8355,37486,392,2161,16,6464,19,2584,5,19
"535","2020-05-31",85,6,208,207,6922,0.634209765963594,8355,37486,392,2161,12,6476,43,2627,4,43
"536","2020-06-01",80,6,187,198,6922,0.634209765963594,8355,37486,392,2161,11,6487,19,2646,6,19
"537","2020-06-02",77,6,181,195,6922,0.634209765963594,8355,37486,392,2161,13,6500,17,2663,4,17
"538","2020-06-03",76,6,170,196,6922,0.634209765963594,8355,37486,392,2161,10,6510,13,2676,2,13
"539","2020-06-04",72,6,178,196,6922,0.634209765963594,8355,37486,392,2161,14,6524,13,2689,5,13
"540","2020-06-05",67,6,202,186,6922,0.634209765963594,8355,37486,392,2161,11,6535,8,2697,2,8
"541","2020-06-06",59,6,247,175,6922,0.634209765963594,8355,37486,392,2161,13,6548,6,2703,4,6
"542","2020-06-07",51,6,244,166,6922,0.634209765963594,8355,37486,392,2161,8,6556,15,2718,4,15
"543","2020-03-08",1,7,0,0,8192,0.2806396484375,8400,39818,455,972,NA,NA,NA,NA,NA,NA
"544","2020-03-09",1,7,0,0,8192,0.2806396484375,8400,39818,455,972,NA,NA,NA,NA,NA,NA
"545","2020-03-10",0,7,0,0,8192,0.2806396484375,8400,39818,455,972,NA,NA,5,5,NA,5
"546","2020-03-11",0,7,0,0,8192,0.2806396484375,8400,39818,455,972,30,30,32,37,3,32
"547","2020-03-12",0,7,0,0,8192,0.2806396484375,8400,39818,455,972,28,58,41,78,7,41
"548","2020-03-13",3,7,87,273,8192,0.2806396484375,8400,39818,455,972,41,99,32,110,11,32
"549","2020-03-14",27,7,96,355,8192,0.2806396484375,8400,39818,455,972,48,147,52,162,17,52
"550","2020-03-15",56,7,90,468,8192,0.2806396484375,8400,39818,455,972,44,191,61,223,20,61
"551","2020-03-16",64,7,86,592,8192,0.2806396484375,8400,39818,455,972,56,247,57,280,37,57
"552","2020-03-17",81,7,74,700,8192,0.2806396484375,8400,39818,455,972,64,311,35,315,31,35
"553","2020-03-18",103,7,86,810,8192,0.2806396484375,8400,39818,455,972,83,394,19,334,53,19
"554","2020-03-19",131,7,101,930,8192,0.2806396484375,8400,39818,455,972,91,485,16,350,66,16
"555","2020-03-20",207,7,110,1010,8192,0.2806396484375,8400,39818,455,972,96,581,9,359,75,9
"556","2020-03-21",325,7,102,1115,8192,0.2806396484375,8400,39818,455,972,118,699,17,376,84,17
"557","2020-03-22",329,7,96,1215,8192,0.2806396484375,8400,39818,455,972,90,789,35,411,69,35
"558","2020-03-23",333,7,85,1296,8192,0.2806396484375,8400,39818,455,972,125,914,17,428,101,17
"559","2020-03-24",361,7,90,1370,8192,0.2806396484375,8400,39818,455,972,126,1040,25,453,101,25
"560","2020-03-25",391,7,112,1429,8192,0.2806396484375,8400,39818,455,972,115,1155,27,480,99,27
"561","2020-03-26",422,7,140,1462,8192,0.2806396484375,8400,39818,455,972,141,1296,9,489,119,9
"562","2020-03-27",545,7,163,1533,8192,0.2806396484375,8400,39818,455,972,139,1435,5,494,122,5
"563","2020-03-28",495,7,166,1536,8192,0.2806396484375,8400,39818,455,972,170,1605,3,497,144,3
"564","2020-03-29",476,7,157,1583,8192,0.2806396484375,8400,39818,455,972,156,1761,6,503,135,6
"565","2020-03-30",489,7,134,1590,8192,0.2806396484375,8400,39818,455,972,137,1898,54,557,121,54
"566","2020-03-31",483,7,134,1590,8192,0.2806396484375,8400,39818,455,972,199,2097,39,596,178,39
"567","2020-04-01",486,7,125,1597,8192,0.2806396484375,8400,39818,455,972,173,2270,33,629,147,33
"568","2020-04-02",501,7,127,1578,8192,0.2806396484375,8400,39818,455,972,161,2431,46,675,137,46
"569","2020-04-03",565,7,119,1568,8192,0.2806396484375,8400,39818,455,972,141,2572,24,699,123,24
"570","2020-04-04",573,7,104,1579,8192,0.2806396484375,8400,39818,455,972,206,2778,9,708,179,9
"571","2020-04-05",524,7,101,1573,8192,0.2806396484375,8400,39818,455,972,185,2963,43,751,163,43
"572","2020-04-06",508,7,109,1560,8192,0.2806396484375,8400,39818,455,972,160,3123,34,785,138,34
"573","2020-04-07",505,7,142,1506,8192,0.2806396484375,8400,39818,455,972,153,3276,27,812,134,27
"574","2020-04-08",505,7,131,1488,8192,0.2806396484375,8400,39818,455,972,161,3437,15,827,149,15
"575","2020-04-09",469,7,171,1482,8192,0.2806396484375,8400,39818,455,972,144,3581,16,843,127,16
"576","2020-04-10",434,7,183,1481,8192,0.2806396484375,8400,39818,455,972,145,3726,8,851,128,8
"577","2020-04-11",452,7,239,1491,8192,0.2806396484375,8400,39818,455,972,130,3856,6,857,102,6
"578","2020-04-12",447,7,244,1466,8192,0.2806396484375,8400,39818,455,972,157,4013,10,867,140,10
"579","2020-04-13",432,7,249,1437,8192,0.2806396484375,8400,39818,455,972,132,4145,25,892,113,25
"580","2020-04-14",429,7,227,1422,8192,0.2806396484375,8400,39818,455,972,134,4279,22,914,114,22
"581","2020-04-15",421,7,198,1378,8192,0.2806396484375,8400,39818,455,972,107,4386,15,929,84,15
"582","2020-04-16",430,7,178,1366,8192,0.2806396484375,8400,39818,455,972,124,4510,8,937,104,8
"583","2020-04-17",448,7,168,1371,8192,0.2806396484375,8400,39818,455,972,105,4615,11,948,85,11
"584","2020-04-18",449,7,163,1319,8192,0.2806396484375,8400,39818,455,972,119,4734,71,1019,97,71
"585","2020-04-19",416,7,177,1292,8192,0.2806396484375,8400,39818,455,972,102,4836,22,1041,87,22
"586","2020-04-20",410,7,195,1267,8192,0.2806396484375,8400,39818,455,972,90,4926,14,1055,66,14
"587","2020-04-21",404,7,227,1217,8192,0.2806396484375,8400,39818,455,972,82,5008,11,1066,64,11
"588","2020-04-22",404,7,264,1184,8192,0.2806396484375,8400,39818,455,972,91,5099,40,1106,72,40
"589","2020-04-23",389,7,240,1151,8192,0.2806396484375,8400,39818,455,972,65,5164,34,1140,50,34
"590","2020-04-24",397,7,228,1114,8192,0.2806396484375,8400,39818,455,972,94,5258,19,1159,72,19
"591","2020-04-25",387,7,210,1103,8192,0.2806396484375,8400,39818,455,972,68,5326,14,1173,53,14
"592","2020-04-26",352,7,195,1085,8192,0.2806396484375,8400,39818,455,972,53,5379,16,1189,36,16
"593","2020-04-27",344,7,192,1055,8192,0.2806396484375,8400,39818,455,972,66,5445,11,1200,56,11
"594","2020-04-28",327,7,180,1009,8192,0.2806396484375,8400,39818,455,972,52,5497,11,1211,41,11
"595","2020-04-29",320,7,174,965,8192,0.2806396484375,8400,39818,455,972,47,5544,23,1234,38,23
"596","2020-04-30",321,7,170,939,8192,0.2806396484375,8400,39818,455,972,39,5583,13,1247,29,13
"597","2020-05-01",321,7,167,897,8192,0.2806396484375,8400,39818,455,972,39,5622,12,1259,29,12
"598","2020-05-02",307,7,167,882,8192,0.2806396484375,8400,39818,455,972,42,5664,15,1274,29,15
"599","2020-05-03",292,7,198,850,8192,0.2806396484375,8400,39818,455,972,44,5708,36,1310,31,36
"600","2020-05-04",279,7,208,836,8192,0.2806396484375,8400,39818,455,972,42,5750,25,1335,30,25
"601","2020-05-05",273,7,227,791,8192,0.2806396484375,8400,39818,455,972,35,5785,26,1361,20,26
"602","2020-05-06",251,7,216,755,8192,0.2806396484375,8400,39818,455,972,32,5817,21,1382,18,21
"603","2020-05-07",247,7,203,742,8192,0.2806396484375,8400,39818,455,972,31,5848,53,1435,18,53
"604","2020-05-08",251,7,184,699,8192,0.2806396484375,8400,39818,455,972,23,5871,21,1456,14,21
"605","2020-05-09",254,7,183,665,8192,0.2806396484375,8400,39818,455,972,27,5898,22,1478,17,22
"606","2020-05-10",229,7,181,634,8192,0.2806396484375,8400,39818,455,972,20,5918,46,1524,14,46
"607","2020-05-11",226,7,167,620,8192,0.2806396484375,8400,39818,455,972,17,5935,17,1541,6,17
"608","2020-05-12",215,7,164,604,8192,0.2806396484375,8400,39818,455,972,20,5955,19,1560,8,19
"609","2020-05-13",218,7,188,577,8192,0.2806396484375,8400,39818,455,972,22,5977,40,1600,12,40
"610","2020-05-14",221,7,197,560,8192,0.2806396484375,8400,39818,455,972,18,5995,29,1629,11,29
"611","2020-05-15",213,7,193,549,8192,0.2806396484375,8400,39818,455,972,17,6012,35,1664,11,35
"612","2020-05-16",196,7,234,526,8192,0.2806396484375,8400,39818,455,972,10,6022,17,1681,5,17
"613","2020-05-17",181,7,248,524,8192,0.2806396484375,8400,39818,455,972,16,6038,23,1704,9,23
"614","2020-05-18",168,7,261,506,8192,0.2806396484375,8400,39818,455,972,18,6056,16,1720,9,16
"615","2020-05-19",156,7,242,487,8192,0.2806396484375,8400,39818,455,972,14,6070,17,1737,7,17
"616","2020-05-20",158,7,229,469,8192,0.2806396484375,8400,39818,455,972,14,6084,8,1745,9,8
"617","2020-05-21",142,7,201,444,8192,0.2806396484375,8400,39818,455,972,16,6100,8,1753,10,8
"618","2020-05-22",144,7,201,429,8192,0.2806396484375,8400,39818,455,972,20,6120,6,1759,10,6
"619","2020-05-23",158,7,210,407,8192,0.2806396484375,8400,39818,455,972,26,6146,34,1793,16,34
"620","2020-05-24",139,7,185,392,8192,0.2806396484375,8400,39818,455,972,13,6159,23,1816,8,23
"621","2020-05-25",127,7,178,371,8192,0.2806396484375,8400,39818,455,972,9,6168,43,1859,5,43
"622","2020-05-26",137,7,200,360,8192,0.2806396484375,8400,39818,455,972,14,6182,38,1897,7,38
"623","2020-05-27",131,7,197,343,8192,0.2806396484375,8400,39818,455,972,11,6193,46,1943,7,46
"624","2020-05-28",124,7,211,320,8192,0.2806396484375,8400,39818,455,972,11,6204,27,1970,7,27
"625","2020-05-29",119,7,224,312,8192,0.2806396484375,8400,39818,455,972,16,6220,22,1992,9,22
"626","2020-05-30",111,7,232,284,8192,0.2806396484375,8400,39818,455,972,14,6234,50,2042,7,50
"627","2020-05-31",110,7,212,257,8192,0.2806396484375,8400,39818,455,972,9,6243,29,2071,2,29
"628","2020-06-01",101,7,211,243,8192,0.2806396484375,8400,39818,455,972,6,6249,22,2093,3,22
"629","2020-06-02",89,7,224,228,8192,0.2806396484375,8400,39818,455,972,11,6260,11,2104,4,11
"630","2020-06-03",79,7,239,216,8192,0.2806396484375,8400,39818,455,972,9,6269,5,2109,3,5
"631","2020-06-04",83,7,227,195,8192,0.2806396484375,8400,39818,455,972,6,6275,13,2122,3,13
"632","2020-06-05",75,7,214,187,8192,0.2806396484375,8400,39818,455,972,8,6283,34,2156,3,34
"633","2020-06-06",65,7,207,176,8192,0.2806396484375,8400,39818,455,972,3,6286,27,2183,1,27
"634","2020-06-07",59,7,224,165,8192,0.2806396484375,8400,39818,455,972,5,6291,49,2232,1,49
"635","2020-03-07",1,8,0,0,7657,0.478646989682643,8415,37779,431,2239,NA,NA,NA,NA,NA,NA
"636","2020-03-08",1,8,0,0,7657,0.478646989682643,8415,37779,431,2239,NA,NA,NA,NA,NA,NA
"637","2020-03-09",0,8,0,0,7657,0.478646989682643,8415,37779,431,2239,NA,NA,NA,NA,NA,NA
"638","2020-03-10",0,8,0,0,7657,0.478646989682643,8415,37779,431,2239,NA,NA,5,5,NA,5
"639","2020-03-11",0,8,0,0,7657,0.478646989682643,8415,37779,431,2239,44,44,27,32,NA,27
"640","2020-03-12",1,8,130,134,7657,0.478646989682643,8415,37779,431,2239,50,94,23,55,1,23
"641","2020-03-13",9,8,156,200,7657,0.478646989682643,8415,37779,431,2239,51,145,22,77,6,22
"642","2020-03-14",23,8,167,290,7657,0.478646989682643,8415,37779,431,2239,50,195,14,91,12,14
"643","2020-03-15",39,8,193,371,7657,0.478646989682643,8415,37779,431,2239,77,272,31,122,17,31
"644","2020-03-16",47,8,255,454,7657,0.478646989682643,8415,37779,431,2239,61,333,39,161,22,39
"645","2020-03-17",61,8,317,557,7657,0.478646989682643,8415,37779,431,2239,50,383,23,184,23,23
"646","2020-03-18",85,8,285,664,7657,0.478646989682643,8415,37779,431,2239,81,464,44,228,26,44
"647","2020-03-19",112,8,264,777,7657,0.478646989682643,8415,37779,431,2239,81,545,38,266,33,38
"648","2020-03-20",171,8,296,885,7657,0.478646989682643,8415,37779,431,2239,94,639,39,305,49,39
"649","2020-03-21",246,8,317,990,7657,0.478646989682643,8415,37779,431,2239,92,731,58,363,50,58
"650","2020-03-22",262,8,299,1092,7657,0.478646989682643,8415,37779,431,2239,81,812,62,425,31,62
"651","2020-03-23",272,8,323,1213,7657,0.478646989682643,8415,37779,431,2239,101,913,31,456,54,31
"652","2020-03-24",288,8,297,1301,7657,0.478646989682643,8415,37779,431,2239,116,1029,30,486,59,30
"653","2020-03-25",310,8,292,1394,7657,0.478646989682643,8415,37779,431,2239,124,1153,43,529,80,43
"654","2020-03-26",330,8,279,1470,7657,0.478646989682643,8415,37779,431,2239,114,1267,35,564,56,35
"655","2020-03-27",459,8,266,1531,7657,0.478646989682643,8415,37779,431,2239,109,1376,48,612,64,48
"656","2020-03-28",499,8,280,1598,7657,0.478646989682643,8415,37779,431,2239,105,1481,42,654,65,42
"657","2020-03-29",509,8,306,1659,7657,0.478646989682643,8415,37779,431,2239,121,1602,32,686,81,32
"658","2020-03-30",502,8,292,1691,7657,0.478646989682643,8415,37779,431,2239,108,1710,22,708,65,22
"659","2020-03-31",523,8,292,1746,7657,0.478646989682643,8415,37779,431,2239,121,1831,17,725,71,17
"660","2020-04-01",540,8,287,1771,7657,0.478646989682643,8415,37779,431,2239,89,1920,23,748,52,23
"661","2020-04-02",566,8,301,1836,7657,0.478646989682643,8415,37779,431,2239,143,2063,26,774,88,26
"662","2020-04-03",670,8,277,1850,7657,0.478646989682643,8415,37779,431,2239,123,2186,43,817,74,43
"663","2020-04-04",637,8,269,1867,7657,0.478646989682643,8415,37779,431,2239,114,2300,29,846,63,29
"664","2020-04-05",597,8,244,1889,7657,0.478646989682643,8415,37779,431,2239,115,2415,48,894,66,48
"665","2020-04-06",615,8,266,1902,7657,0.478646989682643,8415,37779,431,2239,109,2524,53,947,63,53
"666","2020-04-07",625,8,278,1849,7657,0.478646989682643,8415,37779,431,2239,94,2618,21,968,61,21
"667","2020-04-08",619,8,288,1803,7657,0.478646989682643,8415,37779,431,2239,105,2723,32,1000,57,32
"668","2020-04-09",603,8,269,1786,7657,0.478646989682643,8415,37779,431,2239,105,2828,46,1046,60,46
"669","2020-04-10",639,8,304,1757,7657,0.478646989682643,8415,37779,431,2239,108,2936,62,1108,56,62
"670","2020-04-11",635,8,352,1727,7657,0.478646989682643,8415,37779,431,2239,81,3017,35,1143,39,35
"671","2020-04-12",578,8,395,1686,7657,0.478646989682643,8415,37779,431,2239,95,3112,33,1176,46,33
"672","2020-04-13",544,8,375,1613,7657,0.478646989682643,8415,37779,431,2239,87,3199,28,1204,41,28
"673","2020-04-14",517,8,331,1561,7657,0.478646989682643,8415,37779,431,2239,88,3287,33,1237,54,33
"674","2020-04-15",521,8,319,1491,7657,0.478646989682643,8415,37779,431,2239,108,3395,25,1262,50,25
"675","2020-04-16",517,8,328,1437,7657,0.478646989682643,8415,37779,431,2239,74,3469,20,1282,42,20
"676","2020-04-17",495,8,317,1391,7657,0.478646989682643,8415,37779,431,2239,87,3556,46,1328,43,46
"677","2020-04-18",516,8,303,1300,7657,0.478646989682643,8415,37779,431,2239,85,3641,40,1368,49,40
"678","2020-04-19",479,8,307,1243,7657,0.478646989682643,8415,37779,431,2239,99,3740,22,1390,55,22
"679","2020-04-20",473,8,303,1184,7657,0.478646989682643,8415,37779,431,2239,67,3807,15,1405,29,15
"680","2020-04-21",459,8,295,1141,7657,0.478646989682643,8415,37779,431,2239,87,3894,27,1432,46,27
"681","2020-04-22",436,8,293,1082,7657,0.478646989682643,8415,37779,431,2239,94,3988,17,1449,46,17
"682","2020-04-23",417,8,287,1051,7657,0.478646989682643,8415,37779,431,2239,66,4054,33,1482,37,33
"683","2020-04-24",393,8,289,1012,7657,0.478646989682643,8415,37779,431,2239,80,4134,25,1507,33,25
"684","2020-04-25",368,8,303,976,7657,0.478646989682643,8415,37779,431,2239,81,4215,46,1553,34,46
"685","2020-04-26",330,8,296,942,7657,0.478646989682643,8415,37779,431,2239,72,4287,42,1595,36,42
"686","2020-04-27",315,8,291,894,7657,0.478646989682643,8415,37779,431,2239,75,4362,28,1623,36,28
"687","2020-04-28",301,8,271,846,7657,0.478646989682643,8415,37779,431,2239,48,4410,57,1680,23,57
"688","2020-04-29",289,8,272,809,7657,0.478646989682643,8415,37779,431,2239,56,4466,32,1712,20,32
"689","2020-04-30",283,8,269,774,7657,0.478646989682643,8415,37779,431,2239,64,4530,26,1738,27,26
"690","2020-05-01",253,8,285,735,7657,0.478646989682643,8415,37779,431,2239,58,4588,26,1764,22,26
"691","2020-05-02",267,8,280,698,7657,0.478646989682643,8415,37779,431,2239,61,4649,20,1784,18,20
"692","2020-05-03",242,8,286,667,7657,0.478646989682643,8415,37779,431,2239,61,4710,14,1798,23,14
"693","2020-05-04",235,8,292,657,7657,0.478646989682643,8415,37779,431,2239,63,4773,12,1810,20,12
"694","2020-05-05",235,8,364,624,7657,0.478646989682643,8415,37779,431,2239,53,4826,51,1861,27,51
"695","2020-05-06",232,8,375,582,7657,0.478646989682643,8415,37779,431,2239,50,4876,31,1892,16,31
"696","2020-05-07",221,8,338,556,7657,0.478646989682643,8415,37779,431,2239,61,4937,13,1905,29,13
"697","2020-05-08",202,8,324,526,7657,0.478646989682643,8415,37779,431,2239,53,4990,14,1919,24,14
"698","2020-05-09",203,8,323,512,7657,0.478646989682643,8415,37779,431,2239,66,5056,28,1947,24,28
"699","2020-05-10",181,8,332,487,7657,0.478646989682643,8415,37779,431,2239,43,5099,53,2000,14,53
"700","2020-05-11",171,8,310,472,7657,0.478646989682643,8415,37779,431,2239,39,5138,34,2034,18,34
"701","2020-05-12",157,8,315,454,7657,0.478646989682643,8415,37779,431,2239,40,5178,40,2074,19,40
"702","2020-05-13",155,8,298,438,7657,0.478646989682643,8415,37779,431,2239,47,5225,31,2105,22,31
"703","2020-05-14",145,8,290,426,7657,0.478646989682643,8415,37779,431,2239,41,5266,13,2118,10,13
"704","2020-05-15",152,8,292,412,7657,0.478646989682643,8415,37779,431,2239,28,5294,26,2144,7,26
"705","2020-05-16",136,8,272,395,7657,0.478646989682643,8415,37779,431,2239,33,5327,25,2169,10,25
"706","2020-05-17",142,8,266,377,7657,0.478646989682643,8415,37779,431,2239,33,5360,25,2194,16,25
"707","2020-05-18",127,8,265,364,7657,0.478646989682643,8415,37779,431,2239,30,5390,21,2215,9,21
"708","2020-05-19",117,8,278,337,7657,0.478646989682643,8415,37779,431,2239,28,5418,53,2268,8,53
"709","2020-05-20",107,8,275,333,7657,0.478646989682643,8415,37779,431,2239,27,5445,38,2306,7,38
"710","2020-05-21",105,8,265,319,7657,0.478646989682643,8415,37779,431,2239,19,5464,19,2325,7,19
"711","2020-05-22",93,8,267,290,7657,0.478646989682643,8415,37779,431,2239,35,5499,12,2337,10,12
"712","2020-05-23",92,8,295,278,7657,0.478646989682643,8415,37779,431,2239,31,5530,12,2349,12,12
"713","2020-05-24",76,8,316,260,7657,0.478646989682643,8415,37779,431,2239,20,5550,35,2384,8,35
"714","2020-05-25",69,8,311,252,7657,0.478646989682643,8415,37779,431,2239,18,5568,14,2398,3,14
"715","2020-05-26",71,8,310,240,7657,0.478646989682643,8415,37779,431,2239,22,5590,27,2425,10,27
"716","2020-05-27",71,8,323,235,7657,0.478646989682643,8415,37779,431,2239,25,5615,54,2479,7,54
"717","2020-05-28",72,8,324,223,7657,0.478646989682643,8415,37779,431,2239,19,5634,26,2505,2,26
"718","2020-05-29",73,8,307,222,7657,0.478646989682643,8415,37779,431,2239,18,5652,23,2528,4,23
"719","2020-05-30",70,8,306,205,7657,0.478646989682643,8415,37779,431,2239,17,5669,53,2581,2,53
"720","2020-05-31",69,8,305,200,7657,0.478646989682643,8415,37779,431,2239,19,5688,26,2607,8,26
"721","2020-06-01",72,8,294,195,7657,0.478646989682643,8415,37779,431,2239,21,5709,18,2625,3,18
"722","2020-06-02",70,8,278,184,7657,0.478646989682643,8415,37779,431,2239,9,5718,19,2644,3,19
"723","2020-06-03",67,8,286,176,7657,0.478646989682643,8415,37779,431,2239,14,5732,10,2654,5,10
"724","2020-06-04",68,8,302,174,7657,0.478646989682643,8415,37779,431,2239,17,5749,8,2662,6,8
"725","2020-06-05",74,8,308,172,7657,0.478646989682643,8415,37779,431,2239,15,5764,38,2700,4,38
"726","2020-06-06",68,8,313,161,7657,0.478646989682643,8415,37779,431,2239,19,5783,43,2743,8,43
"727","2020-06-07",62,8,332,154,7657,0.478646989682643,8415,37779,431,2239,15,5798,21,2764,8,21
"728","2020-03-07",1,9,0,0,6632,0.891133896260555,8340,32639,384,1528,NA,NA,NA,NA,NA,NA
"729","2020-03-08",2,9,0,0,6632,0.891133896260555,8340,32639,384,1528,NA,NA,NA,NA,NA,NA
"730","2020-03-09",1,9,0,0,6632,0.891133896260555,8340,32639,384,1528,NA,NA,NA,NA,NA,NA
"731","2020-03-10",0,9,0,0,6632,0.891133896260555,8340,32639,384,1528,1,1,5,5,1,5
"732","2020-03-11",0,9,0,0,6632,0.891133896260555,8340,32639,384,1528,14,15,26,31,5,26
"733","2020-03-12",0,9,0,0,6632,0.891133896260555,8340,32639,384,1528,24,39,15,46,8,15
"734","2020-03-13",3,9,121,70,6632,0.891133896260555,8340,32639,384,1528,25,64,4,50,16,4
"735","2020-03-14",8,9,166,97,6632,0.891133896260555,8340,32639,384,1528,29,93,9,59,19,9
"736","2020-03-15",22,9,167,134,6632,0.891133896260555,8340,32639,384,1528,40,133,4,63,29,4
"737","2020-03-16",27,9,146,183,6632,0.891133896260555,8340,32639,384,1528,42,175,4,67,31,4
"738","2020-03-17",31,9,137,236,6632,0.891133896260555,8340,32639,384,1528,38,213,51,118,32,51
"739","2020-03-18",38,9,145,290,6632,0.891133896260555,8340,32639,384,1528,72,285,21,139,58,21
"740","2020-03-19",44,9,177,344,6632,0.891133896260555,8340,32639,384,1528,65,350,16,155,51,16
"741","2020-03-20",75,9,187,402,6632,0.891133896260555,8340,32639,384,1528,78,428,15,170,64,15
"742","2020-03-21",93,9,216,479,6632,0.891133896260555,8340,32639,384,1528,76,504,12,182,67,12
"743","2020-03-22",87,9,265,572,6632,0.891133896260555,8340,32639,384,1528,70,574,12,194,59,12
"744","2020-03-23",103,9,301,671,6632,0.891133896260555,8340,32639,384,1528,102,676,20,214,93,20
"745","2020-03-24",118,9,269,747,6632,0.891133896260555,8340,32639,384,1528,137,813,47,261,126,47
"746","2020-03-25",130,9,219,837,6632,0.891133896260555,8340,32639,384,1528,112,925,24,285,104,24
"747","2020-03-26",153,9,208,952,6632,0.891133896260555,8340,32639,384,1528,124,1049,12,297,113,12
"748","2020-03-27",186,9,224,1039,6632,0.891133896260555,8340,32639,384,1528,130,1179,14,311,121,14
"749","2020-03-28",258,9,202,1170,6632,0.891133896260555,8340,32639,384,1528,140,1319,29,340,127,29
"750","2020-03-29",334,9,186,1248,6632,0.891133896260555,8340,32639,384,1528,155,1474,71,411,142,71
"751","2020-03-30",334,9,174,1369,6632,0.891133896260555,8340,32639,384,1528,120,1594,72,483,112,72
"752","2020-03-31",335,9,165,1499,6632,0.891133896260555,8340,32639,384,1528,138,1732,62,545,125,62
"753","2020-04-01",370,9,152,1593,6632,0.891133896260555,8340,32639,384,1528,178,1910,36,581,164,36
"754","2020-04-02",412,9,182,1715,6632,0.891133896260555,8340,32639,384,1528,136,2046,31,612,122,31
"755","2020-04-03",554,9,184,1788,6632,0.891133896260555,8340,32639,384,1528,147,2193,21,633,138,21
"756","2020-04-04",555,9,189,1894,6632,0.891133896260555,8340,32639,384,1528,227,2420,21,654,215,21
"757","2020-04-05",574,9,234,1953,6632,0.891133896260555,8340,32639,384,1528,176,2596,25,679,162,25
"758","2020-04-06",603,9,224,2049,6632,0.891133896260555,8340,32639,384,1528,182,2778,35,714,172,35
"759","2020-04-07",618,9,221,2132,6632,0.891133896260555,8340,32639,384,1528,200,2978,21,735,189,21
"760","2020-04-08",646,9,212,2122,6632,0.891133896260555,8340,32639,384,1528,152,3130,37,772,144,37
"761","2020-04-09",645,9,258,2186,6632,0.891133896260555,8340,32639,384,1528,117,3247,18,790,111,18
"762","2020-04-10",753,9,286,2203,6632,0.891133896260555,8340,32639,384,1528,153,3400,31,821,140,31
"763","2020-04-11",755,9,265,2197,6632,0.891133896260555,8340,32639,384,1528,132,3532,16,837,122,16
"764","2020-04-12",699,9,230,2165,6632,0.891133896260555,8340,32639,384,1528,157,3689,24,861,146,24
"765","2020-04-13",705,9,233,2101,6632,0.891133896260555,8340,32639,384,1528,128,3817,15,876,119,15
"766","2020-04-14",689,9,230,2027,6632,0.891133896260555,8340,32639,384,1528,115,3932,54,930,105,54
"767","2020-04-15",679,9,263,1964,6632,0.891133896260555,8340,32639,384,1528,134,4066,30,960,125,30
"768","2020-04-16",686,9,229,1860,6632,0.891133896260555,8340,32639,384,1528,104,4170,18,978,96,18
"769","2020-04-17",686,9,227,1793,6632,0.891133896260555,8340,32639,384,1528,108,4278,13,991,103,13
"770","2020-04-18",672,9,222,1657,6632,0.891133896260555,8340,32639,384,1528,85,4363,11,1002,79,11
"771","2020-04-19",605,9,245,1542,6632,0.891133896260555,8340,32639,384,1528,81,4444,31,1033,71,31
"772","2020-04-20",572,9,233,1492,6632,0.891133896260555,8340,32639,384,1528,94,4538,83,1116,84,83
"773","2020-04-21",562,9,206,1387,6632,0.891133896260555,8340,32639,384,1528,79,4617,35,1151,72,35
"774","2020-04-22",537,9,190,1301,6632,0.891133896260555,8340,32639,384,1528,89,4706,25,1176,81,25
"775","2020-04-23",497,9,184,1210,6632,0.891133896260555,8340,32639,384,1528,80,4786,28,1204,71,28
"776","2020-04-24",438,9,207,1120,6632,0.891133896260555,8340,32639,384,1528,75,4861,20,1224,65,20
"777","2020-04-25",426,9,255,1042,6632,0.891133896260555,8340,32639,384,1528,61,4922,15,1239,52,15
"778","2020-04-26",389,9,287,944,6632,0.891133896260555,8340,32639,384,1528,78,5000,19,1258,73,19
"779","2020-04-27",376,9,271,849,6632,0.891133896260555,8340,32639,384,1528,40,5040,28,1286,33,28
"780","2020-04-28",339,9,275,767,6632,0.891133896260555,8340,32639,384,1528,70,5110,21,1307,58,21
"781","2020-04-29",317,9,279,701,6632,0.891133896260555,8340,32639,384,1528,46,5156,10,1317,41,10
"782","2020-04-30",313,9,321,645,6632,0.891133896260555,8340,32639,384,1528,41,5197,27,1344,33,27
"783","2020-05-01",278,9,295,592,6632,0.891133896260555,8340,32639,384,1528,51,5248,14,1358,39,14
"784","2020-05-02",262,9,287,554,6632,0.891133896260555,8340,32639,384,1528,49,5297,6,1364,39,6
"785","2020-05-03",224,9,272,509,6632,0.891133896260555,8340,32639,384,1528,33,5330,12,1376,28,12
"786","2020-05-04",200,9,252,461,6632,0.891133896260555,8340,32639,384,1528,41,5371,37,1413,33,37
"787","2020-05-05",184,9,240,424,6632,0.891133896260555,8340,32639,384,1528,40,5411,50,1463,35,50
"788","2020-05-06",173,9,218,397,6632,0.891133896260555,8340,32639,384,1528,26,5437,30,1493,20,30
"789","2020-05-07",152,9,204,357,6632,0.891133896260555,8340,32639,384,1528,32,5469,18,1511,27,18
"790","2020-05-08",142,9,219,334,6632,0.891133896260555,8340,32639,384,1528,37,5506,76,1587,27,76
"791","2020-05-09",131,9,242,317,6632,0.891133896260555,8340,32639,384,1528,29,5535,44,1631,22,44
"792","2020-05-10",106,9,242,303,6632,0.891133896260555,8340,32639,384,1528,28,5563,16,1647,23,16
"793","2020-05-11",98,9,211,280,6632,0.891133896260555,8340,32639,384,1528,24,5587,11,1658,17,11
"794","2020-05-12",94,9,215,272,6632,0.891133896260555,8340,32639,384,1528,21,5608,6,1664,19,6
"795","2020-05-13",88,9,252,253,6632,0.891133896260555,8340,32639,384,1528,20,5628,11,1675,12,11
"796","2020-05-14",83,9,299,242,6632,0.891133896260555,8340,32639,384,1528,15,5643,58,1733,12,58
"797","2020-05-15",68,9,300,220,6632,0.891133896260555,8340,32639,384,1528,24,5667,38,1771,18,38
"798","2020-05-16",63,9,309,219,6632,0.891133896260555,8340,32639,384,1528,20,5687,26,1797,16,26
"799","2020-05-17",62,9,299,205,6632,0.891133896260555,8340,32639,384,1528,16,5703,19,1816,13,19
"800","2020-05-18",56,9,270,194,6632,0.891133896260555,8340,32639,384,1528,19,5722,26,1842,14,26
"801","2020-05-19",53,9,228,186,6632,0.891133896260555,8340,32639,384,1528,15,5737,85,1927,12,85
"802","2020-05-20",53,9,268,187,6632,0.891133896260555,8340,32639,384,1528,12,5749,54,1981,10,54
"803","2020-05-21",55,9,255,173,6632,0.891133896260555,8340,32639,384,1528,14,5763,31,2012,11,31
"804","2020-05-22",53,9,249,168,6632,0.891133896260555,8340,32639,384,1528,19,5782,42,2054,14,42
"805","2020-05-23",62,9,258,159,6632,0.891133896260555,8340,32639,384,1528,15,5797,43,2097,6,43
"806","2020-05-24",59,9,246,137,6632,0.891133896260555,8340,32639,384,1528,13,5810,64,2161,11,64
"807","2020-05-25",62,9,238,136,6632,0.891133896260555,8340,32639,384,1528,11,5821,73,2234,7,73
"808","2020-05-26",60,9,212,127,6632,0.891133896260555,8340,32639,384,1528,10,5831,61,2295,7,61
"809","2020-05-27",57,9,199,128,6632,0.891133896260555,8340,32639,384,1528,12,5843,41,2336,9,41
"810","2020-05-28",51,9,188,122,6632,0.891133896260555,8340,32639,384,1528,11,5854,29,2365,9,29
"811","2020-05-29",52,9,193,119,6632,0.891133896260555,8340,32639,384,1528,9,5863,56,2421,5,56
"812","2020-05-30",40,9,221,112,6632,0.891133896260555,8340,32639,384,1528,10,5873,52,2473,8,52
"813","2020-05-31",40,9,203,110,6632,0.891133896260555,8340,32639,384,1528,9,5882,32,2505,9,32
"814","2020-06-01",34,9,181,109,6632,0.891133896260555,8340,32639,384,1528,7,5889,12,2517,5,12
"815","2020-06-02",35,9,181,106,6632,0.891133896260555,8340,32639,384,1528,17,5906,4,2521,15,4
"816","2020-06-03",32,9,169,99,6632,0.891133896260555,8340,32639,384,1528,7,5913,17,2538,4,17
"817","2020-06-04",31,9,194,92,6632,0.891133896260555,8340,32639,384,1528,10,5923,17,2555,7,17
"818","2020-06-05",29,9,221,89,6632,0.891133896260555,8340,32639,384,1528,6,5929,6,2561,5,6
"819","2020-06-06",31,9,259,89,6632,0.891133896260555,8340,32639,384,1528,8,5937,12,2573,5,12
"820","2020-06-07",26,9,246,81,6632,0.891133896260555,8340,32639,384,1528,5,5942,6,2579,4,6
"821","2020-03-12",1,10,110,36,6589,0.848687205949309,8400,32826,366,1862,43,83,30,42,7,30
"822","2020-03-13",3,10,156,63,6589,0.848687205949309,8400,32826,366,1862,56,139,18,60,11,18
"823","2020-03-14",8,10,167,86,6589,0.848687205949309,8400,32826,366,1862,52,191,2,62,19,2
"824","2020-03-15",9,10,161,115,6589,0.848687205949309,8400,32826,366,1862,74,265,4,66,26,4
"825","2020-03-16",9,10,157,149,6589,0.848687205949309,8400,32826,366,1862,84,349,10,76,45,10
"826","2020-03-17",14,10,149,184,6589,0.848687205949309,8400,32826,366,1862,112,461,33,109,48,33
"827","2020-03-18",21,10,146,233,6589,0.848687205949309,8400,32826,366,1862,95,556,16,125,53,16
"828","2020-03-19",30,10,146,275,6589,0.848687205949309,8400,32826,366,1862,112,668,40,165,72,40
"829","2020-03-20",47,10,142,312,6589,0.848687205949309,8400,32826,366,1862,105,773,27,192,76,27
"830","2020-03-21",75,10,133,387,6589,0.848687205949309,8400,32826,366,1862,137,910,25,217,101,25
"831","2020-03-22",90,10,135,443,6589,0.848687205949309,8400,32826,366,1862,111,1021,18,235,73,18
"832","2020-03-23",104,10,129,525,6589,0.848687205949309,8400,32826,366,1862,134,1155,35,270,105,35
"833","2020-03-24",118,10,110,611,6589,0.848687205949309,8400,32826,366,1862,131,1286,24,294,90,24
"834","2020-03-25",139,10,94,722,6589,0.848687205949309,8400,32826,366,1862,126,1412,36,330,92,36
"835","2020-03-26",151,10,98,813,6589,0.848687205949309,8400,32826,366,1862,188,1600,38,368,137,38
"836","2020-03-27",210,10,91,898,6589,0.848687205949309,8400,32826,366,1862,164,1764,24,392,117,24
"837","2020-03-28",245,10,171,998,6589,0.848687205949309,8400,32826,366,1862,171,1935,46,438,141,46
"838","2020-03-29",271,10,204,1094,6589,0.848687205949309,8400,32826,366,1862,173,2108,20,458,134,20
"839","2020-03-30",282,10,234,1189,6589,0.848687205949309,8400,32826,366,1862,183,2291,19,477,138,19
"840","2020-03-31",303,10,254,1287,6589,0.848687205949309,8400,32826,366,1862,184,2475,24,501,146,24
"841","2020-04-01",316,10,243,1367,6589,0.848687205949309,8400,32826,366,1862,144,2619,24,525,103,24
"842","2020-04-02",339,10,205,1449,6589,0.848687205949309,8400,32826,366,1862,158,2777,46,571,122,46
"843","2020-04-03",431,10,196,1553,6589,0.848687205949309,8400,32826,366,1862,174,2951,47,618,131,47
"844","2020-04-04",485,10,185,1675,6589,0.848687205949309,8400,32826,366,1862,152,3103,45,663,123,45
"845","2020-04-05",475,10,179,1770,6589,0.848687205949309,8400,32826,366,1862,167,3270,40,703,129,40
"846","2020-04-06",472,10,162,1851,6589,0.848687205949309,8400,32826,366,1862,155,3425,12,715,113,12
"847","2020-04-07",499,10,156,1937,6589,0.848687205949309,8400,32826,366,1862,139,3564,17,732,111,17
"848","2020-04-08",518,10,142,1971,6589,0.848687205949309,8400,32826,366,1862,157,3721,58,790,116,58
"849","2020-04-09",541,10,143,2021,6589,0.848687205949309,8400,32826,366,1862,145,3866,30,820,112,30
"850","2020-04-10",672,10,149,2036,6589,0.848687205949309,8400,32826,366,1862,119,3985,26,846,75,26
"851","2020-04-11",678,10,171,2051,6589,0.848687205949309,8400,32826,366,1862,113,4098,52,898,89,52
"852","2020-04-12",658,10,198,2091,6589,0.848687205949309,8400,32826,366,1862,108,4206,51,949,83,51
"853","2020-04-13",668,10,194,2056,6589,0.848687205949309,8400,32826,366,1862,128,4334,17,966,97,17
"854","2020-04-14",656,10,178,1998,6589,0.848687205949309,8400,32826,366,1862,97,4431,35,1001,69,35
"855","2020-04-15",665,10,188,1928,6589,0.848687205949309,8400,32826,366,1862,93,4524,49,1050,61,49
"856","2020-04-16",660,10,247,1913,6589,0.848687205949309,8400,32826,366,1862,109,4633,46,1096,76,46
"857","2020-04-17",697,10,254,1909,6589,0.848687205949309,8400,32826,366,1862,83,4716,25,1121,54,25
"858","2020-04-18",689,10,262,1798,6589,0.848687205949309,8400,32826,366,1862,78,4794,22,1143,60,22
"859","2020-04-19",610,10,278,1736,6589,0.848687205949309,8400,32826,366,1862,86,4880,70,1213,65,70
"860","2020-04-20",604,10,309,1629,6589,0.848687205949309,8400,32826,366,1862,79,4959,34,1247,47,34
"861","2020-04-21",569,10,291,1556,6589,0.848687205949309,8400,32826,366,1862,71,5030,39,1286,47,39
"862","2020-04-22",548,10,290,1456,6589,0.848687205949309,8400,32826,366,1862,81,5111,52,1338,50,52
"863","2020-04-23",531,10,301,1366,6589,0.848687205949309,8400,32826,366,1862,69,5180,31,1369,48,31
"864","2020-04-24",495,10,276,1283,6589,0.848687205949309,8400,32826,366,1862,67,5247,30,1399,35,30
"865","2020-04-25",463,10,262,1205,6589,0.848687205949309,8400,32826,366,1862,48,5295,18,1417,27,18
"866","2020-04-26",417,10,291,1121,6589,0.848687205949309,8400,32826,366,1862,54,5349,21,1438,34,21
"867","2020-04-27",391,10,281,1070,6589,0.848687205949309,8400,32826,366,1862,60,5409,18,1456,36,18
"868","2020-04-28",379,10,268,1006,6589,0.848687205949309,8400,32826,366,1862,48,5457,70,1526,23,70
"869","2020-04-29",361,10,245,942,6589,0.848687205949309,8400,32826,366,1862,58,5515,55,1581,31,55
"870","2020-04-30",353,10,265,864,6589,0.848687205949309,8400,32826,366,1862,57,5572,24,1605,28,24
"871","2020-05-01",316,10,257,824,6589,0.848687205949309,8400,32826,366,1862,40,5612,26,1631,17,26
"872","2020-05-02",322,10,251,761,6589,0.848687205949309,8400,32826,366,1862,45,5657,49,1680,21,49
"873","2020-05-03",306,10,239,707,6589,0.848687205949309,8400,32826,366,1862,44,5701,27,1707,18,27
"874","2020-05-04",279,10,220,681,6589,0.848687205949309,8400,32826,366,1862,43,5744,16,1723,19,16
"875","2020-05-05",273,10,205,637,6589,0.848687205949309,8400,32826,366,1862,40,5784,24,1747,25,24
"876","2020-05-06",263,10,191,578,6589,0.848687205949309,8400,32826,366,1862,33,5817,43,1790,14,43
"877","2020-05-07",244,10,222,529,6589,0.848687205949309,8400,32826,366,1862,44,5861,33,1823,19,33
"878","2020-05-08",223,10,235,482,6589,0.848687205949309,8400,32826,366,1862,28,5889,55,1878,17,55
"879","2020-05-09",212,10,216,436,6589,0.848687205949309,8400,32826,366,1862,36,5925,31,1909,19,31
"880","2020-05-10",191,10,266,412,6589,0.848687205949309,8400,32826,366,1862,21,5946,21,1930,9,21
"881","2020-05-11",174,10,246,382,6589,0.848687205949309,8400,32826,366,1862,30,5976,17,1947,14,17
"882","2020-05-12",155,10,229,347,6589,0.848687205949309,8400,32826,366,1862,36,6012,12,1959,14,12
"883","2020-05-13",140,10,225,326,6589,0.848687205949309,8400,32826,366,1862,27,6039,24,1983,11,24
"884","2020-05-14",134,10,235,307,6589,0.848687205949309,8400,32826,366,1862,21,6060,36,2019,5,36
"885","2020-05-15",111,10,219,285,6589,0.848687205949309,8400,32826,366,1862,22,6082,47,2066,7,47
"886","2020-05-16",99,10,197,266,6589,0.848687205949309,8400,32826,366,1862,19,6101,46,2112,4,46
"887","2020-05-17",85,10,185,242,6589,0.848687205949309,8400,32826,366,1862,28,6129,42,2154,14,42
"888","2020-05-18",79,10,214,215,6589,0.848687205949309,8400,32826,366,1862,23,6152,38,2192,11,38
"889","2020-05-19",72,10,212,197,6589,0.848687205949309,8400,32826,366,1862,29,6181,33,2225,16,33
"890","2020-05-20",79,10,200,173,6589,0.848687205949309,8400,32826,366,1862,19,6200,34,2259,7,34
"891","2020-05-21",73,10,176,162,6589,0.848687205949309,8400,32826,366,1862,18,6218,24,2283,8,24
"892","2020-05-22",68,10,170,147,6589,0.848687205949309,8400,32826,366,1862,23,6241,13,2296,12,13
"893","2020-05-23",68,10,161,141,6589,0.848687205949309,8400,32826,366,1862,17,6258,19,2315,9,19
"894","2020-05-24",62,10,162,128,6589,0.848687205949309,8400,32826,366,1862,18,6276,13,2328,8,13
"895","2020-05-25",58,10,154,114,6589,0.848687205949309,8400,32826,366,1862,25,6301,38,2366,14,38
"896","2020-05-26",57,10,153,109,6589,0.848687205949309,8400,32826,366,1862,10,6311,34,2400,3,34
"897","2020-05-27",47,10,154,98,6589,0.848687205949309,8400,32826,366,1862,16,6327,51,2451,6,51
"898","2020-05-28",45,10,195,96,6589,0.848687205949309,8400,32826,366,1862,16,6343,36,2487,7,36
"899","2020-05-29",45,10,194,91,6589,0.848687205949309,8400,32826,366,1862,18,6361,42,2529,11,42
"900","2020-05-30",35,10,186,79,6589,0.848687205949309,8400,32826,366,1862,10,6371,49,2578,6,49
"901","2020-05-31",30,10,190,66,6589,0.848687205949309,8400,32826,366,1862,7,6378,23,2601,1,23
"902","2020-06-01",28,10,185,67,6589,0.848687205949309,8400,32826,366,1862,6,6384,39,2640,1,39
"903","2020-06-02",22,10,198,67,6589,0.848687205949309,8400,32826,366,1862,10,6394,23,2663,3,23
"904","2020-06-03",24,10,236,64,6589,0.848687205949309,8400,32826,366,1862,14,6408,16,2679,2,16
"905","2020-06-04",19,10,268,59,6589,0.848687205949309,8400,32826,366,1862,18,6426,49,2728,7,49
"906","2020-06-05",26,10,266,50,6589,0.848687205949309,8400,32826,366,1862,10,6436,58,2786,3,58
"907","2020-06-06",26,10,255,52,6589,0.848687205949309,8400,32826,366,1862,9,6445,41,2827,4,41
"908","2020-06-07",19,10,278,52,6589,0.848687205949309,8400,32826,366,1862,11,6456,35,2862,3,35
"909","2020-03-13",1,11,133,198,7853,0.594167833948809,8355,34962,390,1499,92,241,51,145,9,51
"910","2020-03-14",6,11,190,279,7853,0.594167833948809,8355,34962,390,1499,103,344,32,177,26,32
"911","2020-03-15",39,11,200,353,7853,0.594167833948809,8355,34962,390,1499,106,450,43,220,29,43
"912","2020-03-16",52,11,183,442,7853,0.594167833948809,8355,34962,390,1499,120,570,70,290,50,70
"913","2020-03-17",60,11,223,549,7853,0.594167833948809,8355,34962,390,1499,120,690,42,332,59,42
"914","2020-03-18",85,11,255,671,7853,0.594167833948809,8355,34962,390,1499,120,810,30,362,61,30
"915","2020-03-19",106,11,284,833,7853,0.594167833948809,8355,34962,390,1499,130,940,59,421,62,59
"916","2020-03-20",167,11,276,978,7853,0.594167833948809,8355,34962,390,1499,179,1119,51,472,106,51
"917","2020-03-21",214,11,228,1108,7853,0.594167833948809,8355,34962,390,1499,149,1268,42,514,93,42
"918","2020-03-22",296,11,223,1223,7853,0.594167833948809,8355,34962,390,1499,174,1442,53,567,109,53
"919","2020-03-23",326,11,214,1387,7853,0.594167833948809,8355,34962,390,1499,181,1623,29,596,122,29
"920","2020-03-24",339,11,253,1509,7853,0.594167833948809,8355,34962,390,1499,192,1815,35,631,115,35
"921","2020-03-25",359,11,293,1623,7853,0.594167833948809,8355,34962,390,1499,205,2020,34,665,152,34
"922","2020-03-26",393,11,277,1775,7853,0.594167833948809,8355,34962,390,1499,182,2202,31,696,123,31
"923","2020-03-27",585,11,275,1915,7853,0.594167833948809,8355,34962,390,1499,177,2379,41,737,110,41
"924","2020-03-28",664,11,256,2019,7853,0.594167833948809,8355,34962,390,1499,157,2536,43,780,110,43
"925","2020-03-29",602,11,254,2127,7853,0.594167833948809,8355,34962,390,1499,191,2727,38,818,137,38
"926","2020-03-30",598,11,232,2237,7853,0.594167833948809,8355,34962,390,1499,165,2892,22,840,109,22
"927","2020-03-31",601,11,267,2268,7853,0.594167833948809,8355,34962,390,1499,167,3059,34,874,98,34
"928","2020-04-01",626,11,260,2320,7853,0.594167833948809,8355,34962,390,1499,156,3215,32,906,103,32
"929","2020-04-02",660,11,241,2342,7853,0.594167833948809,8355,34962,390,1499,175,3390,38,944,108,38
"930","2020-04-03",783,11,210,2384,7853,0.594167833948809,8355,34962,390,1499,168,3558,65,1009,113,65
"931","2020-04-04",760,11,179,2413,7853,0.594167833948809,8355,34962,390,1499,165,3723,47,1056,103,47
"932","2020-04-05",700,11,220,2380,7853,0.594167833948809,8355,34962,390,1499,145,3868,56,1112,81,56
"933","2020-04-06",732,11,246,2380,7853,0.594167833948809,8355,34962,390,1499,164,4032,45,1157,102,45
"934","2020-04-07",738,11,255,2340,7853,0.594167833948809,8355,34962,390,1499,138,4170,45,1202,91,45
"935","2020-04-08",740,11,275,2290,7853,0.594167833948809,8355,34962,390,1499,117,4287,42,1244,68,42
"936","2020-04-09",745,11,260,2220,7853,0.594167833948809,8355,34962,390,1499,133,4420,31,1275,75,31
"937","2020-04-10",793,11,294,2120,7853,0.594167833948809,8355,34962,390,1499,108,4528,31,1306,60,31
"938","2020-04-11",776,11,286,2000,7853,0.594167833948809,8355,34962,390,1499,121,4649,38,1344,62,38
"939","2020-04-12",720,11,266,1930,7853,0.594167833948809,8355,34962,390,1499,91,4740,40,1384,41,40
"940","2020-04-13",684,11,271,1837,7853,0.594167833948809,8355,34962,390,1499,102,4842,46,1430,47,46
"941","2020-04-14",675,11,270,1716,7853,0.594167833948809,8355,34962,390,1499,83,4925,36,1466,42,36
"942","2020-04-15",657,11,235,1608,7853,0.594167833948809,8355,34962,390,1499,78,5003,32,1498,34,32
"943","2020-04-16",626,11,242,1507,7853,0.594167833948809,8355,34962,390,1499,92,5095,25,1523,46,25
"944","2020-04-17",523,11,274,1376,7853,0.594167833948809,8355,34962,390,1499,96,5191,39,1562,45,39
"945","2020-04-18",515,11,290,1279,7853,0.594167833948809,8355,34962,390,1499,75,5266,27,1589,35,27
"946","2020-04-19",480,11,251,1198,7853,0.594167833948809,8355,34962,390,1499,87,5353,62,1651,33,62
"947","2020-04-20",445,11,236,1092,7853,0.594167833948809,8355,34962,390,1499,80,5433,34,1685,25,34
"948","2020-04-21",401,11,228,1023,7853,0.594167833948809,8355,34962,390,1499,72,5505,23,1708,26,23
"949","2020-04-22",384,11,214,968,7853,0.594167833948809,8355,34962,390,1499,81,5586,39,1747,34,39
"950","2020-04-23",343,11,201,897,7853,0.594167833948809,8355,34962,390,1499,74,5660,28,1775,25,28
"951","2020-04-24",312,11,188,840,7853,0.594167833948809,8355,34962,390,1499,52,5712,38,1813,18,38
"952","2020-04-25",302,11,201,770,7853,0.594167833948809,8355,34962,390,1499,48,5760,30,1843,13,30
"953","2020-04-26",277,11,217,699,7853,0.594167833948809,8355,34962,390,1499,69,5829,36,1879,24,36
"954","2020-04-27",271,11,257,649,7853,0.594167833948809,8355,34962,390,1499,65,5894,32,1911,25,32
"955","2020-04-28",260,11,279,625,7853,0.594167833948809,8355,34962,390,1499,49,5943,33,1944,16,33
"956","2020-04-29",238,11,301,587,7853,0.594167833948809,8355,34962,390,1499,42,5985,28,1972,16,28
"957","2020-04-30",240,11,282,546,7853,0.594167833948809,8355,34962,390,1499,56,6041,38,2010,19,38
"958","2020-05-01",219,11,264,510,7853,0.594167833948809,8355,34962,390,1499,41,6082,26,2036,7,26
"959","2020-05-02",196,11,254,488,7853,0.594167833948809,8355,34962,390,1499,59,6141,39,2075,15,39
"960","2020-05-03",163,11,288,465,7853,0.594167833948809,8355,34962,390,1499,47,6188,30,2105,13,30
"961","2020-05-04",145,11,272,438,7853,0.594167833948809,8355,34962,390,1499,40,6228,28,2133,7,28
"962","2020-05-05",138,11,259,417,7853,0.594167833948809,8355,34962,390,1499,44,6272,46,2179,19,46
"963","2020-05-06",139,11,231,398,7853,0.594167833948809,8355,34962,390,1499,43,6315,61,2240,16,61
"964","2020-05-07",126,11,212,386,7853,0.594167833948809,8355,34962,390,1499,33,6348,45,2285,6,45
"965","2020-05-08",116,11,225,360,7853,0.594167833948809,8355,34962,390,1499,32,6380,38,2323,14,38
"966","2020-05-09",118,11,220,337,7853,0.594167833948809,8355,34962,390,1499,34,6414,42,2365,11,42
"967","2020-05-10",104,11,217,328,7853,0.594167833948809,8355,34962,390,1499,32,6446,49,2414,5,49
"968","2020-05-11",102,11,199,311,7853,0.594167833948809,8355,34962,390,1499,29,6475,41,2455,12,41
"969","2020-05-12",94,11,186,290,7853,0.594167833948809,8355,34962,390,1499,36,6511,37,2492,13,37
"970","2020-05-13",90,11,195,273,7853,0.594167833948809,8355,34962,390,1499,18,6529,31,2523,6,31
"971","2020-05-14",93,11,211,260,7853,0.594167833948809,8355,34962,390,1499,26,6555,29,2552,8,29
"972","2020-05-15",104,11,188,248,7853,0.594167833948809,8355,34962,390,1499,27,6582,31,2583,6,31
"973","2020-05-16",102,11,214,241,7853,0.594167833948809,8355,34962,390,1499,21,6603,31,2614,6,31
"974","2020-05-17",100,11,271,232,7853,0.594167833948809,8355,34962,390,1499,17,6620,40,2654,3,40
"975","2020-05-18",97,11,254,216,7853,0.594167833948809,8355,34962,390,1499,15,6635,38,2692,4,38
"976","2020-05-19",97,11,235,207,7853,0.594167833948809,8355,34962,390,1499,21,6656,33,2725,4,33
"977","2020-05-20",90,11,218,196,7853,0.594167833948809,8355,34962,390,1499,15,6671,35,2760,3,35
"978","2020-05-21",79,11,245,190,7853,0.594167833948809,8355,34962,390,1499,27,6698,34,2794,6,34
"979","2020-05-22",63,11,261,177,7853,0.594167833948809,8355,34962,390,1499,20,6718,34,2828,6,34
"980","2020-05-23",54,11,289,166,7853,0.594167833948809,8355,34962,390,1499,15,6733,48,2876,4,48
"981","2020-05-24",49,11,270,156,7853,0.594167833948809,8355,34962,390,1499,19,6752,34,2910,7,34
"982","2020-05-25",48,11,297,154,7853,0.594167833948809,8355,34962,390,1499,24,6776,45,2955,6,45
"983","2020-05-26",39,11,282,152,7853,0.594167833948809,8355,34962,390,1499,18,6794,49,3004,6,49
"984","2020-05-27",41,11,297,150,7853,0.594167833948809,8355,34962,390,1499,20,6814,34,3038,1,34
"985","2020-05-28",44,11,322,147,7853,0.594167833948809,8355,34962,390,1499,10,6824,36,3074,2,36
"986","2020-05-29",50,11,304,142,7853,0.594167833948809,8355,34962,390,1499,10,6834,40,3114,5,40
"987","2020-05-30",55,11,280,127,7853,0.594167833948809,8355,34962,390,1499,14,6848,39,3153,NA,39
"988","2020-05-31",48,11,244,127,7853,0.594167833948809,8355,34962,390,1499,9,6857,49,3202,1,49
"989","2020-06-01",48,11,216,115,7853,0.594167833948809,8355,34962,390,1499,13,6870,58,3260,3,58
"990","2020-06-02",48,11,226,102,7853,0.594167833948809,8355,34962,390,1499,13,6883,57,3317,3,57
"991","2020-06-03",45,11,253,94,7853,0.594167833948809,8355,34962,390,1499,9,6892,57,3374,2,57
"992","2020-06-04",43,11,245,89,7853,0.594167833948809,8355,34962,390,1499,14,6906,45,3419,5,45
"993","2020-06-05",37,11,221,88,7853,0.594167833948809,8355,34962,390,1499,16,6922,37,3456,5,37
"994","2020-06-06",33,11,198,88,7853,0.594167833948809,8355,34962,390,1499,11,6933,36,3492,4,36
"995","2020-06-07",32,11,182,79,7853,0.594167833948809,8355,34962,390,1499,9,6942,35,3527,1,35
"996","2020-03-13",9,12,64,213,7596,0.376908899420748,8385,38771,462,1275,30,107,45,78,7,45
"997","2020-03-14",20,12,81,299,7596,0.376908899420748,8385,38771,462,1275,61,168,30,108,21,30
"998","2020-03-15",45,12,80,379,7596,0.376908899420748,8385,38771,462,1275,65,233,58,166,26,58
"999","2020-03-16",59,12,127,469,7596,0.376908899420748,8385,38771,462,1275,55,288,26,192,26,26
"1000","2020-03-17",68,12,117,570,7596,0.376908899420748,8385,38771,462,1275,82,370,22,214,50,22
"1001","2020-03-18",88,12,116,663,7596,0.376908899420748,8385,38771,462,1275,98,468,59,273,67,59
"1002","2020-03-19",114,12,141,759,7596,0.376908899420748,8385,38771,462,1275,102,570,63,336,75,63
"1003","2020-03-20",168,12,148,865,7596,0.376908899420748,8385,38771,462,1275,115,685,43,379,78,43
"1004","2020-03-21",204,12,176,949,7596,0.376908899420748,8385,38771,462,1275,99,784,16,395,68,16
"1005","2020-03-22",257,12,191,1044,7596,0.376908899420748,8385,38771,462,1275,96,880,37,432,62,37
"1006","2020-03-23",273,12,219,1146,7596,0.376908899420748,8385,38771,462,1275,135,1015,42,474,95,42
"1007","2020-03-24",275,12,253,1225,7596,0.376908899420748,8385,38771,462,1275,119,1134,35,509,84,35
"1008","2020-03-25",295,12,264,1306,7596,0.376908899420748,8385,38771,462,1275,124,1258,56,565,92,56
"1009","2020-03-26",319,12,247,1369,7596,0.376908899420748,8385,38771,462,1275,140,1398,40,605,108,40
"1010","2020-03-27",414,12,240,1450,7596,0.376908899420748,8385,38771,462,1275,126,1524,43,648,103,43
"1011","2020-03-28",493,12,217,1483,7596,0.376908899420748,8385,38771,462,1275,135,1659,24,672,103,24
"1012","2020-03-29",453,12,238,1547,7596,0.376908899420748,8385,38771,462,1275,159,1818,63,735,123,63
"1013","2020-03-30",458,12,247,1611,7596,0.376908899420748,8385,38771,462,1275,131,1949,26,761,94,26
"1014","2020-03-31",485,12,232,1620,7596,0.376908899420748,8385,38771,462,1275,119,2068,21,782,90,21
"1015","2020-04-01",494,12,253,1640,7596,0.376908899420748,8385,38771,462,1275,155,2223,54,836,118,54
"1016","2020-04-02",495,12,276,1645,7596,0.376908899420748,8385,38771,462,1275,138,2361,33,869,113,33
"1017","2020-04-03",592,12,256,1663,7596,0.376908899420748,8385,38771,462,1275,149,2510,29,898,123,29
"1018","2020-04-04",551,12,229,1684,7596,0.376908899420748,8385,38771,462,1275,133,2643,31,929,99,31
"1019","2020-04-05",539,12,203,1669,7596,0.376908899420748,8385,38771,462,1275,132,2775,39,968,105,39
"1020","2020-04-06",547,12,199,1616,7596,0.376908899420748,8385,38771,462,1275,133,2908,27,995,104,27
"1021","2020-04-07",534,12,208,1599,7596,0.376908899420748,8385,38771,462,1275,138,3046,35,1030,114,35
"1022","2020-04-08",527,12,208,1597,7596,0.376908899420748,8385,38771,462,1275,151,3197,24,1054,118,24
"1023","2020-04-09",531,12,223,1564,7596,0.376908899420748,8385,38771,462,1275,127,3324,15,1069,94,15
"1024","2020-04-10",539,12,232,1571,7596,0.376908899420748,8385,38771,462,1275,109,3433,16,1085,80,16
"1025","2020-04-11",509,12,247,1540,7596,0.376908899420748,8385,38771,462,1275,122,3555,4,1089,90,4
"1026","2020-04-12",502,12,239,1488,7596,0.376908899420748,8385,38771,462,1275,120,3675,16,1105,101,16
"1027","2020-04-13",485,12,230,1431,7596,0.376908899420748,8385,38771,462,1275,112,3787,76,1181,87,76
"1028","2020-04-14",465,12,227,1391,7596,0.376908899420748,8385,38771,462,1275,104,3891,47,1228,64,47
"1029","2020-04-15",486,12,221,1376,7596,0.376908899420748,8385,38771,462,1275,105,3996,8,1236,76,8
"1030","2020-04-16",473,12,247,1332,7596,0.376908899420748,8385,38771,462,1275,77,4073,14,1250,51,14
"1031","2020-04-17",495,12,227,1292,7596,0.376908899420748,8385,38771,462,1275,104,4177,12,1262,74,12
"1032","2020-04-18",512,12,232,1255,7596,0.376908899420748,8385,38771,462,1275,91,4268,8,1270,63,8
"1033","2020-04-19",438,12,236,1226,7596,0.376908899420748,8385,38771,462,1275,95,4363,5,1275,68,5
"1034","2020-04-20",424,12,215,1203,7596,0.376908899420748,8385,38771,462,1275,80,4443,16,1291,55,16
"1035","2020-04-21",420,12,212,1177,7596,0.376908899420748,8385,38771,462,1275,85,4528,66,1357,61,66
"1036","2020-04-22",394,12,222,1124,7596,0.376908899420748,8385,38771,462,1275,83,4611,28,1385,59,28
"1037","2020-04-23",386,12,223,1085,7596,0.376908899420748,8385,38771,462,1275,80,4691,71,1456,61,71
"1038","2020-04-24",377,12,247,1068,7596,0.376908899420748,8385,38771,462,1275,66,4757,70,1526,42,70
"1039","2020-04-25",381,12,252,1018,7596,0.376908899420748,8385,38771,462,1275,69,4826,54,1580,49,54
"1040","2020-04-26",347,12,271,1003,7596,0.376908899420748,8385,38771,462,1275,68,4894,59,1639,50,59
"1041","2020-04-27",346,12,302,983,7596,0.376908899420748,8385,38771,462,1275,61,4955,62,1701,40,62
"1042","2020-04-28",325,12,303,964,7596,0.376908899420748,8385,38771,462,1275,57,5012,44,1745,35,44
"1043","2020-04-29",318,12,310,940,7596,0.376908899420748,8385,38771,462,1275,56,5068,24,1769,28,24
"1044","2020-04-30",308,12,264,925,7596,0.376908899420748,8385,38771,462,1275,51,5119,41,1810,32,41
"1045","2020-05-01",294,12,278,874,7596,0.376908899420748,8385,38771,462,1275,67,5186,42,1852,43,42
"1046","2020-05-02",281,12,267,834,7596,0.376908899420748,8385,38771,462,1275,33,5219,73,1925,24,73
"1047","2020-05-03",273,12,264,811,7596,0.376908899420748,8385,38771,462,1275,44,5263,48,1973,23,48
"1048","2020-05-04",265,12,241,762,7596,0.376908899420748,8385,38771,462,1275,43,5306,22,1995,33,22
"1049","2020-05-05",269,12,213,734,7596,0.376908899420748,8385,38771,462,1275,54,5360,23,2018,32,23
"1050","2020-05-06",276,12,186,707,7596,0.376908899420748,8385,38771,462,1275,29,5389,47,2065,13,47
"1051","2020-05-07",267,12,186,674,7596,0.376908899420748,8385,38771,462,1275,43,5432,26,2091,22,26
"1052","2020-05-08",241,12,186,631,7596,0.376908899420748,8385,38771,462,1275,53,5485,25,2116,31,25
"1053","2020-05-09",243,12,177,605,7596,0.376908899420748,8385,38771,462,1275,41,5526,22,2138,24,22
"1054","2020-05-10",222,12,183,571,7596,0.376908899420748,8385,38771,462,1275,36,5562,21,2159,20,21
"1055","2020-05-11",207,12,228,537,7596,0.376908899420748,8385,38771,462,1275,44,5606,25,2184,26,25
"1056","2020-05-12",188,12,231,500,7596,0.376908899420748,8385,38771,462,1275,22,5628,66,2250,11,66
"1057","2020-05-13",167,12,236,469,7596,0.376908899420748,8385,38771,462,1275,31,5659,31,2281,17,31
"1058","2020-05-14",169,12,247,443,7596,0.376908899420748,8385,38771,462,1275,30,5689,29,2310,11,29
"1059","2020-05-15",166,12,253,439,7596,0.376908899420748,8385,38771,462,1275,32,5721,59,2369,14,59
"1060","2020-05-16",152,12,245,418,7596,0.376908899420748,8385,38771,462,1275,19,5740,29,2398,9,29
"1061","2020-05-17",138,12,257,401,7596,0.376908899420748,8385,38771,462,1275,28,5768,15,2413,16,15
"1062","2020-05-18",124,12,256,387,7596,0.376908899420748,8385,38771,462,1275,19,5787,16,2429,9,16
"1063","2020-05-19",122,12,242,381,7596,0.376908899420748,8385,38771,462,1275,29,5816,7,2436,15,7
"1064","2020-05-20",119,12,237,363,7596,0.376908899420748,8385,38771,462,1275,22,5838,22,2458,12,22
"1065","2020-05-21",118,12,219,362,7596,0.376908899420748,8385,38771,462,1275,16,5854,52,2510,10,52
"1066","2020-05-22",108,12,242,337,7596,0.376908899420748,8385,38771,462,1275,25,5879,43,2553,11,43
"1067","2020-05-23",114,12,243,326,7596,0.376908899420748,8385,38771,462,1275,20,5899,70,2623,8,70
"1068","2020-05-24",111,12,213,312,7596,0.376908899420748,8385,38771,462,1275,26,5925,52,2675,17,52
"1069","2020-05-25",107,12,214,298,7596,0.376908899420748,8385,38771,462,1275,28,5953,24,2699,14,24
"1070","2020-05-26",105,12,228,287,7596,0.376908899420748,8385,38771,462,1275,17,5970,13,2712,9,13
"1071","2020-05-27",100,12,210,270,7596,0.376908899420748,8385,38771,462,1275,14,5984,27,2739,8,27
"1072","2020-05-28",88,12,198,252,7596,0.376908899420748,8385,38771,462,1275,20,6004,29,2768,11,29
"1073","2020-05-29",89,12,198,238,7596,0.376908899420748,8385,38771,462,1275,20,6024,51,2819,12,51
"1074","2020-05-30",87,12,184,230,7596,0.376908899420748,8385,38771,462,1275,10,6034,34,2853,5,34
"1075","2020-05-31",75,12,197,219,7596,0.376908899420748,8385,38771,462,1275,25,6059,16,2869,14,16
"1076","2020-06-01",71,12,197,208,7596,0.376908899420748,8385,38771,462,1275,9,6068,29,2898,4,29
"1077","2020-06-02",66,12,196,191,7596,0.376908899420748,8385,38771,462,1275,17,6085,55,2953,8,55
"1078","2020-06-03",65,12,201,176,7596,0.376908899420748,8385,38771,462,1275,14,6099,54,3007,7,54
"1079","2020-06-04",70,12,205,162,7596,0.376908899420748,8385,38771,462,1275,14,6113,43,3050,9,43
"1080","2020-06-05",64,12,187,158,7596,0.376908899420748,8385,38771,462,1275,12,6125,50,3100,5,50
"1081","2020-06-06",57,12,190,146,7596,0.376908899420748,8385,38771,462,1275,5,6130,40,3140,3,40
"1082","2020-06-07",46,12,211,147,7596,0.376908899420748,8385,38771,462,1275,10,6140,38,3178,4,38
"1083","2020-03-07",1,13,0,0,6564,0.775441803778184,8385,33309,368,1054,NA,NA,NA,NA,NA,NA
"1084","2020-03-08",1,13,0,0,6564,0.775441803778184,8385,33309,368,1054,NA,NA,NA,NA,NA,NA
"1085","2020-03-09",0,13,0,0,6564,0.775441803778184,8385,33309,368,1054,NA,NA,NA,NA,NA,NA
"1086","2020-03-10",0,13,0,0,6564,0.775441803778184,8385,33309,368,1054,NA,NA,1,1,NA,1
"1087","2020-03-11",0,13,0,0,6564,0.775441803778184,8385,33309,368,1054,45,45,8,9,1,8
"1088","2020-03-12",0,13,0,0,6564,0.775441803778184,8385,33309,368,1054,52,97,10,19,4,10
"1089","2020-03-13",5,13,36,60,6564,0.775441803778184,8385,33309,368,1054,54,151,4,23,7,4
"1090","2020-03-14",6,13,49,96,6564,0.775441803778184,8385,33309,368,1054,71,222,25,48,15,25
"1091","2020-03-15",13,13,81,138,6564,0.775441803778184,8385,33309,368,1054,68,290,26,74,24,26
"1092","2020-03-16",18,13,102,185,6564,0.775441803778184,8385,33309,368,1054,81,371,11,85,45,11
"1093","2020-03-17",16,13,126,231,6564,0.775441803778184,8385,33309,368,1054,80,451,13,98,33,13
"1094","2020-03-18",26,13,142,280,6564,0.775441803778184,8385,33309,368,1054,105,556,6,104,60,6
"1095","2020-03-19",37,13,169,355,6564,0.775441803778184,8385,33309,368,1054,101,657,22,126,51,22
"1096","2020-03-20",52,13,168,430,6564,0.775441803778184,8385,33309,368,1054,107,764,23,149,69,23
"1097","2020-03-21",78,13,189,496,6564,0.775441803778184,8385,33309,368,1054,119,883,25,174,67,25
"1098","2020-03-22",104,13,194,576,6564,0.775441803778184,8385,33309,368,1054,145,1028,30,204,98,30
"1099","2020-03-23",113,13,216,650,6564,0.775441803778184,8385,33309,368,1054,145,1173,27,231,86,27
"1100","2020-03-24",126,13,218,719,6564,0.775441803778184,8385,33309,368,1054,131,1304,41,272,84,41
"1101","2020-03-25",141,13,213,803,6564,0.775441803778184,8385,33309,368,1054,161,1465,41,313,127,41
"1102","2020-03-26",157,13,201,908,6564,0.775441803778184,8385,33309,368,1054,144,1609,39,352,104,39
"1103","2020-03-27",229,13,206,1000,6564,0.775441803778184,8385,33309,368,1054,171,1780,40,392,127,40
"1104","2020-03-28",309,13,200,1086,6564,0.775441803778184,8385,33309,368,1054,152,1932,27,419,100,27
"1105","2020-03-29",317,13,213,1157,6564,0.775441803778184,8385,33309,368,1054,181,2113,41,460,125,41
"1106","2020-03-30",327,13,238,1235,6564,0.775441803778184,8385,33309,368,1054,174,2287,22,482,134,22
"1107","2020-03-31",346,13,242,1296,6564,0.775441803778184,8385,33309,368,1054,163,2450,22,504,115,22
"1108","2020-04-01",362,13,270,1383,6564,0.775441803778184,8385,33309,368,1054,173,2623,47,551,130,47
"1109","2020-04-02",381,13,273,1440,6564,0.775441803778184,8385,33309,368,1054,147,2770,34,585,108,34
"1110","2020-04-03",509,13,263,1536,6564,0.775441803778184,8385,33309,368,1054,150,2920,43,628,105,43
"1111","2020-04-04",481,13,239,1626,6564,0.775441803778184,8385,33309,368,1054,146,3066,45,673,105,45
"1112","2020-04-05",505,13,255,1686,6564,0.775441803778184,8385,33309,368,1054,158,3224,23,696,111,23
"1113","2020-04-06",522,13,266,1712,6564,0.775441803778184,8385,33309,368,1054,140,3364,24,720,94,24
"1114","2020-04-07",534,13,263,1779,6564,0.775441803778184,8385,33309,368,1054,134,3498,46,766,103,46
"1115","2020-04-08",552,13,260,1833,6564,0.775441803778184,8385,33309,368,1054,121,3619,35,801,75,35
"1116","2020-04-09",585,13,296,1855,6564,0.775441803778184,8385,33309,368,1054,125,3744,30,831,91,30
"1117","2020-04-10",659,13,293,1861,6564,0.775441803778184,8385,33309,368,1054,97,3841,20,851,68,20
"1118","2020-04-11",694,13,276,1887,6564,0.775441803778184,8385,33309,368,1054,127,3968,15,866,85,15
"1119","2020-04-12",645,13,255,1884,6564,0.775441803778184,8385,33309,368,1054,115,4083,15,881,75,15
"1120","2020-04-13",641,13,248,1856,6564,0.775441803778184,8385,33309,368,1054,112,4195,13,894,76,13
"1121","2020-04-14",613,13,233,1820,6564,0.775441803778184,8385,33309,368,1054,80,4275,47,941,53,47
"1122","2020-04-15",615,13,236,1768,6564,0.775441803778184,8385,33309,368,1054,93,4368,50,991,60,50
"1123","2020-04-16",593,13,219,1732,6564,0.775441803778184,8385,33309,368,1054,65,4433,49,1040,40,49
"1124","2020-04-17",632,13,235,1710,6564,0.775441803778184,8385,33309,368,1054,81,4514,27,1067,50,27
"1125","2020-04-18",600,13,221,1632,6564,0.775441803778184,8385,33309,368,1054,100,4614,42,1109,60,42
"1126","2020-04-19",531,13,221,1593,6564,0.775441803778184,8385,33309,368,1054,71,4685,23,1132,36,23
"1127","2020-04-20",523,13,203,1536,6564,0.775441803778184,8385,33309,368,1054,68,4753,40,1172,40,40
"1128","2020-04-21",545,13,241,1451,6564,0.775441803778184,8385,33309,368,1054,59,4812,24,1196,27,24
"1129","2020-04-22",540,13,285,1387,6564,0.775441803778184,8385,33309,368,1054,80,4892,19,1215,52,19
"1130","2020-04-23",535,13,318,1305,6564,0.775441803778184,8385,33309,368,1054,76,4968,18,1233,41,18
"1131","2020-04-24",483,13,332,1219,6564,0.775441803778184,8385,33309,368,1054,58,5026,8,1241,35,8
"1132","2020-04-25",477,13,346,1177,6564,0.775441803778184,8385,33309,368,1054,87,5113,51,1292,49,51
"1133","2020-04-26",447,13,340,1100,6564,0.775441803778184,8385,33309,368,1054,79,5192,49,1341,37,49
"1134","2020-04-27",427,13,328,1036,6564,0.775441803778184,8385,33309,368,1054,57,5249,32,1373,26,32
"1135","2020-04-28",391,13,315,985,6564,0.775441803778184,8385,33309,368,1054,43,5292,20,1393,25,20
"1136","2020-04-29",374,13,308,937,6564,0.775441803778184,8385,33309,368,1054,54,5346,24,1417,36,24
"1137","2020-04-30",352,13,304,881,6564,0.775441803778184,8385,33309,368,1054,37,5383,16,1433,17,16
"1138","2020-05-01",326,13,291,837,6564,0.775441803778184,8385,33309,368,1054,67,5450,21,1454,32,21
"1139","2020-05-02",323,13,266,762,6564,0.775441803778184,8385,33309,368,1054,50,5500,37,1491,22,37
"1140","2020-05-03",306,13,278,702,6564,0.775441803778184,8385,33309,368,1054,39,5539,29,1520,17,29
"1141","2020-05-04",288,13,286,664,6564,0.775441803778184,8385,33309,368,1054,44,5583,37,1557,23,37
"1142","2020-05-05",272,13,277,608,6564,0.775441803778184,8385,33309,368,1054,34,5617,24,1581,14,24
"1143","2020-05-06",256,13,260,580,6564,0.775441803778184,8385,33309,368,1054,37,5654,27,1608,13,27
"1144","2020-05-07",246,13,236,530,6564,0.775441803778184,8385,33309,368,1054,46,5700,53,1661,18,53
"1145","2020-05-08",226,13,222,512,6564,0.775441803778184,8385,33309,368,1054,39,5739,32,1693,10,32
"1146","2020-05-09",204,13,225,479,6564,0.775441803778184,8385,33309,368,1054,45,5784,12,1705,20,12
"1147","2020-05-10",182,13,223,433,6564,0.775441803778184,8385,33309,368,1054,29,5813,9,1714,12,9
"1148","2020-05-11",176,13,228,410,6564,0.775441803778184,8385,33309,368,1054,30,5843,11,1725,12,11
"1149","2020-05-12",163,13,240,377,6564,0.775441803778184,8385,33309,368,1054,32,5875,36,1761,13,36
"1150","2020-05-13",155,13,242,364,6564,0.775441803778184,8385,33309,368,1054,37,5912,29,1790,14,29
"1151","2020-05-14",151,13,249,336,6564,0.775441803778184,8385,33309,368,1054,26,5938,39,1829,9,39
"1152","2020-05-15",133,13,237,306,6564,0.775441803778184,8385,33309,368,1054,28,5966,21,1850,5,21
"1153","2020-05-16",125,13,271,284,6564,0.775441803778184,8385,33309,368,1054,23,5989,19,1869,10,19
"1154","2020-05-17",100,13,296,261,6564,0.775441803778184,8385,33309,368,1054,29,6018,22,1891,10,22
"1155","2020-05-18",91,13,317,237,6564,0.775441803778184,8385,33309,368,1054,26,6044,39,1930,13,39
"1156","2020-05-19",87,13,305,233,6564,0.775441803778184,8385,33309,368,1054,22,6066,25,1955,7,25
"1157","2020-05-20",83,13,293,227,6564,0.775441803778184,8385,33309,368,1054,15,6081,21,1976,7,21
"1158","2020-05-21",74,13,318,211,6564,0.775441803778184,8385,33309,368,1054,19,6100,16,1992,11,16
"1159","2020-05-22",65,13,302,200,6564,0.775441803778184,8385,33309,368,1054,11,6111,16,2008,4,16
"1160","2020-05-23",66,13,276,195,6564,0.775441803778184,8385,33309,368,1054,17,6128,18,2026,6,18
"1161","2020-05-24",66,13,249,179,6564,0.775441803778184,8385,33309,368,1054,15,6143,31,2057,4,31
"1162","2020-05-25",66,13,244,163,6564,0.775441803778184,8385,33309,368,1054,15,6158,17,2074,4,17
"1163","2020-05-26",61,13,275,149,6564,0.775441803778184,8385,33309,368,1054,19,6177,39,2113,4,39
"1164","2020-05-27",53,13,288,146,6564,0.775441803778184,8385,33309,368,1054,13,6190,16,2129,5,16
"1165","2020-05-28",51,13,265,134,6564,0.775441803778184,8385,33309,368,1054,13,6203,12,2141,4,12
"1166","2020-05-29",55,13,238,120,6564,0.775441803778184,8385,33309,368,1054,20,6223,21,2162,2,21
"1167","2020-05-30",52,13,239,111,6564,0.775441803778184,8385,33309,368,1054,19,6242,31,2193,5,31
"1168","2020-05-31",44,13,239,100,6564,0.775441803778184,8385,33309,368,1054,16,6258,38,2231,3,38
"1169","2020-06-01",37,13,234,89,6564,0.775441803778184,8385,33309,368,1054,14,6272,17,2248,4,17
"1170","2020-06-02",33,13,246,82,6564,0.775441803778184,8385,33309,368,1054,9,6281,13,2261,4,13
"1171","2020-06-03",34,13,255,77,6564,0.775441803778184,8385,33309,368,1054,11,6292,23,2284,7,23
"1172","2020-06-04",31,13,254,77,6564,0.775441803778184,8385,33309,368,1054,11,6303,30,2314,3,30
"1173","2020-06-05",27,13,275,72,6564,0.775441803778184,8385,33309,368,1054,5,6308,12,2326,3,12
"1174","2020-06-06",20,13,273,75,6564,0.775441803778184,8385,33309,368,1054,8,6316,9,2335,2,9
"1175","2020-06-07",18,13,251,71,6564,0.775441803778184,8385,33309,368,1054,11,6327,22,2357,4,22
"1176","2020-03-13",2,14,122,95,7129,0.788189086828447,8190,35194,428,1502,69,179,28,132,31,28
"1177","2020-03-14",9,14,161,145,7129,0.788189086828447,8190,35194,428,1502,84,263,40,172,42,40
"1178","2020-03-15",14,14,165,204,7129,0.788189086828447,8190,35194,428,1502,82,345,22,194,42,22
"1179","2020-03-16",23,14,207,263,7129,0.788189086828447,8190,35194,428,1502,76,421,23,217,40,23
"1180","2020-03-17",23,14,245,341,7129,0.788189086828447,8190,35194,428,1502,110,531,11,228,78,11
"1181","2020-03-18",32,14,280,426,7129,0.788189086828447,8190,35194,428,1502,115,646,27,255,72,27
"1182","2020-03-19",42,14,257,556,7129,0.788189086828447,8190,35194,428,1502,110,756,20,275,79,20
"1183","2020-03-20",84,14,243,678,7129,0.788189086828447,8190,35194,428,1502,126,882,61,336,93,61
"1184","2020-03-21",145,14,234,766,7129,0.788189086828447,8190,35194,428,1502,122,1004,62,398,91,62
"1185","2020-03-22",191,14,245,892,7129,0.788189086828447,8190,35194,428,1502,131,1135,40,438,101,40
"1186","2020-03-23",186,14,223,1005,7129,0.788189086828447,8190,35194,428,1502,177,1312,60,498,143,60
"1187","2020-03-24",210,14,223,1134,7129,0.788189086828447,8190,35194,428,1502,112,1424,41,539,82,41
"1188","2020-03-25",246,14,210,1256,7129,0.788189086828447,8190,35194,428,1502,156,1580,21,560,111,21
"1189","2020-03-26",279,14,191,1390,7129,0.788189086828447,8190,35194,428,1502,141,1721,11,571,116,11
"1190","2020-03-27",421,14,185,1497,7129,0.788189086828447,8190,35194,428,1502,164,1885,30,601,133,30
"1191","2020-03-28",484,14,184,1550,7129,0.788189086828447,8190,35194,428,1502,152,2037,13,614,122,13
"1192","2020-03-29",473,14,190,1647,7129,0.788189086828447,8190,35194,428,1502,136,2173,16,630,103,16
"1193","2020-03-30",505,14,188,1726,7129,0.788189086828447,8190,35194,428,1502,148,2321,50,680,124,50
"1194","2020-03-31",527,14,164,1828,7129,0.788189086828447,8190,35194,428,1502,170,2491,27,707,140,27
"1195","2020-04-01",539,14,191,1877,7129,0.788189086828447,8190,35194,428,1502,138,2629,18,725,100,18
"1196","2020-04-02",547,14,194,1907,7129,0.788189086828447,8190,35194,428,1502,125,2754,15,740,92,15
"1197","2020-04-03",689,14,238,1975,7129,0.788189086828447,8190,35194,428,1502,151,2905,19,759,123,19
"1198","2020-04-04",673,14,240,2014,7129,0.788189086828447,8190,35194,428,1502,139,3044,45,804,108,45
"1199","2020-04-05",623,14,235,2064,7129,0.788189086828447,8190,35194,428,1502,98,3142,26,830,75,26
"1200","2020-04-06",625,14,211,2093,7129,0.788189086828447,8190,35194,428,1502,105,3247,12,842,84,12
"1201","2020-04-07",645,14,199,2085,7129,0.788189086828447,8190,35194,428,1502,112,3359,8,850,86,8
"1202","2020-04-08",664,14,218,2068,7129,0.788189086828447,8190,35194,428,1502,129,3488,7,857,101,7
"1203","2020-04-09",692,14,219,2066,7129,0.788189086828447,8190,35194,428,1502,115,3603,5,862,87,5
"1204","2020-04-10",727,14,197,2017,7129,0.788189086828447,8190,35194,428,1502,109,3712,15,877,77,15
"1205","2020-04-11",711,14,182,1958,7129,0.788189086828447,8190,35194,428,1502,104,3816,40,917,76,40
"1206","2020-04-12",664,14,173,1908,7129,0.788189086828447,8190,35194,428,1502,84,3900,13,930,52,13
"1207","2020-04-13",651,14,202,1798,7129,0.788189086828447,8190,35194,428,1502,99,3999,17,947,69,17
"1208","2020-04-14",632,14,210,1745,7129,0.788189086828447,8190,35194,428,1502,86,4085,39,986,63,39
"1209","2020-04-15",617,14,197,1681,7129,0.788189086828447,8190,35194,428,1502,93,4178,38,1024,67,38
"1210","2020-04-16",594,14,215,1568,7129,0.788189086828447,8190,35194,428,1502,78,4256,21,1045,54,21
"1211","2020-04-17",552,14,229,1495,7129,0.788189086828447,8190,35194,428,1502,92,4348,13,1058,68,13
"1212","2020-04-18",551,14,249,1406,7129,0.788189086828447,8190,35194,428,1502,85,4433,28,1086,53,28
"1213","2020-04-19",502,14,256,1331,7129,0.788189086828447,8190,35194,428,1502,90,4523,22,1108,52,22
"1214","2020-04-20",478,14,251,1273,7129,0.788189086828447,8190,35194,428,1502,77,4600,14,1122,54,14
"1215","2020-04-21",462,14,233,1219,7129,0.788189086828447,8190,35194,428,1502,84,4684,32,1154,60,32
"1216","2020-04-22",443,14,227,1131,7129,0.788189086828447,8190,35194,428,1502,72,4756,33,1187,43,33
"1217","2020-04-23",427,14,212,1042,7129,0.788189086828447,8190,35194,428,1502,78,4834,14,1201,50,14
"1218","2020-04-24",387,14,236,971,7129,0.788189086828447,8190,35194,428,1502,57,4891,7,1208,33,7
"1219","2020-04-25",378,14,244,927,7129,0.788189086828447,8190,35194,428,1502,68,4959,9,1217,42,9
"1220","2020-04-26",335,14,222,884,7129,0.788189086828447,8190,35194,428,1502,74,5033,7,1224,40,7
"1221","2020-04-27",314,14,217,826,7129,0.788189086828447,8190,35194,428,1502,37,5070,10,1234,21,10
"1222","2020-04-28",297,14,234,764,7129,0.788189086828447,8190,35194,428,1502,56,5126,7,1241,29,7
"1223","2020-04-29",283,14,274,729,7129,0.788189086828447,8190,35194,428,1502,51,5177,11,1252,34,11
"1224","2020-04-30",272,14,278,681,7129,0.788189086828447,8190,35194,428,1502,52,5229,12,1264,35,12
"1225","2020-05-01",242,14,269,653,7129,0.788189086828447,8190,35194,428,1502,56,5285,18,1282,30,18
"1226","2020-05-02",221,14,266,607,7129,0.788189086828447,8190,35194,428,1502,34,5319,49,1331,22,49
"1227","2020-05-03",206,14,288,583,7129,0.788189086828447,8190,35194,428,1502,52,5371,34,1365,37,34
"1228","2020-05-04",196,14,288,540,7129,0.788189086828447,8190,35194,428,1502,51,5422,24,1389,29,24
"1229","2020-05-05",185,14,294,510,7129,0.788189086828447,8190,35194,428,1502,38,5460,21,1410,18,21
"1230","2020-05-06",172,14,278,500,7129,0.788189086828447,8190,35194,428,1502,56,5516,9,1419,33,9
"1231","2020-05-07",166,14,274,462,7129,0.788189086828447,8190,35194,428,1502,46,5562,9,1428,34,9
"1232","2020-05-08",158,14,270,427,7129,0.788189086828447,8190,35194,428,1502,42,5604,4,1432,21,4
"1233","2020-05-09",153,14,285,392,7129,0.788189086828447,8190,35194,428,1502,30,5634,11,1443,17,11
"1234","2020-05-10",133,14,274,370,7129,0.788189086828447,8190,35194,428,1502,31,5665,6,1449,18,6
"1235","2020-05-11",127,14,251,366,7129,0.788189086828447,8190,35194,428,1502,38,5703,7,1456,22,7
"1236","2020-05-12",115,14,246,356,7129,0.788189086828447,8190,35194,428,1502,35,5738,4,1460,14,4
"1237","2020-05-13",111,14,236,334,7129,0.788189086828447,8190,35194,428,1502,38,5776,4,1464,21,4
"1238","2020-05-14",101,14,227,325,7129,0.788189086828447,8190,35194,428,1502,35,5811,7,1471,14,7
"1239","2020-05-15",95,14,240,308,7129,0.788189086828447,8190,35194,428,1502,27,5838,5,1476,14,5
"1240","2020-05-16",93,14,229,278,7129,0.788189086828447,8190,35194,428,1502,26,5864,8,1484,16,8
"1241","2020-05-17",97,14,218,261,7129,0.788189086828447,8190,35194,428,1502,25,5889,13,1497,11,13
"1242","2020-05-18",93,14,204,259,7129,0.788189086828447,8190,35194,428,1502,20,5909,46,1543,10,46
"1243","2020-05-19",84,14,210,247,7129,0.788189086828447,8190,35194,428,1502,32,5941,28,1571,17,28
"1244","2020-05-20",79,14,214,222,7129,0.788189086828447,8190,35194,428,1502,25,5966,15,1586,15,15
"1245","2020-05-21",75,14,197,212,7129,0.788189086828447,8190,35194,428,1502,23,5989,16,1602,8,16
"1246","2020-05-22",71,14,193,203,7129,0.788189086828447,8190,35194,428,1502,21,6010,47,1649,15,47
"1247","2020-05-23",64,14,179,199,7129,0.788189086828447,8190,35194,428,1502,15,6025,34,1683,5,34
"1248","2020-05-24",59,14,178,180,7129,0.788189086828447,8190,35194,428,1502,13,6038,19,1702,9,19
"1249","2020-05-25",56,14,215,172,7129,0.788189086828447,8190,35194,428,1502,16,6054,18,1720,9,18
"1250","2020-05-26",49,14,223,163,7129,0.788189086828447,8190,35194,428,1502,18,6072,18,1738,6,18
"1251","2020-05-27",47,14,220,143,7129,0.788189086828447,8190,35194,428,1502,16,6088,21,1759,6,21
"1252","2020-05-28",45,14,238,136,7129,0.788189086828447,8190,35194,428,1502,21,6109,6,1765,11,6
"1253","2020-05-29",44,14,238,131,7129,0.788189086828447,8190,35194,428,1502,18,6127,40,1805,6,40
"1254","2020-05-30",44,14,263,131,7129,0.788189086828447,8190,35194,428,1502,18,6145,41,1846,7,41
"1255","2020-05-31",44,14,235,127,7129,0.788189086828447,8190,35194,428,1502,16,6161,27,1873,8,27
"1256","2020-06-01",40,14,227,131,7129,0.788189086828447,8190,35194,428,1502,10,6171,13,1886,7,13
"1257","2020-06-02",37,14,208,132,7129,0.788189086828447,8190,35194,428,1502,13,6184,14,1900,6,14
"1258","2020-06-03",39,14,218,123,7129,0.788189086828447,8190,35194,428,1502,17,6201,12,1912,11,12
"1259","2020-06-04",40,14,213,114,7129,0.788189086828447,8190,35194,428,1502,12,6213,13,1925,4,13
"1260","2020-06-05",41,14,224,107,7129,0.788189086828447,8190,35194,428,1502,12,6225,49,1974,8,49
"1261","2020-06-06",43,14,240,103,7129,0.788189086828447,8190,35194,428,1502,14,6239,58,2032,9,58
"1262","2020-06-07",33,14,261,111,7129,0.788189086828447,8190,35194,428,1502,12,6251,35,2067,9,35
"1263","2020-03-12",1,15,118,193,8541,0.414822620302072,8430,39991,488,2809,90,171,21,49,NA,21
"1264","2020-03-13",4,15,151,310,8541,0.414822620302072,8430,39991,488,2809,102,273,27,76,6,27
"1265","2020-03-14",12,15,249,437,8541,0.414822620302072,8430,39991,488,2809,83,356,16,92,14,16
"1266","2020-03-15",56,15,292,567,8541,0.414822620302072,8430,39991,488,2809,114,470,16,108,21,16
"1267","2020-03-16",71,15,256,706,8541,0.414822620302072,8430,39991,488,2809,124,594,9,117,42,9
"1268","2020-03-17",83,15,239,873,8541,0.414822620302072,8430,39991,488,2809,111,705,4,121,30,4
"1269","2020-03-18",118,15,265,1010,8541,0.414822620302072,8430,39991,488,2809,123,828,18,139,39,18
"1270","2020-03-19",156,15,290,1147,8541,0.414822620302072,8430,39991,488,2809,145,973,28,167,52,28
"1271","2020-03-20",255,15,278,1278,8541,0.414822620302072,8430,39991,488,2809,116,1089,21,188,38,21
"1272","2020-03-21",307,15,277,1406,8541,0.414822620302072,8430,39991,488,2809,139,1228,16,204,54,16
"1273","2020-03-22",367,15,262,1505,8541,0.414822620302072,8430,39991,488,2809,149,1377,8,212,78,8
"1274","2020-03-23",402,15,240,1606,8541,0.414822620302072,8430,39991,488,2809,141,1518,10,222,65,10
"1275","2020-03-24",419,15,201,1682,8541,0.414822620302072,8430,39991,488,2809,154,1672,13,235,73,13
"1276","2020-03-25",437,15,207,1702,8541,0.414822620302072,8430,39991,488,2809,142,1814,20,255,75,20
"1277","2020-03-26",473,15,278,1736,8541,0.414822620302072,8430,39991,488,2809,136,1950,46,301,54,46
"1278","2020-03-27",587,15,305,1817,8541,0.414822620302072,8430,39991,488,2809,176,2126,47,348,94,47
"1279","2020-03-28",600,15,262,1815,8541,0.414822620302072,8430,39991,488,2809,126,2252,28,376,63,28
"1280","2020-03-29",530,15,252,1816,8541,0.414822620302072,8430,39991,488,2809,147,2399,17,393,62,17
"1281","2020-03-30",549,15,263,1796,8541,0.414822620302072,8430,39991,488,2809,143,2542,11,404,67,11
"1282","2020-03-31",535,15,255,1778,8541,0.414822620302072,8430,39991,488,2809,112,2654,8,412,52,8
"1283","2020-04-01",545,15,243,1765,8541,0.414822620302072,8430,39991,488,2809,138,2792,5,417,71,5
"1284","2020-04-02",536,15,245,1752,8541,0.414822620302072,8430,39991,488,2809,121,2913,15,432,58,15
"1285","2020-04-03",626,15,229,1728,8541,0.414822620302072,8430,39991,488,2809,120,3033,9,441,45,9
"1286","2020-04-04",629,15,226,1716,8541,0.414822620302072,8430,39991,488,2809,127,3160,6,447,51,6
"1287","2020-04-05",564,15,202,1701,8541,0.414822620302072,8430,39991,488,2809,137,3297,8,455,58,8
"1288","2020-04-06",536,15,193,1655,8541,0.414822620302072,8430,39991,488,2809,109,3406,13,468,38,13
"1289","2020-04-07",545,15,200,1623,8541,0.414822620302072,8430,39991,488,2809,102,3508,42,510,39,42
"1290","2020-04-08",531,15,191,1578,8541,0.414822620302072,8430,39991,488,2809,119,3627,26,536,47,26
"1291","2020-04-09",503,15,265,1502,8541,0.414822620302072,8430,39991,488,2809,114,3741,44,580,37,44
"1292","2020-04-10",530,15,267,1460,8541,0.414822620302072,8430,39991,488,2809,130,3871,31,611,64,31
"1293","2020-04-11",518,15,248,1434,8541,0.414822620302072,8430,39991,488,2809,126,3997,67,678,40,67
"1294","2020-04-12",454,15,218,1408,8541,0.414822620302072,8430,39991,488,2809,107,4104,46,724,49,46
"1295","2020-04-13",443,15,216,1370,8541,0.414822620302072,8430,39991,488,2809,102,4206,40,764,31,40
"1296","2020-04-14",436,15,216,1337,8541,0.414822620302072,8430,39991,488,2809,107,4313,19,783,40,19
"1297","2020-04-15",438,15,247,1272,8541,0.414822620302072,8430,39991,488,2809,90,4403,12,795,34,12
"1298","2020-04-16",434,15,237,1231,8541,0.414822620302072,8430,39991,488,2809,117,4520,11,806,51,11
"1299","2020-04-17",435,15,259,1204,8541,0.414822620302072,8430,39991,488,2809,108,4628,16,822,42,16
"1300","2020-04-18",416,15,260,1182,8541,0.414822620302072,8430,39991,488,2809,78,4706,14,836,23,14
"1301","2020-04-19",385,15,301,1156,8541,0.414822620302072,8430,39991,488,2809,76,4782,44,880,24,44
"1302","2020-04-20",375,15,278,1124,8541,0.414822620302072,8430,39991,488,2809,85,4867,35,915,22,35
"1303","2020-04-21",357,15,250,1081,8541,0.414822620302072,8430,39991,488,2809,84,4951,50,965,29,50
"1304","2020-04-22",337,15,228,1049,8541,0.414822620302072,8430,39991,488,2809,90,5041,60,1025,21,60
"1305","2020-04-23",340,15,224,1047,8541,0.414822620302072,8430,39991,488,2809,69,5110,45,1070,25,45
"1306","2020-04-24",317,15,197,1025,8541,0.414822620302072,8430,39991,488,2809,86,5196,26,1096,25,26
"1307","2020-04-25",321,15,226,1004,8541,0.414822620302072,8430,39991,488,2809,86,5282,18,1114,24,18
"1308","2020-04-26",303,15,271,982,8541,0.414822620302072,8430,39991,488,2809,75,5357,15,1129,25,15
"1309","2020-04-27",301,15,280,951,8541,0.414822620302072,8430,39991,488,2809,71,5428,22,1151,16,22
"1310","2020-04-28",296,15,292,931,8541,0.414822620302072,8430,39991,488,2809,55,5483,13,1164,17,13
"1311","2020-04-29",295,15,308,892,8541,0.414822620302072,8430,39991,488,2809,48,5531,17,1181,5,17
"1312","2020-04-30",285,15,269,895,8541,0.414822620302072,8430,39991,488,2809,57,5588,19,1200,15,19
"1313","2020-05-01",299,15,261,887,8541,0.414822620302072,8430,39991,488,2809,42,5630,19,1219,11,19
"1314","2020-05-02",307,15,252,859,8541,0.414822620302072,8430,39991,488,2809,58,5688,29,1248,11,29
"1315","2020-05-03",269,15,240,839,8541,0.414822620302072,8430,39991,488,2809,51,5739,37,1285,11,37
"1316","2020-05-04",265,15,228,787,8541,0.414822620302072,8430,39991,488,2809,58,5797,35,1320,15,35
"1317","2020-05-05",255,15,223,769,8541,0.414822620302072,8430,39991,488,2809,46,5843,56,1376,11,56
"1318","2020-05-06",252,15,265,733,8541,0.414822620302072,8430,39991,488,2809,42,5885,23,1399,16,23
"1319","2020-05-07",252,15,267,708,8541,0.414822620302072,8430,39991,488,2809,53,5938,21,1420,14,21
"1320","2020-05-08",251,15,265,676,8541,0.414822620302072,8430,39991,488,2809,40,5978,15,1435,3,15
"1321","2020-05-09",225,15,247,650,8541,0.414822620302072,8430,39991,488,2809,42,6020,25,1460,7,25
"1322","2020-05-10",211,15,245,643,8541,0.414822620302072,8430,39991,488,2809,49,6069,19,1479,14,19
"1323","2020-05-11",199,15,243,638,8541,0.414822620302072,8430,39991,488,2809,43,6112,13,1492,10,13
"1324","2020-05-12",187,15,229,608,8541,0.414822620302072,8430,39991,488,2809,36,6148,14,1506,10,14
"1325","2020-05-13",180,15,224,566,8541,0.414822620302072,8430,39991,488,2809,36,6184,40,1546,4,40
"1326","2020-05-14",174,15,197,545,8541,0.414822620302072,8430,39991,488,2809,40,6224,26,1572,8,26
"1327","2020-05-15",166,15,190,524,8541,0.414822620302072,8430,39991,488,2809,43,6267,17,1589,8,17
"1328","2020-05-16",177,15,215,501,8541,0.414822620302072,8430,39991,488,2809,36,6303,65,1654,7,65
"1329","2020-05-17",170,15,214,487,8541,0.414822620302072,8430,39991,488,2809,40,6343,40,1694,8,40
"1330","2020-05-18",163,15,222,472,8541,0.414822620302072,8430,39991,488,2809,25,6368,53,1747,10,53
"1331","2020-05-19",161,15,273,452,8541,0.414822620302072,8430,39991,488,2809,34,6402,25,1772,11,25
"1332","2020-05-20",155,15,243,423,8541,0.414822620302072,8430,39991,488,2809,23,6425,17,1789,4,17
"1333","2020-05-21",146,15,244,399,8541,0.414822620302072,8430,39991,488,2809,28,6453,19,1808,6,19
"1334","2020-05-22",139,15,243,382,8541,0.414822620302072,8430,39991,488,2809,21,6474,25,1833,1,25
"1335","2020-05-23",127,15,241,359,8541,0.414822620302072,8430,39991,488,2809,35,6509,31,1864,8,31
"1336","2020-05-24",108,15,261,335,8541,0.414822620302072,8430,39991,488,2809,17,6526,20,1884,2,20
"1337","2020-05-25",104,15,240,318,8541,0.414822620302072,8430,39991,488,2809,17,6543,17,1901,3,17
"1338","2020-05-26",94,15,232,327,8541,0.414822620302072,8430,39991,488,2809,21,6564,44,1945,6,44
"1339","2020-05-27",94,15,244,314,8541,0.414822620302072,8430,39991,488,2809,19,6583,24,1969,3,24
"1340","2020-05-28",90,15,225,299,8541,0.414822620302072,8430,39991,488,2809,19,6602,33,2002,3,33
"1341","2020-05-29",94,15,225,271,8541,0.414822620302072,8430,39991,488,2809,18,6620,42,2044,1,42
"1342","2020-05-30",90,15,279,253,8541,0.414822620302072,8430,39991,488,2809,12,6632,35,2079,1,35
"1343","2020-05-31",82,15,285,241,8541,0.414822620302072,8430,39991,488,2809,13,6645,18,2097,3,18
"1344","2020-06-01",85,15,312,225,8541,0.414822620302072,8430,39991,488,2809,14,6659,40,2137,1,40
"1345","2020-06-02",82,15,298,217,8541,0.414822620302072,8430,39991,488,2809,13,6672,39,2176,4,39
"1346","2020-06-03",75,15,322,208,8541,0.414822620302072,8430,39991,488,2809,13,6685,48,2224,2,48
"1347","2020-06-04",75,15,297,194,8541,0.414822620302072,8430,39991,488,2809,12,6697,25,2249,1,25
"1348","2020-06-05",60,15,267,186,8541,0.414822620302072,8430,39991,488,2809,18,6715,26,2275,2,26
"1349","2020-06-06",62,15,239,168,8541,0.414822620302072,8430,39991,488,2809,11,6726,29,2304,1,29
"1350","2020-06-07",59,15,203,160,8541,0.414822620302072,8430,39991,488,2809,10,6736,43,2347,2,43
"1351","2020-03-13",2,16,125,78,6900,0.75768115942029,8295,32831,349,1822,66,200,33,109,11,33
"1352","2020-03-14",10,16,182,118,6900,0.75768115942029,8295,32831,349,1822,90,290,27,136,24,27
"1353","2020-03-15",12,16,221,162,6900,0.75768115942029,8295,32831,349,1822,81,371,31,167,31,31
"1354","2020-03-16",14,16,278,216,6900,0.75768115942029,8295,32831,349,1822,83,454,77,244,44,77
"1355","2020-03-17",25,16,282,263,6900,0.75768115942029,8295,32831,349,1822,105,559,82,326,48,82
"1356","2020-03-18",36,16,275,331,6900,0.75768115942029,8295,32831,349,1822,115,674,38,364,53,38
"1357","2020-03-19",51,16,261,403,6900,0.75768115942029,8295,32831,349,1822,128,802,34,398,78,34
"1358","2020-03-20",75,16,246,495,6900,0.75768115942029,8295,32831,349,1822,131,933,62,460,74,62
"1359","2020-03-21",125,16,234,590,6900,0.75768115942029,8295,32831,349,1822,138,1071,60,520,74,60
"1360","2020-03-22",155,16,209,716,6900,0.75768115942029,8295,32831,349,1822,138,1209,38,558,93,38
"1361","2020-03-23",164,16,205,822,6900,0.75768115942029,8295,32831,349,1822,173,1382,53,611,100,53
"1362","2020-03-24",161,16,198,951,6900,0.75768115942029,8295,32831,349,1822,160,1542,43,654,107,43
"1363","2020-03-25",187,16,188,1064,6900,0.75768115942029,8295,32831,349,1822,158,1700,40,694,103,40
"1364","2020-03-26",208,16,190,1182,6900,0.75768115942029,8295,32831,349,1822,171,1871,31,725,121,31
"1365","2020-03-27",306,16,190,1306,6900,0.75768115942029,8295,32831,349,1822,159,2030,37,762,114,37
"1366","2020-03-28",338,16,202,1416,6900,0.75768115942029,8295,32831,349,1822,171,2201,59,821,117,59
"1367","2020-03-29",397,16,209,1494,6900,0.75768115942029,8295,32831,349,1822,162,2363,46,867,114,46
"1368","2020-03-30",413,16,211,1594,6900,0.75768115942029,8295,32831,349,1822,162,2525,52,919,110,52
"1369","2020-03-31",434,16,196,1734,6900,0.75768115942029,8295,32831,349,1822,160,2685,31,950,115,31
"1370","2020-04-01",464,16,207,1826,6900,0.75768115942029,8295,32831,349,1822,160,2845,33,983,110,33
"1371","2020-04-02",484,16,228,1920,6900,0.75768115942029,8295,32831,349,1822,197,3042,37,1020,132,37
"1372","2020-04-03",626,16,249,1997,6900,0.75768115942029,8295,32831,349,1822,156,3198,40,1060,105,40
"1373","2020-04-04",656,16,238,2066,6900,0.75768115942029,8295,32831,349,1822,161,3359,28,1088,117,28
"1374","2020-04-05",608,16,239,2123,6900,0.75768115942029,8295,32831,349,1822,151,3510,33,1121,100,33
"1375","2020-04-06",619,16,266,2208,6900,0.75768115942029,8295,32831,349,1822,162,3672,38,1159,107,38
"1376","2020-04-07",627,16,257,2173,6900,0.75768115942029,8295,32831,349,1822,128,3800,50,1209,80,50
"1377","2020-04-08",638,16,274,2153,6900,0.75768115942029,8295,32831,349,1822,123,3923,48,1257,78,48
"1378","2020-04-09",672,16,256,2155,6900,0.75768115942029,8295,32831,349,1822,133,4056,26,1283,91,26
"1379","2020-04-10",766,16,240,2162,6900,0.75768115942029,8295,32831,349,1822,129,4185,50,1333,82,50
"1380","2020-04-11",743,16,233,2130,6900,0.75768115942029,8295,32831,349,1822,134,4319,56,1389,85,56
"1381","2020-04-12",711,16,253,2061,6900,0.75768115942029,8295,32831,349,1822,120,4439,66,1455,74,66
"1382","2020-04-13",708,16,319,1968,6900,0.75768115942029,8295,32831,349,1822,102,4541,44,1499,64,44
"1383","2020-04-14",705,16,342,1902,6900,0.75768115942029,8295,32831,349,1822,118,4659,26,1525,74,26
"1384","2020-04-15",695,16,333,1844,6900,0.75768115942029,8295,32831,349,1822,83,4742,36,1561,50,36
"1385","2020-04-16",661,16,300,1748,6900,0.75768115942029,8295,32831,349,1822,82,4824,29,1590,47,29
"1386","2020-04-17",600,16,286,1621,6900,0.75768115942029,8295,32831,349,1822,94,4918,38,1628,54,38
"1387","2020-04-18",591,16,292,1495,6900,0.75768115942029,8295,32831,349,1822,62,4980,42,1670,25,42
"1388","2020-04-19",544,16,296,1412,6900,0.75768115942029,8295,32831,349,1822,77,5057,29,1699,42,29
"1389","2020-04-20",529,16,302,1350,6900,0.75768115942029,8295,32831,349,1822,75,5132,31,1730,40,31
"1390","2020-04-21",493,16,327,1265,6900,0.75768115942029,8295,32831,349,1822,74,5206,35,1765,35,35
"1391","2020-04-22",475,16,350,1215,6900,0.75768115942029,8295,32831,349,1822,59,5265,33,1798,28,33
"1392","2020-04-23",468,16,364,1158,6900,0.75768115942029,8295,32831,349,1822,76,5341,35,1833,30,35
"1393","2020-04-24",419,16,350,1087,6900,0.75768115942029,8295,32831,349,1822,71,5412,25,1858,27,25
"1394","2020-04-25",427,16,325,1007,6900,0.75768115942029,8295,32831,349,1822,68,5480,32,1890,29,32
"1395","2020-04-26",386,16,302,956,6900,0.75768115942029,8295,32831,349,1822,66,5546,34,1924,32,34
"1396","2020-04-27",357,16,270,882,6900,0.75768115942029,8295,32831,349,1822,52,5598,28,1952,28,28
"1397","2020-04-28",343,16,282,809,6900,0.75768115942029,8295,32831,349,1822,51,5649,21,1973,16,21
"1398","2020-04-29",319,16,259,754,6900,0.75768115942029,8295,32831,349,1822,55,5704,39,2012,18,39
"1399","2020-04-30",300,16,258,703,6900,0.75768115942029,8295,32831,349,1822,48,5752,24,2036,16,24
"1400","2020-05-01",288,16,263,651,6900,0.75768115942029,8295,32831,349,1822,42,5794,39,2075,16,39
"1401","2020-05-02",260,16,259,604,6900,0.75768115942029,8295,32831,349,1822,41,5835,33,2108,14,33
"1402","2020-05-03",236,16,222,555,6900,0.75768115942029,8295,32831,349,1822,39,5874,33,2141,16,33
"1403","2020-05-04",220,16,245,514,6900,0.75768115942029,8295,32831,349,1822,48,5922,33,2174,18,33
"1404","2020-05-05",211,16,230,476,6900,0.75768115942029,8295,32831,349,1822,42,5964,73,2247,11,73
"1405","2020-05-06",200,16,243,433,6900,0.75768115942029,8295,32831,349,1822,35,5999,58,2305,11,58
"1406","2020-05-07",183,16,235,392,6900,0.75768115942029,8295,32831,349,1822,31,6030,33,2338,10,33
"1407","2020-05-08",142,16,253,359,6900,0.75768115942029,8295,32831,349,1822,28,6058,28,2366,11,28
"1408","2020-05-09",140,16,255,323,6900,0.75768115942029,8295,32831,349,1822,38,6096,50,2416,13,50
"1409","2020-05-10",126,16,247,309,6900,0.75768115942029,8295,32831,349,1822,36,6132,41,2457,13,41
"1410","2020-05-11",117,16,238,274,6900,0.75768115942029,8295,32831,349,1822,31,6163,40,2497,8,40
"1411","2020-05-12",106,16,241,246,6900,0.75768115942029,8295,32831,349,1822,30,6193,29,2526,8,29
"1412","2020-05-13",98,16,248,227,6900,0.75768115942029,8295,32831,349,1822,32,6225,25,2551,10,25
"1413","2020-05-14",100,16,242,208,6900,0.75768115942029,8295,32831,349,1822,21,6246,24,2575,8,24
"1414","2020-05-15",89,16,268,197,6900,0.75768115942029,8295,32831,349,1822,28,6274,26,2601,10,26
"1415","2020-05-16",83,16,247,188,6900,0.75768115942029,8295,32831,349,1822,18,6292,21,2622,7,21
"1416","2020-05-17",79,16,243,174,6900,0.75768115942029,8295,32831,349,1822,27,6319,31,2653,6,31
"1417","2020-05-18",72,16,243,161,6900,0.75768115942029,8295,32831,349,1822,23,6342,32,2685,11,32
"1418","2020-05-19",68,16,236,158,6900,0.75768115942029,8295,32831,349,1822,14,6356,29,2714,5,29
"1419","2020-05-20",66,16,228,146,6900,0.75768115942029,8295,32831,349,1822,26,6382,21,2735,12,21
"1420","2020-05-21",59,16,245,143,6900,0.75768115942029,8295,32831,349,1822,24,6406,28,2763,6,28
"1421","2020-05-22",53,16,237,134,6900,0.75768115942029,8295,32831,349,1822,16,6422,34,2797,5,34
"1422","2020-05-23",47,16,224,134,6900,0.75768115942029,8295,32831,349,1822,21,6443,52,2849,5,52
"1423","2020-05-24",50,16,240,133,6900,0.75768115942029,8295,32831,349,1822,13,6456,52,2901,5,52
"1424","2020-05-25",48,16,250,130,6900,0.75768115942029,8295,32831,349,1822,21,6477,39,2940,4,39
"1425","2020-05-26",45,16,245,123,6900,0.75768115942029,8295,32831,349,1822,17,6494,40,2980,5,40
"1426","2020-05-27",44,16,261,110,6900,0.75768115942029,8295,32831,349,1822,13,6507,49,3029,3,49
"1427","2020-05-28",39,16,235,110,6900,0.75768115942029,8295,32831,349,1822,17,6524,41,3070,7,41
"1428","2020-05-29",38,16,240,103,6900,0.75768115942029,8295,32831,349,1822,18,6542,27,3097,7,27
"1429","2020-05-30",41,16,241,98,6900,0.75768115942029,8295,32831,349,1822,6,6548,33,3130,1,33
"1430","2020-05-31",37,16,262,96,6900,0.75768115942029,8295,32831,349,1822,17,6565,36,3166,8,36
"1431","2020-06-01",35,16,261,100,6900,0.75768115942029,8295,32831,349,1822,17,6582,35,3201,4,35
"1432","2020-06-02",35,16,249,100,6900,0.75768115942029,8295,32831,349,1822,10,6592,39,3240,4,39
"1433","2020-06-03",34,16,254,92,6900,0.75768115942029,8295,32831,349,1822,10,6602,32,3272,2,32
"1434","2020-06-04",36,16,233,91,6900,0.75768115942029,8295,32831,349,1822,15,6617,45,3317,2,45
"1435","2020-06-05",37,16,211,82,6900,0.75768115942029,8295,32831,349,1822,15,6632,40,3357,2,40
"1436","2020-06-06",34,16,213,76,6900,0.75768115942029,8295,32831,349,1822,8,6640,50,3407,2,50
"1437","2020-06-07",29,16,218,78,6900,0.75768115942029,8295,32831,349,1822,11,6651,53,3460,2,53
"1438","2020-03-12",2,17,159,100,7393,0.548086027323143,8250,35382,405,1509,25,40,24,40,8,24
"1439","2020-03-13",4,17,186,150,7393,0.548086027323143,8250,35382,405,1509,30,70,34,74,22,34
"1440","2020-03-14",12,17,248,226,7393,0.548086027323143,8250,35382,405,1509,27,97,49,123,22,49
"1441","2020-03-15",23,17,277,313,7393,0.548086027323143,8250,35382,405,1509,37,134,29,152,30,29
"1442","2020-03-16",31,17,255,386,7393,0.548086027323143,8250,35382,405,1509,49,183,15,167,39,15
"1443","2020-03-17",37,17,257,499,7393,0.548086027323143,8250,35382,405,1509,53,236,16,183,44,16
"1444","2020-03-18",55,17,229,592,7393,0.548086027323143,8250,35382,405,1509,55,291,14,197,45,14
"1445","2020-03-19",73,17,228,687,7393,0.548086027323143,8250,35382,405,1509,62,353,46,243,49,46
"1446","2020-03-20",121,17,215,815,7393,0.548086027323143,8250,35382,405,1509,65,418,33,276,59,33
"1447","2020-03-21",177,17,202,905,7393,0.548086027323143,8250,35382,405,1509,87,505,47,323,77,47
"1448","2020-03-22",231,17,193,1010,7393,0.548086027323143,8250,35382,405,1509,106,611,71,394,94,71
"1449","2020-03-23",243,17,188,1118,7393,0.548086027323143,8250,35382,405,1509,116,727,71,465,98,71
"1450","2020-03-24",271,17,190,1196,7393,0.548086027323143,8250,35382,405,1509,110,837,20,485,102,20
"1451","2020-03-25",302,17,175,1288,7393,0.548086027323143,8250,35382,405,1509,128,965,17,502,118,17
"1452","2020-03-26",329,17,157,1358,7393,0.548086027323143,8250,35382,405,1509,146,1111,19,521,131,19
"1453","2020-03-27",438,17,166,1434,7393,0.548086027323143,8250,35382,405,1509,144,1255,51,572,132,51
"1454","2020-03-28",514,17,150,1508,7393,0.548086027323143,8250,35382,405,1509,183,1438,20,592,173,20
"1455","2020-03-29",481,17,135,1579,7393,0.548086027323143,8250,35382,405,1509,154,1592,27,619,148,27
"1456","2020-03-30",494,17,169,1685,7393,0.548086027323143,8250,35382,405,1509,182,1774,10,629,171,10
"1457","2020-03-31",513,17,198,1739,7393,0.548086027323143,8250,35382,405,1509,212,1986,9,638,194,9
"1458","2020-04-01",522,17,208,1768,7393,0.548086027323143,8250,35382,405,1509,176,2162,21,659,163,21
"1459","2020-04-02",534,17,204,1791,7393,0.548086027323143,8250,35382,405,1509,214,2376,42,701,204,42
"1460","2020-04-03",656,17,240,1820,7393,0.548086027323143,8250,35382,405,1509,197,2573,20,721,183,20
"1461","2020-04-04",623,17,223,1849,7393,0.548086027323143,8250,35382,405,1509,233,2806,16,737,225,16
"1462","2020-04-05",595,17,207,1876,7393,0.548086027323143,8250,35382,405,1509,184,2990,52,789,174,52
"1463","2020-04-06",585,17,225,1925,7393,0.548086027323143,8250,35382,405,1509,216,3206,44,833,203,44
"1464","2020-04-07",575,17,249,1921,7393,0.548086027323143,8250,35382,405,1509,234,3440,22,855,225,22
"1465","2020-04-08",594,17,248,1936,7393,0.548086027323143,8250,35382,405,1509,175,3615,22,877,166,22
"1466","2020-04-09",597,17,233,1935,7393,0.548086027323143,8250,35382,405,1509,224,3839,63,940,211,63
"1467","2020-04-10",628,17,220,1914,7393,0.548086027323143,8250,35382,405,1509,182,4021,62,1002,172,62
"1468","2020-04-11",633,17,234,1893,7393,0.548086027323143,8250,35382,405,1509,169,4190,31,1033,155,31
"1469","2020-04-12",608,17,271,1832,7393,0.548086027323143,8250,35382,405,1509,156,4346,16,1049,150,16
"1470","2020-04-13",599,17,270,1772,7393,0.548086027323143,8250,35382,405,1509,130,4476,33,1082,123,33
"1471","2020-04-14",595,17,261,1718,7393,0.548086027323143,8250,35382,405,1509,142,4618,26,1108,135,26
"1472","2020-04-15",570,17,238,1645,7393,0.548086027323143,8250,35382,405,1509,153,4771,47,1155,140,47
"1473","2020-04-16",572,17,216,1590,7393,0.548086027323143,8250,35382,405,1509,104,4875,21,1176,98,21
"1474","2020-04-17",550,17,195,1509,7393,0.548086027323143,8250,35382,405,1509,116,4991,25,1201,111,25
"1475","2020-04-18",561,17,221,1401,7393,0.548086027323143,8250,35382,405,1509,82,5073,17,1218,75,17
"1476","2020-04-19",500,17,282,1333,7393,0.548086027323143,8250,35382,405,1509,78,5151,38,1256,76,38
"1477","2020-04-20",462,17,279,1245,7393,0.548086027323143,8250,35382,405,1509,103,5254,34,1290,92,34
"1478","2020-04-21",451,17,273,1177,7393,0.548086027323143,8250,35382,405,1509,85,5339,18,1308,80,18
"1479","2020-04-22",442,17,247,1119,7393,0.548086027323143,8250,35382,405,1509,64,5403,15,1323,58,15
"1480","2020-04-23",427,17,231,1050,7393,0.548086027323143,8250,35382,405,1509,65,5468,13,1336,56,13
"1481","2020-04-24",385,17,237,1000,7393,0.548086027323143,8250,35382,405,1509,62,5530,30,1366,58,30
"1482","2020-04-25",349,17,224,946,7393,0.548086027323143,8250,35382,405,1509,55,5585,56,1422,52,56
"1483","2020-04-26",326,17,217,902,7393,0.548086027323143,8250,35382,405,1509,49,5634,58,1480,45,58
"1484","2020-04-27",327,17,212,842,7393,0.548086027323143,8250,35382,405,1509,40,5674,38,1518,35,38
"1485","2020-04-28",314,17,258,786,7393,0.548086027323143,8250,35382,405,1509,35,5709,39,1557,32,39
"1486","2020-04-29",294,17,312,751,7393,0.548086027323143,8250,35382,405,1509,40,5749,29,1586,36,29
"1487","2020-04-30",268,17,317,734,7393,0.548086027323143,8250,35382,405,1509,38,5787,57,1643,33,57
"1488","2020-05-01",261,17,293,693,7393,0.548086027323143,8250,35382,405,1509,32,5819,33,1676,30,33
"1489","2020-05-02",276,17,259,658,7393,0.548086027323143,8250,35382,405,1509,24,5843,30,1706,21,30
"1490","2020-05-03",248,17,249,619,7393,0.548086027323143,8250,35382,405,1509,28,5871,24,1730,26,24
"1491","2020-05-04",236,17,231,586,7393,0.548086027323143,8250,35382,405,1509,21,5892,22,1752,20,22
"1492","2020-05-05",223,17,235,560,7393,0.548086027323143,8250,35382,405,1509,23,5915,19,1771,21,19
"1493","2020-05-06",215,17,295,527,7393,0.548086027323143,8250,35382,405,1509,22,5937,15,1786,17,15
"1494","2020-05-07",211,17,321,511,7393,0.548086027323143,8250,35382,405,1509,21,5958,17,1803,17,17
"1495","2020-05-08",196,17,334,463,7393,0.548086027323143,8250,35382,405,1509,20,5978,29,1832,16,29
"1496","2020-05-09",190,17,388,435,7393,0.548086027323143,8250,35382,405,1509,29,6007,44,1876,22,44
"1497","2020-05-10",184,17,421,407,7393,0.548086027323143,8250,35382,405,1509,20,6027,28,1904,15,28
"1498","2020-05-11",165,17,389,381,7393,0.548086027323143,8250,35382,405,1509,15,6042,13,1917,14,13
"1499","2020-05-12",155,17,362,356,7393,0.548086027323143,8250,35382,405,1509,24,6066,26,1943,20,26
"1500","2020-05-13",151,17,329,342,7393,0.548086027323143,8250,35382,405,1509,16,6082,47,1990,11,47
"1501","2020-05-14",136,17,288,309,7393,0.548086027323143,8250,35382,405,1509,20,6102,66,2056,18,66
"1502","2020-05-15",131,17,299,296,7393,0.548086027323143,8250,35382,405,1509,10,6112,40,2096,9,40
"1503","2020-05-16",106,17,285,284,7393,0.548086027323143,8250,35382,405,1509,22,6134,70,2166,15,70
"1504","2020-05-17",88,17,301,274,7393,0.548086027323143,8250,35382,405,1509,14,6148,37,2203,10,37
"1505","2020-05-18",87,17,277,262,7393,0.548086027323143,8250,35382,405,1509,12,6160,25,2228,11,25
"1506","2020-05-19",75,17,256,254,7393,0.548086027323143,8250,35382,405,1509,13,6173,14,2242,10,14
"1507","2020-05-20",78,17,259,251,7393,0.548086027323143,8250,35382,405,1509,18,6191,48,2290,14,48
"1508","2020-05-21",81,17,251,247,7393,0.548086027323143,8250,35382,405,1509,11,6202,19,2309,9,19
"1509","2020-05-22",75,17,269,245,7393,0.548086027323143,8250,35382,405,1509,11,6213,28,2337,8,28
"1510","2020-05-23",92,17,293,236,7393,0.548086027323143,8250,35382,405,1509,9,6222,40,2377,8,40
"1511","2020-05-24",88,17,277,230,7393,0.548086027323143,8250,35382,405,1509,7,6229,33,2410,4,33
"1512","2020-05-25",82,17,263,223,7393,0.548086027323143,8250,35382,405,1509,10,6239,23,2433,8,23
"1513","2020-05-26",82,17,245,212,7393,0.548086027323143,8250,35382,405,1509,7,6246,17,2450,6,17
"1514","2020-05-27",78,17,233,204,7393,0.548086027323143,8250,35382,405,1509,12,6258,16,2466,9,16
"1515","2020-05-28",75,17,217,204,7393,0.548086027323143,8250,35382,405,1509,8,6266,18,2484,7,18
"1516","2020-05-29",76,17,195,201,7393,0.548086027323143,8250,35382,405,1509,10,6276,30,2514,7,30
"1517","2020-05-30",64,17,191,197,7393,0.548086027323143,8250,35382,405,1509,7,6283,42,2556,7,42
"1518","2020-05-31",61,17,205,191,7393,0.548086027323143,8250,35382,405,1509,7,6290,23,2579,5,23
"1519","2020-06-01",60,17,194,182,7393,0.548086027323143,8250,35382,405,1509,10,6300,16,2595,6,16
"1520","2020-06-02",60,17,187,177,7393,0.548086027323143,8250,35382,405,1509,6,6306,16,2611,5,16
"1521","2020-06-03",56,17,181,168,7393,0.548086027323143,8250,35382,405,1509,8,6314,13,2624,5,13
"1522","2020-06-04",61,17,169,166,7393,0.548086027323143,8250,35382,405,1509,6,6320,55,2679,6,55
"1523","2020-06-05",68,17,157,164,7393,0.548086027323143,8250,35382,405,1509,10,6330,40,2719,9,40
"1524","2020-06-06",71,17,149,166,7393,0.548086027323143,8250,35382,405,1509,9,6339,52,2771,9,52
"1525","2020-06-07",68,17,159,160,7393,0.548086027323143,8250,35382,405,1509,3,6342,38,2809,2,38
"1526","2020-03-13",1,18,157,99,6706,0.74321503131524,8250,34775,364,2039,27,63,45,114,12,45
"1527","2020-03-14",4,18,215,147,6706,0.74321503131524,8250,34775,364,2039,23,86,27,141,7,27
"1528","2020-03-15",10,18,261,191,6706,0.74321503131524,8250,34775,364,2039,29,115,17,158,18,17
"1529","2020-03-16",13,18,287,247,6706,0.74321503131524,8250,34775,364,2039,35,150,14,172,18,14
"1530","2020-03-17",27,18,271,311,6706,0.74321503131524,8250,34775,364,2039,36,186,12,184,23,12
"1531","2020-03-18",37,18,258,388,6706,0.74321503131524,8250,34775,364,2039,52,238,10,194,40,10
"1532","2020-03-19",52,18,237,471,6706,0.74321503131524,8250,34775,364,2039,49,287,9,203,33,9
"1533","2020-03-20",80,18,211,553,6706,0.74321503131524,8250,34775,364,2039,48,335,8,211,40,8
"1534","2020-03-21",150,18,209,647,6706,0.74321503131524,8250,34775,364,2039,84,419,9,220,63,9
"1535","2020-03-22",180,18,225,709,6706,0.74321503131524,8250,34775,364,2039,67,486,6,226,61,6
"1536","2020-03-23",185,18,212,811,6706,0.74321503131524,8250,34775,364,2039,101,587,5,231,87,5
"1537","2020-03-24",200,18,210,907,6706,0.74321503131524,8250,34775,364,2039,105,692,4,235,89,4
"1538","2020-03-25",224,18,208,980,6706,0.74321503131524,8250,34775,364,2039,133,825,3,238,117,3
"1539","2020-03-26",244,18,191,1073,6706,0.74321503131524,8250,34775,364,2039,119,944,8,246,106,8
"1540","2020-03-27",326,18,157,1164,6706,0.74321503131524,8250,34775,364,2039,123,1067,8,254,111,8
"1541","2020-03-28",349,18,145,1273,6706,0.74321503131524,8250,34775,364,2039,143,1210,66,320,128,66
"1542","2020-03-29",363,18,157,1344,6706,0.74321503131524,8250,34775,364,2039,141,1351,37,357,132,37
"1543","2020-03-30",372,18,219,1401,6706,0.74321503131524,8250,34775,364,2039,147,1498,49,406,133,49
"1544","2020-03-31",383,18,250,1487,6706,0.74321503131524,8250,34775,364,2039,166,1664,55,461,149,55
"1545","2020-04-01",390,18,239,1532,6706,0.74321503131524,8250,34775,364,2039,167,1831,34,495,153,34
"1546","2020-04-02",407,18,253,1590,6706,0.74321503131524,8250,34775,364,2039,178,2009,14,509,162,14
"1547","2020-04-03",500,18,251,1593,6706,0.74321503131524,8250,34775,364,2039,193,2202,17,526,185,17
"1548","2020-04-04",506,18,212,1673,6706,0.74321503131524,8250,34775,364,2039,221,2423,16,542,210,16
"1549","2020-04-05",499,18,233,1746,6706,0.74321503131524,8250,34775,364,2039,220,2643,9,551,203,9
"1550","2020-04-06",516,18,240,1774,6706,0.74321503131524,8250,34775,364,2039,187,2830,14,565,181,14
"1551","2020-04-07",524,18,235,1791,6706,0.74321503131524,8250,34775,364,2039,214,3044,8,573,199,8
"1552","2020-04-08",553,18,227,1806,6706,0.74321503131524,8250,34775,364,2039,170,3214,10,583,155,10
"1553","2020-04-09",559,18,214,1805,6706,0.74321503131524,8250,34775,364,2039,185,3399,13,596,177,13
"1554","2020-04-10",614,18,208,1806,6706,0.74321503131524,8250,34775,364,2039,170,3569,15,611,153,15
"1555","2020-04-11",623,18,185,1787,6706,0.74321503131524,8250,34775,364,2039,171,3740,20,631,154,20
"1556","2020-04-12",603,18,192,1791,6706,0.74321503131524,8250,34775,364,2039,210,3950,31,662,201,31
"1557","2020-04-13",605,18,196,1745,6706,0.74321503131524,8250,34775,364,2039,160,4110,23,685,152,23
"1558","2020-04-14",595,18,200,1725,6706,0.74321503131524,8250,34775,364,2039,137,4247,17,702,127,17
"1559","2020-04-15",579,18,201,1646,6706,0.74321503131524,8250,34775,364,2039,138,4385,17,719,128,17
"1560","2020-04-16",590,18,192,1610,6706,0.74321503131524,8250,34775,364,2039,149,4534,63,782,141,63
"1561","2020-04-17",615,18,195,1553,6706,0.74321503131524,8250,34775,364,2039,180,4714,42,824,169,42
"1562","2020-04-18",607,18,261,1515,6706,0.74321503131524,8250,34775,364,2039,82,4796,37,861,73,37
"1563","2020-04-19",516,18,262,1458,6706,0.74321503131524,8250,34775,364,2039,123,4919,41,902,114,41
"1564","2020-04-20",494,18,236,1399,6706,0.74321503131524,8250,34775,364,2039,97,5016,44,946,90,44
"1565","2020-04-21",482,18,225,1322,6706,0.74321503131524,8250,34775,364,2039,92,5108,31,977,83,31
"1566","2020-04-22",473,18,266,1257,6706,0.74321503131524,8250,34775,364,2039,83,5191,43,1020,78,43
"1567","2020-04-23",448,18,289,1185,6706,0.74321503131524,8250,34775,364,2039,79,5270,37,1057,70,37
"1568","2020-04-24",442,18,291,1146,6706,0.74321503131524,8250,34775,364,2039,83,5353,23,1080,76,23
"1569","2020-04-25",432,18,274,1081,6706,0.74321503131524,8250,34775,364,2039,79,5432,19,1099,71,19
"1570","2020-04-26",414,18,242,1017,6706,0.74321503131524,8250,34775,364,2039,70,5502,43,1142,63,43
"1571","2020-04-27",400,18,227,970,6706,0.74321503131524,8250,34775,364,2039,76,5578,27,1169,61,27
"1572","2020-04-28",387,18,222,928,6706,0.74321503131524,8250,34775,364,2039,64,5642,25,1194,60,25
"1573","2020-04-29",377,18,227,880,6706,0.74321503131524,8250,34775,364,2039,45,5687,20,1214,40,20
"1574","2020-04-30",367,18,224,819,6706,0.74321503131524,8250,34775,364,2039,50,5737,41,1255,45,41
"1575","2020-05-01",314,18,215,750,6706,0.74321503131524,8250,34775,364,2039,72,5809,34,1289,60,34
"1576","2020-05-02",286,18,216,700,6706,0.74321503131524,8250,34775,364,2039,33,5842,30,1319,23,30
"1577","2020-05-03",250,18,249,656,6706,0.74321503131524,8250,34775,364,2039,37,5879,13,1332,31,13
"1578","2020-05-04",238,18,243,614,6706,0.74321503131524,8250,34775,364,2039,46,5925,17,1349,36,17
"1579","2020-05-05",221,18,253,587,6706,0.74321503131524,8250,34775,364,2039,35,5960,13,1362,27,13
"1580","2020-05-06",206,18,245,540,6706,0.74321503131524,8250,34775,364,2039,24,5984,11,1373,17,11
"1581","2020-05-07",192,18,285,504,6706,0.74321503131524,8250,34775,364,2039,22,6006,41,1414,16,41
"1582","2020-05-08",174,18,268,464,6706,0.74321503131524,8250,34775,364,2039,25,6031,30,1444,18,30
"1583","2020-05-09",173,18,275,438,6706,0.74321503131524,8250,34775,364,2039,27,6058,21,1465,21,21
"1584","2020-05-10",164,18,304,402,6706,0.74321503131524,8250,34775,364,2039,28,6086,49,1514,21,49
"1585","2020-05-11",145,18,293,375,6706,0.74321503131524,8250,34775,364,2039,20,6106,32,1546,16,32
"1586","2020-05-12",129,18,276,350,6706,0.74321503131524,8250,34775,364,2039,12,6118,27,1573,8,27
"1587","2020-05-13",121,18,314,318,6706,0.74321503131524,8250,34775,364,2039,23,6141,23,1596,16,23
"1588","2020-05-14",112,18,292,299,6706,0.74321503131524,8250,34775,364,2039,18,6159,29,1625,15,29
"1589","2020-05-15",101,18,264,280,6706,0.74321503131524,8250,34775,364,2039,18,6177,21,1646,11,21
"1590","2020-05-16",93,18,243,251,6706,0.74321503131524,8250,34775,364,2039,15,6192,8,1654,12,8
"1591","2020-05-17",83,18,253,234,6706,0.74321503131524,8250,34775,364,2039,13,6205,26,1680,6,26
"1592","2020-05-18",83,18,250,220,6706,0.74321503131524,8250,34775,364,2039,12,6217,36,1716,11,36
"1593","2020-05-19",81,18,222,205,6706,0.74321503131524,8250,34775,364,2039,8,6225,17,1733,6,17
"1594","2020-05-20",78,18,196,195,6706,0.74321503131524,8250,34775,364,2039,9,6234,10,1743,8,10
"1595","2020-05-21",74,18,190,191,6706,0.74321503131524,8250,34775,364,2039,9,6243,9,1752,3,9
"1596","2020-05-22",78,18,173,194,6706,0.74321503131524,8250,34775,364,2039,7,6250,8,1760,5,8
"1597","2020-05-23",75,18,204,204,6706,0.74321503131524,8250,34775,364,2039,7,6257,13,1773,6,13
"1598","2020-05-24",68,18,195,196,6706,0.74321503131524,8250,34775,364,2039,6,6263,13,1786,2,13
"1599","2020-05-25",64,18,223,182,6706,0.74321503131524,8250,34775,364,2039,2,6265,14,1800,2,14
"1600","2020-05-26",65,18,238,182,6706,0.74321503131524,8250,34775,364,2039,10,6275,5,1805,6,5
"1601","2020-05-27",61,18,259,174,6706,0.74321503131524,8250,34775,364,2039,5,6280,18,1823,1,18
"1602","2020-05-28",59,18,238,165,6706,0.74321503131524,8250,34775,364,2039,6,6286,44,1867,2,44
"1603","2020-05-29",59,18,232,162,6706,0.74321503131524,8250,34775,364,2039,5,6291,22,1889,3,22
"1604","2020-05-30",55,18,273,161,6706,0.74321503131524,8250,34775,364,2039,7,6298,14,1903,2,14
"1605","2020-05-31",59,18,254,156,6706,0.74321503131524,8250,34775,364,2039,1,6299,31,1934,1,31
"1606","2020-06-01",55,18,225,142,6706,0.74321503131524,8250,34775,364,2039,8,6307,27,1961,5,27
"1607","2020-06-02",45,18,198,142,6706,0.74321503131524,8250,34775,364,2039,5,6312,27,1988,2,27
"1608","2020-06-03",47,18,174,128,6706,0.74321503131524,8250,34775,364,2039,5,6317,60,2048,2,60
"1609","2020-06-04",44,18,156,122,6706,0.74321503131524,8250,34775,364,2039,3,6320,57,2105,1,57
"1610","2020-06-05",44,18,176,111,6706,0.74321503131524,8250,34775,364,2039,1,6321,56,2161,1,56
"1611","2020-06-06",45,18,175,97,6706,0.74321503131524,8250,34775,364,2039,5,6326,45,2206,2,45
"1612","2020-06-07",34,18,217,89,6706,0.74321503131524,8250,34775,364,2039,6,6332,53,2259,4,53
"1613","2020-03-12",1,19,80,94,6487,0.423154000308309,8175,36384,370,1027,63,121,33,57,NA,33
"1614","2020-03-13",4,19,108,145,6487,0.423154000308309,8175,36384,370,1027,77,198,39,96,7,39
"1615","2020-03-14",20,19,115,195,6487,0.423154000308309,8175,36384,370,1027,81,279,58,154,35,58
"1616","2020-03-15",34,19,129,272,6487,0.423154000308309,8175,36384,370,1027,74,353,30,184,20,30
"1617","2020-03-16",37,19,160,332,6487,0.423154000308309,8175,36384,370,1027,89,442,24,208,51,24
"1618","2020-03-17",41,19,151,379,6487,0.423154000308309,8175,36384,370,1027,108,550,57,265,60,57
"1619","2020-03-18",48,19,178,448,6487,0.423154000308309,8175,36384,370,1027,127,677,61,326,76,61
"1620","2020-03-19",67,19,195,510,6487,0.423154000308309,8175,36384,370,1027,174,851,67,393,125,67
"1621","2020-03-20",113,19,212,590,6487,0.423154000308309,8175,36384,370,1027,182,1033,34,427,138,34
"1622","2020-03-21",126,19,243,663,6487,0.423154000308309,8175,36384,370,1027,156,1189,26,453,118,26
"1623","2020-03-22",157,19,267,714,6487,0.423154000308309,8175,36384,370,1027,157,1346,31,484,118,31
"1624","2020-03-23",174,19,235,789,6487,0.423154000308309,8175,36384,370,1027,206,1552,18,502,155,18
"1625","2020-03-24",185,19,211,855,6487,0.423154000308309,8175,36384,370,1027,200,1752,70,572,146,70
"1626","2020-03-25",212,19,230,927,6487,0.423154000308309,8175,36384,370,1027,189,1941,62,634,141,62
"1627","2020-03-26",232,19,217,993,6487,0.423154000308309,8175,36384,370,1027,243,2184,40,674,192,40
"1628","2020-03-27",307,19,236,1043,6487,0.423154000308309,8175,36384,370,1027,249,2433,49,723,199,49
"1629","2020-03-28",366,19,240,1073,6487,0.423154000308309,8175,36384,370,1027,218,2651,48,771,177,48
"1630","2020-03-29",339,19,244,1120,6487,0.423154000308309,8175,36384,370,1027,226,2877,36,807,190,36
"1631","2020-03-30",334,19,227,1163,6487,0.423154000308309,8175,36384,370,1027,252,3129,26,833,198,26
"1632","2020-03-31",351,19,201,1197,6487,0.423154000308309,8175,36384,370,1027,202,3331,61,894,160,61
"1633","2020-04-01",353,19,183,1193,6487,0.423154000308309,8175,36384,370,1027,207,3538,51,945,164,51
"1634","2020-04-02",355,19,189,1248,6487,0.423154000308309,8175,36384,370,1027,191,3729,22,967,158,22
"1635","2020-04-03",426,19,205,1256,6487,0.423154000308309,8175,36384,370,1027,234,3963,10,977,200,10
"1636","2020-04-04",406,19,209,1282,6487,0.423154000308309,8175,36384,370,1027,232,4195,11,988,185,11
"1637","2020-04-05",413,19,230,1301,6487,0.423154000308309,8175,36384,370,1027,172,4367,47,1035,131,47
"1638","2020-04-06",421,19,245,1301,6487,0.423154000308309,8175,36384,370,1027,186,4553,51,1086,145,51
"1639","2020-04-07",425,19,226,1274,6487,0.423154000308309,8175,36384,370,1027,145,4698,41,1127,115,41
"1640","2020-04-08",433,19,228,1261,6487,0.423154000308309,8175,36384,370,1027,167,4865,50,1177,125,50
"1641","2020-04-09",434,19,257,1264,6487,0.423154000308309,8175,36384,370,1027,150,5015,29,1206,115,29
"1642","2020-04-10",427,19,279,1272,6487,0.423154000308309,8175,36384,370,1027,126,5141,67,1273,97,67
"1643","2020-04-11",437,19,254,1232,6487,0.423154000308309,8175,36384,370,1027,109,5250,46,1319,81,46
"1644","2020-04-12",414,19,264,1212,6487,0.423154000308309,8175,36384,370,1027,114,5364,21,1340,82,21
"1645","2020-04-13",406,19,238,1177,6487,0.423154000308309,8175,36384,370,1027,105,5469,36,1376,84,36
"1646","2020-04-14",380,19,252,1163,6487,0.423154000308309,8175,36384,370,1027,85,5554,34,1410,55,34
"1647","2020-04-15",388,19,238,1160,6487,0.423154000308309,8175,36384,370,1027,80,5634,18,1428,51,18
"1648","2020-04-16",385,19,228,1125,6487,0.423154000308309,8175,36384,370,1027,80,5714,32,1460,49,32
"1649","2020-04-17",385,19,242,1114,6487,0.423154000308309,8175,36384,370,1027,55,5769,56,1516,31,56
"1650","2020-04-18",377,19,232,1086,6487,0.423154000308309,8175,36384,370,1027,77,5846,49,1565,53,49
"1651","2020-04-19",372,19,217,1087,6487,0.423154000308309,8175,36384,370,1027,60,5906,17,1582,36,17
"1652","2020-04-20",362,19,200,1048,6487,0.423154000308309,8175,36384,370,1027,54,5960,32,1614,30,32
"1653","2020-04-21",361,19,213,1043,6487,0.423154000308309,8175,36384,370,1027,54,6014,15,1629,28,15
"1654","2020-04-22",342,19,206,1041,6487,0.423154000308309,8175,36384,370,1027,53,6067,20,1649,36,20
"1655","2020-04-23",343,19,218,1009,6487,0.423154000308309,8175,36384,370,1027,45,6112,14,1663,19,14
"1656","2020-04-24",356,19,206,1006,6487,0.423154000308309,8175,36384,370,1027,44,6156,20,1683,25,20
"1657","2020-04-25",371,19,228,1003,6487,0.423154000308309,8175,36384,370,1027,40,6196,26,1709,22,26
"1658","2020-04-26",323,19,235,985,6487,0.423154000308309,8175,36384,370,1027,30,6226,27,1736,12,27
"1659","2020-04-27",323,19,239,970,6487,0.423154000308309,8175,36384,370,1027,34,6260,51,1787,12,51
"1660","2020-04-28",316,19,269,921,6487,0.423154000308309,8175,36384,370,1027,36,6296,44,1831,16,44
"1661","2020-04-29",313,19,246,890,6487,0.423154000308309,8175,36384,370,1027,40,6336,55,1886,17,55
"1662","2020-04-30",315,19,228,859,6487,0.423154000308309,8175,36384,370,1027,30,6366,27,1913,17,27
"1663","2020-05-01",325,19,228,829,6487,0.423154000308309,8175,36384,370,1027,30,6396,25,1938,7,25
"1664","2020-05-02",322,19,201,816,6487,0.423154000308309,8175,36384,370,1027,24,6420,16,1954,6,16
"1665","2020-05-03",287,19,188,789,6487,0.423154000308309,8175,36384,370,1027,27,6447,52,2006,7,52
"1666","2020-05-04",262,19,190,766,6487,0.423154000308309,8175,36384,370,1027,26,6473,33,2039,11,33
"1667","2020-05-05",250,19,213,763,6487,0.423154000308309,8175,36384,370,1027,24,6497,23,2062,7,23
"1668","2020-05-06",244,19,215,726,6487,0.423154000308309,8175,36384,370,1027,31,6528,13,2075,13,14
"1669","2020-05-07",231,19,204,722,6487,0.423154000308309,8175,36384,370,1027,34,6562,15,2090,12,15
"1670","2020-05-08",242,19,191,708,6487,0.423154000308309,8175,36384,370,1027,24,6586,24,2114,5,24
"1671","2020-05-09",221,19,200,702,6487,0.423154000308309,8175,36384,370,1027,20,6606,28,2142,3,28
"1672","2020-05-10",228,19,241,683,6487,0.423154000308309,8175,36384,370,1027,24,6630,22,2164,8,22
"1673","2020-05-11",232,19,231,658,6487,0.423154000308309,8175,36384,370,1027,17,6647,15,2179,9,15
"1674","2020-05-12",228,19,254,632,6487,0.423154000308309,8175,36384,370,1027,19,6666,18,2197,7,18
"1675","2020-05-13",222,19,239,618,6487,0.423154000308309,8175,36384,370,1027,17,6683,20,2217,5,20
"1676","2020-05-14",217,19,215,606,6487,0.423154000308309,8175,36384,370,1027,16,6699,37,2254,5,37
"1677","2020-05-15",206,19,217,566,6487,0.423154000308309,8175,36384,370,1027,16,6715,17,2271,3,17
"1678","2020-05-16",218,19,218,542,6487,0.423154000308309,8175,36384,370,1027,15,6730,36,2307,5,36
"1679","2020-05-17",179,19,214,513,6487,0.423154000308309,8175,36384,370,1027,14,6744,67,2374,3,67
"1680","2020-05-18",162,19,220,478,6487,0.423154000308309,8175,36384,370,1027,13,6757,26,2400,3,26
"1681","2020-05-19",151,19,243,462,6487,0.423154000308309,8175,36384,370,1027,13,6770,22,2422,3,22
"1682","2020-05-20",144,19,239,439,6487,0.423154000308309,8175,36384,370,1027,14,6784,17,2439,2,17
"1683","2020-05-21",138,19,223,399,6487,0.423154000308309,8175,36384,370,1027,15,6799,52,2491,1,52
"1684","2020-05-22",130,19,190,387,6487,0.423154000308309,8175,36384,370,1027,12,6811,44,2535,4,44
"1685","2020-05-23",119,19,176,374,6487,0.423154000308309,8175,36384,370,1027,12,6823,54,2589,3,54
"1686","2020-05-24",123,19,192,358,6487,0.423154000308309,8175,36384,370,1027,8,6831,29,2618,2,29
"1687","2020-05-25",125,19,186,332,6487,0.423154000308309,8175,36384,370,1027,16,6847,64,2682,7,64
"1688","2020-05-26",118,19,196,321,6487,0.423154000308309,8175,36384,370,1027,15,6862,39,2721,3,39
"1689","2020-05-27",118,19,214,306,6487,0.423154000308309,8175,36384,370,1027,11,6873,55,2776,2,55
"1690","2020-05-28",108,19,213,301,6487,0.423154000308309,8175,36384,370,1027,7,6880,64,2840,3,64
"1691","2020-05-29",112,19,202,286,6487,0.423154000308309,8175,36384,370,1027,10,6890,36,2876,3,36
"1692","2020-05-30",108,19,224,268,6487,0.423154000308309,8175,36384,370,1027,9,6899,24,2900,1,24
"1693","2020-05-31",88,19,214,256,6487,0.423154000308309,8175,36384,370,1027,10,6909,15,2915,4,15
"1694","2020-06-01",79,19,207,246,6487,0.423154000308309,8175,36384,370,1027,3,6912,13,2928,3,13
"1695","2020-06-02",81,19,180,233,6487,0.423154000308309,8175,36384,370,1027,4,6916,41,2969,NA,41
"1696","2020-06-03",77,19,160,223,6487,0.423154000308309,8175,36384,370,1027,6,6922,63,3032,NA,63
"1697","2020-06-04",74,19,148,205,6487,0.423154000308309,8175,36384,370,1027,5,6927,32,3064,2,32
"1698","2020-06-05",72,19,190,195,6487,0.423154000308309,8175,36384,370,1027,5,6932,22,3086,NA,22
"1699","2020-06-06",67,19,204,197,6487,0.423154000308309,8175,36384,370,1027,10,6942,13,3099,3,13
"1700","2020-06-07",65,19,196,190,6487,0.423154000308309,8175,36384,370,1027,7,6949,18,3117,NA,18
"1701","2020-03-12",1,20,77,39,6155,0.865962632006499,8445,34105,359,1942,21,39,11,19,3,11
"1702","2020-03-13",2,20,80,64,6155,0.865962632006499,8445,34105,359,1942,21,60,10,29,3,10
"1703","2020-03-14",3,20,84,93,6155,0.865962632006499,8445,34105,359,1942,36,96,10,39,8,10
"1704","2020-03-15",6,20,75,133,6155,0.865962632006499,8445,34105,359,1942,42,138,27,66,12,27
"1705","2020-03-16",8,20,88,175,6155,0.865962632006499,8445,34105,359,1942,48,186,23,89,27,23
"1706","2020-03-17",12,20,138,211,6155,0.865962632006499,8445,34105,359,1942,47,233,30,119,28,30
"1707","2020-03-18",16,20,148,279,6155,0.865962632006499,8445,34105,359,1942,52,285,34,153,38,34
"1708","2020-03-19",21,20,145,337,6155,0.865962632006499,8445,34105,359,1942,79,364,49,202,49,49
"1709","2020-03-20",39,20,136,406,6155,0.865962632006499,8445,34105,359,1942,82,446,28,230,63,28
"1710","2020-03-21",58,20,127,472,6155,0.865962632006499,8445,34105,359,1942,81,527,44,274,60,44
"1711","2020-03-22",90,20,130,521,6155,0.865962632006499,8445,34105,359,1942,100,627,36,310,84,36
"1712","2020-03-23",99,20,145,605,6155,0.865962632006499,8445,34105,359,1942,94,721,54,364,76,54
"1713","2020-03-24",119,20,182,711,6155,0.865962632006499,8445,34105,359,1942,107,828,42,406,94,42
"1714","2020-03-25",138,20,182,798,6155,0.865962632006499,8445,34105,359,1942,126,954,32,438,107,32
"1715","2020-03-26",170,20,158,881,6155,0.865962632006499,8445,34105,359,1942,139,1093,25,463,121,25
"1716","2020-03-27",225,20,149,968,6155,0.865962632006499,8445,34105,359,1942,136,1229,39,502,110,39
"1717","2020-03-28",335,20,156,1052,6155,0.865962632006499,8445,34105,359,1942,142,1371,33,535,116,33
"1718","2020-03-29",327,20,212,1148,6155,0.865962632006499,8445,34105,359,1942,131,1502,36,571,114,36
"1719","2020-03-30",328,20,264,1199,6155,0.865962632006499,8445,34105,359,1942,153,1655,52,623,132,52
"1720","2020-03-31",345,20,304,1258,6155,0.865962632006499,8445,34105,359,1942,139,1794,41,664,116,41
"1721","2020-04-01",368,20,278,1350,6155,0.865962632006499,8445,34105,359,1942,182,1976,57,721,159,57
"1722","2020-04-02",390,20,262,1399,6155,0.865962632006499,8445,34105,359,1942,142,2118,58,779,113,58
"1723","2020-04-03",501,20,236,1455,6155,0.865962632006499,8445,34105,359,1942,196,2314,41,820,178,41
"1724","2020-04-04",461,20,235,1581,6155,0.865962632006499,8445,34105,359,1942,185,2499,28,848,168,28
"1725","2020-04-05",483,20,231,1647,6155,0.865962632006499,8445,34105,359,1942,167,2666,48,896,152,48
"1726","2020-04-06",489,20,246,1694,6155,0.865962632006499,8445,34105,359,1942,167,2833,65,961,147,65
"1727","2020-04-07",489,20,216,1759,6155,0.865962632006499,8445,34105,359,1942,179,3012,45,1006,160,45
"1728","2020-04-08",513,20,235,1776,6155,0.865962632006499,8445,34105,359,1942,174,3186,32,1038,153,32
"1729","2020-04-09",513,20,214,1754,6155,0.865962632006499,8445,34105,359,1942,170,3356,69,1107,157,69
"1730","2020-04-10",607,20,210,1760,6155,0.865962632006499,8445,34105,359,1942,151,3507,57,1164,132,57
"1731","2020-04-11",627,20,174,1748,6155,0.865962632006499,8445,34105,359,1942,170,3677,40,1204,154,40
"1732","2020-04-12",588,20,184,1728,6155,0.865962632006499,8445,34105,359,1942,171,3848,30,1234,152,30
"1733","2020-04-13",594,20,176,1702,6155,0.865962632006499,8445,34105,359,1942,150,3998,42,1276,137,42
"1734","2020-04-14",579,20,229,1663,6155,0.865962632006499,8445,34105,359,1942,127,4125,29,1305,120,29
"1735","2020-04-15",568,20,237,1648,6155,0.865962632006499,8445,34105,359,1942,119,4244,46,1351,107,46
"1736","2020-04-16",568,20,235,1593,6155,0.865962632006499,8445,34105,359,1942,116,4360,26,1377,99,26
"1737","2020-04-17",571,20,206,1539,6155,0.865962632006499,8445,34105,359,1942,145,4505,34,1411,129,34
"1738","2020-04-18",547,20,180,1451,6155,0.865962632006499,8445,34105,359,1942,109,4614,28,1439,97,28
"1739","2020-04-19",488,20,203,1367,6155,0.865962632006499,8445,34105,359,1942,117,4731,28,1467,99,28
"1740","2020-04-20",473,20,296,1303,6155,0.865962632006499,8445,34105,359,1942,111,4842,32,1499,95,32
"1741","2020-04-21",462,20,266,1221,6155,0.865962632006499,8445,34105,359,1942,81,4923,58,1557,70,58
"1742","2020-04-22",443,20,266,1172,6155,0.865962632006499,8445,34105,359,1942,83,5006,69,1626,72,69
"1743","2020-04-23",437,20,250,1125,6155,0.865962632006499,8445,34105,359,1942,79,5085,69,1695,67,69
"1744","2020-04-24",383,20,234,1053,6155,0.865962632006499,8445,34105,359,1942,67,5152,71,1766,54,71
"1745","2020-04-25",372,20,208,980,6155,0.865962632006499,8445,34105,359,1942,86,5238,72,1838,68,72
"1746","2020-04-26",361,20,203,947,6155,0.865962632006499,8445,34105,359,1942,71,5309,54,1892,56,54
"1747","2020-04-27",340,20,206,883,6155,0.865962632006499,8445,34105,359,1942,61,5370,52,1944,48,52
"1748","2020-04-28",315,20,200,864,6155,0.865962632006499,8445,34105,359,1942,66,5436,38,1982,51,38
"1749","2020-04-29",301,20,194,818,6155,0.865962632006499,8445,34105,359,1942,57,5493,34,2016,50,34
"1750","2020-04-30",280,20,199,757,6155,0.865962632006499,8445,34105,359,1942,51,5544,38,2054,38,38
"1751","2020-05-01",288,20,193,726,6155,0.865962632006499,8445,34105,359,1942,54,5598,27,2081,43,27
"1752","2020-05-02",302,20,187,684,6155,0.865962632006499,8445,34105,359,1942,43,5641,34,2115,34,34
"1753","2020-05-03",255,20,166,622,6155,0.865962632006499,8445,34105,359,1942,35,5676,48,2163,25,48
"1754","2020-05-04",233,20,192,592,6155,0.865962632006499,8445,34105,359,1942,41,5717,57,2220,31,57
"1755","2020-05-05",228,20,236,558,6155,0.865962632006499,8445,34105,359,1942,39,5756,34,2254,29,34
"1756","2020-05-06",222,20,230,521,6155,0.865962632006499,8445,34105,359,1942,34,5790,19,2273,23,19
"1757","2020-05-07",205,20,226,483,6155,0.865962632006499,8445,34105,359,1942,24,5814,28,2301,14,28
"1758","2020-05-08",168,20,296,464,6155,0.865962632006499,8445,34105,359,1942,29,5843,31,2332,21,31
"1759","2020-05-09",147,20,302,453,6155,0.865962632006499,8445,34105,359,1942,35,5878,24,2356,24,24
"1760","2020-05-10",151,20,282,429,6155,0.865962632006499,8445,34105,359,1942,15,5893,27,2383,8,27
"1761","2020-05-11",144,20,237,400,6155,0.865962632006499,8445,34105,359,1942,24,5917,32,2415,18,32
"1762","2020-05-12",135,20,205,386,6155,0.865962632006499,8445,34105,359,1942,21,5938,38,2453,12,38
"1763","2020-05-13",129,20,205,354,6155,0.865962632006499,8445,34105,359,1942,22,5960,29,2482,17,29
"1764","2020-05-14",128,20,253,316,6155,0.865962632006499,8445,34105,359,1942,20,5980,41,2523,14,41
"1765","2020-05-15",117,20,261,306,6155,0.865962632006499,8445,34105,359,1942,16,5996,27,2550,10,27
"1766","2020-05-16",113,20,258,287,6155,0.865962632006499,8445,34105,359,1942,17,6013,58,2608,11,58
"1767","2020-05-17",101,20,225,278,6155,0.865962632006499,8445,34105,359,1942,27,6040,64,2672,14,64
"1768","2020-05-18",103,20,215,260,6155,0.865962632006499,8445,34105,359,1942,12,6052,56,2728,4,56
"1769","2020-05-19",97,20,289,247,6155,0.865962632006499,8445,34105,359,1942,15,6067,42,2770,9,42
"1770","2020-05-20",93,20,316,227,6155,0.865962632006499,8445,34105,359,1942,15,6082,43,2813,8,43
"1771","2020-05-21",90,20,300,215,6155,0.865962632006499,8445,34105,359,1942,12,6094,67,2880,7,67
"1772","2020-05-22",89,20,285,216,6155,0.865962632006499,8445,34105,359,1942,15,6109,32,2912,10,32
"1773","2020-05-23",87,20,288,208,6155,0.865962632006499,8445,34105,359,1942,14,6123,29,2941,8,29
"1774","2020-05-24",72,20,322,197,6155,0.865962632006499,8445,34105,359,1942,4,6127,28,2969,3,28
"1775","2020-05-25",68,20,361,187,6155,0.865962632006499,8445,34105,359,1942,9,6136,32,3001,2,32
"1776","2020-05-26",67,20,349,179,6155,0.865962632006499,8445,34105,359,1942,8,6144,51,3052,3,51
"1777","2020-05-27",65,20,340,170,6155,0.865962632006499,8445,34105,359,1942,12,6156,45,3097,5,45
"1778","2020-05-28",59,20,313,160,6155,0.865962632006499,8445,34105,359,1942,8,6164,23,3120,5,23
"1779","2020-05-29",54,20,312,149,6155,0.865962632006499,8445,34105,359,1942,5,6169,24,3144,NA,24
"1780","2020-05-30",48,20,318,142,6155,0.865962632006499,8445,34105,359,1942,5,6174,35,3179,3,35
"1781","2020-05-31",48,20,286,135,6155,0.865962632006499,8445,34105,359,1942,7,6181,27,3206,5,27
"1782","2020-06-01",43,20,251,131,6155,0.865962632006499,8445,34105,359,1942,4,6185,28,3234,1,28
"1783","2020-06-02",40,20,223,136,6155,0.865962632006499,8445,34105,359,1942,7,6192,40,3274,5,40
"1784","2020-06-03",36,20,211,126,6155,0.865962632006499,8445,34105,359,1942,7,6199,46,3320,4,46
"1785","2020-06-04",32,20,189,121,6155,0.865962632006499,8445,34105,359,1942,6,6205,44,3364,4,44
"1786","2020-06-05",27,20,168,108,6155,0.865962632006499,8445,34105,359,1942,4,6209,55,3419,2,55
"1787","2020-06-06",36,20,154,104,6155,0.865962632006499,8445,34105,359,1942,9,6218,52,3471,5,52
"1788","2020-06-07",40,20,139,98,6155,0.865962632006499,8445,34105,359,1942,4,6222,26,3497,2,26
