"","Date","Absents","Paramset","Infections_or_Exposed_per_day_Patient","Infections_or_Exposed_per_day_HCW","total_infections","nosocomial_proportion","PCR_pooled","LFD_pooled","HCW_symp_test","patient_symp_test","new_hcw_infs","cumulative_hcw_infs","new_pat_infs","cumulative_pats_infs","new_nosocomial_hcw_infs","new_nosocomial_pat_infs"
"1","2020-03-13",1,1,19,39,4086,0.742535487028879,0,0,375,205,12,39,7,16,4,7
"2","2020-03-14",3,1,33,57,4086,0.742535487028879,0,0,375,205,18,57,14,30,2,14
"3","2020-03-15",6,1,37,74,4086,0.742535487028879,0,0,375,205,17,74,11,41,5,11
"4","2020-03-16",11,1,39,95,4086,0.742535487028879,0,0,375,205,21,95,9,50,7,9
"5","2020-03-17",16,1,38,117,4086,0.742535487028879,0,0,375,205,23,118,6,56,8,6
"6","2020-03-18",20,1,40,133,4086,0.742535487028879,0,0,375,205,24,142,13,69,12,13
"7","2020-03-19",25,1,38,151,4086,0.742535487028879,0,0,375,205,20,162,2,71,13,2
"8","2020-03-20",34,1,34,176,4086,0.742535487028879,0,0,375,205,28,190,4,75,12,4
"9","2020-03-21",37,1,41,203,4086,0.742535487028879,0,0,375,205,31,221,11,86,20,11
"10","2020-03-22",35,1,35,236,4086,0.742535487028879,0,0,375,205,46,267,5,91,28,5
"11","2020-03-23",41,1,43,262,4086,0.742535487028879,0,0,375,205,36,303,12,103,24,12
"12","2020-03-24",44,1,39,286,4086,0.742535487028879,0,0,375,205,39,342,11,114,28,11
"13","2020-03-25",48,1,36,312,4086,0.742535487028879,0,0,375,205,42,384,3,117,33,3
"14","2020-03-26",56,1,37,360,4086,0.742535487028879,0,0,375,205,65,449,7,124,46,7
"15","2020-03-27",65,1,43,393,4086,0.742535487028879,0,0,375,205,47,496,9,133,37,9
"16","2020-03-28",81,1,41,420,4086,0.742535487028879,0,0,375,205,49,545,8,141,37,8
"17","2020-03-29",98,1,38,464,4086,0.742535487028879,0,0,375,205,67,612,5,146,57,5
"18","2020-03-30",101,1,38,484,4086,0.742535487028879,0,0,375,205,48,660,10,156,35,10
"19","2020-03-31",119,1,42,530,4086,0.742535487028879,0,0,375,205,70,730,9,165,60,9
"20","2020-04-01",134,1,43,560,4086,0.742535487028879,0,0,375,205,61,791,7,172,49,7
"21","2020-04-02",146,1,48,587,4086,0.742535487028879,0,0,375,205,62,853,8,180,47,8
"22","2020-04-03",155,1,40,603,4086,0.742535487028879,0,0,375,205,56,909,9,189,44,9
"23","2020-04-04",156,1,51,615,4086,0.742535487028879,0,0,375,205,60,969,13,202,45,13
"24","2020-04-05",163,1,57,636,4086,0.742535487028879,0,0,375,205,74,1043,13,215,60,13
"25","2020-04-06",169,1,58,656,4086,0.742535487028879,0,0,375,205,70,1113,14,229,60,14
"26","2020-04-07",168,1,48,662,4086,0.742535487028879,0,0,375,205,54,1167,9,238,39,9
"27","2020-04-08",166,1,45,669,4086,0.742535487028879,0,0,375,205,73,1240,8,246,58,8
"28","2020-04-09",172,1,52,668,4086,0.742535487028879,0,0,375,205,64,1304,11,257,50,11
"29","2020-04-10",171,1,52,696,4086,0.742535487028879,0,0,375,205,71,1375,12,269,60,12
"30","2020-04-11",173,1,60,733,4086,0.742535487028879,0,0,375,205,83,1458,15,284,67,15
"31","2020-04-12",174,1,69,725,4086,0.742535487028879,0,0,375,205,64,1522,19,303,53,19
"32","2020-04-13",190,1,75,770,4086,0.742535487028879,0,0,375,205,105,1627,20,323,88,20
"33","2020-04-14",195,1,74,810,4086,0.742535487028879,0,0,375,205,88,1715,13,336,72,13
"34","2020-04-15",208,1,76,821,4086,0.742535487028879,0,0,375,205,89,1804,11,347,74,11
"35","2020-04-16",209,1,74,839,4086,0.742535487028879,0,0,375,205,69,1873,14,361,55,14
"36","2020-04-17",224,1,79,840,4086,0.742535487028879,0,0,375,205,77,1950,19,380,59,19
"37","2020-04-18",235,1,85,848,4086,0.742535487028879,0,0,375,205,75,2025,18,398,67,18
"38","2020-04-19",242,1,75,853,4086,0.742535487028879,0,0,375,205,80,2105,8,406,65,8
"39","2020-04-20",234,1,68,861,4086,0.742535487028879,0,0,375,205,83,2188,12,418,61,12
"40","2020-04-21",232,1,65,865,4086,0.742535487028879,0,0,375,205,86,2274,8,426,81,8
"41","2020-04-22",239,1,62,873,4086,0.742535487028879,0,0,375,205,81,2355,14,440,69,14
"42","2020-04-23",254,1,79,875,4086,0.742535487028879,0,0,375,205,80,2435,20,460,65,20
"43","2020-04-24",256,1,85,871,4086,0.742535487028879,0,0,375,205,74,2509,16,476,66,16
"44","2020-04-25",264,1,78,885,4086,0.742535487028879,0,0,375,205,79,2588,7,483,60,7
"45","2020-04-26",265,1,80,869,4086,0.742535487028879,0,0,375,205,71,2659,11,494,54,11
"46","2020-04-27",272,1,74,849,4086,0.742535487028879,0,0,375,205,70,2729,12,506,57,12
"47","2020-04-28",280,1,78,840,4086,0.742535487028879,0,0,375,205,79,2808,13,519,68,13
"48","2020-04-29",274,1,80,819,4086,0.742535487028879,0,0,375,205,61,2869,24,543,53,24
"49","2020-04-30",254,1,66,824,4086,0.742535487028879,0,0,375,205,77,2946,7,550,59,7
"50","2020-05-01",243,1,75,810,4086,0.742535487028879,0,0,375,205,61,3007,14,564,45,14
"51","2020-05-02",228,1,72,818,4086,0.742535487028879,0,0,375,205,80,3087,10,574,70,10
"52","2020-05-03",224,1,68,810,4086,0.742535487028879,0,0,375,205,65,3152,11,585,54,11
"53","2020-05-04",214,1,69,771,4086,0.742535487028879,0,0,375,205,51,3203,12,597,38,12
"54","2020-05-05",213,1,58,740,4086,0.742535487028879,0,0,375,205,47,3250,13,610,36,13
"55","2020-05-06",213,1,55,685,4086,0.742535487028879,0,0,375,205,29,3279,11,621,19,11
"56","2020-05-07",210,1,61,676,4086,0.742535487028879,0,0,375,205,57,3336,12,633,44,12
"57","2020-05-08",205,1,57,646,4086,0.742535487028879,0,0,375,205,35,3371,4,637,28,4
"58","2020-05-09",203,1,56,624,4086,0.742535487028879,0,0,375,205,55,3426,8,645,42,8
"59","2020-05-10",197,1,58,612,4086,0.742535487028879,0,0,375,205,48,3474,6,651,36,6
"60","2020-05-11",208,1,61,581,4086,0.742535487028879,0,0,375,205,45,3519,15,666,34,15
"61","2020-05-12",197,1,60,537,4086,0.742535487028879,0,0,375,205,25,3544,7,673,17,7
"62","2020-05-13",192,1,54,510,4086,0.742535487028879,0,0,375,205,30,3574,7,680,25,7
"63","2020-05-14",188,1,44,478,4086,0.742535487028879,0,0,375,205,25,3599,2,682,17,2
"64","2020-05-15",176,1,42,445,4086,0.742535487028879,0,0,375,205,30,3629,6,688,19,6
"65","2020-05-16",168,1,47,418,4086,0.742535487028879,0,0,375,205,18,3647,7,695,10,7
"66","2020-05-17",156,1,48,378,4086,0.742535487028879,0,0,375,205,24,3671,11,706,18,11
"67","2020-05-18",143,1,45,355,4086,0.742535487028879,0,0,375,205,25,3696,4,710,15,4
"68","2020-05-19",127,1,43,338,4086,0.742535487028879,0,0,375,205,27,3723,7,717,13,7
"69","2020-05-20",115,1,37,332,4086,0.742535487028879,0,0,375,205,25,3748,3,720,19,3
"70","2020-05-21",104,1,33,309,4086,0.742535487028879,0,0,375,205,15,3763,4,724,11,4
"71","2020-05-22",98,1,39,299,4086,0.742535487028879,0,0,375,205,22,3785,9,733,16,9
"72","2020-05-23",92,1,43,291,4086,0.742535487028879,0,0,375,205,27,3812,8,741,17,8
"73","2020-05-24",91,1,41,262,4086,0.742535487028879,0,0,375,205,12,3824,5,746,9,5
"74","2020-05-25",77,1,41,241,4086,0.742535487028879,0,0,375,205,14,3838,5,751,5,5
"75","2020-05-26",78,1,37,225,4086,0.742535487028879,0,0,375,205,15,3853,5,756,10,5
"76","2020-05-27",66,1,41,216,4086,0.742535487028879,0,0,375,205,12,3865,11,767,5,11
"77","2020-05-28",73,1,42,203,4086,0.742535487028879,0,0,375,205,17,3882,7,774,11,7
"78","2020-05-29",68,1,44,193,4086,0.742535487028879,0,0,375,205,10,3892,8,782,8,8
"79","2020-05-30",67,1,48,186,4086,0.742535487028879,0,0,375,205,10,3902,11,793,6,11
"80","2020-05-31",59,1,50,172,4086,0.742535487028879,0,0,375,205,10,3912,7,800,6,7
"81","2020-06-01",59,1,51,166,4086,0.742535487028879,0,0,375,205,14,3926,9,809,10,9
"82","2020-06-02",57,1,47,163,4086,0.742535487028879,0,0,375,205,19,3945,5,814,15,5
"83","2020-06-03",57,1,43,157,4086,0.742535487028879,0,0,375,205,8,3953,5,819,2,5
"84","2020-06-04",43,1,36,146,4086,0.742535487028879,0,0,375,205,5,3958,5,824,2,5
"85","2020-06-05",46,1,38,146,4086,0.742535487028879,0,0,375,205,19,3977,5,829,15,5
"86","2020-06-06",39,1,33,129,4086,0.742535487028879,0,0,375,205,4,3981,6,835,2,6
"87","2020-06-07",44,1,33,124,4086,0.742535487028879,0,0,375,205,9,3990,7,842,6,7
"88","2020-03-16",3,2,11,36,3107,0.82780817508851,0,0,299,147,8,45,3,23,NA,3
"89","2020-03-17",5,2,9,43,3107,0.82780817508851,0,0,299,147,12,57,7,30,3,7
"90","2020-03-18",7,2,8,61,3107,0.82780817508851,0,0,299,147,14,71,2,32,4,2
"91","2020-03-19",10,2,8,69,3107,0.82780817508851,0,0,299,147,17,88,4,36,5,4
"92","2020-03-20",11,2,11,74,3107,0.82780817508851,0,0,299,147,15,103,5,41,5,5
"93","2020-03-21",19,2,13,92,3107,0.82780817508851,0,0,299,147,13,116,4,45,6,4
"94","2020-03-22",21,2,19,97,3107,0.82780817508851,0,0,299,147,13,129,9,54,4,9
"95","2020-03-23",23,2,28,107,3107,0.82780817508851,0,0,299,147,16,145,12,66,8,12
"96","2020-03-24",24,2,31,125,3107,0.82780817508851,0,0,299,147,21,166,4,70,10,4
"97","2020-03-25",27,2,23,139,3107,0.82780817508851,0,0,299,147,14,180,9,79,5,9
"98","2020-03-26",28,2,27,157,3107,0.82780817508851,0,0,299,147,25,205,6,85,7,6
"99","2020-03-27",33,2,27,166,3107,0.82780817508851,0,0,299,147,16,221,8,93,9,8
"100","2020-03-28",34,2,25,174,3107,0.82780817508851,0,0,299,147,25,246,7,100,8,7
"101","2020-03-29",38,2,30,179,3107,0.82780817508851,0,0,299,147,14,260,7,107,6,7
"102","2020-03-30",41,2,32,206,3107,0.82780817508851,0,0,299,147,22,282,5,112,9,5
"103","2020-03-31",43,2,32,228,3107,0.82780817508851,0,0,299,147,14,296,9,121,5,9
"104","2020-04-01",54,2,32,233,3107,0.82780817508851,0,0,299,147,16,312,6,127,10,6
"105","2020-04-02",59,2,35,238,3107,0.82780817508851,0,0,299,147,21,333,5,132,6,5
"106","2020-04-03",63,2,33,261,3107,0.82780817508851,0,0,299,147,17,350,10,142,6,10
"107","2020-04-04",63,2,33,279,3107,0.82780817508851,0,0,299,147,22,372,11,153,16,11
"108","2020-04-05",69,2,30,303,3107,0.82780817508851,0,0,299,147,14,386,5,158,7,5
"109","2020-04-06",68,2,27,332,3107,0.82780817508851,0,0,299,147,18,404,3,161,9,3
"110","2020-04-07",79,2,23,356,3107,0.82780817508851,0,0,299,147,30,434,10,171,20,10
"111","2020-04-08",74,2,40,387,3107,0.82780817508851,0,0,299,147,21,455,12,183,13,12
"112","2020-04-09",79,2,41,418,3107,0.82780817508851,0,0,299,147,20,475,7,190,11,7
"113","2020-04-10",85,2,52,436,3107,0.82780817508851,0,0,299,147,31,506,17,207,15,17
"114","2020-04-11",97,2,62,464,3107,0.82780817508851,0,0,299,147,27,533,19,226,14,19
"115","2020-04-12",103,2,56,487,3107,0.82780817508851,0,0,299,147,30,563,6,232,18,6
"116","2020-04-13",116,2,48,512,3107,0.82780817508851,0,0,299,147,31,594,6,238,17,6
"117","2020-04-14",124,2,46,533,3107,0.82780817508851,0,0,299,147,31,625,7,245,14,7
"118","2020-04-15",133,2,48,555,3107,0.82780817508851,0,0,299,147,13,638,12,257,7,12
"119","2020-04-16",138,2,42,566,3107,0.82780817508851,0,0,299,147,19,657,14,271,14,14
"120","2020-04-17",138,2,45,556,3107,0.82780817508851,0,0,299,147,22,679,12,283,12,12
"121","2020-04-18",133,2,55,557,3107,0.82780817508851,0,0,299,147,35,714,9,292,21,9
"122","2020-04-19",131,2,54,567,3107,0.82780817508851,0,0,299,147,29,743,10,302,10,10
"123","2020-04-20",136,2,50,578,3107,0.82780817508851,0,0,299,147,36,779,11,313,17,11
"124","2020-04-21",132,2,56,575,3107,0.82780817508851,0,0,299,147,24,803,20,333,10,20
"125","2020-04-22",139,2,48,595,3107,0.82780817508851,0,0,299,147,23,826,9,342,11,9
"126","2020-04-23",143,2,52,588,3107,0.82780817508851,0,0,299,147,28,854,17,359,19,17
"127","2020-04-24",153,2,64,609,3107,0.82780817508851,0,0,299,147,31,885,10,369,15,10
"128","2020-04-25",163,2,62,595,3107,0.82780817508851,0,0,299,147,24,909,6,375,14,6
"129","2020-04-26",183,2,58,599,3107,0.82780817508851,0,0,299,147,34,943,8,383,22,8
"130","2020-04-27",175,2,66,615,3107,0.82780817508851,0,0,299,147,36,979,14,397,22,14
"131","2020-04-28",181,2,61,619,3107,0.82780817508851,0,0,299,147,31,1010,12,409,17,12
"132","2020-04-29",182,2,65,610,3107,0.82780817508851,0,0,299,147,30,1040,12,421,22,12
"133","2020-04-30",189,2,63,631,3107,0.82780817508851,0,0,299,147,27,1067,12,433,16,12
"134","2020-05-01",188,2,71,598,3107,0.82780817508851,0,0,299,147,25,1092,20,453,11,20
"135","2020-05-02",190,2,73,590,3107,0.82780817508851,0,0,299,147,23,1115,15,468,14,15
"136","2020-05-03",173,2,58,566,3107,0.82780817508851,0,0,299,147,34,1149,11,479,19,11
"137","2020-05-04",178,2,58,558,3107,0.82780817508851,0,0,299,147,34,1183,17,496,23,17
"138","2020-05-05",171,2,64,572,3107,0.82780817508851,0,0,299,147,24,1207,11,507,17,11
"139","2020-05-06",168,2,75,541,3107,0.82780817508851,0,0,299,147,29,1236,26,533,14,26
"140","2020-05-07",167,2,71,527,3107,0.82780817508851,0,0,299,147,33,1269,13,546,19,13
"141","2020-05-08",166,2,74,511,3107,0.82780817508851,0,0,299,147,23,1292,18,564,17,18
"142","2020-05-09",160,2,72,492,3107,0.82780817508851,0,0,299,147,22,1314,12,576,15,12
"143","2020-05-10",161,2,76,487,3107,0.82780817508851,0,0,299,147,20,1334,16,592,13,16
"144","2020-05-11",173,2,78,481,3107,0.82780817508851,0,0,299,147,17,1351,7,599,11,7
"145","2020-05-12",176,2,81,480,3107,0.82780817508851,0,0,299,147,24,1375,9,608,17,9
"146","2020-05-13",167,2,69,475,3107,0.82780817508851,0,0,299,147,24,1399,16,624,15,16
"147","2020-05-14",160,2,67,455,3107,0.82780817508851,0,0,299,147,26,1425,12,636,16,12
"148","2020-05-15",151,2,64,454,3107,0.82780817508851,0,0,299,147,24,1449,10,646,13,10
"149","2020-05-16",142,2,60,448,3107,0.82780817508851,0,0,299,147,15,1464,9,655,3,9
"150","2020-05-17",137,2,53,433,3107,0.82780817508851,0,0,299,147,19,1483,14,669,12,14
"151","2020-05-18",124,2,42,423,3107,0.82780817508851,0,0,299,147,13,1496,12,681,6,12
"152","2020-05-19",118,2,38,422,3107,0.82780817508851,0,0,299,147,19,1515,17,698,9,17
"153","2020-05-20",116,2,44,420,3107,0.82780817508851,0,0,299,147,18,1533,18,716,9,18
"154","2020-05-21",112,2,40,416,3107,0.82780817508851,0,0,299,147,10,1543,26,742,8,26
"155","2020-05-22",111,2,38,404,3107,0.82780817508851,0,0,299,147,15,1558,10,752,5,10
"156","2020-05-23",115,2,36,398,3107,0.82780817508851,0,0,299,147,16,1574,20,772,9,20
"157","2020-05-24",118,2,39,374,3107,0.82780817508851,0,0,299,147,13,1587,23,795,6,23
"158","2020-05-25",117,2,38,376,3107,0.82780817508851,0,0,299,147,17,1604,16,811,6,16
"159","2020-05-26",120,2,45,361,3107,0.82780817508851,0,0,299,147,8,1612,19,830,4,19
"160","2020-05-27",120,2,40,344,3107,0.82780817508851,0,0,299,147,14,1626,25,855,7,25
"161","2020-05-28",110,2,30,353,3107,0.82780817508851,0,0,299,147,22,1648,22,877,7,22
"162","2020-05-29",108,2,38,343,3107,0.82780817508851,0,0,299,147,10,1658,14,891,7,14
"163","2020-05-30",102,2,40,321,3107,0.82780817508851,0,0,299,147,19,1677,17,908,9,17
"164","2020-05-31",94,2,36,307,3107,0.82780817508851,0,0,299,147,7,1684,16,924,6,16
"165","2020-06-01",94,2,38,287,3107,0.82780817508851,0,0,299,147,13,1697,10,934,7,10
"166","2020-06-02",87,2,33,269,3107,0.82780817508851,0,0,299,147,17,1714,8,942,11,8
"167","2020-06-03",85,2,28,263,3107,0.82780817508851,0,0,299,147,17,1731,11,953,14,11
"168","2020-06-04",86,2,29,251,3107,0.82780817508851,0,0,299,147,9,1740,13,966,6,13
"169","2020-06-05",83,2,21,232,3107,0.82780817508851,0,0,299,147,8,1748,9,975,7,9
"170","2020-06-06",88,2,24,216,3107,0.82780817508851,0,0,299,147,8,1756,13,988,2,13
"171","2020-06-07",81,2,27,208,3107,0.82780817508851,0,0,299,147,13,1769,10,998,8,10
"172","2020-03-14",1,3,50,37,2247,0.576323987538941,0,0,178,471,5,19,6,15,4,6
"173","2020-03-15",2,3,60,56,2247,0.576323987538941,0,0,178,471,9,28,5,20,6,5
"174","2020-03-16",2,3,60,74,2247,0.576323987538941,0,0,178,471,13,41,9,29,8,9
"175","2020-03-17",3,3,76,87,2247,0.576323987538941,0,0,178,471,8,49,9,38,7,9
"176","2020-03-18",7,3,89,104,2247,0.576323987538941,0,0,178,471,16,65,7,45,15,7
"177","2020-03-19",10,3,109,127,2247,0.576323987538941,0,0,178,471,20,85,14,59,17,14
"178","2020-03-20",21,3,114,138,2247,0.576323987538941,0,0,178,471,20,105,11,70,19,11
"179","2020-03-21",27,3,114,157,2247,0.576323987538941,0,0,178,471,20,125,9,79,17,9
"180","2020-03-22",35,3,107,168,2247,0.576323987538941,0,0,178,471,26,151,5,84,25,5
"181","2020-03-23",41,3,102,177,2247,0.576323987538941,0,0,178,471,20,171,3,87,17,3
"182","2020-03-24",51,3,107,181,2247,0.576323987538941,0,0,178,471,31,202,9,96,30,9
"183","2020-03-25",55,3,109,198,2247,0.576323987538941,0,0,178,471,26,228,6,102,24,6
"184","2020-03-26",62,3,118,207,2247,0.576323987538941,0,0,178,471,43,271,5,107,39,5
"185","2020-03-27",58,3,127,219,2247,0.576323987538941,0,0,178,471,45,316,12,119,41,12
"186","2020-03-28",57,3,148,226,2247,0.576323987538941,0,0,178,471,45,361,16,135,43,16
"187","2020-03-29",53,3,141,233,2247,0.576323987538941,0,0,178,471,48,409,8,143,47,8
"188","2020-03-30",58,3,134,247,2247,0.576323987538941,0,0,178,471,52,461,11,154,51,11
"189","2020-03-31",55,3,135,241,2247,0.576323987538941,0,0,178,471,49,510,16,170,48,16
"190","2020-04-01",60,3,136,250,2247,0.576323987538941,0,0,178,471,71,581,14,184,70,14
"191","2020-04-02",63,3,141,256,2247,0.576323987538941,0,0,178,471,52,633,10,194,50,10
"192","2020-04-03",64,3,154,265,2247,0.576323987538941,0,0,178,471,80,713,5,199,77,5
"193","2020-04-04",70,3,152,273,2247,0.576323987538941,0,0,178,471,63,776,6,205,60,6
"194","2020-04-05",74,3,163,288,2247,0.576323987538941,0,0,178,471,100,876,10,215,90,10
"195","2020-04-06",78,3,173,284,2247,0.576323987538941,0,0,178,471,85,961,6,221,84,6
"196","2020-04-07",79,3,181,276,2247,0.576323987538941,0,0,178,471,94,1055,6,227,91,6
"197","2020-04-08",80,3,181,283,2247,0.576323987538941,0,0,178,471,111,1166,10,237,107,10
"198","2020-04-09",74,3,197,296,2247,0.576323987538941,0,0,178,471,87,1253,6,243,85,6
"199","2020-04-10",79,3,177,298,2247,0.576323987538941,0,0,178,471,118,1371,11,254,114,11
"200","2020-04-11",75,3,161,302,2247,0.576323987538941,0,0,178,471,124,1495,12,266,120,12
"201","2020-04-12",75,3,154,311,2247,0.576323987538941,0,0,178,471,138,1633,12,278,132,12
"202","2020-04-13",73,3,153,315,2247,0.576323987538941,0,0,178,471,125,1758,16,294,121,16
"203","2020-04-14",85,3,180,327,2247,0.576323987538941,0,0,178,471,147,1905,16,310,145,16
"204","2020-04-15",85,3,187,330,2247,0.576323987538941,0,0,178,471,106,2011,16,326,103,16
"205","2020-04-16",96,3,182,334,2247,0.576323987538941,0,0,178,471,139,2150,17,343,136,17
"206","2020-04-17",89,3,173,350,2247,0.576323987538941,0,0,178,471,142,2292,16,359,137,16
"207","2020-04-18",97,3,163,349,2247,0.576323987538941,0,0,178,471,128,2420,20,379,124,20
"208","2020-04-19",101,3,167,353,2247,0.576323987538941,0,0,178,471,130,2550,20,399,128,20
"209","2020-04-20",94,3,157,376,2247,0.576323987538941,0,0,178,471,141,2691,8,407,136,8
"210","2020-04-21",91,3,171,390,2247,0.576323987538941,0,0,178,471,189,2880,13,420,185,13
"211","2020-04-22",85,3,153,395,2247,0.576323987538941,0,0,178,471,112,2992,11,431,109,11
"212","2020-04-23",86,3,160,393,2247,0.576323987538941,0,0,178,471,125,3117,16,447,123,16
"213","2020-04-24",95,3,150,383,2247,0.576323987538941,0,0,178,471,153,3270,19,466,152,19
"214","2020-04-25",91,3,161,393,2247,0.576323987538941,0,0,178,471,131,3401,13,479,128,13
"215","2020-04-26",102,3,171,390,2247,0.576323987538941,0,0,178,471,101,3502,17,496,99,17
"216","2020-04-27",108,3,183,395,2247,0.576323987538941,0,0,178,471,99,3601,8,504,97,8
"217","2020-04-28",108,3,202,379,2247,0.576323987538941,0,0,178,471,96,3697,10,514,91,10
"218","2020-04-29",114,3,223,389,2247,0.576323987538941,0,0,178,471,96,3793,15,529,96,15
"219","2020-04-30",107,3,228,389,2247,0.576323987538941,0,0,178,471,88,3881,6,535,85,6
"220","2020-05-01",107,3,228,385,2247,0.576323987538941,0,0,178,471,92,3973,8,543,87,8
"221","2020-05-02",113,3,213,374,2247,0.576323987538941,0,0,178,471,75,4048,20,563,74,20
"222","2020-05-03",103,3,216,372,2247,0.576323987538941,0,0,178,471,84,4132,15,578,82,15
"223","2020-05-04",114,3,214,362,2247,0.576323987538941,0,0,178,471,83,4215,7,585,81,7
"224","2020-05-05",107,3,211,360,2247,0.576323987538941,0,0,178,471,60,4275,10,595,59,10
"225","2020-05-06",108,3,214,348,2247,0.576323987538941,0,0,178,471,63,4338,12,607,62,12
"226","2020-05-07",110,3,217,346,2247,0.576323987538941,0,0,178,471,65,4403,14,621,64,14
"227","2020-05-08",112,3,211,354,2247,0.576323987538941,0,0,178,471,60,4463,18,639,58,18
"228","2020-05-09",106,3,199,336,2247,0.576323987538941,0,0,178,471,56,4519,14,653,53,14
"229","2020-05-10",100,3,207,333,2247,0.576323987538941,0,0,178,471,59,4578,14,667,58,14
"230","2020-05-11",94,3,213,325,2247,0.576323987538941,0,0,178,471,55,4633,12,679,54,12
"231","2020-05-12",95,3,217,331,2247,0.576323987538941,0,0,178,471,36,4669,12,691,35,12
"232","2020-05-13",87,3,206,330,2247,0.576323987538941,0,0,178,471,56,4725,19,710,55,19
"233","2020-05-14",88,3,189,322,2247,0.576323987538941,0,0,178,471,41,4766,12,722,40,12
"234","2020-05-15",85,3,188,322,2247,0.576323987538941,0,0,178,471,32,4798,17,739,32,17
"235","2020-05-16",83,3,185,316,2247,0.576323987538941,0,0,178,471,26,4824,11,750,24,11
"236","2020-05-17",87,3,191,304,2247,0.576323987538941,0,0,178,471,49,4873,9,759,45,9
"237","2020-05-18",79,3,193,287,2247,0.576323987538941,0,0,178,471,25,4898,9,768,23,9
"238","2020-05-19",74,3,210,282,2247,0.576323987538941,0,0,178,471,28,4926,18,786,28,18
"239","2020-05-20",73,3,197,269,2247,0.576323987538941,0,0,178,471,23,4949,11,797,20,11
"240","2020-05-21",65,3,199,250,2247,0.576323987538941,0,0,178,471,28,4977,17,814,25,17
"241","2020-05-22",67,3,211,244,2247,0.576323987538941,0,0,178,471,17,4994,18,832,16,18
"242","2020-05-23",62,3,217,244,2247,0.576323987538941,0,0,178,471,14,5008,10,842,14,10
"243","2020-05-24",66,3,238,235,2247,0.576323987538941,0,0,178,471,26,5034,9,851,25,9
"244","2020-05-25",68,3,230,228,2247,0.576323987538941,0,0,178,471,20,5054,13,864,20,13
"245","2020-05-26",73,3,243,221,2247,0.576323987538941,0,0,178,471,18,5072,6,870,17,6
"246","2020-05-27",75,3,232,212,2247,0.576323987538941,0,0,178,471,15,5087,10,880,14,10
"247","2020-05-28",73,3,213,220,2247,0.576323987538941,0,0,178,471,15,5102,15,895,14,15
"248","2020-05-29",62,3,219,212,2247,0.576323987538941,0,0,178,471,10,5112,9,904,8,9
"249","2020-05-30",64,3,213,210,2247,0.576323987538941,0,0,178,471,13,5125,14,918,13,14
"250","2020-05-31",59,3,229,199,2247,0.576323987538941,0,0,178,471,14,5139,14,932,13,14
"251","2020-06-01",57,3,227,193,2247,0.576323987538941,0,0,178,471,18,5157,11,943,17,11
"252","2020-06-02",52,3,213,187,2247,0.576323987538941,0,0,178,471,8,5165,12,955,8,12
"253","2020-06-03",54,3,194,177,2247,0.576323987538941,0,0,178,471,11,5176,7,962,7,7
"254","2020-06-04",57,3,183,170,2247,0.576323987538941,0,0,178,471,6,5182,6,968,6,6
"255","2020-06-05",55,3,181,161,2247,0.576323987538941,0,0,178,471,6,5188,6,974,6,6
"256","2020-06-06",55,3,176,163,2247,0.576323987538941,0,0,178,471,7,5195,11,985,5,11
"257","2020-06-07",51,3,182,159,2247,0.576323987538941,0,0,178,471,4,5199,6,991,4,6
"258","2020-03-15",1,4,36,38,2793,0.833870390261368,0,0,234,176,32,116,8,70,22,8
"259","2020-03-16",2,4,33,50,2793,0.833870390261368,0,0,234,176,35,151,13,83,31,13
"260","2020-03-17",2,4,35,63,2793,0.833870390261368,0,0,234,176,41,192,11,94,33,11
"261","2020-03-18",3,4,35,77,2793,0.833870390261368,0,0,234,176,35,227,19,113,26,19
"262","2020-03-19",6,4,37,87,2793,0.833870390261368,0,0,234,176,57,284,14,127,47,14
"263","2020-03-20",8,4,31,111,2793,0.833870390261368,0,0,234,176,45,329,16,143,34,16
"264","2020-03-21",13,4,27,120,2793,0.833870390261368,0,0,234,176,62,391,8,151,60,8
"265","2020-03-22",19,4,27,130,2793,0.833870390261368,0,0,234,176,62,453,6,157,57,6
"266","2020-03-23",23,4,31,141,2793,0.833870390261368,0,0,234,176,75,528,4,161,67,4
"267","2020-03-24",24,4,31,149,2793,0.833870390261368,0,0,234,176,114,642,2,163,105,2
"268","2020-03-25",27,4,34,163,2793,0.833870390261368,0,0,234,176,113,755,8,171,104,8
"269","2020-03-26",32,4,34,180,2793,0.833870390261368,0,0,234,176,135,890,11,182,128,11
"270","2020-03-27",39,4,37,185,2793,0.833870390261368,0,0,234,176,103,993,11,193,98,11
"271","2020-03-28",38,4,43,193,2793,0.833870390261368,0,0,234,176,157,1150,14,207,149,14
"272","2020-03-29",38,4,49,215,2793,0.833870390261368,0,0,234,176,181,1331,8,215,170,8
"273","2020-03-30",39,4,48,235,2793,0.833870390261368,0,0,234,176,177,1508,12,227,164,12
"274","2020-03-31",44,4,37,259,2793,0.833870390261368,0,0,234,176,237,1745,27,254,234,27
"275","2020-04-01",51,4,32,272,2793,0.833870390261368,0,0,234,176,237,1982,25,279,230,25
"276","2020-04-02",55,4,37,291,2793,0.833870390261368,0,0,234,176,290,2272,22,301,276,22
"277","2020-04-03",51,4,41,307,2793,0.833870390261368,0,0,234,176,408,2680,13,314,396,13
"278","2020-04-04",61,4,46,329,2793,0.833870390261368,0,0,234,176,373,3053,32,346,354,32
"279","2020-04-05",64,4,32,358,2793,0.833870390261368,0,0,234,176,328,3381,19,365,311,19
"280","2020-04-06",75,4,33,374,2793,0.833870390261368,0,0,234,176,439,3820,15,380,428,15
"281","2020-04-07",87,4,31,391,2793,0.833870390261368,0,0,234,176,340,4160,21,401,332,21
"282","2020-04-08",92,4,36,405,2793,0.833870390261368,0,0,234,176,365,4525,20,421,357,20
"283","2020-04-09",100,4,41,418,2793,0.833870390261368,0,0,234,176,296,4821,20,441,289,20
"284","2020-04-10",116,4,46,436,2793,0.833870390261368,0,0,234,176,236,5057,34,475,229,34
"285","2020-04-11",120,4,40,452,2793,0.833870390261368,0,0,234,176,313,5370,21,496,306,21
"286","2020-04-12",127,4,41,459,2793,0.833870390261368,0,0,234,176,278,5648,31,527,274,31
"287","2020-04-13",129,4,53,471,2793,0.833870390261368,0,0,234,176,234,5882,19,546,230,19
"288","2020-04-14",134,4,48,479,2793,0.833870390261368,0,0,234,176,254,6136,11,557,249,11
"289","2020-04-15",139,4,46,464,2793,0.833870390261368,0,0,234,176,120,6256,28,585,118,28
"290","2020-04-16",137,4,45,465,2793,0.833870390261368,0,0,234,176,165,6421,32,617,163,32
"291","2020-04-17",136,4,37,450,2793,0.833870390261368,0,0,234,176,125,6546,18,635,123,18
"292","2020-04-18",134,4,44,454,2793,0.833870390261368,0,0,234,176,102,6648,7,642,100,7
"293","2020-04-19",147,4,48,461,2793,0.833870390261368,0,0,234,176,94,6742,5,647,92,5
"294","2020-04-20",145,4,49,460,2793,0.833870390261368,0,0,234,176,73,6815,11,658,72,11
"295","2020-04-21",128,4,51,469,2793,0.833870390261368,0,0,234,176,35,6850,23,681,33,23
"296","2020-04-22",118,4,60,471,2793,0.833870390261368,0,0,234,176,47,6897,12,693,46,12
"297","2020-04-23",122,4,67,468,2793,0.833870390261368,0,0,234,176,46,6943,11,704,44,11
"298","2020-04-24",117,4,70,481,2793,0.833870390261368,0,0,234,176,49,6992,12,716,46,12
"299","2020-04-25",121,4,67,490,2793,0.833870390261368,0,0,234,176,27,7019,39,755,24,39
"300","2020-04-26",112,4,55,488,2793,0.833870390261368,0,0,234,176,28,7047,22,777,23,22
"301","2020-04-27",109,4,53,487,2793,0.833870390261368,0,0,234,176,23,7070,29,806,23,29
"302","2020-04-28",127,4,47,480,2793,0.833870390261368,0,0,234,176,27,7097,48,854,23,48
"303","2020-04-29",141,4,43,476,2793,0.833870390261368,0,0,234,176,24,7121,25,879,21,25
"304","2020-04-30",140,4,34,470,2793,0.833870390261368,0,0,234,176,16,7137,37,916,15,37
"305","2020-05-01",141,4,33,461,2793,0.833870390261368,0,0,234,176,12,7149,18,934,10,18
"306","2020-05-02",144,4,34,447,2793,0.833870390261368,0,0,234,176,12,7161,18,952,9,18
"307","2020-05-03",141,4,38,445,2793,0.833870390261368,0,0,234,176,9,7170,31,983,7,31
"308","2020-05-04",144,4,43,448,2793,0.833870390261368,0,0,234,176,9,7179,22,1005,9,22
"309","2020-05-05",133,4,41,425,2793,0.833870390261368,0,0,234,176,15,7194,30,1035,11,30
"310","2020-05-06",131,4,41,396,2793,0.833870390261368,0,0,234,176,11,7205,24,1059,6,24
"311","2020-05-07",128,4,44,400,2793,0.833870390261368,0,0,234,176,6,7211,10,1069,4,10
"312","2020-05-08",120,4,52,388,2793,0.833870390261368,0,0,234,176,3,7214,9,1078,2,9
"313","2020-05-09",113,4,73,385,2793,0.833870390261368,0,0,234,176,6,7220,17,1095,5,17
"314","2020-05-10",111,4,76,408,2793,0.833870390261368,0,0,234,176,3,7223,37,1132,3,37
"315","2020-05-11",107,4,79,398,2793,0.833870390261368,0,0,234,176,2,7225,26,1158,2,26
"316","2020-05-12",102,4,74,403,2793,0.833870390261368,0,0,234,176,3,7228,28,1186,3,28
"317","2020-05-13",90,4,61,402,2793,0.833870390261368,0,0,234,176,6,7234,13,1199,5,13
"318","2020-05-14",92,4,63,403,2793,0.833870390261368,0,0,234,176,1,7235,20,1219,1,20
"319","2020-05-15",108,4,68,397,2793,0.833870390261368,0,0,234,176,NA,NA,28,1247,NA,28
"320","2020-05-16",111,4,70,395,2793,0.833870390261368,0,0,234,176,4,7239,16,1263,2,16
"321","2020-05-17",111,4,70,385,2793,0.833870390261368,0,0,234,176,5,7244,14,1277,3,14
"322","2020-05-18",118,4,65,390,2793,0.833870390261368,0,0,234,176,4,7248,10,1287,2,10
"323","2020-05-19",129,4,59,378,2793,0.833870390261368,0,0,234,176,3,7251,33,1320,1,33
"324","2020-05-20",134,4,52,368,2793,0.833870390261368,0,0,234,176,NA,NA,28,1348,NA,28
"325","2020-05-21",132,4,49,351,2793,0.833870390261368,0,0,234,176,6,7257,26,1374,2,26
"326","2020-05-22",122,4,56,333,2793,0.833870390261368,0,0,234,176,9,7266,23,1397,7,23
"327","2020-05-23",112,4,48,330,2793,0.833870390261368,0,0,234,176,2,7268,14,1411,2,14
"328","2020-05-24",110,4,41,312,2793,0.833870390261368,0,0,234,176,3,7271,24,1435,2,24
"329","2020-05-25",95,4,39,318,2793,0.833870390261368,0,0,234,176,2,7273,21,1456,2,21
"330","2020-05-26",88,4,45,304,2793,0.833870390261368,0,0,234,176,4,7277,18,1474,3,18
"331","2020-05-27",82,4,57,295,2793,0.833870390261368,0,0,234,176,3,7280,15,1489,3,15
"332","2020-05-28",74,4,61,283,2793,0.833870390261368,0,0,234,176,7,7287,16,1505,5,16
"333","2020-05-29",72,4,50,270,2793,0.833870390261368,0,0,234,176,2,7289,11,1516,NA,11
"334","2020-05-30",73,4,49,264,2793,0.833870390261368,0,0,234,176,1,7290,12,1528,1,12
"335","2020-05-31",65,4,39,256,2793,0.833870390261368,0,0,234,176,2,7292,18,1546,1,18
"336","2020-06-01",74,4,40,244,2793,0.833870390261368,0,0,234,176,NA,NA,8,1554,NA,8
"337","2020-06-02",77,4,33,240,2793,0.833870390261368,0,0,234,176,NA,NA,5,1559,NA,5
"338","2020-06-03",77,4,36,248,2793,0.833870390261368,0,0,234,176,2,7294,6,1565,2,6
"339","2020-06-04",77,4,40,240,2793,0.833870390261368,0,0,234,176,NA,NA,6,1571,NA,6
"340","2020-06-05",72,4,34,237,2793,0.833870390261368,0,0,234,176,2,7296,10,1581,1,10
"341","2020-06-06",74,4,33,229,2793,0.833870390261368,0,0,234,176,3,7299,12,1593,1,12
"342","2020-06-07",75,4,31,225,2793,0.833870390261368,0,0,234,176,1,7300,9,1602,NA,9
"343","2020-03-15",3,5,20,44,1908,0.679769392033543,0,0,148,145,7,27,9,22,5,9
"344","2020-03-16",4,5,17,51,1908,0.679769392033543,0,0,148,145,9,36,8,30,4,8
"345","2020-03-17",5,5,14,61,1908,0.679769392033543,0,0,148,145,4,40,2,32,3,2
"346","2020-03-18",8,5,16,72,1908,0.679769392033543,0,0,148,145,14,54,1,33,9,1
"347","2020-03-19",11,5,18,80,1908,0.679769392033543,0,0,148,145,7,61,7,40,4,7
"348","2020-03-20",13,5,17,90,1908,0.679769392033543,0,0,148,145,12,73,8,48,10,8
"349","2020-03-21",16,5,20,99,1908,0.679769392033543,0,0,148,145,16,89,8,56,10,8
"350","2020-03-22",16,5,17,109,1908,0.679769392033543,0,0,148,145,13,102,11,67,11,11
"351","2020-03-23",20,5,17,117,1908,0.679769392033543,0,0,148,145,13,115,6,73,10,6
"352","2020-03-24",24,5,19,136,1908,0.679769392033543,0,0,148,145,13,128,11,84,7,11
"353","2020-03-25",28,5,24,151,1908,0.679769392033543,0,0,148,145,10,138,8,92,7,8
"354","2020-03-26",37,5,33,149,1908,0.679769392033543,0,0,148,145,24,162,10,102,22,10
"355","2020-03-27",43,5,29,155,1908,0.679769392033543,0,0,148,145,21,183,7,109,16,7
"356","2020-03-28",45,5,28,169,1908,0.679769392033543,0,0,148,145,29,212,11,120,27,11
"357","2020-03-29",46,5,30,175,1908,0.679769392033543,0,0,148,145,27,239,11,131,23,11
"358","2020-03-30",44,5,29,188,1908,0.679769392033543,0,0,148,145,22,261,10,141,17,10
"359","2020-03-31",49,5,27,196,1908,0.679769392033543,0,0,148,145,28,289,13,154,25,13
"360","2020-04-01",49,5,30,196,1908,0.679769392033543,0,0,148,145,20,309,7,161,16,7
"361","2020-04-02",48,5,34,201,1908,0.679769392033543,0,0,148,145,26,335,11,172,24,11
"362","2020-04-03",46,5,28,215,1908,0.679769392033543,0,0,148,145,24,359,8,180,19,8
"363","2020-04-04",44,5,27,216,1908,0.679769392033543,0,0,148,145,22,381,9,189,17,9
"364","2020-04-05",46,5,26,214,1908,0.679769392033543,0,0,148,145,44,425,6,195,35,6
"365","2020-04-06",53,5,26,222,1908,0.679769392033543,0,0,148,145,36,461,9,204,31,9
"366","2020-04-07",58,5,31,215,1908,0.679769392033543,0,0,148,145,24,485,12,216,21,12
"367","2020-04-08",62,5,37,235,1908,0.679769392033543,0,0,148,145,37,522,10,226,33,10
"368","2020-04-09",58,5,34,232,1908,0.679769392033543,0,0,148,145,32,554,13,239,31,13
"369","2020-04-10",59,5,33,230,1908,0.679769392033543,0,0,148,145,43,597,8,247,36,8
"370","2020-04-11",61,5,24,236,1908,0.679769392033543,0,0,148,145,28,625,16,263,25,16
"371","2020-04-12",62,5,22,261,1908,0.679769392033543,0,0,148,145,35,660,19,282,31,19
"372","2020-04-13",58,5,29,269,1908,0.679769392033543,0,0,148,145,44,704,21,303,33,21
"373","2020-04-14",59,5,42,278,1908,0.679769392033543,0,0,148,145,50,754,20,323,45,20
"374","2020-04-15",63,5,45,286,1908,0.679769392033543,0,0,148,145,48,802,14,337,40,14
"375","2020-04-16",63,5,45,299,1908,0.679769392033543,0,0,148,145,45,847,19,356,41,19
"376","2020-04-17",68,5,43,301,1908,0.679769392033543,0,0,148,145,38,885,26,382,33,26
"377","2020-04-18",78,5,45,316,1908,0.679769392033543,0,0,148,145,35,920,26,408,31,26
"378","2020-04-19",82,5,49,324,1908,0.679769392033543,0,0,148,145,41,961,25,433,36,25
"379","2020-04-20",86,5,55,336,1908,0.679769392033543,0,0,148,145,41,1002,15,448,34,15
"380","2020-04-21",82,5,51,329,1908,0.679769392033543,0,0,148,145,39,1041,14,462,34,14
"381","2020-04-22",83,5,47,323,1908,0.679769392033543,0,0,148,145,31,1072,19,481,29,19
"382","2020-04-23",86,5,48,335,1908,0.679769392033543,0,0,148,145,39,1111,22,503,34,22
"383","2020-04-24",91,5,42,333,1908,0.679769392033543,0,0,148,145,40,1151,15,518,33,15
"384","2020-04-25",95,5,48,328,1908,0.679769392033543,0,0,148,145,62,1213,17,535,58,17
"385","2020-04-26",103,5,48,332,1908,0.679769392033543,0,0,148,145,41,1254,12,547,36,12
"386","2020-04-27",107,5,45,329,1908,0.679769392033543,0,0,148,145,49,1303,4,551,43,4
"387","2020-04-28",112,5,41,325,1908,0.679769392033543,0,0,148,145,33,1336,6,557,30,6
"388","2020-04-29",107,5,43,331,1908,0.679769392033543,0,0,148,145,28,1364,20,577,25,20
"389","2020-04-30",107,5,38,328,1908,0.679769392033543,0,0,148,145,30,1394,12,589,26,12
"390","2020-05-01",99,5,35,328,1908,0.679769392033543,0,0,148,145,35,1429,17,606,30,17
"391","2020-05-02",93,5,35,324,1908,0.679769392033543,0,0,148,145,41,1470,16,622,36,16
"392","2020-05-03",85,5,38,329,1908,0.679769392033543,0,0,148,145,33,1503,23,645,25,23
"393","2020-05-04",84,5,40,346,1908,0.679769392033543,0,0,148,145,37,1540,16,661,33,16
"394","2020-05-05",82,5,39,341,1908,0.679769392033543,0,0,148,145,47,1587,11,672,40,11
"395","2020-05-06",85,5,37,339,1908,0.679769392033543,0,0,148,145,28,1615,18,690,23,18
"396","2020-05-07",91,5,42,340,1908,0.679769392033543,0,0,148,145,36,1651,15,705,32,15
"397","2020-05-08",90,5,50,335,1908,0.679769392033543,0,0,148,145,26,1677,25,730,21,25
"398","2020-05-09",91,5,57,336,1908,0.679769392033543,0,0,148,145,35,1712,27,757,31,27
"399","2020-05-10",90,5,60,318,1908,0.679769392033543,0,0,148,145,24,1736,16,773,20,16
"400","2020-05-11",91,5,66,316,1908,0.679769392033543,0,0,148,145,28,1764,20,793,22,20
"401","2020-05-12",93,5,67,300,1908,0.679769392033543,0,0,148,145,29,1793,10,803,23,10
"402","2020-05-13",86,5,64,294,1908,0.679769392033543,0,0,148,145,30,1823,11,814,26,11
"403","2020-05-14",80,5,67,294,1908,0.679769392033543,0,0,148,145,41,1864,10,824,37,10
"404","2020-05-15",83,5,64,285,1908,0.679769392033543,0,0,148,145,30,1894,11,835,26,11
"405","2020-05-16",84,5,58,276,1908,0.679769392033543,0,0,148,145,33,1927,18,853,29,18
"406","2020-05-17",86,5,55,272,1908,0.679769392033543,0,0,148,145,19,1946,13,866,17,13
"407","2020-05-18",82,5,52,257,1908,0.679769392033543,0,0,148,145,23,1969,27,893,22,27
"408","2020-05-19",79,5,56,246,1908,0.679769392033543,0,0,148,145,39,2008,26,919,35,26
"409","2020-05-20",80,5,52,245,1908,0.679769392033543,0,0,148,145,31,2039,15,934,27,15
"410","2020-05-21",83,5,45,230,1908,0.679769392033543,0,0,148,145,17,2056,21,955,13,21
"411","2020-05-22",79,5,38,222,1908,0.679769392033543,0,0,148,145,25,2081,19,974,25,19
"412","2020-05-23",76,5,37,210,1908,0.679769392033543,0,0,148,145,24,2105,22,996,22,22
"413","2020-05-24",69,5,44,206,1908,0.679769392033543,0,0,148,145,12,2117,23,1019,10,23
"414","2020-05-25",66,5,46,194,1908,0.679769392033543,0,0,148,145,20,2137,12,1031,19,12
"415","2020-05-26",59,5,42,187,1908,0.679769392033543,0,0,148,145,27,2164,18,1049,23,18
"416","2020-05-27",57,5,44,182,1908,0.679769392033543,0,0,148,145,12,2176,15,1064,10,15
"417","2020-05-28",52,5,35,165,1908,0.679769392033543,0,0,148,145,20,2196,7,1071,18,7
"418","2020-05-29",49,5,47,158,1908,0.679769392033543,0,0,148,145,24,2220,8,1079,23,8
"419","2020-05-30",42,5,46,156,1908,0.679769392033543,0,0,148,145,22,2242,8,1087,20,8
"420","2020-05-31",43,5,43,156,1908,0.679769392033543,0,0,148,145,28,2270,10,1097,26,10
"421","2020-06-01",42,5,36,151,1908,0.679769392033543,0,0,148,145,18,2288,10,1107,16,10
"422","2020-06-02",43,5,31,143,1908,0.679769392033543,0,0,148,145,23,2311,9,1116,22,9
"423","2020-06-03",40,5,29,143,1908,0.679769392033543,0,0,148,145,15,2326,4,1120,14,4
"424","2020-06-04",40,5,28,138,1908,0.679769392033543,0,0,148,145,17,2343,7,1127,16,7
"425","2020-06-05",39,5,26,140,1908,0.679769392033543,0,0,148,145,14,2357,5,1132,13,5
"426","2020-06-06",40,5,23,125,1908,0.679769392033543,0,0,148,145,23,2380,11,1143,22,11
"427","2020-06-07",39,5,23,125,1908,0.679769392033543,0,0,148,145,27,2407,16,1159,26,16
"428","2020-03-16",2,6,29,53,6774,0.949217596693239,0,0,671,292,10,48,4,32,8,4
"429","2020-03-17",3,6,32,72,6774,0.949217596693239,0,0,671,292,8,56,3,35,4,3
"430","2020-03-18",4,6,30,92,6774,0.949217596693239,0,0,671,292,19,75,5,40,12,5
"431","2020-03-19",7,6,28,115,6774,0.949217596693239,0,0,671,292,18,93,7,47,12,7
"432","2020-03-20",12,6,26,141,6774,0.949217596693239,0,0,671,292,16,109,10,57,9,10
"433","2020-03-21",19,6,31,169,6774,0.949217596693239,0,0,671,292,16,125,4,61,10,4
"434","2020-03-22",24,6,32,198,6774,0.949217596693239,0,0,671,292,21,146,10,71,18,10
"435","2020-03-23",29,6,28,247,6774,0.949217596693239,0,0,671,292,30,176,12,83,18,12
"436","2020-03-24",37,6,26,266,6774,0.949217596693239,0,0,671,292,18,194,11,94,9,11
"437","2020-03-25",45,6,25,318,6774,0.949217596693239,0,0,671,292,24,218,10,104,20,10
"438","2020-03-26",62,6,30,354,6774,0.949217596693239,0,0,671,292,23,241,12,116,16,12
"439","2020-03-27",67,6,35,392,6774,0.949217596693239,0,0,671,292,28,269,3,119,17,3
"440","2020-03-28",70,6,31,415,6774,0.949217596693239,0,0,671,292,25,294,2,121,22,2
"441","2020-03-29",79,6,28,451,6774,0.949217596693239,0,0,671,292,28,322,13,134,22,13
"442","2020-03-30",92,6,29,514,6774,0.949217596693239,0,0,671,292,17,339,5,139,9,5
"443","2020-03-31",103,6,44,531,6774,0.949217596693239,0,0,671,292,28,367,12,151,19,12
"444","2020-04-01",120,6,50,591,6774,0.949217596693239,0,0,671,292,28,395,10,161,21,10
"445","2020-04-02",117,6,56,645,6774,0.949217596693239,0,0,671,292,13,408,7,168,11,7
"446","2020-04-03",138,6,57,722,6774,0.949217596693239,0,0,671,292,26,434,10,178,18,10
"447","2020-04-04",155,6,52,759,6774,0.949217596693239,0,0,671,292,30,464,7,185,18,7
"448","2020-04-05",169,6,53,814,6774,0.949217596693239,0,0,671,292,24,488,7,192,18,7
"449","2020-04-06",174,6,63,910,6774,0.949217596693239,0,0,671,292,25,513,6,198,17,6
"450","2020-04-07",191,6,69,966,6774,0.949217596693239,0,0,671,292,27,540,15,213,21,15
"451","2020-04-08",205,6,81,1056,6774,0.949217596693239,0,0,671,292,20,560,16,229,12,16
"452","2020-04-09",225,6,95,1153,6774,0.949217596693239,0,0,671,292,20,580,11,240,14,11
"453","2020-04-10",243,6,102,1281,6774,0.949217596693239,0,0,671,292,30,610,11,251,23,11
"454","2020-04-11",260,6,104,1374,6774,0.949217596693239,0,0,671,292,25,635,14,265,19,14
"455","2020-04-12",303,6,109,1492,6774,0.949217596693239,0,0,671,292,13,648,2,267,5,2
"456","2020-04-13",328,6,107,1598,6774,0.949217596693239,0,0,671,292,25,673,4,271,11,4
"457","2020-04-14",367,6,97,1732,6774,0.949217596693239,0,0,671,292,26,699,13,284,19,13
"458","2020-04-15",410,6,95,1840,6774,0.949217596693239,0,0,671,292,14,713,18,302,6,18
"459","2020-04-16",448,6,83,1968,6774,0.949217596693239,0,0,671,292,25,738,27,329,17,27
"460","2020-04-17",469,6,84,2077,6774,0.949217596693239,0,0,671,292,31,769,14,343,16,14
"461","2020-04-18",505,6,87,2176,6774,0.949217596693239,0,0,671,292,23,792,21,364,10,21
"462","2020-04-19",517,6,99,2265,6774,0.949217596693239,0,0,671,292,25,817,7,371,19,7
"463","2020-04-20",542,6,112,2402,6774,0.949217596693239,0,0,671,292,29,846,23,394,20,23
"464","2020-04-21",568,6,112,2456,6774,0.949217596693239,0,0,671,292,26,872,9,403,20,9
"465","2020-04-22",582,6,87,2512,6774,0.949217596693239,0,0,671,292,24,896,5,408,15,5
"466","2020-04-23",607,6,86,2530,6774,0.949217596693239,0,0,671,292,28,924,8,416,17,8
"467","2020-04-24",639,6,87,2507,6774,0.949217596693239,0,0,671,292,30,954,19,435,20,19
"468","2020-04-25",651,6,81,2441,6774,0.949217596693239,0,0,671,292,25,979,11,446,15,11
"469","2020-04-26",653,6,80,2376,6774,0.949217596693239,0,0,671,292,25,1004,13,459,15,13
"470","2020-04-27",676,6,63,2263,6774,0.949217596693239,0,0,671,292,22,1026,10,469,17,10
"471","2020-04-28",663,6,67,2143,6774,0.949217596693239,0,0,671,292,32,1058,15,484,22,15
"472","2020-04-29",674,6,69,2017,6774,0.949217596693239,0,0,671,292,32,1090,21,505,23,21
"473","2020-04-30",665,6,65,1866,6774,0.949217596693239,0,0,671,292,24,1114,10,515,17,10
"474","2020-05-01",640,6,58,1779,6774,0.949217596693239,0,0,671,292,22,1136,6,521,15,6
"475","2020-05-02",617,6,73,1661,6774,0.949217596693239,0,0,671,292,24,1160,10,531,12,10
"476","2020-05-03",600,6,68,1502,6774,0.949217596693239,0,0,671,292,42,1202,19,550,31,19
"477","2020-05-04",540,6,64,1358,6774,0.949217596693239,0,0,671,292,32,1234,21,571,25,21
"478","2020-05-05",516,6,61,1217,6774,0.949217596693239,0,0,671,292,35,1269,9,580,24,9
"479","2020-05-06",449,6,58,1109,6774,0.949217596693239,0,0,671,292,29,1298,11,591,21,11
"480","2020-05-07",408,6,55,984,6774,0.949217596693239,0,0,671,292,22,1320,6,597,11,6
"481","2020-05-08",373,6,76,851,6774,0.949217596693239,0,0,671,292,34,1354,15,612,25,15
"482","2020-05-09",345,6,71,745,6774,0.949217596693239,0,0,671,292,20,1374,11,623,15,11
"483","2020-05-10",309,6,67,676,6774,0.949217596693239,0,0,671,292,28,1402,5,628,17,5
"484","2020-05-11",304,6,58,589,6774,0.949217596693239,0,0,671,292,30,1432,20,648,22,20
"485","2020-05-12",257,6,62,513,6774,0.949217596693239,0,0,671,292,19,1451,8,656,11,8
"486","2020-05-13",237,6,60,449,6774,0.949217596693239,0,0,671,292,24,1475,12,668,12,12
"487","2020-05-14",204,6,59,393,6774,0.949217596693239,0,0,671,292,19,1494,17,685,14,17
"488","2020-05-15",181,6,69,331,6774,0.949217596693239,0,0,671,292,24,1518,21,706,12,21
"489","2020-05-16",153,6,76,280,6774,0.949217596693239,0,0,671,292,21,1539,15,721,18,15
"490","2020-05-17",139,6,64,242,6774,0.949217596693239,0,0,671,292,29,1568,9,730,20,9
"491","2020-05-18",114,6,58,197,6774,0.949217596693239,0,0,671,292,25,1593,9,739,14,9
"492","2020-05-19",100,6,49,178,6774,0.949217596693239,0,0,671,292,27,1620,7,746,21,7
"493","2020-05-20",86,6,46,156,6774,0.949217596693239,0,0,671,292,24,1644,12,758,19,12
"494","2020-05-21",72,6,43,135,6774,0.949217596693239,0,0,671,292,24,1668,8,766,20,8
"495","2020-05-22",59,6,44,119,6774,0.949217596693239,0,0,671,292,28,1696,15,781,21,15
"496","2020-05-23",49,6,43,104,6774,0.949217596693239,0,0,671,292,22,1718,18,799,14,18
"497","2020-05-24",39,6,41,94,6774,0.949217596693239,0,0,671,292,25,1743,9,808,23,9
"498","2020-05-25",38,6,43,84,6774,0.949217596693239,0,0,671,292,18,1761,13,821,11,13
"499","2020-05-26",37,6,48,79,6774,0.949217596693239,0,0,671,292,12,1773,10,831,8,10
"500","2020-05-27",33,6,49,74,6774,0.949217596693239,0,0,671,292,20,1793,18,849,17,18
"501","2020-05-28",34,6,48,72,6774,0.949217596693239,0,0,671,292,20,1813,19,868,17,19
"502","2020-05-29",29,6,47,64,6774,0.949217596693239,0,0,671,292,15,1828,9,877,11,9
"503","2020-05-30",28,6,48,54,6774,0.949217596693239,0,0,671,292,14,1842,8,885,10,8
"504","2020-05-31",20,6,53,54,6774,0.949217596693239,0,0,671,292,15,1857,15,900,13,15
"505","2020-06-01",13,6,53,48,6774,0.949217596693239,0,0,671,292,14,1871,9,909,7,9
"506","2020-06-02",14,6,60,43,6774,0.949217596693239,0,0,671,292,13,1884,17,926,9,17
"507","2020-06-03",13,6,58,42,6774,0.949217596693239,0,0,671,292,17,1901,9,935,14,9
"508","2020-06-04",13,6,46,37,6774,0.949217596693239,0,0,671,292,14,1915,13,948,8,13
"509","2020-06-05",14,6,46,36,6774,0.949217596693239,0,0,671,292,11,1926,15,963,8,15
"510","2020-06-06",13,6,45,34,6774,0.949217596693239,0,0,671,292,9,1935,10,973,5,10
"511","2020-06-07",14,6,45,33,6774,0.949217596693239,0,0,671,292,9,1944,12,985,7,12
"512","2020-03-14",1,7,10,42,2093,0.475871954132824,0,0,196,134,7,25,10,25,1,10
"513","2020-03-15",1,7,16,57,2093,0.475871954132824,0,0,196,134,10,35,11,36,7,11
"514","2020-03-16",4,7,15,69,2093,0.475871954132824,0,0,196,134,9,44,5,41,5,5
"515","2020-03-17",5,7,14,86,2093,0.475871954132824,0,0,196,134,11,55,9,50,9,9
"516","2020-03-18",7,7,17,104,2093,0.475871954132824,0,0,196,134,8,63,7,57,5,7
"517","2020-03-19",12,7,22,123,2093,0.475871954132824,0,0,196,134,15,78,5,62,11,5
"518","2020-03-20",17,7,23,148,2093,0.475871954132824,0,0,196,134,17,95,2,64,14,2
"519","2020-03-21",21,7,24,160,2093,0.475871954132824,0,0,196,134,13,108,8,72,12,8
"520","2020-03-22",25,7,16,182,2093,0.475871954132824,0,0,196,134,20,128,11,83,16,11
"521","2020-03-23",31,7,25,197,2093,0.475871954132824,0,0,196,134,16,144,15,98,12,15
"522","2020-03-24",42,7,26,208,2093,0.475871954132824,0,0,196,134,14,158,13,111,13,13
"523","2020-03-25",48,7,29,217,2093,0.475871954132824,0,0,196,134,23,181,11,122,20,11
"524","2020-03-26",55,7,25,228,2093,0.475871954132824,0,0,196,134,20,201,14,136,17,14
"525","2020-03-27",58,7,28,242,2093,0.475871954132824,0,0,196,134,31,232,19,155,29,19
"526","2020-03-28",62,7,35,250,2093,0.475871954132824,0,0,196,134,18,250,10,165,18,10
"527","2020-03-29",66,7,37,246,2093,0.475871954132824,0,0,196,134,23,273,7,172,20,7
"528","2020-03-30",66,7,34,246,2093,0.475871954132824,0,0,196,134,33,306,13,185,27,13
"529","2020-03-31",61,7,34,237,2093,0.475871954132824,0,0,196,134,29,335,10,195,25,10
"530","2020-04-01",63,7,28,245,2093,0.475871954132824,0,0,196,134,26,361,9,204,23,9
"531","2020-04-02",60,7,24,242,2093,0.475871954132824,0,0,196,134,26,387,9,213,24,9
"532","2020-04-03",63,7,28,243,2093,0.475871954132824,0,0,196,134,21,408,6,219,18,6
"533","2020-04-04",69,7,25,244,2093,0.475871954132824,0,0,196,134,28,436,5,224,24,5
"534","2020-04-05",65,7,30,241,2093,0.475871954132824,0,0,196,134,38,474,NA,NA,33,NA
"535","2020-04-06",62,7,32,248,2093,0.475871954132824,0,0,196,134,27,501,6,230,25,6
"536","2020-04-07",64,7,38,258,2093,0.475871954132824,0,0,196,134,34,535,3,233,28,3
"537","2020-04-08",63,7,50,257,2093,0.475871954132824,0,0,196,134,33,568,4,237,26,4
"538","2020-04-09",66,7,57,258,2093,0.475871954132824,0,0,196,134,45,613,9,246,39,9
"539","2020-04-10",62,7,53,256,2093,0.475871954132824,0,0,196,134,38,651,27,273,33,27
"540","2020-04-11",60,7,48,260,2093,0.475871954132824,0,0,196,134,36,687,11,284,33,11
"541","2020-04-12",73,7,55,265,2093,0.475871954132824,0,0,196,134,32,719,4,288,30,4
"542","2020-04-13",83,7,53,268,2093,0.475871954132824,0,0,196,134,36,755,5,293,30,5
"543","2020-04-14",80,7,50,267,2093,0.475871954132824,0,0,196,134,39,794,2,295,32,2
"544","2020-04-15",85,7,42,273,2093,0.475871954132824,0,0,196,134,36,830,1,296,27,1
"545","2020-04-16",85,7,37,292,2093,0.475871954132824,0,0,196,134,34,864,5,301,31,5
"546","2020-04-17",85,7,46,299,2093,0.475871954132824,0,0,196,134,29,893,13,314,27,13
"547","2020-04-18",85,7,39,298,2093,0.475871954132824,0,0,196,134,63,956,8,322,61,8
"548","2020-04-19",84,7,29,288,2093,0.475871954132824,0,0,196,134,38,994,8,330,34,8
"549","2020-04-20",78,7,32,287,2093,0.475871954132824,0,0,196,134,35,1029,8,338,34,8
"550","2020-04-21",79,7,30,295,2093,0.475871954132824,0,0,196,134,36,1065,NA,NA,32,NA
"551","2020-04-22",73,7,27,301,2093,0.475871954132824,0,0,196,134,33,1098,10,348,29,10
"552","2020-04-23",73,7,26,304,2093,0.475871954132824,0,0,196,134,52,1150,6,354,49,6
"553","2020-04-24",78,7,32,303,2093,0.475871954132824,0,0,196,134,49,1199,1,355,40,1
"554","2020-04-25",79,7,23,306,2093,0.475871954132824,0,0,196,134,42,1241,3,358,39,3
"555","2020-04-26",78,7,17,312,2093,0.475871954132824,0,0,196,134,45,1286,18,376,42,18
"556","2020-04-27",78,7,24,306,2093,0.475871954132824,0,0,196,134,40,1326,24,400,38,24
"557","2020-04-28",88,7,33,313,2093,0.475871954132824,0,0,196,134,44,1370,37,437,35,37
"558","2020-04-29",92,7,41,303,2093,0.475871954132824,0,0,196,134,45,1415,24,461,42,24
"559","2020-04-30",92,7,43,297,2093,0.475871954132824,0,0,196,134,39,1454,26,487,31,26
"560","2020-05-01",95,7,57,300,2093,0.475871954132824,0,0,196,134,40,1494,22,509,35,22
"561","2020-05-02",97,7,55,297,2093,0.475871954132824,0,0,196,134,25,1519,26,535,24,26
"562","2020-05-03",89,7,59,307,2093,0.475871954132824,0,0,196,134,27,1546,14,549,23,14
"563","2020-05-04",92,7,54,310,2093,0.475871954132824,0,0,196,134,48,1594,14,563,38,14
"564","2020-05-05",90,7,55,303,2093,0.475871954132824,0,0,196,134,34,1628,17,580,31,17
"565","2020-05-06",90,7,54,305,2093,0.475871954132824,0,0,196,134,32,1660,5,585,27,5
"566","2020-05-07",91,7,46,303,2093,0.475871954132824,0,0,196,134,29,1689,11,596,26,11
"567","2020-05-08",87,7,50,301,2093,0.475871954132824,0,0,196,134,28,1717,13,609,24,13
"568","2020-05-09",87,7,61,308,2093,0.475871954132824,0,0,196,134,26,1743,13,622,24,13
"569","2020-05-10",89,7,54,304,2093,0.475871954132824,0,0,196,134,33,1776,8,630,33,8
"570","2020-05-11",93,7,54,303,2093,0.475871954132824,0,0,196,134,32,1808,4,634,27,4
"571","2020-05-12",88,7,62,292,2093,0.475871954132824,0,0,196,134,25,1833,5,639,21,5
"572","2020-05-13",89,7,74,296,2093,0.475871954132824,0,0,196,134,32,1865,20,659,29,20
"573","2020-05-14",86,7,69,306,2093,0.475871954132824,0,0,196,134,33,1898,13,672,29,13
"574","2020-05-15",91,7,52,300,2093,0.475871954132824,0,0,196,134,25,1923,8,680,22,8
"575","2020-05-16",92,7,44,289,2093,0.475871954132824,0,0,196,134,25,1948,7,687,23,7
"576","2020-05-17",91,7,40,280,2093,0.475871954132824,0,0,196,134,23,1971,11,698,21,11
"577","2020-05-18",85,7,40,282,2093,0.475871954132824,0,0,196,134,38,2009,20,718,32,20
"578","2020-05-19",84,7,42,260,2093,0.475871954132824,0,0,196,134,30,2039,12,730,29,12
"579","2020-05-20",84,7,40,256,2093,0.475871954132824,0,0,196,134,29,2068,12,742,27,12
"580","2020-05-21",85,7,34,249,2093,0.475871954132824,0,0,196,134,16,2084,13,755,13,13
"581","2020-05-22",83,7,28,241,2093,0.475871954132824,0,0,196,134,26,2110,18,773,21,18
"582","2020-05-23",76,7,24,239,2093,0.475871954132824,0,0,196,134,19,2129,13,786,17,13
"583","2020-05-24",79,7,28,242,2093,0.475871954132824,0,0,196,134,22,2151,4,790,20,4
"584","2020-05-25",79,7,33,252,2093,0.475871954132824,0,0,196,134,19,2170,2,792,15,2
"585","2020-05-26",81,7,31,239,2093,0.475871954132824,0,0,196,134,19,2189,3,795,16,3
"586","2020-05-27",80,7,29,242,2093,0.475871954132824,0,0,196,134,29,2218,3,798,27,3
"587","2020-05-28",81,7,28,235,2093,0.475871954132824,0,0,196,134,24,2242,4,802,22,4
"588","2020-05-29",75,7,30,228,2093,0.475871954132824,0,0,196,134,20,2262,10,812,19,10
"589","2020-05-30",72,7,31,217,2093,0.475871954132824,0,0,196,134,22,2284,6,818,20,6
"590","2020-05-31",73,7,31,195,2093,0.475871954132824,0,0,196,134,12,2296,4,822,12,4
"591","2020-06-01",70,7,32,189,2093,0.475871954132824,0,0,196,134,21,2317,12,834,19,12
"592","2020-06-02",67,7,35,193,2093,0.475871954132824,0,0,196,134,21,2338,16,850,20,16
"593","2020-06-03",56,7,31,187,2093,0.475871954132824,0,0,196,134,19,2357,3,853,19,3
"594","2020-06-04",47,7,26,180,2093,0.475871954132824,0,0,196,134,13,2370,3,856,10,3
"595","2020-06-05",50,7,25,173,2093,0.475871954132824,0,0,196,134,16,2386,1,857,16,1
"596","2020-06-06",49,7,25,164,2093,0.475871954132824,0,0,196,134,13,2399,NA,NA,13,NA
"597","2020-06-07",41,7,23,163,2093,0.475871954132824,0,0,196,134,24,2423,4,861,22,4
"598","2020-03-14",2,8,30,31,2044,0.592465753424658,0,0,189,447,2,16,1,6,1,1
"599","2020-03-15",3,8,28,50,2044,0.592465753424658,0,0,189,447,1,17,2,8,NA,2
"600","2020-03-16",4,8,40,58,2044,0.592465753424658,0,0,189,447,4,21,2,10,1,2
"601","2020-03-17",6,8,48,80,2044,0.592465753424658,0,0,189,447,7,28,5,15,2,5
"602","2020-03-18",7,8,53,91,2044,0.592465753424658,0,0,189,447,4,32,2,17,1,2
"603","2020-03-19",12,8,51,108,2044,0.592465753424658,0,0,189,447,7,39,2,19,1,2
"604","2020-03-20",18,8,61,133,2044,0.592465753424658,0,0,189,447,9,48,2,21,2,2
"605","2020-03-21",24,8,63,150,2044,0.592465753424658,0,0,189,447,9,57,1,22,2,1
"606","2020-03-22",29,8,73,158,2044,0.592465753424658,0,0,189,447,9,66,6,28,2,6
"607","2020-03-23",33,8,81,176,2044,0.592465753424658,0,0,189,447,10,76,2,30,7,2
"608","2020-03-24",35,8,83,184,2044,0.592465753424658,0,0,189,447,17,93,3,33,8,3
"609","2020-03-25",41,8,94,195,2044,0.592465753424658,0,0,189,447,10,103,6,39,1,6
"610","2020-03-26",41,8,108,211,2044,0.592465753424658,0,0,189,447,14,117,4,43,8,4
"611","2020-03-27",43,8,114,224,2044,0.592465753424658,0,0,189,447,11,128,6,49,8,6
"612","2020-03-28",47,8,123,229,2044,0.592465753424658,0,0,189,447,12,140,14,63,8,14
"613","2020-03-29",59,8,132,236,2044,0.592465753424658,0,0,189,447,13,153,5,68,5,5
"614","2020-03-30",61,8,139,236,2044,0.592465753424658,0,0,189,447,9,162,5,73,3,5
"615","2020-03-31",66,8,139,254,2044,0.592465753424658,0,0,189,447,15,177,1,74,10,1
"616","2020-04-01",67,8,156,249,2044,0.592465753424658,0,0,189,447,11,188,3,77,5,3
"617","2020-04-02",69,8,161,251,2044,0.592465753424658,0,0,189,447,18,206,10,87,10,10
"618","2020-04-03",67,8,178,248,2044,0.592465753424658,0,0,189,447,22,228,1,88,8,1
"619","2020-04-04",65,8,163,264,2044,0.592465753424658,0,0,189,447,19,247,1,89,8,1
"620","2020-04-05",54,8,149,278,2044,0.592465753424658,0,0,189,447,22,269,5,94,14,5
"621","2020-04-06",56,8,139,276,2044,0.592465753424658,0,0,189,447,18,287,1,95,11,1
"622","2020-04-07",55,8,163,289,2044,0.592465753424658,0,0,189,447,23,310,9,104,11,9
"623","2020-04-08",62,8,154,300,2044,0.592465753424658,0,0,189,447,10,320,14,118,6,14
"624","2020-04-09",67,8,157,290,2044,0.592465753424658,0,0,189,447,25,345,11,129,16,11
"625","2020-04-10",71,8,157,309,2044,0.592465753424658,0,0,189,447,18,363,9,138,9,9
"626","2020-04-11",82,8,156,303,2044,0.592465753424658,0,0,189,447,12,375,13,151,7,13
"627","2020-04-12",92,8,151,305,2044,0.592465753424658,0,0,189,447,17,392,7,158,8,7
"628","2020-04-13",97,8,150,312,2044,0.592465753424658,0,0,189,447,16,408,15,173,6,15
"629","2020-04-14",101,8,144,311,2044,0.592465753424658,0,0,189,447,22,430,6,179,11,6
"630","2020-04-15",99,8,148,313,2044,0.592465753424658,0,0,189,447,18,448,16,195,9,16
"631","2020-04-16",102,8,166,323,2044,0.592465753424658,0,0,189,447,22,470,12,207,13,12
"632","2020-04-17",103,8,173,307,2044,0.592465753424658,0,0,189,447,15,485,8,215,10,8
"633","2020-04-18",92,8,202,305,2044,0.592465753424658,0,0,189,447,20,505,8,223,11,8
"634","2020-04-19",85,8,196,298,2044,0.592465753424658,0,0,189,447,17,522,8,231,7,8
"635","2020-04-20",85,8,191,289,2044,0.592465753424658,0,0,189,447,15,537,5,236,6,5
"636","2020-04-21",80,8,193,276,2044,0.592465753424658,0,0,189,447,30,567,2,238,17,2
"637","2020-04-22",76,8,212,280,2044,0.592465753424658,0,0,189,447,21,588,6,244,9,6
"638","2020-04-23",71,8,197,271,2044,0.592465753424658,0,0,189,447,16,604,3,247,8,3
"639","2020-04-24",66,8,190,263,2044,0.592465753424658,0,0,189,447,24,628,7,254,15,7
"640","2020-04-25",65,8,181,259,2044,0.592465753424658,0,0,189,447,18,646,5,259,11,5
"641","2020-04-26",64,8,200,263,2044,0.592465753424658,0,0,189,447,23,669,13,272,12,13
"642","2020-04-27",63,8,210,275,2044,0.592465753424658,0,0,189,447,19,688,14,286,10,14
"643","2020-04-28",67,8,203,277,2044,0.592465753424658,0,0,189,447,18,706,10,296,10,10
"644","2020-04-29",73,8,196,285,2044,0.592465753424658,0,0,189,447,21,727,24,320,11,24
"645","2020-04-30",70,8,191,289,2044,0.592465753424658,0,0,189,447,22,749,22,342,9,22
"646","2020-05-01",72,8,200,301,2044,0.592465753424658,0,0,189,447,28,777,17,359,12,17
"647","2020-05-02",76,8,205,308,2044,0.592465753424658,0,0,189,447,13,790,7,366,8,7
"648","2020-05-03",79,8,217,305,2044,0.592465753424658,0,0,189,447,24,814,6,372,16,6
"649","2020-05-04",78,8,216,317,2044,0.592465753424658,0,0,189,447,15,829,13,385,9,13
"650","2020-05-05",81,8,205,306,2044,0.592465753424658,0,0,189,447,18,847,22,407,7,22
"651","2020-05-06",81,8,225,305,2044,0.592465753424658,0,0,189,447,15,862,7,414,8,7
"652","2020-05-07",83,8,226,310,2044,0.592465753424658,0,0,189,447,21,883,9,423,9,9
"653","2020-05-08",84,8,230,304,2044,0.592465753424658,0,0,189,447,13,896,11,434,8,11
"654","2020-05-09",84,8,234,306,2044,0.592465753424658,0,0,189,447,23,919,10,444,13,10
"655","2020-05-10",84,8,246,298,2044,0.592465753424658,0,0,189,447,26,945,18,462,10,18
"656","2020-05-11",87,8,252,294,2044,0.592465753424658,0,0,189,447,19,964,12,474,10,12
"657","2020-05-12",82,8,252,286,2044,0.592465753424658,0,0,189,447,12,976,12,486,8,12
"658","2020-05-13",80,8,238,279,2044,0.592465753424658,0,0,189,447,10,986,6,492,4,6
"659","2020-05-14",86,8,221,281,2044,0.592465753424658,0,0,189,447,14,1000,5,497,8,5
"660","2020-05-15",86,8,232,284,2044,0.592465753424658,0,0,189,447,16,1016,11,508,6,11
"661","2020-05-16",89,8,221,282,2044,0.592465753424658,0,0,189,447,15,1031,13,521,4,13
"662","2020-05-17",88,8,228,274,2044,0.592465753424658,0,0,189,447,14,1045,11,532,8,11
"663","2020-05-18",83,8,220,267,2044,0.592465753424658,0,0,189,447,10,1055,8,540,4,8
"664","2020-05-19",89,8,210,263,2044,0.592465753424658,0,0,189,447,12,1067,11,551,7,11
"665","2020-05-20",83,8,192,257,2044,0.592465753424658,0,0,189,447,13,1080,7,558,7,7
"666","2020-05-21",76,8,169,246,2044,0.592465753424658,0,0,189,447,13,1093,3,561,8,3
"667","2020-05-22",75,8,164,251,2044,0.592465753424658,0,0,189,447,13,1106,3,564,10,3
"668","2020-05-23",67,8,159,243,2044,0.592465753424658,0,0,189,447,13,1119,6,570,10,6
"669","2020-05-24",64,8,162,233,2044,0.592465753424658,0,0,189,447,14,1133,12,582,11,12
"670","2020-05-25",64,8,169,224,2044,0.592465753424658,0,0,189,447,16,1149,14,596,10,14
"671","2020-05-26",58,8,167,221,2044,0.592465753424658,0,0,189,447,18,1167,5,601,11,5
"672","2020-05-27",61,8,163,210,2044,0.592465753424658,0,0,189,447,12,1179,6,607,6,6
"673","2020-05-28",61,8,156,198,2044,0.592465753424658,0,0,189,447,11,1190,11,618,4,11
"674","2020-05-29",57,8,152,189,2044,0.592465753424658,0,0,189,447,9,1199,5,623,7,5
"675","2020-05-30",56,8,158,186,2044,0.592465753424658,0,0,189,447,14,1213,7,630,6,7
"676","2020-05-31",56,8,157,189,2044,0.592465753424658,0,0,189,447,15,1228,5,635,9,5
"677","2020-06-01",59,8,166,192,2044,0.592465753424658,0,0,189,447,21,1249,7,642,17,7
"678","2020-06-02",55,8,155,186,2044,0.592465753424658,0,0,189,447,4,1253,3,645,1,3
"679","2020-06-03",53,8,167,194,2044,0.592465753424658,0,0,189,447,14,1267,7,652,8,7
"680","2020-06-04",52,8,177,185,2044,0.592465753424658,0,0,189,447,10,1277,3,655,9,3
"681","2020-06-05",57,8,168,163,2044,0.592465753424658,0,0,189,447,11,1288,3,658,7,3
"682","2020-06-06",53,8,154,162,2044,0.592465753424658,0,0,189,447,11,1299,6,664,7,6
"683","2020-06-07",51,8,155,170,2044,0.592465753424658,0,0,189,447,10,1309,6,670,6,6
"684","2020-03-16",1,9,25,24,6758,0.982391240011838,0,0,656,239,6,24,10,50,5,10
"685","2020-03-17",2,9,30,34,6758,0.982391240011838,0,0,656,239,15,39,17,67,14,17
"686","2020-03-18",2,9,29,41,6758,0.982391240011838,0,0,656,239,6,45,4,71,4,4
"687","2020-03-19",3,9,30,54,6758,0.982391240011838,0,0,656,239,15,60,4,75,15,4
"688","2020-03-20",5,9,31,68,6758,0.982391240011838,0,0,656,239,11,71,11,86,10,11
"689","2020-03-21",8,9,29,93,6758,0.982391240011838,0,0,656,239,21,92,11,97,19,11
"690","2020-03-22",11,9,40,112,6758,0.982391240011838,0,0,656,239,11,103,2,99,9,2
"691","2020-03-23",15,9,44,127,6758,0.982391240011838,0,0,656,239,13,116,3,102,12,3
"692","2020-03-24",16,9,37,154,6758,0.982391240011838,0,0,656,239,13,129,1,103,11,1
"693","2020-03-25",20,9,42,187,6758,0.982391240011838,0,0,656,239,22,151,3,106,20,3
"694","2020-03-26",27,9,56,226,6758,0.982391240011838,0,0,656,239,11,162,1,107,10,1
"695","2020-03-27",31,9,57,273,6758,0.982391240011838,0,0,656,239,25,187,2,109,24,2
"696","2020-03-28",39,9,51,306,6758,0.982391240011838,0,0,656,239,24,211,3,112,20,3
"697","2020-03-29",46,9,59,349,6758,0.982391240011838,0,0,656,239,23,234,14,126,21,14
"698","2020-03-30",51,9,63,412,6758,0.982391240011838,0,0,656,239,18,252,3,129,18,3
"699","2020-03-31",68,9,64,495,6758,0.982391240011838,0,0,656,239,23,275,2,131,19,2
"700","2020-04-01",82,9,75,548,6758,0.982391240011838,0,0,656,239,29,304,3,134,25,3
"701","2020-04-02",100,9,94,637,6758,0.982391240011838,0,0,656,239,28,332,3,137,28,3
"702","2020-04-03",120,9,89,727,6758,0.982391240011838,0,0,656,239,35,367,6,143,32,6
"703","2020-04-04",136,9,79,826,6758,0.982391240011838,0,0,656,239,22,389,14,157,21,14
"704","2020-04-05",151,9,87,958,6758,0.982391240011838,0,0,656,239,23,412,14,171,20,14
"705","2020-04-06",172,9,91,1095,6758,0.982391240011838,0,0,656,239,50,462,18,189,50,18
"706","2020-04-07",190,9,101,1206,6758,0.982391240011838,0,0,656,239,61,523,7,196,59,7
"707","2020-04-08",228,9,85,1416,6758,0.982391240011838,0,0,656,239,42,565,17,213,40,17
"708","2020-04-09",260,9,73,1564,6758,0.982391240011838,0,0,656,239,36,601,12,225,36,12
"709","2020-04-10",298,9,73,1765,6758,0.982391240011838,0,0,656,239,36,637,9,234,36,9
"710","2020-04-11",330,9,68,1912,6758,0.982391240011838,0,0,656,239,63,700,10,244,63,10
"711","2020-04-12",373,9,69,2085,6758,0.982391240011838,0,0,656,239,45,745,8,252,43,8
"712","2020-04-13",444,9,71,2301,6758,0.982391240011838,0,0,656,239,57,802,14,266,54,14
"713","2020-04-14",515,9,69,2420,6758,0.982391240011838,0,0,656,239,58,860,14,280,56,14
"714","2020-04-15",548,9,67,2581,6758,0.982391240011838,0,0,656,239,50,910,13,293,49,13
"715","2020-04-16",601,9,58,2605,6758,0.982391240011838,0,0,656,239,62,972,11,304,61,11
"716","2020-04-17",637,9,57,2671,6758,0.982391240011838,0,0,656,239,60,1032,16,320,59,16
"717","2020-04-18",686,9,55,2752,6758,0.982391240011838,0,0,656,239,64,1096,16,336,63,16
"718","2020-04-19",753,9,71,2753,6758,0.982391240011838,0,0,656,239,77,1173,7,343,73,7
"719","2020-04-20",751,9,59,2767,6758,0.982391240011838,0,0,656,239,69,1242,17,360,67,17
"720","2020-04-21",763,9,69,2699,6758,0.982391240011838,0,0,656,239,64,1306,12,372,63,12
"721","2020-04-22",789,9,75,2701,6758,0.982391240011838,0,0,656,239,70,1376,8,380,70,8
"722","2020-04-23",789,9,82,2626,6758,0.982391240011838,0,0,656,239,62,1438,19,399,60,19
"723","2020-04-24",811,9,79,2478,6758,0.982391240011838,0,0,656,239,77,1515,26,425,75,26
"724","2020-04-25",802,9,71,2375,6758,0.982391240011838,0,0,656,239,64,1579,8,433,63,8
"725","2020-04-26",770,9,65,2228,6758,0.982391240011838,0,0,656,239,80,1659,18,451,78,18
"726","2020-04-27",762,9,55,2059,6758,0.982391240011838,0,0,656,239,87,1746,6,457,85,6
"727","2020-04-28",717,9,58,1921,6758,0.982391240011838,0,0,656,239,77,1823,14,471,75,14
"728","2020-04-29",684,9,52,1745,6758,0.982391240011838,0,0,656,239,79,1902,3,474,78,3
"729","2020-04-30",642,9,48,1571,6758,0.982391240011838,0,0,656,239,82,1984,6,480,81,6
"730","2020-05-01",593,9,54,1405,6758,0.982391240011838,0,0,656,239,95,2079,23,503,93,23
"731","2020-05-02",549,9,50,1257,6758,0.982391240011838,0,0,656,239,81,2160,7,510,80,7
"732","2020-05-03",510,9,43,1117,6758,0.982391240011838,0,0,656,239,79,2239,8,518,79,8
"733","2020-05-04",457,9,41,981,6758,0.982391240011838,0,0,656,239,99,2338,16,534,97,16
"734","2020-05-05",421,9,61,871,6758,0.982391240011838,0,0,656,239,80,2418,7,541,80,7
"735","2020-05-06",369,9,68,760,6758,0.982391240011838,0,0,656,239,102,2520,4,545,102,4
"736","2020-05-07",330,9,74,654,6758,0.982391240011838,0,0,656,239,78,2598,5,550,78,5
"737","2020-05-08",288,9,70,581,6758,0.982391240011838,0,0,656,239,71,2669,2,552,70,2
"738","2020-05-09",253,9,94,505,6758,0.982391240011838,0,0,656,239,93,2762,10,562,92,10
"739","2020-05-10",205,9,90,435,6758,0.982391240011838,0,0,656,239,89,2851,10,572,88,10
"740","2020-05-11",188,9,85,382,6758,0.982391240011838,0,0,656,239,73,2924,15,587,73,15
"741","2020-05-12",162,9,83,327,6758,0.982391240011838,0,0,656,239,80,3004,12,599,79,12
"742","2020-05-13",148,9,93,285,6758,0.982391240011838,0,0,656,239,75,3079,8,607,75,8
"743","2020-05-14",130,9,95,246,6758,0.982391240011838,0,0,656,239,73,3152,19,626,73,19
"744","2020-05-15",112,9,99,223,6758,0.982391240011838,0,0,656,239,65,3217,21,647,63,21
"745","2020-05-16",100,9,96,185,6758,0.982391240011838,0,0,656,239,80,3297,17,664,78,17
"746","2020-05-17",93,9,90,169,6758,0.982391240011838,0,0,656,239,74,3371,14,678,74,14
"747","2020-05-18",75,9,81,148,6758,0.982391240011838,0,0,656,239,69,3440,13,691,68,13
"748","2020-05-19",66,9,66,133,6758,0.982391240011838,0,0,656,239,52,3492,9,700,52,9
"749","2020-05-20",54,9,54,115,6758,0.982391240011838,0,0,656,239,60,3552,7,707,59,7
"750","2020-05-21",44,9,51,99,6758,0.982391240011838,0,0,656,239,53,3605,7,714,52,7
"751","2020-05-22",32,9,56,74,6758,0.982391240011838,0,0,656,239,39,3644,6,720,38,6
"752","2020-05-23",28,9,63,66,6758,0.982391240011838,0,0,656,239,46,3690,13,733,46,13
"753","2020-05-24",21,9,55,59,6758,0.982391240011838,0,0,656,239,41,3731,9,742,40,9
"754","2020-05-25",19,9,54,56,6758,0.982391240011838,0,0,656,239,43,3774,3,745,42,3
"755","2020-05-26",18,9,54,49,6758,0.982391240011838,0,0,656,239,45,3819,4,749,44,4
"756","2020-05-27",15,9,53,36,6758,0.982391240011838,0,0,656,239,40,3859,4,753,40,4
"757","2020-05-28",14,9,43,35,6758,0.982391240011838,0,0,656,239,38,3897,16,769,38,16
"758","2020-05-29",14,9,38,31,6758,0.982391240011838,0,0,656,239,40,3937,10,779,40,10
"759","2020-05-30",11,9,36,32,6758,0.982391240011838,0,0,656,239,28,3965,2,781,27,2
"760","2020-05-31",10,9,30,32,6758,0.982391240011838,0,0,656,239,35,4000,6,787,34,6
"761","2020-06-01",13,9,28,28,6758,0.982391240011838,0,0,656,239,28,4028,NA,NA,27,NA
"762","2020-06-02",12,9,31,24,6758,0.982391240011838,0,0,656,239,31,4059,3,790,30,3
"763","2020-06-03",12,9,35,20,6758,0.982391240011838,0,0,656,239,27,4086,10,800,27,10
"764","2020-06-04",12,9,39,15,6758,0.982391240011838,0,0,656,239,17,4103,2,802,16,2
"765","2020-06-05",11,9,44,14,6758,0.982391240011838,0,0,656,239,25,4128,4,806,24,4
"766","2020-06-06",11,9,43,12,6758,0.982391240011838,0,0,656,239,26,4154,5,811,26,5
"767","2020-06-07",10,9,41,11,6758,0.982391240011838,0,0,656,239,21,4175,10,821,21,10
"768","2020-03-13",1,10,22,5,1873,0.893753336892686,0,0,174,275,4,10,4,10,NA,4
"769","2020-03-14",1,10,31,5,1873,0.893753336892686,0,0,174,275,8,18,1,11,1,1
"770","2020-03-15",1,10,34,9,1873,0.893753336892686,0,0,174,275,11,29,NA,NA,3,NA
"771","2020-03-16",1,10,36,13,1873,0.893753336892686,0,0,174,275,7,36,4,15,4,4
"772","2020-03-17",1,10,41,15,1873,0.893753336892686,0,0,174,275,7,43,1,16,2,1
"773","2020-03-18",1,10,42,19,1873,0.893753336892686,0,0,174,275,18,61,NA,NA,13,NA
"774","2020-03-19",1,10,41,22,1873,0.893753336892686,0,0,174,275,9,70,NA,NA,5,NA
"775","2020-03-20",1,10,40,25,1873,0.893753336892686,0,0,174,275,7,77,2,18,5,2
"776","2020-03-21",2,10,36,31,1873,0.893753336892686,0,0,174,275,18,95,4,22,12,4
"777","2020-03-22",4,10,45,31,1873,0.893753336892686,0,0,174,275,11,106,5,27,8,5
"778","2020-03-23",4,10,46,39,1873,0.893753336892686,0,0,174,275,15,121,10,37,13,10
"779","2020-03-24",6,10,51,42,1873,0.893753336892686,0,0,174,275,21,142,7,44,7,7
"780","2020-03-25",6,10,52,43,1873,0.893753336892686,0,0,174,275,19,161,1,45,14,1
"781","2020-03-26",9,10,50,50,1873,0.893753336892686,0,0,174,275,22,183,5,50,18,5
"782","2020-03-27",9,10,47,58,1873,0.893753336892686,0,0,174,275,18,201,5,55,14,5
"783","2020-03-28",11,10,41,71,1873,0.893753336892686,0,0,174,275,18,219,3,58,14,3
"784","2020-03-29",13,10,37,81,1873,0.893753336892686,0,0,174,275,18,237,6,64,13,6
"785","2020-03-30",14,10,33,85,1873,0.893753336892686,0,0,174,275,39,276,4,68,30,4
"786","2020-03-31",15,10,28,90,1873,0.893753336892686,0,0,174,275,31,307,6,74,23,6
"787","2020-04-01",17,10,37,97,1873,0.893753336892686,0,0,174,275,27,334,4,78,20,4
"788","2020-04-02",17,10,39,110,1873,0.893753336892686,0,0,174,275,22,356,9,87,19,9
"789","2020-04-03",18,10,56,120,1873,0.893753336892686,0,0,174,275,40,396,9,96,32,9
"790","2020-04-04",20,10,56,127,1873,0.893753336892686,0,0,174,275,37,433,3,99,29,3
"791","2020-04-05",21,10,63,126,1873,0.893753336892686,0,0,174,275,36,469,4,103,35,4
"792","2020-04-06",28,10,67,139,1873,0.893753336892686,0,0,174,275,45,514,1,104,40,1
"793","2020-04-07",29,10,67,138,1873,0.893753336892686,0,0,174,275,48,562,2,106,41,2
"794","2020-04-08",31,10,81,143,1873,0.893753336892686,0,0,174,275,56,618,16,122,47,16
"795","2020-04-09",37,10,81,145,1873,0.893753336892686,0,0,174,275,61,679,7,129,55,7
"796","2020-04-10",42,10,74,158,1873,0.893753336892686,0,0,174,275,43,722,15,144,36,15
"797","2020-04-11",47,10,65,174,1873,0.893753336892686,0,0,174,275,60,782,20,164,55,20
"798","2020-04-12",48,10,69,177,1873,0.893753336892686,0,0,174,275,52,834,11,175,47,11
"799","2020-04-13",45,10,60,189,1873,0.893753336892686,0,0,174,275,54,888,6,181,42,6
"800","2020-04-14",47,10,55,195,1873,0.893753336892686,0,0,174,275,55,943,10,191,46,10
"801","2020-04-15",53,10,57,216,1873,0.893753336892686,0,0,174,275,56,999,10,201,44,10
"802","2020-04-16",55,10,56,237,1873,0.893753336892686,0,0,174,275,53,1052,4,205,46,4
"803","2020-04-17",56,10,57,233,1873,0.893753336892686,0,0,174,275,42,1094,11,216,38,11
"804","2020-04-18",61,10,60,241,1873,0.893753336892686,0,0,174,275,49,1143,13,229,41,13
"805","2020-04-19",73,10,53,241,1873,0.893753336892686,0,0,174,275,62,1205,11,240,56,11
"806","2020-04-20",74,10,55,251,1873,0.893753336892686,0,0,174,275,60,1265,8,248,51,8
"807","2020-04-21",78,10,60,254,1873,0.893753336892686,0,0,174,275,50,1315,15,263,40,15
"808","2020-04-22",76,10,59,258,1873,0.893753336892686,0,0,174,275,71,1386,11,274,65,11
"809","2020-04-23",73,10,62,255,1873,0.893753336892686,0,0,174,275,43,1429,11,285,35,11
"810","2020-04-24",83,10,58,270,1873,0.893753336892686,0,0,174,275,77,1506,18,303,68,18
"811","2020-04-25",79,10,70,285,1873,0.893753336892686,0,0,174,275,39,1545,13,316,34,13
"812","2020-04-26",76,10,65,287,1873,0.893753336892686,0,0,174,275,67,1612,8,324,59,8
"813","2020-04-27",78,10,71,289,1873,0.893753336892686,0,0,174,275,58,1670,14,338,47,14
"814","2020-04-28",81,10,65,290,1873,0.893753336892686,0,0,174,275,51,1721,8,346,42,8
"815","2020-04-29",83,10,57,282,1873,0.893753336892686,0,0,174,275,46,1767,14,360,37,14
"816","2020-04-30",86,10,51,288,1873,0.893753336892686,0,0,174,275,75,1842,7,367,62,7
"817","2020-05-01",77,10,47,296,1873,0.893753336892686,0,0,174,275,31,1873,15,382,24,15
"818","2020-05-02",78,10,48,311,1873,0.893753336892686,0,0,174,275,48,1921,13,395,43,13
"819","2020-05-03",72,10,57,328,1873,0.893753336892686,0,0,174,275,37,1958,5,400,35,5
"820","2020-05-04",85,10,60,335,1873,0.893753336892686,0,0,174,275,52,2010,7,407,44,7
"821","2020-05-05",84,10,71,334,1873,0.893753336892686,0,0,174,275,54,2064,11,418,47,11
"822","2020-05-06",87,10,75,342,1873,0.893753336892686,0,0,174,275,30,2094,16,434,24,16
"823","2020-05-07",95,10,68,334,1873,0.893753336892686,0,0,174,275,40,2134,14,448,30,14
"824","2020-05-08",102,10,68,324,1873,0.893753336892686,0,0,174,275,41,2175,17,465,35,17
"825","2020-05-09",96,10,85,327,1873,0.893753336892686,0,0,174,275,38,2213,13,478,35,13
"826","2020-05-10",100,10,87,348,1873,0.893753336892686,0,0,174,275,59,2272,14,492,52,14
"827","2020-05-11",87,10,86,348,1873,0.893753336892686,0,0,174,275,39,2311,17,509,34,17
"828","2020-05-12",95,10,83,364,1873,0.893753336892686,0,0,174,275,45,2356,18,527,36,18
"829","2020-05-13",98,10,90,357,1873,0.893753336892686,0,0,174,275,37,2393,13,540,33,13
"830","2020-05-14",95,10,86,369,1873,0.893753336892686,0,0,174,275,27,2420,13,553,21,13
"831","2020-05-15",88,10,78,370,1873,0.893753336892686,0,0,174,275,40,2460,11,564,34,11
"832","2020-05-16",95,10,84,373,1873,0.893753336892686,0,0,174,275,34,2494,10,574,29,10
"833","2020-05-17",95,10,77,355,1873,0.893753336892686,0,0,174,275,37,2531,4,578,36,4
"834","2020-05-18",102,10,70,362,1873,0.893753336892686,0,0,174,275,36,2567,4,582,33,4
"835","2020-05-19",93,10,75,343,1873,0.893753336892686,0,0,174,275,36,2603,4,586,32,4
"836","2020-05-20",91,10,79,346,1873,0.893753336892686,0,0,174,275,40,2643,12,598,36,12
"837","2020-05-21",90,10,84,348,1873,0.893753336892686,0,0,174,275,32,2675,9,607,25,9
"838","2020-05-22",97,10,91,345,1873,0.893753336892686,0,0,174,275,33,2708,9,616,26,9
"839","2020-05-23",102,10,97,330,1873,0.893753336892686,0,0,174,275,36,2744,3,619,34,3
"840","2020-05-24",101,10,91,319,1873,0.893753336892686,0,0,174,275,20,2764,8,627,17,8
"841","2020-05-25",97,10,91,307,1873,0.893753336892686,0,0,174,275,37,2801,7,634,31,7
"842","2020-05-26",99,10,84,311,1873,0.893753336892686,0,0,174,275,22,2823,9,643,16,9
"843","2020-05-27",100,10,72,305,1873,0.893753336892686,0,0,174,275,20,2843,4,647,14,4
"844","2020-05-28",96,10,75,293,1873,0.893753336892686,0,0,174,275,39,2882,3,650,38,3
"845","2020-05-29",91,10,74,299,1873,0.893753336892686,0,0,174,275,32,2914,9,659,29,9
"846","2020-05-30",86,10,67,273,1873,0.893753336892686,0,0,174,275,21,2935,8,667,17,8
"847","2020-05-31",85,10,64,271,1873,0.893753336892686,0,0,174,275,19,2954,2,669,18,2
"848","2020-06-01",87,10,59,261,1873,0.893753336892686,0,0,174,275,17,2971,8,677,17,8
"849","2020-06-02",84,10,54,260,1873,0.893753336892686,0,0,174,275,12,2983,3,680,11,3
"850","2020-06-03",83,10,54,252,1873,0.893753336892686,0,0,174,275,23,3006,1,681,20,1
"851","2020-06-04",79,10,55,256,1873,0.893753336892686,0,0,174,275,18,3024,4,685,17,4
"852","2020-06-05",78,10,44,239,1873,0.893753336892686,0,0,174,275,8,3032,1,686,8,1
"853","2020-06-06",75,10,41,230,1873,0.893753336892686,0,0,174,275,16,3048,5,691,15,5
"854","2020-06-07",76,10,47,229,1873,0.893753336892686,0,0,174,275,16,3064,6,697,13,6
"855","2020-03-14",1,11,23,25,2984,0.777479892761394,0,0,288,228,11,37,13,47,1,13
"856","2020-03-15",2,11,26,35,2984,0.777479892761394,0,0,288,228,19,56,17,64,4,17
"857","2020-03-16",4,11,34,51,2984,0.777479892761394,0,0,288,228,18,74,16,80,8,16
"858","2020-03-17",6,11,35,61,2984,0.777479892761394,0,0,288,228,13,87,20,100,7,20
"859","2020-03-18",9,11,31,76,2984,0.777479892761394,0,0,288,228,19,106,27,127,8,27
"860","2020-03-19",11,11,33,92,2984,0.777479892761394,0,0,288,228,23,129,31,158,8,31
"861","2020-03-20",15,11,33,112,2984,0.777479892761394,0,0,288,228,15,144,24,182,2,24
"862","2020-03-21",19,11,35,129,2984,0.777479892761394,0,0,288,228,19,163,13,195,8,13
"863","2020-03-22",23,11,31,151,2984,0.777479892761394,0,0,288,228,17,180,18,213,12,18
"864","2020-03-23",24,11,33,169,2984,0.777479892761394,0,0,288,228,17,197,11,224,5,11
"865","2020-03-24",25,11,37,183,2984,0.777479892761394,0,0,288,228,14,211,21,245,7,21
"866","2020-03-25",27,11,33,203,2984,0.777479892761394,0,0,288,228,29,240,19,264,16,19
"867","2020-03-26",33,11,38,226,2984,0.777479892761394,0,0,288,228,21,261,28,292,16,28
"868","2020-03-27",39,11,38,238,2984,0.777479892761394,0,0,288,228,24,285,26,318,15,26
"869","2020-03-28",46,11,32,260,2984,0.777479892761394,0,0,288,228,30,315,36,354,19,36
"870","2020-03-29",50,11,45,277,2984,0.777479892761394,0,0,288,228,26,341,26,380,13,26
"871","2020-03-30",58,11,39,280,2984,0.777479892761394,0,0,288,228,30,371,20,400,17,20
"872","2020-03-31",65,11,34,290,2984,0.777479892761394,0,0,288,228,22,393,19,419,14,19
"873","2020-04-01",75,11,37,315,2984,0.777479892761394,0,0,288,228,26,419,30,449,13,30
"874","2020-04-02",75,11,39,327,2984,0.777479892761394,0,0,288,228,22,441,32,481,11,32
"875","2020-04-03",77,11,41,335,2984,0.777479892761394,0,0,288,228,23,464,32,513,16,32
"876","2020-04-04",79,11,36,346,2984,0.777479892761394,0,0,288,228,30,494,28,541,17,28
"877","2020-04-05",85,11,34,371,2984,0.777479892761394,0,0,288,228,34,528,35,576,23,35
"878","2020-04-06",93,11,43,410,2984,0.777479892761394,0,0,288,228,21,549,35,611,10,35
"879","2020-04-07",93,11,34,410,2984,0.777479892761394,0,0,288,228,21,570,34,645,14,34
"880","2020-04-08",94,11,36,433,2984,0.777479892761394,0,0,288,228,31,601,37,682,17,37
"881","2020-04-09",110,11,28,464,2984,0.777479892761394,0,0,288,228,33,634,42,724,20,42
"882","2020-04-10",115,11,32,480,2984,0.777479892761394,0,0,288,228,30,664,26,750,19,26
"883","2020-04-11",115,11,35,486,2984,0.777479892761394,0,0,288,228,37,701,22,772,23,22
"884","2020-04-12",113,11,41,503,2984,0.777479892761394,0,0,288,228,33,734,24,796,25,24
"885","2020-04-13",119,11,44,518,2984,0.777479892761394,0,0,288,228,37,771,25,821,18,25
"886","2020-04-14",136,11,54,524,2984,0.777479892761394,0,0,288,228,31,802,53,874,18,53
"887","2020-04-15",148,11,45,538,2984,0.777479892761394,0,0,288,228,29,831,33,907,20,33
"888","2020-04-16",142,11,43,569,2984,0.777479892761394,0,0,288,228,28,859,31,938,13,31
"889","2020-04-17",150,11,52,569,2984,0.777479892761394,0,0,288,228,40,899,27,965,25,27
"890","2020-04-18",153,11,67,582,2984,0.777479892761394,0,0,288,228,37,936,33,998,24,33
"891","2020-04-19",157,11,67,602,2984,0.777479892761394,0,0,288,228,29,965,41,1039,14,41
"892","2020-04-20",173,11,66,608,2984,0.777479892761394,0,0,288,228,50,1015,24,1063,32,24
"893","2020-04-21",173,11,70,606,2984,0.777479892761394,0,0,288,228,40,1055,40,1103,25,40
"894","2020-04-22",167,11,70,612,2984,0.777479892761394,0,0,288,228,35,1090,21,1124,21,21
"895","2020-04-23",171,11,79,597,2984,0.777479892761394,0,0,288,228,38,1128,33,1157,25,33
"896","2020-04-24",172,11,86,589,2984,0.777479892761394,0,0,288,228,27,1155,25,1182,15,25
"897","2020-04-25",176,11,93,567,2984,0.777479892761394,0,0,288,228,39,1194,33,1215,22,33
"898","2020-04-26",177,11,107,553,2984,0.777479892761394,0,0,288,228,39,1233,43,1258,29,43
"899","2020-04-27",153,11,96,543,2984,0.777479892761394,0,0,288,228,34,1267,42,1300,21,42
"900","2020-04-28",146,11,98,533,2984,0.777479892761394,0,0,288,228,24,1291,46,1346,12,46
"901","2020-04-29",149,11,93,515,2984,0.777479892761394,0,0,288,228,36,1327,48,1394,22,48
"902","2020-04-30",158,11,93,494,2984,0.777479892761394,0,0,288,228,28,1355,48,1442,16,48
"903","2020-05-01",158,11,89,491,2984,0.777479892761394,0,0,288,228,25,1380,47,1489,15,47
"904","2020-05-02",157,11,82,491,2984,0.777479892761394,0,0,288,228,34,1414,33,1522,17,33
"905","2020-05-03",154,11,81,491,2984,0.777479892761394,0,0,288,228,31,1445,38,1560,21,39
"906","2020-05-04",159,11,92,488,2984,0.777479892761394,0,0,288,228,30,1475,37,1597,20,37
"907","2020-05-05",157,11,101,492,2984,0.777479892761394,0,0,288,228,51,1526,37,1634,35,37
"908","2020-05-06",149,11,111,490,2984,0.777479892761394,0,0,288,228,25,1551,44,1678,16,44
"909","2020-05-07",141,11,106,468,2984,0.777479892761394,0,0,288,228,29,1580,35,1713,15,35
"910","2020-05-08",125,11,102,450,2984,0.777479892761394,0,0,288,228,34,1614,36,1749,22,36
"911","2020-05-09",128,11,100,435,2984,0.777479892761394,0,0,288,228,23,1637,35,1784,14,35
"912","2020-05-10",127,11,97,416,2984,0.777479892761394,0,0,288,228,29,1666,38,1822,23,38
"913","2020-05-11",129,11,84,400,2984,0.777479892761394,0,0,288,228,26,1692,49,1871,19,49
"914","2020-05-12",130,11,76,370,2984,0.777479892761394,0,0,288,228,39,1731,42,1913,24,42
"915","2020-05-13",131,11,66,370,2984,0.777479892761394,0,0,288,228,27,1758,34,1947,13,34
"916","2020-05-14",126,11,58,364,2984,0.777479892761394,0,0,288,228,19,1777,25,1972,12,25
"917","2020-05-15",124,11,47,350,2984,0.777479892761394,0,0,288,228,25,1802,34,2006,14,34
"918","2020-05-16",114,11,40,331,2984,0.777479892761394,0,0,288,228,26,1828,35,2041,14,35
"919","2020-05-17",116,11,33,327,2984,0.777479892761394,0,0,288,228,20,1848,35,2076,15,35
"920","2020-05-18",106,11,26,316,2984,0.777479892761394,0,0,288,228,14,1862,27,2103,4,27
"921","2020-05-19",104,11,42,307,2984,0.777479892761394,0,0,288,228,26,1888,42,2145,16,42
"922","2020-05-20",100,11,39,307,2984,0.777479892761394,0,0,288,228,24,1912,29,2174,12,29
"923","2020-05-21",103,11,36,295,2984,0.777479892761394,0,0,288,228,14,1926,41,2215,8,41
"924","2020-05-22",110,11,30,289,2984,0.777479892761394,0,0,288,228,21,1947,44,2259,11,44
"925","2020-05-23",106,11,24,286,2984,0.777479892761394,0,0,288,228,22,1969,46,2305,17,46
"926","2020-05-24",102,11,29,288,2984,0.777479892761394,0,0,288,228,20,1989,54,2359,9,54
"927","2020-05-25",96,11,29,279,2984,0.777479892761394,0,0,288,228,18,2007,34,2393,14,34
"928","2020-05-26",89,11,29,289,2984,0.777479892761394,0,0,288,228,20,2027,37,2430,12,37
"929","2020-05-27",89,11,36,277,2984,0.777479892761394,0,0,288,228,16,2043,34,2464,7,34
"930","2020-05-28",82,11,34,275,2984,0.777479892761394,0,0,288,228,22,2065,29,2493,11,29
"931","2020-05-29",78,11,35,267,2984,0.777479892761394,0,0,288,228,9,2074,46,2539,7,46
"932","2020-05-30",83,11,32,271,2984,0.777479892761394,0,0,288,228,17,2091,40,2579,10,40
"933","2020-05-31",80,11,29,278,2984,0.777479892761394,0,0,288,228,12,2103,43,2622,8,43
"934","2020-06-01",77,11,30,269,2984,0.777479892761394,0,0,288,228,20,2123,43,2665,14,43
"935","2020-06-02",77,11,30,263,2984,0.777479892761394,0,0,288,228,10,2133,32,2697,6,32
"936","2020-06-03",76,11,38,260,2984,0.777479892761394,0,0,288,228,15,2148,30,2727,13,30
"937","2020-06-04",66,11,53,256,2984,0.777479892761394,0,0,288,228,17,2165,27,2754,8,27
"938","2020-06-05",64,11,44,246,2984,0.777479892761394,0,0,288,228,12,2177,23,2777,7,23
"939","2020-06-06",61,11,44,227,2984,0.777479892761394,0,0,288,228,19,2196,24,2801,16,24
"940","2020-06-07",62,11,41,234,2984,0.777479892761394,0,0,288,228,9,2205,27,2828,7,27
"941","2020-03-16",3,12,18,45,1789,0.515371716042482,0,0,166,210,12,50,5,41,5,5
"942","2020-03-17",5,12,25,57,1789,0.515371716042482,0,0,166,210,13,63,5,46,9,5
"943","2020-03-18",7,12,25,69,1789,0.515371716042482,0,0,166,210,17,80,4,50,11,4
"944","2020-03-19",12,12,24,82,1789,0.515371716042482,0,0,166,210,10,90,5,55,7,5
"945","2020-03-20",17,12,28,96,1789,0.515371716042482,0,0,166,210,26,116,2,57,22,2
"946","2020-03-21",19,12,30,106,1789,0.515371716042482,0,0,166,210,12,128,3,60,8,3
"947","2020-03-22",28,12,37,117,1789,0.515371716042482,0,0,166,210,19,147,6,66,14,6
"948","2020-03-23",30,12,40,132,1789,0.515371716042482,0,0,166,210,15,162,8,74,12,8
"949","2020-03-24",31,12,33,147,1789,0.515371716042482,0,0,166,210,17,179,7,81,12,7
"950","2020-03-25",33,12,37,144,1789,0.515371716042482,0,0,166,210,22,201,9,90,18,9
"951","2020-03-26",32,12,39,161,1789,0.515371716042482,0,0,166,210,28,229,5,95,24,5
"952","2020-03-27",29,12,44,168,1789,0.515371716042482,0,0,166,210,19,248,10,105,14,10
"953","2020-03-28",37,12,48,182,1789,0.515371716042482,0,0,166,210,25,273,7,112,17,7
"954","2020-03-29",35,12,43,183,1789,0.515371716042482,0,0,166,210,32,305,12,124,27,12
"955","2020-03-30",35,12,47,189,1789,0.515371716042482,0,0,166,210,35,340,5,129,27,5
"956","2020-03-31",35,12,45,190,1789,0.515371716042482,0,0,166,210,39,379,7,136,35,7
"957","2020-04-01",43,12,43,196,1789,0.515371716042482,0,0,166,210,27,406,4,140,20,4
"958","2020-04-02",49,12,41,196,1789,0.515371716042482,0,0,166,210,40,446,10,150,31,10
"959","2020-04-03",56,12,42,192,1789,0.515371716042482,0,0,166,210,40,486,8,158,31,8
"960","2020-04-04",52,12,48,199,1789,0.515371716042482,0,0,166,210,42,528,8,166,38,8
"961","2020-04-05",56,12,45,192,1789,0.515371716042482,0,0,166,210,40,568,1,167,33,1
"962","2020-04-06",59,12,37,195,1789,0.515371716042482,0,0,166,210,41,609,8,175,31,8
"963","2020-04-07",62,12,42,215,1789,0.515371716042482,0,0,166,210,44,653,2,177,39,2
"964","2020-04-08",59,12,43,213,1789,0.515371716042482,0,0,166,210,45,698,7,184,38,7
"965","2020-04-09",57,12,47,221,1789,0.515371716042482,0,0,166,210,38,736,10,194,33,10
"966","2020-04-10",55,12,55,229,1789,0.515371716042482,0,0,166,210,46,782,8,202,39,8
"967","2020-04-11",54,12,70,238,1789,0.515371716042482,0,0,166,210,47,829,5,207,43,5
"968","2020-04-12",51,12,61,249,1789,0.515371716042482,0,0,166,210,42,871,12,219,38,12
"969","2020-04-13",48,12,56,253,1789,0.515371716042482,0,0,166,210,51,922,14,233,43,14
"970","2020-04-14",54,12,51,265,1789,0.515371716042482,0,0,166,210,40,962,4,237,39,4
"971","2020-04-15",57,12,53,258,1789,0.515371716042482,0,0,166,210,36,998,8,245,30,8
"972","2020-04-16",59,12,64,252,1789,0.515371716042482,0,0,166,210,49,1047,9,254,46,9
"973","2020-04-17",61,12,67,256,1789,0.515371716042482,0,0,166,210,32,1079,4,258,27,4
"974","2020-04-18",67,12,60,274,1789,0.515371716042482,0,0,166,210,42,1121,9,267,37,9
"975","2020-04-19",69,12,63,282,1789,0.515371716042482,0,0,166,210,42,1163,14,281,39,14
"976","2020-04-20",77,12,60,285,1789,0.515371716042482,0,0,166,210,42,1205,7,288,33,7
"977","2020-04-21",74,12,71,284,1789,0.515371716042482,0,0,166,210,43,1248,14,302,32,14
"978","2020-04-22",69,12,73,274,1789,0.515371716042482,0,0,166,210,45,1293,10,312,40,10
"979","2020-04-23",69,12,77,278,1789,0.515371716042482,0,0,166,210,47,1340,14,326,43,14
"980","2020-04-24",70,12,74,281,1789,0.515371716042482,0,0,166,210,50,1390,13,339,43,13
"981","2020-04-25",66,12,60,285,1789,0.515371716042482,0,0,166,210,59,1449,10,349,50,10
"982","2020-04-26",71,12,58,293,1789,0.515371716042482,0,0,166,210,47,1496,3,352,39,3
"983","2020-04-27",68,12,61,302,1789,0.515371716042482,0,0,166,210,51,1547,7,359,44,7
"984","2020-04-28",72,12,69,309,1789,0.515371716042482,0,0,166,210,30,1577,6,365,26,6
"985","2020-04-29",82,12,61,317,1789,0.515371716042482,0,0,166,210,38,1615,1,366,33,1
"986","2020-04-30",85,12,61,321,1789,0.515371716042482,0,0,166,210,32,1647,2,368,26,2
"987","2020-05-01",91,12,70,320,1789,0.515371716042482,0,0,166,210,36,1683,6,374,34,6
"988","2020-05-02",100,12,71,308,1789,0.515371716042482,0,0,166,210,29,1712,6,380,23,6
"989","2020-05-03",104,12,64,319,1789,0.515371716042482,0,0,166,210,48,1760,8,388,42,8
"990","2020-05-04",101,12,71,321,1789,0.515371716042482,0,0,166,210,45,1805,9,397,39,9
"991","2020-05-05",101,12,72,318,1789,0.515371716042482,0,0,166,210,26,1831,5,402,23,5
"992","2020-05-06",94,12,84,319,1789,0.515371716042482,0,0,166,210,32,1863,4,406,29,4
"993","2020-05-07",96,12,80,326,1789,0.515371716042482,0,0,166,210,38,1901,14,420,33,14
"994","2020-05-08",90,12,87,314,1789,0.515371716042482,0,0,166,210,27,1928,10,430,21,10
"995","2020-05-09",91,12,88,299,1789,0.515371716042482,0,0,166,210,40,1968,26,456,35,26
"996","2020-05-10",80,12,87,290,1789,0.515371716042482,0,0,166,210,51,2019,20,476,44,20
"997","2020-05-11",83,12,71,272,1789,0.515371716042482,0,0,166,210,37,2056,13,489,32,13
"998","2020-05-12",80,12,65,265,1789,0.515371716042482,0,0,166,210,38,2094,16,505,30,16
"999","2020-05-13",84,12,70,256,1789,0.515371716042482,0,0,166,210,27,2121,3,508,22,3
"1000","2020-05-14",79,12,66,258,1789,0.515371716042482,0,0,166,210,37,2158,7,515,29,7
"1001","2020-05-15",76,12,59,254,1789,0.515371716042482,0,0,166,210,36,2194,11,526,33,11
"1002","2020-05-16",66,12,54,242,1789,0.515371716042482,0,0,166,210,41,2235,20,546,34,20
"1003","2020-05-17",65,12,57,237,1789,0.515371716042482,0,0,166,210,30,2265,11,557,24,11
"1004","2020-05-18",62,12,66,228,1789,0.515371716042482,0,0,166,210,39,2304,10,567,36,10
"1005","2020-05-19",65,12,77,228,1789,0.515371716042482,0,0,166,210,26,2330,7,574,24,7
"1006","2020-05-20",64,12,87,229,1789,0.515371716042482,0,0,166,210,27,2357,9,583,23,9
"1007","2020-05-21",67,12,90,211,1789,0.515371716042482,0,0,166,210,22,2379,4,587,20,4
"1008","2020-05-22",71,12,89,199,1789,0.515371716042482,0,0,166,210,26,2405,16,603,25,16
"1009","2020-05-23",71,12,101,197,1789,0.515371716042482,0,0,166,210,30,2435,NA,NA,28,NA
"1010","2020-05-24",71,12,102,192,1789,0.515371716042482,0,0,166,210,28,2463,7,610,23,7
"1011","2020-05-25",69,12,96,194,1789,0.515371716042482,0,0,166,210,27,2490,7,617,22,7
"1012","2020-05-26",65,12,100,180,1789,0.515371716042482,0,0,166,210,23,2513,12,629,17,12
"1013","2020-05-27",60,12,107,163,1789,0.515371716042482,0,0,166,210,24,2537,13,642,22,13
"1014","2020-05-28",57,12,110,171,1789,0.515371716042482,0,0,166,210,24,2561,13,655,18,13
"1015","2020-05-29",50,12,102,160,1789,0.515371716042482,0,0,166,210,19,2580,6,661,16,6
"1016","2020-05-30",51,12,103,162,1789,0.515371716042482,0,0,166,210,18,2598,6,667,16,6
"1017","2020-05-31",49,12,99,153,1789,0.515371716042482,0,0,166,210,31,2629,6,673,28,6
"1018","2020-06-01",47,12,88,152,1789,0.515371716042482,0,0,166,210,15,2644,7,680,14,7
"1019","2020-06-02",47,12,83,156,1789,0.515371716042482,0,0,166,210,19,2663,5,685,17,5
"1020","2020-06-03",51,12,80,157,1789,0.515371716042482,0,0,166,210,24,2687,9,694,23,9
"1021","2020-06-04",46,12,73,146,1789,0.515371716042482,0,0,166,210,18,2705,7,701,15,7
"1022","2020-06-05",45,12,70,141,1789,0.515371716042482,0,0,166,210,15,2720,4,705,15,4
"1023","2020-06-06",46,12,66,130,1789,0.515371716042482,0,0,166,210,20,2740,4,709,19,4
"1024","2020-06-07",46,12,62,132,1789,0.515371716042482,0,0,166,210,15,2755,4,713,15,4
"1025","2020-03-16",1,13,16,28,1840,0.85,0,0,139,199,7,51,3,21,2,3
"1026","2020-03-17",3,13,14,32,1840,0.85,0,0,139,199,10,61,NA,NA,4,NA
"1027","2020-03-18",3,13,14,37,1840,0.85,0,0,139,199,12,73,1,22,8,1
"1028","2020-03-19",6,13,14,47,1840,0.85,0,0,139,199,10,83,7,29,6,7
"1029","2020-03-20",9,13,24,53,1840,0.85,0,0,139,199,12,95,3,32,8,3
"1030","2020-03-21",14,13,25,65,1840,0.85,0,0,139,199,12,107,7,39,5,7
"1031","2020-03-22",17,13,39,70,1840,0.85,0,0,139,199,16,123,1,40,11,1
"1032","2020-03-23",19,13,40,72,1840,0.85,0,0,139,199,17,140,4,44,10,4
"1033","2020-03-24",17,13,37,84,1840,0.85,0,0,139,199,25,165,7,51,14,7
"1034","2020-03-25",22,13,48,90,1840,0.85,0,0,139,199,23,188,8,59,18,8
"1035","2020-03-26",22,13,44,92,1840,0.85,0,0,139,199,15,203,10,69,6,10
"1036","2020-03-27",24,13,51,106,1840,0.85,0,0,139,199,14,217,1,70,10,1
"1037","2020-03-28",22,13,47,107,1840,0.85,0,0,139,199,20,237,5,75,12,5
"1038","2020-03-29",22,13,56,116,1840,0.85,0,0,139,199,16,253,9,84,13,9
"1039","2020-03-30",23,13,73,128,1840,0.85,0,0,139,199,24,277,5,89,9,5
"1040","2020-03-31",26,13,70,138,1840,0.85,0,0,139,199,22,299,4,93,11,4
"1041","2020-04-01",26,13,76,143,1840,0.85,0,0,139,199,19,318,3,96,14,3
"1042","2020-04-02",29,13,72,145,1840,0.85,0,0,139,199,16,334,7,103,13,7
"1043","2020-04-03",30,13,68,146,1840,0.85,0,0,139,199,34,368,3,106,18,3
"1044","2020-04-04",31,13,70,153,1840,0.85,0,0,139,199,20,388,NA,NA,12,NA
"1045","2020-04-05",33,13,69,164,1840,0.85,0,0,139,199,19,407,6,112,12,6
"1046","2020-04-06",34,13,70,180,1840,0.85,0,0,139,199,22,429,6,118,17,6
"1047","2020-04-07",39,13,67,184,1840,0.85,0,0,139,199,22,451,11,129,16,11
"1048","2020-04-08",39,13,65,190,1840,0.85,0,0,139,199,28,479,9,138,19,9
"1049","2020-04-09",41,13,64,206,1840,0.85,0,0,139,199,18,497,6,144,11,6
"1050","2020-04-10",45,13,65,223,1840,0.85,0,0,139,199,21,518,1,145,16,1
"1051","2020-04-11",55,13,64,241,1840,0.85,0,0,139,199,30,548,1,146,20,1
"1052","2020-04-12",53,13,62,237,1840,0.85,0,0,139,199,41,589,3,149,30,3
"1053","2020-04-13",58,13,72,253,1840,0.85,0,0,139,199,26,615,7,156,17,7
"1054","2020-04-14",61,13,85,254,1840,0.85,0,0,139,199,34,649,13,169,25,13
"1055","2020-04-15",66,13,80,254,1840,0.85,0,0,139,199,30,679,15,184,23,15
"1056","2020-04-16",73,13,75,271,1840,0.85,0,0,139,199,39,718,12,196,27,12
"1057","2020-04-17",69,13,72,277,1840,0.85,0,0,139,199,23,741,7,203,17,7
"1058","2020-04-18",66,13,71,297,1840,0.85,0,0,139,199,37,778,14,217,33,14
"1059","2020-04-19",74,13,79,313,1840,0.85,0,0,139,199,29,807,8,225,20,8
"1060","2020-04-20",77,13,82,323,1840,0.85,0,0,139,199,36,843,15,240,25,15
"1061","2020-04-21",83,13,80,333,1840,0.85,0,0,139,199,20,863,5,245,15,5
"1062","2020-04-22",85,13,70,337,1840,0.85,0,0,139,199,32,895,10,255,24,10
"1063","2020-04-23",84,13,66,343,1840,0.85,0,0,139,199,36,931,4,259,28,4
"1064","2020-04-24",94,13,60,354,1840,0.85,0,0,139,199,30,961,7,266,18,7
"1065","2020-04-25",103,13,56,358,1840,0.85,0,0,139,199,20,981,11,277,16,11
"1066","2020-04-26",106,13,67,372,1840,0.85,0,0,139,199,26,1007,8,285,20,8
"1067","2020-04-27",111,13,68,368,1840,0.85,0,0,139,199,30,1037,3,288,18,3
"1068","2020-04-28",108,13,69,366,1840,0.85,0,0,139,199,31,1068,9,297,23,9
"1069","2020-04-29",115,13,71,367,1840,0.85,0,0,139,199,31,1099,7,304,22,7
"1070","2020-04-30",117,13,78,360,1840,0.85,0,0,139,199,33,1132,5,309,21,5
"1071","2020-05-01",122,13,78,346,1840,0.85,0,0,139,199,36,1168,5,314,30,5
"1072","2020-05-02",113,13,81,344,1840,0.85,0,0,139,199,30,1198,6,320,24,6
"1073","2020-05-03",110,13,75,325,1840,0.85,0,0,139,199,40,1238,11,331,31,11
"1074","2020-05-04",104,13,66,323,1840,0.85,0,0,139,199,34,1272,7,338,26,7
"1075","2020-05-05",102,13,71,320,1840,0.85,0,0,139,199,31,1303,7,345,22,7
"1076","2020-05-06",98,13,71,320,1840,0.85,0,0,139,199,27,1330,7,352,20,7
"1077","2020-05-07",94,13,83,312,1840,0.85,0,0,139,199,34,1364,10,362,27,10
"1078","2020-05-08",92,13,83,320,1840,0.85,0,0,139,199,27,1391,12,374,24,12
"1079","2020-05-09",89,13,81,315,1840,0.85,0,0,139,199,25,1416,10,384,14,10
"1080","2020-05-10",91,13,80,315,1840,0.85,0,0,139,199,20,1436,13,397,13,13
"1081","2020-05-11",93,13,78,317,1840,0.85,0,0,139,199,23,1459,14,411,16,14
"1082","2020-05-12",96,13,81,310,1840,0.85,0,0,139,199,23,1482,11,422,15,11
"1083","2020-05-13",91,13,88,314,1840,0.85,0,0,139,199,23,1505,8,430,19,8
"1084","2020-05-14",89,13,90,305,1840,0.85,0,0,139,199,25,1530,11,441,19,11
"1085","2020-05-15",80,13,93,303,1840,0.85,0,0,139,199,26,1556,7,448,18,7
"1086","2020-05-16",90,13,98,306,1840,0.85,0,0,139,199,27,1583,6,454,17,6
"1087","2020-05-17",90,13,88,293,1840,0.85,0,0,139,199,23,1606,7,461,15,7
"1088","2020-05-18",88,13,95,279,1840,0.85,0,0,139,199,17,1623,6,467,8,6
"1089","2020-05-19",86,13,86,268,1840,0.85,0,0,139,199,18,1641,12,479,13,12
"1090","2020-05-20",90,13,87,270,1840,0.85,0,0,139,199,20,1661,6,485,12,6
"1091","2020-05-21",94,13,85,264,1840,0.85,0,0,139,199,17,1678,4,489,12,4
"1092","2020-05-22",93,13,81,241,1840,0.85,0,0,139,199,14,1692,5,494,9,5
"1093","2020-05-23",84,13,73,234,1840,0.85,0,0,139,199,13,1705,6,500,11,6
"1094","2020-05-24",78,13,75,212,1840,0.85,0,0,139,199,18,1723,10,510,12,10
"1095","2020-05-25",72,13,69,202,1840,0.85,0,0,139,199,15,1738,11,521,9,11
"1096","2020-05-26",65,13,74,203,1840,0.85,0,0,139,199,18,1756,4,525,17,4
"1097","2020-05-27",62,13,80,198,1840,0.85,0,0,139,199,13,1769,9,534,8,9
"1098","2020-05-28",55,13,86,187,1840,0.85,0,0,139,199,8,1777,6,540,5,6
"1099","2020-05-29",51,13,84,175,1840,0.85,0,0,139,199,12,1789,13,553,12,13
"1100","2020-05-30",52,13,83,176,1840,0.85,0,0,139,199,16,1805,6,559,11,6
"1101","2020-05-31",55,13,89,175,1840,0.85,0,0,139,199,18,1823,5,564,11,5
"1102","2020-06-01",52,13,96,166,1840,0.85,0,0,139,199,10,1833,2,566,6,2
"1103","2020-06-02",52,13,88,169,1840,0.85,0,0,139,199,11,1844,4,570,6,4
"1104","2020-06-03",50,13,85,172,1840,0.85,0,0,139,199,14,1858,6,576,12,6
"1105","2020-06-04",50,13,87,166,1840,0.85,0,0,139,199,8,1866,4,580,5,4
"1106","2020-06-05",55,13,91,167,1840,0.85,0,0,139,199,13,1879,2,582,10,2
"1107","2020-06-06",48,13,81,166,1840,0.85,0,0,139,199,5,1884,3,585,2,3
"1108","2020-06-07",44,13,73,161,1840,0.85,0,0,139,199,9,1893,3,588,7,3
"1109","2020-03-15",1,14,19,28,5250,0.959238095238095,0,0,492,223,13,42,10,28,9,10
"1110","2020-03-16",4,14,29,41,5250,0.959238095238095,0,0,492,223,11,53,2,30,4,2
"1111","2020-03-17",4,14,36,49,5250,0.959238095238095,0,0,492,223,19,72,8,38,14,8
"1112","2020-03-18",4,14,39,65,5250,0.959238095238095,0,0,492,223,22,94,5,43,18,5
"1113","2020-03-19",5,14,46,82,5250,0.959238095238095,0,0,492,223,24,118,4,47,15,4
"1114","2020-03-20",11,14,51,102,5250,0.959238095238095,0,0,492,223,28,146,4,51,24,4
"1115","2020-03-21",12,14,48,122,5250,0.959238095238095,0,0,492,223,31,177,9,60,29,9
"1116","2020-03-22",17,14,48,143,5250,0.959238095238095,0,0,492,223,37,214,3,63,29,3
"1117","2020-03-23",22,14,39,160,5250,0.959238095238095,0,0,492,223,56,270,3,66,46,3
"1118","2020-03-24",28,14,41,186,5250,0.959238095238095,0,0,492,223,27,297,3,69,24,3
"1119","2020-03-25",32,14,41,204,5250,0.959238095238095,0,0,492,223,59,356,2,71,55,2
"1120","2020-03-26",34,14,40,233,5250,0.959238095238095,0,0,492,223,47,403,7,78,39,7
"1121","2020-03-27",44,14,45,260,5250,0.959238095238095,0,0,492,223,54,457,5,83,52,5
"1122","2020-03-28",55,14,55,290,5250,0.959238095238095,0,0,492,223,43,500,4,87,38,4
"1123","2020-03-29",58,14,57,323,5250,0.959238095238095,0,0,492,223,61,561,NA,NA,54,NA
"1124","2020-03-30",63,14,52,353,5250,0.959238095238095,0,0,492,223,85,646,2,89,80,2
"1125","2020-03-31",71,14,58,387,5250,0.959238095238095,0,0,492,223,59,705,11,100,51,11
"1126","2020-04-01",83,14,61,437,5250,0.959238095238095,0,0,492,223,91,796,11,111,84,11
"1127","2020-04-02",93,14,59,473,5250,0.959238095238095,0,0,492,223,89,885,10,121,85,10
"1128","2020-04-03",94,14,51,517,5250,0.959238095238095,0,0,492,223,118,1003,5,126,108,5
"1129","2020-04-04",101,14,42,545,5250,0.959238095238095,0,0,492,223,87,1090,12,138,83,12
"1130","2020-04-05",117,14,52,614,5250,0.959238095238095,0,0,492,223,101,1191,13,151,94,13
"1131","2020-04-06",127,14,44,668,5250,0.959238095238095,0,0,492,223,143,1334,13,164,139,13
"1132","2020-04-07",134,14,46,713,5250,0.959238095238095,0,0,492,223,126,1460,14,178,123,14
"1133","2020-04-08",149,14,47,769,5250,0.959238095238095,0,0,492,223,152,1612,27,205,145,27
"1134","2020-04-09",163,14,43,814,5250,0.959238095238095,0,0,492,223,162,1774,20,225,157,20
"1135","2020-04-10",181,14,46,867,5250,0.959238095238095,0,0,492,223,194,1968,22,247,188,22
"1136","2020-04-11",197,14,49,945,5250,0.959238095238095,0,0,492,223,168,2136,23,270,167,23
"1137","2020-04-12",210,14,58,1015,5250,0.959238095238095,0,0,492,223,194,2330,19,289,185,19
"1138","2020-04-13",222,14,64,1068,5250,0.959238095238095,0,0,492,223,207,2537,21,310,204,21
"1139","2020-04-14",239,14,69,1144,5250,0.959238095238095,0,0,492,223,220,2757,11,321,214,11
"1140","2020-04-15",255,14,73,1188,5250,0.959238095238095,0,0,492,223,225,2982,13,334,222,13
"1141","2020-04-16",271,14,80,1240,5250,0.959238095238095,0,0,492,223,252,3234,10,344,248,10
"1142","2020-04-17",281,14,86,1283,5250,0.959238095238095,0,0,492,223,237,3471,17,361,235,17
"1143","2020-04-18",300,14,91,1324,5250,0.959238095238095,0,0,492,223,244,3715,12,373,239,12
"1144","2020-04-19",316,14,100,1341,5250,0.959238095238095,0,0,492,223,244,3959,21,394,240,21
"1145","2020-04-20",345,14,93,1367,5250,0.959238095238095,0,0,492,223,271,4230,30,424,262,30
"1146","2020-04-21",354,14,84,1455,5250,0.959238095238095,0,0,492,223,256,4486,15,439,251,15
"1147","2020-04-22",354,14,77,1456,5250,0.959238095238095,0,0,492,223,236,4722,12,451,232,12
"1148","2020-04-23",377,14,74,1462,5250,0.959238095238095,0,0,492,223,210,4932,12,463,205,12
"1149","2020-04-24",396,14,80,1497,5250,0.959238095238095,0,0,492,223,182,5114,14,477,181,14
"1150","2020-04-25",406,14,78,1493,5250,0.959238095238095,0,0,492,223,167,5281,8,485,164,8
"1151","2020-04-26",417,14,77,1447,5250,0.959238095238095,0,0,492,223,162,5443,15,500,161,15
"1152","2020-04-27",413,14,66,1410,5250,0.959238095238095,0,0,492,223,133,5576,5,505,130,5
"1153","2020-04-28",416,14,64,1372,5250,0.959238095238095,0,0,492,223,138,5714,7,512,134,7
"1154","2020-04-29",431,14,64,1338,5250,0.959238095238095,0,0,492,223,108,5822,7,519,107,7
"1155","2020-04-30",433,14,59,1265,5250,0.959238095238095,0,0,492,223,92,5914,9,528,91,9
"1156","2020-05-01",423,14,54,1233,5250,0.959238095238095,0,0,492,223,107,6021,7,535,105,7
"1157","2020-05-02",404,14,72,1166,5250,0.959238095238095,0,0,492,223,86,6107,21,556,85,21
"1158","2020-05-03",386,14,64,1114,5250,0.959238095238095,0,0,492,223,67,6174,8,564,67,8
"1159","2020-05-04",378,14,58,1085,5250,0.959238095238095,0,0,492,223,68,6242,8,572,66,8
"1160","2020-05-05",377,14,57,1013,5250,0.959238095238095,0,0,492,223,50,6292,7,579,49,7
"1161","2020-05-06",356,14,63,965,5250,0.959238095238095,0,0,492,223,52,6344,1,580,51,1
"1162","2020-05-07",314,14,68,915,5250,0.959238095238095,0,0,492,223,34,6378,7,587,33,7
"1163","2020-05-08",301,14,84,870,5250,0.959238095238095,0,0,492,223,33,6411,22,609,31,22
"1164","2020-05-09",298,14,82,825,5250,0.959238095238095,0,0,492,223,19,6430,15,624,18,15
"1165","2020-05-10",286,14,72,793,5250,0.959238095238095,0,0,492,223,33,6463,9,633,31,9
"1166","2020-05-11",267,14,72,745,5250,0.959238095238095,0,0,492,223,21,6484,7,640,19,7
"1167","2020-05-12",260,14,69,690,5250,0.959238095238095,0,0,492,223,10,6494,10,650,9,10
"1168","2020-05-13",251,14,77,672,5250,0.959238095238095,0,0,492,223,19,6513,10,660,17,10
"1169","2020-05-14",266,14,77,635,5250,0.959238095238095,0,0,492,223,16,6529,5,665,16,5
"1170","2020-05-15",241,14,73,609,5250,0.959238095238095,0,0,492,223,10,6539,15,680,9,15
"1171","2020-05-16",219,14,75,556,5250,0.959238095238095,0,0,492,223,8,6547,20,700,8,20
"1172","2020-05-17",209,14,71,539,5250,0.959238095238095,0,0,492,223,10,6557,7,707,9,7
"1173","2020-05-18",196,14,71,505,5250,0.959238095238095,0,0,492,223,8,6565,5,712,8,5
"1174","2020-05-19",174,14,74,463,5250,0.959238095238095,0,0,492,223,10,6575,1,713,8,1
"1175","2020-05-20",155,14,66,429,5250,0.959238095238095,0,0,492,223,5,6580,2,715,2,2
"1176","2020-05-21",124,14,73,413,5250,0.959238095238095,0,0,492,223,4,6584,4,719,3,4
"1177","2020-05-22",129,14,73,371,5250,0.959238095238095,0,0,492,223,7,6591,8,727,6,8
"1178","2020-05-23",125,14,73,331,5250,0.959238095238095,0,0,492,223,6,6597,6,733,4,6
"1179","2020-05-24",117,14,71,315,5250,0.959238095238095,0,0,492,223,6,6603,6,739,6,6
"1180","2020-05-25",112,14,72,300,5250,0.959238095238095,0,0,492,223,4,6607,12,751,4,12
"1181","2020-05-26",105,14,71,280,5250,0.959238095238095,0,0,492,223,6,6613,7,758,5,7
"1182","2020-05-27",100,14,71,253,5250,0.959238095238095,0,0,492,223,5,6618,7,765,3,7
"1183","2020-05-28",106,14,74,236,5250,0.959238095238095,0,0,492,223,5,6623,9,774,4,9
"1184","2020-05-29",98,14,74,209,5250,0.959238095238095,0,0,492,223,1,6624,4,778,1,4
"1185","2020-05-30",92,14,77,197,5250,0.959238095238095,0,0,492,223,5,6629,11,789,5,11
"1186","2020-05-31",89,14,78,198,5250,0.959238095238095,0,0,492,223,5,6634,7,796,4,7
"1187","2020-06-01",80,14,79,184,5250,0.959238095238095,0,0,492,223,4,6638,8,804,3,8
"1188","2020-06-02",70,14,67,170,5250,0.959238095238095,0,0,492,223,1,6639,15,819,NA,15
"1189","2020-06-03",70,14,60,164,5250,0.959238095238095,0,0,492,223,2,6641,8,827,2,8
"1190","2020-06-04",63,14,52,151,5250,0.959238095238095,0,0,492,223,2,6643,6,833,2,6
"1191","2020-06-05",55,14,53,146,5250,0.959238095238095,0,0,492,223,3,6646,6,839,3,6
"1192","2020-06-06",51,14,53,137,5250,0.959238095238095,0,0,492,223,NA,NA,4,843,NA,4
"1193","2020-06-07",43,14,53,126,5250,0.959238095238095,0,0,492,223,3,6649,4,847,3,4
"1194","2020-03-14",1,15,64,84,7514,0.926137875964866,0,0,638,371,15,43,4,7,5,4
"1195","2020-03-15",6,15,60,116,7514,0.926137875964866,0,0,638,371,15,58,4,11,3,4
"1196","2020-03-16",9,15,63,151,7514,0.926137875964866,0,0,638,371,12,70,4,15,3,4
"1197","2020-03-17",15,15,59,192,7514,0.926137875964866,0,0,638,371,18,88,3,18,6,3
"1198","2020-03-18",23,15,66,224,7514,0.926137875964866,0,0,638,371,19,107,3,21,6,3
"1199","2020-03-19",37,15,61,278,7514,0.926137875964866,0,0,638,371,21,128,6,27,7,6
"1200","2020-03-20",52,15,71,314,7514,0.926137875964866,0,0,638,371,32,160,4,31,17,4
"1201","2020-03-21",68,15,62,367,7514,0.926137875964866,0,0,638,371,16,176,3,34,10,3
"1202","2020-03-22",77,15,58,422,7514,0.926137875964866,0,0,638,371,29,205,2,36,17,2
"1203","2020-03-23",88,15,55,483,7514,0.926137875964866,0,0,638,371,22,227,8,44,9,8
"1204","2020-03-24",95,15,48,575,7514,0.926137875964866,0,0,638,371,26,253,5,49,12,5
"1205","2020-03-25",113,15,50,667,7514,0.926137875964866,0,0,638,371,23,276,7,56,10,7
"1206","2020-03-26",117,15,51,767,7514,0.926137875964866,0,0,638,371,25,301,4,60,17,4
"1207","2020-03-27",131,15,53,831,7514,0.926137875964866,0,0,638,371,26,327,8,68,13,8
"1208","2020-03-28",140,15,57,938,7514,0.926137875964866,0,0,638,371,20,347,13,81,7,13
"1209","2020-03-29",161,15,60,1083,7514,0.926137875964866,0,0,638,371,17,364,9,90,5,9
"1210","2020-03-30",188,15,67,1198,7514,0.926137875964866,0,0,638,371,23,387,3,93,14,3
"1211","2020-03-31",210,15,86,1372,7514,0.926137875964866,0,0,638,371,17,404,6,99,2,6
"1212","2020-04-01",243,15,91,1523,7514,0.926137875964866,0,0,638,371,30,434,3,102,15,3
"1213","2020-04-02",283,15,101,1743,7514,0.926137875964866,0,0,638,371,24,458,NA,NA,10,NA
"1214","2020-04-03",313,15,99,2056,7514,0.926137875964866,0,0,638,371,23,481,8,110,12,8
"1215","2020-04-04",351,15,118,2317,7514,0.926137875964866,0,0,638,371,25,506,3,113,10,3
"1216","2020-04-05",388,15,124,2539,7514,0.926137875964866,0,0,638,371,24,530,8,121,10,8
"1217","2020-04-06",454,15,112,2838,7514,0.926137875964866,0,0,638,371,26,556,4,125,10,4
"1218","2020-04-07",529,15,105,3052,7514,0.926137875964866,0,0,638,371,37,593,8,133,16,8
"1219","2020-04-08",570,15,110,3271,7514,0.926137875964866,0,0,638,371,25,618,15,148,11,15
"1220","2020-04-09",641,15,111,3365,7514,0.926137875964866,0,0,638,371,31,649,14,162,18,14
"1221","2020-04-10",732,15,123,3395,7514,0.926137875964866,0,0,638,371,17,666,9,171,8,9
"1222","2020-04-11",820,15,125,3466,7514,0.926137875964866,0,0,638,371,26,692,7,178,12,7
"1223","2020-04-12",899,15,130,3469,7514,0.926137875964866,0,0,638,371,27,719,13,191,10,13
"1224","2020-04-13",936,15,128,3391,7514,0.926137875964866,0,0,638,371,19,738,12,203,7,12
"1225","2020-04-14",968,15,120,3334,7514,0.926137875964866,0,0,638,371,18,756,7,210,7,7
"1226","2020-04-15",1023,15,125,3118,7514,0.926137875964866,0,0,638,371,26,782,4,214,10,4
"1227","2020-04-16",1021,15,149,2971,7514,0.926137875964866,0,0,638,371,36,818,11,225,12,11
"1228","2020-04-17",997,15,139,2764,7514,0.926137875964866,0,0,638,371,31,849,8,233,18,8
"1229","2020-04-18",952,15,116,2549,7514,0.926137875964866,0,0,638,371,28,877,4,237,10,4
"1230","2020-04-19",903,15,98,2337,7514,0.926137875964866,0,0,638,371,21,898,NA,NA,11,NA
"1231","2020-04-20",840,15,98,2048,7514,0.926137875964866,0,0,638,371,27,925,5,242,15,5
"1232","2020-04-21",789,15,93,1773,7514,0.926137875964866,0,0,638,371,36,961,5,247,14,5
"1233","2020-04-22",702,15,82,1543,7514,0.926137875964866,0,0,638,371,24,985,8,255,7,8
"1234","2020-04-23",650,15,83,1356,7514,0.926137875964866,0,0,638,371,32,1017,3,258,17,3
"1235","2020-04-24",579,15,80,1196,7514,0.926137875964866,0,0,638,371,29,1046,5,263,12,5
"1236","2020-04-25",511,15,109,1049,7514,0.926137875964866,0,0,638,371,29,1075,3,266,15,3
"1237","2020-04-26",442,15,113,897,7514,0.926137875964866,0,0,638,371,30,1105,2,268,17,2
"1238","2020-04-27",395,15,123,736,7514,0.926137875964866,0,0,638,371,26,1131,6,274,17,6
"1239","2020-04-28",332,15,139,639,7514,0.926137875964866,0,0,638,371,28,1159,11,285,15,11
"1240","2020-04-29",291,15,143,547,7514,0.926137875964866,0,0,638,371,21,1180,10,295,12,10
"1241","2020-04-30",234,15,159,467,7514,0.926137875964866,0,0,638,371,24,1204,10,305,8,10
"1242","2020-05-01",197,15,136,401,7514,0.926137875964866,0,0,638,371,30,1234,9,314,9,9
"1243","2020-05-02",173,15,121,335,7514,0.926137875964866,0,0,638,371,29,1263,12,326,15,12
"1244","2020-05-03",155,15,128,291,7514,0.926137875964866,0,0,638,371,35,1298,12,338,21,12
"1245","2020-05-04",137,15,130,265,7514,0.926137875964866,0,0,638,371,31,1329,5,343,15,5
"1246","2020-05-05",122,15,142,235,7514,0.926137875964866,0,0,638,371,24,1353,12,355,10,12
"1247","2020-05-06",108,15,143,211,7514,0.926137875964866,0,0,638,371,31,1384,9,364,14,9
"1248","2020-05-07",98,15,129,179,7514,0.926137875964866,0,0,638,371,23,1407,6,370,14,6
"1249","2020-05-08",88,15,107,160,7514,0.926137875964866,0,0,638,371,26,1433,16,386,15,16
"1250","2020-05-09",78,15,112,141,7514,0.926137875964866,0,0,638,371,31,1464,13,399,17,13
"1251","2020-05-10",67,15,122,121,7514,0.926137875964866,0,0,638,371,23,1487,6,405,13,6
"1252","2020-05-11",53,15,130,106,7514,0.926137875964866,0,0,638,371,25,1512,8,413,15,8
"1253","2020-05-12",45,15,135,93,7514,0.926137875964866,0,0,638,371,26,1538,16,429,15,16
"1254","2020-05-13",37,15,128,83,7514,0.926137875964866,0,0,638,371,31,1569,19,448,20,19
"1255","2020-05-14",31,15,123,70,7514,0.926137875964866,0,0,638,371,28,1597,6,454,20,6
"1256","2020-05-15",30,15,129,54,7514,0.926137875964866,0,0,638,371,20,1617,7,461,14,7
"1257","2020-05-16",27,15,129,48,7514,0.926137875964866,0,0,638,371,16,1633,3,464,6,3
"1258","2020-05-17",24,15,115,47,7514,0.926137875964866,0,0,638,371,22,1655,7,471,13,7
"1259","2020-05-18",23,15,106,45,7514,0.926137875964866,0,0,638,371,23,1678,7,478,12,7
"1260","2020-05-19",20,15,117,40,7514,0.926137875964866,0,0,638,371,18,1696,6,484,10,6
"1261","2020-05-20",15,15,125,33,7514,0.926137875964866,0,0,638,371,24,1720,5,489,11,5
"1262","2020-05-21",13,15,132,38,7514,0.926137875964866,0,0,638,371,24,1744,4,493,11,4
"1263","2020-05-22",7,15,131,43,7514,0.926137875964866,0,0,638,371,17,1761,2,495,9,2
"1264","2020-05-23",8,15,119,40,7514,0.926137875964866,0,0,638,371,20,1781,3,498,13,3
"1265","2020-05-24",8,15,120,37,7514,0.926137875964866,0,0,638,371,27,1808,7,505,14,7
"1266","2020-05-25",7,15,116,36,7514,0.926137875964866,0,0,638,371,29,1837,7,512,20,7
"1267","2020-05-26",5,15,108,37,7514,0.926137875964866,0,0,638,371,12,1849,5,517,5,5
"1268","2020-05-27",5,15,104,39,7514,0.926137875964866,0,0,638,371,21,1870,5,522,6,5
"1269","2020-05-28",7,15,106,40,7514,0.926137875964866,0,0,638,371,17,1887,5,527,11,5
"1270","2020-05-29",6,15,97,39,7514,0.926137875964866,0,0,638,371,24,1911,5,532,16,5
"1271","2020-05-30",7,15,94,38,7514,0.926137875964866,0,0,638,371,8,1919,4,536,3,4
"1272","2020-05-31",12,15,91,35,7514,0.926137875964866,0,0,638,371,11,1930,3,539,9,3
"1273","2020-06-01",15,15,80,33,7514,0.926137875964866,0,0,638,371,14,1944,6,545,10,6
"1274","2020-06-02",16,15,73,29,7514,0.926137875964866,0,0,638,371,15,1959,7,552,8,7
"1275","2020-06-03",17,15,63,29,7514,0.926137875964866,0,0,638,371,16,1975,2,554,9,2
"1276","2020-06-04",16,15,55,23,7514,0.926137875964866,0,0,638,371,15,1990,3,557,9,3
"1277","2020-06-05",16,15,57,18,7514,0.926137875964866,0,0,638,371,15,2005,5,562,12,5
"1278","2020-06-06",13,15,62,19,7514,0.926137875964866,0,0,638,371,17,2022,NA,NA,11,NA
"1279","2020-06-07",7,15,66,18,7514,0.926137875964866,0,0,638,371,14,2036,NA,NA,11,NA
"1280","2020-03-14",1,16,11,20,2428,0.852965403624382,0,0,204,243,8,31,6,26,2,6
"1281","2020-03-15",3,16,22,27,2428,0.852965403624382,0,0,204,243,19,50,5,31,8,5
"1282","2020-03-16",4,16,30,36,2428,0.852965403624382,0,0,204,243,8,58,14,45,3,14
"1283","2020-03-17",5,16,24,40,2428,0.852965403624382,0,0,204,243,22,80,12,57,7,12
"1284","2020-03-18",8,16,25,52,2428,0.852965403624382,0,0,204,243,13,93,12,69,4,12
"1285","2020-03-19",9,16,30,56,2428,0.852965403624382,0,0,204,243,18,111,7,76,11,7
"1286","2020-03-20",10,16,39,67,2428,0.852965403624382,0,0,204,243,25,136,18,94,16,18
"1287","2020-03-21",12,16,38,80,2428,0.852965403624382,0,0,204,243,22,158,15,109,16,15
"1288","2020-03-22",11,16,39,89,2428,0.852965403624382,0,0,204,243,16,174,14,123,12,14
"1289","2020-03-23",14,16,40,99,2428,0.852965403624382,0,0,204,243,26,200,21,144,15,21
"1290","2020-03-24",17,16,44,109,2428,0.852965403624382,0,0,204,243,18,218,18,162,10,18
"1291","2020-03-25",20,16,42,113,2428,0.852965403624382,0,0,204,243,24,242,22,184,13,22
"1292","2020-03-26",22,16,49,132,2428,0.852965403624382,0,0,204,243,30,272,31,215,18,31
"1293","2020-03-27",28,16,44,147,2428,0.852965403624382,0,0,204,243,27,299,24,239,16,24
"1294","2020-03-28",33,16,54,169,2428,0.852965403624382,0,0,204,243,21,320,31,270,12,31
"1295","2020-03-29",35,16,59,188,2428,0.852965403624382,0,0,204,243,27,347,32,302,20,32
"1296","2020-03-30",46,16,55,194,2428,0.852965403624382,0,0,204,243,16,363,26,328,10,26
"1297","2020-03-31",55,16,61,209,2428,0.852965403624382,0,0,204,243,31,394,28,356,24,28
"1298","2020-04-01",54,16,61,216,2428,0.852965403624382,0,0,204,243,20,414,30,386,12,30
"1299","2020-04-02",62,16,64,233,2428,0.852965403624382,0,0,204,243,27,441,38,424,14,38
"1300","2020-04-03",61,16,51,242,2428,0.852965403624382,0,0,204,243,25,466,32,456,17,32
"1301","2020-04-04",61,16,49,251,2428,0.852965403624382,0,0,204,243,27,493,24,480,14,24
"1302","2020-04-05",67,16,47,272,2428,0.852965403624382,0,0,204,243,34,527,18,498,21,18
"1303","2020-04-06",63,16,51,285,2428,0.852965403624382,0,0,204,243,29,556,24,522,16,24
"1304","2020-04-07",60,16,50,291,2428,0.852965403624382,0,0,204,243,30,586,38,560,18,38
"1305","2020-04-08",61,16,53,306,2428,0.852965403624382,0,0,204,243,34,620,27,587,27,27
"1306","2020-04-09",63,16,55,308,2428,0.852965403624382,0,0,204,243,22,642,28,615,11,28
"1307","2020-04-10",65,16,55,327,2428,0.852965403624382,0,0,204,243,42,684,22,637,32,22
"1308","2020-04-11",71,16,65,333,2428,0.852965403624382,0,0,204,243,17,701,29,666,13,29
"1309","2020-04-12",77,16,75,345,2428,0.852965403624382,0,0,204,243,31,732,29,695,21,29
"1310","2020-04-13",86,16,85,360,2428,0.852965403624382,0,0,204,243,32,764,25,720,22,25
"1311","2020-04-14",100,16,91,386,2428,0.852965403624382,0,0,204,243,29,793,20,740,16,20
"1312","2020-04-15",108,16,93,401,2428,0.852965403624382,0,0,204,243,35,828,33,773,21,33
"1313","2020-04-16",108,16,96,417,2428,0.852965403624382,0,0,204,243,26,854,45,818,15,45
"1314","2020-04-17",115,16,101,423,2428,0.852965403624382,0,0,204,243,15,869,31,849,9,31
"1315","2020-04-18",120,16,108,430,2428,0.852965403624382,0,0,204,243,24,893,51,900,14,51
"1316","2020-04-19",114,16,114,427,2428,0.852965403624382,0,0,204,243,26,919,36,936,15,36
"1317","2020-04-20",108,16,109,426,2428,0.852965403624382,0,0,204,243,21,940,33,969,13,33
"1318","2020-04-21",108,16,103,432,2428,0.852965403624382,0,0,204,243,24,964,37,1006,16,37
"1319","2020-04-22",109,16,101,423,2428,0.852965403624382,0,0,204,243,27,991,57,1063,16,57
"1320","2020-04-23",111,16,98,424,2428,0.852965403624382,0,0,204,243,21,1012,28,1091,15,28
"1321","2020-04-24",124,16,107,430,2428,0.852965403624382,0,0,204,243,27,1039,31,1122,12,31
"1322","2020-04-25",125,16,94,450,2428,0.852965403624382,0,0,204,243,27,1066,28,1150,17,28
"1323","2020-04-26",135,16,86,450,2428,0.852965403624382,0,0,204,243,35,1101,47,1197,23,47
"1324","2020-04-27",142,16,68,459,2428,0.852965403624382,0,0,204,243,33,1134,41,1238,18,41
"1325","2020-04-28",130,16,65,451,2428,0.852965403624382,0,0,204,243,27,1161,29,1267,18,29
"1326","2020-04-29",136,16,78,442,2428,0.852965403624382,0,0,204,243,30,1191,28,1295,17,28
"1327","2020-04-30",133,16,73,431,2428,0.852965403624382,0,0,204,243,27,1218,38,1333,16,38
"1328","2020-05-01",127,16,88,426,2428,0.852965403624382,0,0,204,243,30,1248,37,1370,20,37
"1329","2020-05-02",124,16,80,423,2428,0.852965403624382,0,0,204,243,25,1273,49,1419,12,49
"1330","2020-05-03",124,16,91,415,2428,0.852965403624382,0,0,204,243,27,1300,55,1474,12,55
"1331","2020-05-04",118,16,98,414,2428,0.852965403624382,0,0,204,243,31,1331,34,1508,15,34
"1332","2020-05-05",122,16,92,422,2428,0.852965403624382,0,0,204,243,25,1356,33,1541,15,33
"1333","2020-05-06",123,16,92,404,2428,0.852965403624382,0,0,204,243,32,1388,42,1583,20,42
"1334","2020-05-07",127,16,89,395,2428,0.852965403624382,0,0,204,243,33,1421,38,1621,19,38
"1335","2020-05-08",122,16,97,389,2428,0.852965403624382,0,0,204,243,24,1445,51,1672,11,51
"1336","2020-05-09",118,16,112,372,2428,0.852965403624382,0,0,204,243,25,1470,45,1717,13,45
"1337","2020-05-10",117,16,106,361,2428,0.852965403624382,0,0,204,243,26,1496,55,1772,19,55
"1338","2020-05-11",115,16,112,356,2428,0.852965403624382,0,0,204,243,32,1528,50,1822,22,50
"1339","2020-05-12",111,16,98,354,2428,0.852965403624382,0,0,204,243,25,1553,44,1866,14,44
"1340","2020-05-13",98,16,88,348,2428,0.852965403624382,0,0,204,243,17,1570,41,1907,12,41
"1341","2020-05-14",96,16,77,358,2428,0.852965403624382,0,0,204,243,26,1596,33,1940,21,33
"1342","2020-05-15",101,16,75,349,2428,0.852965403624382,0,0,204,243,31,1627,42,1982,17,42
"1343","2020-05-16",94,16,86,346,2428,0.852965403624382,0,0,204,243,20,1647,41,2023,9,41
"1344","2020-05-17",93,16,88,332,2428,0.852965403624382,0,0,204,243,18,1665,47,2070,9,47
"1345","2020-05-18",91,16,98,326,2428,0.852965403624382,0,0,204,243,16,1681,40,2110,10,40
"1346","2020-05-19",101,16,109,337,2428,0.852965403624382,0,0,204,243,24,1705,39,2149,16,39
"1347","2020-05-20",103,16,100,340,2428,0.852965403624382,0,0,204,243,20,1725,29,2178,11,29
"1348","2020-05-21",103,16,100,325,2428,0.852965403624382,0,0,204,243,15,1740,20,2198,8,20
"1349","2020-05-22",94,16,96,319,2428,0.852965403624382,0,0,204,243,28,1768,29,2227,15,29
"1350","2020-05-23",109,16,102,306,2428,0.852965403624382,0,0,204,243,25,1793,27,2254,16,27
"1351","2020-05-24",110,16,115,294,2428,0.852965403624382,0,0,204,243,14,1807,25,2279,11,25
"1352","2020-05-25",110,16,98,292,2428,0.852965403624382,0,0,204,243,10,1817,26,2305,5,26
"1353","2020-05-26",96,16,99,281,2428,0.852965403624382,0,0,204,243,13,1830,27,2332,8,27
"1354","2020-05-27",93,16,99,266,2428,0.852965403624382,0,0,204,243,19,1849,26,2358,8,26
"1355","2020-05-28",90,16,84,258,2428,0.852965403624382,0,0,204,243,14,1863,26,2384,8,26
"1356","2020-05-29",87,16,78,250,2428,0.852965403624382,0,0,204,243,17,1880,26,2410,10,26
"1357","2020-05-30",74,16,67,237,2428,0.852965403624382,0,0,204,243,21,1901,31,2441,15,31
"1358","2020-05-31",68,16,64,236,2428,0.852965403624382,0,0,204,243,15,1916,27,2468,9,27
"1359","2020-06-01",65,16,62,227,2428,0.852965403624382,0,0,204,243,21,1937,31,2499,15,31
"1360","2020-06-02",66,16,59,229,2428,0.852965403624382,0,0,204,243,12,1949,29,2528,8,29
"1361","2020-06-03",70,16,53,221,2428,0.852965403624382,0,0,204,243,17,1966,35,2563,11,35
"1362","2020-06-04",71,16,49,224,2428,0.852965403624382,0,0,204,243,16,1982,29,2592,11,29
"1363","2020-06-05",74,16,45,218,2428,0.852965403624382,0,0,204,243,8,1990,27,2619,3,27
"1364","2020-06-06",70,16,49,220,2428,0.852965403624382,0,0,204,243,13,2003,18,2637,10,18
"1365","2020-06-07",66,16,53,226,2428,0.852965403624382,0,0,204,243,13,2016,30,2667,11,30
"1366","2020-03-13",1,17,11,20,1967,0.663446873411286,0,0,173,247,1,5,5,8,1,5
"1367","2020-03-14",1,17,18,32,1967,0.663446873411286,0,0,173,247,6,11,3,11,3,3
"1368","2020-03-15",1,17,31,38,1967,0.663446873411286,0,0,173,247,3,14,5,16,3,5
"1369","2020-03-16",3,17,24,48,1967,0.663446873411286,0,0,173,247,10,24,7,23,5,7
"1370","2020-03-17",5,17,26,54,1967,0.663446873411286,0,0,173,247,10,34,6,29,7,6
"1371","2020-03-18",8,17,22,73,1967,0.663446873411286,0,0,173,247,7,41,4,33,5,4
"1372","2020-03-19",11,17,28,91,1967,0.663446873411286,0,0,173,247,14,55,7,40,12,7
"1373","2020-03-20",14,17,33,105,1967,0.663446873411286,0,0,173,247,15,70,5,45,13,5
"1374","2020-03-21",18,17,30,114,1967,0.663446873411286,0,0,173,247,25,95,3,48,24,3
"1375","2020-03-22",23,17,35,132,1967,0.663446873411286,0,0,173,247,21,116,13,61,20,13
"1376","2020-03-23",28,17,39,159,1967,0.663446873411286,0,0,173,247,17,133,11,72,15,11
"1377","2020-03-24",31,17,45,173,1967,0.663446873411286,0,0,173,247,29,162,6,78,29,6
"1378","2020-03-25",35,17,47,186,1967,0.663446873411286,0,0,173,247,39,201,12,90,33,12
"1379","2020-03-26",39,17,48,200,1967,0.663446873411286,0,0,173,247,43,244,13,103,40,13
"1380","2020-03-27",44,17,39,208,1967,0.663446873411286,0,0,173,247,57,301,7,110,55,7
"1381","2020-03-28",45,17,36,220,1967,0.663446873411286,0,0,173,247,47,348,5,115,45,5
"1382","2020-03-29",47,17,43,237,1967,0.663446873411286,0,0,173,247,56,404,11,126,56,11
"1383","2020-03-30",42,17,42,238,1967,0.663446873411286,0,0,173,247,83,487,16,142,80,16
"1384","2020-03-31",44,17,47,244,1967,0.663446873411286,0,0,173,247,97,584,10,152,96,10
"1385","2020-04-01",49,17,48,253,1967,0.663446873411286,0,0,173,247,74,658,19,171,70,19
"1386","2020-04-02",52,17,48,243,1967,0.663446873411286,0,0,173,247,115,773,30,201,114,30
"1387","2020-04-03",47,17,55,249,1967,0.663446873411286,0,0,173,247,127,900,12,213,126,12
"1388","2020-04-04",58,17,50,263,1967,0.663446873411286,0,0,173,247,133,1033,7,220,130,7
"1389","2020-04-05",61,17,51,260,1967,0.663446873411286,0,0,173,247,164,1197,21,241,161,21
"1390","2020-04-06",67,17,53,263,1967,0.663446873411286,0,0,173,247,178,1375,21,262,178,21
"1391","2020-04-07",71,17,56,266,1967,0.663446873411286,0,0,173,247,175,1550,19,281,170,19
"1392","2020-04-08",77,17,63,260,1967,0.663446873411286,0,0,173,247,259,1809,11,292,258,11
"1393","2020-04-09",79,17,56,253,1967,0.663446873411286,0,0,173,247,216,2025,10,302,214,10
"1394","2020-04-10",87,17,56,262,1967,0.663446873411286,0,0,173,247,271,2296,11,313,271,11
"1395","2020-04-11",82,17,53,264,1967,0.663446873411286,0,0,173,247,222,2518,10,323,222,10
"1396","2020-04-12",82,17,49,253,1967,0.663446873411286,0,0,173,247,270,2788,9,332,268,9
"1397","2020-04-13",82,17,40,251,1967,0.663446873411286,0,0,173,247,345,3133,11,343,342,11
"1398","2020-04-14",77,17,47,252,1967,0.663446873411286,0,0,173,247,248,3381,8,351,246,8
"1399","2020-04-15",71,17,62,246,1967,0.663446873411286,0,0,173,247,327,3708,13,364,323,13
"1400","2020-04-16",70,17,80,251,1967,0.663446873411286,0,0,173,247,203,3911,5,369,202,5
"1401","2020-04-17",74,17,80,256,1967,0.663446873411286,0,0,173,247,246,4157,8,377,244,8
"1402","2020-04-18",71,17,89,254,1967,0.663446873411286,0,0,173,247,281,4438,7,384,280,7
"1403","2020-04-19",69,17,79,253,1967,0.663446873411286,0,0,173,247,222,4660,23,407,222,23
"1404","2020-04-20",73,17,92,257,1967,0.663446873411286,0,0,173,247,246,4906,5,412,245,5
"1405","2020-04-21",78,17,75,257,1967,0.663446873411286,0,0,173,247,185,5091,22,434,185,22
"1406","2020-04-22",76,17,63,265,1967,0.663446873411286,0,0,173,247,236,5327,11,445,232,11
"1407","2020-04-23",75,17,62,271,1967,0.663446873411286,0,0,173,247,175,5502,15,460,174,15
"1408","2020-04-24",67,17,70,277,1967,0.663446873411286,0,0,173,247,127,5629,15,475,127,15
"1409","2020-04-25",70,17,73,279,1967,0.663446873411286,0,0,173,247,163,5792,9,484,162,9
"1410","2020-04-26",72,17,71,269,1967,0.663446873411286,0,0,173,247,112,5904,9,493,111,9
"1411","2020-04-27",71,17,68,276,1967,0.663446873411286,0,0,173,247,99,6003,6,499,98,6
"1412","2020-04-28",73,17,68,281,1967,0.663446873411286,0,0,173,247,121,6124,9,508,120,9
"1413","2020-04-29",79,17,81,292,1967,0.663446873411286,0,0,173,247,64,6188,7,515,64,7
"1414","2020-04-30",81,17,74,286,1967,0.663446873411286,0,0,173,247,58,6246,4,519,58,4
"1415","2020-05-01",82,17,69,279,1967,0.663446873411286,0,0,173,247,58,6304,10,529,58,10
"1416","2020-05-02",86,17,70,276,1967,0.663446873411286,0,0,173,247,51,6355,8,537,51,8
"1417","2020-05-03",88,17,84,285,1967,0.663446873411286,0,0,173,247,43,6398,5,542,43,5
"1418","2020-05-04",89,17,90,294,1967,0.663446873411286,0,0,173,247,22,6420,4,546,21,4
"1419","2020-05-05",86,17,82,306,1967,0.663446873411286,0,0,173,247,35,6455,19,565,35,19
"1420","2020-05-06",82,17,73,313,1967,0.663446873411286,0,0,173,247,31,6486,14,579,31,14
"1421","2020-05-07",89,17,58,306,1967,0.663446873411286,0,0,173,247,30,6516,17,596,30,17
"1422","2020-05-08",94,17,70,313,1967,0.663446873411286,0,0,173,247,28,6544,8,604,27,8
"1423","2020-05-09",91,17,68,309,1967,0.663446873411286,0,0,173,247,23,6567,25,629,23,25
"1424","2020-05-10",88,17,58,306,1967,0.663446873411286,0,0,173,247,14,6581,17,646,14,17
"1425","2020-05-11",87,17,75,308,1967,0.663446873411286,0,0,173,247,17,6598,10,656,16,10
"1426","2020-05-12",91,17,66,290,1967,0.663446873411286,0,0,173,247,11,6609,13,669,11,13
"1427","2020-05-13",91,17,67,290,1967,0.663446873411286,0,0,173,247,11,6620,22,691,11,22
"1428","2020-05-14",81,17,68,290,1967,0.663446873411286,0,0,173,247,13,6633,17,708,13,17
"1429","2020-05-15",78,17,69,282,1967,0.663446873411286,0,0,173,247,8,6641,19,727,7,19
"1430","2020-05-16",80,17,74,267,1967,0.663446873411286,0,0,173,247,6,6647,13,740,5,13
"1431","2020-05-17",81,17,63,272,1967,0.663446873411286,0,0,173,247,6,6653,22,762,6,22
"1432","2020-05-18",80,17,55,265,1967,0.663446873411286,0,0,173,247,2,6655,10,772,2,10
"1433","2020-05-19",74,17,53,261,1967,0.663446873411286,0,0,173,247,10,6665,3,775,10,3
"1434","2020-05-20",73,17,62,262,1967,0.663446873411286,0,0,173,247,2,6667,4,779,2,4
"1435","2020-05-21",73,17,62,263,1967,0.663446873411286,0,0,173,247,5,6672,7,786,3,7
"1436","2020-05-22",74,17,68,265,1967,0.663446873411286,0,0,173,247,1,6673,15,801,NA,15
"1437","2020-05-23",73,17,66,263,1967,0.663446873411286,0,0,173,247,3,6676,14,815,3,14
"1438","2020-05-24",74,17,69,261,1967,0.663446873411286,0,0,173,247,4,6680,6,821,4,6
"1439","2020-05-25",74,17,70,253,1967,0.663446873411286,0,0,173,247,4,6684,11,832,4,11
"1440","2020-05-26",76,17,67,240,1967,0.663446873411286,0,0,173,247,1,6685,9,841,1,9
"1441","2020-05-27",72,17,71,236,1967,0.663446873411286,0,0,173,247,1,6686,6,847,1,6
"1442","2020-05-28",67,17,75,227,1967,0.663446873411286,0,0,173,247,2,6688,5,852,2,5
"1443","2020-05-29",59,17,72,217,1967,0.663446873411286,0,0,173,247,NA,NA,7,859,NA,7
"1444","2020-05-30",57,17,67,212,1967,0.663446873411286,0,0,173,247,2,6690,7,866,1,7
"1445","2020-05-31",50,17,68,207,1967,0.663446873411286,0,0,173,247,2,6692,3,869,2,3
"1446","2020-06-01",42,17,65,198,1967,0.663446873411286,0,0,173,247,NA,NA,3,872,NA,3
"1447","2020-06-02",40,17,69,183,1967,0.663446873411286,0,0,173,247,1,6693,7,879,1,7
"1448","2020-06-03",38,17,68,181,1967,0.663446873411286,0,0,173,247,NA,NA,6,885,NA,6
"1449","2020-06-04",42,17,66,169,1967,0.663446873411286,0,0,173,247,NA,NA,9,894,NA,9
"1450","2020-06-05",49,17,72,156,1967,0.663446873411286,0,0,173,247,2,6695,9,903,2,9
"1451","2020-06-06",44,17,61,149,1967,0.663446873411286,0,0,173,247,1,6696,6,909,1,6
"1452","2020-06-07",42,17,65,140,1967,0.663446873411286,0,0,173,247,2,6698,8,917,2,8
"1453","2020-03-14",1,18,29,25,2442,0.869369369369369,0,0,220,328,NA,NA,8,27,NA,8
"1454","2020-03-15",4,18,37,35,2442,0.869369369369369,0,0,220,328,4,9,8,35,2,8
"1455","2020-03-16",6,18,35,44,2442,0.869369369369369,0,0,220,328,4,13,9,44,3,9
"1456","2020-03-17",7,18,37,55,2442,0.869369369369369,0,0,220,328,2,15,6,50,NA,6
"1457","2020-03-18",8,18,44,62,2442,0.869369369369369,0,0,220,328,4,19,10,60,2,10
"1458","2020-03-19",11,18,41,76,2442,0.869369369369369,0,0,220,328,3,22,5,65,2,5
"1459","2020-03-20",13,18,37,90,2442,0.869369369369369,0,0,220,328,3,25,2,67,2,2
"1460","2020-03-21",15,18,42,101,2442,0.869369369369369,0,0,220,328,9,34,4,71,6,4
"1461","2020-03-22",14,18,51,118,2442,0.869369369369369,0,0,220,328,1,35,15,86,1,15
"1462","2020-03-23",13,18,58,130,2442,0.869369369369369,0,0,220,328,9,44,9,95,6,9
"1463","2020-03-24",17,18,61,137,2442,0.869369369369369,0,0,220,328,6,50,10,105,5,10
"1464","2020-03-25",19,18,66,150,2442,0.869369369369369,0,0,220,328,3,53,10,115,3,10
"1465","2020-03-26",20,18,70,161,2442,0.869369369369369,0,0,220,328,8,61,8,123,4,8
"1466","2020-03-27",21,18,75,181,2442,0.869369369369369,0,0,220,328,11,72,5,128,9,5
"1467","2020-03-28",26,18,70,184,2442,0.869369369369369,0,0,220,328,13,85,5,133,11,5
"1468","2020-03-29",26,18,58,199,2442,0.869369369369369,0,0,220,328,14,99,6,139,10,6
"1469","2020-03-30",32,18,60,218,2442,0.869369369369369,0,0,220,328,11,110,3,142,8,3
"1470","2020-03-31",39,18,63,232,2442,0.869369369369369,0,0,220,328,11,121,4,146,9,4
"1471","2020-04-01",43,18,64,241,2442,0.869369369369369,0,0,220,328,12,133,7,153,11,7
"1472","2020-04-02",55,18,62,243,2442,0.869369369369369,0,0,220,328,18,151,13,166,16,13
"1473","2020-04-03",60,18,54,245,2442,0.869369369369369,0,0,220,328,13,164,17,183,9,17
"1474","2020-04-04",61,18,49,259,2442,0.869369369369369,0,0,220,328,16,180,10,193,11,10
"1475","2020-04-05",72,18,44,278,2442,0.869369369369369,0,0,220,328,14,194,12,205,11,12
"1476","2020-04-06",74,18,36,285,2442,0.869369369369369,0,0,220,328,19,213,10,215,17,10
"1477","2020-04-07",73,18,37,296,2442,0.869369369369369,0,0,220,328,12,225,17,232,9,17
"1478","2020-04-08",74,18,36,306,2442,0.869369369369369,0,0,220,328,16,241,24,256,15,24
"1479","2020-04-09",72,18,48,325,2442,0.869369369369369,0,0,220,328,10,251,19,275,9,19
"1480","2020-04-10",82,18,72,341,2442,0.869369369369369,0,0,220,328,22,273,11,286,21,11
"1481","2020-04-11",85,18,67,354,2442,0.869369369369369,0,0,220,328,26,299,6,292,24,6
"1482","2020-04-12",84,18,54,357,2442,0.869369369369369,0,0,220,328,15,314,14,306,14,14
"1483","2020-04-13",88,18,46,355,2442,0.869369369369369,0,0,220,328,23,337,6,312,18,6
"1484","2020-04-14",90,18,38,358,2442,0.869369369369369,0,0,220,328,23,360,5,317,22,5
"1485","2020-04-15",95,18,31,364,2442,0.869369369369369,0,0,220,328,31,391,10,327,28,10
"1486","2020-04-16",99,18,34,367,2442,0.869369369369369,0,0,220,328,37,428,9,336,36,9
"1487","2020-04-17",91,18,46,369,2442,0.869369369369369,0,0,220,328,16,444,7,343,15,7
"1488","2020-04-18",100,18,54,405,2442,0.869369369369369,0,0,220,328,24,468,10,353,19,10
"1489","2020-04-19",103,18,49,414,2442,0.869369369369369,0,0,220,328,21,489,6,359,20,6
"1490","2020-04-20",113,18,48,411,2442,0.869369369369369,0,0,220,328,27,516,6,365,23,6
"1491","2020-04-21",113,18,35,419,2442,0.869369369369369,0,0,220,328,20,536,15,380,15,15
"1492","2020-04-22",124,18,42,423,2442,0.869369369369369,0,0,220,328,30,566,12,392,28,12
"1493","2020-04-23",116,18,42,427,2442,0.869369369369369,0,0,220,328,17,583,9,401,16,9
"1494","2020-04-24",114,18,44,443,2442,0.869369369369369,0,0,220,328,35,618,7,408,32,7
"1495","2020-04-25",103,18,48,442,2442,0.869369369369369,0,0,220,328,36,654,13,421,32,13
"1496","2020-04-26",106,18,60,450,2442,0.869369369369369,0,0,220,328,27,681,14,435,25,14
"1497","2020-04-27",102,18,81,452,2442,0.869369369369369,0,0,220,328,25,706,9,444,19,9
"1498","2020-04-28",100,18,110,459,2442,0.869369369369369,0,0,220,328,34,740,10,454,31,10
"1499","2020-04-29",96,18,125,475,2442,0.869369369369369,0,0,220,328,26,766,5,459,22,5
"1500","2020-04-30",113,18,128,477,2442,0.869369369369369,0,0,220,328,27,793,5,464,23,5
"1501","2020-05-01",129,18,122,468,2442,0.869369369369369,0,0,220,328,30,823,8,472,28,8
"1502","2020-05-02",139,18,123,453,2442,0.869369369369369,0,0,220,328,29,852,10,482,25,10
"1503","2020-05-03",143,18,119,446,2442,0.869369369369369,0,0,220,328,44,896,14,496,39,14
"1504","2020-05-04",140,18,110,446,2442,0.869369369369369,0,0,220,328,34,930,9,505,31,9
"1505","2020-05-05",147,18,104,433,2442,0.869369369369369,0,0,220,328,33,963,20,525,33,20
"1506","2020-05-06",145,18,86,415,2442,0.869369369369369,0,0,220,328,31,994,14,539,28,14
"1507","2020-05-07",136,18,90,400,2442,0.869369369369369,0,0,220,328,24,1018,11,550,22,11
"1508","2020-05-08",133,18,78,388,2442,0.869369369369369,0,0,220,328,26,1044,13,563,23,13
"1509","2020-05-09",124,18,75,362,2442,0.869369369369369,0,0,220,328,27,1071,22,585,25,22
"1510","2020-05-10",111,18,70,361,2442,0.869369369369369,0,0,220,328,48,1119,20,605,42,20
"1511","2020-05-11",108,18,60,347,2442,0.869369369369369,0,0,220,328,33,1152,14,619,31,14
"1512","2020-05-12",101,18,55,333,2442,0.869369369369369,0,0,220,328,44,1196,8,627,43,8
"1513","2020-05-13",93,18,66,334,2442,0.869369369369369,0,0,220,328,25,1221,17,644,24,17
"1514","2020-05-14",90,18,73,331,2442,0.869369369369369,0,0,220,328,36,1257,11,655,33,11
"1515","2020-05-15",81,18,60,334,2442,0.869369369369369,0,0,220,328,31,1288,11,666,29,11
"1516","2020-05-16",82,18,55,321,2442,0.869369369369369,0,0,220,328,32,1320,16,682,32,16
"1517","2020-05-17",84,18,56,310,2442,0.869369369369369,0,0,220,328,23,1343,13,695,21,13
"1518","2020-05-18",88,18,70,316,2442,0.869369369369369,0,0,220,328,40,1383,12,707,38,12
"1519","2020-05-19",86,18,71,309,2442,0.869369369369369,0,0,220,328,25,1408,17,724,25,17
"1520","2020-05-20",81,18,68,305,2442,0.869369369369369,0,0,220,328,29,1437,15,739,29,15
"1521","2020-05-21",76,18,76,289,2442,0.869369369369369,0,0,220,328,36,1473,14,753,34,14
"1522","2020-05-22",82,18,84,290,2442,0.869369369369369,0,0,220,328,36,1509,19,772,31,19
"1523","2020-05-23",77,18,82,275,2442,0.869369369369369,0,0,220,328,24,1533,12,784,22,12
"1524","2020-05-24",78,18,66,278,2442,0.869369369369369,0,0,220,328,26,1559,15,799,24,15
"1525","2020-05-25",71,18,55,267,2442,0.869369369369369,0,0,220,328,21,1580,14,813,20,14
"1526","2020-05-26",73,18,40,252,2442,0.869369369369369,0,0,220,328,27,1607,16,829,27,16
"1527","2020-05-27",79,18,32,248,2442,0.869369369369369,0,0,220,328,24,1631,6,835,23,6
"1528","2020-05-28",85,18,34,248,2442,0.869369369369369,0,0,220,328,18,1649,11,846,17,11
"1529","2020-05-29",73,18,38,247,2442,0.869369369369369,0,0,220,328,32,1681,12,858,32,12
"1530","2020-05-30",83,18,35,251,2442,0.869369369369369,0,0,220,328,10,1691,6,864,10,6
"1531","2020-05-31",76,18,26,235,2442,0.869369369369369,0,0,220,328,27,1718,6,870,25,6
"1532","2020-06-01",77,18,40,230,2442,0.869369369369369,0,0,220,328,20,1738,7,877,20,7
"1533","2020-06-02",74,18,56,224,2442,0.869369369369369,0,0,220,328,26,1764,7,884,25,7
"1534","2020-06-03",68,18,44,218,2442,0.869369369369369,0,0,220,328,15,1779,7,891,14,7
"1535","2020-06-04",57,18,37,201,2442,0.869369369369369,0,0,220,328,28,1807,6,897,26,6
"1536","2020-06-05",61,18,30,195,2442,0.869369369369369,0,0,220,328,16,1823,4,901,15,4
"1537","2020-06-06",55,18,22,190,2442,0.869369369369369,0,0,220,328,16,1839,8,909,16,8
"1538","2020-06-07",59,18,19,197,2442,0.869369369369369,0,0,220,328,21,1860,10,919,16,10
"1539","2020-03-12",1,19,6,8,1320,0.515909090909091,0,0,119,171,13,19,7,12,NA,7
"1540","2020-03-13",1,19,9,14,1320,0.515909090909091,0,0,119,171,2,21,7,19,NA,7
"1541","2020-03-14",1,19,12,16,1320,0.515909090909091,0,0,119,171,4,25,6,25,NA,6
"1542","2020-03-15",2,19,13,17,1320,0.515909090909091,0,0,119,171,10,35,3,28,6,3
"1543","2020-03-16",3,19,14,21,1320,0.515909090909091,0,0,119,171,16,51,12,40,5,12
"1544","2020-03-17",4,19,17,28,1320,0.515909090909091,0,0,119,171,10,61,2,42,7,2
"1545","2020-03-18",5,19,21,32,1320,0.515909090909091,0,0,119,171,17,78,7,49,13,7
"1546","2020-03-19",6,19,14,37,1320,0.515909090909091,0,0,119,171,17,95,5,54,14,5
"1547","2020-03-20",6,19,15,45,1320,0.515909090909091,0,0,119,171,22,117,8,62,15,8
"1548","2020-03-21",7,19,10,53,1320,0.515909090909091,0,0,119,171,19,136,4,66,12,4
"1549","2020-03-22",6,19,18,61,1320,0.515909090909091,0,0,119,171,26,162,1,67,21,1
"1550","2020-03-23",11,19,13,66,1320,0.515909090909091,0,0,119,171,25,187,7,74,14,7
"1551","2020-03-24",14,19,13,79,1320,0.515909090909091,0,0,119,171,24,211,7,81,14,7
"1552","2020-03-25",14,19,20,85,1320,0.515909090909091,0,0,119,171,30,241,3,84,25,3
"1553","2020-03-26",18,19,22,95,1320,0.515909090909091,0,0,119,171,29,270,9,93,19,9
"1554","2020-03-27",24,19,25,103,1320,0.515909090909091,0,0,119,171,25,295,4,97,16,4
"1555","2020-03-28",25,19,35,110,1320,0.515909090909091,0,0,119,171,33,328,4,101,23,4
"1556","2020-03-29",27,19,36,118,1320,0.515909090909091,0,0,119,171,34,362,11,112,24,11
"1557","2020-03-30",24,19,34,115,1320,0.515909090909091,0,0,119,171,25,387,5,117,20,5
"1558","2020-03-31",23,19,27,119,1320,0.515909090909091,0,0,119,171,28,415,3,120,21,3
"1559","2020-04-01",28,19,26,122,1320,0.515909090909091,0,0,119,171,43,458,12,132,37,12
"1560","2020-04-02",24,19,33,129,1320,0.515909090909091,0,0,119,171,38,496,6,138,27,6
"1561","2020-04-03",23,19,28,134,1320,0.515909090909091,0,0,119,171,34,530,13,151,21,13
"1562","2020-04-04",25,19,22,140,1320,0.515909090909091,0,0,119,171,40,570,7,158,31,7
"1563","2020-04-05",32,19,22,159,1320,0.515909090909091,0,0,119,171,53,623,8,166,40,8
"1564","2020-04-06",32,19,19,168,1320,0.515909090909091,0,0,119,171,60,683,14,180,50,14
"1565","2020-04-07",37,19,28,180,1320,0.515909090909091,0,0,119,171,34,717,6,186,31,6
"1566","2020-04-08",38,19,37,180,1320,0.515909090909091,0,0,119,171,46,763,7,193,37,7
"1567","2020-04-09",49,19,46,188,1320,0.515909090909091,0,0,119,171,62,825,NA,NA,49,NA
"1568","2020-04-10",52,19,48,192,1320,0.515909090909091,0,0,119,171,51,876,10,203,42,10
"1569","2020-04-11",54,19,57,188,1320,0.515909090909091,0,0,119,171,46,922,6,209,36,6
"1570","2020-04-12",55,19,49,188,1320,0.515909090909091,0,0,119,171,51,973,10,219,44,10
"1571","2020-04-13",56,19,52,187,1320,0.515909090909091,0,0,119,171,47,1020,13,232,40,13
"1572","2020-04-14",53,19,52,194,1320,0.515909090909091,0,0,119,171,58,1078,12,244,51,12
"1573","2020-04-15",53,19,58,195,1320,0.515909090909091,0,0,119,171,53,1131,5,249,44,5
"1574","2020-04-16",46,19,52,202,1320,0.515909090909091,0,0,119,171,70,1201,9,258,61,9
"1575","2020-04-17",43,19,54,179,1320,0.515909090909091,0,0,119,171,42,1243,7,265,32,7
"1576","2020-04-18",43,19,48,178,1320,0.515909090909091,0,0,119,171,66,1309,25,290,52,25
"1577","2020-04-19",43,19,48,175,1320,0.515909090909091,0,0,119,171,68,1377,9,299,51,9
"1578","2020-04-20",46,19,40,181,1320,0.515909090909091,0,0,119,171,50,1427,9,308,38,9
"1579","2020-04-21",45,19,34,195,1320,0.515909090909091,0,0,119,171,49,1476,14,322,42,14
"1580","2020-04-22",42,19,31,201,1320,0.515909090909091,0,0,119,171,62,1538,19,341,54,19
"1581","2020-04-23",44,19,33,201,1320,0.515909090909091,0,0,119,171,43,1581,22,363,37,22
"1582","2020-04-24",52,19,35,209,1320,0.515909090909091,0,0,119,171,40,1621,18,381,31,18
"1583","2020-04-25",52,19,32,211,1320,0.515909090909091,0,0,119,171,49,1670,23,404,43,23
"1584","2020-04-26",47,19,35,217,1320,0.515909090909091,0,0,119,171,44,1714,23,427,39,23
"1585","2020-04-27",49,19,43,216,1320,0.515909090909091,0,0,119,171,46,1760,8,435,36,8
"1586","2020-04-28",56,19,52,210,1320,0.515909090909091,0,0,119,171,45,1805,17,452,37,17
"1587","2020-04-29",61,19,63,206,1320,0.515909090909091,0,0,119,171,46,1851,17,469,36,17
"1588","2020-04-30",64,19,74,211,1320,0.515909090909091,0,0,119,171,31,1882,18,487,27,18
"1589","2020-05-01",66,19,79,229,1320,0.515909090909091,0,0,119,171,49,1931,19,506,44,19
"1590","2020-05-02",71,19,72,222,1320,0.515909090909091,0,0,119,171,43,1974,15,521,39,15
"1591","2020-05-03",78,19,63,229,1320,0.515909090909091,0,0,119,171,45,2019,13,534,34,13
"1592","2020-05-04",75,19,66,230,1320,0.515909090909091,0,0,119,171,42,2061,19,553,38,19
"1593","2020-05-05",71,19,75,227,1320,0.515909090909091,0,0,119,171,44,2105,25,578,35,25
"1594","2020-05-06",66,19,68,217,1320,0.515909090909091,0,0,119,171,37,2142,25,603,29,25
"1595","2020-05-07",61,19,72,213,1320,0.515909090909091,0,0,119,171,26,2168,14,617,21,14
"1596","2020-05-08",55,19,67,203,1320,0.515909090909091,0,0,119,171,33,2201,16,633,24,16
"1597","2020-05-09",57,19,70,207,1320,0.515909090909091,0,0,119,171,29,2230,13,646,21,13
"1598","2020-05-10",55,19,67,201,1320,0.515909090909091,0,0,119,171,31,2261,14,660,17,14
"1599","2020-05-11",59,19,73,200,1320,0.515909090909091,0,0,119,171,22,2283,4,664,18,4
"1600","2020-05-12",57,19,74,191,1320,0.515909090909091,0,0,119,171,22,2305,8,672,17,8
"1601","2020-05-13",62,19,61,185,1320,0.515909090909091,0,0,119,171,38,2343,7,679,27,7
"1602","2020-05-14",60,19,50,184,1320,0.515909090909091,0,0,119,171,30,2373,2,681,20,2
"1603","2020-05-15",57,19,54,184,1320,0.515909090909091,0,0,119,171,27,2400,3,684,20,3
"1604","2020-05-16",54,19,56,181,1320,0.515909090909091,0,0,119,171,22,2422,4,688,20,4
"1605","2020-05-17",51,19,55,174,1320,0.515909090909091,0,0,119,171,27,2449,4,692,23,4
"1606","2020-05-18",48,19,52,160,1320,0.515909090909091,0,0,119,171,25,2474,1,693,21,1
"1607","2020-05-19",53,19,55,159,1320,0.515909090909091,0,0,119,171,26,2500,14,707,22,14
"1608","2020-05-20",50,19,49,155,1320,0.515909090909091,0,0,119,171,28,2528,7,714,24,7
"1609","2020-05-21",56,19,42,158,1320,0.515909090909091,0,0,119,171,27,2555,3,717,18,3
"1610","2020-05-22",56,19,37,155,1320,0.515909090909091,0,0,119,171,26,2581,1,718,16,1
"1611","2020-05-23",52,19,39,146,1320,0.515909090909091,0,0,119,171,27,2608,2,720,15,2
"1612","2020-05-24",51,19,51,146,1320,0.515909090909091,0,0,119,171,22,2630,11,731,21,11
"1613","2020-05-25",50,19,52,148,1320,0.515909090909091,0,0,119,171,22,2652,6,737,21,6
"1614","2020-05-26",44,19,40,152,1320,0.515909090909091,0,0,119,171,35,2687,3,740,32,3
"1615","2020-05-27",45,19,35,155,1320,0.515909090909091,0,0,119,171,19,2706,10,750,15,10
"1616","2020-05-28",40,19,42,149,1320,0.515909090909091,0,0,119,171,22,2728,5,755,20,5
"1617","2020-05-29",38,19,43,147,1320,0.515909090909091,0,0,119,171,21,2749,5,760,16,5
"1618","2020-05-30",36,19,41,141,1320,0.515909090909091,0,0,119,171,22,2771,4,764,19,4
"1619","2020-05-31",35,19,33,140,1320,0.515909090909091,0,0,119,171,34,2805,6,770,30,6
"1620","2020-06-01",38,19,36,156,1320,0.515909090909091,0,0,119,171,22,2827,3,773,18,3
"1621","2020-06-02",44,19,35,142,1320,0.515909090909091,0,0,119,171,27,2854,8,781,19,8
"1622","2020-06-03",43,19,37,146,1320,0.515909090909091,0,0,119,171,23,2877,9,790,17,9
"1623","2020-06-04",39,19,34,143,1320,0.515909090909091,0,0,119,171,16,2893,17,807,15,17
"1624","2020-06-05",37,19,26,140,1320,0.515909090909091,0,0,119,171,15,2908,9,816,14,9
"1625","2020-06-06",36,19,26,133,1320,0.515909090909091,0,0,119,171,16,2924,7,823,14,7
"1626","2020-06-07",34,19,30,129,1320,0.515909090909091,0,0,119,171,22,2946,3,826,21,3
"1627","2020-03-16",1,20,42,24,4200,0.971904761904762,0,0,347,223,7,28,5,19,3,5
"1628","2020-03-17",2,20,58,39,4200,0.971904761904762,0,0,347,223,4,32,NA,NA,2,NA
"1629","2020-03-18",4,20,49,45,4200,0.971904761904762,0,0,347,223,5,37,3,22,3,3
"1630","2020-03-19",8,20,41,58,4200,0.971904761904762,0,0,347,223,10,47,2,24,8,2
"1631","2020-03-20",9,20,53,67,4200,0.971904761904762,0,0,347,223,7,54,9,33,6,9
"1632","2020-03-21",13,20,48,86,4200,0.971904761904762,0,0,347,223,14,68,5,38,9,5
"1633","2020-03-22",18,20,39,95,4200,0.971904761904762,0,0,347,223,7,75,16,54,5,16
"1634","2020-03-23",21,20,35,106,4200,0.971904761904762,0,0,347,223,4,79,10,64,4,10
"1635","2020-03-24",22,20,33,116,4200,0.971904761904762,0,0,347,223,15,94,5,69,11,5
"1636","2020-03-25",22,20,30,129,4200,0.971904761904762,0,0,347,223,13,107,14,83,12,14
"1637","2020-03-26",21,20,28,135,4200,0.971904761904762,0,0,347,223,10,117,8,91,7,8
"1638","2020-03-27",24,20,30,148,4200,0.971904761904762,0,0,347,223,20,137,11,102,15,11
"1639","2020-03-28",26,20,31,163,4200,0.971904761904762,0,0,347,223,11,148,12,114,7,12
"1640","2020-03-29",27,20,42,174,4200,0.971904761904762,0,0,347,223,15,163,15,129,13,15
"1641","2020-03-30",31,20,38,175,4200,0.971904761904762,0,0,347,223,16,179,19,148,15,19
"1642","2020-03-31",35,20,34,187,4200,0.971904761904762,0,0,347,223,20,199,10,158,16,10
"1643","2020-04-01",40,20,32,204,4200,0.971904761904762,0,0,347,223,13,212,15,173,10,15
"1644","2020-04-02",44,20,34,219,4200,0.971904761904762,0,0,347,223,17,229,13,186,14,13
"1645","2020-04-03",55,20,35,245,4200,0.971904761904762,0,0,347,223,13,242,13,199,10,13
"1646","2020-04-04",57,20,45,249,4200,0.971904761904762,0,0,347,223,18,260,18,217,16,18
"1647","2020-04-05",65,20,50,256,4200,0.971904761904762,0,0,347,223,24,284,14,231,16,14
"1648","2020-04-06",67,20,63,291,4200,0.971904761904762,0,0,347,223,30,314,9,240,26,9
"1649","2020-04-07",76,20,59,333,4200,0.971904761904762,0,0,347,223,15,329,10,250,8,10
"1650","2020-04-08",81,20,72,358,4200,0.971904761904762,0,0,347,223,18,347,17,267,15,17
"1651","2020-04-09",85,20,75,366,4200,0.971904761904762,0,0,347,223,30,377,9,276,26,9
"1652","2020-04-10",83,20,67,381,4200,0.971904761904762,0,0,347,223,28,405,13,289,24,13
"1653","2020-04-11",94,20,60,422,4200,0.971904761904762,0,0,347,223,27,432,12,301,22,12
"1654","2020-04-12",105,20,58,433,4200,0.971904761904762,0,0,347,223,17,449,9,310,16,9
"1655","2020-04-13",110,20,65,459,4200,0.971904761904762,0,0,347,223,35,484,19,329,28,19
"1656","2020-04-14",105,20,71,481,4200,0.971904761904762,0,0,347,223,25,509,21,350,20,21
"1657","2020-04-15",112,20,68,495,4200,0.971904761904762,0,0,347,223,20,529,12,362,18,12
"1658","2020-04-16",124,20,62,512,4200,0.971904761904762,0,0,347,223,39,568,11,373,33,11
"1659","2020-04-17",134,20,74,547,4200,0.971904761904762,0,0,347,223,24,592,10,383,23,10
"1660","2020-04-18",139,20,69,578,4200,0.971904761904762,0,0,347,223,41,633,17,400,33,17
"1661","2020-04-19",135,20,61,610,4200,0.971904761904762,0,0,347,223,41,674,17,417,40,17
"1662","2020-04-20",145,20,66,628,4200,0.971904761904762,0,0,347,223,37,711,17,434,34,17
"1663","2020-04-21",159,20,72,654,4200,0.971904761904762,0,0,347,223,29,740,14,448,27,14
"1664","2020-04-22",169,20,71,679,4200,0.971904761904762,0,0,347,223,26,766,7,455,25,7
"1665","2020-04-23",171,20,83,681,4200,0.971904761904762,0,0,347,223,33,799,3,458,29,3
"1666","2020-04-24",175,20,97,703,4200,0.971904761904762,0,0,347,223,44,843,6,464,39,6
"1667","2020-04-25",178,20,84,709,4200,0.971904761904762,0,0,347,223,35,878,10,474,32,10
"1668","2020-04-26",195,20,87,734,4200,0.971904761904762,0,0,347,223,37,915,16,490,36,16
"1669","2020-04-27",201,20,79,756,4200,0.971904761904762,0,0,347,223,29,944,13,503,26,13
"1670","2020-04-28",209,20,82,755,4200,0.971904761904762,0,0,347,223,22,966,13,516,19,13
"1671","2020-04-29",197,20,67,767,4200,0.971904761904762,0,0,347,223,30,996,14,530,26,14
"1672","2020-04-30",204,20,70,794,4200,0.971904761904762,0,0,347,223,30,1026,20,550,27,20
"1673","2020-05-01",213,20,81,831,4200,0.971904761904762,0,0,347,223,23,1049,10,560,22,10
"1674","2020-05-02",214,20,68,843,4200,0.971904761904762,0,0,347,223,32,1081,13,573,27,13
"1675","2020-05-03",203,20,65,853,4200,0.971904761904762,0,0,347,223,24,1105,10,583,20,10
"1676","2020-05-04",206,20,72,881,4200,0.971904761904762,0,0,347,223,27,1132,6,589,25,6
"1677","2020-05-05",206,20,67,884,4200,0.971904761904762,0,0,347,223,28,1160,12,601,25,12
"1678","2020-05-06",225,20,60,912,4200,0.971904761904762,0,0,347,223,28,1188,13,614,24,13
"1679","2020-05-07",231,20,54,908,4200,0.971904761904762,0,0,347,223,27,1215,20,634,23,20
"1680","2020-05-08",224,20,50,898,4200,0.971904761904762,0,0,347,223,35,1250,12,646,30,12
"1681","2020-05-09",228,20,48,917,4200,0.971904761904762,0,0,347,223,31,1281,13,659,27,13
"1682","2020-05-10",253,20,52,907,4200,0.971904761904762,0,0,347,223,33,1314,16,675,29,16
"1683","2020-05-11",253,20,63,891,4200,0.971904761904762,0,0,347,223,27,1341,15,690,25,15
"1684","2020-05-12",273,20,67,905,4200,0.971904761904762,0,0,347,223,23,1364,16,706,20,16
"1685","2020-05-13",274,20,60,911,4200,0.971904761904762,0,0,347,223,28,1392,19,725,27,19
"1686","2020-05-14",262,20,71,883,4200,0.971904761904762,0,0,347,223,22,1414,18,743,18,18
"1687","2020-05-15",270,20,84,867,4200,0.971904761904762,0,0,347,223,32,1446,19,762,31,19
"1688","2020-05-16",264,20,88,861,4200,0.971904761904762,0,0,347,223,28,1474,20,782,21,20
"1689","2020-05-17",235,20,86,850,4200,0.971904761904762,0,0,347,223,22,1496,12,794,21,12
"1690","2020-05-18",237,20,82,829,4200,0.971904761904762,0,0,347,223,22,1518,23,817,20,23
"1691","2020-05-19",222,20,74,798,4200,0.971904761904762,0,0,347,223,14,1532,14,831,12,14
"1692","2020-05-20",216,20,65,784,4200,0.971904761904762,0,0,347,223,30,1562,11,842,27,11
"1693","2020-05-21",227,20,60,755,4200,0.971904761904762,0,0,347,223,13,1575,16,858,10,16
"1694","2020-05-22",221,20,57,726,4200,0.971904761904762,0,0,347,223,10,1585,16,874,7,16
"1695","2020-05-23",223,20,67,689,4200,0.971904761904762,0,0,347,223,23,1608,7,881,18,7
"1696","2020-05-24",230,20,73,642,4200,0.971904761904762,0,0,347,223,9,1617,15,896,7,15
"1697","2020-05-25",217,20,60,613,4200,0.971904761904762,0,0,347,223,19,1636,9,905,15,9
"1698","2020-05-26",210,20,52,591,4200,0.971904761904762,0,0,347,223,16,1652,17,922,14,17
"1699","2020-05-27",198,20,50,558,4200,0.971904761904762,0,0,347,223,15,1667,14,936,13,14
"1700","2020-05-28",180,20,55,530,4200,0.971904761904762,0,0,347,223,14,1681,16,952,12,16
"1701","2020-05-29",168,20,56,508,4200,0.971904761904762,0,0,347,223,15,1696,15,967,15,15
"1702","2020-05-30",162,20,52,480,4200,0.971904761904762,0,0,347,223,21,1717,17,984,19,17
"1703","2020-05-31",150,20,50,464,4200,0.971904761904762,0,0,347,223,15,1732,19,1003,14,19
"1704","2020-06-01",145,20,36,430,4200,0.971904761904762,0,0,347,223,12,1744,21,1024,10,21
"1705","2020-06-02",137,20,34,414,4200,0.971904761904762,0,0,347,223,13,1757,12,1036,12,12
"1706","2020-06-03",133,20,37,391,4200,0.971904761904762,0,0,347,223,20,1777,15,1051,18,15
"1707","2020-06-04",129,20,36,358,4200,0.971904761904762,0,0,347,223,12,1789,13,1064,10,13
"1708","2020-06-05",127,20,34,339,4200,0.971904761904762,0,0,347,223,15,1804,11,1075,13,11
"1709","2020-06-06",122,20,35,327,4200,0.971904761904762,0,0,347,223,15,1819,14,1089,13,14
"1710","2020-06-07",121,20,41,308,4200,0.971904761904762,0,0,347,223,13,1832,12,1101,10,12
