"","Date","Absents","Paramset","Infections_or_Exposed_per_day_Patient","Infections_or_Exposed_per_day_HCW","total_infections","nosocomial_proportion","PCR_pooled","LFD_pooled","HCW_symp_test","patient_symp_test","new_hcw_infs","cumulative_hcw_infs","new_pat_infs","cumulative_pats_infs","new_nosocomial_hcw_infs","new_nosocomial_pat_infs"
"1","2020-03-13",1,1,61,144,7818,0.662189818367869,0,0,610,488,60,145,20,43,15,20
"2","2020-03-14",4,1,69,218,7818,0.662189818367869,0,0,610,488,74,219,10,53,25,10
"3","2020-03-15",11,1,66,286,7818,0.662189818367869,0,0,610,488,69,288,12,65,23,12
"4","2020-03-16",16,1,56,372,7818,0.662189818367869,0,0,610,488,86,374,6,71,39,6
"5","2020-03-17",26,1,53,468,7818,0.662189818367869,0,0,610,488,97,471,5,76,49,5
"6","2020-03-18",41,1,58,579,7818,0.662189818367869,0,0,610,488,115,586,14,90,67,14
"7","2020-03-19",66,1,92,677,7818,0.662189818367869,0,0,610,488,105,691,27,117,69,27
"8","2020-03-20",95,1,108,786,7818,0.662189818367869,0,0,610,488,134,825,31,148,100,31
"9","2020-03-21",118,1,111,896,7818,0.662189818367869,0,0,610,488,143,968,23,171,89,23
"10","2020-03-22",157,1,110,1021,7818,0.662189818367869,0,0,610,488,151,1119,19,190,115,19
"11","2020-03-23",190,1,113,1153,7818,0.662189818367869,0,0,610,488,174,1293,17,207,127,17
"12","2020-03-24",225,1,116,1248,7818,0.662189818367869,0,0,610,488,154,1447,16,223,109,16
"13","2020-03-25",265,1,112,1394,7818,0.662189818367869,0,0,610,488,212,1659,10,233,173,10
"14","2020-03-26",282,1,114,1535,7818,0.662189818367869,0,0,610,488,201,1860,10,243,156,10
"15","2020-03-27",318,1,117,1616,7818,0.662189818367869,0,0,610,488,162,2022,28,271,127,28
"16","2020-03-28",364,1,109,1689,7818,0.662189818367869,0,0,610,488,165,2187,20,291,134,20
"17","2020-03-29",377,1,97,1768,7818,0.662189818367869,0,0,610,488,186,2373,13,304,148,13
"18","2020-03-30",409,1,120,1876,7818,0.662189818367869,0,0,610,488,208,2581,36,340,163,36
"19","2020-03-31",437,1,145,1931,7818,0.662189818367869,0,0,610,488,184,2765,34,374,139,34
"20","2020-04-01",451,1,154,2009,7818,0.662189818367869,0,0,610,488,221,2986,38,412,186,38
"21","2020-04-02",506,1,185,2136,7818,0.662189818367869,0,0,610,488,281,3267,49,461,239,49
"22","2020-04-03",520,1,190,2173,7818,0.662189818367869,0,0,610,488,197,3464,33,494,158,33
"23","2020-04-04",527,1,172,2232,7818,0.662189818367869,0,0,610,488,221,3685,28,522,189,28
"24","2020-04-05",548,1,182,2262,7818,0.662189818367869,0,0,610,488,204,3889,37,559,173,37
"25","2020-04-06",568,1,192,2309,7818,0.662189818367869,0,0,610,488,230,4119,38,597,188,38
"26","2020-04-07",609,1,178,2345,7818,0.662189818367869,0,0,610,488,213,4332,19,616,182,19
"27","2020-04-08",629,1,157,2281,7818,0.662189818367869,0,0,610,488,133,4465,14,630,109,14
"28","2020-04-09",624,1,179,2292,7818,0.662189818367869,0,0,610,488,209,4674,38,668,179,38
"29","2020-04-10",659,1,162,2250,7818,0.662189818367869,0,0,610,488,146,4820,20,688,120,20
"30","2020-04-11",660,1,164,2228,7818,0.662189818367869,0,0,610,488,160,4980,29,717,139,29
"31","2020-04-12",659,1,163,2173,7818,0.662189818367869,0,0,610,488,138,5118,33,750,111,33
"32","2020-04-13",658,1,165,2101,7818,0.662189818367869,0,0,610,488,119,5237,24,774,98,24
"33","2020-04-14",627,1,188,1997,7818,0.662189818367869,0,0,610,488,109,5346,42,816,84,42
"34","2020-04-15",614,1,194,1883,7818,0.662189818367869,0,0,610,488,114,5460,36,852,94,36
"35","2020-04-16",606,1,230,1786,7818,0.662189818367869,0,0,610,488,106,5566,47,899,84,47
"36","2020-04-17",559,1,205,1711,7818,0.662189818367869,0,0,610,488,113,5679,34,933,95,34
"37","2020-04-18",535,1,193,1604,7818,0.662189818367869,0,0,610,488,69,5748,23,956,54,23
"38","2020-04-19",528,1,174,1531,7818,0.662189818367869,0,0,610,488,114,5862,19,975,86,19
"39","2020-04-20",499,1,174,1405,7818,0.662189818367869,0,0,610,488,65,5927,22,997,50,22
"40","2020-04-21",467,1,202,1307,7818,0.662189818367869,0,0,610,488,70,5997,50,1047,53,50
"41","2020-04-22",443,1,210,1206,7818,0.662189818367869,0,0,610,488,62,6059,36,1083,50,36
"42","2020-04-23",400,1,233,1130,7818,0.662189818367869,0,0,610,488,63,6122,41,1124,50,41
"43","2020-04-24",374,1,238,1046,7818,0.662189818367869,0,0,610,488,47,6169,46,1170,35,46
"44","2020-04-25",354,1,242,968,7818,0.662189818367869,0,0,610,488,58,6227,37,1207,44,37
"45","2020-04-26",327,1,233,901,7818,0.662189818367869,0,0,610,488,38,6265,50,1257,27,50
"46","2020-04-27",300,1,243,845,7818,0.662189818367869,0,0,610,488,40,6305,35,1292,22,35
"47","2020-04-28",278,1,238,788,7818,0.662189818367869,0,0,610,488,46,6351,45,1337,26,45
"48","2020-04-29",250,1,218,731,7818,0.662189818367869,0,0,610,488,39,6390,30,1367,27,30
"49","2020-04-30",232,1,234,688,7818,0.662189818367869,0,0,610,488,38,6428,44,1411,26,44
"50","2020-05-01",206,1,208,644,7818,0.662189818367869,0,0,610,488,39,6467,26,1437,27,26
"51","2020-05-02",194,1,187,588,7818,0.662189818367869,0,0,610,488,31,6498,17,1454,17,17
"52","2020-05-03",174,1,188,546,7818,0.662189818367869,0,0,610,488,30,6528,26,1480,17,26
"53","2020-05-04",167,1,195,514,7818,0.662189818367869,0,0,610,488,34,6562,44,1524,21,44
"54","2020-05-05",160,1,198,489,7818,0.662189818367869,0,0,610,488,31,6593,35,1559,14,35
"55","2020-05-06",151,1,188,460,7818,0.662189818367869,0,0,610,488,25,6618,24,1583,12,24
"56","2020-05-07",149,1,187,428,7818,0.662189818367869,0,0,610,488,25,6643,31,1614,14,31
"57","2020-05-08",150,1,206,411,7818,0.662189818367869,0,0,610,488,26,6669,42,1656,16,42
"58","2020-05-09",142,1,222,373,7818,0.662189818367869,0,0,610,488,11,6680,51,1707,4,51
"59","2020-05-10",139,1,236,360,7818,0.662189818367869,0,0,610,488,33,6713,47,1754,13,47
"60","2020-05-11",127,1,246,352,7818,0.662189818367869,0,0,610,488,28,6741,46,1800,15,46
"61","2020-05-12",115,1,240,333,7818,0.662189818367869,0,0,610,488,22,6763,40,1840,13,40
"62","2020-05-13",106,1,226,325,7818,0.662189818367869,0,0,610,488,18,6781,30,1870,9,30
"63","2020-05-14",101,1,196,309,7818,0.662189818367869,0,0,610,488,19,6800,17,1887,9,17
"64","2020-05-15",94,1,195,299,7818,0.662189818367869,0,0,610,488,23,6823,36,1923,9,36
"65","2020-05-16",90,1,198,268,7818,0.662189818367869,0,0,610,488,12,6835,33,1956,6,33
"66","2020-05-17",76,1,192,250,7818,0.662189818367869,0,0,610,488,15,6850,32,1988,7,32
"67","2020-05-18",74,1,192,231,7818,0.662189818367869,0,0,610,488,10,6860,33,2021,3,33
"68","2020-05-19",71,1,177,224,7818,0.662189818367869,0,0,610,488,14,6874,28,2049,6,28
"69","2020-05-20",73,1,184,219,7818,0.662189818367869,0,0,610,488,17,6891,38,2087,8,38
"70","2020-05-21",61,1,196,219,7818,0.662189818367869,0,0,610,488,12,6903,30,2117,6,30
"71","2020-05-22",59,1,185,204,7818,0.662189818367869,0,0,610,488,13,6916,28,2145,3,28
"72","2020-05-23",56,1,179,193,7818,0.662189818367869,0,0,610,488,12,6928,37,2182,4,37
"73","2020-05-24",56,1,171,186,7818,0.662189818367869,0,0,610,488,12,6940,21,2203,5,21
"74","2020-05-25",51,1,148,174,7818,0.662189818367869,0,0,610,488,11,6951,24,2227,4,24
"75","2020-05-26",49,1,143,160,7818,0.662189818367869,0,0,610,488,9,6960,13,2240,3,13
"76","2020-05-27",50,1,138,153,7818,0.662189818367869,0,0,610,488,13,6973,20,2260,7,20
"77","2020-05-28",53,1,122,144,7818,0.662189818367869,0,0,610,488,7,6980,17,2277,2,17
"78","2020-05-29",51,1,111,137,7818,0.662189818367869,0,0,610,488,9,6989,8,2285,3,8
"79","2020-05-30",49,1,99,127,7818,0.662189818367869,0,0,610,488,5,6994,10,2295,2,10
"80","2020-05-31",48,1,95,117,7818,0.662189818367869,0,0,610,488,8,7002,19,2314,3,19
"81","2020-06-01",44,1,97,107,7818,0.662189818367869,0,0,610,488,4,7006,17,2331,1,17
"82","2020-06-02",44,1,96,96,7818,0.662189818367869,0,0,610,488,4,7010,10,2341,NA,10
"83","2020-06-03",39,1,90,92,7818,0.662189818367869,0,0,610,488,6,7016,15,2356,1,15
"84","2020-06-04",36,1,104,83,7818,0.662189818367869,0,0,610,488,4,7020,19,2375,3,19
"85","2020-06-05",33,1,118,72,7818,0.662189818367869,0,0,610,488,5,7025,28,2403,NA,28
"86","2020-06-06",28,1,130,69,7818,0.662189818367869,0,0,610,488,5,7030,31,2434,2,31
"87","2020-06-07",24,1,124,63,7818,0.662189818367869,0,0,610,488,3,7033,17,2451,2,17
"88","2020-03-14",2,2,61,89,4869,0.620045183815979,0,0,432,315,39,137,13,39,8,13
"89","2020-03-15",6,2,57,112,4869,0.620045183815979,0,0,432,315,39,176,13,52,7,13
"90","2020-03-16",11,2,51,153,4869,0.620045183815979,0,0,432,315,58,234,12,64,16,12
"91","2020-03-17",17,2,55,185,4869,0.620045183815979,0,0,432,315,45,279,7,71,16,7
"92","2020-03-18",21,2,56,235,4869,0.620045183815979,0,0,432,315,54,333,24,95,16,24
"93","2020-03-19",29,2,62,266,4869,0.620045183815979,0,0,432,315,52,385,25,120,18,25
"94","2020-03-20",39,2,64,298,4869,0.620045183815979,0,0,432,315,51,436,26,146,12,26
"95","2020-03-21",49,2,54,344,4869,0.620045183815979,0,0,432,315,67,503,25,171,31,25
"96","2020-03-22",54,2,59,381,4869,0.620045183815979,0,0,432,315,48,551,13,184,24,13
"97","2020-03-23",67,2,75,426,4869,0.620045183815979,0,0,432,315,64,615,16,200,22,16
"98","2020-03-24",82,2,74,487,4869,0.620045183815979,0,0,432,315,52,667,28,228,21,28
"99","2020-03-25",101,2,76,524,4869,0.620045183815979,0,0,432,315,57,724,33,261,20,33
"100","2020-03-26",113,2,70,551,4869,0.620045183815979,0,0,432,315,73,797,34,295,19,34
"101","2020-03-27",118,2,66,588,4869,0.620045183815979,0,0,432,315,61,858,26,321,27,26
"102","2020-03-28",122,2,65,652,4869,0.620045183815979,0,0,432,315,59,917,24,345,27,24
"103","2020-03-29",142,2,69,692,4869,0.620045183815979,0,0,432,315,62,979,43,388,24,43
"104","2020-03-30",159,2,65,756,4869,0.620045183815979,0,0,432,315,45,1024,23,411,16,23
"105","2020-03-31",164,2,53,791,4869,0.620045183815979,0,0,432,315,60,1084,24,435,24,24
"106","2020-04-01",174,2,56,849,4869,0.620045183815979,0,0,432,315,60,1144,11,446,28,11
"107","2020-04-02",176,2,59,883,4869,0.620045183815979,0,0,432,315,65,1209,45,491,25,45
"108","2020-04-03",196,2,81,918,4869,0.620045183815979,0,0,432,315,62,1271,50,541,22,50
"109","2020-04-04",215,2,109,958,4869,0.620045183815979,0,0,432,315,58,1329,47,588,19,47
"110","2020-04-05",221,2,121,988,4869,0.620045183815979,0,0,432,315,57,1386,35,623,18,35
"111","2020-04-06",222,2,144,997,4869,0.620045183815979,0,0,432,315,69,1455,45,668,30,45
"112","2020-04-07",246,2,157,1010,4869,0.620045183815979,0,0,432,315,68,1523,47,715,23,47
"113","2020-04-08",260,2,164,1042,4869,0.620045183815979,0,0,432,315,69,1592,46,761,23,46
"114","2020-04-09",287,2,156,1043,4869,0.620045183815979,0,0,432,315,70,1662,40,801,26,40
"115","2020-04-10",297,2,145,1050,4869,0.620045183815979,0,0,432,315,59,1721,52,853,23,52
"116","2020-04-11",319,2,138,1023,4869,0.620045183815979,0,0,432,315,59,1780,47,900,28,47
"117","2020-04-12",326,2,122,994,4869,0.620045183815979,0,0,432,315,73,1853,52,952,21,52
"118","2020-04-13",332,2,112,996,4869,0.620045183815979,0,0,432,315,77,1930,28,980,30,28
"119","2020-04-14",324,2,106,973,4869,0.620045183815979,0,0,432,315,60,1990,32,1012,15,32
"120","2020-04-15",316,2,88,963,4869,0.620045183815979,0,0,432,315,76,2066,36,1048,27,36
"121","2020-04-16",301,2,89,914,4869,0.620045183815979,0,0,432,315,58,2124,24,1072,19,24
"122","2020-04-17",294,2,103,910,4869,0.620045183815979,0,0,432,315,51,2175,26,1098,9,26
"123","2020-04-18",278,2,93,881,4869,0.620045183815979,0,0,432,315,46,2221,15,1113,19,15
"124","2020-04-19",271,2,90,859,4869,0.620045183815979,0,0,432,315,67,2288,26,1139,22,26
"125","2020-04-20",263,2,92,838,4869,0.620045183815979,0,0,432,315,61,2349,23,1162,17,23
"126","2020-04-21",251,2,75,816,4869,0.620045183815979,0,0,432,315,65,2414,22,1184,18,22
"127","2020-04-22",250,2,84,822,4869,0.620045183815979,0,0,432,315,58,2472,35,1219,22,35
"128","2020-04-23",241,2,93,817,4869,0.620045183815979,0,0,432,315,58,2530,36,1255,23,36
"129","2020-04-24",241,2,108,831,4869,0.620045183815979,0,0,432,315,56,2586,44,1299,13,44
"130","2020-04-25",232,2,118,824,4869,0.620045183815979,0,0,432,315,40,2626,33,1332,9,33
"131","2020-04-26",230,2,119,796,4869,0.620045183815979,0,0,432,315,38,2664,23,1355,8,23
"132","2020-04-27",232,2,118,772,4869,0.620045183815979,0,0,432,315,51,2715,26,1381,14,26
"133","2020-04-28",242,2,135,742,4869,0.620045183815979,0,0,432,315,64,2779,17,1398,24,17
"134","2020-04-29",220,2,141,717,4869,0.620045183815979,0,0,432,315,70,2849,13,1411,20,13
"135","2020-04-30",218,2,174,678,4869,0.620045183815979,0,0,432,315,55,2904,15,1426,17,15
"136","2020-05-01",206,2,184,664,4869,0.620045183815979,0,0,432,315,47,2951,20,1446,13,20
"137","2020-05-02",196,2,180,661,4869,0.620045183815979,0,0,432,315,44,2995,45,1491,12,45
"138","2020-05-03",193,2,198,638,4869,0.620045183815979,0,0,432,315,40,3035,32,1523,10,32
"139","2020-05-04",184,2,195,628,4869,0.620045183815979,0,0,432,315,52,3087,42,1565,14,42
"140","2020-05-05",162,2,196,619,4869,0.620045183815979,0,0,432,315,35,3122,49,1614,13,49
"141","2020-05-06",172,2,174,602,4869,0.620045183815979,0,0,432,315,54,3176,44,1658,16,44
"142","2020-05-07",164,2,177,561,4869,0.620045183815979,0,0,432,315,52,3228,33,1691,11,33
"143","2020-05-08",166,2,181,534,4869,0.620045183815979,0,0,432,315,58,3286,33,1724,20,33
"144","2020-05-09",170,2,163,516,4869,0.620045183815979,0,0,432,315,44,3330,24,1748,17,24
"145","2020-05-10",160,2,142,514,4869,0.620045183815979,0,0,432,315,33,3363,44,1792,14,44
"146","2020-05-11",153,2,119,494,4869,0.620045183815979,0,0,432,315,38,3401,32,1824,7,32
"147","2020-05-12",160,2,103,498,4869,0.620045183815979,0,0,432,315,32,3433,27,1851,4,27
"148","2020-05-13",149,2,99,498,4869,0.620045183815979,0,0,432,315,25,3458,33,1884,5,33
"149","2020-05-14",149,2,110,486,4869,0.620045183815979,0,0,432,315,29,3487,42,1926,6,42
"150","2020-05-15",143,2,127,470,4869,0.620045183815979,0,0,432,315,46,3533,46,1972,14,46
"151","2020-05-16",134,2,122,473,4869,0.620045183815979,0,0,432,315,39,3572,40,2012,9,40
"152","2020-05-17",136,2,109,446,4869,0.620045183815979,0,0,432,315,28,3600,37,2049,5,37
"153","2020-05-18",139,2,105,436,4869,0.620045183815979,0,0,432,315,25,3625,41,2090,5,41
"154","2020-05-19",128,2,102,423,4869,0.620045183815979,0,0,432,315,33,3658,30,2120,10,30
"155","2020-05-20",129,2,102,415,4869,0.620045183815979,0,0,432,315,29,3687,26,2146,4,26
"156","2020-05-21",130,2,121,416,4869,0.620045183815979,0,0,432,315,36,3723,29,2175,11,29
"157","2020-05-22",124,2,147,406,4869,0.620045183815979,0,0,432,315,41,3764,18,2193,11,18
"158","2020-05-23",119,2,155,386,4869,0.620045183815979,0,0,432,315,15,3779,40,2233,5,40
"159","2020-05-24",110,2,152,378,4869,0.620045183815979,0,0,432,315,30,3809,25,2258,9,25
"160","2020-05-25",105,2,151,357,4869,0.620045183815979,0,0,432,315,33,3842,22,2280,12,22
"161","2020-05-26",100,2,138,332,4869,0.620045183815979,0,0,432,315,23,3865,17,2297,7,17
"162","2020-05-27",93,2,137,320,4869,0.620045183815979,0,0,432,315,24,3889,22,2319,10,22
"163","2020-05-28",91,2,148,299,4869,0.620045183815979,0,0,432,315,29,3918,27,2346,8,27
"164","2020-05-29",89,2,158,293,4869,0.620045183815979,0,0,432,315,26,3944,30,2376,8,30
"165","2020-05-30",87,2,149,271,4869,0.620045183815979,0,0,432,315,26,3970,19,2395,11,19
"166","2020-05-31",85,2,132,264,4869,0.620045183815979,0,0,432,315,21,3991,24,2419,7,24
"167","2020-06-01",82,2,134,263,4869,0.620045183815979,0,0,432,315,16,4007,34,2453,10,34
"168","2020-06-02",81,2,132,256,4869,0.620045183815979,0,0,432,315,20,4027,27,2480,11,27
"169","2020-06-03",82,2,127,248,4869,0.620045183815979,0,0,432,315,16,4043,24,2504,2,24
"170","2020-06-04",74,2,114,232,4869,0.620045183815979,0,0,432,315,17,4060,32,2536,3,32
"171","2020-06-05",69,2,134,206,4869,0.620045183815979,0,0,432,315,15,4075,32,2568,3,32
"172","2020-06-06",65,2,126,193,4869,0.620045183815979,0,0,432,315,16,4091,32,2600,8,32
"173","2020-06-07",64,2,115,174,4869,0.620045183815979,0,0,432,315,20,4111,19,2619,4,19
"174","2020-03-12",2,3,85,86,5300,0.389056603773585,0,0,474,1276,18,29,22,32,6,22
"175","2020-03-13",4,3,116,125,5300,0.389056603773585,0,0,474,1276,21,50,10,42,13,10
"176","2020-03-14",7,3,115,170,5300,0.389056603773585,0,0,474,1276,27,77,22,64,21,22
"177","2020-03-15",15,3,138,233,5300,0.389056603773585,0,0,474,1276,31,108,29,93,16,29
"178","2020-03-16",23,3,168,292,5300,0.389056603773585,0,0,474,1276,59,167,22,115,35,22
"179","2020-03-17",43,3,204,347,5300,0.389056603773585,0,0,474,1276,49,216,33,148,35,33
"180","2020-03-18",55,3,211,402,5300,0.389056603773585,0,0,474,1276,49,265,26,174,40,26
"181","2020-03-19",65,3,198,463,5300,0.389056603773585,0,0,474,1276,61,326,23,197,54,23
"182","2020-03-20",82,3,188,524,5300,0.389056603773585,0,0,474,1276,66,392,36,233,54,36
"183","2020-03-21",95,3,225,579,5300,0.389056603773585,0,0,474,1276,76,468,29,262,71,29
"184","2020-03-22",108,3,246,622,5300,0.389056603773585,0,0,474,1276,95,563,43,305,88,43
"185","2020-03-23",122,3,239,638,5300,0.389056603773585,0,0,474,1276,85,648,33,338,73,33
"186","2020-03-24",126,3,260,670,5300,0.389056603773585,0,0,474,1276,143,791,25,363,130,25
"187","2020-03-25",141,3,273,693,5300,0.389056603773585,0,0,474,1276,128,919,29,392,117,29
"188","2020-03-26",156,3,258,753,5300,0.389056603773585,0,0,474,1276,122,1041,29,421,111,29
"189","2020-03-27",165,3,237,759,5300,0.389056603773585,0,0,474,1276,112,1153,22,443,96,22
"190","2020-03-28",179,3,276,781,5300,0.389056603773585,0,0,474,1276,130,1283,21,464,128,21
"191","2020-03-29",184,3,309,777,5300,0.389056603773585,0,0,474,1276,192,1475,13,477,176,13
"192","2020-03-30",192,3,297,805,5300,0.389056603773585,0,0,474,1276,165,1640,25,502,152,25
"193","2020-03-31",202,3,272,804,5300,0.389056603773585,0,0,474,1276,148,1788,22,524,138,22
"194","2020-04-01",224,3,248,816,5300,0.389056603773585,0,0,474,1276,167,1955,22,546,159,22
"195","2020-04-02",230,3,232,803,5300,0.389056603773585,0,0,474,1276,180,2135,31,577,166,31
"196","2020-04-03",233,3,265,831,5300,0.389056603773585,0,0,474,1276,193,2328,29,606,184,29
"197","2020-04-04",235,3,292,833,5300,0.389056603773585,0,0,474,1276,183,2511,20,626,170,20
"198","2020-04-05",248,3,285,837,5300,0.389056603773585,0,0,474,1276,144,2655,19,645,136,19
"199","2020-04-06",248,3,291,838,5300,0.389056603773585,0,0,474,1276,191,2846,26,671,174,26
"200","2020-04-07",247,3,285,831,5300,0.389056603773585,0,0,474,1276,183,3029,38,709,174,38
"201","2020-04-08",226,3,262,836,5300,0.389056603773585,0,0,474,1276,170,3199,25,734,158,25
"202","2020-04-09",230,3,256,829,5300,0.389056603773585,0,0,474,1276,167,3366,16,750,158,16
"203","2020-04-10",225,3,286,861,5300,0.389056603773585,0,0,474,1276,164,3530,34,784,152,34
"204","2020-04-11",224,3,287,872,5300,0.389056603773585,0,0,474,1276,168,3698,31,815,160,31
"205","2020-04-12",223,3,284,891,5300,0.389056603773585,0,0,474,1276,186,3884,30,845,176,30
"206","2020-04-13",244,3,278,913,5300,0.389056603773585,0,0,474,1276,145,4029,48,893,134,48
"207","2020-04-14",238,3,271,919,5300,0.389056603773585,0,0,474,1276,127,4156,42,935,117,42
"208","2020-04-15",256,3,270,911,5300,0.389056603773585,0,0,474,1276,151,4307,50,985,145,50
"209","2020-04-16",252,3,269,920,5300,0.389056603773585,0,0,474,1276,128,4435,45,1030,122,45
"210","2020-04-17",265,3,266,916,5300,0.389056603773585,0,0,474,1276,104,4539,16,1046,90,16
"211","2020-04-18",265,3,256,911,5300,0.389056603773585,0,0,474,1276,116,4655,42,1088,109,42
"212","2020-04-19",265,3,258,912,5300,0.389056603773585,0,0,474,1276,107,4762,53,1141,98,53
"213","2020-04-20",255,3,261,921,5300,0.389056603773585,0,0,474,1276,103,4865,29,1170,96,29
"214","2020-04-21",262,3,242,916,5300,0.389056603773585,0,0,474,1276,75,4940,22,1192,69,22
"215","2020-04-22",251,3,234,915,5300,0.389056603773585,0,0,474,1276,81,5021,16,1208,68,16
"216","2020-04-23",274,3,235,932,5300,0.389056603773585,0,0,474,1276,76,5097,18,1226,71,18
"217","2020-04-24",276,3,246,899,5300,0.389056603773585,0,0,474,1276,65,5162,39,1265,61,39
"218","2020-04-25",291,3,262,885,5300,0.389056603773585,0,0,474,1276,62,5224,29,1294,60,29
"219","2020-04-26",286,3,264,874,5300,0.389056603773585,0,0,474,1276,62,5286,41,1335,51,41
"220","2020-04-27",276,3,273,830,5300,0.389056603773585,0,0,474,1276,82,5368,45,1380,72,45
"221","2020-04-28",269,3,263,806,5300,0.389056603773585,0,0,474,1276,64,5432,58,1438,52,58
"222","2020-04-29",263,3,249,773,5300,0.389056603773585,0,0,474,1276,52,5484,33,1471,48,33
"223","2020-04-30",241,3,279,743,5300,0.389056603773585,0,0,474,1276,40,5524,61,1532,33,61
"224","2020-05-01",227,3,307,717,5300,0.389056603773585,0,0,474,1276,36,5560,29,1561,31,29
"225","2020-05-02",207,3,324,668,5300,0.389056603773585,0,0,474,1276,50,5610,31,1592,46,31
"226","2020-05-03",199,3,320,644,5300,0.389056603773585,0,0,474,1276,27,5637,33,1625,20,33
"227","2020-05-04",187,3,301,605,5300,0.389056603773585,0,0,474,1276,45,5682,29,1654,39,29
"228","2020-05-05",180,3,285,578,5300,0.389056603773585,0,0,474,1276,21,5703,24,1678,19,24
"229","2020-05-06",172,3,268,569,5300,0.389056603773585,0,0,474,1276,38,5741,36,1714,28,36
"230","2020-05-07",159,3,252,560,5300,0.389056603773585,0,0,474,1276,30,5771,35,1749,28,35
"231","2020-05-08",143,3,252,555,5300,0.389056603773585,0,0,474,1276,18,5789,29,1778,13,29
"232","2020-05-09",129,3,248,548,5300,0.389056603773585,0,0,474,1276,31,5820,36,1814,24,36
"233","2020-05-10",133,3,243,537,5300,0.389056603773585,0,0,474,1276,27,5847,29,1843,24,29
"234","2020-05-11",138,3,252,530,5300,0.389056603773585,0,0,474,1276,33,5880,25,1868,24,25
"235","2020-05-12",145,3,257,520,5300,0.389056603773585,0,0,474,1276,16,5896,23,1891,11,23
"236","2020-05-13",143,3,260,521,5300,0.389056603773585,0,0,474,1276,18,5914,18,1909,15,18
"237","2020-05-14",145,3,258,514,5300,0.389056603773585,0,0,474,1276,11,5925,27,1936,10,27
"238","2020-05-15",157,3,280,516,5300,0.389056603773585,0,0,474,1276,20,5945,26,1962,17,26
"239","2020-05-16",161,3,271,503,5300,0.389056603773585,0,0,474,1276,23,5968,16,1978,16,16
"240","2020-05-17",149,3,292,503,5300,0.389056603773585,0,0,474,1276,22,5990,16,1994,15,16
"241","2020-05-18",146,3,296,506,5300,0.389056603773585,0,0,474,1276,13,6003,12,2006,11,12
"242","2020-05-19",137,3,286,482,5300,0.389056603773585,0,0,474,1276,17,6020,9,2015,13,9
"243","2020-05-20",136,3,297,468,5300,0.389056603773585,0,0,474,1276,10,6030,32,2047,8,32
"244","2020-05-21",135,3,305,467,5300,0.389056603773585,0,0,474,1276,11,6041,31,2078,7,31
"245","2020-05-22",128,3,306,436,5300,0.389056603773585,0,0,474,1276,20,6061,37,2115,15,37
"246","2020-05-23",126,3,323,419,5300,0.389056603773585,0,0,474,1276,6,6067,29,2144,5,29
"247","2020-05-24",134,3,321,407,5300,0.389056603773585,0,0,474,1276,20,6087,31,2175,16,31
"248","2020-05-25",123,3,310,396,5300,0.389056603773585,0,0,474,1276,7,6094,13,2188,3,13
"249","2020-05-26",116,3,339,380,5300,0.389056603773585,0,0,474,1276,11,6105,31,2219,10,31
"250","2020-05-27",114,3,352,348,5300,0.389056603773585,0,0,474,1276,7,6112,19,2238,6,19
"251","2020-05-28",102,3,355,326,5300,0.389056603773585,0,0,474,1276,13,6125,26,2264,10,26
"252","2020-05-29",98,3,345,317,5300,0.389056603773585,0,0,474,1276,7,6132,20,2284,3,20
"253","2020-05-30",95,3,344,306,5300,0.389056603773585,0,0,474,1276,13,6145,31,2315,10,31
"254","2020-05-31",84,3,350,285,5300,0.389056603773585,0,0,474,1276,8,6153,35,2350,3,35
"255","2020-06-01",91,3,332,283,5300,0.389056603773585,0,0,474,1276,9,6162,34,2384,8,34
"256","2020-06-02",90,3,307,282,5300,0.389056603773585,0,0,474,1276,14,6176,26,2410,10,26
"257","2020-06-03",88,3,303,279,5300,0.389056603773585,0,0,474,1276,8,6184,35,2445,4,35
"258","2020-06-04",86,3,278,268,5300,0.389056603773585,0,0,474,1276,11,6195,31,2476,9,31
"259","2020-06-05",86,3,271,263,5300,0.389056603773585,0,0,474,1276,9,6204,18,2494,8,18
"260","2020-06-06",87,3,263,252,5300,0.389056603773585,0,0,474,1276,7,6211,20,2514,5,20
"261","2020-06-07",85,3,282,238,5300,0.389056603773585,0,0,474,1276,5,6216,19,2533,4,19
"262","2020-03-13",2,4,63,72,4845,0.675541795665635,0,0,451,654,62,148,10,46,19,10
"263","2020-03-14",4,4,64,94,4845,0.675541795665635,0,0,451,654,78,226,21,67,33,21
"264","2020-03-15",9,4,56,115,4845,0.675541795665635,0,0,451,654,97,323,46,113,46,46
"265","2020-03-16",15,4,51,150,4845,0.675541795665635,0,0,451,654,125,448,52,165,101,52
"266","2020-03-17",17,4,42,195,4845,0.675541795665635,0,0,451,654,153,601,29,194,123,29
"267","2020-03-18",26,4,42,227,4845,0.675541795665635,0,0,451,654,213,814,11,205,180,11
"268","2020-03-19",32,4,40,269,4845,0.675541795665635,0,0,451,654,230,1044,20,225,193,20
"269","2020-03-20",42,4,40,306,4845,0.675541795665635,0,0,451,654,269,1313,41,266,240,41
"270","2020-03-21",60,4,67,333,4845,0.675541795665635,0,0,451,654,369,1682,26,292,332,26
"271","2020-03-22",67,4,76,382,4845,0.675541795665635,0,0,451,654,430,2112,25,317,397,25
"272","2020-03-23",80,4,96,426,4845,0.675541795665635,0,0,451,654,382,2494,70,387,356,70
"273","2020-03-24",89,4,103,471,4845,0.675541795665635,0,0,451,654,594,3088,56,443,565,56
"274","2020-03-25",96,4,90,501,4845,0.675541795665635,0,0,451,654,554,3642,34,477,528,34
"275","2020-03-26",106,4,78,523,4845,0.675541795665635,0,0,451,654,561,4203,33,510,535,33
"276","2020-03-27",128,4,81,576,4845,0.675541795665635,0,0,451,654,515,4718,45,555,498,45
"277","2020-03-28",126,4,119,595,4845,0.675541795665635,0,0,451,654,612,5330,24,579,591,24
"278","2020-03-29",132,4,111,626,4845,0.675541795665635,0,0,451,654,350,5680,77,656,333,77
"279","2020-03-30",140,4,117,677,4845,0.675541795665635,0,0,451,654,373,6053,46,702,356,46
"280","2020-03-31",162,4,125,705,4845,0.675541795665635,0,0,451,654,323,6376,40,742,308,40
"281","2020-04-01",182,4,129,747,4845,0.675541795665635,0,0,451,654,319,6695,54,796,307,54
"282","2020-04-02",192,4,141,770,4845,0.675541795665635,0,0,451,654,258,6953,60,856,251,60
"283","2020-04-03",182,4,171,779,4845,0.675541795665635,0,0,451,654,191,7144,42,898,181,42
"284","2020-04-04",185,4,191,803,4845,0.675541795665635,0,0,451,654,136,7280,67,965,128,67
"285","2020-04-05",191,4,191,808,4845,0.675541795665635,0,0,451,654,135,7415,70,1035,132,70
"286","2020-04-06",204,4,195,829,4845,0.675541795665635,0,0,451,654,63,7478,63,1098,59,63
"287","2020-04-07",188,4,185,845,4845,0.675541795665635,0,0,451,654,56,7534,38,1136,53,38
"288","2020-04-08",189,4,170,852,4845,0.675541795665635,0,0,451,654,44,7578,16,1152,40,16
"289","2020-04-09",188,4,159,863,4845,0.675541795665635,0,0,451,654,34,7612,11,1163,28,11
"290","2020-04-10",197,4,184,887,4845,0.675541795665635,0,0,451,654,33,7645,25,1188,28,25
"291","2020-04-11",222,4,213,923,4845,0.675541795665635,0,0,451,654,21,7666,56,1244,17,56
"292","2020-04-12",236,4,211,971,4845,0.675541795665635,0,0,451,654,11,7677,56,1300,9,56
"293","2020-04-13",235,4,180,990,4845,0.675541795665635,0,0,451,654,11,7688,29,1329,10,29
"294","2020-04-14",268,4,214,982,4845,0.675541795665635,0,0,451,654,18,7706,33,1362,17,33
"295","2020-04-15",274,4,193,994,4845,0.675541795665635,0,0,451,654,6,7712,22,1384,4,22
"296","2020-04-16",289,4,163,988,4845,0.675541795665635,0,0,451,654,8,7720,48,1432,6,48
"297","2020-04-17",299,4,151,980,4845,0.675541795665635,0,0,451,654,5,7725,80,1512,4,80
"298","2020-04-18",288,4,140,982,4845,0.675541795665635,0,0,451,654,9,7734,67,1579,6,67
"299","2020-04-19",298,4,124,967,4845,0.675541795665635,0,0,451,654,3,7737,31,1610,3,31
"300","2020-04-20",295,4,109,943,4845,0.675541795665635,0,0,451,654,3,7740,17,1627,2,17
"301","2020-04-21",288,4,95,945,4845,0.675541795665635,0,0,451,654,2,7742,12,1639,2,12
"302","2020-04-22",275,4,88,927,4845,0.675541795665635,0,0,451,654,4,7746,12,1651,NA,12
"303","2020-04-23",267,4,144,887,4845,0.675541795665635,0,0,451,654,4,7750,11,1662,1,11
"304","2020-04-24",254,4,167,863,4845,0.675541795665635,0,0,451,654,2,7752,14,1676,1,14
"305","2020-04-25",257,4,162,815,4845,0.675541795665635,0,0,451,654,3,7755,38,1714,NA,38
"306","2020-04-26",244,4,163,817,4845,0.675541795665635,0,0,451,654,6,7761,25,1739,3,25
"307","2020-04-27",242,4,176,782,4845,0.675541795665635,0,0,451,654,3,7764,12,1751,NA,12
"308","2020-04-28",234,4,189,754,4845,0.675541795665635,0,0,451,654,4,7768,10,1761,1,10
"309","2020-04-29",240,4,199,735,4845,0.675541795665635,0,0,451,654,2,7770,71,1832,2,71
"310","2020-04-30",231,4,217,729,4845,0.675541795665635,0,0,451,654,8,7778,29,1861,4,29
"311","2020-05-01",227,4,236,697,4845,0.675541795665635,0,0,451,654,2,7780,51,1912,2,51
"312","2020-05-02",208,4,223,687,4845,0.675541795665635,0,0,451,654,3,7783,47,1959,1,47
"313","2020-05-03",204,4,208,676,4845,0.675541795665635,0,0,451,654,8,7791,51,2010,2,51
"314","2020-05-04",197,4,195,668,4845,0.675541795665635,0,0,451,654,3,7794,66,2076,2,66
"315","2020-05-05",190,4,200,656,4845,0.675541795665635,0,0,451,654,4,7798,36,2112,1,36
"316","2020-05-06",182,4,194,627,4845,0.675541795665635,0,0,451,654,2,7800,14,2126,NA,14
"317","2020-05-07",186,4,191,605,4845,0.675541795665635,0,0,451,654,NA,NA,15,2141,NA,15
"318","2020-05-08",188,4,197,595,4845,0.675541795665635,0,0,451,654,6,7806,34,2175,5,34
"319","2020-05-09",203,4,187,596,4845,0.675541795665635,0,0,451,654,1,7807,15,2190,1,15
"320","2020-05-10",196,4,210,582,4845,0.675541795665635,0,0,451,654,1,7808,57,2247,1,57
"321","2020-05-11",195,4,198,566,4845,0.675541795665635,0,0,451,654,NA,NA,31,2278,NA,31
"322","2020-05-12",190,4,184,569,4845,0.675541795665635,0,0,451,654,1,7809,21,2299,1,21
"323","2020-05-13",178,4,171,565,4845,0.675541795665635,0,0,451,654,3,7812,20,2319,2,20
"324","2020-05-14",170,4,157,545,4845,0.675541795665635,0,0,451,654,NA,NA,15,2334,NA,15
"325","2020-05-15",169,4,135,506,4845,0.675541795665635,0,0,451,654,3,7815,60,2394,1,60
"326","2020-05-16",154,4,114,486,4845,0.675541795665635,0,0,451,654,4,7819,56,2450,2,56
"327","2020-05-17",150,4,93,472,4845,0.675541795665635,0,0,451,654,NA,NA,32,2482,NA,32
"328","2020-05-18",140,4,80,432,4845,0.675541795665635,0,0,451,654,3,7822,32,2514,2,32
"329","2020-05-19",132,4,75,401,4845,0.675541795665635,0,0,451,654,3,7825,17,2531,1,17
"330","2020-05-20",134,4,66,374,4845,0.675541795665635,0,0,451,654,2,7827,15,2546,NA,15
"331","2020-05-21",127,4,90,356,4845,0.675541795665635,0,0,451,654,3,7830,59,2605,2,59
"332","2020-05-22",112,4,93,352,4845,0.675541795665635,0,0,451,654,2,7832,34,2639,2,34
"333","2020-05-23",105,4,101,331,4845,0.675541795665635,0,0,451,654,1,7833,24,2663,NA,24
"334","2020-05-24",91,4,116,323,4845,0.675541795665635,0,0,451,654,3,7836,66,2729,2,66
"335","2020-05-25",91,4,112,298,4845,0.675541795665635,0,0,451,654,1,7837,78,2807,NA,78
"336","2020-05-26",91,4,119,302,4845,0.675541795665635,0,0,451,654,NA,NA,29,2836,NA,29
"337","2020-05-27",91,4,115,305,4845,0.675541795665635,0,0,451,654,4,7841,39,2875,1,39
"338","2020-05-28",88,4,149,287,4845,0.675541795665635,0,0,451,654,1,7842,62,2937,1,62
"339","2020-05-29",86,4,156,277,4845,0.675541795665635,0,0,451,654,1,7843,27,2964,1,27
"340","2020-05-30",88,4,155,279,4845,0.675541795665635,0,0,451,654,1,7844,23,2987,1,23
"341","2020-05-31",88,4,157,270,4845,0.675541795665635,0,0,451,654,1,7845,19,3006,NA,19
"342","2020-06-01",87,4,136,266,4845,0.675541795665635,0,0,451,654,1,7846,54,3060,1,54
"343","2020-06-02",78,4,136,267,4845,0.675541795665635,0,0,451,654,1,7847,74,3134,NA,74
"344","2020-06-03",76,4,129,250,4845,0.675541795665635,0,0,451,654,2,7849,43,3177,2,43
"345","2020-06-04",80,4,129,236,4845,0.675541795665635,0,0,451,654,2,7851,41,3218,NA,41
"346","2020-06-05",80,4,137,225,4845,0.675541795665635,0,0,451,654,NA,NA,19,3237,NA,19
"347","2020-06-06",72,4,139,210,4845,0.675541795665635,0,0,451,654,2,7853,14,3251,NA,14
"348","2020-06-07",71,4,119,201,4845,0.675541795665635,0,0,451,654,NA,NA,27,3278,NA,27
"349","2020-03-12",1,5,24,48,3954,0.429691451694487,0,0,351,365,15,30,11,18,2,11
"350","2020-03-13",2,5,37,75,3954,0.429691451694487,0,0,351,365,14,44,26,44,2,26
"351","2020-03-14",4,5,44,103,3954,0.429691451694487,0,0,351,365,27,71,21,65,6,21
"352","2020-03-15",6,5,41,149,3954,0.429691451694487,0,0,351,365,24,95,14,79,9,14
"353","2020-03-16",13,5,63,186,3954,0.429691451694487,0,0,351,365,19,114,23,102,8,23
"354","2020-03-17",22,5,68,222,3954,0.429691451694487,0,0,351,365,42,156,24,126,26,24
"355","2020-03-18",30,5,61,261,3954,0.429691451694487,0,0,351,365,25,181,39,165,13,39
"356","2020-03-19",38,5,61,302,3954,0.429691451694487,0,0,351,365,33,214,38,203,23,38
"357","2020-03-20",51,5,55,369,3954,0.429691451694487,0,0,351,365,35,249,35,238,18,35
"358","2020-03-21",62,5,70,415,3954,0.429691451694487,0,0,351,365,33,282,38,276,22,38
"359","2020-03-22",79,5,75,456,3954,0.429691451694487,0,0,351,365,44,326,45,321,25,45
"360","2020-03-23",89,5,78,506,3954,0.429691451694487,0,0,351,365,24,350,27,348,9,27
"361","2020-03-24",99,5,69,528,3954,0.429691451694487,0,0,351,365,37,387,21,369,28,21
"362","2020-03-25",109,5,81,550,3954,0.429691451694487,0,0,351,365,46,433,39,408,26,39
"363","2020-03-26",119,5,78,553,3954,0.429691451694487,0,0,351,365,39,472,27,435,28,27
"364","2020-03-27",128,5,79,580,3954,0.429691451694487,0,0,351,365,55,527,23,458,39,23
"365","2020-03-28",140,5,80,595,3954,0.429691451694487,0,0,351,365,58,585,25,483,36,25
"366","2020-03-29",156,5,71,617,3954,0.429691451694487,0,0,351,365,53,638,41,524,31,41
"367","2020-03-30",164,5,68,648,3954,0.429691451694487,0,0,351,365,53,691,54,578,38,54
"368","2020-03-31",171,5,71,639,3954,0.429691451694487,0,0,351,365,48,739,28,606,31,28
"369","2020-04-01",180,5,71,647,3954,0.429691451694487,0,0,351,365,50,789,20,626,35,20
"370","2020-04-02",197,5,71,664,3954,0.429691451694487,0,0,351,365,61,850,19,645,51,19
"371","2020-04-03",193,5,80,667,3954,0.429691451694487,0,0,351,365,57,907,28,673,39,28
"372","2020-04-04",188,5,84,667,3954,0.429691451694487,0,0,351,365,45,952,17,690,32,17
"373","2020-04-05",188,5,82,684,3954,0.429691451694487,0,0,351,365,46,998,16,706,33,16
"374","2020-04-06",195,5,85,694,3954,0.429691451694487,0,0,351,365,67,1065,27,733,42,27
"375","2020-04-07",191,5,107,699,3954,0.429691451694487,0,0,351,365,37,1102,40,773,27,40
"376","2020-04-08",195,5,145,717,3954,0.429691451694487,0,0,351,365,50,1152,35,808,32,35
"377","2020-04-09",186,5,154,709,3954,0.429691451694487,0,0,351,365,48,1200,26,834,29,26
"378","2020-04-10",197,5,155,718,3954,0.429691451694487,0,0,351,365,44,1244,23,857,30,23
"379","2020-04-11",206,5,165,704,3954,0.429691451694487,0,0,351,365,54,1298,28,885,41,28
"380","2020-04-12",205,5,153,691,3954,0.429691451694487,0,0,351,365,44,1342,49,934,27,49
"381","2020-04-13",210,5,176,668,3954,0.429691451694487,0,0,351,365,49,1391,24,958,33,24
"382","2020-04-14",212,5,181,664,3954,0.429691451694487,0,0,351,365,53,1444,40,998,36,40
"383","2020-04-15",208,5,168,638,3954,0.429691451694487,0,0,351,365,47,1491,30,1028,28,30
"384","2020-04-16",205,5,153,627,3954,0.429691451694487,0,0,351,365,46,1537,50,1078,31,50
"385","2020-04-17",206,5,139,614,3954,0.429691451694487,0,0,351,365,45,1582,43,1121,32,43
"386","2020-04-18",208,5,125,611,3954,0.429691451694487,0,0,351,365,53,1635,49,1170,32,49
"387","2020-04-19",197,5,120,584,3954,0.429691451694487,0,0,351,365,31,1666,33,1203,17,33
"388","2020-04-20",182,5,117,576,3954,0.429691451694487,0,0,351,365,47,1713,37,1240,26,37
"389","2020-04-21",189,5,108,570,3954,0.429691451694487,0,0,351,365,37,1750,41,1281,26,41
"390","2020-04-22",182,5,120,552,3954,0.429691451694487,0,0,351,365,47,1797,36,1317,30,36
"391","2020-04-23",175,5,132,536,3954,0.429691451694487,0,0,351,365,41,1838,26,1343,24,26
"392","2020-04-24",171,5,152,530,3954,0.429691451694487,0,0,351,365,41,1879,47,1390,22,47
"393","2020-04-25",164,5,168,539,3954,0.429691451694487,0,0,351,365,45,1924,53,1443,29,53
"394","2020-04-26",160,5,174,542,3954,0.429691451694487,0,0,351,365,39,1963,66,1509,23,66
"395","2020-04-27",159,5,159,542,3954,0.429691451694487,0,0,351,365,37,2000,46,1555,22,46
"396","2020-04-28",150,5,145,539,3954,0.429691451694487,0,0,351,365,37,2037,39,1594,19,39
"397","2020-04-29",156,5,144,541,3954,0.429691451694487,0,0,351,365,41,2078,51,1645,24,51
"398","2020-04-30",163,5,134,530,3954,0.429691451694487,0,0,351,365,39,2117,41,1686,22,41
"399","2020-05-01",160,5,140,527,3954,0.429691451694487,0,0,351,365,27,2144,22,1708,15,22
"400","2020-05-02",161,5,131,540,3954,0.429691451694487,0,0,351,365,32,2176,40,1748,18,40
"401","2020-05-03",166,5,154,538,3954,0.429691451694487,0,0,351,365,39,2215,36,1784,25,36
"402","2020-05-04",166,5,170,536,3954,0.429691451694487,0,0,351,365,43,2258,25,1809,25,25
"403","2020-05-05",157,5,171,523,3954,0.429691451694487,0,0,351,365,28,2286,27,1836,18,27
"404","2020-05-06",151,5,183,518,3954,0.429691451694487,0,0,351,365,28,2314,26,1862,12,26
"405","2020-05-07",150,5,177,519,3954,0.429691451694487,0,0,351,365,43,2357,21,1883,25,21
"406","2020-05-08",150,5,165,511,3954,0.429691451694487,0,0,351,365,28,2385,53,1936,12,53
"407","2020-05-09",148,5,159,510,3954,0.429691451694487,0,0,351,365,23,2408,24,1960,14,24
"408","2020-05-10",138,5,167,495,3954,0.429691451694487,0,0,351,365,28,2436,26,1986,17,26
"409","2020-05-11",146,5,163,490,3954,0.429691451694487,0,0,351,365,29,2465,24,2010,18,24
"410","2020-05-12",152,5,165,489,3954,0.429691451694487,0,0,351,365,28,2493,37,2047,8,37
"411","2020-05-13",156,5,151,478,3954,0.429691451694487,0,0,351,365,38,2531,36,2083,24,36
"412","2020-05-14",153,5,135,460,3954,0.429691451694487,0,0,351,365,31,2562,22,2105,18,22
"413","2020-05-15",146,5,134,448,3954,0.429691451694487,0,0,351,365,23,2585,12,2117,9,12
"414","2020-05-16",137,5,145,436,3954,0.429691451694487,0,0,351,365,20,2605,18,2135,13,18
"415","2020-05-17",141,5,165,423,3954,0.429691451694487,0,0,351,365,28,2633,28,2163,16,28
"416","2020-05-18",128,5,155,408,3954,0.429691451694487,0,0,351,365,21,2654,36,2199,16,36
"417","2020-05-19",120,5,145,391,3954,0.429691451694487,0,0,351,365,23,2677,26,2225,16,26
"418","2020-05-20",110,5,142,373,3954,0.429691451694487,0,0,351,365,24,2701,36,2261,15,36
"419","2020-05-21",103,5,134,354,3954,0.429691451694487,0,0,351,365,24,2725,47,2308,18,47
"420","2020-05-22",99,5,130,342,3954,0.429691451694487,0,0,351,365,26,2751,27,2335,19,27
"421","2020-05-23",101,5,142,320,3954,0.429691451694487,0,0,351,365,24,2775,25,2360,17,25
"422","2020-05-24",98,5,160,302,3954,0.429691451694487,0,0,351,365,28,2803,16,2376,17,16
"423","2020-05-25",98,5,158,286,3954,0.429691451694487,0,0,351,365,26,2829,13,2389,15,13
"424","2020-05-26",96,5,157,276,3954,0.429691451694487,0,0,351,365,13,2842,33,2422,8,33
"425","2020-05-27",92,5,142,260,3954,0.429691451694487,0,0,351,365,30,2872,43,2465,23,43
"426","2020-05-28",90,5,130,250,3954,0.429691451694487,0,0,351,365,15,2887,46,2511,9,46
"427","2020-05-29",89,5,122,241,3954,0.429691451694487,0,0,351,365,27,2914,26,2537,17,26
"428","2020-05-30",90,5,115,232,3954,0.429691451694487,0,0,351,365,15,2929,48,2585,9,48
"429","2020-05-31",85,5,98,222,3954,0.429691451694487,0,0,351,365,23,2952,19,2604,12,19
"430","2020-06-01",78,5,91,221,3954,0.429691451694487,0,0,351,365,15,2967,19,2623,9,19
"431","2020-06-02",72,5,81,215,3954,0.429691451694487,0,0,351,365,18,2985,18,2641,11,18
"432","2020-06-03",74,5,72,209,3954,0.429691451694487,0,0,351,365,13,2998,28,2669,9,28
"433","2020-06-04",71,5,77,216,3954,0.429691451694487,0,0,351,365,18,3016,19,2688,12,19
"434","2020-06-05",68,5,78,206,3954,0.429691451694487,0,0,351,365,15,3031,31,2719,8,31
"435","2020-06-06",66,5,75,208,3954,0.429691451694487,0,0,351,365,14,3045,29,2748,8,29
"436","2020-06-07",61,5,83,203,3954,0.429691451694487,0,0,351,365,17,3062,22,2770,11,22
"437","2020-03-12",1,6,82,65,8183,0.909202004154955,0,0,718,1014,30,50,17,26,2,17
"438","2020-03-13",3,6,116,94,8183,0.909202004154955,0,0,718,1014,29,79,30,56,8,30
"439","2020-03-14",3,6,137,141,8183,0.909202004154955,0,0,718,1014,32,111,29,85,8,29
"440","2020-03-15",8,6,167,215,8183,0.909202004154955,0,0,718,1014,23,134,19,104,7,19
"441","2020-03-16",14,6,154,320,8183,0.909202004154955,0,0,718,1014,43,177,25,129,17,25
"442","2020-03-17",25,6,154,446,8183,0.909202004154955,0,0,718,1014,48,225,43,172,13,43
"443","2020-03-18",42,6,135,564,8183,0.909202004154955,0,0,718,1014,34,259,29,201,14,29
"444","2020-03-19",61,6,154,718,8183,0.909202004154955,0,0,718,1014,44,303,39,240,16,39
"445","2020-03-20",74,6,150,894,8183,0.909202004154955,0,0,718,1014,45,348,31,271,23,31
"446","2020-03-21",103,6,160,1132,8183,0.909202004154955,0,0,718,1014,45,393,40,311,16,40
"447","2020-03-22",141,6,191,1362,8183,0.909202004154955,0,0,718,1014,34,427,35,346,14,35
"448","2020-03-23",175,6,205,1702,8183,0.909202004154955,0,0,718,1014,50,477,31,377,12,31
"449","2020-03-24",216,6,180,2049,8183,0.909202004154955,0,0,718,1014,39,516,16,393,13,16
"450","2020-03-25",286,6,171,2448,8183,0.909202004154955,0,0,718,1014,30,546,11,404,14,11
"451","2020-03-26",345,6,154,2783,8183,0.909202004154955,0,0,718,1014,47,593,39,443,13,39
"452","2020-03-27",432,6,132,3191,8183,0.909202004154955,0,0,718,1014,43,636,23,466,15,23
"453","2020-03-28",515,6,166,3447,8183,0.909202004154955,0,0,718,1014,40,676,50,516,20,50
"454","2020-03-29",613,6,171,3853,8183,0.909202004154955,0,0,718,1014,36,712,26,542,9,26
"455","2020-03-30",732,6,212,4013,8183,0.909202004154955,0,0,718,1014,35,747,23,565,8,23
"456","2020-03-31",848,6,245,4176,8183,0.909202004154955,0,0,718,1014,50,797,14,579,16,14
"457","2020-04-01",921,6,246,4381,8183,0.909202004154955,0,0,718,1014,51,848,14,593,17,14
"458","2020-04-02",1000,6,223,4403,8183,0.909202004154955,0,0,718,1014,42,890,7,600,13,7
"459","2020-04-03",1066,6,196,4369,8183,0.909202004154955,0,0,718,1014,42,932,13,613,18,13
"460","2020-04-04",1135,6,175,4324,8183,0.909202004154955,0,0,718,1014,53,985,11,624,18,11
"461","2020-04-05",1168,6,167,4136,8183,0.909202004154955,0,0,718,1014,56,1041,10,634,24,10
"462","2020-04-06",1169,6,190,3839,8183,0.909202004154955,0,0,718,1014,53,1094,32,666,33,32
"463","2020-04-07",1172,6,206,3551,8183,0.909202004154955,0,0,718,1014,64,1158,18,684,24,18
"464","2020-04-08",1136,6,198,3234,8183,0.909202004154955,0,0,718,1014,51,1209,14,698,17,14
"465","2020-04-09",1120,6,230,2904,8183,0.909202004154955,0,0,718,1014,43,1252,34,732,20,34
"466","2020-04-10",1074,6,211,2541,8183,0.909202004154955,0,0,718,1014,48,1300,35,767,21,35
"467","2020-04-11",1023,6,218,2196,8183,0.909202004154955,0,0,718,1014,49,1349,12,779,23,12
"468","2020-04-12",927,6,213,1892,8183,0.909202004154955,0,0,718,1014,45,1394,49,828,22,49
"469","2020-04-13",842,6,209,1609,8183,0.909202004154955,0,0,718,1014,50,1444,39,867,16,39
"470","2020-04-14",727,6,198,1367,8183,0.909202004154955,0,0,718,1014,48,1492,34,901,17,34
"471","2020-04-15",655,6,161,1087,8183,0.909202004154955,0,0,718,1014,46,1538,70,971,16,70
"472","2020-04-16",551,6,164,890,8183,0.909202004154955,0,0,718,1014,49,1587,60,1031,14,60
"473","2020-04-17",466,6,196,699,8183,0.909202004154955,0,0,718,1014,37,1624,58,1089,11,58
"474","2020-04-18",364,6,221,593,8183,0.909202004154955,0,0,718,1014,40,1664,32,1121,10,32
"475","2020-04-19",314,6,200,473,8183,0.909202004154955,0,0,718,1014,27,1691,57,1178,5,57
"476","2020-04-20",254,6,186,378,8183,0.909202004154955,0,0,718,1014,34,1725,31,1209,9,31
"477","2020-04-21",210,6,163,328,8183,0.909202004154955,0,0,718,1014,31,1756,22,1231,7,22
"478","2020-04-22",172,6,172,270,8183,0.909202004154955,0,0,718,1014,35,1791,11,1242,7,11
"479","2020-04-23",145,6,160,219,8183,0.909202004154955,0,0,718,1014,48,1839,20,1262,17,20
"480","2020-04-24",113,6,144,184,8183,0.909202004154955,0,0,718,1014,37,1876,46,1308,7,46
"481","2020-04-25",88,6,221,141,8183,0.909202004154955,0,0,718,1014,44,1920,28,1336,7,28
"482","2020-04-26",65,6,279,119,8183,0.909202004154955,0,0,718,1014,36,1956,21,1357,4,21
"483","2020-04-27",55,6,264,98,8183,0.909202004154955,0,0,718,1014,42,1998,18,1375,12,18
"484","2020-04-28",46,6,228,91,8183,0.909202004154955,0,0,718,1014,39,2037,23,1398,11,23
"485","2020-04-29",33,6,218,79,8183,0.909202004154955,0,0,718,1014,38,2075,11,1409,7,11
"486","2020-04-30",25,6,195,75,8183,0.909202004154955,0,0,718,1014,45,2120,21,1430,13,21
"487","2020-05-01",22,6,177,61,8183,0.909202004154955,0,0,718,1014,49,2169,63,1493,13,63
"488","2020-05-02",20,6,174,56,8183,0.909202004154955,0,0,718,1014,45,2214,43,1536,16,43
"489","2020-05-03",18,6,168,50,8183,0.909202004154955,0,0,718,1014,43,2257,68,1604,13,68
"490","2020-05-04",14,6,148,48,8183,0.909202004154955,0,0,718,1014,42,2299,37,1641,13,37
"491","2020-05-05",13,6,120,46,8183,0.909202004154955,0,0,718,1014,41,2340,33,1674,9,33
"492","2020-05-06",15,6,122,45,8183,0.909202004154955,0,0,718,1014,46,2386,21,1695,10,21
"493","2020-05-07",14,6,162,43,8183,0.909202004154955,0,0,718,1014,33,2419,22,1717,9,22
"494","2020-05-08",13,6,159,39,8183,0.909202004154955,0,0,718,1014,41,2460,29,1746,11,29
"495","2020-05-09",14,6,145,35,8183,0.909202004154955,0,0,718,1014,35,2495,22,1768,10,22
"496","2020-05-10",12,6,153,32,8183,0.909202004154955,0,0,718,1014,45,2540,42,1810,17,42
"497","2020-05-11",11,6,202,27,8183,0.909202004154955,0,0,718,1014,39,2579,55,1865,12,55
"498","2020-05-12",12,6,233,27,8183,0.909202004154955,0,0,718,1014,43,2622,29,1894,17,29
"499","2020-05-13",11,6,257,24,8183,0.909202004154955,0,0,718,1014,44,2666,48,1942,14,48
"500","2020-05-14",10,6,241,23,8183,0.909202004154955,0,0,718,1014,37,2703,29,1971,12,29
"501","2020-05-15",9,6,260,21,8183,0.909202004154955,0,0,718,1014,33,2736,48,2019,4,48
"502","2020-05-16",8,6,257,21,8183,0.909202004154955,0,0,718,1014,29,2765,36,2055,10,36
"503","2020-05-17",7,6,251,21,8183,0.909202004154955,0,0,718,1014,25,2790,46,2101,12,46
"504","2020-05-18",7,6,255,22,8183,0.909202004154955,0,0,718,1014,26,2816,23,2124,6,23
"505","2020-05-19",5,6,241,22,8183,0.909202004154955,0,0,718,1014,34,2850,24,2148,9,24
"506","2020-05-20",4,6,211,20,8183,0.909202004154955,0,0,718,1014,24,2874,12,2160,8,12
"507","2020-05-21",3,6,203,19,8183,0.909202004154955,0,0,718,1014,28,2902,16,2176,11,16
"508","2020-05-22",3,6,214,17,8183,0.909202004154955,0,0,718,1014,28,2930,9,2185,13,9
"509","2020-05-23",3,6,234,16,8183,0.909202004154955,0,0,718,1014,19,2949,16,2201,5,16
"510","2020-05-24",3,6,221,15,8183,0.909202004154955,0,0,718,1014,26,2975,18,2219,14,18
"511","2020-05-25",4,6,194,13,8183,0.909202004154955,0,0,718,1014,29,3004,44,2263,8,44
"512","2020-05-26",3,6,176,12,8183,0.909202004154955,0,0,718,1014,18,3022,55,2318,3,55
"513","2020-05-27",2,6,192,13,8183,0.909202004154955,0,0,718,1014,12,3034,56,2374,5,56
"514","2020-05-28",3,6,172,13,8183,0.909202004154955,0,0,718,1014,22,3056,60,2434,3,60
"515","2020-05-29",4,6,142,16,8183,0.909202004154955,0,0,718,1014,9,3065,25,2459,3,25
"516","2020-05-30",4,6,145,15,8183,0.909202004154955,0,0,718,1014,24,3089,18,2477,5,18
"517","2020-05-31",4,6,182,18,8183,0.909202004154955,0,0,718,1014,24,3113,43,2520,6,43
"518","2020-06-01",4,6,165,17,8183,0.909202004154955,0,0,718,1014,8,3121,19,2539,1,19
"519","2020-06-02",5,6,151,17,8183,0.909202004154955,0,0,718,1014,15,3136,25,2564,4,25
"520","2020-06-03",6,6,135,17,8183,0.909202004154955,0,0,718,1014,22,3158,35,2599,4,35
"521","2020-06-04",5,6,144,18,8183,0.909202004154955,0,0,718,1014,18,3176,35,2634,4,35
"522","2020-06-05",5,6,144,16,8183,0.909202004154955,0,0,718,1014,16,3192,22,2656,8,22
"523","2020-06-06",4,6,145,15,8183,0.909202004154955,0,0,718,1014,15,3207,46,2702,5,46
"524","2020-06-07",4,6,155,13,8183,0.909202004154955,0,0,718,1014,13,3220,31,2733,3,31
"525","2020-03-13",6,7,24,168,5222,0.285905783224818,0,0,443,494,19,49,11,82,5,11
"526","2020-03-14",13,7,33,222,5222,0.285905783224818,0,0,443,494,27,76,18,100,8,18
"527","2020-03-15",27,7,34,274,5222,0.285905783224818,0,0,443,494,26,102,34,134,10,34
"528","2020-03-16",41,7,32,339,5222,0.285905783224818,0,0,443,494,22,124,23,157,13,23
"529","2020-03-17",53,7,34,386,5222,0.285905783224818,0,0,443,494,21,145,23,180,13,23
"530","2020-03-18",68,7,37,440,5222,0.285905783224818,0,0,443,494,28,173,17,197,14,17
"531","2020-03-19",86,7,49,489,5222,0.285905783224818,0,0,443,494,32,205,39,236,12,39
"532","2020-03-20",98,7,57,545,5222,0.285905783224818,0,0,443,494,30,235,17,253,22,17
"533","2020-03-21",106,7,66,583,5222,0.285905783224818,0,0,443,494,41,276,23,276,31,23
"534","2020-03-22",118,7,62,625,5222,0.285905783224818,0,0,443,494,40,316,42,318,28,42
"535","2020-03-23",130,7,60,653,5222,0.285905783224818,0,0,443,494,36,352,19,337,18,19
"536","2020-03-24",150,7,84,683,5222,0.285905783224818,0,0,443,494,30,382,18,355,20,18
"537","2020-03-25",162,7,97,701,5222,0.285905783224818,0,0,443,494,34,416,11,366,26,11
"538","2020-03-26",170,7,94,718,5222,0.285905783224818,0,0,443,494,45,461,10,376,28,10
"539","2020-03-27",183,7,100,733,5222,0.285905783224818,0,0,443,494,34,495,10,386,22,10
"540","2020-03-28",189,7,116,726,5222,0.285905783224818,0,0,443,494,52,547,53,439,39,53
"541","2020-03-29",195,7,112,735,5222,0.285905783224818,0,0,443,494,59,606,50,489,39,50
"542","2020-03-30",200,7,104,722,5222,0.285905783224818,0,0,443,494,50,656,47,536,37,47
"543","2020-03-31",197,7,131,731,5222,0.285905783224818,0,0,443,494,42,698,28,564,26,28
"544","2020-04-01",193,7,133,727,5222,0.285905783224818,0,0,443,494,45,743,18,582,27,18
"545","2020-04-02",197,7,128,739,5222,0.285905783224818,0,0,443,494,46,789,20,602,31,20
"546","2020-04-03",201,7,111,742,5222,0.285905783224818,0,0,443,494,48,837,31,633,31,31
"547","2020-04-04",210,7,105,757,5222,0.285905783224818,0,0,443,494,66,903,30,663,42,30
"548","2020-04-05",212,7,89,777,5222,0.285905783224818,0,0,443,494,43,946,30,693,28,30
"549","2020-04-06",208,7,82,781,5222,0.285905783224818,0,0,443,494,47,993,12,705,29,12
"550","2020-04-07",207,7,103,785,5222,0.285905783224818,0,0,443,494,57,1050,8,713,42,8
"551","2020-04-08",204,7,111,789,5222,0.285905783224818,0,0,443,494,47,1097,7,720,36,7
"552","2020-04-09",202,7,100,819,5222,0.285905783224818,0,0,443,494,52,1149,47,767,37,47
"553","2020-04-10",208,7,113,815,5222,0.285905783224818,0,0,443,494,40,1189,28,795,30,28
"554","2020-04-11",207,7,112,812,5222,0.285905783224818,0,0,443,494,38,1227,41,836,21,41
"555","2020-04-12",204,7,114,826,5222,0.285905783224818,0,0,443,494,39,1266,18,854,24,18
"556","2020-04-13",203,7,124,819,5222,0.285905783224818,0,0,443,494,42,1308,24,878,21,24
"557","2020-04-14",216,7,128,831,5222,0.285905783224818,0,0,443,494,48,1356,10,888,33,10
"558","2020-04-15",229,7,128,825,5222,0.285905783224818,0,0,443,494,37,1393,26,914,23,26
"559","2020-04-16",235,7,112,826,5222,0.285905783224818,0,0,443,494,51,1444,15,929,37,15
"560","2020-04-17",219,7,106,842,5222,0.285905783224818,0,0,443,494,41,1485,11,940,27,11
"561","2020-04-18",230,7,129,832,5222,0.285905783224818,0,0,443,494,40,1525,8,948,27,8
"562","2020-04-19",225,7,135,836,5222,0.285905783224818,0,0,443,494,48,1573,4,952,31,4
"563","2020-04-20",227,7,127,836,5222,0.285905783224818,0,0,443,494,45,1618,11,963,32,11
"564","2020-04-21",223,7,120,841,5222,0.285905783224818,0,0,443,494,41,1659,2,965,30,2
"565","2020-04-22",224,7,133,841,5222,0.285905783224818,0,0,443,494,58,1717,7,972,45,7
"566","2020-04-23",221,7,127,818,5222,0.285905783224818,0,0,443,494,58,1775,5,977,44,5
"567","2020-04-24",224,7,116,822,5222,0.285905783224818,0,0,443,494,51,1826,7,984,30,7
"568","2020-04-25",224,7,113,810,5222,0.285905783224818,0,0,443,494,46,1872,11,995,36,11
"569","2020-04-26",236,7,123,795,5222,0.285905783224818,0,0,443,494,57,1929,40,1035,30,40
"570","2020-04-27",232,7,127,764,5222,0.285905783224818,0,0,443,494,38,1967,32,1067,22,32
"571","2020-04-28",232,7,124,766,5222,0.285905783224818,0,0,443,494,59,2026,53,1120,43,53
"572","2020-04-29",231,7,113,760,5222,0.285905783224818,0,0,443,494,49,2075,30,1150,32,30
"573","2020-04-30",228,7,148,738,5222,0.285905783224818,0,0,443,494,38,2113,53,1203,27,53
"574","2020-05-01",227,7,146,710,5222,0.285905783224818,0,0,443,494,29,2142,42,1245,20,42
"575","2020-05-02",218,7,140,703,5222,0.285905783224818,0,0,443,494,56,2198,43,1288,39,43
"576","2020-05-03",218,7,119,678,5222,0.285905783224818,0,0,443,494,50,2248,26,1314,32,26
"577","2020-05-04",223,7,115,653,5222,0.285905783224818,0,0,443,494,30,2278,22,1336,18,22
"578","2020-05-05",218,7,133,642,5222,0.285905783224818,0,0,443,494,48,2326,43,1379,35,43
"579","2020-05-06",204,7,135,632,5222,0.285905783224818,0,0,443,494,42,2368,14,1393,25,14
"580","2020-05-07",198,7,113,629,5222,0.285905783224818,0,0,443,494,30,2398,18,1411,17,18
"581","2020-05-08",193,7,107,626,5222,0.285905783224818,0,0,443,494,36,2434,13,1424,23,13
"582","2020-05-09",186,7,100,608,5222,0.285905783224818,0,0,443,494,28,2462,31,1455,19,31
"583","2020-05-10",180,7,84,613,5222,0.285905783224818,0,0,443,494,26,2488,16,1471,13,16
"584","2020-05-11",169,7,85,589,5222,0.285905783224818,0,0,443,494,26,2514,18,1489,15,18
"585","2020-05-12",162,7,89,591,5222,0.285905783224818,0,0,443,494,38,2552,11,1500,23,11
"586","2020-05-13",167,7,126,566,5222,0.285905783224818,0,0,443,494,35,2587,17,1517,22,17
"587","2020-05-14",157,7,143,557,5222,0.285905783224818,0,0,443,494,29,2616,54,1571,19,54
"588","2020-05-15",157,7,132,551,5222,0.285905783224818,0,0,443,494,29,2645,27,1598,16,27
"589","2020-05-16",155,7,140,524,5222,0.285905783224818,0,0,443,494,32,2677,23,1621,20,23
"590","2020-05-17",137,7,151,489,5222,0.285905783224818,0,0,443,494,39,2716,7,1628,27,7
"591","2020-05-18",135,7,168,477,5222,0.285905783224818,0,0,443,494,35,2751,4,1632,28,4
"592","2020-05-19",127,7,183,453,5222,0.285905783224818,0,0,443,494,34,2785,9,1641,16,9
"593","2020-05-20",118,7,166,444,5222,0.285905783224818,0,0,443,494,22,2807,7,1648,10,7
"594","2020-05-21",121,7,164,423,5222,0.285905783224818,0,0,443,494,37,2844,23,1671,27,23
"595","2020-05-22",111,7,147,407,5222,0.285905783224818,0,0,443,494,23,2867,57,1728,11,57
"596","2020-05-23",104,7,134,394,5222,0.285905783224818,0,0,443,494,29,2896,16,1744,20,16
"597","2020-05-24",107,7,130,373,5222,0.285905783224818,0,0,443,494,32,2928,19,1763,15,19
"598","2020-05-25",106,7,115,366,5222,0.285905783224818,0,0,443,494,26,2954,15,1778,18,15
"599","2020-05-26",98,7,125,344,5222,0.285905783224818,0,0,443,494,25,2979,51,1829,17,51
"600","2020-05-27",95,7,129,340,5222,0.285905783224818,0,0,443,494,22,3001,31,1860,18,31
"601","2020-05-28",93,7,132,341,5222,0.285905783224818,0,0,443,494,27,3028,20,1880,19,20
"602","2020-05-29",93,7,121,335,5222,0.285905783224818,0,0,443,494,19,3047,15,1895,16,15
"603","2020-05-30",95,7,111,326,5222,0.285905783224818,0,0,443,494,17,3064,10,1905,9,10
"604","2020-05-31",89,7,118,306,5222,0.285905783224818,0,0,443,494,23,3087,9,1914,16,9
"605","2020-06-01",93,7,116,302,5222,0.285905783224818,0,0,443,494,19,3106,25,1939,16,25
"606","2020-06-02",97,7,120,295,5222,0.285905783224818,0,0,443,494,29,3135,35,1974,19,35
"607","2020-06-03",96,7,100,282,5222,0.285905783224818,0,0,443,494,15,3150,53,2027,11,53
"608","2020-06-04",95,7,103,273,5222,0.285905783224818,0,0,443,494,22,3172,43,2070,16,43
"609","2020-06-05",94,7,107,263,5222,0.285905783224818,0,0,443,494,17,3189,33,2103,11,33
"610","2020-06-06",88,7,94,258,5222,0.285905783224818,0,0,443,494,17,3206,33,2136,13,33
"611","2020-06-07",91,7,90,235,5222,0.285905783224818,0,0,443,494,12,3218,23,2159,6,23
"612","2020-03-13",3,8,81,116,4701,0.397787704743672,0,0,401,1092,28,76,8,31,1,8
"613","2020-03-14",6,8,106,165,4701,0.397787704743672,0,0,401,1092,25,101,11,42,6,11
"614","2020-03-15",9,8,124,204,4701,0.397787704743672,0,0,401,1092,35,136,7,49,6,7
"615","2020-03-16",17,8,145,263,4701,0.397787704743672,0,0,401,1092,34,170,18,67,10,18
"616","2020-03-17",28,8,179,313,4701,0.397787704743672,0,0,401,1092,33,203,15,82,11,15
"617","2020-03-18",40,8,211,361,4701,0.397787704743672,0,0,401,1092,32,235,9,91,17,9
"618","2020-03-19",55,8,240,388,4701,0.397787704743672,0,0,401,1092,40,275,7,98,17,7
"619","2020-03-20",64,8,266,445,4701,0.397787704743672,0,0,401,1092,34,309,7,105,11,7
"620","2020-03-21",72,8,251,487,4701,0.397787704743672,0,0,401,1092,39,348,18,123,14,18
"621","2020-03-22",89,8,241,521,4701,0.397787704743672,0,0,401,1092,46,394,18,141,18,18
"622","2020-03-23",100,8,265,536,4701,0.397787704743672,0,0,401,1092,42,436,27,168,14,27
"623","2020-03-24",112,8,272,573,4701,0.397787704743672,0,0,401,1092,43,479,33,201,13,33
"624","2020-03-25",126,8,279,574,4701,0.397787704743672,0,0,401,1092,46,525,18,219,21,18
"625","2020-03-26",140,8,261,603,4701,0.397787704743672,0,0,401,1092,37,562,45,264,14,45
"626","2020-03-27",155,8,256,611,4701,0.397787704743672,0,0,401,1092,36,598,28,292,11,28
"627","2020-03-28",166,8,232,625,4701,0.397787704743672,0,0,401,1092,40,638,35,327,12,35
"628","2020-03-29",174,8,217,629,4701,0.397787704743672,0,0,401,1092,35,673,45,372,11,45
"629","2020-03-30",179,8,216,635,4701,0.397787704743672,0,0,401,1092,35,708,38,410,11,38
"630","2020-03-31",177,8,214,646,4701,0.397787704743672,0,0,401,1092,33,741,31,441,6,31
"631","2020-04-01",169,8,223,659,4701,0.397787704743672,0,0,401,1092,43,784,27,468,11,27
"632","2020-04-02",158,8,216,665,4701,0.397787704743672,0,0,401,1092,44,828,26,494,7,26
"633","2020-04-03",160,8,217,666,4701,0.397787704743672,0,0,401,1092,48,876,43,537,14,43
"634","2020-04-04",168,8,225,682,4701,0.397787704743672,0,0,401,1092,46,922,34,571,16,34
"635","2020-04-05",168,8,255,681,4701,0.397787704743672,0,0,401,1092,34,956,23,594,7,23
"636","2020-04-06",176,8,266,711,4701,0.397787704743672,0,0,401,1092,40,996,33,627,9,33
"637","2020-04-07",175,8,250,723,4701,0.397787704743672,0,0,401,1092,40,1036,18,645,10,18
"638","2020-04-08",183,8,233,739,4701,0.397787704743672,0,0,401,1092,45,1081,47,692,14,47
"639","2020-04-09",199,8,236,735,4701,0.397787704743672,0,0,401,1092,44,1125,35,727,10,35
"640","2020-04-10",196,8,221,753,4701,0.397787704743672,0,0,401,1092,40,1165,58,785,9,58
"641","2020-04-11",196,8,213,758,4701,0.397787704743672,0,0,401,1092,39,1204,33,818,8,33
"642","2020-04-12",197,8,208,737,4701,0.397787704743672,0,0,401,1092,40,1244,32,850,8,32
"643","2020-04-13",204,8,196,763,4701,0.397787704743672,0,0,401,1092,38,1282,33,883,10,33
"644","2020-04-14",203,8,220,760,4701,0.397787704743672,0,0,401,1092,41,1323,22,905,9,22
"645","2020-04-15",215,8,230,742,4701,0.397787704743672,0,0,401,1092,44,1367,13,918,7,13
"646","2020-04-16",213,8,261,740,4701,0.397787704743672,0,0,401,1092,41,1408,31,949,9,31
"647","2020-04-17",213,8,306,735,4701,0.397787704743672,0,0,401,1092,34,1442,27,976,8,27
"648","2020-04-18",214,8,323,737,4701,0.397787704743672,0,0,401,1092,53,1495,10,986,12,10
"649","2020-04-19",212,8,298,735,4701,0.397787704743672,0,0,401,1092,47,1542,9,995,16,9
"650","2020-04-20",207,8,318,711,4701,0.397787704743672,0,0,401,1092,44,1586,36,1031,8,36
"651","2020-04-21",224,8,367,708,4701,0.397787704743672,0,0,401,1092,49,1635,13,1044,14,13
"652","2020-04-22",214,8,364,723,4701,0.397787704743672,0,0,401,1092,38,1673,16,1060,10,16
"653","2020-04-23",212,8,353,735,4701,0.397787704743672,0,0,401,1092,42,1715,45,1105,9,45
"654","2020-04-24",209,8,299,732,4701,0.397787704743672,0,0,401,1092,49,1764,53,1158,13,53
"655","2020-04-25",213,8,276,730,4701,0.397787704743672,0,0,401,1092,48,1812,49,1207,13,49
"656","2020-04-26",214,8,258,739,4701,0.397787704743672,0,0,401,1092,53,1865,38,1245,10,38
"657","2020-04-27",209,8,242,729,4701,0.397787704743672,0,0,401,1092,44,1909,39,1284,15,39
"658","2020-04-28",200,8,230,717,4701,0.397787704743672,0,0,401,1092,41,1950,24,1308,11,24
"659","2020-04-29",203,8,226,717,4701,0.397787704743672,0,0,401,1092,41,1991,24,1332,12,24
"660","2020-04-30",195,8,223,700,4701,0.397787704743672,0,0,401,1092,46,2037,43,1375,11,43
"661","2020-05-01",201,8,219,667,4701,0.397787704743672,0,0,401,1092,39,2076,38,1413,11,38
"662","2020-05-02",188,8,256,642,4701,0.397787704743672,0,0,401,1092,46,2122,41,1454,8,41
"663","2020-05-03",187,8,266,613,4701,0.397787704743672,0,0,401,1092,38,2160,39,1493,8,39
"664","2020-05-04",183,8,259,610,4701,0.397787704743672,0,0,401,1092,43,2203,46,1539,12,46
"665","2020-05-05",182,8,233,605,4701,0.397787704743672,0,0,401,1092,40,2243,19,1558,14,19
"666","2020-05-06",170,8,226,587,4701,0.397787704743672,0,0,401,1092,32,2275,20,1578,12,20
"667","2020-05-07",176,8,231,576,4701,0.397787704743672,0,0,401,1092,35,2310,23,1601,8,23
"668","2020-05-08",176,8,261,579,4701,0.397787704743672,0,0,401,1092,33,2343,12,1613,8,12
"669","2020-05-09",177,8,267,579,4701,0.397787704743672,0,0,401,1092,37,2380,11,1624,5,11
"670","2020-05-10",165,8,276,571,4701,0.397787704743672,0,0,401,1092,29,2409,19,1643,9,19
"671","2020-05-11",162,8,308,564,4701,0.397787704743672,0,0,401,1092,32,2441,28,1671,6,28
"672","2020-05-12",164,8,339,557,4701,0.397787704743672,0,0,401,1092,38,2479,15,1686,11,15
"673","2020-05-13",172,8,345,545,4701,0.397787704743672,0,0,401,1092,39,2518,33,1719,11,33
"674","2020-05-14",167,8,334,536,4701,0.397787704743672,0,0,401,1092,33,2551,38,1757,8,38
"675","2020-05-15",158,8,327,527,4701,0.397787704743672,0,0,401,1092,30,2581,56,1813,5,56
"676","2020-05-16",156,8,321,521,4701,0.397787704743672,0,0,401,1092,36,2617,26,1839,6,26
"677","2020-05-17",161,8,303,521,4701,0.397787704743672,0,0,401,1092,28,2645,22,1861,9,22
"678","2020-05-18",169,8,318,494,4701,0.397787704743672,0,0,401,1092,33,2678,32,1893,16,32
"679","2020-05-19",161,8,309,489,4701,0.397787704743672,0,0,401,1092,29,2707,28,1921,4,28
"680","2020-05-20",148,8,315,473,4701,0.397787704743672,0,0,401,1092,24,2731,20,1941,10,20
"681","2020-05-21",143,8,310,467,4701,0.397787704743672,0,0,401,1092,24,2755,11,1952,6,11
"682","2020-05-22",140,8,295,453,4701,0.397787704743672,0,0,401,1092,18,2773,10,1962,5,10
"683","2020-05-23",141,8,327,428,4701,0.397787704743672,0,0,401,1092,31,2804,15,1977,11,15
"684","2020-05-24",138,8,320,411,4701,0.397787704743672,0,0,401,1092,19,2823,27,2004,6,27
"685","2020-05-25",121,8,300,404,4701,0.397787704743672,0,0,401,1092,31,2854,18,2022,6,18
"686","2020-05-26",119,8,305,394,4701,0.397787704743672,0,0,401,1092,19,2873,16,2038,3,16
"687","2020-05-27",118,8,309,377,4701,0.397787704743672,0,0,401,1092,24,2897,31,2069,8,31
"688","2020-05-28",118,8,291,359,4701,0.397787704743672,0,0,401,1092,26,2923,18,2087,11,18
"689","2020-05-29",112,8,290,354,4701,0.397787704743672,0,0,401,1092,20,2943,18,2105,6,18
"690","2020-05-30",106,8,289,335,4701,0.397787704743672,0,0,401,1092,19,2962,11,2116,1,11
"691","2020-05-31",99,8,285,322,4701,0.397787704743672,0,0,401,1092,12,2974,3,2119,7,3
"692","2020-06-01",100,8,261,306,4701,0.397787704743672,0,0,401,1092,25,2999,5,2124,11,5
"693","2020-06-02",91,8,282,293,4701,0.397787704743672,0,0,401,1092,19,3018,5,2129,9,5
"694","2020-06-03",90,8,277,277,4701,0.397787704743672,0,0,401,1092,21,3039,5,2134,11,5
"695","2020-06-04",83,8,274,264,4701,0.397787704743672,0,0,401,1092,7,3046,7,2141,1,7
"696","2020-06-05",77,8,257,247,4701,0.397787704743672,0,0,401,1092,16,3062,3,2144,10,3
"697","2020-06-06",76,8,268,231,4701,0.397787704743672,0,0,401,1092,14,3076,7,2151,6,7
"698","2020-06-07",72,8,257,224,4701,0.397787704743672,0,0,401,1092,18,3094,11,2162,4,11
"699","2020-03-14",1,9,137,51,7532,0.966144450345194,0,0,629,515,9,34,8,76,3,8
"700","2020-03-15",4,9,131,89,7532,0.966144450345194,0,0,629,515,5,39,8,84,4,8
"701","2020-03-16",4,9,126,119,7532,0.966144450345194,0,0,629,515,21,60,5,89,11,5
"702","2020-03-17",9,9,110,164,7532,0.966144450345194,0,0,629,515,27,87,11,100,18,11
"703","2020-03-18",15,9,92,219,7532,0.966144450345194,0,0,629,515,16,103,3,103,8,3
"704","2020-03-19",21,9,85,270,7532,0.966144450345194,0,0,629,515,29,132,9,112,25,9
"705","2020-03-20",28,9,84,358,7532,0.966144450345194,0,0,629,515,34,166,21,133,30,21
"706","2020-03-21",40,9,110,409,7532,0.966144450345194,0,0,629,515,27,193,17,150,23,17
"707","2020-03-22",56,9,155,508,7532,0.966144450345194,0,0,629,515,29,222,13,163,24,13
"708","2020-03-23",72,9,185,639,7532,0.966144450345194,0,0,629,515,33,255,12,175,28,12
"709","2020-03-24",88,9,195,756,7532,0.966144450345194,0,0,629,515,41,296,5,180,36,5
"710","2020-03-25",110,9,204,907,7532,0.966144450345194,0,0,629,515,30,326,14,194,24,14
"711","2020-03-26",135,9,186,1068,7532,0.966144450345194,0,0,629,515,52,378,37,231,47,37
"712","2020-03-27",170,9,161,1229,7532,0.966144450345194,0,0,629,515,45,423,20,251,43,20
"713","2020-03-28",204,9,134,1425,7532,0.966144450345194,0,0,629,515,51,474,26,277,43,26
"714","2020-03-29",243,9,111,1628,7532,0.966144450345194,0,0,629,515,53,527,17,294,47,17
"715","2020-03-30",285,9,91,1811,7532,0.966144450345194,0,0,629,515,52,579,9,303,44,9
"716","2020-03-31",332,9,85,2059,7532,0.966144450345194,0,0,629,515,55,634,25,328,50,25
"717","2020-04-01",388,9,129,2263,7532,0.966144450345194,0,0,629,515,65,699,53,381,58,53
"718","2020-04-02",438,9,156,2511,7532,0.966144450345194,0,0,629,515,88,787,59,440,80,59
"719","2020-04-03",483,9,142,2758,7532,0.966144450345194,0,0,629,515,68,855,43,483,62,43
"720","2020-04-04",546,9,134,2949,7532,0.966144450345194,0,0,629,515,65,920,63,546,59,63
"721","2020-04-05",607,9,145,3160,7532,0.966144450345194,0,0,629,515,68,988,55,601,58,55
"722","2020-04-06",676,9,146,3301,7532,0.966144450345194,0,0,629,515,77,1065,41,642,70,41
"723","2020-04-07",731,9,153,3413,7532,0.966144450345194,0,0,629,515,75,1140,47,689,70,47
"724","2020-04-08",787,9,193,3478,7532,0.966144450345194,0,0,629,515,84,1224,17,706,77,17
"725","2020-04-09",847,9,209,3490,7532,0.966144450345194,0,0,629,515,78,1302,37,743,72,37
"726","2020-04-10",896,9,208,3463,7532,0.966144450345194,0,0,629,515,77,1379,28,771,69,28
"727","2020-04-11",957,9,202,3372,7532,0.966144450345194,0,0,629,515,80,1459,25,796,74,25
"728","2020-04-12",985,9,193,3222,7532,0.966144450345194,0,0,629,515,75,1534,53,849,71,53
"729","2020-04-13",996,9,197,3063,7532,0.966144450345194,0,0,629,515,78,1612,33,882,73,33
"730","2020-04-14",1012,9,193,2860,7532,0.966144450345194,0,0,629,515,81,1693,28,910,72,28
"731","2020-04-15",980,9,187,2651,7532,0.966144450345194,0,0,629,515,82,1775,23,933,75,23
"732","2020-04-16",936,9,212,2439,7532,0.966144450345194,0,0,629,515,86,1861,19,952,82,19
"733","2020-04-17",899,9,241,2183,7532,0.966144450345194,0,0,629,515,75,1936,14,966,66,14
"734","2020-04-18",794,9,242,1931,7532,0.966144450345194,0,0,629,515,82,2018,23,989,73,23
"735","2020-04-19",725,9,220,1697,7532,0.966144450345194,0,0,629,515,88,2106,14,1003,76,14
"736","2020-04-20",648,9,227,1498,7532,0.966144450345194,0,0,629,515,99,2205,11,1014,95,11
"737","2020-04-21",589,9,223,1317,7532,0.966144450345194,0,0,629,515,100,2305,54,1068,91,54
"738","2020-04-22",530,9,216,1158,7532,0.966144450345194,0,0,629,515,91,2396,25,1093,86,25
"739","2020-04-23",488,9,240,999,7532,0.966144450345194,0,0,629,515,76,2472,29,1122,71,29
"740","2020-04-24",437,9,261,863,7532,0.966144450345194,0,0,629,515,88,2560,48,1170,82,48
"741","2020-04-25",410,9,255,743,7532,0.966144450345194,0,0,629,515,78,2638,15,1185,75,15
"742","2020-04-26",364,9,259,628,7532,0.966144450345194,0,0,629,515,80,2718,13,1198,73,13
"743","2020-04-27",326,9,291,549,7532,0.966144450345194,0,0,629,515,77,2795,15,1213,70,15
"744","2020-04-28",267,9,293,461,7532,0.966144450345194,0,0,629,515,58,2853,60,1273,52,60
"745","2020-04-29",235,9,294,411,7532,0.966144450345194,0,0,629,515,73,2926,64,1337,65,64
"746","2020-04-30",201,9,284,368,7532,0.966144450345194,0,0,629,515,78,3004,44,1381,69,44
"747","2020-05-01",165,9,253,302,7532,0.966144450345194,0,0,629,515,77,3081,6,1387,74,6
"748","2020-05-02",144,9,217,257,7532,0.966144450345194,0,0,629,515,75,3156,31,1418,72,31
"749","2020-05-03",118,9,197,224,7532,0.966144450345194,0,0,629,515,94,3250,54,1472,85,54
"750","2020-05-04",106,9,168,199,7532,0.966144450345194,0,0,629,515,70,3320,22,1494,65,22
"751","2020-05-05",96,9,169,181,7532,0.966144450345194,0,0,629,515,61,3381,17,1511,59,17
"752","2020-05-06",85,9,185,158,7532,0.966144450345194,0,0,629,515,47,3428,11,1522,38,11
"753","2020-05-07",70,9,203,134,7532,0.966144450345194,0,0,629,515,53,3481,10,1532,50,10
"754","2020-05-08",65,9,188,117,7532,0.966144450345194,0,0,629,515,57,3538,13,1545,52,13
"755","2020-05-09",51,9,241,102,7532,0.966144450345194,0,0,629,515,57,3595,13,1558,51,13
"756","2020-05-10",52,9,259,93,7532,0.966144450345194,0,0,629,515,51,3646,55,1613,48,55
"757","2020-05-11",47,9,276,93,7532,0.966144450345194,0,0,629,515,55,3701,34,1647,49,34
"758","2020-05-12",39,9,299,85,7532,0.966144450345194,0,0,629,515,37,3738,34,1681,32,34
"759","2020-05-13",38,9,258,81,7532,0.966144450345194,0,0,629,515,41,3779,38,1719,39,38
"760","2020-05-14",34,9,222,74,7532,0.966144450345194,0,0,629,515,30,3809,29,1748,27,29
"761","2020-05-15",29,9,211,67,7532,0.966144450345194,0,0,629,515,44,3853,16,1764,33,16
"762","2020-05-16",28,9,225,64,7532,0.966144450345194,0,0,629,515,40,3893,11,1775,35,11
"763","2020-05-17",23,9,206,58,7532,0.966144450345194,0,0,629,515,24,3917,57,1832,17,57
"764","2020-05-18",20,9,214,53,7532,0.966144450345194,0,0,629,515,29,3946,22,1854,26,22
"765","2020-05-19",20,9,190,50,7532,0.966144450345194,0,0,629,515,33,3979,52,1906,30,52
"766","2020-05-20",19,9,178,49,7532,0.966144450345194,0,0,629,515,21,4000,48,1954,17,48
"767","2020-05-21",19,9,202,41,7532,0.966144450345194,0,0,629,515,25,4025,20,1974,25,20
"768","2020-05-22",19,9,231,41,7532,0.966144450345194,0,0,629,515,24,4049,16,1990,19,16
"769","2020-05-23",18,9,212,40,7532,0.966144450345194,0,0,629,515,26,4075,10,2000,22,10
"770","2020-05-24",16,9,198,35,7532,0.966144450345194,0,0,629,515,20,4095,4,2004,18,4
"771","2020-05-25",13,9,201,30,7532,0.966144450345194,0,0,629,515,12,4107,9,2013,8,9
"772","2020-05-26",10,9,194,30,7532,0.966144450345194,0,0,629,515,20,4127,9,2022,18,9
"773","2020-05-27",8,9,180,28,7532,0.966144450345194,0,0,629,515,25,4152,11,2033,22,11
"774","2020-05-28",6,9,197,26,7532,0.966144450345194,0,0,629,515,13,4165,9,2042,9,9
"775","2020-05-29",6,9,201,28,7532,0.966144450345194,0,0,629,515,15,4180,3,2045,12,3
"776","2020-05-30",6,9,185,29,7532,0.966144450345194,0,0,629,515,13,4193,20,2065,12,20
"777","2020-05-31",7,9,189,27,7532,0.966144450345194,0,0,629,515,12,4205,32,2097,10,32
"778","2020-06-01",9,9,165,27,7532,0.966144450345194,0,0,629,515,14,4219,15,2112,12,15
"779","2020-06-02",9,9,153,25,7532,0.966144450345194,0,0,629,515,17,4236,9,2121,14,9
"780","2020-06-03",7,9,141,23,7532,0.966144450345194,0,0,629,515,16,4252,14,2135,12,14
"781","2020-06-04",7,9,150,25,7532,0.966144450345194,0,0,629,515,9,4261,19,2154,8,19
"782","2020-06-05",6,9,154,22,7532,0.966144450345194,0,0,629,515,12,4273,13,2167,9,13
"783","2020-06-06",4,9,171,13,7532,0.966144450345194,0,0,629,515,14,4287,11,2178,13,11
"784","2020-06-07",3,9,153,13,7532,0.966144450345194,0,0,629,515,15,4302,7,2185,14,7
"785","2020-03-13",1,10,92,30,2018,0.624380574826561,0,0,174,711,27,65,16,29,2,16
"786","2020-03-14",3,10,91,41,2018,0.624380574826561,0,0,174,711,24,89,22,51,4,22
"787","2020-03-15",5,10,86,56,2018,0.624380574826561,0,0,174,711,24,113,6,57,10,6
"788","2020-03-16",9,10,82,65,2018,0.624380574826561,0,0,174,711,41,154,8,65,16,8
"789","2020-03-17",10,10,79,80,2018,0.624380574826561,0,0,174,711,33,187,12,77,10,12
"790","2020-03-18",10,10,75,87,2018,0.624380574826561,0,0,174,711,55,242,15,92,26,15
"791","2020-03-19",13,10,63,106,2018,0.624380574826561,0,0,174,711,37,279,12,104,18,12
"792","2020-03-20",18,10,63,113,2018,0.624380574826561,0,0,174,711,43,322,7,111,33,7
"793","2020-03-21",21,10,94,127,2018,0.624380574826561,0,0,174,711,55,377,4,115,33,4
"794","2020-03-22",22,10,100,146,2018,0.624380574826561,0,0,174,711,51,428,15,130,34,15
"795","2020-03-23",23,10,103,154,2018,0.624380574826561,0,0,174,711,62,490,23,153,41,23
"796","2020-03-24",29,10,121,155,2018,0.624380574826561,0,0,174,711,74,564,18,171,40,18
"797","2020-03-25",34,10,137,176,2018,0.624380574826561,0,0,174,711,71,635,10,181,55,10
"798","2020-03-26",40,10,178,185,2018,0.624380574826561,0,0,174,711,64,699,10,191,40,10
"799","2020-03-27",41,10,179,198,2018,0.624380574826561,0,0,174,711,68,767,7,198,51,7
"800","2020-03-28",41,10,160,201,2018,0.624380574826561,0,0,174,711,94,861,13,211,66,13
"801","2020-03-29",44,10,151,210,2018,0.624380574826561,0,0,174,711,80,941,10,221,54,10
"802","2020-03-30",47,10,133,222,2018,0.624380574826561,0,0,174,711,102,1043,9,230,78,9
"803","2020-03-31",49,10,124,239,2018,0.624380574826561,0,0,174,711,86,1129,3,233,54,3
"804","2020-04-01",53,10,117,257,2018,0.624380574826561,0,0,174,711,102,1231,11,244,85,11
"805","2020-04-02",53,10,159,254,2018,0.624380574826561,0,0,174,711,82,1313,11,255,57,11
"806","2020-04-03",57,10,191,267,2018,0.624380574826561,0,0,174,711,104,1417,29,284,82,29
"807","2020-04-04",60,10,181,276,2018,0.624380574826561,0,0,174,711,107,1524,32,316,88,32
"808","2020-04-05",70,10,151,290,2018,0.624380574826561,0,0,174,711,99,1623,25,341,70,25
"809","2020-04-06",69,10,140,289,2018,0.624380574826561,0,0,174,711,102,1725,38,379,73,38
"810","2020-04-07",74,10,110,298,2018,0.624380574826561,0,0,174,711,97,1822,45,424,73,45
"811","2020-04-08",74,10,121,310,2018,0.624380574826561,0,0,174,711,118,1940,33,457,84,33
"812","2020-04-09",79,10,138,309,2018,0.624380574826561,0,0,174,711,79,2019,9,466,54,9
"813","2020-04-10",79,10,136,312,2018,0.624380574826561,0,0,174,711,91,2110,16,482,69,16
"814","2020-04-11",91,10,123,333,2018,0.624380574826561,0,0,174,711,72,2182,18,500,54,18
"815","2020-04-12",86,10,169,332,2018,0.624380574826561,0,0,174,711,65,2247,13,513,50,13
"816","2020-04-13",89,10,206,335,2018,0.624380574826561,0,0,174,711,74,2321,11,524,48,11
"817","2020-04-14",86,10,195,339,2018,0.624380574826561,0,0,174,711,71,2392,10,534,50,10
"818","2020-04-15",97,10,194,349,2018,0.624380574826561,0,0,174,711,93,2485,9,543,62,9
"819","2020-04-16",101,10,209,355,2018,0.624380574826561,0,0,174,711,54,2539,7,550,34,7
"820","2020-04-17",102,10,217,353,2018,0.624380574826561,0,0,174,711,77,2616,30,580,58,30
"821","2020-04-18",98,10,223,352,2018,0.624380574826561,0,0,174,711,76,2692,8,588,53,8
"822","2020-04-19",98,10,195,334,2018,0.624380574826561,0,0,174,711,66,2758,17,605,47,17
"823","2020-04-20",102,10,183,334,2018,0.624380574826561,0,0,174,711,74,2832,14,619,50,14
"824","2020-04-21",104,10,174,328,2018,0.624380574826561,0,0,174,711,65,2897,6,625,45,6
"825","2020-04-22",92,10,166,311,2018,0.624380574826561,0,0,174,711,88,2985,14,639,58,14
"826","2020-04-23",89,10,143,300,2018,0.624380574826561,0,0,174,711,72,3057,21,660,47,21
"827","2020-04-24",88,10,131,292,2018,0.624380574826561,0,0,174,711,75,3132,19,679,51,19
"828","2020-04-25",82,10,163,299,2018,0.624380574826561,0,0,174,711,69,3201,27,706,46,27
"829","2020-04-26",77,10,210,300,2018,0.624380574826561,0,0,174,711,42,3243,28,734,21,28
"830","2020-04-27",71,10,197,308,2018,0.624380574826561,0,0,174,711,54,3297,14,748,29,14
"831","2020-04-28",68,10,189,305,2018,0.624380574826561,0,0,174,711,51,3348,30,778,30,30
"832","2020-04-29",73,10,164,296,2018,0.624380574826561,0,0,174,711,44,3392,24,802,27,24
"833","2020-04-30",74,10,184,306,2018,0.624380574826561,0,0,174,711,46,3438,40,842,35,40
"834","2020-05-01",74,10,189,303,2018,0.624380574826561,0,0,174,711,52,3490,33,875,33,33
"835","2020-05-02",76,10,199,304,2018,0.624380574826561,0,0,174,711,59,3549,40,915,33,40
"836","2020-05-03",84,10,199,291,2018,0.624380574826561,0,0,174,711,47,3596,35,950,23,35
"837","2020-05-04",96,10,186,306,2018,0.624380574826561,0,0,174,711,59,3655,35,985,40,35
"838","2020-05-05",97,10,156,306,2018,0.624380574826561,0,0,174,711,45,3700,29,1014,29,29
"839","2020-05-06",100,10,164,291,2018,0.624380574826561,0,0,174,711,50,3750,18,1032,33,18
"840","2020-05-07",96,10,191,285,2018,0.624380574826561,0,0,174,711,29,3779,39,1071,14,39
"841","2020-05-08",96,10,183,290,2018,0.624380574826561,0,0,174,711,33,3812,34,1105,15,34
"842","2020-05-09",95,10,201,278,2018,0.624380574826561,0,0,174,711,48,3860,20,1125,23,20
"843","2020-05-10",94,10,223,266,2018,0.624380574826561,0,0,174,711,34,3894,14,1139,19,14
"844","2020-05-11",84,10,199,257,2018,0.624380574826561,0,0,174,711,39,3933,11,1150,22,11
"845","2020-05-12",82,10,179,270,2018,0.624380574826561,0,0,174,711,47,3980,10,1160,27,10
"846","2020-05-13",81,10,193,272,2018,0.624380574826561,0,0,174,711,44,4024,10,1170,26,10
"847","2020-05-14",77,10,191,263,2018,0.624380574826561,0,0,174,711,35,4059,22,1192,25,22
"848","2020-05-15",73,10,212,250,2018,0.624380574826561,0,0,174,711,37,4096,30,1222,20,30
"849","2020-05-16",71,10,193,246,2018,0.624380574826561,0,0,174,711,51,4147,24,1246,30,24
"850","2020-05-17",68,10,162,229,2018,0.624380574826561,0,0,174,711,27,4174,18,1264,18,18
"851","2020-05-18",67,10,145,238,2018,0.624380574826561,0,0,174,711,31,4205,9,1273,16,9
"852","2020-05-19",63,10,159,236,2018,0.624380574826561,0,0,174,711,32,4237,18,1291,15,18
"853","2020-05-20",61,10,154,235,2018,0.624380574826561,0,0,174,711,37,4274,17,1308,28,17
"854","2020-05-21",66,10,169,229,2018,0.624380574826561,0,0,174,711,35,4309,23,1331,22,23
"855","2020-05-22",64,10,168,224,2018,0.624380574826561,0,0,174,711,22,4331,31,1362,16,31
"856","2020-05-23",72,10,175,222,2018,0.624380574826561,0,0,174,711,18,4349,30,1392,12,30
"857","2020-05-24",70,10,166,216,2018,0.624380574826561,0,0,174,711,31,4380,32,1424,17,32
"858","2020-05-25",73,10,181,210,2018,0.624380574826561,0,0,174,711,22,4402,25,1449,12,25
"859","2020-05-26",75,10,191,215,2018,0.624380574826561,0,0,174,711,28,4430,17,1466,20,17
"860","2020-05-27",74,10,205,209,2018,0.624380574826561,0,0,174,711,21,4451,25,1491,12,25
"861","2020-05-28",71,10,192,205,2018,0.624380574826561,0,0,174,711,18,4469,29,1520,11,29
"862","2020-05-29",75,10,181,200,2018,0.624380574826561,0,0,174,711,26,4495,41,1561,16,41
"863","2020-05-30",68,10,172,184,2018,0.624380574826561,0,0,174,711,17,4512,23,1584,11,23
"864","2020-05-31",67,10,181,183,2018,0.624380574826561,0,0,174,711,25,4537,19,1603,13,19
"865","2020-06-01",64,10,173,178,2018,0.624380574826561,0,0,174,711,21,4558,27,1630,14,27
"866","2020-06-02",64,10,164,179,2018,0.624380574826561,0,0,174,711,17,4575,26,1656,10,26
"867","2020-06-03",58,10,164,178,2018,0.624380574826561,0,0,174,711,17,4592,15,1671,8,15
"868","2020-06-04",50,10,152,168,2018,0.624380574826561,0,0,174,711,10,4602,13,1684,8,13
"869","2020-06-05",50,10,153,167,2018,0.624380574826561,0,0,174,711,4,4606,34,1718,3,34
"870","2020-06-06",48,10,166,162,2018,0.624380574826561,0,0,174,711,14,4620,14,1732,7,14
"871","2020-06-07",47,10,152,153,2018,0.624380574826561,0,0,174,711,11,4631,11,1743,5,11
"872","2020-03-13",1,11,59,107,4284,0.420401493930906,0,0,382,720,39,125,31,86,7,31
"873","2020-03-14",7,11,45,136,4284,0.420401493930906,0,0,382,720,46,171,22,108,8,22
"874","2020-03-15",13,11,56,181,4284,0.420401493930906,0,0,382,720,63,234,36,144,19,36
"875","2020-03-16",15,11,76,231,4284,0.420401493930906,0,0,382,720,59,293,43,187,20,43
"876","2020-03-17",25,11,83,287,4284,0.420401493930906,0,0,382,720,56,349,60,247,19,60
"877","2020-03-18",37,11,69,333,4284,0.420401493930906,0,0,382,720,61,410,37,284,32,37
"878","2020-03-19",46,11,56,377,4284,0.420401493930906,0,0,382,720,73,483,30,314,30,30
"879","2020-03-20",59,11,55,423,4284,0.420401493930906,0,0,382,720,75,558,19,333,44,19
"880","2020-03-21",70,11,60,489,4284,0.420401493930906,0,0,382,720,69,627,61,394,34,61
"881","2020-03-22",85,11,87,539,4284,0.420401493930906,0,0,382,720,68,695,49,443,39,49
"882","2020-03-23",105,11,114,573,4284,0.420401493930906,0,0,382,720,63,758,39,482,27,39
"883","2020-03-24",117,11,108,615,4284,0.420401493930906,0,0,382,720,83,841,54,536,55,54
"884","2020-03-25",131,11,97,644,4284,0.420401493930906,0,0,382,720,65,906,61,597,30,61
"885","2020-03-26",153,11,82,679,4284,0.420401493930906,0,0,382,720,101,1007,48,645,53,48
"886","2020-03-27",159,11,73,716,4284,0.420401493930906,0,0,382,720,57,1064,38,683,32,38
"887","2020-03-28",166,11,80,747,4284,0.420401493930906,0,0,382,720,73,1137,72,755,39,72
"888","2020-03-29",173,11,101,768,4284,0.420401493930906,0,0,382,720,67,1204,58,813,32,58
"889","2020-03-30",177,11,137,800,4284,0.420401493930906,0,0,382,720,88,1292,46,859,48,46
"890","2020-03-31",188,11,179,824,4284,0.420401493930906,0,0,382,720,68,1360,40,899,41,40
"891","2020-04-01",209,11,188,866,4284,0.420401493930906,0,0,382,720,83,1443,19,918,39,19
"892","2020-04-02",212,11,207,876,4284,0.420401493930906,0,0,382,720,72,1515,33,951,40,33
"893","2020-04-03",233,11,218,875,4284,0.420401493930906,0,0,382,720,95,1610,66,1017,48,66
"894","2020-04-04",247,11,216,868,4284,0.420401493930906,0,0,382,720,76,1686,54,1071,34,54
"895","2020-04-05",251,11,217,819,4284,0.420401493930906,0,0,382,720,70,1756,60,1131,34,60
"896","2020-04-06",259,11,211,803,4284,0.420401493930906,0,0,382,720,69,1825,45,1176,37,45
"897","2020-04-07",257,11,231,800,4284,0.420401493930906,0,0,382,720,69,1894,36,1212,32,36
"898","2020-04-08",247,11,200,760,4284,0.420401493930906,0,0,382,720,78,1972,34,1246,27,34
"899","2020-04-09",250,11,168,724,4284,0.420401493930906,0,0,382,720,69,2041,38,1284,27,38
"900","2020-04-10",240,11,140,703,4284,0.420401493930906,0,0,382,720,103,2144,63,1347,48,63
"901","2020-04-11",234,11,146,687,4284,0.420401493930906,0,0,382,720,78,2222,45,1392,41,45
"902","2020-04-12",238,11,182,660,4284,0.420401493930906,0,0,382,720,88,2310,45,1437,31,45
"903","2020-04-13",229,11,192,641,4284,0.420401493930906,0,0,382,720,86,2396,30,1467,41,30
"904","2020-04-14",226,11,204,638,4284,0.420401493930906,0,0,382,720,80,2476,44,1511,39,44
"905","2020-04-15",209,11,174,596,4284,0.420401493930906,0,0,382,720,79,2555,45,1556,40,45
"906","2020-04-16",186,11,155,588,4284,0.420401493930906,0,0,382,720,81,2636,42,1598,30,42
"907","2020-04-17",189,11,163,563,4284,0.420401493930906,0,0,382,720,80,2716,44,1642,37,44
"908","2020-04-18",180,11,175,573,4284,0.420401493930906,0,0,382,720,69,2785,32,1674,29,32
"909","2020-04-19",164,11,167,578,4284,0.420401493930906,0,0,382,720,85,2870,42,1716,35,42
"910","2020-04-20",159,11,209,586,4284,0.420401493930906,0,0,382,720,75,2945,27,1743,33,27
"911","2020-04-21",156,11,231,573,4284,0.420401493930906,0,0,382,720,78,3023,29,1772,31,29
"912","2020-04-22",158,11,223,570,4284,0.420401493930906,0,0,382,720,77,3100,28,1800,31,28
"913","2020-04-23",165,11,194,576,4284,0.420401493930906,0,0,382,720,82,3182,27,1827,35,27
"914","2020-04-24",148,11,182,577,4284,0.420401493930906,0,0,382,720,58,3240,41,1868,27,41
"915","2020-04-25",147,11,164,560,4284,0.420401493930906,0,0,382,720,71,3311,45,1913,25,45
"916","2020-04-26",160,11,176,553,4284,0.420401493930906,0,0,382,720,62,3373,34,1947,34,34
"917","2020-04-27",159,11,224,538,4284,0.420401493930906,0,0,382,720,41,3414,44,1991,17,44
"918","2020-04-28",149,11,249,533,4284,0.420401493930906,0,0,382,720,55,3469,35,2026,21,35
"919","2020-04-29",150,11,239,526,4284,0.420401493930906,0,0,382,720,53,3522,31,2057,25,31
"920","2020-04-30",150,11,228,520,4284,0.420401493930906,0,0,382,720,49,3571,44,2101,18,44
"921","2020-05-01",153,11,253,505,4284,0.420401493930906,0,0,382,720,57,3628,55,2156,16,55
"922","2020-05-02",151,11,276,508,4284,0.420401493930906,0,0,382,720,38,3666,54,2210,16,54
"923","2020-05-03",138,11,285,517,4284,0.420401493930906,0,0,382,720,49,3715,52,2262,18,52
"924","2020-05-04",139,11,301,518,4284,0.420401493930906,0,0,382,720,32,3747,30,2292,10,30
"925","2020-05-05",147,11,288,514,4284,0.420401493930906,0,0,382,720,49,3796,34,2326,14,34
"926","2020-05-06",146,11,264,508,4284,0.420401493930906,0,0,382,720,53,3849,35,2361,22,35
"927","2020-05-07",149,11,250,498,4284,0.420401493930906,0,0,382,720,48,3897,25,2386,11,25
"928","2020-05-08",146,11,237,492,4284,0.420401493930906,0,0,382,720,51,3948,27,2413,20,27
"929","2020-05-09",141,11,206,495,4284,0.420401493930906,0,0,382,720,52,4000,37,2450,18,37
"930","2020-05-10",147,11,183,467,4284,0.420401493930906,0,0,382,720,48,4048,32,2482,11,32
"931","2020-05-11",138,11,157,472,4284,0.420401493930906,0,0,382,720,43,4091,39,2521,13,39
"932","2020-05-12",134,11,136,459,4284,0.420401493930906,0,0,382,720,41,4132,38,2559,12,38
"933","2020-05-13",132,11,157,464,4284,0.420401493930906,0,0,382,720,49,4181,43,2602,20,43
"934","2020-05-14",121,11,184,446,4284,0.420401493930906,0,0,382,720,41,4222,43,2645,14,43
"935","2020-05-15",118,11,174,440,4284,0.420401493930906,0,0,382,720,37,4259,47,2692,11,47
"936","2020-05-16",112,11,155,413,4284,0.420401493930906,0,0,382,720,40,4299,35,2727,11,35
"937","2020-05-17",102,11,143,394,4284,0.420401493930906,0,0,382,720,38,4337,42,2769,11,42
"938","2020-05-18",112,11,128,394,4284,0.420401493930906,0,0,382,720,37,4374,48,2817,11,48
"939","2020-05-19",109,11,127,383,4284,0.420401493930906,0,0,382,720,30,4404,47,2864,11,47
"940","2020-05-20",104,11,161,382,4284,0.420401493930906,0,0,382,720,36,4440,42,2906,8,42
"941","2020-05-21",115,11,180,378,4284,0.420401493930906,0,0,382,720,42,4482,40,2946,20,40
"942","2020-05-22",118,11,181,382,4284,0.420401493930906,0,0,382,720,25,4507,46,2992,7,46
"943","2020-05-23",123,11,168,362,4284,0.420401493930906,0,0,382,720,20,4527,59,3051,4,59
"944","2020-05-24",128,11,178,361,4284,0.420401493930906,0,0,382,720,25,4552,52,3103,14,52
"945","2020-05-25",120,11,200,339,4284,0.420401493930906,0,0,382,720,32,4584,38,3141,13,38
"946","2020-05-26",122,11,198,338,4284,0.420401493930906,0,0,382,720,19,4603,66,3207,7,66
"947","2020-05-27",120,11,212,328,4284,0.420401493930906,0,0,382,720,21,4624,62,3269,11,62
"948","2020-05-28",105,11,193,315,4284,0.420401493930906,0,0,382,720,29,4653,54,3323,8,54
"949","2020-05-29",104,11,160,307,4284,0.420401493930906,0,0,382,720,26,4679,40,3363,11,40
"950","2020-05-30",101,11,150,309,4284,0.420401493930906,0,0,382,720,19,4698,44,3407,4,44
"951","2020-05-31",94,11,150,301,4284,0.420401493930906,0,0,382,720,19,4717,63,3470,7,63
"952","2020-06-01",94,11,143,290,4284,0.420401493930906,0,0,382,720,29,4746,48,3518,12,48
"953","2020-06-02",87,11,158,279,4284,0.420401493930906,0,0,382,720,27,4773,37,3555,11,37
"954","2020-06-03",83,11,147,256,4284,0.420401493930906,0,0,382,720,22,4795,34,3589,7,34
"955","2020-06-04",84,11,129,243,4284,0.420401493930906,0,0,382,720,10,4805,34,3623,5,34
"956","2020-06-05",75,11,135,235,4284,0.420401493930906,0,0,382,720,19,4824,37,3660,10,37
"957","2020-06-06",72,11,144,218,4284,0.420401493930906,0,0,382,720,13,4837,25,3685,4,25
"958","2020-06-07",65,11,154,211,4284,0.420401493930906,0,0,382,720,21,4858,47,3732,5,47
"959","2020-03-12",1,12,33,58,4393,0.300022763487366,0,0,387,546,22,40,14,25,1,14
"960","2020-03-13",2,12,38,98,4393,0.300022763487366,0,0,387,546,32,72,19,44,13,19
"961","2020-03-14",4,12,45,137,4393,0.300022763487366,0,0,387,546,22,94,11,55,7,11
"962","2020-03-15",6,12,55,175,4393,0.300022763487366,0,0,387,546,21,115,8,63,10,8
"963","2020-03-16",12,12,64,233,4393,0.300022763487366,0,0,387,546,35,150,6,69,16,6
"964","2020-03-17",18,12,57,277,4393,0.300022763487366,0,0,387,546,46,196,1,70,23,1
"965","2020-03-18",31,12,76,328,4393,0.300022763487366,0,0,387,546,33,229,7,77,15,7
"966","2020-03-19",47,12,95,370,4393,0.300022763487366,0,0,387,546,45,274,3,80,23,3
"967","2020-03-20",60,12,105,408,4393,0.300022763487366,0,0,387,546,44,318,7,87,27,7
"968","2020-03-21",71,12,114,460,4393,0.300022763487366,0,0,387,546,41,359,23,110,30,23
"969","2020-03-22",86,12,105,489,4393,0.300022763487366,0,0,387,546,57,416,17,127,36,17
"970","2020-03-23",90,12,104,525,4393,0.300022763487366,0,0,387,546,64,480,27,154,38,27
"971","2020-03-24",109,12,110,548,4393,0.300022763487366,0,0,387,546,69,549,22,176,52,22
"972","2020-03-25",120,12,130,572,4393,0.300022763487366,0,0,387,546,59,608,11,187,45,11
"973","2020-03-26",133,12,148,602,4393,0.300022763487366,0,0,387,546,54,662,6,193,36,6
"974","2020-03-27",140,12,145,600,4393,0.300022763487366,0,0,387,546,93,755,8,201,74,8
"975","2020-03-28",154,12,144,620,4393,0.300022763487366,0,0,387,546,57,812,44,245,42,44
"976","2020-03-29",168,12,168,638,4393,0.300022763487366,0,0,387,546,71,883,19,264,56,19
"977","2020-03-30",180,12,160,623,4393,0.300022763487366,0,0,387,546,84,967,19,283,66,19
"978","2020-03-31",178,12,146,629,4393,0.300022763487366,0,0,387,546,73,1040,37,320,56,37
"979","2020-04-01",183,12,127,640,4393,0.300022763487366,0,0,387,546,79,1119,18,338,60,18
"980","2020-04-02",182,12,161,645,4393,0.300022763487366,0,0,387,546,79,1198,32,370,54,32
"981","2020-04-03",191,12,184,634,4393,0.300022763487366,0,0,387,546,74,1272,49,419,57,49
"982","2020-04-04",189,12,198,640,4393,0.300022763487366,0,0,387,546,75,1347,40,459,60,40
"983","2020-04-05",180,12,200,644,4393,0.300022763487366,0,0,387,546,76,1423,36,495,60,36
"984","2020-04-06",185,12,203,660,4393,0.300022763487366,0,0,387,546,93,1516,35,530,70,35
"985","2020-04-07",191,12,217,663,4393,0.300022763487366,0,0,387,546,91,1607,25,555,70,25
"986","2020-04-08",191,12,237,686,4393,0.300022763487366,0,0,387,546,88,1695,17,572,64,17
"987","2020-04-09",189,12,233,708,4393,0.300022763487366,0,0,387,546,84,1779,25,597,64,25
"988","2020-04-10",185,12,249,706,4393,0.300022763487366,0,0,387,546,93,1872,46,643,72,46
"989","2020-04-11",189,12,255,706,4393,0.300022763487366,0,0,387,546,98,1970,50,693,74,50
"990","2020-04-12",200,12,255,721,4393,0.300022763487366,0,0,387,546,114,2084,44,737,90,44
"991","2020-04-13",199,12,224,737,4393,0.300022763487366,0,0,387,546,90,2174,16,753,75,16
"992","2020-04-14",205,12,210,736,4393,0.300022763487366,0,0,387,546,77,2251,66,819,51,66
"993","2020-04-15",211,12,212,761,4393,0.300022763487366,0,0,387,546,89,2340,17,836,71,17
"994","2020-04-16",212,12,196,760,4393,0.300022763487366,0,0,387,546,83,2423,15,851,57,15
"995","2020-04-17",220,12,168,735,4393,0.300022763487366,0,0,387,546,76,2499,18,869,60,18
"996","2020-04-18",229,12,154,716,4393,0.300022763487366,0,0,387,546,82,2581,10,879,58,10
"997","2020-04-19",215,12,149,717,4393,0.300022763487366,0,0,387,546,81,2662,11,890,63,11
"998","2020-04-20",215,12,150,707,4393,0.300022763487366,0,0,387,546,67,2729,10,900,49,10
"999","2020-04-21",208,12,155,707,4393,0.300022763487366,0,0,387,546,80,2809,9,909,56,9
"1000","2020-04-22",199,12,165,702,4393,0.300022763487366,0,0,387,546,70,2879,8,917,49,8
"1001","2020-04-23",207,12,177,694,4393,0.300022763487366,0,0,387,546,69,2948,48,965,53,48
"1002","2020-04-24",202,12,187,686,4393,0.300022763487366,0,0,387,546,75,3023,39,1004,56,39
"1003","2020-04-25",187,12,176,656,4393,0.300022763487366,0,0,387,546,45,3068,20,1024,30,20
"1004","2020-04-26",194,12,176,635,4393,0.300022763487366,0,0,387,546,72,3140,24,1048,54,24
"1005","2020-04-27",203,12,171,614,4393,0.300022763487366,0,0,387,546,53,3193,44,1092,39,44
"1006","2020-04-28",196,12,162,615,4393,0.300022763487366,0,0,387,546,56,3249,31,1123,39,31
"1007","2020-04-29",189,12,154,630,4393,0.300022763487366,0,0,387,546,61,3310,38,1161,40,38
"1008","2020-04-30",175,12,153,634,4393,0.300022763487366,0,0,387,546,65,3375,43,1204,40,43
"1009","2020-05-01",173,12,141,627,4393,0.300022763487366,0,0,387,546,38,3413,54,1258,32,54
"1010","2020-05-02",177,12,176,619,4393,0.300022763487366,0,0,387,546,59,3472,25,1283,43,25
"1011","2020-05-03",172,12,181,603,4393,0.300022763487366,0,0,387,546,61,3533,18,1301,39,18
"1012","2020-05-04",156,12,190,589,4393,0.300022763487366,0,0,387,546,62,3595,23,1324,44,23
"1013","2020-05-05",162,12,217,569,4393,0.300022763487366,0,0,387,546,51,3646,26,1350,36,26
"1014","2020-05-06",164,12,239,570,4393,0.300022763487366,0,0,387,546,40,3686,26,1376,33,26
"1015","2020-05-07",155,12,231,578,4393,0.300022763487366,0,0,387,546,42,3728,30,1406,28,30
"1016","2020-05-08",159,12,224,569,4393,0.300022763487366,0,0,387,546,48,3776,43,1449,35,43
"1017","2020-05-09",151,12,215,555,4393,0.300022763487366,0,0,387,546,58,3834,26,1475,40,26
"1018","2020-05-10",161,12,226,542,4393,0.300022763487366,0,0,387,546,40,3874,45,1520,30,45
"1019","2020-05-11",159,12,217,520,4393,0.300022763487366,0,0,387,546,43,3917,21,1541,27,21
"1020","2020-05-12",151,12,208,505,4393,0.300022763487366,0,0,387,546,43,3960,19,1560,27,19
"1021","2020-05-13",149,12,200,481,4393,0.300022763487366,0,0,387,546,46,4006,17,1577,27,17
"1022","2020-05-14",159,12,211,458,4393,0.300022763487366,0,0,387,546,37,4043,20,1597,24,20
"1023","2020-05-15",141,12,213,463,4393,0.300022763487366,0,0,387,546,21,4064,15,1612,17,15
"1024","2020-05-16",134,12,225,450,4393,0.300022763487366,0,0,387,546,30,4094,7,1619,18,7
"1025","2020-05-17",121,12,225,437,4393,0.300022763487366,0,0,387,546,47,4141,3,1622,30,3
"1026","2020-05-18",127,12,231,423,4393,0.300022763487366,0,0,387,546,22,4163,2,1624,16,2
"1027","2020-05-19",123,12,205,401,4393,0.300022763487366,0,0,387,546,20,4183,6,1630,9,6
"1028","2020-05-20",115,12,196,394,4393,0.300022763487366,0,0,387,546,21,4204,9,1639,10,9
"1029","2020-05-21",107,12,193,384,4393,0.300022763487366,0,0,387,546,31,4235,29,1668,14,29
"1030","2020-05-22",111,12,181,393,4393,0.300022763487366,0,0,387,546,30,4265,17,1685,19,17
"1031","2020-05-23",109,12,193,365,4393,0.300022763487366,0,0,387,546,21,4286,19,1704,12,19
"1032","2020-05-24",102,12,173,357,4393,0.300022763487366,0,0,387,546,30,4316,24,1728,21,24
"1033","2020-05-25",101,12,166,352,4393,0.300022763487366,0,0,387,546,19,4335,12,1740,11,12
"1034","2020-05-26",107,12,157,350,4393,0.300022763487366,0,0,387,546,32,4367,16,1756,17,16
"1035","2020-05-27",112,12,155,332,4393,0.300022763487366,0,0,387,546,28,4395,16,1772,19,16
"1036","2020-05-28",113,12,154,332,4393,0.300022763487366,0,0,387,546,20,4415,46,1818,17,46
"1037","2020-05-29",102,12,153,315,4393,0.300022763487366,0,0,387,546,20,4435,27,1845,13,27
"1038","2020-05-30",104,12,148,312,4393,0.300022763487366,0,0,387,546,30,4465,22,1867,27,22
"1039","2020-05-31",102,12,144,305,4393,0.300022763487366,0,0,387,546,19,4484,40,1907,13,40
"1040","2020-06-01",89,12,159,291,4393,0.300022763487366,0,0,387,546,22,4506,18,1925,15,18
"1041","2020-06-02",76,12,164,269,4393,0.300022763487366,0,0,387,546,20,4526,20,1945,15,20
"1042","2020-06-03",68,12,162,254,4393,0.300022763487366,0,0,387,546,16,4542,16,1961,10,16
"1043","2020-06-04",70,12,175,245,4393,0.300022763487366,0,0,387,546,12,4554,14,1975,7,14
"1044","2020-06-05",75,12,177,240,4393,0.300022763487366,0,0,387,546,11,4565,31,2006,7,31
"1045","2020-06-06",70,12,173,232,4393,0.300022763487366,0,0,387,546,16,4581,26,2032,10,26
"1046","2020-06-07",71,12,153,228,4393,0.300022763487366,0,0,387,546,18,4599,9,2041,12,9
"1047","2020-03-13",1,13,46,40,2201,0.521581099500227,0,0,172,561,27,75,8,19,2,8
"1048","2020-03-14",2,13,60,52,2201,0.521581099500227,0,0,172,561,28,103,10,29,6,10
"1049","2020-03-15",4,13,75,67,2201,0.521581099500227,0,0,172,561,47,150,5,34,17,5
"1050","2020-03-16",5,13,88,92,2201,0.521581099500227,0,0,172,561,37,187,23,57,13,23
"1051","2020-03-17",10,13,101,105,2201,0.521581099500227,0,0,172,561,39,226,14,71,15,14
"1052","2020-03-18",11,13,97,127,2201,0.521581099500227,0,0,172,561,42,268,9,80,16,9
"1053","2020-03-19",19,13,88,149,2201,0.521581099500227,0,0,172,561,47,315,9,89,25,9
"1054","2020-03-20",22,13,109,176,2201,0.521581099500227,0,0,172,561,80,395,5,94,40,5
"1055","2020-03-21",26,13,100,188,2201,0.521581099500227,0,0,172,561,59,454,16,110,34,16
"1056","2020-03-22",32,13,101,209,2201,0.521581099500227,0,0,172,561,54,508,15,125,30,15
"1057","2020-03-23",50,13,93,224,2201,0.521581099500227,0,0,172,561,67,575,15,140,35,15
"1058","2020-03-24",54,13,96,247,2201,0.521581099500227,0,0,172,561,52,627,12,152,22,12
"1059","2020-03-25",65,13,121,266,2201,0.521581099500227,0,0,172,561,50,677,17,169,34,17
"1060","2020-03-26",68,13,119,275,2201,0.521581099500227,0,0,172,561,41,718,13,182,21,13
"1061","2020-03-27",74,13,136,290,2201,0.521581099500227,0,0,172,561,59,777,9,191,31,9
"1062","2020-03-28",85,13,144,300,2201,0.521581099500227,0,0,172,561,65,842,10,201,37,10
"1063","2020-03-29",85,13,161,314,2201,0.521581099500227,0,0,172,561,75,917,10,211,49,10
"1064","2020-03-30",79,13,172,333,2201,0.521581099500227,0,0,172,561,72,989,7,218,51,7
"1065","2020-03-31",81,13,165,330,2201,0.521581099500227,0,0,172,561,47,1036,7,225,27,7
"1066","2020-04-01",81,13,165,337,2201,0.521581099500227,0,0,172,561,63,1099,11,236,33,11
"1067","2020-04-02",84,13,173,352,2201,0.521581099500227,0,0,172,561,63,1162,10,246,32,10
"1068","2020-04-03",96,13,160,368,2201,0.521581099500227,0,0,172,561,58,1220,14,260,29,14
"1069","2020-04-04",96,13,156,363,2201,0.521581099500227,0,0,172,561,65,1285,11,271,33,11
"1070","2020-04-05",102,13,164,372,2201,0.521581099500227,0,0,172,561,76,1361,12,283,51,12
"1071","2020-04-06",110,13,167,384,2201,0.521581099500227,0,0,172,561,66,1427,15,298,35,15
"1072","2020-04-07",118,13,167,387,2201,0.521581099500227,0,0,172,561,65,1492,28,326,37,28
"1073","2020-04-08",125,13,157,385,2201,0.521581099500227,0,0,172,561,67,1559,45,371,42,45
"1074","2020-04-09",127,13,159,398,2201,0.521581099500227,0,0,172,561,49,1608,24,395,25,24
"1075","2020-04-10",118,13,155,388,2201,0.521581099500227,0,0,172,561,63,1671,29,424,38,29
"1076","2020-04-11",116,13,161,385,2201,0.521581099500227,0,0,172,561,55,1726,30,454,27,30
"1077","2020-04-12",120,13,169,375,2201,0.521581099500227,0,0,172,561,51,1777,25,479,25,25
"1078","2020-04-13",119,13,179,374,2201,0.521581099500227,0,0,172,561,45,1822,36,515,21,36
"1079","2020-04-14",113,13,168,369,2201,0.521581099500227,0,0,172,561,62,1884,35,550,28,35
"1080","2020-04-15",108,13,169,353,2201,0.521581099500227,0,0,172,561,47,1931,19,569,16,19
"1081","2020-04-16",109,13,179,340,2201,0.521581099500227,0,0,172,561,48,1979,23,592,15,23
"1082","2020-04-17",105,13,163,315,2201,0.521581099500227,0,0,172,561,52,2031,17,609,16,17
"1083","2020-04-18",106,13,160,318,2201,0.521581099500227,0,0,172,561,53,2084,13,622,21,13
"1084","2020-04-19",99,13,153,318,2201,0.521581099500227,0,0,172,561,42,2126,13,635,18,13
"1085","2020-04-20",92,13,161,328,2201,0.521581099500227,0,0,172,561,59,2185,18,653,31,18
"1086","2020-04-21",90,13,171,331,2201,0.521581099500227,0,0,172,561,56,2241,11,664,24,11
"1087","2020-04-22",85,13,179,336,2201,0.521581099500227,0,0,172,561,35,2276,26,690,10,26
"1088","2020-04-23",79,13,196,332,2201,0.521581099500227,0,0,172,561,40,2316,20,710,19,20
"1089","2020-04-24",77,13,207,342,2201,0.521581099500227,0,0,172,561,40,2356,34,744,19,34
"1090","2020-04-25",75,13,215,341,2201,0.521581099500227,0,0,172,561,50,2406,37,781,19,37
"1091","2020-04-26",84,13,229,356,2201,0.521581099500227,0,0,172,561,67,2473,33,814,19,33
"1092","2020-04-27",88,13,245,345,2201,0.521581099500227,0,0,172,561,53,2526,26,840,23,26
"1093","2020-04-28",87,13,268,336,2201,0.521581099500227,0,0,172,561,45,2571,14,854,18,14
"1094","2020-04-29",84,13,266,322,2201,0.521581099500227,0,0,172,561,45,2616,25,879,20,25
"1095","2020-04-30",82,13,250,321,2201,0.521581099500227,0,0,172,561,43,2659,18,897,17,18
"1096","2020-05-01",95,13,245,319,2201,0.521581099500227,0,0,172,561,46,2705,34,931,19,34
"1097","2020-05-02",98,13,253,319,2201,0.521581099500227,0,0,172,561,48,2753,16,947,22,16
"1098","2020-05-03",88,13,259,312,2201,0.521581099500227,0,0,172,561,47,2800,42,989,25,42
"1099","2020-05-04",87,13,284,306,2201,0.521581099500227,0,0,172,561,54,2854,35,1024,24,35
"1100","2020-05-05",93,13,279,300,2201,0.521581099500227,0,0,172,561,42,2896,32,1056,16,32
"1101","2020-05-06",96,13,284,294,2201,0.521581099500227,0,0,172,561,41,2937,41,1097,17,41
"1102","2020-05-07",105,13,295,293,2201,0.521581099500227,0,0,172,561,49,2986,16,1113,17,16
"1103","2020-05-08",102,13,285,285,2201,0.521581099500227,0,0,172,561,43,3029,28,1141,13,28
"1104","2020-05-09",97,13,251,280,2201,0.521581099500227,0,0,172,561,41,3070,30,1171,9,30
"1105","2020-05-10",92,13,246,281,2201,0.521581099500227,0,0,172,561,40,3110,36,1207,14,36
"1106","2020-05-11",84,13,240,279,2201,0.521581099500227,0,0,172,561,39,3149,19,1226,12,19
"1107","2020-05-12",81,13,241,281,2201,0.521581099500227,0,0,172,561,43,3192,32,1258,12,32
"1108","2020-05-13",79,13,241,264,2201,0.521581099500227,0,0,172,561,39,3231,21,1279,15,21
"1109","2020-05-14",75,13,227,261,2201,0.521581099500227,0,0,172,561,26,3257,19,1298,11,19
"1110","2020-05-15",65,13,213,241,2201,0.521581099500227,0,0,172,561,28,3285,16,1314,17,16
"1111","2020-05-16",64,13,208,232,2201,0.521581099500227,0,0,172,561,31,3316,20,1334,12,20
"1112","2020-05-17",68,13,204,222,2201,0.521581099500227,0,0,172,561,34,3350,38,1372,9,38
"1113","2020-05-18",69,13,218,220,2201,0.521581099500227,0,0,172,561,27,3377,28,1400,11,28
"1114","2020-05-19",63,13,219,216,2201,0.521581099500227,0,0,172,561,20,3397,15,1415,11,15
"1115","2020-05-20",61,13,254,224,2201,0.521581099500227,0,0,172,561,30,3427,20,1435,14,20
"1116","2020-05-21",58,13,248,220,2201,0.521581099500227,0,0,172,561,22,3449,18,1453,9,18
"1117","2020-05-22",59,13,252,204,2201,0.521581099500227,0,0,172,561,25,3474,19,1472,7,19
"1118","2020-05-23",59,13,247,206,2201,0.521581099500227,0,0,172,561,19,3493,28,1500,10,28
"1119","2020-05-24",56,13,242,206,2201,0.521581099500227,0,0,172,561,19,3512,36,1536,6,36
"1120","2020-05-25",56,13,255,189,2201,0.521581099500227,0,0,172,561,29,3541,27,1563,8,27
"1121","2020-05-26",53,13,256,189,2201,0.521581099500227,0,0,172,561,19,3560,29,1592,9,29
"1122","2020-05-27",56,13,259,173,2201,0.521581099500227,0,0,172,561,15,3575,22,1614,3,22
"1123","2020-05-28",50,13,260,168,2201,0.521581099500227,0,0,172,561,15,3590,15,1629,2,15
"1124","2020-05-29",49,13,248,167,2201,0.521581099500227,0,0,172,561,18,3608,14,1643,6,14
"1125","2020-05-30",46,13,243,159,2201,0.521581099500227,0,0,172,561,13,3621,21,1664,4,21
"1126","2020-05-31",44,13,231,147,2201,0.521581099500227,0,0,172,561,14,3635,8,1672,5,8
"1127","2020-06-01",42,13,218,140,2201,0.521581099500227,0,0,172,561,21,3656,7,1679,8,7
"1128","2020-06-02",41,13,244,140,2201,0.521581099500227,0,0,172,561,12,3668,6,1685,5,6
"1129","2020-06-03",40,13,240,128,2201,0.521581099500227,0,0,172,561,21,3689,11,1696,9,11
"1130","2020-06-04",42,13,270,117,2201,0.521581099500227,0,0,172,561,29,3718,12,1708,12,12
"1131","2020-06-05",36,13,269,112,2201,0.521581099500227,0,0,172,561,14,3732,10,1718,9,10
"1132","2020-06-06",34,13,272,114,2201,0.521581099500227,0,0,172,561,21,3753,14,1732,10,14
"1133","2020-06-07",33,13,257,101,2201,0.521581099500227,0,0,172,561,19,3772,18,1750,10,18
"1134","2020-03-12",1,14,52,29,6468,0.874768089053803,0,0,548,689,33,65,28,44,12,28
"1135","2020-03-13",1,14,57,50,6468,0.874768089053803,0,0,548,689,29,94,36,80,17,36
"1136","2020-03-14",1,14,76,77,6468,0.874768089053803,0,0,548,689,47,141,32,112,34,32
"1137","2020-03-15",2,14,106,108,6468,0.874768089053803,0,0,548,689,74,215,39,151,58,39
"1138","2020-03-16",4,14,121,167,6468,0.874768089053803,0,0,548,689,105,320,23,174,88,23
"1139","2020-03-17",10,14,139,216,6468,0.874768089053803,0,0,548,689,126,446,17,191,110,17
"1140","2020-03-18",12,14,136,263,6468,0.874768089053803,0,0,548,689,121,567,8,199,106,8
"1141","2020-03-19",22,14,129,317,6468,0.874768089053803,0,0,548,689,164,731,31,230,144,31
"1142","2020-03-20",33,14,148,378,6468,0.874768089053803,0,0,548,689,192,923,20,250,175,20
"1143","2020-03-21",42,14,147,443,6468,0.874768089053803,0,0,548,689,255,1178,32,282,240,32
"1144","2020-03-22",58,14,170,523,6468,0.874768089053803,0,0,548,689,245,1423,34,316,224,34
"1145","2020-03-23",79,14,174,588,6468,0.874768089053803,0,0,548,689,377,1800,57,373,360,57
"1146","2020-03-24",98,14,166,706,6468,0.874768089053803,0,0,548,689,406,2206,17,390,394,17
"1147","2020-03-25",118,14,169,809,6468,0.874768089053803,0,0,548,689,463,2669,21,411,449,21
"1148","2020-03-26",130,14,168,887,6468,0.874768089053803,0,0,548,689,422,3091,8,419,410,8
"1149","2020-03-27",151,14,167,967,6468,0.874768089053803,0,0,548,689,511,3602,15,434,499,15
"1150","2020-03-28",182,14,158,1048,6468,0.874768089053803,0,0,548,689,384,3986,42,476,377,42
"1151","2020-03-29",190,14,140,1177,6468,0.874768089053803,0,0,548,689,558,4544,34,510,545,34
"1152","2020-03-30",207,14,139,1283,6468,0.874768089053803,0,0,548,689,366,4910,63,573,356,63
"1153","2020-03-31",224,14,140,1341,6468,0.874768089053803,0,0,548,689,393,5303,60,633,384,60
"1154","2020-04-01",256,14,140,1418,6468,0.874768089053803,0,0,548,689,441,5744,47,680,432,47
"1155","2020-04-02",291,14,139,1502,6468,0.874768089053803,0,0,548,689,326,6070,35,715,323,35
"1156","2020-04-03",328,14,151,1594,6468,0.874768089053803,0,0,548,689,324,6394,11,726,316,11
"1157","2020-04-04",348,14,139,1671,6468,0.874768089053803,0,0,548,689,293,6687,11,737,288,11
"1158","2020-04-05",406,14,145,1701,6468,0.874768089053803,0,0,548,689,183,6870,14,751,177,14
"1159","2020-04-06",431,14,139,1754,6468,0.874768089053803,0,0,548,689,155,7025,34,785,151,34
"1160","2020-04-07",463,14,167,1781,6468,0.874768089053803,0,0,548,689,125,7150,48,833,122,48
"1161","2020-04-08",487,14,160,1819,6468,0.874768089053803,0,0,548,689,95,7245,23,856,89,23
"1162","2020-04-09",499,14,140,1848,6468,0.874768089053803,0,0,548,689,68,7313,48,904,67,48
"1163","2020-04-10",503,14,167,1855,6468,0.874768089053803,0,0,548,689,49,7362,29,933,48,29
"1164","2020-04-11",500,14,169,1857,6468,0.874768089053803,0,0,548,689,58,7420,40,973,54,40
"1165","2020-04-12",493,14,187,1877,6468,0.874768089053803,0,0,548,689,43,7463,29,1002,41,29
"1166","2020-04-13",507,14,202,1847,6468,0.874768089053803,0,0,548,689,22,7485,20,1022,18,20
"1167","2020-04-14",513,14,210,1798,6468,0.874768089053803,0,0,548,689,29,7514,28,1050,27,28
"1168","2020-04-15",501,14,235,1783,6468,0.874768089053803,0,0,548,689,17,7531,14,1064,17,14
"1169","2020-04-16",501,14,239,1747,6468,0.874768089053803,0,0,548,689,21,7552,15,1079,20,15
"1170","2020-04-17",515,14,212,1684,6468,0.874768089053803,0,0,548,689,15,7567,55,1134,13,55
"1171","2020-04-18",533,14,224,1628,6468,0.874768089053803,0,0,548,689,9,7576,40,1174,9,40
"1172","2020-04-19",512,14,244,1581,6468,0.874768089053803,0,0,548,689,16,7592,24,1198,15,24
"1173","2020-04-20",504,14,219,1493,6468,0.874768089053803,0,0,548,689,7,7599,8,1206,3,8
"1174","2020-04-21",485,14,204,1410,6468,0.874768089053803,0,0,548,689,9,7608,11,1217,7,11
"1175","2020-04-22",487,14,187,1353,6468,0.874768089053803,0,0,548,689,6,7614,26,1243,4,26
"1176","2020-04-23",472,14,182,1273,6468,0.874768089053803,0,0,548,689,2,7616,11,1254,2,11
"1177","2020-04-24",442,14,197,1184,6468,0.874768089053803,0,0,548,689,4,7620,11,1265,3,11
"1178","2020-04-25",412,14,194,1064,6468,0.874768089053803,0,0,548,689,3,7623,79,1344,1,79
"1179","2020-04-26",402,14,213,1008,6468,0.874768089053803,0,0,548,689,4,7627,81,1425,1,81
"1180","2020-04-27",372,14,243,974,6468,0.874768089053803,0,0,548,689,3,7630,25,1450,2,25
"1181","2020-04-28",343,14,265,919,6468,0.874768089053803,0,0,548,689,6,7636,13,1463,5,13
"1182","2020-04-29",320,14,248,863,6468,0.874768089053803,0,0,548,689,2,7638,22,1485,2,22
"1183","2020-04-30",297,14,288,797,6468,0.874768089053803,0,0,548,689,6,7644,29,1514,4,29
"1184","2020-05-01",264,14,274,748,6468,0.874768089053803,0,0,548,689,3,7647,17,1531,2,17
"1185","2020-05-02",248,14,265,703,6468,0.874768089053803,0,0,548,689,4,7651,12,1543,2,12
"1186","2020-05-03",232,14,259,650,6468,0.874768089053803,0,0,548,689,3,7654,15,1558,3,15
"1187","2020-05-04",218,14,241,603,6468,0.874768089053803,0,0,548,689,4,7658,14,1572,1,14
"1188","2020-05-05",207,14,231,546,6468,0.874768089053803,0,0,548,689,3,7661,8,1580,1,8
"1189","2020-05-06",180,14,222,530,6468,0.874768089053803,0,0,548,689,2,7663,4,1584,NA,4
"1190","2020-05-07",178,14,216,489,6468,0.874768089053803,0,0,548,689,1,7664,44,1628,NA,44
"1191","2020-05-08",178,14,215,456,6468,0.874768089053803,0,0,548,689,1,7665,25,1653,NA,25
"1192","2020-05-09",168,14,227,428,6468,0.874768089053803,0,0,548,689,4,7669,9,1662,1,9
"1193","2020-05-10",156,14,218,397,6468,0.874768089053803,0,0,548,689,2,7671,19,1681,1,19
"1194","2020-05-11",142,14,211,381,6468,0.874768089053803,0,0,548,689,NA,NA,54,1735,NA,54
"1195","2020-05-12",136,14,206,362,6468,0.874768089053803,0,0,548,689,2,7673,62,1797,NA,62
"1196","2020-05-13",131,14,198,342,6468,0.874768089053803,0,0,548,689,1,7674,52,1849,1,52
"1197","2020-05-14",110,14,205,313,6468,0.874768089053803,0,0,548,689,4,7678,32,1881,1,32
"1198","2020-05-15",98,14,195,291,6468,0.874768089053803,0,0,548,689,1,7679,42,1923,1,42
"1199","2020-05-16",89,14,181,282,6468,0.874768089053803,0,0,548,689,2,7681,41,1964,NA,41
"1200","2020-05-17",91,14,167,274,6468,0.874768089053803,0,0,548,689,3,7684,32,1996,2,32
"1201","2020-05-18",90,14,154,242,6468,0.874768089053803,0,0,548,689,2,7686,47,2043,2,47
"1202","2020-05-19",82,14,146,233,6468,0.874768089053803,0,0,548,689,2,7688,15,2058,1,15
"1203","2020-05-20",77,14,171,215,6468,0.874768089053803,0,0,548,689,NA,NA,13,2071,NA,13
"1204","2020-05-21",74,14,184,205,6468,0.874768089053803,0,0,548,689,NA,NA,23,2094,NA,23
"1205","2020-05-22",69,14,187,199,6468,0.874768089053803,0,0,548,689,2,7690,38,2132,2,38
"1206","2020-05-23",71,14,185,181,6468,0.874768089053803,0,0,548,689,NA,NA,50,2182,NA,50
"1207","2020-05-24",60,14,194,173,6468,0.874768089053803,0,0,548,689,2,7692,21,2203,NA,21
"1208","2020-05-25",55,14,171,160,6468,0.874768089053803,0,0,548,689,NA,NA,23,2226,NA,23
"1209","2020-05-26",58,14,177,162,6468,0.874768089053803,0,0,548,689,1,7693,16,2242,1,16
"1210","2020-05-27",61,14,173,150,6468,0.874768089053803,0,0,548,689,3,7696,33,2275,3,33
"1211","2020-05-28",61,14,177,148,6468,0.874768089053803,0,0,548,689,1,7697,27,2302,NA,27
"1212","2020-05-29",60,14,179,135,6468,0.874768089053803,0,0,548,689,3,7700,11,2313,1,11
"1213","2020-05-30",52,14,183,135,6468,0.874768089053803,0,0,548,689,1,7701,19,2332,1,19
"1214","2020-05-31",49,14,206,131,6468,0.874768089053803,0,0,548,689,6,7707,52,2384,4,52
"1215","2020-06-01",45,14,207,127,6468,0.874768089053803,0,0,548,689,1,7708,25,2409,1,25
"1216","2020-06-02",40,14,196,123,6468,0.874768089053803,0,0,548,689,1,7709,16,2425,1,16
"1217","2020-06-03",38,14,190,116,6468,0.874768089053803,0,0,548,689,1,7710,5,2430,NA,5
"1218","2020-06-04",36,14,193,113,6468,0.874768089053803,0,0,548,689,1,7711,27,2457,NA,27
"1219","2020-06-05",32,14,185,110,6468,0.874768089053803,0,0,548,689,NA,NA,21,2478,NA,21
"1220","2020-06-06",34,14,179,106,6468,0.874768089053803,0,0,548,689,NA,NA,24,2502,NA,24
"1221","2020-06-07",31,14,161,96,6468,0.874768089053803,0,0,548,689,1,7712,30,2532,NA,30
"1222","2020-03-14",2,15,91,225,8747,0.834114553561221,0,0,891,1134,54,222,9,24,4,9
"1223","2020-03-15",10,15,139,322,8747,0.834114553561221,0,0,891,1134,52,274,4,28,16,4
"1224","2020-03-16",21,15,173,446,8747,0.834114553561221,0,0,891,1134,65,339,4,32,28,4
"1225","2020-03-17",37,15,172,599,8747,0.834114553561221,0,0,891,1134,51,390,3,35,21,3
"1226","2020-03-18",61,15,149,804,8747,0.834114553561221,0,0,891,1134,64,454,7,42,24,7
"1227","2020-03-19",84,15,142,1017,8747,0.834114553561221,0,0,891,1134,65,519,12,54,23,12
"1228","2020-03-20",125,15,158,1263,8747,0.834114553561221,0,0,891,1134,68,587,16,70,28,16
"1229","2020-03-21",177,15,157,1611,8747,0.834114553561221,0,0,891,1134,61,648,16,86,27,16
"1230","2020-03-22",227,15,171,2012,8747,0.834114553561221,0,0,891,1134,69,717,10,96,36,10
"1231","2020-03-23",272,15,228,2341,8747,0.834114553561221,0,0,891,1134,67,784,11,107,32,11
"1232","2020-03-24",341,15,253,2860,8747,0.834114553561221,0,0,891,1134,72,856,24,131,37,24
"1233","2020-03-25",421,15,247,3318,8747,0.834114553561221,0,0,891,1134,68,924,25,156,28,25
"1234","2020-03-26",502,15,221,3779,8747,0.834114553561221,0,0,891,1134,71,995,15,171,28,15
"1235","2020-03-27",601,15,232,4163,8747,0.834114553561221,0,0,891,1134,77,1072,22,193,27,22
"1236","2020-03-28",702,15,227,4603,8747,0.834114553561221,0,0,891,1134,63,1135,25,218,23,25
"1237","2020-03-29",840,15,261,4744,8747,0.834114553561221,0,0,891,1134,68,1203,19,237,24,19
"1238","2020-03-30",955,15,257,4836,8747,0.834114553561221,0,0,891,1134,48,1251,20,257,13,20
"1239","2020-03-31",1049,15,257,4855,8747,0.834114553561221,0,0,891,1134,77,1328,35,292,22,35
"1240","2020-04-01",1151,15,280,4797,8747,0.834114553561221,0,0,891,1134,63,1391,32,324,23,32
"1241","2020-04-02",1275,15,295,4656,8747,0.834114553561221,0,0,891,1134,73,1464,22,346,35,22
"1242","2020-04-03",1319,15,291,4445,8747,0.834114553561221,0,0,891,1134,80,1544,11,357,34,11
"1243","2020-04-04",1353,15,310,4109,8747,0.834114553561221,0,0,891,1134,74,1618,9,366,17,9
"1244","2020-04-05",1327,15,332,3801,8747,0.834114553561221,0,0,891,1134,81,1699,12,378,22,12
"1245","2020-04-06",1317,15,337,3448,8747,0.834114553561221,0,0,891,1134,58,1757,14,392,18,14
"1246","2020-04-07",1275,15,309,3059,8747,0.834114553561221,0,0,891,1134,67,1824,27,419,37,27
"1247","2020-04-08",1196,15,256,2644,8747,0.834114553561221,0,0,891,1134,66,1890,15,434,21,15
"1248","2020-04-09",1079,15,217,2267,8747,0.834114553561221,0,0,891,1134,86,1976,14,448,27,14
"1249","2020-04-10",990,15,191,1933,8747,0.834114553561221,0,0,891,1134,72,2048,28,476,24,28
"1250","2020-04-11",881,15,239,1616,8747,0.834114553561221,0,0,891,1134,77,2125,18,494,27,18
"1251","2020-04-12",761,15,263,1316,8747,0.834114553561221,0,0,891,1134,88,2213,17,511,33,17
"1252","2020-04-13",642,15,255,1075,8747,0.834114553561221,0,0,891,1134,82,2295,28,539,31,28
"1253","2020-04-14",546,15,233,893,8747,0.834114553561221,0,0,891,1134,71,2366,32,571,20,32
"1254","2020-04-15",451,15,237,731,8747,0.834114553561221,0,0,891,1134,66,2432,18,589,24,18
"1255","2020-04-16",368,15,236,584,8747,0.834114553561221,0,0,891,1134,72,2504,10,599,20,10
"1256","2020-04-17",291,15,275,486,8747,0.834114553561221,0,0,891,1134,81,2585,13,612,28,13
"1257","2020-04-18",227,15,309,382,8747,0.834114553561221,0,0,891,1134,67,2652,32,644,24,32
"1258","2020-04-19",190,15,274,317,8747,0.834114553561221,0,0,891,1134,78,2730,30,674,27,30
"1259","2020-04-20",160,15,233,269,8747,0.834114553561221,0,0,891,1134,69,2799,11,685,20,11
"1260","2020-04-21",134,15,196,223,8747,0.834114553561221,0,0,891,1134,64,2863,17,702,18,17
"1261","2020-04-22",107,15,184,188,8747,0.834114553561221,0,0,891,1134,72,2935,25,727,26,25
"1262","2020-04-23",82,15,172,151,8747,0.834114553561221,0,0,891,1134,57,2992,21,748,27,21
"1263","2020-04-24",68,15,173,123,8747,0.834114553561221,0,0,891,1134,72,3064,15,763,24,15
"1264","2020-04-25",54,15,201,109,8747,0.834114553561221,0,0,891,1134,64,3128,13,776,17,13
"1265","2020-04-26",44,15,213,102,8747,0.834114553561221,0,0,891,1134,60,3188,25,801,17,25
"1266","2020-04-27",37,15,193,85,8747,0.834114553561221,0,0,891,1134,63,3251,17,818,16,17
"1267","2020-04-28",24,15,186,71,8747,0.834114553561221,0,0,891,1134,61,3312,26,844,18,26
"1268","2020-04-29",21,15,251,62,8747,0.834114553561221,0,0,891,1134,58,3370,10,854,21,10
"1269","2020-04-30",19,15,249,63,8747,0.834114553561221,0,0,891,1134,54,3424,44,898,17,44
"1270","2020-05-01",15,15,250,51,8747,0.834114553561221,0,0,891,1134,47,3471,20,918,11,20
"1271","2020-05-02",16,15,264,46,8747,0.834114553561221,0,0,891,1134,65,3536,17,935,19,17
"1272","2020-05-03",17,15,276,53,8747,0.834114553561221,0,0,891,1134,50,3586,8,943,13,8
"1273","2020-05-04",13,15,310,49,8747,0.834114553561221,0,0,891,1134,41,3627,16,959,9,16
"1274","2020-05-05",14,15,280,49,8747,0.834114553561221,0,0,891,1134,53,3680,28,987,7,28
"1275","2020-05-06",14,15,254,50,8747,0.834114553561221,0,0,891,1134,49,3729,17,1004,9,17
"1276","2020-05-07",14,15,226,46,8747,0.834114553561221,0,0,891,1134,50,3779,13,1017,17,13
"1277","2020-05-08",16,15,219,51,8747,0.834114553561221,0,0,891,1134,56,3835,6,1023,13,6
"1278","2020-05-09",16,15,205,48,8747,0.834114553561221,0,0,891,1134,40,3875,5,1028,6,5
"1279","2020-05-10",15,15,232,42,8747,0.834114553561221,0,0,891,1134,55,3930,4,1032,18,4
"1280","2020-05-11",19,15,213,39,8747,0.834114553561221,0,0,891,1134,35,3965,8,1040,7,8
"1281","2020-05-12",17,15,199,37,8747,0.834114553561221,0,0,891,1134,57,4022,8,1048,10,8
"1282","2020-05-13",16,15,192,36,8747,0.834114553561221,0,0,891,1134,41,4063,48,1096,8,48
"1283","2020-05-14",16,15,193,32,8747,0.834114553561221,0,0,891,1134,42,4105,29,1125,8,29
"1284","2020-05-15",14,15,225,31,8747,0.834114553561221,0,0,891,1134,36,4141,15,1140,12,15
"1285","2020-05-16",12,15,252,30,8747,0.834114553561221,0,0,891,1134,32,4173,39,1179,8,39
"1286","2020-05-17",12,15,246,25,8747,0.834114553561221,0,0,891,1134,30,4203,36,1215,10,36
"1287","2020-05-18",8,15,229,24,8747,0.834114553561221,0,0,891,1134,37,4240,35,1250,9,35
"1288","2020-05-19",7,15,199,22,8747,0.834114553561221,0,0,891,1134,29,4269,37,1287,10,37
"1289","2020-05-20",8,15,178,24,8747,0.834114553561221,0,0,891,1134,32,4301,19,1306,5,19
"1290","2020-05-21",11,15,205,24,8747,0.834114553561221,0,0,891,1134,42,4343,27,1333,11,27
"1291","2020-05-22",12,15,200,26,8747,0.834114553561221,0,0,891,1134,25,4368,15,1348,6,15
"1292","2020-05-23",13,15,201,26,8747,0.834114553561221,0,0,891,1134,22,4390,19,1367,4,19
"1293","2020-05-24",10,15,256,29,8747,0.834114553561221,0,0,891,1134,26,4416,13,1380,7,13
"1294","2020-05-25",10,15,298,27,8747,0.834114553561221,0,0,891,1134,25,4441,11,1391,6,11
"1295","2020-05-26",10,15,259,26,8747,0.834114553561221,0,0,891,1134,24,4465,25,1416,8,25
"1296","2020-05-27",9,15,244,25,8747,0.834114553561221,0,0,891,1134,35,4500,25,1441,9,25
"1297","2020-05-28",5,15,280,25,8747,0.834114553561221,0,0,891,1134,28,4528,22,1463,7,22
"1298","2020-05-29",4,15,241,22,8747,0.834114553561221,0,0,891,1134,23,4551,21,1484,3,21
"1299","2020-05-30",2,15,221,21,8747,0.834114553561221,0,0,891,1134,25,4576,15,1499,6,15
"1300","2020-05-31",2,15,201,19,8747,0.834114553561221,0,0,891,1134,15,4591,26,1525,4,26
"1301","2020-06-01",3,15,216,19,8747,0.834114553561221,0,0,891,1134,31,4622,17,1542,11,17
"1302","2020-06-02",4,15,263,16,8747,0.834114553561221,0,0,891,1134,23,4645,19,1561,7,19
"1303","2020-06-03",3,15,254,17,8747,0.834114553561221,0,0,891,1134,17,4662,9,1570,7,9
"1304","2020-06-04",4,15,255,17,8747,0.834114553561221,0,0,891,1134,16,4678,19,1589,6,19
"1305","2020-06-05",5,15,239,15,8747,0.834114553561221,0,0,891,1134,17,4695,17,1606,4,17
"1306","2020-06-06",6,15,212,15,8747,0.834114553561221,0,0,891,1134,20,4715,7,1613,5,7
"1307","2020-06-07",8,15,201,13,8747,0.834114553561221,0,0,891,1134,12,4727,11,1624,5,11
"1308","2020-03-14",4,16,82,70,3151,0.599174865122183,0,0,275,900,50,166,31,88,13,31
"1309","2020-03-15",5,16,86,94,3151,0.599174865122183,0,0,275,900,39,205,30,118,14,30
"1310","2020-03-16",9,16,90,113,3151,0.599174865122183,0,0,275,900,59,264,39,157,22,39
"1311","2020-03-17",9,16,111,155,3151,0.599174865122183,0,0,275,900,54,318,45,202,30,45
"1312","2020-03-18",12,16,141,177,3151,0.599174865122183,0,0,275,900,54,372,53,255,22,53
"1313","2020-03-19",16,16,162,203,3151,0.599174865122183,0,0,275,900,43,415,57,312,21,57
"1314","2020-03-20",25,16,158,228,3151,0.599174865122183,0,0,275,900,72,487,65,377,42,65
"1315","2020-03-21",27,16,164,254,3151,0.599174865122183,0,0,275,900,59,546,43,420,26,43
"1316","2020-03-22",34,16,186,291,3151,0.599174865122183,0,0,275,900,58,604,32,452,29,32
"1317","2020-03-23",41,16,179,299,3151,0.599174865122183,0,0,275,900,45,649,54,506,17,54
"1318","2020-03-24",62,16,170,324,3151,0.599174865122183,0,0,275,900,66,715,47,553,32,47
"1319","2020-03-25",69,16,179,342,3151,0.599174865122183,0,0,275,900,51,766,47,600,30,47
"1320","2020-03-26",77,16,175,359,3151,0.599174865122183,0,0,275,900,66,832,31,631,27,31
"1321","2020-03-27",81,16,153,379,3151,0.599174865122183,0,0,275,900,48,880,44,675,30,44
"1322","2020-03-28",89,16,149,409,3151,0.599174865122183,0,0,275,900,65,945,34,709,32,34
"1323","2020-03-29",89,16,177,436,3151,0.599174865122183,0,0,275,900,55,1000,33,742,23,33
"1324","2020-03-30",92,16,207,457,3151,0.599174865122183,0,0,275,900,65,1065,28,770,30,28
"1325","2020-03-31",99,16,187,478,3151,0.599174865122183,0,0,275,900,67,1132,40,810,28,40
"1326","2020-04-01",107,16,167,492,3151,0.599174865122183,0,0,275,900,72,1204,42,852,40,42
"1327","2020-04-02",114,16,158,523,3151,0.599174865122183,0,0,275,900,63,1267,35,887,30,35
"1328","2020-04-03",132,16,164,537,3151,0.599174865122183,0,0,275,900,62,1329,31,918,27,31
"1329","2020-04-04",144,16,167,538,3151,0.599174865122183,0,0,275,900,67,1396,35,953,33,35
"1330","2020-04-05",155,16,157,546,3151,0.599174865122183,0,0,275,900,65,1461,50,1003,25,50
"1331","2020-04-06",167,16,163,574,3151,0.599174865122183,0,0,275,900,69,1530,56,1059,38,56
"1332","2020-04-07",161,16,183,555,3151,0.599174865122183,0,0,275,900,65,1595,36,1095,24,36
"1333","2020-04-08",171,16,187,559,3151,0.599174865122183,0,0,275,900,69,1664,34,1129,36,34
"1334","2020-04-09",175,16,184,561,3151,0.599174865122183,0,0,275,900,62,1726,38,1167,31,38
"1335","2020-04-10",165,16,173,550,3151,0.599174865122183,0,0,275,900,76,1802,36,1203,31,36
"1336","2020-04-11",161,16,175,546,3151,0.599174865122183,0,0,275,900,64,1866,24,1227,35,24
"1337","2020-04-12",166,16,202,541,3151,0.599174865122183,0,0,275,900,59,1925,33,1260,30,33
"1338","2020-04-13",161,16,198,532,3151,0.599174865122183,0,0,275,900,85,2010,33,1293,38,33
"1339","2020-04-14",166,16,214,524,3151,0.599174865122183,0,0,275,900,56,2066,39,1332,22,39
"1340","2020-04-15",155,16,207,536,3151,0.599174865122183,0,0,275,900,62,2128,40,1372,29,40
"1341","2020-04-16",156,16,231,529,3151,0.599174865122183,0,0,275,900,72,2200,60,1432,39,60
"1342","2020-04-17",150,16,232,517,3151,0.599174865122183,0,0,275,900,70,2270,72,1504,35,72
"1343","2020-04-18",146,16,239,528,3151,0.599174865122183,0,0,275,900,62,2332,60,1564,27,60
"1344","2020-04-19",145,16,238,509,3151,0.599174865122183,0,0,275,900,60,2392,41,1605,19,41
"1345","2020-04-20",146,16,235,502,3151,0.599174865122183,0,0,275,900,56,2448,65,1670,17,65
"1346","2020-04-21",144,16,248,487,3151,0.599174865122183,0,0,275,900,63,2511,73,1743,23,73
"1347","2020-04-22",152,16,233,492,3151,0.599174865122183,0,0,275,900,70,2581,46,1789,27,46
"1348","2020-04-23",150,16,225,498,3151,0.599174865122183,0,0,275,900,67,2648,47,1836,28,47
"1349","2020-04-24",153,16,251,490,3151,0.599174865122183,0,0,275,900,68,2716,22,1858,30,22
"1350","2020-04-25",153,16,280,496,3151,0.599174865122183,0,0,275,900,65,2781,30,1888,28,30
"1351","2020-04-26",147,16,300,489,3151,0.599174865122183,0,0,275,900,70,2851,33,1921,28,33
"1352","2020-04-27",145,16,287,480,3151,0.599174865122183,0,0,275,900,50,2901,23,1944,23,23
"1353","2020-04-28",135,16,272,479,3151,0.599174865122183,0,0,275,900,53,2954,33,1977,23,33
"1354","2020-04-29",134,16,273,463,3151,0.599174865122183,0,0,275,900,62,3016,31,2008,29,31
"1355","2020-04-30",131,16,262,462,3151,0.599174865122183,0,0,275,900,55,3071,27,2035,24,27
"1356","2020-05-01",136,16,253,447,3151,0.599174865122183,0,0,275,900,37,3108,27,2062,18,27
"1357","2020-05-02",137,16,251,420,3151,0.599174865122183,0,0,275,900,55,3163,51,2113,21,51
"1358","2020-05-03",142,16,246,419,3151,0.599174865122183,0,0,275,900,36,3199,47,2160,15,47
"1359","2020-05-04",138,16,227,421,3151,0.599174865122183,0,0,275,900,54,3253,35,2195,19,35
"1360","2020-05-05",137,16,217,397,3151,0.599174865122183,0,0,275,900,61,3314,27,2222,23,27
"1361","2020-05-06",132,16,205,385,3151,0.599174865122183,0,0,275,900,51,3365,24,2246,14,24
"1362","2020-05-07",132,16,189,387,3151,0.599174865122183,0,0,275,900,44,3409,36,2282,16,36
"1363","2020-05-08",122,16,227,386,3151,0.599174865122183,0,0,275,900,60,3469,59,2341,26,59
"1364","2020-05-09",121,16,212,368,3151,0.599174865122183,0,0,275,900,50,3519,49,2390,18,49
"1365","2020-05-10",116,16,202,362,3151,0.599174865122183,0,0,275,900,52,3571,40,2430,23,40
"1366","2020-05-11",109,16,186,357,3151,0.599174865122183,0,0,275,900,47,3618,63,2493,15,63
"1367","2020-05-12",113,16,203,356,3151,0.599174865122183,0,0,275,900,37,3655,66,2559,14,66
"1368","2020-05-13",105,16,202,349,3151,0.599174865122183,0,0,275,900,37,3692,59,2618,21,59
"1369","2020-05-14",102,16,175,355,3151,0.599174865122183,0,0,275,900,41,3733,41,2659,18,41
"1370","2020-05-15",106,16,166,346,3151,0.599174865122183,0,0,275,900,35,3768,36,2695,7,36
"1371","2020-05-16",101,16,159,337,3151,0.599174865122183,0,0,275,900,45,3813,53,2748,15,53
"1372","2020-05-17",101,16,160,331,3151,0.599174865122183,0,0,275,900,40,3853,40,2788,17,40
"1373","2020-05-18",103,16,172,313,3151,0.599174865122183,0,0,275,900,34,3887,60,2848,7,60
"1374","2020-05-19",94,16,187,306,3151,0.599174865122183,0,0,275,900,37,3924,43,2891,15,43
"1375","2020-05-20",100,16,186,299,3151,0.599174865122183,0,0,275,900,32,3956,51,2942,11,51
"1376","2020-05-21",96,16,216,283,3151,0.599174865122183,0,0,275,900,35,3991,49,2991,16,49
"1377","2020-05-22",93,16,206,277,3151,0.599174865122183,0,0,275,900,40,4031,37,3028,16,37
"1378","2020-05-23",94,16,191,274,3151,0.599174865122183,0,0,275,900,30,4061,70,3098,9,70
"1379","2020-05-24",88,16,170,275,3151,0.599174865122183,0,0,275,900,27,4088,52,3150,9,52
"1380","2020-05-25",84,16,162,279,3151,0.599174865122183,0,0,275,900,32,4120,41,3191,16,41
"1381","2020-05-26",87,16,173,268,3151,0.599174865122183,0,0,275,900,24,4144,47,3238,12,47
"1382","2020-05-27",82,16,194,266,3151,0.599174865122183,0,0,275,900,21,4165,49,3287,10,49
"1383","2020-05-28",81,16,206,255,3151,0.599174865122183,0,0,275,900,33,4198,35,3322,8,35
"1384","2020-05-29",81,16,200,262,3151,0.599174865122183,0,0,275,900,25,4223,45,3367,10,45
"1385","2020-05-30",75,16,214,248,3151,0.599174865122183,0,0,275,900,16,4239,45,3412,4,45
"1386","2020-05-31",72,16,195,243,3151,0.599174865122183,0,0,275,900,17,4256,40,3452,6,40
"1387","2020-06-01",79,16,189,230,3151,0.599174865122183,0,0,275,900,23,4279,24,3476,7,24
"1388","2020-06-02",76,16,182,227,3151,0.599174865122183,0,0,275,900,27,4306,49,3525,12,49
"1389","2020-06-03",69,16,176,217,3151,0.599174865122183,0,0,275,900,17,4323,47,3572,7,47
"1390","2020-06-04",66,16,160,216,3151,0.599174865122183,0,0,275,900,18,4341,49,3621,6,49
"1391","2020-06-05",65,16,166,207,3151,0.599174865122183,0,0,275,900,16,4357,33,3654,9,33
"1392","2020-06-06",68,16,161,207,3151,0.599174865122183,0,0,275,900,17,4374,46,3700,8,46
"1393","2020-06-07",66,16,158,193,3151,0.599174865122183,0,0,275,900,16,4390,24,3724,8,24
"1394","2020-03-12",1,17,41,50,3384,0.304078014184397,0,0,260,802,7,11,24,57,2,24
"1395","2020-03-13",1,17,79,79,3384,0.304078014184397,0,0,260,802,19,30,46,103,12,46
"1396","2020-03-14",1,17,94,111,3384,0.304078014184397,0,0,260,802,21,51,32,135,15,32
"1397","2020-03-15",1,17,98,134,3384,0.304078014184397,0,0,260,802,38,89,20,155,34,20
"1398","2020-03-16",11,17,119,177,3384,0.304078014184397,0,0,260,802,30,119,10,165,25,10
"1399","2020-03-17",17,17,144,225,3384,0.304078014184397,0,0,260,802,45,164,11,176,37,11
"1400","2020-03-18",23,17,150,257,3384,0.304078014184397,0,0,260,802,55,219,8,184,51,8
"1401","2020-03-19",32,17,175,290,3384,0.304078014184397,0,0,260,802,56,275,11,195,54,11
"1402","2020-03-20",45,17,171,324,3384,0.304078014184397,0,0,260,802,95,370,6,201,89,6
"1403","2020-03-21",63,17,191,359,3384,0.304078014184397,0,0,260,802,64,434,31,232,58,31
"1404","2020-03-22",76,17,200,383,3384,0.304078014184397,0,0,260,802,113,547,52,284,102,52
"1405","2020-03-23",86,17,189,410,3384,0.304078014184397,0,0,260,802,138,685,52,336,135,52
"1406","2020-03-24",92,17,163,426,3384,0.304078014184397,0,0,260,802,138,823,44,380,136,44
"1407","2020-03-25",108,17,151,423,3384,0.304078014184397,0,0,260,802,167,990,41,421,163,41
"1408","2020-03-26",118,17,167,438,3384,0.304078014184397,0,0,260,802,194,1184,21,442,189,21
"1409","2020-03-27",119,17,172,450,3384,0.304078014184397,0,0,260,802,201,1385,11,453,194,11
"1410","2020-03-28",117,17,194,455,3384,0.304078014184397,0,0,260,802,257,1642,8,461,252,8
"1411","2020-03-29",118,17,191,445,3384,0.304078014184397,0,0,260,802,246,1888,5,466,240,5
"1412","2020-03-30",118,17,163,445,3384,0.304078014184397,0,0,260,802,249,2137,7,473,242,7
"1413","2020-03-31",127,17,149,449,3384,0.304078014184397,0,0,260,802,342,2479,12,485,337,12
"1414","2020-04-01",124,17,133,464,3384,0.304078014184397,0,0,260,802,302,2781,44,529,300,44
"1415","2020-04-02",117,17,115,453,3384,0.304078014184397,0,0,260,802,364,3145,32,561,361,32
"1416","2020-04-03",120,17,99,454,3384,0.304078014184397,0,0,260,802,390,3535,22,583,386,22
"1417","2020-04-04",121,17,101,466,3384,0.304078014184397,0,0,260,802,363,3898,11,594,357,11
"1418","2020-04-05",122,17,102,481,3384,0.304078014184397,0,0,260,802,392,4290,39,633,388,39
"1419","2020-04-06",118,17,126,488,3384,0.304078014184397,0,0,260,802,314,4604,24,657,313,24
"1420","2020-04-07",111,17,133,515,3384,0.304078014184397,0,0,260,802,348,4952,24,681,347,24
"1421","2020-04-08",107,17,127,525,3384,0.304078014184397,0,0,260,802,299,5251,51,732,297,51
"1422","2020-04-09",116,17,153,522,3384,0.304078014184397,0,0,260,802,303,5554,38,770,302,38
"1423","2020-04-10",122,17,165,539,3384,0.304078014184397,0,0,260,802,233,5787,47,817,230,47
"1424","2020-04-11",136,17,159,537,3384,0.304078014184397,0,0,260,802,204,5991,32,849,202,32
"1425","2020-04-12",143,17,190,544,3384,0.304078014184397,0,0,260,802,187,6178,26,875,184,26
"1426","2020-04-13",145,17,195,538,3384,0.304078014184397,0,0,260,802,150,6328,34,909,149,34
"1427","2020-04-14",149,17,197,532,3384,0.304078014184397,0,0,260,802,124,6452,33,942,123,33
"1428","2020-04-15",152,17,240,521,3384,0.304078014184397,0,0,260,802,134,6586,24,966,133,24
"1429","2020-04-16",154,17,271,523,3384,0.304078014184397,0,0,260,802,86,6672,42,1008,86,42
"1430","2020-04-17",152,17,293,514,3384,0.304078014184397,0,0,260,802,102,6774,55,1063,101,55
"1431","2020-04-18",139,17,273,508,3384,0.304078014184397,0,0,260,802,70,6844,44,1107,69,44
"1432","2020-04-19",141,17,274,483,3384,0.304078014184397,0,0,260,802,64,6908,19,1126,63,19
"1433","2020-04-20",143,17,250,457,3384,0.304078014184397,0,0,260,802,58,6966,34,1160,57,34
"1434","2020-04-21",143,17,227,449,3384,0.304078014184397,0,0,260,802,40,7006,37,1197,38,37
"1435","2020-04-22",148,17,193,436,3384,0.304078014184397,0,0,260,802,43,7049,25,1222,41,25
"1436","2020-04-23",144,17,184,436,3384,0.304078014184397,0,0,260,802,29,7078,49,1271,29,49
"1437","2020-04-24",140,17,208,437,3384,0.304078014184397,0,0,260,802,37,7115,62,1333,37,62
"1438","2020-04-25",144,17,206,435,3384,0.304078014184397,0,0,260,802,23,7138,46,1379,20,46
"1439","2020-04-26",132,17,192,440,3384,0.304078014184397,0,0,260,802,22,7160,56,1435,21,56
"1440","2020-04-27",132,17,190,440,3384,0.304078014184397,0,0,260,802,16,7176,55,1490,14,55
"1441","2020-04-28",135,17,181,432,3384,0.304078014184397,0,0,260,802,13,7189,53,1543,12,53
"1442","2020-04-29",132,17,162,431,3384,0.304078014184397,0,0,260,802,18,7207,57,1600,17,57
"1443","2020-04-30",134,17,155,438,3384,0.304078014184397,0,0,260,802,13,7220,42,1642,13,42
"1444","2020-05-01",128,17,207,445,3384,0.304078014184397,0,0,260,802,13,7233,28,1670,13,28
"1445","2020-05-02",115,17,225,457,3384,0.304078014184397,0,0,260,802,11,7244,13,1683,10,13
"1446","2020-05-03",123,17,260,453,3384,0.304078014184397,0,0,260,802,6,7250,11,1694,6,11
"1447","2020-05-04",124,17,247,462,3384,0.304078014184397,0,0,260,802,8,7258,11,1705,7,11
"1448","2020-05-05",121,17,253,469,3384,0.304078014184397,0,0,260,802,10,7268,22,1727,8,22
"1449","2020-05-06",123,17,230,475,3384,0.304078014184397,0,0,260,802,6,7274,34,1761,6,34
"1450","2020-05-07",120,17,217,466,3384,0.304078014184397,0,0,260,802,7,7281,44,1805,4,44
"1451","2020-05-08",126,17,224,465,3384,0.304078014184397,0,0,260,802,5,7286,20,1825,5,20
"1452","2020-05-09",134,17,207,459,3384,0.304078014184397,0,0,260,802,4,7290,76,1901,4,76
"1453","2020-05-10",136,17,220,443,3384,0.304078014184397,0,0,260,802,4,7294,46,1947,4,46
"1454","2020-05-11",122,17,238,443,3384,0.304078014184397,0,0,260,802,8,7302,57,2004,8,57
"1455","2020-05-12",122,17,224,449,3384,0.304078014184397,0,0,260,802,4,7306,62,2066,4,62
"1456","2020-05-13",116,17,238,442,3384,0.304078014184397,0,0,260,802,7,7313,21,2087,6,21
"1457","2020-05-14",116,17,227,444,3384,0.304078014184397,0,0,260,802,5,7318,13,2100,3,13
"1458","2020-05-15",119,17,241,440,3384,0.304078014184397,0,0,260,802,4,7322,21,2121,3,21
"1459","2020-05-16",112,17,244,419,3384,0.304078014184397,0,0,260,802,7,7329,33,2154,3,33
"1460","2020-05-17",102,17,249,401,3384,0.304078014184397,0,0,260,802,NA,NA,23,2177,NA,23
"1461","2020-05-18",123,17,226,400,3384,0.304078014184397,0,0,260,802,2,7331,33,2210,2,33
"1462","2020-05-19",128,17,203,394,3384,0.304078014184397,0,0,260,802,3,7334,23,2233,3,23
"1463","2020-05-20",123,17,177,381,3384,0.304078014184397,0,0,260,802,1,7335,20,2253,1,20
"1464","2020-05-21",121,17,166,360,3384,0.304078014184397,0,0,260,802,2,7337,52,2305,NA,52
"1465","2020-05-22",113,17,149,350,3384,0.304078014184397,0,0,260,802,5,7342,45,2350,5,45
"1466","2020-05-23",124,17,143,322,3384,0.304078014184397,0,0,260,802,2,7344,25,2375,2,25
"1467","2020-05-24",123,17,141,310,3384,0.304078014184397,0,0,260,802,2,7346,22,2397,2,22
"1468","2020-05-25",106,17,164,310,3384,0.304078014184397,0,0,260,802,4,7350,38,2435,4,38
"1469","2020-05-26",96,17,198,294,3384,0.304078014184397,0,0,260,802,2,7352,26,2461,1,26
"1470","2020-05-27",97,17,238,269,3384,0.304078014184397,0,0,260,802,3,7355,24,2485,3,24
"1471","2020-05-28",91,17,259,268,3384,0.304078014184397,0,0,260,802,2,7357,42,2527,1,42
"1472","2020-05-29",85,17,224,251,3384,0.304078014184397,0,0,260,802,3,7360,39,2566,2,39
"1473","2020-05-30",80,17,195,243,3384,0.304078014184397,0,0,260,802,5,7365,23,2589,2,23
"1474","2020-05-31",81,17,200,241,3384,0.304078014184397,0,0,260,802,1,7366,29,2618,1,29
"1475","2020-06-01",74,17,187,225,3384,0.304078014184397,0,0,260,802,1,7367,10,2628,NA,10
"1476","2020-06-02",71,17,182,211,3384,0.304078014184397,0,0,260,802,NA,NA,9,2637,NA,9
"1477","2020-06-03",72,17,180,210,3384,0.304078014184397,0,0,260,802,NA,NA,11,2648,NA,11
"1478","2020-06-04",72,17,191,205,3384,0.304078014184397,0,0,260,802,2,7369,23,2671,1,23
"1479","2020-06-05",73,17,175,194,3384,0.304078014184397,0,0,260,802,NA,NA,20,2691,NA,20
"1480","2020-06-06",68,17,203,194,3384,0.304078014184397,0,0,260,802,NA,NA,31,2722,NA,31
"1481","2020-06-07",62,17,191,190,3384,0.304078014184397,0,0,260,802,2,7371,20,2742,2,20
"1482","2020-03-13",1,18,107,49,3311,0.632135306553911,0,0,285,1135,13,30,25,67,6,25
"1483","2020-03-14",3,18,111,76,3311,0.632135306553911,0,0,285,1135,11,41,13,80,3,13
"1484","2020-03-15",6,18,130,102,3311,0.632135306553911,0,0,285,1135,15,56,11,91,1,11
"1485","2020-03-16",9,18,149,123,3311,0.632135306553911,0,0,285,1135,9,65,7,98,3,7
"1486","2020-03-17",17,18,149,144,3311,0.632135306553911,0,0,285,1135,17,82,9,107,9,9
"1487","2020-03-18",23,18,151,170,3311,0.632135306553911,0,0,285,1135,9,91,5,112,7,5
"1488","2020-03-19",32,18,167,197,3311,0.632135306553911,0,0,285,1135,21,112,1,113,9,1
"1489","2020-03-20",33,18,153,222,3311,0.632135306553911,0,0,285,1135,11,123,7,120,7,7
"1490","2020-03-21",36,18,140,255,3311,0.632135306553911,0,0,285,1135,18,141,32,152,12,32
"1491","2020-03-22",45,18,176,281,3311,0.632135306553911,0,0,285,1135,21,162,14,166,11,14
"1492","2020-03-23",49,18,163,300,3311,0.632135306553911,0,0,285,1135,17,179,16,182,12,16
"1493","2020-03-24",50,18,156,313,3311,0.632135306553911,0,0,285,1135,12,191,27,209,8,27
"1494","2020-03-25",58,18,135,328,3311,0.632135306553911,0,0,285,1135,30,221,31,240,17,31
"1495","2020-03-26",64,18,130,351,3311,0.632135306553911,0,0,285,1135,22,243,49,289,13,49
"1496","2020-03-27",78,18,116,363,3311,0.632135306553911,0,0,285,1135,28,271,32,321,20,32
"1497","2020-03-28",91,18,167,393,3311,0.632135306553911,0,0,285,1135,16,287,29,350,10,29
"1498","2020-03-29",100,18,192,423,3311,0.632135306553911,0,0,285,1135,27,314,14,364,18,14
"1499","2020-03-30",109,18,222,445,3311,0.632135306553911,0,0,285,1135,24,338,8,372,12,8
"1500","2020-03-31",115,18,205,450,3311,0.632135306553911,0,0,285,1135,31,369,13,385,18,13
"1501","2020-04-01",121,18,193,461,3311,0.632135306553911,0,0,285,1135,30,399,11,396,19,11
"1502","2020-04-02",123,18,169,474,3311,0.632135306553911,0,0,285,1135,23,422,40,436,16,40
"1503","2020-04-03",125,18,188,490,3311,0.632135306553911,0,0,285,1135,28,450,46,482,21,46
"1504","2020-04-04",132,18,200,515,3311,0.632135306553911,0,0,285,1135,31,481,24,506,21,24
"1505","2020-04-05",136,18,191,522,3311,0.632135306553911,0,0,285,1135,35,516,21,527,24,21
"1506","2020-04-06",139,18,174,523,3311,0.632135306553911,0,0,285,1135,24,540,11,538,21,11
"1507","2020-04-07",134,18,155,522,3311,0.632135306553911,0,0,285,1135,32,572,6,544,23,6
"1508","2020-04-08",141,18,137,530,3311,0.632135306553911,0,0,285,1135,32,604,18,562,24,18
"1509","2020-04-09",152,18,183,545,3311,0.632135306553911,0,0,285,1135,29,633,28,590,19,28
"1510","2020-04-10",156,18,174,542,3311,0.632135306553911,0,0,285,1135,34,667,19,609,25,19
"1511","2020-04-11",160,18,186,526,3311,0.632135306553911,0,0,285,1135,38,705,17,626,32,17
"1512","2020-04-12",160,18,182,511,3311,0.632135306553911,0,0,285,1135,32,737,45,671,22,45
"1513","2020-04-13",160,18,173,499,3311,0.632135306553911,0,0,285,1135,31,768,59,730,24,59
"1514","2020-04-14",172,18,146,502,3311,0.632135306553911,0,0,285,1135,28,796,26,756,17,26
"1515","2020-04-15",169,18,161,488,3311,0.632135306553911,0,0,285,1135,43,839,33,789,28,33
"1516","2020-04-16",165,18,154,496,3311,0.632135306553911,0,0,285,1135,26,865,33,822,19,33
"1517","2020-04-17",159,18,136,491,3311,0.632135306553911,0,0,285,1135,31,896,43,865,20,43
"1518","2020-04-18",149,18,122,489,3311,0.632135306553911,0,0,285,1135,27,923,32,897,18,32
"1519","2020-04-19",148,18,121,501,3311,0.632135306553911,0,0,285,1135,21,944,24,921,10,24
"1520","2020-04-20",148,18,111,493,3311,0.632135306553911,0,0,285,1135,26,970,16,937,17,16
"1521","2020-04-21",144,18,100,486,3311,0.632135306553911,0,0,285,1135,27,997,29,966,18,29
"1522","2020-04-22",146,18,98,496,3311,0.632135306553911,0,0,285,1135,21,1018,15,981,7,15
"1523","2020-04-23",142,18,109,518,3311,0.632135306553911,0,0,285,1135,28,1046,10,991,15,10
"1524","2020-04-24",155,18,101,511,3311,0.632135306553911,0,0,285,1135,27,1073,7,998,14,7
"1525","2020-04-25",160,18,104,512,3311,0.632135306553911,0,0,285,1135,31,1104,49,1047,14,49
"1526","2020-04-26",156,18,141,518,3311,0.632135306553911,0,0,285,1135,30,1134,56,1103,17,56
"1527","2020-04-27",155,18,163,526,3311,0.632135306553911,0,0,285,1135,32,1166,28,1131,21,28
"1528","2020-04-28",158,18,213,531,3311,0.632135306553911,0,0,285,1135,29,1195,19,1150,21,19
"1529","2020-04-29",154,18,211,535,3311,0.632135306553911,0,0,285,1135,28,1223,13,1163,19,13
"1530","2020-04-30",161,18,238,526,3311,0.632135306553911,0,0,285,1135,28,1251,42,1205,20,42
"1531","2020-05-01",151,18,259,511,3311,0.632135306553911,0,0,285,1135,29,1280,31,1236,15,31
"1532","2020-05-02",143,18,264,524,3311,0.632135306553911,0,0,285,1135,31,1311,34,1270,24,34
"1533","2020-05-03",144,18,239,529,3311,0.632135306553911,0,0,285,1135,22,1333,29,1299,17,29
"1534","2020-05-04",143,18,218,504,3311,0.632135306553911,0,0,285,1135,33,1366,20,1319,22,20
"1535","2020-05-05",142,18,243,509,3311,0.632135306553911,0,0,285,1135,25,1391,8,1327,20,8
"1536","2020-05-06",133,18,215,489,3311,0.632135306553911,0,0,285,1135,14,1405,20,1347,9,20
"1537","2020-05-07",124,18,202,475,3311,0.632135306553911,0,0,285,1135,26,1431,34,1381,16,34
"1538","2020-05-08",120,18,168,463,3311,0.632135306553911,0,0,285,1135,24,1455,35,1416,11,35
"1539","2020-05-09",127,18,178,447,3311,0.632135306553911,0,0,285,1135,20,1475,36,1452,14,36
"1540","2020-05-10",127,18,171,418,3311,0.632135306553911,0,0,285,1135,21,1496,43,1495,15,43
"1541","2020-05-11",125,18,163,392,3311,0.632135306553911,0,0,285,1135,19,1515,23,1518,12,23
"1542","2020-05-12",118,18,152,393,3311,0.632135306553911,0,0,285,1135,29,1544,24,1542,16,24
"1543","2020-05-13",118,18,154,396,3311,0.632135306553911,0,0,285,1135,31,1575,32,1574,15,32
"1544","2020-05-14",113,18,189,381,3311,0.632135306553911,0,0,285,1135,14,1589,27,1601,8,27
"1545","2020-05-15",117,18,198,368,3311,0.632135306553911,0,0,285,1135,17,1606,49,1650,7,49
"1546","2020-05-16",110,18,188,364,3311,0.632135306553911,0,0,285,1135,20,1626,22,1672,10,22
"1547","2020-05-17",106,18,168,366,3311,0.632135306553911,0,0,285,1135,12,1638,14,1686,5,14
"1548","2020-05-18",105,18,150,373,3311,0.632135306553911,0,0,285,1135,30,1668,10,1696,19,10
"1549","2020-05-19",105,18,128,371,3311,0.632135306553911,0,0,285,1135,21,1689,31,1727,15,31
"1550","2020-05-20",104,18,125,358,3311,0.632135306553911,0,0,285,1135,23,1712,25,1752,17,25
"1551","2020-05-21",106,18,141,363,3311,0.632135306553911,0,0,285,1135,18,1730,31,1783,12,31
"1552","2020-05-22",101,18,179,355,3311,0.632135306553911,0,0,285,1135,16,1746,31,1814,10,31
"1553","2020-05-23",93,18,160,356,3311,0.632135306553911,0,0,285,1135,17,1763,29,1843,13,29
"1554","2020-05-24",95,18,156,363,3311,0.632135306553911,0,0,285,1135,17,1780,28,1871,11,28
"1555","2020-05-25",107,18,148,345,3311,0.632135306553911,0,0,285,1135,20,1800,36,1907,15,36
"1556","2020-05-26",108,18,190,332,3311,0.632135306553911,0,0,285,1135,19,1819,35,1942,12,35
"1557","2020-05-27",113,18,190,327,3311,0.632135306553911,0,0,285,1135,14,1833,39,1981,9,39
"1558","2020-05-28",113,18,176,312,3311,0.632135306553911,0,0,285,1135,15,1848,23,2004,12,23
"1559","2020-05-29",109,18,159,311,3311,0.632135306553911,0,0,285,1135,15,1863,26,2030,6,26
"1560","2020-05-30",111,18,130,292,3311,0.632135306553911,0,0,285,1135,13,1876,22,2052,6,22
"1561","2020-05-31",98,18,122,286,3311,0.632135306553911,0,0,285,1135,17,1893,36,2088,10,36
"1562","2020-06-01",81,18,136,274,3311,0.632135306553911,0,0,285,1135,14,1907,21,2109,5,21
"1563","2020-06-02",74,18,163,264,3311,0.632135306553911,0,0,285,1135,20,1927,14,2123,16,14
"1564","2020-06-03",66,18,196,255,3311,0.632135306553911,0,0,285,1135,13,1940,27,2150,12,27
"1565","2020-06-04",62,18,207,252,3311,0.632135306553911,0,0,285,1135,11,1951,16,2166,9,16
"1566","2020-06-05",71,18,200,238,3311,0.632135306553911,0,0,285,1135,18,1969,23,2189,15,23
"1567","2020-06-06",71,18,197,228,3311,0.632135306553911,0,0,285,1135,14,1983,33,2222,8,33
"1568","2020-06-07",72,18,184,215,3311,0.632135306553911,0,0,285,1135,10,1993,19,2241,8,19
"1569","2020-03-13",1,19,44,76,3244,0.261405672009864,0,0,282,531,39,107,5,49,8,5
"1570","2020-03-14",5,19,55,101,3244,0.261405672009864,0,0,282,531,29,136,4,53,6,4
"1571","2020-03-15",8,19,51,136,3244,0.261405672009864,0,0,282,531,45,181,5,58,18,5
"1572","2020-03-16",17,19,68,170,3244,0.261405672009864,0,0,282,531,50,231,26,84,20,26
"1573","2020-03-17",21,19,75,203,3244,0.261405672009864,0,0,282,531,57,288,9,93,32,9
"1574","2020-03-18",25,19,71,230,3244,0.261405672009864,0,0,282,531,48,336,5,98,26,5
"1575","2020-03-19",35,19,61,263,3244,0.261405672009864,0,0,282,531,58,394,3,101,27,3
"1576","2020-03-20",45,19,58,288,3244,0.261405672009864,0,0,282,531,59,453,2,103,32,2
"1577","2020-03-21",54,19,70,313,3244,0.261405672009864,0,0,282,531,78,531,13,116,43,13
"1578","2020-03-22",59,19,84,340,3244,0.261405672009864,0,0,282,531,65,596,27,143,34,27
"1579","2020-03-23",65,19,104,363,3244,0.261405672009864,0,0,282,531,76,672,44,187,47,44
"1580","2020-03-24",72,19,123,384,3244,0.261405672009864,0,0,282,531,75,747,17,204,50,17
"1581","2020-03-25",83,19,123,400,3244,0.261405672009864,0,0,282,531,60,807,10,214,39,10
"1582","2020-03-26",92,19,156,408,3244,0.261405672009864,0,0,282,531,80,887,6,220,52,6
"1583","2020-03-27",97,19,151,420,3244,0.261405672009864,0,0,282,531,89,976,4,224,52,4
"1584","2020-03-28",102,19,174,429,3244,0.261405672009864,0,0,282,531,89,1065,14,238,53,14
"1585","2020-03-29",118,19,186,427,3244,0.261405672009864,0,0,282,531,78,1143,23,261,56,23
"1586","2020-03-30",115,19,202,427,3244,0.261405672009864,0,0,282,531,78,1221,45,306,50,45
"1587","2020-03-31",129,19,196,425,3244,0.261405672009864,0,0,282,531,80,1301,53,359,51,53
"1588","2020-04-01",128,19,183,439,3244,0.261405672009864,0,0,282,531,95,1396,44,403,56,44
"1589","2020-04-02",125,19,182,442,3244,0.261405672009864,0,0,282,531,71,1467,46,449,42,46
"1590","2020-04-03",119,19,186,441,3244,0.261405672009864,0,0,282,531,62,1529,29,478,35,29
"1591","2020-04-04",113,19,187,445,3244,0.261405672009864,0,0,282,531,71,1600,36,514,32,36
"1592","2020-04-05",106,19,184,438,3244,0.261405672009864,0,0,282,531,40,1640,36,550,17,36
"1593","2020-04-06",116,19,186,433,3244,0.261405672009864,0,0,282,531,63,1703,33,583,23,33
"1594","2020-04-07",115,19,167,434,3244,0.261405672009864,0,0,282,531,60,1763,40,623,30,40
"1595","2020-04-08",117,19,188,433,3244,0.261405672009864,0,0,282,531,43,1806,26,649,24,26
"1596","2020-04-09",112,19,197,429,3244,0.261405672009864,0,0,282,531,53,1859,15,664,25,15
"1597","2020-04-10",120,19,230,441,3244,0.261405672009864,0,0,282,531,55,1914,13,677,32,13
"1598","2020-04-11",123,19,226,441,3244,0.261405672009864,0,0,282,531,52,1966,11,688,17,11
"1599","2020-04-12",120,19,204,435,3244,0.261405672009864,0,0,282,531,52,2018,60,748,23,60
"1600","2020-04-13",116,19,199,444,3244,0.261405672009864,0,0,282,531,53,2071,27,775,19,27
"1601","2020-04-14",103,19,178,444,3244,0.261405672009864,0,0,282,531,59,2130,35,810,30,35
"1602","2020-04-15",102,19,167,451,3244,0.261405672009864,0,0,282,531,43,2173,23,833,19,23
"1603","2020-04-16",110,19,177,445,3244,0.261405672009864,0,0,282,531,49,2222,8,841,13,8
"1604","2020-04-17",113,19,162,436,3244,0.261405672009864,0,0,282,531,42,2264,36,877,15,36
"1605","2020-04-18",120,19,140,445,3244,0.261405672009864,0,0,282,531,63,2327,29,906,16,29
"1606","2020-04-19",129,19,129,459,3244,0.261405672009864,0,0,282,531,54,2381,21,927,21,21
"1607","2020-04-20",130,19,149,466,3244,0.261405672009864,0,0,282,531,58,2439,56,983,25,56
"1608","2020-04-21",138,19,138,470,3244,0.261405672009864,0,0,282,531,37,2476,52,1035,15,52
"1609","2020-04-22",146,19,139,471,3244,0.261405672009864,0,0,282,531,50,2526,31,1066,15,31
"1610","2020-04-23",150,19,166,472,3244,0.261405672009864,0,0,282,531,54,2580,18,1084,26,18
"1611","2020-04-24",146,19,199,491,3244,0.261405672009864,0,0,282,531,51,2631,14,1098,16,14
"1612","2020-04-25",142,19,228,497,3244,0.261405672009864,0,0,282,531,40,2671,21,1119,16,21
"1613","2020-04-26",144,19,225,507,3244,0.261405672009864,0,0,282,531,58,2729,34,1153,31,34
"1614","2020-04-27",146,19,218,516,3244,0.261405672009864,0,0,282,531,40,2769,66,1219,12,66
"1615","2020-04-28",146,19,195,513,3244,0.261405672009864,0,0,282,531,48,2817,61,1280,17,61
"1616","2020-04-29",143,19,181,508,3244,0.261405672009864,0,0,282,531,34,2851,26,1306,8,26
"1617","2020-04-30",146,19,201,513,3244,0.261405672009864,0,0,282,531,44,2895,27,1333,17,27
"1618","2020-05-01",148,19,215,495,3244,0.261405672009864,0,0,282,531,43,2938,63,1396,11,63
"1619","2020-05-02",149,19,218,489,3244,0.261405672009864,0,0,282,531,38,2976,62,1458,16,62
"1620","2020-05-03",147,19,225,482,3244,0.261405672009864,0,0,282,531,49,3025,46,1504,15,46
"1621","2020-05-04",150,19,235,484,3244,0.261405672009864,0,0,282,531,55,3080,62,1566,15,62
"1622","2020-05-05",150,19,215,482,3244,0.261405672009864,0,0,282,531,41,3121,42,1608,11,42
"1623","2020-05-06",144,19,199,475,3244,0.261405672009864,0,0,282,531,40,3161,34,1642,11,34
"1624","2020-05-07",132,19,180,467,3244,0.261405672009864,0,0,282,531,31,3192,37,1679,6,37
"1625","2020-05-08",134,19,156,447,3244,0.261405672009864,0,0,282,531,41,3233,26,1705,11,26
"1626","2020-05-09",128,19,126,449,3244,0.261405672009864,0,0,282,531,45,3278,7,1712,13,7
"1627","2020-05-10",121,19,128,433,3244,0.261405672009864,0,0,282,531,27,3305,6,1718,4,6
"1628","2020-05-11",117,19,129,415,3244,0.261405672009864,0,0,282,531,52,3357,11,1729,16,11
"1629","2020-05-12",124,19,133,414,3244,0.261405672009864,0,0,282,531,34,3391,10,1739,11,10
"1630","2020-05-13",128,19,150,412,3244,0.261405672009864,0,0,282,531,42,3433,40,1779,21,40
"1631","2020-05-14",127,19,165,400,3244,0.261405672009864,0,0,282,531,28,3461,46,1825,14,46
"1632","2020-05-15",117,19,198,383,3244,0.261405672009864,0,0,282,531,34,3495,20,1845,12,20
"1633","2020-05-16",117,19,187,386,3244,0.261405672009864,0,0,282,531,23,3518,9,1854,9,9
"1634","2020-05-17",110,19,176,370,3244,0.261405672009864,0,0,282,531,32,3550,13,1867,11,13
"1635","2020-05-18",108,19,191,372,3244,0.261405672009864,0,0,282,531,32,3582,7,1874,15,7
"1636","2020-05-19",102,19,182,358,3244,0.261405672009864,0,0,282,531,34,3616,13,1887,15,13
"1637","2020-05-20",95,19,172,345,3244,0.261405672009864,0,0,282,531,36,3652,48,1935,16,48
"1638","2020-05-21",91,19,151,336,3244,0.261405672009864,0,0,282,531,29,3681,41,1976,10,41
"1639","2020-05-22",92,19,128,324,3244,0.261405672009864,0,0,282,531,35,3716,31,2007,11,31
"1640","2020-05-23",91,19,122,323,3244,0.261405672009864,0,0,282,531,24,3740,14,2021,12,14
"1641","2020-05-24",99,19,129,302,3244,0.261405672009864,0,0,282,531,31,3771,44,2065,13,44
"1642","2020-05-25",96,19,117,300,3244,0.261405672009864,0,0,282,531,21,3792,41,2106,9,41
"1643","2020-05-26",83,19,115,285,3244,0.261405672009864,0,0,282,531,30,3822,32,2138,16,32
"1644","2020-05-27",82,19,134,279,3244,0.261405672009864,0,0,282,531,31,3853,45,2183,10,45
"1645","2020-05-28",87,19,119,269,3244,0.261405672009864,0,0,282,531,17,3870,22,2205,4,22
"1646","2020-05-29",83,19,118,263,3244,0.261405672009864,0,0,282,531,23,3893,15,2220,11,15
"1647","2020-05-30",82,19,112,248,3244,0.261405672009864,0,0,282,531,27,3920,13,2233,12,13
"1648","2020-05-31",71,19,100,230,3244,0.261405672009864,0,0,282,531,21,3941,20,2253,10,20
"1649","2020-06-01",71,19,84,232,3244,0.261405672009864,0,0,282,531,17,3958,23,2276,7,23
"1650","2020-06-02",73,19,78,225,3244,0.261405672009864,0,0,282,531,15,3973,30,2306,4,30
"1651","2020-06-03",75,19,75,228,3244,0.261405672009864,0,0,282,531,15,3988,24,2330,7,24
"1652","2020-06-04",73,19,74,209,3244,0.261405672009864,0,0,282,531,14,4002,14,2344,5,14
"1653","2020-06-05",74,19,72,210,3244,0.261405672009864,0,0,282,531,23,4025,23,2367,10,23
"1654","2020-06-06",66,19,69,202,3244,0.261405672009864,0,0,282,531,12,4037,27,2394,3,27
"1655","2020-06-07",67,19,72,198,3244,0.261405672009864,0,0,282,531,14,4051,36,2430,8,36
"1656","2020-03-13",1,20,82,25,4375,0.882742857142857,0,0,389,842,8,40,17,35,3,17
"1657","2020-03-14",1,20,81,34,4375,0.882742857142857,0,0,389,842,12,52,17,52,5,17
"1658","2020-03-15",1,20,82,39,4375,0.882742857142857,0,0,389,842,15,67,24,76,7,24
"1659","2020-03-16",2,20,70,60,4375,0.882742857142857,0,0,389,842,25,92,25,101,11,25
"1660","2020-03-17",5,20,72,87,4375,0.882742857142857,0,0,389,842,13,105,22,123,5,22
"1661","2020-03-18",6,20,63,101,4375,0.882742857142857,0,0,389,842,25,130,13,136,12,13
"1662","2020-03-19",12,20,72,129,4375,0.882742857142857,0,0,389,842,25,155,14,150,13,14
"1663","2020-03-20",16,20,76,158,4375,0.882742857142857,0,0,389,842,33,188,26,176,23,26
"1664","2020-03-21",26,20,74,183,4375,0.882742857142857,0,0,389,842,23,211,14,190,11,14
"1665","2020-03-22",32,20,81,206,4375,0.882742857142857,0,0,389,842,24,235,17,207,12,17
"1666","2020-03-23",39,20,92,231,4375,0.882742857142857,0,0,389,842,25,260,14,221,15,14
"1667","2020-03-24",43,20,77,262,4375,0.882742857142857,0,0,389,842,36,296,15,236,24,15
"1668","2020-03-25",51,20,86,276,4375,0.882742857142857,0,0,389,842,33,329,31,267,19,31
"1669","2020-03-26",54,20,120,315,4375,0.882742857142857,0,0,389,842,30,359,16,283,20,16
"1670","2020-03-27",61,20,124,340,4375,0.882742857142857,0,0,389,842,40,399,35,318,26,35
"1671","2020-03-28",67,20,127,377,4375,0.882742857142857,0,0,389,842,24,423,24,342,16,24
"1672","2020-03-29",81,20,124,411,4375,0.882742857142857,0,0,389,842,37,460,37,379,25,37
"1673","2020-03-30",101,20,107,452,4375,0.882742857142857,0,0,389,842,35,495,38,417,21,38
"1674","2020-03-31",110,20,127,481,4375,0.882742857142857,0,0,389,842,25,520,28,445,18,28
"1675","2020-04-01",118,20,169,514,4375,0.882742857142857,0,0,389,842,38,558,30,475,19,30
"1676","2020-04-02",126,20,212,572,4375,0.882742857142857,0,0,389,842,41,599,32,507,23,32
"1677","2020-04-03",138,20,213,606,4375,0.882742857142857,0,0,389,842,40,639,26,533,26,26
"1678","2020-04-04",155,20,244,630,4375,0.882742857142857,0,0,389,842,26,665,31,564,19,31
"1679","2020-04-05",153,20,250,649,4375,0.882742857142857,0,0,389,842,41,706,30,594,27,30
"1680","2020-04-06",155,20,244,670,4375,0.882742857142857,0,0,389,842,37,743,33,627,19,33
"1681","2020-04-07",169,20,236,700,4375,0.882742857142857,0,0,389,842,29,772,26,653,15,26
"1682","2020-04-08",175,20,225,739,4375,0.882742857142857,0,0,389,842,33,805,29,682,19,29
"1683","2020-04-09",183,20,226,766,4375,0.882742857142857,0,0,389,842,47,852,27,709,34,27
"1684","2020-04-10",186,20,209,765,4375,0.882742857142857,0,0,389,842,31,883,27,736,18,27
"1685","2020-04-11",187,20,193,782,4375,0.882742857142857,0,0,389,842,27,910,34,770,20,34
"1686","2020-04-12",199,20,217,791,4375,0.882742857142857,0,0,389,842,24,934,32,802,12,32
"1687","2020-04-13",199,20,222,813,4375,0.882742857142857,0,0,389,842,29,963,35,837,14,35
"1688","2020-04-14",200,20,210,812,4375,0.882742857142857,0,0,389,842,36,999,32,869,20,32
"1689","2020-04-15",205,20,189,823,4375,0.882742857142857,0,0,389,842,21,1020,32,901,14,32
"1690","2020-04-16",216,20,181,837,4375,0.882742857142857,0,0,389,842,29,1049,33,934,12,33
"1691","2020-04-17",216,20,156,832,4375,0.882742857142857,0,0,389,842,23,1072,20,954,11,20
"1692","2020-04-18",208,20,161,857,4375,0.882742857142857,0,0,389,842,41,1113,28,982,21,28
"1693","2020-04-19",223,20,161,879,4375,0.882742857142857,0,0,389,842,39,1152,20,1002,18,20
"1694","2020-04-20",228,20,151,905,4375,0.882742857142857,0,0,389,842,39,1191,29,1031,21,29
"1695","2020-04-21",224,20,182,903,4375,0.882742857142857,0,0,389,842,29,1220,37,1068,23,37
"1696","2020-04-22",225,20,184,931,4375,0.882742857142857,0,0,389,842,31,1251,38,1106,14,38
"1697","2020-04-23",231,20,181,936,4375,0.882742857142857,0,0,389,842,28,1279,43,1149,17,43
"1698","2020-04-24",258,20,200,949,4375,0.882742857142857,0,0,389,842,42,1321,40,1189,14,40
"1699","2020-04-25",271,20,196,937,4375,0.882742857142857,0,0,389,842,23,1344,41,1230,10,41
"1700","2020-04-26",253,20,178,938,4375,0.882742857142857,0,0,389,842,29,1373,47,1277,18,47
"1701","2020-04-27",257,20,175,926,4375,0.882742857142857,0,0,389,842,25,1398,55,1332,17,55
"1702","2020-04-28",282,20,230,898,4375,0.882742857142857,0,0,389,842,32,1430,60,1392,14,60
"1703","2020-04-29",289,20,267,899,4375,0.882742857142857,0,0,389,842,28,1458,58,1450,20,58
"1704","2020-04-30",271,20,259,897,4375,0.882742857142857,0,0,389,842,29,1487,33,1483,11,33
"1705","2020-05-01",256,20,205,886,4375,0.882742857142857,0,0,389,842,29,1516,41,1524,11,41
"1706","2020-05-02",257,20,197,875,4375,0.882742857142857,0,0,389,842,29,1545,53,1577,13,53
"1707","2020-05-03",270,20,224,864,4375,0.882742857142857,0,0,389,842,23,1568,50,1627,10,50
"1708","2020-05-04",269,20,206,848,4375,0.882742857142857,0,0,389,842,25,1593,52,1679,11,52
"1709","2020-05-05",244,20,185,820,4375,0.882742857142857,0,0,389,842,30,1623,44,1723,10,44
"1710","2020-05-06",239,20,176,776,4375,0.882742857142857,0,0,389,842,22,1645,56,1779,10,56
"1711","2020-05-07",251,20,163,759,4375,0.882742857142857,0,0,389,842,29,1674,51,1830,17,51
"1712","2020-05-08",253,20,150,738,4375,0.882742857142857,0,0,389,842,17,1691,47,1877,14,47
"1713","2020-05-09",247,20,138,736,4375,0.882742857142857,0,0,389,842,28,1719,29,1906,11,29
"1714","2020-05-10",232,20,182,709,4375,0.882742857142857,0,0,389,842,18,1737,37,1943,6,37
"1715","2020-05-11",230,20,197,683,4375,0.882742857142857,0,0,389,842,25,1762,41,1984,15,41
"1716","2020-05-12",228,20,200,648,4375,0.882742857142857,0,0,389,842,30,1792,33,2017,17,33
"1717","2020-05-13",223,20,215,621,4375,0.882742857142857,0,0,389,842,15,1807,40,2057,7,40
"1718","2020-05-14",204,20,204,572,4375,0.882742857142857,0,0,389,842,23,1830,28,2085,12,28
"1719","2020-05-15",190,20,180,548,4375,0.882742857142857,0,0,389,842,15,1845,32,2117,3,32
"1720","2020-05-16",181,20,164,527,4375,0.882742857142857,0,0,389,842,14,1859,36,2153,4,36
"1721","2020-05-17",178,20,192,481,4375,0.882742857142857,0,0,389,842,17,1876,38,2191,6,38
"1722","2020-05-18",162,20,204,463,4375,0.882742857142857,0,0,389,842,22,1898,37,2228,10,37
"1723","2020-05-19",159,20,234,432,4375,0.882742857142857,0,0,389,842,20,1918,34,2262,8,34
"1724","2020-05-20",157,20,234,408,4375,0.882742857142857,0,0,389,842,27,1945,50,2312,20,50
"1725","2020-05-21",159,20,208,388,4375,0.882742857142857,0,0,389,842,21,1966,45,2357,9,45
"1726","2020-05-22",156,20,174,371,4375,0.882742857142857,0,0,389,842,8,1974,45,2402,5,45
"1727","2020-05-23",137,20,156,344,4375,0.882742857142857,0,0,389,842,19,1993,39,2441,9,39
"1728","2020-05-24",128,20,124,321,4375,0.882742857142857,0,0,389,842,17,2010,39,2480,9,39
"1729","2020-05-25",121,20,112,289,4375,0.882742857142857,0,0,389,842,14,2024,57,2537,9,57
"1730","2020-05-26",113,20,106,285,4375,0.882742857142857,0,0,389,842,17,2041,45,2582,9,45
"1731","2020-05-27",98,20,99,273,4375,0.882742857142857,0,0,389,842,11,2052,42,2624,4,42
"1732","2020-05-28",82,20,89,255,4375,0.882742857142857,0,0,389,842,13,2065,42,2666,9,42
"1733","2020-05-29",74,20,87,238,4375,0.882742857142857,0,0,389,842,17,2082,28,2694,7,28
"1734","2020-05-30",77,20,96,212,4375,0.882742857142857,0,0,389,842,9,2091,44,2738,1,44
"1735","2020-05-31",76,20,127,190,4375,0.882742857142857,0,0,389,842,10,2101,38,2776,6,38
"1736","2020-06-01",69,20,127,181,4375,0.882742857142857,0,0,389,842,8,2109,32,2808,6,32
"1737","2020-06-02",63,20,106,178,4375,0.882742857142857,0,0,389,842,15,2124,47,2855,4,47
"1738","2020-06-03",65,20,100,180,4375,0.882742857142857,0,0,389,842,6,2130,40,2895,5,40
"1739","2020-06-04",72,20,101,167,4375,0.882742857142857,0,0,389,842,8,2138,49,2944,3,49
"1740","2020-06-05",62,20,103,164,4375,0.882742857142857,0,0,389,842,7,2145,41,2985,4,41
"1741","2020-06-06",54,20,107,159,4375,0.882742857142857,0,0,389,842,9,2154,46,3031,3,46
"1742","2020-06-07",50,20,100,152,4375,0.882742857142857,0,0,389,842,3,2157,30,3061,2,30
